pluvio/pluvio-290.asc
ncols         252
nrows         154
xllcorner     -0.5
yllcorner     -153.5
cellsize      1
NODATA_value  -9999
[rows 0 to 82 of 154, columns 0 to 95 of 252]
73 81 89 97 103 106 108 111 114 116 119 120 120 120 120 121 121 121 123 127 130 134 138 141 145 145 143 141 139 137 135 133 122 107 92 77 62 47 32 29 30 31 31 32 33 34 42 52 62 72 82 92 102 110 116 123 130 137 144 150 132 110 89 67 45 23 2 1 2 4 5 6 7 8 8 8 8 9 9 9 9 8 7 7 6 6 5 5 5 4 4 4 4 4 4 4
78 87 97 106 112 114 116 118 119 121 123 125 125 126 127 127 128 129 131 133 136 139 141 144 147 147 147 146 146 145 145 144 132 116 99 83 66 50 33 29 30 30 30 31 31 31 40 51 63 74 85 96 108 119 129 140 151 162 172 183 161 134 108 81 55 28 2 1 2 4 5 6 7 9 9 9 9 9 9 9 9 8 7 7 6 5 5 4 4 4 4 4 4 4 4 4
83 94 104 115 121 122 123 124 125 127 128 129 130 132 133 134 136 137 139 140 142 144 145 147 149 150 151 152 153 153 154 155 143 125 107 89 71 53 35 30 30 29 29 29 28 28 38 50 63 75 88 101 113 127 142 157 171 186 201 216 190 158 127 96 64 33 2 1 2 4 5 6 7 9 9 9 9 9 9 9 9 8 7 7 6 5 4 4 4 4 4 4 4 4 5 4
89 100 112 124 130 130 130 131 131 132 132 133 135 137 139 141 143 145 146 147 148 149 149 150 151 153 155 157 159 162 164 166 153 134 114 95 75 56 36 30 30 29 28 27 26 25 36 49 63 77 91 105 118 136 155 174 192 211 229 248 218 182 146 110 74 38 2 1 2 4 5 6 8 9 9 9 9 9 9 9 9 8 7 7 6 5 4 3 4 4 4 4 5 5 5 5
93 105 117 129 135 134 134 134 134 134 134 135 138 140 142 145 147 149 150 150 150 150 150 150 150 152 155 157 160 162 165 167 154 134 115 95 75 56 36 30 29 28 27 25 24 23 34 47 61 74 88 102 115 135 157 179 200 222 243 265 233 195 156 118 79 41 2 1 2 4 5 6 7 9 9 9 9 9 9 9 9 8 7 6 6 5 4 3 4 4 4 4 5 5 5 5
95 107 119 131 136 136 135 135 135 135 134 135 138 140 143 145 148 150 151 150 150 149 149 148 147 148 150 152 154 156 157 159 147 128 109 91 72 54 35 29 28 27 26 25 24 22 32 44 56 68 80 92 104 126 149 173 196 220 244 267 235 197 158 119 81 42 3 2 3 4 5 6 7 8 8 8 8 8 8 8 8 7 7 6 5 5 4 4 4 4 4 4 4 5 5 4
97 109 121 132 138 137 136 136 135 135 134 135 138 141 143 146 149 151 152 150 149 148 147 145 144 145 146 147 148 149 150 151 139 122 104 86 69 51 34 28 27 26 25 24 23 22 30 40 51 62 72 83 93 116 142 167 193 218 244 269 238 199 160 121 82 43 4 2 3 4 5 5 6 7 7 7 7 7 7 7 7 7 6 6 5 5 4 4 4 4 4 4 4 5 5 4
100 111 123 134 139 138 137 137 136 135 134 136 138 141 144 147 149 152 152 150 149 147 145 143 141 141 141 142 142 142 143 143 132 115 99 82 66 49 33 28 26 25 24 23 22 21 28 37 46 55 64 73 82 107 134 162 189 217 244 272 240 201 161 122 83 44 5 2 3 4 4 5 6 6 7 7 7 7 7 7 7 6 6 6 5 5 4 4 4 4 4 4 4 4 4 4
102 113 125 136 141 140 138 137 136 135 134 136 138 141 144 147 150 153 153 150 148 145 143 141 138 137 137 136 136 136 136 135 124 109 93 78 62 47 31 27 26 25 24 22 21 20 26 34 41 49 56 64 71 97 127 156 185 215 244 274 242 203 163 124 84 45 5 3 3 4 4 5 5 6 6 6 6 6 6 6 6 6 5 5 5 5 5 4 4 4 4 4 4 4 4 4
104 115 126 137 142 141 140 138 137 136 134 136 139 142 145 148 151 154 153 150 147 144 141 138 135 133 132 131 130 129 128 127 117 102 88 73 59 45 30 26 25 24 23 22 21 20 24 30 36 42 48 54 60 88 119 150 182 213 245 276 244 205 165 125 85 46 6 3 4 4 4 4 5 5 5 5 5 5 5 5 5 5 5 5 5 5 5 5 5 5 4 4 4 4 4 3
107 118 128 139 144 142 141 139 137 136 134 136 139 142 145 149 152 155 154 150 147 143 139 136 132 130 128 126 124 123 121 119 109 96 83 69 56 42 29 25 24 23 22 21 20 19 22 27 31 36 40 45 49 78 111 145 178 212 245 278 247 207 167 127 87 47 7 4 4 4 4 4 4 4 4 4 4 4 4 4 5 5 5 5 5 5 5 5 5 5 5 4 4 4 4 3
109 119 130 141 146 144 143 141 140 138 137 138 140 142 145 147 149 152 150 146 143 139 135 131 127 125 123 122 120 118 117 115 105 92 79 66 53 40 27 23 22 21 20 19 18 17 20 24 28 31 35 39 43 71 104 137 169 202 235 268 238 199 161 122 84 45 7 4 4 4 4 4 4 4 4 4 4 4 4 4 4 4 5 5 5 5 5 5 5 5 5 5 4 4 4 3
110 121 132 143 148 147 146 145 144 143 142 142 142 143 143 144 145 145 143 140 136 132 129 125 121 119 118 117 116 115 114 114 104 91 78 65 52 39 25 21 20 19 18 17 16 15 18 22 25 29 32 36 39 65 96 126 157 187 218 248 220 185 149 113 78 42 7 4 4 4 4 4 4 4 4 4 4 4 4 4 4 4 5 5 5 5 6 6 6 6 5 5 5 5 5 4
111 122 134 145 150 149 149 148 148 147 146 145 144 143 142 141 140 139 136 133 129 126 122 119 115 114 113 113 113 113 112 112 103 90 76 63 50 37 24 19 18 17 16 15 14 13 16 19 23 26 29 33 36 60 88 116 144 172 200 228 203 170 137 105 72 39 7 4 4 4 4 4 4 4 4 4 4 4 4 4 4 5 5 5 5 6 6 6 6 6 6 6 6 5 5 5
112 124 135 147 152 152 152 152 151 151 151 149 146 144 141 138 135 133 129 126 123 119 116 112 109 108 109 109 109 110 110 111 101 88 75 61 48 35 22 17 16 15 14 13 12 11 14 17 20 23 26 29 32 55 80 106 132 157 183 209 185 155 126 96 66 36 6 4 4 4 4 4 4 4 4 4 4 4 4 4 4 5 5 5 6 6 6 7 7 7 6 6 6 6 6 5
113 125 137 149 155 155 155 155 155 155 156 153 149 144 140 135 131 126 122 119 116 113 109 106 103 103 104 105 106 107 108 109 100 87 73 60 46 33 20 16 14 13 12 11 10 9 11 14 17 20 23 26 29 49 72 96 119 142 166 189 168 141 114 87 60 33 6 4 4 4 4 5 5 5 5 4 4 4 4 4 4 5 5 6 6 6 7 7 7 7 7 7 7 7 6 6
114 127 139 151 157 158 158 159 159 160 160 157 151 144 138 132 126 120 115 112 109 106 103 100 97 97 99 101 102 104 106 108 99 85 72 58 45 31 18 14 12 11 10 9 8 7 9 12 15 17 20 23 26 44 65 86 106 127 148 169 150 126 102 78 54 30 6 4 4 5 5 5 5 5 5 5 5 4 4 4 4 5 5 6 6 7 7 8 8 7 7 7 7 7 7 7
116 128 140 153 159 160 161 162 163 164 165 161 153 145 137 129 121 113 108 105 103 100 97 94 91 92 94 96 99 101 104 106 97 84 70 57 43 29 16 12 11 9 8 7 6 5 7 10 12 15 17 20 22 38 57 75 94 112 131 150 133 112 91 69 48 27 6 4 5 5 5 5 5 5 5 5 5 5 4 4 4 5 5 6 7 7 8 8 8 8 8 8 8 8 8 7
115 127 139 151 157 157 158 158 159 159 160 156 148 140 132 124 117 109 104 101 98 95 93 90 87 88 91 93 96 99 102 105 96 82 69 55 42 28 15 10 9 8 7 6 5 4 6 8 11 13 16 18 20 35 51 67 83 100 116 132 118 99 80 62 43 24 6 5 5 5 5 5 5 5 5 5 5 5 5 5 5 6 6 7 7 8 8 9 9 9 8 8 8 8 8 8
112 124 135 147 152 151 151 150 150 149 149 145 138 132 125 119 112 106 101 98 96 93 90 87 84 85 88 91 94 97 100 103 95 81 68 54 41 27 14 10 9 8 7 6 5 4 6 8 11 13 15 17 20 32 46 60 74 89 103 117 104 88 71 55 38 22 6 5 5 5 5 6 6 6 6 6 6 7 7 7 7 7 8 8 8 9 9 9 9 9 9 9 9 9 8 8
110 121 132 142 147 145 144 142 141 139 138 134 129 124 118 113 108 103 99 96 93 90 87 84 81 82 85 89 92 95 98 101 93 80 67 53 40 27 13 9 9 8 7 6 5 4 6 8 10 12 15 17 19 29 41 53 65 77 89 101 90 76 62 48 34 20 5 5 5 5 6 6 6 7 7 7 8 8 8 9 9 9 9 9 10 10 10 10 10 10 10 9 9 9 9 8
108 118 128 138 141 139 137 134 132 129 127 124 120 116 112 108 104 100 96 93 90 87 84 81 78 79 83 86 90 93 96 100 92 78 65 52 39 26 13 9 8 7 7 6 5 4 6 8 10 12 14 16 18 27 37 46 56 66 76 86 76 65 53 41 29 17 5 5 5 6 6 7 7 7 8 8 9 9 10 10 11 11 11 11 11 11 11 11 11 10 10 10 10 9 9 8
106 115 124 133 136 133 129 126 123 119 116 113 110 107 105 102 99 96 94 90 87 84 81 78 75 77 80 84 87 91 95 98 90 77 64 51 38 25 12 8 8 7 6 6 5 4 6 8 9 11 13 15 17 24 32 39 47 55 63 70 63 53 43 34 24 15 5 5 5 6 6 7 7 8 9 9 10 10 11 12 12 12 12 12 12 12 12 12 11 11 11 10 10 10 9 9
103 112 121 129 131 127 122 118 114 109 105 102 101 99 98 96 95 93 91 88 85 82 79 75 72 74 78 81 85 89 93 97 89 76 63 50 37 24 11 8 7 7 6 5 5 4 5 7 9 11 13 15 16 21 27 33 38 44 49 55 49 42 34 27 20 12 5 5 6 6 7 7 8 9 9 10 11 12 12 13 14 14 14 13 13 13 13 12 12 12 11 11 11 10 10 9
101 109 117 125 126 120 115 110 105 99 94 92 91 91 91 91 91 90 88 85 82 79 76 73 69 71 75 79 83 87 91 95 87 75 62 49 36 24 11 7 7 6 6 5 5 4 5 7 9 11 12 14 16 19 22 26 29 32 36 39 35 30 25 20 15 10 5 5 6 7 7 8 9 9 10 11 12 13 14 15 16 15 15 15 14 14 13 13 13 12 12 11 11 11 10 9
95 102 109 116 116 111 106 100 95 90 85 83 83 83 83 83 83 84 82 79 76 73 71 68 65 66 69 73 76 80 83 86 79 68 56 45 33 22 10 7 6 6 6 5 5 4 6 7 9 10 12 14 15 17 20 22 24 26 29 31 28 24 20 16 12 8 5 5 6 6 7 7 8 9 10 11 12 12 13 14 15 15 14 14 14 13 13 12 12 12 11 11 10 10 10 9
86 92 98 104 104 100 95 90 86 81 76 74 75 75 75 75 75 75 74 71 69 66 64 62 59 60 62 65 67 69 72 74 68 58 48 38 29 19 9 7 6 6 6 5 5 5 6 7 9 11 12 14 15 17 18 20 22 23 25 26 24 20 17 14 11 7 4 4 5 5 6 7 7 8 8 9 10 11 12 13 14 13 13 12 12 12 11 11 10 10 10 10 9 9 9 8
77 82 87 92 93 89 84 80 76 72 68 66 66 66 66 66 66 67 65 63 62 60 58 56 54 54 55 57 58 59 60 62 56 48 40 32 24 16 8 6 6 6 6 5 5 5 6 8 9 11 12 14 15 16 17 18 19 20 21 22 19 17 14 12 9 6 4 4 4 5 5 6 6 7 7 8 9 10 10 11 12 11 11 11 10 10 10 9 9 9 9 8 8 8 8 7
68 72 77 81 81 77 74 70 67 63 59 58 58 58 58 58 58 58 57 56 54 53 51 50 48 48 48 48 49 49 49 49 45 39 32 26 20 14 7 6 6 6 6 6 5 5 7 8 9 11 12 14 15 16 16 16 16 17 17 17 15 13 11 9 7 5 3 3 4 4 4 5 5 5 6 7 7 8 9 10 10 10 9 9 9 8 8 8 8 7 7 7 7 7 7 6
59 63 66 69 69 66 63 60 57 54 51 50 50 50 50 50 49 49 49 48 47 46 45 44 43 42 41 40 39 38 38 37 33 29 24 20 16 11 7 6 6 6 6 6 6 6 7 8 10 11 12 14 15 15 14 14 14 13 13 13 11 10 8 7 5 4 3 3 3 3 3 4 4 4 5 5 6 7 7 8 8 8 8 7 7 7 6 6 6 6 6 6 6 6 6 5
50 53 55 58 57 55 53 50 48 45 43 42 41 41 41 41 41 41 40 40 39 39 38 38 37 36 34 32 30 28 26 24 22 19 16 14 11 8 6 5 5 6 6 6 6 6 7 8 10 11 12 14 15 14 13 12 11 10 9 8 7 6 5 5 4 3 2 2 2 2 3 3 3 3 4 4 5 5 6 6 7 7 6 6 6 5 5 5 5 5 5 5 5 5 5 4
42 43 45 46 46 44 42 40 38 36 34 33 33 33 33 33 32 32 32 32 32 32 32 32 32 30 27 24 21 18 15 12 10 9 9 8 7 6 5 5 5 5 6 6 6 7 8 9 10 11 12 14 15 14 12 10 8 7 5 3 3 3 3 2 2 2 1 2 2 2 2 2 2 2 2 3 3 4 4 5 5 5 5 4 4 4 3 3 3 3 3 3 3 4 4 4
38 39 40 41 41 39 37 35 33 32 30 29 29 29 29 29 29 29 29 29 29 29 29 30 30 28 25 21 18 15 12 9 7 7 7 7 6 6 6 6 6 6 6 6 7 7 8 9 10 11 12 13 14 13 11 9 7 6 4 2 2 2 2 2 1 1 1 1 1 1 2 2 2 2 2 2 3 3 4 4 4 4 4 4 3 3 3 3 3 3 3 3 3 3 3 3
36 37 38 40 39 37 35 33 31 29 27 26 26 26 26 27 27 27 27 27 28 28 28 29 29 27 24 21 18 15 12 9 8 8 8 8 8 8 7 7 7 7 7 7 7 7 8 8 9 10 11 12 13 12 10 8 7 5 4 2 2 2 2 1 1 1 1 1 1 1 2 2 2 2 2 2 3 3 3 4 4 4 4 3 3 3 3 3 3 3 3 3 3 3 3 3
34 35 37 38 37 35 33 31 28 26 24 23 24 24 24 25 25 25 26 26 26 27 27 28 28 26 24 21 18 15 12 9 9 9 9 9 9 9 9 9 8 8 8 8 7 7 7 8 9 10 10 11 12 11 9 8 6 5 3 2 2 2 1 1 1 1 1 1 1 1 2 2 2 2 2 2 3 3 3 3 4 3 3 3 3 3 3 3 3 3 3 3 3 3 3 3
32 33 35 36 35 33 31 28 26 23 21 20 21 21 22 22 23 24 24 25 25 26 26 27 27 26 23 21 18 15 13 10 9 10 10 10 10 10 11 10 10 9 9 8 8 7 7 8 9 9 10 10 11 10 8 7 6 4 3 2 1 1 1 1 1 1 1 1 1 1 2 2 2 2 2 2 2 3 3 3 3 3 3 3 3 3 3 3 3 3 3 3 3 3 3 3
30 32 33 34 33 31 28 26 23 21 18 18 18 19 20 20 21 22 23 23 24 25 25 26 27 25 23 20 18 15 13 10 10 10 11 11 11 12 12 12 11 10 9 9 8 7 7 8 8 9 9 9 10 9 8 6 5 4 3 2 1 1 1 1 1 1 1 1 1 1 2 2 2 2 2 2 2 2 3 3 3 3 3 3 3 3 3 3 3 3 3 3 3 3 3 3
28 30 31 32 32 29 26 23 21 18 15 15 16 17 17 18 19 20 21 22 23 23 24 25 26 25 22 20 18 15 13 11 11 11 12 12 13 13 14 13 12 11 10 9 8 7 7 8 8 8 8 8 9 8 7 6 5 4 3 1 1 1 1 1 1 1 1 1 1 1 2 2 2 2 2 2 2 2 2 2 2 2 2 3 3 3 3 3 3 3 3 3 3 3 3 3
27 28 29 31 30 27 24 21 18 15 13 12 13 14 15 16 17 18 19 20 21 22 23 24 25 24 22 20 18 15 13 11 11 12 13 13 14 15 15 15 14 12 11 10 9 7 7 7 7 7 7 7 7 7 6 5 4 3 2 1 1 1 1 1 1 1 1 1 1 1 2 2 2 2 2 2 2 2 2 2 2 2 2 2 2 2 2 3 3 3 3 3 3 3 3 3
24 26 27 28 27 24 22 19 16 14 11 11 12 13 14 15 16 17 18 19 20 20 21 22 23 22 20 19 17 15 14 12 12 12 13 14 14 15 15 15 13 12 11 10 8 7 7 7 7 7 7 7 7 6 5 5 4 3 2 1 1 1 1 1 1 1 1 1 1 1 2 2 2 2 2 2 2 2 2 2 2 2 2 2 2 2 2 3 3 3 3 3 3 3 3 3
22 23 24 25 24 22 20 17 15 13 10 10 11 12 13 14 15 16 16 17 18 18 19 20 20 20 18 17 16 15 14 13 13 13 13 14 14 14 15 14 13 12 10 9 8 7 7 7 7 7 7 7 7 6 5 4 4 3 2 1 1 1 1 1 1 1 1 1 1 1 2 2 2 2 2 2 2 2 2 2 2 2 2 2 2 2 2 3 3 3 3 3 3 3 3 3
20 21 21 22 22 19 17 15 13 11 9 9 10 11 11 12 13 14 15 15 16 16 17 17 17 17 17 16 15 15 14 14 13 14 14 14 14 14 14 13 12 11 10 9 8 7 6 6 6 6 6 6 6 6 5 4 4 3 2 1 1 1 1 1 1 1 1 1 1 1 2 2 2 2 2 2 2 2 2 2 2 2 2 2 2 2 2 2 3 3 3 3 3 3 3 3
17 18 19 19 19 17 15 13 12 10 8 8 9 10 10 11 12 13 13 13 14 14 14 15 15 15 15 15 15 14 14 14 14 14 14 14 14 14 13 13 12 10 9 8 7 6 6 6 6 6 6 6 6 6 5 4 3 3 2 1 1 1 1 1 1 1 1 1 1 1 1 2 2 2 2 2 2 2 2 2 2 2 2 2 2 2 2 2 3 3 3 3 3 3 3 3
15 15 16 17 16 15 13 12 10 9 7 7 8 8 9 10 11 11 12 12 12 12 12 12 12 12 13 13 14 14 15 15 15 15 14 14 13 13 13 12 11 10 9 8 7 6 6 6 6 6 6 6 6 5 5 4 3 3 2 1 1 1 1 1 1 1 1 1 1 1 1 2 2 2 2 2 2 2 2 2 2 2 2 2 2 2 2 2 2 3 3 3 3 3 3 3
13 13 13 14 13 12 11 10 9 7 6 6 7 7 8 9 9 10 10 10 10 10 10 10 9 10 11 12 13 14 15 16 16 15 14 14 13 13 12 11 10 9 8 7 7 6 5 5 5 5 5 5 5 5 4 4 3 3 2 1 1 1 1 1 1 1 1 1 1 1 1 2 2 2 2 2 2 2 2 2 2 2 2 2 2 2 2 2 2 3 3 3 3 3 3 3
10 10 11 11 10 10 9 8 7 6 5 5 6 6 7 7 8 8 9 8 8 8 7 7 7 8 9 11 12 14 15 17 16 16 15 14 13 12 11 11 10 9 8 7 6 5 5 5 5 5 5 5 5 5 4 4 3 2 2 1 1 1 1 1 1 1 1 1 1 1 1 2 2 2 2 2 2 2 2 2 2 2 2 2 2 2 2 2 2 3 3 3 3 3 3 3
11 11 12 12 12 11 10 10 9 8 8 7 7 8 8 8 8 8 8 8 7 7 6 6 5 6 8 10 11 13 15 16 16 15 14 13 12 11 10 9 9 8 7 7 6 5 5 5 5 5 5 5 5 4 4 3 3 2 2 1 1 1 1 1 1 1 1 1 2 2 2 2 2 2 2 2 2 2 2 2 2 2 2 2 2 2 2 2 2 2 3 3 3 3 3 3
13 13 14 14 14 13 13 12 12 11 11 10 10 10 9 9 9 9 8 7 7 6 6 5 5 6 7 9 11 12 14 16 15 14 13 12 11 10 9 8 7 7 6 6 5 5 5 5 5 5 4 4 4 4 3 3 3 2 2 1 1 1 1 1 1 1 1 1 2 2 2 2 3 3 3 3 3 3 3 3 3 2 2 2 2 2 2 2 2 2 3 3 3 3 3 3
14 15 16 16 16 16 15 15 14 14 14 13 12 12 11 10 9 9 8 7 7 6 5 4 4 5 6 8 10 12 13 15 15 14 12 11 10 8 7 7 6 6 6 5 5 5 5 4 4 4 4 4 4 3 3 3 2 2 2 1 1 1 1 1 1 1 1 2 2 2 2 3 3 3 3 3 3 3 3 3 3 3 3 3 3 2 2 2 2 2 3 3 3 3 3 3
16 17 17 18 19 18 18 18 17 17 17 16 15 13 12 11 10 9 8 7 6 5 5 4 3 4 6 7 9 11 13 15 14 13 11 10 9 7 6 5 5 5 5 5 5 5 4 4 4 4 4 4 3 3 3 2 2 2 1 1 1 1 1 1 1 1 1 2 2 2 3 3 4 4 4 4 4 4 4 3 3 3 3 3 3 3 2 2 2 2 3 3 3 3 3 3
17 18 19 20 21 21 20 20 20 20 20 19 17 15 14 12 11 9 8 7 6 5 4 3 2 3 5 7 8 10 12 14 14 12 10 9 7 6 4 4 4 4 4 4 4 4 4 4 4 4 3 3 3 3 2 2 2 2 1 1 1 1 1 1 1 1 1 2 2 3 3 4 4 5 5 4 4 4 4 4 4 3 3 3 3 3 2 2 2 2 2 3 3 3 3 3
19 20 21 23 23 23 23 23 23 23 23 21 19 17 15 13 11 9 8 7 6 4 3 2 1 2 4 6 8 10 12 14 13 11 10 8 6 4 3 3 3 3 3 4 4 4 4 4 4 3 3 3 2 2 2 2 2 1 1 1 1 1 1 1 1 1 1 2 2 3 4 4 5 5 5 5 5 5 4 4 4 4 4 3 3 3 2 2 2 2 2 3 3 3 3 3
20 22 23 25 26 26 26 26 26 26 26 24 22 19 17 14 12 9 8 6 5 4 3 1 0 1 3 5 7 9 11 13 12 10 9 7 5 3 1 1 2 2 3 3 4 4 4 4 3 3 3 2 2 2 2 2 1 1 1 1 1 1 1 1 1 1 1 2 3 3 4 5 5 6 6 6 5 5 5 5 4 4 4 3 3 3 2 2 2 2 2 3 3 3 3 3
18 20 21 22 23 23 23 23 23 23 23 22 20 17 15 13 11 8 7 6 4 3 2 1 0 1 3 4 6 8 10 11 11 9 8 6 4 3 1 1 1 2 2 3 3 4 3 3 3 3 2 2 2 2 2 1 1 1 1 1 1 1 1 1 1 1 1 2 3 3 4 4 5 6 5 5 5 5 5 5 4 4 4 3 3 3 2 2 2 2 2 3 3 3 3 3
16 17 18 19 19 19 19 19 19 19 19 18 16 14 13 11 9 7 6 5 4 3 2 1 0 1 2 4 5 7 8 10 9 8 7 5 4 2 1 1 1 2 2 2 3 3 3 3 3 2 2 2 2 1 1 1 1 1 1 1 1 1 1 1 1 1 1 2 2 3 3 4 5 5 5 5 5 5 4 4 4 4 4 3 3 3 2 2 2 2 3 3 3 3 3 3
13 14 15 15 16 16 16 16 16 16 16 15 13 12 10 9 7 5 4 4 3 2 1 1 0 1 2 3 4 6 7 8 8 7 6 4 3 2 1 1 1 2 2 2 2 3 3 2 2 2 2 2 1 1 1 1 1 1 1 1 1 1 1 1 1 1 1 2 2 3 3 4 4 5 4 4 4 4 4 4 4 4 3 3 3 3 2 2 2 2 3 3 3 3 3 3
10 11 11 12 12 12 12 12 12 12 12 11 10 9 8 6 5 4 3 3 2 2 1 0 0 0 1 2 4 5 6 7 6 5 5 4 3 2 1 1 1 1 2 2 2 2 2 2 2 2 2 1 1 1 1 1 1 1 1 1 1 1 1 1 1 1 1 2 2 2 3 3 4 4 4 4 4 4 4 4 4 3 3 3 3 3 2 2 2 2 3 3 3 3 3 3
7 8 8 9 9 9 8 8 8 8 8 8 7 6 5 4 3 3 2 2 1 1 1 0 0 0 1 2 3 3 4 5 5 4 4 3 2 2 1 1 1 1 1 2 2 2 2 2 2 1 1 1 1 1 1 1 1 1 1 1 1 1 1 1 1 1 1 2 2 2 3 3 3 4 3 3 3 3 3 3 3 3 3 3 3 3 2 2 2 3 3 3 3 3 3 3
5 5 5 5 5 5 5 5 5 4 4 4 3 3 3 2 2 1 1 1 1 0 0 0 0 0 1 1 2 2 3 4 3 3 3 2 2 1 1 1 1 1 1 1 1 1 1 1 1 1 1 1 1 1 1 1 1 1 1 1 1 1 1 1 1 1 1 2 2 2 2 3 3 3 3 3 3 3 3 3 3 3 3 3 3 2 2 2 2 3 3 3 3 3 3 3
2 2 2 2 2 1 1 1 1 1 1 0 0 0 0 0 0 0 0 0 0 0 0 0 0 0 0 1 1 1 2 2 2 2 2 1 1 1 1 1 1 1 1 1 1 1 1 1 1 1 1 1 1 1 1 1 1 1 1 1 1 1 1 1 1 1 1 2 2 2 2 2 2 2 3 3 3 3 3 3 3 3 3 3 3 2 2 2 2 3 3 3 3 3 4 3
2 2 2 1 1 1 1 1 1 0 0 0 0 0 0 0 0 0 0 0 0 0 0 0 0 0 0 1 1 1 1 2 2 2 1 1 1 1 1 1 1 1 1 1 1 1 1 1 1 1 1 1 1 1 1 1 1 1 1 1 1 1 1 1 1 1 1 2 2 2 2 2 2 2 3 3 3 3 3 3 3 3 3 3 3 2 2 2 2 3 3 3 3 3 3 3
2 2 2 2 1 1 1 1 1 0 0 0 0 0 0 0 0 0 0 0 0 0 0 0 0 0 0 1 1 1 1 2 2 1 1 1 1 1 1 1 1 1 1 1 1 1 1 1 1 1 1 1 1 1 1 1 1 1 1 1 1 1 1 1 1 1 2 2 2 2 2 2 2 3 3 3 3 3 3 3 3 3 3 3 3 2 2 2 2 3 3 3 3 3 3 3
2 2 2 2 1 1 1 1 1 0 0 0 0 0 0 0 0 0 0 0 0 0 0 0 0 0 0 1 1 1 1 1 1 1 1 1 1 1 1 1 1 1 1 1 1 1 1 1 1 1 1 1 1 1 1 1 1 1 1 1 1 1 1 1 1 2 2 2 2 2 2 2 3 3 3 3 3 3 3 3 3 3 3 3 3 2 2 2 2 3 3 3 3 3 3 3
2 2 2 2 2 1 1 1 1 0 0 0 0 0 0 0 0 0 0 0 0 0 0 0 0 0 1 1 1 1 1 1 1 1 1 1 1 1 1 1 1 1 1 1 1 1 1 1 1 1 1 1 1 1 1 1 1 1 1 1 1 1 1 1 2 2 2 2 2 2 2 3 3 3 3 3 3 3 3 3 3 3 3 3 3 2 2 2 2 3 3 3 3 3 3 3
1 2 2 2 2 1 1 1 1 0 0 0 0 0 0 0 0 0 1 1 1 1 1 1 1 1 1 1 1 1 1 1 1 1 1 1 1 1 1 1 1 1 1 1 1 1 1 1 1 1 1 1 1 1 1 1 1 1 1 1 1 1 1 2 2 2 2 2 2 2 2 3 3 3 3 3 3 3 3 3 3 3 3 3 3 2 2 2 2 2 3 3 3 3 3 3
1 2 2 2 2 1 1 1 1 0 0 0 0 0 0 0 1 1 1 1 1 1 1 1 1 1 1 1 1 1 1 1 1 1 1 1 1 1 1 1 1 1 1 1 1 1 1 1 1 1 1 1 1 1 1 1 1 1 1 1 1 1 1 2 2 2 2 2 2 2 3 3 3 3 3 3 3 3 3 3 3 3 3 3 3 2 2 2 2 2 3 3 3 3 3 3
1 2 2 2 2 1 1 1 1 0 0 0 0 0 0 1 1 1 1 1 1 1 1 1 1 1 1 1 1 1 1 1 1 1 1 1 1 1 1 1 1 1 1 1 1 1 1 1 1 1 1 1 1 1 1 1 1 1 1 1 1 1 2 2 2 2 2 2 2 2 3 3 3 3 3 3 3 3 3 3 3 3 3 3 3 3 2 2 2 2 3 3 3 3 3 3
1 1 2 2 2 2 1 1 1 1 1 0 1 1 1 1 1 1 1 1 1 1 1 1 1 1 1 1 1 1 1 1 1 1 1 1 1 1 1 1 1 1 1 1 1 1 1 1 1 1 1 1 1 1 1 1 1 1 2 2 2 2 2 2 2 2 2 2 2 2 2 3 3 3 3 3 3 3 3 3 3 3 3 3 3 2 2 2 2 2 3 3 3 3 3 3
1 1 2 2 2 2 1 1 1 1 1 1 1 1 1 1 1 1 1 1 1 1 1 1 1 1 1 1 1 1 1 1 1 1 1 1 1 1 1 1 1 1 1 1 1 1 1 1 1 1 1 1 1 1 1 1 2 2 2 2 2 2 2 2 2 2 2 2 2 2 2 2 2 3 3 3 3 3 3 3 3 3 2 2 2 2 2 2 2 2 3 3 3 3 3 3
1 1 2 2 2 2 2 2 1 1 1 1 1 1 1 1 1 1 1 1 1 1 1 1 1 1 1 1 1 1 1 1 1 1 1 1 1 1 1 1 1 1 1 1 1 1 1 1 1 1 1 1 1 1 1 2 2 2 2 3 3 2 2 2 2 2 2 2 2 2 2 2 2 2 2 2 2 2 2 2 2 2 2 2 2 2 2 2 2 3 3 3 3 3 3 3
1 1 2 2 2 2 2 2 2 2 2 2 2 1 1 1 1 1 1 1 1 1 1 1 1 1 1 1 1 1 1 1 1 1 1 1 1 1 1 1 1 1 1 1 1 1 1 1 1 1 1 1 1 1 2 2 2 3 3 3 3 3 3 2 2 2 2 2 2 2 2 2 2 2 2 2 2 2 2 2 2 2 2 2 2 2 2 2 2 3 3 3 3 3 3 3
1 1 1 2 2 2 2 2 2 2 2 2 2 2 1 1 1 1 1 1 1 1 1 1 1 1 1 1 1 1 1 1 1 1 1 1 1 1 1 1 1 1 1 1 1 1 1 1 1 1 1 1 1 1 2 2 2 3 3 4 3 3 3 3 2 2 2 2 2 2 2 2 2 2 2 2 2 2 2 2 2 2 2 2 2 2 2 2 2 3 3 3 3 3 3 3
1 1 1 2 2 2 2 2 2 2 3 2 2 2 2 1 1 1 1 1 1 1 1 1 1 1 1 1 1 1 1 1 1 1 1 1 1 1 1 1 1 1 1 1 1 1 1 1 1 1 1 1 1 1 2 2 3 3 4 4 4 3 3 3 2 2 2 2 2 2 1 1 1 1 1 1 1 1 1 1 1 1 2 2 2 2 2 2 2 3 3 3 3 3 3 3
1 1 1 2 2 2 2 2 3 3 3 3 3 2 2 2 1 1 1 1 1 1 1 1 1 1 1 1 1 1 1 1 1 1 1 1 1 1 1 1 1 1 1 1 1 1 1 1 1 1 1 1 1 1 2 2 3 4 4 5 4 4 3 3 3 2 2 2 1 1 1 1 1 1 1 1 1 1 1 1 1 1 1 2 2 2 2 2 2 3 3 3 3 3 3 3
1 1 1 2 2 2 2 2 2 3 3 3 2 2 2 1 1 1 1 1 1 1 1 1 1 1 1 1 1 1 1 1 1 1 1 1 1 1 1 1 1 1 1 1 1 1 1 1 1 1 1 1 1 2 2 3 3 4 4 5 5 4 4 3 3 2 2 2 1 1 1 1 1 1 1 1 1 1 1 1 1 1 1 2 2 2 2 3 3 3 3 3 3 3 3 3
1 1 1 2 2 2 2 2 2 2 2 2 2 2 1 1 1 1 1 1 1 1 1 1 1 1 1 1 1 1 1 1 1 1 1 1 1 1 1 1 1 1 1 1 1 1 1 1 1 1 1 1 1 2 2 3 4 4 5 5 5 4 4 3 3 2 2 2 2 1 1 1 1 1 1 1 1 1 1 1 1 1 2 2 2 2 2 3 3 3 3 3 3 3 3 2
1 1 1 2 2 2 2 2 2 2 2 2 2 1 1 1 1 0 0 0 1 1 1 1 1 1 1 1 1 1 1 1 1 1 1 1 1 1 1 1 1 1 1 1 1 1 1 1 1 1 1 1 1 2 3 3 4 5 5 6 5 5 4 4 3 2 2 2 2 1 1 1 1 1 1 1 1 1 1 1 1 1 2 2 2 2 3 3 3 3 3 3 3 3 2 2
1 1 1 2 2 2 2 2 2 2 2 2 1 1 1 1 1 0 0 0 0 0 1 1 1 1 1 1 1 1 1 1 1 1 1 1 1 1 1 1 1 1 1 1 1 1 1 1 1 1 1 1 1 2 3 3 4 5 6 6 6 5 4 4 3 2 2 2 2 1 1 1 1 1 1 1 1 1 1 1 1 2 2 2 2 3 3 3 3 3 3 3 3 2 2 2
1 1 2 2 2 2 2 2 1 1 1 1 1 1 1 1 0 0 0 0 0 0 1 1 1 1 1 1 1 1 1 1 1 1 1 1 1 1 1 1 1 1 1 1 1 1 1 1 1 1 1 1 1 2 3 4 4 5 6 7 6 5 5 4 3 2 2 2 2 1 1 1 1 1 1 1 1 1 1 1 1 2 2 2 2 3 3 3 3 3 3 3 2 2 2 2
1 1 2 2 2 2 1 1 1 1 1 1 1 1 0 0 0 0 0 0 0 0 0 1 1 1 1 1 1 1 1 1 1 1 1 1 1 1 1 1 1 1 1 1 1 1 1 1 1 1 1 2 2 2 3 4 5 6 6 7 7 6 5 4 3 3 2 2 2 2 1 1 1 1 1 1 1 1 1 1 2 2 2 2 3 3 3 3 3 3 3 3 2 2 2 2
1 1 2 2 2 2 1 1 1 1 1 1 0 0 0 0 0 0 0 0 0 0 0 1 1 1 1 1 1 1 1 1 1 1 1 1 1 1 1 1 1 1 1 1 1 1 1 1 1 1 2 2 2 2 3 4 5 6 7 8 7 6 5 4 3 3 2 2 2 2 1 1 1 1 1 1 1 1 2 2 2 2 2 2 3 3 3 4 3 3 3 2 2 2 2 1
1 2 2 2 2 1 1 1 1 1 1 1 0 0 0 0 0 0 0 0 0 0 1 1 1 1 1 1 1 1 1 0 0 0 0 1 1 1 1 1 1 1 1 1 1 1 1 1 1 2 2 2 2 2 3 4 5 5 6 7 6 5 5 4 3 2 2 1 1 1 1 1 1 1 1 1 1 1 1 1 2 2 2 2 2 3 3 3 3 3 2 2 2 2 1 1
2 2 2 2 2 1 1 1 1 1 1 1 0 0 0 0 0 0 0 0 0 1 1 1 1 1 1 1 1 1 0 0 0 0 0 1 1 1 1 1 1 1 1 1 1 1 1 1 2 2 2 2 2 3 3 4 4 5 5 6 5 5 4 3 3 2 1 1 1 1 1 1 1 1 1 1 1 1 1 1 1 2 2 2 2 2 2 3 2 2 2 2 2 1 1 1
