pluvio/pluvio-224.asc
ncols         252
nrows         154
xllcorner     -0.5
yllcorner     -153.5
cellsize      1
NODATA_value  -9999
[rows 86 to 128 of 154, columns 96 to 191 of 252]
125 123 121 120 118 117 120 123 126 129 132 135 141 155 169 182 196 210 224 237 245 253 260 268 276 284 287 280 272 265 258 250 243 236 232 227 223 218 214 209 204 198 191 185 178 172 166 162 161 161 160 160 159 158 161 166 171 177 182 187 193 196 197 198 199 200 201 202 202 202 202 202 202 202 202 200 197 194 190 187 184 180 178 176 174 171 169 167 165 164 164 164 163 163 163 162
123 121 118 116 114 113 117 121 125 128 132 136 143 158 174 190 205 221 236 250 259 267 276 284 293 301 305 295 286 277 268 258 249 241 237 232 228 223 218 214 208 200 192 184 176 168 160 155 154 153 152 151 150 149 152 158 163 169 175 181 187 190 191 191 192 193 194 195 195 196 197 198 198 199 200 198 194 191 187 184 180 177 175 174 173 172 171 170 170 169 169 169 169 169 169 169
123 121 119 117 115 114 118 121 125 129 132 136 142 158 175 191 208 224 241 255 263 272 280 288 296 305 308 300 291 283 275 267 259 251 244 238 232 225 219 212 205 198 190 183 175 168 160 156 155 154 153 152 151 150 152 158 164 170 176 182 187 191 191 192 193 193 194 195 195 196 196 197 197 197 198 196 193 191 188 185 182 179 178 177 176 175 174 173 172 172 172 172 171 171 171 171
122 121 119 118 117 116 119 122 126 129 132 135 141 158 176 193 210 228 245 260 268 276 284 292 300 308 311 304 297 290 282 275 268 260 252 244 236 227 219 211 203 196 189 182 175 168 161 157 156 155 154 153 152 151 153 159 165 171 176 182 188 191 192 192 193 194 194 195 195 195 195 196 196 196 196 195 193 190 188 186 184 182 181 180 179 177 176 175 174 174 174 174 174 174 174 174
122 121 120 119 118 118 120 123 126 129 132 134 140 159 177 195 213 231 249 265 272 280 288 296 303 311 315 308 302 296 290 284 277 270 260 250 240 230 220 210 201 194 188 181 175 168 162 158 157 156 155 153 152 151 154 159 165 171 177 183 189 192 192 193 194 194 195 195 195 195 195 195 194 194 194 193 192 190 189 188 186 185 184 182 181 180 179 178 177 176 176 176 176 176 176 176
122 121 121 120 119 119 122 124 127 129 131 134 140 159 178 197 216 235 253 270 277 284 292 299 307 314 318 313 308 302 297 292 287 279 268 256 244 232 220 208 199 193 187 181 175 169 163 159 158 156 155 154 153 152 154 160 166 172 178 184 189 192 193 193 194 194 195 195 195 195 194 194 193 192 192 191 191 190 189 189 188 188 187 185 184 183 181 180 179 178 179 179 179 179 179 179
122 121 121 121 121 121 123 125 127 129 131 133 139 159 179 198 218 238 258 274 282 289 296 303 310 317 321 317 313 309 305 300 296 289 275 262 248 234 221 207 196 191 185 180 174 169 163 160 159 157 156 155 154 153 155 161 166 172 178 184 190 193 194 194 194 195 195 196 195 194 194 193 192 191 190 190 190 190 190 190 190 190 189 188 187 185 184 183 181 181 181 181 181 181 181 181
121 121 122 122 122 122 124 126 128 129 131 133 138 159 179 200 221 241 262 279 286 293 300 307 314 321 324 321 318 315 312 309 306 298 283 267 252 237 221 206 194 189 184 179 174 169 164 161 159 158 157 156 154 153 155 161 167 173 179 185 191 194 194 194 195 195 195 196 195 194 193 192 190 189 188 188 189 190 191 191 192 193 192 191 189 188 186 185 184 183 183 183 183 183 183 183
121 122 122 123 123 124 125 127 128 129 131 132 138 159 180 202 223 244 266 283 290 296 303 309 316 323 327 325 322 320 318 316 314 307 290 273 256 239 223 206 193 189 184 179 174 170 165 162 160 159 158 157 155 154 156 162 168 174 180 185 191 194 195 195 195 196 196 196 195 194 192 191 189 188 186 186 188 189 191 192 194 195 195 193 192 190 189 187 186 185 185 186 186 186 186 186
121 122 122 123 124 124 126 128 130 131 133 135 140 161 181 202 223 243 264 281 287 292 298 304 310 315 319 318 318 317 316 315 315 309 293 278 262 247 231 216 204 197 191 185 178 172 166 162 161 161 160 160 159 159 161 166 171 176 181 186 191 194 194 195 196 196 197 197 197 195 193 191 189 187 185 185 187 188 189 190 191 193 192 192 191 190 189 188 187 187 187 188 188 189 189 189
121 122 122 123 124 125 127 129 131 133 135 137 143 163 183 202 222 242 262 279 284 288 293 298 303 308 312 312 313 313 314 315 315 311 297 283 268 254 240 226 214 206 198 190 182 174 166 162 162 162 163 163 163 163 165 170 174 178 182 187 191 193 194 195 196 197 198 199 198 196 193 191 189 187 185 184 185 186 187 188 189 190 190 190 189 189 189 188 188 188 189 190 191 191 192 193
121 122 123 123 124 125 128 130 132 135 137 139 145 164 184 203 222 241 261 276 280 284 288 293 297 301 304 306 308 310 312 314 316 313 300 287 274 262 249 236 224 215 205 196 186 177 167 162 163 164 165 166 167 168 170 173 177 180 184 187 191 193 194 195 197 198 199 200 199 197 194 192 189 187 184 184 184 185 186 186 187 188 188 188 188 188 189 189 189 190 191 192 193 194 195 197
121 122 123 124 125 126 129 131 134 136 139 142 147 166 185 203 222 241 259 274 277 280 284 287 290 293 297 300 303 307 310 313 316 315 303 292 280 269 258 246 235 224 212 201 190 179 168 162 164 165 167 169 170 172 174 177 180 183 185 188 191 193 194 196 197 198 200 201 200 197 195 192 189 186 183 183 183 184 184 184 185 185 186 187 187 188 189 189 190 191 193 194 196 197 199 200
121 122 123 124 125 126 129 132 135 138 141 144 150 168 186 204 222 240 258 272 274 276 279 281 284 286 289 294 298 303 308 312 317 317 307 296 286 276 266 256 245 232 220 207 194 181 168 162 165 167 169 172 174 177 179 181 183 185 187 189 191 192 194 196 197 199 201 202 201 198 195 192 189 186 183 182 182 182 182 183 183 183 184 185 186 187 189 190 191 193 194 196 198 200 202 204
120 122 123 124 125 127 130 133 137 140 143 146 152 169 187 204 221 239 256 269 271 272 274 276 277 279 282 288 294 300 306 312 317 318 310 301 292 284 275 266 256 241 227 212 198 184 169 162 165 169 172 175 178 181 183 185 186 187 188 189 190 192 194 196 198 200 202 204 203 199 196 192 189 185 182 181 181 181 181 181 181 181 182 183 185 187 188 190 192 194 196 198 201 203 205 207
121 122 123 125 126 128 131 134 138 141 145 148 154 171 187 204 221 237 254 267 268 269 270 271 272 273 276 283 290 297 304 311 318 320 312 305 297 289 282 274 263 248 233 217 202 186 171 163 167 171 174 178 182 185 188 188 189 189 190 190 191 192 194 196 198 200 202 204 203 199 196 192 188 185 181 180 180 179 179 179 179 179 180 182 184 187 189 191 193 196 198 201 203 206 209 211
123 124 125 126 127 129 132 135 139 142 145 148 154 170 186 202 218 234 250 262 264 266 268 270 272 274 278 284 290 297 303 310 316 318 310 301 293 285 277 269 259 245 231 217 204 190 176 170 173 176 179 183 186 189 191 191 192 192 193 194 194 195 196 196 197 198 199 199 198 195 192 189 186 183 180 179 180 180 180 180 180 180 182 184 186 189 191 193 196 198 201 204 207 210 213 217
124 125 127 128 129 130 133 136 139 142 146 149 154 170 185 200 215 231 246 258 261 264 267 270 273 276 279 285 291 297 303 309 315 316 307 298 290 281 272 263 254 242 230 218 206 194 182 177 179 182 184 187 190 192 194 194 195 196 196 197 197 198 197 197 196 196 195 195 193 191 189 187 184 182 180 179 180 180 180 181 181 182 183 186 188 191 193 196 198 201 205 208 211 215 218 222
126 127 128 129 130 131 134 137 140 143 146 149 154 169 183 198 213 227 242 254 258 262 265 269 273 277 281 287 292 297 303 308 314 314 305 295 286 277 267 258 249 238 228 218 208 198 188 183 185 187 189 191 193 196 197 198 198 199 200 200 201 200 199 197 195 194 192 190 189 187 185 184 182 181 179 179 180 180 181 182 182 183 185 188 190 193 195 198 200 204 208 212 216 219 223 227
128 129 130 131 131 133 135 138 141 144 146 149 154 168 182 196 210 224 238 250 254 259 264 269 274 278 283 288 293 298 302 307 312 312 302 292 282 273 263 253 244 235 227 219 210 202 194 190 191 193 194 196 197 199 200 201 201 202 203 203 204 203 200 197 194 191 189 186 184 183 182 181 180 179 178 178 180 181 182 183 184 185 187 189 192 195 197 200 203 207 211 215 220 224 228 233
130 131 131 132 133 134 136 139 142 144 147 149 154 168 181 194 207 221 234 245 251 257 263 268 274 280 285 289 294 298 302 306 311 310 300 289 279 268 258 248 239 232 226 219 213 206 200 196 197 198 199 200 201 202 203 204 205 205 206 207 207 206 202 197 193 189 185 181 179 179 179 178 178 178 177 178 180 181 182 183 185 186 188 191 194 197 200 202 205 209 214 219 224 228 233 238
132 132 133 134 134 135 137 140 142 145 147 150 154 167 180 192 205 217 230 241 248 254 261 268 274 281 287 291 294 298 302 306 309 308 297 286 275 264 253 242 234 229 224 220 215 210 205 203 203 204 204 205 205 206 206 207 208 209 209 210 211 208 203 198 192 187 182 176 174 175 175 176 176 176 177 178 179 181 183 184 186 188 190 193 196 199 202 205 207 212 217 222 228 233 238 243
134 134 135 135 136 137 139 141 144 146 148 150 155 167 179 191 202 214 226 237 245 252 259 266 274 281 287 291 294 297 300 304 307 305 294 283 272 260 249 238 230 227 223 220 217 214 210 208 208 208 208 208 208 208 209 210 210 211 212 212 213 210 204 198 192 186 180 174 171 172 173 174 175 176 176 178 180 182 183 185 187 189 192 195 198 201 203 206 209 214 220 225 230 236 241 247
136 137 138 138 139 140 142 144 146 149 151 153 157 168 179 190 202 213 224 234 241 248 255 262 269 276 282 285 288 291 295 298 301 300 289 279 269 259 248 238 230 227 224 221 218 214 211 209 209 209 209 210 210 210 210 210 210 210 211 211 211 208 203 198 193 188 182 177 175 176 176 177 177 178 178 179 181 183 185 187 189 190 193 196 199 201 204 207 210 214 219 223 228 233 237 242
139 140 141 141 142 143 145 147 149 151 153 155 159 169 180 190 201 211 221 231 238 244 251 258 264 271 276 279 283 286 289 292 295 294 284 275 266 257 247 238 231 228 225 221 218 215 212 210 210 210 210 211 211 211 211 210 210 210 209 209 209 206 202 198 194 189 185 181 179 179 179 179 180 180 180 181 183 185 186 188 190 192 194 197 200 202 205 207 210 214 218 222 226 230 234 238
142 143 144 145 145 147 148 150 152 154 156 158 161 171 180 190 200 209 219 228 234 240 247 253 259 266 271 274 277 280 283 286 289 288 280 271 263 255 246 238 232 229 225 222 219 216 213 211 211 211 212 212 212 212 212 211 210 209 208 208 207 205 201 198 195 191 188 185 183 183 182 182 182 182 181 182 184 186 188 190 192 193 196 198 200 203 205 208 210 213 217 220 223 227 230 233
144 145 146 148 149 150 151 153 155 157 158 160 163 172 181 190 199 208 216 225 231 237 243 249 255 261 266 268 271 274 277 280 283 282 275 267 260 253 245 238 232 229 226 223 220 217 213 212 212 212 213 213 213 213 213 211 210 209 207 206 205 203 200 198 195 193 191 188 187 186 186 185 184 184 183 184 186 188 189 191 193 195 197 199 201 204 206 208 210 213 216 218 221 223 226 229
147 148 149 151 152 153 155 156 158 159 161 162 165 173 181 190 198 206 214 222 227 233 238 244 250 255 260 263 266 268 271 274 277 276 270 264 257 251 244 238 233 230 227 224 220 217 214 213 213 213 214 214 214 214 214 212 210 208 206 204 202 201 199 198 196 195 193 192 191 190 189 188 187 186 185 185 187 189 191 193 194 196 198 200 202 205 207 209 211 213 215 216 218 220 222 224
150 151 152 154 155 156 158 159 161 162 163 165 167 175 182 189 197 204 212 218 224 229 234 240 245 250 255 257 260 263 265 268 271 271 265 260 254 249 243 238 234 230 227 224 221 218 215 213 214 214 215 215 215 216 215 212 210 207 205 203 200 199 198 198 197 197 196 196 194 193 192 190 189 188 186 187 189 191 192 194 196 198 200 202 203 205 207 209 211 212 214 215 216 217 218 220
152 153 155 156 158 159 160 162 163 164 166 167 169 176 183 190 197 204 210 217 222 227 232 237 241 246 251 253 255 258 260 263 265 265 261 256 251 247 242 238 234 231 228 225 222 219 216 214 215 215 216 216 216 217 216 213 210 207 204 202 199 198 198 198 198 198 199 199 198 196 195 193 191 190 188 189 191 192 194 196 198 200 202 203 205 207 209 210 212 213 213 214 215 215 216 216
153 154 155 157 158 159 161 163 164 166 168 169 172 179 186 193 200 207 214 220 224 229 233 238 242 247 250 252 254 256 257 259 261 261 257 253 249 244 240 236 233 230 228 225 222 220 217 216 216 216 216 217 217 217 216 213 211 208 205 202 200 198 199 199 200 200 200 201 200 198 197 195 194 192 191 191 194 196 198 200 202 204 206 208 209 211 212 214 215 216 216 216 216 217 217 217
154 155 156 157 159 160 162 164 166 168 170 171 174 181 188 195 203 210 217 223 227 231 235 239 243 247 250 251 252 253 255 256 257 256 253 249 246 242 239 235 232 230 227 225 223 220 218 217 217 217 217 217 218 218 216 214 211 208 206 203 200 199 200 200 201 201 202 202 202 200 199 197 196 195 193 194 197 199 201 204 206 209 211 212 213 215 216 217 219 219 219 219 218 218 218 217
155 156 157 158 159 161 163 165 167 169 171 174 177 184 191 198 205 212 220 226 229 233 237 240 244 247 250 250 251 251 252 252 253 252 249 246 243 240 237 234 231 229 227 225 223 221 219 218 218 218 218 218 218 218 217 214 212 209 206 204 201 200 201 202 202 203 204 204 204 202 201 200 198 197 195 197 199 202 205 208 211 213 215 216 218 219 220 221 222 222 221 221 220 219 219 218
156 157 158 159 160 161 164 166 168 171 173 176 179 186 194 201 208 215 223 229 232 235 238 241 244 248 250 250 249 249 249 249 248 247 245 242 240 237 235 232 230 229 227 225 224 222 220 219 219 219 219 219 219 219 217 215 212 210 207 204 202 201 202 203 204 204 205 206 206 204 203 202 201 199 198 199 202 205 209 212 215 218 220 221 222 223 224 225 226 225 224 223 222 221 220 219
157 158 159 160 160 162 164 167 170 173 175 178 182 189 196 204 211 218 226 232 235 237 240 243 245 248 250 249 248 247 246 245 244 243 241 239 237 235 233 231 229 228 227 225 224 223 222 221 220 220 220 220 219 219 218 215 213 210 208 205 203 202 203 204 205 206 207 208 208 207 205 204 203 202 200 202 205 209 212 216 219 222 224 225 226 227 227 228 229 228 227 225 224 222 221 219
158 158 159 160 161 162 165 168 171 174 177 180 184 192 199 206 214 221 229 235 237 239 242 244 246 248 249 248 246 245 243 242 240 239 237 236 234 233 231 230 228 227 226 226 225 224 223 222 222 221 221 220 220 220 218 216 213 211 208 206 203 203 204 205 206 207 209 210 210 209 207 206 205 204 203 205 208 212 216 219 223 227 229 229 230 230 231 232 232 231 229 227 226 224 222 220
158 159 160 161 162 163 166 169 172 175 179 182 186 193 200 208 215 223 230 236 238 240 241 243 245 247 248 246 244 242 240 239 237 235 234 233 232 231 230 229 228 228 227 226 225 224 224 223 222 222 221 221 221 220 219 216 214 211 209 207 204 204 205 207 208 209 211 212 212 211 210 209 208 207 206 208 211 215 219 223 227 230 232 233 233 234 235 235 236 235 232 230 228 226 224 222
159 160 161 162 162 164 167 169 172 175 178 181 185 192 199 206 213 220 227 232 234 235 237 238 240 242 242 241 240 239 238 237 236 235 234 234 233 233 232 231 231 230 228 227 226 225 224 223 223 222 222 221 221 220 219 217 215 213 210 208 206 206 207 209 211 212 214 215 215 215 214 213 212 211 210 212 215 218 221 225 228 231 233 234 235 236 237 239 240 238 236 234 232 230 228 225
160 161 161 162 163 164 167 170 173 175 178 181 184 191 197 204 210 217 223 228 230 231 232 234 235 236 237 237 236 236 236 235 235 235 234 234 234 234 234 233 233 231 230 229 228 226 225 224 223 223 222 222 221 221 220 218 216 214 212 210 208 208 210 211 213 215 217 218 219 218 217 216 216 215 214 216 218 221 224 227 229 232 234 236 237 239 240 242 244 242 240 238 236 234 231 229
161 161 162 163 164 165 167 170 173 175 178 180 184 190 196 202 208 214 220 224 226 227 228 229 230 231 232 232 233 233 233 234 234 234 234 235 235 235 235 235 235 233 232 230 229 227 226 224 224 223 223 222 222 221 220 218 217 215 213 211 210 210 212 214 216 218 220 222 222 221 221 220 220 219 218 220 222 224 226 228 231 233 235 237 239 241 243 245 247 246 244 242 240 237 235 233
161 162 163 164 165 166 168 170 173 175 178 180 183 189 194 200 205 211 216 221 221 222 223 224 225 226 227 228 229 230 231 232 233 234 234 235 236 236 237 237 237 235 233 232 230 228 226 225 224 224 223 223 222 222 221 219 218 216 215 213 212 212 214 216 218 220 223 225 225 225 224 224 224 223 223 224 225 227 229 230 232 234 236 239 241 244 246 249 251 250 248 246 244 241 239 237
162 163 164 164 165 166 168 171 173 175 177 180 182 187 193 198 203 208 213 217 217 218 219 219 220 221 222 223 225 227 229 230 232 233 234 235 236 237 238 239 239 237 235 233 231 229 227 225 225 224 224 223 223 222 221 220 218 217 216 215 213 214 216 219 221 223 226 228 229 228 228 228 228 227 227 228 229 230 231 232 233 235 237 240 243 246 249 252 255 254 252 250 248 245 243 241
163 163 164 165 166 167 169 171 173 175 177 179 182 186 191 196 200 205 209 213 213 214 214 215 215 215 217 219 221 224 226 229 231 233 234 236 237 239 240 242 241 239 237 234 232 230 227 226 225 225 224 224 223 222 222 220 219 218 217 216 215 216 218 221 223 226 228 231 232 232 232 232 231 231 231 232 232 233 233 234 235 235 238 241 245 248 252 255 259 258 256 254 251 249 247 244
