pluvio/pluvio-213.asc
ncols         252
nrows         154
xllcorner     -0.5
yllcorner     -153.5
cellsize      1
NODATA_value  -9999
[rows 46 to 91 of 154, columns 96 to 191 of 252]
73 74 76 78 80 82 85 89 93 97 101 105 108 111 113 115 117 119 121 122 118 113 109 105 101 97 95 97 100 102 105 107 110 111 109 107 105 103 101 99 100 104 109 113 117 122 126 130 135 139 143 147 152 156 161 166 172 178 183 189 194 197 197 197 196 196 196 196 194 191 188 186 183 180 177 173 169 164 159 155 150 145 140 133 127 121 115 109 103 99 97 94 91 89 86 83
72 74 75 77 79 81 84 88 92 96 100 104 107 109 111 112 114 116 117 118 115 111 108 105 101 98 96 99 101 103 105 107 109 110 110 109 109 109 108 108 110 115 120 125 130 135 140 145 148 151 155 158 161 165 168 173 177 182 186 191 195 198 198 198 198 198 198 198 197 194 191 189 186 183 181 177 173 168 164 160 155 151 146 142 137 132 128 123 118 115 111 108 105 101 98 95
72 73 75 76 78 79 83 87 91 95 99 103 106 107 109 110 111 112 114 114 112 109 107 104 102 99 98 100 101 103 105 106 108 110 111 112 113 114 116 117 120 126 131 137 143 149 155 159 162 164 166 169 171 173 176 180 183 186 190 193 197 198 199 199 200 200 201 201 200 197 194 192 189 186 184 180 176 172 168 164 160 156 153 150 147 143 140 137 134 130 126 122 118 114 110 106
71 73 74 75 77 78 82 86 90 94 98 101 105 106 106 107 108 109 110 110 109 107 106 104 102 101 100 101 102 104 105 106 107 109 112 115 117 120 123 126 130 136 143 149 156 163 169 174 175 176 178 179 181 182 184 186 188 191 193 195 198 199 200 201 202 202 203 204 203 200 197 195 192 190 187 184 180 177 173 169 166 162 160 158 156 154 152 151 149 145 140 136 131 127 122 117
71 72 73 75 76 77 81 85 89 93 96 100 103 104 104 105 105 106 106 107 106 105 104 104 103 102 102 103 103 104 105 106 107 109 113 117 121 126 130 134 140 147 154 162 169 176 184 188 188 189 189 190 190 191 192 193 194 195 196 198 199 200 201 202 203 204 205 207 206 203 200 198 195 193 190 187 184 181 178 174 171 168 166 166 166 165 165 164 164 160 155 150 144 139 134 129
71 72 73 74 75 76 80 84 88 92 95 99 102 102 102 102 103 103 103 103 103 103 103 103 103 103 103 104 104 105 105 105 106 108 114 120 125 131 137 143 150 158 166 174 182 190 198 202 202 201 201 201 200 200 199 199 200 200 200 200 200 201 202 204 205 206 208 209 208 206 203 201 198 196 193 191 188 185 182 179 176 173 173 174 175 176 177 178 179 175 169 164 158 152 146 140
70 71 72 73 74 75 79 83 87 90 94 98 101 101 100 100 100 99 99 99 100 101 102 103 104 105 105 105 105 105 105 105 105 107 115 122 130 137 144 152 160 168 177 186 195 204 212 217 215 214 213 211 210 208 207 206 205 204 203 202 201 201 203 205 207 208 210 212 211 209 206 204 202 199 197 194 192 189 187 184 182 179 180 182 185 187 189 192 194 190 184 178 171 165 158 152
71 72 73 74 75 76 80 83 87 90 94 97 100 100 99 99 99 99 98 98 99 100 102 103 104 105 106 106 106 106 106 106 106 109 116 123 130 137 144 151 159 167 176 184 192 201 209 214 213 212 212 211 210 209 208 206 204 202 201 199 197 197 198 200 201 202 204 205 205 202 200 198 195 193 191 188 185 183 180 178 175 172 174 178 181 185 189 193 196 193 186 180 173 167 160 154
72 73 74 76 77 78 81 84 87 91 94 97 99 99 99 99 98 98 98 98 99 100 102 103 104 105 106 106 107 107 107 108 108 110 117 123 129 136 142 148 155 163 171 179 187 195 203 208 208 208 208 208 208 208 207 205 202 200 197 194 192 191 192 193 194 195 196 197 196 194 192 189 187 185 183 180 177 175 172 169 166 163 166 171 176 181 186 191 196 193 187 180 174 167 161 154
73 74 76 77 78 80 83 85 88 91 93 96 98 98 98 98 98 98 98 98 99 100 102 103 104 105 106 107 107 108 108 109 110 112 118 123 129 135 140 146 152 160 167 175 182 190 197 202 203 204 205 206 207 208 207 203 200 197 193 190 187 185 186 186 187 187 188 188 187 185 183 181 179 177 175 172 169 166 163 160 157 154 157 164 170 177 183 189 196 193 187 180 174 167 161 155
74 76 77 79 80 82 84 86 88 91 93 95 97 97 97 97 98 98 98 98 99 100 102 103 104 105 106 107 108 109 110 111 111 114 119 124 129 134 139 143 149 156 163 170 177 184 191 196 198 199 201 203 205 207 206 202 198 194 190 186 182 180 180 180 180 180 180 180 179 177 175 173 171 169 167 164 161 158 155 151 148 145 149 157 164 172 180 188 196 193 187 181 174 168 161 155
75 77 78 80 82 83 85 87 89 91 93 95 96 97 97 97 97 97 98 98 99 100 102 103 104 105 106 107 109 110 111 112 113 115 120 124 128 132 137 141 146 153 159 165 172 178 185 190 192 195 198 201 203 206 205 201 196 191 186 182 177 174 174 173 173 172 172 171 170 168 166 165 163 161 159 157 153 150 146 143 139 136 140 150 159 168 177 186 195 194 187 181 174 168 162 155
76 78 80 81 83 85 86 88 90 91 93 94 95 96 96 96 97 97 97 98 99 100 101 103 104 105 106 108 109 111 112 113 115 117 121 124 128 131 135 139 143 149 155 161 167 173 179 184 187 191 194 198 202 205 205 199 194 188 183 177 172 169 168 167 166 165 164 163 161 160 158 156 155 153 152 149 145 141 138 134 130 126 132 143 153 164 174 185 195 194 187 181 175 168 162 156
77 79 81 83 85 87 88 89 90 91 92 94 95 95 95 96 96 97 97 98 99 100 101 103 104 105 107 108 110 112 113 115 117 119 121 124 127 130 133 136 140 145 151 156 162 167 172 178 182 187 191 196 200 205 204 198 192 185 179 173 167 163 162 160 159 157 156 154 153 151 150 148 147 145 144 141 137 133 129 125 121 117 124 136 147 159 171 183 195 194 188 181 175 169 162 156
77 79 81 83 85 87 88 90 91 92 93 95 96 96 96 97 97 97 98 98 100 101 102 103 105 106 107 108 110 111 112 114 115 117 121 124 128 131 135 138 142 147 151 156 161 165 170 174 178 182 186 190 194 197 197 191 186 180 175 169 163 160 159 158 157 156 155 153 152 150 148 147 145 143 141 139 136 133 130 127 124 121 127 138 150 161 172 184 195 194 188 182 176 170 164 158
77 79 81 83 85 87 89 90 92 93 95 96 97 98 98 98 98 98 99 99 100 102 103 104 105 106 107 108 109 110 111 112 113 115 119 124 128 132 136 141 145 149 152 156 160 164 168 171 174 177 180 183 186 189 189 184 179 174 170 165 160 158 157 156 156 155 155 154 152 150 148 146 144 142 140 138 136 134 132 130 128 126 132 143 153 164 174 184 195 194 189 183 177 172 166 161
78 79 81 83 85 87 89 91 92 94 96 98 99 99 99 99 99 99 99 100 101 102 103 105 106 107 108 108 109 110 110 111 111 113 118 123 128 133 138 143 147 150 154 157 160 163 166 169 171 173 175 177 179 181 180 176 173 169 165 161 157 155 155 155 155 155 155 154 153 151 148 146 143 141 138 137 136 135 134 133 132 131 137 147 156 166 176 185 195 194 189 184 179 173 168 163
78 80 82 84 86 88 89 91 93 95 97 99 100 100 100 100 100 100 100 100 102 103 104 105 106 108 108 109 109 109 109 109 109 111 117 123 129 134 140 146 150 152 155 157 159 162 164 166 167 168 169 171 172 173 172 169 166 163 160 157 154 153 153 154 154 154 155 155 154 151 148 145 142 139 137 136 136 136 136 136 136 136 142 151 160 169 177 186 195 194 190 185 180 175 170 165
78 80 82 84 86 88 90 92 94 96 98 100 102 102 102 102 101 101 101 101 102 104 105 106 107 108 109 109 108 108 108 108 107 109 116 122 129 135 142 148 153 154 156 157 159 160 162 163 163 163 164 164 164 165 164 162 160 157 155 153 151 150 151 152 153 154 155 155 154 151 148 145 141 138 135 134 136 137 138 139 140 141 147 155 163 171 179 187 195 194 190 186 181 177 172 168
78 80 82 84 86 88 90 93 95 97 99 102 104 103 103 103 102 102 102 102 103 104 105 106 108 109 109 109 108 107 107 106 106 108 115 122 129 136 144 151 155 156 157 158 158 159 160 160 159 159 158 158 157 157 156 154 153 152 150 149 148 148 149 151 152 153 155 156 155 151 147 144 140 137 133 133 136 138 140 142 144 147 152 159 167 174 181 188 195 195 191 186 182 178 174 170
78 80 82 84 86 88 91 93 96 98 101 103 105 105 104 104 103 103 103 103 104 105 106 107 108 109 110 109 108 107 106 105 104 106 114 122 129 137 145 153 158 158 158 158 158 158 158 157 156 154 153 151 150 149 148 147 147 146 146 145 145 145 147 149 151 153 155 156 155 151 147 143 140 136 132 132 136 139 142 145 149 152 157 164 170 176 183 189 195 195 191 187 184 180 176 173
79 81 83 85 87 89 92 94 97 99 102 104 106 106 105 105 105 104 104 104 105 106 108 109 110 111 111 110 109 108 106 105 104 106 113 120 128 135 143 150 154 154 154 154 154 154 154 153 152 151 149 148 146 145 144 144 144 144 144 145 145 146 148 150 153 155 157 160 158 155 151 147 143 139 135 136 139 143 146 150 153 157 161 167 172 178 183 188 194 193 189 186 182 178 175 171
80 82 84 86 88 90 93 95 98 100 103 105 107 107 107 106 106 106 106 106 107 108 109 110 111 113 113 111 110 109 107 106 105 106 113 119 126 133 139 146 150 150 150 150 150 150 150 149 148 147 146 144 143 142 141 142 142 143 144 144 145 146 149 152 155 157 160 163 162 158 154 151 147 143 139 140 144 147 151 154 158 162 166 170 174 179 183 187 192 190 187 184 180 177 173 170
82 83 85 87 89 91 94 96 99 101 104 106 108 108 108 108 107 107 107 107 109 110 111 112 113 114 114 113 111 110 108 107 105 106 112 118 124 130 136 142 146 146 146 146 146 146 146 145 144 143 142 141 140 138 138 139 141 142 143 144 145 147 150 153 157 160 163 166 165 162 158 154 151 147 143 144 148 152 155 159 163 167 170 173 177 180 183 186 190 188 185 181 178 175 171 168
83 85 86 88 90 92 95 97 100 102 104 107 109 109 109 109 109 109 109 109 110 111 112 113 115 116 116 114 113 111 109 107 106 106 112 117 122 128 133 139 142 142 142 142 142 142 142 142 141 139 138 137 136 135 135 137 139 140 142 143 145 148 151 155 159 162 166 170 169 165 162 158 154 151 147 148 152 156 160 164 168 172 174 177 179 181 183 186 188 186 183 179 176 173 169 166
84 86 88 89 91 93 96 98 100 103 105 108 110 110 110 110 110 110 110 111 112 113 114 115 116 117 118 116 114 112 110 108 106 107 111 116 121 125 130 135 138 138 138 138 138 138 138 138 137 136 135 134 133 132 132 135 137 139 141 143 145 148 152 157 161 165 169 173 173 169 165 162 158 155 151 152 156 160 164 168 172 176 179 180 181 182 183 185 186 184 181 177 174 171 168 164
85 87 89 90 92 94 96 99 101 104 106 109 111 111 111 111 112 112 112 112 113 115 116 117 118 119 119 117 115 113 111 109 107 107 111 115 119 123 127 131 134 134 134 134 134 134 134 134 133 132 131 130 129 129 129 132 135 137 140 143 145 149 154 158 163 167 172 176 176 173 169 166 162 159 155 156 161 165 169 173 177 181 183 183 183 183 184 184 184 182 179 175 172 169 166 163
87 88 90 92 93 95 97 100 102 105 107 110 112 112 112 113 113 113 113 114 115 116 117 118 119 121 121 118 116 114 112 110 107 107 110 114 117 120 124 127 129 130 130 130 130 130 130 130 129 128 128 127 126 125 126 130 133 136 139 142 146 150 155 160 165 170 174 179 180 176 173 169 166 163 159 160 165 169 173 178 182 186 187 186 185 185 184 183 182 180 176 173 170 167 164 161
91 93 94 96 98 100 103 105 108 110 113 116 118 118 118 118 118 118 119 119 119 120 120 121 121 122 122 120 119 117 116 115 113 113 117 120 123 127 130 133 135 136 136 136 136 136 136 136 135 134 133 132 131 130 132 135 138 141 144 148 151 154 158 162 166 171 175 179 178 175 172 169 166 163 160 161 164 168 171 175 178 182 182 181 180 178 177 176 175 172 169 167 164 161 158 155
95 97 99 101 103 105 108 111 113 116 119 121 124 124 124 124 124 124 124 124 124 123 123 123 123 123 122 122 121 121 120 120 119 120 123 126 130 133 136 140 142 142 142 142 142 142 142 142 141 140 139 138 137 136 137 140 143 146 150 153 156 159 162 165 168 171 174 178 177 174 172 169 166 163 160 161 164 166 169 172 175 177 177 176 174 172 171 169 167 165 162 160 157 155 152 149
99 101 103 106 108 110 113 116 119 122 125 127 130 130 129 129 129 129 129 129 128 127 126 125 125 124 123 123 124 124 124 125 125 126 130 133 136 140 143 146 148 148 148 148 148 149 149 148 147 146 145 143 142 141 142 145 149 152 155 158 162 164 166 168 170 172 174 176 176 173 171 168 166 164 161 161 163 165 167 169 171 173 172 170 168 166 164 162 160 158 155 153 151 148 146 144
103 105 108 110 113 116 119 121 124 127 130 133 136 135 135 135 135 135 134 134 132 131 129 128 126 125 124 125 126 127 129 130 131 133 136 139 143 146 149 153 155 155 155 155 155 155 155 154 153 152 150 149 148 146 147 151 154 157 160 164 167 169 170 171 172 173 174 175 175 173 170 168 166 164 162 162 163 164 165 166 167 168 167 165 162 160 157 155 152 150 148 146 144 142 140 138
107 110 112 115 118 121 124 127 130 133 136 139 142 141 141 141 140 140 140 139 137 134 132 130 128 126 125 127 129 131 133 135 137 139 143 146 149 152 156 159 161 161 161 161 161 161 161 160 159 158 156 155 153 152 152 156 159 162 166 169 172 174 174 174 174 174 174 174 173 172 170 168 166 164 162 162 162 162 163 163 164 164 162 159 156 154 151 148 145 143 141 139 138 136 134 132
111 114 117 120 123 126 129 132 136 139 142 145 148 147 147 146 146 145 145 144 141 138 135 132 130 127 126 129 131 134 137 140 143 146 149 152 156 159 162 165 167 167 167 167 167 167 167 167 165 163 162 160 159 157 158 161 164 168 171 174 178 179 178 177 176 175 174 173 172 171 169 167 166 164 163 162 162 161 161 160 160 159 157 154 151 147 144 141 138 136 134 133 131 129 128 126
115 118 121 125 128 131 134 138 141 144 148 151 153 153 152 152 151 150 150 148 145 142 138 135 131 128 126 130 134 137 141 145 148 152 155 158 162 165 168 171 173 173 173 173 173 173 173 173 171 169 167 166 164 162 163 166 169 173 176 179 183 183 182 180 178 176 174 172 171 170 168 167 166 165 163 162 161 160 159 157 156 155 152 149 145 141 138 134 131 129 127 126 125 123 122 121
116 120 123 127 130 134 137 139 142 145 148 151 153 152 151 150 148 147 146 144 141 138 135 131 128 125 123 127 130 133 136 139 142 146 150 154 157 161 165 169 171 171 170 170 170 169 169 168 166 165 164 162 161 160 160 163 166 169 172 175 178 178 177 175 173 172 170 168 167 166 165 164 163 162 161 161 160 160 159 159 158 158 156 152 149 146 142 139 135 133 132 131 129 128 126 125
118 121 125 129 133 136 139 141 144 146 149 151 153 151 149 148 146 144 142 140 137 134 131 128 125 122 121 123 126 128 131 134 136 140 144 149 153 158 162 167 169 168 168 167 166 165 164 163 162 161 160 159 158 157 158 160 163 165 168 170 173 173 172 170 169 167 166 164 163 163 162 161 161 160 159 159 159 160 160 160 161 161 159 156 153 150 146 143 140 138 137 135 133 132 130 129
119 123 127 131 135 139 141 143 145 147 149 152 153 150 148 146 143 141 139 136 133 131 128 125 122 119 118 120 122 124 126 128 130 133 139 144 149 154 159 165 167 166 165 163 162 161 159 158 158 157 157 156 155 155 156 158 160 162 164 166 168 168 167 166 164 163 162 161 160 159 159 158 158 158 157 158 159 160 161 162 163 164 162 159 156 154 151 148 145 143 141 140 138 136 134 133
121 125 129 133 137 141 143 145 147 148 150 152 153 150 147 144 141 138 135 132 130 127 124 122 119 116 115 116 118 119 121 123 124 127 133 139 145 151 157 162 165 163 162 160 158 156 155 154 153 153 153 153 153 152 153 155 156 158 160 161 163 163 162 161 160 159 158 157 156 156 156 156 155 155 155 156 158 159 161 163 165 166 165 163 160 158 155 153 150 148 146 144 142 140 138 137
122 126 131 135 140 144 145 147 148 149 151 152 152 149 145 142 138 135 131 128 126 123 121 118 116 113 112 113 114 115 116 117 118 121 128 134 141 147 154 160 163 161 159 157 154 152 150 149 149 149 149 150 150 150 151 152 153 154 155 157 158 158 157 156 155 155 154 153 152 153 153 153 153 153 153 154 157 159 162 164 167 169 169 166 164 162 159 157 155 153 151 149 147 145 142 140
123 128 133 138 142 146 147 148 149 150 151 152 152 148 144 140 136 132 128 124 122 120 117 115 113 110 109 109 110 111 111 112 112 115 122 129 136 143 151 158 161 159 156 153 151 148 145 144 145 145 146 146 147 148 148 149 150 151 151 152 153 153 152 152 151 150 150 149 149 149 149 150 150 150 151 153 156 159 163 166 169 172 172 170 168 166 164 162 160 157 155 153 151 149 147 144
125 130 135 140 145 149 150 150 151 151 152 153 152 147 143 138 134 129 124 120 118 116 114 112 110 108 107 107 107 107 107 107 107 109 117 125 132 140 148 156 159 156 153 150 147 144 141 140 141 142 143 144 145 145 146 147 147 147 148 148 148 148 148 147 147 146 146 145 145 146 147 147 148 148 149 152 156 159 163 167 171 175 175 173 171 170 168 166 164 162 160 157 155 153 150 148
125 130 135 140 145 150 151 152 152 153 154 155 155 150 145 140 135 130 126 121 120 118 116 115 113 112 110 110 109 109 109 108 108 110 117 125 132 139 147 154 158 155 153 151 149 147 144 143 144 145 145 146 147 147 148 148 149 150 150 151 151 151 151 150 149 148 148 147 147 148 149 150 151 152 153 155 159 162 165 169 172 175 175 174 172 171 169 168 166 164 162 159 157 155 152 150
125 130 136 141 146 151 152 153 154 155 156 158 157 152 147 142 137 132 127 122 121 120 119 118 116 115 114 113 112 111 111 110 109 111 118 125 132 139 146 153 156 155 153 152 151 149 148 147 147 148 148 148 149 149 150 150 151 152 153 153 154 154 153 152 151 151 150 149 149 150 152 153 154 155 157 159 162 164 167 170 173 175 176 174 173 172 170 169 168 166 164 161 159 157 154 152
125 131 136 142 147 152 153 155 156 157 159 160 160 155 149 144 139 133 128 124 123 122 121 120 120 119 118 116 115 114 113 111 110 112 118 125 131 138 144 151 155 154 154 153 152 152 151 151 151 151 151 151 151 151 151 152 153 154 155 156 157 157 156 155 154 153 152 150 151 152 154 156 157 159 160 162 165 167 169 171 174 176 176 175 174 173 172 171 170 168 165 163 161 159 156 154
125 131 137 142 148 153 154 156 158 159 161 163 163 157 151 146 140 135 129 125 124 124 123 123 123 122 122 120 118 116 115 113 111 112 119 125 131 137 143 150 153 153 154 154 154 154 154 154 154 154 153 153 153 153 153 154 155 156 158 159 160 160 158 157 156 155 153 152 153 155 157 158 160 162 164 166 168 169 171 173 174 176 176 175 175 174 173 172 171 170 167 165 163 161 158 156
