pluvio/pluvio-283.asc
ncols         252
nrows         154
xllcorner     -0.5
yllcorner     -153.5
cellsize      1
NODATA_value  -9999
[rows 46 to 91 of 154, columns 96 to 191 of 252]
32 39 46 53 60 66 66 66 67 67 68 68 68 69 70 71 71 72 73 73 72 70 69 67 66 65 66 72 79 86 93 100 107 111 108 105 102 99 96 94 96 108 120 132 144 155 167 171 163 156 149 142 134 127 124 125 126 127 128 130 131 128 122 116 110 104 98 92 85 79 72 65 59 52 46 42 40 38 36 34 32 30 27 25 22 20 17 15 13 14 18 21 24 28 31 34
33 40 47 54 61 66 67 68 68 69 69 70 70 71 72 72 73 73 74 74 73 72 70 69 68 67 68 75 81 88 94 101 107 111 108 105 102 99 96 93 95 106 116 127 138 149 160 163 157 151 144 138 132 125 122 123 123 124 125 125 126 123 119 114 110 105 101 96 90 83 77 70 63 56 50 46 44 43 41 39 37 36 33 30 28 25 22 19 16 18 21 24 27 30 33 37
34 41 48 54 61 67 68 69 69 70 71 72 73 73 73 74 74 74 74 75 74 73 72 71 71 70 71 77 83 89 96 102 108 111 108 104 101 98 95 92 93 103 113 123 133 143 152 156 150 145 140 134 129 124 121 121 121 121 121 120 120 119 116 113 110 106 103 100 95 88 81 74 68 61 54 50 49 47 46 45 43 42 39 36 33 29 26 23 20 21 24 27 30 33 36 39
36 42 49 55 62 67 68 70 71 72 73 74 75 75 75 75 75 75 75 75 75 74 74 73 73 72 74 80 85 91 97 102 108 111 107 104 101 97 94 91 92 101 110 118 127 136 145 148 144 140 135 131 127 122 120 119 118 117 117 116 115 114 112 111 109 108 106 105 100 93 86 79 72 65 58 54 53 52 51 50 49 48 45 42 38 34 31 27 23 24 27 30 33 35 38 41
37 43 50 56 62 68 69 71 72 73 74 76 77 77 77 76 76 76 76 76 76 76 76 75 75 75 77 82 87 93 98 103 108 111 107 104 100 97 93 90 90 98 106 114 122 130 138 141 137 134 131 127 124 121 118 117 115 114 113 111 110 109 109 109 109 109 109 109 105 98 91 83 76 69 62 59 58 57 56 56 55 54 51 47 43 39 35 31 27 28 30 33 35 38 40 43
38 44 50 57 63 69 70 72 73 75 76 78 79 79 78 78 78 77 77 77 77 77 77 77 78 78 79 84 89 94 99 104 109 111 107 103 100 96 92 89 89 96 103 110 117 123 130 133 131 128 126 124 121 119 117 115 113 111 109 107 105 104 106 107 109 111 112 114 110 103 95 88 81 73 66 63 62 62 61 61 61 60 57 53 48 44 39 35 31 31 33 36 38 40 43 45
39 45 51 58 64 69 71 73 74 76 78 80 81 80 80 79 79 78 78 77 78 78 79 79 80 80 82 87 91 96 100 105 109 111 107 103 99 95 91 88 87 93 99 105 111 117 123 126 124 123 122 120 119 117 115 113 110 107 105 102 99 100 103 106 109 112 115 118 115 108 100 93 85 78 70 67 67 67 67 67 66 66 63 58 53 49 44 39 34 34 36 39 41 43 45 47
41 47 53 58 64 69 71 73 75 77 79 81 82 81 80 79 78 77 76 76 77 78 78 79 80 81 83 86 90 94 98 102 105 107 103 100 96 93 89 86 86 91 97 102 108 114 119 122 121 120 119 118 117 116 114 112 109 106 104 101 99 99 103 106 110 113 117 120 118 111 104 98 91 84 77 74 73 72 71 70 69 68 64 60 55 50 46 41 37 37 38 40 41 43 45 46
44 49 54 59 64 69 71 73 75 77 80 82 83 82 80 79 78 76 75 74 75 76 78 79 80 81 83 86 89 92 95 98 101 102 99 96 93 90 87 84 84 90 95 100 105 111 116 118 118 117 117 116 115 115 113 111 108 106 104 101 99 99 103 107 111 114 118 122 120 114 109 103 97 91 85 82 79 77 75 72 70 68 64 60 56 52 48 44 39 39 40 41 42 43 44 44
46 51 55 60 65 69 71 73 76 78 80 83 84 82 81 79 77 75 73 72 74 75 77 78 80 81 83 85 87 90 92 94 96 97 95 92 90 87 85 82 83 88 93 98 103 108 112 115 115 115 114 114 114 114 112 110 108 106 103 101 99 100 104 108 112 116 120 124 123 118 113 108 103 98 93 89 86 82 79 75 72 68 64 61 57 53 49 46 42 41 41 42 42 42 42 43
49 53 57 61 65 69 71 74 76 79 81 84 85 83 81 78 76 74 71 70 72 74 76 78 79 81 83 84 86 87 89 90 92 92 90 88 86 84 82 80 81 86 90 95 100 104 109 112 112 112 112 112 112 113 112 109 107 105 103 101 99 100 104 108 113 117 121 125 125 121 117 113 109 105 101 97 92 87 82 78 73 68 64 61 58 54 51 48 44 43 43 43 42 42 41 41
51 55 58 62 65 68 71 74 77 79 82 85 86 84 81 78 75 73 70 68 70 73 75 77 79 81 83 84 85 85 86 87 87 87 86 84 83 81 80 79 79 84 88 93 97 101 106 109 109 110 110 110 111 111 111 109 107 105 103 101 99 100 105 109 114 118 123 127 127 124 121 118 115 112 109 104 98 92 86 80 75 69 65 62 59 56 53 50 47 45 44 43 42 41 40 39
53 56 59 62 65 68 71 74 77 80 83 86 87 84 81 78 74 71 68 66 69 71 74 76 79 82 83 83 83 83 83 83 83 82 81 81 80 79 78 77 78 82 86 90 94 98 103 105 106 107 108 109 109 110 110 108 106 104 103 101 99 101 105 110 115 119 124 129 130 128 125 123 121 119 117 112 105 97 90 83 76 69 65 62 60 57 55 52 50 48 46 44 43 41 39 38
56 58 61 63 66 68 71 74 77 80 84 87 88 85 81 77 74 70 66 64 67 70 73 76 79 82 83 83 82 81 80 79 78 78 77 77 76 76 75 75 76 80 84 88 92 95 99 102 103 104 106 107 108 109 109 107 106 104 102 101 99 101 106 111 116 121 126 131 132 131 130 128 127 126 125 119 111 103 94 86 77 69 65 63 61 58 56 54 52 50 48 45 43 41 38 36
57 59 61 63 65 68 71 75 78 82 86 89 91 87 83 79 75 71 67 65 68 71 74 77 80 84 86 85 84 83 83 82 81 80 80 79 78 78 77 76 77 81 85 89 93 97 100 103 104 105 106 106 107 108 108 107 106 105 105 104 103 105 109 114 119 124 128 133 134 132 130 128 126 123 121 116 108 101 93 86 78 71 66 64 62 59 57 54 52 50 49 48 47 46 45 43
57 59 61 63 65 67 71 75 80 84 88 92 94 90 85 81 76 72 68 65 69 72 76 79 82 86 88 88 87 87 86 86 85 84 83 82 81 80 79 78 79 83 87 90 94 98 102 104 105 105 106 106 107 107 108 107 107 107 107 107 107 109 113 118 122 127 131 136 136 133 129 126 123 119 116 111 104 98 91 85 79 72 68 65 62 60 57 54 51 51 51 51 51 51 52 52
58 60 61 63 65 67 71 76 81 85 90 95 97 92 88 83 78 73 68 66 69 73 77 81 84 88 91 90 90 90 89 89 89 88 87 86 84 83 82 80 81 85 88 92 96 100 103 106 106 106 106 106 106 107 107 108 108 109 109 110 111 113 117 122 126 130 134 139 138 133 129 124 120 115 111 106 101 95 90 84 79 74 70 67 63 60 57 54 51 51 52 54 56 57 59 60
58 60 61 63 64 66 72 77 82 87 92 97 100 95 90 85 79 74 69 66 70 74 78 82 86 90 93 93 93 93 93 93 93 92 90 89 87 85 84 82 82 86 90 94 97 101 105 107 107 107 106 106 106 106 106 108 109 111 112 113 115 117 121 125 129 133 137 141 140 134 128 123 117 112 106 101 97 92 88 84 80 75 71 68 64 61 57 54 50 51 54 57 60 63 66 69
59 60 62 63 64 66 72 77 83 89 94 100 103 98 92 87 81 75 70 67 71 75 80 84 88 93 96 96 96 96 96 96 97 96 94 92 90 88 86 84 84 88 92 95 99 103 106 108 108 107 107 106 106 105 106 108 110 112 114 116 119 122 125 129 133 136 140 144 142 135 128 121 114 108 101 96 93 90 86 83 80 77 73 69 65 61 57 53 50 51 56 60 64 69 73 77
60 61 62 63 64 66 72 78 84 90 96 103 106 100 94 88 83 77 71 67 72 77 81 86 90 95 98 99 99 99 100 100 100 100 98 95 93 90 88 86 86 89 93 97 101 104 108 110 109 108 107 106 105 104 105 108 111 114 117 120 123 126 129 133 136 140 143 147 144 136 128 120 112 104 96 91 89 87 85 83 80 78 75 70 66 62 58 53 49 52 57 63 69 74 80 86
60 61 62 63 63 65 72 79 85 92 99 105 109 103 97 90 84 78 71 68 73 78 83 87 92 97 101 101 102 103 103 104 104 104 101 98 96 93 90 88 87 91 95 98 102 106 109 111 110 108 107 106 105 104 105 108 112 116 119 123 127 130 133 136 140 143 146 149 146 136 127 118 109 100 91 86 85 84 83 82 81 80 76 72 67 62 58 53 48 52 59 66 73 80 87 94
66 68 69 71 73 75 81 87 93 99 105 111 114 107 101 94 88 81 74 71 75 80 85 89 94 99 102 103 104 104 105 105 106 106 104 101 99 97 95 93 92 95 97 100 103 105 108 109 107 106 105 103 102 101 102 106 109 113 117 121 125 129 132 136 139 143 146 150 146 137 129 120 111 103 94 90 89 87 86 85 83 82 79 74 69 65 60 55 50 54 60 67 73 80 86 92
72 75 78 80 83 86 91 96 101 106 111 116 119 112 105 98 91 84 78 73 78 82 87 91 96 100 104 104 105 106 106 107 108 108 106 104 103 101 99 98 97 99 100 101 103 104 106 106 105 103 102 100 99 98 99 103 107 111 115 119 123 127 131 134 138 142 146 150 147 139 130 122 114 106 98 94 92 91 89 88 86 84 81 76 71 67 62 57 53 55 61 67 73 78 84 90
79 82 86 90 93 97 101 105 110 114 118 122 124 117 109 102 95 88 81 76 81 85 89 93 98 102 105 106 107 107 108 109 109 109 108 107 106 105 104 103 102 102 103 103 103 104 104 103 102 100 99 97 96 94 96 100 104 108 112 117 121 125 129 133 137 141 145 150 147 140 132 125 117 110 102 98 96 94 92 90 89 87 83 78 74 69 64 60 55 57 62 67 72 77 82 87
85 89 94 99 103 108 111 114 118 121 124 128 129 121 114 106 99 91 84 79 83 87 91 95 99 104 107 107 108 109 110 110 111 111 111 110 110 109 108 108 107 106 105 105 104 103 102 101 99 98 96 94 93 91 93 97 101 106 110 114 119 123 128 132 136 141 145 150 148 141 134 127 120 113 106 102 100 98 96 93 91 89 85 81 76 71 67 62 57 59 63 68 72 76 80 84
91 97 102 108 114 119 121 124 126 128 131 133 134 126 118 110 103 95 87 82 86 90 94 97 101 105 108 109 110 110 111 112 113 113 113 113 113 113 113 113 112 110 108 106 104 102 100 98 96 95 93 92 90 88 90 94 99 103 108 112 117 121 126 131 135 140 145 150 148 142 135 129 123 116 110 106 104 101 99 96 94 91 87 83 78 74 69 64 60 61 64 68 71 75 78 82
97 104 111 117 124 130 131 133 134 136 137 139 138 130 122 114 106 98 90 85 89 92 96 99 103 107 109 110 111 112 113 113 114 115 115 116 117 117 118 118 117 114 111 108 104 101 98 95 94 92 90 89 87 85 86 91 96 101 105 110 115 119 124 130 135 140 145 150 149 143 137 131 126 120 114 110 107 105 102 99 96 93 89 85 80 76 71 67 62 63 65 68 71 74 76 79
104 111 119 126 134 141 141 142 143 143 144 145 143 135 127 118 110 102 93 88 91 95 98 101 105 108 111 112 113 113 114 115 116 117 118 119 120 121 122 123 122 118 113 109 105 100 96 93 91 89 87 86 84 82 83 88 93 98 103 108 113 118 123 128 134 139 144 150 149 144 139 134 129 123 118 114 111 108 105 102 99 96 92 87 83 78 73 69 64 64 66 68 70 72 74 76
108 115 123 130 137 144 144 145 146 146 147 148 147 139 130 122 114 106 98 92 95 97 99 101 104 106 108 109 110 111 112 113 114 115 116 117 119 120 121 123 122 118 114 110 106 102 98 95 93 92 90 89 88 86 87 91 95 99 103 107 111 115 120 125 130 134 139 144 143 138 133 128 123 118 113 109 106 103 100 97 93 90 87 84 80 77 73 70 67 67 70 72 75 77 79 82
113 120 126 133 140 146 147 148 149 150 150 151 150 142 134 126 118 110 102 97 98 99 100 101 102 104 105 106 107 108 109 110 111 112 114 116 117 119 121 122 122 118 114 111 107 103 100 97 96 95 94 93 91 90 91 94 97 100 103 106 109 112 117 121 125 130 134 138 137 132 127 123 118 113 108 104 101 98 94 91 88 85 82 80 78 75 73 71 69 70 73 76 79 82 85 87
117 124 130 137 143 149 150 151 152 153 154 155 154 146 138 130 122 115 107 101 101 101 101 101 101 101 102 103 104 105 106 108 109 110 112 114 116 118 120 122 122 118 115 112 108 105 101 99 98 98 97 96 95 94 95 97 99 101 103 105 107 110 113 117 121 125 129 133 131 127 122 117 112 107 102 98 95 92 89 86 82 79 77 76 75 74 73 72 71 73 76 80 83 86 90 93
122 128 134 140 147 152 153 154 155 156 157 158 157 150 142 134 127 119 111 105 104 103 102 101 100 99 99 100 101 103 104 105 106 108 110 112 115 117 119 121 121 118 115 112 109 106 103 101 101 100 100 100 99 99 99 100 101 102 103 104 105 107 110 114 117 120 124 127 126 121 116 111 106 102 97 93 90 87 83 80 77 74 73 73 73 73 73 73 73 76 79 83 87 91 95 99
126 132 138 144 150 155 156 157 158 159 160 161 161 153 146 138 131 123 116 110 107 105 103 101 99 97 96 97 98 100 101 103 104 106 108 111 113 116 118 121 121 119 116 113 110 108 105 103 103 103 103 103 103 103 103 103 103 103 103 103 103 104 107 110 113 116 118 121 120 115 110 106 101 96 92 88 84 81 78 75 71 68 68 69 70 72 73 74 75 78 83 87 91 96 100 104
130 136 142 147 153 158 159 160 161 162 164 165 164 157 150 142 135 127 120 114 111 107 104 101 98 94 93 94 96 97 99 100 102 104 106 109 112 115 118 120 121 119 116 114 112 109 107 106 106 106 106 107 107 107 107 106 105 104 103 102 101 102 104 106 109 111 113 115 114 109 105 100 95 91 86 82 79 76 72 69 66 63 63 65 68 70 73 75 77 81 86 91 96 100 105 110
135 140 145 151 156 160 162 163 164 166 167 168 168 161 153 146 139 132 124 118 114 109 105 101 96 92 90 91 93 94 96 98 99 101 104 108 111 114 117 120 121 119 117 115 113 111 109 108 108 109 109 110 111 111 111 109 107 105 103 101 99 99 101 103 104 106 108 110 108 103 99 94 90 85 81 77 74 70 67 64 61 57 58 62 65 69 72 76 79 84 89 94 100 105 110 115
140 145 150 155 161 165 166 167 168 169 170 171 170 162 154 146 138 130 122 115 111 107 103 99 95 91 89 90 92 93 94 96 97 99 102 105 108 111 115 118 119 117 115 113 111 109 107 107 107 108 109 110 110 111 111 109 107 105 103 101 99 99 100 101 102 103 104 105 103 99 95 91 87 82 78 75 72 69 67 64 61 58 59 63 66 69 72 75 78 83 88 93 98 103 108 113
145 150 155 160 165 170 170 171 172 172 173 174 173 164 155 146 137 128 119 112 108 105 101 97 94 90 88 89 90 92 93 94 95 97 100 103 106 109 112 116 117 115 113 111 110 108 106 105 106 107 108 109 110 111 110 109 107 105 103 101 99 98 99 99 100 100 100 101 99 95 91 87 83 79 76 73 70 68 66 64 61 59 60 63 66 69 72 75 78 82 86 91 96 100 105 110
150 155 160 165 170 174 175 175 175 176 176 177 175 165 156 146 136 127 117 109 106 102 99 96 93 89 87 88 89 90 91 92 93 95 98 101 104 107 110 113 115 113 111 110 108 106 105 104 105 106 107 109 110 111 110 108 107 105 103 101 99 98 98 97 97 97 97 96 94 91 87 84 80 77 73 71 69 67 65 64 62 60 61 64 66 69 72 74 77 81 85 89 94 98 103 107
155 160 165 170 175 179 179 179 179 179 179 180 178 167 156 146 135 125 114 106 103 100 97 94 91 88 87 87 88 89 89 90 91 92 95 99 102 105 108 111 113 111 110 108 106 105 103 103 104 106 107 108 109 110 110 108 107 105 103 101 99 98 97 96 95 94 93 92 89 86 83 80 77 74 71 69 67 66 65 64 62 61 62 64 67 69 71 74 76 79 84 88 92 96 100 105
160 165 169 174 179 183 183 183 183 183 183 182 180 169 157 146 135 123 112 103 100 98 95 93 90 87 86 86 87 87 88 88 89 90 93 96 100 103 106 109 110 109 108 106 105 103 102 102 103 105 106 107 109 110 110 108 107 105 103 101 99 97 96 94 92 91 89 87 85 82 79 76 74 71 68 66 66 65 64 63 63 62 63 65 67 69 71 73 75 78 82 86 90 94 98 102
165 169 174 179 184 188 187 187 187 186 186 185 182 170 158 146 134 122 110 100 98 95 93 91 89 87 85 85 85 86 86 86 86 88 91 94 97 101 104 107 108 107 106 105 103 102 101 101 102 104 105 107 109 110 110 108 106 105 103 101 99 97 95 92 90 88 85 83 80 78 75 73 70 68 65 64 64 64 64 63 63 63 64 66 67 69 71 72 74 77 81 85 88 92 96 99
170 174 179 184 188 192 192 191 190 189 189 188 185 172 159 146 133 120 107 97 95 93 91 89 87 86 84 84 84 84 84 84 84 85 89 92 95 98 101 105 106 105 104 103 102 101 100 100 101 103 105 107 108 110 110 108 106 105 103 101 99 97 94 91 88 85 82 79 76 74 72 69 67 65 63 62 63 63 63 63 64 64 65 66 68 69 71 72 73 76 80 83 86 90 93 97
175 179 183 187 191 195 194 194 193 192 192 191 188 175 161 148 134 121 108 97 95 92 90 88 86 83 82 82 82 82 82 82 82 83 86 89 92 95 98 101 103 102 102 101 101 101 100 101 102 104 105 107 108 110 110 108 106 104 102 100 98 96 93 91 88 85 82 80 77 75 72 70 68 66 63 63 63 63 63 64 64 64 65 67 69 71 72 74 76 78 81 84 87 90 93 96
181 184 187 191 194 197 197 196 196 195 195 194 191 177 163 150 136 122 108 97 94 92 89 86 84 81 79 79 79 80 80 80 80 81 84 86 89 92 95 97 99 99 100 100 100 100 101 101 103 104 106 107 108 110 110 108 106 104 102 100 98 95 93 90 88 86 83 81 78 76 73 71 68 66 63 63 63 63 64 64 64 65 66 68 70 72 74 76 78 80 82 85 87 90 92 94
186 189 192 194 197 199 199 199 198 198 198 198 194 180 166 151 137 123 108 97 94 91 88 85 82 79 77 77 77 77 77 78 78 79 81 84 86 89 91 94 96 97 97 98 99 100 101 102 103 105 106 107 108 110 109 107 105 103 101 99 97 95 93 90 88 86 84 82 79 77 74 71 69 66 64 63 63 64 64 64 65 65 66 69 71 73 75 78 80 82 84 86 88 90 91 93
192 194 196 198 200 202 202 201 201 201 201 201 198 183 168 153 138 124 109 97 94 90 87 83 80 77 74 74 75 75 75 76 76 77 79 81 83 86 88 90 92 94 95 97 98 100 102 103 104 105 106 107 109 110 109 107 105 103 100 98 96 94 92 90 88 86 85 83 80 78 75 72 69 67 64 63 63 64 64 64 65 65 67 69 72 75 77 80 82 84 85 87 88 89 91 92
