pluvio/pluvio-259.asc
ncols         252
nrows         154
xllcorner     -0.5
yllcorner     -153.5
cellsize      1
NODATA_value  -9999
[rows 53 to 105 of 154, columns 96 to 191 of 252]
32 32 33 34 34 35 35 36 37 37 38 38 40 45 50 55 60 65 70 72 68 63 59 54 50 45 42 41 40 39 37 36 35 35 38 41 43 46 48 51 52 50 47 45 43 41 39 36 34 31 29 26 24 21 19 18 17 16 15 14 13 13 15 17 19 21 23 26 27 28 29 30 31 32 33 34 34 34 34 34 34 34 36 39 43 46 49 52 55 57 60 62 64 66 68 70
32 32 32 32 32 32 33 33 34 34 35 35 37 41 45 50 54 58 62 65 61 56 52 48 44 40 37 36 35 35 34 33 32 32 35 37 39 42 44 46 47 45 44 42 41 39 38 36 34 31 29 26 24 22 20 19 18 17 16 15 14 14 16 18 19 21 23 25 26 28 30 32 34 36 38 39 40 40 40 41 41 41 43 47 50 53 56 60 63 65 67 68 70 72 73 75
32 31 31 30 30 29 30 30 31 31 32 33 34 37 41 44 48 52 55 57 53 50 46 43 39 35 33 32 31 31 30 29 29 29 31 33 35 37 39 41 42 41 41 40 39 38 37 36 33 31 29 27 25 22 21 20 19 18 17 16 15 16 17 18 20 21 22 24 26 29 32 35 38 41 43 45 45 46 46 47 47 48 50 54 57 60 64 67 71 72 73 75 76 77 78 79
32 31 30 29 27 26 27 28 28 29 29 30 31 34 37 39 42 45 48 49 46 43 40 37 34 30 28 28 27 27 26 26 26 26 28 29 31 33 35 37 38 37 37 37 37 37 36 35 33 31 29 27 25 23 21 21 20 19 18 18 17 17 18 19 20 21 22 23 25 29 33 37 41 45 49 51 51 52 53 53 54 55 57 61 64 68 71 75 78 80 80 81 82 82 83 84
32 30 29 27 25 24 24 25 25 26 26 27 28 30 32 34 36 39 41 42 39 36 34 31 28 26 24 23 23 23 23 23 22 23 24 26 27 29 30 32 33 33 34 34 35 35 36 35 33 31 29 27 25 23 22 21 21 20 20 19 18 18 19 19 20 20 21 22 25 29 34 39 44 49 54 56 57 58 59 60 61 62 64 68 72 75 79 82 86 87 87 87 88 88 88 88
32 30 28 25 23 21 21 22 22 23 23 24 25 26 28 29 31 32 34 34 32 30 27 25 23 21 19 19 19 19 19 19 19 20 21 22 23 25 26 27 28 29 31 32 33 34 35 35 33 31 29 28 26 24 23 22 22 21 21 20 20 20 20 20 20 20 20 21 24 30 36 41 47 53 59 62 63 64 65 66 67 69 71 75 79 83 86 90 94 95 94 94 94 93 93 92
33 30 27 23 20 18 19 19 20 20 21 21 22 22 23 24 25 26 26 27 25 23 21 19 17 16 14 15 15 15 15 16 16 16 17 18 19 20 21 22 24 25 27 29 31 32 34 35 33 31 30 28 26 25 24 23 23 22 22 22 21 21 21 20 20 20 20 20 23 30 37 44 50 57 64 67 69 70 71 73 74 75 78 82 86 90 94 98 102 102 101 100 99 99 98 97
32 30 27 24 21 19 19 20 20 21 21 22 22 22 23 23 24 24 24 25 23 22 21 20 19 18 17 17 16 16 16 15 15 15 16 17 18 19 20 21 22 24 26 27 29 31 33 33 32 30 29 27 26 24 24 23 23 23 23 22 22 22 22 22 21 21 21 21 25 32 39 46 53 59 66 70 73 75 77 80 82 84 87 90 93 96 99 102 104 104 102 101 99 97 95 93
32 30 27 25 22 20 21 21 21 22 22 23 23 23 23 23 23 23 23 23 23 23 22 22 22 21 21 20 18 17 16 15 14 14 15 16 17 18 19 20 21 23 24 26 28 29 31 32 30 29 28 27 25 24 24 23 23 23 23 23 23 23 23 23 23 23 23 23 26 33 40 47 54 61 68 73 77 80 83 86 90 93 95 97 99 101 103 105 107 105 103 100 97 95 92 89
32 30 28 26 23 22 22 22 23 23 23 23 24 23 23 23 22 22 22 22 22 23 23 24 24 24 24 22 21 19 17 15 13 12 13 14 15 16 17 18 20 21 23 25 26 28 30 30 29 28 27 26 25 24 23 24 24 24 24 24 24 24 24 24 24 24 24 24 28 35 42 49 56 63 71 76 80 85 89 93 98 102 104 105 106 107 107 108 109 107 103 99 96 92 88 85
32 30 28 26 24 23 23 23 24 24 24 24 24 24 23 23 22 21 21 20 22 23 24 25 26 28 28 25 23 20 18 15 13 11 12 13 14 15 16 17 18 20 22 23 25 26 28 29 28 27 26 25 25 24 23 24 24 24 25 25 25 25 25 26 26 26 26 26 30 37 44 51 58 65 73 79 84 89 95 100 106 111 113 112 112 112 112 111 111 108 103 99 94 90 85 80
31 30 28 27 26 24 25 25 25 25 25 25 25 24 23 22 21 20 19 19 21 23 25 27 29 31 31 28 25 22 18 15 12 10 11 12 13 14 15 16 17 19 20 22 23 25 26 27 26 26 25 25 24 23 23 24 24 25 25 26 26 27 27 27 27 27 27 27 31 39 46 53 60 68 75 81 88 94 101 107 114 120 121 120 119 117 116 115 114 109 104 98 93 87 82 76
31 30 29 28 27 26 26 26 26 26 26 26 26 25 23 22 21 19 18 18 20 23 26 29 31 34 35 31 27 23 19 15 11 9 10 11 12 13 14 15 16 17 19 20 22 23 25 26 25 25 24 24 24 23 23 24 25 25 26 27 27 28 28 28 28 29 29 29 33 40 48 55 62 70 77 84 92 99 107 114 122 129 130 128 125 123 121 118 116 110 104 98 91 85 78 72
31 30 29 29 28 27 27 27 27 27 27 27 27 25 24 22 20 18 17 16 20 23 27 30 34 37 38 34 29 24 20 15 10 8 9 10 11 12 13 14 15 16 18 19 20 22 23 24 24 24 23 23 23 23 23 24 25 26 27 27 28 29 29 29 30 30 30 30 35 42 49 57 64 72 79 87 95 104 112 121 130 138 139 135 132 128 125 121 118 112 104 97 89 82 75 67
31 31 30 30 29 29 29 29 29 29 29 29 29 27 25 23 21 19 17 16 19 22 26 29 32 35 36 32 28 24 19 15 11 8 9 10 11 12 13 14 15 16 17 19 20 21 23 23 23 23 23 23 23 23 24 25 26 27 28 29 30 30 30 30 30 31 31 31 35 42 50 57 65 72 79 87 96 104 112 120 129 137 138 135 132 129 126 123 120 114 107 100 93 86 79 72
31 31 31 31 31 31 31 31 31 31 31 31 31 28 26 24 21 19 17 16 19 22 24 27 30 33 34 30 26 23 19 15 11 9 10 11 11 12 13 14 15 16 17 18 19 21 22 23 23 23 23 24 24 24 25 26 27 28 29 30 31 31 31 31 31 31 31 31 35 43 50 57 65 72 79 87 95 103 111 119 127 136 137 134 132 129 127 124 122 116 110 104 97 91 84 78
32 32 32 33 33 33 33 33 33 33 33 33 33 30 27 25 22 20 17 16 18 21 23 26 28 31 31 28 25 22 18 15 12 10 11 11 12 12 13 14 15 16 17 18 19 20 21 22 23 23 23 24 24 25 25 26 28 29 30 31 32 32 32 32 32 32 31 31 35 43 50 58 65 72 80 87 95 103 111 118 126 134 135 133 131 129 127 126 124 119 113 107 101 95 90 84
32 33 33 34 34 35 35 35 35 35 35 35 35 32 29 26 23 20 17 15 18 20 22 24 26 28 29 26 23 21 18 15 13 11 11 12 12 13 13 14 15 16 17 18 19 20 21 21 22 23 23 24 25 25 26 27 28 30 31 32 33 33 33 33 32 32 32 31 36 43 50 58 65 73 80 87 95 102 110 117 125 132 134 132 131 130 128 127 125 121 116 111 105 100 95 89
32 33 34 35 36 37 37 37 37 37 37 37 37 33 30 27 24 20 17 15 17 19 20 22 24 26 26 24 22 20 17 15 13 12 12 12 13 13 14 14 14 15 16 17 18 19 20 21 22 22 23 24 25 26 27 28 29 31 32 33 34 35 34 34 33 33 32 32 36 43 51 58 65 73 80 87 95 102 109 116 123 131 133 132 131 130 129 128 127 124 119 114 109 105 100 95
33 34 35 37 38 39 39 39 39 39 39 39 39 35 31 28 24 21 17 15 16 18 19 21 22 23 24 22 20 19 17 15 14 13 13 13 13 14 14 14 14 15 16 17 18 18 19 20 21 22 23 24 25 26 28 29 30 31 33 34 35 36 35 34 34 33 33 32 36 43 51 58 66 73 80 87 94 101 108 115 122 129 131 131 130 130 130 129 129 126 122 118 113 109 105 101
33 35 36 38 40 41 41 41 41 41 41 41 41 37 33 29 25 21 17 15 16 17 18 19 20 21 21 20 19 18 17 15 14 14 14 14 14 14 14 14 14 15 16 16 17 18 19 20 21 22 23 24 26 27 28 30 31 32 34 35 37 37 36 35 34 34 33 32 36 43 51 58 66 73 81 88 94 101 108 114 121 127 130 130 130 130 131 131 131 128 125 121 118 114 110 107
32 34 35 37 38 40 40 39 39 39 39 39 39 35 32 28 25 22 18 16 17 18 20 21 22 23 23 22 21 20 18 17 16 15 15 15 15 15 15 15 15 16 17 18 19 20 21 22 23 24 26 27 28 29 30 31 32 33 34 35 37 37 36 35 34 34 33 32 36 43 51 58 66 73 81 87 94 100 107 113 120 127 129 130 131 132 132 133 134 132 128 125 121 118 114 111
32 33 34 36 37 38 38 38 38 38 37 37 37 34 31 28 25 22 19 17 19 20 21 23 24 25 26 24 23 22 20 19 17 16 16 16 16 16 16 16 16 18 19 20 22 23 24 25 26 27 28 29 30 30 31 32 33 34 35 36 37 37 36 35 34 33 33 32 36 43 51 58 66 73 80 87 94 100 106 113 119 126 129 130 132 133 134 136 137 135 132 128 125 121 118 114
31 32 33 35 36 37 36 36 36 36 36 35 35 32 30 27 25 22 20 18 20 21 23 25 26 28 28 27 25 23 22 20 19 18 17 17 17 17 17 17 17 19 20 22 24 25 27 28 29 30 30 31 31 32 33 33 34 35 35 36 37 36 36 35 34 33 33 32 36 43 51 58 65 73 80 87 93 100 106 112 118 125 128 130 132 134 136 138 140 139 135 132 128 125 122 118
30 31 32 33 34 35 35 35 34 34 34 33 33 31 29 27 25 23 21 20 21 23 25 26 28 30 31 29 27 25 24 22 20 19 19 18 18 18 18 17 18 20 22 24 26 28 30 31 32 32 33 33 33 34 34 35 35 35 36 36 36 36 35 35 34 33 32 32 36 43 50 58 65 73 80 87 93 99 105 112 118 124 128 130 133 136 138 141 144 142 139 135 132 129 125 122
30 31 31 32 33 34 33 33 32 32 32 31 31 29 28 26 25 23 22 21 23 25 26 28 30 32 33 31 29 27 25 24 22 20 20 20 19 19 19 18 19 21 24 26 28 31 33 34 34 35 35 35 35 36 36 36 36 36 36 36 36 36 35 35 34 33 32 31 35 43 50 58 65 73 80 87 93 99 105 111 117 123 127 130 134 137 140 143 147 145 142 139 136 132 129 126
29 30 30 31 32 32 32 31 31 30 30 29 29 28 27 26 24 23 22 22 24 26 28 30 32 34 35 33 31 29 27 25 23 22 21 21 20 20 20 19 20 23 25 28 30 33 36 37 37 37 37 37 37 37 37 37 37 37 37 37 36 36 35 34 34 33 32 31 35 43 50 58 65 73 80 86 92 98 104 110 116 122 127 131 134 138 142 146 150 149 146 143 139 136 133 130
28 29 29 30 30 31 30 30 29 29 28 27 27 26 26 25 24 24 23 23 26 28 30 32 34 37 38 35 33 31 29 27 25 23 23 22 22 21 20 20 21 24 27 30 33 36 39 40 40 40 40 39 39 39 39 38 38 38 37 37 36 36 35 34 34 33 32 31 35 43 50 58 65 72 80 86 92 98 104 110 115 121 126 131 135 140 144 149 153 152 149 146 143 140 137 134
31 32 32 33 34 34 34 33 32 31 31 30 29 29 28 28 27 26 26 26 28 30 32 34 36 38 39 37 35 32 30 28 26 24 24 23 23 22 22 21 22 25 28 31 33 36 39 41 40 40 40 40 40 40 40 39 39 39 38 38 38 37 37 36 36 35 35 34 38 46 53 61 68 76 83 90 96 101 107 113 119 125 130 134 139 144 149 153 158 156 152 147 143 139 134 130
33 34 35 36 37 38 37 36 35 34 33 33 32 31 31 30 29 29 28 28 30 32 34 36 38 40 40 38 36 34 31 29 27 25 25 25 24 24 23 23 24 26 29 32 34 37 40 41 41 41 41 41 41 41 40 40 40 40 39 39 39 38 38 38 38 37 37 37 41 49 56 64 72 79 87 93 99 105 111 117 122 128 133 138 143 148 153 158 163 160 155 149 143 138 132 126
35 37 38 39 41 42 41 40 38 37 36 35 34 34 33 33 32 31 31 31 33 34 36 38 40 41 42 40 37 35 33 30 28 27 26 26 25 25 25 24 25 28 30 33 35 38 40 42 41 41 41 41 41 41 41 41 41 40 40 40 40 40 40 40 40 40 40 40 44 52 60 67 75 83 90 97 103 108 114 120 126 132 137 142 147 152 157 163 168 164 157 150 143 137 130 123
38 39 41 43 44 45 44 43 42 40 39 38 37 36 36 35 35 34 34 33 35 37 38 40 41 43 43 41 39 36 34 32 29 28 27 27 27 26 26 26 26 29 31 34 36 38 41 42 42 42 42 42 42 42 42 42 42 41 41 41 41 41 41 42 42 42 42 43 47 55 63 71 78 86 94 100 106 112 118 124 129 135 141 146 151 157 162 167 172 168 160 152 144 135 127 119
40 42 44 46 48 49 48 46 45 43 42 40 39 39 38 38 37 37 36 36 37 39 40 42 43 44 45 42 40 37 35 33 30 29 29 28 28 28 27 27 28 30 32 35 37 39 41 42 42 43 43 43 43 43 43 43 42 42 42 42 42 42 43 43 44 44 45 46 50 58 66 74 82 89 97 104 110 115 121 127 133 139 144 150 155 161 166 172 177 172 163 153 144 134 125 115
42 44 47 49 51 53 51 49 48 46 45 43 42 41 41 40 40 39 39 39 40 41 42 43 45 46 46 44 41 39 36 34 32 30 30 30 29 29 29 29 29 31 33 35 38 40 42 43 43 43 43 43 43 43 43 43 43 43 43 43 43 44 44 45 46 47 48 48 53 61 69 77 85 93 101 107 113 119 125 130 136 142 148 153 159 165 171 176 182 176 166 155 144 133 123 112
44 47 49 52 54 56 54 53 51 49 47 45 44 44 43 43 42 42 41 41 42 43 44 45 46 47 47 45 42 40 38 35 33 31 31 31 31 30 30 30 31 33 35 37 38 40 42 43 44 44 44 44 44 44 44 44 44 44 44 44 44 45 46 47 48 49 50 52 57 64 72 80 88 96 104 111 116 122 128 133 139 145 151 157 163 169 175 181 187 180 168 156 144 133 121 109
46 49 52 54 57 59 57 55 53 51 49 47 46 45 44 44 43 43 42 42 43 44 45 45 46 47 47 45 43 41 39 37 35 33 33 33 32 32 32 31 32 34 36 38 40 42 45 46 46 46 47 47 47 47 47 47 47 47 47 47 47 47 49 51 53 54 56 58 63 71 78 86 94 101 109 115 119 123 126 130 134 138 144 151 158 165 172 179 186 180 169 158 147 136 126 115
48 51 54 57 59 61 59 57 55 53 51 49 47 46 46 45 44 43 43 42 43 44 45 46 47 48 48 46 44 42 40 38 36 35 35 34 34 33 33 33 33 36 38 40 42 45 47 48 49 49 49 49 50 50 50 50 50 49 49 49 49 50 52 55 57 60 62 64 70 77 84 92 99 107 114 118 121 123 125 127 130 132 138 146 153 161 169 177 185 180 170 160 150 140 131 121
50 53 56 59 62 64 62 60 57 55 53 51 49 48 47 46 45 44 43 43 44 45 45 46 47 48 48 46 45 43 41 40 38 37 36 36 35 35 35 34 35 37 40 42 44 47 49 51 51 51 52 52 52 53 53 53 52 52 52 51 51 53 56 59 62 65 68 71 76 83 90 98 105 112 119 122 123 123 124 124 125 126 131 140 149 158 166 175 184 180 171 162 153 144 135 127
52 55 58 61 64 67 64 62 60 57 55 53 50 49 48 47 46 45 44 44 44 45 46 46 47 48 48 47 45 44 43 41 40 39 38 38 37 37 36 35 36 39 41 44 46 49 51 53 53 54 54 55 55 56 56 55 55 55 54 54 53 55 59 62 66 70 73 77 82 89 96 103 110 117 124 126 125 124 123 121 120 119 125 135 144 154 163 173 183 180 172 164 156 148 140 132
54 57 61 64 67 69 67 64 62 59 57 54 52 51 50 49 47 46 45 44 45 46 46 47 47 48 48 47 46 45 44 43 42 41 40 39 39 38 37 37 37 40 43 45 48 51 54 55 56 56 57 57 58 58 58 58 58 57 57 56 56 58 62 66 70 75 79 83 89 96 102 109 116 122 129 130 127 124 121 118 116 113 119 129 140 150 161 171 182 180 173 166 159 152 145 138
56 60 63 66 69 72 69 66 64 61 59 56 54 52 51 50 48 47 46 45 46 46 47 47 48 48 48 48 47 46 45 44 43 43 42 41 40 40 39 38 39 42 44 47 50 53 56 58 58 59 60 60 61 61 61 61 60 60 59 58 58 60 65 70 75 80 85 90 95 102 108 115 121 128 134 134 129 125 120 115 111 106 112 124 135 147 158 169 181 180 174 168 162 156 150 144
58 61 65 68 71 74 71 68 66 63 60 58 55 54 53 51 50 49 47 46 47 47 48 48 49 49 49 49 48 47 47 46 46 45 44 43 42 42 41 40 40 44 47 50 53 56 59 61 61 62 62 63 64 64 64 64 63 62 62 61 61 63 69 74 79 85 90 96 102 108 114 120 127 133 139 138 132 126 119 113 107 101 107 119 131 144 156 168 180 180 175 170 165 160 155 150
57 60 63 66 69 71 69 67 65 62 60 58 56 56 55 55 54 54 53 53 53 54 55 55 56 56 56 55 54 53 52 51 50 49 48 48 47 47 46 45 46 49 52 55 59 62 65 67 67 68 68 68 69 69 69 69 69 68 68 67 67 69 74 79 84 89 94 99 105 111 118 125 131 138 145 143 137 131 125 118 112 106 112 123 135 147 159 171 183 183 178 172 167 162 156 151
56 59 61 64 66 68 67 65 63 62 60 59 57 58 58 58 59 59 59 60 60 61 61 62 62 63 63 61 60 59 57 56 54 53 53 52 52 52 51 51 52 55 58 61 64 68 71 73 73 73 74 74 74 74 75 74 74 74 74 73 73 76 80 84 89 93 98 102 108 115 122 129 136 143 150 149 142 136 130 123 117 111 116 128 139 151 163 174 186 186 180 175 169 164 158 153
56 58 60 62 64 66 65 63 62 61 60 59 58 60 61 62 63 64 65 66 67 67 68 69 69 70 70 68 66 64 62 60 58 57 57 57 57 57 57 57 58 61 64 67 70 74 77 79 79 79 79 79 79 80 80 80 80 80 80 80 80 82 86 90 94 98 101 105 111 119 126 133 141 148 156 154 148 141 135 128 122 115 120 132 143 155 166 178 189 188 183 177 171 166 160 154
55 57 58 60 62 63 62 62 61 61 60 60 60 61 63 65 67 69 71 73 73 74 75 75 76 77 77 74 72 70 67 65 63 61 61 62 62 62 62 62 64 67 70 73 76 80 83 85 85 85 85 85 85 85 85 85 85 85 86 86 86 88 91 95 98 102 105 109 115 122 130 138 146 153 161 160 153 147 140 133 127 120 125 136 147 158 170 181 192 191 185 179 173 168 162 156
54 55 57 58 59 60 60 60 60 60 60 60 61 63 66 69 72 74 77 79 80 81 82 82 83 84 83 81 78 75 72 70 67 65 66 66 67 67 68 68 69 73 76 79 82 86 89 91 90 90 90 90 90 90 90 90 91 91 92 92 92 94 97 100 103 106 109 112 118 126 134 142 150 158 167 166 159 152 145 138 131 125 129 140 151 162 173 184 195 194 188 182 176 170 164 157
53 54 55 56 57 58 58 59 59 60 60 61 62 65 69 72 76 80 83 86 87 88 88 89 90 91 90 87 84 81 78 74 71 69 70 71 72 72 73 74 75 78 82 85 88 92 95 96 96 96 96 95 95 95 95 96 96 97 98 98 99 100 103 105 108 110 113 115 121 130 138 147 155 164 172 171 164 157 150 143 136 129 134 144 155 166 176 187 198 196 190 184 178 171 165 159
54 54 55 55 55 56 57 58 59 60 61 62 63 68 72 76 80 84 89 92 93 94 94 95 96 97 97 93 90 86 83 79 76 74 75 76 77 78 79 80 82 85 88 91 94 97 100 102 102 101 101 101 100 100 100 101 102 102 103 104 105 106 108 110 112 114 116 118 124 133 142 151 160 169 178 177 170 164 157 150 144 137 141 151 161 171 181 191 201 200 194 187 181 174 168 162
61 60 60 59 58 58 60 61 62 64 65 67 69 72 76 80 83 87 91 94 95 96 98 99 100 101 101 98 95 91 88 85 82 80 82 84 85 87 89 90 92 94 96 98 101 103 105 106 106 106 106 106 106 106 106 107 107 107 107 107 108 109 110 111 113 114 115 117 123 133 143 154 164 174 184 186 182 178 174 170 166 162 165 173 180 188 195 203 210 208 201 195 188 182 175 169
68 67 65 63 62 61 62 64 66 68 70 72 74 77 80 83 87 90 93 96 97 99 101 102 104 106 106 103 100 97 94 91 88 86 89 91 93 96 98 101 103 104 105 106 107 108 109 110 110 111 111 111 112 112 112 112 112 112 111 111 111 111 112 113 113 114 115 116 122 134 145 156 168 179 190 194 193 191 190 189 188 186 189 194 199 204 209 214 219 215 209 202 196 189 183 176
75 73 70 67 65 63 65 68 70 72 74 77 79 82 85 87 90 93 95 98 100 102 104 106 108 110 111 108 105 102 99 96 93 92 96 99 102 105 108 111 113 113 113 113 113 113 113 114 114 115 116 117 118 118 118 118 117 116 115 115 114 114 114 114 114 114 114 115 122 134 147 159 172 184 197 202 204 205 207 208 210 211 213 215 218 220 222 225 227 223 217 210 203 197 190 184
83 79 75 72 68 65 68 71 74 76 79 82 84 87 89 91 93 95 98 100 102 105 107 110 112 114 115 113 110 107 105 102 99 99 102 106 110 114 118 121 123 122 121 120 119 119 118 117 119 120 121 122 123 124 125 123 122 121 120 118 117 116 116 115 115 114 114 113 121 135 148 162 176 189 203 211 215 219 223 227 232 236 237 237 237 236 236 236 236 231 224 218 211 204 198 191
