pluvio/pluvio-346.asc
ncols         252
nrows         154
xllcorner     -0.5
yllcorner     -153.5
cellsize      1
NODATA_value  -9999
[rows 0 to 54 of 154, columns 0 to 95 of 252]
10 11 11 12 12 12 12 11 11 11 10 11 11 11 12 12 12 13 14 15 16 17 19 20 21 24 27 31 34 38 41 44 45 44 43 43 42 42 41 40 39 38 37 37 36 35 34 33 32 31 29 28 27 27 26 25 25 24 23 23 22 22 21 21 20 20 19 19 19 19 19 19 19 19 20 20 20 20 21 21 21 20 19 18 17 16 15 14 14 15 15 15 16 16 16 17
11 11 12 12 12 12 12 11 11 11 10 10 10 11 11 11 12 12 13 15 16 18 19 21 22 25 28 32 35 38 42 45 46 45 45 45 44 44 43 42 41 40 39 38 37 36 35 34 32 31 30 28 27 26 26 25 25 24 24 23 23 22 22 21 20 20 19 19 19 19 19 19 19 19 19 19 20 20 20 21 21 20 19 18 17 16 15 15 15 15 15 16 16 16 17 18
11 11 12 13 13 12 12 11 11 10 10 10 10 10 11 11 11 12 13 14 16 18 20 21 23 26 29 33 36 39 43 46 47 47 46 46 46 46 46 45 43 42 41 40 38 37 36 34 33 31 30 29 27 26 26 26 25 25 24 24 23 23 22 22 21 20 20 19 19 19 19 18 18 18 18 19 19 20 20 21 21 20 19 18 18 17 16 15 15 16 16 16 16 17 17 18
11 12 12 13 13 13 12 11 11 10 10 9 10 10 10 11 11 11 12 14 16 18 20 22 24 27 30 33 37 40 44 47 48 48 48 48 48 48 48 47 46 44 43 41 40 38 37 35 33 32 30 29 27 26 26 26 26 25 25 25 24 23 23 22 21 21 20 20 19 19 18 18 17 17 18 18 19 19 20 20 21 20 19 19 18 17 16 16 16 16 16 17 17 17 17 19
11 12 13 13 14 13 12 12 11 11 10 10 10 11 11 11 12 12 13 15 17 19 21 23 25 28 32 35 38 42 45 48 49 49 49 49 49 49 49 48 46 45 43 42 41 39 38 36 34 33 31 29 28 27 27 27 27 26 26 26 25 25 24 23 22 21 21 20 19 19 18 17 17 16 17 17 18 19 19 20 21 20 19 19 18 17 17 16 16 17 17 17 17 17 18 19
11 12 13 14 14 13 13 12 12 11 11 11 11 12 13 13 14 14 16 18 20 22 24 26 28 30 34 37 40 44 47 50 51 50 50 49 48 48 47 46 45 44 43 42 41 40 38 37 35 34 32 31 29 29 29 29 29 28 28 28 27 26 25 24 24 23 22 21 20 19 18 17 16 15 16 16 17 18 19 19 20 19 19 18 18 17 17 16 17 17 17 17 18 18 18 19
11 12 13 14 14 14 13 13 12 12 12 12 13 13 14 15 16 16 18 20 22 24 26 28 30 33 36 39 42 46 49 52 52 51 50 49 48 47 46 45 44 44 43 42 41 41 39 38 36 35 34 32 31 31 31 30 30 30 30 30 29 28 27 26 25 24 23 21 20 19 18 16 15 14 15 15 16 17 18 19 19 19 19 18 18 17 17 16 17 17 17 18 18 18 19 19
12 12 13 14 14 14 14 13 13 13 13 13 14 15 16 17 18 19 20 22 24 26 28 30 32 35 38 41 44 48 51 54 54 52 51 49 48 46 45 44 43 43 43 42 42 41 40 39 38 36 35 34 32 32 32 32 32 32 32 32 31 30 29 27 26 25 24 22 21 19 17 16 14 13 14 14 15 16 17 18 19 18 18 18 18 17 17 17 17 17 18 18 18 19 19 20
12 12 13 14 14 14 14 14 14 14 14 14 15 16 17 19 20 21 22 24 26 28 30 32 34 37 40 43 46 49 53 56 55 53 51 49 47 45 43 43 43 42 42 42 42 42 41 40 39 38 36 35 34 34 34 34 34 34 34 34 33 32 30 29 27 26 25 23 21 19 17 15 14 12 13 14 14 15 16 17 18 18 18 18 17 17 17 17 17 18 18 18 19 19 19 20
12 13 13 14 14 15 15 15 15 15 15 15 17 18 19 20 22 23 25 27 29 31 33 34 36 39 42 45 48 51 55 58 57 54 52 49 47 44 42 42 42 42 42 42 42 43 42 41 40 39 38 37 36 36 36 36 36 36 36 37 35 34 32 30 29 27 26 23 21 19 17 15 13 11 12 13 14 15 16 17 18 17 17 17 17 17 17 17 17 18 18 19 19 19 20 20
12 13 13 14 15 15 15 15 15 15 15 16 18 19 21 22 24 25 27 29 31 33 35 37 39 41 44 47 50 53 56 59 58 55 52 49 47 44 41 40 41 41 42 42 43 43 43 42 41 40 39 38 37 37 37 38 38 38 38 39 37 35 34 32 30 28 27 24 22 19 17 14 12 10 11 12 13 14 15 16 17 17 17 17 17 17 17 17 18 18 18 19 19 20 20 20
12 13 14 15 15 16 16 16 17 17 18 19 20 22 24 25 27 29 30 32 34 35 37 39 40 43 46 49 52 55 57 60 59 56 53 50 46 43 40 40 40 41 42 42 43 43 43 42 41 40 40 39 38 38 38 39 39 39 39 40 38 36 34 32 31 29 27 24 22 20 17 15 12 10 11 12 13 13 14 15 16 16 16 17 17 17 17 18 18 18 19 19 19 20 20 20
12 13 14 15 16 17 17 18 19 20 20 22 24 26 28 29 31 33 35 36 37 38 39 41 42 44 47 49 52 55 58 60 59 56 53 50 47 43 40 40 40 41 41 42 42 42 42 42 41 40 40 39 39 39 39 39 39 39 39 40 38 36 34 32 30 28 27 24 22 20 18 16 14 12 12 13 13 14 14 15 15 15 16 16 17 17 18 18 18 19 19 19 20 20 20 20
13 14 15 15 16 18 19 20 21 22 23 25 27 29 31 34 36 38 39 40 40 41 42 43 43 45 48 50 53 55 58 60 59 56 53 50 47 44 40 40 40 40 41 41 41 42 41 41 41 40 40 39 39 39 39 39 39 39 39 39 38 36 34 32 30 28 26 24 23 21 19 17 15 13 13 13 14 14 14 14 14 15 15 16 17 17 18 18 19 19 19 19 20 20 20 20
13 14 15 16 17 19 20 22 23 25 26 28 30 33 35 38 40 42 43 44 44 44 44 44 45 46 49 51 53 56 58 60 59 56 53 50 47 44 41 40 40 40 40 41 41 41 41 41 40 40 40 40 39 39 39 39 39 39 39 39 38 36 34 32 30 28 26 24 23 21 20 18 17 15 15 14 14 14 13 13 13 14 15 15 16 17 18 19 19 19 19 19 20 20 20 20
13 14 15 16 18 20 22 23 25 27 29 31 34 36 39 42 44 47 48 47 47 47 47 46 46 47 50 52 54 56 58 60 59 56 53 50 47 44 41 40 40 40 40 40 40 40 40 40 40 40 40 40 40 40 40 40 40 39 39 39 38 36 34 32 30 28 26 24 23 22 21 19 18 17 16 15 15 14 13 12 12 13 14 15 16 17 18 19 19 19 19 20 20 20 20 20
14 15 16 17 18 21 23 25 27 30 32 34 37 40 43 46 49 51 52 51 51 50 49 48 48 49 51 53 55 57 59 61 59 56 53 50 47 44 41 40 40 40 40 40 40 39 40 40 40 40 40 40 40 40 40 40 40 40 39 39 37 35 33 31 29 27 25 24 23 22 21 20 19 18 17 16 15 14 13 12 11 12 13 15 16 17 19 20 20 20 20 20 20 20 20 20
14 15 16 17 19 22 24 27 29 32 35 38 41 44 47 50 53 56 56 55 54 53 51 50 49 50 52 53 55 57 59 61 59 56 53 50 47 44 41 40 40 40 39 39 39 39 39 39 40 40 40 41 41 41 40 40 40 40 39 39 37 35 33 31 29 27 25 24 24 23 22 21 21 20 18 17 16 14 13 11 10 11 13 14 16 17 19 20 20 20 20 20 20 19 19 20
15 16 17 18 20 23 25 27 30 32 35 38 41 45 48 52 55 59 60 58 57 56 55 54 53 53 55 56 57 59 60 61 60 57 54 51 48 45 41 40 40 40 39 39 38 38 38 38 38 39 39 39 39 39 39 39 39 38 38 38 36 34 33 31 29 27 25 24 24 23 22 22 21 21 19 18 17 15 14 13 11 13 14 15 17 18 20 21 21 20 20 20 20 19 19 19
17 18 19 20 21 23 25 27 29 32 34 37 41 45 49 53 57 61 62 61 61 60 59 59 58 58 59 60 61 61 62 63 61 58 55 52 49 45 42 41 40 40 39 38 38 37 37 37 37 37 37 37 37 37 37 36 36 36 36 36 35 33 31 30 28 26 24 24 23 23 22 22 21 21 20 19 18 17 16 15 14 15 16 17 18 19 20 21 21 21 20 20 20 19 19 19
19 20 20 21 22 24 26 27 29 31 32 36 40 45 49 53 58 62 64 64 64 64 64 63 63 63 64 64 64 64 64 64 62 59 56 53 50 46 43 42 41 40 39 38 37 36 35 35 35 35 34 34 34 34 34 34 34 34 34 34 33 32 30 29 27 26 24 24 23 23 22 22 21 21 20 20 19 19 18 18 17 18 19 19 20 21 21 22 22 21 20 20 19 19 19 19
21 22 22 22 23 25 26 27 28 30 31 34 39 44 49 54 59 64 66 67 67 67 68 68 69 68 68 67 67 66 66 66 63 60 57 54 51 47 44 43 41 40 39 37 36 35 34 34 33 33 32 32 31 31 32 32 32 32 32 33 31 30 29 28 26 25 24 23 23 22 22 22 21 21 21 21 21 21 21 21 21 21 21 21 22 22 22 23 22 21 21 20 19 19 18 18
23 23 24 24 24 25 26 27 28 29 30 33 39 44 50 55 60 66 69 69 70 71 72 73 74 74 72 71 70 69 68 67 64 61 58 55 52 48 45 43 42 40 39 37 35 34 33 32 32 31 30 29 29 29 29 29 30 30 30 31 30 29 28 27 25 24 23 23 23 22 22 22 21 21 22 22 22 23 23 23 24 24 24 24 23 23 23 23 22 22 21 20 19 19 18 18
25 25 25 25 25 26 26 27 27 28 28 32 38 44 50 56 62 68 71 72 74 75 76 78 79 79 77 75 73 72 70 68 65 62 59 56 53 49 46 44 42 40 38 37 35 33 32 31 30 29 28 27 26 26 27 27 28 28 29 29 28 27 26 26 25 24 23 23 22 22 22 22 22 21 22 23 24 24 25 26 27 26 26 26 25 25 24 24 23 22 21 20 19 18 18 17
27 27 27 27 26 27 27 27 27 27 27 31 37 44 50 57 63 69 73 75 77 79 81 83 85 84 81 79 77 74 72 70 67 63 60 57 54 50 47 45 43 40 38 36 34 32 30 29 28 27 26 24 23 24 24 25 25 26 27 27 27 26 25 25 24 23 22 22 22 22 22 22 22 21 23 24 25 26 28 29 30 29 28 28 27 26 25 24 23 22 21 20 19 18 17 17
29 29 29 28 28 28 28 29 29 29 29 33 40 46 53 60 66 73 77 78 80 82 83 85 87 86 83 80 77 74 71 68 65 62 59 55 52 49 46 43 41 39 37 35 33 31 30 29 27 26 25 24 23 23 23 24 25 25 26 26 26 25 25 24 24 23 22 22 22 22 22 22 22 22 23 24 25 26 28 29 30 29 28 28 27 26 25 25 23 22 21 20 19 18 17 17
31 31 30 30 30 31 31 31 32 32 33 37 44 50 57 64 71 78 81 82 83 84 85 87 88 86 82 79 76 72 69 66 62 59 56 53 50 46 43 41 39 38 36 34 32 31 29 28 27 26 25 24 23 23 24 24 25 25 26 26 26 25 25 24 24 23 23 23 22 22 22 22 22 22 23 24 25 25 26 27 28 28 27 27 26 25 25 24 23 22 21 20 19 18 17 17
33 32 32 32 32 33 34 34 35 36 36 40 47 54 61 68 75 82 85 86 86 87 87 88 88 86 82 78 75 71 67 63 60 56 53 50 47 44 41 39 37 36 34 33 31 30 29 28 27 26 25 24 23 23 24 24 25 25 26 26 26 25 25 24 24 23 23 23 23 22 22 22 22 22 22 23 24 25 25 26 27 26 26 25 25 25 24 24 23 22 21 20 19 18 17 17
34 34 34 34 34 35 36 37 38 39 40 44 51 59 66 73 80 87 90 90 90 90 89 89 89 86 82 78 73 69 65 60 57 54 51 48 44 41 38 37 35 34 33 32 31 29 28 28 27 26 25 24 23 23 24 24 25 25 25 26 26 25 25 24 24 24 23 23 23 23 23 22 22 22 22 23 23 24 24 25 25 25 25 24 24 24 24 24 23 22 21 20 19 18 17 17
36 36 36 36 36 38 39 40 41 42 43 48 55 63 70 77 85 92 94 94 93 92 91 91 90 87 82 77 72 67 62 58 54 51 48 45 42 39 36 34 33 32 32 31 30 29 28 27 26 26 25 24 24 24 24 24 25 25 25 26 25 25 25 24 24 24 24 23 23 23 23 23 22 22 22 22 23 23 23 23 23 23 23 23 23 23 23 23 22 21 20 19 18 17 17 18
38 38 38 38 39 40 41 43 44 46 47 52 59 67 74 82 89 97 99 97 96 95 93 92 91 87 82 76 71 66 60 55 51 48 45 42 39 36 33 32 31 31 30 29 29 28 27 27 26 26 25 24 24 24 24 24 25 25 25 25 25 25 25 25 24 24 24 24 23 23 23 23 22 22 22 22 22 22 22 22 22 22 22 22 23 23 23 23 22 21 20 19 18 17 16 18
40 40 40 40 41 42 44 46 47 49 51 56 63 71 78 86 94 101 103 101 99 97 95 93 92 87 81 75 70 64 58 52 48 46 43 40 37 34 31 30 29 29 29 28 28 27 27 27 26 26 25 25 24 24 24 25 25 25 25 25 25 25 25 25 24 24 24 24 24 23 23 23 23 22 22 22 21 21 21 20 20 20 21 21 22 22 23 23 22 21 20 19 18 17 16 18
40 40 40 40 41 44 46 49 51 54 56 61 68 75 82 89 96 103 104 102 100 98 95 93 91 87 81 75 69 63 57 51 47 44 41 39 36 33 30 29 29 28 28 28 27 27 27 26 26 26 25 25 24 25 25 25 25 25 25 25 25 25 25 25 25 24 24 24 24 23 23 23 23 22 22 22 21 21 21 20 20 20 21 21 22 22 22 23 22 21 20 19 18 17 16 18
40 39 39 39 41 44 48 52 55 59 62 67 73 79 85 91 97 102 103 101 99 97 95 93 90 86 80 74 68 62 56 50 46 43 41 38 35 33 30 29 29 28 28 28 27 27 27 26 26 26 26 25 25 25 25 25 25 25 25 26 25 25 25 25 25 25 24 24 24 24 23 23 23 23 22 22 22 21 21 21 20 21 21 21 22 22 22 23 22 21 20 19 18 17 16 18
39 39 39 38 41 45 50 55 59 64 69 74 78 83 88 93 98 102 103 101 98 96 94 92 89 85 79 73 67 61 55 49 45 43 40 37 35 32 30 29 28 28 28 27 27 27 27 26 26 26 26 26 25 25 25 26 26 26 26 26 26 25 25 25 25 25 24 24 24 24 23 23 23 23 22 22 22 22 21 21 21 21 21 22 22 22 23 23 22 21 20 19 18 17 17 18
39 38 38 38 40 46 52 58 63 69 75 80 83 87 91 95 98 102 102 100 98 95 93 91 89 84 78 72 66 60 54 48 44 42 39 37 34 32 30 29 28 28 28 27 27 27 26 26 26 26 26 26 26 26 26 26 26 26 26 26 26 26 25 25 25 25 25 24 24 24 24 23 23 23 22 22 22 22 22 21 21 21 22 22 22 22 23 23 22 21 20 19 18 17 17 18
39 38 37 37 40 47 54 61 68 74 81 86 89 91 94 97 99 102 102 99 97 95 92 90 88 83 77 71 65 59 53 47 44 41 39 36 34 32 29 29 28 28 27 27 27 26 26 26 26 26 26 26 26 26 26 26 26 26 26 26 26 26 26 25 25 25 25 24 24 24 24 23 23 23 23 22 22 22 22 22 22 22 22 22 22 22 23 23 22 21 20 19 18 18 17 18
38 38 37 36 40 48 56 64 72 80 88 92 94 95 97 99 100 102 101 99 96 94 92 89 87 82 76 70 64 58 52 46 43 40 38 36 34 31 29 28 28 28 27 27 27 26 26 26 26 26 27 27 27 27 27 27 27 27 26 26 26 26 26 26 25 25 25 25 24 24 24 23 23 23 23 23 23 22 22 22 22 22 22 22 22 23 23 23 22 21 20 19 18 18 17 18
38 37 36 35 40 49 58 67 76 85 94 98 99 99 100 101 101 102 101 98 96 93 91 88 86 81 75 69 63 57 51 45 42 40 38 35 33 31 29 28 28 27 27 27 26 26 26 26 26 27 27 27 27 27 27 27 27 27 27 27 26 26 26 26 25 25 25 25 24 24 24 24 23 23 23 23 23 23 23 23 23 23 23 23 23 23 23 23 22 21 20 19 19 18 17 18
39 38 37 37 41 50 58 67 76 84 93 97 98 98 99 99 100 101 99 97 94 91 89 86 84 79 73 67 62 56 50 44 41 39 37 35 33 31 29 28 28 28 27 27 27 26 26 27 27 27 27 27 28 27 27 27 27 27 27 27 27 27 26 26 26 26 25 25 25 24 24 24 23 23 23 23 23 23 23 23 23 23 23 22 22 22 22 22 22 21 20 19 19 18 17 18
41 40 39 39 43 50 58 66 74 82 90 94 94 95 96 97 98 99 97 95 92 89 86 83 81 76 71 65 60 55 49 44 41 39 37 35 33 31 29 28 28 28 28 28 27 27 27 27 27 27 28 28 28 28 28 28 28 27 27 27 27 27 27 26 26 26 26 25 25 25 24 24 23 23 23 23 23 23 23 22 22 22 22 22 22 22 22 22 21 21 20 19 19 18 17 18
42 42 41 41 44 51 58 65 72 79 86 90 91 92 94 95 96 97 96 93 90 87 84 81 78 73 68 63 58 53 48 43 41 39 37 35 33 31 29 29 28 28 28 28 28 28 28 28 28 28 28 28 28 28 28 28 28 28 28 28 28 27 27 27 27 26 26 26 25 25 24 24 23 23 23 23 23 22 22 22 22 22 22 22 22 22 22 22 21 20 20 19 19 18 18 18
44 43 43 43 46 52 58 64 71 77 83 87 88 90 91 92 94 95 94 91 88 84 81 78 75 71 66 61 57 52 47 43 40 38 36 35 33 31 29 29 29 29 29 29 29 29 29 29 29 28 28 28 28 28 28 28 28 28 28 28 28 28 27 27 27 27 27 26 26 25 24 24 23 23 23 23 22 22 22 22 22 22 22 22 22 22 21 21 21 20 20 19 19 18 18 19
45 45 45 45 48 53 58 64 69 74 80 83 85 87 88 90 92 94 92 89 85 82 79 75 72 68 64 59 55 51 47 42 40 38 36 34 33 31 29 29 29 29 29 29 29 29 29 29 29 29 29 29 29 29 29 29 29 29 29 29 28 28 28 28 27 27 27 26 26 25 25 24 23 23 23 23 22 22 22 22 22 22 22 21 21 21 21 21 21 20 20 19 19 18 18 19
47 47 47 47 49 54 58 63 67 72 76 80 82 84 86 88 90 92 90 87 83 80 76 72 69 65 61 57 53 50 46 42 39 38 36 34 33 31 29 29 29 29 29 30 30 30 30 30 30 29 29 29 29 29 29 29 29 29 29 29 29 29 28 28 28 28 27 27 26 25 25 24 24 23 23 23 22 22 22 22 22 21 21 21 21 21 21 21 20 20 19 19 19 18 18 19
48 48 49 49 51 55 58 62 66 69 73 76 78 81 83 85 88 90 89 85 81 77 73 70 66 62 59 55 52 48 45 41 39 37 36 34 32 31 29 29 29 30 30 30 30 31 31 30 30 30 30 29 29 29 29 29 29 29 29 29 29 29 29 28 28 28 28 27 26 26 25 24 24 23 23 22 22 22 22 22 21 21 21 21 21 21 21 20 20 20 19 19 19 18 18 19
48 48 49 49 51 54 57 60 63 66 69 72 74 76 78 80 82 85 83 80 76 73 69 65 62 59 56 53 50 47 44 41 39 37 35 34 32 31 29 29 29 30 30 30 31 31 31 31 30 30 30 30 30 30 30 30 30 30 30 30 29 29 29 29 28 28 28 27 26 26 25 24 24 23 23 23 22 22 22 22 21 21 21 21 21 21 21 20 20 20 20 19 19 19 18 19
47 47 48 49 51 53 56 58 61 63 66 68 69 71 73 75 76 78 77 74 70 67 64 61 58 55 52 50 47 45 42 40 38 37 35 34 32 31 29 29 30 30 30 31 31 31 31 31 31 31 30 30 30 30 30 30 30 30 30 30 30 29 29 29 28 28 28 27 26 26 25 25 24 23 23 23 22 22 22 22 21 21 21 21 21 21 21 21 20 20 20 20 19 19 19 20
46 47 48 49 51 52 54 56 58 60 62 63 65 66 67 69 70 71 70 67 65 62 59 56 53 51 49 47 45 43 41 39 38 36 35 34 32 31 30 30 30 30 31 31 31 32 31 31 31 31 31 30 30 30 30 30 30 30 30 31 30 30 29 29 29 28 28 27 27 26 25 25 24 24 23 23 23 22 22 22 21 21 21 21 21 21 21 21 21 20 20 20 20 19 19 20
45 46 48 49 50 52 53 54 56 57 58 59 60 61 62 63 64 65 64 61 59 56 54 52 49 47 46 45 43 42 40 39 37 36 35 34 32 31 30 30 30 30 31 31 31 32 32 31 31 31 31 31 30 30 31 31 31 31 31 31 31 30 30 29 29 28 28 27 27 26 25 25 24 24 23 23 23 22 22 22 21 21 21 21 21 21 21 21 21 21 20 20 20 20 20 20
44 45 47 49 50 51 52 52 53 54 54 55 56 56 57 57 58 58 57 55 53 51 49 47 45 44 43 42 41 40 39 38 37 36 35 34 32 31 30 30 30 31 31 31 32 32 32 32 32 31 31 31 31 31 31 31 31 31 31 31 31 30 30 29 29 28 28 27 27 26 26 25 24 24 24 23 23 22 22 22 21 21 21 21 21 21 21 21 21 21 21 21 20 20 20 21
43 45 47 49 50 50 50 50 50 51 51 51 51 51 51 51 52 52 51 49 47 46 44 42 41 40 40 39 39 38 38 38 37 36 35 33 32 31 30 30 31 31 31 32 32 32 32 32 32 32 31 31 31 31 31 31 31 31 32 32 31 31 30 29 29 28 28 27 27 26 26 25 25 24 24 23 23 23 22 22 21 21 21 21 21 21 21 21 21 21 21 21 21 21 21 21
42 44 46 49 50 49 49 48 48 47 47 47 46 46 46 46 45 45 44 43 42 40 39 38 37 36 36 36 37 37 37 37 36 35 34 33 32 31 30 30 31 31 31 32 32 33 32 32 32 32 32 32 31 31 32 32 32 32 32 32 32 31 30 30 29 28 28 27 27 26 26 25 25 24 24 24 23 23 22 22 21 21 21 21 21 22 22 22 22 22 21 21 21 21 21 22
40 42 45 47 48 47 47 46 46 45 45 45 44 44 44 43 43 43 42 41 40 38 37 36 35 35 35 36 36 37 37 38 37 36 35 34 33 32 31 31 32 32 32 33 33 34 33 33 33 33 33 32 32 32 32 32 32 32 32 33 32 31 31 30 29 29 28 28 27 27 27 26 26 25 25 24 24 23 23 22 22 22 22 22 22 22 22 22 21 21 21 21 21 21 21 21
38 40 43 45 45 45 45 44 44 44 43 43 43 42 42 42 42 41 41 39 38 37 36 35 33 33 34 35 36 37 38 39 38 37 36 35 34 33 33 33 33 33 34 34 34 35 35 34 34 34 34 33 33 33 33 33 33 33 33 33 32 32 31 31 30 30 29 29 28 28 28 27 27 27 26 25 25 24 24 23 23 23 22 22 22 22 22 21 21 21 21 21 21 21 20 21
