pluvio/pluvio-140.asc
ncols         252
nrows         154
xllcorner     -18.017974
yllcorner     13.481982
cellsize      0.035948
NODATA_value  -9999
[rows 44 to 87 of 154, columns 0 to 95 of 252]
65535 65535 65535 65535 65535 65535 65535 65535 65535 65535 65535 65535 65535 65535 65535 65535 65535 65535 65535 65535 65535 65535 65535 65535 65535 65535 65535 65535 65535 65535 65535 65535 65535 65535 65535 75 75 74 74 74 73 73 73 73 72 72 72 71 71 71 71 71 71 70 70 70 70 70 70 70 70 70 70 70 72 74 75 77 78 80 82 83 85 86 88 90 91 92 92 92 91 91 91 91 91 91 91 90 90 90 90 90 89 89 88 88
65535 65535 65535 65535 65535 65535 65535 65535 65535 65535 65535 65535 65535 65535 65535 65535 65535 65535 65535 65535 65535 65535 65535 65535 65535 65535 65535 65535 65535 65535 65535 65535 65535 65535 65535 75 75 75 74 74 74 74 73 73 73 73 72 72 72 72 72 71 71 71 71 71 71 71 71 71 71 71 71 71 73 75 76 78 80 82 84 85 87 89 91 92 94 95 95 95 95 95 94 94 94 94 94 94 94 94 93 93 92 92 91 90
65535 65535 65535 65535 65535 65535 65535 65535 65535 65535 65535 65535 65535 65535 65535 65535 65535 65535 65535 65535 65535 65535 65535 65535 65535 65535 65535 65535 65535 65535 65535 65535 65535 65535 65535 75 75 75 75 74 74 74 74 74 73 73 73 73 73 73 72 72 72 72 72 72 72 72 72 72 71 71 71 72 74 76 78 80 82 84 86 87 89 91 93 95 97 98 98 98 98 98 98 97 97 97 97 97 97 97 97 96 96 95 94 93
65535 65535 65535 65535 65535 65535 65535 65535 65535 65535 65535 65535 65535 65535 65535 65535 65535 65535 65535 65535 65535 65535 65535 65535 65535 65535 65535 65535 65535 65535 65535 65535 65535 65535 65535 75 75 75 75 75 75 74 74 74 74 74 74 74 74 73 73 73 73 73 73 73 73 73 72 72 72 72 72 73 75 77 79 81 83 85 87 90 92 94 96 98 100 101 101 101 101 101 101 101 101 101 101 100 100 100 100 100 99 98 97 96
65535 65535 65535 65535 65535 65535 65535 65535 65535 65535 65535 65535 65535 65535 65535 65535 65535 65535 65535 65535 65535 65535 65535 65535 65535 65535 65535 65535 65535 65535 65535 65535 65535 65535 65535 75 75 75 75 75 75 75 75 75 75 75 75 75 74 74 74 74 74 74 74 74 74 73 73 73 73 73 73 74 76 78 80 83 85 87 89 92 94 96 98 101 103 104 104 104 104 104 104 104 104 104 104 104 104 104 104 103 102 101 100 99
65535 65535 65535 65535 65535 65535 65535 65535 65535 65535 65535 65535 65535 65535 65535 65535 65535 65535 65535 65535 65535 65535 65535 65535 65535 65535 65535 65535 65535 65535 65535 65535 65535 65535 65535 90 89 87 86 85 84 83 82 81 80 79 78 77 76 75 75 75 75 75 75 75 75 75 74 74 74 74 74 75 77 80 82 85 87 90 92 95 97 100 102 104 107 108 108 108 108 108 108 108 108 108 108 108 108 108 108 108 106 105 104 103
65535 65535 65535 65535 65535 65535 65535 65535 65535 65535 65535 65535 65535 65535 65535 65535 65535 65535 65535 65535 65535 65535 65535 65535 65535 65535 65535 65535 65535 65535 65535 65535 65535 65535 65535 90 89 88 87 86 85 84 83 82 81 80 79 78 77 76 76 76 76 76 76 76 76 76 76 76 76 76 76 77 80 83 86 88 91 94 97 99 102 105 108 110 113 114 114 115 115 115 115 115 115 115 115 115 115 115 115 115 113 112 110 109
65535 65535 65535 65535 65535 65535 65535 65535 65535 65535 65535 65535 65535 65535 65535 65535 65535 65535 65535 65535 65535 65535 65535 65535 65535 65535 65535 65535 65535 65535 65535 65535 65535 65535 65535 90 89 88 87 86 85 84 83 83 82 81 80 79 78 78 78 78 78 78 78 78 78 78 78 78 78 78 79 80 83 86 89 92 95 98 101 104 107 110 113 116 119 121 121 121 121 121 121 121 122 122 122 122 122 122 122 121 120 118 116 115
65535 65535 65535 65535 65535 65535 65535 65535 65535 65535 65535 65535 65535 65535 65535 65535 65535 65535 65535 65535 65535 65535 65535 65535 65535 65535 65535 65535 65535 65535 65535 65535 65535 65535 65535 90 89 88 87 86 86 85 84 83 82 82 81 80 79 79 79 79 79 79 79 80 80 80 80 80 80 81 81 82 86 89 92 95 99 102 105 109 112 115 119 122 125 127 127 127 127 128 128 128 128 128 129 129 129 129 129 128 126 125 123 121
65535 65535 65535 65535 65535 65535 65535 65535 65535 65535 65535 65535 65535 65535 65535 65535 65535 65535 65535 65535 65535 65535 65535 65535 65535 65535 65535 65535 65535 65535 65535 65535 65535 65535 65535 90 89 88 87 87 86 85 85 84 83 82 82 81 80 80 80 80 81 81 81 81 82 82 82 82 83 83 83 85 88 92 95 99 103 106 110 113 117 120 124 128 131 133 133 134 134 134 134 135 135 135 135 136 136 136 136 135 133 131 129 127
65535 65535 65535 65535 65535 65535 65535 65535 65535 65535 65535 65535 65535 65535 65535 65535 65535 65535 65535 65535 65535 65535 65535 65535 65535 65535 65535 65535 65535 65535 65535 65535 65535 65535 65535 90 89 88 88 87 86 86 85 84 84 83 82 82 81 81 81 82 82 82 83 83 83 84 84 84 85 85 85 87 91 95 99 103 106 110 114 118 122 126 129 133 137 139 140 140 140 141 141 141 142 142 142 142 143 143 143 142 140 137 135 133
65535 65535 65535 65535 65535 65535 65535 65535 65535 65535 65535 65535 65535 65535 65535 65535 65535 65535 65535 65535 65535 65535 65535 65535 65535 65535 65535 65535 65535 65535 65535 65535 65535 65535 65535 90 89 88 88 87 87 86 86 85 84 84 83 83 82 82 82 83 83 84 84 85 85 85 86 86 87 87 88 90 94 98 102 106 110 114 118 123 127 131 135 139 143 145 146 146 147 147 147 148 148 149 149 149 150 150 150 149 146 144 141 139
65535 65535 65535 65535 65535 65535 65535 65535 65535 65535 65535 65535 65535 65535 65535 65535 65535 65535 65535 65535 65535 65535 65535 65535 65535 65535 65535 65535 65535 65535 65535 65535 65535 65535 65535 90 89 89 88 88 87 87 86 86 85 85 84 84 83 83 84 84 85 85 86 86 87 87 88 88 89 89 90 92 96 101 105 110 114 118 123 127 132 136 140 145 149 152 152 153 153 153 154 154 155 155 156 156 157 157 157 156 153 150 147 144
65535 65535 65535 65535 65535 65535 65535 65535 65535 65535 65535 65535 65535 65535 65535 65535 65535 65535 65535 65535 65535 65535 65535 65535 65535 65535 65535 65535 65535 65535 65535 65535 65535 65535 65535 90 89 89 88 88 88 87 87 86 86 85 85 85 84 84 85 85 86 87 87 88 88 89 90 90 91 92 92 94 99 104 109 113 118 123 127 132 137 141 146 151 155 158 158 159 159 160 160 161 161 162 162 163 163 164 164 163 160 157 154 150
65535 65535 65535 65535 65535 65535 65535 65535 65535 65535 65535 65535 65535 65535 65535 65535 65535 65535 65535 65535 65535 65535 65535 65535 65535 65535 65535 65535 65535 65535 65535 65535 65535 65535 65535 90 89 89 89 88 88 88 87 87 87 86 86 86 85 85 86 87 87 88 89 89 90 91 92 92 93 94 94 97 102 107 112 117 122 127 132 137 142 147 151 156 161 164 165 165 166 166 167 168 168 169 169 170 170 171 172 170 166 163 160 156
65535 65535 65535 65535 65535 65535 65535 65535 65535 65535 65535 65535 65535 65535 65535 65535 65535 65535 65535 65535 65535 65535 65535 65535 65535 65535 65535 65535 65535 65535 65535 65535 65535 65535 65535 90 89 89 89 89 88 88 88 88 87 87 87 86 86 86 87 88 89 89 90 91 92 93 94 94 95 96 97 99 105 110 115 120 126 131 136 141 146 152 157 162 167 170 171 172 172 173 174 174 175 175 176 177 177 178 179 177 173 169 166 162
65535 65535 65535 65535 65535 65535 65535 65535 65535 65535 65535 65535 65535 65535 65535 65535 65535 65535 65535 65535 65535 65535 65535 65535 65535 65535 65535 65535 65535 65535 65535 65535 65535 65535 65535 90 90 89 89 89 89 89 88 88 88 88 88 87 87 87 88 89 90 91 92 93 94 95 95 96 97 98 99 102 107 113 118 124 129 135 140 146 151 157 162 168 173 177 177 178 179 179 180 181 181 182 183 183 184 185 186 184 180 176 172 168
65535 65535 65535 65535 65535 65535 65535 65535 65535 65535 65535 65535 65535 65535 65535 65535 65535 65535 65535 65535 65535 65535 65535 65535 65535 65535 65535 65535 65535 65535 65535 65535 65535 65535 65535 90 90 90 89 89 89 89 89 89 89 89 88 88 88 88 89 90 91 92 93 94 95 96 97 98 99 100 101 104 110 116 122 127 133 139 145 151 156 162 168 174 180 183 184 184 185 186 187 187 188 189 190 190 191 192 193 190 186 182 178 174
65535 65535 65535 65535 65535 65535 65535 65535 65535 65535 65535 65535 65535 65535 65535 65535 65535 65535 65535 65535 65535 65535 65535 65535 65535 65535 65535 65535 65535 65535 65535 65535 65535 65535 65535 90 90 90 90 90 90 90 89 89 89 89 89 89 89 90 91 92 93 94 95 96 97 98 99 100 101 102 104 107 113 119 125 131 137 143 149 155 161 167 173 180 186 189 190 191 191 192 193 194 195 196 196 197 198 199 200 197 193 189 184 180
65535 65535 65535 65535 65535 65535 65535 65535 65535 65535 65535 65535 65535 65535 65535 65535 65535 65535 65535 65535 65535 124 124 124 124 124 124 124 124 124 124 124 124 124 124 123 121 119 116 114 111 109 107 104 102 99 97 95 92 91 92 93 95 96 97 98 99 100 102 103 104 105 106 110 116 122 128 134 140 146 153 159 165 171 177 183 190 193 194 195 196 196 197 198 199 200 200 201 202 203 204 201 197 193 188 184
65535 65535 65535 65535 65535 65535 65535 65535 65535 65535 65535 65535 65535 65535 65535 65535 65535 65535 65535 65535 65535 124 124 124 124 124 124 124 124 124 124 124 124 124 124 123 121 119 117 114 112 110 108 106 103 101 99 97 94 93 95 96 97 98 100 101 102 103 105 106 107 108 110 113 119 125 131 137 143 149 155 161 167 173 179 185 190 194 195 195 196 197 198 198 199 200 201 201 202 203 204 202 197 193 189 185
65535 65535 65535 65535 65535 65535 65535 65535 65535 65535 65535 65535 65535 65535 65535 65535 65535 65535 65535 65535 65535 124 124 124 124 124 124 124 124 124 124 124 124 124 124 123 121 119 117 115 113 111 109 107 105 103 101 99 97 96 97 98 100 101 102 104 105 106 108 109 110 112 113 116 122 128 133 139 145 151 157 162 168 174 180 186 191 195 195 196 197 197 198 199 200 200 201 202 202 203 204 202 198 194 190 186
65535 65535 65535 65535 65535 65535 65535 65535 65535 65535 65535 65535 65535 65535 65535 65535 65535 65535 65535 65535 65535 124 124 124 124 124 124 124 124 124 124 124 124 124 124 123 122 120 118 116 114 112 110 108 106 104 103 101 99 98 99 101 102 104 105 106 108 109 111 112 113 115 116 119 125 131 136 142 147 153 159 164 170 176 181 187 192 195 196 197 197 198 199 199 200 201 201 202 202 203 204 202 198 194 190 186
65535 65535 65535 65535 65535 65535 65535 65535 65535 65535 65535 65535 65535 65535 65535 65535 65535 65535 65535 65535 65535 124 124 124 124 124 124 124 124 124 124 124 124 124 124 123 122 120 118 117 115 113 111 110 108 106 104 103 101 100 102 103 105 106 108 109 111 112 114 115 117 118 120 123 128 134 139 144 150 155 161 166 172 177 182 188 193 196 197 197 198 199 199 200 200 201 201 202 203 203 204 202 198 194 191 187
65535 65535 65535 65535 65535 65535 65535 65535 65535 65535 65535 65535 65535 65535 65535 65535 65535 65535 65535 65535 65535 124 124 124 124 124 124 124 124 124 124 124 124 124 124 124 122 120 119 117 116 114 113 111 109 108 106 105 103 102 104 106 107 109 110 112 114 115 117 118 120 121 123 126 131 137 142 147 152 158 163 168 173 178 184 189 194 197 198 198 199 199 200 200 201 201 202 202 203 203 204 202 198 195 191 188
65535 65535 65535 65535 65535 65535 65535 65535 65535 65535 65535 65535 65535 65535 65535 65535 65535 65535 65535 65535 65535 124 124 124 124 124 124 124 124 124 124 124 124 124 124 124 122 121 119 118 117 115 114 112 111 109 108 107 105 105 106 108 110 111 113 115 116 118 120 121 123 125 126 129 134 139 145 150 155 160 165 170 175 180 185 190 195 198 198 199 199 200 200 201 201 201 202 202 203 203 204 202 199 195 192 189
65535 65535 65535 65535 65535 65535 65535 65535 65535 65535 65535 65535 65535 65535 65535 65535 65535 65535 65535 65535 65535 124 124 124 124 124 124 124 124 124 124 124 124 124 124 124 122 121 120 119 117 116 115 114 112 111 110 109 107 107 109 111 112 114 116 117 119 121 123 124 126 128 130 133 138 142 147 152 157 162 167 172 177 181 186 191 196 199 199 199 200 200 201 201 201 202 202 203 203 203 204 202 199 196 193 189
65535 65535 65535 65535 65535 65535 65535 65535 65535 65535 65535 65535 65535 65535 65535 65535 65535 65535 65535 65535 65535 124 124 124 124 124 124 124 124 124 124 124 124 124 124 124 123 121 120 119 118 117 116 115 114 113 112 111 109 109 111 113 115 117 118 120 122 124 126 128 129 131 133 136 141 145 150 155 159 164 169 174 178 183 188 192 197 200 200 200 201 201 201 201 202 202 202 203 203 203 204 202 199 196 193 190
65535 65535 65535 65535 65535 65535 65535 65535 65535 65535 65535 65535 65535 65535 65535 65535 65535 65535 65535 65535 65535 124 124 124 124 124 124 124 124 124 124 124 124 124 124 124 123 122 121 120 119 118 117 116 115 114 113 113 112 112 113 115 117 119 121 123 125 127 129 131 132 134 136 139 144 148 153 157 162 166 171 175 180 184 189 193 198 200 201 201 201 201 202 202 202 202 203 203 203 203 204 202 199 197 194 191
65535 65535 65535 65535 65535 65535 65535 65535 65535 65535 65535 65535 65535 65535 65535 65535 65535 65535 65535 65535 65535 124 124 124 124 124 124 124 124 124 124 124 124 124 124 124 123 122 121 121 120 119 118 118 117 116 115 115 114 114 116 118 120 122 124 126 128 130 132 134 136 138 140 143 147 151 156 160 164 169 173 177 182 186 190 195 199 201 201 202 202 202 202 202 203 203 203 203 203 203 204 202 200 197 194 192
65535 65535 65535 65535 65535 65535 65535 65535 65535 65535 65535 65535 65535 65535 65535 65535 65535 65535 65535 65535 65535 124 124 124 124 124 124 124 124 124 124 124 124 124 124 124 123 123 122 121 121 120 120 119 118 118 117 117 116 116 118 120 122 124 126 129 131 133 135 137 139 141 143 146 150 154 158 162 167 171 175 179 183 187 192 196 200 202 202 202 202 203 203 203 203 203 203 203 203 204 204 202 200 197 195 193
65535 65535 65535 65535 65535 65535 65535 65535 65535 65535 65535 65535 65535 65535 65535 65535 65535 65535 65535 65535 65535 124 124 124 124 124 124 124 124 124 124 124 124 124 124 124 123 123 122 122 122 121 121 120 120 119 119 118 118 118 121 123 125 127 129 131 133 136 138 140 142 144 146 149 153 157 161 165 169 173 177 181 185 189 193 197 201 203 203 203 203 203 203 203 203 203 203 203 204 204 204 202 200 198 196 193
65535 65535 65535 65535 65535 65535 65535 65535 65535 65535 65535 65535 65535 65535 65535 65535 65535 65535 65535 65535 65535 124 124 124 124 124 124 124 124 124 124 124 124 124 124 124 124 123 123 123 122 122 122 122 121 121 121 120 120 121 123 125 127 130 132 134 136 139 141 143 145 147 150 152 156 160 164 168 171 175 179 183 187 190 194 198 202 204 204 204 204 204 204 204 204 204 204 204 204 204 204 202 200 198 196 194
65535 65535 65535 65535 65535 65535 65535 65535 65535 65535 65535 65535 65535 65535 65535 65535 65535 65535 65535 65535 65535 132 131 131 130 130 129 129 128 127 127 126 126 125 125 124 124 124 124 124 123 123 123 123 123 123 123 122 122 123 125 127 129 132 134 136 138 140 142 145 147 149 151 154 157 161 164 168 172 175 179 182 186 189 193 196 200 202 202 202 202 202 202 202 202 202 202 202 202 202 202 201 199 197 195 194
65535 65535 65535 65535 65535 65535 65535 65535 65535 65535 65535 65535 65535 65535 65535 65535 65535 65535 65535 65535 65535 132 131 131 130 130 129 129 128 128 127 127 126 126 125 125 125 125 125 125 125 125 124 124 124 124 124 124 124 125 127 129 131 133 135 137 139 141 143 145 147 148 150 153 156 160 163 166 169 173 176 179 182 186 189 192 195 197 197 197 197 198 198 198 198 198 198 198 198 198 198 198 196 194 193 191
65535 65535 65535 65535 65535 65535 65535 65535 65535 65535 65535 65535 65535 65535 65535 65535 65535 65535 65535 65535 65535 132 132 131 131 130 130 129 129 128 128 127 127 126 126 125 125 125 126 126 126 126 126 126 126 126 126 126 126 127 129 130 132 134 136 137 139 141 143 145 146 148 150 152 155 158 161 164 167 170 173 176 179 182 185 188 191 193 193 193 193 193 194 194 194 194 194 194 195 195 195 194 193 192 190 189
65535 65535 65535 65535 65535 65535 65535 65535 65535 65535 65535 65535 65535 65535 65535 65535 65535 65535 65535 65535 65535 132 132 131 131 130 130 129 129 128 128 128 127 127 126 126 126 126 126 127 127 127 127 127 127 128 128 128 128 129 130 132 134 135 137 138 140 141 143 145 146 148 149 151 154 157 160 162 165 168 170 173 176 178 181 184 187 188 188 189 189 189 189 190 190 190 190 191 191 191 192 191 190 189 188 187
65535 65535 65535 65535 65535 65535 65535 65535 65535 65535 65535 65535 65535 65535 65535 65535 65535 65535 65535 65535 65535 132 132 131 131 130 130 130 129 129 128 128 128 127 127 127 127 127 127 128 128 128 128 129 129 129 130 130 130 131 132 134 135 136 138 139 140 142 143 145 146 147 149 151 153 155 158 160 163 165 168 170 172 175 177 180 182 183 184 184 185 185 185 186 186 186 187 187 187 188 188 188 187 186 185 185
65535 65535 65535 65535 65535 65535 65535 65535 65535 65535 65535 65535 65535 65535 65535 65535 65535 65535 65535 65535 65535 132 132 131 131 131 130 130 130 129 129 128 128 128 127 127 128 128 128 129 129 129 130 130 131 131 131 132 132 133 134 135 136 137 139 140 141 142 143 145 146 147 148 150 152 154 156 158 161 163 165 167 169 171 173 175 178 179 179 180 180 181 181 182 182 182 183 183 184 184 185 184 184 183 183 182
65535 65535 65535 65535 65535 65535 65535 65535 65535 65535 65535 65535 65535 65535 65535 65535 65535 65535 65535 65535 65535 132 132 131 131 131 130 130 130 130 129 129 129 128 128 128 128 129 129 130 130 131 131 132 132 133 133 134 134 135 136 137 138 139 140 141 142 143 144 145 146 147 148 149 151 153 155 156 158 160 162 164 166 168 169 171 173 174 175 175 176 176 177 177 178 179 179 180 180 181 181 181 181 181 180 180
65535 65535 65535 65535 65535 65535 65535 65535 65535 65535 65535 65535 65535 65535 65535 65535 65535 65535 65535 65535 65535 132 132 132 131 131 131 130 130 130 130 129 129 129 129 128 129 130 130 131 131 132 133 133 134 134 135 135 136 137 137 138 139 140 141 141 142 143 144 145 146 146 147 148 150 151 153 155 156 158 159 161 162 164 166 167 169 170 170 171 172 172 173 173 174 175 175 176 176 177 178 178 178 178 178 178
65535 65535 65535 65535 65535 65535 65535 65535 65535 65535 65535 65535 65535 65535 65535 65535 65535 65535 65535 65535 65535 132 132 132 131 131 131 131 130 130 130 130 130 129 129 129 130 130 131 132 132 133 134 135 135 136 137 137 138 139 139 140 140 141 142 142 143 144 144 145 145 146 147 147 149 150 151 153 154 155 156 158 159 160 162 163 164 165 166 167 167 168 169 169 170 171 171 172 173 174 174 175 175 175 175 176
65535 65535 65535 65535 65535 65535 65535 65535 65535 65535 65535 65535 65535 65535 65535 65535 65535 65535 65535 65535 65535 132 132 132 131 131 131 131 131 131 130 130 130 130 130 130 130 131 132 133 134 134 135 136 137 138 138 139 140 141 141 141 142 142 143 143 144 144 144 145 145 146 146 147 148 149 150 151 152 153 154 155 156 157 158 159 160 161 161 162 163 164 165 165 166 167 168 168 169 170 171 171 172 172 173 174
65535 65535 65535 65535 65535 65535 65535 65535 65535 65535 65535 65535 65535 65535 65535 65535 65535 65535 65535 65535 65535 132 132 132 132 131 131 131 131 131 131 131 130 130 130 130 131 132 133 134 135 136 137 137 138 139 140 141 142 143 143 143 143 143 144 144 144 144 145 145 145 145 145 146 147 147 148 149 149 150 151 152 152 153 154 155 155 156 157 158 159 160 160 161 162 163 164 165 166 166 167 168 169 170 171 171
