pluvio/pluvio-332.asc
ncols         252
nrows         154
xllcorner     -0.5
yllcorner     -153.5
cellsize      1
NODATA_value  -9999
[rows 84 to 125 of 154, columns 94 to 187 of 252]
197 194 192 190 188 185 183 181 180 179 178 177 176 175 174 173 172 171 171 170 169 168 168 167 167 166 166 166 163 157 151 145 138 132 126 123 128 133 138 143 148 153 157 158 159 159 160 161 162 167 177 187 197 208 218 228 230 222 214 206 198 191 183 177 172 168 163 159 154 150 150 152 155 158 161 164 167 167 166 164 162 160 159 157 155 153 151 149 146 144 142 145 149 153
204 202 199 197 195 192 190 188 187 186 185 184 183 182 181 179 177 175 173 171 169 168 168 169 169 169 169 170 168 162 155 148 142 135 129 126 129 133 137 140 144 147 150 151 153 154 155 156 158 163 173 184 194 205 215 225 227 218 209 201 192 183 175 169 166 163 160 157 154 152 152 155 157 160 163 165 168 169 168 167 166 165 164 163 161 158 154 151 148 145 142 143 147 152
211 209 207 204 202 200 197 195 194 193 192 191 190 189 188 185 182 179 176 173 170 168 169 170 171 172 173 174 173 166 159 152 145 139 132 128 130 132 135 137 139 141 143 145 147 148 150 151 153 158 169 180 191 201 212 223 224 214 205 195 186 176 167 162 160 159 157 156 155 153 154 157 159 162 164 166 169 170 170 170 170 170 170 170 167 162 158 154 149 145 141 142 146 150
219 216 214 212 209 207 204 202 201 200 199 198 197 196 195 191 187 183 178 174 170 168 170 171 173 175 177 179 178 171 164 157 150 143 136 131 132 133 134 134 135 136 137 139 141 143 145 147 148 154 165 176 187 198 209 220 221 211 201 191 180 170 160 155 155 155 156 156 156 156 157 159 161 164 166 168 170 171 172 173 173 174 175 176 172 167 162 156 151 146 140 141 145 149
228 225 222 218 215 212 209 206 205 203 202 200 199 197 195 191 187 183 179 175 171 169 172 176 179 183 186 190 190 184 177 170 163 156 150 145 144 142 141 140 138 137 137 138 140 141 142 143 145 150 161 172 183 193 204 215 217 209 201 193 186 178 170 166 167 167 168 168 169 169 170 170 171 171 172 173 173 174 174 174 175 175 175 176 173 168 164 159 154 150 145 147 150 154
237 233 229 225 222 218 214 211 209 207 205 203 201 199 196 192 188 184 180 176 171 170 175 180 185 191 196 201 203 196 190 183 177 170 164 158 155 152 148 145 142 139 137 137 138 139 140 140 141 146 157 167 178 188 199 210 213 207 202 196 191 185 180 178 178 179 180 181 182 183 183 182 180 179 178 177 176 176 176 176 176 176 176 176 173 169 165 162 158 154 150 152 156 159
245 241 237 232 228 224 219 215 213 210 208 205 202 200 197 193 189 184 180 176 172 171 178 185 192 199 206 213 216 209 203 197 190 184 178 172 167 161 156 151 145 140 137 137 137 137 137 137 137 142 152 163 173 184 194 205 208 205 202 199 196 193 190 189 190 191 193 194 195 196 195 193 190 187 185 182 179 178 178 177 177 176 176 176 174 170 167 164 161 158 155 157 161 165
254 249 244 239 234 229 225 220 217 214 210 207 204 201 198 193 189 185 181 177 173 172 180 189 198 206 215 224 228 222 216 210 204 198 192 186 178 171 163 156 149 141 136 136 135 135 134 134 133 138 148 158 168 179 189 199 204 203 203 202 201 200 199 200 202 203 205 207 208 210 208 204 200 195 191 187 182 180 179 179 178 177 177 176 174 172 169 167 164 162 160 162 166 170
263 257 252 246 241 235 230 224 221 217 213 210 206 202 198 194 190 186 182 177 173 173 183 193 204 214 225 235 241 235 229 223 218 212 206 199 190 180 171 161 152 142 136 135 134 133 132 131 130 134 144 154 164 174 184 194 200 202 203 205 206 208 209 211 213 215 217 219 221 223 221 215 209 203 197 191 185 182 181 180 179 178 177 176 174 173 171 169 168 166 165 167 171 175
272 266 259 253 247 241 235 229 225 220 216 212 208 203 199 195 191 186 182 178 174 174 186 198 210 222 234 246 253 248 242 237 231 226 220 213 201 190 178 167 155 144 136 134 133 131 129 128 126 129 139 149 159 169 179 189 196 200 204 207 211 215 219 222 225 227 230 232 234 237 234 226 219 211 204 196 188 185 183 182 180 179 177 176 175 174 173 172 171 170 169 172 176 180
280 273 267 260 253 246 240 233 229 224 219 214 210 205 200 196 192 188 183 179 175 175 189 202 216 229 243 256 265 259 254 249 244 238 233 225 212 199 185 172 159 146 137 134 132 130 128 126 123 126 136 146 156 166 175 185 193 199 205 211 217 223 229 233 236 238 241 244 246 249 245 236 227 218 209 200 190 186 184 183 181 179 178 176 175 175 175 175 174 174 174 177 181 185
285 278 271 265 258 251 245 238 234 229 225 220 216 211 206 202 198 193 189 184 180 180 193 205 218 231 244 257 264 259 255 250 245 240 235 228 215 203 190 177 165 152 143 141 138 136 133 131 129 132 142 153 163 174 184 194 203 209 215 222 228 234 240 244 244 245 246 247 247 248 243 233 223 213 203 194 184 180 179 178 178 177 177 176 176 176 176 176 176 175 175 178 182 186
290 283 276 270 263 256 249 243 239 234 230 226 221 217 213 208 203 199 194 190 185 185 197 209 221 233 245 257 264 260 255 251 247 242 238 231 219 207 195 183 171 158 150 147 145 142 139 137 134 137 148 159 170 181 193 204 212 219 225 232 238 245 251 254 253 252 251 250 249 248 241 230 220 209 198 188 177 173 174 174 175 176 176 177 177 177 177 177 177 177 177 180 183 187
295 288 281 275 268 261 254 248 244 240 235 231 227 223 219 214 209 205 200 195 190 190 201 212 223 235 246 257 264 260 256 252 248 244 240 234 222 211 199 188 176 165 157 154 151 148 145 142 139 143 154 166 178 189 201 213 222 229 236 242 249 256 263 264 261 258 256 253 250 247 239 228 216 205 193 182 170 167 169 170 172 174 175 177 178 178 178 178 178 178 178 181 185 189
300 293 286 279 273 266 259 253 249 245 241 237 233 229 225 220 215 210 205 200 196 195 205 215 226 236 247 257 263 260 257 253 250 246 243 237 226 215 204 193 182 171 163 160 157 154 151 148 144 148 160 173 185 197 210 222 232 239 246 253 260 267 274 275 270 265 260 256 251 246 237 225 213 200 188 176 163 160 163 166 169 172 174 177 178 179 179 179 179 179 180 182 186 190
304 298 291 284 278 271 264 258 254 250 246 243 239 235 231 226 221 216 211 206 201 199 209 219 228 238 248 257 263 260 257 254 251 248 245 239 229 219 209 198 188 178 170 167 163 160 156 153 150 153 166 179 192 205 218 231 241 249 256 263 270 278 285 285 278 272 265 259 252 246 235 222 209 196 183 170 157 154 158 162 166 170 174 178 179 179 180 180 181 181 181 184 187 191
309 303 296 289 282 276 269 263 259 255 252 248 245 241 237 232 227 221 216 211 206 204 213 222 231 240 249 257 263 260 258 255 253 250 247 242 233 223 213 204 194 184 177 173 170 166 162 159 155 159 172 186 199 213 227 240 251 259 266 274 281 289 296 295 287 279 270 262 253 245 233 220 206 192 178 164 150 148 153 158 163 168 173 178 180 180 181 181 182 182 183 185 189 192
314 307 300 294 287 281 274 268 264 261 257 254 250 246 243 237 232 227 222 216 211 209 217 225 233 241 250 258 263 260 258 255 253 251 248 244 235 226 217 208 199 190 184 180 176 172 168 164 160 164 178 192 205 219 233 247 258 266 273 281 289 297 305 304 294 284 274 264 254 244 232 217 203 188 174 159 145 143 149 155 160 166 172 178 181 181 182 183 183 184 185 187 190 194
315 309 303 297 291 285 279 274 270 266 262 258 254 250 246 241 236 230 225 220 215 213 220 228 236 243 251 258 263 259 255 252 248 245 241 236 230 223 216 209 202 195 190 186 182 178 175 171 167 170 181 193 204 216 227 239 249 258 267 275 284 293 302 301 291 281 271 262 252 242 230 216 202 188 174 161 147 145 150 156 162 167 173 178 181 182 184 185 187 188 190 192 194 197
317 311 306 301 295 290 285 279 275 271 267 262 258 254 249 244 239 234 229 224 219 217 224 231 238 245 252 259 262 258 253 248 243 239 234 229 224 220 215 210 205 200 196 192 189 185 181 178 174 176 185 194 203 212 222 231 240 250 260 269 279 289 298 298 288 279 269 259 249 240 228 215 202 188 175 162 149 147 152 157 163 168 173 178 181 184 186 188 190 193 195 197 198 200
318 314 309 304 299 295 290 285 281 276 271 267 262 258 253 248 243 238 233 228 223 221 227 234 240 246 253 259 262 256 250 245 239 233 227 222 219 216 214 211 208 205 202 198 195 191 188 184 181 182 189 195 202 209 216 223 231 242 253 263 274 285 295 295 286 276 266 257 247 238 226 214 201 189 176 164 151 149 154 159 164 168 173 178 182 185 188 191 194 197 200 201 202 203
320 316 312 308 303 299 295 291 286 281 276 271 266 261 256 251 246 241 236 232 227 224 230 236 242 248 254 260 262 255 248 241 234 227 220 215 214 213 212 212 211 210 208 205 201 198 194 191 188 188 192 197 201 206 210 215 223 234 246 257 269 280 292 292 283 273 264 254 245 235 225 213 201 189 177 165 153 151 156 160 165 169 174 178 182 186 190 194 197 201 205 206 206 206
321 318 314 311 308 304 301 297 292 286 281 276 270 265 260 255 250 245 240 235 231 228 234 239 244 250 255 260 262 254 245 237 229 221 213 208 209 210 211 212 214 215 214 211 208 204 201 198 194 193 196 198 200 202 204 207 214 226 239 251 264 276 289 290 280 271 261 252 243 233 223 212 200 189 178 166 155 153 158 162 166 170 174 178 183 187 192 196 201 206 210 211 210 209
323 320 317 314 312 309 306 303 297 291 286 280 274 269 263 258 254 249 244 239 234 232 237 242 247 251 256 261 262 252 243 234 224 215 206 200 204 207 210 213 216 220 220 217 214 211 208 204 201 199 199 199 199 199 199 199 205 218 232 245 259 272 285 287 278 268 259 250 240 231 221 210 200 189 179 168 157 156 159 163 167 171 174 178 183 188 194 199 204 210 215 216 214 212
323 321 319 317 315 313 310 308 302 296 289 283 277 271 265 261 256 251 246 242 237 234 239 243 248 252 257 261 261 251 241 231 221 210 200 195 200 205 210 215 219 224 226 223 220 217 214 211 208 205 203 202 200 198 196 194 200 213 227 241 255 269 283 284 276 267 258 249 240 231 221 211 201 191 181 171 161 159 162 166 169 172 176 179 184 190 197 203 209 215 221 221 219 216
320 318 317 316 314 313 311 309 303 296 290 283 277 270 264 259 254 249 244 239 234 231 236 240 245 249 254 258 258 249 240 230 221 212 202 198 203 208 212 217 222 227 229 226 224 221 219 216 214 212 210 209 207 206 204 203 208 220 232 245 257 269 281 283 276 268 261 254 246 239 230 220 210 200 190 180 170 168 170 173 175 178 180 183 188 196 203 210 217 225 232 232 229 226
316 316 315 314 313 313 312 310 303 296 290 283 276 269 262 257 252 247 241 236 231 228 233 237 242 246 251 255 256 247 239 230 222 213 204 200 205 210 215 220 225 230 232 230 228 226 224 222 220 218 217 216 215 214 213 212 216 227 237 248 259 269 280 282 276 270 264 258 253 247 238 229 219 209 199 189 180 177 178 180 182 183 185 187 193 201 209 217 226 234 242 242 239 235
313 313 313 313 313 313 313 312 304 297 290 282 275 268 261 255 250 244 239 233 228 225 230 234 239 243 248 252 253 245 238 230 222 214 206 203 208 213 218 223 228 233 235 234 232 231 229 227 226 225 224 223 223 222 221 220 224 233 243 252 261 270 279 281 277 272 268 263 259 254 247 237 228 218 208 199 189 186 186 187 188 189 190 190 197 206 215 225 234 243 253 253 249 245
309 310 311 311 312 313 314 313 305 297 290 282 274 266 259 253 248 242 236 231 225 222 227 231 236 240 245 250 251 244 237 230 223 215 208 205 210 215 221 226 231 236 238 237 236 235 234 233 232 231 231 231 230 230 229 229 233 240 248 255 263 270 278 280 277 274 271 268 265 262 256 246 236 227 217 208 198 194 194 194 194 194 194 194 201 211 222 232 242 253 263 263 259 254
306 307 309 310 312 313 314 314 306 298 290 282 273 265 257 251 246 240 234 228 222 219 224 228 233 237 242 247 248 242 236 229 223 217 210 208 213 218 223 228 233 238 241 241 240 240 239 239 238 238 238 238 238 238 238 238 241 247 253 259 265 271 277 279 277 276 274 273 271 270 264 255 245 236 226 217 207 203 202 202 201 200 199 198 205 217 228 239 251 262 274 274 269 264
302 304 306 309 311 313 315 316 307 298 290 281 272 264 256 250 244 237 231 225 219 216 220 225 230 234 239 244 246 240 235 229 223 218 212 211 216 221 226 231 236 241 244 244 244 244 244 244 244 244 245 245 245 246 246 247 249 253 258 262 267 271 275 277 278 278 278 278 278 278 273 263 254 245 235 226 217 212 210 209 207 205 204 202 210 222 234 247 259 272 284 284 279 273
296 299 302 305 307 310 313 314 305 296 288 279 270 262 253 247 241 235 229 222 216 213 218 223 228 233 239 244 246 241 236 230 225 220 215 214 219 224 229 235 240 245 249 249 249 248 248 248 248 249 249 250 251 252 253 253 255 259 262 265 268 271 274 277 278 280 281 282 284 285 281 272 263 254 245 237 228 223 220 217 214 212 209 206 214 226 239 252 265 278 291 291 286 280
285 287 290 293 296 298 301 302 295 287 279 272 264 256 249 243 237 231 225 219 214 211 218 224 231 238 245 252 255 249 243 237 231 225 219 218 224 230 236 242 248 254 257 255 254 252 250 248 247 246 248 249 250 252 253 254 257 260 263 266 269 272 275 277 280 282 284 287 289 292 288 281 274 266 259 251 244 238 234 229 225 220 215 211 217 228 240 251 263 274 286 287 283 279
273 276 278 281 284 287 290 291 284 278 271 264 258 251 245 239 233 228 222 216 211 209 217 226 234 243 251 260 264 257 250 244 237 230 224 222 228 235 242 249 256 263 265 262 259 255 252 249 245 244 246 248 250 252 254 255 258 261 263 266 269 272 275 278 281 284 288 291 295 298 296 290 284 278 272 266 260 254 247 241 235 228 222 216 220 230 240 251 261 271 281 282 280 278
261 264 267 269 272 275 278 279 274 268 263 257 252 246 240 235 230 224 219 213 208 207 217 227 237 247 257 267 272 265 258 250 243 235 228 226 233 241 248 256 263 271 274 269 264 259 254 249 244 242 245 247 249 252 254 256 259 262 264 267 269 272 275 278 283 287 291 296 300 304 304 299 294 290 285 280 276 269 261 253 245 237 229 221 224 232 241 250 258 267 276 278 278 277
249 252 255 258 261 263 266 268 263 259 254 250 245 241 236 231 226 221 216 210 205 204 216 228 240 252 264 275 281 273 265 257 248 240 232 230 238 246 255 263 271 280 282 275 269 262 256 249 243 240 243 246 249 252 254 257 260 263 265 267 270 272 275 279 284 289 295 300 305 311 311 308 305 301 298 295 292 285 275 265 255 245 235 226 227 234 242 249 256 264 271 274 275 276
237 240 243 246 249 252 255 256 253 249 246 242 239 235 232 227 222 217 212 207 203 202 216 229 243 256 270 283 290 281 272 263 254 245 236 234 243 252 261 270 279 288 290 282 274 266 258 249 241 238 241 245 248 252 255 258 261 263 266 268 270 273 275 279 286 292 298 304 311 317 319 317 315 313 311 310 308 300 288 277 265 254 242 230 230 236 242 248 254 260 266 270 272 275
226 229 231 234 237 240 243 245 243 240 238 235 233 230 227 223 218 214 209 204 200 200 215 231 246 261 276 291 299 289 280 270 260 250 241 238 247 257 267 277 287 297 299 289 279 269 259 250 240 236 240 244 248 251 255 259 262 264 267 269 271 273 275 280 287 294 302 309 316 323 326 326 325 325 325 324 324 316 302 289 275 262 249 235 234 238 243 247 252 257 261 265 270 274
218 221 224 227 229 232 235 237 235 233 231 230 228 226 224 220 216 212 208 204 200 201 216 232 248 264 280 295 304 294 284 274 264 254 245 241 251 261 271 281 291 301 303 292 281 271 260 249 239 234 239 243 247 251 255 260 263 265 267 269 271 273 275 280 287 295 302 310 317 324 328 329 330 331 331 332 333 325 311 297 283 269 255 240 238 241 244 247 251 254 257 262 267 272
222 225 227 229 231 233 235 237 235 233 230 228 226 224 222 219 217 214 211 209 206 208 221 235 249 263 277 291 298 290 282 273 265 256 248 245 254 262 270 279 287 295 297 287 277 268 258 248 239 235 239 243 247 251 255 259 262 264 266 269 271 273 276 279 285 290 296 301 307 312 316 318 319 321 323 325 327 320 308 295 283 271 259 246 243 245 247 249 251 253 255 259 264 269
226 228 230 231 233 234 236 237 234 232 229 227 225 222 220 219 217 216 215 214 212 214 226 238 250 262 274 286 293 286 279 272 265 258 251 249 256 263 270 276 283 290 291 282 273 265 256 247 239 235 239 243 246 250 254 257 261 263 266 268 271 273 276 279 283 286 290 293 297 301 304 306 309 312 315 317 320 315 304 294 283 273 263 252 249 250 251 251 252 253 253 257 261 265
230 231 232 233 234 235 236 237 234 231 228 226 223 220 218 218 218 218 218 219 219 221 231 241 252 262 272 282 287 282 277 271 266 260 255 253 258 263 269 274 279 284 285 277 269 262 254 246 239 236 239 243 246 250 253 256 260 262 265 268 271 273 276 278 280 282 284 285 287 289 291 295 299 302 306 310 313 310 301 292 284 275 267 258 255 254 254 253 253 252 252 254 258 261
