pluvio/pluvio-56.asc
ncols         252
nrows         154
xllcorner     -18.017974
yllcorner     13.481982
cellsize      0.035948
NODATA_value  -9999
[rows 102 to 152 of 154, columns 0 to 95 of 252]
65535 65535 65535 65535 65535 65535 65535 101 101 101 101 101 101 101 101 101 101 101 101 101 101 101 99 98 96 94 93 91 89 88 86 84 83 81 79 78 78 78 79 79 79 79 79 79 80 80 80 80 80 81 83 85 87 89 91 93 95 97 99 101 103 105 107 109 110 111 112 113 114 115 115 116 117 118 119 120 121 122 121 121 121 121 121 120 120 120 120 120 119 119 119 119 119 118 118 118
65535 65535 65535 65535 65535 65535 65535 101 101 101 101 101 101 101 101 101 101 101 101 101 101 101 100 98 96 95 93 92 90 88 87 85 84 82 81 79 79 80 80 80 80 80 80 81 81 81 81 81 81 82 84 86 88 91 93 95 97 99 101 103 105 107 110 111 112 113 114 115 116 117 118 119 120 121 121 122 123 124 123 123 123 123 123 122 122 122 122 121 121 121 121 121 121 120 120 120
65535 65535 65535 65535 65535 65535 65535 101 101 101 101 101 101 101 101 101 101 101 101 101 101 101 100 98 97 95 94 92 91 89 88 86 85 83 82 81 81 81 81 81 81 81 81 82 82 82 82 82 82 83 85 87 90 92 94 96 99 101 103 105 107 110 112 114 115 115 116 117 118 119 120 121 122 123 124 125 125 126 126 125 125 125 124 124 124 124 123 123 123 123 122 122 122 123 123 123
65535 65535 65535 65535 65535 65535 65535 111 110 110 109 108 108 107 106 106 105 104 104 103 102 102 100 99 97 96 94 93 91 90 88 87 85 84 82 81 81 81 81 82 82 82 82 82 82 82 83 83 83 84 86 88 91 93 95 97 100 102 104 106 109 111 113 115 116 117 118 119 120 121 121 122 123 124 125 126 127 128 127 127 127 126 126 126 126 125 125 125 125 124 124 124 124 125 125 125
65535 65535 65535 65535 65535 65535 65535 111 111 110 109 109 108 107 107 106 106 105 104 104 103 102 101 99 98 96 95 93 91 90 88 87 85 84 82 81 81 81 81 82 82 82 82 83 83 83 83 83 84 84 87 89 91 94 96 98 100 103 105 107 109 112 114 116 117 118 119 120 121 122 123 124 125 126 127 128 129 129 129 129 128 128 128 127 127 127 127 126 126 126 126 126 126 127 127 127
65535 65535 65535 65535 65535 65535 65535 111 111 110 109 109 108 108 107 107 106 105 105 104 104 103 101 100 98 97 95 93 92 90 88 87 85 83 82 81 81 81 81 82 82 82 83 83 83 83 84 84 84 85 87 90 92 94 96 99 101 103 105 108 110 112 115 116 117 118 119 121 122 123 124 125 126 127 128 129 130 131 130 130 130 130 129 129 129 129 128 128 128 128 127 128 128 129 129 130
65535 65535 65535 65535 65535 65535 65535 111 111 110 110 109 109 108 108 107 106 106 105 105 104 104 102 100 99 97 95 94 92 90 88 87 85 83 82 80 81 81 81 82 82 83 83 83 84 84 84 85 85 86 88 90 93 95 97 99 102 104 106 108 111 113 115 117 118 119 120 121 123 124 125 126 127 128 129 130 132 132 132 132 131 131 131 131 130 130 130 130 129 129 129 129 130 131 131 132
65535 65535 65535 65535 65535 65535 65535 111 111 110 110 109 109 108 108 107 107 106 106 106 105 104 103 101 99 97 96 94 92 90 89 87 85 83 82 80 81 81 82 82 82 83 83 84 84 84 85 85 86 87 89 91 93 96 98 100 102 105 107 109 111 114 116 118 119 120 121 122 124 125 126 127 128 130 131 132 133 134 133 133 133 133 132 132 132 132 131 131 131 131 131 131 132 133 134 134
65535 65535 65535 65535 65535 65535 65535 111 111 110 110 109 109 109 108 108 107 107 107 106 106 105 103 101 100 98 96 94 92 91 89 87 85 83 81 80 81 81 82 82 82 83 83 84 84 85 85 86 86 87 90 92 94 96 99 101 103 105 108 110 112 114 117 118 120 121 122 123 125 126 127 128 130 131 132 133 135 135 135 135 134 134 134 134 134 133 133 133 133 132 132 133 134 135 136 137
65535 65535 65535 65535 65535 65535 65535 111 111 110 110 110 109 109 109 108 108 107 107 107 106 106 104 102 100 98 96 95 93 91 89 87 85 83 81 80 81 81 82 82 83 83 84 84 85 85 86 86 87 88 90 92 95 97 99 101 104 106 108 111 113 115 117 119 120 122 123 124 126 127 128 130 131 132 133 135 136 137 136 136 136 136 136 135 135 135 135 134 134 134 134 134 136 137 138 139
65535 65535 65535 65535 65535 65535 65535 111 111 111 110 110 110 109 109 109 108 108 108 107 107 107 105 103 101 99 97 95 93 91 89 87 85 83 81 80 80 81 82 82 83 83 84 85 85 86 86 87 88 89 91 93 95 98 100 102 104 107 109 111 113 116 118 120 121 123 124 125 127 128 129 131 132 133 135 136 138 138 138 138 138 137 137 137 137 136 136 136 136 136 135 136 137 139 140 141
65535 65535 65535 65535 65535 65535 65535 111 111 111 110 110 110 110 109 109 109 109 108 108 108 107 105 103 101 99 97 95 93 91 89 87 85 83 81 80 80 81 82 82 83 84 84 85 86 86 87 88 88 89 92 94 96 98 101 103 105 107 110 112 114 116 119 121 122 123 125 126 128 129 131 132 133 135 136 138 139 140 139 139 139 139 139 138 138 138 138 138 137 137 137 138 139 141 142 144
65535 65535 65535 65535 65535 65535 65535 111 111 111 111 110 110 110 110 109 109 109 109 109 108 108 106 104 102 100 98 95 93 91 89 87 85 83 81 80 80 81 82 82 83 84 85 85 86 87 87 88 89 90 92 95 97 99 101 104 106 108 110 113 115 117 119 121 123 124 126 127 129 130 132 133 135 136 138 139 141 141 141 141 141 140 140 140 140 140 139 139 139 139 139 140 141 143 144 146
65535 65535 65535 65535 65535 65535 65535 111 111 111 111 110 110 110 110 110 110 110 109 109 109 109 106 104 102 100 98 96 94 92 89 87 85 83 81 79 80 81 82 82 83 84 85 86 86 87 88 89 90 91 93 95 98 100 102 104 107 109 111 113 116 118 120 122 124 125 127 128 130 131 133 134 136 137 139 140 142 143 143 142 142 142 142 142 141 141 141 141 141 140 140 141 143 145 147 148
65535 65535 65535 65535 65535 65535 65535 111 111 111 111 111 111 110 110 110 110 110 110 110 110 109 107 105 103 100 98 96 94 92 89 87 85 83 81 79 80 81 82 83 83 84 85 86 87 88 88 89 90 91 94 96 98 100 103 105 107 109 112 114 116 118 121 123 124 126 127 129 131 132 134 135 137 139 140 142 143 144 144 144 144 144 143 143 143 143 143 142 142 142 142 143 145 147 149 151
65535 65535 65535 65535 65535 65535 65535 111 111 111 111 111 111 111 111 111 111 111 110 110 110 110 108 105 103 101 99 96 94 92 90 87 85 83 81 79 80 81 82 83 84 84 85 86 87 88 89 90 91 92 94 97 99 101 103 106 108 110 112 115 117 119 121 123 125 127 128 130 132 133 135 137 138 140 142 143 145 146 146 145 145 145 145 145 145 144 144 144 144 144 144 145 147 149 151 153
65535 65535 65535 65535 65535 65535 65535 111 111 111 111 111 111 111 111 111 111 111 111 111 111 111 108 106 104 101 99 97 94 92 90 87 85 83 80 79 80 81 82 83 84 85 86 87 88 89 90 91 91 93 95 97 100 102 104 106 109 111 113 115 118 120 122 124 126 128 129 131 133 134 136 138 140 141 143 145 146 147 147 147 147 147 146 146 146 146 146 146 145 145 145 146 149 151 153 155
65535 65535 65535 65535 65535 65535 65535 119 119 118 118 117 117 116 115 115 114 114 113 113 112 111 109 107 105 103 100 98 96 94 92 90 87 85 83 82 83 84 85 86 87 88 89 90 91 92 93 94 95 97 99 102 104 106 109 111 113 116 118 120 123 125 127 129 131 133 135 136 138 140 141 143 145 147 148 150 152 152 152 152 152 151 151 151 150 150 150 149 149 149 149 150 152 154 157 159
65535 65535 65535 65535 65535 65535 65535 119 119 118 118 117 117 116 116 115 115 114 114 113 113 112 110 108 106 104 102 100 98 96 94 92 90 88 86 85 86 87 89 90 91 92 93 95 96 97 98 99 100 102 105 107 109 112 114 117 119 122 124 127 129 132 134 136 138 139 141 143 144 146 148 150 151 153 155 156 158 159 158 158 157 157 156 156 155 155 154 154 154 153 153 154 156 158 160 163
65535 65535 65535 65535 65535 65535 65535 119 119 118 118 118 117 117 116 116 115 115 114 114 113 113 111 109 107 106 104 102 100 99 97 95 93 92 90 89 90 91 93 94 95 96 98 99 100 102 103 104 105 107 110 112 115 117 120 123 125 128 130 133 135 138 141 143 144 146 148 149 151 153 154 156 158 159 161 163 164 165 164 163 163 162 162 161 160 160 159 158 158 157 157 158 160 162 164 166
65535 65535 65535 65535 65535 65535 65535 119 119 119 118 118 117 117 116 116 116 115 115 114 114 113 112 110 109 107 105 104 102 101 99 98 96 95 93 92 94 95 96 98 99 101 102 103 105 106 108 109 110 112 115 118 120 123 126 128 131 134 136 139 142 145 147 149 151 153 154 156 158 159 161 162 164 166 167 169 170 171 170 169 169 168 167 166 165 165 164 163 162 161 161 162 164 166 168 170
65535 65535 65535 65535 65535 65535 65535 119 119 119 118 118 117 117 117 116 116 116 115 115 114 114 112 111 110 108 107 106 104 103 102 100 99 98 96 96 97 99 100 102 103 105 106 108 109 111 112 114 115 117 120 123 126 129 131 134 137 140 143 145 148 151 154 156 158 159 161 162 164 166 167 169 170 172 174 175 177 177 176 175 174 173 172 171 170 169 168 168 167 166 165 166 168 170 172 174
65535 65535 65535 65535 65535 65535 65535 119 119 119 118 118 118 117 117 117 116 116 116 115 115 114 113 112 111 110 109 108 107 105 104 103 102 101 100 99 101 103 104 106 107 109 111 112 114 116 117 119 120 122 125 128 131 134 137 140 143 146 149 152 155 158 160 163 164 166 167 169 171 172 174 175 177 178 180 181 183 183 182 181 180 179 178 176 175 174 173 172 171 170 169 169 172 174 176 178
65535 65535 65535 65535 65535 65535 65535 119 119 119 119 118 118 118 117 117 117 116 116 116 115 115 114 113 112 111 111 110 109 108 107 106 105 104 103 103 105 106 108 110 112 113 115 117 118 120 122 124 125 128 131 134 137 140 143 146 149 152 155 158 161 164 167 169 171 173 174 176 177 179 180 182 183 185 186 188 189 189 188 187 186 184 183 182 180 179 178 177 175 174 173 173 175 178 180 182
65535 65535 65535 65535 65535 65535 65535 119 119 119 119 118 118 118 118 117 117 117 117 116 116 116 115 114 114 113 112 111 111 110 109 109 108 107 107 106 108 110 112 114 116 117 119 121 123 125 127 129 130 133 136 139 142 145 148 152 155 158 161 164 167 171 174 176 178 179 181 182 184 185 187 188 190 191 193 194 196 196 194 193 191 190 188 187 185 184 182 181 180 178 177 177 179 181 184 186
65535 65535 65535 65535 65535 65535 65535 119 119 119 119 119 118 118 118 118 117 117 117 117 117 116 116 115 115 114 114 113 113 112 112 111 111 110 110 110 112 114 116 118 120 122 124 126 128 130 131 133 135 138 141 144 148 151 154 157 161 164 167 170 174 177 180 183 184 186 187 189 190 192 193 195 196 197 199 200 202 202 200 198 197 195 194 192 190 189 187 186 184 182 181 181 183 185 187 189
65535 65535 65535 65535 65535 65535 65535 119 119 119 119 119 119 118 118 118 118 118 117 117 117 117 117 116 116 116 116 115 115 115 114 114 114 114 113 114 116 118 120 122 124 126 128 130 132 134 136 138 140 143 146 150 153 156 160 163 167 170 173 177 180 184 187 190 191 192 194 195 197 198 200 201 202 204 205 207 208 208 206 204 203 201 199 197 195 194 192 190 188 186 185 185 187 189 191 193
65535 65535 65535 65535 65535 65535 65535 119 119 119 119 119 119 119 119 118 118 118 118 118 118 118 117 117 117 117 117 117 117 117 117 117 117 117 117 117 119 121 124 126 128 130 132 134 137 139 141 143 145 148 151 155 158 162 165 169 172 176 180 183 187 190 194 196 198 199 200 202 203 205 206 207 209 210 212 213 214 214 212 210 208 206 204 202 200 198 196 195 193 191 189 189 191 193 195 197
65535 65535 65535 65535 65535 65535 65535 119 119 119 119 119 119 119 119 119 119 119 118 118 118 118 118 118 119 119 119 119 119 119 119 120 120 120 120 121 123 125 127 130 132 134 137 139 141 143 146 148 150 153 157 160 164 168 171 175 178 182 186 189 193 197 200 203 204 206 207 208 210 211 212 214 215 217 218 219 221 220 218 216 214 212 210 208 205 203 201 199 197 195 193 193 195 197 199 201
65535 65535 65535 65535 65535 65535 65535 119 119 119 119 119 119 119 119 119 119 119 119 119 119 119 119 120 120 120 121 121 121 122 122 122 123 123 123 124 127 129 131 134 136 139 141 143 146 148 151 153 155 158 162 166 169 173 177 181 184 188 192 196 199 203 207 210 211 212 214 215 216 218 219 220 222 223 224 226 227 226 224 222 220 217 215 213 210 208 206 204 201 199 197 197 199 201 203 205
65535 65535 65535 65535 65535 65535 65535 119 119 119 119 119 119 119 119 119 119 119 119 119 119 119 120 121 121 122 122 123 123 124 125 125 126 126 127 128 130 133 135 138 140 143 145 148 150 153 155 158 160 163 167 171 175 179 183 186 190 194 198 202 206 210 213 216 218 219 220 221 223 224 225 227 228 229 231 232 233 233 230 228 225 223 220 218 215 213 210 208 206 203 201 201 203 205 207 209
65535 65535 65535 65535 65535 65535 65535 119 119 119 119 119 119 119 119 119 119 119 119 119 119 129 130 130 131 131 132 133 133 134 134 135 135 136 136 137 139 142 144 146 148 150 152 154 156 159 161 163 165 168 172 176 180 183 187 191 195 199 203 207 211 215 219 222 223 224 225 226 228 229 230 231 232 233 235 236 237 236 234 231 228 226 223 221 218 216 213 211 208 205 203 203 205 207 209 210
65535 65535 65535 65535 65535 65535 65535 119 119 119 119 119 119 119 119 119 119 119 119 119 119 140 141 141 142 142 143 143 144 144 145 145 146 147 147 148 149 151 153 155 156 158 160 161 163 165 166 168 170 172 176 180 184 188 192 196 200 204 208 212 216 220 224 227 228 229 230 231 232 233 234 235 236 237 238 239 240 239 237 234 231 229 226 223 221 218 215 213 210 207 205 205 207 208 210 212
65535 65535 65535 65535 65535 65535 65535 119 119 119 119 119 119 119 119 119 119 119 119 119 119 152 152 153 153 153 154 154 155 155 156 156 157 157 158 158 160 161 162 163 164 166 167 168 169 171 172 173 174 177 181 185 189 193 197 201 205 209 213 218 222 226 230 233 234 234 235 236 237 238 239 239 240 241 242 243 243 243 240 237 234 231 229 226 223 220 218 215 212 209 207 207 208 210 212 214
65535 65535 65535 65535 65535 65535 65535 119 119 119 119 119 119 119 119 119 119 119 119 119 119 163 163 164 164 164 165 165 166 166 167 167 167 168 168 169 170 170 171 172 173 174 174 175 176 177 177 178 179 181 185 189 193 198 202 206 210 214 219 223 227 231 235 238 239 239 240 241 241 242 243 243 244 245 245 246 247 246 243 240 237 234 231 229 226 223 220 217 214 211 208 208 210 212 214 215
65535 65535 65535 65535 65535 65535 65535 119 119 119 119 119 119 119 119 119 119 119 119 119 119 174 174 175 175 175 176 176 177 177 177 178 178 179 179 179 180 180 180 181 181 181 182 182 182 183 183 183 184 185 190 194 198 202 207 211 215 219 224 228 232 237 241 244 244 245 245 246 246 247 247 248 248 249 249 250 250 249 246 243 240 237 234 231 228 225 222 219 216 213 210 210 212 214 215 217
65535 65535 65535 65535 65535 65535 65535 119 119 119 119 119 119 119 119 119 119 119 119 119 119 185 185 186 186 186 187 187 188 188 188 189 189 189 190 190 190 190 189 189 189 189 189 189 189 189 189 189 188 190 194 198 203 207 211 216 220 225 229 233 238 242 246 249 249 250 250 250 251 251 251 252 252 252 253 253 253 252 249 246 243 240 237 234 231 228 225 221 218 215 212 212 214 215 217 219
65535 65535 65535 65535 65535 65535 65535 119 119 119 119 119 119 119 119 119 119 119 119 119 119 196 197 197 197 198 198 198 198 199 199 199 200 200 200 200 200 199 199 198 198 197 196 196 195 195 194 194 193 194 199 203 207 212 216 221 225 230 234 238 243 247 252 254 255 255 255 255 255 256 256 256 256 256 256 257 257 255 252 249 246 243 239 236 233 230 227 224 220 217 214 214 215 217 219 220
65535 65535 65535 65535 65535 65535 65535 119 119 119 119 119 119 119 119 119 119 119 119 119 119 208 208 208 208 209 209 209 209 210 210 210 210 211 211 211 210 209 208 207 206 205 204 203 202 201 200 199 198 199 203 208 212 217 221 226 230 235 239 244 248 253 257 260 260 260 260 260 260 260 260 260 260 260 260 260 260 258 255 252 249 245 242 239 236 232 229 226 223 219 216 216 217 219 220 222
65535 65535 65535 65535 65535 65535 65535 119 119 119 119 119 119 119 119 119 119 119 119 119 119 219 219 219 219 220 220 220 220 220 221 221 221 221 221 221 220 218 217 216 214 213 211 210 208 207 205 204 202 203 208 212 217 221 226 231 235 240 244 249 253 258 263 265 265 265 265 265 265 264 264 264 264 264 264 264 263 262 258 255 252 248 245 241 238 235 231 228 225 221 218 217 219 220 222 223
65535 65535 65535 65535 65535 65535 65535 119 119 119 119 119 119 119 119 119 119 119 119 119 119 230 230 230 230 231 231 231 231 231 231 232 232 232 232 232 230 228 226 224 222 220 219 217 215 213 211 209 207 207 212 217 221 226 231 235 240 245 249 254 259 263 268 271 270 270 270 270 269 269 269 268 268 268 267 267 267 265 261 258 254 251 247 244 241 237 234 230 227 223 220 219 221 222 224 225
65535 65535 65535 65535 65535 65535 65535 119 119 119 119 119 119 119 119 119 119 119 119 119 119 241 241 241 241 242 242 242 242 242 242 242 242 243 243 242 240 238 235 233 231 228 226 224 221 219 217 214 212 212 216 221 226 231 236 240 245 250 255 259 264 269 274 276 276 275 275 274 274 273 273 272 272 271 271 270 270 268 264 261 257 254 250 247 243 239 236 232 229 225 222 221 222 224 225 227
65535 65535 65535 65535 65535 65535 65535 119 119 119 119 119 119 119 119 119 119 119 119 119 119 252 252 252 253 253 253 253 253 253 253 253 253 253 253 253 250 247 244 242 239 236 233 230 228 225 222 219 216 216 221 226 231 235 240 245 250 255 260 265 269 274 279 282 281 280 280 279 278 278 277 277 276 275 275 274 273 271 267 264 260 257 253 249 246 242 238 235 231 227 224 223 224 226 227 228
65535 65535 65535 65535 65535 65535 65535 119 119 119 119 119 119 119 119 119 119 119 119 119 119 263 263 264 264 264 264 264 264 264 264 264 264 264 264 263 260 257 254 250 247 244 241 237 234 231 228 224 221 221 225 230 235 240 245 250 255 260 265 270 275 280 285 287 286 285 285 284 283 282 281 281 280 279 278 277 277 274 271 267 263 259 256 252 248 244 241 237 233 229 225 225 226 227 229 230
65535 65535 65535 65535 65535 65535 65535 119 119 119 119 119 119 119 119 119 119 119 119 119 119 275 275 275 275 275 275 275 275 275 275 275 275 275 275 274 270 266 263 259 255 252 248 244 241 237 233 230 226 225 230 235 240 245 250 255 260 265 270 275 280 285 290 293 292 291 290 289 288 287 286 285 284 283 282 281 280 278 274 270 266 262 258 254 251 247 243 239 235 231 227 226 228 229 230 231
65535 65535 65535 65535 65535 65535 65535 65535 65535 65535 65535 65535 65535 65535 65535 65535 65535 65535 65535 65535 65535 338 334 330 326 321 317 313 308 304 300 296 291 287 283 279 275 271 267 264 260 256 252 249 245 241 237 234 230 229 234 239 244 249 253 258 263 268 273 278 283 288 293 295 294 293 293 292 291 290 289 288 287 287 286 285 284 282 278 274 270 267 263 259 255 252 248 244 240 236 233 232 233 234 235 236
65535 65535 65535 65535 65535 65535 65535 65535 65535 65535 65535 65535 65535 65535 65535 65535 65535 65535 65535 65535 65535 338 334 331 327 323 319 315 311 307 303 299 295 291 287 283 279 276 272 268 264 261 257 253 249 245 242 238 234 233 238 243 247 252 257 262 266 271 276 281 285 290 295 297 297 296 295 295 294 293 293 292 291 290 290 289 288 286 282 279 275 271 268 264 260 257 253 249 246 242 238 237 238 239 240 241
65535 65535 65535 65535 65535 65535 65535 65535 65535 65535 65535 65535 65535 65535 65535 65535 65535 65535 65535 65535 65535 338 335 331 328 324 320 317 313 310 306 302 299 295 291 288 284 280 276 273 269 265 261 257 254 250 246 242 238 237 242 246 251 256 260 265 270 274 279 283 288 293 297 300 299 299 298 298 297 296 296 295 295 294 294 293 292 290 287 283 280 276 272 269 265 262 258 255 251 247 244 243 244 245 246 246
65535 65535 65535 65535 65535 65535 65535 65535 65535 65535 65535 65535 65535 65535 65535 65535 65535 65535 65535 65535 65535 338 335 332 329 325 322 319 316 312 309 306 302 299 296 292 289 285 281 277 273 269 265 262 258 254 250 246 242 241 246 250 255 259 264 268 273 277 282 286 291 295 300 302 302 301 301 301 300 300 299 299 298 298 297 297 297 295 291 288 284 281 277 274 270 267 263 260 256 253 249 248 249 250 251 252
65535 65535 65535 65535 65535 65535 65535 65535 65535 65535 65535 65535 65535 65535 65535 65535 65535 65535 65535 65535 65535 339 336 333 330 327 324 321 318 315 312 309 306 303 300 297 293 289 285 281 278 274 270 266 262 258 254 250 247 245 250 254 258 263 267 272 276 280 285 289 293 298 302 305 304 304 304 304 303 303 303 302 302 302 301 301 301 299 296 292 289 285 282 279 275 272 268 265 262 258 255 254 255 255 256 257
65535 65535 65535 65535 65535 65535 65535 65535 65535 65535 65535 65535 65535 65535 65535 65535 65535 65535 65535 65535 65535 339 336 333 331 328 325 323 320 318 315 312 310 307 304 302 298 294 290 286 282 278 274 270 266 262 258 255 251 249 254 258 262 266 271 275 279 283 288 292 296 300 305 307 307 307 307 306 306 306 306 306 306 305 305 305 305 303 300 297 293 290 287 283 280 277 274 270 267 264 260 259 260 261 261 262
