pluvio/pluvio-382.asc
ncols         252
nrows         154
xllcorner     -0.5
yllcorner     -153.5
cellsize      1
NODATA_value  -9999
[rows 65 to 129 of 154, columns 96 to 191 of 252]
2 2 2 2 2 2 2 2 2 2 2 2 2 2 3 3 4 4 5 5 5 5 5 5 5 5 5 5 5 5 5 5 5 5 5 4 4 3 3 2 2 3 3 4 5 5 6 6 7 7 8 8 8 9 9 10 10 10 10 10 11 10 10 9 9 8 8 7 8 10 12 13 15 17 19 19 19 18 17 17 16 16 16 16 16 16 16 17 17 18 20 22 24 27 29 31
2 2 2 2 2 2 2 2 2 2 2 2 2 2 3 3 4 4 5 5 5 5 5 5 5 5 5 5 5 5 5 5 5 5 4 4 4 3 3 2 2 3 3 4 5 5 6 7 7 8 8 9 9 9 10 10 10 11 11 11 11 11 11 10 9 9 8 8 9 10 12 14 16 17 19 20 19 18 18 17 16 16 16 16 16 16 16 16 16 18 20 22 24 26 29 31
2 2 2 2 2 2 2 2 2 2 2 2 2 2 3 3 4 4 4 5 5 5 5 5 5 5 5 5 5 5 5 5 5 5 4 4 4 3 3 2 2 3 4 4 5 5 6 6 7 7 8 8 8 9 9 9 10 10 10 10 11 10 10 10 9 9 8 8 9 10 12 14 15 17 19 19 19 19 18 18 18 17 17 17 17 17 17 17 16 18 20 21 23 25 27 29
3 2 2 2 2 2 2 2 2 2 2 2 2 2 3 3 3 4 4 4 5 5 5 5 5 5 5 5 5 5 5 5 5 5 4 4 4 3 3 3 2 3 4 4 5 5 6 6 6 7 7 7 8 8 8 8 9 9 9 9 10 10 9 9 9 8 8 8 9 10 12 13 15 17 18 19 19 19 19 19 19 19 19 19 18 18 18 17 17 18 19 21 22 24 25 27
3 3 3 3 3 3 2 2 2 2 2 2 2 2 3 3 3 4 4 4 4 4 5 5 5 5 5 5 5 5 5 5 5 5 5 4 4 3 3 3 3 3 4 4 4 5 5 6 6 6 6 7 7 7 7 7 8 8 8 9 9 9 9 8 8 8 8 8 9 10 12 13 15 16 18 19 19 20 20 20 21 21 21 20 20 19 19 18 18 18 19 20 21 23 24 25
3 3 3 3 3 3 3 3 3 2 2 2 2 2 3 3 3 3 3 4 4 4 4 5 5 5 5 5 5 5 5 5 5 5 5 4 4 4 3 3 3 3 4 4 4 5 5 5 5 6 6 6 6 6 6 7 7 7 7 8 8 8 8 8 8 8 8 8 9 10 11 13 14 16 17 18 19 20 21 21 22 23 23 22 21 20 20 19 18 18 19 20 21 21 22 23
4 3 3 3 3 3 3 3 3 3 3 2 2 3 3 3 3 3 3 3 4 4 4 5 5 5 5 5 5 5 5 5 5 5 5 4 4 4 3 3 3 3 4 4 4 4 5 5 5 5 5 5 5 5 5 6 6 6 6 7 7 7 7 7 7 8 8 8 9 10 11 13 14 16 17 18 19 20 21 23 24 25 25 24 23 22 21 20 19 19 19 19 20 20 20 21
4 4 4 3 3 3 3 3 3 3 3 3 3 3 3 3 3 3 3 3 3 4 4 4 5 5 5 5 5 5 5 5 5 5 5 4 4 4 3 3 3 3 4 4 4 4 5 5 5 5 4 4 4 4 4 5 5 5 6 6 6 6 7 7 7 7 7 8 9 10 11 12 14 15 16 18 19 21 22 24 25 27 26 25 24 23 22 21 19 19 19 19 19 19 19 19
4 4 4 4 4 3 3 3 3 3 3 3 3 3 3 3 3 3 3 3 3 3 4 4 5 5 5 5 5 5 5 5 5 5 5 4 4 4 4 3 3 3 4 4 4 4 4 4 4 4 4 4 4 3 3 4 4 4 5 5 5 6 6 6 7 7 7 8 8 10 11 12 13 15 16 18 19 21 23 25 27 28 28 27 25 24 23 21 20 19 19 18 18 17 17 16
5 4 4 4 4 4 4 4 3 3 3 3 3 3 3 3 3 3 3 3 3 4 4 4 5 5 5 5 5 5 5 5 5 5 4 4 4 4 4 3 3 3 4 4 4 4 4 4 4 4 4 4 3 3 3 4 4 4 5 5 5 6 6 6 7 7 7 8 8 10 11 13 14 15 17 18 20 21 22 24 25 26 26 25 24 23 22 21 20 19 19 19 19 19 19 19
5 5 5 4 4 4 4 4 4 4 4 4 4 4 4 3 3 3 3 3 4 4 4 4 5 5 5 5 5 5 5 5 5 4 4 4 4 4 3 3 3 3 4 4 4 4 4 4 4 4 4 3 3 3 3 4 4 4 5 5 5 6 6 6 7 7 7 7 8 10 12 13 15 16 18 19 20 21 21 22 23 24 24 23 22 22 21 20 19 19 20 20 20 20 20 21
5 5 5 5 5 4 4 4 4 4 4 4 4 4 4 4 4 4 4 4 4 4 4 4 5 5 5 5 5 5 4 4 4 4 4 4 4 4 3 3 3 3 3 4 4 4 4 4 4 4 4 3 3 3 3 4 4 4 5 5 5 6 6 6 7 7 7 7 8 10 12 13 15 17 19 19 20 20 21 21 21 22 22 21 21 20 20 20 19 20 20 21 21 22 22 23
5 5 5 5 5 5 5 5 5 5 5 5 4 4 4 4 4 4 4 4 4 4 4 4 5 5 5 4 4 4 4 4 4 4 4 4 4 3 3 3 3 3 3 4 4 4 4 4 4 4 3 3 3 3 3 3 4 4 5 5 6 6 6 6 6 7 7 7 8 10 12 14 16 18 19 20 20 20 20 20 20 20 19 19 19 19 19 19 19 20 21 21 22 23 24 25
6 6 5 5 5 5 5 5 5 5 5 5 5 5 5 5 5 5 5 5 5 4 4 4 4 4 4 4 4 4 4 4 4 3 3 3 3 3 3 3 3 3 3 4 4 4 4 4 4 3 3 3 3 3 3 3 4 4 5 5 6 6 6 6 6 7 7 7 8 10 12 14 16 18 20 21 20 20 19 18 18 17 17 18 18 18 18 19 19 20 21 22 23 25 26 27
6 6 6 6 6 5 5 5 5 5 5 5 5 5 5 5 5 5 5 5 5 5 5 5 4 4 4 4 4 4 4 3 3 3 3 3 3 3 3 3 3 3 3 3 4 4 4 4 3 3 3 3 3 3 3 3 4 4 5 5 6 6 6 6 6 7 7 7 8 10 13 15 17 19 21 21 20 19 18 17 16 15 15 16 16 17 17 18 19 20 21 23 25 26 28 29
6 6 6 6 6 6 6 6 6 6 6 6 6 6 6 6 6 6 5 5 5 5 5 5 4 4 4 4 4 4 3 3 3 3 3 3 3 3 3 3 3 3 3 3 3 4 4 4 3 3 3 3 3 3 3 3 4 4 5 5 6 6 6 6 6 7 7 7 8 11 13 15 17 20 22 22 20 19 17 16 14 13 13 14 15 16 16 17 18 20 22 24 26 28 30 31
8 8 8 8 8 7 8 8 8 8 8 8 8 7 7 7 7 7 7 7 7 7 6 6 6 6 6 5 5 5 4 4 4 4 4 4 4 4 4 4 4 4 4 4 4 4 4 4 4 3 3 3 3 3 3 4 4 4 5 5 6 6 6 6 7 7 7 7 8 10 12 14 16 18 20 20 19 17 16 15 14 12 12 13 14 15 15 16 17 18 20 22 23 25 27 28
9 9 9 9 9 9 9 9 9 9 9 9 9 9 9 9 9 9 9 8 8 8 8 8 8 8 7 7 6 6 6 5 5 4 4 4 4 4 4 4 4 4 4 4 4 4 4 4 4 4 4 4 4 3 4 4 4 5 5 5 6 6 6 7 7 7 7 8 9 10 12 13 15 16 18 18 17 16 15 14 13 12 12 12 13 14 14 15 15 17 18 20 21 22 24 25
11 11 11 11 11 11 11 11 11 11 11 11 11 11 11 11 10 10 10 10 10 10 10 10 9 9 9 8 8 7 7 6 5 5 5 5 5 5 5 5 5 4 4 4 4 4 4 4 4 4 4 4 4 4 4 4 5 5 5 5 6 6 6 7 7 7 8 8 9 10 11 12 14 15 16 16 15 14 13 13 12 11 11 12 12 13 13 13 14 15 16 17 19 20 21 22
13 13 13 13 12 12 12 13 13 13 13 13 13 13 12 12 12 12 12 12 11 11 11 11 11 11 11 10 9 8 8 7 6 6 6 6 5 5 5 5 5 5 5 5 4 4 4 4 4 4 4 4 4 4 4 5 5 5 5 5 6 6 6 7 7 8 8 9 9 10 11 11 12 13 14 14 13 13 12 12 11 10 10 11 11 11 12 12 12 13 14 15 16 17 18 19
14 14 14 14 14 14 14 14 14 14 14 14 14 14 14 14 14 13 13 13 13 13 13 13 13 13 12 11 11 10 9 8 7 6 6 6 6 6 6 6 5 5 5 5 5 5 4 4 4 4 5 5 5 5 5 5 5 5 5 5 5 6 6 7 7 8 9 9 9 10 10 11 11 11 12 12 11 11 11 10 10 10 10 10 10 10 11 11 11 12 12 13 14 15 16 16
16 16 16 16 16 16 16 16 16 16 16 16 16 16 16 15 15 15 15 15 15 15 14 14 14 14 14 13 12 11 10 9 8 7 7 7 7 6 6 6 6 6 5 5 5 5 4 4 5 5 5 5 5 5 5 5 5 5 5 5 5 6 6 7 8 8 9 10 10 10 10 10 10 10 10 10 9 9 9 9 9 9 9 9 9 9 10 10 10 10 11 11 12 12 13 13
17 17 17 17 17 17 17 17 18 18 18 18 18 18 17 17 17 17 16 16 16 16 16 16 16 16 16 14 13 12 11 10 9 8 8 7 7 7 7 6 6 6 6 5 5 5 5 5 5 5 5 5 5 6 6 6 6 6 6 5 5 6 6 7 8 9 9 10 10 10 9 9 8 8 8 8 8 8 8 8 9 9 9 9 9 9 8 8 8 9 9 9 10 10 10 10
18 18 18 18 18 18 18 18 18 18 18 19 19 19 19 18 18 18 18 18 18 18 17 17 17 17 16 15 14 13 12 11 9 9 8 8 8 8 8 7 7 7 7 6 6 6 5 5 5 6 6 6 6 6 6 6 6 6 6 6 6 6 6 7 8 8 9 10 10 9 9 9 8 8 8 8 8 8 8 9 9 9 9 9 9 9 9 9 9 9 9 10 10 10 11 11
19 18 18 18 18 18 18 18 19 19 19 19 20 20 20 20 20 20 20 20 20 19 19 18 18 18 17 16 15 14 12 11 10 9 9 9 9 9 8 8 8 8 7 7 7 6 6 6 6 6 6 6 6 6 6 6 6 6 6 6 6 6 7 7 8 8 9 9 9 9 9 9 9 8 8 8 8 9 9 9 9 9 9 9 10 10 10 10 10 10 10 10 11 11 11 12
19 19 19 19 18 18 19 19 19 20 20 20 20 21 21 21 21 22 22 22 21 21 20 20 19 18 18 17 15 14 13 12 11 10 10 10 10 9 9 9 9 8 8 8 8 7 7 7 7 7 7 7 7 7 7 7 6 6 6 6 6 6 7 7 8 8 8 9 9 9 9 9 9 8 8 8 9 9 9 9 9 10 10 10 10 10 10 10 10 11 11 11 11 12 12 12
20 20 19 19 19 19 19 19 20 20 21 21 21 22 22 23 23 23 24 24 23 22 22 21 20 19 18 17 16 15 14 13 12 11 11 11 10 10 10 10 10 9 9 9 8 8 8 7 7 7 7 7 7 7 7 7 7 7 6 6 6 6 7 7 7 8 8 9 9 9 9 9 9 9 8 9 9 9 9 10 10 10 10 10 10 11 11 11 11 11 11 12 12 12 12 13
20 20 20 20 19 19 20 20 20 21 21 22 22 23 23 24 24 25 26 26 25 24 23 22 21 20 19 18 17 16 15 14 12 12 12 11 11 11 11 11 11 10 10 9 9 9 8 8 8 8 8 8 8 8 7 7 7 7 7 6 6 6 7 7 7 8 8 8 9 9 9 9 9 9 9 9 9 9 10 10 10 10 11 11 11 11 11 11 12 12 12 12 12 13 13 13
21 21 20 20 20 19 20 20 21 22 22 23 23 24 25 25 26 27 27 28 27 25 24 23 22 21 20 19 18 17 15 14 13 12 12 12 12 12 12 12 11 11 11 10 10 9 9 9 9 9 8 8 8 8 8 8 7 7 7 6 6 6 7 7 7 7 8 8 8 8 8 9 9 9 9 9 9 10 10 10 10 11 11 11 11 12 12 12 12 12 13 13 13 13 13 14
22 21 21 21 20 20 21 21 22 22 23 24 24 25 26 27 28 29 30 30 29 27 26 25 23 22 21 20 18 17 16 15 14 13 13 13 13 13 12 12 12 12 11 11 11 10 10 9 9 9 9 9 9 8 8 8 8 7 7 7 6 6 7 7 7 7 8 8 8 8 9 9 9 9 9 9 10 10 10 11 11 11 11 12 12 12 12 13 13 13 13 14 14 14 14 14
25 24 24 23 23 22 23 24 24 25 25 26 26 28 29 30 32 33 34 35 33 31 29 27 26 24 22 21 19 18 17 15 14 13 13 13 13 12 12 12 12 12 11 11 11 10 10 10 9 9 9 9 9 9 8 8 8 8 8 8 8 8 8 8 9 9 9 9 9 10 10 10 10 10 11 11 11 11 11 11 12 12 12 12 13 13 14 14 14 15 15 15 15 15 15 16
27 27 26 26 25 25 25 26 26 27 27 28 28 30 32 34 35 37 39 39 37 35 33 30 28 26 24 22 20 19 17 16 14 13 13 12 12 12 12 12 12 11 11 11 11 10 10 10 10 9 9 9 9 9 9 9 9 9 9 9 9 9 9 10 10 10 10 11 11 11 11 11 12 12 12 12 12 12 12 12 12 12 13 13 14 14 15 15 16 16 16 16 17 17 17 17
30 30 29 28 28 27 28 28 29 29 29 30 31 33 35 37 39 41 43 44 41 39 36 33 31 28 25 23 22 20 18 16 14 13 12 12 12 12 12 12 12 11 11 11 11 10 10 10 10 10 9 9 9 9 9 9 9 10 10 10 10 10 11 11 11 11 12 12 12 12 13 13 13 13 13 13 13 13 13 13 13 13 13 14 15 15 16 16 17 17 18 18 18 18 18 19
33 32 32 31 30 30 30 30 31 31 32 32 33 35 38 40 43 45 48 49 46 43 39 36 33 30 27 25 23 20 18 16 14 12 12 12 12 12 12 12 11 11 11 11 11 11 10 10 10 10 10 9 9 9 9 10 10 10 11 11 11 12 12 12 12 13 13 13 13 14 14 14 14 14 15 15 15 14 14 14 14 14 14 15 16 16 17 18 18 19 19 19 19 20 20 20
36 35 34 34 33 32 33 33 33 33 34 34 35 38 41 44 46 49 52 54 50 46 43 39 35 32 28 26 24 21 19 16 14 12 12 12 12 12 12 11 11 11 11 11 11 11 10 10 10 10 10 10 9 9 9 10 10 11 11 12 13 13 13 13 14 14 14 14 15 15 15 15 16 16 16 16 16 15 15 15 15 14 15 16 16 17 18 19 20 20 20 21 21 21 21 21
39 38 37 36 35 35 35 35 35 36 36 36 37 40 44 47 50 54 57 58 54 50 46 42 38 34 30 27 25 22 19 17 14 12 12 12 12 12 11 11 11 11 11 11 11 11 11 10 10 10 10 10 10 9 10 10 11 12 12 13 14 14 14 15 15 15 16 16 16 16 17 17 17 17 17 17 17 17 16 16 15 15 16 16 17 18 19 20 21 21 22 22 22 22 23 23
41 40 39 39 38 37 37 37 37 38 38 38 39 42 46 50 53 57 60 62 58 53 49 44 40 35 31 28 26 23 20 17 14 12 12 12 12 11 11 11 11 11 11 11 11 11 11 11 11 10 10 10 10 10 10 11 12 12 13 14 15 15 16 16 16 17 17 17 17 18 18 18 19 19 19 19 18 18 17 17 16 16 16 17 18 20 21 22 23 23 23 23 24 24 24 24
43 42 41 40 39 39 39 39 39 39 39 39 40 43 46 49 52 55 58 59 55 51 47 43 39 35 31 29 26 23 20 17 15 13 13 12 12 12 12 12 12 12 12 12 12 12 12 12 11 11 11 11 11 11 11 12 13 13 14 15 16 16 17 17 18 18 19 19 20 20 21 21 22 22 23 22 22 21 20 20 19 18 19 20 21 22 23 24 25 26 26 26 26 26 26 26
46 44 43 42 41 40 40 40 40 40 40 40 41 43 46 48 51 53 56 57 53 50 46 42 39 35 32 29 26 24 21 18 15 14 13 13 13 13 13 12 12 12 12 12 12 12 12 12 12 12 12 12 12 12 12 13 13 14 15 16 16 17 18 18 19 20 21 21 22 23 23 24 25 25 26 26 25 24 23 22 21 20 21 22 23 24 26 27 28 28 28 28 28 28 27 27
48 46 45 44 43 42 42 42 41 41 41 41 41 44 46 48 50 52 54 55 51 48 45 41 38 35 32 29 27 24 21 19 16 14 14 14 14 13 13 13 13 13 13 13 13 13 13 13 13 13 13 13 13 13 13 14 14 15 16 16 17 18 19 20 21 21 22 23 24 25 26 27 28 29 30 29 28 27 26 25 24 23 23 24 26 27 28 30 31 31 31 30 30 29 29 29
50 48 47 46 45 43 43 43 43 43 42 42 42 44 45 47 49 50 52 52 49 46 43 41 38 35 32 29 27 24 22 19 17 15 15 15 14 14 14 14 13 14 14 14 14 14 14 14 14 14 14 14 14 14 14 14 15 16 16 17 18 19 20 21 22 23 24 25 26 27 29 30 31 32 33 33 31 30 29 27 26 25 25 27 28 29 31 32 34 34 33 32 32 31 31 30
52 50 49 48 46 45 45 44 44 44 44 43 43 44 45 46 47 48 49 50 47 45 42 40 37 35 32 30 27 25 22 20 18 16 16 15 15 15 14 14 14 14 14 15 15 15 15 15 15 15 15 15 15 15 15 15 16 17 17 18 19 19 21 22 23 25 26 27 28 30 31 33 34 35 37 36 35 33 32 30 29 27 27 29 30 32 33 35 36 36 35 35 34 33 32 31
54 53 51 49 48 47 46 46 45 45 45 44 44 45 45 46 46 47 47 47 45 43 41 39 37 34 32 30 28 25 23 21 18 17 16 16 16 15 15 15 15 15 15 15 15 16 16 16 16 16 16 16 16 15 16 16 17 17 18 19 19 20 22 23 25 26 28 29 31 32 34 35 37 38 40 40 38 36 34 33 31 29 30 31 33 34 36 38 39 39 38 37 36 35 34 33
56 54 53 51 50 48 48 47 47 46 46 46 45 45 45 45 45 45 45 45 43 41 39 38 36 34 32 30 28 26 23 21 19 18 17 17 17 16 16 16 15 16 16 16 16 16 16 17 16 16 16 16 16 16 16 17 18 18 19 19 20 21 23 24 26 27 29 31 32 34 36 37 39 41 43 42 40 39 37 35 33 32 32 33 35 36 38 39 41 41 39 38 37 36 35 33
56 54 53 52 51 50 49 49 49 49 48 48 48 47 46 46 45 44 44 43 41 40 38 36 35 33 31 29 28 26 24 22 20 19 18 18 18 18 17 17 17 17 17 17 17 17 17 17 17 16 16 16 16 16 16 17 18 18 19 19 20 21 22 24 25 27 28 30 31 33 35 36 38 40 41 41 40 39 38 37 36 35 35 35 36 37 37 38 39 38 37 36 34 33 32 31
56 55 54 53 52 51 51 51 51 51 50 50 50 49 47 46 45 43 42 41 39 38 36 35 33 32 30 29 27 26 24 23 21 20 20 19 19 19 19 18 18 18 18 18 17 17 17 17 17 17 16 16 16 16 16 17 17 18 19 19 20 21 22 23 25 26 27 29 30 32 33 35 37 38 40 40 40 39 39 38 38 37 37 37 37 37 37 37 37 36 35 33 32 31 29 28
56 55 54 54 53 52 52 52 52 53 53 53 52 50 48 46 44 43 41 39 37 36 35 33 32 31 30 28 27 26 25 23 22 21 21 21 21 20 20 20 20 19 19 18 18 18 17 17 17 17 16 16 16 16 16 17 17 18 19 19 20 21 22 23 24 25 26 28 29 31 32 34 36 37 39 40 40 40 40 40 40 40 40 39 38 37 37 36 35 34 32 31 29 28 27 25
56 55 55 54 54 54 54 54 54 55 55 55 55 52 49 47 44 42 39 37 36 34 33 32 31 30 29 28 27 26 25 24 23 22 22 22 22 22 22 21 21 20 20 19 19 18 18 17 17 17 16 16 16 16 16 17 17 18 19 19 20 21 22 23 24 25 26 27 28 29 31 33 34 36 38 39 39 40 41 42 42 43 42 41 39 38 36 34 33 31 30 28 27 25 24 22
56 55 55 55 55 55 56 56 56 57 57 57 57 54 50 47 44 41 37 35 34 33 32 31 30 29 28 27 27 26 25 25 24 24 24 23 23 23 23 23 22 22 21 20 19 19 18 17 17 17 16 16 16 15 16 16 17 18 19 19 20 21 22 22 23 24 25 26 27 28 30 32 33 35 36 38 39 41 42 43 45 46 45 43 40 38 36 33 31 29 28 26 24 23 21 20
55 56 56 56 56 57 57 58 58 59 59 59 59 55 51 47 44 40 36 33 32 31 30 29 28 28 27 27 26 26 26 25 25 25 25 25 25 24 24 24 24 23 22 21 20 19 18 17 17 17 16 16 16 15 15 16 17 18 19 19 20 21 22 22 23 23 24 25 26 27 29 30 32 33 35 37 39 41 43 45 47 49 48 45 41 38 35 32 29 27 25 24 22 20 19 17
56 56 57 57 58 58 59 59 60 60 61 62 61 57 52 48 44 39 35 32 31 30 29 29 28 27 27 27 27 26 26 26 26 26 26 26 26 26 26 26 25 24 23 22 21 20 19 18 18 17 17 16 16 16 16 16 17 18 19 20 20 21 22 22 23 23 24 24 25 27 29 30 32 33 35 37 39 41 44 46 48 51 49 45 42 38 34 31 27 25 23 22 20 19 17 16
57 57 58 58 59 59 60 61 61 62 63 63 63 58 54 50 45 41 36 33 32 31 31 30 29 29 28 28 28 28 28 28 28 28 28 28 28 28 28 28 27 26 25 24 23 22 20 20 19 19 18 18 18 17 17 18 18 19 19 19 20 21 22 23 24 25 26 27 28 29 31 32 34 35 36 38 40 42 43 45 47 49 47 44 40 37 33 30 26 25 23 22 21 20 19 18
58 59 59 60 60 60 61 62 63 63 64 65 64 60 55 51 46 42 37 34 33 33 32 31 31 30 30 30 30 30 30 30 30 30 30 30 30 30 30 30 29 28 27 26 25 23 22 21 21 20 20 20 19 19 19 19 19 19 19 19 20 20 22 23 25 26 28 29 30 32 33 34 36 37 38 40 41 42 43 44 45 47 45 42 38 35 32 29 25 24 24 23 22 22 21 21
59 60 60 61 61 62 63 63 64 65 66 66 66 61 57 52 48 43 38 35 34 34 33 33 32 31 31 31 31 31 32 32 32 32 32 32 32 32 32 32 31 30 29 28 26 25 24 23 23 22 22 21 21 20 20 20 20 20 20 19 19 20 22 24 26 28 30 32 33 34 35 37 38 39 40 41 42 42 43 43 44 45 43 40 37 34 31 28 25 24 24 24 24 24 24 23
60 61 61 62 62 63 64 65 65 66 67 68 68 63 58 54 49 44 40 36 36 35 34 34 33 33 33 33 33 33 33 33 34 34 34 34 34 34 34 34 33 32 31 29 28 27 26 25 24 24 23 23 22 22 21 21 21 20 20 19 19 20 22 25 27 29 32 34 36 37 38 39 40 41 42 43 43 43 43 43 43 43 41 38 35 32 29 27 24 23 24 24 25 25 26 26
62 62 63 63 64 64 65 66 67 68 69 70 69 65 60 55 50 46 41 37 37 36 36 35 35 34 34 34 35 35 35 35 35 36 36 36 35 35 35 35 35 34 32 31 30 29 27 26 26 25 25 24 24 23 23 22 21 21 20 19 19 20 23 25 28 31 34 36 38 39 40 41 42 43 44 44 43 43 42 42 41 40 39 36 33 31 28 26 23 23 24 25 26 27 28 29
63 63 64 64 65 65 66 67 68 69 70 71 71 66 61 56 52 47 42 38 38 37 37 37 36 36 36 36 36 36 37 37 37 37 37 37 37 37 37 37 37 36 34 33 32 30 29 28 28 27 27 26 25 25 24 23 22 21 20 19 18 20 23 26 29 32 35 39 41 41 42 43 44 45 46 45 44 43 42 41 40 38 36 34 32 29 27 25 22 23 24 25 27 28 30 31
64 64 65 65 66 67 68 69 70 71 71 72 72 67 63 58 53 48 43 39 39 39 38 38 38 37 37 37 38 38 38 38 39 39 39 39 39 39 39 39 38 37 36 34 33 32 30 29 29 28 28 27 27 26 25 24 23 22 21 20 18 20 23 26 30 33 37 40 42 43 44 44 45 46 47 46 45 43 41 40 38 36 35 33 30 28 26 24 22 23 25 26 28 30 32 34
64 65 66 66 67 68 69 69 70 71 72 73 73 68 63 59 54 49 44 41 40 40 40 39 39 39 38 39 39 39 39 39 39 39 39 39 39 39 40 40 39 38 36 35 33 32 30 29 29 28 27 27 26 26 25 24 23 22 21 20 19 20 23 26 30 33 36 39 41 42 42 43 44 45 46 45 44 42 40 38 37 35 33 32 30 29 28 26 25 25 27 28 30 31 33 34
65 66 66 67 68 69 69 70 71 72 73 73 73 69 64 59 55 50 45 42 42 41 41 41 40 40 40 40 40 40 40 40 40 40 40 40 40 40 40 40 40 38 36 35 33 32 30 29 28 28 27 27 26 26 25 24 23 23 22 21 20 21 24 27 29 32 35 38 39 40 41 42 43 44 45 44 43 41 39 37 35 33 32 31 30 30 29 28 27 28 29 30 31 33 34 35
65 66 67 68 69 70 70 71 72 73 73 74 74 69 65 60 56 51 47 43 43 43 42 42 42 41 41 41 41 41 41 40 40 40 40 40 41 41 41 41 40 39 37 35 33 32 30 29 28 28 27 27 26 26 25 24 24 23 22 22 21 22 24 27 29 32 34 36 38 39 40 41 42 43 44 44 42 40 38 36 34 32 31 31 30 30 30 30 29 30 31 32 33 34 35 36
66 67 68 69 70 71 71 72 73 73 74 75 74 70 65 61 57 52 48 44 44 44 44 43 43 43 43 42 42 42 41 41 41 41 41 41 41 41 41 42 41 39 37 35 34 32 30 29 28 28 27 27 26 26 25 24 24 23 23 22 22 22 25 27 29 31 33 35 37 38 39 40 41 42 43 43 41 39 36 34 32 30 30 30 30 31 31 31 32 32 33 34 35 35 36 37
66 67 68 70 71 72 72 73 73 74 75 75 75 70 66 62 58 53 49 46 46 45 45 45 44 44 44 43 43 43 42 42 41 41 41 41 42 42 42 42 42 40 38 36 34 32 30 28 28 27 27 26 26 25 25 25 24 24 23 23 22 23 25 27 29 30 32 34 36 37 38 39 40 41 43 42 40 37 35 33 31 29 29 30 30 31 32 33 34 35 35 36 36 37 37 38
67 68 69 70 72 73 73 74 74 75 75 76 75 71 67 63 59 54 50 47 47 47 46 46 46 46 45 45 44 44 43 42 42 42 42 42 42 42 43 43 42 40 38 36 34 32 30 28 28 27 27 26 26 25 25 25 24 24 24 24 23 24 25 27 28 30 31 33 34 35 37 38 39 40 42 41 39 36 34 32 30 27 28 29 30 32 33 35 36 37 37 38 38 38 38 39
67 69 70 71 72 74 74 74 75 75 76 76 76 72 67 63 59 55 51 48 48 48 47 47 47 47 47 46 45 44 44 43 42 42 42 42 43 43 43 43 42 40 38 36 34 32 29 28 27 27 27 26 26 25 25 25 24 24 24 24 24 24 25 27 28 29 30 32 33 34 35 37 38 39 40 39 37 35 33 31 29 27 27 29 31 33 34 36 38 39 39 39 39 39 39 39
