pluvio/pluvio-382.asc
ncols         252
nrows         154
xllcorner     -0.5
yllcorner     -153.5
cellsize      1
NODATA_value  -9999
[rows 65 to 129 of 154, columns 0 to 95 of 252]
2 3 3 4 4 3 3 3 3 2 2 2 2 2 2 2 2 2 2 2 2 2 2 2 2 2 2 2 2 2 2 2 3 3 4 4 5 5 6 7 8 9 10 11 12 14 13 13 13 12 12 12 11 11 11 11 10 10 10 9 9 8 8 7 7 6 5 5 4 4 3 2 2 1 1 1 1 1 1 1 1 1 1 1 1 1 0 0 1 1 1 1 1 2 2 2
2 3 3 4 4 4 3 3 3 2 2 2 2 2 2 2 3 3 3 3 2 2 2 2 2 2 2 2 2 2 2 2 3 3 4 4 5 6 6 7 8 9 10 12 13 14 14 14 13 13 13 12 12 12 11 11 11 10 10 9 9 8 8 7 7 6 6 5 4 3 2 2 1 0 0 0 0 0 0 0 0 0 0 0 0 0 0 0 0 1 1 1 1 2 2 2
2 3 3 4 4 4 3 3 3 2 2 2 2 2 2 2 2 3 2 2 2 2 2 2 2 2 2 2 2 2 2 2 3 3 4 4 5 6 6 7 8 9 10 12 13 14 14 13 13 13 12 12 12 12 11 11 11 11 11 10 10 9 9 8 8 7 7 6 5 5 4 3 2 2 2 2 2 2 2 2 2 2 2 2 1 1 1 1 1 1 1 2 2 2 2 2
2 3 3 4 4 4 3 3 3 2 2 2 2 2 2 2 2 2 2 2 2 2 2 2 2 2 2 2 2 2 2 2 3 3 4 4 5 5 6 7 8 9 10 11 13 14 14 13 13 13 12 12 11 11 11 11 11 12 12 12 11 11 10 10 9 9 8 7 7 6 5 5 4 4 4 4 4 4 4 4 4 4 4 3 3 2 2 1 2 2 2 2 2 2 3 3
2 3 3 4 4 4 3 3 3 2 2 2 2 2 2 2 2 2 2 2 2 2 2 2 2 2 2 2 2 2 2 3 3 3 4 4 5 5 6 7 8 9 10 11 12 14 13 13 13 12 12 11 11 11 11 12 12 12 13 13 12 12 11 11 10 10 9 9 8 8 7 6 6 5 6 6 6 6 6 7 7 6 5 5 4 3 3 2 2 2 3 3 3 3 3 3
2 3 3 4 4 3 3 3 3 2 2 2 2 2 2 2 2 2 2 2 2 2 2 2 2 2 2 2 2 2 2 3 3 3 4 4 5 5 6 7 8 9 10 11 12 13 13 13 12 12 12 11 11 11 11 12 12 13 14 14 14 13 13 12 11 11 10 10 9 9 9 8 8 7 8 8 8 8 9 9 9 8 7 6 6 5 4 3 3 3 3 3 3 3 3 3
2 3 3 4 4 3 3 3 3 2 2 2 2 2 2 2 2 2 2 2 2 2 2 2 2 2 2 2 2 2 3 3 3 3 4 4 5 5 6 7 8 9 10 11 12 13 13 13 12 12 11 11 10 11 12 12 13 14 14 15 15 14 14 13 13 12 12 11 11 10 10 10 9 9 9 10 10 10 11 11 11 10 9 8 7 6 5 4 4 4 4 4 4 4 4 4
2 3 3 3 4 3 3 3 3 2 2 2 2 2 2 2 2 1 1 1 1 2 2 2 2 2 2 2 2 2 3 3 3 3 4 4 5 5 5 6 8 9 10 11 12 13 13 13 12 11 11 10 10 11 12 13 13 14 15 16 16 15 15 14 14 13 13 12 12 12 12 11 11 11 11 12 12 13 13 13 14 12 11 10 8 7 6 4 4 4 4 4 4 4 4 4
2 3 3 3 3 3 3 3 3 2 2 2 2 2 2 2 1 1 1 1 1 1 1 1 1 2 2 2 2 2 3 3 3 3 4 4 5 5 5 6 7 9 10 11 12 13 13 12 12 11 11 10 9 10 12 13 14 15 16 18 17 17 16 16 15 14 14 14 14 13 13 13 13 13 13 14 14 15 15 16 16 15 13 11 10 8 7 5 5 5 5 5 5 5 5 4
3 3 3 3 3 3 3 3 3 3 3 2 2 2 2 2 2 2 2 2 2 2 2 2 2 2 2 2 3 3 3 3 3 4 4 5 5 5 6 7 8 8 9 10 11 12 12 11 11 10 10 9 9 10 11 13 14 16 17 19 18 18 17 17 16 16 15 15 15 15 15 14 14 14 14 15 15 15 15 16 16 14 13 11 10 8 7 5 5 5 5 5 5 5 5 5
3 3 3 4 4 3 3 3 3 3 3 3 3 3 2 2 2 2 2 2 2 2 2 2 2 2 3 3 3 3 3 4 4 4 5 5 6 6 6 7 8 8 9 10 10 11 11 10 10 10 9 9 8 10 11 13 15 17 18 20 20 19 19 18 18 17 17 17 16 16 16 16 16 15 15 15 15 16 16 16 16 14 13 11 10 8 7 6 6 5 5 5 5 5 5 5
3 3 3 4 4 4 4 4 3 3 3 3 3 3 3 3 3 2 2 2 2 2 3 3 3 3 3 3 3 3 4 4 4 5 5 6 6 7 7 7 8 8 9 9 9 10 9 9 9 9 8 8 8 9 11 13 15 17 19 21 21 20 20 20 19 19 18 18 18 18 17 17 17 17 17 16 16 16 16 15 15 14 13 11 10 8 7 6 6 6 6 6 6 5 5 5
3 4 4 4 4 4 4 4 4 4 4 4 4 3 3 3 3 3 3 3 3 3 3 3 3 3 3 3 4 4 4 4 5 5 6 6 7 7 8 8 8 8 8 8 8 8 8 8 8 8 8 7 7 9 11 13 16 18 20 22 22 22 21 21 20 20 20 19 19 19 19 18 18 18 18 17 17 16 16 15 15 14 12 11 10 8 7 6 6 6 6 6 6 6 6 6
4 4 4 4 4 4 4 4 4 4 4 4 4 4 4 4 3 3 3 3 3 3 3 3 3 3 4 4 4 4 4 5 5 6 6 7 7 8 8 8 8 8 8 8 7 7 7 7 7 7 7 7 7 9 11 14 16 19 21 23 23 23 23 22 22 21 21 21 21 20 20 20 20 19 19 18 17 17 16 15 15 13 12 11 10 9 7 6 6 6 6 6 6 6 6 6
4 4 4 4 4 4 4 4 4 4 4 4 4 4 4 4 4 4 4 4 4 4 4 4 4 4 4 4 4 5 5 5 5 6 7 7 8 8 9 8 8 8 7 7 6 6 6 6 6 6 6 6 6 8 11 14 16 19 22 25 25 24 24 23 23 23 22 22 22 22 21 21 21 21 20 19 18 17 16 15 14 13 12 11 10 9 7 6 6 6 6 6 6 6 6 6
4 4 4 4 4 4 4 5 5 5 5 5 5 5 5 4 4 4 4 4 4 4 4 4 4 4 4 5 5 5 5 5 6 6 7 8 8 9 9 9 8 7 7 6 6 5 5 5 5 5 5 6 6 8 11 14 17 20 23 26 26 25 25 25 24 24 24 24 23 23 23 22 22 22 21 20 19 17 16 15 14 13 12 11 10 9 8 7 7 7 7 7 7 6 6 6
5 5 5 6 6 6 6 6 7 7 7 7 7 7 7 7 7 7 7 7 7 6 6 6 6 6 6 7 7 7 7 7 7 8 8 9 9 10 10 10 9 8 8 7 7 6 6 6 6 7 7 7 7 10 12 15 18 21 24 26 27 27 26 26 26 26 26 26 25 25 24 24 24 23 22 21 20 18 17 16 15 14 13 12 11 10 9 8 8 8 8 8 8 8 8 8
6 6 7 7 7 8 8 8 9 9 9 9 9 9 9 9 9 9 9 9 9 9 9 9 9 9 9 9 8 8 8 8 9 9 9 10 10 10 11 10 10 9 9 8 8 7 7 7 8 8 8 9 9 11 14 16 19 22 24 27 27 28 28 28 28 28 28 28 27 27 26 26 25 25 23 22 21 19 18 17 15 14 13 13 12 11 10 9 9 9 9 9 9 9 10 10
6 7 8 8 9 9 10 10 11 11 12 12 12 12 12 12 12 12 12 12 11 11 11 11 11 11 11 10 10 10 10 10 10 10 11 11 11 11 12 11 11 10 10 9 9 8 8 9 9 9 10 10 11 13 15 18 20 23 25 28 28 29 29 29 30 30 30 30 29 29 28 27 27 26 25 23 22 20 19 17 16 15 14 13 12 12 11 10 10 10 10 11 11 11 11 11
7 8 9 10 10 11 12 12 13 13 14 14 14 14 14 14 14 14 14 14 14 14 14 13 13 13 13 12 12 12 12 11 11 12 12 12 12 12 12 12 12 11 11 10 10 9 9 10 10 11 11 12 12 14 17 19 21 24 26 28 29 30 30 31 31 32 32 32 31 30 30 29 28 27 26 24 23 21 20 18 17 16 15 14 13 13 12 11 11 12 12 12 12 12 13 13
8 9 10 11 12 13 13 14 15 15 16 16 16 16 17 17 17 17 17 17 16 16 16 16 16 15 15 14 14 14 13 13 13 13 13 13 13 13 13 13 12 12 11 11 11 10 10 11 12 12 13 13 14 16 18 20 22 25 27 29 30 31 31 32 33 34 35 34 33 32 31 30 30 29 27 25 24 22 20 19 17 16 16 15 14 14 13 12 12 13 13 13 14 14 14 14
9 10 11 13 14 14 15 16 17 17 18 19 19 19 19 19 19 19 19 19 19 19 18 18 18 17 17 16 16 15 15 14 14 14 14 14 14 14 14 14 13 13 12 12 12 11 11 12 13 13 14 15 15 17 19 21 23 25 28 30 31 32 33 34 35 36 37 36 35 34 33 32 31 30 28 27 25 23 21 20 18 17 17 16 15 15 14 13 14 14 14 15 15 15 16 16
9 11 12 14 15 16 17 18 18 19 20 21 21 21 21 21 22 22 22 21 21 21 21 20 20 19 19 18 18 17 16 16 16 15 15 15 15 15 15 15 14 14 13 13 13 12 13 13 14 15 16 16 17 19 21 23 25 26 28 30 32 33 34 35 36 38 39 38 37 36 35 33 32 31 29 28 26 24 22 20 18 18 17 17 16 15 15 14 15 15 16 16 16 17 17 17
9 10 11 13 14 15 16 17 18 19 20 20 21 21 21 21 22 22 22 21 21 21 20 20 19 19 19 18 18 17 17 17 17 16 16 16 16 16 15 15 15 15 14 14 14 13 14 15 16 17 17 18 19 21 23 25 26 28 30 32 33 35 36 37 38 39 41 39 38 36 35 33 32 30 28 26 25 23 21 19 18 17 17 16 16 15 15 15 15 16 16 17 17 18 18 18
8 9 10 11 12 13 15 16 17 18 19 20 20 21 21 21 22 22 22 21 21 20 20 19 19 18 18 18 18 18 18 18 17 17 17 17 17 16 16 16 16 15 15 15 15 14 15 16 17 18 19 20 21 23 25 27 28 30 32 34 35 36 37 39 40 41 42 40 39 37 35 33 31 29 27 25 24 22 20 18 17 16 16 16 16 15 15 15 15 16 17 17 18 18 19 19
8 9 9 10 11 12 14 15 16 17 19 20 20 20 21 21 22 22 22 21 21 20 19 19 18 18 18 18 18 18 18 19 18 18 18 17 17 17 17 16 16 16 16 16 16 16 16 18 19 20 21 22 23 25 27 29 30 32 34 36 37 38 39 40 42 43 44 42 39 37 35 32 30 28 26 24 23 21 19 18 16 16 16 16 15 15 15 15 16 16 17 18 18 19 19 19
8 8 8 9 10 11 13 14 15 17 18 19 20 20 21 21 22 22 22 21 20 20 19 18 17 17 18 18 18 19 19 19 19 19 19 18 18 18 17 17 17 17 17 17 17 17 18 19 20 22 23 24 25 27 29 31 32 34 36 37 39 40 41 42 43 44 46 43 40 38 35 32 29 27 25 23 22 20 18 17 15 15 15 15 15 15 15 15 16 17 18 18 19 20 20 20
7 7 7 7 8 10 12 13 15 16 18 19 19 20 21 21 22 22 22 21 20 19 19 18 17 17 17 18 19 19 20 20 20 20 19 19 19 18 18 18 18 18 18 18 18 18 19 20 22 23 25 26 27 29 31 32 34 36 38 39 40 42 43 44 45 46 47 44 41 38 35 32 29 25 24 22 21 19 17 16 14 14 15 15 15 15 15 16 16 17 18 19 20 20 21 21
7 7 6 6 7 9 10 12 14 16 17 19 19 20 20 21 22 22 22 21 20 19 18 17 16 16 17 18 19 20 20 21 21 21 20 20 19 19 18 18 18 19 19 19 19 19 20 22 23 25 26 28 30 31 33 34 36 38 39 41 42 43 44 45 47 48 49 46 42 38 35 31 28 24 23 21 20 18 16 15 13 14 14 15 15 15 16 16 17 18 19 19 20 21 22 21
7 6 6 5 6 8 10 12 13 15 17 18 19 20 20 21 22 22 22 21 20 19 18 17 16 16 17 18 19 20 21 22 22 21 21 20 20 19 19 19 19 19 20 20 20 20 22 23 25 27 28 30 32 33 35 36 38 39 41 43 44 45 46 47 48 49 50 46 43 39 35 31 27 23 22 20 19 17 16 14 13 13 14 14 15 15 16 16 17 18 19 20 21 22 23 22
9 8 8 8 9 10 12 13 15 16 18 19 19 20 20 21 21 22 21 21 20 19 18 17 16 17 18 19 20 21 22 23 23 22 22 21 21 21 20 20 21 21 21 22 22 22 23 25 27 28 30 31 33 34 36 37 38 39 41 42 43 43 44 45 46 46 47 44 41 38 34 31 28 25 23 22 21 19 18 16 15 15 15 16 16 16 16 16 18 19 20 22 23 24 26 25
11 11 11 10 11 12 14 15 16 17 19 19 20 20 20 20 21 21 21 20 20 19 18 18 17 17 18 19 20 21 22 23 23 23 23 22 22 22 22 22 22 22 23 23 23 24 25 27 28 30 31 33 35 36 37 38 39 39 40 41 42 42 43 43 43 44 44 42 39 37 34 31 29 26 25 24 22 21 20 18 17 17 17 17 17 17 17 17 18 20 22 24 25 27 29 28
13 13 13 13 14 15 15 16 17 18 19 20 20 20 20 20 20 20 20 20 19 19 18 18 18 18 19 20 21 22 23 24 24 24 24 23 23 23 23 23 24 24 24 25 25 26 27 28 30 31 33 34 36 37 37 38 39 40 40 41 41 41 41 41 41 41 41 39 38 36 34 32 30 28 26 25 24 23 22 20 19 19 18 18 18 17 17 17 19 21 23 25 27 30 31 31
15 15 15 16 16 17 17 18 19 19 20 20 20 20 20 20 20 20 20 19 19 19 19 18 18 19 20 21 22 23 24 25 25 25 25 24 24 24 24 24 25 25 26 26 27 27 29 30 32 33 35 36 38 38 38 39 39 40 40 40 40 40 40 39 39 39 38 37 36 34 33 32 30 29 28 27 26 25 24 22 21 21 20 19 19 18 17 17 20 22 25 27 30 32 34 34
17 17 18 18 19 19 19 20 20 20 21 21 20 20 20 20 19 19 19 19 19 19 19 19 19 20 20 21 22 23 24 25 25 25 25 25 25 25 25 26 26 27 27 28 28 29 30 32 33 35 36 38 39 39 39 39 40 40 40 40 39 39 38 37 37 36 36 35 34 33 33 32 31 31 30 29 28 26 25 24 23 22 22 21 20 19 18 17 20 23 26 29 32 35 37 37
19 20 20 21 21 21 21 21 21 21 21 21 21 20 20 19 19 18 18 19 19 19 19 19 20 20 21 22 23 24 25 26 26 26 26 26 27 27 27 27 28 28 29 30 30 31 32 33 35 36 38 39 40 41 40 40 40 40 39 39 38 37 36 35 35 34 33 33 32 32 32 32 32 32 31 30 29 28 27 26 25 24 23 22 21 20 18 17 21 24 27 31 34 37 40 39
21 22 22 23 23 23 23 23 22 22 22 22 21 20 20 19 19 18 18 18 19 19 19 20 20 21 22 23 24 24 25 26 27 27 27 27 28 28 28 28 29 30 30 31 32 32 34 35 36 38 39 40 42 41 41 41 40 40 39 39 38 37 35 34 33 32 31 31 31 32 32 33 33 34 33 32 31 30 29 28 28 26 25 23 22 21 19 18 22 25 29 33 36 40 43 42
21 22 23 23 24 23 23 23 22 22 22 21 21 20 20 19 19 18 18 18 19 19 19 20 20 21 22 23 24 24 25 26 27 27 27 28 28 28 29 29 30 31 31 32 33 33 34 35 36 38 39 40 41 41 41 40 40 40 40 39 38 38 37 36 35 34 33 33 34 34 35 35 36 37 36 35 34 33 32 31 30 28 27 26 25 23 22 21 25 28 32 35 39 42 45 44
22 22 23 24 24 24 23 23 22 22 21 21 21 20 20 19 19 18 18 18 19 19 19 20 20 21 22 23 23 24 25 26 27 27 28 28 29 29 30 30 31 31 32 33 33 34 35 36 37 38 39 39 40 40 40 40 40 40 40 40 39 39 38 37 36 35 35 35 36 37 37 38 39 39 38 37 36 35 34 33 32 31 30 29 27 26 25 24 28 31 35 38 41 45 48 47
22 23 24 24 24 24 23 23 22 22 21 21 20 20 19 19 18 18 18 18 19 19 19 20 20 21 22 22 23 24 25 26 27 27 28 29 29 30 30 31 32 32 33 34 34 35 36 36 37 38 38 39 40 40 40 40 40 40 40 41 40 39 39 38 38 37 37 37 38 39 40 41 42 42 41 40 39 38 36 35 34 33 32 31 30 29 28 28 31 34 37 41 44 47 50 49
22 23 24 25 25 24 24 23 22 22 21 20 20 20 19 19 18 18 18 18 19 19 19 20 20 21 22 22 23 24 25 26 27 28 28 29 30 30 31 32 33 33 34 35 35 36 36 37 37 38 38 39 39 39 40 40 40 41 41 41 41 40 40 40 39 39 39 40 41 41 42 43 44 45 44 43 41 40 39 38 36 35 35 34 33 32 31 31 34 37 40 43 47 50 52 51
22 23 24 25 25 25 24 23 22 22 21 20 20 20 19 19 18 18 18 18 19 19 19 20 20 21 21 22 23 24 25 26 27 28 29 29 30 31 32 33 33 34 35 35 36 37 37 37 38 38 38 38 38 39 39 40 40 41 41 42 42 41 41 41 41 41 41 42 43 44 45 46 47 48 47 45 44 43 41 40 38 38 37 36 36 35 34 34 37 40 43 46 49 52 55 53
23 24 25 26 26 25 24 23 22 21 21 20 20 19 19 19 18 18 18 18 19 19 19 20 20 21 21 22 23 24 25 26 27 28 29 30 31 32 33 34 34 35 36 36 37 38 38 38 38 38 38 38 38 38 39 40 40 41 42 42 42 42 43 43 43 43 43 44 45 46 47 49 50 51 49 48 46 45 44 42 41 40 40 39 39 38 37 37 40 43 46 49 52 55 57 56
23 24 25 26 26 25 24 23 22 21 20 20 20 19 19 19 18 18 18 19 19 19 19 20 20 21 22 22 23 24 25 26 27 28 29 30 32 33 34 35 35 36 37 37 38 39 39 39 38 38 38 38 38 38 39 40 41 42 42 43 44 44 44 45 45 45 45 47 48 49 50 51 53 54 52 51 49 48 46 45 43 43 42 42 41 41 40 40 43 46 48 51 54 57 59 57
23 24 25 26 26 25 24 24 23 22 21 20 20 20 20 19 19 19 19 19 19 20 20 20 20 21 22 23 24 25 26 27 28 30 31 32 33 34 35 36 37 38 38 39 40 41 41 41 40 40 40 40 40 41 42 42 43 44 45 46 46 47 47 48 48 49 49 51 52 53 54 55 56 57 56 54 53 51 50 48 46 46 45 44 44 43 42 42 44 47 49 51 54 56 58 57
24 25 26 26 26 26 25 24 23 22 21 21 21 20 20 20 20 19 19 20 20 20 20 21 21 22 23 24 25 26 27 29 30 31 32 33 35 36 37 38 39 39 40 41 42 42 42 42 42 42 42 42 42 43 44 45 46 47 48 49 49 50 51 51 52 53 54 55 56 57 58 59 60 60 59 57 56 54 53 51 50 49 48 47 46 45 44 43 45 48 50 52 54 56 58 57
24 25 26 27 27 26 25 24 23 23 22 21 21 21 21 20 20 20 20 20 21 21 21 21 22 22 24 25 26 27 29 30 31 32 34 35 36 37 39 39 40 41 42 43 43 44 44 44 44 44 44 44 45 45 46 47 48 49 50 51 52 53 54 55 56 57 58 59 59 60 61 62 63 64 62 61 59 58 56 55 53 52 51 50 48 47 46 45 47 49 50 52 54 55 57 56
25 25 26 27 27 26 25 25 24 23 22 22 21 21 21 21 21 20 21 21 21 21 22 22 22 23 24 26 27 28 30 31 32 34 35 36 38 39 40 41 42 43 43 44 45 46 46 46 46 46 47 47 47 48 49 50 51 52 53 54 55 56 57 58 59 61 62 63 63 64 65 66 66 67 66 64 63 61 60 58 57 55 54 52 51 49 48 47 48 50 51 52 54 55 56 56
25 26 26 27 27 26 26 25 24 23 23 22 22 22 22 21 21 21 21 21 22 22 22 22 23 24 25 27 28 30 31 32 34 35 36 38 39 40 42 43 43 44 45 46 47 48 48 48 48 49 49 49 49 50 51 52 53 54 55 56 58 59 60 62 63 65 66 67 67 68 69 69 70 71 69 68 66 65 63 62 60 58 57 55 53 52 50 48 49 51 52 53 54 55 56 56
25 26 27 27 27 27 26 25 24 24 23 23 22 22 22 22 22 22 22 22 22 22 23 23 23 24 26 27 29 31 32 34 35 36 38 39 41 42 43 44 45 46 47 48 49 49 50 50 50 51 51 51 51 52 53 55 56 57 58 59 61 62 64 65 67 68 70 71 71 72 72 73 73 74 72 71 69 68 66 65 63 62 60 58 56 54 52 50 51 52 52 53 54 54 55 55
26 27 27 28 28 27 27 26 25 25 24 24 23 23 23 23 23 22 22 23 23 23 23 24 24 25 27 28 30 32 33 35 36 38 39 40 42 43 45 46 47 47 48 49 50 51 51 52 52 52 53 53 53 54 56 57 58 59 60 62 63 65 67 69 70 72 74 74 75 75 76 76 77 77 76 74 73 71 70 68 67 65 62 60 58 56 54 52 52 53 53 53 54 54 55 55
29 29 30 31 31 30 29 29 28 28 27 27 26 26 25 25 24 24 24 24 24 24 24 25 25 26 28 29 31 33 34 36 37 39 40 41 43 44 45 46 47 48 49 50 51 52 52 52 53 53 53 54 54 55 57 58 60 61 62 64 66 67 69 71 73 75 77 77 78 79 79 80 81 81 80 78 76 75 73 71 69 67 65 62 60 57 55 53 53 54 54 55 55 56 56 56
31 32 33 33 33 33 32 32 31 31 30 30 29 28 27 27 26 25 25 25 25 25 26 26 26 27 29 30 32 34 35 37 38 40 41 42 44 45 46 47 48 49 50 50 51 52 53 53 53 54 54 55 55 56 58 60 61 63 64 66 68 70 72 74 76 78 80 81 81 82 83 84 84 85 83 82 80 78 76 74 72 69 67 64 61 59 56 54 54 55 55 56 56 57 57 58
34 34 35 36 36 35 35 34 34 34 33 32 32 31 30 29 28 27 27 27 27 27 27 27 27 28 29 31 33 35 36 38 39 41 42 43 44 46 47 48 49 49 50 51 52 53 53 54 54 55 55 56 56 58 59 61 63 65 66 68 70 72 74 76 79 81 83 84 85 86 86 87 88 89 87 85 83 81 79 77 75 72 69 66 63 60 57 55 55 56 56 57 57 58 58 59
36 37 38 38 38 38 38 37 37 37 36 35 34 33 32 31 30 28 28 28 28 28 28 28 27 29 30 32 34 36 37 39 40 42 43 44 45 46 48 49 49 50 51 52 53 53 54 54 55 55 56 56 57 59 61 63 64 66 68 70 73 75 77 79 81 84 86 87 88 89 90 91 92 93 91 89 86 84 82 80 78 74 71 68 65 62 58 55 56 57 57 58 58 59 59 60
39 39 40 41 41 41 40 40 40 39 39 38 37 35 34 33 31 30 29 29 29 29 29 29 28 29 31 33 35 37 38 40 41 43 44 45 46 47 48 49 50 51 52 52 53 54 55 55 56 56 57 57 58 60 62 64 66 68 70 73 75 77 79 82 84 86 89 90 91 92 93 95 96 97 95 92 90 87 85 83 80 77 73 70 67 63 60 56 57 58 58 59 59 60 61 61
41 42 43 43 43 43 43 43 43 42 42 41 40 38 36 35 33 31 31 30 30 30 30 29 29 30 32 34 36 37 39 41 42 43 45 46 47 48 49 50 51 52 52 53 54 55 55 56 56 57 58 58 59 61 63 65 68 70 72 75 77 80 82 84 87 89 92 93 94 96 97 98 100 101 98 96 93 91 88 86 83 79 76 72 68 65 61 57 58 59 59 60 61 61 62 62
43 43 44 45 45 45 45 45 45 45 45 44 42 40 39 37 35 33 32 32 32 31 31 31 30 31 33 35 37 38 40 42 43 44 45 46 47 49 50 50 51 52 53 53 54 55 56 56 57 57 58 59 59 62 64 67 69 72 74 77 79 82 84 86 89 91 94 95 96 98 99 100 102 103 100 98 95 92 90 87 84 80 77 73 69 65 61 58 59 59 60 61 61 62 63 63
42 42 43 44 44 44 45 45 45 45 46 45 44 42 41 39 38 37 36 35 34 34 33 32 31 32 34 35 37 39 40 42 43 44 45 46 48 49 50 50 51 52 52 53 53 54 55 56 56 57 58 59 59 62 65 67 70 73 75 78 80 82 84 86 89 91 93 94 95 96 97 98 99 100 98 95 93 90 87 85 82 79 75 71 68 64 61 57 58 59 60 61 61 62 63 64
41 42 42 42 43 44 44 45 46 46 47 47 45 44 43 42 41 40 39 38 37 36 35 34 33 33 35 36 38 39 40 42 43 44 45 46 48 49 50 50 51 51 52 52 53 53 54 55 56 57 58 59 59 62 65 68 71 74 76 79 81 83 85 87 88 90 92 93 94 94 95 96 97 98 95 93 90 88 85 83 80 77 73 70 66 63 60 57 58 58 59 60 61 62 63 64
40 41 41 41 42 43 44 45 46 47 48 48 47 46 46 45 44 43 42 41 39 38 36 35 34 34 35 37 38 39 41 42 43 44 45 46 48 49 50 50 51 51 51 52 52 52 53 54 55 56 57 58 60 62 65 68 71 74 77 81 82 84 85 87 88 90 91 92 92 93 93 94 95 95 93 90 88 85 83 80 78 75 72 68 65 62 59 56 57 58 59 60 61 62 64 64
40 40 40 40 41 42 44 45 46 48 49 49 49 48 48 47 47 46 45 43 42 40 38 37 35 35 36 37 38 40 41 42 43 44 45 46 48 49 50 50 51 51 51 51 51 51 52 54 55 56 57 58 60 62 66 69 72 75 79 82 83 84 86 87 88 89 90 91 91 91 92 92 92 93 90 88 85 83 81 78 76 73 70 67 64 61 58 55 56 58 59 60 61 63 64 65
39 39 39 39 40 42 43 45 47 48 50 51 51 50 50 50 50 50 48 46 44 42 40 38 36 36 37 38 39 40 41 42 43 44 45 47 48 49 50 50 50 50 50 51 51 51 52 53 54 56 57 58 60 63 66 69 73 76 80 83 84 85 86 87 88 89 90 90 90 90 90 90 90 90 88 85 83 81 78 76 74 71 68 65 63 60 57 55 56 57 59 60 61 63 64 65
38 38 38 38 39 41 43 45 47 49 51 52 52 52 53 53 53 53 52 49 47 44 42 40 37 37 38 39 39 40 41 42 43 44 45 47 48 49 50 50 50 50 50 50 50 50 51 52 54 55 57 58 60 63 66 70 74 77 81 84 85 86 86 87 88 88 89 89 88 88 88 88 88 87 85 83 81 78 76 74 72 69 66 64 61 59 56 54 55 57 58 60 61 63 64 66
38 38 37 37 38 40 43 45 47 49 52 53 53 54 54 54 55 55 54 51 49 46 44 41 38 38 39 39 40 41 42 42 43 44 46 47 48 49 50 50 50 50 50 50 49 49 51 52 54 55 57 58 60 63 67 71 74 78 82 85 86 87 87 87 88 88 88 88 88 87 87 86 86 85 83 81 79 76 74 72 70 67 65 63 60 58 55 53 55 57 58 60 62 63 65 66
