pluvio/pluvio-327.asc
ncols         252
nrows         154
xllcorner     -0.5
yllcorner     -153.5
cellsize      1
NODATA_value  -9999
[rows 0 to 78 of 154, columns 96 to 191 of 252]
16 15 14 14 13 13 13 14 14 15 15 16 17 18 20 21 23 24 26 27 26 26 25 25 25 24 24 23 22 22 21 21 20 19 19 18 17 16 15 14 14 14 14 13 13 13 13 13 15 16 17 19 20 22 22 23 23 23 23 23 23 23 23 22 21 21 20 19 19 20 21 21 22 23 23 23 23 22 21 21 20 20 20 20 20 21 21 21 22 22 21 21 21 20 20 20
15 15 14 14 14 13 14 14 15 15 16 16 17 18 19 20 21 22 23 24 23 23 23 23 22 22 22 21 21 20 20 20 19 18 18 17 16 15 14 14 13 13 13 13 13 12 12 13 14 15 17 18 19 21 21 21 22 22 22 22 22 22 21 21 20 20 19 19 19 19 20 20 21 21 22 21 21 21 20 20 19 19 19 19 20 20 20 21 21 21 21 21 21 21 20 20
15 15 14 14 14 14 14 15 15 15 16 16 16 17 18 18 19 19 20 20 20 20 20 20 20 20 20 20 19 19 19 18 18 18 17 16 15 14 14 13 12 12 12 12 12 12 12 12 13 15 16 17 18 19 20 20 20 20 21 21 21 21 20 20 20 19 19 18 18 19 19 19 19 20 20 20 19 19 19 19 18 18 18 19 19 19 20 20 21 21 21 21 21 21 21 21
14 15 15 15 15 15 15 15 15 16 16 16 16 16 17 17 17 17 17 17 17 18 18 18 18 18 18 18 18 18 17 17 17 17 16 15 14 14 13 12 12 11 11 11 11 11 11 11 13 14 15 16 17 18 19 19 19 19 19 19 19 19 19 19 19 18 18 18 18 18 18 18 18 18 18 18 18 18 18 18 17 17 18 18 18 19 19 20 20 20 20 20 21 21 21 21
15 15 15 15 15 15 15 15 16 16 16 16 16 16 16 16 16 16 16 16 16 16 16 17 17 17 17 17 17 17 17 16 16 16 15 14 14 13 12 12 11 11 11 11 11 11 11 11 13 14 15 16 17 18 19 19 18 18 18 18 18 18 18 18 18 18 18 17 17 17 17 17 17 17 17 17 17 17 17 17 17 17 17 18 18 18 19 19 20 20 20 20 21 21 21 21
16 16 16 16 16 15 15 15 15 15 15 15 15 15 15 15 16 16 16 16 16 16 16 17 17 17 17 17 16 16 16 16 15 15 15 14 13 13 12 12 11 11 11 11 11 12 12 12 13 14 15 16 17 18 19 18 18 18 17 17 17 17 17 17 17 17 17 17 17 17 17 17 16 16 16 16 16 16 16 16 17 17 17 17 18 18 19 19 20 20 20 20 21 21 21 21
17 17 17 16 16 16 15 15 15 15 15 14 14 15 15 15 15 16 16 16 16 16 16 16 16 17 16 16 16 16 15 15 15 14 14 13 13 12 12 11 11 11 12 12 12 12 12 13 14 15 16 17 18 19 19 18 18 17 16 16 15 15 15 16 16 16 16 16 16 16 16 16 16 16 15 15 16 16 16 16 16 16 17 17 18 18 19 19 20 20 20 20 21 21 21 21
18 18 17 17 16 16 16 15 15 15 14 14 14 14 14 15 15 15 16 16 16 16 16 16 16 16 16 16 15 15 15 14 14 14 13 13 12 12 12 11 11 12 12 12 12 13 13 13 14 15 16 17 18 19 19 18 17 16 16 15 14 14 14 14 15 15 16 16 16 16 16 15 15 15 15 15 15 15 15 16 16 16 16 17 17 18 18 19 20 20 20 20 21 21 21 21
19 19 18 17 17 16 16 15 15 14 14 13 13 13 14 14 15 15 16 16 16 16 16 16 16 16 16 15 15 14 14 14 13 13 12 12 12 12 11 11 11 12 12 12 13 13 14 14 15 16 17 17 18 19 19 18 17 16 15 14 13 12 13 13 14 14 15 15 15 15 15 15 14 14 14 14 14 15 15 15 15 16 16 17 17 18 18 19 20 20 20 20 21 21 21 21
20 20 19 18 17 16 16 15 14 14 13 12 12 13 13 14 15 15 16 16 16 16 16 16 16 16 15 15 14 14 13 13 12 12 12 12 12 11 11 11 11 12 12 13 13 14 14 15 16 16 17 18 19 19 19 18 16 15 14 13 11 11 12 12 13 14 14 15 15 15 14 14 14 14 13 13 14 14 14 15 15 15 16 16 17 18 18 19 19 20 20 20 21 21 21 22
22 21 20 19 18 17 16 15 14 13 13 12 11 12 13 14 14 15 16 16 16 16 16 16 15 15 15 14 14 13 13 12 12 11 11 11 11 11 11 11 11 12 12 13 14 14 15 16 16 17 18 18 19 20 19 18 16 15 13 11 10 10 10 11 12 13 13 14 14 14 14 13 13 13 13 13 13 13 14 14 15 15 16 16 17 18 18 19 19 20 20 20 21 21 21 22
21 20 19 18 17 16 15 15 14 13 12 11 11 12 12 13 13 14 15 15 15 15 15 15 15 15 15 14 13 13 12 12 11 11 11 11 11 11 11 11 11 12 13 14 15 16 17 17 18 18 19 19 20 20 19 18 16 15 13 11 10 9 10 11 12 13 13 14 14 14 14 13 13 12 12 12 13 13 14 14 14 15 16 16 17 17 18 19 19 20 20 20 20 21 21 21
19 18 18 17 16 15 14 14 13 13 12 11 11 11 12 12 12 13 13 13 13 14 14 14 14 14 14 13 13 12 12 11 11 10 10 11 11 11 11 11 12 13 14 15 16 18 19 20 20 20 20 20 20 21 20 18 17 15 13 12 10 10 11 11 12 13 14 15 15 14 14 13 13 12 12 12 12 13 13 14 14 15 16 16 17 17 18 18 19 19 19 19 20 20 20 20
17 17 16 15 15 14 14 13 13 12 12 11 11 11 11 11 11 11 11 11 12 12 12 13 13 13 13 13 12 12 11 11 10 10 10 10 11 11 11 11 12 13 15 17 18 20 21 22 22 22 22 22 21 21 20 19 17 16 14 12 11 10 11 12 13 13 14 15 15 14 14 13 13 12 11 12 12 13 13 14 14 15 15 16 16 17 18 18 19 19 19 19 19 19 19 19
16 15 15 14 13 13 13 12 12 12 11 11 11 11 10 10 10 10 9 9 10 10 11 12 12 13 13 12 12 11 11 11 10 10 10 10 11 11 11 11 12 14 16 18 20 22 24 25 24 24 23 23 22 22 21 19 18 16 15 13 11 11 12 12 13 14 14 15 15 14 14 13 12 12 11 11 12 12 13 14 14 15 15 16 16 17 17 18 18 18 18 18 18 18 18 18
14 13 13 13 12 12 12 12 11 11 11 11 11 10 10 9 9 8 8 7 8 9 10 10 11 12 12 12 12 11 11 10 10 9 10 10 10 11 11 11 12 15 17 19 21 24 26 27 26 25 25 24 23 22 21 20 18 17 15 14 12 12 12 13 13 14 15 15 15 15 14 13 12 12 11 11 12 12 13 14 14 15 15 16 16 17 17 17 18 18 18 17 17 17 17 17
12 12 12 11 11 11 11 11 11 11 11 11 11 10 9 8 7 7 6 5 6 7 8 9 10 11 12 11 11 11 10 10 9 9 10 10 10 11 11 11 13 15 18 21 23 26 28 29 28 27 26 25 24 23 22 20 19 17 16 14 13 12 13 13 14 15 15 16 15 15 14 13 12 11 11 11 11 12 13 14 14 15 15 16 16 16 17 17 17 17 17 17 17 16 16 16
10 10 10 10 10 10 10 10 10 10 11 11 11 10 9 7 6 5 4 3 5 6 7 8 9 11 11 11 11 10 10 9 9 9 9 10 10 11 11 12 13 16 19 22 25 28 31 32 30 29 28 26 25 24 22 21 19 18 16 15 13 13 13 14 14 15 15 16 16 15 14 13 12 11 10 10 11 12 13 13 14 15 15 16 16 16 17 17 17 17 17 16 16 16 15 15
10 9 9 9 9 9 9 9 10 10 10 11 11 9 8 7 6 5 4 3 4 6 7 8 9 10 11 10 10 10 10 9 9 9 10 10 11 11 12 12 14 17 19 22 25 28 30 31 30 28 27 26 24 23 21 20 19 17 16 14 13 13 13 14 14 15 15 16 15 15 14 13 12 11 10 11 11 12 13 13 14 15 15 15 16 16 16 16 17 17 16 16 16 15 15 15
9 9 9 9 9 9 9 9 9 10 10 10 10 9 8 7 7 6 5 4 5 6 7 7 8 9 10 10 10 10 10 10 10 10 11 11 12 13 13 14 15 17 19 22 24 26 28 29 28 26 25 24 22 21 20 19 17 16 15 14 12 12 12 13 13 14 14 15 15 14 13 13 12 12 11 11 12 12 13 13 14 14 15 15 15 16 16 16 16 16 16 16 16 15 15 15
9 9 9 8 8 8 8 9 9 9 9 10 10 9 8 8 7 6 6 5 6 6 7 7 8 8 9 9 9 10 10 10 10 11 11 12 13 14 14 15 16 18 20 21 23 25 26 27 25 24 23 22 21 19 18 17 16 15 14 13 12 11 12 12 13 13 14 14 14 14 13 13 13 12 12 12 12 13 13 13 14 14 14 15 15 15 15 16 16 16 16 16 16 15 15 15
9 9 8 8 8 8 8 8 8 9 9 9 9 9 8 8 7 7 6 6 6 7 7 7 7 8 8 8 9 9 10 10 11 11 12 13 14 15 16 17 17 19 20 21 22 23 24 24 23 22 21 20 19 18 17 16 15 14 13 12 11 11 11 12 12 12 13 13 13 13 13 13 13 13 12 13 13 13 13 13 13 14 14 14 14 15 15 15 16 16 16 16 16 16 16 15
9 8 8 8 7 7 7 8 8 8 9 9 9 9 8 8 8 8 7 7 7 7 7 7 7 7 7 8 8 9 10 11 11 12 13 14 15 16 17 18 19 19 20 20 21 21 22 22 21 20 19 18 17 16 15 14 13 13 12 11 10 10 11 11 11 12 12 12 13 13 13 13 13 13 13 13 13 13 13 13 13 13 13 14 14 14 15 15 15 15 15 16 16 16 16 16
8 8 8 7 7 7 7 7 8 8 8 8 9 9 8 8 8 8 8 8 8 7 7 7 6 6 6 7 8 9 10 11 12 13 14 15 16 17 18 19 20 20 20 20 20 20 20 19 19 18 17 16 15 14 13 13 12 12 11 10 10 10 10 10 11 11 11 12 12 12 13 13 13 13 14 14 14 13 13 13 13 13 13 13 14 14 14 15 15 15 15 15 16 16 16 16
8 8 7 7 7 6 7 7 7 7 8 8 8 8 8 9 9 9 9 9 8 8 7 6 6 5 5 6 8 9 10 11 12 14 15 16 17 18 19 21 21 21 20 19 19 18 18 17 16 15 15 14 13 12 12 11 11 10 10 10 9 9 9 10 10 10 10 11 11 12 12 13 13 14 14 14 14 14 13 13 13 12 13 13 13 14 14 14 15 15 15 15 16 16 16 16
8 8 8 7 7 7 7 7 7 7 7 8 8 8 8 8 8 8 8 8 8 7 7 6 6 5 5 6 7 9 10 11 12 13 14 16 17 18 19 20 21 20 19 18 18 17 16 15 15 14 13 13 12 12 11 11 10 10 10 9 9 9 9 10 10 10 10 11 11 12 12 13 14 14 15 15 14 14 14 13 13 12 13 13 13 14 14 14 15 15 15 15 16 16 16 16
9 9 8 8 8 7 7 7 7 7 7 7 7 7 7 7 7 7 7 7 7 7 6 6 6 5 5 6 7 8 10 11 12 13 14 15 16 17 18 19 19 18 18 17 16 15 15 14 14 13 13 12 12 11 11 11 10 10 10 9 9 9 9 10 10 11 11 11 12 12 13 13 14 15 15 15 15 14 14 14 13 13 13 13 14 14 14 15 15 15 15 16 16 16 16 16
9 9 9 9 8 8 8 8 8 7 7 7 7 7 6 6 6 6 6 6 6 6 6 6 6 5 6 7 7 8 9 10 11 12 13 14 15 15 16 17 18 17 16 15 15 14 13 13 12 12 12 12 12 11 11 11 10 10 10 9 9 9 9 10 10 11 11 12 12 13 13 14 14 15 15 15 15 15 14 14 13 13 13 13 14 14 14 15 15 15 15 16 16 16 16 16
10 10 9 9 9 9 9 8 8 7 7 6 6 6 6 6 5 5 5 5 5 5 5 5 5 6 6 7 7 8 9 10 10 11 12 13 14 14 15 16 16 15 15 14 13 12 12 11 11 11 11 11 11 11 11 11 10 10 10 9 9 9 10 10 11 11 12 12 13 13 14 14 15 15 16 16 15 15 14 14 14 13 13 14 14 14 15 15 15 16 16 16 16 16 16 16
10 10 10 10 10 10 9 8 8 7 7 6 6 5 5 5 4 4 4 4 4 4 5 5 5 6 6 7 7 8 9 9 10 11 11 12 12 13 14 14 15 14 13 12 12 11 10 10 10 10 10 11 11 11 11 11 10 10 10 9 9 9 10 10 11 12 12 13 13 14 14 15 15 15 16 16 15 15 15 14 14 14 14 14 14 15 15 15 16 16 16 16 16 16 16 16
10 10 10 11 11 10 10 9 8 7 6 6 5 5 4 4 3 3 3 2 3 4 4 5 5 6 7 7 7 8 8 9 9 10 10 11 11 12 12 13 13 12 12 11 10 9 9 9 9 9 10 10 10 11 11 11 10 10 10 9 9 9 10 11 11 12 13 13 14 14 15 15 15 16 16 16 16 15 15 15 14 14 14 14 15 15 15 16 16 16 16 16 16 16 16 16
11 11 11 11 11 11 10 9 8 7 6 5 4 4 3 3 2 2 1 1 2 3 4 5 5 6 7 7 7 8 8 8 9 9 9 10 10 11 11 12 11 11 10 9 9 8 7 7 8 8 9 9 10 11 11 10 10 10 10 9 9 9 10 11 12 12 13 14 14 15 15 15 16 16 16 16 16 15 15 15 14 14 14 14 15 15 16 16 16 16 16 16 16 16 16 16
11 11 11 11 11 11 10 9 8 7 6 5 4 3 3 2 2 2 1 1 2 3 3 4 5 6 7 7 8 8 8 9 9 10 10 10 10 11 11 11 11 10 10 9 9 8 7 7 8 8 9 9 10 10 11 10 10 10 10 10 10 10 11 11 12 13 14 14 15 15 15 16 16 16 17 17 16 16 16 15 15 15 15 15 15 15 15 15 15 15 15 15 15 15 15 15
11 11 11 11 11 11 10 9 8 7 5 4 3 3 3 2 2 2 1 1 2 3 3 4 5 5 6 7 8 8 9 10 11 11 11 11 11 11 11 11 11 10 10 9 9 8 8 8 8 9 9 9 10 10 10 10 10 10 10 10 10 11 11 12 13 14 14 15 15 16 16 16 17 17 17 17 17 17 16 16 16 15 15 15 15 15 15 14 14 14 14 15 15 15 15 15
10 10 11 11 11 11 10 9 7 6 5 4 3 2 2 2 2 2 1 1 2 3 3 4 4 5 5 7 8 9 10 11 12 13 12 12 12 11 11 11 10 10 10 10 9 9 9 9 9 9 9 10 10 10 10 10 11 11 11 11 11 11 12 13 14 14 15 16 16 16 17 17 17 17 18 18 17 17 17 17 16 16 16 15 15 14 14 13 13 13 13 14 14 14 15 15
10 10 10 11 11 11 10 8 7 6 4 3 2 2 2 2 2 2 2 2 2 2 3 3 4 4 5 6 8 9 10 12 13 14 13 13 12 12 11 11 10 10 10 10 10 10 9 9 9 10 10 10 10 10 10 10 11 11 11 12 12 12 13 14 14 15 16 16 17 17 17 17 18 18 18 18 18 18 17 17 17 17 16 15 15 14 13 13 12 12 12 13 13 14 14 15
10 10 10 11 11 11 9 8 7 5 4 2 1 1 2 2 2 2 2 2 2 2 3 3 3 4 4 6 8 9 11 13 15 15 15 14 13 12 11 10 10 10 10 10 10 10 10 10 10 10 10 10 10 10 10 10 11 11 12 12 13 13 14 14 15 16 16 17 17 17 18 18 18 18 19 19 18 18 18 18 18 17 17 16 15 14 13 12 11 11 11 12 13 13 14 14
10 10 10 10 11 11 9 8 6 5 3 2 1 1 1 1 2 2 2 2 2 2 3 3 3 3 4 6 8 10 12 14 16 17 16 15 13 12 11 10 10 10 10 10 10 11 11 11 11 10 10 10 10 9 10 10 11 12 12 13 13 14 15 15 16 16 17 17 18 18 18 18 19 19 19 19 19 19 19 19 18 18 17 16 15 13 12 11 9 10 10 11 12 13 13 14
9 10 10 10 10 11 9 7 6 4 3 1 0 1 1 1 1 2 2 2 2 2 2 2 2 3 3 6 8 10 12 15 17 18 17 15 14 13 11 10 9 10 10 10 11 11 11 11 11 11 10 10 10 9 9 10 11 12 13 13 14 15 15 16 16 17 17 18 18 19 19 19 19 19 20 20 20 19 19 19 19 19 18 16 15 13 11 10 8 8 9 10 11 12 13 14
10 10 10 11 11 11 9 8 6 5 4 2 1 1 2 2 2 2 2 3 3 3 3 3 3 3 4 6 8 11 13 15 17 18 17 16 14 13 12 10 10 10 10 11 11 11 11 11 11 11 10 10 10 10 10 11 12 12 13 14 15 16 16 16 16 17 17 17 18 18 18 18 18 18 18 18 18 18 18 18 18 18 17 16 14 13 11 10 8 8 9 10 11 11 12 13
11 11 11 11 11 11 10 9 7 6 5 4 3 3 3 3 3 3 3 3 3 3 4 4 4 4 5 7 9 11 13 15 17 18 17 16 15 13 12 11 10 10 11 11 11 11 11 11 11 11 11 10 10 10 10 11 12 13 14 15 16 16 16 16 16 16 16 16 16 16 16 16 16 16 16 16 16 16 16 17 17 17 17 15 14 13 11 10 9 9 9 10 10 11 11 12
12 12 12 12 12 11 10 9 8 7 6 5 4 4 4 4 3 3 3 3 4 4 4 5 5 5 6 8 10 12 14 15 17 18 17 16 15 14 13 11 11 11 11 11 11 11 11 11 11 11 11 11 11 11 11 12 13 14 15 16 17 17 17 16 16 16 16 15 15 15 14 14 14 14 13 13 14 14 15 15 16 16 16 15 13 12 11 10 9 9 9 10 10 10 11 11
14 13 13 13 12 12 11 10 9 8 7 6 5 5 5 5 4 4 4 4 4 5 5 6 6 7 7 9 11 12 14 16 17 18 17 16 15 14 13 12 11 11 11 11 11 11 11 10 11 11 11 11 11 11 12 13 14 15 16 16 17 18 17 17 16 16 15 14 14 13 13 12 12 11 11 11 12 12 13 14 15 15 15 14 13 12 11 10 9 9 9 10 10 10 10 10
15 14 14 13 13 12 11 11 10 9 8 8 7 6 6 5 5 5 4 4 4 5 6 6 7 8 9 10 11 13 14 16 17 18 17 16 15 14 13 12 12 12 11 11 11 10 10 10 10 11 11 11 11 12 12 13 14 15 16 17 18 18 18 17 16 15 14 13 13 12 11 11 10 9 8 9 10 11 11 12 13 14 14 13 13 12 11 11 10 10 9 9 9 9 9 9
16 15 15 14 13 13 12 11 11 10 10 9 8 8 7 6 6 5 4 4 5 6 6 7 8 9 10 11 12 13 15 16 17 18 17 16 15 15 14 13 12 12 12 11 11 10 10 10 10 11 11 11 12 12 13 14 15 16 17 18 19 19 18 17 16 15 14 12 11 11 10 9 8 7 6 6 7 9 10 11 12 13 13 13 12 12 11 11 10 10 10 9 9 9 8 8
17 16 15 15 14 13 12 12 12 11 11 10 10 9 8 7 6 6 5 4 5 6 7 8 9 10 11 12 13 14 15 16 17 18 17 16 16 15 14 13 13 12 12 11 11 10 10 10 10 11 11 12 12 13 13 15 16 17 18 19 20 20 18 17 16 14 13 11 10 9 8 7 6 5 4 4 5 7 8 9 11 12 12 12 12 12 11 11 11 10 10 9 9 8 7 7
17 16 15 14 13 13 12 12 11 11 10 10 10 9 8 7 6 6 5 4 5 6 7 8 9 10 10 11 12 14 15 16 17 17 16 16 15 14 13 13 12 12 11 11 11 10 10 10 10 11 11 11 12 12 13 14 15 16 17 18 19 19 17 16 15 13 12 11 10 9 8 7 7 6 5 5 6 8 9 10 11 12 12 12 11 11 11 10 10 10 9 8 8 7 7 6
16 15 14 13 13 12 12 11 11 10 10 9 9 8 7 7 6 5 5 4 5 6 7 7 8 9 10 11 12 13 14 15 16 16 16 15 14 13 13 12 11 11 11 11 10 10 10 10 10 11 11 11 12 12 13 13 14 15 16 17 18 18 16 15 14 12 11 10 9 9 9 8 8 8 8 8 8 9 10 10 11 12 12 11 11 10 10 9 9 8 8 8 7 7 7 6
15 14 13 13 12 12 11 11 10 10 9 9 8 7 7 6 6 5 5 4 5 6 6 7 7 8 9 10 11 12 13 14 15 16 15 14 13 12 12 11 10 10 10 10 10 10 10 10 10 11 11 11 11 12 12 13 14 14 15 16 17 16 15 14 13 11 10 9 9 9 9 9 10 10 10 10 10 11 11 11 11 11 11 11 10 9 9 8 8 7 7 7 7 6 6 6
14 13 13 12 12 11 10 10 9 9 8 8 7 7 6 6 6 5 5 4 5 5 6 6 7 7 8 9 10 11 12 14 15 15 14 13 13 12 11 10 9 10 10 10 10 10 10 10 10 11 11 11 11 11 11 12 13 13 14 15 15 15 14 13 12 10 9 8 8 9 10 10 11 12 13 13 12 12 12 12 11 11 11 10 9 9 8 7 7 6 6 6 6 6 6 6
13 12 12 11 11 10 10 9 9 8 8 7 7 6 6 6 5 5 5 4 5 5 5 6 6 7 7 8 9 11 12 13 14 14 14 13 12 11 10 9 9 9 9 9 10 10 10 10 10 10 11 11 11 11 11 11 12 12 13 14 14 14 13 12 11 9 8 7 8 9 10 11 13 14 15 15 14 14 13 12 12 11 10 9 9 8 7 6 6 5 5 5 5 5 5 5
12 11 11 11 10 10 9 9 8 8 7 6 6 6 5 5 5 5 4 4 5 5 5 5 6 6 6 8 9 10 11 12 13 14 13 12 11 10 9 8 8 8 9 9 9 10 10 11 11 10 10 10 10 10 10 11 11 12 12 12 13 12 11 10 9 8 7 6 7 9 11 12 14 16 18 18 16 15 14 13 12 11 10 9 8 7 6 5 5 4 4 5 5 5 5 5
11 10 10 10 10 9 9 8 8 7 6 6 5 5 5 5 5 5 4 4 4 5 5 5 5 5 6 7 8 9 10 12 13 13 12 11 10 9 8 7 7 7 8 9 9 10 11 11 11 10 10 10 10 10 10 10 10 11 11 11 12 11 10 9 8 8 7 6 7 9 11 13 16 18 20 20 18 17 15 14 12 11 9 8 7 6 5 4 4 3 4 4 4 4 4 5
10 10 9 9 9 9 8 7 7 6 6 5 5 5 5 4 4 4 4 4 4 4 5 5 5 5 5 6 8 9 10 11 13 13 12 11 10 9 8 7 6 7 7 8 9 9 10 10 10 10 9 9 9 9 9 9 9 9 10 10 10 10 9 8 7 7 6 5 6 8 11 13 15 18 20 20 18 17 15 14 12 10 9 8 7 6 5 4 3 3 3 3 4 4 4 4
9 9 9 8 8 8 7 7 6 6 5 5 4 4 4 4 4 4 4 4 4 4 4 4 5 5 5 6 8 9 10 11 12 13 12 11 10 9 8 7 6 6 7 7 8 8 9 9 9 8 8 8 8 8 7 8 8 8 8 8 9 8 8 7 6 6 5 5 6 8 10 13 15 17 20 20 18 17 15 13 12 10 9 8 7 6 5 4 3 3 3 3 3 4 4 4
8 8 8 7 7 7 6 6 5 5 5 4 4 4 4 4 4 4 4 4 4 4 4 4 4 4 5 6 7 9 10 11 12 13 12 11 10 8 7 6 6 6 6 7 7 8 8 8 8 7 7 7 7 6 6 6 7 7 7 7 7 7 6 6 6 5 5 4 5 8 10 12 15 17 19 19 18 16 15 13 12 10 9 8 7 6 5 4 3 3 3 3 3 3 3 4
8 7 7 7 6 6 5 5 5 4 4 4 3 3 3 3 4 4 4 4 4 4 4 4 4 4 5 6 7 8 10 11 12 13 12 11 9 8 7 6 6 6 6 6 6 7 7 7 7 6 6 6 5 5 5 5 5 5 5 6 6 6 5 5 5 4 4 4 5 7 10 12 14 17 19 19 17 16 15 13 12 10 9 8 7 6 5 4 3 3 3 3 3 3 3 3
7 7 6 6 5 5 4 4 4 4 3 3 3 3 3 3 3 3 3 4 4 4 4 4 4 4 4 6 7 8 10 11 12 13 12 10 9 8 7 6 5 5 6 6 6 6 6 6 6 5 5 5 4 4 4 4 4 4 4 4 4 4 4 4 4 3 3 3 4 7 9 12 14 16 19 19 17 16 14 13 11 10 9 8 7 6 5 4 3 3 3 3 3 3 3 3
6 6 5 5 4 4 4 3 3 3 3 3 2 3 3 3 3 3 3 3 3 4 4 4 4 4 4 6 7 8 9 11 12 13 11 10 9 8 7 6 5 5 5 5 5 5 5 5 5 4 4 4 3 3 3 3 3 3 3 3 3 3 3 3 3 3 3 3 4 6 9 11 13 16 18 18 17 15 14 13 11 10 9 8 7 6 5 4 3 2 2 2 3 3 3 3
6 5 4 4 3 3 3 3 2 2 2 2 2 2 2 3 3 3 3 3 3 3 3 3 4 4 4 5 7 8 9 11 12 12 11 10 9 8 7 5 5 5 5 4 4 4 4 4 4 3 3 2 2 2 1 1 1 1 1 1 1 1 1 2 2 2 2 2 4 6 8 11 13 15 18 18 17 15 14 13 11 10 9 8 7 6 5 4 3 2 2 2 2 2 2 2
5 4 4 3 3 2 2 2 2 2 2 2 2 2 2 3 3 3 3 3 3 3 3 3 4 4 4 5 6 7 9 10 11 11 10 9 8 7 6 5 4 4 4 4 4 4 4 3 3 3 2 2 2 1 1 1 2 2 2 2 2 2 2 2 2 2 3 3 4 6 8 10 12 14 17 17 15 14 13 12 11 9 8 7 6 5 4 3 2 2 2 2 2 3 3 3
4 4 3 3 2 2 2 2 2 2 2 2 2 2 2 3 3 3 3 3 3 3 3 3 4 4 4 5 6 7 8 9 10 10 9 8 8 7 6 5 4 4 4 4 3 3 3 3 3 2 2 2 1 1 1 2 2 2 3 3 4 4 4 4 3 3 3 3 4 6 8 10 11 13 15 15 14 13 12 11 10 9 8 7 6 5 4 3 2 2 2 2 3 3 3 4
4 3 3 2 2 2 2 2 2 2 2 2 2 2 2 3 3 3 3 3 3 3 3 3 4 4 4 5 6 6 7 8 9 9 8 8 7 6 5 5 4 4 4 3 3 3 3 2 2 2 2 1 1 1 1 2 2 3 4 4 5 5 5 5 4 4 4 3 4 6 7 9 11 12 14 14 13 12 11 10 9 8 7 6 5 4 4 3 2 2 2 3 3 3 4 4
3 3 2 2 2 1 1 1 2 2 2 2 2 2 2 3 3 3 3 3 3 3 3 4 4 4 4 5 5 6 6 7 8 8 7 7 6 6 5 4 4 4 3 3 3 2 2 2 2 1 1 1 1 1 1 2 3 4 5 6 6 7 6 6 5 5 4 4 4 6 7 8 10 11 12 12 12 11 10 9 8 7 7 6 5 4 3 2 1 2 2 3 3 4 4 5
2 2 2 1 1 1 1 1 1 1 2 2 2 2 2 3 3 3 3 3 3 3 3 4 4 4 4 4 5 5 6 6 7 7 6 6 5 5 4 4 4 3 3 3 2 2 2 1 1 1 1 1 1 1 1 2 3 4 6 7 8 8 7 7 6 6 5 4 5 6 7 8 9 10 11 11 10 10 9 8 8 7 6 5 4 4 3 2 1 1 2 3 4 4 5 6
2 1 1 1 1 0 1 1 1 1 2 2 2 2 2 3 3 3 3 3 3 3 3 4 4 4 4 4 4 5 5 5 6 6 5 5 5 4 4 4 3 3 3 2 2 1 1 1 1 1 1 1 0 0 1 2 4 5 7 8 9 10 9 8 7 6 6 5 5 6 6 7 8 9 10 10 9 8 8 7 7 6 5 5 4 3 2 2 1 1 2 3 4 5 6 7
1 1 1 0 0 0 0 1 1 1 1 2 2 2 2 3 3 3 3 3 3 3 3 4 4 4 4 4 4 4 4 4 5 5 4 4 4 4 4 3 3 3 2 2 1 1 0 0 0 0 0 0 0 0 1 3 4 6 7 9 11 11 10 9 8 7 6 5 5 6 6 7 7 8 8 8 8 7 7 6 6 6 5 4 3 3 2 1 0 1 2 3 4 5 6 7
1 1 1 0 0 0 1 1 1 2 2 2 2 3 3 3 3 3 3 3 4 4 4 4 4 4 4 4 4 4 4 4 5 5 4 4 4 4 4 4 3 3 3 2 2 1 1 1 1 1 0 0 0 0 1 2 4 5 7 8 10 10 9 8 7 7 6 5 5 5 6 6 6 7 7 7 7 7 6 6 6 5 5 5 4 4 3 3 2 3 4 4 5 6 7 7
1 1 1 1 1 1 1 1 2 2 2 3 3 3 3 3 3 4 4 4 4 4 4 4 4 4 4 4 4 4 5 5 5 5 5 4 4 4 4 4 4 3 3 3 2 2 1 1 1 1 1 1 1 1 1 2 4 5 6 7 8 8 8 7 7 6 5 5 5 5 5 5 6 6 6 6 6 6 6 6 6 5 5 5 5 5 5 5 4 5 5 6 6 7 7 8
1 1 1 1 1 1 1 2 2 2 3 3 3 3 4 4 4 4 4 4 4 4 4 4 4 4 4 4 5 5 5 5 5 5 5 5 5 4 4 4 4 4 3 3 3 2 2 2 1 1 1 1 1 1 1 2 3 4 5 6 7 7 7 6 6 5 5 4 4 4 5 5 5 5 5 5 5 5 5 5 5 5 5 6 6 6 6 6 7 7 7 7 7 7 8 8
1 1 1 1 1 1 2 2 2 3 3 4 4 4 4 4 4 4 4 4 4 4 4 4 5 5 5 5 5 5 5 5 5 5 5 5 5 5 5 5 4 4 4 3 3 3 2 2 2 2 2 1 1 1 1 2 3 4 4 5 6 6 6 5 5 5 4 4 4 4 4 4 4 4 5 5 5 5 5 5 5 5 6 6 7 7 8 8 9 9 9 8 8 8 8 8
1 1 1 1 1 1 2 2 3 3 4 4 4 4 4 4 4 4 4 5 5 5 5 5 5 5 5 5 5 5 5 5 5 5 5 5 5 5 5 5 5 4 4 4 3 3 3 2 2 2 2 2 2 1 1 2 2 3 3 4 4 4 4 4 4 4 4 4 4 4 4 4 4 4 4 4 4 4 4 5 5 5 6 7 7 8 9 10 11 11 10 10 9 9 8 8
1 1 1 1 1 2 2 3 3 4 4 4 5 5 5 5 5 5 5 5 5 5 5 5 5 5 5 5 5 5 5 5 5 5 5 5 5 5 5 5 5 5 4 4 4 3 3 3 3 2 2 2 2 2 2 2 2 2 3 3 3 3 3 3 3 3 3 3 3 3 3 3 3 3 3 3 3 4 4 4 5 5 6 7 8 9 11 12 13 13 12 11 10 10 9 8
1 1 1 1 2 2 2 3 3 4 4 5 5 5 5 5 5 5 5 5 5 5 5 5 5 5 5 5 5 5 5 5 5 5 5 5 5 5 5 5 5 5 5 5 4 4 4 3 3 3 3 2 2 2 2 2 2 2 2 2 2 2 2 2 2 3 3 3 3 3 3 2 2 2 2 2 3 3 3 4 4 5 6 8 9 11 12 14 15 15 14 12 11 10 9 8
1 1 1 2 2 2 2 3 3 4 4 5 5 5 5 5 5 5 5 5 5 5 5 5 5 5 5 5 5 5 5 5 5 5 5 5 5 5 5 5 5 5 4 4 4 3 3 3 3 2 2 2 2 2 2 2 2 2 2 2 2 2 2 2 2 3 3 3 3 3 2 2 2 2 2 2 2 3 3 4 5 5 6 8 9 11 12 14 15 15 14 13 12 11 10 8
1 1 2 2 2 2 2 3 3 4 4 5 5 5 5 5 5 5 5 5 5 5 5 5 5 5 5 5 5 5 5 5 5 5 5 5 5 5 5 5 5 4 4 4 3 3 3 2 2 2 2 2 2 1 1 1 2 2 2 2 2 2 2 2 2 2 3 3 3 2 2 2 2 2 1 2 2 3 3 4 5 5 6 8 10 11 13 14 16 15 14 13 12 11 10 9
2 2 2 2 2 2 2 3 3 4 4 5 5 5 5 5 5 5 5 5 5 5 5 5 5 5 5 4 4 4 4 4 4 4 4 4 4 4 5 5 4 4 4 3 3 3 2 2 2 2 2 1 1 1 1 1 2 2 2 2 2 2 2 2 2 2 2 2 2 2 2 2 1 1 1 1 2 3 3 4 5 5 7 8 10 11 13 14 16 16 15 14 12 11 10 9
2 2 2 2 2 2 2 3 3 4 4 5 5 5 5 5 5 5 5 5 5 5 5 4 4 4 4 4 4 4 4 4 4 4 4 4 4 4 4 4 4 4 3 3 2 2 2 1 1 1 1 1 1 1 1 1 2 2 2 2 3 3 3 2 2 2 2 2 2 2 2 1 1 1 1 1 2 3 3 4 5 6 7 8 10 12 13 15 16 16 15 14 13 12 11 10
2 2 2 2 2 2 2 3 3 4 4 5 5 5 5 5 5 5 5 5 5 5 4 4 4 4 4 4 4 4 4 4 4 4 4 4 4 4 4 4 4 3 3 2 2 2 1 1 1 1 1 1 1 1 1 1 1 2 2 2 3 3 3 3 2 2 2 2 2 1 1 1 1 1 1 1 2 3 3 4 5 6 7 9 10 12 13 15 17 16 15 14 13 12 11 10
