pluvio/pluvio-273.asc
ncols         252
nrows         154
xllcorner     -0.5
yllcorner     -153.5
cellsize      1
NODATA_value  -9999
[rows 52 to 103 of 154, columns 0 to 95 of 252]
60 73 85 97 103 102 102 102 101 101 101 97 91 85 80 74 68 62 58 55 51 48 45 42 38 37 37 37 37 37 37 37 38 41 43 46 48 51 53 54 54 54 54 54 54 54 56 59 61 64 67 70 72 71 69 67 65 63 60 58 59 60 61 62 63 64 65 63 60 58 56 53 51 48 48 48 47 47 47 47 47 46 45 44 43 43 42 41 40 39 39 38 37 36 36 35
64 76 88 100 105 104 104 103 102 101 100 97 91 85 80 74 69 63 59 56 53 49 46 42 39 38 37 37 37 37 36 36 37 40 42 44 46 48 51 51 51 51 51 51 51 51 54 57 60 63 65 68 71 70 68 66 64 62 60 58 58 60 61 62 63 64 65 63 61 58 56 54 52 49 49 49 48 48 47 47 46 45 45 44 43 42 41 40 40 39 39 38 37 37 36 35
67 79 90 102 107 105 104 102 100 99 97 94 89 84 79 74 69 64 59 56 53 49 46 43 39 38 37 37 36 36 35 35 36 38 39 41 43 45 47 47 47 47 47 47 48 48 50 53 56 60 63 66 69 68 66 64 62 60 58 57 57 58 59 61 62 63 64 62 60 58 56 54 53 51 50 49 48 48 47 46 45 44 44 43 42 41 41 40 39 39 39 38 38 37 37 36
71 82 93 104 108 106 104 101 99 97 95 91 87 82 77 73 68 64 60 56 53 50 46 43 39 38 37 36 35 35 34 33 34 35 37 38 40 41 43 43 43 43 44 44 44 44 47 50 53 57 60 63 66 66 64 62 60 59 57 55 56 57 58 59 61 62 63 61 60 58 57 55 53 52 51 50 49 47 46 45 44 44 43 42 41 41 40 39 39 39 38 38 38 38 37 36
74 85 95 106 109 106 104 101 98 95 92 89 84 80 76 72 68 64 60 57 53 50 46 43 40 38 37 36 35 34 33 32 32 33 34 36 37 38 39 39 39 40 40 40 40 40 43 47 50 53 57 60 64 63 62 60 59 57 56 54 55 56 57 58 59 60 62 60 59 58 57 55 54 53 51 50 49 47 46 45 43 43 42 41 41 40 39 38 38 38 38 38 38 38 38 37
77 88 98 108 111 107 104 100 97 93 89 86 82 79 75 71 67 64 60 57 53 50 47 43 40 38 36 35 34 33 32 30 31 31 32 33 33 34 35 35 35 36 36 36 36 37 39 43 47 50 54 58 61 61 60 58 57 56 54 53 54 55 56 57 58 59 60 60 59 58 57 56 55 54 52 51 49 47 46 44 42 42 41 40 40 39 38 38 38 38 38 38 38 38 38 37
81 90 100 109 112 108 104 99 95 91 87 83 80 77 74 70 67 64 61 57 54 50 47 43 40 38 36 35 33 32 30 29 29 29 30 30 30 31 31 31 32 32 32 32 33 33 36 40 44 47 51 55 59 59 57 56 55 54 53 52 53 54 55 56 57 58 59 59 58 58 57 56 56 55 53 51 49 47 45 43 41 41 40 40 39 38 38 37 37 38 38 38 38 39 39 37
84 93 102 111 113 108 104 99 94 89 84 81 78 75 72 69 67 64 61 57 54 50 47 43 40 38 36 34 33 31 29 28 27 27 27 27 27 27 27 27 28 28 28 29 29 29 32 36 40 44 48 52 57 56 55 54 53 52 51 50 51 52 54 55 56 57 58 58 58 57 57 57 56 56 54 52 49 47 45 43 40 40 39 39 38 38 37 36 37 37 38 38 39 39 39 38
82 91 99 108 109 105 100 95 90 86 81 77 75 73 70 68 65 63 60 57 54 50 47 44 41 39 37 35 33 32 30 28 27 27 27 27 27 27 27 27 28 28 29 29 30 30 33 37 41 44 48 51 55 55 55 54 53 53 52 52 53 54 55 56 57 58 60 59 59 59 59 59 59 58 56 54 52 50 48 46 44 43 43 42 41 40 39 38 38 39 39 39 39 39 39 38
80 88 96 103 105 100 96 91 87 82 77 74 72 70 68 66 64 61 59 56 53 51 48 45 42 40 38 36 34 32 30 28 28 28 28 28 28 28 28 28 29 29 30 31 31 32 35 38 41 44 47 51 54 54 54 54 54 54 53 53 54 56 57 58 59 60 61 61 61 61 61 61 61 61 59 57 56 54 52 51 49 48 46 45 44 43 41 40 40 40 40 40 40 40 40 38
77 85 92 99 100 96 92 87 83 78 74 71 69 67 66 64 62 60 58 55 53 51 48 46 43 41 39 37 35 33 31 29 28 28 28 28 28 28 28 29 29 30 31 32 33 34 36 39 42 44 47 50 52 53 53 54 54 54 55 55 56 57 58 60 61 62 63 63 63 63 63 63 63 63 62 60 59 58 56 55 53 52 50 48 47 45 44 42 42 41 41 41 41 40 40 39
75 82 88 95 96 92 87 83 79 75 71 68 66 65 63 62 60 59 57 55 53 51 49 47 45 43 40 38 36 34 32 29 29 29 29 29 28 28 28 29 30 31 32 33 35 36 38 40 42 44 47 49 51 52 53 54 54 55 56 57 58 59 60 61 63 64 65 65 65 65 65 65 65 65 64 63 62 61 60 59 58 56 54 52 50 48 46 44 43 43 42 42 41 41 40 39
72 78 84 90 91 87 83 79 75 71 67 65 64 62 61 60 59 57 56 54 53 51 49 48 46 44 41 39 37 35 32 30 29 29 29 29 29 29 29 30 31 32 34 35 36 37 39 41 43 44 46 48 50 51 52 53 55 56 57 58 59 61 62 63 64 66 67 67 67 67 67 67 68 68 67 66 66 65 64 63 63 60 58 55 53 51 48 46 45 44 43 43 42 41 40 39
70 75 81 86 87 83 79 75 71 68 64 62 61 60 59 58 57 56 55 54 52 51 50 48 47 45 43 40 38 35 33 30 30 30 29 29 29 29 29 30 32 33 35 36 38 39 41 42 43 45 46 47 48 50 52 53 55 57 58 60 61 62 64 65 66 67 69 69 69 69 70 70 70 70 70 69 69 68 68 68 67 64 62 59 56 53 50 48 47 46 45 44 43 42 41 40
67 72 77 82 82 79 75 71 68 64 60 58 58 57 57 56 55 55 54 53 52 51 50 49 48 46 44 41 39 36 33 31 30 30 30 30 30 30 30 31 33 34 36 38 39 41 42 43 44 45 45 46 47 49 51 53 55 57 59 61 63 64 65 67 68 69 71 71 71 71 72 72 72 72 72 72 72 72 72 72 72 69 65 62 59 56 53 50 48 47 46 45 43 42 41 40
63 68 72 77 77 74 71 68 65 62 59 58 57 56 56 55 54 54 53 52 51 50 49 48 46 45 42 40 37 35 33 30 29 29 29 29 29 29 28 30 32 33 35 37 39 41 42 44 46 47 49 51 53 54 56 58 59 61 63 64 66 67 68 69 70 72 73 73 73 74 74 74 74 74 74 74 74 74 74 74 73 70 67 64 61 57 54 51 50 48 47 46 45 43 42 41
59 63 68 72 73 70 68 65 63 61 58 57 56 56 55 54 54 53 52 51 49 48 47 46 44 42 40 38 36 34 32 30 29 28 28 28 28 27 27 28 30 32 34 36 38 40 42 45 48 51 53 56 59 60 61 63 64 65 66 68 69 70 71 72 73 74 75 75 76 76 76 76 76 76 76 76 76 75 75 75 75 72 68 65 62 59 55 52 51 50 49 47 46 45 44 43
55 59 63 67 68 66 64 63 61 59 57 56 55 55 54 53 53 52 51 49 48 47 45 44 42 40 39 37 35 33 31 29 28 28 27 27 26 26 26 27 29 31 33 35 37 39 43 46 50 54 57 61 65 66 67 68 68 69 70 71 72 73 74 75 76 77 78 78 78 78 78 78 78 78 78 78 77 77 77 77 76 73 70 66 63 60 57 54 52 51 50 49 48 46 45 45
51 55 58 62 63 62 61 60 59 57 56 55 55 54 53 53 52 51 50 48 47 45 43 42 40 38 37 35 33 32 30 28 27 27 26 26 25 25 24 26 28 30 32 34 36 39 43 47 52 57 62 66 71 72 72 73 73 73 74 74 75 76 76 77 78 79 80 80 80 80 80 80 80 80 80 79 79 79 78 78 78 74 71 68 65 61 58 55 54 53 51 50 49 48 47 46
47 50 54 57 59 58 57 57 56 56 55 55 54 53 53 52 51 50 49 47 45 44 42 40 38 36 35 33 32 30 29 27 27 26 25 25 24 23 23 24 27 29 31 33 36 38 43 49 54 60 66 71 77 78 78 78 77 77 77 77 78 78 79 80 81 82 82 82 82 82 82 82 82 82 82 81 81 80 80 79 79 76 72 69 66 63 59 56 55 54 53 52 50 49 48 48
43 46 49 52 54 54 54 54 54 54 54 54 53 53 52 51 50 50 48 46 44 42 40 38 36 34 33 32 31 29 28 27 26 25 24 24 23 22 21 23 25 28 30 33 35 37 43 50 56 63 70 76 83 84 83 83 82 81 81 80 81 81 82 83 83 84 85 85 85 84 84 84 84 84 84 83 83 82 81 81 80 77 74 70 67 64 61 58 56 55 54 53 52 51 50 50
38 41 44 47 49 50 51 51 52 53 53 53 53 52 51 50 49 49 47 45 43 40 38 36 34 32 31 30 29 28 27 26 25 24 23 23 22 21 20 22 24 27 29 32 34 37 43 51 59 66 74 82 89 90 89 87 86 85 84 83 84 84 85 85 86 86 87 87 87 87 86 86 86 86 85 85 84 84 83 82 82 78 75 72 69 65 62 59 58 57 56 54 53 52 51 51
42 45 49 53 55 55 55 55 55 55 56 55 54 53 52 51 50 49 48 46 44 43 41 39 37 36 35 33 32 30 29 28 27 26 25 24 24 23 22 24 26 28 30 33 35 37 44 51 59 67 75 82 90 91 90 89 88 86 85 84 85 86 86 87 88 89 89 89 89 89 89 89 89 89 88 87 87 86 85 85 84 80 77 73 70 67 63 60 59 58 57 56 55 54 53 53
45 49 54 59 60 60 60 59 59 58 58 57 56 54 53 52 51 49 48 47 46 45 43 42 41 40 38 36 34 33 31 29 28 27 27 26 26 25 24 26 28 29 31 33 35 37 44 52 60 68 75 83 91 92 91 90 88 87 86 85 86 87 88 89 90 91 92 92 92 92 92 92 92 92 91 90 89 88 88 87 86 82 79 75 71 68 64 61 60 59 58 58 57 56 55 56
48 54 59 64 66 65 64 63 62 61 60 59 57 56 54 53 51 50 49 48 47 47 46 45 45 43 41 39 37 35 33 31 30 29 29 28 27 27 26 27 29 31 33 34 36 38 44 52 60 68 76 84 92 92 91 90 89 88 87 86 87 88 90 91 92 93 94 94 94 94 94 94 94 95 94 93 92 91 90 89 88 84 80 77 73 69 65 62 61 60 60 59 58 58 57 58
51 58 64 70 72 71 69 67 66 64 63 61 59 57 55 54 52 50 49 49 49 49 49 49 48 47 44 42 40 37 35 32 31 31 30 30 29 29 28 29 31 32 34 35 37 38 45 53 61 69 77 85 93 93 92 91 90 89 89 88 89 90 91 92 94 95 96 96 97 97 97 97 97 97 96 95 94 93 92 91 90 86 82 78 74 70 66 63 62 62 61 61 60 60 59 60
55 62 69 76 78 76 74 71 69 67 65 63 61 59 57 54 52 50 50 50 51 51 51 52 52 50 48 45 42 39 37 34 33 32 32 32 31 31 31 31 33 34 35 36 37 38 45 53 61 69 78 86 94 94 93 92 91 90 90 89 90 91 93 94 96 97 98 99 99 99 99 100 100 100 99 98 97 96 94 93 92 88 84 80 76 72 67 64 63 63 63 62 62 61 61 62
58 66 74 82 84 81 78 76 73 70 67 65 62 60 58 55 53 51 50 51 52 53 54 55 56 54 51 48 45 42 39 35 34 34 34 34 33 33 33 33 34 35 36 37 38 39 46 54 62 70 78 87 95 95 94 93 92 91 91 90 91 93 94 96 97 99 101 101 101 102 102 102 103 103 102 101 99 98 97 95 94 90 86 81 77 73 69 65 64 64 64 64 63 63 63 64
61 70 79 87 90 86 83 80 76 73 69 67 64 61 59 56 54 51 51 52 54 55 57 58 59 58 54 51 47 44 40 37 36 36 36 35 35 35 35 35 36 37 37 38 39 39 46 54 63 71 79 87 96 96 95 94 93 92 92 91 92 94 96 98 99 101 103 103 104 104 105 105 105 106 105 103 102 100 99 98 96 92 87 83 79 74 70 66 66 65 65 65 65 65 65 66
65 72 79 86 88 85 82 79 76 73 70 68 65 63 60 58 55 53 52 54 55 56 57 58 59 57 54 51 48 45 42 38 37 37 37 37 37 37 37 38 38 39 40 41 42 43 49 57 65 73 80 88 96 96 96 95 94 93 93 92 94 95 97 99 101 102 104 104 105 105 105 106 106 106 105 104 103 101 100 99 98 94 90 86 82 78 74 71 71 71 71 71 70 70 71 72
70 75 80 86 87 84 81 79 76 74 71 69 66 64 61 59 57 54 54 55 56 56 57 58 59 57 54 51 49 46 43 40 39 39 39 39 39 39 39 40 41 42 43 44 46 47 53 60 67 74 81 89 96 96 96 95 95 95 94 94 95 97 98 100 102 103 105 105 105 106 106 106 106 106 105 104 103 102 101 100 99 96 92 89 86 82 79 76 76 76 76 76 76 76 76 77
74 77 81 85 85 83 81 79 76 74 72 70 67 65 63 60 58 56 55 56 56 57 58 58 59 57 54 52 49 46 44 41 40 40 41 41 41 41 41 42 43 45 46 48 49 51 56 63 69 76 83 89 96 97 96 96 96 96 95 95 96 98 100 101 103 104 106 106 106 106 106 106 107 107 106 105 104 103 102 102 101 98 95 92 89 86 84 81 81 81 81 81 81 81 81 82
78 80 82 84 84 82 80 78 76 74 73 71 68 66 64 62 60 57 57 57 57 58 58 58 59 57 55 52 50 47 45 42 42 42 42 42 43 43 43 44 46 48 49 51 53 54 60 66 72 78 84 90 96 97 97 97 97 97 97 96 98 99 101 102 104 106 107 107 107 107 107 107 107 107 106 106 105 104 104 103 102 100 98 95 93 91 88 86 86 86 86 86 86 86 87 88
82 82 83 83 82 81 79 78 76 75 73 72 69 67 65 63 61 59 58 58 58 58 58 58 58 57 55 52 50 48 46 44 43 44 44 44 44 45 45 47 48 50 52 54 56 58 63 68 74 79 85 90 96 97 97 97 97 98 98 98 99 101 102 104 105 107 108 108 108 108 108 107 107 107 107 106 106 105 105 104 104 102 100 98 97 95 93 91 91 91 91 92 92 92 92 93
86 85 84 82 81 80 79 78 76 75 74 73 71 69 67 65 63 61 60 60 59 59 59 58 58 57 55 53 51 49 47 45 45 45 45 46 46 47 47 49 51 53 55 58 60 62 66 71 76 81 86 91 96 97 98 98 98 99 99 99 101 102 103 105 106 108 109 109 109 108 108 108 108 107 107 107 106 106 106 105 105 104 103 101 100 99 98 96 97 97 97 97 97 97 97 99
90 87 84 82 80 79 78 77 77 76 75 74 72 70 68 66 64 62 61 61 60 60 59 58 58 57 55 53 51 50 48 46 46 47 47 48 48 49 49 51 54 56 59 61 63 66 70 74 79 83 88 92 97 98 98 99 99 100 100 101 102 103 105 106 107 109 110 110 110 109 109 108 108 108 108 108 107 107 107 107 107 106 105 104 104 103 102 101 101 102 102 102 102 102 102 104
94 91 87 83 81 80 80 79 78 77 76 75 73 71 69 67 65 64 63 62 61 61 60 60 59 58 56 55 53 52 50 48 48 49 50 50 51 52 53 55 58 61 63 66 69 72 77 81 86 91 96 101 105 106 105 104 104 103 103 102 103 104 106 107 108 109 111 111 111 111 110 110 110 110 110 111 111 111 111 111 111 110 109 108 107 106 105 104 104 104 104 104 104 104 105 106
98 94 90 85 83 82 81 80 79 78 77 76 74 72 70 68 67 65 64 63 63 62 61 61 60 59 58 56 55 53 52 51 51 52 52 53 54 55 56 59 62 65 68 72 75 78 83 88 93 99 104 109 114 113 112 110 109 107 105 104 104 106 107 108 109 110 111 111 112 112 112 112 112 113 113 114 114 114 115 115 116 114 113 112 110 109 107 106 106 106 106 107 107 107 107 108
102 97 92 87 84 83 82 81 80 79 78 77 75 73 71 70 68 66 65 64 64 63 62 62 61 60 59 58 56 55 54 53 53 54 55 56 57 58 59 62 66 70 73 77 81 85 90 95 101 106 112 117 123 121 118 116 113 110 108 105 106 107 108 109 110 111 112 112 113 113 114 114 115 115 116 117 117 118 119 119 120 118 117 115 113 112 110 109 109 109 109 109 109 109 109 110
107 101 95 89 86 85 84 82 81 80 79 78 76 74 73 71 69 67 66 66 65 64 64 63 62 61 60 59 58 57 56 55 55 56 58 59 60 61 62 66 70 74 78 83 87 91 96 102 108 114 120 125 131 129 125 121 118 114 110 106 107 108 109 110 110 111 112 113 114 115 115 116 117 118 119 120 121 122 123 124 125 123 121 119 117 115 113 111 111 111 111 111 111 111 112 113
111 104 98 91 87 86 85 84 83 81 80 79 77 75 74 72 70 69 68 67 66 65 65 64 63 62 61 61 60 59 58 57 58 59 60 62 63 64 66 70 74 79 83 88 93 97 103 109 115 121 127 134 140 137 132 127 122 117 113 108 108 109 110 110 111 112 113 114 115 116 117 118 119 120 121 123 124 125 126 128 129 127 125 122 120 118 116 113 113 114 114 114 114 114 114 115
115 107 100 93 89 87 86 85 84 83 81 80 78 77 75 73 72 70 69 68 67 67 66 65 64 63 63 62 61 60 60 59 60 61 63 64 66 68 69 73 78 83 88 93 98 103 110 116 123 129 135 142 148 144 139 133 127 121 115 109 109 110 111 111 112 113 113 115 116 117 119 120 121 122 124 126 127 129 130 132 133 131 128 126 123 121 118 116 116 116 116 116 116 116 116 117
119 111 103 95 90 89 87 86 85 84 82 81 79 78 76 74 73 71 70 69 69 68 67 66 66 65 64 64 63 62 62 61 62 64 65 67 69 71 72 77 82 88 93 98 104 109 116 122 129 136 143 149 156 151 145 138 131 124 117 111 110 111 111 112 113 113 114 115 117 118 120 121 123 124 126 128 130 132 134 136 137 135 132 129 126 123 121 118 118 118 118 118 118 118 118 119
122 113 104 95 90 89 88 86 85 84 82 81 79 78 76 75 73 72 71 71 71 71 70 70 70 69 68 67 66 65 64 63 64 65 67 69 71 73 74 79 84 89 95 100 105 110 117 123 130 136 143 149 156 151 144 138 131 124 118 111 110 111 111 112 112 113 113 115 116 118 119 121 122 124 126 128 130 131 133 135 137 134 131 128 126 123 120 117 117 118 118 118 118 118 118 119
126 116 106 96 90 89 88 86 85 84 82 81 80 78 77 75 74 72 72 72 73 73 74 74 74 74 72 70 69 67 66 64 65 67 69 71 73 75 76 81 86 91 96 101 107 112 118 124 130 137 143 149 156 151 144 138 131 124 118 111 111 111 111 112 112 112 113 114 116 117 119 120 122 123 125 127 129 131 133 135 136 134 131 128 125 122 119 117 117 117 117 118 118 118 118 119
130 118 107 96 90 89 88 86 85 84 83 81 80 78 77 75 74 73 73 74 75 76 77 78 79 78 76 74 72 70 68 66 67 69 71 73 75 77 79 83 88 93 98 103 108 113 119 125 131 137 143 150 156 151 144 138 131 124 118 111 111 111 111 111 112 112 112 114 115 117 118 120 121 123 125 127 129 130 132 134 136 133 130 127 125 122 119 116 117 117 117 117 118 118 118 119
133 121 109 97 90 89 88 86 85 84 83 81 80 79 77 76 74 73 74 75 77 78 80 82 83 82 80 77 75 72 70 67 68 70 72 74 77 79 81 85 90 95 100 104 109 114 120 126 132 138 144 150 156 151 144 138 131 125 118 111 111 111 111 111 111 112 112 113 115 116 118 119 121 122 124 126 128 130 132 134 136 133 130 127 124 121 118 116 116 116 117 117 117 118 118 119
137 124 110 97 90 89 88 86 85 84 83 81 80 79 78 76 75 74 74 77 79 81 83 86 88 87 84 81 78 75 72 69 70 72 74 76 78 81 83 87 92 96 101 106 111 115 121 127 133 138 144 150 156 151 144 138 131 125 118 111 111 111 111 111 111 111 111 113 114 116 117 119 120 122 124 126 128 130 131 133 135 132 129 126 124 121 118 115 116 116 116 117 117 118 118 120
140 126 112 98 90 89 88 87 85 84 83 82 80 79 78 77 75 74 75 78 81 84 87 89 92 91 88 84 81 77 74 71 71 74 76 78 80 83 85 89 94 98 103 107 112 117 122 128 133 139 144 150 155 151 144 138 131 125 118 112 111 111 111 111 111 111 111 112 114 115 117 118 120 121 123 125 127 129 131 133 135 132 129 126 123 120 117 115 115 116 116 117 117 118 118 120
142 128 113 98 90 89 88 86 85 84 83 81 80 79 78 77 76 74 76 79 83 86 89 93 96 95 91 87 84 80 76 72 73 75 77 80 82 84 87 90 95 99 104 108 113 117 122 128 133 138 144 149 155 150 144 137 131 124 118 112 111 111 111 111 110 110 110 112 113 115 116 118 119 121 123 125 126 128 130 132 134 131 128 125 122 120 117 114 115 115 116 116 117 118 118 120
136 122 109 96 88 87 86 85 83 82 81 80 79 78 77 76 75 74 76 80 84 87 91 95 99 98 94 90 86 82 78 74 75 77 78 80 82 84 86 89 93 97 101 105 109 113 118 123 128 134 139 144 149 145 139 134 128 122 117 111 110 110 110 110 110 110 110 111 113 114 115 117 118 119 121 123 125 126 128 130 132 129 127 124 122 119 116 114 115 115 116 116 117 118 118 120
129 117 105 93 87 86 84 83 81 80 79 78 77 76 76 75 74 73 76 80 84 89 93 97 101 100 96 92 88 84 80 77 76 78 79 81 82 84 85 88 92 95 99 102 106 110 114 119 124 129 134 138 143 140 135 130 125 120 115 110 110 110 110 110 110 110 110 111 112 113 115 116 117 118 120 121 123 125 126 128 130 127 125 123 121 118 116 114 115 115 116 117 117 118 119 120
