pluvio/pluvio-44.asc
ncols         252
nrows         154
xllcorner     -18.017974
yllcorner     13.481982
cellsize      0.035948
NODATA_value  -9999
[rows 45 to 89 of 154, columns 0 to 95 of 252]
65535 65535 65535 65535 65535 65535 65535 65535 65535 65535 65535 65535 65535 65535 65535 65535 65535 65535 65535 65535 65535 65535 65535 65535 65535 65535 65535 65535 65535 65535 65535 65535 65535 65535 65535 48 48 48 47 47 47 46 46 45 45 45 44 44 44 43 43 43 43 43 43 43 43 43 43 43 43 43 43 43 43 43 43 44 44 44 44 45 45 45 45 46 46 46 46 46 46 47 47 47 47 47 47 47 47 47 48 48 49 50 50 51
65535 65535 65535 65535 65535 65535 65535 65535 65535 65535 65535 65535 65535 65535 65535 65535 65535 65535 65535 65535 65535 65535 65535 65535 65535 65535 65535 65535 65535 65535 65535 65535 65535 65535 65535 48 48 48 48 47 47 47 46 46 46 46 45 45 45 45 45 45 45 44 44 44 44 44 44 44 44 44 44 44 44 44 45 45 45 45 45 46 46 46 46 47 47 47 47 47 47 47 47 47 48 48 48 48 48 48 48 49 49 50 51 52
65535 65535 65535 65535 65535 65535 65535 65535 65535 65535 65535 65535 65535 65535 65535 65535 65535 65535 65535 65535 65535 65535 65535 65535 65535 65535 65535 65535 65535 65535 65535 65535 65535 65535 65535 48 48 48 48 48 47 47 47 47 47 47 47 46 46 46 46 46 46 46 46 46 46 45 45 45 45 45 45 45 45 45 46 46 46 46 46 47 47 47 47 47 48 48 48 48 48 48 48 48 48 48 48 48 48 49 49 49 50 51 51 52
65535 65535 65535 65535 65535 65535 65535 65535 65535 65535 65535 65535 65535 65535 65535 65535 65535 65535 65535 65535 65535 65535 65535 65535 65535 65535 65535 65535 65535 65535 65535 65535 65535 65535 65535 48 48 48 48 48 48 48 48 48 48 48 48 48 47 47 47 47 47 47 47 47 47 47 47 47 46 46 46 46 46 47 47 47 47 47 47 48 48 48 48 48 49 49 49 49 49 49 49 49 49 49 49 49 49 49 49 50 50 51 52 53
65535 65535 65535 65535 65535 65535 65535 65535 65535 65535 65535 65535 65535 65535 65535 65535 65535 65535 65535 65535 65535 65535 65535 65535 65535 65535 65535 65535 65535 65535 65535 65535 65535 65535 65535 61 60 59 58 57 56 55 55 54 53 52 51 50 49 49 48 48 48 48 48 48 48 48 48 48 48 47 47 47 47 48 48 48 48 48 48 49 49 49 49 49 49 49 49 49 49 49 50 50 50 50 50 50 50 50 50 50 51 52 52 53
65535 65535 65535 65535 65535 65535 65535 65535 65535 65535 65535 65535 65535 65535 65535 65535 65535 65535 65535 65535 65535 65535 65535 65535 65535 65535 65535 65535 65535 65535 65535 65535 65535 65535 65535 61 60 59 58 57 57 56 55 54 53 53 52 51 50 49 49 49 49 49 49 49 49 49 48 48 48 48 48 48 48 48 49 49 49 49 49 49 49 50 50 50 50 50 50 50 50 50 50 50 50 50 50 50 50 50 50 51 51 52 53 54
65535 65535 65535 65535 65535 65535 65535 65535 65535 65535 65535 65535 65535 65535 65535 65535 65535 65535 65535 65535 65535 65535 65535 65535 65535 65535 65535 65535 65535 65535 65535 65535 65535 65535 65535 61 60 59 59 58 57 56 55 55 54 53 52 52 51 50 50 50 50 50 50 50 50 49 49 49 49 49 49 49 49 49 49 49 50 50 50 50 50 50 51 51 51 51 51 51 51 51 51 51 51 51 51 51 51 51 51 51 52 53 53 54
65535 65535 65535 65535 65535 65535 65535 65535 65535 65535 65535 65535 65535 65535 65535 65535 65535 65535 65535 65535 65535 65535 65535 65535 65535 65535 65535 65535 65535 65535 65535 65535 65535 65535 65535 61 60 59 59 58 57 57 56 55 55 54 53 53 52 51 51 51 51 51 51 50 50 50 50 50 50 50 50 49 50 50 50 50 50 50 51 51 51 51 51 51 52 52 52 52 52 52 52 52 51 51 51 51 51 51 51 52 52 53 54 55
65535 65535 65535 65535 65535 65535 65535 65535 65535 65535 65535 65535 65535 65535 65535 65535 65535 65535 65535 65535 65535 65535 65535 65535 65535 65535 65535 65535 65535 65535 65535 65535 65535 65535 65535 61 60 60 59 58 58 57 56 56 55 55 54 53 53 52 52 52 52 52 51 51 51 51 51 51 51 50 50 50 50 51 51 51 51 51 51 52 52 52 52 52 52 52 52 52 52 52 52 52 52 52 52 52 52 52 52 52 53 54 54 55
65535 65535 65535 65535 65535 65535 65535 65535 65535 65535 65535 65535 65535 65535 65535 65535 65535 65535 65535 65535 65535 65535 65535 65535 65535 65535 65535 65535 65535 65535 65535 65535 65535 65535 65535 61 60 60 59 59 58 57 57 56 56 55 55 54 54 53 53 53 53 52 52 52 52 52 52 51 51 51 51 51 51 51 51 52 52 52 52 52 52 53 53 53 53 53 53 53 53 53 53 53 53 53 53 53 53 53 52 53 54 54 55 56
65535 65535 65535 65535 65535 65535 65535 65535 65535 65535 65535 65535 65535 65535 65535 65535 65535 65535 65535 65535 65535 65535 65535 65535 65535 65535 65535 65535 65535 65535 65535 65535 65535 65535 65535 61 60 60 59 59 58 58 57 57 56 56 55 55 54 54 54 54 53 53 53 53 53 53 52 52 52 52 52 52 52 52 52 52 52 53 53 53 53 53 53 54 54 54 54 54 54 54 54 53 53 53 53 53 53 53 53 53 54 55 55 56
65535 65535 65535 65535 65535 65535 65535 65535 65535 65535 65535 65535 65535 65535 65535 65535 65535 65535 65535 65535 65535 65535 65535 65535 65535 65535 65535 65535 65535 65535 65535 65535 65535 65535 65535 61 60 60 60 59 59 58 58 57 57 57 56 56 55 55 55 55 54 54 54 54 54 53 53 53 53 53 52 52 53 53 53 53 53 53 54 54 54 54 54 54 55 55 55 54 54 54 54 54 54 54 54 54 54 54 54 54 55 55 56 57
65535 65535 65535 65535 65535 65535 65535 65535 65535 65535 65535 65535 65535 65535 65535 65535 65535 65535 65535 65535 65535 65535 65535 65535 65535 65535 65535 65535 65535 65535 65535 65535 65535 65535 65535 61 61 60 60 59 59 59 58 58 58 57 57 56 56 56 56 55 55 55 55 55 54 54 54 54 54 53 53 53 53 53 54 54 54 54 54 54 55 55 55 55 55 55 55 55 55 55 55 55 55 55 55 54 54 54 54 55 55 56 56 57
65535 65535 65535 65535 65535 65535 65535 65535 65535 65535 65535 65535 65535 65535 65535 65535 65535 65535 65535 65535 65535 65535 65535 65535 65535 65535 65535 65535 65535 65535 65535 65535 65535 65535 65535 61 61 60 60 60 59 59 59 58 58 58 58 57 57 57 56 56 56 56 56 55 55 55 55 55 54 54 54 54 54 54 54 55 55 55 55 55 55 56 56 56 56 56 56 56 56 56 56 55 55 55 55 55 55 55 55 55 56 56 57 58
65535 65535 65535 65535 65535 65535 65535 65535 65535 65535 65535 65535 65535 65535 65535 65535 65535 65535 65535 65535 65535 65535 65535 65535 65535 65535 65535 65535 65535 65535 65535 65535 65535 65535 65535 61 61 60 60 60 60 59 59 59 59 59 58 58 58 58 57 57 57 57 56 56 56 56 56 55 55 55 55 55 55 55 55 55 55 56 56 56 56 56 56 57 57 57 57 57 56 56 56 56 56 56 56 56 56 55 55 56 56 57 57 58
65535 65535 65535 65535 65535 65535 65535 65535 65535 65535 65535 65535 65535 65535 65535 65535 65535 65535 65535 65535 65535 65535 65535 65535 65535 65535 65535 65535 65535 65535 65535 65535 65535 65535 65535 61 61 61 60 60 60 60 60 60 59 59 59 59 59 59 58 58 58 58 57 57 57 57 56 56 56 56 55 55 55 56 56 56 56 56 56 57 57 57 57 57 58 58 57 57 57 57 57 57 57 57 56 56 56 56 56 56 57 57 58 58
65535 65535 65535 65535 65535 65535 65535 65535 65535 65535 65535 65535 65535 65535 65535 65535 65535 65535 65535 65535 65535 65535 65535 65535 65535 65535 65535 65535 65535 65535 65535 65535 65535 65535 65535 61 61 61 61 61 60 60 60 60 60 60 60 60 60 59 59 59 59 58 58 58 58 57 57 57 57 56 56 56 56 56 57 57 57 57 57 57 58 58 58 58 58 58 58 58 58 58 58 57 57 57 57 57 57 57 56 57 57 58 58 59
65535 65535 65535 65535 65535 65535 65535 65535 65535 65535 65535 65535 65535 65535 65535 65535 65535 65535 65535 65535 65535 65535 65535 65535 65535 65535 65535 65535 65535 65535 65535 65535 65535 65535 65535 61 61 61 61 61 61 61 61 61 61 61 61 60 60 60 60 60 60 59 59 59 58 58 58 58 57 57 57 57 57 57 57 57 58 58 58 58 58 58 59 59 59 59 59 59 59 58 58 58 58 58 58 58 57 57 57 57 58 58 59 59
65535 65535 65535 65535 65535 65535 65535 65535 65535 65535 65535 65535 65535 65535 65535 65535 65535 65535 65535 65535 65535 121 121 121 121 121 121 121 121 121 121 121 121 121 121 120 116 112 107 103 99 95 90 86 82 78 74 69 65 62 62 62 61 61 61 60 60 60 60 59 59 59 59 58 59 59 59 59 59 59 59 60 60 60 60 60 60 60 60 60 60 59 59 59 59 59 58 58 58 58 58 58 58 59 59 60
65535 65535 65535 65535 65535 65535 65535 65535 65535 65535 65535 65535 65535 65535 65535 65535 65535 65535 65535 65535 65535 121 121 121 121 121 121 121 121 121 121 121 121 121 121 120 116 112 108 104 100 96 92 88 84 80 76 72 68 65 65 65 64 64 64 64 63 63 63 63 62 62 62 62 62 62 62 62 62 62 62 62 62 62 62 62 62 62 61 61 61 61 60 60 60 59 59 59 59 58 58 58 59 59 60 60
65535 65535 65535 65535 65535 65535 65535 65535 65535 65535 65535 65535 65535 65535 65535 65535 65535 65535 65535 65535 65535 121 121 121 121 121 121 121 121 121 121 121 121 121 121 120 116 113 109 105 101 97 94 90 86 82 79 75 71 68 68 68 68 67 67 67 67 66 66 66 66 65 65 65 65 65 65 65 64 64 64 64 64 64 64 64 63 63 63 63 62 62 61 61 61 60 60 60 59 59 59 59 59 60 60 61
65535 65535 65535 65535 65535 65535 65535 65535 65535 65535 65535 65535 65535 65535 65535 65535 65535 65535 65535 65535 65535 121 121 121 121 121 121 121 121 121 121 121 121 121 121 120 117 113 110 106 102 99 95 92 88 85 81 77 74 71 71 71 71 70 70 70 70 70 69 69 69 69 68 68 68 68 68 67 67 67 67 66 66 66 66 65 65 65 64 64 63 63 63 62 62 61 61 60 60 60 59 59 60 60 61 61
65535 65535 65535 65535 65535 65535 65535 65535 65535 65535 65535 65535 65535 65535 65535 65535 65535 65535 65535 65535 65535 121 121 121 121 121 121 121 121 121 121 121 121 121 121 120 117 114 110 107 104 100 97 94 90 87 83 80 77 74 74 74 74 74 73 73 73 73 73 72 72 72 72 71 71 71 70 70 70 69 69 69 68 68 68 67 67 66 66 65 65 64 64 63 63 62 62 61 61 60 60 60 60 61 61 61
65535 65535 65535 65535 65535 65535 65535 65535 65535 65535 65535 65535 65535 65535 65535 65535 65535 65535 65535 65535 65535 121 121 121 121 121 121 121 121 121 121 121 121 121 121 120 117 114 111 108 105 102 98 95 92 89 86 83 80 77 77 77 77 77 77 76 76 76 76 76 75 75 75 75 74 74 73 73 72 72 71 71 70 70 69 69 68 68 67 67 66 66 65 64 64 63 63 62 61 61 60 60 61 61 61 62
65535 65535 65535 65535 65535 65535 65535 65535 65535 65535 65535 65535 65535 65535 65535 65535 65535 65535 65535 65535 65535 121 121 121 121 121 121 121 121 121 121 121 121 121 121 120 117 115 112 109 106 103 100 97 94 91 88 85 83 81 80 80 80 80 80 80 79 79 79 79 79 79 78 78 77 77 76 76 75 74 74 73 73 72 71 71 70 69 69 68 67 67 66 65 65 64 63 63 62 61 61 61 61 61 62 62
65535 65535 65535 65535 65535 65535 65535 65535 65535 65535 65535 65535 65535 65535 65535 65535 65535 65535 65535 65535 65535 121 121 121 121 121 121 121 121 121 121 121 121 121 121 120 118 115 112 110 107 104 102 99 96 94 91 88 85 84 83 83 83 83 83 83 83 82 82 82 82 82 82 81 81 80 79 78 78 77 76 75 75 74 73 72 72 71 70 69 69 68 67 66 66 65 64 63 63 62 61 61 61 62 62 63
65535 65535 65535 65535 65535 65535 65535 65535 65535 65535 65535 65535 65535 65535 65535 65535 65535 65535 65535 65535 65535 121 121 121 121 121 121 121 121 121 121 121 121 121 121 121 118 116 113 111 108 106 103 101 98 96 93 91 88 87 87 86 86 86 86 86 86 86 85 85 85 85 85 85 84 83 82 81 80 79 79 78 77 76 75 74 73 73 72 71 70 69 68 68 67 66 65 64 63 62 62 61 62 62 63 63
65535 65535 65535 65535 65535 65535 65535 65535 65535 65535 65535 65535 65535 65535 65535 65535 65535 65535 65535 65535 65535 121 121 121 121 121 121 121 121 121 121 121 121 121 121 121 118 116 114 112 109 107 105 103 100 98 96 94 91 90 90 90 89 89 89 89 89 89 89 89 88 88 88 88 87 86 85 84 83 82 81 80 79 78 77 76 75 74 73 72 71 70 70 69 68 67 66 65 64 63 62 62 62 63 63 63
65535 65535 65535 65535 65535 65535 65535 65535 65535 65535 65535 65535 65535 65535 65535 65535 65535 65535 65535 65535 65535 121 121 121 121 121 121 121 121 121 121 121 121 121 121 121 119 117 115 112 110 108 106 104 102 100 98 96 94 93 93 93 93 92 92 92 92 92 92 92 92 92 92 91 90 89 88 87 86 84 83 82 81 80 79 78 77 76 75 74 73 72 71 70 69 68 67 66 65 64 63 62 63 63 63 64
65535 65535 65535 65535 65535 65535 65535 65535 65535 65535 65535 65535 65535 65535 65535 65535 65535 65535 65535 65535 65535 121 121 121 121 121 121 121 121 121 121 121 121 121 121 121 119 117 115 113 112 110 108 106 104 103 101 99 97 96 96 96 96 96 95 95 95 95 95 95 95 95 95 94 93 92 91 89 88 87 86 85 83 82 81 80 78 77 76 75 74 73 72 71 70 69 67 66 65 64 63 63 63 63 64 64
65535 65535 65535 65535 65535 65535 65535 65535 65535 65535 65535 65535 65535 65535 65535 65535 65535 65535 65535 65535 65535 121 121 121 121 121 121 121 121 121 121 121 121 121 121 121 119 118 116 114 113 111 110 108 106 105 103 102 100 99 99 99 99 99 99 99 99 98 98 98 98 98 98 98 96 95 94 92 91 89 88 87 85 84 83 81 80 79 78 76 75 74 73 72 71 69 68 67 66 65 64 63 64 64 64 64
65535 65535 65535 65535 65535 65535 65535 65535 65535 65535 65535 65535 65535 65535 65535 65535 65535 65535 65535 65535 65535 121 121 121 121 121 121 121 121 121 121 121 121 121 121 121 119 118 117 115 114 113 111 110 108 107 106 104 103 102 102 102 102 102 102 102 102 102 102 102 102 101 101 101 99 98 96 95 93 92 91 89 88 86 85 83 82 80 79 78 77 75 74 73 72 70 69 68 67 65 64 64 64 64 65 65
65535 65535 65535 65535 65535 65535 65535 65535 65535 65535 65535 65535 65535 65535 65535 65535 65535 65535 65535 65535 65535 121 121 121 121 121 121 121 121 121 121 121 121 121 121 121 119 118 117 116 115 113 112 111 110 109 107 106 105 104 104 104 104 104 104 104 104 104 104 104 104 104 104 103 102 100 99 97 96 94 93 92 90 89 87 86 84 83 82 80 79 78 77 76 74 73 72 71 70 69 67 67 67 67 67 68
65535 65535 65535 65535 65535 65535 65535 65535 65535 65535 65535 65535 65535 65535 65535 65535 65535 65535 65535 65535 65535 121 121 121 121 121 121 121 121 121 121 121 121 121 121 120 119 118 117 116 115 114 113 111 110 109 108 107 106 105 105 105 105 105 105 105 106 106 106 106 106 106 106 105 104 103 101 100 98 97 96 94 93 91 90 88 87 86 85 84 83 82 81 80 79 78 77 76 75 74 73 73 73 73 73 73
65535 65535 65535 65535 65535 65535 65535 65535 65535 65535 65535 65535 65535 65535 65535 65535 65535 65535 65535 65535 65535 121 121 121 121 121 121 121 121 121 121 121 121 121 120 120 119 118 117 116 115 114 113 112 111 110 109 108 107 106 106 106 106 107 107 107 107 107 107 107 108 108 108 107 106 105 103 102 101 99 98 97 95 94 93 91 90 89 88 88 87 86 85 84 84 83 82 81 81 80 79 79 79 78 78 78
65535 65535 65535 65535 65535 65535 65535 65535 65535 65535 65535 65535 65535 65535 65535 65535 65535 65535 65535 65535 65535 121 121 121 121 121 121 121 121 121 120 120 120 120 120 120 119 118 117 116 115 114 113 112 111 111 110 109 108 107 107 107 108 108 108 108 108 109 109 109 109 109 110 109 108 107 106 104 103 102 101 99 98 97 96 94 93 92 92 91 91 90 89 89 88 88 87 87 86 85 85 85 84 84 84 84
65535 65535 65535 65535 65535 65535 65535 65535 65535 65535 65535 65535 65535 65535 65535 65535 65535 65535 65535 65535 65535 121 121 121 121 121 121 121 120 120 120 120 120 120 120 120 119 118 117 116 115 115 114 113 112 111 110 109 109 108 108 109 109 109 109 110 110 110 110 111 111 111 112 111 110 109 108 107 105 104 103 102 101 100 99 97 96 95 95 95 94 94 94 93 93 93 92 92 91 91 91 90 90 90 89 89
65535 65535 65535 65535 65535 65535 65535 65535 65535 65535 65535 65535 65535 65535 65535 65535 65535 65535 65535 65535 65535 121 121 121 121 121 121 120 120 120 120 120 120 120 120 120 119 118 117 116 116 115 114 113 113 112 111 110 110 109 109 110 110 110 111 111 111 112 112 112 113 113 113 113 112 111 110 109 108 107 106 105 104 102 101 100 99 99 98 98 98 98 98 98 98 97 97 97 97 97 97 96 96 95 95 94
65535 65535 65535 65535 65535 65535 65535 65535 65535 65535 65535 65535 65535 65535 65535 65535 65535 65535 65535 65535 65535 121 121 121 121 121 120 120 120 120 120 120 120 120 120 119 119 118 117 117 116 115 115 114 113 112 112 111 110 110 110 111 111 112 112 113 113 113 114 114 115 115 115 115 114 113 112 111 110 109 108 107 106 105 104 103 102 102 102 102 102 102 102 102 102 102 102 102 102 102 102 102 101 101 100 100
65535 65535 65535 65535 65535 65535 65535 65535 65535 65535 65535 65535 65535 65535 65535 65535 65535 65535 65535 65535 65535 121 121 121 121 121 120 120 120 120 120 120 120 119 119 119 118 118 117 117 116 116 115 114 114 113 113 112 111 111 112 112 113 113 113 114 114 115 115 116 116 117 117 117 116 115 114 113 113 112 111 110 109 108 107 106 105 105 105 105 106 106 106 107 107 107 107 108 108 108 108 108 107 106 106 105
65535 65535 65535 65535 65535 65535 65535 65535 65535 65535 65535 65535 65535 65535 65535 65535 65535 65535 65535 65535 65535 121 121 121 121 120 120 120 120 120 120 120 119 119 119 119 118 118 117 117 116 116 115 115 114 114 113 113 112 112 113 113 114 114 115 115 116 116 117 117 118 119 119 119 118 117 117 116 115 114 113 112 112 111 110 109 108 108 109 109 110 110 110 111 111 112 112 113 113 114 114 114 113 112 111 110
65535 65535 65535 65535 65535 65535 65535 65535 65535 65535 65535 65535 65535 65535 65535 65535 65535 65535 65535 65535 65535 121 121 121 121 120 120 120 120 120 120 119 119 119 119 119 118 118 117 117 117 116 116 115 115 114 114 114 113 113 114 114 115 116 116 117 117 118 119 119 120 120 121 121 120 120 119 118 117 117 116 115 114 114 113 112 111 111 112 113 113 114 115 115 116 117 117 118 119 119 120 120 119 118 117 116
65535 65535 65535 65535 65535 65535 65535 65535 65535 65535 65535 65535 65535 65535 65535 65535 65535 65535 65535 65535 65535 121 121 121 120 120 120 120 120 120 119 119 119 119 119 118 118 118 117 117 117 116 116 116 115 115 115 114 114 114 115 115 116 117 117 118 119 120 120 121 122 122 123 123 122 122 121 120 120 119 118 118 117 116 116 115 114 114 115 116 117 118 119 120 121 121 122 123 124 125 126 126 124 123 122 121
65535 65535 65535 65535 65535 65535 65535 65535 65535 65535 65535 65535 65535 65535 65535 65535 65535 65535 65535 65535 65535 121 121 121 120 120 120 120 120 119 119 119 119 119 118 118 118 118 117 117 117 117 116 116 116 116 116 115 115 115 116 117 117 118 119 120 120 121 122 123 123 124 125 125 124 124 123 123 122 121 121 120 120 119 119 118 117 118 119 120 121 122 123 124 125 126 127 128 130 131 132 131 130 129 127 126
65535 65535 65535 65535 65535 65535 65535 65535 65535 65535 65535 65535 65535 65535 65535 65535 65535 65535 65535 65535 65535 121 121 121 120 120 120 120 119 119 119 119 119 118 118 118 118 118 117 117 117 117 117 117 117 116 116 116 116 116 117 118 119 119 120 121 122 123 123 124 125 126 127 127 126 126 125 125 124 124 123 123 122 122 121 121 120 121 122 123 125 126 127 129 130 131 132 134 135 136 138 137 136 134 133 131
