pluvio/pluvio-262.asc
ncols         252
nrows         154
xllcorner     -0.5
yllcorner     -153.5
cellsize      1
NODATA_value  -9999
[rows 0 to 54 of 154, columns 0 to 95 of 252]
24 24 25 26 26 28 29 30 31 32 33 35 39 43 46 50 54 58 61 63 65 68 70 73 75 77 78 79 80 81 82 83 85 87 89 91 93 95 97 97 97 96 95 94 94 93 94 96 98 100 101 103 105 102 97 93 89 84 80 76 76 77 78 79 80 81 82 87 91 96 101 105 110 115 117 119 121 123 125 127 129 130 131 132 134 135 136 137 139 142 144 146 149 151 153 148
25 25 25 25 26 27 29 30 31 33 34 36 40 44 47 51 54 58 61 64 66 69 72 75 77 79 80 81 82 83 84 85 87 89 91 93 96 98 100 100 99 98 97 96 95 94 95 97 99 100 102 103 105 102 97 93 88 84 79 75 74 75 75 76 76 77 77 82 87 91 96 101 106 111 114 117 119 122 125 128 130 131 132 132 133 134 134 135 138 140 142 145 147 150 151 146
26 25 25 25 26 27 29 30 32 34 35 38 41 45 48 52 55 59 62 65 68 70 73 76 79 81 82 83 84 85 87 88 90 92 94 96 98 100 102 102 101 100 99 98 97 96 97 98 99 101 102 104 105 101 97 92 87 83 78 73 73 73 72 72 72 72 72 77 82 87 92 97 103 108 111 115 118 122 125 128 132 132 132 132 132 133 133 133 136 138 141 143 146 148 150 144
27 26 25 25 25 27 29 31 33 35 36 39 42 46 49 52 56 59 62 65 69 72 75 78 81 83 84 86 87 88 89 90 92 94 96 98 100 103 105 104 103 102 101 99 98 97 98 99 100 101 103 104 105 101 96 91 87 82 77 72 71 70 70 69 68 67 67 72 77 82 88 93 99 104 108 113 117 121 125 129 133 133 133 132 132 131 131 131 134 136 139 142 144 147 149 142
27 26 26 25 26 28 30 33 35 37 39 42 46 49 53 56 60 63 66 69 72 75 77 80 83 85 86 87 88 90 91 92 94 96 98 100 102 103 105 105 104 102 101 100 98 97 97 98 99 100 101 102 102 99 94 90 86 81 77 72 71 70 69 68 67 66 65 70 75 80 85 90 95 100 105 109 113 117 121 125 130 129 129 129 128 128 128 128 130 133 136 139 141 144 146 139
28 27 26 26 27 30 32 35 38 41 44 48 51 55 59 63 67 71 73 75 77 79 81 83 85 86 87 89 90 91 92 94 95 97 98 100 101 103 104 104 102 101 100 98 97 96 96 96 97 97 97 98 98 95 91 88 84 81 77 74 72 71 70 69 69 68 67 71 75 79 84 88 92 97 100 104 107 111 114 118 121 121 122 122 122 122 123 123 126 129 131 134 137 140 141 135
28 28 27 26 28 31 35 38 42 45 49 53 57 61 65 70 74 78 80 81 82 83 84 85 86 87 89 90 91 93 94 95 96 98 99 100 101 102 104 103 101 100 99 97 96 95 94 94 94 94 94 93 93 91 88 86 83 80 77 75 74 73 72 71 70 69 68 72 75 79 82 86 89 93 95 98 101 104 107 110 113 114 114 115 116 117 118 119 122 124 127 130 133 135 137 132
29 28 27 27 29 33 37 41 45 49 54 58 63 67 72 76 81 85 87 87 87 87 87 87 88 88 90 91 93 94 95 97 98 98 99 100 101 102 103 102 100 99 98 96 95 93 92 92 91 91 90 89 89 87 85 83 81 80 78 76 75 74 73 72 72 71 70 73 75 78 81 83 86 89 91 93 95 98 100 102 104 106 107 109 110 111 113 114 117 120 123 126 128 131 133 128
30 29 28 27 29 34 39 44 49 54 58 63 68 73 78 83 88 93 94 93 93 92 91 90 89 90 91 93 94 95 97 98 99 99 100 100 101 101 102 101 99 98 96 95 93 92 91 90 89 88 86 85 84 83 82 81 80 79 78 77 76 75 75 74 73 72 72 73 75 77 79 81 83 85 86 88 90 91 93 94 96 98 100 102 104 106 108 110 113 115 118 121 124 127 129 124
30 29 29 28 30 36 41 47 52 58 63 68 74 79 84 90 95 100 101 99 98 96 94 92 91 91 92 94 95 97 98 100 100 100 100 100 101 101 101 100 98 97 95 94 92 91 89 88 86 84 83 81 80 79 79 79 79 78 78 78 77 77 76 75 75 74 73 74 75 77 78 79 80 81 82 83 84 85 86 87 87 90 93 95 98 100 103 105 108 111 114 117 120 123 125 120
31 30 29 28 31 37 43 50 56 62 68 74 79 85 91 96 102 108 108 106 103 100 97 95 92 92 94 95 97 98 100 101 101 101 101 101 100 100 100 99 97 96 94 93 91 89 88 85 83 81 79 77 75 75 76 77 77 78 78 79 79 78 77 77 76 76 75 75 76 76 76 76 77 77 77 77 78 78 78 79 79 82 85 88 92 95 98 101 104 107 110 113 115 118 121 116
33 33 32 31 34 40 46 52 58 64 70 76 82 87 92 98 103 109 109 106 104 101 98 95 93 93 94 96 98 99 101 102 102 102 102 101 101 100 100 99 97 95 94 92 90 89 86 84 82 79 77 74 72 72 73 74 75 75 76 77 77 76 75 75 74 73 73 73 73 73 73 73 73 73 73 73 74 74 74 74 74 78 81 85 88 92 95 99 102 104 107 110 113 116 118 114
37 37 36 35 38 43 49 55 60 66 72 77 81 86 91 95 100 105 105 103 101 99 97 95 93 93 95 97 98 100 101 103 103 103 102 102 101 101 101 99 97 96 94 92 90 88 86 83 81 78 75 73 70 70 70 71 71 72 72 73 72 71 71 70 69 68 68 68 68 68 68 69 69 69 70 70 71 71 71 72 72 76 80 84 87 91 95 98 101 104 106 109 111 114 116 112
41 40 40 39 41 46 52 57 62 67 73 77 81 85 89 93 97 101 102 100 99 97 96 95 93 94 95 97 99 101 102 104 104 104 103 103 102 102 101 100 98 96 94 92 90 88 85 82 80 77 74 71 68 68 68 68 68 68 68 68 67 67 66 65 64 63 62 63 63 63 64 64 65 65 66 67 68 68 69 70 71 75 79 83 86 90 94 98 101 103 105 107 110 112 114 111
45 44 44 43 45 50 55 59 64 69 74 78 81 84 87 91 94 97 98 97 96 96 95 94 93 94 96 98 99 101 103 105 105 104 104 103 103 102 102 100 98 96 94 92 90 88 85 82 79 75 72 69 66 65 65 65 65 64 64 64 63 62 61 60 59 58 57 57 58 59 59 60 61 61 62 63 65 66 67 68 69 73 77 81 86 90 94 98 100 102 104 106 108 110 112 110
49 48 48 47 49 53 57 62 66 70 75 78 81 83 86 88 91 93 94 94 94 94 94 94 93 95 96 98 100 102 104 105 106 105 105 104 104 103 103 101 99 96 94 92 90 87 84 81 78 74 71 68 64 63 62 62 61 60 60 59 58 57 56 55 54 53 52 52 53 54 55 56 57 58 59 60 62 63 64 65 67 71 76 80 85 89 93 98 99 101 103 105 106 108 110 108
53 52 52 51 52 56 60 64 68 72 76 78 80 82 84 86 87 89 90 91 91 92 93 93 94 95 97 99 101 103 104 106 106 106 105 105 104 104 103 101 99 97 94 92 89 87 84 80 77 73 69 66 62 61 60 59 58 57 56 55 54 52 51 50 49 48 46 47 48 49 51 52 53 54 55 57 59 60 62 63 65 70 74 79 84 88 93 97 99 100 102 103 105 106 108 107
57 56 55 55 56 60 63 66 70 73 77 79 80 81 82 83 84 85 87 88 89 90 91 93 94 96 97 99 101 103 105 107 107 107 106 106 105 105 104 102 99 97 94 92 89 87 83 79 76 72 68 64 60 59 57 56 54 53 52 50 49 48 46 45 44 42 41 42 43 45 46 47 49 50 52 54 56 57 59 61 63 68 73 78 83 88 93 97 98 100 101 102 103 105 106 105
58 57 56 55 56 60 63 66 70 73 76 78 79 80 81 81 82 83 84 86 87 88 90 91 92 94 96 98 101 103 105 107 107 106 106 105 104 104 103 101 98 96 93 91 88 86 82 78 74 70 67 63 59 57 55 54 52 50 49 47 46 45 44 42 41 40 39 40 41 43 44 46 47 49 51 53 55 57 59 61 63 68 73 78 83 89 94 99 99 100 101 101 102 103 103 103
57 56 55 53 55 58 61 65 68 71 75 77 78 78 79 80 81 82 83 84 85 86 88 89 90 92 94 97 99 101 104 106 106 105 104 103 102 101 100 98 96 94 91 89 87 84 81 77 73 69 65 61 57 55 54 52 50 49 47 45 44 43 42 41 40 39 38 40 41 43 44 46 48 49 51 53 55 57 60 62 64 69 75 80 85 91 96 101 101 101 101 101 101 101 101 101
57 55 53 52 53 56 60 63 66 70 73 75 76 77 78 79 79 80 81 82 83 84 85 86 88 90 92 95 97 100 103 105 105 104 103 102 100 99 98 96 94 92 90 87 85 83 80 76 72 68 64 60 56 54 52 50 49 47 45 43 43 42 41 40 39 39 38 39 41 43 44 46 48 49 52 54 56 58 60 62 65 70 76 81 87 93 98 103 103 102 101 100 100 99 98 99
56 54 52 50 51 54 58 61 65 68 72 74 75 75 76 77 78 79 80 80 81 82 83 84 85 87 90 93 96 99 102 104 104 103 101 100 99 97 96 94 92 90 88 86 84 82 78 74 70 66 62 58 55 52 51 49 47 45 43 42 41 40 40 39 39 38 37 39 41 43 44 46 48 50 52 54 57 59 61 63 66 71 77 83 89 95 100 106 104 103 101 100 98 97 96 97
55 53 50 48 49 52 56 60 63 67 70 73 73 74 75 76 76 77 78 79 80 80 81 82 83 85 88 91 94 97 100 104 103 102 100 98 97 95 93 92 90 88 86 84 82 81 77 73 69 65 61 57 53 51 49 47 45 43 42 40 39 39 38 38 38 37 37 39 41 43 44 46 48 50 53 55 57 59 62 64 66 72 78 85 91 97 103 108 106 104 101 99 97 95 93 95
55 52 49 46 47 50 54 58 62 65 69 71 72 73 73 74 75 76 76 77 78 78 79 80 80 83 86 89 93 96 99 103 102 100 99 97 95 93 91 89 88 86 84 83 81 79 76 72 68 64 60 56 52 49 48 46 44 42 40 38 37 37 37 37 37 37 36 38 40 42 44 47 49 51 53 55 58 60 62 65 67 74 80 86 92 99 105 110 107 105 102 99 96 93 91 93
54 51 48 44 45 49 52 56 60 64 68 70 70 71 72 73 73 74 75 75 76 76 77 77 78 80 84 87 91 95 98 102 101 99 97 95 93 91 89 87 85 84 82 81 79 78 74 70 66 62 58 54 50 48 46 44 42 40 38 36 36 36 36 36 36 36 36 38 40 42 45 47 49 51 53 56 58 61 63 66 68 75 81 88 94 101 107 113 109 105 102 98 95 91 88 90
53 50 47 44 44 48 52 56 61 65 69 71 72 73 74 75 75 76 77 77 77 78 78 78 78 81 84 87 90 94 97 100 100 97 95 93 91 89 87 85 84 82 81 80 78 77 73 69 66 62 58 54 50 48 46 44 42 40 38 36 36 36 36 37 37 37 37 39 41 43 46 48 50 52 55 57 60 62 65 67 70 76 82 89 95 101 108 113 110 106 102 99 95 91 88 91
51 49 46 44 45 49 53 58 62 66 71 73 75 76 77 78 79 80 81 81 81 81 81 81 81 83 85 88 90 93 95 98 97 95 93 91 89 88 86 84 83 81 80 78 77 76 72 69 65 61 58 54 50 48 47 45 43 42 40 38 38 38 38 38 39 39 39 41 43 45 47 49 51 53 56 59 61 64 66 69 72 78 84 90 96 102 108 113 110 107 103 100 96 93 90 92
49 47 45 43 45 50 54 59 64 68 73 76 77 79 80 82 83 84 85 85 84 84 84 84 83 84 86 88 90 92 94 95 95 93 91 90 88 86 84 83 81 80 79 77 76 75 72 68 65 61 57 54 50 49 47 46 44 43 42 40 40 40 40 40 40 40 40 42 44 46 48 51 53 55 57 60 63 66 68 71 74 79 85 91 97 102 108 113 110 107 104 101 98 95 92 94
48 46 45 43 45 50 55 60 65 70 75 78 80 82 83 85 87 88 89 88 88 87 87 86 86 86 87 89 90 91 92 93 92 91 89 88 86 85 83 82 80 79 78 76 75 74 71 67 64 61 57 54 51 49 48 47 46 44 43 42 42 42 42 42 42 42 42 44 46 48 50 52 54 56 59 62 64 67 70 73 76 81 87 92 97 103 108 113 110 107 105 102 99 96 94 95
46 45 44 43 46 51 56 62 67 72 78 81 83 85 87 89 91 93 93 92 91 90 90 89 88 88 89 89 89 90 90 91 90 89 87 86 84 83 82 80 79 78 76 75 74 73 70 67 63 60 57 54 51 49 48 48 47 46 45 44 44 44 44 44 44 44 44 46 48 50 51 53 55 57 60 63 66 69 72 75 78 83 88 93 98 103 108 113 110 108 105 103 100 98 96 97
44 44 43 43 46 51 57 63 69 74 80 84 86 88 90 92 94 97 97 96 95 94 93 92 91 90 90 90 89 89 89 89 88 86 85 84 83 82 80 79 78 77 75 74 73 72 69 66 63 60 57 54 51 50 49 48 48 47 47 46 46 46 46 46 46 46 46 47 49 51 53 55 57 59 62 65 68 71 74 77 80 84 89 94 99 104 108 113 111 108 106 104 102 100 98 98
43 43 43 43 46 52 58 64 70 76 82 86 89 91 93 96 98 101 101 99 98 97 96 94 93 92 91 90 89 88 87 86 85 84 83 82 81 80 79 78 77 75 74 73 72 71 68 65 62 60 57 54 51 50 50 49 49 49 48 48 48 48 48 47 47 47 47 49 51 53 54 56 58 60 63 66 69 72 75 79 82 86 91 95 100 104 109 113 111 109 107 105 103 101 100 100
43 44 44 44 47 53 59 65 71 77 83 87 90 92 94 97 99 102 102 101 99 98 97 96 95 94 93 92 91 90 90 89 88 86 85 84 82 81 80 78 77 76 74 73 72 70 68 65 63 60 57 55 52 51 51 51 50 50 49 49 49 49 49 49 49 49 48 50 52 54 56 57 59 61 64 67 70 73 76 79 82 86 90 95 99 103 107 111 109 107 106 104 102 100 99 99
45 46 46 46 49 55 61 67 73 78 84 88 90 92 95 97 99 101 102 101 100 99 98 98 97 96 96 95 95 94 94 93 92 90 88 86 85 83 81 79 78 76 75 73 72 70 68 66 63 61 58 56 54 53 52 52 52 51 51 50 50 50 50 50 50 50 49 51 53 55 57 58 60 62 65 68 70 73 76 79 82 86 89 93 97 101 105 108 107 105 103 102 100 99 97 97
47 47 48 48 51 57 62 68 74 79 85 89 91 93 95 97 99 101 101 101 100 100 100 99 99 99 98 98 98 98 98 98 96 94 91 89 87 85 82 81 79 77 76 74 72 71 68 66 64 62 60 57 55 54 54 53 53 52 52 51 51 51 51 51 51 51 50 52 54 56 58 59 61 63 66 68 71 73 76 79 81 85 88 92 95 99 102 106 104 103 101 100 98 97 95 95
49 49 50 50 53 59 64 69 75 80 86 89 91 93 95 97 99 100 101 101 101 101 101 101 101 101 101 101 101 102 102 102 100 97 95 92 89 87 84 82 80 78 76 74 73 71 69 67 65 63 61 59 57 56 55 55 54 54 53 52 52 52 52 52 52 51 51 53 55 57 59 60 62 64 66 69 71 74 76 79 81 84 87 91 94 97 100 103 102 100 99 98 96 95 94 94
51 51 51 52 55 60 65 71 76 81 87 90 92 93 95 97 98 100 101 101 101 102 102 102 103 103 104 104 105 105 106 107 104 101 98 95 92 88 85 83 81 79 77 75 73 71 69 67 65 64 62 60 58 57 57 56 55 55 54 53 53 53 53 53 53 52 52 54 56 58 60 61 63 65 67 70 72 74 76 78 81 84 86 89 92 95 98 100 99 98 97 95 94 93 92 92
52 53 53 54 57 62 67 72 77 82 87 91 92 94 95 97 98 100 101 101 102 103 103 104 105 105 106 107 108 109 110 111 109 105 101 98 94 90 87 84 82 80 77 75 73 71 69 68 66 64 63 61 60 59 58 57 57 56 55 55 54 54 54 54 54 53 53 55 57 59 60 62 64 66 68 70 72 74 76 78 80 83 85 88 91 93 96 98 97 96 94 93 92 91 90 90
54 55 55 56 59 64 69 73 78 83 88 91 93 94 95 97 98 99 100 101 102 103 104 105 106 108 109 110 112 113 114 115 113 109 105 100 96 92 88 85 83 80 78 76 73 71 69 68 67 65 64 63 61 60 60 59 58 57 56 56 55 55 55 55 55 54 54 56 58 60 61 63 65 67 69 71 73 74 76 78 80 82 85 87 89 91 93 95 94 93 92 91 90 89 88 88
54 55 55 56 59 63 68 72 77 82 86 89 90 92 93 94 96 97 98 100 101 102 103 105 106 107 109 110 112 113 115 116 114 110 106 102 99 95 91 88 85 83 80 77 74 72 70 68 67 66 64 63 61 60 60 59 59 58 57 57 57 57 57 57 57 58 58 59 61 63 64 66 68 69 71 72 74 75 77 78 80 82 84 86 88 90 92 94 93 92 91 90 89 89 88 88
53 54 55 55 58 62 66 70 75 79 83 86 87 88 90 91 93 94 96 97 99 100 102 103 105 106 108 109 111 112 114 115 113 110 107 104 101 98 95 92 89 85 82 79 76 72 70 69 67 66 64 62 61 60 60 60 59 59 58 58 58 59 60 60 61 61 62 63 65 66 68 69 71 72 73 74 75 76 78 79 80 82 84 85 87 89 91 93 92 91 91 90 89 88 88 88
53 53 54 55 57 61 65 68 72 76 80 82 84 85 87 88 90 91 93 95 96 98 100 102 103 105 107 108 110 111 113 114 113 111 108 106 104 101 99 95 92 88 84 81 77 73 71 69 67 66 64 62 60 60 60 60 60 59 59 59 60 61 62 63 64 65 66 68 69 70 71 72 73 75 75 76 77 78 78 79 80 81 83 85 87 88 90 91 91 90 90 89 89 88 88 88
52 53 54 54 56 60 63 66 70 73 76 79 80 82 84 85 87 88 90 92 94 96 98 100 102 104 105 107 109 110 112 114 113 111 109 108 106 104 103 99 95 91 86 82 78 74 72 70 68 66 64 62 60 60 60 60 60 60 60 60 62 63 65 66 68 69 71 72 73 74 75 75 76 77 78 78 78 79 79 79 80 81 83 84 86 87 89 90 90 90 89 89 89 88 88 88
51 52 53 54 56 59 62 65 67 70 73 75 77 79 80 82 84 85 87 90 92 94 96 99 101 103 104 106 108 110 111 113 113 112 111 109 108 107 106 103 98 93 89 84 79 75 72 70 68 66 64 62 60 60 60 60 61 61 61 62 63 65 67 69 71 73 75 76 77 77 78 79 79 80 80 80 80 80 80 80 80 81 82 84 85 86 88 89 89 89 89 88 88 88 88 88
51 52 52 53 55 58 60 63 65 68 70 72 74 76 77 79 81 83 85 87 90 92 95 97 99 102 103 105 107 109 110 112 112 112 112 111 111 110 110 106 101 96 91 86 81 75 73 70 68 66 64 62 59 59 60 60 61 62 62 63 65 67 70 72 75 77 79 80 80 81 81 82 82 83 82 82 81 81 80 80 79 81 82 83 84 86 87 88 88 88 88 88 88 88 88 88
50 51 52 53 54 57 59 61 63 65 67 69 71 72 74 76 78 80 82 85 87 90 93 96 98 100 102 104 106 108 110 111 112 112 113 113 113 114 114 110 104 99 93 87 82 76 73 71 68 66 64 61 59 59 60 61 62 62 63 64 66 69 72 75 78 81 84 84 84 85 85 85 85 85 85 84 83 82 81 80 79 80 81 83 84 85 86 87 87 87 87 87 88 88 88 88
48 49 50 51 52 54 56 58 60 62 64 66 68 70 72 75 77 79 81 84 87 89 92 95 97 99 101 103 104 106 107 109 110 110 110 110 111 111 111 107 102 96 91 85 80 75 72 70 67 65 63 61 59 59 60 61 62 64 65 66 69 72 75 78 81 85 88 88 88 88 88 88 88 88 87 86 85 83 82 81 79 80 81 82 83 84 85 85 86 86 87 87 88 88 89 89
46 47 48 49 50 52 54 56 57 59 61 63 66 68 71 74 76 79 81 84 86 89 92 94 97 98 100 101 102 103 105 106 106 106 107 107 107 107 107 103 98 93 88 83 77 72 70 68 66 64 63 61 59 60 61 62 64 65 66 67 71 74 78 81 85 88 92 92 92 92 92 92 92 91 90 88 86 85 83 81 80 80 81 81 82 83 83 84 85 86 86 87 88 89 90 90
44 45 46 47 48 50 51 53 55 57 58 61 64 67 70 73 76 78 81 84 86 89 91 94 96 98 98 99 100 101 102 103 103 103 103 103 103 103 103 99 94 90 85 80 75 70 68 66 65 63 62 60 59 60 62 63 65 66 68 69 73 77 81 84 88 92 96 96 96 96 95 95 95 95 92 90 88 86 84 82 80 80 81 81 81 82 82 82 84 85 86 87 89 90 91 91
42 43 44 44 46 47 49 51 52 54 55 58 61 65 68 72 75 78 81 83 86 88 91 93 95 97 97 98 98 99 99 100 100 100 100 99 99 99 99 95 91 86 82 77 72 68 66 65 64 62 61 60 59 60 62 64 66 68 69 71 75 79 83 88 92 96 100 100 100 99 99 98 98 98 95 93 90 88 85 82 80 80 80 80 80 80 81 81 82 84 86 87 89 91 92 91
40 41 41 42 43 45 47 48 50 51 53 55 59 63 67 70 74 78 81 83 86 88 90 92 95 96 96 96 96 97 97 97 97 96 96 96 95 95 95 91 87 83 78 74 70 66 64 63 62 62 61 60 59 61 63 65 67 69 71 73 77 82 86 91 95 100 104 104 103 103 102 102 101 101 98 95 92 89 86 83 80 80 80 80 80 79 79 79 81 83 85 87 89 91 93 92
38 39 39 40 41 43 44 46 47 48 50 53 57 61 65 69 74 78 81 83 85 87 90 92 94 95 95 94 94 94 94 94 94 93 93 92 91 91 90 87 83 79 75 71 67 63 62 62 61 61 60 60 59 61 63 66 68 70 73 75 79 84 89 94 99 103 108 108 107 106 106 105 104 104 100 97 94 90 87 84 80 80 80 79 79 78 78 78 80 83 85 87 90 92 94 93
36 36 37 38 39 40 42 43 44 46 47 50 55 59 64 68 73 78 81 83 85 87 89 91 93 94 93 93 92 92 91 91 90 90 89 88 88 87 86 83 80 76 72 68 65 61 60 60 60 60 60 59 59 61 64 66 69 72 74 77 81 87 92 97 102 107 112 112 111 110 109 108 108 107 103 99 96 92 88 84 80 80 79 79 78 77 77 76 79 82 85 87 90 93 95 94
35 35 35 36 37 38 39 40 42 43 44 47 52 56 60 65 69 73 76 78 80 82 84 86 87 88 88 88 88 88 88 88 87 86 86 85 84 83 82 79 76 73 70 66 63 60 59 59 60 60 60 60 60 62 65 67 70 73 75 78 83 87 92 97 102 107 111 111 110 109 109 108 107 106 103 99 95 92 88 84 81 80 79 78 77 76 76 75 78 80 83 86 89 91 94 92
34 34 34 34 34 36 37 38 39 40 42 44 48 52 56 60 64 68 71 72 74 76 77 79 80 81 82 83 83 84 85 85 85 83 82 81 80 79 77 75 73 70 67 65 62 59 59 59 59 60 60 60 60 63 65 68 71 74 77 80 84 88 92 97 101 105 109 109 108 108 107 106 106 105 102 98 95 91 88 85 81 80 79 78 77 76 74 74 76 79 81 84 87 89 92 90
