pluvio/pluvio-44.asc
ncols         252
nrows         154
xllcorner     -18.017974
yllcorner     13.481982
cellsize      0.035948
NODATA_value  -9999
[rows 0 to 44 of 154, columns 96 to 191 of 252]
14 14 14 14 14 14 13 13 13 13 14 15 15 16 16 17 17 18 18 19 20 20 21 21 22 23 23 24 25 25 26 27 27 28 29 29 30 30 31 31 32 32 32 33 33 34 34 34 35 35 36 36 37 38 39 39 40 41 41 42 43 44 44 45 46 46 47 48 48 49 49 50 50 51 52 52 53 53 54 54 55 55 55 55 56 56 56 57 57 57 58 58 58 58 58 57
15 15 15 15 15 14 14 14 14 14 15 16 16 17 18 18 19 19 20 21 21 22 23 23 24 25 26 26 27 28 28 29 30 31 31 32 33 33 33 34 34 34 35 35 35 36 36 36 37 37 37 38 39 39 40 40 41 42 42 43 44 44 45 46 46 47 48 48 49 49 50 50 51 51 52 53 53 54 54 55 55 55 56 56 56 56 57 57 57 58 58 58 58 58 58 57
16 16 16 16 15 15 15 15 15 15 16 17 17 18 19 20 20 21 22 22 23 24 25 25 26 27 28 28 29 30 31 31 32 33 34 35 35 36 36 36 36 37 37 37 37 38 38 38 38 39 39 39 40 41 41 42 42 43 44 44 45 45 46 46 47 48 48 49 49 50 50 51 51 52 53 53 54 54 55 55 55 56 56 56 56 57 57 57 58 58 58 59 59 58 58 58
17 17 17 16 16 16 16 16 16 16 17 18 19 19 20 21 22 23 23 24 25 26 27 27 28 29 30 31 31 32 33 34 35 36 36 37 38 38 38 39 39 39 39 39 39 40 40 40 40 40 40 41 41 42 42 43 44 44 45 45 46 46 47 47 48 48 49 49 50 50 51 51 52 52 53 54 54 55 55 55 56 56 56 56 57 57 57 58 58 58 59 59 59 59 58 58
18 18 17 17 17 17 17 17 17 17 18 19 20 21 22 22 23 24 25 26 27 28 28 29 30 31 32 33 34 35 35 36 37 38 39 40 41 41 41 41 41 41 41 41 41 42 42 42 42 42 42 42 43 43 44 44 45 45 46 46 47 47 47 48 48 49 49 50 50 51 51 52 52 53 53 54 54 55 55 56 56 56 57 57 57 57 58 58 58 59 59 59 59 59 58 58
19 18 18 18 18 18 18 18 18 18 19 20 21 22 23 24 25 26 27 28 28 29 30 31 32 33 34 35 36 37 38 39 40 40 41 42 43 43 43 43 43 43 43 44 44 44 44 44 44 44 44 44 44 45 45 46 46 46 47 47 47 48 48 49 49 49 50 50 51 51 52 52 53 53 54 54 55 55 56 56 56 57 57 57 57 58 58 58 59 59 59 59 59 59 59 58
19 19 19 19 19 19 19 19 18 19 20 21 22 23 24 25 26 27 28 29 30 31 32 33 34 35 36 37 38 39 40 41 42 43 44 45 46 46 46 46 46 46 46 46 46 46 45 45 45 45 45 46 46 46 46 47 47 47 48 48 48 49 49 49 50 50 51 51 51 52 52 53 53 54 54 55 55 56 56 56 57 57 57 58 58 58 58 59 59 59 59 60 60 59 59 59
20 20 20 20 20 20 20 19 19 20 21 22 23 24 26 27 28 29 30 31 32 33 34 35 36 37 38 39 40 41 42 43 44 45 46 47 49 49 48 48 48 48 48 48 48 47 47 47 47 47 47 47 47 47 48 48 48 48 49 49 49 49 50 50 50 51 51 52 52 52 53 53 54 54 55 55 56 56 57 57 57 57 58 58 58 58 59 59 59 59 60 60 60 60 59 59
22 22 22 22 22 22 21 21 21 22 23 24 25 27 28 29 30 31 32 34 35 36 37 38 39 40 41 42 43 44 45 46 47 47 48 49 50 50 50 50 50 49 49 49 49 48 48 48 48 47 47 47 48 48 48 48 48 48 49 49 49 49 49 49 50 50 51 51 51 52 52 53 53 54 54 55 55 56 56 56 57 57 57 57 57 58 58 58 58 59 59 59 59 59 59 58
23 23 23 23 23 23 23 23 23 24 25 26 28 29 30 31 32 34 35 36 37 39 40 41 42 42 43 44 45 46 47 48 49 49 50 51 52 52 52 51 51 51 50 50 50 49 49 49 48 48 48 48 48 48 48 48 48 48 48 49 49 49 49 49 49 50 50 50 51 51 52 52 53 53 54 54 55 55 55 56 56 56 56 57 57 57 57 58 58 58 58 59 59 58 58 58
25 25 25 25 25 25 25 25 25 26 27 28 30 31 32 34 35 36 37 39 40 41 43 43 44 45 46 47 47 48 49 50 51 52 52 53 54 54 53 53 52 52 52 51 51 50 50 49 49 49 48 48 48 48 48 48 48 48 48 48 48 48 49 49 49 49 50 50 50 51 51 52 52 53 53 54 54 54 55 55 55 56 56 56 56 57 57 57 57 58 58 58 58 58 57 57
27 27 27 27 27 27 27 27 27 28 29 31 32 33 35 36 37 39 40 41 43 44 45 46 47 48 48 49 50 51 51 52 53 54 54 55 56 55 55 54 54 53 53 52 52 51 51 50 50 49 49 48 48 48 48 48 48 48 48 48 48 48 48 48 48 49 49 49 50 50 51 51 52 52 53 53 53 54 54 55 55 55 55 55 56 56 56 56 57 57 57 57 58 57 57 57
28 28 28 28 28 29 29 29 29 30 31 33 34 35 37 38 40 41 42 44 45 47 48 49 50 50 51 52 52 53 54 54 55 56 56 57 58 57 56 56 55 55 54 53 53 52 51 51 50 50 49 49 49 49 49 48 48 48 48 48 48 48 48 48 48 48 48 49 49 50 50 51 51 52 52 52 53 53 54 54 54 54 55 55 55 55 56 56 56 56 57 57 57 57 56 56
30 30 30 30 30 30 30 31 31 32 33 35 36 38 39 41 42 43 45 46 48 49 51 52 52 53 53 54 55 55 56 56 57 58 58 59 59 59 58 57 57 56 55 54 54 53 52 52 51 50 49 49 49 49 49 49 48 48 48 48 48 48 47 47 47 48 48 48 49 49 50 50 51 51 51 52 52 53 53 53 54 54 54 54 55 55 55 55 56 56 56 56 56 56 56 56
31 31 32 32 32 32 32 32 33 34 35 37 38 40 41 43 44 46 47 49 51 52 54 54 55 55 56 56 57 58 58 59 59 60 60 61 61 61 60 59 58 57 56 56 55 54 53 52 52 51 50 50 49 49 49 49 48 48 48 48 47 47 47 47 47 47 47 48 48 49 49 50 50 50 51 51 52 52 53 53 53 53 53 54 54 54 54 55 55 55 55 56 56 56 55 55
33 33 33 33 34 34 34 34 35 36 37 39 40 42 44 45 47 48 50 52 53 55 56 57 58 58 58 59 59 60 60 61 61 62 62 63 63 62 61 60 59 59 58 57 56 55 54 53 52 51 50 50 50 49 49 49 48 48 48 48 47 47 47 46 46 46 47 47 48 48 49 49 49 50 50 51 51 52 52 52 52 53 53 53 53 54 54 54 54 55 55 55 55 55 55 55
34 35 35 35 35 36 36 36 36 38 39 41 43 44 46 48 49 51 53 54 56 57 59 60 60 61 61 61 62 62 62 63 63 64 64 64 65 64 63 62 61 60 59 58 57 56 55 54 53 52 51 50 50 50 49 49 48 48 48 47 47 47 46 46 46 46 46 47 47 48 48 48 49 49 50 50 51 51 51 52 52 52 52 53 53 53 53 53 54 54 54 54 55 54 54 54
36 36 36 37 37 37 38 38 38 40 41 43 45 46 48 50 52 53 55 57 58 60 62 63 63 63 63 64 64 64 65 65 65 66 66 66 67 66 65 63 62 61 60 59 58 57 56 55 53 52 51 51 50 50 49 49 49 48 48 47 47 46 46 45 45 45 46 46 47 47 48 48 48 49 49 50 50 50 51 51 51 51 52 52 52 52 53 53 53 53 54 54 54 54 54 54
37 38 38 38 39 39 39 40 40 42 43 45 47 49 50 52 54 56 58 59 61 63 65 65 65 66 66 66 66 67 67 67 67 68 68 68 68 67 66 65 64 63 61 60 59 58 56 55 54 53 52 51 51 50 50 49 49 48 48 47 47 46 45 45 45 45 45 46 46 47 47 47 48 48 49 49 49 50 50 50 51 51 51 51 52 52 52 52 53 53 53 53 53 53 53 53
39 39 40 40 40 41 41 42 42 43 45 47 49 51 53 55 56 58 60 62 64 66 67 68 68 68 68 69 69 69 69 69 70 70 70 70 70 69 68 66 65 64 63 61 60 59 57 56 55 53 52 51 51 50 50 49 49 48 47 47 46 46 45 45 44 44 45 45 46 46 46 47 47 48 48 48 49 49 50 50 50 50 51 51 51 51 51 52 52 52 52 53 53 53 53 52
40 41 41 42 42 43 43 44 44 45 47 49 51 53 55 57 59 61 63 64 66 68 70 71 71 71 71 71 71 71 71 72 72 72 72 72 72 71 69 68 67 65 64 62 61 60 58 57 55 54 53 52 51 51 50 49 49 48 47 47 46 45 45 44 43 44 44 45 45 45 46 46 47 47 47 48 48 49 49 49 50 50 50 50 50 51 51 51 51 52 52 52 52 52 52 52
42 42 43 43 44 44 45 45 46 47 49 51 53 55 57 59 61 63 65 67 69 71 73 73 73 73 73 73 73 73 73 73 73 74 74 74 74 72 71 69 68 66 65 63 62 60 59 57 56 54 53 52 52 51 50 49 49 48 47 47 46 45 44 44 43 43 44 44 45 45 45 46 46 46 47 47 48 48 48 49 49 49 49 50 50 50 50 50 51 51 51 51 52 51 51 51
42 43 43 44 44 45 45 46 46 48 50 51 53 55 57 59 61 63 65 67 69 71 73 73 73 73 73 74 74 74 74 74 74 74 74 74 74 73 72 70 69 67 66 64 63 61 60 58 57 55 54 53 52 51 51 50 49 48 47 47 46 45 44 44 43 43 43 44 44 44 45 45 45 46 46 46 47 47 47 48 48 48 48 48 49 49 49 49 49 50 50 50 50 50 50 50
42 43 43 44 45 45 46 46 47 48 50 52 54 56 58 59 61 63 65 67 69 71 73 73 73 74 74 74 74 74 74 74 74 75 75 75 75 74 72 71 69 68 66 65 63 62 60 59 57 56 54 53 53 52 51 50 49 48 48 47 46 45 44 43 43 43 43 43 44 44 44 44 45 45 45 46 46 46 46 47 47 47 47 47 47 48 48 48 48 48 49 49 49 49 49 49
43 43 44 44 45 45 46 47 47 48 50 52 54 56 58 60 62 64 65 67 69 71 73 73 74 74 74 74 74 74 75 75 75 75 75 75 75 74 73 71 70 68 67 65 64 62 61 59 58 57 55 54 53 52 51 51 50 49 48 47 46 45 44 43 42 43 43 43 43 43 44 44 44 44 44 45 45 45 45 45 46 46 46 46 46 47 47 47 47 47 47 48 48 48 48 48
43 44 44 45 45 46 46 47 47 49 51 53 54 56 58 60 62 64 66 67 69 71 73 74 74 74 74 74 75 75 75 75 75 76 76 76 76 75 73 72 70 69 67 66 65 63 62 60 59 57 56 55 54 53 52 51 50 49 48 47 46 45 44 43 42 42 42 43 43 43 43 43 43 44 44 44 44 44 44 44 45 45 45 45 45 45 46 46 46 46 46 46 46 47 47 47
43 44 45 45 46 46 47 47 48 49 51 53 55 57 59 60 62 64 66 68 70 71 73 74 74 74 74 75 75 75 75 76 76 76 76 76 77 75 74 73 71 70 68 67 65 64 62 61 59 58 56 55 54 53 52 51 50 49 48 47 46 45 44 43 42 42 42 42 42 42 43 43 43 43 43 43 43 43 43 43 44 44 44 44 44 44 44 45 45 45 45 45 45 46 46 46
44 44 45 46 46 47 47 48 48 50 52 53 55 57 59 61 62 64 66 68 70 72 73 74 74 74 75 75 75 75 76 76 76 76 77 77 77 76 75 73 72 70 69 67 66 64 63 61 60 59 57 56 55 54 53 52 51 49 48 47 46 45 44 43 42 42 42 42 42 42 42 42 42 42 42 42 42 42 42 42 42 43 43 43 43 43 43 43 43 44 44 44 44 44 45 45
44 45 45 46 46 47 48 48 49 50 52 54 56 57 59 61 63 65 66 68 70 72 73 74 74 75 75 75 76 76 76 76 77 77 77 78 78 77 75 74 72 71 69 68 67 65 64 62 61 59 58 57 55 54 53 52 51 50 49 47 46 45 44 43 42 42 42 41 41 41 41 41 41 41 41 41 41 41 41 41 41 42 42 42 42 42 42 42 42 42 42 43 43 43 44 44
45 45 46 46 47 47 48 49 49 51 52 54 56 58 59 61 63 65 67 68 70 72 74 74 75 75 75 76 76 76 76 77 77 77 78 78 78 77 76 74 73 71 70 69 67 66 64 63 61 60 59 57 56 55 54 52 51 50 49 47 46 45 44 43 41 41 41 41 41 41 41 41 41 41 41 40 40 40 40 40 40 40 41 41 41 41 41 41 41 41 41 41 41 42 42 43
45 45 46 47 47 48 49 49 50 51 53 55 56 58 60 62 63 65 67 68 70 72 74 74 75 75 75 76 76 77 77 77 78 78 78 79 79 78 76 75 74 72 71 69 68 66 65 64 62 61 59 58 57 55 54 53 51 50 49 48 46 45 44 42 41 41 41 41 41 40 40 40 40 40 40 40 39 39 39 39 39 39 39 39 40 40 40 40 40 40 40 40 40 41 41 42
45 46 46 47 48 48 49 50 50 52 53 55 57 58 60 62 64 65 67 69 70 72 74 74 75 75 76 76 76 77 77 78 78 78 79 79 80 78 77 76 74 73 71 70 68 67 66 64 63 61 60 59 57 56 54 53 52 50 49 48 46 45 44 42 41 41 41 40 40 40 40 40 39 39 39 39 38 38 38 38 38 38 38 38 38 38 39 39 39 39 39 39 39 40 40 41
46 46 47 47 48 49 49 50 51 52 54 55 57 59 60 62 64 65 67 69 71 72 74 75 75 76 76 76 77 77 78 78 79 79 79 80 80 79 78 76 75 73 72 71 69 68 66 65 63 62 61 59 58 56 55 53 52 51 49 48 46 45 44 42 41 40 40 40 40 39 39 39 39 38 38 38 38 37 37 37 37 37 37 37 37 37 37 37 37 37 37 37 38 38 39 40
46 47 47 48 48 49 50 50 51 52 54 56 57 59 61 62 64 66 67 69 71 72 74 75 75 76 76 77 77 78 78 79 79 79 80 80 81 80 78 77 75 74 73 71 70 68 67 66 64 63 61 60 58 57 55 54 52 51 49 48 46 45 43 42 41 40 40 40 39 39 39 38 38 38 37 37 37 36 36 36 36 36 36 36 36 36 36 36 36 36 36 36 36 37 38 39
46 47 48 48 49 50 50 51 52 53 54 56 58 59 61 63 64 66 68 69 71 73 74 75 75 76 76 77 77 78 78 79 79 80 80 81 81 80 79 77 76 75 73 72 70 69 68 66 65 63 62 60 59 57 56 54 53 51 50 48 46 45 43 42 40 40 40 39 39 38 38 38 37 37 37 36 36 35 35 35 35 35 35 35 35 35 35 35 35 35 35 35 35 36 37 38
47 47 48 49 49 50 51 51 52 53 55 57 58 60 61 63 65 66 68 69 71 73 74 75 76 76 77 77 78 78 79 79 80 80 81 81 82 81 79 78 77 75 74 72 71 70 68 67 66 64 63 61 60 58 56 55 53 52 50 48 47 45 44 42 40 40 40 39 39 38 38 37 37 37 36 36 35 35 34 34 34 34 34 34 34 34 34 34 34 34 34 34 34 35 36 37
47 48 48 49 50 51 51 52 53 54 55 57 59 60 62 63 65 66 68 70 71 73 74 75 76 76 77 77 78 78 79 79 80 80 81 82 82 81 80 78 77 76 74 73 72 70 69 68 66 65 64 62 61 59 57 56 54 53 51 50 48 46 45 43 42 41 41 40 40 39 39 38 38 37 37 37 36 36 35 35 35 35 35 35 35 35 35 35 35 35 35 35 35 36 37 38
48 48 49 50 50 51 52 53 53 54 56 58 59 61 62 64 65 67 68 70 71 73 74 75 76 76 77 77 78 78 79 80 80 81 81 82 82 81 80 79 78 76 75 74 72 71 70 69 67 66 65 63 62 60 59 57 55 54 52 51 49 47 46 44 43 42 42 41 41 40 40 39 39 38 38 37 37 36 36 36 36 36 36 36 36 36 36 36 36 36 36 36 36 37 37 38
48 49 50 50 51 52 52 53 54 55 57 58 59 61 62 64 65 67 68 70 71 73 74 75 76 76 77 77 78 78 79 80 80 81 81 82 82 82 80 79 78 77 76 74 73 72 71 70 68 67 66 64 63 61 60 58 57 55 53 52 50 49 47 45 44 43 43 42 42 41 41 40 40 39 39 38 38 37 37 37 37 37 37 37 36 36 36 36 36 36 36 36 36 37 38 39
49 49 50 51 52 52 53 54 54 56 57 59 60 61 63 64 66 67 69 70 71 73 74 75 76 76 77 77 78 79 79 80 80 81 81 82 83 82 81 80 78 77 76 75 74 73 72 70 69 68 67 65 64 62 61 59 58 56 54 53 51 50 48 47 45 45 44 43 43 42 42 41 41 40 40 39 39 38 38 37 37 37 37 37 37 37 37 37 37 37 37 37 37 38 39 40
49 50 51 51 52 53 54 54 55 56 58 59 60 62 63 65 66 67 69 70 72 73 74 75 76 76 77 77 78 79 79 80 80 81 82 82 83 82 81 80 79 78 77 76 75 73 72 71 70 69 68 67 65 63 62 60 59 57 56 54 52 51 49 48 46 46 45 45 44 43 43 42 42 41 41 40 39 39 38 38 38 38 38 38 38 38 38 38 38 38 38 38 38 39 39 40
50 51 51 52 53 53 54 55 56 57 58 59 61 62 64 65 66 68 69 70 72 73 74 75 76 76 77 78 78 79 79 80 81 81 82 82 83 82 81 80 79 78 77 76 75 74 73 72 71 70 69 68 66 65 63 61 60 58 57 55 54 52 51 49 47 47 46 46 45 44 44 43 43 42 41 41 40 40 39 39 39 39 39 39 39 39 39 39 38 38 38 38 38 39 40 41
50 51 52 53 53 54 55 55 56 57 59 60 61 63 64 65 66 68 69 70 72 73 74 75 76 76 77 78 78 79 79 80 81 81 82 83 83 82 82 81 80 79 78 77 76 75 74 73 72 71 70 69 67 66 64 63 61 59 58 56 55 53 52 50 49 48 47 47 46 45 45 44 44 43 42 42 41 40 40 40 40 40 40 39 39 39 39 39 39 39 39 39 39 40 41 42
51 52 52 53 54 55 55 56 57 58 59 60 62 63 64 65 67 68 69 71 72 73 74 75 76 76 77 78 78 79 80 80 81 81 82 83 83 83 82 81 80 79 78 77 77 76 75 74 73 72 71 70 68 67 65 64 62 61 59 57 56 54 53 51 50 49 48 48 47 46 46 45 44 44 43 43 42 41 41 41 40 40 40 40 40 40 40 40 40 40 40 40 40 41 41 42
51 52 53 54 54 55 56 57 57 59 60 61 62 63 65 66 67 68 69 71 72 73 74 75 76 76 77 78 78 79 80 80 81 82 82 83 84 83 82 81 81 80 79 78 77 76 76 75 74 73 72 71 69 68 66 65 63 62 60 59 57 56 54 52 51 50 50 49 48 48 47 46 45 45 44 43 43 42 41 41 41 41 41 41 41 41 41 41 41 40 40 40 40 41 42 43
