pluvio/pluvio-327.asc
ncols         252
nrows         154
xllcorner     -0.5
yllcorner     -153.5
cellsize      1
NODATA_value  -9999
[rows 0 to 78 of 154, columns 0 to 95 of 252]
4 4 5 5 6 6 7 8 8 9 9 9 9 8 7 7 6 5 5 5 6 6 6 6 7 7 8 8 9 9 9 10 9 8 7 6 5 4 3 3 4 5 5 6 7 8 9 11 12 14 15 17 18 20 22 23 25 27 28 30 28 24 21 18 15 12 9 9 9 10 10 11 11 11 11 11 11 11 11 11 11 12 13 14 15 16 17 18 17 17 17 17 17 17 17 16
4 4 5 5 6 6 7 7 7 8 8 8 8 7 7 6 5 5 5 5 5 5 5 5 6 6 7 7 8 8 9 9 9 8 7 6 5 4 2 3 3 4 5 6 6 7 9 10 12 13 15 17 18 21 23 26 28 31 33 36 33 29 25 21 17 13 9 9 10 10 10 11 11 11 11 11 11 11 10 10 10 11 12 13 14 14 15 16 16 16 16 16 16 16 16 16
4 4 5 6 6 6 6 7 7 7 7 7 6 6 6 5 5 5 4 4 4 4 4 5 5 5 6 6 7 8 8 9 8 7 6 5 4 3 2 3 3 4 5 5 6 7 8 10 11 13 15 17 18 21 25 28 32 35 38 42 38 33 29 24 19 14 10 10 10 10 11 11 11 11 11 11 11 10 10 10 9 10 11 12 12 13 14 14 14 15 15 15 15 15 15 15
4 5 5 6 6 6 6 6 6 6 6 6 5 5 5 5 4 4 4 4 4 4 4 4 3 4 5 5 6 7 8 8 8 7 6 5 4 3 2 2 3 4 4 5 5 6 8 9 11 13 15 16 18 22 26 31 35 39 44 48 43 38 32 27 21 16 10 10 10 11 11 11 11 12 11 11 10 10 10 9 9 9 10 10 11 12 12 13 13 13 13 14 14 14 14 14
4 5 5 6 6 6 6 6 6 6 6 5 5 5 5 5 5 4 4 4 4 4 3 3 3 3 4 5 6 7 8 9 8 7 6 5 4 3 2 2 3 3 4 4 5 6 7 9 10 12 14 16 17 22 26 31 36 41 46 50 46 40 34 28 22 16 10 10 10 10 11 11 11 11 11 10 10 10 9 9 8 9 9 10 11 11 12 12 13 13 13 14 14 14 15 15
4 4 5 6 6 6 6 6 6 6 7 6 6 6 6 6 5 5 5 4 4 4 3 3 3 3 4 6 7 8 9 10 10 8 7 6 5 4 2 2 3 3 4 4 5 5 6 8 10 11 13 14 16 20 25 30 35 40 45 50 45 39 33 27 22 16 10 10 10 10 10 10 10 10 10 10 9 9 9 8 8 9 9 10 11 12 12 13 14 14 15 15 15 16 16 16
3 4 5 5 6 6 6 7 7 7 7 7 7 7 7 6 6 6 6 5 5 4 3 3 2 3 4 6 7 9 10 11 11 9 8 7 5 4 2 2 3 3 3 4 4 5 6 7 9 10 12 13 15 19 24 29 34 39 44 49 44 39 33 27 21 15 10 9 9 9 10 10 10 10 9 9 9 9 8 8 8 9 10 10 11 12 13 14 14 15 16 16 17 17 18 17
3 4 4 5 5 6 6 7 7 8 8 8 8 8 8 7 7 7 6 6 5 4 4 3 2 3 5 6 8 9 11 13 12 10 9 7 6 4 3 2 3 3 3 4 4 4 5 7 8 9 10 12 13 18 23 28 33 38 43 48 44 38 32 27 21 15 9 9 9 9 9 9 9 9 9 8 8 8 8 8 7 8 10 11 12 13 14 15 15 16 17 17 18 19 19 19
3 3 4 4 5 6 6 7 8 8 9 9 9 9 8 8 8 8 7 6 5 4 4 3 2 3 5 6 8 10 12 14 13 11 10 8 6 4 3 2 3 3 3 3 3 4 5 6 7 8 9 11 12 16 22 27 32 37 42 48 43 38 32 26 21 15 9 9 9 8 8 8 8 8 8 8 8 8 7 7 7 8 10 11 12 13 14 16 16 17 18 18 19 20 21 20
3 3 4 4 5 6 7 7 8 9 10 10 10 10 9 9 9 8 8 7 6 5 4 3 2 3 5 7 9 11 13 15 14 12 10 9 7 5 3 2 3 3 3 3 3 3 4 5 6 7 8 9 10 15 20 26 31 36 42 47 43 37 31 26 20 15 9 8 8 8 8 8 7 7 7 7 7 7 7 7 7 8 10 11 12 14 15 16 17 18 19 20 21 21 22 21
2 3 3 4 4 6 7 8 9 10 11 11 11 11 10 10 10 9 8 7 6 5 4 3 1 2 5 7 9 12 14 16 15 13 11 9 7 5 3 2 2 2 3 3 3 3 3 4 5 6 7 8 9 14 19 25 30 35 41 46 42 36 31 25 20 14 9 8 8 8 7 7 7 7 7 7 7 7 7 7 7 8 10 11 13 14 16 17 18 19 20 21 22 23 23 22
3 3 4 4 5 6 7 8 9 10 11 12 11 11 11 10 10 10 9 7 6 5 4 3 2 3 5 7 9 11 14 16 15 13 11 9 7 5 3 2 2 2 2 2 2 2 3 4 5 6 6 7 8 13 18 23 28 33 39 44 40 34 29 24 19 13 8 7 7 7 7 7 6 6 6 6 6 6 6 6 6 8 9 11 12 14 15 17 18 19 20 20 21 22 23 22
4 4 4 5 5 6 7 8 9 10 11 11 11 11 10 10 10 9 9 8 6 5 4 3 2 3 5 7 8 10 12 14 13 12 10 8 6 4 3 2 2 2 2 2 2 2 3 4 5 5 6 7 8 12 16 21 26 31 35 40 36 31 27 22 17 12 7 6 6 6 6 6 6 6 6 6 6 6 6 6 6 7 9 10 11 13 14 16 17 17 18 19 20 20 21 20
5 5 5 5 6 7 7 8 9 10 11 11 11 11 10 10 10 9 9 8 7 5 4 3 2 3 5 6 8 9 11 12 12 10 9 7 6 4 2 2 2 2 2 2 2 2 3 4 4 5 6 6 7 11 15 19 24 28 32 36 33 28 24 19 15 10 6 6 6 6 6 6 6 6 6 6 6 5 5 5 5 6 8 9 11 12 13 15 15 16 17 17 18 18 19 18
6 6 6 6 6 7 8 9 9 10 11 11 11 10 10 10 10 9 9 8 7 6 5 4 3 3 4 6 7 8 9 10 10 9 7 6 5 4 2 2 2 2 2 2 2 2 3 4 4 5 5 6 7 10 14 18 21 25 29 33 30 25 21 17 13 9 5 5 5 5 5 5 6 6 6 5 5 5 5 5 4 6 7 8 10 11 13 14 14 15 15 16 16 16 17 16
7 7 7 7 7 7 8 9 9 10 11 11 10 10 10 10 10 9 9 8 7 6 5 4 3 3 4 5 6 7 8 9 8 7 6 5 4 3 2 2 2 2 2 2 2 2 3 3 4 5 5 6 6 9 12 16 19 22 26 29 26 22 19 15 11 7 4 4 4 4 5 5 5 6 6 5 5 5 4 4 4 5 6 8 9 10 12 13 13 13 14 14 14 15 15 14
8 8 8 7 7 8 8 9 9 10 10 10 10 10 10 10 9 9 9 8 7 6 5 4 4 4 4 5 5 6 6 7 6 6 5 4 3 3 2 2 2 2 2 2 2 2 3 3 4 4 5 5 6 8 11 14 17 20 22 25 23 19 16 13 9 6 3 3 3 4 4 5 5 6 5 5 5 4 4 4 3 4 6 7 8 9 11 12 12 12 12 12 12 13 13 12
9 9 8 8 8 8 9 9 9 10 10 10 10 10 10 10 9 9 9 8 7 6 6 5 4 4 4 4 4 5 5 5 5 4 4 3 3 2 2 2 2 2 2 2 2 2 3 3 4 4 4 5 5 7 10 12 14 17 19 22 19 16 13 10 8 5 2 2 3 3 4 4 5 6 5 5 4 4 4 3 3 4 5 6 7 9 10 11 11 11 11 11 11 11 11 10
9 9 8 8 8 8 8 9 9 9 9 10 9 9 9 9 9 8 8 7 7 6 5 5 4 4 4 4 4 4 5 5 5 4 4 3 3 2 2 2 2 2 2 2 2 3 3 3 4 4 4 4 5 7 9 11 13 15 17 19 17 14 12 9 6 4 1 2 2 3 3 4 5 5 5 4 4 4 3 3 2 3 5 6 7 8 9 10 10 10 10 10 10 10 10 10
8 8 7 7 7 7 7 8 8 8 8 8 8 8 8 8 7 7 7 6 6 5 5 4 4 4 4 4 4 5 5 5 5 5 4 4 3 3 2 2 2 3 3 3 3 3 3 3 4 4 4 4 4 6 8 9 11 13 15 17 15 13 10 8 6 4 1 2 2 3 3 4 4 5 4 4 4 3 3 3 2 3 4 5 6 7 8 9 9 9 9 9 10 10 10 9
7 7 7 6 6 6 6 7 7 7 7 7 7 7 7 6 6 6 6 5 5 4 4 4 3 3 4 4 5 5 6 6 6 5 5 4 4 3 3 3 3 3 3 3 3 3 3 3 4 4 4 4 4 5 7 8 10 11 13 14 13 11 9 7 5 3 1 2 2 2 3 3 4 4 4 4 3 3 3 2 2 3 4 5 6 7 7 8 8 9 9 9 9 9 10 9
7 6 6 5 5 5 6 6 6 6 6 6 6 6 6 5 5 5 5 4 4 4 3 3 3 3 4 4 5 5 6 7 6 6 5 5 4 4 3 3 3 3 3 3 3 4 4 4 4 4 4 4 4 5 6 7 8 10 11 12 11 9 8 6 4 3 1 1 2 2 2 3 3 4 3 3 3 3 2 2 2 3 4 4 5 6 7 8 8 8 8 9 9 9 9 9
6 5 5 5 4 5 5 5 5 5 5 5 5 5 4 4 4 4 4 3 3 3 3 3 3 3 4 4 5 6 6 7 7 6 6 5 5 4 4 4 4 4 4 4 4 4 4 4 4 3 3 3 3 4 5 6 7 8 9 10 9 8 6 5 4 2 1 1 2 2 2 2 3 3 3 3 3 2 2 2 2 3 3 4 5 5 6 7 7 7 8 8 9 9 9 9
5 5 4 4 4 4 4 4 4 4 4 4 4 3 3 3 3 3 2 2 2 2 2 2 2 3 4 4 5 6 7 8 8 7 6 6 5 5 4 4 4 4 4 4 4 4 4 4 4 3 3 3 3 3 4 5 5 6 7 8 7 6 5 4 3 2 1 1 1 2 2 2 2 2 2 2 2 2 2 2 2 2 3 4 4 5 5 6 6 7 7 8 8 9 9 9
4 4 3 3 3 3 3 3 3 3 3 3 3 2 2 2 2 1 1 1 1 2 2 2 2 3 3 4 5 6 7 8 8 8 7 6 6 5 5 5 4 4 4 4 4 4 4 4 4 3 3 3 2 3 3 4 4 4 5 5 5 4 4 3 2 2 1 1 1 1 2 2 2 2 2 2 2 2 2 2 2 2 3 3 4 4 5 5 6 6 7 7 8 9 9 9
4 4 4 4 4 4 4 4 3 3 3 3 3 2 2 2 1 1 1 1 1 1 2 2 2 3 3 4 5 6 7 8 8 7 7 6 6 5 5 5 4 4 4 4 4 4 4 4 4 3 3 3 3 3 3 3 4 4 4 4 4 3 3 3 2 2 1 1 1 1 1 1 1 2 2 2 2 2 2 2 2 2 3 3 4 4 5 5 6 6 7 8 8 9 9 9
5 5 5 6 6 5 5 5 5 5 4 4 4 3 3 2 2 1 1 1 1 2 2 2 2 3 3 4 5 6 7 8 7 7 6 6 5 5 4 4 4 4 4 4 4 4 4 4 4 4 4 4 3 4 4 4 4 4 4 4 3 3 3 2 2 2 1 1 1 1 1 1 1 1 1 1 2 2 2 2 2 2 3 4 4 5 5 6 6 7 7 8 8 9 9 9
5 6 7 7 7 7 7 6 6 6 5 5 4 4 3 3 2 1 1 1 2 2 2 2 2 3 3 4 5 6 6 7 7 7 6 6 5 5 4 4 4 4 4 4 4 4 4 4 4 4 4 4 4 4 4 4 4 4 3 3 3 3 2 2 2 1 1 1 1 1 1 1 1 1 1 1 1 2 2 2 2 2 3 4 4 5 6 6 7 7 8 8 9 9 10 9
6 7 8 9 9 9 8 8 7 7 6 6 5 4 4 3 2 1 1 1 2 2 2 2 2 3 3 4 5 5 6 7 6 6 6 5 5 4 4 4 4 4 4 4 4 4 4 4 4 4 5 5 5 5 4 4 4 3 3 3 3 2 2 2 2 1 1 1 1 1 1 1 1 1 1 1 1 2 2 2 2 3 3 4 5 6 6 7 7 8 8 9 9 10 10 10
6 8 9 10 11 10 10 9 9 8 8 7 6 5 4 3 2 2 1 2 2 2 2 2 3 3 3 4 4 5 6 6 6 6 5 5 5 4 4 4 4 4 4 4 3 3 4 4 4 5 5 5 6 5 5 4 4 3 3 2 2 2 2 2 1 1 1 1 1 1 1 1 1 1 1 1 1 2 2 2 2 3 4 4 5 6 7 8 8 8 9 9 9 10 10 10
7 9 10 12 12 12 11 11 10 9 9 8 7 6 5 4 3 2 1 2 2 2 2 3 3 3 3 4 4 5 5 5 5 5 5 5 4 4 4 4 3 3 3 3 3 3 4 4 5 5 6 6 7 6 5 5 4 3 3 2 2 2 1 1 1 1 1 1 1 1 1 1 1 1 1 1 1 1 2 2 2 3 4 5 5 6 7 8 8 9 9 9 10 10 10 10
8 10 12 14 14 13 13 12 11 10 10 9 8 6 5 4 3 2 2 2 2 2 2 3 3 3 3 4 4 4 5 5 5 5 4 4 4 4 3 3 3 3 3 3 3 3 4 4 5 5 6 7 7 7 6 5 4 3 2 1 1 1 1 1 1 1 1 1 1 1 1 1 1 1 1 1 1 1 2 2 2 3 4 5 6 7 8 9 9 9 10 10 10 10 11 11
7 9 11 13 14 13 12 12 11 10 9 8 7 6 5 4 3 2 2 2 2 2 3 3 3 3 3 4 4 4 4 5 5 4 4 4 4 3 3 3 3 3 3 3 3 3 3 4 4 5 6 6 7 6 5 5 4 3 2 1 1 1 1 1 1 1 1 1 1 1 1 1 1 1 1 1 1 2 2 2 2 3 4 5 6 7 8 9 9 9 10 10 10 10 11 11
7 8 10 12 13 12 11 11 10 9 9 8 7 6 5 4 3 2 2 2 2 2 3 3 3 3 3 4 4 4 4 4 4 4 4 4 3 3 3 3 3 3 3 2 2 2 3 3 4 4 5 5 6 5 5 4 3 2 2 1 1 1 1 1 1 1 1 1 1 1 1 1 1 1 1 1 2 2 2 2 2 3 4 5 6 7 8 9 9 10 10 10 10 10 10 10
6 8 9 11 11 11 10 9 9 8 8 7 6 5 5 4 3 2 2 2 2 3 3 3 3 3 3 4 4 4 4 4 4 4 3 3 3 3 3 3 2 2 2 2 2 2 2 3 3 4 4 5 5 5 4 3 3 2 1 1 1 1 1 1 1 1 1 1 1 1 1 1 1 1 1 2 2 2 2 2 3 4 5 6 7 8 9 10 10 10 10 10 10 10 10 10
5 7 8 10 10 9 9 8 8 7 7 6 6 5 4 4 3 2 2 2 3 3 3 3 3 3 3 3 4 4 4 4 4 3 3 3 3 3 2 2 2 2 2 2 2 1 2 2 3 3 3 4 4 4 3 3 2 2 1 1 1 1 1 1 1 1 1 1 1 1 1 1 1 1 1 2 2 2 2 3 3 4 5 6 7 8 9 10 10 10 10 10 10 10 10 10
5 6 7 8 9 8 8 7 7 6 6 6 5 4 4 3 3 2 2 2 3 3 3 3 3 3 3 3 3 3 3 3 3 3 3 3 3 2 2 2 2 2 2 1 1 1 1 2 2 2 3 3 3 3 3 2 2 1 1 0 0 1 1 1 1 1 1 1 1 1 1 1 1 1 2 2 2 2 3 3 3 4 5 6 7 8 9 10 10 10 10 10 10 9 9 10
4 5 6 7 7 7 7 6 6 6 5 5 4 4 4 3 3 3 2 3 3 3 3 3 3 3 3 3 3 3 3 3 3 3 3 2 2 2 2 2 2 1 1 1 1 1 1 1 1 2 2 2 3 2 2 2 1 1 1 0 0 0 0 1 1 1 1 1 1 1 1 1 1 1 2 2 2 3 3 3 4 5 6 7 8 9 10 10 10 10 10 10 9 9 9 9
3 4 5 6 6 6 6 5 5 5 4 4 4 4 3 3 3 3 3 3 3 3 3 3 3 3 3 3 3 3 3 3 3 3 2 2 2 2 2 1 1 1 1 1 0 0 0 1 1 1 1 1 2 1 1 1 1 1 0 0 0 0 0 1 1 1 1 1 1 1 1 1 1 2 2 2 3 3 3 3 4 5 6 7 8 9 10 11 10 10 10 10 9 9 9 9
3 4 4 5 6 5 5 5 5 4 4 4 4 4 3 3 3 3 3 3 3 3 3 3 3 3 3 3 3 3 3 3 3 3 3 2 2 2 2 1 1 1 1 1 1 0 0 1 1 1 1 1 1 1 1 1 1 1 0 0 0 0 1 1 1 1 1 1 1 1 2 2 2 2 2 3 3 3 3 4 4 5 6 7 8 9 10 11 10 10 10 10 10 10 10 10
3 3 4 5 5 5 5 5 5 5 4 4 4 4 4 4 3 3 3 3 3 3 3 3 3 3 3 3 3 3 3 4 3 3 3 3 2 2 2 1 1 1 1 1 1 1 1 1 1 1 1 1 1 1 1 1 1 1 1 1 1 1 1 1 1 1 1 1 1 2 2 2 2 2 3 3 3 3 4 4 4 5 6 7 8 9 9 10 10 11 11 11 11 11 11 11
2 3 4 5 5 5 5 5 5 5 5 4 4 4 4 4 4 4 3 3 3 3 3 3 3 3 3 3 3 4 4 4 4 3 3 3 2 2 2 2 1 1 1 1 1 1 1 1 1 1 1 1 1 1 1 1 1 1 1 1 1 1 1 1 1 1 1 1 2 2 2 2 2 3 3 3 4 4 4 4 5 5 6 7 8 8 9 10 10 11 11 12 12 12 13 13
2 3 3 4 4 4 5 5 5 5 5 5 5 4 4 4 4 4 4 4 3 3 3 3 3 3 3 3 4 4 4 4 4 4 3 3 3 2 2 2 1 1 1 1 1 1 1 1 1 1 1 1 1 1 1 1 1 1 1 1 1 1 1 1 1 1 1 2 2 2 2 3 3 3 3 4 4 4 4 5 5 6 6 7 8 8 9 10 10 11 12 12 13 14 14 14
2 3 3 4 4 4 4 4 5 5 5 5 5 5 5 4 4 4 4 4 4 3 3 3 3 3 3 3 4 4 4 5 5 4 4 3 3 2 2 2 2 1 1 1 1 1 1 1 1 1 1 1 1 2 2 2 2 2 2 2 2 2 2 2 2 2 2 2 2 2 3 3 3 3 4 4 4 4 5 5 5 6 6 7 8 8 9 9 10 11 12 13 14 15 16 15
2 2 3 3 4 4 4 4 5 5 5 5 5 5 5 5 5 5 4 4 4 3 3 3 3 3 3 4 4 4 5 5 5 4 4 3 3 2 2 2 2 2 1 1 1 1 1 1 1 1 1 1 2 2 2 2 2 2 2 2 2 2 2 2 2 2 2 2 2 3 3 3 4 4 4 4 5 5 5 5 5 6 6 7 7 8 8 9 10 11 13 14 15 16 17 17
2 2 2 3 3 4 4 4 5 5 5 5 5 5 5 5 5 5 5 4 4 3 3 3 2 3 3 4 4 5 5 6 5 5 4 4 3 3 2 2 2 2 2 2 1 1 1 1 1 1 1 1 2 2 2 2 2 2 2 2 2 2 2 2 2 2 2 2 2 3 3 4 4 4 4 5 5 5 5 6 6 6 7 7 7 8 8 9 10 12 13 15 16 18 19 18
1 2 2 3 3 3 4 4 4 4 5 5 5 5 5 5 4 4 4 4 3 3 3 2 2 2 3 4 4 5 6 6 6 5 5 4 3 3 2 2 2 2 2 1 1 1 1 1 1 1 2 2 2 2 2 2 2 2 2 3 3 2 2 2 2 2 2 2 3 3 3 4 4 5 5 5 5 5 6 6 6 6 7 7 7 8 8 9 10 11 13 14 16 17 18 17
1 2 2 2 3 3 3 3 4 4 4 4 4 4 4 4 4 4 3 3 3 3 2 2 2 2 3 4 5 6 7 7 7 6 5 5 4 3 2 2 2 1 1 1 1 1 1 1 1 1 2 2 2 2 2 2 2 3 3 3 3 3 2 2 2 2 2 2 3 3 4 4 4 5 5 5 5 6 6 6 6 7 7 7 8 8 8 9 10 11 12 14 15 16 17 16
1 1 2 2 2 2 3 3 3 3 3 3 3 3 3 3 3 3 3 3 2 2 2 2 1 2 3 4 5 6 7 8 8 7 6 5 4 3 2 2 1 1 1 1 1 1 1 1 1 1 2 2 2 2 2 2 3 3 3 3 3 3 3 3 2 2 2 3 3 3 4 4 5 5 5 6 6 6 6 6 7 7 7 7 8 8 8 9 10 11 12 13 14 15 16 15
1 1 1 2 2 2 2 2 2 2 3 3 3 3 2 2 2 2 2 2 2 2 1 1 1 2 3 4 6 7 8 9 9 8 7 5 4 3 2 2 1 1 1 1 1 1 1 1 1 1 2 2 2 2 2 3 3 3 3 3 3 3 3 3 3 2 2 3 3 4 4 4 5 5 6 6 6 6 6 7 7 7 7 8 8 8 8 9 10 10 11 12 13 14 15 14
1 1 1 1 1 1 2 2 2 2 2 2 2 2 2 2 2 2 2 1 1 1 1 1 1 2 3 5 6 8 9 10 10 9 7 6 5 3 2 1 1 1 1 1 1 0 1 1 1 1 2 2 2 2 3 3 3 3 3 3 3 3 3 3 3 2 2 3 3 4 4 5 5 6 6 6 6 6 7 7 7 7 8 8 8 8 8 9 9 10 11 11 12 13 13 13
1 1 1 1 1 1 1 1 1 1 1 1 1 1 1 1 1 1 1 1 1 1 1 0 0 1 3 5 6 8 10 11 11 9 8 6 5 3 2 1 1 1 1 1 0 0 0 1 1 1 2 2 2 3 3 3 3 3 3 4 3 3 3 3 3 3 2 3 3 4 4 5 5 6 6 6 7 7 7 7 7 8 8 8 8 8 8 9 9 10 10 11 11 12 12 12
0 0 1 1 1 1 1 1 0 0 0 0 0 0 0 0 0 0 0 0 0 0 0 0 0 1 3 5 7 9 11 12 12 10 9 7 5 4 2 1 1 1 1 1 0 0 0 1 1 1 2 2 3 3 3 3 3 3 4 4 4 3 3 3 3 3 3 3 4 4 5 5 6 6 6 7 7 7 7 7 8 8 8 8 8 8 8 9 9 9 10 10 10 11 11 11
0 0 0 0 0 0 0 0 0 0 0 0 0 0 0 0 0 0 0 0 0 0 0 0 0 1 3 5 6 8 10 12 11 9 8 6 5 3 2 1 1 1 1 1 1 0 1 1 1 2 2 2 3 3 3 3 3 3 4 4 4 3 3 3 3 3 3 3 4 4 5 5 6 6 6 7 7 7 7 7 7 7 7 7 8 8 8 8 8 9 9 9 10 10 10 10
0 0 0 0 0 0 0 0 0 0 0 0 0 0 0 0 0 0 0 0 0 0 0 0 0 1 3 4 6 7 9 10 10 8 7 6 4 3 1 1 1 1 1 1 1 1 1 1 2 2 2 2 3 3 3 3 3 3 3 4 4 3 3 3 3 3 3 4 4 4 5 5 6 6 6 6 6 6 6 6 6 7 7 7 7 7 7 7 7 8 8 9 9 9 10 9
0 0 0 0 0 0 0 0 0 0 0 0 0 0 0 0 0 0 0 0 0 0 0 0 0 1 2 4 5 6 8 9 9 7 6 5 4 2 1 1 1 1 1 1 1 1 2 2 2 2 2 2 3 3 3 3 3 3 3 3 3 3 3 3 3 3 3 4 4 5 5 6 6 6 6 6 6 6 6 6 6 6 6 6 6 6 6 6 7 7 8 8 8 9 9 9
0 0 0 0 0 0 0 0 0 0 0 0 0 0 0 0 0 0 0 0 0 0 0 0 0 1 2 3 4 6 7 8 7 6 5 4 3 2 1 1 1 1 1 2 2 2 2 2 2 2 2 2 3 3 3 3 3 3 3 3 3 3 3 4 4 4 4 4 4 5 5 6 6 7 6 6 6 6 6 5 5 5 5 5 5 5 5 5 6 6 7 7 8 8 9 8
0 0 0 0 0 0 0 0 0 0 0 0 0 0 0 0 0 0 0 0 0 0 0 0 0 1 2 3 4 5 6 7 6 5 4 3 3 2 1 1 1 1 2 2 2 2 2 2 2 2 3 3 3 3 3 3 3 3 3 3 3 3 4 4 4 4 4 4 5 5 6 6 6 7 6 6 6 5 5 5 4 4 4 5 5 5 5 5 5 6 6 7 7 8 8 7
0 0 0 0 0 0 0 0 0 0 0 0 0 0 0 0 0 0 0 0 0 0 0 0 0 1 2 2 3 4 5 5 5 4 4 3 2 1 0 1 1 1 2 2 2 3 3 3 3 3 3 3 3 3 3 3 3 3 3 3 3 3 4 4 4 4 4 5 5 5 6 6 6 7 6 6 5 5 5 4 4 4 4 4 4 4 4 4 4 5 5 6 6 7 7 7
0 0 0 0 0 0 0 0 0 0 0 0 0 0 0 0 0 0 0 0 0 0 0 0 0 1 1 2 3 3 4 4 4 3 3 2 1 1 0 0 1 1 2 2 3 3 3 3 3 3 3 3 3 3 3 3 3 3 3 3 3 3 4 4 4 4 5 5 5 6 6 6 7 7 6 6 5 5 4 4 3 3 3 3 3 3 3 3 4 4 5 5 6 6 7 6
0 0 0 0 0 0 0 0 0 0 0 0 0 0 0 0 0 0 0 0 0 0 0 1 1 1 1 2 2 3 3 4 4 3 3 2 2 1 0 1 1 2 2 2 3 3 3 3 3 3 3 3 2 2 3 3 3 3 3 3 3 3 3 4 4 4 4 5 5 5 6 6 6 6 6 5 5 4 4 3 3 3 3 3 3 3 3 3 3 4 4 5 5 6 6 5
0 0 0 0 0 0 0 0 0 0 0 0 0 0 0 0 0 0 0 0 0 0 1 1 1 1 2 2 2 3 3 4 4 3 3 2 2 1 1 1 1 2 2 2 3 3 3 3 3 3 3 3 2 2 2 2 2 2 2 2 2 3 3 3 4 4 4 4 5 5 5 6 6 6 6 5 4 4 3 3 2 2 2 2 2 2 2 3 3 3 4 4 5 5 5 5
0 0 0 0 0 0 0 0 0 0 0 0 0 0 0 0 0 0 0 0 1 1 1 1 1 1 2 2 3 3 3 4 4 3 3 2 2 1 1 1 1 2 2 3 3 3 3 3 3 3 3 3 2 2 2 2 2 2 2 2 2 2 3 3 3 4 4 4 4 5 5 5 5 6 5 5 4 3 3 2 2 2 2 2 2 2 2 2 3 3 3 4 4 4 4 4
0 0 0 0 0 0 0 0 0 0 0 0 0 0 0 0 0 0 0 1 1 1 1 1 1 1 2 2 3 3 3 4 3 3 3 2 2 2 1 1 2 2 2 3 3 3 3 3 3 3 3 2 2 2 2 2 2 2 1 1 2 2 2 3 3 3 4 4 4 4 5 5 5 5 5 4 4 3 2 2 1 1 2 2 2 2 2 2 2 3 3 3 3 4 4 3
0 0 0 0 0 0 0 0 0 0 0 0 0 0 0 0 0 0 0 1 1 1 1 1 1 2 2 2 3 3 3 3 3 3 3 2 2 2 2 2 2 2 2 3 3 3 3 3 3 3 3 2 2 2 2 2 1 1 1 1 1 2 2 2 3 3 3 4 4 4 4 4 5 5 4 4 3 3 2 1 1 1 1 1 2 2 2 2 2 2 2 3 3 3 3 3
0 0 0 0 0 0 0 0 0 0 0 0 0 0 0 0 0 0 1 1 1 1 1 1 2 2 2 2 3 3 3 3 3 3 3 3 2 2 2 2 2 2 3 3 3 3 3 3 3 3 2 2 2 2 2 1 1 1 1 0 1 1 2 2 2 3 3 3 3 4 4 4 4 4 4 3 3 2 2 1 0 1 1 1 1 1 2 2 2 2 2 2 2 2 2 2
0 0 0 0 0 0 0 0 0 0 0 0 0 0 0 0 0 1 1 1 1 1 1 2 2 2 2 2 3 3 3 3 3 3 3 3 2 2 2 2 2 3 3 3 3 3 3 3 3 3 2 2 2 2 2 1 1 1 0 0 0 1 1 2 2 2 3 3 3 3 3 4 4 4 3 3 2 2 1 1 0 0 0 1 1 1 1 2 2 2 2 1 1 1 1 1
0 0 0 0 0 0 0 0 0 0 0 0 0 0 0 0 0 0 1 1 1 1 2 2 2 2 2 3 3 3 3 3 3 3 3 2 2 2 2 2 2 2 3 3 3 3 3 3 3 3 2 2 2 2 3 3 4 4 4 5 5 4 4 4 3 3 3 3 3 3 3 3 4 4 3 3 2 2 1 1 0 0 0 1 1 1 1 1 1 1 1 1 1 1 1 1
0 0 0 0 0 0 0 0 0 0 0 0 0 0 0 0 0 0 1 1 1 2 2 2 3 3 3 3 3 3 2 2 2 2 2 2 2 2 2 2 2 2 3 3 3 3 3 3 3 2 2 2 2 3 4 5 7 8 9 10 9 8 7 6 5 4 3 3 3 3 3 3 3 3 3 2 2 1 1 0 0 0 0 1 1 1 1 1 1 1 1 1 1 1 1 1
0 0 0 0 0 0 0 0 0 0 0 0 0 0 0 0 0 0 1 1 1 2 2 3 3 3 3 3 3 2 2 2 2 2 2 2 2 2 2 2 2 2 2 3 3 3 3 3 3 2 2 2 2 4 6 7 9 11 13 15 14 12 10 8 7 5 3 3 3 3 3 3 3 3 3 2 2 1 1 0 0 0 0 0 1 1 1 1 1 1 1 1 1 1 1 1
0 0 0 0 0 0 0 0 0 0 0 0 0 0 0 0 0 0 1 1 2 2 3 3 4 3 3 3 3 2 2 2 1 2 2 2 2 2 2 2 2 2 2 3 3 3 3 3 2 2 2 2 2 4 7 10 12 15 18 20 18 16 13 11 8 6 3 3 3 3 3 3 3 3 3 2 2 1 1 0 0 0 0 0 0 1 1 1 1 1 1 1 1 1 1 1
0 0 0 0 0 0 0 0 0 0 0 0 0 0 0 0 0 0 1 1 2 2 3 3 4 4 3 3 2 2 2 1 1 1 1 1 1 2 2 2 2 2 2 2 3 3 3 3 2 2 2 2 2 5 8 12 15 19 22 25 23 20 16 13 10 6 3 3 3 3 3 3 3 3 2 2 2 1 1 0 0 0 0 0 0 0 1 1 1 1 1 0 0 0 0 1
0 0 0 0 0 0 0 0 0 0 0 0 0 0 0 0 0 0 0 1 2 2 3 4 4 4 4 3 2 2 1 1 1 1 1 1 1 1 2 2 2 2 2 2 2 3 3 2 2 2 2 2 2 5 10 14 18 22 26 31 27 23 19 15 11 7 3 3 3 3 3 3 3 3 2 2 1 1 1 0 0 0 0 0 0 0 0 0 0 0 0 0 0 0 0 0
0 0 0 0 0 0 0 0 0 0 0 0 0 0 0 0 0 0 0 1 2 3 3 4 5 5 4 3 2 2 1 0 0 0 1 1 1 1 2 2 2 2 2 2 2 3 3 2 2 2 2 2 2 6 11 16 21 26 31 36 32 27 22 18 13 8 3 3 3 3 3 3 2 2 2 2 1 1 1 0 0 0 0 0 0 0 0 0 0 0 0 0 0 0 0 0
0 0 0 0 0 0 0 0 0 0 0 0 0 0 0 0 0 0 1 1 2 3 4 4 5 5 4 3 2 2 1 0 0 0 1 1 1 1 1 1 2 2 2 2 2 3 3 2 2 2 2 2 2 6 11 16 21 26 31 36 32 27 23 18 13 8 3 3 3 2 2 2 2 2 2 1 1 1 1 0 0 0 0 0 0 0 0 0 0 0 0 0 0 0 1 1
0 0 0 0 0 0 0 0 0 0 0 0 1 1 1 1 1 1 1 2 2 3 4 4 5 5 4 3 2 2 1 0 0 0 0 1 1 1 1 1 1 2 2 2 2 3 3 2 2 2 2 2 2 6 11 16 21 26 31 36 33 28 23 18 13 8 3 3 2 2 2 2 2 2 1 1 1 1 0 0 0 0 0 0 0 0 0 0 0 0 1 1 1 1 1 1
0 0 0 0 0 0 0 0 0 1 1 1 1 1 1 1 1 1 2 2 3 3 4 4 5 5 4 3 2 2 1 0 0 0 0 0 1 1 1 1 1 2 2 2 2 3 3 2 2 2 2 2 2 6 11 16 21 26 31 37 33 28 23 18 13 8 3 3 2 2 2 2 2 1 1 1 1 1 0 0 0 0 0 0 0 0 0 0 0 1 1 1 1 1 2 2
0 0 0 0 0 0 0 0 1 1 1 1 1 1 1 1 1 2 2 2 3 4 4 5 5 5 4 3 2 2 1 0 0 0 0 0 0 1 1 1 1 1 2 2 2 3 3 2 2 2 2 2 2 6 11 16 21 27 32 37 33 28 23 18 13 8 3 3 2 2 2 2 1 1 1 1 1 0 0 0 0 0 0 0 0 0 0 0 0 1 1 1 2 2 2 2
0 0 0 0 0 0 0 1 1 1 1 1 1 1 2 2 2 2 2 3 3 4 4 5 5 5 4 3 3 2 1 0 0 0 0 0 0 0 0 1 1 1 2 2 2 3 2 2 2 2 2 2 2 6 11 16 22 27 32 37 33 28 23 18 13 8 3 3 2 2 2 1 1 1 1 0 0 0 0 0 0 0 0 0 0 0 0 0 0 1 1 2 2 2 3 3
