pluvio/pluvio-92.asc
ncols         252
nrows         154
xllcorner     -18.017974
yllcorner     13.481982
cellsize      0.035948
NODATA_value  -9999
[rows 42 to 83 of 154, columns 0 to 93 of 252]
65535 65535 65535 65535 65535 65535 65535 65535 65535 65535 65535 65535 65535 65535 65535 65535 65535 65535 65535 65535 65535 65535 65535 65535 65535 65535 65535 65535 65535 65535 65535 65535 65535 65535 65535 52 52 51 51 51 51 51 51 51 51 51 51 51 50 51 51 52 52 53 53 54 54 55 55 56 56 57 57 58 60 62 64 65 67 69 71 73 74 76 78 80 82 83 84 85 86 87 88 89 90 91 92 93 94 95 96 96 96 95
65535 65535 65535 65535 65535 65535 65535 65535 65535 65535 65535 65535 65535 65535 65535 65535 65535 65535 65535 65535 65535 65535 65535 65535 65535 65535 65535 65535 65535 65535 65535 65535 65535 65535 65535 52 52 51 51 51 51 51 51 51 51 51 51 51 51 51 51 52 52 53 53 54 55 55 56 56 57 57 58 59 61 62 64 66 68 70 72 73 75 77 79 81 83 84 85 86 87 88 89 90 91 92 93 94 95 96 97 97 96 95
65535 65535 65535 65535 65535 65535 65535 65535 65535 65535 65535 65535 65535 65535 65535 65535 65535 65535 65535 65535 65535 65535 65535 65535 65535 65535 65535 65535 65535 65535 65535 65535 65535 65535 65535 52 52 51 51 51 51 51 51 51 51 51 51 51 51 51 52 52 53 53 54 54 55 55 56 57 57 58 58 59 61 63 65 67 69 71 72 74 76 78 80 82 84 85 86 87 88 89 90 91 92 93 94 95 96 97 98 98 97 96
65535 65535 65535 65535 65535 65535 65535 65535 65535 65535 65535 65535 65535 65535 65535 65535 65535 65535 65535 65535 65535 65535 65535 65535 65535 65535 65535 65535 65535 65535 65535 65535 65535 65535 65535 52 52 52 51 51 51 51 51 51 51 51 51 51 51 51 52 52 53 53 54 55 55 56 56 57 58 58 59 60 62 64 66 67 69 71 73 75 77 79 81 83 85 86 87 88 89 90 91 92 93 94 95 96 97 98 99 99 98 97
65535 65535 65535 65535 65535 65535 65535 65535 65535 65535 65535 65535 65535 65535 65535 65535 65535 65535 65535 65535 65535 65535 65535 65535 65535 65535 65535 65535 65535 65535 65535 65535 65535 65535 65535 52 52 52 52 51 51 51 51 51 51 51 51 51 51 51 52 53 53 54 54 55 56 56 57 57 58 59 59 60 62 64 66 68 70 72 74 76 78 80 82 84 86 87 88 89 90 91 92 93 94 95 96 97 98 99 100 100 99 98
65535 65535 65535 65535 65535 65535 65535 65535 65535 65535 65535 65535 65535 65535 65535 65535 65535 65535 65535 65535 65535 65535 65535 65535 65535 65535 65535 65535 65535 65535 65535 65535 65535 65535 65535 52 52 52 52 52 52 51 51 51 51 51 51 51 51 52 52 53 53 54 55 55 56 56 57 58 58 59 60 61 63 65 67 69 71 73 75 77 79 81 83 85 87 88 89 90 91 92 93 94 95 96 97 98 99 100 101 100 99 98
65535 65535 65535 65535 65535 65535 65535 65535 65535 65535 65535 65535 65535 65535 65535 65535 65535 65535 65535 65535 65535 65535 65535 65535 65535 65535 65535 65535 65535 65535 65535 65535 65535 65535 65535 52 52 52 52 52 52 52 52 52 52 52 52 52 52 52 52 53 54 54 55 56 56 57 57 58 59 59 60 61 63 65 67 69 71 73 76 78 80 82 84 86 88 89 90 91 92 93 94 95 96 97 98 99 100 101 102 101 100 99
65535 65535 65535 65535 65535 65535 65535 65535 65535 65535 65535 65535 65535 65535 65535 65535 65535 65535 65535 65535 65535 65535 65535 65535 65535 65535 65535 65535 65535 65535 65535 65535 65535 65535 65535 52 52 52 52 52 52 52 52 52 52 52 52 52 52 52 52 53 54 54 55 56 57 57 58 59 59 60 61 62 64 66 68 70 72 75 77 79 81 83 85 87 89 91 92 93 94 94 95 96 97 98 99 100 101 102 103 103 101 100
65535 65535 65535 65535 65535 65535 65535 65535 65535 65535 65535 65535 65535 65535 65535 65535 65535 65535 65535 65535 65535 65535 65535 65535 65535 65535 65535 65535 65535 65535 65535 65535 65535 65535 65535 52 52 52 52 51 51 51 51 51 51 51 51 51 51 51 52 53 54 55 55 56 57 58 59 59 60 61 62 63 65 68 70 72 74 76 78 81 83 85 87 89 91 93 94 95 96 97 98 99 100 101 102 102 103 104 105 105 104 103
65535 65535 65535 65535 65535 65535 65535 65535 65535 65535 65535 65535 65535 65535 65535 65535 65535 65535 65535 65535 65535 65535 65535 65535 65535 65535 65535 65535 65535 65535 65535 65535 65535 65535 65535 52 52 51 51 51 51 51 51 51 51 51 51 51 51 51 52 53 54 55 56 57 58 58 59 60 61 62 63 65 67 69 71 73 76 78 80 82 85 87 89 91 93 95 96 97 98 99 100 101 102 103 104 105 106 107 108 107 106 105
65535 65535 65535 65535 65535 65535 65535 65535 65535 65535 65535 65535 65535 65535 65535 65535 65535 65535 65535 65535 65535 65535 65535 65535 65535 65535 65535 65535 65535 65535 65535 65535 65535 65535 65535 52 52 51 51 51 51 51 51 51 51 51 51 51 50 51 52 53 54 55 56 57 58 59 60 61 62 63 64 66 68 70 73 75 77 80 82 84 86 89 91 93 96 97 98 99 100 101 102 103 104 105 106 107 108 109 110 110 108 107
65535 65535 65535 65535 65535 65535 65535 65535 65535 65535 65535 65535 65535 65535 65535 65535 65535 65535 65535 65535 65535 65535 65535 65535 65535 65535 65535 65535 65535 65535 65535 65535 65535 65535 65535 52 51 51 51 51 51 51 51 51 51 50 50 50 50 50 52 53 54 55 56 57 59 60 61 62 63 64 65 67 69 72 74 77 79 81 84 86 88 91 93 95 98 100 101 102 102 103 104 105 106 107 108 109 110 111 112 112 111 110
65535 65535 65535 65535 65535 65535 65535 65535 65535 65535 65535 65535 65535 65535 65535 65535 65535 65535 65535 65535 65535 65535 65535 65535 65535 65535 65535 65535 65535 65535 65535 65535 65535 65535 65535 52 51 51 51 51 51 51 51 50 50 50 50 50 50 50 51 53 54 55 56 58 59 60 62 63 64 65 67 68 71 73 76 78 81 83 85 88 90 93 95 98 100 102 103 104 105 106 107 108 109 110 111 112 113 114 115 114 113 112
65535 65535 65535 65535 65535 65535 65535 65535 65535 65535 65535 65535 65535 65535 65535 65535 65535 65535 65535 65535 65535 65535 65535 65535 65535 65535 65535 65535 65535 65535 65535 65535 65535 65535 65535 52 51 51 51 51 51 51 50 50 50 50 50 50 49 50 51 53 54 55 57 58 59 61 62 64 65 66 68 70 72 75 77 80 82 85 87 90 92 95 97 100 102 104 105 106 107 108 109 110 111 112 113 114 115 116 117 117 116 114
65535 65535 65535 65535 65535 65535 65535 65535 65535 65535 65535 65535 65535 65535 65535 65535 65535 65535 65535 65535 65535 65535 65535 65535 65535 65535 65535 65535 65535 65535 65535 65535 65535 65535 65535 52 51 51 51 51 51 50 50 50 50 50 49 49 49 49 51 52 54 55 57 58 60 61 63 64 66 68 69 71 74 76 79 81 84 86 89 92 94 97 99 102 104 106 107 108 109 110 111 112 113 114 115 116 117 118 119 119 118 117
65535 65535 65535 65535 65535 65535 65535 65535 65535 65535 65535 65535 65535 65535 65535 65535 65535 65535 65535 65535 65535 65535 65535 65535 65535 65535 65535 65535 65535 65535 65535 65535 65535 65535 65535 52 51 51 51 51 50 50 50 50 50 49 49 49 49 49 51 52 54 56 57 59 60 62 64 65 67 69 70 72 75 78 80 83 85 88 91 93 96 99 101 104 107 108 109 110 111 113 114 115 116 117 118 119 120 121 122 121 120 119
65535 65535 65535 65535 65535 65535 65535 65535 65535 65535 65535 65535 65535 65535 65535 65535 65535 65535 65535 65535 65535 65535 65535 65535 65535 65535 65535 65535 65535 65535 65535 65535 65535 65535 65535 52 51 51 51 51 50 50 50 50 49 49 49 49 48 49 51 52 54 56 57 59 61 63 64 66 68 70 71 74 76 79 82 84 87 90 92 95 98 101 103 106 109 111 112 113 114 115 116 117 118 119 120 121 122 123 124 124 123 121
65535 65535 65535 65535 65535 65535 65535 65535 65535 65535 65535 65535 65535 65535 65535 65535 65535 65535 65535 65535 65535 65535 65535 65535 65535 65535 65535 65535 65535 65535 65535 65535 65535 65535 65535 52 51 51 51 50 50 50 50 49 49 49 49 48 48 48 50 52 54 56 58 60 61 63 65 67 69 71 73 75 78 80 83 86 89 91 94 97 100 103 105 108 111 113 114 115 116 117 118 119 120 121 122 123 124 125 126 126 125 124
65535 65535 65535 65535 65535 65535 65535 65535 65535 65535 65535 65535 65535 65535 65535 65535 65535 65535 65535 65535 65535 65535 65535 65535 65535 65535 65535 65535 65535 65535 65535 65535 65535 65535 65535 52 51 51 51 50 50 50 49 49 49 49 48 48 48 48 50 52 54 56 58 60 62 64 66 68 70 72 74 76 79 82 85 87 90 93 96 99 102 105 107 110 113 115 116 117 118 119 120 121 122 124 125 126 127 128 129 128 127 126
65535 65535 65535 65535 65535 65535 65535 65535 65535 65535 65535 65535 65535 65535 65535 65535 65535 65535 65535 65535 65535 65535 65535 65535 65535 65535 65535 65535 65535 65535 65535 65535 65535 65535 65535 52 51 51 51 50 50 50 49 49 49 48 48 48 47 48 50 52 54 56 58 60 62 64 67 69 71 73 75 77 80 83 86 89 92 95 98 101 104 107 109 112 115 117 118 119 120 122 123 124 125 126 127 128 129 130 131 131 130 128
65535 65535 65535 65535 65535 65535 65535 65535 65535 65535 65535 65535 65535 65535 65535 65535 65535 65535 65535 65535 65535 65535 65535 65535 65535 65535 65535 65535 65535 65535 65535 65535 65535 65535 65535 52 51 51 50 50 50 49 49 49 48 48 48 47 47 47 50 52 54 56 58 61 63 65 67 70 72 74 76 79 82 85 88 91 94 97 100 103 106 109 111 114 117 119 121 122 123 124 125 126 127 128 129 130 131 132 133 133 132 131
65535 65535 65535 65535 65535 65535 65535 65535 65535 65535 65535 65535 65535 65535 65535 65535 65535 65535 65535 65535 65535 117 117 117 117 117 117 117 117 117 117 117 117 117 117 116 111 106 101 96 91 86 81 77 72 67 62 57 52 49 51 53 56 58 60 62 65 67 69 71 74 76 78 81 84 87 90 93 96 99 102 105 108 111 114 117 120 122 123 124 125 126 127 128 129 130 131 132 133 134 135 135 134 133
65535 65535 65535 65535 65535 65535 65535 65535 65535 65535 65535 65535 65535 65535 65535 65535 65535 65535 65535 65535 65535 117 117 117 117 117 117 117 117 117 117 117 117 117 117 116 112 107 102 98 93 88 84 79 74 70 65 60 56 53 55 58 60 62 64 66 68 71 73 75 77 79 81 84 87 90 93 96 98 101 104 107 110 113 116 119 122 124 125 126 127 128 128 129 130 131 132 133 134 135 136 136 135 134
65535 65535 65535 65535 65535 65535 65535 65535 65535 65535 65535 65535 65535 65535 65535 65535 65535 65535 65535 65535 65535 117 117 117 117 117 117 117 117 117 117 117 117 117 117 116 112 108 103 99 95 90 86 82 77 73 68 64 60 57 60 62 64 66 68 70 72 74 76 78 81 83 85 87 90 93 96 98 101 104 107 110 112 115 118 121 124 126 127 127 128 129 130 131 132 133 134 135 136 136 137 137 136 135
65535 65535 65535 65535 65535 65535 65535 65535 65535 65535 65535 65535 65535 65535 65535 65535 65535 65535 65535 65535 65535 117 117 117 117 117 117 117 117 117 117 117 117 117 117 117 112 108 104 100 96 92 88 84 80 76 72 68 64 62 64 66 68 70 72 74 76 78 80 82 84 86 88 90 93 96 99 101 104 107 109 112 115 118 120 123 126 128 128 129 130 131 132 133 133 134 135 136 137 138 138 138 137 136
65535 65535 65535 65535 65535 65535 65535 65535 65535 65535 65535 65535 65535 65535 65535 65535 65535 65535 65535 65535 65535 117 117 117 117 117 117 117 117 117 117 117 117 117 117 117 113 109 105 102 98 94 90 87 83 79 75 72 68 66 68 70 72 74 76 78 80 82 84 85 87 89 91 94 96 99 101 104 107 109 112 115 117 120 123 125 128 130 130 131 132 133 133 134 135 136 136 137 138 139 139 139 138 137
65535 65535 65535 65535 65535 65535 65535 65535 65535 65535 65535 65535 65535 65535 65535 65535 65535 65535 65535 65535 65535 117 117 117 117 117 117 117 117 117 117 117 117 117 117 117 113 110 106 103 99 96 93 89 86 82 79 75 72 70 72 74 76 78 80 81 83 85 87 89 91 93 95 97 99 102 104 107 110 112 115 117 120 122 125 127 130 132 132 133 134 134 135 136 136 137 138 138 139 140 140 140 139 138
65535 65535 65535 65535 65535 65535 65535 65535 65535 65535 65535 65535 65535 65535 65535 65535 65535 65535 65535 65535 65535 117 117 117 117 117 117 117 117 117 117 117 117 117 117 117 114 110 107 104 101 98 95 92 89 85 82 79 76 74 76 78 80 82 83 85 87 89 91 92 94 96 98 100 102 105 107 110 112 115 117 120 122 125 127 130 132 134 134 135 135 136 137 137 138 138 139 140 140 141 141 141 140 139
65535 65535 65535 65535 65535 65535 65535 65535 65535 65535 65535 65535 65535 65535 65535 65535 65535 65535 65535 65535 65535 117 117 117 117 117 117 117 117 117 117 117 117 117 117 117 114 111 108 105 103 100 97 94 91 89 86 83 80 79 80 82 84 86 87 89 91 93 94 96 98 99 101 103 106 108 110 113 115 117 120 122 125 127 129 132 134 136 136 137 137 138 138 139 139 140 140 141 141 142 142 142 141 140
65535 65535 65535 65535 65535 65535 65535 65535 65535 65535 65535 65535 65535 65535 65535 65535 65535 65535 65535 65535 65535 117 117 117 117 117 117 117 117 117 117 117 117 117 117 117 114 112 109 107 104 102 99 97 94 92 89 87 84 83 85 86 88 90 91 93 95 96 98 99 101 103 104 106 109 111 113 116 118 120 122 125 127 129 132 134 136 138 138 138 139 139 140 140 141 141 142 142 143 143 143 143 142 141
65535 65535 65535 65535 65535 65535 65535 65535 65535 65535 65535 65535 65535 65535 65535 65535 65535 65535 65535 65535 65535 117 117 117 117 117 117 117 117 117 117 117 117 117 117 117 115 113 110 108 106 104 101 99 97 95 93 90 88 87 89 90 92 94 95 97 98 100 101 103 105 106 108 110 112 114 116 118 121 123 125 127 129 132 134 136 138 140 140 140 141 141 141 142 142 143 143 143 144 144 144 144 143 142
65535 65535 65535 65535 65535 65535 65535 65535 65535 65535 65535 65535 65535 65535 65535 65535 65535 65535 65535 65535 65535 117 117 117 117 117 117 117 117 117 117 117 117 117 117 117 115 113 111 109 107 106 104 102 100 98 96 94 92 91 93 94 96 97 99 100 102 103 105 106 108 109 111 113 115 117 119 121 123 125 128 130 132 134 136 138 140 142 142 142 142 143 143 143 144 144 144 145 145 145 145 145 144 143
65535 65535 65535 65535 65535 65535 65535 65535 65535 65535 65535 65535 65535 65535 65535 65535 65535 65535 65535 65535 65535 117 117 117 117 117 117 117 117 117 117 117 117 117 117 117 115 114 112 111 109 107 106 104 103 101 100 98 96 96 97 99 100 101 103 104 106 107 109 110 111 113 114 116 118 120 122 124 126 128 130 132 134 136 138 140 142 144 144 144 144 144 145 145 145 145 146 146 146 146 146 146 145 144
65535 65535 65535 65535 65535 65535 65535 65535 65535 65535 65535 65535 65535 65535 65535 65535 65535 65535 65535 65535 65535 117 117 117 117 117 117 117 117 117 117 117 117 117 117 117 116 115 113 112 111 109 108 107 106 104 103 102 100 100 101 103 104 105 107 108 109 111 112 113 115 116 118 119 121 123 125 127 129 131 133 135 137 139 141 143 144 146 146 146 146 146 146 146 147 147 147 147 147 147 147 147 146 145
65535 65535 65535 65535 65535 65535 65535 65535 65535 65535 65535 65535 65535 65535 65535 65535 65535 65535 65535 65535 65535 117 117 117 117 117 117 117 117 117 117 117 117 117 117 117 116 115 114 113 112 111 110 109 108 107 106 105 104 104 105 107 108 109 111 112 113 114 116 117 118 120 121 122 124 126 128 130 132 134 135 137 139 141 143 145 147 148 148 148 148 148 148 148 148 148 148 148 148 148 148 148 147 146
65535 65535 65535 65535 65535 65535 65535 65535 65535 65535 65535 65535 65535 65535 65535 65535 65535 65535 65535 65535 65535 201 195 189 183 178 172 166 160 154 148 143 137 131 125 120 119 119 118 117 116 115 115 114 113 112 111 111 110 110 111 112 113 114 116 117 118 119 120 122 123 124 125 127 129 130 132 134 136 138 140 141 143 145 147 149 150 151 151 152 152 152 152 152 152 152 152 152 152 152 152 151 150 149
65535 65535 65535 65535 65535 65535 65535 65535 65535 65535 65535 65535 65535 65535 65535 65535 65535 65535 65535 65535 65535 201 196 190 185 179 174 169 163 158 152 147 142 136 131 126 126 125 124 123 123 122 121 120 119 119 118 117 116 116 117 119 120 121 122 123 124 125 126 128 129 130 131 132 134 136 138 140 142 143 145 147 149 151 153 154 156 157 157 157 158 158 158 158 158 158 158 158 158 158 158 158 156 155
65535 65535 65535 65535 65535 65535 65535 65535 65535 65535 65535 65535 65535 65535 65535 65535 65535 65535 65535 65535 65535 201 196 191 186 181 176 171 166 161 156 151 146 141 136 132 132 131 130 130 129 128 127 127 126 125 124 124 123 123 124 125 126 127 128 129 130 131 132 133 135 136 137 138 140 142 144 145 147 149 151 153 155 157 158 160 162 163 163 163 163 164 164 164 164 164 164 164 164 164 165 164 162 161
65535 65535 65535 65535 65535 65535 65535 65535 65535 65535 65535 65535 65535 65535 65535 65535 65535 65535 65535 65535 65535 201 197 192 188 183 179 174 169 165 160 156 151 147 142 139 138 137 136 136 135 134 134 133 132 132 131 130 130 130 130 131 132 133 134 135 136 137 138 139 140 141 142 144 146 147 149 151 153 155 157 159 161 162 164 166 168 169 169 169 169 170 170 170 170 170 170 170 170 171 171 170 168 167
65535 65535 65535 65535 65535 65535 65535 65535 65535 65535 65535 65535 65535 65535 65535 65535 65535 65535 65535 65535 65535 201 197 193 189 185 181 177 173 168 164 160 156 152 148 145 144 143 143 142 141 141 140 139 139 138 138 137 136 136 137 138 139 140 141 142 143 143 144 145 146 147 148 149 151 153 155 157 159 161 163 164 166 168 170 172 174 175 175 175 175 175 176 176 176 176 176 176 177 177 177 176 174 173
65535 65535 65535 65535 65535 65535 65535 65535 65535 65535 65535 65535 65535 65535 65535 65535 65535 65535 65535 65535 65535 201 198 194 190 187 183 179 176 172 168 165 161 157 154 151 150 149 149 148 148 147 146 146 145 145 144 144 143 143 144 144 145 146 147 148 149 150 150 151 152 153 154 155 157 159 161 163 164 166 168 170 172 174 176 178 180 181 181 181 181 181 182 182 182 182 182 183 183 183 183 182 180 179
65535 65535 65535 65535 65535 65535 65535 65535 65535 65535 65535 65535 65535 65535 65535 65535 65535 65535 65535 65535 65535 201 198 195 192 188 185 182 179 176 172 169 166 163 159 157 156 156 155 155 154 153 153 152 152 151 151 150 150 149 150 151 152 152 153 154 155 156 156 157 158 159 159 161 163 164 166 168 170 172 174 176 178 180 182 184 185 187 187 187 187 187 188 188 188 188 188 189 189 189 189 188 186 184
