pluvio/pluvio-337.asc
ncols         252
nrows         154
xllcorner     -0.5
yllcorner     -153.5
cellsize      1
NODATA_value  -9999
[rows 0 to 80 of 154, columns 0 to 95 of 252]
35 33 32 30 29 29 29 29 29 29 28 27 24 22 20 17 15 12 11 10 9 8 7 7 6 5 5 5 5 5 5 4 4 4 3 3 3 2 2 2 3 3 3 4 4 5 6 6 7 8 9 9 10 12 14 15 17 19 21 22 20 17 14 11 8 5 2 2 2 2 2 2 2 2 2 2 1 1 1 1 1 1 1 1 1 0 0 0 0 0 0 0 0 0 0 0
31 30 29 28 28 27 27 27 26 26 26 24 22 19 17 14 12 10 8 8 7 7 6 6 5 5 5 5 5 4 4 4 4 3 3 3 2 2 2 2 2 2 3 3 4 4 5 6 7 8 9 10 11 13 16 18 21 23 26 29 25 21 17 13 10 6 2 1 1 1 2 2 2 2 1 1 1 1 1 1 1 1 1 1 1 1 1 0 0 0 0 0 0 0 0 0
27 27 26 26 26 25 25 24 24 23 23 21 19 16 14 12 9 7 6 6 6 6 5 5 5 5 5 5 4 4 4 4 4 3 3 2 2 2 1 1 2 2 2 2 3 3 4 5 6 8 9 10 11 14 18 21 25 28 31 35 31 26 21 16 11 6 1 1 1 1 1 1 1 1 1 1 1 1 1 1 1 1 1 1 1 1 1 1 1 1 0 0 0 0 0 0
23 24 24 24 24 23 22 22 21 21 20 18 16 14 11 9 7 4 3 4 4 4 4 5 5 5 5 4 4 4 4 4 3 3 3 2 2 1 1 1 1 1 1 2 2 2 3 4 6 7 9 10 12 16 20 24 28 32 37 41 36 30 24 19 13 7 1 1 1 1 1 1 1 1 1 1 1 1 1 1 1 1 1 1 1 1 1 1 1 1 1 1 1 0 0 0
21 21 22 22 22 21 21 20 19 19 18 16 14 12 9 7 5 3 2 3 3 3 4 4 5 5 5 4 4 4 4 3 3 3 2 2 2 1 1 1 1 1 1 1 1 1 2 4 6 7 9 10 12 16 20 25 29 34 38 43 38 32 26 19 13 7 1 1 0 0 0 0 0 0 1 1 1 1 1 1 1 1 1 1 1 1 1 1 1 1 1 1 1 0 0 0
19 20 20 21 21 20 19 19 18 17 16 15 13 11 9 7 5 2 2 2 3 3 4 4 5 5 4 4 4 4 4 3 3 3 2 2 2 1 1 1 1 1 1 1 1 1 2 4 5 6 8 9 11 15 19 23 28 32 37 41 36 30 25 19 13 7 1 1 1 1 0 0 0 0 0 1 1 1 1 1 1 1 1 1 1 1 1 1 1 1 1 1 1 0 0 0
18 19 19 20 19 19 18 17 16 16 15 14 12 10 8 6 4 2 2 2 3 3 4 4 4 4 4 4 4 4 4 3 3 3 2 2 2 1 1 1 1 1 1 1 1 1 2 3 5 6 7 8 10 13 18 22 26 31 35 39 35 29 24 18 12 7 1 1 1 1 0 0 0 0 0 1 1 1 1 1 1 1 1 1 1 1 1 1 1 1 1 1 1 0 0 0
17 17 18 18 18 17 17 16 15 14 14 12 11 9 7 5 4 2 2 2 2 3 3 4 4 4 4 4 4 4 4 4 3 3 2 2 2 1 1 1 1 1 1 1 1 1 2 3 4 5 6 7 8 12 16 21 25 29 33 37 33 28 23 17 12 7 1 1 1 1 1 0 0 0 0 0 1 1 1 1 1 1 1 1 1 1 1 1 1 1 1 1 0 0 0 0
15 16 16 17 17 16 15 14 14 13 12 11 9 8 6 5 3 2 1 2 2 3 3 4 4 4 4 4 4 4 4 4 3 3 2 2 2 1 1 1 1 1 1 1 1 1 2 3 4 5 6 6 7 11 15 19 23 27 31 36 32 27 21 16 11 6 1 1 1 1 1 0 0 0 0 0 1 1 1 1 1 1 1 1 1 1 1 1 1 1 1 1 0 0 0 0
14 14 15 15 15 14 14 13 12 11 11 10 8 7 6 4 3 2 1 2 2 2 3 3 4 4 4 4 4 4 4 4 3 3 3 2 2 1 1 1 1 1 1 1 1 1 2 2 3 4 5 6 6 10 14 18 22 26 30 34 30 25 20 16 11 6 1 1 1 1 1 0 0 0 0 0 0 1 1 1 1 1 1 1 1 1 1 1 1 1 1 1 0 0 0 0
12 13 13 14 14 13 12 12 11 10 9 8 7 6 5 4 2 1 1 1 2 2 3 3 4 4 4 4 4 4 4 4 3 3 3 2 2 1 1 1 1 1 1 1 1 1 2 2 3 3 4 5 5 9 12 16 20 24 28 32 28 24 19 15 10 6 2 1 1 1 1 0 0 0 0 0 0 1 1 1 1 1 1 1 1 1 1 1 1 1 1 0 0 0 0 0
12 12 13 13 13 12 12 11 10 9 9 8 7 6 5 4 3 2 2 2 2 3 3 3 4 4 4 4 4 4 4 4 4 3 3 2 2 1 1 1 1 1 1 1 1 1 1 2 3 3 4 4 5 8 11 15 19 22 26 30 26 22 18 14 10 6 1 1 1 1 1 0 0 0 0 0 0 1 1 1 1 1 1 1 1 1 1 1 1 1 0 0 0 0 0 0
12 12 13 13 13 12 12 11 10 9 9 8 7 6 5 4 3 3 2 3 3 3 4 4 4 4 4 4 4 4 4 4 4 3 3 2 2 1 1 1 1 1 1 1 1 1 1 2 2 3 3 4 4 7 11 14 17 20 24 27 24 20 16 13 9 5 1 1 1 1 0 0 0 0 0 0 0 0 1 1 1 1 1 1 1 1 1 1 0 0 0 0 0 0 0 0
12 12 13 13 13 12 12 11 10 9 9 8 7 6 6 5 4 3 3 4 4 4 4 4 5 5 5 5 4 4 4 4 4 3 3 2 2 1 1 1 1 1 1 1 1 1 1 2 2 3 3 4 4 7 10 13 16 18 21 24 22 18 15 11 8 5 1 1 1 1 0 0 0 0 0 0 0 0 0 1 1 1 1 1 1 0 0 0 0 0 0 0 0 0 0 0
12 12 13 13 13 12 12 11 10 9 9 8 7 7 6 6 5 4 4 4 5 5 5 5 5 5 5 5 5 5 5 4 4 3 3 2 2 1 1 1 1 1 1 1 1 1 1 2 2 3 3 4 4 6 9 11 14 16 19 22 19 16 13 10 7 4 1 1 1 0 0 0 0 0 0 0 0 0 0 0 1 0 0 0 0 0 0 0 0 0 0 0 0 0 0 0
12 12 13 13 13 12 11 11 10 9 9 8 8 7 7 6 6 5 5 5 5 5 5 6 6 6 5 5 5 5 5 5 4 4 3 3 2 1 1 1 1 1 1 1 1 1 1 2 2 2 3 3 4 6 8 10 12 15 17 19 17 14 11 9 6 4 1 1 1 0 0 0 0 0 0 0 0 0 0 0 0 0 0 0 0 0 0 0 0 0 0 0 0 0 0 0
11 12 12 13 13 12 11 11 10 9 9 8 8 7 7 7 6 6 6 6 6 6 6 6 6 6 6 6 5 5 5 5 4 4 3 3 2 1 1 1 1 1 1 1 1 1 1 1 2 2 3 3 4 5 7 9 11 13 14 16 14 12 10 8 5 3 1 1 0 0 0 0 0 0 0 0 0 0 0 0 0 0 0 0 0 0 0 0 0 0 0 0 0 0 0 0
11 12 12 13 13 12 11 11 10 9 9 8 8 8 7 7 7 7 7 7 7 7 7 7 7 6 6 6 6 5 5 5 4 4 3 3 2 1 1 1 1 1 1 1 1 1 1 1 2 2 3 3 4 5 6 8 9 11 12 13 12 10 8 6 4 2 1 0 0 0 0 0 0 0 0 0 0 0 0 0 0 0 0 0 0 0 0 0 0 0 0 0 0 0 0 0
11 12 12 13 13 12 11 11 10 10 9 9 9 8 8 8 8 8 8 8 8 7 7 7 7 7 7 6 6 6 5 5 4 4 3 3 2 1 1 1 1 1 1 1 0 0 1 1 2 2 3 3 3 5 6 7 8 9 11 12 11 9 7 6 4 2 1 0 0 0 0 0 0 0 0 0 0 0 0 0 0 0 0 0 0 0 0 0 0 0 0 0 0 0 0 0
11 11 12 12 12 12 12 11 11 10 10 10 9 9 9 9 9 9 9 9 8 8 8 8 8 7 7 6 6 5 5 4 4 3 3 2 2 1 1 1 1 1 0 0 0 0 1 1 2 2 3 3 4 4 6 7 8 9 10 11 10 8 7 5 4 2 1 0 0 0 0 0 0 0 0 0 0 0 0 0 0 0 0 0 0 0 0 0 0 0 0 0 0 0 0 0
10 11 11 12 12 12 12 11 11 11 11 10 10 10 10 10 10 10 10 10 9 9 9 9 8 8 7 7 6 5 5 4 3 3 3 2 2 1 1 0 0 0 0 0 0 0 1 1 2 2 3 3 4 4 5 6 7 8 9 10 9 7 6 5 3 2 1 0 0 0 0 0 0 0 0 0 0 0 0 0 0 1 1 1 1 1 1 1 1 1 0 0 0 0 0 0
10 11 11 12 12 12 12 12 12 12 11 11 11 11 11 11 11 11 11 10 10 10 10 9 9 8 8 7 6 5 4 4 3 3 2 2 1 1 1 0 0 0 0 0 0 0 1 1 2 2 3 3 4 4 5 6 7 7 8 9 8 7 6 4 3 2 1 0 0 0 0 0 0 0 0 0 0 0 1 1 1 1 1 1 1 1 1 1 1 1 1 0 0 0 0 0
10 10 11 11 12 12 12 12 12 12 12 12 12 12 12 12 12 12 12 11 11 11 10 10 10 9 8 7 6 5 4 3 3 2 2 2 1 1 0 0 0 0 0 0 0 0 1 1 2 2 3 3 4 4 5 6 6 7 7 8 7 6 5 4 3 2 1 1 0 0 0 0 0 0 0 0 1 1 1 1 1 1 1 1 1 1 1 1 1 1 1 1 0 0 0 0
9 10 10 11 11 12 12 12 13 13 13 13 13 13 13 13 13 13 13 12 12 11 11 11 10 9 8 7 6 5 4 3 2 2 2 1 1 1 0 0 0 0 0 0 0 0 1 1 2 2 3 3 4 4 5 5 6 6 7 7 6 5 4 4 3 2 1 1 1 0 0 0 0 0 0 1 1 1 1 1 1 1 1 1 1 1 1 1 1 1 1 1 0 0 0 0
9 9 10 11 11 12 12 13 13 13 14 14 14 14 14 14 14 14 14 13 13 12 12 11 11 10 9 7 6 5 4 2 2 2 1 1 1 1 0 0 0 0 0 0 0 0 0 1 2 2 3 3 4 4 4 5 5 6 6 6 6 5 4 3 2 2 1 1 1 1 0 0 0 0 0 1 1 1 1 1 1 1 1 1 1 1 2 2 1 1 1 1 0 0 0 0
8 9 10 10 11 11 12 12 13 13 14 14 14 14 14 14 14 13 13 13 12 12 11 10 10 9 8 7 6 4 3 2 2 1 1 1 1 0 0 0 0 0 0 0 0 0 0 1 2 2 3 3 4 4 4 5 5 5 5 6 5 4 3 3 2 1 1 1 1 1 1 0 0 0 1 1 1 1 1 1 1 1 1 1 1 1 1 2 1 1 1 1 0 0 0 0
8 9 9 10 10 11 11 12 12 13 13 14 13 13 13 13 12 12 12 11 11 10 10 9 9 8 7 6 5 4 3 2 1 1 1 1 1 0 0 0 0 0 0 0 0 0 0 1 2 2 3 3 4 4 4 4 4 5 5 5 4 4 3 2 2 1 1 1 1 1 1 1 1 1 1 1 1 1 1 1 1 1 1 1 1 1 1 1 1 1 1 1 0 0 0 0
8 8 9 9 10 10 11 11 12 12 13 13 13 12 12 11 11 11 10 10 9 9 8 8 7 6 6 5 4 3 2 1 1 1 1 1 0 0 0 0 0 0 0 0 0 0 0 1 2 2 3 3 4 4 4 4 4 4 4 4 4 3 3 2 2 1 0 0 0 1 1 1 1 1 1 1 1 1 1 2 2 2 1 1 1 1 1 1 1 1 1 0 0 0 0 0
7 8 8 9 9 10 11 11 12 12 13 12 12 11 11 10 10 9 9 8 8 7 7 6 6 5 4 4 3 2 2 1 1 1 1 0 0 0 0 0 0 0 0 0 0 0 1 1 2 2 3 4 4 4 4 4 4 4 4 4 3 3 2 2 1 1 0 0 0 1 1 1 1 1 1 1 1 1 2 2 2 2 2 1 1 1 1 1 1 1 0 0 0 0 0 0
7 8 8 9 9 10 10 11 11 12 12 12 11 11 10 9 9 8 7 7 6 6 5 5 4 4 3 3 2 2 1 1 1 1 0 0 0 0 0 0 0 0 0 0 0 0 1 1 2 2 3 4 4 4 4 4 4 3 3 3 3 2 2 1 1 1 0 0 0 0 1 1 1 1 1 1 1 2 2 2 2 2 2 1 1 1 1 1 0 0 0 0 0 0 0 0
7 7 8 8 9 9 10 10 11 11 12 11 11 10 9 8 7 7 6 6 5 4 4 3 3 2 2 2 1 1 1 0 0 0 0 0 0 0 0 0 0 0 0 0 0 0 1 1 2 2 3 4 4 4 4 4 3 3 3 2 2 2 1 1 1 1 0 0 0 0 1 1 1 1 1 1 2 2 2 2 2 2 2 1 1 1 1 0 0 0 0 0 0 0 0 0
6 7 7 8 8 9 9 10 10 11 11 11 10 9 8 7 6 5 5 4 4 3 3 2 1 1 1 1 1 0 0 0 0 0 0 0 0 0 0 0 0 0 0 0 0 0 1 1 2 3 3 4 4 4 4 3 3 3 2 2 1 1 1 1 1 0 0 0 0 0 1 1 1 1 1 1 2 2 2 2 2 2 2 1 1 1 0 0 0 0 0 0 0 0 0 0
6 7 7 8 8 8 9 9 10 10 10 10 9 8 7 7 6 5 4 4 3 3 2 2 1 1 1 1 1 0 0 0 0 0 0 0 0 0 0 0 0 0 0 0 0 0 1 1 2 3 3 4 4 4 4 3 3 2 2 2 1 1 1 1 1 0 0 0 0 0 1 1 1 1 1 1 2 2 2 2 2 2 2 1 1 1 0 0 0 0 0 0 0 0 0 0
6 6 7 7 8 8 8 9 9 9 9 9 8 8 7 6 5 5 4 4 3 3 2 2 1 1 1 1 1 1 1 1 1 1 0 0 0 0 0 0 0 0 0 0 0 0 1 1 2 2 3 4 4 4 4 3 3 2 2 1 1 1 1 1 1 0 0 0 0 1 1 1 1 1 1 1 1 1 2 2 2 2 1 1 1 1 0 0 0 0 0 0 0 0 0 0
5 6 7 7 7 8 8 8 8 8 9 8 8 7 6 6 5 4 4 3 3 2 2 1 1 1 1 1 1 1 1 1 1 1 1 1 0 0 0 0 0 0 0 0 0 0 1 1 2 2 3 4 4 4 3 3 3 2 2 1 1 1 1 1 1 0 0 0 0 1 1 1 1 1 1 1 1 1 1 1 2 1 1 1 1 0 0 0 0 0 0 0 0 0 0 0
5 6 6 7 7 7 7 7 7 8 8 7 7 6 6 5 5 4 4 3 3 2 2 1 1 1 1 1 1 1 1 1 1 1 1 1 1 0 0 0 0 0 0 0 0 0 1 1 2 2 3 3 4 4 3 3 2 2 2 1 1 1 1 1 1 1 0 0 0 1 1 1 1 1 1 1 1 1 1 1 1 1 1 1 1 0 0 0 0 0 0 0 0 0 0 0
5 5 6 7 7 7 7 7 7 7 7 6 6 6 5 5 4 4 4 3 3 2 2 1 1 1 1 1 1 2 2 2 2 1 1 1 1 0 0 0 0 0 0 0 0 0 1 1 2 2 3 3 4 4 3 3 2 2 2 1 1 1 1 1 1 1 0 1 1 1 1 1 1 1 1 1 1 1 1 1 1 1 1 0 0 0 0 0 0 0 0 0 0 0 0 0
4 5 6 6 7 6 6 6 6 6 6 6 5 5 5 4 4 4 4 3 3 2 2 1 1 1 1 1 2 2 2 2 2 2 1 1 1 1 0 0 0 0 0 0 0 0 1 1 2 2 3 3 4 3 3 3 2 2 2 1 1 1 1 1 1 1 1 1 1 1 1 1 1 1 1 1 1 1 1 1 0 0 0 0 0 0 0 0 0 0 0 0 0 0 0 0
4 5 5 6 6 6 6 6 5 5 5 5 4 4 4 4 4 4 3 3 3 2 2 1 1 1 1 1 2 2 2 3 2 2 2 1 1 1 0 0 0 0 0 0 0 0 1 1 2 2 3 3 4 3 3 3 2 2 1 1 1 1 1 1 1 1 1 1 1 1 1 1 1 1 1 0 0 0 0 0 0 0 0 0 0 0 0 0 0 0 0 0 0 0 0 0
4 4 5 6 6 5 5 5 5 4 4 4 4 4 4 4 4 4 3 3 3 2 2 1 1 1 1 1 2 2 2 2 2 2 2 1 1 1 0 0 0 0 0 0 0 0 1 1 2 2 3 3 4 3 3 3 2 2 1 1 1 1 1 1 1 1 1 1 1 1 1 1 1 0 0 0 0 0 0 0 0 0 0 0 0 0 0 0 0 0 0 0 0 0 0 0
3 4 4 5 5 5 4 4 4 4 3 3 3 3 4 4 4 4 4 3 3 2 2 1 1 1 1 1 1 2 2 2 2 2 1 1 1 0 0 0 0 0 0 0 0 0 1 1 2 2 3 3 4 3 3 3 2 2 1 1 1 1 1 1 1 1 1 1 1 1 1 1 0 0 0 0 0 0 0 0 0 0 0 0 0 0 0 0 0 0 0 0 0 0 0 0
3 4 4 4 4 4 4 3 3 3 3 3 3 3 3 3 4 4 4 3 3 2 2 1 1 1 1 1 1 1 2 2 2 1 1 1 1 0 0 0 0 0 0 0 0 0 1 1 2 2 3 3 4 3 3 2 2 2 1 1 1 1 1 1 1 1 1 1 1 1 1 0 0 0 0 0 0 0 0 0 0 0 0 0 0 0 0 1 0 0 0 0 0 0 0 0
3 3 3 3 3 3 3 3 3 2 2 2 2 3 3 3 4 4 4 3 3 2 2 1 1 1 1 1 1 1 1 1 1 1 1 1 0 0 0 0 0 0 0 0 0 0 1 1 2 2 3 3 4 3 3 2 2 2 1 1 1 1 1 1 1 1 1 1 1 1 0 0 0 0 0 0 0 0 0 0 0 0 0 0 0 1 1 1 1 1 0 0 0 0 0 0
3 3 3 3 3 2 2 2 2 2 1 2 2 2 3 3 4 4 4 3 3 2 2 1 1 1 1 1 1 1 1 1 1 1 1 1 0 0 0 0 0 0 0 0 0 0 1 1 2 2 3 3 4 3 3 2 2 2 1 1 1 1 1 1 1 1 1 1 1 1 0 0 0 0 0 0 0 0 0 0 0 0 0 0 1 1 1 1 1 1 1 0 0 0 0 0
2 2 2 2 2 2 2 1 1 1 1 1 2 2 3 3 4 4 4 3 3 2 2 1 1 1 1 1 1 1 1 1 1 1 0 0 0 0 0 0 0 0 0 0 0 0 1 1 2 2 3 3 4 3 3 2 2 2 1 1 1 1 1 1 1 1 1 1 1 1 0 0 0 0 0 0 0 0 0 0 0 0 0 0 1 1 1 1 1 1 1 0 0 0 0 0
2 2 2 1 1 1 1 1 1 0 0 0 1 2 2 3 4 4 4 4 3 3 2 1 1 1 1 1 1 0 0 0 0 0 0 0 0 0 0 0 0 0 0 0 0 0 1 1 2 2 3 3 4 3 3 2 2 1 1 0 0 1 1 1 1 1 1 1 1 1 0 0 0 0 0 0 0 0 0 0 0 0 0 1 1 1 1 1 1 1 1 1 0 0 0 0
2 2 2 1 1 1 1 1 0 0 0 0 1 1 2 3 3 4 4 3 3 2 2 1 1 1 1 1 0 0 0 0 0 0 0 0 0 0 0 0 0 0 0 0 0 0 1 1 2 2 3 3 3 3 3 2 2 1 1 0 0 0 1 1 1 1 1 1 1 0 0 0 0 0 0 0 0 0 0 0 0 0 0 1 1 1 1 1 1 1 1 0 0 0 0 0
2 2 2 1 1 1 1 1 0 0 0 0 1 1 2 2 3 3 3 3 2 2 2 1 1 1 0 0 0 0 0 0 0 0 0 0 0 0 0 0 0 0 0 0 0 0 1 1 1 2 2 3 3 3 2 2 2 1 1 0 0 0 0 1 1 1 1 1 0 0 0 0 0 0 0 0 0 0 0 0 0 0 0 0 1 1 1 1 1 1 1 0 0 0 0 0
2 2 2 1 1 1 1 1 1 0 0 0 1 1 1 2 2 3 2 2 2 2 1 1 1 0 0 0 0 0 0 0 0 0 0 0 0 0 0 0 0 0 0 0 0 0 0 1 1 2 2 2 3 3 2 2 1 1 1 0 0 0 0 0 0 0 1 0 0 0 0 0 0 0 0 0 0 0 0 0 0 0 0 0 1 1 1 1 1 1 0 0 0 0 0 0
2 2 2 1 1 1 1 1 1 0 0 0 1 1 1 1 2 2 2 2 1 1 1 1 0 0 0 0 0 0 0 0 0 0 0 0 0 0 0 0 0 0 0 0 0 0 0 1 1 1 2 2 2 2 2 2 1 1 1 0 0 0 0 0 0 0 0 0 0 0 0 0 0 0 0 0 0 0 0 0 0 0 0 0 0 0 1 1 1 0 0 0 0 0 0 0
2 2 2 1 1 1 1 1 1 1 0 0 1 1 1 1 1 1 1 1 1 1 1 0 0 0 0 0 0 0 0 0 0 0 0 0 0 0 0 0 0 0 0 0 0 0 0 1 1 1 1 2 2 2 2 1 1 1 0 0 0 0 0 0 0 0 0 0 0 0 0 0 0 0 0 0 0 0 0 0 0 0 0 0 0 0 0 0 0 0 0 0 0 0 0 0
2 2 2 1 1 1 1 1 1 1 0 0 1 1 1 1 1 1 1 1 1 0 0 0 0 0 0 0 0 0 0 0 0 0 0 0 0 0 0 0 0 0 0 0 0 0 0 0 1 1 1 1 2 2 1 1 1 1 0 0 0 0 0 0 0 0 0 0 0 0 0 0 0 0 0 0 0 0 0 0 0 0 0 0 0 0 0 0 0 0 0 0 0 0 0 0
2 2 2 1 1 1 1 1 1 1 1 0 0 0 0 0 0 0 0 0 0 0 0 0 0 0 0 0 0 0 0 0 0 0 0 0 0 0 0 0 0 0 0 0 0 0 0 0 1 1 1 1 1 1 1 1 1 0 0 0 0 0 0 0 0 0 0 0 0 0 0 0 0 0 0 0 0 0 0 0 0 0 0 0 0 0 0 0 0 0 0 0 0 0 0 0
2 2 1 1 1 1 1 1 1 1 0 0 0 0 0 0 0 0 0 0 0 0 0 0 0 0 0 0 0 0 0 0 0 0 0 0 0 0 0 0 0 0 0 0 0 0 0 0 0 1 1 1 1 1 1 1 1 0 0 0 0 0 0 0 0 0 0 0 0 0 0 0 0 0 0 0 0 0 0 0 0 0 0 0 0 0 0 0 0 0 0 0 0 0 0 0
2 1 1 1 1 1 1 1 1 0 0 0 0 0 0 0 0 0 0 0 0 0 0 0 0 0 0 0 0 0 0 0 0 0 0 0 0 0 0 0 0 0 0 0 0 0 0 0 0 1 1 1 1 1 1 1 0 0 0 0 0 0 0 0 0 0 0 0 0 0 0 0 0 0 0 0 0 0 0 0 0 0 0 0 0 0 0 0 0 0 0 0 0 0 0 0
1 1 1 1 1 1 1 0 0 0 0 0 0 0 0 0 0 0 0 0 0 0 0 0 0 0 0 0 0 0 0 0 0 0 0 0 0 0 0 0 0 0 0 0 0 0 0 0 0 0 1 1 1 1 1 0 0 0 0 0 0 0 0 0 0 0 0 0 0 0 0 0 0 0 0 0 0 0 0 0 0 0 0 0 0 0 0 0 0 0 0 0 0 0 0 0
1 1 1 1 0 0 0 0 0 0 0 0 0 0 0 0 0 0 0 0 0 0 0 0 0 0 0 0 0 0 0 0 0 0 0 0 0 0 0 0 0 0 0 0 0 0 0 0 0 0 0 1 1 1 0 0 0 0 0 0 0 0 0 0 0 0 0 0 0 0 0 0 0 0 0 0 0 0 0 0 0 0 0 0 0 0 0 0 0 0 0 0 0 0 0 0
1 1 0 0 0 0 0 0 0 0 0 0 0 0 0 0 0 0 0 0 0 0 0 0 0 0 0 0 0 0 0 0 0 0 0 0 0 0 0 0 0 0 0 0 0 0 0 0 0 0 0 0 0 0 0 0 0 0 0 0 0 0 0 0 0 0 0 0 0 0 0 0 0 0 0 0 0 0 0 0 0 0 0 0 0 0 0 0 0 0 0 0 0 0 0 0
0 0 0 0 0 0 0 0 0 0 0 0 0 0 0 0 0 0 0 0 0 0 0 0 0 0 0 0 0 0 0 0 0 0 0 0 0 0 0 0 0 0 0 0 0 0 0 0 0 0 0 0 0 0 0 0 0 0 0 0 0 0 0 0 0 0 0 0 0 0 0 0 0 0 0 0 0 0 0 0 0 0 0 0 0 0 0 0 0 0 0 0 0 0 0 0
0 0 0 0 0 0 0 0 0 0 0 0 0 0 0 0 0 0 0 0 0 0 0 0 0 0 0 0 0 0 0 0 0 0 0 0 0 0 0 0 0 0 0 0 0 0 0 0 0 0 0 0 0 0 0 0 0 0 0 0 0 0 0 0 0 0 0 0 0 0 0 0 0 0 0 0 0 0 0 0 0 0 0 0 0 0 0 0 0 0 0 0 0 0 0 0
0 0 0 0 0 0 0 0 0 0 0 0 0 0 0 0 0 0 0 0 0 0 0 0 0 0 0 0 0 0 0 0 0 0 0 0 0 0 0 0 0 0 0 0 0 0 0 0 0 0 0 0 0 0 0 0 0 0 0 0 0 0 0 0 0 0 0 0 0 0 0 0 0 0 0 0 0 0 0 0 0 0 0 0 0 0 0 0 0 0 0 0 0 0 0 0
0 0 0 0 0 0 0 0 0 0 0 0 0 0 0 0 0 0 0 0 0 0 0 0 0 0 0 0 0 0 0 0 0 0 0 0 0 0 0 0 0 0 0 0 0 0 0 0 0 0 0 0 0 0 0 0 0 0 0 0 0 0 0 0 0 0 0 0 0 0 0 0 0 0 0 0 0 0 0 0 0 0 0 0 0 0 0 0 0 0 0 0 0 0 0 0
0 0 0 0 0 0 0 0 0 0 0 0 0 0 0 0 0 0 0 0 0 0 0 0 0 0 0 0 0 0 0 0 0 0 0 0 0 0 0 0 0 0 0 0 0 1 0 0 0 0 0 0 0 0 0 0 0 0 0 0 0 0 0 0 0 0 0 0 0 0 0 0 0 0 0 0 0 0 0 0 0 0 0 0 0 0 0 0 0 0 0 0 0 0 0 0
0 0 0 0 0 0 0 0 0 0 0 0 0 0 0 0 0 0 0 0 0 0 0 0 0 0 0 0 0 0 0 0 0 0 0 0 0 0 0 0 0 0 0 0 1 1 1 0 0 0 0 0 0 0 0 0 0 0 0 0 0 0 0 0 0 0 0 0 0 0 0 0 0 0 0 0 0 0 0 0 0 0 0 0 0 0 0 0 0 0 0 0 0 0 0 0
0 0 0 0 0 0 0 0 0 0 0 0 0 0 0 0 0 0 0 0 0 0 0 0 0 0 0 0 0 0 0 0 0 0 0 0 0 0 0 0 0 0 0 1 1 1 1 1 0 0 0 0 0 0 0 0 0 0 0 0 0 0 0 0 0 0 0 0 0 0 0 0 0 0 0 0 0 0 0 0 0 0 0 0 0 0 0 0 0 0 0 0 0 0 0 0
0 0 0 0 0 0 0 0 0 0 0 0 0 0 0 0 0 0 0 0 0 0 0 0 0 0 0 0 0 0 0 0 0 0 0 0 0 0 0 0 0 0 0 1 1 1 1 1 0 0 0 0 0 0 0 0 0 0 0 0 0 0 0 0 0 0 0 0 0 0 0 0 0 0 0 0 0 0 0 0 0 0 0 0 0 0 0 0 0 0 0 0 0 0 0 0
0 0 0 0 0 0 0 0 0 0 0 0 0 0 0 0 0 0 0 0 0 0 0 0 0 0 0 0 0 0 0 0 0 0 0 0 0 0 0 0 0 0 0 1 1 1 1 1 1 0 0 0 0 0 0 0 0 0 0 0 0 0 0 0 0 0 0 0 0 0 0 0 0 0 0 0 0 0 0 0 0 0 0 0 0 0 0 0 0 0 0 0 0 0 0 0
0 0 0 0 0 0 0 0 0 0 0 0 0 0 0 0 0 0 0 0 0 0 0 0 0 0 0 0 0 0 0 0 0 0 0 0 0 0 0 0 0 0 1 1 1 1 1 1 1 0 0 0 0 1 1 2 2 3 3 4 4 3 2 2 1 1 0 0 0 0 0 0 0 0 0 0 0 0 0 0 0 0 0 0 0 0 0 0 0 0 0 0 0 0 0 0
0 0 0 0 0 0 0 0 0 0 0 0 0 0 0 0 0 0 0 0 0 0 0 0 0 0 0 0 0 0 0 0 0 0 0 0 0 0 0 0 0 0 1 1 1 1 1 1 1 1 0 0 0 1 2 3 5 6 7 8 7 6 5 4 3 2 1 1 0 0 0 0 0 0 0 0 0 0 0 0 0 0 0 0 0 0 0 0 0 0 0 0 0 0 0 0
0 0 0 0 0 0 0 0 0 0 0 0 0 0 0 0 0 0 0 0 0 0 0 0 0 0 0 0 0 0 0 0 0 0 0 0 0 0 0 0 0 0 1 1 1 1 1 1 1 1 1 0 0 2 4 5 7 9 11 12 11 9 8 6 4 3 1 1 1 1 0 0 0 0 0 0 0 0 0 0 0 0 0 0 0 0 0 0 0 0 0 0 0 0 0 0
0 0 0 0 0 0 0 0 0 0 0 0 0 0 0 0 0 0 0 0 0 0 0 0 0 0 0 0 0 0 0 0 0 0 0 0 0 0 0 0 0 1 1 1 1 1 1 1 1 1 1 0 0 2 5 7 9 12 14 17 15 13 10 8 6 4 1 1 1 1 1 0 0 0 0 0 0 0 0 0 0 0 0 0 0 0 0 0 0 0 0 0 0 0 0 0
0 0 0 0 0 0 0 0 0 0 0 0 0 0 0 0 0 0 0 0 0 0 0 0 0 0 0 0 0 0 0 0 0 0 0 0 0 0 0 0 0 1 1 1 1 1 1 1 1 1 1 1 0 3 6 9 12 15 18 21 19 16 13 10 7 5 2 1 1 1 1 0 0 0 0 0 0 0 0 0 0 0 0 0 0 0 0 0 0 0 0 0 0 0 0 0
0 0 0 0 0 0 0 0 0 0 0 0 0 0 0 0 0 0 0 0 0 0 0 0 0 0 0 0 0 0 0 0 0 0 0 0 0 0 0 0 1 1 1 1 1 1 1 1 1 1 1 1 1 4 7 11 14 18 21 25 22 19 16 12 9 6 2 2 1 1 1 1 0 0 0 0 0 0 0 0 0 0 0 0 0 0 0 0 0 0 0 0 0 0 0 0
0 0 0 0 0 0 0 0 0 0 0 0 0 0 0 0 0 0 0 0 0 0 0 0 0 0 0 0 0 0 0 0 0 0 0 0 0 0 0 0 1 1 1 1 1 1 1 1 1 1 1 1 1 4 8 13 17 21 25 29 26 22 18 14 10 6 2 2 2 1 1 1 0 0 0 0 0 0 0 0 0 0 0 0 0 0 0 0 0 0 0 0 0 0 0 0
0 0 0 0 0 0 0 0 0 0 0 0 0 0 0 0 0 0 0 0 0 0 0 0 0 0 0 0 0 0 0 0 0 0 0 0 0 0 0 0 1 1 1 1 1 1 1 1 1 1 1 1 1 4 9 13 18 22 27 31 28 24 19 15 11 7 2 2 1 1 1 1 0 0 0 0 0 0 0 0 0 0 0 0 0 0 0 0 0 0 0 0 0 0 0 0
0 0 0 0 0 0 0 0 0 0 0 0 0 0 0 0 0 0 0 0 0 0 0 0 0 0 0 0 0 0 0 0 0 0 0 0 0 0 0 0 1 1 1 1 1 1 1 1 1 1 1 1 0 4 9 14 19 24 28 33 30 25 20 16 11 7 2 1 1 1 1 0 0 0 0 0 0 0 0 0 0 0 0 0 0 0 0 0 0 0 0 0 0 0 0 0
0 0 0 0 0 0 0 0 0 1 1 1 1 1 0 0 0 0 0 0 0 0 0 0 0 0 0 0 0 0 0 0 0 0 0 0 0 0 0 0 0 1 1 1 1 1 1 1 1 1 1 0 0 5 10 15 20 25 30 35 31 26 21 17 12 7 2 1 1 1 1 0 0 0 0 0 0 0 0 0 0 0 0 0 0 0 0 0 0 0 0 0 0 0 0 0
0 0 0 0 0 0 0 1 1 1 1 1 1 1 1 0 0 0 0 0 0 0 0 0 0 0 0 0 0 0 0 0 0 0 0 0 0 0 0 0 0 1 1 1 1 1 1 1 1 1 0 0 0 5 10 16 21 26 32 37 33 28 22 17 12 7 1 1 1 1 0 0 0 0 0 0 0 0 0 0 0 0 0 0 0 0 0 0 0 0 0 0 0 0 0 0
0 0 0 0 0 0 0 1 1 1 1 1 1 1 1 1 0 0 0 0 0 0 0 0 0 0 0 0 0 0 0 0 0 0 0 0 0 0 0 0 0 0 1 1 1 1 1 1 0 0 0 0 0 5 11 16 22 28 33 39 35 29 24 18 12 7 1 1 1 0 0 0 0 0 0 0 0 0 0 0 0 0 0 0 0 0 0 0 0 0 0 0 0 0 0 0
0 0 0 0 0 0 1 1 1 1 1 1 1 1 1 1 1 0 0 0 0 0 0 0 0 0 0 0 0 0 0 0 0 0 0 0 0 0 0 0 0 0 0 0 1 1 0 0 0 0 0 0 0 5 11 17 23 29 35 41 36 30 25 19 13 7 1 0 0 0 0 0 0 0 0 0 0 0 0 0 0 0 0 0 0 0 0 0 0 0 0 0 0 0 0 0
0 0 0 0 0 0 1 1 1 1 2 2 1 1 1 1 1 0 0 0 0 0 0 0 0 0 0 0 0 0 0 0 0 0 0 0 0 0 0 0 0 0 0 0 0 0 0 0 0 0 0 0 0 5 11 18 24 30 36 43 38 32 25 19 13 7 1 0 0 0 0 0 0 0 0 0 0 0 0 0 0 0 0 0 0 0 0 0 0 0 0 0 0 0 0 0
