pluvio/pluvio-7.asc
ncols         252
nrows         154
xllcorner     -18.017974
yllcorner     13.481982
cellsize      0.035948
NODATA_value  -9999
[rows 51 to 101 of 154, columns 0 to 95 of 252]
65535 65535 65535 65535 65535 65535 65535 65535 65535 65535 65535 65535 65535 65535 65535 65535 65535 65535 65535 65535 65535 65535 65535 65535 65535 65535 65535 65535 65535 65535 65535 65535 65535 65535 65535 42 42 41 41 40 39 39 38 38 37 36 36 35 35 34 34 34 33 33 33 32 32 32 31 31 31 31 30 30 30 31 31 31 31 32 32 32 32 33 33 33 33 33 34 34 34 34 34 34 34 35 35 35 35 35 35 35 34 34 34 33
65535 65535 65535 65535 65535 65535 65535 65535 65535 65535 65535 65535 65535 65535 65535 65535 65535 65535 65535 65535 65535 65535 65535 65535 65535 65535 65535 65535 65535 65535 65535 65535 65535 65535 65535 42 42 41 41 40 40 39 39 38 37 37 36 36 35 35 34 34 34 34 33 33 33 32 32 32 31 31 31 31 31 31 31 32 32 32 32 33 33 33 34 34 34 34 35 35 35 35 35 36 36 36 36 37 37 37 37 37 36 36 35 35
65535 65535 65535 65535 65535 65535 65535 65535 65535 65535 65535 65535 65535 65535 65535 65535 65535 65535 65535 65535 65535 65535 65535 65535 65535 65535 65535 65535 65535 65535 65535 65535 65535 65535 65535 42 42 41 41 40 40 39 39 38 38 37 37 36 36 36 35 35 34 34 34 33 33 33 32 32 32 31 31 31 31 31 32 32 32 33 33 33 34 34 34 35 35 35 36 36 36 37 37 37 37 38 38 38 39 39 39 39 38 38 37 37
65535 65535 65535 65535 65535 65535 65535 65535 65535 65535 65535 65535 65535 65535 65535 65535 65535 65535 65535 65535 65535 65535 65535 65535 65535 65535 65535 65535 65535 65535 65535 65535 65535 65535 65535 42 42 41 41 41 40 40 39 39 38 38 38 37 37 36 36 35 35 35 34 34 34 33 33 32 32 32 31 31 32 32 32 33 33 33 34 34 34 35 35 36 36 36 37 37 37 38 38 38 39 39 40 40 40 41 41 41 40 40 39 39
65535 65535 65535 65535 65535 65535 65535 65535 65535 65535 65535 65535 65535 65535 65535 65535 65535 65535 65535 65535 65535 65535 65535 65535 65535 65535 65535 65535 65535 65535 65535 65535 65535 65535 65535 42 42 42 41 41 40 40 40 39 39 38 38 38 37 37 37 36 36 35 35 34 34 34 33 33 32 32 32 32 32 32 33 33 34 34 34 35 35 36 36 36 37 37 38 38 39 39 39 40 40 41 41 42 42 42 43 43 42 42 41 41
65535 65535 65535 65535 65535 65535 65535 65535 65535 65535 65535 65535 65535 65535 65535 65535 65535 65535 65535 65535 65535 65535 65535 65535 65535 65535 65535 65535 65535 65535 65535 65535 65535 65535 65535 42 42 42 41 41 41 40 40 40 39 39 39 38 38 38 37 37 36 36 35 35 35 34 34 33 33 32 32 32 32 33 33 34 34 35 35 36 36 36 37 37 38 38 39 39 40 40 41 41 42 42 43 43 44 44 45 45 44 44 43 43
65535 65535 65535 65535 65535 65535 65535 65535 65535 65535 65535 65535 65535 65535 65535 65535 65535 65535 65535 65535 65535 65535 65535 65535 65535 65535 65535 65535 65535 65535 65535 65535 65535 65535 65535 42 42 42 42 41 41 41 40 40 40 40 39 39 39 38 38 37 37 36 36 36 35 35 34 34 33 33 32 32 33 33 34 34 35 35 36 36 37 37 38 38 39 39 40 40 41 42 42 43 43 44 44 45 46 46 47 47 46 46 45 45
65535 65535 65535 65535 65535 65535 65535 65535 65535 65535 65535 65535 65535 65535 65535 65535 65535 65535 65535 65535 65535 65535 65535 65535 65535 65535 65535 65535 65535 65535 65535 65535 65535 65535 65535 42 42 42 42 41 41 41 41 41 40 40 40 40 39 39 39 38 38 37 37 36 36 35 35 34 34 33 33 33 33 34 34 35 35 36 36 37 37 38 39 39 40 40 41 42 42 43 43 44 45 45 46 47 47 48 49 49 48 48 47 47
65535 65535 65535 65535 65535 65535 65535 65535 65535 65535 65535 65535 65535 65535 65535 65535 65535 65535 65535 65535 65535 65535 65535 65535 65535 65535 65535 65535 65535 65535 65535 65535 65535 65535 65535 42 42 42 42 42 41 41 41 41 41 41 40 40 40 40 39 39 38 38 37 37 36 36 35 35 34 33 33 33 33 34 35 35 36 36 37 38 38 39 39 40 41 41 42 43 43 44 45 46 46 47 48 48 49 50 51 51 50 50 49 49
65535 65535 65535 65535 65535 65535 65535 65535 65535 65535 65535 65535 65535 65535 65535 65535 65535 65535 65535 65535 65535 65535 65535 65535 65535 65535 65535 65535 65535 65535 65535 65535 65535 65535 65535 42 42 42 42 42 42 42 41 41 41 41 41 41 41 40 40 39 39 38 38 37 37 36 35 35 34 34 33 33 34 34 35 36 36 37 38 38 39 40 40 41 41 42 43 44 45 45 46 47 48 49 49 50 51 52 53 53 52 52 51 51
65535 65535 65535 65535 65535 65535 65535 65535 65535 65535 65535 65535 65535 65535 65535 65535 65535 65535 65535 65535 65535 65535 65535 65535 65535 65535 65535 65535 65535 65535 65535 65535 65535 65535 65535 42 42 42 42 42 42 42 42 42 42 42 42 41 41 41 41 40 39 39 38 38 37 36 36 35 35 34 34 34 34 35 36 36 37 38 38 39 40 40 41 42 42 43 44 45 46 47 47 48 49 50 51 52 53 54 54 55 54 54 53 53
65535 65535 65535 65535 65535 65535 65535 65535 65535 65535 65535 65535 65535 65535 65535 65535 65535 65535 65535 65535 65535 65535 65535 65535 65535 65535 65535 65535 65535 65535 65535 65535 65535 65535 65535 42 42 42 42 42 42 42 42 42 42 42 42 42 42 42 41 41 40 39 39 38 38 37 36 36 35 35 34 34 35 35 36 37 37 38 39 40 40 41 42 43 43 44 45 46 47 48 49 50 51 52 53 54 55 55 56 57 56 56 55 55
65535 65535 65535 65535 65535 65535 65535 65535 65535 65535 65535 65535 65535 65535 65535 65535 65535 65535 65535 65535 65535 88 88 88 88 88 88 88 88 88 88 88 88 88 88 87 84 81 77 74 71 68 65 61 58 55 52 49 45 43 42 42 41 40 40 39 39 38 37 37 36 35 35 35 35 36 37 37 38 39 40 40 41 42 43 43 44 45 46 47 48 49 50 51 52 53 54 55 56 57 58 58 58 57 57 56
65535 65535 65535 65535 65535 65535 65535 65535 65535 65535 65535 65535 65535 65535 65535 65535 65535 65535 65535 65535 65535 88 88 88 88 88 88 88 88 88 88 88 88 88 88 87 84 81 78 75 72 69 66 63 60 56 53 50 47 45 44 44 43 42 41 41 40 39 39 38 37 37 36 36 36 37 38 39 39 40 41 41 42 43 43 44 45 46 47 48 49 50 51 51 52 53 54 55 56 57 58 58 58 58 57 57
65535 65535 65535 65535 65535 65535 65535 65535 65535 65535 65535 65535 65535 65535 65535 65535 65535 65535 65535 65535 65535 88 88 88 88 88 88 88 88 88 88 88 88 88 88 87 84 81 78 75 73 70 67 64 61 58 55 52 49 47 46 45 45 44 43 42 42 41 40 39 39 38 37 37 38 38 39 40 40 41 42 42 43 44 44 45 46 46 47 48 49 50 51 52 53 54 55 56 57 58 59 59 59 58 58 58
65535 65535 65535 65535 65535 65535 65535 65535 65535 65535 65535 65535 65535 65535 65535 65535 65535 65535 65535 65535 65535 88 88 88 88 88 88 88 88 88 88 88 88 88 88 87 84 82 79 76 73 70 68 65 62 59 57 54 51 49 48 47 46 46 45 44 43 42 42 41 40 39 38 38 39 39 40 41 41 42 43 43 44 44 45 46 46 47 48 49 50 51 52 53 54 55 56 57 57 58 59 60 59 59 59 58
65535 65535 65535 65535 65535 65535 65535 65535 65535 65535 65535 65535 65535 65535 65535 65535 65535 65535 65535 65535 65535 88 88 88 88 88 88 88 88 88 88 88 88 88 88 87 85 82 79 77 74 71 69 66 63 61 58 56 53 51 50 49 48 47 47 46 45 44 43 42 41 40 40 39 40 41 41 42 42 43 44 44 45 45 46 47 47 48 49 50 51 52 52 53 54 55 56 57 58 59 60 60 60 59 59 59
65535 65535 65535 65535 65535 65535 65535 65535 65535 65535 65535 65535 65535 65535 65535 65535 65535 65535 65535 65535 65535 88 88 88 88 88 88 88 88 88 88 88 88 88 88 87 85 82 80 77 75 72 70 67 65 62 60 57 55 53 52 51 50 49 48 47 46 45 44 44 43 42 41 41 41 42 42 43 43 44 44 45 46 46 47 47 48 49 50 50 51 52 53 54 55 56 57 58 59 60 60 61 60 60 60 59
65535 65535 65535 65535 65535 65535 65535 65535 65535 65535 65535 65535 65535 65535 65535 65535 65535 65535 65535 65535 65535 88 88 88 88 88 88 88 88 88 88 88 88 88 88 87 85 83 80 78 75 73 71 68 66 64 61 59 57 55 54 53 52 51 50 49 48 47 46 45 44 43 42 42 42 43 43 44 44 45 45 46 46 47 48 48 49 49 50 51 52 53 54 55 56 56 57 58 59 60 61 61 61 60 60 60
65535 65535 65535 65535 65535 65535 65535 65535 65535 65535 65535 65535 65535 65535 65535 65535 65535 65535 65535 65535 65535 88 88 88 88 88 88 88 88 88 88 88 88 88 88 87 85 83 81 78 76 74 72 70 67 65 63 61 59 57 56 55 54 53 52 51 49 48 47 46 45 44 43 43 43 44 44 45 45 46 46 47 47 48 48 49 49 50 51 52 53 54 54 55 56 57 58 59 60 61 61 62 61 61 61 60
65535 65535 65535 65535 65535 65535 65535 65535 65535 65535 65535 65535 65535 65535 65535 65535 65535 65535 65535 65535 65535 88 88 88 88 88 88 88 88 88 88 88 88 88 88 87 85 83 81 79 77 75 73 71 69 67 65 62 60 59 58 56 55 54 53 52 51 50 49 48 47 46 45 44 45 45 45 46 46 47 47 48 48 49 49 50 50 51 52 53 53 54 55 56 57 58 59 59 60 61 62 62 62 62 61 61
65535 65535 65535 65535 65535 65535 65535 65535 65535 65535 65535 65535 65535 65535 65535 65535 65535 65535 65535 65535 65535 88 88 88 88 88 88 88 88 88 88 88 88 88 88 87 85 83 82 80 78 76 74 72 70 68 66 64 62 61 59 58 57 56 55 54 53 51 50 49 48 47 46 45 46 46 47 47 47 48 48 49 49 50 50 50 51 52 52 53 54 55 56 57 57 58 59 60 61 62 63 63 62 62 62 62
65535 65535 65535 65535 65535 65535 65535 65535 65535 65535 65535 65535 65535 65535 65535 65535 65535 65535 65535 65535 65535 88 88 88 88 88 88 88 88 88 88 88 88 88 88 87 86 84 82 80 78 77 75 73 71 69 68 66 64 63 61 60 59 58 57 55 54 53 52 51 49 48 47 46 47 47 48 48 48 49 49 50 50 50 51 51 52 52 53 54 55 56 56 57 58 59 60 61 61 62 63 63 63 63 62 62
65535 65535 65535 65535 65535 65535 65535 65535 65535 65535 65535 65535 65535 65535 65535 65535 65535 65535 65535 65535 65535 88 88 88 88 88 88 88 88 88 88 88 88 88 88 87 86 84 82 81 79 78 76 74 73 71 69 68 66 64 63 62 61 59 58 57 56 54 53 52 51 49 48 48 48 48 49 49 49 50 50 51 51 51 52 52 52 53 54 55 55 56 57 58 59 60 60 61 62 63 64 64 63 63 63 63
65535 65535 65535 65535 65535 65535 65535 65535 65535 65535 65535 65535 65535 65535 65535 65535 65535 65535 65535 65535 65535 88 88 88 88 88 88 88 88 88 88 88 88 88 88 87 86 84 83 81 80 78 77 75 74 72 71 69 68 66 65 64 63 61 60 59 57 56 55 53 52 51 49 49 49 49 50 50 50 51 51 52 52 52 53 53 53 54 55 55 56 57 58 59 59 60 61 62 63 63 64 64 64 64 63 63
65535 65535 65535 65535 65535 65535 65535 65535 65535 65535 65535 65535 65535 65535 65535 65535 65535 65535 65535 65535 65535 88 88 88 88 88 88 88 88 88 88 88 88 88 88 87 86 85 83 82 81 79 78 77 75 74 72 71 70 68 67 66 64 63 62 60 59 57 56 55 53 52 51 50 50 51 51 51 52 52 52 52 53 53 53 54 54 54 55 56 57 58 58 59 60 61 62 62 63 64 65 65 65 64 64 64
65535 65535 65535 65535 65535 65535 65535 65535 65535 65535 65535 65535 65535 65535 65535 65535 65535 65535 65535 65535 65535 98 97 97 96 95 95 94 93 92 92 91 90 89 89 88 87 85 84 83 82 80 79 78 77 75 74 73 72 70 69 68 66 65 64 62 61 60 58 57 56 54 53 52 53 53 53 54 54 54 54 55 55 55 56 56 56 57 57 58 59 60 60 61 62 63 63 64 65 66 66 67 66 66 66 65
65535 65535 65535 65535 65535 65535 65535 65535 65535 65535 65535 65535 65535 65535 65535 65535 65535 65535 65535 65535 65535 98 98 97 96 96 95 94 93 93 92 91 91 90 89 89 87 86 85 84 83 82 81 80 78 77 76 75 74 73 71 70 69 68 67 65 64 63 62 61 59 58 57 56 57 57 57 57 58 58 58 59 59 59 59 60 60 60 61 62 62 63 64 65 65 66 67 67 68 69 69 69 69 69 68 68
65535 65535 65535 65535 65535 65535 65535 65535 65535 65535 65535 65535 65535 65535 65535 65535 65535 65535 65535 65535 65535 98 98 97 96 96 95 94 94 93 93 92 91 91 90 89 88 87 86 85 84 83 82 81 80 79 78 77 76 75 74 73 72 70 69 68 67 66 65 64 63 62 61 60 60 61 61 61 61 62 62 62 63 63 63 63 64 64 65 65 66 67 67 68 68 69 70 70 71 72 72 72 72 71 71 71
65535 65535 65535 65535 65535 65535 65535 65535 65535 65535 65535 65535 65535 65535 65535 65535 65535 65535 65535 65535 65535 98 98 97 97 96 95 95 94 94 93 93 92 91 91 90 89 88 87 86 86 85 84 83 82 81 80 79 78 77 76 75 74 73 72 71 70 69 68 67 66 65 64 64 64 64 65 65 65 66 66 66 66 67 67 67 67 68 68 69 70 70 71 71 72 72 73 73 74 75 75 75 75 74 74 73
65535 65535 65535 65535 65535 65535 65535 65535 65535 65535 65535 65535 65535 65535 65535 65535 65535 65535 65535 65535 65535 98 98 97 97 96 96 95 95 94 94 93 93 92 92 91 90 89 88 88 87 86 85 84 83 83 82 81 80 79 78 78 77 76 75 74 73 72 72 71 70 69 68 68 68 68 68 69 69 69 70 70 70 70 71 71 71 72 72 73 73 74 74 75 75 76 76 77 77 78 78 78 77 77 76 76
65535 65535 65535 65535 65535 65535 65535 65535 65535 65535 65535 65535 65535 65535 65535 65535 65535 65535 65535 65535 65535 98 98 97 97 96 96 95 95 95 94 94 93 93 92 92 91 90 90 89 88 87 87 86 85 84 84 83 82 82 81 80 79 79 78 77 76 76 75 74 73 73 72 71 72 72 72 73 73 73 73 74 74 74 74 75 75 75 76 76 77 77 78 78 78 79 79 80 80 81 81 81 80 80 79 79
65535 65535 65535 65535 65535 65535 65535 65535 65535 65535 65535 65535 65535 65535 65535 65535 65535 65535 65535 65535 65535 98 98 97 97 97 96 96 95 95 95 94 94 93 93 93 92 91 91 90 89 89 88 88 87 86 86 85 84 84 83 82 82 81 81 80 79 79 78 77 77 76 75 75 75 76 76 76 77 77 77 77 78 78 78 78 79 79 79 80 80 81 81 81 82 82 82 83 83 84 84 84 83 83 82 81
65535 65535 65535 65535 65535 65535 65535 65535 65535 65535 65535 65535 65535 65535 65535 65535 65535 65535 65535 65535 65535 98 98 98 97 97 97 96 96 95 95 95 94 94 94 93 93 92 92 91 91 90 90 89 89 88 88 87 86 86 85 85 84 84 83 83 82 82 81 81 80 80 79 79 79 80 80 80 80 81 81 81 81 82 82 82 82 83 83 83 84 84 84 85 85 85 86 86 86 87 87 87 86 85 85 84
65535 65535 65535 65535 65535 65535 65535 65535 65535 65535 65535 65535 65535 65535 65535 65535 65535 65535 65535 65535 65535 98 98 98 97 97 97 96 96 96 96 95 95 95 94 94 94 93 93 92 92 92 91 91 90 90 89 89 89 88 88 87 87 87 86 86 85 85 85 84 84 83 83 83 83 83 84 84 84 84 85 85 85 85 86 86 86 86 87 87 87 87 88 88 88 89 89 89 89 90 90 89 89 88 87 87
65535 65535 65535 65535 65535 65535 65535 65535 65535 65535 65535 65535 65535 65535 65535 65535 65535 65535 65535 65535 65535 98 98 98 98 97 97 97 97 96 96 96 96 95 95 95 95 94 94 94 93 93 93 92 92 92 91 91 91 90 90 90 90 89 89 89 88 88 88 87 87 87 87 87 87 87 87 88 88 88 88 89 89 89 89 90 90 90 90 91 91 91 91 91 92 92 92 92 92 93 93 92 92 91 90 89
65535 65535 65535 65535 65535 65535 65535 65535 65535 65535 65535 65535 65535 65535 65535 65535 65535 65535 65535 65535 65535 98 98 98 98 98 97 97 97 97 97 96 96 96 96 96 95 95 95 95 95 94 94 94 94 93 93 93 93 93 92 92 92 92 92 92 91 91 91 91 91 91 90 90 91 91 91 91 92 92 92 92 93 93 93 93 94 94 94 94 94 94 95 95 95 95 95 95 95 96 96 95 94 94 93 92
65535 65535 65535 65535 65535 65535 65535 65535 65535 65535 65535 65535 65535 65535 65535 65535 65535 65535 65535 65535 65535 98 98 98 98 98 98 97 97 97 97 97 97 97 97 96 96 96 96 96 96 96 96 95 95 95 95 95 95 95 95 95 95 95 95 94 94 94 94 94 94 94 94 94 94 95 95 95 95 96 96 96 96 97 97 97 97 98 98 98 98 98 98 98 98 98 98 98 98 99 99 98 97 96 95 95
65535 65535 65535 65535 65535 65535 65535 65535 65535 65535 65535 65535 65535 65535 65535 65535 65535 65535 65535 65535 65535 98 98 98 98 98 98 98 98 98 98 98 97 97 97 97 97 97 97 97 97 97 97 97 97 97 97 97 97 97 97 97 97 97 97 97 97 97 98 98 98 98 98 98 98 98 99 99 99 99 100 100 100 100 101 101 101 101 101 101 101 101 101 101 101 101 101 101 101 102 102 101 100 99 98 97
65535 65535 65535 65535 65535 65535 65535 65535 65535 65535 65535 65535 65535 65535 65535 65535 65535 65535 65535 65535 65535 98 98 98 98 98 98 98 98 98 98 98 98 98 98 98 98 98 98 98 98 99 99 99 99 99 99 99 99 99 99 100 100 100 100 100 100 101 101 101 101 101 102 102 102 102 102 103 103 103 103 104 104 104 104 105 105 105 105 105 105 105 105 105 105 105 105 105 105 105 104 104 103 102 101 100
65535 65535 65535 65535 65535 65535 65535 103 103 103 103 103 103 103 103 103 103 103 103 103 103 110 110 109 108 107 106 105 105 104 103 102 101 100 99 99 99 100 100 100 100 101 101 101 102 102 102 103 103 103 103 104 104 104 104 104 104 105 105 105 105 105 106 106 106 106 106 106 106 106 107 107 107 107 107 107 107 107 107 107 107 107 107 107 107 107 107 106 106 106 106 106 105 104 103 102
65535 65535 65535 65535 65535 65535 65535 103 103 103 103 103 103 103 103 103 103 103 103 103 103 110 109 108 108 107 106 105 105 104 103 103 102 101 100 100 100 101 102 102 103 104 104 105 105 106 107 107 108 108 108 109 109 109 109 109 109 109 109 109 110 110 110 110 110 110 110 109 109 109 109 109 109 109 109 109 109 108 108 108 108 108 108 108 108 108 107 107 107 107 107 106 106 105 104 103
65535 65535 65535 65535 65535 65535 65535 103 103 103 103 103 103 103 103 103 103 103 103 103 103 109 109 108 107 107 106 106 105 104 104 103 102 102 101 101 102 103 104 105 105 106 107 108 109 110 111 112 113 114 114 114 114 114 114 114 114 114 114 114 114 114 114 114 114 113 113 113 112 112 112 111 111 111 110 110 110 110 109 109 109 109 109 109 109 109 108 108 108 108 108 107 107 106 105 104
65535 65535 65535 65535 65535 65535 65535 103 103 103 103 103 103 103 103 103 103 103 103 103 103 109 108 108 107 107 106 106 105 105 104 104 103 102 102 102 103 104 106 107 108 109 110 112 113 114 115 117 118 119 119 119 119 119 119 119 119 119 118 118 118 118 118 118 118 117 117 116 115 115 114 114 113 113 112 112 111 111 111 110 110 110 110 110 110 110 109 109 109 109 109 108 108 107 106 105
65535 65535 65535 65535 65535 65535 65535 103 103 103 103 103 103 103 103 103 103 103 103 103 103 108 108 107 107 107 106 106 105 105 104 104 104 103 103 103 104 106 107 109 110 112 114 115 117 118 120 121 123 124 124 124 124 123 123 123 123 123 123 123 123 123 123 122 122 121 120 119 118 118 117 116 115 115 114 113 112 112 112 111 111 111 111 111 111 111 110 110 110 110 110 109 108 108 107 106
65535 65535 65535 65535 65535 65535 65535 103 103 103 103 103 103 103 103 103 103 103 103 103 103 108 107 107 107 106 106 106 105 105 105 105 104 104 104 104 106 107 109 111 113 115 117 119 120 122 124 126 128 129 129 129 129 128 128 128 128 128 128 127 127 127 127 126 125 124 123 122 121 120 119 118 117 116 116 115 114 113 113 113 112 112 112 112 112 112 111 111 111 111 111 110 109 109 108 107
65535 65535 65535 65535 65535 65535 65535 103 103 103 103 103 103 103 103 103 103 103 103 103 103 107 107 107 107 106 106 106 106 105 105 105 105 105 104 105 107 109 111 113 116 118 120 122 124 126 128 131 133 134 134 134 134 133 133 133 133 132 132 132 132 131 131 131 129 128 127 126 125 123 122 121 120 118 117 116 115 114 114 114 113 113 113 113 113 113 112 112 112 112 112 111 110 110 109 108
65535 65535 65535 65535 65535 65535 65535 103 103 103 103 103 103 103 103 103 103 103 103 103 103 107 107 106 106 106 106 106 106 106 106 106 105 105 105 106 108 111 113 116 118 120 123 125 128 130 133 135 138 139 139 139 138 138 138 138 137 137 137 136 136 136 136 135 133 132 130 129 128 126 125 123 122 120 119 117 116 115 115 115 115 114 114 114 114 114 113 113 113 113 112 112 111 111 110 110
65535 65535 65535 65535 65535 65535 65535 103 103 103 103 103 103 103 103 103 103 103 103 103 103 106 106 106 106 106 106 106 106 106 106 106 106 106 106 107 109 112 115 118 121 123 126 129 132 134 137 140 143 145 144 144 143 143 143 142 142 142 141 141 141 140 140 139 137 136 134 132 131 129 127 126 124 122 121 119 117 116 116 116 116 115 115 115 115 115 114 114 114 114 113 113 112 112 111 111
65535 65535 65535 65535 65535 65535 65535 103 103 103 103 103 103 103 103 103 103 103 103 103 103 106 106 106 106 106 106 106 106 106 106 107 107 107 107 108 111 114 117 120 123 126 129 132 135 138 142 145 148 150 149 149 148 148 148 147 147 146 146 145 145 145 144 143 141 139 137 136 134 132 130 128 126 124 122 120 119 117 117 117 117 116 116 116 116 115 115 115 115 115 114 114 113 113 112 112
65535 65535 65535 65535 65535 65535 65535 103 103 103 103 103 103 103 103 103 103 103 103 103 103 105 105 105 106 106 106 106 106 107 107 107 107 107 108 109 112 115 119 122 126 129 132 136 139 143 146 149 153 155 154 154 153 153 152 152 151 151 150 150 149 149 148 147 145 143 141 139 137 135 132 130 128 126 124 122 120 119 118 118 118 118 117 117 117 116 116 116 116 115 115 115 114 114 114 113
