pluvio/pluvio-355.asc
ncols         252
nrows         154
xllcorner     -0.5
yllcorner     -153.5
cellsize      1
NODATA_value  -9999
[rows 0 to 54 of 154, columns 96 to 191 of 252]
3 5 6 8 9 11 12 13 15 16 17 19 19 18 17 15 14 12 11 10 8 7 5 4 3 1 2 6 10 14 19 23 27 30 31 33 34 35 36 37 38 39 41 42 43 44 45 46 46 46 46 45 45 45 44 41 37 34 31 28 25 22 20 18 16 15 13 11 11 13 14 16 18 19 21 21 19 18 16 15 13 11 12 15 17 20 22 25 27 27 25 23 21 19 16 14
4 6 8 10 12 14 15 16 17 18 20 21 21 20 19 17 16 14 13 12 10 8 7 5 3 1 2 6 10 14 19 23 27 30 31 33 34 35 36 37 39 40 41 42 43 45 46 46 46 46 45 45 45 44 43 40 37 35 32 29 27 25 23 21 19 17 15 14 14 16 18 20 21 23 25 25 23 21 20 18 16 14 15 16 18 20 21 23 25 24 22 20 19 17 15 14
5 7 10 12 15 17 18 19 20 21 22 23 23 22 21 19 18 17 15 14 12 10 8 6 4 2 1 6 10 14 18 23 27 30 31 33 34 35 36 38 39 40 41 42 44 45 46 47 46 45 45 44 44 43 42 40 37 35 33 31 29 27 25 23 22 20 18 16 17 19 21 23 25 27 29 29 27 25 23 21 19 17 17 18 18 19 20 21 22 21 20 18 17 16 14 13
6 9 12 15 17 20 21 22 22 23 24 25 25 24 23 21 20 19 17 16 13 11 9 6 4 2 1 6 10 14 18 23 27 30 31 33 34 35 37 38 39 40 42 43 44 45 46 47 46 45 44 44 43 42 41 39 37 36 34 32 31 29 27 26 24 22 21 19 20 22 24 27 29 31 33 33 31 29 26 24 22 20 19 19 19 19 19 19 19 18 17 16 15 14 13 12
7 10 13 16 19 21 22 23 24 24 25 26 26 25 24 23 21 20 19 17 15 13 11 9 6 4 4 8 11 15 19 23 27 30 31 32 33 35 36 37 38 40 41 42 43 44 45 46 45 44 43 42 41 40 39 38 37 35 34 33 32 30 29 27 26 24 22 21 21 24 26 28 31 33 35 35 32 30 28 25 23 21 20 19 19 19 18 18 18 17 16 16 15 14 14 13
9 12 14 17 19 22 22 23 24 24 25 26 26 25 24 23 22 21 20 19 17 16 14 12 11 9 9 12 15 18 20 23 26 29 30 31 32 33 34 36 37 38 39 40 41 42 43 44 43 42 41 40 39 39 38 37 36 35 33 32 31 30 29 27 26 24 23 22 22 24 26 28 30 32 34 34 31 29 27 24 22 20 19 19 18 18 18 18 18 17 17 17 16 16 16 15
11 13 16 18 20 22 23 23 24 25 25 26 26 25 25 24 23 22 21 20 19 18 17 16 15 14 14 16 18 20 22 24 26 28 29 30 31 32 33 34 35 36 37 38 39 40 41 41 41 40 39 38 37 37 36 35 34 34 33 32 31 30 29 28 26 25 24 22 23 25 26 28 30 32 34 33 30 28 26 23 21 18 18 18 18 18 18 18 18 18 18 18 18 18 17 17
13 15 17 19 21 22 23 23 24 25 25 26 26 26 25 24 24 23 22 22 21 21 20 20 19 19 19 20 21 22 23 24 26 27 28 28 29 30 31 32 33 34 35 36 37 38 39 39 38 38 37 36 35 35 34 34 33 33 32 31 31 30 29 28 27 25 24 23 23 25 27 28 30 31 33 32 30 27 25 22 20 17 17 17 17 17 18 18 18 18 19 19 19 19 19 20
15 17 18 20 21 23 23 24 24 25 25 26 26 26 25 25 24 24 24 23 23 23 23 23 24 24 24 24 24 24 25 25 25 26 26 27 28 29 30 31 32 32 33 34 35 36 37 37 36 36 35 34 34 33 32 32 32 32 31 31 31 30 29 28 27 26 25 24 24 25 27 28 30 31 32 31 29 26 24 21 19 16 16 16 17 17 18 18 18 19 19 20 20 21 21 22
17 18 19 21 22 23 23 24 24 25 25 26 26 26 26 26 25 25 25 25 25 26 27 27 28 28 29 28 27 27 26 25 25 25 25 26 27 28 28 29 30 31 31 32 33 34 34 35 34 33 33 32 32 31 31 31 31 31 31 31 31 30 29 28 27 26 25 24 25 26 27 28 29 30 32 30 28 25 23 20 18 15 15 15 16 17 17 18 19 19 20 21 22 22 23 24
19 20 21 21 22 23 24 24 24 25 25 26 26 26 26 26 26 26 26 26 27 29 30 31 32 33 34 32 31 29 27 26 24 24 24 25 25 26 27 27 28 29 29 30 31 32 32 32 32 31 31 30 30 29 29 29 29 30 30 30 30 30 29 28 28 27 26 25 25 26 27 28 29 30 31 30 27 24 22 19 17 14 14 15 16 16 17 18 19 20 21 22 23 24 25 26
21 21 22 23 23 24 24 25 25 26 26 27 27 27 27 27 28 28 28 28 30 31 33 34 35 37 37 35 33 31 29 27 25 23 24 24 25 25 25 26 26 27 27 27 28 28 29 29 29 29 28 28 28 28 28 28 28 29 29 29 29 29 29 28 28 27 27 26 26 27 27 28 29 29 30 28 26 24 21 19 17 14 14 15 17 18 19 20 22 23 24 25 26 27 27 28
22 23 24 24 25 25 26 26 27 27 28 28 29 29 29 29 30 30 30 31 32 34 35 37 38 40 40 37 35 33 30 28 26 24 24 24 24 24 24 24 24 24 24 24 24 24 25 25 25 25 26 26 26 27 27 27 27 28 28 28 28 28 28 28 28 28 28 28 28 28 28 28 28 28 28 27 25 23 21 19 17 15 15 17 19 21 23 24 26 27 28 29 29 30 31 31
24 25 25 26 26 26 27 27 28 28 29 29 30 30 31 31 32 32 33 33 35 36 38 39 41 42 42 40 37 34 32 29 26 25 24 24 23 23 22 22 22 21 21 21 21 20 20 20 21 22 23 24 25 26 26 26 26 26 27 27 27 27 27 28 28 28 29 29 29 28 28 27 27 27 26 25 23 22 20 19 17 16 17 19 21 24 26 28 31 32 32 33 33 33 34 34
26 26 27 27 27 28 28 29 29 30 30 31 31 32 33 33 34 34 35 36 37 39 40 42 43 45 45 42 39 36 33 30 27 25 24 23 23 22 21 20 19 19 18 18 17 16 16 16 18 19 20 22 23 25 25 25 25 25 25 25 25 26 26 27 28 29 30 30 30 29 28 27 26 25 24 23 22 21 20 19 18 17 18 21 24 27 29 32 35 36 36 37 37 37 37 37
28 28 28 28 29 29 29 30 31 31 32 32 33 34 34 35 36 37 37 38 40 41 43 45 46 48 48 44 41 38 35 32 28 26 24 23 22 21 20 18 17 16 15 14 13 12 11 12 14 16 18 20 22 24 25 25 24 24 24 24 24 24 26 27 28 29 30 32 31 30 28 27 25 24 23 22 21 20 20 19 18 17 19 23 26 30 33 36 40 41 41 41 41 40 40 40
29 30 30 30 30 30 31 31 32 32 33 34 34 35 36 37 38 39 40 41 43 44 46 47 49 50 50 47 43 40 36 33 29 26 25 23 21 20 18 16 15 14 12 11 10 8 7 7 10 13 15 18 20 23 24 24 23 23 23 23 23 23 25 27 28 30 31 33 33 31 29 27 25 23 21 20 20 19 19 19 19 18 21 25 29 33 36 40 44 45 45 45 44 44 44 43
31 31 31 31 31 31 32 33 33 34 34 35 36 37 38 39 40 41 42 44 45 47 48 50 51 53 53 49 45 42 38 34 30 27 25 23 21 19 17 15 13 11 9 8 6 4 3 3 6 9 12 15 19 22 23 23 22 22 22 21 21 22 24 26 28 30 32 34 34 31 29 26 24 22 19 18 18 19 19 19 19 19 22 27 31 35 40 44 49 50 49 49 48 47 47 46
33 33 33 33 33 33 33 34 35 35 36 36 37 38 40 41 42 43 44 46 47 49 50 52 53 55 55 51 47 43 39 35 31 28 26 24 21 19 17 15 13 11 10 8 6 5 3 3 6 9 12 15 18 21 22 22 21 21 20 20 19 20 23 25 27 29 32 34 33 31 28 25 22 20 17 16 16 17 17 17 17 18 21 25 29 34 38 42 46 47 47 46 46 45 45 44
34 34 34 34 34 34 35 35 36 37 37 38 38 40 41 42 44 45 46 47 49 50 52 53 55 56 56 52 48 44 40 36 32 29 27 25 23 21 19 17 15 14 12 10 9 7 6 6 8 11 13 16 18 21 22 21 20 20 19 18 17 18 21 23 25 28 30 33 32 29 26 23 20 17 14 14 14 14 14 14 15 15 17 21 25 29 32 36 40 40 40 40 39 39 39 39
36 36 36 36 36 36 36 37 37 38 39 39 40 41 43 44 45 47 48 49 51 52 53 55 56 58 57 53 50 46 42 38 34 30 28 27 25 23 21 19 17 16 14 13 12 10 9 9 11 13 15 17 18 20 21 20 19 18 17 16 15 16 19 21 24 26 29 31 31 28 24 21 18 15 12 11 11 11 12 12 12 12 14 17 20 24 27 30 33 34 34 33 33 33 33 33
38 37 37 37 37 37 38 38 39 39 40 41 41 43 44 46 47 48 50 51 52 54 55 56 58 59 59 55 51 47 43 39 35 32 30 28 26 24 23 21 19 18 17 16 14 13 12 12 13 14 16 17 19 20 20 19 18 17 16 15 13 14 17 19 22 25 27 30 29 26 23 19 16 13 10 8 9 9 9 9 9 9 11 14 16 19 21 24 26 27 27 27 27 27 27 27
39 39 39 39 38 38 39 40 40 41 41 42 43 44 46 47 49 50 52 53 54 55 57 58 59 60 60 56 52 48 44 40 36 33 31 29 28 26 25 23 21 20 19 18 17 16 15 14 15 16 17 18 19 20 20 18 17 15 14 13 11 12 15 18 20 23 26 29 28 24 21 18 14 11 7 6 6 6 6 6 6 7 8 10 12 14 15 17 19 20 20 21 21 21 22 22
41 41 40 40 40 40 40 41 42 42 43 43 44 46 47 49 50 52 53 55 56 57 58 60 61 62 61 57 53 49 45 41 37 34 32 31 29 28 26 25 24 23 22 21 20 19 18 17 18 18 18 19 19 19 19 17 16 14 13 11 9 10 13 16 19 21 24 27 26 23 19 16 12 8 5 3 3 4 4 4 4 4 5 6 7 9 10 11 13 13 14 14 15 15 16 16
43 42 42 42 41 41 42 42 43 43 44 45 46 47 49 50 52 54 55 57 58 59 60 61 62 63 63 59 55 51 47 42 38 35 34 32 31 30 28 27 26 25 24 23 22 21 21 20 20 20 20 19 19 19 18 16 15 13 11 9 7 8 11 14 17 20 23 26 25 21 17 14 10 6 2 1 1 1 1 1 1 1 1 2 3 4 4 5 6 6 7 8 9 9 10 11
42 42 42 41 41 41 41 42 43 43 44 44 45 47 49 51 52 54 56 58 59 60 60 61 62 63 63 59 54 50 46 42 38 35 33 32 31 30 28 27 26 25 25 24 24 23 22 22 21 21 20 20 20 19 18 16 14 12 10 9 7 7 10 12 15 18 20 23 22 19 16 12 9 6 2 1 1 1 1 0 0 0 0 1 1 2 2 3 3 4 5 6 6 7 8 9
41 41 41 40 40 40 40 41 41 42 42 43 44 46 48 50 52 54 56 58 59 60 60 61 62 63 62 58 53 49 45 41 36 33 32 31 30 29 28 27 26 25 25 25 24 24 23 23 22 22 21 21 20 19 18 16 14 12 10 8 7 7 9 11 13 15 17 19 19 16 14 11 9 6 4 2 2 2 1 1 0 0 0 1 1 1 2 2 3 3 4 5 6 7 8 9
40 40 39 39 39 38 39 39 40 41 41 42 43 45 47 50 52 54 57 59 59 60 60 61 61 62 61 57 52 48 44 39 35 32 31 30 29 28 27 26 25 25 25 25 25 25 24 24 23 23 22 21 20 20 18 16 14 12 10 8 6 6 8 10 11 13 14 16 15 14 12 10 8 7 5 4 3 3 2 1 1 0 0 1 1 1 1 2 2 3 4 5 6 7 8 9
39 39 38 38 37 37 38 38 39 39 40 40 41 44 47 49 52 55 57 59 60 60 60 61 61 61 60 56 51 47 42 38 33 30 29 29 28 27 26 25 25 25 25 25 25 25 26 25 24 23 23 22 21 20 18 16 14 12 10 8 6 6 7 8 9 10 11 12 12 11 10 9 8 7 6 5 4 3 3 2 1 0 0 0 1 1 1 1 2 2 4 5 6 7 8 9
38 38 37 37 36 36 36 37 37 38 39 39 40 43 46 49 52 55 57 60 60 60 60 60 61 61 60 55 50 46 41 37 32 29 28 27 27 26 25 25 25 25 25 26 26 26 27 26 25 24 23 22 21 20 19 17 15 13 10 8 6 6 6 7 7 8 8 9 9 8 8 8 8 7 7 6 5 4 3 2 1 0 0 0 0 1 1 1 1 2 3 5 6 7 8 9
37 36 36 35 35 35 35 36 36 37 37 38 39 42 45 48 52 55 58 60 60 60 60 60 60 60 59 54 49 45 40 35 31 27 27 26 26 25 25 24 24 25 25 26 27 27 28 28 26 25 24 23 22 20 19 17 15 13 10 8 6 5 5 5 5 5 5 5 5 6 6 7 7 8 8 8 7 5 4 3 2 0 0 0 0 0 0 1 1 2 3 4 6 7 8 10
36 35 35 34 34 33 34 34 35 35 36 37 38 41 45 48 51 55 58 61 61 60 60 60 60 60 58 53 48 44 39 34 29 26 25 25 25 24 24 24 24 25 25 26 27 28 29 29 27 26 25 23 22 21 19 17 15 13 10 8 6 5 4 4 3 3 2 1 2 3 4 6 7 8 10 9 8 6 5 3 2 0 0 0 0 0 0 0 0 1 3 4 5 7 8 10
35 35 35 34 34 34 34 35 35 36 37 37 38 42 45 49 52 55 59 61 61 61 61 61 61 61 59 54 49 44 39 34 29 25 25 26 26 26 26 26 27 27 28 29 30 31 31 31 30 29 27 26 25 24 22 19 17 14 12 10 7 6 5 4 4 3 2 1 2 3 5 6 7 9 10 10 8 7 6 4 3 2 1 1 1 1 1 1 1 2 4 5 6 7 9 10
36 35 35 35 34 34 35 36 36 37 38 39 40 43 46 50 53 56 59 62 62 62 62 62 62 63 61 56 50 45 39 34 28 25 26 27 28 29 29 30 31 32 32 33 33 34 34 34 33 32 31 30 29 28 26 23 20 17 14 11 8 7 6 5 5 4 4 3 3 4 6 7 8 9 10 10 8 7 6 5 4 3 3 3 3 3 3 3 4 4 5 6 7 8 9 10
36 36 35 35 35 35 36 37 38 38 39 40 41 45 48 51 54 57 60 62 63 63 63 64 64 64 63 57 51 46 40 34 28 25 27 28 30 31 33 34 35 36 36 36 37 37 38 37 37 36 35 34 33 32 30 27 23 20 16 13 10 8 7 7 6 6 5 5 5 6 7 7 8 9 10 10 9 8 7 6 5 4 4 4 5 5 5 5 6 6 7 7 8 9 9 10
36 36 36 36 36 36 37 38 39 40 41 42 43 46 49 52 55 58 61 63 64 64 65 65 66 66 65 59 53 47 40 34 28 25 27 29 32 34 36 38 40 40 40 40 40 41 41 41 40 39 38 38 37 36 34 30 26 22 19 15 11 9 8 8 8 7 7 6 6 7 8 8 9 9 10 10 9 8 8 7 6 6 6 6 6 7 7 7 8 8 8 9 9 9 10 10
36 36 36 36 36 36 37 39 40 41 42 43 45 47 50 53 56 58 61 63 64 65 66 67 67 68 67 60 54 48 41 35 28 25 28 31 34 36 39 42 44 44 44 44 44 44 44 44 43 43 42 42 41 40 38 34 29 25 21 16 12 10 9 9 9 9 8 8 8 8 9 9 9 9 10 10 9 9 8 8 8 7 7 8 8 9 9 9 10 10 10 10 10 10 10 10
36 36 36 37 37 37 38 40 41 42 43 45 46 49 51 54 57 59 62 64 65 66 67 68 69 70 69 62 55 48 42 35 28 25 28 32 35 39 43 46 48 48 48 48 47 47 47 47 46 46 46 45 45 45 42 37 33 28 23 18 13 11 11 10 10 10 10 10 9 10 10 10 10 10 10 10 10 9 9 9 9 9 9 9 10 10 11 11 12 12 12 11 11 11 10 10
36 36 37 37 37 38 39 41 42 43 45 46 48 50 53 55 57 60 62 65 66 67 68 70 71 72 71 64 57 49 42 35 28 25 29 33 37 42 46 50 53 52 52 51 51 51 50 50 50 50 49 49 49 49 46 41 36 30 25 20 14 12 12 12 12 11 11 11 11 11 11 10 10 10 10 10 10 10 10 10 10 10 10 11 12 12 13 13 14 14 13 12 12 11 11 10
36 36 36 37 37 38 39 40 41 43 44 45 47 49 52 54 56 59 61 63 64 65 66 67 68 69 68 61 55 48 41 35 28 25 29 32 36 40 44 48 50 50 49 49 49 49 48 48 48 48 49 49 49 49 47 41 36 31 26 21 16 14 13 13 13 12 12 11 11 11 11 11 11 11 10 11 11 11 12 12 12 13 14 15 16 17 18 20 21 20 18 17 15 14 12 11
35 36 36 36 37 37 38 39 40 41 42 44 45 47 50 52 55 57 59 61 62 62 63 64 64 65 63 57 52 46 40 34 28 25 28 31 34 37 40 43 45 45 45 45 45 45 45 45 45 46 46 47 47 48 46 41 36 32 27 23 18 15 15 14 13 13 12 11 11 11 11 11 11 11 11 12 13 13 14 15 15 16 18 20 21 23 25 27 29 28 25 22 20 17 14 11
35 35 36 36 36 36 37 38 39 40 41 42 43 46 48 50 53 55 57 59 59 60 60 60 60 60 59 54 48 43 38 33 28 25 28 30 32 35 37 39 41 41 41 41 41 41 41 41 42 43 44 45 46 46 45 41 36 32 28 24 20 17 16 15 14 13 12 11 11 11 12 12 12 12 12 13 14 15 16 17 18 19 21 24 27 29 32 35 38 36 32 28 24 20 16 12
35 35 35 35 36 36 37 37 38 39 40 40 41 44 46 48 51 53 56 57 57 57 56 56 56 56 54 50 45 41 37 32 28 25 27 29 30 32 33 35 36 36 36 36 37 37 37 38 39 40 41 43 44 45 44 40 36 33 29 25 22 19 18 17 15 14 13 11 11 11 12 12 13 13 13 14 16 17 18 20 21 23 25 29 32 36 39 42 46 43 38 33 28 23 18 13
34 34 35 35 35 35 36 37 37 38 38 39 40 42 44 47 49 51 54 55 55 54 53 53 52 51 50 46 42 39 35 31 28 26 26 27 28 29 30 30 31 31 32 32 33 33 33 34 36 37 39 41 42 44 43 40 36 33 30 27 23 21 19 18 16 15 13 11 11 12 12 13 13 14 14 16 17 19 21 22 24 26 29 33 38 42 46 50 54 51 45 39 33 27 20 14
34 34 34 34 35 35 35 36 36 36 37 37 38 40 42 45 47 49 52 53 52 51 50 49 48 47 45 42 39 36 34 31 28 26 26 26 26 26 26 26 26 27 27 28 29 29 30 31 33 35 37 39 41 43 42 39 37 34 31 28 25 23 21 19 17 15 13 11 11 12 12 13 14 15 15 17 19 21 23 25 27 29 33 38 43 48 53 58 63 59 52 44 37 30 22 15
33 33 34 34 34 34 35 35 35 35 35 35 36 38 41 43 45 48 50 51 50 48 47 45 44 42 41 38 36 34 32 30 28 26 25 25 24 23 22 22 22 22 23 24 24 25 26 27 30 32 34 37 39 41 41 39 37 34 32 29 27 25 22 20 18 16 13 11 11 12 13 14 14 15 16 18 20 23 25 28 30 32 37 43 48 54 60 65 71 67 58 50 41 33 25 16
33 33 34 34 34 34 34 34 34 33 33 33 34 36 38 40 42 45 47 48 47 45 44 43 41 40 38 37 36 34 33 31 30 28 27 26 25 24 23 23 22 23 23 24 24 25 25 26 28 30 32 35 37 39 39 37 35 33 31 29 27 25 23 21 18 16 14 11 11 12 12 13 14 15 16 17 20 22 25 27 29 32 36 42 47 53 58 64 69 65 57 49 41 33 24 16
34 34 34 33 33 33 33 32 32 32 31 31 31 33 35 37 39 41 43 44 43 42 41 40 39 38 37 36 35 34 34 33 32 31 30 29 28 27 26 25 24 24 24 24 25 25 25 26 27 29 31 33 34 36 36 35 33 32 30 29 27 25 23 21 19 16 14 12 11 12 12 13 13 14 15 16 19 21 23 26 28 30 34 39 45 50 55 60 65 61 54 46 39 31 24 16
34 34 33 33 33 33 32 31 31 30 29 29 29 31 32 34 36 38 40 41 40 39 38 38 37 36 36 35 35 35 35 34 34 34 32 31 30 29 28 27 26 26 26 25 25 25 25 25 26 28 29 30 32 33 33 32 31 30 29 28 27 26 23 21 19 17 14 12 11 12 12 12 13 13 14 15 17 20 22 24 26 29 32 37 42 47 51 56 61 57 51 44 37 30 23 16
34 34 33 33 33 32 31 30 29 28 28 27 26 28 30 31 33 34 36 37 37 36 36 35 35 34 34 34 35 35 36 36 36 36 35 34 33 31 30 29 28 27 27 26 26 25 25 25 26 27 27 28 29 30 31 30 30 29 29 28 28 26 24 21 19 17 14 12 11 11 12 12 12 12 13 14 16 18 20 23 25 27 31 35 39 44 48 52 57 54 47 41 35 29 22 16
35 34 33 33 32 31 30 29 28 27 26 24 24 25 27 28 30 31 32 34 33 33 33 33 33 32 33 34 35 36 37 38 39 39 38 36 35 34 32 31 30 29 28 27 26 25 24 24 25 25 26 26 27 27 28 28 28 28 28 28 28 26 24 22 19 17 15 12 11 11 11 11 11 12 12 13 15 17 19 21 23 25 29 33 37 41 45 49 53 50 44 39 33 27 22 16
35 34 33 33 32 31 29 28 26 25 24 22 21 23 24 25 26 28 29 30 30 30 30 30 30 31 31 33 34 36 38 39 41 41 40 39 37 36 35 33 32 31 29 28 27 26 24 24 24 24 24 24 24 25 25 25 26 26 27 27 28 27 24 22 20 17 15 13 11 11 11 11 11 11 11 12 14 16 18 20 22 24 27 30 34 38 41 45 48 46 41 36 31 26 21 16
35 34 33 32 31 30 28 27 25 23 22 20 19 20 21 22 23 24 25 26 27 27 28 28 28 29 30 32 34 36 39 41 43 44 43 41 40 38 37 35 34 32 31 29 27 26 24 23 23 23 22 22 22 22 22 23 24 25 26 27 28 27 25 22 20 17 15 13 12 11 11 11 10 10 10 11 12 14 16 18 20 22 25 28 31 35 38 41 44 42 38 33 29 25 20 16
35 34 33 31 30 29 28 26 25 23 22 21 20 21 22 23 24 26 27 28 28 28 28 28 28 28 28 30 32 33 35 37 38 39 38 38 37 36 35 34 33 31 30 28 27 25 23 22 22 22 22 21 21 21 21 22 23 24 24 25 26 25 23 21 18 16 14 11 10 10 10 10 9 9 9 10 12 14 16 17 19 21 24 26 29 32 35 37 40 38 35 31 27 24 20 16
35 33 32 31 29 28 27 26 25 24 23 22 21 23 24 25 26 28 29 30 29 29 28 28 27 27 27 28 29 30 31 32 33 33 33 33 33 33 32 32 32 30 29 27 26 24 23 22 22 21 21 21 20 20 20 21 21 22 23 23 24 23 21 19 16 14 12 10 9 9 9 9 9 9 9 10 11 13 15 17 18 20 22 25 27 29 32 34 37 35 32 29 26 23 20 16
