pluvio/pluvio-226.asc
ncols         252
nrows         154
xllcorner     -0.5
yllcorner     -153.5
cellsize      1
NODATA_value  -9999
[rows 53 to 105 of 154, columns 96 to 191 of 252]
41 40 39 39 38 38 38 38 38 38 39 39 39 39 39 39 39 39 39 39 40 40 40 40 40 40 40 39 39 39 38 38 38 38 40 42 43 45 46 48 52 59 66 73 80 87 94 102 114 125 137 148 159 171 173 165 157 149 141 133 124 121 121 122 122 122 123 123 123 122 121 120 120 119 118 118 119 121 122 123 124 125 126 125 125 125 125 125 125 125 124 123 122 122 121 120
40 39 39 38 38 37 37 38 38 38 38 39 39 39 39 39 39 39 39 39 39 40 40 40 40 40 40 39 39 39 39 39 38 39 40 42 44 45 47 48 52 59 66 72 79 86 93 101 112 122 133 143 154 164 166 159 151 144 137 129 122 119 119 120 120 121 122 122 122 121 121 120 119 119 118 118 119 120 120 121 122 123 123 123 124 124 124 124 124 124 123 122 121 121 120 119
39 38 38 38 37 37 37 37 38 38 38 38 38 39 39 39 39 39 39 39 39 40 40 40 40 40 40 40 39 39 39 39 39 39 41 42 44 46 47 49 52 59 65 72 79 85 92 100 109 119 129 138 148 158 159 153 146 139 132 126 119 116 117 118 119 120 121 122 122 121 120 120 119 118 118 118 118 119 119 119 120 120 121 121 122 122 122 123 123 123 122 121 120 119 118 118
37 37 37 37 37 37 37 37 37 38 38 38 38 38 39 39 39 39 39 39 39 40 40 40 40 40 40 40 40 40 40 39 39 40 41 43 44 46 48 49 53 59 65 72 78 85 91 99 107 116 125 134 142 151 153 147 141 135 128 122 116 114 115 116 118 119 120 121 121 121 120 119 119 118 117 117 117 117 118 118 118 118 119 119 120 120 121 121 122 122 121 120 119 118 117 116
36 36 36 36 36 36 36 37 37 37 37 38 38 38 38 39 39 39 39 39 39 40 40 40 40 40 40 40 40 40 40 40 40 40 42 43 45 46 48 49 53 59 65 72 78 84 90 97 105 113 121 129 137 145 146 141 135 130 124 119 113 112 113 115 116 118 119 121 121 120 120 119 118 118 117 117 117 116 116 116 116 116 116 117 118 119 119 120 121 121 120 119 118 117 116 115
35 35 35 36 36 36 36 36 37 37 37 37 38 38 38 38 39 39 39 39 39 40 40 40 40 40 40 40 40 40 40 40 40 41 42 44 45 47 48 50 53 59 65 71 77 83 89 96 103 110 117 124 131 138 140 135 130 125 120 116 111 109 111 113 115 116 118 120 120 120 119 119 118 118 117 116 116 115 115 114 114 113 114 115 116 117 118 119 120 120 119 118 117 116 115 114
34 34 35 35 35 36 36 36 36 37 37 37 37 38 38 38 38 39 39 39 39 39 40 40 40 40 40 40 40 40 41 41 41 41 43 44 46 47 49 50 53 59 65 71 77 83 89 95 101 107 113 119 126 132 133 129 125 120 116 112 108 107 109 111 113 115 117 119 120 119 119 118 118 117 117 116 115 114 114 113 112 111 112 113 114 115 116 118 119 119 117 116 115 114 113 112
34 34 34 34 34 34 34 35 36 36 37 37 38 38 39 39 40 40 41 41 41 41 41 41 41 41 41 42 42 42 42 42 42 43 44 46 48 49 51 52 56 62 69 75 82 88 95 101 106 112 117 123 128 134 134 130 126 121 117 113 109 107 109 111 113 115 116 118 119 118 118 118 117 117 117 116 115 115 114 113 112 112 112 113 114 115 116 117 118 118 117 117 116 115 114 114
33 33 33 32 32 32 33 34 35 36 36 37 38 39 40 41 41 42 43 43 43 43 43 43 43 43 43 43 43 43 43 44 44 44 46 48 50 51 53 55 59 66 73 81 88 95 102 108 113 118 122 127 132 136 137 132 128 123 119 114 110 108 110 111 113 114 115 117 117 117 117 117 117 117 117 116 116 115 115 114 113 113 113 114 114 115 116 117 117 117 117 117 116 116 116 116
33 32 32 31 30 30 31 33 34 35 36 37 39 40 41 42 43 44 45 46 45 45 45 45 44 44 44 44 44 45 45 45 45 46 48 50 52 54 56 57 62 70 78 86 94 102 110 116 120 124 128 131 135 139 139 134 130 125 120 115 111 109 110 111 112 113 115 116 116 116 116 117 117 117 117 117 116 116 115 115 114 114 114 114 115 115 116 116 116 117 117 117 117 117 117 118
33 32 31 30 29 28 30 31 33 34 36 38 39 40 42 43 44 46 47 48 47 47 47 46 46 45 45 45 46 46 46 47 47 48 50 52 54 56 58 60 64 73 82 91 99 108 117 123 126 129 133 136 139 142 141 136 131 126 122 117 112 110 110 111 112 113 114 114 115 115 116 116 116 117 117 117 117 116 116 116 115 115 115 115 115 115 115 115 116 116 117 117 118 118 119 119
33 31 30 28 27 26 28 30 32 34 36 38 40 41 43 44 46 48 49 50 50 49 48 48 47 47 46 47 47 48 48 48 49 50 52 54 56 58 60 62 67 77 86 96 105 115 124 131 133 135 138 140 143 145 144 139 133 128 123 118 113 110 111 111 112 112 113 113 114 114 115 115 116 116 117 117 117 117 117 116 116 116 116 116 116 115 115 115 115 115 116 117 118 119 120 121
32 31 29 27 25 24 27 29 31 33 36 38 40 42 44 46 47 49 51 52 52 51 50 49 49 48 48 48 48 49 49 50 50 51 54 56 58 60 63 65 70 80 91 101 111 121 131 138 140 141 143 145 146 148 146 141 135 130 124 119 114 111 111 111 111 112 112 112 112 113 114 115 115 116 117 117 117 117 117 117 117 117 117 116 116 115 115 114 114 115 116 118 119 120 122 123
32 30 28 26 24 22 25 28 30 33 35 38 40 43 45 47 49 51 53 55 54 53 52 51 50 49 49 49 50 50 51 51 52 53 55 58 60 63 65 67 73 84 95 106 117 128 139 145 146 147 148 149 150 151 148 143 137 132 126 120 115 112 112 111 111 111 111 111 111 112 113 114 115 116 117 118 118 118 118 118 118 118 118 117 116 115 115 114 113 114 116 118 120 121 123 125
34 32 31 29 27 26 28 31 33 36 38 40 43 45 47 49 51 53 54 56 55 55 54 53 53 52 52 52 53 53 53 54 54 55 58 60 63 66 69 71 77 89 100 111 123 134 145 152 152 152 153 153 153 153 151 146 140 135 129 124 119 116 115 115 114 114 113 112 113 113 114 115 116 117 117 118 117 117 117 117 117 117 117 116 115 114 113 113 112 113 114 116 117 119 120 122
37 35 34 32 31 30 32 34 36 39 41 43 45 47 49 50 52 54 56 57 57 56 56 56 55 55 55 55 55 55 56 56 56 57 60 63 66 69 73 76 82 94 105 117 128 140 152 158 158 157 157 157 157 156 154 148 143 138 133 128 123 120 119 118 117 116 115 115 114 115 115 116 116 117 117 118 117 117 117 116 116 116 115 114 114 113 112 111 110 111 112 113 114 116 117 118
39 38 37 35 34 34 36 38 40 42 44 46 48 49 51 52 54 55 57 58 58 58 58 58 58 58 58 58 58 58 58 58 58 59 62 66 69 73 76 80 87 98 110 122 134 146 158 164 163 163 162 161 160 159 156 151 146 142 137 132 127 124 123 121 120 119 118 117 116 117 117 117 117 117 118 117 117 116 116 115 115 115 114 113 112 111 111 110 109 109 110 111 112 113 113 114
41 41 40 39 38 38 39 41 43 45 47 48 50 51 53 54 55 56 58 59 59 60 60 60 61 61 61 61 61 60 60 60 60 61 65 69 72 76 80 84 91 103 116 128 140 152 164 171 169 168 166 165 163 162 159 154 150 145 140 136 131 128 126 125 123 122 120 119 118 118 118 118 118 118 118 117 117 116 115 115 114 113 112 112 111 110 109 108 108 108 108 109 109 109 110 110
44 43 43 42 42 41 43 45 46 48 49 51 52 54 55 56 57 58 59 60 60 61 62 63 63 64 65 64 64 63 63 62 62 63 67 71 76 80 84 88 96 108 121 133 146 158 171 177 175 173 171 169 167 165 161 157 153 148 144 140 135 132 130 128 127 125 123 121 120 120 119 119 119 118 118 117 116 116 115 114 113 112 111 110 109 109 108 107 106 106 106 106 106 106 106 106
46 46 46 45 45 45 47 48 49 51 52 54 55 56 57 57 58 59 60 61 62 63 64 65 66 67 68 67 66 66 65 64 63 65 69 74 79 83 88 93 100 113 126 139 152 164 177 183 181 178 175 173 170 167 164 160 156 152 148 143 139 136 134 132 130 127 125 123 122 121 121 120 119 119 118 117 116 115 114 113 112 111 110 109 108 107 107 106 105 104 104 104 104 103 103 103
49 49 49 49 49 49 50 52 53 54 55 56 57 58 59 59 60 60 61 62 63 65 66 67 69 70 71 70 69 68 67 66 65 66 72 77 82 87 92 97 105 118 131 144 157 170 183 189 186 183 180 177 173 170 167 163 159 155 151 147 143 140 138 135 133 130 128 125 124 123 122 121 120 119 118 117 116 115 113 112 111 109 108 108 107 106 105 104 104 103 102 101 101 100 99 99
51 52 52 52 52 53 54 55 56 57 58 59 60 60 60 61 61 61 62 62 64 65 66 68 69 70 71 70 70 69 68 67 67 68 72 77 82 86 91 95 103 114 126 138 150 162 173 179 176 173 171 168 165 163 160 156 153 150 147 143 140 137 135 133 131 128 126 124 122 121 120 118 117 116 115 114 112 111 110 108 107 106 105 105 105 104 104 104 103 103 102 101 100 99 98 98
54 54 55 55 56 56 57 58 59 60 61 61 62 62 62 62 62 62 62 63 64 65 67 68 69 70 71 71 70 70 69 69 68 69 73 77 81 85 89 93 100 110 121 131 142 152 163 168 166 164 161 159 157 155 152 150 147 145 142 139 137 134 132 130 128 126 124 122 120 119 117 116 114 113 111 110 108 107 106 105 104 102 102 102 102 102 103 103 103 102 101 100 99 98 98 97
57 57 58 59 59 60 61 61 62 63 63 64 64 64 64 64 64 63 63 63 64 66 67 68 69 70 71 71 71 70 70 70 70 71 74 78 81 85 88 92 97 107 116 125 134 143 152 157 155 154 152 150 149 147 145 143 141 139 137 135 133 131 130 128 126 124 123 121 119 117 115 113 111 109 107 106 105 103 102 101 100 99 99 99 100 101 101 102 103 102 101 100 99 98 97 95
59 60 61 62 63 64 64 65 65 66 66 67 67 66 66 65 65 64 64 64 65 66 67 68 69 70 71 71 71 71 71 71 71 72 75 78 81 84 87 90 95 103 111 118 126 134 142 146 145 144 143 141 140 139 138 137 135 134 133 131 130 128 127 125 124 122 121 119 117 115 113 110 108 106 104 102 101 100 99 98 96 95 96 97 98 99 100 101 102 102 101 99 98 97 96 94
62 63 64 65 66 67 68 68 68 69 69 69 69 68 68 67 66 65 65 64 65 66 67 68 69 71 71 72 72 72 72 72 72 73 76 78 81 83 86 88 92 99 105 112 118 125 131 135 134 134 133 133 132 132 131 130 129 129 128 127 126 125 124 123 122 120 119 118 116 113 110 108 105 102 100 98 97 96 95 94 93 92 92 94 96 97 99 100 102 101 100 99 97 96 95 93
64 66 67 69 70 71 71 71 71 72 72 72 72 71 70 68 67 66 65 65 66 67 68 69 70 71 71 72 72 73 73 73 74 75 77 79 80 82 84 86 90 95 100 105 111 116 121 124 124 124 124 124 124 124 124 124 123 123 123 123 123 122 121 120 119 118 117 116 114 111 108 105 102 99 96 94 93 92 91 90 89 88 89 91 93 95 98 100 102 101 100 98 97 95 94 92
67 69 70 72 73 75 75 75 75 75 75 74 74 73 71 70 69 67 66 65 66 67 68 69 70 71 72 72 73 73 74 75 75 76 77 79 80 82 83 85 87 91 95 99 103 107 111 113 114 114 115 115 116 116 116 117 118 118 119 119 120 119 119 118 117 116 115 115 112 109 106 102 99 96 92 90 89 89 88 87 86 85 86 89 91 94 96 99 101 101 99 98 96 94 93 91
72 74 76 77 79 80 81 81 82 82 83 83 83 81 80 78 76 75 73 72 72 72 73 73 74 74 75 75 75 76 76 77 77 77 79 80 81 82 83 84 86 89 92 95 98 101 104 106 107 108 108 109 109 110 110 111 111 112 113 113 114 114 113 112 112 111 110 110 108 104 101 98 94 91 88 86 85 84 83 82 81 80 81 83 85 88 90 92 94 93 92 90 89 88 86 85
78 79 81 83 84 86 87 88 89 90 91 92 92 90 88 86 84 82 79 78 78 78 78 78 78 78 78 78 78 78 78 79 79 79 80 81 81 82 83 84 85 87 90 92 94 96 98 100 100 101 102 102 103 104 104 105 105 106 107 107 108 108 107 107 106 106 105 105 103 100 96 93 90 87 83 81 81 80 79 78 77 76 77 78 80 81 83 85 86 86 85 83 82 81 80 79
83 85 86 88 90 91 93 94 96 98 99 101 101 99 96 94 91 89 86 84 84 83 83 82 82 81 81 81 81 81 81 80 80 80 81 81 82 82 83 83 84 86 87 88 89 91 92 93 94 94 95 96 97 97 98 99 99 100 101 101 102 102 102 101 101 101 100 100 98 95 92 88 85 82 79 77 76 75 74 73 72 72 72 73 74 75 76 78 79 78 77 76 76 75 74 73
89 90 92 94 95 97 99 101 103 105 107 109 110 107 104 101 99 96 93 90 89 88 88 87 86 85 84 84 84 83 83 82 82 82 82 82 83 83 83 83 83 84 84 85 85 85 86 86 87 88 89 90 90 91 92 93 93 94 95 95 96 96 96 96 96 95 95 95 93 90 87 84 81 77 74 73 72 71 70 69 68 67 67 68 69 69 70 71 71 71 70 69 69 68 67 67
94 96 97 99 101 103 105 108 110 113 115 118 119 116 113 109 106 103 99 96 95 94 93 91 90 89 88 87 86 86 85 84 84 83 83 83 83 83 83 83 82 82 81 81 80 80 79 80 80 81 82 83 84 85 86 86 87 88 89 89 90 90 90 90 90 90 90 90 88 85 82 79 76 73 70 68 67 66 65 65 64 63 63 63 63 63 63 63 64 63 63 62 62 61 61 60
99 101 103 104 106 108 111 114 117 121 124 127 128 125 121 117 113 110 106 103 101 99 97 96 94 92 91 90 89 88 87 86 86 85 84 84 84 83 83 82 82 80 79 77 76 75 73 73 74 75 76 77 78 79 80 80 81 82 83 83 84 85 85 85 85 85 85 85 84 81 77 74 71 68 65 64 63 62 61 60 59 58 58 58 57 57 57 56 56 56 56 55 55 55 55 54
105 106 108 110 112 114 117 121 124 128 131 135 137 133 129 125 121 117 112 109 107 104 102 100 98 96 94 93 92 91 90 89 87 87 86 85 84 84 83 82 81 79 77 74 72 70 68 67 68 69 70 71 72 73 74 75 76 76 77 78 79 79 79 80 80 80 80 81 79 76 73 70 67 64 61 59 59 58 57 56 55 54 53 53 52 51 51 50 49 49 49 49 49 49 49 49
112 113 115 116 117 119 122 125 128 131 134 137 139 135 132 128 125 122 118 115 112 110 108 105 103 100 98 97 96 95 94 92 91 90 90 89 88 88 87 86 85 83 81 79 76 74 72 71 72 73 74 75 76 77 77 77 77 77 77 77 77 77 77 78 79 79 80 80 79 76 73 70 67 64 61 59 58 57 56 55 54 53 52 51 51 50 49 49 48 48 48 48 48 48 48 48
119 120 121 122 123 124 127 129 132 134 136 139 140 138 135 132 129 127 124 121 118 116 113 110 107 105 102 101 100 99 97 96 95 94 93 93 92 92 91 90 89 87 85 83 81 79 77 76 76 77 78 79 79 80 80 79 78 77 76 76 75 75 76 76 77 78 79 80 79 76 72 69 66 63 60 58 57 56 55 54 53 51 51 50 49 49 48 47 47 47 47 47 47 47 47 47
126 127 127 128 129 129 131 133 135 137 139 141 142 140 138 136 134 132 129 127 124 121 118 115 112 109 107 105 104 103 101 100 99 98 97 97 96 96 95 94 93 91 89 87 85 83 81 80 81 81 82 82 83 84 83 81 80 78 76 74 73 72 74 75 76 77 78 80 78 75 72 69 66 63 60 58 56 55 54 53 51 50 49 49 48 47 47 46 46 46 46 46 46 46 46 46
133 133 134 134 134 135 136 137 139 140 142 143 144 142 141 139 138 137 135 133 130 127 123 120 117 113 111 109 108 107 105 104 103 102 101 101 100 99 99 98 97 95 93 91 89 87 85 84 85 85 86 86 87 87 86 84 81 78 76 73 71 70 72 73 75 76 78 79 78 75 72 69 66 62 59 57 56 54 53 52 50 49 48 47 47 46 46 45 45 44 45 45 45 45 45 45
140 140 140 140 140 140 141 142 142 143 144 145 145 145 144 143 142 142 141 139 136 132 129 125 121 118 115 114 112 111 109 108 106 105 105 104 104 103 103 102 101 99 98 96 94 92 90 89 89 89 90 90 90 91 89 86 82 79 76 72 69 68 70 72 74 75 77 79 78 75 72 68 65 62 59 57 55 54 52 50 49 47 47 46 45 45 44 44 43 43 44 44 44 44 44 45
147 147 146 146 145 145 145 146 146 146 147 147 147 147 147 147 147 147 146 145 142 138 134 130 126 122 119 118 116 115 113 112 110 109 109 108 108 107 107 106 105 104 102 100 98 96 94 93 93 93 94 94 94 94 92 88 84 80 75 71 67 66 68 70 72 74 77 79 78 74 71 68 65 62 58 56 54 53 51 49 48 46 45 45 44 44 43 43 42 42 42 43 43 43 43 44
153 153 152 151 150 149 149 149 149 149 149 149 149 149 150 150 151 151 152 151 147 143 139 135 131 127 123 122 120 118 117 115 114 113 112 112 111 111 111 110 109 107 106 104 102 100 98 97 97 97 97 98 98 98 95 90 85 80 76 71 66 64 67 69 71 73 76 78 77 74 71 68 64 61 58 56 54 52 50 48 47 45 44 43 43 42 42 42 41 41 41 42 42 42 43 43
152 151 150 149 148 147 147 147 147 148 148 148 148 149 150 151 151 152 153 152 149 145 141 137 133 129 126 124 122 121 119 117 115 114 113 113 112 112 112 111 110 108 107 105 103 101 99 99 99 99 100 100 101 101 99 94 89 84 80 75 70 68 69 71 72 73 74 75 74 71 69 66 63 60 57 55 53 51 50 48 46 44 43 43 42 42 41 41 41 41 41 41 41 42 42 42
150 149 148 146 145 144 145 145 146 146 147 147 148 149 150 151 152 153 154 154 150 146 143 139 135 132 128 127 125 123 121 119 117 115 115 114 114 113 112 112 111 109 108 106 104 102 101 100 101 102 102 103 104 105 103 98 93 88 83 79 74 72 72 72 72 72 73 73 72 69 66 64 61 59 56 54 53 51 49 47 45 44 43 42 42 41 41 40 40 40 40 40 41 41 41 41
148 147 146 144 143 142 142 143 144 145 146 147 148 149 150 151 153 154 155 155 152 148 145 141 138 134 131 129 127 125 123 120 118 117 116 115 115 114 113 113 112 110 109 107 105 104 102 102 103 104 105 106 107 108 106 102 97 92 87 83 78 75 74 74 73 72 71 70 69 67 64 62 60 58 56 54 52 50 48 47 45 43 42 42 41 41 40 40 39 39 40 40 40 40 40 41
147 145 143 142 140 139 140 141 143 144 145 146 147 149 150 152 153 155 156 157 153 150 147 143 140 137 134 131 129 127 124 122 120 118 117 117 116 115 114 114 113 111 109 108 106 105 103 103 104 106 107 109 110 112 110 105 101 96 91 87 82 79 77 75 73 71 70 68 66 64 62 60 59 57 55 53 51 50 48 46 44 43 42 41 41 40 40 39 39 39 39 39 39 39 40 40
145 143 141 140 138 136 138 139 141 142 144 145 147 149 150 152 154 156 157 158 155 152 149 146 142 139 136 134 131 129 126 124 121 119 119 118 117 116 115 115 113 112 110 109 107 106 105 104 106 108 110 112 113 115 114 109 105 100 95 91 86 82 80 77 74 71 68 65 63 62 60 59 57 56 54 52 51 49 47 46 44 42 41 41 40 40 39 39 38 38 38 38 39 39 39 39
143 141 139 137 135 134 136 137 139 141 143 145 147 149 151 153 155 157 159 159 156 154 151 148 145 142 139 136 134 131 128 126 123 121 120 119 118 117 116 115 114 113 111 110 109 107 106 106 108 110 112 114 116 119 118 113 108 104 99 95 90 86 82 78 74 70 67 63 60 59 58 57 56 54 53 52 50 48 47 45 43 42 41 40 40 39 39 38 37 37 38 38 38 38 38 38
141 139 137 135 133 132 134 136 138 140 142 144 146 148 150 153 155 157 159 160 157 155 152 149 147 144 141 138 135 133 130 127 124 122 121 120 119 118 117 117 115 114 113 111 110 108 107 107 110 112 114 116 119 121 120 116 111 107 102 98 93 89 84 80 75 70 65 61 58 57 56 56 55 54 53 51 50 48 46 45 43 41 40 40 39 39 38 38 37 37 37 37 37 37 38 38
139 137 135 134 132 131 133 135 137 138 140 142 144 146 149 151 153 155 157 158 155 153 150 148 145 142 140 138 135 133 131 128 126 124 123 122 121 121 120 119 118 116 114 113 111 110 108 108 110 111 113 114 116 118 117 113 108 104 100 96 92 88 84 79 75 71 67 63 60 59 58 57 56 54 53 52 50 48 47 45 44 42 41 41 40 39 39 38 38 38 38 38 38 38 38 38
136 135 133 132 131 130 132 133 135 137 139 141 143 145 147 149 151 153 155 155 153 151 148 146 143 141 139 137 135 133 131 129 127 126 125 124 123 123 122 121 120 118 116 115 113 111 109 109 110 111 112 113 114 115 113 109 106 102 98 94 90 86 83 79 76 72 68 65 62 61 59 58 56 55 53 52 50 49 47 46 44 43 42 41 41 40 40 39 38 38 38 38 38 38 37 37
133 132 131 130 130 129 131 132 134 136 137 139 141 143 145 147 148 150 152 153 151 149 146 144 142 140 138 136 135 133 132 130 129 127 127 126 125 125 124 123 122 120 118 116 114 112 110 109 110 110 110 111 111 111 110 106 103 99 96 92 89 85 82 79 76 73 70 67 65 63 61 59 57 56 54 52 51 49 48 46 45 43 43 42 42 41 40 40 39 39 39 38 38 38 37 37
131 130 130 129 128 128 130 131 133 134 136 138 139 141 143 145 146 148 150 151 149 147 145 143 140 138 137 136 135 133 132 131 130 129 129 128 127 127 126 125 124 122 120 118 116 114 111 110 110 109 109 109 108 108 106 103 100 97 93 90 87 84 81 79 76 74 71 69 67 65 62 60 58 56 54 53 51 50 48 47 46 44 43 43 42 42 41 41 40 40 39 39 38 38 37 37
