pluvio/pluvio-368.asc
ncols         252
nrows         154
xllcorner     -0.5
yllcorner     -153.5
cellsize      1
NODATA_value  -9999
[rows 43 to 85 of 154, columns 95 to 189 of 252]
113 116 119 123 126 129 131 127 122 117 113 108 103 100 99 98 97 97 96 95 95 98 101 104 107 110 113 115 114 113 113 112 112 111 111 113 114 116 118 119 121 121 119 118 116 114 112 111 109 107 104 102 100 98 96 95 95 95 95 95 94 94 95 97 99 100 102 104 106 105 103 101 100 98 96 94 96 101 106 112 117 122 127 132 137 141 146 151 156 161 162 162 161 161 160
126 128 131 133 136 138 139 134 128 122 116 111 105 100 100 99 99 98 98 97 98 100 102 104 106 109 111 112 111 110 108 107 106 105 105 107 110 112 114 117 119 120 119 118 117 115 114 113 111 109 106 103 101 98 96 94 94 94 94 94 94 94 95 97 99 101 103 105 107 106 104 102 100 98 96 94 97 103 109 114 120 126 132 137 142 147 151 156 161 166 166 165 164 163 162
138 140 142 144 145 147 148 141 134 127 120 113 107 101 101 101 100 100 100 100 100 102 103 104 106 107 109 109 107 106 104 102 100 99 99 102 105 108 111 114 117 119 118 118 117 117 116 115 114 111 108 105 102 99 95 94 94 94 94 94 94 95 96 98 100 102 104 106 108 107 105 103 101 99 96 94 97 104 111 117 124 131 137 143 147 152 157 161 166 171 171 169 167 165 163
148 149 150 151 152 152 152 145 137 130 122 115 108 102 102 102 102 102 102 102 103 104 105 107 108 109 111 111 110 108 106 105 103 102 102 105 109 113 117 120 124 126 124 123 122 120 119 117 115 112 109 106 102 99 96 94 95 95 95 96 96 97 98 100 102 103 105 107 109 109 107 105 103 101 99 98 101 109 116 124 131 139 146 151 155 158 162 166 170 173 173 171 169 167 165
157 157 157 157 157 157 156 148 140 132 124 116 109 102 103 103 104 104 105 105 106 107 108 110 111 112 114 114 113 112 111 109 108 107 107 112 116 120 124 129 133 134 132 129 127 124 122 119 116 113 110 106 103 100 96 95 96 96 97 98 98 99 100 102 104 106 107 109 111 111 109 108 106 105 103 102 106 114 123 131 139 147 156 160 163 165 168 170 173 176 175 173 171 169 167
166 165 164 163 162 161 159 151 143 134 126 118 109 103 104 105 105 106 107 108 109 110 111 113 114 115 117 117 117 116 115 114 113 112 113 118 123 127 132 137 142 143 140 136 132 128 125 121 118 114 111 107 104 100 97 96 97 98 99 100 101 101 103 104 106 108 109 111 112 112 111 110 109 108 107 106 111 120 129 138 147 156 165 169 171 172 174 175 177 178 177 175 173 171 169
175 173 171 169 168 166 163 154 145 137 128 119 110 104 105 106 107 108 109 110 111 113 114 116 117 118 120 121 120 119 119 118 118 117 119 124 129 135 140 145 151 152 147 142 137 133 128 123 119 115 112 108 105 101 98 96 98 99 100 101 103 104 105 107 108 110 111 112 114 114 113 113 112 111 110 110 115 125 135 145 155 165 175 178 179 179 179 180 180 180 179 177 175 173 171
184 181 178 176 173 170 167 157 148 139 130 121 111 104 106 107 109 110 111 113 114 116 117 119 120 121 123 124 123 123 123 123 123 122 124 130 136 142 148 154 159 161 155 149 143 137 131 125 120 116 113 109 105 102 98 97 99 100 102 103 105 106 108 109 110 112 113 114 115 116 115 115 115 114 114 114 120 131 142 152 163 174 184 187 187 186 185 184 183 183 181 179 177 175 173
193 189 185 182 178 175 170 161 151 141 132 122 112 105 107 108 110 112 114 115 117 119 120 121 123 124 126 127 127 127 127 127 128 128 130 136 143 149 156 162 168 170 162 155 148 141 134 127 121 117 114 110 106 102 99 98 100 101 103 105 107 109 110 111 113 114 115 116 117 118 118 118 118 118 118 118 125 136 148 159 171 182 194 196 195 193 191 189 187 185 183 181 179 177 175
202 197 193 188 184 179 174 164 154 144 133 123 113 106 108 110 112 114 116 118 120 121 123 124 126 127 129 130 130 131 131 132 132 133 136 143 149 156 163 170 177 178 170 162 153 145 137 128 122 118 114 111 107 103 99 98 101 103 105 107 109 111 113 114 115 116 117 118 119 119 120 120 121 121 121 122 130 142 154 167 179 191 203 206 203 199 196 193 190 187 185 183 181 179 177
200 196 191 186 181 177 171 162 152 143 133 124 114 107 109 111 113 115 116 118 120 121 123 124 125 126 128 129 129 130 130 131 131 132 134 140 146 152 158 164 170 171 164 156 149 142 134 127 121 117 114 110 106 103 99 98 101 103 105 108 110 112 114 115 115 116 117 118 119 120 121 123 124 126 127 129 137 149 161 173 185 197 210 211 207 203 199 195 191 188 186 185 184 182 181
197 192 188 183 178 173 167 159 150 141 132 124 115 108 110 112 113 115 117 118 120 121 122 123 123 124 125 126 127 127 128 128 129 130 132 136 141 146 151 155 160 161 155 149 143 137 131 124 120 116 113 109 106 102 99 98 101 103 106 108 110 113 114 115 116 116 117 118 119 120 123 126 128 131 134 136 144 156 168 180 191 203 215 216 211 206 202 197 192 188 186 186 186 186 186
194 189 184 179 174 169 163 155 147 140 132 124 116 110 111 112 114 115 117 118 119 120 121 121 122 123 123 124 125 125 126 126 127 127 129 132 136 139 143 146 150 150 146 141 136 132 127 122 118 115 112 108 105 102 99 98 101 103 106 108 111 113 115 115 116 117 117 118 118 121 125 128 132 136 140 144 152 163 175 186 198 209 220 221 215 210 204 199 193 188 187 188 188 189 190
191 186 181 176 170 165 159 152 145 138 131 124 116 111 112 113 114 116 117 118 119 119 120 120 120 121 121 122 122 123 123 124 125 125 126 129 131 133 135 138 140 140 137 133 130 127 123 120 117 114 111 108 104 101 98 98 101 103 106 109 111 114 115 116 116 117 117 118 118 121 126 131 136 141 146 151 160 171 182 193 204 215 226 225 219 213 206 200 194 188 187 189 191 193 195
188 183 177 172 167 161 156 149 143 136 130 124 117 112 113 114 115 116 117 118 118 118 119 119 119 119 119 119 120 121 121 122 122 123 124 125 126 127 128 129 130 130 128 126 124 122 120 118 115 112 110 107 104 101 98 98 101 103 106 109 112 115 116 116 117 117 117 118 118 122 128 134 140 146 152 158 167 178 189 199 210 221 231 230 223 216 209 202 195 188 188 190 193 196 199
185 180 174 168 163 157 152 146 141 135 129 124 118 114 114 115 116 116 117 118 118 118 118 117 117 117 117 117 118 118 119 119 120 121 121 121 121 120 120 120 120 119 119 118 117 117 116 115 114 111 108 106 103 100 98 98 101 104 106 109 112 115 117 117 117 117 117 118 118 122 129 137 144 151 159 166 175 185 196 206 216 226 237 235 227 219 211 203 195 188 188 192 196 200 204
182 176 171 165 159 153 148 143 138 133 129 124 119 115 116 116 116 117 117 117 118 117 117 116 116 115 115 115 115 116 117 117 118 118 118 117 115 114 112 111 110 109 110 110 111 112 112 113 112 110 107 105 102 100 98 98 101 104 107 110 113 116 117 117 117 117 117 118 118 123 131 139 148 156 165 173 183 193 202 212 222 232 242 240 231 222 214 205 196 188 188 193 198 203 208
175 170 166 161 157 152 148 144 139 135 131 126 122 119 119 119 119 119 119 119 119 118 118 117 117 116 115 115 116 116 117 118 118 119 119 118 117 116 114 113 112 112 112 113 114 115 116 116 116 113 111 109 106 104 102 102 105 107 110 113 116 118 120 120 120 120 120 120 120 125 133 142 151 159 168 177 186 195 204 213 222 232 241 239 231 223 215 207 199 191 191 195 199 203 208
166 163 160 157 154 151 148 145 141 137 133 129 125 122 122 122 122 121 121 121 121 120 119 118 118 117 116 116 117 117 118 119 119 120 120 120 119 118 117 117 116 116 117 117 118 119 120 120 120 118 115 113 111 109 106 106 109 111 114 116 119 121 122 122 122 122 122 122 122 127 136 144 153 162 171 180 188 197 205 213 222 230 238 237 230 222 215 208 201 194 194 197 200 203 206
158 157 155 154 152 151 149 146 142 139 135 132 129 126 125 125 124 124 123 123 122 121 121 120 119 118 117 117 118 118 119 120 120 121 121 121 121 121 121 120 120 120 121 122 122 123 124 124 124 122 120 117 115 113 111 111 113 115 118 120 122 124 125 125 125 124 124 124 124 129 138 147 156 165 174 183 191 198 206 214 221 229 236 235 228 222 216 210 204 198 197 199 201 203 204
150 150 150 150 150 150 149 147 144 141 138 135 132 129 129 128 127 126 125 125 124 123 122 121 120 119 118 118 118 119 120 121 121 122 123 123 123 123 124 124 124 125 125 126 127 127 128 128 128 126 124 122 120 118 116 116 117 119 121 123 125 127 128 127 127 127 127 126 126 131 140 149 158 168 177 186 193 200 207 214 220 227 234 233 227 222 217 212 206 201 200 201 201 202 203
142 143 145 146 148 149 150 148 145 143 140 138 135 133 132 131 130 129 128 127 126 124 123 122 121 120 119 119 119 120 121 122 122 123 124 124 125 126 127 128 128 129 130 130 131 131 132 132 132 130 128 126 124 122 120 120 122 123 125 127 128 130 130 130 130 129 129 128 128 133 142 152 161 170 180 189 196 202 208 214 220 226 232 231 226 222 218 213 209 204 203 202 202 202 201
133 136 139 142 145 148 151 149 147 145 143 141 139 137 135 134 133 131 130 129 127 126 125 124 122 121 120 119 120 121 122 122 123 124 125 126 127 129 130 131 132 133 134 134 135 135 136 137 136 134 132 131 129 127 125 125 126 127 129 130 131 133 133 133 132 132 131 131 130 135 145 154 164 173 182 192 199 204 209 214 219 224 229 229 225 222 218 215 211 208 206 204 203 201 200
125 130 134 139 143 148 151 150 148 146 145 143 142 140 139 137 135 134 132 130 129 128 126 125 124 122 121 120 121 122 123 123 124 125 126 128 130 131 133 135 136 138 138 139 139 140 140 141 140 138 137 135 133 132 130 129 130 131 132 133 135 136 136 135 135 134 134 133 132 138 147 157 166 176 185 195 201 205 210 214 218 223 227 227 224 222 219 217 214 211 209 206 203 201 198
126 130 134 138 142 146 150 148 147 146 144 143 141 140 138 137 135 133 131 130 128 128 127 126 126 125 124 124 125 125 126 126 127 128 129 130 132 133 135 136 138 139 139 139 140 140 140 140 140 138 137 136 134 133 131 131 133 135 136 138 140 141 142 141 140 139 139 138 137 142 150 158 167 175 184 192 198 203 208 213 218 223 228 227 225 222 219 216 213 210 207 204 201 198 195
128 132 135 139 142 145 148 147 146 144 143 142 141 140 138 136 134 132 131 129 127 128 128 128 128 128 128 128 128 129 129 130 130 131 131 133 134 135 137 138 139 140 140 140 140 140 140 140 139 138 137 136 135 134 133 133 135 138 140 142 145 147 148 147 146 145 144 143 142 146 153 160 167 175 182 189 195 201 206 212 217 223 228 228 225 222 219 216 212 209 206 202 199 195 192
130 133 136 139 141 144 146 145 144 143 142 141 140 139 137 135 133 132 130 128 127 127 128 129 130 130 131 132 132 132 133 133 133 133 134 135 136 137 138 140 141 141 141 140 140 140 139 139 138 138 137 136 135 135 134 135 138 141 144 147 150 153 154 153 151 150 149 148 147 150 156 162 168 174 180 186 192 198 205 211 217 223 229 229 225 222 218 215 211 208 204 200 196 193 189
132 134 137 139 141 143 145 144 143 142 141 140 140 138 137 135 133 131 129 127 126 127 129 130 132 133 135 136 136 136 136 136 136 136 137 137 138 139 140 141 142 142 142 141 140 140 139 138 138 137 137 136 136 135 135 137 140 144 148 151 155 159 160 158 157 156 154 153 152 154 159 164 168 173 178 183 189 196 203 210 216 223 230 230 226 222 218 214 210 207 202 198 194 190 185
134 136 137 139 140 142 143 142 142 141 140 140 139 138 136 134 132 130 128 126 125 127 130 132 134 136 138 140 140 139 139 139 139 139 139 140 141 141 142 143 143 143 142 141 140 139 138 137 137 137 137 137 136 136 136 138 143 147 151 156 160 165 166 164 163 161 160 158 156 158 162 165 169 173 176 180 186 194 201 208 216 223 231 230 226 222 218 214 209 205 201 196 192 187 182
136 137 138 139 140 141 142 141 140 140 139 139 138 137 135 133 131 129 127 125 124 127 130 133 136 139 142 144 143 143 143 142 142 142 142 142 143 143 144 144 145 144 143 142 141 139 138 137 136 136 137 137 137 137 138 140 145 150 155 160 165 170 172 170 168 167 165 163 161 162 164 167 170 172 175 177 183 191 199 207 215 223 231 231 227 222 218 213 209 204 199 194 189 184 179
138 138 139 139 139 140 140 140 139 139 138 138 138 137 135 133 131 129 126 124 124 127 131 134 138 142 145 147 147 147 146 146 145 145 144 145 145 145 145 146 146 146 144 142 141 139 138 136 135 136 137 137 138 138 139 142 148 153 159 165 170 176 178 176 174 172 170 168 166 166 167 169 170 171 173 174 180 189 197 206 215 223 232 232 227 222 217 212 208 203 198 192 187 181 176
141 141 141 141 142 142 142 141 141 140 140 139 139 138 136 135 133 131 130 128 128 131 134 137 140 144 147 149 149 148 148 148 147 147 147 147 147 147 147 147 147 146 145 143 141 140 138 136 136 137 138 139 140 142 143 146 151 156 161 166 171 176 177 176 174 173 171 169 168 168 169 171 172 174 175 176 182 190 198 206 214 223 231 231 226 222 217 213 209 204 199 194 189 184 179
144 144 144 144 144 144 144 143 142 142 141 140 140 139 138 137 135 134 133 132 132 134 137 140 143 146 149 150 150 150 150 149 149 149 149 149 148 148 148 148 148 147 145 143 142 140 138 137 136 138 140 142 143 145 147 150 154 158 163 167 171 175 177 176 174 173 172 170 169 170 171 173 174 176 177 179 184 191 199 207 214 222 229 229 225 221 218 214 210 206 201 196 192 187 182
147 147 146 146 146 146 146 145 144 143 143 142 141 140 139 139 138 137 136 136 136 138 140 143 145 148 150 152 152 152 152 151 151 151 151 151 150 150 149 149 148 147 146 144 142 140 139 137 137 139 141 144 146 148 151 154 157 161 164 168 171 175 176 175 174 174 173 172 171 171 173 174 176 178 179 181 186 193 200 207 214 221 228 228 225 221 218 214 211 207 203 199 194 190 185
150 149 149 149 148 148 148 147 146 145 144 143 142 141 141 141 140 140 140 139 140 142 144 146 148 150 152 153 153 153 153 153 153 153 153 152 152 151 150 150 149 148 146 144 142 141 139 137 137 140 143 146 149 152 155 158 161 163 166 169 172 175 176 175 175 174 173 173 172 173 175 176 178 180 182 183 188 194 201 207 214 220 227 227 224 221 218 215 212 209 205 201 197 193 188
153 152 152 151 151 150 150 149 147 146 145 144 143 142 142 143 143 143 143 143 144 145 147 149 150 152 154 155 155 155 155 155 155 156 155 154 153 153 152 151 150 149 147 145 143 141 139 137 138 141 145 148 152 155 159 162 164 166 168 170 172 174 175 175 175 174 174 174 174 175 177 178 180 182 184 185 190 196 202 208 214 219 225 226 223 221 218 215 213 210 207 203 199 195 192
156 155 154 154 153 152 152 150 149 148 147 145 144 143 144 145 145 146 146 147 148 149 150 151 153 154 155 156 157 157 157 157 157 158 157 156 155 154 153 152 151 149 147 145 143 141 139 137 138 142 146 150 155 159 163 166 167 168 170 171 172 174 174 175 175 175 175 175 175 176 178 180 182 184 186 188 192 197 203 208 213 219 224 224 222 220 218 216 214 212 209 205 202 198 195
159 158 157 156 155 154 154 152 151 149 148 147 145 144 146 147 148 149 150 151 152 153 153 154 155 156 157 158 158 159 159 159 160 160 160 158 157 156 154 153 151 150 148 146 144 142 140 138 139 143 148 153 157 162 167 170 170 171 172 172 173 174 174 175 175 175 176 176 177 178 180 182 184 186 188 190 194 199 203 208 213 218 223 223 222 220 218 217 215 213 211 208 204 201 198
162 161 160 159 158 157 156 155 154 153 152 150 149 148 149 150 151 152 153 154 155 156 156 157 158 159 159 160 161 161 161 162 162 162 162 161 160 158 157 156 154 153 151 150 148 146 144 142 143 148 152 157 161 166 171 173 175 176 177 178 179 180 181 181 180 180 180 180 179 181 183 185 188 190 193 195 199 203 207 211 215 220 224 224 223 221 220 218 217 215 213 210 207 204 201
165 164 163 162 161 160 159 158 157 156 155 154 153 152 153 154 155 156 156 157 158 159 159 160 161 161 162 162 163 163 164 164 164 165 165 163 162 161 160 159 158 156 155 153 152 150 149 147 148 153 157 161 166 170 174 177 179 181 182 184 186 187 188 187 186 185 184 183 182 183 186 189 192 195 197 200 204 207 211 214 218 221 225 225 224 222 221 220 218 217 215 212 209 206 203
168 167 166 165 164 163 162 161 160 159 159 158 157 156 157 158 158 159 160 160 161 162 162 163 163 164 164 165 165 166 166 166 167 167 167 166 165 164 163 162 161 160 158 157 156 155 153 152 153 157 161 165 170 174 178 181 183 185 188 190 192 194 194 193 191 189 188 186 184 185 189 192 195 199 202 205 208 211 214 217 220 223 226 226 225 224 222 221 220 219 217 214 211 208 205
172 170 169 168 167 166 165 164 163 163 162 162 161 160 161 162 162 163 163 164 164 165 165 165 166 166 167 167 168 168 168 169 169 170 170 169 168 167 166 165 164 163 162 161 160 159 158 157 158 162 166 170 174 177 181 185 187 190 193 196 198 201 201 199 196 194 191 189 187 188 192 195 199 203 207 210 213 215 218 220 222 224 226 227 226 225 224 223 222 221 219 216 213 211 208
175 174 172 171 170 169 168 167 167 166 166 165 165 164 165 165 166 166 166 167 167 167 168 168 168 169 169 169 170 170 171 171 172 172 172 171 170 170 169 168 167 166 165 165 164 163 162 161 163 166 170 174 178 181 185 188 192 195 198 201 205 208 208 205 202 198 195 192 189 190 194 199 203 207 211 216 218 220 221 223 224 226 227 227 227 226 225 224 224 223 221 218 216 213 210
