pluvio/pluvio-153.asc
ncols         252
nrows         154
xllcorner     -18.017974
yllcorner     13.481982
cellsize      0.035948
NODATA_value  -9999
[rows 0 to 47 of 154, columns 96 to 191 of 252]
42 42 42 43 43 43 43 43 43 44 44 45 46 46 47 48 48 49 50 50 51 52 52 55 58 62 65 68 72 75 78 82 85 88 92 95 98 99 100 101 101 102 103 104 104 105 106 106 107 108 108 106 103 101 98 96 93 91 88 86 83 81 78 76 73 70 68 65 62 59 56 54 51 48 45 43 40 37 34 33 31 30 28 27 25 24 22 21 19 18 16 15 13 13 13 13
42 42 42 43 43 43 43 43 43 44 45 45 46 47 48 48 49 50 50 51 52 53 53 56 60 64 67 71 75 78 82 86 89 93 97 100 104 105 106 107 107 108 109 109 110 111 111 112 113 113 114 111 109 106 103 101 98 95 93 90 87 85 82 79 76 73 71 68 65 62 59 56 53 50 47 44 41 38 36 34 32 31 29 27 26 24 23 21 19 18 16 15 13 13 13 13
42 42 43 43 43 43 43 43 43 44 45 46 47 47 48 49 50 51 51 52 53 54 55 58 62 66 70 74 78 82 86 90 94 98 102 106 110 111 112 112 113 114 114 115 116 116 117 118 118 119 120 117 114 111 108 105 103 100 97 94 91 88 85 83 80 77 74 70 67 64 61 58 55 52 49 46 43 39 37 35 33 31 30 28 26 25 23 21 20 18 16 15 13 13 13 13
42 42 43 43 43 43 43 43 44 44 45 46 47 48 49 50 51 51 52 53 54 55 56 59 64 68 72 77 81 85 90 94 98 103 107 111 116 117 117 118 119 119 120 121 121 122 123 123 124 125 125 122 119 116 113 110 107 104 101 98 95 92 89 86 83 80 76 73 70 67 63 60 57 54 50 47 44 41 38 36 34 32 31 29 27 25 23 22 20 18 16 15 13 13 13 13
42 43 43 43 43 43 43 44 44 44 45 46 47 48 49 50 51 52 53 54 55 56 57 61 66 70 75 80 84 89 94 98 103 107 112 117 121 123 123 124 125 125 126 126 127 128 128 129 130 130 131 128 125 122 118 115 112 109 106 102 99 96 93 89 86 83 79 76 73 69 66 62 59 56 52 49 45 42 39 37 35 33 31 29 28 26 24 22 20 18 16 15 13 13 13 13
42 43 43 43 43 43 43 44 44 45 46 47 48 49 50 51 52 53 54 55 56 57 58 62 67 72 77 82 87 92 97 102 107 112 117 122 127 128 129 130 130 131 132 132 133 134 134 135 135 136 137 134 130 127 123 120 117 113 110 106 103 100 96 93 90 86 82 79 75 72 68 65 61 57 54 50 47 43 40 38 36 34 32 30 28 26 24 22 20 18 16 14 13 13 13 13
42 43 43 43 43 43 44 44 44 45 46 47 48 49 50 52 53 54 55 56 57 58 60 64 69 75 80 85 91 96 101 106 112 117 122 128 133 134 135 135 136 137 137 138 139 139 140 141 141 142 142 139 136 132 128 125 121 118 114 111 107 104 100 96 93 89 85 82 78 74 70 67 63 59 55 52 48 44 41 39 37 35 33 31 29 27 25 23 21 19 17 14 13 13 13 13
43 43 43 43 43 43 44 44 44 45 46 47 49 50 51 52 54 55 56 57 58 60 61 65 71 77 82 88 94 99 105 110 116 122 127 133 138 140 140 141 142 142 143 144 144 145 145 146 147 147 148 144 141 137 133 130 126 122 118 115 111 107 104 100 96 92 88 84 81 77 73 69 65 61 57 53 49 46 42 40 38 36 33 31 29 27 25 23 21 19 17 15 13 13 13 13
43 43 43 43 44 44 44 44 44 45 47 48 49 50 52 53 54 55 57 58 59 60 62 66 72 77 83 89 94 100 106 111 117 123 128 134 140 141 142 142 143 144 145 145 146 147 147 148 149 149 150 147 143 140 136 132 129 125 122 118 114 111 107 104 100 96 92 88 84 80 76 72 68 64 60 56 52 48 45 42 40 38 36 34 31 29 27 25 23 20 18 16 14 14 14 14
43 43 43 44 44 44 44 44 45 46 47 48 49 51 52 53 55 56 57 58 60 61 62 67 73 78 84 90 95 101 107 112 118 124 129 135 141 142 143 144 145 145 146 147 148 148 149 150 151 152 152 149 146 142 139 135 132 128 125 121 118 114 111 107 104 100 96 92 88 84 80 76 72 67 63 59 55 51 48 45 43 41 38 36 34 31 29 27 24 22 20 17 15 15 15 15
43 44 44 44 44 44 45 45 45 46 47 48 50 51 52 54 55 56 58 59 60 61 63 68 73 79 85 90 96 102 108 113 119 125 130 136 142 143 144 145 146 147 148 149 149 150 151 152 153 154 155 151 148 145 141 138 135 131 128 125 121 118 114 111 108 104 99 95 91 87 83 79 75 71 67 62 58 54 50 48 45 43 41 38 36 33 31 28 26 23 21 18 17 16 16 16
44 44 44 44 44 45 45 45 45 46 48 49 50 52 53 54 55 57 58 59 61 62 63 68 74 80 85 91 97 103 109 114 120 126 132 137 143 145 146 147 147 148 149 150 151 152 153 154 155 156 157 154 150 147 144 141 138 134 131 128 125 121 118 115 112 107 103 99 95 91 86 82 78 74 70 65 61 57 53 51 48 45 43 40 38 35 33 30 27 25 22 20 18 17 17 17
44 44 44 45 45 45 45 45 46 47 48 49 51 52 53 55 56 57 59 60 61 63 64 69 75 80 86 92 98 104 109 115 121 127 133 138 144 146 147 148 149 150 151 152 153 154 155 156 157 158 159 156 153 150 147 144 140 137 134 131 128 125 122 119 115 111 107 103 98 94 90 86 81 77 73 69 64 60 56 53 51 48 45 43 40 37 34 32 29 26 24 21 19 19 18 18
44 44 45 45 45 45 45 46 46 47 48 50 51 52 54 55 56 58 59 61 62 63 65 70 75 81 87 93 99 105 110 116 122 128 134 140 145 147 148 149 150 151 153 154 155 156 157 158 159 160 161 158 155 152 149 146 143 140 137 134 131 128 125 122 119 115 111 106 102 98 93 89 85 80 76 72 67 63 59 56 53 50 48 45 42 39 36 34 31 28 25 22 20 20 19 19
44 45 45 45 45 45 46 46 46 47 49 50 51 53 54 56 57 58 60 61 63 64 65 70 76 82 88 94 100 105 111 117 123 129 135 141 147 148 150 151 152 153 154 155 156 158 159 160 161 162 163 161 158 155 152 149 146 143 140 138 135 132 129 126 123 119 114 110 105 101 97 92 88 83 79 75 70 66 62 59 56 53 50 47 44 41 38 35 32 30 27 24 21 21 20 20
45 45 45 45 46 46 46 46 46 47 49 50 52 53 55 56 57 59 60 62 63 65 66 71 77 83 89 95 100 106 112 118 124 130 136 142 148 150 151 152 153 155 156 157 158 159 161 162 163 164 166 163 160 157 155 152 149 146 144 141 138 135 133 130 127 122 118 113 109 105 100 96 91 87 82 78 73 69 64 61 58 55 52 49 46 43 40 37 34 31 28 25 23 22 21 21
45 45 45 46 46 46 46 46 47 48 49 51 52 54 55 56 58 59 61 62 64 65 67 72 78 83 89 95 101 107 113 119 125 131 137 143 149 151 152 153 155 156 157 159 160 161 163 164 165 166 168 165 163 160 157 155 152 149 147 144 141 139 136 134 131 126 122 117 113 108 103 99 94 90 85 81 76 72 67 64 61 58 55 51 48 45 42 39 36 33 29 26 24 23 22 22
45 45 46 46 46 46 47 47 47 48 50 51 53 54 55 57 58 60 61 63 64 66 67 72 78 84 90 96 102 108 114 120 126 132 138 144 150 152 153 155 156 158 159 160 162 163 164 166 167 169 170 168 165 163 160 158 155 152 150 147 145 142 140 137 135 130 125 121 116 111 107 102 98 93 88 84 79 74 70 67 63 60 57 54 50 47 44 41 37 34 31 28 25 24 23 23
46 46 46 46 46 47 47 47 47 48 50 51 53 54 56 57 59 60 62 63 65 66 68 73 79 85 91 97 103 109 115 121 127 133 139 145 151 153 155 156 158 159 161 162 163 165 166 168 169 171 172 170 168 165 163 160 158 155 153 151 148 146 143 141 138 134 129 124 120 115 110 106 101 96 91 87 82 77 73 69 66 63 59 56 53 49 46 42 39 36 32 29 26 25 24 24
46 46 46 46 47 47 47 47 48 49 50 52 53 55 56 58 59 61 62 64 66 67 69 74 80 86 92 98 104 110 116 122 128 134 140 146 152 155 156 158 159 161 162 164 165 167 168 170 171 173 174 172 170 168 165 163 161 159 156 154 152 149 147 145 142 138 133 128 123 118 114 109 104 99 95 90 85 80 76 72 69 65 62 58 55 51 48 44 41 37 34 30 27 26 26 25
46 46 47 47 47 47 47 48 48 49 51 52 54 55 57 58 60 61 63 65 66 68 69 74 80 87 93 99 105 111 117 123 129 135 141 147 154 156 157 159 161 162 164 165 167 169 170 172 173 175 177 175 172 170 168 166 164 162 159 157 155 153 151 148 146 141 136 132 127 122 117 112 107 103 98 93 88 83 78 75 71 68 64 60 57 53 50 46 42 39 35 32 29 28 27 26
46 47 47 47 47 47 48 48 48 49 51 52 54 56 57 59 60 62 63 65 67 68 70 75 81 87 93 99 105 111 118 124 130 136 142 148 154 156 158 160 162 163 165 167 168 170 172 173 175 177 179 177 175 173 170 168 166 164 162 160 158 156 154 152 150 145 140 135 130 125 120 115 111 106 101 96 91 86 81 77 74 70 66 63 59 55 51 48 44 40 37 33 30 29 28 27
46 47 47 47 47 48 48 48 48 49 51 52 54 55 57 58 60 61 63 64 66 67 69 73 79 85 91 97 103 109 115 121 127 133 139 145 151 154 156 158 159 161 163 165 167 169 171 173 175 177 178 177 175 173 171 169 167 166 164 162 160 158 156 154 152 147 143 138 133 128 123 118 113 108 103 98 93 89 84 80 76 72 68 65 61 57 53 49 45 41 38 34 30 29 28 27
47 47 47 47 47 48 48 48 48 49 51 52 53 55 56 58 59 60 62 63 65 66 67 72 78 84 90 96 102 107 113 119 125 131 137 143 148 151 153 155 157 159 162 164 166 168 170 172 174 176 178 177 175 174 172 170 169 167 165 163 162 160 158 157 155 150 145 140 135 130 126 121 116 111 106 101 96 91 86 82 78 74 70 66 62 58 55 51 47 43 39 35 31 30 29 28
47 47 47 47 47 48 48 48 48 49 51 52 53 54 56 57 58 60 61 62 64 65 66 71 77 82 88 94 100 105 111 117 123 128 134 140 146 148 151 153 155 158 160 162 165 167 169 172 174 176 178 177 176 174 173 171 170 168 167 165 164 162 161 159 157 153 148 143 138 133 128 123 118 113 108 104 99 94 89 85 81 77 73 68 64 60 56 52 48 44 40 35 32 31 30 29
47 47 47 47 48 48 48 48 48 49 50 52 53 54 55 57 58 59 60 61 63 64 65 70 75 81 87 92 98 103 109 115 120 126 131 137 143 146 148 151 153 156 158 161 163 166 168 171 173 176 178 177 176 175 173 172 171 169 168 167 165 164 163 161 160 155 150 145 140 136 131 126 121 116 111 106 101 96 92 87 83 79 75 70 66 62 58 53 49 45 41 36 33 32 30 29
47 47 47 47 48 48 48 48 48 49 50 51 53 54 55 56 57 58 59 61 62 63 64 69 74 79 85 90 96 101 107 112 118 123 129 134 140 143 146 148 151 154 157 159 162 165 168 170 173 176 178 178 176 175 174 173 172 171 170 168 167 166 165 164 162 158 153 148 143 138 133 128 123 119 114 109 104 99 94 90 85 81 77 72 68 64 59 55 50 46 42 37 34 32 31 30
47 47 47 48 48 48 48 48 48 49 50 51 52 53 54 56 57 58 59 60 61 62 63 67 73 78 83 89 94 99 105 110 115 121 126 132 137 140 143 146 149 152 155 158 161 164 167 170 173 176 178 178 177 176 175 174 173 172 171 170 169 168 167 166 165 160 155 150 146 141 136 131 126 121 116 111 107 102 97 92 88 83 79 74 70 65 61 56 52 47 43 38 34 33 32 31
47 47 47 48 48 48 48 48 48 49 50 51 52 53 54 55 56 57 58 59 60 61 62 66 71 76 82 87 92 97 103 108 113 118 124 129 134 138 141 144 147 150 153 156 160 163 166 169 172 175 178 178 177 176 176 175 174 173 172 172 171 170 169 169 168 163 158 153 148 143 138 133 129 124 119 114 109 104 99 95 90 85 81 76 72 67 62 58 53 48 44 39 35 34 33 31
47 47 48 48 48 48 48 48 49 49 50 51 52 53 54 54 55 56 57 58 59 60 61 65 70 75 80 85 90 95 101 106 111 116 121 126 131 135 138 142 145 148 152 155 158 162 165 168 172 175 178 178 177 177 176 176 175 174 174 173 173 172 171 171 170 165 160 155 151 146 141 136 131 126 121 117 112 107 102 97 92 88 83 78 73 69 64 59 54 49 45 40 36 35 33 32
47 47 48 48 48 48 48 48 49 49 50 51 52 52 53 54 55 56 56 57 58 59 59 64 69 73 78 83 88 93 98 103 108 113 118 123 128 132 136 139 143 146 150 153 157 161 164 168 171 175 178 178 178 177 177 177 176 176 175 175 174 174 174 173 173 168 163 158 153 148 143 139 134 129 124 119 114 109 105 100 95 90 85 80 75 70 65 60 56 51 46 41 37 35 34 33
47 48 48 48 48 48 48 48 49 49 50 51 51 52 53 53 54 55 56 56 57 58 58 62 67 72 77 82 87 91 96 101 106 111 116 121 125 129 133 137 141 144 148 152 156 160 163 167 171 175 178 178 178 178 178 177 177 177 177 177 176 176 176 176 175 170 165 161 156 151 146 141 136 131 127 122 117 112 107 102 97 92 87 82 77 72 67 62 57 52 47 42 37 36 35 33
48 48 48 48 48 48 48 49 49 49 50 50 51 52 52 53 53 54 55 55 56 57 57 61 66 70 75 80 85 89 94 99 104 108 113 118 123 127 131 135 139 143 147 151 155 159 163 166 170 174 178 179 179 178 178 178 178 178 178 178 178 178 178 178 178 173 168 163 158 153 149 144 139 134 129 124 120 115 110 105 99 94 89 84 79 74 68 63 58 53 48 43 38 37 35 34
48 48 48 48 48 48 48 49 49 49 50 50 51 51 52 52 53 53 54 54 55 56 56 60 64 69 74 78 83 87 92 97 101 106 110 115 120 124 128 132 137 141 145 149 153 157 162 166 170 174 178 179 179 179 179 179 179 180 180 180 180 180 180 180 180 175 171 166 161 156 151 146 141 137 132 127 122 117 112 107 102 96 91 86 81 75 70 65 59 54 49 43 39 38 36 35
48 48 48 48 48 48 48 49 49 49 50 50 50 51 51 52 52 53 53 54 54 55 55 59 63 67 72 76 81 85 90 94 99 103 108 112 117 121 126 130 134 139 143 148 152 156 161 165 170 174 178 179 179 180 180 180 180 181 181 181 182 182 182 183 183 178 173 168 163 159 154 149 144 139 134 130 125 120 115 110 104 99 93 88 82 77 72 66 61 55 50 44 40 38 37 35
48 48 48 48 48 48 49 49 49 49 49 50 50 51 51 51 52 52 53 53 53 54 54 57 62 66 71 75 79 84 88 92 97 101 105 110 114 118 123 128 132 137 141 146 150 155 160 164 169 173 178 178 179 179 180 180 181 181 182 182 182 183 183 184 184 179 174 169 165 160 155 150 145 140 136 131 126 121 116 111 105 100 94 89 83 78 72 67 61 56 50 45 40 38 37 35
48 48 48 48 48 49 49 49 49 49 50 50 50 51 51 51 52 52 52 53 53 53 54 57 61 65 69 74 78 82 86 90 94 98 103 107 111 115 120 125 129 134 138 143 148 152 157 161 166 171 175 176 176 177 177 177 178 178 179 179 179 180 180 181 181 176 171 166 161 157 152 147 142 137 132 127 123 118 113 107 102 97 91 86 80 75 70 64 59 54 48 43 38 37 35 34
48 48 48 49 49 49 49 49 49 49 50 50 50 51 51 51 52 52 52 53 53 53 54 57 61 65 68 72 76 80 84 88 92 96 100 104 108 112 117 122 126 131 135 140 145 149 154 159 163 168 172 173 173 174 174 175 175 175 176 176 177 177 177 178 178 173 168 163 158 153 149 144 139 134 129 124 119 114 109 104 99 94 88 83 78 73 67 62 57 51 46 41 37 35 34 33
48 48 49 49 49 49 49 49 49 49 50 50 50 51 51 51 52 52 52 52 53 53 53 56 60 64 67 71 75 79 82 86 90 94 97 101 105 109 114 119 123 128 133 137 142 146 151 156 160 165 170 170 171 171 171 172 172 173 173 173 174 174 174 175 175 170 165 160 155 150 145 140 136 131 126 121 116 111 106 101 96 91 85 80 75 70 65 60 55 49 44 39 35 34 32 31
49 49 49 49 49 49 49 49 49 50 50 50 50 51 51 51 52 52 52 52 53 53 53 56 59 63 66 70 73 77 81 84 88 91 95 98 102 106 111 116 120 125 130 134 139 144 148 153 158 162 167 168 168 168 169 169 169 170 170 170 171 171 171 172 172 167 162 157 152 147 142 137 132 127 122 117 113 108 103 98 93 88 83 77 72 67 62 57 52 47 42 37 33 32 31 30
49 49 49 49 49 49 49 49 50 50 50 50 50 51 51 51 51 52 52 52 52 53 53 56 59 62 65 69 72 75 79 82 85 89 92 95 99 103 108 113 117 122 127 131 136 141 146 150 155 160 164 165 165 166 166 166 166 167 167 167 168 168 168 169 169 164 159 154 149 144 139 134 129 124 119 114 109 104 99 94 89 85 80 75 70 65 60 55 50 45 40 35 31 30 29 28
49 49 49 49 49 49 49 50 50 50 50 50 51 51 51 51 51 52 52 52 52 52 53 55 58 61 64 68 71 74 77 80 83 86 89 92 95 100 105 109 114 119 124 128 133 138 143 148 152 157 162 162 163 163 163 163 164 164 164 164 165 165 165 166 166 161 156 151 146 141 136 131 126 121 116 111 106 101 96 91 86 81 77 72 67 62 57 53 48 43 38 33 30 29 28 27
49 49 49 49 49 50 50 50 50 50 50 50 51 51 51 51 51 51 52 52 52 52 52 55 58 61 63 66 69 72 75 78 81 84 87 89 92 97 102 106 111 116 121 126 130 135 140 145 150 154 159 160 160 160 160 161 161 161 161 162 162 162 162 163 163 158 153 148 143 138 133 128 123 118 113 107 102 97 92 88 83 78 74 69 64 60 55 50 46 41 36 32 28 27 26 26
49 49 49 49 50 50 50 50 50 50 50 50 51 51 51 51 51 51 52 52 52 52 52 54 57 60 62 65 68 70 73 76 79 81 84 87 89 94 99 103 108 113 118 123 128 132 137 142 147 152 156 157 157 157 158 158 158 158 158 159 159 159 159 160 160 155 149 144 139 134 129 124 119 114 109 104 99 94 89 85 80 75 71 66 62 57 53 48 43 39 34 30 26 26 25 24
49 49 50 50 50 50 50 50 50 50 50 51 51 51 51 51 51 51 51 52 52 52 52 54 56 59 61 64 66 69 71 74 76 79 81 84 86 91 96 100 105 110 115 120 125 130 134 139 144 149 154 154 154 155 155 155 155 155 156 156 156 156 156 157 157 151 146 141 136 131 126 121 116 111 106 101 96 91 86 81 77 72 68 63 59 55 50 46 41 37 32 28 24 24 23 23
50 50 50 50 50 50 50 50 50 50 50 51 51 51 51 51 51 51 51 51 52 52 52 54 56 58 60 63 65 67 69 72 74 76 79 81 83 88 93 97 102 107 112 117 122 127 132 136 141 146 151 151 152 152 152 152 152 152 153 153 153 153 153 154 153 148 143 138 133 128 123 118 113 108 103 97 92 87 82 78 74 69 65 61 56 52 48 43 39 35 30 26 23 22 22 22
50 50 50 50 50 50 50 50 50 51 51 51 51 51 51 51 51 51 51 51 51 51 52 53 55 57 59 61 63 66 68 70 72 74 76 78 80 85 89 94 99 104 109 114 119 124 129 134 139 143 148 149 149 149 149 149 149 150 150 150 150 150 150 151 150 145 140 135 130 125 120 115 109 104 99 94 89 84 79 75 71 66 62 58 54 49 45 41 37 33 28 24 21 21 20 20
50 50 50 50 50 50 50 50 51 51 51 51 51 51 51 51 51 51 51 51 51 51 51 53 55 56 58 60 62 64 66 68 70 71 73 75 77 82 86 91 96 101 106 111 116 121 126 131 136 141 146 146 146 146 146 147 147 147 147 147 147 147 147 147 147 142 137 132 127 122 117 111 106 101 96 91 86 81 76 71 67 63 59 55 51 47 43 39 35 31 26 22 19 19 19 19
