pluvio/pluvio-152.asc
ncols         252
nrows         154
xllcorner     -18.017974
yllcorner     13.481982
cellsize      0.035948
NODATA_value  -9999
[rows 86 to 128 of 154, columns 0 to 95 of 252]
65535 65535 65535 65535 65535 65535 65535 65535 65535 65535 65535 65535 65535 65535 65535 65535 65535 65535 65535 65535 65535 86 85 85 84 84 83 83 82 82 82 81 81 80 80 79 79 78 78 78 77 77 76 76 75 75 74 74 74 74 74 75 76 77 78 79 80 81 82 83 84 85 85 86 88 89 90 92 93 94 95 97 98 99 101 102 103 105 106 107 109 110 112 113 114 116 117 119 120 121 123 125 128 130 133 136
65535 65535 65535 65535 65535 65535 65535 65535 65535 65535 65535 65535 65535 65535 65535 65535 65535 65535 65535 65535 65535 86 85 85 85 84 84 84 83 83 83 82 82 81 81 81 80 80 79 79 78 78 77 77 76 76 75 75 74 74 75 76 77 78 79 80 81 81 82 83 84 85 86 87 88 90 91 93 94 96 97 98 100 101 103 104 105 107 108 110 111 113 114 116 117 118 120 121 123 124 126 128 131 133 136 139
65535 65535 65535 65535 65535 65535 65535 65535 65535 65535 65535 65535 65535 65535 65535 65535 65535 65535 65535 65535 65535 86 85 85 85 85 84 84 84 84 83 83 83 83 82 82 82 81 81 80 79 79 78 78 77 77 76 76 75 75 76 77 78 78 79 80 81 82 83 84 85 85 86 87 89 91 92 94 95 97 98 100 101 103 105 106 108 109 111 112 114 115 117 118 120 121 123 124 126 127 129 131 134 136 139 142
65535 65535 65535 65535 65535 65535 65535 65535 65535 65535 65535 65535 65535 65535 65535 65535 65535 65535 65535 65535 65535 86 86 85 85 85 85 85 85 85 84 84 84 84 84 84 83 82 82 81 81 80 79 79 78 78 77 76 76 76 77 77 78 79 80 81 82 83 83 84 85 86 87 88 90 91 93 95 96 98 100 101 103 105 107 108 110 112 113 115 116 118 119 121 122 124 125 127 128 130 131 134 136 139 142 145
65535 65535 65535 65535 65535 65535 65535 65535 65535 65535 65535 65535 65535 65535 65535 65535 65535 65535 65535 65535 65535 86 86 86 86 86 86 85 85 85 85 85 85 85 85 85 84 84 83 82 82 81 80 80 79 78 78 77 77 76 77 78 79 80 81 81 82 83 84 85 86 86 87 88 90 92 94 96 98 99 101 103 105 107 109 110 112 114 115 117 119 120 122 123 125 126 128 130 131 133 134 137 139 142 145 148
65535 65535 65535 65535 65535 65535 65535 156 156 156 156 156 156 156 156 156 156 156 156 156 156 155 150 145 140 136 131 126 121 116 111 106 101 96 91 87 87 86 85 85 84 83 83 82 81 81 80 79 79 79 80 80 81 82 83 84 85 86 87 88 89 89 90 92 93 95 97 99 101 103 104 106 108 110 112 113 115 117 118 120 121 123 124 126 127 129 131 132 134 135 137 139 142 145 148 150
65535 65535 65535 65535 65535 65535 65535 156 156 156 156 156 156 156 156 156 156 156 156 156 156 155 151 146 141 136 132 127 122 118 113 108 103 99 94 90 90 89 88 88 87 86 86 85 85 84 83 83 82 82 83 84 85 86 87 88 89 90 91 92 93 94 95 97 98 100 102 103 105 107 109 110 112 114 115 117 119 120 122 123 125 126 127 129 130 132 133 134 136 137 139 141 144 147 150 153
65535 65535 65535 65535 65535 65535 65535 156 156 156 156 156 156 156 156 156 156 156 156 156 156 155 151 146 142 137 133 128 124 119 115 110 106 101 97 93 92 92 91 91 90 90 89 88 88 87 87 86 85 85 87 88 89 90 91 92 93 95 96 97 98 99 100 102 103 105 106 108 110 111 113 114 116 117 119 121 122 124 125 126 128 129 130 132 133 134 136 137 138 140 141 143 146 149 152 155
65535 65535 65535 65535 65535 65535 65535 156 156 156 156 156 156 156 156 156 156 156 156 156 156 155 151 147 142 138 134 130 125 121 117 112 108 104 99 96 95 95 94 94 93 93 92 92 91 90 90 89 89 89 90 91 93 94 95 96 98 99 100 101 103 104 105 107 108 109 111 112 114 115 117 118 120 121 123 124 126 127 128 130 131 132 133 134 136 137 138 139 141 142 143 145 148 151 154 157
65535 65535 65535 65535 65535 65535 65535 156 156 156 156 156 156 156 156 156 156 156 156 156 156 155 151 147 143 139 135 131 127 123 119 114 110 106 102 99 98 98 97 97 96 96 95 95 94 94 93 93 92 92 94 95 96 98 99 100 102 103 105 106 107 109 110 111 113 114 116 117 118 120 121 122 124 125 127 128 129 131 132 133 134 135 136 137 138 139 141 142 143 144 145 147 150 154 157 160
65535 65535 65535 65535 65535 65535 65535 156 156 156 156 156 156 156 156 156 156 156 156 156 156 155 152 148 144 140 136 132 128 124 120 117 113 109 105 102 101 101 100 100 99 99 98 98 97 97 96 96 95 96 97 99 100 102 103 105 106 108 109 111 112 114 115 116 118 119 120 121 123 124 125 127 128 129 130 132 133 134 135 136 137 138 139 140 141 142 143 144 145 146 147 149 153 156 159 162
65535 65535 65535 65535 65535 65535 65535 156 156 156 156 156 156 156 156 156 156 156 156 156 156 155 152 148 144 141 137 133 130 126 122 119 115 111 108 105 104 104 103 103 102 102 101 101 101 100 100 99 99 99 101 102 104 105 107 109 110 112 114 115 117 118 120 121 123 124 125 126 127 128 129 131 132 133 134 135 136 137 138 139 140 141 142 143 144 145 146 147 147 148 149 152 155 158 161 164
65535 65535 65535 65535 65535 65535 65535 156 156 156 156 156 156 156 156 156 156 156 156 156 156 155 152 149 145 142 138 135 131 128 124 121 117 114 110 108 107 107 106 106 105 105 105 104 104 103 103 102 102 102 104 106 108 109 111 113 114 116 118 120 121 123 125 126 127 128 129 131 132 133 134 135 136 137 138 139 140 141 142 142 143 144 145 146 147 147 148 149 150 151 151 154 157 160 164 167
65535 65535 65535 65535 65535 65535 65535 156 156 156 156 156 156 156 156 156 156 156 156 156 156 155 152 149 146 142 139 136 133 129 126 123 120 116 113 110 110 110 109 109 108 108 108 107 107 106 106 106 105 106 108 109 111 113 115 117 119 121 122 124 126 128 130 131 132 133 134 135 136 137 138 139 140 141 142 142 143 144 145 146 146 147 148 149 149 150 151 151 152 153 154 156 159 162 166 169
65535 65535 65535 65535 65535 65535 65535 156 156 156 156 156 156 156 156 156 156 156 156 156 156 156 152 149 146 143 140 137 134 131 128 125 122 119 116 113 113 113 112 112 112 111 111 110 110 110 109 109 109 109 111 113 115 117 119 121 123 125 127 129 131 133 135 136 137 138 139 140 140 141 142 143 144 144 145 146 147 148 148 149 149 150 151 151 152 153 153 154 154 155 156 158 161 165 168 171
65535 65535 65535 65535 65535 65535 65535 156 156 156 156 156 156 156 156 156 156 156 156 156 156 156 153 150 147 144 141 138 136 133 130 127 124 121 118 116 116 116 115 115 115 114 114 114 113 113 113 112 112 112 115 117 119 121 123 125 127 129 131 133 136 138 140 141 142 143 143 144 145 146 146 147 148 148 149 150 150 151 152 152 153 153 154 154 155 155 156 156 157 157 158 160 163 167 170 174
65535 65535 65535 65535 65535 65535 65535 156 156 156 156 156 156 156 156 156 156 156 156 156 156 156 153 150 148 145 142 140 137 134 132 129 126 124 121 119 119 118 118 118 118 117 117 117 116 116 116 116 115 116 118 120 122 125 127 129 131 134 136 138 140 142 145 146 147 147 148 149 149 150 150 151 152 152 153 153 154 154 155 155 156 156 157 157 157 158 158 159 159 159 160 162 166 169 173 176
65535 65535 65535 65535 65535 65535 65535 156 156 156 156 156 156 156 156 156 156 156 156 156 156 156 153 151 148 146 143 141 139 136 134 131 129 126 124 122 122 121 121 121 121 120 120 120 120 119 119 119 119 119 122 124 126 129 131 133 136 138 140 143 145 147 150 151 152 152 153 153 154 154 155 155 156 156 157 157 157 158 158 158 159 159 159 160 160 160 161 161 161 162 162 164 168 171 175 178
65535 65535 65535 65535 65535 65535 65535 156 156 156 156 156 156 156 156 156 156 156 156 156 156 156 153 151 149 147 144 142 140 138 136 133 131 129 127 125 125 124 124 124 124 123 123 123 123 123 122 122 122 123 125 127 130 132 135 137 140 142 145 147 150 152 155 156 157 157 157 158 158 158 159 159 160 160 160 161 161 161 161 162 162 162 162 163 163 163 163 163 164 164 164 166 170 174 177 181
65535 65535 65535 65535 65535 65535 65535 167 166 165 164 164 163 162 161 161 160 159 159 158 157 156 154 152 150 148 147 145 143 141 139 137 135 133 131 130 129 129 129 129 129 129 129 128 128 128 128 128 128 128 131 133 136 138 140 143 145 148 150 152 155 157 160 161 161 162 162 162 162 163 163 163 163 163 164 164 164 164 165 165 165 165 165 165 166 166 166 166 166 166 167 169 173 176 180 183
65535 65535 65535 65535 65535 65535 65535 167 166 165 165 164 163 163 162 161 161 160 159 158 158 157 155 154 152 151 149 147 146 144 143 141 139 138 136 135 135 135 135 135 135 135 135 135 135 135 135 135 135 136 138 140 142 145 147 149 151 154 156 158 160 162 165 166 166 166 166 166 166 167 167 167 167 167 167 167 167 167 167 168 168 168 168 168 168 169 169 169 169 169 169 172 175 179 183 186
65535 65535 65535 65535 65535 65535 65535 167 166 165 165 164 163 163 162 162 161 160 160 159 159 158 157 155 154 153 151 150 149 148 146 145 144 143 141 140 141 141 141 141 141 141 141 141 142 142 142 142 142 143 145 147 149 151 153 155 157 159 161 164 166 168 170 171 171 171 171 171 171 171 171 170 170 170 170 170 170 170 170 170 171 171 171 171 171 171 172 172 172 172 172 174 178 182 185 189
65535 65535 65535 65535 65535 65535 65535 167 166 165 165 164 164 163 163 162 162 161 160 160 159 159 158 157 156 155 154 153 152 151 150 149 148 147 147 146 146 146 147 147 147 147 148 148 148 148 149 149 149 150 152 154 156 158 160 161 163 165 167 169 171 173 175 176 176 176 175 175 175 175 174 174 174 174 174 173 173 173 173 173 173 174 174 174 174 174 174 174 175 175 175 177 181 185 188 192
65535 65535 65535 65535 65535 65535 65535 167 166 166 165 165 164 164 163 163 162 161 161 160 160 159 159 158 158 157 156 156 155 155 154 154 153 152 152 151 152 152 152 153 153 154 154 154 155 155 155 156 156 157 159 161 162 164 166 168 169 171 173 175 176 178 180 181 181 180 180 179 179 179 178 178 178 177 177 176 176 176 176 176 176 177 177 177 177 177 177 177 177 178 178 180 184 187 191 195
65535 65535 65535 65535 65535 65535 65535 167 166 166 165 165 164 164 163 163 163 162 162 161 161 160 160 160 159 159 159 159 158 158 158 158 157 157 157 157 157 158 158 159 159 160 160 161 161 162 162 163 163 164 166 167 169 171 172 174 175 177 179 180 182 184 185 186 185 185 184 184 183 183 182 182 181 181 180 180 179 179 179 179 179 179 179 180 180 180 180 180 180 180 180 183 186 190 194 198
65535 65535 65535 65535 65535 65535 65535 167 166 166 165 165 165 164 164 163 163 163 162 162 161 161 161 161 161 161 161 162 162 162 162 162 162 162 162 162 163 164 164 165 165 166 167 167 168 168 169 170 170 171 173 174 176 177 179 180 181 183 184 186 187 189 190 191 190 189 189 188 187 187 186 185 185 184 183 183 182 182 182 182 182 182 182 182 183 183 183 183 183 183 183 185 189 193 197 200
65535 65535 65535 65535 65535 65535 65535 167 166 166 166 165 165 165 164 164 164 163 163 162 162 162 162 163 163 164 164 164 165 165 166 166 166 167 167 168 168 169 170 171 171 172 173 174 174 175 176 177 177 178 180 181 182 184 185 186 188 189 190 191 193 194 195 196 195 194 193 192 192 191 190 189 188 188 187 186 185 185 185 185 185 185 185 185 185 185 186 186 186 186 186 188 192 196 200 203
65535 65535 65535 65535 65535 65535 65535 167 166 166 166 165 165 165 165 164 164 164 163 163 163 163 163 164 165 166 166 167 168 169 169 170 171 172 172 173 174 175 176 177 178 178 179 180 181 182 183 184 185 186 187 188 189 190 191 192 194 195 196 197 198 199 200 201 200 199 198 197 196 195 194 193 192 191 190 189 188 188 188 188 188 188 188 188 188 188 188 188 189 189 189 191 195 199 202 206
65535 65535 65535 65535 65535 65535 65535 167 166 166 166 166 165 165 165 165 164 164 164 164 164 164 165 166 167 168 169 170 171 172 173 174 175 177 178 179 180 181 182 183 184 185 186 187 188 189 190 191 192 193 194 195 196 197 198 199 200 201 202 203 204 205 206 206 205 203 202 201 200 199 198 197 196 194 193 192 191 191 191 191 191 191 191 191 191 191 191 191 191 191 191 194 198 201 205 209
65535 65535 65535 65535 65535 65535 65535 167 166 166 166 166 166 166 165 165 165 165 165 164 164 164 166 167 169 170 171 173 174 176 177 179 180 181 183 184 185 186 187 189 190 191 192 193 194 195 196 198 199 200 201 201 202 203 204 205 206 206 207 208 209 210 211 211 209 208 207 206 204 203 202 200 199 198 197 195 194 193 193 194 194 194 194 194 194 194 194 194 194 194 194 196 200 204 208 212
65535 65535 65535 65535 65535 65535 65535 167 166 166 166 166 166 166 166 166 165 165 165 165 165 165 167 169 170 172 174 176 177 179 181 183 184 186 188 190 191 192 193 195 196 197 198 200 201 202 203 205 206 207 208 208 209 210 210 211 212 212 213 214 214 215 216 216 214 213 211 210 208 207 206 204 203 201 200 198 197 196 196 196 196 197 197 197 197 197 197 197 197 197 197 199 203 207 211 215
65535 65535 65535 65535 65535 65535 65535 167 167 166 166 166 166 166 166 166 166 166 166 166 166 166 168 170 172 174 176 178 181 183 185 187 189 191 193 195 196 198 199 201 202 203 205 206 207 209 210 212 213 214 215 215 216 216 217 217 218 218 219 219 220 220 221 221 219 217 216 214 213 211 209 208 206 205 203 202 200 199 199 199 199 199 199 199 199 200 200 200 200 200 200 202 206 210 214 218
65535 65535 65535 65535 65535 65535 65535 167 167 167 167 167 167 167 167 167 166 166 166 166 166 167 169 172 174 176 179 181 184 186 189 191 193 196 198 200 202 203 205 207 208 210 211 213 214 216 217 219 220 221 222 222 222 223 223 223 224 224 224 225 225 226 226 225 224 222 220 219 217 215 213 212 210 208 206 205 203 202 202 202 202 202 202 202 202 202 202 202 202 202 202 205 209 213 216 220
65535 65535 65535 65535 65535 65535 65535 169 169 168 168 168 168 168 168 168 167 167 167 167 167 167 170 172 175 178 181 183 186 189 191 194 197 199 202 205 206 208 210 211 213 215 217 218 220 222 223 225 227 228 228 229 229 229 229 230 230 230 230 231 231 231 231 231 229 227 226 224 222 220 219 217 215 214 212 210 208 208 208 208 208 208 208 208 208 208 208 208 209 209 209 211 215 219 222 226
65535 65535 65535 65535 65535 65535 65535 169 169 168 168 168 168 168 168 168 168 167 167 167 167 167 170 173 176 179 182 185 188 191 194 197 200 203 206 208 210 212 214 216 218 220 222 224 226 228 230 232 234 235 235 235 236 236 236 236 236 236 236 237 237 237 237 236 235 233 231 230 228 226 225 223 221 220 218 216 215 214 214 214 214 214 215 215 215 215 215 216 216 216 216 218 222 225 229 233
65535 65535 65535 65535 65535 65535 65535 169 169 168 168 168 168 168 168 168 168 167 167 167 167 167 171 174 177 180 183 187 190 193 196 199 203 206 209 212 214 216 219 221 223 225 227 230 232 234 236 238 241 242 242 242 242 242 242 242 242 242 242 242 242 242 242 242 240 239 237 235 234 232 230 229 227 226 224 222 221 220 220 220 221 221 221 222 222 222 222 223 223 223 223 226 229 232 236 239
65535 65535 65535 65535 65535 65535 65535 169 169 168 168 168 168 168 168 168 168 168 167 167 167 168 171 175 178 181 185 188 192 195 199 202 206 209 212 216 218 221 223 225 228 230 233 235 238 240 242 245 247 249 249 249 249 249 249 249 248 248 248 248 248 248 248 247 246 244 243 241 239 238 236 235 233 232 230 228 227 226 227 227 227 228 228 228 229 229 229 230 230 230 231 233 236 239 242 246
65535 65535 65535 65535 65535 65535 65535 169 169 169 168 168 168 168 168 168 168 168 168 168 167 168 172 175 179 183 186 190 194 197 201 205 209 212 216 219 222 225 227 230 233 235 238 241 243 246 249 251 254 256 256 256 255 255 255 255 255 254 254 254 254 254 254 253 251 250 248 247 245 244 242 241 239 237 236 234 233 232 233 233 234 234 235 235 235 236 236 237 237 238 238 240 243 246 249 252
65535 65535 65535 65535 65535 65535 65535 169 169 169 168 168 168 168 168 168 168 168 168 168 168 168 172 176 180 184 188 192 196 200 204 207 211 215 219 223 226 229 232 235 238 241 243 246 249 252 255 258 261 263 263 262 262 262 261 261 261 261 260 260 260 259 259 258 257 255 254 252 251 249 248 246 245 243 242 240 239 239 239 240 240 241 241 242 242 243 243 244 244 245 246 247 250 253 256 259
65535 65535 65535 65535 65535 65535 65535 169 169 169 168 168 168 168 168 168 168 168 168 168 168 168 172 177 181 185 189 193 198 202 206 210 214 219 223 227 230 233 236 239 243 246 249 252 255 258 261 265 268 270 269 269 269 268 268 267 267 267 266 266 265 265 265 264 262 261 259 258 257 255 254 252 251 249 248 247 245 245 245 246 247 247 248 248 249 250 250 251 252 252 253 255 257 260 263 265
65535 65535 65535 65535 65535 65535 65535 169 169 169 169 168 168 168 168 168 168 168 168 168 168 168 173 177 182 186 191 195 200 204 208 213 217 222 226 230 234 237 241 244 247 251 254 258 261 264 268 271 275 277 276 276 275 275 274 274 273 273 272 272 271 271 270 269 268 266 265 264 262 261 260 258 257 255 254 253 251 251 252 252 253 254 254 255 256 257 257 258 259 259 260 262 264 267 269 272
65535 65535 65535 65535 65535 65535 65535 169 169 169 169 168 168 168 168 168 168 168 168 168 168 169 173 178 183 187 192 197 201 206 211 216 220 225 230 234 238 241 245 249 252 256 260 263 267 270 274 278 281 284 283 282 282 281 281 280 279 279 278 278 277 276 276 275 273 272 271 269 268 267 265 264 263 261 260 259 257 257 258 259 259 260 261 262 263 264 264 265 266 267 268 269 271 274 276 278
65535 65535 65535 65535 65535 65535 65535 169 169 169 169 169 168 168 168 168 168 168 168 168 168 169 174 179 184 189 194 198 203 208 213 218 223 228 233 238 242 246 249 253 257 261 265 269 273 277 280 284 288 291 290 289 288 288 287 286 286 285 284 283 283 282 281 280 279 278 276 275 274 272 271 270 269 267 266 265 263 263 264 265 266 267 268 269 270 270 271 272 273 274 275 277 279 281 283 285
