pluvio/pluvio-357.asc
ncols         252
nrows         154
xllcorner     -0.5
yllcorner     -153.5
cellsize      1
NODATA_value  -9999
[rows 55 to 109 of 154, columns 96 to 191 of 252]
24 25 25 26 26 27 27 27 28 28 28 29 29 32 34 36 39 41 44 45 44 44 43 42 42 41 41 40 40 40 39 39 39 39 39 40 40 40 41 41 41 40 39 37 36 35 33 33 32 32 32 32 31 31 31 30 29 29 28 28 27 26 26 26 25 25 24 24 23 22 21 20 18 17 16 16 16 16 16 16 16 16 17 18 19 21 22 23 24 26 27 29 30 32 34 35
25 25 26 26 27 27 28 28 29 29 30 30 31 34 37 39 42 44 47 49 48 47 46 45 44 43 43 42 42 42 41 41 41 40 41 41 41 41 42 42 41 40 39 38 36 35 34 33 33 33 32 32 32 31 31 30 30 29 28 28 27 27 26 26 25 25 24 24 23 22 21 20 19 18 17 17 17 17 18 18 18 19 20 21 22 24 25 26 28 29 31 32 33 35 36 38
26 26 27 27 27 28 29 29 30 31 32 32 34 36 39 42 45 48 51 52 51 50 49 48 47 45 44 44 44 43 43 43 42 42 42 42 42 42 42 42 42 41 39 38 37 36 35 34 33 33 33 32 32 32 31 31 30 29 29 28 27 27 26 26 25 25 24 23 23 22 21 20 20 19 18 18 19 19 19 20 20 21 22 24 25 27 28 30 31 33 34 35 36 38 39 40
27 27 28 28 28 29 30 30 31 32 33 34 36 39 42 45 48 51 54 56 55 53 52 50 49 48 46 46 46 45 45 44 44 44 44 43 43 43 43 43 42 41 40 39 37 36 35 34 34 34 33 33 32 32 31 31 30 30 29 28 28 27 26 26 25 24 24 23 23 22 21 21 20 20 19 19 20 21 21 22 22 23 24 26 28 30 31 33 35 36 37 38 39 40 41 42
28 28 28 29 29 29 30 32 33 34 35 36 38 41 44 48 51 54 57 59 58 56 55 53 51 50 48 48 47 47 47 46 46 45 45 45 44 44 43 43 42 41 40 39 38 37 36 35 34 34 34 33 33 32 32 31 30 30 29 28 28 27 26 26 25 24 24 23 22 22 22 21 21 21 20 20 21 22 23 24 25 25 27 29 31 33 35 37 38 40 40 41 42 43 44 45
30 30 30 30 30 30 32 33 35 36 38 39 41 44 47 50 53 56 60 62 60 58 57 55 54 52 51 50 49 49 48 47 47 46 46 47 47 47 47 47 47 46 45 43 42 41 40 39 38 37 37 36 35 35 34 33 32 31 31 30 29 28 27 27 26 25 25 24 23 23 24 24 24 24 24 24 25 26 27 28 29 30 31 32 32 33 34 35 36 37 37 38 39 40 40 41
31 31 31 31 31 31 33 35 37 38 40 42 44 47 50 53 56 59 62 63 62 60 59 57 56 54 53 52 51 50 49 48 47 47 48 49 49 50 51 52 52 51 50 48 47 46 45 43 42 41 40 39 38 37 36 35 34 33 32 31 30 29 29 28 27 26 26 25 25 25 26 26 26 27 27 28 29 30 31 33 34 35 35 34 34 34 33 33 32 33 33 34 35 35 36 37
33 33 33 32 32 32 34 36 39 41 43 45 47 50 53 55 58 61 64 65 64 62 61 60 58 57 56 54 53 52 50 49 48 47 49 51 52 54 55 57 57 56 55 53 52 51 49 48 47 45 44 42 41 39 38 37 36 35 34 33 31 31 30 29 28 27 27 26 26 27 28 29 29 30 31 32 33 35 36 37 38 40 39 37 36 34 32 31 29 29 30 30 31 31 32 32
35 34 34 34 33 33 36 38 41 43 45 48 50 53 55 58 60 63 65 67 66 64 63 62 61 59 58 56 55 53 52 50 48 48 50 53 55 57 60 62 63 61 60 58 57 55 54 52 51 49 47 45 44 42 40 39 38 37 35 34 33 32 31 30 29 28 28 27 27 29 30 31 32 34 35 36 38 39 40 42 43 44 43 40 37 34 31 29 26 25 26 26 27 27 28 28
37 36 35 35 34 34 37 40 42 45 48 51 53 56 58 60 63 65 67 69 68 67 65 64 63 62 60 59 57 55 53 51 49 49 52 55 58 61 64 67 68 66 65 63 62 60 59 57 55 53 51 49 46 44 43 41 40 38 37 35 34 33 32 31 30 30 29 28 29 30 32 34 35 37 39 40 42 43 45 46 48 49 47 43 39 35 31 26 22 21 22 22 23 23 23 24
38 38 37 36 35 35 38 41 44 48 51 54 57 59 61 63 65 67 69 71 70 69 67 66 65 64 63 61 58 56 54 52 50 50 53 57 61 64 68 72 73 72 70 68 67 65 63 61 59 57 54 52 49 47 45 43 42 40 38 37 35 34 33 32 32 31 30 29 30 32 34 36 38 40 42 44 46 48 49 51 53 54 51 46 40 35 30 24 19 18 18 18 18 19 19 19
40 39 38 37 36 36 39 43 46 50 53 57 60 62 64 66 67 69 71 73 72 71 70 69 68 67 65 63 60 58 55 53 50 50 55 59 63 68 72 76 78 77 75 73 72 70 68 66 63 60 58 55 52 49 47 45 44 42 40 38 37 35 34 33 33 32 31 30 31 34 36 39 41 44 46 48 50 52 54 55 57 59 55 49 42 35 29 22 15 14 14 14 14 15 15 15
42 41 40 40 39 39 42 45 48 50 53 56 59 61 62 64 66 68 69 70 70 69 69 68 68 67 66 64 62 59 57 55 52 52 56 60 64 68 72 76 78 77 75 74 73 71 70 68 65 62 59 56 53 50 47 45 44 42 40 38 36 35 35 34 33 32 32 31 32 35 37 39 42 44 46 48 50 51 53 55 56 58 54 47 41 35 28 22 15 14 14 15 16 16 17 18
43 43 42 42 42 42 44 46 49 51 53 56 58 59 61 62 64 65 67 68 68 68 68 68 68 68 67 65 63 61 59 57 55 55 58 62 65 69 73 76 78 77 76 75 73 72 71 69 66 63 59 56 53 50 47 45 44 42 40 38 36 35 35 34 34 33 33 32 33 35 38 40 42 44 47 48 49 51 52 53 55 56 52 46 40 34 27 21 15 14 15 16 17 19 20 21
44 44 44 44 44 45 46 48 50 52 53 55 57 58 59 61 62 63 65 66 66 67 67 67 68 68 68 66 64 62 61 59 57 57 60 63 66 69 73 76 78 77 76 75 74 73 72 70 67 64 60 57 53 50 47 45 43 42 40 38 36 35 35 34 34 34 34 33 34 36 38 40 42 45 47 48 49 50 51 52 53 54 50 45 39 33 27 21 15 14 16 18 19 21 22 24
46 46 46 47 47 48 49 50 51 52 53 55 56 57 58 59 60 61 62 63 64 65 66 67 68 69 69 67 66 64 62 61 59 59 62 64 67 70 73 76 77 77 76 75 75 74 74 72 68 65 61 57 54 50 47 45 43 42 40 38 36 35 35 35 35 35 34 34 35 37 39 41 43 45 47 48 49 49 50 51 51 52 49 43 38 32 26 21 15 15 17 19 21 23 25 27
47 48 49 49 50 50 51 52 52 53 53 54 55 56 57 57 58 59 60 61 62 64 65 66 68 69 70 68 67 65 64 63 61 61 64 66 68 71 73 75 77 76 76 76 76 75 75 73 69 66 62 58 54 50 47 45 43 41 40 38 36 35 35 35 35 35 35 35 36 38 40 42 43 45 47 48 48 49 49 50 50 50 47 42 36 31 26 20 15 15 18 20 23 25 28 30
49 50 51 52 53 53 53 53 53 53 54 54 54 54 55 56 56 57 58 59 60 62 64 66 68 70 71 69 68 67 66 65 63 63 65 67 69 71 73 75 76 76 76 76 76 76 77 75 71 67 62 58 54 50 47 45 43 41 39 38 36 35 35 35 36 36 36 36 37 39 41 42 44 45 47 48 48 48 48 48 48 49 45 40 35 30 25 20 15 15 18 21 24 27 30 33
50 51 53 54 55 56 56 55 55 54 54 53 53 53 54 54 54 55 55 56 59 61 63 66 68 70 71 70 70 69 68 67 66 66 67 69 70 72 73 75 76 76 77 77 77 78 78 76 72 68 63 59 54 50 47 45 43 41 39 37 36 35 35 36 36 37 37 38 38 40 41 43 44 45 47 47 47 47 47 47 47 47 44 39 34 29 24 20 15 16 19 23 26 29 33 36
53 54 56 57 58 59 59 59 58 58 58 57 57 57 58 58 58 58 58 59 61 63 65 67 69 70 72 71 70 70 69 68 67 68 69 71 73 74 76 78 79 78 78 78 78 78 78 76 72 68 64 60 56 53 49 47 45 43 41 39 37 36 37 37 38 39 39 40 41 43 44 46 47 49 50 50 50 49 48 47 46 46 43 39 35 31 27 24 20 20 23 26 29 32 34 37
56 57 58 60 61 62 62 62 62 62 62 62 62 62 62 62 62 62 62 62 63 65 66 68 69 71 72 71 71 70 70 70 69 70 71 73 75 77 79 81 81 81 80 80 79 78 78 76 72 69 65 62 58 55 52 50 47 45 42 40 38 37 38 39 40 41 42 43 44 46 47 49 51 52 54 53 52 50 49 48 46 45 42 39 36 33 31 28 25 25 27 30 32 34 36 38
58 60 61 63 64 65 65 66 66 66 66 66 66 66 66 65 65 65 65 65 66 67 68 69 70 71 72 72 71 71 71 71 71 72 74 76 78 79 81 83 84 83 82 81 80 79 78 76 73 70 67 63 60 57 54 52 49 47 44 41 39 38 40 41 42 43 44 46 47 49 50 52 54 56 57 57 54 52 50 48 46 44 41 40 38 36 34 32 30 30 32 33 34 36 37 39
61 63 64 66 67 68 69 69 69 70 70 70 71 70 70 69 69 69 68 68 68 69 70 70 71 71 72 72 72 72 72 73 73 74 76 78 80 82 84 86 87 85 84 82 81 79 78 76 73 70 68 65 62 60 57 54 51 48 46 43 40 39 41 42 44 45 47 48 50 52 54 55 57 59 61 60 57 54 51 48 45 42 41 40 39 38 37 36 35 35 36 36 37 38 39 39
64 66 67 68 70 71 72 72 73 74 74 75 75 75 74 73 73 72 71 71 71 71 71 71 72 72 72 72 73 73 74 74 75 76 78 80 82 85 87 89 90 88 86 84 82 80 78 75 73 71 69 67 64 62 60 56 53 50 47 44 41 41 42 44 46 48 49 51 53 55 57 59 60 62 64 63 59 56 52 48 45 41 40 40 40 40 40 40 40 40 40 40 40 40 40 40
67 68 70 71 73 74 75 76 77 78 78 79 80 79 78 77 76 75 75 74 73 73 73 73 72 72 72 73 73 74 75 76 76 78 80 82 85 87 90 92 93 90 88 85 83 80 77 75 73 72 70 68 66 65 62 59 55 52 49 46 42 42 44 46 48 50 52 54 56 58 60 62 64 66 68 66 62 57 53 49 45 40 39 40 41 42 43 44 45 45 44 43 43 42 42 41
70 71 73 74 76 78 79 80 81 82 83 84 84 83 82 81 80 79 78 77 76 75 75 74 73 72 72 73 74 75 76 77 78 80 82 85 87 90 92 95 95 92 89 86 83 80 77 75 74 72 71 70 68 67 64 61 57 54 50 47 43 43 45 47 50 52 54 56 59 61 63 65 67 69 71 69 64 59 54 49 44 39 39 41 42 44 46 48 50 50 48 47 46 44 43 42
78 80 82 84 87 89 89 90 90 91 91 92 92 90 88 87 85 83 81 80 79 78 77 76 75 75 74 74 75 75 76 76 77 78 80 82 84 86 88 90 91 89 87 85 84 82 80 78 76 74 72 70 69 67 64 61 58 55 52 48 45 45 47 50 52 54 57 59 61 62 64 65 67 68 70 67 63 58 53 49 44 39 39 41 44 46 48 50 52 52 51 50 49 48 47 46
85 88 91 94 97 100 100 100 100 100 100 100 99 97 95 92 90 88 85 83 82 81 80 79 78 77 76 76 76 76 76 75 75 76 78 79 81 83 84 86 87 86 85 85 84 83 83 81 79 76 74 71 69 66 64 61 58 55 53 50 47 47 50 52 54 57 59 62 63 64 65 66 66 67 68 66 61 57 53 48 44 40 40 42 45 47 49 52 54 54 54 53 52 51 51 50
93 97 101 104 108 111 110 110 109 109 108 108 107 104 101 98 95 92 89 86 85 84 83 81 80 79 78 77 77 76 75 75 74 74 75 77 78 79 80 82 82 83 83 84 84 85 85 84 81 78 75 72 69 66 63 61 59 56 54 52 49 49 52 54 57 59 62 64 65 66 66 66 66 66 67 64 60 56 52 48 44 40 40 43 46 48 51 53 56 57 56 56 55 55 55 54
101 105 110 114 118 122 121 120 119 118 117 116 114 111 107 103 100 96 93 90 88 87 85 84 82 81 80 79 77 76 75 74 73 72 73 74 75 75 76 77 78 80 81 83 85 86 88 87 83 80 76 73 69 66 63 61 59 57 55 53 51 52 54 57 59 62 64 67 68 67 67 66 66 65 65 63 59 55 51 48 44 40 41 44 47 49 52 55 58 59 59 59 59 59 59 58
109 114 119 124 129 133 131 130 128 127 125 124 122 117 113 109 105 101 96 93 91 90 88 86 85 83 82 80 78 76 75 73 71 70 71 71 71 72 72 73 74 77 79 82 85 88 90 90 86 82 78 74 69 65 63 61 59 58 56 55 53 54 56 59 62 64 67 69 70 69 68 67 66 65 64 61 58 54 51 47 44 41 41 45 48 51 54 57 60 61 61 62 62 62 62 63
117 123 128 134 140 144 142 140 138 136 134 132 129 124 119 115 110 105 100 96 94 93 91 89 87 85 84 81 79 77 74 72 70 68 68 68 68 68 68 68 70 74 77 81 85 89 93 93 88 84 79 74 70 65 62 61 60 59 57 56 55 56 59 61 64 67 69 72 72 70 69 67 65 64 62 60 56 53 50 47 44 41 42 45 49 52 55 59 62 63 64 65 65 66 66 67
124 131 137 143 150 155 152 150 147 144 142 139 136 131 125 120 115 109 104 100 98 96 94 92 90 88 85 83 80 77 74 72 69 67 66 66 65 65 65 64 66 71 76 80 85 90 95 96 90 85 80 75 70 65 61 61 60 59 58 58 57 58 61 63 66 69 72 74 74 72 70 67 65 63 61 58 55 53 50 47 44 41 43 46 50 53 57 61 64 66 67 68 68 69 70 71
127 134 140 147 153 158 156 153 151 148 146 143 140 135 130 125 120 115 110 106 103 101 98 95 93 90 88 85 82 79 76 73 70 68 68 67 67 66 66 65 67 71 76 80 85 89 94 94 88 83 77 72 66 61 58 58 57 57 57 57 57 58 61 64 66 69 72 75 75 72 70 68 66 64 62 60 57 55 52 50 47 45 46 50 53 57 61 64 68 69 70 70 71 71 72 72
130 137 144 150 157 162 160 157 155 152 150 147 144 140 135 130 125 121 116 112 109 106 102 99 96 93 90 87 84 81 78 75 72 69 69 68 68 67 67 66 68 72 76 80 84 88 92 92 86 80 74 68 63 57 54 54 55 55 56 56 57 58 61 64 67 69 72 75 75 73 71 69 67 65 63 61 59 57 55 52 50 48 50 53 57 61 64 68 72 73 73 73 73 73 74 74
133 140 147 154 160 166 163 161 158 156 154 151 148 144 140 135 131 126 122 118 114 110 107 103 99 96 92 89 86 83 79 76 73 71 70 70 69 69 68 68 69 72 76 80 83 87 91 90 84 78 71 65 59 53 50 51 52 53 54 55 56 58 61 64 67 69 72 75 75 73 72 70 68 66 65 63 61 59 57 55 53 51 53 57 60 64 68 71 75 76 76 76 76 76 75 75
136 143 150 157 164 169 167 165 162 160 157 155 152 148 144 140 136 132 128 124 120 115 111 107 103 99 95 91 88 84 81 78 74 72 71 71 70 70 69 69 70 73 76 79 83 86 89 88 82 75 69 62 56 49 46 48 50 51 53 55 56 59 61 64 67 70 73 75 76 74 72 71 69 67 66 64 63 61 59 58 56 54 56 60 64 68 71 75 79 80 79 79 78 78 77 77
139 146 153 160 167 173 171 168 166 164 161 159 156 153 149 145 141 138 134 130 125 120 116 111 106 101 97 93 90 86 83 79 76 73 73 72 72 71 70 70 71 74 76 79 82 85 88 86 79 73 66 59 52 45 43 45 47 49 52 54 56 59 61 64 67 70 73 76 76 75 73 72 70 69 67 66 64 63 62 60 59 58 60 64 67 71 75 79 83 83 82 81 81 80 79 78
142 150 157 164 171 177 174 172 170 167 165 163 160 157 154 150 147 143 140 136 131 125 120 115 109 104 99 95 92 88 84 81 77 74 74 73 73 72 72 71 72 74 77 79 81 84 86 84 77 70 63 56 48 41 39 42 45 47 50 53 56 59 62 64 67 70 73 76 76 75 74 72 71 70 68 67 66 65 64 63 62 61 63 67 71 75 79 82 86 87 85 84 83 82 81 80
146 153 160 167 174 180 178 175 173 171 168 166 164 161 158 154 151 148 145 141 136 130 124 118 112 107 101 97 94 90 86 82 78 76 75 75 74 73 73 72 73 75 77 79 81 83 85 83 76 68 61 53 46 38 36 39 43 46 49 53 56 59 62 65 68 71 73 76 77 76 75 74 73 71 70 69 69 68 67 66 65 64 67 71 74 78 82 86 90 90 89 87 86 84 83 82
150 156 163 169 176 181 178 175 173 170 168 165 162 159 156 153 150 147 144 141 135 130 124 119 113 107 102 99 95 91 88 84 80 78 77 76 76 75 75 74 75 77 79 81 83 86 88 86 79 72 64 57 50 43 40 43 46 49 52 55 57 60 63 66 69 72 75 78 79 79 79 79 79 78 78 77 76 75 73 72 70 69 71 75 79 83 87 92 96 96 94 93 91 90 88 87
154 160 165 171 177 181 178 175 173 170 167 164 161 158 155 152 149 147 144 140 135 130 124 119 114 108 104 100 97 93 89 86 82 80 79 78 78 77 77 76 77 79 81 83 86 88 90 89 82 75 68 61 54 47 45 47 50 52 54 57 59 62 64 67 70 73 76 79 81 82 83 84 85 85 86 85 83 81 79 77 75 73 75 80 84 88 93 97 101 101 100 98 97 95 93 92
158 163 168 173 178 182 179 176 172 169 166 163 159 157 154 151 148 146 143 140 135 130 125 120 114 109 105 101 98 94 91 87 84 81 81 80 80 79 79 78 78 81 83 86 88 91 93 92 85 78 72 65 59 52 49 51 53 55 57 59 60 63 66 69 72 75 77 80 83 85 87 89 91 92 94 94 91 88 85 83 80 77 80 84 89 93 98 102 107 107 105 104 102 100 98 97
162 167 171 175 180 183 179 176 172 169 165 161 158 155 153 150 147 145 142 139 134 129 125 120 115 110 106 103 99 96 93 89 86 83 83 82 82 81 80 80 80 83 85 88 91 93 96 94 88 82 75 69 63 57 54 55 57 58 59 61 62 64 67 70 73 76 79 82 85 88 91 94 97 99 102 102 98 95 92 88 85 82 84 89 93 98 103 108 113 113 111 109 107 105 103 102
166 170 174 177 181 184 180 176 172 168 164 160 157 154 152 149 146 144 141 138 134 129 125 120 116 111 107 104 101 98 94 91 88 85 85 84 83 83 82 82 82 85 88 90 93 96 98 97 91 85 79 73 67 61 58 59 60 61 62 63 63 65 68 71 74 77 80 83 87 91 95 99 103 106 110 110 106 102 98 94 90 86 88 93 98 103 108 113 118 118 116 114 113 111 109 107
170 173 176 179 182 184 180 176 172 167 163 159 155 153 150 148 145 143 141 138 134 129 125 121 117 112 109 105 102 99 96 93 90 87 87 86 85 85 84 83 84 87 90 92 95 98 101 100 94 89 83 77 71 66 63 63 64 64 64 65 65 67 70 73 76 79 82 85 89 94 99 104 108 113 118 118 113 109 104 100 95 91 92 98 103 108 113 119 124 124 122 120 118 116 114 112
174 176 178 181 183 184 180 175 171 167 162 158 154 152 149 147 145 143 140 138 134 130 126 122 118 114 111 108 105 101 98 95 92 90 89 88 88 87 86 86 86 89 92 95 98 100 103 103 97 92 86 81 76 70 67 67 67 67 67 67 67 68 71 74 77 80 83 86 90 96 102 108 113 119 125 124 119 115 110 105 100 95 97 102 107 112 118 123 128 128 126 124 121 119 117 115
173 175 176 178 179 180 176 172 168 165 161 157 154 152 150 149 147 146 144 142 139 135 132 129 125 122 119 115 111 108 104 101 97 95 94 93 92 91 91 90 90 93 95 98 100 103 105 104 99 94 89 84 79 74 71 71 71 71 71 71 71 73 75 77 80 82 85 87 91 97 102 108 113 118 124 124 120 116 112 109 105 101 102 106 110 113 117 120 124 123 121 119 116 114 111 109
173 173 174 175 175 175 172 169 166 163 159 156 153 152 151 150 149 148 147 146 143 140 138 135 132 129 126 122 118 114 111 107 103 100 99 98 97 96 95 94 94 96 98 100 103 105 107 106 101 97 92 87 82 78 75 75 75 76 76 76 76 77 79 81 83 85 87 89 92 97 102 108 113 118 123 123 120 118 115 113 110 107 108 110 112 114 116 118 120 119 116 113 111 108 106 103
172 172 172 172 172 171 168 166 163 161 158 155 153 153 152 152 152 151 151 150 148 146 143 141 139 137 134 130 125 121 117 112 108 105 104 103 101 100 99 98 98 100 102 103 105 107 109 108 103 99 95 90 86 82 79 79 80 80 80 80 80 81 83 84 86 87 89 90 93 98 103 107 112 117 122 123 121 120 118 117 115 114 113 114 114 115 115 115 116 114 111 108 106 103 100 97
171 171 170 169 168 167 165 163 161 159 156 154 153 153 153 154 154 154 154 154 153 151 149 148 146 144 142 137 132 128 123 118 114 110 109 107 106 105 103 102 102 103 105 106 108 109 110 110 106 101 97 93 89 85 83 84 84 84 84 85 85 85 86 87 88 89 90 91 94 99 103 107 112 116 120 122 122 121 121 121 120 120 119 118 116 115 114 113 112 109 106 103 100 97 94 92
171 169 167 166 164 162 161 159 158 156 155 154 153 154 154 155 156 157 158 158 157 156 155 154 153 152 149 144 139 134 129 124 119 115 114 112 111 109 108 106 106 107 108 109 110 111 112 111 108 104 100 97 93 89 87 88 88 88 89 89 89 90 90 91 91 92 92 93 95 99 103 107 111 115 119 121 122 123 124 124 125 126 124 122 119 116 113 110 107 104 101 98 95 92 89 86
170 168 165 163 160 158 157 156 155 154 154 153 152 154 155 157 158 160 161 162 162 161 161 160 160 159 157 152 146 141 135 130 124 120 119 117 115 114 112 110 110 110 111 112 113 113 114 113 110 106 103 100 96 93 91 92 92 93 93 93 94 94 94 94 94 94 94 94 96 100 103 107 111 115 118 121 123 125 126 128 130 132 130 125 121 117 112 108 103 100 96 93 90 86 83 80
169 166 163 160 157 154 154 153 153 153 152 152 152 154 156 158 160 162 164 165 166 166 166 166 166 166 164 158 153 147 141 135 129 125 123 121 119 117 115 113 112 113 113 114 114 114 115 114 111 107 104 101 98 95 94 94 95 95 96 96 97 97 97 96 96 96 96 95 97 101 104 107 111 114 117 120 123 126 129 132 134 137 134 129 123 117 111 105 99 95 92 88 85 82 78 75
166 164 162 159 157 155 154 153 152 151 150 149 149 151 153 156 158 160 163 165 166 167 168 169 170 171 170 164 158 152 146 140 134 129 126 123 120 118 115 112 111 111 111 111 111 111 111 110 107 104 100 97 94 91 89 90 91 92 93 94 95 95 95 96 96 96 96 97 99 102 105 108 111 115 118 121 124 127 130 133 136 139 135 129 122 115 109 102 95 91 89 86 83 80 77 74
