pluvio/pluvio-80.asc
ncols         252
nrows         154
xllcorner     -18.017974
yllcorner     13.481982
cellsize      0.035948
NODATA_value  -9999
[rows 42 to 83 of 154, columns 0 to 94 of 252]
65535 65535 65535 65535 65535 65535 65535 65535 65535 65535 65535 65535 65535 65535 65535 65535 65535 65535 65535 65535 65535 65535 65535 65535 65535 65535 65535 65535 65535 65535 65535 65535 65535 65535 65535 123 121 120 118 117 115 113 112 110 108 107 105 103 102 101 101 101 101 101 101 101 101 101 101 101 101 101 101 100 100 99 98 97 96 95 94 93 93 92 91 90 89 88 86 85 83 82 80 78 77 75 74 72 71 69 68 67 67 67 67
65535 65535 65535 65535 65535 65535 65535 65535 65535 65535 65535 65535 65535 65535 65535 65535 65535 65535 65535 65535 65535 65535 65535 65535 65535 65535 65535 65535 65535 65535 65535 65535 65535 65535 65535 123 122 120 119 118 116 115 113 112 111 109 108 106 105 104 104 104 104 104 104 104 104 104 105 105 105 105 105 104 103 102 102 101 100 99 98 97 96 95 94 93 92 91 89 88 86 84 82 81 79 77 76 74 72 71 69 68 68 68 68
65535 65535 65535 65535 65535 65535 65535 65535 65535 65535 65535 65535 65535 65535 65535 65535 65535 65535 65535 65535 65535 65535 65535 65535 65535 65535 65535 65535 65535 65535 65535 65535 65535 65535 65535 123 122 121 120 119 117 116 115 114 113 112 111 109 108 108 108 108 108 108 108 108 108 108 108 108 108 109 109 108 107 106 105 104 103 102 101 100 99 98 97 96 95 94 92 90 89 87 85 83 81 80 78 76 74 72 71 70 70 70 70
65535 65535 65535 65535 65535 65535 65535 65535 65535 65535 65535 65535 65535 65535 65535 65535 65535 65535 65535 65535 65535 65535 65535 65535 65535 65535 65535 65535 65535 65535 65535 65535 65535 65535 65535 123 122 121 121 120 119 118 117 116 115 114 113 112 112 111 111 111 111 111 112 112 112 112 112 112 112 112 112 112 111 110 109 108 107 106 105 104 103 102 101 100 98 97 95 93 91 89 87 85 84 82 80 78 76 74 72 71 71 71 71
65535 65535 65535 65535 65535 65535 65535 65535 65535 65535 65535 65535 65535 65535 65535 65535 65535 65535 65535 65535 65535 65535 65535 65535 65535 65535 65535 65535 65535 65535 65535 65535 65535 65535 65535 123 123 122 121 121 120 119 119 118 117 117 116 115 115 114 115 115 115 115 115 115 115 116 116 116 116 116 116 116 115 114 113 112 110 109 108 107 106 105 104 103 102 100 98 96 94 92 90 88 86 84 82 80 78 76 74 73 72 72 72
65535 65535 65535 65535 65535 65535 65535 65535 65535 65535 65535 65535 65535 65535 65535 65535 65535 65535 65535 65535 65535 65535 65535 65535 65535 65535 65535 65535 65535 65535 65535 65535 65535 65535 65535 123 123 123 122 122 121 121 120 120 120 119 119 118 118 118 118 118 118 119 119 119 119 119 119 120 120 120 120 120 119 118 116 115 114 113 112 111 109 108 107 106 105 103 101 99 97 94 92 90 88 86 84 81 79 77 75 74 74 74 73
65535 65535 65535 65535 65535 65535 65535 65535 65535 65535 65535 65535 65535 65535 65535 65535 65535 65535 65535 65535 65535 65535 65535 65535 65535 65535 65535 65535 65535 65535 65535 65535 65535 65535 65535 123 123 123 123 123 123 122 122 122 122 122 122 121 121 121 121 122 122 122 122 123 123 123 123 123 124 124 124 124 123 121 120 119 118 116 115 114 113 112 110 109 108 106 104 102 99 97 95 92 90 88 86 83 81 79 77 75 75 75 75
65535 65535 65535 65535 65535 65535 65535 65535 65535 65535 65535 65535 65535 65535 65535 65535 65535 65535 65535 65535 65535 65535 65535 65535 65535 65535 65535 65535 65535 65535 65535 65535 65535 65535 65535 135 134 133 132 131 131 130 129 128 127 127 126 125 124 124 124 124 124 125 125 125 125 126 126 126 126 127 127 127 125 124 123 122 120 119 118 117 116 114 113 112 111 109 107 104 102 99 97 95 92 90 88 85 83 81 78 77 77 76 76
65535 65535 65535 65535 65535 65535 65535 65535 65535 65535 65535 65535 65535 65535 65535 65535 65535 65535 65535 65535 65535 65535 65535 65535 65535 65535 65535 65535 65535 65535 65535 65535 65535 65535 65535 135 134 133 132 132 131 130 129 129 128 127 126 126 125 125 125 125 125 125 126 126 126 126 126 127 127 127 127 127 126 125 124 123 121 120 119 118 117 116 115 114 113 111 109 106 104 101 99 97 94 92 90 87 85 82 80 79 78 78 78
65535 65535 65535 65535 65535 65535 65535 65535 65535 65535 65535 65535 65535 65535 65535 65535 65535 65535 65535 65535 65535 65535 65535 65535 65535 65535 65535 65535 65535 65535 65535 65535 65535 65535 65535 135 134 133 133 132 131 131 130 129 129 128 127 126 126 125 126 126 126 126 126 126 127 127 127 127 127 128 128 127 126 125 125 124 123 122 121 120 119 118 117 116 115 113 111 108 106 104 101 99 96 94 92 89 87 84 82 81 80 80 79
65535 65535 65535 65535 65535 65535 65535 65535 65535 65535 65535 65535 65535 65535 65535 65535 65535 65535 65535 65535 65535 65535 65535 65535 65535 65535 65535 65535 65535 65535 65535 65535 65535 65535 65535 135 134 133 133 132 132 131 130 130 129 128 128 127 127 126 126 126 127 127 127 127 127 127 128 128 128 128 128 128 127 126 125 124 124 123 122 121 120 119 118 118 117 115 113 110 108 106 103 101 98 96 94 91 89 86 84 83 82 81 81
65535 65535 65535 65535 65535 65535 65535 65535 65535 65535 65535 65535 65535 65535 65535 65535 65535 65535 65535 65535 65535 65535 65535 65535 65535 65535 65535 65535 65535 65535 65535 65535 65535 65535 65535 135 134 134 133 132 132 131 131 130 130 129 128 128 127 127 127 127 127 127 128 128 128 128 128 128 128 128 129 128 128 127 126 125 125 124 123 122 122 121 120 119 119 117 115 112 110 108 105 103 100 98 96 93 91 88 86 85 84 83 82
65535 65535 65535 65535 65535 65535 65535 65535 65535 65535 65535 65535 65535 65535 65535 65535 65535 65535 65535 65535 65535 65535 65535 65535 65535 65535 65535 65535 65535 65535 65535 65535 65535 65535 65535 135 134 134 133 133 132 132 131 131 130 130 129 129 128 128 128 128 128 128 128 128 128 129 129 129 129 129 129 129 128 128 127 126 126 125 124 124 123 123 122 121 121 119 117 114 112 110 107 105 102 100 98 95 93 90 88 86 85 84 84
65535 65535 65535 65535 65535 65535 65535 65535 65535 65535 65535 65535 65535 65535 65535 65535 65535 65535 65535 65535 65535 65535 65535 65535 65535 65535 65535 65535 65535 65535 65535 65535 65535 65535 65535 135 134 134 133 133 132 132 132 131 131 130 130 129 129 129 129 129 129 129 129 129 129 129 129 129 129 129 129 129 129 128 128 127 127 126 126 125 125 124 124 123 123 121 119 116 114 112 109 107 104 102 100 97 95 92 90 88 87 86 85
65535 65535 65535 65535 65535 65535 65535 65535 65535 65535 65535 65535 65535 65535 65535 65535 65535 65535 65535 65535 65535 65535 65535 65535 65535 65535 65535 65535 65535 65535 65535 65535 65535 65535 65535 135 134 134 134 133 133 132 132 132 131 131 130 130 130 129 129 129 130 130 130 130 130 130 130 130 130 130 130 130 129 129 129 128 128 127 127 127 126 126 126 125 125 123 121 119 116 114 111 109 106 104 102 99 97 94 92 90 89 88 87
65535 65535 65535 65535 65535 65535 65535 65535 65535 65535 65535 65535 65535 65535 65535 65535 65535 65535 65535 65535 65535 65535 65535 65535 65535 65535 65535 65535 65535 65535 65535 65535 65535 65535 65535 135 134 134 134 133 133 133 132 132 132 131 131 131 130 130 130 130 130 130 130 130 130 130 130 130 130 130 130 130 130 130 129 129 129 129 128 128 128 128 127 127 127 125 123 121 118 116 113 111 108 106 104 101 99 96 94 92 91 89 88
65535 65535 65535 65535 65535 65535 65535 65535 65535 65535 65535 65535 65535 65535 65535 65535 65535 65535 65535 65535 65535 65535 65535 65535 65535 65535 65535 65535 65535 65535 65535 65535 65535 65535 65535 135 134 134 134 134 133 133 133 133 132 132 132 132 131 131 131 131 131 131 131 131 131 131 131 131 131 131 131 131 131 130 130 130 130 130 130 130 129 129 129 129 129 128 125 123 120 118 115 113 110 108 106 103 101 98 96 94 92 91 90
65535 65535 65535 65535 65535 65535 65535 65535 65535 65535 65535 65535 65535 65535 65535 65535 65535 65535 65535 65535 65535 65535 65535 65535 65535 65535 65535 65535 65535 65535 65535 65535 65535 65535 65535 135 135 134 134 134 134 133 133 133 133 133 132 132 132 132 132 132 132 132 132 132 131 131 131 131 131 131 131 131 131 131 131 131 131 131 131 131 131 131 131 131 131 130 127 125 122 120 117 115 112 110 108 105 103 100 98 96 94 93 91
65535 65535 65535 65535 65535 65535 65535 65535 65535 65535 65535 65535 65535 65535 65535 65535 65535 65535 65535 65535 65535 65535 65535 65535 65535 65535 65535 65535 65535 65535 65535 65535 65535 65535 65535 135 135 134 134 134 134 134 134 134 133 133 133 133 133 133 133 132 132 132 132 132 132 132 132 132 132 132 132 132 132 132 132 132 132 132 132 132 132 133 133 133 133 132 129 127 124 122 119 117 114 112 110 107 105 102 100 98 96 94 93
65535 65535 65535 65535 65535 65535 65535 65535 65535 65535 65535 65535 65535 65535 65535 65535 65535 65535 65535 65535 65535 65535 65535 65535 65535 65535 65535 65535 65535 65535 65535 65535 65535 65535 65535 135 135 135 134 134 134 134 134 134 134 134 134 134 134 133 133 133 133 133 133 133 133 133 132 132 132 132 132 132 132 132 133 133 133 133 134 134 134 134 134 135 135 134 131 129 126 124 121 119 116 114 112 109 107 104 102 100 98 96 94
65535 65535 65535 65535 65535 65535 65535 65535 65535 65535 65535 65535 65535 65535 65535 65535 65535 65535 65535 65535 65535 65535 65535 65535 65535 65535 65535 65535 65535 65535 65535 65535 65535 65535 65535 135 135 135 135 135 135 135 135 135 134 134 134 134 134 134 134 134 134 134 134 133 133 133 133 133 133 133 132 133 133 133 134 134 134 135 135 135 136 136 136 137 137 136 133 131 128 126 123 121 119 116 114 111 109 106 104 101 100 98 96
65535 65535 65535 65535 65535 65535 65535 65535 65535 65535 65535 65535 65535 65535 65535 65535 65535 65535 65535 65535 65535 159 159 159 159 159 159 159 159 159 159 159 159 159 159 159 157 155 154 152 150 148 147 145 143 142 140 138 136 135 135 135 135 134 134 134 134 134 134 133 133 133 133 133 133 134 134 135 135 135 136 136 137 137 138 138 138 137 135 132 130 127 125 122 120 118 115 113 110 108 105 103 101 99 97
65535 65535 65535 65535 65535 65535 65535 65535 65535 65535 65535 65535 65535 65535 65535 65535 65535 65535 65535 65535 65535 159 159 159 159 159 159 159 159 159 159 159 159 159 159 159 157 156 154 152 151 149 147 146 144 142 141 139 137 136 136 136 135 135 135 135 134 134 134 134 133 133 133 133 133 134 134 135 135 136 136 137 137 138 138 139 139 138 136 133 131 128 126 123 121 118 116 113 111 108 106 103 101 99 97
65535 65535 65535 65535 65535 65535 65535 65535 65535 65535 65535 65535 65535 65535 65535 65535 65535 65535 65535 65535 65535 159 159 159 159 159 159 159 159 159 159 159 159 159 159 159 157 156 154 153 151 149 148 146 145 143 141 140 138 137 137 136 136 136 135 135 135 135 134 134 134 133 133 133 134 134 135 135 136 136 137 138 138 139 139 140 140 139 137 134 132 129 127 124 122 119 116 114 111 109 106 104 102 99 97
65535 65535 65535 65535 65535 65535 65535 65535 65535 65535 65535 65535 65535 65535 65535 65535 65535 65535 65535 65535 65535 159 159 159 159 159 159 159 159 159 159 159 159 159 159 159 157 156 154 153 151 150 148 147 145 144 142 141 139 138 138 137 137 136 136 136 135 135 135 134 134 134 133 133 134 134 135 136 136 137 138 138 139 140 140 141 141 140 138 135 133 130 127 125 122 120 117 114 112 109 107 104 102 100 97
65535 65535 65535 65535 65535 65535 65535 65535 65535 65535 65535 65535 65535 65535 65535 65535 65535 65535 65535 65535 65535 159 159 159 159 159 159 159 159 159 159 159 159 159 159 159 157 156 155 153 152 150 149 147 146 144 143 141 140 139 138 138 138 137 137 136 136 135 135 135 134 134 133 133 134 135 135 136 137 138 138 139 140 140 141 142 142 142 139 136 134 131 128 126 123 120 118 115 113 110 107 105 102 100 98
65535 65535 65535 65535 65535 65535 65535 65535 65535 65535 65535 65535 65535 65535 65535 65535 65535 65535 65535 65535 65535 159 159 159 159 159 159 159 159 159 159 159 159 159 159 159 158 156 155 153 152 151 149 148 146 145 144 142 141 140 139 139 138 138 137 137 136 136 135 135 134 134 133 133 134 135 136 137 137 138 139 140 140 141 142 143 143 143 140 137 135 132 129 126 124 121 118 116 113 110 108 105 103 100 98
65535 65535 65535 65535 65535 65535 65535 65535 65535 65535 65535 65535 65535 65535 65535 65535 65535 65535 65535 65535 65535 159 159 159 159 159 159 159 159 159 159 159 159 159 159 159 158 156 155 154 152 151 150 148 147 146 144 143 142 141 140 140 139 139 138 137 137 136 136 135 135 134 134 134 134 135 136 137 138 139 139 140 141 142 143 144 144 144 141 138 135 133 130 127 125 122 119 116 114 111 108 106 103 101 98
65535 65535 65535 65535 65535 65535 65535 65535 65535 65535 65535 65535 65535 65535 65535 65535 65535 65535 65535 65535 65535 159 159 159 159 159 159 159 159 159 159 159 159 159 159 159 158 156 155 154 153 151 150 149 148 146 145 144 143 142 141 140 140 139 139 138 137 137 136 136 135 134 134 134 135 135 136 137 138 139 140 141 142 143 144 145 145 145 142 139 136 134 131 128 125 123 120 117 114 112 109 106 104 101 98
65535 65535 65535 65535 65535 65535 65535 65535 65535 65535 65535 65535 65535 65535 65535 65535 65535 65535 65535 65535 65535 159 159 159 159 159 159 159 159 159 159 159 159 159 159 159 158 157 155 154 153 152 151 150 148 147 146 145 144 143 142 141 141 140 139 139 138 137 136 136 135 134 134 134 135 136 137 138 139 140 141 142 143 144 145 146 146 146 143 140 137 134 132 129 126 123 121 118 115 112 109 107 104 101 99
65535 65535 65535 65535 65535 65535 65535 65535 65535 65535 65535 65535 65535 65535 65535 65535 65535 65535 65535 65535 65535 159 159 159 159 159 159 159 159 159 159 159 159 159 159 159 158 157 156 155 153 152 151 150 149 148 147 146 144 143 143 142 141 141 140 139 138 138 137 136 135 135 134 134 135 136 137 138 139 140 141 142 143 144 145 146 147 147 144 141 138 135 133 130 127 124 121 118 116 113 110 107 104 102 99
65535 65535 65535 65535 65535 65535 65535 65535 65535 65535 65535 65535 65535 65535 65535 65535 65535 65535 65535 65535 65535 159 159 159 159 159 159 159 159 159 159 159 159 159 159 159 158 157 156 155 154 153 152 151 150 149 147 146 145 144 144 143 142 141 140 140 139 138 137 136 136 135 134 134 135 136 137 138 140 141 142 143 144 145 146 147 148 148 145 142 139 136 133 130 128 125 122 119 116 113 111 108 105 102 99
65535 65535 65535 65535 65535 65535 65535 65535 65535 65535 65535 65535 65535 65535 65535 65535 65535 65535 65535 65535 65535 159 159 159 159 159 159 159 159 159 159 159 159 159 159 159 158 157 156 155 154 153 152 151 150 149 148 147 146 145 144 144 143 142 141 140 139 138 138 137 136 135 134 134 135 137 138 139 140 141 142 144 145 146 147 148 149 149 146 143 140 137 134 131 128 126 123 120 117 114 111 108 105 102 99
65535 65535 65535 65535 65535 65535 65535 65535 65535 65535 65535 65535 65535 65535 65535 65535 65535 65535 65535 65535 65535 159 159 159 159 159 159 159 159 159 159 159 159 159 159 159 158 157 156 155 154 154 153 152 151 150 149 148 147 146 145 144 144 143 142 141 140 139 138 137 136 135 134 134 136 137 138 139 141 142 143 144 145 147 148 149 150 150 147 144 141 138 135 132 129 126 123 120 117 115 112 109 106 103 100
65535 65535 65535 65535 65535 65535 65535 65535 65535 65535 65535 65535 65535 65535 65535 65535 65535 65535 65535 65535 65535 159 159 159 159 159 159 159 159 159 159 159 159 159 159 159 158 157 157 156 155 154 153 152 151 151 150 149 148 147 146 145 144 143 142 141 140 139 138 137 136 135 134 134 136 137 138 140 141 142 144 145 146 148 149 150 151 151 148 145 142 139 136 133 130 127 124 121 118 115 112 109 106 103 100
65535 65535 65535 65535 65535 65535 65535 65535 65535 65535 65535 65535 65535 65535 65535 65535 65535 65535 65535 65535 65535 187 185 183 181 179 177 175 173 171 169 167 166 164 162 160 159 158 158 157 156 155 154 154 153 152 151 150 149 149 148 147 146 145 144 143 142 141 140 139 138 137 136 136 137 139 140 141 143 144 146 147 148 150 151 153 154 153 150 147 144 142 139 136 133 130 127 124 121 118 115 112 109 106 103
65535 65535 65535 65535 65535 65535 65535 65535 65535 65535 65535 65535 65535 65535 65535 65535 65535 65535 65535 65535 65535 187 185 183 181 180 178 176 174 172 171 169 167 165 164 162 161 160 160 159 158 157 156 155 155 154 153 152 151 150 149 149 148 147 146 145 144 143 142 142 141 140 139 139 140 142 143 145 146 148 149 150 152 153 155 156 158 157 154 152 149 146 143 141 138 135 132 130 127 124 121 118 115 112 109
65535 65535 65535 65535 65535 65535 65535 65535 65535 65535 65535 65535 65535 65535 65535 65535 65535 65535 65535 65535 65535 187 185 183 182 180 179 177 175 174 172 170 169 167 165 164 163 162 161 161 160 159 158 157 156 156 155 154 153 152 151 151 150 149 148 147 147 146 145 144 143 143 142 142 143 145 146 148 149 151 152 154 155 157 159 160 162 161 158 156 153 151 148 146 143 140 138 135 133 130 128 125 121 118 115
65535 65535 65535 65535 65535 65535 65535 65535 65535 65535 65535 65535 65535 65535 65535 65535 65535 65535 65535 65535 65535 187 185 184 182 181 179 178 176 175 173 172 170 169 167 166 165 164 163 163 162 161 160 159 158 157 157 156 155 154 153 153 152 151 150 150 149 148 148 147 146 145 145 145 147 148 150 151 153 154 156 157 159 161 162 164 165 165 162 160 158 155 153 150 148 146 143 141 138 136 134 131 127 124 120
65535 65535 65535 65535 65535 65535 65535 65535 65535 65535 65535 65535 65535 65535 65535 65535 65535 65535 65535 65535 65535 187 185 184 183 181 180 179 177 176 175 173 172 171 169 168 167 166 165 164 164 163 162 161 160 159 158 157 157 156 155 155 154 153 153 152 151 151 150 150 149 148 148 148 150 151 153 154 156 158 159 161 163 164 166 168 169 169 167 164 162 160 158 155 153 151 149 146 144 142 140 137 133 130 126
65535 65535 65535 65535 65535 65535 65535 65535 65535 65535 65535 65535 65535 65535 65535 65535 65535 65535 65535 65535 65535 187 185 184 183 182 181 180 178 177 176 175 174 172 171 170 169 168 167 166 166 165 164 163 162 161 160 159 158 158 157 156 156 155 155 154 154 153 153 152 152 151 151 151 153 154 156 158 159 161 163 164 166 168 170 171 173 173 171 169 167 164 162 160 158 156 154 152 150 148 146 143 139 135 132
65535 65535 65535 65535 65535 65535 65535 65535 65535 65535 65535 65535 65535 65535 65535 65535 65535 65535 65535 65535 65535 187 186 185 184 182 181 180 179 178 177 176 175 174 173 172 171 170 169 168 167 167 166 165 164 163 162 161 160 159 159 158 158 158 157 157 156 156 155 155 154 154 154 154 156 157 159 161 163 164 166 168 170 172 173 175 177 177 175 173 171 169 167 165 163 161 159 157 156 154 152 149 145 141 138
