pluvio/pluvio-296.asc
ncols         252
nrows         154
xllcorner     -0.5
yllcorner     -153.5
cellsize      1
NODATA_value  -9999
[rows 0 to 46 of 154, columns 96 to 191 of 252]
25 25 25 25 25 25 25 25 25 24 24 24 24 23 23 23 23 23 22 22 22 21 21 21 20 20 20 20 21 22 22 23 24 24 23 22 21 20 20 19 18 17 17 16 16 15 15 14 15 15 15 15 15 15 16 17 18 19 20 21 22 23 24 25 26 27 28 29 30 31 33 34 35 36 38 38 38 38 37 37 37 37 36 35 34 33 32 31 30 30 30 31 31 31 31 31
26 26 26 26 26 26 25 25 25 25 24 24 24 24 23 23 23 22 22 22 21 21 20 20 19 19 19 20 21 21 22 23 24 24 23 23 22 21 20 19 18 18 17 16 16 15 15 15 15 15 15 15 15 15 16 17 18 19 20 21 22 23 25 26 27 28 29 31 32 33 34 35 36 37 38 38 37 37 37 37 36 36 35 34 34 33 32 31 30 30 30 30 30 31 31 31
26 26 26 26 26 26 25 25 25 25 24 24 24 24 23 23 22 22 21 21 21 20 19 19 18 18 18 19 20 21 22 23 25 25 24 23 22 21 20 19 18 18 17 17 16 15 15 15 15 15 15 15 15 15 16 17 18 19 20 21 22 24 25 27 28 30 31 33 34 34 35 36 36 37 38 38 37 37 36 36 36 35 35 34 33 32 31 30 30 29 30 30 30 30 30 30
26 26 26 26 26 26 26 25 25 25 25 24 24 24 23 23 22 22 21 21 20 19 19 18 18 17 17 18 20 21 22 24 25 26 24 23 22 21 20 19 18 18 17 17 16 16 15 15 15 15 15 15 15 15 15 17 18 19 20 21 22 24 26 27 29 31 33 34 35 36 36 36 37 37 37 37 37 36 36 36 35 35 34 33 32 32 31 30 29 29 29 29 29 30 30 30
27 26 26 26 26 26 26 26 25 25 25 25 24 24 23 23 22 21 21 20 20 19 19 18 18 17 17 19 20 21 23 24 25 26 25 24 22 21 20 19 18 18 18 17 17 17 16 16 16 16 16 16 15 15 16 17 18 19 20 22 23 24 26 28 29 31 32 34 35 35 35 36 36 36 36 36 36 35 35 34 34 34 33 32 32 31 30 30 29 29 29 29 29 29 29 30
27 27 27 27 27 27 27 26 26 26 26 25 25 24 24 23 22 22 21 20 20 20 19 19 19 18 18 20 21 22 23 24 25 26 24 23 22 21 20 19 19 19 19 19 19 18 18 18 18 18 17 17 17 17 17 18 19 20 21 22 23 24 26 27 28 29 31 32 33 33 33 33 33 33 34 34 33 33 33 33 33 33 32 32 31 31 30 29 29 29 29 29 29 29 29 29
27 27 27 28 28 28 27 27 27 26 26 26 25 25 24 23 23 22 21 21 20 20 20 20 20 20 20 21 22 22 23 24 25 25 24 23 22 21 20 20 19 19 20 20 20 20 21 21 20 20 19 19 18 18 18 19 20 21 22 23 24 25 26 26 27 28 29 30 30 30 31 31 31 31 31 31 31 31 31 32 32 32 31 31 31 30 30 29 29 29 29 29 29 29 29 29
27 28 28 28 28 29 28 28 27 27 27 26 26 25 24 24 23 22 21 21 21 21 21 21 21 21 21 22 22 23 24 24 25 25 24 23 22 22 21 20 19 20 21 21 22 22 23 23 22 22 21 20 20 19 19 20 21 22 22 23 24 25 25 26 26 27 27 28 28 28 28 28 28 28 29 29 29 29 30 30 30 31 31 30 30 30 29 29 29 29 29 28 28 28 28 28
28 28 28 29 29 29 29 29 28 28 27 27 26 26 25 24 23 22 21 21 21 21 21 22 22 22 22 23 23 24 24 25 25 25 24 23 22 22 21 20 20 21 21 22 23 24 25 25 24 23 23 22 21 20 20 21 22 22 23 24 25 25 25 25 25 25 25 25 26 26 26 26 26 26 26 26 27 28 28 29 29 30 30 30 29 29 29 29 29 29 28 28 28 28 28 28
28 28 29 29 30 30 30 29 29 28 28 27 27 26 25 24 23 22 21 21 21 22 22 22 23 23 24 24 24 24 24 25 25 25 24 23 22 22 21 20 20 21 22 24 25 26 27 27 26 25 24 23 22 21 21 22 22 23 24 25 25 25 25 25 24 24 24 23 23 23 23 23 23 24 24 24 25 26 26 27 28 29 29 29 29 29 29 29 29 29 28 28 28 28 27 27
28 29 29 30 31 31 30 30 29 29 28 28 27 26 25 24 23 22 22 21 22 22 23 23 24 24 25 25 25 25 25 25 25 25 24 23 22 22 21 20 20 22 23 25 26 28 29 30 29 27 26 25 24 22 22 23 23 24 25 25 26 26 25 24 23 23 22 21 21 21 21 21 21 21 21 22 23 24 25 26 27 28 28 28 28 28 29 29 29 29 28 28 28 27 27 27
28 29 29 30 31 31 30 30 30 29 29 28 28 27 26 25 24 23 22 21 22 23 24 24 25 26 26 26 26 25 25 25 25 24 24 23 23 22 21 21 21 23 24 26 28 29 31 32 30 29 27 26 25 23 23 23 24 24 25 25 26 26 25 24 23 22 21 21 20 21 21 21 21 21 21 22 23 24 25 26 27 28 29 29 29 29 29 29 29 29 29 29 29 29 29 29
27 28 29 29 30 30 30 30 29 29 28 28 28 27 26 25 24 23 23 22 23 24 25 25 26 27 27 27 26 26 25 25 25 24 24 23 23 22 22 21 22 23 25 27 29 31 33 33 31 30 28 27 25 24 23 24 24 25 25 25 26 26 25 24 23 23 22 21 21 22 22 23 23 24 24 25 26 27 28 28 29 30 31 30 30 30 30 30 30 30 30 31 31 32 32 33
27 28 28 29 29 30 30 29 29 29 28 28 27 27 26 25 25 24 23 23 24 25 25 26 27 28 28 28 27 26 26 25 24 24 23 23 23 23 22 22 22 24 26 28 30 32 34 34 33 31 30 28 26 25 24 24 24 25 25 25 26 25 25 24 24 23 23 22 22 23 24 24 25 26 26 27 28 29 30 31 31 32 32 32 32 31 31 30 30 31 32 33 34 35 36 37
26 27 28 28 29 29 29 29 29 28 28 28 27 27 26 26 25 25 24 24 25 26 26 27 28 29 29 28 28 27 26 25 24 24 23 23 23 23 23 22 23 25 27 29 31 33 35 36 34 32 31 29 27 25 24 25 25 25 25 25 25 25 25 25 24 24 23 23 23 24 25 26 27 28 29 30 31 31 32 33 34 34 34 34 33 32 32 31 31 31 33 35 36 38 39 41
26 27 27 28 28 29 29 28 28 28 28 28 27 27 27 26 26 25 25 25 26 26 27 28 29 30 30 29 28 27 26 25 24 23 23 23 23 23 23 23 24 26 28 30 32 35 37 37 35 33 32 30 28 26 25 25 25 25 25 25 25 25 25 25 24 24 24 24 24 25 27 28 29 30 32 32 33 34 34 35 36 36 36 35 34 33 33 32 31 32 34 36 38 41 43 45
25 26 27 27 28 28 28 28 28 28 28 28 27 27 27 26 26 26 26 26 26 27 28 29 30 31 31 30 29 28 26 25 24 23 23 23 23 23 24 24 25 27 29 31 34 36 38 39 37 35 33 31 29 27 26 26 25 25 25 25 25 25 25 25 25 25 25 24 25 27 28 30 31 33 34 35 35 36 37 37 38 38 38 37 36 35 34 33 32 33 36 38 41 44 46 49
25 26 26 27 27 28 28 28 28 28 27 27 27 27 27 27 27 26 26 26 27 28 29 30 31 32 33 31 30 28 27 25 24 23 23 23 23 24 24 24 25 28 30 32 35 37 40 40 38 36 34 32 29 27 26 26 26 26 25 25 25 25 25 25 25 25 25 25 26 28 30 31 33 35 37 37 38 38 39 39 40 40 40 38 37 36 35 33 32 34 37 40 43 46 50 53
25 25 26 26 27 28 28 28 28 28 28 28 28 28 28 29 29 29 29 29 30 31 31 32 32 33 33 32 30 28 27 25 24 23 23 23 24 24 24 24 25 28 30 32 35 37 39 40 38 36 34 32 30 29 28 28 27 27 27 27 27 27 27 28 28 28 28 28 29 31 32 34 35 37 38 39 40 40 41 41 42 42 41 40 39 37 36 35 33 35 38 42 45 48 52 55
25 25 26 26 27 27 28 28 28 28 29 29 29 30 30 31 32 32 33 34 34 34 34 34 34 34 33 32 30 29 27 26 24 23 23 24 24 24 24 24 25 27 29 32 34 36 38 39 37 36 34 33 32 30 30 30 30 30 30 31 31 31 31 32 32 32 32 32 33 34 35 37 38 39 40 41 41 42 43 43 44 44 44 42 41 39 38 36 35 37 40 43 46 50 53 56
24 25 26 26 27 27 28 28 29 29 29 30 30 32 33 34 35 36 37 38 37 37 36 35 35 34 33 32 30 29 27 26 25 24 24 24 24 24 24 24 25 27 29 31 33 35 37 38 37 36 35 34 33 32 31 32 32 33 34 34 35 35 35 36 36 36 36 37 37 38 39 39 40 41 41 42 43 43 44 45 46 46 46 44 43 41 39 38 36 38 41 44 48 51 54 57
24 25 25 26 27 27 28 28 29 30 30 31 32 33 35 36 38 40 41 42 41 40 38 37 36 35 34 32 31 29 28 26 25 24 24 24 24 24 24 24 25 26 28 30 32 34 36 36 36 35 35 34 34 33 33 34 35 36 37 37 38 39 39 40 40 40 41 41 41 42 42 42 42 42 43 43 44 45 46 47 48 49 48 46 44 43 41 39 38 39 43 46 49 52 55 58
24 25 25 26 26 27 28 29 29 30 31 32 33 35 37 39 41 43 45 46 45 43 41 39 37 35 34 32 31 30 28 27 25 24 24 24 24 24 24 24 24 26 28 29 31 33 34 35 35 35 35 35 35 35 35 36 37 39 40 41 42 43 43 43 44 44 45 45 45 45 45 45 45 44 44 45 46 47 48 49 50 51 50 48 46 45 43 41 39 41 44 47 50 53 56 59
24 25 25 26 26 27 28 29 30 31 32 33 34 37 39 42 44 47 49 51 48 46 43 41 38 36 34 33 31 30 28 27 26 25 25 24 24 24 24 24 24 25 27 28 30 31 33 34 34 35 35 36 36 36 37 39 40 41 43 44 45 46 47 47 48 49 49 50 49 49 48 48 47 46 46 46 47 48 49 51 52 53 52 50 48 46 44 43 41 42 45 48 51 55 58 61
24 24 25 26 26 27 28 29 30 31 33 34 35 38 41 44 47 50 53 55 52 49 46 43 40 37 34 33 31 30 29 27 26 25 25 25 24 24 24 23 24 25 26 28 29 30 32 33 34 35 35 36 37 38 39 41 42 44 46 47 49 50 51 51 52 53 53 54 53 52 51 50 49 48 47 47 49 50 51 52 54 55 54 52 50 48 46 44 42 44 47 50 53 56 59 62
24 24 25 26 26 27 28 30 31 32 34 35 37 40 43 47 50 53 57 58 55 52 48 45 42 38 36 34 33 31 30 29 27 26 26 25 25 24 24 23 24 25 26 28 29 30 32 33 35 36 38 39 41 42 44 46 48 50 52 54 56 57 57 57 57 57 57 57 56 55 53 51 50 48 47 47 48 49 50 51 53 54 53 51 50 48 46 45 43 44 47 50 53 56 58 61
24 24 25 26 26 27 29 30 32 33 35 36 38 42 45 49 52 56 60 61 58 55 51 48 44 41 38 37 35 33 32 30 29 27 27 26 26 25 24 24 24 25 27 28 30 31 33 35 37 39 42 44 46 49 51 53 56 58 60 62 65 65 65 64 63 62 61 60 59 56 54 52 50 48 45 45 46 47 48 49 50 51 51 49 48 47 46 44 43 45 47 50 52 55 57 60
24 24 25 26 27 27 29 31 33 34 36 38 40 44 47 51 55 59 62 64 61 57 54 50 47 43 41 39 37 35 34 32 30 29 28 27 26 25 25 24 24 26 27 29 30 32 34 36 39 42 45 48 52 55 58 60 63 66 68 71 73 74 72 70 69 67 65 63 61 58 55 52 50 47 44 43 44 45 46 47 48 48 48 47 47 46 45 44 44 45 47 49 52 54 56 59
24 24 25 26 27 28 30 31 33 35 37 39 41 45 49 53 57 61 65 67 64 60 57 53 50 46 43 41 39 37 35 33 32 30 29 28 27 26 25 24 24 26 28 29 31 33 34 37 41 45 49 53 57 61 65 67 70 73 76 79 82 82 80 77 74 72 69 66 63 60 56 53 49 46 43 42 42 43 44 44 45 46 46 45 45 45 44 44 44 45 47 49 51 53 55 57
24 24 25 26 27 28 30 32 34 36 38 41 43 47 51 55 60 64 68 70 66 63 59 56 52 49 45 43 41 39 37 35 33 31 30 29 28 27 25 24 24 26 28 30 32 33 35 38 43 48 53 58 62 67 71 75 78 81 84 88 91 91 87 83 80 76 73 69 65 61 57 53 49 45 41 40 40 41 41 42 42 43 43 43 43 44 44 44 44 45 47 49 51 52 54 56
24 24 25 26 27 28 30 33 35 37 40 42 45 49 53 58 62 66 71 73 69 66 62 58 55 51 48 46 43 41 39 37 34 32 31 30 29 27 26 25 24 26 28 30 32 34 36 40 45 51 56 62 68 73 78 82 85 89 92 96 100 99 95 90 86 81 77 72 68 63 58 54 49 45 40 38 39 39 39 40 40 40 41 41 42 43 43 44 44 46 47 49 50 52 53 55
24 24 25 26 27 28 31 33 36 38 41 43 46 51 55 60 64 69 73 76 72 68 65 61 57 54 50 48 45 43 41 38 36 34 32 31 29 28 26 25 25 27 29 31 33 35 37 41 47 54 60 67 73 80 85 89 93 97 100 104 108 107 102 97 91 86 81 75 70 65 59 54 49 44 39 37 37 37 37 37 37 37 38 39 40 41 43 44 45 46 47 48 50 51 52 53
26 27 28 28 29 30 32 35 37 39 42 44 47 52 57 61 66 71 75 78 75 71 68 64 61 57 54 51 48 45 43 40 37 35 34 32 31 30 29 27 28 30 33 35 37 40 42 46 53 59 65 71 78 84 89 93 98 102 106 110 114 113 107 101 95 89 83 77 72 66 61 56 50 45 39 37 37 37 37 37 37 37 38 39 41 42 43 44 46 47 48 49 50 51 52 53
30 30 31 31 31 32 34 36 38 41 43 45 48 53 57 62 67 72 77 80 77 74 71 67 64 61 58 55 51 48 45 41 38 36 35 34 33 33 32 31 32 35 38 41 44 47 50 54 60 65 71 76 82 88 93 97 101 106 110 114 119 118 111 105 98 92 86 79 73 68 63 57 52 47 41 39 39 39 39 39 39 39 39 41 42 43 44 45 47 48 49 50 51 52 53 54
34 34 34 34 33 34 36 38 40 42 44 46 48 53 58 63 69 74 79 82 79 76 74 71 68 65 62 58 55 51 47 43 39 37 36 36 36 35 35 35 36 40 43 47 50 54 57 62 67 71 76 81 86 91 96 101 105 110 114 119 123 122 115 108 102 95 88 81 75 70 64 59 54 48 43 41 41 41 40 40 40 40 40 42 43 44 45 47 48 49 50 51 52 53 54 55
38 37 37 36 36 36 37 39 41 43 45 46 49 54 59 65 70 75 80 84 81 79 76 74 72 69 66 62 58 53 49 45 40 38 38 38 38 38 38 39 40 44 48 53 57 61 65 69 73 78 82 86 91 95 99 104 109 114 119 123 128 127 119 112 105 97 90 83 77 71 66 61 56 50 45 43 43 42 42 42 41 41 42 43 44 45 46 48 49 50 51 52 53 53 54 55
42 41 40 39 38 37 39 41 42 44 45 47 49 55 60 66 71 77 82 86 84 81 79 77 75 73 70 66 61 56 51 46 42 39 39 40 40 41 42 42 44 49 54 58 63 68 72 77 80 84 88 91 95 98 103 108 113 118 123 128 133 131 123 116 108 100 92 85 78 73 68 63 57 52 47 45 44 44 43 43 42 42 43 44 45 46 47 49 50 51 52 53 53 54 55 56
45 44 43 42 40 39 41 42 44 45 46 48 50 56 61 67 72 78 84 87 86 84 82 81 79 77 75 69 64 59 53 48 43 40 41 42 43 44 45 46 49 54 59 64 69 75 80 84 87 90 93 96 99 102 106 111 117 122 127 132 137 136 127 119 111 103 95 86 80 75 70 64 59 54 49 46 46 45 45 44 44 43 44 45 46 47 49 50 51 52 53 53 54 55 56 57
49 48 46 44 43 41 42 44 45 46 47 48 51 56 62 68 74 80 85 89 88 87 85 84 83 81 79 73 67 61 55 50 44 41 42 44 45 47 48 50 53 59 64 70 76 82 87 92 94 96 99 101 103 106 110 115 120 126 131 137 142 140 131 123 114 106 97 88 82 76 71 66 61 56 51 48 48 47 46 46 45 44 45 46 47 48 50 51 52 53 54 54 55 56 57 57
52 51 49 48 46 45 46 47 48 48 49 50 52 58 63 69 75 80 86 90 89 88 88 87 86 86 83 78 72 67 61 55 50 46 48 49 50 51 52 54 56 62 68 74 80 85 91 95 98 100 103 106 108 111 114 118 123 127 131 136 140 138 129 121 113 104 96 88 81 76 71 66 61 56 52 50 50 50 50 50 50 50 51 53 54 55 57 58 59 60 60 61 61 62 62 63
55 54 53 52 50 49 50 50 51 51 52 52 54 59 65 70 75 81 86 90 90 90 90 90 90 90 88 83 78 73 68 62 57 54 55 55 56 56 57 57 60 66 71 77 82 88 93 98 101 104 107 110 113 116 119 121 124 127 130 133 135 133 125 117 109 102 94 86 80 75 71 66 61 57 52 51 52 53 55 56 57 58 59 61 62 64 65 67 68 69 69 69 69 69 69 70
58 57 56 55 55 54 54 54 54 54 55 55 56 61 66 71 76 81 86 90 91 92 92 93 93 94 93 88 84 79 74 70 65 62 62 62 62 61 61 61 63 69 74 80 85 90 96 100 104 107 111 114 118 121 123 125 126 127 128 130 131 128 121 113 106 99 92 85 79 75 70 66 61 57 53 52 55 57 59 61 63 66 68 69 71 72 74 76 77 78 77 77 77 77 77 76
61 60 60 59 59 58 58 58 58 57 57 57 58 62 67 72 77 82 87 91 92 93 94 96 97 98 98 94 89 85 81 77 72 69 69 68 67 67 66 65 67 72 77 83 88 93 98 103 107 111 115 118 122 126 128 128 128 127 127 127 127 123 116 110 103 96 90 83 78 74 70 66 62 57 53 54 57 60 64 67 70 73 76 77 79 81 83 85 87 87 86 86 85 84 84 83
64 64 63 63 63 63 62 62 61 60 60 59 60 64 69 73 78 82 87 91 93 95 97 99 100 102 103 99 95 91 88 84 80 77 76 74 73 72 71 69 70 75 80 86 91 96 101 105 110 114 118 123 127 131 133 131 129 127 126 124 122 118 112 106 100 94 88 82 77 73 69 65 62 58 54 55 59 64 68 72 77 81 84 86 88 90 92 94 96 96 95 94 93 92 91 90
67 67 67 67 67 67 66 65 64 63 62 61 61 66 70 74 79 83 87 91 94 96 99 101 104 107 108 104 101 98 94 91 87 85 83 81 79 77 75 73 74 79 84 88 93 98 103 108 113 117 122 127 132 137 137 134 131 128 124 121 118 113 108 102 97 91 86 80 76 72 69 65 62 58 54 56 62 67 72 78 83 89 92 94 96 98 100 103 105 105 103 102 101 99 98 97
70 70 70 71 71 72 70 69 68 66 65 64 63 67 71 75 79 83 87 91 94 98 101 104 108 111 112 109 107 104 101 98 95 92 90 87 85 82 80 77 77 82 87 91 96 101 105 110 116 121 126 131 136 142 142 137 133 128 123 118 113 108 103 98 94 89 84 79 75 71 68 65 62 58 55 58 64 71 77 83 90 96 100 102 105 107 109 112 114 113 112 110 109 107 105 104
66 67 67 68 68 69 68 67 66 65 64 63 63 67 71 75 78 82 86 90 93 96 99 103 106 109 111 108 106 103 101 98 96 93 91 88 85 83 80 77 78 82 87 91 96 100 105 110 115 120 125 131 136 141 142 137 133 128 123 119 114 109 105 100 96 91 86 82 78 76 73 70 68 65 62 65 70 76 81 87 92 98 101 104 106 109 111 114 116 116 115 114 113 112 111 110
