pluvio/pluvio-270.asc
ncols         252
nrows         154
xllcorner     -0.5
yllcorner     -153.5
cellsize      1
NODATA_value  -9999
[rows 70 to 139 of 154, columns 0 to 95 of 252]
0 0 0 0 0 0 0 0 0 0 0 0 0 0 0 0 0 0 0 1 1 2 2 3 4 4 3 3 2 2 1 1 0 0 0 0 0 0 0 0 0 0 0 0 0 0 0 0 0 0 0 0 0 1 2 3 4 5 6 7 6 5 4 3 2 1 0 0 0 0 0 0 0 0 0 0 0 0 0 0 0 0 0 0 0 0 0 0 0 0 0 0 0 0 0 0
0 0 0 0 0 0 0 0 0 0 0 0 0 0 0 0 0 0 0 0 1 2 2 3 3 3 3 2 2 1 1 0 0 0 0 0 0 0 0 0 0 0 0 0 0 0 0 0 0 0 0 0 0 1 2 3 5 6 7 9 8 6 5 4 2 1 0 0 0 0 0 0 0 0 0 0 0 0 0 0 0 0 0 0 0 0 0 0 0 0 0 0 0 0 0 0
0 0 0 0 0 0 0 0 0 0 0 0 0 0 0 0 0 0 0 0 1 1 2 2 3 3 2 2 1 1 0 0 0 0 0 0 0 0 0 0 0 0 0 0 0 0 0 0 0 0 0 0 0 1 3 4 6 7 9 11 9 8 6 5 3 1 0 0 0 0 0 0 0 0 0 0 0 0 0 0 0 0 0 0 0 0 0 0 0 0 0 0 0 0 0 0
0 0 0 0 0 0 0 0 0 0 0 0 0 0 0 0 0 0 0 0 1 1 2 2 2 2 2 1 1 1 0 0 0 0 0 0 0 0 0 0 0 0 0 0 0 0 0 0 0 0 0 0 0 1 3 5 7 9 11 12 11 9 7 5 4 2 0 0 0 0 0 0 0 0 0 0 0 0 0 0 0 0 0 0 0 0 0 0 0 0 0 0 0 0 0 0
0 0 0 0 0 0 0 0 0 0 0 0 0 0 0 0 0 0 0 0 1 1 2 2 3 2 2 1 1 1 0 0 0 0 0 0 0 0 0 0 0 0 0 0 0 0 0 0 0 0 0 0 0 1 3 5 7 8 10 12 10 9 7 5 3 2 0 0 0 0 0 0 0 0 0 0 0 0 0 0 0 0 0 0 0 0 0 0 0 0 0 0 0 0 0 1
0 0 0 0 0 0 0 0 0 0 0 0 0 0 0 0 0 0 0 0 1 1 2 2 3 3 2 2 1 1 0 0 0 0 0 0 0 0 0 0 0 0 0 0 0 0 0 0 0 0 0 0 0 2 3 5 6 8 9 11 10 8 6 5 3 1 0 0 0 0 0 0 0 0 0 0 0 0 1 1 1 1 1 0 0 0 0 0 0 0 0 0 0 0 0 1
0 0 0 0 0 0 0 0 0 0 0 0 0 0 0 0 0 0 0 0 1 1 2 2 3 3 2 2 1 1 0 0 0 0 0 0 0 0 0 0 0 0 0 0 0 0 0 0 0 0 0 1 1 2 3 5 6 7 9 10 9 8 6 4 3 1 0 0 0 0 0 0 0 0 0 0 1 1 1 2 2 2 1 1 1 0 0 0 0 0 0 0 0 1 1 2
0 0 0 0 0 0 0 0 0 0 0 0 0 0 0 0 0 0 0 0 1 1 2 3 3 3 2 2 1 1 0 0 0 0 0 0 0 0 0 0 0 0 0 0 0 0 0 0 0 1 1 1 1 2 3 5 6 7 8 10 8 7 6 4 3 1 0 0 0 0 0 0 0 0 0 0 1 1 2 2 3 2 2 1 1 0 0 0 0 0 0 0 1 1 1 2
0 0 0 0 0 0 0 0 0 0 0 0 0 0 0 0 0 0 0 0 1 2 2 3 3 3 2 2 1 1 0 0 0 0 0 0 0 0 0 0 0 0 0 0 0 0 0 0 0 1 1 1 1 2 3 5 6 7 8 9 8 6 5 4 2 1 0 0 0 0 0 0 0 0 0 1 1 2 3 3 4 3 2 2 1 1 0 0 0 0 0 1 1 1 2 2
0 0 0 0 0 0 0 0 0 0 0 0 0 0 0 0 0 0 0 0 1 2 2 3 3 3 3 2 1 1 0 0 0 0 0 0 0 0 0 0 0 0 0 0 0 0 0 0 1 1 1 2 2 3 4 4 5 6 7 8 7 6 5 3 2 1 0 0 0 0 0 0 0 0 0 1 2 2 3 4 5 4 3 2 2 1 0 0 0 0 1 1 1 2 2 3
0 0 0 0 0 0 0 0 0 0 0 0 0 0 0 0 0 0 0 0 1 2 2 3 4 3 3 2 2 1 0 0 0 0 0 0 0 0 0 0 0 0 0 0 0 0 0 0 1 1 2 2 2 3 4 4 5 6 7 7 6 5 4 3 2 1 0 0 0 0 0 0 0 0 0 1 2 3 4 5 5 4 4 3 2 1 0 0 0 0 1 1 2 2 2 3
0 0 0 0 0 0 0 0 0 0 0 0 0 0 0 0 0 0 1 1 2 2 3 4 4 4 3 3 2 1 0 0 0 0 0 0 0 0 0 0 0 0 0 1 1 1 1 1 1 1 2 2 2 2 3 4 4 5 6 6 5 4 3 3 2 1 0 0 0 0 0 1 1 1 2 3 3 4 5 5 6 5 5 4 3 2 1 1 1 2 2 2 3 3 4 4
0 0 0 0 0 0 0 0 0 0 0 0 0 0 0 1 1 1 1 2 3 3 4 4 5 5 4 3 2 1 1 0 0 0 0 0 0 0 0 0 0 1 1 1 2 2 2 2 2 2 2 2 1 2 2 3 4 4 5 5 4 4 3 2 1 0 0 0 0 1 1 2 2 3 3 4 4 5 6 6 7 6 6 5 4 3 3 2 2 3 3 4 4 4 5 5
0 0 0 0 0 0 0 0 0 0 0 0 0 0 1 1 1 2 2 3 3 4 5 5 6 5 4 4 3 2 1 0 0 0 0 0 0 0 0 0 0 1 1 2 2 3 3 3 2 2 2 1 1 1 2 2 3 3 4 4 3 3 2 1 1 0 0 0 1 1 2 3 3 4 5 5 6 6 7 7 8 7 6 6 5 5 4 3 4 4 4 5 5 5 6 6
0 0 0 0 0 0 0 0 0 0 0 0 0 1 1 2 2 3 3 4 4 5 5 6 7 6 5 4 3 2 1 0 0 0 0 0 0 0 0 0 1 1 2 3 3 4 4 3 3 2 2 1 1 1 1 2 2 2 3 3 2 2 1 1 1 0 0 0 1 2 3 4 5 6 6 6 7 7 8 8 9 8 7 7 6 6 5 5 5 5 6 6 6 7 7 7
0 0 0 0 0 0 0 0 0 0 0 0 0 1 2 2 3 3 4 4 5 6 6 7 7 7 6 4 3 2 1 0 0 0 0 0 0 0 0 0 1 2 3 3 4 5 5 4 3 2 2 1 0 0 1 1 1 1 1 2 1 1 1 0 0 0 0 1 2 3 4 5 6 7 7 8 8 8 9 9 9 9 8 8 7 7 6 6 6 6 7 7 7 8 8 8
0 0 0 0 0 0 0 0 0 0 0 0 1 1 2 3 3 4 5 5 6 6 7 8 8 7 6 5 4 2 1 0 0 0 0 0 0 0 0 0 1 2 3 4 5 6 5 5 4 3 2 1 0 0 0 0 0 0 0 1 0 0 0 0 0 0 0 1 2 3 5 6 7 9 9 9 9 10 10 10 10 10 9 9 8 8 7 7 7 8 8 8 9 9 9 9
0 0 0 0 0 0 0 0 0 0 0 0 1 2 2 3 4 5 5 6 7 7 8 8 9 8 7 5 4 3 1 0 0 0 0 0 0 0 0 0 1 3 4 5 6 7 6 5 4 3 2 1 0 0 0 0 0 0 0 0 0 0 0 0 0 0 0 1 2 4 6 7 9 10 10 10 10 11 11 11 11 11 10 10 9 9 9 8 9 9 9 9 10 10 10 11
0 0 0 0 0 0 0 0 0 0 0 0 1 2 3 3 4 5 6 6 7 7 7 8 8 8 6 5 4 2 1 0 0 0 0 0 0 0 0 0 1 2 3 4 5 6 5 4 3 2 2 1 0 0 0 0 0 0 0 0 0 0 0 0 0 0 0 1 3 4 6 7 9 10 10 11 11 11 11 11 11 11 10 10 10 9 9 9 9 9 10 10 11 11 12 12
0 0 0 0 0 0 0 0 0 0 0 0 1 2 3 4 5 5 6 6 7 7 7 8 8 7 6 5 4 2 1 0 0 0 0 0 0 0 0 0 1 2 2 3 4 5 4 4 3 2 1 0 0 0 0 0 0 0 0 0 0 0 0 0 0 0 0 1 3 4 6 7 9 11 11 11 11 11 11 11 11 11 11 10 10 10 9 9 10 10 11 11 12 12 13 13
0 0 0 0 0 0 0 0 0 0 0 0 1 2 3 4 5 6 6 7 7 7 7 7 8 7 6 5 3 2 1 0 0 0 0 0 0 0 0 0 1 1 2 2 3 4 3 3 2 1 1 0 0 0 0 0 0 0 0 0 0 0 0 0 0 0 0 1 3 4 6 8 9 11 11 11 11 11 11 11 11 11 11 10 10 10 10 9 10 11 11 12 13 13 14 14
0 0 0 0 0 0 0 0 0 0 0 0 1 2 3 4 5 6 7 7 7 7 7 7 7 6 5 4 3 2 1 0 0 0 0 0 0 0 0 0 0 1 1 2 2 3 2 2 1 1 1 0 0 0 0 0 0 0 0 0 0 0 0 0 0 0 0 1 3 4 6 8 9 11 11 11 11 11 11 11 11 11 11 11 10 10 10 10 11 11 12 13 14 14 15 15
0 0 0 0 0 0 0 0 0 0 0 0 1 2 3 4 5 7 7 7 7 7 7 7 7 6 5 4 3 2 1 0 0 0 0 0 0 0 0 0 0 0 1 1 1 2 1 1 1 1 0 0 0 0 0 0 0 0 0 0 0 0 0 0 0 0 0 1 3 4 6 8 9 11 11 11 11 11 11 11 11 11 11 11 11 10 10 10 11 12 13 14 15 16 16 16
0 0 0 0 0 0 0 0 0 0 0 0 1 2 4 5 6 7 7 7 7 7 7 7 6 6 5 4 3 2 1 0 0 0 0 0 0 0 0 0 0 0 0 0 0 0 0 0 0 0 0 0 0 0 0 0 0 0 0 0 0 0 0 0 0 0 0 1 3 5 6 8 10 11 11 11 11 11 11 11 11 11 11 11 11 11 11 11 12 13 14 15 16 17 17 17
0 0 0 0 0 0 0 0 0 0 0 0 1 3 4 5 6 7 8 7 7 7 6 6 6 5 4 3 3 2 1 0 0 0 0 0 0 0 0 0 0 0 0 0 0 0 0 0 0 0 0 0 0 0 0 0 0 0 0 0 0 0 0 0 0 0 0 1 3 5 6 8 10 12 12 12 12 12 12 12 12 11 11 11 11 11 11 11 12 13 14 16 17 18 19 18
0 0 0 0 0 0 0 0 1 1 1 2 2 3 4 5 6 7 7 7 7 6 6 6 5 5 4 3 2 1 1 0 0 0 0 1 1 1 2 1 1 1 1 0 0 0 0 0 0 0 0 0 0 0 0 0 0 0 0 0 0 0 0 0 0 0 0 1 3 5 7 9 10 12 12 12 12 12 12 12 12 12 12 12 12 12 12 12 13 14 15 16 18 19 20 19
0 0 0 0 0 0 1 1 1 2 2 3 3 4 5 6 6 7 7 7 6 6 6 5 5 4 4 3 2 1 1 0 0 1 1 2 2 3 4 3 3 2 2 1 0 0 0 0 0 0 0 0 0 0 0 0 1 1 1 1 1 1 0 0 0 0 0 1 3 5 7 9 11 13 13 13 13 13 13 13 13 13 13 13 13 13 13 13 14 15 16 17 18 20 21 20
0 0 0 0 0 0 1 2 2 3 4 4 5 5 5 6 6 7 7 6 6 6 5 5 4 4 3 2 2 1 1 0 0 1 2 3 4 5 5 5 4 3 2 2 1 0 0 0 0 0 0 0 0 1 1 1 1 1 1 2 1 1 1 0 0 0 0 1 3 5 7 9 11 13 13 14 14 14 14 14 14 14 14 14 14 14 13 13 15 16 17 18 19 21 22 21
0 0 0 0 0 1 2 2 3 4 5 5 6 6 6 6 6 7 6 6 6 5 5 4 4 3 3 2 2 1 0 0 1 2 3 4 5 6 7 7 6 5 3 2 1 0 0 0 0 0 0 0 1 1 1 1 2 2 2 2 2 2 1 1 0 0 0 1 4 6 8 10 12 14 14 14 14 15 15 15 15 15 15 15 15 14 14 14 15 17 18 19 20 21 22 22
0 0 0 0 0 1 2 3 4 5 6 7 7 7 7 7 7 7 6 6 5 5 4 4 3 3 2 2 1 1 0 0 1 2 4 5 6 8 9 9 7 6 4 3 2 0 0 0 0 0 1 1 1 1 1 2 2 2 3 3 3 2 2 1 1 0 0 2 4 6 8 10 12 14 15 15 15 15 15 16 16 16 16 16 15 15 15 15 16 17 19 20 21 22 23 24
0 0 0 0 0 1 3 4 5 6 7 8 8 7 7 7 7 6 6 5 5 4 4 3 3 2 2 1 1 1 0 0 1 3 4 6 8 9 11 10 9 7 5 4 2 0 0 0 0 1 1 1 1 1 2 2 3 3 3 4 3 3 2 1 1 0 0 2 4 6 8 10 13 15 15 15 16 16 16 17 17 17 17 16 16 16 16 16 17 18 20 21 22 23 24 25
0 0 0 0 0 2 3 4 6 7 8 9 8 8 7 7 7 6 6 5 4 4 3 3 2 2 2 1 1 1 1 0 2 3 5 7 9 11 13 12 10 8 6 4 2 0 0 0 1 1 1 1 2 2 2 3 3 4 4 5 4 3 3 2 1 0 0 2 4 6 8 11 13 15 15 16 16 16 17 17 17 17 17 17 17 17 17 17 18 19 20 22 23 24 25 26
0 0 1 1 1 2 4 5 6 7 8 8 8 7 7 6 6 5 5 4 4 3 3 3 2 2 2 2 2 2 2 2 4 5 7 9 10 12 14 12 10 8 6 4 2 0 1 1 2 2 3 3 4 4 5 5 6 6 7 7 6 5 4 3 2 1 0 2 4 5 7 9 11 13 13 14 15 15 16 17 17 17 17 17 17 17 17 17 19 20 21 22 24 25 26 27
1 1 1 2 2 3 4 5 6 7 8 8 7 7 6 6 5 4 4 4 3 3 3 2 2 2 3 3 3 4 4 4 5 7 8 10 11 13 14 13 11 9 7 5 3 1 1 2 2 3 4 5 6 6 7 7 8 8 9 9 8 7 6 4 3 2 0 2 3 5 6 8 9 11 12 13 13 14 15 16 17 17 17 17 18 18 18 18 19 21 22 23 24 26 27 28
1 2 2 3 3 4 5 5 6 7 8 8 7 6 6 5 4 3 3 3 3 3 2 2 2 2 3 4 4 5 6 6 7 9 10 11 12 14 15 14 11 9 7 5 3 1 1 2 3 5 6 7 8 9 9 10 10 11 11 12 10 9 7 5 4 2 1 2 3 4 5 6 7 9 10 11 12 13 14 16 17 17 17 18 18 18 19 19 20 21 23 24 25 26 27 29
2 2 3 3 4 5 5 6 6 7 7 7 6 6 5 4 3 2 2 2 2 2 2 2 2 3 4 5 6 7 7 8 9 10 11 12 13 14 15 14 12 10 7 5 3 1 1 3 4 6 7 9 10 11 11 12 12 13 13 14 12 10 9 7 5 3 1 2 2 3 4 5 6 6 8 9 11 12 14 15 17 17 17 18 18 19 19 20 21 22 23 24 26 27 28 30
2 3 4 4 5 5 6 6 6 7 7 7 6 5 4 3 2 2 1 1 2 2 2 2 2 3 4 5 7 8 9 10 11 12 13 14 15 15 16 15 12 10 8 5 3 1 2 3 5 7 9 11 12 13 14 14 15 15 16 16 14 12 10 8 6 4 1 2 2 2 3 3 4 4 6 8 9 11 13 15 16 17 17 18 19 19 20 20 22 23 24 25 26 28 29 30
3 4 4 5 6 6 6 6 7 7 7 7 6 5 4 3 2 1 0 1 1 1 1 2 2 3 5 6 8 9 11 13 13 14 15 15 16 16 17 15 13 10 8 6 3 1 2 4 6 8 10 12 15 15 16 16 17 17 18 18 16 14 11 9 7 4 2 2 2 2 2 2 2 2 4 6 8 10 12 14 16 17 18 18 19 20 20 21 22 23 25 26 27 28 30 31
3 4 5 6 7 7 7 7 7 7 7 6 5 4 3 2 1 0 0 0 0 1 1 2 2 3 5 7 9 11 12 14 15 15 16 16 16 16 17 15 13 10 8 6 3 1 2 5 7 9 12 14 16 17 18 18 19 20 20 21 19 16 13 11 8 6 3 2 2 2 2 1 1 1 3 5 7 10 12 14 16 17 18 19 19 20 21 22 23 24 26 27 28 29 31 32
3 4 5 6 6 6 6 6 6 6 6 6 5 4 3 2 1 0 0 0 0 1 1 1 2 3 5 7 9 10 12 14 15 14 14 14 14 14 14 13 11 9 7 6 4 2 3 5 8 10 12 14 16 17 18 19 20 21 22 23 21 19 17 14 12 10 8 7 6 6 5 5 4 3 5 7 9 11 13 15 17 18 19 20 21 22 23 24 25 26 27 29 30 31 33 34
3 4 5 6 6 6 6 6 6 6 6 5 4 3 3 2 1 0 0 0 0 1 1 1 2 3 5 7 8 10 12 14 14 14 13 13 13 12 12 11 9 8 7 5 4 3 4 6 8 10 12 14 16 18 19 20 22 23 24 26 24 22 20 18 16 14 12 11 10 10 9 8 7 6 7 9 11 12 14 16 18 19 20 21 22 23 24 25 27 28 29 31 32 33 35 36
3 4 5 6 6 6 6 6 6 5 5 5 4 3 2 1 1 0 0 0 0 1 1 1 2 3 5 6 8 10 12 14 14 13 12 12 11 10 9 9 8 7 6 5 4 4 5 7 9 11 12 14 16 18 20 21 23 25 27 28 27 25 24 22 20 19 17 16 15 13 12 11 10 8 10 11 12 14 15 17 18 19 21 22 23 25 26 27 28 30 31 32 34 35 37 38
3 4 5 6 6 6 6 5 5 5 5 4 4 3 2 1 1 0 0 0 0 1 1 1 1 3 5 6 8 10 12 14 13 12 11 10 9 8 7 6 6 6 5 5 5 4 6 7 9 11 13 14 16 18 20 22 24 27 29 31 30 28 27 26 24 23 22 20 19 17 15 14 12 11 12 13 14 15 17 18 19 20 22 23 25 26 27 29 30 32 33 34 36 37 39 40
3 4 4 5 6 5 5 5 5 5 4 4 3 3 2 1 0 0 0 0 0 0 1 1 1 3 4 6 8 10 12 14 13 12 10 9 7 6 4 4 4 5 5 5 5 5 7 8 10 11 13 15 16 18 21 23 26 28 31 33 33 32 31 30 29 28 26 25 23 21 19 17 15 13 14 15 16 17 18 19 20 21 23 24 26 27 29 30 32 33 35 36 38 39 41 42
3 3 4 5 5 5 5 5 4 4 4 3 3 2 2 1 0 0 0 0 0 0 1 1 1 2 4 6 8 10 12 13 13 11 9 7 6 4 2 2 3 3 4 5 5 6 7 9 10 12 13 15 16 19 22 24 27 30 33 36 35 35 34 33 33 32 31 29 27 25 22 20 18 16 16 17 18 18 19 20 20 22 24 25 27 29 30 32 34 35 37 38 40 41 43 44
3 3 4 5 5 5 5 4 4 4 4 3 3 2 2 1 1 0 0 0 0 1 1 1 1 2 4 6 8 10 12 13 12 10 8 6 4 2 0 1 2 3 4 5 6 7 8 10 11 13 14 15 17 20 23 26 29 32 35 38 38 37 37 36 36 36 35 33 31 28 26 23 21 19 19 20 20 21 21 22 22 24 26 27 29 31 33 34 36 37 39 41 42 44 45 47
3 3 4 5 6 5 5 5 4 4 4 3 3 3 2 2 1 1 1 1 1 1 1 1 1 3 4 6 8 10 11 13 12 10 8 6 4 2 0 1 2 3 4 5 6 8 9 11 13 15 16 18 20 22 25 28 30 33 35 38 38 38 38 38 38 38 37 36 34 32 30 28 26 24 24 25 25 26 27 27 28 29 31 32 34 35 36 38 39 41 43 45 46 48 50 51
3 4 4 5 6 5 5 5 4 4 4 3 3 3 3 3 2 2 2 2 2 2 2 2 2 3 4 6 8 10 11 13 12 10 8 6 4 2 0 1 2 3 4 6 7 8 10 12 14 17 19 21 23 25 27 30 32 34 36 38 39 39 39 39 39 39 40 38 36 35 33 32 30 28 29 30 31 31 32 33 33 35 36 37 38 39 40 41 43 45 47 49 50 52 54 55
3 4 5 6 6 5 5 5 4 4 4 3 3 3 3 3 3 3 3 3 3 2 2 2 2 3 4 6 8 10 11 13 12 10 8 6 4 2 1 1 2 4 5 6 7 9 11 14 16 19 21 24 26 28 30 32 33 35 37 39 39 40 40 40 41 41 42 41 39 38 37 36 35 33 34 35 36 37 37 38 39 40 41 42 42 43 44 45 47 49 51 53 55 57 58 60
3 4 5 6 6 5 5 5 4 4 4 3 4 4 4 4 4 4 4 4 3 3 3 2 2 3 5 6 8 10 11 13 12 10 8 6 4 3 1 1 3 4 5 7 8 9 12 15 18 21 23 26 29 31 32 34 35 36 38 39 40 41 41 42 42 43 44 43 42 41 41 40 39 38 39 40 41 42 43 44 45 45 46 46 47 47 48 48 50 52 55 57 59 61 63 64
3 4 5 6 6 6 5 5 4 4 4 4 4 4 4 5 5 5 5 5 4 4 3 3 2 3 5 6 8 10 11 13 12 10 8 6 4 3 1 1 3 4 6 7 9 10 13 16 19 23 26 29 32 34 35 36 37 38 39 40 40 41 42 43 44 45 46 46 45 45 44 44 44 43 44 45 46 47 48 49 50 51 51 51 51 51 51 52 54 56 58 61 63 65 67 68
3 4 5 6 6 6 5 5 4 4 3 4 4 5 5 5 6 6 6 6 5 4 4 3 2 3 5 6 8 10 11 13 12 10 8 6 4 3 1 1 3 5 6 8 9 11 14 17 21 25 28 32 35 36 37 38 38 39 39 40 41 42 43 45 46 47 48 48 48 48 48 48 48 48 49 50 51 53 54 55 56 56 56 56 55 55 55 55 58 60 62 65 67 69 72 72
3 4 5 6 6 6 5 5 4 4 4 4 4 5 5 6 7 7 7 6 6 5 4 4 3 4 5 7 8 10 11 13 12 10 8 6 5 3 1 2 3 5 6 8 9 11 14 18 22 26 30 34 38 39 39 40 40 40 41 41 42 44 45 46 48 49 50 51 51 51 52 52 52 53 54 55 56 57 58 60 61 60 60 60 59 59 58 58 61 63 66 68 71 73 75 76
3 4 5 6 6 6 5 5 5 4 4 4 5 5 6 6 7 7 7 7 6 6 5 5 4 5 6 7 8 10 11 12 11 10 8 7 5 3 2 2 4 5 7 8 9 11 15 19 23 27 31 35 40 41 41 42 42 43 43 44 45 46 48 49 50 52 53 54 54 55 55 56 56 57 58 59 60 60 61 62 63 63 62 62 61 60 60 60 62 65 67 70 72 75 77 78
3 4 5 6 6 6 6 5 5 5 4 4 5 6 6 7 7 8 8 7 7 7 6 6 5 6 7 8 9 10 11 12 11 10 8 7 5 4 2 3 4 6 7 8 9 11 15 19 23 28 32 37 41 43 43 44 44 45 46 46 48 49 50 52 53 55 56 57 58 58 59 60 60 61 62 62 63 64 64 65 66 65 64 64 63 62 62 61 64 66 69 72 74 77 79 80
3 4 5 6 6 6 6 5 5 5 5 5 5 6 6 7 7 8 8 8 8 7 7 7 7 7 8 8 9 10 11 11 11 9 8 7 6 4 3 4 5 6 7 8 9 11 15 19 24 29 34 38 43 44 45 46 47 47 48 49 50 52 53 55 56 58 59 60 61 62 63 63 64 65 66 66 66 67 67 68 68 67 66 66 65 64 63 63 65 68 71 74 76 79 82 82
3 4 5 6 6 6 6 6 5 5 5 5 6 6 7 7 8 8 8 8 8 8 8 8 8 8 9 9 9 10 10 11 10 9 8 7 6 5 4 4 5 6 7 8 9 10 15 20 25 30 35 40 45 46 47 48 49 50 50 51 53 54 56 57 59 61 62 63 64 65 66 67 68 69 69 70 70 70 70 70 71 70 69 68 67 66 65 64 67 70 73 75 78 81 84 84
3 4 5 6 6 6 6 6 6 5 5 5 6 6 7 7 8 8 9 9 9 9 9 9 9 9 9 10 10 10 10 10 10 9 8 7 6 5 4 5 6 7 8 8 9 10 15 20 25 30 36 41 46 48 49 50 51 52 53 54 55 57 59 60 62 64 65 66 67 69 70 71 72 73 73 73 73 73 73 73 73 72 71 70 69 68 66 66 69 71 74 77 80 83 86 86
4 4 5 6 6 6 6 6 6 6 6 6 6 7 7 8 8 9 9 9 9 10 10 10 10 10 10 10 10 10 10 10 10 9 8 7 7 6 5 5 6 7 8 9 9 10 15 20 26 31 37 42 48 50 51 52 53 54 55 56 58 60 61 63 65 66 68 69 71 72 73 75 76 77 77 77 77 76 76 76 76 74 73 72 71 69 68 67 70 73 76 79 82 85 88 88
4 4 5 6 6 6 6 6 6 6 6 6 7 7 7 8 8 9 9 9 10 10 10 11 11 11 11 11 11 10 10 10 10 9 8 8 7 7 6 6 7 8 9 9 10 11 15 21 27 32 38 44 49 51 52 54 55 56 57 58 60 62 64 66 67 69 71 72 74 75 77 78 80 81 81 80 80 79 79 79 78 77 75 74 72 71 70 69 71 74 77 80 83 86 89 89
3 4 5 6 6 6 6 6 6 6 6 6 6 7 7 7 8 8 9 9 10 10 11 11 12 12 12 11 11 11 11 11 10 10 10 9 9 8 8 9 9 10 11 11 12 13 17 23 28 34 39 45 51 52 53 55 56 57 58 59 61 63 65 67 70 72 74 75 77 78 80 82 83 85 84 84 83 83 82 81 81 79 78 76 74 73 71 70 72 75 77 80 82 85 87 88
3 4 5 5 6 6 6 6 6 6 6 6 6 7 7 7 7 8 8 9 9 10 11 12 12 12 12 12 12 12 12 11 11 11 11 11 10 10 10 11 11 12 13 14 14 15 19 25 30 36 41 46 52 53 54 55 56 57 58 59 62 64 67 69 72 74 77 78 80 82 83 85 86 88 87 87 86 86 85 84 84 82 80 78 76 75 73 71 73 75 77 79 81 83 85 86
3 4 4 5 5 5 6 6 6 6 6 6 6 7 7 7 7 7 8 8 9 10 11 12 13 13 13 13 13 12 12 12 12 12 12 12 12 12 12 13 13 14 15 16 16 17 22 27 32 37 42 48 53 54 55 56 57 58 59 60 63 65 68 71 74 77 80 81 83 85 86 88 90 91 91 90 89 89 88 87 86 84 82 80 78 76 74 73 74 76 77 79 81 82 84 85
3 4 4 5 5 5 5 6 6 6 6 6 6 6 6 6 6 6 7 8 9 10 11 12 13 14 14 13 13 13 13 13 13 13 13 13 14 14 14 15 15 16 17 18 19 19 24 29 34 39 44 49 54 55 56 57 58 59 60 61 63 67 70 73 76 79 82 84 86 88 89 91 93 94 94 93 92 92 91 90 89 87 85 83 80 78 76 74 75 76 77 79 80 81 82 84
3 3 4 4 5 5 5 6 6 6 6 6 6 6 6 6 6 6 7 8 9 10 12 13 14 14 14 14 14 14 14 13 14 14 14 15 15 16 16 17 17 18 19 20 21 22 26 30 35 40 45 50 55 56 57 58 59 60 60 61 64 68 71 75 78 82 85 87 89 91 92 94 96 98 97 96 95 95 94 93 92 90 87 85 82 80 77 75 76 77 77 78 79 80 81 83
3 3 4 4 4 5 5 5 6 6 7 7 6 6 6 6 6 5 6 8 9 10 12 13 14 15 15 15 15 14 14 14 15 15 16 16 17 17 18 19 19 20 21 22 23 24 28 32 37 42 47 51 56 57 58 59 60 60 61 62 65 69 73 77 80 84 88 90 92 94 96 97 99 101 100 99 98 98 97 96 95 92 90 87 84 82 79 76 77 77 77 78 78 78 79 81
3 3 3 4 4 4 5 5 6 6 6 6 6 6 6 5 5 5 6 7 9 10 11 13 14 15 15 15 15 15 15 15 16 16 17 18 18 19 20 20 21 22 23 24 25 26 29 34 39 43 48 52 57 58 59 60 61 61 62 63 66 70 74 78 82 86 90 92 94 96 98 100 101 103 102 101 101 100 99 98 97 94 91 89 86 83 80 78 78 78 78 78 78 78 79 81
3 3 3 4 4 4 5 5 5 5 6 6 5 5 5 5 5 4 5 6 8 9 10 11 12 13 14 14 15 16 16 17 17 18 18 19 20 20 21 22 23 24 25 25 26 27 31 35 40 44 49 53 58 59 60 61 62 63 64 65 69 73 76 80 84 88 92 94 95 97 99 100 102 103 103 102 101 100 99 99 98 95 93 90 87 85 82 80 80 80 80 80 81 81 81 83
3 3 3 4 4 4 4 4 5 5 5 5 5 5 4 4 4 4 5 6 7 8 9 10 11 12 13 14 15 16 17 18 19 19 20 21 21 22 22 23 24 25 26 27 28 29 32 37 41 45 50 54 58 60 61 63 64 65 66 68 71 75 79 82 86 90 93 95 96 98 99 101 102 104 103 102 102 101 100 99 99 96 94 91 89 86 84 81 82 82 82 82 83 83 83 85
3 3 4 4 4 4 4 4 4 4 4 4 4 4 4 4 4 4 4 5 6 7 7 8 9 10 12 13 15 17 18 20 20 21 22 22 23 23 24 25 26 27 28 29 29 30 34 38 42 47 51 55 59 61 63 64 66 67 69 70 73 77 81 84 88 91 95 96 98 99 100 101 103 104 103 103 102 101 101 100 100 97 95 93 90 88 85 83 84 84 84 85 85 85 86 87
