pluvio/pluvio-212.asc
ncols         252
nrows         154
xllcorner     -0.5
yllcorner     -153.5
cellsize      1
NODATA_value  -9999
[rows 84 to 125 of 154, columns 0 to 93 of 252]
133 130 127 125 125 128 130 133 136 138 141 144 146 149 151 154 156 159 160 160 160 160 160 160 160 162 164 167 170 172 175 178 182 187 192 197 201 206 211 215 217 220 223 225 228 231 229 226 223 220 217 214 210 209 209 208 208 207 206 206 205 203 202 201 199 198 197 195 194 192 190 188 187 185 184 183 182 181 179 178 177 175 173 171 169 168 166 164 160 157 154 150 147 144
133 132 130 128 128 130 133 135 137 139 141 144 147 150 153 155 158 161 162 163 163 163 163 163 163 165 168 171 173 176 179 182 186 190 195 200 205 209 214 217 219 221 223 225 227 230 227 224 221 218 215 211 208 207 207 206 205 205 204 204 204 203 203 203 203 203 203 202 200 198 197 195 193 191 190 189 188 187 186 185 184 183 181 180 178 177 176 174 169 165 161 156 152 147
134 133 132 131 131 133 135 136 138 140 142 144 147 151 154 157 160 164 165 165 166 166 166 167 167 169 172 175 177 180 183 186 190 194 199 203 208 212 217 219 221 222 224 225 227 228 226 223 219 216 213 209 206 205 204 204 203 203 202 202 203 204 205 206 207 208 210 208 206 205 203 201 200 198 197 196 195 194 193 192 191 190 189 188 187 186 186 184 179 173 168 162 157 151
135 134 134 134 134 136 137 138 139 141 142 144 148 151 155 159 162 166 167 168 168 169 170 170 171 173 176 178 181 184 187 190 194 198 202 207 211 215 220 221 222 223 224 225 226 227 225 221 218 214 211 207 204 203 202 202 201 201 200 200 202 204 206 209 211 213 215 214 212 211 209 207 205 204 203 202 201 200 199 198 197 197 196 196 196 195 195 194 187 181 174 168 161 155
136 135 134 134 134 136 137 138 140 141 143 145 149 152 155 158 162 165 167 168 169 170 171 172 173 176 179 183 186 190 194 197 201 205 208 212 216 219 223 224 225 225 226 226 226 227 224 221 217 214 210 207 203 202 202 201 201 200 200 199 201 204 206 209 211 214 216 215 213 211 210 208 206 205 204 203 202 201 200 199 198 197 197 196 196 196 195 194 188 182 176 170 164 158
137 136 135 134 134 136 137 139 140 142 144 146 149 152 155 158 161 164 166 168 169 171 172 174 176 179 183 187 192 196 200 204 208 211 214 217 220 224 227 227 227 227 227 227 226 226 223 220 217 213 210 206 203 202 202 201 200 200 199 199 201 204 206 209 212 214 217 215 214 212 210 209 207 205 204 203 202 201 200 199 198 198 197 197 196 196 196 195 189 184 178 173 167 162
139 137 135 134 134 136 137 139 141 143 145 147 150 152 155 158 160 163 165 168 170 172 174 176 178 182 187 192 197 202 207 212 215 217 220 223 225 228 230 230 229 229 228 227 226 226 223 219 216 213 209 206 203 202 201 201 200 200 199 199 201 204 206 209 212 215 217 216 214 213 211 209 208 206 205 204 203 202 201 199 198 198 198 197 197 196 196 195 190 185 180 175 170 165
140 138 136 134 134 136 138 140 142 144 146 148 150 153 155 158 160 162 165 168 170 173 175 178 181 185 191 197 202 208 213 219 222 224 226 228 230 232 234 233 232 230 229 228 227 225 222 219 216 212 209 206 202 201 201 200 200 199 199 198 201 204 206 209 212 215 218 217 215 213 212 210 208 207 206 204 203 202 201 200 199 198 198 198 197 197 196 196 191 187 182 178 173 169
142 139 136 133 133 136 138 140 142 145 147 149 151 153 155 157 159 161 164 167 171 174 177 180 183 189 195 201 207 214 220 226 229 230 232 233 234 236 237 236 234 232 230 229 227 225 222 218 215 212 208 205 202 201 200 200 199 199 198 198 201 204 207 210 213 215 218 217 216 214 212 211 209 207 206 205 204 203 202 200 199 199 198 198 198 197 197 196 192 188 184 180 176 172
143 140 137 133 133 136 138 140 143 145 148 150 152 153 155 157 159 161 164 167 171 175 178 182 186 192 199 206 213 220 227 234 236 237 238 238 239 240 241 239 236 234 232 229 227 224 221 218 215 211 208 205 201 200 200 199 199 199 198 198 200 204 207 210 213 216 219 218 216 215 213 211 210 208 207 206 205 203 202 201 200 199 199 198 198 198 197 197 193 190 186 183 179 176
145 141 137 134 133 136 138 141 144 146 149 151 152 154 155 157 159 160 163 167 172 176 180 184 188 195 202 210 217 225 232 240 242 242 243 243 243 243 244 241 238 236 233 230 227 224 221 217 214 211 208 205 201 200 200 200 199 199 198 198 200 204 207 210 213 216 220 218 217 215 214 212 211 209 208 207 205 204 203 202 200 200 200 199 199 198 198 198 195 192 189 186 183 180
151 146 142 137 136 138 141 143 145 148 150 152 154 156 157 159 161 162 166 170 174 178 182 186 190 196 203 209 216 223 230 237 240 240 241 241 242 243 243 241 238 235 232 229 227 224 221 218 216 213 211 208 205 204 204 203 202 201 200 200 202 205 208 211 214 217 220 218 217 216 214 213 211 210 209 208 207 206 205 204 203 203 203 203 203 203 203 203 200 198 195 193 190 187
157 151 146 140 139 141 143 145 147 149 152 154 155 157 159 161 163 165 168 172 176 179 183 187 191 197 203 209 216 222 228 235 237 238 239 240 241 242 243 241 238 235 232 229 226 223 221 219 217 215 213 211 209 208 207 206 205 204 203 202 204 206 209 212 214 217 219 218 217 216 215 214 212 211 210 210 209 208 207 207 206 206 207 207 207 208 208 208 206 204 202 199 197 195
162 156 150 143 141 143 145 147 149 151 153 155 157 159 161 163 165 167 170 174 177 181 185 189 192 198 203 209 215 220 226 232 235 236 237 239 240 241 243 241 238 235 232 229 226 223 221 220 219 218 216 215 214 212 211 209 208 206 205 204 206 208 210 212 215 217 219 219 218 216 215 214 213 212 212 211 211 210 210 209 209 210 210 211 212 212 213 214 212 210 208 206 205 203
168 161 154 147 144 146 148 149 151 153 154 156 159 161 163 165 167 169 172 176 179 183 187 190 194 199 204 209 214 219 224 229 232 234 236 237 239 241 242 241 238 235 232 229 226 223 222 221 220 220 219 218 218 216 214 213 211 209 207 206 207 209 211 213 215 217 219 219 218 217 216 215 214 213 213 213 213 212 212 212 212 213 214 215 216 217 218 219 218 216 215 213 212 210
174 166 158 150 147 148 150 151 153 154 156 158 160 162 165 167 169 171 174 178 181 185 188 192 195 199 204 209 213 218 222 227 230 232 234 236 238 240 242 240 237 234 232 229 226 223 222 222 222 222 222 222 222 220 218 216 214 212 210 208 209 211 212 214 216 217 219 219 218 217 217 216 215 215 215 215 215 215 214 214 214 216 217 219 220 222 223 224 223 222 221 220 219 218
180 171 162 153 149 151 152 153 155 156 157 159 162 164 166 169 171 174 177 180 183 187 190 193 197 200 204 208 212 216 220 224 227 230 232 234 237 239 242 240 237 234 231 228 225 222 222 223 223 224 225 225 226 224 221 219 217 214 212 210 211 212 213 215 216 218 219 219 218 218 217 217 216 216 216 216 216 217 217 217 217 219 221 223 225 226 228 230 229 228 228 227 226 226
186 176 166 156 152 153 155 156 157 158 159 161 163 166 168 171 173 176 179 182 185 188 192 195 198 202 205 209 212 216 219 223 225 228 231 233 236 239 241 240 237 234 231 228 225 222 222 224 225 226 227 228 229 227 224 222 219 217 214 211 212 213 215 216 217 218 219 219 219 219 218 218 218 217 218 218 219 219 220 220 220 223 225 227 229 231 233 235 235 234 234 233 233 232
196 184 172 161 156 157 158 159 160 161 162 164 166 168 171 173 175 177 180 183 187 190 193 196 200 203 207 211 215 218 222 226 228 230 232 234 236 239 241 239 236 233 231 228 225 222 223 224 225 226 227 228 229 227 224 222 220 217 215 212 213 215 216 218 219 221 222 222 222 222 222 221 221 221 222 222 223 223 224 225 225 228 230 233 235 238 240 243 241 240 238 237 236 234
205 192 178 165 159 160 161 162 164 165 166 167 169 171 173 175 177 179 182 185 188 191 195 198 201 205 209 213 217 221 225 229 231 233 234 235 237 238 240 238 235 233 230 228 225 223 223 224 225 226 226 227 228 227 224 222 220 218 215 213 215 216 218 220 222 223 225 225 225 225 225 225 225 225 226 226 227 228 229 229 230 233 236 239 241 244 247 250 247 245 243 241 238 236
214 199 184 169 163 164 165 166 167 168 169 170 172 174 175 177 179 180 183 186 190 193 196 199 203 207 211 215 219 224 228 232 234 235 236 236 237 238 239 237 235 232 230 228 225 223 223 224 225 225 226 227 228 226 224 222 220 218 216 214 216 218 220 222 224 226 228 228 228 228 229 229 229 229 230 231 231 232 233 234 235 238 241 245 248 251 254 257 254 250 247 244 241 238
223 207 190 174 166 167 168 169 170 171 172 174 175 176 178 179 180 182 184 188 191 194 198 201 204 208 213 217 222 226 231 235 237 237 237 237 237 238 238 236 234 232 230 227 225 223 223 224 225 225 226 227 228 226 224 222 221 219 217 215 217 219 222 224 226 229 231 231 232 232 232 232 232 233 234 235 236 237 238 239 240 243 247 250 254 257 261 264 260 256 252 248 244 240
233 214 196 178 170 171 172 173 174 175 176 177 178 179 180 181 182 183 186 189 193 196 199 203 206 210 215 220 224 229 234 239 240 239 239 238 238 237 237 235 233 231 229 227 225 223 223 224 225 225 226 227 227 226 224 223 221 219 217 216 218 221 223 226 229 231 234 234 235 235 235 236 236 236 238 239 240 241 242 244 245 249 252 256 260 264 268 271 266 261 256 251 246 241
242 222 202 182 173 174 175 176 177 178 179 180 181 182 182 183 184 185 187 191 194 197 201 204 207 212 217 222 227 232 237 242 242 241 240 239 238 237 236 234 233 231 229 227 225 223 223 224 224 225 226 226 227 226 224 223 221 220 218 217 219 222 225 228 231 234 237 237 238 238 239 239 240 240 241 243 244 246 247 248 250 254 258 262 266 270 275 278 272 266 261 255 249 243
249 228 207 186 177 178 179 180 181 182 183 183 184 184 185 186 186 187 189 193 196 199 203 206 209 214 219 224 230 235 240 245 246 244 243 241 240 238 237 235 233 232 230 228 226 225 225 225 226 226 226 227 227 226 225 224 223 222 220 219 222 225 228 232 235 238 242 242 243 243 243 244 244 245 246 247 249 250 251 252 254 258 262 266 271 275 279 282 276 270 263 257 250 244
249 229 209 189 180 181 182 183 184 185 186 187 187 188 189 189 190 191 193 196 200 203 207 210 213 218 223 229 234 239 244 250 250 249 248 247 246 244 243 241 240 238 236 234 233 231 231 231 231 231 231 232 232 231 231 230 229 229 228 227 231 235 238 242 246 250 254 254 254 253 253 253 253 252 253 253 253 254 254 254 255 258 261 264 267 270 274 276 270 264 258 252 246 240
249 230 211 191 183 184 185 186 187 188 189 190 191 192 192 193 194 194 197 200 204 207 210 214 217 222 227 233 238 244 249 254 255 254 253 252 251 250 250 248 246 244 242 241 239 237 237 236 236 236 236 236 236 236 236 236 236 236 236 236 240 244 249 253 257 262 266 266 265 264 263 262 261 260 259 259 258 257 257 256 256 258 260 262 264 266 268 270 264 258 253 247 241 236
249 231 212 194 186 187 188 189 190 192 193 194 194 195 196 197 198 198 201 204 208 211 214 218 221 226 231 237 242 248 253 259 260 259 259 258 257 257 256 254 252 251 249 247 245 243 242 242 242 241 241 241 240 241 241 242 243 243 244 244 249 254 259 264 269 274 279 277 276 274 273 271 269 268 266 264 263 261 260 258 257 258 259 260 261 262 263 264 258 253 248 242 237 232
249 231 214 197 189 190 191 193 194 195 196 197 198 199 200 200 201 202 205 208 211 215 218 222 225 230 236 241 247 252 258 263 265 264 264 264 263 263 262 261 259 257 255 253 251 249 248 248 247 247 246 245 245 246 247 248 249 250 252 253 258 263 269 274 280 286 291 289 287 285 282 280 278 275 273 270 268 265 262 260 257 257 257 258 258 258 258 257 252 247 242 237 232 228
249 232 216 199 192 193 195 196 197 198 199 200 201 202 203 204 205 206 208 212 215 219 222 226 229 234 240 245 251 257 262 268 270 269 269 269 269 269 269 267 265 263 261 259 257 255 254 253 253 252 251 250 249 250 252 254 256 258 259 261 267 273 279 285 291 297 303 301 298 295 292 289 286 283 279 276 272 269 265 262 258 257 256 255 254 253 252 251 246 242 237 233 228 223
249 233 218 202 195 197 198 199 200 202 203 204 205 206 207 208 209 210 212 216 219 223 226 230 233 238 244 249 255 261 267 273 274 274 275 275 275 275 275 274 272 270 268 266 264 262 260 259 258 257 256 254 253 255 257 260 262 265 267 270 276 282 289 296 302 309 316 313 309 305 302 298 294 290 286 282 277 273 268 264 259 257 255 253 251 249 247 245 240 236 232 228 224 219
249 234 219 204 198 199 200 202 203 204 205 207 208 209 210 211 212 213 215 219 222 226 230 233 237 242 248 253 259 265 271 277 279 279 279 280 280 281 281 280 278 276 275 273 271 269 268 267 265 264 262 261 259 261 264 267 269 272 275 277 284 291 298 305 312 319 326 323 319 314 310 306 302 298 292 287 281 276 270 265 259 256 253 250 247 244 241 238 235 231 227 223 219 215
249 235 220 205 199 200 201 202 203 204 206 207 208 209 210 211 212 213 216 220 224 228 232 236 241 246 251 257 262 268 274 279 281 282 283 283 284 285 285 285 285 284 284 283 283 282 281 279 278 276 275 273 272 273 274 276 278 279 281 283 289 296 303 310 317 324 331 327 323 319 315 311 307 303 297 290 283 277 270 263 257 253 250 246 243 239 235 232 229 225 222 219 215 212
250 235 221 206 200 201 202 203 204 205 206 207 208 209 210 211 212 213 216 221 226 230 235 240 244 250 255 260 266 271 276 282 284 285 286 287 287 288 289 290 291 292 293 293 294 295 294 292 291 289 287 285 284 284 285 285 286 287 288 288 294 301 308 315 321 328 335 332 328 324 320 317 313 309 301 293 286 278 270 262 254 250 246 242 238 234 229 225 223 220 217 214 211 208
250 236 222 208 201 202 203 204 204 205 206 207 208 209 210 211 212 213 217 222 227 232 238 243 248 253 259 264 269 274 279 285 287 288 289 290 291 292 293 295 297 299 302 304 306 308 307 305 303 301 299 298 296 295 295 295 295 294 294 294 300 306 313 319 326 333 339 336 333 329 326 322 318 315 306 297 288 279 270 261 252 247 242 238 233 228 224 219 217 214 212 209 207 205
251 237 223 209 202 203 204 204 205 205 206 207 208 209 210 211 212 213 217 223 229 234 240 246 252 257 262 267 272 277 282 287 290 291 292 293 295 296 297 300 304 307 311 314 317 321 320 318 316 314 312 310 308 306 305 304 303 302 301 299 305 311 318 324 331 337 344 341 337 334 331 327 324 320 310 300 290 280 270 259 249 244 239 233 228 223 218 213 211 209 207 205 203 201
251 238 224 210 203 204 204 205 205 206 206 207 208 209 210 211 212 213 217 224 230 237 243 249 256 261 266 271 275 280 285 290 292 294 295 297 298 300 301 305 310 315 320 324 329 334 333 331 329 326 324 322 320 318 316 313 311 309 307 305 310 317 323 329 335 342 348 345 342 339 336 333 329 326 315 304 292 281 269 258 247 241 235 229 223 217 212 206 205 203 202 200 199 198
252 238 225 211 205 205 205 205 206 206 206 207 208 209 210 211 212 213 218 225 232 239 246 252 259 265 269 274 279 283 288 292 295 297 298 300 302 304 305 310 316 322 328 335 341 347 346 344 341 339 337 334 332 329 326 323 320 317 314 311 316 322 328 334 340 346 352 350 347 344 341 338 335 332 320 307 294 282 269 257 244 238 231 225 219 212 206 200 199 198 197 196 195 194
252 239 226 212 206 206 206 207 207 207 208 209 210 211 211 212 213 214 219 227 234 242 249 256 264 269 274 278 283 287 292 296 299 301 302 304 306 308 310 315 322 329 336 342 349 356 356 353 351 348 346 344 341 338 334 330 326 322 318 314 319 325 331 336 342 348 354 352 349 346 343 340 338 335 322 309 296 282 269 256 243 237 230 223 216 209 203 196 196 195 194 194 193 192
253 240 226 213 207 208 209 210 211 211 212 213 214 215 216 217 218 219 224 231 239 247 255 262 270 276 280 284 289 293 298 302 305 306 308 310 311 313 315 320 326 332 338 345 351 357 357 355 353 351 349 347 345 340 335 331 326 321 316 311 316 322 328 334 339 345 351 349 346 343 339 336 333 330 318 306 294 282 270 257 245 239 233 226 220 213 207 201 200 199 199 198 197 196
254 240 227 214 209 210 211 213 214 215 217 218 219 219 220 221 222 223 228 236 244 252 260 268 276 282 286 291 295 299 304 308 310 312 314 315 317 318 320 325 330 336 341 347 353 358 358 356 355 353 351 350 348 343 337 332 326 320 314 309 313 319 325 331 336 342 348 346 342 339 336 332 329 326 315 304 292 281 270 259 248 242 235 229 223 217 211 205 204 204 203 202 201 200
254 241 228 215 210 212 214 216 217 219 221 222 223 224 225 225 226 227 232 241 249 257 266 274 283 288 293 297 301 305 310 314 316 318 319 321 322 324 325 329 334 339 344 349 354 359 359 358 357 355 354 353 352 346 339 332 326 319 313 306 310 316 322 328 334 339 345 342 339 335 332 328 325 321 311 301 291 280 270 260 250 244 238 233 227 221 215 210 209 208 207 206 204 203
