pluvio/pluvio-289.asc
ncols         252
nrows         154
xllcorner     -0.5
yllcorner     -153.5
cellsize      1
NODATA_value  -9999
[rows 0 to 81 of 154, columns 0 to 95 of 252]
13 14 15 16 16 16 16 17 17 17 17 17 17 17 18 18 18 18 18 18 18 18 18 18 18 17 17 17 17 16 16 16 14 12 10 8 6 4 2 2 2 2 2 2 2 2 3 5 6 7 8 9 10 13 16 19 22 25 28 31 28 23 19 14 10 5 1 0 0 0 0 0 0 0 0 0 0 0 0 0 0 0 1 1 2 2 2 3 3 3 3 3 2 2 2 2
14 15 16 17 18 18 18 18 17 17 17 17 17 17 18 18 18 18 18 18 18 18 18 18 18 18 17 17 17 16 16 16 14 12 10 8 6 4 2 2 2 2 2 2 2 2 3 5 6 7 8 10 11 15 19 23 26 30 34 38 34 29 23 17 12 6 1 0 0 0 0 0 0 0 0 0 0 0 0 0 0 0 1 1 1 2 2 2 2 2 2 2 2 2 2 2
15 16 18 19 19 19 19 18 18 18 18 17 17 17 18 18 18 18 18 18 18 18 18 18 18 18 18 17 17 17 16 16 14 12 10 8 6 4 2 2 2 2 2 2 2 2 3 5 6 7 9 10 12 16 21 26 31 36 41 46 41 34 27 21 14 8 1 0 0 0 0 0 0 0 0 0 0 0 0 0 0 0 1 1 1 1 2 2 2 2 2 2 2 2 3 2
16 18 19 20 21 20 20 19 19 18 18 18 18 18 17 17 17 17 17 18 18 18 18 18 19 18 18 18 17 17 17 16 15 12 10 8 6 4 2 2 2 2 2 2 2 2 3 5 6 8 9 11 12 17 23 29 35 41 47 53 47 39 32 24 16 9 1 0 0 0 0 0 0 0 0 0 0 0 0 0 0 0 0 1 1 1 1 1 1 2 2 2 2 2 3 3
16 18 19 21 21 21 20 20 19 19 18 18 17 17 17 17 17 17 17 17 18 18 18 19 19 19 18 18 17 17 16 16 14 12 10 8 6 4 2 2 2 2 2 2 2 2 3 4 6 7 9 10 12 18 24 31 37 44 51 57 51 42 34 26 18 9 1 0 0 0 0 0 0 0 0 0 0 0 0 0 0 0 0 0 1 1 1 1 1 1 2 2 2 2 2 2
16 17 19 20 21 20 20 19 19 18 17 17 17 17 17 16 16 16 16 17 17 18 18 19 19 19 18 18 17 17 16 16 14 12 10 8 6 4 2 2 2 2 1 1 1 1 2 4 5 6 8 9 10 16 23 30 37 44 51 58 52 43 35 26 18 9 1 0 0 0 0 0 0 0 0 0 0 0 0 0 0 0 0 0 1 1 1 1 1 1 1 2 2 2 2 2
15 17 18 19 20 19 19 18 18 18 17 17 17 16 16 16 16 16 16 16 17 18 18 19 19 19 19 18 17 17 16 15 14 12 10 8 6 4 2 2 2 2 1 1 1 1 2 3 4 5 7 8 9 15 23 30 37 45 52 59 53 44 35 27 18 9 1 0 0 0 0 0 0 0 0 0 0 0 0 0 0 0 0 0 0 1 1 1 1 1 1 1 1 1 2 1
14 16 17 19 19 19 18 18 17 17 17 16 16 16 16 15 15 15 15 16 17 18 18 19 20 19 19 18 17 16 16 15 13 12 10 8 6 4 2 2 2 2 1 1 1 1 2 3 4 5 6 7 8 14 22 30 37 45 53 60 53 45 36 27 18 9 1 0 0 0 0 0 0 0 0 0 0 0 0 0 0 0 0 0 0 1 1 1 1 1 1 1 1 1 1 1
14 15 17 18 18 18 18 17 17 17 16 16 16 15 15 15 15 14 15 16 17 17 18 19 20 20 19 18 17 16 16 15 13 11 10 8 6 4 2 2 2 1 1 1 1 1 1 2 3 4 5 5 6 13 21 29 37 45 53 61 54 45 36 27 18 9 0 0 0 0 0 0 0 0 0 0 0 0 0 0 0 0 0 0 0 0 1 1 1 1 1 1 1 1 1 1
13 15 16 17 18 17 17 17 16 16 16 15 15 15 15 14 14 14 14 15 16 17 18 19 20 20 19 18 17 16 15 14 13 11 9 8 6 4 3 2 2 1 1 1 1 0 1 2 2 3 3 4 5 12 20 29 37 46 54 63 55 46 37 28 19 10 0 0 0 0 0 0 0 0 0 0 0 0 0 0 0 0 0 0 0 0 1 1 1 0 0 0 0 0 0 0
13 14 15 17 17 17 16 16 16 16 15 15 15 14 14 14 13 13 14 15 16 17 18 19 20 20 19 18 17 16 15 14 13 11 9 8 6 4 3 2 2 1 1 1 1 0 1 1 1 2 2 3 3 11 20 28 37 46 55 64 56 47 38 28 19 10 0 0 0 0 0 0 0 0 0 0 0 0 0 0 0 0 0 0 0 0 0 1 0 0 0 0 0 0 0 0
12 14 15 16 17 16 16 16 16 16 15 15 15 15 14 14 14 13 14 15 16 17 18 19 21 20 19 18 17 16 15 14 12 11 9 7 6 4 3 2 2 1 1 1 0 0 0 1 1 2 2 2 3 10 19 27 36 45 53 62 55 46 37 27 18 9 0 0 0 0 0 0 0 0 0 0 0 0 0 0 0 0 0 0 0 0 0 0 0 0 0 0 0 0 0 0
12 13 15 16 17 16 16 16 16 16 16 16 15 15 15 14 14 14 14 15 16 17 18 20 21 20 19 18 17 16 14 13 12 10 9 7 6 4 2 2 2 1 1 1 0 0 0 1 1 2 2 2 3 10 18 26 34 42 50 58 51 43 34 26 17 9 0 0 0 0 0 0 0 0 0 0 0 0 0 0 0 0 0 0 0 0 0 0 0 0 0 0 0 0 0 0
12 13 15 16 16 17 17 17 17 17 17 16 16 16 15 15 15 14 15 16 17 18 19 20 21 20 19 18 17 15 14 13 12 10 9 7 5 4 2 2 1 1 1 1 0 0 0 1 1 1 2 2 3 9 17 24 31 39 46 54 48 40 32 24 16 8 0 0 0 0 0 0 0 0 0 0 0 0 0 0 0 0 0 0 0 0 0 0 0 0 0 0 0 0 0 0
12 13 14 16 16 17 17 17 17 17 17 17 17 16 16 16 15 15 15 16 17 18 19 20 20 20 19 18 16 15 14 13 11 10 8 7 5 4 2 2 1 1 1 0 0 0 0 1 1 1 2 2 3 9 15 22 29 36 43 50 44 37 29 22 15 7 0 0 0 0 0 0 0 0 0 0 0 0 0 0 0 0 0 0 0 0 0 0 0 0 0 0 0 0 0 0
12 13 14 16 16 17 17 17 17 18 18 18 17 17 17 16 16 16 16 17 17 18 19 20 20 20 19 17 16 15 14 12 11 10 8 7 5 4 2 2 1 1 1 0 0 0 0 1 1 1 2 2 3 8 14 21 27 33 39 46 40 34 27 20 13 7 0 0 0 0 0 0 0 0 0 0 0 0 0 0 0 0 0 0 0 0 0 0 0 0 0 0 0 0 0 0
12 13 14 15 16 17 17 17 18 18 19 19 18 18 17 17 17 16 16 17 18 18 19 20 20 20 19 17 16 15 13 12 11 9 8 6 5 3 2 1 1 1 1 0 0 0 0 0 1 1 2 2 3 8 13 19 25 30 36 42 37 31 25 18 12 6 0 0 0 0 0 0 0 0 0 0 0 0 0 0 0 0 0 0 0 0 0 0 0 0 0 0 0 0 0 0
11 13 14 15 16 17 17 18 18 19 19 19 19 18 18 18 17 17 17 17 18 19 19 20 20 20 18 17 16 14 13 12 10 9 8 6 5 3 2 1 1 1 0 0 0 0 0 0 1 1 2 2 3 7 12 17 22 27 33 38 33 28 22 17 11 6 0 0 0 0 0 0 0 0 0 0 0 0 0 0 0 0 0 0 0 0 0 0 0 0 0 0 0 0 0 0
11 12 14 15 16 16 17 18 18 19 19 19 19 18 18 18 17 17 17 18 18 19 19 20 20 19 18 17 16 14 13 12 10 9 8 6 5 3 2 1 1 1 0 0 0 0 0 0 1 1 2 2 3 7 11 16 20 25 30 34 30 25 20 15 10 5 0 0 0 0 0 0 0 0 0 0 0 0 0 0 0 0 0 0 0 0 0 0 0 0 0 0 0 0 0 0
11 12 14 15 16 16 17 17 18 18 19 19 18 18 18 18 18 17 18 18 18 19 19 19 20 19 18 17 15 14 13 12 11 9 8 6 5 3 2 1 1 1 1 0 0 0 0 0 1 1 2 2 2 6 10 14 18 23 27 31 27 23 18 14 9 5 0 0 0 0 0 0 0 0 0 0 0 0 0 0 0 0 0 0 0 0 0 0 0 0 0 0 0 0 0 0
11 12 13 15 16 16 16 17 17 18 18 18 18 18 18 18 18 18 18 18 18 18 19 19 19 18 17 16 15 14 13 12 11 9 8 6 5 3 2 1 1 1 1 0 0 0 0 0 1 1 2 2 2 5 9 13 17 20 24 28 25 20 16 12 8 4 0 0 0 0 0 0 0 0 0 0 0 0 0 0 0 0 0 0 0 0 0 0 0 0 0 0 0 0 0 0
11 12 13 15 15 16 16 17 17 17 18 18 18 18 18 18 18 18 18 18 18 18 18 18 18 18 17 16 15 14 14 13 11 10 8 7 5 3 2 1 1 1 1 0 0 0 0 0 1 1 1 2 2 5 8 11 15 18 21 25 22 18 15 11 7 4 0 0 0 0 0 0 0 0 0 0 0 0 0 0 0 0 0 0 0 0 0 0 0 0 0 0 0 0 0 0
10 12 13 15 15 16 16 16 16 17 17 17 17 18 18 18 18 18 18 18 18 18 18 18 18 17 17 16 15 14 14 13 12 10 8 7 5 4 2 1 1 1 1 0 0 0 0 1 1 1 1 2 2 4 7 10 13 16 19 21 19 16 13 10 6 3 0 0 0 0 0 0 0 0 0 0 0 0 0 0 0 0 0 0 0 0 0 0 0 0 0 0 0 0 0 0
10 11 13 14 15 15 16 16 16 16 16 17 17 17 18 18 18 19 19 18 18 18 18 18 17 17 16 16 15 14 14 13 12 10 9 7 5 4 2 1 1 1 1 1 0 0 0 1 1 1 1 1 2 4 6 9 11 13 16 18 16 13 11 8 5 3 0 0 0 0 0 0 0 0 0 0 0 0 0 0 0 0 0 0 0 0 0 0 0 0 0 0 0 0 0 0
10 11 13 14 15 15 15 16 16 16 16 16 17 17 18 18 18 19 19 18 18 18 18 17 17 16 16 15 15 14 14 13 12 10 9 7 5 4 2 1 1 1 1 1 0 0 0 1 1 1 1 1 2 3 5 7 9 11 13 15 13 11 9 7 5 2 0 0 0 0 0 0 0 0 0 0 0 0 0 0 0 0 0 0 0 0 0 0 0 0 0 0 0 0 0 0
11 12 14 15 16 16 16 16 16 16 16 17 17 17 18 18 19 19 19 19 19 18 18 18 18 17 16 16 15 15 14 13 12 10 9 7 5 4 2 1 1 1 1 1 0 0 0 1 1 1 1 1 1 3 5 6 8 10 12 13 12 10 8 6 4 2 0 0 0 0 0 0 0 0 0 0 0 0 0 0 0 0 0 0 0 0 0 0 0 0 0 0 0 0 0 0
13 14 16 17 17 17 17 17 17 17 17 17 17 18 18 19 19 19 20 19 19 19 19 19 19 18 17 16 16 15 14 13 12 10 8 7 5 4 2 1 1 1 1 1 1 0 0 1 1 1 1 1 1 3 4 6 8 9 11 12 11 9 7 6 4 2 0 0 0 0 0 0 0 0 0 0 0 0 0 0 0 0 0 0 0 0 0 0 0 0 0 0 0 0 0 0
15 16 17 19 19 19 19 18 18 18 18 18 18 18 19 19 19 20 20 20 20 20 20 20 20 19 18 17 16 15 14 13 11 10 8 7 5 4 2 2 1 1 1 1 1 0 0 1 1 1 1 1 1 3 4 6 7 9 10 11 10 8 7 5 3 2 0 0 0 0 0 0 0 0 0 0 0 0 0 0 0 0 0 0 0 0 0 0 0 0 0 0 0 0 0 0
17 18 19 20 21 20 20 19 19 19 18 18 19 19 19 19 20 20 20 20 21 21 21 21 21 20 19 18 17 15 14 13 11 10 8 7 5 4 2 2 1 1 1 1 1 0 0 1 1 1 1 1 1 2 4 5 7 8 9 11 9 8 6 5 3 1 0 0 0 0 0 0 0 0 0 0 0 0 0 0 0 0 0 0 0 0 0 0 0 0 0 0 0 0 0 0
19 20 21 22 22 22 21 20 20 19 19 19 19 19 20 20 20 20 21 21 21 22 22 22 23 22 20 19 17 15 14 12 11 9 8 6 5 4 2 2 1 1 1 1 1 0 0 1 1 1 1 1 1 2 3 5 6 7 8 10 9 7 6 4 3 1 0 0 0 0 0 0 0 0 0 0 0 0 0 0 0 0 0 0 0 0 0 0 0 0 0 0 0 0 0 0
21 22 23 23 24 23 22 22 21 20 20 19 20 20 20 20 20 21 21 21 22 22 23 23 24 23 21 19 17 16 14 12 10 9 8 6 5 4 2 2 1 1 1 1 1 0 0 1 1 1 1 1 1 2 3 4 5 7 8 9 8 6 5 4 2 1 0 0 0 0 0 0 0 0 0 0 0 0 0 0 0 0 0 0 0 0 0 0 0 0 0 0 0 0 0 0
23 24 24 25 25 24 23 23 22 21 20 20 20 20 20 21 21 21 21 22 23 23 24 24 25 24 22 20 18 16 14 12 10 9 7 6 5 4 2 2 2 1 1 1 1 0 1 1 1 1 1 1 1 2 3 4 5 6 7 8 7 6 4 3 2 1 0 0 0 0 0 0 0 0 0 0 0 0 0 0 0 0 0 0 0 0 0 0 0 0 0 0 0 0 0 0
23 24 24 25 25 25 24 23 22 22 21 21 21 21 21 21 21 21 21 22 22 23 24 25 25 24 22 20 18 16 14 11 10 9 7 6 5 3 2 2 2 1 1 1 1 1 1 1 1 1 1 1 1 2 3 4 4 5 6 7 6 5 4 3 2 1 0 0 0 0 0 0 0 0 0 0 0 0 0 0 0 0 0 0 0 0 0 0 0 0 0 0 0 0 0 0
22 23 24 25 25 24 24 23 23 22 21 21 21 21 21 20 20 20 20 21 22 23 24 24 25 24 22 20 18 15 13 11 10 8 7 6 5 3 2 2 2 1 1 1 1 1 1 1 1 1 1 1 1 2 2 3 4 5 5 6 5 4 3 2 2 1 0 0 0 0 0 0 0 0 0 0 0 0 0 0 0 0 0 0 0 0 0 0 0 0 0 0 0 0 0 0
22 23 24 24 25 24 24 23 23 22 22 22 21 21 20 20 20 19 20 21 21 22 23 24 25 24 22 19 17 15 13 11 9 8 7 6 5 3 2 2 2 1 1 1 1 1 1 1 1 1 1 1 1 2 2 3 3 4 5 5 4 4 3 2 1 0 0 0 0 0 0 0 0 0 0 0 0 0 0 0 0 0 0 0 0 0 0 0 0 0 0 0 0 0 0 0
21 22 23 24 24 24 24 23 23 23 22 22 21 21 20 20 19 19 19 20 21 22 23 24 25 23 21 19 17 15 13 11 9 8 7 6 5 3 2 2 2 1 1 1 1 1 1 1 1 1 1 1 1 2 2 3 3 3 4 4 4 3 2 2 1 0 0 0 0 0 0 0 0 0 0 0 0 0 0 0 0 0 0 0 0 0 1 1 1 1 0 0 0 0 0 0
20 21 23 24 24 24 24 23 23 23 23 22 22 21 20 20 19 18 19 20 20 21 22 23 24 23 21 19 17 15 13 10 9 8 7 6 4 3 2 2 2 1 1 1 1 1 1 1 1 1 1 1 1 2 2 2 2 3 3 3 3 2 2 1 1 0 0 0 0 0 0 0 0 0 0 0 0 0 0 0 0 0 0 0 0 1 1 1 1 1 1 1 0 0 0 0
20 21 22 23 24 24 24 24 24 23 23 23 22 21 20 19 19 18 18 19 20 21 22 23 24 23 21 19 17 14 12 10 9 8 7 6 4 3 2 2 2 2 1 1 1 1 1 1 1 1 1 1 2 2 2 2 2 2 2 2 2 2 1 1 1 0 0 0 0 0 0 0 0 0 0 0 0 0 0 0 0 0 0 0 1 1 1 1 1 1 1 1 1 0 0 0
19 20 22 23 23 23 24 24 24 24 24 23 22 21 20 19 18 17 17 18 20 21 22 23 24 23 21 18 16 14 12 10 9 7 6 5 4 3 2 2 2 2 1 1 1 1 1 1 1 1 1 2 2 2 2 2 2 2 1 1 1 1 1 1 0 0 0 0 0 0 0 0 0 0 0 0 0 0 0 0 0 0 0 1 1 1 1 1 1 1 1 1 1 1 0 0
19 20 21 22 23 23 23 23 23 23 24 23 22 21 20 19 18 17 17 18 19 20 21 22 24 22 20 18 16 14 12 10 8 7 6 5 4 3 2 2 2 1 1 1 1 1 1 1 1 1 1 1 1 1 1 1 1 1 1 1 1 1 1 0 0 0 0 0 0 0 0 0 0 0 0 0 0 0 0 0 0 0 0 0 1 1 1 1 1 1 1 1 1 0 0 0
19 20 21 22 22 22 23 23 23 23 23 22 22 21 20 19 18 17 18 18 19 20 21 22 23 22 20 18 16 14 12 10 8 7 6 5 4 3 2 2 2 1 1 1 1 1 1 1 1 1 1 1 1 1 1 1 1 1 1 1 1 1 0 0 0 0 0 0 0 0 0 0 0 0 0 0 0 0 0 0 0 0 0 0 1 1 1 1 1 1 1 1 0 0 0 0
19 20 21 21 22 22 22 22 22 22 22 22 21 20 20 19 18 17 18 19 19 20 21 22 23 22 20 18 16 14 12 10 8 7 6 5 4 3 2 2 1 1 1 1 1 1 1 1 1 1 1 1 1 1 1 1 1 1 1 1 1 1 0 0 0 0 0 0 0 0 0 0 0 0 0 0 0 0 0 0 0 0 0 0 0 1 1 1 1 1 1 0 0 0 0 0
19 19 20 21 21 21 21 21 21 21 21 21 20 20 19 19 18 18 18 19 19 20 21 22 23 22 20 18 16 13 11 9 8 7 6 5 4 3 2 1 1 1 1 1 1 1 1 1 1 1 1 1 1 1 1 1 1 1 1 1 1 0 0 0 0 0 0 0 0 0 0 0 0 0 0 0 0 0 0 0 0 0 0 0 0 0 0 1 0 0 0 0 0 0 0 0
19 19 20 21 21 21 21 21 21 21 21 20 20 19 19 19 18 18 18 19 19 20 21 22 22 21 19 17 15 13 11 9 8 7 6 5 4 3 2 1 1 1 1 1 1 0 0 0 0 1 1 1 1 1 1 1 1 0 0 0 0 0 0 0 0 0 0 0 0 0 0 0 0 0 0 0 0 0 0 0 0 0 0 0 0 0 0 0 0 0 0 0 0 0 0 0
18 19 20 20 20 20 20 20 20 20 20 20 19 19 19 18 18 18 18 19 19 20 21 22 22 21 19 17 15 13 11 9 8 7 6 5 4 3 2 1 1 1 1 1 0 0 0 0 0 0 0 0 0 0 0 0 0 0 0 0 0 0 0 0 0 0 0 0 0 0 0 0 0 0 0 0 0 0 0 0 0 0 0 0 0 0 0 0 0 0 0 0 0 0 0 0
18 19 19 20 20 20 20 20 19 19 19 19 19 19 19 18 18 18 18 19 20 20 21 21 22 21 19 17 15 13 11 9 8 7 6 5 4 3 1 1 1 1 1 1 0 0 0 0 0 0 0 0 0 0 0 0 0 0 0 0 0 0 0 0 0 0 0 0 0 0 0 0 0 0 0 0 0 0 0 0 0 0 0 0 0 0 0 0 0 0 0 0 0 0 0 0
18 19 19 19 20 20 20 19 19 19 19 19 19 19 19 19 19 19 19 20 20 21 21 22 22 21 19 17 15 13 11 9 8 7 6 5 3 2 1 1 1 1 1 1 0 0 0 0 0 0 0 0 0 0 0 0 0 0 0 0 0 0 0 0 0 0 0 0 0 0 0 0 0 0 0 0 0 0 0 0 0 0 0 0 0 0 0 0 0 0 0 0 0 0 0 0
18 18 19 19 19 19 19 20 20 20 20 20 20 20 20 20 20 20 20 21 21 22 22 23 23 22 20 18 15 13 11 9 7 6 5 4 3 2 1 1 1 1 1 1 1 0 0 0 0 0 0 0 0 0 0 0 0 0 0 0 0 0 0 0 0 0 0 0 0 0 0 0 0 0 0 0 0 0 0 0 0 0 0 0 0 0 0 0 0 0 0 0 0 0 0 0
18 18 18 19 19 19 19 20 20 20 20 20 20 21 21 21 21 21 22 22 22 23 23 24 24 23 20 18 16 13 11 9 7 6 5 4 3 2 1 1 1 1 1 1 1 1 0 0 0 0 0 0 0 0 0 0 0 0 0 0 0 0 0 0 0 0 0 0 0 0 0 0 0 0 0 0 0 0 0 0 0 0 0 0 0 0 0 0 0 0 0 0 0 0 0 0
17 18 18 19 19 19 19 20 20 20 20 21 21 21 22 22 22 22 23 23 23 24 24 24 25 23 21 18 16 13 11 9 7 6 5 4 3 2 1 1 1 1 1 1 1 1 1 1 1 0 0 0 0 0 0 0 0 0 0 0 0 0 0 0 0 0 0 0 0 0 0 0 0 0 0 0 0 0 0 0 0 0 0 0 0 0 0 0 0 0 0 0 0 0 0 0
17 18 18 18 19 19 19 20 20 20 21 21 22 22 22 23 23 24 24 24 24 25 25 25 25 24 21 19 16 14 11 8 7 6 5 4 3 2 1 1 1 1 1 1 1 1 1 1 1 1 1 0 0 0 0 0 0 0 0 0 0 0 0 0 0 0 0 0 0 0 0 0 0 0 0 0 0 0 0 0 0 0 0 0 0 0 0 0 0 0 0 0 0 0 0 0
17 17 18 18 19 19 19 20 20 21 21 22 22 23 23 24 24 25 25 25 25 26 26 26 26 24 22 19 16 14 11 8 7 6 5 4 3 2 1 1 1 1 1 1 1 1 1 1 1 1 1 1 1 0 0 0 0 0 0 0 0 0 0 0 0 0 0 0 0 0 0 0 0 0 0 0 0 0 0 0 0 0 0 0 0 0 0 0 0 0 0 0 0 0 0 0
17 17 18 18 18 19 19 20 20 21 21 22 23 23 24 25 25 26 26 26 26 26 27 27 27 25 22 19 17 14 11 8 7 6 5 4 3 2 1 1 1 1 1 1 1 1 1 1 1 1 1 1 1 1 1 1 0 0 0 0 0 0 0 0 0 0 0 0 0 0 0 0 0 0 0 0 0 0 0 0 0 0 0 0 0 0 1 1 0 0 0 0 0 0 0 0
16 16 16 17 17 18 18 19 19 20 20 21 21 22 23 23 24 24 25 25 25 25 25 25 25 23 21 18 15 13 10 7 6 5 4 4 3 2 1 1 1 1 1 1 1 1 1 1 1 1 1 1 0 0 0 0 0 0 0 0 0 0 0 0 0 0 0 0 0 0 0 0 0 0 0 0 0 0 0 0 0 0 0 0 0 0 0 0 0 0 0 0 0 0 0 0
15 15 15 16 16 16 17 17 18 18 19 19 20 20 21 21 22 22 22 22 22 23 23 23 23 21 19 16 14 11 9 7 5 5 4 3 2 2 1 1 1 1 1 1 1 1 1 1 1 1 0 0 0 0 0 0 0 0 0 0 0 0 0 0 0 0 0 0 0 0 0 0 0 0 0 0 0 0 0 0 0 0 0 0 0 0 0 0 0 0 0 0 0 0 0 0
13 14 14 14 15 15 16 16 16 17 17 18 18 19 19 19 20 20 20 20 20 20 20 20 20 19 17 14 12 10 8 6 5 4 3 3 2 1 1 0 0 1 1 1 1 1 1 1 0 0 0 0 0 0 0 0 0 0 0 0 0 0 0 0 0 0 0 0 0 0 0 0 0 0 0 0 0 0 0 0 0 0 0 0 0 0 0 0 0 0 0 0 0 0 0 0
12 13 13 13 13 14 14 15 15 15 16 16 17 17 17 17 18 18 18 18 18 18 18 18 18 17 15 13 11 9 7 5 4 3 3 2 2 1 0 0 0 0 0 0 0 1 0 0 0 0 0 0 0 0 0 0 0 0 0 0 0 0 0 0 0 0 0 0 0 0 0 0 0 0 0 0 0 0 0 0 0 0 0 0 0 0 0 0 0 0 0 0 0 0 0 0
11 11 12 12 12 13 13 13 14 14 14 15 15 15 15 16 16 16 16 16 16 16 16 16 15 14 13 11 9 8 6 4 3 3 2 2 1 1 0 0 0 0 0 0 0 0 0 0 0 0 0 0 0 0 0 0 0 0 0 0 0 0 0 0 0 0 0 0 0 0 0 0 0 0 0 0 0 0 0 0 0 0 0 0 0 0 0 0 0 0 0 0 0 0 0 0
10 10 11 11 11 11 12 12 12 13 13 13 13 13 14 14 14 14 14 14 14 14 13 13 13 12 11 9 8 6 5 3 3 2 2 1 1 0 0 0 0 0 0 0 0 0 0 0 0 0 0 0 0 0 0 0 0 0 0 0 0 0 0 0 0 0 0 0 0 0 0 0 0 0 0 0 0 0 0 0 0 0 0 0 0 0 0 0 0 0 0 0 0 0 0 0
9 9 9 10 10 10 10 11 11 11 11 12 12 12 12 12 12 12 12 12 11 11 11 11 11 10 9 7 6 5 4 3 2 2 1 1 0 0 0 0 0 0 0 0 0 0 0 0 0 0 0 0 0 0 0 0 0 0 0 0 0 0 0 0 0 0 0 0 0 0 0 0 0 0 0 0 0 0 0 0 0 0 0 0 0 0 0 0 0 0 0 0 0 0 0 0
9 9 9 10 10 10 10 10 11 11 11 11 11 11 12 12 12 12 12 11 11 11 11 11 10 10 8 7 6 5 4 3 2 2 1 1 0 0 0 0 0 0 0 0 0 0 0 0 0 0 0 0 0 0 0 0 0 0 0 0 0 0 0 0 0 0 0 0 0 0 0 0 0 0 0 0 0 0 0 0 0 0 0 0 0 0 0 0 0 0 0 0 0 0 0 0
9 9 10 10 10 10 10 11 11 11 11 11 11 11 12 12 12 12 12 12 11 11 11 11 10 9 8 7 6 5 4 3 2 2 1 1 0 0 0 0 0 0 0 0 0 0 0 0 0 0 0 0 0 0 0 0 0 0 0 0 0 0 0 0 0 0 0 0 0 0 0 0 0 0 0 0 0 0 0 0 0 0 0 0 0 0 0 0 0 0 0 0 0 0 0 0
9 10 10 10 10 10 10 11 11 11 11 11 11 11 11 12 12 12 12 12 11 11 11 11 10 9 8 7 6 5 4 3 2 2 1 1 1 0 0 0 0 0 0 0 0 0 0 0 0 0 0 0 0 0 0 0 0 0 0 0 0 0 0 0 0 0 0 0 0 0 0 0 0 0 0 0 0 0 0 0 0 0 0 0 0 0 0 0 0 0 0 0 0 0 0 0
10 10 10 10 11 11 11 11 11 11 11 11 11 11 11 12 12 12 12 12 11 11 11 10 10 9 8 7 6 5 4 3 2 2 1 1 1 0 0 0 0 0 0 0 0 0 0 0 0 0 0 0 0 0 0 0 0 0 0 0 0 0 0 0 0 0 0 0 0 0 0 0 0 0 0 0 0 0 0 0 0 0 0 0 0 0 0 0 0 0 0 0 0 0 0 0
10 10 10 11 11 11 11 11 11 10 10 10 11 11 11 12 12 12 12 12 11 11 11 10 10 9 8 7 6 5 4 3 2 2 2 1 1 0 0 0 0 0 0 0 0 0 0 0 0 0 0 0 0 0 0 0 0 0 0 0 0 0 0 0 0 0 0 0 0 0 0 0 0 0 0 0 0 0 0 0 0 0 0 0 0 0 0 0 0 0 0 0 0 0 0 0
10 10 11 11 11 11 11 11 10 10 10 10 11 11 11 12 12 12 12 12 12 11 11 10 10 9 8 7 6 5 4 3 2 2 2 1 1 0 0 0 0 0 0 0 0 0 0 0 0 0 0 0 0 0 0 0 0 0 0 0 0 0 0 0 0 0 0 0 0 0 0 0 0 0 0 0 0 0 0 0 0 0 0 0 0 0 0 0 0 0 0 0 0 0 0 0
10 11 11 11 11 11 11 11 10 10 10 10 10 11 11 12 12 13 12 12 12 11 11 10 10 9 8 7 6 5 4 3 3 2 2 1 1 0 0 0 0 0 0 0 0 0 0 0 0 0 0 0 0 0 0 0 0 0 0 0 0 0 0 0 0 0 0 0 0 0 0 0 0 0 0 0 0 0 0 0 0 0 0 0 0 0 0 0 0 0 0 0 0 0 0 0
11 11 11 12 12 12 11 11 11 10 10 10 11 11 11 12 12 12 12 12 12 12 11 11 11 10 9 8 6 5 4 3 2 2 2 1 1 0 0 0 0 0 0 0 0 0 0 0 0 0 0 0 0 0 0 1 1 1 2 2 2 1 1 1 0 0 0 0 0 0 0 0 0 0 0 0 0 0 0 0 0 0 0 0 0 0 0 0 0 0 0 0 0 0 0 0
11 11 12 12 12 12 12 11 11 11 10 10 11 11 11 12 12 12 12 12 12 12 12 12 12 11 9 8 7 5 4 3 2 2 1 1 1 0 0 0 0 0 0 0 0 0 0 0 0 0 0 0 0 0 1 2 2 3 3 4 3 3 2 2 1 0 0 0 0 0 0 0 0 0 0 0 0 0 0 0 0 0 0 0 0 0 0 0 0 0 0 0 0 0 0 0
11 12 12 13 13 12 12 12 11 11 11 11 11 11 11 12 12 12 12 12 12 12 13 13 13 12 10 9 7 6 4 3 2 2 1 1 1 0 0 0 0 0 0 0 0 0 0 0 0 0 0 0 0 1 1 2 3 4 5 6 5 4 3 3 2 1 0 0 0 0 0 0 0 0 0 0 0 0 0 0 0 0 0 0 0 0 0 0 0 0 0 0 0 0 0 0
12 12 13 13 13 13 12 12 12 11 11 11 11 11 11 12 12 12 12 13 13 13 13 13 14 12 11 9 7 6 4 2 2 1 1 1 1 0 0 0 0 0 0 0 0 0 0 0 0 0 0 0 0 1 2 3 4 5 7 8 7 6 5 4 2 1 0 0 0 0 0 0 0 0 0 0 0 0 0 0 0 0 0 0 0 0 0 0 0 0 0 0 0 0 0 0
12 13 13 14 14 13 13 12 12 11 11 11 11 11 11 12 12 12 12 13 13 13 14 14 14 13 11 10 8 6 4 2 1 1 1 1 1 0 0 0 0 0 0 0 0 0 0 0 0 0 0 0 0 1 3 4 5 7 8 10 9 7 6 4 3 2 0 0 0 0 0 0 0 0 0 0 0 0 0 0 0 0 0 0 0 0 0 0 0 0 0 0 0 0 0 0
12 13 13 14 14 14 13 13 12 12 11 11 11 11 11 12 12 12 12 13 13 14 14 15 15 14 12 10 8 6 4 2 1 1 1 1 1 0 0 0 0 0 0 0 0 0 0 0 0 0 0 0 0 1 3 5 7 8 10 12 10 9 7 5 4 2 1 0 0 0 0 0 0 0 0 0 0 0 0 0 0 0 0 0 0 0 0 0 0 0 0 0 0 0 0 0
13 13 14 14 14 14 13 13 12 12 11 11 11 11 12 12 12 12 12 13 14 14 15 16 16 15 13 11 8 6 4 2 1 1 1 1 1 1 0 0 0 0 0 0 0 0 0 0 0 0 0 0 0 2 4 6 8 10 12 14 12 10 8 6 4 3 1 0 0 0 0 0 0 0 0 0 0 0 0 0 0 0 0 0 0 0 0 0 0 0 0 0 0 0 0 0
12 13 13 14 14 13 13 12 12 11 11 11 11 11 11 11 11 11 11 12 12 13 13 14 15 13 11 9 7 5 4 2 1 1 1 1 0 0 0 0 0 0 0 0 0 0 0 0 0 0 0 0 0 2 4 6 8 10 12 14 13 11 9 7 5 3 1 0 0 0 0 0 0 0 0 0 0 0 0 0 0 0 0 0 0 0 0 0 0 0 0 0 0 0 0 0
12 12 13 13 13 13 12 12 11 11 10 10 10 10 10 10 10 10 10 11 11 12 12 12 13 12 10 8 7 5 3 1 1 1 1 0 0 0 0 0 0 0 0 0 0 0 0 0 0 0 0 0 0 2 4 6 8 10 12 15 13 11 9 7 5 3 1 0 0 0 0 0 0 0 0 0 0 0 0 0 0 0 0 0 0 0 0 0 0 0 0 0 0 0 0 0
11 12 12 12 12 12 11 11 11 10 10 10 10 9 9 9 9 9 9 10 10 10 11 11 11 10 9 7 6 4 3 1 1 1 0 0 0 0 0 0 0 0 0 0 0 0 0 0 0 0 0 0 0 2 4 7 9 11 13 15 13 11 9 7 5 3 1 0 0 0 0 0 0 0 0 0 0 0 0 0 0 0 0 0 0 0 0 0 0 0 0 0 0 0 0 0
11 11 11 12 12 11 11 10 10 10 9 9 9 9 9 8 8 8 8 8 9 9 9 9 10 9 7 6 5 4 2 1 0 0 0 0 0 0 0 0 0 0 0 0 0 0 0 0 0 0 0 1 1 2 5 7 9 11 13 15 14 12 9 7 5 3 0 0 0 0 0 0 0 0 0 0 0 0 0 0 0 0 0 0 0 0 0 0 0 0 0 0 0 0 0 0
10 11 11 11 11 10 10 10 10 9 9 9 8 8 8 8 7 7 7 7 7 8 8 8 8 7 6 5 4 3 2 1 0 0 0 0 0 0 0 0 0 0 0 0 0 0 0 0 0 0 1 1 1 3 5 7 9 12 14 16 14 12 10 7 5 3 0 0 0 0 0 0 0 0 0 0 0 0 0 0 0 0 0 0 0 0 0 0 0 0 0 0 0 0 0 0
10 10 10 10 10 10 10 9 9 9 8 8 8 8 7 7 7 6 6 6 6 6 6 6 6 6 5 4 3 2 1 1 0 0 0 0 0 0 0 0 0 0 0 0 0 0 0 0 0 1 1 1 1 3 5 7 10 12 14 16 15 12 10 7 5 3 0 0 0 0 0 0 0 0 0 0 0 0 0 0 0 0 0 0 0 0 0 0 0 0 0 0 0 0 0 0
10 10 10 10 9 9 9 9 8 8 8 8 7 7 6 6 6 5 5 5 5 5 5 5 5 4 3 3 2 2 1 0 0 0 0 0 0 0 0 0 0 0 0 0 0 0 0 0 0 1 1 1 1 3 5 8 10 12 15 17 15 12 10 8 5 3 0 0 0 0 0 0 0 0 0 0 0 0 0 0 0 0 0 0 0 0 0 0 0 0 0 0 0 0 0 0
9 9 9 9 9 8 8 8 8 7 7 7 7 6 6 6 5 5 5 5 5 4 4 4 4 4 3 3 2 1 1 0 0 0 0 0 0 0 0 0 0 0 0 0 0 0 0 0 0 0 1 1 1 3 4 6 8 10 12 14 13 11 9 6 4 2 0 0 0 0 0 0 0 0 0 0 0 0 0 0 0 0 0 0 0 0 0 0 0 0 0 0 0 0 0 0
