pluvio/pluvio-295.asc
ncols         252
nrows         154
xllcorner     -0.5
yllcorner     -153.5
cellsize      1
NODATA_value  -9999
[rows 0 to 48 of 154, columns 0 to 95 of 252]
0 0 0 0 0 0 0 0 0 0 0 0 0 0 0 0 0 0 0 0 0 0 0 0 0 0 1 2 3 4 5 5 6 6 6 7 7 7 7 8 10 11 13 14 15 17 16 16 15 14 13 13 12 10 9 7 5 3 1 0 0 0 0 0 0 0 0 2 4 6 7 9 11 13 13 14 14 14 14 15 15 13 11 8 6 4 2 0 2 4 6 7 9 11 13 14
0 0 0 0 0 0 0 0 0 0 0 0 0 0 0 0 0 0 0 0 0 0 0 0 0 0 1 2 2 3 4 4 5 5 5 5 5 5 6 7 8 10 11 12 14 15 15 14 14 13 13 12 11 10 8 7 5 3 1 0 0 0 0 0 0 0 0 2 3 5 6 8 10 11 11 11 11 11 11 12 12 10 8 7 5 3 2 0 2 5 7 9 11 13 15 16
0 0 0 0 0 0 0 0 0 0 0 0 0 0 0 0 0 0 0 0 0 0 0 0 0 0 1 1 2 2 3 3 3 4 4 4 4 4 4 5 7 8 9 11 12 14 14 13 13 12 12 11 11 10 8 6 5 3 1 0 0 0 0 0 0 0 0 2 3 4 6 7 8 10 9 9 9 9 9 8 8 7 6 5 4 3 1 1 3 5 7 10 12 14 17 18
0 0 0 0 0 0 0 0 0 0 0 0 0 0 0 0 0 0 0 0 0 0 0 0 0 0 0 1 1 1 2 2 2 2 2 2 2 2 2 3 5 6 8 9 11 12 12 12 12 11 11 11 11 9 8 6 4 3 1 0 0 0 0 0 0 0 0 1 2 4 5 6 7 8 7 7 7 6 6 5 5 4 4 3 2 2 1 1 3 6 8 11 13 16 18 20
0 0 0 0 0 0 0 0 0 0 0 0 0 0 0 0 0 0 0 0 0 0 0 0 0 0 0 0 1 1 1 2 2 2 2 2 2 2 2 3 4 5 7 8 9 11 11 11 11 11 11 10 10 9 8 6 4 3 1 0 0 0 0 1 1 1 2 2 3 4 5 6 7 8 7 7 7 6 6 6 6 5 5 5 4 4 4 3 6 8 10 12 15 17 19 21
0 0 0 0 0 0 0 0 0 0 0 0 0 0 0 0 0 0 0 0 0 0 0 0 0 0 0 0 1 1 1 2 2 2 2 2 2 2 2 3 4 5 6 7 8 9 9 10 10 10 10 10 11 9 8 6 4 3 1 0 0 1 1 2 3 3 4 5 5 6 7 7 8 9 9 9 10 10 10 10 10 10 10 9 9 9 8 8 10 11 13 14 16 17 19 21
0 0 0 0 0 0 0 0 0 0 0 0 0 0 0 0 0 0 0 0 0 0 0 0 0 0 0 0 1 1 1 1 2 2 2 2 2 2 2 3 4 5 5 6 7 8 8 9 9 9 10 10 11 9 8 6 5 3 1 0 0 1 2 3 4 5 6 7 7 8 8 9 9 10 11 11 12 13 14 14 15 15 15 14 14 14 13 13 14 14 15 16 17 17 18 22
0 0 0 0 0 0 0 0 0 0 0 0 0 0 0 0 0 0 0 0 0 0 0 0 0 0 0 0 1 1 1 1 2 2 2 2 2 2 3 3 4 4 5 5 6 6 7 7 8 9 9 10 11 9 8 6 5 3 1 0 1 2 3 5 6 7 8 9 9 10 10 10 11 11 12 14 15 16 17 19 20 20 19 19 19 19 18 18 18 18 18 18 18 17 18 22
0 0 0 0 0 0 0 0 0 0 0 0 0 0 0 0 0 0 0 0 0 0 0 0 0 0 0 0 1 1 1 1 2 2 2 2 2 3 3 3 3 4 4 4 4 5 6 6 7 8 9 10 11 10 8 6 5 3 1 0 1 3 4 6 7 9 11 11 11 11 12 12 12 12 14 16 18 19 21 23 25 25 24 24 24 23 23 23 22 21 20 19 18 18 17 22
0 0 0 0 0 0 0 0 0 0 0 0 0 0 0 0 0 0 0 0 0 0 0 0 0 0 0 0 1 1 1 1 1 2 2 2 3 3 3 3 3 3 3 3 3 3 4 5 6 8 9 10 11 10 8 6 5 3 1 0 1 3 5 7 9 11 13 13 13 13 13 13 13 13 16 18 20 23 25 27 30 29 29 29 29 28 28 28 26 24 23 21 19 18 17 22
0 0 0 0 0 0 0 0 0 0 0 0 0 0 0 0 0 0 0 0 0 0 0 0 0 0 0 0 0 1 1 1 1 2 2 2 3 3 3 3 3 3 3 2 2 2 3 4 6 7 8 10 11 10 8 6 5 3 1 0 2 4 6 8 11 13 15 15 15 15 15 15 15 15 17 20 23 26 29 32 34 34 34 34 33 33 33 33 30 28 25 23 20 18 17 23
0 0 0 0 0 0 0 0 0 0 0 0 0 0 0 0 0 0 0 0 0 0 0 0 0 0 0 0 1 1 1 1 2 2 2 3 3 4 4 4 4 3 3 3 2 2 3 4 6 7 9 10 11 10 9 7 6 4 2 1 3 5 8 10 12 15 17 17 17 17 18 18 18 18 21 23 26 29 32 35 38 38 38 38 38 38 38 38 35 33 30 28 26 23 22 28
0 0 0 0 0 0 0 0 0 0 0 0 0 0 0 0 1 1 1 1 0 0 0 0 0 0 0 1 1 1 1 1 2 3 3 4 4 5 5 5 5 5 4 4 4 4 5 6 7 8 9 11 12 11 10 8 7 6 4 3 5 7 9 12 14 16 19 19 20 20 21 21 22 22 25 27 30 32 35 37 40 40 41 41 42 42 43 43 41 39 38 36 34 33 32 37
0 0 0 0 0 0 0 0 0 0 0 0 1 1 1 1 1 1 1 1 1 1 0 0 0 0 1 1 1 1 1 2 2 3 4 4 5 6 7 7 6 6 6 6 5 5 6 7 8 9 10 11 12 12 11 9 8 7 6 5 7 9 11 13 16 18 20 21 22 23 24 25 26 27 29 31 33 36 38 40 42 43 44 45 46 46 47 48 47 46 45 44 43 42 41 46
0 0 0 0 0 0 0 0 1 1 1 1 1 1 1 1 1 1 1 1 1 1 1 1 1 1 1 1 1 2 2 2 3 3 4 5 6 7 8 8 8 7 7 7 7 7 7 8 9 10 11 12 13 12 11 11 10 9 8 7 9 11 13 15 17 19 21 23 24 26 27 29 30 32 33 35 37 39 41 42 44 45 47 48 49 51 52 53 53 53 52 52 51 51 51 55
0 0 0 0 0 1 1 1 1 1 1 1 1 1 1 1 1 1 1 1 1 1 1 1 1 1 1 1 2 2 2 2 3 4 5 6 7 8 9 9 9 9 9 8 8 8 9 9 10 11 12 13 13 13 12 12 11 10 10 9 11 13 15 17 19 21 23 25 27 29 30 32 34 36 38 39 40 42 43 45 46 48 50 52 53 55 57 59 59 59 59 60 60 60 61 64
0 0 1 1 1 1 1 1 1 1 1 1 1 1 1 1 1 1 1 1 1 1 1 1 1 1 1 2 2 2 2 2 3 4 6 7 8 9 10 10 10 10 10 10 10 10 10 11 11 12 13 13 14 14 13 13 12 12 12 11 13 15 17 19 21 23 24 27 29 31 34 36 38 41 42 43 44 45 46 47 48 51 53 55 57 59 62 64 65 66 67 68 69 70 71 73
1 1 1 1 1 1 1 1 1 1 1 1 1 1 1 1 1 1 1 1 1 1 1 1 1 1 2 2 2 2 2 3 4 5 6 8 9 10 11 12 12 11 11 11 11 11 11 12 12 13 14 14 15 14 14 14 14 14 13 13 15 17 19 20 22 24 26 29 31 34 37 40 43 45 46 47 48 48 49 50 51 53 56 58 61 64 66 69 71 72 74 76 77 79 80 82
1 1 1 1 1 1 1 1 1 2 2 2 2 2 2 2 2 2 2 2 2 2 2 2 2 2 2 2 3 3 3 3 4 6 7 8 10 11 13 13 13 13 13 12 12 12 13 13 14 14 15 15 15 16 16 16 16 16 16 16 18 19 21 23 24 26 28 30 33 36 39 41 44 47 48 48 49 50 50 51 52 55 58 61 64 67 70 73 75 76 78 80 82 84 86 87
1 1 1 1 1 2 2 2 2 2 2 2 2 2 2 2 2 2 2 2 3 3 3 3 3 3 3 3 3 3 4 4 5 6 8 9 11 12 14 14 14 14 14 14 13 13 14 14 15 15 16 16 17 17 18 18 19 19 20 20 21 23 24 25 27 28 29 32 34 37 39 42 44 47 48 48 49 50 51 52 53 56 59 63 66 69 72 76 77 79 81 83 84 86 88 90
2 2 2 2 2 2 2 2 2 2 2 2 2 3 3 3 3 3 3 3 3 3 3 4 4 4 4 4 4 4 4 4 6 7 9 10 12 14 15 15 15 15 15 15 14 14 15 15 16 16 17 17 18 19 20 20 21 22 23 24 25 26 27 28 29 30 31 33 35 38 40 42 44 47 48 48 49 50 51 52 53 57 61 64 68 71 75 79 80 82 84 85 87 89 90 93
2 2 2 2 2 2 2 2 2 3 3 3 3 3 3 3 3 4 4 4 4 4 4 4 4 5 5 5 5 5 5 5 6 8 10 11 13 15 16 17 16 16 16 16 15 15 16 16 17 17 18 18 19 20 21 23 24 25 27 28 29 29 30 31 31 32 33 34 36 38 40 42 44 46 47 49 50 51 52 53 54 58 62 66 70 74 78 81 83 85 86 88 89 91 93 96
2 2 2 3 3 3 3 3 3 3 3 3 3 3 4 4 4 4 4 5 5 5 5 5 5 5 6 6 6 6 6 6 7 9 11 12 14 16 18 18 18 17 17 17 17 16 17 17 18 18 19 19 20 22 23 25 27 28 30 32 32 33 33 33 34 34 34 36 38 39 41 43 44 46 47 49 50 51 52 53 55 59 63 68 72 76 80 84 86 87 89 90 92 93 95 99
3 3 3 3 3 3 3 3 3 3 3 3 4 4 4 4 5 5 5 5 5 6 6 6 6 6 6 6 6 6 6 6 8 10 11 13 15 17 19 19 19 19 18 18 18 17 18 18 19 19 20 21 21 23 25 27 29 32 34 36 36 36 36 36 36 36 36 37 39 40 42 43 44 46 47 49 50 51 53 54 55 60 65 69 74 78 83 87 89 90 91 93 94 96 97 102
3 3 3 3 3 3 3 3 3 3 3 4 4 4 5 5 5 5 6 6 6 6 7 7 7 7 7 7 7 7 7 7 8 10 12 14 16 18 20 20 20 20 19 19 19 18 19 19 20 20 21 22 22 25 27 30 32 35 37 40 40 39 39 39 38 38 38 39 40 41 42 43 45 46 47 49 50 52 53 55 56 61 66 71 76 81 86 90 92 93 94 95 97 98 100 105
4 4 4 4 5 5 5 5 5 5 5 5 5 6 6 6 7 7 7 8 8 8 9 9 9 10 10 9 9 9 9 9 11 13 14 16 18 20 22 22 22 22 21 21 20 20 20 21 22 22 23 23 24 26 29 32 34 37 40 43 42 42 42 41 41 40 40 41 42 43 44 46 47 48 50 51 53 54 56 58 59 64 69 74 79 84 89 94 95 97 98 99 100 101 103 110
5 5 6 6 6 6 6 6 7 7 7 7 7 8 8 8 8 9 9 10 10 11 11 12 12 13 13 13 12 12 12 12 14 15 17 19 21 22 24 24 24 24 23 23 23 22 23 23 24 24 25 25 26 28 31 34 36 39 42 45 45 44 44 43 43 42 42 43 45 46 48 49 50 52 54 55 57 59 60 62 64 69 74 79 84 89 94 98 100 101 102 103 104 105 107 115
6 7 7 8 8 8 8 8 8 8 9 9 9 9 10 10 10 11 11 12 13 13 14 15 15 16 16 16 16 16 15 15 17 18 20 22 23 25 26 27 26 26 26 25 25 24 25 25 26 26 26 27 27 30 33 36 39 41 44 47 47 47 46 46 45 45 44 46 47 49 51 52 54 56 57 59 61 63 64 66 68 73 78 83 88 93 98 103 104 105 106 107 108 109 112 121
7 8 9 9 10 10 10 10 10 10 10 11 11 11 12 12 12 12 13 14 15 16 17 18 18 19 19 19 19 19 19 18 20 21 23 24 26 27 29 29 28 28 28 27 27 27 27 27 28 28 28 29 29 32 35 38 41 44 47 50 49 49 48 48 47 47 46 48 50 52 54 56 58 60 61 63 65 67 68 70 72 77 82 87 92 97 102 107 108 109 110 111 112 114 116 127
9 9 10 11 11 11 12 12 12 12 12 13 13 13 13 14 14 14 15 16 17 18 19 20 22 22 22 22 22 22 22 22 23 24 25 27 28 29 31 31 31 30 30 30 29 29 29 29 30 30 30 31 31 34 37 40 43 46 49 52 52 51 51 50 50 49 49 51 53 55 57 59 61 63 65 67 69 71 73 74 76 81 86 92 97 102 107 112 113 114 115 116 117 118 120 132
10 11 11 12 13 13 13 14 14 14 14 14 15 15 15 16 16 16 17 18 19 21 22 23 25 25 25 25 25 25 25 25 25 27 28 29 31 32 33 33 33 32 32 32 31 31 31 31 32 32 32 32 33 35 38 42 45 48 51 54 54 54 53 53 52 51 51 53 55 58 60 62 65 67 69 71 73 75 77 79 81 86 91 96 101 106 111 116 117 118 119 120 121 122 124 138
11 12 13 14 14 15 15 15 16 16 16 16 17 17 17 17 18 18 19 20 22 23 25 26 28 28 28 28 28 28 28 28 28 30 31 32 33 34 35 35 35 35 34 34 34 33 33 34 34 34 34 34 34 37 40 44 47 50 53 57 56 56 55 55 54 54 53 56 58 61 63 66 68 71 73 75 77 79 81 83 85 90 95 100 105 110 115 120 121 122 123 124 125 126 128 144
13 14 16 17 18 18 19 19 19 20 20 20 21 21 21 22 22 22 23 24 26 27 28 30 31 31 31 31 30 30 30 29 30 31 32 33 34 35 36 36 36 36 36 36 35 35 35 35 36 36 36 36 36 39 42 45 49 52 55 58 58 58 58 57 57 56 56 58 61 63 66 68 71 73 75 77 79 81 83 85 87 92 97 102 107 112 117 121 122 123 124 125 127 128 130 145
16 17 19 21 22 23 23 24 24 25 25 26 26 26 26 27 27 27 28 29 30 31 32 33 34 34 34 33 33 32 31 31 31 32 33 34 35 36 37 37 37 37 37 37 37 37 37 37 37 38 38 38 38 41 44 47 50 54 57 60 60 60 60 59 59 59 59 61 63 65 68 70 72 74 76 78 80 82 84 86 88 93 98 102 107 112 116 121 122 124 125 126 127 129 131 144
18 20 23 25 26 27 27 28 29 29 30 31 31 31 32 32 32 33 33 34 35 36 36 37 38 38 37 36 35 34 33 32 32 33 34 35 36 37 37 38 38 38 38 38 38 38 39 39 39 39 40 40 40 43 46 49 52 55 58 62 62 62 62 62 62 61 61 63 65 68 70 72 74 76 78 80 82 83 85 87 89 94 98 103 107 112 116 121 122 124 125 127 128 130 132 143
21 24 26 29 30 31 32 33 34 34 35 36 36 36 37 37 37 38 38 39 39 40 40 41 42 41 40 38 37 36 34 33 33 34 35 36 36 37 38 38 39 39 39 39 40 40 40 41 41 41 41 42 42 45 48 51 54 57 60 63 64 64 64 64 64 64 64 66 68 70 72 74 75 77 79 81 83 85 86 88 90 95 99 103 108 112 116 120 122 124 126 127 129 131 134 142
24 27 30 32 34 35 36 37 38 39 40 41 41 41 42 42 43 43 43 44 44 44 44 45 45 44 42 41 39 37 36 34 34 35 36 36 37 38 39 39 40 40 40 41 41 42 42 42 43 43 43 44 44 47 50 53 56 59 62 65 65 66 66 66 66 67 67 68 70 72 74 75 77 79 81 82 84 86 88 89 91 95 100 104 108 112 116 120 122 124 126 128 130 132 135 141
26 30 33 36 39 40 41 42 43 44 45 46 46 47 47 47 48 48 48 48 48 48 49 49 49 47 45 43 41 39 37 35 35 36 37 37 38 39 39 40 40 41 42 42 43 43 44 44 44 45 45 45 46 48 51 54 57 60 63 66 67 67 68 68 69 69 70 71 73 74 76 77 79 80 82 84 85 87 89 91 92 96 100 104 108 112 116 120 122 124 127 129 131 133 136 140
29 33 36 40 43 44 45 46 48 49 50 51 51 52 52 53 53 53 53 53 53 53 53 52 52 51 48 46 44 41 39 37 36 37 37 38 39 39 40 41 41 42 43 43 44 45 45 46 46 46 47 47 48 50 53 56 59 62 65 68 69 69 70 71 71 72 72 74 75 76 78 79 80 82 83 85 87 88 90 92 93 97 101 105 108 112 116 119 122 124 127 129 132 134 137 139
32 36 40 44 46 47 48 50 51 52 53 54 54 55 55 56 56 56 56 56 56 55 55 55 54 53 50 48 46 43 41 39 38 39 39 40 40 41 41 42 42 43 44 44 45 46 46 47 47 47 48 48 49 51 54 57 60 63 66 69 70 71 72 72 73 74 74 75 77 78 79 80 81 83 84 86 88 89 91 93 94 98 102 105 109 112 116 120 122 124 127 129 132 134 137 138
35 39 43 47 49 50 51 52 53 54 55 56 57 57 57 58 58 59 59 58 58 57 57 56 56 54 52 50 48 46 43 41 41 41 41 42 42 42 43 43 44 44 45 45 46 46 47 47 48 48 48 49 49 52 55 58 61 64 67 70 71 72 73 74 74 75 76 77 78 79 80 81 82 83 85 87 88 90 92 94 95 99 102 106 109 113 116 120 122 124 127 129 131 134 136 137
38 42 46 50 52 53 54 55 56 57 58 58 59 59 60 60 60 61 61 60 60 59 59 58 58 56 54 52 50 48 46 44 43 43 44 44 44 44 44 45 45 45 46 46 47 47 48 48 48 49 49 49 50 53 56 59 62 65 68 72 73 73 74 75 76 77 77 78 79 80 81 82 83 84 86 88 89 91 93 94 96 100 103 106 110 113 117 120 122 124 127 129 131 133 135 137
40 45 49 53 55 56 57 58 58 59 60 61 61 61 62 62 63 63 63 62 62 61 61 60 59 58 56 54 52 50 48 46 46 46 46 46 46 46 46 46 46 47 47 47 48 48 48 49 49 49 50 50 50 53 56 60 63 66 70 73 74 75 76 76 77 78 79 80 81 82 82 83 84 85 87 88 90 92 94 95 97 100 104 107 110 114 117 120 122 124 127 129 131 133 135 136
43 48 52 56 58 59 60 60 61 62 62 63 63 64 64 64 65 65 65 64 64 63 62 62 61 60 58 56 54 52 51 49 48 48 48 48 48 47 47 47 48 48 48 48 48 49 49 49 50 50 50 51 51 54 57 61 64 67 71 74 75 76 77 78 79 80 81 81 82 83 84 84 85 86 88 89 91 93 94 96 98 101 104 108 111 114 117 121 122 124 126 128 130 132 134 136
46 51 55 59 61 62 62 63 64 64 65 65 65 66 66 67 67 68 67 67 66 65 64 64 63 62 60 58 56 55 53 51 51 50 50 50 49 49 49 49 49 49 49 49 49 49 50 50 50 51 51 51 52 55 58 61 65 68 72 75 76 77 78 79 80 81 82 83 83 84 85 85 86 87 88 90 92 94 95 97 99 102 105 108 111 115 118 121 123 124 126 128 130 132 134 135
49 54 58 62 64 65 65 66 66 66 67 67 68 68 69 69 69 70 69 69 68 67 66 65 65 63 62 60 59 57 55 54 53 53 52 52 51 51 50 50 50 50 50 50 50 50 50 51 51 51 52 52 52 55 59 62 66 69 73 76 78 79 80 81 82 83 84 84 85 85 86 86 87 88 89 91 93 94 96 98 100 103 106 109 112 115 118 121 123 124 126 128 130 131 133 134
51 56 61 65 68 68 67 67 67 67 67 68 68 69 70 70 71 72 71 70 69 68 67 66 65 64 62 61 60 58 57 56 55 54 54 53 53 52 52 52 52 52 51 51 51 51 51 51 51 51 51 51 51 55 58 62 65 69 73 76 77 78 79 79 80 81 81 82 83 83 84 85 85 86 88 90 92 94 96 98 100 103 106 109 112 115 118 121 123 124 126 128 130 132 134 136
53 58 64 69 71 70 70 69 68 68 67 67 68 69 70 71 72 73 73 71 70 69 68 66 65 64 63 62 60 59 58 57 56 56 55 55 55 54 54 53 53 53 53 53 52 52 52 52 51 51 51 51 50 53 57 61 64 68 72 75 76 76 77 77 77 78 78 79 80 80 81 82 83 84 86 88 90 93 95 97 100 103 106 108 111 114 117 120 122 124 126 128 130 132 135 138
55 61 66 72 74 73 72 70 69 68 67 67 68 70 71 72 74 75 74 73 71 70 68 67 65 64 63 62 61 60 59 59 58 58 57 57 56 56 55 55 55 55 54 54 54 53 53 52 52 51 51 50 49 52 56 60 63 67 71 75 75 75 75 75 75 75 75 76 77 77 78 79 80 81 84 86 89 92 94 97 99 102 105 108 111 114 117 120 122 124 127 129 131 133 136 140
