pluvio/pluvio-68.asc
ncols         252
nrows         154
xllcorner     -18.017974
yllcorner     13.481982
cellsize      0.035948
NODATA_value  -9999
[rows 98 to 146 of 154, columns 96 to 191 of 252]
129 130 132 134 136 138 140 141 143 146 149 152 156 159 162 165 168 172 175 178 181 184 188 188 187 187 186 186 185 185 184 184 183 183 182 182 182 178 174 170 166 162 159 155 151 147 143 139 135 131 127 126 124 123 121 119 118 116 115 113 112 110 108 107 105 104 102 101 99 98 97 95 94 92 91 89 88 86 85 85 84 84 84 84 83 83 83 83 82 82 82 82 81 81 80 80
130 132 134 136 138 140 141 143 145 148 152 155 158 162 165 169 172 176 179 183 186 190 193 193 192 191 191 190 189 188 187 186 186 185 184 183 182 179 175 171 167 163 159 155 151 147 143 139 135 131 128 126 124 123 121 120 118 117 115 114 112 111 109 108 106 105 104 102 101 100 98 97 95 94 93 91 90 89 88 87 87 87 87 87 86 86 86 86 85 85 85 85 85 84 84 83
132 134 136 138 140 141 143 145 147 150 154 158 161 165 169 172 176 180 184 187 191 195 199 198 197 196 195 194 192 191 190 189 188 187 185 184 183 179 175 171 167 163 159 156 152 148 144 140 136 132 128 126 125 123 122 120 119 117 116 114 113 112 110 109 107 106 105 103 102 101 100 99 97 96 95 94 92 91 90 90 90 90 90 89 89 89 89 89 89 88 88 88 88 87 87 86
134 136 138 139 141 143 145 147 149 152 156 160 164 168 172 176 180 184 188 192 196 200 204 204 202 201 199 198 196 194 193 191 190 188 187 185 184 180 176 172 168 164 160 156 152 148 144 140 136 132 128 126 125 124 122 121 119 118 116 115 114 112 111 109 108 107 106 105 104 103 101 100 99 98 97 96 95 94 93 93 93 92 92 92 92 92 92 92 92 92 91 91 91 90 90 89
136 137 139 141 143 145 147 149 151 154 158 163 167 171 175 180 184 188 192 197 201 205 209 209 207 205 203 201 200 198 196 194 192 190 188 186 184 181 177 173 168 164 160 156 152 148 144 140 136 132 128 127 125 124 122 121 120 118 117 116 114 113 112 110 109 108 107 106 105 104 103 102 101 100 99 98 97 96 95 95 95 95 95 95 95 95 95 95 95 95 95 95 94 94 93 92
137 139 141 143 145 147 149 151 153 156 161 165 170 174 179 183 188 192 197 201 206 210 215 214 212 210 208 205 203 201 199 196 194 192 190 187 185 181 177 173 169 165 161 157 153 149 145 140 136 132 128 127 125 124 123 122 120 119 118 116 115 114 112 111 110 109 108 107 106 106 105 104 103 102 101 101 100 99 98 98 98 98 98 98 98 98 98 98 98 98 98 98 98 97 96 95
139 141 143 145 147 149 151 153 154 158 163 168 173 177 182 187 192 197 201 206 211 216 220 220 217 214 212 209 207 204 201 199 196 194 191 188 186 182 178 174 170 165 161 157 153 149 145 141 137 132 128 127 126 124 123 122 121 119 118 117 116 114 113 112 111 110 109 109 108 107 106 106 105 104 104 103 102 101 101 101 101 101 101 101 101 101 101 101 101 101 101 101 101 100 99 98
140 142 143 145 147 149 151 152 154 158 163 168 172 177 182 187 192 196 201 206 211 216 220 220 217 214 212 209 207 204 202 199 197 194 191 189 186 182 178 174 170 166 162 158 154 150 146 142 138 134 130 128 127 126 125 124 122 121 120 119 117 116 115 114 113 112 111 111 110 109 109 108 107 107 106 105 105 104 103 104 104 104 104 104 104 104 104 104 104 104 104 104 104 103 102 101
140 141 143 145 146 148 150 151 153 157 161 166 171 176 180 185 190 194 199 204 208 213 218 217 215 212 210 208 205 203 201 198 196 194 191 189 187 183 179 175 171 167 163 159 155 152 148 144 140 136 132 131 129 128 127 126 125 123 122 121 120 119 117 116 115 114 114 113 113 112 111 111 110 109 109 108 107 107 106 106 106 106 107 107 107 107 107 107 107 107 107 107 107 106 105 104
140 141 143 144 146 147 149 150 152 155 160 165 169 174 178 183 188 192 197 201 206 211 215 215 212 210 208 206 204 202 200 198 196 194 191 189 187 184 180 176 172 168 164 161 157 153 149 145 142 138 134 133 131 130 129 128 127 126 124 123 122 121 120 119 117 117 116 116 115 114 114 113 113 112 111 111 110 110 109 109 109 109 109 109 110 110 110 110 110 110 110 110 110 109 108 107
140 141 143 144 145 147 148 149 151 154 159 163 168 172 177 181 186 190 195 199 204 208 212 212 210 208 206 205 203 201 199 197 195 193 191 190 188 184 180 177 173 169 166 162 158 154 151 147 143 140 136 135 133 132 131 130 129 128 127 126 124 123 122 121 120 119 119 118 118 117 116 116 115 115 114 113 113 112 112 112 112 112 112 112 112 113 113 113 113 113 113 113 113 112 111 111
140 141 142 144 145 146 147 148 149 153 157 162 166 170 175 179 184 188 192 197 201 205 210 210 208 206 205 203 201 200 198 196 195 193 191 190 188 185 181 178 174 170 167 163 160 156 152 149 145 141 138 137 136 134 133 132 131 130 129 128 127 126 125 123 122 122 121 121 120 120 119 118 118 117 117 116 116 115 114 115 115 115 115 115 115 115 116 116 116 116 116 116 116 115 115 114
140 141 142 143 144 145 146 147 148 152 156 160 164 169 173 177 182 186 190 194 199 203 207 207 206 204 203 201 200 199 197 196 194 193 191 190 189 185 182 178 175 171 168 164 161 157 154 150 147 143 140 139 138 137 135 134 133 132 131 130 129 128 127 126 125 124 124 123 123 122 122 121 120 120 119 119 118 118 117 117 118 118 118 118 118 118 119 119 119 119 119 119 119 119 118 117
140 141 142 143 144 145 145 146 147 150 154 159 163 167 171 175 179 184 188 192 196 200 205 205 203 202 201 200 199 197 196 195 194 193 191 190 189 186 183 179 176 172 169 166 162 159 155 152 149 145 142 141 140 139 138 137 136 135 133 132 131 130 129 128 127 127 126 126 125 125 124 124 123 123 122 121 121 120 120 120 120 121 121 121 121 121 122 122 122 122 122 122 122 122 121 120
140 141 142 142 143 144 145 145 146 149 153 157 161 165 169 173 177 182 186 190 194 198 202 202 201 200 199 198 197 196 195 194 193 192 191 190 189 187 183 180 177 173 170 167 164 160 157 154 150 147 144 143 142 141 140 139 138 137 136 135 134 133 132 131 130 129 129 128 128 127 127 126 126 125 125 124 124 123 123 123 123 123 124 124 124 124 124 125 125 125 125 126 125 125 124 123
140 141 141 142 143 143 144 144 145 148 152 156 160 164 167 171 175 179 183 187 191 195 199 200 199 198 197 197 196 195 194 194 193 192 191 191 190 187 184 181 178 174 171 168 165 162 159 155 152 149 146 145 144 143 142 141 140 139 138 137 136 135 134 133 132 132 131 131 130 130 129 129 128 128 127 127 126 126 125 126 126 126 126 127 127 127 127 128 128 128 128 129 129 128 127 126
141 141 141 142 142 142 143 143 144 146 150 154 158 162 166 170 173 177 181 185 189 193 197 197 197 196 196 195 195 194 193 193 192 192 191 191 190 188 185 182 179 175 172 169 166 163 160 157 154 151 148 147 146 145 144 143 142 141 140 139 138 137 136 135 135 134 134 133 133 132 132 131 131 130 130 130 129 129 128 128 129 129 129 130 130 130 130 131 131 131 131 132 132 131 130 130
141 141 141 141 141 142 142 142 142 145 149 153 156 160 164 168 171 175 179 183 186 190 194 195 194 194 194 193 193 193 193 192 192 192 191 191 191 188 185 182 179 176 174 171 168 165 162 159 156 153 150 149 148 147 146 145 144 143 142 142 141 140 139 138 137 137 136 136 135 135 134 134 133 133 133 132 132 131 131 131 132 132 132 132 133 133 133 134 134 134 134 135 135 134 133 133
141 141 141 141 141 141 141 141 141 144 147 151 155 158 162 166 169 173 177 180 184 188 191 192 192 192 192 192 192 192 192 192 192 191 191 191 191 189 186 183 180 177 175 172 169 166 163 160 158 155 152 151 150 149 148 147 147 146 145 144 143 142 141 140 139 139 139 138 138 137 137 137 136 136 135 135 134 134 134 134 134 135 135 135 136 136 136 136 137 137 137 138 138 137 137 136
141 141 141 140 140 140 140 140 140 142 146 149 153 157 160 164 167 171 174 178 182 185 189 190 190 190 190 190 190 191 191 191 191 191 191 192 192 189 187 184 181 179 176 173 170 168 165 162 159 157 154 153 152 151 150 150 149 148 147 146 145 144 144 143 142 141 141 141 140 140 139 139 139 138 138 138 137 137 136 137 137 137 138 138 138 139 139 139 140 140 140 141 141 140 140 139
141 141 140 140 140 140 139 139 139 141 144 148 151 155 158 162 165 169 172 176 179 183 186 187 188 188 188 189 189 189 190 190 191 191 191 192 192 190 187 185 182 180 177 174 172 169 166 164 161 159 156 155 154 153 153 152 151 150 149 148 148 147 146 145 144 144 144 143 143 142 142 142 141 141 141 140 140 140 139 140 140 140 141 141 141 142 142 142 143 143 143 144 144 143 143 142
140 140 139 139 139 138 138 138 137 139 143 146 149 153 156 159 162 166 169 172 175 179 182 183 184 184 185 185 186 186 187 188 188 189 189 190 191 189 186 184 182 180 177 175 173 171 168 166 164 162 159 159 158 157 156 155 154 153 153 152 151 150 149 148 147 147 147 146 146 146 145 145 145 144 144 143 143 143 143 143 143 144 144 144 145 145 145 146 146 146 147 147 147 147 146 145
139 138 138 138 137 137 137 136 136 138 141 144 147 150 153 156 159 162 165 168 171 174 177 178 179 180 181 181 182 183 184 184 185 186 187 188 188 187 185 183 181 180 178 176 174 172 171 169 167 165 163 162 161 161 160 159 158 157 156 155 154 154 153 152 151 151 150 150 149 149 149 148 148 148 147 147 147 146 146 146 147 147 147 148 148 148 149 149 149 150 150 150 150 150 149 148
137 137 137 136 136 136 135 135 134 136 139 142 145 147 150 153 156 158 161 164 167 169 172 174 175 176 176 177 178 179 180 181 182 183 184 185 186 185 184 182 181 179 178 177 175 174 173 171 170 168 167 166 165 164 163 163 162 161 160 159 158 157 156 155 154 154 154 153 153 153 152 152 151 151 151 150 150 150 149 150 150 150 151 151 151 152 152 152 153 153 153 154 154 153 152 151
136 136 135 135 135 134 134 133 133 135 137 140 142 145 147 150 152 155 157 160 162 165 167 169 170 171 172 174 175 176 177 178 179 180 182 183 184 183 182 181 180 179 178 177 177 176 175 174 173 172 171 170 169 168 167 166 165 164 163 162 161 161 160 159 158 157 157 157 156 156 156 155 155 154 154 154 153 153 153 153 153 154 154 154 155 155 155 156 156 156 157 157 157 156 155 154
135 134 134 134 133 133 132 132 132 133 135 138 140 142 144 147 149 151 154 156 158 160 163 164 166 167 168 170 171 172 174 175 176 178 179 180 182 181 181 180 180 179 179 178 178 177 177 176 176 175 175 174 173 172 171 170 169 168 167 166 165 164 163 162 161 161 160 160 160 159 159 159 158 158 158 157 157 156 156 156 157 157 157 158 158 158 159 159 159 160 160 160 160 159 158 157
133 133 133 132 132 131 131 131 130 131 133 135 137 140 142 144 146 148 150 152 154 156 158 160 161 163 164 166 167 169 170 172 173 175 176 178 179 179 179 179 179 179 179 179 179 179 179 179 179 179 179 178 177 176 175 174 173 172 171 170 169 168 167 166 165 164 164 164 163 163 162 162 162 161 161 161 160 160 160 160 160 160 161 161 161 162 162 162 163 163 163 163 163 162 161 160
132 132 131 131 130 130 130 129 129 130 132 133 135 137 139 141 142 144 146 148 150 151 153 155 157 158 160 162 163 165 167 169 170 172 174 175 177 178 178 178 179 179 179 180 180 181 181 181 182 182 182 181 180 179 178 177 176 175 174 173 172 171 170 169 168 168 167 167 167 166 166 165 165 165 164 164 164 163 163 163 164 164 164 164 165 165 165 166 166 166 166 167 167 165 164 163
131 130 130 129 129 129 128 128 127 128 130 131 133 134 136 137 139 141 142 144 145 147 148 150 152 154 156 158 160 162 163 165 167 169 171 173 175 176 177 177 178 179 180 181 181 182 183 184 185 185 186 185 184 183 182 181 180 179 178 177 176 175 174 173 172 171 171 170 170 170 169 169 169 168 168 167 167 167 166 167 167 167 168 168 168 168 169 169 169 169 170 170 170 169 167 166
129 129 129 128 128 127 127 126 126 127 128 129 130 132 133 134 136 137 138 140 141 142 144 145 148 150 152 154 156 158 160 162 164 166 168 171 173 174 175 176 178 179 180 181 183 184 185 186 188 189 190 189 188 187 186 185 184 183 181 180 179 178 177 176 175 175 174 174 173 173 173 172 172 172 171 171 170 170 170 170 170 171 171 171 171 172 172 172 172 173 173 173 173 172 170 169
128 128 127 127 126 126 125 125 124 125 126 127 128 129 130 131 132 133 134 136 137 138 139 141 143 145 148 150 152 154 157 159 161 164 166 168 170 172 174 175 177 179 180 182 184 185 187 189 190 192 194 193 192 191 189 188 187 186 185 184 183 182 181 179 178 178 178 177 177 177 176 176 175 175 175 174 174 174 173 174 174 174 174 174 175 175 175 175 176 176 176 176 176 175 173 172
127 126 126 125 125 124 124 123 123 123 124 125 126 127 127 128 129 130 131 132 132 133 134 136 139 141 143 146 148 151 153 156 158 161 163 166 168 170 172 174 177 179 181 183 185 187 189 191 193 196 198 197 195 194 193 192 191 190 189 187 186 185 184 183 182 181 181 181 180 180 180 179 179 178 178 178 177 177 177 177 177 177 178 178 178 178 179 179 179 179 179 180 180 178 177 175
126 125 125 124 123 123 122 122 121 122 122 123 123 124 125 125 126 126 127 127 128 129 129 131 134 137 139 142 145 147 150 153 155 158 161 163 166 168 171 174 176 179 181 184 186 189 191 194 196 199 201 200 199 198 197 196 195 193 192 191 190 189 188 186 185 185 185 184 184 183 183 183 182 182 182 181 181 180 180 180 181 181 181 181 181 182 182 182 182 183 183 183 183 181 180 178
124 124 123 123 122 122 121 121 120 120 120 121 121 121 122 122 122 123 123 123 124 124 124 127 130 132 135 138 141 144 147 149 152 155 158 161 164 167 170 173 176 178 181 184 187 190 193 196 199 202 205 204 203 202 201 199 198 197 196 195 193 192 191 190 189 188 188 188 187 187 186 186 186 185 185 185 184 184 184 184 184 184 184 185 185 185 185 185 186 186 186 186 186 184 183 181
123 122 122 121 121 120 120 119 119 118 119 119 119 119 119 119 119 119 119 119 119 120 120 122 125 128 131 134 137 140 143 146 149 152 155 158 161 165 168 172 175 178 182 185 189 192 195 199 202 206 209 208 207 206 204 203 202 201 199 198 197 196 195 193 192 192 191 191 191 190 190 189 189 189 188 188 188 187 187 187 187 188 188 188 188 188 189 189 189 189 189 190 189 188 186 184
124 123 123 122 122 121 121 120 119 119 119 119 119 119 119 119 119 119 119 119 119 119 119 122 125 127 130 133 136 139 142 145 148 151 154 156 159 163 166 170 173 177 180 184 188 191 195 198 202 205 209 208 207 206 205 204 202 201 200 199 198 197 196 195 194 194 193 193 192 192 192 191 191 191 190 190 190 189 189 189 189 190 190 190 190 190 191 191 191 191 191 192 191 189 188 186
125 124 124 123 123 122 122 121 121 121 121 120 120 120 120 120 120 120 120 120 120 120 120 122 125 128 130 133 136 138 141 144 146 149 152 155 157 161 164 168 172 175 179 182 186 190 193 197 201 204 208 207 206 205 204 203 203 202 201 200 199 198 197 196 195 195 195 194 194 194 193 193 193 192 192 192 191 191 191 191 191 191 192 192 192 192 192 193 193 193 193 194 193 191 189 187
126 125 125 124 124 124 123 123 122 122 122 122 122 121 121 121 121 121 121 121 121 121 121 123 125 128 130 133 135 138 140 143 145 148 150 153 155 159 162 166 170 173 177 181 185 188 192 196 199 203 207 206 205 205 204 203 203 202 201 200 200 199 198 198 197 196 196 196 196 195 195 195 194 194 194 193 193 193 192 193 193 193 193 194 194 194 194 195 195 195 195 195 195 193 191 189
127 127 126 126 125 125 124 124 123 123 123 123 123 123 122 122 122 122 122 122 122 121 121 123 125 128 130 132 135 137 139 142 144 146 148 151 153 157 160 164 168 172 176 179 183 187 191 194 198 202 206 205 205 204 204 203 203 202 202 201 200 200 199 199 198 198 198 197 197 197 196 196 196 196 195 195 195 194 194 194 195 195 195 195 196 196 196 196 197 197 197 197 197 195 193 190
128 128 127 127 126 126 126 125 125 124 124 124 124 124 123 123 123 123 123 122 122 122 122 123 126 128 130 132 134 136 138 140 143 145 147 149 151 155 159 162 166 170 174 178 182 185 189 193 197 201 205 205 204 204 203 203 203 202 202 202 201 201 200 200 200 199 199 199 199 198 198 198 197 197 197 197 196 196 196 196 196 197 197 197 197 198 198 198 199 199 199 199 199 197 194 192
129 129 128 128 128 127 127 126 126 126 125 125 125 125 124 124 124 124 123 123 123 123 122 124 126 128 130 132 134 135 137 139 141 143 145 147 149 153 157 161 164 168 172 176 180 184 188 192 196 200 204 204 204 203 203 203 203 203 202 202 202 202 202 201 201 201 201 200 200 200 200 199 199 199 199 198 198 198 198 198 198 198 199 199 199 200 200 200 200 201 201 201 201 198 196 193
130 130 130 129 129 128 128 128 127 127 127 126 126 126 125 125 125 125 124 124 124 123 123 124 126 128 130 131 133 135 136 138 140 142 143 145 147 151 155 159 163 167 171 175 179 183 187 191 195 199 203 203 203 203 203 203 203 203 203 203 203 203 203 203 203 202 202 202 202 201 201 201 201 201 200 200 200 200 199 200 200 200 201 201 201 201 202 202 202 203 203 203 203 200 197 195
131 131 131 130 130 130 129 129 129 128 128 127 127 127 126 126 126 125 125 125 124 124 124 125 126 128 129 131 132 134 136 137 139 140 142 143 145 149 153 157 161 165 169 173 177 181 185 189 194 198 202 202 202 202 203 203 203 203 203 203 204 204 204 204 204 204 204 203 203 203 203 203 202 202 202 202 201 201 201 201 202 202 202 203 203 203 204 204 204 204 205 205 205 202 199 196
132 132 132 131 131 131 131 130 130 129 129 129 128 128 127 127 127 126 126 125 125 125 124 125 127 128 129 131 132 133 135 136 137 139 140 141 143 147 151 155 159 163 167 172 176 180 184 188 192 197 201 201 202 202 202 203 203 203 204 204 204 205 205 205 206 205 205 205 205 205 204 204 204 204 204 203 203 203 203 203 204 204 204 204 205 205 205 206 206 206 207 207 207 204 201 198
134 133 133 133 132 132 132 131 131 131 130 130 129 129 128 128 128 127 127 126 126 125 125 126 127 128 129 130 131 133 134 135 136 137 138 140 141 145 149 153 157 162 166 170 174 178 183 187 191 195 200 200 201 201 202 202 203 203 204 205 205 206 206 207 207 207 207 207 206 206 206 206 206 205 205 205 205 205 205 205 205 206 206 206 207 207 207 208 208 208 209 209 209 205 202 199
135 134 134 134 134 133 133 133 132 132 132 131 130 130 129 129 128 128 127 127 126 126 125 126 127 128 129 130 131 132 133 134 135 136 137 138 139 143 147 151 156 160 164 168 173 177 181 186 190 194 199 200 200 201 202 202 203 204 204 205 206 207 207 208 209 208 208 208 208 208 208 207 207 207 207 207 207 206 206 207 207 207 208 208 208 209 209 209 210 210 211 211 210 207 204 201
136 136 135 135 135 135 134 134 134 133 133 132 132 131 130 130 129 129 128 128 127 127 126 126 127 128 129 130 130 131 132 133 134 134 135 136 137 141 145 149 154 158 163 167 171 176 180 184 189 193 198 199 200 200 201 202 203 204 205 206 207 207 208 209 210 210 210 210 209 209 209 209 209 209 209 208 208 208 208 208 209 209 210 210 210 211 211 211 212 212 212 213 212 209 206 202
137 137 136 136 136 136 136 135 135 135 134 133 133 132 131 131 130 130 129 128 128 127 127 127 127 128 129 129 130 130 131 132 132 133 133 134 135 139 143 147 152 156 161 165 170 174 179 183 188 192 197 198 199 200 201 202 203 204 205 206 207 208 209 211 212 211 211 211 211 211 211 211 211 210 210 210 210 210 210 210 211 211 211 212 212 212 213 213 214 214 214 215 214 211 207 204
138 138 138 137 137 137 137 137 136 136 135 135 134 133 132 132 131 130 130 129 128 128 127 127 128 128 129 129 129 130 130 131 131 131 132 132 133 137 141 146 150 155 159 164 168 173 177 182 187 191 196 197 198 200 201 202 203 204 206 207 208 209 211 212 213 213 213 213 213 212 212 212 212 212 212 212 212 212 212 212 212 213 213 214 214 214 215 215 215 216 216 217 216 212 209 205
