pluvio/pluvio-286.asc
ncols         252
nrows         154
xllcorner     -0.5
yllcorner     -153.5
cellsize      1
NODATA_value  -9999
[rows 66 to 131 of 154, columns 96 to 191 of 252]
2 2 2 2 2 2 2 2 2 2 2 2 3 3 3 4 4 5 5 5 5 5 5 5 5 5 4 4 4 4 4 4 4 4 5 6 7 7 8 9 9 8 8 7 7 6 5 5 5 5 6 6 6 6 7 8 10 11 12 14 15 15 15 14 13 13 12 12 11 11 11 11 12 12 12 11 11 10 10 10 9 9 8 7 6 5 4 3 2 2 3 3 4 4 5 5
2 2 2 2 2 2 2 2 2 2 2 2 3 3 3 4 4 5 5 5 5 5 5 5 5 5 4 4 4 4 4 4 4 4 5 6 7 8 9 10 10 9 9 8 7 6 6 5 5 6 6 6 6 6 7 8 9 11 12 14 15 15 15 14 13 13 12 11 11 11 12 12 12 12 12 12 12 11 11 10 10 9 9 8 7 6 5 4 3 3 4 5 5 6 6 7
2 2 2 2 2 3 2 2 2 2 2 2 2 3 3 4 4 5 5 5 5 5 5 5 5 5 4 4 4 4 4 4 4 4 5 6 7 8 10 11 11 10 9 9 8 7 6 6 6 6 6 6 6 6 6 8 9 11 12 14 15 15 15 14 13 13 12 11 11 11 12 12 12 12 13 13 12 12 11 11 10 10 9 9 8 7 6 6 5 5 5 6 6 7 7 8
2 2 3 3 3 3 3 3 3 3 2 2 2 3 3 4 4 4 5 5 5 5 5 5 5 4 4 4 4 4 4 4 3 4 5 6 8 9 10 12 12 11 10 9 8 7 6 6 6 6 6 6 6 5 6 8 9 11 12 14 15 15 15 14 13 13 12 11 11 12 12 12 13 13 13 13 13 12 12 11 11 10 10 9 9 8 7 7 6 6 7 7 8 8 9 9
3 3 3 3 3 3 3 3 3 3 2 2 2 3 3 4 4 4 5 5 5 5 5 5 5 4 4 4 4 4 4 3 3 4 5 7 8 9 11 12 13 12 11 10 9 8 7 6 6 6 6 6 5 5 6 7 9 10 12 14 15 15 15 14 13 13 12 11 11 12 12 12 13 13 14 14 13 13 12 12 12 11 11 10 10 9 9 8 8 8 8 9 9 10 10 10
3 3 3 3 3 3 3 3 3 3 2 2 2 3 3 4 4 4 5 5 5 5 5 5 5 4 4 4 4 4 3 3 3 3 5 7 8 10 12 13 14 13 12 10 9 8 7 6 6 6 6 5 5 5 6 7 9 10 12 13 15 15 15 14 13 12 12 11 11 12 12 13 13 14 14 14 14 13 13 13 12 12 11 11 11 10 10 9 9 9 10 10 10 11 11 12
3 3 3 4 4 4 4 3 3 3 2 2 2 3 3 3 4 4 5 5 5 5 5 5 4 4 4 4 4 3 3 3 3 3 5 7 9 11 12 14 15 14 12 11 10 9 7 7 6 6 6 5 5 5 5 7 9 10 12 13 15 15 15 14 13 12 12 11 11 12 12 13 14 14 15 15 15 14 14 13 13 12 12 12 11 11 11 11 10 11 11 11 12 12 13 13
3 4 4 4 4 4 4 3 3 3 2 2 2 2 3 3 4 4 5 5 5 5 5 5 4 4 4 4 4 3 3 3 3 3 5 7 9 11 13 15 16 14 13 12 10 9 8 7 6 6 6 5 5 5 5 7 8 10 12 13 15 15 15 14 13 12 12 11 11 12 12 13 14 15 16 16 15 15 14 14 13 13 13 12 12 12 12 12 12 12 12 13 13 14 14 14
4 4 4 4 5 5 4 4 4 3 3 3 2 3 3 4 4 4 5 5 5 5 4 4 4 4 4 4 3 3 3 3 3 3 5 6 8 10 12 13 14 13 12 11 9 8 7 6 6 6 6 5 5 5 5 7 8 9 11 12 14 14 13 13 12 11 11 10 10 11 12 13 14 15 16 16 15 15 15 14 14 13 13 13 13 13 13 13 13 13 13 14 14 14 15 15
4 4 4 5 5 5 5 5 4 4 4 3 3 3 3 4 4 4 4 4 4 4 4 4 4 4 3 3 3 3 3 3 2 3 4 6 7 9 10 11 12 11 10 9 9 8 7 6 6 6 6 5 5 5 5 6 8 9 10 11 12 12 12 11 11 10 10 9 10 11 12 13 14 15 16 16 16 15 15 15 14 14 14 14 14 14 14 14 14 14 15 15 15 15 15 16
4 4 5 5 6 6 5 5 5 4 4 4 3 4 4 4 4 4 4 4 4 4 4 4 3 3 3 3 3 3 3 3 2 3 4 5 6 7 8 10 10 9 9 8 8 7 6 6 6 6 5 5 5 5 5 6 7 8 9 10 11 11 10 10 10 9 9 8 9 10 11 12 14 15 16 16 16 16 15 15 15 15 15 15 15 15 15 15 15 15 16 16 16 16 16 16
4 5 5 6 6 6 6 6 5 5 5 4 4 4 4 4 4 4 4 4 4 3 3 3 3 3 3 3 3 3 2 2 2 3 3 4 5 6 7 8 8 8 7 7 7 6 6 6 6 5 5 5 5 5 5 6 7 7 8 9 9 9 9 9 8 8 8 7 8 9 11 12 13 15 16 16 16 16 16 16 15 15 15 16 16 16 16 16 16 17 17 17 17 17 17 17
4 5 6 6 7 7 7 6 6 5 5 5 4 4 4 4 4 4 4 3 3 3 3 3 3 2 2 2 2 2 2 2 2 2 3 4 4 5 5 6 6 6 6 6 6 6 5 5 5 5 5 5 5 5 5 6 6 7 7 7 8 8 8 7 7 7 7 7 7 9 10 12 13 15 16 17 16 16 16 16 16 16 16 16 17 17 17 17 18 18 18 18 18 18 18 17
5 5 6 7 7 8 7 7 6 6 6 5 5 5 4 4 4 4 3 3 3 3 3 2 2 2 2 2 2 2 2 2 2 2 3 3 3 4 4 4 4 4 5 5 5 5 5 5 5 5 5 5 5 5 5 6 6 6 6 6 6 6 6 6 6 6 6 6 7 8 10 11 13 15 16 17 17 17 17 17 17 16 17 17 17 18 18 18 19 19 19 19 18 18 18 18
5 6 6 7 8 8 8 7 7 7 6 6 5 5 5 4 4 3 3 3 3 2 2 2 2 2 2 2 2 2 2 2 2 2 2 2 2 2 2 2 3 3 3 4 4 4 4 5 5 5 5 5 5 5 5 5 5 5 5 5 5 5 5 5 5 5 5 5 6 8 9 11 13 15 16 17 17 17 17 17 17 17 17 18 18 19 19 19 20 20 20 19 19 19 19 19
5 5 6 6 7 7 7 7 6 6 5 5 5 4 4 4 3 3 3 3 2 2 2 2 2 2 2 2 2 2 2 2 2 2 2 2 2 2 2 2 2 3 3 3 4 4 4 4 5 5 5 5 5 5 5 5 5 5 5 5 5 5 5 5 5 5 5 5 6 7 9 10 12 14 15 16 16 16 16 16 16 16 17 17 17 18 18 19 19 19 19 19 19 19 19 18
4 5 5 5 6 6 6 6 5 5 5 5 4 4 4 3 3 3 3 2 2 2 2 2 2 2 2 2 2 2 2 2 2 2 2 2 2 2 2 2 2 3 3 3 3 4 4 4 4 4 4 5 5 5 5 5 5 5 5 5 5 5 5 5 5 5 5 5 6 7 9 10 11 13 14 15 15 15 15 15 15 15 16 16 17 17 18 18 19 19 19 19 19 18 18 18
4 4 4 5 5 5 5 5 5 4 4 4 4 3 3 3 3 3 2 2 2 2 2 2 2 2 2 2 2 2 2 2 2 2 2 2 2 2 2 2 2 2 3 3 3 3 4 4 4 4 4 4 4 5 5 5 5 5 5 5 5 5 5 5 5 5 5 5 6 7 8 9 10 12 13 13 13 14 14 14 14 14 15 16 16 17 17 18 19 19 18 18 18 18 18 18
3 4 4 4 4 4 4 4 4 4 3 3 3 3 3 3 3 2 2 2 2 2 2 2 2 2 2 2 2 2 2 2 2 2 2 2 2 2 2 2 2 2 3 3 3 3 3 4 4 4 4 4 4 4 4 5 5 5 5 5 5 5 5 5 5 5 5 5 6 7 8 9 10 11 12 12 12 13 13 13 13 14 14 15 15 16 17 17 18 18 18 18 18 18 18 17
3 3 3 3 3 4 3 3 3 3 3 3 3 2 2 2 2 2 2 2 2 2 2 2 2 2 2 2 2 2 2 2 2 2 2 2 2 2 2 2 2 2 2 3 3 3 3 3 3 4 4 4 4 4 4 4 5 5 5 5 6 6 6 5 5 5 5 5 6 6 7 8 9 10 10 11 11 11 12 12 12 13 13 14 15 16 16 17 18 18 18 18 17 17 17 17
3 3 3 3 3 3 3 2 2 2 2 2 2 2 2 2 2 2 2 2 2 2 2 2 2 2 2 2 2 2 2 2 2 2 2 2 2 2 2 2 2 2 2 2 3 3 3 3 3 3 3 3 4 4 4 4 5 5 5 5 6 6 6 6 5 5 5 5 6 6 7 7 8 9 9 10 10 10 11 11 12 12 13 13 14 15 16 17 17 17 17 17 17 17 17 17
2 2 2 2 2 2 2 2 2 2 2 2 1 2 2 2 2 2 2 2 2 2 2 2 2 3 3 2 2 2 2 2 2 2 2 2 2 2 2 2 2 2 2 2 2 2 3 3 3 3 3 3 3 3 4 4 4 5 5 5 6 6 6 6 6 5 5 5 5 6 6 7 7 8 8 8 9 9 10 10 11 11 12 13 14 14 15 16 17 17 17 17 17 17 17 16
2 2 2 2 2 2 2 2 2 2 2 2 2 2 2 2 2 2 2 2 2 2 2 2 3 3 3 3 2 2 2 2 2 2 2 2 2 2 2 2 2 2 2 2 2 3 3 3 3 3 3 3 3 4 4 4 4 5 5 5 6 6 6 6 6 5 5 5 6 6 7 7 8 8 9 9 9 10 10 11 11 11 12 13 14 14 15 16 17 17 17 17 17 17 17 17
3 2 2 2 2 2 2 2 2 2 2 2 2 2 2 2 2 2 2 2 2 2 3 3 3 3 3 3 2 2 2 2 2 2 2 2 2 2 2 2 2 2 2 2 3 3 3 3 3 3 3 4 4 4 4 4 4 5 5 5 6 6 6 6 6 5 5 5 6 6 7 7 8 8 9 9 10 10 11 11 11 12 12 13 14 14 15 16 16 17 17 17 17 17 17 17
3 3 3 3 2 2 2 2 2 2 2 2 2 2 2 2 2 2 3 3 3 3 3 3 3 3 3 3 2 2 2 2 2 2 2 2 2 2 2 2 2 2 2 3 3 3 3 3 3 3 4 4 4 4 4 4 5 5 5 5 5 6 6 6 5 5 5 5 6 6 7 8 8 9 10 10 10 11 11 11 12 12 13 13 14 14 15 16 16 16 17 17 17 17 17 17
3 3 3 3 3 3 2 2 2 2 2 2 2 2 2 3 3 3 3 3 3 3 3 3 3 3 3 3 2 2 2 2 2 2 2 2 2 2 2 2 2 2 2 3 3 3 3 4 4 4 4 4 4 4 4 4 5 5 5 5 5 5 5 5 5 5 5 5 6 7 7 8 9 9 10 10 11 11 11 12 12 12 13 13 14 14 15 15 16 16 16 17 17 17 17 17
3 3 3 3 3 3 3 3 3 2 2 2 2 2 3 3 3 3 3 3 3 3 3 3 3 3 3 3 2 2 2 2 2 2 2 2 2 2 2 2 2 2 3 3 3 3 4 4 4 4 4 4 4 4 4 4 5 5 5 5 5 5 5 5 5 5 5 6 6 7 7 8 9 10 10 11 11 11 12 12 12 13 13 13 14 14 15 15 16 16 16 16 17 17 17 18
3 3 3 3 3 3 3 3 3 3 3 3 3 3 3 3 3 3 3 4 3 3 3 3 3 3 3 3 3 2 2 2 2 2 2 2 2 2 2 2 2 2 3 3 3 3 4 4 4 4 4 4 4 4 4 4 5 5 5 5 5 5 5 5 5 5 5 6 6 7 8 8 9 10 11 11 12 12 12 12 13 13 13 14 14 14 15 15 15 16 16 16 17 17 18 18
4 3 3 3 3 3 3 3 3 3 3 3 3 3 3 3 3 4 4 4 4 4 3 3 3 3 3 3 3 2 2 2 2 2 2 2 2 2 2 2 2 3 3 3 3 4 4 4 4 4 4 4 4 4 4 5 5 5 5 5 5 5 5 5 5 5 6 6 6 7 8 9 10 11 11 12 12 12 13 13 13 13 14 14 14 14 15 15 15 16 16 17 17 17 18 18
4 4 4 3 3 3 3 3 3 3 3 3 3 3 3 4 4 4 4 4 4 4 4 4 3 3 3 3 3 3 3 2 2 2 3 3 3 3 3 3 3 4 4 4 4 4 4 4 4 4 4 5 5 5 5 5 5 5 5 5 5 5 5 6 6 6 6 6 7 7 8 9 10 11 12 12 13 13 13 14 14 14 15 15 16 16 16 17 17 18 18 18 19 19 20 20
4 4 4 4 3 3 3 3 3 3 3 3 3 3 4 4 4 5 5 5 5 4 4 4 4 3 3 3 3 3 3 3 3 3 3 3 4 4 4 5 5 5 5 5 5 5 5 5 5 5 5 5 5 5 5 5 5 5 5 5 5 6 6 6 6 6 6 6 7 8 9 10 11 11 12 13 13 14 14 15 15 16 16 17 17 18 18 19 19 19 20 20 21 21 21 22
4 4 4 4 4 4 4 3 3 3 3 3 3 4 4 4 5 5 5 6 5 5 5 4 4 4 3 3 3 3 3 3 3 3 4 4 4 5 5 6 6 6 6 5 5 5 5 5 5 5 5 5 5 5 5 5 5 5 5 6 6 6 6 6 6 7 7 7 7 8 9 10 11 12 13 13 14 15 15 16 16 17 18 18 19 19 20 20 21 21 22 22 22 23 23 23
4 4 4 4 4 4 4 4 4 4 4 3 4 4 4 5 5 5 6 6 6 5 5 5 4 4 4 4 4 4 4 4 4 4 4 5 5 6 6 7 7 7 6 6 6 6 5 5 5 5 5 5 5 5 5 5 5 6 6 6 6 6 6 6 7 7 7 7 8 9 10 11 11 12 13 14 15 15 16 17 17 18 19 20 20 21 21 22 23 23 24 24 24 24 25 25
4 4 4 4 4 4 4 4 4 4 4 4 4 4 5 5 6 6 6 7 6 6 5 5 5 4 4 4 4 4 4 4 4 4 5 6 6 7 7 8 8 8 7 7 6 6 6 5 5 5 5 5 5 5 6 6 6 6 6 6 6 6 6 7 7 7 7 8 8 9 10 11 12 13 14 15 15 16 17 18 19 19 20 21 22 22 23 24 25 25 25 26 26 26 26 27
4 4 4 4 4 4 4 4 4 4 4 4 4 4 5 5 6 6 7 7 7 6 6 5 5 4 4 4 4 4 4 4 4 5 5 6 7 8 9 9 10 9 8 8 7 7 6 6 6 6 6 6 6 6 6 6 6 6 6 6 6 6 7 7 7 8 8 8 9 10 11 11 12 13 14 15 16 17 18 19 20 21 22 22 23 24 25 26 27 27 27 27 28 28 28 28
5 4 4 4 4 4 4 4 4 4 4 4 4 5 5 6 6 7 8 8 7 7 6 6 5 5 4 4 5 5 5 5 5 5 6 7 8 9 9 10 11 10 9 9 8 7 6 6 6 6 6 6 6 6 6 6 6 6 6 6 6 7 7 7 8 8 8 9 9 10 11 12 13 14 15 16 17 18 19 20 21 22 23 24 25 26 27 27 28 29 29 29 30 30 30 30
5 5 5 5 5 5 5 5 5 5 5 6 6 6 7 7 7 8 8 9 8 8 7 7 6 6 5 5 5 5 5 5 6 6 7 7 8 9 10 11 11 11 10 10 9 9 8 8 8 8 7 7 7 7 7 7 7 7 7 7 7 8 8 8 9 9 9 9 10 11 12 13 14 15 16 17 18 19 20 21 23 24 25 26 26 27 28 29 30 31 31 31 32 32 32 33
6 6 6 6 6 6 6 6 6 6 7 7 7 7 8 8 9 9 9 9 9 8 8 8 7 7 6 6 6 6 6 6 6 6 7 8 9 10 10 11 11 11 11 11 11 10 10 10 10 9 9 8 8 8 8 8 8 8 8 8 8 9 9 9 9 10 10 10 11 12 13 14 15 16 17 18 20 21 22 23 24 25 26 27 28 29 30 31 32 32 33 33 34 34 35 35
6 6 6 6 6 6 6 7 7 8 8 8 9 9 9 9 10 10 10 10 10 9 9 8 8 8 7 7 7 7 7 7 7 7 8 9 9 10 11 11 12 12 12 12 12 12 12 12 11 11 10 10 9 8 8 8 9 9 9 9 9 10 10 10 10 11 11 11 12 13 14 15 16 18 19 20 21 22 23 25 26 27 28 29 30 31 32 32 33 34 35 35 36 37 37 38
7 7 7 7 7 7 7 8 8 9 9 10 10 10 10 10 11 11 11 11 11 10 10 9 9 8 8 8 8 8 8 8 8 8 8 9 10 10 11 12 12 13 13 13 13 14 14 14 13 12 12 11 10 9 9 9 9 10 10 10 10 11 11 11 11 12 12 12 13 14 15 16 18 19 20 21 22 24 25 26 28 29 30 31 31 32 33 34 35 36 36 37 38 39 40 40
7 7 7 7 7 7 8 8 9 10 10 11 11 11 11 12 12 12 12 12 11 11 11 10 10 9 9 9 9 9 9 8 8 8 9 10 10 11 12 12 13 13 14 14 15 15 16 16 15 14 13 12 11 10 10 10 10 11 11 11 11 12 12 12 12 12 13 13 14 15 16 17 19 20 21 23 24 25 27 28 29 31 32 32 33 34 35 36 36 37 38 39 40 41 42 43
8 8 8 8 8 8 9 9 10 11 11 12 13 13 13 13 13 13 13 12 12 12 11 11 11 10 10 10 10 10 9 9 9 9 10 10 11 11 12 13 13 14 15 15 16 17 18 18 16 15 14 13 12 11 11 11 11 11 12 12 12 13 13 13 13 13 14 14 15 16 17 19 20 21 23 24 25 27 28 29 31 32 33 34 35 36 36 37 38 39 40 41 42 43 44 45
9 9 9 9 9 9 10 10 11 12 13 14 15 14 14 14 14 14 14 14 13 13 13 12 12 12 11 11 11 11 10 10 10 10 11 11 12 12 13 13 14 15 16 17 18 19 20 20 18 17 16 15 13 12 12 12 12 13 13 13 14 14 14 14 14 15 15 15 16 17 19 20 21 23 24 26 27 28 30 31 33 34 35 36 36 37 38 39 39 40 42 43 44 45 46 47
11 11 11 11 11 11 12 13 14 15 16 17 18 18 18 18 18 18 18 17 17 16 16 15 15 14 14 13 13 13 12 12 12 12 12 13 13 14 14 15 16 17 18 19 20 22 23 23 21 20 19 17 16 15 14 14 15 15 16 16 16 17 17 17 17 17 17 18 18 20 21 23 24 25 27 28 29 31 32 33 34 36 36 37 38 38 39 39 40 41 42 43 44 45 46 47
12 12 12 13 13 13 14 15 17 18 19 20 21 21 21 21 21 21 21 21 20 19 19 18 17 16 16 15 15 15 14 14 14 14 14 15 15 16 16 17 18 19 20 22 23 24 26 26 24 23 21 20 18 17 16 17 17 18 18 19 19 19 20 20 20 20 20 20 21 22 24 25 26 28 29 30 32 33 34 35 36 37 38 38 39 39 40 40 40 41 42 43 43 44 45 46
14 14 14 14 15 15 16 18 19 21 22 24 25 25 25 25 25 25 25 25 24 23 22 21 20 19 18 18 17 17 16 16 16 16 16 17 17 18 18 18 19 21 22 24 26 27 29 29 27 26 24 22 21 19 19 19 20 20 21 21 22 22 22 22 23 23 23 23 24 25 26 28 29 30 32 33 34 35 36 37 38 39 39 40 40 40 40 41 41 41 42 43 43 44 45 45
16 16 16 16 16 17 19 20 22 23 25 27 28 28 28 28 28 28 28 28 27 26 25 23 22 21 20 20 19 19 18 18 18 17 18 18 19 19 20 20 21 23 25 26 28 30 32 32 30 28 27 25 23 22 21 22 22 23 23 24 24 25 25 25 25 25 25 26 26 28 29 30 32 33 34 35 36 37 38 39 40 41 41 41 41 41 41 41 41 42 42 43 43 43 44 44
18 18 18 18 18 19 21 23 24 26 28 30 32 32 32 32 32 32 32 32 30 29 28 26 25 23 22 22 21 21 20 20 19 19 20 20 21 21 22 22 23 25 27 29 31 33 35 35 33 31 29 28 26 24 23 24 25 25 26 26 27 27 28 28 28 28 28 28 29 30 32 33 34 35 37 38 38 39 40 41 42 42 43 42 42 42 42 42 42 42 42 42 43 43 43 44
19 20 20 20 20 21 23 25 27 29 31 33 35 35 35 35 35 35 36 35 34 32 30 29 27 26 24 24 23 23 22 22 21 21 22 22 22 23 23 24 25 27 29 31 33 35 37 38 36 34 32 30 28 26 26 26 27 28 28 29 30 30 30 30 31 31 31 31 32 33 34 35 37 38 39 40 41 41 42 43 43 44 44 44 43 43 43 42 42 42 42 42 43 43 43 43
21 21 22 22 22 23 25 27 29 31 34 36 38 38 38 38 38 39 39 39 37 35 33 31 30 28 27 26 25 25 24 24 23 23 23 24 24 24 25 25 26 29 31 33 36 38 40 41 39 37 35 33 31 29 28 29 29 30 31 31 32 32 33 33 33 33 33 33 34 35 37 38 39 40 41 42 43 43 44 44 45 46 46 45 45 44 44 43 43 43 43 43 43 43 43 43
22 23 23 23 24 25 26 28 30 32 34 36 38 38 39 40 40 41 42 42 40 38 36 34 32 30 28 27 27 26 26 25 24 24 24 25 25 25 26 26 27 30 32 35 37 40 42 43 41 39 37 35 33 31 30 30 31 31 32 32 33 33 34 34 34 35 35 36 36 37 39 40 41 42 43 44 44 45 45 46 46 47 47 46 46 45 45 45 44 44 44 44 44 44 44 44
23 24 24 25 26 26 28 30 31 33 35 36 38 39 40 41 42 43 44 45 42 40 38 36 34 31 30 29 28 28 27 26 25 25 25 26 26 26 27 27 28 31 34 36 39 42 44 45 43 41 39 37 35 33 32 32 32 33 33 33 34 34 35 35 36 37 37 38 39 40 41 42 43 43 44 45 46 46 46 47 47 48 48 47 47 47 46 46 46 46 46 46 46 46 46 46
25 25 26 26 27 28 29 31 32 34 35 37 38 40 41 43 44 46 47 48 45 43 40 38 36 33 31 30 30 29 28 27 27 26 26 27 27 27 28 28 29 32 35 38 41 44 47 47 45 43 41 39 37 35 33 34 34 34 34 34 34 35 36 37 37 38 39 40 41 42 43 43 44 45 46 47 47 47 48 48 49 49 49 49 48 48 48 47 47 47 47 47 47 47 47 47
26 27 27 28 29 30 31 32 33 35 36 37 39 40 42 44 46 48 50 51 48 45 43 40 38 35 33 32 31 30 29 29 28 27 28 28 28 28 29 29 30 33 36 39 43 46 49 50 47 45 43 41 39 36 35 35 35 35 35 35 35 36 37 38 39 40 41 42 43 44 45 45 46 47 48 48 48 49 49 49 50 50 50 50 50 49 49 49 49 49 49 49 49 49 49 49
27 28 29 30 30 31 32 33 34 35 36 37 39 41 43 46 48 50 53 54 51 48 45 42 39 37 34 33 33 32 31 30 29 28 29 29 29 29 29 30 31 34 38 41 44 48 51 52 50 47 45 43 41 38 37 37 37 37 36 36 36 37 38 39 40 42 43 44 45 46 46 47 48 48 49 50 50 50 50 51 51 51 51 51 51 51 50 50 50 50 50 50 50 50 50 51
28 29 30 31 32 33 34 35 35 36 37 38 39 42 44 47 50 53 55 57 54 51 47 44 41 38 36 35 34 33 32 31 30 29 30 30 30 30 30 31 32 35 39 42 46 49 53 54 52 49 47 45 43 40 39 39 38 38 38 37 37 38 39 41 42 43 45 46 47 48 48 49 50 50 51 51 51 51 52 52 52 52 52 52 52 52 52 52 52 52 52 52 52 52 52 52
29 30 31 32 33 34 35 35 36 37 37 38 39 42 45 48 51 54 57 59 55 52 49 46 43 40 37 36 35 34 33 32 31 30 31 31 31 31 31 31 33 36 40 44 48 51 55 56 54 52 49 47 45 43 41 41 40 39 39 38 38 38 40 42 43 45 47 49 50 50 50 51 51 51 52 52 52 53 53 53 53 53 53 53 53 53 53 53 53 53 53 53 53 53 53 53
30 30 31 32 33 34 34 35 35 36 37 37 38 41 44 47 50 53 56 58 55 52 49 47 44 41 39 38 36 35 34 33 32 31 31 31 31 31 31 31 33 37 41 45 49 53 57 59 57 55 52 50 48 46 44 43 42 41 40 39 38 38 40 42 44 46 49 51 52 52 52 52 52 52 52 52 53 53 53 53 53 53 54 54 54 54 54 54 54 54 54 54 54 54 54 55
30 31 31 32 33 33 34 34 35 36 36 37 38 41 44 47 50 53 55 57 55 52 50 47 45 42 40 39 37 36 35 34 33 32 32 32 32 32 32 32 33 38 42 47 51 55 60 61 59 57 55 53 51 49 48 46 44 43 41 39 38 38 41 43 45 48 50 53 54 53 53 53 53 53 53 53 53 53 53 53 53 54 54 54 54 54 54 55 55 55 55 55 55 55 56 56
31 31 32 32 32 33 33 34 34 35 36 36 37 40 43 46 49 52 55 56 54 52 50 47 45 43 41 40 39 37 36 35 33 32 32 32 32 32 32 32 34 38 43 48 53 57 62 64 62 60 58 57 55 53 51 49 46 44 42 40 38 38 41 44 46 49 52 55 56 55 55 54 54 53 53 53 53 53 53 54 54 54 54 54 55 55 55 55 56 56 56 56 56 56 57 57
31 32 32 32 32 32 33 33 34 34 35 35 36 39 42 45 48 51 54 56 54 52 50 48 46 44 42 41 40 38 37 35 34 33 33 33 33 32 32 32 34 39 44 49 54 59 64 66 65 63 61 60 58 56 54 51 49 46 43 40 38 38 41 44 47 51 54 57 58 57 56 56 55 54 53 53 53 53 54 54 54 54 54 55 55 55 56 56 56 57 57 57 57 58 58 58
32 32 32 32 32 32 32 33 33 34 34 35 36 39 42 44 47 50 53 55 53 52 50 48 47 45 44 42 41 39 38 36 35 34 33 33 33 33 32 32 34 40 45 50 56 61 67 69 68 66 64 63 61 60 57 54 51 48 44 41 38 38 41 45 48 52 55 59 60 59 58 57 56 55 54 53 54 54 54 54 54 54 55 55 56 56 56 57 57 58 58 58 58 59 59 59
33 32 32 32 32 32 32 32 33 33 34 34 35 38 41 44 47 49 52 54 53 52 50 49 48 46 45 43 42 40 39 37 35 34 34 34 33 33 33 32 34 40 46 52 57 63 69 72 70 69 67 66 65 63 61 57 53 49 45 42 38 38 42 46 49 53 57 61 62 61 59 58 57 55 54 54 54 54 54 54 54 55 55 55 56 57 57 58 58 59 59 59 59 60 60 60
33 33 32 32 32 31 32 32 33 33 33 34 35 38 40 43 46 49 52 53 52 51 50 49 48 47 46 44 42 41 39 38 36 35 35 34 34 34 33 33 35 41 47 52 58 64 70 72 71 70 69 67 66 65 62 58 54 50 46 42 38 38 42 46 51 55 59 63 63 62 61 59 58 56 55 54 54 55 55 55 55 55 55 56 57 57 58 59 60 60 60 60 61 61 61 61
33 33 32 32 32 32 32 32 33 33 34 34 35 38 40 43 45 48 51 52 51 50 49 48 47 46 45 44 43 41 40 39 38 37 36 36 35 35 34 34 36 41 46 52 57 62 68 70 69 68 66 65 64 63 60 57 53 50 46 43 39 40 44 48 52 56 60 63 64 63 62 61 59 58 57 56 56 56 56 55 55 55 56 57 58 59 60 61 62 62 62 62 62 62 62 62
33 33 33 32 32 32 32 33 33 34 34 35 36 38 40 43 45 47 50 51 50 49 49 48 47 46 45 44 43 42 41 40 39 38 37 37 36 36 35 35 36 41 46 51 56 60 65 68 66 65 64 63 62 61 59 56 53 50 47 44 41 41 45 49 53 57 61 64 65 64 63 62 61 60 59 58 58 57 57 56 56 55 56 58 59 60 62 63 65 65 64 64 64 64 63 63
