pluvio/pluvio-260.asc
ncols         252
nrows         154
xllcorner     -0.5
yllcorner     -153.5
cellsize      1
NODATA_value  -9999
[rows 46 to 91 of 154, columns 96 to 191 of 252]
100 99 97 95 93 92 90 89 87 86 85 83 83 86 90 93 97 101 104 106 104 101 98 96 93 90 89 88 88 88 87 87 87 88 92 97 101 105 109 114 115 112 108 105 102 98 95 94 94 95 96 97 98 99 99 99 98 98 97 96 96 96 98 100 102 104 106 108 105 99 94 88 82 76 70 67 65 62 60 58 56 54 52 50 49 47 45 43 41 44 48 53 58 62 67 71
103 102 100 99 98 96 95 93 92 90 89 88 87 91 96 100 104 108 112 114 111 108 104 101 98 95 92 92 91 91 91 90 90 91 95 99 104 108 112 116 118 114 111 107 104 100 97 95 96 97 98 98 99 100 101 100 100 100 100 99 99 100 102 103 105 107 108 110 108 102 96 90 84 78 72 68 66 65 63 61 60 58 56 54 51 49 47 45 43 45 49 53 57 61 65 69
106 105 104 103 102 101 99 98 97 95 94 92 92 97 101 106 111 115 120 123 119 115 111 107 103 99 96 95 95 94 94 93 93 94 98 102 106 111 115 119 120 116 113 109 105 102 98 96 97 98 99 100 100 101 102 102 102 102 102 103 103 104 105 107 108 110 111 113 110 104 98 91 85 79 73 70 68 67 66 64 63 61 59 57 54 52 49 47 44 46 49 53 56 59 63 66
109 109 108 107 106 106 104 103 101 100 98 97 97 102 107 112 118 123 128 131 126 122 117 112 108 103 99 99 98 97 97 96 96 97 101 105 109 113 117 121 122 119 115 111 107 103 99 98 98 99 100 101 102 102 103 104 104 105 105 106 106 107 108 110 111 112 114 115 112 106 100 93 87 81 75 71 70 69 68 67 66 65 63 60 57 54 51 49 46 47 50 52 55 58 60 63
112 112 112 111 111 110 109 107 106 104 103 101 101 107 113 119 124 130 136 139 134 128 123 118 112 107 103 102 101 101 100 99 99 99 104 108 112 116 120 124 125 121 117 113 109 105 101 99 100 100 101 102 103 103 104 105 106 107 108 109 110 111 112 113 114 115 116 117 114 108 101 95 89 82 76 73 72 72 71 70 69 68 66 63 60 57 54 51 48 48 50 52 54 56 58 60
115 115 115 115 115 115 113 112 110 109 107 106 106 112 119 125 131 138 144 147 141 135 129 123 117 111 107 106 105 104 103 102 101 102 106 110 114 118 123 127 127 123 119 115 111 107 102 100 101 102 102 103 104 105 106 107 108 109 111 112 113 114 115 116 117 118 119 120 116 110 103 97 91 84 78 75 74 74 73 73 72 72 69 66 63 59 56 53 49 49 51 52 53 55 56 58
119 119 119 119 119 119 118 116 115 113 112 110 110 117 124 131 138 145 152 156 149 142 135 129 122 115 110 109 108 107 106 105 104 105 109 113 117 121 125 129 130 126 121 117 113 108 104 102 102 103 104 104 105 106 107 108 110 112 113 115 117 118 119 119 120 121 121 122 119 112 105 99 92 86 79 76 76 76 76 76 75 75 73 69 66 62 58 54 51 50 51 52 53 53 54 55
118 118 118 118 119 118 117 115 113 112 110 108 109 116 123 131 138 146 153 157 151 146 140 134 128 122 118 117 115 114 113 112 111 111 115 120 124 128 132 136 137 132 128 123 119 114 110 107 107 107 108 108 108 108 109 111 113 115 117 119 121 123 124 126 127 129 130 131 128 121 114 107 100 93 85 82 82 82 81 81 81 80 77 73 70 66 62 58 54 53 54 55 56 57 58 59
117 117 117 117 117 117 115 113 111 109 107 106 106 114 121 129 137 145 153 158 153 148 144 139 134 130 126 125 123 122 120 119 117 118 122 127 131 135 140 144 145 140 135 130 126 121 116 113 113 113 112 112 112 111 112 114 117 119 122 124 126 129 131 133 135 138 140 142 139 131 123 116 108 101 93 89 89 88 87 87 86 85 82 78 74 70 66 61 57 57 58 59 60 62 63 64
116 116 115 115 115 115 113 111 109 107 105 103 103 111 119 128 136 144 153 158 154 151 148 144 141 137 134 133 131 129 128 126 124 125 129 134 138 143 147 152 153 148 143 138 133 128 123 119 119 118 117 116 115 114 115 118 120 123 126 128 131 134 137 140 143 147 150 153 149 141 133 125 117 108 100 96 95 94 93 92 91 90 87 83 78 74 69 65 61 60 62 63 65 66 68 69
115 114 114 114 113 113 111 109 106 104 102 100 100 109 117 126 135 144 152 158 156 154 152 149 147 145 143 141 139 137 135 133 131 131 136 141 146 150 155 160 160 155 150 145 140 134 129 126 124 123 121 120 118 117 118 121 124 127 130 133 136 140 144 148 152 155 159 163 160 151 143 134 125 116 108 103 102 101 99 98 97 95 92 87 82 78 73 69 64 64 66 67 69 71 73 74
113 113 112 112 112 111 109 106 104 102 99 97 97 106 115 125 134 143 152 159 158 156 155 154 153 152 151 149 147 144 142 140 138 138 143 148 153 158 163 167 168 163 157 152 147 141 136 132 130 128 126 124 122 120 121 124 127 131 134 138 141 145 150 155 160 164 169 174 171 162 152 143 134 124 115 110 109 107 105 104 102 100 96 92 87 82 77 72 67 67 69 71 73 75 77 79
112 112 111 110 110 109 107 104 102 99 97 94 94 104 113 123 133 142 152 159 159 159 159 160 160 160 159 157 155 152 150 147 145 145 150 155 160 165 170 175 176 170 165 159 154 148 142 138 136 133 130 128 125 123 123 127 131 135 138 142 146 151 156 162 168 173 179 185 182 172 162 152 142 132 122 117 115 113 111 109 107 105 101 96 91 86 81 76 71 71 73 75 78 80 82 85
111 110 110 109 108 107 105 102 99 97 94 92 92 101 111 121 131 141 151 159 161 162 163 165 166 168 168 165 162 160 157 154 152 152 157 162 167 173 178 183 184 178 172 166 161 155 149 144 141 138 135 132 129 126 126 130 134 139 143 147 151 156 163 169 176 182 189 195 192 182 171 161 151 140 130 124 122 120 117 115 113 110 106 101 95 90 85 79 74 74 77 79 82 85 87 90
110 109 109 108 107 107 105 103 101 99 96 94 95 104 113 122 132 141 150 158 160 162 164 166 168 170 171 169 167 166 164 162 161 161 165 170 174 178 183 187 187 182 176 170 164 159 153 148 145 142 139 136 133 130 130 134 138 142 146 150 155 160 166 172 178 184 190 196 193 183 173 164 154 144 134 129 126 123 121 118 115 113 109 104 99 94 89 84 79 80 83 86 89 92 95 98
108 108 108 107 107 106 105 104 102 101 99 98 99 107 115 124 132 141 149 156 158 161 164 166 169 171 173 172 172 171 171 170 170 171 174 177 180 184 187 190 190 184 179 173 168 162 156 152 149 146 143 140 137 134 134 138 142 146 150 154 158 163 168 174 179 185 190 196 193 184 174 165 156 147 138 133 130 127 124 121 118 115 111 106 102 97 93 88 84 85 89 92 96 100 103 107
107 107 107 106 106 106 105 105 104 103 102 102 103 110 118 125 133 140 148 154 157 160 163 167 170 173 175 176 177 177 178 179 179 180 183 185 187 189 191 193 193 187 182 176 171 165 160 156 153 150 147 144 141 138 138 142 146 150 154 158 162 166 171 176 181 185 190 195 192 184 175 167 159 150 142 137 133 130 127 124 120 117 113 109 105 101 97 93 89 91 95 99 103 108 112 116
106 106 106 106 106 105 105 105 105 105 105 105 107 113 120 127 133 140 146 152 156 160 163 167 171 174 178 179 181 183 185 187 189 190 191 192 193 194 196 197 195 190 185 179 174 169 164 159 156 153 150 148 145 142 142 146 150 154 157 161 165 169 173 178 182 186 190 194 192 184 177 169 161 154 146 141 137 134 130 126 123 119 116 112 108 105 101 98 94 96 101 106 111 115 120 125
105 105 105 105 105 105 106 106 107 108 108 109 111 117 122 128 134 139 145 150 155 159 163 167 172 176 180 183 186 189 192 195 198 200 200 200 200 200 200 200 198 193 188 183 177 172 167 163 160 157 154 151 149 146 146 150 154 157 161 165 169 172 176 180 183 187 190 194 191 184 178 171 164 157 150 145 141 137 133 129 125 121 118 115 112 108 105 102 99 102 107 112 118 123 128 134
103 104 104 104 104 105 106 107 109 110 111 113 115 120 124 129 134 139 144 149 153 158 163 168 173 178 182 186 191 195 199 203 207 210 209 207 206 205 204 203 201 196 191 186 181 176 171 167 164 161 158 155 152 150 150 154 157 161 165 169 172 176 179 182 184 187 190 193 191 185 179 172 166 160 154 149 145 140 136 132 128 123 120 118 115 112 109 107 104 107 113 119 125 131 137 143
102 103 103 103 104 104 106 108 110 112 114 116 119 123 127 131 135 138 142 147 152 158 163 168 174 179 185 190 195 201 206 211 217 219 217 215 213 211 209 207 203 198 194 189 184 179 174 170 168 165 162 159 156 154 154 158 161 165 169 172 176 179 181 183 186 188 190 193 191 185 180 174 169 163 158 153 148 144 139 135 130 126 123 120 118 116 114 111 109 113 119 126 132 139 145 152
102 102 103 104 105 106 108 110 112 115 117 119 121 126 130 134 138 143 147 152 157 163 169 174 180 186 191 197 202 207 213 218 223 226 224 222 219 217 215 213 209 204 199 194 189 184 179 175 172 170 167 165 162 160 160 163 166 170 173 176 179 182 184 186 189 191 193 195 193 188 183 178 172 167 162 157 153 149 144 140 136 131 130 130 130 130 130 130 129 133 137 142 147 151 156 160
101 102 104 105 107 108 110 112 115 117 119 121 124 128 133 138 143 147 152 157 163 169 175 181 187 193 198 204 209 214 220 225 230 233 231 228 226 224 221 219 216 210 205 200 194 189 184 180 177 175 173 171 168 166 166 169 172 174 177 180 183 185 187 190 192 194 196 198 196 191 186 181 176 171 166 162 158 154 150 145 141 137 137 140 142 144 147 149 151 154 156 159 161 164 166 169
100 102 104 106 108 110 112 114 117 119 121 123 126 131 136 141 147 152 157 162 169 175 181 187 193 200 205 211 216 221 226 232 237 239 237 235 232 230 228 225 222 216 211 205 200 194 189 185 182 180 178 176 174 172 172 174 177 179 182 184 186 188 191 193 195 197 199 201 199 195 190 185 180 175 170 166 162 159 155 151 147 143 145 150 154 159 163 168 173 174 175 176 176 177 177 178
100 102 105 107 110 112 114 116 119 121 123 125 128 134 139 145 151 156 162 168 174 181 187 194 200 206 212 218 223 228 233 238 244 246 244 241 239 237 234 232 228 222 216 211 205 199 193 189 188 186 184 182 180 178 178 180 182 184 186 188 190 192 194 196 198 200 202 204 203 198 193 189 184 179 175 171 167 164 160 156 153 149 153 160 166 173 180 187 194 195 194 192 191 189 188 186
99 102 105 108 111 114 116 118 121 123 125 128 131 137 143 149 155 161 167 173 180 187 193 200 207 213 220 225 230 235 240 245 250 253 250 248 245 243 241 238 234 228 222 216 210 204 198 194 193 191 189 188 186 185 184 186 187 189 190 192 193 195 197 199 201 203 205 207 206 201 197 192 188 183 179 175 172 169 165 162 159 155 160 169 179 188 197 207 216 216 213 209 206 202 199 195
99 102 106 109 113 116 118 120 123 125 127 130 133 139 146 152 159 165 172 179 185 192 199 206 213 220 227 232 237 242 247 252 257 259 257 254 252 249 247 244 240 234 228 222 216 209 203 199 198 196 195 193 192 191 190 191 193 194 195 196 197 198 200 202 204 206 208 210 209 204 200 196 192 187 183 180 177 174 170 167 164 161 168 179 191 203 214 226 238 237 232 226 220 215 209 204
98 102 106 110 114 118 120 123 125 127 130 132 135 142 149 156 163 170 177 184 191 198 205 213 220 227 234 239 244 249 254 259 264 266 264 261 258 256 253 251 247 240 234 227 221 214 208 204 203 201 200 199 198 197 197 197 198 198 199 199 200 201 203 205 207 209 211 213 212 208 204 200 196 192 187 184 181 178 176 173 170 167 175 189 203 217 231 245 259 258 250 243 235 228 220 212
98 102 106 110 113 117 120 122 125 128 130 133 136 144 151 159 166 174 181 188 195 201 207 214 220 226 232 237 242 247 252 257 261 264 262 259 257 255 252 250 246 240 234 229 223 217 211 207 205 204 202 201 199 197 197 197 197 197 197 197 197 199 202 204 207 210 212 215 214 210 205 201 197 193 188 186 184 182 180 178 176 174 183 197 211 225 239 253 267 266 259 252 245 238 230 223
98 102 106 109 113 116 119 122 125 128 131 134 138 146 154 162 170 177 185 193 198 204 209 215 220 225 231 235 240 245 250 254 259 261 259 257 255 253 251 249 245 240 235 230 225 219 214 210 208 206 204 202 200 198 196 196 196 195 195 195 194 196 200 203 207 210 214 217 216 212 207 203 198 194 189 187 186 185 184 183 182 182 190 204 218 232 246 260 274 273 267 260 254 247 241 235
99 102 105 109 112 115 118 122 125 128 131 135 139 148 156 164 173 181 190 197 202 206 211 215 220 224 229 234 238 243 247 252 257 259 257 255 253 251 250 248 245 240 236 231 226 222 217 214 211 208 206 203 200 198 196 195 195 194 193 192 192 193 198 202 206 210 215 219 218 213 209 204 199 195 190 188 188 188 188 189 189 189 198 212 225 239 253 267 281 281 275 269 263 257 251 246
99 102 105 108 111 114 118 121 125 129 132 136 140 149 158 167 176 185 194 202 205 209 213 216 220 224 227 232 236 241 245 250 254 257 255 253 252 250 248 247 244 240 236 232 228 224 220 217 214 211 207 204 201 198 196 195 194 192 191 190 189 191 196 201 206 211 216 221 220 215 210 205 201 196 191 189 191 192 193 194 195 196 205 219 233 247 260 274 288 288 283 278 272 267 262 257
99 102 105 108 110 113 117 121 125 129 133 137 142 151 160 170 179 189 198 206 209 211 214 217 220 223 226 230 235 239 243 247 252 254 253 251 250 248 247 246 243 240 237 233 230 227 224 220 216 213 209 206 202 198 196 194 192 191 189 188 186 188 194 200 206 211 217 223 222 217 212 207 202 197 191 191 193 195 197 199 201 203 213 227 240 254 267 281 295 295 291 286 282 277 272 268
99 102 104 107 110 113 117 121 125 129 133 138 143 153 163 173 183 192 202 210 212 214 216 218 220 222 224 228 233 237 241 245 249 252 250 249 248 247 246 244 243 240 237 235 232 229 227 223 219 215 211 207 203 199 195 193 191 189 187 185 183 185 192 199 205 212 218 225 225 219 214 208 203 198 192 192 195 198 201 204 207 211 220 234 248 261 275 288 302 303 299 295 291 287 283 279
99 102 104 106 109 112 116 121 125 130 134 139 144 155 165 175 186 196 207 215 216 217 218 219 220 221 223 227 231 235 239 243 247 249 248 247 246 245 244 243 242 240 238 236 234 232 230 226 222 217 213 208 204 199 195 193 190 188 185 183 180 183 190 198 205 212 219 227 227 221 215 210 204 198 193 193 197 201 205 209 213 218 228 241 255 268 282 295 308 310 307 303 300 296 293 290
100 103 105 108 110 113 117 122 126 130 135 139 144 155 165 176 187 197 208 216 216 217 217 218 218 219 220 223 227 230 233 237 240 242 242 242 241 241 241 241 240 238 235 233 231 229 227 224 220 216 212 208 204 200 197 195 193 192 190 188 186 189 195 201 207 212 218 224 224 218 213 207 202 196 191 191 195 199 203 208 212 216 226 239 252 265 278 291 304 306 303 300 296 293 290 287
101 104 106 109 112 114 119 123 127 131 135 139 145 155 166 177 187 198 209 217 217 217 217 217 217 217 218 220 223 225 228 230 233 235 235 236 236 237 238 238 238 235 233 231 228 226 224 221 218 214 211 207 204 201 198 197 196 195 195 194 193 195 199 204 208 213 217 222 221 216 210 205 200 194 189 189 193 197 202 206 210 214 224 236 249 262 274 287 300 301 299 296 293 290 288 285
102 105 107 110 113 116 120 124 128 132 135 139 145 156 166 177 188 199 210 218 217 217 216 216 216 215 215 217 219 221 222 224 226 228 229 230 232 233 234 236 235 233 231 228 226 223 221 218 215 213 210 207 204 201 200 200 199 199 199 199 199 200 204 207 210 213 217 220 218 213 208 203 197 192 187 187 191 195 200 204 208 212 221 234 246 258 270 283 295 297 295 292 290 287 285 282
103 105 108 111 114 117 121 125 129 132 136 140 145 156 167 178 189 200 211 219 218 217 216 215 214 213 213 214 215 216 217 218 219 221 223 225 227 229 231 233 233 231 228 226 223 220 218 215 213 211 209 207 205 202 201 202 203 203 204 204 205 206 208 210 212 214 216 218 215 210 205 200 195 190 185 185 189 194 198 202 206 210 219 231 243 255 267 279 291 293 291 288 286 284 282 280
103 106 110 113 116 119 122 126 129 133 136 140 145 156 167 179 190 201 212 220 219 217 216 214 213 211 210 211 211 211 212 212 212 213 216 219 222 225 227 230 231 228 226 223 220 218 215 213 211 210 208 206 205 203 203 204 206 207 208 209 211 212 212 213 214 214 215 215 213 208 203 198 193 188 183 183 187 192 196 200 204 208 217 229 240 252 263 275 286 288 286 285 283 281 279 278
104 107 111 114 117 120 124 127 130 134 137 140 145 157 168 179 191 202 213 221 219 217 215 213 211 209 208 207 207 207 206 206 205 206 210 213 217 221 224 228 229 226 223 220 218 215 212 210 209 208 207 206 205 204 204 207 209 211 213 215 217 217 217 216 215 214 214 213 210 205 200 195 190 186 181 181 186 190 194 198 202 206 215 226 237 248 259 271 282 284 282 281 280 278 277 275
105 108 112 115 118 122 125 128 131 134 138 141 146 157 168 180 191 203 214 222 220 217 215 212 210 207 205 204 203 202 201 200 199 200 204 209 213 217 221 225 227 224 221 218 215 213 210 208 208 207 207 206 206 206 207 209 212 215 218 220 223 223 221 219 217 215 213 211 208 203 198 193 189 184 179 180 184 188 192 196 201 205 213 224 235 245 256 267 278 280 279 278 277 275 274 273
107 110 114 117 120 123 127 130 134 137 141 144 149 160 170 181 191 202 212 220 218 216 213 211 209 207 206 206 206 206 206 206 206 207 211 214 218 221 225 228 229 227 225 223 220 218 216 215 215 215 216 216 217 217 218 221 223 225 228 230 232 232 229 227 224 221 218 216 212 207 202 197 192 187 182 183 187 191 195 199 203 207 215 226 237 248 259 270 281 283 282 280 279 277 276 274
109 112 115 119 122 125 129 133 137 140 144 148 153 163 172 182 192 201 211 218 216 214 212 210 209 207 206 207 208 209 210 211 212 214 217 220 222 225 228 231 232 230 229 227 225 224 222 221 223 224 225 226 227 229 230 232 234 236 238 240 241 241 237 234 230 227 224 220 216 211 206 201 196 191 186 186 190 194 198 201 205 209 218 229 240 251 262 273 284 286 285 283 281 279 277 275
110 114 117 120 124 127 131 135 139 143 147 152 157 165 174 183 192 200 209 215 214 212 211 210 208 207 206 208 210 213 215 217 219 221 223 225 227 229 231 234 234 233 232 231 230 229 228 228 230 232 234 236 238 240 242 243 245 246 248 249 251 249 245 241 237 233 229 225 220 215 210 205 200 195 189 190 193 197 200 204 208 211 220 231 243 254 265 277 288 290 287 285 283 281 279 276
112 116 119 122 125 129 133 138 142 146 151 155 160 168 176 184 192 200 208 213 212 211 210 209 207 206 206 210 213 216 219 222 225 228 229 231 232 234 235 236 237 237 236 236 235 235 234 235 238 241 243 246 249 251 253 254 255 257 258 259 260 258 253 248 244 239 234 230 225 219 214 209 203 198 193 193 196 200 203 207 210 213 222 234 245 257 268 280 291 293 290 288 285 283 280 278
