pluvio/pluvio-275.asc
ncols         252
nrows         154
xllcorner     -0.5
yllcorner     -153.5
cellsize      1
NODATA_value  -9999
[rows 0 to 79 of 154, columns 0 to 95 of 252]
75 76 77 77 78 79 80 81 82 83 84 85 88 90 93 95 98 100 98 94 90 86 81 77 73 71 71 71 71 72 72 72 66 59 51 44 36 28 21 19 18 18 18 18 17 17 17 17 17 17 18 18 18 18 19 19 19 20 20 20 20 19 19 18 18 17 17 16 16 16 15 15 15 15 14 14 14 14 13 13 13 13 14 14 15 15 16 16 15 14 13 12 11 10 10 10
78 79 79 80 81 82 83 85 86 87 89 91 93 95 98 100 103 105 103 98 93 88 84 79 74 72 73 73 74 74 74 75 69 61 53 45 37 29 21 19 19 18 18 18 17 17 17 17 17 17 18 18 18 18 19 19 20 20 21 21 21 20 20 19 19 18 17 17 17 17 16 16 16 15 15 15 15 14 14 14 13 14 14 14 14 15 15 15 14 13 12 12 11 10 9 9
81 81 82 82 83 85 87 89 90 92 94 96 98 101 103 105 108 110 107 102 97 91 86 80 75 74 74 75 76 77 77 78 72 64 56 47 39 30 22 20 19 19 18 18 17 17 17 17 17 17 18 18 18 18 19 20 20 21 22 22 22 21 21 20 19 19 18 18 18 17 17 17 17 16 16 16 15 15 15 14 14 14 14 14 14 14 14 13 13 12 11 11 10 9 9 9
83 84 84 85 86 88 90 93 95 97 99 101 104 106 108 110 113 115 112 106 100 94 88 82 76 75 76 77 78 79 80 81 76 67 58 49 40 31 23 20 20 19 19 18 18 17 17 17 17 17 18 18 18 19 19 20 21 22 23 23 23 22 22 21 20 20 19 19 19 18 18 18 18 17 17 17 16 16 16 15 15 14 14 14 13 13 13 12 12 11 10 10 9 9 8 8
85 85 86 86 88 90 92 95 97 100 102 104 106 108 110 113 115 117 114 107 101 95 89 82 76 75 76 77 78 79 80 81 75 66 58 49 40 31 23 20 20 19 19 18 17 17 17 17 17 17 17 17 17 18 19 20 21 22 23 24 24 23 22 22 21 20 20 19 19 19 19 18 18 18 17 17 17 16 16 16 15 15 14 14 13 13 12 11 11 10 10 9 9 8 8 8
85 86 87 87 89 91 93 95 98 100 102 104 106 108 110 112 114 116 113 107 100 94 88 81 75 73 74 75 75 76 77 77 72 64 55 47 39 31 22 20 19 19 18 18 17 17 17 17 17 17 17 17 17 18 19 20 21 22 23 24 24 23 23 22 21 21 20 20 20 19 19 19 18 18 18 17 17 16 16 16 15 15 14 14 13 13 12 12 11 10 10 9 9 8 8 8
86 87 87 88 89 92 94 96 98 100 102 104 106 108 110 112 113 115 112 106 99 93 87 80 74 72 72 73 73 73 74 74 68 61 53 45 37 30 22 19 19 18 18 17 17 16 16 16 16 16 16 16 16 17 18 20 21 22 23 25 24 24 23 22 22 21 21 20 20 20 19 19 19 18 18 17 17 17 16 16 15 15 14 14 13 13 12 12 11 10 10 9 9 8 7 7
87 87 88 89 90 92 94 96 99 101 103 104 106 108 109 111 113 114 111 105 98 92 86 79 73 71 71 71 71 70 70 70 65 58 50 43 36 29 21 19 19 18 18 17 17 16 16 16 16 16 16 15 15 17 18 19 21 22 24 25 25 24 23 23 22 22 21 21 20 20 20 19 19 18 18 18 17 17 16 16 15 15 14 14 13 13 12 12 11 10 10 9 8 8 7 7
87 88 89 90 91 93 95 97 99 101 103 105 106 108 109 110 112 113 110 104 97 91 85 79 72 70 69 69 68 68 67 67 62 55 48 41 34 28 21 19 18 18 17 17 16 16 15 15 15 15 15 15 15 16 18 19 21 22 24 25 25 24 24 23 23 22 21 21 21 20 20 19 19 19 18 18 17 17 16 16 15 15 14 14 13 13 12 12 11 10 10 9 8 8 7 7
88 89 90 90 92 94 96 98 99 101 103 105 106 107 109 110 111 113 109 103 97 90 84 78 71 69 68 67 66 65 64 63 58 52 46 39 33 27 20 19 18 17 17 16 16 15 15 15 15 15 14 14 14 15 17 19 20 22 24 26 25 25 24 24 23 22 22 21 21 21 20 20 19 19 18 18 17 17 16 16 15 15 14 14 13 13 12 12 11 10 9 9 8 7 7 6
88 89 90 91 93 94 96 98 100 102 103 105 106 107 108 109 111 112 108 102 96 89 83 77 70 67 66 65 63 62 61 59 55 49 43 37 32 26 20 18 18 17 17 16 16 15 15 15 14 14 14 14 13 15 17 18 20 22 24 26 26 25 24 24 23 23 22 22 21 21 20 20 20 19 19 18 18 17 17 16 15 15 14 14 13 13 12 12 11 10 9 9 8 7 6 6
89 90 90 91 92 94 95 97 98 100 101 102 103 104 105 106 106 107 104 98 92 86 80 74 68 65 64 62 61 59 58 57 52 47 42 36 31 25 20 18 17 17 16 16 15 15 15 14 14 14 14 13 13 15 16 18 20 22 24 26 26 25 24 24 23 23 22 22 21 21 21 20 20 19 19 18 18 17 17 16 16 15 14 14 13 13 12 12 11 10 9 8 8 7 6 6
89 89 90 90 91 92 93 94 95 96 97 98 98 98 99 99 100 100 97 91 86 81 75 70 64 62 60 59 58 57 56 55 51 45 40 35 30 25 19 18 17 17 16 16 15 15 15 14 14 14 14 14 13 15 17 18 20 22 24 25 25 25 24 24 23 22 22 22 21 21 20 20 20 19 19 18 18 17 17 16 16 15 14 14 13 13 12 11 11 10 9 8 7 7 6 6
89 89 90 90 90 90 91 91 92 92 93 93 93 93 93 93 93 93 90 85 80 75 70 65 61 58 57 56 56 55 54 53 49 44 39 34 29 24 19 18 17 17 16 16 15 15 14 14 14 14 14 14 13 15 17 18 20 22 23 25 25 24 24 23 23 22 22 21 21 21 20 20 20 19 19 18 18 17 17 16 16 15 14 14 13 13 12 11 10 10 9 8 7 6 6 5
90 89 89 89 89 89 89 89 89 89 89 88 88 87 87 87 86 86 83 79 74 70 66 61 57 55 54 54 53 52 52 51 47 43 38 33 28 24 19 17 17 16 16 16 15 15 14 14 14 14 14 14 14 15 17 18 20 21 23 25 24 24 23 23 22 22 21 21 21 21 20 20 20 19 19 18 18 17 17 16 16 15 14 14 13 12 12 11 10 9 9 8 7 6 5 5
90 89 89 88 88 87 86 86 85 85 84 84 83 82 81 80 79 78 76 72 68 65 61 57 53 52 51 51 50 50 49 49 46 41 37 32 28 23 19 17 17 16 16 15 15 15 14 14 14 14 14 14 14 15 17 18 20 21 23 24 24 24 23 23 22 22 21 21 21 20 20 20 20 19 19 18 18 17 17 16 16 15 14 14 13 12 12 11 10 9 8 8 7 6 5 5
90 89 88 87 86 85 84 83 82 81 80 79 78 76 75 74 73 71 69 66 62 59 56 53 50 48 48 48 48 47 47 47 44 40 35 31 27 23 18 17 17 16 16 15 15 14 14 14 14 14 14 14 14 15 17 18 20 21 22 24 24 23 23 22 22 21 21 21 20 20 20 20 20 20 19 18 18 17 17 16 16 15 14 14 13 12 12 11 10 9 8 7 7 6 5 5
90 89 88 87 85 84 82 81 79 77 76 74 73 71 69 68 66 64 62 59 57 54 51 49 46 45 45 45 45 45 45 45 42 38 34 30 26 22 18 17 16 16 16 15 15 14 14 14 14 14 14 14 14 15 17 18 19 21 22 23 23 23 22 22 21 21 21 20 20 20 20 20 20 20 19 19 18 17 17 16 16 15 14 14 13 12 11 11 10 9 8 7 6 6 5 5
89 87 86 84 82 81 79 77 76 74 72 70 68 67 65 63 61 59 57 55 52 50 48 45 43 42 43 43 43 43 43 43 41 37 33 29 26 22 18 17 16 16 16 15 15 15 14 14 14 14 14 14 14 15 17 18 19 21 22 23 23 22 22 21 21 21 20 20 20 20 20 20 20 19 19 18 18 17 17 16 16 15 14 13 13 12 11 10 10 9 8 7 6 5 5 5
86 84 82 81 79 77 76 74 72 70 69 67 65 63 61 60 58 56 54 52 50 47 45 43 41 40 41 41 41 42 42 42 40 36 32 29 25 22 18 17 16 16 16 15 15 15 15 15 15 15 15 15 14 15 17 18 19 20 21 23 22 22 22 21 21 20 20 20 20 19 19 19 19 19 19 18 17 17 16 16 15 14 14 13 12 11 11 10 9 8 8 7 6 5 4 4
83 81 79 77 75 74 72 70 68 67 65 63 61 60 58 56 54 53 51 49 47 45 43 40 38 38 39 39 40 40 41 41 39 35 32 28 25 21 18 17 16 16 16 16 15 15 15 15 15 15 15 15 15 16 17 18 19 20 21 22 22 22 21 21 20 20 19 19 19 19 19 19 19 19 18 18 17 16 16 15 15 14 13 13 12 11 10 10 9 8 7 6 6 5 4 4
80 78 76 74 72 70 68 67 65 63 61 60 58 56 55 53 51 49 48 46 44 42 40 38 36 36 37 37 38 38 39 40 38 34 31 28 24 21 18 17 16 16 16 16 16 15 15 15 15 15 15 15 15 16 17 18 19 20 21 22 22 21 21 20 20 19 19 19 19 19 19 19 18 18 18 17 17 16 15 15 14 14 13 12 11 11 10 9 8 8 7 6 5 5 4 4
77 75 73 70 68 67 65 63 61 60 58 56 55 53 51 49 48 46 44 43 41 39 37 36 34 34 35 35 36 37 38 39 37 33 30 27 24 21 18 17 16 16 16 16 16 16 15 15 15 15 15 15 15 16 17 18 18 19 20 21 21 21 20 20 19 19 19 18 18 18 18 18 18 18 17 17 16 16 15 14 14 13 12 12 11 10 9 9 8 7 7 6 5 5 4 4
74 72 69 67 65 63 61 60 58 56 54 53 51 49 48 46 44 43 41 39 38 36 35 33 32 32 33 34 34 35 36 37 35 32 30 27 24 21 18 17 17 16 16 16 16 16 16 16 15 15 15 15 15 16 17 17 18 19 20 21 21 20 20 19 19 19 18 18 18 18 18 18 18 18 17 16 16 15 15 14 13 13 12 11 10 10 9 8 8 7 6 6 5 4 4 4
71 68 66 63 61 60 58 56 54 53 51 49 48 46 44 43 41 39 38 36 35 34 32 31 29 30 31 32 33 34 35 36 34 32 29 26 23 20 17 17 17 16 16 16 16 16 16 16 16 15 15 15 15 16 16 17 18 19 20 20 20 20 19 19 19 18 18 18 18 18 17 17 17 17 17 16 15 15 14 14 13 12 11 11 10 9 9 8 7 7 6 5 5 4 4 4
68 66 63 61 59 57 55 54 52 50 49 47 45 44 42 41 39 38 36 35 34 32 31 30 29 29 30 31 32 33 34 35 34 31 28 26 23 20 18 17 17 17 17 17 17 16 16 16 16 16 16 15 15 16 17 17 18 19 19 20 20 19 19 19 18 18 17 17 17 17 17 17 17 17 16 16 15 14 14 13 13 12 11 10 10 9 8 7 7 6 6 5 4 4 3 3
65 63 61 58 56 55 53 52 50 49 47 45 44 43 41 40 38 37 36 34 33 32 31 30 29 29 30 31 32 33 34 35 33 31 28 26 23 21 18 18 17 17 17 17 17 17 17 17 16 16 16 16 16 16 17 17 18 19 19 20 20 19 19 18 18 17 17 17 17 17 17 17 17 17 16 15 15 14 13 13 12 11 11 10 9 8 7 6 6 5 5 4 4 3 3 3
62 60 58 56 54 53 51 50 48 47 45 44 43 41 40 39 37 36 35 34 33 32 31 30 29 29 30 31 31 32 33 34 33 30 28 26 23 21 19 18 18 18 18 18 18 17 17 17 17 17 16 16 16 16 17 17 18 19 19 20 19 19 18 18 18 17 17 16 16 16 16 16 16 16 16 15 14 14 13 13 12 11 10 9 8 7 6 6 5 5 4 4 3 3 2 3
59 57 55 53 52 50 49 48 46 45 44 42 41 40 39 38 36 35 34 33 32 31 30 30 29 29 30 30 31 32 33 34 32 30 28 26 24 21 19 19 18 18 18 18 18 18 18 17 17 17 17 16 16 16 17 17 18 19 19 20 19 19 18 18 17 17 16 16 16 16 16 16 16 16 15 15 14 13 13 12 12 11 10 9 8 7 6 5 4 4 4 3 3 2 2 2
56 55 53 51 49 48 47 46 45 43 42 41 40 39 38 36 35 34 33 33 32 31 30 29 29 29 30 30 31 32 32 33 32 30 28 26 24 22 20 19 19 19 19 19 19 18 18 18 18 17 17 17 16 17 17 18 18 18 19 19 19 18 18 17 17 16 16 16 16 16 16 15 15 15 15 14 14 13 13 12 11 10 9 8 7 6 5 4 4 3 3 3 2 2 2 2
54 52 50 49 47 46 45 44 43 42 41 39 38 37 36 35 34 33 33 32 31 31 30 29 29 29 29 30 31 31 32 33 31 30 28 26 24 22 20 20 19 19 19 19 19 19 19 18 18 18 17 17 17 17 17 18 18 18 19 19 19 18 18 17 16 16 15 15 15 15 15 15 15 15 14 14 13 13 12 12 11 10 9 8 7 5 4 3 3 2 2 2 2 1 1 1
51 49 48 46 45 44 43 42 41 40 39 38 37 36 35 34 33 33 32 31 31 30 30 29 29 29 29 30 30 31 31 32 31 29 27 26 24 22 21 20 20 20 20 20 20 19 19 19 18 18 18 17 17 17 17 18 18 18 19 19 18 18 17 17 16 15 15 15 15 15 15 15 15 15 14 14 13 13 12 11 11 10 8 7 6 5 3 2 2 2 2 1 1 1 1 1
49 47 46 44 43 42 41 40 39 38 37 36 36 35 34 33 33 32 31 31 30 30 29 29 28 29 29 30 31 31 32 32 31 29 28 26 24 22 20 20 20 20 20 19 19 19 19 18 18 18 17 17 17 17 17 17 18 18 18 19 18 18 17 16 16 15 15 15 15 14 14 14 14 14 14 13 13 12 12 11 11 9 8 7 6 4 3 2 2 2 1 1 1 1 1 1
48 46 44 42 41 40 39 38 37 36 35 35 34 34 33 32 32 31 31 30 30 29 29 29 28 29 29 30 31 31 32 33 32 30 28 26 24 22 20 19 19 19 19 19 19 19 18 18 18 17 17 17 16 16 17 17 17 18 18 18 18 17 17 16 16 15 15 15 14 14 14 14 14 14 13 13 12 12 11 11 10 9 8 7 5 4 3 2 2 1 1 1 1 1 1 1
46 44 42 40 39 38 37 36 35 35 34 33 33 32 32 31 31 30 30 30 29 29 29 28 28 28 29 30 31 32 33 34 32 30 28 26 24 22 20 19 19 19 18 18 18 18 18 17 17 17 16 16 16 16 16 17 17 17 18 18 18 17 17 16 16 15 15 15 14 14 14 14 13 13 13 12 12 11 11 11 10 9 8 6 5 4 3 2 2 1 1 1 1 1 1 1
45 43 41 38 37 36 35 34 34 33 32 31 31 31 31 30 30 30 29 29 29 29 28 28 28 28 29 30 31 32 33 34 33 31 28 26 24 21 19 18 18 18 18 18 18 17 17 17 17 16 16 16 15 16 16 16 17 17 17 18 17 17 16 16 16 15 15 14 14 14 14 13 13 13 12 12 11 11 11 10 10 9 7 6 5 4 3 2 1 1 1 1 1 1 1 1
44 41 39 36 35 34 33 32 32 31 30 30 30 30 29 29 29 29 29 29 28 28 28 28 27 28 29 30 32 33 34 35 34 31 29 26 24 21 19 18 18 17 17 17 17 17 17 16 16 16 16 15 15 15 16 16 16 17 17 17 17 17 16 16 15 15 15 14 14 14 13 13 13 12 12 11 11 11 10 10 9 8 7 6 5 4 3 2 1 1 1 1 1 1 0 1
43 40 37 34 33 32 31 31 30 29 28 28 28 28 28 28 28 28 28 28 28 28 28 27 27 28 29 31 32 33 34 36 34 31 29 26 23 21 18 17 17 17 17 17 16 16 16 16 16 15 15 15 15 15 15 16 16 16 16 17 17 16 16 16 15 15 15 14 14 14 13 13 12 12 11 11 11 10 10 10 9 8 7 6 5 4 3 1 1 1 1 1 1 1 0 0
41 38 35 32 31 30 29 29 28 27 27 27 27 27 27 27 27 28 28 28 27 27 27 27 27 28 29 31 32 34 35 36 35 32 29 26 23 21 18 17 17 16 16 16 16 16 15 15 15 15 15 14 14 15 15 15 15 16 16 16 16 16 16 16 15 15 15 14 14 13 13 12 12 11 11 11 10 10 10 9 9 8 7 6 5 3 2 1 1 1 1 1 1 1 0 0
41 38 35 32 30 30 29 28 28 27 26 26 26 27 27 27 27 28 28 27 27 27 27 27 27 28 29 30 32 33 34 35 34 31 28 25 23 20 17 16 16 16 16 16 15 15 15 15 15 15 14 14 14 14 14 15 15 15 16 16 16 16 16 15 15 15 15 14 14 13 13 12 12 11 11 10 10 10 9 9 9 8 6 5 4 3 2 1 1 1 1 1 1 0 0 0
40 38 35 32 30 30 29 28 28 27 26 26 26 27 27 27 27 27 28 28 28 28 28 28 28 28 29 30 31 32 33 34 32 30 27 24 22 19 16 16 16 16 15 15 15 15 15 15 14 14 14 14 13 14 14 14 15 15 16 16 16 16 15 15 15 14 14 14 13 13 12 12 11 11 11 10 10 9 9 9 8 7 6 5 4 3 2 1 1 1 1 1 1 1 0 0
40 37 35 32 31 30 29 29 28 27 27 26 27 27 27 27 27 27 28 28 28 28 28 28 28 28 29 30 30 31 32 32 31 28 26 23 21 18 16 15 15 15 15 15 15 15 15 15 14 14 14 13 13 13 14 14 15 15 15 16 16 15 15 15 14 14 14 13 13 13 12 12 11 11 10 10 10 9 9 9 8 7 6 5 4 3 2 1 1 1 1 1 1 1 0 0
40 37 35 32 31 30 29 29 28 27 27 26 27 27 27 27 27 27 28 28 28 28 28 28 28 29 29 29 30 30 31 31 29 27 25 22 20 18 15 15 15 15 15 15 15 15 15 14 14 14 13 13 13 13 13 14 14 15 15 16 15 15 15 14 14 14 13 13 13 12 12 11 11 11 10 10 9 9 9 8 8 7 6 5 4 2 1 0 0 0 0 0 0 1 1 1
39 37 35 32 31 30 30 29 28 27 27 26 27 27 27 27 27 27 28 28 28 28 28 29 29 29 29 29 29 29 29 29 28 26 23 21 19 17 15 14 14 14 14 15 15 15 15 14 14 13 13 13 12 13 13 13 14 14 15 15 15 15 14 14 14 13 13 13 12 12 12 11 11 10 10 10 9 9 8 8 8 7 6 4 3 2 1 0 0 0 0 0 0 1 1 1
39 37 35 33 31 30 30 29 28 28 27 27 27 27 27 27 27 27 28 28 28 28 29 29 29 29 29 29 28 28 28 28 26 24 22 20 18 16 14 14 14 14 14 14 15 15 14 14 14 13 13 12 12 12 13 13 14 14 15 15 15 15 14 14 13 13 13 12 12 12 11 11 11 10 10 9 9 9 8 8 7 6 5 4 3 2 1 0 0 0 0 0 0 1 1 1
38 36 34 33 31 31 30 29 28 28 27 27 27 27 27 27 27 27 28 28 28 29 29 29 30 29 29 28 28 27 27 26 25 23 21 19 17 15 13 13 13 14 14 14 14 15 14 14 13 13 12 12 11 12 12 13 13 14 14 15 15 14 14 14 13 13 12 12 12 11 11 11 10 10 10 9 9 8 8 8 7 6 5 4 3 2 1 0 0 0 0 0 0 1 1 1
38 36 35 33 32 31 30 30 29 28 27 27 27 27 27 27 27 27 27 27 27 27 28 28 28 28 28 27 27 26 26 25 24 22 20 18 16 15 13 13 13 13 13 14 14 14 14 13 13 13 12 12 11 12 12 13 13 14 14 15 14 14 14 13 13 12 12 12 11 11 11 10 10 10 9 9 9 8 8 7 7 6 5 4 3 2 1 0 0 0 0 0 1 1 1 1
37 36 35 34 32 32 31 30 29 28 28 27 27 27 26 26 26 26 26 26 26 26 26 26 27 26 26 26 25 25 25 24 23 21 19 18 16 14 12 12 12 12 13 13 13 13 13 13 13 12 12 12 11 12 12 13 13 13 14 14 14 13 13 13 12 12 12 11 11 11 10 10 10 9 9 9 8 8 7 7 7 6 5 4 3 2 1 0 0 0 1 1 1 1 1 1
37 36 35 34 33 32 31 31 30 29 28 27 27 26 26 25 25 24 24 24 24 25 25 25 25 25 24 24 24 24 24 23 22 20 19 17 15 13 12 11 12 12 12 12 12 13 13 12 12 12 12 12 12 12 12 12 13 13 13 14 13 13 13 12 12 12 11 11 11 10 10 10 9 9 9 8 8 7 7 7 6 6 5 4 3 2 1 1 1 1 1 1 1 1 1 1
36 36 35 34 34 33 32 31 30 29 28 28 27 26 26 25 24 23 23 23 23 23 23 23 23 23 23 23 23 23 22 22 21 20 18 16 15 13 11 11 11 11 11 12 12 12 12 12 12 12 12 12 12 12 12 12 13 13 13 13 13 13 12 12 12 11 11 11 10 10 10 9 9 8 8 8 7 7 7 6 6 5 5 4 3 3 2 1 1 1 1 1 1 1 1 1
36 35 35 35 34 33 32 32 31 30 29 28 27 26 25 24 23 22 22 22 22 22 22 21 21 21 21 21 21 21 21 21 20 19 17 16 14 12 11 10 11 11 11 11 11 11 11 11 11 12 12 12 12 12 12 12 12 12 13 13 12 12 12 12 11 11 11 10 10 9 9 9 8 8 8 7 7 7 6 6 6 5 5 4 3 3 2 2 2 2 1 1 1 1 1 1
35 35 35 35 35 34 33 32 31 30 29 28 27 26 25 24 22 21 21 21 20 20 20 20 20 20 20 20 20 20 20 20 19 18 16 15 13 12 10 10 10 10 10 10 10 11 11 11 11 11 11 12 12 12 12 12 12 12 12 12 12 12 11 11 11 10 10 10 9 9 9 8 8 8 7 7 7 6 6 6 6 5 5 4 4 3 3 2 2 2 2 2 2 1 1 1
35 35 35 36 36 35 34 33 32 31 30 28 27 26 24 23 22 20 20 19 19 19 18 18 18 18 18 18 19 19 19 19 19 17 16 14 13 11 10 9 9 10 10 10 10 10 10 10 11 11 11 12 12 12 12 12 12 12 12 12 12 11 11 11 10 10 10 9 9 9 8 8 8 7 7 7 6 6 6 6 5 5 4 4 4 3 3 2 2 2 2 2 2 2 2 1
34 35 35 35 35 34 33 32 31 30 29 28 27 25 24 23 21 20 19 19 18 18 18 17 17 17 17 18 18 18 18 19 18 16 15 13 12 10 9 8 8 9 9 9 9 9 9 9 10 10 10 11 11 11 11 11 11 11 11 11 10 10 10 10 9 9 9 8 8 8 7 7 7 6 6 6 6 5 5 5 5 4 4 4 3 3 3 2 2 2 2 2 2 1 1 1
34 34 34 34 34 33 32 31 31 30 29 28 26 25 23 22 21 19 19 18 18 17 17 17 16 16 17 17 17 17 18 18 17 15 14 12 11 9 8 7 7 7 8 8 8 8 8 8 8 9 9 9 10 10 9 9 9 9 9 9 9 9 8 8 8 8 7 7 7 7 6 6 6 6 5 5 5 5 4 4 4 4 3 3 3 3 2 2 2 2 2 2 1 1 1 1
33 33 33 33 33 32 32 31 30 29 28 27 26 24 23 22 20 19 18 18 17 17 17 16 16 16 16 16 16 17 17 17 16 14 13 11 10 8 7 6 6 6 6 6 6 6 7 7 7 7 8 8 8 8 8 8 8 8 8 8 7 7 7 7 7 6 6 6 6 6 5 5 5 5 4 4 4 4 4 3 3 3 3 3 2 2 2 2 2 2 1 1 1 1 1 1
33 33 33 33 32 31 31 30 29 29 28 27 26 24 23 21 20 18 18 17 17 16 16 16 15 15 15 15 16 16 16 16 15 13 12 10 9 7 6 5 5 5 5 5 5 5 5 6 6 6 7 7 7 7 7 7 7 6 6 6 6 6 6 5 5 5 5 5 5 4 4 4 4 4 4 3 3 3 3 3 3 2 2 2 2 2 2 2 1 1 1 1 1 1 1 1
33 32 32 32 31 31 30 29 29 28 28 27 25 24 22 21 19 18 17 17 16 16 15 15 15 15 15 15 15 15 15 15 14 13 11 9 8 6 5 4 4 4 4 4 4 4 4 4 5 5 5 6 6 6 6 5 5 5 5 5 4 4 4 4 4 4 4 4 4 3 3 3 3 3 3 3 2 2 2 2 2 2 2 2 2 2 1 1 1 1 1 1 1 1 1 0
32 32 31 31 30 30 29 29 28 28 27 26 25 23 22 20 19 17 17 16 16 15 15 14 14 14 14 14 14 14 14 14 13 12 10 9 7 5 4 3 3 3 3 3 3 3 3 3 4 4 4 4 5 4 4 4 4 4 3 3 3 3 3 3 3 3 3 2 2 2 2 2 2 2 2 2 2 2 1 1 1 1 1 1 1 1 1 1 1 1 1 1 1 0 0 0
32 31 31 30 29 29 29 28 28 27 27 26 24 23 21 20 18 17 16 16 15 15 14 14 13 13 13 13 13 13 13 13 12 11 9 8 6 4 3 2 2 2 2 2 2 2 2 2 2 3 3 3 3 3 3 3 2 2 2 2 2 2 1 1 1 1 1 1 1 1 1 1 1 1 1 1 1 1 1 1 1 1 1 1 1 1 1 1 1 1 1 0 0 0 0 0
32 32 31 31 30 30 29 29 28 28 27 26 25 23 22 20 19 18 17 16 16 15 15 14 14 13 13 13 13 12 12 12 11 10 8 7 5 4 3 2 2 2 2 2 2 1 2 2 2 2 2 3 3 3 2 2 2 2 2 1 1 1 1 1 1 1 1 1 1 1 1 1 1 1 1 1 1 1 1 1 1 1 1 1 1 1 1 1 1 0 0 0 0 0 0 0
33 33 32 32 31 31 30 29 29 28 27 26 25 24 22 21 20 18 17 17 16 16 15 15 14 14 13 13 12 12 11 11 10 8 7 6 5 4 2 2 2 2 2 1 1 1 1 2 2 2 2 2 2 2 2 2 2 2 1 1 1 1 1 1 1 1 1 1 1 1 1 1 1 1 1 1 1 1 1 1 1 1 1 1 0 0 0 0 0 0 0 0 0 0 0 0
34 33 33 33 32 32 31 30 29 28 28 27 25 24 23 21 20 19 18 18 17 16 16 15 15 14 13 12 12 11 10 9 8 7 6 5 4 3 2 2 2 2 1 1 1 1 1 1 1 2 2 2 2 2 2 2 1 1 1 1 1 1 1 1 1 1 1 1 1 1 1 0 0 0 0 0 0 0 0 1 1 0 0 0 0 0 0 0 0 0 0 0 0 0 0 0
34 34 34 34 34 33 32 31 30 29 28 27 26 24 23 22 21 20 19 18 18 17 17 16 15 14 13 12 11 10 9 8 7 6 5 4 3 3 2 2 1 1 1 1 1 1 1 1 1 1 1 1 1 1 1 1 1 1 1 1 1 1 1 1 1 1 1 1 1 0 0 0 0 0 0 0 0 0 0 0 1 0 0 0 0 0 0 0 0 0 0 0 0 0 0 0
35 35 35 35 35 34 32 31 30 29 28 27 26 25 24 23 21 20 19 19 18 18 17 17 16 15 13 12 10 9 8 6 5 5 4 3 3 2 2 1 1 1 1 1 1 1 1 1 1 1 1 1 1 1 1 1 1 1 1 1 1 1 1 1 1 1 1 0 0 0 0 0 0 0 0 0 0 0 0 0 1 0 0 0 0 0 0 0 0 0 0 0 0 0 0 0
36 36 36 36 36 35 33 32 31 30 28 27 26 25 24 23 22 21 20 20 19 18 18 17 16 15 13 12 10 8 6 5 4 3 3 3 2 2 1 1 1 1 1 1 1 1 1 1 1 1 1 1 1 1 1 1 1 1 1 0 0 0 0 0 0 0 0 0 0 0 0 0 0 0 0 0 0 0 0 0 1 0 0 0 0 0 0 0 0 0 0 0 0 0 0 0
36 37 37 37 37 35 34 33 31 30 29 28 27 26 25 24 23 22 21 20 20 19 18 18 17 15 13 11 9 7 5 3 3 2 2 2 2 1 1 1 1 1 1 1 1 0 0 0 0 0 0 0 0 0 0 0 0 0 0 0 0 0 0 0 0 0 0 0 0 0 0 0 0 0 0 0 0 0 0 0 1 0 0 0 0 0 0 0 0 0 0 0 0 0 0 0
35 35 36 36 35 34 33 31 30 28 27 26 25 24 23 22 22 21 20 19 19 18 17 17 16 15 13 11 9 7 5 3 2 2 2 1 1 1 1 1 1 1 1 1 0 0 0 0 0 0 0 0 0 0 0 0 0 0 0 0 0 0 0 0 0 0 0 0 0 0 0 0 0 0 0 0 0 0 0 0 0 0 0 0 0 0 0 0 0 0 0 0 0 0 0 0
34 34 34 34 34 32 31 29 28 27 25 24 23 23 22 21 20 19 19 18 18 17 16 16 15 14 12 10 8 6 4 2 2 2 1 1 1 1 1 1 1 1 0 0 0 0 0 0 0 0 0 0 0 0 0 0 0 1 1 1 1 1 0 0 0 0 0 0 0 0 0 0 0 0 0 0 0 0 0 0 0 0 0 0 0 0 0 0 0 0 0 0 0 0 0 0
32 32 32 33 32 30 29 28 26 25 23 22 22 21 20 20 19 18 18 17 17 16 15 15 14 13 11 9 7 6 4 2 1 1 1 1 1 1 1 0 0 0 0 0 0 0 0 0 0 0 0 0 0 0 0 0 1 1 1 1 1 1 1 0 0 0 0 0 0 0 0 0 0 0 0 0 0 0 0 0 0 0 0 0 0 0 0 0 0 0 0 0 0 0 0 0
31 31 31 31 30 29 27 26 24 23 21 20 20 19 19 18 18 17 17 16 15 15 14 14 13 12 10 8 7 5 3 1 1 1 1 1 1 0 0 0 0 0 0 0 0 0 0 0 0 0 0 0 0 0 0 1 1 1 1 1 1 1 1 0 0 0 0 0 0 0 0 0 0 0 0 0 0 0 0 0 0 0 0 0 0 0 0 0 0 0 0 0 0 0 0 0
29 29 29 29 29 27 26 24 22 21 19 19 18 18 17 17 16 16 16 15 14 14 13 13 12 11 9 8 6 4 3 1 0 0 0 0 0 0 0 0 0 0 0 0 0 0 0 0 0 0 0 0 0 0 0 1 1 1 1 1 1 1 1 0 0 0 0 0 0 0 0 0 0 0 0 0 0 0 0 0 0 0 0 0 0 0 0 0 0 0 0 0 0 0 0 0
28 28 28 28 27 25 24 22 21 19 18 17 16 16 16 15 15 15 14 14 13 13 12 12 11 10 8 7 5 4 2 1 0 0 0 0 0 0 0 0 0 0 0 0 0 0 0 0 0 0 0 0 0 0 0 1 1 1 1 1 1 1 1 0 0 0 0 0 0 0 0 0 0 0 0 0 0 0 0 0 0 0 0 0 0 0 0 0 0 0 0 0 0 0 0 0
27 26 26 26 25 24 22 20 19 17 16 15 15 14 14 14 14 14 13 13 12 12 11 11 10 9 8 6 5 3 2 0 0 0 0 0 0 0 0 0 0 0 0 0 0 0 0 0 0 0 0 0 0 0 0 1 1 1 1 2 1 1 1 1 0 0 0 0 0 0 0 0 0 0 0 0 0 0 0 0 0 0 0 0 0 0 0 0 0 0 0 0 0 0 0 0
26 25 25 25 24 22 21 19 18 16 15 14 14 14 14 14 14 14 13 13 12 12 11 11 10 9 7 6 4 3 2 0 0 0 0 0 0 0 0 0 0 0 0 0 0 0 0 0 0 0 0 0 0 0 0 1 1 1 1 2 1 1 1 1 0 0 0 0 0 0 0 0 0 0 0 0 0 0 0 0 0 0 0 0 0 0 0 0 0 0 0 0 0 0 0 0
25 24 24 23 22 21 20 18 17 16 14 14 14 14 14 14 14 13 13 13 12 11 11 10 10 9 7 6 4 3 2 0 0 0 0 0 0 0 0 0 0 0 0 0 0 0 0 0 0 0 0 0 0 0 0 1 1 1 2 2 2 1 1 1 0 0 0 0 0 0 0 0 0 0 0 0 0 0 0 0 0 0 0 0 0 0 0 0 0 0 0 0 0 0 0 0
24 23 23 22 21 20 19 17 16 15 14 13 13 13 13 13 13 13 13 12 12 11 11 10 9 8 7 6 4 3 2 0 0 0 0 0 0 0 0 0 0 0 0 0 0 0 0 0 0 0 0 0 0 0 0 1 1 1 2 2 2 1 1 1 0 0 0 0 0 0 0 0 0 0 0 0 0 0 0 0 0 0 0 0 0 0 0 1 1 1 1 1 1 1 1 1
23 22 21 21 20 19 17 16 15 14 13 13 13 13 13 13 13 13 13 12 12 11 10 10 9 8 7 5 4 3 2 0 0 0 0 0 0 0 0 0 0 0 0 0 0 0 0 0 0 0 0 0 0 0 0 1 1 1 2 2 2 1 1 1 0 0 0 0 0 0 0 0 0 0 0 0 0 0 0 0 0 0 0 0 0 0 1 1 1 1 1 1 1 1 1 1
22 21 20 19 18 17 16 15 14 13 12 12 12 12 13 13 13 13 13 12 12 11 10 10 9 8 7 5 4 3 1 0 0 0 0 0 0 0 0 0 0 0 0 0 0 0 0 0 0 0 0 0 0 0 0 1 1 1 2 2 2 1 1 1 0 0 0 0 0 0 0 0 0 0 0 0 0 0 0 0 0 0 0 0 0 1 1 1 1 1 1 1 1 1 1 1
22 20 19 18 17 16 15 14 13 13 12 11 12 12 12 13 13 13 13 12 11 11 10 9 9 8 6 5 4 3 1 0 0 0 0 0 0 0 0 0 0 0 0 0 0 0 0 0 0 0 0 0 0 0 0 1 1 1 2 2 2 2 1 1 0 0 0 0 0 0 0 0 0 0 0 0 0 0 0 0 0 0 0 0 1 1 1 1 1 1 1 1 1 1 1 1
