pluvio/pluvio-272.asc
ncols         252
nrows         154
xllcorner     -0.5
yllcorner     -153.5
cellsize      1
NODATA_value  -9999
[rows 45 to 89 of 154, columns 0 to 95 of 252]
44 39 34 29 26 26 25 25 24 24 23 23 22 22 21 21 20 20 20 21 22 23 23 24 25 27 30 32 34 37 39 42 43 45 47 48 50 52 53 55 56 58 59 61 62 64 64 63 63 63 63 62 62 62 62 62 62 62 62 62 59 57 54 51 49 46 44 41 38 35 32 29 26 23 23 23 23 23 23 23 23 23 23 23 23 23 23 23 23 23 23 23 23 23 23 23
45 39 34 29 26 26 25 25 24 24 23 23 22 22 22 21 21 20 21 22 22 23 24 25 26 28 31 34 36 39 42 45 47 48 49 51 52 54 55 57 58 59 60 62 63 64 64 64 64 64 63 63 63 63 63 63 63 63 63 63 60 58 55 53 50 47 45 42 39 37 34 31 28 26 25 25 25 25 24 24 24 24 24 24 24 24 24 24 24 24 24 24 24 24 24 25
45 40 35 29 26 26 25 25 24 24 24 23 23 23 22 22 22 21 22 23 24 25 25 26 27 30 33 36 39 42 45 48 50 51 52 53 55 56 57 58 59 60 61 62 63 64 64 64 64 63 63 63 63 63 63 63 63 63 63 63 61 58 56 53 51 48 46 43 41 38 36 33 31 28 28 27 27 26 26 25 25 25 25 25 25 24 24 24 25 25 25 25 25 25 26 26
46 41 35 29 26 26 25 25 25 24 24 23 23 23 23 23 23 23 23 24 25 26 27 28 28 31 34 38 41 44 48 51 53 54 55 56 57 58 59 59 60 61 62 62 63 64 64 64 64 63 63 63 63 63 63 63 63 63 63 63 61 59 56 54 52 49 47 45 42 40 38 36 33 31 30 29 28 28 27 26 25 25 25 25 25 25 25 25 25 26 26 26 27 27 27 28
47 41 35 29 26 26 26 25 25 24 24 24 24 24 24 24 24 24 24 25 26 27 28 29 30 32 36 40 43 47 51 54 56 57 57 58 59 60 60 61 61 62 62 63 63 64 64 64 63 63 63 63 63 63 63 63 63 63 63 63 61 59 57 55 52 50 48 46 44 42 40 38 36 34 32 31 30 29 28 27 26 26 26 26 26 26 26 26 26 27 27 27 28 28 29 30
48 42 36 29 26 26 26 25 25 24 24 24 24 24 24 25 25 25 26 26 27 28 29 30 31 34 38 42 46 50 54 58 59 60 60 61 61 61 62 62 63 63 63 63 64 64 64 64 63 63 63 63 63 63 63 63 63 63 63 63 61 59 57 55 53 51 49 47 46 44 42 40 38 36 35 33 32 31 29 28 26 26 26 26 26 26 27 27 27 28 28 29 29 29 30 31
49 42 36 30 26 26 26 25 25 25 24 24 25 25 25 26 26 26 27 28 28 29 30 31 32 35 39 44 48 52 57 61 62 63 63 63 63 63 64 64 64 64 64 64 64 64 64 63 63 63 63 63 62 62 63 63 63 63 63 63 61 60 58 56 54 52 51 49 47 46 44 42 41 39 37 35 34 32 30 29 27 27 27 27 27 27 27 27 28 28 29 30 30 31 32 33
50 43 36 30 26 26 26 25 25 25 24 25 25 25 26 26 27 27 28 29 30 31 31 32 33 36 41 46 50 55 60 64 66 65 65 65 65 65 65 65 65 65 64 64 64 64 64 63 63 63 63 63 62 62 63 63 63 63 63 63 62 60 58 57 55 53 52 50 49 47 46 44 43 42 40 38 35 33 31 29 27 27 28 28 28 28 28 28 29 29 30 31 31 32 33 35
50 44 38 32 29 29 28 28 27 27 27 27 28 28 29 30 30 31 32 33 34 34 35 36 37 40 45 49 54 59 63 68 69 69 69 69 69 69 68 68 68 68 67 67 67 67 66 66 66 66 66 66 66 66 65 65 65 65 65 65 64 62 60 59 57 56 54 53 51 50 48 47 46 44 42 40 38 36 33 31 29 29 29 29 29 29 29 29 30 31 31 32 33 34 34 36
50 45 40 35 32 32 31 31 30 30 29 29 30 31 32 33 35 36 36 37 38 39 39 40 41 44 49 53 58 62 67 72 73 73 73 72 72 72 72 72 71 71 71 71 70 70 70 70 70 70 70 70 70 69 69 69 68 68 68 68 66 65 63 61 60 58 56 55 54 52 51 50 48 47 45 42 40 38 36 33 31 31 31 31 31 31 31 31 31 32 33 34 34 35 36 38
50 46 42 38 35 35 34 33 33 32 32 32 33 35 36 37 39 40 41 42 42 43 44 44 45 48 53 57 62 66 71 75 77 76 76 76 76 76 76 75 75 75 74 74 74 73 73 73 73 73 73 73 73 73 73 72 72 71 71 70 69 67 65 64 62 61 59 58 56 55 54 52 51 50 47 45 42 40 38 35 33 33 33 33 33 32 32 32 33 34 34 35 36 36 37 39
50 47 44 40 39 38 37 36 36 35 34 35 36 38 39 41 43 44 45 46 47 47 48 48 49 52 57 61 66 70 75 79 80 80 80 80 80 79 79 79 78 78 78 77 77 77 77 77 77 77 77 77 77 77 76 75 75 74 73 72 71 69 68 66 65 63 61 60 59 57 56 55 54 52 50 47 45 42 40 37 35 35 35 34 34 34 34 34 34 35 36 36 37 38 39 41
50 48 45 43 42 41 40 39 38 37 37 37 39 41 43 45 47 49 50 50 51 51 52 53 53 56 61 65 70 74 78 83 84 84 84 83 83 83 83 82 82 82 81 81 80 80 80 80 81 81 81 81 81 80 80 79 78 77 76 75 73 72 70 69 67 66 64 63 61 60 59 57 56 55 52 50 47 45 42 39 37 37 36 36 36 36 35 35 36 37 37 38 39 39 40 43
50 49 47 46 45 44 43 42 41 40 39 40 42 44 46 49 51 53 54 55 55 56 56 57 57 60 65 69 73 78 82 87 88 87 87 87 87 87 86 86 86 85 85 84 84 83 84 84 84 84 85 85 85 84 83 82 81 80 78 77 76 74 73 71 70 68 66 65 64 63 61 60 59 58 55 52 49 47 44 41 39 38 38 38 37 37 37 37 37 38 39 39 40 41 42 44
50 50 49 49 48 47 46 45 44 43 42 42 45 47 50 52 55 57 59 59 60 60 61 61 62 65 69 73 77 82 86 90 91 91 91 91 90 90 90 89 89 89 88 88 87 87 87 87 88 88 88 89 89 88 87 85 84 82 81 80 78 77 75 74 72 70 69 68 66 65 64 63 61 60 57 55 52 49 46 43 41 40 40 39 39 39 38 38 39 39 40 41 42 42 43 46
49 49 49 49 48 47 46 45 44 43 42 43 45 48 50 53 55 58 59 60 60 61 62 62 63 66 70 75 79 83 87 91 92 92 92 92 92 91 91 91 90 90 90 89 89 88 89 89 90 90 91 91 92 90 89 87 85 84 82 80 79 77 76 74 72 71 69 68 67 66 65 64 63 62 59 57 54 52 49 47 44 43 43 42 41 41 40 39 40 41 42 42 43 44 45 47
48 48 48 48 48 47 46 45 44 43 42 43 46 48 50 53 55 58 59 60 61 62 63 64 64 67 72 76 80 84 88 92 93 93 93 93 93 93 92 92 92 91 91 90 90 89 90 91 91 92 93 93 94 93 91 89 86 84 82 80 79 77 76 74 73 71 70 69 68 67 66 65 64 63 61 58 56 54 52 50 48 47 46 45 44 43 42 41 42 43 43 44 45 46 47 49
48 48 48 48 47 47 46 45 44 43 42 43 46 48 50 53 55 57 59 60 61 62 63 65 66 69 73 77 81 85 89 93 94 94 94 94 94 94 94 93 93 92 92 91 91 90 91 92 93 94 95 96 97 95 92 90 88 85 83 80 79 77 76 74 73 71 70 69 68 67 66 66 65 64 62 60 58 57 55 53 51 50 49 47 46 45 44 42 43 44 45 46 47 48 49 51
47 47 47 47 47 46 46 45 44 43 42 43 46 48 50 53 55 57 59 60 62 63 64 66 67 70 74 78 82 86 90 94 95 95 95 95 95 95 95 95 94 94 93 93 92 92 92 94 95 96 97 98 99 97 94 92 89 86 83 81 79 78 76 75 73 72 70 69 69 68 67 67 66 65 64 62 61 59 58 56 55 53 52 50 48 47 45 44 45 46 47 47 48 49 50 52
46 46 47 47 47 46 45 45 44 43 43 44 46 48 50 53 55 57 59 61 62 64 65 67 68 71 75 79 83 87 90 94 95 96 96 96 96 96 96 96 95 95 94 94 93 93 94 95 96 98 99 100 102 99 96 93 90 87 84 81 79 78 76 75 73 72 70 70 69 69 68 67 67 66 65 64 63 62 61 59 58 56 55 53 51 49 47 45 46 47 48 49 50 51 52 54
45 46 46 46 46 46 45 45 44 43 43 44 46 48 50 53 55 57 59 61 62 64 66 68 69 72 76 80 84 87 91 95 96 96 97 97 97 97 97 97 96 96 95 95 94 94 95 97 98 100 101 103 104 102 98 95 91 88 84 81 79 78 76 75 73 72 70 70 70 69 69 68 68 68 67 66 65 64 64 63 62 60 58 55 53 51 49 47 48 49 50 51 52 53 54 56
44 45 45 46 46 45 45 44 44 43 43 44 46 48 50 53 55 57 59 61 63 65 67 69 71 74 77 81 85 88 92 96 97 97 97 98 98 98 98 98 98 97 97 96 95 95 96 98 100 101 103 105 107 104 100 96 93 89 85 81 79 78 77 75 74 72 71 70 70 70 70 69 69 69 68 68 67 67 66 66 65 63 60 58 55 53 51 48 49 50 51 52 54 55 56 57
43 43 44 45 45 45 45 44 44 44 44 45 47 49 51 53 55 58 60 61 63 65 67 69 70 74 77 81 85 88 92 96 97 97 98 98 98 98 99 99 98 98 98 97 97 97 98 100 102 103 105 107 109 106 102 99 95 92 88 84 83 81 80 78 77 75 74 73 73 74 74 74 74 74 73 73 72 72 71 71 71 68 65 62 60 57 54 52 52 53 54 55 55 56 57 59
41 42 43 44 44 44 44 44 44 44 44 45 48 50 52 54 56 58 60 62 64 65 67 69 70 73 77 81 84 88 92 95 97 97 98 98 98 99 99 99 99 99 99 99 99 99 100 102 104 105 107 109 111 108 105 101 98 95 91 88 86 84 83 81 80 78 77 77 77 77 78 78 79 79 78 78 78 77 77 76 76 73 70 67 64 61 58 55 55 56 56 57 57 58 58 60
40 41 42 43 43 44 44 44 44 45 45 46 48 51 53 55 57 59 61 62 64 65 67 69 70 73 77 80 84 88 92 95 97 97 98 98 98 99 99 100 100 100 100 100 101 101 102 104 106 107 109 111 112 110 107 104 101 98 94 91 89 88 86 84 83 81 79 80 81 81 82 83 83 84 84 83 83 82 82 81 81 78 74 71 68 65 61 58 59 59 59 59 59 59 60 62
38 39 40 42 42 43 43 44 44 45 46 47 49 51 53 56 58 60 62 63 64 66 67 68 70 73 77 80 84 88 91 95 97 97 98 98 99 99 100 100 100 101 101 102 102 103 104 106 108 109 111 113 114 112 109 106 103 101 98 95 93 91 89 88 86 84 82 83 84 85 86 87 88 89 89 88 88 88 87 87 86 83 79 76 72 69 65 62 62 62 61 61 61 61 61 63
36 38 39 40 41 42 43 44 45 45 46 48 50 52 54 56 58 61 62 63 65 66 67 68 70 73 76 80 84 88 91 95 96 97 98 98 99 99 100 100 101 102 103 103 104 105 106 108 110 111 113 114 116 114 112 109 106 104 101 98 96 95 93 91 89 87 85 87 88 89 91 92 93 95 94 94 93 93 92 92 91 87 84 80 76 72 69 65 65 64 64 64 63 63 63 65
35 36 38 39 40 42 43 44 45 46 47 48 51 53 55 57 59 61 63 64 65 66 67 68 69 72 76 80 84 87 91 95 96 97 98 98 99 99 100 101 102 103 104 105 106 107 108 110 112 113 115 116 118 116 114 111 109 107 104 102 100 98 96 94 92 90 88 90 92 93 95 96 98 100 99 99 98 98 97 97 96 92 88 84 80 76 72 69 68 67 66 66 65 64 64 66
33 35 36 38 40 41 42 44 45 46 47 49 51 54 56 58 60 62 63 64 65 66 67 68 69 72 76 80 83 87 91 95 96 97 98 98 99 100 100 101 103 104 105 106 108 109 110 112 113 115 117 118 120 118 116 114 112 110 107 105 103 101 99 97 95 93 91 93 95 97 99 101 103 105 104 104 104 103 103 102 102 97 93 89 85 80 76 72 71 70 69 68 67 66 65 67
34 35 37 38 40 41 42 43 44 45 46 48 50 52 54 56 58 60 61 62 64 65 66 67 68 71 75 78 82 85 89 93 94 95 96 97 97 98 99 100 101 102 103 104 106 107 108 109 111 112 113 115 116 115 114 112 111 110 108 107 105 103 102 100 98 97 95 97 99 101 103 105 107 109 108 107 106 105 103 102 101 97 94 90 87 83 79 76 75 74 72 71 70 69 68 70
35 36 37 39 40 41 42 42 43 44 45 47 48 50 52 54 56 58 59 60 62 63 64 66 67 70 73 77 80 84 87 90 92 93 94 95 96 97 98 99 100 101 101 102 103 104 105 106 108 109 110 111 112 112 111 110 110 109 109 108 107 106 104 103 101 100 98 100 102 105 107 109 111 113 111 109 108 106 104 102 100 97 94 92 89 86 83 80 79 77 76 74 73 72 71 72
35 36 38 39 40 41 41 42 43 43 44 45 47 49 50 52 54 55 57 58 60 61 63 64 66 69 72 75 78 82 85 88 90 91 92 93 94 95 96 97 98 99 100 101 101 102 103 104 105 105 106 107 108 108 108 109 109 109 110 110 109 108 107 105 104 103 102 104 106 108 110 113 115 117 115 112 110 107 105 102 100 97 95 93 91 88 86 84 82 81 79 78 76 74 73 75
36 37 38 39 40 40 41 41 42 42 43 44 45 47 48 50 51 53 55 56 58 60 61 63 65 67 70 74 77 80 83 86 88 89 90 91 93 94 95 96 97 97 98 99 99 100 101 101 102 102 103 103 104 105 106 107 108 109 110 112 111 110 109 108 107 106 105 107 110 112 114 117 119 121 118 115 112 108 105 102 99 97 96 94 93 91 89 88 86 84 83 81 79 77 76 77
37 38 39 40 40 40 41 41 41 41 42 42 44 45 47 48 49 51 52 54 56 58 60 62 64 66 69 72 75 78 81 84 86 87 88 90 91 92 94 94 95 96 96 97 97 98 98 98 99 99 99 99 100 101 103 105 107 109 111 113 113 112 112 111 110 110 109 111 113 116 118 120 123 125 121 118 114 110 106 102 98 97 96 96 95 94 93 92 90 88 86 84 82 80 79 80
37 38 39 40 40 40 40 40 40 40 40 41 42 44 45 46 47 48 50 52 54 56 58 60 63 65 68 71 73 76 79 82 84 85 86 88 89 91 92 93 93 94 94 95 95 96 96 96 96 95 95 95 95 98 101 103 106 109 112 115 115 114 114 114 113 113 112 115 117 119 122 124 127 129 125 120 116 111 107 102 98 97 97 97 97 96 96 96 94 92 89 87 85 83 81 82
38 39 40 40 41 40 40 40 40 40 39 40 41 42 43 44 45 46 48 50 53 55 57 59 62 64 67 69 72 74 77 80 82 83 85 86 88 90 91 92 92 92 93 93 93 93 93 93 93 92 92 92 91 94 98 102 105 109 113 116 117 117 116 116 116 116 116 118 121 123 126 128 131 133 128 123 118 113 107 102 97 97 98 98 99 99 100 100 97 95 93 91 88 86 84 85
43 45 46 48 49 49 48 48 48 48 48 48 49 50 51 52 53 54 55 57 59 61 63 65 67 69 72 74 76 78 81 83 85 86 88 89 91 92 94 94 95 95 95 95 95 95 95 95 95 94 94 94 93 96 100 104 107 111 114 118 119 119 119 119 120 120 120 122 124 127 129 131 133 135 131 126 121 116 112 107 102 103 104 105 105 106 107 107 106 104 102 100 98 96 94 95
48 51 53 56 57 57 57 56 56 56 56 56 57 58 59 59 60 61 62 64 66 68 69 71 73 75 77 79 80 82 84 86 88 89 91 92 94 95 97 97 97 97 97 97 97 97 97 97 96 96 96 96 95 98 102 105 109 112 116 119 120 121 122 122 123 123 124 126 128 130 132 134 136 138 133 129 125 120 116 112 107 109 110 111 112 113 114 115 114 112 110 109 107 105 104 105
53 57 60 63 65 65 65 65 65 64 64 65 65 66 66 67 67 68 69 71 72 74 75 77 79 80 82 83 85 86 88 89 91 92 94 95 97 98 100 100 100 100 99 99 99 99 99 99 98 98 98 98 97 100 104 107 111 114 118 121 122 123 124 125 126 127 128 130 131 133 135 136 138 140 136 132 128 124 120 116 113 114 116 117 119 120 122 123 122 120 119 118 116 115 114 114
58 63 67 71 73 73 73 73 73 73 73 73 73 74 74 74 75 75 76 77 79 80 82 83 84 86 87 88 89 90 91 92 94 95 97 98 99 101 102 102 102 102 102 102 101 101 101 101 100 100 100 100 99 102 106 109 112 116 119 122 124 125 127 128 130 131 132 134 135 136 138 139 141 142 139 135 132 128 125 121 118 120 121 123 125 127 129 131 130 129 128 127 126 125 124 124
63 69 74 79 81 81 81 81 81 81 81 81 81 81 82 82 82 82 83 84 85 87 88 89 90 91 92 93 93 94 95 95 97 98 99 101 102 104 105 105 105 104 104 104 103 103 103 103 102 102 102 102 101 104 107 111 114 117 121 124 126 128 129 131 133 135 136 138 139 140 141 142 143 144 141 138 135 132 129 126 123 125 127 130 132 134 136 138 138 137 136 136 135 134 134 134
69 75 81 87 89 89 89 89 89 89 89 89 89 89 89 89 89 89 90 91 92 93 94 95 96 96 97 97 98 98 98 99 100 101 102 104 105 107 108 108 107 107 106 106 105 105 105 104 104 104 104 104 103 106 109 113 116 119 122 125 128 130 132 134 136 138 140 141 142 143 144 145 146 146 144 141 139 136 133 131 128 131 133 136 138 141 144 146 146 145 145 145 144 144 144 144
74 80 87 94 97 97 97 97 97 97 97 97 97 97 97 96 96 96 96 97 98 99 100 100 101 101 101 102 102 102 102 102 103 104 105 107 108 109 111 110 110 109 109 108 107 107 107 106 106 106 106 106 105 108 111 114 118 121 124 127 130 132 135 137 140 142 145 145 146 146 147 148 148 149 147 144 142 140 138 136 134 137 140 142 145 148 151 154 154 154 154 153 153 153 153 153
77 84 90 97 100 100 100 100 99 99 99 99 99 98 98 98 98 97 98 98 99 100 100 101 102 102 102 102 102 101 101 101 102 104 105 107 108 110 111 111 111 111 110 110 110 109 109 109 109 108 108 108 108 110 114 117 120 123 126 130 132 135 138 140 143 146 148 149 150 150 151 151 152 152 151 151 150 149 148 147 146 148 151 153 155 158 160 162 162 161 161 160 160 160 159 159
81 87 94 100 103 103 103 102 102 101 101 101 100 100 100 99 99 98 99 99 100 100 101 102 102 102 102 102 102 101 101 101 102 104 105 107 108 110 112 112 112 112 112 112 112 112 112 111 111 111 111 110 110 113 116 119 122 126 129 132 135 138 141 144 147 149 152 153 154 154 154 155 155 156 156 157 157 157 158 158 158 160 162 164 165 167 169 170 169 169 168 167 167 166 165 165
