pluvio/pluvio-193.asc
ncols         252
nrows         154
xllcorner     -18.017974
yllcorner     13.481982
cellsize      0.035948
NODATA_value  -9999
[rows 0 to 75 of 154, columns 0 to 95 of 252]
1 1 2 2 2 2 2 2 2 1 1 1 1 1 1 2 2 2 2 3 4 4 5 6 6 7 8 9 9 10 11 11 11 10 9 8 7 5 4 4 4 4 4 4 4 4 4 4 5 5 5 5 5 5 6 6 7 7 7 8 7 6 5 4 3 2 1 1 1 1 1 1 1 1 1 1 1 1 2 2 2 2 2 3 3 3 3 4 3 3 3 2 2 1 1 1
1 1 1 2 2 2 1 1 1 1 1 1 1 1 1 1 1 2 2 3 4 5 6 6 7 8 8 9 9 10 10 11 10 9 8 7 6 5 4 3 3 3 3 3 3 3 4 4 4 4 4 5 5 5 6 7 7 8 8 9 8 7 6 4 3 2 1 1 1 1 1 1 1 1 1 1 1 1 1 1 2 2 2 3 3 3 3 4 3 3 3 2 2 2 1 1
1 1 1 1 1 1 1 1 1 1 1 1 1 1 1 1 1 1 2 3 4 5 6 7 8 9 9 9 9 9 10 10 9 8 7 6 5 4 3 3 3 3 3 3 3 3 3 3 3 4 4 4 5 5 6 7 8 9 10 10 9 8 6 5 3 2 1 0 0 1 1 1 1 1 1 1 1 1 1 1 1 2 2 2 3 3 3 4 3 3 3 2 2 2 2 2
0 0 0 1 1 1 1 1 1 1 1 1 1 1 1 1 1 1 2 3 4 6 7 8 9 10 10 9 9 9 9 9 8 7 6 5 4 3 2 2 2 2 2 2 2 2 2 2 3 3 4 4 5 5 7 8 9 10 11 12 10 9 7 5 4 2 0 0 0 0 0 1 1 1 1 1 1 1 1 1 1 1 2 2 2 3 3 4 3 3 3 3 2 2 2 2
0 0 0 0 0 0 0 0 0 1 1 1 1 1 1 1 1 1 2 3 4 6 7 8 9 9 9 9 9 9 9 8 8 7 6 5 4 3 2 1 1 1 1 1 1 1 2 2 2 3 3 4 4 5 7 8 9 10 11 13 11 9 8 6 4 2 0 0 0 0 0 0 1 1 1 1 1 1 1 1 1 1 1 2 2 3 3 3 3 3 3 3 2 2 2 2
0 0 0 0 0 0 0 0 1 1 1 1 1 1 1 1 1 1 2 3 4 5 6 7 8 8 8 8 8 8 8 8 7 6 5 4 3 2 2 1 1 1 1 1 1 1 1 2 2 3 3 3 4 5 6 8 9 11 12 13 12 10 8 6 4 2 0 0 0 0 0 0 1 1 1 1 1 1 1 1 1 1 1 2 2 2 3 3 3 3 3 2 2 2 2 2
0 0 0 0 0 0 0 0 1 1 1 1 1 1 1 1 1 1 2 3 3 4 5 6 7 7 7 7 7 7 7 7 6 6 5 4 3 2 2 1 1 1 1 1 1 1 1 2 2 2 3 3 3 5 6 8 9 11 13 14 13 11 9 7 4 2 0 0 0 0 0 0 1 1 1 1 1 1 1 1 1 1 1 1 2 2 2 2 2 2 2 2 2 2 2 2
0 0 0 0 0 0 0 1 1 1 1 1 1 1 1 1 1 1 2 2 3 3 4 5 5 6 6 6 6 6 6 6 6 5 4 4 3 2 1 1 1 1 1 1 1 1 1 1 2 2 2 3 3 4 6 8 10 11 13 15 13 11 9 7 5 3 0 0 0 0 0 0 1 1 1 1 1 1 1 1 1 1 1 1 1 2 2 2 2 2 2 2 2 2 2 2
0 0 0 0 0 0 0 1 1 1 1 1 1 1 1 1 1 1 2 2 2 3 3 4 4 4 5 5 5 5 6 6 5 5 4 3 3 2 1 1 1 1 1 1 1 1 1 1 2 2 2 2 3 4 6 8 10 12 14 16 14 12 9 7 5 3 0 0 0 0 0 0 1 1 1 1 1 1 1 1 1 1 1 1 1 1 1 1 2 2 2 2 2 2 2 2
0 0 0 0 0 0 0 1 1 1 1 1 1 1 1 1 1 1 1 2 2 2 2 3 3 3 3 4 4 4 5 5 5 4 4 3 2 2 1 1 1 1 1 1 1 1 1 1 1 1 2 2 2 4 6 8 10 12 14 16 15 12 10 8 5 3 0 0 0 0 0 0 1 1 1 1 1 1 1 1 1 1 1 1 1 1 1 1 1 1 1 2 2 2 2 2
0 0 0 0 0 0 0 1 1 1 1 1 1 1 1 1 1 1 1 1 1 1 1 1 1 2 2 3 3 4 4 5 4 4 3 3 2 2 1 1 1 1 1 1 1 1 1 1 1 1 1 2 2 4 6 8 10 13 15 17 15 13 10 8 5 3 0 0 0 0 0 0 1 1 1 1 1 1 1 1 1 1 1 1 1 1 1 1 1 1 1 1 2 2 2 2
0 0 1 1 1 1 1 1 1 1 1 1 1 1 1 2 2 2 2 2 2 2 2 2 2 2 2 3 3 3 4 4 4 3 3 3 2 2 1 1 1 1 1 1 1 1 1 1 1 1 1 1 1 3 5 8 10 12 14 17 15 12 10 8 5 3 0 0 0 0 0 0 1 1 1 1 1 1 1 1 1 1 0 0 0 0 0 0 1 1 1 1 1 2 2 2
1 1 1 1 2 2 1 1 1 1 1 1 2 2 2 2 2 2 3 3 3 3 3 3 3 3 3 3 3 4 4 4 4 3 3 2 2 2 1 1 1 1 1 1 1 1 1 1 1 1 1 1 1 3 5 7 9 11 13 15 13 11 9 7 5 3 1 0 0 0 0 0 1 1 1 1 1 1 1 1 1 0 0 0 0 0 0 0 1 1 1 1 1 2 2 2
1 2 2 2 2 2 2 2 2 2 2 2 2 2 2 3 3 3 3 3 4 4 4 4 4 4 4 4 4 4 4 4 4 3 3 2 2 2 1 1 1 1 1 1 1 1 1 1 1 1 1 1 1 3 4 6 8 10 11 13 12 10 8 6 4 2 1 0 0 0 1 1 1 1 1 1 1 1 1 1 1 0 0 0 0 0 0 0 0 1 1 1 1 1 2 2
2 2 2 3 3 3 3 3 2 2 2 2 2 3 3 3 4 4 4 4 4 5 5 5 5 5 5 5 4 4 4 4 3 3 3 2 2 2 1 1 1 1 1 1 1 1 1 1 1 1 1 1 1 2 4 5 7 8 10 11 10 8 7 5 4 2 1 1 1 1 1 1 1 1 1 1 1 1 1 1 1 0 0 0 0 0 0 0 0 1 1 1 1 1 1 1
2 3 3 4 4 4 3 3 3 3 2 3 3 3 4 4 4 5 5 5 5 6 6 6 6 6 6 5 5 4 4 4 3 3 3 2 2 2 1 1 1 1 1 1 1 1 1 1 1 1 1 1 1 2 3 4 6 7 8 9 8 7 6 5 3 2 1 1 1 1 1 1 1 1 1 1 1 1 1 1 1 0 0 0 0 0 0 0 0 0 1 1 1 1 1 1
2 3 4 4 5 4 4 4 3 3 3 3 3 4 4 5 5 5 6 6 6 7 7 7 7 7 6 6 5 5 4 4 3 3 2 2 2 1 1 1 1 1 1 1 1 1 1 1 1 1 1 1 1 2 3 4 5 6 7 8 7 6 5 4 3 2 1 1 1 1 1 1 1 1 1 1 1 1 1 1 1 0 0 0 0 0 0 0 0 0 0 1 1 1 1 1
3 4 4 5 5 5 5 4 4 4 3 3 4 4 5 5 6 6 6 7 7 7 8 8 9 8 7 7 6 5 4 3 3 3 2 2 2 1 1 1 1 1 1 1 1 0 0 0 0 1 1 1 1 1 2 3 3 4 5 6 5 5 4 3 2 2 1 1 1 1 1 1 1 0 0 1 1 1 1 1 1 0 0 0 0 0 0 0 0 0 0 0 1 1 1 1
3 4 4 5 5 5 5 4 4 4 3 3 4 4 5 5 6 6 7 7 8 8 8 9 9 9 8 7 6 5 4 3 3 3 2 2 2 1 1 1 1 1 1 1 1 0 0 0 0 0 0 0 0 1 2 2 3 3 4 5 4 4 3 3 2 1 1 1 1 1 1 1 1 0 0 0 1 1 1 1 1 0 0 0 0 0 0 0 0 0 0 0 1 1 1 1
3 3 4 5 5 4 4 4 4 3 3 3 4 4 5 5 6 7 7 7 8 8 9 9 10 9 8 7 6 5 4 3 3 3 2 2 2 1 1 1 1 1 1 1 1 1 0 0 0 0 0 0 0 1 1 2 3 3 4 4 4 3 3 2 2 1 1 1 1 1 1 1 1 0 0 1 1 1 1 1 1 1 0 0 0 0 0 0 0 0 0 1 1 1 1 1
3 3 3 4 4 4 4 4 3 3 3 3 4 4 5 6 6 7 7 8 8 9 9 10 10 10 9 8 7 6 4 3 3 3 2 2 2 1 1 1 1 1 1 1 1 1 0 0 0 0 0 0 0 1 1 2 2 3 3 4 3 3 2 2 2 1 1 1 1 1 1 1 1 0 0 1 1 1 1 1 1 1 0 0 0 0 0 0 0 0 1 1 1 1 1 1
2 3 3 3 3 3 3 3 3 3 3 3 4 4 5 6 6 7 7 8 9 9 10 10 11 10 9 8 7 6 5 3 3 3 2 2 2 1 1 1 1 1 1 1 1 1 1 0 0 0 0 0 0 1 1 1 2 2 3 3 3 2 2 2 1 1 1 1 1 1 1 1 0 0 0 1 1 1 1 1 1 1 1 1 0 0 0 0 0 1 1 1 1 1 1 1
2 2 3 3 3 3 3 3 3 3 3 3 4 4 5 6 6 7 8 8 9 9 10 11 11 11 10 8 7 6 5 3 3 3 2 2 2 1 1 1 1 1 1 1 1 1 1 0 0 0 0 0 0 1 1 1 1 2 2 2 2 2 2 1 1 1 1 1 1 1 1 1 0 0 0 1 1 1 1 1 1 1 1 1 1 1 0 0 1 1 1 1 1 1 1 1
2 2 2 2 2 2 2 2 3 3 3 3 4 4 5 6 6 7 8 8 9 10 11 11 12 11 10 9 7 6 5 3 3 3 2 2 2 1 1 1 1 1 1 1 1 1 1 0 0 0 0 0 0 1 1 1 1 1 1 2 2 1 1 1 1 1 1 1 1 1 1 0 0 0 0 1 1 1 1 1 1 1 1 1 1 1 1 1 1 1 1 1 1 1 1 1
2 2 2 2 2 2 2 2 2 2 3 3 4 4 5 6 6 7 8 9 9 10 11 12 12 12 10 9 8 6 5 3 3 2 2 2 2 1 1 1 1 1 1 1 1 1 1 0 0 0 0 0 0 0 1 1 1 1 1 1 1 1 1 1 1 1 1 1 1 0 0 0 0 0 0 1 1 1 1 1 1 1 1 1 1 1 1 1 1 1 1 1 1 1 1 1
2 2 2 1 1 2 2 2 2 2 2 3 3 4 5 5 6 7 7 8 9 9 10 11 11 11 10 8 7 6 4 3 3 2 2 2 2 1 1 1 1 1 1 1 1 1 1 1 0 0 0 0 0 0 0 1 1 1 1 1 1 1 1 1 1 1 0 0 0 0 0 0 0 0 0 0 1 1 1 1 1 1 1 1 1 1 1 1 1 1 1 1 1 1 1 1
2 2 2 1 1 1 2 2 2 2 2 2 3 4 4 5 5 6 6 7 7 8 9 9 10 9 8 7 6 5 4 3 2 2 2 2 1 1 1 1 1 1 1 1 1 1 1 1 0 0 0 0 0 0 0 1 1 1 1 1 1 1 1 1 1 0 0 0 0 0 0 0 0 0 0 0 0 1 1 1 1 1 1 1 1 1 1 1 1 1 1 1 1 1 1 1
2 2 1 1 1 1 1 2 2 2 2 2 3 3 3 4 4 5 5 6 6 7 7 8 8 8 7 6 5 4 3 2 2 2 2 1 1 1 1 1 1 1 1 1 1 1 1 1 1 0 0 0 0 0 0 1 1 1 1 1 1 1 1 1 0 0 0 0 0 0 0 0 0 0 0 0 0 0 1 1 1 1 1 1 1 1 0 0 1 1 1 1 1 1 1 1
2 2 1 1 1 1 1 1 1 2 2 2 2 3 3 3 4 4 4 5 5 5 6 6 6 6 5 5 4 3 3 2 2 2 1 1 1 1 1 1 1 1 1 1 1 1 1 1 1 1 0 0 0 0 0 1 1 1 1 1 1 1 1 0 0 0 0 0 0 0 0 0 0 0 0 0 0 0 0 1 1 1 0 0 0 0 0 0 0 0 1 1 1 1 1 1
2 2 1 1 1 1 1 1 1 1 1 2 2 2 2 2 3 3 3 3 4 4 4 5 5 5 4 4 3 3 2 2 2 1 1 1 1 1 1 1 1 1 1 1 1 1 1 1 1 1 1 1 0 0 1 1 1 1 1 1 1 0 0 0 0 0 0 0 0 0 0 0 0 0 0 0 0 0 0 0 1 0 0 0 0 0 0 0 0 0 0 0 0 1 1 1
2 2 1 1 1 1 1 1 1 1 1 1 1 2 2 2 2 2 2 2 2 3 3 3 3 3 3 2 2 2 2 1 1 1 1 1 1 1 1 1 1 1 1 1 1 1 1 1 1 1 1 1 1 1 1 1 1 0 0 0 0 0 0 0 0 0 0 0 0 0 0 0 0 0 0 0 0 0 0 0 0 0 0 0 0 0 0 0 0 0 0 0 0 0 0 0
2 1 1 1 1 1 1 1 1 1 1 1 1 1 1 1 1 1 1 1 1 1 1 1 1 1 1 1 1 1 1 1 1 1 1 1 1 1 1 1 1 1 1 1 1 1 1 1 1 1 1 1 1 1 1 1 0 0 0 0 0 0 0 0 0 0 0 0 0 0 0 0 0 0 0 0 0 0 0 0 0 0 0 0 0 0 0 0 0 0 0 0 0 0 0 0
2 1 1 1 1 1 1 1 1 1 1 1 1 1 1 1 1 1 1 1 1 1 1 1 1 1 1 1 1 1 1 1 1 1 1 1 1 1 1 1 1 1 1 1 1 1 1 1 1 1 1 1 1 1 1 0 0 0 0 0 0 0 0 0 0 0 0 0 0 0 0 0 0 0 0 0 0 0 0 0 0 0 0 0 0 0 0 0 0 0 0 0 0 0 0 0
2 1 1 1 1 1 1 1 1 1 1 1 1 1 1 1 1 1 1 1 1 1 1 1 1 1 1 1 1 1 1 1 1 1 1 1 1 1 1 1 1 1 1 1 1 1 1 1 1 1 1 1 1 0 0 0 0 0 0 0 0 0 0 0 0 0 0 0 0 0 0 0 0 0 0 0 0 0 0 0 0 0 0 0 0 0 0 0 0 0 0 0 0 0 0 0
2 1 1 1 1 1 1 1 1 1 1 1 1 1 1 1 1 1 1 1 1 1 1 1 1 1 1 1 1 1 1 1 1 1 1 1 1 1 1 1 1 1 1 1 1 1 1 1 1 0 0 0 0 0 0 0 0 0 0 0 0 0 0 0 0 0 0 0 0 0 0 0 0 0 0 0 0 0 0 0 0 0 0 0 0 0 0 0 0 0 0 0 0 0 0 0
1 1 1 1 1 1 1 1 1 1 1 1 1 1 1 1 1 1 1 1 1 1 1 1 1 1 1 1 1 1 1 1 1 1 1 1 1 1 1 1 1 1 1 1 1 1 0 0 0 0 0 0 0 0 0 0 0 0 0 0 0 0 0 0 0 0 0 0 0 0 0 0 0 0 0 0 0 0 0 0 0 0 0 0 0 0 0 0 0 0 0 0 0 0 0 0
1 1 1 1 1 1 1 1 1 1 1 1 1 1 1 1 1 1 1 1 1 1 1 1 1 1 1 1 1 1 1 1 1 1 1 1 1 1 1 1 1 1 1 1 1 0 0 0 0 0 0 0 0 0 0 0 0 0 0 0 0 0 0 0 0 0 0 0 0 0 0 0 0 0 0 0 0 0 0 0 0 0 0 0 0 0 0 0 0 0 0 0 0 0 0 0
1 1 1 1 1 1 1 1 1 1 1 1 1 1 1 1 1 1 1 1 1 1 1 1 1 1 1 1 1 1 1 1 1 1 1 1 1 1 1 1 1 1 1 1 1 0 0 0 0 0 0 0 0 0 0 0 0 0 0 0 0 0 0 0 0 0 0 0 0 0 0 0 0 0 0 0 0 0 0 0 0 0 0 0 0 0 0 0 0 0 0 0 0 0 0 0
1 1 1 1 1 1 1 1 1 1 1 1 1 1 1 1 1 1 1 1 1 1 1 1 1 1 1 1 1 1 1 1 1 1 1 1 1 1 1 1 1 1 1 1 0 0 0 0 0 0 0 0 0 0 0 0 0 0 0 0 0 0 0 0 0 0 0 0 0 0 0 0 0 0 0 0 0 0 0 0 0 0 0 0 0 0 0 0 0 0 0 0 0 0 0 0
2 2 1 1 1 1 1 1 1 1 1 1 1 1 1 1 1 1 1 1 1 1 1 1 1 1 1 1 1 1 1 1 1 1 1 1 1 1 1 1 1 1 1 1 1 0 0 0 0 0 0 0 0 0 0 0 0 0 0 0 0 0 0 0 0 0 0 0 0 0 0 0 0 0 0 0 0 0 0 0 0 0 0 0 0 0 0 0 0 0 0 0 0 0 0 0
2 2 2 1 1 1 1 1 1 1 1 1 1 1 1 1 1 1 1 1 1 1 1 1 1 1 1 1 1 1 1 1 1 1 1 1 1 1 1 1 1 1 1 1 1 0 0 0 0 0 0 0 0 0 0 0 0 0 0 0 0 0 0 0 0 0 0 0 0 0 0 0 0 0 0 0 0 0 0 0 0 0 0 0 0 0 0 0 0 0 0 0 0 0 0 0
3 3 2 2 1 1 1 1 1 1 1 1 1 1 1 1 1 1 1 1 1 1 1 1 1 1 1 1 1 1 1 1 1 1 1 1 1 1 1 1 1 1 1 1 1 1 1 1 0 0 0 0 0 0 0 0 0 0 0 0 0 0 0 0 0 0 0 0 0 0 0 0 0 0 0 0 0 0 0 0 0 0 0 0 0 0 0 0 0 0 0 0 0 0 0 0
4 3 3 2 2 2 1 1 1 1 1 1 1 1 1 1 1 1 1 1 1 1 1 1 1 1 1 1 1 1 1 1 1 1 1 1 1 1 1 1 1 1 1 1 1 1 1 1 1 1 1 0 0 0 0 0 0 0 0 0 0 0 0 0 0 0 0 0 0 0 0 0 0 0 0 0 0 0 0 0 0 0 0 0 0 0 0 0 0 0 0 0 0 0 0 0
5 4 3 2 2 2 2 1 1 1 1 1 1 1 1 1 1 1 1 1 1 1 1 1 1 1 1 1 1 1 1 1 1 1 1 1 1 1 1 1 1 1 1 1 1 1 1 1 1 1 1 1 1 1 1 0 0 0 0 0 0 0 0 0 0 0 0 0 0 0 0 0 0 0 0 0 0 0 0 0 0 0 0 0 0 0 0 0 0 0 0 0 0 0 0 0
5 4 4 3 2 2 2 1 1 1 1 1 1 1 1 1 1 1 1 1 1 1 1 1 1 1 1 1 1 1 1 1 1 1 1 1 1 1 1 1 1 1 1 1 1 1 1 1 1 1 1 1 1 1 1 1 1 1 1 1 1 1 1 0 0 0 0 0 0 0 0 0 0 0 0 0 0 0 0 0 0 0 0 0 0 0 0 0 0 0 0 0 0 0 0 0
6 5 4 3 2 2 2 2 1 1 1 1 1 1 1 1 1 1 1 1 1 1 1 1 1 1 1 1 1 1 1 1 1 1 1 1 1 1 1 1 1 1 1 1 1 1 1 1 1 1 1 1 1 1 1 1 1 1 1 1 1 1 1 1 1 1 1 0 0 0 0 0 0 0 0 0 0 0 0 0 0 0 0 0 0 0 0 0 0 0 0 0 0 0 0 0
6 5 4 3 2 2 2 1 1 1 1 1 1 1 1 1 1 1 1 1 1 1 1 1 1 1 1 1 1 1 1 1 1 1 1 1 1 1 1 1 1 1 1 1 1 1 1 1 1 1 1 1 1 1 1 1 1 1 1 1 1 1 1 1 1 1 1 0 0 0 0 0 0 0 0 0 0 0 0 0 0 0 0 0 0 0 0 0 0 0 0 0 0 0 0 0
5 4 3 2 2 2 2 1 1 1 1 1 1 1 1 1 1 1 1 1 1 1 1 1 1 1 1 1 1 1 2 2 2 2 2 1 1 1 1 1 1 1 1 1 1 1 1 1 1 1 1 1 1 1 1 1 1 1 1 1 1 1 1 1 1 0 0 0 0 0 0 0 0 0 0 0 0 0 0 0 0 0 0 0 0 0 0 0 0 0 0 0 0 0 0 0
5 4 3 2 2 1 1 1 1 1 1 1 1 1 1 1 1 1 1 1 1 1 1 1 1 2 2 2 2 2 2 2 2 2 2 2 2 2 2 2 1 1 1 1 1 1 1 1 1 1 1 1 1 1 1 1 1 1 1 1 1 1 1 1 0 0 0 0 0 0 0 0 0 0 0 0 0 0 0 0 0 0 0 0 0 0 0 0 0 0 0 0 0 0 0 0
4 3 3 2 1 1 1 1 1 1 1 1 1 1 1 1 1 1 1 1 1 1 1 2 2 2 2 2 2 2 2 2 2 2 2 2 2 2 2 2 2 2 2 1 1 1 1 1 1 1 1 1 1 1 1 1 1 1 1 1 1 1 1 0 0 0 0 0 0 0 0 0 0 0 0 0 0 0 0 0 0 0 0 0 0 0 0 0 0 0 0 0 0 0 0 0
4 3 2 1 1 1 1 1 1 1 1 1 1 1 1 1 1 1 1 1 1 1 2 2 2 2 2 2 2 2 2 2 2 2 2 2 2 2 2 2 2 2 2 2 2 1 1 1 1 1 1 1 1 1 1 1 1 1 1 1 1 1 1 0 0 0 0 0 0 0 0 0 0 0 0 0 0 0 0 0 0 0 0 0 0 0 0 0 0 0 0 0 0 0 0 0
3 3 2 1 1 1 1 1 1 1 1 1 1 1 1 1 1 1 1 1 1 1 2 2 2 2 2 2 2 2 2 2 2 2 2 2 2 2 2 2 2 2 2 2 2 2 1 1 1 1 1 1 1 1 1 1 1 1 1 1 1 1 0 0 0 0 0 0 0 0 0 0 0 0 0 0 0 0 0 0 0 0 0 0 0 0 0 0 0 0 0 0 0 0 0 0
3 2 1 1 0 0 0 0 0 0 0 0 0 0 1 1 1 1 1 1 1 2 2 2 3 3 3 3 2 2 2 2 2 2 2 2 2 2 3 2 2 2 2 2 2 2 2 1 1 1 1 1 1 1 1 1 1 1 1 1 1 1 0 0 0 0 0 0 0 0 0 0 0 0 0 0 0 0 0 0 0 0 0 0 0 0 0 0 0 0 0 0 0 0 0 0
6 6 5 5 5 5 5 6 6 6 6 7 7 7 7 7 7 7 7 7 7 8 8 9 9 9 8 8 7 7 6 6 5 5 5 5 4 4 4 4 4 3 3 3 3 3 3 2 2 2 2 2 1 1 1 1 1 1 1 1 1 1 0 0 0 0 0 0 0 1 1 1 1 1 1 1 1 1 1 1 1 1 1 0 0 0 0 0 0 0 0 0 0 0 0 0
10 10 10 9 10 10 11 12 12 13 14 14 14 14 14 14 14 14 14 14 15 15 16 16 16 16 15 14 13 12 11 10 9 9 8 7 7 6 6 5 5 5 5 5 4 4 4 4 3 3 3 2 2 2 2 1 1 1 1 1 1 1 0 0 0 0 0 1 1 1 1 1 1 1 1 1 1 1 1 1 1 1 1 1 1 0 0 0 0 0 0 0 0 0 0 0
14 14 14 14 15 16 17 18 19 20 21 21 21 21 21 21 21 21 21 22 22 23 23 24 24 23 22 20 19 17 16 14 13 12 11 10 9 8 7 7 7 6 6 6 6 6 5 5 4 4 4 3 3 3 2 2 2 1 1 1 1 0 0 0 0 0 0 1 1 1 1 1 1 1 1 1 1 1 1 1 1 1 1 1 1 1 0 0 0 0 0 0 0 0 0 0
18 18 19 19 20 21 23 24 25 27 28 28 28 28 28 28 28 28 28 29 29 30 30 31 32 30 28 26 24 22 20 18 17 15 14 13 11 10 9 8 8 8 8 7 7 7 7 6 6 5 5 4 4 3 3 2 2 1 1 1 0 0 0 0 1 1 1 1 1 1 1 1 2 2 2 2 2 2 1 1 1 1 1 1 1 1 0 0 0 0 0 0 0 0 0 0
22 23 23 24 25 27 28 30 32 33 35 36 36 36 35 35 35 35 35 36 37 37 38 39 39 38 35 32 30 27 25 22 20 19 17 15 14 12 10 10 10 9 9 9 9 8 8 7 7 6 5 5 4 4 3 3 2 2 1 1 0 0 0 1 1 1 1 1 1 1 2 2 2 2 2 2 2 2 2 2 1 1 1 1 1 1 0 0 0 0 0 0 0 0 0 0
26 27 28 28 30 32 34 36 38 40 42 43 43 43 43 43 42 42 43 43 44 45 45 46 47 45 42 39 36 32 29 26 24 22 20 18 16 14 12 11 11 11 11 10 10 10 9 8 8 7 6 6 5 4 4 3 2 2 1 1 0 0 0 1 1 1 1 1 1 1 2 2 2 3 3 2 2 2 2 2 2 2 1 1 1 1 0 0 0 0 0 0 0 0 0 0
30 31 32 33 35 37 40 42 45 47 49 50 50 50 50 50 50 49 50 51 51 52 53 53 54 52 48 45 41 38 34 30 28 25 23 21 18 16 14 13 12 12 12 12 11 11 10 10 9 8 7 7 6 5 4 3 3 2 1 0 0 0 0 1 1 1 1 1 1 2 2 2 3 3 3 3 3 2 2 2 2 2 1 1 1 1 1 0 0 0 0 0 0 0 0 0
32 34 36 38 40 43 45 48 50 53 55 56 55 54 54 53 52 52 52 52 53 54 54 55 56 53 49 45 42 38 34 30 27 25 22 20 18 15 13 12 12 12 12 11 11 11 10 9 9 8 7 7 6 5 4 4 3 2 1 1 0 1 1 1 1 1 1 1 1 2 2 2 3 3 3 3 2 2 2 2 2 1 1 1 1 1 0 0 0 0 0 0 0 0 0 0
35 37 40 43 45 48 50 53 55 58 61 61 60 58 57 56 54 53 53 54 54 55 55 56 57 54 50 45 41 37 33 28 25 23 21 19 17 15 12 12 11 11 11 11 10 10 10 9 8 8 7 7 6 5 4 4 3 2 1 1 1 1 1 1 1 1 1 1 1 2 2 2 3 3 3 3 2 2 2 2 1 1 1 1 1 1 0 0 0 0 0 0 0 0 0 0
37 41 44 47 50 53 55 58 61 63 66 66 64 62 60 58 56 55 54 55 55 56 56 57 57 55 50 45 41 36 31 27 24 22 20 18 16 14 12 11 11 10 10 10 10 10 9 9 8 8 7 6 6 5 4 4 3 2 1 1 1 1 1 1 1 1 1 1 1 2 2 2 3 3 3 2 2 2 2 1 1 1 1 1 1 0 0 0 0 0 0 0 0 0 0 0
40 44 48 52 55 58 61 63 66 69 71 71 69 66 64 61 59 56 55 56 56 57 57 58 58 55 50 45 40 35 30 25 23 21 19 17 15 13 11 10 10 10 10 9 9 9 9 8 8 7 7 6 6 5 4 4 3 2 1 1 1 1 1 1 1 1 1 1 1 2 2 2 3 3 3 2 2 2 1 1 1 1 1 1 0 0 0 0 0 0 0 0 0 0 0 0
42 47 52 57 60 63 66 69 71 74 77 76 73 70 67 64 61 57 57 57 57 58 58 59 59 56 50 45 40 35 29 24 21 19 18 16 14 12 10 10 9 9 9 9 9 8 8 8 7 7 7 6 6 5 5 4 3 2 2 1 1 1 1 1 1 1 1 1 1 2 2 2 2 3 2 2 2 2 1 1 1 1 0 0 0 0 0 0 0 0 0 0 0 0 0 0
45 50 56 61 65 68 71 74 77 80 82 82 78 74 70 66 63 59 58 58 58 59 59 60 60 56 51 45 40 34 28 23 20 18 16 15 13 11 9 9 9 8 8 8 8 8 8 7 7 7 7 6 6 5 5 4 3 2 2 1 1 1 1 1 1 1 1 1 1 1 2 2 2 3 2 2 2 1 1 1 0 0 0 0 0 0 0 0 0 0 0 0 0 0 0 0
47 53 60 66 71 73 76 79 82 85 88 87 82 78 74 69 65 60 59 59 60 60 60 60 61 57 51 45 39 33 27 21 18 17 15 14 12 10 9 8 8 8 8 7 7 7 7 7 7 7 6 6 6 5 5 4 3 2 2 1 1 1 1 1 1 1 1 1 1 1 2 2 2 3 2 2 1 1 1 0 0 0 0 0 0 0 0 0 0 0 0 0 0 0 0 0
48 54 60 65 70 72 75 78 81 84 87 86 82 77 73 68 64 60 58 57 57 57 57 56 56 52 47 41 36 30 24 19 16 15 13 12 11 9 8 7 7 7 7 7 7 7 7 7 6 6 6 6 6 5 5 4 3 3 2 1 1 1 1 1 1 1 1 1 1 2 2 2 2 3 2 2 1 1 1 0 0 0 0 0 0 0 0 0 0 0 0 0 0 0 0 0
49 54 59 64 68 71 74 77 80 83 86 85 80 76 72 67 63 59 57 56 55 54 53 52 51 47 42 37 32 27 21 16 14 13 12 11 9 8 7 7 7 7 7 7 7 6 6 6 6 6 6 6 6 6 5 4 4 3 2 2 2 2 2 2 1 1 1 1 2 2 2 2 2 2 2 2 1 1 1 0 0 0 0 0 0 0 0 0 0 0 0 0 0 0 0 0
50 55 59 63 67 70 73 76 79 82 85 84 79 75 71 66 62 58 55 54 52 51 49 47 46 42 37 33 28 23 18 14 12 11 10 9 8 7 6 6 6 6 6 6 6 6 6 6 6 6 6 6 6 6 5 5 4 3 3 2 2 2 2 2 2 2 2 2 2 2 2 2 2 2 2 2 1 1 1 0 0 0 0 0 0 0 0 0 0 0 0 0 0 0 0 0
51 55 58 62 65 68 71 74 77 80 83 82 78 74 70 65 61 57 54 52 50 47 45 43 41 37 33 28 24 20 15 11 9 9 8 8 7 6 6 6 6 6 6 6 6 6 6 6 6 6 6 6 6 6 5 5 4 4 3 3 3 3 3 2 2 2 2 2 2 2 2 2 2 2 2 2 1 1 1 0 0 0 0 0 0 0 0 0 0 0 0 0 0 0 0 0
53 55 58 61 64 67 70 73 76 79 82 81 77 73 69 64 60 56 53 50 47 44 41 39 36 32 28 24 20 16 12 8 7 7 6 6 6 5 5 5 5 5 5 5 5 5 6 6 6 6 6 6 6 6 5 5 5 4 4 3 3 3 3 3 3 3 2 2 2 2 2 2 2 2 2 2 1 1 1 0 0 0 0 0 0 0 0 0 0 0 0 0 0 0 0 0
54 56 58 60 62 65 69 72 75 78 81 80 76 72 68 63 59 55 51 48 45 41 38 34 31 27 24 20 16 13 9 6 5 5 5 5 4 4 4 4 5 5 5 5 5 5 5 5 5 6 6 6 6 6 5 5 5 5 4 4 4 4 3 3 3 3 3 3 3 3 2 2 2 2 2 2 1 1 1 0 0 0 0 0 0 0 0 0 0 0 0 0 0 0 0 0
55 56 57 59 61 64 67 70 74 77 80 79 75 71 67 62 58 54 50 46 42 38 34 30 26 22 19 16 13 10 6 3 2 3 3 3 3 3 4 4 4 4 4 4 5 5 5 5 5 5 6 6 6 6 6 5 5 5 5 4 4 4 4 4 3 3 3 3 3 3 3 2 2 2 2 1 1 1 1 0 0 0 0 0 0 0 0 0 0 0 0 0 0 0 0 0
53 54 55 56 58 61 63 66 68 71 73 72 69 65 62 58 54 51 47 43 40 36 32 28 24 21 18 15 12 9 6 3 2 2 3 3 3 3 3 3 4 4 4 4 4 4 4 5 5 5 5 5 6 5 5 5 5 5 4 4 4 4 4 4 3 3 3 3 3 3 3 2 2 2 2 2 1 1 1 0 0 0 0 0 0 0 0 0 0 0 0 0 0 0 0 0
52 52 53 54 55 57 59 61 63 65 67 66 63 60 57 54 51 48 44 41 37 34 30 27 23 20 17 14 11 8 6 3 2 2 2 2 3 3 3 3 3 3 3 4 4 4 4 4 4 5 5 5 5 5 5 5 4 4 4 4 4 4 3 3 3 3 3 3 3 3 3 2 2 2 2 2 1 1 1 1 0 0 0 0 0 0 0 0 0 0 0 0 0 0 0 0
