pluvio/pluvio-343.asc
ncols         252
nrows         154
xllcorner     -0.5
yllcorner     -153.5
cellsize      1
NODATA_value  -9999
[rows 102 to 152 of 154, columns 0 to 95 of 252]
32 38 44 50 53 54 56 57 58 60 61 62 62 62 62 62 62 63 62 61 60 59 58 57 56 55 54 53 51 50 49 48 49 52 55 58 61 64 67 70 72 74 76 78 80 83 85 88 91 93 96 99 101 104 107 110 112 115 118 121 124 128 132 135 139 143 146 147 148 149 150 151 151 152 151 150 149 148 147 146 145 146 147 148 149 149 150 151 150 150 150 149 149 148 148 147
33 39 44 50 54 55 57 58 60 61 63 63 63 63 63 63 63 63 63 62 61 60 59 58 57 56 54 53 51 49 48 46 48 51 55 58 61 64 68 70 72 75 77 79 81 84 86 88 91 93 95 98 100 103 106 109 112 115 119 122 126 129 133 137 141 145 149 150 150 150 151 151 152 152 151 150 149 147 146 145 144 145 145 146 147 147 148 149 149 149 148 148 148 148 148 147
34 39 45 51 55 56 58 60 61 63 65 65 65 65 65 65 64 64 64 63 62 61 60 59 58 56 54 52 51 49 47 45 47 51 54 58 61 65 68 71 73 75 78 80 82 84 86 88 90 92 94 96 98 102 105 109 112 116 119 123 127 131 135 139 143 147 151 152 152 152 152 152 152 152 151 149 148 146 145 144 142 143 144 144 145 146 146 147 147 147 147 148 148 148 148 147
34 40 46 52 55 57 59 61 63 65 66 67 67 66 66 66 65 65 64 63 62 61 60 59 58 56 54 52 50 48 46 44 46 50 54 57 61 65 69 71 74 76 78 81 83 85 87 89 90 92 94 95 97 101 105 108 112 116 120 124 128 133 137 141 145 150 154 154 154 153 153 153 152 152 150 149 147 145 144 142 140 141 142 142 143 144 144 145 145 146 146 147 147 148 148 147
35 41 47 52 56 58 60 62 64 66 68 69 68 68 67 67 66 66 65 64 63 62 61 60 59 57 55 52 50 47 45 43 45 49 53 57 61 65 69 72 74 77 79 82 84 86 88 89 90 92 93 94 96 99 104 108 112 117 121 125 130 134 139 143 148 152 157 156 156 155 154 153 153 152 150 148 146 144 143 141 139 139 140 141 141 142 142 143 144 145 145 146 147 147 148 147
36 42 47 53 57 59 61 63 66 68 70 71 70 69 69 68 67 67 66 65 64 63 62 61 59 57 55 52 49 47 44 42 44 48 52 57 61 65 70 73 75 78 80 82 85 87 88 89 90 91 92 93 94 98 103 108 112 117 122 127 131 136 141 145 150 155 159 159 157 156 155 154 153 152 150 148 145 143 141 139 137 138 138 139 139 140 141 141 142 143 144 145 146 147 148 148
37 42 48 54 58 60 62 64 67 69 71 72 71 71 70 69 69 68 67 66 65 64 63 62 60 58 55 53 50 47 44 41 44 48 52 57 61 66 70 73 75 78 80 83 85 88 89 89 90 91 91 92 93 97 102 107 112 117 122 127 132 136 141 146 151 156 160 159 158 156 155 153 152 151 148 146 144 142 140 138 135 136 137 137 138 138 139 140 141 142 143 145 146 147 148 148
37 43 48 54 57 60 62 64 66 68 70 71 71 70 70 70 70 70 69 68 67 66 65 64 63 61 58 56 53 51 48 45 47 51 54 58 62 65 69 72 74 76 79 81 83 86 87 88 88 89 90 90 91 95 100 104 109 114 118 123 128 132 137 141 146 151 155 154 153 151 150 148 147 145 143 142 140 138 137 135 133 134 135 136 137 138 139 140 141 143 144 146 147 149 150 150
38 43 49 54 57 59 61 63 65 67 69 70 70 70 71 71 72 72 72 71 70 69 68 67 66 64 62 59 57 54 52 49 51 53 56 59 62 65 68 71 73 75 77 80 82 84 85 86 86 87 88 89 89 93 97 102 106 111 115 119 124 128 133 137 141 146 150 149 148 146 144 143 141 140 138 137 136 135 134 132 131 133 134 135 136 137 139 140 142 143 145 147 149 150 152 152
39 44 49 54 57 59 61 62 64 66 67 69 69 70 71 72 73 74 74 73 72 71 70 70 69 67 65 62 60 58 55 53 54 56 58 61 63 65 67 69 72 74 76 78 80 82 83 84 85 85 86 87 88 91 95 99 103 108 112 116 120 124 128 133 137 141 145 144 142 141 139 137 136 134 133 133 132 131 131 130 129 131 132 134 135 137 139 140 142 144 146 148 150 152 154 155
40 44 49 54 57 59 60 62 63 65 66 67 69 70 72 73 75 76 76 75 74 74 73 72 71 70 68 65 63 61 59 57 57 59 60 62 63 65 66 68 70 72 74 76 78 80 81 82 83 84 84 85 86 89 93 97 101 104 108 112 116 120 124 128 132 136 140 139 137 136 134 132 130 129 128 128 128 128 128 127 127 129 131 133 135 137 138 140 142 145 147 149 151 153 155 157
40 45 50 54 57 58 60 61 62 63 65 66 68 70 72 74 76 78 78 78 77 76 75 75 74 73 71 69 67 65 63 61 61 62 62 63 64 65 66 67 69 71 73 75 77 79 80 80 81 82 83 83 84 87 91 94 98 101 105 109 112 116 120 124 128 131 135 134 132 130 129 127 125 123 123 124 124 124 125 125 125 127 130 132 134 136 138 140 143 145 148 150 152 155 157 159
41 46 50 54 57 58 59 60 61 62 63 65 68 70 73 75 78 80 81 80 79 79 78 77 77 75 74 72 70 68 66 65 64 64 64 64 65 65 65 66 68 70 71 73 75 77 78 79 79 80 81 82 82 85 89 92 95 98 102 105 108 112 116 119 123 127 130 129 127 125 123 121 120 118 119 119 120 121 122 122 123 126 128 131 133 136 138 140 143 146 148 151 154 156 159 161
42 46 51 55 57 58 59 60 61 62 62 64 67 70 73 76 78 81 82 81 81 80 80 79 78 77 76 74 72 71 69 67 67 66 66 65 65 65 64 65 67 69 70 72 74 76 77 77 78 79 80 80 81 84 87 90 93 96 99 102 106 109 112 116 119 122 126 124 123 121 119 117 116 114 115 116 117 118 119 121 122 125 127 130 133 136 139 141 144 147 150 153 156 159 162 164
44 48 52 56 58 59 59 60 61 62 63 64 67 69 72 75 77 80 80 80 79 78 78 77 77 76 74 73 71 70 69 67 67 66 66 66 65 65 64 66 67 69 71 73 74 76 77 78 78 79 80 81 81 84 87 90 94 97 100 103 106 109 111 114 117 120 123 122 121 119 118 117 116 114 115 117 118 119 120 121 122 125 129 132 135 138 141 145 148 152 155 159 162 166 169 171
46 49 53 56 58 59 60 61 61 62 63 64 67 69 71 74 76 78 79 78 78 77 76 76 75 74 73 72 70 69 68 67 66 66 66 66 65 65 65 66 68 70 71 73 75 76 77 78 79 79 80 81 82 84 88 91 94 97 100 104 106 108 111 113 115 117 120 119 119 118 117 116 116 115 116 117 118 119 120 122 123 126 130 134 137 141 144 148 152 156 160 164 168 172 176 178
47 51 54 57 59 60 60 61 61 62 63 64 66 68 71 73 75 77 77 77 76 75 75 74 73 72 71 70 69 68 67 66 66 66 66 66 66 65 65 66 68 70 72 73 75 77 78 78 79 80 80 81 82 85 88 91 94 98 101 104 106 108 110 111 113 115 117 117 116 116 116 116 116 115 117 118 119 120 121 122 123 127 131 135 139 143 147 151 156 160 165 169 174 178 182 185
49 52 55 58 60 60 61 61 62 62 63 64 66 68 70 72 74 76 76 75 74 74 73 72 71 71 70 69 68 68 67 66 66 66 66 66 66 66 66 67 69 70 72 74 75 77 78 79 79 80 81 81 82 85 88 92 95 98 102 105 106 108 109 110 111 112 114 114 114 115 115 115 116 116 117 118 119 120 121 123 124 128 133 137 141 146 150 155 160 165 170 175 180 184 189 192
51 53 56 59 60 61 61 62 62 62 63 64 66 67 69 71 72 74 74 74 73 72 71 70 70 69 68 68 67 67 66 66 66 66 66 66 66 66 66 67 69 71 72 74 76 77 78 79 80 80 81 82 82 85 89 92 95 99 102 105 106 107 108 109 109 110 111 112 112 113 114 115 116 116 118 119 120 121 122 123 124 129 134 139 143 148 153 158 163 169 174 180 185 191 196 199
52 55 57 60 61 61 62 62 62 63 63 64 65 67 68 70 71 73 73 72 71 70 69 69 68 67 67 67 66 66 66 65 65 66 66 66 66 66 66 68 69 71 73 74 76 78 79 79 80 81 81 82 83 86 89 92 96 99 103 106 107 107 107 107 107 108 108 109 110 112 113 114 116 117 118 119 120 121 122 124 125 130 135 140 146 151 156 161 167 173 179 185 191 197 203 206
54 56 58 61 62 62 62 63 63 63 64 65 66 67 69 70 71 73 73 72 71 70 69 68 67 67 66 66 66 66 66 66 66 66 66 66 67 67 67 68 70 72 74 75 77 79 80 80 81 81 82 83 83 86 90 93 97 100 104 107 108 108 108 108 107 107 107 109 110 112 114 115 117 118 119 120 121 122 123 125 126 131 137 142 148 153 159 164 171 177 183 190 196 202 208 211
55 57 59 62 63 64 64 65 66 66 67 68 69 70 72 73 74 76 75 74 73 72 71 69 68 68 67 67 67 67 67 67 67 67 68 68 68 68 69 70 72 74 75 77 79 81 82 82 83 83 84 85 85 88 92 96 99 103 106 110 111 111 112 112 113 113 114 115 116 117 118 119 120 121 122 123 124 125 126 127 128 133 139 145 150 156 161 167 173 179 186 192 198 204 210 213
56 58 61 63 64 65 66 67 68 69 70 71 72 73 75 76 77 78 78 77 75 74 72 71 69 69 69 69 68 68 68 68 68 69 69 69 70 70 70 72 74 76 77 79 81 83 84 84 85 85 86 87 87 90 94 98 101 105 109 112 114 115 116 117 118 119 120 120 121 121 122 123 123 124 125 125 126 127 128 129 130 136 141 147 153 158 164 169 176 182 188 194 200 206 212 214
57 59 62 64 66 67 68 69 71 72 73 74 75 76 78 79 80 81 81 79 77 76 74 72 70 70 70 70 70 70 69 69 70 70 70 71 71 72 72 74 76 77 79 81 83 85 86 86 87 87 88 89 89 92 96 100 104 107 111 115 117 118 120 121 123 124 126 126 126 126 126 126 126 127 127 128 129 130 130 131 132 138 144 149 155 161 166 172 178 184 190 196 202 208 214 216
58 60 63 65 67 69 70 72 73 74 76 77 78 80 81 82 83 84 83 81 80 78 76 74 72 71 71 71 71 71 71 71 71 71 72 72 73 73 74 75 77 79 81 83 85 87 88 88 89 89 90 91 91 94 98 102 106 110 114 118 120 122 124 126 128 130 132 132 131 131 131 130 130 129 130 131 131 132 133 133 134 140 146 152 157 163 169 175 181 187 192 198 204 210 216 218
59 61 64 66 69 70 72 74 75 77 79 80 81 83 84 85 86 87 86 84 82 80 77 75 73 72 72 72 72 72 72 72 72 73 73 74 75 75 76 77 79 81 83 85 87 89 90 90 91 91 92 92 93 96 100 104 108 112 116 120 123 125 128 131 133 136 138 138 137 136 135 134 133 132 133 133 134 134 135 136 136 142 148 154 160 166 171 177 183 189 195 201 206 212 218 220
60 62 65 68 70 72 74 76 78 80 82 83 85 86 87 88 89 90 89 86 84 81 79 76 74 73 73 73 73 73 73 73 74 74 75 75 76 77 77 79 81 83 85 87 89 91 92 92 93 93 94 94 95 98 102 107 111 115 119 123 126 129 132 135 138 141 144 143 142 141 139 138 136 135 135 136 136 137 137 138 138 144 150 156 162 168 174 180 186 191 197 203 209 214 220 222
62 64 67 69 71 74 76 78 80 82 85 86 87 88 89 90 91 92 91 89 86 84 81 79 76 75 75 75 75 75 75 75 75 76 77 77 78 79 79 81 83 85 87 89 91 93 93 94 95 95 96 96 97 100 104 108 112 116 120 124 128 131 135 138 141 145 148 147 145 144 142 140 139 137 138 138 139 139 140 140 141 147 153 159 165 171 177 183 189 194 200 206 211 217 222 224
65 67 69 71 73 75 77 79 82 84 86 88 89 90 91 92 93 94 93 91 89 87 85 83 81 80 79 79 78 78 78 77 78 78 79 79 80 81 81 83 85 86 88 90 91 93 94 95 95 96 97 97 98 101 105 109 112 116 120 123 127 130 134 137 141 144 147 146 145 144 142 141 140 139 139 140 141 141 142 143 143 150 156 163 169 175 182 188 193 199 204 209 215 220 225 227
69 70 71 73 74 76 79 81 83 85 87 89 90 91 92 94 95 96 95 93 92 90 88 87 85 84 83 82 82 81 80 80 80 81 81 82 82 83 84 85 86 88 89 91 92 94 94 95 96 97 98 98 99 102 106 109 112 116 119 123 126 129 133 136 140 143 147 146 145 144 143 142 141 140 141 142 142 143 144 145 146 153 159 166 173 180 186 193 198 203 208 213 218 223 228 231
73 74 74 74 76 78 80 82 85 87 89 91 92 93 94 95 96 98 97 96 94 93 92 90 89 88 87 86 85 84 83 82 82 83 83 84 85 85 86 87 88 89 90 92 93 94 95 96 97 98 99 99 100 103 106 109 112 116 119 122 125 129 132 135 139 142 146 145 145 144 143 143 142 141 142 143 144 145 146 147 148 156 163 170 177 184 191 198 203 207 212 217 222 226 231 234
77 77 76 76 77 79 82 84 86 88 90 92 93 94 96 97 98 99 99 98 97 96 95 94 93 92 91 90 88 87 86 85 85 85 86 86 87 87 88 89 90 91 92 92 93 94 95 96 97 99 100 101 102 104 107 110 113 115 118 121 124 128 131 135 138 141 145 145 144 144 144 143 143 143 144 145 146 147 149 150 151 158 166 173 181 188 196 203 207 212 216 221 225 229 234 238
81 80 79 78 79 81 83 85 87 90 92 94 95 96 97 98 100 101 101 100 100 99 99 98 98 96 95 93 92 90 89 87 87 88 88 89 89 89 90 91 91 92 93 93 94 95 96 97 98 99 101 102 103 105 108 110 113 115 118 120 124 127 130 134 137 141 144 144 144 144 144 144 144 144 145 147 148 149 151 152 154 161 169 177 185 193 200 208 212 216 220 224 228 233 237 241
85 83 81 80 80 82 84 87 89 91 93 95 96 98 99 100 101 103 103 103 103 102 102 102 102 101 99 97 95 93 92 90 90 90 90 91 91 92 92 93 93 93 94 94 95 95 96 98 99 100 102 103 104 106 108 111 113 115 117 119 123 126 130 133 136 140 143 144 144 144 145 145 145 145 147 148 150 151 153 154 156 164 172 181 189 197 205 213 217 220 224 228 232 236 240 244
89 87 85 83 83 85 87 89 91 93 95 96 98 100 101 103 105 106 107 107 107 107 108 108 108 106 104 102 99 97 95 93 92 93 93 93 94 94 94 95 95 96 96 96 97 97 98 100 101 102 103 105 106 108 110 112 114 116 117 119 123 126 130 133 136 140 143 144 145 146 147 148 148 149 151 152 154 155 157 158 160 168 176 184 192 200 208 216 220 224 227 231 235 238 242 247
96 93 90 87 87 88 90 91 92 94 95 97 100 103 106 108 111 114 115 115 116 116 116 116 117 115 112 108 105 102 99 96 95 96 96 96 96 97 97 97 98 99 99 100 101 101 102 103 104 105 106 107 108 110 112 114 115 117 119 121 124 127 131 134 137 141 144 146 148 150 152 154 156 157 159 160 161 162 164 165 166 174 181 188 196 203 210 217 221 225 229 232 236 240 244 249
102 99 96 92 91 92 93 94 94 95 96 99 102 106 110 114 118 121 123 124 124 124 125 125 125 123 119 115 111 107 103 100 98 99 99 99 99 99 99 100 101 102 103 104 104 105 106 107 108 109 109 110 111 112 114 116 117 119 120 122 125 129 132 135 139 142 145 148 151 154 157 160 163 165 167 168 169 170 171 172 173 179 186 192 199 205 212 218 222 226 230 234 238 242 246 251
109 105 101 97 95 96 96 96 96 97 97 100 105 109 114 119 124 129 131 132 132 133 133 134 134 131 127 122 117 112 108 103 102 102 102 102 102 102 102 103 104 105 106 107 108 110 110 111 111 112 112 113 113 115 116 118 119 120 122 123 126 130 133 136 140 143 146 150 154 158 162 166 170 174 174 175 176 177 177 178 179 185 191 196 202 208 214 219 223 227 231 235 239 244 248 253
115 111 106 102 100 99 99 99 98 98 98 101 107 113 119 125 131 136 139 140 140 141 142 142 143 140 134 129 123 118 112 107 105 105 105 104 104 104 104 105 107 108 109 111 112 114 114 114 115 115 115 116 116 117 118 120 121 122 123 125 128 131 134 138 141 144 148 152 157 162 167 172 177 182 182 183 183 184 184 185 185 190 195 200 205 210 215 220 225 229 233 237 241 245 250 255
122 117 112 107 104 103 102 101 100 99 98 102 109 116 123 130 137 144 147 148 149 150 150 151 152 148 142 135 129 123 116 110 108 108 107 107 107 107 106 108 109 111 113 114 116 118 118 118 118 118 118 118 119 119 121 122 123 124 125 126 129 132 136 139 142 145 149 154 160 166 172 178 184 190 190 190 191 191 191 191 192 196 200 204 209 213 217 221 226 230 234 238 243 247 251 257
128 123 117 112 108 107 105 104 102 101 99 103 111 119 127 135 143 151 155 156 157 158 159 160 161 156 149 142 135 128 121 113 111 111 110 110 110 109 109 110 112 114 116 118 120 122 122 122 122 122 121 121 121 122 123 124 125 125 126 127 130 133 137 140 143 147 150 156 163 170 177 184 191 198 198 198 198 198 198 198 198 201 205 208 212 215 219 223 227 231 236 240 244 249 253 259
131 126 120 114 111 109 107 106 104 102 101 105 113 121 130 138 146 155 158 159 160 160 161 162 162 158 151 144 137 130 122 115 113 113 112 112 112 111 111 112 114 116 119 121 123 125 125 125 125 124 124 124 124 125 126 127 128 128 129 130 133 136 139 143 146 149 152 159 166 174 181 188 196 203 203 203 202 202 202 202 201 205 208 212 215 218 222 225 230 234 238 242 247 251 255 261
130 124 119 114 111 110 109 107 106 105 104 108 115 122 130 137 145 152 155 155 155 154 154 154 154 150 144 139 133 127 121 115 114 113 113 113 113 113 113 114 116 118 120 122 124 126 126 126 127 127 127 127 128 129 130 131 132 133 135 136 138 141 144 147 150 153 155 162 169 176 183 190 197 204 204 204 203 203 202 202 202 206 210 214 218 222 226 231 234 238 242 246 250 254 258 264
128 123 118 114 111 110 110 109 108 108 107 110 117 124 130 137 143 150 152 151 150 149 148 147 146 142 138 133 129 124 120 115 114 114 114 114 114 114 114 115 117 119 121 123 125 127 127 128 129 129 130 131 131 132 134 135 137 138 140 141 144 146 149 151 154 156 159 165 172 179 186 192 199 206 205 205 204 204 203 202 202 207 212 217 221 226 231 236 239 243 246 250 254 257 261 266
126 122 118 113 111 111 111 111 110 110 110 113 119 125 130 136 142 147 148 147 145 143 141 139 138 135 132 128 125 122 119 115 115 115 115 115 115 115 116 117 119 120 122 124 126 127 129 130 131 132 133 134 135 136 138 140 141 143 145 147 149 151 153 156 158 160 162 169 175 181 188 194 201 207 206 206 205 204 204 203 202 208 213 219 225 230 236 241 244 247 251 254 257 260 264 269
125 121 117 113 111 112 112 112 113 113 113 116 121 126 130 135 140 145 145 142 140 137 135 132 129 127 125 123 121 119 117 115 115 115 116 116 116 117 117 118 120 122 123 125 127 128 130 131 133 134 135 137 138 140 142 144 146 148 150 152 154 156 158 160 162 164 166 172 178 184 190 196 202 208 208 207 206 205 204 203 202 209 215 221 228 234 240 246 249 252 255 258 260 263 266 271
123 120 116 113 112 112 113 114 115 115 116 119 123 127 131 135 138 142 142 138 135 131 128 125 121 119 119 118 117 117 116 115 116 116 117 117 118 118 119 120 122 123 125 126 128 129 131 133 135 136 138 140 142 144 146 148 151 153 155 157 159 161 163 164 166 168 169 175 181 187 192 198 204 210 209 208 207 206 205 204 203 210 217 224 231 238 245 252 254 256 259 261 264 266 269 274
122 119 115 112 112 113 114 116 117 118 119 122 125 128 131 134 137 140 138 134 130 126 121 117 113 112 112 113 114 114 115 115 116 117 117 118 119 120 120 122 123 124 126 127 129 130 132 135 137 139 141 143 145 148 150 153 155 158 160 163 164 166 167 169 170 172 173 178 184 189 195 200 205 211 210 209 208 206 205 204 203 211 218 226 234 242 249 257 259 261 263 265 267 269 272 276
121 118 115 113 112 113 115 116 117 118 120 122 124 126 129 131 134 136 134 130 125 121 116 111 107 106 108 110 112 114 116 118 119 120 121 121 122 122 123 124 126 127 129 130 132 133 136 138 141 143 146 148 150 153 156 158 161 164 166 169 170 171 173 174 175 176 178 182 187 192 197 202 207 212 211 210 209 207 206 205 204 212 221 229 238 246 254 262 264 266 268 270 272 274 276 280
121 119 116 113 113 113 114 115 115 116 117 118 120 123 125 127 129 132 130 125 121 116 112 107 103 103 107 110 114 117 121 124 125 126 126 126 127 127 127 129 130 132 134 135 137 139 141 144 147 149 152 155 157 160 163 165 168 171 173 176 177 178 179 180 181 182 183 187 192 196 200 204 209 213 212 211 210 209 208 207 206 215 224 233 242 251 260 268 270 272 274 275 277 279 281 284
122 119 117 114 113 113 113 113 113 114 114 115 117 119 121 123 125 127 125 120 116 112 107 103 99 100 105 110 115 120 125 130 132 132 132 132 131 131 131 133 135 136 138 140 142 144 146 149 152 155 159 162 165 167 170 172 175 178 180 183 184 185 186 186 187 188 189 192 196 199 203 207 210 214 213 212 211 211 210 209 208 218 227 237 246 256 265 274 276 278 279 281 283 284 286 288
