pluvio/pluvio-384.asc
ncols         252
nrows         154
xllcorner     -0.5
yllcorner     -153.5
cellsize      1
NODATA_value  -9999
[rows 70 to 139 of 154, columns 96 to 191 of 252]
8 8 8 8 8 8 8 8 8 8 8 8 8 8 8 8 8 9 9 9 9 8 8 8 7 7 7 6 6 5 5 4 4 3 3 3 3 3 3 3 3 3 3 3 2 2 2 2 2 2 2 3 3 3 3 3 3 3 3 3 3 3 3 3 4 4 4 4 5 6 6 7 8 8 9 10 10 11 12 12 13 14 14 13 13 12 12 11 11 11 12 13 13 14 15 16
8 8 8 8 8 8 8 8 8 8 8 8 8 8 8 8 8 9 9 9 9 8 8 8 7 7 6 6 5 5 4 4 3 3 3 3 3 3 3 3 3 3 3 2 2 2 2 2 2 2 2 2 2 3 3 3 3 3 3 3 3 3 3 4 4 4 5 5 6 6 7 8 9 9 10 11 11 12 12 13 13 14 14 13 13 12 12 11 11 11 12 13 14 15 16 17
8 8 8 8 8 8 8 8 8 8 8 8 8 8 8 8 9 9 9 9 9 8 8 7 7 7 6 6 5 5 4 4 3 3 3 3 3 3 3 3 3 3 3 2 2 2 1 1 1 2 2 2 2 2 3 3 3 3 3 3 3 3 3 4 4 5 5 6 6 7 8 9 9 10 11 11 12 12 13 13 14 14 14 14 13 13 12 11 11 11 12 13 14 15 16 17
8 8 8 8 8 8 8 8 8 8 8 8 8 8 8 8 9 9 9 9 9 8 8 7 7 7 6 6 5 5 4 3 3 3 3 3 3 3 3 3 3 3 3 2 2 1 1 1 1 1 2 2 2 2 2 2 3 3 3 3 3 3 3 4 5 5 6 6 7 8 9 9 10 11 12 12 13 13 13 14 14 15 14 14 13 13 12 12 11 12 13 14 15 16 17 18
8 8 8 8 8 8 8 8 8 8 8 8 8 8 8 8 8 8 8 8 8 8 7 7 7 6 6 5 5 5 4 4 3 3 3 3 3 3 3 4 4 3 3 2 2 2 1 1 1 1 2 2 2 2 2 2 3 3 3 3 3 3 4 4 5 5 6 6 7 8 8 9 10 10 11 12 12 13 13 14 15 15 15 14 14 14 13 13 12 13 14 15 17 18 19 20
8 8 8 8 8 8 8 8 8 8 8 8 8 8 8 8 8 8 8 8 7 7 7 7 6 6 6 5 5 5 4 4 3 3 3 3 3 4 4 4 4 3 3 3 2 2 2 1 2 2 2 2 2 2 2 2 3 3 3 3 4 4 4 5 5 5 6 6 7 7 8 9 9 10 11 11 12 13 14 14 15 16 16 15 15 14 14 14 13 14 15 17 18 20 21 23
8 8 8 8 8 8 8 8 8 8 8 8 7 7 7 7 7 7 7 7 7 6 6 6 6 6 5 5 5 5 4 4 4 4 4 4 4 4 4 4 4 3 3 3 3 2 2 2 2 2 2 2 2 2 2 2 3 3 4 4 4 4 5 5 5 6 6 6 7 7 8 8 9 10 10 11 12 13 14 14 15 16 16 16 16 15 15 15 14 15 17 18 20 22 23 25
8 8 8 8 8 8 8 8 7 7 7 7 7 7 7 7 7 7 6 6 6 6 6 6 5 5 5 5 5 5 4 4 4 4 4 4 4 4 4 4 4 4 3 3 3 3 2 2 2 2 2 2 2 2 2 3 3 3 4 4 5 5 5 5 6 6 6 6 6 7 7 8 9 9 10 10 12 13 14 15 16 17 17 17 16 16 16 15 15 16 18 20 22 23 25 27
8 8 8 8 8 7 7 7 7 7 7 7 7 7 7 6 6 6 6 6 5 5 5 5 5 5 5 5 5 5 4 4 4 4 4 4 4 4 4 4 4 4 4 3 3 3 3 2 2 2 2 2 2 2 2 3 3 4 4 5 5 6 6 6 6 6 6 6 6 7 7 8 8 9 9 10 11 12 14 15 16 17 18 17 17 17 17 16 16 18 19 21 23 25 27 29
8 8 8 8 7 7 7 7 7 7 7 7 7 7 6 6 6 5 5 5 5 5 5 5 5 5 5 5 5 5 5 5 5 5 4 4 4 4 4 4 4 4 4 4 3 3 3 3 3 2 2 2 2 2 2 3 3 4 4 5 6 6 6 6 6 6 6 6 6 7 7 7 8 8 8 10 11 12 14 15 17 18 18 18 18 18 18 17 17 19 21 23 25 27 29 31
8 8 8 8 7 7 7 7 7 7 7 7 7 7 6 6 5 5 5 4 4 4 4 4 4 4 4 4 4 5 5 5 5 5 5 5 5 4 4 4 4 4 4 4 4 3 3 3 3 3 2 2 2 2 2 3 3 4 5 5 6 7 6 6 6 6 6 6 6 6 7 7 7 8 8 9 11 12 14 15 17 19 19 19 19 19 19 18 18 20 22 24 27 29 31 33
8 8 8 7 7 7 7 7 7 7 7 7 7 6 6 6 5 5 5 4 4 4 4 4 5 5 5 5 5 5 5 5 5 5 5 5 5 4 4 4 4 4 4 4 4 4 3 3 3 3 3 3 2 2 2 3 4 4 5 6 6 7 7 6 6 6 6 6 6 6 7 7 7 8 8 9 10 12 13 15 16 18 18 18 18 18 18 18 18 19 21 23 25 27 29 31
8 8 7 7 7 7 7 7 7 7 7 6 6 6 6 5 5 5 5 4 4 5 5 5 5 5 5 5 5 5 5 5 5 5 5 5 4 4 4 4 4 4 4 4 4 4 4 3 3 3 3 3 3 3 3 4 4 5 5 6 7 7 7 7 6 6 6 6 6 6 7 7 7 8 8 9 10 12 13 14 16 17 17 17 17 17 18 18 18 19 20 22 23 25 26 28
8 7 7 7 7 7 7 7 7 6 6 6 6 6 6 5 5 5 5 5 5 5 5 5 5 5 5 5 5 5 5 5 5 5 5 5 4 4 4 4 4 4 4 4 4 4 4 4 4 3 3 3 3 3 4 4 5 5 6 6 7 7 7 7 6 6 6 6 6 6 7 7 7 8 8 9 10 11 12 14 15 16 16 17 17 17 17 17 17 18 19 21 22 23 24 25
7 7 7 7 7 7 7 7 6 6 6 6 6 6 5 5 5 5 5 5 5 5 5 5 5 5 5 5 5 5 5 5 5 5 5 5 4 4 4 4 4 4 4 4 4 4 4 4 4 4 4 4 4 4 4 5 5 6 6 7 7 7 7 7 6 6 6 6 6 6 7 7 7 8 8 9 10 11 12 13 14 15 16 16 16 16 16 17 17 18 18 19 20 21 22 23
7 7 7 7 7 7 7 7 6 6 6 6 5 5 5 5 5 5 5 5 5 5 5 5 6 6 6 6 6 5 5 5 5 5 5 5 4 4 4 4 4 4 4 4 4 4 4 4 4 4 4 4 4 4 5 5 5 6 6 7 7 7 7 7 7 6 6 6 6 6 7 7 7 8 8 9 10 11 11 12 13 14 15 15 15 16 16 16 17 17 17 18 18 19 19 20
7 7 7 7 7 7 7 6 6 6 6 5 5 5 5 5 5 5 5 5 5 5 5 6 6 6 6 6 6 6 5 5 5 5 5 5 4 4 4 4 4 4 4 4 4 4 4 4 4 4 4 5 5 5 5 6 6 6 7 7 7 7 7 7 7 6 6 6 6 6 7 7 7 8 8 9 9 10 11 12 13 13 14 14 15 15 15 16 16 16 17 17 17 17 17 17
7 7 7 7 7 7 7 6 6 6 5 5 5 5 5 5 5 5 5 5 5 5 6 6 6 6 6 6 6 6 6 5 5 5 5 5 4 4 4 4 3 4 4 4 4 4 4 4 4 5 5 5 5 5 6 6 6 7 7 7 8 8 7 7 7 6 6 6 6 6 7 7 7 8 8 9 9 10 11 11 12 13 13 14 14 15 15 15 16 16 16 16 15 15 15 15
7 7 7 7 7 7 6 6 6 5 5 5 5 5 5 5 5 5 5 5 5 5 5 6 6 6 6 6 6 5 5 5 5 5 5 4 4 4 4 4 4 4 4 4 4 4 4 4 4 5 5 5 5 5 6 6 6 7 7 7 8 8 7 7 7 7 6 6 6 7 7 8 8 8 9 9 10 11 11 12 13 13 14 14 15 15 16 16 17 17 16 16 16 15 15 15
6 6 6 6 6 6 6 6 5 5 5 5 5 5 5 5 5 5 5 5 5 5 5 5 6 6 6 6 5 5 5 5 5 5 5 4 4 4 4 4 4 4 4 4 4 4 4 4 4 5 5 5 5 5 6 6 6 7 7 8 8 8 8 7 7 7 7 6 7 7 8 8 9 9 10 10 11 11 12 13 13 14 15 15 16 16 17 17 18 18 17 17 16 16 15 14
6 6 6 6 6 6 6 5 5 5 5 5 4 4 4 5 5 5 5 5 5 5 5 5 5 6 6 5 5 5 5 5 4 4 4 4 4 4 4 4 4 4 4 4 4 4 4 4 4 4 5 5 5 5 6 6 6 7 7 8 8 8 8 8 7 7 7 7 7 7 8 9 9 10 10 11 12 12 13 14 14 15 16 16 17 17 18 18 19 19 18 17 16 16 15 14
6 6 6 6 6 6 5 5 5 5 5 4 4 4 4 4 4 4 5 5 5 5 5 5 5 5 5 5 5 5 5 4 4 4 4 4 4 5 5 5 5 5 5 4 4 4 4 4 4 4 5 5 5 5 6 6 7 7 7 8 8 8 8 8 8 7 7 7 7 8 8 9 10 10 11 12 12 13 14 14 15 16 16 17 18 18 19 19 20 19 19 18 17 16 15 14
6 6 5 5 5 5 5 5 5 5 4 4 4 4 4 4 4 4 4 5 5 5 5 5 5 5 5 5 5 5 4 4 4 4 4 4 5 5 5 5 5 5 5 5 4 4 4 4 4 4 5 5 5 5 6 6 7 7 7 8 8 8 8 8 8 8 7 7 7 8 9 10 10 11 12 13 13 14 15 15 16 16 17 18 18 19 20 20 21 20 19 18 17 16 15 14
5 5 5 5 5 5 5 5 5 4 4 4 4 4 4 4 4 4 4 4 4 5 5 5 5 5 5 5 5 4 4 4 4 4 4 4 5 5 5 5 5 5 5 5 5 4 4 4 4 4 5 5 5 5 6 6 7 7 8 8 9 9 8 8 8 8 7 7 8 8 9 10 11 12 13 13 14 15 15 16 17 17 18 19 19 20 21 21 22 21 20 19 18 16 15 14
5 5 5 5 5 5 4 4 4 4 4 4 4 4 4 4 4 4 4 4 4 4 4 5 5 5 5 4 4 4 4 4 4 4 4 4 5 5 5 6 6 5 5 5 5 4 4 4 4 4 5 5 5 5 6 6 7 7 8 8 9 9 9 8 8 8 8 7 8 9 10 11 12 12 13 14 15 15 16 17 17 18 19 19 20 21 21 22 23 22 21 19 18 16 15 14
5 5 5 5 5 5 4 4 4 4 4 4 4 4 4 4 4 4 4 4 4 4 4 4 4 4 4 4 4 4 4 4 4 4 4 4 5 5 5 6 6 6 5 5 5 5 4 4 5 5 5 5 5 5 6 6 7 7 7 8 8 8 8 8 8 8 7 7 8 9 10 11 12 13 14 15 15 16 16 17 17 18 18 19 20 20 21 22 22 21 20 19 17 16 15 14
5 5 5 5 5 5 4 4 4 4 4 4 4 4 4 4 4 4 4 4 4 4 4 4 4 4 4 4 4 4 4 4 4 4 4 4 5 5 5 6 6 6 5 5 5 5 5 5 5 5 5 5 6 6 6 6 7 7 7 8 8 8 8 8 7 7 7 7 8 9 10 11 12 13 15 15 16 16 16 17 17 17 18 19 19 20 20 21 22 21 20 18 17 16 15 13
5 5 5 5 5 5 4 4 4 4 4 4 4 4 4 4 4 4 4 4 4 4 4 4 4 4 4 4 4 4 4 4 4 4 4 4 5 5 5 6 6 6 5 5 5 5 5 5 5 5 5 6 6 6 6 6 7 7 7 7 7 7 7 7 7 7 7 7 8 9 10 11 13 14 15 16 16 16 16 17 17 17 18 18 19 19 20 20 21 20 19 18 17 16 14 13
5 5 5 5 5 5 4 4 4 4 4 4 4 4 4 4 4 4 3 3 3 3 4 4 4 4 4 4 4 4 4 4 4 4 4 4 5 5 5 6 6 6 6 5 5 5 5 5 5 6 6 6 6 6 6 6 7 7 7 7 7 7 7 7 7 7 7 7 7 9 10 12 13 14 16 16 17 17 17 17 17 17 17 18 18 19 19 20 21 20 19 18 16 15 14 13
4 4 4 4 4 4 4 4 4 4 4 4 4 4 4 4 4 3 3 3 3 3 3 3 3 3 3 3 3 3 3 4 4 4 4 4 5 5 5 5 6 6 6 6 6 6 5 6 6 6 6 6 6 6 6 7 7 7 7 7 7 7 7 7 7 7 6 6 7 9 10 12 13 15 16 17 17 17 17 17 17 17 17 17 18 18 19 19 20 19 18 17 16 15 14 13
4 4 4 4 4 4 4 4 4 4 4 4 4 4 4 4 3 3 3 3 3 3 3 3 3 3 3 3 3 3 3 3 4 4 4 4 5 5 5 5 6 6 6 6 6 6 6 6 6 6 6 6 6 7 7 7 7 6 6 6 6 6 6 6 6 6 6 6 7 9 10 12 14 15 17 18 17 17 17 17 17 16 17 17 18 18 19 19 19 19 18 17 16 15 14 13
4 4 4 4 4 4 4 4 4 4 4 4 4 4 4 3 3 3 3 3 3 3 3 3 3 3 3 3 3 3 3 3 4 4 4 4 5 5 5 5 6 6 6 6 6 6 6 6 6 6 6 7 7 7 7 7 6 6 6 6 6 6 6 6 6 6 6 6 7 9 11 12 14 16 17 18 18 17 17 17 17 16 16 17 17 18 18 18 19 18 17 16 15 15 14 13
4 4 4 5 5 5 4 4 4 4 4 4 4 4 3 3 3 3 3 3 3 3 3 3 3 3 4 4 4 4 4 4 4 4 4 4 5 5 5 5 6 6 6 6 6 6 6 6 6 6 6 6 6 6 6 6 6 6 6 6 6 6 6 6 6 6 6 6 7 9 10 12 14 15 17 17 17 17 17 17 17 17 17 17 17 17 17 17 18 17 16 15 15 14 13 12
5 5 5 5 5 5 4 4 4 4 4 4 4 4 3 3 3 3 3 3 3 3 3 3 4 4 4 4 4 4 4 4 4 4 5 5 5 5 5 5 6 6 6 6 6 6 6 6 6 6 6 6 6 6 6 6 6 6 6 6 6 6 6 6 6 6 6 6 7 8 10 12 13 15 16 17 17 17 17 17 17 17 17 17 17 17 17 16 16 16 15 14 14 13 13 12
5 5 5 5 5 5 5 4 4 4 4 4 4 3 3 3 3 3 2 2 3 3 3 4 4 4 5 5 5 5 5 5 5 5 5 5 5 5 5 5 6 6 6 6 6 6 6 6 6 6 6 6 6 6 6 6 6 6 6 6 6 6 6 6 6 6 6 6 7 8 10 11 13 14 16 16 17 17 17 17 17 18 17 17 17 16 16 15 15 14 14 14 13 13 12 12
5 5 5 5 5 5 5 4 4 4 4 4 4 3 3 3 3 3 2 2 3 3 4 4 4 5 5 5 5 5 5 5 5 5 5 5 5 5 5 5 5 6 6 6 6 6 6 6 6 6 6 6 6 5 6 6 6 6 6 6 6 6 6 6 6 6 6 6 7 8 9 11 12 14 15 16 16 17 17 17 18 18 18 17 16 16 15 14 14 13 13 13 12 12 12 11
5 5 5 5 5 5 5 4 4 4 4 4 3 3 3 3 3 2 2 2 3 3 4 4 5 5 6 6 6 5 5 5 5 5 5 5 5 5 5 5 5 5 6 6 6 6 6 6 6 6 5 5 5 5 5 5 6 6 6 6 6 6 6 6 6 6 6 6 7 8 9 11 12 13 15 15 16 16 17 18 18 19 18 17 16 15 14 13 12 12 12 12 11 11 11 11
5 5 5 5 5 5 5 4 4 4 4 4 3 3 3 3 2 2 2 2 3 3 4 5 5 6 6 6 6 6 6 6 6 6 6 5 5 5 5 5 5 5 6 6 6 6 6 6 6 5 5 5 5 5 5 5 5 6 6 6 7 7 6 6 6 6 6 6 6 8 9 10 11 13 14 15 16 16 17 18 18 19 19 17 16 15 14 12 11 11 11 11 11 11 11 10
6 5 5 5 5 5 5 4 4 4 4 3 3 3 3 3 2 2 2 2 3 3 4 5 5 6 6 6 6 6 6 6 6 6 6 6 5 5 5 5 5 5 5 5 6 6 6 6 5 5 5 5 5 5 5 5 5 6 6 6 7 7 6 6 6 6 6 6 6 7 9 10 11 12 13 14 15 16 17 17 18 19 18 17 16 14 13 11 10 10 10 10 10 10 10 10
5 5 5 5 5 5 4 4 4 4 3 3 3 3 3 2 2 2 2 2 2 3 3 4 5 5 6 5 5 5 5 5 5 5 5 5 5 5 5 5 5 5 5 5 5 5 5 5 5 5 5 5 4 4 4 5 5 5 6 6 6 6 6 6 6 6 5 5 6 7 8 9 10 11 12 13 14 14 15 16 17 17 17 15 14 13 12 10 9 9 9 9 9 9 9 9
5 5 5 4 4 4 4 4 4 3 3 3 3 3 2 2 2 2 2 2 2 3 3 3 4 4 5 5 5 5 4 4 4 4 4 4 4 4 4 4 4 4 4 4 4 4 5 5 4 4 4 4 4 4 4 4 5 5 5 5 6 6 6 5 5 5 5 5 5 6 7 8 9 10 11 12 12 13 14 14 15 15 15 14 13 12 11 9 8 8 8 8 8 8 8 8
4 4 4 4 4 4 4 3 3 3 3 3 2 2 2 2 2 2 1 1 2 2 3 3 3 4 4 4 4 4 4 4 4 4 4 4 3 3 3 3 3 3 4 4 4 4 4 4 4 4 4 4 4 4 4 4 4 5 5 5 5 5 5 5 5 5 5 4 5 6 7 7 8 9 10 11 11 12 12 13 13 14 13 12 11 10 9 9 8 7 7 7 7 7 7 7
4 4 4 4 4 3 3 3 3 3 3 2 2 2 2 2 2 1 1 1 2 2 2 2 3 3 3 3 3 3 3 3 3 3 3 3 3 3 3 3 3 3 3 3 3 3 3 4 4 4 4 4 4 4 4 4 4 4 5 5 5 5 5 5 4 4 4 4 4 5 6 7 7 8 9 9 10 10 11 11 11 12 11 11 10 9 8 8 7 7 6 6 6 6 6 6
4 3 3 3 3 3 3 3 3 2 2 2 2 2 2 2 1 1 1 1 1 1 2 2 2 2 2 2 2 2 2 2 2 2 2 2 2 2 2 2 2 2 2 2 3 3 3 3 3 3 3 3 4 4 4 4 4 4 4 4 4 4 4 4 4 4 4 4 4 5 5 6 7 7 8 8 9 9 9 9 10 10 10 9 9 8 7 7 6 6 6 6 5 5 5 5
3 3 3 3 3 3 3 2 2 2 2 2 2 2 1 1 1 1 1 1 1 1 1 1 1 1 1 1 1 1 2 2 2 2 2 2 2 1 1 1 1 2 2 2 2 2 2 2 3 3 3 3 3 3 4 4 4 4 4 4 4 4 4 4 4 4 3 3 4 4 5 5 6 6 7 7 7 7 8 8 8 8 8 8 7 7 6 6 5 5 5 5 5 4 4 4
3 3 3 3 3 3 2 2 2 2 2 2 2 1 1 1 1 1 1 1 1 1 1 1 1 1 1 1 1 1 1 1 1 1 1 1 1 1 1 1 1 1 1 1 2 2 2 2 2 2 3 3 3 3 3 3 4 4 4 4 4 4 4 3 3 3 3 3 3 4 4 5 5 6 6 6 6 6 7 7 7 7 7 6 6 6 5 5 5 4 4 4 4 4 4 3
3 3 3 3 3 2 2 2 2 2 2 2 2 1 1 1 1 1 1 1 1 1 1 1 1 1 1 1 1 1 1 1 1 1 1 1 1 1 1 1 1 1 1 1 1 2 2 2 2 2 3 3 3 3 3 3 3 4 4 4 4 4 4 4 4 3 3 3 4 4 4 5 5 6 6 6 6 6 6 6 6 7 6 6 6 5 5 5 4 4 4 4 4 3 3 3
3 3 3 2 2 2 2 2 2 2 2 2 2 1 1 1 1 1 1 1 1 1 1 1 1 1 1 1 1 1 1 1 1 1 1 1 1 1 1 1 1 1 1 1 1 2 2 2 2 2 2 3 3 3 3 3 3 4 4 4 4 4 4 4 4 4 4 4 4 4 5 5 5 6 6 6 6 6 6 6 6 6 6 6 5 5 5 4 4 4 4 3 3 3 3 3
3 3 2 2 2 2 2 2 2 2 2 2 2 1 1 1 1 1 1 1 1 1 1 1 1 1 1 1 1 1 1 1 1 1 1 1 1 1 1 1 1 1 1 1 1 1 2 2 2 2 2 3 3 3 3 3 3 3 4 4 4 4 4 4 4 4 4 4 4 4 5 5 5 6 6 6 6 6 6 6 6 6 6 5 5 5 4 4 4 3 3 3 3 3 3 3
2 2 2 2 2 2 2 2 2 2 2 2 2 1 1 1 1 1 1 1 1 1 1 1 1 1 1 1 1 1 1 1 1 1 1 1 1 1 1 1 1 1 1 1 1 1 1 2 2 2 2 3 3 3 3 3 3 3 4 4 4 4 4 4 4 4 4 4 4 4 5 5 6 6 6 6 6 6 6 6 6 6 5 5 5 4 4 4 3 3 3 3 3 3 3 2
2 2 2 2 2 2 2 2 2 2 2 2 2 1 1 1 1 1 1 1 1 1 1 1 1 1 1 1 1 1 1 1 1 1 1 1 1 1 1 1 1 1 1 1 1 1 1 2 2 2 2 2 3 3 3 3 3 3 4 4 4 4 4 4 4 4 4 4 4 5 5 5 6 6 6 6 6 6 6 6 6 5 5 5 4 4 4 3 3 3 3 3 2 2 2 2
2 2 2 2 2 2 2 2 2 2 2 2 2 1 1 1 1 1 1 1 1 1 1 1 1 1 1 1 1 1 1 1 1 1 1 1 1 1 1 1 1 1 1 1 1 1 1 1 2 2 2 2 3 3 3 3 3 3 4 4 4 4 4 4 4 4 4 4 5 5 5 6 6 6 7 7 6 6 6 6 5 5 5 4 4 4 3 3 3 2 2 2 2 2 2 2
2 2 2 2 2 2 2 2 2 2 2 2 2 1 1 1 1 1 1 1 1 1 1 1 1 1 1 1 1 1 1 1 1 1 1 1 1 1 1 1 1 1 1 1 1 1 1 1 2 2 2 2 3 3 3 3 3 3 3 4 4 4 4 4 4 4 4 4 5 5 5 6 6 6 6 6 6 6 6 5 5 5 4 4 4 3 3 3 2 2 2 2 2 2 2 2
2 2 2 2 2 2 2 2 2 2 2 2 2 1 1 1 1 1 1 1 1 1 1 1 1 1 1 1 1 1 1 1 1 1 1 1 1 1 1 1 1 1 1 1 1 1 1 2 2 2 2 2 3 3 3 3 3 3 3 4 4 4 4 4 4 4 4 4 4 5 5 5 5 6 6 6 6 5 5 5 5 4 4 4 4 3 3 3 3 2 2 2 2 2 2 2
2 2 2 2 2 2 2 2 2 2 2 2 2 1 1 1 1 1 1 1 1 1 1 1 1 1 1 1 1 1 1 1 1 1 1 1 1 1 1 1 1 1 1 1 1 1 2 2 2 2 2 2 3 3 3 3 3 3 3 3 4 4 4 4 4 4 4 4 4 4 5 5 5 5 5 5 5 5 4 4 4 4 4 3 3 3 3 3 3 3 2 2 2 2 2 2
2 2 2 2 2 2 2 2 2 2 2 2 2 1 1 1 1 1 1 1 1 1 1 1 1 1 1 1 1 1 1 1 1 1 1 1 1 1 1 1 1 1 1 1 1 2 2 2 2 2 2 2 3 3 3 3 3 3 3 3 4 4 4 4 4 4 4 4 4 4 4 4 4 5 5 5 4 4 4 4 3 3 3 3 3 3 3 3 3 3 3 2 2 2 2 2
2 2 2 2 2 2 2 2 2 2 2 2 1 1 1 1 1 1 1 1 1 1 1 1 1 1 1 1 1 1 1 1 1 1 1 1 1 1 1 1 1 1 1 1 1 2 2 2 2 2 2 3 3 3 3 3 3 3 3 3 3 4 4 4 4 4 4 4 4 4 4 4 4 4 4 4 4 4 3 3 3 3 3 3 3 3 3 3 3 3 3 2 2 2 2 2
2 2 2 2 2 2 2 2 2 2 2 2 1 1 1 1 1 1 1 1 1 1 1 1 1 1 1 1 1 1 1 1 1 0 0 0 0 0 1 1 1 1 1 1 2 2 2 2 2 2 2 3 3 3 3 3 3 3 3 3 3 3 3 4 4 4 4 4 4 4 4 4 4 4 4 3 3 3 3 3 2 2 2 2 3 3 3 3 3 3 3 3 2 2 2 2
2 2 2 2 2 2 2 2 2 2 2 1 1 1 1 1 1 1 1 1 1 1 1 1 1 1 1 1 1 1 1 1 0 0 0 0 0 0 0 1 1 1 1 1 2 2 2 2 2 3 3 3 3 3 3 3 3 3 3 3 3 3 3 3 3 3 4 4 3 3 3 3 3 3 3 3 3 2 2 2 2 2 2 2 2 3 3 3 3 3 3 3 2 2 2 2
2 2 2 2 2 2 2 2 2 2 1 1 1 1 1 1 1 1 1 1 1 1 1 1 1 1 1 1 1 1 1 0 0 0 0 0 0 0 0 0 1 1 1 2 2 2 2 3 3 3 3 3 3 3 3 3 3 3 3 3 3 3 3 3 3 3 3 3 3 3 3 3 3 3 3 2 2 2 2 2 2 2 2 2 2 3 3 3 3 3 3 3 3 2 2 2
2 2 2 2 2 2 2 2 2 1 1 1 1 1 1 1 1 1 1 1 1 1 1 1 1 1 1 1 1 1 0 0 0 0 0 0 0 0 0 0 1 1 1 2 2 2 3 3 3 3 3 3 3 3 3 3 3 3 3 3 3 3 3 3 3 3 3 3 3 3 3 3 3 3 2 2 2 2 2 2 2 2 2 2 3 3 3 3 3 3 3 3 3 2 2 2
2 2 2 2 2 2 2 2 1 1 1 1 1 1 1 1 1 1 1 1 1 1 1 1 1 1 1 1 1 0 0 0 0 0 0 0 0 0 0 0 1 1 1 2 2 2 3 3 3 3 3 3 3 3 3 3 3 3 3 3 3 3 3 3 3 3 3 3 3 3 2 2 2 2 2 2 2 2 2 2 2 2 2 3 3 3 3 3 3 3 3 3 3 2 2 2
2 2 2 2 2 2 2 1 1 1 1 1 1 1 1 1 1 1 1 1 1 1 1 1 1 1 1 1 0 0 0 0 0 0 0 0 0 0 0 0 1 1 1 2 2 2 3 3 3 3 3 3 3 3 3 3 3 3 3 3 3 3 3 3 2 2 2 2 2 2 2 2 2 2 2 2 2 2 2 3 3 3 3 3 3 3 3 3 4 3 3 3 3 2 2 2
1 1 1 1 2 1 1 1 1 1 1 1 1 1 1 1 1 1 1 1 1 1 1 1 1 1 0 0 0 0 0 0 0 0 0 0 0 0 0 0 1 1 1 2 2 3 3 3 3 3 3 3 3 3 3 3 3 3 3 3 3 3 2 2 2 2 2 2 2 2 2 2 2 2 2 2 2 3 3 3 3 3 3 3 3 3 3 4 4 3 3 3 3 2 2 2
1 1 1 1 1 1 1 1 1 1 1 1 1 1 1 1 1 1 1 1 1 1 1 1 0 0 0 0 0 0 0 0 0 0 0 0 0 0 0 0 1 1 1 2 2 3 3 3 3 3 3 3 3 3 3 3 3 3 3 3 3 2 2 2 2 2 2 1 1 2 2 2 2 2 2 2 2 3 3 3 3 3 3 3 3 3 4 4 4 4 3 3 3 2 2 2
1 1 1 1 1 1 1 1 1 1 1 1 1 1 1 1 1 1 1 1 1 1 0 0 0 0 0 0 0 0 0 0 0 0 0 0 0 0 0 0 1 1 2 2 2 3 3 3 3 3 3 3 3 3 3 3 3 3 3 2 2 2 2 2 2 1 1 1 1 1 1 2 2 2 2 2 3 3 3 3 3 4 4 4 4 4 4 4 4 4 3 3 3 3 2 2
1 1 1 1 1 1 1 1 1 1 1 1 1 1 1 1 1 1 1 1 1 0 0 0 0 0 0 0 0 0 0 0 0 0 0 0 0 0 0 0 1 1 2 2 2 3 3 3 3 3 3 3 3 3 3 3 2 2 2 2 2 2 2 2 1 1 1 1 1 1 1 1 2 2 2 2 2 3 3 3 3 4 4 4 4 4 4 4 4 3 3 3 3 2 2 2
1 1 1 1 1 1 1 1 1 1 1 1 1 1 1 1 1 1 1 1 0 0 0 0 0 0 0 0 0 0 0 0 0 0 0 0 0 0 0 0 1 1 1 2 2 2 3 3 3 3 3 3 2 2 2 2 2 2 2 2 2 2 2 1 1 1 1 1 1 1 1 1 1 2 2 2 2 2 2 3 3 3 3 3 3 3 3 3 3 3 3 2 2 2 2 2
1 1 1 1 1 1 1 1 1 1 1 1 1 1 1 1 1 1 1 0 0 0 0 0 0 0 0 0 0 0 0 0 0 0 0 0 0 0 0 0 1 1 1 2 2 2 3 3 3 2 2 2 2 2 2 2 2 2 2 2 2 2 1 1 1 1 1 1 1 1 1 1 1 1 1 2 2 2 2 2 2 2 3 3 3 3 3 3 3 2 2 2 2 2 2 1
1 1 1 1 1 1 1 1 1 1 1 1 1 1 1 1 1 0 0 0 0 0 0 0 0 0 0 0 0 0 0 0 0 0 0 0 0 0 0 0 1 1 1 1 2 2 2 2 2 2 2 2 2 2 2 2 1 1 1 1 1 1 1 1 1 1 1 1 1 1 1 1 1 1 1 1 1 1 2 2 2 2 2 2 2 2 2 2 2 2 2 2 1 1 1 1
