pluvio/pluvio-271.asc
ncols         252
nrows         154
xllcorner     -0.5
yllcorner     -153.5
cellsize      1
NODATA_value  -9999
[rows 102 to 152 of 154, columns 96 to 191 of 252]
72 74 75 77 78 80 81 82 83 85 86 87 88 91 93 95 97 99 101 104 108 111 115 119 123 126 129 130 131 132 133 134 135 135 135 135 135 136 136 136 135 134 134 133 132 131 130 130 131 132 133 133 134 135 136 136 136 136 136 136 136 136 135 133 132 131 130 129 131 136 140 145 150 155 159 167 176 186 195 204 214 223 231 239 247 255 263 271 278 276 269 262 254 247 240 233
74 75 77 78 79 81 82 83 85 86 88 89 91 93 95 98 100 102 105 108 112 116 120 124 128 132 135 136 136 137 138 138 139 139 140 140 141 142 142 143 142 141 140 139 138 137 136 136 136 137 138 138 139 140 140 140 140 141 141 141 141 140 139 138 137 136 134 133 135 139 144 148 152 156 161 168 177 186 196 205 214 223 231 239 246 253 260 267 275 272 266 259 253 246 240 233
76 77 78 79 80 82 83 85 86 88 89 91 93 95 98 101 103 106 108 111 116 120 124 129 133 137 141 141 141 142 142 143 143 144 145 146 147 148 149 149 150 148 147 146 145 144 142 142 142 143 143 143 144 144 145 145 145 145 145 145 145 145 144 142 141 140 139 138 139 143 147 151 154 158 162 169 178 187 196 205 215 224 231 238 244 251 258 264 271 269 263 257 251 245 239 233
77 78 79 80 82 83 84 86 88 90 91 93 95 98 101 103 106 109 112 115 120 124 129 133 138 143 146 146 146 147 147 147 147 148 149 151 152 154 155 156 157 155 154 153 151 150 148 148 148 148 148 149 149 149 149 149 149 149 150 150 150 149 148 147 146 145 143 142 144 147 150 153 156 160 163 170 179 188 197 206 215 224 231 237 243 249 255 261 267 265 260 254 249 244 239 233
79 80 81 82 83 84 86 88 89 91 93 95 97 100 103 106 109 112 115 118 123 128 133 138 143 148 152 152 152 152 152 151 151 152 154 156 158 160 161 163 164 162 161 159 158 156 155 154 154 154 154 154 154 154 154 154 154 154 154 154 154 154 153 151 150 149 148 147 148 151 153 156 159 161 164 171 180 189 198 207 216 225 231 237 242 247 253 258 263 261 257 252 247 243 238 233
81 81 82 83 84 85 87 89 91 93 95 97 99 103 106 109 112 115 118 122 127 133 138 143 148 154 157 157 157 156 156 156 156 156 159 161 163 166 168 170 171 169 168 166 164 162 161 160 159 159 159 159 158 158 158 158 158 158 159 159 159 158 157 156 155 154 152 151 152 154 156 159 161 163 165 171 180 189 198 207 216 225 231 236 241 245 250 255 259 258 254 250 246 242 238 234
83 83 84 85 85 86 89 91 93 95 98 100 102 105 109 112 115 118 121 125 130 136 141 147 152 158 162 161 161 160 160 160 159 160 163 166 168 171 174 177 178 176 174 172 170 168 166 164 164 164 163 163 163 162 162 162 162 163 163 163 163 163 161 160 159 158 157 155 156 158 160 162 163 165 167 173 182 191 200 208 217 226 232 236 240 244 248 252 256 255 251 247 244 240 236 232
87 88 88 89 90 91 93 95 98 100 102 105 107 109 112 114 117 119 121 125 130 136 141 147 152 158 162 161 161 161 160 160 160 161 165 168 172 176 180 183 184 181 178 175 172 169 166 164 164 164 164 164 164 164 164 165 166 166 167 167 168 167 166 164 163 161 160 158 159 161 164 166 168 171 173 179 187 195 203 211 219 227 232 236 240 244 248 252 256 254 249 245 240 235 231 226
91 92 93 93 94 95 98 100 102 105 107 110 112 113 115 117 118 120 122 124 130 135 141 146 152 157 161 161 161 161 161 161 161 162 167 171 176 181 185 190 191 187 182 178 174 170 165 163 164 164 165 165 166 166 167 168 169 170 171 171 172 172 170 168 166 164 162 161 161 164 167 170 173 176 179 185 192 200 207 214 221 229 233 237 241 244 248 252 255 253 247 242 236 231 226 220
95 96 97 98 99 100 102 105 107 110 112 115 117 118 118 119 120 121 122 124 130 135 141 146 152 157 161 161 161 161 161 161 161 163 169 174 180 185 191 196 197 192 187 181 176 171 165 163 164 164 165 166 167 168 169 170 172 173 174 176 177 176 174 172 170 168 165 163 164 168 171 175 178 182 186 191 197 204 210 217 223 230 234 238 241 245 248 251 255 251 245 239 233 227 220 214
99 100 101 102 103 104 107 109 112 114 117 119 121 122 122 122 122 122 122 124 129 135 140 146 151 157 161 161 161 161 162 162 162 164 171 177 183 190 196 203 204 197 191 185 178 172 165 162 163 165 166 167 169 170 171 173 175 177 178 180 182 181 179 176 173 171 168 166 167 171 175 179 183 188 192 197 203 208 214 220 226 231 235 239 242 245 248 251 254 250 243 236 229 222 215 208
103 104 105 106 108 109 111 114 117 119 122 124 126 126 125 124 124 123 123 124 129 135 140 146 151 157 161 161 161 162 162 162 163 166 173 180 187 194 202 209 210 203 195 188 180 173 165 162 163 165 167 168 170 172 174 176 178 180 182 184 186 186 183 180 177 174 171 168 170 174 179 184 188 193 198 203 208 213 218 223 228 233 236 239 242 245 248 251 254 249 241 233 225 218 210 202
108 109 110 111 112 113 116 119 121 124 127 129 131 130 128 127 126 124 123 123 129 134 140 145 151 156 160 161 161 162 163 163 164 167 175 183 191 199 207 215 217 208 200 191 182 174 165 161 163 165 167 170 172 174 176 178 181 183 186 188 191 190 187 184 181 177 174 171 172 178 183 188 193 199 204 209 213 217 221 226 230 234 237 240 243 245 248 251 253 248 239 231 222 213 204 196
112 113 114 115 117 118 121 124 126 129 132 135 137 134 132 130 128 126 124 124 129 135 140 146 151 157 161 162 163 164 165 166 167 171 179 188 196 205 213 222 223 214 204 195 185 176 166 162 164 166 169 171 173 176 178 181 184 186 189 192 195 194 191 187 184 181 177 174 176 181 187 193 199 204 210 214 218 221 225 228 232 235 238 240 243 245 247 250 252 246 237 228 219 210 200 191
116 117 119 120 122 123 127 130 133 136 139 142 144 142 139 136 134 131 129 128 133 138 143 148 153 158 163 166 168 171 174 177 180 184 191 199 206 214 221 228 229 219 210 200 190 181 171 166 168 170 172 174 175 177 179 182 185 188 190 193 196 196 193 190 187 184 181 178 180 186 192 198 204 210 216 220 222 225 228 230 233 235 237 239 241 242 244 246 248 242 234 225 217 209 200 192
119 121 123 125 127 129 132 136 139 143 146 150 152 149 146 142 139 136 133 132 136 141 146 151 155 160 165 169 174 178 183 187 192 197 203 210 216 222 229 235 235 225 215 205 195 186 176 171 172 173 175 176 177 179 181 183 186 189 192 194 197 197 195 192 190 188 185 183 185 191 198 204 210 216 222 225 227 229 230 232 234 235 237 238 239 240 241 242 244 238 231 223 215 208 200 192
123 125 128 130 132 134 138 142 146 150 154 157 160 156 152 148 145 141 137 135 140 144 149 153 158 162 167 173 180 186 192 198 204 210 215 221 226 231 236 242 241 231 221 211 201 191 180 175 176 177 178 179 179 180 182 185 187 190 193 195 198 198 197 195 193 191 189 187 190 196 203 209 215 222 228 231 232 232 233 234 235 235 236 236 237 238 238 239 239 235 228 221 214 207 200 192
127 130 132 135 137 140 144 148 152 157 161 165 167 163 159 154 150 146 141 139 143 147 152 156 160 164 169 177 185 193 201 209 217 223 228 232 236 240 244 248 247 237 226 216 206 196 185 180 180 180 181 181 182 182 183 186 189 191 194 197 199 200 198 197 196 194 193 192 195 201 208 215 221 228 234 237 236 236 236 236 236 235 235 235 235 235 235 235 235 231 224 218 212 206 199 193
131 134 137 140 142 145 150 154 159 163 168 172 175 170 165 160 155 151 146 143 147 151 154 158 162 166 171 181 191 200 210 219 229 236 240 243 246 249 252 255 253 242 232 221 211 201 190 184 184 184 184 184 184 184 185 187 190 193 195 198 200 201 200 200 199 198 197 196 200 207 213 220 227 234 240 242 241 240 239 238 236 235 235 234 233 233 232 232 231 227 221 216 210 205 199 193
135 138 141 144 148 151 156 161 165 170 175 180 183 177 172 166 161 155 150 147 150 154 157 161 164 168 174 185 196 207 219 230 241 250 252 254 256 258 260 262 259 248 237 227 216 206 195 189 188 187 187 186 186 185 186 189 191 194 196 199 202 203 202 202 202 201 201 201 205 212 219 225 232 239 246 248 246 244 242 240 237 235 234 233 232 230 229 228 227 223 218 213 208 204 199 194
139 142 146 149 153 157 162 167 172 177 182 187 190 184 178 172 166 161 155 151 154 158 161 164 167 170 176 189 202 214 227 239 252 261 261 262 263 264 265 266 263 252 241 231 220 209 199 192 191 190 190 189 188 187 188 190 193 195 198 200 203 204 204 204 204 205 205 205 209 217 224 231 239 246 253 254 251 248 246 243 240 237 235 233 231 229 227 226 224 220 216 212 208 204 199 195
143 147 151 155 159 163 168 173 178 183 188 193 196 190 184 178 172 167 161 157 160 163 166 169 172 175 181 194 207 219 232 245 258 266 266 266 266 266 266 266 262 251 241 231 221 210 200 194 193 192 191 191 190 189 189 192 194 196 198 201 203 204 205 206 206 207 208 209 214 222 230 238 246 254 262 263 260 256 252 248 245 241 238 236 233 231 229 226 224 221 217 214 210 206 203 199
148 152 156 161 165 169 174 179 184 189 194 199 201 196 190 184 178 173 167 164 166 169 172 174 177 180 185 199 212 225 238 251 264 272 271 270 268 267 266 265 260 251 241 231 221 211 202 196 195 194 193 192 192 191 191 193 195 197 199 201 203 205 206 207 209 210 211 212 218 227 236 245 254 263 272 272 268 263 259 254 250 245 242 239 236 233 230 227 224 221 218 215 212 209 206 203
152 157 161 166 171 175 180 185 190 195 199 204 207 201 196 190 184 179 173 170 172 175 177 179 182 184 190 203 217 230 243 256 270 278 276 273 271 269 267 264 259 250 241 231 222 213 203 198 197 196 195 194 194 193 193 195 197 198 200 202 204 205 207 209 211 212 214 216 222 232 242 251 261 271 281 281 276 271 265 260 255 249 245 242 238 235 231 227 224 221 219 217 214 212 210 207
157 162 167 172 177 182 186 191 196 201 205 210 213 207 202 196 190 185 179 176 178 180 182 185 187 189 195 208 222 235 249 262 276 283 280 277 274 270 267 264 258 249 240 231 223 214 205 199 199 198 197 196 196 195 195 197 198 200 201 203 204 206 208 210 213 215 217 219 226 237 248 258 269 279 290 290 284 278 272 266 260 253 249 245 240 236 232 228 224 222 220 218 216 215 213 211
161 166 172 177 182 188 192 197 202 206 211 216 218 213 207 202 196 191 186 182 184 186 188 190 192 194 199 213 227 240 254 268 282 289 285 281 276 272 267 263 257 249 240 232 223 215 206 201 200 200 199 198 198 197 197 198 200 201 202 203 204 206 209 212 215 218 220 223 231 242 253 265 276 287 299 299 292 285 278 271 265 258 252 248 243 238 233 229 224 222 221 220 218 217 216 215
166 171 177 183 188 194 199 203 208 212 217 222 224 219 213 208 202 197 192 188 190 191 193 195 197 198 204 218 232 246 260 274 288 295 290 284 279 273 268 263 256 248 240 232 224 216 208 203 202 201 201 200 200 199 199 200 201 202 203 204 205 207 210 214 217 220 223 227 235 247 259 271 284 296 308 308 300 293 285 277 270 262 256 250 245 240 235 229 224 222 222 221 221 220 220 219
169 176 182 189 195 201 206 210 215 220 224 229 231 226 221 216 211 206 201 197 198 199 200 201 203 204 209 222 236 250 264 277 291 298 293 287 282 276 271 265 259 251 242 234 226 218 210 205 204 204 203 202 201 200 200 201 202 203 204 205 205 208 211 215 219 223 226 230 239 251 264 277 289 302 315 315 307 298 290 282 274 266 259 254 248 242 237 231 225 224 224 224 224 224 224 224
172 179 187 195 203 210 215 220 224 229 234 239 242 237 233 228 224 219 215 211 211 211 211 211 211 210 214 227 239 252 265 277 290 297 293 289 285 282 278 274 268 259 250 241 232 223 214 209 207 206 205 203 202 201 200 201 202 203 204 205 206 209 213 217 221 225 229 233 242 254 267 280 292 305 318 317 309 301 293 285 277 269 263 257 252 246 241 235 230 228 229 229 230 230 230 231
174 183 192 201 210 219 224 229 234 239 244 249 252 248 245 241 237 233 229 225 224 223 221 220 218 217 219 231 242 254 265 277 288 295 293 291 289 287 285 283 278 268 258 248 238 228 219 212 210 208 207 205 203 201 200 202 203 204 205 206 207 210 214 218 223 227 231 236 245 257 270 282 295 308 320 320 312 304 296 288 280 272 266 260 255 250 244 239 234 233 234 234 235 236 237 238
177 187 197 208 218 227 233 238 243 249 254 259 263 260 256 253 249 246 243 240 237 234 232 229 226 224 225 235 246 256 266 277 287 294 294 293 293 292 292 292 287 276 266 255 244 234 223 216 213 211 208 206 204 201 201 202 203 204 205 207 208 211 215 220 225 229 234 238 248 260 273 285 298 310 323 323 315 307 299 291 283 275 269 264 259 254 248 243 238 237 238 240 241 242 243 244
179 191 202 214 226 236 242 247 253 258 264 270 273 271 268 265 262 260 257 254 250 246 242 238 234 230 230 240 249 258 267 277 286 292 294 295 296 298 299 300 297 285 274 262 250 239 227 219 216 213 210 207 205 202 201 202 203 205 206 207 209 212 217 222 227 231 236 241 250 263 276 288 301 313 326 326 318 310 302 294 286 278 272 267 262 257 252 247 242 242 243 245 246 248 249 251
181 194 207 220 233 245 251 257 262 268 274 280 284 282 280 277 275 273 271 268 263 258 252 247 242 237 236 244 252 260 268 276 285 291 294 297 300 303 306 309 306 294 281 269 256 244 231 223 219 216 212 209 205 202 201 202 204 205 207 208 210 213 218 223 229 234 239 244 253 266 278 291 303 316 328 328 321 313 305 297 289 282 276 271 266 261 256 251 246 246 248 250 252 254 256 258
184 198 212 227 241 254 260 266 272 278 284 290 294 293 291 290 288 287 285 282 276 269 263 256 250 244 241 248 255 262 269 276 283 290 294 299 304 309 313 318 316 302 289 276 262 249 236 226 222 218 214 210 206 202 201 202 204 206 207 209 210 214 220 225 230 236 241 247 256 269 281 294 306 319 331 331 323 316 308 300 292 285 279 274 269 265 260 255 251 251 253 255 258 260 262 264
187 201 216 230 245 258 264 270 277 283 289 295 300 299 297 296 295 294 292 290 283 276 269 262 255 248 245 251 257 263 269 275 281 287 293 298 304 309 315 321 319 305 292 278 265 252 238 229 225 220 216 212 208 204 202 204 206 207 209 210 212 216 222 228 234 240 246 252 262 274 286 298 310 322 334 334 326 319 312 304 297 289 283 278 273 268 262 257 252 252 255 257 259 262 264 267
190 203 216 229 242 254 261 267 274 280 286 293 298 296 295 293 292 290 289 286 280 273 267 260 254 248 245 250 255 261 266 272 277 282 288 293 298 303 308 313 312 299 287 275 263 250 238 229 226 222 219 215 211 208 206 208 209 211 212 214 215 220 227 234 241 248 255 262 271 282 293 304 315 326 337 337 330 323 317 310 303 296 290 283 276 269 262 256 249 248 251 253 255 257 259 261
193 204 216 228 240 251 258 264 271 277 284 290 295 294 292 290 289 287 285 283 277 271 265 259 253 247 245 249 254 259 264 268 273 278 283 287 292 297 301 306 304 293 282 271 260 249 238 230 227 224 221 218 215 211 210 212 213 214 216 217 218 223 231 239 247 256 264 272 281 291 300 310 320 330 339 339 333 327 321 315 309 303 296 288 279 271 262 254 246 245 247 248 250 252 254 256
196 206 217 227 238 248 254 261 268 274 281 288 293 291 289 287 285 284 282 279 274 268 263 258 253 247 245 249 253 257 261 265 269 273 277 282 286 290 294 298 297 287 277 267 258 248 238 231 228 226 223 221 218 215 214 216 217 218 219 220 221 227 236 245 254 263 272 282 290 299 308 316 325 333 342 342 337 332 326 321 316 310 302 292 282 272 263 253 243 241 243 244 246 248 249 251
199 208 217 226 235 244 251 258 265 272 278 285 290 288 286 284 282 280 278 276 271 266 261 257 252 247 245 248 251 255 258 262 265 269 272 276 280 284 287 291 290 281 273 264 255 246 238 232 230 228 225 223 221 219 218 219 220 221 222 223 224 230 240 250 261 271 281 291 300 307 315 322 330 337 345 345 340 336 331 327 322 317 308 297 285 274 263 251 240 237 239 240 241 243 244 246
202 209 217 225 233 241 248 255 262 269 276 283 288 286 284 281 279 277 275 272 268 264 260 255 251 247 245 247 250 253 256 258 261 264 267 271 274 277 280 284 283 275 268 260 253 245 237 232 231 229 228 226 224 223 222 223 224 225 226 226 227 234 245 256 267 279 290 301 309 316 322 329 335 341 348 348 344 340 336 332 328 324 315 302 289 276 263 250 237 233 235 236 237 238 239 240
205 211 218 224 231 237 244 252 259 266 273 280 285 283 281 278 276 274 271 269 265 261 258 254 250 247 245 247 249 251 253 255 257 260 262 265 268 271 274 276 276 269 263 256 250 244 237 233 232 231 230 229 228 227 226 227 228 228 229 230 230 237 249 262 274 286 298 311 319 324 329 335 340 345 350 350 347 344 341 338 335 332 321 306 292 277 263 248 233 230 231 232 233 233 234 235
208 213 219 224 230 236 243 249 256 263 270 276 281 279 277 275 273 271 269 266 263 260 257 254 251 248 246 248 249 251 252 254 255 257 259 262 264 267 269 271 271 265 259 254 248 243 237 234 233 232 232 231 230 230 230 230 231 231 232 232 233 240 252 264 277 289 301 314 321 326 330 335 339 343 348 348 345 342 340 337 334 331 321 307 292 278 263 249 234 231 231 231 232 232 233 233
211 216 221 226 232 237 243 248 254 260 265 271 275 274 273 271 270 269 267 266 263 261 258 256 253 251 249 250 252 253 254 255 256 257 259 261 263 265 267 269 268 263 258 252 247 242 236 233 233 233 233 233 233 232 233 233 233 234 234 235 235 241 252 263 274 285 296 307 314 318 322 326 330 334 338 338 336 333 330 327 325 322 313 301 289 277 265 253 241 237 237 237 236 236 236 235
214 219 224 229 233 238 243 247 252 257 261 266 269 269 268 268 267 266 266 265 263 261 259 257 256 254 253 253 254 254 255 256 256 257 259 261 262 264 266 267 266 261 256 251 246 241 235 233 233 233 234 234 235 235 235 236 236 236 237 237 237 243 252 262 272 281 291 301 307 311 314 318 322 325 329 329 326 323 320 318 315 312 305 295 286 276 267 257 248 244 243 242 241 240 238 237
218 222 226 231 235 239 243 246 250 253 257 260 263 263 264 264 264 264 264 264 263 262 260 259 258 257 256 256 256 256 256 257 257 257 259 260 261 263 264 265 264 259 254 249 245 240 235 232 233 234 235 236 237 237 238 238 239 239 239 239 240 244 252 261 269 278 286 294 300 303 306 310 313 316 319 319 316 314 311 308 305 303 297 290 283 276 268 261 254 251 249 247 245 243 241 239
221 225 229 233 237 240 243 245 248 250 253 255 257 258 259 260 261 262 263 263 263 262 261 261 260 260 259 259 259 258 258 258 257 257 258 259 260 261 262 263 262 258 253 248 243 239 234 232 233 235 236 237 239 240 241 241 241 241 241 242 242 245 253 260 267 274 281 288 293 296 299 301 304 307 310 309 307 304 301 299 296 293 289 284 280 275 270 265 261 257 255 252 249 247 244 242
224 228 231 235 238 241 243 244 245 247 248 250 251 253 254 256 258 259 261 262 262 262 263 263 263 263 262 262 261 260 259 259 258 257 258 259 259 260 261 261 260 256 251 247 242 238 233 231 233 235 237 239 241 242 243 244 244 244 244 244 244 247 253 259 264 270 276 282 286 288 291 293 296 298 301 300 297 294 292 289 286 284 281 279 276 274 272 269 267 264 261 257 254 250 247 244
228 231 234 237 240 242 243 243 243 244 244 244 245 248 250 252 255 257 260 262 262 263 264 264 265 266 266 264 263 262 261 260 258 258 258 258 259 259 259 260 258 254 250 245 241 237 232 231 233 236 238 240 243 245 246 246 246 246 246 246 246 248 253 257 262 266 271 275 279 281 283 285 287 289 291 290 288 285 282 279 277 274 273 273 273 273 273 274 274 271 267 262 258 254 250 246
231 234 236 239 241 243 243 243 242 242 242 241 242 245 247 250 253 256 258 261 262 263 264 265 266 268 268 266 265 263 262 260 259 258 258 258 258 258 259 259 257 253 249 245 241 237 233 232 234 237 239 242 244 247 248 248 248 247 247 247 247 249 253 257 261 264 268 272 275 277 278 280 282 284 285 285 283 280 278 276 274 272 272 273 274 275 277 278 279 276 272 267 262 258 253 249
235 237 239 241 243 244 244 243 243 242 242 241 241 244 247 250 252 255 258 260 262 263 264 266 267 268 269 267 266 264 263 261 259 258 258 259 259 259 259 259 258 254 250 246 242 238 235 233 236 238 240 243 245 247 248 248 248 247 247 247 247 249 253 257 260 264 268 272 275 276 278 279 281 282 284 284 283 282 281 280 279 278 278 279 280 281 281 282 283 280 276 271 267 262 258 253
239 240 242 243 244 245 245 244 243 242 242 241 241 244 246 249 252 254 257 260 261 263 264 266 268 269 270 268 267 265 263 262 260 259 259 259 259 259 259 259 258 254 251 247 244 240 236 235 237 239 241 244 246 248 249 248 248 248 247 247 246 248 252 256 260 264 268 272 275 276 277 279 280 281 282 283 283 283 284 284 284 284 285 285 285 286 286 287 287 284 279 275 271 266 262 257
