pluvio/pluvio-294.asc
ncols         252
nrows         154
xllcorner     -0.5
yllcorner     -153.5
cellsize      1
NODATA_value  -9999
[rows 59 to 117 of 154, columns 96 to 191 of 252]
17 17 17 17 17 18 18 19 20 21 22 22 23 24 25 26 27 28 29 29 29 29 29 29 29 29 29 29 29 29 29 29 29 29 29 30 31 31 32 32 33 32 32 32 32 31 31 31 32 32 33 33 33 34 35 36 37 38 39 40 41 42 42 43 44 45 46 47 46 44 41 39 36 34 32 31 31 32 32 32 33 33 33 33 33 32 32 32 32 32 33 34 35 36 37 38
17 17 18 18 18 18 19 19 20 21 21 22 22 23 24 25 26 27 28 29 29 29 29 29 29 29 29 29 29 29 29 28 28 28 29 30 30 31 32 32 33 32 32 32 31 31 31 31 31 31 32 32 32 33 33 34 35 36 37 38 39 40 41 42 43 44 45 46 45 43 40 37 35 32 29 29 29 30 31 31 32 33 33 32 32 32 31 31 31 31 32 33 34 34 35 36
18 18 18 18 19 19 19 20 20 20 21 21 22 23 24 25 26 27 28 28 29 29 29 29 29 29 29 29 29 29 29 28 28 29 29 30 31 31 32 33 33 33 32 32 32 31 31 31 31 31 32 32 32 32 33 34 35 35 36 37 38 39 40 42 43 44 45 47 46 43 40 37 34 31 28 27 28 29 30 31 32 33 33 33 32 32 31 30 30 30 31 32 33 33 34 35
18 19 19 19 19 20 20 20 20 20 20 21 21 22 23 24 25 26 27 28 28 28 28 29 29 29 29 29 29 29 29 28 28 29 29 30 31 31 32 33 33 33 32 32 32 31 31 31 31 31 32 32 32 32 33 33 34 35 36 36 37 38 40 41 43 44 46 47 46 43 39 36 33 30 26 26 27 28 30 31 32 34 34 33 32 31 31 30 29 29 30 31 32 32 33 34
19 19 20 20 20 20 20 20 20 20 20 20 20 21 22 24 25 26 27 28 28 28 28 28 29 29 29 29 29 29 29 29 28 29 29 30 31 31 32 33 33 33 32 32 32 31 31 31 31 31 31 32 32 32 32 33 34 34 35 36 36 38 39 41 43 44 46 48 47 43 39 36 32 28 25 24 26 28 29 31 33 34 34 33 32 31 30 29 28 28 29 30 31 31 32 33
20 20 20 20 21 21 21 20 20 20 20 20 20 21 22 23 24 25 26 27 28 28 28 28 28 29 29 29 29 29 29 29 29 29 29 30 31 32 32 33 33 33 33 32 32 32 31 31 31 31 31 31 32 32 32 33 33 34 34 35 36 37 39 41 43 45 46 48 47 43 39 35 31 27 23 23 25 27 29 31 33 35 35 34 32 31 30 29 27 27 28 29 29 30 31 32
20 21 21 21 21 22 21 21 20 20 19 19 19 20 21 22 24 25 26 27 27 27 28 28 28 29 29 29 29 29 29 29 29 29 29 30 31 32 32 33 33 33 33 32 32 32 31 31 31 31 31 31 31 31 32 32 33 33 34 34 35 36 38 41 43 45 47 49 47 43 39 34 30 26 22 21 24 26 28 31 33 36 35 34 32 31 29 28 26 26 27 28 28 29 30 30
21 21 21 22 22 22 22 21 20 20 19 18 18 19 21 22 23 24 26 27 27 27 27 28 28 28 29 29 29 29 29 29 29 29 30 30 31 32 32 33 34 33 33 32 32 32 31 31 31 31 31 31 31 31 31 32 32 33 33 34 34 36 38 40 43 45 47 49 48 43 39 34 29 25 20 20 23 25 28 31 33 36 36 34 33 31 29 27 26 26 26 27 27 28 29 29
22 22 22 22 23 23 22 22 21 21 20 20 19 20 22 23 24 25 26 27 27 28 28 29 29 29 30 30 30 30 29 29 29 30 30 31 32 32 33 34 34 34 34 33 33 33 32 32 32 32 32 32 32 32 32 32 33 33 34 34 35 36 39 41 44 47 49 52 50 46 41 36 31 27 22 22 24 26 28 31 33 35 35 34 33 31 30 29 28 27 28 28 29 29 29 30
22 23 23 23 23 23 23 22 22 22 21 21 21 22 23 24 24 25 26 27 28 28 29 29 30 30 31 31 31 30 30 30 30 30 31 32 33 33 34 35 35 35 34 34 34 33 33 33 33 33 33 33 33 33 33 33 33 34 34 35 35 37 40 43 46 49 52 55 53 48 43 39 34 29 24 23 25 27 29 30 32 34 34 33 33 32 31 30 30 30 30 30 30 30 30 30
23 23 23 23 23 23 23 23 23 23 22 22 22 23 24 24 25 26 27 28 28 29 29 30 31 31 32 32 32 31 31 31 31 31 32 33 33 34 35 36 36 36 35 35 35 34 34 34 34 34 34 34 33 33 34 34 34 34 35 35 35 37 40 44 47 50 54 57 56 51 46 41 36 31 26 25 27 28 29 30 32 33 33 33 33 32 32 32 32 32 31 31 31 31 31 31
24 24 24 24 24 24 24 24 24 24 24 23 24 24 25 25 26 27 27 28 29 29 30 31 32 32 33 33 33 32 32 32 32 32 33 33 34 35 36 36 37 36 36 36 35 35 35 35 35 34 34 34 34 34 34 34 35 35 35 35 35 38 41 45 49 52 56 60 59 54 49 44 39 34 29 27 28 29 29 30 31 32 32 32 33 33 33 34 34 34 33 33 32 32 31 31
25 25 25 24 24 24 24 24 24 25 25 25 25 25 26 26 27 27 28 28 29 30 31 32 33 33 34 34 33 33 33 33 32 33 33 34 35 36 36 37 37 37 37 37 36 36 36 36 35 35 35 35 35 35 35 35 35 35 36 36 36 38 42 46 50 54 58 62 61 56 51 46 41 36 31 29 29 30 30 30 30 30 31 32 33 34 34 35 36 36 35 34 34 33 32 31
26 25 25 25 25 24 25 25 25 26 26 26 26 27 27 27 28 28 28 29 30 31 32 33 34 34 35 35 34 34 34 34 33 33 34 35 36 36 37 38 38 38 38 37 37 37 37 36 36 36 36 36 36 36 36 36 36 36 36 36 36 38 43 47 52 56 60 65 64 59 54 49 43 38 33 31 31 30 30 30 30 29 30 31 33 34 35 37 38 38 37 36 35 34 33 32
27 26 26 25 25 25 25 26 26 27 27 27 28 28 28 28 28 28 29 29 30 31 32 33 34 35 36 36 35 35 35 34 34 34 35 36 36 37 38 39 39 39 39 38 38 38 37 37 37 37 37 37 37 37 37 37 36 36 36 36 36 39 44 48 53 58 63 68 67 61 56 51 46 41 35 33 32 31 31 30 29 28 29 31 33 35 36 38 40 40 39 37 36 35 34 32
27 27 26 26 26 26 26 27 27 27 28 28 29 29 29 29 29 29 29 30 31 32 33 34 36 37 37 37 37 37 37 37 37 37 38 38 39 40 41 41 42 41 41 41 41 40 40 40 40 40 39 39 39 39 39 39 39 40 40 40 40 43 47 51 56 60 64 69 68 62 57 51 46 41 35 33 32 32 31 31 30 30 30 31 33 34 35 36 37 37 36 35 34 33 32 31
27 27 27 27 27 26 27 27 28 28 29 29 30 30 30 30 30 30 30 31 32 33 34 36 37 38 39 39 39 39 39 39 39 40 40 41 42 43 43 44 44 44 44 44 44 43 43 43 43 42 42 42 42 41 41 42 43 43 44 44 45 47 51 55 58 62 66 70 68 63 57 52 46 40 35 33 32 32 32 32 31 31 32 32 33 33 34 34 35 34 33 32 31 31 30 29
28 27 27 27 27 27 28 28 29 29 30 30 30 31 31 31 31 31 31 32 33 34 35 37 38 39 40 40 41 41 41 42 42 42 43 44 45 45 46 47 47 47 47 47 46 46 46 46 45 45 45 44 44 44 44 45 46 46 47 48 49 51 54 58 61 64 68 71 69 63 58 52 46 40 35 32 33 33 33 33 33 33 33 33 32 32 32 32 32 31 30 30 29 28 28 27
28 28 28 28 28 28 29 29 30 30 30 31 31 32 32 32 32 32 32 33 34 35 36 38 39 40 41 42 42 43 44 44 45 45 46 47 47 48 49 50 50 50 50 49 49 49 49 48 48 48 47 47 46 46 46 47 49 50 51 52 53 55 58 61 64 67 69 72 70 64 58 52 46 40 34 32 33 33 33 34 34 34 34 33 32 31 30 30 29 28 28 27 27 26 26 25
28 28 28 29 29 29 29 30 30 31 31 32 32 32 33 33 33 33 33 33 35 36 37 39 40 42 43 43 44 45 46 47 47 48 49 50 50 51 52 52 53 53 52 52 52 52 52 51 51 50 50 49 49 48 49 50 52 53 54 56 57 59 61 64 66 69 71 73 71 65 59 53 46 40 34 32 33 33 34 35 35 36 35 34 32 31 29 27 26 25 25 25 24 24 24 23
28 29 29 29 29 30 30 31 31 32 32 33 33 33 33 34 34 34 34 34 36 37 39 40 41 43 44 45 46 47 48 49 50 51 52 52 53 54 54 55 55 55 55 55 55 55 54 54 53 53 52 52 51 51 51 53 55 56 58 60 61 63 65 67 69 71 73 75 72 66 59 53 47 40 34 32 33 34 35 36 37 38 36 34 32 30 27 25 23 22 22 22 22 22 22 21
29 29 29 30 30 30 31 31 32 33 33 34 34 34 34 34 35 35 35 35 37 38 40 41 43 44 45 47 48 49 50 51 53 54 54 55 56 56 57 58 58 58 58 58 57 57 57 57 56 55 55 54 54 53 54 56 58 60 61 63 65 67 69 70 71 73 74 76 73 66 60 53 47 40 34 32 33 34 36 37 38 39 38 35 32 29 26 23 20 19 19 20 20 20 20 20
29 29 29 30 30 30 31 31 32 32 33 33 34 34 35 35 36 36 36 37 39 40 42 43 45 46 47 49 50 51 52 53 55 55 56 56 57 57 58 58 58 58 58 57 57 57 56 56 55 55 54 54 53 53 53 55 57 59 61 63 65 66 67 68 70 71 72 73 70 64 58 52 46 40 34 33 34 35 36 38 39 40 39 37 35 32 30 28 26 25 25 24 24 24 23 23
29 29 29 30 30 31 31 31 32 32 33 33 34 34 35 36 36 37 38 39 40 42 43 45 47 48 50 51 52 53 54 55 56 57 57 58 58 58 58 59 59 58 57 57 56 56 55 55 54 54 54 53 53 53 53 55 57 59 60 62 64 65 66 67 68 69 70 70 68 62 57 51 46 40 35 34 35 36 37 38 39 41 40 39 37 36 34 33 31 30 30 29 28 28 27 26
29 29 30 30 30 31 31 31 32 32 32 33 33 34 35 36 37 38 39 41 42 44 45 47 49 50 52 53 54 55 56 57 58 59 59 59 59 59 59 59 59 58 57 57 56 55 54 54 54 53 53 53 53 52 53 55 56 58 60 62 63 64 65 65 66 67 67 68 65 60 55 50 45 41 36 34 36 37 38 39 40 41 41 41 40 39 38 38 37 36 35 34 33 32 31 30
29 29 30 30 30 31 31 31 32 32 32 33 33 34 36 37 38 40 41 42 44 46 47 49 51 52 54 55 56 57 58 59 60 61 60 60 60 60 60 59 59 58 57 56 55 54 53 53 53 53 53 52 52 52 53 55 56 58 59 61 62 63 64 64 64 65 65 65 63 58 54 49 45 41 36 35 36 38 39 40 41 42 43 43 42 42 42 42 42 41 40 38 37 36 34 33
29 29 30 30 30 31 31 31 32 32 32 32 33 34 36 38 39 41 42 44 46 48 49 51 53 55 56 57 58 59 60 61 62 62 62 61 61 61 60 60 59 58 57 56 55 54 52 52 52 52 52 52 52 52 53 54 56 57 59 60 62 62 62 62 62 62 62 62 60 56 52 49 45 41 37 36 37 38 39 41 42 43 44 44 45 46 47 47 48 47 45 43 41 40 38 36
29 29 30 30 30 31 31 31 31 32 32 32 33 34 36 38 40 42 44 46 48 49 51 53 55 57 58 59 60 61 62 63 64 64 63 63 62 61 61 60 59 58 57 55 54 53 52 51 51 51 51 52 52 52 53 54 55 57 58 60 61 62 61 61 61 60 60 60 58 54 51 48 44 41 37 37 38 39 40 41 43 44 45 46 48 49 51 52 53 52 50 48 46 44 41 39
29 29 30 30 30 31 31 31 31 32 32 32 32 35 37 39 41 43 45 48 49 51 53 55 57 59 60 61 62 63 64 65 65 66 65 64 63 62 61 60 59 58 56 55 54 52 51 50 50 51 51 51 51 52 52 54 55 56 58 59 60 61 60 60 59 58 58 57 55 53 50 47 44 41 38 38 39 40 41 42 43 44 46 48 50 52 54 56 58 57 55 52 50 47 45 42
28 29 29 30 30 31 31 31 31 32 32 32 33 35 38 40 42 45 47 49 51 53 55 57 58 60 62 62 63 64 65 66 66 67 65 64 63 62 61 60 58 57 56 55 53 52 51 50 50 50 51 51 51 51 52 53 55 56 57 59 60 60 60 59 59 58 58 58 56 53 51 48 46 43 40 40 41 42 43 44 45 45 47 48 50 52 53 55 56 55 53 52 50 48 46 44
28 28 29 29 30 30 31 31 31 32 32 33 33 36 38 41 43 46 48 51 53 54 56 58 60 62 63 64 65 65 66 67 67 67 66 65 63 62 60 59 58 56 55 54 53 52 50 50 50 50 51 51 51 51 52 53 54 56 57 58 60 60 60 59 59 58 58 58 56 54 52 49 47 45 43 42 43 44 44 45 46 47 48 49 50 51 52 53 54 54 52 51 49 48 46 45
28 28 29 29 30 30 31 31 31 32 32 33 34 36 39 42 45 47 50 52 54 56 58 60 61 63 64 65 66 66 67 68 68 68 67 65 63 62 60 58 57 56 55 54 52 51 50 50 50 50 50 51 51 51 52 53 54 55 57 58 59 60 59 59 59 58 58 58 57 55 53 51 49 47 45 44 45 45 46 46 47 48 48 49 50 50 51 52 52 52 51 50 49 48 47 46
27 28 28 29 29 30 30 31 32 32 33 33 34 37 40 43 46 49 52 54 56 58 59 61 63 64 66 66 67 68 68 69 69 69 67 65 63 61 59 57 56 55 54 53 52 51 50 50 50 50 50 50 51 51 52 53 54 55 56 58 59 59 59 59 59 58 58 58 57 55 54 52 50 49 47 46 47 47 48 48 48 49 49 49 49 50 50 50 50 50 50 49 49 48 48 48
27 27 28 29 29 30 30 31 32 32 33 34 35 38 41 44 47 50 53 56 57 59 61 63 64 66 67 68 68 69 69 70 70 70 68 66 63 61 59 57 55 54 53 53 52 51 50 50 50 50 50 50 50 51 51 52 54 55 56 57 58 59 59 59 59 58 58 58 57 56 55 53 52 50 49 49 49 49 49 49 50 50 50 49 49 49 49 48 48 48 48 48 49 49 49 49
26 27 28 28 29 29 30 31 32 32 33 34 35 38 42 45 48 51 55 57 59 61 62 64 66 67 69 69 70 70 71 71 71 71 68 66 63 61 58 56 54 53 53 52 51 51 50 50 50 50 50 50 50 50 51 52 53 55 56 57 58 59 59 59 59 58 58 58 58 57 56 55 53 52 51 51 51 51 51 51 51 51 50 50 49 48 47 47 46 46 47 48 48 49 50 50
26 27 27 28 29 29 30 31 32 33 34 34 36 39 43 46 49 53 56 59 60 62 64 65 67 68 70 70 70 71 71 72 72 71 69 66 63 61 58 55 53 53 52 52 51 50 50 50 50 50 50 50 50 50 51 52 53 54 55 56 57 58 58 58 58 58 58 58 58 57 56 56 55 54 53 53 52 52 52 52 52 51 51 50 48 47 46 45 44 45 46 47 48 49 50 51
27 27 28 29 29 30 31 32 33 34 36 37 38 41 44 48 51 54 57 59 61 62 63 64 65 67 68 68 68 69 69 70 70 70 67 65 62 60 57 55 53 52 52 51 50 50 49 49 49 49 49 49 49 49 50 51 52 53 54 55 56 57 57 57 57 57 57 57 57 56 55 55 54 53 52 52 52 51 51 51 50 50 49 48 47 46 44 43 42 43 44 46 47 49 50 52
27 28 28 29 30 30 32 33 35 36 38 39 41 44 46 49 52 55 58 60 61 61 62 63 64 65 65 66 66 67 67 68 68 68 65 63 61 59 57 54 53 52 51 51 50 49 48 48 48 48 48 48 49 49 49 50 51 52 53 54 55 55 55 55 56 56 56 56 56 55 54 54 53 52 52 51 51 50 50 49 49 48 47 46 45 44 43 41 40 41 43 45 46 48 50 52
28 28 29 30 30 31 33 34 36 38 40 41 43 46 48 51 53 56 58 60 61 61 62 62 63 63 63 64 64 65 65 66 66 66 64 62 60 58 56 54 52 52 51 50 49 49 48 47 47 48 48 48 48 48 48 49 50 51 52 52 53 54 54 54 54 54 55 55 55 54 53 53 52 52 51 50 50 49 48 48 47 47 46 44 43 42 41 40 38 40 42 44 46 48 50 52
28 29 29 30 31 32 34 36 38 40 42 44 46 48 50 52 55 57 59 61 61 61 61 61 61 61 61 62 62 63 63 64 64 64 62 60 59 57 55 54 52 51 51 50 49 48 47 47 47 47 47 47 47 47 48 48 49 50 50 51 52 52 52 53 53 53 53 54 53 53 52 52 51 51 50 50 49 48 47 47 46 45 44 43 41 40 39 38 37 38 40 43 45 47 50 52
29 29 30 31 31 32 34 37 39 41 44 46 48 50 52 54 56 58 60 61 61 61 60 60 60 59 59 60 60 61 61 62 62 62 61 59 58 56 55 53 52 51 50 49 48 47 46 46 46 46 46 46 46 47 47 47 48 48 49 50 50 51 51 51 51 52 52 52 52 52 51 51 50 50 50 49 48 47 46 45 44 43 42 41 40 38 37 36 35 36 39 42 44 47 49 52
29 30 30 31 32 33 35 38 40 43 46 48 51 52 54 56 57 59 61 62 61 60 60 59 58 57 57 58 58 59 59 60 60 60 59 58 57 55 54 53 52 51 50 49 48 47 46 45 45 45 45 46 46 46 46 47 47 47 48 48 49 49 49 50 50 50 51 51 51 51 50 50 50 49 49 48 47 46 45 44 43 42 41 39 38 37 35 34 33 35 37 40 43 46 49 52
30 30 31 32 32 33 36 39 42 44 47 50 53 54 55 57 58 60 61 62 61 60 59 58 57 56 55 56 56 57 58 58 59 59 58 57 56 55 54 53 52 51 50 48 47 46 45 45 45 45 45 45 45 45 45 46 46 46 47 47 47 48 48 48 49 49 50 50 50 50 49 49 49 48 48 47 46 45 44 42 41 40 39 38 36 35 34 33 31 33 36 40 43 46 49 52
31 32 32 33 34 35 37 40 42 45 47 49 51 53 54 55 57 58 59 60 59 59 58 57 56 56 55 56 56 57 57 58 58 58 58 57 56 55 54 53 53 51 50 49 48 47 46 45 45 45 45 45 45 45 45 46 46 46 47 47 47 48 48 48 49 49 50 50 50 49 48 47 47 46 45 44 43 42 41 41 40 39 38 37 36 35 34 33 32 34 37 40 43 46 49 52
32 33 34 35 36 37 39 41 43 45 46 48 50 51 53 54 55 56 58 58 58 57 57 56 56 56 55 56 56 57 57 58 58 58 58 57 56 56 55 54 53 52 51 50 49 48 46 46 46 45 45 45 45 45 45 45 46 46 46 47 47 48 48 48 49 49 50 50 49 48 47 46 45 44 42 41 41 40 39 39 38 37 37 36 35 34 34 33 32 34 37 40 43 46 49 52
33 34 36 37 38 39 40 42 43 45 46 48 49 50 51 52 54 55 56 57 56 56 56 56 56 55 55 56 56 57 57 58 58 58 58 57 57 56 55 55 54 53 52 51 49 48 47 46 46 46 45 45 45 45 45 45 45 46 46 47 47 48 48 48 49 49 49 50 49 48 46 44 43 41 40 39 38 38 37 37 36 36 35 35 34 34 33 33 32 34 37 40 43 46 48 51
35 36 37 38 39 40 41 42 44 45 46 47 48 49 50 51 52 53 54 55 55 55 55 55 55 55 55 56 56 57 57 57 58 58 58 57 57 56 56 56 55 54 53 51 50 49 48 47 46 46 46 45 45 44 44 45 45 46 46 47 47 47 48 48 49 49 49 50 49 47 45 43 41 39 37 36 36 35 35 35 35 34 34 34 34 34 33 33 33 35 37 40 43 45 48 51
36 37 39 40 41 42 43 43 44 45 45 46 47 48 49 49 50 51 52 53 53 54 54 54 55 55 55 56 56 56 57 57 58 58 58 57 57 57 57 56 56 55 53 52 51 49 48 47 47 46 46 45 45 44 44 45 45 46 46 47 47 47 48 48 49 49 49 50 49 46 44 41 39 36 34 33 33 33 33 33 33 33 33 33 33 33 33 33 33 35 38 40 43 45 48 50
37 39 40 41 43 44 44 44 44 45 45 45 45 46 47 48 49 50 51 51 52 53 53 54 54 55 55 56 56 56 57 57 57 58 58 58 57 57 57 57 57 55 54 53 51 50 49 48 47 47 46 45 45 44 44 44 45 45 46 46 47 47 48 48 49 49 49 50 48 45 43 40 37 34 31 30 31 31 31 31 31 32 32 32 32 33 33 33 34 35 38 40 43 45 47 50
39 40 41 43 44 46 45 45 45 45 45 44 44 45 46 47 47 48 49 50 50 51 52 53 54 54 55 55 56 56 56 57 57 57 57 57 57 58 58 58 57 56 54 53 52 50 49 48 47 47 46 45 44 44 44 44 45 45 46 46 47 47 48 48 48 49 49 49 48 45 42 39 35 32 29 28 29 29 30 30 30 31 31 32 32 33 33 34 34 36 38 40 43 45 47 49
40 41 43 44 46 47 47 46 46 45 45 44 44 45 45 46 46 47 48 48 49 50 51 52 53 54 55 55 55 55 56 56 56 56 56 56 57 57 57 57 56 55 53 52 51 50 48 47 47 46 45 45 44 43 43 44 44 45 45 46 46 46 47 47 47 48 48 48 47 44 41 39 36 33 30 30 30 30 31 31 32 32 32 33 34 34 35 35 36 37 39 41 43 45 47 49
41 43 44 46 47 48 48 47 46 46 45 44 44 44 45 45 45 46 46 47 48 49 50 51 52 53 54 54 54 55 55 55 55 56 56 56 56 56 56 56 55 54 52 51 50 49 47 46 46 45 44 44 43 43 43 43 44 44 44 45 45 46 46 46 46 47 47 47 46 43 41 39 36 34 32 31 31 32 32 32 33 33 34 34 35 36 36 37 38 39 40 42 43 45 46 48
42 44 46 47 49 50 49 48 47 46 45 44 44 44 44 44 44 45 45 45 46 48 49 50 51 52 53 54 54 54 54 54 55 55 55 55 55 55 55 55 54 53 51 50 49 48 46 45 45 44 44 43 43 42 42 43 43 43 44 44 45 45 45 45 45 46 46 46 45 43 41 39 37 35 33 32 32 33 33 34 34 34 35 36 36 37 38 39 39 40 41 43 44 45 46 47
44 45 47 49 50 51 50 49 48 47 46 44 44 43 43 43 43 43 43 44 45 46 48 49 50 52 53 53 53 53 53 54 54 54 54 54 54 54 54 53 53 52 50 49 48 47 45 44 44 44 43 43 42 42 42 42 42 43 43 43 44 44 44 44 44 45 45 45 44 42 41 39 37 36 34 33 34 34 34 35 35 35 36 37 38 39 39 40 41 42 42 43 44 45 45 46
45 47 48 50 52 53 52 50 49 47 46 44 43 43 43 43 42 42 42 42 44 45 47 48 50 51 52 52 52 52 53 53 53 53 53 53 53 53 53 52 52 51 49 48 47 46 44 44 43 43 42 42 42 41 41 42 42 42 43 43 43 43 43 43 43 44 44 44 43 42 40 39 38 36 35 35 35 35 36 36 36 36 37 38 39 40 41 42 43 43 44 44 44 45 45 45
46 48 50 51 53 54 53 51 49 48 46 44 43 43 42 42 41 41 41 41 42 44 46 47 49 50 52 52 52 52 52 52 52 52 52 52 52 52 51 51 51 50 48 47 46 45 43 43 42 42 42 41 41 41 41 41 41 42 42 42 42 43 43 43 42 42 42 42 42 41 40 39 38 37 36 36 36 36 37 37 37 38 38 39 40 41 42 43 44 45 45 45 45 45 44 44
47 49 50 52 54 55 53 52 50 48 46 45 43 43 42 42 41 41 40 40 42 44 46 47 49 51 52 52 52 52 52 52 52 52 52 51 51 51 51 51 50 49 48 47 46 44 43 43 42 42 42 42 42 42 42 42 42 42 42 42 42 42 42 42 42 42 42 42 42 41 41 40 40 39 38 38 38 39 39 39 40 40 41 42 43 44 45 46 47 47 46 46 45 45 45 44
46 47 49 51 52 53 52 51 49 48 46 45 44 44 44 44 44 44 44 44 46 48 49 51 53 54 55 55 55 55 54 54 54 54 53 53 53 52 52 52 51 50 49 48 47 46 46 45 45 46 46 47 47 47 47 47 46 46 45 45 44 44 44 45 45 45 45 45 45 45 45 44 44 44 44 44 44 44 44 45 45 45 46 47 48 48 49 50 51 50 49 49 48 47 46 45
45 46 48 49 51 52 50 49 48 47 46 45 45 45 46 46 46 47 47 48 50 51 53 55 56 58 59 58 58 57 57 56 56 56 55 55 54 54 53 53 52 51 51 50 49 49 48 48 49 49 50 51 52 53 53 52 51 49 48 47 46 46 46 47 47 48 48 48 49 49 49 49 49 49 49 49 49 50 50 50 51 51 51 52 53 53 54 54 55 54 53 51 50 49 47 46
