pluvio/pluvio-364.asc
ncols         252
nrows         154
xllcorner     -0.5
yllcorner     -153.5
cellsize      1
NODATA_value  -9999
[rows 0 to 81 of 154, columns 0 to 95 of 252]
27 28 29 30 31 31 32 32 32 32 33 32 31 29 28 27 25 24 23 22 21 20 20 19 18 17 17 16 16 16 15 15 13 12 10 8 6 4 3 2 3 3 3 3 4 4 4 4 4 5 5 5 5 6 7 9 10 11 12 13 12 11 10 9 7 6 5 4 4 4 4 3 3 3 3 3 3 4 4 4 4 5 6 7 7 8 9 10 11 11 12 12 13 13 14 14
26 28 29 31 32 32 32 33 33 34 34 33 32 31 29 28 26 25 24 23 22 21 20 19 18 18 18 18 18 17 17 17 16 13 11 9 7 5 3 3 3 3 3 4 4 4 5 5 5 5 6 6 6 7 9 10 12 13 15 16 15 13 12 10 8 6 4 4 4 4 3 3 3 3 3 3 4 4 4 5 5 6 7 8 9 10 11 12 12 12 13 13 13 14 14 14
26 27 29 31 32 33 33 34 34 35 35 34 33 32 30 29 27 26 25 24 23 22 21 20 19 19 19 19 19 19 19 20 18 15 13 11 8 6 3 3 3 3 4 4 4 5 5 5 6 6 6 7 7 9 11 12 14 16 18 20 18 16 13 11 9 6 4 4 4 3 3 3 3 2 3 3 4 4 5 5 6 7 8 9 10 11 12 13 14 14 14 14 14 14 14 14
25 27 29 32 33 34 34 35 35 36 36 36 34 33 31 30 28 27 25 25 24 23 22 21 20 20 20 20 21 21 22 22 20 17 15 12 9 6 3 3 3 4 4 4 5 5 5 6 6 7 7 8 8 10 12 14 16 18 21 23 20 18 15 12 9 7 4 3 3 3 3 2 2 2 3 3 4 5 5 6 7 8 9 10 12 13 14 15 15 15 15 15 15 15 14 14
25 27 30 32 33 34 34 34 35 35 35 35 33 32 31 29 28 26 25 24 24 23 22 21 20 20 20 21 21 22 22 22 21 18 15 12 9 7 4 3 4 4 4 5 5 5 6 6 7 7 8 8 9 11 13 15 17 19 21 23 21 18 15 12 10 7 4 3 3 3 3 2 2 2 3 3 4 5 5 6 7 8 9 11 12 13 14 15 15 15 15 15 14 14 14 13
25 27 30 32 33 33 33 33 33 33 33 32 31 30 29 28 26 25 24 24 23 22 21 21 20 20 20 20 20 21 21 21 19 17 14 12 9 7 4 4 4 4 5 5 5 5 6 6 7 7 8 8 9 10 12 14 16 18 19 21 19 17 14 12 9 7 4 4 3 3 3 3 2 2 3 3 4 5 5 6 7 8 9 10 11 12 13 14 14 14 14 14 14 13 13 13
25 27 30 32 33 32 32 31 31 31 30 29 29 28 27 26 25 24 23 23 22 22 21 21 20 20 20 20 20 20 20 19 18 16 13 11 9 7 5 4 4 5 5 5 5 5 6 6 7 7 8 8 8 10 11 13 15 16 18 19 17 15 13 11 9 7 4 4 4 3 3 3 3 2 3 4 4 5 5 6 6 7 8 9 10 11 12 13 13 13 13 13 13 12 12 12
25 27 30 32 32 32 31 30 29 28 27 27 26 25 25 24 24 23 22 22 22 21 21 20 20 20 19 19 19 19 18 18 17 15 13 11 9 7 5 5 5 5 5 5 5 5 6 6 7 7 8 8 8 10 11 12 13 15 16 17 16 14 12 10 8 6 5 4 4 4 4 3 3 3 3 4 4 5 5 6 6 7 8 9 10 11 12 12 12 12 12 12 12 11 11 11
25 27 30 32 32 31 30 28 27 26 25 24 24 23 23 22 22 22 21 21 21 21 20 20 20 20 19 19 18 18 17 17 15 14 12 10 9 7 5 5 5 5 5 5 5 6 6 6 7 7 7 8 8 9 10 11 12 13 14 15 14 12 11 9 8 6 5 5 4 4 4 4 3 3 3 4 4 5 5 6 6 7 8 8 9 10 11 11 11 11 11 11 11 11 10 10
25 27 29 32 32 30 29 27 25 24 22 21 21 21 21 21 21 21 20 20 20 20 20 20 20 19 19 18 17 16 16 15 14 12 11 10 8 7 6 5 5 5 5 6 6 6 6 6 7 7 7 8 8 9 10 10 11 12 13 13 12 11 10 9 8 6 5 5 5 4 4 4 4 3 4 4 4 5 5 5 6 6 7 8 8 9 10 10 10 10 10 10 10 10 10 9
25 27 29 32 32 30 28 26 24 22 20 19 19 19 19 19 19 19 19 20 20 20 20 20 20 19 18 17 16 15 14 14 12 11 10 9 8 7 6 6 6 6 6 6 6 6 6 6 7 7 7 8 8 9 9 9 10 10 11 11 11 10 9 8 7 6 5 5 5 5 4 4 4 4 4 4 4 5 5 5 6 6 7 7 8 8 9 9 9 9 9 9 9 9 9 9
26 28 29 31 31 29 27 25 23 21 19 18 18 19 19 19 19 20 20 20 20 20 20 20 20 20 19 17 16 15 14 13 12 11 10 9 8 7 6 6 6 6 6 6 6 5 6 6 6 7 7 7 8 8 8 9 9 10 10 11 10 9 8 8 7 6 5 5 5 5 4 4 4 4 4 4 5 5 5 6 6 7 7 7 8 8 9 9 9 9 9 9 9 9 8 9
26 28 30 31 31 29 28 26 24 22 20 20 20 20 20 20 21 21 21 21 21 21 21 21 21 20 19 18 17 16 15 13 12 11 10 9 8 7 6 6 6 6 6 5 5 5 5 6 6 6 6 7 7 7 8 9 9 10 10 11 10 9 9 8 7 6 5 5 5 5 4 4 4 4 4 5 5 6 6 7 7 8 8 8 9 9 9 9 9 9 9 9 9 9 9 9
26 28 30 31 31 30 28 26 25 23 21 21 21 21 21 22 22 22 22 22 22 22 22 22 22 21 20 19 17 16 15 14 13 12 10 9 8 7 6 6 6 5 5 5 5 5 5 5 5 6 6 6 6 7 8 8 9 10 11 11 11 10 9 8 7 6 5 5 5 5 4 4 4 4 5 5 6 7 7 8 9 9 9 9 9 9 10 10 10 10 10 10 9 9 9 9
26 28 30 31 31 30 28 27 25 24 23 22 22 22 23 23 23 23 23 23 23 23 23 23 23 22 20 19 18 17 15 14 13 12 11 10 8 7 6 6 6 5 5 5 5 5 5 5 5 5 5 5 5 6 7 8 9 10 11 12 11 10 9 8 7 6 5 5 5 5 4 4 4 4 5 6 7 7 8 9 10 10 10 10 10 10 10 10 10 10 10 10 10 10 10 10
27 28 30 31 31 30 29 27 26 25 24 23 24 24 24 24 24 25 25 24 24 24 24 23 23 22 21 20 18 17 16 14 13 12 11 10 8 7 6 6 5 5 5 5 4 4 4 4 4 4 5 5 5 6 7 8 9 10 11 12 11 10 9 8 7 6 4 4 4 4 5 5 5 5 6 6 7 8 9 10 11 11 11 11 11 11 11 10 10 10 10 10 10 10 10 10
27 28 30 31 31 30 29 28 27 26 25 25 25 25 25 25 26 26 26 26 25 25 25 24 24 23 22 20 19 17 16 15 13 12 11 10 9 7 6 6 5 5 5 4 4 4 4 4 4 4 4 4 4 5 6 8 9 10 11 13 12 10 9 8 7 5 4 4 4 4 5 5 5 5 6 7 8 9 10 11 12 12 12 12 11 11 11 11 11 11 11 11 11 11 11 11
27 28 30 31 31 30 29 28 28 27 26 26 26 26 27 27 27 27 27 27 26 26 26 25 25 24 22 21 19 18 16 15 14 12 11 10 9 7 6 6 5 5 5 4 4 4 3 3 3 3 3 3 3 4 6 7 9 10 12 13 12 11 9 8 7 5 4 4 4 4 5 5 5 5 6 7 9 10 11 12 13 13 13 12 12 12 11 11 11 11 11 11 11 11 11 11
26 27 29 30 30 30 30 29 29 29 28 28 28 28 28 28 28 28 27 27 26 26 25 25 24 23 21 20 19 17 16 14 13 12 11 9 8 7 6 5 5 5 4 4 4 4 4 4 3 3 3 3 3 4 6 7 9 10 11 13 12 10 9 8 7 5 4 4 4 4 5 5 5 5 7 8 9 10 12 13 14 14 13 13 13 12 12 11 11 11 11 11 11 11 11 11
24 26 27 29 29 30 30 30 31 31 31 31 31 30 29 29 28 27 27 26 25 25 24 23 22 21 20 19 17 16 15 13 12 11 10 9 7 6 5 5 5 4 4 4 4 4 4 4 4 4 4 4 4 5 6 7 8 10 11 12 11 10 9 8 6 5 4 4 4 5 5 5 5 6 7 8 10 11 12 14 15 14 14 13 13 12 12 12 11 11 11 11 11 11 11 11
23 24 26 27 28 29 30 31 32 33 34 34 33 32 31 30 28 27 26 25 24 23 23 22 21 20 18 17 16 15 13 12 11 10 9 8 7 6 5 4 4 4 4 4 4 4 4 4 4 4 4 4 4 5 6 7 8 9 10 12 11 9 8 7 6 5 4 4 4 5 5 5 6 6 7 9 10 11 13 14 15 15 14 14 13 13 12 12 12 11 11 11 11 11 11 11
21 23 24 26 28 29 31 33 34 36 38 37 36 34 32 30 29 27 26 25 24 22 21 20 19 18 17 16 15 13 12 11 10 9 8 7 6 5 4 4 4 4 4 4 4 4 4 4 4 5 5 5 5 5 6 7 8 9 10 11 10 9 8 7 6 5 4 4 4 5 5 6 6 6 8 9 10 12 13 15 16 15 15 14 14 13 12 12 12 11 11 11 11 11 10 11
19 21 23 25 27 29 31 34 36 38 41 40 38 36 34 31 29 27 25 24 23 21 20 19 18 16 15 14 13 12 11 10 9 8 7 6 5 4 3 3 4 4 4 4 4 5 5 5 5 5 5 5 5 6 6 7 8 9 9 10 9 9 8 7 6 5 4 4 5 5 5 6 6 7 8 10 11 12 14 15 16 16 15 15 14 13 13 12 12 11 11 11 11 10 10 10
17 19 21 23 26 29 32 35 38 41 44 43 41 38 35 32 29 27 25 23 22 20 19 17 16 15 14 13 12 11 10 9 8 7 6 5 4 4 3 3 3 4 4 4 5 5 5 5 5 5 5 5 5 6 7 7 8 8 9 10 9 8 7 6 5 5 4 4 5 5 6 6 7 7 8 10 11 13 14 16 17 16 16 15 14 14 13 12 12 12 11 11 11 10 10 10
15 18 20 22 25 28 32 36 39 43 47 46 43 40 36 33 30 26 24 23 21 19 18 16 14 13 12 11 10 10 9 8 7 6 5 5 4 3 2 2 3 3 4 4 5 5 5 5 6 6 6 6 6 6 7 7 8 8 8 9 8 8 7 6 5 4 4 4 5 5 6 6 7 7 9 10 12 13 15 16 18 17 16 15 15 14 13 12 12 12 11 11 11 10 10 10
16 18 20 22 25 29 33 36 40 44 47 47 43 40 36 33 30 26 24 22 20 18 16 15 13 12 11 10 9 8 8 7 6 5 5 4 3 3 2 2 3 3 4 4 5 5 5 5 5 5 6 6 6 6 6 7 7 8 8 8 8 7 7 6 5 5 4 5 5 6 6 7 7 8 9 10 12 13 14 16 17 16 15 15 14 13 12 12 11 11 11 10 10 10 9 9
17 19 22 24 27 30 33 36 40 43 46 46 43 39 36 33 29 26 23 21 19 17 15 13 11 10 9 9 8 7 7 6 5 5 4 4 3 2 2 2 2 3 3 4 4 5 5 5 5 5 5 5 5 6 6 6 7 7 7 8 7 7 7 6 6 6 5 6 6 7 7 7 8 8 9 10 12 13 14 15 16 15 14 14 13 12 11 10 10 10 10 9 9 9 9 9
19 21 23 25 28 31 34 37 40 43 46 45 42 39 35 32 29 26 23 21 19 16 14 12 10 9 8 7 7 6 6 5 5 4 4 3 3 2 2 2 2 3 3 3 4 4 4 4 5 5 5 5 5 5 6 6 6 7 7 7 7 7 7 7 7 6 6 7 7 7 8 8 8 9 10 10 11 12 13 14 15 14 13 12 12 11 10 9 9 9 9 8 8 8 8 8
20 22 25 27 29 32 34 37 40 42 45 44 41 38 35 32 28 25 23 20 18 15 13 11 8 7 7 6 6 5 5 4 4 3 3 3 2 2 1 2 2 2 3 3 3 4 4 4 4 4 4 4 5 5 5 5 6 6 6 7 7 7 7 7 7 7 7 7 8 8 8 9 9 9 10 10 11 12 12 13 14 13 12 11 10 10 9 8 8 8 8 8 7 7 7 7
22 24 26 28 30 33 35 37 39 42 44 43 40 37 34 31 28 25 22 20 17 15 12 9 7 6 5 5 5 4 4 4 3 3 3 2 2 2 1 1 2 2 2 3 3 3 3 4 4 4 4 4 4 4 5 5 5 6 6 6 6 7 7 7 8 8 8 8 9 9 9 9 9 10 10 10 11 11 12 12 13 12 11 10 9 9 8 7 7 7 7 7 7 6 6 7
23 25 28 30 32 34 35 37 39 41 43 42 39 36 33 31 28 25 22 19 16 14 11 8 5 4 4 4 3 3 3 3 2 2 2 2 1 1 1 1 1 2 2 2 2 3 3 3 3 3 4 4 4 4 4 5 5 5 5 5 6 6 7 8 8 9 9 9 9 10 10 10 10 10 10 10 11 11 11 11 12 11 10 9 8 7 7 6 6 6 6 6 6 6 6 6
25 27 29 31 33 34 36 38 39 41 42 41 39 36 33 30 27 24 22 19 16 13 10 7 4 3 3 2 2 2 2 2 2 2 1 1 1 1 1 1 1 1 2 2 2 2 2 3 3 3 3 3 4 4 4 4 4 4 5 5 6 6 7 8 9 9 10 10 10 10 10 10 10 10 10 10 10 10 11 11 11 10 9 8 7 6 5 5 5 5 5 5 5 5 5 5
26 28 30 32 34 35 37 38 39 41 42 41 38 35 32 29 26 23 20 17 14 11 9 6 3 2 2 2 2 2 2 2 2 1 1 1 1 1 1 1 1 1 2 2 2 2 2 2 3 3 3 3 3 4 4 4 4 5 5 5 6 7 7 8 9 10 11 11 11 11 11 11 11 11 11 11 11 11 10 10 10 9 8 8 7 6 5 4 4 4 5 5 5 5 5 5
26 29 31 33 35 36 37 38 39 40 42 40 37 34 30 27 24 20 17 15 13 10 8 5 3 2 2 2 2 2 2 2 2 2 2 1 1 1 1 1 1 1 2 2 2 2 2 2 3 3 3 3 3 4 4 4 5 5 5 6 6 7 8 9 10 10 11 11 12 12 12 12 13 13 12 12 12 11 11 10 10 9 8 7 7 6 5 4 4 5 5 5 5 5 5 5
27 29 32 34 36 37 37 38 39 40 41 40 36 32 29 25 21 18 15 13 11 9 7 5 3 2 2 2 2 2 2 2 2 2 2 2 1 1 1 1 1 1 2 2 2 2 2 2 3 3 3 3 3 4 4 5 5 5 6 6 7 8 8 9 10 11 12 12 12 13 13 13 14 14 13 13 12 12 11 10 10 9 8 7 7 6 5 5 5 5 5 5 5 5 5 5
28 30 32 35 36 37 38 39 40 40 41 39 35 31 27 23 19 15 13 11 9 8 6 4 3 2 2 2 2 2 2 2 2 2 2 2 2 1 1 1 1 2 2 2 2 2 2 2 3 3 3 3 3 4 4 5 5 6 6 7 7 8 9 10 11 11 12 13 13 14 14 15 15 15 15 14 13 12 11 10 9 9 8 7 7 6 5 5 5 5 5 5 5 5 5 5
28 31 33 36 37 38 38 39 40 40 41 39 34 30 26 21 17 13 10 9 8 6 5 4 2 2 2 2 2 2 2 2 2 2 2 2 2 1 1 1 1 2 2 2 2 2 2 2 3 3 3 3 3 4 4 5 6 6 7 7 8 9 9 10 11 12 13 13 14 14 15 16 16 17 16 15 14 12 11 10 9 9 8 7 7 6 5 5 5 5 5 5 5 5 5 5
29 31 34 37 38 39 39 39 40 40 41 38 34 29 24 20 15 11 8 7 6 5 4 3 2 2 2 2 2 2 2 2 2 2 2 2 2 2 1 1 2 2 2 2 2 2 2 2 3 3 3 3 3 4 5 5 6 6 7 8 8 9 10 11 12 12 13 14 15 15 16 17 17 18 17 16 14 13 12 10 9 8 8 7 7 6 5 5 5 5 5 5 5 5 5 5
29 32 35 38 39 39 39 40 40 40 40 38 33 28 23 18 13 8 6 5 5 4 3 3 2 2 2 2 2 2 3 3 3 2 2 2 2 2 2 2 2 2 2 2 2 2 2 2 3 3 3 3 3 4 5 5 6 7 7 8 9 10 10 11 12 13 14 14 15 16 17 18 19 19 18 16 15 13 12 10 9 8 8 7 7 6 5 5 5 5 5 5 5 5 5 5
30 33 36 39 40 40 41 41 41 41 41 38 34 29 24 19 14 9 7 6 6 5 5 4 4 3 3 3 3 3 3 3 3 3 2 2 2 2 2 2 2 2 2 2 2 2 2 2 3 3 3 3 3 4 4 5 6 6 7 8 8 9 10 10 11 12 13 14 14 15 16 17 18 19 18 16 15 14 12 11 9 9 8 7 7 6 6 5 5 5 5 5 5 5 5 5
30 34 37 40 42 42 42 42 42 42 42 40 35 30 25 20 15 11 8 8 7 7 6 6 5 5 5 4 4 4 4 3 3 3 3 2 2 2 2 2 2 2 2 2 2 2 2 3 3 3 3 3 3 4 4 5 5 6 6 7 7 8 8 9 10 10 11 12 13 14 15 16 17 18 17 16 15 14 13 12 10 10 9 8 7 6 6 5 5 5 5 5 5 5 4 5
31 34 38 41 43 43 43 43 43 44 44 41 36 31 27 22 17 12 10 10 9 9 8 8 7 7 6 6 5 5 4 4 3 3 3 2 2 2 2 2 2 2 2 2 2 2 3 3 3 3 3 3 3 3 4 4 4 5 5 6 6 7 7 8 9 9 10 11 12 13 14 15 17 18 17 16 15 14 13 12 11 11 10 9 8 7 6 5 5 5 5 4 4 4 4 4
31 35 39 42 44 44 44 45 45 45 45 42 38 33 28 23 19 14 12 11 11 11 10 10 9 9 8 7 6 5 5 4 3 3 3 3 2 2 2 2 2 2 2 2 2 3 3 3 3 3 3 3 3 3 3 3 4 4 4 4 5 6 6 7 7 8 8 10 11 12 13 14 16 17 16 16 15 14 14 13 13 11 10 9 8 7 6 5 5 4 4 4 4 4 4 3
32 36 40 44 46 46 46 46 46 46 46 43 39 34 30 25 20 16 14 13 13 12 12 12 11 10 9 8 7 6 5 4 4 3 3 3 2 2 2 2 2 2 2 2 3 3 3 3 3 3 3 3 3 3 3 3 3 3 3 3 4 4 5 5 6 6 7 8 10 11 12 14 15 16 16 15 15 15 14 14 14 12 11 10 9 7 6 5 5 4 4 4 4 3 3 3
32 36 41 45 47 47 47 47 47 47 47 45 40 36 31 27 22 17 15 15 15 14 14 14 13 12 11 10 8 7 6 5 4 4 3 3 2 2 2 2 2 2 2 3 3 3 3 3 3 3 3 2 2 2 2 2 2 2 2 2 3 3 4 4 5 5 5 7 8 10 11 13 14 15 15 15 15 15 15 15 15 13 12 10 9 8 6 5 4 4 4 3 3 3 3 2
33 37 42 46 48 48 48 48 48 48 49 46 42 37 33 28 24 19 17 17 17 16 16 15 15 14 12 11 9 8 6 5 4 4 3 3 2 2 2 2 2 2 2 3 3 3 3 3 3 3 3 2 2 2 2 2 2 2 2 1 2 2 3 3 3 4 4 6 7 9 10 12 13 15 15 15 15 15 15 16 16 14 12 11 9 8 6 5 4 4 4 3 3 2 2 2
34 39 44 49 51 51 50 50 49 49 49 46 42 37 33 29 24 20 18 18 18 17 17 17 17 16 14 12 11 9 8 6 5 5 4 3 3 2 2 2 2 2 2 3 3 3 3 3 3 3 3 2 2 2 2 2 2 2 2 2 2 2 3 3 3 4 4 6 7 9 10 12 13 15 15 15 15 15 15 15 15 13 12 10 9 8 6 5 4 4 4 3 3 2 2 2
37 42 47 52 54 53 52 51 50 49 48 45 41 37 33 29 24 20 19 19 18 18 18 18 18 17 16 14 12 10 9 7 6 5 5 4 3 3 2 2 2 2 2 3 3 3 3 3 3 3 2 2 2 2 2 2 2 2 2 2 2 3 3 4 4 4 5 6 8 9 10 12 13 15 14 14 14 14 14 14 13 12 11 10 8 7 6 5 4 4 4 3 3 2 2 2
39 44 50 55 57 55 54 52 51 49 48 45 41 37 33 29 25 21 19 19 19 20 20 20 20 19 17 15 14 12 10 8 7 6 5 5 4 3 2 2 2 2 2 2 3 3 3 3 3 3 2 2 2 2 2 2 2 2 2 2 3 3 4 4 5 5 6 7 8 9 11 12 13 15 14 14 13 13 13 12 12 11 10 9 8 7 6 5 4 4 4 3 3 2 2 2
41 47 53 58 60 58 56 54 52 50 48 44 41 37 33 29 25 21 20 20 20 21 21 21 22 21 19 17 15 13 11 9 8 7 6 5 4 3 2 2 2 2 2 2 2 3 3 2 2 2 2 2 2 2 2 3 3 3 3 3 3 4 4 5 5 6 6 7 9 10 11 12 13 15 14 13 13 12 12 11 11 10 9 8 7 6 6 5 4 4 4 3 3 2 2 2
43 49 55 61 63 60 58 55 53 50 47 44 40 36 33 29 25 21 20 21 21 22 22 23 23 22 20 18 16 14 12 10 9 8 7 6 4 3 2 2 2 2 2 2 2 2 2 2 2 2 2 2 2 3 3 3 3 3 3 3 4 4 5 5 6 6 7 8 9 10 11 12 14 15 14 13 12 12 11 10 9 9 8 7 7 6 5 5 4 4 4 3 3 2 2 2
45 52 58 65 66 63 60 57 53 50 47 44 40 36 33 29 25 22 21 21 22 23 23 24 25 24 22 20 18 16 14 12 10 9 7 6 5 4 2 2 2 2 2 2 2 2 2 2 2 2 2 2 2 3 3 3 3 3 3 4 4 5 5 6 6 7 7 8 9 10 12 13 14 15 14 13 12 11 10 9 8 7 7 6 6 6 5 5 4 4 4 3 3 2 2 2
47 54 61 68 69 65 62 58 54 50 47 43 40 36 32 29 25 22 21 22 23 24 25 26 27 25 23 21 19 17 15 13 11 10 8 7 5 4 2 2 2 2 2 2 2 2 2 2 2 2 2 2 3 3 3 3 3 4 4 4 5 5 6 6 7 7 8 9 10 11 12 13 14 15 14 12 11 10 9 8 6 6 6 6 5 5 5 5 4 4 4 3 3 2 2 2
46 52 57 63 64 61 57 54 50 46 43 39 36 33 30 27 24 21 20 21 22 23 24 25 25 24 22 20 18 16 14 12 11 9 8 6 5 4 2 2 2 2 2 2 2 2 2 2 2 2 2 2 2 3 3 3 3 3 4 4 4 5 5 6 7 7 8 9 9 10 11 12 13 14 13 11 10 9 8 7 6 5 5 5 5 5 4 4 4 3 3 3 2 2 2 2
43 48 53 58 58 55 52 48 45 41 38 35 33 30 27 25 22 20 19 20 21 22 22 23 24 23 21 19 17 15 13 11 10 9 7 6 5 4 2 2 2 2 2 2 2 2 2 2 2 2 2 2 2 2 2 3 3 3 3 3 4 4 5 6 6 7 7 8 9 10 10 11 12 13 12 10 9 8 7 6 5 5 4 4 4 4 4 3 3 3 3 2 2 2 2 2
40 44 48 52 52 49 46 43 40 37 33 31 29 27 25 23 21 19 18 19 20 20 21 22 22 21 19 18 16 14 12 10 9 8 7 6 4 3 2 2 2 2 2 2 2 2 2 2 2 2 2 2 2 2 2 2 2 3 3 3 3 4 5 5 6 6 7 8 8 9 10 10 11 12 11 10 8 7 6 5 4 4 4 4 3 3 3 3 3 2 2 2 2 2 1 2
38 40 43 46 46 43 40 37 35 32 29 27 25 24 22 20 19 17 17 18 18 19 19 20 21 20 18 16 15 13 11 10 8 7 6 5 4 3 2 2 2 2 2 2 1 1 1 1 1 1 1 2 2 2 2 2 2 2 2 2 3 3 4 5 5 6 6 7 8 8 9 9 10 11 10 9 8 7 5 4 3 3 3 3 3 2 2 2 2 2 2 2 1 1 1 1
35 37 39 40 40 37 35 32 29 27 24 22 21 20 19 18 17 16 16 17 17 18 18 19 19 18 17 15 13 12 10 9 8 7 6 5 4 3 2 2 2 2 2 1 1 1 1 1 1 1 1 1 1 1 1 2 2 2 2 2 2 3 4 4 5 5 6 6 7 7 8 8 9 9 9 8 7 6 5 4 3 3 2 2 2 2 2 1 1 1 1 1 1 1 1 1
32 33 34 35 34 31 29 27 24 22 20 18 18 17 17 16 16 15 15 15 16 16 17 17 18 17 15 14 12 11 9 8 7 6 5 4 4 3 2 2 2 1 1 1 1 1 1 1 1 1 1 1 1 1 1 1 1 1 1 1 2 3 3 4 4 5 6 6 6 7 7 8 8 8 7 7 6 5 4 3 2 2 2 2 1 1 1 1 1 1 1 1 1 1 1 1
30 29 29 29 28 26 23 21 19 17 15 14 14 14 14 14 14 14 14 14 15 15 15 16 16 15 14 12 11 10 8 7 6 5 5 4 3 2 2 2 1 1 1 1 1 1 1 1 1 1 1 1 1 1 1 1 1 1 1 1 2 2 3 3 4 5 5 5 6 6 6 7 7 7 6 6 5 4 3 2 1 1 1 1 1 0 0 0 0 0 0 0 0 0 0 1
28 27 27 27 26 23 21 19 17 15 13 12 12 13 13 13 13 13 13 13 13 14 14 14 14 14 12 11 10 9 8 6 6 5 4 4 3 2 2 1 1 1 1 1 1 1 1 1 1 1 1 1 1 1 1 1 1 1 1 1 1 2 3 3 4 4 5 5 5 6 6 6 6 7 6 5 4 4 3 2 1 1 1 1 1 0 0 0 0 0 0 0 0 0 0 1
26 26 25 25 24 22 20 18 16 14 12 11 11 11 11 11 11 11 12 12 12 12 12 12 13 12 11 10 9 8 7 6 5 5 4 3 3 2 2 1 1 1 1 1 1 1 1 1 1 1 1 1 1 1 1 1 1 1 1 1 1 2 2 3 4 4 5 5 5 5 5 5 6 6 5 5 4 3 3 2 1 1 1 1 1 0 0 0 0 0 0 0 0 0 0 1
24 24 23 23 22 20 18 17 15 13 11 10 10 10 10 10 10 10 10 10 10 11 11 11 11 10 9 9 8 7 6 5 5 4 4 3 3 2 2 1 1 1 1 1 1 1 1 1 1 1 1 1 1 1 1 1 1 1 1 1 1 2 2 3 3 4 4 5 5 5 5 5 5 5 5 4 3 3 2 2 1 1 1 1 1 0 0 0 0 0 0 0 0 0 0 1
22 22 22 21 20 19 17 15 13 11 10 9 9 9 9 9 9 9 9 9 9 9 9 9 9 9 8 7 7 6 5 5 4 4 3 3 2 2 1 1 1 1 1 1 1 1 1 1 1 1 1 1 1 1 1 1 1 1 1 1 1 2 2 3 3 4 4 4 4 4 4 4 4 4 4 3 3 3 2 2 1 1 1 1 1 0 0 0 0 0 0 0 0 0 0 0
20 20 20 20 19 17 15 14 12 10 8 8 8 8 8 8 8 8 8 8 8 8 8 7 7 7 7 6 6 5 5 4 4 3 3 3 2 2 1 1 1 1 1 1 1 1 1 1 1 1 1 1 1 1 1 1 1 1 1 1 1 2 2 3 3 4 4 4 4 4 4 4 4 4 3 3 3 2 2 2 1 1 1 1 1 0 0 0 0 0 0 0 0 0 0 0
18 18 18 18 17 15 14 12 11 9 7 7 7 7 7 7 7 7 7 6 6 6 6 6 6 6 5 5 5 4 4 4 3 3 3 2 2 2 1 1 1 1 1 1 1 1 1 1 1 1 1 1 1 1 1 1 1 1 1 1 1 2 2 3 3 3 4 4 4 3 3 3 3 3 3 2 2 2 2 1 1 1 1 1 1 0 0 0 0 0 0 0 0 0 0 0
16 16 16 16 15 14 12 11 9 8 6 5 5 5 5 5 5 5 5 5 5 5 4 4 4 4 4 4 4 3 3 3 3 3 2 2 2 1 1 1 1 1 1 1 1 1 1 1 1 1 1 1 1 1 1 1 1 1 1 1 1 2 2 2 3 3 4 3 3 3 3 3 2 2 2 2 2 2 1 1 1 1 1 1 1 0 0 0 0 0 0 0 0 0 0 0
15 15 14 14 13 12 11 9 8 7 5 5 5 5 5 5 5 5 5 4 4 4 4 4 4 3 3 3 3 3 3 3 3 3 2 2 2 1 1 1 1 1 1 1 1 1 1 1 1 1 1 1 1 1 1 1 2 2 2 2 3 3 3 3 3 3 4 3 3 3 3 3 2 2 2 2 2 2 1 1 1 1 1 1 1 0 0 0 0 0 0 0 0 0 0 0
13 13 12 12 12 10 9 8 7 6 4 4 4 4 4 4 4 4 4 4 4 3 3 3 3 3 3 3 3 3 3 3 3 3 2 2 2 2 1 1 1 1 1 1 1 1 1 1 1 1 1 1 1 1 2 2 3 3 4 4 4 4 4 4 4 4 3 3 3 3 3 2 2 2 2 2 2 2 1 1 1 1 1 1 1 0 0 0 0 0 0 0 0 0 0 1
11 11 11 10 10 9 8 7 6 5 4 3 3 3 3 3 3 3 3 3 3 3 3 3 3 3 3 3 3 3 3 3 3 2 2 2 2 2 1 1 1 1 1 1 1 1 1 1 1 1 1 1 1 1 2 3 4 4 5 6 6 5 5 5 4 4 3 3 3 3 3 2 2 2 2 2 2 1 1 1 1 1 1 1 1 0 0 0 0 0 0 0 0 0 1 1
9 9 9 8 8 7 6 5 4 4 3 2 2 2 2 2 2 2 2 2 2 2 2 2 2 2 2 2 3 3 3 3 3 2 2 2 2 2 1 1 1 1 1 1 1 0 0 0 1 1 1 1 1 2 3 4 5 6 7 8 7 7 6 5 5 4 3 3 3 3 3 2 2 2 2 2 2 1 1 1 1 1 1 1 1 0 0 0 0 0 0 0 1 1 1 1
7 7 7 6 6 5 5 4 3 3 2 2 2 2 2 2 2 2 2 2 2 2 2 2 2 2 2 2 2 2 2 3 3 2 2 2 2 2 2 1 1 1 1 1 0 0 0 0 0 1 1 1 1 2 3 4 6 7 8 9 9 8 7 6 5 4 3 3 3 3 2 2 2 2 2 2 2 1 1 1 1 1 1 1 1 0 0 0 0 0 0 1 1 1 1 1
6 5 5 4 4 3 3 3 2 2 1 1 1 1 1 1 1 1 1 1 1 1 1 1 1 2 2 2 2 2 2 2 2 2 2 2 2 2 2 2 1 1 1 1 0 0 0 0 0 0 1 1 1 2 4 5 7 8 10 11 10 9 8 7 6 4 3 3 3 3 2 2 2 2 2 2 1 1 1 1 1 1 1 1 0 0 0 0 0 0 0 1 1 1 1 1
4 3 3 2 2 2 1 1 1 1 0 0 0 0 0 0 0 0 0 1 1 1 1 1 1 1 1 2 2 2 2 2 2 2 2 2 2 2 2 2 1 1 1 1 0 0 0 0 0 0 1 1 1 2 4 6 8 9 11 13 12 10 9 8 6 5 3 3 3 3 2 2 2 2 2 2 1 1 1 1 1 1 1 1 0 0 0 0 0 0 1 1 1 1 1 1
3 3 2 2 2 2 1 1 1 1 0 0 0 0 0 0 0 0 1 1 1 1 1 1 1 1 2 2 2 2 2 2 2 2 2 2 2 2 2 2 1 1 1 1 0 0 0 0 0 0 1 1 1 2 4 6 8 9 11 13 12 10 9 8 6 5 3 3 3 2 2 2 2 2 1 1 1 1 1 1 1 1 1 1 0 0 0 0 0 0 1 1 1 1 1 1
3 2 2 2 2 1 1 1 1 1 0 0 0 0 1 1 1 1 1 1 1 1 1 1 2 2 2 2 2 2 2 3 2 2 2 2 2 2 2 2 1 1 1 1 0 0 0 0 0 0 1 1 1 2 4 6 8 10 11 13 12 10 9 7 6 4 3 3 2 2 2 2 2 1 1 1 1 1 1 1 1 1 1 0 0 0 0 0 0 0 0 1 1 1 1 1
2 2 2 1 1 1 1 1 1 1 1 1 1 1 1 1 1 1 1 1 1 1 2 2 2 2 2 2 2 2 3 3 3 2 2 2 2 2 2 2 1 1 1 1 0 0 0 0 0 0 1 1 1 2 4 6 8 10 11 13 12 10 9 7 6 4 3 2 2 2 2 2 2 1 1 1 1 1 1 1 1 1 1 0 0 0 0 0 0 0 0 0 1 1 1 1
2 1 1 1 1 1 1 1 1 1 1 1 1 1 1 1 1 1 1 1 1 2 2 2 2 2 2 2 3 3 3 3 3 2 2 2 2 2 2 1 1 1 1 1 0 0 0 0 0 1 1 1 1 2 4 6 8 10 11 13 12 10 9 7 6 4 3 2 2 2 2 2 1 1 1 1 1 1 1 1 0 0 0 0 0 0 0 0 0 0 0 0 0 1 1 1
1 1 1 1 1 1 1 1 1 1 1 1 1 1 1 1 1 1 1 1 2 2 2 2 3 3 3 3 3 3 3 3 3 3 2 2 2 2 2 1 1 1 1 1 0 0 0 0 0 1 1 1 1 2 4 6 8 10 11 13 12 10 9 7 6 4 2 2 2 2 2 1 1 1 1 1 1 1 1 0 0 0 0 0 0 0 0 0 0 0 0 0 0 0 0 0
1 1 1 0 0 1 1 1 1 1 1 1 1 1 1 1 1 1 1 2 2 2 2 3 3 3 3 3 3 3 3 3 3 3 2 2 2 2 2 1 1 1 1 1 0 0 0 0 0 1 1 1 1 3 4 6 8 10 12 13 12 10 9 7 5 4 2 2 2 2 1 1 1 1 1 1 1 0 0 0 0 0 0 0 0 0 0 0 0 0 0 0 0 0 0 0
0 0 0 0 0 0 0 1 1 1 1 1 1 1 1 1 1 1 2 2 2 2 3 3 3 3 3 3 3 3 3 3 3 3 2 2 2 2 2 1 1 1 1 0 0 0 0 0 0 1 1 1 1 3 4 6 8 10 12 13 12 10 9 7 5 4 2 2 2 1 1 1 1 1 1 1 0 0 0 0 0 0 0 0 0 0 0 0 0 0 0 0 0 0 0 0
0 0 0 0 0 0 1 1 1 1 1 1 1 1 1 1 1 1 2 2 2 2 3 3 3 3 3 3 3 3 3 3 3 3 2 2 2 2 2 1 1 1 1 1 0 0 0 0 1 1 1 1 1 2 4 5 7 8 10 12 10 9 8 6 5 3 2 2 1 1 1 1 1 1 1 1 0 0 0 0 0 0 0 0 0 0 0 1 0 0 0 0 0 0 0 0
