pluvio/pluvio-309.asc
ncols         252
nrows         154
xllcorner     -0.5
yllcorner     -153.5
cellsize      1
NODATA_value  -9999
[rows 53 to 105 of 154, columns 0 to 95 of 252]
72 64 57 49 46 46 46 47 47 47 47 48 50 52 53 55 57 58 57 54 51 48 45 43 40 40 42 45 47 50 52 54 56 58 61 63 65 67 69 67 64 60 57 54 51 48 47 48 48 48 48 49 49 49 50 50 51 52 52 53 52 52 52 52 51 51 51 49 48 46 44 43 41 39 39 38 38 37 37 36 36 38 40 42 44 46 48 50 51 53 54 55 57 58 60 62
70 63 55 48 45 45 46 46 46 47 47 48 50 51 53 54 56 57 56 53 51 48 45 43 40 41 43 45 48 50 53 55 57 59 60 62 63 65 66 65 63 60 58 56 53 51 50 51 51 51 51 51 51 51 52 52 52 52 53 53 53 52 52 52 52 51 51 49 48 46 44 43 41 39 39 38 38 37 36 36 35 37 39 41 42 44 46 48 49 50 52 53 55 56 57 60
67 61 54 48 45 45 45 46 46 47 47 48 49 50 52 53 54 56 55 52 50 47 45 43 40 41 44 46 49 51 54 56 58 59 60 61 62 63 64 63 62 60 59 57 56 54 54 54 53 53 53 53 53 53 53 53 53 53 53 53 53 53 52 52 52 51 51 50 48 46 44 43 41 39 39 38 37 37 36 35 35 36 38 39 41 42 44 45 47 48 50 51 52 54 55 58
65 59 53 47 44 44 45 45 46 46 47 48 49 50 51 52 53 54 53 51 49 47 45 43 41 42 44 47 49 52 54 57 58 59 59 60 61 61 62 61 61 60 59 59 58 57 57 57 56 56 56 55 55 55 55 55 54 54 54 54 53 53 53 52 52 52 51 50 48 46 45 43 41 39 39 38 37 36 36 35 34 35 37 38 39 40 42 43 44 46 47 49 50 52 53 55
63 57 52 46 44 44 44 45 45 46 46 47 48 49 50 51 52 53 52 50 48 47 45 43 41 42 45 47 50 53 55 58 59 59 59 59 59 59 60 60 60 60 60 60 60 60 60 60 59 59 58 58 57 57 56 56 55 55 55 54 54 53 53 53 52 52 52 50 48 46 45 43 41 39 38 38 37 36 35 35 34 35 36 37 38 39 40 41 42 44 45 47 48 50 51 53
60 55 50 45 43 44 44 45 45 46 46 47 48 48 49 50 51 52 51 49 48 46 45 43 41 43 45 48 51 53 56 59 59 59 59 58 58 58 57 58 59 60 61 62 63 64 63 63 62 61 61 60 59 59 58 57 57 56 55 55 54 54 53 53 53 52 52 50 48 46 45 43 41 39 38 38 37 36 35 34 33 34 35 35 36 37 37 38 40 41 43 45 46 48 49 50
58 54 49 44 42 43 44 44 45 45 46 47 47 48 48 49 50 50 50 48 47 46 44 43 42 43 46 49 51 54 57 60 60 59 58 57 57 56 55 56 58 60 61 63 65 67 66 66 65 64 63 62 61 60 60 59 58 57 56 55 54 54 54 53 53 52 52 50 48 47 45 43 41 39 38 37 36 36 35 34 33 33 34 34 35 35 35 36 38 39 41 42 44 46 47 48
58 54 49 45 43 44 45 45 46 47 47 48 50 51 52 53 54 56 56 54 53 52 51 50 49 50 52 54 57 59 61 63 64 64 64 64 64 64 64 65 66 68 69 71 72 74 73 71 70 68 67 65 63 62 61 60 59 58 57 56 55 55 54 54 53 53 52 51 49 47 46 44 43 41 40 39 38 37 36 34 33 33 34 34 34 34 34 34 36 38 40 42 44 46 48 49
58 54 50 46 45 45 46 47 48 48 49 51 52 54 56 58 60 62 62 61 61 60 59 58 57 58 59 61 62 64 65 67 68 69 70 71 72 73 74 75 76 77 78 79 81 82 80 78 75 73 70 68 65 64 63 62 61 60 58 57 57 56 55 54 54 53 52 51 50 48 47 46 44 43 42 40 39 38 37 35 34 34 34 34 33 33 33 33 35 38 40 43 45 47 49 51
58 54 51 47 46 47 47 48 49 50 51 53 55 58 61 63 66 68 69 68 68 67 66 66 65 66 66 67 68 69 70 71 72 74 76 78 80 82 84 85 86 86 87 88 89 89 87 84 80 77 74 71 67 66 65 63 62 61 60 59 58 57 56 55 54 53 52 51 50 49 48 47 46 45 43 42 41 39 38 36 35 34 34 33 33 32 32 32 35 37 40 43 45 48 51 52
58 55 51 48 47 48 49 50 51 51 52 55 58 61 65 68 72 75 76 75 75 75 74 74 73 73 74 74 74 74 74 75 77 80 82 85 88 91 94 95 95 96 96 96 97 97 94 90 86 82 78 74 69 68 66 65 64 62 61 60 59 58 57 55 54 53 52 51 51 50 49 48 48 47 45 44 42 40 39 37 35 35 34 33 32 32 31 31 34 37 40 43 46 49 52 54
58 55 52 49 48 49 50 51 52 53 54 57 61 65 69 73 77 81 83 83 82 82 82 82 81 81 81 80 80 79 79 78 81 85 89 93 96 100 104 105 105 105 105 105 105 105 101 96 91 86 81 76 72 70 68 67 65 64 63 61 60 59 57 56 55 53 52 52 51 51 50 50 49 49 47 45 43 42 40 38 36 35 34 33 32 31 30 29 33 36 40 43 47 50 53 55
59 56 53 50 49 50 51 52 54 55 56 59 64 69 73 78 83 88 90 90 90 90 90 89 89 89 88 87 86 84 83 82 85 90 95 100 105 109 114 115 115 114 114 113 113 113 108 102 97 91 85 79 74 71 70 68 67 65 64 62 61 60 58 57 55 54 52 52 52 52 51 51 51 51 49 47 45 43 41 39 37 35 34 33 31 30 29 28 32 36 39 43 47 51 55 57
59 56 54 51 50 52 53 54 55 56 57 61 67 72 78 83 89 94 96 97 97 97 97 97 98 97 95 93 91 90 88 86 90 95 101 107 113 119 124 125 124 124 123 122 121 120 115 108 102 95 89 82 76 73 72 70 68 67 65 64 62 60 59 57 56 54 52 52 52 52 53 53 53 53 51 48 46 44 42 39 37 36 34 33 31 29 28 27 31 35 39 43 48 52 56 58
60 58 55 53 52 53 54 55 56 58 59 62 67 72 77 82 87 92 94 94 94 94 94 94 94 94 93 93 92 91 91 90 94 99 104 109 115 120 125 126 126 125 124 124 123 123 118 111 105 99 92 86 80 77 75 73 71 69 67 65 64 62 60 59 57 56 54 54 54 55 55 55 55 55 53 50 48 45 43 40 38 36 35 33 32 30 29 28 31 35 39 42 46 50 53 55
62 60 57 54 54 55 56 57 58 59 60 63 67 72 76 80 85 89 91 91 91 90 90 90 90 90 91 91 92 93 93 94 97 102 107 111 116 121 126 126 126 126 126 125 125 125 120 114 108 102 96 90 84 81 79 76 74 71 69 67 65 64 62 61 59 58 56 56 57 57 57 57 58 58 55 52 50 47 44 41 39 37 36 35 33 32 30 29 32 35 38 41 44 47 50 52
64 61 59 56 55 56 57 58 59 60 61 64 67 71 75 79 83 87 88 87 87 87 86 86 86 87 89 90 92 94 96 98 101 105 109 114 118 122 126 127 127 127 127 127 127 127 122 116 111 105 99 94 88 85 82 79 76 74 71 68 66 65 64 62 61 60 58 58 59 59 59 60 60 60 57 54 51 48 45 42 39 38 37 36 34 33 32 31 33 35 37 40 42 44 47 49
66 63 60 58 57 58 59 60 60 61 62 64 68 71 74 77 81 84 85 84 84 83 83 82 81 83 86 89 92 95 99 102 105 109 112 116 119 123 126 127 127 128 128 128 128 129 124 119 114 108 103 98 92 89 86 82 79 76 73 69 68 67 65 64 63 61 60 60 61 61 62 62 62 63 60 56 53 50 47 43 40 39 38 37 36 34 33 32 34 35 37 38 40 42 43 46
67 65 62 60 59 59 60 61 62 63 63 65 68 71 73 76 79 81 82 81 80 79 79 78 77 80 84 88 93 97 101 105 109 112 115 118 121 123 126 128 128 128 129 129 130 130 127 122 117 112 107 102 97 93 89 85 82 78 75 71 69 68 67 66 65 63 62 63 63 63 64 64 65 65 62 58 55 51 48 44 41 40 39 38 37 36 35 34 34 35 36 37 38 39 40 43
69 67 64 61 60 61 62 62 63 64 65 66 68 70 72 74 76 78 79 78 77 76 75 74 73 76 82 87 93 98 104 109 113 115 117 120 122 124 127 128 129 129 130 131 132 132 129 124 119 115 110 105 101 97 93 89 84 80 76 72 71 70 69 68 66 65 64 65 65 66 66 67 67 68 64 60 57 53 49 45 42 41 40 39 38 37 36 35 35 35 36 36 36 36 37 40
71 68 66 63 62 63 63 64 65 65 66 67 68 70 71 73 74 76 76 74 73 72 71 70 69 73 79 86 93 100 106 113 116 118 120 122 123 125 127 128 129 130 131 132 133 134 131 127 122 118 114 109 105 101 96 92 87 83 78 74 72 71 70 69 68 67 66 67 67 68 68 69 70 70 66 62 58 54 50 46 42 42 41 40 39 38 37 36 36 36 35 35 34 34 34 37
71 68 66 63 62 63 63 64 65 65 66 67 69 70 72 73 75 77 77 76 75 74 73 72 72 75 82 88 95 101 108 114 117 118 120 121 122 124 125 126 128 129 130 132 133 135 131 127 123 118 114 110 105 101 96 92 88 83 79 75 73 72 71 70 69 68 67 68 68 69 69 70 71 71 67 64 60 56 52 48 44 43 43 42 41 40 40 39 38 38 37 37 36 36 36 38
70 68 66 63 63 63 64 64 65 65 66 67 69 71 72 74 76 78 78 77 77 76 76 75 75 79 85 91 97 103 109 115 118 119 119 120 121 122 123 124 126 128 130 131 133 135 132 127 123 118 114 110 105 101 97 92 88 84 80 76 74 73 72 71 70 69 68 69 69 70 70 71 72 72 69 65 61 57 54 50 46 45 45 44 43 43 42 41 41 40 39 39 38 38 38 40
70 68 66 63 63 63 64 64 65 65 66 67 69 71 73 75 77 79 79 79 79 78 78 78 78 82 87 93 99 105 111 117 118 119 119 119 120 120 120 122 124 127 129 131 133 135 132 128 123 119 114 110 105 101 97 93 89 85 81 76 75 74 73 72 71 70 69 70 70 71 71 72 73 73 70 66 62 59 55 51 48 47 47 46 45 45 44 44 43 42 42 41 41 40 40 42
70 68 66 64 63 64 64 65 65 66 66 67 69 71 73 75 78 80 80 80 81 81 81 81 81 85 90 96 101 107 112 118 119 119 119 119 119 118 118 120 123 125 128 131 133 136 133 128 123 119 114 110 105 101 97 93 89 85 81 77 76 75 74 73 72 71 70 70 71 72 72 73 74 74 71 67 64 60 57 53 50 49 49 48 48 47 46 46 45 45 44 43 43 42 42 43
69 67 66 64 63 64 64 65 65 66 66 68 70 72 74 76 78 80 82 82 82 83 83 84 84 88 93 98 103 108 114 119 120 119 119 118 117 117 116 118 121 124 127 130 133 136 133 128 124 119 115 110 105 101 97 94 90 86 82 78 77 76 75 74 73 72 71 71 72 73 73 74 75 75 72 68 65 62 58 55 52 51 51 50 50 49 49 48 48 47 46 45 45 44 44 45
69 67 66 64 63 64 64 65 65 66 66 68 70 72 75 77 79 81 83 83 84 85 86 86 87 91 95 100 105 110 115 120 121 119 118 117 116 115 114 116 120 123 126 130 133 136 133 129 124 119 115 110 105 101 98 94 90 86 83 79 78 77 76 75 74 73 72 72 73 74 74 75 75 76 73 70 66 63 60 57 53 53 53 52 52 51 51 51 50 49 48 48 47 46 46 47
69 67 66 64 64 64 65 65 66 66 67 68 70 73 75 78 80 82 84 85 86 87 88 89 90 94 98 103 107 112 117 121 121 120 118 117 115 114 112 114 118 122 126 129 133 137 134 129 124 120 115 110 105 102 98 94 91 87 84 80 79 78 77 76 75 74 73 73 74 75 75 76 77 77 74 71 68 65 62 58 55 55 55 54 54 54 53 53 52 51 51 50 49 48 48 49
74 73 72 71 70 71 71 72 73 73 74 75 77 80 82 84 87 89 91 92 94 95 96 98 99 102 106 110 114 118 122 126 127 126 125 124 123 122 122 124 126 129 132 135 138 141 138 133 128 124 119 114 110 106 102 98 94 91 87 83 82 81 80 79 78 77 76 77 78 78 79 79 80 81 78 74 71 68 65 62 59 58 57 57 56 55 54 54 53 53 53 53 53 52 52 53
80 79 78 77 77 78 78 79 79 80 81 82 84 87 89 91 93 96 98 99 101 103 104 106 108 111 114 117 121 124 128 131 132 132 132 132 132 131 131 133 135 137 139 141 143 145 141 137 132 127 123 118 114 110 106 102 98 94 90 86 85 84 83 82 82 81 80 80 81 82 82 83 83 84 81 78 75 71 68 65 62 61 60 59 58 57 56 55 55 55 55 56 56 56 57 57
86 85 84 84 84 84 85 86 86 87 88 89 91 93 96 98 100 102 104 106 108 110 112 114 116 119 122 125 128 131 134 137 138 138 139 139 140 140 141 142 143 144 145 146 147 149 145 141 136 131 127 122 118 114 110 105 101 97 93 89 88 87 87 86 85 84 84 84 85 85 86 86 87 87 84 81 78 75 72 68 65 64 62 61 59 58 57 55 56 57 58 59 59 60 61 61
91 91 90 90 90 91 92 92 93 94 95 96 98 100 102 105 107 109 111 113 116 118 120 123 125 127 130 132 134 137 139 142 143 144 146 147 148 149 150 151 151 151 152 152 152 152 149 144 140 135 131 126 122 118 113 109 105 101 97 92 91 91 90 89 89 88 87 88 88 89 89 90 90 91 88 84 81 78 75 72 68 67 65 63 61 60 58 56 58 59 60 62 63 64 65 65
97 97 97 96 97 98 98 99 100 101 102 103 105 107 109 111 113 115 118 120 123 126 128 131 134 136 138 139 141 143 145 147 149 151 152 154 156 158 160 160 159 159 158 158 157 156 153 148 144 139 135 130 126 122 117 113 108 104 100 95 94 94 93 93 92 91 91 91 92 92 93 93 94 94 91 88 85 81 78 75 72 70 67 65 63 61 59 57 59 61 63 64 66 68 70 69
103 103 103 103 103 104 105 106 107 108 109 110 112 114 116 118 120 122 124 127 130 133 136 139 142 144 145 147 148 149 151 152 154 157 159 162 164 167 169 169 168 166 165 163 162 160 157 152 148 143 139 134 130 126 121 117 112 108 103 99 98 97 96 96 95 95 94 95 95 96 96 97 97 98 95 91 88 85 82 78 75 73 70 68 65 63 60 58 60 63 65 67 70 72 74 73
108 108 109 109 110 110 111 112 113 114 115 117 119 121 122 124 126 128 131 134 137 141 144 147 150 152 153 154 154 155 156 157 159 163 166 169 172 175 178 177 175 173 171 169 166 164 160 156 151 147 143 138 134 129 125 120 115 111 106 102 101 100 100 99 99 98 98 98 99 99 99 100 100 101 98 94 91 88 85 81 78 75 73 70 67 64 61 59 62 64 67 70 73 76 78 77
111 111 111 111 111 112 113 114 115 115 116 118 119 121 123 125 126 128 131 134 137 141 144 147 151 152 153 154 155 157 158 159 161 164 166 169 172 175 177 177 175 173 171 170 168 166 162 158 153 149 145 140 136 131 126 122 117 113 108 103 102 102 101 101 100 100 99 100 100 100 100 100 100 100 97 95 92 89 86 83 80 77 74 71 69 66 63 60 63 66 68 71 73 76 78 78
114 114 113 113 113 114 114 115 116 116 117 118 120 122 123 125 127 128 131 134 138 141 144 147 151 153 154 155 157 158 159 160 162 165 167 169 172 174 176 176 175 173 172 171 169 168 164 160 155 151 146 142 137 133 128 124 119 114 110 105 104 104 103 103 102 102 101 101 101 101 100 100 100 100 97 95 92 90 87 84 82 79 76 73 70 67 65 62 64 67 69 72 74 76 78 78
118 117 116 115 114 115 116 116 117 117 118 119 121 122 124 125 127 128 131 134 138 141 144 148 151 153 155 156 158 159 161 162 164 166 168 170 171 173 175 175 174 173 173 172 171 170 166 162 157 153 148 144 139 135 130 125 121 116 111 107 106 105 105 104 104 103 103 102 102 101 101 100 100 99 97 95 93 90 88 86 84 81 78 75 72 69 66 64 66 68 70 72 75 77 79 78
121 119 118 116 116 117 117 117 118 118 119 120 121 123 124 126 127 128 131 134 138 141 145 148 151 154 155 157 159 160 162 164 165 167 168 170 171 173 174 174 174 174 173 173 173 172 168 164 159 155 150 146 141 136 132 127 122 118 113 108 107 107 106 106 105 105 104 104 103 102 101 100 100 99 97 95 93 91 89 87 86 83 80 77 74 71 68 65 67 69 71 73 75 77 79 79
124 122 120 118 118 118 118 119 119 119 120 121 122 123 125 126 127 129 131 135 138 141 145 148 152 154 156 158 160 162 164 165 167 168 169 170 171 172 173 174 174 174 174 174 174 174 171 166 161 157 152 147 143 138 133 129 124 119 115 110 109 109 108 108 107 107 106 105 104 103 102 100 99 98 97 95 94 92 90 89 87 84 81 79 76 73 70 67 69 71 72 74 76 77 79 79
127 125 123 120 119 120 120 120 120 120 121 121 123 124 125 126 127 129 131 135 138 142 145 148 152 154 157 159 161 163 165 167 168 169 170 170 171 172 172 173 173 174 174 175 176 176 173 168 163 159 154 149 145 140 135 130 126 121 116 112 111 110 110 109 109 108 108 106 105 104 102 101 99 98 96 95 94 93 92 90 89 86 83 80 77 74 71 69 70 72 73 75 76 78 79 79
130 127 125 122 121 121 121 121 121 121 122 122 123 124 126 127 128 129 132 135 139 142 145 149 152 155 157 160 162 164 166 169 169 170 170 170 171 171 172 172 173 174 175 176 177 178 175 170 165 161 156 151 147 142 137 132 128 123 118 114 113 112 112 111 111 110 110 108 106 104 103 101 99 97 97 96 95 94 93 92 91 88 85 82 79 76 73 71 72 73 74 76 77 78 79 80
130 127 125 122 120 121 121 121 121 121 121 122 124 125 127 128 130 131 134 137 141 144 148 152 155 157 159 161 162 164 165 167 168 169 170 171 172 173 174 174 175 176 177 178 178 179 176 172 167 163 159 155 151 146 141 136 132 127 122 117 116 115 115 114 113 113 112 111 109 107 105 104 102 100 99 98 98 97 96 95 94 91 88 85 82 79 76 73 74 75 76 77 78 79 80 81
131 128 124 121 120 120 120 121 121 121 121 123 124 126 128 130 131 133 136 140 143 147 151 154 158 160 161 162 163 164 164 165 167 168 170 171 173 174 176 177 177 178 178 179 179 180 177 173 170 166 162 158 155 150 145 140 135 131 126 121 120 119 118 117 116 116 115 113 111 110 108 106 105 103 102 101 100 100 99 98 97 94 91 88 85 82 78 76 76 77 78 79 80 81 82 82
131 128 124 121 119 120 120 120 121 121 121 123 125 127 129 131 133 135 138 142 146 150 153 157 161 162 163 163 163 163 164 164 165 167 170 172 174 176 178 179 179 180 180 180 181 181 178 175 172 169 165 162 159 154 149 144 139 134 129 125 123 122 121 120 119 118 117 116 114 112 111 109 107 106 105 104 103 103 102 101 100 97 94 91 87 84 81 78 79 79 80 81 81 82 83 83
132 128 124 121 119 119 120 120 121 121 121 123 125 128 130 132 135 137 140 144 148 152 156 160 164 165 164 164 164 163 163 162 164 167 169 172 175 177 180 181 181 181 181 182 182 182 180 177 174 171 168 166 163 158 153 148 143 138 133 128 127 125 124 123 122 121 120 118 117 115 113 112 110 108 108 107 106 105 105 104 103 100 97 93 90 87 84 81 81 82 82 83 83 83 84 84
132 128 124 120 118 119 119 120 120 121 121 123 126 128 131 134 136 139 142 147 151 155 159 163 167 167 166 165 164 163 162 161 163 166 169 172 176 179 182 183 183 183 183 183 183 183 181 179 176 174 172 169 167 162 157 152 147 142 137 132 130 129 128 126 125 124 122 121 119 118 116 114 113 111 110 110 109 108 108 107 106 103 100 96 93 90 86 83 83 84 84 84 85 85 85 85
133 128 124 120 118 119 119 120 120 121 121 123 126 129 132 135 138 141 145 149 153 157 161 165 170 170 168 166 164 163 161 159 161 165 169 173 177 181 184 185 185 185 185 184 184 184 182 180 178 177 175 173 171 166 161 156 151 146 141 135 134 132 131 129 128 126 125 123 122 120 119 117 115 114 113 112 112 111 111 110 109 106 102 99 96 92 89 86 86 86 86 86 86 86 86 86
133 128 124 119 118 118 119 120 120 121 122 124 127 130 133 136 140 143 146 151 155 159 163 167 171 171 169 167 165 162 160 158 160 165 169 173 178 182 186 187 187 186 186 185 185 185 183 182 181 179 178 176 175 170 165 160 155 150 144 139 137 136 134 133 131 129 128 126 125 123 121 120 118 116 116 115 115 114 113 113 112 109 105 102 98 94 91 88 88 88 88 87 87 87 87 87
130 126 123 119 118 119 120 121 122 123 124 126 129 131 134 137 140 143 146 150 153 157 160 164 168 168 166 165 163 162 160 158 161 165 169 174 178 182 186 187 187 186 186 186 185 185 184 183 182 181 180 179 178 173 169 164 159 154 149 144 142 141 139 137 136 134 132 131 129 127 125 124 122 120 119 118 118 117 116 115 114 110 106 102 99 95 91 87 87 87 87 87 88 88 88 87
127 124 122 119 119 120 121 122 123 125 126 128 130 133 135 138 140 143 145 149 152 155 158 161 164 165 164 163 162 161 160 159 162 166 170 174 178 182 186 187 187 187 186 186 186 186 185 184 184 183 182 181 181 177 172 167 163 158 154 149 147 145 144 142 140 139 137 135 133 131 129 127 125 124 123 121 120 119 118 117 116 112 108 103 99 95 91 87 87 87 87 87 88 88 88 88
124 122 121 119 119 121 122 123 125 126 128 130 132 134 136 138 140 143 145 148 150 153 155 158 160 161 161 161 160 160 160 160 162 166 170 174 178 182 186 187 187 187 187 186 186 186 186 185 185 185 184 184 183 180 175 171 167 163 158 154 152 150 149 147 145 143 141 139 137 135 133 131 129 127 126 125 123 122 121 120 118 114 109 104 100 95 90 86 86 87 87 87 88 88 89 89
121 120 120 119 120 121 123 125 126 128 130 132 133 135 137 139 141 143 145 147 149 151 153 155 157 158 158 159 159 159 160 160 163 167 171 175 178 182 186 187 187 187 187 187 187 187 187 187 187 186 186 186 186 183 179 175 171 167 163 159 157 155 153 151 150 148 146 144 142 139 137 135 133 131 129 128 126 125 123 122 120 115 110 105 100 95 90 85 86 86 87 87 88 89 89 90
