pluvio/pluvio-225.asc
ncols         252
nrows         154
xllcorner     -0.5
yllcorner     -153.5
cellsize      1
NODATA_value  -9999
[rows 0 to 49 of 154, columns 96 to 191 of 252]
16 17 17 18 19 20 21 22 24 25 26 28 29 29 28 28 28 28 28 27 27 27 27 27 26 26 26 28 29 30 31 33 34 33 28 23 18 13 8 3 0 0 0 0 0 0 0 0 0 0 0 0 0 0 0 1 2 3 4 5 6 8 10 12 14 16 18 20 21 21 20 20 19 19 19 18 17 16 15 14 13 13 11 9 7 6 4 2 0 0 0 0 0 0 0 0
12 13 14 15 16 17 19 20 22 24 25 27 28 28 28 28 28 28 27 27 27 27 27 26 26 26 26 27 28 29 30 31 32 32 27 22 17 13 8 3 0 0 0 0 0 0 0 0 0 0 0 0 0 0 0 1 1 2 3 4 4 6 8 11 13 15 17 20 21 21 20 20 20 20 20 19 18 18 17 16 15 15 13 11 9 7 4 2 0 0 0 0 0 0 0 0
8 10 11 12 13 14 16 18 20 22 25 27 28 28 28 28 27 27 27 27 27 27 26 26 26 26 26 27 28 29 29 30 31 30 26 21 17 12 8 3 1 0 0 0 0 0 0 0 0 0 0 0 0 0 0 0 1 1 1 2 2 4 6 9 12 14 17 19 20 21 21 21 21 21 21 20 20 19 18 18 17 17 15 12 10 7 5 3 0 0 0 0 0 0 0 0
5 6 7 9 10 12 14 16 19 21 24 26 28 28 28 27 27 27 27 27 27 26 26 26 26 25 26 26 27 28 28 29 30 29 25 20 16 12 8 3 1 0 0 0 0 0 0 0 0 0 0 0 0 0 0 0 0 0 0 0 0 2 5 8 10 13 16 19 20 20 21 21 21 22 22 22 21 21 20 20 19 18 17 14 11 8 6 3 0 0 0 0 0 0 0 0
3 5 6 8 9 11 14 16 19 21 24 26 28 28 28 28 27 27 27 27 27 27 26 26 26 26 26 26 27 27 28 29 29 28 24 21 17 13 9 5 3 2 2 1 1 0 0 0 0 0 0 1 1 1 1 1 1 1 1 1 1 2 5 7 10 12 15 17 19 19 19 20 20 20 21 21 21 20 20 20 20 20 18 15 13 10 7 5 2 1 1 1 1 0 0 0
3 5 7 9 10 12 15 17 20 22 25 27 29 29 29 28 28 28 28 28 28 27 27 27 26 26 26 26 27 27 28 28 29 28 25 22 18 15 12 9 7 6 5 3 2 1 0 0 1 1 2 3 3 4 4 4 4 4 4 3 3 4 6 8 9 11 13 15 16 16 16 17 17 17 18 18 19 19 19 20 20 21 19 17 15 12 10 8 6 5 4 3 3 2 2 1
4 6 8 10 12 14 16 18 21 23 25 28 30 29 29 29 29 29 29 29 28 28 28 27 27 26 26 27 27 27 28 28 28 28 25 23 20 18 15 13 11 9 7 6 4 2 1 0 1 3 4 5 6 7 7 7 7 7 6 6 6 6 7 8 9 10 11 12 13 13 13 14 14 14 15 15 16 17 18 19 20 21 20 18 17 15 13 11 9 8 7 6 5 4 3 2
4 6 8 11 13 15 17 19 22 24 26 29 30 30 30 30 30 30 30 29 29 29 28 28 27 27 27 27 27 27 27 28 28 27 25 24 22 20 18 16 14 12 10 8 6 3 1 1 2 4 5 7 8 10 11 10 10 9 9 9 8 8 8 9 9 9 9 9 10 10 10 11 11 11 12 13 14 16 17 19 21 22 22 20 19 17 16 14 13 11 10 9 7 6 5 3
4 7 9 12 14 16 18 21 23 25 27 29 31 31 31 31 31 30 30 30 30 29 29 28 28 27 27 27 27 27 27 27 27 27 26 25 23 22 21 20 18 16 13 10 7 4 2 1 3 5 7 9 11 13 14 13 13 12 12 11 11 10 10 9 9 8 7 7 7 7 7 8 8 8 9 10 12 14 16 19 21 23 23 22 21 19 18 17 16 15 13 11 10 8 6 5
5 7 10 12 15 17 20 22 24 26 28 30 32 32 32 31 31 31 31 31 30 30 29 29 28 28 27 27 27 27 27 27 27 27 26 26 25 25 24 24 22 19 16 12 9 6 2 1 4 6 9 11 13 16 17 16 16 15 14 14 13 12 11 10 8 7 6 4 4 4 5 5 5 5 6 8 10 13 16 18 21 24 24 23 22 22 21 20 19 18 16 14 12 10 8 6
5 8 11 13 16 19 21 23 25 27 29 31 33 32 32 32 32 32 32 32 31 31 30 29 29 28 28 28 27 27 27 27 26 26 26 27 27 27 27 27 26 22 18 14 10 7 3 2 5 7 10 13 16 19 20 19 18 18 17 16 16 14 12 10 8 6 4 2 1 1 2 2 2 2 3 5 8 11 15 18 21 24 25 25 24 24 24 23 23 21 19 16 14 12 9 7
6 9 11 14 17 19 21 23 25 27 30 32 33 33 33 33 33 32 32 32 31 31 30 29 29 28 27 27 26 26 25 25 24 24 25 26 27 27 28 29 28 25 21 17 14 10 7 6 9 11 14 17 19 22 23 22 21 20 19 18 17 15 13 10 8 6 3 1 0 0 0 0 1 1 1 4 8 12 16 20 24 28 29 29 28 28 28 27 27 25 23 20 18 15 13 10
7 10 12 15 17 19 22 24 26 28 30 32 34 33 33 33 33 33 33 32 31 30 30 29 28 27 26 25 24 23 23 22 21 21 22 24 25 26 28 29 29 27 24 21 19 16 14 13 15 17 20 22 24 26 26 25 24 22 21 19 18 16 13 11 8 6 3 1 0 0 0 0 1 1 1 4 9 14 19 24 29 34 35 35 34 34 33 32 32 30 28 25 23 20 18 15
8 10 13 15 17 20 22 24 26 28 30 32 34 34 34 33 33 33 33 32 31 30 29 28 27 26 25 24 22 21 20 19 17 17 19 21 23 25 27 30 30 29 27 25 24 22 20 20 22 23 25 27 28 30 30 28 26 24 22 21 19 17 14 11 9 6 3 1 0 0 0 0 0 1 1 5 10 16 22 28 34 40 41 40 40 39 38 38 37 35 33 30 28 25 23 21
9 11 13 16 18 20 22 24 26 28 30 33 34 34 34 34 33 33 33 32 31 30 29 27 26 25 24 22 20 19 17 16 14 14 16 19 22 24 27 30 31 30 30 29 29 28 27 27 28 29 30 31 32 34 33 31 29 26 24 22 20 17 14 12 9 6 4 1 0 0 0 0 0 0 1 5 12 18 25 32 39 45 47 46 45 44 43 43 42 40 37 35 33 30 28 26
10 12 14 16 18 20 22 24 26 29 31 33 35 34 34 34 34 33 33 33 31 30 28 27 25 24 22 20 18 16 14 12 10 10 14 17 20 23 27 30 32 32 33 33 33 34 34 35 35 35 36 36 37 37 36 34 31 28 26 23 20 18 15 12 9 7 4 1 0 0 0 0 0 0 0 5 13 21 28 36 44 51 53 52 51 50 49 48 46 44 42 40 38 36 33 31
11 13 15 16 18 20 22 24 27 29 31 33 35 35 34 34 34 34 33 33 31 29 28 26 25 23 21 19 16 14 12 9 7 7 11 15 18 22 26 30 33 34 36 37 38 40 41 42 42 41 41 41 41 41 40 37 33 30 27 24 21 18 15 13 10 7 4 1 0 0 0 0 0 0 0 5 14 23 31 40 49 57 59 58 57 55 54 53 51 49 47 45 43 41 38 36
12 14 15 17 18 20 22 25 27 29 31 34 35 35 35 34 34 34 34 33 31 29 27 26 24 22 20 17 14 12 9 6 4 3 8 12 17 21 26 30 34 36 39 41 43 46 48 49 48 48 47 46 46 45 43 39 36 33 29 26 22 19 16 13 10 7 4 1 0 0 0 0 0 0 0 6 15 25 34 44 54 63 65 64 62 61 59 58 56 54 52 50 48 46 44 41
13 14 16 17 19 20 23 25 27 30 32 35 37 36 36 35 34 34 33 32 30 29 27 25 23 21 19 16 13 11 8 6 3 3 7 12 17 21 26 30 34 37 39 42 44 47 49 51 50 49 48 47 47 46 44 40 36 32 29 25 21 18 15 12 9 7 4 1 0 1 1 1 2 2 3 9 18 27 37 46 55 65 67 65 64 62 60 59 57 55 53 51 48 46 44 42
13 15 16 17 19 20 23 26 28 31 34 36 38 37 37 36 35 34 33 31 29 28 26 24 22 20 18 15 13 11 9 6 4 4 8 13 17 21 26 30 34 36 38 41 43 45 48 49 48 48 47 46 46 45 43 39 35 31 27 23 19 15 13 11 8 6 3 1 1 2 3 4 6 7 8 14 22 30 39 47 56 64 66 64 62 61 59 57 56 54 51 49 46 44 41 39
13 15 16 17 19 20 23 26 29 32 35 38 40 39 38 36 35 33 32 31 28 26 24 22 20 18 16 15 13 11 9 7 5 5 10 14 18 22 26 30 33 35 37 40 42 44 46 47 47 46 46 45 45 44 42 37 33 29 25 20 16 13 11 9 7 5 3 1 1 3 5 7 9 11 13 19 26 33 41 48 56 63 65 63 61 60 58 56 54 52 49 47 44 41 38 36
13 15 16 17 19 20 24 27 30 33 37 40 42 40 39 37 35 33 31 30 28 25 23 21 19 17 15 14 12 11 9 8 7 7 11 14 18 22 26 29 33 35 37 39 41 43 45 46 45 45 44 44 44 43 41 36 32 27 23 18 14 11 9 7 6 4 2 1 2 4 7 10 13 16 18 23 30 36 43 49 56 62 63 62 60 58 57 55 53 51 48 45 42 39 36 33
14 15 16 18 19 21 24 28 31 35 38 42 44 42 39 37 35 33 31 29 27 24 22 20 18 16 14 13 12 11 10 9 8 8 12 15 19 22 26 29 32 34 36 38 39 41 43 44 44 43 43 43 43 42 40 35 30 26 21 16 11 8 7 6 4 3 2 1 2 6 9 13 16 20 23 28 34 39 45 50 56 61 62 61 59 57 55 54 52 49 46 43 39 36 33 30
14 15 16 18 19 21 24 28 32 36 39 43 46 43 40 38 35 33 30 28 26 23 21 19 17 15 13 12 12 11 10 10 9 10 13 16 19 22 26 29 32 33 35 36 38 40 41 42 42 42 42 42 42 41 39 34 29 24 19 14 9 6 5 4 3 2 1 0 3 7 11 16 20 24 29 33 38 42 47 51 56 61 61 59 58 56 54 52 51 48 44 41 37 34 30 27
14 15 16 18 19 21 25 29 33 37 41 45 47 44 41 39 36 33 30 27 25 22 20 18 16 14 12 12 11 11 11 10 10 11 14 17 20 23 26 29 31 33 34 35 37 38 40 41 41 41 41 41 41 41 38 33 28 22 17 12 6 4 3 3 2 1 1 0 3 8 13 18 23 29 34 38 42 45 49 53 56 60 60 58 56 55 53 51 49 46 42 39 35 31 28 24
14 16 17 18 19 21 25 29 32 36 40 44 46 44 41 38 35 32 29 27 25 23 21 19 17 15 13 13 13 12 12 12 12 12 15 18 20 23 26 28 30 32 33 35 36 38 39 40 41 41 41 41 41 42 40 35 30 25 20 15 11 8 7 7 6 6 5 5 7 12 17 22 27 32 36 40 43 46 49 52 55 58 58 56 54 53 51 49 47 44 41 37 34 30 27 23
15 16 17 18 20 21 25 28 31 35 38 42 44 41 39 37 34 32 30 27 25 24 22 20 18 17 15 15 15 14 14 14 14 14 16 19 21 23 25 28 30 31 33 35 36 38 40 41 41 42 42 43 43 44 42 38 34 30 26 22 18 16 15 14 14 13 12 12 14 18 22 26 30 34 38 41 43 46 48 50 53 55 55 53 52 50 48 47 45 43 39 36 33 30 27 24
15 17 18 19 20 21 24 27 30 33 36 39 41 39 37 35 34 32 30 28 26 25 23 22 20 19 17 17 17 16 16 16 15 16 18 20 21 23 25 27 29 31 33 34 36 38 40 41 42 43 44 44 45 46 45 42 38 35 32 29 26 24 23 22 21 20 19 18 20 23 26 30 33 36 40 42 44 45 47 49 51 52 52 50 49 48 46 45 43 41 38 35 33 30 27 24
16 17 18 19 20 22 24 27 29 32 35 37 39 37 36 34 33 31 30 28 27 26 24 23 22 21 20 19 19 18 18 18 17 17 19 20 22 23 25 26 28 30 32 34 36 38 40 42 43 44 45 46 47 48 48 45 43 40 38 36 33 31 30 29 28 27 26 25 26 29 31 34 36 39 41 43 44 45 46 47 48 50 49 48 46 45 44 42 41 39 37 34 32 30 27 25
17 18 19 20 21 22 24 26 28 31 33 35 36 35 34 33 32 31 30 29 28 27 26 25 24 23 22 21 21 20 20 20 19 19 20 21 22 24 25 26 27 30 32 34 36 38 40 42 44 45 46 48 49 50 50 49 47 45 44 42 41 39 38 37 36 34 33 32 32 34 36 38 39 41 43 44 44 45 45 46 46 47 46 45 44 43 41 40 39 37 35 33 31 29 27 25
17 18 19 20 21 22 24 26 27 29 31 33 34 33 32 32 31 31 30 29 28 28 27 26 26 25 24 24 23 23 22 21 21 21 22 22 23 24 24 25 27 29 31 34 36 38 41 43 44 46 48 49 51 53 53 52 51 51 50 49 48 47 46 44 43 42 40 39 39 40 41 42 42 43 44 45 45 44 44 44 44 44 43 42 41 40 39 38 37 35 34 32 31 29 28 26
18 19 20 21 22 23 24 25 26 28 29 30 31 31 31 31 30 30 30 30 29 29 28 28 27 27 26 26 25 25 24 23 23 22 23 23 24 24 24 25 26 28 31 33 36 38 41 43 45 47 49 51 53 55 56 56 56 56 56 56 56 55 53 52 50 49 47 46 45 45 45 45 46 46 46 46 45 44 43 43 42 41 41 40 39 38 37 36 35 34 32 31 30 29 28 27
17 17 18 19 20 21 22 23 25 26 27 29 30 29 29 28 28 28 27 27 26 26 26 25 25 25 24 24 23 23 22 22 21 21 21 22 22 22 23 23 24 27 30 33 36 39 42 44 46 48 50 52 54 56 57 57 57 58 58 58 58 58 56 55 53 52 51 49 48 48 48 47 47 47 47 46 45 44 43 43 42 41 40 39 38 37 36 35 34 33 32 31 30 29 27 26
15 15 16 17 17 18 20 21 23 24 26 27 28 27 27 26 25 24 23 22 22 22 22 21 21 21 20 20 20 19 19 19 18 18 19 19 20 20 20 21 22 26 29 33 36 40 43 46 48 50 51 53 55 57 58 58 58 58 59 59 59 58 57 56 55 54 52 51 50 50 49 49 48 48 47 46 45 45 44 43 42 41 40 39 38 37 36 35 34 33 32 31 29 28 27 26
13 13 14 14 15 15 17 19 21 22 24 26 27 26 24 23 22 20 19 18 18 18 17 17 17 17 17 16 16 16 16 16 16 16 16 17 17 18 18 19 21 24 28 32 36 40 44 47 49 51 53 54 56 58 59 59 59 59 59 59 59 59 58 57 56 55 54 53 53 52 51 50 49 48 47 47 46 45 44 43 42 42 41 40 39 37 36 35 34 33 32 30 29 28 26 25
11 11 12 12 12 13 15 17 19 21 22 24 26 24 22 20 19 17 15 14 14 13 13 13 13 13 13 13 13 13 13 13 13 13 14 14 15 15 16 17 19 23 28 32 37 41 45 49 50 52 54 55 57 59 60 60 60 60 60 60 60 60 59 58 58 57 56 56 55 54 52 51 50 49 48 47 46 45 44 44 43 42 41 40 39 38 37 35 34 33 32 30 29 27 26 24
9 9 9 10 10 10 12 14 17 19 21 23 24 22 20 18 15 13 11 9 9 9 9 9 9 9 9 9 9 9 10 10 10 10 11 12 12 13 14 14 17 22 27 32 37 42 47 50 52 53 55 56 58 60 60 60 60 60 60 60 60 60 60 59 59 59 58 58 57 55 54 53 51 50 48 47 46 46 45 44 43 42 41 40 39 38 37 36 34 33 31 30 28 27 25 24
7 7 7 7 7 8 10 12 15 17 19 22 23 20 18 15 12 10 7 5 5 5 5 5 5 5 5 5 6 6 6 7 7 8 8 9 10 11 12 12 15 20 26 31 37 42 48 52 53 55 56 58 59 61 61 61 61 61 61 61 61 61 61 61 60 60 60 60 59 57 56 54 52 50 49 47 47 46 45 44 44 43 42 41 39 38 37 36 34 33 31 30 28 26 25 23
6 5 5 5 5 5 7 10 13 15 18 20 21 18 15 12 9 6 3 1 1 1 1 1 1 1 1 2 2 3 3 4 4 5 6 7 8 8 9 10 13 19 25 31 37 43 49 53 54 56 57 59 60 62 62 62 62 62 62 62 61 61 62 62 62 62 62 62 61 59 57 55 53 51 49 48 47 46 45 45 44 43 42 41 40 38 37 36 35 33 31 29 28 26 24 22
6 5 5 4 4 4 6 8 11 13 15 18 19 16 13 10 7 5 2 0 0 0 0 0 0 0 0 1 1 2 2 3 3 4 5 5 6 7 8 9 12 18 24 30 36 43 49 53 55 56 58 59 61 62 63 64 64 64 64 64 65 65 65 65 65 65 65 65 63 61 59 57 55 53 50 49 48 48 47 46 45 45 43 42 41 40 38 37 36 34 33 31 30 28 26 25
7 6 5 5 4 3 5 7 9 11 13 15 16 13 11 9 6 4 1 0 0 0 0 0 0 0 0 1 1 1 2 2 3 3 4 4 5 6 6 7 10 16 23 29 36 42 49 53 55 56 58 60 62 63 65 65 66 67 67 68 69 69 69 68 68 68 67 67 66 63 61 59 57 55 52 51 50 49 49 48 47 46 45 44 43 41 40 39 38 36 35 34 32 31 30 28
9 7 6 5 3 2 4 6 7 9 10 12 13 11 9 7 5 3 1 0 0 0 0 0 0 0 0 1 1 1 2 2 2 2 3 4 4 5 5 6 9 15 22 28 35 42 48 53 55 57 58 60 62 64 66 67 68 69 71 72 73 73 73 72 71 71 70 69 68 66 63 61 59 57 54 53 52 51 50 49 49 48 47 45 44 43 42 41 40 38 37 36 35 34 33 32
10 8 6 5 3 2 3 4 5 6 8 9 9 8 7 5 4 2 1 0 0 0 0 0 0 0 0 1 1 1 1 1 2 2 2 3 3 3 4 4 7 14 21 27 34 41 48 52 55 57 59 61 63 65 67 69 70 72 74 75 77 77 76 75 75 74 73 72 70 68 65 63 61 58 56 55 54 53 52 51 50 49 48 47 46 45 44 43 41 40 40 39 38 37 36 35
11 9 7 5 3 1 2 3 3 4 5 6 6 5 4 3 2 1 0 0 0 0 0 0 0 0 1 1 1 1 1 1 1 1 2 2 2 2 3 3 6 13 19 26 33 40 47 52 54 57 59 61 64 66 68 70 73 75 77 79 81 82 80 79 78 77 75 74 72 70 68 65 63 60 58 57 56 55 54 53 52 51 50 49 48 47 46 44 43 43 42 41 41 40 39 39
12 10 7 5 2 0 1 1 2 2 3 3 3 3 2 2 1 1 0 0 0 0 0 0 0 1 1 1 1 1 1 1 1 1 1 1 1 1 1 1 4 11 18 25 33 40 47 52 54 57 59 62 64 67 69 72 75 77 80 83 85 86 84 83 81 80 78 76 74 72 70 67 65 62 60 58 57 56 56 55 54 53 52 50 49 48 47 46 45 45 44 44 43 43 42 42
14 11 8 5 2 0 0 0 0 0 0 0 0 0 0 0 0 0 0 0 0 0 0 0 0 1 1 1 1 0 0 0 0 0 0 0 0 0 0 0 3 10 17 25 32 39 46 52 54 57 60 62 65 68 71 74 77 80 83 86 89 90 88 86 84 83 81 79 77 74 72 69 67 64 62 60 59 58 57 56 55 54 53 52 51 50 49 48 47 47 46 46 46 46 46 46
16 13 10 8 5 3 2 2 1 1 0 0 0 0 0 0 0 0 0 0 0 0 0 1 1 1 1 1 1 1 0 0 0 0 1 1 2 2 3 4 6 13 20 26 33 39 46 51 54 56 59 62 64 67 70 73 76 80 83 86 89 90 88 86 84 83 81 79 77 75 74 72 70 68 66 65 63 62 61 60 58 57 56 55 55 54 53 52 51 51 51 50 50 50 50 49
18 16 13 11 8 6 5 4 3 2 1 0 0 0 0 0 0 0 0 0 0 0 1 1 1 1 2 1 1 1 1 0 0 0 2 3 4 6 7 9 12 17 23 29 34 40 46 50 53 55 58 61 63 66 69 72 75 78 81 84 88 88 87 85 83 82 80 79 77 76 75 74 73 72 71 70 68 67 65 64 62 61 60 59 58 58 57 57 56 56 55 55 54 54 54 53
20 18 16 14 12 10 9 7 5 4 2 1 0 0 0 0 0 0 0 0 0 0 1 1 2 2 2 2 1 1 1 0 0 1 3 5 7 9 11 14 17 22 26 31 36 41 46 49 52 55 57 60 62 65 68 71 74 77 80 83 86 87 85 84 83 81 80 78 78 77 77 77 76 76 76 75 73 71 69 68 66 64 63 63 62 62 62 61 61 60 60 59 59 58 58 57
22 21 19 17 16 14 12 10 8 5 3 1 0 0 0 0 0 0 0 0 0 1 1 1 2 2 3 2 2 1 1 0 0 1 4 7 10 13 16 19 22 26 30 34 37 41 45 49 51 54 56 59 61 64 67 70 73 76 79 82 85 85 84 83 82 80 79 78 78 78 79 79 80 80 81 80 78 76 74 71 69 67 67 66 66 66 66 66 66 65 64 64 63 63 62 61
