pluvio/pluvio-249.asc
ncols         252
nrows         154
xllcorner     -0.5
yllcorner     -153.5
cellsize      1
NODATA_value  -9999
[rows 55 to 109 of 154, columns 96 to 191 of 252]
52 54 57 59 61 63 62 60 59 58 57 55 54 50 47 43 40 37 33 30 30 29 29 28 28 27 27 27 26 26 26 25 25 25 25 25 25 24 24 24 25 27 30 32 34 36 38 39 39 38 37 36 36 35 35 37 39 41 42 44 46 46 46 45 45 45 44 44 42 41 39 37 36 34 32 32 32 32 33 33 33 34 33 31 29 27 25 24 22 22 24 26 27 29 30 32
51 54 57 59 62 64 62 60 58 56 55 53 51 47 44 41 38 34 31 29 28 28 27 27 26 26 25 25 25 25 25 24 24 24 24 24 24 24 24 24 25 27 29 31 33 35 38 39 38 37 37 36 36 35 36 38 39 41 43 45 46 47 46 45 44 43 42 41 40 39 37 36 35 34 32 32 32 33 33 34 34 35 33 32 30 28 26 24 22 23 24 26 27 29 30 31
51 54 57 60 62 65 62 60 57 55 52 50 47 44 41 38 35 32 29 27 26 26 25 25 24 24 23 23 23 23 24 24 24 24 24 24 24 24 24 24 25 27 29 31 33 35 37 38 37 37 37 36 36 35 36 38 40 42 43 45 47 47 46 44 43 42 40 39 38 37 36 35 34 33 32 32 33 33 34 34 35 35 34 32 30 29 27 25 23 23 24 26 27 28 29 31
50 53 57 60 63 65 62 59 56 53 50 47 44 41 39 36 33 30 27 25 24 24 23 23 22 22 21 22 22 22 23 23 23 23 23 23 24 24 24 24 25 26 28 30 32 34 36 37 37 37 36 36 36 35 36 38 40 42 44 46 48 48 46 44 42 40 38 37 35 35 34 34 33 33 32 33 33 34 34 35 36 36 35 33 31 29 27 25 23 24 25 26 27 28 29 30
50 53 57 60 64 66 63 59 55 52 48 45 41 38 36 33 30 28 25 23 22 22 21 21 20 20 20 20 21 21 22 22 22 23 23 23 23 23 23 24 24 26 28 30 32 33 35 36 36 36 36 36 36 36 37 38 40 42 44 46 48 48 46 43 41 39 36 34 33 33 33 33 33 32 32 33 33 34 35 36 36 37 36 34 32 30 28 26 24 24 25 26 27 28 28 29
53 56 60 63 67 69 65 61 57 54 50 46 42 40 37 34 31 28 25 23 23 22 22 22 21 21 21 21 21 22 22 23 23 23 24 24 24 24 24 24 25 26 28 30 31 33 35 36 36 36 36 36 36 36 36 38 40 42 44 46 47 47 45 43 42 40 38 36 35 35 36 36 36 36 36 37 37 37 37 37 37 37 36 34 32 30 28 27 25 25 26 27 28 29 30 31
57 60 63 67 70 72 68 64 60 56 52 48 44 41 38 35 32 29 26 24 24 23 23 23 22 22 22 22 23 23 23 24 24 24 24 24 24 24 24 24 25 26 28 30 31 33 35 36 36 36 35 35 35 35 36 38 40 41 43 45 46 46 45 44 42 41 39 38 38 38 39 39 40 40 41 41 40 40 39 39 38 37 36 34 33 31 29 27 26 26 27 28 29 30 31 33
61 64 67 70 73 75 70 66 62 58 54 50 46 43 40 36 33 30 27 25 24 24 24 24 24 23 23 24 24 24 24 25 25 25 25 25 25 25 25 24 25 27 28 30 31 33 34 35 35 35 35 35 35 35 36 38 39 41 42 44 45 46 45 44 43 42 41 40 40 41 42 43 44 45 46 45 44 43 41 40 39 38 36 35 33 31 30 28 26 27 28 29 31 32 33 34
65 68 70 73 76 77 73 69 65 60 56 52 48 44 41 38 34 31 28 25 25 25 25 25 25 25 25 25 25 25 25 26 26 26 26 25 25 25 25 25 25 27 28 30 31 33 34 35 35 35 35 35 35 35 36 37 39 40 41 43 44 45 44 44 43 43 43 42 43 44 45 46 48 49 50 49 47 46 44 42 40 38 36 35 33 32 30 29 27 28 29 31 32 33 35 36
69 71 74 76 79 80 76 72 67 63 58 54 50 46 43 39 36 32 29 26 26 26 26 26 26 26 26 26 26 26 26 26 27 27 26 26 26 25 25 25 25 27 28 30 31 32 34 35 35 35 35 35 35 35 36 37 38 39 41 42 43 44 44 44 44 44 44 44 45 47 48 50 52 53 55 54 51 48 46 43 41 38 36 35 33 32 31 29 28 29 30 32 33 35 36 38
73 75 77 80 82 83 79 74 70 65 60 56 51 48 44 40 37 33 29 27 27 27 27 27 27 27 27 27 27 27 27 27 27 27 27 27 26 26 26 25 26 27 28 30 31 32 33 34 34 34 35 35 35 35 36 37 38 39 40 41 42 43 43 44 45 45 46 47 48 50 52 54 55 57 59 58 55 51 48 45 42 38 36 35 34 33 31 30 29 30 31 33 35 36 38 40
77 79 81 83 85 86 81 77 72 67 62 58 53 49 45 42 38 34 30 27 27 28 28 28 28 29 29 29 29 28 28 28 28 28 28 27 27 26 26 26 26 27 28 29 31 32 33 34 34 34 34 35 35 35 35 36 37 38 39 40 41 42 43 44 45 46 48 49 50 53 55 57 59 62 64 62 58 54 50 46 42 38 36 35 34 33 32 31 30 31 32 34 36 38 40 41
74 76 78 80 82 83 79 75 71 67 63 59 55 51 47 43 39 35 31 28 28 28 29 29 29 29 29 29 29 29 29 29 29 29 28 28 28 27 27 27 27 28 29 30 31 33 34 34 35 35 35 36 36 37 37 38 38 39 40 40 41 42 43 45 46 47 49 50 52 54 57 59 62 64 67 65 61 57 53 48 44 40 38 37 36 34 33 32 31 32 33 35 37 39 40 42
71 73 75 77 78 79 76 73 69 66 63 59 56 52 48 44 40 36 32 29 29 29 29 29 29 29 29 29 29 29 29 30 30 30 29 29 29 28 28 28 28 29 30 31 32 33 34 35 36 36 37 37 38 38 39 39 40 40 41 41 42 43 44 45 47 48 50 51 53 56 59 61 64 67 69 68 63 59 55 51 46 42 40 38 37 36 35 33 32 33 34 36 38 39 41 43
68 70 72 73 75 76 73 70 68 65 63 60 57 53 49 45 41 37 33 30 30 30 30 30 30 29 29 30 30 30 30 30 30 30 30 30 30 29 29 29 29 30 31 32 33 34 35 36 36 37 38 39 39 40 41 41 41 41 42 42 42 43 44 46 48 49 51 52 55 57 60 63 66 69 72 70 66 62 57 53 48 44 42 40 39 37 36 35 33 34 35 37 39 40 42 43
66 67 68 70 71 72 70 68 66 65 63 61 59 55 51 47 43 38 34 31 31 31 31 30 30 30 30 30 30 30 31 31 31 31 31 31 31 30 30 30 30 31 32 33 34 35 36 36 37 38 39 40 41 42 42 42 42 42 42 42 42 43 45 47 48 50 52 53 56 59 62 65 68 71 74 73 68 64 59 55 50 46 43 42 40 39 37 36 34 35 36 38 39 41 42 44
63 64 65 66 67 68 67 66 65 64 63 62 60 56 52 48 44 40 35 32 32 32 31 31 30 30 30 30 30 31 31 31 32 32 32 32 32 32 31 31 32 32 33 34 35 35 36 37 38 39 40 42 43 44 44 44 44 44 43 43 43 44 45 47 49 51 53 55 57 61 64 67 70 74 77 76 71 66 62 57 52 48 45 44 42 40 39 37 36 36 37 39 40 42 43 44
60 61 62 63 64 65 64 64 64 63 63 63 62 57 53 49 45 41 37 33 33 32 32 31 31 30 30 30 31 31 32 32 32 33 33 33 33 33 33 33 33 33 34 35 35 36 37 38 39 40 42 43 44 46 46 46 45 45 44 44 43 44 46 48 50 52 54 56 59 62 66 69 73 76 80 78 73 69 64 59 54 50 47 45 44 42 40 39 37 37 39 40 41 42 43 45
57 58 59 59 60 61 61 62 62 63 63 63 63 59 54 50 46 42 38 34 34 33 32 32 31 31 30 31 31 32 32 33 33 33 33 33 34 34 34 34 34 35 35 36 36 37 37 38 40 41 43 44 46 47 48 47 46 46 45 44 44 44 46 49 51 53 55 57 60 64 67 71 75 79 82 81 76 71 66 61 56 52 49 47 45 43 42 40 38 38 40 41 42 43 44 45
56 57 59 60 61 61 62 62 63 63 64 64 64 60 56 51 47 43 39 35 35 34 34 33 32 32 31 32 32 33 33 34 34 34 35 35 35 35 35 35 36 37 37 38 39 40 40 41 43 44 45 47 48 49 50 49 48 47 47 46 45 45 47 49 50 52 53 55 57 61 65 68 72 75 79 77 73 68 64 59 55 50 48 46 45 44 42 41 39 39 40 41 42 43 43 44
56 57 59 60 61 62 63 63 64 64 65 65 65 61 57 52 48 44 40 37 36 35 35 34 34 33 33 33 34 34 34 35 35 36 36 36 36 37 37 37 38 39 40 41 42 43 44 45 46 47 48 49 50 51 52 51 50 49 48 47 47 47 48 49 49 50 51 52 55 58 62 65 68 72 75 74 70 66 62 57 53 49 47 46 45 44 43 42 41 41 41 41 42 42 42 43
56 57 59 60 61 63 63 64 65 65 66 66 66 62 58 54 49 45 41 38 37 37 36 35 35 34 34 34 35 35 36 36 37 37 37 38 38 38 38 39 39 41 42 43 44 45 47 48 49 50 51 52 53 53 54 53 52 51 50 49 48 48 48 49 49 49 50 50 52 55 59 62 65 68 72 71 67 63 59 55 52 48 46 45 45 44 43 43 42 42 42 42 42 42 42 42
55 57 59 60 62 63 64 65 65 66 67 67 67 63 59 55 50 46 42 39 38 38 37 36 36 35 35 35 36 36 37 37 38 38 39 39 39 40 40 40 41 43 44 45 47 48 50 51 52 52 53 54 55 56 55 54 53 52 51 50 49 49 49 48 48 48 48 48 49 52 56 59 62 65 68 67 64 60 57 53 50 47 45 45 44 44 44 43 43 43 42 42 42 41 41 40
55 57 59 61 62 64 65 65 66 67 68 68 68 64 60 56 52 47 43 40 39 39 38 38 37 36 36 37 37 37 38 38 39 39 40 40 41 41 42 42 43 45 46 48 50 51 53 54 55 55 56 56 57 58 57 56 55 54 53 52 51 50 49 48 48 47 46 45 47 50 53 56 59 61 64 64 61 58 54 51 48 45 44 44 44 44 44 44 44 44 43 42 41 41 40 39
55 57 59 61 63 65 65 66 67 68 69 69 69 65 61 57 53 49 44 41 41 40 39 39 38 38 37 38 38 39 39 40 40 41 41 42 42 43 43 44 45 47 48 50 52 54 56 57 58 58 58 59 59 60 59 58 57 56 55 54 52 51 50 48 47 46 44 43 44 47 50 52 55 58 61 60 57 55 52 49 47 44 43 44 44 44 45 45 45 45 44 43 41 40 39 38
54 57 59 61 63 65 66 67 68 69 69 70 70 66 62 58 54 50 46 42 42 41 40 40 39 39 38 39 39 40 40 41 41 42 42 43 44 44 45 45 46 49 51 53 55 57 59 60 60 61 61 61 61 62 61 60 59 57 56 55 54 52 50 48 47 45 43 41 42 44 47 49 52 55 57 57 54 52 50 47 45 43 42 43 44 44 45 46 47 46 44 43 41 40 38 37
52 54 57 59 61 63 64 64 65 65 66 67 67 63 60 57 53 50 47 44 43 43 42 42 41 41 40 41 41 42 42 42 43 43 44 44 45 46 46 47 48 49 51 52 54 55 57 58 58 59 59 59 60 60 60 59 58 56 55 54 53 52 50 48 46 44 43 41 41 43 45 47 49 51 53 53 51 48 46 44 42 40 40 40 41 41 42 42 43 42 41 40 38 37 36 35
50 52 54 56 59 61 61 61 62 62 63 63 63 61 58 55 53 50 48 46 45 45 44 44 43 43 42 43 43 43 44 44 44 45 45 46 46 47 48 48 49 50 51 52 53 54 55 56 56 57 57 58 58 59 58 57 56 55 54 53 52 51 49 48 46 44 42 41 41 42 44 45 46 48 49 49 47 45 43 41 40 38 37 38 38 38 39 39 39 39 38 37 36 35 34 33
47 50 52 54 56 58 59 59 59 59 59 60 60 58 56 54 52 51 49 47 47 47 46 46 45 45 44 45 45 45 45 46 46 46 47 47 48 49 49 50 50 51 51 52 52 53 53 54 54 55 56 56 57 57 57 56 55 54 53 52 52 50 49 47 45 44 42 41 40 41 42 43 43 44 45 44 43 41 40 38 37 35 35 35 35 35 36 36 36 35 35 34 33 32 31 30
45 47 50 52 54 56 56 56 56 56 56 56 56 55 54 53 52 51 50 49 49 48 48 48 47 47 46 47 47 47 47 47 47 48 48 49 49 50 51 51 51 51 51 51 51 51 51 52 52 53 54 54 55 56 56 55 54 53 52 52 51 50 48 47 45 44 42 41 40 40 40 40 41 41 41 40 39 38 37 35 34 33 32 32 32 32 32 32 32 32 31 31 30 30 29 28
43 45 47 50 52 54 54 53 53 53 53 53 52 52 52 52 52 51 51 51 51 50 50 49 49 49 48 49 49 49 49 49 49 49 50 50 51 51 52 53 53 52 52 51 51 50 50 50 50 51 52 53 54 54 54 54 53 52 51 51 50 49 47 46 45 43 42 40 40 39 39 38 38 37 37 36 35 34 33 32 31 30 30 30 29 29 29 29 29 28 28 28 27 27 27 26
40 43 45 47 50 51 51 51 50 50 49 49 49 49 50 51 51 52 52 53 52 52 52 51 51 51 51 51 51 51 51 51 51 51 51 52 52 53 54 54 54 53 52 51 50 49 48 47 48 49 50 51 52 53 53 52 52 51 50 50 49 48 47 46 44 43 42 40 39 38 37 36 35 34 33 32 31 31 30 29 29 28 27 27 27 26 26 25 25 25 25 25 25 24 24 24
38 40 43 45 47 49 49 48 47 47 46 46 46 47 48 49 51 52 53 54 54 54 53 53 53 53 52 52 52 52 52 52 52 52 53 53 54 54 55 55 55 54 52 51 49 48 46 46 47 48 49 50 51 52 52 51 51 50 50 49 49 48 46 45 44 43 42 40 39 37 36 34 32 31 29 28 28 27 27 27 26 26 25 25 24 23 23 22 22 22 22 22 22 22 22 22
37 39 41 43 45 47 47 46 46 45 45 44 44 46 47 48 49 50 52 53 53 52 52 52 52 52 52 52 52 52 52 52 53 53 53 54 54 55 55 56 56 55 53 52 51 49 48 48 49 50 50 51 52 53 53 53 52 52 51 50 50 49 48 46 45 44 43 42 40 38 37 35 33 32 30 29 29 28 28 27 27 26 26 25 25 24 23 23 22 22 22 23 23 23 23 23
36 38 40 42 44 45 45 44 44 44 44 43 43 44 46 47 48 49 50 51 51 51 51 51 52 52 52 52 52 52 53 53 53 53 54 54 55 56 56 57 56 55 54 53 52 51 50 50 51 51 52 53 54 54 55 54 53 53 52 52 51 50 49 48 46 45 44 43 41 40 38 36 34 32 31 30 29 29 28 28 27 27 26 26 25 25 24 24 23 23 23 23 23 23 24 24
35 37 38 40 42 43 43 43 43 42 42 42 42 43 44 45 47 48 49 50 50 50 50 51 51 51 51 52 52 53 53 53 54 54 55 55 56 56 57 57 57 56 55 55 54 53 52 52 53 53 54 55 55 56 56 55 55 54 53 53 52 51 50 49 48 46 45 44 42 41 39 37 35 33 31 30 30 29 29 28 28 28 27 26 26 25 25 24 24 24 24 24 24 24 24 24
34 35 37 38 40 41 41 41 41 41 41 41 41 42 43 44 45 46 47 48 49 49 49 50 50 51 51 52 52 53 53 54 54 55 55 56 56 57 57 58 58 57 57 56 55 55 54 54 55 55 56 56 57 57 57 57 56 55 55 54 53 53 51 50 49 48 46 45 44 42 40 38 36 34 32 31 31 30 30 29 29 28 28 27 27 26 25 25 24 24 24 25 25 25 25 25
33 34 35 37 38 39 39 39 39 39 39 39 40 41 42 43 44 45 46 47 47 48 49 49 50 50 51 52 52 53 53 54 55 55 56 56 57 57 58 58 58 58 58 57 57 57 56 56 57 57 57 58 58 59 59 58 57 57 56 55 55 54 53 51 50 49 48 46 45 43 41 39 37 35 33 32 31 31 30 30 29 29 28 28 27 27 26 25 25 25 25 25 25 26 26 26
32 33 34 35 36 37 37 37 38 38 38 38 39 40 41 41 42 43 44 45 46 47 48 48 49 50 51 51 52 53 54 55 55 56 56 57 57 58 58 59 59 59 59 59 58 58 58 58 59 59 59 60 60 60 60 59 59 58 57 57 56 55 54 53 51 50 49 48 46 44 42 40 38 36 34 33 32 31 31 30 30 29 29 28 28 27 27 26 25 25 26 26 26 26 26 27
31 32 32 33 34 35 36 36 36 37 37 37 38 39 40 41 41 42 43 44 45 46 47 48 49 50 51 51 52 53 54 55 56 57 57 58 58 58 59 59 60 60 60 60 60 60 60 60 60 61 61 61 61 62 61 61 60 59 58 58 57 56 55 54 52 51 50 49 47 45 43 41 39 36 34 33 33 32 32 31 31 30 30 29 28 28 27 27 26 26 26 27 27 27 27 27
31 31 32 33 34 35 36 36 37 37 38 38 39 40 41 42 43 44 46 47 47 48 49 50 51 52 53 53 54 55 56 57 57 58 59 59 59 60 60 61 61 61 61 61 61 61 61 61 61 62 62 62 63 63 63 62 61 60 59 59 58 57 55 54 53 51 50 49 47 45 43 41 39 37 34 33 33 32 32 32 31 31 30 29 29 28 28 27 26 27 27 28 28 29 29 30
31 31 32 33 34 35 36 36 37 38 39 39 40 41 43 44 45 47 48 49 50 51 51 52 53 54 55 55 56 57 58 58 59 60 60 60 61 61 62 62 62 62 62 62 62 61 61 61 62 62 63 64 64 65 64 63 62 61 60 60 59 57 56 54 53 52 50 49 47 45 43 41 39 37 35 34 33 33 32 32 32 31 31 30 29 29 28 27 27 27 28 29 30 31 31 32
31 31 32 33 34 35 36 37 38 38 39 40 41 43 44 46 47 49 50 51 52 53 54 55 55 56 57 57 58 59 59 60 60 61 61 62 62 63 63 64 64 64 63 63 63 62 62 62 63 63 64 65 65 66 66 65 64 63 61 60 59 58 56 55 53 52 50 49 47 45 43 41 39 37 35 34 33 33 33 32 32 32 31 30 30 29 29 28 27 28 29 30 31 32 33 35
31 31 32 33 34 35 36 37 38 39 40 41 43 44 46 47 49 51 52 54 55 55 56 57 58 58 59 59 60 60 61 61 62 62 63 63 64 64 65 65 65 65 64 64 63 63 62 63 63 64 65 66 67 68 67 66 65 64 62 61 60 59 57 55 54 52 50 49 47 45 43 41 39 37 35 34 34 33 33 33 33 32 32 31 30 30 29 28 28 28 30 31 33 34 36 37
31 31 32 33 34 34 36 37 38 40 41 42 44 46 47 49 51 53 55 56 57 58 58 59 60 60 61 61 62 62 63 63 63 64 64 65 65 66 66 67 67 66 65 65 64 64 63 63 64 65 66 67 68 69 69 68 66 65 63 62 61 59 57 56 54 52 50 48 47 45 43 41 39 37 35 34 34 34 34 33 33 33 32 32 31 30 29 29 28 29 31 32 34 36 38 39
31 31 32 33 33 34 36 37 39 40 42 43 45 47 49 51 53 55 57 59 59 60 61 61 62 63 63 63 64 64 64 65 65 65 66 66 67 67 68 68 68 67 67 66 65 64 64 64 65 66 67 68 69 71 70 69 67 66 64 63 61 60 58 56 54 52 50 48 47 45 43 41 39 37 35 35 34 34 34 34 34 33 33 32 31 31 30 29 28 30 32 34 36 38 40 42
31 31 32 33 34 34 36 38 39 41 43 45 46 48 51 53 55 57 59 61 62 62 63 63 64 65 65 65 65 66 66 66 66 67 67 67 68 68 69 69 69 68 68 67 66 65 64 64 65 67 68 69 70 72 72 70 68 67 65 64 62 60 58 56 54 52 50 48 46 45 43 41 39 37 36 35 35 34 34 34 34 34 33 33 32 31 30 29 29 30 32 35 37 39 41 43
32 33 33 34 35 36 38 39 41 43 45 46 48 50 53 55 57 59 62 63 64 64 65 65 66 66 67 67 67 67 67 67 67 67 67 68 68 69 69 70 70 69 68 67 66 65 64 64 65 66 67 68 69 70 70 69 68 67 65 64 63 61 59 57 55 53 50 48 46 45 43 41 39 37 35 35 35 35 34 34 34 34 34 33 32 31 31 30 29 30 32 34 36 38 40 42
33 34 35 35 36 37 39 41 43 44 46 48 50 52 54 57 59 61 64 66 66 66 67 67 68 68 68 68 68 68 68 68 67 67 68 68 69 69 69 70 70 69 68 67 66 65 64 64 65 66 67 68 69 69 69 68 67 67 66 65 64 62 60 57 55 53 51 48 46 44 43 41 39 37 35 35 35 35 35 34 34 34 34 33 32 32 31 30 29 30 32 34 35 37 39 40
34 35 36 37 38 39 41 43 44 46 48 50 52 54 56 59 61 64 66 68 68 69 69 69 70 70 70 70 69 69 69 68 68 68 68 69 69 69 70 70 70 69 68 67 66 66 65 64 65 66 66 67 68 68 68 68 67 66 66 65 65 63 60 58 56 53 51 48 46 44 42 41 39 37 35 35 35 35 35 35 35 35 34 33 33 32 31 30 30 30 32 33 35 36 37 39
35 36 37 38 39 40 42 44 46 48 50 51 53 56 58 61 63 66 68 70 70 71 71 71 71 72 72 71 71 70 70 69 69 68 69 69 69 70 70 70 70 69 68 68 67 66 65 64 65 65 66 66 67 67 67 67 67 66 66 66 65 64 61 59 56 53 51 48 46 44 42 41 39 37 35 35 35 35 35 35 35 35 35 34 33 32 31 31 30 31 32 33 34 35 36 37
36 37 38 39 41 42 44 46 48 49 51 53 55 58 60 63 65 68 71 72 73 73 73 73 73 73 73 73 72 71 71 70 69 69 69 69 70 70 70 71 71 70 69 68 67 66 65 65 65 65 65 65 66 66 66 66 66 66 66 66 66 65 62 59 56 54 51 48 46 44 42 40 39 37 35 35 35 35 35 35 35 35 35 34 33 33 32 31 30 31 31 32 33 34 35 35
37 38 39 41 42 44 45 47 49 51 53 55 57 59 62 65 67 70 73 75 75 75 75 75 75 75 75 74 73 72 71 71 70 69 70 70 70 70 71 71 71 70 69 68 67 66 65 65 65 65 65 65 65 65 65 65 66 66 66 66 67 65 62 60 57 54 51 48 46 44 42 40 39 37 35 35 35 35 35 35 35 36 35 34 34 33 32 31 31 31 31 32 32 33 33 34
38 39 41 42 44 45 47 49 51 53 55 57 59 62 65 67 70 73 76 78 78 78 78 78 77 77 77 76 75 74 73 72 71 70 71 71 71 71 72 72 72 70 69 68 67 66 65 64 64 64 64 64 64 64 64 65 65 66 66 67 67 66 63 60 57 54 52 49 46 44 43 41 39 37 35 34 35 35 35 35 36 36 35 35 34 33 32 32 31 31 31 32 32 32 32 33
40 41 43 44 46 47 50 52 54 56 58 60 63 66 69 72 75 78 81 83 83 83 83 82 82 82 81 80 79 78 77 75 74 74 74 74 74 74 75 75 74 73 71 69 67 65 64 63 63 63 63 63 63 64 64 65 65 66 66 67 67 67 64 62 59 57 55 52 50 48 45 43 40 38 35 34 35 35 35 35 35 36 35 35 34 33 33 32 32 32 32 32 32 32 32 33
