pluvio/pluvio-294.asc
ncols         252
nrows         154
xllcorner     -0.5
yllcorner     -153.5
cellsize      1
NODATA_value  -9999
[rows 59 to 117 of 154, columns 0 to 95 of 252]
0 0 0 0 0 0 0 0 0 0 0 0 0 0 0 0 0 0 0 0 0 0 0 0 1 1 1 1 2 2 2 3 2 2 2 1 1 0 0 0 0 1 1 1 1 2 2 1 1 1 0 0 0 0 0 0 0 0 0 0 0 0 0 0 0 0 0 1 2 3 4 5 5 6 7 9 10 11 12 13 14 14 14 15 15 15 15 15 16 16 16 16 16 16 16 16
0 0 0 0 0 0 0 0 0 0 0 0 0 0 0 0 0 0 0 0 0 0 0 1 1 1 1 1 2 2 2 2 2 2 2 1 1 0 0 0 0 1 1 1 2 2 2 1 1 1 0 0 0 0 0 0 0 0 0 0 0 0 0 1 1 1 1 2 3 4 4 5 6 7 8 9 10 12 13 14 15 15 15 16 16 16 16 16 16 17 17 17 17 17 17 17
0 0 0 0 0 0 0 0 0 0 0 0 0 0 0 0 0 0 0 0 0 0 1 1 1 1 1 1 2 2 2 2 2 2 2 1 1 1 1 1 1 1 1 1 2 2 2 1 1 1 1 0 0 0 0 0 0 0 0 0 1 1 1 1 2 2 2 3 4 5 6 6 7 8 9 10 11 13 14 15 16 16 16 17 17 17 17 18 18 18 18 17 17 17 17 18
0 0 0 0 0 0 0 0 0 0 0 0 0 0 0 0 0 0 0 0 0 1 1 1 1 1 1 1 2 2 2 2 2 2 2 1 1 1 1 1 1 1 1 2 2 2 2 2 1 1 1 0 0 0 0 0 1 1 1 1 1 2 2 2 3 3 3 4 5 6 7 7 8 9 10 11 12 14 15 16 17 17 17 18 18 18 19 19 19 19 18 18 18 18 18 18
0 0 0 0 0 0 0 0 0 0 0 0 0 0 0 0 0 0 0 0 0 1 1 1 1 1 1 2 2 2 2 2 2 2 2 2 2 1 1 1 1 2 2 2 2 2 2 2 1 1 1 1 0 0 1 1 1 1 1 1 2 2 3 3 4 4 4 5 6 7 8 8 9 10 11 12 13 14 16 17 18 18 19 19 19 20 20 20 20 20 19 19 19 19 19 19
0 0 0 0 0 0 0 0 0 0 0 0 0 0 0 0 0 0 0 0 0 1 1 1 1 1 1 2 2 2 2 2 2 2 2 2 2 2 2 2 2 2 2 2 2 2 2 2 2 1 1 1 1 1 1 1 1 1 1 2 2 3 3 4 4 5 6 6 7 8 9 9 10 11 12 13 14 15 17 18 19 19 20 20 20 21 21 21 21 21 20 20 20 19 19 19
0 0 0 0 0 0 0 0 0 0 0 0 0 0 0 0 0 0 0 0 1 1 1 1 1 2 2 2 2 2 2 2 2 2 2 2 2 2 2 2 2 2 2 2 2 2 2 2 2 1 1 1 1 1 1 1 1 2 2 2 3 3 4 5 5 6 7 8 8 9 10 10 11 12 13 14 15 16 18 19 20 20 21 21 22 22 22 23 22 22 21 21 20 20 20 20
0 0 0 0 0 0 0 0 0 0 0 0 0 0 0 0 0 0 0 0 1 1 1 1 2 2 2 2 2 2 2 2 2 2 2 2 2 2 2 2 2 2 2 2 2 2 2 2 2 2 1 1 1 1 1 2 2 2 2 2 3 4 5 6 6 7 8 9 9 10 11 11 12 13 14 15 16 17 19 20 21 21 22 22 23 23 24 24 23 23 22 22 21 21 20 21
0 0 0 0 0 0 0 0 0 0 0 0 0 0 0 0 0 0 0 0 1 1 1 1 2 2 2 2 2 2 2 2 2 2 2 2 3 3 3 3 3 3 3 2 2 2 2 2 2 2 2 1 1 2 2 3 3 4 4 5 6 6 7 7 8 9 9 10 11 12 13 13 14 15 16 17 18 19 20 20 21 22 22 23 23 24 24 24 24 23 23 23 22 22 21 21
0 0 1 1 1 1 1 0 0 0 0 0 0 0 0 0 0 0 0 1 1 1 1 2 2 2 2 2 2 2 2 2 2 2 3 3 3 3 4 3 3 3 3 2 2 2 2 2 2 2 2 2 2 2 3 4 5 6 7 8 8 9 9 10 10 10 11 12 13 14 14 15 16 17 18 19 19 20 21 21 22 22 23 23 24 24 24 25 24 24 24 23 23 23 22 22
1 1 1 1 1 1 1 1 1 0 0 0 0 0 0 0 0 0 0 1 1 1 1 2 2 2 2 2 2 2 2 2 2 3 3 3 4 4 4 4 4 3 3 2 2 2 2 2 2 2 2 2 2 3 4 5 7 8 9 10 11 11 11 12 12 12 12 13 14 15 16 17 18 20 20 20 21 21 22 22 22 23 23 23 24 24 25 25 25 25 24 24 24 23 23 23
1 1 1 1 1 1 1 1 1 0 0 0 0 0 0 0 0 0 1 1 1 1 1 2 2 2 2 2 2 2 2 2 3 3 3 4 4 4 5 4 4 3 3 2 2 1 1 2 2 2 2 2 2 4 5 7 8 10 12 13 13 13 14 14 14 14 14 15 16 17 18 19 21 22 22 22 22 22 22 23 23 23 24 24 24 25 25 25 25 25 25 25 25 24 24 24
1 1 1 2 2 1 1 1 1 1 0 0 0 0 0 0 1 1 1 1 1 1 2 2 2 2 2 2 2 2 2 3 3 3 4 4 5 5 5 5 4 4 3 2 2 1 1 1 2 2 2 2 3 4 6 8 10 12 14 16 16 16 16 16 15 15 15 16 18 19 20 22 23 24 24 24 24 24 23 23 23 24 24 24 25 25 25 26 26 26 26 25 25 25 25 25
1 1 2 2 2 2 1 1 1 1 0 0 0 0 0 1 1 1 1 1 1 1 2 2 2 2 2 2 2 3 3 3 3 4 4 5 5 5 6 6 5 4 3 2 2 1 1 1 2 2 2 3 3 5 7 10 12 14 16 19 19 18 18 18 17 17 17 18 19 21 22 24 25 26 26 26 25 25 24 24 24 24 24 25 25 25 26 26 26 26 26 26 26 26 26 26
1 2 2 2 2 2 2 1 1 1 0 0 0 0 1 1 1 1 1 1 1 2 2 2 2 2 2 2 3 3 3 3 3 4 4 5 5 6 7 6 5 4 3 2 2 1 1 1 2 2 2 3 3 6 8 11 14 16 19 21 21 21 20 20 19 19 18 19 21 23 24 26 27 29 28 27 27 26 25 25 24 24 25 25 25 26 26 26 27 27 27 27 27 27 27 27
2 2 2 3 3 2 2 2 1 1 0 0 1 1 1 1 1 2 2 2 2 3 3 3 3 3 3 3 3 3 3 3 4 4 5 5 6 6 7 6 5 5 4 3 2 2 2 2 3 3 4 4 4 7 9 12 14 17 19 22 22 21 21 21 20 20 20 21 22 23 24 26 27 28 28 27 27 26 26 25 24 25 25 26 26 26 27 27 27 27 27 27 27 27 27 27
3 3 3 3 3 3 2 2 1 1 1 1 1 1 1 2 2 2 3 3 3 3 4 4 4 4 4 4 4 4 4 4 4 5 5 5 6 6 6 6 6 5 4 4 3 3 3 3 4 4 5 5 5 8 10 12 15 17 20 22 22 22 22 22 22 21 21 22 23 24 25 26 27 28 27 27 26 26 26 25 25 25 26 26 27 27 28 28 28 28 28 28 28 28 28 27
4 4 4 4 4 3 3 2 2 1 1 1 1 1 2 2 3 3 3 4 4 4 5 5 6 6 5 5 5 5 5 5 5 5 5 6 6 6 6 6 6 5 5 5 4 4 4 5 5 5 6 6 7 9 11 13 16 18 20 23 23 23 23 23 23 23 23 23 24 25 25 26 26 27 27 27 26 26 26 25 25 26 26 27 27 28 29 29 29 29 28 28 28 28 28 28
4 4 4 4 4 4 3 2 2 1 1 1 1 2 2 3 3 4 4 4 5 5 6 6 7 7 6 6 6 6 5 5 5 5 6 6 6 6 6 6 6 6 6 5 5 5 5 6 6 6 7 7 8 10 12 14 16 18 21 23 23 23 24 24 24 24 24 24 25 25 25 26 26 26 26 26 26 26 26 26 25 26 27 27 28 29 29 30 30 29 29 29 28 28 28 28
5 5 5 5 5 4 3 3 2 1 1 1 1 2 3 3 4 4 5 5 6 6 7 7 8 8 7 7 7 6 6 6 6 6 6 6 6 6 6 6 6 6 6 6 6 6 6 7 7 8 8 8 9 11 13 15 17 19 21 23 24 24 24 25 25 25 26 26 26 26 26 26 26 26 26 26 26 26 26 26 26 27 27 28 29 29 30 31 30 30 30 29 29 28 28 28
6 6 6 5 5 4 4 3 2 2 1 1 2 2 3 4 4 5 6 6 7 7 8 8 9 9 9 8 8 7 7 6 6 6 6 6 6 6 6 6 6 7 7 7 7 7 8 8 8 9 9 10 10 12 14 16 18 20 22 24 24 25 25 26 26 27 27 27 27 26 26 26 26 25 25 26 26 26 26 26 26 27 28 29 29 30 31 32 31 31 30 30 29 28 28 28
6 6 6 6 6 5 4 3 3 2 1 1 2 3 3 4 5 6 6 7 8 8 9 10 10 10 10 9 8 8 7 7 7 7 6 6 6 6 6 6 7 7 7 8 8 8 9 9 9 10 10 11 11 13 15 16 18 20 22 24 25 25 26 27 27 28 29 28 28 27 26 26 25 25 25 25 25 26 26 26 26 27 28 29 30 31 32 33 32 31 31 30 29 29 28 28
6 6 6 6 6 5 4 4 3 3 2 2 3 3 4 5 5 6 7 7 8 9 9 10 10 10 10 9 9 8 8 7 7 7 7 7 7 7 7 7 7 7 8 8 8 8 9 9 9 10 10 10 11 12 14 16 18 20 21 23 24 24 25 26 26 27 27 27 26 26 26 25 25 24 24 25 25 25 25 25 26 27 28 28 29 30 31 32 32 31 30 30 29 29 28 28
6 6 6 6 6 5 5 4 4 3 3 3 3 4 5 5 6 7 7 8 8 9 10 10 11 11 10 10 9 9 8 8 7 7 7 7 7 7 7 7 7 8 8 8 8 8 9 9 9 10 10 10 10 12 14 15 17 19 21 23 23 24 24 24 25 25 26 25 25 25 25 24 24 24 24 24 24 24 25 25 25 26 27 28 29 30 31 32 31 31 30 30 29 28 28 28
6 6 6 6 6 6 5 5 4 4 4 4 4 5 5 6 7 7 8 8 9 9 10 10 11 11 10 10 9 9 9 8 8 8 8 8 8 8 7 8 8 8 8 8 8 8 9 9 9 9 10 10 10 12 13 15 17 18 20 22 22 23 23 23 24 24 24 24 24 24 24 24 23 23 23 24 24 24 24 24 24 25 26 27 28 29 30 31 31 30 30 29 29 28 28 28
5 6 6 6 6 6 6 5 5 5 4 5 5 6 6 7 7 8 8 9 9 10 10 11 11 11 11 10 10 9 9 8 8 8 8 8 8 8 8 8 8 8 8 8 8 9 9 9 9 9 9 10 10 11 13 15 16 18 20 21 22 22 22 22 22 23 23 23 23 23 23 23 23 23 23 23 23 23 23 23 23 24 25 26 27 29 30 31 30 30 29 29 29 28 28 28
5 6 6 7 7 6 6 6 6 5 5 5 6 6 7 7 8 8 9 9 10 10 11 11 11 11 11 10 10 10 9 9 9 9 9 9 8 8 8 8 8 8 9 9 9 9 9 9 9 9 9 9 10 11 12 14 16 17 19 20 21 21 21 21 21 21 21 21 22 22 22 22 22 22 22 22 22 22 22 22 23 24 25 26 27 28 29 30 30 29 29 29 29 28 28 28
5 5 6 7 7 7 7 6 6 6 6 6 7 7 8 8 8 9 9 10 10 10 11 11 12 12 11 11 10 10 10 9 9 9 9 9 9 9 9 9 9 9 9 9 9 9 9 9 9 9 9 9 9 11 12 14 15 17 18 20 20 20 20 20 20 20 20 20 20 21 21 21 22 22 22 22 22 22 22 22 22 23 24 25 26 27 28 29 29 29 29 29 28 28 28 28
5 5 6 7 7 7 7 7 7 7 7 7 7 8 8 9 9 9 10 10 10 11 11 12 12 12 11 11 11 10 10 10 9 9 9 9 9 9 9 9 9 9 9 9 9 9 9 9 9 9 9 9 9 10 12 13 15 16 18 19 19 19 19 19 19 18 18 19 19 20 20 21 21 21 21 21 21 21 21 21 21 22 23 24 26 27 28 29 29 29 28 28 28 28 28 28
5 5 6 7 7 7 7 7 7 7 7 8 8 9 9 9 10 10 10 11 11 11 11 11 12 11 11 11 10 10 10 10 10 10 10 10 10 10 10 10 10 10 10 10 10 10 10 10 10 10 10 10 10 11 12 14 15 17 18 19 19 19 19 19 19 18 18 19 19 20 20 21 21 22 22 22 22 22 22 22 22 23 24 25 26 27 28 28 28 28 28 28 28 28 27 28
5 5 6 7 8 8 8 8 8 8 8 8 9 9 10 10 11 11 11 11 11 11 11 11 11 11 11 11 10 10 10 10 10 10 10 10 11 11 11 11 11 11 11 11 11 12 11 11 11 11 11 11 11 12 13 14 16 17 18 19 19 19 19 19 19 18 18 19 19 20 20 21 22 22 22 22 22 22 22 22 22 23 24 25 26 26 27 28 28 28 28 27 27 27 27 28
5 5 6 7 8 8 8 8 8 8 9 9 9 10 10 11 11 12 12 12 12 11 11 11 11 11 10 10 10 10 10 10 10 10 11 11 11 12 12 12 12 12 13 13 13 13 13 13 12 12 12 12 12 13 14 15 16 17 18 20 20 19 19 19 19 18 18 19 19 20 21 21 22 22 23 23 23 23 23 23 23 24 24 25 26 26 27 28 27 27 27 27 27 27 27 27
5 6 7 8 8 8 8 9 9 9 9 9 10 11 11 12 12 13 13 12 12 12 11 11 10 10 10 10 10 10 10 9 10 10 11 11 12 13 13 13 13 14 14 14 14 14 14 14 14 13 13 13 13 14 15 16 17 18 19 20 20 19 19 19 19 18 18 19 19 20 21 21 22 23 23 23 23 23 24 24 24 24 25 25 26 26 27 27 27 27 27 27 26 26 26 27
5 6 7 8 8 9 9 9 9 9 10 10 11 11 12 12 13 14 14 13 12 12 11 11 10 10 10 10 10 10 10 9 10 11 11 12 13 13 14 14 15 15 15 15 15 15 15 15 15 14 14 14 14 14 15 16 17 18 19 20 20 19 19 19 19 18 18 19 19 20 21 22 22 23 23 24 24 24 24 24 25 25 25 26 26 26 26 27 27 26 26 26 26 26 26 26
5 6 7 8 9 9 9 9 10 10 10 11 11 12 13 13 14 14 14 14 13 12 11 11 10 10 10 9 9 9 9 9 10 11 12 13 13 14 15 15 16 16 16 16 16 17 16 16 16 16 15 15 15 15 16 17 18 18 19 20 20 19 19 19 19 18 18 19 20 20 21 22 23 24 24 24 24 25 25 25 25 25 26 26 26 26 26 26 26 26 26 26 25 25 25 26
5 6 7 8 9 9 9 10 10 10 11 11 12 13 13 14 15 15 15 14 13 12 11 10 10 9 9 9 9 9 9 9 10 11 12 13 14 15 16 16 17 17 17 17 18 18 18 17 17 17 16 16 16 16 17 17 18 19 19 20 20 20 19 19 19 18 18 19 20 20 21 22 23 24 24 24 25 25 25 26 26 26 26 26 26 26 26 26 26 26 25 25 25 25 25 26
5 6 7 9 9 10 10 10 11 11 12 12 13 13 14 14 15 15 15 14 13 12 11 10 10 9 10 10 10 10 10 10 11 12 13 13 14 15 16 17 17 17 17 18 18 18 18 17 17 17 17 16 16 16 17 18 18 19 19 20 20 20 19 19 19 19 18 19 20 20 21 22 23 24 24 24 25 25 26 26 27 26 26 26 26 26 26 25 25 25 25 25 25 25 25 26
5 6 8 9 10 10 11 11 12 12 13 13 13 14 14 14 15 15 15 14 13 12 11 11 10 10 10 10 10 10 10 11 11 12 13 14 15 15 16 17 17 17 17 18 18 18 18 18 17 17 17 17 16 17 17 18 18 19 20 20 20 20 19 19 19 19 18 19 20 21 21 22 23 23 24 24 25 26 26 27 27 27 27 26 26 26 25 25 25 25 25 25 26 26 26 26
5 6 8 9 10 11 11 12 12 13 13 14 14 14 14 14 15 15 14 14 13 12 11 11 10 10 10 10 11 11 11 11 12 13 13 14 15 16 17 17 17 17 18 18 18 18 18 18 18 17 17 17 17 17 18 18 19 19 20 20 20 20 20 19 19 19 19 19 20 21 21 22 23 23 24 24 25 26 26 27 28 27 27 26 26 25 25 25 25 25 25 26 26 26 26 27
5 7 8 10 11 11 12 13 13 14 14 15 15 15 15 15 15 15 14 13 13 12 11 11 10 10 10 11 11 11 11 12 12 13 14 15 15 16 17 17 17 18 18 18 18 19 18 18 18 18 18 17 17 17 18 18 19 19 20 20 20 20 20 20 19 19 19 20 20 21 21 22 22 23 24 24 25 26 27 27 28 28 27 26 26 25 25 24 25 25 25 26 26 26 27 27
5 7 8 10 11 12 12 13 14 15 15 15 15 15 15 15 15 14 14 13 13 12 11 11 10 10 11 11 11 12 12 12 13 14 14 15 16 16 17 17 17 18 18 18 19 19 19 18 18 18 18 18 17 18 18 19 19 19 20 20 20 20 20 20 20 19 19 20 20 21 21 22 22 23 24 24 25 26 27 28 29 28 27 27 26 25 24 24 24 25 25 26 26 27 27 28
6 7 9 10 12 12 13 14 15 15 16 16 16 16 15 15 15 14 14 13 13 12 11 11 10 10 11 11 12 12 13 13 13 14 15 15 16 16 17 17 18 18 18 18 19 19 19 19 19 18 18 18 18 18 18 19 19 20 20 20 20 20 20 20 20 20 20 20 20 21 21 22 22 23 24 24 25 26 27 28 29 28 28 27 26 25 24 23 24 25 25 26 26 27 28 28
6 7 9 11 12 13 14 14 15 16 17 17 16 16 15 15 15 14 14 13 13 12 12 11 11 11 11 12 12 13 13 14 14 15 15 16 16 17 17 18 18 18 18 19 19 19 19 19 19 19 19 18 18 18 19 19 19 20 20 20 20 20 20 20 20 20 20 20 20 21 21 22 22 22 24 25 26 27 28 29 30 29 28 27 26 25 24 23 24 25 25 26 27 27 28 29
6 7 9 11 12 12 13 14 15 15 16 16 16 15 15 14 14 14 13 13 12 12 12 11 11 11 12 12 12 13 13 14 14 15 16 16 17 17 18 18 18 19 19 19 19 20 20 20 19 19 19 19 19 19 19 20 20 20 21 21 21 21 20 20 20 20 20 20 21 21 21 22 22 23 24 25 26 27 28 29 30 29 28 27 26 25 24 24 25 25 26 27 28 28 29 30
6 8 9 11 12 12 13 13 14 14 15 15 15 15 14 14 14 13 13 13 12 12 12 12 11 11 12 12 13 13 14 14 15 15 16 17 17 18 18 19 19 19 19 20 20 20 20 20 20 20 20 20 19 20 20 20 21 21 21 21 21 21 21 20 20 20 20 20 21 21 22 22 23 23 24 25 26 27 28 29 29 29 28 27 26 26 25 24 25 26 27 28 29 29 30 31
6 8 9 11 11 12 12 13 13 14 14 14 14 14 14 13 13 13 13 13 12 12 12 12 12 12 12 13 13 14 14 15 15 16 16 17 18 18 19 19 19 20 20 20 20 21 21 21 20 20 20 20 20 20 21 21 21 21 22 22 22 21 21 21 20 20 19 20 21 21 22 22 23 24 24 25 26 27 28 29 29 29 28 27 27 26 25 25 26 27 28 29 30 30 31 32
6 8 9 10 11 12 12 12 13 13 13 13 13 13 13 13 13 13 13 12 12 12 12 12 12 12 13 13 14 14 15 15 16 16 17 18 18 19 19 20 20 20 20 21 21 21 21 21 21 21 21 21 21 21 21 21 22 22 22 23 22 22 21 21 20 20 19 20 21 21 22 23 23 24 25 25 26 27 28 28 29 29 28 28 27 26 26 25 26 27 28 29 30 31 33 34
6 8 9 10 11 11 12 12 12 12 12 12 12 12 12 12 12 12 12 12 12 12 12 12 12 13 13 14 14 15 15 16 16 17 17 18 19 19 20 20 20 21 21 21 21 22 22 22 22 21 21 21 21 21 22 22 22 23 23 23 23 22 22 21 20 20 19 20 21 21 22 23 24 24 25 26 26 27 28 28 29 29 28 28 27 27 26 26 27 28 29 30 31 32 34 35
7 8 9 10 11 11 11 11 11 11 11 12 12 12 12 12 12 12 12 12 12 12 12 12 13 13 13 14 14 15 16 16 17 17 18 19 19 20 20 21 21 21 21 22 22 22 22 22 22 22 22 22 22 22 22 23 23 23 23 24 23 22 22 21 21 20 19 20 21 22 22 23 24 25 25 26 27 27 28 28 29 29 28 28 27 27 27 26 28 29 30 31 32 33 35 36
7 8 9 10 11 11 11 11 11 11 11 11 11 11 11 12 12 12 12 12 12 12 13 13 13 13 14 14 15 15 16 17 17 18 18 19 20 20 21 21 22 22 22 23 23 23 23 23 23 23 23 23 23 23 23 24 24 24 24 25 24 23 23 22 21 21 20 21 22 22 23 24 25 26 26 27 27 28 28 29 29 29 29 28 28 28 27 27 28 30 31 32 33 35 36 37
7 8 9 10 11 11 11 10 10 10 10 10 11 11 11 11 12 12 12 12 13 13 13 13 13 14 14 15 16 16 17 18 18 19 20 20 21 22 22 23 23 24 24 25 25 25 25 25 25 25 25 25 25 26 26 26 27 27 27 28 27 27 26 26 25 25 24 25 25 26 27 27 28 28 29 29 30 30 31 31 32 31 31 30 30 29 29 28 30 31 32 33 34 36 37 38
6 8 9 10 10 10 10 10 10 10 10 10 10 11 11 11 12 12 12 13 13 13 13 14 14 14 15 16 17 17 18 19 20 20 21 22 22 23 24 24 25 25 26 27 27 28 28 28 28 28 28 28 28 28 29 29 30 30 30 31 30 30 30 29 29 29 28 29 29 30 30 30 31 31 31 32 32 33 33 33 34 33 33 32 31 31 30 30 31 32 33 34 36 37 38 40
6 7 9 10 10 10 10 10 10 10 10 10 10 11 11 11 12 12 13 13 13 13 14 14 14 15 16 17 17 18 19 20 21 21 22 23 24 24 25 26 27 27 28 29 29 30 30 30 30 30 30 31 31 31 31 32 32 33 33 34 34 33 33 33 33 33 33 33 33 33 33 34 34 34 34 34 35 35 35 36 36 35 34 34 33 32 32 31 32 33 34 36 37 38 39 41
6 7 8 9 10 10 10 10 9 9 9 10 10 10 11 11 12 12 13 13 13 14 14 14 15 15 16 17 18 19 20 21 22 23 23 24 25 26 27 27 28 29 30 31 31 32 32 33 33 33 33 33 33 34 34 35 35 36 36 37 37 37 37 37 37 37 37 37 37 37 37 37 37 37 37 37 37 37 38 38 38 37 36 36 35 34 33 32 33 35 36 37 38 39 40 42
6 7 8 9 10 10 9 9 9 9 9 9 10 10 11 11 12 13 13 13 14 14 14 15 15 16 17 18 19 20 21 22 23 24 25 25 26 27 28 29 30 31 32 33 33 34 35 35 35 35 36 36 36 36 37 38 38 39 39 40 40 40 40 41 41 41 41 41 41 40 40 40 40 39 40 40 40 40 40 40 40 39 38 37 36 35 34 34 35 36 37 38 39 40 41 43
6 7 8 9 9 9 9 9 9 9 9 9 9 10 11 11 12 13 13 14 14 14 15 15 16 16 18 19 20 21 22 23 24 25 26 27 28 28 29 30 31 32 33 35 36 37 37 37 38 38 38 38 39 39 40 40 41 42 42 43 43 44 44 44 45 45 45 45 44 44 44 43 43 42 42 42 42 42 42 42 43 41 40 39 38 37 36 35 36 37 38 39 40 41 43 44
6 7 8 9 9 9 9 9 9 9 8 9 9 10 11 11 12 13 13 14 14 14 15 15 16 17 18 19 21 22 23 24 25 26 27 28 29 30 31 32 33 34 35 36 37 39 39 39 40 40 41 41 41 42 42 43 43 44 44 45 46 46 46 47 47 48 48 48 47 47 46 46 45 44 44 44 44 44 45 45 45 43 42 41 40 38 37 36 37 38 39 40 41 42 43 45
6 7 8 9 10 10 10 9 9 9 9 9 10 10 11 11 12 12 13 13 14 14 14 15 15 16 18 19 21 22 24 25 26 27 28 29 30 31 32 33 34 35 36 37 38 39 40 41 42 42 43 44 44 45 45 45 45 45 45 45 45 46 46 47 47 48 48 48 47 47 46 46 45 45 45 45 45 46 46 46 46 45 44 43 41 40 39 38 38 39 40 41 41 42 43 44
6 8 9 10 10 10 10 10 10 10 9 10 10 10 11 11 11 12 12 13 13 14 14 15 15 16 18 20 21 23 25 26 27 29 30 31 32 33 34 35 36 37 38 38 39 40 41 42 43 44 45 47 48 47 47 47 46 46 45 45 45 46 46 47 47 48 48 48 47 47 46 46 45 45 45 46 46 47 47 48 48 47 46 44 43 42 40 39 40 40 40 41 41 42 42 44
