pluvio/pluvio-21.asc
ncols         252
nrows         154
xllcorner     -18.017974
yllcorner     13.481982
cellsize      0.035948
NODATA_value  -9999
[rows 51 to 101 of 154, columns 0 to 95 of 252]
65535 65535 65535 65535 65535 65535 65535 65535 65535 65535 65535 65535 65535 65535 65535 65535 65535 65535 65535 65535 65535 65535 65535 65535 65535 65535 65535 65535 65535 65535 65535 65535 65535 65535 65535 20 20 20 20 20 19 19 19 19 19 19 19 19 19 19 19 20 20 21 21 21 22 22 23 23 24 24 24 25 24 24 24 24 24 24 23 23 23 23 23 23 23 22 22 22 22 22 22 22 21 21 21 21 21 21 20 21 21 21 21 21
65535 65535 65535 65535 65535 65535 65535 65535 65535 65535 65535 65535 65535 65535 65535 65535 65535 65535 65535 65535 65535 65535 65535 65535 65535 65535 65535 65535 65535 65535 65535 65535 65535 65535 65535 20 20 20 20 19 19 19 19 19 19 19 19 19 19 19 19 19 20 20 21 21 22 22 22 23 23 24 24 24 24 24 24 24 24 23 23 23 23 23 23 23 23 22 22 22 22 22 22 22 22 22 21 21 21 21 21 21 21 22 22 22
65535 65535 65535 65535 65535 65535 65535 65535 65535 65535 65535 65535 65535 65535 65535 65535 65535 65535 65535 65535 65535 65535 65535 65535 65535 65535 65535 65535 65535 65535 65535 65535 65535 65535 65535 20 20 20 19 19 19 19 19 19 19 19 18 18 18 18 19 19 20 20 20 21 21 22 22 22 23 23 24 24 24 24 24 23 23 23 23 23 23 23 23 23 22 22 22 22 22 22 22 22 22 22 22 22 22 22 21 22 22 22 22 23
65535 65535 65535 65535 65535 65535 65535 65535 65535 65535 65535 65535 65535 65535 65535 65535 65535 65535 65535 65535 65535 65535 65535 65535 65535 65535 65535 65535 65535 65535 65535 65535 65535 65535 65535 20 20 19 19 19 19 19 19 19 18 18 18 18 18 18 18 19 19 20 20 20 21 21 22 22 23 23 23 24 24 23 23 23 23 23 23 23 23 23 23 23 22 22 22 22 22 22 22 22 22 22 22 22 22 22 22 22 22 23 23 23
65535 65535 65535 65535 65535 65535 65535 65535 65535 65535 65535 65535 65535 65535 65535 65535 65535 65535 65535 65535 65535 65535 65535 65535 65535 65535 65535 65535 65535 65535 65535 65535 65535 65535 65535 20 20 19 19 19 19 19 19 18 18 18 18 18 18 18 18 18 19 19 20 20 21 21 21 22 22 23 23 23 23 23 23 23 23 23 23 23 23 23 23 22 22 22 22 22 22 22 22 22 22 22 22 22 22 22 23 23 23 23 24 24
65535 65535 65535 65535 65535 65535 65535 65535 65535 65535 65535 65535 65535 65535 65535 65535 65535 65535 65535 65535 65535 65535 65535 65535 65535 65535 65535 65535 65535 65535 65535 65535 65535 65535 65535 20 20 19 19 19 19 19 18 18 18 18 18 17 17 17 18 18 18 19 19 20 20 21 21 21 22 22 23 23 23 23 23 23 23 23 23 23 23 22 22 22 22 22 22 22 22 23 23 23 23 23 23 23 23 23 23 23 23 24 24 24
65535 65535 65535 65535 65535 65535 65535 65535 65535 65535 65535 65535 65535 65535 65535 65535 65535 65535 65535 65535 65535 65535 65535 65535 65535 65535 65535 65535 65535 65535 65535 65535 65535 65535 65535 20 20 19 19 19 19 18 18 18 18 17 17 17 17 17 17 18 18 19 19 19 20 20 21 21 22 22 22 23 23 23 23 23 23 22 22 22 22 22 22 22 22 22 22 22 23 23 23 23 23 23 23 23 23 23 24 24 24 24 25 25
65535 65535 65535 65535 65535 65535 65535 65535 65535 65535 65535 65535 65535 65535 65535 65535 65535 65535 65535 65535 65535 65535 65535 65535 65535 65535 65535 65535 65535 65535 65535 65535 65535 65535 65535 20 19 19 19 19 18 18 18 18 17 17 17 17 16 16 17 17 18 18 19 19 19 20 20 21 21 22 22 22 22 22 22 22 22 22 22 22 22 22 22 22 22 22 22 23 23 23 23 23 23 23 23 24 24 24 24 24 25 25 25 26
65535 65535 65535 65535 65535 65535 65535 65535 65535 65535 65535 65535 65535 65535 65535 65535 65535 65535 65535 65535 65535 65535 65535 65535 65535 65535 65535 65535 65535 65535 65535 65535 65535 65535 65535 20 19 19 19 19 18 18 18 17 17 17 17 16 16 16 16 17 17 18 18 19 19 20 20 20 21 21 22 22 22 22 22 22 22 22 22 22 22 22 22 22 22 22 22 23 23 23 23 23 23 24 24 24 24 24 25 25 25 25 26 26
65535 65535 65535 65535 65535 65535 65535 65535 65535 65535 65535 65535 65535 65535 65535 65535 65535 65535 65535 65535 65535 65535 65535 65535 65535 65535 65535 65535 65535 65535 65535 65535 65535 65535 65535 20 19 19 19 18 18 18 18 17 17 17 16 16 16 16 16 17 17 17 18 18 19 19 20 20 21 21 21 22 22 22 22 22 22 22 22 22 22 22 22 22 22 22 22 23 23 23 23 24 24 24 24 24 25 25 25 25 26 26 26 27
65535 65535 65535 65535 65535 65535 65535 65535 65535 65535 65535 65535 65535 65535 65535 65535 65535 65535 65535 65535 65535 65535 65535 65535 65535 65535 65535 65535 65535 65535 65535 65535 65535 65535 65535 20 19 19 19 18 18 18 17 17 17 16 16 16 15 15 16 16 17 17 18 18 18 19 19 20 20 21 21 21 22 22 22 22 22 22 22 22 22 22 22 22 22 22 22 23 23 23 24 24 24 24 25 25 25 25 26 26 26 27 27 27
65535 65535 65535 65535 65535 65535 65535 65535 65535 65535 65535 65535 65535 65535 65535 65535 65535 65535 65535 65535 65535 65535 65535 65535 65535 65535 65535 65535 65535 65535 65535 65535 65535 65535 65535 20 19 19 19 18 18 18 17 17 16 16 16 15 15 15 15 16 16 17 17 18 18 19 19 19 20 20 21 21 21 21 21 21 21 22 22 22 22 22 22 22 22 22 23 23 23 23 24 24 24 25 25 25 25 26 26 26 27 27 27 28
65535 65535 65535 65535 65535 65535 65535 65535 65535 65535 65535 65535 65535 65535 65535 65535 65535 65535 65535 65535 65535 11 11 11 11 11 11 11 11 11 11 11 11 11 11 19 18 18 18 18 17 17 17 16 16 16 15 15 15 15 15 16 16 17 17 18 18 19 19 19 20 20 21 21 21 21 21 21 22 22 22 22 22 22 22 22 22 22 23 23 23 24 24 24 25 25 25 26 26 26 27 27 27 28 28 28
65535 65535 65535 65535 65535 65535 65535 65535 65535 65535 65535 65535 65535 65535 65535 65535 65535 65535 65535 65535 65535 11 11 11 11 11 11 11 11 11 11 11 11 11 11 18 18 18 17 17 17 17 17 16 16 16 16 15 15 15 16 16 17 17 17 18 18 19 19 20 20 21 21 21 22 22 22 22 22 22 22 22 22 22 23 23 23 23 23 24 24 24 24 25 25 25 26 26 26 27 27 27 28 28 29 29
65535 65535 65535 65535 65535 65535 65535 65535 65535 65535 65535 65535 65535 65535 65535 65535 65535 65535 65535 65535 65535 11 11 11 11 11 11 11 11 11 11 11 11 11 11 18 17 17 17 17 17 17 16 16 16 16 16 16 15 15 16 16 17 17 18 18 19 19 20 20 21 21 21 22 22 22 22 22 22 22 23 23 23 23 23 23 23 23 24 24 24 25 25 25 26 26 26 27 27 27 27 28 28 29 29 30
65535 65535 65535 65535 65535 65535 65535 65535 65535 65535 65535 65535 65535 65535 65535 65535 65535 65535 65535 65535 65535 11 11 11 11 11 11 11 11 11 11 11 11 11 11 17 17 17 17 17 16 16 16 16 16 16 16 16 16 16 16 17 17 18 18 19 19 19 20 20 21 21 22 22 22 22 22 23 23 23 23 23 23 23 24 24 24 24 24 25 25 25 25 26 26 26 27 27 27 28 28 28 29 29 30 30
65535 65535 65535 65535 65535 65535 65535 65535 65535 65535 65535 65535 65535 65535 65535 65535 65535 65535 65535 65535 65535 11 11 11 11 11 11 11 11 11 11 11 11 11 11 16 16 16 16 16 16 16 16 16 16 16 16 16 16 16 17 17 17 18 18 19 19 20 20 21 21 22 22 22 23 23 23 23 23 23 23 24 24 24 24 24 24 25 25 25 25 26 26 26 27 27 27 27 28 28 28 29 29 30 30 31
65535 65535 65535 65535 65535 65535 65535 65535 65535 65535 65535 65535 65535 65535 65535 65535 65535 65535 65535 65535 65535 11 11 11 11 11 11 11 11 11 11 11 11 11 11 16 16 16 16 16 16 16 16 16 16 16 16 16 16 16 17 17 18 18 19 19 20 20 21 21 21 22 22 23 23 23 23 23 24 24 24 24 24 24 25 25 25 25 25 26 26 26 26 27 27 27 28 28 28 28 29 29 30 30 31 32
65535 65535 65535 65535 65535 65535 65535 65535 65535 65535 65535 65535 65535 65535 65535 65535 65535 65535 65535 65535 65535 11 11 11 11 11 11 11 11 11 11 11 11 11 11 15 15 15 15 16 16 16 16 16 16 16 16 16 17 17 17 18 18 19 19 19 20 20 21 21 22 22 23 23 23 23 24 24 24 24 24 24 25 25 25 25 25 26 26 26 26 27 27 27 28 28 28 28 29 29 29 30 30 31 32 32
65535 65535 65535 65535 65535 65535 65535 65535 65535 65535 65535 65535 65535 65535 65535 65535 65535 65535 65535 65535 65535 11 11 11 11 11 11 11 11 11 11 11 11 11 11 15 15 15 15 15 15 16 16 16 16 16 16 17 17 17 18 18 18 19 19 20 20 21 21 22 22 23 23 23 24 24 24 24 24 25 25 25 25 25 26 26 26 26 26 27 27 27 27 28 28 28 29 29 29 29 30 30 31 31 32 33
65535 65535 65535 65535 65535 65535 65535 65535 65535 65535 65535 65535 65535 65535 65535 65535 65535 65535 65535 65535 65535 11 11 11 11 11 11 11 11 11 11 11 11 11 11 14 14 14 15 15 15 15 16 16 16 16 17 17 17 17 18 18 19 19 20 20 21 21 21 22 22 23 23 24 24 24 24 25 25 25 25 25 26 26 26 26 26 27 27 27 27 28 28 28 29 29 29 29 30 30 30 31 31 32 33 33
65535 65535 65535 65535 65535 65535 65535 65535 65535 65535 65535 65535 65535 65535 65535 65535 65535 65535 65535 65535 65535 11 11 11 11 11 11 11 11 11 11 11 11 11 11 13 14 14 14 15 15 15 16 16 16 16 17 17 17 18 18 19 19 20 20 20 21 21 22 22 23 23 24 24 24 24 25 25 25 25 26 26 26 26 26 27 27 27 27 28 28 28 28 29 29 29 30 30 30 30 31 31 32 33 33 34
65535 65535 65535 65535 65535 65535 65535 65535 65535 65535 65535 65535 65535 65535 65535 65535 65535 65535 65535 65535 65535 11 11 11 11 11 11 11 11 11 11 11 11 11 11 13 13 14 14 14 15 15 15 16 16 17 17 17 18 18 18 19 19 20 20 21 21 22 22 23 23 23 24 24 25 25 25 25 26 26 26 26 26 27 27 27 27 28 28 28 28 29 29 29 29 30 30 30 30 31 31 32 32 33 34 35
65535 65535 65535 65535 65535 65535 65535 65535 65535 65535 65535 65535 65535 65535 65535 65535 65535 65535 65535 65535 65535 11 11 11 11 11 11 11 11 11 11 11 11 11 11 12 13 13 14 14 14 15 15 16 16 17 17 17 18 18 19 19 20 20 21 21 22 22 22 23 23 24 24 25 25 25 25 26 26 26 26 27 27 27 27 28 28 28 28 29 29 29 29 30 30 30 30 31 31 31 31 32 33 34 34 35
65535 65535 65535 65535 65535 65535 65535 65535 65535 65535 65535 65535 65535 65535 65535 65535 65535 65535 65535 65535 65535 11 11 11 11 11 11 11 11 11 11 11 11 11 11 12 12 13 13 14 14 15 15 16 16 17 17 18 18 19 19 20 20 20 21 21 22 22 23 23 24 24 25 25 25 25 26 26 26 27 27 27 27 28 28 28 29 29 29 29 29 30 30 30 30 31 31 31 31 32 32 32 33 34 35 36
65535 65535 65535 65535 65535 65535 65535 65535 65535 65535 65535 65535 65535 65535 65535 65535 65535 65535 65535 65535 65535 11 11 11 11 11 11 11 11 11 11 11 11 11 11 11 12 12 13 13 14 14 15 16 16 17 17 18 18 19 19 20 20 21 21 22 22 23 23 24 24 24 25 25 26 26 26 26 27 27 27 28 28 28 28 29 29 29 30 30 30 30 30 31 31 31 31 32 32 32 32 33 34 35 36 36
65535 65535 65535 65535 65535 65535 65535 65535 65535 65535 65535 65535 65535 65535 65535 65535 65535 65535 65535 65535 65535 36 35 33 31 29 27 26 24 22 20 18 17 15 13 12 12 13 13 14 14 15 16 16 17 17 18 18 19 19 20 20 21 21 22 22 23 23 24 24 25 25 25 26 26 27 27 27 28 28 28 29 29 29 30 30 30 31 31 31 31 32 32 32 32 32 33 33 33 33 34 34 35 36 37 38
65535 65535 65535 65535 65535 65535 65535 65535 65535 65535 65535 65535 65535 65535 65535 65535 65535 65535 65535 65535 65535 36 35 33 31 30 28 26 25 23 21 20 18 16 15 14 14 14 15 15 16 16 17 17 18 18 19 19 20 20 21 21 22 22 22 23 23 24 24 25 25 26 26 27 27 28 28 28 29 29 30 30 31 31 32 32 33 33 33 33 34 34 34 34 34 35 35 35 35 35 36 36 37 38 39 40
65535 65535 65535 65535 65535 65535 65535 65535 65535 65535 65535 65535 65535 65535 65535 65535 65535 65535 65535 65535 65535 36 35 33 32 30 29 27 26 24 23 21 20 18 16 15 16 16 17 17 17 18 18 18 19 19 20 20 20 21 21 22 22 23 23 24 24 25 25 26 26 27 27 28 28 29 29 30 30 31 31 32 32 33 34 34 35 35 35 36 36 36 36 36 37 37 37 37 37 38 38 38 39 40 41 42
65535 65535 65535 65535 65535 65535 65535 65535 65535 65535 65535 65535 65535 65535 65535 65535 65535 65535 65535 65535 65535 36 35 34 32 31 29 28 27 25 24 22 21 20 18 17 18 18 18 18 19 19 19 20 20 20 21 21 21 21 22 22 23 23 24 24 25 25 26 26 27 27 28 28 29 30 30 31 32 32 33 34 34 35 36 36 37 37 37 38 38 38 38 39 39 39 39 39 40 40 40 41 42 43 44 45
65535 65535 65535 65535 65535 65535 65535 65535 65535 65535 65535 65535 65535 65535 65535 65535 65535 65535 65535 65535 65535 37 35 34 33 31 30 29 28 26 25 24 23 21 20 19 19 20 20 20 20 20 21 21 21 21 21 22 22 22 23 23 24 24 25 25 26 26 27 27 28 28 29 29 30 31 31 32 33 34 34 35 36 37 38 38 39 39 40 40 40 40 40 41 41 41 41 41 42 42 42 43 44 45 46 47
65535 65535 65535 65535 65535 65535 65535 65535 65535 65535 65535 65535 65535 65535 65535 65535 65535 65535 65535 65535 65535 37 35 34 33 32 31 30 29 27 26 25 24 23 22 21 21 21 21 21 22 22 22 22 22 22 22 22 23 23 23 24 24 25 25 26 26 27 27 28 28 29 29 30 31 32 33 33 34 35 36 37 38 39 39 40 41 42 42 42 42 42 43 43 43 43 43 44 44 44 44 45 46 47 48 49
65535 65535 65535 65535 65535 65535 65535 65535 65535 65535 65535 65535 65535 65535 65535 65535 65535 65535 65535 65535 65535 37 36 35 34 33 32 31 30 29 28 27 26 25 24 23 23 23 23 23 23 23 23 23 23 23 23 23 23 23 24 24 25 26 26 27 27 28 28 29 29 30 30 31 32 33 34 35 36 37 38 39 39 40 41 42 43 44 44 44 44 45 45 45 45 45 46 46 46 46 46 47 48 49 50 51
65535 65535 65535 65535 65535 65535 65535 65535 65535 65535 65535 65535 65535 65535 65535 65535 65535 65535 65535 65535 65535 37 36 35 34 33 32 31 31 30 29 28 27 26 25 25 25 25 24 24 24 24 24 24 24 24 24 24 24 24 25 25 26 26 27 27 28 28 29 29 30 30 31 32 33 34 35 36 37 38 39 40 41 42 43 44 45 46 46 46 47 47 47 47 47 48 48 48 48 48 48 49 50 51 53 54
65535 65535 65535 65535 65535 65535 65535 65535 65535 65535 65535 65535 65535 65535 65535 65535 65535 65535 65535 65535 65535 37 36 35 34 34 33 32 31 31 30 29 29 28 27 27 26 26 26 26 26 26 26 25 25 25 25 25 25 25 25 26 26 27 27 28 29 29 30 30 31 31 32 33 34 35 36 37 38 40 41 42 43 44 45 46 48 48 48 49 49 49 49 49 49 50 50 50 50 50 51 51 52 54 55 56
65535 65535 65535 65535 65535 65535 65535 65535 65535 65535 65535 65535 65535 65535 65535 65535 65535 65535 65535 65535 65535 37 36 35 35 34 34 33 32 32 31 31 30 29 29 28 28 28 28 27 27 27 27 27 26 26 26 26 25 25 26 27 27 28 28 29 29 30 30 31 31 32 33 33 35 36 37 38 40 41 42 43 45 46 47 49 50 51 51 51 51 51 51 51 52 52 52 52 52 52 53 53 55 56 57 58
65535 65535 65535 65535 65535 65535 65535 65535 65535 65535 65535 65535 65535 65535 65535 65535 65535 65535 65535 65535 65535 37 36 36 35 35 34 34 33 33 32 32 32 31 31 30 30 30 29 29 29 28 28 28 27 27 27 26 26 26 27 27 28 28 29 29 30 31 31 32 32 33 33 34 36 37 38 40 41 42 44 45 47 48 49 51 52 53 53 53 53 53 53 54 54 54 54 54 54 55 55 56 57 58 59 60
65535 65535 65535 65535 65535 65535 65535 65535 65535 65535 65535 65535 65535 65535 65535 65535 65535 65535 65535 65535 65535 37 36 36 36 35 35 35 34 34 34 33 33 33 32 32 32 31 31 30 30 30 29 29 28 28 28 27 27 27 27 28 28 29 30 30 31 31 32 32 33 34 34 35 37 38 39 41 42 44 45 47 48 50 51 53 54 55 55 55 55 56 56 56 56 56 56 56 57 57 57 58 59 60 61 63
65535 65535 65535 65535 65535 65535 65535 65535 65535 65535 65535 65535 65535 65535 65535 65535 65535 65535 65535 65535 65535 37 36 36 36 36 36 36 35 35 35 35 35 34 34 34 33 33 32 32 31 31 31 30 30 29 29 28 28 27 28 29 29 30 30 31 31 32 33 33 34 34 35 36 37 39 41 42 44 45 47 48 50 52 53 55 56 57 57 57 58 58 58 58 58 58 58 59 59 59 59 60 61 62 64 65
65535 65535 65535 65535 65535 65535 65535 65535 65535 65535 65535 65535 65535 65535 65535 65535 65535 65535 65535 65535 65535 37 37 37 37 36 36 36 36 36 36 36 36 36 36 36 35 35 34 33 33 32 32 31 31 30 29 29 28 28 29 29 30 30 31 32 32 33 33 34 35 35 36 37 38 40 42 43 45 47 48 50 52 53 55 57 58 59 59 60 60 60 60 60 60 60 61 61 61 61 61 62 63 65 66 67
65535 65535 65535 65535 65535 65535 65535 44 44 44 44 44 44 44 44 44 44 44 44 44 44 54 52 51 50 49 48 47 45 44 43 42 41 40 38 37 37 36 36 35 35 34 33 33 32 32 31 31 30 30 30 31 31 32 32 33 33 34 34 35 35 36 36 37 39 41 43 44 46 48 49 51 53 54 56 58 59 60 61 61 61 61 61 61 61 62 62 62 62 62 62 63 64 66 67 69
65535 65535 65535 65535 65535 65535 65535 44 44 44 44 44 44 44 44 44 44 44 44 44 44 53 52 51 50 49 48 47 46 45 44 43 42 41 39 39 38 38 37 37 36 36 35 35 34 34 33 33 32 32 33 33 33 34 34 35 35 35 36 36 36 37 37 38 40 41 43 45 46 48 50 51 53 55 56 58 60 61 61 61 61 61 61 62 62 62 62 62 62 63 63 64 65 66 68 69
65535 65535 65535 65535 65535 65535 65535 44 44 44 44 44 44 44 44 44 44 44 44 44 44 52 51 50 50 49 48 47 46 45 44 43 42 42 41 40 39 39 39 38 38 38 37 37 36 36 36 35 35 35 35 35 35 36 36 36 36 37 37 37 37 38 38 39 40 42 44 45 47 48 50 52 53 55 57 58 60 61 61 61 61 62 62 62 62 62 63 63 63 63 63 64 66 67 69 70
65535 65535 65535 65535 65535 65535 65535 44 44 44 44 44 44 44 44 44 44 44 44 44 44 51 51 50 49 48 48 47 46 45 45 44 43 43 42 41 41 41 40 40 40 39 39 39 38 38 38 37 37 37 37 37 37 38 38 38 38 38 38 38 38 39 39 39 41 43 44 46 47 49 51 52 54 55 57 58 60 61 61 61 62 62 62 62 63 63 63 63 64 64 64 65 66 68 69 71
65535 65535 65535 65535 65535 65535 65535 44 44 44 44 44 44 44 44 44 44 44 44 44 44 51 50 49 49 48 48 47 47 46 45 45 44 44 43 42 42 42 42 42 41 41 41 41 40 40 40 40 40 39 39 39 39 39 39 39 39 39 39 39 39 39 39 40 42 43 45 46 48 49 51 52 54 56 57 59 60 61 61 62 62 62 62 63 63 63 64 64 64 64 65 66 67 68 70 71
65535 65535 65535 65535 65535 65535 65535 44 44 44 44 44 44 44 44 44 44 44 44 44 44 50 49 49 49 48 48 47 47 46 46 45 45 45 44 44 44 43 43 43 43 43 43 43 42 42 42 42 42 42 42 42 41 41 41 41 41 41 41 41 40 40 40 41 42 44 45 47 48 50 51 53 54 56 57 59 60 61 62 62 62 62 63 63 63 64 64 64 65 65 65 66 68 69 70 72
65535 65535 65535 65535 65535 65535 65535 44 44 44 44 44 44 44 44 44 44 44 44 44 44 49 49 49 48 48 48 47 47 47 46 46 46 46 45 45 45 45 45 45 45 45 45 45 45 44 44 44 44 44 44 44 43 43 43 43 42 42 42 42 41 41 41 41 43 44 46 47 49 50 52 53 55 56 58 59 61 62 62 62 62 63 63 63 64 64 64 65 65 65 66 67 68 70 71 73
65535 65535 65535 65535 65535 65535 65535 44 44 44 44 44 44 44 44 44 44 44 44 44 44 48 48 48 48 48 48 47 47 47 47 47 47 47 46 46 46 46 46 46 46 46 46 47 47 47 47 47 47 47 46 46 45 45 45 44 44 44 43 43 42 42 42 42 44 45 46 48 49 51 52 54 55 56 58 59 61 62 62 62 63 63 63 64 64 65 65 65 66 66 66 67 69 70 72 73
65535 65535 65535 65535 65535 65535 65535 44 44 44 44 44 44 44 44 44 44 44 44 44 44 48 48 48 48 48 48 48 48 48 48 48 48 48 48 48 48 48 48 48 48 48 48 48 49 49 49 49 49 49 48 48 47 47 46 46 45 45 44 44 43 43 42 43 44 46 47 48 50 51 53 54 55 57 58 60 61 62 62 63 63 63 64 64 65 65 65 66 66 66 67 68 69 71 72 74
65535 65535 65535 65535 65535 65535 65535 44 44 44 44 44 44 44 44 44 44 44 44 44 44 47 47 47 47 47 48 48 48 48 48 48 48 49 49 49 49 49 49 50 50 50 50 50 51 51 51 51 51 51 51 50 49 49 48 48 47 46 46 45 44 44 43 43 45 46 47 49 50 52 53 54 56 57 58 60 61 62 62 63 63 64 64 65 65 65 66 66 67 67 67 68 70 72 73 75
65535 65535 65535 65535 65535 65535 65535 44 44 44 44 44 44 44 44 44 44 44 44 44 44 46 46 47 47 47 48 48 48 48 49 49 49 50 50 50 50 51 51 51 52 52 52 52 53 53 53 53 54 54 53 52 51 51 50 49 48 48 47 46 45 45 44 44 45 47 48 49 51 52 53 55 56 57 59 60 61 62 63 63 64 64 64 65 65 66 66 67 67 68 68 69 71 72 74 75
