pluvio/pluvio-318.asc
ncols         252
nrows         154
xllcorner     -0.5
yllcorner     -153.5
cellsize      1
NODATA_value  -9999
[rows 61 to 121 of 154, columns 96 to 191 of 252]
0 0 0 0 0 0 0 0 0 0 1 1 1 2 3 4 5 6 7 8 8 7 7 7 7 6 6 7 7 8 8 9 9 10 13 15 17 19 21 23 24 25 25 25 26 26 26 28 29 31 33 35 37 39 40 39 38 37 36 35 34 34 34 34 34 33 33 33 34 35 35 36 37 38 39 39 40 40 41 41 42 42 42 42 42 42 43 43 43 43 44 45 46 47 48 48
0 0 0 0 0 0 0 0 1 1 1 2 2 3 4 5 6 7 8 9 8 8 8 7 7 6 6 7 8 9 9 10 11 12 14 16 18 20 22 24 25 25 26 26 27 27 28 29 31 33 34 36 38 40 41 40 39 39 38 37 37 36 36 36 36 36 36 35 36 36 37 38 38 39 40 40 41 42 42 43 44 44 45 45 45 46 46 46 47 47 48 48 49 49 50 50
1 0 0 0 0 0 0 1 1 2 2 2 3 4 5 6 7 8 9 10 9 9 8 8 7 6 6 7 9 10 11 12 13 14 16 17 19 21 22 24 25 26 27 27 28 28 29 30 32 34 36 37 39 41 42 41 41 40 40 39 39 38 38 38 38 38 38 38 38 38 39 39 40 40 40 41 42 43 44 45 45 46 47 48 48 49 49 50 50 51 51 51 52 52 52 52
1 1 0 0 0 0 0 1 1 2 3 3 4 5 6 7 8 9 10 11 10 9 9 8 7 7 6 8 9 10 12 13 15 16 17 19 20 22 23 25 26 27 27 28 29 29 30 31 33 35 37 38 40 42 43 43 42 42 42 41 41 41 41 40 40 40 40 40 40 40 40 41 41 41 41 42 43 44 45 46 47 49 49 50 51 52 53 53 54 54 54 54 54 54 54 54
1 1 1 0 0 0 0 1 2 3 3 4 5 6 7 8 9 10 11 12 11 10 9 8 7 7 7 8 10 11 13 15 16 18 19 20 22 23 24 25 26 27 28 29 30 30 31 32 34 36 38 40 41 43 44 44 44 44 43 43 43 43 43 43 43 42 42 42 42 42 42 42 42 42 42 43 44 46 47 48 49 51 52 53 54 55 56 57 58 58 58 57 57 57 57 56
2 1 1 0 0 0 1 1 2 3 4 5 6 7 8 9 10 11 12 12 11 11 10 9 8 7 7 9 10 12 14 16 18 20 21 22 23 24 25 26 27 28 29 30 30 31 32 34 35 37 39 41 42 44 45 45 45 45 45 45 45 45 45 45 45 45 44 44 44 44 44 44 43 43 43 44 45 47 48 50 51 53 54 56 57 58 59 61 62 62 61 61 60 59 59 58
1 1 1 1 0 0 1 2 2 3 4 5 6 7 8 9 10 11 12 12 12 11 10 9 8 7 7 8 10 12 13 15 16 18 19 21 22 23 25 26 27 28 29 30 31 32 33 34 36 38 39 41 43 44 45 45 46 46 46 46 46 46 46 46 46 46 46 46 46 46 45 45 45 45 45 46 47 49 50 51 53 54 55 56 58 59 60 61 62 62 62 61 61 61 60 60
1 1 1 1 1 1 1 2 3 3 4 5 6 7 8 9 10 11 12 12 12 11 10 9 8 7 7 8 9 11 12 13 15 16 18 20 21 23 25 26 28 29 30 31 32 33 34 35 37 38 40 41 43 45 46 46 46 46 46 46 46 47 47 47 47 47 47 47 47 47 47 47 47 47 47 48 49 50 51 53 54 55 56 57 58 59 60 61 63 63 62 62 62 62 61 61
1 1 1 1 1 1 2 2 3 4 4 5 6 7 8 9 10 11 12 12 12 11 10 9 8 7 6 8 9 10 11 12 13 14 16 18 20 22 24 26 28 29 30 31 32 33 34 36 37 39 40 42 43 45 46 46 46 46 47 47 47 47 47 48 48 48 48 48 48 49 49 49 49 49 49 50 51 52 53 54 55 56 57 58 59 60 61 62 63 63 63 63 63 63 63 63
1 1 1 1 1 1 2 3 3 4 4 5 6 7 8 9 10 11 12 12 12 11 10 9 8 7 6 7 8 9 10 10 11 13 15 17 20 22 24 27 28 29 31 32 33 34 35 36 38 39 41 42 44 45 46 46 47 47 47 47 47 48 48 48 49 49 49 50 50 50 50 51 51 51 51 52 53 54 55 55 56 57 58 59 60 60 61 62 63 63 63 64 64 64 64 64
1 1 1 1 1 2 2 3 3 4 4 5 6 7 8 9 10 11 12 12 11 11 10 9 8 7 6 7 7 8 9 9 10 11 14 16 19 21 24 27 29 30 31 32 33 34 36 37 38 40 41 43 44 46 46 47 47 47 47 48 48 48 49 49 50 50 50 51 51 52 52 52 53 53 53 54 55 55 56 57 57 58 59 60 60 61 62 62 63 64 64 64 64 65 65 65
1 1 1 1 2 2 3 3 4 4 5 5 6 7 8 9 10 11 12 12 11 11 10 9 8 7 6 7 7 7 7 8 8 9 12 15 18 21 24 27 29 30 32 33 34 35 36 38 39 40 42 43 45 46 47 47 47 48 48 48 49 49 50 50 51 51 52 52 53 53 54 54 55 55 56 56 57 57 58 58 59 59 60 60 61 62 62 63 63 64 64 65 65 66 66 67
0 1 1 2 2 3 3 3 4 4 5 5 6 7 8 9 10 11 12 12 11 11 10 9 8 7 6 6 6 6 6 6 6 7 11 14 17 20 24 27 29 31 32 33 34 36 37 38 40 41 42 44 45 46 47 47 48 48 48 49 49 50 50 51 52 52 53 54 54 55 55 56 57 57 58 58 58 59 59 60 60 60 61 61 62 62 63 63 64 64 65 66 66 67 68 68
2 3 4 5 5 6 6 6 6 6 6 6 6 7 8 9 10 12 13 13 13 12 11 10 9 9 8 8 8 8 7 7 7 8 11 15 18 21 24 28 30 31 33 34 35 36 38 39 40 42 43 44 46 47 48 48 49 49 49 50 50 51 51 52 53 53 54 54 55 56 57 58 59 60 61 61 61 61 61 61 61 61 61 62 62 63 64 64 65 65 66 66 67 67 68 69
4 5 6 8 9 9 9 8 8 7 7 6 6 7 8 10 11 12 14 14 14 13 12 12 11 10 10 10 9 9 9 8 8 9 12 15 19 22 25 28 31 32 33 35 36 37 38 40 41 42 44 45 46 48 49 49 49 50 50 51 51 52 53 53 54 54 55 55 56 57 59 60 61 63 64 64 64 63 63 62 62 62 62 63 63 64 65 65 66 67 67 67 68 68 68 69
6 8 9 10 12 13 12 11 10 9 7 6 6 7 9 10 12 13 14 15 15 14 14 13 13 12 12 11 11 10 10 10 9 10 13 16 19 23 26 29 31 33 34 35 37 38 39 41 42 43 44 46 47 48 49 50 50 51 52 52 53 53 54 54 55 55 56 56 57 59 60 62 64 65 67 67 66 65 65 64 63 62 62 63 64 65 66 66 67 68 68 68 68 69 69 69
8 10 12 13 15 16 15 13 12 10 8 7 6 7 9 11 12 14 15 16 16 16 15 15 14 14 14 13 12 12 11 11 10 11 14 17 20 23 26 29 32 33 35 36 37 39 40 41 43 44 45 46 48 49 50 51 51 52 53 53 54 54 55 55 56 56 57 57 58 60 62 64 66 68 70 70 69 68 66 65 64 63 63 64 65 66 67 68 68 69 69 69 69 69 69 69
10 12 14 16 18 20 18 16 14 11 9 7 6 8 9 11 13 15 16 17 17 17 17 16 16 16 15 15 14 13 13 12 11 12 15 18 21 24 27 30 32 34 35 37 38 39 41 42 43 45 46 47 48 50 51 51 52 53 54 54 55 56 56 56 57 57 57 58 59 62 64 66 69 71 73 73 71 70 68 67 65 64 64 65 66 67 68 69 70 70 70 70 70 70 70 70
12 15 17 19 22 23 21 18 15 13 10 8 6 8 10 12 13 15 17 18 18 18 18 18 18 18 17 16 16 15 14 13 12 13 16 19 22 25 28 31 33 34 36 37 39 40 41 43 44 45 47 48 49 50 51 52 53 54 55 56 56 57 57 58 58 58 58 59 60 63 66 68 71 74 76 76 74 72 70 68 66 64 64 65 66 68 69 70 71 71 71 71 71 70 70 70
14 17 20 22 25 27 24 20 17 14 11 8 6 8 10 12 14 16 18 19 19 19 19 19 19 19 19 18 17 16 15 14 14 14 17 20 23 25 28 31 34 35 36 38 39 41 42 44 45 46 47 49 50 51 52 53 54 55 56 57 58 58 58 59 59 59 59 60 61 64 67 70 73 76 79 79 77 74 72 70 67 65 65 66 67 68 70 71 72 72 72 72 71 71 71 70
13 15 18 20 23 24 22 20 18 16 14 12 10 12 13 15 16 17 19 20 20 21 21 21 22 22 22 21 20 19 18 18 17 17 19 21 24 26 28 31 33 34 36 37 39 40 42 43 45 46 47 48 50 51 52 53 54 55 56 57 58 59 59 59 59 59 59 60 61 64 67 70 73 76 79 78 76 74 71 69 67 64 64 65 67 68 69 70 71 71 71 71 71 70 70 70
12 14 16 18 20 22 21 20 19 18 17 16 15 16 16 17 18 19 19 20 21 22 22 23 24 24 25 24 23 22 21 21 20 20 22 23 25 27 28 30 32 33 35 37 38 40 42 43 44 46 47 48 49 51 52 53 54 55 56 57 58 59 59 59 59 59 60 60 61 64 67 70 72 75 78 77 75 73 71 68 66 64 64 65 66 67 68 69 70 70 70 70 70 70 70 70
10 12 14 16 18 20 20 20 20 19 19 19 19 19 20 20 20 20 20 21 22 23 24 25 26 27 27 27 26 25 24 24 23 23 24 25 26 27 28 29 31 33 34 36 38 40 42 43 44 46 47 48 49 50 52 53 54 55 56 57 59 59 59 59 59 60 60 60 61 64 67 69 72 74 77 77 75 72 70 68 66 63 63 64 65 66 67 68 69 69 69 69 70 70 70 70
9 11 13 14 16 18 18 19 20 21 22 23 24 23 23 22 22 21 21 21 22 24 25 26 28 29 30 29 29 28 27 27 26 26 26 27 27 28 28 29 30 32 34 36 38 39 41 43 44 45 47 48 49 50 51 53 54 55 57 58 59 60 60 60 60 60 60 60 61 64 66 69 71 74 76 76 74 72 69 67 65 63 63 64 64 65 66 67 68 68 69 69 69 69 70 70
8 9 11 12 14 15 17 19 21 23 25 27 28 27 26 25 24 23 22 21 23 25 26 28 30 32 33 32 32 31 31 30 29 29 29 29 29 28 28 28 29 31 33 35 37 39 41 43 44 45 46 48 49 50 51 53 54 55 57 58 59 60 60 60 60 60 60 60 61 64 66 68 71 73 76 75 73 71 69 67 65 62 62 63 64 65 65 66 67 67 68 68 69 69 69 70
7 8 9 10 12 13 16 19 22 25 28 30 32 31 29 27 26 24 23 22 24 26 28 30 32 34 35 35 34 34 34 33 33 32 31 31 30 29 28 28 28 30 32 34 37 39 41 43 44 45 46 47 49 50 51 53 54 55 57 58 60 60 60 60 60 60 60 60 61 63 66 68 70 73 75 74 72 70 68 66 64 62 62 62 63 64 64 65 66 66 67 67 68 68 69 70
6 7 8 9 10 11 15 19 22 26 30 34 36 34 32 30 28 26 23 22 25 27 29 32 34 36 38 38 37 37 36 36 36 35 34 32 31 30 28 27 27 29 32 34 36 39 41 43 44 45 46 47 48 50 51 52 54 56 57 59 60 61 61 60 60 60 60 60 61 63 66 68 70 72 74 74 72 70 68 66 64 62 61 62 63 63 64 64 65 66 66 67 67 68 69 69
9 10 11 11 12 13 17 20 23 27 30 33 36 34 32 30 29 27 25 25 27 29 32 34 36 39 40 40 39 38 38 37 37 36 35 33 32 31 30 28 28 30 32 35 37 39 41 42 43 45 46 47 48 49 50 52 53 55 57 58 60 60 61 61 61 61 61 61 62 64 66 68 70 73 75 74 73 71 69 67 65 64 63 64 64 65 65 65 66 66 67 67 68 68 69 69
13 13 14 14 14 15 18 21 24 27 30 33 35 33 32 31 30 29 27 27 29 32 34 36 38 41 42 41 41 40 39 39 38 37 36 34 33 32 31 30 29 31 33 35 37 39 41 42 43 44 45 46 47 49 50 51 53 55 56 58 59 60 60 61 61 61 62 62 63 65 67 69 71 73 75 75 73 72 70 69 67 66 65 65 66 66 66 67 67 67 67 68 68 68 69 69
16 16 16 17 17 17 20 22 25 27 30 32 34 33 32 32 31 30 29 29 32 34 36 38 41 43 44 43 42 42 41 40 39 38 37 35 34 33 32 31 31 32 34 36 37 39 40 42 43 44 45 46 47 48 49 51 52 54 56 57 59 60 60 61 61 62 62 63 64 66 68 70 72 74 75 75 74 73 71 70 69 67 67 67 67 67 68 68 68 68 68 68 68 68 69 69
19 19 19 19 19 20 22 24 25 27 29 31 33 33 32 32 32 32 32 32 34 36 38 41 43 45 46 45 44 43 42 41 40 39 38 36 35 34 33 32 32 33 35 36 38 39 40 42 43 44 45 46 47 47 49 50 52 54 55 57 58 60 60 61 62 62 63 64 65 67 69 71 72 74 76 76 75 74 73 72 70 69 69 69 69 69 69 69 69 69 69 69 69 69 68 68
23 23 22 22 22 22 23 25 26 28 29 31 32 32 33 33 33 33 34 34 36 39 41 43 45 47 48 47 46 45 43 42 41 40 39 38 36 35 34 33 33 34 35 37 38 39 40 41 42 43 44 45 46 47 48 50 51 53 55 56 58 59 60 61 62 63 64 65 66 68 70 71 73 75 76 76 75 75 74 73 72 71 71 71 71 70 70 70 70 70 69 69 69 69 68 68
26 26 25 25 24 24 25 26 27 28 29 30 31 32 33 33 34 35 36 37 39 41 43 45 47 49 50 49 48 46 45 43 42 41 40 39 38 36 35 34 34 35 36 37 38 39 40 41 42 43 44 45 46 46 48 49 51 53 54 56 58 59 60 61 62 64 65 66 67 69 70 72 73 75 77 77 76 76 75 74 74 73 73 72 72 72 72 71 71 70 70 70 69 69 68 68
30 29 28 27 26 26 27 27 28 28 29 30 31 32 33 34 35 36 38 39 41 43 45 47 49 51 52 51 49 48 46 44 43 42 41 40 39 38 37 36 35 36 37 38 39 39 40 41 42 43 44 44 45 46 47 49 51 52 54 56 57 59 60 62 63 64 66 67 68 70 71 73 74 76 77 77 77 77 76 76 75 75 74 74 74 73 73 72 72 71 71 70 69 69 68 68
31 31 30 29 28 28 28 29 29 30 30 31 32 33 34 35 36 37 39 40 42 43 45 47 49 51 51 50 49 47 46 45 43 42 41 40 40 39 38 37 37 38 38 39 40 41 42 43 43 44 45 45 46 47 48 50 51 53 55 57 58 60 61 63 64 65 67 68 70 71 73 74 76 77 79 79 78 78 77 76 76 75 75 74 74 73 73 73 72 72 71 70 69 69 68 67
33 33 32 31 30 29 30 30 31 31 31 32 33 34 35 36 37 39 40 41 42 44 45 47 48 50 50 49 48 47 46 45 44 43 42 41 41 40 39 39 38 39 40 41 42 42 43 44 45 45 46 47 47 48 49 51 52 54 56 57 59 61 62 64 65 67 68 70 71 73 74 76 77 79 80 80 80 79 78 77 76 76 75 75 74 74 73 73 73 72 71 70 69 69 68 67
35 34 34 33 32 31 31 32 32 32 33 33 33 35 36 37 38 40 41 42 43 44 46 47 48 49 50 49 48 47 46 45 44 43 42 42 42 41 41 40 40 41 42 42 43 44 45 45 46 46 47 48 48 49 50 51 53 55 57 58 60 62 63 65 66 68 69 71 73 74 76 77 79 80 82 82 81 80 79 78 77 76 75 75 75 74 74 73 73 72 71 70 69 68 67 67
37 36 35 34 33 33 33 33 33 34 34 34 34 36 37 38 39 41 42 43 44 45 46 47 47 48 49 48 47 46 46 45 44 43 43 43 42 42 42 41 42 42 43 44 45 45 46 47 47 48 48 49 49 50 51 52 54 56 57 59 61 62 64 66 67 69 71 72 74 76 77 79 80 82 83 83 82 81 80 79 77 76 76 75 75 74 74 74 73 73 72 70 69 68 67 66
39 38 37 36 35 34 34 35 35 35 35 35 35 37 38 39 40 42 43 44 45 45 46 46 47 48 48 47 47 46 46 45 44 44 44 44 43 43 43 43 43 44 45 45 46 47 48 48 49 49 49 50 50 50 51 53 55 57 58 60 62 63 65 67 69 70 72 74 75 77 79 80 82 83 85 85 83 82 81 79 78 76 76 75 75 75 75 74 74 73 72 71 69 68 67 66
41 40 39 38 37 36 36 36 36 36 36 36 36 38 39 40 41 43 44 45 45 46 46 46 47 47 47 47 46 46 45 45 45 44 44 44 44 44 44 44 45 45 46 47 48 48 49 50 50 50 51 51 51 51 52 54 56 57 59 61 62 64 66 68 70 71 73 75 77 79 80 82 83 85 87 86 85 83 81 80 78 77 76 76 75 75 75 75 74 73 72 71 69 68 67 65
43 42 41 40 39 38 38 38 38 38 37 37 38 39 40 41 43 44 45 46 46 46 46 47 47 47 47 47 46 46 46 46 46 45 46 46 46 46 46 46 47 47 48 49 49 50 51 51 51 51 52 52 52 52 53 55 57 58 60 61 63 65 67 69 71 72 74 76 78 80 81 83 84 86 88 87 85 84 82 80 79 77 76 76 76 75 75 75 75 74 72 71 69 68 67 65
44 43 42 41 40 39 39 39 39 40 40 40 40 41 42 43 44 45 47 48 48 49 49 49 50 50 51 51 50 50 50 50 50 49 49 49 49 50 50 50 50 50 51 51 52 52 52 53 53 53 53 53 53 53 54 56 57 59 61 62 64 65 67 69 71 72 74 76 77 79 80 82 83 84 86 86 84 83 81 80 78 77 76 76 76 76 75 75 75 74 73 71 70 69 67 66
45 44 43 42 41 41 41 41 41 42 42 42 42 43 44 45 46 47 48 49 50 51 52 52 53 54 55 54 54 54 54 54 53 53 53 53 53 53 53 53 53 53 53 54 54 54 54 54 54 54 54 54 54 54 55 57 58 60 61 63 64 66 67 69 70 72 73 75 76 78 79 80 82 83 84 84 83 82 80 79 78 77 76 76 76 76 75 75 75 74 73 72 71 69 68 67
46 45 44 44 43 42 43 43 43 44 44 44 45 45 46 47 48 49 49 50 52 53 54 55 57 58 59 58 58 58 58 58 57 57 57 57 57 57 56 56 56 56 56 56 56 56 56 56 56 56 56 55 55 55 56 57 59 60 62 64 65 67 68 69 70 72 73 74 75 77 78 79 80 81 82 82 81 81 80 79 78 77 76 76 76 76 75 75 75 74 73 72 71 70 69 68
47 46 45 45 44 44 44 45 45 46 46 46 47 48 48 49 50 50 51 52 53 55 57 58 60 61 62 62 62 62 62 62 61 61 61 61 60 60 60 60 59 59 59 59 58 58 58 58 57 57 57 57 56 56 57 58 60 61 63 64 66 67 68 69 70 71 72 74 75 76 77 78 79 80 81 81 80 79 79 78 77 77 76 76 76 76 76 75 75 74 73 73 72 71 70 69
48 47 47 46 46 45 46 46 47 48 48 49 49 50 50 51 51 52 52 53 55 57 59 61 63 65 66 66 66 66 66 66 65 65 65 64 64 64 63 63 63 62 62 61 61 60 60 59 59 59 58 58 57 57 58 59 61 62 63 65 66 68 68 69 70 71 72 73 74 75 76 76 77 78 79 79 79 78 78 78 77 77 76 76 76 76 76 75 75 75 74 73 72 71 71 70
49 48 48 47 47 47 48 48 49 50 50 51 52 52 52 53 53 53 54 55 57 59 62 64 66 69 70 70 70 70 70 69 69 69 69 68 68 67 67 66 66 65 64 64 63 62 62 61 61 60 60 59 59 58 58 60 61 63 64 66 67 68 69 69 70 71 72 72 73 74 74 75 76 77 77 78 77 77 77 77 77 77 76 76 76 76 76 76 75 75 74 73 73 72 71 71
49 49 49 49 49 48 49 50 51 52 52 53 54 54 54 55 55 55 55 56 59 61 64 67 69 72 74 73 73 73 73 73 73 72 72 71 71 70 70 69 69 68 67 66 65 64 63 63 62 61 61 60 59 59 59 60 62 63 65 66 67 68 69 69 70 70 71 72 72 73 73 74 75 75 76 76 76 76 77 77 77 77 77 77 77 77 77 77 77 76 75 75 74 73 72 71
50 50 50 50 50 50 51 52 53 54 55 55 56 56 56 56 56 56 56 57 60 62 65 68 70 73 75 75 74 74 74 74 74 73 73 73 72 72 72 71 71 70 69 67 66 65 64 63 62 62 61 60 60 59 59 60 61 62 64 65 66 67 67 68 69 69 70 71 71 72 72 73 73 74 74 75 76 76 77 78 79 80 80 81 81 81 82 82 83 81 80 78 76 75 73 71
50 51 51 51 51 52 53 54 55 56 57 58 59 58 58 58 58 58 57 58 61 63 66 69 71 74 76 76 75 75 75 75 74 74 74 74 74 74 73 73 73 71 70 69 68 66 65 64 63 62 61 60 60 59 59 60 61 62 63 64 65 65 66 67 68 68 69 70 70 71 71 71 72 72 72 73 75 76 78 79 81 82 83 84 85 86 87 88 88 87 84 82 79 77 74 71
51 51 52 52 53 53 54 55 57 58 59 60 61 60 60 60 59 59 58 59 62 64 67 70 73 75 77 77 76 76 76 76 75 75 75 75 75 75 75 75 75 73 72 70 69 67 66 65 64 63 62 61 60 59 59 59 60 61 62 62 63 64 65 66 67 67 68 69 70 70 70 70 70 71 71 72 74 76 79 81 83 85 86 88 89 90 92 93 94 92 89 85 82 78 75 71
51 52 53 53 54 55 56 57 58 60 61 62 63 63 62 61 61 60 60 60 63 65 68 71 74 76 78 78 78 77 77 76 76 76 76 76 76 77 77 77 76 75 73 72 70 68 67 65 64 63 62 61 60 59 58 59 59 60 61 61 62 63 64 64 65 66 67 68 69 69 69 69 69 69 69 71 74 76 79 82 85 87 90 91 93 95 97 98 100 98 93 89 85 80 76 71
52 53 54 54 55 56 58 59 60 62 63 65 65 65 64 63 62 61 61 61 64 66 69 72 75 78 79 79 79 78 78 77 77 77 77 77 78 78 79 79 78 77 75 73 71 69 68 66 65 64 62 61 60 59 58 59 59 59 60 60 60 61 62 63 64 65 67 68 68 68 68 68 68 68 67 70 73 76 80 83 87 90 93 95 97 99 102 104 106 103 98 93 87 82 77 71
52 53 54 56 57 58 59 61 62 64 65 67 68 67 66 65 64 63 62 62 65 67 70 73 76 79 81 80 80 79 79 78 78 78 78 79 79 80 80 81 80 78 76 74 72 70 69 67 65 64 63 61 60 59 58 58 58 58 59 59 59 60 61 62 63 64 66 67 67 67 67 67 66 66 66 68 72 76 80 84 89 93 96 98 101 104 107 109 112 109 102 96 90 84 78 71
53 55 56 57 58 60 61 63 65 66 68 69 70 69 68 67 66 64 63 63 66 69 71 74 77 80 82 81 81 80 80 80 79 79 80 80 81 81 82 82 82 80 78 76 74 72 70 68 67 65 64 62 61 59 59 59 59 59 59 59 59 59 61 62 63 64 66 67 67 67 67 67 67 66 66 69 74 78 83 87 92 96 100 102 105 108 111 114 116 112 106 99 92 85 78 71
55 57 58 60 61 63 64 66 68 69 71 73 74 72 71 70 68 67 66 65 68 70 73 75 78 80 82 82 82 82 82 82 82 82 82 83 83 83 83 84 83 81 80 78 76 74 72 71 69 68 66 65 64 62 62 62 62 62 62 62 62 63 64 65 66 67 68 69 70 71 71 72 72 73 73 76 81 85 90 94 99 103 106 108 109 111 113 115 116 112 105 99 92 85 78 72
58 59 61 62 64 66 67 69 71 73 74 76 77 76 74 73 71 70 68 68 70 72 74 76 79 81 82 83 83 84 84 84 85 85 85 85 85 85 85 85 84 83 81 80 78 76 75 73 72 70 69 68 66 65 65 65 65 65 65 66 66 66 67 68 69 70 71 72 73 74 75 77 78 79 80 83 88 92 97 101 105 110 112 113 113 114 115 116 116 112 105 99 92 85 78 72
60 62 63 65 67 69 70 72 74 76 78 79 80 79 77 76 74 73 71 70 72 74 76 78 79 81 83 84 84 85 86 87 88 88 88 87 87 87 87 86 86 84 83 81 80 78 77 76 74 73 72 71 69 68 68 68 68 68 69 69 69 70 71 71 72 73 73 74 75 77 79 81 83 85 87 91 95 99 104 108 112 117 118 118 117 117 117 117 116 112 105 98 92 85 79 72
62 64 66 68 70 72 73 75 77 79 81 83 84 82 80 79 77 75 74 73 74 76 77 79 80 82 83 84 86 87 88 89 90 91 90 90 89 89 88 88 87 86 84 83 82 81 79 78 77 76 75 73 72 71 71 71 71 72 72 72 73 73 74 74 75 75 76 76 78 81 84 86 89 92 94 98 102 106 111 115 119 124 124 123 122 120 119 118 116 111 105 98 92 85 79 72
65 67 69 71 73 75 76 78 80 82 84 86 87 85 83 82 80 78 76 75 76 77 79 80 81 82 84 85 87 88 90 92 93 94 93 92 91 91 90 89 88 87 86 85 84 83 82 81 80 79 77 76 75 74 74 74 75 75 75 76 76 77 77 77 78 78 79 79 81 84 88 91 94 98 101 105 109 113 118 122 126 130 130 128 126 123 121 118 116 111 105 98 92 85 79 72
67 69 71 73 75 78 79 81 83 85 87 89 91 89 87 85 83 81 79 77 78 79 80 81 82 83 84 86 88 90 92 94 96 97 96 95 94 92 91 90 89 88 88 87 86 85 84 83 82 81 80 79 78 77 77 77 78 78 79 79 80 80 80 81 81 81 81 81 84 88 92 96 100 104 108 112 116 121 125 129 133 137 136 133 130 126 123 119 116 111 104 98 92 85 79 73
