pluvio/pluvio-262.asc
ncols         252
nrows         154
xllcorner     -0.5
yllcorner     -153.5
cellsize      1
NODATA_value  -9999
[rows 55 to 109 of 154, columns 0 to 95 of 252]
32 32 32 32 32 33 34 35 37 38 39 41 45 49 52 56 60 63 66 67 68 70 71 72 74 75 76 77 79 80 81 82 82 80 79 77 76 74 73 71 69 67 65 63 61 59 59 59 59 60 60 60 61 63 66 69 72 75 78 81 85 88 92 96 100 104 108 107 107 106 105 105 104 104 101 97 94 91 88 85 82 80 79 77 76 75 73 72 75 77 80 82 85 87 90 89
31 31 30 30 30 31 32 33 34 35 36 39 42 45 48 52 55 58 60 61 62 63 64 66 67 68 70 72 74 76 77 79 79 77 75 74 72 70 69 67 66 64 63 61 60 58 58 59 59 60 60 61 61 64 67 70 73 76 79 82 86 89 92 96 99 102 106 105 105 104 104 103 103 102 99 97 94 91 88 85 82 80 79 77 75 74 72 71 73 76 78 81 83 85 88 87
30 29 28 27 28 29 30 31 32 33 34 36 39 42 44 47 50 53 55 56 57 57 58 59 60 62 64 66 69 71 74 76 76 74 72 70 68 66 64 63 62 61 60 59 58 57 58 58 59 60 60 61 62 64 68 71 74 77 81 84 87 90 92 95 98 101 104 104 103 103 102 102 101 101 98 96 93 90 88 85 82 80 79 77 75 73 71 69 72 74 76 79 81 84 86 85
29 28 27 25 25 26 27 28 29 30 31 33 35 38 41 43 46 48 50 50 51 51 52 52 53 55 58 61 64 67 70 73 73 71 68 66 64 62 60 59 59 58 58 58 57 57 57 58 59 60 60 61 62 65 68 72 75 78 82 85 88 90 92 95 97 100 102 102 101 101 101 100 100 100 97 95 92 90 88 85 83 80 78 76 74 72 70 68 70 73 75 77 79 82 84 83
28 27 25 23 23 24 25 26 26 27 28 30 32 34 37 39 41 43 44 45 45 45 45 45 46 48 52 56 59 63 67 71 70 67 65 63 60 58 55 55 55 55 56 56 56 56 57 58 59 60 61 62 62 66 69 73 76 80 83 87 89 91 92 94 96 98 100 100 100 99 99 99 99 99 96 94 92 90 87 85 83 81 78 76 74 71 69 67 69 71 73 75 78 80 82 81
28 26 25 23 23 24 25 26 27 28 29 30 32 34 36 37 39 41 42 42 43 43 44 44 45 47 51 54 58 61 65 69 68 66 64 62 60 57 55 55 55 55 56 56 56 57 57 58 59 60 61 62 63 66 70 73 77 81 84 88 90 92 93 95 97 98 100 100 99 99 98 98 98 97 95 93 91 89 87 85 83 80 78 76 73 71 69 67 68 70 72 74 76 78 79 79
28 26 25 23 23 25 26 27 28 29 30 32 33 34 35 36 38 39 40 41 41 42 43 44 45 47 50 54 57 60 63 67 66 65 63 61 59 58 56 56 56 56 56 57 57 57 58 59 59 60 61 62 63 66 70 74 78 82 86 90 91 93 94 96 97 98 100 99 99 98 98 97 97 96 94 92 90 88 86 84 82 80 78 76 73 71 69 67 68 70 71 73 74 76 77 76
27 26 25 24 24 25 26 28 29 31 32 33 33 34 35 35 36 37 38 39 40 41 42 43 44 47 50 53 56 59 62 65 65 63 62 61 59 58 56 56 56 57 57 57 57 57 58 59 60 61 61 62 63 67 71 75 79 83 87 91 93 94 95 96 97 99 100 99 99 98 97 97 96 95 93 91 90 88 86 84 82 80 78 75 73 71 69 67 68 69 70 71 72 74 74 74
27 26 25 24 24 26 27 29 30 32 33 34 34 34 34 34 34 34 35 37 38 40 41 43 44 47 49 52 55 58 60 63 63 62 61 60 59 58 57 57 57 57 57 58 58 58 59 59 60 61 62 63 63 67 71 76 80 84 89 93 94 95 96 97 98 99 100 99 98 97 97 96 95 94 92 91 89 87 85 84 82 80 77 75 73 71 69 67 67 68 69 70 71 72 72 71
27 26 25 24 24 26 28 29 31 33 35 35 35 34 34 33 33 32 33 35 37 39 40 42 44 46 49 51 54 56 59 61 61 61 60 60 59 58 58 57 58 58 58 58 58 58 59 60 60 61 62 63 64 68 72 76 81 85 90 94 96 96 97 98 98 99 100 99 98 97 96 95 94 93 91 90 88 86 85 83 82 79 77 75 73 71 69 67 67 68 68 69 69 69 70 69
27 26 25 24 25 27 28 30 32 34 36 36 35 34 33 32 31 30 31 33 35 38 40 42 44 46 48 51 53 55 57 59 60 60 59 59 59 58 58 58 58 58 58 59 59 59 59 60 61 62 62 63 64 68 73 77 82 87 91 96 97 97 98 98 99 99 100 99 98 96 95 94 93 92 90 89 87 86 84 83 81 79 77 75 73 71 69 67 67 67 67 67 67 67 67 66
26 26 25 24 25 27 29 31 33 35 38 38 36 34 33 31 30 28 29 31 34 36 39 41 44 46 48 50 52 54 56 58 58 58 58 58 58 59 59 59 59 59 59 59 59 59 60 60 61 62 63 63 64 68 73 78 83 88 93 97 98 99 99 99 99 100 100 99 97 96 95 93 92 91 89 88 87 85 84 82 81 79 77 75 73 71 69 67 66 66 66 66 66 65 65 64
27 26 25 24 25 27 30 32 34 36 38 38 36 35 33 31 29 28 28 31 33 35 38 40 42 45 47 49 51 53 55 57 57 58 58 58 58 58 59 59 59 59 59 59 59 59 60 61 62 63 63 64 65 69 74 78 83 87 92 97 97 97 97 97 98 98 98 97 96 95 94 93 92 91 90 88 87 86 85 83 82 80 78 76 74 72 70 68 68 68 67 67 66 66 66 64
27 26 25 25 26 28 30 32 34 36 38 38 37 35 33 31 29 28 28 30 32 35 37 39 41 43 45 47 49 51 54 56 56 57 57 58 58 58 59 59 59 59 59 59 59 60 60 61 62 63 64 65 66 70 74 78 83 87 91 95 96 96 96 96 96 96 96 95 94 94 93 93 92 91 90 89 88 87 86 84 83 81 79 78 76 74 72 70 70 69 69 68 68 67 66 65
27 26 26 25 26 28 30 32 35 37 39 39 37 35 33 31 29 27 28 30 32 34 36 38 40 42 44 46 48 50 53 55 56 56 57 57 58 58 59 59 59 59 59 59 60 60 61 62 63 64 65 66 67 71 75 79 83 86 90 94 95 94 94 94 94 94 94 93 93 93 93 92 92 92 91 90 89 88 87 86 84 83 81 79 77 76 74 72 71 71 70 69 69 68 67 66
27 27 26 25 26 28 31 33 35 37 39 39 37 35 33 31 29 27 27 29 31 33 35 37 38 40 43 45 47 49 52 54 55 55 56 57 57 58 58 59 59 59 59 60 60 60 61 62 63 65 66 67 68 72 75 79 82 86 90 93 93 93 93 92 92 92 91 92 92 92 92 92 92 92 91 90 89 89 88 87 86 84 82 81 79 77 75 74 73 72 71 70 70 69 68 66
28 27 26 26 27 29 31 33 35 38 40 40 37 35 33 31 29 27 27 29 30 32 34 35 37 39 41 44 46 48 51 53 54 55 55 56 57 58 58 59 59 59 59 60 60 60 61 63 64 65 67 68 69 72 76 79 82 86 89 92 92 92 91 91 90 90 89 90 90 91 91 92 92 93 92 91 90 89 89 88 87 85 84 82 80 79 77 76 75 74 73 72 71 70 69 67
28 27 27 26 27 29 31 34 36 38 40 40 38 36 33 31 29 27 27 28 30 31 33 34 36 38 40 42 45 47 49 52 53 54 55 56 57 57 58 59 59 59 59 60 60 60 61 63 64 66 68 69 71 73 76 79 82 85 88 91 91 90 90 89 88 88 87 88 89 90 91 91 92 93 92 92 91 90 89 89 88 86 85 83 82 80 79 77 76 75 74 73 72 71 69 68
28 28 27 26 27 29 32 34 36 38 41 40 38 36 34 31 29 27 27 28 29 30 32 33 34 36 39 41 44 46 48 51 52 53 54 55 56 57 58 59 59 59 60 60 60 60 62 63 65 67 68 70 72 74 77 79 82 85 87 90 89 89 88 87 87 86 85 86 87 89 90 91 92 94 93 92 92 91 90 90 89 88 86 85 84 82 81 79 78 77 75 74 73 71 70 68
29 28 27 26 26 28 30 32 34 36 38 38 36 34 32 30 29 27 27 28 29 30 31 32 34 36 38 41 43 46 48 51 52 54 55 56 57 58 59 60 60 60 60 60 60 60 61 63 64 66 67 69 70 73 76 78 81 84 87 89 89 88 88 87 86 85 85 86 87 88 89 90 91 92 92 91 90 90 89 89 88 87 86 85 84 82 81 80 79 77 76 75 73 72 71 69
29 28 27 25 26 27 29 31 32 34 36 36 34 33 31 30 28 27 27 28 29 30 31 32 33 35 38 40 43 46 48 51 53 54 55 56 58 59 60 60 60 60 60 60 60 60 61 62 63 65 66 67 69 72 74 77 80 83 86 89 89 88 87 87 86 85 84 85 86 87 88 89 89 90 90 89 89 89 88 88 87 86 85 85 84 83 82 81 80 78 77 75 74 73 71 70
29 28 26 25 25 26 28 29 30 32 33 33 32 31 30 29 28 27 27 28 29 30 31 31 32 34 37 40 43 45 48 51 53 54 56 57 58 60 61 61 61 61 60 60 60 59 60 61 63 64 65 66 67 70 73 76 79 83 86 89 88 88 87 86 85 85 84 85 85 86 87 87 88 89 88 88 88 87 87 87 86 86 85 84 84 83 82 82 80 79 77 76 75 73 72 71
30 28 26 24 24 25 26 27 28 29 30 31 30 29 29 28 28 27 27 28 29 29 30 31 32 34 37 40 42 45 48 51 53 54 56 58 59 61 62 62 62 61 61 60 59 59 60 61 62 63 64 65 66 69 72 75 79 82 85 88 88 87 87 86 85 84 84 84 85 85 86 86 87 87 87 86 86 86 86 85 85 85 84 84 84 83 83 83 81 80 78 77 75 74 72 72
30 28 26 24 23 24 25 26 26 27 28 28 28 28 28 27 27 27 27 28 29 29 30 30 31 33 36 39 42 45 48 51 53 55 56 58 60 62 63 63 62 62 61 60 59 58 59 60 61 62 63 64 65 68 71 74 78 81 85 88 88 87 86 85 85 84 83 84 84 84 84 85 85 85 85 85 85 85 84 84 84 84 84 84 84 84 84 83 82 80 79 77 76 74 73 73
30 28 26 23 23 23 23 24 24 25 25 26 26 26 26 27 27 27 28 28 29 29 29 30 30 33 36 39 42 45 48 51 53 55 57 59 61 62 64 64 63 62 61 60 59 58 58 59 60 61 62 62 63 66 70 73 77 80 84 88 87 87 86 85 84 84 83 83 83 83 83 83 84 84 84 84 83 83 83 83 83 83 83 84 84 84 84 84 83 81 80 78 77 75 74 73
31 28 26 23 22 22 22 22 22 23 23 23 24 25 25 26 27 27 28 28 29 29 29 30 30 32 35 38 42 45 48 51 53 55 57 59 61 63 65 65 64 63 61 60 59 58 58 59 59 60 60 61 62 65 69 72 76 80 83 87 87 86 85 85 84 83 83 83 82 82 82 82 82 82 82 82 82 82 82 82 82 82 83 83 84 84 85 85 83 82 80 79 77 76 74 74
33 30 27 25 24 24 24 24 24 25 25 25 26 27 28 29 30 30 31 31 32 32 33 33 34 36 39 42 44 47 50 53 55 57 59 60 62 64 66 65 64 63 62 61 60 59 59 60 60 61 62 62 63 66 69 73 76 79 83 86 86 86 85 85 84 84 83 83 83 82 82 82 82 82 81 81 81 81 80 80 80 80 80 81 81 81 82 82 80 79 77 76 75 73 72 72
34 32 29 27 26 26 26 26 26 26 27 27 28 29 30 31 32 33 34 35 35 36 36 37 37 39 42 45 47 50 53 55 57 59 60 62 63 65 66 66 65 64 63 62 61 60 60 61 61 62 63 63 64 66 70 73 76 79 82 86 86 85 85 85 84 84 84 83 83 83 82 82 81 81 81 80 80 79 79 78 78 78 78 78 78 78 78 79 77 76 75 73 72 71 70 70
36 34 31 29 28 28 28 28 28 28 29 29 30 32 33 34 35 36 37 38 39 39 40 41 41 43 45 48 50 52 55 57 59 60 61 63 64 65 67 66 65 65 64 63 62 61 62 62 63 63 64 64 65 67 70 73 76 79 82 85 85 85 85 85 85 84 84 84 83 83 82 82 81 80 80 79 79 78 77 77 76 76 76 76 76 76 75 75 74 73 72 71 69 68 67 68
38 36 33 31 30 30 30 30 30 30 30 31 33 34 35 37 38 39 40 41 42 43 44 44 45 47 49 51 53 55 57 59 61 62 63 64 65 66 67 67 66 65 65 64 63 62 63 63 64 64 65 65 66 68 71 73 76 79 81 84 84 84 85 85 85 85 85 84 83 83 82 81 81 80 79 78 77 76 76 75 74 74 73 73 73 73 72 72 71 70 69 68 67 66 65 66
40 38 35 33 31 32 32 32 32 32 32 33 35 36 38 39 41 42 43 44 45 46 47 48 49 50 52 54 56 58 59 61 62 63 64 65 66 67 67 67 67 66 65 65 64 64 64 64 65 65 66 66 67 69 71 74 76 78 81 83 84 84 84 85 85 85 85 85 84 83 82 81 80 79 78 77 76 75 74 73 72 71 71 71 70 70 69 69 68 67 66 65 64 63 63 63
42 40 37 34 33 34 34 34 34 34 34 35 37 39 40 42 44 45 47 48 49 50 51 52 53 54 56 57 59 60 62 63 64 65 65 66 67 67 68 68 67 67 66 66 65 65 65 65 66 66 67 67 68 70 72 74 76 78 80 82 83 84 84 85 85 85 86 85 84 83 82 81 80 79 78 76 75 74 72 71 70 69 69 68 68 67 66 66 65 64 63 63 62 61 60 61
44 41 39 36 35 35 36 36 36 36 36 37 39 41 43 44 46 48 49 51 52 53 54 55 56 58 59 60 61 63 64 65 66 66 67 67 67 68 68 68 68 67 67 67 66 66 66 67 67 68 68 68 69 70 72 74 76 78 80 82 83 83 84 84 85 86 86 85 84 83 82 81 80 78 77 75 74 72 71 69 68 67 66 66 65 64 64 63 62 61 61 60 59 59 58 59
45 43 40 37 36 36 36 36 37 37 37 38 40 42 44 45 47 49 50 51 52 53 54 55 56 57 59 60 62 63 64 66 67 67 67 68 68 69 69 69 69 69 69 68 68 68 68 69 69 70 70 71 71 73 74 76 77 79 80 82 82 83 83 84 85 85 86 85 83 82 81 80 79 78 76 75 73 72 70 69 67 66 66 65 64 63 62 62 61 60 60 59 58 58 57 58
47 44 41 38 36 37 37 37 37 37 38 39 41 43 44 46 48 50 51 52 53 54 54 55 56 57 59 60 62 63 65 66 67 68 68 69 69 70 71 71 71 70 70 70 70 70 70 71 72 72 73 73 74 75 76 77 78 79 81 82 82 83 83 83 84 84 85 84 83 82 80 79 78 77 76 74 73 71 70 68 67 66 65 64 63 62 61 60 60 59 59 58 57 57 56 57
48 45 42 38 37 37 37 38 38 38 38 40 42 43 45 47 49 51 52 53 53 54 55 55 56 57 59 60 62 64 65 67 68 69 69 70 70 71 72 72 72 72 72 72 72 72 72 73 74 75 75 76 77 77 78 79 79 80 81 82 82 82 83 83 83 84 84 83 82 81 80 79 78 77 75 74 72 71 69 68 66 65 64 63 62 61 60 59 59 58 58 57 56 56 55 56
50 46 43 39 37 38 38 38 39 39 39 40 42 44 46 48 50 52 53 53 54 54 55 55 56 57 59 60 62 64 66 68 69 69 70 71 71 72 73 73 73 73 74 74 74 74 75 75 76 77 78 78 79 80 80 80 81 81 81 81 82 82 82 83 83 83 83 82 81 80 79 78 77 76 74 73 71 70 68 67 65 64 63 62 61 60 59 58 58 57 56 56 55 55 54 55
51 47 44 40 38 38 39 39 39 40 40 41 43 45 47 49 51 53 54 54 54 55 55 55 55 57 59 61 62 64 66 68 69 70 71 72 72 73 74 74 75 75 75 75 76 76 77 77 78 79 80 81 82 82 82 82 82 82 81 81 82 82 82 82 82 82 83 82 81 80 78 77 76 75 74 72 71 69 68 66 65 64 63 61 60 59 58 57 56 56 55 55 54 54 54 54
53 49 45 40 39 39 39 40 40 40 41 42 44 46 48 50 52 54 55 55 55 55 55 55 55 57 59 61 63 65 67 69 70 71 72 73 73 74 75 76 76 76 77 77 77 78 79 80 81 82 82 83 84 84 84 83 83 82 82 81 81 81 82 82 82 82 82 81 80 79 78 77 76 75 73 72 70 69 67 66 64 63 62 61 59 58 57 56 55 55 54 54 53 53 53 53
54 50 46 41 39 40 40 40 41 41 41 43 45 47 49 51 53 55 55 55 55 55 55 55 55 56 58 61 63 65 67 69 70 71 72 73 74 75 76 77 77 78 78 79 79 80 81 82 83 84 85 86 87 86 85 85 84 83 82 81 81 81 81 81 81 81 81 80 79 78 77 76 75 74 72 71 70 68 67 65 64 62 61 60 59 57 56 55 54 54 53 53 53 52 52 52
56 51 47 42 40 40 41 41 41 41 42 43 45 46 48 50 52 54 54 54 54 54 54 54 54 55 57 59 61 63 65 67 68 70 71 72 73 74 75 76 77 78 78 79 80 80 81 82 83 84 85 86 87 87 86 84 83 82 81 80 80 80 80 79 79 79 79 78 77 76 75 74 73 72 71 69 68 67 65 64 63 62 60 59 58 57 56 55 55 54 54 54 53 53 53 52
57 52 48 43 41 41 41 41 42 42 42 43 44 46 48 50 51 53 54 54 54 54 53 53 53 55 56 58 60 62 63 65 67 68 69 71 72 73 75 76 77 77 78 79 80 81 82 83 84 85 86 87 88 87 86 84 83 81 80 79 78 78 78 78 78 77 77 76 75 74 73 72 71 70 69 68 66 65 64 63 62 61 60 59 58 57 56 55 55 55 55 54 54 54 53 53
58 54 49 44 42 42 42 42 42 42 42 43 44 46 47 49 51 52 53 53 53 53 53 53 53 54 55 57 58 60 61 63 65 66 68 69 71 72 74 75 76 77 79 80 81 82 83 84 85 86 87 88 89 87 86 84 82 81 79 78 77 77 77 76 76 76 75 74 73 72 71 70 69 68 67 66 65 64 63 62 61 60 59 59 58 57 56 56 56 55 55 55 55 54 54 53
60 55 50 46 43 43 43 43 42 42 42 43 44 45 47 48 50 51 52 52 52 52 52 52 52 53 54 56 57 58 60 61 63 64 66 68 70 71 73 74 76 77 79 80 82 83 84 85 86 87 87 88 89 88 86 84 82 80 78 76 76 75 75 75 74 74 74 73 71 70 69 68 67 66 65 64 63 62 61 61 60 59 59 58 58 57 57 56 56 56 56 56 55 55 55 54
61 56 52 47 44 44 43 43 43 42 42 43 44 45 47 48 49 50 51 51 51 51 51 51 51 52 53 54 56 57 58 59 61 63 65 67 68 70 72 74 76 77 79 81 82 84 85 86 87 87 88 89 90 88 86 84 82 79 77 75 74 74 74 73 73 72 72 71 70 69 67 66 65 64 63 63 62 61 60 59 59 58 58 58 57 57 57 57 56 56 56 56 56 56 56 55
63 58 53 48 45 45 44 44 43 43 42 43 44 45 46 47 48 50 50 50 50 50 50 50 50 51 52 53 54 55 56 57 59 61 63 65 67 69 71 73 75 77 79 81 83 85 86 86 87 88 89 90 90 89 86 84 81 79 76 74 73 73 72 72 71 70 70 69 68 67 66 64 63 62 62 61 60 60 59 58 58 57 57 57 57 57 57 57 57 57 57 57 57 57 56 55
64 59 54 49 46 46 45 44 44 43 43 43 44 45 46 47 48 49 49 49 49 50 50 50 50 50 51 52 53 54 55 55 57 60 62 64 66 69 71 73 75 77 79 81 83 85 86 87 88 88 89 90 90 88 86 83 81 78 75 73 72 71 71 70 69 69 68 67 66 65 64 63 62 61 60 60 59 58 58 57 57 57 57 57 57 57 57 57 57 57 57 57 57 57 57 56
65 60 54 49 47 46 46 46 45 45 45 45 46 46 47 48 48 49 49 49 49 49 49 49 49 50 51 52 53 54 54 55 57 59 62 64 66 68 71 73 74 76 78 80 82 84 84 85 85 86 86 87 87 85 83 81 79 76 74 72 71 71 70 70 69 69 68 67 66 65 64 63 62 61 60 60 59 59 58 58 57 57 57 57 57 57 57 57 57 57 58 58 58 58 58 57
65 60 55 50 47 47 47 47 47 47 47 47 48 48 48 48 49 49 49 49 49 49 49 49 49 50 51 52 53 53 54 55 57 59 62 64 66 68 71 72 74 76 77 79 81 82 83 83 83 83 83 83 83 82 80 78 77 75 73 71 71 70 70 69 69 68 68 67 66 65 64 63 62 61 61 60 60 59 59 58 58 58 58 57 57 57 57 57 57 58 58 58 58 59 59 58
66 61 56 50 48 48 48 49 49 49 50 50 50 49 49 49 49 49 49 49 49 49 49 49 49 50 51 51 52 53 54 55 57 59 61 64 66 68 70 72 74 75 76 78 79 81 81 81 81 80 80 80 80 79 77 76 75 73 72 70 70 69 69 69 68 68 67 67 66 65 64 63 62 61 61 61 60 60 59 59 58 58 58 58 57 57 57 57 57 58 58 59 59 59 60 58
67 62 56 51 48 49 50 50 51 51 52 52 51 51 50 50 49 49 49 49 49 49 49 49 49 49 50 51 52 53 54 55 57 59 61 64 66 68 70 72 73 74 76 77 78 79 79 79 78 78 77 77 76 76 75 74 73 72 71 70 69 69 68 68 68 68 67 66 66 65 64 63 63 62 61 61 60 60 60 59 59 58 58 58 58 57 57 57 57 58 58 59 60 60 60 59
68 62 57 51 49 50 51 52 52 53 54 54 53 52 52 51 50 49 49 49 49 49 49 49 49 49 50 51 52 53 54 55 57 59 61 64 66 68 70 72 73 74 75 76 77 78 78 77 76 75 75 74 73 72 72 71 71 70 69 69 68 68 68 68 67 67 67 66 66 65 64 63 63 62 62 61 61 60 60 60 59 59 58 58 58 57 57 57 57 58 59 59 60 61 61 60
69 63 57 52 49 51 52 53 54 55 57 56 55 54 53 51 50 49 48 48 48 48 48 48 48 49 50 51 52 53 54 55 57 59 61 63 66 68 70 71 72 73 74 75 76 76 76 75 74 73 72 71 70 69 69 69 69 68 68 68 68 68 67 67 67 67 67 66 65 65 64 64 63 62 62 62 61 61 60 60 60 59 59 58 58 57 57 57 57 58 59 60 61 61 62 61
70 64 58 52 50 52 53 54 56 57 58 58 56 55 53 52 50 49 48 48 48 48 48 48 48 49 50 51 52 53 54 55 56 59 61 63 65 68 70 71 71 72 73 73 74 75 74 73 71 70 69 68 66 66 67 67 67 67 67 67 67 67 67 67 67 67 66 66 65 65 64 64 63 63 62 62 61 61 61 60 60 59 59 58 58 57 57 56 57 58 59 60 61 62 62 61
76 69 62 55 52 53 53 54 55 56 57 56 55 53 52 51 49 48 47 48 48 48 49 49 49 50 50 51 52 52 53 54 56 58 60 62 64 66 69 69 70 70 71 71 71 72 71 70 69 68 67 66 65 65 65 65 66 66 66 66 66 66 66 66 67 67 67 66 66 65 65 64 64 63 63 62 62 61 61 60 60 59 59 58 58 57 56 56 57 58 58 59 60 61 61 61
