pluvio/pluvio-344.asc
ncols         252
nrows         154
xllcorner     -0.5
yllcorner     -153.5
cellsize      1
NODATA_value  -9999
[rows 0 to 43 of 154, columns 96 to 191 of 252]
93 96 99 101 104 106 110 113 117 121 124 128 131 132 133 135 136 137 139 139 136 132 129 126 122 119 116 111 106 102 97 92 88 85 85 86 87 87 88 88 88 87 86 85 84 82 81 82 83 85 87 89 91 93 96 99 102 106 109 112 116 114 106 99 92 85 78 70 69 71 73 75 77 79 81 82 81 81 80 80 79 79 80 82 84 86 87 89 91 95 100 104 109 113 118 122
93 96 99 102 106 109 114 119 124 129 134 139 143 144 146 147 148 149 151 151 146 142 138 134 129 125 121 117 112 108 104 100 95 92 92 92 92 91 91 91 90 89 88 86 85 84 83 83 85 86 88 90 92 94 97 101 105 109 113 117 121 119 112 104 96 88 80 73 70 72 74 76 78 79 81 81 81 80 79 78 77 76 77 79 81 82 84 86 88 92 97 102 107 112 117 122
92 96 100 104 108 112 118 125 131 137 144 150 156 157 158 159 160 162 163 162 157 152 147 142 136 131 126 122 119 115 111 107 103 100 99 98 97 96 95 94 92 91 90 88 87 85 84 84 86 88 89 91 93 95 98 103 108 113 118 122 127 125 117 108 100 92 83 75 72 74 75 77 78 80 81 81 80 79 77 76 75 74 75 76 78 79 81 83 84 88 94 99 105 110 115 121
91 95 100 105 109 115 122 130 138 146 154 161 168 169 170 171 172 174 175 174 168 162 156 149 143 137 132 128 125 121 118 114 111 108 106 104 102 100 98 96 95 93 91 90 88 87 85 85 87 89 91 92 94 96 100 105 111 116 122 127 133 131 122 113 104 95 86 77 74 75 76 77 79 80 81 80 79 77 76 74 73 71 72 73 75 76 78 79 81 85 91 97 102 108 114 120
91 97 102 107 112 118 126 134 143 151 159 168 175 176 177 178 179 180 181 180 174 167 161 154 148 142 136 133 130 127 123 120 117 114 111 109 106 104 102 99 97 95 93 92 90 88 86 86 88 90 92 94 96 98 101 107 113 118 124 130 135 133 124 115 106 97 88 79 76 77 78 78 79 80 81 80 79 77 75 74 72 71 71 72 74 75 76 78 79 84 89 95 101 106 112 118
93 99 104 110 115 121 129 137 145 153 161 169 176 177 178 179 180 181 182 181 175 169 163 157 151 145 140 137 134 131 128 125 122 119 116 113 110 107 104 102 99 97 95 93 92 90 88 88 90 92 94 96 98 99 103 108 114 119 124 129 135 133 124 116 107 98 90 81 78 79 79 80 80 81 82 81 79 77 76 74 73 71 71 73 74 75 77 78 79 84 89 94 99 104 110 115
95 101 107 113 119 125 133 140 148 156 163 171 178 178 179 180 181 181 182 181 176 170 165 159 153 148 143 140 138 135 132 130 127 124 121 117 114 111 107 104 101 99 97 95 93 91 89 89 91 93 95 97 99 101 105 110 115 119 124 129 134 132 124 116 108 100 92 84 80 81 81 81 81 82 82 81 79 78 76 75 73 71 72 73 74 76 77 78 80 84 88 93 98 102 107 112
97 103 110 116 122 128 136 143 151 158 165 173 179 180 180 181 182 182 183 182 177 172 166 161 156 151 146 144 141 139 137 134 132 129 125 122 118 114 110 107 104 101 99 97 95 92 90 90 92 94 97 99 101 103 107 111 115 120 124 129 133 131 124 116 108 101 93 86 82 83 83 83 83 83 83 82 80 78 77 75 73 72 72 73 75 76 77 79 80 84 88 92 96 101 105 109
99 106 112 119 125 132 139 146 153 160 168 175 180 181 182 182 183 183 184 183 178 173 168 163 159 154 150 147 145 143 141 139 137 134 130 126 122 118 113 109 106 103 101 99 96 94 92 91 94 96 98 101 103 105 109 113 116 120 124 128 132 130 123 116 109 102 95 88 85 84 84 84 84 83 83 82 80 79 77 75 74 72 72 74 75 76 78 79 81 84 87 91 95 99 102 106
101 108 115 122 128 135 142 149 156 163 170 176 182 182 183 183 183 184 184 183 179 175 170 166 161 157 153 151 149 147 145 144 142 139 134 130 125 121 116 112 108 106 103 100 98 95 93 92 95 97 100 102 105 107 110 114 117 121 124 128 131 130 123 116 110 103 97 90 87 86 86 85 85 84 84 82 81 79 77 76 74 72 73 74 75 77 78 80 81 84 87 90 93 97 100 103
103 110 117 124 132 139 145 152 158 165 172 178 183 184 184 184 184 185 185 184 180 176 172 168 164 160 156 155 153 152 150 148 147 144 139 134 129 124 119 114 110 108 105 102 99 97 94 94 96 99 102 104 107 109 112 115 118 121 124 128 131 129 123 117 111 104 98 92 89 88 87 87 86 85 84 83 81 79 78 76 74 73 73 74 76 77 79 80 81 84 86 89 92 95 97 100
103 111 119 126 134 141 147 153 159 165 172 178 182 182 182 182 183 183 183 182 178 174 171 167 163 160 157 155 153 151 150 148 146 143 138 134 129 124 119 115 111 108 106 103 100 98 95 95 98 100 103 105 108 110 113 115 118 120 123 125 128 126 121 115 110 105 99 94 91 90 89 88 87 86 85 83 81 79 78 76 74 72 73 74 75 77 78 80 81 83 85 87 90 92 94 97
103 111 119 127 135 143 148 154 159 165 170 175 180 179 179 179 178 178 178 177 174 170 167 164 161 158 155 153 150 148 146 143 141 138 134 130 125 121 117 113 110 107 105 103 101 99 97 97 99 101 103 105 108 110 112 114 116 118 120 122 124 122 118 113 109 104 100 95 92 91 90 89 88 86 85 83 81 79 77 75 73 71 71 73 74 76 77 79 80 82 83 85 87 89 91 92
102 111 119 128 136 144 149 154 159 164 168 173 177 176 176 175 174 174 173 172 169 167 164 161 159 156 153 150 147 144 142 139 136 133 129 126 122 118 115 111 108 107 105 103 102 100 98 98 100 102 104 106 107 109 111 112 114 115 116 118 119 118 114 111 107 104 100 96 94 93 91 90 88 87 85 84 81 79 77 75 72 70 70 72 73 75 76 78 79 80 82 83 84 86 87 88
101 111 120 129 138 146 150 154 158 163 167 171 174 173 172 171 170 169 168 167 165 163 160 158 156 154 151 148 144 141 138 134 131 127 124 121 119 116 113 110 107 106 105 103 102 101 100 100 101 103 104 106 107 109 110 111 112 113 113 114 115 114 111 108 106 103 100 98 95 94 92 91 89 88 86 84 81 79 76 74 71 69 69 71 72 74 75 77 78 79 80 81 82 83 84 84
101 110 120 129 139 148 151 155 158 162 165 169 171 170 169 167 166 165 164 162 160 159 157 155 154 152 149 145 141 137 134 130 126 122 120 117 115 113 110 108 106 105 104 104 103 102 101 101 102 104 105 106 107 109 109 110 110 110 110 110 111 110 108 106 104 102 101 99 97 95 93 92 90 88 86 84 81 79 76 73 71 68 68 70 71 73 74 76 77 78 78 79 79 80 80 80
100 110 120 130 140 149 152 155 158 161 164 166 168 167 165 164 162 160 159 157 156 155 154 152 151 150 148 143 139 134 129 125 120 117 115 113 112 110 108 106 105 105 104 104 103 103 102 103 104 104 105 106 107 108 108 108 108 107 107 107 106 106 105 104 103 102 101 100 99 97 95 93 91 89 87 84 81 78 76 73 70 67 67 68 70 72 73 75 76 77 77 77 76 76 76 76
100 110 121 131 142 151 153 155 157 160 162 164 166 164 162 160 158 156 154 152 152 151 150 149 149 148 146 141 136 131 125 120 115 112 110 109 108 107 106 105 104 104 104 104 104 104 104 104 105 105 106 107 107 108 108 107 106 105 104 103 102 102 102 102 101 101 101 101 100 98 96 94 92 89 87 85 81 78 75 72 69 66 66 67 69 70 72 74 75 75 75 74 74 73 73 72
100 110 120 130 140 149 152 155 157 160 163 165 167 165 163 162 160 158 156 155 154 153 152 151 150 149 147 142 137 132 127 122 117 113 112 111 109 108 107 106 105 105 105 105 106 106 106 106 106 106 107 107 107 107 107 106 105 104 103 103 102 101 101 101 100 100 100 100 99 97 95 94 92 90 89 86 83 80 77 74 71 68 68 69 70 71 72 74 75 75 74 74 73 73 72 72
101 110 119 129 138 146 150 153 157 161 164 168 171 169 168 167 165 164 163 161 160 158 157 156 154 153 151 146 141 137 132 127 123 119 117 115 113 112 110 108 107 107 107 108 108 108 108 108 108 107 107 107 106 106 105 105 105 105 104 104 104 103 102 101 100 99 98 96 96 95 94 93 92 91 91 89 86 83 80 77 75 72 71 72 73 73 74 74 75 75 75 74 74 74 73 73
102 111 119 127 135 143 147 152 157 162 166 171 175 174 173 172 171 170 169 168 166 164 162 161 159 157 154 150 146 141 137 133 128 125 122 120 117 115 113 110 109 109 110 110 110 111 111 111 110 109 108 107 106 105 104 104 105 105 105 106 106 105 103 101 99 97 95 93 92 92 92 92 93 93 93 91 89 86 83 81 78 76 75 75 75 75 75 75 75 75 75 75 75 75 75 75
103 111 118 125 132 139 145 151 157 163 168 174 179 178 178 177 176 176 175 174 172 170 168 165 163 161 158 154 150 146 142 138 134 130 127 124 122 119 116 113 111 112 112 112 113 113 113 113 111 110 108 107 105 103 103 104 105 105 106 107 108 107 104 101 98 96 93 90 89 90 91 92 93 94 95 94 91 89 87 84 82 80 79 78 78 77 77 76 75 75 75 76 76 76 76 76
105 111 117 123 130 136 143 150 157 163 170 177 183 183 182 182 182 182 182 181 178 175 173 170 167 165 162 158 154 151 147 143 140 136 133 129 126 122 119 115 113 114 114 115 115 115 116 115 113 111 109 107 104 102 102 103 105 106 107 109 110 109 105 101 98 94 90 87 86 88 89 91 93 95 97 96 94 92 90 88 86 84 82 81 80 79 78 77 76 75 76 76 76 77 77 77
106 111 116 122 127 133 140 148 156 164 172 180 187 187 187 187 188 188 188 187 184 181 178 175 172 168 165 162 159 155 152 149 145 142 138 134 130 126 122 118 116 116 116 117 117 118 118 117 115 112 109 107 104 101 101 102 104 106 108 110 112 111 106 101 97 92 88 83 83 85 88 91 93 96 98 98 97 95 93 91 90 88 86 84 83 81 79 77 76 76 76 77 77 78 78 79
107 111 116 120 124 129 138 147 156 165 174 183 191 191 192 193 193 194 194 194 190 187 183 179 176 172 169 166 163 160 157 154 151 147 143 138 134 129 125 120 118 118 119 119 120 120 121 120 116 113 110 106 103 100 99 102 104 107 109 112 114 112 107 102 96 91 85 80 80 83 87 90 93 97 100 101 99 98 96 95 93 92 90 88 85 83 81 78 76 76 76 77 78 79 80 80
111 115 119 123 127 132 140 148 156 164 173 181 188 189 191 193 194 196 198 198 195 192 189 185 182 179 176 172 169 165 162 158 155 151 146 142 137 132 128 123 120 121 121 121 122 122 122 121 118 114 111 108 105 101 101 104 106 109 112 115 118 116 110 105 99 94 88 83 82 86 89 93 97 100 104 104 103 102 101 100 99 97 95 93 90 87 84 82 79 78 79 80 80 81 82 82
117 121 125 129 133 137 143 150 156 163 169 175 181 184 187 190 193 197 200 201 199 197 194 192 190 187 184 180 175 171 166 162 158 153 148 144 139 135 130 126 123 123 123 123 123 123 123 122 119 116 113 110 107 104 104 107 110 113 116 119 122 121 115 110 104 99 94 88 88 91 94 98 101 104 108 108 108 107 106 105 104 104 101 98 95 92 89 86 83 83 83 83 83 84 84 84
123 127 131 134 138 142 147 151 156 161 165 170 175 179 184 188 193 197 202 204 203 201 200 198 197 195 193 187 182 177 171 166 160 155 151 146 142 137 133 129 126 125 125 125 125 124 124 123 120 117 115 112 109 107 107 110 113 116 120 123 126 125 120 115 109 104 99 94 93 96 99 102 106 109 112 113 112 112 111 111 110 110 107 104 101 98 94 91 88 87 87 87 87 87 87 87
129 133 136 140 144 147 150 153 156 159 162 165 168 174 180 186 192 197 203 208 207 206 206 205 204 204 201 195 189 182 176 169 163 157 153 149 144 140 136 131 128 128 127 127 126 126 125 124 121 119 116 114 112 109 110 113 117 120 123 127 130 129 124 119 114 109 104 99 99 102 104 107 110 113 116 117 117 116 116 116 116 116 113 110 106 103 99 96 92 91 90 90 90 89 89 89
135 138 142 146 150 153 154 155 156 157 158 159 161 169 176 183 191 198 205 211 211 211 211 211 212 212 210 202 195 188 181 173 166 160 155 151 147 143 138 134 131 130 129 129 128 127 126 124 122 120 118 116 114 112 112 116 120 124 127 131 135 134 129 124 119 115 110 105 104 107 109 112 115 117 120 121 121 121 121 122 122 122 120 116 112 108 104 100 97 95 94 94 93 92 92 91
141 144 148 152 155 158 157 157 156 155 154 154 155 164 172 181 190 198 207 214 215 216 217 218 219 220 218 210 202 194 185 177 169 162 158 154 149 145 141 137 134 133 132 130 129 128 127 125 124 122 120 118 116 114 115 119 123 127 131 135 139 138 134 129 125 120 115 111 110 112 114 117 119 121 124 125 125 126 126 127 128 128 126 121 117 113 109 105 101 99 98 97 96 95 94 93
147 150 154 157 161 163 161 158 156 153 151 148 148 158 169 179 189 199 209 217 219 221 223 224 226 228 227 218 208 199 190 181 172 164 160 156 152 148 144 140 137 135 134 132 131 129 128 126 125 123 122 120 119 117 118 122 127 131 135 139 143 143 138 134 130 125 121 116 115 117 119 122 124 126 128 129 130 131 132 132 133 134 132 127 123 119 114 110 105 103 102 101 99 98 97 95
150 154 157 161 164 167 164 161 159 156 153 150 150 160 170 180 190 200 210 219 221 223 225 227 229 231 230 221 211 202 193 183 174 166 162 158 154 150 146 142 139 138 137 136 135 134 133 131 130 128 126 124 123 121 122 126 129 133 137 141 144 144 140 136 132 128 123 119 118 120 121 122 124 125 126 128 129 130 131 133 134 135 133 130 126 122 119 115 111 109 107 104 102 100 98 96
153 156 160 163 167 169 167 165 162 160 158 155 156 165 174 184 193 203 212 220 222 224 226 228 230 232 231 222 213 204 195 186 176 169 165 161 156 152 148 144 141 141 141 140 140 140 140 138 136 134 132 130 128 125 126 129 132 135 138 141 144 144 140 136 133 129 125 121 120 120 121 121 122 123 123 124 126 127 129 131 132 134 133 130 128 125 123 121 118 115 112 108 105 102 99 95
155 159 162 166 169 172 170 168 166 164 162 161 161 170 178 187 196 205 213 221 223 225 227 229 231 233 232 223 214 206 197 188 179 171 167 163 159 154 150 146 144 144 144 145 145 146 146 145 143 140 138 135 132 130 130 132 135 137 139 142 144 144 140 137 133 130 127 123 122 121 121 121 120 120 120 121 123 125 127 128 130 132 132 131 130 129 127 126 125 121 117 112 108 104 99 95
158 161 165 168 172 174 173 171 170 169 167 166 166 174 183 191 199 207 215 222 224 226 228 230 232 234 233 225 216 207 199 190 181 174 170 165 161 157 152 148 146 147 148 149 151 152 153 152 149 146 143 140 137 134 134 135 137 139 141 142 144 143 140 137 134 131 128 125 123 122 121 120 119 117 116 117 120 122 124 126 129 131 132 132 132 132 132 132 132 128 122 116 111 105 100 94
160 164 167 171 174 177 176 175 174 173 172 171 172 179 187 194 202 209 217 223 225 227 229 231 233 235 234 226 217 209 200 192 184 176 172 168 163 159 154 150 148 150 152 154 156 158 160 159 156 153 149 146 142 139 138 139 140 141 142 143 144 143 141 138 135 133 130 127 125 123 121 119 117 115 113 114 116 119 122 124 127 130 131 132 134 135 136 137 138 134 127 120 114 107 100 94
163 166 170 173 176 179 179 178 178 177 177 176 177 184 191 198 204 211 218 224 226 228 230 232 234 236 236 227 219 211 202 194 186 179 174 170 165 161 156 152 150 153 156 158 161 164 167 166 163 159 155 151 147 143 141 142 142 143 143 144 144 143 141 138 136 134 131 129 127 124 121 118 115 112 109 110 113 116 119 122 125 128 131 133 136 138 140 143 145 140 132 124 117 109 101 93
165 169 172 175 179 182 182 182 182 181 181 181 182 189 195 201 207 213 220 225 227 229 231 233 235 237 237 229 220 212 204 196 188 181 177 172 168 163 158 154 152 156 159 163 166 170 173 173 169 165 161 156 152 148 145 145 145 145 144 144 144 143 141 139 137 135 133 131 128 125 121 117 113 110 106 107 110 113 117 120 124 127 130 134 137 141 145 148 152 146 137 128 119 110 102 93
161 165 168 172 175 179 179 179 180 180 180 181 182 188 194 200 205 211 217 222 224 226 228 230 232 234 233 226 219 211 204 196 189 183 179 175 171 167 163 160 158 161 165 168 171 174 177 177 173 169 165 161 157 153 151 150 149 148 148 147 146 145 143 142 140 138 136 134 131 127 123 119 115 111 107 107 110 113 117 120 123 126 129 133 137 140 144 148 151 146 137 129 120 111 102 93
155 159 163 166 170 173 174 175 176 176 177 178 180 185 191 197 202 208 213 218 220 222 223 225 227 229 228 222 215 209 202 196 189 184 181 178 175 172 169 166 166 168 170 173 175 177 180 180 176 173 169 165 162 158 156 155 154 153 152 151 150 149 147 145 143 142 140 138 135 131 126 122 117 113 109 109 111 114 117 120 123 125 129 132 135 139 142 145 149 144 136 127 119 111 103 94
149 153 157 161 165 168 169 171 172 173 174 175 177 183 188 193 199 204 209 214 216 217 219 221 222 224 223 218 212 207 201 195 190 185 183 181 179 177 175 173 173 174 176 178 179 181 183 182 179 176 173 170 167 164 162 160 159 157 156 155 153 152 150 149 147 145 144 142 139 134 129 125 120 115 111 110 113 115 117 120 122 125 128 131 134 137 140 143 146 142 134 126 119 111 103 96
143 147 151 155 159 163 165 166 168 170 171 173 175 180 185 190 196 201 206 210 211 213 214 216 217 219 219 214 209 204 200 195 190 187 186 185 184 183 181 180 180 181 182 183 184 184 185 185 182 180 177 174 172 169 167 165 164 162 160 159 157 155 154 152 151 149 147 146 142 137 132 127 122 117 113 112 114 116 118 120 122 124 127 129 132 135 138 141 144 139 132 125 118 111 104 97
137 141 145 150 154 158 160 162 164 166 168 170 173 178 183 187 192 197 202 206 207 208 210 211 213 214 214 210 206 202 198 194 191 188 188 188 188 188 187 187 187 187 188 188 188 188 188 187 185 183 181 179 177 175 173 171 168 166 164 162 160 159 157 156 154 153 151 149 146 141 135 130 125 120 114 113 115 117 118 120 122 123 126 128 131 133 136 138 141 137 131 124 118 111 104 98
