pluvio/pluvio-333.asc
ncols         252
nrows         154
xllcorner     -0.5
yllcorner     -153.5
cellsize      1
NODATA_value  -9999
[rows 86 to 128 of 154, columns 96 to 191 of 252]
100 102 104 106 108 110 114 118 122 126 131 135 137 133 130 126 123 119 115 112 112 112 111 111 111 110 110 111 112 113 114 115 116 118 122 126 130 134 138 142 144 141 139 136 133 131 128 126 123 120 117 114 111 108 108 109 111 113 115 116 118 119 119 118 118 118 118 118 118 118 118 118 118 118 118 119 120 122 123 125 126 128 129 129 129 130 130 130 130 132 134 135 137 139 141 143
99 100 102 104 106 108 113 117 121 126 130 134 137 133 129 125 121 117 113 110 109 108 108 107 106 106 105 106 107 108 109 110 111 114 118 123 127 132 136 141 143 140 138 135 132 130 127 124 121 119 116 113 110 107 106 107 109 110 112 113 115 115 115 115 115 115 114 114 114 114 114 114 114 114 114 115 116 117 119 120 121 122 123 123 124 125 125 126 127 128 131 133 135 137 139 141
99 101 103 105 108 110 114 118 122 126 130 135 137 134 131 128 125 122 118 116 115 115 114 114 113 113 113 114 115 117 118 119 120 122 125 129 132 135 139 142 143 141 138 136 133 131 129 126 123 120 117 114 111 108 107 108 109 110 112 113 114 115 115 115 115 115 115 115 115 115 116 116 116 117 117 118 119 120 122 123 124 125 126 126 127 127 128 128 128 130 131 133 135 136 138 139
99 102 104 107 109 112 116 119 123 127 131 135 137 135 133 131 128 126 124 122 122 122 121 121 120 120 120 122 123 125 126 128 129 131 133 135 137 139 141 143 143 141 139 137 135 133 130 128 125 121 118 115 112 108 107 108 109 111 112 113 114 114 115 115 115 115 116 116 116 117 117 118 118 119 119 120 122 123 125 126 127 129 129 130 130 130 130 130 130 131 132 133 134 135 136 137
100 102 105 108 111 113 117 121 124 128 131 135 137 136 135 134 132 131 130 129 128 128 128 128 127 127 128 129 131 133 134 136 138 139 140 141 141 142 143 143 143 141 140 138 136 134 132 130 126 123 119 116 113 109 108 109 110 111 112 112 113 114 114 115 115 116 116 117 117 118 119 119 120 121 121 123 124 126 128 129 131 132 133 133 132 132 132 132 132 132 133 133 134 134 135 135
100 103 106 109 112 115 118 122 125 128 132 135 138 137 137 136 136 136 135 135 135 135 135 135 135 134 135 137 139 141 143 145 147 148 147 146 146 145 145 144 143 142 140 139 137 135 134 131 128 124 121 117 114 110 109 109 110 111 111 112 113 114 114 115 115 116 117 117 118 119 120 121 122 123 124 125 127 129 130 132 134 136 136 136 135 135 134 134 134 133 133 133 134 134 134 134
100 104 107 110 113 117 120 123 126 129 132 135 138 138 139 139 140 140 141 141 141 141 141 142 142 142 142 144 147 149 151 153 155 156 154 152 151 149 147 145 144 142 141 140 138 137 136 133 129 126 122 118 115 111 109 110 110 111 111 112 112 113 114 115 116 117 117 118 119 120 122 123 124 125 126 128 130 132 133 135 137 139 139 139 138 137 137 136 135 135 134 134 133 133 132 132
101 104 108 111 115 118 121 124 127 130 133 135 138 139 141 142 144 145 147 148 148 148 148 148 149 149 150 152 154 157 159 162 164 165 161 158 155 152 149 146 144 143 142 140 139 138 137 135 131 127 123 119 116 112 110 110 111 111 111 112 112 113 114 115 116 117 118 119 120 122 123 124 126 127 129 130 132 134 136 139 141 143 143 142 141 140 139 138 137 136 135 134 133 132 131 130
101 105 109 112 116 120 122 125 128 131 133 136 139 141 143 145 148 150 152 154 154 155 155 155 156 156 157 160 162 165 167 170 172 172 168 164 160 155 151 147 144 143 142 141 140 139 139 136 132 128 125 121 117 113 111 111 111 111 111 112 112 112 114 115 116 117 119 120 121 123 124 126 127 129 131 132 135 137 139 141 143 145 145 144 143 142 141 140 138 137 136 134 133 131 130 128
104 107 110 113 116 119 123 126 129 133 136 139 143 146 148 151 154 157 159 161 162 162 162 162 163 163 164 165 167 169 171 173 175 175 170 166 162 157 153 149 145 144 143 141 140 139 137 135 132 128 125 122 118 115 113 113 113 113 113 113 113 114 115 116 118 119 120 122 123 124 125 126 128 129 130 132 133 135 137 139 141 143 143 142 141 141 140 139 138 137 136 135 134 133 133 132
106 108 111 113 116 119 123 127 131 135 139 143 147 150 153 157 160 163 166 169 169 169 169 169 169 170 170 171 173 174 175 176 178 177 173 168 164 159 155 150 147 145 143 142 140 138 136 134 131 128 126 123 120 117 116 115 115 115 115 114 114 115 116 118 119 120 122 123 124 125 126 127 128 128 129 131 132 134 136 137 139 141 141 140 140 139 139 138 137 137 137 136 136 136 135 135
108 110 112 114 116 118 123 128 132 137 142 147 151 155 158 162 166 170 173 176 176 176 176 176 176 176 177 177 178 179 179 180 180 179 175 170 166 161 157 152 148 146 144 142 139 137 135 133 131 128 126 124 122 119 118 118 117 117 116 116 115 116 117 119 120 122 123 125 126 126 127 127 128 128 129 130 131 133 134 136 137 138 139 138 138 138 137 137 137 137 137 137 138 138 138 139
110 112 113 115 116 118 123 129 134 139 145 150 155 159 164 168 172 176 180 184 184 183 183 183 183 183 183 183 183 183 183 183 183 182 177 172 168 163 158 154 150 147 144 142 139 137 134 132 130 128 127 125 123 122 121 120 119 118 118 117 116 117 119 120 122 123 125 127 127 127 128 128 128 128 128 129 130 131 132 134 135 136 136 136 136 136 136 136 136 137 138 139 139 140 141 142
113 113 114 115 116 117 123 129 136 142 148 154 159 164 169 173 178 183 188 191 191 191 191 190 190 190 190 189 188 188 187 187 186 184 179 174 170 165 160 155 151 148 145 142 139 136 133 130 129 128 127 126 125 124 123 122 121 120 119 119 118 118 120 121 123 125 127 128 129 129 128 128 128 128 127 128 129 130 131 132 133 134 134 134 135 135 135 135 136 137 138 140 141 143 144 145
115 115 115 116 116 117 124 130 137 144 150 157 163 169 174 179 184 189 195 198 198 198 198 197 197 197 196 195 194 193 191 190 189 186 181 177 172 167 162 157 153 149 146 142 139 135 132 129 129 128 128 127 127 126 125 124 123 122 121 120 119 119 121 123 125 126 128 130 130 130 129 129 128 127 127 127 128 128 129 130 131 131 132 133 133 134 134 135 135 137 139 141 143 145 147 149
117 117 117 116 116 117 124 131 139 146 153 160 167 173 178 184 190 195 201 205 205 204 204 204 203 203 202 200 198 197 195 193 191 188 183 179 174 169 164 159 155 151 147 143 139 135 131 129 129 129 129 129 129 129 128 127 125 124 123 121 120 120 122 124 126 128 129 131 132 131 130 129 128 127 126 126 127 127 128 128 129 130 130 131 132 133 133 134 135 137 140 142 145 147 150 153
120 120 119 118 118 119 126 133 140 147 154 161 168 174 180 186 192 198 204 208 207 207 206 206 205 204 203 201 199 197 196 194 192 189 185 181 177 172 168 164 160 156 152 148 143 139 135 133 133 133 133 133 133 132 132 130 128 126 124 122 120 120 122 124 126 127 129 131 131 130 129 128 127 126 125 125 126 127 128 129 130 131 132 133 133 134 135 135 136 139 142 145 149 152 156 159
123 122 121 121 120 120 127 134 141 148 155 162 169 175 181 187 194 200 206 211 210 209 208 207 207 206 205 203 200 198 196 194 192 190 186 183 179 176 173 169 165 161 157 152 148 143 139 136 136 136 136 136 136 136 135 133 130 128 126 123 121 121 122 124 126 127 129 130 131 130 129 128 127 126 125 125 126 128 129 130 132 133 134 134 135 135 136 137 137 140 144 149 153 157 161 165
126 125 124 123 122 122 129 136 142 149 156 163 169 176 183 189 196 202 209 214 213 212 211 209 208 207 206 204 201 199 197 195 192 190 187 185 182 179 177 174 171 166 161 157 152 147 143 140 140 140 140 140 140 140 139 136 133 130 127 124 121 121 122 124 125 127 128 130 130 129 128 127 126 125 124 124 126 128 130 131 133 135 135 136 136 137 137 138 138 142 147 152 157 162 167 172
128 127 126 125 124 124 131 137 144 150 157 164 170 177 184 191 198 205 212 217 215 214 213 211 210 209 207 205 202 200 198 195 193 191 189 187 185 183 181 179 176 171 166 161 156 151 147 144 144 144 144 144 144 144 142 139 135 132 129 125 122 121 122 124 125 127 128 130 130 128 127 126 125 124 123 124 126 128 130 132 134 136 137 138 138 138 139 139 140 144 149 155 161 167 172 178
131 130 128 127 126 126 132 139 145 151 158 164 171 178 185 193 200 207 215 220 218 217 215 213 212 210 209 206 203 201 198 196 193 191 190 189 188 186 185 184 181 176 171 166 161 156 150 148 148 148 148 148 148 148 146 142 138 134 130 126 122 121 122 124 125 126 128 129 129 128 127 126 125 123 122 123 126 128 131 133 135 138 139 139 140 140 140 140 141 145 152 158 165 171 178 184
134 132 131 129 128 127 134 140 146 153 159 165 172 179 187 194 202 210 217 223 221 219 217 215 214 212 210 207 204 202 199 196 194 192 191 191 190 190 189 189 187 181 176 170 165 160 154 151 151 151 151 151 151 151 149 145 141 136 132 127 123 121 123 124 125 126 127 129 129 127 126 125 124 123 122 123 126 128 131 134 137 140 141 141 141 141 141 142 142 147 154 162 169 176 183 191
139 138 136 135 133 133 139 145 151 158 164 170 176 184 193 201 209 217 225 230 228 226 223 221 219 216 214 211 208 205 203 200 197 195 195 195 195 195 195 195 193 187 181 175 169 163 157 154 154 154 154 154 154 154 151 147 142 137 132 127 123 121 122 123 124 125 127 128 128 126 125 124 123 122 121 122 125 128 131 134 137 140 141 142 142 142 142 143 143 148 156 164 172 179 187 195
153 153 153 153 153 153 159 165 171 177 183 189 196 205 214 224 233 242 251 257 253 249 245 241 237 233 229 226 223 220 216 213 210 208 208 208 208 208 207 207 204 196 188 180 172 164 156 151 151 150 150 150 150 149 147 142 138 133 129 124 119 118 119 120 122 123 124 125 125 124 123 122 121 120 120 121 123 126 129 132 134 137 138 139 140 140 141 142 142 148 155 162 170 177 185 192
168 169 170 171 172 174 180 185 191 197 203 209 215 226 236 247 257 267 278 284 278 272 266 261 255 249 244 240 237 234 230 227 224 221 221 221 220 220 219 219 215 205 195 185 174 164 154 148 148 147 147 146 146 145 143 138 134 129 125 121 116 115 116 117 119 120 121 123 123 122 121 121 120 119 118 119 122 124 127 129 131 134 135 136 137 139 140 141 142 147 154 161 168 175 182 189
182 185 187 189 191 194 200 206 211 217 222 228 235 247 258 270 281 293 304 311 303 296 288 280 273 265 259 255 251 248 244 241 237 235 234 233 233 232 232 231 226 214 202 189 177 165 153 146 145 144 143 142 142 141 138 134 130 126 121 117 113 112 113 115 116 117 119 120 120 120 119 119 118 118 117 118 120 122 124 126 129 131 132 134 135 137 138 140 141 146 153 160 166 173 179 186
197 200 204 207 211 215 220 226 231 237 242 248 254 267 280 293 305 318 331 338 328 319 310 300 291 281 273 270 266 262 258 254 250 248 247 246 245 245 244 243 237 223 208 194 180 166 151 143 142 141 140 139 138 137 134 130 126 122 118 114 110 109 110 112 113 115 116 118 118 118 117 117 117 116 116 117 119 120 122 124 126 127 129 131 133 135 137 139 141 146 152 158 164 170 176 183
211 216 221 225 230 235 240 246 251 256 262 267 274 288 302 316 329 343 357 365 354 342 331 320 309 297 288 284 280 276 272 268 264 261 260 259 258 257 256 255 248 232 215 199 183 166 150 140 139 138 136 135 134 132 130 126 122 118 114 110 107 106 107 109 110 112 114 115 116 116 115 115 115 115 115 116 117 118 120 121 123 124 126 129 131 133 136 138 140 145 151 157 162 168 174 179
225 232 238 244 250 256 261 266 271 276 281 286 294 309 324 339 354 369 384 392 379 366 353 340 327 314 303 299 295 290 286 282 277 274 273 272 270 269 268 267 259 240 222 204 185 167 149 137 136 134 133 131 130 128 125 122 118 114 111 107 103 103 104 106 108 109 111 113 113 113 113 113 113 113 113 114 115 116 118 119 120 121 123 126 129 132 134 137 140 145 150 155 160 166 171 176
239 246 253 259 266 273 278 283 288 293 298 303 310 325 341 357 372 388 403 412 397 383 369 354 340 326 314 310 305 300 295 291 286 282 281 279 278 277 275 274 265 246 226 206 187 167 147 135 134 132 130 128 126 125 122 119 115 112 108 105 102 101 103 104 106 107 109 111 111 112 112 112 112 112 113 113 114 116 117 118 119 120 122 125 128 131 134 137 140 145 150 154 159 164 169 174
249 255 262 268 275 281 285 290 295 300 304 309 316 330 345 359 374 389 403 411 396 382 368 354 340 325 314 308 303 297 292 286 281 276 275 273 271 269 268 266 258 239 220 202 183 165 146 135 133 131 129 128 126 124 122 119 116 113 110 107 104 103 105 106 107 108 110 111 112 112 112 112 112 112 112 114 116 118 120 122 124 125 128 131 133 136 138 141 144 147 151 155 159 163 167 171
259 265 271 277 283 288 293 297 302 306 311 315 322 335 349 362 376 390 403 410 396 381 367 353 339 325 313 307 301 294 288 281 275 270 268 266 264 262 260 258 250 232 215 198 180 163 145 134 133 131 129 127 125 123 121 119 116 114 111 109 107 106 107 108 109 109 110 111 112 112 112 112 112 112 112 114 117 120 122 125 128 131 133 136 138 140 142 145 147 150 153 156 160 163 166 169
270 275 280 286 291 296 300 305 309 313 317 322 328 340 353 365 378 390 403 409 395 381 367 353 339 325 313 306 298 291 284 277 270 264 262 259 257 255 252 250 242 226 210 193 177 160 144 134 132 130 128 126 125 123 121 119 117 115 113 111 109 108 109 109 110 110 111 111 112 112 112 112 112 112 112 114 118 122 125 129 133 136 139 141 143 145 147 148 150 153 155 157 160 162 165 167
280 285 289 294 299 304 308 312 316 320 324 328 334 345 357 368 380 391 403 408 394 380 366 352 338 324 312 304 296 288 280 272 264 258 255 253 250 247 245 242 235 219 204 189 174 158 143 134 132 130 128 126 124 122 120 119 117 116 115 113 112 111 111 111 111 111 111 112 112 112 112 112 112 112 112 115 119 124 128 133 137 142 144 146 147 149 151 152 154 155 157 158 160 162 163 165
290 294 299 303 307 311 315 319 323 327 331 334 340 350 361 371 382 392 403 407 393 379 366 352 338 324 312 303 294 285 276 268 259 252 249 246 243 240 237 234 227 213 199 184 170 156 142 133 131 129 127 125 123 121 120 119 118 117 116 115 114 114 113 113 113 112 112 112 112 112 112 112 112 112 112 115 120 126 131 136 142 147 150 151 152 153 155 156 157 158 159 159 160 161 162 163
300 304 308 312 315 319 323 326 330 334 337 341 346 355 365 374 383 393 402 406 392 379 365 351 337 324 311 302 292 282 273 263 253 246 243 239 236 233 230 226 219 206 193 180 167 154 141 133 131 129 127 125 123 121 120 119 119 118 118 117 117 116 115 115 114 113 113 112 112 112 112 111 111 111 111 115 121 128 134 140 147 153 155 156 157 158 159 159 160 160 160 160 160 160 160 160
308 312 315 318 321 325 328 331 335 338 341 345 349 357 366 374 382 390 398 401 388 375 361 348 335 321 309 300 290 281 271 262 253 245 242 238 234 231 227 224 217 204 191 179 166 154 141 133 131 129 127 125 123 121 120 120 120 120 120 119 119 119 118 117 116 115 114 113 112 112 112 112 112 112 112 116 123 129 136 143 150 157 159 160 160 161 161 162 162 162 162 161 161 160 159 159
311 314 316 319 322 324 327 331 334 337 340 343 347 353 360 366 373 379 386 387 375 363 350 338 326 313 303 296 289 283 276 269 263 257 253 249 245 241 238 234 226 212 198 185 171 157 143 135 133 131 130 128 126 125 124 123 123 123 123 123 122 122 121 120 118 117 116 115 115 114 114 114 114 114 113 117 124 130 137 143 150 156 159 159 160 161 161 162 162 162 162 161 160 160 159 159
314 316 318 320 322 324 327 330 333 336 339 342 345 350 354 359 363 368 373 373 362 351 339 328 317 305 296 292 288 284 281 277 273 269 264 260 256 252 248 244 235 220 206 191 176 161 146 137 135 134 132 131 129 128 127 127 126 126 126 126 125 125 123 122 121 120 119 117 117 117 116 116 116 115 115 119 125 131 137 143 150 156 158 159 160 160 161 162 162 162 162 161 160 160 159 159
317 318 319 321 322 324 327 329 332 335 337 340 343 346 348 351 354 357 360 359 349 339 328 318 308 297 290 289 287 286 285 284 283 280 276 272 267 263 258 254 245 229 213 197 180 164 148 138 137 136 135 134 132 131 130 130 130 129 129 129 128 128 126 125 124 122 121 120 119 119 118 118 118 117 117 120 126 132 138 144 149 155 158 159 159 160 161 162 163 162 162 161 160 160 159 158
319 320 321 322 323 324 326 329 331 333 336 338 341 342 343 344 345 346 347 346 336 327 318 308 299 290 283 285 287 288 290 291 293 292 287 283 278 273 269 264 254 237 220 202 185 168 151 140 139 138 137 136 135 134 134 133 133 133 132 132 132 131 129 128 126 125 124 122 121 121 120 120 119 119 119 122 127 133 138 144 149 155 157 158 159 160 161 162 163 162 162 161 160 160 159 158
322 322 323 323 323 324 326 328 330 332 335 337 338 338 337 336 336 335 334 332 323 315 307 298 290 282 277 281 286 290 294 298 303 304 299 294 289 284 279 274 264 245 227 208 190 171 153 142 141 141 140 139 138 138 137 137 136 136 135 135 135 134 132 131 129 127 126 124 123 123 122 122 121 121 120 123 128 134 139 144 149 154 157 158 159 160 161 162 163 162 162 161 160 160 159 158
325 325 324 324 323 323 325 327 329 331 333 335 336 334 331 329 326 324 321 318 310 303 296 288 281 274 271 278 285 292 299 306 313 316 310 305 300 294 289 284 273 253 234 214 195 175 155 144 143 143 142 142 141 141 140 140 139 139 139 138 138 137 135 133 132 130 128 127 126 125 124 124 123 123 122 125 130 135 139 144 149 154 156 157 158 159 160 161 163 162 162 161 160 160 159 158
