pluvio/pluvio-199.asc
ncols         252
nrows         154
xllcorner     -18.017974
yllcorner     13.481982
cellsize      0.035948
NODATA_value  -9999
[rows 0 to 61 of 154, columns 0 to 95 of 252]
1 1 0 0 1 1 1 2 2 2 3 3 4 5 6 7 8 8 10 12 14 15 17 19 21 22 21 21 21 21 21 21 21 20 20 20 19 19 18 19 19 19 19 19 19 20 20 19 19 19 19 18 18 19 19 20 21 21 22 23 23 23 23 23 23 23 23 22 21 20 19 18 17 16 16 16 17 17 18 18 18 16 14 12 10 8 6 4 4 4 4 4 4 4 3 3
1 1 0 0 1 1 1 1 2 2 2 3 4 5 6 7 7 8 10 12 13 15 17 19 21 21 21 21 21 21 21 21 21 21 20 20 20 19 19 19 20 20 20 20 20 21 21 21 21 21 21 21 21 22 23 24 24 25 26 27 27 27 27 26 26 26 26 24 23 22 20 19 17 16 16 16 16 16 16 16 16 15 13 11 9 7 5 3 3 3 3 3 3 3 3 2
1 1 1 0 0 1 1 1 1 1 2 2 3 4 5 6 7 8 10 12 13 15 17 19 20 21 21 21 21 21 21 21 21 21 21 20 20 20 20 20 20 21 21 21 21 22 22 22 23 23 23 24 24 25 26 27 28 29 30 31 31 30 30 30 29 29 29 27 25 23 21 20 18 16 16 16 15 15 15 15 15 13 11 9 7 5 4 2 2 2 2 2 2 2 2 1
1 1 1 0 0 1 1 1 1 1 1 2 3 4 5 6 7 8 10 12 13 15 17 18 20 21 21 21 21 21 21 21 21 21 21 21 21 21 21 21 21 21 22 22 22 23 23 24 24 25 25 26 27 28 29 30 32 33 34 35 35 34 34 33 32 32 31 29 27 25 23 20 18 16 16 15 15 14 14 13 13 11 9 8 6 4 2 1 1 1 1 1 1 1 1 1
1 1 1 0 0 0 1 1 1 1 1 2 3 4 5 6 7 8 10 12 13 15 17 18 20 21 21 21 21 21 21 21 21 21 21 21 21 21 21 21 22 22 22 23 23 23 24 25 26 27 28 29 30 31 32 33 34 35 36 37 37 36 35 35 34 33 33 31 28 26 24 22 20 17 17 16 16 15 14 14 13 11 10 8 6 4 3 1 1 1 1 1 1 1 1 1
1 1 0 0 0 0 0 1 1 1 1 1 3 4 5 6 7 8 10 11 13 15 17 19 20 21 21 21 21 21 21 21 21 21 21 21 21 21 21 21 22 22 23 23 24 24 25 27 28 29 30 31 33 33 34 35 35 36 37 37 37 36 36 35 35 34 33 31 30 28 26 24 22 20 19 18 18 17 16 15 15 13 11 9 8 6 4 3 2 2 2 2 2 2 1 1
1 0 0 0 0 0 0 1 1 1 1 1 3 4 5 6 7 8 9 11 13 15 17 19 21 21 21 21 21 21 21 21 21 21 21 21 21 21 21 21 22 23 23 24 25 25 27 28 30 31 33 34 36 36 36 37 37 37 37 38 37 37 36 35 35 34 34 32 31 29 27 26 24 23 22 21 20 19 18 17 16 14 13 11 9 7 6 4 4 4 3 3 3 3 2 2
0 0 0 0 0 0 0 0 1 1 1 1 2 3 5 6 7 8 9 11 13 15 17 19 21 21 21 21 21 21 21 21 21 21 21 21 21 21 21 21 22 23 24 25 25 26 28 30 31 33 35 37 39 39 39 39 38 38 38 38 37 37 36 36 35 35 34 33 32 30 29 28 26 25 24 23 22 21 20 19 18 16 14 13 11 9 7 6 5 5 4 4 4 3 3 3
0 0 0 0 0 0 0 0 1 1 1 1 2 3 4 5 6 7 9 11 13 15 17 19 21 22 22 22 22 21 21 21 21 21 21 21 21 21 21 21 22 23 24 25 26 27 29 31 33 35 38 40 42 42 41 40 40 39 39 38 38 37 37 36 36 35 35 34 33 32 31 30 29 28 26 25 24 23 22 21 19 18 16 14 12 11 9 7 7 6 6 5 5 4 4 3
0 0 0 0 0 0 0 0 0 1 1 1 2 3 4 5 6 7 9 11 13 15 17 19 21 22 22 22 22 22 22 21 21 21 21 21 21 21 20 21 22 23 25 26 27 28 30 33 35 38 40 42 45 44 43 42 41 40 39 38 38 37 37 37 36 36 35 35 34 33 32 32 31 30 29 28 26 25 24 22 21 19 17 16 14 12 10 9 8 7 7 6 6 5 5 4
0 0 0 0 0 0 0 0 0 1 1 1 2 3 4 5 6 7 9 11 13 15 17 19 22 22 22 22 22 22 22 22 21 21 21 21 21 21 20 21 23 24 25 26 28 29 31 34 37 40 42 45 48 47 46 44 43 41 40 38 38 38 37 37 37 36 36 35 35 34 34 34 33 33 31 30 28 27 26 24 23 21 19 17 15 14 12 10 9 9 8 7 7 6 5 5
0 0 0 0 0 0 0 0 1 1 1 1 2 3 4 5 6 7 8 11 13 15 17 20 22 23 22 22 22 22 22 22 22 22 22 21 21 21 21 22 23 24 25 26 28 29 31 34 37 40 43 46 49 48 47 45 43 42 40 39 38 38 38 37 37 37 36 36 36 35 35 35 34 34 32 31 30 28 27 25 24 22 20 18 17 15 13 11 11 10 9 9 8 7 7 6
0 0 0 0 0 1 1 1 1 1 1 2 3 3 4 5 6 7 8 11 13 15 18 20 22 23 23 23 23 23 23 23 23 22 22 22 22 22 22 22 23 24 25 26 27 28 31 34 37 40 43 46 49 48 47 45 43 42 40 39 38 38 38 38 37 37 37 37 36 36 35 35 34 34 33 31 30 29 27 26 25 23 21 20 18 16 14 12 12 11 11 10 10 9 8 7
0 0 0 0 1 1 1 1 1 1 1 2 3 3 4 5 6 6 8 11 13 15 18 20 22 23 23 23 23 23 24 24 23 23 23 23 23 23 22 23 24 24 25 26 26 27 30 33 36 40 43 46 49 49 47 45 44 42 40 39 38 38 38 38 38 38 38 37 37 36 36 35 35 34 33 32 31 29 28 27 26 24 22 21 19 17 15 14 13 13 12 12 11 11 10 9
1 1 1 1 1 1 1 1 1 2 2 2 3 4 4 5 6 6 8 11 13 15 18 20 23 24 24 24 24 24 24 24 24 24 24 24 24 23 23 24 24 25 25 25 26 26 29 33 36 39 43 46 49 49 47 45 44 42 40 39 38 38 38 38 38 38 38 38 37 37 36 35 35 34 33 32 31 30 29 28 27 25 23 22 20 18 16 15 14 14 13 13 13 12 12 10
1 1 1 1 1 1 1 2 2 2 2 3 3 4 4 5 6 6 8 10 13 15 18 21 23 24 24 24 25 25 25 25 25 25 25 25 24 24 24 24 24 25 25 25 25 26 28 32 35 39 42 46 49 49 47 45 44 42 40 39 38 39 39 39 39 39 39 38 38 37 36 36 35 34 33 32 31 30 29 28 27 26 24 23 21 19 18 16 16 15 15 14 14 14 13 11
1 1 1 1 1 1 2 2 2 2 3 3 3 4 4 5 5 6 8 10 13 16 18 21 23 24 25 25 25 25 26 26 26 26 26 25 25 25 25 25 25 25 25 25 25 25 28 31 35 39 42 46 50 49 47 45 44 42 40 39 39 39 39 39 39 39 39 39 38 37 37 36 35 35 34 33 32 31 30 29 28 27 25 24 22 20 19 17 17 17 16 16 16 15 15 13
1 1 1 1 1 2 2 2 2 3 3 3 4 4 5 5 5 6 8 10 13 16 18 21 24 25 25 25 26 26 26 27 27 26 26 26 26 26 26 26 25 25 25 25 24 24 27 31 34 38 42 46 50 49 47 45 44 42 40 39 39 39 39 39 40 40 40 39 39 38 37 36 36 35 34 33 32 32 31 30 29 28 26 25 23 21 20 18 18 18 18 17 17 17 16 14
1 1 2 2 2 2 2 2 3 3 3 3 4 4 5 5 6 6 8 10 13 16 18 21 24 25 25 25 26 26 27 27 27 27 27 27 27 27 27 27 26 26 26 25 25 25 28 31 35 39 42 46 50 49 47 46 44 42 40 39 39 39 39 40 40 40 41 40 39 39 38 37 37 36 35 34 34 33 32 31 31 29 28 26 25 23 22 20 20 19 19 19 18 18 18 15
2 2 2 2 3 3 3 3 3 3 3 4 4 5 5 5 6 6 8 11 13 16 18 21 23 24 25 25 26 26 27 27 27 28 28 28 28 28 28 28 28 28 27 27 27 27 29 33 36 40 43 47 50 49 48 46 44 42 41 39 39 39 40 40 41 41 41 41 40 40 39 39 38 37 37 36 35 35 34 33 32 31 29 28 27 25 24 22 22 21 21 20 20 19 19 17
2 3 3 3 3 3 3 3 3 3 3 4 4 5 5 6 6 7 8 11 13 16 18 20 23 24 24 25 26 26 27 27 28 28 28 29 29 29 29 29 29 29 29 29 29 29 31 34 38 41 44 47 51 50 48 46 44 42 41 39 39 40 40 41 41 41 42 42 41 41 40 40 40 39 38 38 37 36 36 35 34 33 31 30 28 27 26 24 24 23 22 22 21 20 20 18
3 3 3 4 4 4 4 4 4 4 4 4 4 5 6 6 7 7 9 11 13 15 18 20 22 23 24 25 26 26 27 28 28 29 29 29 30 30 31 31 31 31 31 31 31 31 33 36 39 42 45 48 51 50 48 46 44 43 41 39 39 40 40 41 41 42 43 42 42 42 42 41 41 41 40 39 39 38 37 37 36 35 33 32 30 29 28 26 25 25 24 23 22 22 21 19
3 4 4 4 4 4 4 4 4 4 4 4 5 5 6 6 7 8 9 11 13 15 18 20 22 23 24 25 25 26 27 28 28 29 30 30 31 31 32 32 32 32 32 32 33 33 35 38 40 43 46 49 51 50 48 47 45 43 41 39 39 40 41 41 42 43 43 43 43 43 43 43 43 43 42 41 41 40 39 38 38 36 35 34 32 31 30 28 27 26 26 25 24 23 22 20
4 4 5 5 5 5 5 4 4 4 4 4 5 5 6 7 7 8 9 11 13 15 17 19 21 23 24 24 25 26 27 28 29 30 30 31 32 32 33 34 34 34 34 34 34 35 37 39 42 44 47 49 52 51 49 47 45 43 41 39 39 40 41 42 42 43 44 44 44 44 44 44 44 44 44 43 42 42 41 40 40 38 37 36 34 33 32 30 29 28 27 26 25 24 23 21
4 5 5 6 6 5 5 5 5 4 4 4 5 6 6 7 8 8 10 12 13 15 17 19 21 22 23 24 25 26 27 28 29 30 31 32 33 34 34 35 35 35 36 36 36 36 38 41 43 45 48 50 52 51 49 47 45 43 41 39 40 40 41 42 43 44 44 45 45 45 45 45 46 46 45 45 44 43 43 42 41 40 39 38 36 35 34 32 31 30 29 28 26 25 24 23
5 5 5 6 6 6 5 5 5 5 5 5 6 6 7 8 9 9 11 12 14 16 17 19 21 22 22 23 24 25 26 27 27 28 29 30 31 32 33 34 34 34 34 35 35 35 37 39 41 43 45 47 49 48 46 44 43 41 39 37 38 39 40 40 41 42 43 44 44 44 45 45 46 46 46 45 45 44 43 43 42 41 39 37 36 34 32 31 30 28 27 26 25 23 22 21
5 5 6 6 6 6 6 6 5 5 5 6 6 7 8 9 10 11 12 14 15 16 18 19 20 21 21 22 22 23 23 24 25 26 27 27 28 29 30 31 31 31 32 32 32 32 34 36 38 39 41 43 45 44 42 41 39 37 36 34 35 36 37 38 39 40 41 42 42 43 44 45 45 46 46 45 45 44 44 43 43 40 38 36 34 32 29 27 26 25 24 22 21 20 19 18
5 5 6 6 6 6 6 6 6 6 6 6 7 8 9 10 11 13 14 15 16 17 18 19 20 20 20 21 21 21 21 21 22 23 24 25 26 26 27 28 28 28 29 29 29 30 31 33 34 36 37 39 40 39 38 37 35 34 33 31 32 33 34 35 36 37 38 40 41 42 43 44 45 46 45 45 45 44 44 43 43 40 38 35 32 29 26 24 23 21 20 19 18 17 15 15
5 5 6 6 6 6 6 6 6 6 6 7 8 9 10 12 13 14 15 16 16 17 18 19 19 20 19 19 19 19 19 19 19 20 21 22 23 24 25 25 25 26 26 26 27 27 28 29 31 32 33 34 36 35 34 33 32 31 29 28 29 30 32 33 34 35 36 38 39 40 42 43 44 46 45 45 45 44 44 44 43 40 37 33 30 27 23 20 19 18 17 16 14 13 12 12
5 6 6 6 6 6 6 6 6 7 7 7 9 10 12 13 14 16 16 17 17 18 18 19 19 19 18 18 17 17 16 16 16 17 18 19 20 21 22 22 23 23 23 23 24 24 25 26 27 28 29 30 31 31 30 29 28 27 26 25 26 28 29 30 31 33 34 36 37 39 40 42 44 45 45 45 45 45 44 44 44 40 36 32 28 24 20 17 16 14 13 12 11 10 9 8
5 6 6 6 6 6 7 7 7 7 7 8 10 11 13 14 16 17 18 18 18 18 18 19 19 18 17 17 16 15 14 13 14 15 15 16 17 18 19 19 20 20 20 21 21 21 22 23 24 24 25 26 27 26 26 25 24 24 23 22 24 25 26 28 29 30 32 34 35 37 39 41 43 45 45 45 45 45 45 44 44 40 35 31 26 22 17 13 12 11 10 9 8 7 6 5
6 6 6 6 6 7 7 7 7 7 8 9 10 12 14 15 17 19 19 19 19 19 19 18 18 18 16 15 14 13 12 11 11 12 13 14 14 15 16 17 17 17 18 18 18 19 19 20 20 21 21 22 22 22 21 21 21 20 20 19 21 22 24 25 26 28 29 32 34 36 38 40 43 45 45 45 45 45 45 45 45 40 35 30 24 19 14 10 9 7 6 5 4 3 2 2
6 6 6 6 6 7 7 8 8 8 9 10 12 14 15 17 19 21 21 21 21 21 21 20 20 19 18 16 15 14 12 11 11 12 12 13 14 15 15 16 16 17 17 18 18 18 19 20 20 21 22 22 23 23 22 22 22 21 21 20 22 23 24 26 27 29 30 32 34 37 39 41 43 45 45 45 45 45 45 45 45 40 35 30 25 20 15 10 9 7 6 5 4 2 1 2
5 5 6 6 6 7 8 8 9 10 10 12 14 15 17 19 21 23 23 23 23 23 23 23 23 22 20 19 17 15 14 12 12 12 13 14 14 15 16 16 17 17 18 18 19 19 20 21 22 23 24 25 26 26 26 25 24 24 23 23 24 25 27 28 30 31 32 34 36 38 40 42 44 46 46 46 46 45 45 45 45 40 35 30 26 21 16 12 10 9 7 6 4 3 2 3
5 5 5 6 6 7 8 9 10 11 12 14 15 17 19 21 23 25 26 26 26 26 26 26 26 25 23 21 19 17 15 13 13 13 14 14 15 15 16 17 17 18 18 19 19 20 21 23 24 25 27 28 30 29 29 28 27 27 26 25 26 28 29 31 32 33 35 36 38 40 42 43 45 47 47 46 46 46 45 45 44 40 36 31 27 22 18 14 12 10 8 7 5 3 2 4
5 5 5 5 6 7 9 10 11 12 14 15 17 19 21 23 25 27 28 28 28 28 29 29 29 27 25 23 21 19 16 14 14 14 15 15 15 16 16 17 17 18 19 19 20 21 22 24 26 28 29 31 33 33 32 31 30 30 29 28 29 30 32 33 34 35 37 38 40 42 43 45 46 48 47 47 46 46 45 45 44 40 36 32 28 24 19 15 13 12 10 8 6 4 2 5
5 5 5 5 6 8 9 11 12 14 15 17 19 21 23 25 27 29 30 30 31 31 31 31 32 30 28 25 23 20 18 15 15 15 15 16 16 16 17 17 18 19 19 20 21 21 23 25 28 30 32 34 36 36 35 34 33 32 31 30 31 33 34 35 36 38 39 40 42 43 45 46 47 49 48 48 47 46 46 45 44 40 36 33 29 25 21 17 15 13 11 8 6 4 3 6
4 5 5 5 6 8 10 11 13 15 17 19 21 23 25 27 29 31 32 33 33 33 34 34 35 33 30 27 25 22 19 16 16 16 16 16 16 17 17 17 18 19 20 21 21 22 24 27 29 32 35 37 40 39 38 37 36 35 34 33 34 35 36 38 39 40 41 42 44 45 46 47 48 50 49 48 47 46 46 45 44 40 37 33 30 26 23 19 17 14 12 9 7 5 3 7
4 4 4 5 6 8 10 12 14 16 18 21 23 25 27 29 31 33 34 35 35 36 36 37 37 36 33 30 27 24 20 17 17 17 17 17 17 17 17 18 19 19 20 21 22 23 25 28 31 34 37 40 43 43 41 40 39 38 37 35 36 38 39 40 41 42 43 44 45 46 47 49 50 51 50 49 48 47 46 45 44 41 37 34 31 27 24 21 18 16 13 10 8 5 3 8
5 5 6 6 7 9 11 13 16 18 20 22 24 26 28 30 32 34 35 36 37 37 38 38 39 37 34 30 27 24 21 18 17 17 17 17 17 17 18 18 19 20 21 22 23 24 27 30 34 37 40 44 47 46 45 43 41 40 38 36 37 38 39 40 42 43 44 45 46 47 48 48 49 50 49 48 47 46 45 45 44 41 38 35 32 29 26 24 21 19 16 14 11 8 7 12
6 7 7 8 9 11 13 15 17 19 21 23 25 27 29 31 33 35 36 37 37 38 38 39 39 37 34 31 28 24 21 18 17 17 17 18 18 18 18 19 20 21 22 23 24 25 28 32 36 40 44 47 51 50 48 46 43 41 39 36 37 38 39 41 42 43 44 45 45 46 47 48 49 49 49 48 47 46 45 44 43 41 38 36 34 31 29 27 24 22 20 18 15 13 12 16
8 8 9 9 11 13 15 17 19 21 23 25 26 28 30 32 34 36 37 37 38 38 39 39 39 37 34 31 28 25 21 18 17 18 18 18 18 19 19 20 21 22 23 24 25 26 30 34 38 43 47 51 56 54 51 48 45 42 40 37 37 38 39 41 42 43 44 45 45 46 47 47 48 49 48 47 46 45 45 44 43 41 39 37 35 33 32 30 28 26 24 22 20 18 16 20
9 10 10 11 12 14 16 18 20 22 24 26 28 29 31 33 35 36 37 38 38 39 39 39 40 38 35 31 28 25 21 18 17 18 18 18 19 19 19 20 21 23 24 25 26 27 31 36 41 45 50 55 60 58 54 51 47 44 40 37 37 38 40 41 42 43 44 44 45 46 46 47 47 48 47 46 46 45 44 43 43 41 40 38 37 35 34 33 31 29 28 26 24 22 21 24
10 11 12 13 14 16 18 20 22 24 25 27 29 30 32 34 35 37 38 38 39 39 40 40 40 38 35 32 28 25 22 18 18 18 18 19 19 20 20 21 22 23 24 26 27 28 32 38 43 48 53 59 64 61 57 53 49 45 41 37 38 39 40 41 42 43 44 44 45 45 46 46 47 47 46 46 45 44 44 43 42 41 40 39 38 38 37 36 34 33 31 30 28 27 26 28
11 12 13 14 16 18 19 21 23 25 27 28 30 32 33 35 36 38 38 39 39 40 40 40 41 39 35 32 29 25 22 18 18 18 19 19 20 20 21 22 23 24 25 27 28 29 34 39 45 51 57 62 68 65 60 56 51 47 42 37 38 39 40 41 42 43 44 44 45 45 45 46 46 46 46 45 45 44 43 43 42 41 41 41 40 40 39 39 37 36 35 34 33 32 31 32
13 14 15 16 18 19 21 23 25 26 28 30 31 33 34 35 37 38 39 39 40 40 41 41 41 39 36 32 29 25 22 19 18 19 19 20 20 21 21 22 24 25 26 27 29 30 35 41 47 54 60 66 72 69 64 58 53 48 43 37 38 39 40 41 42 43 44 44 44 45 45 45 45 46 45 45 44 43 43 42 42 42 42 42 42 42 42 42 41 40 39 38 37 36 36 36
14 15 17 18 19 21 23 24 26 28 29 31 32 33 35 36 37 39 40 40 40 41 41 41 42 40 36 33 29 26 23 19 18 19 20 20 21 21 22 23 24 25 27 28 29 31 36 42 48 54 60 66 72 69 64 59 53 48 43 38 38 39 40 41 42 43 43 44 44 44 45 45 45 45 45 44 44 43 43 42 42 42 42 42 41 41 41 41 40 39 39 38 37 36 36 36
15 16 18 20 21 23 24 26 27 29 30 32 33 34 35 37 38 39 40 40 41 41 42 42 42 40 37 34 30 27 23 20 19 20 20 21 21 22 22 23 25 26 27 29 30 31 36 42 48 54 60 66 72 68 63 58 53 48 43 38 38 39 40 41 42 42 43 43 44 44 44 45 45 45 45 44 44 44 43 43 42 42 41 41 41 40 40 39 39 38 38 37 36 36 35 35
16 18 20 22 23 25 26 27 29 30 31 33 34 35 36 37 39 40 41 41 41 42 42 43 43 41 38 34 31 27 24 21 20 20 21 21 21 22 22 23 25 26 28 29 31 32 37 43 48 54 60 65 71 68 63 58 53 48 43 39 39 39 40 41 41 42 43 43 43 44 44 44 45 45 45 44 44 44 43 43 43 42 41 41 40 39 39 38 37 37 36 36 35 35 34 34
17 19 21 24 26 27 28 29 30 31 32 34 35 36 37 38 39 40 41 42 42 42 43 43 44 42 38 35 31 28 25 21 20 21 21 22 22 22 23 24 25 27 28 30 31 33 38 43 48 54 59 65 70 67 62 58 53 48 44 39 39 40 40 41 41 42 42 43 43 43 44 44 44 45 45 44 44 44 44 43 43 42 41 40 39 38 37 36 36 36 35 35 34 34 33 33
18 20 23 26 28 29 29 30 31 32 33 34 36 37 38 39 40 41 42 42 42 43 43 44 44 42 39 35 32 29 25 22 21 21 22 22 22 23 23 24 26 27 29 30 32 34 38 43 48 54 59 64 69 66 62 57 53 48 44 39 39 40 40 41 41 42 42 42 43 43 44 44 44 45 44 44 44 44 44 44 43 42 41 40 39 37 36 35 35 34 34 34 33 33 32 32
19 22 25 28 30 30 31 32 33 34 34 35 36 37 38 39 40 41 42 43 43 44 44 44 45 43 40 36 33 29 26 23 22 22 22 22 23 23 23 24 26 28 29 31 33 34 39 44 49 54 59 63 68 66 61 57 53 48 44 40 40 40 40 41 41 41 42 42 42 43 43 44 44 44 44 44 44 44 44 44 44 42 41 39 38 36 35 33 33 33 33 32 32 32 32 31
20 23 26 30 32 32 33 34 34 35 35 36 37 38 39 40 41 42 43 43 44 44 45 45 46 44 40 37 33 30 27 23 22 23 23 23 23 23 23 25 26 28 30 32 33 35 39 44 49 53 58 63 68 65 61 57 53 48 44 40 40 40 40 41 41 41 41 42 42 43 43 43 44 44 44 44 44 44 44 44 44 42 41 39 37 35 34 32 32 32 31 31 31 31 31 30
18 20 23 26 28 29 29 30 30 31 32 32 33 34 35 37 38 39 39 40 40 41 41 42 42 40 37 34 31 27 24 21 20 20 20 20 20 21 21 22 23 25 27 28 30 31 35 39 44 48 53 57 62 59 56 52 48 45 41 37 37 37 37 38 38 38 38 39 39 39 40 40 41 41 41 41 41 41 41 41 41 40 38 37 35 34 33 31 31 32 32 32 32 32 32 32
15 17 20 22 24 24 25 25 26 26 27 28 29 30 31 32 33 34 35 36 36 37 37 38 38 37 33 30 27 24 21 18 17 17 17 17 17 17 18 19 20 21 22 24 25 26 30 34 38 42 46 50 55 53 49 46 43 40 37 34 34 34 34 34 34 34 34 35 35 36 36 37 37 37 37 38 38 38 38 38 38 37 36 35 34 33 32 31 31 32 32 33 33 34 34 33
12 14 16 18 19 20 20 21 21 22 22 23 24 25 27 28 29 30 31 32 32 33 33 34 34 33 30 27 24 21 18 15 14 14 14 14 14 14 14 15 16 17 18 19 21 22 25 29 32 36 40 44 47 46 43 41 38 36 33 30 30 30 30 30 30 31 31 31 32 32 32 33 33 34 34 34 34 34 34 34 34 34 33 32 32 31 31 30 31 32 33 34 35 36 36 35
9 11 12 14 15 15 16 16 17 17 17 18 20 21 22 24 25 26 27 28 28 29 29 30 31 29 26 23 20 17 14 12 11 11 11 11 11 11 11 12 13 13 14 15 16 17 20 23 27 30 34 37 40 39 37 35 33 31 29 27 27 27 27 27 27 27 27 27 28 28 29 29 30 30 30 30 30 30 31 31 31 31 30 30 30 30 30 30 31 32 33 35 36 37 38 37
6 8 9 10 11 11 11 12 12 12 13 13 15 16 18 19 21 22 23 24 24 25 25 26 27 25 22 19 17 14 11 8 8 8 8 8 8 8 8 8 9 10 10 11 11 12 15 18 21 24 27 30 33 33 31 30 28 26 25 23 23 23 23 23 23 23 23 24 24 25 25 25 26 26 26 27 27 27 27 27 27 28 28 28 28 28 29 29 31 32 34 36 37 39 40 38
4 4 5 6 6 6 7 7 7 7 8 9 10 12 13 15 17 18 19 20 20 21 21 22 23 21 18 16 13 11 8 5 5 5 5 5 5 5 5 5 5 6 6 7 7 7 10 12 15 18 21 24 26 26 25 24 23 22 21 20 20 20 20 20 20 20 20 20 20 21 21 22 22 22 23 23 23 23 23 24 24 24 25 26 26 27 28 28 30 32 34 36 38 40 42 40
1 1 1 1 2 2 2 2 3 3 3 4 6 7 9 11 12 14 15 16 16 17 17 18 19 17 15 12 10 7 5 2 2 2 2 2 2 2 2 2 2 2 2 2 2 2 4 7 9 12 14 17 19 19 19 18 18 17 17 16 16 16 16 16 16 16 16 16 17 17 18 18 18 19 19 19 19 20 20 20 20 21 22 23 25 26 27 28 30 33 35 37 40 42 44 42
1 1 1 1 1 1 1 2 2 2 2 3 5 6 8 9 11 13 14 14 14 15 15 16 16 15 13 11 8 6 4 2 1 1 1 1 1 1 1 1 1 1 2 2 2 2 4 6 9 11 14 16 19 19 18 18 17 17 16 16 16 16 16 16 16 16 16 16 16 17 17 17 18 18 18 18 19 19 19 19 19 20 21 22 23 24 25 26 29 31 34 36 39 41 43 42
1 1 1 1 1 1 1 1 2 2 2 3 4 6 7 9 10 11 12 12 13 13 13 14 14 13 11 9 7 6 4 2 1 1 1 1 1 1 1 1 1 1 2 2 2 2 4 6 9 11 14 16 19 19 18 18 17 17 16 16 16 16 16 16 16 16 16 16 17 17 17 17 18 18 18 18 18 18 18 19 19 20 20 21 22 23 24 25 27 30 33 35 38 41 43 41
