pluvio/pluvio-90.asc
ncols         252
nrows         154
xllcorner     -18.017974
yllcorner     13.481982
cellsize      0.035948
NODATA_value  -9999
[rows 51 to 101 of 154, columns 96 to 191 of 252]
3 3 3 2 2 2 2 1 1 1 1 1 1 1 1 1 1 1 1 1 1 1 1 1 1 2 2 2 2 2 2 3 3 3 3 3 3 3 3 3 4 4 4 4 4 4 4 4 4 4 4 4 4 5 5 5 6 6 6 7 7 7 7 8 8 8 9 9 10 10 11 11 11 12 12 13 13 14 14 14 14 13 13 13 13 13 12 12 12 12 12 12 11 11 11 10
3 3 3 3 2 2 2 1 1 1 1 1 1 1 1 1 1 1 1 1 1 1 1 1 1 2 2 2 2 2 2 3 3 3 3 3 3 4 4 4 4 4 4 4 4 4 4 4 4 4 4 4 5 5 6 6 6 7 7 7 8 8 8 9 9 10 10 10 11 11 12 12 13 13 14 14 14 15 15 15 15 15 14 14 14 14 14 13 13 13 13 13 12 12 12 12
4 3 3 3 2 2 2 2 1 1 1 1 1 1 1 1 1 1 1 1 1 1 1 1 2 2 2 2 2 2 3 3 3 3 3 3 4 4 4 4 4 4 4 4 4 4 4 4 4 4 4 5 5 6 6 6 7 7 8 8 9 9 9 10 10 11 11 12 12 13 13 13 14 14 15 15 16 16 17 16 16 16 16 15 15 15 15 15 14 14 14 14 13 13 13 13
4 4 3 3 3 2 2 2 2 1 1 1 1 1 1 1 1 1 1 1 1 1 1 1 2 2 2 2 2 2 3 3 3 3 3 3 4 4 4 4 4 4 4 4 4 4 4 4 5 5 5 5 6 6 7 7 7 8 8 9 9 10 10 11 11 12 12 13 13 14 14 15 15 16 16 17 17 18 18 18 17 17 17 17 16 16 16 16 15 15 15 15 14 14 14 14
4 4 4 3 3 3 2 2 2 2 2 2 2 2 2 2 2 2 2 2 2 1 1 2 2 2 2 2 2 3 3 3 3 3 3 4 4 4 4 4 4 4 4 4 4 5 5 5 5 5 5 5 6 7 7 8 8 9 9 10 10 11 11 12 12 13 13 14 14 15 15 16 16 17 17 18 18 19 19 19 19 18 18 18 18 17 17 17 16 16 16 16 15 15 15 15
4 4 4 3 3 3 3 2 2 2 2 2 2 2 2 2 2 2 2 2 2 2 2 2 2 2 2 2 3 3 3 3 3 3 3 4 4 4 4 4 4 4 4 5 5 5 5 5 5 5 5 6 6 7 8 8 9 9 10 11 11 12 12 13 13 14 14 15 16 16 17 17 18 18 19 19 20 20 21 20 20 20 19 19 19 18 18 18 18 17 17 17 16 16 16 16
5 4 4 4 3 3 3 2 2 2 2 2 2 2 2 2 2 2 2 2 2 2 2 2 2 2 2 2 3 3 3 3 3 3 4 4 4 4 4 4 4 4 5 5 5 5 5 5 5 5 6 6 7 7 8 9 9 10 11 11 12 13 13 14 15 15 16 16 17 17 18 18 19 19 20 20 21 21 22 22 21 21 21 20 20 20 19 19 19 18 18 18 17 17 17 17
5 5 4 4 4 3 3 3 2 2 2 2 2 2 2 2 2 2 2 2 2 2 2 2 2 2 2 3 3 3 3 3 3 3 4 4 4 4 4 4 4 5 5 5 5 5 5 5 6 6 6 7 7 8 9 9 10 11 11 12 13 14 14 15 16 16 17 17 18 18 19 19 20 21 21 22 22 23 23 23 22 22 22 21 21 21 20 20 20 19 19 19 18 18 18 18
5 5 5 4 4 3 3 3 2 2 2 2 2 2 2 2 2 2 2 2 2 2 2 2 2 2 2 3 3 3 3 3 3 4 4 4 4 4 4 4 5 5 5 5 5 5 6 6 6 6 6 7 8 8 9 10 11 11 12 13 14 14 15 16 17 17 18 18 19 20 20 21 21 22 22 23 23 24 24 24 24 23 23 23 22 22 22 21 21 20 20 20 19 19 19 19
6 5 5 4 4 4 3 3 3 2 2 2 2 2 2 2 2 2 2 2 2 2 2 2 2 2 3 3 3 3 3 3 4 4 4 4 4 4 4 5 5 5 5 5 5 6 6 6 6 6 6 7 8 9 10 10 11 12 13 14 15 15 16 17 18 18 19 20 20 21 21 22 22 23 24 24 25 25 26 25 25 25 24 24 23 23 23 22 22 22 21 21 20 20 20 20
6 5 5 5 4 4 4 3 3 3 3 3 3 2 2 2 2 2 2 2 2 2 2 2 2 3 3 3 3 3 3 3 4 4 4 4 4 4 5 5 5 5 5 5 6 6 6 6 6 7 7 8 8 9 10 11 12 13 14 15 15 16 17 18 19 20 20 21 21 22 23 23 24 24 25 25 26 27 27 27 26 26 25 25 25 24 24 23 23 23 22 22 21 22 22 22
6 6 5 5 5 4 4 3 3 3 3 3 3 3 3 3 2 2 2 2 2 2 2 2 3 3 3 3 3 3 3 4 4 4 4 4 4 4 5 5 5 5 5 6 6 6 6 6 7 7 7 8 9 10 11 12 13 13 14 15 16 17 18 19 20 21 21 22 22 23 24 24 25 26 26 27 27 28 28 28 28 27 27 26 26 25 25 25 24 24 23 23 23 23 23 23
7 6 6 5 5 4 4 4 3 3 3 3 3 3 3 3 3 3 3 3 3 2 2 3 3 3 3 3 3 3 4 4 4 4 4 4 5 5 5 5 5 6 6 6 6 6 7 7 7 7 8 8 9 10 11 12 13 14 15 16 17 18 19 20 21 22 23 23 24 24 25 26 26 27 28 28 29 30 30 30 29 29 28 28 28 27 27 26 26 25 25 25 24 24 24 24
7 6 6 6 5 5 4 4 3 3 3 3 3 3 3 3 3 3 3 3 3 3 3 3 3 3 3 4 4 4 4 4 4 5 5 5 5 5 5 6 6 6 7 7 7 7 8 8 8 8 9 10 11 12 13 14 15 16 17 18 19 20 21 22 23 23 24 25 25 26 27 28 28 29 30 30 31 32 32 32 32 31 31 30 30 30 29 29 28 28 28 27 27 27 27 27
7 7 6 6 5 5 4 4 3 3 3 3 3 3 3 3 3 3 3 3 3 3 3 3 3 4 4 4 4 4 4 5 5 5 5 5 5 6 6 6 7 7 7 7 8 8 8 9 9 9 10 11 12 13 14 15 16 17 18 19 20 21 22 23 24 25 25 26 27 28 29 29 30 31 32 33 33 34 35 34 34 34 33 33 33 32 32 31 31 31 30 30 30 30 30 30
8 7 7 6 6 5 5 4 4 3 3 3 3 3 3 3 3 3 3 3 3 3 3 4 4 4 4 4 4 5 5 5 5 5 6 6 6 6 7 7 7 8 8 8 9 9 9 10 10 10 11 12 13 14 15 16 17 18 19 20 21 22 23 24 25 26 27 28 29 30 30 31 32 33 34 35 35 36 37 37 36 36 36 35 35 35 34 34 34 33 33 33 32 32 32 32
8 8 7 6 6 5 5 4 4 4 4 4 4 4 4 4 4 4 4 4 4 4 4 4 4 4 4 5 5 5 5 5 6 6 6 6 6 7 7 7 8 8 9 9 9 10 10 10 11 11 12 13 14 15 16 17 18 19 20 21 22 23 24 26 27 28 28 29 30 31 32 33 34 35 36 37 38 39 39 39 39 38 38 38 38 37 37 37 36 36 36 35 35 35 35 35
9 8 7 7 6 6 5 4 4 4 4 4 4 4 4 4 4 4 4 4 4 4 4 4 4 5 5 5 5 5 6 6 6 6 6 7 7 7 8 8 8 9 9 10 10 10 11 11 12 12 13 14 15 16 17 18 19 20 21 22 24 25 26 27 28 29 30 31 32 33 34 35 36 37 38 39 40 41 42 41 41 41 41 40 40 40 40 39 39 39 38 38 38 38 38 38
9 8 8 7 7 6 5 5 4 4 4 4 4 4 4 4 4 4 4 4 4 4 4 5 5 5 5 5 6 6 6 6 6 7 7 7 7 8 8 9 9 9 10 10 11 11 12 12 13 13 14 15 16 17 18 19 20 21 23 24 25 26 27 28 29 30 31 32 34 35 36 37 38 39 40 41 42 43 44 44 43 43 43 43 43 42 42 42 42 41 41 41 41 41 40 40
9 9 8 7 7 6 5 5 4 4 4 4 4 4 4 4 4 4 4 5 5 5 5 5 5 5 6 6 6 6 6 7 7 7 7 7 8 8 9 9 10 10 11 11 12 12 13 13 14 14 15 16 17 18 19 20 21 23 24 25 26 27 28 30 31 32 33 34 35 36 37 39 40 41 42 43 44 45 46 46 46 46 45 45 45 45 45 44 44 44 44 44 43 43 43 43
10 9 8 8 7 6 6 5 4 4 4 4 4 4 4 5 5 5 5 5 5 5 5 5 5 6 6 6 6 7 7 7 7 7 8 8 8 9 9 10 10 11 11 12 12 13 13 14 14 15 16 17 18 19 20 21 23 24 25 26 27 28 30 31 32 33 34 36 37 38 39 40 42 43 44 45 46 47 48 48 48 48 48 48 48 47 47 47 47 47 47 46 46 46 46 46
10 10 9 8 7 7 6 5 4 4 4 4 5 5 5 5 5 5 5 5 5 5 5 6 6 6 6 6 7 7 7 7 8 8 8 8 9 9 10 10 11 11 12 13 13 14 14 15 15 16 17 18 19 20 21 23 24 25 26 27 29 30 31 32 33 35 36 37 38 40 41 42 43 45 46 47 48 50 51 51 51 50 50 50 50 50 50 50 50 49 49 49 49 49 48 48
11 10 9 8 8 7 6 5 5 4 5 5 5 5 5 5 5 5 5 5 5 6 6 6 6 6 7 7 7 7 8 8 8 8 9 9 9 10 10 11 11 12 13 13 14 14 15 16 16 17 18 19 20 21 22 24 25 26 27 29 30 31 32 33 35 36 37 39 40 41 43 44 45 47 48 49 51 52 53 53 53 53 53 53 53 52 52 52 52 52 52 52 52 51 51 51
11 10 10 9 8 7 6 6 5 5 5 5 5 5 5 5 5 5 6 6 6 6 6 6 6 7 7 7 7 8 8 8 8 9 9 9 10 10 11 11 12 13 13 14 15 15 16 17 17 18 19 20 21 22 24 25 26 27 29 30 31 32 34 35 36 37 39 40 42 43 44 46 47 49 50 51 53 54 55 55 55 55 55 55 55 55 55 55 55 55 55 55 54 54 54 53
12 11 10 9 8 7 7 6 5 5 5 5 5 5 5 5 6 6 6 6 6 6 6 7 7 7 7 8 8 8 8 9 9 9 9 10 10 11 11 12 13 13 14 15 15 16 17 17 18 19 20 21 22 23 25 26 27 28 30 31 32 34 35 36 37 39 40 42 43 45 46 48 49 51 52 53 55 56 58 58 58 58 58 58 58 57 57 57 57 57 57 57 57 57 57 56
12 11 10 9 8 8 7 6 5 5 5 5 5 5 6 6 6 6 6 6 6 6 7 7 7 7 8 8 8 8 9 9 9 10 10 10 10 11 12 13 13 14 15 15 16 17 18 18 19 20 21 22 23 24 26 27 28 30 31 32 34 35 36 37 39 40 42 43 45 46 48 49 51 53 54 56 57 59 60 60 60 60 60 60 60 60 60 60 60 60 60 60 60 60 59 59
14 13 12 11 10 9 8 7 6 6 6 6 6 6 6 7 7 7 7 7 7 7 7 8 8 8 8 9 9 9 10 10 10 11 11 11 11 12 13 14 14 15 16 16 17 18 19 19 20 21 22 23 24 25 27 28 29 31 32 33 35 36 37 39 40 41 43 45 46 48 49 51 52 54 56 57 59 60 62 62 62 62 62 62 62 62 62 62 62 62 62 62 62 61 61 61
18 16 15 14 13 12 11 9 8 8 8 8 8 8 8 8 8 8 8 8 8 8 8 9 9 9 10 10 10 11 11 11 12 12 12 13 13 14 14 15 16 16 17 18 18 19 20 20 21 22 23 24 25 26 28 29 30 32 33 34 36 37 38 40 41 42 44 46 47 49 50 52 53 55 57 58 60 61 63 63 63 63 63 63 63 63 63 63 63 63 63 63 63 63 62 62
21 20 18 17 16 14 13 12 10 10 10 10 10 10 10 10 9 9 9 9 9 9 9 10 10 10 11 11 12 12 12 13 13 13 14 14 15 15 16 17 17 18 18 19 20 20 21 22 22 23 24 25 26 27 29 30 31 33 34 35 37 38 39 41 42 43 45 47 48 50 51 53 54 56 58 59 61 62 64 64 64 64 64 64 64 64 64 64 64 64 64 64 64 64 63 63
25 23 22 20 19 17 15 14 12 12 12 11 11 11 11 11 11 11 11 11 10 10 10 11 11 11 12 12 13 13 14 14 15 15 15 16 16 17 17 18 19 19 20 20 21 22 22 23 23 24 25 26 27 28 30 31 32 34 35 36 38 39 40 41 43 44 46 48 49 51 52 54 56 57 59 60 62 63 65 65 65 65 65 65 65 65 65 65 65 65 65 65 65 65 64 64
28 27 25 23 21 20 18 16 14 14 13 13 13 13 13 13 12 12 12 12 12 11 11 12 12 13 13 14 14 14 15 15 16 16 17 17 18 18 19 20 20 21 21 22 22 23 23 24 24 25 26 27 28 29 31 32 33 35 36 37 39 40 41 42 44 45 47 49 50 52 53 55 57 58 60 61 63 65 66 66 66 66 66 66 66 66 66 66 66 66 66 66 66 66 65 65
32 30 28 26 24 22 20 18 16 16 15 15 15 15 14 14 14 13 13 13 13 12 12 13 13 14 14 15 15 16 16 17 17 18 18 19 20 20 21 21 22 22 23 23 24 24 25 25 25 26 26 28 29 30 32 33 34 36 37 38 40 41 42 43 45 46 48 50 51 53 54 56 58 59 61 62 64 66 67 67 67 67 67 67 67 67 67 67 67 67 67 67 67 67 66 66
36 34 31 29 27 25 23 21 18 17 17 17 16 16 16 15 15 15 15 14 14 14 13 14 14 15 15 16 16 17 18 18 19 19 20 21 21 22 22 23 23 23 24 24 25 25 26 26 27 27 27 29 30 31 33 34 35 37 38 39 40 42 43 44 46 47 49 51 52 54 55 57 59 60 62 63 65 67 68 68 68 68 68 68 68 68 68 68 68 68 68 68 68 68 68 67
39 37 35 32 30 27 25 23 20 19 19 19 18 18 17 17 17 16 16 15 15 15 14 15 15 16 16 17 18 18 19 20 20 21 21 22 23 23 24 24 24 25 25 26 26 26 27 27 28 28 28 30 31 32 34 35 36 38 39 40 41 43 44 45 47 48 50 52 53 55 56 58 60 61 63 64 66 68 69 69 69 69 69 69 69 69 69 69 69 69 69 70 69 69 69 68
43 40 38 35 33 30 28 25 22 21 21 20 20 19 19 18 18 18 17 17 16 16 15 16 16 17 18 18 19 20 20 21 22 22 23 24 24 25 25 25 26 26 27 27 27 28 28 28 29 29 29 31 32 33 35 36 37 39 40 41 42 44 45 46 48 49 51 53 54 56 57 59 61 62 64 65 67 69 70 70 70 70 70 70 70 70 70 70 70 71 71 71 71 70 70 69
47 44 41 38 35 33 30 27 24 23 23 22 22 21 20 20 19 19 18 18 17 17 16 17 17 18 19 20 20 21 22 22 23 24 25 25 26 26 27 27 27 28 28 28 29 29 29 30 30 30 30 32 33 34 36 37 38 40 41 42 43 45 46 47 49 50 52 53 55 57 58 60 62 63 65 67 68 70 71 71 71 71 71 71 71 71 71 72 72 72 72 72 72 71 71 70
50 47 44 41 38 35 32 29 26 25 24 24 23 23 22 21 21 20 20 19 18 18 17 18 18 19 20 21 21 22 23 24 25 25 26 27 28 28 28 28 29 29 29 30 30 30 30 31 31 31 31 33 34 35 37 38 39 40 42 43 44 46 47 48 50 51 53 54 56 58 59 61 63 64 66 68 69 71 72 72 72 72 72 72 72 73 73 73 73 73 73 73 73 72 72 71
54 51 47 44 41 38 35 32 28 27 26 26 25 24 24 23 22 22 21 20 20 19 18 19 19 20 21 22 23 24 24 25 26 27 28 28 29 29 30 30 30 30 31 31 31 31 32 32 32 32 32 34 35 36 38 39 40 41 43 44 45 47 48 49 51 52 54 55 57 59 60 62 64 65 67 69 70 72 73 73 73 73 73 74 74 74 74 74 74 74 74 74 74 73 73 72
57 54 51 47 44 41 37 34 31 29 28 27 27 26 25 24 24 23 22 21 21 20 19 20 21 21 22 23 24 25 26 27 27 28 29 30 31 31 31 31 32 32 32 32 32 33 33 33 33 33 33 35 36 37 39 40 41 42 44 45 46 48 49 50 52 53 55 56 58 60 61 63 65 66 68 70 71 73 74 74 74 75 75 75 75 75 75 75 75 75 75 75 75 74 74 74
61 57 54 50 47 43 40 36 33 31 30 29 28 28 27 26 25 24 23 23 22 21 20 21 22 22 23 24 25 26 27 28 29 30 31 32 32 33 33 33 33 33 33 33 34 34 34 34 34 34 34 36 37 38 40 41 42 43 45 46 47 49 50 51 52 54 56 57 59 61 62 64 66 67 69 71 72 74 75 75 76 76 76 76 76 76 76 76 76 76 76 76 76 75 75 75
64 61 57 54 50 46 43 39 36 34 33 32 31 30 29 28 27 27 26 25 24 23 22 23 23 24 25 26 27 28 29 30 30 31 32 33 34 34 34 34 35 35 35 35 35 35 35 35 35 36 36 37 38 40 41 42 43 45 46 47 48 50 51 52 54 55 57 58 60 61 63 65 66 68 69 71 72 74 75 75 75 75 75 75 76 76 76 76 76 76 76 76 76 75 75 74
68 64 61 57 54 50 46 43 39 38 37 36 35 34 33 32 30 29 28 27 26 25 24 25 26 26 27 28 29 30 31 31 32 33 34 35 36 36 36 36 36 36 36 36 37 37 37 37 37 37 37 38 40 41 42 43 45 46 47 49 50 51 52 54 55 56 58 59 61 62 63 65 66 68 69 70 72 73 75 75 75 74 74 74 74 74 74 74 74 74 74 74 74 74 73 73
71 68 64 61 57 54 50 47 43 41 40 39 38 37 36 35 34 32 31 30 29 28 27 27 28 29 29 30 31 32 32 33 34 35 36 36 37 37 37 37 38 38 38 38 38 38 38 38 38 39 39 40 41 42 44 45 46 47 49 50 51 52 54 55 56 57 59 60 61 62 64 65 66 68 69 70 71 73 74 74 74 74 73 73 73 73 73 73 73 73 73 73 73 72 72 71
74 71 68 64 61 57 54 50 47 45 44 43 41 40 39 38 37 35 34 33 32 31 29 30 30 31 32 32 33 34 34 35 36 36 37 38 39 39 39 39 39 39 39 39 40 40 40 40 40 40 40 41 43 44 45 46 47 49 50 51 52 54 55 56 57 58 60 61 62 63 64 65 66 67 69 70 71 72 73 73 73 73 73 72 72 72 72 72 72 72 72 72 71 71 71 70
78 74 71 68 64 61 57 54 51 49 47 46 45 43 42 41 40 38 37 36 34 33 32 32 33 33 34 34 35 36 36 37 38 38 39 39 40 40 40 40 41 41 41 41 41 41 41 41 41 42 42 43 44 45 46 48 49 50 51 52 54 55 56 57 59 60 60 61 62 63 64 65 66 67 68 69 70 71 72 72 72 72 72 71 71 71 71 71 71 71 70 70 70 70 69 69
81 78 74 71 68 64 61 58 54 52 51 50 48 47 45 44 43 41 40 38 37 36 34 34 35 35 36 37 37 38 38 39 39 40 40 41 42 42 42 42 42 42 42 42 43 43 43 43 43 43 43 44 45 47 48 49 50 51 53 54 55 56 57 59 60 61 61 62 63 64 65 66 66 67 68 69 70 71 71 71 71 71 71 70 70 70 70 70 69 69 69 69 69 68 68 67
84 81 78 75 71 68 65 62 58 56 55 53 52 50 49 47 46 44 43 41 40 38 37 37 37 38 38 39 39 40 40 41 41 42 42 43 43 43 43 44 44 44 44 44 44 44 44 44 44 45 45 46 47 48 49 50 52 53 54 55 56 57 59 60 61 62 62 63 64 64 65 66 66 67 68 69 69 70 70 70 70 70 70 69 69 69 69 68 68 68 68 68 67 67 66 66
88 84 81 78 75 72 68 65 62 60 58 57 55 53 52 50 49 47 45 44 42 41 39 39 39 40 40 41 41 42 42 42 43 43 44 44 45 45 45 45 45 45 45 45 46 46 46 46 46 46 46 47 48 50 51 52 53 54 55 56 58 59 60 61 62 63 63 64 64 65 65 66 67 67 68 68 69 69 70 69 69 69 69 68 68 68 68 67 67 67 66 66 66 65 65 65
91 88 85 82 78 75 72 69 66 64 62 60 58 57 55 53 52 50 48 47 45 43 41 41 42 42 42 43 43 44 44 44 45 45 45 46 46 46 46 47 47 47 47 47 47 47 47 47 47 47 48 49 50 51 52 53 54 56 57 58 59 60 61 62 63 64 64 65 65 65 66 66 67 67 67 68 68 68 69 68 68 68 68 67 67 67 66 66 66 65 65 65 65 64 64 63
94 91 88 85 82 79 76 73 70 67 66 64 62 60 58 57 55 53 51 49 47 46 44 44 44 44 45 45 45 46 46 46 46 47 47 47 48 48 48 48 48 48 48 48 49 49 49 49 49 49 49 50 51 52 54 55 56 57 58 59 60 61 62 64 65 65 65 65 66 66 66 66 67 67 67 67 68 68 68 68 67 67 67 66 66 66 65 65 65 64 64 64 63 63 62 62
98 95 92 89 85 82 79 76 73 71 69 67 65 63 62 60 58 56 54 52 50 48 46 46 46 47 47 47 47 48 48 48 48 49 49 49 49 49 49 50 50 50 50 50 50 50 50 50 50 50 51 52 53 54 55 56 57 58 59 60 62 63 64 65 66 66 66 66 66 66 66 67 67 67 67 67 67 67 67 67 66 66 66 65 65 64 64 64 63 63 63 62 62 61 61 61
