pluvio/pluvio-201.asc
ncols         252
nrows         154
xllcorner     -18.017974
yllcorner     13.481982
cellsize      0.035948
NODATA_value  -9999
[rows 47 to 93 of 154, columns 0 to 95 of 252]
44 43 42 41 40 40 40 40 40 40 40 41 43 44 46 47 49 51 50 48 46 44 42 40 38 41 48 54 60 66 72 78 81 82 82 83 84 85 86 86 86 86 86 86 86 86 88 89 91 93 95 97 98 100 102 103 105 106 108 109 105 99 93 87 81 76 70 77 85 93 101 108 116 124 125 125 126 126 126 127 127 122 117 112 106 101 96 91 96 100 105 109 113 118 122 125
49 47 46 44 43 43 43 43 43 43 43 44 45 46 47 48 49 50 50 48 46 44 42 40 39 42 48 54 60 66 72 78 80 81 82 84 85 86 87 87 86 85 84 83 82 81 83 86 88 91 94 96 99 101 102 104 106 107 109 111 107 102 97 93 88 83 79 85 92 99 106 114 121 128 128 128 129 129 129 129 129 123 117 110 104 98 91 86 91 96 102 107 112 117 122 126
53 51 49 47 46 46 46 46 46 46 47 47 47 48 48 49 50 50 49 48 46 44 43 41 39 42 48 54 60 66 71 77 80 81 83 84 85 86 88 87 85 83 81 79 78 76 78 82 85 89 93 96 100 102 103 105 107 109 110 112 109 105 102 98 95 91 87 93 100 106 112 119 125 131 132 132 132 132 132 132 131 124 117 109 102 94 87 80 86 93 99 105 111 117 123 126
57 55 52 50 49 49 49 49 50 50 50 50 50 50 50 50 50 50 49 47 46 44 43 41 40 43 49 54 60 66 71 77 80 81 83 84 86 87 89 87 84 81 79 76 73 71 74 78 83 87 91 96 100 103 104 106 108 110 112 113 111 109 106 104 101 99 96 101 107 113 118 124 129 135 135 135 135 134 134 134 134 125 116 108 99 91 82 74 82 89 96 103 110 117 124 126
61 59 56 53 52 52 52 53 53 53 53 53 52 52 51 51 50 50 49 47 46 44 43 42 40 43 49 54 60 65 71 76 79 81 83 84 86 88 89 87 83 80 76 73 69 65 69 74 80 85 90 96 101 104 105 107 109 111 113 115 114 112 111 109 108 107 105 110 114 119 124 129 134 139 138 138 138 137 137 136 136 126 116 107 97 87 77 69 77 85 93 101 109 117 125 127
65 62 59 56 55 55 56 56 56 56 56 56 55 54 53 52 50 49 48 47 46 45 43 42 41 44 49 55 60 65 71 76 79 81 83 84 86 88 90 87 83 78 74 69 65 60 64 71 77 83 89 96 102 104 106 108 110 112 114 116 116 116 115 115 115 114 114 118 122 126 130 134 138 142 142 141 141 140 139 139 138 127 116 105 94 83 73 63 72 81 90 99 108 117 125 127
68 64 61 58 56 56 56 56 56 56 56 56 55 54 53 53 52 51 50 49 48 47 46 45 44 47 51 56 61 66 71 76 78 80 81 82 84 85 87 84 80 77 73 69 65 61 65 71 77 83 89 95 101 104 106 108 110 112 114 116 116 116 116 116 116 116 116 120 124 129 133 137 141 146 145 144 143 142 141 140 139 129 119 109 99 89 79 70 78 86 94 102 110 118 125 127
70 66 62 59 57 57 56 56 56 56 56 55 55 55 54 54 54 53 52 52 51 50 49 48 47 50 54 58 63 67 71 76 77 78 79 80 81 81 82 80 78 75 72 69 66 63 67 72 78 83 89 94 100 102 105 107 109 111 114 116 116 116 116 117 117 117 117 121 126 131 135 140 144 149 148 147 145 144 143 141 140 131 122 113 104 96 87 79 86 92 99 106 112 119 125 127
72 68 64 59 57 57 57 56 56 55 55 55 55 55 55 55 55 55 55 54 53 53 52 51 50 53 57 60 64 68 72 75 77 77 77 77 78 78 78 77 75 73 71 69 67 65 69 74 79 84 89 93 98 101 104 106 108 111 113 116 116 116 117 117 117 118 118 123 128 133 137 142 147 152 151 149 147 146 144 142 141 133 125 118 110 103 95 88 93 99 104 109 115 120 125 126
74 69 65 60 58 57 57 56 56 55 55 55 55 55 56 56 57 57 57 57 56 55 55 54 54 56 59 62 66 69 72 75 76 76 75 75 74 74 74 73 72 71 70 69 68 68 71 75 80 84 88 93 97 100 103 105 108 110 113 115 116 117 117 118 118 118 119 124 129 134 140 145 150 156 154 152 150 148 146 144 141 135 129 122 116 109 103 97 101 105 109 113 117 121 125 126
76 71 66 61 58 58 57 56 55 55 54 54 55 56 57 58 58 59 59 59 59 58 58 58 57 59 62 64 67 70 72 75 75 74 73 72 71 70 69 69 69 69 69 69 70 70 73 77 80 84 88 92 96 99 101 104 107 110 113 115 116 117 117 118 119 119 120 125 131 136 142 148 153 159 157 154 152 150 147 145 142 137 132 127 121 116 111 106 109 112 114 117 120 122 125 126
78 73 67 62 59 58 57 56 55 54 53 54 55 56 58 59 60 61 62 62 61 61 61 61 61 62 64 66 68 71 73 75 75 73 71 70 68 67 65 65 66 67 69 70 71 72 75 78 81 85 88 91 95 98 100 103 106 109 112 115 116 117 118 118 119 120 121 126 132 138 144 150 156 162 160 157 154 151 149 146 143 139 135 131 127 123 119 116 117 118 120 121 122 123 125 126
80 75 69 63 60 58 57 56 55 54 53 53 55 57 58 60 62 63 64 64 64 64 64 64 64 65 67 68 70 72 73 75 74 72 69 67 65 63 61 62 64 66 68 70 72 74 76 79 82 85 88 90 93 96 99 103 106 109 112 115 116 117 118 119 120 121 122 128 134 140 147 153 159 166 163 160 156 153 150 147 144 141 138 136 133 130 127 125 125 125 125 125 125 125 125 126
81 76 70 65 62 61 60 59 58 58 57 58 59 61 63 64 66 68 69 68 68 68 68 68 68 69 70 71 73 74 75 76 75 73 71 69 68 66 64 65 67 69 71 73 74 76 79 81 84 86 89 91 94 96 99 102 104 107 109 112 114 116 117 119 121 122 124 130 136 142 148 154 160 166 164 161 158 156 153 150 148 145 143 141 138 136 134 132 131 130 129 128 127 126 126 126
82 77 71 66 64 63 63 63 62 62 62 62 64 66 68 69 71 73 73 73 73 73 73 73 73 73 74 75 75 76 77 78 77 75 74 72 71 69 68 69 71 72 74 76 77 79 81 83 86 88 90 92 94 97 99 101 103 105 107 109 111 114 116 119 121 124 127 132 138 144 149 155 161 166 165 162 160 158 156 154 152 150 148 146 144 142 140 138 136 135 133 132 130 128 127 127
82 77 73 68 66 66 66 66 66 66 66 67 69 71 72 74 76 77 78 78 78 78 77 77 77 77 78 78 78 78 79 79 78 77 76 75 74 73 72 73 74 76 77 79 80 82 84 86 88 89 91 93 95 97 98 100 101 103 104 106 109 112 116 119 122 126 129 134 140 145 150 156 161 167 165 164 162 161 159 158 156 154 153 151 150 148 146 145 142 140 137 135 133 130 128 129
83 78 74 70 68 69 69 70 70 71 71 72 74 76 77 79 81 82 83 83 82 82 82 82 82 81 81 81 81 81 81 81 80 79 79 78 77 77 76 77 78 79 81 82 83 85 86 88 89 91 93 94 96 97 98 99 100 101 101 102 106 110 115 119 123 128 132 137 142 147 152 157 162 167 166 165 164 163 162 161 160 159 158 156 155 154 152 151 148 145 142 138 135 132 129 130
83 79 75 71 70 71 72 73 74 75 76 77 79 81 82 84 85 87 87 87 87 87 86 86 86 86 85 84 84 83 83 82 82 81 81 81 81 81 80 81 82 83 84 85 86 87 89 90 91 93 94 95 97 97 97 98 98 98 99 99 104 109 114 119 124 129 134 139 144 148 153 158 162 167 167 166 166 166 165 165 165 164 163 162 161 160 159 158 154 150 146 142 138 134 131 131
84 80 77 73 72 74 75 76 78 79 81 82 84 85 87 89 90 92 92 92 92 91 91 91 90 90 89 88 87 86 84 83 83 83 84 84 84 84 84 85 86 87 88 88 89 90 91 92 93 94 95 96 97 97 97 97 97 96 96 96 101 107 113 119 125 131 137 141 146 150 154 158 163 167 167 168 168 168 168 169 169 168 168 167 166 166 165 164 159 155 150 145 141 136 132 132
84 81 78 75 74 76 78 80 82 84 86 87 89 90 92 93 95 97 97 97 96 96 96 95 95 94 92 91 89 88 86 85 85 86 86 87 87 88 89 89 90 90 91 92 92 93 93 94 95 96 96 97 98 97 97 96 95 94 93 93 99 105 112 119 126 133 140 144 148 152 155 159 163 167 168 169 170 171 171 172 173 173 172 172 172 171 171 171 165 160 154 149 143 138 133 133
84 81 78 75 75 77 79 80 82 84 86 88 90 91 93 95 97 98 99 99 99 99 99 99 99 98 98 97 96 95 94 93 93 93 93 93 93 93 94 94 94 94 95 95 95 96 97 98 99 100 101 102 103 103 102 101 100 99 99 98 103 110 116 122 129 135 141 145 149 152 156 160 163 167 169 171 174 176 178 180 182 181 180 179 178 177 176 175 169 164 158 152 146 141 135 135
82 80 78 76 75 77 79 81 83 84 86 88 90 92 94 96 98 100 101 101 102 102 102 103 103 103 103 103 103 102 102 102 102 101 101 100 100 99 99 98 99 99 99 99 99 99 100 102 103 105 106 108 109 109 108 107 106 105 104 103 108 114 120 125 131 137 143 146 150 153 157 160 163 167 171 174 178 181 185 188 192 190 188 187 185 183 181 179 173 167 161 155 149 143 138 137
81 80 78 76 76 78 79 81 83 85 86 88 90 93 95 97 99 102 103 104 104 105 106 106 107 108 108 109 109 110 110 111 110 109 108 107 106 105 104 103 103 103 103 102 102 102 103 105 107 109 111 113 115 114 114 113 112 111 110 109 114 119 124 129 134 139 144 147 151 154 157 160 164 167 172 177 182 187 192 197 201 199 196 194 191 189 186 184 177 171 165 159 152 146 140 140
80 79 78 76 77 78 80 81 83 85 86 88 91 93 96 98 101 103 105 106 107 108 109 110 111 112 114 115 116 117 118 119 119 117 115 114 112 110 109 108 107 107 106 106 106 105 107 109 111 114 116 118 121 120 119 118 118 117 116 115 119 123 128 132 137 141 146 149 152 155 158 161 164 167 173 179 186 192 198 205 211 208 204 201 198 195 191 188 181 175 168 162 155 149 143 142
79 78 78 77 77 79 80 82 83 85 87 89 91 94 97 99 102 105 107 108 110 111 112 114 115 117 119 121 123 125 126 128 127 125 123 120 118 116 114 112 112 111 110 110 109 108 110 113 116 118 121 124 126 126 125 124 123 122 121 121 124 128 132 135 139 143 147 150 153 155 158 161 164 167 174 182 190 197 205 213 220 216 212 208 204 201 197 192 186 179 172 165 158 151 145 145
78 78 77 77 78 79 81 82 84 85 87 89 92 95 98 101 103 106 109 110 112 114 116 118 119 122 124 127 129 132 134 137 136 133 130 127 124 121 119 117 116 115 114 113 112 111 113 117 120 123 126 129 132 132 131 130 129 128 127 126 129 132 136 139 142 145 148 151 154 156 159 161 164 167 176 185 194 203 212 221 230 225 220 216 211 206 202 197 190 182 175 168 161 154 148 147
77 77 77 77 78 80 81 82 84 85 87 89 92 95 99 102 105 108 110 113 115 117 119 121 123 126 130 133 136 139 143 146 144 141 137 134 130 127 124 122 121 119 118 117 116 114 117 120 124 127 131 134 138 138 137 136 135 134 133 132 134 137 139 142 145 147 150 152 155 157 159 162 164 166 177 187 198 208 219 229 239 234 228 223 218 212 207 201 194 186 179 171 164 157 150 150
82 81 81 80 81 82 83 84 86 87 88 90 93 96 99 102 105 108 110 113 116 118 121 123 126 129 132 136 139 142 145 149 147 143 140 136 133 129 125 123 122 121 120 119 118 117 119 122 125 128 131 134 138 138 137 136 136 135 134 134 136 140 143 146 149 152 155 157 159 161 162 164 166 168 177 187 197 207 216 226 236 231 226 222 217 213 208 204 197 190 183 176 170 163 157 156
86 85 84 84 84 85 86 86 87 88 89 91 94 96 99 102 105 108 110 113 117 120 123 126 129 132 135 138 142 145 148 151 150 146 142 138 134 131 127 125 124 123 122 121 120 119 121 123 126 129 132 134 137 137 137 137 136 136 136 135 139 142 146 150 153 157 161 162 163 164 165 167 168 169 178 187 196 205 214 223 231 228 224 221 217 214 210 206 200 194 188 181 175 169 163 162
90 89 88 87 87 87 88 88 89 90 90 92 94 97 100 102 105 107 110 114 117 121 124 128 131 134 138 141 144 148 151 154 152 148 144 140 136 132 128 127 126 125 124 123 122 121 123 125 127 130 132 134 137 137 137 137 137 137 137 137 141 145 149 153 158 162 166 167 167 168 169 169 170 170 178 187 195 203 211 219 227 225 222 219 217 214 212 209 203 198 192 186 181 175 170 168
95 93 92 90 90 90 90 90 91 91 91 93 95 97 100 102 105 107 110 114 118 122 126 130 134 137 140 144 147 150 154 157 155 151 147 142 138 134 130 128 127 127 126 125 124 123 124 126 128 130 132 134 136 137 137 137 138 138 138 139 143 148 152 157 162 167 171 172 172 172 172 172 172 172 179 186 194 201 208 216 223 221 220 218 217 215 213 212 207 201 196 191 186 181 176 174
99 97 95 93 93 93 92 92 92 92 92 94 96 98 100 102 105 107 110 115 119 123 128 132 136 140 143 147 150 153 156 160 158 153 149 145 140 136 132 130 129 128 128 127 126 125 126 128 129 131 132 134 136 136 137 138 138 139 140 141 145 150 156 161 166 171 177 177 176 175 175 174 174 173 179 186 193 199 206 212 219 218 218 217 216 216 215 214 210 205 201 196 192 187 183 181
103 101 99 97 95 95 95 94 94 94 93 94 96 99 101 103 105 107 110 115 120 125 129 134 139 143 146 149 153 156 159 162 160 156 151 147 142 138 133 132 131 130 129 129 128 127 128 129 130 132 133 134 135 136 137 138 139 140 141 142 147 153 159 165 171 176 182 181 180 179 178 177 175 174 180 186 191 197 203 209 215 215 215 216 216 216 217 217 213 209 205 201 197 194 190 187
108 105 102 100 98 98 97 96 96 95 95 95 97 99 101 103 105 107 111 116 121 126 131 136 141 145 149 152 155 158 162 165 163 158 153 149 144 139 135 133 133 132 131 131 130 129 130 131 131 132 133 134 135 136 137 138 140 141 142 144 150 156 162 168 175 181 187 186 184 183 181 179 177 176 180 185 190 195 201 206 210 212 213 214 216 217 218 219 216 213 210 206 203 200 196 193
109 107 105 103 102 101 101 100 100 99 99 99 101 103 104 106 107 109 112 117 121 125 130 134 138 142 145 149 152 155 158 161 160 156 152 148 144 140 136 134 133 133 132 131 131 130 130 131 131 132 132 133 134 135 136 137 138 140 141 142 148 154 161 167 174 180 187 186 185 184 182 181 180 179 184 189 193 198 203 208 213 214 215 216 217 218 219 220 217 214 210 207 204 201 198 195
111 109 108 107 106 105 105 104 104 103 103 103 105 106 107 109 110 111 114 117 121 125 128 132 136 139 142 145 148 152 155 158 156 153 150 146 143 140 136 135 134 133 133 132 131 130 131 131 131 132 132 132 133 134 135 136 137 138 139 140 146 153 159 166 173 179 186 186 185 185 184 183 183 182 187 192 196 201 206 211 215 216 217 218 218 219 220 220 217 214 211 208 205 202 200 197
112 111 111 110 109 109 108 108 108 107 107 107 108 109 110 111 112 113 116 118 121 124 127 130 133 136 139 142 145 148 151 154 153 151 148 145 142 140 137 136 135 134 133 132 132 131 131 131 131 131 131 131 132 132 134 135 136 137 138 139 145 151 158 165 171 178 185 185 185 186 186 186 186 186 190 195 199 204 209 213 218 218 219 219 220 220 220 221 218 215 212 210 207 204 201 199
114 114 113 113 113 113 112 112 112 111 111 111 112 113 113 114 115 116 117 119 121 124 126 128 130 133 136 139 142 145 148 151 150 148 146 144 142 140 138 136 136 135 134 133 132 131 131 131 131 131 131 131 131 131 132 133 134 135 136 137 143 150 157 164 170 177 184 185 186 187 187 188 189 189 194 198 202 207 211 216 220 220 220 221 221 221 221 221 219 216 213 211 208 205 203 201
115 116 116 116 117 116 116 116 116 115 115 115 116 116 117 117 117 118 119 120 122 123 124 126 127 130 133 135 138 141 144 147 147 146 144 143 141 140 138 137 136 135 135 134 133 132 131 131 131 131 130 130 130 130 131 132 133 134 134 135 141 148 155 162 169 176 183 185 186 188 189 190 191 193 197 201 205 210 214 218 222 222 222 222 222 222 222 222 219 217 214 212 209 207 204 203
117 118 119 120 120 120 120 120 120 119 119 119 119 120 120 120 120 120 120 121 122 122 123 124 124 126 129 132 135 138 141 144 144 143 142 142 141 140 139 138 137 136 135 134 133 132 132 131 131 130 130 129 129 129 130 131 131 132 133 133 140 147 154 161 168 175 182 185 187 188 190 192 194 196 200 204 208 213 217 221 225 224 224 224 223 223 222 222 220 217 215 213 211 208 206 205
118 120 121 123 124 124 124 123 123 123 123 123 123 123 123 123 122 122 122 122 122 122 122 122 122 124 127 130 132 135 138 141 141 141 141 141 140 140 140 139 138 137 136 135 134 133 132 131 131 130 129 129 128 128 129 130 130 131 131 132 139 146 153 160 167 175 182 185 187 190 192 194 197 199 203 207 211 215 219 223 227 226 226 225 224 224 223 222 220 218 216 214 212 210 208 207
119 121 122 124 125 125 125 125 125 125 124 124 124 124 124 124 124 124 124 125 125 126 127 127 128 130 133 135 138 141 144 146 146 145 144 143 142 141 139 139 138 137 136 135 134 133 133 132 132 131 131 130 130 130 132 133 134 135 136 137 143 150 157 163 170 177 183 186 189 191 194 197 199 202 206 209 213 217 221 225 228 228 227 226 225 224 223 222 220 218 216 214 212 210 208 208
119 121 124 126 127 126 126 126 126 126 126 126 125 125 125 125 125 125 126 127 129 130 131 133 134 136 139 141 144 146 149 152 151 149 147 145 143 141 139 138 138 137 136 136 135 134 134 133 133 132 132 132 131 133 134 136 137 139 141 142 148 154 160 167 173 179 185 188 191 193 196 199 201 204 208 211 215 219 222 226 230 229 227 226 225 224 223 222 220 218 216 214 212 210 209 209
120 122 125 127 128 128 128 127 127 127 127 127 127 127 127 127 126 126 128 130 132 134 136 138 140 142 145 147 150 152 155 157 156 153 150 147 145 142 139 138 137 137 136 136 135 135 135 134 134 134 133 133 133 135 137 139 141 143 145 147 153 158 164 170 175 181 187 190 193 195 198 201 204 207 210 214 217 221 224 228 231 230 228 227 225 224 223 221 219 218 216 214 213 211 209 210
120 123 126 128 129 129 129 129 129 128 128 128 128 128 128 128 128 128 129 132 135 138 140 143 146 148 151 153 155 158 160 163 161 157 153 150 146 142 139 138 137 137 137 136 136 136 135 135 135 135 135 135 135 137 139 142 145 147 150 152 157 163 168 173 178 183 189 192 195 197 200 203 206 209 212 216 219 222 226 229 232 231 229 227 226 224 222 221 219 218 216 214 213 211 210 211
121 124 127 130 131 131 130 130 130 130 129 129 129 129 129 129 129 129 131 135 138 141 145 148 152 154 157 159 161 163 166 168 166 161 157 152 148 143 139 137 137 137 137 137 136 136 136 136 136 136 136 136 136 139 142 145 148 151 154 157 162 167 171 176 181 186 190 193 196 199 202 205 208 211 214 218 221 224 227 230 233 232 230 228 226 224 222 220 219 217 216 215 213 212 211 212
122 125 128 131 132 132 132 131 131 131 130 130 130 130 130 131 131 131 133 137 141 145 149 153 157 160 163 165 167 169 171 173 170 165 160 154 149 144 138 137 137 137 137 137 137 137 137 137 137 137 138 138 138 141 145 148 152 155 159 162 167 171 175 179 184 188 192 195 198 201 204 207 211 214 217 220 223 226 229 232 235 233 230 228 226 224 222 220 219 217 216 215 213 212 211 213
