pluvio/pluvio-309.asc
ncols         252
nrows         154
xllcorner     -0.5
yllcorner     -153.5
cellsize      1
NODATA_value  -9999
[rows 0 to 52 of 154, columns 96 to 191 of 252]
5 5 5 5 6 6 6 7 8 8 9 9 10 12 15 17 19 21 23 24 22 20 18 16 15 13 11 10 9 9 8 7 6 5 4 3 3 2 1 0 0 1 3 4 6 7 9 10 12 13 15 17 19 20 20 19 18 16 15 14 12 12 11 11 11 11 10 10 10 11 11 11 11 11 11 11 10 10 9 8 8 7 7 6 6 5 5 4 4 4 4 4 4 3 3 3
6 6 6 6 6 6 7 8 8 9 10 10 11 13 15 17 19 21 23 24 22 20 18 16 14 12 10 9 8 7 6 5 4 3 3 2 2 1 0 0 0 1 2 3 4 5 6 7 9 10 12 14 15 17 17 16 16 15 14 13 13 12 12 12 12 11 11 11 11 11 11 11 12 12 12 11 11 10 9 8 7 6 6 5 5 4 4 3 3 3 3 3 3 3 3 3
6 6 6 6 7 7 7 8 9 10 10 11 12 14 16 18 20 22 24 25 23 20 18 16 13 11 9 8 7 6 5 4 3 2 1 1 1 0 0 0 0 0 1 2 2 3 3 4 6 7 9 10 12 13 14 14 14 13 13 13 13 13 12 12 12 12 12 12 12 12 12 12 12 12 12 12 11 10 9 8 7 6 5 5 4 4 3 3 2 2 2 2 2 2 2 2
7 7 7 7 7 7 8 9 10 10 11 12 13 15 17 19 21 23 25 25 23 20 18 15 13 10 8 7 6 5 3 2 1 0 0 0 0 0 0 0 0 0 0 0 0 1 1 1 3 4 6 7 9 10 11 11 12 12 12 13 13 13 13 13 13 13 13 13 13 13 13 13 13 13 13 12 11 10 9 7 6 5 4 4 3 3 2 2 2 1 1 1 1 1 1 1
7 7 8 8 8 8 9 10 10 11 12 13 14 16 18 19 21 23 25 25 23 20 18 15 13 10 8 7 6 4 3 2 1 0 0 0 0 0 0 0 0 0 0 0 0 0 0 0 1 3 4 6 7 8 9 10 11 11 12 13 13 14 13 13 13 13 13 13 13 13 13 14 14 14 14 13 12 11 10 9 7 6 5 5 4 3 3 2 1 1 1 1 1 1 1 1
8 8 8 8 9 9 10 11 11 12 13 14 15 16 18 20 21 23 24 25 22 20 18 15 13 10 8 7 6 5 4 3 2 2 1 1 1 0 0 0 0 0 0 0 0 0 0 0 2 3 4 6 7 9 10 10 11 12 12 13 13 14 14 13 13 13 13 13 13 14 14 15 16 16 17 16 15 14 12 11 10 8 7 6 5 4 4 3 2 1 1 1 1 1 1 1
8 8 9 9 9 10 11 11 12 13 14 15 16 17 18 20 21 23 24 24 22 20 18 15 13 11 9 8 7 6 5 5 4 3 2 2 1 1 0 0 0 0 0 0 0 0 0 0 2 3 4 6 7 9 10 11 11 12 12 13 14 14 14 14 13 13 13 13 13 14 15 16 17 18 20 19 18 16 15 14 12 11 10 8 7 6 4 3 2 1 1 1 1 1 1 1
8 9 9 10 10 11 12 12 13 14 15 16 16 18 19 20 21 22 24 24 22 20 17 15 13 11 9 9 8 7 6 6 5 4 4 3 2 1 1 0 0 0 0 0 0 0 0 0 2 3 5 6 8 9 10 11 11 12 13 13 14 14 14 14 13 13 13 13 14 15 16 18 19 21 22 22 20 19 18 16 15 13 12 10 9 7 5 4 2 2 2 1 1 1 1 1
9 9 10 11 11 12 13 13 14 15 16 16 17 18 19 20 21 22 23 23 21 19 17 15 13 11 10 9 9 8 8 7 6 6 5 4 3 2 1 0 0 0 0 0 0 0 0 0 2 3 5 6 8 9 10 11 12 12 13 14 14 14 14 14 14 13 13 13 14 16 17 19 21 23 25 25 23 22 20 19 17 16 14 12 10 8 6 4 2 2 2 2 1 1 1 1
9 10 11 11 12 13 13 14 15 16 17 17 18 19 20 20 21 22 23 23 21 19 17 15 14 12 10 10 9 9 9 8 8 7 6 5 4 3 1 0 0 0 0 0 0 0 0 0 2 3 5 6 8 9 11 11 12 12 13 14 14 15 14 14 14 13 13 13 14 16 19 21 23 25 28 27 26 24 23 21 20 18 16 14 12 9 7 5 3 2 2 2 2 1 1 1
9 10 11 12 13 14 14 15 16 17 17 18 19 19 20 21 21 22 22 22 21 19 17 15 14 12 11 10 10 10 10 9 9 8 7 6 4 3 2 0 0 0 0 0 0 0 0 0 2 3 5 7 8 10 11 11 12 13 13 14 15 15 14 14 14 13 13 13 14 17 20 22 25 28 30 30 29 27 25 24 22 20 18 16 13 11 8 6 3 2 2 2 2 1 1 1
10 11 12 13 14 15 16 17 17 18 19 20 21 21 22 22 22 23 23 23 21 19 18 16 14 13 11 11 11 11 10 10 10 9 8 7 6 5 4 2 2 1 1 1 1 1 1 1 3 4 5 7 8 10 11 11 12 13 13 14 14 14 14 14 14 14 13 13 15 17 20 23 25 28 31 31 29 28 26 24 23 21 19 16 14 11 8 6 3 2 2 2 2 2 1 1
11 12 13 14 15 16 17 18 19 21 22 23 24 24 24 24 24 24 24 24 22 20 18 17 15 13 12 12 12 11 11 11 11 10 10 9 8 7 7 6 5 5 4 4 3 3 2 3 4 5 6 8 9 10 11 11 12 12 13 13 14 14 14 14 14 14 14 14 15 18 20 23 25 28 30 30 28 27 25 24 22 21 18 16 13 10 8 5 3 2 2 2 2 2 1 1
12 13 14 15 16 17 19 20 21 23 24 26 27 27 26 26 26 26 25 25 23 21 19 18 16 14 13 12 12 12 12 12 11 11 11 10 10 10 10 9 9 8 7 7 6 5 4 4 5 6 7 8 9 10 11 11 12 12 12 13 13 13 13 14 14 14 14 14 15 18 20 22 25 27 29 29 28 26 25 23 22 20 18 15 13 10 8 5 2 2 2 2 2 2 2 2
13 14 15 16 17 18 20 22 23 25 27 29 30 29 29 28 28 27 27 26 24 22 20 18 16 15 13 13 13 13 12 12 12 12 12 12 12 12 13 13 12 11 10 9 8 7 6 6 6 7 8 9 10 10 11 11 11 12 12 12 12 13 13 13 14 14 14 15 16 18 20 22 24 26 28 28 27 25 24 22 21 19 17 15 12 10 7 5 2 1 1 2 2 2 2 2
14 15 16 17 18 19 21 23 25 27 30 32 33 32 31 30 29 29 28 27 25 23 21 19 17 15 14 14 13 13 13 13 13 13 13 14 14 15 16 16 16 15 13 12 11 9 8 7 8 8 9 9 10 11 11 11 11 11 12 12 12 12 13 13 14 14 15 15 16 18 20 22 24 26 28 28 26 25 23 22 20 19 17 14 12 9 7 4 2 1 1 1 2 2 2 2
15 16 17 18 19 21 23 25 27 30 32 34 36 35 34 32 31 30 29 28 26 24 22 20 18 16 15 14 14 14 14 13 13 13 14 16 17 18 19 20 20 18 16 15 13 11 10 9 9 9 10 10 10 11 11 11 11 11 11 11 11 12 12 13 14 14 15 16 17 19 20 22 24 25 27 27 25 24 22 21 20 18 16 14 11 9 6 4 2 1 1 1 1 2 2 2
16 17 18 19 20 22 24 27 29 32 35 37 39 38 36 35 33 32 30 29 27 25 23 21 19 17 15 15 15 15 14 14 14 14 16 17 19 20 22 23 23 21 19 17 15 13 11 10 10 10 11 11 11 11 11 11 11 11 11 11 11 11 12 13 14 14 15 16 17 19 20 22 23 25 26 26 24 23 22 20 19 18 16 13 11 9 6 4 1 1 1 1 1 2 2 2
17 19 20 21 22 24 26 29 31 34 37 39 41 40 39 37 36 35 34 32 30 28 25 23 21 18 17 16 16 16 16 16 15 16 17 19 20 22 23 24 25 23 21 19 17 15 13 11 11 12 12 12 12 12 12 12 12 11 11 11 11 12 13 14 15 16 17 18 19 20 21 22 22 23 24 24 22 21 20 19 17 16 14 12 10 8 6 4 1 1 1 1 2 2 2 2
19 20 22 23 25 26 29 31 33 36 38 40 42 42 41 41 40 40 39 38 35 32 29 26 23 21 18 18 18 18 18 17 17 18 19 20 21 22 23 24 24 22 21 19 17 15 13 12 13 13 13 13 13 13 13 13 13 13 13 12 12 13 14 16 17 19 20 22 22 22 22 22 22 21 21 20 19 18 17 16 15 14 12 10 9 7 5 3 2 1 2 2 2 2 2 3
20 22 24 26 27 29 31 33 35 37 40 42 43 44 44 44 44 44 44 44 40 37 33 30 26 23 20 20 20 20 20 19 19 19 20 21 22 23 23 24 24 22 21 19 17 16 14 13 14 14 14 14 15 15 15 15 14 14 14 14 13 14 16 18 19 21 23 25 25 24 23 22 21 20 18 17 16 15 14 13 12 11 10 9 7 6 5 3 2 2 2 2 2 2 3 3
22 24 26 28 30 32 34 35 37 39 41 43 45 45 46 47 48 49 49 49 45 41 37 33 29 25 22 22 22 22 22 21 21 21 22 22 23 23 24 24 24 22 21 19 18 16 15 14 15 15 15 16 16 17 17 16 16 15 15 15 14 15 17 20 22 24 26 28 28 26 24 22 20 18 16 14 13 13 12 11 10 9 8 7 6 5 4 3 2 2 2 2 3 3 3 3
23 26 28 30 32 34 36 38 39 41 43 44 46 47 49 50 52 53 55 55 50 46 41 36 32 27 24 24 24 24 23 23 23 23 23 23 23 24 24 24 23 22 21 20 18 17 16 15 16 16 17 17 18 18 18 18 17 17 16 16 16 17 19 22 24 26 29 31 31 28 25 22 19 16 13 11 10 10 9 8 7 7 6 5 5 4 4 3 3 3 3 3 3 3 3 3
25 27 30 32 35 37 38 40 41 43 44 46 47 49 51 54 56 58 60 60 55 50 45 40 35 30 26 26 26 26 25 25 25 25 25 25 24 24 24 24 23 22 21 20 19 18 17 16 17 17 18 19 19 20 20 19 19 18 18 17 17 18 21 23 26 29 32 35 34 30 26 22 18 14 10 8 7 7 6 6 5 4 4 4 4 3 3 3 3 3 3 3 3 3 3 3
26 29 32 34 37 39 41 42 43 44 46 47 48 51 54 57 60 62 65 66 60 54 49 43 37 32 28 28 28 27 27 27 27 27 26 26 25 25 24 23 23 22 21 20 19 18 18 17 18 19 19 20 21 21 21 21 20 20 19 18 18 19 22 25 28 32 35 38 36 32 27 22 17 12 7 5 5 4 4 3 2 2 2 2 2 3 3 3 3 3 3 3 3 3 3 3
26 28 31 33 36 38 39 41 42 43 45 46 48 51 54 57 60 64 67 68 62 56 50 45 39 33 29 29 29 29 29 29 29 28 28 27 27 26 25 25 24 23 22 21 21 20 19 18 19 19 20 20 21 21 21 20 20 19 19 18 18 19 22 25 28 31 34 37 35 30 26 21 16 12 7 5 4 4 3 3 3 2 2 3 3 3 4 4 4 5 5 5 5 5 5 5
24 26 28 30 32 34 36 37 39 41 43 44 46 50 53 56 60 63 66 68 62 56 51 45 39 34 30 30 30 30 30 30 30 30 29 29 28 28 27 27 26 25 24 23 22 21 20 20 20 20 20 20 20 20 20 19 19 18 18 18 17 18 21 23 26 28 31 33 32 28 24 20 16 12 8 6 6 5 5 5 4 4 4 4 5 5 5 5 6 6 6 7 7 7 8 8
22 24 25 27 28 30 32 34 36 38 40 42 45 48 52 55 59 63 66 67 62 56 51 46 40 35 31 31 31 31 31 31 31 31 30 30 30 29 29 28 28 27 26 25 24 23 22 21 20 20 20 19 19 19 18 18 18 18 17 17 17 18 20 22 24 26 28 30 29 25 22 19 15 12 9 7 7 7 6 6 6 5 5 6 6 6 7 7 7 8 8 9 9 10 10 11
20 22 23 24 25 26 29 31 33 36 38 41 43 47 51 55 58 62 66 67 62 57 51 46 41 35 32 32 32 32 32 32 32 32 32 31 31 31 31 30 30 28 27 26 25 24 23 22 21 20 20 19 18 17 17 17 17 17 16 16 16 17 19 20 22 23 25 26 25 23 20 17 15 12 9 8 8 8 8 7 7 7 7 7 8 8 8 8 9 9 10 11 11 12 13 13
19 19 20 21 21 22 25 28 30 33 36 39 42 46 50 54 58 62 66 67 62 57 52 46 41 36 32 33 33 33 33 33 33 33 33 33 33 32 32 32 31 30 29 28 27 25 24 23 22 21 20 18 17 16 16 16 16 16 16 16 16 16 17 18 19 20 22 23 22 20 18 16 14 12 10 9 9 9 9 9 9 9 9 9 9 9 10 10 10 11 12 13 13 14 15 16
17 17 17 18 18 18 21 25 28 31 34 37 40 44 49 53 57 61 65 67 62 57 52 47 42 37 33 34 34 34 34 34 34 34 34 34 34 34 34 34 33 32 31 30 28 27 26 24 23 21 20 18 17 15 14 14 15 15 15 15 15 16 16 17 17 18 18 19 19 17 16 15 14 12 11 11 11 10 10 10 10 10 10 10 11 11 11 11 12 12 14 15 16 17 18 19
15 15 15 14 14 15 18 21 25 28 32 35 39 43 47 52 56 61 65 67 62 57 52 47 43 38 34 34 35 35 35 35 36 36 36 36 36 36 36 36 35 34 33 31 30 28 27 25 23 22 20 18 16 14 13 13 14 14 14 14 15 15 15 15 15 15 15 16 15 15 14 14 13 13 12 12 12 12 12 12 12 12 12 12 12 13 13 13 13 14 15 17 18 19 20 21
15 15 15 14 14 14 18 22 26 30 34 37 41 45 49 53 57 61 65 67 62 58 53 49 44 40 37 37 37 37 37 36 36 36 37 37 37 37 37 37 37 35 34 33 32 31 30 28 26 24 22 20 17 15 14 14 15 15 15 15 15 15 15 15 15 15 15 14 14 14 14 13 13 13 12 12 12 12 12 12 12 12 12 13 13 13 13 13 14 15 16 17 18 20 21 22
16 16 16 15 15 16 20 24 29 33 37 42 46 49 52 56 59 62 65 67 63 59 55 51 47 43 40 39 39 38 38 38 37 37 37 37 37 38 38 38 38 37 36 35 34 34 33 31 29 27 25 22 20 18 17 17 17 17 16 16 16 16 16 16 15 15 15 15 14 14 14 13 13 13 12 12 12 12 12 12 12 12 13 13 13 13 13 14 14 15 16 17 18 19 20 22
17 17 17 17 16 17 22 27 31 36 41 46 50 53 55 58 61 63 66 67 63 60 56 52 49 45 43 42 41 40 40 39 38 38 38 38 38 38 38 39 38 38 38 37 37 36 36 35 32 30 28 25 23 21 19 19 19 18 18 18 17 17 17 16 16 15 15 15 14 14 14 13 13 13 12 12 12 12 12 12 12 12 13 13 13 13 14 14 14 15 16 17 18 19 20 21
18 18 18 18 18 18 24 29 34 40 45 50 55 57 59 60 62 64 66 66 63 60 57 54 51 48 46 45 43 42 41 40 39 38 38 39 39 39 39 39 39 39 39 39 39 39 39 38 35 33 31 28 26 23 22 21 21 20 19 19 18 18 17 17 16 16 15 15 14 14 14 13 13 13 12 12 12 12 12 13 13 13 13 13 13 13 14 14 14 15 16 17 18 19 20 21
19 19 19 19 19 20 25 31 37 43 49 54 59 60 62 63 64 65 66 66 64 61 59 56 53 51 49 47 46 44 43 41 40 39 39 39 39 40 40 40 40 41 41 41 42 42 42 41 39 36 34 31 29 26 24 23 23 22 21 20 19 19 18 17 17 16 15 15 14 14 14 13 13 13 13 12 12 13 13 13 13 13 13 13 13 14 14 14 14 15 16 17 18 19 20 20
20 20 20 20 20 21 27 34 40 46 52 59 64 64 65 65 66 66 66 66 64 62 60 58 56 54 52 50 48 46 44 42 40 39 40 40 40 40 41 41 41 42 43 43 44 45 45 44 42 39 37 34 31 29 27 26 25 24 22 21 20 19 19 18 17 16 15 15 14 14 14 13 13 13 13 12 13 13 13 13 13 13 13 13 13 14 14 14 14 15 16 17 18 18 19 20
21 21 21 21 21 22 29 36 43 49 56 63 68 68 68 67 67 67 67 66 64 63 61 60 58 56 55 52 50 48 46 44 41 40 40 41 41 41 42 42 42 43 44 45 46 47 48 48 45 42 40 37 34 31 29 28 27 25 24 23 21 20 19 18 17 16 16 15 14 14 14 13 13 13 13 13 13 13 13 13 13 13 13 13 14 14 14 14 15 15 16 17 17 18 19 20
25 25 25 26 26 27 34 40 47 54 61 67 72 72 71 71 70 70 69 69 67 65 64 62 61 59 57 54 51 48 45 42 39 37 38 38 39 39 40 40 41 42 43 44 45 46 48 47 44 42 39 36 33 31 29 27 26 25 24 23 22 21 20 19 18 17 16 15 15 14 14 14 13 13 13 13 13 13 13 13 13 14 14 14 14 14 14 14 15 15 16 17 18 19 19 20
30 30 31 31 31 33 39 46 52 59 65 71 76 76 75 75 74 74 73 72 71 69 67 65 63 62 59 55 51 47 43 39 35 33 34 35 35 36 37 38 39 40 41 42 43 44 46 45 42 40 37 34 31 29 27 26 25 24 23 22 22 21 20 19 18 18 17 16 16 15 15 14 14 13 13 13 13 13 14 14 14 14 14 14 14 14 14 14 14 15 16 17 18 19 20 21
34 35 36 36 37 39 45 51 57 63 69 76 80 80 79 79 78 78 77 76 74 72 70 68 66 64 61 56 51 46 42 37 32 29 30 31 32 33 34 36 37 38 39 40 41 42 44 43 40 38 35 32 29 27 25 24 24 23 23 22 22 21 20 20 19 18 18 17 16 16 15 15 14 13 13 13 13 14 14 14 15 15 15 15 15 15 14 14 14 15 16 17 19 20 21 22
39 40 41 42 43 44 50 56 62 68 74 80 84 84 83 83 82 81 81 80 78 75 73 71 69 67 63 57 52 46 40 34 28 25 26 28 29 30 32 33 34 36 37 38 39 40 42 41 38 36 33 30 27 25 23 23 23 22 22 22 22 21 21 20 20 19 18 18 17 16 16 15 14 13 13 13 13 14 14 15 15 16 16 16 15 15 15 14 14 15 16 18 19 20 22 23
43 45 46 47 48 50 56 61 67 73 78 84 88 88 87 87 86 85 85 84 81 79 76 74 72 69 65 59 52 45 38 31 25 21 22 24 26 27 29 31 32 34 35 36 37 38 40 39 37 34 31 28 25 23 21 21 22 22 22 22 22 22 21 21 20 20 19 19 18 17 16 15 15 14 13 13 14 14 15 16 16 17 17 16 16 15 15 14 14 15 16 18 19 21 23 24
48 49 51 52 54 56 61 67 72 77 83 88 92 92 91 90 90 89 88 87 85 82 79 77 74 72 67 60 52 44 37 29 21 17 19 21 23 24 26 28 30 31 33 34 35 37 38 37 35 32 29 26 24 21 20 20 20 21 21 22 22 22 22 21 21 20 20 19 19 18 17 16 15 14 13 13 14 15 15 16 17 18 17 17 16 15 15 14 13 14 16 18 20 22 23 25
52 54 56 58 59 62 67 72 77 82 87 92 96 96 95 94 94 93 92 91 88 85 83 80 77 74 70 61 52 44 35 26 18 13 15 17 19 22 24 26 28 29 31 32 33 35 36 35 33 30 27 24 22 19 18 18 19 20 21 21 22 22 22 22 21 21 21 20 20 18 17 16 15 14 13 13 14 15 16 17 18 18 18 17 17 16 15 14 13 14 16 18 20 22 24 26
55 57 59 61 63 65 71 76 81 87 92 98 102 100 98 97 95 93 91 89 86 83 80 77 74 71 67 59 51 43 34 26 18 13 15 17 19 21 23 25 27 28 29 30 31 32 33 32 30 27 24 22 19 16 15 16 17 18 19 20 22 22 22 22 21 21 21 21 20 19 18 17 16 15 14 15 16 18 19 21 22 24 24 23 21 20 19 18 17 18 19 21 23 24 26 28
57 59 61 63 66 68 74 80 86 92 97 103 107 104 101 98 95 92 89 86 83 80 77 74 71 67 63 56 49 41 34 27 20 16 17 19 20 22 23 25 26 27 27 28 29 29 30 29 27 24 22 19 16 14 13 14 16 17 18 20 21 21 21 21 21 21 21 22 21 20 19 18 18 17 16 17 19 22 24 26 28 31 31 29 27 26 24 23 21 22 23 24 26 27 28 30
59 61 64 66 68 71 78 84 90 96 103 109 113 109 105 100 96 92 87 83 80 77 73 70 67 63 59 53 47 40 34 28 22 18 19 20 21 22 23 24 25 25 26 26 26 27 27 26 24 21 19 16 14 11 11 12 14 15 17 19 20 21 21 21 22 22 22 22 22 21 20 20 19 18 18 19 22 25 28 31 34 37 37 35 34 32 30 28 26 26 27 28 29 30 31 31
61 64 66 69 71 74 81 88 95 101 108 115 119 113 108 102 97 91 85 80 77 73 70 66 63 59 55 50 45 39 34 29 23 20 21 21 22 23 23 24 24 24 24 24 24 24 24 23 21 18 16 13 11 9 8 10 12 14 16 18 19 21 21 21 22 22 22 23 22 22 21 21 20 20 19 21 25 29 33 37 40 44 44 42 40 37 35 33 31 30 31 31 32 32 33 33
63 66 69 71 74 78 85 92 99 106 113 120 124 118 111 104 97 90 84 77 74 70 66 63 59 55 52 47 43 38 34 29 25 22 22 23 23 23 23 23 23 23 23 22 22 21 21 20 17 15 13 11 8 6 6 8 10 12 15 17 19 20 21 21 22 22 23 23 23 23 22 22 22 21 21 24 28 33 37 42 46 51 51 48 46 43 40 38 35 34 35 35 35 35 35 35
65 68 71 74 77 81 88 96 103 111 118 126 130 122 114 106 98 90 82 75 71 67 63 59 55 51 48 44 41 37 34 30 27 24 24 24 24 23 23 23 23 22 21 20 19 19 18 17 14 12 10 8 6 4 4 6 8 11 13 16 18 20 20 21 22 22 23 24 24 24 24 23 23 23 23 26 31 36 42 47 52 58 58 55 52 49 46 43 40 39 38 38 38 37 37 37
67 70 74 77 80 84 92 100 108 116 123 131 136 126 117 108 98 89 80 72 68 63 59 55 51 47 44 41 39 36 34 31 28 26 26 25 24 24 23 22 22 21 19 18 17 16 15 13 11 9 7 5 3 1 1 4 7 9 12 15 17 19 20 21 22 23 24 24 25 25 25 25 24 24 24 28 34 40 46 52 58 64 64 61 58 54 51 48 44 43 42 41 41 40 39 39
