pluvio/pluvio-378.asc
ncols         252
nrows         154
xllcorner     -0.5
yllcorner     -153.5
cellsize      1
NODATA_value  -9999
[rows 69 to 137 of 154, columns 96 to 191 of 252]
0 0 0 0 0 0 0 0 0 0 0 0 1 1 1 1 1 2 2 2 2 2 2 3 3 3 3 3 3 3 3 3 3 3 2 2 2 2 2 2 2 2 3 3 4 4 4 5 5 5 5 5 5 5 5 5 5 6 6 6 6 6 6 5 5 4 4 3 3 3 2 2 2 2 2 2 3 4 5 6 7 8 8 8 8 8 8 8 8 8 8 8 9 9 9 9
0 0 0 0 0 0 0 0 0 0 0 0 1 1 1 1 1 2 2 2 2 2 3 3 3 3 3 3 3 3 3 3 3 3 3 3 2 2 2 2 2 3 3 3 4 4 5 5 5 5 5 5 5 5 5 5 6 6 6 7 7 7 6 5 5 4 3 3 2 2 2 2 2 2 2 3 4 5 6 7 8 9 10 9 9 9 9 8 8 8 9 9 9 9 9 10
0 0 0 0 0 0 0 0 0 0 0 0 1 1 1 1 1 2 2 2 2 3 3 3 3 4 4 4 4 3 3 3 3 3 3 3 3 3 2 2 2 3 3 3 4 4 5 5 5 5 5 5 5 5 5 6 6 6 7 7 8 7 6 6 5 4 3 2 2 2 2 2 2 2 2 3 5 6 7 8 10 11 11 11 10 10 9 9 9 9 9 9 9 10 10 10
0 0 0 0 0 0 0 0 0 0 0 0 1 1 1 1 1 2 2 2 2 3 3 3 4 4 4 4 4 4 4 4 4 3 3 3 3 3 3 2 3 3 3 4 4 4 5 5 5 5 5 5 5 5 5 6 6 7 7 8 8 8 7 6 5 4 3 2 1 2 2 2 2 3 3 4 5 7 8 9 11 12 12 12 11 11 10 10 9 9 9 9 10 10 10 10
0 0 0 0 0 0 0 0 0 0 0 0 1 1 1 1 1 2 2 2 2 3 3 3 4 4 4 4 4 4 4 4 4 4 4 3 3 3 3 3 3 3 3 4 4 4 5 5 5 5 5 5 5 5 5 6 6 7 8 8 9 8 7 6 5 4 2 1 1 1 2 2 2 3 3 4 6 7 9 11 12 14 14 13 13 12 11 10 10 10 10 10 10 10 10 10
0 0 0 0 0 0 0 0 0 0 1 1 1 1 1 1 2 2 2 2 3 3 3 4 4 4 5 5 4 4 4 4 4 4 4 4 4 3 3 3 3 4 4 4 5 5 5 6 6 6 5 5 5 5 6 6 7 8 8 9 10 9 8 8 7 6 5 4 4 4 4 4 4 4 4 5 6 7 9 10 12 13 14 13 13 13 12 12 12 12 12 12 12 13 13 13
0 0 0 0 0 0 0 0 1 1 1 1 1 1 1 2 2 2 2 3 3 3 4 4 4 5 5 5 5 4 4 4 4 4 4 4 4 4 4 3 4 4 4 5 5 6 6 6 6 6 6 6 6 6 6 7 7 8 9 10 10 10 10 9 9 8 7 7 6 6 6 5 5 5 4 5 6 7 9 10 11 13 13 13 13 13 14 14 14 14 14 15 15 15 16 16
0 0 0 0 1 1 1 1 1 1 1 1 1 1 2 2 2 2 3 3 3 4 4 4 4 5 5 5 5 5 5 4 4 4 4 4 4 4 4 4 4 4 5 5 6 6 7 7 7 7 6 6 6 6 6 7 8 9 9 10 11 11 11 11 10 10 10 10 9 8 8 7 6 6 5 5 6 7 9 10 11 12 13 13 14 14 15 15 16 16 17 17 18 18 18 19
0 1 1 1 1 1 1 1 1 1 1 1 1 1 2 2 2 3 3 3 4 4 4 4 5 5 5 5 5 5 5 5 5 5 4 4 4 4 4 4 4 5 5 6 7 7 8 8 8 7 7 7 6 6 6 7 8 9 10 11 12 12 12 12 12 12 12 12 12 11 10 9 8 6 5 6 7 7 8 9 10 11 12 13 14 15 16 17 18 19 19 20 20 20 21 21
1 1 1 1 1 1 1 1 1 1 1 1 1 2 2 2 3 3 3 4 4 4 4 4 5 5 5 5 5 5 5 5 5 5 5 5 5 5 5 5 5 5 6 7 7 8 8 9 8 8 8 7 7 6 7 8 9 10 11 12 13 13 13 14 14 15 15 15 15 13 12 10 9 7 6 6 7 7 8 9 10 10 12 13 14 16 17 19 20 21 21 22 23 23 24 24
1 1 1 1 1 1 1 1 1 1 1 1 1 2 2 2 3 3 4 4 4 4 4 5 5 5 5 5 5 5 5 5 5 5 5 5 5 5 5 5 5 6 7 7 8 8 9 9 9 8 8 8 7 7 7 8 9 10 11 12 13 14 15 15 16 17 17 18 17 15 14 12 10 8 7 6 7 7 8 9 9 10 11 13 15 17 19 20 22 23 24 24 25 26 26 27
1 1 1 1 1 1 1 1 1 1 1 1 1 2 2 3 3 3 4 4 4 5 5 5 5 5 5 5 5 5 5 5 5 5 5 5 5 5 5 5 6 6 7 8 8 9 10 10 10 9 9 8 8 7 7 8 10 11 12 13 14 15 16 17 18 19 20 21 20 18 16 14 11 9 7 7 7 7 8 8 9 9 11 13 15 18 20 22 24 25 26 27 28 28 29 30
1 1 1 1 2 2 2 2 2 2 2 2 2 2 3 3 4 4 4 5 5 5 5 6 6 6 6 6 6 6 6 6 6 5 5 6 6 6 6 6 6 7 7 8 9 10 11 11 11 10 10 9 9 8 9 9 10 11 12 13 14 15 16 17 18 19 19 20 20 18 16 14 12 11 9 8 9 9 9 10 10 10 12 14 16 18 20 22 24 25 26 26 27 28 28 29
1 1 2 2 2 2 2 2 2 2 2 2 2 3 3 4 4 5 5 5 6 6 6 6 6 7 7 7 6 6 6 6 6 6 6 6 6 6 6 6 6 7 8 9 10 11 12 12 12 11 11 10 10 10 10 11 11 12 13 14 15 15 16 17 18 18 19 20 19 18 16 15 13 12 11 10 10 11 11 11 11 11 13 14 16 18 20 22 23 24 25 26 27 27 28 29
2 2 2 2 2 2 2 2 3 3 3 3 3 3 4 4 5 5 6 6 6 6 7 7 7 7 7 7 7 7 7 7 6 6 6 6 6 6 6 6 6 7 8 9 10 12 13 13 13 12 12 12 11 11 11 12 12 13 13 14 15 15 16 17 17 18 19 19 19 18 17 16 15 13 12 12 12 12 12 12 12 12 13 15 17 18 20 21 23 24 25 25 26 27 28 28
2 2 2 2 2 3 3 3 3 3 3 3 3 4 4 5 5 6 6 7 7 7 7 7 8 8 8 8 8 7 7 7 7 7 7 6 6 6 6 6 6 8 9 10 11 12 14 14 14 13 13 13 12 12 12 13 13 14 14 15 15 16 16 17 17 18 18 19 19 18 17 16 16 15 14 14 14 14 14 14 13 13 14 16 17 18 20 21 23 23 24 25 26 26 27 28
2 2 2 3 3 3 3 3 3 3 4 4 4 4 5 5 6 6 7 7 7 8 8 8 8 8 9 8 8 8 8 7 7 7 7 7 7 6 6 6 6 8 9 10 12 13 15 15 15 15 14 14 14 13 13 14 14 14 15 15 15 16 16 17 17 18 18 19 19 18 18 17 17 16 16 15 15 15 15 15 15 14 15 16 17 19 20 21 22 23 24 24 25 26 27 27
2 3 3 3 3 3 3 4 4 4 4 4 4 5 5 6 6 7 7 8 8 8 8 9 9 9 9 9 9 8 8 8 8 7 7 7 7 7 6 6 7 8 10 11 13 14 15 16 16 16 15 15 15 15 15 15 15 15 15 15 16 16 16 17 17 17 18 18 18 18 18 18 18 18 17 17 17 17 16 16 16 16 16 17 18 19 20 21 22 22 23 24 25 25 26 27
3 3 3 3 3 3 4 4 4 4 4 5 5 5 6 6 7 7 8 8 8 9 9 9 9 10 10 9 9 9 9 8 8 8 8 7 7 7 7 6 7 8 10 12 13 15 16 17 17 17 16 16 16 16 16 16 16 16 16 16 16 16 16 17 17 17 18 18 18 18 19 19 19 19 19 19 19 18 18 18 17 17 17 18 19 19 20 21 21 22 23 24 24 25 26 27
2 3 3 3 3 3 3 4 4 4 4 4 5 5 6 6 7 7 8 8 8 8 9 9 9 9 9 9 9 9 8 8 8 8 8 7 7 7 7 7 7 9 11 12 14 16 17 18 18 18 17 17 17 16 16 16 17 17 17 17 17 17 18 18 19 20 20 21 21 22 22 22 23 23 23 23 22 22 21 21 20 20 20 21 21 22 23 23 24 24 25 26 26 27 27 28
2 2 2 3 3 3 3 3 3 4 4 4 4 5 5 6 6 7 7 8 8 8 8 9 9 9 9 9 9 8 8 8 8 8 8 7 7 7 7 7 8 10 11 13 15 17 18 19 19 18 18 18 17 17 17 17 17 17 18 18 18 18 19 20 21 22 23 24 24 25 25 26 26 27 27 27 26 26 25 24 24 23 23 24 24 25 25 26 26 27 27 28 28 28 29 29
2 2 2 2 2 3 3 3 3 3 3 4 4 4 5 5 6 7 7 8 8 8 8 8 8 9 9 8 8 8 8 8 8 7 8 8 8 8 8 8 9 10 12 14 16 17 19 20 20 19 19 19 18 18 18 18 18 18 18 19 19 20 21 22 23 24 25 26 27 28 28 29 30 30 31 31 30 29 28 28 27 26 26 26 27 27 28 28 29 29 29 30 30 30 30 31
2 2 2 2 2 2 3 3 3 3 3 3 4 4 5 5 6 6 7 7 7 8 8 8 8 8 8 8 8 8 8 7 7 7 8 8 8 8 8 8 9 11 13 15 16 18 20 21 21 20 20 19 19 19 18 19 19 19 19 20 20 21 22 24 25 26 28 29 30 31 32 33 33 34 35 35 34 33 32 31 30 29 29 29 30 30 30 31 31 31 31 31 32 32 32 32
2 2 2 2 2 2 2 2 3 3 3 3 3 4 4 5 5 6 7 7 7 7 7 8 8 8 8 8 8 7 7 7 7 7 8 8 8 8 9 9 10 12 14 15 17 19 21 22 21 21 21 20 20 19 19 19 20 20 20 21 21 22 24 25 27 29 30 32 33 34 35 36 37 38 39 38 37 36 35 34 33 32 32 32 32 33 33 33 33 33 33 33 33 34 34 34
1 1 2 2 2 2 2 2 2 2 3 3 3 4 4 5 5 6 6 7 7 7 7 7 7 7 7 7 7 7 7 7 7 7 8 8 8 9 9 10 11 12 14 16 18 20 22 23 22 22 21 21 20 20 20 20 21 21 21 22 22 23 25 27 29 31 33 35 36 37 38 39 40 42 43 42 41 40 39 38 36 35 35 35 35 35 35 35 36 36 35 35 35 35 35 35
1 1 1 1 2 2 2 2 2 2 2 2 3 3 4 4 5 6 6 7 7 7 7 7 7 7 7 7 7 7 7 7 7 7 8 8 9 9 10 10 11 13 15 17 19 21 23 24 23 23 22 22 21 21 21 21 21 22 22 23 23 24 27 29 31 33 36 38 39 41 42 43 44 45 46 46 45 43 42 41 40 38 38 38 38 38 38 38 38 38 38 38 37 37 37 37
1 1 1 1 2 2 2 2 2 2 2 3 3 3 4 5 5 6 7 7 7 7 8 8 8 8 8 8 8 8 8 8 8 9 9 9 10 10 11 11 12 14 17 19 21 23 25 26 26 25 24 24 23 23 23 23 24 24 24 25 25 27 29 32 34 36 39 41 43 44 45 46 47 48 49 49 48 47 46 45 44 43 43 43 43 43 43 43 43 43 42 42 41 41 40 39
1 1 1 2 2 2 2 2 2 2 2 3 3 4 4 5 6 6 7 8 8 8 8 8 9 9 9 9 9 9 9 10 10 10 10 11 11 11 12 12 13 16 18 20 23 25 27 28 28 27 27 26 25 25 25 25 26 26 27 27 28 29 32 34 37 39 42 44 46 47 48 49 50 51 52 52 51 50 50 49 48 47 47 47 47 47 47 48 48 47 46 46 45 44 43 42
1 1 1 2 2 2 2 2 2 2 3 3 3 4 4 5 6 7 7 8 8 9 9 9 9 10 10 10 10 10 11 11 11 11 12 12 12 13 13 13 14 17 19 22 24 27 29 31 30 29 29 28 27 27 27 27 28 28 29 29 30 32 34 37 40 42 45 47 49 50 51 52 53 54 55 55 54 54 53 53 52 52 52 52 52 52 52 52 52 52 51 49 48 47 46 45
1 1 1 2 2 2 2 2 2 3 3 3 3 4 5 5 6 7 8 8 9 9 9 10 10 10 11 11 11 12 12 12 12 13 13 13 14 14 14 14 16 18 21 24 26 29 31 33 32 31 31 30 29 29 29 29 30 31 31 32 32 34 37 40 42 45 48 51 52 53 54 55 56 57 58 58 58 57 57 57 57 56 56 57 57 57 57 57 57 56 55 53 52 51 49 48
1 1 1 2 2 2 2 2 2 3 3 3 3 4 5 6 6 7 8 9 9 10 10 10 11 11 12 12 12 13 13 14 14 14 14 15 15 15 15 15 17 19 22 25 28 31 34 35 34 34 33 32 31 31 31 31 32 33 33 34 35 36 39 42 45 48 51 54 55 56 57 58 59 60 61 61 61 61 61 61 61 61 61 61 61 61 62 62 62 61 59 57 56 54 53 51
1 1 1 2 2 2 2 2 3 3 3 3 3 4 5 6 7 8 8 9 10 10 11 11 12 12 13 13 13 14 14 15 15 16 16 16 16 16 16 16 18 21 24 27 30 33 36 37 36 36 35 34 33 33 33 33 34 35 36 36 37 39 42 45 48 51 54 57 59 59 60 61 62 63 63 64 64 64 65 65 65 65 66 66 66 66 66 66 66 65 63 61 60 58 56 54
1 1 1 2 2 2 2 3 3 3 3 3 3 4 5 6 7 8 9 10 10 11 12 12 13 13 14 14 15 15 16 16 17 17 17 18 18 18 18 18 19 22 25 29 32 35 38 39 39 38 37 36 36 35 35 36 36 37 38 39 39 41 45 48 51 54 57 60 62 63 63 64 65 66 66 67 67 68 68 69 69 70 70 70 70 71 71 71 71 69 67 65 63 61 59 57
1 2 2 2 3 3 3 3 3 3 4 4 4 5 6 7 8 9 10 11 12 13 14 15 15 16 17 17 18 19 19 20 20 21 21 21 21 22 22 22 23 26 29 32 35 38 40 42 41 40 40 39 39 38 38 39 39 40 41 42 42 44 48 51 54 57 61 64 65 66 67 67 68 69 69 70 71 71 72 73 74 74 74 74 74 74 74 74 74 73 71 69 67 65 63 61
2 2 2 3 3 3 3 4 4 4 4 4 5 6 7 8 9 10 12 13 14 15 16 17 18 19 20 20 21 22 22 23 23 24 24 25 25 25 26 26 27 30 32 35 38 40 43 44 44 43 43 42 42 41 41 42 42 43 44 45 45 47 51 54 57 61 64 67 69 70 70 71 71 72 73 73 74 75 76 77 78 78 79 78 78 78 78 77 77 76 74 72 71 69 67 65
2 2 3 3 4 4 4 4 4 5 5 5 5 7 8 9 10 12 13 14 15 17 18 19 21 22 23 24 24 25 25 26 27 27 28 28 29 29 30 30 31 34 36 38 41 43 45 47 46 46 45 45 44 44 44 45 45 46 47 48 48 50 54 57 61 64 67 71 73 73 74 74 75 75 76 77 78 79 80 81 82 83 83 82 82 82 81 81 80 79 77 76 74 73 71 69
3 3 3 4 4 4 5 5 5 5 5 5 6 7 9 10 11 13 14 16 17 19 20 22 23 25 26 27 27 28 29 29 30 31 31 32 32 33 33 34 35 37 39 42 44 46 48 49 49 48 48 48 47 47 47 48 49 49 50 51 51 53 57 60 64 67 71 74 76 77 77 78 78 79 79 80 81 82 83 85 86 87 87 86 86 85 85 84 83 82 81 79 78 76 75 73
3 3 4 4 4 5 5 5 5 6 6 6 6 8 9 11 12 14 15 17 19 21 22 24 26 28 29 30 30 31 32 32 33 34 35 35 36 37 37 38 39 41 43 45 47 49 50 51 51 51 51 51 50 50 50 51 52 52 53 53 54 56 60 63 67 71 74 78 80 80 80 81 81 82 82 83 85 86 87 89 90 91 91 90 90 89 88 87 87 85 84 83 81 80 79 77
4 4 4 5 5 5 6 6 6 6 6 7 7 9 10 12 14 15 17 18 20 22 24 26 28 30 32 33 34 34 35 36 36 37 38 39 40 40 41 42 43 45 46 48 50 51 53 54 54 54 53 53 53 53 53 54 55 55 56 56 57 59 63 67 70 74 78 81 83 83 84 84 85 85 85 87 88 90 91 93 94 96 95 94 94 93 92 91 90 89 87 86 85 84 83 82
5 5 5 6 6 6 7 7 7 7 8 8 8 10 12 13 15 17 18 20 22 25 27 29 31 34 35 36 37 38 39 39 40 41 42 43 44 44 45 46 47 49 50 51 53 54 55 56 56 56 56 56 56 56 57 57 58 58 59 60 60 62 66 70 73 77 81 84 86 86 87 87 87 88 88 89 91 92 94 96 97 99 99 98 97 95 94 93 92 91 90 89 88 87 86 85
7 8 9 9 10 10 11 11 11 11 12 12 12 14 15 17 19 20 22 24 26 28 31 33 35 38 40 41 42 42 43 44 45 46 47 48 49 49 50 51 52 53 54 55 56 57 58 58 59 59 59 59 60 60 60 61 62 63 63 64 65 67 70 73 76 79 82 85 87 87 87 87 87 88 88 89 90 92 93 95 96 98 98 97 96 95 94 93 92 91 90 89 87 86 85 83
10 11 12 13 13 14 14 15 15 15 15 16 16 18 19 21 22 24 25 27 29 32 34 37 39 42 44 45 46 47 48 49 50 51 52 53 53 54 55 56 56 57 58 58 59 60 60 61 61 62 62 63 63 63 64 65 66 67 68 69 69 71 74 76 79 81 84 86 87 87 87 87 88 88 88 89 90 91 93 94 95 97 97 96 95 95 94 93 93 91 90 88 87 85 84 82
13 14 15 16 17 18 18 19 19 19 19 20 20 22 23 24 26 27 29 30 33 36 38 41 43 46 48 50 51 52 53 54 56 57 57 58 58 59 60 60 61 61 61 62 62 62 63 63 64 64 65 66 66 67 68 69 70 71 72 73 74 75 77 79 81 83 85 87 88 88 88 88 88 88 88 88 90 91 92 93 95 96 96 95 95 94 94 93 93 91 90 88 86 85 83 81
16 17 19 20 21 22 22 22 23 23 23 24 24 26 27 28 29 31 32 34 36 39 42 45 47 50 53 54 55 57 58 59 61 62 62 63 63 64 64 65 65 65 65 65 65 65 65 65 66 67 68 69 70 71 72 73 74 75 76 77 79 80 81 82 84 85 87 88 88 88 88 88 88 88 88 88 89 90 92 93 94 95 95 95 94 94 94 93 93 91 89 88 86 84 82 80
19 21 22 23 24 25 26 26 27 27 27 28 28 29 31 32 33 34 35 37 40 43 46 49 51 54 57 58 60 61 63 65 66 67 68 68 68 69 69 70 70 69 69 69 68 68 67 68 69 70 71 72 73 74 76 77 78 79 81 82 83 84 85 86 86 87 88 89 89 89 88 88 88 88 87 88 89 90 91 92 93 94 94 94 94 94 93 93 93 91 89 87 85 83 81 79
22 24 25 27 28 29 30 30 30 31 31 32 32 33 34 35 37 38 39 40 43 46 49 52 55 59 61 63 65 66 68 70 71 72 73 73 73 74 74 74 74 73 73 72 71 71 70 70 71 73 74 75 77 78 79 81 82 83 85 86 88 88 89 89 89 89 89 90 90 89 89 88 88 88 87 88 89 90 90 91 92 93 93 93 93 93 93 93 93 91 89 87 85 82 80 78
25 26 28 29 31 32 33 33 34 34 35 35 36 37 38 39 40 41 42 44 47 50 53 56 59 62 65 67 69 71 72 74 76 77 77 78 78 78 78 78 78 77 76 75 75 74 73 73 74 76 77 79 80 82 83 84 86 87 89 90 92 92 92 92 92 91 91 91 91 90 90 89 89 88 88 88 89 90 91 91 92 93 93 93 93 93 93 93 94 92 90 87 85 83 80 78
26 27 29 31 32 34 34 35 35 36 36 37 37 39 40 41 43 44 45 47 50 53 56 59 62 65 68 70 72 74 75 77 79 80 81 81 81 81 82 82 82 81 80 79 79 78 77 77 78 80 81 82 84 85 86 88 89 90 92 93 95 95 95 95 94 94 94 94 93 93 92 92 92 91 91 91 92 93 94 94 95 96 96 96 96 96 96 95 95 94 92 90 88 86 84 82
27 29 30 32 34 35 36 36 37 37 38 39 39 41 42 44 45 47 48 50 53 56 59 62 65 68 71 73 75 77 78 80 82 83 84 84 84 85 85 85 85 84 84 83 83 82 81 81 82 84 85 86 87 88 90 91 92 94 95 96 98 98 98 97 97 97 97 96 96 96 95 95 94 94 94 94 95 96 96 97 98 99 99 99 98 98 98 97 97 96 94 93 91 89 87 86
28 30 31 33 35 36 37 38 38 39 40 40 41 43 45 46 48 50 52 54 57 59 62 65 68 71 74 76 78 80 81 83 85 87 87 87 88 88 88 89 89 88 88 87 86 86 85 86 87 88 89 90 91 92 93 94 95 97 98 99 101 101 101 100 100 100 99 99 98 98 98 98 97 97 97 97 98 98 99 100 101 102 102 101 101 100 100 99 99 98 97 95 94 92 91 90
29 31 33 34 36 38 39 39 40 41 41 42 43 45 47 49 51 53 55 57 60 63 66 68 71 74 77 79 81 83 84 86 88 90 90 90 91 91 92 92 92 92 91 91 90 90 90 90 91 92 92 93 94 95 96 97 99 100 101 102 103 104 103 103 103 102 102 101 101 101 101 100 100 100 99 100 101 101 102 103 104 104 104 104 103 103 102 101 101 100 99 98 97 96 95 94
30 32 34 36 37 39 40 41 41 42 43 44 45 47 49 51 54 56 58 60 63 66 69 71 74 77 80 82 84 86 87 89 91 93 93 94 94 94 95 95 95 95 95 95 94 94 94 94 95 96 96 97 98 98 99 101 102 103 104 105 106 107 106 106 105 105 104 104 104 103 103 103 103 102 102 103 103 104 105 106 106 107 107 106 106 105 104 103 103 102 101 100 100 99 98 98
31 33 35 37 39 40 41 42 43 44 45 46 47 49 52 54 56 59 61 64 66 69 72 75 77 80 83 85 87 89 91 93 95 96 96 97 97 98 98 99 99 99 99 99 98 98 98 98 99 100 100 101 101 102 103 104 105 106 107 108 109 110 109 109 108 108 107 107 106 106 106 106 105 105 105 105 106 107 108 108 109 110 110 109 108 107 106 105 105 104 104 103 103 102 102 101
32 34 36 38 40 42 43 44 44 45 46 47 49 51 54 56 59 61 64 66 69 72 74 77 79 82 84 86 89 91 93 95 97 98 99 99 100 100 101 101 101 101 101 101 102 102 102 102 102 103 103 103 104 104 105 106 107 108 109 110 111 112 111 111 110 110 109 109 108 108 108 108 108 107 107 108 109 110 111 111 112 113 113 112 111 110 109 109 108 107 107 107 107 106 106 106
33 35 37 39 40 42 43 45 46 47 48 49 51 53 56 58 60 63 65 68 70 72 75 77 80 82 84 86 88 90 92 94 97 98 99 99 100 100 100 101 101 102 102 102 103 103 103 103 103 104 104 104 104 104 105 106 107 108 109 111 112 112 111 111 111 110 110 109 109 109 108 108 108 108 108 109 110 112 113 115 116 118 118 117 117 116 115 115 114 114 113 113 113 112 112 112
34 35 37 39 41 43 44 46 47 48 50 51 53 55 57 60 62 64 67 69 71 73 75 78 80 82 84 86 88 90 92 94 96 98 98 99 99 100 100 101 101 102 102 103 104 104 105 105 105 105 104 104 104 104 105 106 107 108 109 111 112 112 112 111 111 111 110 110 109 109 109 109 109 108 108 109 112 114 116 118 120 122 123 122 122 122 121 121 120 120 120 119 119 118 118 117
34 36 38 40 42 43 45 47 48 50 51 53 55 57 59 62 64 66 68 70 72 74 76 78 80 82 84 86 88 90 92 94 96 98 98 99 99 100 100 101 101 102 103 104 105 105 106 106 106 106 105 105 104 104 104 106 107 108 109 111 112 112 112 112 111 111 111 110 110 110 110 109 109 109 109 110 113 116 118 121 124 127 127 127 127 127 127 127 127 126 126 125 125 124 124 123
35 37 39 40 42 44 46 48 50 51 53 55 57 59 61 63 65 68 70 72 73 75 77 78 80 81 83 85 88 90 92 94 96 98 98 99 99 100 100 101 101 103 104 105 106 107 108 108 107 107 106 105 105 104 104 106 107 108 110 111 112 113 112 112 112 111 111 111 111 110 110 110 110 109 109 111 114 118 121 124 128 131 132 132 133 133 133 133 133 133 132 131 131 130 129 129
36 37 39 41 43 45 47 49 51 53 55 57 59 61 63 65 67 69 71 73 74 76 77 79 80 81 83 85 87 90 92 94 96 98 98 99 99 100 100 101 102 103 104 105 107 108 109 109 108 108 107 106 105 104 104 105 107 108 110 111 112 113 113 112 112 112 112 111 111 111 111 110 110 110 110 112 116 120 124 128 132 135 137 138 138 138 139 139 140 139 138 138 137 136 135 134
36 38 40 42 43 45 48 50 52 54 57 59 61 63 65 67 69 71 73 74 76 77 78 79 80 81 83 85 87 89 92 94 96 98 98 99 99 100 100 101 102 103 105 106 108 109 111 111 110 109 107 106 105 104 104 105 107 108 110 111 113 113 113 113 113 112 112 112 112 111 111 111 111 110 110 113 117 122 126 131 135 140 142 143 143 144 145 145 146 146 145 144 143 142 141 140
37 39 41 43 44 46 49 51 53 56 58 61 63 65 67 69 70 72 74 76 77 78 79 80 81 82 83 85 87 90 92 94 97 98 99 100 100 101 102 102 103 105 106 108 110 111 113 113 112 110 109 107 106 104 104 106 107 109 110 112 113 114 114 114 114 114 114 115 114 114 114 113 113 113 112 115 120 125 129 134 139 144 146 147 148 149 150 151 152 151 150 149 148 147 146 145
39 41 42 44 46 48 50 53 55 57 60 62 65 66 68 70 72 74 75 77 78 79 80 81 82 83 84 87 89 91 94 96 99 100 101 102 104 105 106 107 108 109 111 112 114 115 117 117 115 114 112 110 109 107 107 108 109 111 112 114 115 116 117 118 119 119 120 121 121 121 120 120 119 119 118 120 125 129 133 137 142 146 148 150 151 152 154 155 156 156 155 154 153 152 151 149
40 42 44 46 47 49 52 54 57 59 62 64 66 68 70 71 73 75 77 78 79 80 81 82 83 84 86 88 91 93 95 98 100 102 104 105 107 108 110 111 112 114 115 117 118 119 121 121 119 117 115 113 111 109 109 110 111 113 114 115 116 118 120 121 123 124 126 128 128 127 126 126 125 124 124 126 129 133 137 141 144 148 151 152 154 156 158 159 161 161 160 158 157 156 155 154
42 44 45 47 49 51 53 56 58 61 63 66 68 70 71 73 75 76 78 79 80 81 83 84 85 86 87 90 92 95 97 100 102 105 106 108 110 112 114 116 117 118 120 121 122 124 125 125 122 120 118 116 114 112 111 112 113 115 116 117 118 120 122 125 127 129 132 134 134 134 133 132 131 130 129 131 134 137 141 144 147 150 153 155 157 159 161 164 166 165 164 163 162 160 159 158
44 45 47 49 50 52 55 57 60 62 65 67 70 71 73 74 76 78 79 81 82 83 84 85 86 87 89 91 94 96 99 101 104 107 109 111 113 115 118 120 122 123 124 125 126 128 129 128 126 124 121 119 116 114 113 114 115 116 118 119 120 122 125 128 131 134 137 140 141 140 139 138 137 136 135 136 139 142 144 147 150 153 155 158 160 163 165 168 170 170 169 167 166 165 163 162
45 47 49 50 52 54 56 59 61 64 66 69 71 73 74 76 77 79 80 82 83 84 85 86 87 88 90 93 95 98 101 103 106 109 111 114 117 119 122 124 126 127 129 130 131 132 133 132 130 127 124 122 119 116 115 116 117 118 119 120 121 124 128 131 135 139 143 147 148 147 145 144 143 142 141 142 144 146 148 151 153 155 158 161 163 166 169 172 175 175 173 172 170 169 167 166
47 48 50 52 53 55 58 60 63 66 68 71 73 74 76 77 79 80 82 83 84 85 86 87 89 90 91 94 97 100 102 105 108 111 114 117 120 123 126 129 131 132 133 134 135 136 137 136 133 130 127 124 121 119 118 118 119 120 121 122 123 126 130 135 140 144 149 153 155 153 152 150 149 148 146 147 149 150 152 154 156 157 160 163 167 170 173 176 180 179 178 176 175 173 172 170
49 50 52 54 56 57 60 63 65 68 70 73 75 76 77 79 80 81 82 84 85 86 87 89 90 91 93 96 98 101 104 107 109 112 115 119 122 125 128 131 133 134 135 136 137 138 139 138 134 131 128 125 122 119 117 118 119 120 121 122 123 126 131 136 141 146 151 157 158 157 155 154 153 151 150 150 152 153 155 156 157 159 162 165 168 172 175 179 182 182 180 178 177 175 173 171
51 53 55 57 59 61 63 66 68 70 73 75 77 78 79 80 81 82 83 84 85 87 88 89 91 92 94 97 100 102 105 108 110 113 116 119 122 125 127 130 132 133 134 135 135 136 137 136 132 129 125 122 118 115 114 115 116 118 119 120 122 125 130 135 140 145 150 155 156 155 154 154 153 152 151 152 153 154 155 157 158 159 162 165 169 172 175 178 182 181 179 176 174 172 170 167
