pluvio/pluvio-367.asc
ncols         252
nrows         154
xllcorner     -0.5
yllcorner     -153.5
cellsize      1
NODATA_value  -9999
[rows 92 to 137 of 154, columns 0 to 95 of 252]
55 60 65 70 72 72 72 71 71 71 71 71 72 73 73 74 75 76 76 76 76 77 77 77 77 78 80 81 83 84 86 87 87 86 85 84 82 81 80 84 89 95 100 106 111 117 117 117 117 117 116 116 116 117 118 119 120 122 123 124 126 129 131 133 135 138 140 141 143 144 146 147 149 150 147 143 139 135 131 127 123 120 118 115 112 110 107 105 112 119 126 133 140 147 154 156
57 62 66 71 73 73 73 72 72 72 72 72 73 73 74 75 75 76 76 76 76 76 76 76 76 77 79 81 82 84 86 88 88 86 85 84 83 82 81 85 90 95 100 105 110 115 116 115 115 114 113 112 112 113 115 117 119 122 124 126 128 131 133 136 138 141 143 144 145 146 147 147 148 149 146 143 140 137 134 131 128 125 122 120 117 114 111 109 117 125 132 140 148 155 163 165
59 63 68 72 74 74 73 73 73 73 72 73 73 74 75 75 76 77 77 77 76 76 76 75 75 76 78 80 82 84 86 88 88 87 86 85 84 83 82 85 90 95 100 105 109 114 114 113 112 111 110 109 108 110 113 116 119 122 124 127 130 133 136 139 141 144 147 147 147 148 148 148 148 148 146 144 142 140 137 135 133 130 127 124 122 119 116 114 122 130 138 147 155 163 171 173
60 64 69 73 75 75 75 74 74 74 73 74 74 75 76 77 77 78 78 78 77 77 77 76 76 77 79 81 83 84 86 88 88 87 86 86 85 84 83 86 91 95 100 104 109 113 114 113 113 112 111 111 110 112 115 118 121 124 127 129 132 135 139 142 145 148 151 151 151 151 151 151 150 150 148 146 145 143 141 139 137 134 132 129 127 124 122 120 128 137 145 153 161 169 177 179
61 66 70 74 76 76 76 75 75 75 75 75 76 76 77 78 79 80 80 79 79 78 78 77 77 78 80 81 83 85 86 88 88 88 87 86 86 85 84 87 91 96 100 104 108 112 113 113 113 112 112 112 112 114 117 120 123 126 129 132 135 138 141 145 148 151 154 154 154 154 154 153 153 153 151 149 147 146 144 142 140 138 136 134 132 130 128 127 135 143 151 159 167 175 182 184
63 67 71 75 77 77 77 76 76 76 76 76 77 78 78 79 80 81 81 80 80 80 79 79 78 79 81 82 84 85 87 88 88 88 87 87 87 86 86 88 92 96 100 104 107 111 112 112 113 113 113 114 114 116 119 122 125 128 131 134 137 141 144 148 151 155 158 158 157 157 156 156 155 155 153 152 150 148 147 145 144 142 141 139 138 136 135 134 142 149 157 165 173 181 188 189
64 68 72 76 78 78 78 77 77 77 77 77 78 79 80 80 81 82 82 82 81 81 80 80 79 80 81 83 84 85 87 88 88 88 88 88 87 87 87 89 93 96 100 103 107 110 111 112 113 114 114 115 116 118 121 124 127 130 133 136 140 143 147 151 154 158 162 161 161 160 159 159 158 157 156 154 153 151 150 149 147 146 145 144 143 142 141 140 148 156 164 171 179 187 194 194
66 70 73 77 79 79 79 78 78 78 78 78 79 80 81 82 83 84 84 83 82 82 81 81 80 81 82 83 85 86 87 88 88 88 88 88 88 88 88 91 94 97 100 103 106 109 111 112 113 114 115 116 117 120 123 126 129 132 135 138 142 146 150 154 158 162 166 165 164 163 162 161 160 159 158 157 156 154 153 152 151 150 149 149 148 148 147 147 155 162 170 177 185 193 199 200
67 71 75 78 80 80 80 80 79 79 79 79 80 81 82 83 84 85 85 84 84 83 83 82 81 82 83 84 85 86 87 88 88 89 89 89 89 89 90 92 94 97 100 103 105 108 110 111 113 115 116 118 119 122 125 128 131 134 137 140 144 149 153 157 161 165 169 168 167 166 165 164 163 162 161 160 158 157 156 155 154 154 154 154 154 154 153 154 161 169 176 184 191 198 205 205
68 72 76 79 81 81 81 80 80 80 80 80 82 83 84 85 86 87 87 86 86 85 84 84 83 83 84 85 86 86 87 88 89 89 89 90 90 91 91 93 95 98 100 103 105 107 110 111 113 115 117 119 121 124 127 130 133 136 140 143 147 151 156 160 164 169 173 172 171 169 168 167 165 164 163 162 161 160 159 158 157 157 158 158 158 158 159 159 167 174 181 189 196 203 210 209
67 71 75 79 81 80 80 80 80 80 80 82 84 86 88 91 93 95 95 94 92 90 89 87 86 85 86 87 87 88 89 89 90 91 91 92 92 93 93 95 98 100 102 105 107 109 111 113 115 117 119 121 123 126 129 132 135 138 142 145 150 154 159 164 169 174 179 178 176 174 172 170 168 166 164 163 161 160 159 157 156 156 157 158 158 159 159 160 167 174 181 188 195 202 208 210
66 70 74 78 80 80 80 80 80 81 81 83 86 89 93 96 100 103 103 101 98 96 93 91 88 88 88 89 89 90 90 90 91 92 93 93 94 95 96 98 100 102 104 106 109 111 113 115 117 119 121 122 124 127 131 134 137 140 144 147 152 158 163 169 174 179 185 183 180 178 175 172 170 167 165 164 162 160 158 156 155 156 156 157 158 159 160 161 168 174 181 188 194 201 207 210
66 70 74 78 80 80 80 80 81 81 81 84 88 93 97 102 107 111 111 108 104 101 98 94 91 90 90 90 91 91 91 92 92 93 94 95 96 97 98 100 102 104 106 108 110 112 114 116 118 120 122 124 126 129 132 136 139 143 146 149 155 161 167 173 179 185 191 188 185 182 178 175 172 169 167 165 162 160 158 156 154 155 156 157 158 159 160 162 168 174 181 187 194 200 206 211
65 69 73 77 79 80 80 80 81 81 81 85 90 96 102 108 114 119 119 115 110 106 102 98 94 92 92 92 92 93 93 93 94 95 96 97 98 99 100 102 104 106 108 110 112 114 116 118 120 122 124 126 128 131 134 138 141 145 148 151 158 164 171 177 183 190 196 193 190 186 182 178 174 171 168 165 163 160 158 155 153 154 155 157 158 159 161 162 168 175 181 187 193 199 205 211
64 68 73 77 79 80 80 80 81 81 82 86 93 100 106 113 120 127 127 122 117 112 106 101 96 94 94 94 94 94 94 94 95 96 97 99 100 102 103 105 106 108 110 112 114 116 118 120 122 124 125 127 129 133 136 140 143 147 150 154 160 167 174 181 188 195 202 199 194 190 185 181 177 172 169 166 163 160 157 154 151 153 155 156 158 160 161 163 169 175 180 186 192 198 204 212
63 68 72 76 79 79 80 80 81 81 82 87 95 103 111 119 127 135 135 129 123 117 111 105 99 97 96 96 96 96 95 95 96 98 99 101 102 104 105 107 109 110 112 114 116 118 119 121 123 125 127 129 131 134 138 141 145 149 152 156 163 170 178 185 193 200 208 204 199 194 189 184 179 174 171 167 164 160 157 154 150 152 154 156 158 160 162 164 169 175 180 186 191 197 202 212
63 67 72 76 79 79 80 80 81 82 82 87 96 105 114 123 132 141 140 134 127 121 114 108 101 99 98 98 98 97 97 96 98 99 101 102 104 106 107 109 111 112 114 115 117 119 121 122 124 126 128 130 132 136 139 143 147 151 155 158 166 173 181 189 196 204 212 207 202 196 191 186 180 175 171 167 164 160 156 153 149 151 153 155 157 159 161 163 168 173 178 183 189 194 199 210
63 67 72 76 79 79 80 81 81 82 82 87 95 103 111 119 127 135 135 129 124 118 113 107 102 100 100 100 100 99 99 99 100 101 103 104 106 107 108 110 111 112 114 115 117 118 120 122 124 126 128 129 131 136 140 145 149 154 158 163 169 176 182 188 195 201 207 203 198 193 187 182 177 172 168 165 161 158 154 150 147 148 149 151 152 153 154 156 161 165 170 175 179 184 189 199
63 68 72 77 79 80 80 81 81 82 82 87 94 101 108 115 123 130 130 125 121 116 112 107 103 101 101 101 101 102 102 102 103 104 105 106 107 108 109 110 112 113 114 115 116 117 119 121 123 125 127 129 131 135 141 146 151 157 162 167 173 178 183 188 193 198 203 199 194 189 184 179 174 169 166 162 159 155 152 148 145 145 146 146 147 148 148 149 153 157 161 166 170 174 179 188
63 68 72 77 79 80 80 81 81 82 82 86 92 99 105 112 118 124 125 121 118 114 110 107 103 102 103 103 103 104 104 104 105 106 107 108 109 109 110 111 112 113 114 115 116 117 118 120 122 124 126 128 130 135 141 148 154 160 166 172 176 180 184 187 191 195 199 195 190 185 180 176 171 166 163 159 156 153 149 146 143 143 142 142 142 142 142 142 145 149 153 157 161 164 169 177
63 68 73 77 80 80 81 81 82 82 82 86 91 97 102 108 113 119 119 117 114 112 109 107 104 104 104 105 105 106 106 107 108 108 109 109 110 111 111 112 113 113 114 115 115 116 118 120 122 123 125 127 129 135 142 149 156 163 170 176 180 182 185 187 190 192 195 190 186 181 177 172 168 163 160 157 154 150 147 144 141 140 139 138 137 136 135 135 138 141 145 148 151 155 158 165
63 68 73 78 80 80 81 81 82 82 82 85 90 95 99 104 109 113 114 113 111 110 108 106 105 105 106 106 107 108 109 110 110 110 111 111 112 112 112 113 113 114 114 114 115 115 117 119 121 123 125 127 128 135 143 150 158 166 173 181 183 184 185 187 188 189 190 186 182 178 173 169 165 160 157 154 151 148 145 142 139 137 135 134 132 131 129 128 130 133 136 139 142 145 148 154
64 68 73 78 80 81 81 81 82 82 82 85 89 93 96 100 104 108 109 109 108 107 107 106 106 106 107 108 109 110 111 112 113 113 113 113 113 113 113 114 114 114 114 114 115 115 116 118 120 122 124 126 128 135 143 152 160 169 177 186 186 186 186 186 186 186 186 182 178 174 170 166 162 158 155 152 149 146 143 140 137 134 132 130 127 125 122 120 123 125 128 130 133 135 138 143
64 69 74 79 81 81 82 82 82 83 83 85 88 91 95 98 101 104 106 106 106 106 106 106 106 107 109 110 111 112 114 115 115 115 115 115 114 114 114 114 114 114 114 114 114 114 116 118 120 121 123 125 127 135 144 152 161 170 179 188 188 187 186 185 184 183 182 178 174 171 167 163 159 156 153 150 147 144 141 138 135 132 130 127 124 121 118 116 118 120 122 124 126 128 130 135
67 72 76 80 83 83 83 84 84 84 85 87 90 93 96 100 103 106 107 107 108 108 108 108 108 109 110 112 113 114 116 117 117 117 116 116 115 115 114 114 114 114 114 114 114 114 116 118 119 121 123 125 127 134 142 150 158 166 175 183 183 182 181 180 179 178 177 175 172 169 166 163 160 157 154 151 148 145 142 139 135 133 130 128 125 122 120 117 119 121 122 124 126 127 129 135
70 74 78 82 84 85 85 85 86 86 86 88 91 95 98 101 104 108 109 109 109 109 109 109 109 110 112 114 115 117 118 120 120 119 118 117 116 115 114 114 114 114 114 114 114 114 116 118 119 121 123 125 127 133 141 148 155 163 170 178 178 177 176 175 175 174 173 171 169 167 165 162 160 158 155 152 148 145 142 139 136 133 131 129 126 124 121 119 121 122 123 124 126 127 129 135
73 76 80 84 86 86 87 87 87 87 88 90 93 96 100 103 106 109 111 111 111 111 111 111 111 112 114 115 117 119 120 122 122 120 119 118 116 115 114 114 114 114 114 114 114 114 116 117 119 121 123 125 126 132 139 146 153 159 166 173 173 172 172 171 170 169 169 167 166 165 163 162 161 159 156 153 149 146 143 139 136 134 132 129 127 125 123 121 122 123 124 125 126 126 128 135
75 79 82 86 88 88 88 89 89 89 89 91 95 98 101 104 108 111 112 112 112 112 112 112 112 114 115 117 119 121 123 125 124 122 121 119 117 115 114 113 114 114 114 114 114 114 116 117 119 121 123 124 126 131 138 144 150 156 162 168 168 168 167 166 166 165 164 164 163 163 162 161 161 160 157 153 150 146 143 139 136 134 132 130 129 127 125 123 124 124 125 125 126 126 127 135
78 81 84 88 89 90 90 90 90 91 91 93 96 99 103 106 109 112 114 114 114 114 114 114 114 115 117 119 121 123 125 127 126 124 122 120 118 116 114 113 113 114 114 114 114 114 116 117 119 121 122 124 126 131 136 141 147 152 158 163 163 163 162 162 161 161 160 160 160 161 161 161 161 161 158 154 151 147 143 140 136 135 133 131 130 128 126 125 125 125 125 125 125 126 127 135
81 84 86 89 91 91 92 92 92 92 93 95 98 101 104 108 111 114 115 115 115 115 115 115 115 117 119 121 123 125 127 130 128 126 123 121 119 116 114 113 113 114 114 114 114 114 116 117 119 121 122 124 126 130 134 139 144 149 153 158 158 158 158 157 157 156 156 157 158 159 160 161 162 163 159 155 151 148 144 140 136 135 134 132 131 129 128 127 126 126 126 126 125 125 126 135
83 86 88 91 92 93 93 93 93 94 94 96 99 102 105 109 112 115 116 116 116 116 116 116 116 118 120 122 125 127 129 131 130 127 125 122 120 117 114 114 114 115 115 116 116 116 118 119 121 122 124 125 127 130 134 138 142 146 150 154 155 154 154 154 154 153 153 154 156 157 159 160 162 163 160 156 152 149 145 141 137 136 135 134 132 131 130 129 128 128 127 127 126 126 126 136
86 88 90 93 94 94 94 94 94 94 94 96 99 102 105 108 111 114 116 116 116 116 116 116 116 118 120 122 125 127 129 131 130 128 126 124 122 120 118 118 118 119 120 121 122 122 123 125 126 127 128 129 131 133 137 140 143 146 150 153 153 153 153 153 154 154 154 155 156 158 159 161 162 163 160 157 154 150 147 144 140 139 137 136 134 133 131 130 130 130 130 129 129 129 130 139
88 90 92 94 95 95 95 95 95 95 95 96 99 102 105 108 111 114 115 115 115 116 116 116 116 118 120 122 125 127 129 131 131 129 127 126 124 122 121 121 123 124 125 126 127 129 129 130 131 132 133 134 135 137 139 142 144 146 149 151 152 152 153 153 154 154 155 156 157 158 159 161 162 163 160 158 155 152 149 146 143 142 140 138 137 135 133 132 132 132 132 132 132 132 134 142
90 92 94 95 96 96 96 96 96 95 95 97 100 102 105 108 110 113 114 115 115 115 116 116 116 118 120 122 125 127 129 131 131 130 129 127 126 125 124 125 127 128 130 131 133 135 135 136 137 137 138 138 139 140 142 143 145 146 148 150 151 151 152 153 154 154 155 156 157 159 160 161 162 163 161 158 156 154 151 149 146 144 143 141 139 137 135 133 134 134 134 135 135 136 137 145
93 94 95 97 97 97 97 97 96 96 96 97 100 102 105 107 110 112 114 114 115 115 116 116 116 118 120 122 124 127 129 131 131 130 130 129 128 128 127 129 131 133 135 137 139 141 141 142 142 142 142 142 143 143 144 145 146 146 147 148 149 150 151 153 154 155 156 157 158 159 160 161 162 163 161 159 157 155 153 151 149 147 145 143 141 139 137 135 135 136 137 138 138 139 141 148
95 96 97 98 99 98 98 97 97 97 96 97 100 102 105 107 109 112 113 114 114 115 115 116 116 118 120 122 124 127 129 131 131 131 131 131 131 131 130 132 135 137 140 142 145 147 147 147 147 147 147 147 147 147 147 147 147 147 147 147 148 149 151 152 154 155 157 158 159 159 160 161 162 163 161 160 158 157 155 154 152 150 148 145 143 141 138 136 137 138 139 140 141 142 144 151
97 98 99 100 100 99 99 98 98 97 97 98 100 102 104 107 109 111 112 113 114 114 115 116 116 118 120 122 124 127 129 131 132 132 132 133 133 133 134 136 139 142 144 147 150 153 153 153 152 152 152 151 151 150 149 148 147 147 146 145 147 148 150 152 154 156 158 158 159 160 161 161 162 163 162 161 160 159 157 156 155 153 150 148 145 143 140 138 139 140 142 143 144 146 148 154
99 100 100 101 101 101 100 99 99 98 97 98 101 103 105 107 110 112 113 114 114 115 116 116 117 119 121 124 126 128 131 133 134 135 136 137 137 138 139 141 144 147 150 153 156 159 159 158 158 157 156 155 154 153 152 151 150 149 148 146 148 150 152 153 155 157 159 159 160 160 161 161 162 162 162 161 160 159 158 158 157 154 151 149 146 143 141 138 140 142 144 145 147 149 151 157
99 100 101 102 102 102 101 100 100 99 98 99 102 105 107 110 113 115 116 117 117 118 118 119 119 121 124 127 131 134 137 140 142 143 144 145 146 148 149 151 153 156 158 160 163 165 164 163 162 161 160 158 157 156 156 155 155 154 154 153 154 156 157 158 159 160 161 161 161 161 162 162 162 162 161 160 159 158 157 156 155 153 150 148 145 142 140 138 140 142 144 146 149 151 153 159
99 101 102 103 103 103 102 101 101 100 99 100 103 106 109 112 115 118 120 120 120 121 121 121 121 124 128 131 135 139 143 146 149 150 152 154 155 157 159 160 162 164 166 167 169 171 170 168 167 165 163 162 160 160 160 160 160 160 160 161 161 161 162 162 163 163 164 163 163 163 162 162 162 161 160 159 158 157 156 155 154 151 149 146 144 141 139 137 140 142 145 148 150 153 156 160
99 101 103 104 105 104 103 102 101 101 100 101 105 108 112 115 118 122 123 123 123 123 123 123 123 126 131 135 140 144 149 153 156 158 160 162 164 167 169 170 171 172 173 174 175 177 175 173 171 169 167 165 163 163 164 165 165 166 167 168 167 167 167 167 166 166 166 165 164 164 163 162 161 160 159 158 157 156 154 153 152 150 147 145 143 140 138 136 139 143 146 149 152 155 158 162
99 101 103 105 106 105 104 103 102 102 101 103 106 110 114 117 121 125 126 126 126 126 126 126 125 129 134 139 144 149 155 160 163 166 168 171 173 176 179 180 180 180 181 181 182 182 180 178 175 173 171 168 166 166 168 169 171 172 173 175 174 173 172 171 170 169 168 167 166 165 163 162 161 160 159 157 156 155 153 152 150 148 146 144 142 140 137 135 139 143 146 150 154 157 161 164
100 102 104 106 107 106 105 104 103 102 102 104 108 112 116 120 124 128 130 129 129 129 128 128 128 131 137 143 149 155 161 166 170 173 176 179 182 185 188 189 189 189 189 188 188 188 186 183 180 177 174 171 168 170 172 174 176 178 180 182 181 179 177 176 174 172 171 169 167 166 164 162 161 159 158 156 155 153 152 150 149 147 145 143 141 139 136 135 139 143 147 151 155 160 163 165
100 102 105 107 108 107 106 105 104 103 102 105 109 114 118 123 127 132 133 132 132 131 131 130 130 134 140 147 153 160 167 173 178 181 184 188 191 195 198 199 198 197 196 195 195 194 191 188 184 181 178 175 171 173 176 178 181 184 186 189 187 185 182 180 178 175 173 171 169 167 165 163 161 159 157 155 154 152 151 149 147 145 143 141 139 138 136 134 139 143 148 153 157 162 166 167
100 103 105 108 109 108 107 106 106 105 104 106 111 116 120 125 130 135 136 136 135 135 134 133 133 137 145 152 159 167 174 181 186 190 194 198 202 206 210 210 209 207 206 205 203 202 198 195 191 188 184 180 177 178 181 184 187 189 192 195 193 190 188 185 182 180 177 175 173 171 169 166 164 162 160 158 156 154 152 150 148 145 143 141 139 136 134 133 138 143 148 153 158 163 167 168
99 103 106 109 110 109 109 108 107 107 106 108 113 118 123 128 133 138 139 139 139 139 138 138 138 143 151 159 168 176 184 192 198 202 207 211 216 221 225 225 223 221 219 217 215 213 209 205 201 198 194 190 186 187 189 191 193 195 197 199 197 195 193 191 188 186 184 182 181 179 178 176 174 173 170 166 163 160 157 154 151 148 145 142 138 135 132 130 135 140 146 151 156 162 167 167
