pluvio/pluvio-225.asc
ncols         252
nrows         154
xllcorner     -0.5
yllcorner     -153.5
cellsize      1
NODATA_value  -9999
[rows 100 to 149 of 154, columns 0 to 95 of 252]
61 62 62 63 63 64 64 65 65 65 66 66 66 66 66 66 66 66 67 67 68 69 70 71 72 76 82 88 94 100 106 112 114 115 116 117 118 120 121 122 124 126 128 130 131 133 133 133 133 132 132 131 131 127 122 117 113 108 103 99 97 96 95 94 93 91 90 91 91 92 92 93 94 94 93 92 91 91 90 89 88 87 85 84 83 82 80 79 71 64 57 50 43 35 29 29
61 62 62 63 63 63 64 64 64 65 65 65 65 65 65 65 66 66 66 67 68 69 70 71 71 76 83 89 96 102 109 115 118 119 120 121 122 123 124 126 128 131 133 135 137 139 139 138 138 137 137 136 136 131 126 121 116 111 106 101 99 97 96 94 93 91 89 90 90 91 92 93 93 94 94 94 94 94 94 94 94 92 91 90 89 88 86 85 77 68 60 52 44 36 28 29
61 62 62 63 63 63 63 64 64 64 64 64 65 65 65 66 66 67 68 69 70 71 72 73 74 79 84 90 96 102 107 113 116 118 120 122 124 126 128 130 132 134 136 138 140 142 142 141 140 140 139 138 137 133 128 123 118 113 108 104 101 99 98 96 94 92 90 91 92 92 93 94 95 96 95 95 95 95 95 95 94 93 91 89 88 86 84 82 75 67 60 52 45 37 31 31
61 62 62 63 63 63 63 63 63 63 63 63 64 65 65 66 67 68 69 70 72 73 75 76 78 81 86 91 96 101 106 111 115 117 120 123 126 128 131 133 135 137 139 141 143 145 145 144 143 142 141 140 139 134 130 125 120 115 111 106 104 101 99 97 95 93 91 92 93 93 94 95 96 97 97 97 96 96 96 96 95 93 91 89 86 84 82 79 72 66 59 53 46 39 33 33
61 62 63 64 64 63 63 63 62 62 62 62 63 64 65 67 68 69 70 72 74 76 77 79 81 84 88 93 97 101 105 109 113 117 120 124 127 131 135 137 139 141 143 145 147 149 148 147 145 144 143 141 140 136 131 127 122 118 113 108 106 103 101 99 96 94 92 93 94 95 96 97 98 99 98 98 98 97 97 97 96 93 91 88 85 82 79 76 70 65 59 53 47 41 36 35
60 62 63 64 64 63 63 62 62 61 60 61 62 64 66 67 69 70 72 74 76 78 80 82 84 87 90 94 97 101 104 108 112 116 120 125 129 134 138 141 142 144 146 148 150 152 151 149 148 146 145 143 141 137 133 128 124 120 115 111 108 105 103 100 98 95 93 94 95 96 97 98 99 100 100 100 99 99 98 98 97 94 90 87 84 80 77 74 68 63 58 53 48 43 38 37
60 62 63 64 64 64 63 62 61 60 59 60 62 64 66 67 69 71 73 76 78 80 82 85 87 89 92 95 98 100 103 106 110 115 121 126 131 136 141 144 146 148 150 152 153 155 154 152 150 148 147 145 143 139 135 130 126 122 117 113 110 107 105 102 99 96 94 95 96 97 98 100 101 102 101 101 100 100 99 99 98 94 90 86 82 79 75 71 66 62 58 53 49 45 41 40
60 62 63 65 65 64 62 61 60 59 58 59 61 63 66 68 70 72 75 77 80 82 85 87 90 92 94 96 98 100 102 104 109 115 121 127 133 139 145 148 150 151 153 155 157 158 157 155 153 151 148 146 144 140 136 132 128 124 120 115 112 109 106 103 100 97 94 95 97 98 100 101 102 104 103 102 102 101 100 100 99 95 90 86 81 77 72 68 64 61 57 54 50 46 43 42
60 62 63 65 65 64 62 61 60 59 57 58 61 63 66 68 71 73 76 79 82 84 87 90 93 94 96 97 98 100 101 102 107 114 121 128 134 141 148 151 152 154 156 157 159 161 159 157 155 152 150 148 146 142 138 134 130 126 122 118 115 112 109 106 103 99 96 97 99 100 102 103 104 106 105 104 103 103 102 101 100 95 91 86 81 76 72 67 64 61 58 56 53 50 47 45
61 62 63 64 64 63 62 61 60 59 58 59 62 65 67 70 72 75 77 80 83 86 88 91 94 96 97 98 99 101 102 103 108 115 121 128 134 141 147 150 152 153 155 156 158 160 158 156 154 153 151 149 147 144 140 137 133 130 126 123 120 117 114 111 108 105 102 103 104 106 107 108 109 110 109 108 107 106 105 104 102 98 94 90 85 81 77 73 71 69 66 64 62 60 58 56
61 62 63 64 64 63 62 62 61 60 59 61 63 66 68 71 73 76 79 81 84 87 90 92 95 97 98 99 100 101 102 104 108 115 121 128 134 141 147 150 151 153 154 155 157 158 157 156 154 153 151 149 148 145 142 139 136 133 130 128 125 122 119 116 114 111 108 109 110 111 112 113 114 115 114 112 111 109 108 106 105 101 97 94 90 86 83 79 78 76 75 73 72 70 68 66
62 63 63 64 64 63 63 62 62 61 60 62 64 67 69 72 75 77 80 83 85 88 91 94 96 98 99 100 101 102 103 104 109 115 122 128 134 141 147 150 151 152 153 155 156 157 156 155 154 153 152 150 149 147 144 142 140 137 135 132 130 127 124 122 119 117 114 115 116 116 117 118 119 120 118 116 114 112 110 109 107 104 101 97 94 91 88 85 84 84 83 82 81 80 79 77
63 63 63 63 63 63 63 62 62 62 61 63 65 68 71 73 76 78 81 84 87 89 92 95 98 99 100 101 102 103 104 105 109 116 122 128 134 141 147 149 150 151 153 154 155 156 155 155 154 153 152 151 150 149 147 145 143 141 139 137 134 132 130 127 125 122 120 120 121 122 122 123 124 124 122 120 118 115 113 111 109 106 104 101 99 96 94 91 91 91 91 91 90 90 90 87
64 63 63 63 63 63 63 63 63 63 63 64 67 69 72 74 77 80 82 85 88 91 93 96 99 100 101 102 103 104 105 105 110 116 122 128 134 141 147 149 150 151 152 153 154 155 154 154 153 153 152 152 152 150 149 147 146 144 143 141 139 137 135 133 130 128 126 126 127 127 127 128 128 129 126 124 121 119 116 114 111 109 107 105 103 101 99 97 98 98 99 99 100 100 100 97
64 64 63 63 62 63 63 63 63 63 64 65 68 70 73 76 78 81 84 86 89 92 95 97 100 102 102 103 104 105 105 106 110 116 122 128 134 140 146 149 149 150 151 152 153 153 153 153 153 153 153 153 153 152 151 150 149 148 147 146 144 142 140 138 136 134 132 132 132 132 133 133 133 133 130 128 125 122 119 116 113 112 110 109 108 106 105 104 105 106 107 108 109 110 111 108
66 65 63 62 62 63 63 63 64 64 65 66 69 71 74 76 79 81 84 87 90 93 95 98 101 102 103 104 105 105 106 107 111 117 123 129 135 141 147 149 149 150 151 151 152 153 153 153 153 153 154 154 154 154 153 152 152 151 150 150 148 146 145 143 141 139 138 138 137 137 137 137 137 137 134 131 128 125 122 118 115 114 113 112 111 110 108 108 109 111 112 114 116 117 118 115
69 67 65 63 63 63 64 64 65 65 66 67 70 72 74 76 78 80 83 86 89 92 95 98 101 103 103 104 105 106 107 108 113 119 124 130 136 142 148 150 151 151 152 152 153 154 154 154 155 155 155 156 156 155 155 154 153 152 152 151 150 149 148 146 145 144 143 143 142 141 141 140 140 139 136 133 130 127 123 120 117 115 114 112 110 108 107 105 107 108 110 111 113 114 115 112
72 69 67 64 63 64 65 65 66 67 67 69 70 72 74 75 77 79 82 85 88 91 94 97 101 103 104 105 106 107 109 110 114 120 126 132 138 143 149 151 152 152 153 153 154 155 155 155 156 156 157 157 158 157 156 155 154 154 153 152 151 151 151 150 150 149 149 148 147 145 144 143 142 141 138 135 132 128 125 122 119 117 114 112 109 107 105 103 104 106 107 109 110 112 113 109
75 71 68 65 64 65 65 66 67 68 69 70 71 72 74 75 76 78 80 84 87 90 94 97 101 103 104 106 107 108 110 111 116 122 127 133 139 145 151 152 153 153 154 154 155 155 156 157 157 158 158 159 159 159 158 157 156 155 154 153 153 153 153 154 154 154 154 153 151 149 148 146 145 143 140 137 134 130 127 124 121 118 115 112 109 106 103 100 102 103 104 106 107 109 110 106
78 74 70 66 64 65 66 67 68 69 70 71 72 73 74 75 75 76 79 82 86 90 93 97 100 103 104 106 108 109 111 113 117 123 129 135 140 146 152 154 154 155 155 155 156 156 157 158 158 159 160 161 161 160 159 158 157 156 155 154 155 156 156 157 158 159 160 158 156 153 151 149 147 145 142 139 135 132 129 126 123 119 115 112 108 104 101 98 99 100 102 103 105 106 107 103
81 76 71 67 65 66 67 68 69 70 71 72 73 73 74 74 75 75 78 81 85 89 93 96 100 103 105 107 108 110 112 114 119 124 130 136 142 147 153 155 155 156 156 157 157 157 158 159 160 161 161 162 163 162 161 160 159 158 156 155 156 158 159 161 162 164 165 163 160 157 155 152 150 147 144 141 137 134 131 128 124 120 116 112 107 103 99 95 96 98 99 101 102 103 104 100
84 78 73 68 66 67 68 69 70 71 73 73 73 73 74 74 74 74 76 80 84 88 92 96 100 103 105 107 109 111 113 116 120 126 132 137 143 149 154 156 156 157 157 158 158 158 159 160 161 162 163 164 165 164 163 161 160 159 158 156 158 160 162 164 166 168 170 168 165 161 158 155 152 149 146 142 139 136 133 129 126 121 116 112 107 102 97 93 94 95 97 98 99 100 101 97
87 81 75 69 66 68 69 70 71 73 74 74 74 74 74 74 74 74 76 80 85 89 93 97 101 104 107 109 111 114 116 118 123 129 134 140 146 151 157 159 159 160 160 161 162 162 163 164 165 165 166 167 168 167 166 164 163 161 160 158 160 163 165 167 170 172 174 171 168 165 161 158 155 151 148 145 141 138 135 132 128 123 118 112 107 102 97 92 93 94 95 96 97 98 99 94
90 83 77 71 68 69 71 72 73 74 75 76 76 76 76 76 76 76 79 83 88 92 97 101 106 109 112 114 117 120 122 125 129 135 140 146 151 157 162 165 166 167 169 170 171 173 173 173 174 174 174 174 174 173 171 170 168 166 165 163 164 166 167 169 170 172 173 171 168 165 163 160 157 155 151 148 145 141 138 134 131 126 121 116 110 105 100 95 96 96 96 96 97 97 97 93
93 86 79 73 70 71 72 73 74 75 76 77 77 77 78 78 78 79 82 86 91 96 101 105 110 114 117 120 122 125 128 131 136 141 146 152 157 162 167 170 173 175 177 179 181 184 184 183 183 182 182 181 181 179 177 175 173 171 169 167 168 169 169 170 171 172 173 171 168 166 164 162 160 158 155 151 148 144 141 137 134 129 124 119 114 109 104 99 98 98 97 97 96 96 95 92
96 89 82 75 72 73 74 75 75 76 77 78 78 79 80 80 81 81 84 90 95 100 105 110 115 118 122 125 128 131 134 137 142 147 152 157 162 168 173 176 179 182 185 188 191 194 194 193 192 191 190 188 187 185 183 181 179 176 174 172 172 172 172 172 172 172 172 170 169 167 166 164 163 161 158 154 151 147 144 140 137 132 127 122 117 112 107 102 101 100 98 97 96 94 93 90
99 92 84 77 74 74 75 76 77 78 78 79 80 81 81 82 83 84 87 93 98 103 108 114 119 123 127 130 133 137 140 144 148 153 158 163 168 173 178 182 186 190 194 197 201 205 204 203 201 199 197 195 194 191 189 186 184 181 179 176 175 175 174 173 172 172 171 170 169 168 167 166 166 165 161 157 154 150 147 143 139 135 130 125 120 115 110 106 104 102 99 97 95 93 91 89
102 94 87 79 75 76 77 77 78 79 79 80 81 82 83 84 85 86 90 96 101 107 112 118 123 128 132 135 139 143 146 150 154 159 164 169 174 178 183 188 193 197 202 206 211 216 215 212 210 207 205 203 200 197 195 192 189 186 184 181 179 178 176 175 173 172 170 170 169 169 169 169 168 168 164 161 157 153 150 146 142 137 133 128 123 119 114 109 106 103 101 98 95 92 89 87
105 97 89 81 77 78 78 79 79 80 81 81 83 84 85 86 88 89 93 99 105 110 116 122 128 133 137 140 144 148 152 156 161 165 170 175 179 184 189 194 199 205 210 216 221 226 225 222 219 216 213 210 207 204 201 198 194 191 188 185 183 181 178 176 174 172 169 169 170 170 170 171 171 171 168 164 160 156 152 149 145 140 136 131 126 122 117 113 109 105 102 98 94 91 87 86
108 100 91 83 79 80 80 81 81 82 82 83 85 86 88 89 91 93 97 103 109 115 121 127 133 137 142 146 150 154 159 163 167 172 176 181 185 189 194 200 206 212 218 224 230 236 234 230 227 223 220 216 213 209 206 203 199 196 193 189 187 184 181 178 175 173 170 170 171 171 172 173 173 174 170 167 163 159 156 152 148 143 139 134 130 125 120 116 111 107 103 99 95 91 87 85
111 102 93 85 81 81 82 82 83 84 84 86 88 90 92 95 97 99 103 109 115 121 126 132 138 143 147 152 156 160 165 169 174 178 182 187 191 195 200 205 211 217 223 229 236 242 240 236 233 229 226 222 219 215 211 207 204 200 196 193 190 187 184 181 178 175 173 173 173 174 174 175 175 176 172 169 166 162 159 155 152 147 142 137 132 127 123 118 114 109 105 101 97 92 88 87
114 105 96 86 82 83 84 84 85 86 86 88 91 94 97 100 103 106 110 116 121 127 132 138 143 148 153 157 162 167 171 176 180 184 188 193 197 201 205 211 217 223 229 235 241 248 246 242 239 235 232 228 224 220 216 212 208 204 200 196 193 190 187 184 181 178 176 176 176 176 177 177 177 178 175 171 168 165 162 159 156 150 145 140 135 130 125 120 116 111 107 103 98 94 90 89
117 107 98 88 84 85 86 86 87 88 89 91 94 98 101 105 108 112 117 122 127 133 138 143 149 154 158 163 168 173 178 182 187 191 195 199 203 207 211 217 223 229 235 241 247 254 252 248 245 241 237 234 230 226 221 217 212 208 204 199 196 193 190 187 184 181 178 178 178 179 179 179 179 179 177 174 171 168 165 162 159 154 149 143 138 133 127 122 118 113 109 105 100 96 92 91
120 110 100 90 86 87 88 88 89 90 91 93 98 102 106 110 114 118 123 128 133 139 144 149 154 159 164 169 174 179 184 189 193 197 201 205 209 213 217 222 228 235 241 247 253 260 258 254 251 247 243 240 236 231 226 222 217 212 207 202 199 196 193 190 187 184 181 181 181 181 181 181 181 181 179 176 173 171 168 166 163 157 152 146 141 135 130 124 120 115 111 106 102 98 94 92
123 112 102 92 88 89 89 90 91 92 93 96 101 106 110 115 120 125 130 135 140 145 150 154 159 165 170 175 180 185 190 195 200 203 207 211 215 219 222 228 234 241 247 253 259 266 264 260 257 253 249 245 242 237 232 226 221 216 211 205 202 199 196 193 190 187 184 184 184 183 183 183 183 183 181 178 176 174 171 169 167 161 155 149 144 138 132 126 122 117 113 108 104 99 95 94
126 115 104 94 89 90 91 92 93 94 95 99 104 110 115 120 126 131 136 141 146 151 155 160 165 170 175 181 186 191 197 202 206 210 213 217 221 224 228 234 240 246 253 259 265 272 270 266 262 259 255 251 248 242 237 231 225 220 214 209 205 202 199 196 193 190 187 186 186 186 186 185 185 185 183 181 179 177 175 173 171 164 158 152 146 140 134 128 124 119 115 110 106 101 97 96
134 124 114 104 100 101 101 102 103 103 104 108 115 122 129 135 142 149 155 160 165 170 175 180 185 189 192 196 199 203 206 210 213 217 221 224 228 232 235 241 247 253 259 265 271 277 276 272 268 264 260 257 253 247 241 236 230 224 218 212 209 206 203 200 197 194 191 190 190 189 189 189 188 188 186 184 182 181 179 177 175 169 162 156 150 144 137 131 127 122 117 113 108 104 100 98
153 145 136 128 124 124 124 124 124 124 124 129 138 147 157 166 175 184 191 198 204 210 216 223 229 230 228 226 224 222 221 219 221 225 229 233 237 241 246 251 256 261 267 272 277 283 281 277 273 269 265 261 257 252 246 240 234 229 223 217 214 211 208 206 203 200 197 196 196 195 194 194 193 192 191 189 187 186 184 182 181 174 168 161 154 148 141 135 130 126 121 117 112 108 104 102
171 165 159 152 149 148 147 147 146 145 144 150 162 173 185 196 207 219 228 235 243 250 258 265 273 271 263 256 249 242 235 228 229 233 238 242 247 251 256 260 265 269 274 279 283 288 286 281 277 273 269 265 261 256 250 244 239 233 227 222 219 216 214 211 209 206 203 202 201 201 200 199 198 197 196 194 193 191 189 188 186 179 173 166 159 152 145 139 134 130 125 121 116 112 107 106
189 185 181 176 173 172 170 169 167 166 164 171 185 199 213 226 240 254 265 273 282 291 299 308 317 311 299 287 274 262 250 237 237 242 247 251 256 261 266 270 274 278 282 285 289 293 291 286 282 278 274 270 265 260 255 249 243 238 232 227 224 221 219 217 214 212 210 208 207 206 205 204 203 202 200 199 198 196 195 193 192 185 178 171 164 157 150 143 138 134 129 125 120 115 111 109
207 205 203 200 198 196 193 191 189 186 184 192 208 224 241 257 273 289 301 311 321 331 341 351 360 352 335 317 299 282 264 246 245 250 255 260 266 271 276 280 283 286 289 292 295 298 295 291 287 283 278 274 270 264 259 253 248 242 237 231 229 227 224 222 220 218 216 214 213 212 210 209 208 206 205 204 203 201 200 199 198 190 183 176 168 161 154 147 142 138 133 128 124 119 115 113
226 225 225 224 222 219 216 213 210 207 204 213 232 250 269 287 306 324 338 349 360 371 382 393 404 393 370 347 324 301 279 256 253 258 264 270 275 281 286 289 292 294 296 299 301 303 300 296 292 287 283 278 274 269 263 258 252 247 241 236 234 232 230 228 226 224 222 220 219 217 216 214 213 211 210 209 208 207 206 204 203 196 188 181 173 165 158 151 146 141 137 132 128 123 119 117
244 245 247 248 247 243 239 235 232 228 224 234 255 276 297 317 338 359 375 387 399 411 424 436 448 434 406 377 349 321 293 265 261 267 273 279 285 290 296 299 301 302 304 306 307 309 305 301 296 292 287 283 278 273 268 262 257 251 246 241 238 237 235 233 232 230 228 226 225 223 221 219 218 216 215 214 213 212 211 210 209 201 193 185 178 170 162 154 150 145 141 136 132 127 123 120
256 259 261 264 263 259 254 250 245 241 236 246 267 289 310 331 352 374 390 403 417 430 444 457 471 455 425 394 363 333 302 271 267 273 279 285 292 298 304 307 308 309 311 312 313 314 311 306 301 297 292 287 283 277 272 267 261 256 251 245 243 242 240 238 237 235 233 231 229 227 226 224 222 220 219 218 217 216 215 214 213 205 197 189 181 173 166 158 153 149 144 139 135 130 125 123
259 263 266 269 268 263 258 253 248 243 238 247 266 285 304 323 342 361 377 392 407 421 436 451 466 451 422 392 363 333 303 274 270 276 283 289 296 302 309 312 313 315 316 317 319 320 317 312 307 302 297 292 288 282 277 271 266 261 255 250 248 246 244 243 241 239 237 235 233 231 229 227 224 222 221 220 219 218 217 216 215 207 200 192 184 176 168 161 156 151 146 141 136 131 127 125
263 267 271 274 273 268 262 257 251 246 241 248 264 281 298 314 331 348 364 380 396 412 428 445 461 447 419 390 362 333 305 277 273 280 287 293 300 307 314 317 318 320 321 323 325 326 323 317 312 307 302 297 292 287 282 276 271 265 260 254 252 250 249 247 245 243 241 239 237 234 232 230 227 225 224 223 222 221 220 219 217 210 202 194 186 179 171 163 158 153 148 143 138 133 128 126
267 271 275 280 279 273 267 261 255 249 243 248 263 277 292 306 321 335 351 369 386 403 421 438 456 443 416 389 361 334 307 279 276 283 290 297 304 311 319 322 323 325 327 329 330 332 328 323 318 313 308 302 297 292 286 281 275 270 264 259 257 255 253 251 249 247 246 243 240 238 235 232 230 227 226 225 224 223 222 221 220 212 204 197 189 181 174 166 161 156 150 145 140 134 130 128
270 275 280 285 284 277 271 264 258 251 245 249 261 273 286 298 310 322 338 357 376 394 413 432 450 440 413 387 361 334 308 282 279 287 294 301 309 316 323 327 329 330 332 334 336 338 334 329 323 318 313 307 302 296 291 285 280 275 269 264 261 259 257 255 254 252 250 247 244 241 238 235 233 230 229 228 226 225 224 223 222 214 207 199 191 184 176 169 163 158 152 147 141 136 131 130
274 279 285 290 289 282 275 268 261 254 247 250 260 270 280 289 299 309 325 345 365 385 405 425 445 436 410 385 360 335 310 284 282 290 298 305 313 320 328 332 334 336 338 340 342 344 340 334 329 323 318 312 307 301 296 290 285 279 274 268 266 264 262 260 258 256 254 251 248 245 242 238 235 232 231 230 229 228 226 225 224 216 209 201 194 187 179 172 166 160 155 149 143 138 132 131
277 283 289 295 294 287 279 272 264 257 249 250 258 266 273 281 289 296 312 334 355 376 398 419 440 432 408 383 359 335 311 287 285 293 301 309 317 325 333 337 339 341 343 346 348 350 346 340 334 329 323 317 311 306 300 295 289 284 278 273 270 268 266 264 262 260 258 255 251 248 245 241 238 235 234 232 231 230 229 227 226 219 211 204 197 189 182 174 169 163 157 151 145 139 134 133
