pluvio/pluvio-334.asc
ncols         252
nrows         154
xllcorner     -0.5
yllcorner     -153.5
cellsize      1
NODATA_value  -9999
[rows 74 to 147 of 154, columns 0 to 95 of 252]
61 60 60 59 58 55 53 51 48 46 44 42 42 42 42 41 41 41 39 37 35 32 30 27 25 22 20 17 15 12 10 7 7 7 7 7 7 7 6 6 5 5 4 4 3 3 3 3 3 3 3 3 3 4 6 7 9 10 12 14 13 11 10 9 7 6 5 4 4 4 4 4 4 4 4 4 4 4 4 4 4 3 3 3 3 3 3 3 3 3 3 2 2 2 2 2
58 57 56 56 55 53 50 48 46 44 42 41 41 41 41 40 40 40 38 36 34 32 30 28 26 24 22 19 16 14 11 9 8 8 8 8 7 7 7 6 6 5 5 4 3 3 3 3 3 3 3 3 3 4 6 7 9 11 12 14 13 11 10 8 7 6 4 4 4 4 4 4 4 4 4 4 4 4 4 4 4 3 3 3 3 3 3 3 3 3 2 2 2 2 2 2
55 54 53 52 51 50 48 46 45 43 41 40 40 40 39 39 39 38 37 36 34 33 31 30 28 26 23 21 18 16 13 10 10 9 9 9 8 8 8 7 6 5 5 4 3 3 3 3 3 3 3 3 3 4 6 8 9 11 12 14 13 11 10 8 7 6 4 4 4 4 4 4 4 4 4 4 4 4 4 4 4 3 3 3 3 3 3 3 2 2 2 2 2 2 2 2
52 51 50 49 48 47 45 44 43 42 40 40 39 39 38 38 37 37 36 35 34 33 32 31 30 28 25 22 20 17 15 12 11 10 10 9 9 9 8 7 7 6 5 4 3 3 3 3 3 3 3 3 3 5 6 8 9 11 12 14 13 11 10 8 7 5 4 4 4 4 4 4 4 4 4 4 4 4 4 4 4 3 3 3 3 3 3 2 2 2 2 2 2 2 2 2
48 48 47 46 45 44 43 42 41 40 39 39 38 38 37 37 36 36 35 34 34 33 33 32 31 29 27 24 21 19 16 13 12 12 11 10 10 9 9 8 7 6 5 4 3 3 3 3 3 3 3 4 4 5 6 8 9 11 12 14 13 11 10 8 7 5 4 4 4 4 4 4 4 4 4 4 4 4 4 4 4 3 3 3 3 3 2 2 2 2 2 2 2 2 2 2
45 44 43 42 42 41 40 40 39 39 38 38 37 36 36 35 35 34 34 34 34 33 33 33 33 31 29 26 23 20 18 15 14 13 12 11 11 10 9 8 7 6 5 4 3 3 3 3 3 3 3 4 4 5 7 8 10 11 12 14 13 11 10 8 7 5 4 4 4 4 4 4 4 4 4 4 4 4 4 4 4 3 3 3 3 2 2 2 2 2 2 2 2 2 3 3
42 41 40 39 38 38 38 38 38 37 37 37 36 35 35 34 33 33 33 33 33 34 34 34 35 33 30 27 25 22 19 16 15 14 13 12 11 10 10 9 8 7 6 5 4 3 3 3 3 3 4 4 4 5 7 8 10 11 12 14 13 11 10 8 7 5 3 3 3 3 4 4 4 4 4 4 4 4 4 4 4 3 3 3 3 2 2 2 2 2 2 2 2 3 3 3
41 40 38 37 36 36 36 36 36 35 35 35 34 33 33 32 31 30 30 30 31 31 31 31 31 30 28 25 23 21 18 16 15 14 13 12 11 10 9 8 7 6 5 4 4 3 3 3 3 4 4 4 5 6 7 8 9 10 11 13 11 10 9 7 6 5 3 3 3 3 3 3 3 4 4 4 4 4 4 3 3 3 3 3 3 3 2 2 2 3 3 3 3 3 3 3
39 38 36 34 34 34 34 34 34 34 34 33 32 31 30 30 29 28 28 28 28 28 28 28 28 27 25 23 21 19 17 15 14 13 12 11 10 10 9 8 7 6 5 4 4 3 3 3 4 4 4 5 5 6 7 8 8 9 10 11 10 9 8 7 5 4 3 3 3 3 3 3 3 3 3 3 3 3 3 3 3 3 3 3 3 3 3 3 3 3 3 3 3 3 4 4
38 36 34 32 31 31 31 32 32 32 32 31 30 29 28 27 26 25 25 25 25 25 25 25 25 24 22 21 19 18 16 15 14 13 12 11 10 9 8 7 7 6 5 4 4 3 3 3 4 4 5 5 5 6 7 7 8 8 9 10 9 8 7 6 5 4 3 3 3 3 3 3 3 3 3 3 3 3 3 3 3 3 3 3 3 3 3 3 3 3 4 4 4 4 4 4
37 34 32 30 29 29 29 30 30 30 30 30 28 27 26 25 24 23 23 22 22 22 22 22 22 21 20 19 18 16 15 14 13 12 11 10 9 9 8 7 6 6 5 4 4 3 3 4 4 4 5 5 6 6 6 7 7 8 8 8 8 7 6 5 4 3 3 3 3 3 3 3 3 3 3 3 3 3 3 3 3 3 3 3 3 4 4 4 4 4 4 4 4 4 4 4
35 33 30 28 27 27 27 27 28 28 28 28 27 25 24 23 22 21 20 20 19 19 19 19 18 18 17 16 16 15 14 14 13 12 11 10 9 8 7 6 6 5 5 4 4 3 3 4 4 5 5 6 6 6 6 6 7 7 7 7 6 6 5 4 4 3 2 2 2 3 3 3 3 3 3 3 3 3 3 3 3 3 3 4 4 4 4 4 4 4 4 5 5 5 5 5
34 31 28 25 24 25 25 25 26 26 27 26 25 23 22 21 19 18 17 17 17 16 16 16 15 15 15 14 14 14 13 13 12 11 10 9 9 8 7 6 6 5 5 4 4 3 3 4 4 5 5 6 6 6 6 6 6 6 6 6 5 5 4 4 3 3 2 2 2 2 2 3 3 3 3 3 3 3 3 3 3 3 4 4 4 4 4 5 5 5 5 5 5 5 5 5
32 29 26 23 22 22 23 23 24 24 25 24 23 21 20 19 17 16 15 15 14 14 13 13 12 12 12 12 12 12 12 13 12 11 10 9 8 7 6 6 5 5 4 4 4 3 4 4 5 5 6 6 7 6 6 6 5 5 5 4 4 4 3 3 3 2 2 2 2 2 2 2 2 3 3 3 3 3 3 3 3 3 4 4 4 4 5 5 5 5 5 5 5 6 6 6
33 29 26 23 21 22 22 23 23 23 24 23 22 21 19 18 17 16 15 14 14 14 13 13 12 12 12 12 12 12 12 12 11 11 10 9 8 7 6 5 5 5 4 4 4 3 4 4 5 5 6 6 7 6 6 6 5 5 5 4 4 4 3 3 3 2 2 2 2 2 2 2 2 3 3 3 3 3 3 3 3 3 4 4 4 5 5 5 5 5 5 6 6 6 6 6
33 29 26 22 21 21 21 22 22 22 23 22 21 20 19 18 17 16 15 14 14 13 13 13 12 12 12 12 12 12 12 12 11 10 9 8 7 6 5 5 5 4 4 4 4 3 4 4 5 5 6 6 7 6 6 6 5 5 5 5 4 4 4 3 3 3 2 2 2 2 2 2 2 3 3 3 3 3 3 3 3 3 4 4 4 5 5 5 5 5 6 6 6 6 6 6
33 30 26 22 20 21 21 21 21 21 21 21 20 19 18 17 16 15 15 14 14 13 13 12 12 12 12 12 12 11 11 11 11 10 9 8 7 6 5 5 4 4 4 4 4 4 4 4 5 5 6 6 6 6 6 6 5 5 5 5 4 4 4 3 3 3 2 2 2 2 2 2 2 3 3 3 3 3 3 3 3 3 4 4 4 5 5 5 6 6 6 6 6 6 6 6
34 30 26 22 20 20 20 20 20 20 20 20 19 18 18 17 16 15 15 14 14 13 13 12 12 12 12 11 11 11 11 11 10 9 8 7 6 6 5 4 4 4 4 4 4 4 4 4 5 5 6 6 6 6 6 6 5 5 5 5 4 4 4 3 3 3 2 2 2 2 2 2 2 2 3 3 3 3 3 3 3 3 4 4 5 5 5 6 6 6 6 6 6 6 6 6
34 30 26 21 19 19 19 19 19 19 19 19 18 18 17 16 16 15 15 14 14 13 13 12 12 12 11 11 11 11 11 11 10 9 8 7 6 5 4 4 4 4 4 4 4 4 4 4 5 5 6 6 6 6 6 6 5 5 5 5 5 4 4 4 3 3 3 3 3 3 3 2 2 2 3 3 3 3 3 3 3 3 4 4 5 5 5 6 6 6 6 6 6 6 6 6
34 30 25 21 19 19 18 18 18 18 18 18 17 17 16 16 15 15 14 14 14 13 13 12 12 12 11 11 11 11 10 10 9 8 8 7 6 5 4 4 4 4 4 4 4 4 4 4 5 5 5 6 6 6 6 6 6 5 5 5 5 4 4 4 3 3 3 3 3 3 3 3 2 2 2 3 3 3 3 3 3 3 4 4 5 5 6 6 6 6 6 6 6 6 7 7
35 30 25 20 18 18 18 18 17 17 17 17 17 16 16 16 15 15 14 14 14 13 13 12 12 12 11 11 11 10 10 10 9 8 7 6 5 4 4 3 3 4 4 4 4 4 4 4 5 5 5 6 6 6 6 6 5 5 5 5 5 4 4 4 4 3 3 3 3 3 3 3 2 2 2 3 3 3 3 3 3 3 4 4 5 5 6 6 6 6 6 6 7 7 7 7
33 29 25 20 18 18 18 18 17 17 17 17 17 17 16 16 16 16 15 15 15 15 14 14 14 13 13 12 12 11 11 10 9 8 7 7 6 5 4 4 4 4 4 4 4 4 4 4 5 5 5 6 6 6 6 5 5 5 5 5 4 4 4 4 3 3 3 3 3 3 3 3 3 3 3 3 3 3 3 3 3 4 4 5 5 6 6 6 6 6 7 7 7 7 7 7
32 28 24 20 18 18 18 17 17 17 17 17 17 17 17 17 16 16 16 16 16 16 16 16 15 15 14 13 13 12 11 10 9 8 8 7 6 5 4 4 4 4 4 4 4 4 4 5 5 5 5 5 6 6 5 5 5 5 5 4 4 4 4 3 3 3 3 3 3 3 3 3 3 3 3 3 3 3 3 4 4 4 4 5 5 6 6 6 7 7 7 7 7 7 7 7
31 27 23 19 18 18 17 17 17 17 17 17 17 17 17 17 17 17 17 17 17 17 17 17 17 17 16 14 13 12 11 10 9 9 8 7 6 5 5 4 4 4 4 4 4 4 4 5 5 5 5 5 6 5 5 5 5 4 4 4 4 4 3 3 3 3 3 3 3 3 3 3 3 3 3 3 3 4 4 4 4 4 5 5 5 6 6 7 7 7 7 7 7 7 7 7
30 26 23 19 17 17 17 17 17 17 17 17 17 17 17 18 18 18 18 18 18 18 19 19 19 18 17 16 14 13 12 10 10 9 8 7 7 6 5 5 5 5 5 5 4 4 4 5 5 5 5 5 5 5 5 5 4 4 4 4 4 3 3 3 3 3 3 3 3 3 3 3 3 3 3 3 4 4 4 4 4 5 5 5 6 6 6 7 7 7 7 7 7 7 7 8
29 25 22 19 17 17 17 17 17 17 17 17 18 18 18 18 18 18 19 19 19 20 20 20 21 20 18 17 15 14 12 11 10 9 8 8 7 6 5 5 5 5 5 5 5 4 5 5 5 5 5 5 5 5 5 4 4 4 4 3 3 3 3 3 3 3 3 3 3 3 3 3 3 3 3 4 4 4 4 4 5 5 5 6 6 6 7 7 7 7 7 7 7 8 8 8
27 24 21 18 17 17 17 17 17 17 17 18 18 18 18 19 19 19 19 20 20 21 21 22 22 21 20 18 16 14 13 11 10 9 8 8 7 6 6 6 5 5 5 5 5 5 5 5 5 5 5 5 5 5 4 4 4 4 3 3 3 3 3 3 3 3 2 3 3 3 3 3 3 3 4 4 4 4 5 5 5 5 6 6 6 6 7 7 7 7 7 7 8 8 8 8
26 24 21 18 17 17 17 17 17 17 17 18 18 18 19 19 19 20 20 21 22 22 23 23 24 23 21 19 17 15 13 11 10 9 9 8 7 7 6 6 6 5 5 5 5 5 5 5 5 5 5 5 5 5 4 4 4 3 3 3 3 3 3 3 3 3 2 3 3 3 3 3 3 3 4 4 4 5 5 5 5 6 6 6 6 7 7 7 7 7 7 8 8 8 8 8
27 24 21 19 17 17 17 17 17 18 18 18 18 19 19 20 21 21 22 22 23 23 24 24 25 23 21 19 17 15 13 11 10 9 9 8 7 7 6 6 6 5 5 5 5 5 5 5 5 5 5 5 5 5 4 4 4 4 3 3 3 3 3 3 3 3 3 3 3 3 3 4 4 4 4 4 5 5 5 5 6 6 6 6 7 7 7 8 8 8 8 8 8 8 8 9
27 25 22 19 18 18 18 18 18 18 18 18 19 19 20 21 22 22 23 23 24 24 24 25 25 24 22 20 18 16 14 11 10 10 9 8 7 7 6 6 6 5 5 5 5 5 5 5 5 5 5 5 5 5 4 4 4 4 3 3 3 3 3 3 3 3 3 3 4 4 4 4 4 4 5 5 5 5 5 6 6 6 6 7 7 7 8 8 8 8 8 9 9 9 9 9
28 25 22 20 18 18 18 18 18 18 18 18 19 20 21 22 23 24 24 25 25 25 25 25 26 24 22 20 18 16 14 12 11 10 9 8 7 7 6 6 5 5 5 5 5 5 5 5 5 5 5 5 5 5 4 4 4 4 4 4 4 4 4 4 4 4 4 4 4 4 4 4 5 5 5 5 5 5 6 6 6 6 7 7 8 8 8 9 9 9 9 9 9 9 9 10
28 26 23 20 19 19 19 18 18 18 18 18 19 21 22 23 24 25 26 26 26 26 26 26 26 25 23 21 18 16 14 12 11 10 9 8 7 7 6 6 5 5 5 5 5 5 5 5 5 5 5 5 5 5 5 4 4 4 4 4 4 4 4 4 4 4 4 4 4 5 5 5 5 5 5 6 6 6 6 6 6 7 7 8 8 8 9 9 9 9 9 9 10 10 10 10
29 26 23 21 19 19 19 19 18 18 18 19 20 21 22 24 25 26 27 27 27 27 27 27 27 25 23 21 19 17 14 12 11 10 9 8 7 7 6 5 5 5 5 5 5 5 5 5 5 5 5 5 5 5 5 4 4 4 4 4 4 4 4 4 4 4 5 5 5 5 5 5 6 6 6 6 6 6 6 6 6 7 7 8 8 9 9 10 10 10 10 10 10 10 10 11
29 27 24 21 20 20 19 19 19 18 18 19 20 22 23 25 26 28 28 28 28 28 28 27 27 26 24 21 19 17 15 12 11 10 9 8 8 7 6 5 5 5 5 5 5 5 5 5 5 5 5 5 5 5 5 5 4 4 4 4 4 4 5 5 5 5 5 5 5 5 6 6 6 6 6 6 6 6 6 7 7 7 8 8 9 9 10 10 10 10 10 10 10 10 11 11
30 28 25 22 21 20 20 19 19 19 18 19 21 22 24 25 27 28 29 29 28 28 28 28 27 26 24 21 19 17 15 13 11 10 9 8 8 7 6 5 5 5 5 5 5 5 5 5 5 5 5 5 5 5 5 5 5 5 4 4 5 5 5 5 5 5 5 5 6 6 6 6 6 6 6 7 7 7 7 7 7 7 8 8 9 10 10 11 11 11 11 11 11 11 11 12
34 31 27 23 22 21 21 21 20 20 20 20 21 22 23 24 25 27 27 27 26 26 26 26 26 24 22 20 18 16 14 12 11 10 9 8 7 7 6 5 5 5 5 5 5 5 5 5 5 5 5 5 5 5 5 5 5 5 4 4 5 5 5 5 5 5 5 5 6 6 6 6 6 6 6 6 6 7 7 7 7 7 8 8 9 9 10 10 10 10 11 11 11 11 11 11
38 34 29 25 22 22 22 22 21 21 21 21 22 22 23 23 24 25 25 25 24 24 24 24 24 22 21 19 17 15 14 12 11 10 9 8 7 6 6 5 5 5 6 6 6 6 6 6 5 5 5 5 5 5 5 5 5 5 5 4 5 5 5 5 5 5 5 5 6 6 6 6 6 6 6 6 6 6 7 7 7 7 8 8 9 9 10 10 10 10 10 10 10 10 11 11
43 37 32 26 23 23 23 23 23 22 22 22 22 22 22 23 23 23 23 23 22 22 22 22 22 21 19 18 16 15 13 12 11 10 9 8 7 6 6 5 6 6 6 6 6 6 6 6 6 6 5 5 5 5 5 5 5 5 5 4 5 5 5 5 5 5 5 5 6 6 6 6 6 6 6 6 6 6 6 7 7 7 8 8 9 9 9 10 10 10 10 10 10 10 10 11
47 40 34 27 24 24 24 24 24 24 24 23 23 22 22 22 21 21 21 21 20 20 20 20 20 19 18 16 15 14 13 11 10 10 9 8 7 6 5 5 6 6 6 6 6 6 6 6 6 6 6 5 5 5 5 5 5 5 5 4 5 5 5 5 5 5 5 5 5 6 6 6 6 6 6 6 6 6 6 6 7 7 7 8 8 9 9 10 10 10 10 10 10 10 10 11
51 43 36 29 25 25 25 25 25 25 25 24 23 22 22 21 20 19 19 18 18 18 18 18 18 17 16 15 14 13 12 11 10 9 9 8 7 6 5 5 6 6 6 6 6 7 7 6 6 6 6 6 5 5 5 5 5 5 5 4 5 5 5 5 5 5 5 5 5 5 5 5 6 6 6 6 6 6 6 6 7 7 7 8 8 9 9 9 9 10 10 10 10 10 10 11
55 46 38 30 26 26 26 26 26 26 26 25 24 23 21 20 18 17 16 16 16 16 16 16 16 16 15 14 13 12 11 11 10 9 8 8 7 6 5 5 6 6 6 6 7 7 7 7 6 6 6 6 6 5 5 5 5 5 5 4 5 5 5 5 5 5 5 5 5 5 5 5 5 5 6 6 6 6 6 6 7 7 7 8 8 8 9 9 9 9 9 9 10 10 10 11
58 49 40 31 27 27 27 27 27 27 27 26 24 22 21 19 17 16 15 15 15 15 15 15 15 14 14 13 12 12 11 10 10 9 8 8 7 6 5 5 6 6 6 7 7 7 7 7 6 6 6 6 5 5 5 5 5 5 5 4 4 5 5 5 5 5 5 5 5 5 5 5 5 5 5 6 6 6 6 6 7 7 7 8 8 8 9 9 9 9 9 9 10 10 10 11
60 50 41 32 27 27 27 27 26 26 26 25 24 22 21 19 18 16 16 15 15 15 15 15 15 14 14 13 12 12 11 10 9 9 8 8 7 6 6 6 6 6 6 6 7 7 7 6 6 6 5 5 5 5 4 4 4 4 4 4 4 4 5 5 5 5 5 5 5 5 5 5 5 5 6 6 6 6 7 7 7 7 8 8 8 9 9 9 9 10 10 10 10 10 10 12
61 52 42 32 27 27 27 26 26 26 25 24 23 22 20 19 18 17 16 16 16 15 15 15 15 14 14 13 12 11 11 10 9 9 8 8 7 6 6 6 6 6 6 6 6 6 6 6 5 5 5 4 4 4 4 4 4 4 4 4 4 4 5 5 5 5 5 5 5 5 5 5 6 6 6 6 6 7 7 7 7 8 8 8 9 9 9 10 10 10 10 10 10 11 11 12
63 53 43 33 27 27 26 26 25 25 24 23 22 21 20 19 18 17 17 16 16 16 15 15 15 14 14 13 12 11 10 10 9 9 8 8 7 7 6 6 6 6 6 6 6 6 6 5 5 4 4 3 3 3 3 3 3 4 4 4 4 4 4 5 5 5 5 5 5 5 5 6 6 6 6 6 7 7 7 8 8 8 8 9 9 9 10 10 10 10 11 11 11 11 11 12
64 54 43 33 28 27 26 26 25 24 23 23 22 21 20 19 18 18 17 17 16 16 16 15 15 14 13 13 12 11 10 10 9 9 8 8 7 7 6 6 6 6 6 6 6 6 5 5 4 4 3 3 2 2 3 3 3 3 3 4 4 4 4 4 5 5 5 5 5 5 5 6 6 6 6 7 7 7 8 8 8 9 9 9 9 10 10 10 10 11 11 11 11 12 12 13
66 55 44 34 28 27 26 25 24 23 23 22 21 21 20 19 19 18 18 17 17 16 16 15 15 14 13 13 12 11 10 9 9 8 8 8 7 7 6 6 6 6 6 6 5 5 5 4 4 3 3 2 1 2 2 2 3 3 3 4 4 4 4 4 4 5 5 5 5 5 6 6 6 6 6 7 7 8 8 8 9 9 9 10 10 10 10 11 11 11 11 12 12 12 12 13
68 56 45 34 28 27 26 25 24 23 22 21 21 20 20 19 19 19 18 18 17 16 16 15 15 14 13 12 12 11 10 9 9 8 8 8 7 7 7 6 6 6 6 5 5 5 4 4 3 2 2 1 1 1 1 2 2 3 3 3 4 4 4 4 4 5 5 5 5 5 6 6 6 6 7 7 7 8 8 9 9 9 10 10 10 10 11 11 11 11 12 12 12 13 13 13
69 58 46 35 29 28 26 25 24 23 21 21 21 20 20 20 20 19 19 18 18 17 16 16 15 14 13 13 12 11 10 9 9 8 8 8 7 7 7 7 6 6 6 5 5 4 4 3 3 2 2 1 0 1 1 2 2 2 3 3 4 4 4 4 4 5 5 5 5 5 6 6 6 6 7 8 8 9 9 10 10 10 11 11 11 11 11 12 12 12 12 13 13 13 13 14
71 60 48 37 31 30 28 27 25 24 22 22 21 21 21 21 21 21 20 20 19 18 17 17 16 15 14 13 12 11 11 10 9 9 8 8 8 7 7 7 6 6 6 5 5 5 4 4 3 3 2 2 1 1 2 2 3 3 3 4 4 4 4 4 5 5 5 5 6 6 6 6 7 7 8 9 9 10 11 12 13 13 13 13 13 13 13 13 13 13 13 13 14 14 14 14
72 61 50 39 33 32 30 28 27 25 23 22 22 22 22 22 22 22 22 21 20 19 18 17 16 16 15 14 13 12 11 10 10 9 9 8 8 7 7 7 6 6 6 5 5 5 4 4 4 3 3 2 2 2 3 3 3 4 4 4 4 5 5 5 5 5 5 6 6 6 6 7 7 7 8 10 11 12 13 15 16 15 15 15 15 14 14 14 14 14 14 14 15 15 15 15
74 63 52 42 35 34 32 30 28 26 24 23 23 23 23 24 24 24 23 22 21 20 19 18 17 16 15 14 13 12 11 11 10 9 9 9 8 8 7 7 6 6 6 5 5 5 4 4 4 4 3 3 3 3 3 4 4 4 4 5 5 5 5 5 5 5 6 6 6 6 7 7 7 8 9 11 12 14 15 17 18 18 18 17 17 16 16 15 15 15 15 15 15 15 15 16
75 65 54 44 38 35 33 31 29 27 25 24 24 24 25 25 25 25 25 23 22 21 20 19 18 17 16 15 14 13 12 11 10 10 9 9 8 8 7 7 6 6 6 5 5 5 4 4 4 4 4 4 4 4 4 4 5 5 5 5 5 5 5 5 6 6 6 6 6 7 7 7 8 8 10 12 14 16 18 19 21 21 20 19 18 18 17 16 16 16 16 16 16 16 16 17
77 67 56 46 40 37 35 33 30 28 26 25 25 26 26 26 26 27 26 25 23 22 21 20 18 17 16 15 14 13 12 11 11 10 10 9 8 8 7 7 7 6 6 5 5 5 5 5 5 5 5 5 5 5 5 5 5 5 5 5 6 6 6 6 6 6 6 6 7 7 7 8 8 9 11 13 15 17 20 22 24 23 22 21 20 19 18 18 17 17 17 17 17 17 17 17
78 68 58 48 42 39 37 34 32 29 27 26 26 27 27 27 28 28 27 26 25 23 22 21 19 18 17 16 15 14 13 12 11 11 10 9 9 8 7 7 7 6 6 5 5 5 5 5 5 5 5 6 6 6 6 6 6 6 6 6 6 6 6 6 6 6 6 7 7 7 8 8 9 9 11 14 17 19 22 24 27 26 24 23 22 21 20 19 19 18 18 18 18 18 18 18
78 68 58 49 42 40 38 35 33 30 28 27 27 28 28 28 29 29 28 27 25 24 23 21 20 18 17 16 15 14 13 12 12 11 10 10 9 8 8 7 7 6 6 6 5 5 5 5 6 6 6 6 6 6 6 6 6 6 6 6 6 6 6 6 7 7 7 7 7 8 8 9 9 9 12 15 17 20 23 26 28 27 26 25 24 22 21 20 20 20 19 19 19 18 18 18
75 65 55 46 40 38 36 34 32 30 29 28 28 28 29 29 29 29 29 27 26 24 23 21 20 19 18 17 15 14 13 12 12 11 10 10 9 9 8 8 7 7 7 6 6 6 6 6 6 6 7 7 7 7 7 7 7 7 7 7 7 7 7 7 7 7 7 7 8 8 8 9 9 9 12 14 17 20 22 25 27 26 26 25 24 23 22 22 21 21 20 20 20 19 19 19
72 62 52 43 37 36 35 33 32 31 29 29 29 29 29 29 30 30 29 27 26 24 23 21 20 19 18 17 16 15 14 13 12 11 11 10 9 9 8 8 8 7 7 7 7 6 6 7 7 7 7 7 8 8 8 7 7 7 7 7 7 7 7 7 7 7 7 7 8 8 8 9 9 9 12 14 17 19 22 24 26 26 25 25 25 24 24 23 23 22 22 21 20 20 19 19
69 59 49 40 35 34 33 33 32 31 30 30 30 30 30 30 30 30 29 27 26 24 23 21 20 19 18 17 16 15 14 13 12 12 11 10 10 9 9 8 8 8 8 7 7 7 7 7 7 8 8 8 8 8 8 8 8 8 8 8 8 8 8 8 7 7 7 8 8 8 9 9 9 10 12 14 16 19 21 23 25 25 25 25 25 25 25 25 24 24 23 22 21 20 20 19
66 56 46 37 32 32 32 32 32 31 31 31 31 31 31 30 30 30 29 28 26 24 23 21 20 19 18 17 16 15 14 13 12 12 11 11 10 9 9 9 8 8 8 8 8 8 8 8 8 8 8 9 9 9 9 9 8 8 8 8 8 8 8 8 8 8 8 8 8 8 9 9 9 10 12 14 16 18 20 22 24 25 25 25 26 26 26 27 26 25 24 23 22 21 20 20
62 53 43 34 30 30 31 31 31 32 32 32 32 32 31 31 31 30 29 28 26 25 23 21 20 19 18 17 16 15 14 13 13 12 11 11 10 10 9 9 9 9 9 9 9 8 9 9 9 9 9 9 9 9 9 9 9 9 9 9 9 9 8 8 8 8 8 8 8 9 9 9 9 10 12 14 16 18 20 22 24 24 25 26 26 27 28 28 27 26 25 24 23 22 21 20
59 50 40 31 27 28 29 30 31 32 33 33 33 32 32 32 31 31 30 28 26 25 23 22 20 19 18 17 16 15 14 13 13 12 12 11 11 10 9 9 9 9 9 9 9 9 9 9 9 9 10 10 10 10 10 10 10 9 9 9 9 9 9 9 8 8 8 8 9 9 9 9 10 10 12 13 15 17 19 21 23 24 25 26 27 28 29 30 29 27 26 25 24 22 21 21
55 47 38 29 25 26 28 29 30 32 33 33 33 32 32 31 31 30 29 28 26 25 23 21 20 19 18 17 16 15 15 14 13 12 12 11 11 10 10 9 10 10 10 10 10 10 10 10 10 10 10 10 10 10 10 10 10 10 10 10 10 9 9 9 9 9 8 9 9 9 9 10 10 10 12 13 15 17 18 20 22 23 24 26 27 28 30 31 30 28 27 26 25 23 22 22
51 43 35 27 24 25 26 28 29 30 31 31 31 31 30 30 29 29 28 27 25 24 23 21 20 19 18 17 16 16 15 14 13 13 12 11 11 10 9 9 9 9 9 9 9 9 9 9 10 10 10 10 10 10 10 10 10 10 10 10 10 10 10 9 9 9 9 9 9 10 10 10 10 10 12 14 15 17 18 20 21 23 24 25 27 28 30 31 30 29 28 27 26 25 24 23
46 40 33 26 23 24 25 26 27 28 29 30 29 29 29 28 28 28 27 26 25 23 22 21 20 19 18 17 17 16 15 14 13 13 12 11 11 10 9 9 9 9 9 9 9 9 9 9 9 9 10 10 10 10 10 10 10 10 10 10 10 10 10 10 10 9 9 10 10 10 10 10 11 11 12 14 15 17 18 19 21 22 24 25 26 28 29 31 30 29 28 28 27 26 26 25
42 36 30 24 22 23 24 25 26 27 27 28 28 27 27 27 27 26 26 25 24 23 22 21 20 19 18 18 17 16 15 14 14 13 12 11 11 10 9 9 9 9 9 9 9 9 9 9 9 9 9 9 10 10 10 10 10 10 10 10 10 10 10 10 10 10 10 10 10 11 11 11 11 11 13 14 15 16 18 19 20 22 23 25 26 28 29 30 30 29 29 29 28 28 27 27
37 33 28 23 21 22 23 23 24 25 26 26 26 26 26 25 25 25 25 24 23 22 22 21 20 19 18 18 17 16 15 15 14 13 12 11 11 10 9 9 9 9 9 9 9 9 9 9 9 9 9 9 9 10 10 10 10 10 10 11 11 11 10 10 10 10 10 11 11 11 11 11 12 12 13 14 15 16 17 18 20 21 23 24 26 27 29 30 30 30 30 29 29 29 29 29
33 29 25 21 20 21 21 22 23 23 24 24 24 24 24 24 24 24 24 23 22 22 21 21 20 19 19 18 17 16 15 15 14 13 12 11 11 10 9 9 9 9 9 9 9 9 9 9 9 9 9 9 9 9 10 10 10 10 11 11 11 11 11 11 11 11 11 11 11 11 12 12 12 12 13 14 15 16 17 18 19 21 22 24 25 27 28 30 30 30 30 30 30 31 31 31
28 26 23 20 19 19 20 20 21 21 22 22 22 22 22 22 23 23 22 22 22 21 21 20 20 19 19 18 17 16 16 15 14 13 12 11 11 10 9 8 8 8 8 8 8 8 8 9 9 9 9 9 9 9 10 10 10 10 11 11 11 11 11 11 11 11 11 11 12 12 12 12 13 13 14 14 15 16 17 18 18 20 22 23 25 27 28 30 30 30 31 31 32 32 32 33
26 24 22 19 19 19 20 20 20 21 21 22 22 22 22 22 22 22 22 22 21 21 21 20 20 19 19 18 17 16 16 15 14 13 12 11 10 10 9 9 9 9 8 8 8 8 9 9 9 9 9 9 9 9 10 10 10 11 11 11 11 11 11 12 12 12 12 12 12 12 13 13 13 13 14 15 15 16 17 18 18 20 22 23 25 26 28 30 30 31 31 32 33 33 34 35
27 25 23 20 20 20 20 21 21 22 22 23 23 23 23 23 23 23 22 22 21 21 20 20 19 19 18 17 17 16 15 14 14 13 12 11 11 10 9 9 9 9 9 9 9 9 9 9 9 9 9 9 9 10 10 10 11 11 11 12 12 12 12 12 12 12 12 12 13 13 13 13 14 14 15 15 16 17 17 18 19 20 22 24 25 27 28 30 31 31 32 33 34 34 35 36
28 26 24 21 20 21 21 22 22 23 23 23 23 23 23 23 23 23 23 22 21 21 20 19 19 18 17 17 16 15 15 14 13 13 12 11 11 10 9 9 9 9 9 9 9 9 9 10 10 10 10 10 10 10 10 11 11 11 12 12 12 12 12 12 13 13 13 13 13 14 14 14 14 14 15 16 16 17 18 18 19 21 22 24 25 27 29 30 31 32 33 34 35 36 37 37
29 27 25 22 21 22 22 23 23 24 24 24 24 24 24 24 24 24 23 22 21 21 20 19 18 17 17 16 16 15 14 14 13 12 12 11 11 10 9 9 9 10 10 10 10 10 10 10 10 10 10 10 10 10 11 11 11 12 12 12 12 13 13 13 13 13 13 14 14 14 14 14 15 15 16 16 17 17 18 19 19 21 23 24 26 27 29 30 31 33 34 35 36 37 38 38
30 28 25 23 22 23 23 24 24 25 25 25 25 25 25 25 24 24 24 23 22 21 20 19 18 17 16 16 15 14 14 13 13 12 12 11 11 10 10 10 10 10 10 10 10 10 10 10 10 10 10 10 10 11 11 11 12 12 12 13 13 13 13 13 14 14 14 14 14 15 15 15 15 15 16 17 17 18 19 19 20 21 23 24 26 27 29 31 32 33 34 36 37 38 39 40
