pluvio/pluvio-258.asc
ncols         252
nrows         154
xllcorner     -0.5
yllcorner     -153.5
cellsize      1
NODATA_value  -9999
[rows 59 to 117 of 154, columns 0 to 95 of 252]
0 0 0 0 1 1 1 1 2 2 2 3 5 6 8 9 11 12 13 13 13 13 13 14 14 15 16 17 19 20 21 22 21 18 15 12 9 6 4 2 2 2 1 1 0 0 0 0 0 0 0 0 0 0 0 0 0 0 0 0 0 1 1 2 2 3 4 3 2 2 1 1 0 0 0 0 0 0 0 0 0 0 1 2 2 3 4 5 5 5 5 5 6 6 6 6
0 0 1 1 1 1 2 2 2 3 3 4 6 7 8 10 11 13 13 14 14 14 15 15 15 16 17 18 19 20 21 22 20 17 14 11 9 6 3 2 2 1 1 0 0 0 0 0 0 0 0 0 0 0 0 0 0 0 0 1 1 2 2 3 3 4 4 4 3 3 2 1 1 0 0 0 0 0 0 0 0 0 1 2 2 3 3 4 4 5 5 5 6 6 6 7
0 1 1 1 2 2 2 3 3 4 4 5 7 8 9 10 12 13 14 14 15 15 16 16 17 17 18 18 19 19 20 20 19 16 13 11 8 5 3 2 1 1 1 0 0 0 0 0 0 0 0 0 0 1 1 1 1 1 1 2 2 3 3 4 4 5 5 5 4 3 3 2 1 1 1 0 0 0 0 0 0 0 1 1 2 2 3 3 4 4 5 5 6 6 7 7
1 1 1 1 2 3 3 4 4 5 6 7 8 9 10 11 12 13 14 15 15 16 17 17 18 19 19 19 19 19 19 19 17 15 12 10 7 5 2 1 1 1 0 0 0 0 0 0 0 0 1 1 1 1 2 2 2 2 3 3 3 4 4 5 5 5 6 5 5 4 3 3 2 1 1 1 1 0 0 0 0 0 0 1 1 2 2 3 3 4 5 5 6 6 7 7
1 1 1 2 2 3 4 5 5 6 7 8 9 10 11 11 12 13 14 15 16 17 18 19 20 20 19 19 19 19 18 18 16 14 11 9 6 4 2 1 1 0 0 0 0 0 0 0 0 1 1 1 2 2 2 3 3 3 4 4 4 5 5 6 6 6 7 6 5 5 4 3 3 2 2 1 1 1 0 0 0 0 0 1 1 1 2 2 3 3 4 5 6 7 7 8
1 1 2 2 3 4 5 6 6 7 8 9 10 10 11 12 13 13 14 16 17 18 19 20 21 21 20 20 19 18 17 17 15 13 10 8 6 3 1 0 0 0 0 0 0 0 0 0 1 1 1 2 2 2 3 3 4 4 5 5 5 6 6 7 7 7 8 7 6 6 5 4 3 3 2 2 1 1 0 0 0 0 0 0 1 1 1 1 2 3 4 5 6 7 7 8
1 2 2 3 3 4 5 6 7 8 9 10 11 11 12 13 13 14 15 16 17 19 20 21 23 22 21 20 19 18 17 16 14 11 9 7 5 3 1 0 0 0 0 0 0 0 0 0 1 1 2 2 3 3 4 4 5 5 6 6 7 7 7 7 8 8 8 8 7 6 6 5 4 3 3 2 2 1 1 0 0 0 0 0 0 0 0 1 2 3 4 5 6 7 8 8
1 2 2 3 4 5 6 7 8 10 11 11 12 12 13 13 13 14 15 17 18 20 21 23 24 24 22 21 19 17 16 14 12 10 8 6 4 2 0 0 0 0 0 0 0 0 0 0 1 2 2 3 3 4 4 5 6 6 7 7 8 8 8 8 9 9 9 9 8 7 6 6 5 4 3 3 2 2 1 0 0 0 0 0 0 0 0 0 1 2 3 5 6 7 8 8
2 2 2 3 3 5 6 7 9 10 11 12 12 13 13 13 14 14 15 16 18 19 21 22 23 23 21 20 18 17 15 14 12 10 8 6 4 2 0 0 0 0 0 0 0 0 1 1 2 2 3 3 4 4 5 6 6 7 7 8 8 8 8 9 9 9 9 9 8 7 7 6 5 5 4 4 3 2 2 1 1 1 1 1 1 1 1 1 2 3 4 5 6 7 8 9
2 2 2 2 3 5 6 7 9 10 11 12 12 13 13 13 14 14 15 16 18 19 20 21 22 22 20 19 17 16 14 13 11 9 7 6 4 2 0 0 0 0 0 1 1 1 2 2 3 3 4 4 5 5 6 6 7 7 7 8 8 8 8 9 9 9 9 9 8 7 7 6 6 5 5 4 4 3 3 3 2 2 2 2 3 3 3 3 4 5 5 6 7 8 9 9
2 2 2 2 3 4 6 7 9 10 11 12 13 13 13 14 14 14 15 16 17 18 19 20 22 21 20 18 17 15 14 12 11 9 7 5 4 2 0 0 0 0 1 1 2 2 2 3 3 4 5 5 6 6 6 7 7 7 8 8 8 8 8 9 9 9 9 8 8 8 7 7 6 6 5 5 5 4 4 4 3 4 4 4 4 4 4 4 5 6 7 7 8 9 9 10
3 3 2 2 3 4 6 7 9 10 12 12 13 13 13 14 14 14 15 16 17 18 19 20 21 20 19 17 16 14 13 12 10 8 7 5 3 2 0 0 0 1 1 2 2 3 3 4 4 5 5 6 6 7 7 7 8 8 8 8 8 8 8 9 9 9 9 8 8 8 7 7 7 6 6 6 6 5 5 5 5 5 5 5 5 6 6 6 7 7 8 8 9 9 10 10
3 3 2 2 2 4 6 7 9 10 12 13 13 13 14 14 14 15 15 16 17 17 18 19 20 19 18 16 15 14 12 11 10 8 6 5 3 2 0 0 1 1 2 2 3 4 4 5 5 6 6 7 7 8 8 8 8 8 8 9 9 9 9 9 9 9 8 8 8 8 8 7 7 7 7 7 7 6 6 6 6 6 7 7 7 7 7 8 8 8 9 9 9 10 10 10
4 3 2 2 2 4 5 7 9 10 12 13 13 14 14 14 14 15 15 16 16 17 18 18 19 18 17 16 14 13 12 10 9 7 6 4 3 1 0 0 1 1 2 3 4 4 5 5 6 7 7 8 8 8 8 8 9 9 9 9 9 9 9 9 8 8 8 8 8 8 8 8 8 8 8 8 8 7 7 7 7 8 8 8 8 9 9 9 9 10 10 10 10 10 11 11
4 3 2 1 2 4 5 7 9 11 12 13 13 14 14 14 14 15 15 16 16 16 17 17 18 17 16 15 13 12 11 10 8 7 6 4 3 1 0 0 1 2 3 3 4 5 6 6 7 7 8 8 9 9 9 9 9 9 9 9 9 9 9 9 8 8 8 8 8 8 8 8 8 8 8 8 8 8 9 9 9 9 9 10 10 10 10 11 11 11 11 11 11 11 11 11
4 3 2 1 2 3 5 6 8 9 11 12 12 12 13 13 13 14 14 15 15 16 16 16 17 16 15 14 13 12 11 10 8 7 6 4 3 1 0 0 1 2 3 4 5 6 7 7 8 8 9 9 10 10 10 10 10 10 10 10 10 10 10 10 10 10 10 10 10 10 9 9 9 9 9 9 9 9 9 9 9 10 10 10 11 11 11 12 12 12 12 12 12 12 12 12
4 3 2 1 2 3 4 6 7 8 9 10 11 11 11 12 12 13 13 14 14 15 15 15 16 15 15 14 13 12 11 10 8 7 6 4 3 1 0 0 1 3 4 5 6 7 8 8 9 9 10 10 11 11 11 11 11 11 11 11 11 11 11 12 12 12 12 12 11 11 11 11 10 10 10 10 10 10 10 10 10 10 11 11 11 12 12 12 12 12 12 13 13 13 13 13
4 3 2 1 2 3 4 5 6 7 8 9 9 10 10 11 11 12 12 13 13 14 14 14 15 15 14 13 12 11 11 10 8 7 6 4 3 1 0 0 2 3 4 6 7 8 9 9 10 10 10 11 11 11 12 12 12 12 12 12 12 12 13 13 13 14 14 13 13 13 12 12 11 11 11 11 11 11 11 11 11 11 11 12 12 12 13 13 13 13 13 13 13 14 14 14
4 3 2 1 1 2 3 4 5 6 7 7 8 8 9 9 10 11 11 12 12 13 13 14 14 14 13 12 12 11 10 10 9 7 6 4 3 1 0 1 2 3 5 6 8 9 10 10 11 11 11 12 12 12 12 12 13 13 13 13 13 14 14 15 15 15 16 15 15 14 14 13 12 12 12 12 12 12 12 12 11 12 12 12 13 13 13 14 14 14 14 14 14 14 14 14
4 3 2 1 1 2 3 3 4 5 5 6 6 7 8 8 9 9 10 11 11 12 12 13 13 13 12 12 11 11 10 10 9 7 6 4 3 1 0 1 2 4 5 7 9 10 11 11 11 12 12 12 13 13 13 13 13 14 14 14 14 15 15 16 17 17 18 17 16 16 15 14 13 13 13 13 12 12 12 12 12 12 13 13 13 14 14 14 15 15 15 15 15 15 15 15
4 3 3 2 1 2 2 3 3 3 4 4 5 6 6 7 8 8 9 10 10 11 11 12 12 12 12 11 11 11 10 10 9 7 6 4 3 1 0 1 3 4 6 8 9 11 12 12 12 13 13 13 14 14 14 14 14 15 15 15 16 16 17 18 18 19 20 19 18 17 16 15 15 14 14 13 13 13 13 13 13 13 14 14 14 14 15 15 15 15 16 16 16 16 16 16
5 4 3 2 1 1 2 2 2 2 2 3 4 4 5 6 7 7 8 9 9 10 10 11 11 11 11 11 10 10 10 10 9 7 6 4 3 1 0 1 3 5 7 8 10 12 13 13 13 14 14 14 14 15 15 15 15 15 16 16 17 17 18 19 20 21 21 21 20 19 18 17 16 15 14 14 14 14 14 14 14 14 14 15 15 15 16 16 16 16 16 17 17 17 17 17
4 3 2 1 1 1 2 2 2 3 3 3 4 5 6 7 7 8 9 10 10 11 12 12 13 13 12 11 10 10 9 8 7 6 5 4 2 1 0 1 3 5 7 9 11 13 14 14 14 14 14 14 14 14 15 15 16 16 17 17 18 19 20 21 21 22 23 22 21 20 19 18 17 16 16 16 16 16 16 16 16 16 17 17 17 17 18 18 18 18 19 19 19 19 19 19
3 3 2 1 1 1 2 2 3 3 3 4 5 6 7 7 8 9 10 11 11 12 13 14 14 14 13 12 11 9 8 7 6 5 4 3 2 1 0 1 3 6 8 10 12 15 15 15 14 14 14 13 13 14 15 16 16 17 18 19 20 20 21 22 23 23 24 23 23 22 21 20 19 18 18 18 18 18 18 18 19 19 19 19 19 20 20 20 20 20 21 21 21 21 21 21
3 2 2 1 1 2 2 2 3 3 4 5 5 6 7 8 9 10 11 12 13 13 14 15 16 15 14 12 11 9 7 6 5 4 3 2 1 1 0 1 4 6 9 11 13 16 16 15 15 14 14 13 13 13 15 16 17 18 19 21 21 22 23 23 24 25 26 25 24 23 22 22 21 20 20 20 20 21 21 21 21 21 21 22 22 22 22 22 22 23 23 23 23 23 23 23
2 2 1 1 1 2 2 3 3 4 4 5 6 7 8 9 10 11 12 13 14 15 16 17 18 17 15 13 11 8 6 4 3 3 2 2 1 0 0 1 4 7 9 12 14 17 17 16 15 14 14 13 12 13 15 16 18 19 21 22 23 24 24 25 26 26 27 26 26 25 24 23 23 22 22 22 23 23 23 23 23 24 24 24 24 24 24 24 25 25 25 25 25 25 25 26
1 1 1 1 1 2 2 3 4 4 5 6 7 8 9 10 11 12 13 14 15 16 17 18 19 18 16 13 11 8 6 3 2 2 1 1 0 0 0 2 4 7 10 13 15 18 18 17 16 15 14 12 11 13 15 16 18 20 22 24 24 25 26 26 27 28 28 28 27 26 26 25 24 24 24 24 25 25 25 26 26 26 26 26 26 26 27 27 27 27 27 27 27 27 27 28
1 1 1 1 1 2 2 3 4 5 5 6 7 8 9 10 12 13 14 15 16 17 19 20 21 19 16 14 11 8 5 2 1 1 0 0 0 0 0 2 5 8 10 13 16 19 19 17 16 15 13 12 11 12 15 17 19 21 23 25 26 27 27 28 29 29 30 29 29 28 27 27 26 26 26 26 27 27 28 28 28 28 28 28 29 29 29 29 29 29 29 29 29 29 29 30
0 0 0 0 1 2 3 3 4 5 6 7 8 9 10 11 13 14 15 16 17 19 20 21 22 21 17 14 11 7 4 1 0 0 0 0 0 0 0 2 5 8 11 14 17 20 20 18 16 15 13 12 10 12 14 17 19 22 24 27 27 28 29 29 30 30 31 31 30 29 29 28 28 27 28 28 29 29 30 30 31 31 31 31 31 31 31 31 31 31 31 31 31 31 31 32
1 1 1 1 2 3 3 4 5 6 6 7 9 10 12 14 15 17 17 18 19 19 20 20 21 19 17 14 11 9 6 3 2 2 1 1 1 0 0 2 5 8 10 13 16 19 18 17 15 14 12 10 9 11 14 16 19 22 24 27 28 28 29 29 29 30 30 30 29 29 29 29 28 28 29 29 30 30 31 32 32 32 33 33 33 33 33 33 33 33 33 34 34 34 34 35
2 2 2 2 3 3 4 5 5 6 7 8 10 12 14 16 18 19 20 20 20 20 20 20 20 18 16 14 12 10 8 6 4 4 3 3 2 1 1 2 5 7 10 12 15 17 17 15 14 12 11 9 8 10 13 16 19 22 25 28 28 28 28 29 29 29 29 29 29 29 29 29 29 29 30 30 31 32 32 33 34 34 34 35 35 35 35 36 36 36 36 36 36 36 36 37
3 3 3 3 4 4 5 5 6 7 7 9 11 13 16 18 20 22 23 22 21 20 20 19 18 17 15 14 12 11 10 8 7 6 5 4 3 2 1 3 5 7 9 11 14 16 15 14 12 11 9 8 6 9 12 15 19 22 25 28 29 28 28 28 28 28 28 28 28 29 29 29 30 30 31 31 32 33 34 34 35 36 36 36 37 37 38 38 38 38 38 38 38 38 39 40
4 4 4 4 5 5 6 6 7 7 8 10 12 15 17 20 23 25 25 24 22 21 20 18 17 16 15 14 13 12 11 10 9 8 7 5 4 3 2 3 5 7 9 11 13 14 14 12 11 9 8 7 5 8 11 15 18 22 25 29 29 29 28 28 27 27 27 27 28 28 29 30 30 31 32 32 33 34 35 36 37 37 38 38 39 39 40 40 40 41 41 41 41 41 41 42
5 5 5 5 5 6 6 7 7 8 8 10 13 16 19 22 25 28 28 26 24 22 19 17 15 14 14 14 14 13 13 13 12 10 9 7 5 4 2 3 5 6 8 10 11 13 12 11 10 8 7 5 4 7 11 14 18 22 26 29 29 29 28 27 27 26 26 26 27 28 29 30 31 32 32 33 34 35 36 37 38 39 40 40 41 41 42 43 43 43 43 43 43 43 44 45
7 6 6 6 6 7 7 8 8 8 9 11 14 18 21 24 28 31 31 28 25 22 19 17 14 13 13 14 14 15 15 15 14 12 10 8 6 5 3 3 5 6 7 9 10 12 11 9 8 7 5 4 3 6 10 14 18 22 26 30 30 29 28 27 26 25 24 25 27 28 29 30 31 32 33 35 36 37 38 39 40 41 41 42 43 44 44 45 45 45 45 46 46 46 46 47
8 7 7 7 7 8 8 9 9 9 10 12 16 19 23 26 30 34 33 30 26 23 20 16 13 12 13 14 15 16 17 18 17 14 12 10 8 5 3 4 5 6 7 8 9 10 9 8 7 6 4 3 2 5 9 13 18 22 26 31 30 29 28 27 26 25 24 25 26 28 29 30 32 33 34 36 37 38 39 40 42 42 43 44 45 46 47 47 48 48 48 48 48 48 49 50
9 9 9 9 9 10 11 12 13 14 14 17 19 22 25 28 31 34 33 31 28 25 22 19 17 16 17 17 18 19 19 20 19 16 14 11 9 7 4 4 5 6 7 8 8 9 9 7 6 5 4 3 2 5 9 14 18 22 27 31 31 30 29 28 27 26 25 26 28 29 30 32 33 34 36 37 39 40 42 43 45 46 46 47 48 49 50 51 51 51 51 51 51 51 51 52
10 11 11 11 11 13 14 15 17 18 19 21 23 25 28 30 32 34 34 32 29 27 25 22 20 20 20 20 21 21 22 22 20 18 15 13 10 8 5 5 6 6 7 7 8 8 8 7 6 5 4 3 2 5 10 14 18 23 27 32 31 31 30 29 28 28 27 28 29 30 31 33 34 35 37 39 40 42 44 46 48 49 50 51 51 52 53 54 54 54 54 54 54 54 54 55
12 12 12 13 14 15 17 19 20 22 24 25 27 29 30 32 33 35 34 33 31 29 27 25 24 23 23 24 24 24 24 24 22 20 17 14 12 9 6 6 6 6 7 7 7 7 7 6 5 4 3 3 2 5 10 14 19 23 28 32 32 31 31 30 30 29 29 30 31 32 33 34 35 36 38 40 42 44 47 49 51 52 53 54 55 56 57 58 57 57 57 57 57 56 56 57
13 14 14 14 16 18 20 22 24 26 28 30 31 32 32 33 34 35 35 34 32 31 30 29 27 27 27 27 27 27 27 26 24 22 19 16 13 10 7 6 6 6 6 6 6 6 6 5 4 4 3 2 2 5 10 14 19 24 28 33 33 32 32 31 31 31 30 31 32 33 34 35 36 37 39 42 44 47 49 52 54 55 56 57 58 59 60 61 61 60 60 60 59 59 59 59
15 15 16 16 18 20 23 25 28 30 33 34 34 35 35 35 35 36 35 34 34 33 32 32 31 30 30 30 30 29 29 29 26 23 20 17 14 11 8 7 7 7 6 6 6 5 5 4 4 3 3 2 2 6 10 15 19 24 28 33 33 33 33 33 32 32 32 33 33 34 35 36 37 37 40 43 46 49 52 54 57 58 59 60 61 62 63 64 64 63 63 63 62 62 61 62
16 17 17 18 20 23 26 29 32 35 38 39 38 38 37 37 36 36 36 35 35 35 35 35 34 34 33 33 32 32 31 31 28 25 22 19 16 12 9 8 7 7 6 6 5 4 4 4 3 3 3 2 2 6 10 15 20 24 29 34 34 34 34 34 34 34 34 34 35 36 36 37 38 38 41 45 48 51 54 57 60 61 62 64 65 66 67 68 67 67 66 65 65 64 64 64
18 19 19 20 22 25 29 32 35 38 42 43 42 41 40 39 38 37 36 37 37 37 37 38 38 37 37 36 35 34 34 33 30 27 23 20 17 13 10 8 7 7 6 5 4 3 3 3 3 3 3 2 2 6 11 15 20 25 29 34 35 35 35 35 35 35 35 36 36 37 38 38 39 39 43 46 49 53 56 59 63 64 65 66 67 68 69 70 70 69 68 68 67 66 66 66
21 23 24 25 27 30 32 35 38 40 43 43 43 42 41 40 39 38 38 38 39 39 39 40 40 40 39 38 37 36 35 34 31 27 23 20 16 12 9 7 7 6 5 5 4 3 3 3 3 4 4 4 4 8 12 17 21 25 30 34 35 35 35 36 36 36 37 37 38 38 39 40 40 41 44 47 50 53 56 59 62 63 64 65 66 67 68 69 68 68 67 67 66 66 66 66
25 27 28 30 32 34 36 38 40 42 44 44 44 43 42 41 41 40 40 40 41 41 42 42 43 42 41 39 38 37 36 34 31 27 23 19 15 11 8 6 6 5 5 4 3 3 3 4 4 5 5 5 6 9 14 18 22 26 30 34 35 35 36 36 37 38 38 39 39 40 40 41 42 42 45 48 50 53 56 59 61 62 63 64 65 65 66 67 67 66 66 66 66 65 65 65
29 31 33 35 37 38 40 41 42 44 45 45 45 44 43 43 42 41 42 42 43 43 44 44 45 44 43 41 40 38 37 35 32 27 23 19 15 11 6 5 5 4 4 3 3 3 3 4 5 6 6 7 8 11 15 19 23 26 30 34 35 36 37 37 38 39 39 40 41 41 42 42 43 44 46 49 51 53 56 58 61 61 62 63 63 64 65 65 65 65 65 65 65 65 65 64
32 35 37 40 42 42 43 44 45 45 46 46 46 45 45 44 44 43 43 44 45 45 46 47 47 46 45 43 41 39 38 36 32 28 23 19 14 10 5 4 4 4 3 3 3 2 3 4 5 6 8 9 10 13 16 20 24 27 31 34 35 36 37 38 39 40 41 41 42 43 43 44 44 45 47 49 52 54 56 58 60 61 61 62 62 62 63 63 64 64 64 64 64 64 65 64
36 39 42 45 47 47 47 47 47 47 47 47 47 46 46 46 45 45 45 46 47 47 48 49 50 49 47 45 43 41 39 37 33 28 23 18 14 9 4 3 3 3 3 2 2 2 3 5 6 7 9 10 12 15 18 21 24 28 31 34 36 37 38 39 40 41 42 43 43 44 45 45 46 47 48 50 52 54 56 58 60 60 60 60 61 61 61 62 62 62 63 63 64 64 64 63
39 43 46 50 51 51 50 50 49 49 49 48 48 48 47 47 47 46 47 48 49 49 50 51 52 51 49 46 44 42 40 37 33 28 23 18 13 8 3 2 2 2 2 2 2 2 3 5 7 8 10 12 14 16 19 22 25 28 31 34 36 37 38 40 41 42 44 44 45 45 46 47 47 48 50 51 53 54 56 57 59 59 59 59 59 60 60 60 60 61 62 62 63 63 64 63
42 46 50 54 55 54 53 52 51 50 49 48 48 48 48 48 47 47 48 49 50 51 52 53 53 52 50 47 45 43 40 38 33 28 23 18 13 8 3 1 2 2 2 2 2 2 4 6 7 9 11 13 15 18 21 23 26 29 31 34 36 37 39 40 42 43 44 45 46 46 47 48 48 49 50 51 53 54 55 56 58 58 58 58 58 58 58 58 59 60 61 61 62 63 64 63
40 44 48 52 53 52 51 49 48 46 45 44 44 44 44 44 44 44 45 46 47 48 49 50 52 50 48 46 44 41 39 37 33 28 23 18 13 9 4 3 3 3 3 4 4 4 5 7 9 11 13 15 17 19 21 24 26 28 31 33 35 36 38 39 41 42 44 44 45 45 46 46 47 47 48 49 50 52 53 54 55 55 55 55 56 56 56 56 57 58 59 60 62 63 63 63
37 42 46 51 52 50 48 47 45 43 41 41 41 41 41 41 41 41 42 43 45 46 47 48 50 49 47 44 42 40 38 36 32 28 23 19 14 10 5 4 4 5 5 5 6 6 7 9 11 13 15 17 19 20 22 24 26 28 30 32 33 35 36 38 40 41 43 43 44 44 45 45 45 46 47 48 48 49 50 51 52 52 52 53 53 54 54 54 56 57 58 60 61 62 63 63
35 40 45 49 50 48 46 44 42 40 38 37 37 37 38 38 38 38 39 41 42 43 45 46 48 47 45 43 41 39 37 35 32 27 23 19 15 10 6 5 6 6 7 7 7 8 9 11 13 15 16 18 20 22 23 25 26 28 29 30 32 34 35 37 39 40 42 42 43 43 43 44 44 44 45 46 46 47 47 48 48 49 50 50 51 51 52 52 54 56 57 59 60 62 63 64
33 38 43 48 49 46 44 41 39 37 34 33 34 34 34 35 35 35 36 38 39 41 43 44 46 45 43 41 40 38 36 34 31 27 23 19 15 11 7 7 7 8 8 9 9 10 11 13 15 16 18 20 22 23 24 25 26 27 28 29 31 33 34 36 38 39 41 41 42 42 42 42 43 43 43 44 44 44 45 45 45 46 47 48 48 49 50 51 52 54 56 58 60 61 63 64
31 36 41 46 47 44 42 39 36 33 31 30 30 31 31 31 32 32 34 35 37 39 40 42 44 43 42 40 38 37 35 33 30 27 23 19 16 12 9 8 9 9 10 10 11 12 13 15 16 18 20 22 23 24 25 25 26 27 27 28 30 31 33 35 37 38 40 40 41 41 41 41 41 42 42 42 42 42 42 42 42 43 44 45 46 47 48 49 51 53 55 57 59 61 63 64
29 34 39 45 46 43 39 36 33 30 27 26 26 27 28 28 29 29 31 33 34 36 38 40 42 41 40 38 37 35 34 32 30 26 23 20 16 13 10 9 10 11 11 12 13 13 15 17 18 20 22 23 25 25 26 26 26 26 27 27 28 30 32 34 36 37 39 39 39 40 40 40 40 40 40 40 40 40 39 39 39 40 41 42 44 45 46 47 49 51 54 56 58 61 63 65
27 33 38 44 45 41 38 34 31 27 24 23 23 24 25 25 26 27 28 30 32 34 36 37 39 39 38 36 35 34 32 31 28 25 22 20 17 14 11 10 11 12 13 14 14 15 17 18 20 21 23 25 26 26 26 26 26 26 26 26 28 30 31 33 35 37 39 39 39 39 39 39 39 39 39 38 38 38 38 37 37 38 40 41 42 44 45 47 49 52 54 57 59 62 64 66
27 33 38 44 45 41 37 34 30 27 23 22 22 22 23 23 24 24 25 27 29 30 32 34 35 35 34 32 31 30 28 27 25 23 20 18 15 13 11 11 12 13 14 14 15 16 18 19 21 22 24 25 27 27 27 27 27 27 27 27 29 31 32 34 36 38 39 39 39 39 39 39 39 39 39 39 38 38 38 38 38 40 42 44 45 47 49 51 54 57 59 62 65 68 70 72
28 33 39 44 45 41 37 33 30 26 22 20 21 21 21 21 22 22 23 24 26 27 29 30 32 31 30 29 27 26 25 23 22 20 18 16 14 13 11 11 12 13 14 15 16 17 19 20 22 23 25 26 27 28 28 28 28 28 28 28 30 32 33 35 37 38 40 40 40 40 40 39 39 39 39 39 39 39 39 38 38 41 43 46 48 51 53 56 59 62 65 68 70 73 76 78
