pluvio/pluvio-321.asc
ncols         252
nrows         154
xllcorner     -0.5
yllcorner     -153.5
cellsize      1
NODATA_value  -9999
[rows 0 to 53 of 154, columns 96 to 191 of 252]
6 7 9 11 13 14 15 15 15 15 16 16 17 18 19 19 20 21 22 23 21 19 17 15 13 11 9 10 11 11 12 12 13 14 15 16 18 19 20 22 22 20 18 16 14 12 11 9 7 6 5 3 2 0 0 0 0 0 0 0 0 0 0 0 0 0 0 0 1 3 5 8 10 12 14 15 15 15 15 15 15 15 15 16 16 17 17 18 18 19 20 20 21 22 23 24
5 6 8 10 11 13 13 14 14 15 15 16 17 17 18 19 20 21 22 22 20 18 16 14 12 10 9 10 10 11 11 11 12 13 14 15 17 18 20 21 21 20 19 17 16 14 13 12 10 8 6 4 2 0 0 0 0 0 0 0 0 0 0 0 0 0 0 0 1 3 5 8 10 12 14 15 15 15 15 15 15 15 15 16 16 17 17 18 18 19 20 21 22 22 23 24
4 5 7 9 10 12 12 13 14 14 15 16 17 17 18 19 19 20 21 21 19 17 15 14 12 10 9 9 10 10 10 11 11 12 13 15 16 17 19 20 21 20 19 18 17 17 16 14 12 10 7 5 3 1 0 0 0 0 0 0 0 0 0 0 0 0 0 0 1 3 5 8 10 12 15 15 15 15 15 15 15 15 15 16 16 17 17 18 18 19 20 21 22 23 24 25
3 4 6 7 9 10 11 12 13 14 15 16 16 17 18 18 19 19 20 20 18 17 15 13 11 10 9 9 9 9 10 10 10 11 12 14 15 17 18 19 20 20 20 19 19 19 18 17 14 12 9 6 4 1 0 0 0 0 0 0 0 0 0 0 0 0 0 0 1 3 5 8 10 12 15 16 16 15 15 15 15 15 16 16 16 17 17 18 18 19 20 21 22 23 24 25
3 4 5 7 8 9 10 11 12 13 14 15 16 17 17 18 18 19 19 19 18 16 14 13 11 9 8 8 8 9 9 9 9 10 11 12 14 15 16 18 18 18 18 18 18 18 18 17 14 12 9 6 4 1 0 0 0 0 1 1 1 1 1 1 0 0 0 0 1 3 5 7 9 11 14 14 14 14 14 14 14 14 14 15 16 16 17 18 18 19 20 21 22 23 24 25
3 4 5 6 7 8 9 11 12 13 14 15 16 16 17 17 18 18 19 19 17 15 14 12 10 8 7 7 7 7 7 8 8 8 9 10 12 13 14 15 16 16 15 15 15 15 15 14 12 10 7 5 3 1 0 1 1 2 3 4 4 4 4 3 2 1 1 0 1 2 4 6 8 10 11 12 12 12 12 12 12 12 12 13 14 15 16 17 18 19 20 21 22 23 24 25
3 4 5 6 7 8 9 10 11 12 13 14 15 16 16 17 17 18 18 18 16 15 13 11 9 8 6 6 6 6 6 6 6 6 7 8 9 10 11 12 13 13 13 13 12 12 12 11 10 8 6 4 2 0 0 1 3 4 5 6 8 8 6 5 4 3 1 0 0 2 3 5 6 8 9 10 10 10 10 10 10 10 10 11 13 14 15 16 17 18 19 21 22 23 24 25
3 4 4 5 6 7 8 9 10 11 13 14 15 15 16 16 17 17 18 18 16 14 12 10 9 7 5 5 5 5 5 5 5 5 6 6 7 8 9 10 10 10 10 10 10 10 9 9 7 6 4 3 2 0 0 2 4 6 7 9 11 11 9 7 6 4 2 0 0 1 2 4 5 6 7 7 7 7 7 7 7 7 8 10 11 12 14 15 17 18 19 20 22 23 24 25
3 4 4 5 5 6 7 8 9 11 12 13 14 15 15 16 16 17 17 17 15 13 11 10 8 6 5 4 4 4 4 4 3 3 4 4 5 6 6 7 7 7 7 7 7 7 7 6 5 4 3 2 1 0 1 3 5 7 10 12 14 14 12 10 7 5 3 0 0 1 2 2 3 4 5 5 5 5 5 5 5 5 6 8 9 11 13 15 16 18 19 20 21 23 24 25
3 4 4 4 4 5 6 7 9 10 11 13 14 14 15 15 16 16 16 16 14 13 11 9 7 5 4 3 3 3 2 2 2 2 2 3 3 3 4 4 4 4 4 4 4 4 4 3 3 2 2 1 0 0 1 4 6 9 12 15 18 17 15 12 9 6 3 1 0 0 1 1 2 2 3 3 3 3 3 3 3 3 4 6 8 10 12 14 16 17 19 20 21 23 24 25
3 3 4 4 4 4 5 7 8 9 11 12 13 14 14 15 15 15 16 16 14 12 10 8 6 4 3 2 2 2 1 1 0 0 0 1 1 1 1 1 1 1 1 1 1 1 1 1 0 0 0 0 0 0 1 4 8 11 14 17 21 21 17 14 11 7 4 1 0 0 0 0 0 0 0 1 0 0 0 0 0 0 2 4 6 9 11 13 15 17 18 20 21 22 24 25
4 4 4 4 4 4 6 7 8 10 11 12 13 14 14 15 15 16 16 16 14 13 11 9 7 5 4 3 3 3 2 2 1 1 1 1 1 0 0 0 0 0 0 0 0 0 0 0 0 0 0 0 0 0 1 5 8 12 15 19 22 22 19 16 13 9 6 3 2 2 2 2 3 3 3 3 3 2 2 2 1 1 3 5 7 9 11 13 16 17 18 20 21 22 24 25
5 5 6 6 6 6 7 8 9 11 12 13 14 14 15 16 16 17 17 17 16 14 12 11 9 8 6 6 5 5 5 4 4 3 3 2 2 1 1 0 0 0 0 0 0 0 0 0 0 0 0 0 0 0 1 5 8 12 16 19 23 23 20 17 15 12 9 6 5 6 6 7 8 9 9 9 8 7 7 6 5 4 5 7 9 11 13 15 16 18 19 20 21 22 23 24
7 7 7 7 7 7 8 9 10 11 12 13 14 15 16 16 17 18 19 19 17 16 14 13 11 10 9 8 8 7 7 7 6 6 5 4 3 2 1 0 0 0 0 0 0 0 0 0 0 0 0 0 0 0 1 5 9 12 16 20 24 24 22 19 16 14 11 9 9 10 11 12 13 14 15 15 14 12 11 10 8 7 8 9 11 13 14 16 17 18 19 20 21 22 22 23
8 8 8 9 9 9 10 11 12 12 13 14 15 16 16 17 18 19 20 20 19 17 16 15 13 12 11 11 10 10 10 9 9 8 7 6 4 3 2 1 0 0 0 0 0 0 0 0 0 0 0 0 0 0 1 5 9 13 16 20 24 25 23 21 18 16 14 12 12 14 15 17 19 20 22 21 19 17 16 14 12 10 10 12 13 14 16 17 18 19 20 20 21 21 22 22
9 9 10 10 10 11 11 12 13 13 14 15 15 16 17 18 19 20 21 21 20 19 18 17 15 14 13 13 13 12 12 12 11 10 9 7 6 4 2 1 0 0 0 0 0 0 0 0 0 0 0 0 0 0 1 5 9 13 17 21 25 26 24 22 20 19 17 15 16 18 20 22 24 26 28 27 25 22 20 18 15 13 13 14 15 16 17 18 19 20 20 20 21 21 21 22
11 11 11 11 12 12 13 13 14 14 15 15 16 17 18 19 20 21 22 22 21 20 19 19 18 17 16 16 15 15 14 14 14 13 11 9 7 5 3 1 0 0 0 0 0 0 0 0 0 0 0 0 0 0 1 5 9 13 17 21 25 26 25 24 22 21 20 18 19 22 24 27 29 32 34 33 30 28 25 22 19 16 15 16 17 18 19 19 20 21 21 21 21 21 21 21
12 12 13 13 13 14 14 14 15 15 16 16 16 18 19 20 21 22 23 24 23 22 21 20 20 19 18 18 18 17 17 17 16 15 13 10 8 6 3 1 0 0 0 0 0 0 0 0 0 0 0 0 0 0 1 5 9 14 18 22 26 27 26 25 24 23 22 21 23 26 29 32 34 37 40 39 36 33 29 26 22 19 18 19 19 20 20 21 21 21 21 21 21 21 20 20
12 13 13 13 13 14 14 15 15 15 16 16 17 18 19 20 21 22 24 24 24 23 22 22 21 20 20 19 18 18 17 17 16 15 13 11 9 7 5 3 2 2 2 2 2 2 3 3 2 2 2 2 2 2 4 7 11 15 18 22 26 27 27 26 25 25 24 23 25 28 31 34 37 40 43 42 38 35 31 27 24 20 19 20 20 20 21 21 21 21 21 21 20 20 20 19
13 13 13 13 13 13 14 14 15 15 15 16 17 18 19 20 22 23 24 25 24 24 23 22 22 21 20 19 18 17 16 15 14 13 11 10 9 8 7 5 5 5 6 6 7 7 7 7 7 7 7 7 6 6 8 11 14 17 20 23 26 27 27 26 26 25 25 25 26 29 32 34 37 40 43 42 38 35 31 28 24 20 19 20 20 20 21 21 21 21 21 20 20 20 19 19
13 13 13 13 13 13 13 14 14 15 15 16 16 18 19 20 22 23 24 25 25 24 24 23 22 22 21 19 18 16 15 13 12 11 10 10 9 9 9 8 8 9 9 10 11 11 12 12 12 12 11 11 11 10 11 14 16 19 21 23 26 27 27 26 26 26 26 26 27 30 32 35 38 40 43 42 38 35 31 28 24 21 20 20 20 20 21 21 21 21 20 20 20 19 19 18
13 13 13 12 12 12 13 13 14 14 15 16 16 18 19 21 22 23 25 26 25 25 24 24 23 23 22 20 18 16 14 12 10 8 9 9 10 10 10 11 11 12 13 14 15 16 17 17 17 16 16 15 15 14 15 17 19 20 22 24 26 27 27 27 27 27 27 27 28 31 33 36 38 41 43 42 39 35 32 28 25 21 20 20 20 21 21 21 21 21 20 20 19 19 18 18
13 13 12 12 12 11 12 13 13 14 15 15 16 18 19 21 22 24 25 26 26 25 25 24 24 23 22 20 17 15 13 10 8 6 8 9 10 11 12 14 15 16 17 18 19 21 22 22 22 21 20 20 19 19 19 20 21 22 23 25 26 26 27 27 27 28 28 28 30 32 34 36 39 41 43 42 39 35 32 28 25 21 20 20 20 21 21 21 21 21 20 19 19 18 18 17
13 13 12 12 11 11 12 12 13 14 14 15 16 18 19 21 22 24 26 27 26 26 25 25 25 24 23 20 17 14 11 8 5 4 6 8 10 12 14 16 18 19 21 22 24 25 27 27 26 26 25 24 23 23 23 23 24 24 25 25 26 26 27 27 28 28 29 29 31 33 35 37 39 41 43 42 39 35 32 28 25 22 21 21 21 21 21 21 21 20 20 19 18 18 17 16
14 13 12 11 11 10 11 12 13 13 14 15 16 18 19 21 23 24 26 27 27 26 26 26 25 25 24 20 17 14 10 7 3 2 5 8 11 13 16 19 21 23 25 26 28 30 31 32 31 30 29 29 28 27 26 26 26 26 26 26 26 26 27 27 28 29 30 30 32 34 36 38 40 42 44 42 39 35 32 29 25 22 21 21 21 21 21 21 21 20 19 19 18 17 16 16
15 14 13 12 12 11 12 13 13 14 15 16 17 18 20 21 23 24 26 27 27 26 26 26 25 25 24 21 18 14 11 8 5 4 6 9 12 15 18 20 23 24 26 27 29 30 32 33 32 31 30 30 29 28 27 27 27 27 26 26 26 26 27 27 28 29 30 30 32 33 35 37 38 40 42 40 37 34 31 28 25 22 21 20 20 20 20 20 20 19 19 18 17 16 15 15
16 15 15 14 13 13 14 14 15 15 16 17 17 19 20 22 23 24 26 26 26 26 26 25 25 25 24 21 19 16 13 10 8 7 9 12 14 16 19 21 23 24 25 27 28 29 31 31 30 30 29 29 28 27 27 27 27 27 26 26 26 26 27 27 28 28 29 30 31 32 33 34 36 37 38 37 34 32 29 26 24 21 20 20 20 20 19 19 19 19 18 17 16 15 14 14
17 17 16 16 15 15 15 16 16 17 17 18 18 20 21 22 23 24 25 26 26 26 25 25 25 25 24 22 19 17 15 13 11 10 12 14 16 18 20 22 23 24 25 26 27 28 29 29 29 29 28 28 27 27 27 27 27 26 26 26 26 26 27 27 28 28 28 29 30 30 31 32 33 34 35 34 32 30 27 25 23 20 19 19 19 19 19 19 18 18 17 16 15 14 13 12
19 18 18 17 17 16 17 17 18 18 18 19 19 20 21 22 23 24 25 26 25 25 25 25 25 24 24 22 20 19 17 16 14 13 15 16 18 19 21 22 24 24 25 25 26 27 27 28 28 27 27 27 27 27 26 26 26 26 26 26 26 27 27 27 27 28 28 28 28 29 30 30 31 31 32 31 29 27 25 23 22 20 19 19 18 18 18 18 17 17 16 15 14 13 12 11
20 20 19 19 19 18 18 19 19 19 20 20 20 21 22 22 23 24 25 25 25 25 25 24 24 24 24 22 21 20 19 18 17 17 18 19 20 21 22 23 24 24 25 25 25 26 26 26 26 26 26 26 26 26 26 26 26 26 26 27 27 27 27 27 27 27 27 27 27 28 28 28 28 29 29 28 27 25 23 22 20 19 18 18 18 17 17 17 17 16 15 14 13 12 11 10
22 21 21 21 20 20 20 20 20 21 21 21 21 22 22 23 23 24 24 25 24 24 24 24 24 24 23 23 22 22 21 21 20 20 21 21 22 22 23 24 24 24 24 24 24 24 24 25 25 25 25 25 25 26 26 26 26 26 26 27 27 27 27 27 27 27 27 26 26 26 26 26 26 26 26 25 24 23 22 21 19 18 18 17 17 17 16 16 16 15 14 13 12 11 10 9
23 23 22 22 22 22 22 22 22 22 22 22 22 22 23 23 23 24 24 24 24 24 24 24 24 23 23 23 23 23 23 23 23 23 24 24 24 24 24 24 24 24 24 24 23 23 23 23 23 24 24 24 25 25 25 26 26 26 27 27 27 27 27 27 26 26 26 26 25 25 24 24 23 23 23 22 21 20 20 19 18 18 17 17 16 16 16 15 15 14 13 12 11 10 9 8
24 24 24 23 23 23 23 23 23 23 23 23 23 23 23 24 24 24 24 25 25 24 24 24 24 24 24 25 25 25 26 26 26 27 27 27 27 27 27 27 27 26 25 25 24 23 22 22 22 22 22 22 22 23 23 23 24 25 25 26 27 27 26 26 26 26 26 25 25 24 24 23 23 22 22 21 20 20 19 19 18 18 17 17 17 16 16 16 15 14 13 12 11 10 9 8
25 25 24 24 24 24 24 24 24 23 23 23 23 23 24 24 25 25 25 26 25 25 25 25 25 25 25 26 27 27 28 29 30 30 30 30 30 31 31 31 30 29 28 26 25 24 22 21 21 21 20 20 19 19 19 20 21 23 24 25 26 26 26 26 26 26 26 25 25 24 24 23 23 22 21 21 20 20 20 19 19 18 18 17 17 17 17 16 16 15 14 14 13 12 11 10
26 25 25 25 25 25 25 25 24 24 24 24 24 24 24 25 25 26 26 26 26 26 26 26 26 26 26 27 29 30 31 32 33 34 34 34 34 34 34 34 34 32 30 28 26 24 22 21 20 19 18 17 17 16 16 17 19 20 22 23 25 25 25 25 25 25 25 25 25 24 24 23 23 22 21 21 20 20 20 19 19 19 18 18 18 18 17 17 17 16 15 15 14 13 13 12
26 26 26 26 26 26 26 25 25 25 24 24 24 24 25 25 26 26 27 27 27 27 27 27 27 27 28 29 30 32 33 35 36 37 37 37 37 38 38 38 37 35 32 30 27 25 22 20 19 18 16 15 14 12 12 14 16 18 20 22 24 25 25 25 25 25 25 25 25 24 24 23 23 22 21 21 21 20 20 20 19 19 19 19 18 18 18 18 18 17 16 16 15 15 14 13
27 27 27 27 27 27 27 26 26 25 25 25 24 25 26 26 27 27 28 28 28 28 28 28 28 28 29 30 32 34 36 37 39 40 41 41 41 41 41 42 41 37 34 31 28 25 22 20 18 16 14 12 11 9 9 11 14 16 18 21 23 24 24 25 25 25 25 25 25 25 24 23 23 22 21 21 21 20 20 20 20 19 19 19 19 19 19 18 18 18 17 17 17 16 16 15
28 28 28 28 28 28 28 27 27 26 26 25 25 25 26 27 27 28 29 29 29 29 29 29 29 29 30 32 34 36 38 40 42 44 44 44 44 45 45 45 44 40 37 33 29 26 22 19 17 14 12 10 8 5 5 8 11 14 17 19 22 24 24 24 25 25 25 25 25 25 24 23 22 22 21 21 21 20 20 20 20 20 20 20 20 19 19 19 19 19 18 18 18 17 17 17
29 29 29 29 29 29 29 28 27 27 26 26 25 26 27 27 28 29 29 30 30 30 30 30 30 30 31 33 36 38 41 43 45 47 47 48 48 48 49 49 47 43 39 35 30 26 22 18 16 13 10 7 5 2 2 5 8 12 15 18 21 23 23 24 24 25 25 25 25 25 24 23 22 22 21 21 21 21 21 20 20 20 20 20 20 20 20 20 20 20 19 19 19 19 19 18
29 29 29 30 30 30 29 29 28 27 27 26 26 26 27 28 28 29 30 30 31 31 31 32 32 33 33 35 37 39 41 42 44 46 46 46 46 46 47 47 46 42 38 34 30 26 22 19 16 13 11 8 6 3 3 6 9 12 15 18 21 23 23 24 24 25 25 25 25 24 24 23 22 22 21 21 21 20 20 20 20 20 20 20 20 20 20 20 20 19 19 19 19 19 19 19
30 30 30 30 30 31 30 29 28 28 27 26 26 26 27 28 28 29 30 30 31 32 33 34 35 35 36 37 38 39 40 41 42 42 42 43 43 43 43 43 42 39 35 32 29 25 22 19 17 15 12 10 8 6 6 9 11 14 16 19 22 23 24 24 24 24 25 25 25 24 24 23 22 22 21 21 21 20 20 20 20 20 19 19 19 19 19 19 19 19 19 19 19 19 19 19
30 30 30 31 31 31 30 30 29 28 27 27 26 27 27 28 28 29 29 30 32 33 34 36 37 38 39 39 39 39 39 39 39 39 39 39 39 39 39 40 39 36 33 30 27 25 22 19 18 16 14 12 10 8 9 11 13 15 18 20 22 23 24 24 24 24 25 25 25 24 24 23 22 22 21 21 20 20 20 20 19 19 19 19 19 19 18 18 18 18 18 18 18 18 18 18
30 31 31 31 32 32 31 30 29 29 28 27 27 27 27 28 28 29 29 30 32 34 36 37 39 41 42 41 40 39 38 37 36 36 36 36 36 36 36 36 35 33 31 28 26 24 22 20 18 17 16 14 13 11 11 13 15 17 19 21 23 24 24 24 24 24 25 25 25 24 23 23 22 22 21 21 20 20 20 19 19 19 18 18 18 18 18 18 18 18 18 18 18 18 18 18
31 31 31 32 32 32 31 31 30 29 28 27 27 27 28 28 28 29 29 30 32 35 37 39 42 44 45 43 41 39 37 36 34 32 32 32 32 32 32 32 31 30 28 27 25 23 22 20 19 18 17 16 15 14 14 16 17 19 20 22 23 24 24 24 24 24 24 25 24 24 23 23 22 22 21 21 20 20 19 19 19 18 18 18 18 17 17 17 17 17 17 17 17 18 18 18
31 32 32 32 33 33 32 31 30 29 29 28 27 27 28 28 28 29 29 30 33 36 38 41 44 47 48 45 42 39 37 34 31 29 29 29 29 29 29 28 28 27 26 25 24 23 22 21 20 19 19 18 17 17 17 18 19 20 21 22 23 24 24 24 24 24 24 24 24 24 23 23 22 22 21 21 20 20 19 19 18 18 17 17 17 17 17 16 16 16 17 17 17 17 18 18
32 32 32 33 33 33 33 32 31 30 29 28 27 28 28 28 28 29 29 30 33 37 40 43 46 50 51 47 43 40 36 32 28 26 26 25 25 25 25 25 24 24 23 23 22 22 21 21 21 20 20 20 20 19 19 20 21 22 22 23 24 24 24 24 24 24 24 24 24 24 23 23 22 22 21 21 20 20 19 18 18 17 17 17 16 16 16 16 16 16 16 16 17 17 17 18
31 32 32 32 33 33 32 31 31 30 29 28 28 28 28 28 29 29 29 30 33 36 39 42 45 48 49 45 42 38 35 31 28 25 25 25 25 25 25 25 25 24 24 23 23 22 22 21 21 21 21 21 20 20 20 21 21 22 23 23 24 24 24 24 24 24 24 25 24 24 23 23 23 22 22 21 21 20 19 19 18 17 17 17 17 17 16 16 16 16 17 17 17 17 18 18
31 31 31 31 32 32 31 31 30 29 29 28 28 28 28 28 29 29 29 30 32 35 37 40 42 45 45 42 40 37 34 31 28 26 26 26 26 26 26 26 26 25 25 24 23 23 22 22 22 21 21 21 21 20 20 21 21 22 22 23 23 24 24 24 24 25 25 25 25 24 24 24 23 23 22 22 21 20 20 19 19 18 18 18 17 17 17 17 17 17 17 18 18 18 18 18
30 31 31 31 31 31 30 30 30 29 29 28 28 28 28 28 29 29 29 29 31 33 35 37 39 41 42 40 37 35 32 30 28 26 26 26 27 27 27 27 27 26 26 25 24 23 23 22 22 22 21 21 21 21 21 21 21 22 22 23 23 23 24 24 24 25 25 25 25 25 24 24 24 23 23 22 22 21 20 20 19 18 18 18 18 18 18 18 18 18 18 18 18 18 19 19
30 30 30 30 30 30 29 29 29 29 29 29 28 28 29 29 29 29 29 29 31 32 34 35 37 38 39 37 35 33 31 29 27 26 27 27 27 28 28 28 28 27 26 26 25 24 23 23 22 22 22 21 21 21 21 21 22 22 22 22 23 23 24 24 24 25 25 26 26 25 25 25 24 24 23 23 22 22 21 20 20 19 19 19 19 19 19 19 19 19 19 19 19 19 19 19
30 29 29 29 29 29 29 29 29 29 29 29 29 29 29 29 29 29 29 29 30 31 32 33 34 35 36 34 33 31 30 29 27 27 27 27 28 28 29 29 29 28 27 26 26 25 24 23 23 22 22 22 21 21 21 21 22 22 22 22 23 23 23 24 25 25 26 26 26 26 25 25 25 24 24 23 23 22 21 21 20 19 19 19 19 19 19 20 20 20 20 20 20 20 20 20
29 29 28 28 28 27 28 28 28 28 29 29 29 29 29 29 29 29 29 29 29 30 30 31 32 32 32 31 31 30 29 28 27 27 27 28 29 29 30 30 30 29 28 27 26 25 24 23 23 23 22 22 22 21 21 21 22 22 22 22 22 23 23 24 25 25 26 27 27 26 26 26 25 25 25 24 23 23 22 21 21 20 20 20 20 20 20 20 20 20 20 20 20 20 20 20
29 28 28 27 27 26 27 27 28 28 28 29 29 29 29 29 29 29 29 29 29 29 29 29 29 29 29 29 28 28 28 27 27 27 28 29 29 30 31 31 31 30 29 28 27 26 25 24 23 23 23 22 22 22 22 22 22 22 22 22 22 22 23 24 25 25 26 27 27 27 26 26 26 26 25 25 24 23 22 22 21 20 20 20 21 21 21 21 21 21 21 21 21 21 21 21
28 27 27 27 26 26 26 27 27 27 28 28 29 28 28 28 28 28 28 28 28 28 28 28 28 28 28 28 28 28 27 27 27 27 28 29 30 31 31 32 32 31 31 30 29 28 27 26 25 25 24 24 23 22 22 22 22 22 23 23 23 23 24 25 25 26 27 27 28 27 27 27 27 26 26 26 25 24 24 23 22 22 22 22 22 22 22 22 22 22 22 22 22 22 22 22
