pluvio/pluvio-176.asc
ncols         252
nrows         154
xllcorner     -18.017974
yllcorner     13.481982
cellsize      0.035948
NODATA_value  -9999
[rows 0 to 45 of 154, columns 96 to 191 of 252]
59 58 57 56 55 54 53 52 51 51 50 50 50 49 49 48 48 47 47 47 46 46 45 45 45 45 45 44 44 44 44 44 44 44 43 43 43 42 41 40 38 37 36 35 33 32 31 30 28 27 26 25 24 23 22 21 20 19 18 17 16 15 14 13 12 12 11 11 10 10 10 9 9 8 8 7 7 7 6 6 6 6 6 6 6 6 5 5 5 5 5 5 5 5 5 5
63 62 61 59 58 57 56 55 54 54 53 53 52 52 52 51 51 50 50 49 49 48 48 48 48 48 47 47 47 47 47 47 47 46 46 46 46 45 44 42 41 40 38 37 36 34 33 32 31 29 28 27 26 25 24 23 22 21 19 18 17 16 15 14 13 13 12 12 11 11 10 10 9 9 9 8 8 7 7 7 7 6 6 6 6 6 6 6 6 5 5 5 5 5 5 5
66 65 64 63 62 61 60 58 57 57 56 56 55 55 54 54 54 53 53 52 52 51 51 51 50 50 50 50 50 50 50 50 49 49 49 49 49 48 46 45 44 42 41 39 38 37 35 34 33 31 30 29 28 27 25 24 23 22 21 20 19 18 16 15 14 14 13 13 12 12 11 11 10 10 9 9 8 8 7 7 7 7 7 7 6 6 6 6 6 6 6 6 5 5 5 6
69 68 67 66 65 64 63 61 60 60 59 59 58 58 57 57 56 56 56 55 55 54 54 53 53 53 53 53 53 53 53 52 52 52 52 52 52 50 49 48 46 45 43 42 40 39 38 36 35 33 32 31 30 28 27 26 25 24 22 21 20 19 18 16 15 15 14 14 13 13 12 11 11 10 10 9 9 8 8 8 7 7 7 7 7 7 6 6 6 6 6 6 6 6 6 6
72 71 70 69 68 67 66 64 63 63 62 62 61 61 60 60 59 59 58 58 57 57 56 56 56 56 56 56 56 55 55 55 55 55 55 55 55 53 52 50 49 47 46 44 43 41 40 38 37 35 34 33 31 30 29 28 26 25 24 23 21 20 19 18 16 16 15 15 14 13 13 12 12 11 10 10 9 9 8 8 8 8 7 7 7 7 7 7 6 6 6 6 6 6 6 6
75 74 73 72 71 70 69 68 66 66 65 65 64 64 63 63 62 62 61 61 60 60 59 59 59 59 59 59 58 58 58 58 58 58 58 58 58 56 55 53 51 50 48 47 45 44 42 41 39 37 36 35 33 32 31 29 28 27 25 24 23 21 20 19 17 17 16 15 15 14 14 13 12 12 11 10 10 9 9 8 8 8 8 8 8 7 7 7 7 7 6 6 6 6 6 6
79 77 76 75 74 73 72 71 69 69 68 68 67 67 66 66 65 65 64 64 63 63 62 62 62 62 62 61 61 61 61 61 61 61 61 61 60 59 57 56 54 52 51 49 48 46 44 43 41 39 38 36 35 34 32 31 29 28 27 25 24 23 21 20 18 18 17 16 16 15 14 14 13 12 12 11 10 10 9 9 9 9 8 8 8 8 7 7 7 7 7 6 6 6 6 7
82 81 79 78 77 76 75 74 72 72 71 71 70 70 69 69 68 68 67 66 66 65 65 65 65 64 64 64 64 64 64 64 64 64 63 63 63 62 60 58 57 55 53 52 50 48 47 45 43 41 40 38 37 35 34 32 31 30 28 27 25 24 22 21 19 19 18 17 17 16 15 14 14 13 12 12 11 10 10 9 9 9 9 9 8 8 8 8 7 7 7 7 7 7 7 7
87 86 85 83 82 81 80 79 78 77 76 76 75 75 74 73 73 72 71 71 70 70 69 69 68 68 68 68 67 67 67 67 66 66 66 66 66 64 62 60 59 57 55 53 52 50 48 46 45 43 41 40 38 37 35 34 32 31 29 28 26 25 23 22 20 19 19 18 17 17 16 15 15 14 13 12 12 11 10 10 10 10 10 9 9 9 9 9 8 8 8 8 8 8 8 8
92 91 90 89 88 86 85 84 83 82 82 81 80 79 79 78 77 77 76 75 74 74 73 73 72 72 71 71 71 70 70 70 69 69 69 68 68 66 64 62 61 59 57 55 53 51 50 48 46 44 42 41 39 38 36 35 33 32 30 29 27 25 24 22 21 20 19 19 18 17 17 16 15 15 14 13 13 12 11 11 11 11 10 10 10 10 10 10 9 9 9 9 9 9 9 9
97 96 95 94 93 92 91 90 89 88 87 86 85 84 84 83 82 81 80 79 79 78 77 76 76 75 75 74 74 73 73 72 72 72 71 71 70 68 66 65 63 61 59 57 55 53 51 49 47 46 44 42 40 39 37 36 34 33 31 29 28 26 25 23 22 21 20 20 19 18 17 17 16 15 15 14 13 13 12 12 12 12 11 11 11 11 11 10 10 10 10 10 10 10 10 10
102 101 100 99 98 97 96 95 94 93 92 91 90 89 88 87 87 86 85 84 83 82 81 80 80 79 78 78 77 77 76 75 75 74 74 73 72 71 69 67 65 63 61 59 57 55 53 51 49 47 45 43 42 40 38 37 35 34 32 30 29 27 26 24 22 22 21 20 20 19 18 18 17 16 16 15 14 13 13 13 13 12 12 12 12 12 12 11 11 11 11 11 11 11 11 11
107 106 105 104 103 102 101 100 99 98 97 96 95 94 93 92 91 90 89 88 87 86 85 84 83 83 82 81 81 80 79 78 78 77 76 75 75 73 71 69 67 65 63 60 58 56 54 52 50 48 46 45 43 41 40 38 36 35 33 31 30 28 26 25 23 22 22 21 20 20 19 18 18 17 16 16 15 14 14 14 13 13 13 13 13 13 12 12 12 12 12 12 12 12 12 12
112 111 110 109 108 108 107 106 105 104 103 101 100 99 98 97 96 95 94 92 91 90 89 88 87 86 86 85 84 83 82 81 80 79 79 78 77 75 73 71 69 66 64 62 60 58 56 54 52 50 48 46 44 42 41 39 37 36 34 32 31 29 27 25 24 23 22 22 21 20 20 19 18 18 17 16 16 15 14 14 14 14 14 14 14 14 13 13 13 13 13 13 13 13 13 13
117 116 115 114 114 113 112 111 110 109 108 107 105 104 103 102 100 99 98 97 96 94 93 92 91 90 89 88 87 86 85 84 83 82 81 80 79 77 75 73 71 68 66 64 62 60 58 55 53 51 49 47 45 44 42 40 38 37 35 33 31 30 28 26 25 24 23 23 22 21 21 20 19 19 18 17 17 16 15 15 15 15 15 15 15 14 14 14 14 14 14 14 14 14 14 15
122 121 120 120 119 118 117 116 116 114 113 112 110 109 108 106 105 104 102 101 100 98 97 96 95 94 93 91 90 89 88 87 86 85 84 82 81 79 77 75 73 70 68 66 64 61 59 57 55 52 50 48 47 45 43 41 39 38 36 34 32 31 29 27 25 25 24 23 23 22 21 21 20 19 19 18 17 17 16 16 16 16 16 16 15 15 15 15 15 15 15 15 15 15 15 16
127 126 126 125 124 123 122 122 121 120 118 117 115 114 113 111 110 108 107 105 104 103 101 100 99 97 96 95 94 92 91 90 89 87 86 85 84 81 79 77 75 72 70 68 65 63 61 58 56 54 51 50 48 46 44 42 41 39 37 35 33 31 30 28 26 25 25 24 23 23 22 21 21 20 19 19 18 18 17 17 17 17 17 16 16 16 16 16 16 16 16 16 16 16 16 17
132 131 131 130 129 129 128 127 126 125 124 122 120 119 117 116 114 113 111 110 108 107 105 104 102 101 100 98 97 96 94 93 91 90 89 87 86 84 81 79 76 74 72 69 67 65 62 60 57 55 53 51 49 47 45 43 42 40 38 36 34 32 30 29 27 26 25 25 24 24 23 22 22 21 20 20 19 18 18 18 18 18 17 17 17 17 17 17 17 17 17 17 17 17 18 18
137 137 136 135 134 134 133 132 132 130 129 127 125 124 122 121 119 117 116 114 112 111 109 108 106 105 103 102 100 99 97 96 94 93 91 90 88 86 83 81 78 76 74 71 69 66 64 61 59 56 54 52 50 48 46 45 43 41 39 37 35 33 31 29 28 27 26 26 25 24 24 23 22 22 21 20 20 19 19 18 18 18 18 18 18 18 18 18 18 18 18 18 18 18 19 19
142 142 141 140 140 139 138 138 137 136 134 132 131 129 127 125 124 122 120 118 117 115 113 112 110 108 107 105 103 102 100 99 97 95 94 92 90 88 85 83 80 78 75 73 70 68 65 63 60 58 55 53 51 49 48 46 44 42 40 38 36 34 32 30 28 28 27 26 26 25 24 24 23 22 22 21 21 20 19 19 19 19 19 19 19 19 19 19 19 19 19 19 19 19 20 20
147 147 146 145 145 144 144 143 142 141 139 137 136 134 132 130 128 126 125 123 121 119 117 115 114 112 110 108 107 105 103 101 100 98 96 94 93 90 88 85 82 80 77 75 72 70 67 64 62 59 57 55 53 51 49 47 45 43 41 39 37 35 33 31 29 28 28 27 26 26 25 25 24 23 23 22 21 21 20 20 20 20 20 20 20 20 20 20 20 20 20 20 20 20 21 21
152 151 150 150 149 149 148 148 147 146 144 142 140 138 136 134 132 130 128 126 124 122 121 119 117 115 113 111 109 108 106 104 102 100 98 97 95 92 90 87 84 82 79 76 74 71 68 66 63 61 58 56 54 52 50 48 46 44 42 40 38 36 34 32 30 29 29 28 27 27 26 25 25 24 24 23 22 22 21 21 21 21 21 21 21 21 21 21 21 21 21 21 21 22 22 22
151 151 150 149 149 148 147 147 146 145 143 141 139 137 135 133 131 129 127 125 123 121 119 117 116 114 112 111 109 107 106 104 102 101 99 97 95 93 90 88 85 83 80 77 75 72 70 67 64 62 59 57 55 53 51 49 47 45 43 41 39 37 35 33 31 30 29 29 28 28 27 27 26 26 25 24 24 23 23 23 23 23 23 23 23 23 23 23 23 23 23 23 23 24 24 25
151 151 150 149 148 147 147 146 145 144 142 140 138 136 134 132 130 128 126 124 122 120 118 116 115 113 112 110 109 107 105 104 102 101 99 98 96 94 91 89 86 84 81 78 76 73 71 68 66 63 61 58 56 54 52 50 48 46 44 42 40 38 36 33 31 31 30 30 29 29 28 28 27 27 26 26 25 25 25 25 25 25 25 25 25 25 25 25 25 25 25 25 26 26 27 27
151 150 149 149 148 147 146 145 144 143 141 139 137 135 133 131 129 127 125 123 121 119 117 115 114 112 111 110 108 107 105 104 103 101 100 98 97 95 92 90 87 85 82 80 77 74 72 69 67 64 62 60 58 56 53 51 49 47 45 43 41 39 36 34 32 32 31 31 31 30 30 29 29 28 28 27 27 27 26 26 26 27 27 27 27 27 27 27 27 27 28 28 28 28 29 29
151 150 149 148 147 146 145 144 143 142 140 138 136 134 132 130 127 125 123 121 119 117 115 114 113 111 110 109 108 106 105 104 103 102 100 99 98 95 93 91 88 86 83 81 78 76 73 71 68 66 63 61 59 57 55 52 50 48 46 44 42 40 37 35 33 33 32 32 32 31 31 31 30 30 29 29 29 28 28 28 28 28 29 29 29 29 29 29 29 30 30 30 30 31 31 32
151 150 149 148 147 146 145 144 143 141 139 137 135 133 130 128 126 124 122 120 118 116 114 113 112 110 109 108 107 106 105 104 103 102 101 100 99 96 94 91 89 87 84 82 79 77 74 72 69 67 65 62 60 58 56 54 51 49 47 45 43 40 38 36 34 34 33 33 33 32 32 32 32 31 31 31 30 30 30 30 30 30 30 31 31 31 31 31 32 32 32 32 32 33 33 34
151 150 148 147 146 145 144 143 142 140 138 136 134 131 129 127 125 123 121 119 117 115 113 111 111 110 109 108 107 106 105 104 103 102 101 100 99 97 95 92 90 88 85 83 80 78 75 73 71 68 66 64 61 59 57 55 53 50 48 46 44 41 39 37 35 35 34 34 34 34 33 33 33 33 32 32 32 32 31 32 32 32 32 33 33 33 33 33 34 34 34 34 35 35 36 36
151 149 148 147 146 144 143 142 141 139 137 135 133 130 128 126 124 122 120 118 116 113 111 110 109 109 108 107 106 106 105 104 103 102 102 101 100 98 96 93 91 88 86 84 81 79 77 74 72 70 67 65 63 60 58 56 54 51 49 47 45 42 40 38 36 36 35 35 35 35 35 34 34 34 34 34 33 33 33 33 34 34 34 34 35 35 35 35 36 36 36 37 37 37 38 39
150 149 148 146 145 144 142 141 140 138 136 134 131 129 127 125 123 121 119 116 114 112 110 109 108 108 107 107 106 105 105 104 103 103 102 102 101 99 96 94 92 89 87 85 82 80 78 76 73 71 69 66 64 62 59 57 55 53 50 48 46 43 41 39 37 36 36 36 36 36 36 36 36 35 35 35 35 35 35 35 35 36 36 36 37 37 37 38 38 38 38 39 39 40 40 41
150 149 147 146 145 143 142 140 139 137 135 133 130 128 126 124 122 120 117 115 113 111 109 108 107 107 106 106 105 105 105 104 104 103 103 102 102 100 97 95 93 90 88 86 84 81 79 77 74 72 70 68 65 63 61 58 56 54 51 49 47 44 42 40 37 37 37 37 37 37 37 37 37 37 37 37 37 37 37 37 37 38 38 38 39 39 39 40 40 40 41 41 41 42 43 43
150 149 147 146 144 143 141 140 138 136 134 132 129 127 125 123 121 118 116 114 112 110 107 107 106 106 106 105 105 105 104 104 104 103 103 103 102 100 98 96 94 91 89 87 85 82 80 78 76 73 71 69 66 64 62 59 57 55 52 50 48 45 43 41 38 38 38 38 38 38 38 38 38 38 38 38 38 38 38 39 39 39 40 40 41 41 41 42 42 42 43 43 44 44 45 45
150 148 147 145 144 142 140 139 137 135 133 131 128 126 124 122 119 117 115 113 111 108 106 105 105 105 105 105 105 104 104 104 104 104 104 103 103 101 99 97 95 92 90 88 86 84 81 79 77 75 73 70 68 65 63 61 58 56 53 51 49 46 44 41 39 39 39 39 39 39 39 40 40 40 40 40 40 40 40 40 41 41 42 42 43 43 43 44 44 45 45 45 46 47 47 48
150 148 146 145 143 141 140 138 136 134 132 130 127 125 123 121 118 116 114 112 109 107 105 104 104 104 104 104 104 104 104 104 104 104 104 104 104 102 100 98 96 93 91 89 87 85 83 80 78 76 74 71 69 67 64 62 59 57 54 52 50 47 45 42 40 40 40 40 40 41 41 41 41 41 41 41 41 42 42 42 43 43 44 44 44 45 45 46 46 47 47 48 48 49 49 50
150 148 146 144 142 141 139 137 135 133 131 129 126 124 122 119 117 115 113 110 108 106 103 103 103 103 103 104 104 104 104 104 104 104 104 105 105 103 101 99 97 94 92 90 88 86 84 82 79 77 75 73 70 68 65 63 60 58 55 53 51 48 46 43 41 41 41 41 42 42 42 42 42 42 43 43 43 43 43 44 44 45 45 46 46 47 47 48 48 49 49 50 50 51 52 52
149 147 145 143 142 140 138 136 134 132 130 127 125 123 120 118 116 113 111 109 106 104 102 102 102 102 102 103 103 103 104 104 104 104 105 105 105 104 101 99 97 95 93 91 89 87 85 83 81 79 77 74 72 69 67 64 62 59 57 54 52 49 47 44 42 42 42 43 43 43 43 44 44 44 44 44 45 45 45 46 46 47 47 48 48 49 49 50 50 51 51 52 53 53 54 54
147 145 143 141 139 137 135 134 132 129 127 125 123 120 118 116 113 111 109 106 104 102 99 99 100 100 100 101 101 102 102 103 103 104 104 105 105 103 101 99 98 96 94 92 90 88 86 84 82 80 78 76 73 71 68 66 63 61 58 56 54 51 49 46 44 44 44 45 45 45 45 45 46 46 46 46 46 47 47 47 48 48 49 49 50 51 51 52 52 53 53 54 54 55 55 56
145 143 141 139 137 135 133 131 129 127 125 122 120 118 115 113 111 108 106 104 101 99 97 97 97 98 99 99 100 100 101 102 102 103 103 104 105 103 101 100 98 96 94 92 90 89 87 85 83 81 79 77 75 72 70 67 65 63 60 58 55 53 51 48 46 46 46 47 47 47 47 47 48 48 48 48 48 49 49 49 50 50 51 51 52 52 53 53 54 54 55 55 56 56 57 57
143 141 139 137 135 133 131 129 127 125 122 120 118 115 113 111 108 106 104 101 99 97 94 94 95 96 97 97 98 99 100 101 101 102 103 104 104 103 101 100 98 96 95 93 91 89 88 86 84 83 81 79 76 74 71 69 67 64 62 60 57 55 53 50 48 48 48 49 49 49 49 49 49 50 50 50 50 50 51 51 52 52 52 53 53 54 54 55 55 56 56 57 57 58 58 58
141 139 137 135 133 131 129 127 124 122 120 117 115 113 110 108 106 103 101 99 96 94 92 92 93 94 95 96 97 98 98 99 100 101 102 103 104 103 101 100 98 97 95 93 92 90 89 87 85 84 82 80 78 75 73 71 68 66 64 61 59 57 54 52 50 50 50 50 51 51 51 51 51 51 52 52 52 52 52 53 53 54 54 55 55 56 56 56 57 57 58 58 59 59 59 60
139 137 135 133 130 128 126 124 122 120 117 115 113 110 108 106 103 101 99 96 94 91 89 89 91 92 93 94 95 96 97 98 99 101 102 103 104 103 101 100 98 97 95 94 93 91 90 88 87 85 84 81 79 77 75 72 70 68 66 63 61 59 56 54 52 52 52 52 53 53 53 53 53 53 54 54 54 54 54 55 55 55 56 56 57 57 58 58 59 59 59 60 60 60 61 61
137 135 133 130 128 126 124 122 120 117 115 113 110 108 106 103 101 98 96 94 91 89 87 87 88 90 91 92 93 95 96 97 99 100 101 102 104 103 101 100 99 97 96 95 93 92 91 89 88 86 85 83 81 78 76 74 72 70 67 65 63 61 58 56 54 54 54 54 55 55 55 55 55 55 55 56 56 56 56 56 57 57 58 58 58 59 59 60 60 61 61 61 62 62 62 62
135 133 130 128 126 124 122 119 117 115 113 110 108 105 103 101 98 96 94 91 89 86 84 85 86 87 89 90 92 93 95 96 98 99 100 102 103 103 101 100 99 98 96 95 94 93 91 90 89 88 87 84 82 80 78 76 73 71 69 67 65 62 60 58 56 56 56 56 57 57 57 57 57 57 57 57 58 58 58 58 59 59 59 60 60 61 61 61 62 62 63 63 63 63 64 64
133 130 128 126 124 122 119 117 115 113 110 108 105 103 101 98 96 93 91 89 86 84 81 82 84 85 87 89 90 92 93 95 97 98 100 101 103 102 101 100 99 98 97 96 95 94 92 91 90 89 88 86 84 82 79 77 75 73 71 69 67 64 62 60 58 58 58 58 58 59 59 59 59 59 59 59 59 59 60 60 60 61 61 61 62 62 63 63 63 64 64 64 65 65 65 65
131 128 126 124 122 119 117 115 112 110 108 105 103 100 98 96 93 91 89 86 84 81 79 80 82 83 85 87 89 90 92 94 96 98 99 101 103 102 101 100 99 98 97 96 95 94 93 92 91 90 89 87 85 83 81 79 77 75 73 70 68 66 64 62 60 60 60 60 60 61 61 61 61 61 61 61 61 61 61 62 62 63 63 63 64 64 64 65 65 65 66 66 66 66 66 66
129 126 124 122 119 117 115 112 110 108 105 103 100 98 96 93 91 88 86 84 81 79 76 77 79 81 83 85 87 89 91 93 95 97 99 101 103 102 101 100 99 99 98 97 96 95 94 93 93 92 91 89 87 85 83 81 78 76 74 72 70 68 66 64 62 62 62 62 62 62 63 63 63 63 63 63 63 63 63 64 64 64 65 65 65 66 66 66 67 67 67 68 68 68 68 68
