pluvio/pluvio-357.asc
ncols         252
nrows         154
xllcorner     -0.5
yllcorner     -153.5
cellsize      1
NODATA_value  -9999
[rows 0 to 54 of 154, columns 0 to 95 of 252]
1 1 0 0 0 0 0 0 0 0 0 0 0 0 0 0 0 0 0 0 0 0 0 0 0 1 1 1 1 1 2 2 2 2 2 2 2 2 2 3 3 3 3 4 4 4 7 10 13 16 19 23 26 26 25 24 24 23 22 22 22 22 22 21 21 21 21 22 22 23 23 24 24 25 24 24 24 24 23 23 23 22 22 21 20 20 19 18 18 17 17 17 16 16 16 15
1 1 0 0 0 0 0 0 0 0 0 0 0 0 0 0 0 0 0 0 0 0 0 0 0 1 1 1 1 2 2 2 2 2 2 3 3 3 3 3 3 4 4 4 4 5 8 11 15 19 22 26 30 29 28 26 25 23 22 21 20 20 20 20 19 19 19 20 20 20 21 21 22 22 22 22 22 21 21 21 21 20 20 19 19 18 18 17 17 17 16 16 15 15 15 14
1 1 0 0 0 0 0 0 0 0 0 0 0 0 0 0 0 0 0 0 0 0 0 0 0 1 1 1 1 2 2 2 3 3 3 3 3 3 4 4 4 4 5 5 5 5 9 13 17 21 25 29 33 32 30 28 26 24 21 19 19 18 18 18 17 17 17 17 18 18 19 19 20 20 20 20 19 19 19 19 18 18 18 18 17 17 17 17 16 16 15 15 15 14 14 13
1 1 0 0 0 0 0 0 0 0 0 0 0 0 0 0 0 0 0 0 0 0 0 0 0 1 1 1 2 2 2 3 3 3 3 3 4 4 4 4 5 5 5 5 6 6 10 14 19 23 28 33 37 35 33 30 27 24 21 18 17 17 16 16 16 15 15 15 16 16 17 17 18 18 18 18 17 17 17 16 16 16 16 16 16 16 16 16 15 15 15 14 14 13 13 12
1 0 0 0 0 0 0 0 0 0 0 0 0 0 0 0 0 0 0 0 0 0 0 0 0 1 1 1 2 2 3 3 3 3 4 4 4 4 4 5 5 5 6 6 6 6 10 15 19 24 28 33 38 36 33 30 27 24 21 18 17 16 16 15 15 14 14 14 15 15 16 16 16 17 17 16 16 16 15 15 14 15 15 15 15 15 15 15 15 15 14 14 13 13 12 12
0 0 0 0 0 0 0 0 0 0 0 0 0 0 0 0 0 0 0 0 0 0 0 0 0 1 1 2 2 3 3 3 4 4 4 4 4 4 5 5 5 5 6 6 6 6 10 14 18 22 26 31 35 33 31 28 25 23 20 17 17 16 16 15 15 14 14 14 15 15 15 16 16 16 16 16 15 15 15 14 14 14 14 15 15 15 15 15 15 15 14 14 13 13 13 12
0 0 0 0 0 0 0 0 0 0 0 0 0 0 0 0 0 0 0 0 0 0 0 0 0 1 1 2 2 3 3 4 4 4 4 4 4 5 5 5 5 5 6 6 6 7 10 13 17 21 25 28 32 31 29 26 24 22 20 17 17 16 16 15 15 15 14 14 15 15 15 15 16 16 15 15 15 14 14 14 13 14 14 14 14 15 15 15 15 15 14 14 14 13 13 12
0 0 0 0 0 0 0 0 0 0 0 0 0 0 0 0 0 0 0 0 0 0 0 0 1 1 1 2 3 3 4 4 4 5 5 5 5 5 5 5 5 5 6 6 6 7 9 13 16 19 23 26 29 28 26 25 23 21 19 17 17 16 16 16 15 15 14 14 15 15 15 15 15 15 15 15 14 14 14 13 13 13 14 14 14 14 15 15 15 14 14 14 14 13 13 12
0 0 0 0 0 0 0 0 0 0 0 0 0 0 0 0 0 0 0 0 0 0 0 0 1 1 2 2 3 3 4 5 5 5 5 5 5 5 5 5 5 6 6 6 6 7 9 12 15 18 21 24 27 26 24 23 22 20 19 17 17 16 16 16 15 15 14 14 15 15 15 15 15 15 14 14 14 13 13 13 12 13 13 13 14 14 14 15 15 14 14 14 14 14 13 13
0 0 0 0 0 0 0 0 0 0 0 0 0 0 0 0 0 0 0 0 0 0 0 0 1 1 2 2 3 4 4 5 5 5 5 5 5 5 5 5 5 6 6 6 6 7 9 11 14 16 19 21 24 23 22 21 20 19 18 17 17 16 16 16 15 15 15 15 14 14 14 14 14 14 14 13 13 13 13 12 12 12 13 13 14 14 14 15 14 14 14 14 14 14 14 13
0 0 0 0 0 0 0 0 0 0 0 0 0 0 0 0 0 0 0 0 0 0 0 1 1 1 2 3 3 4 5 6 6 6 5 5 5 5 5 5 5 6 6 6 7 7 9 11 13 15 17 19 21 21 20 20 19 18 18 17 17 16 16 16 16 15 15 15 14 14 14 14 14 13 13 13 13 12 12 12 11 12 12 13 13 14 14 14 14 14 14 14 14 14 14 13
0 0 0 0 0 0 0 0 0 0 0 0 0 0 0 0 0 0 0 0 0 0 0 1 1 1 2 3 4 4 5 6 6 6 6 6 6 6 5 6 6 6 6 7 7 7 9 10 12 14 16 17 19 19 19 18 18 17 17 16 16 16 16 15 15 15 15 14 14 14 14 14 14 13 13 13 13 12 12 12 11 12 12 13 13 13 14 14 14 14 14 14 14 14 14 13
0 0 0 0 0 0 0 0 0 0 0 0 0 0 0 0 0 0 0 0 0 0 0 1 1 1 2 3 4 5 5 6 6 6 6 6 6 6 6 6 6 7 7 7 8 8 9 11 12 14 15 17 18 18 17 17 17 16 16 15 15 15 15 15 14 14 14 14 14 14 14 14 14 14 13 13 13 13 12 12 12 12 12 12 13 13 13 13 13 13 13 13 13 13 13 12
0 0 0 0 0 0 0 0 0 0 0 0 0 0 0 0 0 0 0 0 0 0 0 0 1 1 2 3 4 5 6 7 7 7 7 7 7 7 7 7 7 7 8 8 8 9 10 11 12 13 15 16 17 17 16 16 15 15 15 14 14 14 14 14 14 14 14 14 14 14 14 14 14 14 14 13 13 13 13 12 12 12 12 12 12 13 13 13 13 13 13 13 12 12 12 12
0 0 0 0 0 0 0 0 0 0 0 0 0 0 0 0 0 0 0 0 0 0 0 0 1 1 2 3 4 5 6 7 7 7 7 7 7 7 7 7 8 8 8 9 9 9 10 11 12 13 14 15 16 16 15 15 14 14 14 13 13 13 13 13 13 13 13 13 13 13 14 14 14 14 14 14 13 13 13 13 12 12 12 12 12 12 12 12 12 12 12 12 12 12 12 11
0 0 0 0 0 0 0 0 0 0 0 0 0 0 0 0 0 0 0 0 0 0 0 0 0 1 2 3 4 5 6 7 7 7 8 8 8 8 8 8 8 9 9 9 10 10 11 11 12 13 13 14 15 14 14 14 13 13 12 12 12 12 12 12 12 12 12 13 13 13 13 14 14 14 14 14 14 13 13 13 13 13 12 12 12 12 12 11 11 11 11 11 11 11 11 11
0 0 0 0 0 0 0 0 0 0 0 0 0 0 0 0 0 0 0 0 0 0 0 0 0 1 2 3 4 5 6 7 8 8 8 8 8 8 8 9 9 9 10 10 11 11 11 12 12 12 13 13 13 13 13 12 12 12 11 11 11 11 11 11 12 12 12 12 13 13 13 14 14 14 14 14 14 14 13 13 13 13 12 12 12 11 11 11 11 11 11 11 11 11 10 10
0 0 0 0 0 0 0 0 0 0 0 0 0 0 0 0 0 0 0 0 0 0 0 0 0 1 2 3 4 6 7 8 8 8 8 8 9 9 9 9 10 10 10 11 11 12 12 12 12 12 12 12 12 12 12 11 11 10 10 10 10 10 10 11 11 11 11 12 12 13 13 14 14 15 14 14 14 14 14 14 13 13 12 12 12 11 11 10 10 10 10 10 10 10 10 9
0 0 0 0 0 0 0 0 0 0 0 0 0 0 0 0 0 0 0 0 0 0 0 0 0 1 2 3 4 5 6 8 8 8 8 8 9 9 9 9 10 10 11 11 12 12 12 12 12 12 12 12 12 12 11 11 11 10 10 9 10 10 10 10 11 11 11 12 12 12 13 13 14 14 14 14 14 14 14 14 13 13 12 12 11 11 10 10 10 10 10 10 10 9 9 9
0 0 0 0 0 0 0 0 0 0 0 0 0 0 0 0 0 0 0 0 0 0 0 0 0 1 2 3 4 5 6 7 8 8 8 8 8 9 9 9 10 11 11 12 12 13 13 13 13 13 13 13 13 12 12 11 11 11 10 10 10 10 10 10 11 11 11 11 12 12 13 13 14 14 14 14 14 13 13 13 13 13 12 12 11 11 11 10 10 10 10 10 9 9 9 9
0 0 0 0 0 0 0 0 0 0 0 0 0 0 0 0 0 0 0 0 0 0 0 0 0 1 2 3 4 5 6 7 7 7 8 8 8 8 9 9 10 11 11 12 13 14 14 14 14 13 13 13 13 13 12 12 11 11 11 10 10 10 10 10 11 11 11 11 11 12 12 13 13 14 14 13 13 13 13 13 13 12 12 12 11 11 11 10 10 10 10 9 9 9 9 10
0 0 0 0 0 0 0 0 0 0 0 0 0 0 0 0 0 0 0 0 0 0 0 0 0 1 2 3 3 4 5 6 7 7 7 8 8 8 9 9 10 11 12 13 14 14 14 14 14 14 14 14 14 13 13 12 12 11 11 11 10 10 10 10 10 10 10 11 11 12 12 12 13 13 13 13 13 13 13 13 12 12 12 12 11 11 11 11 10 10 10 9 9 9 8 10
0 0 0 0 0 0 0 0 0 0 0 0 0 0 0 0 0 0 0 0 0 0 0 0 0 1 2 2 3 4 5 6 6 6 7 7 8 8 8 9 10 11 12 13 14 15 15 15 15 15 14 14 14 14 13 13 12 12 11 11 11 11 11 11 10 10 10 11 11 11 12 12 12 13 13 13 13 12 12 12 12 12 12 12 11 11 11 11 10 10 10 9 9 8 8 10
0 0 0 0 0 0 0 0 0 0 0 0 0 0 0 0 0 0 0 0 0 0 0 0 0 1 1 2 3 4 4 5 6 6 6 7 7 8 8 9 10 11 12 14 15 16 16 16 15 15 15 15 15 14 14 13 13 12 12 11 11 11 11 11 10 10 10 10 11 11 11 12 12 12 12 12 12 12 12 12 12 12 12 12 11 11 11 11 11 10 10 9 9 8 8 10
0 0 0 0 0 0 0 0 0 0 0 0 0 0 0 0 0 0 0 0 0 0 0 0 0 1 1 2 3 3 4 5 5 6 6 7 7 8 8 9 10 12 13 14 15 16 16 16 16 16 16 15 15 15 14 14 13 13 12 12 11 11 11 11 10 10 10 10 11 11 11 11 12 12 12 12 12 12 12 12 12 12 11 11 11 11 11 11 11 10 9 9 8 8 8 10
0 0 0 0 0 0 0 0 0 0 0 0 0 0 0 0 0 0 0 0 0 0 0 0 0 1 1 2 3 3 4 5 5 6 6 7 7 8 8 9 10 12 13 14 15 17 17 17 17 17 16 16 16 16 16 15 15 14 14 14 13 13 12 12 11 11 11 11 11 11 12 12 12 12 12 12 12 12 12 12 12 12 12 12 12 12 12 11 11 10 10 9 9 8 8 11
1 0 0 0 0 0 0 0 0 0 0 0 0 0 0 0 0 0 0 0 0 0 0 0 0 1 1 2 3 3 4 5 5 6 6 7 7 8 8 9 10 12 13 14 15 16 17 17 17 17 18 18 18 18 18 17 17 17 17 16 16 15 14 14 13 12 12 12 12 12 12 13 13 13 13 13 13 12 12 12 12 12 12 12 12 12 12 12 11 11 10 10 9 9 9 11
1 0 0 0 0 0 0 0 0 0 0 0 0 0 0 0 0 0 0 0 0 0 0 0 0 1 2 2 3 4 4 5 6 6 6 7 7 8 8 9 10 12 13 14 15 16 17 17 18 18 19 19 20 20 20 20 19 19 19 19 18 17 16 15 14 13 13 13 13 13 13 13 13 14 13 13 13 13 13 13 13 12 12 12 12 12 12 12 12 11 11 10 10 10 10 12
1 1 0 0 0 0 0 0 0 0 0 0 0 0 0 0 0 0 0 0 0 0 0 0 1 1 2 2 3 4 5 5 6 6 7 7 7 8 8 9 10 12 13 14 15 16 17 18 19 19 20 21 21 22 22 22 22 22 22 22 21 20 18 17 16 15 14 14 14 14 14 14 14 14 14 14 14 13 13 13 13 13 13 13 13 12 12 12 12 12 11 11 11 10 10 12
1 1 0 0 0 0 0 0 0 0 0 0 0 0 0 0 0 0 0 0 1 1 1 1 1 1 2 3 3 4 5 6 6 6 7 7 8 8 8 9 10 12 13 14 15 16 17 18 19 20 21 22 23 23 24 24 24 24 25 25 23 22 21 19 18 16 15 14 15 15 15 15 15 15 15 14 14 14 14 14 13 13 13 13 13 13 13 13 12 12 12 12 11 11 11 12
1 1 0 0 0 0 0 0 0 0 0 0 0 0 0 0 0 0 1 1 1 1 1 1 1 1 2 3 3 4 5 6 6 7 7 7 8 8 8 9 10 12 13 14 15 16 17 19 20 21 22 24 25 25 26 26 26 27 27 28 26 24 23 21 19 17 16 15 15 15 15 15 15 15 15 15 15 14 14 14 14 14 13 13 13 13 13 13 13 13 12 12 12 12 12 13
1 1 1 0 0 0 0 0 0 0 0 0 0 0 0 0 1 1 1 1 1 1 1 1 1 1 2 3 4 4 5 6 6 7 7 7 8 8 8 9 10 12 13 14 15 16 17 19 20 22 23 25 26 27 28 28 29 29 30 30 29 27 25 23 21 19 17 16 16 16 16 16 16 16 16 16 15 15 15 14 14 14 14 14 14 13 13 13 13 13 13 13 13 13 13 13
1 1 1 0 0 0 0 0 0 0 0 0 0 0 0 0 0 0 1 1 1 1 1 1 1 1 2 3 3 4 5 6 6 6 7 7 7 7 8 9 10 11 12 13 14 16 17 19 21 23 25 26 28 29 29 30 30 30 31 31 29 27 25 23 21 19 17 17 17 17 17 17 17 16 16 16 16 15 15 15 14 14 14 14 14 14 13 13 13 13 13 13 13 13 13 14
1 1 1 0 0 0 0 0 0 0 0 0 0 0 0 0 0 0 0 1 1 1 1 1 1 1 2 2 3 4 4 5 5 5 6 6 6 6 7 8 9 10 11 13 14 15 17 19 21 24 26 28 30 30 31 31 31 31 31 31 29 28 26 24 22 20 18 18 18 17 17 17 17 17 16 16 16 15 15 15 15 14 14 14 14 14 13 13 13 13 13 13 13 13 14 14
1 1 0 0 0 0 0 0 0 0 0 0 0 0 0 0 0 0 0 0 0 1 1 1 1 1 2 2 3 3 4 4 4 5 5 5 5 5 6 7 8 9 11 12 13 15 17 19 22 24 27 29 32 32 32 32 32 31 31 31 29 28 26 24 22 21 19 18 18 18 18 17 17 17 17 16 16 16 15 15 15 14 14 14 14 14 13 13 13 13 14 14 14 14 14 14
1 1 0 0 0 0 0 0 0 0 0 0 0 0 0 0 0 0 0 0 0 0 1 1 1 1 1 2 2 3 3 4 4 4 4 4 4 4 5 6 7 8 10 11 13 14 17 19 22 25 28 31 34 34 33 33 32 32 31 31 29 28 26 24 23 21 20 19 19 18 18 18 17 17 17 16 16 16 15 15 15 15 14 14 14 14 13 13 13 14 14 14 14 14 14 15
1 1 0 0 0 0 0 0 0 0 0 0 0 0 0 0 0 0 0 0 0 0 0 0 1 1 1 1 2 2 2 3 3 3 3 3 3 3 4 5 6 8 9 11 12 14 16 20 23 26 29 32 35 35 35 34 33 32 32 31 29 28 26 25 23 22 20 20 19 19 18 18 18 17 17 17 16 16 16 15 15 15 14 14 14 14 13 13 13 14 14 14 14 15 15 15
1 1 0 0 0 0 0 0 0 0 0 0 0 0 0 0 0 0 0 0 0 0 0 0 0 1 1 1 1 2 2 2 2 2 2 2 2 2 2 4 5 7 8 10 12 13 16 20 23 27 30 34 37 37 36 35 34 33 32 31 29 28 27 25 24 22 21 20 20 19 19 18 18 17 17 17 16 16 16 16 15 15 15 14 14 14 13 13 14 14 14 14 15 15 15 15
1 1 0 0 0 0 0 0 0 0 0 0 0 0 0 0 0 0 0 0 0 0 0 0 0 1 1 1 1 1 1 1 2 1 1 1 1 1 1 3 4 6 8 9 11 13 16 20 24 27 31 35 39 38 37 36 35 33 32 31 29 28 27 26 24 23 22 21 21 20 19 19 18 18 17 17 17 16 16 16 15 15 15 14 14 14 13 13 14 14 14 15 15 16 16 16
1 1 0 0 0 0 0 0 0 0 0 0 0 0 0 0 0 0 0 0 0 0 0 0 0 1 1 1 1 1 2 2 2 2 2 2 1 1 1 2 4 6 8 9 11 13 16 20 23 27 30 34 38 37 36 35 34 33 32 31 30 29 27 26 25 24 22 22 21 21 20 20 19 19 18 18 17 17 16 16 16 15 15 14 13 13 12 12 12 13 14 14 15 16 16 16
1 1 0 0 0 0 0 0 0 0 0 0 0 0 0 0 0 0 0 0 0 0 0 0 0 1 1 1 2 2 2 3 3 2 2 2 2 1 1 2 4 6 8 10 12 14 16 20 23 26 29 32 35 35 35 34 34 33 32 32 31 29 28 27 25 24 23 22 22 21 21 21 20 20 19 19 18 18 17 16 16 15 14 13 12 12 11 10 11 12 13 14 15 15 16 16
1 1 0 0 0 0 0 0 0 0 0 0 0 0 0 0 0 0 0 0 0 0 0 0 1 1 1 2 2 3 3 4 4 3 3 2 2 1 1 2 4 6 8 10 12 14 17 19 22 25 27 30 33 33 33 33 33 33 33 33 31 30 29 27 26 25 23 23 23 22 22 22 21 21 20 20 19 18 18 17 16 15 14 13 12 10 9 8 9 11 12 13 14 15 16 16
1 1 0 0 0 0 0 0 0 0 0 0 0 0 0 0 0 0 0 0 0 0 0 1 1 1 2 2 3 3 4 5 4 4 3 3 2 2 1 2 4 6 9 11 13 15 17 19 21 24 26 28 30 31 31 32 32 33 33 33 32 31 29 28 27 25 24 23 23 23 23 23 22 22 21 21 20 19 18 17 17 15 14 12 11 9 8 6 8 9 11 12 14 15 17 17
1 1 0 0 0 0 0 0 0 0 0 0 0 0 0 0 0 0 0 0 0 0 0 1 1 1 2 3 3 4 5 5 5 4 4 3 2 2 1 2 5 7 9 11 13 15 17 19 21 22 24 26 28 29 30 31 32 32 33 34 33 32 30 29 27 26 24 24 24 24 24 24 23 23 22 22 21 20 19 18 17 15 13 11 10 8 6 4 6 8 10 12 13 15 17 17
1 1 0 0 0 0 0 0 0 0 0 0 0 0 0 0 0 0 0 0 0 0 1 1 1 1 2 3 4 5 5 6 6 5 4 3 3 2 1 2 5 7 9 11 14 16 17 19 20 21 23 24 25 27 28 29 31 32 34 35 34 32 31 29 28 26 25 25 25 25 25 25 25 25 24 22 21 20 19 18 17 15 13 11 9 7 4 3 5 7 9 11 13 15 17 17
1 1 0 0 0 0 0 0 0 0 0 0 0 0 0 0 0 0 0 0 0 0 1 1 1 1 2 3 4 5 6 7 7 6 5 4 3 2 1 2 5 7 9 12 14 16 18 19 19 20 21 22 23 25 26 28 30 32 34 36 35 33 31 30 28 27 25 25 25 25 25 26 26 26 25 23 22 21 20 19 17 15 13 10 8 5 3 1 3 5 8 10 13 15 17 17
1 1 0 0 0 0 0 0 0 0 0 0 0 0 0 0 0 0 0 0 0 0 1 1 1 1 2 3 4 5 6 7 7 6 5 4 3 2 1 2 5 7 9 11 14 16 17 17 18 18 19 19 20 22 24 26 28 30 32 34 33 32 31 30 29 27 26 26 26 26 25 25 25 25 23 22 21 20 18 17 16 14 11 9 7 5 2 0 3 5 8 10 13 15 17 18
1 1 0 0 0 0 0 0 0 0 0 0 0 0 0 0 0 0 0 0 0 0 0 1 1 1 2 3 4 5 6 6 6 5 4 3 3 2 1 2 4 7 9 11 13 15 16 16 16 16 17 17 17 19 21 23 25 27 30 32 31 31 30 30 29 28 28 27 26 26 25 24 23 23 21 20 19 18 17 15 14 12 10 8 6 4 2 0 3 5 8 10 13 15 18 18
1 1 0 0 0 0 0 0 0 0 0 0 0 0 0 0 0 0 0 0 0 0 0 0 1 1 2 3 4 4 5 6 6 5 4 3 2 2 1 2 4 6 8 10 12 14 15 14 14 14 14 14 14 16 18 20 23 25 27 29 30 30 29 29 29 29 29 28 27 26 24 23 22 21 20 18 17 16 15 13 12 10 9 7 5 4 2 1 3 6 8 11 13 16 18 19
1 1 0 0 0 0 0 0 0 0 0 0 0 0 0 0 0 0 0 0 0 0 0 0 0 1 2 2 3 4 5 5 5 4 4 3 2 2 1 2 4 6 8 10 12 14 14 13 13 12 12 11 11 13 15 17 20 22 25 27 28 28 29 29 30 30 31 29 27 26 24 22 21 19 18 16 15 14 13 11 10 9 7 6 5 3 2 1 3 6 8 11 14 16 19 19
1 1 0 0 0 0 0 0 0 0 0 0 0 0 0 0 0 0 0 0 0 0 0 0 0 1 2 2 3 4 4 5 5 4 3 3 2 2 1 2 4 6 7 9 11 13 12 12 11 10 9 8 8 10 12 15 17 20 22 25 26 27 28 29 30 31 32 30 28 26 24 21 19 17 16 14 13 12 11 9 8 7 6 5 4 3 1 1 3 6 9 11 14 17 19 20
1 1 0 0 0 0 0 0 0 0 0 0 0 0 0 0 0 0 0 0 0 0 0 0 0 1 1 2 3 3 4 4 4 4 3 3 2 1 1 2 4 5 7 9 10 12 11 10 9 8 7 6 5 7 9 12 14 17 20 22 24 26 27 29 30 32 34 31 28 26 23 20 18 15 14 13 11 10 9 8 6 5 5 4 3 2 1 1 3 6 9 12 14 17 19 20
1 1 0 0 0 0 0 0 0 0 0 0 0 0 0 0 0 0 0 0 0 0 0 0 0 1 1 2 2 3 3 4 4 3 3 2 2 1 1 2 3 5 6 8 10 11 10 9 7 6 4 3 2 4 6 9 12 15 17 20 22 24 26 29 31 33 35 32 29 26 23 20 16 13 12 11 9 8 7 6 4 4 3 3 2 2 1 1 3 6 9 12 15 17 20 21
1 1 0 0 0 0 0 0 0 0 0 0 0 0 0 0 0 0 0 0 0 0 0 0 1 1 2 3 4 5 5 6 6 6 5 4 4 3 3 4 5 7 8 10 11 13 12 10 8 6 5 3 1 3 5 8 10 12 15 17 20 22 25 27 30 32 34 32 29 26 22 19 16 13 12 11 10 9 8 7 6 6 5 4 4 3 2 2 4 7 10 13 16 18 21 22
1 1 0 0 0 0 0 0 0 0 0 0 0 0 0 0 0 0 1 1 1 1 1 1 1 2 3 4 6 7 8 9 9 8 8 7 6 5 4 5 7 9 11 12 14 16 14 12 10 8 5 3 1 2 4 6 8 10 12 14 17 20 23 25 28 31 34 31 28 25 22 19 16 13 13 12 12 11 10 10 9 8 7 6 5 4 4 3 6 8 11 14 17 19 22 23
