pluvio/pluvio-296.asc
ncols         252
nrows         154
xllcorner     -0.5
yllcorner     -153.5
cellsize      1
NODATA_value  -9999
[rows 0 to 46 of 154, columns 0 to 95 of 252]
26 27 28 29 28 27 26 25 24 23 22 21 20 18 17 15 14 13 12 12 12 12 12 11 11 12 13 13 14 15 16 16 16 15 15 14 14 13 12 12 12 12 12 12 12 12 12 12 12 13 13 13 13 14 14 14 14 15 15 15 16 16 17 18 18 19 20 21 22 23 24 25 26 27 26 25 24 23 22 21 20 21 22 23 24 25 26 26 26 26 26 26 26 25 25 25
26 27 28 28 28 27 26 24 23 22 21 20 19 17 16 15 14 12 12 12 12 12 12 12 11 12 12 13 14 14 15 15 15 15 14 14 13 13 12 12 12 12 12 12 12 12 12 13 13 13 13 13 13 13 13 14 14 14 14 15 15 16 17 17 18 19 19 21 22 24 26 27 29 30 29 27 25 24 22 20 19 20 21 22 23 24 25 26 26 26 26 26 26 26 26 26
26 27 27 28 27 26 25 23 22 21 20 18 17 16 15 14 13 12 12 12 12 12 12 12 12 12 12 13 13 14 14 15 14 14 14 14 13 13 13 13 13 13 13 13 13 13 13 13 13 13 13 12 12 13 13 13 13 14 14 14 15 16 16 17 18 19 19 21 23 25 27 29 31 33 31 29 27 24 22 20 18 19 20 22 23 24 25 26 26 26 26 26 26 26 26 26
26 27 27 27 27 25 24 22 21 20 18 17 16 15 14 13 13 12 11 11 11 12 12 12 12 12 12 13 13 13 13 14 14 13 13 13 13 13 13 13 13 13 13 14 14 14 14 13 13 13 12 12 12 12 12 13 13 13 14 14 15 15 16 17 18 18 19 21 24 26 29 31 34 36 33 31 28 25 22 20 17 18 20 21 22 24 25 26 26 26 26 26 26 26 26 26
26 26 27 27 27 25 24 22 21 20 18 17 16 15 14 13 12 11 11 11 12 12 12 12 12 13 13 13 13 13 13 13 13 13 13 13 13 13 13 13 13 13 14 14 14 14 14 14 13 13 12 12 12 12 12 13 13 13 14 14 15 15 16 17 17 18 19 21 24 26 28 31 33 36 33 30 28 25 22 19 17 18 20 21 23 24 26 27 27 27 27 27 27 27 27 27
26 26 27 27 27 26 25 23 22 21 20 19 18 16 15 14 13 11 11 12 12 12 13 13 13 13 13 13 13 13 13 13 13 13 13 13 13 13 13 13 13 14 14 14 14 14 14 13 13 13 12 12 11 12 12 13 13 13 14 14 15 15 16 17 17 18 18 20 22 25 27 29 31 33 31 28 26 24 21 19 17 18 20 22 23 25 27 28 28 28 28 27 27 27 27 27
25 26 26 27 27 26 25 24 24 23 22 21 19 18 16 14 13 11 11 12 12 13 13 14 14 14 14 14 14 14 14 14 14 14 14 13 13 13 13 13 13 14 14 14 14 14 14 13 13 13 12 12 11 12 12 13 13 14 14 14 15 15 16 16 17 17 18 20 21 23 25 27 28 30 28 27 25 23 21 19 17 19 21 22 24 26 28 29 29 29 28 28 27 27 27 27
25 26 26 27 27 27 26 25 25 24 24 22 21 19 17 15 13 11 11 12 12 13 14 15 15 15 15 15 15 14 14 14 14 14 14 14 14 13 13 13 14 14 14 14 14 14 14 13 13 12 12 12 11 12 12 13 13 14 14 15 15 15 16 16 17 17 17 19 20 22 23 25 26 27 26 25 23 22 20 19 17 19 21 23 25 27 29 30 30 29 29 28 28 27 27 27
25 25 26 27 27 27 27 26 26 26 26 24 22 20 18 16 13 11 11 12 13 14 14 15 16 16 16 16 15 15 14 14 14 14 14 14 14 14 14 14 14 14 14 14 14 14 14 13 13 12 12 11 11 12 12 13 13 14 14 15 15 16 16 16 16 17 17 18 19 20 21 22 24 25 24 23 22 21 20 19 18 20 22 24 26 28 30 32 31 30 29 29 28 27 27 27
24 25 26 27 27 27 27 27 27 27 27 26 23 21 19 16 14 11 11 12 13 14 15 16 17 17 17 16 16 15 15 14 14 14 14 14 14 14 14 14 14 14 14 14 14 14 13 13 13 12 12 11 11 11 12 13 13 14 15 15 15 16 16 16 16 16 16 17 18 19 20 20 21 22 21 21 20 20 19 18 18 20 22 24 26 29 31 33 32 31 30 29 28 28 27 27
24 25 26 27 28 28 28 28 29 29 29 28 25 22 19 17 14 11 11 12 13 15 16 17 18 18 18 17 16 16 15 14 14 14 14 14 14 14 14 14 14 14 14 14 14 14 13 13 13 12 12 11 11 11 12 13 13 14 15 15 16 16 16 16 16 16 16 16 17 17 18 18 19 19 19 19 19 18 18 18 18 20 23 25 27 29 32 34 33 32 31 30 29 28 27 28
23 24 25 26 27 27 27 27 28 28 28 27 25 22 20 17 15 13 12 13 14 15 16 17 18 18 18 17 17 16 16 15 15 15 15 14 14 14 14 14 14 14 14 14 14 14 14 13 13 12 12 12 11 12 12 13 14 14 15 16 16 16 16 16 16 16 16 16 16 16 17 17 17 18 18 18 18 18 18 19 19 21 23 26 28 30 32 34 33 32 31 30 29 28 27 27
21 22 23 24 25 25 25 25 25 26 26 25 23 22 20 18 17 15 14 15 16 16 17 17 18 18 17 17 17 16 16 16 16 15 15 15 15 15 15 15 14 14 14 14 14 14 14 14 13 13 12 12 12 12 13 13 14 14 15 15 15 15 15 15 15 15 15 16 16 16 16 17 17 17 18 18 18 19 19 20 20 22 24 26 29 31 33 35 34 32 31 30 29 27 26 27
20 21 21 22 23 23 23 23 23 23 23 23 22 21 20 19 18 17 17 17 17 17 17 17 17 17 17 17 17 17 17 17 16 16 16 16 15 15 15 15 15 15 15 15 15 15 14 14 14 13 13 13 12 13 13 14 14 14 15 15 15 15 15 15 15 15 15 15 16 16 16 16 17 17 17 18 19 19 20 21 21 23 25 27 29 31 33 35 34 32 31 30 28 27 26 26
18 19 20 20 21 21 21 21 21 21 21 21 20 20 20 20 20 19 19 19 18 18 17 17 17 16 17 17 17 17 17 17 17 17 17 16 16 16 15 15 15 15 15 15 15 15 15 14 14 14 14 13 13 13 13 14 14 14 15 15 15 15 15 15 15 15 15 15 15 16 16 16 16 16 17 18 19 20 21 22 23 24 26 28 30 32 34 36 34 33 31 30 28 26 25 26
17 17 18 18 19 19 19 18 18 18 18 18 19 19 20 21 21 22 21 20 20 19 18 17 16 16 16 17 17 17 18 18 18 18 17 17 17 16 16 16 16 15 15 15 15 15 15 15 14 14 14 14 14 14 14 14 14 15 15 15 15 15 15 15 15 15 15 15 15 15 15 16 16 16 17 18 19 20 22 23 24 26 27 29 31 33 34 36 34 33 31 29 28 26 25 25
15 16 16 17 17 17 16 16 16 16 16 16 18 19 20 21 23 24 24 22 21 19 18 17 15 15 16 17 17 18 18 19 19 18 18 17 17 17 16 16 16 16 16 16 16 15 15 15 15 15 15 14 14 14 14 14 14 15 15 15 15 15 15 15 14 14 14 15 15 15 15 15 15 16 17 18 20 21 22 24 25 27 28 30 32 33 35 36 35 33 31 29 28 26 24 25
13 14 14 15 15 15 14 14 14 13 13 14 16 18 20 22 24 26 26 24 22 20 18 17 15 15 16 16 17 18 19 20 20 19 19 18 18 17 17 16 16 16 16 16 16 16 16 16 15 15 15 15 15 15 15 15 15 15 15 15 15 14 14 14 14 14 14 14 14 15 15 15 15 15 17 18 20 21 23 25 26 28 29 31 32 34 35 37 35 33 31 29 27 25 24 24
12 13 13 14 14 14 14 14 13 13 13 15 17 20 22 25 27 29 29 27 25 23 21 19 16 16 17 17 18 19 19 20 20 19 19 18 18 17 17 17 17 17 17 17 17 17 17 16 16 16 16 16 15 15 15 15 15 15 15 15 15 14 14 14 13 13 13 13 13 14 14 14 15 15 17 18 20 22 24 26 27 29 30 31 33 34 35 36 34 33 31 29 27 25 23 24
12 12 13 13 13 14 14 14 15 15 15 17 20 23 25 28 31 33 33 31 28 26 24 22 19 19 19 19 20 20 20 20 20 20 19 19 18 18 17 17 18 18 18 18 18 18 18 18 17 17 17 16 16 16 16 16 16 16 16 16 15 14 14 13 12 11 11 11 12 12 13 14 14 15 17 19 21 23 25 27 28 29 30 31 32 33 34 35 33 32 30 28 27 25 23 24
11 11 12 12 13 14 15 15 16 17 17 19 22 25 28 31 34 37 37 35 32 30 27 25 22 21 21 21 21 21 21 21 20 20 20 19 19 18 18 18 18 18 19 19 19 19 19 19 18 18 17 17 17 17 17 17 17 17 17 17 16 14 13 12 11 10 9 9 10 11 12 13 14 15 17 19 21 23 25 27 30 30 31 32 32 33 34 34 32 31 29 28 26 25 23 24
10 11 11 12 13 14 15 16 17 18 19 22 25 28 32 35 38 41 41 38 36 33 30 28 25 24 23 23 22 22 21 21 21 20 20 19 19 19 18 18 19 19 20 20 20 21 20 20 19 19 18 18 17 17 17 17 17 17 17 18 16 15 13 11 10 8 7 8 9 10 11 12 13 15 17 19 21 24 26 28 31 31 31 32 32 32 33 33 32 30 29 27 26 24 23 24
9 10 11 11 12 14 15 17 18 20 22 24 28 31 35 38 42 45 45 42 39 36 34 31 28 26 26 25 24 23 22 21 21 20 20 20 19 19 19 19 19 20 20 21 21 22 22 21 20 20 19 19 18 18 18 18 18 18 18 18 17 15 13 11 9 7 5 6 7 9 10 11 13 14 17 19 22 24 27 29 32 32 32 32 32 32 32 32 31 29 28 27 25 24 23 24
9 9 10 11 12 14 16 18 20 22 24 27 30 34 38 42 45 49 49 46 43 40 37 34 31 29 28 26 25 24 23 22 21 21 20 20 20 19 19 20 20 21 21 22 23 23 23 22 21 21 20 19 19 19 19 19 19 19 19 19 17 15 12 10 7 5 2 4 6 7 9 11 13 14 17 20 22 25 28 30 33 33 32 32 32 31 31 31 30 28 27 26 25 24 23 23
8 9 9 10 11 14 16 19 21 23 26 29 33 37 41 45 49 53 53 50 46 43 40 37 34 32 30 28 27 25 23 22 21 21 21 20 20 20 20 20 21 22 22 23 24 25 24 23 22 22 21 20 19 19 19 19 20 20 20 20 18 15 12 9 6 3 0 2 4 6 8 10 12 14 17 20 23 25 28 31 34 33 33 32 31 31 30 30 29 28 27 26 25 24 23 23
10 11 12 13 15 17 20 22 24 26 29 32 36 40 45 49 53 57 57 54 52 49 46 44 41 38 36 33 31 28 26 23 22 22 22 22 21 21 21 21 22 23 24 25 25 26 26 25 24 23 22 22 21 21 21 21 21 21 21 21 18 15 13 10 7 4 1 3 4 6 8 9 11 13 16 19 22 25 28 31 34 34 33 33 32 31 31 30 29 28 27 26 25 24 23 23
13 15 17 19 21 23 25 26 28 30 32 35 40 44 48 53 57 61 62 60 58 56 54 52 51 48 44 40 37 33 29 26 24 24 24 23 23 23 23 23 24 25 25 26 27 28 27 27 26 25 24 24 23 22 22 22 22 22 21 21 19 16 14 11 9 6 4 4 5 7 8 9 10 11 14 17 21 24 28 31 35 34 34 33 33 32 32 32 30 29 28 26 25 24 22 23
16 19 22 24 27 28 30 31 32 34 35 38 43 47 52 56 61 65 66 65 64 63 62 61 60 57 52 47 42 37 33 28 26 26 26 25 25 25 24 25 26 26 27 28 29 29 29 28 28 27 26 26 25 24 24 23 23 22 22 22 19 17 15 13 11 8 6 6 7 7 7 8 8 8 12 16 20 24 27 31 35 35 34 34 34 34 33 33 31 30 28 27 25 24 22 23
19 22 26 30 32 33 34 36 37 38 39 42 46 51 55 60 65 69 71 71 70 70 70 70 70 66 60 54 48 42 36 30 28 28 27 27 27 27 26 27 27 28 29 30 30 31 31 30 29 29 28 28 27 26 26 25 24 23 23 22 20 18 16 14 12 10 8 8 8 8 7 7 7 6 10 15 19 23 27 31 35 35 35 35 35 35 35 34 33 31 29 27 25 24 22 23
22 26 31 36 38 39 39 40 41 41 42 45 50 54 59 64 69 73 75 76 77 77 78 79 79 75 68 61 53 46 39 32 30 29 29 29 29 28 28 28 29 30 31 31 32 33 32 32 31 31 30 30 29 28 27 26 25 24 23 22 21 19 18 16 14 13 11 10 9 8 7 6 5 4 9 13 18 22 26 31 35 35 35 35 36 36 36 36 34 32 30 28 26 24 22 23
25 30 36 41 44 44 44 45 45 45 45 48 53 58 63 68 72 77 80 82 83 84 86 87 89 84 76 67 59 51 43 34 32 31 31 31 30 30 30 30 31 32 32 33 34 34 34 34 33 33 32 32 31 30 29 28 26 25 24 23 22 20 19 17 16 15 13 12 10 9 7 5 4 2 7 12 16 21 26 31 35 36 36 36 36 37 37 37 35 33 30 28 26 24 22 23
28 34 40 47 50 50 49 49 49 49 49 51 56 61 66 71 76 81 85 87 89 92 94 96 99 93 84 74 65 55 46 36 33 33 33 33 32 32 32 32 33 33 34 35 35 36 36 35 35 34 34 34 33 32 30 29 28 26 25 23 22 21 20 19 18 17 16 14 11 9 7 5 2 0 5 10 15 20 25 31 36 36 36 37 37 38 38 38 36 34 31 29 26 24 22 23
26 32 38 44 47 47 47 47 48 48 48 51 56 61 66 71 75 80 84 86 88 91 93 95 97 92 83 74 65 55 46 37 34 34 34 34 33 33 33 34 34 35 35 36 36 37 37 36 36 35 35 35 34 33 31 30 28 27 25 24 23 22 21 20 19 18 17 15 12 10 8 5 3 0 5 10 15 20 25 30 35 35 36 37 38 39 39 40 38 36 33 31 29 27 25 26
23 28 33 37 40 41 42 43 44 45 46 49 54 58 63 68 73 77 80 82 84 86 88 90 92 87 79 70 62 54 45 37 34 34 34 34 34 35 35 35 35 36 36 37 37 37 37 37 36 36 36 35 35 33 32 31 29 28 26 25 24 23 22 21 20 19 18 16 13 11 9 6 4 1 6 10 15 20 24 29 33 35 36 37 38 39 40 41 40 38 36 34 33 31 29 30
20 24 27 30 33 35 36 38 40 42 43 47 51 56 61 65 70 74 77 79 80 82 83 85 86 82 74 67 59 52 44 37 35 35 35 35 36 36 36 36 37 37 37 37 38 38 38 37 37 36 36 36 35 34 33 31 30 28 27 26 25 24 23 22 21 20 19 17 14 12 10 7 5 2 7 11 15 19 24 28 32 34 35 37 38 40 42 43 42 40 39 38 37 35 34 34
17 19 22 24 26 29 31 34 36 38 41 45 49 53 58 62 67 71 74 75 76 77 78 80 81 77 70 63 57 50 43 36 35 35 36 36 37 37 37 38 38 38 38 38 38 38 38 38 37 37 37 36 36 35 33 32 30 29 28 26 25 24 23 23 22 21 20 18 15 13 11 8 6 3 7 11 15 19 23 27 31 33 35 37 39 41 43 45 44 43 42 41 40 40 39 38
14 15 16 17 19 23 26 29 32 35 39 42 47 51 55 60 64 68 71 71 72 73 74 74 75 71 66 60 54 48 42 36 35 36 36 37 38 38 39 39 39 39 39 39 39 39 39 38 38 37 37 37 36 35 34 32 31 30 28 27 26 25 24 23 23 22 21 18 16 14 11 9 7 5 8 12 15 19 22 26 29 32 34 37 39 41 44 46 46 45 45 45 44 44 43 43
11 11 11 11 13 16 20 24 28 32 36 40 44 49 53 57 61 65 67 68 68 68 69 69 70 66 61 56 51 46 41 36 35 36 37 38 39 39 40 40 40 40 40 40 40 40 39 39 38 38 38 37 37 36 34 33 32 31 29 28 27 26 25 24 23 22 22 19 17 15 12 10 8 6 9 12 15 18 22 25 28 31 34 37 39 42 45 48 48 48 48 48 48 48 48 47
8 7 5 4 6 10 15 20 24 29 34 38 42 46 50 54 58 62 64 64 64 64 64 64 64 61 57 53 49 44 40 36 35 36 38 39 40 41 42 42 42 41 41 41 40 40 40 39 39 39 38 38 37 36 35 34 32 31 30 29 28 27 26 25 24 23 22 20 18 16 13 11 9 7 9 12 15 18 21 24 27 30 33 36 40 43 46 49 50 50 51 51 52 52 53 51
9 8 7 6 7 12 16 20 24 28 32 37 41 46 50 55 60 64 66 65 65 64 64 64 63 60 56 52 48 44 39 35 35 36 37 38 39 40 41 41 41 40 40 40 40 39 39 39 38 38 37 37 37 36 35 33 32 31 30 29 28 27 26 25 24 23 23 21 19 17 15 13 11 9 12 14 17 19 22 24 27 30 34 37 40 44 47 50 51 52 53 53 54 55 56 54
10 10 10 10 12 15 19 22 25 28 31 36 41 46 52 57 62 67 69 68 67 67 66 65 64 61 57 52 48 43 39 34 34 34 35 36 37 38 39 39 39 39 39 38 38 38 38 37 37 37 36 36 36 35 34 33 32 31 30 29 28 27 26 25 24 23 22 21 20 18 17 15 14 13 15 17 19 21 23 25 27 31 34 38 41 45 48 51 52 53 54 55 56 57 58 56
12 13 14 15 17 19 21 23 26 28 30 35 41 47 53 59 65 71 72 71 70 69 68 67 65 62 57 52 48 43 38 33 32 33 34 35 36 37 38 38 38 37 37 37 37 37 37 36 36 35 35 35 34 34 33 32 31 30 29 29 28 27 26 25 24 23 22 21 20 19 19 18 17 16 18 19 21 23 24 26 28 31 35 38 42 45 49 52 53 55 56 57 58 59 60 59
14 16 18 20 21 23 24 25 27 28 29 34 40 47 54 60 67 74 75 74 72 71 69 68 66 63 58 52 47 42 37 32 31 32 33 34 34 35 36 36 36 36 36 36 36 36 35 35 35 34 34 34 33 33 32 31 31 30 29 28 28 27 26 25 24 23 22 21 21 21 20 20 20 19 21 22 23 24 26 27 28 32 35 39 43 46 50 53 55 56 57 58 60 61 62 62
16 19 21 24 26 26 27 27 27 28 28 33 40 47 55 62 70 77 79 77 75 73 71 69 67 63 58 53 47 42 37 31 30 31 32 32 33 34 34 34 34 34 34 34 34 34 34 34 34 33 33 33 32 32 31 31 30 29 29 28 27 26 25 24 23 22 21 21 22 22 22 22 23 23 24 24 25 26 27 28 29 32 36 40 43 47 51 54 56 57 59 60 62 63 64 64
17 21 25 29 30 30 29 29 28 28 27 32 40 48 56 64 72 80 82 80 78 75 73 71 69 64 58 53 47 42 36 30 29 30 30 31 32 32 33 33 33 33 33 33 33 33 33 33 32 32 32 31 31 31 30 30 29 29 29 28 27 26 25 24 23 22 21 22 22 23 24 25 25 26 26 27 27 28 28 28 29 33 37 40 44 48 52 55 57 59 60 62 63 65 66 67
19 24 29 33 35 34 32 31 29 28 26 30 39 48 57 66 75 83 85 83 80 77 75 72 70 65 59 53 47 41 35 29 28 29 29 30 30 31 31 31 31 32 32 32 32 32 32 31 31 31 31 30 30 30 29 29 29 29 28 28 27 26 25 24 23 22 21 22 23 24 26 27 28 29 29 29 29 29 29 29 29 33 37 41 45 49 53 56 58 60 62 63 65 67 69 69
20 25 30 35 37 36 34 33 31 30 29 33 41 49 58 66 74 83 84 81 78 76 73 70 67 62 57 51 46 40 35 29 28 29 29 29 30 30 30 31 31 31 31 31 32 32 32 31 31 31 31 30 30 30 30 30 29 29 29 29 28 27 26 25 24 23 22 23 24 25 26 28 29 30 30 30 30 30 30 30 30 34 37 41 44 48 52 55 56 58 59 61 62 64 65 66
