pluvio/pluvio-381.asc
ncols         252
nrows         154
xllcorner     -0.5
yllcorner     -153.5
cellsize      1
NODATA_value  -9999
[rows 43 to 85 of 154, columns 0 to 95 of 252]
92 97 103 108 115 124 133 142 151 160 168 176 181 187 193 199 205 210 209 202 195 189 182 175 169 162 155 147 140 133 126 119 118 119 121 123 124 126 127 128 128 129 129 130 130 131 128 126 123 120 117 115 112 111 110 109 108 107 107 106 105 104 103 102 101 100 98 97 95 94 92 91 89 88 87 86 85 84 83 82 82 81 80 80 79 78 77 77 75 74 73 72 71 69 68 69
95 102 108 114 122 132 141 151 161 170 180 187 193 199 205 211 218 224 222 215 207 200 193 186 179 171 163 155 146 138 130 121 120 122 124 126 128 130 132 132 133 133 133 134 134 135 132 128 125 121 118 114 110 109 109 108 107 106 106 105 104 103 102 101 99 98 97 96 94 93 91 89 88 86 86 85 84 83 83 82 81 81 80 79 79 78 77 77 75 74 73 72 71 70 69 70
99 106 113 121 130 140 150 160 170 180 191 199 205 211 218 224 231 237 235 227 220 212 205 197 190 181 171 162 152 143 133 124 122 125 127 129 132 134 136 137 137 137 138 138 138 139 135 131 126 122 118 113 109 108 107 106 106 105 105 104 103 102 101 99 98 97 96 94 93 91 90 88 87 85 84 84 83 83 82 81 81 80 80 79 78 78 77 76 75 74 73 72 71 70 70 70
102 110 118 127 136 147 157 167 178 188 199 207 214 221 228 235 242 248 246 237 229 220 211 203 194 185 175 166 156 147 137 127 126 128 131 133 135 138 140 141 140 140 140 140 140 140 136 132 127 122 118 113 108 107 106 106 105 105 104 104 102 101 100 99 97 96 95 94 92 91 89 88 87 85 85 85 84 84 84 84 83 83 82 82 81 81 80 80 78 77 76 74 73 71 70 71
105 114 123 132 142 153 164 174 185 196 206 215 223 230 237 245 252 260 256 247 237 227 217 207 197 188 178 169 160 150 141 131 130 133 135 137 139 142 144 144 144 143 142 142 141 141 137 132 127 122 117 113 108 107 106 105 105 104 104 103 102 100 99 98 97 95 94 93 92 91 89 88 87 86 86 86 86 87 87 87 87 87 86 86 85 85 85 84 82 80 78 76 74 72 71 71
108 118 128 138 149 160 170 181 192 203 214 223 231 239 247 255 263 271 267 256 245 234 223 211 200 191 181 172 163 154 145 136 134 137 139 141 143 146 148 148 147 145 144 143 142 141 137 132 127 122 117 113 108 106 106 105 104 104 103 102 101 100 98 97 96 94 93 92 91 90 89 88 88 87 87 88 88 89 89 90 90 90 90 90 89 89 89 88 86 83 81 78 76 73 71 71
111 122 133 144 155 166 177 188 199 210 222 231 240 248 256 265 273 282 278 265 253 241 228 216 204 193 184 176 167 158 149 140 139 141 143 145 147 150 152 151 150 148 146 145 143 142 137 132 127 122 117 112 107 106 105 105 104 103 102 102 100 99 98 96 95 94 92 92 91 90 89 89 88 87 88 89 90 91 92 93 94 94 94 94 93 93 93 93 90 87 84 81 77 74 72 72
114 126 138 150 161 173 184 195 207 218 229 239 248 257 266 275 284 293 288 275 261 247 234 220 207 196 188 179 170 161 153 144 143 145 147 149 151 154 156 155 153 151 149 146 144 142 138 133 128 122 117 112 107 106 105 104 103 103 102 101 100 98 97 96 94 93 91 91 90 90 89 89 88 88 89 91 92 93 95 96 97 97 97 97 97 97 97 97 93 90 86 83 79 75 72 72
117 130 143 155 168 179 191 202 214 225 237 247 257 266 276 285 295 304 299 284 269 254 239 225 210 199 191 182 174 165 157 148 147 149 151 153 155 158 160 158 156 153 151 148 145 143 138 133 128 123 117 112 107 105 105 104 103 102 101 101 99 98 96 95 93 92 90 90 90 90 89 89 89 89 90 92 94 96 97 99 101 101 101 101 101 101 101 101 97 93 89 85 81 76 73 73
120 134 148 161 174 186 197 209 221 233 244 255 265 275 285 295 305 315 309 293 277 261 245 229 213 202 194 185 177 169 160 152 151 153 155 157 159 161 164 162 159 156 153 150 147 144 139 133 128 123 117 112 107 105 104 103 103 102 101 100 99 97 96 94 93 91 90 89 89 89 89 89 89 89 91 94 96 98 100 102 104 105 105 105 105 105 106 106 101 96 92 87 82 77 73 73
123 136 149 162 174 186 198 209 221 233 245 254 262 271 279 287 295 303 297 283 268 254 239 225 210 200 192 184 176 168 160 152 151 152 154 156 158 160 161 160 156 153 150 147 144 140 136 131 126 121 116 111 106 105 104 103 103 102 101 100 99 98 96 95 93 92 91 91 92 92 93 93 94 94 96 97 99 100 102 103 105 105 105 105 105 105 105 104 100 96 91 87 83 78 74 74
125 137 149 161 173 185 197 209 220 232 244 252 258 263 269 275 280 286 281 268 256 243 231 219 206 197 189 181 174 166 158 151 149 151 152 154 155 157 158 156 153 150 146 143 140 136 132 128 123 119 114 110 106 104 104 103 103 102 102 101 100 99 97 96 95 93 92 93 94 95 96 98 99 100 100 101 102 102 103 103 104 104 104 103 103 103 103 102 98 95 91 87 83 79 75 75
128 139 150 161 172 184 196 208 219 231 243 250 253 256 260 263 266 269 264 254 244 233 223 213 202 194 186 179 172 164 157 149 148 149 150 152 153 154 155 153 149 146 143 139 136 132 129 125 121 117 113 109 105 104 104 103 103 102 102 102 100 99 98 97 96 95 94 95 97 99 100 102 104 105 105 105 105 104 104 104 103 103 103 102 102 101 101 100 97 93 90 86 83 79 76 75
130 140 150 160 171 183 195 207 218 230 242 248 248 249 250 251 252 253 248 240 231 223 215 207 198 191 184 177 170 162 155 148 147 148 148 149 150 151 152 150 146 142 139 135 132 128 125 122 118 115 111 108 104 104 103 103 103 103 102 102 101 100 99 98 97 96 95 97 100 102 104 107 109 111 110 109 108 106 105 104 103 102 102 101 100 100 99 98 95 92 89 86 83 80 77 76
133 142 151 160 170 182 194 206 218 229 241 245 244 242 241 239 237 236 231 225 219 213 207 201 195 188 181 174 167 161 154 147 145 146 146 147 148 148 149 146 143 139 135 132 128 124 121 118 116 113 110 107 104 103 103 103 103 103 103 103 102 101 100 99 98 98 97 99 102 105 108 111 114 117 115 113 111 109 106 104 102 101 101 100 99 98 97 96 94 91 88 86 83 81 78 77
135 143 151 160 170 181 193 205 217 228 240 243 239 235 231 227 223 219 215 211 207 203 199 195 191 185 178 172 165 159 152 146 144 144 145 145 145 145 146 143 139 135 132 128 124 120 118 115 113 111 108 106 103 103 103 103 103 103 103 103 103 102 101 100 100 99 98 101 105 108 112 115 119 122 120 117 114 111 108 105 102 101 100 98 97 96 95 94 92 90 88 86 83 81 79 78
138 145 152 159 169 180 192 204 216 227 239 241 234 228 221 215 209 202 199 197 195 193 191 189 187 182 176 169 163 157 151 145 143 143 143 143 142 142 142 140 136 132 128 124 120 116 114 112 110 108 107 105 103 103 103 103 103 103 104 104 103 103 102 101 101 100 100 103 108 112 116 120 124 128 124 121 117 113 109 105 101 100 99 97 96 95 93 92 90 89 87 85 84 82 80 79
141 148 155 162 171 182 193 203 214 225 235 237 231 226 220 215 209 203 200 198 196 194 192 190 188 183 177 171 164 158 152 146 144 144 144 144 145 145 145 142 138 133 129 125 121 117 114 112 110 108 107 105 103 103 103 103 104 104 104 105 104 104 103 103 103 102 102 105 109 112 116 119 123 126 123 119 115 112 108 104 101 100 98 97 96 95 93 92 90 89 87 85 84 82 81 79
144 151 158 166 174 184 193 202 212 221 231 232 228 224 220 215 211 207 204 201 199 196 194 192 189 184 178 172 166 160 154 148 146 146 147 147 147 148 148 145 140 136 131 127 122 118 115 113 111 109 107 105 102 102 103 103 104 104 105 105 105 105 105 105 105 105 105 107 110 112 115 118 120 123 120 117 114 110 107 104 101 100 98 97 96 95 93 92 91 89 87 86 84 82 81 80
147 154 162 169 177 185 194 202 210 218 226 228 225 222 219 216 213 210 208 205 202 199 196 193 191 186 180 174 167 161 155 149 148 148 149 149 150 151 151 148 143 138 133 128 123 119 116 114 111 109 107 105 102 102 103 104 104 105 105 106 106 106 106 107 107 107 107 109 111 113 115 116 118 120 118 115 112 109 106 103 101 99 98 97 96 95 94 92 91 89 88 86 84 83 81 80
150 157 165 173 180 187 194 201 208 215 222 224 222 221 219 217 216 214 211 208 205 202 199 195 192 187 181 175 169 163 157 151 150 150 151 152 153 153 154 151 145 140 135 130 125 120 117 114 112 109 107 105 102 102 103 104 105 105 106 107 107 108 108 108 109 109 110 111 112 113 114 115 116 117 115 113 110 108 105 103 101 99 98 97 96 95 94 93 91 89 88 86 84 83 81 81
153 161 168 176 183 189 195 200 206 212 217 220 219 219 219 218 218 217 215 212 208 204 201 197 194 189 183 177 171 165 159 153 152 153 153 154 155 156 157 153 148 142 137 131 126 120 117 115 112 110 107 105 102 102 103 104 105 106 107 107 108 109 109 110 111 111 112 112 113 113 113 114 114 114 112 110 108 106 104 102 100 99 98 97 96 95 94 93 91 90 88 86 85 83 82 81
156 164 172 180 186 191 195 199 204 208 213 215 216 217 218 219 220 221 219 215 211 207 203 199 195 190 184 178 172 166 160 154 153 155 156 157 158 159 160 156 151 145 139 133 127 121 118 115 113 110 107 105 102 102 103 104 105 106 107 108 109 110 111 112 113 114 115 114 114 113 113 112 112 111 110 108 107 105 103 102 100 99 98 97 96 95 94 93 91 90 88 87 85 83 82 82
159 167 175 183 189 192 196 199 202 205 208 211 213 216 218 220 222 224 223 218 214 210 205 201 197 191 186 180 174 168 162 156 155 157 158 159 161 162 164 159 153 147 141 135 128 122 119 116 113 110 107 105 102 102 103 104 106 107 108 109 110 111 112 114 115 116 117 116 115 113 112 111 110 108 107 106 105 104 102 101 100 99 98 97 96 95 94 93 92 90 88 87 85 84 82 82
163 171 180 188 193 196 198 201 203 206 208 211 213 216 218 221 223 226 225 221 218 215 211 208 205 199 193 186 180 173 167 160 160 162 164 166 168 170 172 167 160 153 146 139 132 125 121 118 115 112 110 107 104 104 106 107 108 109 110 111 112 113 113 114 115 115 116 115 113 112 111 109 108 107 106 105 104 103 102 102 101 100 99 98 97 96 95 94 92 91 89 87 86 84 83 83
168 176 184 192 197 199 201 203 204 206 208 210 213 216 219 222 224 227 227 225 222 220 218 215 213 208 200 193 186 179 172 165 165 167 170 173 176 179 181 176 168 160 151 143 135 127 123 120 117 115 112 109 106 107 108 109 110 111 112 114 114 114 114 114 114 114 115 113 112 111 109 108 107 105 105 104 104 103 103 102 101 100 99 98 97 96 95 94 93 91 90 88 86 85 84 84
172 181 189 197 202 203 204 205 206 207 208 210 213 216 219 222 226 229 229 228 226 225 224 223 222 216 208 200 193 185 177 169 169 173 176 180 183 187 190 184 175 166 157 148 139 129 125 123 120 117 114 111 109 109 110 111 113 114 115 116 116 115 115 114 114 114 113 112 111 109 108 107 105 104 104 103 103 103 103 102 102 101 100 99 98 97 96 95 93 92 90 89 87 86 84 85
177 185 193 202 206 206 206 207 207 208 208 210 213 217 220 223 227 230 231 231 231 230 230 230 230 224 216 207 199 190 182 173 174 178 182 187 191 195 199 193 183 173 162 152 142 132 128 125 122 119 116 114 111 111 113 114 115 116 117 118 118 117 116 115 114 113 112 111 109 108 106 105 104 102 102 102 103 103 103 103 103 102 101 100 99 98 97 96 94 92 91 89 88 86 85 86
181 190 198 206 210 210 209 209 209 208 208 210 213 217 221 224 228 231 233 234 235 236 237 237 238 233 223 214 205 196 187 178 179 184 189 194 199 204 209 201 190 179 168 157 146 134 130 127 124 122 119 116 113 114 115 116 117 118 120 121 120 118 117 115 114 112 111 109 108 106 105 104 102 101 101 102 102 102 103 103 103 102 101 100 99 98 97 96 95 93 91 90 88 87 86 87
186 194 202 211 214 213 212 211 210 209 208 210 213 217 221 225 229 233 235 237 239 241 243 245 247 241 231 221 212 202 192 182 183 189 195 201 206 212 218 210 198 186 173 161 149 137 132 129 127 124 121 118 116 116 117 118 120 121 122 123 121 119 117 115 113 111 109 108 106 105 104 102 101 99 100 101 101 102 103 104 104 103 102 101 100 99 98 97 95 94 92 91 89 88 86 88
191 199 207 215 218 216 215 213 211 210 208 210 214 218 222 226 230 234 237 240 243 246 249 252 255 249 239 228 218 208 197 187 188 195 201 207 214 220 227 218 205 192 179 166 152 139 134 132 129 126 123 121 118 119 120 121 122 123 124 126 123 121 118 116 113 110 108 106 105 103 102 101 99 98 99 100 101 102 103 104 105 104 103 102 101 99 98 97 96 94 93 91 90 88 87 89
198 206 214 223 226 225 224 223 223 222 221 223 227 231 235 239 243 247 250 251 253 255 257 259 260 254 243 232 221 210 200 189 189 194 200 205 210 216 221 213 201 189 177 165 153 141 137 134 132 130 127 125 123 123 124 124 125 126 126 127 124 122 119 117 114 111 109 107 106 105 103 102 101 100 101 102 103 103 104 105 106 105 104 103 102 101 100 99 97 96 94 93 91 89 88 90
206 214 222 230 234 234 234 234 234 234 234 237 241 244 248 252 256 260 262 263 263 264 264 265 266 258 247 236 224 213 202 191 190 194 198 202 207 211 215 208 197 186 175 164 153 143 139 137 135 133 131 130 128 128 128 128 128 128 128 128 126 123 120 118 115 112 109 108 107 106 105 104 103 101 102 103 104 105 106 107 108 107 106 105 104 103 101 100 99 97 95 94 92 91 89 91
214 222 230 238 242 243 244 245 246 247 248 250 254 258 262 266 270 274 275 274 273 273 272 271 271 263 251 239 228 216 204 192 191 194 197 200 203 206 209 202 193 183 173 164 154 144 141 140 138 137 136 134 133 132 132 131 131 130 130 129 127 124 121 118 116 113 110 109 108 107 106 105 104 103 104 105 106 107 108 109 110 108 107 106 105 104 103 102 100 98 97 95 94 92 91 92
221 229 237 245 250 252 254 255 257 259 261 264 268 272 275 279 283 287 287 285 283 282 280 278 276 267 255 243 231 219 206 194 192 194 195 197 199 201 203 197 188 180 171 163 154 146 144 143 142 141 140 139 138 137 136 135 133 132 131 130 128 125 122 119 117 114 111 110 109 108 108 107 106 105 106 107 108 109 109 110 111 110 109 108 107 106 104 103 102 100 98 97 95 93 92 93
229 237 245 253 258 261 263 266 269 272 274 278 281 285 289 293 296 300 300 297 294 291 287 284 281 272 259 247 234 221 209 196 193 193 194 195 195 196 196 191 184 177 169 162 155 148 146 145 145 144 144 143 143 141 140 138 136 135 133 132 129 126 123 120 118 115 112 111 110 110 109 108 108 107 108 109 109 110 111 112 113 112 110 109 108 107 106 105 103 101 100 98 96 94 93 94
237 245 252 260 266 269 273 277 280 284 288 291 295 299 302 306 310 314 312 308 304 299 295 291 286 276 263 250 237 224 211 198 194 193 193 192 191 191 190 186 180 174 168 161 155 149 148 148 148 148 148 148 148 146 144 141 139 137 135 133 130 127 124 121 119 116 113 112 112 111 110 110 109 109 109 110 111 112 113 114 114 113 112 111 110 109 107 106 104 103 101 99 97 96 94 95
244 252 260 267 273 278 282 287 291 296 300 304 308 312 315 319 323 326 324 319 313 308 302 297 291 281 267 254 240 227 213 200 195 193 191 189 188 186 184 180 175 170 166 161 156 151 150 151 151 151 152 152 152 150 147 145 142 139 137 134 131 128 125 122 119 117 114 113 113 112 112 111 111 110 111 112 113 114 114 115 116 115 114 112 111 110 109 108 106 104 102 101 99 97 95 96
239 246 252 259 264 269 273 277 281 286 290 294 297 300 303 307 310 313 312 307 302 297 292 288 283 273 261 249 236 224 212 200 194 192 190 188 185 183 181 177 173 168 164 160 155 151 150 150 150 150 149 149 149 147 145 142 140 137 135 132 129 127 124 122 119 116 114 113 113 113 112 112 112 112 112 113 113 114 114 115 116 114 113 112 111 110 109 108 106 104 102 101 99 97 96 97
233 239 245 251 256 260 264 267 271 275 279 283 286 289 291 294 297 300 299 295 291 287 282 278 274 266 254 243 232 221 210 199 194 191 188 186 183 180 177 174 170 166 162 159 155 151 150 149 149 148 147 147 146 144 142 139 137 135 132 130 128 126 123 121 119 116 114 114 113 113 113 113 113 113 113 113 114 114 115 115 115 114 113 112 111 110 109 108 106 104 103 101 99 98 96 97
228 233 238 243 247 250 254 258 261 265 269 272 274 277 280 282 285 287 286 283 279 276 273 269 266 258 248 238 228 219 209 199 194 190 187 184 180 177 174 171 167 164 161 158 154 151 149 148 147 146 145 144 143 141 139 137 135 133 130 128 126 124 122 120 118 116 114 114 114 114 114 114 114 114 114 114 114 114 115 115 115 114 113 112 111 110 109 108 106 104 103 101 100 98 97 98
223 227 230 234 238 241 245 248 251 255 258 261 263 265 268 270 272 274 274 271 268 265 263 260 257 250 242 233 224 216 207 198 193 189 186 182 178 174 170 167 165 162 159 156 154 151 149 148 146 145 143 142 140 138 136 134 132 130 128 127 125 123 121 120 118 116 114 114 114 114 114 115 115 115 115 115 115 115 115 115 115 114 113 112 111 110 109 107 106 104 103 102 100 99 97 98
217 220 223 226 229 232 235 238 241 244 248 250 252 254 256 258 259 261 261 259 257 255 253 251 249 243 235 228 220 213 206 198 193 188 184 180 176 171 167 164 162 160 158 155 153 151 149 147 145 143 141 139 137 135 133 132 130 128 126 125 123 122 120 119 117 116 114 115 115 115 115 115 115 116 115 115 115 115 115 115 114 113 112 111 110 109 108 107 106 105 103 102 100 99 98 98
