pluvio/pluvio-217.asc
ncols         252
nrows         154
xllcorner     -0.5
yllcorner     -153.5
cellsize      1
NODATA_value  -9999
[rows 0 to 81 of 154, columns 0 to 95 of 252]
9 10 11 12 13 14 15 16 17 18 19 20 21 22 22 23 24 25 24 23 22 21 20 19 18 20 23 27 30 34 37 40 38 34 29 25 21 16 12 10 10 9 9 9 8 8 9 12 14 16 18 20 22 26 30 34 37 41 45 49 43 37 30 23 17 10 3 3 3 3 4 4 4 4 4 5 5 5 5 6 6 5 4 4 3 2 2 1 2 2 2 3 3 3 4 3
8 9 10 11 12 13 14 15 16 17 19 20 20 21 22 23 24 25 25 24 22 21 20 19 18 21 24 28 32 36 40 43 41 36 31 26 21 16 11 9 9 8 8 7 7 6 8 10 13 15 17 19 22 26 31 36 41 46 51 56 50 42 34 26 19 11 3 3 3 3 4 4 4 4 5 5 5 5 5 5 6 5 4 4 3 2 2 1 1 2 2 3 3 3 4 4
7 8 8 9 10 11 13 14 15 17 18 19 20 21 22 23 24 25 25 24 23 22 21 20 19 21 25 30 34 38 42 46 44 38 32 27 21 16 10 8 8 7 6 6 5 5 7 9 11 14 16 18 21 26 33 39 45 51 57 64 56 47 39 30 21 12 3 3 3 3 4 4 4 5 5 5 5 5 5 5 5 5 4 3 3 2 2 1 1 2 2 3 3 3 4 4
6 6 7 7 8 10 11 13 14 16 17 18 19 21 22 23 24 25 25 24 23 22 21 20 19 22 26 31 36 40 45 49 46 40 34 28 21 15 9 7 6 6 5 4 4 3 5 8 10 13 15 18 20 27 34 41 49 56 64 71 63 53 43 33 23 13 3 2 3 3 4 4 4 5 5 5 5 5 5 5 5 5 4 3 3 2 1 1 1 2 2 3 3 4 4 4
5 6 6 6 7 9 10 12 13 15 16 17 19 20 21 23 24 25 25 24 23 22 21 20 19 21 26 30 35 40 44 49 46 40 33 27 21 15 9 7 6 5 4 4 3 2 4 7 9 12 14 16 19 26 34 43 51 59 67 76 67 56 46 35 24 13 3 2 3 3 4 4 4 5 5 5 5 5 5 5 5 4 4 3 3 2 1 1 1 2 2 3 3 3 4 4
5 5 6 6 7 9 10 11 12 14 15 16 18 19 20 22 23 24 24 23 22 21 20 19 18 20 24 28 32 37 41 45 42 37 31 25 20 14 9 7 6 5 5 4 3 2 4 6 8 11 13 15 17 25 34 43 52 61 69 78 69 58 47 36 25 14 3 2 3 3 4 4 5 5 5 5 5 5 5 5 5 4 4 3 2 2 1 1 1 2 2 2 3 3 3 3
5 5 6 6 7 8 9 10 12 13 14 15 17 18 19 21 22 24 23 22 21 20 19 18 17 19 23 26 30 34 37 41 39 34 29 24 19 14 9 7 6 5 5 4 3 2 4 6 8 10 12 13 15 24 33 43 52 62 71 81 72 60 49 37 26 14 3 3 3 4 4 4 5 5 5 5 5 5 5 5 5 4 3 3 2 2 1 1 1 1 2 2 2 3 3 3
5 5 6 6 7 8 9 10 11 12 13 14 16 17 19 20 21 23 23 22 20 19 18 17 16 18 21 24 27 31 34 37 35 31 26 22 18 13 9 7 6 6 5 4 3 2 4 5 7 9 10 12 14 22 33 43 53 63 73 83 74 62 50 39 27 15 3 3 3 4 4 5 5 5 5 5 5 5 5 4 4 4 3 3 2 2 1 1 1 1 2 2 2 2 2 2
5 5 5 6 6 7 8 9 10 11 12 13 15 16 18 19 21 22 22 21 20 18 17 16 15 16 19 22 25 28 30 33 31 28 24 20 16 13 9 7 7 6 5 4 3 2 3 5 6 8 9 10 12 21 32 43 53 64 75 86 76 64 52 40 28 15 3 3 3 4 4 5 5 6 5 5 5 5 5 4 4 4 3 3 2 2 1 1 1 1 1 2 2 2 2 2
5 5 5 6 6 7 8 9 9 10 11 12 14 15 17 18 20 21 21 20 19 18 16 15 14 15 18 20 22 25 27 29 28 25 21 18 15 12 9 8 7 6 5 4 3 2 3 4 5 7 8 9 10 20 31 43 54 66 77 88 79 66 54 41 28 16 3 3 4 4 4 5 5 6 6 5 5 5 4 4 4 3 3 3 2 2 1 1 1 1 1 1 1 2 2 2
4 5 5 5 6 7 7 8 9 9 10 11 13 14 16 17 19 21 20 19 18 17 16 14 13 14 16 18 20 22 23 25 24 22 19 17 14 12 9 8 7 6 5 4 3 2 3 4 5 6 7 7 8 19 31 43 55 67 79 91 81 68 55 42 29 16 4 3 4 4 5 5 6 6 6 5 5 5 4 4 4 3 3 3 2 2 1 1 1 1 1 1 1 1 1 1
4 5 5 5 6 6 7 7 8 9 9 10 12 13 15 17 18 20 20 18 17 16 15 13 12 13 14 16 17 19 21 22 21 19 17 15 13 11 9 8 7 6 5 4 3 3 3 4 4 5 6 6 7 17 29 41 53 65 77 89 79 66 54 41 29 16 4 3 4 4 5 5 5 6 6 5 5 5 4 4 4 3 3 3 2 2 1 1 1 1 1 1 1 1 1 1
4 5 5 5 5 6 7 7 8 8 9 10 11 13 14 16 17 19 18 17 16 15 14 12 11 12 13 14 16 17 18 20 19 17 16 14 12 11 9 8 7 6 5 5 4 3 3 4 4 5 5 6 6 16 27 38 49 61 72 83 74 62 50 39 27 15 4 3 4 4 4 5 5 5 5 5 5 4 4 4 4 3 3 3 2 2 1 1 1 1 1 1 1 1 1 1
4 4 5 5 5 6 6 7 7 8 9 10 11 12 13 15 16 17 17 16 15 14 13 11 10 10 12 13 14 15 16 17 17 15 14 13 12 10 9 8 7 7 6 5 4 3 3 4 4 4 5 5 6 14 25 35 46 56 67 77 69 58 47 36 25 14 4 3 3 4 4 4 5 5 5 5 4 4 4 4 4 3 3 3 2 2 1 1 1 1 1 1 1 1 1 1
4 4 4 5 5 6 6 7 7 8 8 9 10 12 13 14 15 16 16 15 14 13 11 10 9 9 10 11 12 13 14 15 14 13 13 12 11 10 9 8 8 7 6 5 4 3 3 3 4 4 4 5 5 13 23 33 42 52 62 72 64 54 44 34 24 14 4 3 3 4 4 4 4 4 4 4 4 4 4 4 4 3 3 3 2 2 1 1 1 1 1 1 1 1 1 1
4 4 4 4 5 5 6 6 7 7 8 9 10 11 12 13 14 15 15 14 13 12 10 9 8 8 9 9 10 11 11 12 12 11 11 11 10 10 9 9 8 7 6 5 4 3 3 3 4 4 4 4 4 12 21 30 39 48 57 66 59 50 40 31 22 13 4 3 3 3 4 4 4 4 4 4 4 4 4 4 4 3 3 2 2 2 1 1 1 1 1 1 1 1 1 1
4 4 4 4 4 5 5 6 6 7 7 8 9 10 11 12 13 14 14 13 12 10 9 8 7 7 7 8 8 9 9 9 10 10 9 9 9 9 9 9 8 7 6 5 4 4 3 3 3 3 3 3 3 10 19 27 35 44 52 60 54 45 37 29 20 12 4 3 3 3 3 3 3 4 4 4 4 4 4 4 4 3 3 2 2 2 1 1 1 1 1 1 1 1 1 1
4 4 4 4 4 5 5 6 6 7 7 8 9 10 10 11 12 13 13 12 10 9 8 7 6 6 6 6 6 7 7 7 7 8 8 8 9 9 9 9 8 7 6 5 5 4 3 3 3 3 3 3 3 9 17 24 32 39 47 54 49 41 34 26 19 11 4 3 3 3 3 3 3 3 3 3 3 3 3 4 4 3 3 2 2 2 1 1 1 1 1 1 1 1 1 1
4 4 4 4 4 4 5 5 6 6 7 7 8 9 10 11 11 12 12 11 10 9 8 7 6 5 5 6 6 6 6 6 7 7 7 8 8 9 9 9 8 7 6 5 4 4 3 3 3 3 3 2 2 8 15 21 28 35 42 49 43 37 30 23 17 10 3 3 3 3 3 3 3 3 3 3 3 3 3 3 4 3 3 2 2 2 1 1 1 1 1 1 1 1 1 1
3 3 3 3 4 4 5 5 5 6 6 7 8 8 9 10 10 11 11 10 9 8 7 7 6 5 6 6 6 6 7 7 7 7 8 8 8 8 9 8 7 7 6 5 4 3 3 3 3 3 2 2 2 7 13 19 25 31 37 43 38 32 27 21 15 9 3 3 3 3 3 3 3 3 3 3 3 3 3 3 3 3 3 3 2 2 2 1 1 1 1 1 1 1 1 1
3 3 3 3 3 4 4 5 5 6 6 6 7 8 8 9 10 10 10 9 9 8 7 6 6 6 6 6 7 7 7 7 8 8 8 8 8 8 8 8 7 6 5 5 4 3 3 3 3 2 2 2 2 6 11 16 22 27 32 37 33 28 23 18 13 8 3 2 3 3 3 3 3 3 3 3 3 3 3 3 3 3 3 3 2 2 2 2 2 2 2 2 2 2 2 2
2 3 3 3 3 4 4 4 5 5 6 6 7 7 8 8 9 9 9 9 8 7 7 6 6 6 6 7 7 7 8 8 8 8 8 8 8 8 8 7 7 6 5 4 4 3 3 2 2 2 2 2 2 5 10 14 18 23 27 31 28 24 19 15 11 7 2 2 2 2 3 3 3 3 3 3 3 3 3 3 3 3 3 3 2 2 2 2 2 2 2 2 2 2 2 2
2 2 2 3 3 3 4 4 4 5 5 6 6 7 7 7 8 8 8 8 7 7 7 6 6 6 6 7 7 8 8 9 9 8 8 8 8 8 8 7 6 6 5 4 3 3 2 2 2 2 2 2 1 4 8 11 15 18 22 25 23 19 16 12 9 6 2 2 2 2 3 3 3 3 3 3 3 3 3 3 3 3 3 3 2 2 2 2 2 2 2 2 2 2 2 2
2 2 2 2 3 3 3 4 4 4 5 5 6 6 6 7 7 7 7 7 7 7 6 6 6 6 7 7 8 8 9 9 9 9 9 8 8 7 7 7 6 5 4 4 3 2 2 2 2 2 2 1 1 3 6 9 12 14 17 20 18 15 12 10 7 4 2 2 2 2 2 3 3 3 3 3 3 3 3 3 3 3 3 3 2 2 2 2 2 2 2 2 2 2 2 2
1 2 2 2 2 3 3 3 4 4 4 5 5 5 6 6 6 6 6 6 6 6 6 6 6 6 7 7 8 9 9 10 10 9 9 8 8 7 7 6 5 5 4 4 3 2 2 2 2 1 1 1 1 3 4 6 8 10 12 14 12 11 9 7 5 3 2 2 2 2 2 3 3 3 3 3 3 3 3 3 3 3 3 3 2 2 2 2 2 2 2 2 2 2 2 2
1 2 2 2 2 3 3 3 4 4 5 5 5 5 5 5 6 6 6 6 6 6 6 6 6 6 7 7 8 9 9 10 10 9 8 8 7 7 6 6 5 5 4 3 3 2 2 2 2 1 1 1 1 2 4 5 7 8 10 12 10 9 7 6 4 3 1 2 2 2 2 3 3 3 3 3 3 3 3 3 3 3 3 3 3 3 2 2 2 2 2 2 2 2 2 2
1 2 2 2 3 3 3 4 4 5 5 5 5 5 5 5 5 5 5 6 6 6 6 6 6 6 7 7 8 8 9 9 9 9 8 8 7 7 6 6 5 4 4 3 3 2 2 2 2 1 1 1 1 2 4 5 7 8 10 11 10 9 7 6 4 3 2 2 2 2 3 3 3 4 4 4 4 4 3 3 3 3 3 3 3 3 3 2 2 3 3 3 3 3 3 3
1 2 2 3 3 3 4 4 5 5 5 5 5 5 5 5 5 5 5 5 5 5 6 6 6 6 6 7 7 8 8 9 8 8 8 7 7 6 6 5 5 4 4 3 3 2 2 2 2 1 1 1 1 2 3 5 6 8 9 10 9 8 7 6 4 3 2 2 2 3 3 3 4 4 4 4 4 4 4 4 4 4 3 3 3 3 3 2 3 3 3 3 3 3 3 3
2 2 2 3 3 4 4 4 5 5 6 6 6 5 5 5 5 5 5 5 5 5 5 6 6 6 6 7 7 7 8 8 8 8 7 7 6 6 6 5 5 4 4 3 3 2 2 2 2 1 1 1 1 2 3 5 6 7 9 10 9 8 7 5 4 3 2 2 2 3 3 4 4 4 4 4 4 4 4 4 4 4 4 3 3 3 3 3 3 3 3 3 3 4 4 4
2 2 3 3 3 4 4 5 5 6 6 6 6 5 5 5 5 4 4 4 5 5 5 5 6 6 6 6 7 7 7 7 7 7 7 6 6 6 5 5 5 4 4 3 3 2 2 2 2 1 1 1 1 2 3 4 6 7 8 9 8 7 6 5 4 3 2 2 3 3 4 4 4 5 5 5 5 5 4 4 4 4 4 4 3 3 3 3 3 3 3 3 4 4 4 4
2 2 3 3 4 4 5 5 6 6 6 6 6 6 5 5 4 4 4 4 4 5 5 5 6 6 6 6 6 7 7 7 7 7 6 6 6 5 5 5 4 4 4 3 3 2 2 2 2 1 1 1 1 2 3 4 5 6 8 9 8 7 6 5 4 3 2 2 3 3 4 4 5 5 5 5 5 5 5 5 5 4 4 4 4 3 3 3 3 3 4 4 4 4 4 4
2 2 3 3 4 4 5 5 6 6 7 7 6 6 5 4 4 3 3 4 4 4 5 5 6 6 6 6 6 6 6 6 6 6 6 6 5 5 5 5 4 4 3 3 3 2 2 2 2 1 1 1 1 1 3 4 5 6 7 8 8 7 6 5 4 3 2 3 3 4 4 5 5 6 5 5 5 5 5 5 5 5 4 4 4 3 3 3 3 3 4 4 4 5 5 5
2 3 3 4 4 5 5 6 6 7 8 7 7 6 5 5 4 3 3 3 4 4 4 5 5 5 6 6 6 6 6 6 6 6 6 5 5 5 5 4 4 4 3 3 3 2 2 2 1 1 1 1 0 1 2 3 4 5 6 7 7 6 5 4 4 3 2 3 3 4 4 4 5 5 5 5 5 5 5 5 5 5 4 4 4 3 3 3 3 4 4 4 4 5 5 5
2 3 4 4 5 6 6 7 7 8 8 8 7 6 5 5 4 3 3 3 3 4 4 4 5 5 5 6 6 6 7 7 7 6 6 6 5 5 4 4 4 3 3 3 2 2 2 2 1 1 1 1 0 1 2 3 3 4 5 6 6 5 4 4 3 3 2 3 3 3 4 4 5 5 5 5 5 5 5 4 4 4 4 4 4 3 3 3 3 4 4 4 5 5 5 5
3 3 4 5 6 6 7 7 8 9 9 9 8 7 6 5 4 3 2 3 3 3 4 4 4 5 5 6 6 6 7 7 7 7 6 6 5 5 4 4 3 3 3 3 2 2 2 1 1 1 1 0 0 1 1 2 3 3 4 5 5 4 4 3 3 3 2 3 3 3 4 4 4 5 5 4 4 4 4 4 4 4 4 4 3 3 3 3 3 4 4 4 5 5 5 5
3 4 5 5 6 7 7 8 9 9 10 10 8 7 6 5 4 2 2 2 3 3 3 4 4 4 5 5 6 6 7 8 7 7 6 6 5 4 4 3 3 3 3 2 2 2 1 1 1 1 1 0 0 0 1 1 2 3 3 4 3 3 3 3 3 3 2 3 3 3 3 4 4 4 4 4 4 4 4 3 3 3 3 3 3 3 3 3 4 4 4 4 5 5 5 5
3 4 5 6 7 7 8 9 9 10 11 10 9 8 6 5 4 2 2 2 2 3 3 3 3 4 5 5 6 7 7 8 8 7 6 6 5 4 4 3 3 3 2 2 2 2 1 1 1 1 0 0 0 0 1 1 1 2 2 2 2 2 2 2 2 2 2 3 3 3 3 3 4 4 4 4 3 3 3 3 3 3 3 3 3 3 3 3 4 4 4 4 5 5 5 5
4 5 6 6 7 8 9 10 10 11 12 11 10 8 7 5 4 2 2 2 2 2 3 3 3 4 4 5 6 7 8 8 8 7 6 6 5 4 3 3 3 2 2 2 2 1 1 1 1 0 0 0 0 0 0 0 1 1 1 1 1 2 2 2 2 2 2 3 3 3 3 3 3 3 3 3 3 3 3 3 2 3 3 3 3 3 3 3 4 4 4 4 5 5 5 5
4 5 6 7 8 9 9 10 11 12 13 12 10 9 7 5 4 2 1 2 2 2 2 2 3 3 4 5 6 7 8 9 8 7 7 6 5 4 3 3 2 2 2 2 1 1 1 1 0 0 0 0 0 0 0 0 0 0 0 0 0 1 1 1 2 2 2 3 3 3 3 3 3 3 3 3 3 2 2 2 2 2 2 3 3 3 3 4 4 4 4 5 5 5 5 5
4 5 6 7 8 9 9 10 11 12 13 12 10 9 7 5 3 2 1 1 2 2 2 2 2 3 4 5 6 7 8 9 8 7 7 6 5 4 3 3 2 2 2 2 1 1 1 1 0 0 0 0 0 0 0 0 0 0 0 0 0 1 1 1 2 2 3 3 3 3 3 3 3 3 3 3 2 2 2 2 2 2 2 2 3 3 3 3 4 4 4 4 5 5 5 5
3 4 5 6 7 8 9 10 11 11 12 12 10 8 7 5 3 2 1 1 2 2 2 2 2 3 4 5 6 7 7 8 8 7 6 6 5 4 3 3 3 2 2 2 1 1 1 1 0 0 0 0 0 0 0 0 0 0 0 0 1 1 1 2 2 2 3 3 3 3 3 3 3 3 3 3 2 2 2 2 2 2 2 2 3 3 3 3 3 4 4 4 4 5 5 5
3 4 5 6 7 8 8 9 10 11 12 11 10 8 7 5 3 2 1 1 2 2 2 2 2 3 4 5 5 6 7 8 8 7 6 6 5 4 3 3 3 2 2 2 1 1 1 1 1 0 0 0 0 0 0 0 0 1 1 1 1 1 2 2 2 3 3 3 3 3 3 3 3 3 3 3 2 2 2 2 2 2 2 2 2 3 3 3 3 3 4 4 4 4 5 5
3 4 5 5 6 7 8 9 10 11 12 11 10 8 6 5 3 2 1 1 2 2 2 2 2 3 4 4 5 6 7 8 8 7 6 6 5 4 4 3 3 2 2 2 1 1 1 1 1 0 0 0 0 0 0 1 1 1 1 1 1 2 2 2 2 3 3 3 3 3 3 3 3 3 3 3 2 2 2 2 2 2 2 2 2 2 2 2 3 3 3 4 4 4 4 4
3 3 4 5 6 7 8 9 10 10 11 11 9 8 6 5 3 2 1 1 2 2 2 2 2 3 4 4 5 6 7 8 7 7 6 5 5 4 4 3 3 2 2 2 1 1 1 1 1 0 0 0 0 0 1 1 1 1 1 2 2 2 2 3 3 3 3 3 3 3 3 3 3 3 3 3 2 2 2 2 2 2 2 2 2 2 2 2 2 3 3 3 4 4 4 4
2 3 4 4 5 6 7 8 9 10 11 11 9 8 6 5 3 2 1 1 2 2 2 2 2 3 3 4 5 6 7 7 7 7 6 5 5 4 4 3 3 3 2 2 1 1 1 1 1 1 0 0 0 1 1 1 1 1 2 2 2 2 3 3 3 3 3 3 3 3 3 3 3 3 3 2 2 2 2 2 2 2 2 2 2 2 2 2 2 2 3 3 3 4 4 4
2 3 3 4 5 6 7 8 9 10 11 10 9 7 6 5 3 2 1 1 1 2 2 2 2 3 3 4 5 6 6 7 7 6 6 5 5 4 4 3 3 3 2 2 1 1 1 1 1 1 1 1 0 1 1 1 2 2 2 2 3 3 3 3 3 3 4 3 3 3 3 3 3 3 2 2 2 2 2 2 2 2 2 2 2 2 2 2 2 2 2 3 3 3 4 4
2 2 3 3 4 5 6 7 8 9 10 9 8 7 5 4 3 2 1 1 2 2 2 2 2 3 4 5 6 7 8 8 8 8 7 6 6 5 4 4 3 3 3 2 2 1 1 1 1 1 1 1 1 1 1 2 2 2 2 2 2 3 3 3 3 3 3 3 3 3 3 3 2 2 2 2 2 2 2 2 2 2 2 2 2 2 2 2 2 2 3 3 3 3 3 3
1 2 2 3 3 4 5 6 6 7 8 8 7 6 5 4 3 2 1 1 2 2 2 2 3 3 5 6 7 8 9 10 10 9 8 7 7 6 5 4 4 4 3 3 2 2 2 2 2 2 2 2 2 2 2 2 2 2 2 2 2 2 3 3 3 3 3 3 3 3 3 2 2 2 2 2 2 2 2 2 3 2 2 2 2 2 2 2 2 2 3 3 3 3 3 3
1 1 2 2 3 3 4 5 5 6 6 6 5 5 4 3 2 1 1 2 2 2 2 3 3 4 5 7 8 9 11 12 12 11 10 9 8 7 5 5 4 4 4 3 3 2 2 2 2 2 2 2 2 2 2 2 2 2 2 2 2 2 2 2 3 3 3 3 3 2 2 2 2 2 2 2 2 2 2 3 3 3 3 2 2 2 2 2 2 3 3 3 3 3 3 3
1 1 1 2 2 2 3 3 4 4 5 5 4 4 3 3 2 1 1 2 2 2 3 3 3 4 6 8 9 11 12 14 14 12 11 10 9 7 6 5 5 5 4 4 3 3 3 3 3 3 3 3 3 2 2 2 2 2 2 2 2 2 2 2 2 2 3 2 2 2 2 2 2 2 2 2 2 2 2 3 3 3 3 3 3 3 3 3 3 3 3 3 3 3 3 3
0 1 1 1 1 2 2 2 3 3 3 3 3 3 2 2 2 1 1 2 2 2 3 3 4 5 7 8 10 12 14 16 15 14 12 11 10 8 7 6 6 5 5 4 4 4 3 3 3 3 3 3 3 3 3 2 2 2 2 1 2 2 2 2 2 2 2 2 2 2 2 2 1 1 1 2 2 2 2 3 3 3 3 3 3 3 3 3 3 3 3 3 3 3 3 3
0 0 0 0 1 1 1 1 1 2 2 2 2 2 2 1 1 1 2 2 2 3 3 3 4 5 7 9 11 14 16 18 17 15 14 12 10 9 7 6 6 6 5 5 5 4 4 4 4 4 4 4 4 3 3 3 2 2 2 1 1 1 2 2 2 2 2 2 2 2 1 1 1 1 1 2 2 2 2 3 3 3 3 3 3 3 3 3 3 3 3 3 3 3 3 3
0 0 0 0 0 0 0 0 0 0 0 0 0 1 1 1 1 1 2 2 2 3 3 4 4 6 8 10 13 15 17 20 19 17 15 13 11 10 8 7 7 6 6 5 5 5 5 5 5 4 4 4 4 4 3 3 2 2 2 1 1 1 1 2 2 2 2 2 2 1 1 1 1 1 1 1 2 2 2 3 3 3 3 3 3 3 3 3 3 3 3 3 3 3 3 2
0 0 0 0 0 0 0 1 1 1 1 1 2 2 2 2 2 2 3 3 4 4 5 5 6 7 9 11 12 14 16 18 17 15 14 12 10 9 7 6 6 6 5 5 5 4 4 4 4 4 4 4 4 3 3 3 2 2 1 1 1 1 1 1 1 1 2 1 1 1 1 1 1 1 1 1 2 2 2 2 3 3 3 3 3 3 3 3 3 3 3 3 3 2 2 2
0 0 0 0 0 1 1 2 2 2 3 3 3 3 3 4 4 4 4 5 5 6 7 7 8 9 10 11 12 13 14 15 15 13 12 10 9 7 6 5 5 5 4 4 4 3 3 3 3 3 3 3 3 3 2 2 2 1 1 1 1 1 1 1 1 1 1 1 1 1 1 1 1 1 1 1 1 2 2 2 2 2 2 2 2 2 2 2 2 2 2 2 2 2 2 2
0 0 0 0 1 1 2 2 3 4 4 4 5 5 5 5 5 5 6 6 7 8 8 9 10 10 11 11 12 12 12 13 12 11 10 8 7 6 5 4 4 4 3 3 3 3 3 3 3 3 3 2 2 2 2 2 1 1 1 0 0 1 1 1 1 1 1 1 1 1 1 1 1 1 1 1 1 1 1 2 2 2 2 2 2 2 2 2 2 2 2 2 2 2 2 2
0 0 0 1 1 2 3 3 4 5 6 6 6 6 6 6 7 7 7 8 9 10 10 11 12 12 12 11 11 11 11 10 10 9 8 7 6 4 3 3 3 3 3 2 2 2 2 2 2 2 2 2 2 2 1 1 1 1 0 0 0 0 0 0 0 0 1 1 1 1 1 1 1 1 1 1 1 1 1 1 1 1 1 1 1 1 1 1 1 1 1 1 1 1 1 1
0 0 1 1 2 2 3 4 5 6 7 7 8 8 8 8 8 8 9 10 10 11 12 13 14 13 13 12 11 10 9 8 7 6 6 5 4 3 2 2 2 2 2 2 1 1 1 1 1 1 1 1 1 1 1 1 0 0 0 0 0 0 0 0 0 0 0 0 0 0 0 0 1 1 1 1 1 1 1 1 1 1 1 1 1 1 1 1 1 1 1 1 1 1 1 1
0 1 1 1 2 3 4 5 6 7 8 9 9 9 9 9 10 10 10 11 12 13 14 15 16 15 13 12 10 9 7 6 5 4 4 3 2 2 1 1 1 1 1 1 1 1 1 1 1 0 0 0 0 0 0 0 0 0 0 0 0 0 0 0 0 0 0 0 0 0 0 0 0 1 1 1 1 0 0 0 0 0 0 0 0 0 0 0 0 1 1 1 1 1 1 1
1 1 1 1 2 4 5 6 7 9 10 11 11 11 11 11 11 11 12 13 14 15 16 17 18 17 14 12 10 8 5 3 2 2 2 1 1 0 0 0 0 0 0 0 0 0 0 0 0 0 0 0 0 0 0 0 0 0 0 0 0 0 0 0 0 0 0 0 0 0 0 0 0 1 0 0 0 0 0 0 0 0 0 0 0 0 0 0 0 0 0 0 0 0 0 0
2 2 3 3 4 5 6 7 8 9 10 10 11 11 11 11 11 11 12 13 14 14 15 16 17 16 13 11 9 7 5 3 2 1 1 1 1 0 0 0 0 0 0 0 0 0 0 0 0 0 0 0 0 0 0 0 0 0 0 0 0 0 0 0 0 0 0 0 0 0 0 0 0 0 0 0 0 0 0 0 0 0 0 0 0 0 0 0 0 0 0 0 0 0 0 0
3 4 4 5 6 6 7 8 8 9 10 10 10 11 11 11 11 12 12 13 13 14 14 15 15 14 12 10 8 6 4 2 1 1 1 1 0 0 0 0 0 0 0 0 0 0 0 0 0 0 0 0 0 0 0 0 0 0 0 0 0 0 0 0 0 0 0 0 0 0 0 0 0 0 0 0 0 0 0 0 0 0 0 0 0 0 0 0 0 0 0 0 0 0 0 0
4 5 6 7 7 8 8 8 9 9 10 10 10 11 11 11 12 12 12 12 13 13 13 14 14 13 11 9 7 6 4 2 1 1 1 0 0 0 0 0 0 0 0 0 0 0 0 0 0 0 0 0 0 0 0 0 0 0 0 0 0 0 0 0 0 0 0 0 0 0 0 0 0 0 0 0 0 0 0 0 0 0 0 0 0 0 0 0 0 0 0 0 0 0 0 0
6 7 8 9 9 9 9 9 9 9 9 10 10 10 11 11 12 12 12 12 12 12 13 13 13 12 10 8 7 5 3 1 1 1 0 0 0 0 0 0 0 0 0 0 0 0 0 0 0 0 0 0 0 0 0 0 0 0 0 0 0 0 0 0 0 0 0 0 0 0 0 0 0 0 0 0 0 0 0 0 0 0 0 0 0 0 0 0 0 0 0 0 0 0 0 0
7 8 9 11 11 11 10 10 10 9 9 9 10 10 11 11 12 12 12 12 12 12 12 12 11 10 9 7 6 4 3 1 0 0 0 0 0 0 0 0 0 0 0 0 0 0 0 0 0 0 0 0 0 0 0 0 0 0 0 0 0 0 0 0 0 0 0 0 0 0 0 0 0 0 0 0 0 0 0 0 0 0 0 0 0 0 0 0 0 0 0 0 0 0 0 0
8 10 11 12 13 12 11 11 10 10 9 9 10 10 11 11 12 12 12 12 12 11 11 10 10 9 8 6 5 3 2 1 0 0 0 0 0 0 0 0 0 0 0 0 0 0 0 0 0 0 0 0 0 0 0 0 0 0 0 0 0 0 0 0 0 0 0 0 0 0 0 0 0 0 0 0 0 0 0 0 0 0 0 0 0 0 0 0 0 0 0 0 0 0 0 0
10 11 13 14 14 13 13 12 11 10 9 9 9 10 11 11 12 13 13 12 11 11 10 9 9 8 6 5 4 3 1 0 0 0 0 0 0 0 0 0 0 0 0 0 0 0 0 0 0 0 0 0 0 0 0 0 0 0 0 0 0 0 0 0 0 0 0 0 0 0 0 0 0 0 0 0 0 0 0 0 0 0 0 0 0 0 0 0 0 0 0 0 0 0 0 0
8 10 11 12 13 12 11 11 10 10 9 9 10 10 11 11 12 13 12 12 11 11 10 10 9 8 7 5 4 3 2 0 0 0 0 0 0 0 0 0 0 0 0 0 0 0 0 0 0 0 0 0 0 0 0 0 0 0 0 0 0 0 0 0 0 0 0 0 0 0 0 0 0 0 0 0 0 0 0 0 0 0 0 0 0 0 0 0 0 0 0 0 0 0 0 0
7 8 9 10 11 10 10 10 10 9 9 9 10 10 11 11 12 12 12 12 11 11 10 10 9 8 7 6 4 3 2 0 0 0 0 0 0 0 0 0 0 0 0 0 0 0 0 0 0 0 0 0 0 0 0 0 0 0 0 0 0 0 0 0 0 0 0 0 0 0 0 0 0 0 0 0 0 0 0 0 0 0 0 0 0 0 0 0 0 0 0 0 0 0 0 0
6 6 7 8 9 9 9 9 9 9 9 10 10 11 11 11 12 12 12 12 11 11 11 10 10 9 7 6 4 3 2 0 0 0 0 0 0 0 0 0 0 0 0 0 0 0 0 0 0 0 0 0 0 0 0 0 0 0 0 0 0 0 0 0 0 0 0 0 0 0 0 0 0 0 0 0 0 0 0 0 0 0 0 0 0 0 0 0 0 0 0 0 0 0 0 0
4 5 5 6 7 7 8 8 9 9 10 10 10 11 11 11 12 12 12 12 11 11 11 10 10 9 8 6 5 3 2 0 0 0 0 0 0 0 0 0 0 0 0 0 0 0 0 0 0 0 0 0 0 0 0 0 0 0 0 0 0 0 0 0 0 0 0 0 0 0 0 0 0 0 0 0 0 0 0 0 0 0 0 0 0 0 0 0 0 0 0 0 0 0 0 0
3 3 3 4 5 5 6 7 8 9 10 11 11 11 11 11 12 12 12 12 11 11 11 11 10 9 8 6 5 3 2 0 0 0 0 0 0 0 0 0 0 0 0 0 0 0 0 0 0 0 0 0 0 0 0 0 0 0 0 0 0 0 0 0 0 0 0 0 0 0 0 0 0 0 0 0 0 0 0 0 0 0 0 0 0 0 0 0 0 0 0 0 0 0 0 0
1 1 1 2 2 4 5 6 8 9 10 11 11 11 11 11 12 12 12 12 11 11 11 11 11 10 8 7 5 3 2 0 0 0 0 0 0 0 0 0 0 0 0 0 0 0 0 0 0 0 0 0 0 0 0 0 0 0 0 0 0 0 0 0 0 0 0 0 0 0 0 0 0 0 0 0 0 0 0 0 0 0 0 0 0 0 0 0 0 0 0 0 0 0 0 0
0 0 0 0 0 2 4 5 7 9 10 11 11 11 11 12 12 12 12 12 11 11 11 11 11 10 8 7 5 4 2 0 0 0 0 0 0 0 0 0 0 0 0 0 0 0 0 0 0 0 0 0 0 0 0 0 0 0 0 0 0 0 0 0 0 0 0 0 0 0 0 0 0 0 0 0 0 0 0 0 0 0 0 0 0 0 0 0 0 0 0 0 0 0 0 0
0 0 0 0 1 2 4 6 7 9 11 11 11 11 11 11 11 11 11 11 11 11 11 11 11 10 8 6 5 3 2 0 0 0 0 0 0 0 0 0 0 0 0 0 0 0 0 0 0 0 0 0 0 0 0 0 0 0 0 0 0 0 0 0 0 0 0 0 0 0 0 0 0 0 0 0 0 0 0 0 0 0 0 0 0 0 0 0 0 0 0 0 0 0 0 0
0 0 0 0 1 3 4 6 7 9 11 11 11 11 11 11 11 11 11 11 11 10 10 10 10 9 7 6 5 3 2 0 0 0 0 0 0 0 0 0 0 0 0 0 0 0 0 0 0 0 0 1 1 1 1 1 0 0 0 0 0 0 0 0 0 0 0 0 0 0 0 0 0 0 0 0 0 0 0 0 0 0 0 0 0 0 0 0 0 0 0 0 0 0 0 0
1 1 1 1 2 3 5 6 8 9 11 11 11 11 11 11 11 11 11 10 10 10 10 9 9 8 7 6 4 3 2 0 0 0 0 0 0 0 0 0 0 0 0 0 0 0 0 0 0 1 1 1 1 1 1 1 1 1 0 0 0 0 0 0 0 0 0 0 0 0 0 0 0 0 0 0 0 0 0 0 0 0 0 0 0 0 0 0 0 0 0 0 0 0 0 0
1 1 1 1 2 3 5 6 8 9 11 11 11 11 11 11 11 11 10 10 10 9 9 9 9 8 6 5 4 3 1 0 0 0 0 0 0 0 0 0 0 0 0 0 0 0 0 0 0 1 1 1 1 1 1 1 1 1 1 0 0 0 0 0 0 0 0 0 0 0 0 0 0 0 0 0 0 0 0 0 0 0 0 0 0 0 0 0 0 0 0 0 0 0 0 0
2 2 2 2 2 4 5 7 8 9 11 11 11 11 11 11 10 10 10 10 9 9 9 8 8 7 6 5 4 2 1 0 0 0 0 0 0 0 0 0 0 0 0 0 0 0 0 0 1 1 1 1 2 2 1 1 1 1 1 0 0 0 0 0 0 0 0 0 0 0 0 0 0 0 0 0 0 0 0 0 0 0 0 0 0 0 0 0 0 0 0 0 0 0 0 0
2 2 2 2 3 4 5 7 8 9 11 11 11 11 11 10 10 10 10 9 9 9 8 8 7 6 5 4 3 2 1 0 0 0 0 0 0 0 0 0 0 0 0 0 0 0 0 0 1 1 1 2 2 2 2 1 1 1 1 1 0 0 0 0 0 0 0 0 0 0 0 0 0 0 0 0 0 0 0 0 0 0 0 0 0 0 0 0 0 0 0 0 0 0 0 0
3 3 3 3 3 4 6 7 8 9 11 11 11 11 10 10 10 10 9 9 8 8 8 7 7 6 5 4 3 2 1 0 0 0 0 0 0 0 0 0 0 0 0 0 0 0 0 0 1 1 2 2 2 2 2 2 1 1 1 1 0 0 0 0 0 0 0 0 0 0 0 0 0 0 0 0 0 0 0 0 0 0 0 0 0 0 0 0 0 0 0 0 0 0 0 0
2 2 2 2 3 4 5 6 7 8 9 9 9 9 9 9 9 8 8 8 7 7 6 6 6 5 4 3 2 2 1 0 0 0 0 0 0 0 0 0 0 0 0 0 0 0 0 0 1 1 1 2 2 2 2 1 1 1 1 0 0 0 0 0 0 0 0 0 0 0 0 0 0 0 0 0 0 0 0 0 0 0 0 0 0 0 0 0 0 0 0 0 0 0 0 0
