pluvio/pluvio-356.asc
ncols         252
nrows         154
xllcorner     -0.5
yllcorner     -153.5
cellsize      1
NODATA_value  -9999
[rows 84 to 125 of 154, columns 0 to 95 of 252]
105 109 114 118 121 122 123 124 125 126 127 126 124 122 120 118 117 115 114 115 116 117 118 119 119 122 126 129 133 136 140 143 144 143 142 141 140 139 138 137 135 134 132 131 129 128 127 127 127 127 126 126 126 129 134 138 142 146 150 155 161 167 174 180 187 193 200 196 192 188 183 179 175 170 168 165 162 159 156 154 151 154 156 159 162 165 168 170 171 171 172 172 173 173 173 172
110 116 122 127 130 131 132 133 134 134 135 134 132 131 129 127 125 123 123 124 125 126 127 128 128 130 132 134 136 138 140 142 141 140 139 138 137 136 134 134 134 133 133 132 132 132 132 131 131 131 131 130 130 134 138 142 146 150 154 159 165 172 178 185 191 198 205 201 197 193 188 184 180 176 172 169 166 163 160 157 154 156 158 161 163 166 168 170 171 172 173 174 175 175 176 174
116 123 129 136 140 140 141 142 142 143 143 143 141 139 137 135 133 131 131 132 133 134 136 137 138 138 138 139 139 139 140 140 139 138 136 135 134 132 131 131 132 133 133 134 135 136 136 135 135 135 135 135 135 138 142 146 150 155 159 163 169 176 183 189 196 203 209 206 202 198 193 189 185 181 177 174 170 167 163 160 156 159 161 163 165 167 169 171 172 173 174 175 176 177 178 176
121 129 137 145 149 149 149 150 150 151 151 150 148 147 145 143 141 139 139 140 142 143 144 145 146 146 145 143 142 141 140 139 137 135 134 132 131 129 128 129 130 132 134 136 138 139 140 140 139 139 139 139 139 142 146 150 154 159 163 167 173 180 187 193 200 207 214 210 206 202 198 194 190 186 182 178 174 170 167 163 159 161 163 164 166 168 169 171 173 174 175 177 178 180 181 179
124 131 139 146 150 150 151 151 152 152 153 152 150 148 147 145 143 142 142 143 144 145 146 147 148 147 146 145 144 143 142 141 140 138 136 135 133 131 130 131 132 134 136 137 139 141 141 141 142 142 142 142 142 146 149 153 157 160 164 168 173 180 186 192 198 204 210 207 204 200 197 194 190 187 183 179 175 172 168 164 160 162 164 165 167 169 170 172 174 177 179 181 183 185 187 184
126 133 141 148 151 152 152 153 153 154 154 153 152 150 149 147 146 144 144 145 146 147 148 148 149 149 148 147 147 146 145 144 143 141 139 137 135 134 132 133 134 136 137 139 141 142 143 143 144 144 145 145 146 149 152 155 159 162 165 169 174 179 185 190 196 201 207 205 202 199 196 193 190 187 184 180 176 173 169 165 162 163 165 167 168 170 171 173 176 179 182 185 188 191 193 189
129 136 142 149 152 153 154 154 155 155 156 155 154 152 151 149 148 146 146 147 148 149 149 150 151 151 150 149 149 148 147 147 145 143 141 140 138 136 134 134 136 138 139 141 142 144 145 145 146 147 148 148 149 152 155 158 161 164 167 170 174 179 184 189 194 199 204 202 200 197 195 193 190 188 185 181 177 174 170 167 163 165 166 168 169 171 172 174 178 182 185 189 193 197 200 195
132 138 144 151 154 154 155 155 156 156 157 157 155 154 153 151 150 149 149 149 150 150 151 152 152 152 152 151 151 150 150 150 148 146 144 142 140 138 136 136 138 139 141 142 144 145 146 147 148 149 150 151 153 155 158 160 163 165 168 171 175 179 183 188 192 196 200 199 197 196 194 192 191 189 185 182 178 175 171 168 164 166 167 169 170 172 173 175 180 184 189 193 198 202 206 200
135 140 146 152 155 156 156 157 157 158 158 158 157 156 155 153 152 151 151 152 152 152 153 153 154 154 154 153 153 153 153 152 151 149 146 144 142 140 138 138 140 141 142 144 145 147 148 149 151 152 153 155 156 158 160 163 165 167 169 172 175 179 182 186 190 193 197 196 195 194 193 192 191 190 186 183 179 176 172 169 166 167 169 170 171 173 174 176 181 187 192 197 203 208 212 205
137 143 148 153 156 157 158 158 159 159 160 160 159 158 157 156 155 154 153 154 154 154 155 155 155 155 155 155 155 155 155 155 153 151 149 147 144 142 140 140 142 143 144 145 147 148 149 151 153 154 156 158 159 161 163 165 167 169 171 173 176 179 182 185 188 191 194 193 193 192 192 191 191 191 187 184 180 177 174 170 167 168 170 171 173 174 175 177 183 189 195 202 208 214 218 211
140 145 150 155 158 158 159 159 160 161 161 161 160 159 158 157 157 156 156 156 156 156 157 157 157 157 157 157 157 158 158 158 156 154 151 149 147 145 142 143 144 145 146 147 148 150 151 153 155 157 159 160 162 164 166 167 169 171 172 174 176 179 181 184 186 189 191 191 191 191 191 192 192 192 188 185 182 178 175 172 168 170 171 172 174 175 176 178 185 192 198 205 212 219 224 215
144 148 152 157 159 159 160 160 160 161 161 161 160 159 158 158 157 156 156 157 158 159 160 161 162 162 161 161 160 160 160 159 158 156 154 153 151 149 148 148 149 149 150 151 152 153 154 156 157 159 160 162 164 165 167 169 170 172 174 175 178 181 183 186 189 192 194 195 195 195 195 195 196 196 192 189 185 181 178 174 171 172 173 174 175 176 177 179 185 192 198 205 211 218 223 215
147 151 154 158 160 160 160 161 161 161 161 161 160 159 159 158 157 156 157 159 160 162 163 165 166 166 165 164 163 162 162 161 160 158 157 156 155 154 153 153 153 154 154 155 155 156 157 158 160 161 162 163 165 166 168 170 172 174 175 177 180 183 186 189 192 195 198 198 198 199 199 199 199 200 196 192 188 184 180 177 173 174 175 175 176 177 178 179 186 192 198 204 211 217 222 214
150 153 157 160 161 161 161 161 161 161 161 161 160 159 159 158 157 157 158 160 162 164 166 168 171 170 169 168 166 165 164 162 161 161 160 160 159 158 158 158 158 158 159 159 159 159 160 161 162 163 164 165 166 168 169 171 173 175 177 179 182 185 188 191 195 198 201 201 202 202 203 203 203 204 200 196 191 187 183 179 175 176 176 177 178 178 179 180 186 192 198 204 210 216 221 213
153 156 159 162 163 162 162 162 162 161 161 161 160 159 159 158 158 157 158 161 164 167 170 172 175 175 173 171 169 167 166 164 163 163 163 163 163 163 163 163 163 163 163 163 163 162 163 164 164 165 166 166 167 169 171 173 175 176 178 180 184 187 190 194 197 201 204 205 205 206 206 207 207 208 204 199 195 190 186 182 177 178 178 179 179 179 180 181 186 192 198 204 210 215 220 213
157 159 161 163 164 164 163 163 162 162 161 161 160 160 159 158 158 157 159 163 166 169 173 176 180 179 177 174 172 170 167 165 165 165 166 167 167 168 168 168 168 167 167 166 166 166 166 166 167 167 167 168 168 170 172 174 176 178 180 182 185 189 193 196 200 204 207 208 209 209 210 211 211 212 207 203 198 193 189 184 180 180 180 180 180 181 181 181 187 192 198 203 209 214 219 212
160 162 163 165 165 165 164 163 163 162 161 161 160 160 159 159 158 158 160 164 168 172 176 180 184 184 181 178 175 172 169 167 167 168 169 170 171 172 173 173 172 172 171 170 170 169 169 169 169 169 169 169 169 171 173 175 177 179 181 183 187 191 195 199 203 207 211 212 212 213 214 214 215 216 211 206 201 196 192 187 182 182 182 182 182 182 182 182 187 193 198 203 208 214 217 211
163 164 165 167 167 166 165 164 163 162 162 161 160 160 160 159 159 158 161 166 170 175 179 184 188 188 184 181 178 175 171 168 168 170 172 173 175 177 178 178 177 176 175 174 173 172 172 172 171 171 171 171 171 173 175 177 179 181 184 186 190 194 198 202 206 210 214 215 216 217 217 218 219 220 215 210 204 199 194 189 184 184 184 183 183 183 183 183 188 193 198 203 208 213 216 211
162 164 166 169 169 168 168 167 166 165 164 163 163 163 162 162 162 161 164 169 173 178 182 187 192 191 188 184 181 177 174 170 171 173 174 176 178 180 182 181 180 179 177 176 175 174 174 174 174 174 175 175 175 177 180 182 184 187 189 191 195 199 203 207 211 215 219 219 220 220 221 221 221 222 217 212 207 201 196 191 186 186 186 186 185 185 185 185 190 194 198 203 207 212 215 210
161 164 167 171 172 171 170 169 168 167 167 166 166 165 165 165 165 164 167 172 176 181 186 190 195 194 191 187 183 180 176 173 173 175 177 179 181 183 185 184 183 181 180 178 177 175 175 176 177 177 178 179 179 182 184 187 189 192 194 197 200 204 208 212 215 219 223 223 224 224 224 224 224 224 219 214 209 204 199 193 188 188 188 188 188 187 187 187 191 195 199 203 207 211 214 210
160 164 169 173 174 173 173 172 171 170 169 169 168 168 168 168 167 167 170 175 180 184 189 194 198 198 194 190 186 182 179 175 175 178 180 182 184 186 189 188 186 184 182 181 179 177 177 178 179 181 182 183 184 186 189 191 194 197 199 202 206 209 213 217 220 224 227 228 227 227 227 227 226 226 221 216 211 206 201 196 191 190 190 190 190 190 190 190 193 196 200 203 207 210 213 209
159 164 170 175 177 176 175 174 173 172 171 171 171 171 171 171 170 170 173 178 183 187 192 197 202 201 197 193 189 185 181 177 178 180 182 185 187 190 192 191 189 187 185 183 181 179 179 181 182 184 185 186 188 190 193 196 199 202 205 208 211 214 218 221 225 228 232 232 231 230 230 229 229 228 223 218 213 208 203 198 193 193 192 192 192 192 192 192 195 198 200 203 206 209 211 209
158 165 171 177 179 179 178 177 176 175 174 174 174 173 173 173 173 173 176 181 186 191 196 200 205 204 200 196 192 188 183 179 180 182 185 188 190 193 195 194 192 190 187 185 183 180 181 183 185 187 188 190 192 195 198 201 204 207 210 213 216 220 223 226 230 233 236 236 235 234 233 232 231 230 225 220 215 210 205 200 195 195 195 195 194 194 194 194 196 199 201 204 206 208 210 208
157 165 172 179 182 181 180 179 178 177 176 176 176 176 176 176 176 176 179 184 189 194 199 204 209 207 203 199 194 190 186 181 182 185 188 191 193 196 199 198 195 192 190 187 185 182 183 185 188 190 192 194 196 199 202 206 209 212 215 219 222 225 228 231 234 238 241 240 239 237 236 235 234 233 228 223 217 212 207 202 197 197 197 197 197 196 196 196 198 200 202 204 206 207 209 208
158 166 174 182 185 184 183 182 181 180 179 179 179 179 179 179 179 179 182 187 192 197 202 207 211 210 206 202 197 193 188 184 185 188 190 193 196 199 202 200 198 195 192 190 187 184 186 188 190 193 195 197 199 203 206 209 212 216 219 222 225 228 231 234 237 240 243 242 241 239 238 237 235 234 229 224 219 214 209 204 199 199 199 199 199 198 198 198 200 201 203 204 206 207 209 208
164 172 179 186 189 188 187 185 184 183 181 181 181 181 181 181 181 181 184 189 194 198 203 208 212 212 208 204 200 196 192 188 189 191 193 196 198 200 202 201 199 197 195 193 191 188 189 191 193 195 197 198 200 203 206 208 211 214 217 219 222 225 228 230 233 236 238 238 237 235 234 233 232 231 227 222 218 213 209 204 200 200 200 199 199 199 199 199 201 203 204 206 208 210 211 210
171 178 184 191 193 192 190 188 187 185 184 183 183 183 183 183 183 184 186 191 195 200 204 209 214 213 209 206 203 199 196 193 193 194 196 198 199 201 203 202 200 199 197 196 194 193 193 195 196 197 198 200 201 203 205 208 210 212 214 216 219 221 224 226 229 231 234 233 232 231 231 230 229 228 224 220 216 212 208 205 201 201 200 200 200 200 200 200 202 204 206 208 210 212 214 213
177 183 190 196 198 196 194 192 190 188 186 185 185 185 186 186 186 186 189 193 197 202 206 210 215 214 211 208 206 203 200 197 197 198 199 200 201 202 203 203 202 201 200 199 198 197 197 198 199 199 200 201 202 203 205 207 208 210 212 214 216 218 220 222 225 227 229 229 228 227 227 226 226 225 222 218 215 212 208 205 201 201 201 201 201 201 201 201 203 205 208 210 213 215 217 216
184 189 195 200 202 200 197 195 193 191 188 187 187 188 188 188 188 188 191 195 199 203 207 212 216 216 213 211 208 206 204 201 201 201 202 202 203 203 204 204 203 203 202 202 201 201 201 201 201 202 202 202 203 204 205 206 207 208 209 211 212 214 216 218 220 222 224 224 224 224 223 223 223 222 220 217 214 211 208 205 202 202 202 202 202 201 201 201 204 207 209 212 215 218 220 218
190 195 200 205 206 203 201 198 196 193 191 190 190 190 190 190 190 190 193 197 201 205 209 213 217 217 215 213 211 209 207 205 205 205 205 205 205 205 205 205 205 205 205 205 205 205 205 205 204 204 204 204 203 204 205 205 206 206 207 208 209 211 213 214 216 218 219 220 220 220 220 220 220 220 217 215 213 210 208 205 203 203 203 203 202 202 202 202 205 208 211 214 217 220 223 221
196 201 205 210 210 207 204 202 199 196 193 192 192 192 192 192 192 193 195 199 203 206 210 214 218 218 217 215 214 213 211 210 209 208 208 207 206 206 205 205 206 207 207 208 208 209 209 208 207 206 206 205 204 204 204 204 205 205 205 205 206 207 209 210 212 213 215 215 215 216 216 216 217 217 215 213 211 209 207 206 204 204 203 203 203 203 203 203 206 209 213 216 219 223 225 224
202 206 210 214 214 211 208 205 201 198 195 194 194 194 194 195 195 195 197 201 205 208 212 216 219 220 219 218 217 216 214 213 212 211 210 209 208 206 205 206 207 208 209 210 211 212 211 210 209 208 207 206 205 205 205 204 204 204 203 203 204 205 206 207 208 210 211 211 212 213 213 214 214 215 214 212 211 209 208 206 205 205 205 204 204 204 204 204 207 211 214 218 221 225 228 226
206 209 213 217 217 213 210 207 204 201 197 196 196 196 197 197 197 197 200 203 207 211 215 219 223 223 222 220 219 218 216 215 213 212 210 209 207 206 204 205 205 206 207 208 209 210 210 209 209 209 208 208 208 207 207 206 205 205 204 204 204 205 206 207 208 209 209 210 211 212 213 214 215 216 215 213 212 211 210 209 208 207 207 206 206 205 204 204 208 211 215 218 222 225 229 227
209 213 216 219 219 216 213 209 206 203 199 198 198 199 199 199 199 200 202 206 210 214 218 222 226 226 224 223 221 220 218 217 215 213 211 209 207 205 203 204 204 205 206 206 207 208 208 208 209 209 209 210 210 209 208 208 207 206 205 205 205 205 206 206 207 207 208 209 210 212 213 214 215 216 216 215 214 213 212 212 211 210 209 208 207 206 205 205 208 212 215 219 223 226 229 229
213 216 219 222 222 219 215 212 208 205 201 200 200 201 201 201 202 202 204 208 213 217 221 225 229 229 227 225 224 222 220 218 216 214 212 209 207 205 203 202 203 204 204 205 205 206 207 208 209 209 210 211 212 211 210 209 208 207 206 205 205 206 206 206 206 206 207 208 210 211 213 214 215 217 217 216 216 215 215 214 214 212 211 210 208 207 206 205 209 212 216 220 223 227 230 230
216 219 222 225 225 221 218 214 211 207 204 202 203 203 203 204 204 204 207 211 215 219 223 228 232 232 230 228 226 224 222 220 217 215 212 209 207 204 202 201 202 202 203 203 204 204 205 207 208 210 211 213 214 213 212 211 210 209 207 206 206 206 206 206 206 205 205 207 209 211 212 214 216 218 218 217 217 217 217 217 216 215 213 212 210 208 207 205 209 213 217 220 224 228 231 232
220 223 225 228 227 224 220 216 213 209 206 204 205 205 205 206 206 206 209 214 218 222 226 231 235 235 233 230 228 226 224 222 219 216 213 210 207 204 201 200 200 201 201 202 202 202 204 206 208 210 212 214 216 215 214 213 211 210 208 207 207 206 206 205 205 204 204 206 208 210 212 214 216 218 219 219 219 219 219 219 219 217 215 213 211 209 207 206 210 213 217 221 225 228 232 233
224 226 228 231 230 226 223 219 215 211 208 206 207 207 208 208 208 209 212 216 220 225 229 234 238 238 235 233 231 228 226 223 220 217 213 210 206 203 200 199 199 199 200 200 200 200 203 205 208 211 213 216 219 218 216 214 213 211 210 208 207 206 206 205 204 203 203 205 207 210 212 214 217 219 220 220 220 221 221 222 222 220 218 215 213 211 208 206 210 214 218 221 225 229 233 235
228 230 232 234 233 229 225 221 218 214 210 209 209 210 210 211 211 212 215 219 223 228 232 237 241 241 238 235 233 230 227 225 221 218 214 210 207 203 199 198 198 198 198 198 198 198 201 204 207 210 214 217 220 219 217 216 214 212 211 209 208 207 206 205 204 203 202 205 207 210 212 215 218 220 221 222 222 223 224 225 225 223 220 218 215 213 210 208 212 216 219 223 226 230 233 236
234 235 236 237 236 232 228 224 220 216 213 211 212 213 214 215 215 216 219 223 227 231 235 240 244 243 240 237 234 231 229 226 222 219 215 211 208 204 200 199 199 198 198 197 197 197 199 203 206 209 213 216 219 219 217 216 215 213 212 210 210 209 208 207 207 206 205 207 210 212 215 217 220 222 223 224 225 226 227 228 229 226 224 222 220 218 216 214 217 220 223 226 229 232 234 237
241 241 241 241 239 235 231 227 223 219 215 214 215 216 217 218 219 221 223 227 231 235 239 243 246 246 242 239 236 233 230 227 223 219 216 212 209 205 201 200 199 198 197 196 196 195 197 201 205 208 212 215 219 218 217 216 215 214 213 212 211 211 210 210 209 208 208 210 212 215 217 220 222 224 226 227 228 229 230 231 232 230 228 226 225 223 221 219 222 224 226 229 231 233 235 238
247 246 245 245 242 238 234 230 226 222 218 217 218 220 221 222 224 225 228 231 235 238 242 245 249 248 245 241 238 234 231 228 224 220 217 213 209 206 202 200 199 198 197 195 194 193 196 199 203 207 211 214 218 218 217 217 216 215 214 213 213 213 212 212 211 211 211 213 215 217 220 222 224 227 228 229 230 232 233 234 235 234 232 231 229 228 226 225 227 228 230 232 233 235 236 239
