pluvio/pluvio-206.asc
ncols         252
nrows         154
xllcorner     -0.5
yllcorner     -153.5
cellsize      1
NODATA_value  -9999
[rows 0 to 82 of 154, columns 0 to 95 of 252]
6 6 6 6 6 6 6 5 5 5 5 5 6 6 6 6 7 7 7 8 8 9 9 10 10 11 11 12 12 13 14 14 13 12 11 9 8 7 5 5 5 5 5 5 5 5 6 7 8 10 11 12 13 15 17 19 22 24 26 29 26 23 19 16 13 9 6 6 5 5 5 5 5 5 5 5 5 5 5 5 5 5 5 5 6 6 6 6 6 6 5 5 5 5 5 4
6 6 6 6 5 5 5 5 5 5 5 5 6 6 6 6 6 7 7 7 8 8 9 9 10 11 11 12 13 14 14 15 14 13 11 10 8 7 5 5 5 5 5 5 5 5 6 7 8 10 11 12 13 16 19 22 24 27 30 33 30 26 22 18 14 9 5 5 5 5 5 5 5 5 5 5 5 5 5 5 5 5 5 5 5 5 5 6 5 5 5 5 5 5 4 4
6 6 5 5 5 5 5 5 5 5 5 5 5 5 6 6 6 6 7 7 8 8 9 9 10 10 11 12 13 14 15 16 15 14 12 10 8 7 5 5 5 5 5 5 5 5 6 7 8 10 11 12 13 17 20 24 27 31 34 38 34 29 24 19 15 10 5 5 5 5 5 5 5 5 5 5 5 5 4 4 4 5 5 5 5 5 5 5 5 5 5 5 5 4 4 4
6 5 5 5 5 5 5 5 5 5 5 5 5 5 5 6 6 6 6 7 7 8 8 9 9 10 11 13 14 15 16 17 16 14 12 11 9 7 5 5 5 5 5 5 5 5 6 7 9 10 11 12 14 17 22 26 30 34 38 42 38 32 27 21 16 10 5 4 4 4 4 4 4 4 4 4 4 4 4 4 4 4 4 4 4 5 5 5 5 5 5 4 4 4 4 4
5 5 5 5 5 5 5 5 5 5 5 5 5 5 6 6 6 6 6 7 7 8 8 9 9 10 11 13 14 15 16 17 16 14 12 11 9 7 5 4 5 5 5 5 5 5 6 7 8 9 11 12 13 17 22 27 31 36 40 45 40 34 28 22 16 10 4 4 4 4 4 4 4 4 4 4 4 4 4 4 4 4 4 4 4 4 4 5 4 4 4 4 4 4 4 4
5 5 5 5 5 5 5 5 5 5 6 6 6 6 6 6 6 6 7 7 8 8 8 9 9 10 11 12 13 14 15 17 16 14 12 10 8 7 5 4 4 4 4 4 4 4 5 6 8 9 10 11 12 16 21 26 31 36 41 46 41 35 29 23 17 10 4 4 4 4 4 4 4 4 4 4 4 4 4 4 4 4 4 4 4 4 4 5 4 4 4 4 4 4 4 4
5 5 5 5 5 5 5 5 6 6 6 6 6 6 6 7 7 7 7 7 8 8 9 9 9 10 11 12 13 14 15 16 15 13 12 10 8 6 5 4 4 4 4 4 4 4 5 6 7 8 9 10 11 15 21 26 31 37 42 47 42 36 30 23 17 11 4 4 4 4 4 4 4 4 4 4 4 4 4 4 4 4 4 4 4 4 4 5 4 4 4 4 4 4 4 3
5 5 5 5 5 5 5 6 6 6 7 7 7 7 7 7 7 7 7 8 8 8 9 9 9 10 11 12 13 13 14 15 14 13 11 9 8 6 5 4 4 4 4 4 4 4 5 5 6 7 8 9 10 14 20 26 31 37 43 48 43 37 30 24 17 11 4 4 4 3 3 3 3 3 3 3 3 3 3 4 4 4 4 4 4 4 4 5 4 4 4 4 4 4 3 3
5 5 5 5 5 5 6 6 6 7 7 7 7 7 7 7 8 8 8 8 8 9 9 9 9 10 11 11 12 13 14 14 14 12 11 9 7 6 4 4 4 4 4 4 4 4 4 5 6 6 7 8 8 13 19 25 31 37 43 49 44 38 31 24 17 11 4 3 3 3 3 3 3 3 3 3 3 3 3 3 3 4 4 4 4 4 4 5 4 4 4 4 4 3 3 3
5 5 5 5 5 5 6 6 7 7 8 8 8 8 8 8 8 8 8 8 9 9 9 9 9 10 11 11 12 12 13 14 13 11 10 9 7 6 4 4 4 4 4 4 4 4 4 5 5 6 6 7 7 12 19 25 32 38 44 51 45 38 31 25 18 11 4 3 3 3 3 3 3 3 3 3 3 3 3 3 3 4 4 4 4 4 4 5 4 4 4 4 3 3 3 3
5 5 5 4 5 5 6 7 7 8 8 9 9 8 8 8 8 8 8 9 9 9 9 9 9 10 10 11 11 12 13 13 12 11 10 8 7 6 4 4 4 4 4 4 3 3 4 4 4 5 5 5 6 12 18 25 32 38 45 52 46 39 32 25 18 11 4 3 3 3 3 3 2 2 2 3 3 3 3 3 3 3 4 4 4 4 4 5 4 4 4 4 3 3 3 2
5 5 5 4 5 5 6 7 7 8 8 9 9 9 9 9 9 9 9 9 9 9 9 9 9 10 10 11 11 12 12 13 12 10 9 8 7 5 4 4 4 4 4 3 3 3 4 4 4 4 5 5 5 10 17 23 30 36 42 49 44 37 30 24 17 10 4 3 3 3 3 2 2 2 2 2 3 3 3 3 3 3 3 4 4 4 4 4 4 4 3 3 3 3 2 2
5 5 5 5 5 5 6 6 7 7 8 8 8 8 8 8 8 9 9 9 9 9 9 9 9 9 10 10 11 11 12 12 11 10 9 8 7 5 4 4 4 4 4 3 3 3 4 4 4 4 4 4 5 9 15 21 26 32 37 43 38 33 27 21 15 9 3 3 3 2 2 2 2 2 2 2 2 3 3 3 3 3 3 3 3 4 4 4 4 3 3 3 3 2 2 2
5 5 5 5 5 5 6 6 7 7 7 8 8 8 8 8 8 8 9 9 9 9 9 9 9 9 9 10 10 11 11 12 11 10 9 8 6 5 4 4 4 4 4 4 3 3 4 4 4 4 4 4 4 8 13 18 23 28 32 37 33 28 23 18 13 8 3 2 2 2 2 2 2 2 2 2 2 2 3 3 3 3 3 3 3 3 3 3 3 3 3 2 2 2 2 2
5 5 5 5 5 5 6 6 6 7 7 7 8 8 8 8 8 8 9 9 8 8 8 8 8 9 9 10 10 11 11 12 11 10 9 7 6 5 4 4 4 4 4 4 4 3 4 4 4 4 4 4 4 7 11 15 19 23 27 31 28 24 19 15 11 7 2 2 2 2 2 2 2 2 2 2 2 2 2 3 3 3 3 3 3 3 3 3 3 2 2 2 2 2 2 2
5 5 5 5 5 5 6 6 6 6 7 7 7 7 8 8 8 8 9 8 8 8 8 8 8 8 9 9 10 10 11 11 11 9 8 7 6 5 4 4 4 4 4 4 4 4 4 4 4 3 3 3 3 6 9 13 16 19 22 26 23 19 16 12 9 5 2 2 2 2 2 2 2 2 2 2 2 2 2 2 2 2 2 2 2 2 2 2 2 2 2 2 2 1 1 1
6 5 5 5 5 5 5 6 6 6 6 7 7 7 8 8 8 8 9 8 8 8 8 8 8 8 8 9 9 10 10 11 10 9 8 7 6 5 4 4 4 4 4 4 4 4 4 3 3 3 3 3 3 5 8 10 12 15 17 20 18 15 12 10 7 4 1 1 1 2 2 2 2 2 2 2 2 2 2 2 2 2 2 2 2 2 2 2 2 2 1 1 1 1 1 1
6 6 5 5 5 5 5 5 6 6 6 6 7 7 7 8 8 8 8 8 8 8 8 8 7 8 8 9 9 10 10 11 10 9 8 7 6 5 4 4 4 4 4 4 4 4 4 3 3 3 3 3 3 4 6 7 9 11 12 14 12 11 9 7 5 3 1 1 1 1 1 2 2 2 2 2 2 2 2 2 2 2 2 2 2 2 1 1 1 1 1 1 1 1 1 1
6 6 5 5 5 5 5 5 5 5 6 6 6 7 7 7 8 8 8 8 8 7 7 7 7 7 8 8 9 9 10 10 10 9 8 7 6 5 4 3 3 3 3 3 3 3 3 3 3 3 3 2 2 3 5 6 7 9 10 11 10 9 7 6 4 2 1 1 1 1 1 1 2 2 2 2 2 2 2 2 2 2 2 2 1 1 1 1 1 1 1 1 1 1 1 1
6 6 5 5 5 5 5 5 5 5 5 5 6 6 6 7 7 7 7 7 7 7 7 7 7 7 8 8 9 9 10 10 10 9 8 7 5 4 3 3 3 3 3 3 3 3 3 3 3 2 2 2 2 3 4 6 7 8 9 11 10 8 7 5 4 2 1 1 1 1 1 1 1 2 2 2 2 2 2 2 2 2 2 1 1 1 1 1 1 1 1 1 1 1 1 1
6 5 5 5 4 4 5 5 5 5 5 5 5 6 6 6 6 6 6 6 6 6 6 6 6 7 7 8 8 9 10 10 10 9 7 6 5 4 3 3 3 3 3 3 3 3 3 2 2 2 2 2 2 3 4 5 6 8 9 10 9 8 6 5 4 2 1 1 1 1 1 1 1 1 1 1 1 1 1 1 2 1 1 1 1 1 1 1 1 1 1 1 1 1 1 1
6 5 5 4 4 4 4 4 4 5 5 5 5 5 5 5 5 6 6 6 6 6 6 6 6 6 7 8 8 9 10 10 10 8 7 6 5 4 3 2 2 2 2 2 2 2 2 2 2 2 2 2 2 3 4 5 6 7 8 10 9 7 6 5 4 2 1 1 1 1 1 1 1 1 1 1 1 1 1 1 1 1 1 1 1 1 1 1 1 1 1 1 1 1 1 1
6 5 5 4 4 4 4 4 4 4 4 4 5 5 5 5 5 5 5 5 5 5 5 5 6 6 7 7 8 9 9 10 10 8 7 6 5 4 2 2 2 2 2 2 2 2 2 2 2 2 1 1 1 2 3 4 6 7 8 9 8 7 6 5 3 2 1 1 1 1 1 1 1 1 1 1 1 1 1 1 1 1 1 1 1 1 1 1 1 1 1 1 1 1 1 1
6 5 4 4 3 4 4 4 4 4 4 4 4 4 4 4 4 4 4 4 4 5 5 5 5 6 6 7 8 9 9 10 9 8 7 6 5 3 2 2 2 2 2 2 2 1 1 1 1 1 1 1 1 2 3 4 5 6 7 8 8 7 5 4 3 2 1 1 1 1 1 1 1 1 1 1 1 1 1 1 1 1 1 1 1 1 1 1 1 1 1 1 1 1 2 1
6 5 4 3 3 3 3 4 4 4 4 4 4 4 4 3 3 3 3 4 4 4 4 5 5 5 6 7 8 8 9 10 9 8 7 6 4 3 2 1 1 1 1 1 1 1 1 1 1 1 1 1 1 2 3 4 5 6 7 8 7 6 5 4 3 2 1 1 1 1 1 1 1 1 1 1 1 1 1 1 1 1 1 1 1 1 1 1 1 1 1 1 1 2 2 2
5 5 4 3 3 3 3 3 3 3 3 3 3 3 3 3 3 3 3 3 3 4 4 4 4 5 6 6 7 8 9 9 9 7 6 5 4 3 2 1 1 1 1 1 1 1 1 1 1 1 1 1 1 1 2 3 4 5 6 7 6 5 5 4 3 2 1 1 1 1 1 1 1 1 1 1 1 1 1 1 1 1 1 1 1 1 1 1 1 1 1 1 1 1 2 1
5 4 3 3 2 2 3 3 3 3 3 3 3 3 3 2 2 2 2 3 3 3 3 3 4 4 5 5 6 7 7 8 8 7 6 5 3 2 1 1 1 1 1 1 1 1 1 1 1 1 1 1 1 1 2 3 4 4 5 6 5 5 4 3 2 2 1 1 1 1 1 1 1 0 0 1 1 1 1 1 1 1 1 1 1 1 1 1 1 1 1 1 1 1 1 1
4 3 3 2 2 2 2 2 2 2 2 2 2 2 2 2 2 2 2 2 2 2 3 3 3 3 4 5 5 6 6 7 7 6 5 4 3 2 1 1 1 1 1 1 1 1 1 1 1 1 1 1 1 1 2 2 3 4 4 5 4 4 3 3 2 1 1 1 1 1 0 0 0 0 0 0 0 0 1 1 1 1 1 1 1 1 1 1 1 1 1 1 1 1 1 1
3 3 2 2 1 2 2 2 2 2 2 2 2 2 2 1 1 1 1 2 2 2 2 2 2 3 3 4 4 5 5 6 6 5 4 3 3 2 1 1 1 1 1 1 1 1 1 1 1 1 1 0 0 1 1 2 2 3 3 4 3 3 2 2 1 1 1 0 0 0 0 0 0 0 0 0 0 0 1 1 1 1 1 1 1 1 1 1 1 1 1 1 1 1 1 1
2 2 2 1 1 1 1 1 1 1 1 1 1 1 1 1 1 1 1 1 1 1 1 1 1 2 2 3 3 4 4 5 4 4 3 3 2 2 1 1 1 1 1 1 1 1 1 0 0 0 0 0 0 1 1 1 2 2 2 3 3 2 2 1 1 1 0 0 0 0 0 0 0 0 0 0 0 0 1 1 1 1 1 1 1 1 1 1 1 1 1 1 1 0 0 0
2 1 1 1 1 1 1 1 1 1 1 1 1 1 1 1 0 0 0 0 1 1 1 1 1 1 2 2 2 3 3 4 3 3 3 2 2 1 1 1 1 1 1 1 0 0 0 0 0 0 0 0 0 1 1 1 1 1 2 2 2 1 1 1 1 0 0 0 0 0 0 0 0 0 0 0 0 0 0 1 1 1 1 1 1 1 1 1 1 1 1 1 0 0 0 0
1 1 1 0 0 0 0 0 0 0 0 0 0 0 0 0 0 0 0 0 0 0 0 0 0 0 1 1 1 2 2 3 2 2 2 1 1 1 1 0 0 0 0 0 0 0 0 0 0 0 0 0 0 0 0 0 1 1 1 1 1 0 0 0 0 0 0 0 0 0 0 0 0 0 0 0 0 0 0 1 1 1 1 1 1 1 1 1 1 1 1 0 0 0 0 0
1 1 1 1 0 0 0 0 0 0 0 0 0 0 0 0 0 0 0 0 0 0 0 0 0 0 0 1 1 1 2 2 2 2 1 1 1 1 0 0 0 0 0 0 0 0 0 0 0 0 0 0 0 0 0 0 0 0 0 0 0 0 0 0 0 0 0 0 0 0 0 0 0 0 0 0 0 0 0 1 1 1 1 1 1 1 1 1 1 1 1 0 0 0 0 0
1 1 1 1 1 1 1 0 0 0 0 0 0 0 0 0 0 0 0 0 0 0 0 0 0 0 0 1 1 1 1 2 2 1 1 1 1 1 0 0 0 0 0 0 0 0 0 0 0 0 0 0 0 0 0 0 0 0 0 0 0 0 0 0 0 0 0 0 0 0 0 0 0 0 0 0 0 0 0 0 1 1 1 1 1 1 1 1 1 1 1 0 0 0 0 0
2 2 2 2 1 1 1 1 0 0 0 0 0 0 0 0 0 0 0 0 0 0 0 0 0 0 0 0 1 1 1 1 1 1 1 1 1 1 0 0 0 0 0 0 0 0 0 0 0 0 0 0 0 0 0 0 0 0 0 0 0 0 0 0 0 0 0 0 0 0 0 0 0 0 0 0 0 0 0 0 0 1 1 1 1 1 1 1 1 1 1 0 0 0 0 0
2 2 2 2 2 2 1 1 1 0 0 0 0 0 0 0 0 0 0 0 0 0 0 0 0 0 0 0 0 1 1 1 1 1 1 1 1 0 0 0 0 0 0 0 0 0 0 0 0 0 0 0 0 0 0 0 0 0 0 0 0 0 0 0 0 0 0 0 0 0 0 0 0 0 0 0 0 0 0 0 0 0 0 0 1 1 1 1 1 1 1 0 0 0 0 0
2 2 2 3 2 2 2 1 1 0 0 0 0 0 0 0 0 0 0 0 0 0 0 0 0 0 0 0 0 0 1 1 1 1 1 1 0 0 0 0 0 0 0 0 0 0 0 0 0 0 0 0 0 0 0 0 0 0 0 0 0 0 0 0 0 0 0 0 0 0 0 0 0 0 0 0 0 0 0 0 0 0 0 0 0 0 0 0 0 0 0 0 0 0 0 0
2 3 3 3 3 2 2 1 1 0 0 0 0 0 0 0 0 0 0 0 0 0 0 0 0 0 0 0 0 0 0 0 0 0 0 0 0 0 0 0 0 0 0 0 0 0 0 0 0 0 0 0 0 0 0 0 0 0 0 0 0 0 0 0 0 0 0 0 0 0 0 0 0 0 0 0 0 0 0 0 0 0 0 0 0 0 0 0 0 0 0 0 0 1 1 1
3 3 3 4 3 3 2 2 1 0 0 0 0 0 0 0 0 0 0 0 0 0 0 0 0 0 0 0 0 0 0 0 0 0 0 0 0 0 0 0 0 0 0 0 0 0 0 0 0 0 0 0 0 0 0 0 0 0 0 0 0 0 0 0 0 0 0 0 0 0 0 0 0 0 0 0 0 0 0 0 0 0 0 0 0 0 0 0 0 0 0 0 1 1 1 1
2 3 3 3 3 3 2 1 1 0 0 0 0 0 0 0 0 0 0 0 0 0 0 0 0 0 0 0 0 0 0 0 0 0 0 0 0 0 0 0 0 0 0 0 0 0 0 0 0 0 0 0 0 0 0 0 0 0 0 0 0 0 0 0 0 0 1 0 0 0 0 0 0 0 0 0 0 0 0 0 0 0 0 0 0 0 0 0 0 0 0 1 1 1 1 1
2 2 3 3 3 2 2 1 1 0 0 0 0 0 0 0 0 0 0 0 0 0 0 0 0 0 0 0 0 0 0 0 0 0 0 0 0 0 0 0 0 0 0 0 0 0 0 0 0 0 0 0 0 0 0 0 0 0 0 0 0 0 0 0 1 1 1 1 1 0 0 0 0 0 0 0 0 0 0 0 0 0 0 0 0 0 0 0 0 0 1 1 1 1 1 1
2 2 2 2 2 2 1 1 1 0 0 0 0 0 0 0 0 0 0 0 0 0 0 0 0 0 0 0 0 0 0 1 1 1 0 0 0 0 0 0 0 0 0 0 0 0 0 0 0 0 0 0 0 0 0 0 0 0 0 1 1 1 1 1 1 1 1 1 1 1 0 0 0 0 0 0 0 0 0 0 0 0 0 0 0 0 0 0 0 1 1 1 1 1 1 1
1 2 2 2 2 1 1 1 0 0 0 0 0 0 0 0 0 0 0 0 0 0 0 0 0 0 0 0 0 0 1 1 1 1 1 1 1 0 0 0 0 0 0 0 0 0 0 0 0 0 0 0 0 0 0 0 0 1 1 1 1 1 1 1 1 1 1 1 1 1 1 0 0 0 0 0 0 0 0 0 0 0 0 0 0 0 0 0 1 1 1 1 1 1 1 1
1 1 1 1 1 1 1 0 0 0 0 0 0 0 0 0 0 0 0 0 0 0 0 0 0 0 0 0 0 1 1 1 1 1 1 1 1 1 0 0 0 0 0 0 0 0 0 0 0 0 0 0 0 0 0 0 1 1 1 1 1 1 1 1 1 1 1 1 1 1 1 0 0 0 0 0 0 0 0 0 0 0 0 0 0 0 0 1 1 1 1 1 1 1 1 1
1 1 1 1 0 0 0 0 0 0 0 0 0 0 0 0 0 0 0 0 0 0 0 0 0 0 0 0 0 1 1 1 1 1 1 1 1 1 1 0 0 0 0 0 0 0 0 0 0 0 0 0 0 0 0 1 1 1 1 1 1 1 1 1 1 1 1 1 1 1 1 0 0 0 0 0 0 0 0 0 0 0 0 0 0 0 1 1 1 1 1 1 1 1 1 1
1 0 0 0 0 0 0 0 0 0 0 0 0 0 0 0 0 0 0 0 0 0 0 0 0 0 0 0 1 1 1 1 1 1 1 1 1 1 1 1 0 0 0 0 0 0 0 0 0 0 0 0 0 0 0 1 1 1 1 2 2 2 2 2 2 2 2 1 1 1 1 1 0 0 0 0 0 0 0 0 0 0 0 0 0 1 1 1 1 1 1 1 1 1 1 1
0 0 0 0 0 0 0 0 0 0 0 0 0 0 0 0 0 0 0 0 0 0 0 0 0 0 0 1 1 1 1 2 2 2 1 1 1 1 1 1 0 0 0 0 0 0 0 0 0 0 0 0 0 0 0 1 1 1 1 2 2 2 2 2 2 2 1 1 1 1 1 1 0 0 0 0 0 0 0 0 0 0 0 0 0 1 1 1 1 1 1 1 1 1 1 1
0 0 0 0 0 0 0 0 0 0 0 0 0 0 1 1 1 1 1 1 1 1 1 1 0 1 1 1 1 2 2 2 2 2 2 2 1 1 1 1 1 0 0 0 0 0 0 0 0 0 0 0 0 0 0 1 1 1 1 1 1 1 1 1 1 1 1 1 1 1 1 0 0 0 0 0 0 0 0 0 0 0 0 0 1 1 1 1 1 1 1 1 1 1 1 1
0 0 0 0 0 0 0 0 0 0 0 0 1 1 1 2 2 2 2 2 2 2 1 1 1 1 1 2 2 2 3 3 3 2 2 2 2 1 1 1 1 1 0 0 0 0 0 0 0 0 0 0 0 0 0 1 1 1 1 1 1 1 1 1 1 1 1 1 1 1 1 0 0 0 0 0 0 0 0 0 0 0 0 0 1 1 1 1 1 1 1 1 1 1 1 1
0 0 0 0 0 0 0 0 0 0 0 0 1 1 2 2 3 3 3 3 3 2 2 2 1 1 2 2 2 3 3 3 3 3 3 2 2 1 1 1 1 1 1 0 0 0 0 0 0 0 0 0 0 0 0 0 1 1 1 1 1 1 1 1 1 1 1 1 1 1 1 0 0 0 0 0 0 0 0 0 0 0 0 1 1 1 1 1 1 1 1 1 1 1 1 1
0 0 0 0 0 0 0 0 0 0 0 1 1 2 2 3 4 4 4 4 3 3 2 2 2 2 2 2 3 3 4 4 4 3 3 2 2 2 1 1 1 1 1 1 0 0 0 0 0 0 0 0 0 0 0 0 1 1 1 1 1 1 1 1 1 1 1 1 1 1 1 0 0 0 0 0 0 0 0 0 0 0 0 1 1 1 1 1 1 1 1 1 1 1 1 1
0 0 0 0 0 0 0 0 0 0 0 1 1 2 3 4 5 5 5 5 4 4 3 2 2 2 2 3 3 4 4 5 4 4 3 3 2 2 1 1 1 1 1 1 0 0 0 0 0 0 0 0 0 0 0 0 0 1 1 1 1 1 1 1 1 1 1 1 1 1 0 0 0 0 0 0 0 0 0 0 0 0 1 1 1 1 1 1 1 1 1 1 1 1 1 1
0 0 0 0 0 0 0 0 0 0 0 1 2 3 4 4 5 6 6 6 5 4 4 3 2 2 3 3 4 4 5 5 5 4 4 3 3 2 1 1 1 1 1 1 1 0 0 0 0 0 0 0 0 0 0 0 0 0 0 0 0 0 0 1 1 1 1 1 1 0 0 0 0 0 0 0 0 0 0 0 0 1 1 1 1 1 1 1 1 1 1 1 1 1 1 1
0 0 0 0 0 0 0 0 0 0 1 1 2 3 3 4 5 6 6 5 4 4 3 3 2 2 3 3 3 4 4 5 5 4 3 3 2 2 1 1 1 1 1 1 1 0 0 0 0 0 0 0 0 0 0 0 0 0 0 0 0 0 0 0 0 0 1 0 0 0 0 0 0 0 0 0 0 0 0 0 0 0 1 1 1 1 1 1 1 1 1 1 1 1 1 1
0 0 0 0 0 0 0 0 0 1 1 1 2 2 3 4 4 5 5 4 4 3 3 2 2 2 2 3 3 3 4 4 4 4 3 3 2 1 1 1 1 1 1 0 0 0 0 0 0 0 0 0 0 0 0 0 0 0 0 0 0 0 0 0 0 0 0 0 0 0 0 0 0 0 0 0 0 0 0 0 0 0 0 0 1 1 1 1 1 1 1 1 1 1 1 1
0 0 0 0 0 0 0 0 0 1 1 1 2 2 3 3 3 4 4 3 3 2 2 2 1 1 2 2 2 3 3 4 4 3 3 2 2 1 1 1 1 0 0 0 0 0 0 0 0 0 0 0 1 1 1 1 1 1 1 1 0 0 0 0 0 0 0 0 0 0 0 0 0 0 0 0 0 0 0 0 0 0 0 0 0 0 0 0 1 1 1 1 1 1 1 1
0 0 0 0 0 0 0 0 1 1 1 1 2 2 2 2 3 3 3 2 2 2 1 1 1 1 1 2 2 2 3 3 3 3 2 2 1 1 1 0 0 0 0 0 0 0 0 0 0 0 0 1 1 1 1 1 1 1 1 1 1 0 0 0 0 0 0 0 0 0 0 0 0 0 0 0 0 0 0 0 0 0 0 0 0 0 0 0 0 0 0 1 1 1 1 1
0 0 0 0 0 0 0 0 1 1 1 1 2 2 2 2 2 2 2 2 1 1 1 1 0 1 1 1 2 2 2 3 2 2 2 1 1 1 0 0 0 0 0 0 0 0 0 0 0 0 0 1 1 1 1 1 1 1 1 1 1 1 0 0 0 0 0 0 0 0 0 0 0 0 0 0 0 0 0 0 0 0 0 0 0 0 0 0 0 0 0 0 0 1 1 1
0 0 0 0 0 0 0 1 1 1 1 2 1 1 1 1 1 1 1 1 1 0 0 0 0 0 0 1 1 1 2 2 2 2 1 1 1 0 0 0 0 0 0 0 0 0 0 0 0 0 1 1 1 1 1 1 1 1 1 1 1 1 0 0 0 0 0 0 0 0 0 0 0 0 0 0 0 0 0 0 0 0 0 0 0 0 0 0 0 0 0 0 0 0 1 0
0 0 0 0 0 0 0 1 1 1 2 2 1 1 1 1 0 0 0 0 0 0 0 0 0 0 0 0 1 1 1 1 1 1 1 1 0 0 0 0 0 0 0 0 0 0 0 0 0 0 1 1 1 1 1 1 1 1 1 1 1 1 0 0 0 0 0 0 0 0 0 0 0 0 0 0 0 0 0 0 0 0 0 0 0 0 0 0 0 0 0 0 0 0 0 0
0 1 1 1 1 1 2 2 2 3 3 3 2 2 2 1 1 1 1 0 0 0 0 0 0 0 0 0 1 1 1 1 1 1 1 1 0 0 0 0 0 0 0 0 0 0 0 0 0 0 1 1 1 1 1 1 1 1 1 1 1 0 0 0 0 0 0 0 0 0 0 0 0 0 0 0 0 0 0 0 0 0 0 0 0 0 0 0 0 0 0 0 0 0 0 0
2 2 2 2 3 3 3 3 4 4 4 4 4 3 3 2 2 2 1 1 1 1 0 0 0 0 0 0 1 1 1 1 1 1 1 1 0 0 0 0 0 0 0 0 0 0 0 0 0 0 1 1 1 1 1 1 1 1 1 1 0 0 0 0 0 0 0 0 0 0 0 0 0 0 0 0 0 0 0 0 0 0 0 0 0 0 0 0 0 0 0 0 0 1 1 0
3 3 4 4 4 5 5 5 5 5 6 5 5 4 4 4 3 3 2 2 2 1 1 1 0 0 0 1 1 1 1 1 1 1 1 1 0 0 0 0 0 0 0 0 0 0 0 0 0 0 1 1 1 1 1 1 1 1 1 1 0 0 0 0 0 0 0 0 0 0 0 0 0 0 0 0 0 0 0 0 0 0 0 0 0 0 0 0 0 0 0 0 0 1 1 1
4 4 5 6 6 6 6 6 7 7 7 7 6 6 5 5 4 3 3 3 2 2 1 1 1 1 1 1 1 1 1 1 1 1 1 1 0 0 0 0 0 0 0 0 0 0 0 0 0 0 1 1 1 1 1 1 1 1 0 0 0 0 0 0 0 0 0 0 0 0 0 0 0 0 0 0 0 0 0 0 0 0 0 0 0 0 0 0 0 0 0 0 1 1 1 1
5 6 6 7 8 8 8 8 8 8 8 8 7 7 6 6 5 4 4 3 3 2 2 1 1 1 1 1 1 1 1 1 1 1 1 1 0 0 0 0 0 0 0 0 0 0 0 0 0 0 1 1 1 1 1 1 1 0 0 0 0 0 0 0 0 0 0 0 0 0 0 0 0 0 0 0 0 0 0 0 0 0 0 0 0 0 0 0 0 0 0 1 1 1 1 1
6 7 8 9 9 9 9 9 10 10 10 9 9 8 7 7 6 5 5 4 3 3 2 2 1 1 1 1 1 1 1 1 1 1 1 1 1 0 0 0 0 0 0 0 0 0 0 0 0 0 1 1 1 1 1 0 0 0 0 0 0 0 0 0 0 0 0 0 0 0 0 0 0 0 0 0 0 0 0 0 0 0 0 0 0 0 0 0 0 0 0 1 1 1 1 1
7 8 9 10 11 11 11 11 11 11 11 11 10 9 8 8 7 6 5 5 4 3 3 2 1 1 1 1 1 1 1 1 1 1 1 1 1 1 0 0 0 0 0 0 0 0 0 0 0 0 1 1 1 1 0 0 0 0 0 0 0 0 0 0 0 0 0 0 0 0 0 0 0 0 0 0 0 0 0 0 0 0 0 0 0 0 0 0 0 0 0 1 1 1 1 1
7 8 9 11 11 11 11 11 11 12 12 11 10 9 9 8 7 6 5 5 4 3 3 2 1 1 1 1 1 1 1 1 1 1 1 1 0 0 0 0 0 0 0 0 0 0 0 0 0 0 0 1 1 1 1 1 0 0 0 0 0 0 0 0 0 0 0 0 0 0 0 0 0 0 0 0 0 0 0 0 0 0 0 0 0 0 0 0 0 0 0 1 1 1 1 1
7 8 10 11 11 11 12 12 12 12 12 12 11 10 9 8 7 6 5 4 4 3 2 2 1 1 1 1 1 1 1 1 1 1 0 0 0 0 0 0 0 0 0 0 0 0 0 0 0 0 0 0 1 1 1 1 1 1 1 1 0 0 0 0 0 0 0 0 0 0 0 0 0 0 0 0 0 0 0 0 0 0 0 0 0 0 0 0 0 0 0 0 1 1 1 1
7 9 10 11 11 12 12 12 12 12 13 12 11 10 9 8 7 6 5 4 4 3 2 1 1 1 1 1 1 1 0 0 0 0 0 0 0 0 0 0 0 0 0 0 0 0 0 0 0 0 0 0 1 1 1 1 1 1 1 1 1 0 0 0 0 0 0 0 0 0 0 0 0 0 0 0 0 0 0 0 0 0 0 0 0 0 0 0 0 0 0 0 0 1 1 0
8 9 10 11 12 12 12 12 13 13 13 12 11 10 9 8 7 6 5 4 3 3 2 1 1 0 0 0 0 0 0 0 0 0 0 0 0 0 0 0 0 0 0 0 0 0 0 0 0 0 0 0 1 1 1 1 1 1 1 1 1 0 0 0 0 0 0 0 0 0 0 0 0 0 0 0 0 0 0 0 0 0 0 0 0 0 0 0 0 0 0 0 0 0 0 0
8 9 10 11 12 12 12 13 13 13 13 13 12 10 9 8 7 5 5 4 3 2 2 1 0 0 0 0 0 0 0 0 0 0 0 0 0 0 0 0 0 0 0 0 0 0 0 0 0 0 0 0 1 1 1 1 1 1 1 1 1 1 0 0 0 0 0 0 0 0 0 0 0 0 0 0 0 0 0 1 1 1 0 0 0 0 0 0 0 0 0 0 0 0 0 0
8 9 10 11 12 12 13 13 13 14 14 13 12 11 9 8 7 5 4 4 3 2 1 1 0 0 0 0 0 0 0 0 0 0 0 0 0 0 0 0 0 0 0 0 0 0 0 0 0 0 0 0 1 1 1 1 1 1 1 1 1 1 0 0 0 0 0 0 0 0 0 0 0 0 0 0 0 1 1 1 1 1 1 1 1 0 0 0 0 0 0 0 0 0 0 0
8 9 10 11 12 12 13 13 14 14 14 14 12 11 9 8 7 5 4 3 3 2 1 1 0 0 0 0 0 0 0 0 0 0 0 0 0 0 0 0 0 0 0 0 0 0 0 0 0 0 0 0 1 1 1 1 1 1 1 1 1 1 1 0 0 0 0 0 0 0 0 0 0 0 0 1 1 1 1 1 1 1 1 1 1 1 0 0 0 0 0 0 0 0 0 0
7 9 10 11 11 12 12 12 12 12 13 12 11 10 8 7 6 4 4 3 2 2 1 0 0 0 0 0 0 0 0 0 0 0 0 0 0 0 0 0 0 0 0 0 0 0 0 0 0 0 1 1 1 1 1 1 1 1 1 1 1 1 1 1 1 0 0 0 0 0 1 1 1 1 1 1 1 1 1 1 1 1 1 1 1 1 1 0 0 0 0 0 0 0 0 0
7 8 9 10 11 11 11 11 11 11 11 10 9 8 7 6 5 4 3 3 2 1 1 0 0 0 0 0 0 0 0 0 0 0 0 0 0 0 0 0 0 0 0 0 0 0 0 0 1 1 1 1 1 1 1 1 1 1 2 2 2 1 1 1 1 1 1 1 1 1 1 1 1 1 1 1 1 1 1 1 1 1 1 1 1 1 1 1 1 0 0 0 0 0 0 0
7 8 8 9 10 10 10 9 9 9 9 9 8 7 6 5 4 3 2 2 2 1 1 0 0 0 0 0 0 0 0 0 0 0 0 0 0 0 0 0 0 0 0 0 0 0 1 1 1 1 1 1 1 1 1 2 2 2 2 2 2 2 2 2 2 2 2 2 2 2 2 2 2 2 2 2 1 1 1 1 1 1 1 1 1 1 1 1 1 1 1 1 1 1 1 0
6 7 8 9 9 9 8 8 8 8 7 7 6 5 5 4 3 2 2 2 1 1 1 0 0 0 0 0 0 0 0 0 0 0 0 0 0 1 1 1 1 1 1 1 1 1 1 1 1 1 1 1 2 2 2 2 2 2 2 2 2 2 2 2 2 2 2 2 2 2 2 2 2 2 2 2 2 2 2 1 1 1 1 1 1 1 1 1 1 1 1 1 1 1 1 1
6 7 7 8 8 8 7 7 6 6 5 5 4 4 3 3 2 2 1 1 1 1 0 0 0 0 0 0 0 0 0 0 0 0 0 0 1 1 1 1 1 1 1 1 1 1 1 1 1 1 2 2 2 2 2 2 2 2 2 2 2 2 3 3 3 3 3 3 3 3 3 3 3 3 2 2 2 2 2 2 1 1 1 1 1 1 1 1 1 1 1 1 1 1 1 1
5 6 7 7 7 7 6 6 5 4 4 3 3 3 2 2 1 1 1 1 0 0 0 0 0 0 0 0 0 0 0 0 0 0 0 1 1 1 1 1 1 1 1 1 1 1 1 1 2 2 2 2 2 2 2 2 2 2 2 2 3 3 3 3 3 3 3 3 3 3 3 3 3 3 3 3 2 2 2 2 2 1 1 1 1 1 1 1 1 1 1 1 1 1 1 1
5 6 6 7 6 6 5 4 3 3 2 2 1 1 1 1 1 0 0 0 0 0 0 0 0 0 0 0 0 0 0 0 0 0 0 1 1 1 1 1 1 1 1 1 1 1 1 2 2 2 2 2 2 2 3 3 3 3 3 3 3 3 3 3 4 4 4 4 4 4 4 4 4 3 3 3 3 2 2 2 2 2 1 1 1 1 1 1 1 1 1 1 1 2 2 1
4 5 5 6 6 5 4 4 3 2 2 1 1 1 1 1 0 0 0 0 0 0 0 0 0 0 0 0 0 0 0 0 0 0 0 1 1 1 1 1 1 1 1 1 1 1 1 1 1 2 2 2 2 2 2 2 2 2 2 2 2 3 3 3 3 3 3 3 3 3 3 3 3 3 3 2 2 2 2 2 1 1 1 1 1 1 1 1 1 1 1 1 1 1 1 1
4 4 4 5 5 4 3 3 2 2 1 1 1 1 1 0 0 0 0 0 0 0 0 0 0 0 0 0 0 0 0 0 0 0 0 0 0 1 1 1 1 1 1 1 1 1 1 1 1 1 2 2 2 2 2 2 2 2 2 2 2 2 2 2 3 3 3 3 3 3 3 3 2 2 2 2 2 2 1 1 1 1 1 1 1 1 1 1 1 1 1 1 1 1 1 1
