pluvio/pluvio-67.asc
ncols         252
nrows         154
xllcorner     -18.017974
yllcorner     13.481982
cellsize      0.035948
NODATA_value  -9999
[rows 102 to 152 of 154, columns 0 to 95 of 252]
65535 65535 65535 65535 65535 65535 65535 72 72 72 72 72 72 72 72 72 72 72 72 72 72 72 72 72 72 72 71 71 71 71 70 70 70 70 70 70 72 73 75 77 79 80 82 84 86 87 89 91 93 94 95 96 96 97 98 99 100 100 101 102 103 104 104 105 106 107 108 109 110 111 112 113 114 115 116 117 118 118 118 118 118 118 118 118 118 117 117 117 117 117 117 116 115 113 112 111
65535 65535 65535 65535 65535 65535 65535 72 72 72 72 72 72 72 72 72 72 72 72 72 72 72 72 72 72 71 71 71 71 71 70 70 70 70 69 70 71 73 75 77 79 81 83 84 86 88 90 92 94 95 96 97 98 98 99 100 101 102 102 103 104 105 106 106 107 108 109 110 111 112 113 114 115 116 117 117 118 119 119 119 118 118 118 118 118 118 118 118 118 118 118 117 116 115 113 112
65535 65535 65535 65535 65535 65535 65535 72 72 72 72 72 72 72 72 72 72 72 72 72 72 72 72 72 72 71 71 71 71 70 70 70 70 69 69 69 71 73 75 77 79 81 83 85 87 89 91 93 95 96 97 98 99 100 100 101 102 103 104 104 105 106 107 108 108 109 110 111 112 113 114 114 115 116 117 118 119 119 119 119 119 119 119 119 119 119 119 119 119 118 118 118 117 116 115 114
65535 65535 65535 65535 65535 65535 65535 88 87 86 85 84 83 81 80 79 78 77 76 75 74 73 73 73 72 72 72 71 71 71 70 70 70 70 69 69 71 73 75 77 79 81 83 85 87 89 91 93 95 96 97 98 99 99 100 101 102 102 103 104 105 106 106 107 108 109 110 111 111 112 113 114 115 116 117 117 118 119 119 119 119 119 119 119 119 119 119 119 119 119 119 118 118 117 116 115
65535 65535 65535 65535 65535 65535 65535 88 87 86 85 84 83 82 81 80 79 78 77 76 75 74 74 74 73 73 72 72 72 71 71 71 70 70 70 70 72 74 75 77 79 81 83 85 87 88 90 92 94 95 96 97 98 98 99 100 101 101 102 103 104 104 105 106 107 108 109 110 110 111 112 113 114 115 116 117 117 118 118 118 118 118 118 119 119 119 119 119 119 119 119 119 118 118 117 116
65535 65535 65535 65535 65535 65535 65535 88 87 86 85 84 83 82 82 81 80 79 78 77 76 75 75 75 74 74 73 73 72 72 72 71 71 70 70 70 72 74 75 77 79 81 83 84 86 88 90 91 93 95 95 96 97 98 98 99 100 100 101 102 103 103 104 105 106 107 108 109 109 110 111 112 113 114 115 116 117 117 117 117 118 118 118 118 119 119 119 119 119 120 120 120 119 119 118 118
65535 65535 65535 65535 65535 65535 65535 88 87 86 85 85 84 83 82 81 80 80 79 78 77 76 76 76 75 75 74 74 73 73 72 72 71 71 70 70 72 74 76 77 79 81 82 84 86 87 89 91 92 94 95 95 96 97 97 98 99 99 100 101 102 102 103 104 105 106 107 107 108 109 110 111 112 113 114 115 116 116 117 117 117 117 118 118 118 119 119 119 120 120 120 120 120 119 119 119
65535 65535 65535 65535 65535 65535 65535 88 87 86 86 85 84 83 83 82 81 80 80 79 78 78 77 77 76 75 75 74 74 73 73 72 72 71 71 71 72 74 76 77 79 80 82 84 85 87 88 90 92 93 94 94 95 96 96 97 98 98 99 100 101 101 102 103 104 105 105 106 107 108 109 110 111 112 113 114 115 115 116 116 117 117 117 118 118 119 119 119 120 120 121 121 120 120 120 120
65535 65535 65535 65535 65535 65535 65535 88 87 87 86 85 85 84 83 83 82 81 81 80 79 79 78 78 77 76 76 75 75 74 74 73 72 72 71 71 73 74 76 77 79 80 82 83 85 86 88 89 91 92 93 93 94 95 95 96 97 97 98 99 100 100 101 102 103 104 104 105 106 107 108 109 110 111 112 113 114 115 115 116 116 117 117 118 118 119 119 120 120 121 121 121 121 121 121 121
65535 65535 65535 65535 65535 65535 65535 88 87 87 86 86 85 84 84 83 83 82 81 81 80 80 79 79 78 77 77 76 75 75 74 74 73 72 72 72 73 74 76 77 79 80 82 83 84 86 87 89 90 91 92 93 93 94 95 95 96 96 97 98 98 99 100 101 101 102 103 104 105 106 107 108 109 110 111 112 113 114 114 115 115 116 117 117 118 118 119 120 120 121 121 122 122 122 122 122
65535 65535 65535 65535 65535 65535 65535 88 87 87 86 86 85 85 84 84 83 83 82 82 81 81 80 80 79 78 77 77 76 75 75 74 73 73 72 72 73 75 76 77 79 80 81 83 84 85 87 88 89 90 91 92 92 93 94 94 95 95 96 97 97 98 99 99 100 101 102 103 104 105 106 107 108 109 110 111 112 113 113 114 115 116 116 117 118 118 119 120 120 121 122 122 123 123 123 123
65535 65535 65535 65535 65535 65535 65535 88 87 87 87 86 86 85 85 85 84 84 83 83 82 82 81 81 80 79 78 78 77 76 75 75 74 73 72 72 73 75 76 77 78 80 81 82 84 85 86 87 89 90 90 91 91 92 93 93 94 94 95 96 96 97 98 98 99 100 101 102 103 104 105 106 107 108 109 110 111 112 113 114 114 115 116 117 118 118 119 120 121 122 122 123 123 124 124 125
65535 65535 65535 65535 65535 65535 65535 88 88 87 87 87 86 86 85 85 85 84 84 84 83 83 82 81 81 80 79 78 78 77 76 75 74 74 73 73 74 75 76 77 78 80 81 82 83 84 85 87 88 89 89 90 91 91 92 92 93 93 94 95 95 96 96 97 98 99 100 101 102 103 104 105 106 107 108 109 110 111 112 113 114 115 116 116 117 118 119 120 121 122 123 123 124 125 125 126
65535 65535 65535 65535 65535 65535 65535 88 88 87 87 87 87 86 86 86 86 85 85 85 85 84 83 82 82 81 80 79 78 77 77 76 75 74 73 73 74 75 76 77 78 79 80 82 83 84 85 86 87 88 88 89 90 90 91 91 92 92 93 94 94 95 95 96 97 98 99 100 101 102 103 104 105 106 107 108 109 110 111 112 113 114 115 116 117 118 119 120 121 122 123 124 125 126 126 127
65535 65535 65535 65535 65535 65535 65535 88 88 88 87 87 87 87 87 86 86 86 86 86 86 85 84 83 83 82 81 80 79 78 77 76 75 75 74 73 74 75 76 77 78 79 80 81 82 83 84 85 86 87 88 88 89 89 90 90 91 92 92 93 93 94 94 95 96 97 98 99 100 101 102 103 104 105 106 107 108 109 110 112 113 114 115 116 117 118 119 120 121 122 124 125 125 126 127 128
65535 65535 65535 65535 65535 65535 65535 88 88 88 88 87 87 87 87 87 87 87 87 87 87 86 85 84 84 83 82 81 80 79 78 77 76 75 74 74 74 75 76 77 78 79 80 81 82 83 84 85 85 86 87 87 88 88 89 89 90 91 91 92 92 93 93 94 95 96 97 98 99 100 101 102 103 104 105 106 107 109 110 111 112 113 114 116 117 118 119 120 122 123 124 125 126 127 128 129
65535 65535 65535 65535 65535 65535 65535 88 88 88 88 88 88 88 88 88 88 88 88 88 88 87 86 85 84 83 82 81 80 79 78 78 77 76 75 74 75 76 76 77 78 79 80 81 81 82 83 84 85 85 86 86 87 87 88 88 89 90 90 91 91 92 92 93 94 95 96 97 98 99 100 101 102 103 104 105 106 108 109 110 112 113 114 115 117 118 119 121 122 123 124 126 127 128 129 131
65535 65535 65535 65535 65535 65535 65535 88 88 88 88 88 88 88 87 87 87 87 87 87 87 87 86 85 84 83 83 82 81 80 79 78 77 76 75 75 76 76 77 78 79 80 80 81 82 83 84 85 85 86 87 87 87 88 88 89 89 90 90 91 91 92 92 93 94 95 96 97 98 99 100 102 103 104 105 106 107 108 110 111 113 114 116 117 119 120 122 124 125 127 128 129 131 132 133 134
65535 65535 65535 65535 65535 65535 65535 88 88 88 87 87 87 87 87 87 87 87 87 86 86 86 85 85 84 83 82 82 81 80 79 78 78 77 76 76 77 77 78 79 80 81 82 82 83 84 85 86 86 87 88 88 88 89 89 90 90 90 91 91 92 92 93 93 94 96 97 98 99 100 101 102 103 105 106 107 108 109 111 113 115 117 118 120 122 124 126 127 129 131 133 134 135 136 138 139
65535 65535 65535 65535 65535 65535 65535 88 88 87 87 87 87 87 87 86 86 86 86 86 85 85 85 84 83 83 82 81 81 80 80 79 78 78 77 77 78 79 79 80 81 82 83 83 84 85 86 87 88 88 89 89 89 90 90 90 91 91 92 92 92 93 93 94 95 96 97 98 100 101 102 103 104 105 107 108 109 111 113 115 117 119 121 123 125 127 129 131 133 135 137 139 140 141 142 143
65535 65535 65535 65535 65535 65535 65535 88 88 87 87 87 87 86 86 86 86 85 85 85 84 84 84 83 83 82 82 81 81 80 80 79 79 79 78 78 79 80 80 81 82 83 84 85 85 86 87 88 89 89 90 90 90 91 91 91 92 92 92 92 93 93 93 94 95 97 98 99 100 101 103 104 105 106 107 109 110 112 114 116 119 121 123 126 128 130 133 135 137 140 142 143 144 145 146 148
65535 65535 65535 65535 65535 65535 65535 88 88 87 87 87 86 86 86 85 85 85 84 84 84 83 83 83 82 82 82 81 81 81 80 80 80 79 79 79 80 81 81 82 83 84 85 86 86 87 88 89 90 90 91 91 91 91 92 92 92 93 93 93 93 94 94 95 96 97 98 100 101 102 103 105 106 107 108 110 111 113 115 118 120 123 126 128 131 133 136 139 141 144 147 148 149 150 151 152
65535 65535 65535 65535 65535 65535 65535 88 87 87 87 86 86 85 85 85 84 84 83 83 83 82 82 82 82 82 81 81 81 81 81 80 80 80 80 80 81 82 82 83 84 85 86 87 88 88 89 90 91 91 92 92 92 92 93 93 93 93 93 94 94 94 94 95 96 98 99 100 101 103 104 105 107 108 109 110 112 114 117 120 122 125 128 131 134 137 140 142 145 148 151 153 154 155 155 156
65535 65535 65535 65535 65535 65535 65535 88 87 87 86 86 86 85 85 84 84 83 83 82 82 81 81 81 81 81 81 81 81 81 81 81 81 81 81 81 82 83 84 84 85 86 87 88 89 89 90 91 92 93 93 93 93 93 93 94 94 94 94 94 94 95 95 95 97 98 99 101 102 103 105 106 107 109 110 111 113 115 118 121 124 127 131 134 137 140 143 146 149 153 156 157 158 159 160 161
65535 65535 65535 65535 65535 65535 65535 88 87 87 86 86 85 85 84 84 83 82 82 81 81 80 81 81 81 81 81 81 81 81 81 81 82 82 82 82 83 84 85 85 86 87 88 89 90 91 91 92 93 94 94 94 94 94 94 94 94 95 95 95 95 95 95 96 97 98 100 101 103 104 105 107 108 109 111 112 114 116 119 123 126 130 133 136 140 143 147 150 153 157 160 162 163 164 164 165
65535 65535 65535 65535 65535 65535 65535 88 87 87 86 85 85 84 84 83 82 82 81 81 80 79 80 80 80 80 81 81 81 81 82 82 82 82 83 83 84 85 86 86 87 88 89 90 91 92 92 93 94 95 95 95 95 95 95 95 95 95 95 95 95 95 96 96 98 99 100 102 103 105 106 107 109 110 112 113 115 117 121 124 128 132 135 139 143 147 150 154 158 161 165 167 168 168 169 170
65535 65535 65535 65535 65535 65535 65535 88 87 86 86 85 84 84 83 82 82 81 80 80 79 79 79 79 80 80 80 81 81 82 82 82 83 83 84 84 85 86 87 88 88 89 90 91 92 93 94 94 95 96 96 96 96 96 96 96 96 96 96 96 96 96 96 97 98 99 101 102 104 105 107 108 110 111 113 114 115 118 122 126 130 134 138 142 146 150 154 158 162 166 170 172 172 173 173 174
65535 65535 65535 65535 65535 65535 65535 88 87 86 86 85 84 83 83 82 81 80 80 79 78 78 78 79 79 80 80 81 81 82 82 83 83 84 85 85 86 87 88 89 89 90 91 92 93 94 95 96 96 97 97 97 97 97 97 97 97 97 97 97 96 96 96 97 98 100 101 103 104 106 107 109 110 112 113 115 116 119 123 128 132 136 140 145 149 153 157 161 166 170 174 176 177 177 178 178
65535 65535 65535 65535 65535 65535 65535 88 87 86 85 85 84 83 82 81 80 80 79 78 77 77 77 78 79 79 80 81 81 82 83 83 84 85 85 86 87 88 89 90 91 91 92 93 94 95 96 97 97 98 98 98 98 98 98 97 97 97 97 97 97 97 97 97 99 100 102 104 105 107 108 110 111 113 114 116 117 120 125 129 134 138 143 147 152 156 161 165 170 174 179 181 181 182 182 183
65535 65535 65535 65535 65535 65535 65535 88 87 86 85 84 83 83 82 81 80 79 78 77 76 76 77 77 78 79 80 81 81 82 83 84 85 86 86 87 88 89 90 91 92 92 93 94 95 96 97 98 99 99 99 99 99 99 98 98 98 98 98 98 98 97 97 98 99 101 103 104 106 107 109 110 112 114 115 117 118 121 126 131 136 140 145 150 155 160 164 169 174 179 183 186 186 186 187 187
65535 65535 65535 65535 65535 65535 65535 88 87 86 85 84 83 82 81 80 79 78 77 76 75 75 76 77 78 79 80 81 81 82 83 84 85 86 87 88 89 90 91 92 93 94 94 95 96 97 98 99 100 100 100 100 100 99 99 99 99 99 98 98 98 98 98 98 100 101 103 105 106 108 110 111 113 114 116 118 119 123 128 133 138 143 148 153 158 163 168 173 178 183 188 190 191 191 191 192
65535 65535 65535 65535 65535 65535 65535 74 74 74 74 74 74 74 74 74 74 74 74 74 74 77 78 79 80 81 82 83 84 85 86 87 88 88 89 90 91 92 93 94 95 95 96 97 98 99 100 100 101 102 102 101 101 101 101 101 100 100 100 100 100 99 99 100 102 103 105 107 108 110 112 113 115 117 119 120 122 125 130 135 140 145 150 156 161 166 171 176 181 186 191 193 193 194 194 194
65535 65535 65535 65535 65535 65535 65535 74 74 74 74 74 74 74 74 74 74 74 74 74 74 81 81 82 83 84 85 86 87 87 88 89 90 91 92 92 93 94 95 96 97 97 98 99 100 101 101 102 103 104 103 103 103 103 103 102 102 102 102 102 101 101 101 102 103 105 107 109 111 112 114 116 118 120 121 123 125 128 133 138 143 148 153 158 163 168 173 178 183 188 193 195 196 196 196 196
65535 65535 65535 65535 65535 65535 65535 74 74 74 74 74 74 74 74 74 74 74 74 74 74 84 85 85 86 87 88 88 89 90 91 92 92 93 94 95 95 96 97 98 99 99 100 101 102 102 103 104 105 105 105 105 105 104 104 104 104 104 104 103 103 103 103 103 105 107 109 111 113 115 117 119 120 122 124 126 128 131 136 141 146 151 156 161 166 171 176 181 186 191 196 198 198 198 198 198
65535 65535 65535 65535 65535 65535 65535 74 74 74 74 74 74 74 74 74 74 74 74 74 74 87 88 88 89 90 90 91 92 93 93 94 95 95 96 97 98 98 99 100 101 101 102 103 103 104 105 106 106 107 107 107 106 106 106 106 106 105 105 105 105 105 105 105 107 109 111 113 115 117 119 121 123 125 127 129 131 134 139 144 149 154 159 164 169 174 179 184 188 193 198 200 200 200 200 201
65535 65535 65535 65535 65535 65535 65535 74 74 74 74 74 74 74 74 74 74 74 74 74 74 90 91 91 92 93 93 94 95 95 96 96 97 98 98 99 100 100 101 102 103 103 104 105 105 106 107 107 108 109 108 108 108 108 108 108 107 107 107 107 107 107 106 107 109 111 113 115 117 120 122 124 126 128 130 132 134 137 142 147 152 157 162 167 172 176 181 186 191 196 201 203 203 203 203 203
65535 65535 65535 65535 65535 65535 65535 74 74 74 74 74 74 74 74 74 74 74 74 74 74 93 94 94 95 96 96 97 97 98 98 99 100 100 101 101 102 103 103 104 105 105 106 107 107 108 108 109 110 110 110 110 110 110 109 109 109 109 109 109 108 108 108 109 111 113 115 118 120 122 124 126 128 131 133 135 137 141 145 150 155 160 165 170 174 179 184 189 194 198 203 205 205 205 205 205
65535 65535 65535 65535 65535 65535 65535 74 74 74 74 74 74 74 74 74 74 74 74 74 74 96 97 97 98 98 99 99 100 100 101 101 102 102 103 103 104 105 105 106 107 107 108 108 109 110 110 111 112 112 112 112 111 111 111 111 111 111 111 110 110 110 110 111 113 115 118 120 122 124 127 129 131 133 136 138 140 144 148 153 158 163 168 172 177 182 187 191 196 201 206 208 207 207 207 207
65535 65535 65535 65535 65535 65535 65535 74 74 74 74 74 74 74 74 74 74 74 74 74 74 100 100 100 101 101 102 102 103 103 103 104 104 105 105 106 106 107 107 108 109 109 110 110 111 111 112 113 113 114 113 113 113 113 113 113 113 112 112 112 112 112 112 113 115 117 120 122 124 127 129 131 134 136 138 141 143 147 151 156 161 166 170 175 180 185 189 194 199 204 208 210 210 210 209 209
65535 65535 65535 65535 65535 65535 65535 74 74 74 74 74 74 74 74 74 74 74 74 74 74 103 103 104 104 104 105 105 105 106 106 106 107 107 107 108 108 109 109 110 111 111 112 112 113 113 114 114 115 115 115 115 115 115 115 114 114 114 114 114 114 114 113 114 117 119 122 124 127 129 131 134 136 139 141 144 146 150 154 159 164 168 173 178 183 187 192 197 201 206 211 213 212 212 211 211
65535 65535 65535 65535 65535 65535 65535 74 74 74 74 74 74 74 74 74 74 74 74 74 74 106 106 107 107 107 107 108 108 108 109 109 109 109 110 110 111 111 112 112 113 113 114 114 115 115 116 116 117 117 117 117 117 116 116 116 116 116 116 116 116 115 115 116 119 121 124 126 129 131 134 136 139 142 144 147 149 153 157 162 167 171 176 181 185 190 195 199 204 209 213 215 215 214 214 213
65535 65535 65535 65535 65535 65535 65535 74 74 74 74 74 74 74 74 74 74 74 74 74 74 109 109 110 110 110 110 110 111 111 111 111 112 112 112 112 113 113 114 114 115 115 116 116 116 117 117 118 118 119 118 118 118 118 118 118 118 118 118 117 117 117 117 118 121 123 126 129 131 134 136 139 142 144 147 150 152 156 160 165 170 174 179 184 188 193 197 202 207 211 216 217 217 216 216 215
65535 65535 65535 65535 65535 65535 65535 74 74 74 74 74 74 74 74 74 74 74 74 74 74 112 113 113 113 113 113 113 113 114 114 114 114 114 114 114 115 115 116 116 117 117 117 118 118 119 119 120 120 120 120 120 120 120 120 120 119 119 119 119 119 119 119 120 123 125 128 131 133 136 139 142 144 147 150 152 155 159 163 168 173 177 182 186 191 195 200 205 209 214 218 220 219 219 218 217
65535 65535 65535 65535 65535 65535 65535 74 74 74 74 74 74 74 74 74 74 74 74 74 74 116 116 116 116 116 116 116 116 116 116 116 116 116 117 117 117 117 118 118 119 119 119 120 120 121 121 121 122 122 122 122 122 122 121 121 121 121 121 121 121 121 121 122 125 127 130 133 136 139 141 144 147 150 153 155 158 162 166 171 175 180 185 189 194 198 203 207 212 216 221 222 222 221 220 220
65535 65535 65535 65535 65535 65535 65535 74 74 74 74 74 74 74 74 74 74 74 74 74 74 119 119 119 119 119 119 119 119 119 119 119 119 119 119 119 119 120 120 120 121 121 121 122 122 122 123 123 123 124 124 123 123 123 123 123 123 123 123 123 123 122 122 124 126 129 132 135 138 141 144 147 150 153 155 158 161 165 169 174 178 183 187 192 196 201 205 210 214 219 223 225 224 223 222 222
65535 65535 65535 65535 65535 65535 65535 65535 65535 65535 65535 65535 65535 65535 65535 65535 65535 65535 65535 65535 65535 157 155 152 150 147 144 142 139 137 134 131 129 126 124 122 122 122 123 123 124 124 125 125 125 126 126 127 127 127 127 127 127 127 127 127 127 127 127 127 127 127 126 128 130 133 136 139 142 145 147 150 153 156 159 162 164 168 172 177 181 185 190 194 198 203 207 211 216 220 224 226 225 224 223 222
65535 65535 65535 65535 65535 65535 65535 65535 65535 65535 65535 65535 65535 65535 65535 65535 65535 65535 65535 65535 65535 157 155 153 150 148 145 143 141 138 136 133 131 129 126 124 125 125 126 126 127 127 128 128 129 129 130 130 131 131 131 131 131 131 131 131 131 131 131 131 131 131 131 132 134 137 140 143 145 148 151 154 157 159 162 165 168 171 175 179 184 188 192 196 200 204 209 213 217 221 225 227 226 225 224 223
65535 65535 65535 65535 65535 65535 65535 65535 65535 65535 65535 65535 65535 65535 65535 65535 65535 65535 65535 65535 65535 158 155 153 151 149 146 144 142 140 138 135 133 131 129 127 128 128 129 130 130 131 131 132 132 133 134 134 135 135 135 135 135 135 135 135 135 135 135 135 135 135 135 136 139 141 144 147 149 152 155 157 160 163 165 168 171 174 178 182 186 190 194 198 202 206 210 214 218 222 226 227 226 225 224 223
65535 65535 65535 65535 65535 65535 65535 65535 65535 65535 65535 65535 65535 65535 65535 65535 65535 65535 65535 65535 65535 158 156 154 152 150 148 146 144 142 140 138 136 133 131 130 131 131 132 133 133 134 135 135 136 137 137 138 138 139 139 139 139 139 139 139 139 139 139 139 139 139 139 140 143 145 148 150 153 156 158 161 163 166 169 171 174 177 181 185 189 193 196 200 204 208 212 216 220 224 227 228 227 226 225 224
65535 65535 65535 65535 65535 65535 65535 65535 65535 65535 65535 65535 65535 65535 65535 65535 65535 65535 65535 65535 65535 158 156 154 152 150 149 147 145 143 141 140 138 136 134 133 134 134 135 136 137 137 138 139 139 140 141 142 142 143 143 143 143 143 143 143 143 143 143 143 143 143 143 144 147 149 152 154 157 159 162 164 167 169 172 174 177 180 184 188 191 195 199 202 206 210 214 217 221 225 228 229 228 227 225 224
65535 65535 65535 65535 65535 65535 65535 65535 65535 65535 65535 65535 65535 65535 65535 65535 65535 65535 65535 65535 65535 158 156 154 153 151 150 148 146 145 143 142 140 138 137 136 137 137 138 139 140 141 141 142 143 144 144 145 146 147 147 147 147 147 147 147 147 147 147 147 147 147 147 148 151 153 156 158 161 163 165 168 170 173 175 178 180 183 187 190 194 197 201 204 208 212 215 219 222 226 229 230 229 227 226 225
