pluvio/pluvio-67.asc
ncols         252
nrows         154
xllcorner     -18.017974
yllcorner     13.481982
cellsize      0.035948
NODATA_value  -9999
[rows 51 to 101 of 154, columns 96 to 191 of 252]
14 14 14 14 14 14 14 14 14 14 14 14 14 14 13 13 13 13 13 13 13 13 13 13 13 13 12 12 12 12 12 12 12 12 12 12 12 12 12 12 12 12 12 12 12 12 12 12 12 12 12 12 12 12 12 12 12 12 12 12 12 12 12 12 12 12 13 13 13 13 13 13 13 13 13 14 14 14 14 14 15 15 15 15 16 16 16 17 17 17 17 18 18 20 21 22
15 15 15 15 15 15 15 15 15 15 15 15 15 15 14 14 14 14 14 14 14 14 14 14 14 13 13 13 13 13 13 13 13 13 13 13 13 13 13 13 13 13 13 13 13 13 13 13 13 13 13 13 13 13 13 13 13 13 14 14 14 14 14 14 14 14 14 14 14 14 15 15 15 15 15 15 15 15 15 16 16 16 16 17 17 17 18 18 18 18 19 19 19 21 22 23
16 16 16 16 16 16 16 16 16 16 16 16 16 16 16 15 15 15 15 15 15 15 15 14 14 14 14 14 14 14 14 14 14 14 14 14 14 14 14 14 14 14 14 14 14 14 14 14 14 14 14 14 14 14 15 15 15 15 15 15 15 15 16 16 16 16 16 16 16 16 16 16 16 16 16 16 17 17 17 17 17 17 18 18 18 18 19 19 19 19 20 20 20 22 23 24
17 17 17 17 17 17 17 17 17 17 17 17 17 17 17 16 16 16 16 16 16 16 15 15 15 15 15 15 15 15 15 15 15 15 15 15 15 15 15 15 15 15 15 15 15 15 15 15 15 15 15 16 16 16 16 16 16 16 17 17 17 17 17 17 17 17 18 18 18 18 18 18 18 18 18 18 18 18 18 18 19 19 19 19 19 20 20 20 20 21 21 21 22 23 24 25
19 19 19 19 19 19 19 19 19 18 18 18 18 18 18 17 17 17 17 17 17 16 16 16 16 16 16 16 16 16 16 16 16 16 16 16 16 16 16 16 16 16 16 16 16 16 16 16 16 17 17 17 17 17 17 17 18 18 18 18 18 19 19 19 19 19 19 19 19 19 19 19 19 19 19 19 19 19 19 20 20 20 20 20 21 21 21 21 22 22 22 22 23 24 25 26
20 20 20 20 20 20 20 20 20 20 19 19 19 19 19 18 18 18 18 18 18 17 17 17 17 17 17 17 17 17 17 17 17 17 17 17 17 17 17 17 17 17 17 17 17 18 18 18 18 18 18 18 18 18 19 19 19 19 20 20 20 20 20 21 21 21 21 21 21 21 21 21 21 21 21 21 21 21 21 21 21 21 22 22 22 22 22 23 23 23 23 23 24 25 26 27
21 21 21 21 21 21 21 21 21 21 20 20 20 20 20 19 19 19 19 19 18 18 18 18 18 18 18 18 18 18 18 18 18 18 18 18 18 18 18 18 18 18 18 19 19 19 19 19 19 19 19 19 20 20 20 20 21 21 21 21 22 22 22 22 23 23 22 22 22 22 22 22 22 22 22 22 22 22 22 22 22 23 23 23 23 23 24 24 24 24 24 24 25 26 27 28
22 22 22 22 22 22 22 22 22 22 22 21 21 21 21 20 20 20 20 20 19 19 19 19 19 19 19 19 19 19 19 19 19 19 19 19 19 19 19 19 19 20 20 20 20 20 20 20 20 20 20 21 21 21 21 22 22 22 23 23 23 23 24 24 24 24 24 24 24 24 24 24 24 24 24 24 24 24 23 24 24 24 24 24 24 25 25 25 25 25 25 26 26 27 28 29
23 23 23 23 23 23 23 23 23 23 23 22 22 22 22 21 21 21 21 21 20 20 20 20 20 20 20 20 20 20 20 20 20 20 20 20 20 20 20 20 21 21 21 21 21 21 21 21 21 21 21 22 22 22 23 23 23 24 24 24 25 25 25 26 26 26 26 26 26 26 25 25 25 25 25 25 25 25 25 25 25 25 25 26 26 26 26 26 26 26 27 27 27 28 29 30
25 24 24 24 24 24 24 24 24 24 24 24 23 23 23 22 22 22 22 21 21 21 21 21 21 21 21 21 21 21 21 21 21 21 21 21 21 21 21 22 22 22 22 22 22 22 22 22 22 23 23 23 23 24 24 24 25 25 26 26 26 27 27 27 28 28 27 27 27 27 27 27 27 27 27 26 26 26 26 26 26 27 27 27 27 27 27 27 27 28 28 28 28 29 30 31
26 26 26 26 26 26 25 25 25 25 25 25 24 24 24 24 23 23 23 22 22 22 22 22 22 22 22 22 22 22 22 22 22 22 22 22 22 22 23 23 23 23 23 23 23 23 23 24 24 24 24 24 25 25 25 26 26 27 27 27 28 28 29 29 29 29 29 29 29 29 29 28 28 28 28 28 28 28 28 28 28 28 28 28 28 28 28 28 29 29 29 29 29 30 31 32
27 27 27 27 27 27 27 27 27 26 26 26 25 25 25 25 24 24 24 23 23 23 22 22 22 23 23 23 23 23 23 23 23 23 23 23 23 24 24 24 24 24 24 24 24 24 25 25 25 25 25 25 26 26 27 27 28 28 28 29 29 30 30 31 31 31 31 31 30 30 30 30 30 30 30 29 29 29 29 29 29 29 29 29 29 29 30 30 30 30 30 30 30 31 32 33
28 28 28 28 28 28 27 27 27 27 27 26 26 26 26 25 25 25 24 24 24 23 23 23 23 23 23 24 24 24 24 24 24 24 24 24 24 25 25 25 25 25 25 25 26 26 26 26 26 26 26 27 27 28 28 29 29 30 30 31 31 31 32 32 33 33 33 32 32 32 32 32 32 32 31 31 31 31 31 31 31 31 31 31 31 31 31 31 31 31 31 32 32 33 33 34
29 28 28 28 28 28 28 28 27 27 27 27 26 26 26 26 25 25 25 25 24 24 24 24 24 24 24 24 24 24 25 25 25 25 25 25 25 25 26 26 26 26 26 27 27 27 27 27 27 28 28 28 29 29 30 30 31 31 32 32 33 33 34 34 35 35 35 35 34 34 34 34 34 34 34 34 34 33 33 33 33 33 34 34 34 34 34 34 34 34 34 34 34 35 35 36
29 29 29 29 28 28 28 28 28 27 27 27 27 26 26 26 26 25 25 25 25 24 24 24 24 25 25 25 25 25 25 25 26 26 26 26 26 26 27 27 27 27 28 28 28 28 28 29 29 29 29 30 30 31 31 32 33 33 34 34 35 35 36 36 37 37 37 37 37 37 37 36 36 36 36 36 36 36 36 36 36 36 36 36 36 36 36 36 36 36 36 36 36 37 37 38
30 30 29 29 29 29 28 28 28 28 27 27 27 27 26 26 26 26 26 25 25 25 25 25 25 25 25 26 26 26 26 26 26 27 27 27 27 27 28 28 28 28 29 29 29 29 30 30 30 31 31 31 32 33 33 34 34 35 35 36 37 37 38 38 39 39 39 39 39 39 39 39 39 39 39 39 39 39 39 39 39 38 38 38 38 38 38 38 38 38 38 38 38 39 39 40
31 30 30 30 29 29 29 28 28 28 28 27 27 27 27 27 26 26 26 26 26 25 25 25 26 26 26 26 26 27 27 27 27 27 28 28 28 28 29 29 29 30 30 30 30 31 31 31 32 32 32 33 33 34 35 35 36 37 37 38 38 39 40 40 41 41 41 41 41 41 41 41 41 41 41 41 41 41 41 41 41 41 41 41 41 41 41 41 41 40 40 40 40 41 41 42
31 31 30 30 30 29 29 29 28 28 28 28 27 27 27 27 27 27 26 26 26 26 26 26 26 26 27 27 27 27 28 28 28 28 28 29 29 29 30 30 30 31 31 31 32 32 32 33 33 33 34 34 35 36 36 37 38 38 39 40 40 41 42 42 43 43 43 43 43 43 43 43 43 44 44 44 44 44 44 44 44 44 43 43 43 43 43 43 43 43 43 43 43 43 43 44
32 31 31 31 30 30 29 29 28 28 28 28 28 28 27 27 27 27 27 27 27 26 26 27 27 27 27 28 28 28 28 29 29 29 29 30 30 30 31 31 31 32 32 32 33 33 34 34 34 35 35 36 37 37 38 39 39 40 41 41 42 43 44 44 45 45 45 45 45 46 46 46 46 46 46 46 46 46 46 46 46 46 46 46 46 45 45 45 45 45 45 45 45 45 45 46
33 32 32 31 31 30 30 29 29 28 28 28 28 28 28 28 28 27 27 27 27 27 27 27 27 28 28 28 28 29 29 29 30 30 30 30 31 31 32 32 32 33 33 34 34 34 35 35 36 36 37 37 38 39 40 40 41 42 43 43 44 45 46 46 47 47 47 47 48 48 48 48 48 48 48 49 49 49 49 49 49 49 48 48 48 48 48 48 47 47 47 47 47 47 48 48
33 33 32 32 31 30 30 29 29 28 28 28 28 28 28 28 28 28 28 28 28 28 27 28 28 28 29 29 29 29 30 30 30 31 31 31 32 32 33 33 33 34 34 35 35 36 36 37 37 38 38 39 40 40 41 42 43 44 44 45 46 47 47 48 49 49 49 50 50 50 50 50 51 51 51 51 51 51 52 51 51 51 51 51 50 50 50 50 50 49 49 49 49 49 50 50
34 33 33 32 31 31 30 29 29 29 29 29 28 28 28 28 28 28 28 28 28 28 28 28 29 29 29 30 30 30 31 31 31 32 32 32 33 33 33 34 35 35 36 36 37 37 38 38 39 39 40 40 41 42 43 44 44 45 46 47 48 49 49 50 51 51 52 52 52 52 52 53 53 53 53 54 54 54 54 54 54 54 53 53 53 53 52 52 52 52 52 51 51 51 52 52
35 34 33 32 32 31 30 30 29 29 29 29 29 29 29 29 29 29 29 29 29 29 29 29 29 29 30 30 31 31 31 32 32 32 33 33 33 34 34 35 36 36 37 37 38 38 39 39 40 40 41 42 43 44 44 45 46 47 48 49 50 51 51 52 53 53 54 54 54 54 55 55 55 56 56 56 56 57 57 57 56 56 56 56 55 55 55 55 54 54 54 53 53 53 54 54
35 34 34 33 32 31 31 30 29 29 29 29 29 29 29 29 29 29 29 29 29 29 29 29 30 30 30 31 31 32 32 32 33 33 34 34 34 35 35 36 37 37 38 38 39 40 40 41 41 42 42 43 44 45 46 47 48 49 50 51 52 52 53 54 55 55 56 56 56 57 57 57 58 58 58 59 59 59 59 59 59 59 58 58 58 57 57 57 57 56 56 56 55 56 56 56
36 35 34 33 33 32 31 30 29 29 29 29 29 29 29 29 29 29 29 29 30 30 30 30 30 31 31 32 32 32 33 33 34 34 34 35 35 36 36 37 38 38 39 40 40 41 41 42 43 43 44 45 46 47 48 49 50 51 51 52 53 54 55 56 57 57 58 58 59 59 59 60 60 60 61 61 61 62 62 62 61 61 61 60 60 60 59 59 59 59 58 58 58 58 58 58
37 36 35 34 33 32 31 30 30 29 29 29 29 30 30 30 30 30 30 30 30 30 30 30 31 31 32 32 33 33 34 34 34 35 35 36 36 37 37 38 39 39 40 41 41 42 43 43 44 45 45 46 47 48 49 50 51 52 53 54 55 56 57 58 59 60 60 60 61 61 62 62 62 63 63 64 64 64 65 64 64 64 63 63 63 62 62 61 61 61 60 60 60 60 60 59
39 38 37 36 35 34 33 32 31 30 30 31 31 31 31 31 31 31 31 31 31 31 31 32 32 32 33 33 34 34 35 35 36 36 37 37 37 38 39 40 40 41 42 42 43 44 45 45 46 47 47 48 49 50 51 52 53 54 55 56 57 58 59 60 61 62 62 63 63 64 64 64 65 65 66 66 67 67 67 67 67 66 66 66 65 65 64 64 64 63 63 63 62 62 62 62
42 41 40 39 38 36 35 34 33 32 33 33 33 33 33 33 33 33 33 33 33 33 33 33 34 34 35 35 36 36 36 37 37 38 38 39 39 40 41 42 42 43 44 45 45 46 47 48 49 49 50 51 52 53 54 55 56 57 58 59 60 61 62 63 64 65 65 65 66 66 67 67 68 68 69 69 70 70 70 70 70 69 69 68 68 68 67 67 67 66 66 65 65 65 64 64
46 45 43 42 41 39 38 36 35 35 35 35 35 35 35 35 35 35 35 34 34 34 34 35 35 36 36 37 37 38 38 39 39 40 40 40 41 42 43 43 44 45 46 47 48 49 49 50 51 52 53 54 55 56 57 58 59 60 61 62 63 64 65 66 67 67 68 68 69 69 70 70 71 71 72 72 72 73 73 73 73 72 72 71 71 71 70 70 69 69 69 68 68 67 67 67
50 48 47 45 44 42 40 39 37 37 37 37 37 36 36 36 36 36 36 36 36 36 36 36 37 37 38 38 39 39 40 40 41 41 42 42 43 44 44 45 46 47 48 49 50 51 52 53 54 55 55 56 57 58 59 60 61 62 63 64 65 66 67 68 69 70 70 71 71 72 72 73 73 74 74 75 75 76 76 76 75 75 75 74 74 73 73 73 72 72 71 71 71 70 70 69
54 52 50 48 46 45 43 41 39 39 39 39 38 38 38 38 38 38 38 38 38 38 38 38 39 39 40 40 41 41 42 42 43 43 44 44 44 45 46 47 48 49 50 51 52 53 54 55 56 57 58 59 60 61 62 63 64 65 66 67 68 69 70 71 72 73 73 74 74 75 75 76 76 77 77 78 78 79 79 79 78 78 78 77 77 76 76 76 75 75 74 74 73 73 72 72
57 55 53 51 49 47 45 43 41 41 41 41 40 40 40 40 40 40 40 40 40 40 39 40 40 41 41 42 42 43 43 44 44 45 45 46 46 47 48 49 50 51 52 53 55 56 57 58 59 60 61 62 63 64 65 66 67 68 69 70 71 72 73 74 75 75 76 76 77 77 78 78 79 80 80 81 81 82 82 82 81 81 80 80 80 79 79 78 78 78 77 77 76 75 75 74
61 59 57 54 52 50 48 46 44 43 43 43 42 42 42 42 42 42 42 41 41 41 41 41 42 42 43 43 44 44 45 45 46 46 47 47 48 49 50 51 52 53 55 56 57 58 59 60 61 62 63 64 65 66 67 68 69 70 71 72 73 74 75 76 77 78 78 79 80 80 81 81 82 82 83 84 84 85 85 85 84 84 83 83 83 82 82 81 81 80 80 80 79 78 77 76
65 62 60 58 55 53 51 48 46 45 45 45 44 44 44 44 44 44 43 43 43 43 43 43 44 44 45 45 46 46 47 47 48 48 49 49 50 51 52 53 54 56 57 58 59 60 61 63 64 65 66 67 68 69 70 71 72 73 74 75 76 77 78 79 80 80 81 82 82 83 83 84 85 85 86 86 87 88 88 88 87 87 86 86 85 85 85 84 84 83 83 82 82 81 80 79
68 66 63 61 58 56 53 50 48 47 47 47 46 46 46 46 46 45 45 45 45 45 44 45 45 46 46 47 47 48 48 49 49 50 50 51 52 53 54 55 56 58 59 60 61 63 64 65 66 68 69 70 71 72 73 74 75 76 77 78 79 80 81 82 83 83 84 84 85 86 86 87 87 88 89 89 90 91 91 91 90 90 89 89 88 88 87 87 87 86 86 85 85 84 82 81
72 69 67 64 61 58 56 53 50 49 49 49 48 48 48 48 47 47 47 47 46 46 46 46 47 47 48 48 49 50 50 51 51 52 52 53 53 54 56 57 58 60 61 62 64 65 66 68 69 70 71 72 73 74 75 76 77 78 79 80 81 82 83 84 85 86 86 87 88 88 89 90 90 91 92 92 93 93 94 94 93 93 92 92 91 91 90 90 89 89 89 88 87 86 85 84
76 73 70 67 64 61 58 55 52 51 51 51 50 50 50 49 49 49 49 48 48 48 48 48 48 49 50 50 51 51 52 52 53 53 54 54 55 56 58 59 60 62 63 65 66 67 69 70 71 73 74 75 76 77 78 79 80 81 82 83 84 85 86 87 88 88 89 90 90 91 92 92 93 94 94 95 96 96 97 96 96 96 95 95 94 94 93 93 92 92 91 91 90 89 88 86
79 76 73 70 67 64 61 58 54 53 53 53 52 52 52 51 51 51 50 50 50 50 49 50 50 51 51 52 52 53 53 54 55 55 56 56 57 58 60 61 62 64 65 67 68 70 71 73 74 75 77 78 79 80 81 82 83 84 85 86 87 88 88 89 90 91 92 92 93 94 95 95 96 97 97 98 99 99 100 99 99 98 98 98 97 97 96 96 95 95 94 94 93 92 90 89
83 80 77 73 70 67 63 60 57 55 55 55 54 54 54 53 53 53 52 52 52 51 51 51 52 52 53 53 54 55 55 56 56 57 57 58 59 60 61 63 64 66 67 69 70 72 73 75 76 78 80 81 81 82 83 84 85 86 87 88 89 90 91 92 93 94 94 95 96 97 97 98 99 99 100 101 102 102 103 102 102 101 101 100 100 99 99 98 98 98 97 97 96 94 93 91
87 83 80 76 73 69 66 62 59 57 57 57 56 56 55 55 55 54 54 54 53 53 53 53 53 54 55 55 56 56 57 57 58 59 59 60 60 62 63 65 66 68 70 71 73 74 76 77 79 81 82 83 84 85 86 87 88 89 90 91 92 93 94 95 96 96 97 98 99 99 100 101 102 102 103 104 104 105 106 105 105 104 104 103 103 102 102 101 101 100 100 99 99 97 95 94
89 86 82 79 76 72 69 65 62 60 60 59 59 59 58 58 57 57 57 56 56 55 55 55 56 57 57 58 58 59 59 60 61 61 62 62 63 64 66 68 69 71 72 74 76 77 79 80 82 83 85 86 87 88 89 90 91 92 93 94 94 95 96 97 98 99 100 100 101 102 102 103 103 104 105 105 106 107 107 107 106 106 105 105 104 104 103 103 102 102 101 101 100 98 96 95
91 88 85 81 78 75 72 68 65 64 63 63 62 62 61 61 61 60 60 59 59 58 58 58 59 60 60 61 62 62 63 63 64 65 65 66 66 68 69 71 72 74 76 77 79 80 82 83 85 86 88 89 90 91 92 92 93 94 95 96 97 98 99 100 101 101 102 102 103 103 104 104 105 105 106 106 107 107 108 107 107 106 106 105 105 104 103 103 102 102 101 101 100 98 97 95
93 90 87 84 81 78 74 71 68 67 67 66 66 65 65 64 64 63 63 62 62 62 61 62 62 63 63 64 65 65 66 67 67 68 69 69 70 71 73 74 76 77 79 80 82 83 85 86 88 89 91 92 93 93 94 95 96 97 98 99 100 101 101 102 103 104 104 104 105 105 105 106 106 107 107 107 108 108 108 108 107 107 106 105 105 104 104 103 103 102 101 101 100 98 97 95
95 92 89 86 83 80 77 75 72 70 70 69 69 68 68 68 67 67 66 66 65 65 64 65 65 66 67 67 68 69 69 70 71 71 72 73 73 75 76 78 79 80 82 83 85 86 88 89 91 92 94 95 95 96 97 98 99 100 101 101 102 103 104 105 106 106 106 106 107 107 107 107 108 108 108 108 108 109 109 108 108 107 106 106 105 105 104 103 103 102 102 101 100 99 97 95
97 94 91 89 86 83 80 78 75 74 73 73 72 72 71 71 70 70 69 69 68 68 67 68 68 69 70 70 71 72 73 73 74 75 75 76 77 78 79 81 82 84 85 87 88 89 91 92 94 95 97 97 98 99 100 101 102 102 103 104 105 106 107 107 108 108 108 108 109 109 109 109 109 109 109 109 109 109 109 109 108 107 107 106 105 105 104 104 103 102 102 101 100 99 97 96
98 96 93 91 88 86 83 81 78 77 77 76 76 75 75 74 73 73 72 72 71 71 70 71 72 72 73 74 74 75 76 77 77 78 79 79 80 81 83 84 86 87 88 90 91 93 94 95 97 98 99 100 101 102 103 103 104 105 106 107 107 108 109 110 111 111 111 110 110 110 110 110 110 110 110 110 110 110 110 109 108 108 107 106 106 105 104 104 103 102 102 101 100 99 97 96
100 98 96 93 91 89 86 84 82 80 80 79 79 78 78 77 77 76 76 75 75 74 73 74 75 75 76 77 78 78 79 80 81 81 82 83 84 85 86 87 89 90 92 93 94 96 97 98 100 101 102 103 104 105 105 106 107 108 109 109 110 111 112 112 113 113 113 113 112 112 112 112 112 111 111 111 111 111 110 110 109 108 107 107 106 105 105 104 103 103 102 101 100 99 98 96
102 100 98 96 94 91 89 87 85 84 83 83 82 82 81 80 80 79 79 78 78 77 76 77 78 78 79 80 81 82 82 83 84 85 85 86 87 88 89 91 92 93 95 96 97 99 100 101 103 104 105 106 107 107 108 109 110 110 111 112 113 113 114 115 116 115 115 115 114 114 114 113 113 113 112 112 112 111 111 110 109 109 108 107 106 106 105 104 104 103 102 101 100 99 98 96
104 102 100 98 96 94 92 90 88 87 87 86 85 85 84 84 83 83 82 81 81 80 80 80 81 82 82 83 84 85 86 86 87 88 89 90 90 92 93 94 95 97 98 99 100 102 103 104 106 107 108 109 110 110 111 112 112 113 114 115 115 116 117 117 118 118 117 117 116 116 115 115 114 114 113 113 112 112 111 111 110 109 108 107 107 106 105 104 104 103 102 101 101 99 98 97
106 104 102 100 99 97 95 93 92 91 90 89 89 88 88 87 86 86 85 84 84 83 83 83 84 85 86 86 87 88 89 90 90 91 92 93 94 95 96 97 99 100 101 102 104 105 106 107 109 110 111 112 112 113 114 114 115 116 117 117 118 119 119 120 121 120 119 119 118 117 117 116 116 115 114 114 113 112 112 111 110 109 109 108 107 106 105 105 104 103 102 102 101 99 98 97
107 106 104 103 101 100 98 97 95 94 93 93 92 91 91 90 90 89 88 88 87 86 86 86 87 88 89 90 90 91 92 93 94 95 95 96 97 98 100 101 102 103 104 106 107 108 109 110 111 113 114 115 115 116 117 117 118 119 119 120 120 121 122 122 123 122 122 121 120 119 118 118 117 116 115 115 114 113 112 111 111 110 109 108 107 107 106 105 104 103 102 102 101 100 98 97
