pluvio/pluvio-237.asc
ncols         252
nrows         154
xllcorner     -0.5
yllcorner     -153.5
cellsize      1
NODATA_value  -9999
[rows 50 to 99 of 154, columns 0 to 95 of 252]
85 87 89 90 90 89 88 87 86 85 84 87 93 99 106 112 118 125 131 136 142 148 154 160 166 163 156 149 142 135 128 121 118 117 116 115 114 113 112 112 112 112 112 112 112 112 111 110 109 108 107 106 105 104 103 102 101 100 99 98 98 99 100 100 101 101 102 102 102 102 102 102 102 102 98 93 88 84 79 74 69 68 66 64 63 61 59 58 59 60 61 63 64 65 66 65
93 95 96 97 97 95 94 92 90 88 86 89 96 103 110 116 123 130 136 141 146 151 157 162 167 164 156 149 141 134 126 119 116 115 114 113 112 111 110 110 110 110 110 111 111 111 110 110 109 108 108 107 106 106 105 104 103 102 101 100 101 101 101 101 102 102 102 103 104 104 105 105 106 107 102 97 92 87 82 77 72 70 68 66 64 62 60 59 60 62 63 65 66 67 69 67
101 102 103 105 104 101 99 96 94 92 89 92 99 107 114 121 128 135 141 146 150 155 159 164 168 165 157 149 141 133 125 117 114 113 112 111 110 109 108 108 109 109 109 109 110 110 110 110 109 109 108 108 108 107 106 106 105 104 104 103 103 103 103 103 103 103 103 104 105 106 107 108 110 111 106 101 96 91 86 80 75 73 71 68 66 64 61 59 61 63 65 66 68 70 71 69
115 117 119 121 121 118 116 113 111 109 106 108 114 119 125 130 136 141 146 151 156 161 166 171 176 172 163 154 145 136 127 118 115 114 114 113 113 112 112 112 112 112 113 113 114 114 113 113 112 111 111 110 110 108 107 105 104 102 101 99 99 99 99 99 98 98 98 100 102 103 105 107 109 111 106 100 95 90 85 80 75 73 71 69 67 65 63 61 62 64 66 67 69 71 72 70
130 133 136 139 139 137 135 133 130 128 126 127 130 134 137 140 144 147 152 157 163 168 173 179 184 179 169 159 149 139 129 119 116 116 116 116 116 116 116 116 117 117 117 118 118 119 118 117 116 115 113 112 111 109 107 104 102 100 97 95 94 94 94 93 93 93 92 95 97 100 102 105 107 110 105 99 94 89 84 79 73 72 70 69 67 65 64 62 64 65 67 68 69 71 72 70
145 149 153 157 158 156 154 152 150 148 146 146 147 148 149 151 152 153 157 163 169 175 181 187 193 187 176 165 154 143 131 120 117 118 118 119 119 120 121 121 121 122 122 122 123 123 122 121 119 118 116 115 113 110 107 103 100 97 93 90 89 89 88 88 88 87 87 90 93 96 99 102 106 109 104 98 93 88 83 77 72 71 70 68 67 66 65 64 65 66 67 69 70 71 72 70
160 165 170 175 177 175 173 171 169 167 166 164 163 163 162 161 160 159 163 169 175 182 188 195 201 195 183 171 158 146 134 122 119 120 121 122 123 124 125 126 126 126 127 127 127 128 126 124 123 121 119 117 115 111 107 103 98 94 90 85 84 84 83 83 82 82 81 85 88 92 96 100 104 108 103 97 92 87 81 76 71 70 69 68 68 67 66 65 66 67 68 69 70 72 72 70
175 181 187 194 196 194 192 191 189 187 185 183 180 177 174 171 168 165 168 175 182 189 196 202 209 203 190 176 163 150 136 123 120 122 123 125 126 128 129 130 130 131 131 132 132 132 131 128 126 124 122 119 117 112 107 102 96 91 86 81 79 79 78 77 77 76 75 79 84 89 93 98 102 107 102 96 91 85 80 75 69 69 69 68 68 67 67 67 68 68 69 70 71 72 72 70
190 197 205 212 214 213 211 210 208 207 205 202 197 191 186 181 176 171 174 181 188 196 203 210 218 211 196 182 168 153 139 124 122 124 126 128 130 132 134 135 135 135 136 136 137 137 135 132 130 127 124 121 119 113 107 101 95 88 82 76 75 74 73 72 71 70 70 74 80 85 90 95 101 106 101 95 90 84 79 73 68 68 68 68 68 68 68 68 69 69 70 71 71 72 72 70
205 213 222 230 233 232 230 229 228 226 225 220 213 206 199 191 184 177 179 187 195 203 210 218 226 219 203 188 172 157 141 126 123 125 128 131 133 136 138 139 140 140 140 141 141 142 139 136 133 130 127 124 121 114 107 100 93 86 78 71 70 69 68 67 66 65 64 69 75 81 87 93 99 105 100 94 89 83 78 72 67 67 68 68 68 69 69 70 70 71 71 71 72 72 73 71
205 212 219 227 230 228 227 226 225 224 223 219 212 205 198 191 184 177 179 187 195 203 210 218 226 219 204 189 173 158 143 128 126 128 131 133 136 138 141 142 143 144 145 146 147 148 146 143 140 138 135 132 129 121 112 104 95 87 78 70 68 67 66 65 64 63 62 67 73 78 84 89 95 100 96 91 86 81 77 72 67 68 68 69 69 70 70 70 71 71 72 72 73 73 73 71
202 208 214 221 223 222 222 221 220 219 218 215 208 202 196 190 183 177 179 187 194 202 209 217 224 217 203 189 174 160 146 131 129 131 134 136 139 141 143 145 147 149 151 152 154 156 154 151 148 146 143 140 137 129 119 109 99 88 78 68 66 66 65 64 63 62 61 65 70 75 80 85 90 95 91 88 84 80 76 72 68 68 69 69 70 70 71 71 72 72 72 73 73 74 74 72
199 204 209 215 217 216 216 215 215 214 214 210 205 199 194 188 182 177 179 186 194 201 208 216 223 216 203 189 175 162 148 134 132 134 137 139 141 144 146 148 151 153 156 158 160 163 161 159 156 154 151 149 146 136 125 113 102 90 79 67 65 64 63 62 61 61 60 64 68 73 77 81 86 90 87 84 81 78 75 72 69 69 70 70 71 71 71 72 72 73 73 74 74 74 75 73
196 200 204 208 210 210 210 210 210 209 209 206 201 196 191 186 182 177 179 186 193 200 207 214 221 215 202 189 176 163 150 137 135 137 140 142 144 146 148 151 154 158 161 164 167 170 169 167 164 162 160 157 155 144 131 118 105 92 79 66 64 63 62 61 60 59 58 62 66 70 74 77 81 85 83 81 78 76 74 72 69 70 70 71 71 72 72 73 73 73 74 74 75 75 75 73
194 197 200 202 204 204 204 204 204 204 204 202 198 193 189 185 181 176 179 186 193 199 206 213 220 214 202 190 177 165 153 140 138 140 142 145 147 149 151 154 158 162 166 170 173 177 176 174 172 170 168 166 164 151 137 123 108 94 79 65 62 61 61 60 59 58 57 60 63 67 70 73 77 80 79 77 76 74 73 71 70 71 71 71 72 72 73 73 74 74 75 75 75 76 76 74
191 193 195 196 197 198 198 199 199 199 200 198 194 191 187 183 180 176 179 185 192 199 205 212 218 213 201 190 178 167 155 143 141 143 145 147 149 151 153 157 162 166 171 175 180 184 184 182 180 178 176 175 173 159 143 127 111 95 79 63 61 60 59 58 58 57 56 58 61 64 67 69 72 75 74 74 73 73 72 71 71 71 72 72 73 73 74 74 75 75 75 76 76 76 76 75
188 189 190 190 191 192 192 193 194 194 195 194 191 188 185 182 179 176 179 185 191 198 204 211 217 212 201 190 179 168 157 146 144 146 148 150 152 154 156 160 165 171 176 181 186 192 191 190 188 186 185 183 182 167 149 132 114 97 80 62 60 59 58 57 56 55 55 57 59 61 63 65 68 70 70 70 71 71 71 71 71 72 72 73 73 74 74 75 75 76 76 76 77 77 77 75
189 191 193 196 196 196 196 196 196 196 196 194 190 186 183 179 175 172 175 181 188 195 202 209 216 211 201 191 180 170 159 149 147 149 151 153 155 156 158 163 168 173 178 183 188 193 193 192 191 190 189 188 187 172 154 136 118 100 82 64 61 60 59 58 57 57 56 58 59 61 63 65 67 69 69 70 70 70 71 71 72 72 72 72 72 73 73 73 73 74 74 74 74 75 75 73
191 194 198 202 203 202 201 200 199 198 197 194 189 185 181 176 172 167 170 178 185 192 200 207 215 211 201 191 181 171 161 152 150 152 154 155 157 159 161 165 170 175 179 184 189 194 195 195 194 194 193 193 193 177 158 140 121 102 84 65 62 61 61 60 59 58 57 59 60 62 64 65 67 68 69 69 70 70 71 71 72 72 71 71 71 71 71 71 71 71 72 72 72 72 72 70
192 197 202 208 209 207 205 203 202 200 198 194 189 184 178 173 168 163 166 174 182 190 197 205 213 210 201 191 182 173 164 154 153 154 156 158 160 161 163 167 172 176 181 186 191 195 197 197 197 197 198 198 198 182 163 144 124 105 86 67 64 63 62 61 60 59 59 60 61 62 64 65 67 68 68 69 70 70 71 71 72 71 71 71 70 70 69 69 69 69 69 69 69 69 69 68
193 200 207 214 215 213 210 207 204 202 199 194 188 182 176 170 164 158 161 170 178 187 195 204 212 209 201 192 183 174 166 157 156 157 159 160 162 164 165 169 174 178 183 187 192 197 198 199 200 201 202 203 204 187 167 147 128 108 88 68 65 64 63 63 62 61 60 61 62 63 64 65 66 67 68 69 69 70 70 71 72 71 70 70 69 68 68 67 67 67 67 67 67 67 66 65
194 203 211 220 222 218 214 211 207 204 200 195 188 181 174 168 161 154 157 166 175 184 193 202 211 209 200 192 184 176 168 160 158 160 161 163 165 166 168 171 176 180 184 189 193 198 200 201 203 204 206 208 209 192 172 151 131 111 90 70 67 66 65 64 63 62 61 62 63 64 64 65 66 67 68 68 69 70 70 71 72 71 70 69 68 67 66 65 65 65 65 64 64 64 64 63
195 205 216 226 228 224 219 215 210 206 201 195 187 180 172 165 157 150 153 162 172 181 191 200 210 208 200 193 185 178 170 162 161 163 164 166 167 168 170 173 178 182 186 190 195 199 201 204 206 208 210 212 215 197 176 155 134 113 92 71 68 67 66 65 64 63 63 63 64 64 65 65 66 66 67 68 69 69 70 71 72 71 69 68 67 66 64 63 63 63 62 62 62 61 61 60
197 208 220 232 234 229 224 218 213 207 202 195 187 178 170 162 154 145 148 158 168 178 188 199 209 207 200 193 186 179 172 165 164 165 167 168 169 171 172 176 180 184 188 192 196 200 203 206 209 212 214 217 220 202 181 159 138 116 94 73 69 69 68 67 66 65 64 64 64 65 65 65 65 66 67 67 68 69 70 71 72 70 69 67 66 64 63 61 61 60 60 60 59 59 58 58
195 205 215 225 227 223 218 214 209 204 200 193 185 178 170 162 154 146 148 157 166 175 184 193 202 201 194 187 181 174 168 161 160 162 163 165 166 167 169 172 176 180 184 188 191 195 199 201 204 207 210 213 216 199 179 158 137 116 95 74 71 70 69 68 67 66 65 65 65 65 66 66 66 66 67 68 68 69 70 71 72 70 69 67 66 65 63 62 62 61 61 61 60 60 60 59
193 201 210 218 220 216 212 209 205 201 197 192 184 177 169 162 154 147 149 156 164 172 180 187 195 194 188 182 176 170 164 158 157 158 160 161 162 164 165 168 172 176 179 183 187 191 194 197 200 203 206 210 213 196 176 156 136 116 96 76 73 71 70 69 68 67 66 66 66 66 66 66 66 66 67 68 69 69 70 71 71 70 69 68 66 65 64 63 63 62 62 62 62 62 62 61
192 198 205 211 213 210 207 204 201 198 195 190 183 176 169 162 155 148 149 156 162 169 175 182 188 187 181 176 170 165 159 154 153 155 156 157 159 160 161 164 168 172 175 179 182 186 189 192 196 199 202 206 209 193 174 155 135 116 97 77 74 73 72 70 69 68 67 67 67 67 67 67 67 67 67 68 69 69 70 70 71 70 69 68 67 66 64 63 63 63 63 63 63 63 63 63
190 195 199 204 205 203 201 199 197 195 193 188 181 175 168 162 155 149 149 155 160 165 171 176 181 180 175 170 165 160 155 150 150 151 152 154 155 156 158 161 164 168 171 174 178 181 185 188 191 195 198 202 205 190 172 153 135 116 97 79 76 74 73 72 70 69 68 68 68 67 67 67 67 67 68 68 69 69 70 70 71 70 69 68 67 66 65 64 64 65 65 65 65 65 65 65
188 191 194 197 198 197 195 194 193 192 190 186 180 174 168 162 156 149 150 154 158 162 166 170 174 173 168 164 160 155 151 146 146 147 149 150 151 153 154 157 160 163 167 170 173 176 180 183 187 191 194 198 201 187 169 152 134 116 98 80 77 76 74 73 72 70 69 68 68 68 68 68 68 67 68 68 69 69 70 70 71 70 69 68 67 67 66 65 65 66 66 66 66 67 67 67
186 188 189 190 190 190 190 189 189 188 188 185 179 173 167 162 156 150 150 153 156 159 162 165 168 166 162 158 154 150 146 142 142 144 145 146 148 149 151 153 156 159 162 165 169 172 175 179 183 186 190 194 198 184 167 150 133 116 99 82 79 77 76 74 73 71 70 69 69 69 69 68 68 68 68 69 69 69 70 70 70 70 69 68 68 67 66 66 66 67 67 67 68 68 69 69
185 184 184 183 183 183 184 184 185 185 185 183 177 172 167 162 156 151 150 152 154 155 157 159 161 159 156 152 149 146 142 139 139 140 141 143 144 145 147 149 152 155 158 161 164 167 171 174 178 182 186 190 194 181 165 148 132 116 100 84 80 79 77 75 74 72 71 70 70 70 69 69 69 68 69 69 69 69 70 70 70 70 69 69 68 68 67 67 67 68 68 69 69 70 70 71
178 177 175 174 174 174 174 174 175 175 175 172 168 163 158 154 149 144 144 145 147 148 150 151 153 151 148 146 143 140 137 134 134 135 137 138 139 140 141 144 147 149 152 155 158 160 164 168 172 176 180 183 187 175 160 145 130 115 100 85 82 80 78 76 75 73 71 71 71 71 71 71 71 71 71 71 71 72 72 72 72 72 71 70 70 69 69 68 69 69 70 71 71 72 72 72
172 169 167 165 164 164 164 164 164 164 165 162 158 154 150 146 142 138 137 138 140 141 142 143 144 143 141 139 136 134 132 129 129 131 132 133 134 135 136 138 141 143 146 149 151 154 157 161 165 169 173 177 181 170 156 142 128 114 100 86 83 81 79 77 76 74 72 72 72 72 72 73 73 73 73 73 74 74 74 74 74 74 73 72 72 71 70 70 70 71 72 72 73 73 74 74
165 162 159 156 155 155 155 155 154 154 154 152 149 145 142 138 135 131 131 132 133 134 134 135 136 135 134 132 130 128 127 125 125 126 127 128 129 130 131 133 135 137 140 142 145 147 151 155 159 162 166 170 174 164 151 138 126 113 100 87 84 82 80 78 76 74 73 73 73 74 74 74 75 75 75 76 76 76 76 76 77 76 75 74 73 73 72 71 72 73 73 74 75 75 76 76
158 155 151 147 146 145 145 145 144 144 144 142 139 136 133 131 128 125 124 125 126 126 127 128 128 128 126 125 124 123 121 120 120 121 122 123 124 124 125 127 129 132 134 136 138 141 144 148 152 156 160 164 168 158 147 135 124 112 100 89 85 83 81 79 77 75 73 74 74 75 76 76 77 77 78 78 78 78 78 79 79 78 77 76 75 74 73 73 73 74 75 76 76 77 78 77
152 147 143 139 136 136 135 135 134 134 133 132 130 127 125 123 121 119 118 118 119 119 119 120 120 120 119 118 118 117 116 115 116 116 117 118 118 119 120 122 124 126 128 130 132 134 138 142 145 149 153 157 161 153 142 132 121 111 100 90 87 85 82 80 78 76 74 74 75 76 77 78 79 80 80 80 80 80 81 81 81 80 79 78 77 76 75 74 75 76 77 77 78 79 80 79
145 140 135 130 127 126 125 125 124 123 123 122 120 118 117 115 114 112 111 112 112 112 112 112 112 112 112 111 111 111 111 111 111 112 112 113 113 114 114 116 118 120 122 124 126 128 131 135 139 143 147 151 155 147 138 129 119 110 100 91 88 86 83 81 79 77 74 75 76 78 79 80 81 82 82 82 82 83 83 83 83 82 81 80 79 78 77 76 77 77 78 79 80 81 81 81
139 133 127 121 118 117 116 116 115 114 113 112 111 110 109 108 107 106 106 105 105 105 105 105 104 105 105 105 105 106 106 106 107 107 108 108 109 109 109 111 113 114 116 118 120 122 125 129 133 137 141 144 148 142 134 125 117 109 101 92 89 87 85 82 80 77 75 76 78 79 80 82 83 84 84 84 85 85 85 85 85 84 83 82 80 79 78 77 78 79 80 81 82 82 83 82
140 134 128 122 118 117 116 116 115 114 113 112 111 110 110 109 108 107 107 107 106 106 106 105 105 105 105 105 106 106 106 106 106 107 108 108 109 109 110 111 113 115 118 120 122 124 127 131 134 138 141 145 148 142 134 125 117 109 101 92 89 87 85 83 81 79 77 78 79 80 82 83 84 86 86 86 86 86 86 86 86 85 84 82 81 80 79 77 78 79 80 81 82 83 84 84
140 134 128 122 119 118 117 115 114 113 112 112 111 111 110 110 109 109 108 108 107 107 107 106 106 106 106 106 106 106 106 106 106 107 107 108 109 109 110 112 114 117 119 121 124 126 129 132 135 139 142 145 148 142 134 125 117 109 101 92 90 88 86 84 82 80 78 79 80 82 83 84 86 87 87 87 87 87 87 87 87 86 85 83 82 80 79 78 79 80 81 82 82 83 84 85
141 135 129 123 119 118 117 115 114 113 112 111 111 111 111 110 110 110 109 109 108 108 108 107 107 106 106 106 106 106 105 105 106 106 107 108 109 110 110 112 115 118 120 123 126 128 131 134 137 140 142 145 148 142 133 125 117 109 101 92 90 88 86 85 83 81 79 81 82 83 85 86 87 89 89 89 89 89 89 88 88 87 85 84 82 81 79 78 79 80 81 82 83 84 85 87
141 135 129 123 119 118 117 115 114 113 112 111 111 111 111 111 111 111 111 110 110 109 109 108 107 107 107 106 106 106 105 105 105 106 107 108 109 110 111 113 116 119 122 125 127 130 133 135 138 140 143 145 148 142 133 125 117 109 101 92 90 89 87 86 84 82 81 82 83 85 86 87 89 90 90 90 90 90 90 90 90 88 86 85 83 81 80 78 79 80 81 82 83 84 86 88
142 136 130 123 120 118 117 115 114 113 111 111 111 111 111 112 112 112 112 111 111 110 109 109 108 108 107 107 106 105 105 104 105 106 107 108 109 110 111 114 117 120 123 126 129 133 135 137 139 141 144 146 148 141 133 125 117 109 101 92 90 89 88 86 85 84 82 84 85 86 87 89 90 91 91 91 91 91 91 91 91 89 87 85 84 82 80 78 80 81 82 83 84 85 86 90
143 136 130 124 120 118 117 115 114 112 111 110 111 111 112 112 113 113 113 113 112 111 110 110 109 108 108 107 106 105 105 104 105 106 107 108 109 110 111 114 118 121 124 128 131 135 137 139 141 142 144 146 148 141 133 125 117 109 101 93 91 89 88 87 86 85 84 85 86 88 89 90 92 93 93 93 92 92 92 92 92 90 88 86 84 82 80 79 80 81 82 83 84 86 87 91
143 137 131 124 120 119 117 116 114 112 111 110 111 112 113 114 115 115 115 115 114 113 112 111 110 110 109 108 107 106 105 104 105 106 107 108 110 111 112 115 119 122 126 130 133 137 139 141 142 143 145 146 148 141 133 125 117 109 101 93 91 90 89 88 87 86 85 86 88 89 90 92 93 94 94 94 94 94 93 93 93 91 89 87 85 83 81 80 81 82 83 84 85 86 88 93
143 137 131 125 122 120 119 117 116 114 113 113 115 117 118 120 122 124 124 123 122 121 120 119 118 116 115 113 112 110 109 107 108 109 111 112 114 115 117 120 123 127 130 133 137 140 142 143 144 145 147 148 149 142 135 127 119 111 103 95 93 92 91 90 89 88 87 88 89 90 91 92 93 94 95 94 94 94 94 94 94 93 92 90 89 87 86 85 85 86 87 87 88 89 90 93
144 138 132 127 123 122 120 119 117 116 115 115 118 121 124 127 129 132 132 131 130 128 127 126 125 123 121 119 117 115 112 110 111 113 115 116 118 120 122 124 128 131 134 137 140 143 145 146 147 147 148 149 150 144 136 128 120 113 105 97 95 94 93 92 91 90 89 90 91 91 92 93 94 95 95 95 95 95 96 96 96 95 94 93 92 92 91 90 90 90 90 91 91 91 91 94
144 138 133 128 124 123 122 120 119 118 116 118 122 125 129 133 137 140 141 139 138 136 135 133 132 129 127 124 121 119 116 114 114 116 118 120 122 124 126 129 132 135 138 141 144 147 148 148 149 149 150 151 151 145 137 130 122 115 107 99 98 96 95 94 93 92 91 91 92 93 93 94 94 95 95 96 96 96 97 97 97 97 97 96 96 96 96 95 95 95 94 94 93 93 93 95
144 139 134 129 126 125 123 122 121 120 118 120 125 130 135 139 144 149 149 148 146 144 142 140 139 136 133 130 126 123 120 117 118 120 122 124 127 129 131 134 136 139 142 144 147 150 150 151 151 151 152 152 152 146 139 131 124 116 109 102 100 98 97 96 95 94 93 93 93 94 94 95 95 95 96 96 97 97 98 98 99 99 99 99 100 100 100 101 100 99 98 97 96 95 95 96
144 140 135 130 127 126 125 124 123 121 120 123 129 134 140 146 151 157 158 156 154 152 150 148 146 142 139 135 131 128 124 120 121 123 126 128 131 133 136 138 141 143 146 148 150 153 153 153 153 153 153 153 153 147 140 133 126 118 111 104 102 101 99 98 97 96 95 95 95 95 95 95 96 96 96 97 98 98 99 99 100 101 102 103 103 104 105 106 105 103 102 100 99 98 96 97
