pluvio/pluvio-237.asc
ncols         252
nrows         154
xllcorner     -0.5
yllcorner     -153.5
cellsize      1
NODATA_value  -9999
[rows 0 to 49 of 154, columns 0 to 95 of 252]
23 23 23 22 23 24 24 25 26 27 28 29 29 30 30 31 31 32 33 34 36 38 39 41 42 45 49 53 57 61 65 69 69 68 66 65 63 62 61 60 61 61 61 61 61 61 61 61 61 61 61 61 61 60 59 58 57 56 55 54 54 53 53 53 53 52 52 52 52 52 53 53 53 53 54 56 58 59 61 62 64 64 64 64 63 63 63 63 61 59 57 55 52 50 48 47
26 26 26 26 27 28 29 30 31 32 33 34 35 35 36 36 37 37 38 40 41 43 44 45 47 50 54 58 62 66 70 74 74 72 71 70 68 67 65 65 65 66 66 66 66 66 66 66 66 65 65 65 64 63 62 61 59 58 57 56 55 55 54 54 53 53 52 53 53 53 53 54 54 54 56 58 60 62 64 66 68 68 68 67 67 67 66 66 64 61 59 57 54 52 50 48
29 29 30 30 31 32 34 35 36 38 39 40 40 41 41 42 42 43 44 45 46 48 49 50 51 54 58 62 66 70 74 78 79 77 76 74 73 72 70 70 70 70 70 71 71 71 71 70 70 69 69 69 68 67 65 64 62 60 59 57 57 56 55 55 54 53 52 53 53 54 54 55 55 55 58 60 63 65 68 70 73 72 71 71 70 70 69 69 66 64 61 58 56 53 51 49
31 32 33 34 35 37 38 40 41 43 44 45 46 46 47 47 48 48 49 50 52 53 54 55 56 59 63 67 71 75 79 83 83 82 81 79 78 76 75 75 75 75 75 75 76 76 75 75 74 73 73 72 72 70 68 66 65 63 61 59 58 57 56 55 54 54 53 53 54 54 55 56 56 57 60 63 65 68 71 74 77 76 75 75 74 73 72 71 69 66 63 60 58 55 52 50
33 34 36 37 38 40 42 43 45 47 48 49 50 50 51 51 52 53 53 54 55 56 57 58 59 62 66 70 74 78 82 86 86 85 84 82 81 80 78 78 78 78 79 79 79 79 79 78 77 76 75 75 74 72 70 68 67 65 63 61 60 59 58 57 55 54 53 54 54 55 56 56 57 57 60 63 66 69 72 75 78 77 76 75 74 73 72 71 69 66 63 60 58 55 52 50
35 36 38 39 41 42 44 46 48 49 51 52 53 53 54 54 55 55 56 56 57 58 58 59 60 62 67 71 75 79 83 87 87 86 85 84 82 81 80 80 80 80 81 81 81 81 80 80 79 78 77 76 75 73 71 70 68 66 64 63 61 60 59 58 57 56 55 55 55 56 56 57 57 57 60 63 65 68 71 73 76 75 74 73 72 71 70 69 67 64 61 59 56 54 51 49
36 38 40 41 43 45 47 48 50 52 54 55 55 56 56 57 57 58 58 59 59 59 60 60 61 63 67 72 76 80 84 88 88 87 86 85 84 83 82 82 82 82 83 83 83 83 82 81 80 79 78 77 76 74 73 71 69 68 66 64 63 62 61 59 58 57 56 56 56 56 57 57 57 57 60 62 64 67 69 72 74 73 72 71 70 69 68 67 65 62 60 57 55 52 50 48
38 40 42 44 46 47 49 51 53 54 56 57 58 58 59 59 60 60 61 61 61 61 61 61 62 64 68 72 77 81 85 89 89 88 87 87 86 85 84 84 84 84 84 85 85 85 84 83 82 81 79 78 77 75 74 72 71 69 67 66 65 63 62 61 59 58 57 57 57 57 57 57 57 57 59 61 64 66 68 70 72 71 70 69 68 67 66 65 63 60 58 56 53 51 49 47
39 41 44 46 48 50 52 53 55 57 59 60 60 61 62 62 63 63 63 63 63 63 63 63 63 65 69 73 77 82 86 90 90 90 89 88 87 86 86 86 86 86 86 87 87 87 86 85 83 82 81 79 78 76 75 74 72 71 69 68 66 65 64 62 61 60 58 58 58 58 58 57 57 57 59 61 63 65 66 68 70 69 68 67 66 65 64 63 61 58 56 54 52 50 48 46
41 43 46 48 50 52 54 56 58 60 62 63 63 64 64 65 65 66 66 65 65 65 64 64 64 66 70 74 78 82 87 91 91 91 90 89 89 88 87 88 88 88 88 89 89 89 88 87 85 84 82 81 79 78 76 75 73 72 71 69 68 66 65 64 62 61 59 59 59 58 58 58 57 57 59 60 62 63 65 67 68 67 66 65 64 63 62 60 58 56 54 53 51 49 47 45
42 45 48 50 53 55 56 58 60 62 64 65 66 66 67 67 68 68 68 68 67 66 66 65 65 67 71 75 79 83 87 92 92 92 91 91 90 90 89 89 90 90 90 91 91 91 90 88 87 85 83 82 80 79 77 76 75 73 72 71 69 68 66 65 64 62 61 60 60 59 59 58 58 57 58 60 61 62 63 65 66 65 64 63 62 61 59 58 56 55 53 51 49 47 46 44
44 47 50 53 55 57 58 60 62 63 65 66 67 67 68 68 69 69 69 68 68 67 67 66 66 68 72 76 80 84 88 92 93 92 92 91 90 90 89 89 90 90 90 90 91 91 90 88 87 85 83 82 80 79 78 77 75 74 73 72 70 69 67 66 64 63 61 61 60 60 59 59 58 58 59 59 60 61 62 63 64 63 62 61 60 59 58 56 55 53 51 50 48 47 45 44
47 50 53 56 58 59 60 61 63 64 65 66 66 67 67 68 68 69 69 68 68 68 67 67 67 69 73 77 81 85 88 92 93 92 91 90 89 88 87 87 88 88 88 88 89 89 88 86 85 84 82 81 80 79 78 77 76 75 74 73 71 70 68 67 65 64 62 61 61 61 60 60 59 59 59 60 60 61 61 62 63 62 60 59 58 57 56 55 53 52 51 49 48 46 45 45
50 53 56 58 60 61 62 62 63 64 65 65 66 66 67 67 68 68 69 69 68 68 68 68 68 70 74 78 81 85 89 92 93 91 90 89 88 87 86 86 86 86 86 86 86 87 86 85 84 83 82 81 79 79 78 77 76 75 74 73 72 70 69 67 66 64 63 62 62 61 61 60 60 60 60 60 60 60 61 61 61 60 59 58 57 56 54 53 52 51 50 48 47 46 45 45
53 55 58 61 63 63 63 64 64 64 65 65 66 66 67 67 68 68 68 69 69 69 69 69 69 72 75 79 82 86 89 93 93 91 90 88 87 85 84 84 84 84 84 84 84 84 84 83 82 81 81 80 79 78 78 77 76 75 74 74 72 71 69 68 66 65 63 63 62 62 62 61 61 61 60 60 60 60 60 60 59 58 57 56 55 54 53 52 51 50 49 48 47 46 45 45
55 58 61 64 65 65 65 65 65 65 64 65 65 66 66 67 67 68 68 69 69 69 70 70 70 73 76 79 83 86 89 93 92 91 89 87 86 84 82 82 82 82 82 82 82 82 82 81 81 80 80 79 79 78 77 77 76 76 75 74 73 71 70 68 67 65 64 63 63 63 62 62 62 62 61 60 60 59 59 58 58 57 56 55 54 52 51 50 49 49 48 47 46 45 45 46
58 61 64 67 68 67 67 66 65 65 64 64 65 65 66 66 67 67 68 69 69 70 70 71 72 74 77 80 83 87 90 93 92 90 88 86 84 82 81 80 80 80 80 80 80 80 80 80 79 79 79 79 78 78 77 77 76 76 75 75 73 72 70 69 67 66 64 64 64 64 63 63 63 63 62 61 60 59 58 57 56 55 54 53 52 51 50 49 48 48 47 46 46 45 45 46
61 64 67 69 70 69 68 67 66 65 64 64 64 65 65 66 66 67 68 69 69 70 71 72 73 75 78 81 84 87 90 93 92 90 88 86 83 81 79 78 78 78 78 78 78 78 78 78 78 78 78 78 78 78 77 77 77 76 76 75 74 73 71 69 68 66 65 65 64 64 64 64 64 64 62 61 60 58 57 56 55 53 52 51 50 49 48 47 47 46 46 46 45 45 45 47
60 63 66 69 69 68 67 66 65 64 63 63 64 64 65 65 66 66 67 69 70 71 73 74 75 78 80 83 85 88 90 93 92 90 87 85 82 80 78 77 77 77 77 76 76 76 76 76 77 77 77 77 77 77 77 77 76 76 76 76 74 73 71 70 69 67 66 65 65 65 65 64 64 64 63 61 60 59 57 56 54 54 53 52 51 50 49 48 48 47 47 47 46 46 46 48
58 61 63 66 67 66 65 64 64 63 62 62 63 63 64 64 65 65 66 69 71 73 75 77 79 81 83 85 87 89 91 93 91 89 87 84 82 79 77 76 76 76 76 75 75 75 75 75 76 76 76 76 76 76 76 76 76 76 76 76 75 73 72 71 69 68 66 66 66 65 65 65 64 64 63 62 60 59 58 57 55 55 54 53 52 52 51 50 50 50 49 49 49 48 48 51
56 58 60 63 64 63 63 63 62 62 61 61 62 62 63 63 64 64 66 69 71 74 77 79 82 84 85 87 88 89 91 92 91 88 86 83 81 79 76 75 75 75 75 74 74 74 74 74 75 75 75 75 75 76 76 76 76 76 76 76 75 73 72 71 70 69 67 67 66 66 66 65 65 64 63 62 61 60 59 57 56 56 55 55 54 54 53 53 52 52 52 51 51 50 50 53
54 56 58 60 61 61 61 61 61 60 60 61 61 61 62 62 63 63 65 69 72 75 79 82 86 87 88 89 90 90 91 92 90 88 85 83 80 78 75 74 74 74 74 73 73 73 73 73 74 74 74 74 75 75 75 75 75 76 76 76 75 74 73 72 70 69 68 68 67 66 66 65 65 64 63 62 61 60 59 58 57 57 57 56 56 56 55 55 54 54 54 53 53 53 53 55
51 53 55 57 58 58 58 59 59 59 59 60 60 60 61 61 61 62 64 69 73 77 81 85 89 90 91 91 91 91 91 92 90 87 85 82 80 77 74 74 73 73 73 72 72 72 72 72 72 73 73 73 74 74 74 75 75 75 76 76 75 74 73 72 71 70 69 68 68 67 66 66 65 64 64 63 62 61 60 59 58 58 58 58 58 57 57 57 57 56 56 56 55 55 55 57
49 51 52 54 55 56 56 57 57 58 59 59 59 60 60 60 60 61 64 69 73 78 83 88 92 94 93 93 92 92 92 91 89 87 84 81 79 76 74 73 72 72 72 71 71 71 71 71 71 72 72 72 73 73 74 74 75 75 76 76 75 74 73 73 72 71 70 69 68 68 67 66 65 65 64 63 62 61 61 60 59 59 59 59 59 59 59 59 59 59 58 58 58 57 57 60
47 48 50 51 52 53 54 55 56 57 58 58 58 59 59 59 59 60 63 69 74 79 85 90 96 97 96 95 94 93 92 91 89 86 83 81 78 75 73 72 71 71 71 70 70 69 70 70 70 71 71 72 72 72 73 74 74 75 75 76 75 75 74 73 72 71 71 70 69 68 67 66 65 65 64 63 63 62 61 61 60 60 61 61 61 61 61 62 61 61 61 60 60 60 60 62
46 47 48 49 50 51 53 54 55 56 58 58 59 59 59 59 60 60 64 70 75 81 87 93 99 100 98 97 96 94 93 91 89 87 84 82 79 77 75 74 73 73 72 72 71 71 71 71 71 71 71 72 72 72 73 73 74 74 75 75 74 74 73 72 71 71 70 69 69 68 67 67 66 65 65 64 63 63 62 61 61 61 61 62 62 62 63 63 62 62 62 61 61 61 61 63
44 46 47 48 49 50 52 54 55 57 58 59 59 60 60 60 61 61 65 71 77 83 90 96 102 103 101 99 97 96 94 92 90 88 86 84 82 80 78 77 76 76 75 75 74 74 73 73 73 73 72 72 72 72 72 73 73 73 73 74 73 72 71 71 70 69 68 68 68 67 67 67 66 66 65 65 64 63 63 62 62 62 62 62 63 63 63 63 63 63 62 62 62 61 61 63
43 44 45 46 48 50 51 53 55 57 59 60 60 60 61 61 61 62 66 72 79 86 92 99 105 106 104 102 99 97 95 92 91 89 87 86 84 83 81 80 80 79 78 78 77 76 76 75 75 74 73 73 72 72 72 72 72 72 72 72 71 71 70 69 68 67 67 67 67 67 67 67 67 67 66 66 65 64 64 63 62 62 63 63 63 64 64 64 64 63 63 63 62 62 62 64
42 43 44 45 46 49 51 53 55 57 59 60 61 61 61 62 62 63 67 74 81 88 95 102 109 109 106 104 101 98 96 93 91 90 89 88 87 86 84 84 83 82 81 81 80 79 78 77 76 75 74 73 72 72 72 71 71 71 71 70 70 69 68 67 67 66 65 65 66 66 67 67 67 68 67 66 66 65 64 64 63 63 63 64 64 64 65 65 64 64 64 63 63 63 62 64
41 42 43 44 45 48 50 52 55 57 60 61 61 62 62 63 63 64 68 75 83 90 97 104 112 112 109 106 103 100 97 94 92 91 91 90 89 88 88 87 86 85 84 84 83 82 81 79 78 77 75 74 72 72 71 71 70 70 69 69 68 67 67 66 65 64 63 64 65 66 66 67 68 69 68 67 66 66 65 64 64 64 64 64 65 65 65 66 65 65 64 64 64 63 63 65
40 41 42 42 44 47 49 52 55 57 60 62 62 63 63 64 64 65 69 77 85 92 100 107 115 115 112 108 105 101 98 94 93 93 92 92 92 91 91 90 89 88 87 86 86 85 83 81 80 78 76 74 73 72 71 70 70 69 68 67 67 66 65 64 63 63 62 63 64 65 66 67 68 69 69 68 67 66 66 65 64 64 65 65 65 66 66 66 66 65 65 65 64 64 64 65
39 40 40 41 43 46 49 52 55 58 61 62 63 63 64 64 65 65 71 78 86 94 102 110 118 118 114 110 107 103 99 95 94 94 94 94 94 94 94 93 92 91 90 89 88 87 85 83 81 79 77 75 73 72 71 70 69 68 67 66 65 64 63 63 62 61 60 61 63 64 66 67 69 70 70 69 68 67 66 66 65 65 65 66 66 66 67 67 67 66 66 65 65 64 64 66
38 38 39 39 41 44 48 51 54 57 60 62 63 64 65 66 67 67 73 81 89 97 105 114 122 122 118 114 110 105 101 97 96 96 96 96 96 96 96 96 95 95 94 93 93 92 90 88 85 82 80 77 75 74 72 71 70 69 68 66 66 65 64 63 62 61 60 61 63 65 66 68 69 71 70 69 68 67 66 65 64 64 65 65 65 66 66 66 66 65 65 64 64 64 63 65
37 37 38 38 40 43 47 50 53 56 60 62 63 65 66 67 68 70 75 84 92 100 109 117 125 126 121 117 113 109 105 100 99 99 99 99 98 98 98 98 98 98 98 98 98 98 96 93 90 87 84 81 78 76 75 73 72 71 69 68 67 66 65 64 63 62 61 62 63 65 66 68 70 71 70 69 67 66 65 64 63 63 63 63 64 64 64 64 64 64 63 63 63 62 62 64
35 36 36 36 38 42 45 49 52 56 59 62 63 65 67 69 70 72 78 86 95 104 112 121 129 129 125 121 116 112 108 104 102 102 101 101 100 100 100 100 101 101 102 102 103 104 101 98 94 91 87 84 81 79 77 76 74 73 71 69 68 67 66 65 63 62 61 62 64 65 67 68 70 71 70 69 67 66 64 63 61 62 62 62 62 62 63 63 63 62 62 62 61 61 61 62
34 34 35 35 37 41 44 48 51 55 59 61 64 66 68 70 72 74 80 89 98 107 115 124 133 133 129 124 120 115 111 107 105 104 104 103 102 102 101 102 103 104 106 107 108 109 107 103 99 95 91 87 84 82 80 78 76 74 73 71 70 68 67 66 64 63 62 63 64 66 67 69 70 72 70 68 67 65 63 62 60 60 60 61 61 61 61 61 61 61 60 60 60 60 60 61
33 33 33 34 36 39 43 47 51 54 58 61 64 66 69 71 74 77 83 92 101 110 119 128 137 137 132 128 123 119 114 110 108 107 106 105 105 104 103 104 106 108 110 111 113 115 112 108 104 99 95 91 87 84 82 80 78 76 74 72 71 69 68 66 65 64 62 63 65 66 68 69 71 72 70 68 66 64 62 60 59 59 59 59 59 59 59 60 59 59 59 59 59 58 58 59
32 32 32 32 34 38 42 46 50 54 57 61 64 67 70 73 76 79 86 95 104 113 122 131 140 140 136 131 127 122 118 113 111 110 109 108 107 106 104 106 108 111 113 116 118 121 117 113 108 103 99 94 89 87 85 83 80 78 76 74 72 71 69 67 66 64 63 64 65 67 68 69 71 72 70 68 66 64 61 59 57 57 57 58 58 58 58 58 58 58 57 57 57 57 57 58
30 30 31 31 33 37 41 45 49 53 57 60 64 67 71 74 78 81 88 98 107 116 125 135 144 144 140 135 130 126 121 116 114 113 111 110 109 107 106 108 111 114 117 120 123 126 123 118 113 108 103 97 92 90 87 85 82 80 78 75 74 72 70 68 67 65 63 64 66 67 68 70 71 73 70 68 65 63 61 58 56 56 56 56 56 56 56 56 56 56 56 56 56 56 56 57
32 32 33 33 35 39 43 47 51 54 58 62 66 69 73 76 80 84 91 100 109 119 128 137 147 147 142 137 133 128 123 119 116 115 113 112 111 109 108 110 113 115 118 121 124 126 123 118 113 108 103 99 94 91 89 86 84 82 79 77 75 74 73 71 70 69 67 68 69 70 71 72 73 74 71 69 66 63 61 58 55 56 56 56 56 56 56 56 56 56 55 55 55 55 55 56
35 35 36 37 39 42 46 50 53 57 60 64 68 71 75 79 82 86 93 102 112 121 130 139 149 149 144 139 135 130 125 121 118 117 116 114 113 111 110 111 114 116 118 120 122 125 121 117 112 108 103 99 94 92 90 87 85 83 81 78 77 77 76 75 74 73 72 73 73 74 74 74 75 75 72 70 67 64 61 58 55 55 55 56 56 56 56 56 55 55 55 55 55 55 55 55
37 38 39 40 42 46 49 52 56 59 62 66 70 73 77 81 85 88 95 105 114 123 132 141 151 151 146 141 137 132 127 123 120 119 118 116 115 114 112 113 115 116 118 120 121 123 120 116 112 107 103 99 95 93 91 88 86 84 82 80 79 79 79 78 78 78 78 78 77 77 77 77 77 77 74 71 67 64 61 58 55 55 55 55 55 55 55 55 55 55 55 55 55 54 54 55
40 41 43 44 46 49 52 55 58 61 64 68 72 76 79 83 87 91 98 107 116 125 134 143 153 153 148 143 139 134 130 125 123 121 120 118 117 116 114 115 116 117 118 119 120 121 118 114 111 107 103 100 96 94 92 89 87 85 83 81 81 82 82 82 82 83 83 82 82 81 80 79 79 78 75 72 68 65 62 59 55 55 55 55 55 55 55 55 55 55 55 54 54 54 54 54
43 44 46 47 50 52 55 58 61 64 67 70 74 78 82 86 89 93 100 109 118 127 136 146 155 155 150 145 141 136 132 127 125 123 122 121 119 118 116 116 117 117 118 118 119 119 117 113 110 107 103 100 97 94 93 91 89 87 85 83 83 84 85 86 87 87 88 87 86 85 83 82 81 79 76 73 69 66 62 59 55 55 55 55 55 55 55 55 55 55 54 54 54 54 54 54
46 47 49 51 53 56 58 61 64 66 69 72 76 80 84 88 92 96 103 112 121 130 139 148 157 157 152 147 143 138 134 129 127 125 124 123 121 120 118 118 118 118 118 118 117 117 115 112 109 106 103 100 97 95 94 92 90 88 86 84 85 87 88 89 91 92 93 92 90 88 86 84 83 81 77 74 70 66 63 59 55 55 55 55 55 55 55 55 55 54 54 54 54 53 53 53
48 50 53 55 57 59 61 64 66 68 71 74 78 82 86 90 94 98 105 114 123 132 141 150 159 159 154 150 145 140 136 131 129 128 126 125 123 122 120 120 119 118 118 117 116 115 113 111 108 106 103 101 98 96 95 93 91 89 87 86 87 89 91 93 95 97 99 97 94 92 89 87 85 82 78 75 71 67 63 59 55 55 55 55 55 55 55 55 54 54 54 54 53 53 53 53
55 57 59 61 63 65 66 68 70 72 73 77 81 85 90 94 99 103 110 118 127 135 143 152 160 160 155 150 145 140 135 130 128 126 125 123 122 121 119 119 118 117 117 116 115 115 113 110 108 106 104 102 99 98 96 94 93 91 90 88 89 91 93 95 97 98 100 98 96 94 92 90 88 86 82 78 74 70 66 62 58 57 57 57 56 56 55 55 55 55 55 55 55 55 55 55
63 65 66 68 70 71 72 73 74 75 76 79 84 89 94 99 103 108 115 123 130 138 146 154 161 161 155 150 144 139 133 128 125 124 123 121 120 119 118 117 116 116 115 115 114 114 112 110 108 106 105 103 101 99 98 96 95 93 92 90 92 93 95 96 98 99 101 99 98 96 95 93 92 90 86 82 77 73 69 65 61 60 59 59 58 57 56 56 56 56 57 57 57 57 58 57
70 72 74 76 77 77 77 78 78 78 79 82 87 92 98 103 108 114 120 127 134 142 149 156 163 161 155 149 143 138 132 126 123 122 121 119 118 117 116 115 115 114 114 114 113 113 112 110 109 107 105 104 102 101 100 98 97 96 94 93 94 95 96 97 99 100 101 100 99 98 97 96 95 94 90 85 81 77 72 68 64 63 62 61 59 58 57 57 57 58 58 59 59 60 60 60
78 80 81 83 83 83 83 82 82 82 81 84 90 96 102 108 113 119 125 132 138 145 151 158 164 162 156 149 143 136 130 123 121 120 118 117 116 115 114 113 113 113 113 113 112 112 111 110 109 107 106 105 104 102 101 100 99 98 97 95 96 97 98 99 100 101 101 101 101 100 100 99 99 98 94 89 85 80 76 71 67 65 64 62 61 60 58 57 58 59 60 61 62 62 63 62
