pluvio/pluvio-334.asc
ncols         252
nrows         154
xllcorner     -0.5
yllcorner     -153.5
cellsize      1
NODATA_value  -9999
[rows 74 to 147 of 154, columns 96 to 191 of 252]
2 2 2 2 2 2 2 2 2 2 2 2 2 2 2 2 2 3 3 3 3 3 2 2 2 2 2 2 2 2 2 2 2 2 2 2 2 2 2 2 2 2 2 2 1 1 1 1 1 1 1 1 1 1 2 2 3 3 4 4 5 5 4 4 3 3 2 1 1 1 1 1 1 1 1 1 1 2 2 2 2 3 3 2 2 2 1 1 1 1 1 1 1 1 1 1
2 2 2 2 2 2 2 2 2 2 2 2 2 2 2 3 3 3 3 3 3 3 3 2 2 2 2 2 2 2 2 2 2 2 2 2 2 2 3 3 2 2 2 2 1 1 1 1 1 1 1 1 1 1 2 2 3 3 4 4 5 4 4 3 3 2 2 1 1 1 1 1 1 1 1 1 2 2 2 3 3 3 3 3 2 2 2 1 1 1 1 1 1 1 1 2
2 2 2 2 2 2 2 2 2 2 2 2 2 3 3 3 3 3 3 3 3 3 3 3 3 2 2 2 2 2 3 3 3 3 3 3 3 3 3 3 3 2 2 2 2 1 1 1 1 1 1 1 1 1 2 2 2 3 3 4 4 4 4 3 3 2 2 1 1 1 1 1 1 1 1 1 2 2 3 3 4 4 4 4 3 3 2 1 1 1 1 1 1 2 2 2
2 2 2 3 3 3 3 3 3 3 3 3 3 3 3 3 3 3 3 3 3 3 3 3 3 3 3 3 3 3 3 3 3 3 3 3 3 3 3 3 3 2 2 2 2 1 1 1 1 1 1 1 1 1 2 2 2 3 3 3 4 4 3 3 2 2 2 1 1 1 1 1 1 1 1 1 2 3 3 4 4 5 5 4 4 3 2 2 1 1 1 2 2 2 2 3
3 3 3 3 3 3 3 3 3 3 3 3 3 3 3 3 3 3 3 3 3 3 3 3 3 3 3 3 3 3 3 3 3 3 3 3 3 3 3 3 3 3 2 2 2 1 1 1 1 1 1 1 1 1 2 2 2 2 3 3 3 3 3 3 2 2 1 1 1 1 1 1 1 1 1 1 2 3 4 4 5 6 6 5 4 3 3 2 1 1 2 2 2 2 3 3
3 3 3 3 3 3 3 3 3 3 3 3 3 3 3 3 3 3 3 3 3 3 3 3 3 3 3 3 3 3 3 3 3 3 3 3 3 3 3 3 3 3 2 2 2 2 1 1 1 1 1 1 1 1 1 2 2 2 2 3 3 3 3 2 2 2 1 1 1 1 1 1 1 1 1 1 2 3 4 5 6 7 7 6 5 4 3 2 1 1 2 2 3 3 3 4
3 3 3 3 3 3 3 3 3 3 3 3 3 3 3 3 3 3 3 3 3 3 3 3 3 3 3 3 3 3 3 3 3 3 3 3 3 3 3 3 3 3 3 2 2 2 1 1 1 1 1 1 1 1 1 2 2 2 2 2 3 3 2 2 2 1 1 1 1 1 1 1 1 1 1 1 2 3 4 5 7 8 7 6 5 4 4 3 2 2 2 2 3 3 4 4
3 3 3 3 3 4 4 4 4 4 4 4 4 4 4 4 4 4 4 4 4 4 4 4 4 4 4 4 4 4 4 4 4 4 4 4 4 4 4 4 4 3 3 3 3 2 2 2 2 2 2 2 2 2 2 2 2 3 3 3 3 3 3 3 3 2 2 2 2 2 1 1 1 1 1 1 2 4 5 6 7 8 8 7 6 5 5 4 3 3 4 4 5 5 6 6
4 4 4 4 4 4 4 4 4 4 4 4 5 4 4 4 4 4 4 4 4 4 4 4 4 4 4 4 4 4 4 4 4 4 4 4 4 4 4 4 4 4 4 3 3 3 3 2 2 2 3 3 3 3 3 3 3 3 3 4 4 4 4 3 3 3 3 3 3 2 2 2 2 1 1 2 3 4 5 6 7 8 8 7 7 6 6 6 5 5 6 6 7 7 8 8
4 4 4 4 4 4 4 5 5 5 5 5 5 5 5 5 5 5 5 5 5 5 5 5 5 5 5 5 5 5 5 5 5 5 5 5 5 5 5 5 5 5 4 4 4 4 3 3 3 3 3 3 3 3 3 3 4 4 4 4 4 4 4 4 4 4 4 4 4 3 3 3 2 2 2 2 3 4 5 6 7 8 8 8 7 7 7 7 7 7 8 8 8 9 9 10
5 5 5 5 5 5 5 5 5 5 5 6 6 6 6 5 5 5 5 5 5 5 5 5 6 6 6 6 6 6 6 6 6 6 6 5 5 5 5 5 5 5 5 5 4 4 4 4 4 4 4 4 4 4 4 4 4 4 5 5 5 5 5 5 5 5 5 5 5 4 4 3 3 2 2 2 3 4 5 6 7 8 8 8 8 8 8 8 9 9 9 10 10 11 11 12
5 5 5 5 5 5 5 6 6 6 6 6 6 6 6 6 6 6 6 6 6 6 6 6 6 6 6 6 6 6 6 6 6 6 6 6 6 6 6 6 6 6 5 5 5 5 5 4 4 4 5 5 5 5 5 5 5 5 5 5 5 5 5 6 6 6 6 6 5 5 4 4 3 3 2 2 3 4 5 6 7 8 8 8 9 9 10 10 10 11 11 12 12 13 13 14
5 5 5 6 6 6 6 6 6 6 7 7 7 7 7 6 6 6 6 6 6 6 7 7 7 7 7 7 7 7 7 7 7 7 7 7 7 7 6 6 6 6 6 6 6 5 5 5 5 5 5 5 5 5 5 5 5 6 6 6 6 6 6 6 6 6 7 7 6 6 5 4 4 3 2 3 4 4 5 6 7 8 8 9 10 10 11 11 12 13 13 14 14 14 15 15
6 6 6 6 6 6 6 6 7 7 7 7 7 7 7 7 7 7 7 6 7 7 7 7 7 8 8 8 8 7 7 7 7 7 7 7 7 7 7 7 7 7 7 6 6 6 6 6 6 6 6 6 6 6 6 6 6 6 6 6 6 7 7 7 7 7 7 8 7 7 6 5 4 4 3 3 4 5 5 6 7 8 8 9 10 11 12 13 14 14 15 15 16 16 17 17
6 6 6 6 6 6 6 7 7 7 7 7 7 7 7 7 7 7 7 7 7 7 7 8 8 8 8 8 8 8 8 8 8 8 8 8 8 7 7 7 7 7 7 7 6 6 6 6 6 6 6 6 6 6 6 6 6 6 7 7 7 7 7 7 7 8 8 8 8 7 6 6 5 4 4 4 5 6 6 7 8 9 10 10 11 12 13 13 14 15 15 16 16 17 17 18
6 6 6 6 6 6 7 7 7 7 7 7 8 7 7 7 7 7 7 7 7 8 8 8 8 8 9 9 9 9 9 9 9 9 8 8 8 8 8 7 7 7 7 7 7 6 6 6 6 6 6 6 6 6 6 6 7 7 7 7 7 7 7 8 8 8 8 8 8 8 7 6 6 5 5 5 6 7 7 8 9 10 11 11 12 13 13 14 15 15 16 16 17 17 18 19
6 6 6 6 6 7 7 7 7 7 7 7 8 8 8 8 8 7 7 8 8 8 8 8 9 9 9 9 9 9 9 9 9 9 9 9 8 8 8 7 7 7 7 7 7 7 7 7 7 6 6 6 6 6 7 7 7 7 7 7 7 8 8 8 8 8 9 9 9 8 8 7 7 6 6 6 7 8 8 9 10 11 12 12 13 13 14 15 15 16 16 17 17 18 19 19
6 6 6 7 7 7 7 7 7 7 7 8 8 8 8 8 8 8 8 8 8 8 8 9 9 9 9 9 10 10 10 10 10 10 10 9 9 8 8 8 7 7 7 7 7 7 7 7 7 7 7 7 7 7 7 7 7 7 7 8 8 8 8 8 9 9 9 9 9 9 8 8 7 7 7 7 8 9 9 10 11 12 13 13 14 14 15 15 16 16 17 18 18 19 19 20
7 7 7 7 7 7 7 7 7 7 7 8 8 8 8 8 8 8 8 8 8 9 9 9 9 9 10 10 10 10 11 11 11 11 10 10 9 9 8 8 7 7 7 7 7 7 7 7 7 7 7 7 7 7 7 7 7 8 8 8 8 8 9 9 9 9 9 10 10 9 9 9 8 8 8 8 9 10 11 11 12 13 14 14 15 15 15 16 16 17 17 18 19 19 20 20
7 7 7 7 7 7 7 7 7 7 8 8 8 8 8 8 8 8 8 9 9 9 9 9 10 10 10 10 11 11 11 11 12 12 11 10 10 9 9 8 8 8 8 7 7 7 7 7 7 7 7 7 7 7 7 7 8 8 8 8 9 9 9 9 9 10 10 10 10 10 10 9 9 9 8 9 10 11 12 12 13 14 15 15 15 16 16 17 17 17 18 19 19 20 20 21
7 7 7 7 7 7 7 7 7 8 8 8 8 8 8 8 8 9 9 9 9 9 10 10 10 10 11 11 11 12 12 12 13 12 12 11 10 10 9 8 8 8 8 8 8 8 8 8 8 8 7 7 7 7 8 8 8 8 8 9 9 9 9 10 10 10 10 11 11 10 10 10 10 10 9 10 11 12 13 14 14 15 16 16 16 17 17 17 17 18 19 19 20 20 21 22
7 7 7 7 7 7 8 8 8 8 8 8 8 9 9 9 9 9 10 10 10 11 11 11 12 12 13 13 13 13 14 14 14 14 13 13 12 11 10 9 9 9 9 9 9 9 8 8 8 8 8 8 8 8 9 9 9 9 9 10 10 10 10 10 11 11 11 11 11 11 11 11 11 11 11 11 12 13 14 15 16 16 17 17 17 17 18 18 18 19 19 20 20 21 21 22
7 7 7 8 8 8 8 8 8 8 9 9 9 9 9 10 10 10 10 11 11 12 12 13 14 14 15 15 15 15 16 16 16 16 15 14 13 12 12 11 10 10 10 10 10 10 9 9 9 9 9 9 9 9 10 10 10 10 10 10 11 11 11 11 12 12 12 12 12 12 12 12 12 12 12 13 14 14 15 16 17 17 18 18 18 18 18 19 19 19 20 20 21 21 22 22
7 8 8 8 8 8 8 8 9 9 9 9 9 10 10 10 11 11 11 12 12 13 14 15 15 16 17 17 17 17 17 18 18 17 17 16 15 14 13 12 11 11 11 11 11 10 10 10 10 10 10 10 10 10 11 11 11 11 11 11 12 12 12 12 12 13 13 13 13 13 13 13 14 14 14 14 15 16 16 17 18 19 19 19 19 19 19 19 19 20 20 21 21 22 22 23
8 8 8 8 8 8 9 9 9 9 10 10 10 10 11 11 11 12 12 12 13 14 15 16 17 18 19 19 19 19 19 19 19 19 18 17 16 15 14 13 12 12 12 12 12 11 11 11 11 11 11 11 11 11 12 12 12 12 12 12 12 13 13 13 13 13 14 14 14 14 14 15 15 15 15 16 16 17 18 18 19 20 20 20 20 20 20 20 20 20 21 21 22 22 23 23
8 8 8 8 9 9 9 9 9 10 10 10 11 11 11 12 12 12 13 13 14 16 17 18 19 20 21 21 21 21 21 21 21 21 20 19 18 16 15 14 13 13 13 13 13 12 12 12 12 12 12 12 12 12 13 13 13 13 13 13 13 13 14 14 14 14 14 15 15 15 15 16 16 16 17 17 18 18 19 20 20 21 21 21 21 21 21 21 21 21 21 22 22 23 23 24
8 8 9 9 9 9 9 10 10 10 10 11 11 11 12 12 13 13 14 14 15 17 18 19 21 22 23 23 23 23 23 23 23 22 21 20 19 18 17 15 15 14 14 14 13 13 13 13 13 13 13 13 13 13 14 14 14 14 14 14 14 14 15 15 15 15 15 15 16 16 17 17 17 18 18 19 19 20 20 21 21 22 22 22 22 22 21 21 21 22 22 22 23 23 24 24
8 9 9 9 9 9 10 10 10 11 11 11 12 12 13 13 13 14 14 15 17 18 19 21 22 24 25 25 25 25 24 24 24 24 23 21 20 19 18 17 16 15 15 15 15 14 14 14 14 14 14 14 14 15 15 15 15 15 15 15 15 15 15 16 16 16 16 16 17 17 18 18 19 19 20 20 21 21 21 22 22 23 23 23 23 22 22 22 22 22 23 23 23 24 24 24
9 9 10 10 10 10 11 11 11 12 12 13 13 13 14 14 15 15 16 16 17 19 20 21 22 24 24 24 24 24 24 24 24 24 23 22 21 20 19 18 17 17 16 16 16 16 15 15 15 15 15 15 16 16 16 16 16 16 16 16 16 16 16 17 17 17 17 18 18 19 19 20 20 21 21 22 22 22 23 23 23 24 24 24 23 23 23 23 23 23 23 24 24 24 25 25
10 10 10 11 11 11 12 12 12 13 13 14 14 15 15 15 16 16 17 17 18 19 20 21 22 23 24 24 24 24 24 24 24 24 23 22 21 20 19 18 18 18 17 17 17 17 17 17 17 17 17 17 17 17 17 17 17 17 17 17 17 17 17 18 18 18 19 19 19 20 20 21 22 22 23 23 23 24 24 24 25 25 25 25 24 24 24 24 24 24 24 24 25 25 25 25
10 11 11 11 12 12 13 13 14 14 14 15 15 16 16 17 17 18 18 19 19 20 21 22 23 23 24 24 24 24 24 24 24 23 23 22 21 21 20 19 19 19 19 19 18 18 18 18 18 18 18 18 18 18 18 18 18 18 18 18 18 18 18 19 19 19 20 20 21 21 22 23 23 24 24 25 25 25 25 25 26 26 26 26 25 25 25 25 24 25 25 25 25 26 26 26
11 11 12 12 13 13 14 14 15 15 16 16 17 17 17 18 18 19 19 20 20 21 21 22 23 23 24 24 24 24 24 24 24 23 23 22 22 21 21 20 20 20 20 20 20 20 19 19 19 19 19 19 19 19 19 19 19 19 19 19 18 19 19 20 20 20 21 21 22 23 23 24 25 25 26 26 26 27 27 27 27 27 27 26 26 26 26 26 25 25 26 26 26 26 26 27
11 12 12 13 13 14 14 15 16 16 17 17 18 18 19 19 20 20 20 21 21 22 22 22 23 23 23 23 23 23 23 23 23 23 23 23 22 22 22 21 21 21 21 21 21 21 21 21 21 21 20 20 20 20 20 20 20 20 20 19 19 20 20 21 21 22 22 23 23 24 25 25 26 27 28 28 28 28 28 28 28 28 28 27 27 27 27 26 26 26 26 27 27 27 27 27
12 12 13 14 14 15 15 16 17 17 18 18 19 19 20 20 21 21 22 22 22 22 23 23 23 23 23 23 23 23 23 23 23 23 23 23 23 23 22 22 22 22 22 22 22 22 22 22 22 22 22 22 21 21 21 21 21 21 21 20 20 20 21 22 22 23 23 24 25 25 26 27 28 28 29 29 29 29 29 29 29 29 29 28 28 28 28 27 27 27 27 27 27 27 28 28
12 13 14 14 15 16 16 17 18 18 19 20 20 21 21 21 22 22 23 23 23 23 23 23 23 23 23 23 23 23 23 23 23 23 23 23 23 23 23 23 23 23 23 23 24 24 24 24 23 23 23 23 23 23 22 22 22 22 22 21 21 21 22 23 23 24 25 25 26 27 27 28 29 30 31 31 31 30 30 30 30 30 30 29 29 29 28 28 28 28 28 28 28 28 28 28
12 13 14 15 15 16 17 18 18 19 20 21 21 21 22 22 22 22 22 23 23 23 23 23 23 23 23 23 23 23 23 23 23 23 23 23 23 23 24 24 24 24 24 25 25 25 25 25 25 25 25 24 24 24 24 23 23 23 23 23 23 23 24 24 25 25 26 26 27 28 28 29 30 30 31 31 31 31 31 31 31 30 30 30 30 29 29 29 29 29 29 29 29 29 30 30
12 13 14 15 16 16 17 18 19 20 21 22 22 22 22 22 22 22 22 22 22 23 23 23 23 23 23 23 23 23 23 23 23 23 23 24 24 24 24 24 24 25 25 26 26 27 27 27 27 26 26 26 25 25 25 25 25 25 25 25 25 25 25 26 26 27 27 28 28 29 29 30 30 31 31 32 32 31 31 31 31 31 31 31 30 30 30 30 30 30 30 30 30 30 31 31
12 13 14 15 16 17 18 19 20 21 22 23 23 23 23 23 22 22 22 22 22 22 23 23 23 23 24 23 23 23 23 23 23 23 24 24 24 24 24 25 25 26 26 27 27 28 29 29 28 28 28 27 27 26 26 26 26 26 26 26 26 27 27 27 28 28 28 29 29 30 30 31 31 31 32 32 32 32 32 32 32 32 32 31 31 31 31 31 30 30 31 31 31 32 32 32
12 13 14 15 16 17 18 19 20 22 23 24 24 24 24 23 23 22 22 22 22 22 23 23 23 24 24 24 24 24 23 23 23 23 24 24 24 25 25 25 26 26 27 28 29 30 30 31 30 30 29 29 28 28 27 28 28 28 28 28 28 28 28 29 29 29 30 30 30 31 31 31 32 32 32 32 32 32 32 32 32 32 32 32 32 32 32 31 31 31 32 32 32 33 33 33
12 13 14 16 17 18 19 20 21 22 24 25 25 25 24 24 23 22 22 21 22 22 22 23 23 24 24 24 24 24 24 24 23 24 24 24 25 25 25 26 26 27 28 29 30 31 32 32 32 31 31 30 29 29 29 29 29 29 29 29 30 30 30 30 31 31 31 31 32 32 32 32 32 33 33 33 33 33 33 33 33 33 33 33 33 33 32 32 32 32 33 33 34 34 34 35
12 13 15 16 17 18 19 21 22 23 24 26 26 26 25 24 23 22 21 21 21 22 22 23 23 24 24 24 24 24 24 24 24 24 24 24 25 25 26 26 27 28 29 30 31 33 34 34 33 33 32 31 31 30 30 30 30 31 31 31 31 32 32 32 32 32 32 33 33 33 33 33 33 33 33 33 33 33 34 34 34 34 34 34 33 33 33 33 33 33 34 34 35 35 36 36
12 14 15 16 17 18 20 21 22 24 25 26 27 26 25 24 23 22 21 21 21 22 22 23 23 24 24 24 24 24 24 24 24 24 24 25 25 26 26 27 27 29 30 31 32 34 35 35 35 34 33 33 32 32 31 32 32 32 33 33 33 34 34 34 34 34 34 34 34 34 34 34 34 34 34 34 34 34 34 34 35 35 35 34 34 34 34 34 34 34 35 35 36 36 37 37
13 14 15 16 17 18 19 20 22 23 24 25 26 25 24 24 23 22 21 21 21 22 22 23 23 24 24 24 24 25 25 25 25 25 25 26 26 26 27 27 28 29 30 32 33 34 35 36 35 35 34 34 33 33 33 34 34 35 36 36 37 37 37 36 36 36 35 35 35 35 35 35 35 35 35 35 35 35 36 36 36 36 36 36 36 35 35 35 35 35 35 36 37 37 38 38
13 14 15 16 17 18 19 20 21 22 23 24 25 24 24 23 22 22 21 21 21 22 22 23 24 24 25 25 25 25 25 25 25 26 26 26 27 27 27 28 28 30 31 32 33 34 36 36 36 36 35 35 35 34 35 36 37 37 38 39 40 40 40 39 38 38 37 36 36 36 36 36 36 36 36 36 36 37 37 37 38 38 38 37 37 37 36 36 35 36 36 37 38 38 39 39
13 14 15 16 17 17 18 19 20 21 22 23 24 23 23 22 22 21 21 21 21 22 23 23 24 24 25 25 25 25 26 26 26 26 27 27 27 28 28 28 29 30 31 32 34 35 36 36 36 36 36 36 36 36 36 37 39 40 41 43 44 44 43 42 41 40 39 38 37 37 37 37 37 37 37 37 38 38 38 39 39 39 39 39 38 38 37 37 36 37 37 38 38 39 40 40
13 14 15 16 16 17 18 19 20 21 21 22 23 23 22 22 22 21 21 21 21 22 23 23 24 24 25 25 26 26 26 27 27 27 27 28 28 28 29 29 29 31 32 33 34 35 36 37 37 37 37 37 37 37 38 39 41 43 44 46 47 47 46 44 43 42 40 39 38 38 38 38 38 38 38 38 39 39 40 40 41 41 41 40 40 39 38 38 37 37 38 39 39 40 41 41
14 14 15 16 16 17 18 18 19 20 20 21 22 22 21 21 21 21 21 21 22 22 23 23 24 25 25 26 26 26 27 27 28 28 28 28 29 29 29 29 30 31 32 33 34 35 36 37 37 38 38 38 38 38 39 41 43 45 47 49 51 51 49 47 45 44 42 40 39 39 39 39 39 39 39 39 40 40 41 41 42 43 42 42 41 40 40 39 38 38 39 40 40 41 42 42
14 14 15 15 16 16 17 18 18 19 20 20 21 21 21 21 21 21 21 21 22 22 23 23 24 25 25 26 26 27 27 28 28 29 29 29 29 30 30 30 30 31 33 34 35 36 37 37 38 38 39 39 39 40 41 43 45 48 50 52 54 54 52 50 48 46 44 41 41 40 40 40 40 40 40 40 41 42 42 43 44 44 44 43 42 41 41 40 39 39 40 41 41 42 43 43
14 15 15 16 16 16 17 18 18 19 19 20 20 20 20 21 21 21 21 21 22 22 23 24 24 25 26 26 27 27 28 28 29 29 30 30 30 30 30 30 31 32 33 34 35 36 37 38 39 39 40 40 41 41 42 45 47 49 51 54 56 56 53 51 49 47 44 42 41 41 41 41 41 41 41 41 42 42 43 44 44 45 45 44 43 42 41 40 40 40 41 41 42 43 43 44
15 15 16 16 17 17 18 18 19 19 20 21 21 21 21 21 21 22 22 22 23 23 24 24 25 25 26 26 27 27 28 28 29 29 29 30 30 30 30 30 31 32 33 35 36 37 39 39 40 40 41 41 41 42 43 45 46 48 50 52 54 53 51 49 47 45 43 41 40 40 40 40 40 40 40 41 41 42 42 43 43 44 44 43 42 42 41 40 40 40 41 41 42 42 43 43
16 16 16 17 17 17 18 19 19 20 21 21 22 22 22 22 22 22 22 23 23 24 24 25 25 26 26 27 27 28 28 28 29 29 29 30 30 30 30 30 31 32 34 35 37 38 40 41 41 41 42 42 42 43 43 45 46 47 49 50 51 51 49 47 45 43 41 39 39 39 39 39 40 40 40 40 41 41 42 42 42 43 43 42 42 41 41 40 40 40 41 41 42 42 42 43
16 17 17 17 18 18 19 19 20 21 21 22 23 23 23 23 23 23 23 23 24 24 25 25 26 26 27 27 27 28 28 29 29 29 29 30 30 30 30 30 31 33 34 36 38 39 41 42 42 43 43 43 43 43 44 45 45 46 47 48 49 48 47 45 43 42 40 38 38 38 38 39 39 39 40 40 40 41 41 41 41 42 41 41 41 41 41 40 40 40 41 41 41 42 42 42
17 17 17 18 18 19 19 20 21 21 22 23 23 24 24 24 24 24 24 24 25 25 25 26 26 27 27 27 28 28 28 29 29 29 29 29 30 30 30 30 31 33 35 37 39 41 43 44 44 44 44 44 44 44 44 45 45 45 46 46 47 46 44 43 41 40 38 37 37 37 37 38 38 39 39 40 40 40 40 40 40 40 40 40 40 40 40 40 40 40 41 41 41 41 42 42
17 18 18 18 19 19 20 21 21 22 23 24 24 24 24 25 25 25 25 25 25 26 26 26 27 27 27 28 28 28 28 29 29 29 29 29 30 30 30 30 31 33 35 37 40 42 44 45 45 45 45 45 45 45 45 45 45 44 44 44 44 44 42 41 40 38 37 36 35 36 37 37 38 39 39 39 39 39 39 39 39 39 39 40 40 40 40 40 40 41 41 41 41 41 41 42
18 18 19 19 19 20 20 21 22 23 24 24 25 25 25 25 25 25 26 26 26 26 27 27 27 27 28 28 28 28 28 29 29 29 29 29 30 30 30 30 31 33 36 38 40 43 45 46 46 46 46 46 46 45 45 45 44 44 43 42 42 41 40 39 38 37 35 34 34 35 36 37 37 38 39 39 39 39 39 38 38 38 38 39 39 40 40 40 41 41 41 41 41 41 41 41
19 19 19 19 19 20 21 22 22 23 24 25 26 26 26 26 26 26 26 26 27 27 27 27 28 28 28 28 28 29 29 29 29 29 29 29 30 30 30 30 31 34 36 38 41 43 46 47 47 46 46 46 46 45 45 44 43 42 42 41 40 39 38 37 36 35 34 33 34 34 35 36 37 38 39 39 39 38 38 38 38 38 38 39 40 40 41 42 43 43 43 42 42 42 42 42
19 19 19 19 19 19 20 21 22 23 24 25 26 26 26 26 26 26 26 27 27 27 27 28 28 28 28 29 29 29 29 29 29 29 30 30 30 31 31 31 32 34 36 38 40 42 45 46 45 45 45 44 44 44 43 43 42 41 41 40 39 38 38 37 36 35 34 33 34 34 35 36 37 37 38 39 39 39 38 38 38 38 40 41 43 44 46 47 49 49 48 47 47 46 45 44
19 19 19 19 19 19 20 21 22 23 24 25 26 26 26 26 26 26 27 27 27 27 28 28 28 29 29 29 29 29 29 29 30 30 30 31 31 31 32 32 33 35 36 38 40 42 43 44 44 44 43 43 42 42 42 41 40 40 39 39 38 38 37 36 36 35 34 33 33 34 35 36 36 37 38 38 38 39 39 39 39 39 41 43 46 48 50 53 55 55 53 52 51 50 48 47
19 19 19 19 18 18 19 20 21 22 24 25 25 26 26 26 26 27 27 27 27 28 28 28 29 29 29 29 29 30 30 30 30 30 31 31 31 32 32 33 34 35 37 38 39 41 42 43 43 42 42 41 41 40 40 39 39 39 38 38 37 37 36 36 35 35 34 33 33 34 35 36 36 37 38 38 38 39 39 39 40 40 42 45 49 52 55 58 61 61 59 57 55 53 51 49
19 19 19 18 18 18 19 20 21 22 23 24 25 26 26 26 26 27 27 27 28 28 28 29 29 29 29 30 30 30 30 30 30 30 31 32 32 33 33 34 34 36 37 38 39 40 41 42 41 41 40 40 39 39 38 38 38 37 37 37 37 36 36 35 35 34 34 33 33 34 35 35 36 37 37 38 38 39 39 40 40 41 44 48 51 55 59 63 67 67 64 62 59 57 55 52
20 19 19 18 17 17 18 20 21 22 23 24 25 26 26 26 27 27 27 27 28 28 29 29 29 30 30 30 30 30 30 30 31 31 31 32 33 33 34 34 35 36 37 38 39 39 40 40 40 39 39 38 38 37 37 36 36 36 36 36 36 35 35 35 34 34 34 33 33 34 35 35 36 36 37 38 38 39 40 40 41 42 45 50 54 59 64 69 73 73 70 67 64 61 58 55
20 19 18 18 17 17 18 19 20 22 23 24 25 26 26 26 27 27 27 28 28 28 29 29 30 30 30 30 30 31 31 31 31 31 32 33 33 34 35 35 36 36 37 38 38 39 39 39 39 38 37 37 36 35 35 35 35 35 35 35 35 35 34 34 34 34 33 33 33 34 35 35 36 36 37 38 38 39 40 41 42 42 46 52 57 63 68 74 79 79 75 72 68 64 61 57
21 20 19 19 18 18 19 20 21 22 24 25 26 26 27 27 27 28 28 28 29 29 30 30 30 31 31 31 31 31 32 32 32 32 33 34 34 35 36 37 37 38 38 38 39 39 39 39 38 38 37 36 35 34 34 34 35 35 35 35 35 35 35 35 35 34 34 34 34 34 35 35 36 36 37 37 38 39 40 41 42 43 47 53 59 64 70 76 82 81 78 74 70 66 63 59
23 22 22 21 21 21 22 23 24 25 26 27 28 28 28 29 29 29 30 30 30 31 31 31 32 32 32 33 33 33 33 33 34 34 35 36 36 37 38 39 39 40 40 40 41 41 42 41 40 39 38 37 36 35 35 35 36 37 37 38 38 38 38 38 37 37 36 36 36 36 36 36 36 37 37 37 38 39 40 40 41 42 46 51 57 63 68 74 79 79 76 72 69 66 62 59
25 25 25 24 24 24 25 26 26 27 28 29 30 30 30 30 31 31 31 31 32 32 32 33 33 33 34 34 34 35 35 35 36 36 37 38 38 39 40 41 41 42 42 43 43 43 44 43 42 41 40 38 37 36 35 36 37 38 39 40 41 42 41 40 40 39 38 38 37 37 37 37 37 37 37 37 38 38 39 40 40 41 45 50 55 61 66 71 77 76 74 71 68 65 62 59
27 27 27 27 27 27 28 28 29 30 30 31 32 32 32 32 32 32 33 33 33 34 34 34 34 35 35 36 36 36 37 37 38 38 39 40 40 41 42 43 43 44 44 45 45 46 46 46 44 42 41 39 38 36 36 37 39 40 42 43 44 45 44 43 42 41 40 40 39 39 38 38 38 37 37 37 38 38 39 39 40 40 44 49 54 59 64 69 74 74 72 69 67 64 62 60
29 29 30 30 30 30 31 31 32 32 33 33 34 34 34 34 34 34 34 34 35 35 35 36 36 36 37 37 38 38 39 39 39 40 41 42 42 43 44 45 45 46 46 47 47 48 48 48 46 44 42 40 39 37 37 38 40 42 44 46 47 48 47 46 45 44 43 42 41 40 39 39 38 37 37 37 37 38 38 39 39 40 43 48 52 57 62 67 71 71 69 68 66 64 62 60
31 32 32 33 33 33 34 34 34 35 35 35 35 35 36 36 36 36 36 36 36 36 37 37 37 38 38 39 39 40 40 41 41 42 43 44 44 45 46 47 47 48 48 49 49 50 51 50 48 46 44 42 39 37 37 39 42 44 46 48 50 51 50 48 47 46 45 44 42 42 41 40 39 38 37 37 37 37 38 38 39 39 42 46 51 55 60 64 69 69 67 66 64 63 61 60
34 34 35 35 36 36 37 37 37 37 37 37 37 37 37 37 37 37 37 37 38 38 38 38 39 39 39 40 41 41 42 43 43 44 45 46 46 47 48 49 49 50 50 51 52 52 53 52 50 47 45 43 40 38 38 41 43 46 48 51 53 54 52 51 50 48 47 45 44 43 42 40 39 38 37 37 37 37 37 38 38 38 41 45 49 54 58 62 66 67 65 64 63 62 61 60
35 36 37 37 38 39 39 39 39 39 39 39 39 39 39 39 39 39 39 39 39 39 40 40 40 40 41 41 42 43 44 44 45 46 46 47 48 48 49 50 51 51 52 52 53 53 54 53 51 49 46 44 41 39 39 42 44 47 50 52 55 55 54 52 51 49 48 46 45 44 42 41 40 38 37 37 37 37 37 37 38 38 40 44 48 52 56 60 63 64 64 63 63 62 62 61
36 37 38 38 39 39 39 40 40 40 40 40 40 40 40 40 40 40 40 40 40 41 41 41 41 42 42 43 43 44 45 45 46 47 47 48 49 49 50 50 51 51 52 53 53 54 54 54 51 49 47 45 43 41 41 43 46 48 50 53 55 55 54 52 50 49 47 46 44 43 42 41 40 39 37 37 37 37 38 38 38 38 40 44 47 51 54 58 61 62 62 63 63 63 63 63
38 38 39 39 40 40 40 40 41 41 41 41 41 41 41 41 41 42 42 42 42 42 42 43 43 43 43 44 45 45 46 47 47 48 48 49 49 50 50 51 51 52 52 53 53 54 54 54 52 50 48 47 45 43 43 45 47 49 51 53 55 55 53 52 50 48 47 45 44 43 42 41 40 39 38 38 38 38 38 38 38 38 40 43 46 49 52 55 58 60 61 62 63 64 65 66
39 39 40 40 41 41 41 41 42 42 42 42 43 43 43 43 43 43 43 43 43 44 44 44 44 44 45 45 46 47 47 48 49 49 49 50 50 50 51 51 52 52 53 53 53 54 54 54 52 51 49 48 46 45 45 46 48 50 51 53 55 54 53 51 50 48 46 45 43 43 42 41 40 39 38 38 38 38 38 38 38 38 40 43 45 48 51 53 56 58 60 61 63 65 66 68
40 40 41 41 41 42 42 42 43 43 43 43 44 44 44 44 44 44 44 45 45 45 45 45 46 46 46 47 47 48 49 49 50 50 50 51 51 51 51 52 52 52 53 53 54 54 55 54 53 52 50 49 48 47 47 48 49 51 52 53 54 54 52 51 49 47 46 44 43 42 42 41 40 39 39 38 38 38 38 38 38 38 40 42 44 47 49 51 54 56 58 61 63 65 68 70
