pluvio/pluvio-282.asc
ncols         252
nrows         154
xllcorner     -0.5
yllcorner     -153.5
cellsize      1
NODATA_value  -9999
[rows 0 to 54 of 154, columns 0 to 95 of 252]
1 1 0 0 0 0 0 0 0 0 1 1 1 1 1 1 1 1 1 1 1 2 2 2 2 3 3 4 5 6 6 7 7 6 5 5 4 3 2 2 2 2 1 1 1 1 1 2 2 3 3 3 4 4 4 3 3 3 3 2 3 3 3 3 3 3 4 4 4 4 4 4 4 4 4 5 5 6 7 7 8 8 9 10 10 11 11 12 12 12 12 12 12 12 12 12
1 1 0 0 0 0 0 0 0 0 0 0 1 1 1 1 1 1 1 1 1 1 2 2 2 3 3 4 5 5 6 7 6 6 5 4 4 3 2 2 2 1 1 1 1 0 1 1 2 2 2 3 3 3 3 3 2 2 2 2 2 2 2 2 2 2 3 3 3 3 3 3 3 3 3 4 5 6 7 7 8 9 9 10 10 11 12 12 12 12 12 12 12 12 12 12
1 1 0 0 0 0 0 0 0 0 0 0 0 1 1 1 1 1 1 1 1 1 2 2 2 2 3 4 4 5 6 6 6 5 5 4 4 3 2 2 2 1 1 1 0 0 0 1 1 1 2 2 2 2 2 2 2 2 2 1 1 1 1 1 1 2 2 2 2 2 2 2 2 2 3 4 5 6 7 8 8 9 10 10 11 11 12 13 12 12 12 12 12 12 11 12
1 1 0 0 0 0 0 0 0 0 0 0 0 0 1 1 1 1 1 1 1 1 2 2 2 2 3 3 4 5 5 6 6 5 5 4 3 3 2 2 1 1 1 0 0 0 0 0 0 1 1 1 2 1 1 1 1 1 1 1 1 1 1 1 1 1 1 1 1 1 1 1 1 1 2 3 4 5 7 8 9 9 10 11 11 12 12 13 13 12 12 12 12 11 11 11
1 1 0 0 0 0 0 0 0 0 0 0 0 0 1 1 1 1 1 1 1 1 1 2 2 2 3 3 4 5 5 6 6 5 5 4 4 3 3 2 2 1 1 0 0 0 0 0 0 0 1 1 1 1 1 1 1 1 1 1 1 0 0 0 0 0 0 0 0 0 0 0 0 0 2 3 4 5 7 8 9 10 10 11 11 12 13 13 13 13 12 12 12 12 11 12
1 1 1 0 0 0 0 0 0 0 0 0 0 0 0 1 1 1 1 1 1 1 1 1 1 2 3 3 4 4 5 6 6 5 5 4 4 3 3 3 2 2 1 1 0 0 0 0 0 0 1 1 1 1 1 1 1 1 1 1 1 0 0 0 0 0 0 0 0 0 0 0 0 0 2 3 4 5 7 8 9 10 10 11 11 12 12 13 13 13 12 12 12 12 12 12
1 1 1 1 0 0 0 0 0 0 0 0 0 0 0 1 1 1 1 1 1 1 1 1 1 2 2 3 4 4 5 6 6 5 5 5 4 4 4 3 2 2 1 1 0 0 0 0 0 0 1 1 1 1 1 1 1 1 1 1 0 0 0 0 0 0 0 0 0 0 0 0 1 1 2 3 4 6 7 8 9 10 10 11 11 12 12 13 13 13 13 12 12 12 12 13
1 1 1 1 1 1 1 0 0 0 0 0 0 0 0 0 1 1 1 1 1 1 1 1 1 2 2 3 4 4 5 6 6 5 5 5 5 4 4 4 3 2 2 1 0 0 0 0 0 0 0 1 1 1 1 1 1 1 1 1 0 0 0 0 0 0 0 0 0 0 0 0 1 1 2 3 4 6 7 8 10 10 10 11 11 12 12 13 13 13 13 13 13 13 13 13
1 1 1 1 1 1 1 1 0 0 0 0 0 0 0 0 1 1 1 1 1 1 1 1 1 1 2 3 3 4 5 5 6 5 5 5 5 5 5 4 3 3 2 1 0 0 0 0 0 0 0 1 1 1 1 1 1 1 1 1 0 0 0 0 0 0 0 0 0 0 0 1 1 1 2 3 5 6 7 8 10 10 10 11 11 12 12 12 13 13 13 13 13 13 13 13
1 1 1 1 1 1 1 1 1 0 0 0 0 0 0 0 0 1 1 1 1 1 1 1 1 1 2 3 3 4 5 5 6 5 5 5 5 5 5 5 4 3 2 1 1 0 0 0 0 0 0 0 1 1 1 1 1 1 1 1 0 0 0 0 0 0 0 0 0 0 0 1 1 1 2 3 5 6 7 9 10 10 11 11 11 12 12 12 12 13 13 13 13 13 14 14
2 2 2 2 2 1 1 1 1 0 0 0 0 0 0 0 0 0 0 1 1 1 1 1 1 1 2 3 3 4 5 5 6 6 6 6 6 6 6 5 4 3 2 2 1 0 0 0 0 0 0 0 1 1 1 1 1 1 1 1 0 0 0 0 0 0 0 0 0 0 0 1 1 1 2 4 5 6 7 9 10 10 11 11 11 12 12 12 12 13 13 13 13 14 14 14
1 2 2 2 1 1 1 1 1 0 0 0 0 0 0 0 1 1 1 1 1 1 1 1 1 2 2 3 3 4 5 5 5 6 6 6 6 6 6 5 4 3 3 2 1 0 0 0 0 0 0 0 1 1 1 1 1 1 1 1 0 0 0 0 0 0 0 0 0 1 1 1 2 2 3 5 6 7 8 10 11 11 11 12 12 12 13 13 13 13 14 14 14 14 15 15
1 1 1 1 1 1 1 1 0 0 0 0 0 0 0 1 1 1 1 1 1 2 2 2 2 3 3 3 4 4 5 5 5 5 5 6 6 6 6 5 4 3 3 2 1 0 0 0 0 0 0 1 1 1 1 1 1 1 1 1 0 0 0 0 0 0 0 0 1 1 2 3 3 4 5 6 7 9 10 11 12 13 13 13 13 14 14 14 14 14 15 15 15 15 15 16
1 1 1 1 1 1 1 0 0 0 0 0 0 0 1 1 1 1 1 2 2 2 3 3 3 3 4 4 4 4 5 5 5 5 5 6 6 6 6 5 4 4 3 2 1 0 0 0 0 0 1 1 1 1 1 1 1 1 1 0 0 0 0 0 0 0 0 1 1 2 3 4 5 5 7 8 9 10 11 13 14 14 14 14 15 15 15 15 15 15 15 16 16 16 16 16
1 1 1 1 1 1 0 0 0 0 0 0 0 0 1 1 1 1 2 2 3 3 3 4 4 4 4 4 4 5 5 5 5 5 5 5 6 6 6 5 5 4 3 2 1 0 0 0 0 1 1 1 1 1 1 1 1 1 1 0 0 0 0 0 0 0 0 1 2 3 4 5 6 7 8 9 11 12 13 14 15 15 16 16 16 16 16 16 16 16 16 16 16 16 17 17
1 1 1 1 1 0 0 0 0 0 0 0 0 0 1 1 1 2 2 3 3 4 4 5 5 5 5 5 5 5 5 4 4 5 5 5 6 6 6 6 5 4 3 2 1 0 0 0 0 1 1 1 2 2 1 1 1 1 1 0 0 0 0 0 0 0 0 1 2 4 5 6 8 9 10 11 12 13 14 16 17 17 17 17 17 17 18 18 18 18 17 17 17 17 17 18
1 1 0 0 0 0 0 0 0 0 0 0 0 0 1 1 2 2 2 3 4 4 5 6 6 6 6 6 5 5 4 4 4 5 5 5 6 6 6 6 5 4 3 2 1 0 0 0 1 1 1 2 2 2 2 1 1 1 1 0 0 0 0 0 0 0 0 1 3 4 6 7 9 10 12 13 14 15 16 17 18 18 18 18 19 19 19 19 19 19 18 18 18 18 18 19
1 0 0 0 0 0 0 0 0 0 0 0 0 1 1 1 2 2 3 4 4 5 6 7 7 7 7 6 6 5 4 4 4 4 5 5 6 6 6 6 5 4 3 2 1 0 0 0 1 1 1 2 2 2 2 1 1 1 1 0 0 0 0 0 0 0 0 2 3 5 7 9 10 12 13 14 15 16 17 18 19 20 20 20 20 20 20 20 20 20 19 19 19 19 19 19
0 0 0 0 0 0 0 0 0 0 0 0 0 1 1 1 2 2 3 3 4 5 6 6 7 7 7 6 6 5 5 4 4 5 5 5 6 6 6 6 5 4 3 2 1 0 0 1 1 1 2 2 3 3 3 2 2 2 2 1 1 1 1 1 1 0 0 2 4 6 7 9 11 13 14 15 16 17 18 19 20 20 20 20 20 20 20 20 20 20 20 20 19 19 19 20
0 0 0 0 0 0 0 0 0 0 0 0 0 1 1 1 1 2 2 3 4 4 5 6 6 6 6 6 6 5 5 5 5 5 6 6 6 6 7 6 5 4 3 2 1 0 1 1 2 2 3 3 4 4 4 4 3 3 3 3 3 2 2 2 1 1 0 2 4 6 8 10 12 14 14 15 16 17 18 18 19 19 19 20 20 20 20 20 20 20 20 20 20 20 20 20
0 0 0 0 0 0 0 0 0 0 0 0 0 1 1 1 1 2 2 3 3 4 4 5 5 5 6 6 6 6 6 6 6 6 6 6 6 7 7 6 5 4 3 3 2 1 1 2 2 3 3 4 5 5 5 5 5 5 5 5 4 4 3 2 2 1 0 2 4 6 8 10 12 14 15 15 16 17 17 18 19 19 19 19 19 20 20 20 20 20 20 20 20 20 20 21
0 0 0 0 0 0 0 0 0 0 0 0 0 1 1 1 1 1 2 2 3 3 3 4 4 5 5 5 5 6 6 6 6 6 6 7 7 7 7 6 5 5 4 3 2 1 2 2 3 3 4 5 5 6 6 6 6 6 6 7 6 5 4 3 2 2 1 2 5 7 9 11 13 15 15 16 16 17 17 17 18 18 18 19 19 19 19 20 20 20 20 20 20 20 20 21
0 0 0 0 0 0 0 0 0 0 0 0 0 0 1 1 1 1 1 2 2 2 3 3 3 4 4 5 5 6 6 7 7 7 7 7 7 7 7 6 6 5 4 3 2 2 2 3 3 4 5 6 6 7 7 7 8 8 8 8 7 6 5 4 3 2 1 3 5 7 9 11 13 15 15 16 16 16 17 17 17 18 18 18 19 19 19 19 20 20 20 20 20 21 21 22
0 0 0 0 0 0 0 0 0 0 0 0 0 0 1 1 1 1 1 1 1 2 2 2 2 3 4 4 5 6 7 7 8 8 7 7 7 7 7 7 6 5 4 4 3 2 3 3 4 5 6 6 7 8 8 8 9 9 10 10 9 8 6 5 4 2 1 3 5 7 9 11 13 16 16 16 16 16 16 17 17 17 17 18 18 18 19 19 19 20 20 20 21 21 21 22
0 0 0 0 0 0 0 0 0 0 0 0 0 0 0 0 0 0 1 1 1 1 1 1 1 2 3 4 5 6 7 8 8 8 8 8 8 7 7 7 6 5 5 4 3 2 3 4 5 5 6 7 8 9 9 10 10 11 11 12 11 9 7 6 4 3 1 3 5 7 10 12 14 16 16 16 16 16 16 16 16 17 17 17 18 18 18 19 19 20 20 20 21 21 22 22
0 0 0 0 0 0 0 0 0 0 0 0 0 0 0 0 0 1 1 1 2 2 3 3 4 5 5 6 7 8 9 10 10 10 10 9 9 9 8 8 7 7 6 5 5 4 5 5 6 7 8 8 9 10 10 11 11 12 13 13 12 10 9 8 6 5 3 5 7 9 11 13 15 17 17 17 17 17 17 17 17 17 17 18 18 18 19 19 19 20 21 21 22 22 23 23
0 0 0 0 0 0 0 0 0 0 0 0 0 1 1 1 1 1 1 2 4 5 6 7 8 9 9 10 11 11 12 13 12 12 12 11 11 10 10 10 9 9 8 8 7 6 7 7 8 9 9 10 10 11 11 12 12 13 14 14 13 12 11 10 9 8 7 8 10 11 13 15 17 18 18 18 18 18 18 18 18 18 18 18 18 19 19 19 20 21 21 22 23 23 24 24
1 0 0 0 0 0 0 0 0 0 0 0 0 1 1 1 1 1 2 4 5 7 9 10 12 13 13 13 14 14 15 15 15 14 14 13 13 12 12 11 11 10 10 10 9 9 9 9 10 10 11 11 12 12 13 13 14 14 15 15 14 14 13 12 11 11 10 11 12 14 15 17 18 20 19 19 19 19 19 19 18 19 19 19 19 19 19 19 20 21 22 23 23 24 25 25
1 1 0 0 0 0 0 0 0 0 0 0 0 1 1 1 1 1 2 5 7 9 11 14 16 17 17 17 17 17 17 18 17 16 16 15 15 14 13 13 13 12 12 12 11 11 11 12 12 12 12 13 13 13 14 14 15 15 16 16 16 15 15 14 14 13 13 14 15 16 17 19 20 21 21 20 20 20 20 20 19 19 19 20 20 20 20 20 21 22 23 23 24 25 26 26
1 1 1 0 0 0 0 0 0 0 0 0 0 1 1 1 1 1 3 6 9 12 14 17 20 21 21 21 20 20 20 20 19 19 18 17 16 16 15 15 14 14 14 14 14 14 14 14 14 14 14 14 14 14 15 15 16 16 17 17 17 17 17 17 16 16 16 17 18 19 19 20 21 22 22 22 21 21 21 21 20 20 20 20 20 20 20 20 21 22 23 24 25 26 27 27
1 1 1 1 0 0 0 0 0 0 0 0 0 1 1 1 1 1 4 7 10 14 17 21 24 25 25 24 24 23 23 23 22 21 20 19 18 18 17 16 16 16 16 16 16 16 16 16 16 16 15 15 15 16 16 16 17 17 18 18 18 18 19 19 19 19 19 20 20 21 22 22 23 23 23 23 22 22 22 22 21 21 21 21 21 20 20 20 21 23 24 25 26 27 28 28
1 1 1 1 0 0 0 0 0 0 0 0 0 1 1 1 1 2 4 8 12 16 20 24 28 29 28 28 27 26 26 25 24 23 22 21 20 19 18 18 18 18 18 18 18 18 18 18 18 17 17 17 16 17 17 17 18 18 19 19 19 20 20 21 21 22 23 23 23 23 24 24 24 24 24 24 24 23 23 23 22 22 22 21 21 21 21 20 22 23 24 26 27 28 30 29
2 1 1 1 1 1 1 1 1 1 0 1 1 1 1 2 2 2 4 8 12 16 20 24 27 28 28 27 26 26 25 25 24 23 22 21 21 20 19 19 19 19 19 19 19 19 19 18 18 18 17 17 17 17 17 18 18 18 19 19 20 20 21 22 22 23 24 24 24 24 25 25 25 25 25 25 24 24 24 23 23 23 22 22 22 21 21 21 22 24 25 26 28 29 30 30
2 2 2 1 1 1 1 1 1 1 1 1 1 2 2 2 2 3 5 8 11 15 18 21 25 25 25 25 24 24 24 23 23 22 22 21 20 20 19 19 19 19 19 19 19 19 18 18 18 17 17 17 17 17 17 17 18 18 18 19 19 20 21 22 23 24 24 25 25 25 25 25 25 26 25 25 25 24 24 24 24 23 23 23 22 22 22 22 23 24 25 27 28 29 30 30
3 2 2 2 2 2 2 2 2 1 1 1 2 2 2 3 3 3 5 8 11 13 16 19 22 23 23 22 22 22 22 22 21 21 21 20 20 20 19 19 19 19 19 19 19 18 18 18 18 17 17 17 16 17 17 17 17 18 18 18 19 20 21 22 23 24 25 25 25 25 26 26 26 26 26 26 25 25 25 25 24 24 24 23 23 23 22 22 23 25 26 27 28 30 31 30
3 3 3 2 2 2 2 2 2 2 2 2 2 2 3 3 3 4 5 7 10 12 14 17 19 20 20 20 20 20 20 20 20 20 20 20 20 20 19 19 19 19 19 19 18 18 18 18 17 17 17 16 16 16 17 17 17 18 18 18 19 20 21 22 23 24 25 26 26 26 26 26 26 26 26 26 26 26 25 25 25 25 24 24 24 23 23 23 24 25 26 27 29 30 31 30
3 3 3 3 3 3 3 3 2 2 2 2 3 3 3 4 4 4 5 7 9 11 13 15 16 17 17 18 18 18 19 19 19 19 19 19 19 19 20 19 19 19 19 18 18 18 18 17 17 17 16 16 16 16 16 17 17 17 18 18 19 20 21 22 24 25 26 26 26 26 27 27 27 27 27 27 26 26 26 26 26 25 25 25 24 24 24 23 24 26 27 28 29 30 31 30
4 4 4 3 3 3 3 3 3 3 3 3 3 3 4 4 4 5 6 7 8 10 11 12 14 14 15 15 16 16 17 17 18 18 18 19 19 19 20 20 19 19 19 18 18 18 18 17 17 17 16 16 16 16 16 16 17 17 17 18 19 20 21 23 24 25 26 27 27 27 27 27 27 27 27 27 27 27 27 26 26 26 26 25 25 24 24 24 25 26 27 28 29 30 31 31
4 4 4 4 4 4 4 3 3 3 3 3 4 4 4 4 5 5 6 7 7 8 9 10 11 12 12 13 14 15 15 16 16 17 18 18 19 19 20 20 19 19 19 18 18 18 17 17 17 16 16 16 15 16 16 16 16 17 17 17 19 20 21 23 24 26 27 27 27 27 27 28 28 28 28 28 27 27 27 27 27 27 26 26 25 25 25 24 25 26 27 29 30 31 31 31
5 5 4 4 4 4 4 4 4 4 4 4 4 4 5 5 5 5 6 6 7 8 8 9 10 11 12 13 14 14 15 16 17 18 18 19 19 20 20 20 20 19 19 18 18 18 17 17 17 16 16 16 15 15 16 16 16 17 17 17 18 20 21 22 24 25 26 27 27 27 28 28 28 28 28 28 28 28 28 28 28 27 27 26 26 25 25 24 25 26 27 28 29 30 31 30
5 5 5 5 5 5 4 4 4 4 4 4 4 5 5 5 5 6 6 6 7 8 8 9 9 10 11 13 14 15 16 17 18 18 19 19 20 20 20 20 20 19 19 18 18 18 17 17 17 16 16 16 15 15 16 16 16 17 17 17 18 19 21 22 23 24 25 26 26 27 27 28 29 29 29 29 29 29 29 29 28 28 27 27 26 25 25 24 25 26 27 28 28 29 30 29
6 5 5 5 5 5 5 5 5 5 5 5 5 5 5 5 6 6 6 6 7 7 8 8 9 10 11 13 14 16 17 19 19 19 20 20 20 20 21 20 20 19 19 19 18 18 17 17 17 16 16 15 15 15 16 16 16 16 17 17 18 19 20 21 22 23 24 25 26 27 27 28 29 30 30 30 30 29 29 29 29 28 28 27 26 26 25 24 25 26 26 27 28 28 29 28
6 6 6 6 5 5 5 5 5 5 5 5 5 5 5 6 6 6 6 6 7 7 7 8 8 9 11 13 14 16 18 20 20 20 20 21 21 21 21 20 20 20 19 19 18 18 17 17 16 16 16 15 15 15 15 16 16 16 17 17 18 19 20 21 21 22 23 24 25 26 27 28 29 30 30 30 30 30 30 30 30 29 28 27 27 26 25 24 25 25 26 26 27 27 28 27
6 6 6 6 6 6 6 6 6 5 5 5 6 6 6 6 6 6 6 6 7 7 7 7 7 9 11 13 15 17 19 21 21 21 21 21 21 21 21 21 20 20 19 19 18 18 17 17 16 16 16 15 15 15 15 16 16 16 17 17 18 18 19 20 21 21 22 23 25 26 27 29 30 31 31 31 31 31 31 31 31 30 29 28 27 26 25 24 24 25 25 26 26 26 27 26
7 7 7 6 6 6 6 6 6 6 6 6 6 6 6 6 6 6 6 6 6 7 7 7 7 8 10 13 15 17 20 22 22 22 22 22 22 21 21 21 20 20 19 19 18 18 17 17 16 16 15 15 15 15 15 15 16 16 17 17 17 18 19 19 20 20 21 23 24 26 27 29 30 32 32 32 32 32 31 31 31 30 29 28 27 26 25 24 24 24 25 25 25 26 26 26
7 7 7 7 7 7 7 7 6 6 6 6 6 6 6 6 6 7 7 6 6 6 6 6 6 8 10 13 15 18 20 23 23 23 23 22 22 22 22 21 20 20 19 19 18 18 17 17 16 16 15 15 14 15 15 15 16 16 17 17 17 18 18 19 19 20 20 22 23 25 27 29 31 32 32 32 32 32 32 32 32 31 30 28 27 26 25 24 24 24 24 24 25 25 25 25
8 8 7 7 7 7 7 7 7 7 7 7 7 7 7 7 7 7 7 7 7 6 6 6 6 8 11 13 16 19 21 24 25 24 24 24 23 23 22 22 21 20 19 19 18 17 17 16 16 16 15 15 14 15 15 15 16 16 17 17 17 18 18 19 19 19 20 21 23 25 26 28 30 31 31 31 31 31 31 31 31 30 29 28 27 26 25 24 24 24 24 24 24 25 25 24
8 8 8 8 8 8 8 8 8 8 8 8 7 7 7 7 7 7 7 7 7 7 7 7 7 8 11 14 17 20 23 25 26 26 25 25 24 24 23 23 22 21 20 19 18 17 16 16 16 15 15 15 14 15 15 16 16 16 17 17 18 18 18 19 19 19 20 21 22 24 25 27 28 29 29 30 30 30 30 30 30 29 28 27 27 26 25 24 24 24 24 24 24 25 25 24
8 8 8 8 8 8 8 8 8 8 8 8 8 8 8 8 7 7 7 7 7 7 7 7 7 9 12 15 18 21 24 27 27 27 26 26 25 25 24 23 22 21 20 18 17 16 16 15 15 15 15 15 15 15 15 16 16 17 17 18 18 18 19 19 19 19 20 21 22 23 24 25 26 28 28 28 28 28 28 28 28 28 27 27 26 26 25 25 25 25 25 25 25 25 24 24
9 8 8 8 8 8 9 9 9 9 9 9 9 8 8 8 8 7 7 7 7 7 7 7 7 9 12 16 19 22 25 28 29 28 28 27 27 26 25 24 23 21 20 18 17 15 15 15 15 15 15 15 15 15 15 16 16 17 17 18 18 18 19 19 19 19 20 21 21 22 23 24 25 26 26 26 26 27 27 27 27 27 27 26 26 26 25 25 25 25 25 25 25 25 24 24
9 9 9 9 9 9 9 9 9 10 10 10 9 9 9 8 8 8 8 8 8 8 8 8 8 10 13 16 20 23 26 29 30 29 29 28 28 27 27 25 23 22 20 18 16 15 14 14 14 14 15 15 15 15 16 16 17 17 18 18 18 19 19 19 19 19 20 20 21 22 22 23 23 24 24 25 25 25 25 26 26 26 26 26 26 26 26 25 25 25 25 25 25 25 24 24
9 9 9 9 9 9 9 10 10 10 11 10 10 10 9 9 8 8 8 8 8 8 8 8 8 10 14 17 20 24 27 31 31 31 30 29 29 28 28 26 24 22 20 18 16 14 14 14 14 14 14 15 15 15 16 16 17 17 18 18 19 19 19 19 19 19 20 20 20 21 21 22 22 22 23 23 23 24 24 24 24 25 25 25 25 25 26 26 26 25 25 25 25 24 24 24
10 9 9 9 9 10 10 10 11 11 11 11 11 10 10 9 9 8 8 8 8 8 8 8 8 11 14 18 21 25 28 32 32 32 31 31 30 29 29 27 25 22 20 18 16 13 13 13 14 14 14 15 15 15 16 16 17 18 18 19 19 19 19 19 19 19 20 20 20 20 20 20 20 21 21 21 22 22 22 23 23 24 24 24 25 25 26 26 26 26 25 25 25 24 24 24
10 10 10 10 10 11 11 11 12 12 13 13 12 12 11 11 10 9 9 9 9 9 10 10 10 12 15 19 22 26 29 32 33 32 31 31 30 29 28 26 24 22 20 18 15 13 13 13 14 14 14 14 15 15 16 16 17 17 18 18 18 19 19 19 19 20 20 20 20 20 20 20 20 21 21 21 22 22 22 23 23 24 24 24 25 25 26 26 26 25 25 25 25 24 24 24
10 10 11 11 11 12 12 13 13 14 15 14 14 13 13 12 11 11 11 11 11 11 11 11 11 13 17 20 23 26 30 33 33 32 31 30 29 29 28 26 24 22 20 17 15 13 13 13 14 14 14 14 14 15 15 16 16 17 17 18 18 18 19 19 19 20 20 20 20 20 20 21 21 21 21 22 22 22 23 23 24 24 24 24 25 25 25 26 25 25 25 25 24 24 24 24
