pluvio/pluvio-177.asc
ncols         252
nrows         154
xllcorner     -18.017974
yllcorner     13.481982
cellsize      0.035948
NODATA_value  -9999
[rows 102 to 152 of 154, columns 96 to 191 of 252]
113 113 113 112 112 111 111 111 110 110 109 109 108 108 107 107 106 106 105 105 104 104 103 102 101 99 98 97 95 94 93 91 90 89 87 86 85 84 83 82 81 80 79 78 78 77 76 75 74 73 72 74 75 77 78 80 81 83 84 86 87 89 90 92 93 92 91 91 90 89 89 88 87 86 86 85 84 83 83 82 81 81 80 79 78 78 77 76 76 75 74 74 73 74 75 76
116 116 116 115 115 115 114 114 114 113 113 112 112 112 111 111 110 110 109 109 109 108 108 107 105 104 102 101 99 98 96 95 93 92 90 89 87 86 86 85 84 83 82 81 80 79 78 77 76 75 75 76 78 79 81 82 84 86 87 89 90 92 94 95 97 96 95 95 94 93 93 92 91 90 90 89 88 88 87 86 86 85 84 84 83 82 82 81 80 79 79 78 78 79 80 80
119 119 118 118 118 118 117 117 117 117 116 116 116 115 115 115 114 114 114 113 113 113 112 111 109 108 106 105 103 101 100 98 97 95 93 92 90 89 88 87 86 85 85 84 83 82 81 80 79 78 77 79 80 82 84 85 87 89 90 92 94 95 97 99 100 100 99 98 98 97 97 96 95 95 94 93 93 92 91 91 90 89 89 88 87 87 86 85 85 84 83 82 82 83 84 85
120 120 120 120 120 119 119 119 119 118 118 118 118 117 117 117 117 116 116 116 116 115 115 114 112 111 109 107 106 104 102 101 99 98 96 94 93 92 91 90 89 87 86 85 84 83 82 81 80 79 78 80 82 83 85 86 88 90 91 93 94 96 98 99 101 100 100 99 99 98 98 97 97 96 96 95 95 94 94 93 92 92 91 90 90 89 88 88 87 86 85 85 84 85 86 87
121 121 121 121 120 120 120 120 119 119 119 119 119 119 119 118 118 118 118 118 118 118 117 116 114 113 111 110 108 106 105 103 101 100 98 97 95 94 93 91 90 89 88 87 86 85 84 83 82 80 79 81 82 84 85 87 88 90 91 93 94 96 97 99 100 100 99 99 99 98 98 98 97 97 97 96 96 96 95 95 94 93 92 92 91 90 89 89 88 87 87 86 85 86 87 88
122 122 122 122 121 121 121 121 120 120 120 120 120 120 120 120 120 120 120 120 120 120 120 118 117 115 113 112 110 109 107 105 104 102 100 99 97 96 95 93 92 91 90 89 87 86 85 84 83 81 80 81 83 84 86 87 88 90 91 92 94 95 96 98 99 99 99 99 98 98 98 98 98 98 97 97 97 97 97 96 95 94 94 93 92 91 91 90 89 89 88 87 87 87 88 89
123 123 123 122 122 122 122 121 121 121 121 121 121 121 121 121 121 122 122 122 122 122 122 121 119 117 116 114 112 111 109 108 106 104 103 101 99 98 97 95 94 93 92 90 89 88 86 85 84 82 81 82 84 85 86 87 88 90 91 92 93 94 96 97 98 98 98 98 98 98 98 98 98 98 98 98 98 98 98 97 97 96 95 94 94 93 92 91 91 90 89 88 88 88 89 90
124 124 124 123 123 123 123 122 122 122 122 122 123 123 123 123 123 123 123 124 124 124 124 123 121 120 118 116 115 113 111 110 108 106 105 103 102 100 99 97 96 95 93 92 90 89 88 86 85 84 82 83 84 85 86 87 89 90 91 92 93 94 95 96 97 97 98 98 98 98 98 98 99 99 99 99 99 99 99 99 98 97 96 96 95 94 93 93 92 91 90 89 89 90 90 91
125 125 125 124 124 124 123 123 123 123 123 123 124 124 124 124 125 125 125 125 126 126 126 125 123 122 120 118 117 115 114 112 110 109 107 105 104 102 101 99 98 96 95 93 92 90 89 87 86 85 83 84 85 86 87 88 89 90 91 92 92 93 94 95 96 97 97 97 98 98 98 99 99 99 100 100 100 101 101 100 99 98 98 97 96 95 95 94 93 92 91 91 90 91 91 92
126 126 125 125 125 125 124 124 124 124 124 125 125 125 126 126 126 127 127 127 128 128 128 127 126 124 122 121 119 117 116 114 113 111 109 108 106 105 103 101 100 98 97 95 93 92 90 89 87 86 84 85 86 86 87 88 89 90 90 91 92 93 94 95 95 96 96 97 97 98 98 99 99 100 100 101 101 102 102 101 101 100 99 98 97 97 96 95 94 93 93 92 91 92 92 93
127 127 126 126 126 126 125 125 125 125 125 126 126 127 127 127 128 128 129 129 130 130 131 129 128 126 125 123 121 120 118 116 115 113 112 110 108 107 105 103 102 100 98 97 95 93 92 90 88 87 85 85 86 87 88 88 89 90 90 91 92 92 93 94 94 95 96 96 97 98 98 99 100 100 101 102 102 103 104 103 102 101 100 100 99 98 97 96 95 95 94 93 93 93 93 94
128 128 127 127 127 126 126 126 125 126 126 127 127 128 128 129 130 130 131 131 132 132 133 132 130 128 127 125 124 122 120 119 117 115 114 112 111 109 107 105 104 102 100 98 96 95 93 91 89 88 86 86 87 87 88 88 89 90 90 91 91 92 92 93 93 94 95 96 97 98 99 99 100 101 102 103 104 104 105 104 103 102 102 101 100 99 98 98 97 96 95 94 94 94 95 95
129 128 128 128 128 127 127 127 126 127 127 128 129 129 130 131 131 132 132 133 134 134 135 134 132 131 129 127 126 124 123 121 119 118 116 114 113 111 109 107 105 104 102 100 98 96 94 92 90 89 87 87 87 88 88 89 89 90 90 90 91 91 92 92 93 94 95 96 97 98 99 100 101 102 103 104 105 106 106 106 105 104 103 102 101 100 100 99 98 97 96 95 95 95 96 96
130 129 129 129 128 128 128 128 127 128 128 129 130 131 131 132 133 133 134 135 136 136 137 136 134 133 131 130 128 126 125 123 122 120 118 117 115 113 111 109 107 105 103 101 99 97 96 94 92 90 88 88 88 88 89 89 89 90 90 90 90 91 91 91 92 93 94 95 96 98 99 100 101 102 103 105 106 107 108 107 106 105 104 103 103 102 101 100 99 98 97 97 96 96 97 97
131 130 130 130 129 129 129 128 128 129 129 130 131 132 133 134 134 135 136 137 138 139 139 138 137 135 133 132 130 129 127 125 124 122 121 119 117 115 113 111 109 107 105 103 101 99 97 95 93 91 89 89 89 89 89 89 89 90 90 90 90 90 90 91 91 92 93 95 96 97 99 100 101 103 104 105 107 108 109 108 107 107 106 105 104 103 102 101 100 100 99 98 97 97 98 98
132 131 131 131 130 130 130 129 129 129 130 131 132 133 134 135 136 137 138 139 140 141 142 141 139 137 136 134 132 131 129 128 126 124 123 121 120 118 115 113 111 109 107 105 102 100 98 96 94 92 90 89 89 90 90 90 90 90 90 90 90 90 90 90 90 91 93 94 96 97 99 100 102 103 105 106 108 109 111 110 109 108 107 106 105 104 103 103 102 101 100 99 98 99 99 99
132 132 132 131 131 131 130 130 130 130 131 132 133 135 136 137 138 139 140 141 142 143 144 143 141 140 138 136 135 133 131 130 128 127 125 123 122 120 117 115 113 111 108 106 104 102 99 97 95 93 90 90 90 90 90 90 90 90 89 89 89 89 89 89 89 91 92 94 96 97 99 101 102 104 106 107 109 111 112 111 110 109 108 107 107 106 105 104 103 102 101 100 100 100 100 100
133 132 132 132 132 131 131 131 130 131 132 133 134 135 136 138 139 140 141 142 143 144 145 144 143 141 139 138 136 135 133 131 130 128 127 125 123 121 119 117 115 112 110 108 106 103 101 99 97 95 92 92 92 92 92 92 92 91 91 91 91 91 91 91 91 92 94 96 97 99 101 102 104 106 107 109 110 112 113 112 112 111 110 109 108 107 106 105 104 103 102 101 101 101 101 101
133 133 132 132 132 132 131 131 131 132 133 134 135 136 137 138 140 141 142 143 144 145 146 145 144 142 141 139 137 136 134 133 131 130 128 126 125 123 121 118 116 114 112 110 107 105 103 101 99 97 94 94 94 94 94 94 94 94 94 94 94 94 94 94 94 95 97 98 100 101 103 104 106 107 109 111 112 114 115 114 113 112 111 110 109 108 107 106 105 104 103 102 102 102 102 102
133 133 133 132 132 132 132 132 131 132 133 134 136 137 138 139 140 142 143 144 145 146 148 147 145 143 142 140 139 137 136 134 133 131 129 128 126 124 122 120 118 116 114 111 109 107 105 103 101 99 97 96 96 96 96 96 96 96 96 96 96 96 96 96 96 98 99 101 102 104 105 107 108 109 111 112 114 115 116 115 114 113 112 111 110 109 108 107 106 105 104 103 103 103 103 103
133 133 133 133 132 132 132 132 132 133 134 135 136 138 139 140 141 143 144 145 146 147 149 148 146 145 143 142 140 139 137 135 134 132 131 129 128 126 124 121 119 117 115 113 111 109 107 105 103 101 99 99 99 99 99 99 99 99 99 99 99 99 99 99 99 101 102 103 105 106 107 109 110 111 113 114 115 117 118 117 116 115 114 113 112 111 110 109 108 107 106 105 104 104 104 104
133 133 133 133 133 133 132 132 132 133 134 136 137 138 140 141 142 143 145 146 147 149 150 149 147 146 144 143 141 140 138 137 135 134 132 131 129 127 125 123 121 119 117 115 113 111 109 107 105 103 101 101 101 101 101 101 101 101 101 102 102 102 102 102 102 103 105 106 107 108 110 111 112 113 114 116 117 118 119 118 117 116 115 114 113 112 111 110 109 108 107 106 105 105 105 105
133 133 133 133 133 133 133 133 133 134 135 136 138 139 140 142 143 144 146 147 148 150 151 150 149 147 146 144 143 141 140 138 137 135 133 132 130 129 127 125 123 121 119 117 115 113 111 109 107 105 103 103 103 103 103 104 104 104 104 104 104 104 105 105 105 106 107 108 109 111 112 113 114 115 116 117 119 120 121 120 118 117 116 115 114 113 112 111 110 109 108 107 106 106 106 106
133 133 133 133 133 133 133 133 133 134 136 137 138 140 141 143 144 145 147 148 150 151 152 151 150 148 147 145 144 142 141 139 138 136 135 133 132 130 128 126 124 122 120 118 117 115 113 111 109 107 105 105 105 106 106 106 106 106 106 107 107 107 107 107 108 109 110 111 112 113 114 115 116 117 118 119 120 121 122 121 120 119 118 117 115 114 113 112 111 110 109 108 107 107 107 107
133 133 133 133 133 134 134 134 134 135 136 138 139 140 142 143 145 146 148 149 151 152 153 153 151 150 148 147 145 144 142 141 139 138 136 135 133 131 130 128 126 124 122 120 118 117 115 113 111 109 107 107 108 108 108 108 109 109 109 109 109 110 110 110 110 111 112 113 114 115 116 117 118 119 120 121 122 123 123 122 121 120 119 118 117 116 115 113 112 111 110 109 108 108 108 107
133 133 134 134 134 134 134 134 134 135 137 138 140 141 143 144 146 147 149 150 152 153 155 154 152 151 149 148 146 145 144 142 141 139 138 136 135 133 131 129 127 126 124 122 120 118 117 115 113 111 109 109 110 110 110 111 111 111 112 112 112 112 113 113 113 114 115 116 117 118 118 119 120 121 122 123 123 124 125 124 123 121 120 119 118 117 116 115 113 112 111 110 109 109 109 108
133 134 134 134 134 134 134 134 135 136 137 139 140 142 143 145 147 148 150 151 153 154 156 155 154 152 151 149 148 146 145 143 142 140 139 138 136 134 133 131 129 127 126 124 122 120 118 117 115 113 111 112 112 112 113 113 113 114 114 114 115 115 115 116 116 117 118 118 119 120 121 121 122 123 124 124 125 126 126 125 124 123 122 121 119 118 117 116 115 114 112 111 110 110 110 109
134 134 134 134 134 135 135 135 135 136 138 139 141 143 144 146 147 149 151 152 154 155 157 156 155 153 152 151 149 148 146 145 143 142 140 139 137 136 134 132 131 129 127 126 124 122 120 119 117 115 114 114 114 115 115 115 116 116 117 117 117 118 118 119 119 120 120 121 122 122 123 123 124 125 125 126 127 127 128 127 125 124 123 122 121 119 118 117 116 115 113 112 111 111 111 110
134 134 134 134 135 135 135 135 136 137 138 140 142 143 145 147 148 150 152 153 155 157 158 158 156 155 153 152 150 149 147 146 145 143 142 140 139 137 136 134 132 131 129 127 126 124 122 121 119 117 116 116 116 117 117 118 118 119 119 120 120 120 121 121 122 122 123 123 124 124 125 126 126 127 127 128 128 129 129 128 127 126 124 123 122 121 119 118 117 116 115 113 112 112 112 111
134 134 134 135 135 135 135 136 136 137 139 141 142 144 146 148 149 151 153 154 156 158 159 159 157 156 154 153 152 150 149 147 146 145 143 142 140 139 137 135 134 132 131 129 127 126 124 123 121 119 118 118 119 119 120 120 121 121 122 122 123 123 124 124 125 125 125 126 126 127 127 128 128 129 129 130 130 130 131 129 128 127 126 124 123 122 121 119 118 117 116 114 113 113 113 112
134 134 134 135 135 135 136 136 136 138 140 141 143 145 147 148 150 152 154 155 157 159 161 160 159 157 156 154 153 152 150 149 147 146 145 143 142 140 139 137 135 134 132 131 129 128 126 125 123 121 120 120 121 121 122 122 123 124 124 125 125 126 126 127 127 128 128 128 129 129 129 130 130 131 131 131 132 132 132 131 130 128 127 126 124 123 122 121 119 118 117 116 114 114 113 113
134 134 135 135 136 136 137 137 138 139 141 142 144 146 148 149 151 153 155 156 158 160 162 161 160 158 157 155 154 153 151 150 149 147 146 144 143 142 140 139 137 136 134 133 131 130 128 127 125 124 122 123 124 125 125 126 127 128 129 129 130 131 132 133 133 134 134 135 135 135 136 136 136 137 137 137 138 138 138 137 135 134 132 131 129 128 126 125 123 122 120 119 117 117 116 116
134 135 135 136 136 137 138 138 139 140 142 144 145 147 149 151 152 154 156 158 159 161 163 162 161 159 158 157 155 154 153 151 150 148 147 146 144 143 141 140 139 137 136 134 133 132 130 129 127 126 125 126 127 128 129 130 131 132 133 135 136 137 138 139 140 141 141 141 142 142 142 143 143 144 144 144 145 145 145 143 142 140 138 136 134 133 131 129 127 126 124 122 120 120 119 119
134 135 136 136 137 138 139 139 140 141 143 145 147 148 150 152 153 155 157 159 160 162 164 163 162 160 159 158 156 155 154 152 151 150 148 147 146 144 143 142 140 139 138 136 135 134 132 131 130 128 127 128 130 131 133 134 135 137 138 140 141 143 144 146 147 147 148 148 148 149 149 150 150 150 151 151 152 152 152 150 148 146 144 142 140 138 136 134 132 129 127 125 124 123 122 122
135 135 136 137 138 139 140 140 141 143 144 146 148 150 151 153 155 156 158 160 161 163 165 164 163 162 160 159 158 156 155 154 152 151 150 148 147 146 144 143 142 141 139 138 137 136 134 133 132 131 129 131 133 134 136 138 140 141 143 145 147 148 150 152 154 154 154 155 155 156 156 157 157 157 158 158 159 159 159 157 154 152 150 147 145 143 140 138 136 133 131 129 127 126 126 125
135 136 137 138 139 140 141 141 142 144 146 147 149 151 152 154 156 157 159 161 163 164 166 165 164 163 161 160 159 157 156 155 153 152 151 149 148 147 146 145 143 142 141 140 139 138 136 135 134 133 132 134 136 138 140 142 144 146 148 150 152 154 156 158 160 161 161 162 162 162 163 163 164 164 165 165 166 166 166 163 161 158 156 153 150 148 145 142 140 137 135 132 130 129 129 128
135 136 137 138 139 140 141 143 144 145 147 149 150 152 154 155 157 159 160 162 164 165 167 166 165 164 162 161 160 159 157 156 155 153 152 151 149 148 147 146 145 144 143 142 141 140 138 137 136 135 134 136 139 141 143 146 148 150 153 155 158 160 162 165 167 167 168 168 169 169 170 170 171 171 172 172 172 173 173 170 167 164 161 158 156 153 150 147 144 141 138 135 133 132 132 131
135 136 138 139 140 141 142 144 145 146 148 150 151 153 155 156 158 160 161 163 165 166 168 167 166 165 164 162 161 160 158 157 156 155 153 152 151 150 149 148 147 146 145 144 143 142 140 139 138 137 136 139 142 144 147 150 152 155 158 160 163 166 168 171 174 174 175 175 176 176 177 177 178 178 178 179 179 180 180 177 174 170 167 164 161 158 155 151 148 145 142 139 136 135 135 134
135 137 138 139 141 142 143 145 146 148 149 151 153 154 156 158 159 161 163 164 166 167 169 168 167 166 165 163 162 161 160 158 157 156 155 153 152 151 150 149 148 147 146 145 144 143 143 142 141 140 139 142 145 148 151 154 157 160 163 166 169 172 175 178 180 181 181 182 182 183 183 184 184 185 185 186 186 187 187 183 180 176 173 170 166 163 159 156 152 149 146 142 139 139 138 137
135 137 138 140 141 143 144 146 147 149 151 152 154 155 157 159 160 162 164 165 167 169 170 170 168 167 166 165 163 162 161 160 158 157 156 155 153 152 152 151 150 149 148 147 146 145 145 144 143 142 141 144 148 151 154 157 161 164 167 171 174 177 181 184 187 188 188 189 189 190 190 191 191 192 192 193 193 194 194 190 186 183 179 175 171 168 164 160 157 153 149 145 142 142 141 140
136 137 139 140 142 144 145 147 149 150 152 153 155 157 158 160 161 163 165 166 168 170 171 171 169 168 167 166 164 163 162 161 160 158 157 156 155 154 153 152 151 151 150 149 148 147 147 146 145 144 143 147 151 154 158 161 165 169 172 176 179 183 187 190 194 194 195 195 196 196 197 198 198 199 199 200 200 201 201 197 193 189 185 181 177 173 169 165 161 157 153 149 146 145 144 143
136 138 139 141 143 144 146 148 150 151 153 155 156 158 159 161 163 164 166 167 169 171 172 172 170 169 168 167 166 164 163 162 161 160 158 157 156 155 154 154 153 152 152 151 150 149 149 148 147 147 146 150 153 157 161 165 169 173 177 181 185 189 193 197 200 201 202 202 203 203 204 204 205 205 206 207 207 208 208 203 199 195 191 186 182 178 173 169 165 161 156 152 149 148 147 146
136 138 140 142 143 145 147 149 151 153 154 156 157 159 161 162 164 165 167 169 170 172 173 173 172 170 169 168 167 166 164 163 162 161 160 158 157 156 156 155 155 154 153 153 152 151 151 150 149 149 148 152 156 161 165 169 173 178 182 186 190 195 199 203 207 208 208 209 209 210 211 211 212 212 213 213 214 215 215 210 205 201 196 192 187 183 178 174 169 165 160 155 152 151 150 149
136 138 140 142 144 146 148 150 152 154 155 157 159 160 162 163 165 166 168 170 171 173 174 174 173 171 170 169 168 167 166 164 163 162 161 160 158 158 157 157 156 156 155 154 154 153 153 152 152 151 151 155 159 164 169 173 178 182 187 191 196 200 205 210 214 214 215 216 216 217 217 218 219 219 220 220 221 222 221 217 212 207 202 197 193 188 183 178 173 168 164 159 155 154 153 152
136 138 141 143 145 147 149 151 153 155 157 158 160 161 163 164 166 168 169 171 172 174 175 175 174 173 171 170 169 168 167 166 164 163 162 161 160 159 159 158 158 157 157 156 156 155 155 154 154 153 153 158 162 167 172 177 182 187 192 196 201 206 211 216 221 221 222 222 223 224 224 225 225 226 227 227 228 229 228 223 218 213 208 203 198 193 188 183 177 172 167 162 158 157 156 155
139 141 143 145 147 150 152 154 156 157 159 160 162 163 165 167 168 170 171 173 174 176 177 177 175 174 173 172 171 170 168 167 166 165 164 163 161 161 161 160 160 160 159 159 159 158 158 158 157 157 157 161 166 171 176 181 186 191 195 200 205 210 215 220 225 225 226 227 227 228 229 229 230 230 231 232 232 233 233 228 223 218 213 208 203 198 193 188 183 178 173 168 164 163 161 160
142 144 146 148 150 152 154 156 158 160 161 163 164 166 167 169 170 171 173 174 176 177 179 178 177 176 175 174 172 171 170 169 168 167 165 164 163 163 163 162 162 162 162 162 161 161 161 161 161 160 160 165 170 175 180 185 189 194 199 204 209 214 219 224 229 229 230 231 231 232 233 233 234 235 235 236 237 237 237 232 227 223 218 213 208 203 198 193 188 183 178 173 169 168 167 165
145 147 149 151 153 155 157 159 161 162 164 165 166 168 169 171 172 173 175 176 178 179 180 180 179 177 176 175 174 173 172 170 169 168 167 166 165 164 164 164 164 164 164 164 164 164 164 164 164 164 164 169 174 179 183 188 193 198 203 208 213 218 223 228 233 233 234 235 235 236 237 238 238 239 240 240 241 242 242 237 232 227 222 218 213 208 203 198 193 189 184 179 175 173 172 171
148 150 152 154 156 158 159 161 163 165 166 167 169 170 171 173 174 175 177 178 179 181 182 181 180 179 178 177 176 174 173 172 171 170 169 167 166 166 166 166 167 167 167 167 167 167 167 167 167 168 168 172 177 182 187 192 197 202 207 212 217 222 227 232 236 237 238 239 239 240 241 242 242 243 244 245 245 246 246 241 237 232 227 223 218 213 208 204 199 194 189 185 181 179 177 176
151 153 155 157 158 160 162 164 166 167 168 170 171 172 173 175 176 177 179 180 181 182 184 183 182 181 180 178 177 176 175 174 173 171 170 169 168 168 168 169 169 169 169 170 170 170 170 171 171 171 171 176 181 186 191 196 201 206 211 216 221 226 231 236 240 241 242 243 244 244 245 246 247 247 248 249 250 251 251 246 241 237 232 227 223 218 213 209 204 200 195 190 186 184 182 181
154 156 158 159 161 163 165 166 168 169 171 172 173 174 176 177 178 179 180 182 183 184 185 185 184 182 181 180 179 178 177 175 174 173 172 171 170 170 170 171 171 171 172 172 173 173 173 174 174 175 175 180 185 190 195 200 205 210 215 220 225 230 235 240 244 245 246 247 248 248 249 250 251 252 253 253 254 255 255 250 246 241 237 232 228 223 219 214 210 205 200 196 192 190 188 186
