pluvio/pluvio-165.asc
ncols         252
nrows         154
xllcorner     -18.017974
yllcorner     13.481982
cellsize      0.035948
NODATA_value  -9999
[rows 98 to 146 of 154, columns 96 to 191 of 252]
132 131 130 129 129 128 127 126 125 125 124 123 123 122 121 121 120 119 119 118 117 116 116 116 115 115 115 115 115 115 115 115 115 114 114 114 114 115 116 118 119 120 121 123 124 125 126 128 129 130 131 131 131 131 131 131 131 131 131 131 131 131 131 131 131 129 127 124 122 120 118 115 113 111 108 106 104 102 99 97 95 93 90 88 86 84 82 80 77 75 73 71 69 68 68 68
134 133 132 132 131 130 130 129 128 128 127 126 126 125 124 124 123 123 122 121 121 120 119 119 119 119 119 119 119 118 118 118 118 118 118 118 118 119 120 121 123 124 125 127 128 129 130 132 133 134 136 136 136 136 136 136 136 136 136 136 136 136 136 136 136 134 131 129 127 124 122 120 117 115 113 110 108 106 103 101 99 96 94 92 89 87 85 82 80 78 76 73 71 71 70 70
136 135 135 134 134 133 132 132 131 130 130 129 129 128 128 127 126 126 125 125 124 124 123 123 123 122 122 122 122 122 122 122 122 121 121 121 121 122 123 125 126 128 129 130 132 133 134 136 137 139 140 140 140 140 140 140 140 140 140 140 140 141 141 141 141 138 136 133 131 129 126 124 121 119 117 114 112 109 107 105 102 100 97 95 93 90 88 85 83 81 78 76 74 73 72 72
138 138 137 137 136 136 135 134 134 133 133 132 132 131 131 130 130 129 129 128 128 127 127 126 126 126 126 126 126 125 125 125 125 125 125 125 124 126 127 128 130 131 133 134 136 137 138 140 141 143 144 144 144 145 145 145 145 145 145 145 145 145 145 145 145 143 140 138 135 133 131 128 126 123 121 118 116 113 111 108 106 103 101 98 96 93 91 88 86 83 81 78 76 75 75 74
141 140 140 139 139 138 138 137 137 136 136 135 135 134 134 133 133 133 132 132 131 131 130 130 130 130 130 129 129 129 129 129 128 128 128 128 128 129 131 132 134 135 137 138 140 141 143 144 146 147 148 149 149 149 149 149 149 149 149 149 150 150 150 150 150 147 145 142 140 137 135 132 130 127 125 122 120 117 115 112 110 107 104 102 99 97 94 91 89 86 84 81 79 78 77 76
143 143 142 142 141 141 140 140 139 139 139 138 138 137 137 137 136 136 135 135 135 134 134 134 133 133 133 133 133 133 132 132 132 132 132 131 131 133 134 136 137 139 140 142 143 145 147 148 150 151 153 153 153 153 153 153 154 154 154 154 154 154 154 154 154 152 149 147 144 142 139 137 134 131 129 126 124 121 119 116 113 111 108 105 103 100 97 94 92 89 86 84 81 80 79 78
145 145 144 144 144 143 143 143 142 142 142 141 141 141 140 140 140 139 139 139 138 138 138 137 137 137 137 136 136 136 136 136 135 135 135 135 135 136 138 139 141 142 144 146 147 149 151 152 154 155 157 157 157 158 158 158 158 158 158 158 159 159 159 159 159 157 154 151 149 146 143 141 138 136 133 130 128 125 123 120 117 114 111 109 106 103 100 97 95 92 89 86 84 83 81 80
147 146 146 145 145 144 144 144 143 143 143 142 142 142 141 141 141 141 140 140 140 140 139 139 139 139 139 139 139 139 138 138 138 138 138 138 138 139 141 142 144 146 147 149 150 152 153 155 157 158 160 160 160 160 160 160 160 160 160 160 160 160 160 160 160 158 155 152 150 147 144 142 139 137 134 131 129 126 123 121 118 115 112 110 107 104 101 98 96 93 90 87 85 84 82 81
147 147 146 146 145 145 144 144 143 143 142 142 142 142 142 142 141 141 141 141 141 140 140 140 140 140 140 140 140 141 141 141 141 141 141 141 141 142 144 145 147 148 150 151 153 154 156 157 159 160 162 162 162 161 161 161 161 161 161 161 160 160 160 160 160 157 155 152 149 147 144 141 139 136 133 131 128 126 123 120 117 115 112 109 107 104 101 99 96 93 91 88 85 84 83 82
148 148 147 146 146 145 144 144 143 143 142 142 142 142 142 142 142 142 142 141 141 141 141 141 141 142 142 142 142 143 143 143 143 143 144 144 144 145 147 148 150 151 152 154 155 157 158 159 161 162 164 164 163 163 163 162 162 162 161 161 161 160 160 160 159 157 154 151 149 146 143 141 138 135 133 130 128 125 122 120 117 114 112 109 107 104 101 99 96 94 91 88 86 85 83 82
149 148 148 147 146 145 144 143 143 142 142 142 142 142 142 142 142 142 142 142 142 142 142 142 143 143 143 144 144 145 145 145 146 146 146 147 147 148 150 151 152 154 155 156 158 159 160 162 163 164 166 165 165 164 164 163 163 162 162 161 161 160 160 159 159 156 153 151 148 146 143 140 138 135 132 130 127 124 122 119 117 114 112 109 107 104 101 99 96 94 91 89 87 85 84 83
150 149 148 147 146 145 144 143 143 142 142 142 142 142 142 143 143 143 143 143 143 143 143 143 144 144 145 145 146 147 147 148 148 149 149 150 150 151 153 154 155 156 158 159 160 161 163 164 165 166 168 167 166 166 165 164 164 163 162 162 161 160 160 159 158 156 153 150 148 145 142 140 137 134 132 129 126 124 121 119 116 114 111 109 106 104 102 99 97 94 92 89 87 86 85 83
151 150 149 148 147 146 145 143 142 142 142 142 142 143 143 143 143 143 143 143 144 144 144 144 145 146 146 147 148 149 149 150 151 151 152 153 153 155 156 157 158 159 160 162 163 164 165 166 167 169 170 169 168 167 166 166 165 164 163 162 161 160 160 159 158 155 152 150 147 145 142 139 137 134 131 129 126 123 121 118 116 113 111 109 106 104 102 99 97 94 92 90 88 86 85 84
152 151 150 148 147 146 145 143 142 142 142 142 143 143 143 143 143 144 144 144 144 144 145 145 146 147 148 149 150 151 151 152 153 154 155 156 157 158 159 160 161 162 163 164 165 166 167 168 170 171 172 171 170 169 168 167 166 165 164 163 162 160 159 158 157 155 152 149 147 144 141 139 136 133 131 128 125 123 120 118 115 113 111 109 106 104 102 99 97 95 92 90 88 87 86 85
153 152 150 149 148 146 145 143 142 142 142 142 143 143 143 144 144 144 144 145 145 145 146 146 147 148 149 150 151 153 154 155 156 157 158 159 160 161 162 163 164 165 166 167 168 169 170 171 172 173 174 173 171 170 169 168 167 165 164 163 162 161 159 158 157 154 151 149 146 143 141 138 135 133 130 127 125 122 119 117 115 113 111 108 106 104 102 100 97 95 93 91 89 88 86 85
154 152 151 149 148 146 145 143 142 142 142 142 143 143 144 144 144 145 145 145 146 146 146 147 149 150 151 152 153 155 156 157 158 159 160 162 163 164 165 166 166 167 168 169 170 171 172 173 174 175 176 174 173 172 170 169 168 166 165 163 162 161 159 158 156 154 151 148 146 143 140 138 135 132 130 127 124 121 119 117 115 112 110 108 106 104 102 100 98 95 93 91 89 88 87 86
155 153 152 150 148 147 145 143 142 142 142 142 143 143 144 144 145 145 146 146 146 147 147 148 150 151 152 154 155 157 158 159 161 162 163 165 166 167 168 168 169 170 171 172 173 174 174 175 176 177 178 176 175 173 172 170 168 167 165 164 162 161 159 157 156 153 150 148 145 142 140 137 134 132 129 126 124 121 118 116 114 112 110 108 106 104 102 100 98 96 94 92 90 89 87 86
156 154 152 151 149 147 145 143 142 141 142 142 143 144 144 145 145 146 146 147 147 148 148 150 151 153 154 156 157 158 160 161 163 164 166 167 169 170 171 171 172 173 174 174 175 176 177 177 178 179 180 178 176 175 173 171 169 168 166 164 162 161 159 157 155 153 150 147 145 142 139 136 134 131 128 126 123 120 118 116 114 112 110 108 106 104 102 100 98 96 94 92 90 89 88 87
157 155 153 151 149 147 145 143 141 141 142 143 143 144 144 145 146 146 147 147 148 149 149 151 152 154 156 157 159 160 162 164 165 167 169 170 172 173 174 174 175 176 176 177 178 178 179 180 180 181 182 180 178 176 174 172 170 168 166 165 163 161 159 157 155 152 149 147 144 141 139 136 133 131 128 125 122 120 117 115 113 111 110 108 106 104 102 100 98 96 94 93 91 90 89 88
158 156 154 152 150 147 145 143 141 141 142 143 143 144 145 145 146 147 147 148 149 149 150 152 153 155 157 159 161 162 164 166 168 170 172 173 175 176 177 177 178 178 179 180 180 181 181 182 183 183 184 182 180 178 175 173 171 169 167 165 163 161 159 157 154 152 149 146 144 141 138 135 133 130 127 125 122 119 117 115 113 111 109 107 106 104 102 100 98 97 95 93 91 90 89 88
159 156 154 152 150 148 146 143 141 141 142 143 143 144 145 146 146 147 148 149 149 150 151 153 155 157 159 161 163 164 166 168 170 172 174 176 178 179 180 180 181 181 182 182 183 183 184 184 185 185 186 184 181 179 177 174 172 170 168 165 163 161 158 156 154 151 148 146 143 140 138 135 132 129 127 124 121 119 116 114 113 111 109 107 106 104 102 100 99 97 95 93 92 91 90 89
159 157 154 152 150 147 145 143 140 140 141 142 143 144 144 145 146 147 148 148 149 150 151 153 154 156 158 160 162 164 166 168 170 172 174 176 177 178 179 179 180 180 181 181 182 183 183 184 184 185 185 183 181 179 176 174 172 169 167 165 162 160 158 156 153 151 148 145 143 140 137 135 132 129 127 124 121 119 116 115 113 111 110 108 106 105 103 101 99 98 96 94 93 92 91 90
159 157 154 152 149 147 144 142 139 139 140 141 142 143 144 144 145 146 147 148 149 150 150 152 154 156 157 159 161 163 165 166 168 170 172 174 175 176 177 177 178 179 179 180 181 181 182 182 183 184 184 182 180 178 175 173 171 168 166 164 162 159 157 155 153 150 147 145 142 140 137 135 132 129 127 124 122 119 117 115 113 112 110 109 107 105 104 102 101 99 97 96 94 93 92 91
159 156 154 151 149 146 144 141 138 138 139 140 141 142 143 144 145 146 146 147 148 149 150 152 153 155 157 158 160 162 163 165 167 168 170 172 173 174 175 176 176 177 178 178 179 180 180 181 182 182 183 181 179 176 174 172 170 168 165 163 161 159 156 154 152 149 147 144 142 139 137 134 132 129 127 124 122 119 117 116 114 112 111 109 108 106 105 103 102 100 98 97 95 94 94 93
159 156 154 151 148 146 143 140 138 137 138 139 140 141 142 143 144 145 146 147 148 149 150 151 153 154 156 157 159 161 162 164 165 167 168 170 171 172 173 174 175 175 176 177 177 178 179 180 180 181 182 180 178 175 173 171 169 167 164 162 160 158 156 153 151 149 146 144 142 139 137 134 132 129 127 125 122 120 118 116 115 113 112 110 109 107 106 104 103 101 100 98 97 96 95 94
159 156 154 151 148 145 142 139 137 136 137 138 139 140 141 142 143 144 145 146 147 148 149 151 152 154 155 156 158 159 161 162 164 165 167 168 169 170 171 172 173 174 174 175 176 177 178 178 179 180 181 179 177 174 172 170 168 166 164 161 159 157 155 153 151 148 146 144 141 139 137 134 132 130 127 125 123 120 118 117 115 114 112 111 109 108 106 105 104 102 101 99 98 97 96 95
159 156 153 150 147 145 142 139 136 135 136 137 139 140 141 142 143 144 145 146 147 148 149 150 152 153 154 156 157 158 159 161 162 163 165 166 167 168 169 170 171 172 173 174 174 175 176 177 178 179 180 178 176 173 171 169 167 165 163 161 158 156 154 152 150 148 145 143 141 139 136 134 132 130 127 125 123 121 118 117 116 114 113 111 110 109 107 106 105 103 102 100 99 98 97 97
159 156 153 150 147 144 141 138 135 134 135 137 138 139 140 141 142 143 144 145 146 148 149 150 151 152 153 155 156 157 158 159 161 162 163 164 165 166 167 168 169 170 171 172 173 174 175 176 177 178 179 177 174 172 170 168 166 164 162 160 158 155 153 151 149 147 145 143 140 138 136 134 132 130 127 125 123 121 119 118 116 115 114 112 111 110 108 107 106 104 103 102 100 100 99 98
160 156 153 150 147 143 140 137 134 133 135 136 137 138 139 140 141 143 144 145 146 147 148 149 150 151 153 154 155 156 157 158 159 160 161 162 163 164 165 166 167 168 169 170 171 172 173 174 175 176 177 175 173 171 169 167 165 163 161 159 157 155 153 151 148 146 144 142 140 138 136 134 132 130 128 125 123 121 119 118 117 116 114 113 112 110 109 108 107 105 104 103 102 101 100 99
160 156 153 150 146 143 139 136 133 132 134 135 136 137 138 140 141 142 143 144 145 147 148 149 150 151 152 153 154 155 156 157 158 158 159 160 161 162 163 165 166 167 168 169 170 171 172 173 174 175 176 174 172 170 168 166 164 162 160 158 156 154 152 150 148 146 144 142 140 138 136 134 132 130 128 126 124 122 120 119 117 116 115 114 112 111 110 109 108 106 105 104 103 102 101 101
160 156 153 149 146 142 139 135 132 131 133 134 135 136 138 139 140 141 143 144 145 146 147 148 149 150 151 152 153 153 154 155 156 157 158 159 159 160 162 163 164 165 166 167 168 169 171 172 173 174 175 173 171 169 167 165 163 161 159 157 155 153 151 149 147 145 143 141 139 137 136 134 132 130 128 126 124 122 120 119 118 117 116 114 113 112 111 110 109 107 106 105 104 103 103 102
160 156 153 149 145 142 138 134 131 130 132 133 134 136 137 138 139 141 142 143 145 146 147 148 149 149 150 151 152 152 153 154 154 155 156 157 157 158 160 161 162 163 164 166 167 168 169 170 172 173 174 172 170 168 166 164 162 160 158 156 154 152 150 148 146 145 143 141 139 137 135 133 132 130 128 126 124 122 121 120 118 117 116 115 114 113 112 111 110 108 107 106 105 105 104 103
160 156 152 149 145 141 137 134 130 129 131 132 133 135 136 137 139 140 141 143 144 145 147 147 148 149 149 150 151 151 152 152 153 154 154 155 155 157 158 159 160 162 163 164 165 167 168 169 170 172 173 171 169 167 165 163 161 159 157 155 153 152 150 148 146 144 142 140 139 137 135 133 132 130 128 126 125 123 121 120 119 118 117 116 115 114 113 112 111 110 108 107 106 106 105 105
160 156 152 148 144 141 137 133 129 129 130 131 133 134 135 137 138 139 141 142 144 145 146 147 148 148 148 149 149 150 150 151 151 152 152 153 153 155 156 157 159 160 161 162 164 165 166 168 169 170 172 170 168 166 164 162 160 158 157 155 153 151 149 147 145 143 142 140 138 137 135 133 132 130 128 127 125 123 122 121 120 119 118 117 116 115 114 113 112 111 110 109 108 107 107 106
160 156 152 148 144 140 136 132 128 128 129 130 132 133 135 136 137 139 140 142 143 145 146 147 147 147 148 148 148 149 149 150 150 150 151 151 151 153 154 155 157 158 160 161 162 164 165 166 168 169 171 169 167 165 163 161 159 158 156 154 152 150 148 146 144 143 141 140 138 136 135 133 132 130 128 127 125 124 122 121 120 119 118 117 116 115 115 114 113 112 111 110 109 108 108 107
159 155 151 147 143 139 135 131 127 127 128 130 131 133 134 136 137 139 140 142 143 145 146 147 147 147 148 148 148 148 149 149 149 149 150 150 150 151 152 154 155 156 157 159 160 161 162 164 165 166 167 166 164 163 161 159 158 156 154 153 151 150 148 146 145 143 142 140 139 138 136 135 133 132 131 129 128 126 125 124 123 122 121 121 120 119 118 117 116 115 114 114 113 112 112 111
157 153 150 146 142 138 134 130 127 126 128 130 131 133 134 136 137 139 141 142 144 145 147 147 148 148 148 148 148 148 148 148 148 149 149 149 149 150 151 152 153 154 155 156 157 158 159 161 162 163 164 163 161 160 159 157 156 155 153 152 151 149 148 146 145 144 143 142 140 139 138 137 135 134 133 132 131 129 128 127 127 126 125 124 123 123 122 121 120 119 119 118 117 117 116 116
156 152 148 145 141 137 133 130 126 126 127 129 131 133 134 136 138 139 141 143 144 146 148 148 148 148 148 148 148 148 148 148 148 148 148 148 148 148 149 150 151 152 153 154 155 156 157 158 158 159 160 159 158 157 156 155 154 153 152 151 150 149 148 147 146 145 144 143 142 141 140 139 137 136 135 134 133 132 131 131 130 129 129 128 127 126 126 125 124 124 123 122 121 121 120 120
154 151 147 143 140 136 132 129 125 125 127 129 131 132 134 136 138 139 141 143 145 146 148 148 148 148 148 148 148 148 147 147 147 147 147 147 146 147 148 149 149 150 151 152 152 153 154 154 155 156 157 156 155 155 154 153 152 151 151 150 149 148 148 147 146 145 145 144 143 142 141 140 140 139 138 137 136 135 135 134 133 133 132 131 131 130 130 129 128 128 127 126 126 125 125 124
153 149 146 142 139 135 132 128 125 125 127 128 130 132 134 136 138 139 141 143 145 147 149 149 149 148 148 148 148 147 147 147 146 146 146 146 145 146 146 147 147 148 149 149 150 150 151 151 152 153 153 153 152 152 151 151 150 150 149 149 149 148 148 147 147 146 145 145 144 144 143 142 142 141 140 140 139 138 138 137 137 136 136 135 135 134 133 133 132 132 131 131 130 130 129 129
151 148 144 141 138 134 131 127 124 124 126 128 130 132 134 136 138 140 142 144 145 147 149 149 149 149 148 148 147 147 147 146 146 145 145 144 144 144 145 145 146 146 146 147 147 148 148 148 149 149 150 149 149 149 149 149 149 148 148 148 148 148 148 147 147 147 146 146 145 145 145 144 144 143 143 142 142 142 141 141 140 140 139 139 138 138 137 137 136 136 135 135 134 134 133 133
150 146 143 140 136 133 130 127 123 124 126 128 130 132 134 136 138 140 142 144 146 148 150 150 149 149 148 148 147 147 146 146 145 144 144 143 143 143 143 143 144 144 144 144 145 145 145 145 146 146 146 146 146 146 147 147 147 147 147 147 147 147 147 148 148 147 147 147 147 147 146 146 146 146 145 145 145 145 144 144 144 143 143 142 142 142 141 141 140 140 140 139 139 138 138 137
148 145 142 139 135 132 129 126 123 123 125 127 129 131 134 136 138 140 142 144 146 148 151 150 150 149 148 148 147 146 146 145 144 144 143 142 142 142 142 142 142 142 142 142 142 142 142 142 142 142 143 143 143 144 144 145 145 145 146 146 147 147 147 148 148 148 148 148 148 148 148 148 148 148 148 148 148 148 148 147 147 147 146 146 146 145 145 145 144 144 144 143 143 143 142 142
147 144 141 137 134 131 128 125 122 122 125 127 129 131 133 136 138 140 142 144 147 149 151 151 150 149 149 148 147 146 145 144 144 143 142 141 140 140 140 140 140 140 140 140 140 139 139 139 139 139 139 140 140 141 142 142 143 144 145 145 146 147 147 148 149 149 149 149 149 150 150 150 150 150 150 150 151 151 151 151 150 150 150 150 149 149 149 149 148 148 148 148 147 147 146 146
145 142 139 136 133 130 127 124 121 122 124 126 129 131 133 136 138 140 142 145 147 149 152 151 151 150 149 148 147 146 145 144 143 142 141 140 139 139 139 138 138 138 138 137 137 137 136 136 136 136 135 136 137 138 139 140 141 142 143 144 145 146 147 148 149 150 150 150 151 151 151 152 152 152 153 153 153 154 154 154 154 154 153 153 153 153 153 153 152 152 152 152 152 151 151 150
144 141 138 135 132 129 126 123 121 121 124 126 128 131 133 136 138 140 143 145 147 150 152 152 151 150 149 148 147 146 144 143 142 141 140 139 138 138 137 137 136 136 135 135 134 134 134 133 133 132 132 133 134 136 137 138 140 141 142 143 145 146 147 149 150 150 151 151 152 152 153 154 154 155 155 156 156 157 157 157 157 157 157 157 157 157 157 157 156 156 156 156 156 156 155 155
142 139 137 134 131 128 125 123 120 121 123 126 128 131 133 136 138 140 143 145 148 150 153 152 151 150 149 148 146 145 144 143 142 140 139 138 137 136 136 135 134 134 133 133 132 131 131 130 130 129 128 130 131 133 135 136 138 139 141 142 144 146 147 149 150 151 152 152 153 154 155 155 156 157 158 158 159 160 161 161 161 161 160 160 160 160 160 160 160 160 160 160 160 160 160 159
141 138 135 133 130 127 125 122 119 120 123 125 128 130 133 136 138 141 143 146 148 151 153 153 152 150 149 148 146 145 144 142 141 140 138 137 136 135 134 133 132 132 131 130 129 129 128 127 126 126 125 127 128 130 132 134 136 138 140 141 143 145 147 149 151 152 153 154 155 155 156 157 158 159 160 161 162 163 164 164 164 164 164 164 164 164 164 164 164 165 165 165 165 164 164 163
139 137 134 131 129 126 124 121 119 120 122 125 128 130 133 135 138 141 143 146 149 151 154 153 152 151 149 148 146 145 143 142 140 139 137 136 134 133 133 132 131 130 129 128 127 126 125 124 123 122 121 123 125 128 130 132 134 136 138 141 143 145 147 149 151 152 154 155 156 157 158 159 160 161 163 164 165 166 167 167 167 167 168 168 168 168 168 168 168 169 169 169 169 169 168 168
