pluvio/pluvio-318.asc
ncols         252
nrows         154
xllcorner     -0.5
yllcorner     -153.5
cellsize      1
NODATA_value  -9999
[rows 61 to 121 of 154, columns 0 to 95 of 252]
0 0 0 0 0 0 0 0 0 0 0 0 0 0 0 0 0 0 0 0 0 0 0 0 0 0 0 0 1 1 1 2 2 1 1 1 1 0 0 0 0 0 0 1 1 1 1 0 0 0 0 0 0 0 0 0 0 0 0 0 0 0 0 0 0 0 0 0 0 1 1 1 2 2 2 2 2 1 1 1 1 2 3 4 5 6 7 8 7 6 5 3 2 1 0 0
0 0 0 0 0 0 0 0 0 0 0 0 0 0 0 0 0 0 0 0 0 0 0 0 0 0 0 0 1 1 1 1 1 1 1 1 1 1 1 1 1 1 1 1 1 1 1 1 1 0 0 0 0 0 0 0 0 0 0 0 0 0 0 0 0 0 0 0 1 1 2 2 2 3 3 2 2 2 2 2 1 3 5 6 8 9 11 12 11 9 7 6 4 2 1 1
0 0 0 0 0 0 0 0 0 0 0 0 0 0 0 0 0 0 0 0 0 0 0 0 0 0 0 0 0 1 1 1 1 1 1 1 1 1 1 1 1 1 1 2 2 2 2 1 1 1 0 0 0 0 0 0 0 0 0 0 0 0 0 0 0 0 0 0 1 2 2 3 3 4 4 3 3 3 2 2 2 4 6 8 10 13 15 17 14 12 10 8 5 3 1 1
0 0 0 0 0 0 0 0 0 0 0 0 0 0 0 0 0 0 0 0 0 0 0 0 0 0 0 0 0 0 1 1 1 1 1 1 1 1 1 1 2 2 2 2 2 2 2 2 1 1 1 0 0 0 0 0 0 0 0 0 0 0 0 0 0 0 0 1 1 2 3 3 4 5 4 4 3 3 3 2 2 5 7 10 13 16 19 21 18 15 13 10 7 4 2 1
0 0 0 0 0 0 0 0 0 0 0 0 0 0 0 0 0 0 0 0 0 0 0 0 0 0 0 0 0 0 0 0 1 1 1 1 1 1 2 2 2 2 2 3 3 3 3 2 2 1 1 0 0 0 0 0 0 0 0 0 0 0 0 0 0 0 0 1 2 2 3 4 5 6 5 5 4 4 3 2 2 5 9 12 16 19 23 26 22 19 15 12 8 5 2 2
0 0 0 0 0 0 0 0 0 0 0 0 0 0 0 0 0 0 0 0 0 0 0 0 0 0 0 0 0 0 0 0 0 1 1 1 1 2 2 2 2 3 3 3 3 4 3 3 2 1 1 0 0 0 0 0 0 0 0 0 0 0 0 0 0 0 0 1 2 3 4 5 6 7 6 5 5 4 3 3 2 6 10 14 18 22 26 30 26 22 18 14 10 6 2 2
0 0 0 0 0 0 0 0 0 0 0 0 0 0 0 0 0 0 0 0 0 0 0 0 0 0 0 0 0 0 0 0 0 1 1 1 1 2 2 2 2 2 3 3 3 3 3 2 2 1 1 0 0 0 0 0 0 1 1 1 1 1 1 1 0 0 0 1 2 3 4 5 6 7 6 5 5 4 4 3 3 6 10 13 17 20 24 27 23 20 16 12 9 5 2 2
0 0 0 0 0 0 0 0 0 0 0 0 0 0 0 0 0 0 0 0 0 0 0 0 0 0 0 0 0 0 0 0 0 1 1 1 1 2 2 2 2 2 2 2 2 3 2 2 1 1 1 0 0 0 0 1 1 2 2 2 2 2 2 1 1 1 0 1 2 3 4 5 6 6 6 6 5 5 4 4 3 6 9 12 15 18 21 23 20 17 14 11 8 4 2 1
0 0 0 0 0 0 0 0 0 0 0 0 0 0 0 0 0 0 0 0 0 0 0 0 0 0 0 0 0 0 0 0 0 0 1 1 1 1 2 2 2 2 2 2 2 2 2 1 1 1 0 0 0 0 1 1 2 3 3 4 3 3 2 2 1 1 0 1 2 3 4 5 5 6 6 6 5 5 5 4 4 6 9 11 13 15 18 20 17 14 12 9 6 4 1 1
0 0 0 0 0 0 0 0 0 0 0 0 0 0 0 0 0 0 0 0 0 0 0 0 0 0 0 0 0 0 0 0 0 0 1 1 1 1 2 2 2 2 2 2 1 1 1 1 1 1 0 0 0 1 1 2 3 4 5 5 5 4 3 3 2 1 1 1 2 3 4 5 5 6 6 6 5 5 5 5 5 6 8 10 11 13 15 16 14 12 9 7 5 3 1 1
0 0 0 0 0 0 0 0 0 0 0 0 0 0 0 0 0 0 0 0 0 0 0 0 0 0 0 0 0 0 0 0 0 0 1 1 1 1 1 1 1 1 1 1 1 1 1 1 1 0 0 0 0 1 2 3 4 5 6 7 6 5 4 3 2 2 1 1 2 3 4 4 5 6 6 6 6 6 5 5 5 6 7 8 9 10 11 12 11 9 7 5 4 2 0 1
0 0 0 0 0 0 0 0 0 0 0 0 0 0 0 0 0 0 0 0 0 0 0 0 0 0 0 0 0 0 0 0 0 0 0 1 1 1 1 1 1 1 1 1 0 0 0 0 0 0 0 0 0 1 2 4 5 6 7 8 7 6 5 4 3 2 1 1 2 3 4 4 5 6 6 6 6 6 6 6 6 6 7 7 7 8 8 9 7 6 5 4 2 1 0 0
0 0 0 0 0 0 0 0 0 0 0 0 0 0 0 0 0 0 0 0 0 0 0 0 0 0 0 0 0 0 0 0 0 0 0 1 1 1 1 1 1 1 0 0 0 0 0 0 0 0 0 0 0 1 3 4 6 7 8 10 9 7 6 5 3 2 1 1 2 3 4 4 5 6 6 6 6 6 6 6 7 6 6 6 6 5 5 5 4 3 3 2 1 0 0 0
0 0 0 0 0 0 0 0 0 0 0 0 0 0 0 0 0 0 0 0 0 0 0 0 0 0 0 0 0 0 0 0 0 0 0 1 1 1 1 1 1 1 0 0 0 0 0 0 0 0 0 0 0 2 3 5 6 8 9 11 10 9 8 6 5 4 3 4 4 5 6 6 7 8 8 7 7 7 6 6 6 6 5 5 5 5 4 4 4 3 3 2 2 1 1 2
0 0 0 0 0 0 0 0 0 0 0 0 0 0 0 0 0 0 0 0 0 0 0 0 0 0 0 0 0 0 0 0 0 0 0 0 1 1 1 1 1 1 0 0 0 0 0 0 0 0 1 1 1 2 4 5 7 9 10 12 11 10 9 8 7 6 5 6 6 7 8 9 9 10 9 9 8 7 7 6 5 5 5 5 4 4 4 4 3 3 3 3 2 2 2 3
0 0 0 0 0 0 0 0 0 0 0 0 0 0 0 0 0 0 0 0 0 0 0 0 0 0 0 0 0 0 0 0 0 0 0 0 0 1 1 1 1 0 0 0 0 0 0 0 1 1 1 1 1 3 4 6 8 9 11 13 12 12 11 10 9 8 7 8 9 9 10 11 11 12 11 10 9 8 7 6 5 4 4 4 4 3 3 3 3 3 3 3 3 3 4 5
0 0 0 0 0 0 0 0 0 0 0 0 0 0 0 0 0 0 0 0 0 0 0 0 0 0 0 0 0 0 0 0 0 0 0 0 0 0 1 1 0 0 0 0 0 0 0 1 1 1 1 1 1 3 5 7 8 10 12 14 14 13 12 12 11 10 10 10 11 11 12 13 13 14 13 11 10 8 7 5 4 4 3 3 3 3 2 2 3 3 3 4 4 4 5 7
0 0 0 0 0 0 0 0 0 0 0 0 0 0 0 0 0 0 0 0 0 0 0 0 1 1 0 0 0 0 0 0 0 0 0 0 0 0 0 0 0 0 0 0 0 0 1 1 1 1 1 1 2 3 5 7 9 11 13 15 15 14 14 13 13 12 12 12 13 14 14 15 16 16 14 13 11 9 7 5 3 3 3 3 2 2 2 2 2 3 3 4 5 5 6 8
0 0 0 0 0 0 0 0 0 0 0 0 0 0 0 0 0 0 0 0 0 0 0 1 1 1 1 0 0 0 0 0 0 0 0 0 0 0 0 0 0 0 0 0 1 1 1 1 1 1 2 2 2 4 6 8 10 12 14 16 16 16 15 15 15 14 14 14 15 16 16 17 18 18 16 14 12 9 7 5 3 2 2 2 2 1 1 1 2 3 4 5 6 6 8 10
1 0 0 0 0 0 0 0 0 0 0 0 0 0 0 0 0 0 0 0 0 0 1 1 1 1 1 1 0 0 0 0 0 0 0 0 0 0 0 0 0 0 0 1 1 1 1 1 1 2 2 2 2 4 6 8 11 13 15 17 17 17 17 17 16 16 16 17 17 18 19 19 20 21 18 15 13 10 7 5 2 2 2 1 1 1 0 0 1 3 4 5 6 7 9 12
1 1 1 1 1 1 0 0 0 0 0 0 0 0 0 0 0 0 0 0 0 0 1 1 1 1 1 1 1 0 0 0 0 0 0 0 0 0 0 0 1 1 1 1 1 1 2 2 3 3 4 4 5 6 8 10 12 14 16 18 19 19 20 20 20 21 21 22 23 23 24 25 25 26 23 20 17 14 11 8 5 4 4 3 2 2 1 1 2 3 4 5 6 7 8 11
1 1 1 1 1 1 1 1 0 0 0 0 0 0 0 0 0 0 0 0 0 1 1 1 1 1 1 1 1 1 1 0 0 0 1 1 1 1 1 1 1 1 1 1 2 2 2 3 4 5 6 6 7 9 11 12 14 16 18 20 21 22 23 24 25 25 26 27 28 28 29 30 30 31 28 24 21 18 15 11 8 7 6 5 4 3 2 1 2 3 4 5 5 6 7 10
1 1 1 1 1 1 1 1 1 1 1 0 0 0 0 0 0 0 0 0 0 1 1 1 2 2 1 1 1 1 1 1 1 1 1 1 1 1 1 1 1 2 2 2 2 2 3 4 5 6 7 8 10 11 13 14 16 18 19 21 22 24 25 27 29 30 32 32 33 34 34 35 35 36 33 29 25 22 18 15 11 10 8 7 5 4 3 1 2 3 4 4 5 6 7 9
1 1 1 1 1 1 1 1 1 1 1 1 1 0 0 0 0 0 0 0 1 1 1 1 2 2 2 1 1 1 1 1 1 1 1 1 1 1 2 2 2 2 2 2 3 3 4 5 7 8 9 11 12 13 15 16 18 19 21 22 24 26 28 30 33 35 37 38 38 39 39 40 41 41 37 34 30 26 22 18 14 12 10 9 7 5 3 2 2 3 3 4 5 5 6 8
1 1 1 1 1 1 1 1 1 1 1 1 1 1 0 0 0 0 0 0 1 1 1 2 2 2 2 2 2 1 1 1 1 1 1 2 2 2 2 2 2 2 3 3 3 3 5 6 8 9 11 13 14 16 17 18 19 21 22 23 26 28 31 34 37 39 42 43 43 44 45 45 46 46 42 38 34 30 25 21 17 15 13 11 8 6 4 2 2 3 3 4 4 5 5 7
1 1 1 1 1 1 1 1 1 1 1 1 1 1 1 0 0 0 0 0 1 1 1 2 2 2 2 2 2 2 2 1 2 2 2 2 2 2 2 3 3 3 3 3 3 4 5 7 9 11 13 15 17 18 19 20 21 22 23 24 27 31 34 37 41 44 47 48 49 49 50 50 51 52 47 43 38 34 29 25 20 18 15 12 10 7 5 2 3 3 3 3 4 4 4 6
1 1 1 1 1 1 1 1 1 1 1 1 1 1 1 0 0 0 0 1 1 1 2 2 2 2 2 2 2 2 2 2 2 2 2 2 2 3 3 3 3 3 4 4 4 4 6 8 10 13 15 17 19 20 21 22 23 24 25 26 29 33 37 41 44 48 52 53 53 54 55 55 56 56 52 47 42 37 32 28 23 20 17 14 11 8 6 3 3 3 3 3 4 4 4 5
0 1 1 1 1 1 1 1 1 1 1 1 1 1 1 1 0 0 0 1 1 1 2 2 2 2 2 2 2 2 2 2 2 2 3 3 3 3 4 4 5 5 5 6 6 7 8 10 11 13 15 16 18 19 20 21 23 24 25 26 29 33 37 41 45 49 53 54 54 55 55 55 56 56 51 46 41 36 31 26 21 19 16 14 12 10 8 6 6 7 7 7 7 8 8 9
0 0 1 1 1 1 1 1 1 1 1 1 1 1 1 1 1 0 1 1 1 1 2 2 2 2 2 2 2 2 2 2 3 3 3 4 4 4 5 5 6 7 7 8 8 9 10 11 13 14 15 16 17 18 20 21 22 23 25 26 30 34 38 42 46 50 54 55 55 55 55 56 56 56 51 45 40 34 29 24 18 17 16 15 13 12 11 9 10 10 10 11 11 11 12 12
0 0 0 1 1 1 1 1 1 1 1 1 1 1 1 1 1 1 1 1 1 1 1 2 2 2 2 2 2 2 3 3 3 3 4 4 5 5 6 6 7 8 9 10 11 12 12 13 14 14 15 16 16 18 19 20 22 23 25 26 30 34 38 43 47 51 55 56 56 56 56 56 56 56 50 44 39 33 27 22 16 16 15 15 14 14 13 13 13 14 14 14 15 15 16 16
0 0 0 0 0 0 0 1 1 1 1 1 1 1 1 1 1 1 1 1 1 1 1 2 2 2 2 2 2 3 3 3 3 4 4 5 6 6 7 7 9 10 11 12 13 14 14 14 15 15 15 15 15 17 18 20 22 23 25 26 30 35 39 43 48 52 56 56 56 56 56 56 56 55 50 44 38 32 26 20 14 14 15 15 15 15 16 16 17 17 18 18 19 19 20 20
0 0 0 0 0 0 0 0 0 1 1 1 1 1 1 1 1 1 1 1 1 1 1 1 1 2 2 2 3 3 3 3 4 5 5 6 6 7 7 9 10 11 12 14 15 16 16 16 16 15 15 15 14 16 18 19 21 23 25 27 31 35 40 44 49 53 57 57 57 57 56 56 56 55 49 43 37 30 24 18 12 13 14 15 16 17 18 19 20 21 21 22 22 23 23 23
0 0 0 0 0 0 0 0 0 0 0 1 1 1 1 1 1 1 1 1 1 1 1 1 1 2 2 2 3 3 3 4 4 5 6 6 7 8 8 10 11 13 14 16 17 19 18 18 17 16 15 14 14 15 17 19 21 23 25 27 31 36 40 45 49 54 58 58 58 57 57 56 56 55 49 42 36 29 23 16 10 12 13 15 17 19 21 23 23 24 25 25 26 27 27 27
0 0 0 0 0 0 0 0 0 0 0 1 1 1 1 1 1 2 2 2 1 1 1 1 1 1 2 2 3 3 4 4 5 5 6 7 8 9 9 11 13 14 16 18 19 21 20 19 18 17 16 14 13 15 17 19 21 23 25 27 31 36 41 45 50 55 59 59 58 58 57 56 55 55 48 42 35 28 21 15 8 11 13 16 18 21 23 26 26 27 28 29 30 30 31 30
0 0 0 0 0 0 0 0 0 0 1 1 1 1 1 1 1 2 2 2 2 2 2 2 2 2 2 2 3 3 3 3 4 5 7 8 9 10 11 13 14 16 17 19 20 22 21 20 20 19 18 17 17 18 20 21 23 25 26 28 32 36 41 45 49 53 58 58 57 57 56 56 56 55 49 43 37 31 25 18 12 14 16 18 20 22 24 26 27 28 29 30 31 32 33 32
0 0 0 0 0 0 0 0 0 1 1 1 1 1 1 1 1 1 2 2 2 2 2 2 2 2 2 2 3 3 3 3 4 5 7 9 10 12 13 15 16 17 18 20 21 22 22 22 22 21 21 21 20 21 23 24 25 26 28 29 33 37 40 44 48 52 56 56 56 56 56 56 56 56 50 45 39 33 28 22 17 18 20 21 23 24 26 27 28 30 31 32 33 34 35 34
0 0 0 0 0 0 0 1 1 1 1 1 1 1 1 1 1 1 2 2 2 2 2 3 3 3 3 3 2 2 2 2 3 5 7 9 11 13 15 17 18 19 20 21 22 23 23 23 23 23 24 24 24 25 26 26 27 28 29 30 33 37 40 44 47 51 54 55 55 55 55 56 56 56 51 46 41 36 31 26 21 22 23 24 25 26 27 28 29 31 32 33 35 36 37 36
0 0 0 0 0 0 0 1 1 1 1 1 1 1 1 1 1 1 2 2 2 2 3 3 3 3 3 3 2 2 2 1 3 5 8 10 13 15 17 19 19 20 21 22 23 23 24 25 25 26 26 27 27 28 28 29 29 30 30 31 34 37 40 43 46 50 53 53 54 54 55 55 56 56 52 47 43 39 34 30 25 26 26 27 27 28 28 29 30 32 33 35 36 38 39 38
0 0 0 0 0 0 1 1 1 1 1 2 2 1 1 1 1 1 1 2 2 3 3 3 4 4 3 3 2 2 1 1 3 5 8 11 14 17 19 20 21 22 22 23 23 24 25 26 27 28 29 30 31 31 31 31 32 32 32 32 34 37 40 43 46 48 51 52 53 54 54 55 56 57 53 49 45 41 37 33 29 29 29 29 29 29 29 30 31 33 35 36 38 40 41 40
0 0 0 0 0 1 1 1 1 1 2 2 2 2 1 1 1 1 1 2 2 3 3 4 4 4 3 3 2 1 1 0 2 5 9 12 15 18 21 22 23 23 23 24 24 25 26 27 29 30 32 33 35 35 34 34 34 33 33 33 35 37 40 42 45 47 50 51 52 53 54 55 56 57 54 50 47 44 40 37 34 33 33 32 32 31 31 30 32 34 36 38 40 42 43 42
0 0 0 0 0 1 1 1 1 2 2 2 2 2 2 1 1 1 2 2 3 3 4 4 5 4 4 3 2 1 1 0 2 6 9 13 16 20 23 24 24 24 25 25 25 25 27 29 30 32 34 36 38 37 37 36 35 35 34 34 36 38 40 42 44 46 48 50 51 52 54 55 56 58 55 52 49 46 43 40 37 36 36 35 34 33 32 31 33 35 37 39 41 43 45 44
0 0 0 0 0 1 1 1 1 1 2 2 2 2 2 2 2 2 2 2 3 4 4 5 5 5 5 4 3 3 2 2 4 7 11 14 17 20 24 25 25 25 26 26 26 27 28 30 31 33 34 36 37 37 37 36 36 35 35 34 36 39 41 43 46 48 50 52 53 54 55 56 57 58 55 53 50 47 44 41 38 37 36 35 35 34 33 33 34 36 38 40 42 44 46 45
0 0 0 0 0 0 1 1 1 1 1 2 2 2 2 2 2 2 2 3 3 4 5 5 6 6 6 5 5 4 4 4 6 9 12 15 18 21 24 26 26 26 27 27 28 28 29 30 32 33 34 35 37 37 36 36 36 35 35 35 37 39 42 45 47 50 52 53 54 55 56 57 58 59 56 53 50 47 44 41 38 38 37 36 36 35 34 34 36 37 39 41 43 45 46 46
0 0 0 0 0 0 1 1 1 1 1 1 2 2 2 2 2 2 3 3 4 5 5 6 7 7 6 6 6 6 6 5 7 10 13 16 19 22 25 26 27 27 28 28 29 30 30 31 32 33 34 35 36 36 36 36 36 35 35 35 37 40 43 46 49 51 54 55 56 57 57 58 59 60 57 54 51 48 45 42 39 38 38 37 36 36 35 35 37 39 40 42 44 46 47 46
0 0 0 0 0 0 0 1 1 1 1 1 1 2 2 2 2 2 3 4 4 5 6 6 7 7 7 7 7 7 7 7 9 12 15 18 20 23 26 27 28 28 29 30 30 31 32 32 33 34 34 35 36 36 36 36 36 36 35 35 38 41 44 47 50 53 56 57 57 58 59 59 60 61 58 55 51 48 45 42 39 39 38 38 37 37 36 36 38 40 41 43 45 46 48 47
0 0 0 0 0 0 0 0 1 1 1 1 1 2 2 2 2 3 3 4 5 5 6 7 8 8 8 8 9 9 9 9 11 14 16 19 21 24 27 28 29 29 30 31 32 32 33 33 34 34 35 35 35 36 36 36 36 36 36 36 39 42 45 48 52 55 58 59 59 60 60 60 61 61 58 55 52 49 46 43 40 39 39 39 38 38 38 37 39 41 42 44 46 47 49 48
0 0 0 0 0 0 0 0 0 0 1 1 1 2 2 2 3 3 4 4 5 6 7 8 8 9 9 9 10 10 11 11 13 15 18 20 23 25 27 29 29 30 31 32 33 34 34 34 34 34 35 35 35 35 35 36 36 36 36 36 39 43 46 50 53 56 60 60 61 61 61 62 62 62 59 56 53 49 46 43 40 40 40 39 39 39 39 39 40 42 43 45 46 48 49 49
0 0 0 0 0 0 0 0 0 1 1 1 1 2 2 3 3 3 4 5 6 7 8 8 9 10 10 11 12 12 13 13 15 17 20 22 24 26 29 30 31 32 33 34 34 35 35 35 35 35 35 35 35 36 36 36 36 36 37 37 40 44 47 51 54 57 61 61 62 62 62 62 62 63 59 56 53 50 47 44 41 40 40 40 40 40 40 40 41 43 44 46 47 49 50 50
0 0 0 0 0 1 1 1 1 2 2 2 3 3 4 4 4 5 6 7 8 8 9 10 11 12 13 14 15 16 17 18 20 22 24 26 28 31 33 34 34 35 36 37 37 38 38 38 38 38 38 38 39 39 39 39 39 39 39 39 41 44 47 50 53 56 59 60 60 60 60 61 61 61 58 56 53 50 47 44 41 41 41 41 41 41 41 41 42 43 45 46 47 49 50 50
0 0 1 1 1 1 2 2 2 3 3 3 4 4 5 5 6 6 7 8 9 10 11 12 13 15 16 18 19 20 22 23 25 27 29 31 33 35 37 37 38 39 39 40 40 41 41 41 41 41 41 42 42 42 41 41 41 41 40 40 42 45 48 50 53 55 58 58 58 59 59 59 60 60 58 55 52 50 47 45 42 42 42 42 42 42 42 42 43 44 45 46 48 49 50 50
1 1 1 1 2 2 2 3 3 4 4 5 5 6 6 7 7 8 9 10 11 12 13 14 16 17 19 21 23 25 26 28 30 32 33 35 37 39 40 41 42 42 42 43 43 44 44 44 44 44 45 45 45 45 44 44 43 43 42 42 44 46 48 50 52 54 56 56 57 57 58 58 58 59 57 54 52 50 48 45 43 43 43 43 43 43 43 43 44 45 46 47 48 49 50 50
1 1 1 2 2 3 3 4 4 5 5 6 6 7 7 8 9 9 10 11 13 14 15 16 18 20 22 24 26 29 31 33 35 37 38 40 41 43 44 45 45 45 46 46 46 46 47 47 47 47 48 48 48 48 47 46 46 45 44 44 45 46 48 50 51 53 54 55 55 56 56 57 57 57 56 54 52 50 48 46 44 44 44 44 44 44 44 44 44 45 46 47 48 49 50 51
1 1 2 2 3 3 4 5 5 6 6 7 8 8 9 9 10 10 12 13 14 16 17 18 20 22 25 27 30 33 35 38 40 41 43 44 45 47 48 49 49 49 49 49 49 49 50 50 50 50 51 51 51 51 50 49 48 47 46 45 46 47 48 49 50 51 52 53 53 54 55 55 56 56 55 53 51 50 48 46 45 45 45 45 45 45 44 44 45 46 47 48 48 49 50 51
1 2 2 3 3 4 5 5 6 7 8 8 9 9 10 11 11 12 13 14 16 17 19 20 22 24 28 31 34 37 40 43 45 46 47 48 50 51 52 52 52 52 52 52 52 52 52 53 53 53 54 54 54 54 52 51 50 49 48 47 47 48 48 49 50 50 51 51 52 52 53 54 54 55 54 52 51 50 48 47 46 46 46 46 46 45 45 45 46 47 47 48 49 49 50 51
1 2 3 3 4 5 5 6 7 8 8 9 10 11 11 12 13 13 15 16 18 19 21 22 24 26 30 33 36 40 43 47 48 49 51 52 53 54 55 55 55 55 55 55 55 55 55 56 56 56 57 57 58 57 55 54 53 51 50 49 49 49 49 50 50 50 51 51 52 52 53 54 54 55 54 53 52 51 50 49 48 48 48 48 47 47 47 47 47 48 48 49 50 50 51 52
2 3 3 4 5 5 6 7 7 8 9 9 10 11 12 13 14 15 16 18 19 20 22 23 24 27 30 33 36 39 42 45 47 49 50 52 53 54 56 56 56 57 57 57 57 57 58 58 59 59 60 61 61 60 58 57 55 53 52 50 51 51 52 53 54 54 55 56 56 57 57 58 58 59 58 57 57 56 55 55 54 53 53 52 52 51 51 50 51 51 51 52 52 52 53 54
2 3 4 5 5 6 6 7 8 8 9 10 11 12 13 14 16 17 18 19 20 21 23 24 25 27 30 33 36 39 41 44 46 48 50 51 53 55 56 57 58 58 58 59 59 60 60 61 62 62 63 64 65 63 61 59 58 56 54 52 53 54 55 56 57 58 60 60 60 61 61 62 62 63 62 62 62 61 61 60 60 59 58 57 56 55 54 54 54 54 54 54 54 54 55 56
3 4 5 5 6 7 7 7 8 8 9 10 11 13 14 16 17 19 20 21 22 23 24 24 25 27 30 33 35 38 41 43 45 47 49 51 53 55 57 58 59 59 60 61 62 62 63 64 65 66 66 67 68 66 64 62 60 58 56 54 55 56 58 59 61 62 64 64 65 65 65 66 66 66 66 66 66 66 66 66 66 65 64 62 61 59 58 57 57 57 57 57 57 56 57 58
3 4 5 6 7 7 8 8 8 9 9 10 12 14 15 17 19 20 22 22 23 24 25 25 26 28 30 33 35 37 40 42 44 47 49 51 53 55 58 59 60 61 62 63 64 65 66 67 68 69 70 71 71 70 67 65 62 60 58 55 57 59 61 63 65 67 69 69 69 69 70 70 70 70 71 71 71 71 72 72 72 71 69 67 65 64 62 60 60 60 59 59 59 59 59 60
4 5 6 7 8 8 8 8 9 9 9 10 12 14 16 18 20 22 23 24 24 25 26 26 27 28 30 33 35 37 39 41 43 46 48 51 53 56 58 60 61 62 64 65 66 67 68 69 71 72 73 74 75 73 70 68 65 62 60 57 59 61 63 66 68 71 73 73 73 74 74 74 74 74 75 75 76 77 77 78 78 76 74 72 70 68 66 64 63 63 62 62 61 61 61 63
4 5 7 8 8 9 9 9 9 9 9 11 13 15 17 20 22 24 25 25 26 26 27 27 27 29 31 32 34 36 38 40 42 45 48 51 53 56 59 61 62 64 65 67 68 70 71 72 73 75 76 77 78 76 73 70 67 64 61 59 61 64 66 69 72 75 78 78 78 78 78 78 78 78 79 80 81 82 83 84 84 82 79 77 74 72 69 67 66 66 65 64 64 63 63 65
