pluvio/pluvio-308.asc
ncols         252
nrows         154
xllcorner     -0.5
yllcorner     -153.5
cellsize      1
NODATA_value  -9999
[rows 44 to 87 of 154, columns 96 to 191 of 252]
127 130 134 137 140 143 142 140 139 138 136 135 136 144 153 162 171 180 189 196 196 196 196 196 196 196 193 186 178 171 164 156 149 145 147 150 153 155 158 161 160 155 149 144 139 133 128 127 134 140 147 153 159 166 168 166 164 162 160 157 155 152 146 141 136 131 126 120 123 132 141 150 159 168 177 182 186 189 193 196 200 203 201 196 191 186 181 176 171 167 164 160 156 153 149 146
124 126 127 129 130 132 131 131 131 130 130 130 131 140 150 159 168 177 187 193 193 193 193 193 193 193 191 183 176 169 162 155 148 144 145 147 148 150 151 152 151 146 140 135 129 124 119 119 127 135 144 152 160 168 172 170 168 167 165 163 161 158 153 148 143 139 134 129 132 140 149 157 166 174 183 189 193 198 202 206 211 215 212 206 200 194 188 182 176 171 166 162 157 152 147 143
120 121 121 122 123 124 124 123 123 123 123 123 125 134 143 153 162 172 181 188 189 189 189 189 189 189 187 180 173 166 159 152 145 141 143 144 145 146 148 149 148 142 137 131 126 121 115 116 124 132 140 149 157 165 169 168 167 166 165 165 164 161 157 152 148 144 139 135 138 146 154 163 171 179 188 193 197 201 205 209 213 216 213 206 199 193 186 179 172 167 163 159 155 151 147 142
115 115 115 116 116 117 116 116 116 116 116 115 117 127 137 146 156 166 175 183 183 184 184 184 185 185 184 177 170 163 156 149 142 138 140 141 143 144 145 147 146 140 135 129 124 119 113 114 121 129 137 145 152 160 164 164 165 165 165 165 165 163 160 156 152 148 144 140 143 151 159 168 176 184 192 197 200 203 206 209 212 215 211 204 196 188 181 173 166 161 158 155 152 149 146 143
109 109 109 109 109 109 109 109 109 109 108 108 110 120 130 140 150 159 169 177 178 178 179 180 181 182 180 173 167 160 153 146 139 135 137 138 140 142 143 145 143 138 133 127 122 117 112 112 119 126 133 141 148 155 159 161 162 163 164 166 167 166 162 159 155 152 149 145 148 156 164 172 180 189 197 201 203 205 207 210 212 214 209 201 192 184 176 167 159 155 153 151 149 147 146 144
104 104 103 103 103 102 102 102 102 101 101 101 103 113 123 133 143 153 163 171 172 173 174 176 177 178 177 170 163 156 150 143 136 133 134 136 137 139 141 142 141 136 131 126 120 115 110 110 116 123 130 137 143 150 155 157 159 162 164 166 168 168 165 162 159 156 153 150 154 161 169 177 185 193 201 205 206 207 209 210 211 213 207 198 189 180 171 162 152 149 148 147 147 146 145 144
99 98 97 97 96 95 95 95 94 94 94 93 95 106 116 126 137 147 157 166 167 168 170 171 173 174 173 166 160 153 147 140 133 130 131 133 135 137 138 140 139 134 129 124 118 113 108 108 114 120 126 133 139 145 150 153 157 160 163 167 170 170 168 165 163 160 158 156 159 167 174 182 190 198 205 209 209 210 210 210 211 211 205 195 185 175 166 156 146 143 143 144 144 144 144 145
94 93 91 90 89 88 88 87 87 87 86 86 88 98 109 120 130 141 151 160 161 163 165 167 168 170 169 163 156 150 143 137 130 127 129 130 132 134 136 138 137 132 127 122 116 111 106 106 111 117 123 129 134 140 145 150 154 158 163 167 172 173 171 169 167 165 163 161 164 172 179 187 195 202 210 213 212 212 211 211 210 210 203 192 182 171 160 150 139 137 138 140 141 142 144 145
89 87 85 84 82 81 81 80 80 79 79 79 81 91 102 113 124 135 145 154 156 158 160 162 164 166 166 159 153 147 140 134 127 124 126 128 130 132 134 136 135 130 125 120 114 109 104 104 109 114 119 125 130 135 140 146 151 157 162 168 173 175 173 172 170 169 167 166 169 177 184 192 199 207 214 216 215 214 212 211 210 209 201 189 178 167 155 144 133 131 134 136 138 141 143 146
86 85 83 82 81 79 79 79 78 78 78 77 79 90 100 111 121 132 142 150 152 154 156 158 159 161 161 156 151 147 142 137 132 130 132 134 136 138 140 142 141 137 132 128 123 119 114 114 119 125 130 135 141 146 151 157 163 168 174 179 185 187 185 184 182 181 179 177 180 185 190 196 201 206 212 213 211 210 209 207 206 205 197 186 175 164 152 141 130 129 131 133 135 137 140 142
84 83 82 81 80 79 79 79 78 78 78 77 79 89 99 109 119 129 139 147 149 150 152 153 154 156 156 153 150 147 144 141 139 137 139 141 144 146 148 150 150 146 142 138 134 130 126 127 132 138 143 149 154 160 165 171 176 182 187 193 198 200 198 197 195 194 192 190 191 194 197 199 202 205 208 208 207 205 204 203 201 200 192 182 171 161 150 139 129 127 129 130 132 134 135 137
82 81 81 80 79 79 78 78 78 78 78 77 79 89 98 108 118 127 137 144 145 146 147 148 149 150 151 150 149 148 147 146 145 145 147 149 151 153 155 158 158 155 151 148 145 142 139 139 145 151 157 162 168 174 179 185 190 196 201 206 212 214 212 210 208 207 205 203 202 203 203 203 203 204 204 203 202 200 199 198 197 195 188 178 168 158 147 137 127 125 126 127 129 130 131 132
80 79 79 79 79 78 78 78 78 78 77 77 79 88 97 107 116 125 134 141 142 142 143 144 144 145 146 146 147 148 149 150 151 152 155 157 159 161 163 165 166 163 161 158 156 153 151 152 158 164 170 176 182 188 193 199 204 209 215 220 225 227 225 223 221 220 218 216 214 212 209 207 205 202 200 198 197 196 194 193 192 191 184 174 164 155 145 135 126 123 124 125 125 126 127 128
77 78 78 78 78 78 78 78 78 77 77 77 79 88 96 105 114 123 131 138 138 138 139 139 139 139 140 143 146 149 152 155 157 160 162 164 167 169 171 173 174 172 170 169 167 165 163 165 171 177 183 189 196 202 207 213 218 223 228 234 239 240 239 237 235 233 231 229 225 220 215 211 206 201 196 193 192 191 190 188 187 186 179 170 161 152 142 133 124 121 122 122 122 122 123 123
75 76 76 77 77 78 78 77 77 77 77 77 79 87 95 104 112 120 129 135 135 135 134 134 134 134 135 140 145 149 154 159 164 168 170 172 174 177 179 181 182 181 180 179 178 177 175 178 184 190 197 203 209 216 221 227 232 237 242 247 253 254 252 250 248 246 244 242 236 229 222 214 207 200 192 189 187 186 185 184 182 181 175 166 157 149 140 131 122 120 119 119 119 119 118 118
73 74 75 76 77 77 77 77 77 77 77 77 79 87 94 102 110 118 126 132 131 131 130 130 129 128 130 137 143 150 157 163 170 175 177 180 182 184 187 189 190 190 189 189 189 188 188 190 197 203 210 216 223 230 235 241 246 251 256 261 266 267 265 263 261 259 257 254 248 238 228 218 208 198 188 184 182 181 180 179 178 176 171 162 154 146 137 129 121 118 117 116 116 115 114 113
81 80 79 79 78 78 78 78 77 77 77 77 78 85 93 100 107 114 121 126 126 126 126 126 126 126 127 134 140 146 152 159 165 170 173 177 180 183 186 190 192 191 191 191 191 191 190 193 200 207 214 221 228 235 241 247 253 258 264 270 275 276 273 270 267 264 261 257 250 240 230 220 210 200 189 185 184 182 181 180 179 178 172 163 155 147 138 130 122 119 118 117 116 115 114 113
89 87 85 83 80 79 78 78 78 77 77 77 78 84 91 97 103 109 116 121 121 121 122 122 122 123 125 130 136 142 147 153 159 164 168 172 177 181 185 190 192 192 192 192 192 192 192 195 202 210 217 225 232 240 246 253 259 265 272 278 284 285 281 276 272 268 264 259 252 242 232 221 211 201 191 186 185 184 183 182 181 179 173 165 157 148 140 132 123 120 119 118 117 116 115 114
98 94 90 86 83 79 79 78 78 77 77 77 77 83 88 94 100 105 111 115 116 117 118 118 119 120 122 127 132 137 142 147 152 157 163 168 173 179 184 189 193 193 193 193 193 193 193 197 205 213 220 228 236 244 252 258 265 272 279 286 293 293 288 283 277 272 267 261 253 243 233 223 213 203 193 188 187 186 185 184 182 181 175 167 158 150 142 133 125 122 120 119 118 117 116 114
107 101 96 90 85 80 79 79 78 78 77 76 77 82 86 91 96 101 105 109 111 112 113 115 116 117 120 124 128 133 137 141 146 151 157 164 170 176 183 189 193 193 194 194 194 194 195 198 207 215 224 232 240 249 257 264 272 279 287 294 302 302 295 289 282 276 270 263 255 245 235 225 215 205 195 190 189 188 186 185 184 183 177 169 160 152 143 135 126 123 122 120 119 118 116 115
115 108 101 94 87 81 80 79 78 78 77 76 76 80 84 88 92 96 100 104 106 107 109 111 113 115 117 121 125 128 132 136 139 144 152 159 167 174 181 189 194 194 194 195 195 196 196 200 209 218 227 235 244 253 262 270 278 286 294 302 310 310 303 295 288 280 272 265 256 246 236 226 216 206 196 192 191 189 188 187 186 185 179 170 162 153 145 136 128 124 123 121 120 118 117 115
124 115 106 98 89 81 80 80 79 78 77 76 76 79 82 86 89 92 95 98 100 103 105 107 110 112 115 118 121 124 127 130 133 138 146 155 163 172 180 189 194 195 195 196 196 197 198 202 211 220 230 239 248 258 267 275 284 293 302 310 319 319 310 301 293 284 275 267 257 248 238 228 218 208 198 194 192 191 190 189 188 187 181 172 164 155 146 138 129 126 124 122 121 119 117 116
133 122 112 101 91 82 81 80 79 78 77 76 76 78 80 83 85 88 90 92 95 98 101 104 107 109 112 115 117 119 122 124 127 132 141 151 160 170 179 188 195 195 196 197 198 198 199 204 213 223 233 243 252 262 272 281 290 300 309 318 328 327 317 308 298 288 278 269 259 249 239 229 219 210 200 195 194 193 192 191 190 188 182 174 165 157 148 139 131 127 125 123 122 120 118 116
135 125 114 104 94 85 84 83 83 82 81 80 80 82 84 86 89 91 93 95 98 101 103 106 109 111 114 117 119 122 125 128 130 135 143 152 160 169 177 186 192 193 195 196 198 200 201 206 217 227 237 247 257 267 277 286 295 304 313 322 331 331 322 313 304 294 285 276 267 257 247 237 227 217 207 203 202 200 199 198 197 195 189 181 173 164 156 148 140 135 132 130 127 124 121 118
137 126 116 106 96 88 87 87 86 86 85 85 85 87 89 91 93 95 97 99 101 104 106 109 111 114 116 119 122 125 129 132 135 139 147 154 161 169 176 183 189 191 194 196 198 201 203 209 220 230 241 251 262 272 282 291 300 308 317 326 334 334 326 317 309 301 292 284 275 265 255 245 235 226 216 211 210 208 207 205 204 202 197 189 181 173 165 157 149 144 140 136 132 128 124 121
138 128 119 109 99 91 91 90 90 90 90 90 90 91 93 95 97 98 100 102 104 107 109 111 114 116 118 122 125 129 132 136 139 143 150 156 162 168 174 181 186 189 192 196 199 202 205 212 223 234 245 256 267 278 287 296 304 312 321 329 337 337 330 322 315 307 300 292 283 273 263 253 244 234 224 219 217 216 214 213 211 210 204 196 189 181 173 166 158 152 147 142 137 133 128 123
140 130 121 111 102 94 94 94 94 94 94 94 95 96 98 99 101 102 104 105 107 110 112 114 116 118 121 124 128 132 136 140 143 148 153 158 163 168 173 178 183 187 191 195 199 203 207 215 226 237 249 260 272 283 293 301 309 317 325 333 341 341 334 327 320 314 307 300 291 281 272 262 252 242 232 227 225 224 222 220 219 217 211 204 197 189 182 175 167 161 155 149 143 137 131 125
141 132 123 114 105 97 97 98 98 98 98 99 99 101 102 103 105 106 107 109 111 113 115 116 118 120 123 127 131 135 139 144 148 152 156 160 163 167 171 175 180 185 190 195 200 204 209 217 229 241 253 265 276 288 298 306 313 321 328 336 344 344 338 332 326 320 314 308 300 290 280 270 260 250 240 235 233 231 230 228 226 224 219 212 205 198 190 183 176 169 162 155 148 141 134 127
143 134 125 116 107 100 100 101 102 102 103 103 104 105 106 108 109 110 111 112 114 116 117 119 121 122 125 130 134 139 143 148 152 156 159 161 164 167 170 173 177 182 188 194 200 206 212 220 232 245 257 269 281 293 303 310 318 325 332 339 347 347 342 337 332 326 321 316 308 298 288 278 268 258 248 243 241 239 237 235 233 231 226 219 213 206 199 192 186 178 170 162 154 146 137 129
145 136 127 119 110 103 104 105 105 106 107 108 109 110 111 112 113 114 114 116 117 119 120 122 123 125 127 132 137 142 147 151 156 160 162 163 165 167 168 170 174 180 187 194 200 207 214 223 236 248 261 273 286 299 309 315 322 329 336 343 350 351 346 342 337 333 328 324 316 306 296 286 276 266 256 251 249 247 245 243 241 238 234 227 221 214 208 201 195 186 177 168 159 150 141 132
145 136 128 120 111 104 105 106 107 108 109 110 111 112 113 115 116 117 119 120 122 124 125 127 129 131 133 138 143 147 152 157 161 166 169 172 175 178 181 184 188 193 198 203 208 213 218 227 240 254 268 281 295 309 318 324 330 336 341 347 353 354 352 349 346 344 341 338 330 317 304 292 279 266 253 247 244 241 238 236 233 230 226 220 214 209 203 197 192 184 175 166 156 147 138 129
145 137 129 121 112 106 107 108 108 109 110 111 112 114 116 118 119 121 123 125 127 129 131 133 135 137 139 144 149 153 158 162 167 171 176 181 185 190 194 199 203 206 210 213 216 219 223 231 245 260 275 289 304 318 328 333 338 342 347 351 356 358 357 356 355 355 354 353 344 328 313 297 281 266 250 242 239 235 232 228 225 221 217 212 208 203 198 193 189 181 172 163 154 145 136 126
145 137 129 122 114 107 108 109 110 111 112 113 114 116 118 121 123 125 127 129 132 134 136 138 141 143 146 150 154 159 163 167 172 177 183 189 195 202 208 214 218 220 221 223 224 226 227 235 250 266 282 297 313 328 338 342 345 349 352 355 359 361 362 363 364 366 367 368 358 339 321 302 284 265 247 237 233 229 225 221 217 213 209 205 201 197 193 189 186 178 169 160 151 142 133 124
145 138 130 122 115 108 109 110 111 112 113 114 115 118 121 124 126 129 132 134 137 139 142 144 146 149 152 156 160 164 169 173 177 182 190 198 206 213 221 229 233 233 233 232 232 232 232 239 255 272 289 305 322 338 348 351 353 355 357 360 362 365 368 371 374 377 379 382 372 350 329 308 286 265 244 232 228 223 218 214 209 204 201 197 194 191 188 185 182 175 166 157 148 139 130 121
146 138 131 123 116 110 111 112 113 114 115 116 117 120 123 126 130 133 136 139 141 144 147 150 152 155 158 162 166 170 174 178 182 188 197 206 216 225 234 243 248 246 244 242 240 238 236 243 260 278 295 313 331 348 358 359 360 362 363 364 365 368 373 378 383 387 392 397 386 361 337 313 289 265 240 228 222 217 212 206 201 195 192 190 188 186 184 181 179 172 163 154 146 137 128 119
146 139 131 124 117 111 112 113 114 115 116 117 119 122 126 129 133 137 140 143 146 149 152 155 158 161 164 168 172 176 180 184 187 194 204 215 226 237 247 258 263 260 256 252 248 244 241 246 265 284 302 321 340 358 368 368 368 368 368 368 368 371 378 385 392 398 405 412 399 372 345 318 291 264 237 223 217 211 205 199 193 187 184 183 181 180 179 177 176 169 161 152 143 134 125 116
146 139 132 125 118 113 114 115 116 117 118 119 120 124 128 132 136 140 144 148 151 154 158 161 164 167 171 174 178 182 185 189 193 199 211 224 236 248 261 273 278 273 267 262 256 251 245 250 270 289 309 329 348 368 377 376 375 374 373 372 370 374 383 392 400 409 417 426 413 383 353 323 294 264 234 218 212 205 198 192 185 178 176 175 175 174 174 173 173 167 158 149 140 131 122 114
147 142 136 131 126 122 122 122 123 123 123 123 125 129 132 136 140 144 148 153 157 162 166 171 175 180 183 186 189 191 194 196 199 205 217 230 242 254 267 279 284 278 272 266 259 253 247 250 267 283 299 316 332 348 356 355 354 353 352 351 349 354 363 373 383 392 402 411 399 371 342 313 285 256 227 212 206 200 193 187 181 175 172 171 171 170 170 169 169 163 155 147 138 130 122 114
148 144 141 137 133 130 130 130 129 129 129 128 129 133 137 141 145 149 152 157 163 169 174 180 186 192 196 198 199 201 202 204 205 210 223 235 248 261 273 286 291 284 277 270 263 256 249 250 264 277 290 303 316 329 336 334 333 332 331 329 328 333 344 354 365 376 386 397 386 358 331 303 276 248 221 206 200 195 189 183 177 171 168 168 167 167 166 165 165 159 152 144 137 129 122 114
149 147 145 143 141 139 138 137 136 135 134 133 133 137 141 145 149 153 157 161 168 176 183 190 197 204 209 210 210 210 211 211 211 216 229 241 254 267 279 292 297 289 282 274 266 258 251 250 260 270 280 290 300 310 315 313 312 311 310 308 307 313 324 336 347 359 371 382 372 346 319 293 267 240 214 201 195 189 184 178 173 167 165 164 163 163 162 161 161 156 149 142 135 128 121 114
150 150 149 149 148 148 146 144 143 141 139 138 137 141 145 149 153 157 161 166 174 183 191 200 208 217 222 222 221 220 219 218 218 222 234 247 260 273 286 299 303 295 286 278 269 261 252 251 257 264 271 277 284 291 294 292 291 290 289 287 286 292 305 317 330 342 355 367 359 333 308 283 258 233 207 195 189 184 179 174 169 164 161 160 160 159 158 157 157 152 146 140 133 127 121 115
151 152 153 155 156 156 154 152 149 147 145 142 141 145 149 153 157 161 165 170 180 190 200 209 219 229 235 233 232 230 228 226 224 227 240 253 266 279 292 305 309 300 291 282 273 263 254 251 254 258 261 264 268 271 273 271 270 269 268 266 265 272 285 299 312 326 339 353 345 321 297 273 249 225 201 189 184 179 174 169 165 160 158 157 156 155 154 153 153 148 143 137 132 126 121 115
152 155 158 160 163 165 162 159 156 153 150 147 146 149 153 157 161 165 169 174 186 197 208 219 230 241 248 245 242 239 236 233 230 233 246 259 272 285 298 312 316 306 296 286 276 266 256 251 251 251 251 252 252 252 252 250 249 248 247 245 244 251 265 280 295 309 324 338 331 309 286 263 240 217 194 183 178 174 169 165 161 156 154 153 152 151 150 149 149 145 140 135 130 125 120 115
153 157 162 166 170 173 170 166 163 159 155 152 150 154 158 161 165 169 173 179 191 203 216 228 240 253 260 256 252 249 245 241 237 239 252 265 278 291 304 317 321 311 300 290 279 269 258 251 248 245 243 240 237 234 232 231 229 228 227 225 224 232 247 262 278 293 309 324 318 297 275 253 232 210 188 177 173 169 165 161 157 153 151 150 149 148 147 146 145 142 137 133 129 124 120 115
