pluvio/pluvio-247.asc
ncols         252
nrows         154
xllcorner     -0.5
yllcorner     -153.5
cellsize      1
NODATA_value  -9999
[rows 56 to 111 of 154, columns 0 to 95 of 252]
1 2 2 2 2 3 3 3 3 3 3 4 5 6 7 8 8 9 10 10 10 10 10 10 10 11 13 14 16 17 18 20 20 19 18 18 17 16 16 15 15 15 15 15 14 14 14 13 12 12 11 11 10 9 8 7 7 6 5 4 4 4 3 3 3 3 3 2 2 2 2 2 2 1 1 1 1 1 1 0 0 1 1 1 1 2 2 2 2 2 3 3 3 3 3 3
2 2 2 3 3 3 3 4 4 4 4 5 6 7 8 9 10 11 12 12 12 12 12 12 12 13 14 16 17 19 20 21 21 20 20 19 18 17 17 16 16 16 16 16 15 15 15 14 14 13 12 12 11 10 10 9 8 7 6 5 5 5 4 4 4 4 3 3 3 3 3 2 2 2 2 2 1 1 1 1 1 1 1 2 2 2 2 3 3 3 3 3 4 4 4 4
2 3 3 3 4 4 4 4 5 5 5 6 7 8 10 11 12 14 14 14 14 14 14 14 14 15 16 18 19 20 21 23 22 22 21 20 19 18 17 17 17 17 17 16 16 16 16 15 15 14 14 13 12 12 11 10 9 8 7 6 6 6 5 5 5 4 4 4 4 3 3 3 3 2 2 2 2 1 1 1 1 1 2 2 2 3 3 3 4 4 4 4 4 5 5 5
3 3 4 4 4 5 5 5 5 5 6 7 8 10 11 13 14 16 16 16 16 16 16 16 17 17 18 20 21 22 23 24 24 23 22 21 20 19 18 18 18 18 18 17 17 17 17 16 16 15 15 14 14 13 12 11 10 9 8 7 7 7 6 6 6 5 5 5 4 4 4 4 3 3 3 2 2 2 2 1 1 1 2 2 3 3 4 4 4 5 5 5 5 6 6 6
4 4 5 5 6 6 6 7 7 7 8 9 10 11 13 14 15 17 17 17 17 18 18 18 18 18 20 21 22 23 24 25 25 24 23 22 21 20 20 19 19 19 18 18 18 18 17 17 16 16 15 15 14 13 12 12 11 10 9 8 7 7 7 6 6 6 5 5 5 4 4 4 3 3 3 3 2 2 2 2 1 2 2 3 3 4 4 4 5 5 5 6 6 6 7 7
5 5 6 7 7 8 8 9 9 9 10 11 12 13 14 15 16 18 18 18 18 18 19 19 19 19 21 22 23 24 25 26 26 25 24 23 22 22 21 20 20 20 19 19 18 18 18 17 17 16 16 15 15 14 13 12 11 10 9 8 8 7 7 7 6 6 5 5 5 5 4 4 4 3 3 3 3 2 2 2 2 2 3 3 3 4 4 5 5 5 6 6 7 7 7 7
6 7 7 8 9 9 10 10 11 11 12 12 13 14 15 16 17 18 19 19 19 19 19 20 20 20 22 23 24 25 26 27 27 26 25 24 24 23 22 22 21 21 20 20 19 19 18 18 17 17 16 16 15 14 13 12 11 10 9 8 8 7 7 7 6 6 6 5 5 5 4 4 4 4 3 3 3 3 3 2 2 3 3 3 4 4 5 5 5 6 6 7 7 8 8 8
7 8 9 10 11 11 12 12 13 13 14 14 15 16 17 18 19 19 20 20 20 20 20 21 21 22 23 24 25 26 27 28 28 27 26 25 25 24 23 23 22 22 21 20 20 19 18 18 17 17 17 16 16 15 14 13 12 11 10 9 8 8 7 7 6 6 6 5 5 5 5 4 4 4 4 3 3 3 3 3 3 3 3 4 4 4 5 5 6 6 7 7 8 8 9 9
8 9 10 11 12 13 13 14 15 15 16 16 17 18 18 19 20 20 21 21 21 21 21 22 22 23 24 25 26 27 28 29 28 28 27 27 26 25 25 24 23 22 22 21 20 19 19 18 18 17 17 16 16 15 14 13 12 11 10 9 8 8 8 7 7 6 6 6 5 5 5 4 4 4 4 4 4 3 3 3 3 3 4 4 4 5 5 6 6 7 7 8 8 9 10 10
9 10 11 13 14 14 15 16 17 17 18 18 19 19 20 20 21 21 21 22 22 22 22 23 23 24 25 26 27 28 29 29 29 29 28 28 27 27 26 25 24 23 23 22 21 20 19 19 18 18 17 17 16 15 14 13 12 11 10 9 9 8 8 7 7 6 6 6 5 5 5 5 4 4 4 4 4 4 4 3 3 4 4 4 5 5 5 6 6 7 8 8 9 10 10 11
10 11 13 14 15 16 17 18 18 19 20 20 21 21 21 21 22 22 22 22 23 23 23 24 24 25 26 27 27 28 29 30 30 30 29 29 28 28 27 26 25 24 23 22 21 20 20 19 19 18 18 17 17 16 15 14 13 11 10 9 9 8 8 7 7 7 6 6 6 5 5 5 5 4 4 4 4 4 4 4 4 4 4 5 5 5 6 6 7 8 8 9 10 10 11 12
11 13 14 16 17 18 19 20 21 21 22 23 23 24 24 24 25 25 25 26 26 26 26 27 27 27 28 29 29 30 31 31 31 31 30 30 30 29 29 28 27 26 25 24 23 22 21 20 20 19 19 18 18 17 16 15 14 13 12 11 10 10 9 9 9 8 8 8 7 7 6 6 5 5 5 5 5 5 5 5 5 5 6 6 7 7 8 8 9 10 11 11 12 13 14 14
12 14 16 18 20 20 21 22 23 24 25 25 26 26 27 27 28 28 29 29 29 29 29 30 30 30 31 31 31 32 32 32 32 32 32 31 31 30 30 29 28 27 26 25 24 23 22 22 21 20 20 19 18 17 16 16 15 14 13 12 12 11 11 11 11 10 10 9 9 8 7 7 6 5 5 5 5 5 5 5 5 6 7 8 8 9 10 11 11 12 13 14 15 15 16 17
13 15 18 20 22 22 23 24 25 26 27 28 28 29 30 30 31 31 32 32 32 32 33 33 33 33 33 33 33 33 33 34 33 33 33 32 32 32 31 31 30 28 27 26 25 24 24 23 22 21 20 20 19 18 17 17 16 15 14 13 13 13 13 13 12 12 12 11 10 10 9 8 7 6 6 6 6 6 6 6 6 7 8 9 10 11 12 13 14 15 16 16 17 18 19 20
14 17 19 22 24 25 26 26 27 28 29 30 31 32 32 33 34 35 35 35 35 36 36 36 36 36 36 36 35 35 35 35 34 34 34 34 33 33 33 32 31 30 29 28 27 26 25 24 23 22 21 21 20 19 18 18 17 16 15 15 15 14 14 14 14 14 14 13 12 11 10 9 8 7 7 7 7 7 7 7 7 8 9 11 12 13 14 15 16 17 18 19 20 21 22 22
15 18 21 24 26 27 28 29 30 31 32 33 33 34 35 36 37 38 38 38 39 39 39 39 39 39 38 38 37 37 36 36 35 35 35 35 35 34 34 33 32 31 30 29 28 27 26 25 24 23 22 21 20 20 19 18 18 17 17 16 16 16 16 16 16 16 16 15 14 12 11 10 9 7 7 7 7 7 8 8 8 9 11 12 13 15 16 18 19 20 20 21 22 23 24 25
16 20 23 26 28 29 30 31 32 33 34 35 36 37 38 39 40 41 41 42 42 42 42 42 42 42 41 40 39 38 38 37 36 36 36 36 36 36 35 35 34 33 32 31 30 29 28 26 25 24 23 22 21 20 20 19 19 18 18 17 17 18 18 18 18 18 18 17 15 14 12 11 9 8 8 8 8 8 8 8 8 10 12 13 15 17 18 20 21 22 23 24 25 26 27 28
17 21 24 28 30 31 32 33 34 35 36 37 39 40 41 42 43 44 45 45 45 45 45 45 46 45 44 43 41 40 39 38 37 37 37 37 37 37 37 36 35 34 33 32 31 30 29 28 26 25 24 23 22 21 21 20 20 20 19 19 19 19 19 20 20 20 20 19 17 15 14 12 10 8 9 9 9 9 9 9 9 11 13 15 17 19 21 22 23 24 25 26 28 29 30 31
19 23 26 30 33 34 35 36 37 39 40 41 42 43 44 44 45 46 47 47 47 47 47 47 47 47 45 44 43 41 40 39 38 38 38 39 39 39 39 38 37 36 35 33 32 31 30 29 27 26 25 24 22 22 22 21 21 20 20 20 20 20 20 20 20 20 21 19 17 16 14 12 11 9 9 9 10 10 10 10 10 12 14 16 18 20 22 24 26 27 28 30 31 33 34 35
20 24 29 33 35 37 38 39 41 42 43 44 45 46 46 47 48 48 49 49 49 49 49 49 49 48 47 45 44 42 41 39 39 39 40 40 40 41 41 40 39 37 36 35 34 32 31 30 28 27 26 24 23 23 22 22 22 21 21 21 21 21 21 21 21 21 21 20 18 16 15 13 11 10 10 10 10 11 11 11 11 13 15 18 20 22 24 26 28 30 32 33 35 37 39 40
22 26 31 35 38 40 41 43 44 46 47 48 48 49 49 50 50 50 51 51 51 51 51 51 51 50 48 47 45 43 42 40 40 40 41 41 42 42 43 42 40 39 38 36 35 33 32 31 29 28 27 25 24 23 23 23 22 22 22 21 21 21 21 21 21 21 21 20 18 17 15 14 12 10 11 11 11 11 12 12 12 14 17 19 21 23 26 28 30 32 35 37 39 41 43 45
23 28 33 38 41 42 44 46 47 49 51 51 52 52 52 52 52 52 53 53 53 53 53 53 53 52 50 48 46 44 43 41 41 41 42 43 43 44 45 44 42 41 39 38 36 35 33 32 30 29 27 26 25 24 24 23 23 23 22 22 22 22 22 22 22 22 22 20 19 17 16 14 12 11 11 12 12 12 13 13 13 16 18 20 23 25 27 30 32 35 38 40 43 45 48 50
25 30 35 40 43 45 47 49 51 52 54 55 55 55 55 55 55 54 54 54 55 55 55 55 55 53 51 49 47 46 44 42 42 43 43 44 45 46 47 46 44 42 41 39 37 36 34 33 31 30 28 27 25 25 24 24 24 24 23 23 23 23 23 23 23 22 22 21 19 18 16 15 13 11 12 12 13 13 13 14 14 17 19 22 24 27 29 32 35 38 41 44 47 50 53 55
26 31 37 42 46 48 50 52 54 56 58 58 58 58 57 57 57 57 56 56 56 56 56 56 56 55 53 51 49 47 44 42 42 44 45 46 47 48 49 48 46 44 42 41 39 37 35 34 32 31 29 28 26 25 25 25 25 24 24 24 24 24 23 23 23 23 23 21 20 18 17 15 14 12 12 13 13 14 14 15 15 18 20 23 26 28 31 34 37 40 44 47 50 54 57 60
27 33 39 45 49 51 53 55 57 59 61 62 61 61 60 60 59 58 58 58 58 58 58 58 58 57 54 52 50 48 45 43 43 45 46 47 48 50 51 50 48 46 44 42 40 38 36 35 33 32 30 28 27 26 26 26 25 25 25 25 24 24 24 24 24 23 23 22 20 19 17 16 14 13 13 14 14 15 15 16 16 19 22 24 27 30 33 35 39 43 47 50 54 58 62 64
26 32 37 43 47 48 50 52 54 56 58 58 58 57 57 57 56 56 56 56 56 56 56 56 56 55 53 51 49 47 45 43 43 44 46 47 48 49 50 49 48 46 44 43 41 39 38 36 35 33 31 30 28 28 27 27 27 26 26 25 25 25 25 25 24 24 24 23 21 20 19 17 16 15 15 16 16 17 17 18 18 21 23 25 27 30 32 34 37 41 44 47 50 54 57 59
25 30 36 41 44 46 48 49 51 53 54 55 55 54 54 54 53 53 53 53 53 54 54 54 54 53 51 50 48 46 45 43 43 44 45 47 48 49 50 49 48 46 45 43 42 40 39 37 36 34 33 31 30 29 29 28 28 27 27 26 26 26 26 25 25 25 25 24 23 21 20 19 18 17 17 18 18 19 19 20 20 22 24 26 27 29 31 33 36 38 41 44 47 49 52 54
24 29 34 39 42 44 45 47 48 49 51 51 51 51 51 51 50 50 50 51 51 51 52 52 52 51 50 49 47 46 44 43 43 44 45 46 47 48 49 49 47 46 45 44 43 41 40 39 37 36 34 33 31 31 30 29 29 28 27 27 27 26 26 26 26 26 26 25 24 23 22 21 20 19 19 20 20 21 21 22 22 24 25 26 28 29 30 32 34 36 38 40 43 45 47 49
22 27 32 37 40 42 43 44 45 46 47 48 48 48 48 48 48 48 48 48 49 49 49 50 50 50 49 47 46 45 44 43 43 44 45 46 47 48 49 48 47 46 45 44 44 43 41 40 39 37 36 34 33 32 31 31 30 29 28 27 27 27 27 27 27 27 27 26 25 24 23 22 21 21 21 22 22 23 23 24 24 25 26 27 28 29 29 30 32 34 35 37 39 41 42 44
21 26 31 36 38 39 40 41 42 43 44 44 44 44 45 45 45 45 45 46 46 47 47 48 48 48 47 46 45 45 44 43 43 44 45 46 47 47 48 48 47 46 46 45 44 44 42 41 40 39 37 36 35 34 33 32 31 30 29 28 28 28 28 28 28 27 27 27 26 25 25 24 23 22 23 24 24 25 25 26 26 27 27 28 28 28 29 29 30 31 33 34 35 36 38 39
20 24 29 34 36 37 38 38 39 40 40 41 41 41 41 42 42 42 43 43 44 44 45 46 46 46 46 45 44 44 43 43 43 44 45 45 46 47 48 48 47 47 46 46 45 45 44 42 41 40 39 38 36 35 34 33 32 31 30 29 29 29 28 28 28 28 28 28 27 27 26 26 25 24 25 26 26 27 27 28 29 28 28 28 28 28 28 28 28 29 30 31 31 32 33 34
19 23 27 32 34 35 35 36 36 37 37 37 38 38 38 39 39 40 40 41 42 42 43 44 44 44 44 44 44 43 43 43 43 44 44 45 46 46 47 47 47 47 46 46 46 46 45 44 42 41 40 39 38 37 35 34 33 32 31 30 29 29 29 29 29 29 29 29 28 28 28 27 27 26 27 27 28 29 29 30 31 30 29 29 28 28 27 27 27 27 27 27 28 28 28 29
18 22 26 30 33 33 34 34 35 35 36 36 37 37 38 38 39 39 40 40 40 41 41 42 42 43 43 43 42 42 42 42 43 43 44 45 45 46 47 47 46 46 46 46 46 46 45 43 42 41 40 39 38 37 36 35 34 34 33 32 32 32 32 31 31 31 31 30 30 29 29 28 27 27 27 28 29 30 30 31 32 31 30 30 29 29 28 27 27 28 28 28 28 28 29 30
17 21 25 29 31 31 32 33 33 34 34 35 36 36 37 37 38 39 39 39 39 40 40 40 41 41 41 41 41 42 42 42 42 43 44 44 45 46 46 46 46 46 46 46 46 45 44 43 42 41 40 39 37 37 37 36 36 35 35 35 34 34 34 33 33 33 32 32 31 30 30 29 28 27 28 29 30 30 31 32 33 32 31 31 30 29 29 28 28 28 28 29 29 29 29 30
16 20 24 27 29 30 30 31 32 32 33 34 34 35 36 37 37 38 38 38 38 38 39 39 39 39 39 40 40 41 41 42 42 43 43 44 44 45 46 46 46 46 45 45 45 45 44 43 42 41 40 38 37 37 37 37 37 37 37 37 37 36 36 35 35 35 34 33 32 31 31 30 29 28 29 30 30 31 32 33 34 33 32 32 31 30 29 29 29 29 29 29 29 29 29 31
16 19 22 26 28 28 29 30 30 31 32 32 33 34 35 36 37 38 38 38 37 37 37 37 37 37 38 39 39 40 41 41 42 42 43 43 44 45 45 45 45 45 45 45 45 45 44 43 42 41 39 38 37 37 38 38 38 39 39 40 39 39 38 38 37 36 36 35 34 33 32 30 29 28 29 30 31 32 33 34 35 34 33 33 32 31 30 29 30 30 30 30 30 30 30 31
15 18 21 24 26 27 27 28 29 30 30 31 32 33 34 35 36 37 37 37 36 36 36 35 35 35 36 37 38 39 40 41 42 42 43 43 44 44 45 45 45 45 45 45 45 45 44 43 42 40 39 38 37 37 38 39 40 41 41 42 42 41 40 40 39 38 37 36 35 34 33 31 30 29 30 31 32 33 34 35 36 35 34 34 33 32 31 30 30 30 30 30 30 30 30 32
14 17 20 22 24 25 26 27 27 28 29 30 31 32 33 34 35 37 37 36 35 35 34 33 33 33 35 36 37 38 39 41 41 42 42 43 43 44 44 44 44 44 44 45 45 45 44 43 41 40 39 38 37 37 39 40 41 42 44 45 44 43 43 42 41 40 39 38 36 35 34 32 31 29 30 32 33 34 35 36 37 36 35 35 34 33 32 31 31 31 31 31 31 31 31 32
13 16 18 21 23 23 24 25 26 27 28 29 30 31 32 34 35 36 36 35 34 33 33 32 31 32 33 35 36 37 39 40 41 41 42 42 43 43 43 44 44 44 44 44 44 45 44 42 41 40 39 38 37 38 39 41 42 44 45 47 46 45 44 44 43 42 41 39 38 36 35 33 32 30 31 32 34 35 36 38 39 38 37 36 35 34 33 32 31 31 31 31 31 31 31 33
12 15 17 20 21 22 23 24 25 26 27 28 29 30 31 32 33 34 34 33 33 32 31 31 30 31 32 34 35 36 38 39 40 40 41 41 42 42 43 43 44 44 44 44 44 44 44 42 41 40 39 38 37 38 39 40 42 43 45 46 45 45 44 43 43 42 41 40 39 37 36 35 33 32 34 35 37 39 41 42 44 42 40 39 37 35 33 31 31 31 31 31 31 31 31 33
12 14 16 18 20 21 22 23 24 25 26 27 28 29 29 30 31 32 32 32 31 31 30 30 29 30 31 33 34 35 36 38 39 39 40 41 41 42 43 43 43 43 44 44 44 44 44 42 41 40 39 38 37 38 39 40 41 43 44 45 45 44 44 43 43 42 42 41 39 38 37 36 35 34 36 38 41 43 45 47 49 47 44 41 39 36 34 31 31 31 31 31 32 32 32 34
11 13 15 17 18 19 20 22 23 24 25 26 27 27 28 29 30 30 30 30 30 29 29 29 28 29 30 32 33 34 35 37 38 38 39 40 41 41 42 43 43 43 43 44 44 44 44 42 41 40 39 38 37 38 39 40 41 42 43 44 44 43 43 43 43 42 42 41 40 40 39 38 37 36 39 41 44 47 49 52 54 51 48 44 41 38 34 31 31 31 31 32 32 32 32 34
10 12 14 15 17 18 19 20 21 23 24 25 25 26 27 27 28 29 29 28 28 28 28 28 27 28 29 31 32 33 34 35 36 37 38 39 40 41 42 42 42 43 43 43 44 44 43 42 41 40 40 39 38 38 39 40 40 41 42 43 43 43 43 43 43 42 42 42 41 41 40 39 39 38 41 44 47 50 53 57 59 55 51 47 43 39 35 31 31 31 32 32 32 32 32 34
10 11 12 14 15 17 18 19 20 22 23 24 24 25 25 26 26 27 27 27 27 27 27 27 27 27 28 30 31 32 33 34 35 36 37 38 39 40 41 42 42 43 43 43 44 44 43 42 42 41 40 39 38 38 39 39 40 40 41 42 42 42 42 42 43 43 43 43 42 42 41 41 41 40 44 47 51 54 58 61 65 60 55 50 45 40 35 31 31 31 32 32 32 32 33 35
9 10 11 12 14 15 16 18 19 21 22 23 23 23 24 24 24 25 25 25 25 25 25 26 26 26 27 29 30 31 32 33 34 35 36 37 39 40 41 41 42 42 43 43 44 44 43 42 42 41 40 39 38 38 39 39 39 40 40 41 41 41 42 42 43 43 43 43 43 43 43 43 43 42 46 50 54 58 62 66 70 64 58 53 47 42 36 31 31 31 32 32 32 33 33 35
8 9 10 11 13 14 15 17 18 19 21 22 22 22 22 23 23 23 23 24 24 24 24 24 25 25 27 28 29 30 31 32 33 34 36 37 38 39 40 41 41 42 42 43 43 44 43 42 41 41 40 39 38 38 38 39 39 39 39 39 40 40 41 42 42 43 43 43 44 44 44 44 44 44 48 52 57 61 65 69 73 67 61 55 49 42 36 30 31 31 32 32 32 33 33 36
8 9 10 11 12 14 15 16 17 18 19 20 20 21 21 21 21 21 22 22 22 23 23 23 24 25 26 27 28 29 30 32 33 34 35 36 37 39 40 40 40 41 41 41 41 41 41 40 40 39 39 38 38 38 38 38 38 38 38 38 38 39 39 40 40 41 41 42 42 42 42 42 42 42 46 50 54 57 61 65 69 63 57 52 46 41 35 30 30 31 31 32 32 33 33 36
8 9 10 11 12 13 14 15 16 17 18 19 19 19 19 19 20 20 20 20 21 21 22 22 23 24 25 26 27 29 30 31 32 33 35 36 37 38 39 39 39 39 39 39 39 39 39 39 38 38 38 38 37 37 37 37 37 37 37 36 37 37 38 38 39 39 40 40 40 40 40 40 40 40 44 47 51 54 57 61 64 59 54 49 44 39 34 30 30 31 31 32 32 33 33 36
8 9 10 11 12 13 14 14 15 16 17 17 17 17 18 18 18 18 18 19 19 20 21 21 22 23 24 25 27 28 29 31 32 33 34 35 36 37 39 39 38 38 38 38 37 37 37 37 37 37 37 37 37 37 36 36 36 35 35 35 35 36 36 36 37 37 38 38 38 38 38 38 39 39 42 45 47 50 53 56 59 55 51 46 42 38 33 29 30 30 31 31 32 32 33 36
8 9 10 11 12 13 13 14 14 15 15 16 16 16 16 16 16 16 17 17 18 19 19 20 21 22 23 25 26 27 29 30 31 33 34 35 36 37 38 38 37 37 36 36 35 35 35 35 35 36 36 36 36 36 36 35 35 34 34 33 34 34 34 35 35 35 36 36 36 36 36 37 37 37 39 42 44 47 50 52 54 51 47 43 40 36 32 29 29 30 31 31 32 32 33 36
8 9 10 11 12 12 13 13 13 14 14 14 14 14 14 14 15 15 15 16 17 17 18 19 20 21 22 24 25 27 28 30 31 32 33 34 35 36 37 37 36 36 35 34 33 33 33 33 34 34 35 35 36 35 35 34 34 33 33 32 32 32 33 33 33 34 34 34 34 34 35 35 35 35 37 39 41 44 46 48 50 47 44 41 37 34 31 28 29 30 30 31 32 32 33 36
8 9 10 11 12 12 12 12 12 12 12 13 13 13 13 13 13 13 14 14 15 16 17 18 19 20 21 23 25 26 28 29 31 32 33 34 35 36 37 36 35 34 33 33 32 31 31 32 32 33 34 35 35 35 34 33 33 32 31 31 31 31 31 31 31 32 32 32 32 33 33 33 33 33 35 37 38 40 42 43 45 43 40 38 35 33 30 28 29 29 30 31 31 32 33 36
7 9 10 11 12 12 12 12 11 11 11 11 11 11 12 12 12 12 12 13 14 15 16 17 18 19 21 23 24 26 27 29 30 31 32 33 34 35 36 36 34 33 32 31 30 29 29 30 31 32 33 34 35 34 33 33 32 31 30 29 29 29 30 30 30 30 30 30 30 31 31 31 31 31 32 34 35 37 38 40 41 39 37 35 33 31 29 28 28 29 30 31 31 32 33 36
7 9 10 11 12 12 11 11 11 11 11 11 11 11 12 12 12 12 13 14 15 16 17 18 19 20 22 23 25 26 27 29 30 31 32 32 33 34 35 35 34 33 32 31 30 29 29 30 31 32 33 34 34 34 33 32 31 30 30 29 29 29 29 29 29 29 29 29 29 28 28 27 27 26 28 30 32 33 35 37 39 37 36 34 33 31 30 28 29 30 31 31 32 33 34 36
7 8 10 11 12 11 11 11 11 11 11 11 11 11 12 12 12 12 13 14 16 17 18 19 20 21 23 24 25 26 27 29 30 30 31 32 32 33 34 34 33 32 31 31 30 29 30 30 31 32 32 33 34 33 32 32 31 30 29 28 28 28 28 28 28 29 29 28 27 26 25 24 23 22 24 26 28 30 32 34 36 35 34 33 32 31 30 29 30 31 31 32 33 33 34 37
7 8 10 11 11 11 11 11 11 11 10 11 11 11 12 12 12 13 14 15 16 17 19 20 21 22 23 24 25 26 27 29 29 30 30 31 32 32 33 33 32 31 31 30 30 29 30 30 31 31 32 33 33 33 32 31 30 30 29 28 28 28 28 28 28 28 28 26 25 23 22 20 19 17 19 22 24 27 29 31 34 33 33 32 32 31 30 30 31 31 32 32 33 34 35 37
