pluvio/pluvio-384.asc
ncols         252
nrows         154
xllcorner     -0.5
yllcorner     -153.5
cellsize      1
NODATA_value  -9999
[rows 70 to 139 of 154, columns 0 to 95 of 252]
29 28 27 26 26 25 25 25 25 25 25 25 25 26 26 26 27 27 27 28 28 28 28 28 28 26 24 21 18 15 13 10 9 8 7 6 5 4 3 3 2 2 2 2 2 2 2 2 2 2 2 2 2 6 11 15 20 24 29 33 31 27 24 20 16 13 9 9 8 7 7 6 6 5 5 5 5 5 5 5 5 5 6 6 7 7 8 8 8 8 8 8 8 8 8 8
30 29 28 27 26 26 26 26 26 27 27 27 27 27 28 28 28 28 28 28 28 28 28 28 28 26 23 21 18 15 12 9 8 7 6 5 4 4 3 3 3 3 3 3 3 3 3 2 2 2 2 2 2 7 13 18 24 30 35 41 38 33 29 24 20 15 11 10 9 8 8 7 6 6 5 5 5 5 5 5 5 6 6 7 7 7 8 8 8 8 8 8 8 8 8 8
31 30 29 27 27 27 27 28 28 28 28 29 29 29 29 29 29 29 29 29 29 29 29 29 29 26 23 20 17 14 11 8 6 6 5 5 4 3 3 3 3 3 3 3 3 3 3 3 3 3 3 3 3 8 15 22 28 35 42 48 44 39 34 28 23 18 12 11 10 9 9 8 7 6 6 6 6 6 6 6 6 6 7 7 7 7 8 8 8 8 8 8 8 8 8 8
33 31 30 28 28 28 28 29 29 30 30 30 30 30 30 30 30 30 30 30 30 29 29 29 29 27 23 20 17 13 10 7 5 5 5 4 4 3 3 3 3 3 3 3 3 3 3 3 3 3 3 3 3 9 17 25 32 40 48 56 51 45 39 33 26 20 14 13 12 10 9 8 7 6 6 6 6 6 6 7 7 7 7 7 7 8 8 8 8 8 8 8 8 8 8 8
33 31 30 29 28 29 29 29 30 30 30 31 31 30 30 30 30 30 30 30 30 30 29 29 29 27 23 20 17 13 10 7 5 5 4 4 4 3 3 3 3 3 3 3 3 3 3 3 3 3 3 3 3 9 17 25 33 41 48 56 52 45 39 33 26 20 14 12 11 10 9 8 7 6 6 6 6 6 6 6 6 7 7 7 7 7 8 8 8 8 8 8 8 8 8 8
33 32 30 29 29 29 29 30 30 30 31 31 31 31 31 30 30 30 30 30 30 30 30 30 30 27 24 20 17 13 10 6 5 5 4 4 4 3 3 3 3 3 3 3 3 3 3 3 3 3 3 3 3 9 17 25 33 41 49 57 52 45 39 32 26 19 13 12 11 10 9 8 7 7 6 6 6 6 6 6 6 6 7 7 7 7 7 8 8 8 8 8 8 8 8 8
33 32 31 30 29 30 30 30 30 31 31 31 31 31 31 31 30 30 30 30 30 30 30 30 30 28 24 20 17 13 10 6 5 5 4 4 4 3 3 3 3 3 3 3 3 3 3 3 3 3 3 3 3 9 17 25 33 41 49 57 52 45 39 32 26 19 13 11 11 10 9 8 7 7 7 6 6 6 6 6 6 6 6 7 7 7 7 7 8 8 8 8 8 8 8 8
33 32 31 30 30 30 30 31 31 31 31 31 31 31 31 31 30 30 30 30 30 30 30 30 30 28 24 21 17 13 10 6 5 4 4 4 3 3 3 3 3 3 3 3 3 3 3 3 3 3 3 3 3 10 17 25 33 41 49 57 52 46 39 32 25 19 12 11 10 10 9 8 8 7 7 7 6 6 6 6 6 6 6 6 7 7 7 7 7 8 8 8 8 8 8 8
33 33 32 31 30 31 31 31 31 31 32 32 31 31 31 31 30 30 30 30 30 30 31 31 31 28 25 21 17 13 10 6 5 4 4 4 3 3 3 3 3 3 3 3 3 3 3 3 3 3 3 3 3 10 18 26 34 42 50 58 53 46 39 32 25 18 11 10 10 9 9 8 8 7 7 7 6 6 6 6 5 6 6 6 6 7 7 7 7 8 8 8 8 8 8 8
34 33 32 31 31 31 31 31 32 32 32 32 32 31 31 31 31 30 30 30 30 31 31 31 31 29 25 21 17 13 10 6 5 4 4 4 3 3 3 3 3 3 3 3 3 3 3 3 3 3 3 3 3 10 18 26 34 42 50 58 53 46 39 32 25 18 11 10 10 9 9 8 8 7 7 7 6 6 6 6 5 5 6 6 6 7 7 7 7 7 8 8 8 8 8 8
34 33 32 32 31 31 32 32 32 32 32 32 32 32 31 31 30 30 30 30 31 31 31 31 31 29 25 21 17 13 10 6 4 4 4 4 3 3 3 3 3 3 3 3 3 3 3 3 3 3 3 3 3 10 18 26 34 42 50 58 53 46 39 32 25 18 10 10 9 9 9 8 8 7 7 7 6 6 6 5 5 5 6 6 6 6 7 7 7 7 8 8 8 8 9 8
32 31 30 29 29 29 29 29 30 30 30 30 30 29 29 28 28 27 27 28 28 28 28 28 28 26 23 19 16 12 9 5 4 4 4 4 3 3 3 3 3 3 3 3 3 3 3 3 3 3 3 3 3 9 16 23 30 37 43 50 46 40 34 28 22 16 10 9 9 8 8 8 7 7 7 6 6 6 6 5 5 5 6 6 6 6 6 7 7 7 7 8 8 8 8 8
29 28 28 27 26 27 27 27 27 28 28 28 27 27 26 26 25 25 25 25 25 25 25 25 25 23 20 17 14 11 8 5 4 4 4 4 3 3 3 3 3 3 3 3 3 3 3 3 3 3 3 3 3 8 14 19 25 31 37 43 39 34 29 24 19 14 9 8 8 8 7 7 7 7 6 6 6 6 6 5 5 5 6 6 6 6 6 6 7 7 7 7 8 8 8 8
27 26 25 24 24 24 25 25 25 26 26 26 25 24 24 23 23 22 22 22 22 22 22 22 22 20 18 15 13 10 8 5 4 4 4 4 3 3 3 3 3 3 3 3 3 3 3 3 3 3 3 3 3 7 12 16 21 25 30 35 32 28 24 20 16 12 8 8 7 7 7 7 6 6 6 6 6 6 6 5 5 6 6 6 6 6 6 6 6 7 7 7 7 8 8 8
25 24 23 22 21 22 22 23 23 23 24 23 23 22 21 21 20 19 19 19 19 19 19 19 19 18 16 13 11 9 7 5 4 4 4 4 3 3 3 3 3 3 3 3 3 3 3 3 3 3 3 3 3 6 9 13 16 20 23 27 25 22 19 16 13 10 7 7 7 7 6 6 6 6 6 6 6 6 6 6 5 6 6 6 6 6 6 6 6 6 7 7 7 7 7 7
23 22 20 19 19 19 20 20 21 21 22 21 21 20 19 18 17 17 16 16 16 16 16 16 16 15 13 11 10 8 6 4 4 4 4 4 3 3 3 3 3 3 3 3 3 3 3 3 3 3 3 3 3 5 7 10 12 14 17 19 18 16 14 12 10 8 7 6 6 6 6 6 6 5 5 5 5 6 6 6 6 6 6 6 6 6 6 6 6 6 6 7 7 7 7 7
21 19 18 17 16 17 17 18 18 19 19 19 18 17 16 16 15 14 13 13 13 13 13 13 13 12 11 9 8 7 6 4 4 4 4 4 3 3 3 3 3 3 3 3 3 3 3 3 3 3 3 3 3 4 5 6 8 9 10 11 11 10 9 8 7 7 6 6 6 5 5 5 5 5 5 5 5 5 6 6 6 6 6 6 6 6 6 6 6 6 6 6 7 7 7 7
19 17 16 14 14 15 15 16 16 17 17 17 16 15 14 13 12 11 11 11 11 10 10 10 10 9 9 8 7 6 5 4 4 4 4 4 4 3 3 3 3 3 3 3 3 3 3 3 3 3 3 3 3 3 3 3 4 4 4 4 4 4 5 5 5 5 5 5 5 5 5 5 5 5 5 5 5 5 5 6 6 6 6 6 6 6 6 5 6 6 6 6 6 7 7 7
19 17 16 14 14 15 15 16 16 17 17 17 16 15 14 13 12 12 11 11 10 10 10 10 9 9 8 7 6 6 5 4 4 4 4 4 4 3 3 3 3 3 3 3 3 3 3 3 3 3 3 3 3 3 3 4 4 4 4 4 4 4 5 5 5 5 5 5 5 5 5 5 5 5 5 5 5 5 5 5 6 6 6 6 6 6 6 6 6 6 6 6 6 6 6 7
18 17 16 15 14 15 15 16 16 17 17 17 16 15 14 14 13 12 11 11 10 10 10 9 9 8 7 7 6 5 5 4 4 4 4 4 4 3 3 3 3 3 3 3 3 3 3 3 3 3 3 3 3 3 4 4 4 4 4 4 4 4 5 5 5 5 5 5 5 5 5 5 5 5 5 5 5 5 5 5 5 5 5 6 6 6 6 6 6 6 6 6 6 6 6 6
18 17 16 15 14 15 15 15 16 16 17 17 16 15 14 14 13 12 12 11 10 10 9 9 8 7 7 6 6 5 4 4 4 4 4 4 4 4 3 3 3 3 3 3 3 3 3 3 3 3 3 3 3 3 4 4 4 4 4 4 4 5 5 5 5 5 5 5 5 5 5 5 5 5 5 5 5 5 5 5 5 5 5 5 6 6 6 6 6 6 6 6 6 6 6 6
18 17 16 15 14 15 15 15 16 16 17 16 16 15 15 14 13 13 12 11 10 10 9 8 7 7 6 6 5 5 4 4 4 4 4 4 4 4 4 3 3 3 3 3 3 3 3 3 3 3 3 3 3 4 4 4 4 4 4 4 5 5 5 5 5 5 5 5 5 5 5 5 5 5 5 5 5 5 5 5 5 5 5 5 6 6 6 6 6 6 6 6 6 6 6 6
18 17 16 15 14 15 15 15 16 16 16 16 16 15 15 14 14 13 12 11 10 9 8 7 7 6 6 5 5 5 4 4 4 4 4 4 4 4 4 4 3 3 3 3 3 3 3 3 3 3 4 4 4 4 4 4 4 4 4 5 5 5 5 5 5 5 5 5 5 5 5 5 5 4 5 5 5 5 5 5 5 5 5 5 6 6 6 6 6 6 6 6 6 6 6 6
18 17 16 15 14 15 15 15 16 16 16 16 16 15 15 14 14 13 12 11 10 9 8 7 6 5 5 5 5 4 4 4 4 4 4 4 4 4 4 4 4 3 3 3 3 3 3 4 4 4 4 4 4 4 4 4 4 4 5 5 5 5 5 5 5 5 5 5 5 5 5 5 4 4 4 4 4 4 4 4 4 5 5 5 5 6 6 6 6 6 6 6 6 6 6 5
18 17 16 15 14 15 15 15 15 16 16 16 16 15 15 14 14 14 13 11 10 9 8 6 5 5 5 4 4 4 4 4 4 4 4 4 4 4 4 4 4 4 4 4 4 3 4 4 4 4 4 4 4 4 4 4 4 4 5 5 5 5 5 5 5 5 4 4 4 4 4 4 4 4 4 4 4 4 4 4 4 5 5 5 5 6 6 6 6 6 6 6 6 6 5 5
18 17 16 15 14 15 15 15 15 16 16 16 16 15 15 15 14 14 13 12 10 9 8 7 5 5 5 4 4 4 4 4 4 4 4 4 4 4 4 4 4 4 4 4 3 3 4 4 4 4 4 4 4 4 4 4 4 4 5 5 5 5 5 5 4 4 4 4 4 4 4 4 4 4 4 4 4 4 4 4 4 4 5 5 5 6 6 6 6 6 6 6 6 5 5 5
18 17 16 15 15 15 15 15 15 16 16 16 16 15 15 15 14 14 13 12 11 9 8 7 5 5 5 5 4 4 4 4 4 4 4 4 4 4 4 4 4 4 4 4 3 3 3 4 4 4 4 4 4 4 4 4 4 4 5 5 5 5 5 4 4 4 4 4 4 4 4 4 4 4 4 4 4 4 4 4 4 4 5 5 5 6 6 6 6 6 6 6 5 5 5 5
18 17 16 15 15 15 15 15 15 16 16 16 16 15 15 15 14 14 13 12 11 9 8 7 5 5 5 5 4 4 4 4 4 4 4 4 4 4 4 4 4 4 4 4 3 3 3 4 4 4 4 4 4 4 4 4 4 4 4 5 5 5 4 4 4 4 4 4 4 4 4 4 4 4 4 4 4 4 4 4 4 4 5 5 5 6 6 6 6 6 6 5 5 5 5 5
18 17 16 15 15 15 15 15 15 16 16 16 16 15 15 15 15 14 13 12 11 9 8 7 6 5 5 5 5 4 4 4 4 4 4 4 4 4 4 4 4 4 4 3 3 3 3 3 3 4 4 4 4 4 4 4 4 4 4 5 5 4 4 4 4 4 4 4 4 4 4 4 4 4 4 4 4 4 4 4 4 4 5 5 5 6 6 6 6 6 5 5 5 5 5 5
18 17 16 15 15 15 15 15 16 16 16 16 16 15 15 15 15 14 14 12 11 10 8 7 6 5 5 5 5 4 4 4 4 4 4 4 4 4 4 4 4 4 4 3 3 3 3 3 3 3 3 4 4 4 4 4 4 4 4 5 5 4 4 4 4 4 4 4 4 4 4 4 4 4 4 4 4 4 4 4 4 4 5 5 5 5 6 6 6 6 5 5 5 5 4 4
19 18 16 15 15 15 15 15 16 16 16 16 16 15 15 15 15 15 14 12 11 10 8 7 6 5 5 5 5 5 4 4 4 4 4 4 4 4 4 4 4 4 4 3 3 3 3 3 3 3 3 3 3 4 4 4 4 4 4 5 4 4 4 4 4 4 4 4 4 4 4 4 4 4 4 4 4 4 4 4 4 4 4 5 5 5 6 6 6 5 5 5 5 4 4 4
19 18 17 15 15 15 15 15 16 16 16 16 16 15 15 15 15 15 14 13 11 10 9 7 6 5 5 5 5 5 4 4 4 4 4 4 4 4 4 4 4 4 3 3 3 3 3 3 3 3 3 3 3 4 4 4 4 4 4 5 4 4 4 4 4 4 4 4 4 4 4 4 4 4 4 4 4 4 4 4 4 4 4 5 5 5 6 6 6 5 5 5 5 4 4 4
18 17 16 15 15 15 15 15 15 15 16 16 16 15 15 15 15 15 14 13 11 10 9 7 6 5 5 5 5 5 4 4 4 4 4 4 4 4 4 3 3 3 3 3 3 3 3 3 3 3 3 3 3 3 4 4 4 4 4 4 4 4 4 4 4 4 4 4 4 4 4 4 4 4 4 4 4 4 4 4 4 4 4 4 5 5 5 5 5 5 5 5 5 5 4 4
18 17 16 15 14 14 15 15 15 15 16 16 16 15 15 15 15 15 14 13 12 10 9 8 6 6 5 5 5 5 4 4 4 4 4 4 4 3 3 3 3 3 3 3 3 3 3 3 3 3 3 3 3 3 3 4 4 4 4 4 4 4 4 4 4 4 4 4 4 4 4 4 4 4 4 4 4 4 4 4 4 4 4 4 5 5 5 5 5 5 5 5 5 5 5 5
18 17 15 14 14 14 14 15 15 15 15 16 16 15 15 15 15 15 14 13 12 10 9 8 6 6 5 5 5 5 4 4 4 4 4 4 3 3 3 3 3 3 3 3 3 3 3 3 3 3 3 3 3 3 3 3 4 4 4 4 4 4 4 4 4 4 4 4 4 4 4 4 4 4 4 4 4 4 4 4 4 4 4 4 4 4 5 5 5 5 5 5 5 5 5 5
18 16 15 14 13 14 14 14 15 15 15 16 16 15 15 15 15 15 15 13 12 11 9 8 7 6 6 5 5 5 4 4 4 4 4 4 3 3 3 3 3 3 3 3 3 3 3 3 3 3 3 3 3 3 3 3 3 4 4 4 4 4 4 4 4 4 4 4 4 4 4 4 4 4 4 4 4 4 4 4 4 4 4 4 4 4 4 5 5 5 5 5 5 5 5 5
17 16 15 13 13 13 14 14 14 15 15 15 15 15 16 16 16 16 15 13 12 11 9 8 7 6 6 5 5 5 4 4 4 4 4 3 3 3 3 3 3 3 3 3 3 3 3 3 3 3 3 3 3 3 3 3 3 3 4 4 4 4 4 4 4 3 3 3 3 3 4 4 4 4 4 4 4 3 3 3 3 4 4 4 4 4 4 4 4 5 5 5 5 5 5 5
17 16 14 13 12 13 13 14 14 15 15 15 15 16 16 16 16 16 15 14 12 11 10 8 7 6 6 6 5 5 4 4 4 4 3 3 3 3 3 3 3 3 3 3 3 3 3 3 3 3 3 3 3 3 3 3 3 3 3 4 4 3 3 3 3 3 3 3 3 3 3 3 3 4 3 3 3 3 3 3 3 3 4 4 4 4 4 4 4 4 5 5 5 6 6 6
17 15 14 12 12 13 13 13 14 14 15 15 15 15 15 15 15 16 15 14 12 11 10 8 7 6 6 6 5 5 4 4 4 4 3 3 3 3 3 3 3 3 2 2 2 2 2 2 2 2 3 3 3 3 3 3 3 3 3 3 3 3 3 3 3 3 3 3 3 3 3 3 3 3 3 3 3 3 3 3 3 3 3 3 3 4 4 4 4 4 5 5 5 6 6 6
17 15 14 12 12 12 13 13 13 14 14 14 14 14 14 14 14 14 14 12 11 10 9 8 7 6 6 5 5 4 4 4 3 3 3 3 3 2 2 2 2 2 2 2 2 2 2 2 2 2 2 2 2 2 2 3 3 3 3 3 3 3 3 3 3 3 3 3 3 3 3 3 3 3 3 3 3 3 3 3 3 3 3 3 3 3 3 3 4 4 4 5 5 5 5 5
16 15 14 12 12 12 12 12 13 13 13 13 13 13 13 13 13 13 13 11 10 9 8 7 6 6 5 5 5 4 4 3 3 3 3 3 2 2 2 2 2 2 2 2 2 2 2 2 2 2 2 2 2 2 2 2 2 2 2 2 2 2 2 2 2 2 2 3 3 3 3 3 3 3 3 3 3 3 3 3 3 3 3 3 3 3 3 3 4 4 4 4 5 5 5 5
16 15 13 12 11 11 12 12 12 12 12 12 12 12 12 12 12 12 11 10 10 9 8 7 6 5 5 5 4 4 4 3 3 3 2 2 2 2 2 2 2 2 2 2 2 2 2 2 2 2 2 2 2 2 2 2 2 2 2 2 2 2 2 2 2 2 2 2 2 2 2 2 3 3 3 3 3 3 3 3 3 3 3 3 3 3 3 3 3 4 4 4 4 4 5 4
16 15 13 12 11 11 11 11 11 11 11 11 11 11 11 11 11 11 10 9 9 8 7 6 6 5 5 4 4 4 3 3 3 2 2 2 2 1 1 1 1 1 1 2 2 2 2 2 2 2 2 1 1 1 2 2 2 2 2 2 2 2 2 2 2 2 2 2 2 2 2 2 2 2 2 2 2 2 2 2 2 3 3 3 3 3 3 3 3 3 4 4 4 4 4 4
16 14 13 12 11 11 11 11 10 10 10 10 10 10 10 10 10 10 9 8 8 7 6 6 5 5 4 4 4 3 3 3 2 2 2 2 1 1 1 1 1 1 1 1 1 1 1 1 1 1 1 1 1 1 1 1 1 1 1 1 1 1 1 1 1 1 1 1 1 2 2 2 2 2 2 2 2 2 2 2 2 2 3 3 3 3 3 3 3 3 3 3 4 4 4 4
16 14 13 11 11 10 10 10 10 9 9 9 9 9 9 9 8 8 8 7 7 6 6 5 5 4 4 4 3 3 3 2 2 2 2 1 1 1 1 1 1 1 1 1 1 1 1 1 1 1 1 1 1 1 1 1 1 1 1 1 1 1 1 1 1 1 1 1 1 1 1 1 2 2 2 2 2 2 2 2 2 2 2 2 3 3 3 3 3 3 3 3 3 3 3 3
15 14 13 11 10 10 10 9 9 9 9 8 8 8 8 8 8 7 7 7 6 6 5 5 4 4 4 3 3 3 2 2 2 2 1 1 1 1 0 0 0 1 1 1 1 1 1 1 1 1 1 1 1 1 1 1 1 1 0 0 0 0 1 1 1 1 1 1 1 1 1 1 1 2 2 2 2 2 2 2 2 2 2 2 2 3 3 3 3 3 3 3 3 3 3 3
15 14 12 11 10 10 10 9 9 9 9 8 8 8 8 8 7 7 7 6 6 5 5 4 4 3 3 3 3 2 2 2 2 1 1 1 1 1 0 0 0 1 1 1 1 1 1 1 1 1 1 1 1 1 1 1 1 1 1 0 0 1 1 1 1 1 1 1 1 1 1 1 1 1 1 2 2 2 2 2 2 2 2 2 2 2 3 3 3 3 3 3 3 3 3 3
15 13 12 11 10 10 9 9 9 9 9 8 8 8 8 8 7 7 7 6 6 5 4 4 3 3 3 2 2 2 2 1 1 1 1 1 1 0 0 0 0 1 1 1 1 1 1 1 1 1 1 1 1 1 1 1 1 1 1 1 1 1 1 1 1 1 1 1 1 1 1 1 1 1 1 1 2 2 2 2 2 2 2 2 2 2 3 3 3 3 3 3 3 3 3 3
14 13 12 10 9 9 9 9 9 9 9 8 8 8 8 7 7 7 7 6 5 5 4 3 3 2 2 2 2 2 1 1 1 1 1 1 1 0 0 0 0 1 1 1 1 1 1 1 1 1 1 1 1 1 1 1 1 1 1 1 1 1 1 1 1 1 1 1 1 1 1 1 1 1 1 1 1 2 2 2 2 2 2 2 2 2 2 3 3 3 3 3 3 3 3 3
14 13 11 10 9 9 9 9 9 9 9 9 8 8 8 7 7 7 6 6 5 4 4 3 2 2 2 1 1 1 1 1 1 1 1 1 0 0 0 0 0 1 1 1 1 1 1 1 1 1 1 1 1 1 1 1 1 1 1 1 1 1 1 1 1 1 1 1 1 1 1 1 1 1 1 1 1 1 2 2 2 2 2 2 2 2 2 2 2 2 2 2 3 3 3 2
14 12 11 10 9 9 9 9 9 9 9 9 8 8 8 7 7 7 6 5 5 4 3 2 2 1 1 1 1 1 1 1 0 0 0 0 0 0 0 0 0 0 1 1 1 1 1 1 1 1 1 1 1 1 1 1 1 1 1 1 1 1 1 1 1 0 0 1 1 1 1 1 1 1 1 1 1 1 1 2 2 2 2 2 2 2 2 2 2 2 2 2 2 2 2 2
13 12 11 9 9 9 9 9 9 9 9 9 8 8 8 7 7 7 6 5 4 4 3 2 1 1 1 1 0 0 0 0 0 0 0 0 0 0 0 0 0 0 1 1 1 1 1 1 1 1 1 1 1 1 1 1 1 1 1 1 1 1 1 1 1 0 0 1 1 1 1 1 1 1 1 1 1 1 1 1 2 2 2 2 2 2 2 2 2 2 2 2 2 2 2 2
13 12 10 9 8 9 9 9 9 9 9 9 8 8 8 7 7 7 6 5 4 3 3 2 1 0 0 0 0 0 0 0 0 0 0 0 0 0 0 0 0 0 1 1 1 1 1 1 1 1 1 1 1 1 1 1 1 1 1 1 1 1 1 1 1 0 0 1 1 1 1 1 1 1 1 1 1 1 1 1 1 2 2 2 2 2 2 2 2 2 2 2 2 2 2 2
13 12 11 9 9 9 9 9 9 9 9 9 9 9 8 8 7 7 6 6 5 4 3 2 1 1 1 1 0 0 0 0 0 0 0 0 0 0 0 0 0 1 1 1 1 1 1 1 1 1 1 1 1 1 1 1 1 1 1 1 1 1 1 1 1 1 1 1 1 1 1 1 1 1 1 1 1 1 1 1 1 2 2 2 2 2 2 2 2 2 2 2 2 2 2 2
13 12 11 10 9 9 9 9 10 10 10 10 9 9 9 8 8 8 7 6 5 4 3 3 2 1 1 1 1 0 0 0 0 0 0 0 0 0 1 1 1 1 1 1 1 1 1 1 1 1 1 1 1 1 1 1 1 1 1 1 1 1 1 1 1 1 1 1 1 1 1 1 1 1 1 1 1 1 1 1 1 2 2 2 2 2 2 2 2 2 2 2 2 2 2 2
13 12 11 10 9 9 10 10 10 10 10 10 10 9 9 9 8 8 7 7 6 5 4 3 2 2 1 1 1 1 0 0 0 0 0 0 0 1 1 1 1 1 1 1 1 1 1 1 1 1 1 1 1 1 1 1 1 1 1 1 1 1 1 1 1 1 1 1 1 1 1 1 1 1 1 1 1 1 1 1 1 2 2 2 2 2 2 2 2 2 2 2 2 2 2 2
13 12 11 10 10 10 10 10 10 10 11 11 10 10 10 9 9 9 8 7 6 5 4 4 3 2 2 1 1 1 0 0 0 0 0 0 1 1 1 1 1 1 1 1 1 1 1 1 1 1 1 1 1 1 1 1 1 1 1 1 1 1 1 1 1 1 1 1 1 1 1 1 1 1 1 1 1 1 1 1 1 2 2 2 2 2 2 2 2 2 2 2 2 2 2 2
13 12 11 10 10 10 10 10 11 11 11 11 11 10 10 10 9 9 8 7 7 6 5 4 3 3 2 2 1 1 1 0 0 0 0 0 1 1 1 1 1 1 1 1 1 1 1 1 1 1 1 1 1 1 1 1 1 1 1 1 1 1 1 1 1 1 1 1 1 1 1 1 1 1 1 1 1 1 1 1 1 1 2 2 2 2 2 2 2 2 2 2 2 2 2 2
13 12 12 11 10 10 11 11 11 11 11 11 11 11 10 10 10 9 9 8 7 6 5 5 4 3 3 2 2 1 1 0 0 0 0 1 1 1 1 1 1 1 1 1 1 1 1 1 1 1 1 1 1 1 1 1 1 1 1 1 1 1 1 1 1 1 1 1 1 1 1 1 1 1 1 1 1 1 1 1 1 1 2 2 2 2 2 2 2 2 2 2 2 2 2 2
14 13 12 11 10 10 11 11 11 11 12 11 11 11 11 10 10 10 9 8 7 6 6 5 4 3 3 2 2 1 1 0 0 0 0 1 1 1 1 1 1 1 1 1 1 1 1 1 1 1 1 1 1 1 1 1 1 1 1 1 1 1 1 1 1 1 1 1 1 1 1 1 1 1 1 1 1 1 1 1 1 1 2 2 2 2 2 2 2 2 2 2 2 2 2 2
14 12 11 10 10 10 10 10 11 11 11 11 11 10 10 10 9 9 8 8 7 6 5 5 4 3 3 2 2 1 1 0 0 0 0 1 1 1 1 1 1 1 1 1 1 1 1 1 1 1 1 1 1 1 1 1 1 1 1 1 1 1 1 1 1 1 1 1 1 1 1 1 1 1 1 1 1 1 1 1 2 2 2 2 2 2 2 2 2 2 2 2 2 2 2 2
14 12 11 10 9 10 10 10 10 10 10 10 10 10 9 9 9 8 8 7 7 6 5 4 4 3 3 2 2 1 1 0 0 0 0 1 1 1 1 1 1 1 1 1 1 1 1 1 1 1 1 1 1 1 1 1 1 1 1 1 1 1 1 1 1 1 1 1 1 1 1 1 1 1 1 1 1 1 1 2 2 2 2 2 2 2 2 2 2 2 2 2 2 2 2 2
14 12 11 10 9 9 9 9 10 10 10 10 9 9 9 9 8 8 7 7 6 6 5 4 4 3 3 2 2 1 1 0 0 0 0 1 1 1 1 1 1 1 1 1 1 1 1 1 1 1 1 1 1 1 1 1 1 1 1 1 1 1 1 1 1 1 1 1 1 1 1 1 1 1 1 1 1 1 2 2 2 2 2 2 2 2 2 2 2 2 2 2 2 2 2 2
14 12 11 9 9 9 9 9 9 9 9 9 9 9 8 8 8 7 7 6 6 5 5 4 4 3 3 2 2 1 1 0 0 0 1 1 1 1 1 1 1 1 1 1 1 1 1 1 1 1 1 1 1 1 1 1 1 1 1 1 1 1 1 1 1 1 1 1 1 1 1 1 1 1 1 1 1 1 2 2 2 2 2 2 2 2 2 2 2 2 2 2 2 1 1 1
14 12 11 9 8 8 8 8 9 9 9 9 8 8 8 7 7 7 6 6 5 5 5 4 4 3 3 2 2 1 1 0 0 0 1 1 1 1 1 1 1 1 1 1 1 1 1 1 1 1 1 1 1 1 1 1 1 1 1 1 1 1 1 1 1 1 1 1 1 1 1 1 1 1 1 1 1 2 2 2 2 2 2 2 2 2 2 2 1 1 1 1 1 1 1 1
14 12 10 9 8 8 8 8 8 8 8 8 8 8 7 7 7 6 6 6 5 5 4 4 3 3 3 2 2 1 1 0 0 0 1 1 1 1 1 1 1 1 1 1 1 1 1 1 1 1 1 1 1 1 1 1 1 1 1 1 1 1 1 1 1 1 1 1 1 1 1 1 1 1 1 1 1 2 2 2 2 2 2 2 2 2 2 1 1 1 1 1 1 1 1 1
14 12 10 8 8 8 8 8 8 8 8 8 7 7 7 6 6 6 5 5 5 4 4 4 3 3 2 2 2 1 1 0 0 1 1 1 1 1 1 1 1 1 1 1 1 1 1 1 1 1 1 1 1 1 1 1 1 1 1 1 1 1 1 1 1 1 1 1 1 1 1 1 1 1 1 1 1 2 2 2 2 2 2 2 2 2 1 1 1 1 1 1 1 1 1 1
14 12 10 9 8 8 8 8 8 8 8 7 7 7 6 6 6 5 5 5 4 4 3 3 3 2 2 2 2 1 1 1 1 1 1 1 1 1 1 1 1 1 1 1 1 1 1 1 1 1 1 1 1 1 1 1 1 1 1 1 1 1 1 1 1 1 1 1 1 1 1 1 1 1 1 1 1 1 2 2 2 2 2 2 1 1 1 1 1 1 1 1 1 1 1 1
14 12 11 9 8 8 8 8 7 7 7 7 7 6 6 6 5 5 4 4 4 3 3 3 2 2 2 2 1 1 1 1 1 1 1 1 1 1 1 1 1 1 1 1 1 1 1 1 1 1 1 1 1 1 1 1 1 1 1 1 1 1 1 1 1 1 1 1 1 1 1 1 1 1 1 1 1 1 1 2 2 2 1 1 1 1 1 1 1 1 1 1 1 1 1 1
14 13 11 9 8 8 8 8 7 7 7 7 6 6 6 5 5 4 4 4 3 3 3 2 2 2 2 1 1 1 1 1 1 1 1 1 1 1 1 1 1 1 1 1 1 1 1 1 1 1 1 1 1 1 1 1 1 1 1 1 1 1 1 1 1 1 1 1 1 1 1 1 1 1 1 1 1 1 1 1 1 1 1 1 1 1 1 1 1 1 1 1 1 1 1 1
