pluvio/pluvio-307.asc
ncols         252
nrows         154
xllcorner     -0.5
yllcorner     -153.5
cellsize      1
NODATA_value  -9999
[rows 102 to 152 of 154, columns 96 to 191 of 252]
73 70 67 64 61 59 59 59 59 59 60 60 60 60 59 59 59 59 58 58 60 61 62 63 65 66 67 68 69 70 71 72 73 73 73 72 71 71 70 69 70 72 74 76 78 80 83 85 86 88 90 92 94 96 97 97 97 98 98 98 98 99 99 99 99 99 99 99 102 109 115 121 128 134 140 148 157 166 175 184 193 202 201 196 191 185 180 174 169 170 173 176 179 182 185 189
71 69 66 64 61 59 60 60 60 61 61 61 62 61 61 61 61 61 60 61 62 63 65 66 68 69 70 71 73 74 75 76 77 77 76 75 75 74 73 72 72 74 76 78 80 82 84 87 89 91 93 95 97 100 101 101 101 101 101 102 102 102 102 102 102 102 102 102 105 112 119 125 132 139 145 153 162 170 179 187 196 204 204 198 193 188 183 177 172 173 176 180 183 186 190 193
69 67 65 63 61 60 60 61 61 62 62 63 63 63 63 63 63 63 63 63 64 66 68 69 71 72 74 75 76 77 79 80 81 82 80 79 78 76 75 74 74 76 78 80 82 84 86 89 91 93 96 98 101 103 105 105 105 105 105 105 105 105 105 105 105 105 105 105 109 116 123 129 136 143 150 158 166 174 182 190 198 206 206 201 196 190 185 180 175 176 180 183 187 191 194 198
67 65 64 63 61 60 61 62 62 63 64 64 65 65 65 65 65 65 65 65 67 69 70 72 74 75 77 78 80 81 83 84 85 86 84 83 81 79 78 76 76 78 80 82 84 86 88 91 93 96 99 102 104 107 109 109 108 108 108 108 108 108 108 108 108 108 108 108 112 119 126 133 141 148 155 163 170 178 186 193 201 209 208 203 198 193 188 183 178 180 183 187 191 195 199 203
65 64 63 62 61 61 62 62 63 64 65 66 67 67 67 67 67 67 67 67 69 71 73 75 77 79 80 82 84 85 87 88 90 90 88 86 84 82 80 78 78 80 82 84 86 88 90 92 96 99 102 105 108 111 113 112 112 112 112 112 111 111 111 111 111 111 111 111 115 123 130 137 145 152 160 167 174 182 189 196 203 211 210 205 201 196 191 186 181 183 187 191 195 199 203 207
63 62 62 62 61 61 62 63 64 65 66 68 68 68 69 69 69 69 69 69 71 74 76 78 80 82 84 85 87 89 91 92 94 94 92 90 87 85 83 81 80 82 84 86 88 90 92 94 98 101 105 108 111 115 116 116 116 116 115 115 115 114 114 114 114 114 114 114 118 126 134 142 149 157 165 172 179 186 192 199 206 213 212 208 203 198 194 189 184 186 190 195 199 203 208 212
62 62 62 62 62 62 63 64 65 67 68 69 70 70 70 70 70 71 71 71 74 76 78 81 83 85 87 89 91 93 94 96 98 98 95 93 90 88 85 83 82 84 86 88 90 92 94 97 100 104 108 111 115 119 120 120 120 119 119 118 118 118 118 118 118 118 118 118 122 130 138 146 154 162 170 177 183 189 195 202 208 214 213 209 205 200 196 191 187 189 193 198 203 207 212 216
65 65 64 64 64 64 65 66 67 68 68 69 70 70 71 71 71 72 72 73 76 78 81 84 87 89 92 93 94 96 97 98 100 100 98 95 93 90 88 85 85 87 89 91 93 95 97 99 103 107 111 115 119 123 125 124 124 124 123 123 122 122 123 123 124 124 125 125 130 137 145 153 161 168 176 182 187 192 197 202 207 212 211 207 203 199 195 191 187 190 195 199 204 209 214 219
68 67 67 67 66 66 67 67 68 69 69 70 71 71 71 72 72 73 73 74 77 81 84 87 90 93 96 97 98 99 100 101 102 102 100 97 95 93 90 88 87 89 91 93 95 97 99 102 106 111 115 119 123 127 129 129 128 128 127 127 126 127 128 129 129 130 131 132 137 145 152 160 167 175 182 187 191 195 198 202 205 209 208 205 201 198 195 191 188 191 196 201 206 211 216 222
71 70 70 69 68 68 68 69 69 70 70 70 71 71 72 73 73 74 74 75 79 83 86 90 94 98 100 101 102 102 103 104 104 104 102 99 97 95 93 90 90 92 94 96 98 100 102 105 109 114 118 123 127 132 134 133 133 132 132 131 131 131 132 134 135 137 138 140 144 152 159 166 174 181 188 193 195 197 200 202 204 207 205 203 200 197 194 191 188 191 197 202 208 213 219 224
74 73 72 71 70 70 70 70 70 71 71 71 71 72 73 73 74 75 75 77 81 85 89 93 98 102 105 105 105 106 106 106 106 106 104 101 99 97 95 93 92 94 96 98 100 102 104 108 112 117 122 127 131 136 138 138 137 137 136 135 135 135 137 139 141 143 145 147 152 159 166 173 180 187 195 198 199 200 201 202 203 204 203 200 198 196 193 191 189 192 198 204 210 215 221 227
77 76 75 74 73 72 72 72 72 72 72 72 72 72 73 74 75 76 76 78 83 87 92 97 101 106 109 109 109 109 109 109 108 108 106 104 102 99 97 95 95 97 99 101 103 105 107 110 115 120 125 130 135 140 143 142 141 141 140 140 139 140 142 145 147 149 152 154 159 166 173 180 187 194 201 203 203 203 202 202 202 201 200 198 197 195 193 191 189 193 199 205 211 217 223 230
80 79 78 76 75 74 73 73 73 73 72 72 72 73 74 75 76 77 77 79 84 90 95 100 105 110 113 113 112 112 112 111 111 110 108 106 104 102 100 98 97 99 102 104 106 108 110 113 118 124 129 134 140 145 147 147 146 145 144 144 143 144 147 150 153 156 158 161 166 173 180 187 193 200 207 208 207 205 204 202 201 199 198 196 195 194 192 191 190 194 200 207 213 219 226 232
83 82 80 79 77 76 75 75 74 74 73 73 73 74 75 76 77 78 79 81 86 92 97 103 108 114 117 117 116 115 115 114 113 112 110 108 106 104 103 101 100 102 104 106 108 111 113 116 122 127 133 138 143 149 151 151 150 150 149 148 148 149 152 156 159 162 166 169 174 181 187 194 201 207 214 215 212 209 207 204 201 199 197 197 196 195 194 193 193 197 204 210 217 224 230 237
87 85 83 81 79 77 77 76 76 75 75 74 74 75 76 77 78 80 81 83 88 94 99 105 111 116 120 119 119 118 118 117 117 116 114 112 110 108 106 104 104 106 108 110 112 114 116 120 125 130 136 141 147 152 155 155 155 154 154 154 154 156 159 163 167 170 174 178 183 190 196 203 210 216 223 224 221 218 215 212 209 206 205 204 204 204 203 203 202 207 214 221 228 235 242 249
90 88 85 83 81 79 79 78 78 77 76 76 76 77 78 79 80 81 82 85 90 96 102 107 113 119 122 122 122 122 121 121 121 120 118 116 114 112 110 108 107 109 111 113 115 117 119 123 128 134 139 145 150 156 159 159 159 159 159 160 160 162 166 170 174 178 182 186 192 199 205 212 219 226 232 233 230 226 223 220 217 213 212 212 212 212 212 212 212 217 225 232 239 246 253 260
93 91 88 86 83 81 80 80 79 79 78 78 77 78 80 81 82 83 84 87 92 98 104 110 115 121 125 125 125 125 125 125 124 124 122 120 117 115 113 111 111 113 115 117 119 121 123 126 132 137 143 148 154 159 162 163 163 164 165 165 166 168 173 177 182 186 191 195 201 208 214 221 228 235 242 242 238 235 231 228 224 221 220 220 220 221 221 222 222 228 235 242 250 257 265 272
96 94 91 88 85 83 82 81 81 80 80 79 79 80 81 82 84 85 86 88 94 100 106 112 118 124 128 128 128 128 128 128 128 128 125 123 121 119 117 115 114 116 118 120 122 124 126 130 135 141 146 152 157 162 166 167 168 169 170 171 172 175 180 185 189 194 199 204 210 217 224 230 237 244 251 251 247 243 239 236 232 228 227 228 229 229 230 231 232 238 245 253 261 268 276 284
100 97 93 90 87 84 84 83 82 82 81 81 80 82 83 84 85 87 88 90 96 102 108 114 120 126 130 131 131 131 131 132 132 131 129 127 125 123 120 118 117 120 122 124 126 128 130 133 139 144 150 155 160 166 169 171 172 174 175 176 178 181 187 192 197 202 207 213 219 226 233 240 246 253 260 260 256 252 248 243 239 235 234 236 237 238 239 241 242 248 256 264 272 280 288 296
103 99 96 93 89 86 85 85 84 83 83 82 82 83 85 86 87 88 90 92 98 104 110 116 123 129 133 133 134 134 135 135 136 135 133 131 128 126 124 122 121 123 125 127 129 131 133 137 142 148 153 158 164 169 173 175 177 178 180 182 184 188 193 199 205 210 216 222 228 235 242 249 256 262 269 269 265 260 256 251 247 242 242 243 245 247 248 250 252 258 266 274 283 291 299 307
106 102 98 94 91 87 87 86 86 85 84 84 84 85 87 88 90 91 93 95 101 107 113 119 125 131 135 135 136 137 137 138 138 138 136 133 131 129 127 125 124 126 128 131 133 135 137 141 146 152 157 163 168 174 177 179 181 183 185 187 189 194 199 205 211 217 223 229 235 243 250 257 264 271 278 278 274 269 265 260 256 251 251 252 253 255 256 258 259 266 274 283 291 300 308 317
107 103 99 95 91 87 87 87 87 86 86 86 86 88 90 92 94 96 98 101 106 111 116 121 126 131 135 135 136 136 137 137 138 137 135 134 132 130 128 126 126 129 131 134 136 139 142 146 151 157 163 169 174 180 184 186 187 189 191 192 194 198 204 209 215 221 227 232 239 247 255 263 271 279 287 287 283 280 276 272 268 264 263 262 262 262 262 262 262 268 277 286 294 303 312 321
108 104 99 95 91 87 87 87 87 88 88 88 88 91 94 96 99 101 104 107 111 115 119 123 128 132 135 135 136 136 136 137 137 137 135 134 132 131 129 128 128 131 134 137 140 143 146 150 157 163 169 175 181 187 191 192 193 195 196 197 199 202 208 213 219 225 230 236 243 252 260 269 278 286 295 296 293 290 287 283 280 277 275 273 271 269 268 266 264 270 279 288 298 307 316 325
109 105 100 95 91 87 87 88 88 89 89 90 91 94 97 100 103 106 109 113 116 119 122 126 129 132 135 135 135 136 136 136 136 136 135 134 133 132 131 130 130 134 137 140 144 147 151 155 162 168 174 181 187 193 197 198 199 200 201 202 203 207 212 218 223 229 234 239 247 257 266 275 285 294 303 305 303 300 297 295 292 290 287 283 280 277 273 270 267 272 282 291 301 310 320 329
110 106 101 96 91 87 88 88 89 90 91 92 93 97 100 104 108 111 115 118 121 123 126 128 131 133 135 135 135 135 135 135 136 135 135 134 133 133 132 131 132 136 140 144 148 151 155 160 167 173 180 187 193 200 204 204 205 206 207 207 208 211 216 222 227 232 238 243 251 261 271 281 291 302 312 314 312 310 308 306 304 302 299 294 289 284 279 274 269 274 284 294 304 314 323 333
112 107 101 96 91 87 88 89 90 91 93 94 96 100 104 108 112 116 121 124 126 127 129 130 132 134 135 135 135 135 135 135 135 135 135 134 134 134 133 133 135 139 143 147 151 155 160 165 172 179 186 193 200 207 210 211 211 211 212 212 213 215 221 226 231 236 241 247 255 266 277 287 298 309 320 323 322 321 319 318 317 315 311 304 298 291 284 278 271 277 287 297 307 317 327 337
113 107 102 96 91 87 88 90 91 93 94 96 98 103 107 112 117 121 126 130 131 131 132 133 134 134 135 135 135 135 134 134 134 134 134 134 134 135 135 135 137 141 146 150 155 160 164 170 177 184 192 199 206 213 217 217 217 217 217 217 217 220 225 230 235 240 245 250 259 271 282 294 305 317 328 332 332 331 330 330 329 328 323 314 306 298 290 282 274 279 289 300 310 321 331 342
114 108 103 97 92 87 89 91 92 94 96 98 100 105 110 115 120 125 130 133 134 134 134 134 135 135 135 135 135 135 134 134 134 134 135 135 135 136 136 137 139 144 148 153 158 163 168 174 181 189 196 203 211 218 222 221 221 221 221 221 220 223 228 233 238 243 247 252 261 273 285 297 309 321 333 338 337 337 337 336 336 336 330 321 312 303 295 286 277 282 292 303 313 324 334 344
115 109 104 99 93 89 91 93 94 96 98 99 102 106 111 116 120 125 130 133 134 134 134 134 135 135 135 135 135 135 135 136 136 136 136 137 137 138 138 139 141 146 151 156 161 166 171 177 184 191 198 205 212 219 223 222 222 222 222 221 221 224 228 233 238 242 247 252 261 273 285 297 309 321 333 337 336 336 335 334 334 333 328 320 313 305 297 290 282 287 296 306 316 326 335 345
115 110 105 100 95 91 93 94 96 98 99 101 103 108 112 116 121 125 130 133 133 134 134 135 135 135 136 136 136 136 136 137 137 137 138 138 139 139 140 141 143 148 153 158 163 168 173 179 186 193 200 206 213 220 223 223 223 223 222 222 222 224 229 233 238 242 247 251 260 272 284 296 308 320 332 336 335 334 333 332 332 331 326 320 313 307 300 294 287 291 300 309 318 328 337 346
116 111 107 102 97 93 95 96 98 100 101 103 105 109 113 117 121 125 130 133 133 134 134 135 135 136 136 136 137 137 137 138 138 139 139 140 141 141 142 143 145 150 155 161 166 171 176 182 188 195 201 208 214 221 224 224 224 223 223 223 223 225 229 234 238 242 247 251 260 271 283 295 307 319 331 335 334 333 332 330 329 328 324 319 314 308 303 297 292 296 305 313 321 329 338 346
117 112 108 103 99 95 97 98 100 101 103 104 106 110 114 118 122 126 130 133 133 134 134 135 135 136 136 137 137 138 138 139 140 140 141 142 142 143 144 145 147 152 158 163 168 173 179 184 191 197 203 210 216 222 225 225 225 224 224 224 223 225 230 234 238 242 246 250 259 271 283 295 306 318 330 334 332 331 330 328 327 326 323 318 314 310 305 301 297 301 309 316 324 331 339 347
117 113 109 105 101 97 99 100 102 103 105 106 108 112 115 119 122 126 130 132 133 134 134 135 135 136 137 137 138 139 139 140 141 142 142 143 144 145 146 147 149 154 160 165 171 176 181 187 193 199 205 211 217 223 226 226 225 225 225 224 224 226 230 234 238 242 246 250 258 270 282 294 306 317 329 333 331 330 328 326 325 323 321 318 314 311 308 305 302 306 313 320 327 333 340 347
118 114 110 106 102 99 101 102 104 105 106 108 110 113 116 120 123 126 130 132 133 133 134 135 136 136 137 138 139 140 140 141 142 143 144 145 146 147 148 149 151 157 162 168 173 179 184 190 195 201 207 213 218 224 227 227 226 226 226 225 225 227 231 234 238 242 246 250 258 270 281 293 305 317 328 332 330 328 326 324 323 321 319 317 315 313 311 309 307 311 317 323 329 335 342 348
119 116 112 109 105 103 104 105 107 108 109 110 112 115 118 121 124 127 131 133 134 134 135 136 137 137 138 139 140 141 142 143 144 145 146 147 148 149 150 151 153 158 164 169 174 179 184 190 195 200 205 210 216 221 224 224 224 224 224 224 224 226 229 233 237 241 245 248 256 267 277 288 299 309 320 323 321 319 317 316 314 312 311 309 308 307 306 305 304 307 313 318 324 329 335 340
121 118 116 113 111 109 110 110 111 112 113 114 115 118 121 124 127 130 133 136 136 137 138 139 139 140 141 142 143 144 145 146 147 148 149 150 151 151 152 153 155 160 164 168 172 177 181 185 190 194 198 202 207 211 214 214 215 216 217 218 219 222 226 230 234 238 242 246 252 260 268 276 283 291 299 301 300 299 297 296 294 293 292 291 291 290 289 288 288 291 296 300 305 310 314 319
122 120 119 117 116 115 115 115 116 116 117 117 118 121 124 127 130 133 136 138 139 140 140 141 142 143 143 145 146 147 148 149 150 151 152 152 153 154 155 156 157 161 164 168 171 174 178 181 184 188 191 194 198 201 204 205 207 209 211 213 215 218 222 226 231 235 239 244 248 253 258 263 268 273 278 280 279 278 277 276 275 274 273 273 273 273 272 272 272 274 278 282 286 290 294 298
124 123 122 122 121 120 120 121 121 121 121 121 121 124 127 130 133 136 139 141 142 142 143 144 145 145 146 147 148 149 150 152 153 154 154 155 156 157 157 158 159 162 164 167 169 172 174 177 179 181 184 186 189 191 193 196 199 202 204 207 210 214 218 223 227 232 237 241 244 247 249 251 253 256 258 258 258 257 257 256 255 255 255 255 255 255 255 256 256 258 261 264 267 271 274 277
125 125 126 126 126 126 126 126 125 125 125 124 125 127 130 133 136 139 141 144 144 145 146 146 147 148 149 150 151 152 153 154 155 156 157 158 158 159 160 161 162 163 165 166 168 169 171 172 174 175 177 178 180 181 183 187 191 194 198 202 205 210 215 219 224 229 234 239 241 240 239 239 238 238 237 237 237 236 236 236 236 236 236 237 237 238 238 239 240 242 244 246 249 251 254 256
126 128 129 130 131 132 131 131 130 129 129 128 128 131 133 136 139 141 144 146 147 148 148 149 150 151 151 153 154 155 156 157 158 159 160 161 161 162 162 163 164 164 165 166 166 167 168 168 169 169 170 170 171 171 173 178 183 187 192 196 201 206 211 216 221 226 231 236 237 233 230 227 223 220 216 215 215 216 216 216 216 217 218 219 220 221 222 223 224 225 227 228 230 232 233 235
128 130 132 134 136 138 137 136 135 134 133 131 131 134 136 139 141 144 147 149 150 150 151 152 152 153 154 155 156 158 159 160 161 162 163 163 164 164 165 165 166 165 165 165 165 164 164 164 163 163 162 162 162 161 163 169 174 180 185 191 196 202 207 212 218 223 229 234 233 227 220 214 208 202 196 194 194 195 196 196 197 198 199 200 202 203 205 206 208 209 210 210 211 212 213 214
131 134 136 139 142 144 142 141 140 139 138 136 136 138 141 143 146 148 151 153 153 154 155 155 156 156 157 158 160 161 162 163 164 165 165 166 166 166 167 167 167 166 166 165 164 163 162 161 160 159 158 157 156 155 157 163 170 176 182 188 194 200 206 211 217 223 228 234 232 224 216 208 200 192 184 181 182 183 184 185 186 186 188 189 191 193 194 196 197 198 198 198 199 199 199 199
136 139 141 144 147 149 148 147 146 145 144 143 143 145 148 150 152 154 156 158 158 159 159 160 160 160 161 162 163 164 165 166 168 168 168 168 168 168 168 168 168 167 166 165 164 164 163 162 160 159 158 156 155 154 156 163 169 176 182 189 196 202 207 213 219 225 231 236 234 226 217 209 201 192 184 181 182 183 183 184 185 185 187 188 189 191 192 194 195 195 195 194 194 193 193 192
141 144 146 149 151 154 153 153 152 152 151 150 150 152 154 156 158 160 162 163 164 164 164 164 164 164 165 166 167 168 169 170 171 171 171 171 170 170 169 169 168 167 166 166 165 164 163 162 161 159 157 156 154 153 155 162 169 176 183 190 197 203 209 215 221 227 233 239 236 228 219 210 201 193 184 181 182 182 183 183 184 184 185 187 188 189 190 191 193 192 191 190 189 188 187 186
146 149 151 154 156 159 158 158 158 158 158 157 158 159 161 163 164 166 168 169 169 169 168 168 168 168 168 169 170 171 172 173 174 175 174 173 172 171 170 169 169 168 167 166 165 165 164 162 161 159 157 155 153 152 154 161 169 176 183 191 198 205 211 217 223 229 235 241 239 230 221 211 202 193 184 181 181 182 182 183 183 183 184 185 186 187 188 189 190 189 188 186 184 182 181 179
151 154 156 159 161 164 164 164 164 164 164 164 165 166 168 169 170 172 173 174 174 173 173 173 172 172 172 173 174 175 176 177 178 178 177 175 174 173 172 170 169 168 167 167 166 165 164 163 161 159 157 155 152 150 153 161 169 176 184 192 199 206 213 219 225 231 238 244 241 232 222 213 203 194 184 181 181 181 182 182 182 182 183 184 185 185 186 187 188 186 184 182 179 177 175 172
156 159 161 164 166 169 169 170 170 171 171 171 172 173 174 176 177 178 179 180 179 178 178 177 177 176 176 177 177 178 179 180 181 181 179 178 176 174 173 171 170 169 168 167 166 165 165 163 161 158 156 154 152 149 152 160 168 176 185 193 201 208 214 221 227 234 240 246 244 234 224 214 204 194 184 180 181 181 181 181 181 181 182 182 183 184 184 185 185 183 180 177 174 171 168 165
161 164 166 169 171 174 174 175 176 177 178 179 179 180 181 182 183 184 185 185 184 183 182 182 181 180 179 180 181 182 183 183 184 184 182 180 178 176 174 172 170 169 168 168 167 166 165 163 161 158 156 153 151 148 151 159 168 177 185 194 202 210 216 223 229 236 242 249 246 236 225 215 205 195 184 180 180 180 180 180 180 180 181 181 181 182 182 183 183 181 177 173 170 166 162 159
165 168 170 173 175 178 179 181 182 183 185 186 187 188 189 189 190 191 191 192 190 189 188 186 185 184 183 184 184 185 186 186 187 186 184 182 180 177 175 173 171 170 170 169 168 168 167 165 163 160 157 154 152 149 152 160 168 176 185 193 201 209 215 221 228 234 241 247 244 234 224 214 204 194 184 180 180 180 180 180 179 179 179 180 180 180 181 181 181 178 175 171 167 163 159 156
167 170 173 176 178 181 183 185 187 189 191 194 195 196 197 197 198 199 200 200 198 196 194 192 190 188 187 187 187 187 188 188 188 188 185 183 181 179 176 174 172 172 172 171 171 171 170 169 166 163 160 158 155 152 154 161 169 176 184 191 199 205 211 217 223 229 234 240 238 229 220 210 201 192 183 180 179 179 179 178 178 178 178 178 178 179 179 179 180 177 174 171 167 164 160 157
168 172 175 178 182 185 187 190 193 196 198 201 204 204 205 206 206 207 208 208 205 202 200 197 195 192 190 190 190 190 190 190 190 189 187 184 182 180 177 175 174 174 174 174 174 174 174 172 169 167 164 161 158 155 156 163 170 176 183 189 196 202 207 212 218 223 228 233 231 223 215 207 199 191 183 179 179 178 178 177 177 176 176 177 177 177 178 178 178 176 173 170 167 164 161 158
