pluvio/pluvio-177.asc
ncols         252
nrows         154
xllcorner     -18.017974
yllcorner     13.481982
cellsize      0.035948
NODATA_value  -9999
[rows 0 to 50 of 154, columns 0 to 95 of 252]
65535 65535 65535 65535 65535 65535 65535 65535 65535 65535 65535 65535 65535 65535 65535 65535 65535 65535 65535 65535 65535 28 28 28 28 28 28 28 28 28 28 28 28 28 28 37 37 37 37 37 38 38 38 38 38 38 39 39 39 39 39 38 38 38 37 37 36 36 36 35 35 35 34 34 33 32 31 30 29 28 27 26 25 24 23 22 21 21 20 19 17 16 15 14 13 12 11 10 9 8 7 7 6 6 5 5
65535 65535 65535 65535 65535 65535 65535 65535 65535 65535 65535 65535 65535 65535 65535 65535 65535 65535 65535 65535 65535 28 28 28 28 28 28 28 28 28 28 28 28 28 28 38 38 38 38 38 39 39 39 39 39 39 40 40 40 40 39 39 39 38 38 38 37 37 37 36 36 35 35 35 34 33 32 31 30 29 28 27 26 25 24 23 22 21 20 19 18 17 16 15 14 13 12 11 10 9 8 7 7 6 6 5
65535 65535 65535 65535 65535 65535 65535 65535 65535 65535 65535 65535 65535 65535 65535 65535 65535 65535 65535 65535 65535 28 28 28 28 28 28 28 28 28 28 28 28 28 28 39 39 39 39 39 40 40 40 40 40 40 40 41 41 41 40 40 40 39 39 39 38 38 37 37 37 36 36 35 35 34 33 32 31 30 29 28 27 26 25 24 23 22 21 20 19 18 17 16 15 14 13 11 10 9 8 7 7 7 6 6
65535 65535 65535 65535 65535 65535 65535 65535 65535 65535 65535 65535 65535 65535 65535 65535 65535 65535 65535 65535 65535 28 28 28 28 28 28 28 28 28 28 28 28 28 28 40 40 40 40 41 41 41 41 41 41 41 41 41 41 41 41 41 40 40 40 39 39 39 38 38 38 37 37 36 35 35 34 33 32 31 30 29 28 27 26 25 24 23 22 21 20 19 18 17 15 14 13 12 11 10 9 8 7 7 6 6
65535 65535 65535 65535 65535 65535 65535 65535 65535 65535 65535 65535 65535 65535 65535 65535 65535 65535 65535 65535 65535 28 28 28 28 28 28 28 28 28 28 28 28 28 28 41 41 41 42 42 42 42 42 42 42 42 42 42 42 42 42 42 41 41 41 40 40 40 39 39 39 38 38 37 36 35 35 34 33 32 31 30 29 28 27 26 25 24 23 22 21 20 18 17 16 15 14 13 11 10 9 8 8 7 7 6
65535 65535 65535 65535 65535 65535 65535 65535 65535 65535 65535 65535 65535 65535 65535 65535 65535 65535 65535 65535 65535 28 28 28 28 28 28 28 28 28 28 28 28 28 28 42 43 43 43 43 43 43 43 43 43 43 43 43 43 43 43 42 42 42 41 41 41 40 40 40 39 39 39 38 37 36 35 35 34 33 32 31 30 29 28 27 26 25 24 23 22 20 19 18 17 16 14 13 12 11 9 9 8 8 7 6
65535 65535 65535 65535 65535 65535 65535 65535 65535 65535 65535 65535 65535 65535 65535 65535 65535 65535 65535 65535 65535 28 28 28 28 28 28 28 28 28 28 28 28 28 28 44 44 44 44 44 44 44 44 44 44 44 44 44 44 44 44 43 43 43 42 42 42 41 41 41 40 40 40 39 38 37 36 36 35 34 33 32 31 30 29 28 27 26 25 24 22 21 20 19 17 16 15 14 12 11 10 9 8 8 7 7
65535 65535 65535 65535 65535 65535 65535 65535 65535 65535 65535 65535 65535 65535 65535 65535 65535 65535 65535 65535 65535 65535 65535 65535 65535 65535 65535 65535 65535 65535 65535 65535 65535 65535 65535 46 46 46 46 46 46 46 45 45 45 45 45 45 45 45 44 44 44 43 43 43 43 42 42 42 41 41 41 40 39 38 37 36 36 35 34 33 32 31 30 29 28 27 26 25 23 22 21 19 18 17 15 14 13 11 10 9 9 8 8 7
65535 65535 65535 65535 65535 65535 65535 65535 65535 65535 65535 65535 65535 65535 65535 65535 65535 65535 65535 65535 65535 65535 65535 65535 65535 65535 65535 65535 65535 65535 65535 65535 65535 65535 65535 46 46 46 46 46 46 46 45 45 45 45 45 45 45 45 44 44 44 44 43 43 43 42 42 42 41 41 41 40 39 38 37 37 36 35 34 33 32 31 30 29 28 27 26 25 23 22 21 19 18 17 16 14 13 12 10 9 9 8 8 7
65535 65535 65535 65535 65535 65535 65535 65535 65535 65535 65535 65535 65535 65535 65535 65535 65535 65535 65535 65535 65535 65535 65535 65535 65535 65535 65535 65535 65535 65535 65535 65535 65535 65535 65535 46 46 46 46 46 46 46 46 45 45 45 45 45 45 45 45 44 44 44 43 43 43 42 42 42 42 41 41 40 39 39 38 37 36 35 34 33 32 31 30 29 29 27 26 25 24 22 21 20 18 17 16 14 13 12 10 10 9 9 8 7
65535 65535 65535 65535 65535 65535 65535 65535 65535 65535 65535 65535 65535 65535 65535 65535 65535 65535 65535 65535 65535 65535 65535 65535 65535 65535 65535 65535 65535 65535 65535 65535 65535 65535 65535 46 46 46 46 46 46 46 46 45 45 45 45 45 45 45 45 44 44 44 43 43 43 43 42 42 42 41 41 41 40 39 38 37 36 35 34 33 32 31 31 30 29 28 26 25 24 22 21 20 18 17 16 14 13 12 11 10 9 9 8 8
65535 65535 65535 65535 65535 65535 65535 65535 65535 65535 65535 65535 65535 65535 65535 65535 65535 65535 65535 65535 65535 65535 65535 65535 65535 65535 65535 65535 65535 65535 65535 65535 65535 65535 65535 46 46 46 46 46 46 46 46 46 45 45 45 45 45 45 45 44 44 44 44 43 43 43 42 42 42 42 41 41 40 39 38 37 36 35 34 33 33 32 31 30 29 28 26 25 24 23 21 20 19 17 16 15 13 12 11 10 9 9 8 8
65535 65535 65535 65535 65535 65535 65535 65535 65535 65535 65535 65535 65535 65535 65535 65535 65535 65535 65535 65535 65535 65535 65535 65535 65535 65535 65535 65535 65535 65535 65535 65535 65535 65535 65535 46 46 46 46 46 46 46 46 46 46 45 45 45 45 45 45 45 44 44 44 43 43 43 43 42 42 42 41 41 40 39 38 37 36 35 34 34 33 32 31 30 29 28 27 25 24 23 21 20 19 17 16 15 13 12 11 10 9 9 8 8
65535 65535 65535 65535 65535 65535 65535 65535 65535 65535 65535 65535 65535 65535 65535 65535 65535 65535 65535 65535 65535 65535 65535 65535 65535 65535 65535 65535 65535 65535 65535 65535 65535 65535 65535 46 46 46 46 46 46 46 46 46 46 46 45 45 45 45 45 45 44 44 44 44 43 43 43 42 42 42 42 41 40 39 38 37 36 36 35 34 33 32 31 30 29 28 27 25 24 23 21 20 19 18 16 15 14 12 11 10 10 9 9 8
65535 65535 65535 65535 65535 65535 65535 65535 65535 65535 65535 65535 65535 65535 65535 65535 65535 65535 65535 65535 65535 65535 65535 65535 65535 65535 65535 65535 65535 65535 65535 65535 65535 65535 65535 46 46 46 46 46 46 46 46 46 46 46 46 46 45 45 45 45 45 44 44 44 43 43 43 43 42 42 42 41 40 39 38 38 37 36 35 34 33 32 31 30 29 28 27 26 24 23 22 20 19 18 16 15 14 12 11 10 10 9 9 8
65535 65535 65535 65535 65535 65535 65535 65535 65535 65535 65535 65535 65535 65535 65535 65535 65535 65535 65535 65535 65535 65535 65535 65535 65535 65535 65535 65535 65535 65535 65535 65535 65535 65535 65535 46 46 46 46 46 46 46 46 46 46 46 46 46 46 45 45 45 45 44 44 44 44 43 43 43 42 42 42 41 40 40 39 38 37 36 35 34 33 32 31 30 29 28 27 26 24 23 22 20 19 18 16 15 14 12 11 10 10 9 9 9
65535 65535 65535 65535 65535 65535 65535 65535 65535 65535 65535 65535 65535 65535 65535 65535 65535 65535 65535 65535 65535 65535 65535 65535 65535 65535 65535 65535 65535 65535 65535 65535 65535 65535 65535 46 46 46 46 46 46 46 46 46 46 46 46 46 46 46 45 45 45 44 44 44 44 43 43 43 43 42 42 42 41 40 39 38 37 36 35 34 33 32 31 31 30 28 27 26 25 23 22 21 19 18 17 15 14 13 11 11 10 10 9 9
65535 65535 65535 65535 65535 65535 65535 65535 65535 65535 65535 65535 65535 65535 65535 65535 65535 65535 65535 65535 65535 65535 65535 65535 65535 65535 65535 65535 65535 65535 65535 65535 65535 65535 65535 46 46 46 46 46 46 46 46 46 46 46 46 46 46 46 45 45 45 45 44 44 44 44 43 43 43 42 42 42 41 40 39 38 37 36 35 34 33 33 32 31 30 29 27 26 25 23 22 21 19 18 17 15 14 13 11 11 10 10 9 9
65535 65535 65535 65535 65535 65535 65535 65535 65535 65535 65535 65535 65535 65535 65535 65535 65535 65535 65535 65535 65535 65535 65535 65535 65535 65535 65535 65535 65535 65535 65535 65535 65535 65535 65535 46 46 46 46 46 46 46 46 46 46 46 46 46 46 46 45 45 45 45 44 44 44 44 43 43 43 43 42 42 41 40 39 38 37 36 35 34 34 33 32 31 30 29 27 26 25 23 22 21 20 18 17 16 14 13 12 11 10 10 10 9
65535 65535 65535 65535 65535 65535 65535 65535 65535 65535 65535 65535 65535 65535 65535 65535 65535 65535 65535 65535 65535 65535 65535 65535 65535 65535 65535 65535 65535 65535 65535 65535 65535 65535 65535 46 46 46 46 46 46 46 46 46 46 46 46 46 46 46 46 45 45 45 45 44 44 44 44 43 43 43 43 42 41 40 39 38 37 36 36 35 34 33 32 31 30 29 28 26 25 24 22 21 20 18 17 16 14 13 12 11 11 10 10 9
65535 65535 65535 65535 65535 65535 65535 65535 65535 65535 65535 65535 65535 65535 65535 65535 65535 65535 65535 65535 65535 65535 65535 65535 65535 65535 65535 65535 65535 65535 65535 65535 65535 65535 65535 46 46 46 46 46 46 46 46 46 46 46 46 46 46 46 46 45 45 45 45 44 44 44 44 43 43 43 43 42 41 40 39 38 38 37 36 35 34 33 32 31 30 29 28 26 25 24 22 21 20 18 17 16 14 13 12 11 11 10 10 10
65535 65535 65535 65535 65535 65535 65535 65535 65535 65535 65535 65535 65535 65535 65535 65535 65535 65535 65535 65535 65535 65535 65535 65535 65535 65535 65535 65535 65535 65535 65535 65535 65535 65535 65535 46 46 46 46 46 46 46 46 46 46 46 46 46 46 46 46 45 45 45 45 44 44 44 44 43 43 43 43 42 41 40 39 39 38 37 36 35 34 33 32 31 30 29 28 26 25 24 22 21 20 18 17 16 15 13 12 11 11 10 10 10
65535 65535 65535 65535 65535 65535 65535 65535 65535 65535 65535 65535 65535 65535 65535 65535 65535 65535 65535 65535 65535 65535 65535 65535 65535 65535 65535 65535 65535 65535 65535 65535 65535 65535 65535 46 46 46 46 46 46 46 46 46 45 45 45 45 45 45 45 45 44 44 44 44 43 43 43 43 43 42 42 42 41 40 39 38 37 36 35 34 33 32 31 30 29 28 27 26 24 23 22 21 19 18 17 15 14 13 12 11 10 10 10 9
65535 65535 65535 65535 65535 65535 65535 65535 65535 65535 65535 65535 65535 65535 65535 65535 65535 65535 65535 65535 65535 65535 65535 65535 65535 65535 65535 65535 65535 65535 65535 65535 65535 65535 65535 46 46 46 46 46 45 45 45 45 45 45 45 45 44 44 44 44 44 43 43 43 43 43 42 42 42 42 41 41 40 39 38 37 36 35 34 33 32 31 30 30 29 27 26 25 24 22 21 20 19 17 16 15 14 12 11 10 10 10 9 9
65535 65535 65535 65535 65535 65535 65535 65535 65535 65535 65535 65535 65535 65535 65535 65535 65535 65535 65535 65535 65535 65535 65535 65535 65535 65535 65535 65535 65535 65535 65535 65535 65535 65535 65535 46 46 46 45 45 45 45 45 45 44 44 44 44 44 43 43 43 43 43 42 42 42 42 42 41 41 41 41 40 39 38 37 36 35 34 34 33 32 31 30 29 28 27 25 24 23 22 21 19 18 17 16 14 13 12 11 10 10 9 9 9
65535 65535 65535 65535 65535 65535 65535 65535 65535 65535 65535 65535 65535 65535 65535 65535 65535 65535 65535 65535 65535 65535 65535 65535 65535 65535 65535 65535 65535 65535 65535 65535 65535 65535 65535 46 46 46 45 45 45 45 44 44 44 44 43 43 43 43 42 42 42 42 42 41 41 41 41 41 40 40 40 40 39 38 37 36 35 34 33 32 31 30 29 28 27 26 25 23 22 21 20 19 18 16 15 14 13 12 10 10 9 9 9 9
65535 65535 65535 65535 65535 65535 65535 65535 65535 65535 65535 65535 65535 65535 65535 65535 65535 65535 65535 65535 65535 65535 65535 65535 65535 65535 65535 65535 65535 65535 65535 65535 65535 65535 65535 46 46 45 45 45 45 44 44 44 43 43 43 42 42 42 42 41 41 41 41 41 41 40 40 40 40 40 39 39 38 37 36 35 34 33 32 31 30 29 28 27 26 25 24 23 22 20 19 18 17 16 15 13 12 11 10 9 9 9 9 8
65535 65535 65535 65535 65535 65535 65535 65535 65535 65535 65535 65535 65535 65535 65535 65535 65535 65535 65535 65535 65535 65535 65535 65535 65535 65535 65535 65535 65535 65535 65535 65535 65535 65535 65535 46 46 45 45 45 44 44 43 43 43 42 42 42 41 41 41 41 41 40 40 40 40 40 39 39 39 39 39 38 37 36 35 34 33 32 31 30 29 28 27 26 25 24 23 22 21 20 19 17 16 15 14 13 12 11 10 9 9 9 8 8
65535 65535 65535 65535 65535 65535 65535 65535 65535 65535 65535 65535 65535 65535 65535 65535 65535 65535 65535 65535 65535 65535 65535 65535 65535 65535 65535 65535 65535 65535 65535 65535 65535 65535 65535 46 46 45 45 44 44 43 43 43 42 42 41 41 41 40 40 40 40 40 39 39 39 39 39 39 38 38 38 38 37 36 35 34 33 32 31 29 28 27 26 25 24 23 22 21 20 19 18 17 16 15 14 13 11 10 9 9 8 8 8 8
65535 65535 65535 65535 65535 65535 65535 65535 65535 65535 65535 65535 65535 65535 65535 65535 65535 65535 65535 65535 65535 65535 65535 65535 65535 65535 65535 65535 65535 65535 65535 65535 65535 65535 65535 46 45 45 45 44 44 43 43 42 42 41 41 40 40 39 39 39 39 39 39 39 38 38 38 38 38 38 37 37 36 35 34 33 32 31 30 29 28 27 26 25 24 23 22 20 19 18 17 16 15 14 13 12 11 10 9 8 8 8 8 7
65535 65535 65535 65535 65535 65535 65535 65535 65535 65535 65535 65535 65535 65535 65535 65535 65535 65535 65535 65535 65535 65535 65535 65535 65535 65535 65535 65535 65535 65535 65535 65535 65535 65535 65535 46 45 45 44 44 43 43 42 42 41 41 40 40 39 39 39 38 38 38 38 38 38 38 37 37 37 37 37 36 35 34 33 32 31 30 29 28 27 26 25 24 23 22 21 20 19 18 17 16 15 14 13 12 11 10 9 8 8 8 7 7
65535 65535 65535 65535 65535 65535 65535 65535 65535 65535 65535 65535 65535 65535 65535 65535 65535 65535 65535 65535 65535 65535 65535 65535 65535 65535 65535 65535 65535 65535 65535 65535 65535 65535 65535 46 45 45 44 44 43 42 42 41 41 40 39 39 38 38 38 38 37 37 37 37 37 37 37 37 36 36 36 36 35 34 32 31 30 29 28 27 26 25 24 23 22 21 20 19 18 17 16 15 14 13 12 11 10 9 8 8 8 7 7 7
65535 65535 65535 65535 65535 65535 65535 65535 65535 65535 65535 65535 65535 65535 65535 65535 65535 65535 65535 65535 65535 65535 65535 65535 65535 65535 65535 65535 65535 65535 65535 65535 65535 65535 65535 46 45 45 44 43 43 42 41 41 40 39 39 38 38 37 37 37 37 37 36 36 36 36 36 36 36 36 35 35 34 33 32 31 30 29 28 26 25 24 23 22 21 20 19 18 17 16 15 14 14 13 12 11 10 9 8 7 7 7 7 7
65535 65535 65535 65535 65535 65535 65535 65535 65535 65535 65535 65535 65535 65535 65535 65535 65535 65535 65535 65535 65535 65535 65535 65535 65535 65535 65535 65535 65535 65535 65535 65535 65535 65535 65535 46 45 45 44 43 42 42 41 40 40 39 38 37 37 36 36 36 36 36 36 36 35 35 35 35 35 35 35 34 33 32 31 30 29 28 27 26 25 24 22 21 20 19 18 17 17 16 15 14 13 12 11 10 9 8 7 7 7 7 7 6
65535 65535 65535 65535 65535 65535 65535 65535 65535 65535 65535 65535 65535 65535 65535 65535 65535 65535 65535 65535 65535 65535 65535 65535 65535 65535 65535 65535 65535 65535 65535 65535 65535 65535 65535 46 45 44 44 43 42 41 41 40 39 38 38 37 36 35 35 35 35 35 35 35 35 35 35 34 34 34 34 34 33 31 30 29 28 27 26 25 24 23 22 21 19 18 18 17 16 15 14 13 12 11 11 10 9 8 7 7 7 6 6 6
65535 65535 65535 65535 65535 65535 65535 65535 65535 65535 65535 65535 65535 65535 65535 65535 65535 65535 65535 65535 65535 65535 65535 65535 65535 65535 65535 65535 65535 65535 65535 65535 65535 65535 65535 35 35 35 35 35 35 35 35 35 35 35 35 35 35 35 35 34 34 34 34 34 34 34 34 34 34 34 33 33 32 31 30 29 27 26 25 24 23 22 21 20 19 18 17 16 15 14 14 13 12 11 10 9 8 8 7 6 6 6 6 6
65535 65535 65535 65535 65535 65535 65535 65535 65535 65535 65535 65535 65535 65535 65535 65535 65535 65535 65535 65535 65535 65535 65535 65535 65535 65535 65535 65535 65535 65535 65535 65535 65535 65535 65535 35 35 35 35 35 35 35 34 34 34 34 34 34 34 34 34 34 34 34 33 33 33 33 33 33 33 33 33 32 31 30 29 28 27 26 25 23 22 21 20 19 18 17 16 16 15 14 13 12 11 11 10 9 8 7 7 6 6 6 6 6
65535 65535 65535 65535 65535 65535 65535 65535 65535 65535 65535 65535 65535 65535 65535 65535 65535 65535 65535 65535 65535 65535 65535 65535 65535 65535 65535 65535 65535 65535 65535 65535 65535 65535 65535 35 35 35 35 34 34 34 34 34 34 34 34 34 34 33 33 33 33 33 33 33 32 32 32 32 32 32 32 31 30 29 28 27 26 25 24 23 22 21 20 19 18 17 16 15 14 14 13 12 11 10 10 9 8 7 6 6 6 6 6 5
65535 65535 65535 65535 65535 65535 65535 65535 65535 65535 65535 65535 65535 65535 65535 65535 65535 65535 65535 65535 65535 65535 65535 65535 65535 65535 65535 65535 65535 65535 65535 65535 65535 65535 65535 35 35 35 34 34 34 34 34 34 34 33 33 33 33 33 33 33 32 32 32 32 32 32 31 31 31 31 31 30 29 28 27 26 25 24 23 22 21 20 19 18 17 16 15 15 14 13 12 12 11 10 9 8 8 7 6 6 6 5 5 5
65535 65535 65535 65535 65535 65535 65535 65535 65535 65535 65535 65535 65535 65535 65535 65535 65535 65535 65535 65535 65535 65535 65535 65535 65535 65535 65535 65535 65535 65535 65535 65535 65535 65535 65535 35 35 34 34 34 34 34 34 33 33 33 33 33 32 32 32 32 32 31 31 31 31 31 31 30 30 30 30 29 28 27 26 25 24 23 22 21 20 19 18 18 17 16 15 14 13 13 12 11 10 10 9 8 7 7 6 6 5 5 5 5
65535 65535 65535 65535 65535 65535 65535 65535 65535 65535 65535 65535 65535 65535 65535 65535 65535 65535 65535 65535 65535 65535 65535 65535 65535 65535 65535 65535 65535 65535 65535 65535 65535 65535 65535 35 35 34 34 34 34 33 33 33 33 33 32 32 32 32 31 31 31 31 31 30 30 30 30 30 29 29 29 28 27 26 26 25 24 23 22 21 20 19 18 17 16 15 14 14 13 12 11 11 10 9 9 8 7 6 6 5 5 5 5 5
65535 65535 65535 65535 65535 65535 65535 65535 65535 65535 65535 65535 65535 65535 65535 65535 65535 65535 65535 65535 65535 65535 65535 65535 65535 65535 65535 65535 65535 65535 65535 65535 65535 65535 65535 35 35 34 34 34 33 33 33 33 32 32 32 32 31 31 31 31 30 30 30 30 29 29 29 29 28 28 28 27 27 26 25 24 23 22 21 20 19 18 17 16 15 15 14 13 13 12 11 10 10 9 8 8 7 6 5 5 5 5 5 5
65535 65535 65535 65535 65535 65535 65535 65535 65535 65535 65535 65535 65535 65535 65535 65535 65535 65535 65535 65535 65535 65535 65535 65535 65535 65535 65535 65535 65535 65535 65535 65535 65535 65535 65535 35 34 34 34 34 33 33 33 32 32 32 31 31 31 30 30 30 30 29 29 29 29 28 28 28 28 27 27 27 26 25 24 23 22 21 20 19 19 18 17 16 15 14 13 13 12 11 11 10 9 9 8 7 7 6 5 5 5 5 5 4
65535 65535 65535 65535 65535 65535 65535 65535 65535 65535 65535 65535 65535 65535 65535 65535 65535 65535 65535 65535 65535 65535 65535 65535 65535 65535 65535 65535 65535 65535 65535 65535 65535 65535 65535 35 34 34 34 33 33 33 32 32 32 31 31 30 30 30 29 29 29 29 28 28 28 28 27 27 27 26 26 26 25 24 23 22 21 20 20 19 18 17 16 15 14 14 13 12 12 11 10 10 9 8 8 7 6 6 5 5 5 4 4 4
65535 65535 65535 65535 65535 65535 65535 65535 65535 65535 65535 65535 65535 65535 65535 65535 65535 65535 65535 65535 65535 65535 65535 65535 65535 65535 65535 65535 65535 65535 65535 65535 65535 65535 65535 35 34 34 34 33 33 32 32 32 31 31 30 30 30 29 29 29 28 28 28 27 27 27 26 26 26 26 25 25 24 23 22 21 21 20 19 18 17 16 16 15 14 13 12 12 11 11 10 9 9 8 7 7 6 5 5 4 4 4 4 4
65535 65535 65535 65535 65535 65535 65535 65535 65535 65535 65535 65535 65535 65535 65535 65535 65535 65535 65535 65535 65535 65535 65535 65535 65535 65535 65535 65535 65535 65535 65535 65535 65535 65535 65535 35 34 34 33 33 33 32 32 31 31 30 30 29 29 29 28 28 28 27 27 27 26 26 26 25 25 25 24 24 23 22 21 21 20 19 18 17 17 16 15 14 13 13 12 11 11 10 9 9 8 8 7 6 6 5 5 4 4 4 4 4
65535 65535 65535 65535 65535 65535 65535 65535 65535 65535 65535 65535 65535 65535 65535 65535 65535 65535 65535 65535 65535 65535 65535 65535 65535 65535 65535 65535 65535 65535 65535 65535 65535 65535 65535 35 34 34 33 33 32 32 31 31 30 30 29 29 28 28 28 27 27 27 26 26 26 25 25 24 24 24 23 23 22 21 21 20 19 18 17 17 16 15 14 14 13 12 11 11 10 10 9 8 8 7 7 6 5 5 4 4 4 4 4 4
65535 65535 65535 65535 65535 65535 65535 65535 65535 65535 65535 65535 65535 65535 65535 65535 65535 65535 65535 65535 65535 65535 65535 65535 65535 65535 65535 65535 65535 65535 65535 65535 65535 65535 65535 35 34 34 33 33 32 32 31 30 30 29 29 28 28 27 27 27 26 26 25 25 25 24 24 24 23 23 23 22 21 21 20 19 18 17 17 16 15 14 14 13 12 12 11 10 10 9 9 8 8 7 6 6 5 5 4 4 4 4 3 3
65535 65535 65535 65535 65535 65535 65535 65535 65535 65535 65535 65535 65535 65535 65535 65535 65535 65535 65535 65535 65535 65535 65535 65535 65535 65535 65535 65535 65535 65535 65535 65535 65535 65535 65535 35 34 34 33 32 32 31 31 30 30 29 28 28 27 27 26 26 26 25 25 24 24 24 23 23 22 22 22 21 20 20 19 18 17 17 16 15 15 14 13 12 12 11 11 10 9 9 8 8 7 7 6 5 5 4 4 4 3 3 3 3
65535 65535 65535 65535 65535 65535 65535 65535 65535 65535 65535 65535 65535 65535 65535 65535 65535 65535 65535 65535 65535 65535 65535 65535 65535 65535 65535 65535 65535 65535 65535 65535 65535 65535 65535 26 26 26 26 26 26 26 26 26 26 26 26 26 26 26 26 26 25 25 24 24 24 23 23 22 22 22 21 21 20 19 19 18 17 16 16 15 14 14 13 12 11 11 10 10 9 9 8 7 7 6 6 5 5 4 4 3 3 3 3 3
65535 65535 65535 65535 65535 65535 65535 65535 65535 65535 65535 65535 65535 65535 65535 65535 65535 65535 65535 65535 65535 65535 65535 65535 65535 65535 65535 65535 65535 65535 65535 65535 65535 65535 65535 26 26 26 26 26 26 26 26 26 26 26 26 26 26 26 26 26 25 25 25 24 24 24 23 23 23 22 22 22 21 20 19 19 18 17 16 16 15 14 13 12 12 11 10 10 9 9 8 7 7 6 6 5 5 4 3 3 3 3 3 3
