pluvio/pluvio-140.asc
ncols         252
nrows         154
xllcorner     -18.017974
yllcorner     13.481982
cellsize      0.035948
NODATA_value  -9999
[rows 0 to 43 of 154, columns 0 to 95 of 252]
65535 65535 65535 65535 65535 65535 65535 65535 65535 65535 65535 65535 65535 65535 65535 65535 65535 65535 65535 65535 65535 42 42 42 42 42 42 42 42 42 42 42 42 42 42 54 54 54 55 55 55 56 56 56 57 57 57 58 58 58 58 58 57 57 57 57 56 56 56 56 55 55 55 54 54 53 52 51 50 49 49 48 47 46 45 45 44 43 42 41 40 39 38 38 37 36 35 34 33 32 32 31 30 30 30 29
65535 65535 65535 65535 65535 65535 65535 65535 65535 65535 65535 65535 65535 65535 65535 65535 65535 65535 65535 65535 65535 42 42 42 42 42 42 42 42 42 42 42 42 42 42 55 56 56 56 57 57 57 57 58 58 58 59 59 59 59 59 59 58 58 58 58 57 57 57 57 56 56 56 55 55 54 53 52 51 51 50 49 48 47 47 46 45 44 43 42 42 41 40 39 38 37 36 35 34 34 33 32 32 31 31 30
65535 65535 65535 65535 65535 65535 65535 65535 65535 65535 65535 65535 65535 65535 65535 65535 65535 65535 65535 65535 65535 42 42 42 42 42 42 42 42 42 42 42 42 42 42 57 57 58 58 58 58 59 59 59 59 59 60 60 60 60 60 60 59 59 59 59 58 58 58 58 57 57 57 57 56 55 54 53 53 52 51 50 50 49 48 47 46 46 45 44 43 42 41 40 39 38 37 36 36 35 34 33 33 32 32 31
65535 65535 65535 65535 65535 65535 65535 65535 65535 65535 65535 65535 65535 65535 65535 65535 65535 65535 65535 65535 65535 42 42 42 42 42 42 42 42 42 42 42 42 42 42 59 59 59 59 60 60 60 60 60 60 61 61 61 61 61 61 61 61 60 60 60 60 59 59 59 59 58 58 58 57 56 55 55 54 53 52 52 51 50 49 48 48 47 46 45 44 43 42 41 40 39 39 38 37 36 35 34 34 33 33 32
65535 65535 65535 65535 65535 65535 65535 65535 65535 65535 65535 65535 65535 65535 65535 65535 65535 65535 65535 65535 65535 42 42 42 42 42 42 42 42 42 42 42 42 42 42 60 61 61 61 61 61 61 61 62 62 62 62 62 62 62 62 62 62 61 61 61 61 60 60 60 60 59 59 59 58 57 56 56 55 54 54 53 52 51 51 50 49 48 47 46 45 44 44 43 42 41 40 39 38 37 36 35 35 34 34 33
65535 65535 65535 65535 65535 65535 65535 65535 65535 65535 65535 65535 65535 65535 65535 65535 65535 65535 65535 65535 65535 42 42 42 42 42 42 42 42 42 42 42 42 42 42 62 62 62 62 62 63 63 63 63 63 63 63 63 63 63 63 63 63 62 62 62 62 61 61 61 61 60 60 60 59 58 58 57 56 55 55 54 53 53 52 51 50 50 49 48 47 46 45 44 43 42 41 40 39 38 37 36 36 35 35 34
65535 65535 65535 65535 65535 65535 65535 65535 65535 65535 65535 65535 65535 65535 65535 65535 65535 65535 65535 65535 65535 42 42 42 42 42 42 42 42 42 42 42 42 42 42 64 64 64 64 64 64 64 64 64 64 64 64 64 64 64 64 64 64 63 63 63 63 62 62 62 62 62 61 61 60 59 59 58 57 57 56 55 55 54 53 52 52 51 50 49 48 47 46 45 44 43 42 41 40 39 38 37 37 36 36 35
65535 65535 65535 65535 65535 65535 65535 65535 65535 65535 65535 65535 65535 65535 65535 65535 65535 65535 65535 65535 65535 65535 65535 65535 65535 65535 65535 65535 65535 65535 65535 65535 65535 65535 65535 67 67 67 67 66 66 66 66 66 66 66 66 66 65 65 65 65 65 64 64 64 64 64 63 63 63 63 62 62 61 61 60 59 59 58 57 57 56 55 54 54 53 52 51 50 49 48 47 46 45 44 43 42 41 40 39 39 38 37 37 36
65535 65535 65535 65535 65535 65535 65535 65535 65535 65535 65535 65535 65535 65535 65535 65535 65535 65535 65535 65535 65535 65535 65535 65535 65535 65535 65535 65535 65535 65535 65535 65535 65535 65535 65535 67 67 67 67 66 66 66 66 66 66 66 66 66 66 65 65 65 65 65 64 64 64 64 63 63 63 63 63 62 62 61 60 60 59 58 58 57 56 56 55 54 54 53 52 51 50 49 48 47 46 45 44 43 42 41 41 40 39 39 38 38
65535 65535 65535 65535 65535 65535 65535 65535 65535 65535 65535 65535 65535 65535 65535 65535 65535 65535 65535 65535 65535 65535 65535 65535 65535 65535 65535 65535 65535 65535 65535 65535 65535 65535 65535 67 67 67 67 66 66 66 66 66 66 66 66 66 66 66 65 65 65 65 64 64 64 64 64 63 63 63 63 62 62 61 61 60 59 59 58 58 57 56 56 55 54 54 53 52 51 50 49 48 47 46 45 45 44 43 42 41 41 40 40 39
65535 65535 65535 65535 65535 65535 65535 65535 65535 65535 65535 65535 65535 65535 65535 65535 65535 65535 65535 65535 65535 65535 65535 65535 65535 65535 65535 65535 65535 65535 65535 65535 65535 65535 65535 67 67 67 67 66 66 66 66 66 66 66 66 66 66 66 65 65 65 65 65 64 64 64 64 64 63 63 63 63 62 62 61 60 60 59 59 58 57 57 56 56 55 54 54 53 52 51 50 49 48 47 47 46 45 44 43 42 42 42 41 41
65535 65535 65535 65535 65535 65535 65535 65535 65535 65535 65535 65535 65535 65535 65535 65535 65535 65535 65535 65535 65535 65535 65535 65535 65535 65535 65535 65535 65535 65535 65535 65535 65535 65535 65535 67 67 67 67 67 66 66 66 66 66 66 66 66 66 66 66 65 65 65 65 65 64 64 64 64 64 63 63 63 62 62 61 61 60 60 59 59 58 57 57 56 56 55 54 53 53 52 51 50 49 48 48 47 46 45 44 44 43 43 43 42
65535 65535 65535 65535 65535 65535 65535 65535 65535 65535 65535 65535 65535 65535 65535 65535 65535 65535 65535 65535 65535 65535 65535 65535 65535 65535 65535 65535 65535 65535 65535 65535 65535 65535 65535 67 67 67 67 67 66 66 66 66 66 66 66 66 66 66 66 66 65 65 65 65 65 64 64 64 64 64 64 63 63 62 62 61 61 60 60 59 59 58 58 57 56 56 55 54 53 53 52 51 50 49 49 48 47 46 46 45 45 44 44 44
65535 65535 65535 65535 65535 65535 65535 65535 65535 65535 65535 65535 65535 65535 65535 65535 65535 65535 65535 65535 65535 65535 65535 65535 65535 65535 65535 65535 65535 65535 65535 65535 65535 65535 65535 67 67 67 67 67 67 66 66 66 66 66 66 66 66 66 66 66 65 65 65 65 65 65 64 64 64 64 64 63 63 62 62 62 61 61 60 60 59 59 58 58 57 57 56 55 54 54 53 52 51 51 50 49 48 48 47 46 46 46 46 45
65535 65535 65535 65535 65535 65535 65535 65535 65535 65535 65535 65535 65535 65535 65535 65535 65535 65535 65535 65535 65535 65535 65535 65535 65535 65535 65535 65535 65535 65535 65535 65535 65535 65535 65535 67 67 67 67 67 67 67 66 66 66 66 66 66 66 66 66 66 66 65 65 65 65 65 65 64 64 64 64 64 63 63 62 62 61 61 61 60 60 59 59 58 58 57 57 56 55 54 54 53 52 52 51 50 49 49 48 48 47 47 47 47
65535 65535 65535 65535 65535 65535 65535 65535 65535 65535 65535 65535 65535 65535 65535 65535 65535 65535 65535 65535 65535 65535 65535 65535 65535 65535 65535 65535 65535 65535 65535 65535 65535 65535 65535 67 67 67 67 67 67 67 67 66 66 66 66 66 66 66 66 66 66 66 65 65 65 65 65 65 65 64 64 64 64 63 63 62 62 61 61 61 60 60 59 59 58 58 57 57 56 55 55 54 53 53 52 51 51 50 49 49 49 49 48 48
65535 65535 65535 65535 65535 65535 65535 65535 65535 65535 65535 65535 65535 65535 65535 65535 65535 65535 65535 65535 65535 65535 65535 65535 65535 65535 65535 65535 65535 65535 65535 65535 65535 65535 65535 67 67 67 67 67 67 67 67 67 67 66 66 66 66 66 66 66 66 66 66 65 65 65 65 65 65 65 64 64 64 63 63 63 62 62 61 61 61 60 60 60 59 59 58 57 57 56 56 55 54 54 53 52 52 51 51 50 50 50 50 50
65535 65535 65535 65535 65535 65535 65535 65535 65535 65535 65535 65535 65535 65535 65535 65535 65535 65535 65535 65535 65535 65535 65535 65535 65535 65535 65535 65535 65535 65535 65535 65535 65535 65535 65535 67 67 67 67 67 67 67 67 67 67 67 67 66 66 66 66 66 66 66 66 66 65 65 65 65 65 65 65 64 64 64 63 63 63 62 62 62 61 61 61 60 60 59 59 58 58 57 56 56 55 55 54 54 53 52 52 52 51 51 51 51
65535 65535 65535 65535 65535 65535 65535 65535 65535 65535 65535 65535 65535 65535 65535 65535 65535 65535 65535 65535 65535 65535 65535 65535 65535 65535 65535 65535 65535 65535 65535 65535 65535 65535 65535 67 67 67 67 67 67 67 67 67 67 67 67 67 67 67 66 66 66 66 66 66 66 66 65 65 65 65 65 65 64 64 64 63 63 63 62 62 62 61 61 61 60 60 60 59 58 58 57 57 56 56 55 55 54 54 53 53 53 53 53 53
65535 65535 65535 65535 65535 65535 65535 65535 65535 65535 65535 65535 65535 65535 65535 65535 65535 65535 65535 65535 65535 65535 65535 65535 65535 65535 65535 65535 65535 65535 65535 65535 65535 65535 65535 67 67 67 67 67 67 67 67 67 67 67 67 67 67 67 67 66 66 66 66 66 66 66 66 66 65 65 65 65 65 64 64 64 64 63 63 63 62 62 62 61 61 61 60 60 59 59 58 58 57 57 56 56 55 55 54 54 54 54 54 54
65535 65535 65535 65535 65535 65535 65535 65535 65535 65535 65535 65535 65535 65535 65535 65535 65535 65535 65535 65535 65535 65535 65535 65535 65535 65535 65535 65535 65535 65535 65535 65535 65535 65535 65535 67 67 67 67 67 67 67 67 67 67 67 67 67 67 67 67 67 66 66 66 66 66 66 66 66 66 66 65 65 65 65 64 64 64 64 63 63 63 63 62 62 62 61 61 61 60 60 59 59 58 58 57 57 56 56 56 55 56 56 56 56
65535 65535 65535 65535 65535 65535 65535 65535 65535 65535 65535 65535 65535 65535 65535 65535 65535 65535 65535 65535 65535 65535 65535 65535 65535 65535 65535 65535 65535 65535 65535 65535 65535 65535 65535 67 67 67 67 67 67 67 67 67 67 67 67 67 67 67 67 67 66 66 66 66 66 66 66 66 66 66 66 65 65 65 65 65 64 64 64 64 63 63 63 63 62 62 62 61 61 60 60 60 59 59 58 58 58 57 57 57 57 57 57 57
65535 65535 65535 65535 65535 65535 65535 65535 65535 65535 65535 65535 65535 65535 65535 65535 65535 65535 65535 65535 65535 65535 65535 65535 65535 65535 65535 65535 65535 65535 65535 65535 65535 65535 65535 67 67 67 67 67 67 67 67 67 67 67 67 67 66 66 66 66 66 66 66 66 66 66 66 66 66 65 65 65 65 65 65 64 64 64 64 64 63 63 63 63 63 62 62 61 61 61 60 60 59 59 58 58 58 57 57 57 57 57 57 57
65535 65535 65535 65535 65535 65535 65535 65535 65535 65535 65535 65535 65535 65535 65535 65535 65535 65535 65535 65535 65535 65535 65535 65535 65535 65535 65535 65535 65535 65535 65535 65535 65535 65535 65535 67 67 67 67 67 67 67 66 66 66 66 66 66 66 66 66 66 66 66 66 66 66 66 65 65 65 65 65 65 65 65 65 64 64 64 64 64 63 63 63 63 63 62 62 62 61 61 60 60 59 59 59 58 58 57 57 57 57 57 57 58
65535 65535 65535 65535 65535 65535 65535 65535 65535 65535 65535 65535 65535 65535 65535 65535 65535 65535 65535 65535 65535 65535 65535 65535 65535 65535 65535 65535 65535 65535 65535 65535 65535 65535 65535 67 67 67 67 67 66 66 66 66 66 66 66 66 66 66 66 66 66 66 65 65 65 65 65 65 65 65 65 65 65 65 64 64 64 64 64 64 63 63 63 63 63 62 62 62 61 61 60 60 60 59 59 58 58 57 57 57 57 57 58 58
65535 65535 65535 65535 65535 65535 65535 65535 65535 65535 65535 65535 65535 65535 65535 65535 65535 65535 65535 65535 65535 65535 65535 65535 65535 65535 65535 65535 65535 65535 65535 65535 65535 65535 65535 67 67 67 67 66 66 66 66 66 66 66 66 66 66 65 65 65 65 65 65 65 65 65 65 65 65 65 65 65 65 64 64 64 64 64 64 64 63 63 63 63 63 63 62 62 61 61 61 60 60 59 59 58 58 58 57 57 57 58 58 58
65535 65535 65535 65535 65535 65535 65535 65535 65535 65535 65535 65535 65535 65535 65535 65535 65535 65535 65535 65535 65535 65535 65535 65535 65535 65535 65535 65535 65535 65535 65535 65535 65535 65535 65535 67 67 67 66 66 66 66 66 66 66 66 65 65 65 65 65 65 65 65 65 65 65 65 65 65 65 65 65 65 64 64 64 64 64 64 64 64 63 63 63 63 63 63 62 62 61 61 61 60 60 59 59 59 58 58 57 57 58 58 58 59
65535 65535 65535 65535 65535 65535 65535 65535 65535 65535 65535 65535 65535 65535 65535 65535 65535 65535 65535 65535 65535 65535 65535 65535 65535 65535 65535 65535 65535 65535 65535 65535 65535 65535 65535 67 67 67 66 66 66 66 66 66 65 65 65 65 65 65 65 65 65 65 65 65 65 65 65 65 64 64 64 64 64 64 64 64 64 64 64 64 63 63 63 63 63 63 62 62 62 61 61 60 60 60 59 59 58 58 57 57 58 58 58 59
65535 65535 65535 65535 65535 65535 65535 65535 65535 65535 65535 65535 65535 65535 65535 65535 65535 65535 65535 65535 65535 65535 65535 65535 65535 65535 65535 65535 65535 65535 65535 65535 65535 65535 65535 67 67 66 66 66 66 66 66 65 65 65 65 65 65 64 64 64 64 64 64 64 64 64 64 64 64 64 64 64 64 64 64 64 64 64 64 64 64 63 63 63 63 63 63 62 62 61 61 60 60 60 59 59 58 58 58 58 58 58 59 59
65535 65535 65535 65535 65535 65535 65535 65535 65535 65535 65535 65535 65535 65535 65535 65535 65535 65535 65535 65535 65535 65535 65535 65535 65535 65535 65535 65535 65535 65535 65535 65535 65535 65535 65535 67 67 66 66 66 66 66 65 65 65 65 65 64 64 64 64 64 64 64 64 64 64 64 64 64 64 64 64 64 64 64 64 64 64 64 64 64 64 63 63 63 63 63 63 62 62 61 61 61 60 60 59 59 59 58 58 58 58 59 59 59
65535 65535 65535 65535 65535 65535 65535 65535 65535 65535 65535 65535 65535 65535 65535 65535 65535 65535 65535 65535 65535 65535 65535 65535 65535 65535 65535 65535 65535 65535 65535 65535 65535 65535 65535 67 67 66 66 66 66 65 65 65 65 65 64 64 64 64 64 64 64 64 64 64 64 64 64 64 64 64 64 64 64 64 64 64 64 64 64 64 64 64 64 63 63 63 63 62 62 62 61 61 60 60 59 59 59 58 58 58 58 59 59 60
65535 65535 65535 65535 65535 65535 65535 65535 65535 65535 65535 65535 65535 65535 65535 65535 65535 65535 65535 65535 65535 65535 65535 65535 65535 65535 65535 65535 65535 65535 65535 65535 65535 65535 65535 67 67 66 66 66 66 65 65 65 65 64 64 64 64 63 63 63 63 64 64 64 64 64 64 64 64 64 64 64 64 64 64 64 64 64 64 64 64 64 64 64 64 63 63 63 62 62 61 61 60 60 60 59 59 58 58 58 59 59 59 60
65535 65535 65535 65535 65535 65535 65535 65535 65535 65535 65535 65535 65535 65535 65535 65535 65535 65535 65535 65535 65535 65535 65535 65535 65535 65535 65535 65535 65535 65535 65535 65535 65535 65535 65535 67 67 66 66 66 65 65 65 65 64 64 64 64 63 63 63 63 63 63 63 63 63 63 63 63 63 63 63 63 64 64 64 64 64 64 64 64 64 64 64 64 64 63 63 63 62 62 61 61 61 60 60 59 59 58 58 58 59 59 60 60
65535 65535 65535 65535 65535 65535 65535 65535 65535 65535 65535 65535 65535 65535 65535 65535 65535 65535 65535 65535 65535 65535 65535 65535 65535 65535 65535 65535 65535 65535 65535 65535 65535 65535 65535 67 66 66 66 66 65 65 65 64 64 64 64 63 63 63 63 63 63 63 63 63 63 63 63 63 63 63 63 63 63 63 63 63 63 64 64 64 64 64 64 64 64 64 63 63 62 62 61 61 61 60 60 59 59 59 58 58 59 59 60 61
65535 65535 65535 65535 65535 65535 65535 65535 65535 65535 65535 65535 65535 65535 65535 65535 65535 65535 65535 65535 65535 65535 65535 65535 65535 65535 65535 65535 65535 65535 65535 65535 65535 65535 65535 67 66 66 66 65 65 65 65 64 64 64 63 63 63 62 62 63 63 63 63 63 63 63 63 63 63 63 63 63 63 63 63 63 63 63 64 64 64 64 64 64 64 64 63 63 62 62 62 61 61 60 60 60 59 59 58 58 59 60 60 61
65535 65535 65535 65535 65535 65535 65535 65535 65535 65535 65535 65535 65535 65535 65535 65535 65535 65535 65535 65535 65535 65535 65535 65535 65535 65535 65535 65535 65535 65535 65535 65535 65535 65535 65535 75 74 73 72 71 70 69 68 68 67 66 65 64 63 62 62 63 63 63 63 63 63 63 63 63 63 63 63 63 63 63 64 64 64 64 64 64 64 64 64 65 65 64 64 64 63 63 62 62 62 61 61 60 60 60 59 59 60 61 61 62
65535 65535 65535 65535 65535 65535 65535 65535 65535 65535 65535 65535 65535 65535 65535 65535 65535 65535 65535 65535 65535 65535 65535 65535 65535 65535 65535 65535 65535 65535 65535 65535 65535 65535 65535 75 74 73 72 72 71 70 69 68 67 66 66 65 64 63 63 63 63 63 64 64 64 64 64 64 64 64 64 64 64 65 65 65 65 66 66 66 66 67 67 67 68 68 67 67 66 66 66 65 65 64 64 64 63 63 63 63 63 64 64 65
65535 65535 65535 65535 65535 65535 65535 65535 65535 65535 65535 65535 65535 65535 65535 65535 65535 65535 65535 65535 65535 65535 65535 65535 65535 65535 65535 65535 65535 65535 65535 65535 65535 65535 65535 75 74 73 73 72 71 70 69 69 68 67 66 66 65 64 64 64 64 64 64 64 64 64 64 65 65 65 65 65 65 66 66 67 67 67 68 68 69 69 70 70 71 71 70 70 70 69 69 68 68 68 67 67 67 66 66 66 66 67 67 67
65535 65535 65535 65535 65535 65535 65535 65535 65535 65535 65535 65535 65535 65535 65535 65535 65535 65535 65535 65535 65535 65535 65535 65535 65535 65535 65535 65535 65535 65535 65535 65535 65535 65535 65535 75 74 74 73 72 71 71 70 69 69 68 67 66 66 65 65 65 65 65 65 65 65 65 65 65 65 65 65 66 66 67 67 68 69 69 70 70 71 72 72 73 73 74 73 73 73 72 72 72 71 71 71 70 70 70 69 69 70 70 70 70
65535 65535 65535 65535 65535 65535 65535 65535 65535 65535 65535 65535 65535 65535 65535 65535 65535 65535 65535 65535 65535 65535 65535 65535 65535 65535 65535 65535 65535 65535 65535 65535 65535 65535 65535 75 74 74 73 72 72 71 70 70 69 68 68 67 67 66 66 66 66 66 66 66 66 66 66 66 66 66 66 66 67 68 69 69 70 71 72 73 73 74 75 76 76 77 76 76 76 76 75 75 75 74 74 74 73 73 73 73 73 73 73 73
65535 65535 65535 65535 65535 65535 65535 65535 65535 65535 65535 65535 65535 65535 65535 65535 65535 65535 65535 65535 65535 65535 65535 65535 65535 65535 65535 65535 65535 65535 65535 65535 65535 65535 65535 75 74 74 73 73 72 71 71 70 70 69 69 68 67 67 67 67 67 67 67 67 67 67 67 67 67 67 67 67 68 69 70 71 72 73 74 75 76 77 78 78 79 80 79 79 79 79 78 78 78 78 77 77 77 77 76 76 76 76 76 76
65535 65535 65535 65535 65535 65535 65535 65535 65535 65535 65535 65535 65535 65535 65535 65535 65535 65535 65535 65535 65535 65535 65535 65535 65535 65535 65535 65535 65535 65535 65535 65535 65535 65535 65535 75 74 74 73 73 72 72 71 71 70 70 69 69 68 68 68 68 68 68 68 68 68 68 68 68 68 68 68 68 69 70 71 72 74 75 76 77 78 79 80 81 82 83 83 82 82 82 82 81 81 81 81 80 80 80 80 80 79 79 79 79
65535 65535 65535 65535 65535 65535 65535 65535 65535 65535 65535 65535 65535 65535 65535 65535 65535 65535 65535 65535 65535 65535 65535 65535 65535 65535 65535 65535 65535 65535 65535 65535 65535 65535 65535 75 75 74 74 73 73 72 72 71 71 71 70 70 69 69 69 69 69 69 69 69 69 69 68 68 68 68 68 69 70 71 73 74 75 76 78 79 80 81 83 84 85 86 86 85 85 85 85 85 84 84 84 84 84 83 83 83 83 82 82 82
65535 65535 65535 65535 65535 65535 65535 65535 65535 65535 65535 65535 65535 65535 65535 65535 65535 65535 65535 65535 65535 65535 65535 65535 65535 65535 65535 65535 65535 65535 65535 65535 65535 65535 65535 75 75 74 74 73 73 73 72 72 72 71 71 70 70 70 70 70 70 70 70 69 69 69 69 69 69 69 69 70 71 72 74 75 77 78 80 81 83 84 85 87 88 89 89 89 88 88 88 88 88 87 87 87 87 87 87 86 86 86 85 85
