pluvio/pluvio-79.asc
ncols         252
nrows         154
xllcorner     -18.017974
yllcorner     13.481982
cellsize      0.035948
NODATA_value  -9999
[rows 0 to 50 of 154, columns 96 to 191 of 252]
7 7 7 7 7 7 7 7 8 8 8 9 9 10 10 11 11 11 12 12 13 13 14 15 16 17 18 19 20 21 22 23 24 25 26 27 28 28 29 29 30 30 31 31 32 32 33 33 34 34 35 34 33 32 31 30 29 28 26 25 24 23 22 21 20 19 18 17 16 16 15 14 13 12 11 10 9 8 8 7 7 6 6 6 5 5 4 4 4 3 3 3 2 2 2 2
7 7 7 7 7 7 8 8 8 8 9 9 10 10 11 11 12 12 13 13 14 14 15 16 17 18 19 20 21 22 24 25 26 27 28 29 30 31 31 32 32 33 33 34 34 35 36 36 37 37 38 37 35 34 33 32 31 29 28 27 26 25 24 22 21 20 19 18 17 17 16 15 14 13 12 11 10 9 8 7 7 7 6 6 5 5 5 4 4 3 3 3 2 2 2 2
7 7 7 7 7 8 8 8 8 8 9 9 10 11 11 12 12 13 13 14 15 15 16 17 18 19 21 22 23 24 25 27 28 29 30 32 33 33 34 34 35 35 36 37 37 38 38 39 39 40 40 39 38 36 35 34 33 31 30 29 28 26 25 24 23 22 21 20 19 18 16 15 14 13 12 11 10 9 8 8 7 7 6 6 6 5 5 4 4 3 3 2 2 2 2 2
7 7 7 8 8 8 8 8 8 9 9 10 10 11 12 12 13 14 14 15 16 16 17 18 19 21 22 23 25 26 27 29 30 31 33 34 35 36 36 37 38 38 39 39 40 40 41 41 42 42 43 41 40 39 37 36 35 33 32 31 29 28 27 25 24 23 22 21 20 19 17 16 15 14 13 12 11 10 9 8 8 7 7 6 6 5 5 4 4 3 3 2 2 2 2 2
7 7 8 8 8 8 8 8 8 9 9 10 11 12 12 13 14 14 15 16 17 17 18 19 21 22 24 25 26 28 29 31 32 34 35 36 38 39 39 40 40 41 41 42 42 43 43 44 44 45 45 44 43 41 40 38 37 35 34 33 31 30 28 27 25 24 23 22 21 20 18 17 16 15 14 12 11 10 9 9 8 8 7 7 6 5 5 4 4 3 3 2 2 2 2 2
7 8 8 8 8 8 8 8 8 9 10 10 11 12 13 14 14 15 16 17 17 18 19 20 22 23 25 27 28 30 31 33 34 36 37 39 40 41 42 42 43 43 44 44 45 45 46 46 47 47 48 46 45 43 42 40 39 37 36 34 33 31 30 28 27 26 24 23 22 21 19 18 17 16 14 13 12 11 9 9 8 8 7 7 6 6 5 5 4 4 3 2 2 2 2 2
8 8 8 8 8 8 8 8 9 9 10 11 12 13 13 14 15 16 17 18 18 19 20 22 23 25 26 28 30 31 33 35 36 38 40 41 43 44 44 45 45 46 46 47 47 48 48 49 49 50 50 49 47 46 44 43 41 39 38 36 35 33 31 30 28 27 25 24 23 22 20 19 18 16 15 14 12 11 10 9 9 8 8 7 6 6 5 5 4 4 3 2 2 2 2 2
8 8 8 8 8 8 9 9 9 9 10 11 12 13 14 15 16 17 18 18 19 20 21 23 24 26 28 30 31 33 35 37 38 40 42 44 45 46 47 47 48 48 49 49 50 50 51 51 52 52 53 51 50 48 46 45 43 41 40 38 36 35 33 31 29 28 27 25 24 23 21 20 18 17 16 14 13 11 10 10 9 8 8 7 7 6 5 5 4 4 3 2 2 2 2 2
8 8 8 8 9 9 9 9 9 10 11 12 13 14 15 16 17 18 18 19 20 21 22 24 26 27 29 31 32 34 36 37 39 41 43 44 46 47 47 48 48 49 49 50 50 51 51 52 52 53 53 52 50 49 47 45 44 42 41 39 37 36 34 33 31 30 28 27 25 24 23 21 20 18 17 15 14 13 11 11 10 9 9 8 7 7 6 6 5 4 4 3 2 3 3 3
8 9 9 9 9 9 9 10 10 10 11 12 13 14 15 16 17 18 19 20 21 23 24 25 27 28 30 32 33 35 37 38 40 42 43 45 47 47 48 48 49 49 50 50 51 51 52 52 53 53 54 52 51 49 48 46 45 43 42 40 39 37 36 34 33 31 30 28 27 25 24 22 21 20 18 17 15 14 12 12 11 10 10 9 8 8 7 6 6 5 4 4 3 3 3 3
9 9 9 9 9 10 10 10 10 11 12 13 14 15 16 17 18 19 20 22 23 24 25 26 28 29 31 33 34 36 38 39 41 42 44 46 47 48 48 49 49 50 50 51 51 52 52 53 53 54 54 53 51 50 49 47 46 44 43 41 40 38 37 35 34 33 31 30 28 27 25 24 22 21 19 18 16 15 13 13 12 11 11 10 9 8 8 7 6 6 5 4 4 4 4 4
9 9 9 10 10 10 10 10 11 11 13 14 15 16 17 18 19 20 21 23 24 25 26 27 29 31 32 34 35 37 38 40 42 43 45 46 48 48 49 49 50 50 51 51 52 52 53 53 54 54 55 53 52 51 49 48 47 45 44 42 41 40 38 37 36 34 33 31 30 28 26 25 23 22 20 19 17 16 15 14 13 12 11 11 10 9 8 8 7 6 5 5 4 4 4 4
9 10 10 10 10 10 11 11 11 12 13 14 15 17 18 19 20 21 22 24 25 26 27 29 30 32 33 35 36 38 39 41 42 44 45 47 48 49 50 50 50 51 51 52 52 53 53 54 54 55 55 54 53 51 50 49 47 46 45 44 42 41 40 38 37 36 34 32 31 29 28 26 25 23 22 20 19 17 16 15 14 13 12 12 11 10 9 8 8 7 6 5 5 5 5 5
10 10 10 10 11 11 11 11 12 12 14 15 16 17 19 20 21 22 23 25 26 27 28 30 31 33 34 36 37 39 40 42 43 45 46 48 49 50 50 51 51 51 52 52 53 53 54 54 55 55 56 54 53 52 51 50 48 47 46 45 43 42 41 40 39 37 35 34 32 31 29 28 26 24 23 21 20 18 17 16 15 14 13 12 12 11 10 9 8 7 7 6 5 5 5 5
10 10 11 11 11 11 12 12 12 13 14 16 17 18 19 21 22 23 24 26 27 28 30 31 32 34 35 37 38 40 41 42 44 45 47 48 50 50 51 51 52 52 52 53 53 54 54 55 55 56 56 55 54 53 52 50 49 48 47 46 45 44 42 41 40 38 37 35 34 32 30 29 27 26 24 22 21 19 18 17 16 15 14 13 12 12 11 10 9 8 7 6 6 6 6 6
10 11 11 11 11 12 12 12 12 13 15 16 17 19 20 21 23 24 25 27 28 29 31 32 33 35 36 38 39 40 42 43 45 46 47 49 50 51 51 52 52 53 53 53 54 54 55 55 56 56 56 55 54 53 52 51 50 49 48 47 46 45 44 43 42 40 38 37 35 33 32 30 29 27 25 24 22 20 19 18 17 16 15 14 13 12 11 11 10 9 8 7 6 6 6 6
11 11 11 12 12 12 12 13 13 14 15 17 18 20 21 22 24 25 26 28 29 31 32 33 35 36 37 39 40 41 43 44 45 47 48 50 51 51 52 52 53 53 54 54 54 55 55 56 56 56 57 56 55 54 53 52 51 50 49 48 47 46 45 44 43 41 40 38 36 35 33 31 30 28 27 25 23 22 20 19 18 17 16 15 14 13 12 11 10 9 8 7 7 7 7 6
11 11 12 12 12 13 13 13 13 15 16 17 19 20 22 23 25 26 27 29 30 32 33 34 36 37 38 40 41 42 44 45 46 48 49 50 52 52 52 53 53 54 54 54 55 55 56 56 56 57 57 56 56 55 54 53 52 51 50 49 48 47 46 46 45 43 41 40 38 36 34 33 31 29 28 26 24 23 21 20 19 18 17 16 15 14 13 12 11 10 9 8 7 7 7 7
11 12 12 12 13 13 13 14 14 15 16 18 19 21 22 24 25 27 28 30 31 33 34 36 37 38 39 41 42 43 45 46 47 48 50 51 52 53 53 53 54 54 55 55 55 56 56 57 57 57 58 57 56 55 54 54 53 52 51 50 49 49 48 47 46 44 43 41 39 38 36 34 32 31 29 27 25 24 22 21 20 19 18 17 16 15 14 13 12 11 10 8 8 8 8 7
12 12 12 13 13 13 14 14 14 16 17 19 20 22 23 25 26 28 29 31 32 34 35 37 38 39 40 42 43 44 45 47 48 49 50 52 53 53 54 54 54 55 55 56 56 56 57 57 57 58 58 57 57 56 55 54 54 53 52 51 51 50 49 48 48 46 44 42 41 39 37 35 34 32 30 28 27 25 23 22 21 20 19 18 17 16 14 13 12 11 10 9 8 8 8 8
12 12 13 13 13 14 14 14 15 16 18 19 21 22 24 26 27 29 30 32 34 35 37 38 39 40 42 43 44 45 46 47 49 50 51 52 53 54 54 55 55 55 56 56 56 57 57 57 58 58 59 58 57 57 56 55 55 54 53 53 52 51 51 50 49 47 46 44 42 40 38 37 35 33 31 30 28 26 24 23 22 21 20 19 18 16 15 14 13 12 11 10 9 9 8 8
12 13 13 13 14 14 14 15 15 16 18 20 21 23 25 26 28 30 31 33 34 36 38 39 40 41 42 44 45 46 47 48 49 50 52 53 54 54 55 55 55 56 56 56 57 57 58 58 58 59 59 58 58 57 57 56 55 55 54 54 53 52 52 51 51 49 47 45 43 42 40 38 36 34 32 31 29 27 25 24 23 22 21 20 18 17 16 15 14 13 11 10 9 9 9 9
12 13 13 13 14 14 15 15 15 17 18 20 21 23 25 26 28 29 31 33 34 36 38 39 40 41 42 43 44 46 47 48 49 50 51 52 54 54 54 55 55 55 56 56 57 57 57 58 58 58 59 58 58 57 57 56 56 55 55 54 53 53 52 52 51 49 48 46 44 42 41 39 37 35 33 32 30 28 26 25 24 23 22 20 19 18 17 16 15 13 12 11 10 10 10 10
12 13 13 14 14 14 15 15 15 17 18 20 21 23 25 26 28 29 31 33 34 36 37 39 40 41 42 43 44 45 46 48 49 50 51 52 53 54 54 54 55 55 56 56 56 57 57 58 58 58 59 58 58 57 57 56 56 55 55 54 54 53 53 52 52 50 48 47 45 43 41 40 38 36 34 32 31 29 27 26 25 24 22 21 20 19 18 17 15 14 13 12 11 11 11 10
13 13 13 14 14 14 15 15 16 17 18 20 21 23 25 26 28 29 31 32 34 36 37 38 39 41 42 43 44 45 46 47 48 50 51 52 53 53 54 54 55 55 55 56 56 57 57 57 58 58 59 58 58 57 57 57 56 56 55 55 54 54 54 53 53 51 49 47 46 44 42 40 39 37 35 33 32 30 28 27 26 25 23 22 21 20 19 17 16 15 14 13 12 11 11 11
13 13 13 14 14 15 15 15 16 17 18 20 21 23 25 26 28 29 31 32 34 35 37 38 39 40 41 43 44 45 46 47 48 49 50 51 53 53 53 54 54 55 55 56 56 56 57 57 58 58 59 58 58 57 57 57 56 56 56 55 55 54 54 54 53 52 50 48 46 45 43 41 39 38 36 34 32 31 29 28 27 25 24 23 22 21 19 18 17 16 15 13 12 12 12 12
13 13 13 14 14 15 15 15 16 17 18 20 22 23 25 26 28 29 31 32 34 35 37 38 39 40 41 42 43 45 46 47 48 49 50 51 52 53 53 54 54 54 55 55 56 56 57 57 58 58 58 58 58 57 57 57 57 56 56 56 55 55 55 54 54 52 51 49 47 45 44 42 40 39 37 35 33 32 30 29 28 26 25 24 23 22 20 19 18 17 15 14 13 13 13 13
13 13 14 14 14 15 15 15 16 17 19 20 22 23 25 26 28 29 31 32 34 35 37 38 39 40 41 42 43 44 45 46 48 49 50 51 52 52 53 53 54 54 55 55 56 56 56 57 57 58 58 58 58 58 57 57 57 57 56 56 56 55 55 55 55 53 51 50 48 46 44 43 41 39 38 36 34 33 31 30 29 27 26 25 24 22 21 20 19 17 16 15 14 14 14 13
13 13 14 14 14 15 15 16 16 17 19 20 22 23 25 26 27 29 30 32 33 35 36 38 39 40 41 42 43 44 45 46 47 48 49 51 52 52 53 53 54 54 54 55 55 56 56 57 57 58 58 58 58 58 57 57 57 57 57 56 56 56 56 56 55 54 52 50 49 47 45 44 42 40 39 37 35 34 32 31 29 28 27 26 24 23 22 21 20 18 17 16 15 15 14 14
13 13 14 14 15 15 15 16 16 17 19 20 22 23 25 26 27 29 30 32 33 35 36 37 38 40 41 42 43 44 45 46 47 48 49 50 51 52 52 53 53 54 54 55 55 56 56 57 57 58 58 58 58 58 58 57 57 57 57 57 57 57 56 56 56 54 53 51 49 48 46 44 43 41 39 38 36 34 33 32 30 29 28 27 25 24 23 22 20 19 18 17 16 15 15 15
13 13 14 14 15 15 15 16 16 17 19 20 22 23 24 26 27 29 30 32 33 35 36 37 38 39 40 41 42 44 45 46 47 48 49 50 51 52 52 53 53 54 54 55 55 55 56 56 57 57 58 58 58 58 58 58 57 57 57 57 57 57 57 57 57 55 53 52 50 48 47 45 44 42 40 39 37 35 34 33 31 30 29 28 26 25 24 22 21 20 19 17 16 16 16 16
13 14 14 14 15 15 16 16 16 17 19 20 22 23 24 26 27 29 30 32 33 34 36 37 38 39 40 41 42 43 44 45 46 47 49 50 51 51 52 52 53 53 54 54 55 55 56 56 57 57 58 58 58 58 58 58 58 58 58 58 58 58 58 57 57 56 54 53 51 49 48 46 44 43 41 40 38 36 35 33 32 31 30 28 27 26 25 23 22 21 20 18 17 17 17 16
13 14 14 14 15 15 16 16 16 17 19 20 22 23 24 26 27 29 30 31 33 34 36 37 38 39 40 41 42 43 44 45 46 47 48 49 50 51 51 52 52 53 54 54 55 55 56 56 57 57 58 58 58 58 58 58 58 58 58 58 58 58 58 58 58 56 55 53 52 50 48 47 45 44 42 40 39 37 36 34 33 32 31 29 28 27 25 24 23 22 20 19 18 18 18 17
13 14 14 15 15 15 16 16 16 18 19 20 22 23 24 26 27 29 30 31 33 34 35 37 38 39 40 41 42 43 44 45 46 47 48 49 50 51 51 52 52 53 53 54 54 55 55 56 57 57 58 58 58 58 58 58 58 58 58 58 58 59 59 59 59 57 56 54 52 51 49 48 46 44 43 41 40 38 37 35 34 33 31 30 29 28 26 25 24 22 21 20 19 19 18 18
14 14 14 15 15 15 16 16 17 18 19 20 22 23 24 26 27 29 30 31 33 34 35 36 37 38 39 40 42 43 44 45 46 47 48 49 50 50 51 51 52 53 53 54 54 55 55 56 56 57 58 58 58 58 58 58 58 59 59 59 59 59 59 59 59 58 56 55 53 52 50 48 47 45 44 42 41 39 38 36 35 34 32 31 30 28 27 26 25 23 22 21 20 19 19 19
14 14 14 15 15 16 16 16 17 18 19 20 22 23 24 26 27 28 30 31 32 34 35 36 37 38 39 40 41 42 43 44 45 46 47 48 49 50 50 51 52 52 53 53 54 54 55 55 56 57 57 57 58 58 58 58 58 58 59 59 59 59 59 60 60 58 57 55 54 52 50 49 47 46 44 43 41 40 38 37 36 34 33 32 30 29 28 27 25 24 23 21 20 20 20 19
14 14 15 15 15 16 16 17 17 18 19 21 22 23 24 26 27 28 30 31 32 33 35 36 37 38 39 40 41 41 42 43 44 45 46 47 48 49 49 50 50 51 52 52 53 53 54 54 55 55 56 56 56 56 57 57 57 57 57 58 58 58 58 58 59 57 56 54 53 51 50 48 47 45 44 42 41 39 38 37 35 34 33 32 30 29 28 27 25 24 23 22 21 20 20 20
14 15 15 15 16 16 17 17 17 18 20 21 22 23 24 26 27 28 29 31 32 33 34 35 36 37 38 39 40 41 42 43 44 44 45 46 47 48 48 49 49 50 50 51 51 52 52 53 53 54 55 55 55 55 55 56 56 56 56 56 57 57 57 57 57 56 55 53 52 50 49 47 46 45 43 42 40 39 37 36 35 34 33 32 30 29 28 27 26 24 23 22 21 21 20 20
14 15 15 16 16 16 17 17 18 19 20 21 22 23 24 26 27 28 29 30 31 33 34 35 36 37 37 38 39 40 41 42 43 44 45 45 46 47 47 48 48 49 49 50 50 51 51 52 52 53 53 53 54 54 54 54 55 55 55 55 56 56 56 56 56 55 54 52 51 49 48 47 45 44 43 41 40 38 37 36 35 34 33 31 30 29 28 27 26 25 23 22 21 21 21 20
15 15 15 16 16 17 17 18 18 19 20 21 22 23 25 26 27 28 29 30 31 32 33 34 35 36 37 38 39 39 40 41 42 43 44 44 45 46 46 47 47 48 48 49 49 50 50 50 51 51 52 52 52 53 53 53 53 54 54 54 54 55 55 55 55 54 53 51 50 49 47 46 45 43 42 41 39 38 37 36 35 33 32 31 30 29 28 27 26 25 24 22 22 21 21 20
15 15 16 16 17 17 17 18 18 19 20 21 22 23 25 26 27 28 29 30 31 32 33 34 35 35 36 37 38 39 40 40 41 42 43 44 44 45 45 46 46 47 47 47 48 48 49 49 50 50 51 51 51 51 52 52 52 52 53 53 53 53 54 54 54 53 52 50 49 48 47 45 44 43 41 40 39 38 36 35 34 33 32 31 30 29 28 27 26 25 24 23 22 21 21 21
15 16 16 16 17 17 18 18 19 20 21 22 23 24 25 26 27 28 29 30 31 32 33 33 34 35 36 36 37 38 39 40 40 41 42 43 43 44 44 45 45 45 46 46 47 47 48 48 48 49 49 50 50 50 50 51 51 51 51 52 52 52 53 53 53 52 51 49 48 47 46 45 43 42 41 40 38 37 36 35 34 33 32 31 30 29 28 27 26 25 24 23 22 22 21 21
15 16 16 17 17 18 18 19 19 20 21 22 23 24 25 26 26 27 28 29 30 31 32 33 34 34 35 36 37 37 38 39 39 40 41 42 42 43 43 44 44 44 45 45 46 46 46 47 47 48 48 48 48 49 49 49 50 50 50 51 51 51 51 52 52 51 50 48 47 46 45 44 43 41 40 39 38 37 36 35 34 33 32 31 30 29 28 27 26 25 24 23 22 22 22 21
16 16 17 17 17 18 18 19 19 20 21 22 23 24 25 25 26 27 28 29 30 31 32 33 33 34 35 35 36 37 37 38 39 39 40 41 41 42 42 43 43 43 44 44 44 45 45 45 46 46 47 47 47 48 48 48 48 49 49 49 50 50 50 51 51 50 49 48 46 45 44 43 42 41 40 39 38 36 35 34 34 33 32 31 30 29 28 27 26 25 24 24 23 22 22 21
16 16 17 17 18 18 19 19 20 20 21 22 23 24 25 25 26 27 28 29 30 31 31 32 33 33 34 35 35 36 37 37 38 38 39 40 40 41 41 41 42 42 43 43 43 44 44 44 45 45 45 46 46 46 47 47 47 48 48 48 48 49 49 49 50 49 48 47 46 44 43 42 41 40 39 38 37 36 35 34 33 32 32 31 30 29 28 27 26 26 25 24 23 23 22 22
16 17 17 18 18 19 19 20 20 21 21 22 23 24 25 25 26 27 28 29 29 30 31 32 32 33 33 34 35 35 36 36 37 38 38 39 39 40 40 40 41 41 41 42 42 42 43 43 43 44 44 44 45 45 45 46 46 46 47 47 47 48 48 48 49 48 47 46 45 44 43 42 41 40 39 38 37 36 35 34 33 32 31 31 30 29 28 27 27 26 25 24 23 23 22 22
16 17 17 18 18 19 19 20 20 21 22 22 23 24 25 25 26 27 28 28 29 30 31 31 32 32 33 33 34 35 35 36 36 37 37 38 38 39 39 39 40 40 40 41 41 41 41 42 42 42 43 43 43 44 44 44 45 45 45 46 46 46 47 47 47 47 46 45 44 43 42 41 40 39 38 37 36 35 34 34 33 32 31 30 30 29 28 27 27 26 25 24 24 23 23 22
17 17 18 18 19 19 20 20 21 21 22 23 23 24 25 25 26 27 27 28 29 29 30 31 31 32 32 33 33 34 34 35 35 36 36 37 37 38 38 38 39 39 39 39 40 40 40 40 41 41 41 42 42 42 43 43 44 44 44 45 45 45 46 46 46 45 45 44 43 42 41 40 39 38 38 37 36 35 34 33 33 32 31 30 30 29 28 28 27 26 25 25 24 23 23 22
17 17 18 18 19 19 20 20 21 22 22 23 23 24 25 25 26 27 27 28 28 29 30 30 31 31 32 32 33 33 34 34 35 35 36 36 37 37 37 37 38 38 38 38 39 39 39 39 39 40 40 40 41 41 42 42 42 43 43 43 44 44 45 45 45 44 44 43 42 41 40 39 39 38 37 36 35 34 34 33 32 32 31 30 30 29 28 28 27 26 26 25 24 24 23 23
17 18 18 19 19 20 20 21 21 22 23 23 24 24 25 25 26 27 27 28 28 29 29 30 30 31 31 32 32 32 33 33 34 34 35 35 35 36 36 36 36 36 37 37 37 37 38 38 38 38 38 39 39 40 40 41 41 41 42 42 43 43 43 44 44 43 43 42 41 40 40 39 38 37 37 36 35 34 33 33 32 32 31 30 30 29 28 28 27 27 26 25 25 24 24 23
18 18 19 19 20 20 21 22 22 23 23 24 24 25 25 26 26 27 27 28 28 29 30 30 30 31 31 31 31 32 32 32 33 33 33 34 34 34 34 34 35 35 35 35 35 36 36 36 36 36 37 37 37 38 38 39 39 40 40 41 41 42 42 43 43 42 42 41 40 40 39 38 38 37 36 36 35 34 34 33 33 32 31 31 30 30 29 28 28 27 27 26 25 25 24 24
