pluvio/pluvio-189.asc
ncols         252
nrows         154
xllcorner     -18.017974
yllcorner     13.481982
cellsize      0.035948
NODATA_value  -9999
[rows 102 to 152 of 154, columns 0 to 95 of 252]
65535 65535 65535 65535 65535 65535 65535 125 125 125 125 125 125 125 125 125 125 125 125 125 125 125 123 120 118 116 113 111 109 106 104 101 99 97 94 92 91 90 89 88 87 86 85 84 83 82 81 80 79 79 81 83 84 86 88 89 91 93 94 96 98 99 101 103 104 106 108 109 111 113 114 116 118 120 121 123 125 125 125 125 125 125 125 124 124 124 124 124 124 123 123 124 125 125 126 127
65535 65535 65535 65535 65535 65535 65535 125 125 125 125 125 125 125 125 125 125 125 125 125 125 125 123 121 118 116 114 112 109 107 105 103 100 98 96 94 93 92 91 90 89 88 86 85 84 83 82 81 80 80 82 83 85 87 89 90 92 94 95 97 99 101 102 104 106 107 109 111 112 114 116 117 119 121 122 124 126 126 126 126 126 126 126 126 126 125 125 125 125 125 125 125 126 127 129 130
65535 65535 65535 65535 65535 65535 65535 125 125 125 125 125 125 125 125 125 125 125 125 125 125 125 123 121 119 117 115 112 110 108 106 104 102 100 98 96 94 93 92 91 90 89 88 87 85 84 83 82 81 81 82 84 86 88 90 91 93 95 97 98 100 102 104 106 107 109 110 112 114 115 117 119 120 122 123 125 127 128 127 127 127 127 127 127 127 127 127 127 127 126 126 127 128 129 131 132
65535 65535 65535 65535 65535 65535 65535 138 137 136 135 135 134 133 132 131 130 129 129 128 127 126 124 122 120 118 116 114 112 110 108 106 104 102 100 98 97 96 94 93 92 91 89 88 87 86 85 83 82 82 84 85 87 89 90 92 94 96 97 99 101 102 104 106 107 109 111 112 114 116 117 119 120 122 124 125 127 128 128 128 128 128 128 128 128 128 128 128 128 128 128 128 130 131 132 133
65535 65535 65535 65535 65535 65535 65535 138 137 136 136 135 134 133 132 132 131 130 129 128 128 127 125 123 121 119 117 116 114 112 110 108 106 104 103 101 100 98 97 96 94 93 92 90 89 88 86 85 84 83 85 87 88 90 91 93 94 96 98 99 101 102 104 105 107 109 110 112 114 115 117 119 120 122 124 125 127 128 128 128 128 128 128 128 128 128 128 128 128 129 129 129 131 132 133 134
65535 65535 65535 65535 65535 65535 65535 138 137 137 136 135 134 134 133 132 131 131 130 129 129 128 126 124 122 121 119 117 116 114 112 110 109 107 105 104 102 101 99 98 97 95 94 92 91 90 88 87 85 85 86 88 89 91 92 93 95 96 98 99 101 102 103 105 107 108 110 112 113 115 117 118 120 122 123 125 127 128 128 128 128 128 128 129 129 129 129 129 129 129 130 130 132 133 134 135
65535 65535 65535 65535 65535 65535 65535 138 137 137 136 135 135 134 133 133 132 131 131 130 129 129 127 125 124 122 121 119 117 116 114 113 111 110 108 106 105 103 102 100 99 97 96 94 93 92 90 89 87 86 88 89 90 92 93 94 95 97 98 99 101 102 103 105 106 108 110 111 113 115 116 118 120 121 123 125 127 128 128 128 128 128 129 129 129 129 130 130 130 130 131 132 133 134 135 136
65535 65535 65535 65535 65535 65535 65535 138 137 137 136 136 135 134 134 133 133 132 131 131 130 129 128 127 125 124 122 121 119 118 116 115 114 112 111 109 108 106 104 103 101 100 98 97 95 93 92 90 89 88 89 90 91 93 94 95 96 97 98 99 101 102 103 104 106 108 109 111 113 115 116 118 120 121 123 125 126 127 128 128 128 129 129 129 130 130 130 131 131 131 132 133 134 135 136 138
65535 65535 65535 65535 65535 65535 65535 138 138 137 136 136 135 135 134 134 133 133 132 132 131 130 129 128 126 125 124 123 121 120 119 117 116 115 113 112 110 109 107 105 104 102 100 99 97 95 94 92 90 89 91 92 93 94 95 96 97 98 99 100 101 102 103 104 106 107 109 111 113 114 116 118 119 121 123 125 126 127 128 128 129 129 129 130 130 131 131 132 132 132 133 134 135 136 137 139
65535 65535 65535 65535 65535 65535 65535 138 138 137 137 136 136 135 135 134 134 133 133 132 132 131 130 129 128 127 125 124 123 122 121 120 118 117 116 115 113 111 109 108 106 104 102 101 99 97 95 94 92 91 92 93 94 95 95 96 97 98 99 100 101 101 102 104 105 107 109 111 112 114 116 117 119 121 123 124 126 127 128 128 129 129 130 130 131 131 132 132 133 133 134 135 136 137 138 140
65535 65535 65535 65535 65535 65535 65535 138 138 137 137 136 136 136 135 135 134 134 134 133 133 132 131 130 129 128 127 126 125 124 123 122 121 120 119 117 116 114 112 110 108 106 105 103 101 99 97 95 94 93 93 94 95 95 96 97 98 98 99 100 101 101 102 103 105 107 108 110 112 114 115 117 119 121 122 124 126 127 128 128 129 130 130 131 131 132 133 133 134 134 135 136 137 138 140 141
65535 65535 65535 65535 65535 65535 65535 138 138 137 137 137 136 136 136 135 135 135 134 134 134 133 132 131 130 130 129 128 127 126 125 124 123 122 121 120 118 116 114 113 111 109 107 105 103 101 99 97 95 94 95 95 96 96 97 98 98 99 99 100 101 101 102 103 105 106 108 110 112 113 115 117 119 121 122 124 126 127 128 128 129 130 130 131 132 133 133 134 135 135 136 137 138 139 141 142
65535 65535 65535 65535 65535 65535 65535 138 138 138 137 137 137 136 136 136 136 135 135 135 134 134 133 133 132 131 130 129 129 128 127 126 126 125 124 123 121 119 117 115 113 111 109 107 105 103 101 99 97 96 96 97 97 97 98 98 99 99 100 100 101 101 102 103 104 106 108 110 111 113 115 117 119 120 122 124 126 127 128 129 129 130 131 132 132 133 134 135 135 136 137 138 139 140 142 143
65535 65535 65535 65535 65535 65535 65535 138 138 138 137 137 137 137 137 136 136 136 136 136 135 135 134 134 133 133 132 131 131 130 129 129 128 127 127 126 124 122 120 117 115 113 111 109 107 105 103 101 98 97 97 98 98 98 99 99 99 100 100 100 101 101 101 102 104 106 108 109 111 113 115 117 118 120 122 124 126 127 128 129 129 130 131 132 133 134 135 135 136 137 138 139 140 142 143 144
65535 65535 65535 65535 65535 65535 65535 138 138 138 138 137 137 137 137 137 137 137 136 136 136 136 135 135 134 134 133 133 132 132 131 131 130 130 129 129 126 124 122 120 118 115 113 111 109 107 104 102 100 99 99 99 99 99 100 100 100 100 100 100 101 101 101 102 104 105 107 109 111 113 115 116 118 120 122 124 125 127 128 129 130 131 132 132 133 134 135 136 137 138 139 140 141 143 144 145
65535 65535 65535 65535 65535 65535 65535 138 138 138 138 138 138 138 138 137 137 137 137 137 137 137 137 136 136 135 135 135 134 134 134 133 133 133 132 131 129 127 125 122 120 118 115 113 111 109 106 104 102 100 100 100 100 100 100 100 100 100 101 101 101 101 101 101 103 105 107 109 111 112 114 116 118 120 122 123 125 127 128 129 130 131 132 133 134 135 136 137 138 139 140 141 142 144 145 146
65535 65535 65535 65535 65535 65535 65535 138 138 138 138 138 138 138 138 138 138 138 138 138 138 138 138 137 137 137 137 136 136 136 136 136 135 135 135 134 132 129 127 125 122 120 118 115 113 110 108 106 103 102 102 101 101 101 101 101 101 101 101 101 101 101 100 101 103 105 107 108 110 112 114 116 118 120 121 123 125 127 128 129 130 131 132 133 134 136 137 138 139 140 141 142 144 145 146 147
65535 65535 65535 65535 65535 65535 65535 138 138 138 138 138 138 138 138 138 138 138 138 138 138 138 137 137 137 137 137 136 136 136 136 136 135 135 135 134 132 130 127 125 123 120 118 116 114 111 109 107 104 103 103 102 102 102 102 102 102 102 101 101 101 101 101 102 103 105 107 109 110 112 114 116 117 119 121 123 124 126 127 128 130 131 132 133 135 136 137 138 139 141 142 143 144 146 147 148
65535 65535 65535 65535 65535 65535 65535 138 138 138 138 138 138 138 138 138 138 137 137 137 137 137 137 137 137 136 136 136 136 135 135 135 135 134 134 133 131 129 127 125 123 120 118 116 114 112 110 107 105 104 103 103 103 103 103 103 103 102 102 102 102 102 102 102 104 106 107 109 110 112 114 115 117 119 120 122 124 125 127 128 129 131 132 133 134 136 137 138 140 141 142 144 145 146 148 149
65535 65535 65535 65535 65535 65535 65535 138 138 138 138 138 138 138 137 137 137 137 137 137 137 137 136 136 136 136 135 135 135 135 134 134 134 134 133 133 131 129 127 125 122 120 118 116 114 112 110 108 106 105 104 104 104 104 104 104 103 103 103 103 103 103 102 103 104 106 108 109 111 112 114 115 117 118 120 121 123 124 126 127 129 130 132 133 134 136 137 139 140 142 143 144 146 147 148 150
65535 65535 65535 65535 65535 65535 65535 138 138 138 138 138 137 137 137 137 137 137 137 137 136 136 136 136 135 135 135 135 134 134 134 134 133 133 133 132 130 128 126 124 122 120 118 117 115 113 111 109 107 105 105 105 105 105 105 104 104 104 104 104 103 103 103 104 105 106 108 109 111 112 114 115 116 118 119 121 122 124 125 127 128 130 131 133 134 136 137 139 140 142 143 145 146 148 149 151
65535 65535 65535 65535 65535 65535 65535 138 138 138 138 137 137 137 137 137 137 136 136 136 136 136 136 135 135 135 134 134 134 133 133 133 133 132 132 131 129 128 126 124 122 120 119 117 115 113 111 109 108 106 106 106 106 106 105 105 105 105 105 104 104 104 104 104 106 107 108 110 111 112 113 115 116 117 119 120 121 123 125 126 128 129 131 133 134 136 138 139 141 142 144 146 147 148 150 151
65535 65535 65535 65535 65535 65535 65535 138 138 138 137 137 137 137 137 137 136 136 136 136 136 135 135 135 134 134 134 133 133 133 132 132 132 131 131 131 129 127 125 124 122 120 119 117 115 114 112 110 108 107 107 107 107 106 106 106 106 106 105 105 105 105 104 105 106 107 109 110 111 112 113 115 116 117 118 119 121 122 124 126 127 129 131 133 134 136 138 139 141 143 145 146 148 149 151 152
65535 65535 65535 65535 65535 65535 65535 138 138 138 137 137 137 137 136 136 136 136 136 135 135 135 135 134 134 134 133 133 132 132 132 131 131 131 130 130 128 127 125 124 122 120 119 117 116 114 112 111 109 108 108 108 107 107 107 107 107 106 106 106 106 105 105 106 107 108 109 110 111 112 113 114 116 117 118 119 120 121 123 125 127 129 131 132 134 136 138 140 141 143 145 147 148 150 151 153
65535 65535 65535 65535 65535 65535 65535 138 138 138 137 137 137 137 136 136 136 135 135 135 135 134 134 134 133 133 133 132 132 132 131 131 130 130 130 129 128 126 125 123 122 120 119 117 116 115 113 112 110 109 109 109 108 108 108 108 107 107 107 107 106 106 106 106 107 108 109 110 111 112 113 114 115 116 117 118 119 121 123 125 126 128 130 132 134 136 138 140 142 144 146 147 149 151 152 154
65535 65535 65535 65535 65535 65535 65535 138 138 137 137 137 137 136 136 136 135 135 135 135 134 134 134 133 133 132 132 132 131 131 130 130 130 129 129 128 127 126 124 123 122 120 119 118 116 115 114 112 111 110 110 109 109 109 109 108 108 108 108 107 107 107 107 107 108 109 110 110 111 112 113 114 115 116 117 118 118 120 122 124 126 128 130 132 134 136 138 140 142 144 146 148 150 151 153 155
65535 65535 65535 65535 65535 65535 65535 138 138 137 137 137 136 136 136 135 135 135 134 134 134 133 133 133 132 132 131 131 131 130 130 129 129 129 128 128 126 125 124 123 122 120 119 118 117 115 114 113 112 111 111 110 110 110 110 109 109 109 108 108 108 108 107 107 108 109 110 111 111 112 113 114 115 115 116 117 118 119 121 123 126 128 130 132 134 136 138 140 142 145 147 149 150 152 154 156
65535 65535 65535 65535 65535 65535 65535 138 138 137 137 137 136 136 136 135 135 134 134 134 133 133 133 132 132 131 131 130 130 130 129 129 128 128 127 127 126 125 124 122 121 120 119 118 117 116 115 114 113 112 111 111 111 111 110 110 110 109 109 109 109 108 108 108 109 110 110 111 112 112 113 114 114 115 116 116 117 118 121 123 125 127 129 132 134 136 138 141 143 145 147 149 151 153 155 156
65535 65535 65535 65535 65535 65535 65535 138 138 137 137 136 136 136 135 135 135 134 134 133 133 133 132 132 131 131 130 130 129 129 129 128 128 127 127 126 125 124 123 122 121 120 119 118 117 116 115 114 113 113 112 112 112 111 111 111 111 110 110 110 109 109 109 109 109 110 111 111 112 112 113 113 114 114 115 116 116 118 120 122 125 127 129 132 134 136 139 141 143 145 148 150 152 154 155 157
65535 65535 65535 65535 65535 65535 65535 138 138 137 137 136 136 135 135 135 134 134 133 133 133 132 132 131 131 130 130 129 129 128 128 127 127 126 126 125 125 124 123 122 121 120 119 119 118 117 116 115 114 114 113 113 113 112 112 112 111 111 111 110 110 110 109 109 110 110 111 111 112 112 113 113 114 114 115 115 115 117 119 122 124 127 129 131 134 136 139 141 143 146 148 150 152 154 156 158
65535 65535 65535 65535 65535 65535 65535 138 138 137 137 136 136 135 135 134 134 133 133 133 132 132 131 131 130 130 129 129 128 128 127 127 126 126 125 125 124 123 122 122 121 120 120 119 118 117 117 116 115 115 114 114 114 113 113 113 112 112 112 111 111 111 110 110 110 111 111 112 112 112 113 113 113 114 114 114 115 116 119 121 124 126 129 131 134 136 139 141 144 146 149 151 153 155 157 159
65535 65535 65535 65535 65535 65535 65535 132 132 132 132 132 132 132 132 132 132 132 132 132 132 133 132 132 131 131 130 130 129 129 129 128 128 127 127 126 125 125 124 123 123 122 121 120 120 119 118 118 117 116 116 116 115 115 114 114 114 113 113 113 112 112 112 111 112 112 112 112 112 113 113 113 113 113 113 114 114 115 118 120 123 125 128 130 133 135 138 140 143 145 148 150 152 154 156 158
65535 65535 65535 65535 65535 65535 65535 132 132 132 132 132 132 132 132 132 132 132 132 132 132 134 134 133 133 132 132 132 131 131 130 130 129 129 129 128 127 127 126 125 124 124 123 122 122 121 120 119 119 118 118 117 117 117 116 116 115 115 115 114 114 113 113 113 113 113 113 113 113 113 113 113 113 113 113 113 113 114 117 119 122 124 127 129 132 134 137 139 142 144 147 149 151 153 155 157
65535 65535 65535 65535 65535 65535 65535 132 132 132 132 132 132 132 132 132 132 132 132 132 132 135 135 135 134 134 134 133 133 132 132 132 131 131 130 130 129 128 128 127 126 126 125 124 123 123 122 121 121 120 120 119 119 118 118 117 117 117 116 116 115 115 114 114 114 114 114 114 113 113 113 113 113 113 112 112 112 113 116 118 121 123 126 128 131 133 136 138 141 143 146 148 150 152 154 157
65535 65535 65535 65535 65535 65535 65535 132 132 132 132 132 132 132 132 132 132 132 132 132 132 137 137 136 136 135 135 135 134 134 134 133 133 133 132 132 131 130 130 129 128 128 127 126 125 125 124 123 123 122 121 121 121 120 120 119 119 118 118 117 117 116 116 116 115 115 115 114 114 114 113 113 113 112 112 112 111 112 115 117 120 122 125 127 130 132 135 137 140 142 145 147 149 151 154 156
65535 65535 65535 65535 65535 65535 65535 132 132 132 132 132 132 132 132 132 132 132 132 132 132 138 138 138 137 137 137 136 136 136 135 135 135 134 134 134 133 132 132 131 130 129 129 128 127 127 126 125 124 124 123 123 122 122 121 121 120 120 119 119 118 118 117 117 116 116 115 115 114 114 113 113 112 112 111 111 110 111 114 116 119 121 124 126 129 131 134 136 139 141 144 146 148 150 153 155
65535 65535 65535 65535 65535 65535 65535 132 132 132 132 132 132 132 132 132 132 132 132 132 132 140 139 139 139 138 138 138 138 137 137 137 136 136 136 136 135 134 133 133 132 131 131 130 129 128 128 127 126 126 125 125 124 124 123 123 122 121 121 120 120 119 119 118 118 117 116 116 115 114 114 113 112 112 111 110 110 110 113 115 118 120 123 125 128 130 133 135 138 140 143 145 147 149 152 154
65535 65535 65535 65535 65535 65535 65535 132 132 132 132 132 132 132 132 132 132 132 132 132 132 141 141 140 140 140 140 139 139 139 139 138 138 138 138 137 137 136 135 135 134 133 132 132 131 130 130 129 128 128 127 126 126 125 125 124 124 123 123 122 121 121 120 120 119 118 117 116 115 115 114 113 112 111 110 109 109 109 112 114 117 119 122 124 127 129 132 134 137 139 141 144 146 148 151 153
65535 65535 65535 65535 65535 65535 65535 132 132 132 132 132 132 132 132 132 132 132 132 132 132 142 142 142 142 142 141 141 141 141 140 140 140 140 140 139 139 138 137 136 136 135 134 134 133 132 131 131 130 129 129 128 128 127 126 126 125 125 124 124 123 122 122 121 120 119 118 117 116 115 114 113 112 111 110 109 108 108 111 113 116 118 121 123 126 128 131 133 135 138 140 143 145 147 150 152
65535 65535 65535 65535 65535 65535 65535 132 132 132 132 132 132 132 132 132 132 132 132 132 132 144 144 143 143 143 143 143 142 142 142 142 142 142 141 141 140 140 139 138 138 137 136 135 135 134 133 133 132 131 131 130 129 129 128 128 127 126 126 125 124 124 123 122 121 120 119 118 116 115 114 113 112 110 109 108 107 108 110 112 115 117 120 122 125 127 129 132 134 137 139 142 144 146 149 151
65535 65535 65535 65535 65535 65535 65535 132 132 132 132 132 132 132 132 132 132 132 132 132 132 145 145 145 145 145 144 144 144 144 144 144 144 143 143 143 142 142 141 140 139 139 138 137 137 136 135 135 134 133 133 132 131 131 130 129 129 128 127 127 126 125 125 124 122 121 120 118 117 116 114 113 111 110 109 107 106 107 109 111 114 116 119 121 124 126 128 131 133 136 138 141 143 146 148 150
65535 65535 65535 65535 65535 65535 65535 132 132 132 132 132 132 132 132 132 132 132 132 132 132 147 146 146 146 146 146 146 146 146 146 145 145 145 145 145 144 143 143 142 141 141 140 139 139 138 137 136 136 135 134 134 133 132 132 131 130 130 129 128 127 127 126 125 124 122 120 119 117 116 114 113 111 110 108 107 105 106 108 110 113 115 118 120 123 125 127 130 132 135 137 140 142 145 147 150
65535 65535 65535 65535 65535 65535 65535 132 132 132 132 132 132 132 132 132 132 132 132 132 132 148 148 148 148 148 148 147 147 147 147 147 147 147 147 147 146 145 145 144 143 143 142 141 140 140 139 138 138 137 136 135 135 134 133 133 132 131 130 130 129 128 128 126 125 123 121 120 118 116 115 113 111 109 108 106 104 105 107 109 112 114 117 119 122 124 126 129 131 134 136 138 141 144 146 149
65535 65535 65535 65535 65535 65535 65535 132 132 132 132 132 132 132 132 132 132 132 132 132 132 149 149 149 149 149 149 149 149 149 149 149 149 149 149 149 148 147 146 146 145 144 144 143 142 142 141 140 140 139 138 137 137 136 135 134 134 133 132 131 131 130 129 128 126 124 122 120 118 117 115 113 111 109 107 105 103 104 106 109 111 113 116 118 120 123 125 128 130 132 135 137 140 143 145 148
65535 65535 65535 65535 65535 65535 65535 132 132 132 132 132 132 132 132 132 132 132 132 132 132 151 151 151 151 151 151 151 151 151 151 151 151 151 151 150 150 149 148 148 147 146 146 145 144 143 143 142 141 141 140 139 138 138 137 136 135 134 134 133 132 131 130 129 127 125 123 121 119 117 115 113 111 109 107 105 103 103 105 108 110 112 115 117 119 122 124 127 129 131 134 136 139 142 144 147
65535 65535 65535 65535 65535 65535 65535 65535 65535 65535 65535 65535 65535 65535 65535 65535 65535 65535 65535 65535 65535 318 307 296 284 273 262 250 239 228 216 205 194 182 171 162 162 161 161 160 160 159 159 158 158 157 157 156 155 155 154 152 151 150 149 148 147 146 144 143 142 141 140 138 136 133 131 128 126 123 121 118 116 113 111 108 106 105 108 110 112 115 117 119 122 124 126 129 131 133 135 138 141 143 146 148
65535 65535 65535 65535 65535 65535 65535 65535 65535 65535 65535 65535 65535 65535 65535 65535 65535 65535 65535 65535 65535 318 308 297 287 277 266 256 245 235 224 214 203 193 183 174 174 174 173 173 173 172 172 172 171 171 171 170 170 169 168 166 165 163 162 160 159 157 156 154 152 151 149 147 144 141 138 135 132 129 126 124 121 118 115 112 109 108 111 113 115 117 119 122 124 126 128 131 133 135 137 140 142 145 147 150
65535 65535 65535 65535 65535 65535 65535 65535 65535 65535 65535 65535 65535 65535 65535 65535 65535 65535 65535 65535 65535 318 309 299 290 280 271 261 251 242 232 223 213 204 194 187 186 186 186 186 186 186 186 186 185 185 185 185 185 184 182 180 178 176 174 173 171 169 167 165 163 161 159 156 153 150 146 143 139 136 132 129 126 122 119 115 112 111 113 115 118 120 122 124 126 128 131 133 135 137 139 141 144 146 149 152
65535 65535 65535 65535 65535 65535 65535 65535 65535 65535 65535 65535 65535 65535 65535 65535 65535 65535 65535 65535 65535 319 310 301 292 284 275 266 258 249 240 232 223 214 205 199 199 199 199 199 199 199 199 199 199 199 199 199 199 199 196 194 192 190 187 185 183 180 178 176 173 171 169 166 162 158 154 150 146 142 138 134 131 127 123 119 115 114 116 118 120 122 124 126 129 131 133 135 137 139 141 143 146 148 151 153
65535 65535 65535 65535 65535 65535 65535 65535 65535 65535 65535 65535 65535 65535 65535 65535 65535 65535 65535 65535 65535 319 311 303 295 287 280 272 264 256 248 240 233 225 217 211 211 211 212 212 212 212 213 213 213 213 214 214 214 213 211 208 205 203 200 197 195 192 189 186 184 181 178 175 170 166 162 157 153 149 144 140 136 131 127 122 118 117 119 121 123 125 127 129 131 133 135 137 139 141 143 145 147 150 152 155
65535 65535 65535 65535 65535 65535 65535 65535 65535 65535 65535 65535 65535 65535 65535 65535 65535 65535 65535 65535 65535 319 312 305 298 291 284 277 270 263 256 249 242 235 228 223 224 224 224 225 225 226 226 227 227 228 228 228 229 228 225 222 219 216 213 210 206 203 200 197 194 191 188 184 179 174 170 165 160 155 150 145 141 136 131 126 121 120 122 124 125 127 129 131 133 135 137 139 141 143 145 147 149 151 154 156
