pluvio/pluvio-80.asc
ncols         252
nrows         154
xllcorner     -18.017974
yllcorner     13.481982
cellsize      0.035948
NODATA_value  -9999
[rows 0 to 41 of 154, columns 95 to 189 of 252]
15 14 14 13 13 12 12 11 11 10 10 11 11 11 11 12 12 12 13 13 13 13 14 14 15 17 18 20 21 23 24 26 27 29 30 32 33 35 37 39 41 43 45 47 49 51 53 55 57 59 61 63 64 65 67 68 69 71 72 73 74 76 77 78 80 81 81 82 83 83 84 85 85 86 87 87 88 89 89 90 90 91 91 91 92 92 93 93 93 94 94 94 95 95 94
16 16 15 15 14 14 13 13 12 12 12 12 12 13 13 13 14 14 14 14 15 15 15 16 17 19 20 22 24 25 27 28 30 32 33 35 36 38 40 42 44 46 48 50 52 54 56 58 60 62 64 66 67 68 70 71 72 73 74 75 77 78 79 80 81 82 83 84 84 85 85 86 87 87 88 89 89 90 90 91 91 92 92 92 93 93 93 94 94 94 95 95 95 95 94
18 17 17 16 16 15 14 14 13 13 13 13 14 14 14 15 15 15 16 16 17 17 17 18 19 21 23 24 26 28 29 31 33 35 36 38 40 42 44 46 48 49 51 53 55 57 59 61 63 65 67 69 70 71 73 74 75 76 77 78 79 80 81 82 83 84 85 85 86 86 87 87 88 88 89 90 90 91 91 92 92 92 93 93 93 94 94 94 94 95 95 95 96 96 95
19 18 18 17 17 16 16 15 15 14 14 15 15 15 16 16 17 17 17 18 18 19 19 19 21 23 25 27 28 30 32 34 36 38 40 41 43 45 47 49 51 53 55 57 59 61 63 65 67 69 71 73 74 75 75 76 77 78 79 80 81 82 83 84 85 86 86 87 87 88 88 89 89 90 90 91 91 92 92 93 93 93 93 94 94 94 94 95 95 95 96 96 96 96 95
20 20 19 19 18 18 17 16 16 15 15 16 16 17 17 18 18 19 19 20 20 20 21 21 23 25 27 29 31 33 35 37 39 41 43 45 47 49 51 53 54 56 58 60 62 64 66 68 70 72 74 76 77 78 78 79 80 81 82 82 83 84 85 86 87 87 88 88 89 89 90 90 90 91 91 92 92 93 93 94 94 94 94 94 95 95 95 95 96 96 96 96 96 96 96
22 21 21 20 19 19 18 18 17 17 17 17 18 18 19 19 20 20 21 21 22 22 23 23 25 27 29 31 33 35 37 40 42 44 46 48 50 52 54 56 58 60 62 64 66 68 69 71 73 75 77 79 80 81 81 82 83 83 84 85 85 86 87 88 88 89 89 90 90 91 91 91 92 92 92 93 93 94 94 94 95 95 95 95 95 96 96 96 96 96 97 97 97 97 96
23 23 22 21 21 20 20 19 18 18 18 18 19 20 20 21 21 22 22 23 23 24 25 25 27 29 31 34 36 38 40 42 45 47 49 51 53 56 58 59 61 63 65 67 69 71 73 75 77 78 80 82 83 84 84 85 85 86 87 87 88 88 89 89 90 91 91 91 92 92 92 93 93 93 94 94 94 95 95 95 95 96 96 96 96 96 96 97 97 97 97 97 97 97 96
24 24 23 23 22 21 21 20 20 19 19 20 20 21 22 22 23 23 24 25 25 26 26 27 29 31 34 36 38 40 43 45 47 50 52 54 57 59 61 63 65 67 68 70 72 74 76 78 80 82 83 85 86 86 87 87 88 88 89 89 90 90 91 91 92 92 92 93 93 93 94 94 94 94 95 95 95 96 96 96 96 96 96 97 97 97 97 97 97 97 98 98 98 98 97
27 26 25 25 24 24 23 23 22 22 22 22 23 24 24 25 25 26 27 27 28 29 29 30 32 34 36 38 40 43 45 47 49 51 54 56 58 60 62 64 66 67 69 71 73 74 76 78 80 82 83 85 86 86 87 87 88 88 89 89 89 90 90 91 91 92 92 92 93 93 93 94 94 94 94 95 95 95 96 96 96 96 96 96 96 97 97 97 97 97 97 97 98 97 97
29 28 28 27 27 26 26 25 25 24 24 25 26 26 27 28 28 29 29 30 31 31 32 33 34 36 39 41 43 45 47 49 51 53 55 57 59 61 63 65 66 68 70 71 73 75 76 78 80 81 83 85 85 86 86 87 87 88 88 89 89 90 90 91 91 92 92 92 92 93 93 93 94 94 94 94 95 95 95 95 96 96 96 96 96 96 96 97 97 97 97 97 97 97 96
31 30 30 29 29 28 28 28 27 27 27 28 28 29 30 30 31 32 32 33 33 34 35 35 37 39 41 43 45 47 49 51 53 55 57 58 60 62 64 66 67 69 70 72 73 75 77 78 80 81 83 85 85 86 86 86 87 87 88 88 89 89 90 90 91 91 92 92 92 92 93 93 93 94 94 94 94 95 95 95 95 95 96 96 96 96 96 96 96 97 97 97 97 97 96
33 32 32 32 31 31 30 30 30 29 30 30 31 32 32 33 34 34 35 36 36 37 38 38 40 42 43 45 47 49 51 53 54 56 58 60 62 63 65 66 68 69 71 72 74 75 77 78 80 81 83 84 85 85 86 86 87 87 88 88 89 89 90 90 90 91 91 92 92 92 92 93 93 93 93 94 94 94 95 95 95 95 95 95 96 96 96 96 96 96 96 97 97 97 96
35 35 34 34 34 33 33 32 32 32 32 33 33 34 35 36 36 37 38 38 39 40 40 41 43 44 46 48 49 51 53 54 56 58 60 61 63 65 66 67 69 70 72 73 74 76 77 78 80 81 83 84 84 85 85 86 86 87 87 88 88 89 89 90 90 91 91 91 91 92 92 92 93 93 93 93 94 94 94 95 95 95 95 95 95 95 96 96 96 96 96 96 96 96 96
37 37 36 36 36 36 35 35 35 34 35 35 36 37 38 38 39 40 40 41 42 43 43 44 45 47 48 50 52 53 55 56 58 59 61 63 64 66 67 68 70 71 72 73 75 76 77 79 80 81 82 84 84 85 85 86 86 87 87 87 88 88 89 89 90 90 91 91 91 91 92 92 92 93 93 93 93 94 94 94 94 95 95 95 95 95 95 95 96 96 96 96 96 96 96
39 39 39 38 38 38 38 37 37 37 37 38 39 39 40 41 42 42 43 44 45 45 46 47 48 49 51 52 54 55 57 58 60 61 62 64 65 67 68 69 70 72 73 74 75 76 77 79 80 81 82 83 84 84 85 85 86 86 87 87 88 88 89 89 90 90 90 91 91 91 91 92 92 92 93 93 93 93 94 94 94 94 94 95 95 95 95 95 95 96 96 96 96 96 96
41 41 41 41 40 40 40 40 40 39 40 41 41 42 43 44 44 45 46 47 47 48 49 50 51 52 53 55 56 57 59 60 61 63 64 65 67 68 69 70 71 72 73 74 76 77 78 79 80 81 82 83 84 84 85 85 85 86 86 87 87 88 88 89 89 90 90 90 91 91 91 91 92 92 92 93 93 93 93 94 94 94 94 94 94 95 95 95 95 95 95 96 96 96 95
43 43 43 43 43 43 42 42 42 42 42 43 44 45 45 46 47 48 49 49 50 51 52 52 54 55 56 57 58 59 61 62 63 64 65 67 68 69 70 71 72 73 74 75 76 77 78 79 80 81 82 83 83 84 84 85 85 86 86 87 87 88 88 88 89 89 90 90 90 91 91 91 91 92 92 92 93 93 93 93 94 94 94 94 94 94 95 95 95 95 95 95 95 95 95
45 45 45 45 45 45 45 45 45 44 45 46 47 47 48 49 50 50 51 52 53 54 54 55 56 57 58 59 61 62 63 64 65 66 67 68 69 70 71 72 73 74 75 75 76 77 78 79 80 81 82 83 83 83 84 84 85 85 86 86 87 87 88 88 89 89 89 90 90 90 91 91 91 91 92 92 92 93 93 93 93 93 94 94 94 94 94 94 95 95 95 95 95 95 95
48 47 47 47 47 47 47 47 47 47 47 48 49 50 51 52 52 53 54 55 56 56 57 58 59 60 61 62 63 64 65 66 67 67 68 69 70 71 72 73 74 74 75 76 77 78 78 79 80 81 81 82 83 83 84 84 85 85 86 86 86 87 87 88 88 89 89 89 90 90 90 91 91 91 91 92 92 92 93 93 93 93 93 93 94 94 94 94 94 94 95 95 95 95 95
50 50 50 50 50 50 50 50 50 49 50 51 52 53 53 54 55 56 57 58 58 59 60 61 62 63 63 64 65 66 67 67 68 69 70 71 72 72 73 74 74 75 76 76 77 78 79 79 80 81 81 82 82 83 83 84 84 85 85 86 86 87 87 88 88 88 89 89 89 90 90 90 91 91 91 91 92 92 92 93 93 93 93 93 93 94 94 94 94 94 94 94 95 95 95
52 52 52 52 52 52 52 52 52 52 53 53 54 55 56 57 58 59 59 60 61 62 63 64 64 65 66 67 67 68 69 69 70 71 71 72 73 73 74 75 75 76 76 77 78 78 79 79 80 81 81 82 82 83 83 84 84 84 85 85 86 86 87 87 88 88 88 89 89 89 90 90 90 91 91 91 91 92 92 92 92 93 93 93 93 93 93 94 94 94 94 94 94 95 95
54 54 54 54 54 54 54 54 54 54 55 56 57 58 58 59 60 61 62 63 64 64 65 66 67 67 68 69 69 70 70 71 71 72 73 73 74 74 75 75 76 76 77 77 78 78 79 79 80 80 81 81 82 82 83 83 84 84 85 85 86 86 86 87 87 88 88 88 89 89 89 90 90 90 90 91 91 91 92 92 92 92 92 93 93 93 93 93 93 94 94 94 94 94 94
54 54 54 54 54 54 55 55 55 55 55 56 57 58 59 60 61 61 62 63 64 65 66 67 67 68 68 69 69 70 70 71 72 72 73 73 74 74 75 75 76 76 77 77 78 78 79 79 80 80 81 81 82 82 83 83 83 84 84 85 85 86 86 87 87 88 88 88 88 89 89 89 89 90 90 90 90 91 91 91 91 92 92 92 92 92 93 93 93 93 93 93 94 94 94
54 54 55 55 55 55 55 55 55 55 56 57 58 59 59 60 61 62 63 64 64 65 66 67 68 68 69 69 70 70 71 71 72 72 73 73 74 74 74 75 75 76 76 77 77 78 78 79 79 80 80 81 81 82 82 83 83 84 84 85 85 86 86 86 87 87 88 88 88 88 89 89 89 89 89 90 90 90 90 91 91 91 91 91 92 92 92 92 92 92 93 93 93 93 94
55 55 55 55 55 55 56 56 56 56 57 57 58 59 60 61 62 62 63 64 65 66 67 67 68 68 69 69 70 70 71 71 72 72 72 73 73 74 74 75 75 76 76 77 77 78 78 79 79 80 80 81 81 82 82 82 83 83 84 84 85 85 86 86 87 87 87 88 88 88 88 88 89 89 89 89 89 90 90 90 90 90 91 91 91 91 91 92 92 92 92 92 93 93 93
55 55 55 55 56 56 56 56 56 57 57 58 59 60 60 61 62 63 64 64 65 66 67 68 68 69 69 69 70 70 71 71 72 72 72 73 73 74 74 75 75 76 76 76 77 77 78 78 79 79 80 80 81 81 82 82 83 83 84 84 85 85 86 86 86 87 87 87 87 88 88 88 88 88 88 89 89 89 89 89 89 90 90 90 90 91 91 91 91 91 92 92 92 92 93
55 55 56 56 56 56 56 57 57 57 58 58 59 60 61 62 62 63 64 65 66 66 67 68 69 69 69 70 70 70 71 71 72 72 72 73 73 73 74 74 75 75 76 76 77 77 78 78 79 79 80 80 81 81 82 82 82 83 83 84 84 85 85 86 86 87 87 87 87 87 87 88 88 88 88 88 88 88 88 89 89 89 89 89 90 90 90 90 91 91 91 91 92 92 93
56 56 56 56 57 57 57 57 57 58 58 59 60 61 61 62 63 64 65 65 66 67 68 68 69 69 70 70 70 71 71 71 72 72 72 73 73 73 74 74 75 75 76 76 77 77 77 78 78 79 79 80 80 81 81 82 82 83 83 84 84 85 85 86 86 87 87 87 87 87 87 87 87 87 87 87 88 88 88 88 88 88 89 89 89 89 90 90 90 90 91 91 91 91 92
56 56 56 57 57 57 57 58 58 58 59 60 60 61 62 63 63 64 65 66 67 67 68 69 69 70 70 70 70 71 71 71 72 72 72 72 73 73 73 74 74 75 75 76 76 77 77 78 78 79 79 80 80 81 81 81 82 82 83 83 84 84 85 85 86 86 86 86 86 87 87 87 87 87 87 87 87 87 87 87 87 88 88 88 88 89 89 89 89 90 90 90 91 91 92
56 57 57 57 57 58 58 58 58 59 59 60 61 62 62 63 64 65 65 66 67 68 68 69 70 70 70 70 71 71 71 71 72 72 72 72 73 73 73 74 74 75 75 76 76 77 77 77 78 78 79 79 80 80 81 81 82 82 83 83 84 84 85 85 86 86 86 86 86 86 86 86 86 86 86 86 86 86 86 87 87 87 87 88 88 88 88 89 89 89 89 90 90 90 92
57 57 57 58 58 58 58 59 59 59 60 61 61 62 63 64 64 65 66 67 67 68 69 70 70 70 70 71 71 71 71 71 72 72 72 72 72 73 73 74 74 74 75 75 76 76 77 77 78 78 79 79 80 80 81 81 81 82 82 83 83 84 84 85 85 86 86 86 86 86 86 86 86 86 86 86 86 86 86 86 86 86 87 87 87 88 88 88 88 89 89 89 89 90 91
57 57 58 58 58 59 59 59 60 60 60 61 62 63 63 64 65 66 66 67 68 68 69 70 70 70 71 71 71 71 71 71 72 72 72 72 72 72 73 73 74 74 75 75 76 76 76 77 77 78 78 79 79 80 80 81 81 82 82 83 83 84 84 85 85 86 86 86 86 85 85 85 85 85 85 85 85 85 85 85 85 86 86 86 87 87 87 88 88 88 88 89 89 90 91
57 58 58 58 59 59 59 60 60 60 61 62 62 63 64 65 65 66 67 67 68 69 70 70 71 71 71 71 71 71 71 71 72 72 72 72 72 72 73 73 74 74 74 75 75 76 76 77 77 78 78 79 79 80 80 80 81 81 82 82 83 83 84 84 85 85 85 85 85 85 85 85 85 85 85 85 85 85 85 84 85 85 85 86 86 86 87 87 87 88 88 88 88 89 91
58 58 58 59 59 59 60 60 61 61 62 62 63 64 64 65 66 66 67 68 69 69 70 71 71 71 71 71 71 71 71 72 72 72 72 72 72 72 72 73 73 74 74 75 75 76 76 76 77 77 78 78 79 79 80 80 81 81 82 82 83 83 84 84 85 85 85 85 85 85 85 85 84 84 84 84 84 84 84 84 84 84 85 85 85 86 86 86 87 87 87 88 88 89 90
58 58 59 59 60 60 60 61 61 61 62 63 63 64 65 66 66 67 68 68 69 70 70 71 71 71 71 71 71 71 72 72 72 72 72 72 72 72 72 73 73 74 74 74 75 75 76 76 77 77 78 78 78 79 79 80 80 81 81 82 82 83 83 84 84 85 85 85 85 84 84 84 84 84 84 84 83 83 83 83 83 84 84 84 85 85 85 86 86 86 87 87 87 88 90
59 59 59 60 60 61 61 61 62 62 63 63 64 65 65 66 67 67 68 69 69 70 71 71 72 72 72 72 72 72 72 72 72 72 72 72 72 72 72 73 73 73 74 74 75 75 76 76 77 77 77 78 78 79 79 80 80 81 81 82 82 83 83 84 84 85 85 84 84 84 84 84 84 83 83 83 83 83 83 83 83 83 84 84 84 85 85 85 86 86 86 87 87 88 90
60 60 60 61 61 62 62 62 63 63 63 64 65 65 66 67 67 68 69 69 70 71 71 72 72 72 72 72 72 72 72 72 72 72 72 72 72 72 72 73 73 74 74 75 75 75 76 76 77 77 78 78 78 79 79 80 80 81 81 82 82 83 83 84 84 85 84 84 84 84 84 84 83 83 83 83 83 82 82 82 82 83 83 84 84 84 85 85 85 86 86 86 87 87 89
61 61 62 62 62 62 63 63 63 64 64 65 65 66 67 67 68 69 69 70 71 71 72 72 73 73 73 73 73 73 73 73 73 73 73 73 72 72 73 73 74 74 74 75 75 76 76 77 77 77 78 78 79 79 80 80 80 81 81 82 82 83 83 84 84 85 84 84 84 84 84 83 83 83 83 82 82 82 82 82 82 82 83 83 84 84 84 85 85 85 86 86 86 87 89
62 62 63 63 63 63 64 64 64 64 65 66 66 67 67 68 69 69 70 70 71 72 72 73 73 73 73 73 73 73 73 73 73 73 73 73 73 73 73 74 74 74 75 75 76 76 76 77 77 78 78 78 79 79 80 80 81 81 81 82 82 83 83 84 84 85 84 84 84 84 83 83 83 83 82 82 82 82 81 81 82 82 82 83 83 84 84 84 85 85 85 86 86 87 89
63 64 64 64 64 64 65 65 65 65 66 66 67 67 68 69 69 70 70 71 72 72 73 73 74 74 74 73 73 73 73 73 73 73 73 73 73 73 74 74 74 75 75 75 76 76 77 77 77 78 78 79 79 79 80 80 81 81 82 82 82 83 83 84 84 84 84 84 84 83 83 83 83 82 82 82 82 81 81 81 81 82 82 82 83 83 84 84 84 85 85 85 86 87 89
65 65 65 65 65 65 66 66 66 66 66 67 68 68 69 69 70 70 71 72 72 73 73 74 74 74 74 74 74 74 74 74 74 74 74 74 74 74 74 74 75 75 75 76 76 76 77 77 78 78 78 79 79 80 80 80 81 81 82 82 82 83 83 84 84 84 84 84 84 83 83 83 82 82 82 81 81 81 81 80 81 81 82 82 82 83 83 84 84 84 85 85 86 86 89
66 66 66 66 66 66 66 67 67 67 67 68 68 69 69 70 71 71 72 72 73 73 74 74 75 74 74 74 74 74 74 74 74 74 74 74 74 74 74 75 75 75 76 76 76 77 77 77 78 78 79 79 79 80 80 80 81 81 82 82 82 83 83 84 84 84 84 84 83 83 83 82 82 82 81 81 81 81 80 80 80 81 81 82 82 82 83 83 84 84 84 85 85 86 88
