pluvio/pluvio-212.asc
ncols         252
nrows         154
xllcorner     -0.5
yllcorner     -153.5
cellsize      1
NODATA_value  -9999
[rows 0 to 41 of 154, columns 0 to 93 of 252]
47 47 48 48 50 52 54 56 58 61 63 64 63 63 63 63 62 62 63 65 68 70 72 74 77 78 79 80 81 82 83 84 84 85 85 85 86 86 86 85 82 80 78 76 73 71 71 71 71 71 72 72 72 70 67 65 63 60 58 55 56 56 57 58 59 60 61 62 63 64 65 67 68 69 67 64 62 59 57 54 52 48 45 41 38 34 31 27 27 26 26 25 25 24
42 43 44 46 47 50 52 54 57 59 61 62 62 62 61 61 61 61 62 65 68 71 74 76 79 80 81 81 82 82 83 83 84 84 85 85 85 86 86 85 83 81 79 77 75 73 73 73 74 74 75 75 76 74 72 69 67 64 62 60 60 60 60 61 61 61 62 62 63 63 64 64 65 65 63 61 59 57 55 53 51 48 45 42 39 36 33 30 30 30 29 29 29 28
36 38 41 43 45 48 50 52 55 57 59 60 60 60 60 60 60 59 61 65 68 72 75 78 82 83 83 83 83 83 83 83 83 84 84 85 85 86 86 85 83 81 79 78 76 74 74 75 76 77 78 79 80 78 76 74 71 69 66 64 64 63 63 63 63 63 62 62 62 62 62 62 62 62 60 59 57 55 54 52 50 48 46 43 41 38 36 33 33 33 33 33 33 32
31 34 37 40 43 45 48 50 53 55 58 59 59 58 58 58 58 58 60 64 68 72 76 80 84 85 85 84 84 83 83 82 83 83 84 84 85 86 86 85 83 82 80 79 77 75 76 77 79 80 81 83 84 83 80 78 76 73 71 69 68 67 66 65 65 64 63 63 62 61 60 60 59 58 57 56 55 53 52 51 50 48 46 44 42 40 38 36 36 36 36 36 36 36
28 31 34 38 41 43 46 48 51 54 56 57 57 57 57 57 57 57 60 64 68 73 77 81 85 86 85 85 84 83 83 82 82 83 84 84 85 86 87 86 84 83 81 80 78 77 78 79 81 82 84 85 86 85 83 80 78 76 74 71 70 69 68 67 66 65 64 63 62 61 60 59 58 57 56 55 54 53 52 51 50 48 47 45 43 42 40 38 39 39 39 39 39 39
27 30 33 36 39 41 44 47 49 52 55 56 56 56 56 57 57 57 60 64 68 72 76 80 84 85 85 84 84 83 83 82 82 83 84 85 85 86 87 86 85 84 83 82 80 79 80 81 82 83 85 86 87 85 83 81 79 77 75 73 71 70 69 68 67 65 64 63 62 61 60 59 58 57 56 55 54 54 53 52 51 49 48 46 45 43 41 40 40 40 41 41 41 42
26 28 31 34 37 40 42 45 48 50 53 55 55 55 56 56 57 57 60 63 67 71 75 79 83 84 84 84 83 83 82 82 82 83 84 85 86 87 87 87 86 85 84 83 82 82 82 83 84 85 85 86 87 86 84 82 80 78 76 74 72 71 70 68 67 66 65 63 62 61 60 59 58 57 56 56 55 54 54 53 52 50 49 47 46 44 43 41 42 42 42 43 43 44
25 27 30 32 35 38 40 43 46 49 52 53 54 54 55 56 56 57 59 63 67 71 75 79 83 84 83 83 83 82 82 82 82 83 84 85 86 87 88 88 87 86 86 85 84 84 84 85 85 86 86 87 88 86 84 82 81 79 77 75 74 72 71 69 68 66 65 64 63 62 61 60 59 58 57 56 56 55 54 54 53 52 50 48 47 45 44 42 43 44 44 45 45 46
24 26 28 30 33 36 39 42 45 47 50 52 53 54 54 55 56 57 59 63 67 70 74 78 82 83 83 82 82 82 82 82 82 83 84 85 86 87 88 88 88 88 87 87 86 86 86 87 87 87 87 88 88 87 85 83 81 80 78 76 75 73 72 70 68 67 65 64 63 62 61 60 59 58 57 57 56 56 55 55 54 53 51 50 48 47 45 44 45 45 46 47 47 48
23 25 26 28 31 34 37 40 43 46 49 51 52 53 54 54 55 56 59 63 66 70 74 77 81 82 82 82 82 82 82 82 82 83 85 86 87 88 89 89 89 89 89 89 88 88 88 88 88 88 88 88 88 87 85 84 82 81 79 78 76 74 72 71 69 67 66 64 63 62 61 60 59 58 58 57 57 56 56 56 55 54 52 51 49 48 46 45 46 47 48 49 50 50
22 23 25 26 29 32 35 38 41 44 47 49 51 52 53 54 55 56 59 62 66 69 73 76 80 81 81 81 81 81 81 81 82 84 85 86 87 88 89 90 90 90 90 90 90 91 90 90 90 90 89 89 89 88 86 85 83 82 80 79 77 75 73 71 70 68 66 65 64 63 62 61 60 59 58 58 58 57 57 56 56 55 53 52 51 49 48 46 47 49 50 51 52 53
22 24 25 27 29 32 35 38 40 43 46 48 49 50 52 53 54 55 58 61 65 69 72 76 79 81 81 81 81 81 82 82 83 84 85 86 87 89 90 90 90 91 91 91 91 91 91 91 91 91 90 90 90 89 87 86 84 83 81 80 78 76 74 72 70 68 66 65 64 63 62 61 60 59 59 59 58 58 58 58 57 56 54 53 52 50 49 48 49 50 51 52 53 54
23 25 27 29 31 33 35 38 40 43 45 47 48 49 50 52 53 54 57 60 64 68 71 75 79 80 81 81 81 82 82 82 83 84 85 86 88 89 90 90 90 91 91 91 91 91 91 91 91 92 92 92 92 90 89 87 86 84 83 81 79 77 75 73 70 68 66 65 64 64 63 62 61 60 60 60 59 59 59 59 58 57 56 54 53 52 51 49 50 51 52 53 54 55
25 27 28 30 32 34 36 38 40 42 44 45 47 48 49 50 51 53 56 59 63 67 71 74 78 80 80 81 81 82 82 83 84 85 86 87 88 89 90 90 90 91 91 91 91 91 91 92 92 92 93 93 94 92 91 89 87 86 84 82 80 78 75 73 71 68 66 65 65 64 63 63 62 61 61 61 61 60 60 60 59 58 57 56 55 53 52 51 52 53 54 54 55 56
26 28 30 32 34 35 37 38 40 41 43 44 45 47 48 49 50 51 54 58 62 66 70 74 78 79 80 81 81 82 82 83 84 85 86 87 88 89 90 90 91 91 91 91 91 91 91 92 93 93 94 95 95 94 92 91 89 87 85 84 81 79 76 74 71 69 66 65 65 64 64 63 63 62 62 62 62 61 61 61 60 59 58 57 56 55 54 53 53 54 55 56 56 57
28 30 32 34 36 37 38 39 40 41 42 43 44 45 46 48 49 50 53 57 61 65 69 73 77 79 80 81 81 82 83 84 84 85 86 87 88 89 90 91 91 91 91 91 90 90 91 92 93 94 95 96 97 96 94 92 90 89 87 85 82 80 77 74 71 69 66 65 65 65 64 64 64 63 63 63 63 62 62 62 62 61 59 58 57 56 55 54 55 55 56 57 58 58
29 31 34 36 37 38 38 39 39 40 40 41 43 44 45 46 48 49 52 56 60 64 68 72 77 79 80 80 81 82 83 84 85 86 87 88 89 90 90 91 91 91 90 90 90 90 91 92 94 95 96 98 99 97 96 94 92 90 88 86 83 80 78 75 72 69 66 66 65 65 65 65 65 65 64 64 64 63 63 63 63 62 61 60 59 58 57 56 56 57 58 58 59 59
30 33 35 38 39 39 39 39 39 39 39 40 41 43 44 45 46 48 51 55 59 63 68 72 76 78 79 80 81 82 83 84 85 86 87 88 89 90 91 91 91 90 90 90 90 90 91 93 94 96 97 99 101 99 97 95 93 91 89 87 84 81 78 75 72 69 66 66 66 66 66 66 66 66 65 65 65 65 64 64 64 63 62 61 60 59 58 57 58 58 59 59 60 60
32 34 36 38 39 39 39 39 39 40 40 40 42 43 44 45 47 48 51 55 59 63 68 72 76 78 80 81 82 83 85 86 87 88 88 89 90 91 91 91 91 91 91 90 90 90 92 94 96 98 100 102 104 103 100 98 95 93 91 88 85 82 79 76 73 70 67 66 66 66 66 66 66 66 66 66 66 65 65 65 65 64 63 62 61 60 59 59 59 60 61 61 62 63
33 34 36 38 39 39 40 40 40 41 41 42 43 44 45 47 48 49 52 56 60 64 68 72 76 79 80 82 83 85 87 88 89 90 90 91 91 92 92 92 92 92 91 91 90 90 92 95 98 101 103 106 109 107 104 101 98 95 92 88 85 82 79 77 74 71 68 67 67 67 67 67 67 67 66 66 66 66 66 65 65 64 64 63 62 62 61 60 61 62 63 64 65 66
33 35 37 38 39 40 40 41 41 42 42 43 44 45 47 48 49 50 53 57 61 65 69 72 76 79 81 83 85 87 88 90 91 92 92 92 93 93 93 93 93 92 92 91 91 90 93 96 100 103 107 110 114 111 107 104 100 96 93 89 86 83 80 77 74 71 69 68 68 68 68 67 67 67 67 67 67 66 66 66 66 65 65 64 63 63 62 62 63 64 65 66 67 68
34 36 37 38 39 40 40 41 42 43 43 44 46 47 48 49 50 52 54 58 62 65 69 73 77 79 81 84 86 88 90 92 93 93 94 94 94 94 95 94 93 93 92 92 91 90 93 98 102 106 110 114 119 116 111 107 102 98 94 89 86 83 81 78 75 72 69 69 69 69 68 68 68 67 67 67 67 67 67 67 66 66 65 65 64 64 63 63 64 66 67 69 70 71
35 36 37 38 39 40 41 42 43 44 45 46 47 48 49 50 52 53 56 59 63 66 70 73 77 80 82 85 87 90 92 95 95 95 95 96 96 96 96 95 94 94 93 92 91 90 94 99 104 109 114 118 123 120 115 110 105 100 95 90 87 84 81 79 76 73 70 70 70 69 69 69 68 68 68 68 67 67 67 67 67 67 66 66 66 65 65 65 66 68 69 71 73 74
36 37 37 38 39 40 41 42 43 45 46 47 48 49 51 52 53 54 57 60 63 67 70 74 77 80 83 86 88 91 94 97 98 97 97 97 97 97 97 96 95 94 93 92 91 91 95 100 106 111 117 123 128 124 119 113 107 101 96 90 87 84 82 79 77 74 71 71 70 70 70 69 69 68 68 68 68 68 68 68 68 67 67 67 67 66 66 66 68 70 72 74 75 77
37 37 38 38 39 40 41 43 44 46 47 48 49 51 52 53 54 55 58 61 64 67 71 74 77 80 83 86 90 93 96 99 100 99 99 99 98 98 98 97 96 95 94 93 92 91 95 102 108 114 120 127 133 129 122 116 110 103 97 90 87 85 82 80 77 75 72 72 71 71 70 70 69 69 69 69 68 68 68 68 68 68 68 68 68 68 68 68 70 72 74 76 78 80
39 39 39 39 39 40 41 43 44 45 46 47 49 50 52 53 55 56 59 62 65 67 70 73 76 80 83 86 89 92 96 99 100 99 99 98 98 98 97 96 95 94 93 92 91 90 95 101 107 113 119 125 131 127 121 115 109 102 96 90 88 85 83 81 78 76 74 73 73 72 71 71 70 70 70 70 70 70 70 70 70 70 70 70 70 70 70 70 72 74 75 77 79 81
41 41 40 40 40 41 41 42 43 43 44 45 47 49 51 53 55 57 59 62 64 67 70 73 75 78 82 85 88 91 95 98 98 98 97 97 96 96 95 95 94 93 92 91 90 89 93 99 104 110 115 120 126 122 117 111 106 101 95 90 87 85 83 81 79 77 75 75 74 74 73 72 72 71 71 72 72 72 72 72 72 73 73 73 73 73 73 73 74 76 77 78 79 80
44 43 42 41 41 41 41 41 42 42 42 43 46 48 50 53 55 57 60 62 64 67 69 72 74 77 80 84 87 90 93 97 97 97 96 96 95 94 94 93 92 91 91 90 89 88 92 97 101 106 111 116 121 117 113 108 103 99 94 89 87 85 84 82 80 79 77 76 76 75 75 74 73 73 73 73 74 74 74 75 75 75 75 75 76 76 76 76 77 78 78 79 79 80
46 45 43 42 41 41 41 41 40 40 40 41 44 47 50 52 55 58 60 62 64 67 69 71 73 76 79 82 86 89 92 96 96 95 95 94 94 93 92 91 91 90 89 89 88 87 90 94 99 103 107 111 115 113 109 105 101 97 93 89 87 86 84 83 81 80 79 78 77 77 76 76 75 74 75 75 76 76 76 77 77 78 78 78 79 79 79 79 79 80 80 80 80 80
48 46 45 43 42 41 41 40 39 39 38 39 43 46 49 52 55 58 61 63 64 66 68 70 72 75 78 81 85 88 91 95 95 94 94 93 92 91 91 90 89 89 88 87 87 86 89 92 96 100 103 107 110 108 105 101 98 95 91 88 87 86 85 84 83 81 80 80 79 78 78 77 77 76 77 77 78 78 79 79 80 80 81 81 81 82 82 83 82 81 81 80 80 79
50 48 46 44 43 42 40 39 38 37 36 37 41 45 48 52 55 59 61 63 64 66 68 69 71 73 77 80 83 87 90 93 94 93 92 91 91 90 89 88 88 87 87 86 86 85 87 90 93 96 99 102 105 103 101 98 95 93 90 88 87 86 85 84 84 83 82 81 81 80 79 79 78 78 78 79 80 80 81 82 82 83 83 84 84 85 85 86 85 83 82 81 80 79
53 50 48 46 44 42 40 39 37 35 34 35 39 43 47 51 55 59 62 63 64 66 67 68 70 72 76 79 82 86 89 92 93 92 91 90 89 88 87 87 86 86 85 85 85 84 86 88 91 93 95 97 100 99 97 95 93 91 89 87 86 86 86 85 85 84 84 83 82 82 81 80 80 79 80 81 81 82 83 84 85 85 86 86 87 88 88 89 87 85 84 82 80 79
54 51 49 46 44 42 41 39 37 36 34 36 40 44 47 51 55 59 61 63 64 65 66 68 69 72 75 78 82 85 88 92 92 91 90 89 88 87 86 86 86 85 85 85 85 85 86 88 90 92 94 96 98 97 96 94 92 91 89 88 87 87 87 87 86 86 86 85 84 83 82 81 81 80 81 81 82 83 84 85 86 86 87 88 88 89 90 90 88 86 85 83 81 79
56 52 49 46 44 42 41 40 38 37 36 37 41 44 48 51 55 58 60 62 63 65 66 67 69 71 75 78 81 85 88 91 92 91 89 88 87 86 85 85 85 85 85 86 86 86 87 89 91 93 94 96 98 97 96 94 93 92 90 89 89 89 89 88 88 88 88 87 86 85 83 82 81 80 81 82 83 83 84 85 86 87 87 88 89 89 90 91 89 87 85 84 82 80
57 53 50 46 44 43 42 40 39 38 37 38 41 45 48 51 54 57 60 61 63 64 66 67 69 71 74 78 81 84 88 91 91 90 89 88 86 85 84 84 85 85 86 86 86 87 88 90 91 93 94 96 98 97 96 95 94 93 91 90 90 90 90 90 90 90 90 89 87 86 85 83 82 80 81 82 83 84 85 86 87 87 88 89 89 90 91 91 90 88 86 84 83 81
58 54 50 46 44 43 42 41 40 39 38 40 42 45 48 51 54 57 59 60 62 63 65 67 68 71 74 77 81 84 87 91 91 89 88 87 86 84 83 83 84 85 86 86 87 88 89 91 92 93 95 96 97 97 96 95 94 93 93 92 92 92 92 92 92 92 92 91 89 87 86 84 82 81 82 82 83 84 85 86 87 88 88 89 90 91 91 92 90 89 87 85 83 82
59 55 51 46 44 43 42 42 41 40 40 41 43 46 48 51 53 56 58 59 61 63 65 66 68 71 74 77 80 84 87 90 90 89 88 86 85 84 82 83 84 85 86 87 88 89 90 91 93 94 95 96 97 97 96 95 95 94 94 93 93 93 94 94 94 94 95 93 91 89 87 85 83 81 82 83 84 85 86 86 87 88 89 90 90 91 92 93 91 89 88 86 84 83
61 56 51 46 44 43 43 42 42 42 41 42 44 46 48 51 53 55 57 59 60 62 64 66 68 70 74 77 80 83 87 90 90 88 87 85 84 83 81 82 83 85 86 87 89 90 91 92 93 94 95 96 97 97 96 96 95 95 95 94 95 95 95 96 96 96 97 95 93 90 88 86 84 81 82 83 84 85 86 87 88 89 89 90 91 92 93 93 92 90 88 87 85 83
62 57 52 47 44 44 43 43 43 43 42 43 45 47 49 51 52 54 56 58 60 62 64 66 67 70 73 77 80 83 86 89 89 88 86 85 83 82 80 81 83 85 86 88 90 91 92 93 94 94 95 96 97 97 96 96 96 96 96 95 96 96 97 98 98 99 99 97 94 92 89 87 84 82 83 83 84 85 86 87 88 89 90 91 92 92 93 94 92 91 89 87 86 84
58 54 49 44 42 42 41 41 41 41 41 42 43 45 47 48 50 51 53 55 57 59 60 62 64 67 71 74 78 81 85 88 89 88 87 86 85 84 83 84 85 87 89 91 92 94 95 96 97 98 99 100 101 101 101 100 100 99 99 98 99 99 100 100 101 101 101 99 96 94 91 88 86 83 84 84 85 86 87 88 88 89 90 90 91 92 92 93 91 90 88 87 85 84
53 49 45 41 39 39 39 39 39 39 39 40 41 42 44 45 46 48 49 51 53 55 57 58 60 63 67 71 75 79 83 87 88 88 88 87 87 87 87 88 89 91 92 94 95 97 98 100 101 103 104 106 107 107 106 105 104 103 103 102 102 102 103 103 103 104 104 101 98 96 93 90 87 84 85 86 86 87 87 88 89 89 89 90 90 91 91 91 90 88 87 85 84 82
48 44 41 37 36 36 36 36 36 36 37 37 38 40 41 42 43 44 46 48 49 51 53 54 56 59 64 68 73 77 81 86 87 88 88 89 89 90 90 91 93 94 96 97 99 100 102 104 106 108 110 112 114 113 112 110 109 108 106 105 105 105 105 106 106 106 106 104 101 98 95 92 89 86 86 87 87 88 88 88 89 89 89 89 89 90 90 90 88 87 86 84 83 81
