pluvio/pluvio-189.asc
ncols         252
nrows         154
xllcorner     -18.017974
yllcorner     13.481982
cellsize      0.035948
NODATA_value  -9999
[rows 51 to 101 of 154, columns 0 to 95 of 252]
65535 65535 65535 65535 65535 65535 65535 65535 65535 65535 65535 65535 65535 65535 65535 65535 65535 65535 65535 65535 65535 65535 65535 65535 65535 65535 65535 65535 65535 65535 65535 65535 65535 65535 65535 82 82 82 82 81 81 81 81 81 81 81 81 80 80 80 81 82 82 83 84 84 85 86 86 87 88 88 89 89 87 85 84 82 80 79 77 75 74 72 70 69 67 65 62 60 57 55 52 50 47 45 42 40 37 35 32 32 32 32 33 33
65535 65535 65535 65535 65535 65535 65535 65535 65535 65535 65535 65535 65535 65535 65535 65535 65535 65535 65535 65535 65535 65535 65535 65535 65535 65535 65535 65535 65535 65535 65535 65535 65535 65535 65535 82 82 82 81 81 81 81 81 81 80 80 80 80 80 80 80 81 82 83 83 84 85 86 86 87 88 89 89 89 88 86 84 83 81 80 78 76 75 73 72 70 68 66 64 61 59 56 54 52 49 47 44 42 39 37 34 33 34 34 34 35
65535 65535 65535 65535 65535 65535 65535 65535 65535 65535 65535 65535 65535 65535 65535 65535 65535 65535 65535 65535 65535 65535 65535 65535 65535 65535 65535 65535 65535 65535 65535 65535 65535 65535 65535 82 82 81 81 81 81 81 80 80 80 80 79 79 79 79 80 81 81 82 83 84 85 86 86 87 88 89 90 89 88 86 85 83 82 80 79 77 76 74 73 71 70 68 65 63 61 58 56 53 51 48 46 44 41 39 36 35 36 36 36 36
65535 65535 65535 65535 65535 65535 65535 65535 65535 65535 65535 65535 65535 65535 65535 65535 65535 65535 65535 65535 65535 65535 65535 65535 65535 65535 65535 65535 65535 65535 65535 65535 65535 65535 65535 82 82 81 81 81 80 80 80 80 79 79 79 78 78 78 79 80 81 82 83 84 85 85 86 87 88 89 90 90 88 87 86 84 83 81 80 78 77 76 74 73 71 69 67 65 62 60 57 55 53 50 48 45 43 41 38 37 37 38 38 38
65535 65535 65535 65535 65535 65535 65535 65535 65535 65535 65535 65535 65535 65535 65535 65535 65535 65535 65535 65535 65535 65535 65535 65535 65535 65535 65535 65535 65535 65535 65535 65535 65535 65535 65535 82 82 81 81 81 80 80 80 79 79 78 78 78 77 78 79 79 80 81 82 83 84 85 86 87 88 89 90 90 89 87 86 85 83 82 81 79 78 77 75 74 73 71 68 66 64 61 59 57 54 52 50 47 45 43 40 39 39 39 39 39
65535 65535 65535 65535 65535 65535 65535 65535 65535 65535 65535 65535 65535 65535 65535 65535 65535 65535 65535 65535 65535 65535 65535 65535 65535 65535 65535 65535 65535 65535 65535 65535 65535 65535 65535 82 81 81 81 80 80 80 79 79 78 78 78 77 77 77 78 79 80 81 82 83 84 85 86 87 88 89 90 90 89 88 87 85 84 83 82 80 79 78 77 75 74 72 70 68 65 63 61 58 56 54 52 49 47 45 42 41 41 41 41 41
65535 65535 65535 65535 65535 65535 65535 65535 65535 65535 65535 65535 65535 65535 65535 65535 65535 65535 65535 65535 65535 65535 65535 65535 65535 65535 65535 65535 65535 65535 65535 65535 65535 65535 65535 82 81 81 81 80 80 79 79 78 78 77 77 76 76 76 77 78 79 81 82 83 84 85 86 87 88 90 91 91 90 88 87 86 85 84 83 81 80 79 78 77 75 74 72 69 67 65 62 60 58 56 53 51 49 47 44 43 43 43 42 42
65535 65535 65535 65535 65535 65535 65535 65535 65535 65535 65535 65535 65535 65535 65535 65535 65535 65535 65535 65535 65535 65535 65535 65535 65535 65535 65535 65535 65535 65535 65535 65535 65535 65535 65535 82 81 81 80 80 79 79 78 78 77 77 76 76 75 75 77 78 79 80 81 83 84 85 86 87 89 90 91 91 90 89 88 87 86 85 83 82 81 80 79 78 77 75 73 71 69 66 64 62 60 57 55 53 51 49 46 45 45 45 44 44
65535 65535 65535 65535 65535 65535 65535 65535 65535 65535 65535 65535 65535 65535 65535 65535 65535 65535 65535 65535 65535 65535 65535 65535 65535 65535 65535 65535 65535 65535 65535 65535 65535 65535 65535 82 81 81 80 80 79 79 78 77 77 76 76 75 75 75 76 77 78 80 81 82 84 85 86 87 89 90 91 91 90 89 88 87 86 85 84 83 82 81 80 79 78 77 75 72 70 68 66 64 61 59 57 55 53 51 48 47 47 46 46 45
65535 65535 65535 65535 65535 65535 65535 65535 65535 65535 65535 65535 65535 65535 65535 65535 65535 65535 65535 65535 65535 65535 65535 65535 65535 65535 65535 65535 65535 65535 65535 65535 65535 65535 65535 82 81 81 80 79 79 78 78 77 76 76 75 75 74 74 75 77 78 79 81 82 83 85 86 87 89 90 91 92 91 90 89 88 87 86 85 84 83 83 82 81 80 78 76 74 72 70 68 65 63 61 59 57 55 53 50 49 49 48 47 47
65535 65535 65535 65535 65535 65535 65535 65535 65535 65535 65535 65535 65535 65535 65535 65535 65535 65535 65535 65535 65535 65535 65535 65535 65535 65535 65535 65535 65535 65535 65535 65535 65535 65535 65535 82 81 80 80 79 79 78 77 77 76 75 75 74 73 73 75 76 77 79 80 82 83 85 86 87 89 90 92 92 91 90 90 89 88 87 86 85 85 84 83 82 81 80 78 76 73 71 69 67 65 63 61 59 57 55 52 51 50 50 49 48
65535 65535 65535 65535 65535 65535 65535 65535 65535 65535 65535 65535 65535 65535 65535 65535 65535 65535 65535 65535 65535 65535 65535 65535 65535 65535 65535 65535 65535 65535 65535 65535 65535 65535 65535 82 81 80 80 79 78 78 77 76 75 75 74 73 72 72 74 75 77 78 80 81 83 84 86 87 89 90 92 92 92 91 90 89 89 88 87 86 86 85 84 83 83 81 79 77 75 73 71 69 67 65 63 61 59 57 54 53 52 52 51 50
65535 65535 65535 65535 65535 65535 65535 65535 65535 65535 65535 65535 65535 65535 65535 65535 65535 65535 65535 65535 65535 57 57 57 57 57 57 57 57 57 57 57 57 57 57 71 71 71 71 71 71 71 71 71 71 71 71 71 71 72 73 75 76 78 79 81 82 84 85 87 88 90 92 92 91 91 90 89 89 88 87 87 86 85 85 84 83 82 80 78 76 74 72 70 68 66 64 62 60 58 56 54 54 53 52 51
65535 65535 65535 65535 65535 65535 65535 65535 65535 65535 65535 65535 65535 65535 65535 65535 65535 65535 65535 65535 65535 57 57 57 57 57 57 57 57 57 57 57 57 57 57 70 70 70 70 70 70 70 70 70 71 71 71 71 71 71 73 74 76 77 78 80 81 83 84 86 87 89 90 91 90 90 89 88 88 87 87 86 85 85 84 84 83 82 80 78 76 74 72 70 68 66 64 62 60 58 56 55 54 53 52 51
65535 65535 65535 65535 65535 65535 65535 65535 65535 65535 65535 65535 65535 65535 65535 65535 65535 65535 65535 65535 65535 57 57 57 57 57 57 57 57 57 57 57 57 57 57 69 69 69 69 69 69 70 70 70 70 70 70 70 70 71 72 73 75 76 78 79 80 82 83 85 86 87 89 89 89 88 88 87 87 86 86 85 85 84 84 83 83 82 80 78 76 74 72 70 68 66 64 62 60 58 56 55 54 53 52 51
65535 65535 65535 65535 65535 65535 65535 65535 65535 65535 65535 65535 65535 65535 65535 65535 65535 65535 65535 65535 65535 57 57 57 57 57 57 57 57 57 57 57 57 57 57 68 68 68 68 69 69 69 69 69 69 69 69 69 69 70 71 73 74 75 77 78 79 81 82 83 85 86 87 88 88 87 87 86 86 86 85 85 84 84 84 83 83 81 80 78 76 74 72 70 68 66 64 62 60 58 56 55 54 53 52 51
65535 65535 65535 65535 65535 65535 65535 65535 65535 65535 65535 65535 65535 65535 65535 65535 65535 65535 65535 65535 65535 57 57 57 57 57 57 57 57 57 57 57 57 57 57 67 67 67 68 68 68 68 68 68 68 68 69 69 69 69 71 72 73 75 76 77 78 80 81 82 84 85 86 87 86 86 86 85 85 85 84 84 84 83 83 83 82 81 79 77 76 74 72 70 68 66 64 62 60 58 56 55 54 53 52 51
65535 65535 65535 65535 65535 65535 65535 65535 65535 65535 65535 65535 65535 65535 65535 65535 65535 65535 65535 65535 65535 57 57 57 57 57 57 57 57 57 57 57 57 57 57 66 66 66 67 67 67 67 67 67 68 68 68 68 68 69 70 71 72 74 75 76 77 79 80 81 82 84 85 85 85 85 85 84 84 84 84 83 83 83 83 82 82 81 79 77 75 74 72 70 68 66 64 62 60 58 57 55 54 53 53 52
65535 65535 65535 65535 65535 65535 65535 65535 65535 65535 65535 65535 65535 65535 65535 65535 65535 65535 65535 65535 65535 57 57 57 57 57 57 57 57 57 57 57 57 57 57 65 65 65 66 66 66 66 66 67 67 67 67 67 68 68 69 70 72 73 74 75 76 78 79 80 81 82 83 84 84 84 84 83 83 83 83 83 83 82 82 82 82 81 79 77 75 74 72 70 68 66 64 62 60 59 57 55 55 54 53 52
65535 65535 65535 65535 65535 65535 65535 65535 65535 65535 65535 65535 65535 65535 65535 65535 65535 65535 65535 65535 65535 57 57 57 57 57 57 57 57 57 57 57 57 57 57 64 64 65 65 65 65 65 66 66 66 66 67 67 67 68 69 70 71 72 73 74 75 76 78 79 80 81 82 83 83 83 83 82 82 82 82 82 82 82 82 82 82 81 79 77 75 73 72 70 68 66 64 62 61 59 57 56 55 54 53 52
65535 65535 65535 65535 65535 65535 65535 65535 65535 65535 65535 65535 65535 65535 65535 65535 65535 65535 65535 65535 65535 57 57 57 57 57 57 57 57 57 57 57 57 57 57 63 63 64 64 64 64 65 65 65 65 66 66 66 66 67 68 69 70 71 72 73 74 75 77 78 79 80 81 81 81 81 81 81 81 81 81 81 81 81 81 81 81 81 79 77 75 73 72 70 68 66 64 63 61 59 57 56 55 54 53 52
65535 65535 65535 65535 65535 65535 65535 65535 65535 65535 65535 65535 65535 65535 65535 65535 65535 65535 65535 65535 65535 57 57 57 57 57 57 57 57 57 57 57 57 57 57 62 62 63 63 63 64 64 64 64 65 65 65 65 66 66 67 68 69 70 71 72 73 74 75 76 77 78 79 80 80 80 80 80 81 81 81 81 81 81 81 81 81 80 79 77 75 73 72 70 68 66 64 63 61 59 57 56 55 54 53 52
65535 65535 65535 65535 65535 65535 65535 65535 65535 65535 65535 65535 65535 65535 65535 65535 65535 65535 65535 65535 65535 57 57 57 57 57 57 57 57 57 57 57 57 57 57 61 61 62 62 62 63 63 63 64 64 64 65 65 65 66 67 68 69 69 70 71 72 73 74 75 76 77 78 79 79 79 79 79 80 80 80 80 80 80 81 81 81 80 78 77 75 73 71 70 68 66 64 63 61 59 57 56 55 54 53 52
65535 65535 65535 65535 65535 65535 65535 65535 65535 65535 65535 65535 65535 65535 65535 65535 65535 65535 65535 65535 65535 57 57 57 57 57 57 57 57 57 57 57 57 57 57 60 60 61 61 61 62 62 62 63 63 64 64 64 65 65 66 67 68 69 70 70 71 72 73 74 75 76 77 77 78 78 78 78 79 79 79 79 80 80 80 81 81 80 78 77 75 73 71 70 68 66 65 63 61 59 58 56 55 54 53 52
65535 65535 65535 65535 65535 65535 65535 65535 65535 65535 65535 65535 65535 65535 65535 65535 65535 65535 65535 65535 65535 57 57 57 57 57 57 57 57 57 57 57 57 57 57 59 59 60 60 61 61 61 62 62 62 63 63 64 64 64 65 66 67 68 69 70 70 71 72 73 74 75 75 76 76 77 77 77 78 78 78 79 79 80 80 80 81 80 78 76 75 73 71 70 68 66 65 63 61 60 58 57 56 55 54 53
65535 65535 65535 65535 65535 65535 65535 65535 65535 65535 65535 65535 65535 65535 65535 65535 65535 65535 65535 65535 65535 57 57 57 57 57 57 57 57 57 57 57 57 57 57 58 58 59 59 60 60 60 61 61 62 62 63 63 63 64 65 65 66 67 68 69 69 70 71 72 72 73 74 75 75 76 76 76 77 77 78 78 79 79 79 80 80 80 78 76 75 73 71 70 68 66 65 63 61 60 58 57 56 55 54 53
65535 65535 65535 65535 65535 65535 65535 65535 65535 65535 65535 65535 65535 65535 65535 65535 65535 65535 65535 65535 65535 73 72 71 70 69 68 67 65 64 63 62 61 60 59 58 59 59 59 60 60 61 61 61 62 62 62 63 63 64 65 65 66 67 68 68 69 70 71 71 72 73 74 74 75 76 76 77 77 78 78 79 79 80 80 81 81 81 79 78 76 74 73 71 69 68 66 65 63 61 60 59 58 57 55 54
65535 65535 65535 65535 65535 65535 65535 65535 65535 65535 65535 65535 65535 65535 65535 65535 65535 65535 65535 65535 65535 73 72 71 70 69 68 67 66 65 64 63 62 61 60 59 60 60 60 61 61 61 62 62 62 63 63 63 64 64 65 66 67 67 68 69 70 71 71 72 73 74 75 75 76 77 77 78 79 79 80 80 81 82 82 83 84 83 82 80 79 77 75 74 72 71 69 68 66 65 63 62 61 60 59 58
65535 65535 65535 65535 65535 65535 65535 65535 65535 65535 65535 65535 65535 65535 65535 65535 65535 65535 65535 65535 65535 73 72 71 70 69 68 68 67 66 65 64 63 62 61 60 61 61 61 62 62 62 63 63 63 63 64 64 64 65 66 66 67 68 69 70 71 71 72 73 74 75 75 76 77 78 78 79 80 81 81 82 83 84 84 85 86 86 84 83 81 80 78 77 75 74 72 71 69 68 67 65 64 63 62 61
65535 65535 65535 65535 65535 65535 65535 65535 65535 65535 65535 65535 65535 65535 65535 65535 65535 65535 65535 65535 65535 73 72 71 71 70 69 68 67 66 65 65 64 63 62 61 62 62 62 63 63 63 63 64 64 64 64 65 65 65 66 67 68 69 70 70 71 72 73 74 74 75 76 77 78 79 80 80 81 82 83 84 85 86 87 87 88 88 87 85 84 82 81 80 78 77 75 74 73 71 70 69 68 67 66 65
65535 65535 65535 65535 65535 65535 65535 65535 65535 65535 65535 65535 65535 65535 65535 65535 65535 65535 65535 65535 65535 73 72 72 71 70 69 69 68 67 66 65 65 64 63 63 63 63 63 64 64 64 64 64 65 65 65 65 65 66 67 68 68 69 70 71 72 73 74 74 75 76 77 78 79 80 81 82 83 84 85 86 87 88 89 90 91 90 89 88 86 85 84 83 81 80 79 77 76 75 73 72 71 70 69 68
65535 65535 65535 65535 65535 65535 65535 65535 65535 65535 65535 65535 65535 65535 65535 65535 65535 65535 65535 65535 65535 73 72 72 71 70 70 69 68 68 67 66 66 65 64 64 64 64 64 64 65 65 65 65 65 65 66 66 66 66 67 68 69 70 71 72 73 73 74 75 76 77 78 79 80 81 82 83 84 85 86 87 89 90 91 92 93 93 92 90 89 88 87 85 84 83 82 80 79 78 77 76 75 74 73 72
65535 65535 65535 65535 65535 65535 65535 65535 65535 65535 65535 65535 65535 65535 65535 65535 65535 65535 65535 65535 65535 73 73 72 71 71 70 70 69 68 68 67 67 66 65 65 65 65 65 65 66 66 66 66 66 66 66 66 67 67 68 69 70 71 71 72 73 74 75 76 77 78 79 80 81 82 83 84 86 87 88 89 90 92 93 94 95 95 94 93 92 91 89 88 87 86 85 84 82 81 80 79 78 77 76 75
65535 65535 65535 65535 65535 65535 65535 65535 65535 65535 65535 65535 65535 65535 65535 65535 65535 65535 65535 65535 65535 73 73 72 72 71 71 70 70 69 68 68 67 67 66 66 66 66 66 66 66 67 67 67 67 67 67 67 67 67 68 69 70 71 72 73 74 75 76 77 77 78 79 80 82 83 84 86 87 88 90 91 92 94 95 96 97 98 96 95 94 93 92 91 90 89 88 87 86 85 83 82 82 81 80 79
65535 65535 65535 65535 65535 65535 65535 65535 65535 65535 65535 65535 65535 65535 65535 65535 65535 65535 65535 65535 65535 73 73 72 72 71 71 71 70 70 69 69 68 68 67 67 67 67 67 67 67 67 67 67 68 68 68 68 68 68 69 70 71 72 73 74 75 75 76 77 78 79 80 81 83 84 85 87 88 90 91 93 94 95 97 98 100 100 99 98 97 96 95 94 93 92 91 90 89 88 87 86 85 84 83 82
65535 65535 65535 65535 65535 65535 65535 65535 65535 65535 65535 65535 65535 65535 65535 65535 65535 65535 65535 65535 65535 73 73 72 72 72 71 71 71 70 70 70 69 69 69 68 68 68 68 68 68 68 68 68 68 68 68 68 68 69 69 70 71 72 73 74 75 76 77 78 79 80 81 82 84 85 87 88 90 91 93 94 96 97 99 101 102 102 101 100 100 99 98 97 96 95 94 93 92 91 90 89 88 88 87 86
65535 65535 65535 65535 65535 65535 65535 65535 65535 65535 65535 65535 65535 65535 65535 65535 65535 65535 65535 65535 65535 73 73 73 72 72 72 72 71 71 71 70 70 70 70 69 69 69 69 69 69 69 69 69 69 69 69 69 69 69 70 71 72 73 74 75 76 77 78 79 80 81 82 83 85 86 88 90 91 93 94 96 98 99 101 103 104 105 104 103 102 101 100 100 99 98 97 96 95 94 94 93 92 91 90 89
65535 65535 65535 65535 65535 65535 65535 65535 65535 65535 65535 65535 65535 65535 65535 65535 65535 65535 65535 65535 65535 73 73 73 73 72 72 72 72 72 71 71 71 71 71 70 70 70 70 70 70 70 70 70 70 70 70 69 69 70 71 72 73 74 75 76 77 77 78 79 80 81 82 84 86 87 89 91 93 94 96 98 100 101 103 105 107 107 106 106 105 104 103 102 102 101 100 99 99 98 97 96 95 95 94 93
65535 65535 65535 65535 65535 65535 65535 65535 65535 65535 65535 65535 65535 65535 65535 65535 65535 65535 65535 65535 65535 73 73 73 73 73 73 73 72 72 72 72 72 72 72 72 71 71 71 71 71 71 71 71 70 70 70 70 70 70 71 72 73 74 75 76 77 78 79 80 81 82 83 85 86 88 90 92 94 96 98 100 101 103 105 107 109 110 109 108 107 107 106 105 105 104 103 102 102 101 100 100 99 98 97 96
65535 65535 65535 65535 65535 65535 65535 65535 65535 65535 65535 65535 65535 65535 65535 65535 65535 65535 65535 65535 65535 73 73 73 73 73 73 73 73 73 73 73 73 73 73 73 73 72 72 72 72 72 71 71 71 71 71 71 70 71 72 73 74 75 76 77 78 79 80 81 82 83 84 85 87 89 91 93 95 97 99 101 103 105 107 109 111 112 111 111 110 109 109 108 108 107 106 106 105 104 104 103 102 101 101 100
65535 65535 65535 65535 65535 65535 65535 125 125 125 125 125 125 125 125 125 125 125 125 125 125 125 121 118 114 110 107 103 99 95 92 88 84 81 77 74 74 74 73 73 73 73 73 72 72 72 72 71 71 71 72 73 74 76 77 78 79 80 81 82 83 84 85 87 89 91 93 95 97 99 101 103 105 107 109 111 113 114 113 112 112 111 111 110 109 109 108 108 107 107 106 105 105 104 103 103
65535 65535 65535 65535 65535 65535 65535 125 125 125 125 125 125 125 125 125 125 125 125 125 125 125 121 118 114 111 107 104 100 96 93 89 86 82 79 76 76 75 75 75 74 74 74 73 73 73 72 72 72 72 73 74 75 76 78 79 80 81 82 83 84 85 87 88 90 92 94 96 98 100 102 104 106 108 110 112 114 115 114 114 113 112 112 111 111 110 110 109 109 108 108 107 106 106 105 105
65535 65535 65535 65535 65535 65535 65535 125 125 125 125 125 125 125 125 125 125 125 125 125 125 125 122 118 115 111 108 104 101 97 94 91 87 84 80 77 77 77 76 76 76 75 75 74 74 74 73 73 73 73 74 75 76 77 79 80 81 82 83 85 86 87 88 90 92 93 95 97 99 101 103 105 107 109 111 113 115 116 115 115 114 114 113 113 112 112 111 111 110 110 109 109 108 108 107 107
65535 65535 65535 65535 65535 65535 65535 125 125 125 125 125 125 125 125 125 125 125 125 125 125 125 122 118 115 112 108 105 102 98 95 92 88 85 82 79 79 78 78 77 77 76 76 76 75 75 74 74 73 73 75 76 77 78 80 81 82 83 85 86 87 88 89 91 93 95 97 99 101 103 104 106 108 110 112 114 116 117 116 116 115 115 114 114 114 113 113 112 112 111 111 110 110 110 110 109
65535 65535 65535 65535 65535 65535 65535 125 125 125 125 125 125 125 125 125 125 125 125 125 125 125 122 119 115 112 109 106 103 99 96 93 90 87 83 81 80 80 79 79 78 78 77 77 76 76 75 75 74 74 75 77 78 79 81 82 83 84 86 87 88 90 91 92 94 96 98 100 102 104 106 108 110 111 113 115 117 118 117 117 117 116 116 115 115 114 114 114 113 113 112 112 112 112 112 112
65535 65535 65535 65535 65535 65535 65535 125 125 125 125 125 125 125 125 125 125 125 125 125 125 125 122 119 116 113 110 107 103 100 97 94 91 88 85 82 82 81 81 80 79 79 78 78 77 77 76 75 75 75 76 78 79 80 82 83 84 86 87 88 90 91 92 94 96 98 100 101 103 105 107 109 111 113 114 116 118 119 119 118 118 117 117 117 116 116 115 115 115 114 114 114 114 114 114 114
65535 65535 65535 65535 65535 65535 65535 125 125 125 125 125 125 125 125 125 125 125 125 125 125 125 122 119 116 113 110 107 104 101 98 95 92 89 87 84 83 83 82 81 81 80 79 79 78 78 77 76 76 76 77 78 80 81 83 84 85 87 88 90 91 92 94 95 97 99 101 103 105 106 108 110 112 114 116 117 119 120 120 119 119 119 118 118 118 117 117 116 116 116 115 115 116 116 116 116
65535 65535 65535 65535 65535 65535 65535 125 125 125 125 125 125 125 125 125 125 125 125 125 125 125 122 119 117 114 111 108 105 102 99 97 94 91 88 86 85 84 84 83 82 81 81 80 79 78 78 77 76 76 78 79 81 82 84 85 86 88 89 91 92 94 95 97 99 100 102 104 106 108 109 111 113 115 117 119 120 121 121 120 120 120 119 119 119 119 118 118 118 117 117 117 117 118 118 118
65535 65535 65535 65535 65535 65535 65535 125 125 125 125 125 125 125 125 125 125 125 125 125 125 125 122 120 117 114 111 109 106 103 101 98 95 92 90 87 87 86 85 84 83 83 82 81 80 79 79 78 77 77 79 80 82 83 85 86 88 89 91 92 94 95 97 98 100 102 104 105 107 109 111 112 114 116 118 120 121 122 122 122 121 121 121 120 120 120 120 119 119 119 119 119 119 120 120 121
65535 65535 65535 65535 65535 65535 65535 125 125 125 125 125 125 125 125 125 125 125 125 125 125 125 122 120 117 115 112 109 107 104 102 99 96 94 91 89 88 87 86 86 85 84 83 82 81 80 80 79 78 78 79 81 82 84 86 87 89 90 92 93 95 97 98 100 101 103 105 107 108 110 112 114 115 117 119 121 122 123 123 123 122 122 122 122 122 121 121 121 121 120 120 120 121 122 122 123
65535 65535 65535 65535 65535 65535 65535 125 125 125 125 125 125 125 125 125 125 125 125 125 125 125 123 120 118 115 113 110 108 105 103 100 98 95 93 91 90 89 88 87 86 85 84 83 82 81 80 79 79 78 80 82 83 85 87 88 90 91 93 95 96 98 99 101 103 105 106 108 110 111 113 115 117 118 120 122 124 124 124 124 124 123 123 123 123 123 122 122 122 122 122 122 123 124 124 125
