pluvio/pluvio-330.asc
ncols         252
nrows         154
xllcorner     -0.5
yllcorner     -153.5
cellsize      1
NODATA_value  -9999
[rows 0 to 58 of 154, columns 0 to 95 of 252]
3 3 3 3 4 4 4 4 5 5 5 5 5 5 6 6 6 6 6 6 6 6 6 6 6 6 6 6 6 6 6 6 6 6 6 7 7 7 7 7 8 8 9 9 9 10 10 10 10 10 10 10 10 10 10 9 9 9 9 9 9 9 9 10 10 10 10 10 10 10 11 11 11 11 11 10 10 10 9 9 9 9 9 9 9 9 9 9 10 10 11 11 12 12 13 13
3 3 3 3 3 4 4 4 5 5 5 5 6 6 6 6 6 6 6 6 6 6 6 6 6 6 6 6 6 6 6 6 6 6 7 7 7 7 7 7 8 8 9 9 10 10 11 11 11 11 11 11 11 11 11 10 10 10 10 10 10 10 10 10 11 11 11 11 11 11 12 12 12 12 12 11 11 10 10 10 9 9 9 9 9 9 9 9 10 10 11 11 12 12 13 13
3 3 3 3 3 4 4 4 5 5 5 6 6 6 6 6 6 6 6 6 6 6 6 6 6 6 6 6 6 6 6 6 7 7 7 7 7 7 7 7 8 9 9 10 10 11 11 11 12 12 12 12 12 12 12 11 11 11 11 10 11 11 11 11 11 12 12 12 12 12 12 13 13 13 12 12 12 11 11 10 10 10 10 9 9 9 9 9 9 10 11 11 12 12 13 13
3 3 3 3 3 4 4 4 5 5 6 6 6 6 6 6 6 6 6 6 6 6 6 6 6 6 6 6 6 6 6 7 7 7 7 7 7 7 7 7 8 9 10 10 11 12 12 12 12 13 13 13 13 13 13 12 12 12 11 11 11 12 12 12 12 13 13 13 13 13 13 14 14 14 13 13 12 12 11 11 10 10 10 10 9 9 9 9 9 10 11 11 12 12 13 14
3 3 3 3 3 4 4 5 5 6 6 6 6 6 6 6 7 7 7 6 6 6 6 6 6 6 6 6 6 6 7 7 7 7 7 7 7 7 7 8 9 9 10 11 12 12 13 13 13 13 13 14 14 14 13 13 13 12 12 12 12 12 13 13 13 14 14 14 14 14 14 14 14 14 14 13 13 12 12 11 11 10 10 10 10 10 9 9 10 11 12 12 13 14 15 15
3 3 3 3 3 4 4 5 5 6 6 7 7 7 7 7 7 7 7 7 6 6 6 6 6 6 6 6 6 7 7 7 7 7 8 8 8 8 8 9 9 10 11 12 12 13 13 13 14 14 14 14 14 14 14 13 13 13 12 12 12 13 14 14 15 16 16 16 16 16 15 15 15 15 14 13 13 12 12 11 10 10 10 10 10 10 10 10 11 12 13 14 15 16 17 17
3 3 3 3 3 4 4 5 5 6 7 7 7 7 7 7 7 7 7 7 7 7 6 6 6 6 6 6 7 7 7 7 7 8 8 8 8 9 9 10 10 11 12 12 13 14 14 14 14 14 14 15 15 14 14 14 13 13 13 12 13 14 15 16 16 17 18 18 17 17 16 16 15 15 14 14 13 12 12 11 10 10 11 11 11 11 11 12 13 14 15 17 18 19 20 20
3 3 3 3 3 4 4 5 6 6 7 7 7 7 7 8 8 8 8 7 7 7 7 6 6 6 6 7 7 7 7 7 8 8 8 9 9 9 10 10 11 12 12 13 14 14 15 15 15 15 15 15 15 15 14 14 14 13 13 12 13 15 16 17 18 19 20 20 19 18 17 17 16 15 14 14 13 12 11 11 10 10 11 11 12 12 12 13 14 16 17 19 20 22 23 22
3 3 3 3 3 4 5 5 6 7 7 7 8 8 8 8 8 8 8 8 7 7 7 7 6 6 6 7 7 7 7 8 8 8 9 9 10 10 11 11 12 13 13 14 14 15 15 15 15 15 16 16 16 15 15 14 14 14 13 13 14 15 17 18 19 21 22 21 20 19 18 17 16 15 15 14 13 12 11 11 10 10 11 12 12 13 13 14 16 17 19 21 23 24 26 25
3 3 3 3 3 4 5 5 6 7 7 8 8 8 8 8 8 8 8 8 8 7 7 7 6 6 7 7 7 7 8 8 8 9 9 10 10 11 12 12 13 13 14 15 15 16 16 16 16 16 16 16 16 16 15 15 14 14 13 13 14 16 18 19 21 22 24 23 22 21 19 18 17 16 15 14 13 12 11 11 10 11 11 12 13 14 14 15 17 19 21 23 25 27 28 27
3 3 3 3 3 4 5 6 6 7 8 8 8 8 8 9 9 9 9 8 8 8 7 7 7 7 7 7 7 7 8 8 8 9 10 10 11 12 12 13 14 14 15 15 16 17 17 17 17 17 17 16 16 16 16 15 15 14 14 13 15 17 19 20 22 24 26 25 23 22 20 19 17 16 15 14 13 12 11 10 10 11 12 13 13 14 15 16 19 21 23 25 27 30 31 30
3 3 3 3 4 5 5 6 7 8 8 9 9 9 9 9 10 10 10 9 9 8 8 8 7 7 7 8 8 8 8 8 9 9 10 11 11 12 13 13 14 14 15 15 16 16 16 16 17 17 17 17 17 17 16 16 15 15 14 14 15 17 19 21 23 24 26 25 23 22 20 19 17 16 15 14 13 12 11 10 10 11 12 13 14 15 16 17 19 21 23 26 28 30 32 30
4 4 4 4 5 5 6 7 8 8 9 10 10 10 10 11 11 11 11 10 10 10 9 9 8 8 8 8 8 8 9 9 9 10 10 11 11 12 13 13 13 14 14 14 15 15 15 16 16 16 17 17 18 17 17 16 16 15 14 14 15 17 19 20 22 24 25 24 23 21 19 18 16 15 14 13 13 12 11 10 10 11 12 13 14 15 16 17 19 21 23 25 27 29 30 29
4 4 5 5 5 6 7 8 8 9 10 11 11 11 11 12 12 12 12 12 11 11 10 10 9 9 9 9 9 9 9 9 9 10 10 11 12 12 13 13 13 13 13 13 14 14 14 15 16 16 17 18 18 18 17 17 16 15 15 14 15 17 18 20 21 23 25 23 22 20 19 17 16 14 13 13 12 12 11 10 10 11 12 13 14 15 16 17 18 20 22 24 26 28 29 28
5 5 5 6 6 7 8 8 9 10 11 11 12 12 13 13 13 14 14 13 13 12 12 11 10 10 10 10 10 10 9 9 10 10 11 11 12 12 13 13 13 13 13 13 12 12 13 14 15 16 17 18 19 18 18 17 16 16 15 14 16 17 18 20 21 22 24 22 21 19 18 16 15 13 13 12 12 11 11 11 10 11 12 13 14 15 16 17 18 20 21 23 25 26 28 27
6 6 6 6 7 8 8 9 10 11 12 12 13 13 14 14 15 15 15 14 14 13 13 12 12 11 11 11 10 10 10 10 10 10 11 11 12 12 13 13 12 12 12 12 11 11 12 13 15 16 17 18 20 19 18 18 17 16 15 15 16 17 18 19 20 22 23 21 20 18 17 15 14 12 12 12 11 11 11 11 10 11 12 13 14 15 15 16 18 19 21 22 24 25 26 25
6 7 7 7 8 8 9 10 11 12 13 13 14 14 15 15 16 16 16 16 15 14 14 13 13 12 12 12 11 11 10 10 10 11 11 11 12 12 13 12 12 12 11 11 10 10 11 13 14 16 17 19 20 20 19 18 17 17 16 15 16 17 18 19 20 21 22 20 19 18 16 15 13 12 11 11 11 11 11 11 10 11 12 13 14 15 15 16 18 19 20 21 23 24 25 24
7 7 7 8 8 9 10 11 12 13 13 14 15 15 16 17 17 18 18 17 16 16 15 14 14 13 13 12 12 11 11 11 11 11 11 12 12 12 13 12 12 11 10 10 9 9 10 12 14 15 17 19 21 20 20 19 18 17 16 15 16 17 18 18 19 20 21 20 18 17 15 14 12 11 11 11 11 11 11 11 11 11 12 13 14 15 15 16 17 18 19 20 22 23 24 23
8 8 8 8 9 10 11 12 12 13 14 15 15 16 17 17 18 18 18 18 17 17 16 16 15 14 14 13 13 12 11 11 11 11 11 12 12 12 13 12 12 11 10 9 9 8 9 11 13 15 17 18 20 20 19 18 17 17 16 15 15 16 17 18 18 19 20 18 17 16 15 13 12 11 11 11 11 11 11 11 11 11 12 13 13 14 15 16 16 17 18 19 20 21 22 22
8 9 9 9 10 11 11 12 13 14 15 15 16 16 17 18 18 19 19 18 18 18 17 17 17 16 15 14 13 13 12 11 11 11 11 12 12 12 13 12 11 11 10 9 8 8 9 10 12 14 15 17 19 18 18 17 16 16 15 14 15 15 16 16 17 17 18 17 16 15 14 13 12 11 11 11 11 11 11 11 11 11 12 12 13 14 14 15 16 16 17 18 19 20 20 20
9 10 10 10 11 11 12 13 14 14 15 16 16 17 17 18 18 19 19 19 19 19 18 18 18 17 16 15 14 13 12 11 11 11 11 12 12 12 13 12 11 11 10 9 8 7 8 10 11 13 14 16 17 17 16 16 15 15 14 13 14 14 15 15 15 16 16 16 15 14 14 13 12 12 12 11 11 11 11 11 11 11 12 12 13 13 13 14 15 15 16 17 17 18 19 19
10 10 11 11 12 12 13 14 14 15 16 16 17 17 18 18 19 19 20 20 20 20 20 20 20 19 18 16 15 14 12 11 11 11 12 12 12 13 13 12 11 11 10 9 8 7 8 9 11 12 13 14 15 15 15 14 14 14 13 13 13 13 14 14 14 14 15 14 14 14 13 13 12 12 12 12 12 11 11 11 11 11 12 12 12 12 13 13 14 14 15 15 16 17 17 17
11 11 11 12 12 13 14 14 15 16 16 17 17 18 18 19 19 20 20 20 20 21 21 21 21 20 19 17 16 14 13 11 11 11 12 12 12 13 13 12 11 11 10 9 8 7 8 9 10 11 12 13 14 14 14 13 13 13 12 12 12 12 12 13 13 13 13 13 13 13 13 13 13 12 12 12 12 12 12 11 11 11 11 12 12 12 12 12 13 13 14 14 15 15 15 16
12 12 12 13 13 14 14 15 16 16 17 17 18 18 19 19 19 20 20 21 21 22 22 22 23 22 20 18 16 15 13 11 11 11 12 12 12 13 13 12 11 10 10 9 8 7 7 8 9 10 11 12 12 12 12 12 12 12 11 11 11 11 11 11 11 11 11 12 12 12 12 12 13 13 13 12 12 12 12 11 11 11 11 11 11 11 11 11 12 12 12 13 13 13 14 14
12 13 13 13 14 15 15 16 16 17 17 18 18 19 19 19 20 20 21 21 22 22 23 24 24 23 21 19 17 15 13 11 11 11 12 12 12 13 13 12 11 10 9 8 7 6 7 7 8 9 9 10 11 11 11 11 11 11 10 10 10 10 10 10 10 10 10 10 11 11 12 12 13 13 13 13 12 12 12 12 11 11 11 11 11 11 11 11 11 11 11 11 12 12 12 13
14 14 14 15 15 16 16 17 17 17 18 18 19 19 19 20 20 20 21 21 22 22 23 24 24 23 21 19 17 15 13 11 11 11 12 12 12 13 13 12 11 10 9 8 7 6 7 7 8 8 9 9 10 10 10 10 10 10 10 10 10 9 9 9 9 9 9 9 10 11 11 12 12 13 13 12 12 12 11 11 11 11 11 10 10 10 10 10 10 10 10 11 11 11 11 12
15 16 16 16 17 17 17 17 18 18 18 19 19 19 19 20 20 20 21 21 22 22 22 23 23 22 20 19 17 15 13 11 11 11 12 12 12 13 13 12 11 10 9 8 7 6 7 7 7 8 8 9 9 9 9 9 9 9 9 9 9 9 9 9 9 9 8 9 9 10 10 11 11 12 12 11 11 11 11 10 10 10 10 10 10 10 9 9 9 10 10 10 10 10 10 11
17 17 18 18 18 18 18 18 19 19 19 19 19 19 20 20 20 20 21 21 21 22 22 22 22 21 20 18 16 15 13 11 11 11 11 12 12 12 13 12 11 10 9 8 7 6 6 7 7 7 8 8 8 8 8 8 8 8 8 8 8 8 8 8 8 8 8 8 9 9 10 10 10 11 11 10 10 10 10 10 9 9 9 9 9 9 9 9 9 9 9 9 9 9 10 10
18 19 19 20 20 20 20 19 19 19 19 19 19 20 20 20 20 20 21 21 21 21 21 21 21 20 19 17 16 14 13 11 11 11 11 12 12 12 13 12 11 10 9 8 7 7 6 7 7 7 7 7 8 8 8 8 8 8 8 8 8 8 8 8 8 8 8 8 8 8 9 9 9 10 10 9 9 9 9 9 9 9 8 8 8 8 8 8 8 8 8 9 9 9 9 9
20 20 21 21 21 21 21 20 20 20 20 20 20 20 20 20 20 21 21 21 21 21 21 21 20 20 18 17 15 14 12 11 11 11 11 12 12 12 12 12 11 10 9 8 7 7 6 6 7 7 7 7 7 7 7 7 7 7 7 7 7 7 7 7 7 7 7 7 8 8 8 8 8 9 9 8 8 8 8 8 8 8 8 8 8 8 7 7 8 8 8 8 8 8 8 9
21 22 22 23 23 22 22 21 21 21 20 20 20 20 20 20 21 21 21 20 20 20 20 20 20 19 17 16 15 14 12 11 11 11 11 11 12 12 12 12 11 10 9 8 7 7 6 6 6 6 6 6 6 6 6 6 6 6 6 6 6 6 6 6 6 7 7 7 7 7 7 7 8 8 8 7 7 7 7 7 7 7 7 7 7 7 7 7 7 7 7 7 7 7 8 8
23 23 24 24 24 24 23 22 22 21 21 20 20 20 21 21 21 21 21 20 20 20 19 19 19 18 17 16 14 13 12 11 11 11 11 11 12 12 12 11 11 10 9 8 7 7 6 6 6 6 6 5 5 5 5 5 5 5 5 6 6 6 6 6 6 6 6 6 6 6 6 6 7 7 7 7 7 6 6 6 6 6 6 6 6 6 6 6 6 6 6 7 7 7 7 7
24 24 25 25 25 24 24 23 22 22 21 21 21 21 20 20 20 20 20 19 19 19 18 18 18 17 16 15 14 13 12 11 10 11 11 11 11 11 11 11 10 9 9 8 7 7 6 6 6 6 5 5 5 5 5 5 5 5 5 5 5 5 5 6 6 6 6 6 6 6 6 6 6 6 6 6 6 6 6 6 6 6 6 6 6 6 6 6 6 6 6 6 6 7 7 7
24 25 25 26 26 25 24 24 23 22 22 21 21 21 20 20 20 19 19 19 18 18 17 17 17 16 15 14 13 12 11 10 10 10 10 10 10 11 11 10 10 9 8 8 7 7 6 6 6 6 5 5 5 5 5 5 5 5 5 5 5 5 5 5 5 5 5 5 5 6 6 6 6 6 6 6 6 6 6 6 6 6 6 6 6 6 6 6 6 6 6 6 7 7 7 7
24 25 26 26 26 26 25 24 24 23 22 22 21 21 20 20 19 18 18 18 17 17 16 16 15 15 14 13 12 11 11 10 10 10 10 10 10 10 10 10 9 9 8 8 7 7 6 6 6 6 5 5 5 5 5 5 5 5 5 5 5 5 5 5 5 5 5 5 5 5 5 5 6 6 6 6 6 6 6 6 6 6 6 6 6 6 6 6 6 6 6 7 7 7 7 7
24 25 26 27 27 26 26 25 24 24 23 22 22 21 20 19 18 18 17 17 16 16 15 15 14 14 13 12 12 11 10 9 9 9 9 9 9 9 9 9 8 8 8 7 7 7 6 6 6 6 5 5 5 5 5 5 5 5 5 5 5 5 5 5 5 5 5 5 5 5 5 5 5 5 5 5 5 5 5 5 5 6 6 6 6 6 6 6 6 6 7 7 7 7 7 7
25 26 26 27 27 27 26 26 25 24 24 23 22 21 20 19 18 17 16 16 15 15 14 14 13 13 12 11 11 10 9 9 9 9 8 8 8 8 8 8 8 8 7 7 7 7 6 6 6 6 5 5 5 5 5 5 5 5 5 5 5 5 5 5 4 4 4 4 4 5 5 5 5 5 5 5 5 5 5 5 5 5 6 6 6 6 6 6 6 6 7 7 7 7 7 8
25 26 27 28 28 27 27 26 26 25 24 23 22 21 20 18 17 16 15 15 14 14 13 13 12 12 11 11 10 9 9 8 8 8 8 8 8 8 8 7 7 7 7 7 7 6 6 6 6 5 5 5 5 5 5 5 5 5 5 5 5 5 5 4 4 4 4 4 4 4 4 5 5 5 5 5 5 5 5 5 5 5 5 6 6 6 6 6 6 7 7 7 7 7 7 8
25 26 27 28 29 28 27 27 26 26 25 24 22 21 19 18 17 15 14 14 13 13 12 12 11 11 10 10 9 9 8 8 8 8 7 7 7 7 7 7 7 7 7 7 6 6 6 6 6 5 5 5 5 5 5 5 5 5 5 5 5 5 4 4 4 4 4 4 4 4 4 4 4 4 5 5 5 5 5 5 5 5 5 6 6 6 6 6 7 7 7 7 7 7 7 8
24 25 26 26 27 26 26 25 25 24 24 23 21 20 19 18 16 15 14 14 13 13 13 12 12 11 11 10 10 9 9 8 8 8 8 8 7 7 7 7 7 7 7 7 7 6 6 6 6 5 5 5 5 5 5 5 5 5 5 5 5 4 4 4 4 3 3 3 4 4 4 4 4 4 4 5 5 5 5 5 5 5 5 6 6 6 6 6 6 7 7 7 7 7 7 8
22 22 23 24 24 24 23 23 22 22 22 21 20 19 18 17 16 15 15 14 14 14 13 13 13 12 12 11 11 10 10 9 9 9 8 8 8 8 7 7 7 7 7 7 7 7 6 6 6 5 5 5 5 5 5 5 5 5 5 5 4 4 4 4 3 3 3 3 3 4 4 4 4 4 4 5 5 5 5 5 5 5 5 5 6 6 6 6 6 7 7 7 7 7 7 8
19 20 21 21 21 21 21 20 20 20 20 19 19 18 17 17 16 15 15 15 15 14 14 14 14 13 13 12 12 11 10 10 9 9 9 9 8 8 8 8 8 7 7 7 7 7 6 6 6 5 5 5 5 4 4 4 4 4 4 5 4 4 4 3 3 3 3 3 3 3 4 4 4 4 4 5 5 5 5 5 5 5 5 5 6 6 6 6 6 6 7 7 7 7 8 8
17 18 18 18 18 18 18 18 18 18 18 18 17 17 17 16 16 16 15 15 15 15 15 15 15 14 14 13 12 12 11 11 10 10 10 9 9 9 8 8 8 8 7 7 7 7 6 6 6 5 5 5 4 4 4 4 4 4 4 4 4 4 3 3 3 3 2 3 3 3 3 4 4 4 4 5 5 5 5 5 5 5 5 5 6 6 6 6 6 6 7 7 7 7 8 8
15 15 16 16 16 16 16 16 16 16 16 16 16 16 16 16 16 16 16 16 16 16 16 16 16 15 15 14 13 13 12 11 11 11 10 10 10 9 9 9 8 8 8 7 7 7 6 6 6 5 5 5 4 4 4 4 4 4 4 4 4 4 3 3 3 2 2 2 3 3 3 4 4 4 4 5 5 5 5 5 5 5 5 5 5 6 6 6 6 6 7 7 7 7 8 8
13 13 13 13 13 13 13 14 14 14 14 14 14 15 15 15 16 16 16 16 16 16 17 17 17 16 16 15 14 14 13 12 12 11 11 10 10 10 9 9 9 8 8 7 7 7 6 6 6 5 5 5 4 4 4 4 4 4 4 4 4 3 3 3 2 2 2 2 2 3 3 4 4 4 4 5 5 5 5 5 5 5 5 5 5 5 6 6 6 6 7 7 7 7 8 8
11 11 11 10 10 11 11 11 11 12 12 13 13 14 14 15 16 16 16 17 17 17 17 18 18 17 17 16 15 14 14 13 12 12 11 11 11 10 10 9 9 8 8 8 7 7 6 6 6 5 5 5 4 4 4 4 4 4 4 4 4 3 3 2 2 2 1 2 2 3 3 4 4 4 4 5 5 5 5 5 5 5 5 5 5 5 5 6 6 6 6 7 7 7 8 8
10 10 10 9 9 10 10 10 11 11 11 12 13 13 14 14 15 16 16 16 17 17 17 18 18 18 17 16 15 14 14 13 12 12 11 11 10 10 10 9 9 8 8 7 7 7 6 6 6 5 5 5 4 4 4 4 4 4 4 4 3 3 3 2 2 2 2 2 2 3 3 4 4 4 5 5 5 5 5 5 5 5 5 5 6 6 6 6 6 6 7 7 7 8 8 8
9 9 9 9 9 9 10 10 10 11 11 12 12 13 13 14 14 15 15 16 16 17 17 17 18 17 17 16 15 14 13 13 12 12 11 11 10 10 9 9 8 8 8 7 7 6 6 6 5 5 5 5 4 4 4 4 4 4 4 4 3 3 3 3 2 2 2 2 3 3 3 4 4 4 5 5 5 5 5 5 6 6 6 6 6 6 6 6 6 7 7 7 7 8 8 8
9 9 8 8 8 9 9 10 10 10 11 11 12 12 13 13 14 14 15 15 16 16 17 17 18 17 17 16 15 14 13 12 12 11 11 10 10 9 9 9 8 8 7 7 7 6 6 6 5 5 5 5 4 4 4 4 4 4 3 3 3 3 3 3 2 2 2 2 3 3 3 4 4 4 5 5 5 5 5 6 6 6 6 6 6 6 6 6 7 7 7 7 8 8 8 8
8 8 8 8 8 8 9 9 10 10 11 11 11 12 12 12 13 13 14 14 15 16 16 17 18 17 16 16 15 14 13 12 11 11 10 10 10 9 9 8 8 7 7 7 6 6 6 5 5 5 5 4 4 4 4 4 4 3 3 3 3 3 3 3 3 2 2 3 3 3 3 4 4 4 5 5 5 5 6 6 6 6 6 6 7 7 7 7 7 7 7 7 8 8 8 8
7 7 7 7 7 8 8 9 9 10 10 11 11 11 12 12 12 12 13 14 15 15 16 17 18 17 16 15 14 14 13 12 11 11 10 10 9 9 8 8 8 7 7 7 6 6 6 5 5 5 5 4 4 4 4 4 3 3 3 3 3 3 3 3 3 3 3 3 3 3 4 4 4 4 5 5 5 6 6 6 7 7 7 7 7 7 7 7 7 7 8 8 8 8 8 8
7 7 7 7 7 7 8 8 9 9 10 10 11 11 11 11 11 12 12 13 14 15 16 17 17 17 16 15 14 13 12 11 11 10 10 9 9 8 8 8 7 7 7 6 6 6 5 5 5 5 5 4 4 4 4 4 3 3 3 3 3 3 3 3 3 3 3 3 3 4 4 4 4 4 5 5 5 6 6 7 7 7 7 7 7 7 7 7 8 8 8 8 8 8 8 8
6 6 6 6 6 7 7 8 9 9 10 10 10 10 10 11 11 11 12 13 13 14 15 16 17 17 16 15 14 13 12 11 11 10 10 9 9 8 8 7 7 7 6 6 6 5 5 5 5 5 5 4 4 4 4 3 3 3 3 2 3 3 3 3 3 3 3 3 4 4 4 4 4 4 5 5 6 6 6 7 7 7 7 7 8 8 8 8 8 8 8 8 8 8 8 8
6 6 6 6 6 7 7 8 8 9 9 10 10 10 10 10 10 10 11 12 13 14 15 16 16 16 15 15 14 13 12 11 11 10 9 9 8 8 7 7 7 6 6 6 6 5 5 5 5 5 4 4 4 4 4 3 3 3 2 2 2 2 2 3 3 3 3 3 3 3 4 4 4 4 5 5 5 6 6 7 7 7 7 7 7 8 8 8 8 8 8 8 8 8 9 9
5 6 6 6 6 7 7 8 8 9 9 9 9 10 10 10 10 10 11 11 12 13 14 15 15 15 15 14 13 13 12 11 11 10 9 9 8 8 7 7 6 6 6 6 5 5 5 5 5 4 4 4 4 4 3 3 3 2 2 2 2 2 2 2 2 2 2 3 3 3 3 4 4 4 4 5 5 5 6 6 6 7 7 7 7 8 8 8 8 8 8 8 9 9 9 9
5 5 6 6 6 7 7 7 8 8 9 9 9 9 9 9 9 10 10 11 12 12 13 14 14 14 14 13 13 12 12 11 11 10 9 9 8 8 7 7 6 6 6 6 5 5 5 5 4 4 4 4 4 3 3 3 2 2 2 2 2 2 2 2 2 2 2 2 2 3 3 3 4 4 4 4 5 5 5 6 6 6 7 7 7 7 8 8 8 8 8 9 9 9 9 9
5 5 6 6 6 7 7 7 8 8 8 9 9 9 9 9 9 9 10 10 11 12 12 13 13 13 13 13 12 12 12 11 11 10 9 9 8 7 7 6 6 6 6 5 5 5 5 5 4 4 4 4 4 3 3 3 2 2 2 1 1 1 1 1 1 1 1 2 2 2 3 3 3 4 4 4 5 5 5 5 6 6 6 7 7 7 8 8 8 8 9 9 9 9 9 10
5 5 5 6 6 6 7 7 7 8 8 8 8 8 8 8 9 9 9 10 10 11 11 12 13 13 12 12 12 12 12 11 11 10 9 9 8 7 6 6 6 6 5 5 5 5 5 4 4 4 4 4 3 3 3 2 2 2 1 1 1 1 1 1 1 1 1 1 2 2 2 3 3 4 4 4 4 4 5 5 5 6 6 6 7 7 8 8 8 9 9 9 9 9 10 10
5 5 5 6 6 6 7 7 7 7 8 8 8 8 8 8 8 8 8 9 10 10 11 11 12 12 12 12 12 11 11 11 11 10 9 9 8 7 6 6 6 5 5 5 5 5 4 4 4 4 4 4 3 3 3 2 2 1 1 1 1 1 1 1 1 1 1 1 1 2 2 3 3 3 4 4 4 4 4 5 5 5 6 6 7 7 8 8 8 9 9 9 9 10 10 10
