pluvio/pluvio-90.asc
ncols         252
nrows         154
xllcorner     -18.017974
yllcorner     13.481982
cellsize      0.035948
NODATA_value  -9999
[rows 102 to 152 of 154, columns 96 to 191 of 252]
101 98 95 92 89 86 83 80 77 75 73 71 69 67 65 63 61 59 57 55 53 51 49 48 49 49 49 49 49 49 50 50 50 50 50 51 51 51 51 51 51 51 51 51 52 52 52 52 52 52 52 53 54 55 56 57 59 60 61 62 63 64 65 66 67 67 67 67 67 67 67 67 67 67 67 67 66 66 66 66 65 65 65 64 64 63 63 63 62 62 61 61 60 60 60 59
104 101 98 96 93 90 87 84 81 79 76 74 72 70 68 66 64 62 60 57 55 53 51 51 51 51 51 51 51 51 52 52 52 52 52 52 52 52 52 53 53 53 53 53 53 53 53 53 53 53 54 55 56 57 58 59 60 61 62 63 64 65 66 67 68 68 68 68 68 67 67 67 67 67 66 66 66 66 65 65 65 64 64 63 63 62 62 61 61 60 60 59 59 59 58 58
108 105 102 99 96 93 90 88 85 82 80 78 76 73 71 69 67 65 62 60 58 56 54 53 53 53 53 53 53 53 54 54 54 54 54 54 54 54 54 54 54 54 54 54 55 55 55 55 55 55 55 56 57 58 59 60 61 62 63 64 65 67 68 69 70 69 69 69 68 68 68 67 67 66 66 66 65 65 65 64 64 63 63 62 62 61 61 60 60 59 59 58 58 57 57 56
110 107 105 102 99 96 94 91 88 86 84 82 79 77 75 73 71 69 66 64 62 60 58 57 57 57 57 57 57 57 57 57 57 57 57 57 57 57 57 57 57 57 57 57 57 57 57 57 57 57 57 58 59 60 61 62 63 64 65 66 67 68 69 70 71 70 70 70 69 69 68 68 67 67 67 66 66 65 65 64 64 63 63 62 62 61 61 60 60 59 59 58 58 58 57 57
112 109 107 104 102 99 97 94 92 90 88 86 84 81 79 77 75 73 71 69 67 65 63 62 62 62 62 62 61 61 61 61 61 61 61 60 60 60 60 60 60 60 60 60 60 60 60 60 60 60 60 61 61 62 63 64 65 66 67 68 68 69 70 71 72 71 71 71 70 70 69 69 68 68 67 67 66 66 66 65 65 64 64 63 63 62 62 61 61 61 60 60 59 59 59 58
114 112 109 107 105 102 100 98 95 93 91 89 88 86 84 82 80 78 76 74 72 70 68 67 67 67 66 66 66 66 65 65 65 64 64 64 64 64 63 63 63 63 63 63 63 63 63 63 62 62 62 63 64 65 65 66 67 68 68 69 70 71 72 72 73 73 72 72 71 71 70 70 69 69 68 68 67 67 66 66 65 65 65 64 64 63 63 62 62 62 61 61 60 60 60 60
116 114 112 109 107 105 103 101 99 97 95 93 92 90 88 86 84 82 80 79 77 75 73 72 72 71 71 71 70 70 70 69 69 68 68 68 67 67 67 67 66 66 66 66 66 66 65 65 65 65 65 65 66 67 67 68 69 69 70 71 71 72 73 73 74 74 73 73 72 72 71 71 70 69 69 68 68 67 67 67 66 66 65 65 65 64 64 63 63 63 62 62 62 61 61 61
118 116 114 112 110 108 106 105 103 101 99 97 96 94 92 90 89 87 85 83 82 80 78 77 77 76 76 75 75 74 74 73 73 72 72 71 71 70 70 70 70 69 69 69 69 69 68 68 68 68 67 68 68 69 70 70 71 71 72 72 73 74 74 75 75 75 74 74 73 72 72 71 71 70 70 69 69 68 68 67 67 67 66 66 65 65 65 64 64 64 63 63 63 63 63 62
120 118 116 115 113 111 110 108 106 105 103 101 100 98 96 95 93 91 90 88 86 85 83 82 82 81 80 80 79 78 78 77 77 76 75 75 74 74 73 73 73 73 72 72 72 71 71 71 71 70 70 70 71 71 72 72 73 73 74 74 75 75 75 76 76 76 75 75 74 73 73 72 72 71 71 70 69 69 68 68 68 67 67 67 66 66 66 65 65 65 64 64 64 64 64 64
121 120 119 117 116 114 113 111 110 108 107 105 104 102 101 99 97 96 94 93 91 90 88 87 87 86 85 84 84 83 82 81 81 80 79 78 78 77 77 76 76 76 75 75 75 74 74 74 73 73 72 73 73 74 74 74 75 75 75 76 76 76 77 77 77 77 76 76 75 74 74 73 73 72 71 71 70 70 69 69 68 68 68 68 67 67 67 66 66 66 66 65 65 65 65 65
123 122 121 120 118 117 116 115 113 112 111 109 108 106 105 103 102 101 99 98 96 95 93 92 91 91 90 89 88 87 86 85 84 84 83 82 81 81 80 80 79 79 78 78 78 77 77 76 76 75 75 75 75 76 76 76 77 77 77 77 78 78 78 78 79 78 77 77 76 75 75 74 73 73 72 72 71 70 70 69 69 69 69 68 68 68 68 67 67 67 67 66 66 66 66 67
125 124 123 122 121 120 119 118 117 116 114 113 112 110 109 108 106 105 104 102 101 100 98 97 96 95 94 93 92 91 90 89 88 87 86 85 85 84 83 83 82 82 81 81 80 80 80 79 79 78 78 78 78 78 78 78 78 79 79 79 79 79 79 80 80 79 78 78 77 76 76 75 74 74 73 72 72 71 70 70 70 70 70 69 69 69 69 68 68 68 68 67 67 68 68 68
127 126 126 125 124 123 122 121 121 120 118 117 116 115 113 112 111 110 108 107 106 105 103 102 101 100 99 98 97 96 95 93 92 91 90 89 88 87 87 86 86 85 85 84 83 83 82 82 81 81 80 80 80 80 80 80 80 80 80 81 81 81 81 81 81 80 79 79 78 77 77 76 75 75 74 73 72 72 71 71 71 71 70 70 70 70 70 69 69 69 69 69 69 69 69 69
129 129 128 127 127 126 125 125 124 123 122 121 120 119 118 116 115 114 113 112 111 110 108 107 106 105 104 102 101 100 99 98 96 95 94 93 91 91 90 90 89 88 88 87 86 86 85 84 84 83 83 83 82 82 82 82 82 82 82 82 82 82 82 82 82 81 80 80 79 78 78 77 76 75 75 74 73 72 72 72 72 71 71 71 71 71 71 70 70 70 70 70 70 70 70 71
131 131 130 130 129 129 129 128 128 127 126 125 124 123 122 121 120 119 118 117 116 115 114 112 111 110 108 107 106 104 103 102 100 99 98 96 95 94 93 93 92 91 91 90 89 89 88 87 87 86 85 85 85 85 85 84 84 84 84 84 84 83 83 83 83 82 81 81 80 79 78 78 77 76 75 75 74 73 73 72 72 72 72 72 72 72 72 71 71 71 71 71 71 71 72 72
133 133 133 132 132 132 132 132 131 131 130 129 128 127 126 125 124 123 122 121 120 120 119 117 116 114 113 111 110 109 107 106 104 103 101 100 98 98 97 96 95 95 94 93 92 91 91 90 89 88 88 87 87 87 87 86 86 86 86 85 85 85 85 84 84 83 82 82 81 80 79 79 78 77 76 75 75 74 73 73 73 73 73 73 73 73 72 72 72 72 72 72 72 72 73 73
135 135 135 135 135 135 135 135 135 134 134 133 132 131 130 129 129 128 127 126 125 125 124 122 121 119 118 116 114 113 111 110 108 107 105 103 102 101 100 99 98 98 97 96 95 94 94 93 92 91 90 90 89 89 89 88 88 88 87 87 87 86 86 86 85 84 84 83 82 81 80 79 79 78 77 76 75 75 74 74 74 74 74 74 74 74 73 73 73 73 73 73 73 74 74 75
137 137 137 137 137 137 137 137 137 137 136 136 135 134 134 133 132 132 131 130 130 129 128 127 125 124 122 121 119 118 116 114 113 111 110 108 107 106 105 104 103 102 101 100 99 98 97 96 95 94 93 92 92 92 91 91 90 90 89 89 88 88 87 87 86 86 85 84 83 83 82 81 80 79 79 78 77 76 76 76 76 76 76 76 76 76 76 75 75 75 75 75 75 76 77 77
138 138 138 139 139 139 139 139 139 139 138 138 137 137 137 136 136 135 135 134 134 133 133 132 130 128 127 125 124 122 121 119 118 116 115 113 112 111 109 108 107 106 105 104 103 101 100 99 98 97 96 95 95 94 93 93 92 92 91 91 90 90 89 88 88 87 86 86 85 84 84 83 82 81 81 80 79 78 78 78 78 78 78 78 78 78 78 78 78 78 78 78 78 79 80 80
140 140 140 140 140 141 141 141 141 141 141 140 140 140 139 139 139 139 138 138 138 138 137 136 135 133 132 130 129 127 126 124 123 121 120 118 117 116 114 113 112 110 109 108 106 105 104 102 101 100 98 98 97 96 96 95 94 94 93 92 92 91 91 90 89 89 88 87 87 86 85 85 84 83 83 82 81 81 80 80 80 80 80 80 80 80 80 80 80 80 80 80 81 82 83 84
142 142 142 142 142 142 143 143 143 143 143 143 143 143 142 142 142 142 142 142 142 142 142 141 139 138 136 135 133 132 131 129 128 126 125 123 122 121 119 118 116 115 113 112 110 109 107 106 104 103 101 100 100 99 98 97 97 96 95 94 94 93 92 91 91 90 89 89 88 88 87 86 86 85 84 84 83 83 82 82 82 82 82 82 83 83 83 83 83 83 83 83 83 84 85 87
143 143 144 144 144 144 144 145 145 145 145 145 145 145 145 146 146 146 146 146 146 146 146 145 144 142 141 140 138 137 135 134 133 131 130 129 127 126 124 122 121 119 117 116 114 112 110 109 107 105 104 103 102 101 100 100 99 98 97 96 95 94 94 93 92 91 91 90 90 89 89 88 87 87 86 86 85 85 84 84 84 85 85 85 85 85 85 85 85 85 85 86 86 87 88 90
145 145 145 145 146 146 146 146 147 147 147 148 148 148 148 149 149 149 150 150 150 150 151 150 148 147 146 144 143 142 140 139 138 136 135 134 132 130 129 127 125 123 121 119 118 116 114 112 110 108 107 106 105 104 103 102 101 100 99 98 97 96 95 94 93 93 92 92 91 91 90 90 89 89 88 88 87 87 86 86 87 87 87 87 87 87 87 88 88 88 88 88 88 90 91 93
146 147 147 147 147 148 148 148 149 149 149 150 150 151 151 152 152 153 153 154 154 155 155 154 153 152 150 149 148 146 145 144 143 141 140 139 137 135 133 131 129 127 125 123 121 119 117 115 113 111 109 108 107 106 105 104 103 102 101 100 99 98 97 96 95 94 94 93 93 92 92 92 91 91 90 90 89 89 88 89 89 89 89 89 89 90 90 90 90 90 90 91 91 93 94 96
148 148 149 149 149 150 150 150 150 151 152 152 153 154 154 155 156 156 157 158 158 159 160 159 158 156 155 154 153 151 150 149 148 146 145 144 143 140 138 136 134 132 130 127 125 123 121 119 116 114 112 111 110 109 107 106 105 104 103 102 101 99 98 97 96 96 95 95 94 94 94 93 93 92 92 92 91 91 91 91 91 91 91 92 92 92 92 92 93 93 93 93 94 95 97 99
150 150 150 151 151 151 152 152 152 153 154 155 156 156 157 158 159 160 161 162 162 163 164 163 162 161 160 159 157 156 155 154 152 151 150 149 148 145 143 141 138 136 134 131 129 127 124 122 119 117 115 113 112 111 110 109 107 106 105 104 102 101 100 99 97 97 97 96 96 96 95 95 95 94 94 94 93 93 93 93 93 93 94 94 94 94 95 95 95 95 95 96 96 98 100 102
151 152 152 152 153 153 153 154 154 155 156 157 158 159 160 161 162 163 164 165 167 168 169 168 167 166 164 163 162 161 160 159 157 156 155 154 153 150 148 145 143 140 138 135 133 130 128 125 123 120 117 116 115 113 112 111 109 108 107 105 104 103 101 100 99 99 98 98 98 97 97 97 96 96 96 96 95 95 95 95 95 96 96 96 96 97 97 97 97 98 98 98 99 101 103 105
153 153 154 154 155 155 155 156 156 157 158 159 161 162 163 164 166 167 168 169 171 172 173 173 171 170 169 168 167 166 165 164 162 161 160 159 158 155 153 150 147 145 142 139 136 134 131 128 126 123 120 119 117 116 114 113 112 110 109 107 106 104 103 102 100 100 100 99 99 99 99 99 98 98 98 98 97 97 97 97 98 98 98 98 99 99 99 100 100 100 100 101 102 104 106 108
155 155 155 156 156 157 157 158 158 159 160 162 163 165 166 168 169 170 172 173 175 176 178 177 176 175 174 173 172 171 170 168 167 166 165 164 163 160 158 155 152 149 146 143 140 137 134 132 129 126 123 121 120 118 117 115 114 112 111 109 108 106 105 103 102 101 101 101 101 101 100 100 100 100 100 100 99 99 99 99 100 100 100 101 101 101 102 102 102 103 103 103 104 106 109 111
156 157 157 158 158 158 159 159 160 161 163 164 166 168 169 171 172 174 176 177 179 180 182 182 181 180 179 177 176 175 174 173 172 171 170 169 168 165 162 159 156 153 150 147 144 141 138 135 132 129 126 124 122 121 119 117 116 114 113 111 109 108 106 105 103 103 103 103 102 102 102 102 102 102 102 101 101 101 101 102 102 102 103 103 103 104 104 104 105 105 106 106 107 109 112 114
158 158 159 159 160 160 161 161 162 163 165 167 168 170 172 174 176 178 179 181 183 185 187 186 185 184 183 182 181 180 179 178 177 176 175 174 173 170 167 164 161 157 154 151 148 145 141 138 135 132 128 127 125 123 121 120 118 116 115 113 111 109 108 106 104 104 104 104 104 104 104 104 104 104 104 103 103 103 103 104 104 104 105 105 106 106 106 107 107 108 108 108 109 112 114 117
157 158 158 159 159 159 160 160 161 162 164 166 168 170 171 173 175 177 179 181 183 185 187 186 185 184 183 182 181 180 179 178 177 176 175 174 173 171 167 164 161 158 155 151 148 145 142 139 135 132 129 127 126 124 123 121 119 118 116 115 113 111 110 108 107 107 107 107 107 107 107 107 107 107 107 107 107 107 107 107 107 108 108 108 109 109 109 110 110 110 111 111 112 114 117 119
156 157 157 157 158 158 158 159 159 160 162 164 166 168 170 172 174 176 178 180 182 184 186 186 185 184 183 182 181 180 179 178 177 176 175 174 173 170 167 164 161 157 154 151 148 145 142 139 135 132 129 128 126 125 123 122 121 119 118 116 115 113 112 111 109 109 109 109 110 110 110 110 110 110 110 110 110 110 110 110 111 111 111 111 112 112 112 113 113 113 113 114 114 117 119 122
156 156 156 156 156 157 157 157 157 159 161 163 165 167 169 171 173 175 177 180 182 184 186 186 184 183 182 181 180 179 178 177 176 175 174 173 172 169 166 163 160 157 154 151 148 145 142 139 136 132 129 128 127 126 124 123 122 121 119 118 117 116 114 113 112 112 112 112 112 112 113 113 113 113 113 113 113 113 113 114 114 114 114 115 115 115 115 115 116 116 116 116 117 119 122 124
155 155 155 155 155 155 155 155 156 157 159 161 164 166 168 170 172 175 177 179 181 183 185 185 184 183 182 181 180 179 178 177 176 175 174 172 171 169 166 163 160 157 154 151 148 145 142 139 136 133 130 129 127 126 125 124 123 122 121 120 119 118 117 115 114 115 115 115 115 115 116 116 116 116 116 116 117 117 117 117 117 117 118 118 118 118 118 118 118 119 119 119 119 122 124 126
154 154 154 154 154 154 154 154 154 155 158 160 162 165 167 169 171 174 176 178 180 183 185 185 184 183 181 180 179 178 177 176 175 174 173 172 171 168 165 162 159 156 153 150 148 145 142 139 136 133 130 129 128 127 126 125 124 123 122 122 121 120 119 118 117 117 117 118 118 118 118 119 119 119 119 120 120 120 120 120 121 121 121 121 121 121 121 121 121 121 121 121 122 124 126 128
153 153 153 153 153 153 152 152 152 154 156 159 161 163 166 168 170 173 175 177 180 182 185 184 183 182 181 180 179 178 177 176 174 173 172 171 170 167 165 162 159 156 153 150 147 145 142 139 136 133 130 129 129 128 127 126 126 125 124 123 123 122 121 120 120 120 120 120 121 121 121 122 122 122 123 123 123 124 124 124 124 124 124 124 124 124 124 124 124 124 124 124 125 127 129 131
152 152 152 152 151 151 151 151 151 152 155 157 160 162 164 167 169 172 174 177 179 182 184 184 183 182 180 179 178 177 176 175 174 173 172 171 169 167 164 161 158 156 153 150 147 144 142 139 136 133 130 130 129 129 128 127 127 126 126 125 124 124 123 123 122 123 123 123 124 124 124 125 125 125 126 126 127 127 127 127 127 127 127 127 127 127 127 127 127 127 127 127 127 129 131 133
151 151 151 150 150 150 150 149 149 151 153 156 158 161 163 166 168 171 173 176 179 181 184 183 182 181 180 179 178 177 175 174 173 172 171 170 169 166 164 161 158 155 153 150 147 144 142 139 136 133 131 130 130 129 129 128 128 128 127 127 126 126 126 125 125 125 126 126 126 127 127 128 128 129 129 129 130 130 131 131 130 130 130 130 130 130 130 130 130 130 129 129 130 131 133 135
150 150 150 149 149 148 148 148 147 149 152 154 157 160 162 165 167 170 173 175 178 181 183 183 182 181 179 178 177 176 175 174 173 172 170 169 168 166 163 160 158 155 152 150 147 144 142 139 136 134 131 131 130 130 130 130 129 129 129 129 128 128 128 128 127 128 128 129 129 130 130 131 131 132 132 133 133 134 134 134 134 134 133 133 133 133 133 133 132 132 132 132 132 134 136 137
149 149 148 148 148 147 147 146 146 147 150 153 156 158 161 164 166 169 172 175 177 180 183 182 181 180 179 178 177 176 174 173 172 171 170 169 167 165 162 160 157 155 152 149 147 144 142 139 136 134 131 131 131 131 131 131 131 130 130 130 130 130 130 130 130 130 131 132 132 133 133 134 134 135 135 136 137 137 138 137 137 137 137 136 136 136 136 135 135 135 135 135 135 136 138 140
149 148 147 147 146 146 145 145 144 146 149 151 154 157 160 163 165 168 171 174 177 179 182 182 181 180 178 177 176 175 174 173 171 170 169 168 167 164 162 159 157 154 152 149 147 144 142 139 136 134 131 131 131 132 132 132 132 132 132 132 132 132 132 132 132 133 134 134 135 136 136 137 137 138 139 139 140 141 141 141 140 140 140 140 139 139 139 138 138 138 137 137 137 139 140 142
148 147 146 146 145 144 144 143 142 144 147 150 153 156 159 162 164 167 170 173 176 179 182 182 180 179 178 177 176 174 173 172 171 170 169 167 166 164 161 159 156 154 151 149 147 144 142 139 137 134 132 132 132 132 133 133 133 133 133 134 134 134 134 135 135 136 136 137 138 138 139 140 141 141 142 143 143 144 145 144 144 143 143 143 142 142 142 141 141 140 140 140 140 141 143 144
147 146 145 145 144 143 142 141 141 143 146 149 151 154 157 160 163 166 169 172 175 178 181 181 180 179 178 176 175 174 173 171 170 169 168 167 165 163 161 158 156 154 151 149 146 144 142 139 137 134 132 132 133 133 133 134 134 135 135 135 136 136 137 137 138 138 139 140 141 141 142 143 144 144 145 146 147 147 148 148 147 147 146 146 145 145 145 144 144 143 143 142 142 144 145 146
146 145 144 143 142 142 141 140 139 141 144 147 150 153 156 159 162 166 169 172 175 178 181 181 179 178 177 176 175 173 172 171 170 168 167 166 165 163 160 158 156 153 151 149 146 144 142 139 137 134 132 133 133 134 134 135 135 136 137 137 138 138 139 140 140 141 142 143 143 144 145 146 147 148 148 149 150 151 151 151 150 150 149 149 148 148 147 147 146 146 145 145 145 146 147 149
147 146 145 143 142 141 140 139 138 140 143 146 149 152 155 158 161 164 167 170 173 176 179 179 178 176 175 174 173 171 170 169 167 166 165 164 162 160 158 156 154 151 149 147 145 143 140 138 136 134 132 132 133 133 134 135 136 136 137 138 138 139 140 140 141 142 143 144 144 145 146 147 148 148 149 150 151 152 152 152 151 151 150 150 149 148 148 147 147 146 146 145 145 146 147 149
147 146 145 144 142 141 140 139 138 139 142 145 148 151 154 157 160 163 166 169 172 175 178 177 176 174 173 172 170 169 168 166 165 164 162 161 160 158 156 154 152 149 147 145 143 141 139 137 135 133 131 132 132 133 134 135 136 136 137 138 139 140 140 141 142 143 144 144 145 146 147 148 149 149 150 151 152 153 153 153 152 151 151 150 149 149 148 148 147 146 146 145 145 146 147 148
148 147 145 144 142 141 140 138 137 138 141 144 147 150 153 156 158 161 164 167 170 173 176 175 174 173 171 170 168 167 165 164 163 161 160 158 157 155 153 151 149 148 146 144 142 140 138 136 134 132 130 131 132 133 134 135 136 136 137 138 139 140 141 142 143 144 144 145 146 147 148 149 149 150 151 152 153 154 154 153 153 152 151 151 150 149 148 148 147 146 146 145 145 146 147 148
149 147 146 144 142 141 139 138 136 137 140 143 146 149 152 154 157 160 163 166 168 171 174 174 172 171 169 168 166 165 163 162 160 159 157 156 154 153 151 149 147 146 144 142 140 139 137 135 133 131 130 131 132 133 134 135 136 137 138 139 140 141 142 143 144 144 145 146 147 148 149 149 150 151 152 153 154 154 155 154 153 153 152 151 150 150 149 148 147 146 146 145 145 146 147 148
150 148 146 144 142 141 139 137 135 137 139 142 145 148 150 153 156 159 161 164 167 170 172 172 170 169 167 166 164 163 161 159 158 156 155 153 152 150 149 147 145 144 142 140 139 137 136 134 132 131 129 130 131 132 133 135 136 137 138 139 140 141 142 143 145 145 146 147 148 149 149 150 151 152 153 154 154 155 156 155 154 153 152 152 151 150 149 148 147 147 146 145 144 145 147 148
150 148 146 144 142 140 138 136 134 136 138 141 144 146 149 152 154 157 160 163 165 168 171 170 168 167 165 164 162 160 159 157 156 154 152 151 149 148 146 145 143 142 140 139 137 136 134 133 131 130 128 130 131 132 133 134 136 137 138 139 141 142 143 144 145 146 147 148 149 150 150 151 152 153 154 154 155 156 157 156 155 154 153 152 151 150 149 148 148 147 146 145 144 145 146 147
