pluvio/pluvio-7.asc
ncols         252
nrows         154
xllcorner     -18.017974
yllcorner     13.481982
cellsize      0.035948
NODATA_value  -9999
[rows 102 to 152 of 154, columns 96 to 191 of 252]
114 113 113 113 112 112 112 111 111 110 109 108 107 106 105 104 103 102 101 100 99 98 97 97 97 98 98 99 100 100 101 101 102 102 103 103 104 104 105 106 106 107 107 108 109 109 110 110 111 112 112 112 111 111 110 110 109 109 109 108 108 107 107 106 106 105 105 104 104 103 103 102 102 101 101 101 100 100 99 99 99 99 99 99 100 100 100 100 100 100 100 100 100 100 99 99
115 115 114 114 114 113 113 113 112 112 111 110 109 108 107 106 105 104 103 102 101 100 99 99 100 100 101 101 102 102 103 103 104 104 105 106 106 107 107 108 109 109 110 110 111 112 112 113 113 114 115 114 114 113 113 112 112 111 111 111 110 110 109 109 108 108 107 107 107 106 106 105 105 104 104 104 103 103 102 103 103 103 103 103 103 103 103 103 103 103 104 104 104 103 103 103
116 116 116 115 115 115 115 114 114 113 112 112 111 110 109 108 107 106 105 104 103 102 101 101 102 102 103 104 104 105 105 106 106 107 107 108 108 109 110 110 111 111 112 113 113 114 114 115 116 116 117 117 116 116 115 115 114 114 113 113 113 112 112 111 111 110 110 110 109 109 109 108 108 107 107 107 106 106 106 106 106 106 106 106 106 107 107 107 107 107 107 107 107 107 107 106
116 116 115 115 115 114 114 114 114 113 112 111 110 110 109 108 107 106 105 104 104 103 102 102 103 103 104 104 105 106 106 107 107 108 109 109 110 110 111 111 112 113 113 114 114 115 115 116 116 117 118 117 117 116 116 115 115 115 114 114 113 113 112 112 112 111 111 111 110 110 109 109 109 108 108 108 107 107 107 107 107 107 108 108 108 108 108 109 109 109 109 109 110 109 109 109
115 114 114 114 113 113 113 113 112 112 111 110 109 109 108 107 106 106 105 104 103 103 102 102 103 104 104 105 105 106 107 107 108 109 109 110 111 111 112 112 113 113 114 114 115 115 115 116 116 117 117 117 117 116 116 115 115 114 114 113 113 113 112 112 111 111 111 110 110 110 109 109 109 109 108 108 108 107 107 107 108 108 108 108 109 109 109 110 110 110 110 111 111 111 111 111
114 113 113 113 112 112 112 111 111 110 110 109 108 108 107 106 106 105 105 104 103 103 102 102 103 104 104 105 106 107 107 108 109 109 110 111 112 112 112 113 113 114 114 114 115 115 116 116 116 117 117 117 116 116 116 115 115 114 114 113 113 112 112 112 111 111 111 110 110 110 109 109 109 109 108 108 108 107 107 108 108 108 109 109 109 110 110 110 111 111 111 112 112 112 113 113
112 112 112 111 111 111 110 110 110 109 109 108 107 107 106 106 105 105 104 104 103 103 102 102 103 104 105 106 106 107 108 109 109 110 111 112 112 113 113 113 114 114 114 115 115 115 116 116 116 117 117 117 116 116 115 115 114 114 114 113 113 112 112 111 111 111 110 110 110 110 109 109 109 109 108 108 108 108 108 108 108 109 109 110 110 110 111 111 112 112 113 113 113 114 114 115
111 111 110 110 110 109 109 109 108 108 107 107 106 106 106 105 105 104 104 103 103 103 102 103 103 104 105 106 107 108 108 109 110 111 112 112 113 114 114 114 114 115 115 115 115 116 116 116 116 117 117 117 116 116 115 115 114 114 113 113 112 112 112 111 111 110 110 110 110 110 109 109 109 109 109 108 108 108 108 108 109 109 110 110 111 111 112 112 113 113 114 114 115 115 116 117
110 110 109 109 108 108 108 107 107 106 106 106 105 105 105 104 104 104 103 103 103 102 102 103 104 104 105 106 107 108 109 110 111 111 112 113 114 114 115 115 115 115 115 115 116 116 116 116 116 117 117 116 116 115 115 115 114 114 113 113 112 112 111 111 110 110 110 110 110 110 109 109 109 109 109 108 108 108 108 109 109 110 110 111 111 112 113 113 114 114 115 115 116 117 118 119
109 108 108 108 107 107 106 106 105 105 105 105 104 104 104 104 104 103 103 103 103 102 102 103 104 105 106 107 108 108 109 110 111 112 113 114 115 115 115 115 116 116 116 116 116 116 116 116 116 117 117 116 116 115 115 114 114 113 113 113 112 112 111 111 110 110 110 110 110 109 109 109 109 109 109 109 108 108 108 109 109 110 111 111 112 113 113 114 115 115 116 117 117 118 120 121
108 107 107 106 106 105 105 104 104 104 104 104 103 103 103 103 103 103 103 103 102 102 102 103 104 105 106 107 108 109 110 111 112 113 114 115 116 116 116 116 116 116 116 116 116 116 116 116 116 116 116 116 116 115 115 114 114 113 113 112 112 111 111 111 110 110 110 110 110 109 109 109 109 109 109 109 109 108 108 109 110 111 111 112 113 113 114 115 116 116 117 118 119 120 121 123
107 106 106 105 105 104 104 103 103 102 102 102 102 102 102 102 102 102 102 102 102 102 102 103 104 105 106 107 108 109 110 111 113 114 115 116 117 117 117 117 117 117 117 117 117 116 116 116 116 116 116 116 115 115 114 114 114 113 113 112 112 111 111 110 110 110 110 110 109 109 109 109 109 109 109 109 109 109 109 109 110 111 112 113 113 114 115 116 117 117 118 119 120 121 123 125
105 105 104 104 103 103 102 102 101 101 101 101 101 102 102 102 102 102 102 102 102 102 102 103 104 105 107 108 109 110 111 112 113 114 115 116 118 118 117 117 117 117 117 117 117 117 117 116 116 116 116 116 115 115 114 114 113 113 112 112 111 111 111 110 110 110 110 109 109 109 109 109 109 109 109 109 109 109 109 110 111 111 112 113 114 115 116 117 118 118 119 120 121 123 125 127
104 104 103 103 102 101 101 100 100 100 100 100 100 101 101 101 101 101 102 102 102 102 102 103 105 106 107 108 109 110 111 113 114 115 116 117 118 118 118 118 118 118 117 117 117 117 117 117 116 116 116 116 115 115 114 114 113 113 112 112 111 111 110 110 109 109 109 109 109 109 109 109 109 109 109 109 109 109 109 110 111 112 113 114 115 116 117 118 118 119 120 121 123 125 127 129
103 102 102 101 101 100 100 99 98 98 99 99 99 100 100 100 101 101 101 102 102 102 102 103 105 106 107 108 110 111 112 113 114 116 117 118 119 119 119 119 118 118 118 118 117 117 117 117 116 116 116 115 115 114 114 113 113 113 112 112 111 111 110 110 109 109 109 109 109 109 109 109 109 109 109 109 109 109 109 110 111 112 113 114 115 116 117 118 119 120 122 123 124 126 128 130
102 101 101 100 99 99 98 98 97 97 98 98 98 99 99 100 100 100 101 101 102 102 103 104 105 106 107 109 110 111 113 114 115 116 118 119 120 120 120 119 119 119 118 118 118 117 117 117 116 116 116 115 115 114 114 113 113 112 112 111 111 110 110 109 109 109 109 109 109 109 109 109 109 109 109 109 109 109 109 111 112 113 114 115 116 117 118 119 120 122 123 124 125 128 130 132
101 100 99 99 98 98 97 96 96 96 96 97 97 98 98 99 99 100 101 101 102 102 103 104 105 106 108 109 110 112 113 114 116 117 118 120 121 121 120 120 120 119 119 118 118 118 117 117 116 116 116 115 115 114 114 113 113 112 112 111 111 110 110 109 109 109 109 109 109 109 109 109 109 109 109 109 109 110 110 111 112 113 114 116 117 118 119 120 121 123 124 125 126 129 132 134
100 99 99 98 98 97 96 96 95 95 96 96 97 97 98 98 99 99 100 100 101 101 102 103 104 105 107 108 109 111 112 113 115 116 117 119 120 120 120 119 119 118 118 118 117 117 116 116 116 115 115 114 114 114 113 113 112 112 112 111 111 110 110 109 109 109 109 109 109 110 110 110 110 110 110 110 110 110 111 112 113 114 115 116 118 119 120 121 122 123 124 126 127 130 133 135
100 99 98 98 97 97 96 95 95 95 95 96 96 97 97 97 98 98 99 99 100 100 101 102 103 104 106 107 108 109 111 112 113 115 116 117 119 118 118 118 117 117 117 116 116 116 115 115 115 114 114 114 113 113 113 112 112 112 111 111 111 110 110 110 109 110 110 110 110 110 110 111 111 111 111 111 111 111 112 113 114 115 116 117 118 120 121 122 123 124 125 126 128 130 133 136
99 99 98 97 97 96 96 95 94 94 95 95 95 96 96 97 97 97 98 98 99 99 99 100 102 103 104 106 107 108 109 111 112 113 114 116 117 117 117 116 116 116 116 115 115 115 114 114 114 114 113 113 113 113 112 112 112 112 111 111 111 111 110 110 110 110 110 110 111 111 111 111 111 112 112 112 112 113 113 114 115 116 117 118 119 120 121 122 124 125 126 127 128 131 134 137
99 98 98 97 96 96 95 94 94 94 94 95 95 95 96 96 96 96 97 97 97 98 98 99 100 102 103 104 105 107 108 109 111 112 113 114 116 116 115 115 115 115 114 114 114 114 113 113 113 113 113 112 112 112 112 112 111 111 111 111 111 111 110 110 110 110 111 111 111 111 112 112 112 113 113 113 113 114 114 115 116 117 118 119 120 121 122 123 124 125 126 127 129 132 134 137
98 98 97 97 96 95 95 94 93 93 94 94 94 95 95 95 95 96 96 96 96 97 97 98 99 100 102 103 104 105 107 108 109 110 112 113 114 114 114 114 114 113 113 113 113 113 112 112 112 112 112 112 112 111 111 111 111 111 111 111 111 111 111 111 110 111 111 111 112 112 112 113 113 113 114 114 114 115 115 116 117 118 119 120 121 122 123 124 125 126 127 128 129 132 135 138
98 97 97 96 96 95 94 94 93 93 93 93 94 94 94 94 94 95 95 95 95 96 96 97 98 99 100 102 103 104 105 106 108 109 110 111 113 113 112 112 112 112 112 112 112 112 111 111 111 111 111 111 111 111 111 111 111 111 111 111 111 111 111 111 111 111 112 112 112 113 113 114 114 114 115 115 115 116 116 117 118 119 120 121 122 123 124 125 126 127 127 128 130 133 135 138
98 97 96 96 95 95 94 93 93 93 93 93 93 93 93 93 94 94 94 94 94 94 95 96 97 98 99 100 102 103 104 105 106 107 109 110 111 111 111 111 111 111 111 111 111 111 110 110 110 110 110 110 110 110 110 111 111 111 111 111 111 111 111 111 111 112 112 113 113 113 114 114 115 115 116 116 116 117 117 118 119 120 121 122 123 124 124 125 126 127 128 129 130 133 136 139
97 97 96 95 95 94 94 93 92 92 92 92 92 93 93 93 93 93 93 93 93 93 93 94 95 97 98 99 100 101 103 104 105 106 107 108 110 110 110 110 110 110 110 110 110 110 109 109 109 109 109 110 110 110 110 110 110 110 111 111 111 111 111 111 112 112 113 113 114 114 115 115 115 116 116 117 117 118 119 119 120 121 122 123 124 124 125 126 127 128 129 129 131 134 137 140
97 96 96 95 94 94 93 92 92 92 92 92 92 92 92 92 92 92 92 92 92 92 92 93 94 95 97 98 99 100 101 102 103 105 106 107 108 108 108 108 108 108 108 108 108 108 109 109 109 109 109 109 109 109 110 110 110 110 110 111 111 111 111 112 112 112 113 114 114 115 115 116 116 117 117 118 118 119 120 120 121 122 123 124 124 125 126 127 128 128 129 130 131 134 137 140
96 96 95 95 94 93 93 92 91 91 91 91 91 91 91 91 91 91 91 91 91 91 91 92 93 94 95 96 98 99 100 101 102 103 104 105 107 107 107 107 107 107 107 107 107 107 108 108 108 108 108 108 108 109 109 109 110 110 110 111 111 111 112 112 112 113 113 114 115 115 116 117 117 118 118 119 120 120 121 122 122 123 124 125 125 126 127 128 128 129 130 131 132 135 138 141
96 95 95 94 94 93 92 92 91 91 91 91 91 91 90 90 90 90 90 90 90 90 90 91 92 93 94 95 96 97 98 100 101 102 103 104 105 105 105 106 106 106 106 106 106 106 107 107 107 107 107 107 108 108 109 109 109 110 110 111 111 111 112 112 113 113 114 115 115 116 117 117 118 119 119 120 121 121 122 123 123 124 125 125 126 127 128 128 129 130 130 131 132 135 138 141
96 95 94 94 93 93 92 91 91 90 90 90 90 90 90 90 89 89 89 89 89 89 89 89 91 92 93 94 95 96 97 98 99 100 101 102 104 104 104 104 104 105 105 105 105 105 106 106 106 106 106 107 107 108 108 109 109 110 110 111 111 112 112 113 113 114 114 115 116 117 117 118 119 119 120 121 122 122 123 124 124 125 126 126 127 128 128 129 130 130 131 132 133 136 139 142
95 95 94 93 93 92 92 91 90 90 90 90 89 89 89 89 89 88 88 88 88 88 87 88 89 90 91 92 94 95 96 97 98 99 100 101 102 102 103 103 103 103 104 104 104 104 105 105 105 105 105 106 107 107 108 108 109 109 110 111 111 112 112 113 113 114 115 116 116 117 118 119 120 120 121 122 123 123 124 125 125 126 127 127 128 128 129 130 130 131 132 132 133 136 140 143
95 94 94 93 92 92 91 90 90 90 89 89 89 89 88 88 88 88 87 87 87 86 86 87 88 89 90 91 92 93 94 95 96 97 98 100 101 101 101 102 102 102 102 103 103 103 104 104 104 104 105 105 106 107 107 108 109 109 110 110 111 112 112 113 114 115 115 116 117 118 119 120 120 121 122 123 124 124 125 126 126 127 128 128 129 129 130 130 131 132 132 133 134 137 140 143
96 96 95 94 94 93 92 92 91 91 90 90 90 90 89 89 89 89 88 88 88 87 87 88 89 90 91 92 93 94 95 96 97 98 99 100 101 102 102 102 102 103 103 103 104 104 104 104 105 105 105 106 107 107 108 109 110 110 111 112 112 113 114 115 115 116 117 118 119 120 120 121 122 123 124 125 126 127 127 128 128 129 129 130 130 131 131 132 132 133 133 134 135 138 141 144
98 98 97 96 95 95 94 93 92 92 92 91 91 91 91 90 90 90 90 89 89 89 89 89 90 91 92 93 94 95 96 97 98 99 100 101 102 103 103 103 103 104 104 104 104 105 105 105 105 106 106 107 107 108 109 110 111 111 112 113 114 115 115 116 117 118 119 120 121 122 122 123 124 125 126 127 128 129 130 130 131 131 131 132 132 132 133 133 134 134 134 135 136 139 141 144
100 99 99 98 97 96 95 94 94 93 93 93 92 92 92 92 91 91 91 91 90 90 90 91 92 93 94 94 95 96 97 98 99 100 101 102 103 104 104 104 104 105 105 105 105 105 106 106 106 106 107 107 108 109 110 111 112 113 114 114 115 116 117 118 119 120 121 122 123 124 124 125 126 127 128 129 130 131 132 132 133 133 133 133 134 134 134 135 135 135 135 136 137 139 142 145
102 101 100 100 99 98 97 96 95 94 94 94 94 93 93 93 93 92 92 92 92 92 91 92 93 94 95 96 97 98 99 99 100 101 102 103 104 105 105 105 105 105 106 106 106 106 106 107 107 107 107 108 109 110 111 112 113 114 115 116 117 118 119 120 120 121 122 123 124 125 126 127 128 129 130 132 133 134 134 135 135 135 135 135 135 136 136 136 136 136 137 137 137 140 143 145
104 103 102 101 100 99 98 97 96 96 95 95 95 95 95 94 94 94 94 93 93 93 93 93 94 95 96 97 98 99 100 101 102 102 103 104 105 106 106 106 106 106 106 107 107 107 107 107 108 108 108 109 110 111 112 113 114 115 116 117 118 119 120 121 122 123 124 125 126 127 128 130 131 132 133 134 135 136 137 137 137 137 137 137 137 137 137 137 137 138 138 138 138 141 143 146
106 105 104 103 102 101 100 99 98 97 97 97 96 96 96 96 95 95 95 95 94 94 94 95 95 96 97 98 99 100 101 102 103 104 104 105 106 106 107 107 107 107 107 108 108 108 108 108 108 109 109 110 111 112 113 114 115 116 117 119 120 121 122 123 124 125 126 127 128 129 130 132 133 134 135 136 137 138 139 139 139 139 139 139 139 139 139 139 139 139 139 139 139 142 144 147
108 107 106 105 104 102 101 100 99 98 98 98 98 97 97 97 97 96 96 96 96 96 95 96 97 98 99 99 100 101 102 103 104 105 105 106 107 107 108 108 108 108 108 108 109 109 109 109 109 109 109 111 112 113 114 115 116 118 119 120 121 122 123 124 126 127 128 129 130 131 132 134 135 136 137 138 139 140 141 141 141 141 141 141 141 140 140 140 140 140 140 140 140 142 145 147
110 109 108 106 105 104 103 101 100 100 99 99 99 99 98 98 98 98 98 97 97 97 97 97 98 99 100 101 101 102 103 104 105 106 107 107 108 108 109 109 109 109 109 109 109 110 110 110 110 110 110 111 113 114 115 116 118 119 120 121 122 124 125 126 127 129 130 131 132 133 134 136 137 138 139 140 142 143 144 143 143 143 143 143 142 142 142 142 141 141 141 141 141 143 145 148
112 111 109 108 107 105 104 103 101 101 101 100 100 100 100 100 99 99 99 99 98 98 98 99 99 100 101 102 103 103 104 105 106 107 108 108 109 109 110 110 110 110 110 110 110 110 110 111 111 111 111 112 113 115 116 117 119 120 121 123 124 125 127 128 129 130 132 133 134 135 136 138 139 140 141 143 144 145 146 146 145 145 145 144 144 144 143 143 143 142 142 142 142 144 146 148
114 113 111 110 108 107 106 104 103 102 102 102 102 101 101 101 101 100 100 100 100 100 99 100 101 101 102 103 104 105 105 106 107 108 109 109 110 110 110 111 111 111 111 111 111 111 111 111 111 112 112 113 114 116 117 118 120 121 123 124 125 127 128 129 131 132 133 135 136 137 138 140 141 142 144 145 146 147 148 148 147 147 147 146 146 145 145 144 144 144 143 143 143 145 147 149
116 115 113 112 110 109 107 106 104 103 103 103 103 103 102 102 102 102 102 101 101 101 101 101 102 103 103 104 105 106 107 107 108 109 110 110 111 111 111 111 112 112 112 112 112 112 112 112 112 112 112 114 115 117 118 120 121 122 124 125 127 128 130 131 133 134 135 137 138 139 140 142 143 144 146 147 148 150 151 150 150 149 149 148 147 147 146 146 145 145 144 144 144 146 148 149
118 116 115 113 112 110 109 107 105 105 105 104 104 104 104 103 103 103 103 103 102 102 102 103 103 104 105 105 106 107 108 108 109 110 111 111 112 112 112 112 112 113 113 113 113 113 113 113 113 113 113 115 116 118 119 121 122 124 125 127 128 130 131 133 134 136 137 138 140 141 142 144 145 147 148 149 151 152 153 152 152 151 150 150 149 149 148 147 147 146 145 145 145 146 148 150
120 118 117 115 113 112 110 108 107 106 106 106 105 105 105 105 105 104 104 104 104 104 103 104 105 105 106 107 107 108 109 110 110 111 112 112 113 113 113 113 113 113 113 114 114 114 114 114 114 114 114 115 117 118 120 122 123 125 126 128 130 131 133 134 136 137 139 140 142 143 144 146 147 149 150 151 153 154 155 155 154 153 152 152 151 150 149 149 148 147 146 146 145 147 149 151
122 120 118 117 115 113 112 110 108 107 107 107 107 107 106 106 106 106 105 105 105 105 105 105 106 107 107 108 109 109 110 111 111 112 113 113 114 114 114 114 114 114 114 114 114 114 114 114 114 114 114 116 118 119 121 123 124 126 128 129 131 133 134 136 138 139 141 142 144 145 146 148 149 151 152 154 155 157 158 157 156 155 154 153 153 152 151 150 149 148 147 147 146 148 150 151
126 124 122 120 118 116 115 113 111 110 110 110 109 109 109 109 108 108 108 108 107 107 107 107 108 109 109 110 111 111 112 112 113 114 114 115 116 116 116 116 116 116 116 116 116 116 117 117 117 117 117 119 120 122 124 126 127 129 131 132 134 136 138 139 141 142 144 145 146 148 149 151 152 153 155 156 157 159 160 159 158 157 156 156 155 154 153 152 152 151 150 149 149 150 152 153
130 128 126 124 122 120 118 116 114 113 113 112 112 112 112 111 111 111 110 110 110 110 109 110 110 111 111 112 113 113 114 114 115 115 116 116 117 117 117 118 118 118 118 118 118 119 119 119 119 119 119 121 123 125 127 128 130 132 134 135 137 139 141 143 144 146 147 148 149 151 152 153 154 156 157 158 160 161 162 161 160 159 159 158 157 156 156 155 154 153 153 152 151 153 154 155
133 131 129 127 125 123 121 119 116 116 115 115 115 114 114 114 114 113 113 113 112 112 112 112 113 113 114 114 115 115 116 116 117 117 118 118 118 119 119 119 120 120 120 120 120 121 121 121 121 122 122 124 126 127 129 131 133 135 137 139 140 142 144 146 148 149 150 151 152 154 155 156 157 158 159 161 162 163 164 163 162 162 161 160 159 159 158 157 157 156 155 154 154 155 156 158
137 135 133 131 128 126 124 122 119 118 118 118 117 117 117 117 116 116 116 115 115 115 114 115 115 115 116 116 117 117 117 118 118 119 119 120 120 120 121 121 121 122 122 122 123 123 123 124 124 124 124 126 128 130 132 134 136 138 140 142 143 145 147 149 151 152 153 154 155 156 158 159 160 161 162 163 164 165 166 165 165 164 163 162 162 161 160 160 159 158 158 157 157 158 159 160
141 139 136 134 132 129 127 125 122 121 121 120 120 120 119 119 119 118 118 118 117 117 117 117 117 118 118 118 119 119 119 120 120 120 121 121 121 122 122 123 123 123 124 124 125 125 125 126 126 127 127 129 131 133 135 137 139 141 143 145 147 149 151 152 154 155 156 157 158 159 160 161 162 163 164 165 166 167 168 167 167 166 165 165 164 163 163 162 162 161 160 160 159 160 161 162
145 142 140 137 135 132 130 127 125 124 124 123 123 122 122 122 121 121 121 120 120 120 119 119 120 120 120 120 121 121 121 121 122 122 122 123 123 123 124 124 125 125 126 126 127 127 128 128 129 129 130 131 133 136 138 140 142 144 146 148 150 152 154 156 158 159 160 160 161 162 163 164 165 166 167 168 168 169 170 169 169 168 168 167 166 166 165 165 164 163 163 162 162 163 163 164
