pluvio/pluvio-224.asc
ncols         252
nrows         154
xllcorner     -0.5
yllcorner     -153.5
cellsize      1
NODATA_value  -9999
[rows 43 to 85 of 154, columns 0 to 95 of 252]
9 8 8 8 7 8 8 8 8 8 8 9 9 9 9 10 10 10 11 12 13 14 15 16 17 21 26 31 35 40 45 50 51 51 51 51 51 50 50 50 51 51 52 52 52 53 52 51 50 49 48 47 46 46 47 47 48 49 49 50 49 48 47 46 46 45 44 44 44 45 45 46 46 46 47 48 49 49 50 51 52 50 49 47 46 44 43 42 42 43 44 45 46 46 48 51
8 7 7 7 7 7 7 8 8 8 9 9 9 9 10 10 10 10 11 12 13 14 15 16 18 21 26 31 37 42 47 52 53 53 52 52 52 51 51 51 52 52 53 53 54 55 54 53 52 50 49 48 47 47 48 48 49 50 50 51 50 49 48 47 46 46 45 45 45 46 46 46 47 47 48 48 49 50 50 51 51 50 49 47 46 45 43 42 43 44 45 46 47 48 49 53
7 7 6 6 7 7 7 8 8 8 9 9 9 9 10 10 10 11 11 12 13 14 16 17 18 21 27 32 38 43 48 54 55 54 54 53 53 52 51 52 53 53 54 55 56 56 56 54 53 52 51 49 48 48 49 49 50 50 51 51 51 50 49 48 47 47 46 46 46 47 47 47 48 48 48 49 49 50 50 51 51 50 48 47 46 45 43 42 43 45 46 47 48 49 50 55
7 7 7 7 7 8 8 9 9 9 10 10 10 10 10 11 11 11 12 13 14 15 16 17 18 21 27 32 38 43 49 54 55 55 54 54 53 53 52 53 54 55 56 56 57 58 57 56 55 54 53 51 50 50 51 51 52 52 53 53 52 51 50 49 48 47 46 47 47 47 48 48 48 48 49 49 50 50 51 51 52 50 49 48 47 45 44 43 44 45 46 47 48 49 51 55
8 8 8 8 9 9 9 10 10 11 11 11 11 11 11 11 11 11 12 13 14 15 16 17 18 21 27 32 38 43 48 54 55 55 55 54 54 54 53 54 55 56 57 58 59 60 59 58 57 56 55 54 52 53 53 53 54 54 54 55 54 53 52 51 49 48 47 47 48 48 48 49 49 49 50 50 51 51 52 52 53 52 50 49 48 46 45 44 45 46 47 48 49 50 51 55
9 9 9 9 10 10 11 11 12 12 12 13 12 12 12 12 12 12 12 13 14 15 16 17 17 21 27 32 37 43 48 53 55 55 55 55 55 55 55 55 56 57 59 60 61 62 61 60 59 58 57 56 55 55 55 55 56 56 56 56 55 54 53 52 50 49 48 48 48 49 49 49 49 50 50 51 51 52 53 53 54 53 51 50 49 47 46 45 45 46 47 48 49 50 51 55
10 10 10 11 11 11 12 12 13 13 14 14 13 13 13 13 12 12 12 13 14 15 16 17 17 21 27 32 37 43 48 53 55 55 55 55 55 55 56 56 58 59 60 61 62 64 63 62 61 60 59 58 57 57 57 57 57 58 58 58 57 56 54 53 52 50 49 49 49 49 50 50 50 50 51 52 52 53 54 54 55 54 52 51 49 48 47 45 46 47 48 49 50 50 52 56
10 11 11 12 12 13 13 14 14 15 15 15 15 14 14 13 13 12 13 13 14 15 16 17 17 21 26 32 37 42 48 53 55 55 55 56 56 56 57 58 59 60 61 63 64 65 65 64 63 62 61 60 59 59 59 59 59 59 60 60 58 57 55 54 53 51 50 50 50 50 50 50 50 51 51 52 53 54 55 56 56 55 53 52 50 49 47 46 47 48 48 49 50 51 52 56
11 12 12 13 13 14 14 15 15 16 16 16 16 15 15 14 13 13 13 14 14 15 16 17 17 21 26 32 37 42 48 53 55 55 56 56 57 57 58 59 60 62 63 64 66 67 67 66 65 64 63 62 61 61 61 61 61 61 61 61 60 58 57 55 54 52 50 50 51 51 51 51 51 51 52 53 54 55 56 57 57 56 54 53 51 50 48 47 48 48 49 50 50 51 52 56
12 13 13 14 15 15 16 16 17 17 18 18 17 16 15 15 14 13 13 14 15 15 16 17 17 21 26 32 37 42 47 53 55 55 56 57 57 58 59 60 61 63 64 66 67 69 69 68 67 66 65 64 64 63 63 63 63 63 63 63 61 60 58 56 55 53 51 51 51 51 51 52 52 52 53 54 55 56 57 58 59 57 55 54 52 51 49 48 48 49 49 50 51 51 52 56
15 15 16 17 17 18 18 19 19 20 20 20 19 18 17 17 16 15 15 15 16 16 17 17 18 21 27 32 37 43 48 54 56 56 57 57 58 59 59 60 62 63 64 66 67 68 68 67 67 66 65 65 64 64 64 64 64 64 63 63 62 60 59 57 56 54 53 53 53 53 53 53 53 53 54 55 55 56 57 58 59 57 56 54 53 52 50 49 50 50 51 52 52 53 54 57
18 19 19 20 20 21 21 22 22 23 23 23 22 21 20 19 18 17 17 17 17 17 18 18 18 22 27 33 38 44 49 55 57 57 58 58 59 59 60 61 62 63 64 65 66 67 67 66 66 65 65 65 64 64 64 64 64 64 64 64 62 61 60 58 57 56 55 54 54 54 54 54 54 54 55 55 56 57 57 58 58 57 56 55 54 53 52 51 51 52 53 53 54 55 56 59
21 22 22 23 24 24 24 25 25 25 26 25 24 23 22 21 20 19 18 18 18 18 19 19 19 22 28 34 39 45 51 56 58 59 59 59 60 60 60 61 62 62 63 64 65 65 65 65 65 65 65 65 65 64 64 64 64 64 64 64 63 62 61 60 58 57 56 56 56 56 56 56 56 56 56 56 57 57 58 58 58 57 57 56 55 54 53 52 53 54 54 55 56 57 58 61
24 25 26 26 27 27 27 28 28 28 28 28 27 25 24 23 22 21 20 20 20 20 19 19 19 23 29 34 40 46 52 58 59 60 60 60 60 61 61 61 62 62 63 63 64 64 64 64 64 64 65 65 65 65 65 64 64 64 64 64 63 62 61 61 60 59 58 58 58 58 57 57 57 57 57 57 58 58 58 58 58 58 57 56 55 55 54 53 54 55 56 57 58 59 60 62
27 28 29 29 30 30 30 30 31 31 31 30 29 28 27 25 24 23 22 22 21 21 20 20 19 23 29 35 41 47 53 59 61 61 61 61 61 61 61 61 62 62 62 62 62 63 63 63 64 64 64 65 65 65 65 65 64 64 64 64 64 63 62 62 61 60 60 59 59 59 59 59 59 58 58 58 58 58 58 58 58 58 57 57 56 56 55 55 56 57 58 59 60 61 62 64
31 31 32 33 33 33 33 33 33 34 34 33 32 30 29 28 26 25 24 23 23 22 21 21 20 24 30 36 42 48 54 60 62 62 62 62 62 62 62 62 62 62 61 61 61 61 62 62 63 63 64 65 65 65 65 65 65 65 64 64 64 64 63 63 62 62 61 61 61 61 60 60 60 60 59 59 59 59 58 58 58 58 57 57 57 57 57 56 57 58 60 61 62 63 64 66
34 34 35 36 36 36 36 36 36 36 36 36 34 33 31 30 28 27 26 25 24 23 22 21 20 24 30 37 43 49 55 61 63 63 63 63 63 62 62 62 62 61 61 61 60 60 60 61 62 63 64 64 65 65 65 65 65 65 65 65 64 64 64 64 64 63 63 63 63 62 62 62 61 61 61 60 60 59 59 58 58 58 58 58 58 58 58 58 59 60 61 62 63 65 66 68
36 37 37 38 38 39 39 39 39 39 40 39 38 37 36 35 33 32 31 30 28 27 26 25 23 27 33 39 45 51 57 63 64 64 64 64 64 64 64 64 64 63 63 63 62 62 62 63 64 64 65 66 67 67 66 66 66 66 66 66 65 65 65 65 65 65 64 64 64 63 63 62 62 61 61 60 60 59 59 58 58 58 59 59 59 60 60 60 61 63 64 65 66 67 68 70
38 39 39 40 40 41 41 42 42 43 43 43 42 41 40 40 39 38 37 35 33 32 30 28 27 30 36 41 47 52 58 64 65 66 66 66 66 66 66 66 66 65 65 65 64 64 65 65 66 66 67 67 68 68 68 68 67 67 67 67 67 67 66 66 66 66 66 65 64 64 63 62 62 61 60 60 60 59 59 59 58 59 60 60 61 62 62 63 64 65 66 67 69 70 71 72
40 41 41 42 43 43 44 44 45 46 46 46 46 45 45 45 44 44 43 40 38 36 34 32 30 33 38 44 49 54 59 65 66 67 67 67 68 68 68 68 68 68 67 67 67 67 67 67 68 68 68 69 69 69 69 69 69 68 68 68 68 68 68 68 67 67 67 66 65 64 63 62 62 61 60 60 60 59 59 59 59 60 61 62 63 63 64 65 67 68 69 70 71 72 73 74
42 43 43 44 45 46 46 47 48 49 50 50 50 50 50 50 50 50 48 46 43 41 39 36 34 36 41 46 51 56 61 66 67 68 69 69 70 70 71 71 70 70 70 69 69 69 69 69 70 70 70 70 71 71 70 70 70 70 70 69 69 69 69 69 69 69 68 67 66 65 64 63 62 60 60 60 60 59 59 59 59 60 61 63 64 65 67 68 69 70 71 73 74 75 76 77
44 45 45 46 47 48 49 50 51 52 53 53 54 54 55 55 55 56 54 51 48 46 43 40 37 39 44 48 53 58 62 67 69 69 70 71 71 72 73 73 72 72 72 72 71 71 71 71 72 72 72 72 72 72 72 71 71 71 71 71 70 70 70 70 70 70 70 68 67 66 64 63 62 60 60 60 60 60 59 59 59 61 62 64 66 67 69 71 72 73 74 75 76 77 78 79
46 47 47 48 49 50 51 53 54 55 56 57 58 59 59 60 61 61 60 57 53 50 47 44 41 42 47 51 55 59 63 68 70 70 71 72 73 74 75 75 75 74 74 74 74 74 74 74 73 73 73 73 73 73 73 73 73 72 72 72 72 72 72 71 71 71 71 70 68 66 65 63 62 60 60 60 60 60 60 59 59 61 63 65 67 69 71 73 74 75 77 78 79 80 81 81
48 49 49 50 51 53 54 55 57 58 59 61 62 63 64 65 66 67 66 62 58 55 51 48 44 45 49 53 57 61 65 69 71 72 73 74 75 76 77 77 77 77 77 76 76 76 76 76 75 75 75 75 75 75 74 74 74 74 73 73 73 73 73 73 73 72 72 71 69 67 65 63 62 60 60 60 60 60 60 60 60 62 64 67 69 71 74 76 77 78 79 80 81 83 84 83
47 48 48 49 50 52 54 55 57 58 60 61 63 64 65 67 68 69 68 65 61 58 55 52 49 50 54 58 62 66 69 73 75 76 76 77 78 79 80 80 79 79 79 78 78 77 77 77 77 77 77 77 76 76 76 76 75 75 75 74 74 74 74 73 73 73 73 71 69 68 66 64 62 61 61 61 61 61 61 61 62 64 67 69 72 74 77 79 81 82 83 84 86 87 88 88
46 47 47 48 49 51 53 55 57 59 61 62 64 65 66 68 69 70 69 67 64 62 59 57 54 56 59 63 67 70 74 78 79 80 80 81 82 82 83 82 82 81 81 80 79 79 78 78 78 78 78 78 78 78 77 77 77 76 76 75 75 75 74 74 74 73 73 71 70 68 66 65 63 62 62 62 62 63 63 63 64 67 69 72 75 77 80 83 84 86 87 89 90 92 93 93
45 46 46 46 48 50 52 54 57 59 61 63 64 66 67 69 70 72 71 69 67 65 63 61 59 61 65 68 72 75 79 82 83 84 84 85 85 85 86 85 84 83 82 82 81 80 80 80 80 80 80 80 80 79 79 79 78 78 77 77 76 76 75 75 74 74 73 72 70 69 67 66 64 62 63 63 64 64 65 65 66 69 72 75 78 81 84 86 88 90 91 93 94 96 97 97
44 45 45 45 47 49 52 54 57 59 61 63 65 67 68 70 72 73 73 72 70 69 67 66 64 66 70 73 76 80 83 87 88 88 88 88 88 88 89 88 87 86 84 83 82 81 81 81 81 81 81 81 82 81 81 80 79 79 78 78 77 77 76 75 75 74 74 72 71 69 68 66 65 63 64 65 65 66 67 67 68 71 74 78 81 84 87 90 92 93 95 97 99 101 102 102
43 44 44 44 45 48 51 54 56 59 62 64 66 68 69 71 73 75 75 74 73 72 71 71 70 71 75 78 81 85 88 91 92 92 92 92 92 92 92 91 89 88 86 85 84 82 82 82 83 83 83 83 83 83 82 81 81 80 80 79 78 77 77 76 75 75 74 73 71 70 68 67 66 64 65 66 67 68 69 69 70 74 77 80 84 87 90 94 95 97 99 101 103 105 107 107
42 42 43 43 44 47 50 53 56 59 62 65 67 69 70 72 74 76 77 76 76 76 75 75 75 77 80 83 86 89 92 96 96 96 96 95 95 95 94 93 92 90 88 87 85 84 84 84 84 84 85 85 85 84 84 83 82 82 81 80 79 78 78 77 76 75 74 73 72 70 69 68 66 65 66 67 68 69 70 71 73 76 80 83 87 90 94 97 99 101 103 105 108 110 111 112
42 41 41 41 43 46 50 53 56 60 63 65 67 69 72 74 76 78 79 79 79 79 79 80 80 82 85 88 91 94 97 100 101 100 100 99 98 98 97 96 94 92 90 89 87 85 85 85 85 86 86 86 87 86 85 84 84 83 82 81 80 79 78 77 76 76 75 73 72 71 70 68 67 66 67 68 70 71 72 73 75 78 82 86 90 93 97 101 103 105 107 110 112 114 116 116
43 42 42 42 43 47 50 54 57 61 64 67 69 72 74 76 78 81 82 82 83 84 84 85 86 88 91 93 96 99 102 105 105 104 104 103 102 101 101 99 97 95 93 91 90 88 88 88 88 88 88 89 89 88 87 86 85 84 83 82 81 81 80 79 78 77 77 75 74 73 72 70 69 68 69 70 71 72 73 74 75 79 83 87 92 96 100 104 106 108 110 113 115 117 119 119
44 43 43 42 44 47 51 55 58 62 66 69 71 74 76 79 81 83 85 86 87 88 89 90 91 93 96 99 101 104 107 109 110 109 108 107 106 105 104 102 100 98 96 94 92 91 90 90 90 90 91 91 91 90 89 88 87 85 84 83 83 82 81 81 80 79 79 78 76 75 73 72 71 69 70 71 72 73 74 75 76 80 85 89 93 98 102 107 109 111 113 116 118 120 122 122
45 44 43 42 44 48 52 56 59 63 67 70 73 76 78 81 84 86 88 90 91 93 94 96 97 99 102 104 107 109 112 114 114 113 112 110 109 108 107 105 103 101 99 97 95 93 93 93 93 93 93 93 93 92 91 89 88 87 86 84 84 83 83 82 82 81 81 80 78 77 75 74 73 71 72 72 73 74 74 75 76 81 86 90 95 100 105 110 112 114 116 118 121 123 125 125
46 45 44 43 44 48 52 56 60 64 68 72 75 78 81 84 86 89 92 93 95 97 99 101 103 105 107 109 112 114 116 119 118 117 116 114 113 111 110 108 106 104 102 100 98 96 96 95 95 95 95 95 95 94 92 91 90 88 87 85 85 85 84 84 84 83 83 82 80 79 77 76 74 73 73 74 74 75 75 76 76 82 87 92 97 102 108 113 115 117 119 121 124 126 128 128
47 46 45 43 45 49 53 57 61 66 70 74 77 80 83 86 89 92 95 97 99 102 104 106 108 111 113 115 117 119 121 123 123 121 120 118 116 115 113 111 109 107 105 103 101 99 98 98 98 98 97 97 97 96 94 93 91 90 88 87 86 86 86 86 86 85 85 84 82 81 79 78 76 75 75 75 75 76 76 76 77 82 88 94 99 105 110 116 118 120 122 124 126 129 131 131
48 47 45 43 45 49 54 58 63 67 71 75 78 82 85 89 92 95 98 101 104 106 109 111 114 116 118 120 122 124 126 128 127 125 124 122 120 118 116 114 112 110 108 106 104 102 101 101 100 100 100 99 99 97 96 94 92 91 89 88 87 87 87 87 87 87 87 86 84 83 81 80 78 76 76 76 77 77 77 77 77 83 89 95 101 107 113 119 121 123 125 127 129 131 133 134
50 48 46 44 46 50 55 59 64 68 73 77 80 84 88 91 95 98 102 105 108 111 114 117 120 122 124 126 127 129 131 133 132 130 128 125 123 121 119 117 115 113 111 109 107 105 104 103 103 102 102 101 101 99 98 96 94 92 90 89 89 89 89 89 89 89 89 88 86 85 83 81 80 78 78 78 78 78 78 77 78 84 90 97 103 109 116 122 124 126 128 130 132 134 136 137
58 57 57 57 59 63 67 71 75 79 83 86 90 93 96 99 102 105 108 111 114 116 119 121 124 126 128 130 131 133 135 136 136 134 132 130 129 127 125 123 121 118 116 113 111 109 108 107 106 105 105 104 103 101 99 97 95 93 91 89 89 89 89 89 89 90 90 88 87 85 84 82 81 79 79 79 79 79 79 79 79 85 92 98 104 111 117 123 125 126 128 130 132 133 135 136
66 67 68 69 72 75 79 82 86 89 93 96 99 101 104 107 110 112 115 117 119 122 124 126 128 130 132 134 135 137 139 140 140 138 137 135 134 132 131 129 126 123 121 118 116 113 112 111 109 108 107 106 105 103 101 98 96 94 91 89 89 89 89 89 90 90 90 89 87 86 85 83 82 80 80 80 80 80 80 80 81 87 93 99 106 112 118 124 125 127 128 130 131 132 134 134
74 76 79 82 85 88 91 94 97 100 103 105 108 110 112 115 117 120 122 123 125 127 129 131 133 134 136 138 139 141 142 144 144 143 141 140 139 138 137 134 131 129 126 123 120 117 116 114 113 111 110 108 107 105 102 99 97 94 92 89 89 89 89 90 90 90 90 89 88 87 85 84 83 82 82 82 82 82 82 82 82 88 95 101 107 113 119 125 126 127 128 129 130 132 132 132
82 86 90 95 98 100 103 105 108 110 112 115 117 119 121 123 125 127 128 130 131 133 134 136 137 139 140 142 143 145 146 148 148 147 146 145 144 143 142 140 137 134 131 128 125 121 119 118 116 114 113 111 109 106 104 101 98 95 92 89 89 89 90 90 90 90 91 90 88 87 86 85 84 83 83 83 83 83 83 83 84 90 96 102 108 115 121 127 127 128 129 129 130 131 131 130
90 96 101 107 111 113 115 117 119 120 122 124 126 127 129 130 132 134 135 136 137 138 139 140 141 143 144 146 147 149 150 152 152 151 151 150 149 149 148 146 142 139 136 132 129 126 123 121 119 117 115 113 111 108 105 102 99 96 93 89 89 90 90 90 90 91 91 90 89 88 87 86 85 84 84 84 84 85 85 85 85 91 98 104 110 116 122 128 128 128 129 129 129 130 130 129
