pluvio/pluvio-321.asc
ncols         252
nrows         154
xllcorner     -0.5
yllcorner     -153.5
cellsize      1
NODATA_value  -9999
[rows 54 to 107 of 154, columns 0 to 95 of 252]
11 11 12 13 14 16 18 20 22 25 27 27 27 26 25 25 24 24 23 22 21 20 20 19 18 20 24 27 31 34 38 41 43 45 46 48 49 50 52 51 49 47 45 43 41 39 38 38 37 37 37 36 36 36 37 38 39 40 40 41 44 47 51 54 57 61 64 65 67 69 70 72 74 75 73 71 69 67 65 63 61 58 54 50 47 43 39 36 35 34 33 32 30 29 28 28
11 12 13 14 16 19 22 25 28 30 33 34 33 32 31 30 29 28 26 25 23 22 20 19 17 19 23 26 30 33 37 40 42 44 45 47 48 50 51 50 48 47 45 43 41 40 39 39 38 38 38 37 37 38 39 40 41 42 44 45 47 51 54 57 60 63 66 67 68 69 70 71 73 74 72 70 68 66 65 63 61 57 54 50 46 43 39 36 35 34 32 31 30 29 28 27
12 13 15 16 19 22 26 29 33 36 40 41 39 38 36 35 33 32 30 28 25 23 21 19 16 18 21 25 29 32 36 39 41 43 44 46 47 49 51 50 48 46 45 43 42 40 40 39 39 39 39 39 39 40 41 43 44 45 47 48 51 54 56 59 62 65 67 68 69 69 70 71 72 72 71 69 67 65 64 62 60 57 53 50 46 43 39 36 34 33 32 31 29 28 27 26
12 14 16 18 21 25 29 34 38 42 47 47 45 44 42 40 38 36 33 30 27 24 21 18 15 17 20 24 27 31 35 38 40 42 44 45 47 48 50 49 48 46 45 43 42 40 40 40 40 40 40 40 40 42 43 45 47 48 50 52 54 57 59 62 64 67 69 69 70 70 70 70 70 71 69 68 66 64 63 61 60 56 53 49 46 42 39 36 34 33 32 30 29 28 26 26
13 15 17 19 23 28 33 38 43 48 53 54 52 49 47 45 42 40 37 33 30 26 22 18 15 16 19 23 26 30 34 37 39 41 43 44 46 48 49 49 47 46 45 43 42 41 41 41 41 41 41 41 42 43 45 47 49 51 53 55 57 60 62 64 66 69 71 71 71 70 70 70 69 69 68 66 65 63 62 61 59 56 52 49 46 42 39 36 34 33 31 30 28 27 26 25
14 16 19 21 25 31 37 43 48 54 60 61 58 55 53 50 47 44 40 36 32 27 23 18 14 15 18 22 25 29 33 36 38 40 42 44 45 47 49 48 47 46 45 44 42 41 41 42 42 42 42 43 43 45 47 50 52 54 56 59 61 63 65 67 69 71 73 72 71 71 70 69 68 68 66 65 64 62 61 60 59 55 52 49 45 42 39 35 34 32 31 29 28 26 25 24
18 22 25 29 33 38 42 47 52 57 62 62 59 56 52 49 46 43 39 35 30 26 22 18 13 14 17 21 24 27 31 34 36 38 40 42 44 46 48 48 47 46 45 44 43 42 43 43 44 44 45 45 46 48 50 53 55 57 60 62 64 66 68 70 72 74 76 75 73 72 71 69 68 67 66 64 63 62 60 59 58 54 51 48 45 42 38 35 34 32 31 29 28 27 25 25
24 28 33 37 41 45 48 52 56 60 63 63 59 55 51 48 44 40 36 32 29 25 21 17 13 14 17 20 23 26 29 32 34 36 38 41 43 45 47 47 46 46 45 45 44 44 44 45 46 47 48 48 49 51 54 56 58 61 63 65 67 69 71 73 75 77 79 77 76 74 72 70 68 66 65 63 62 61 59 58 57 54 51 48 44 41 38 35 34 32 31 30 28 27 26 25
29 35 40 45 49 52 54 57 60 62 65 63 59 55 51 46 42 38 34 30 27 23 20 16 13 14 16 19 22 24 27 29 32 34 37 39 41 44 46 46 46 46 46 45 45 45 46 47 48 49 50 51 52 55 57 59 62 64 66 69 71 73 75 77 78 80 82 80 78 75 73 70 68 65 64 63 61 60 59 57 56 53 50 47 44 41 38 35 34 33 31 30 29 27 26 26
35 41 47 54 58 59 60 62 63 65 66 64 59 54 50 45 40 35 31 28 25 22 19 16 13 13 16 18 20 23 25 27 30 32 35 37 40 42 45 46 46 46 46 46 46 46 47 49 50 51 53 54 56 58 60 63 65 67 70 72 74 76 78 80 82 84 86 83 80 77 74 71 68 65 63 62 60 59 58 56 55 52 49 46 44 41 38 35 34 33 31 30 29 28 26 26
40 47 55 62 66 66 66 67 67 67 68 65 59 54 49 43 38 33 29 26 23 21 18 15 13 13 15 17 19 21 23 25 27 30 33 36 39 41 44 45 45 46 46 47 47 47 49 50 52 54 55 57 59 61 63 66 68 71 73 75 77 79 81 83 85 87 89 86 82 78 75 71 67 64 62 61 60 58 57 56 54 51 49 46 43 40 38 35 34 33 31 30 29 28 27 26
45 54 62 70 74 73 72 72 71 70 69 66 60 54 48 42 36 30 26 24 22 19 17 15 12 13 14 16 18 19 21 23 25 28 31 34 37 40 43 44 45 46 46 47 48 48 50 52 54 56 58 60 62 64 67 69 72 74 76 79 81 83 85 86 88 90 92 88 84 80 76 71 67 63 62 60 59 57 56 55 53 51 48 45 43 40 37 35 34 33 32 31 29 28 27 27
51 60 69 79 82 80 78 76 75 73 71 66 60 53 47 41 34 28 24 22 20 18 16 14 12 12 14 15 16 18 19 20 23 26 29 33 36 39 42 44 45 46 47 48 49 50 52 54 56 58 61 63 65 68 70 72 75 77 80 82 84 86 88 90 92 94 96 91 86 82 77 72 67 62 61 59 58 57 55 54 53 50 47 45 42 40 37 35 34 33 32 31 30 29 28 27
53 62 71 80 83 81 79 76 74 72 69 65 59 52 46 40 34 28 24 22 20 18 16 14 12 13 14 16 17 19 21 22 25 28 31 34 37 40 43 45 46 47 48 49 51 52 54 56 58 60 62 65 67 69 72 74 77 79 81 84 86 88 90 92 94 96 97 93 88 83 78 73 68 63 62 60 59 57 56 55 53 51 48 46 43 41 39 36 35 34 33 32 31 30 29 29
55 64 72 81 84 81 78 76 73 70 68 63 57 52 46 40 34 28 25 23 21 19 17 15 12 13 15 17 19 21 23 24 27 30 33 36 39 42 45 46 47 49 50 51 52 54 56 58 60 62 64 66 69 71 73 76 78 81 83 85 87 89 91 93 95 97 99 95 90 84 79 74 69 64 63 61 60 58 57 55 54 52 49 47 45 42 40 38 37 36 35 34 33 32 31 30
57 66 74 82 84 81 78 75 72 69 66 62 56 51 45 40 34 29 25 23 21 19 17 15 13 13 16 18 20 22 24 27 29 32 35 38 40 43 46 47 49 50 52 53 54 56 58 60 62 64 66 68 70 73 75 77 80 82 85 87 89 91 93 95 97 99 101 96 91 86 81 76 70 65 64 62 61 59 58 56 55 52 50 48 46 44 41 39 38 37 36 35 34 33 32 32
59 67 75 83 85 81 78 75 71 68 64 60 55 50 45 39 34 29 26 24 21 19 17 15 13 14 16 19 21 24 26 29 31 34 37 39 42 44 47 49 50 52 53 55 56 58 60 62 64 66 68 70 72 74 77 79 81 84 86 89 91 93 95 97 99 101 103 98 93 87 82 77 72 66 65 63 62 60 58 57 55 53 51 49 47 45 43 41 40 39 38 37 36 35 34 34
62 69 76 84 85 81 78 74 70 67 63 58 54 49 44 39 34 29 26 24 22 20 17 15 13 14 17 20 23 25 28 31 34 36 39 41 43 46 48 50 52 53 55 56 58 60 61 63 65 67 69 71 73 76 78 81 83 85 88 90 92 94 96 98 100 102 104 100 94 89 83 78 73 67 66 64 62 61 59 58 56 54 52 50 48 46 44 42 41 40 39 38 37 36 35 35
64 71 78 85 86 82 77 73 69 65 61 57 52 48 43 39 34 30 27 24 22 20 18 15 13 14 17 21 24 27 30 33 36 38 40 43 45 47 49 51 53 55 56 58 60 62 63 65 67 69 71 73 75 77 80 82 85 87 90 92 94 96 98 100 102 104 106 101 96 90 85 79 74 68 67 65 63 62 60 58 57 55 53 51 49 47 46 44 43 42 41 40 39 38 37 37
66 72 79 85 86 82 77 73 68 64 60 55 51 47 43 39 34 30 27 25 23 20 18 15 13 15 18 22 25 29 32 36 38 40 42 44 47 49 51 53 54 56 58 60 62 64 65 67 69 71 73 75 77 79 81 84 86 89 91 94 96 98 100 102 104 106 108 103 97 92 86 81 75 69 68 66 64 63 61 59 57 56 54 52 50 49 47 45 44 43 42 41 40 39 38 39
66 72 77 83 84 80 76 72 68 64 59 55 51 47 43 39 34 30 27 25 23 21 19 17 15 17 21 25 28 32 35 39 42 43 45 47 49 51 53 55 56 58 60 62 64 65 68 70 72 74 77 79 81 83 84 86 87 89 90 92 94 95 97 99 101 103 104 100 95 90 85 80 75 70 69 67 65 64 62 60 59 57 56 54 52 51 49 47 46 46 45 44 43 42 41 41
66 71 76 81 81 77 74 70 67 63 60 56 51 47 43 39 34 30 27 26 24 23 21 19 18 20 24 27 31 35 39 43 45 47 48 50 52 53 55 57 58 60 62 64 66 67 70 72 75 78 80 83 86 86 87 88 88 89 89 90 91 93 94 96 97 99 100 97 92 88 84 80 76 71 70 68 67 65 63 62 60 59 57 56 54 52 51 49 49 48 47 46 45 45 44 44
66 70 74 78 78 75 72 69 66 63 60 56 51 47 43 38 34 30 27 26 25 24 23 21 20 22 26 30 34 38 42 46 48 50 51 53 54 56 57 59 60 62 64 66 68 69 72 75 78 81 84 87 90 90 90 89 89 89 88 88 89 90 92 93 94 95 97 93 90 86 83 79 76 72 71 69 68 66 65 63 62 60 59 57 56 54 53 51 51 50 49 49 48 47 46 46
66 69 72 76 76 73 70 68 65 62 60 56 52 47 43 38 34 30 28 27 26 25 24 23 23 25 29 33 37 42 46 50 52 53 54 56 57 58 59 61 63 64 66 68 70 71 74 78 81 84 88 91 95 94 93 91 90 89 87 86 87 88 89 90 91 92 93 90 87 85 82 79 76 73 72 70 69 67 66 64 63 62 60 59 58 56 55 54 53 52 52 51 50 50 49 49
66 68 71 73 73 71 69 66 64 62 60 56 52 47 43 38 34 30 28 27 27 26 26 25 25 28 32 36 41 45 49 53 55 56 57 58 59 60 61 63 65 66 68 70 71 73 77 80 84 88 92 95 99 98 96 93 91 89 86 84 85 85 86 87 87 88 89 87 85 83 81 78 76 74 73 71 70 69 67 66 64 63 62 61 59 58 57 56 55 55 54 53 53 52 52 51
66 68 69 71 71 69 67 65 63 61 60 56 52 47 43 38 34 29 28 28 28 27 27 27 27 30 35 39 44 48 53 57 59 60 60 61 62 63 63 65 67 68 70 72 73 75 79 83 87 91 95 99 104 102 98 95 92 89 85 82 82 83 83 84 84 85 85 84 82 81 79 78 77 75 74 72 71 70 68 67 66 65 63 62 61 60 59 58 57 57 56 56 55 55 55 54
66 67 68 69 68 67 65 64 63 61 60 57 52 48 43 39 34 29 28 28 28 29 29 29 30 33 38 42 47 51 56 61 62 63 63 64 64 65 66 67 69 70 72 74 75 77 81 85 90 94 99 103 108 105 101 97 93 89 85 80 80 80 81 81 81 81 81 81 80 79 78 78 77 76 75 73 72 71 70 68 67 66 65 64 63 62 61 60 59 59 59 58 58 58 57 57
72 74 76 78 78 77 76 74 73 72 70 67 61 56 50 45 39 34 32 33 34 35 35 36 37 40 44 48 52 57 61 65 66 67 67 68 68 69 69 70 72 73 75 76 78 79 83 87 91 95 99 103 107 104 101 97 94 90 87 83 83 83 83 83 83 83 83 83 82 81 81 80 79 79 77 76 75 74 72 71 70 69 68 68 67 66 65 64 64 64 63 63 63 62 62 61
78 81 85 88 88 87 86 85 84 82 81 77 70 64 57 51 45 38 36 38 39 40 42 43 44 47 51 54 58 62 66 69 71 71 71 72 72 73 73 74 75 76 78 79 80 81 84 88 91 95 98 102 105 103 100 97 95 92 89 86 86 86 86 86 85 85 85 85 84 84 83 82 82 81 80 79 77 76 75 74 73 72 72 71 71 70 69 69 69 68 68 67 67 67 66 65
84 89 93 97 99 97 96 95 94 93 92 87 79 72 65 57 50 42 41 42 44 46 48 50 51 54 57 61 64 67 70 73 75 75 75 76 76 76 77 78 78 79 80 81 82 83 86 89 92 95 98 101 104 102 100 98 95 93 91 89 88 88 88 88 88 88 87 87 86 86 85 85 84 84 82 81 80 79 78 77 76 75 75 75 74 74 74 73 73 73 72 72 72 71 71 70
91 96 101 107 109 108 107 105 104 103 102 97 89 80 72 63 55 47 45 47 49 52 54 56 59 61 64 67 69 72 75 78 79 79 79 80 80 80 81 81 82 82 83 84 84 85 87 90 92 95 97 100 102 101 100 98 96 95 93 91 91 91 91 90 90 90 89 89 88 88 88 87 87 86 85 84 83 82 81 79 78 78 78 78 78 78 78 78 78 77 77 77 76 76 75 74
97 103 110 116 119 118 117 116 115 114 113 107 98 88 79 70 60 51 49 52 55 57 60 63 66 68 71 73 75 77 80 82 83 83 83 84 84 84 84 85 85 85 86 86 87 87 89 91 93 95 97 99 101 100 99 98 97 96 95 94 94 93 93 93 92 92 91 91 91 90 90 89 89 89 88 86 85 84 83 82 81 81 82 82 82 82 82 83 82 82 82 81 81 80 80 78
103 110 118 126 129 128 127 126 125 124 123 117 107 96 86 76 66 55 53 57 60 63 66 70 73 75 77 79 81 83 85 86 87 87 87 88 88 88 88 88 88 88 89 89 89 89 90 92 93 95 96 98 99 99 99 98 98 98 97 97 96 96 95 95 94 94 93 93 93 92 92 92 91 91 90 89 88 87 86 85 84 84 85 85 86 86 87 87 87 86 86 86 85 85 84 83
109 117 126 135 138 137 137 136 135 134 133 126 115 104 93 82 71 60 58 62 65 69 72 76 80 82 83 85 86 88 89 91 91 91 91 91 91 92 92 92 91 91 91 91 91 91 92 93 94 95 96 97 98 98 99 99 99 99 99 100 99 99 98 97 97 96 95 95 95 95 94 94 94 94 93 92 91 90 89 88 87 87 88 89 90 90 91 92 91 91 90 90 90 89 89 87
112 120 128 135 139 137 136 135 134 133 132 126 116 107 97 88 78 69 66 69 71 74 76 78 81 83 84 86 88 89 91 93 93 93 93 93 94 94 94 93 93 93 93 92 92 92 93 94 95 95 96 97 98 99 99 100 100 100 101 101 100 100 99 99 98 97 97 97 96 96 96 96 96 95 95 94 93 92 91 90 89 90 91 91 92 92 93 94 93 93 92 92 91 91 90 88
115 122 129 136 139 137 136 135 133 132 131 126 118 110 102 93 85 77 75 76 77 78 79 80 81 83 85 87 89 91 93 95 96 96 96 96 96 96 96 95 95 95 94 94 93 93 94 94 95 96 97 98 99 99 100 100 101 101 102 102 102 101 101 100 100 99 98 98 98 98 98 98 97 97 96 96 95 94 93 93 92 92 93 94 94 95 95 96 95 95 94 93 93 92 91 90
119 125 131 137 139 137 136 134 133 131 130 125 119 112 106 99 93 86 83 83 83 83 83 83 82 84 86 88 91 93 95 97 98 98 98 98 98 98 98 97 97 96 96 95 95 94 95 95 96 97 98 98 99 100 100 101 102 102 103 104 103 103 102 102 101 100 100 100 100 100 99 99 99 99 98 98 97 96 96 95 94 95 95 96 96 97 97 98 97 96 96 95 94 93 93 91
122 127 132 138 139 138 136 134 132 130 128 125 120 115 110 105 100 95 92 91 89 88 86 85 83 84 87 89 92 95 97 100 100 100 100 100 100 100 99 99 98 98 97 96 96 95 96 96 97 98 98 99 99 100 101 102 103 103 104 105 105 104 103 103 102 102 101 101 101 101 101 101 101 101 100 100 99 99 98 98 97 97 98 98 99 99 100 100 99 98 97 97 96 95 94 93
125 130 134 139 140 138 135 133 131 129 127 124 121 117 114 111 107 104 101 98 95 92 90 87 84 85 88 91 94 96 99 102 103 103 102 102 102 102 101 101 100 99 99 98 97 96 97 97 98 98 99 99 100 101 102 103 103 104 105 106 106 105 105 104 104 103 103 103 103 103 103 103 103 103 102 102 101 101 100 100 100 100 100 101 101 101 102 102 101 100 99 98 97 96 95 94
128 132 136 139 140 138 135 133 131 128 126 124 122 120 118 116 114 112 109 105 101 97 93 89 85 86 89 92 95 98 101 104 105 105 105 104 104 104 103 103 102 101 100 99 98 97 98 98 98 99 99 100 100 101 102 103 104 105 106 108 107 107 106 106 105 105 104 104 104 104 104 105 105 105 104 104 104 103 103 103 102 102 103 103 103 104 104 104 103 102 101 100 99 98 96 96
132 135 138 141 141 138 136 133 131 128 126 124 124 123 122 122 121 120 117 112 107 102 97 92 86 87 90 93 97 100 103 107 107 107 107 106 106 106 105 104 103 102 101 100 99 98 99 99 99 100 100 100 101 102 103 104 105 106 108 109 109 108 108 107 107 106 106 106 106 106 106 106 106 106 106 106 106 105 105 105 105 105 105 105 105 106 106 106 105 104 102 101 100 99 98 97
136 139 142 145 145 143 140 138 135 133 130 129 128 127 127 126 125 124 121 117 112 107 103 98 93 93 96 98 101 103 106 108 109 108 108 107 107 106 106 105 104 103 102 101 100 99 99 100 100 101 102 102 103 104 105 106 107 108 109 110 110 109 109 108 108 108 107 107 107 107 107 107 107 107 107 107 107 106 106 106 106 106 106 107 107 107 107 107 106 105 104 103 102 100 99 99
140 143 147 150 150 148 145 143 140 138 135 134 133 132 131 130 129 128 125 121 117 113 109 104 100 100 102 103 105 107 108 110 110 109 109 108 108 107 107 106 105 104 102 101 100 99 100 101 101 102 103 104 105 106 107 107 108 109 110 111 111 110 110 110 110 109 109 109 109 109 109 108 108 108 108 108 108 108 107 107 107 107 108 108 108 108 108 109 107 106 105 104 103 102 101 100
144 148 151 155 155 153 150 148 145 142 140 138 137 136 135 134 133 132 129 126 122 118 115 111 107 107 107 108 109 110 111 111 111 111 110 109 109 108 107 106 105 104 103 102 101 100 100 101 103 104 105 106 107 108 108 109 110 110 111 112 112 111 111 111 111 111 111 110 110 110 110 109 109 109 109 109 109 109 109 109 109 109 109 109 109 109 110 110 109 108 107 106 105 103 103 102
148 152 156 160 160 158 155 152 150 147 145 143 142 141 139 138 137 136 133 130 127 124 121 117 114 113 113 113 113 113 113 113 112 112 111 110 110 109 108 107 106 105 104 102 101 100 101 102 104 105 106 108 109 110 110 111 111 112 112 112 113 112 112 112 112 112 112 112 112 111 111 111 110 110 110 110 110 110 110 110 110 110 110 110 111 111 111 111 110 109 108 107 106 105 104 104
152 156 160 164 165 162 160 157 155 152 150 148 146 145 144 142 141 140 137 135 132 129 127 124 121 120 119 118 117 116 115 115 114 113 112 111 110 110 109 108 106 105 104 103 102 100 101 103 105 106 108 110 111 112 112 112 113 113 113 113 114 114 114 114 114 114 114 114 113 113 112 112 111 111 111 111 111 111 111 111 111 111 111 112 112 112 112 112 111 110 109 108 107 107 106 105
157 161 165 169 170 167 165 162 159 157 154 152 151 149 148 146 145 144 142 139 137 135 133 130 128 126 125 123 121 120 118 116 115 114 113 112 111 110 109 108 107 106 105 103 102 101 102 104 106 108 110 111 113 114 114 114 114 114 114 114 115 115 115 115 115 115 116 115 114 114 113 113 112 112 112 112 112 112 112 112 112 113 113 113 113 113 113 114 113 112 111 110 109 108 107 107
159 164 168 173 173 171 168 166 163 161 158 156 155 153 151 150 148 147 145 143 141 140 138 136 134 132 130 127 125 123 120 118 116 115 114 113 112 111 110 109 108 107 105 104 103 102 103 105 107 109 111 113 115 116 116 116 115 115 115 115 116 116 116 116 117 117 117 117 116 115 115 114 113 113 113 113 113 113 113 114 114 114 114 114 114 115 115 115 114 113 112 111 111 110 109 109
154 159 164 168 170 167 165 163 161 159 157 155 154 153 151 150 148 147 146 144 143 141 140 139 137 135 132 130 127 124 121 119 117 116 115 114 113 112 111 110 109 108 107 106 105 104 105 107 109 111 113 115 117 117 117 117 117 117 117 117 117 118 118 118 118 119 119 118 117 117 116 115 115 114 114 114 114 115 115 115 115 115 115 115 116 116 116 116 115 115 114 113 113 112 112 112
148 154 159 164 166 164 162 161 159 157 156 154 153 152 151 150 149 147 146 145 144 143 142 141 140 138 135 132 129 126 123 120 118 117 116 115 114 113 112 111 110 110 109 108 107 106 107 109 111 113 115 117 119 119 119 119 119 119 119 119 119 119 119 120 120 120 120 120 119 118 118 117 116 116 116 116 116 116 116 116 116 116 116 117 117 117 117 117 117 116 116 116 115 115 114 115
143 149 154 160 162 161 160 158 157 156 155 153 152 151 151 150 149 148 147 146 146 145 144 144 143 141 137 134 131 127 124 121 119 118 117 116 115 114 113 113 112 111 110 109 109 108 109 111 113 115 117 119 121 121 121 121 121 121 120 120 121 121 121 121 121 122 122 121 121 120 119 119 118 117 117 117 117 117 117 117 117 117 118 118 118 118 118 118 118 118 118 118 117 117 117 117
138 144 150 156 158 157 157 156 155 154 153 153 152 151 150 149 149 148 147 147 147 147 146 146 146 143 140 136 133 129 125 122 120 119 118 117 116 115 114 114 113 113 112 111 111 110 111 113 115 117 119 120 122 123 122 122 122 122 122 122 122 122 123 123 123 123 123 123 122 121 121 120 119 119 119 119 119 119 119 119 119 119 119 119 119 119 119 119 119 120 120 120 120 120 120 120
132 139 145 152 154 154 154 153 153 153 152 152 151 150 150 149 149 148 148 148 148 148 149 149 149 146 142 138 134 131 127 123 121 120 119 118 117 116 116 115 114 114 114 113 113 112 113 115 117 119 121 122 124 124 124 124 124 124 124 124 124 124 124 124 125 125 125 124 124 123 122 122 121 120 120 120 120 120 120 120 120 120 120 120 120 120 120 120 121 121 121 122 122 122 123 123
127 134 141 147 151 151 151 151 151 151 151 151 150 150 150 149 149 148 149 149 150 150 151 151 152 149 145 141 136 132 128 124 122 121 120 119 118 117 117 116 116 116 115 115 115 114 116 117 119 121 122 124 126 126 126 126 126 126 126 125 126 126 126 126 126 126 127 126 125 125 124 123 122 122 122 122 121 121 121 121 121 121 121 121 121 121 122 122 122 123 123 124 124 125 125 126
