pluvio/pluvio-307.asc
ncols         252
nrows         154
xllcorner     -0.5
yllcorner     -153.5
cellsize      1
NODATA_value  -9999
[rows 51 to 101 of 154, columns 96 to 191 of 252]
13 15 16 18 20 22 23 23 24 25 26 27 28 26 25 23 22 20 19 18 19 19 20 21 21 22 23 24 25 27 28 29 31 32 34 37 39 41 43 45 47 47 48 48 48 49 49 49 50 50 51 51 52 52 53 52 52 51 51 51 50 52 55 58 61 64 67 70 69 65 61 56 52 48 44 44 46 48 50 52 55 57 57 56 55 55 54 53 52 51 50 49 48 48 47 46
12 14 15 17 18 20 22 23 25 26 28 29 30 28 26 24 22 20 18 17 18 19 19 20 21 21 22 24 26 28 30 31 33 35 38 40 42 45 47 49 51 51 51 52 52 53 53 54 54 55 55 56 56 57 57 56 55 55 54 53 52 54 57 60 64 67 71 74 73 69 64 60 55 51 47 46 49 51 53 55 57 60 60 59 58 56 55 54 53 52 52 51 50 49 48 47
12 13 15 16 18 19 21 22 24 26 27 29 30 28 26 24 23 21 19 18 19 20 21 22 22 23 24 26 28 29 31 33 34 36 38 40 42 43 45 47 49 50 50 51 52 53 54 55 56 57 59 60 61 62 63 62 62 61 61 60 60 61 64 67 70 73 76 79 78 73 69 65 60 56 52 51 53 55 57 59 61 63 63 62 61 60 59 58 57 56 56 56 55 55 55 54
11 13 14 16 17 19 20 22 23 25 27 28 29 28 26 25 23 22 20 19 21 22 23 24 25 26 27 28 30 31 32 34 35 36 38 39 40 41 43 44 45 47 48 50 51 53 54 56 58 60 62 64 66 68 69 69 69 69 69 69 69 70 72 74 77 79 81 84 82 78 74 70 65 61 57 56 58 60 62 63 65 67 67 66 65 64 63 62 61 61 61 61 61 62 62 62
11 12 14 15 17 18 20 21 23 24 26 27 28 27 26 25 24 22 21 21 22 23 25 26 27 28 30 31 32 33 34 35 36 36 37 38 39 40 40 41 42 44 46 48 50 52 54 57 60 62 65 68 71 74 76 76 76 76 77 77 77 78 80 82 84 85 87 89 87 83 79 74 70 66 62 61 63 64 66 68 69 71 71 70 69 68 67 66 65 65 66 67 68 68 69 70
10 12 13 15 16 18 19 21 22 24 25 27 28 27 26 25 24 23 22 22 24 25 27 28 29 31 32 33 34 34 35 36 36 37 37 37 37 38 38 38 39 42 44 47 49 52 55 58 61 65 69 72 76 80 82 83 83 84 85 85 86 87 88 89 90 92 93 94 92 88 84 79 75 71 67 66 67 69 70 72 73 75 74 74 73 72 71 70 69 70 71 72 74 75 76 78
10 11 13 14 16 17 19 20 22 23 24 26 27 26 26 25 25 24 23 23 25 27 28 30 32 34 35 35 35 36 36 37 37 37 37 36 36 36 35 35 36 39 42 45 49 52 55 59 63 68 72 76 81 85 88 89 90 91 92 93 94 95 96 97 97 98 98 99 97 93 89 84 80 76 72 71 72 73 75 76 77 78 78 77 76 76 75 74 73 74 76 78 80 82 84 86
9 11 12 14 15 17 18 20 21 22 24 25 26 26 26 25 25 25 24 25 27 28 30 32 34 36 37 37 37 37 37 37 37 37 36 35 35 34 33 32 33 37 40 44 48 51 55 59 65 70 75 81 86 91 95 96 97 99 100 102 103 104 104 104 104 104 104 104 102 98 93 89 85 81 77 76 77 78 79 80 81 82 82 81 80 79 79 78 77 78 81 83 86 88 91 93
8 10 12 13 15 16 18 19 20 22 23 25 26 26 26 26 26 26 25 26 28 30 32 34 37 39 40 40 39 39 39 38 38 37 36 35 33 32 30 29 30 34 38 42 47 51 55 60 66 73 79 85 91 97 101 103 105 106 108 110 112 112 112 111 111 110 110 109 107 102 98 94 90 86 82 81 82 83 83 84 85 86 86 85 84 83 83 82 81 83 86 89 92 95 98 101
9 11 12 14 15 17 18 20 21 22 24 25 26 26 26 26 26 26 26 26 28 30 32 34 37 39 40 40 40 40 40 40 40 39 37 36 34 33 31 29 30 35 40 44 49 54 58 64 69 75 81 87 93 99 103 105 107 109 111 113 115 116 116 116 115 115 115 114 112 108 105 101 97 94 90 89 89 89 89 90 90 90 90 90 89 89 88 88 87 90 93 96 100 103 107 110
10 11 13 14 16 17 19 20 22 23 25 26 27 27 27 26 26 26 25 26 28 30 32 34 36 38 40 40 40 41 41 41 41 41 39 37 36 34 32 30 31 36 42 47 52 57 62 67 73 78 84 89 95 100 104 107 109 111 114 116 118 120 120 120 120 120 120 120 118 115 111 108 105 101 98 97 96 96 96 95 95 95 94 94 94 94 94 94 94 97 101 104 108 112 115 119
10 12 13 15 16 18 20 21 23 24 26 27 28 28 27 27 26 26 25 25 28 30 32 34 36 38 40 40 41 41 42 42 43 43 41 39 37 35 33 31 32 38 43 49 54 60 65 71 76 81 86 91 96 102 105 108 111 113 116 119 121 123 123 124 124 124 125 125 124 121 118 115 112 109 106 105 104 103 102 101 100 99 99 99 100 100 100 101 101 104 108 112 116 120 124 128
11 12 14 16 17 19 20 22 23 25 27 28 29 29 28 27 27 26 25 25 27 29 32 34 36 38 40 40 41 42 43 44 45 44 42 40 38 36 34 32 34 39 45 51 57 63 69 74 79 84 89 93 98 103 107 110 113 116 119 121 124 126 127 128 128 129 130 130 129 127 124 122 119 117 114 113 111 109 108 106 105 103 103 104 105 106 106 107 108 111 115 120 124 128 132 137
12 13 15 16 18 19 21 23 24 26 28 29 31 30 29 28 27 26 25 25 27 29 31 33 36 38 39 41 42 43 44 45 46 46 44 42 40 38 36 33 35 41 47 53 60 66 72 78 82 87 91 95 100 104 108 111 115 118 121 124 127 129 131 132 133 134 135 136 135 133 131 129 127 125 123 121 118 116 114 112 110 108 108 109 110 111 112 113 115 118 123 127 132 136 141 146
12 14 15 17 18 20 22 23 25 27 29 30 32 30 29 28 27 26 25 25 27 29 31 33 35 37 39 41 42 44 45 46 48 48 46 43 41 39 37 34 36 42 49 56 62 69 76 81 85 89 93 97 102 106 109 113 116 120 123 127 130 133 134 136 137 138 140 141 141 139 137 136 134 133 131 129 126 123 120 117 115 112 112 114 115 117 118 120 121 125 130 135 140 145 150 154
13 14 16 17 19 20 22 24 26 28 30 31 33 31 30 29 27 26 25 25 27 29 31 33 35 37 39 41 43 44 46 48 49 50 47 45 43 40 38 35 37 44 51 58 65 72 79 85 88 92 96 100 103 107 111 115 118 122 126 130 133 136 138 140 141 143 145 146 146 145 144 143 142 140 139 137 133 130 126 123 120 116 116 118 120 122 124 126 128 132 138 143 148 153 158 163
14 16 17 19 21 22 24 26 27 29 30 32 33 32 31 29 28 27 26 25 27 29 31 33 36 38 40 41 43 45 47 49 51 51 49 47 45 42 40 38 39 47 54 61 68 75 82 88 92 95 99 103 107 110 114 119 123 127 132 136 140 143 145 146 147 149 150 152 152 151 150 149 147 146 145 143 140 136 133 130 127 123 124 125 127 129 130 132 134 137 142 146 150 154 158 163
15 17 19 21 23 24 26 27 28 30 31 32 33 32 31 30 29 28 26 26 28 30 32 34 36 38 40 42 44 46 48 50 52 53 51 49 47 45 43 41 42 49 57 64 71 78 85 91 95 99 102 106 110 114 118 123 128 133 138 143 147 150 152 153 154 155 156 157 157 156 155 154 153 152 151 149 146 143 140 137 134 131 131 132 134 135 137 138 139 142 145 148 152 155 158 161
17 19 21 23 24 26 27 29 30 31 32 33 34 33 31 30 29 28 27 27 29 31 33 35 37 39 41 43 45 47 49 51 54 54 52 51 49 47 45 43 45 52 60 67 74 81 89 94 98 102 106 110 113 117 122 127 133 138 144 149 155 158 159 159 160 161 162 163 163 162 161 160 159 158 157 155 152 150 147 144 141 139 138 139 140 142 143 144 145 147 149 151 153 155 158 160
18 20 22 24 26 28 29 30 31 32 33 33 34 33 32 31 30 29 28 28 30 31 33 35 37 39 41 43 46 48 50 53 55 56 54 53 51 49 48 46 48 55 62 70 77 84 92 98 101 105 109 113 117 121 126 132 138 144 150 156 162 165 166 166 167 167 168 168 168 167 166 166 165 164 163 161 159 156 154 151 149 146 146 146 147 148 149 150 150 151 153 154 155 156 157 158
19 21 24 26 28 30 31 31 32 33 33 34 34 33 32 32 31 30 29 29 30 32 34 36 38 40 42 44 46 49 51 54 56 57 56 54 53 52 50 49 51 58 65 73 80 88 95 101 105 109 113 116 120 124 129 136 143 149 156 162 169 172 172 173 173 173 173 174 173 173 172 171 171 170 169 168 165 163 161 158 156 154 153 153 154 154 155 155 156 156 156 156 156 157 157 157
20 23 25 28 30 32 33 33 33 34 34 34 35 34 33 32 31 30 30 29 31 33 35 36 38 40 42 45 47 50 52 55 58 59 58 56 55 54 53 51 53 61 68 76 83 91 98 104 108 112 116 120 124 128 133 140 148 155 162 169 176 180 179 179 179 179 179 179 179 178 177 177 176 176 175 174 172 169 167 165 163 161 160 161 161 161 161 161 161 161 160 159 158 157 156 155
22 24 27 29 32 34 34 34 35 35 35 35 35 34 33 33 32 31 30 30 32 34 35 37 39 40 42 45 48 51 54 56 59 60 59 58 57 56 55 54 56 64 71 79 86 94 101 107 111 115 119 123 127 131 137 145 152 160 168 176 183 187 186 186 186 185 185 184 184 184 183 183 182 182 181 180 178 176 174 172 170 169 168 168 167 167 167 167 167 165 164 162 160 158 156 154
27 30 33 35 38 40 40 39 39 39 39 38 38 37 36 36 35 34 34 33 35 36 37 39 40 41 43 46 50 53 56 60 63 65 65 64 64 64 63 63 66 73 80 86 93 100 107 113 115 118 121 124 126 129 134 142 150 157 165 173 181 184 184 184 184 184 184 184 184 183 183 182 181 181 180 179 178 177 176 175 174 173 172 172 172 172 171 171 171 170 168 167 165 163 162 160
33 36 38 41 44 46 45 44 44 43 42 42 41 40 40 39 38 38 37 37 37 38 39 40 41 42 44 48 52 55 59 63 67 70 70 70 71 71 72 72 75 82 88 94 101 107 114 118 119 121 122 124 125 127 131 139 147 154 162 170 177 181 182 182 183 183 184 184 184 183 182 181 181 180 179 178 178 178 178 177 177 177 177 176 176 176 176 175 175 174 173 172 170 169 168 166
39 42 44 47 49 51 50 49 48 47 46 45 44 43 43 42 41 41 40 40 40 41 41 42 42 43 45 49 53 58 62 66 71 74 75 77 78 79 80 82 85 91 96 102 108 114 120 123 123 124 124 124 124 125 128 136 144 151 159 167 174 178 179 180 181 182 183 184 184 183 182 181 180 179 178 178 178 179 179 180 180 181 181 181 180 180 180 180 179 179 178 177 176 175 174 173
45 48 50 53 55 57 56 54 53 51 50 49 47 47 46 45 45 44 43 43 43 43 43 43 44 44 45 50 55 60 65 70 75 79 81 83 85 87 89 91 94 100 105 110 115 121 126 129 128 127 125 124 123 122 125 133 141 148 156 164 171 175 177 178 179 181 182 183 183 182 181 180 179 178 176 177 178 180 181 182 184 185 185 185 185 184 184 184 183 183 182 182 181 180 180 179
51 53 56 59 61 63 61 59 57 56 54 52 50 50 49 49 48 47 47 46 46 46 45 45 45 45 46 51 57 62 68 73 79 83 86 89 92 95 97 100 104 109 113 118 123 127 132 134 132 129 127 125 122 120 123 130 138 145 153 160 168 173 174 176 178 180 181 183 183 182 181 179 178 176 175 176 178 180 183 185 187 189 190 189 189 189 188 188 188 187 187 187 186 186 186 185
57 59 62 64 67 69 66 64 62 60 58 55 53 53 52 52 51 51 50 49 49 48 47 47 46 45 47 53 59 65 71 77 83 88 91 95 99 102 106 110 113 118 122 126 130 134 138 139 136 132 129 125 121 118 120 127 135 142 150 157 165 170 172 174 176 179 181 183 183 182 180 178 177 175 174 175 178 181 184 187 190 194 194 194 193 193 193 192 192 192 192 192 192 192 192 192
63 65 68 70 73 74 72 69 66 64 61 59 57 56 55 55 54 54 53 53 52 50 49 48 47 46 47 54 60 67 73 80 86 92 97 101 105 110 114 119 123 126 130 133 137 141 144 144 139 135 130 125 120 116 117 124 132 139 147 154 162 167 169 172 174 177 180 182 183 181 179 178 176 174 172 174 178 182 186 190 193 197 198 198 197 197 197 196 196 196 196 196 197 197 197 198
61 63 65 67 69 71 69 67 65 63 61 59 57 57 56 55 55 54 53 53 52 51 50 49 48 47 48 54 60 66 72 78 83 89 92 96 100 104 108 111 115 119 122 125 129 132 136 136 132 128 124 119 115 111 112 119 125 132 138 144 151 155 157 160 162 164 166 169 169 168 168 167 166 165 164 166 170 174 178 181 185 189 190 190 191 191 191 192 192 192 192 192 193 193 193 193
59 61 63 64 66 67 66 65 63 62 60 59 58 57 56 56 55 54 53 53 52 51 50 49 49 48 49 54 59 65 70 75 81 85 88 92 95 98 101 104 108 111 114 117 120 124 127 127 124 120 117 114 110 107 108 113 118 124 129 135 140 144 146 147 149 151 153 155 156 156 156 156 156 156 157 159 162 166 169 173 177 180 182 183 184 185 186 187 188 188 188 188 188 188 188 188
57 59 60 61 63 64 63 62 61 61 60 59 58 58 57 56 55 54 54 53 52 51 51 50 49 49 50 54 59 64 68 73 78 82 84 87 89 92 95 97 100 103 106 109 112 115 118 119 116 113 111 108 105 103 103 108 112 116 121 125 129 132 134 135 137 138 140 141 142 143 144 145 146 148 149 151 154 158 161 165 168 171 174 175 177 179 181 182 184 185 184 184 184 184 184 183
56 57 58 59 60 60 60 60 60 60 59 59 59 58 57 56 55 55 54 53 52 52 51 51 50 49 50 54 58 62 67 71 75 78 80 82 84 86 88 90 93 95 98 101 104 107 110 110 108 106 104 102 100 98 99 102 105 109 112 115 119 121 122 123 124 125 126 127 129 131 133 135 137 139 141 143 147 150 153 156 160 163 166 168 170 173 175 178 180 181 180 180 180 179 179 179
54 54 55 56 56 57 57 58 58 59 59 59 60 59 58 57 56 55 54 53 52 52 52 51 51 50 51 54 58 61 65 68 72 75 76 77 79 80 82 83 85 88 90 93 96 98 101 102 100 99 98 96 95 94 94 96 99 101 103 106 108 109 110 111 111 112 113 114 116 118 121 124 127 130 133 136 139 142 145 148 151 154 157 161 164 167 170 173 177 177 177 176 176 175 174 174
52 52 53 53 53 53 54 55 56 57 59 60 60 59 58 57 56 55 54 53 53 52 52 52 51 51 52 55 57 60 63 66 69 71 72 73 74 74 75 76 77 80 82 85 87 90 92 93 93 92 91 91 90 89 90 91 92 93 95 96 97 98 98 99 99 99 100 100 102 106 110 113 117 121 125 128 131 134 137 140 143 145 149 153 157 161 165 169 173 173 173 172 171 171 170 169
51 51 50 50 50 50 52 53 55 57 58 60 61 60 58 57 56 55 54 53 53 53 52 52 52 52 52 55 57 59 62 64 66 68 68 68 68 69 69 69 70 73 75 77 79 82 84 85 85 85 85 85 85 85 85 86 86 86 86 87 87 87 87 87 87 87 87 87 90 94 99 103 108 113 117 121 124 126 129 132 135 138 142 146 151 155 160 165 169 170 169 168 167 166 166 165
54 54 53 53 52 52 53 55 56 57 58 59 60 59 58 57 56 55 54 53 53 53 53 53 53 53 54 55 57 59 61 63 64 66 66 66 66 67 67 67 68 71 73 75 78 80 83 84 84 84 84 84 84 84 84 85 85 85 85 86 86 86 86 86 86 87 87 87 90 94 99 103 107 112 116 120 124 128 131 135 139 142 146 150 154 158 162 166 170 170 169 168 167 166 165 164
57 57 56 55 55 54 55 56 57 57 58 59 59 58 57 56 55 54 53 53 53 53 53 54 54 54 55 56 57 59 60 61 63 63 64 64 64 64 65 65 66 69 71 74 76 79 81 83 83 83 83 83 83 83 83 83 84 84 84 85 85 85 85 86 86 86 86 87 89 94 98 103 107 111 116 120 125 129 133 138 142 147 150 154 157 160 164 167 170 170 169 168 167 166 165 164
61 60 59 58 57 57 57 57 58 58 58 59 59 58 57 56 55 54 53 52 53 53 54 54 55 55 56 57 58 58 59 60 61 61 62 62 62 62 63 63 64 67 69 72 75 77 80 82 82 82 82 82 82 82 82 82 83 83 83 83 84 84 84 85 85 86 86 87 89 93 98 102 106 111 115 120 125 130 136 141 146 151 155 157 160 163 165 168 171 171 169 168 167 166 165 164
64 63 62 61 60 59 59 59 58 58 58 58 58 57 56 55 55 54 53 52 53 54 54 55 56 57 57 58 58 58 58 59 59 59 59 60 60 60 60 61 62 65 68 70 73 76 79 81 81 81 81 81 81 81 81 81 82 82 82 82 83 83 84 84 85 85 86 86 89 93 97 102 106 110 114 120 126 132 138 144 150 156 159 161 163 165 167 169 171 171 170 168 167 166 165 164
67 66 65 63 62 61 60 60 59 59 59 58 58 57 56 55 54 53 53 52 53 54 55 56 57 58 58 58 58 58 58 57 57 57 57 58 58 58 58 58 60 63 66 69 72 75 78 79 79 79 80 80 80 80 80 80 80 81 81 81 81 82 83 83 84 85 85 86 89 93 97 101 105 109 114 119 126 133 140 147 154 160 164 165 166 168 169 170 171 171 170 168 167 166 165 163
71 69 67 66 64 63 62 61 60 59 59 58 57 56 55 55 54 53 52 52 53 54 55 57 58 59 60 59 58 57 57 56 55 55 55 55 56 56 56 56 58 61 64 67 70 73 76 78 78 78 78 79 79 79 79 79 79 80 80 80 80 81 82 83 83 84 85 86 89 93 97 101 105 109 113 119 127 134 142 150 157 165 168 169 169 170 171 171 172 171 170 168 167 166 164 163
74 72 70 68 66 65 63 62 61 60 59 57 56 56 55 54 53 53 52 52 53 55 56 57 59 60 61 60 58 57 56 55 54 53 54 54 54 54 54 55 56 59 62 66 69 72 75 77 77 77 78 78 78 78 78 78 79 79 79 79 80 80 81 82 83 84 85 86 89 93 97 101 105 109 113 119 128 136 144 153 161 169 172 172 172 172 172 172 172 171 170 169 167 166 165 163
74 72 70 68 66 64 63 62 61 60 59 58 57 56 55 55 54 53 53 52 54 55 56 58 59 60 61 60 59 59 58 57 56 55 56 56 56 56 56 56 58 61 64 67 70 73 76 78 78 79 79 79 80 80 80 81 81 81 81 82 82 82 83 84 85 86 86 87 90 94 99 103 107 112 116 123 131 140 148 157 165 174 176 175 175 174 173 172 171 170 170 169 168 168 167 166
74 72 69 67 65 63 62 61 60 59 58 58 57 56 56 55 54 54 53 53 54 56 57 58 59 61 61 61 60 60 59 59 58 58 58 58 58 58 58 58 59 62 65 68 71 74 77 79 79 80 80 81 81 82 82 83 83 83 83 84 84 85 85 86 87 87 88 89 92 96 101 105 110 115 119 126 135 144 152 161 169 178 180 178 177 175 174 172 170 170 170 169 169 169 169 169
74 72 69 67 64 62 61 60 60 59 58 58 57 56 56 55 55 54 54 54 55 56 57 59 60 61 62 62 61 61 61 60 60 60 60 60 60 60 60 60 61 64 67 69 72 75 78 79 80 81 82 82 83 84 84 85 85 85 86 86 86 87 87 88 88 89 89 90 93 98 103 108 113 117 122 130 138 147 156 165 174 183 184 181 179 177 174 172 169 169 169 170 170 171 171 172
75 72 69 66 63 61 60 60 59 59 58 58 57 57 56 56 55 55 54 54 55 57 58 59 60 61 62 62 62 62 62 62 62 62 62 62 62 62 62 62 63 65 68 71 73 76 78 80 81 82 83 84 85 86 87 87 87 87 88 88 88 89 89 90 90 90 91 91 94 100 105 110 115 120 126 133 142 151 160 169 178 187 188 185 181 178 175 172 168 168 169 170 171 173 174 175
75 72 69 66 63 60 60 59 59 59 58 58 57 57 57 56 56 55 55 55 56 57 58 59 61 62 63 63 63 63 64 64 64 64 64 64 64 64 64 64 64 67 69 72 74 77 79 81 82 83 84 86 87 88 89 89 89 90 90 90 91 91 91 92 92 92 92 93 96 101 107 112 118 123 129 137 146 155 164 173 182 191 192 188 184 179 175 171 167 167 169 171 173 174 176 178
75 72 69 65 62 59 59 59 58 58 58 58 58 57 57 57 56 56 55 55 57 58 59 60 61 62 63 63 64 65 65 66 66 66 66 66 66 66 66 65 66 68 71 73 75 77 80 82 83 84 86 87 88 90 91 91 91 92 92 92 93 93 93 93 94 94 94 94 97 103 109 115 120 126 132 140 149 159 168 177 186 196 196 191 186 181 176 171 166 167 169 171 174 176 178 181
75 72 68 65 61 58 58 58 58 58 58 58 58 58 57 57 57 57 56 56 57 58 59 61 62 63 64 65 65 66 67 68 69 69 69 68 68 68 68 67 68 70 72 74 76 79 81 83 84 86 87 89 90 92 93 93 94 94 94 95 95 95 95 95 95 96 96 96 99 105 111 117 123 129 136 144 153 162 172 181 190 200 199 194 188 183 177 172 166 166 169 172 175 178 181 184
