pluvio/pluvio-8.asc
ncols         252
nrows         154
xllcorner     -18.017974
yllcorner     13.481982
cellsize      0.035948
NODATA_value  -9999
[rows 90 to 134 of 154, columns 96 to 191 of 252]
138 139 140 140 141 141 142 142 143 143 144 144 145 145 145 146 146 146 147 147 148 148 148 148 148 147 147 147 147 146 146 146 145 145 145 144 144 143 141 139 138 136 135 133 132 130 129 127 125 124 122 122 122 122 122 122 122 122 122 122 122 122 122 122 122 121 120 119 119 118 117 116 115 115 114 113 112 112 111 110 110 110 109 109 109 108 108 107 107 107 106 106 106 107 107 108
142 142 143 144 144 145 145 146 147 147 148 148 148 149 149 150 150 150 151 151 151 152 152 152 151 151 151 150 150 149 149 148 148 147 147 147 146 145 143 141 140 138 136 135 133 132 130 128 127 125 123 123 123 123 123 123 124 124 124 124 124 124 124 124 124 123 122 121 121 120 119 118 118 117 116 115 115 114 113 113 113 112 112 112 111 111 110 110 110 109 109 109 109 109 110 111
144 145 146 146 147 148 148 149 150 150 151 151 152 152 153 153 154 154 155 155 156 156 156 156 156 155 154 154 153 152 152 151 151 150 149 149 148 147 145 143 142 140 138 136 135 133 131 130 128 126 124 124 125 125 125 125 125 125 125 125 125 125 126 126 126 125 124 124 123 122 122 121 120 120 119 118 118 117 116 116 116 115 115 115 114 114 114 113 113 113 112 112 112 113 113 114
147 147 148 149 150 150 151 152 153 153 154 155 155 156 156 157 157 158 159 159 160 160 161 160 160 159 158 157 156 156 155 154 153 153 152 151 150 149 147 145 143 141 140 138 136 134 132 131 129 127 125 125 126 126 126 126 126 127 127 127 127 127 127 128 128 127 127 126 125 125 124 124 123 122 122 121 121 120 119 119 119 119 118 118 118 117 117 117 116 116 116 116 115 116 117 117
149 150 151 151 152 153 154 155 156 157 157 158 158 159 160 160 161 162 162 163 164 164 165 164 164 163 162 161 160 159 158 157 156 155 154 153 152 151 149 147 145 143 141 139 138 136 134 132 130 128 126 126 127 127 127 127 128 128 128 129 129 129 129 130 130 129 129 128 128 127 127 126 126 125 125 124 124 123 122 122 122 122 121 121 121 121 120 120 120 120 119 119 119 119 120 121
151 152 153 154 155 156 157 158 159 160 160 161 162 163 163 164 165 166 166 167 168 169 169 169 168 167 165 164 163 162 161 160 159 158 157 156 155 153 151 149 147 145 143 141 139 137 135 133 131 129 127 127 128 128 128 129 129 130 130 130 131 131 131 132 132 132 131 131 130 130 129 129 128 128 127 127 126 126 126 125 125 125 125 124 124 124 124 123 123 123 123 122 122 123 123 124
154 155 156 157 158 159 160 161 162 163 164 164 165 166 167 168 169 169 170 171 172 173 174 173 172 170 169 168 167 165 164 163 162 160 159 158 157 155 153 151 149 147 145 142 140 138 136 134 132 130 128 128 129 129 130 130 131 131 131 132 132 133 133 134 134 134 133 133 133 132 132 131 131 131 130 130 129 129 129 128 128 128 128 128 127 127 127 127 127 126 126 126 126 126 127 127
156 157 158 159 160 162 163 164 165 166 167 168 169 170 170 171 172 173 174 175 176 177 178 177 176 174 173 171 170 169 167 166 164 163 162 160 159 157 155 153 150 148 146 144 142 140 138 135 133 131 129 129 130 130 131 131 132 133 133 134 134 135 135 136 136 136 136 135 135 135 134 134 134 133 133 133 132 132 132 131 131 131 131 131 131 130 130 130 130 130 130 129 129 130 130 130
158 160 161 162 163 164 166 167 168 169 170 171 172 173 174 175 176 177 178 179 180 181 182 181 180 178 177 175 173 172 170 169 167 166 164 163 161 159 157 154 152 150 148 145 143 141 139 137 134 132 130 130 131 132 132 133 133 134 135 135 136 136 137 138 138 138 138 137 137 137 137 136 136 136 136 135 135 135 135 135 134 134 134 134 134 134 134 133 133 133 133 133 133 133 133 133
161 162 163 165 166 167 168 170 171 172 173 174 175 176 178 179 180 181 182 183 184 185 186 185 184 182 180 179 177 175 173 172 170 168 167 165 163 161 159 156 154 152 149 147 145 142 140 138 135 133 131 131 132 133 133 134 135 136 136 137 138 138 139 140 140 140 140 140 140 139 139 139 139 139 138 138 138 138 138 138 138 137 137 137 137 137 137 137 137 137 136 136 136 136 136 137
163 165 166 167 169 170 171 173 174 175 176 178 179 180 181 182 184 185 186 187 188 190 191 190 188 186 184 182 180 178 176 175 173 171 169 167 165 163 160 158 156 153 151 149 146 144 141 139 137 134 132 132 133 134 135 135 136 137 138 139 139 140 141 142 142 142 142 142 142 142 142 142 142 141 141 141 141 141 141 141 141 141 140 140 140 140 140 140 140 140 140 140 140 140 140 140
166 167 168 170 171 173 174 175 177 178 180 181 182 183 185 186 187 189 190 191 192 194 195 194 192 190 188 186 184 182 180 178 175 173 171 169 167 165 162 160 157 155 153 150 148 145 143 140 138 135 133 133 134 135 136 137 138 139 139 140 141 142 143 144 144 144 144 144 144 144 144 144 144 144 144 144 144 144 144 144 144 144 144 144 144 144 143 143 143 143 143 143 143 143 143 143
168 170 171 172 174 175 177 178 180 181 183 184 185 187 188 190 191 192 194 195 197 198 199 198 196 194 191 189 187 185 183 180 178 176 174 172 169 167 164 162 159 157 154 152 149 146 144 141 139 136 134 134 135 136 137 138 139 140 141 142 143 144 145 146 147 147 147 147 147 147 147 147 147 147 147 147 147 147 147 147 147 147 147 147 147 147 147 147 147 147 147 147 147 146 146 146
170 172 174 175 177 178 180 181 183 184 186 187 189 190 192 193 195 196 198 199 201 202 204 202 200 197 195 193 190 188 186 183 181 179 176 174 172 169 166 164 161 158 156 153 150 148 145 142 140 137 135 135 136 137 138 139 140 142 143 144 145 146 147 148 149 149 149 149 149 149 149 149 149 150 150 150 150 150 150 150 150 150 150 150 150 150 150 150 150 150 150 150 150 150 150 149
173 174 176 178 179 181 183 184 186 188 189 191 192 194 195 197 199 200 202 203 205 206 208 206 204 201 199 196 194 191 189 186 184 181 179 176 174 171 168 166 163 160 157 155 152 149 146 144 141 138 135 136 137 139 140 141 142 143 144 145 146 147 149 150 151 151 151 151 151 152 152 152 152 152 152 153 153 153 153 153 153 153 153 153 153 153 153 153 153 153 154 154 154 153 153 153
173 175 176 178 180 181 183 185 186 188 190 192 193 195 197 198 200 202 203 205 207 208 210 208 206 203 201 198 196 193 190 188 185 183 180 178 175 172 169 167 164 161 158 156 153 150 147 145 142 139 136 137 138 139 141 142 143 144 145 146 147 148 149 151 152 152 152 152 153 153 153 154 154 154 154 155 155 155 155 155 156 156 156 156 156 156 156 156 156 156 156 156 156 156 155 155
172 174 175 177 179 181 182 184 186 188 189 191 193 195 197 198 200 202 204 206 207 209 211 209 207 204 202 199 197 194 191 189 186 184 181 178 176 173 170 167 165 162 159 156 154 151 148 145 143 140 137 138 139 140 141 142 143 145 146 147 148 149 150 151 152 152 153 153 154 154 154 155 155 155 156 156 157 157 157 157 158 158 158 158 158 158 158 158 158 158 158 158 158 158 158 157
171 173 175 176 178 180 182 183 185 187 189 191 193 195 197 199 201 202 204 206 208 210 212 211 208 205 203 200 197 195 192 190 187 184 182 179 177 174 171 168 166 163 160 157 155 152 149 146 144 141 138 139 140 141 142 143 144 145 146 147 148 149 150 151 152 153 153 154 154 155 155 156 156 157 157 158 158 159 159 159 160 160 160 160 160 160 160 160 160 160 160 161 161 160 160 159
170 172 174 175 177 179 181 183 184 186 188 191 193 195 197 199 201 203 205 207 209 211 213 212 209 206 204 201 198 196 193 191 188 185 183 180 177 175 172 169 166 164 161 158 155 153 150 147 144 142 139 140 141 142 143 144 145 146 147 148 149 150 151 152 153 153 154 155 155 156 156 157 158 158 159 160 160 161 161 161 162 162 162 162 162 162 162 162 162 162 163 163 163 162 162 162
169 171 173 175 176 178 180 182 184 186 188 190 192 195 197 199 201 203 206 208 210 212 214 213 210 207 205 202 199 197 194 191 189 186 184 181 178 175 173 170 167 164 162 159 156 153 151 148 145 142 140 141 142 142 143 144 145 146 147 148 149 150 151 152 153 154 155 155 156 157 158 158 159 160 160 161 162 163 163 163 163 164 164 164 164 164 164 164 164 165 165 165 165 164 164 164
168 170 172 174 176 177 179 181 183 185 188 190 192 195 197 199 201 204 206 208 211 213 215 214 211 208 206 203 200 198 195 192 190 187 184 182 179 176 174 171 168 165 163 160 157 154 152 149 146 143 141 141 142 143 144 145 146 147 148 149 150 151 152 153 154 154 155 156 157 158 159 159 160 161 162 163 164 164 165 165 165 166 166 166 166 166 166 166 167 167 167 167 167 167 166 166
167 169 171 173 175 177 179 181 182 185 187 190 192 194 197 199 202 204 207 209 212 214 216 215 212 210 207 204 201 199 196 193 191 188 185 183 180 177 174 172 169 166 163 161 158 155 152 150 147 144 141 142 143 144 145 146 147 148 149 149 150 151 152 153 154 155 156 157 158 159 160 161 162 163 163 164 165 166 167 167 167 168 168 168 168 168 168 169 169 169 169 169 169 169 168 168
166 168 170 172 174 176 178 180 182 184 187 189 192 194 197 200 202 205 207 210 212 215 218 216 213 211 208 205 202 200 197 194 192 189 186 183 181 178 175 172 170 167 164 161 159 156 153 151 148 145 142 143 144 145 146 146 147 148 149 150 151 152 153 153 154 155 156 158 159 160 161 162 163 164 165 166 167 168 169 169 169 170 170 170 170 170 171 171 171 171 171 171 171 171 171 170
165 167 169 171 173 175 177 179 181 184 186 189 192 194 197 200 202 205 208 211 213 216 219 217 214 212 209 206 203 201 198 195 192 190 187 184 181 179 176 173 170 168 165 162 160 157 154 151 149 146 143 144 145 145 146 147 148 149 150 151 151 152 153 154 155 156 157 158 159 161 162 163 164 165 167 168 169 170 171 171 171 172 172 172 172 172 173 173 173 173 173 174 174 173 173 172
164 166 168 170 172 174 176 178 180 183 186 189 191 194 197 200 203 206 208 211 214 217 220 218 215 213 210 207 204 202 199 196 193 191 188 185 182 180 177 174 171 169 166 163 160 158 155 152 149 147 144 145 145 146 147 148 149 149 150 151 152 153 153 154 155 156 158 159 160 162 163 164 165 167 168 169 171 172 173 173 173 174 174 174 174 175 175 175 175 175 176 176 176 175 175 174
163 165 167 170 172 174 176 178 180 182 185 188 191 194 197 200 203 206 209 212 215 218 221 219 216 214 211 208 205 203 200 197 194 191 189 186 183 180 178 175 172 169 167 164 161 158 156 153 150 148 145 145 146 147 148 149 149 150 151 152 152 153 154 155 155 157 158 160 161 163 164 165 167 168 170 171 172 174 175 175 175 176 176 176 176 177 177 177 177 177 178 178 178 178 177 177
162 165 167 169 171 173 175 177 179 182 185 188 191 194 197 200 203 206 210 213 216 219 222 220 218 215 212 209 206 204 201 198 195 192 189 187 184 181 178 176 173 170 168 165 162 159 157 154 151 148 146 146 147 148 148 149 150 151 151 152 153 154 154 155 156 157 159 160 162 163 165 167 168 170 171 173 174 176 177 177 177 178 178 178 178 179 179 179 179 180 180 180 180 180 179 179
161 164 166 168 170 172 174 176 178 181 184 188 191 194 197 200 204 207 210 213 217 220 223 221 219 216 213 210 207 204 202 199 196 193 190 188 185 182 179 177 174 171 168 166 163 160 157 155 152 149 147 147 148 148 149 150 151 151 152 153 153 154 155 155 156 158 160 161 163 164 166 168 169 171 173 174 176 178 179 179 179 180 180 180 181 181 181 181 182 182 182 182 182 182 181 181
161 163 165 167 169 171 173 176 178 181 184 187 191 194 197 201 204 207 211 214 217 221 224 223 220 217 214 211 208 205 203 200 197 194 191 188 186 183 180 177 175 172 169 166 164 161 158 156 153 150 147 148 149 149 150 151 151 152 153 153 154 155 155 156 157 158 160 162 164 165 167 169 171 172 174 176 178 179 181 181 181 182 182 182 183 183 183 183 184 184 184 184 185 184 184 183
160 162 165 167 169 171 174 176 178 181 184 187 191 194 197 200 204 207 210 213 217 220 223 222 219 216 213 210 207 205 202 199 196 193 190 188 185 182 180 177 174 172 169 166 164 161 159 156 153 151 148 149 149 150 151 151 152 153 153 154 155 155 156 157 157 159 161 163 165 167 168 170 172 174 176 178 179 181 183 183 183 184 184 184 185 185 185 186 186 186 187 187 187 187 186 185
160 163 165 167 169 172 174 176 179 181 185 188 191 194 197 200 203 206 209 212 215 219 222 220 217 215 212 209 206 203 200 198 195 192 189 186 184 181 179 176 174 171 169 166 164 161 159 156 154 151 149 149 150 151 151 152 153 153 154 155 155 156 157 157 158 160 162 164 166 168 170 172 173 175 177 179 181 183 185 185 185 186 186 187 187 187 188 188 188 189 189 189 190 189 189 188
160 163 165 167 170 172 174 177 179 182 185 188 191 194 197 200 203 206 208 211 214 217 220 219 216 213 210 208 205 202 199 196 194 191 188 185 182 180 178 175 173 171 168 166 164 161 159 156 154 152 149 150 151 151 152 153 153 154 155 156 156 157 158 158 159 161 163 165 167 169 171 173 175 177 179 181 183 185 187 187 187 188 188 189 189 189 190 190 191 191 192 192 192 192 191 191
160 163 165 168 170 172 175 177 180 182 185 188 191 194 196 199 202 205 208 210 213 216 219 217 215 212 209 206 203 201 198 195 192 190 187 184 181 179 177 174 172 170 168 166 163 161 159 157 155 152 150 151 151 152 153 154 154 155 156 156 157 158 158 159 160 162 164 166 168 170 172 174 176 178 180 182 185 187 188 189 189 190 190 191 191 192 192 193 193 194 194 195 195 194 194 193
160 163 165 168 170 173 175 178 180 183 186 188 191 194 196 199 201 204 207 209 212 215 217 216 213 210 208 205 202 199 197 194 191 188 186 183 180 178 176 174 172 170 167 165 163 161 159 157 155 153 151 151 152 153 154 154 155 156 156 157 158 159 159 160 161 163 165 167 169 171 174 176 178 180 182 184 186 188 190 191 191 192 192 193 193 194 194 195 196 196 197 197 197 197 196 196
160 163 165 168 171 173 176 178 181 183 186 188 191 193 196 198 201 203 206 208 211 213 216 214 212 209 206 203 201 198 195 193 190 187 184 182 179 177 175 173 171 169 167 165 163 161 159 157 155 153 151 152 153 154 154 155 156 156 157 158 159 159 160 161 162 164 166 168 170 173 175 177 179 181 184 186 188 190 192 193 193 194 194 195 196 196 197 197 198 198 199 200 200 200 199 199
160 163 165 168 171 173 176 179 182 184 186 189 191 193 196 198 200 203 205 207 210 212 214 213 210 207 205 202 199 197 194 191 189 186 183 180 178 176 174 172 170 168 167 165 163 161 159 158 156 154 152 153 153 154 155 156 156 157 158 159 159 160 161 162 163 165 167 169 172 174 176 178 181 183 185 187 190 192 194 195 195 196 196 197 198 198 199 200 200 201 202 202 203 202 202 201
160 163 166 168 171 174 177 179 182 185 187 189 191 193 195 198 200 202 204 206 209 211 213 211 209 206 203 201 198 195 193 190 187 185 182 179 176 175 173 171 170 168 166 165 163 161 160 158 156 154 153 153 154 155 156 156 157 158 159 159 160 161 162 163 163 166 168 170 173 175 177 180 182 184 187 189 191 194 196 196 197 198 199 199 200 201 201 202 203 203 204 205 205 205 204 204
160 163 166 168 171 174 177 180 183 185 187 189 191 193 195 197 199 201 203 205 207 210 212 210 207 205 202 199 197 194 191 189 186 183 181 178 175 174 172 170 169 167 166 164 163 161 160 158 157 155 153 154 155 156 156 157 158 159 160 160 161 162 163 163 164 167 169 171 174 176 179 181 183 186 188 191 193 195 198 198 199 200 201 201 202 203 204 204 205 206 207 207 208 207 207 206
160 163 166 169 172 175 177 180 183 186 187 189 191 193 195 197 199 201 203 204 206 208 210 209 206 203 201 198 195 193 190 187 185 182 179 177 174 173 171 170 168 167 165 164 163 161 160 158 157 156 154 155 156 156 157 158 159 160 160 161 162 163 163 164 165 168 170 173 175 177 180 182 185 187 190 192 195 197 200 200 201 202 203 203 204 205 206 207 207 208 209 210 210 210 209 209
160 163 166 169 172 175 178 181 184 186 188 190 191 193 195 196 198 200 202 203 205 207 209 207 204 202 199 197 194 191 189 186 183 181 178 176 173 171 170 169 168 166 165 164 162 161 160 159 157 156 155 155 156 157 158 159 159 160 161 162 163 163 164 165 166 168 171 174 176 179 181 184 186 189 191 194 197 199 201 202 203 204 205 206 206 207 208 209 210 211 212 212 213 213 212 212
160 163 166 169 172 175 178 181 184 187 188 190 191 193 195 196 198 199 201 202 204 206 207 206 203 200 198 195 193 190 187 185 182 180 177 174 172 170 169 168 167 166 165 163 162 161 160 159 158 157 155 156 157 158 159 159 160 161 162 163 163 164 165 166 167 169 172 175 177 180 183 185 188 190 193 196 198 201 203 204 205 206 207 208 209 210 210 211 212 213 214 215 216 215 215 214
160 163 166 169 172 176 179 182 185 187 188 190 191 193 194 196 197 199 200 201 203 204 206 204 202 199 196 194 191 189 186 183 181 178 176 173 171 169 168 167 166 165 164 163 162 161 160 159 158 157 156 157 158 158 159 160 161 162 163 163 164 165 166 167 168 170 173 176 178 181 184 186 189 192 195 197 200 203 205 206 207 208 209 210 211 212 213 214 215 216 217 217 218 218 217 217
160 163 166 169 173 176 179 182 186 188 189 190 191 193 194 195 197 198 199 200 202 203 204 203 200 198 195 192 190 187 185 182 180 177 175 172 169 168 167 167 166 165 164 163 162 161 160 159 159 158 157 158 158 159 160 161 162 163 163 164 165 166 167 168 169 171 174 177 180 182 185 188 191 193 196 199 202 204 207 208 209 210 211 212 213 214 215 216 217 218 219 220 221 220 220 219
162 165 169 172 175 178 182 185 188 190 191 192 193 195 196 197 198 199 201 202 203 204 205 204 201 199 196 194 191 189 186 184 182 179 177 174 172 170 170 169 168 167 166 165 164 163 162 161 160 159 159 159 160 161 162 163 164 164 165 166 167 168 169 170 170 173 176 179 181 184 187 189 192 195 198 200 203 206 208 209 210 211 212 213 214 215 216 217 218 219 221 222 222 222 222 222
165 168 171 175 178 181 184 187 191 192 193 195 196 197 198 199 200 201 202 204 205 206 207 205 203 201 198 196 193 191 189 186 184 182 179 177 174 173 172 171 170 169 168 167 166 165 164 163 162 161 160 161 162 163 164 165 166 166 167 168 169 170 171 172 173 175 178 180 183 186 188 191 194 196 199 202 204 207 209 210 211 212 213 215 216 217 218 219 220 221 222 223 224 224 224 224
