pluvio/pluvio-295.asc
ncols         252
nrows         154
xllcorner     -0.5
yllcorner     -153.5
cellsize      1
NODATA_value  -9999
[rows 49 to 97 of 154, columns 0 to 95 of 252]
57 63 69 75 77 75 74 72 70 68 67 67 68 70 72 73 75 76 76 74 72 70 69 67 65 64 63 63 62 61 61 60 60 59 59 58 58 58 57 57 56 56 56 55 55 54 54 53 52 51 50 49 48 51 55 59 63 66 70 74 74 73 73 73 72 72 71 72 73 75 76 77 78 79 82 85 88 91 94 96 99 102 105 108 111 114 117 119 122 124 127 129 131 134 137 142
59 65 72 78 80 78 76 73 71 69 67 67 69 70 72 74 76 78 78 75 73 71 69 67 65 64 64 63 63 62 62 62 61 61 60 60 60 59 59 58 58 57 57 56 56 56 54 53 52 51 50 48 47 50 54 58 62 65 69 73 73 72 71 70 70 69 68 69 70 72 73 74 75 77 80 83 86 90 93 96 99 102 105 108 111 113 116 119 122 124 127 129 132 135 138 145
61 68 75 82 83 81 78 75 72 69 66 66 69 71 73 75 78 80 79 77 74 72 70 67 65 64 64 64 64 63 63 63 63 62 62 62 61 61 61 60 59 59 58 58 57 57 55 54 52 51 49 48 46 49 53 57 61 65 68 72 72 71 69 68 67 66 65 66 67 69 70 71 73 74 78 81 85 89 92 96 99 102 105 108 110 113 116 119 121 124 127 130 133 135 139 147
63 70 78 85 87 83 80 76 73 70 66 66 69 71 74 76 79 81 81 78 75 73 70 68 65 64 64 64 64 64 64 65 64 64 64 63 63 63 62 62 61 60 60 59 58 58 56 54 52 51 49 47 45 48 52 56 60 64 68 72 71 69 68 66 64 63 61 63 64 66 67 69 70 72 76 80 84 87 91 95 99 102 105 107 110 113 115 118 121 124 127 130 133 136 140 149
61 67 74 81 82 79 76 72 69 66 63 63 66 68 71 73 76 79 78 76 74 72 69 67 65 64 65 65 66 66 66 67 67 66 66 66 66 66 66 65 64 64 63 62 61 61 59 58 56 54 52 51 49 51 54 57 59 62 65 68 68 68 68 68 68 68 68 69 71 72 73 74 76 77 81 84 88 92 96 99 103 105 108 110 112 115 117 120 123 127 130 133 137 140 144 153
58 63 69 75 76 73 70 68 65 62 59 59 62 64 67 70 72 75 75 73 72 70 68 67 65 65 66 66 67 68 68 69 69 69 69 69 69 69 69 69 68 67 66 66 65 64 63 61 60 58 57 56 54 55 56 58 59 60 62 63 65 67 69 71 73 75 77 78 79 80 81 82 83 84 87 90 94 97 101 104 107 109 111 113 115 117 120 122 126 130 133 137 141 145 150 158
54 59 64 69 70 68 65 63 60 58 55 55 58 61 63 66 69 71 72 71 69 68 67 66 65 65 66 67 68 69 70 71 72 72 72 72 72 73 73 72 72 71 70 69 68 68 66 65 64 63 61 60 59 59 59 59 59 59 59 58 62 66 70 74 78 82 86 87 87 88 88 89 89 90 93 96 99 103 106 109 112 114 115 117 119 120 122 124 128 132 137 141 146 150 155 163
51 55 59 63 64 62 60 58 56 53 51 52 54 57 60 62 65 68 68 68 67 67 66 66 65 66 67 68 70 71 72 74 74 75 75 75 76 76 76 76 75 74 73 73 72 71 70 69 68 67 66 65 64 63 61 60 58 57 55 54 59 65 71 77 83 89 94 95 95 96 96 96 96 97 99 102 105 108 111 114 117 118 119 120 122 123 124 126 130 135 140 145 150 155 160 168
48 51 55 58 58 56 55 53 51 49 47 48 51 53 56 59 61 64 65 65 65 65 65 65 65 66 68 69 71 73 74 76 77 77 78 78 79 80 80 80 79 78 77 76 75 74 73 73 72 71 70 70 69 66 64 61 58 55 52 49 56 64 72 80 87 95 103 104 104 103 103 103 103 103 106 108 111 113 116 119 121 122 123 124 125 125 126 127 133 138 144 149 155 160 166 173
45 48 50 52 52 51 49 48 46 45 43 44 47 50 52 55 58 60 62 62 63 64 64 65 65 67 69 70 72 74 76 78 79 80 81 81 82 83 84 83 82 81 80 80 79 78 77 77 76 75 75 74 74 70 66 62 58 53 49 45 53 63 73 83 92 102 112 112 112 111 111 110 110 110 112 114 116 119 121 123 126 126 127 127 128 128 129 129 135 141 147 153 159 165 171 178
42 44 45 46 46 45 44 43 42 41 40 41 43 46 49 51 54 57 59 60 61 62 63 64 65 67 69 72 74 76 78 80 82 83 84 85 85 86 87 87 86 85 84 83 82 81 81 80 80 80 79 79 79 74 68 63 57 52 46 40 50 62 74 85 97 109 121 121 120 119 118 118 117 116 118 120 122 124 126 128 130 130 130 131 131 131 131 131 138 144 151 157 164 170 176 182
40 42 43 45 45 45 44 43 43 42 42 43 46 48 51 53 56 58 60 61 62 63 64 66 67 69 71 73 76 78 81 83 85 86 87 89 90 91 93 92 90 89 87 86 84 83 82 81 80 80 79 78 78 74 69 64 59 54 49 44 54 66 77 89 101 112 124 124 123 122 122 121 120 119 121 123 125 127 129 131 133 133 133 133 133 133 133 133 139 144 150 156 161 167 173 178
38 40 42 44 44 45 45 45 45 45 45 46 49 51 53 56 58 60 62 63 64 65 66 67 68 70 73 75 78 80 83 85 88 89 91 93 95 97 99 97 95 93 91 88 86 84 83 82 80 79 78 77 76 73 69 65 61 57 53 50 59 70 81 93 104 115 126 126 126 125 124 123 123 122 124 126 128 130 132 134 137 136 136 136 135 135 134 134 139 144 149 153 158 163 168 173
37 39 41 42 44 44 45 46 47 47 48 50 52 54 56 58 60 62 64 65 66 67 68 69 70 72 75 77 80 83 85 88 90 93 95 97 100 102 104 103 100 97 94 91 88 85 83 82 80 79 77 76 74 71 69 66 63 60 58 55 64 75 86 96 107 118 129 129 128 127 127 126 125 124 127 129 131 133 135 137 140 139 138 138 137 137 136 136 140 144 147 151 155 159 163 167
35 37 39 41 43 44 46 47 48 50 51 53 55 57 59 61 62 64 66 67 68 69 70 71 72 74 77 79 82 85 88 91 93 96 99 102 104 107 110 108 104 101 97 94 90 87 84 82 80 78 76 74 72 70 69 67 65 63 62 60 69 79 90 100 110 121 131 131 130 130 129 128 128 127 129 132 134 136 138 141 143 142 141 140 140 139 138 138 140 143 146 149 152 155 158 162
33 35 38 40 42 44 46 48 50 52 54 56 58 59 61 63 65 66 68 69 70 70 71 72 73 75 78 81 84 87 90 93 96 100 103 106 109 112 116 113 109 105 101 96 92 88 85 83 80 78 75 73 70 69 69 68 67 67 66 65 74 84 94 104 114 123 133 133 133 132 132 131 130 130 132 134 137 139 141 144 146 145 144 143 142 141 140 139 141 143 145 147 149 151 153 156
31 34 36 39 42 44 47 50 52 55 57 59 61 62 64 65 67 69 70 71 71 72 73 74 75 77 80 83 86 90 93 96 99 103 107 110 114 118 121 119 114 109 104 99 94 89 86 83 80 77 74 71 68 68 69 69 69 70 70 70 79 88 98 107 117 126 136 136 135 135 134 134 133 132 135 137 139 142 144 147 149 148 146 145 144 143 142 141 142 143 144 145 146 147 148 151
29 32 35 38 41 44 47 51 54 57 60 62 64 65 67 68 69 71 72 72 73 74 75 76 76 79 82 85 89 92 95 98 102 106 110 115 119 123 127 124 118 113 107 102 96 91 87 84 80 77 73 70 67 67 69 70 71 73 74 75 84 93 102 111 120 129 138 138 138 137 137 136 136 135 137 140 142 145 147 150 152 151 149 148 146 145 143 142 142 142 142 143 143 143 143 146
30 32 35 38 41 44 47 50 53 56 59 61 62 63 64 65 66 67 68 69 70 71 72 74 75 78 83 87 92 97 102 106 110 113 116 119 122 126 129 126 121 116 111 106 101 96 92 88 85 81 78 74 70 71 73 75 77 79 80 82 90 98 107 115 124 132 141 141 140 140 139 139 138 138 140 142 145 147 149 152 154 152 150 149 147 146 144 142 142 142 142 142 142 142 142 144
30 33 35 37 40 43 46 49 52 55 58 60 60 61 62 62 63 64 65 66 67 69 70 71 72 77 83 90 96 102 108 115 118 120 122 124 126 128 130 127 123 119 114 110 105 101 97 93 89 86 82 78 75 76 78 80 82 85 87 89 96 104 112 120 128 136 144 144 143 143 142 142 141 141 143 145 147 149 151 153 155 154 152 150 148 146 144 143 142 142 142 142 142 141 141 143
31 33 35 37 40 43 45 48 51 54 57 58 58 59 59 59 60 60 61 63 64 66 67 69 70 76 84 92 99 107 115 123 126 127 128 129 130 131 132 129 125 121 118 114 110 106 102 98 94 90 87 83 79 80 83 85 88 90 93 96 102 110 117 124 132 139 146 146 146 145 145 144 144 143 145 147 149 151 153 155 157 155 153 151 149 147 145 143 143 142 142 141 141 141 141 142
32 34 35 37 39 42 45 47 50 53 55 57 57 57 57 57 57 57 58 59 61 63 65 66 68 75 84 94 103 112 122 131 134 134 134 134 133 133 133 131 127 124 121 118 114 111 107 103 99 95 91 87 83 85 88 91 94 96 99 102 109 115 122 129 135 142 149 149 148 148 148 147 147 146 148 150 152 154 155 157 159 157 154 152 150 148 145 143 143 142 142 141 141 140 140 141
33 34 35 37 39 41 44 46 49 52 54 55 55 54 54 54 53 53 54 56 58 60 62 64 66 74 85 96 107 118 129 140 142 141 140 138 137 136 135 132 130 127 124 122 119 116 112 108 104 100 96 91 87 89 93 96 99 102 106 109 115 121 127 133 139 145 152 152 151 151 150 150 150 149 151 152 154 156 157 159 161 158 156 153 151 148 146 143 143 142 141 141 140 140 139 140
33 34 35 37 38 41 43 46 48 50 53 54 53 52 51 51 50 49 50 53 55 57 59 62 64 73 85 98 110 123 135 148 150 148 145 143 141 138 136 134 132 130 128 126 124 121 117 113 109 104 100 96 91 94 97 101 105 108 112 116 121 127 132 138 143 149 154 154 154 153 153 153 152 152 153 155 156 158 159 161 162 160 157 154 151 149 146 143 143 142 141 141 140 139 138 139
34 35 36 36 38 40 42 45 47 49 52 52 51 50 49 48 47 46 47 49 52 54 57 59 62 72 86 100 114 128 142 156 158 155 151 148 144 141 138 136 134 133 131 130 128 127 123 118 114 109 105 100 95 98 102 106 110 114 119 123 127 132 137 142 147 152 157 157 157 156 156 155 155 155 156 157 159 160 161 163 164 161 158 155 152 149 146 144 143 142 141 140 139 138 138 138
36 37 38 39 40 42 44 46 48 50 51 52 51 50 49 48 47 46 48 50 53 55 58 60 63 73 87 101 115 129 143 156 158 155 151 148 144 141 137 135 134 133 131 130 128 127 123 119 115 110 106 102 97 100 104 108 111 115 119 123 127 131 136 140 144 148 152 152 152 152 151 151 151 150 152 153 154 155 156 157 158 156 154 152 150 148 146 144 144 143 143 143 143 142 142 143
39 40 40 41 42 44 45 47 48 50 51 52 51 50 49 49 48 47 49 51 54 56 59 62 64 74 88 102 115 129 143 156 158 154 151 147 144 140 137 135 134 132 131 130 129 127 124 120 116 111 107 103 99 102 105 109 112 116 119 123 127 130 134 137 141 144 148 148 148 147 147 147 146 146 147 148 149 149 150 151 152 151 150 149 148 147 145 144 145 145 145 146 146 146 147 147
41 42 43 43 44 45 47 48 49 50 51 52 51 50 50 49 49 48 49 52 55 57 60 63 66 75 89 102 116 129 143 156 158 154 151 147 144 140 136 135 133 132 131 130 129 128 124 120 117 113 109 105 101 103 106 110 113 116 120 123 126 129 132 135 138 140 143 143 143 143 142 142 142 141 142 143 143 144 145 145 146 146 146 145 145 145 145 145 146 147 147 148 149 150 151 151
44 44 45 46 46 47 48 49 50 50 51 51 51 51 50 50 49 49 50 53 56 59 61 64 67 77 90 103 117 130 143 156 158 154 151 147 143 140 136 134 133 132 131 130 129 128 125 121 117 114 110 106 103 105 108 111 114 117 120 123 125 128 130 132 134 137 139 139 138 138 138 138 137 137 137 138 138 139 139 140 140 141 141 142 143 144 144 145 147 148 150 151 153 154 156 156
46 47 47 48 48 49 49 50 50 51 51 51 51 51 50 50 50 50 51 54 57 60 62 65 68 78 91 104 117 130 143 157 158 154 150 147 143 139 136 134 133 132 131 130 129 128 125 122 118 115 111 108 105 106 109 112 115 118 120 123 125 126 128 130 131 133 134 134 134 134 133 133 133 133 133 133 133 133 133 134 134 136 137 139 140 142 144 145 147 150 152 154 156 158 160 160
49 49 50 50 50 51 51 51 51 51 51 51 51 51 51 51 51 50 52 55 58 61 64 66 69 79 92 105 118 131 144 157 158 154 150 146 143 139 135 134 133 132 131 130 129 129 126 123 119 116 113 110 106 108 111 113 116 118 121 123 124 125 126 127 128 129 130 130 129 129 129 129 128 128 128 128 128 128 128 128 128 130 133 135 138 141 143 146 148 151 154 157 159 162 164 165
51 52 52 52 52 52 52 52 52 51 51 51 51 51 51 51 51 51 53 56 59 62 65 68 71 80 93 106 118 131 144 156 158 154 150 146 142 138 135 133 132 132 131 130 130 129 126 123 120 117 114 111 108 110 112 114 116 119 121 123 124 124 124 125 125 125 125 125 125 125 124 124 124 124 123 123 123 123 122 122 122 125 129 132 136 139 142 146 149 152 156 159 162 166 169 169
54 53 53 52 52 51 51 51 51 51 51 51 51 51 51 52 52 52 54 57 60 64 67 70 73 82 94 106 117 129 141 153 154 151 148 145 142 139 136 134 133 132 131 130 129 128 126 123 120 118 115 112 109 110 112 114 116 117 119 121 121 121 122 122 122 122 122 122 121 121 121 120 120 119 119 119 119 119 119 119 118 121 124 127 130 133 136 139 142 146 149 152 155 158 161 161
56 55 53 51 51 51 51 51 51 51 51 51 51 52 52 52 52 53 55 58 62 65 69 72 76 84 95 106 117 128 138 149 151 148 146 144 142 139 137 135 134 133 131 130 129 127 125 123 120 118 115 113 111 111 112 113 115 116 117 118 118 119 119 119 119 119 119 119 118 118 117 116 116 115 115 115 115 115 115 115 115 118 120 123 125 128 130 133 136 139 142 144 147 150 153 153
59 56 54 51 50 50 50 50 50 51 51 51 51 52 52 53 53 53 56 60 63 67 71 75 79 86 96 106 116 126 136 146 147 146 144 143 141 140 138 137 135 133 132 130 128 127 125 123 120 118 116 114 112 112 113 113 114 114 115 116 116 116 116 116 116 116 116 116 115 114 113 113 112 111 111 111 111 112 112 112 112 114 116 118 120 122 124 126 129 132 134 137 140 142 145 145
61 58 54 51 49 49 50 50 50 50 51 51 52 52 53 53 54 54 57 61 65 69 73 77 81 88 97 106 115 124 133 142 144 143 142 142 141 140 139 138 136 134 132 130 128 126 124 122 120 119 117 115 113 113 113 113 113 113 113 113 113 113 113 113 113 113 113 112 112 111 110 109 108 107 107 107 108 108 108 108 108 110 112 113 115 117 118 120 122 125 127 130 132 134 137 137
64 59 55 50 48 49 49 49 50 50 50 51 52 52 53 54 54 55 58 62 67 71 75 79 84 91 98 106 114 122 130 138 141 141 141 141 141 141 141 139 137 134 132 130 128 125 124 122 120 119 117 116 114 113 113 112 112 111 111 110 110 110 110 110 110 110 110 109 108 107 106 105 104 103 103 104 104 104 105 105 105 106 107 109 110 111 112 113 116 118 120 122 124 127 129 129
66 61 55 50 47 48 48 49 49 50 50 51 52 53 53 54 55 56 59 63 68 73 77 82 86 93 100 107 114 121 128 135 137 138 139 140 140 141 142 140 138 135 132 130 127 125 123 122 120 119 118 117 115 114 113 112 111 110 109 108 108 108 108 108 107 107 107 106 105 104 103 101 100 99 99 100 100 101 101 101 102 103 103 104 105 105 106 107 109 111 113 115 117 119 121 121
68 62 56 49 47 47 48 48 49 50 50 51 52 53 54 55 55 56 60 65 69 74 79 84 89 94 101 107 113 119 125 131 134 135 137 138 140 141 143 141 138 135 132 130 127 124 122 121 120 119 118 117 116 115 113 112 110 108 107 105 105 105 105 105 105 104 104 103 102 100 99 98 96 95 95 96 97 97 98 98 99 99 99 100 100 100 100 101 102 104 106 108 109 111 113 114
66 61 55 50 48 48 49 49 50 50 51 52 52 53 54 55 55 56 59 64 69 74 78 83 88 93 99 105 111 117 123 129 132 134 135 136 138 139 141 139 136 133 130 128 125 122 120 119 118 117 116 115 114 112 111 109 107 106 104 102 102 102 102 102 102 102 101 100 99 98 96 95 94 93 93 94 95 96 97 98 98 98 98 98 98 98 97 97 99 100 102 103 105 106 108 109
64 59 55 51 49 49 50 50 51 51 52 52 53 53 54 55 55 56 59 64 68 73 78 82 87 92 98 104 110 116 122 128 130 132 133 135 136 137 139 137 134 131 128 125 123 120 118 117 116 115 114 113 112 110 108 106 105 103 101 99 99 99 99 99 99 99 98 97 96 95 94 93 91 90 91 92 93 95 96 97 98 97 97 96 96 95 95 94 95 97 98 99 100 102 103 104
61 58 55 52 50 51 51 51 52 52 52 53 53 54 54 55 55 56 59 63 68 72 77 81 86 91 97 103 109 115 120 126 129 130 131 133 134 135 137 135 132 129 126 123 121 118 116 115 114 113 112 111 110 108 106 104 102 100 98 96 96 96 96 96 96 96 96 95 93 92 91 90 89 88 89 91 92 93 95 96 98 97 96 95 94 93 92 91 92 93 94 95 96 97 98 99
59 57 55 52 51 52 52 52 52 53 53 53 54 54 54 55 55 56 58 63 67 72 76 81 85 90 96 102 107 113 119 124 127 128 130 131 132 133 135 133 130 127 124 121 119 116 114 113 112 111 110 109 108 106 104 101 99 97 95 93 92 92 92 93 93 93 93 92 91 90 88 87 86 85 87 89 90 92 94 96 97 96 95 93 92 90 89 88 88 89 90 90 91 92 93 94
57 55 54 53 53 53 53 53 53 53 54 54 54 54 55 55 55 55 58 62 67 71 75 80 84 89 95 100 106 112 117 123 125 127 128 129 130 131 133 131 128 125 122 119 116 114 112 111 110 109 108 107 106 103 101 99 96 94 92 89 89 89 89 89 90 90 90 89 88 87 86 85 84 83 85 87 89 91 93 95 97 95 93 92 90 88 86 84 85 85 86 86 87 87 87 89
54 54 54 54 54 54 54 54 54 54 54 54 54 55 55 55 55 55 58 62 66 70 75 79 83 88 94 99 105 110 116 121 124 125 126 127 128 129 130 129 126 123 120 117 114 112 110 109 108 107 106 105 103 101 99 96 94 91 89 86 86 86 86 86 87 87 87 86 85 84 83 82 81 80 83 85 87 90 92 94 97 94 92 90 88 85 83 81 81 81 82 82 82 82 82 84
52 53 53 54 55 55 55 55 55 55 55 55 55 55 55 55 55 55 57 62 66 70 74 78 82 87 92 98 103 108 114 119 121 122 124 125 126 127 128 126 124 121 118 115 112 110 108 107 106 105 103 102 101 99 96 94 91 88 86 83 83 83 83 83 83 84 84 83 82 81 81 80 79 78 81 83 86 88 91 94 96 94 91 88 86 83 81 78 78 78 78 78 78 78 78 80
48 49 50 52 53 53 53 53 53 53 53 53 53 53 53 53 54 54 56 60 64 68 72 76 80 85 89 94 98 103 107 112 114 116 117 119 120 122 124 122 120 117 115 112 109 107 105 104 103 101 100 99 97 95 92 90 87 85 82 80 80 80 80 80 80 80 80 79 79 79 78 78 78 77 80 82 85 87 89 92 94 92 90 88 86 84 82 80 80 79 79 78 78 77 77 80
44 46 48 49 50 51 51 51 51 51 51 51 51 52 52 52 52 52 55 59 63 67 71 75 79 82 86 90 93 97 100 104 107 109 111 113 115 117 119 118 116 114 111 109 107 104 103 101 99 98 96 95 93 91 89 86 84 82 79 77 76 76 76 76 76 76 75 76 76 76 76 76 76 76 78 81 83 86 88 90 92 91 89 88 86 85 83 82 81 80 79 79 78 77 77 79
39 42 45 47 48 48 49 49 49 49 49 50 50 50 50 51 51 51 54 57 61 65 69 73 77 80 83 86 88 91 94 97 99 102 105 107 110 112 115 114 112 110 108 106 104 102 100 98 96 95 93 91 89 87 85 83 80 78 76 74 73 73 73 72 72 72 71 72 72 73 73 74 75 75 77 80 82 84 86 89 91 90 89 88 86 85 84 83 82 81 80 79 78 77 76 79
