pluvio/pluvio-322.asc
ncols         252
nrows         154
xllcorner     -0.5
yllcorner     -153.5
cellsize      1
NODATA_value  -9999
[rows 62 to 123 of 154, columns 96 to 191 of 252]
17 16 16 15 15 14 14 14 14 13 13 13 12 11 10 8 7 5 4 3 3 2 2 2 2 1 1 1 2 2 2 2 2 2 3 3 4 4 4 5 6 8 9 11 13 14 16 16 15 13 11 10 8 6 5 5 5 4 4 4 3 3 2 2 1 1 0 0 0 1 2 3 4 5 6 6 7 7 8 8 9 9 10 9 9 9 9 9 9 9 10 11 12 12 13 14
16 15 15 14 14 14 14 13 13 13 12 12 12 11 9 8 7 6 4 3 3 3 2 2 1 1 1 1 1 1 2 2 2 2 3 3 4 4 5 6 7 8 9 11 12 14 15 15 14 12 11 10 8 7 6 6 5 5 5 5 5 4 3 3 2 1 1 0 0 1 2 3 5 6 7 8 8 9 9 10 10 11 11 11 10 10 10 10 9 10 11 12 12 13 14 15
15 14 14 14 14 13 13 13 12 12 12 12 11 10 9 8 7 6 5 4 3 3 2 2 1 1 0 1 1 1 1 1 2 2 3 3 4 5 6 6 7 8 9 11 12 13 14 14 13 12 11 10 8 7 7 6 6 6 6 6 6 5 4 4 3 2 1 0 0 2 3 4 5 7 8 9 9 10 11 11 12 13 12 12 11 11 11 10 10 10 11 12 13 14 15 16
14 13 13 13 13 13 13 12 12 12 11 11 11 10 9 8 7 6 5 4 3 3 2 2 1 0 0 0 0 1 1 1 1 2 3 4 4 5 6 7 8 9 10 10 11 12 13 13 12 11 10 9 9 8 7 7 7 7 7 7 7 7 5 4 3 2 1 0 0 2 3 5 6 8 9 10 11 11 12 13 13 14 14 13 13 12 11 11 10 11 12 13 14 15 16 17
12 12 12 13 13 12 12 12 11 11 11 10 10 9 8 8 7 6 5 4 4 3 2 1 1 0 0 0 0 0 1 1 1 2 3 4 5 6 7 8 9 9 10 10 11 11 12 12 11 11 10 9 9 8 8 8 8 8 8 8 8 8 6 5 4 3 1 0 0 2 4 5 7 9 10 11 12 13 13 14 15 16 15 15 14 13 12 11 10 11 12 14 15 16 17 19
13 13 13 13 13 13 13 13 12 12 11 11 11 10 9 8 7 7 6 5 4 3 3 2 1 0 0 0 0 1 1 1 1 2 3 3 4 5 6 7 8 8 9 9 10 10 11 11 10 10 10 9 9 8 8 8 8 8 8 8 8 8 6 5 4 3 2 1 1 3 5 7 8 10 12 13 14 14 15 15 16 16 16 15 14 13 12 11 10 11 12 14 15 16 18 19
14 14 14 14 14 14 14 13 13 13 12 12 11 11 10 9 8 7 6 6 5 4 3 2 2 1 0 1 1 1 1 1 1 2 2 3 4 5 5 6 7 7 8 8 9 10 10 10 10 9 9 9 8 8 8 8 8 8 8 8 8 7 6 5 4 3 2 1 2 4 6 8 10 12 14 15 15 15 16 16 16 16 16 15 14 13 12 11 10 11 12 14 15 16 18 19
14 14 15 15 15 15 15 14 14 13 13 13 12 11 11 10 9 8 7 6 5 4 4 3 2 1 1 1 1 1 1 1 1 2 2 3 3 4 5 5 6 6 7 8 8 9 9 9 9 9 9 8 8 8 8 8 8 8 8 8 8 7 6 5 5 4 3 2 3 5 7 9 11 14 16 17 17 17 17 17 17 17 16 15 14 13 12 11 10 11 12 14 15 16 18 19
15 15 15 15 16 16 15 15 15 14 14 14 13 12 11 10 9 9 8 7 6 5 4 3 3 2 1 1 1 1 1 1 1 2 2 3 3 4 4 4 5 6 6 7 7 8 8 9 9 8 8 8 8 8 8 8 8 8 8 8 8 7 6 6 5 4 3 2 3 6 8 10 13 15 17 18 18 18 18 18 17 17 16 15 14 13 12 11 10 11 12 14 15 17 18 20
15 16 16 16 16 17 16 16 16 15 15 14 14 13 12 11 10 9 8 7 6 6 5 4 3 2 2 2 2 2 2 2 2 2 2 2 3 3 3 4 4 5 5 6 6 7 8 8 8 8 8 8 8 8 8 8 8 8 7 7 7 7 6 6 5 4 4 3 4 7 9 12 14 17 19 20 20 19 19 18 18 18 17 16 14 13 12 11 10 10 12 14 15 17 18 20
16 16 17 17 17 17 17 17 16 16 16 15 15 14 13 12 11 10 9 8 7 6 5 4 3 3 2 2 2 2 2 2 2 2 2 2 2 2 2 3 3 4 4 5 6 6 7 7 7 7 8 8 8 8 8 8 8 7 7 7 7 7 6 6 5 5 4 4 5 8 10 13 16 18 21 22 21 21 20 19 19 18 17 16 14 13 12 11 10 10 12 14 15 17 18 20
17 17 17 18 18 18 18 18 17 17 16 16 16 15 14 13 11 10 9 8 8 7 6 5 4 3 2 2 2 2 2 2 2 2 2 2 2 2 2 2 2 3 3 4 5 5 6 6 7 7 7 7 8 8 8 8 7 7 7 7 7 7 6 6 5 5 5 4 6 9 12 14 17 20 23 24 23 22 21 20 19 18 17 16 15 13 12 11 9 10 12 14 15 17 19 20
18 18 19 19 20 20 19 19 18 18 17 17 16 15 14 13 12 10 9 8 7 7 6 5 4 3 3 3 3 3 2 2 2 2 2 2 2 2 2 2 2 3 3 4 5 5 6 6 7 7 7 7 7 8 8 8 8 8 8 8 8 8 7 6 6 5 4 4 5 8 11 13 16 19 21 22 21 21 20 19 19 18 17 17 16 15 15 14 13 14 15 16 18 19 20 22
19 20 20 21 21 21 21 20 19 19 18 17 16 15 14 13 12 10 9 8 7 7 6 5 5 4 3 3 3 3 3 3 3 3 3 2 2 2 2 2 2 3 3 4 4 5 6 6 6 7 7 7 7 8 8 8 8 8 9 9 9 9 8 7 6 5 4 3 4 7 10 12 15 17 20 21 20 20 19 19 18 18 18 18 17 17 17 17 17 17 18 19 20 21 22 23
20 21 21 22 23 23 22 21 20 19 18 18 17 15 14 13 12 10 9 8 7 7 6 6 5 4 4 4 4 4 4 3 3 3 3 3 3 2 2 2 2 3 3 4 4 5 6 6 6 6 7 7 7 8 8 8 9 9 9 10 10 10 8 7 6 5 4 3 4 6 8 11 13 16 18 19 19 19 18 18 18 18 18 18 19 19 20 20 20 21 21 22 23 23 24 24
21 22 23 23 24 24 23 22 21 20 19 18 17 16 14 13 12 10 9 8 7 7 6 6 5 5 5 4 4 4 4 4 4 4 3 3 3 3 2 2 2 3 3 4 4 5 5 6 6 6 7 7 7 8 8 8 9 10 10 11 11 11 9 8 6 5 4 2 3 5 7 10 12 14 17 18 18 18 18 18 18 18 18 19 20 21 22 23 24 24 25 25 25 25 25 26
23 23 24 25 26 26 25 23 22 21 20 19 17 16 14 13 12 10 9 7 7 7 6 6 6 5 5 5 5 5 5 4 4 4 4 4 3 3 3 2 2 3 3 4 4 5 5 6 6 6 7 7 7 7 8 9 9 10 11 12 12 12 10 8 7 5 3 2 2 4 6 9 11 13 15 16 16 17 17 17 17 17 18 20 22 23 25 26 28 28 28 28 28 27 27 27
24 25 25 26 27 27 26 25 23 22 20 19 18 16 15 13 12 10 8 7 7 7 7 6 6 6 6 6 5 5 5 5 5 5 4 4 3 3 3 2 2 3 3 4 4 5 5 5 6 6 6 7 7 7 8 9 10 11 12 12 13 13 11 9 7 5 3 1 1 3 5 7 9 12 14 15 15 15 16 16 17 17 19 21 23 25 27 29 31 32 31 31 30 29 29 28
25 26 27 28 28 29 27 26 24 23 21 20 18 16 15 13 12 10 8 7 7 7 7 7 7 6 6 6 6 6 6 5 5 5 5 4 4 3 3 2 2 3 3 4 4 4 5 5 6 6 6 7 7 7 8 9 10 11 12 13 14 14 12 9 7 5 3 0 1 3 4 6 8 10 12 13 14 14 15 16 16 17 19 22 24 27 30 32 35 35 34 33 32 31 30 30
23 24 24 25 26 26 25 23 22 21 19 18 17 15 14 12 11 10 8 7 7 7 7 7 6 6 6 6 6 5 5 5 5 5 4 4 3 3 3 2 2 2 3 3 3 4 4 4 5 5 6 6 6 7 7 8 9 10 11 12 13 13 11 9 7 5 4 2 2 4 5 7 8 10 12 12 13 13 14 14 14 15 16 19 22 24 27 29 32 32 31 31 30 29 28 27
21 21 22 23 23 23 22 21 20 19 18 17 15 14 13 12 10 9 8 7 7 7 7 7 6 6 6 6 5 5 5 5 4 4 4 3 3 3 2 2 2 2 2 3 3 3 3 4 4 5 5 5 6 6 7 8 9 10 10 11 12 12 10 9 8 6 5 3 3 5 6 7 8 10 11 12 12 12 12 12 12 12 14 16 19 21 24 26 29 29 29 28 27 27 26 25
19 19 20 20 20 21 20 19 18 17 16 15 14 13 12 11 10 9 8 7 7 7 7 7 6 6 6 6 5 5 4 4 4 3 3 3 3 2 2 2 2 2 2 2 2 2 3 3 3 4 4 5 5 6 6 7 8 9 10 10 11 11 10 9 8 7 6 4 5 6 7 8 9 10 11 11 11 11 10 10 10 10 12 14 16 19 21 24 26 26 26 25 25 24 24 23
17 17 17 17 18 18 17 16 16 15 14 14 13 12 11 10 9 9 8 7 7 7 7 6 6 6 6 5 5 5 4 4 3 3 3 2 2 2 2 2 2 2 2 2 2 2 2 2 3 3 4 4 5 5 6 6 7 8 9 9 10 10 9 9 8 7 7 6 6 7 7 8 9 9 10 10 10 9 9 8 8 8 9 11 14 16 18 21 23 23 23 23 22 22 21 21
15 15 15 15 15 15 14 14 13 13 12 12 11 11 10 10 9 8 8 7 7 7 7 6 6 6 6 5 5 4 4 3 3 2 2 2 2 2 2 2 1 1 1 1 1 1 1 1 2 2 3 3 4 4 5 6 6 7 8 9 9 9 9 9 8 8 7 7 7 8 8 8 9 9 10 9 9 8 7 7 6 5 7 9 11 13 16 18 20 21 20 20 20 19 19 19
13 13 12 12 12 12 12 12 11 11 11 10 10 10 9 9 8 8 8 7 7 7 7 6 6 6 6 5 5 4 3 3 2 2 2 2 2 1 1 1 1 1 1 1 1 0 0 0 1 2 2 3 3 4 4 5 6 6 7 8 8 8 8 8 8 8 8 8 9 9 9 9 9 9 9 9 8 7 6 5 4 3 4 6 8 11 13 15 17 18 17 17 17 17 17 16
11 10 10 10 10 10 10 9 9 9 9 9 9 9 8 8 8 8 7 7 7 7 7 6 6 6 6 5 4 4 3 2 2 1 1 1 1 1 1 1 1 1 1 0 0 0 0 0 0 1 2 2 3 3 4 5 5 6 6 7 7 8 8 8 9 9 9 10 10 10 9 9 9 9 9 8 7 6 4 3 2 1 2 4 6 8 10 12 14 15 15 15 15 15 15 15
11 10 10 10 10 10 10 10 10 9 9 9 9 9 9 9 9 8 8 8 8 7 7 7 7 7 6 6 5 5 4 4 3 3 3 3 3 3 2 2 2 2 2 2 1 1 1 1 2 2 3 3 4 4 5 5 6 6 7 7 8 8 9 9 9 10 10 10 10 10 10 10 10 10 10 9 8 7 6 5 4 3 4 6 8 10 12 13 15 16 16 16 16 16 16 16
10 10 10 10 10 10 10 10 10 10 10 10 10 9 9 9 9 9 9 9 8 8 8 8 8 7 7 7 6 6 5 5 4 4 4 4 4 4 4 4 3 3 3 3 3 3 2 3 3 4 4 4 5 5 6 6 7 7 8 8 9 9 9 10 10 10 11 11 11 11 11 11 11 11 11 10 9 8 8 7 6 5 6 7 9 11 13 15 16 17 17 17 17 17 17 18
10 10 10 10 10 10 10 10 10 10 10 10 10 10 10 10 10 9 9 9 9 9 9 8 8 8 8 8 7 7 6 6 6 6 5 5 5 5 5 5 5 4 4 4 4 4 4 4 4 5 5 6 6 6 7 7 8 8 8 9 9 10 10 10 11 11 11 12 12 12 12 12 12 12 12 11 11 10 9 8 7 7 8 9 11 12 14 16 17 18 18 18 18 19 19 19
10 10 10 10 10 10 10 10 10 10 10 10 10 10 10 10 10 10 10 10 10 10 9 9 9 9 9 8 8 8 8 7 7 7 7 7 6 6 6 6 6 6 6 5 5 5 5 5 6 6 6 7 7 8 8 8 9 9 9 10 10 10 11 11 11 12 12 12 12 12 13 13 13 13 13 12 12 11 11 10 9 9 9 11 12 14 15 17 18 19 19 19 20 20 20 21
10 10 10 10 10 10 10 10 10 10 10 10 11 11 11 11 11 11 11 11 10 10 10 10 10 10 9 9 9 9 9 9 9 8 8 8 8 8 7 7 7 7 7 7 7 7 6 7 7 7 8 8 8 9 9 9 9 10 10 10 11 11 11 11 12 12 12 13 13 13 13 13 14 14 14 14 13 13 12 12 11 11 11 13 14 15 16 18 19 20 20 21 21 21 22 22
10 10 10 10 10 10 10 10 10 11 11 11 11 11 11 11 11 11 11 11 11 11 11 11 10 10 10 10 10 10 10 10 10 10 10 9 9 9 9 8 8 8 8 8 8 8 8 8 8 8 9 9 9 10 10 10 10 11 11 11 11 11 12 12 12 13 13 13 14 14 14 14 14 15 15 15 14 14 14 13 13 12 13 14 15 17 18 19 20 21 21 22 22 23 23 24
10 10 10 10 10 10 10 10 11 11 11 11 11 11 12 12 12 12 12 12 12 12 11 11 11 11 11 11 11 11 11 11 11 11 11 11 10 10 10 9 9 9 9 9 9 9 9 9 9 10 10 10 10 11 11 11 11 11 11 12 12 12 12 13 13 13 14 14 14 15 15 15 15 16 16 16 16 15 15 15 15 14 15 16 17 18 19 20 21 22 22 23 23 24 25 25
11 11 11 11 11 11 11 11 11 12 12 12 12 12 12 12 12 12 13 13 12 12 12 12 12 11 11 11 11 11 11 11 12 11 11 11 11 11 10 10 10 10 10 10 10 10 10 10 10 10 10 11 11 11 11 12 12 12 12 12 12 13 13 13 14 14 14 15 15 15 16 16 16 17 17 17 17 17 16 16 16 16 17 18 19 20 21 22 23 24 24 24 25 25 25 26
13 13 12 12 12 11 12 12 12 12 12 13 13 13 13 13 13 13 13 13 13 13 12 12 12 12 12 12 12 12 12 12 12 12 12 12 11 11 11 11 11 11 11 11 11 10 10 10 11 11 11 11 12 12 12 12 12 13 13 13 13 13 14 14 14 15 15 15 16 16 16 17 17 18 18 18 18 18 18 18 18 17 18 19 20 22 23 24 25 25 26 26 26 26 26 26
14 14 13 13 13 12 12 13 13 13 13 13 14 14 14 14 14 14 14 14 13 13 13 13 13 12 12 12 12 12 12 12 12 12 12 12 12 12 12 12 12 12 11 11 11 11 11 11 11 12 12 12 12 12 13 13 13 13 13 14 14 14 14 15 15 15 16 16 16 17 17 18 18 19 19 19 19 19 19 19 19 19 20 21 22 23 25 26 27 27 27 27 27 27 27 27
16 15 15 14 13 13 13 13 14 14 14 14 14 14 14 14 14 14 14 14 14 14 13 13 13 13 13 13 13 13 13 13 13 13 13 13 13 13 13 13 12 12 12 12 12 12 12 12 12 12 12 13 13 13 13 13 14 14 14 14 14 15 15 15 16 16 16 16 17 17 18 18 19 20 20 20 20 20 20 21 21 21 21 23 24 25 27 28 29 29 29 29 28 28 28 27
17 16 16 15 14 14 14 14 14 15 15 15 15 15 15 15 15 15 15 14 14 14 14 14 14 13 13 13 13 13 13 13 13 13 13 13 13 13 13 13 13 13 13 13 13 13 12 12 13 13 13 13 13 14 14 14 14 14 15 15 15 15 16 16 16 16 17 17 18 18 19 19 20 21 21 21 22 22 22 22 22 22 23 24 26 27 28 30 31 31 31 30 29 29 28 28
18 18 17 16 15 14 15 15 15 15 16 16 16 16 16 16 15 15 15 15 15 15 14 14 14 14 14 14 14 14 14 14 13 14 14 14 14 14 14 14 14 14 14 14 13 13 13 13 13 14 14 14 14 14 15 15 15 15 15 16 16 16 16 17 17 17 17 18 18 19 20 20 21 22 22 23 23 23 23 23 24 24 25 26 28 29 30 32 33 33 32 31 31 30 29 28
20 19 18 17 16 15 15 16 16 16 16 17 17 17 16 16 16 16 16 16 15 15 15 15 15 15 15 15 14 14 14 14 14 14 14 14 15 15 15 15 15 15 15 14 14 14 14 14 14 14 14 15 15 15 15 15 16 16 16 16 16 17 17 17 17 18 18 18 19 19 20 21 22 22 23 24 24 24 24 25 25 25 26 28 29 31 32 33 35 35 34 33 32 31 30 29
20 19 18 18 17 16 17 17 17 17 18 18 18 18 18 18 18 18 17 17 17 17 17 18 18 18 18 17 17 17 16 16 16 16 16 16 16 16 17 17 17 16 16 16 16 15 15 15 15 15 15 15 16 16 16 16 16 17 17 17 17 17 18 18 18 18 18 18 19 20 20 21 22 23 23 24 24 25 25 26 26 26 27 29 30 31 33 34 35 35 34 33 32 31 30 30
20 20 19 18 18 17 18 18 18 19 19 19 20 20 19 19 19 19 19 19 19 19 20 20 20 20 21 20 20 19 19 18 18 18 18 18 18 18 18 18 18 18 18 17 17 16 16 16 16 16 16 16 16 17 17 17 17 17 18 18 18 18 18 18 18 19 19 19 19 20 21 21 22 23 24 24 25 25 26 26 27 28 29 30 31 32 34 35 36 36 35 34 33 32 31 30
21 20 20 19 19 19 19 19 20 20 20 21 21 21 21 21 21 21 21 21 21 21 22 22 23 23 23 23 22 22 21 20 20 19 19 19 20 20 20 20 20 19 19 19 18 18 17 17 17 17 17 17 17 17 17 18 18 18 18 18 19 19 19 19 19 19 19 19 19 20 21 22 23 23 24 25 25 26 27 27 28 29 30 31 32 33 34 35 37 36 35 34 33 33 32 31
21 21 20 20 20 20 20 21 21 21 22 22 22 22 22 22 22 22 22 22 23 24 24 25 26 26 26 26 25 24 23 22 21 21 21 21 21 21 21 22 21 21 20 20 19 19 18 18 18 18 18 18 18 18 18 18 19 19 19 19 19 19 19 19 19 19 19 19 20 20 21 22 23 24 24 25 26 27 28 28 29 30 31 32 33 34 35 36 37 37 36 35 34 33 32 31
21 21 21 21 21 21 21 22 22 23 23 24 24 24 24 24 24 24 24 24 25 26 26 27 28 29 29 28 27 26 25 24 23 23 23 23 23 23 23 23 23 22 22 21 21 20 19 19 19 19 19 19 19 19 19 19 19 20 20 20 20 20 20 20 20 20 20 19 20 21 21 22 23 24 25 26 26 27 28 29 30 31 32 33 34 35 36 37 38 37 36 36 35 34 33 32
22 22 22 22 22 22 23 23 23 24 24 25 25 25 25 25 25 25 25 26 27 28 29 30 31 32 32 31 30 29 27 26 25 24 24 24 25 25 25 25 25 24 23 23 22 21 21 20 20 20 20 20 20 20 20 20 20 20 21 21 21 21 21 20 20 20 20 20 20 21 22 23 23 24 25 26 27 28 29 30 31 32 33 34 35 36 37 37 38 38 37 36 35 34 33 33
22 22 23 23 23 23 24 24 25 25 26 26 27 27 27 27 27 27 27 27 28 30 31 32 33 35 35 34 33 31 30 28 27 26 26 26 27 27 27 27 27 26 25 25 24 23 23 22 22 22 21 21 21 21 21 21 21 21 21 22 22 22 21 21 21 21 20 20 21 21 22 23 24 25 25 26 27 29 30 31 32 33 34 35 35 36 37 38 38 38 37 36 36 35 34 33
24 24 24 24 24 25 25 26 26 26 27 27 28 28 28 28 28 28 28 29 30 32 33 35 36 38 38 37 36 34 33 31 30 29 29 30 30 30 30 30 30 30 30 29 29 28 28 28 27 26 25 25 24 23 23 23 23 23 23 23 23 23 23 22 22 22 22 22 22 23 23 24 25 25 26 27 28 29 30 31 32 33 34 34 35 35 36 37 37 37 37 36 36 35 35 34
25 25 25 26 26 26 26 27 27 28 28 28 29 29 29 29 30 30 30 31 32 34 36 37 39 41 41 40 39 37 36 34 33 32 32 33 33 33 33 34 34 34 34 34 34 34 34 33 32 31 29 28 27 26 25 25 25 25 24 24 24 24 24 24 24 23 23 23 23 24 25 25 26 26 27 27 28 29 30 31 32 33 33 34 34 35 35 35 36 36 36 36 35 35 35 35
26 26 27 27 27 27 28 28 28 29 29 30 30 30 31 31 31 31 32 32 34 36 38 40 42 44 45 43 42 40 39 37 36 35 35 36 36 36 37 37 37 38 38 38 39 39 39 39 37 35 33 32 30 28 27 27 27 26 26 26 25 25 25 25 25 25 25 25 25 25 26 26 27 27 27 28 29 29 30 31 32 32 33 33 33 34 34 34 35 35 35 35 35 35 36 36
28 28 28 28 28 29 29 29 30 30 30 31 31 31 32 32 33 33 33 34 36 38 40 42 45 47 48 46 45 43 42 40 39 38 38 39 39 40 40 41 41 42 42 43 43 44 45 44 42 40 37 35 33 31 30 29 28 28 27 27 26 26 26 26 26 26 26 26 26 27 27 27 28 28 28 29 29 30 30 31 32 32 32 33 33 33 33 33 33 34 34 35 35 36 36 37
29 29 29 30 30 30 30 31 31 31 31 32 32 33 33 34 34 34 35 36 38 40 43 45 47 50 51 49 48 46 45 43 42 41 41 42 42 43 43 44 45 46 47 47 48 49 50 50 47 44 41 39 36 33 32 31 30 30 29 28 28 27 27 27 27 28 28 28 28 28 28 28 28 29 29 29 30 30 31 31 31 32 32 32 32 32 32 32 32 33 33 34 35 36 37 37
30 30 31 31 31 31 32 32 32 32 33 33 33 34 34 35 35 36 37 38 40 43 45 48 50 53 54 52 51 49 48 46 45 44 44 45 46 46 47 47 48 50 51 52 53 54 56 55 52 49 45 42 39 36 34 33 32 31 31 30 29 29 29 29 29 29 29 29 29 29 29 29 29 29 29 30 30 30 31 31 31 32 32 31 31 31 31 31 31 32 33 34 35 36 37 38
32 32 32 32 32 33 33 33 33 34 34 34 34 35 36 36 37 38 39 40 42 45 48 50 53 55 57 55 54 52 50 49 47 46 47 48 48 49 49 50 51 52 54 55 56 58 59 59 55 52 48 45 41 38 36 35 34 33 32 31 30 29 30 30 30 30 30 30 30 31 31 31 31 31 31 32 32 32 32 32 33 33 33 32 32 31 31 31 30 31 32 34 35 36 38 39
33 33 33 33 33 34 34 34 34 35 35 35 36 37 38 39 40 41 42 43 45 48 50 53 55 57 59 57 55 54 52 50 48 48 48 48 49 49 50 50 51 52 53 54 55 56 57 56 53 50 47 44 41 39 36 35 34 33 32 31 30 30 30 30 30 31 31 31 31 32 33 34 35 36 37 37 38 38 38 38 39 39 38 37 36 35 33 32 31 32 33 34 36 37 39 40
34 34 34 34 34 35 35 35 36 36 36 36 37 38 39 41 42 43 45 46 48 51 53 55 57 59 60 59 57 55 53 52 50 49 49 49 50 50 50 51 51 52 52 53 53 54 54 54 51 49 46 44 42 39 37 36 35 34 33 32 31 30 30 31 31 31 31 31 32 34 36 37 39 41 43 43 44 44 44 44 44 45 43 41 40 38 36 34 32 32 34 35 37 38 39 41
35 35 35 35 35 36 36 36 37 37 37 38 38 40 41 43 44 46 48 49 51 53 55 57 59 61 62 60 59 57 55 53 51 50 50 50 51 51 51 51 51 51 51 51 52 52 52 51 49 47 45 44 42 40 38 37 36 35 33 32 31 31 31 31 31 31 32 32 33 36 38 41 43 46 48 49 49 50 50 50 50 50 49 46 43 41 38 36 33 33 35 36 38 39 40 42
36 36 36 36 36 37 37 37 38 38 38 39 40 41 43 45 47 49 51 52 54 56 58 60 62 63 64 62 60 58 56 55 53 51 51 51 51 51 51 51 51 51 51 50 50 50 49 49 47 46 44 43 42 40 39 38 36 35 34 33 31 31 31 31 32 32 32 32 34 38 41 44 47 51 54 55 55 55 56 56 56 56 54 51 47 44 41 37 34 34 35 37 38 40 41 43
37 37 37 37 37 38 38 38 39 39 40 40 41 43 45 47 49 51 54 56 57 59 61 62 64 66 66 64 62 60 58 56 54 53 52 52 52 52 52 52 51 50 50 49 48 48 47 46 45 44 44 43 42 41 40 38 37 36 34 33 32 31 32 32 32 32 33 33 35 39 43 47 51 55 59 61 61 61 62 62 62 62 59 55 51 47 43 39 35 35 36 38 39 41 42 44
38 38 38 38 38 39 39 39 40 40 41 41 42 45 47 49 52 54 57 59 60 62 63 65 66 68 68 66 64 62 60 57 55 54 54 53 53 53 52 52 51 50 49 48 47 46 45 44 43 43 43 42 42 42 41 39 38 36 35 34 32 32 32 32 33 33 33 34 36 41 46 51 55 60 65 67 67 67 67 68 68 68 65 60 55 50 46 41 36 36 37 39 40 42 43 44
39 39 39 40 40 40 40 41 41 42 42 43 43 46 49 51 54 56 59 61 62 64 65 66 67 69 69 67 65 63 61 59 57 55 55 55 54 54 54 53 53 51 50 48 46 45 43 42 42 42 42 42 42 42 41 40 39 37 36 34 33 32 33 33 34 34 35 35 38 43 49 54 59 64 70 72 72 72 72 72 72 72 69 63 58 53 48 43 37 37 38 40 41 42 44 45
40 41 41 41 41 41 42 42 43 43 44 44 45 47 49 52 54 56 58 60 62 63 64 66 67 68 68 66 65 63 61 59 57 56 56 57 57 57 58 58 57 55 53 51 49 47 45 43 43 43 43 43 43 43 42 41 40 38 37 36 35 34 35 36 36 37 38 39 42 47 52 57 62 67 72 74 74 73 73 73 72 72 69 64 59 55 50 45 40 40 41 42 43 44 45 46
