pluvio/pluvio-331.asc
ncols         252
nrows         154
xllcorner     -0.5
yllcorner     -153.5
cellsize      1
NODATA_value  -9999
[rows 0 to 48 of 154, columns 0 to 95 of 252]
1 1 1 1 1 1 1 1 1 1 1 1 1 1 1 1 1 1 1 1 1 1 1 1 1 1 1 1 1 1 1 1 1 2 2 3 3 4 4 5 6 7 7 8 9 10 9 8 6 5 4 2 1 1 1 1 1 1 1 1 1 1 1 1 1 1 1 1 2 2 2 2 3 3 3 4 4 5 5 5 6 6 6 6 6 6 6 6 6 6 5 5 5 4 4 4
1 1 1 2 2 2 2 2 1 1 1 1 1 1 1 1 1 1 1 1 1 1 1 1 1 1 1 1 1 1 1 1 1 2 2 2 3 3 4 5 5 6 7 8 9 10 9 8 6 5 4 2 1 1 1 1 1 1 1 1 1 1 1 1 1 1 1 1 2 2 2 3 3 4 4 5 5 6 6 7 7 7 7 7 7 7 7 8 7 7 6 6 6 5 5 5
1 2 2 2 2 2 2 2 2 2 2 1 1 1 1 1 1 1 1 1 1 1 1 1 1 1 1 1 1 1 1 1 1 1 2 2 2 3 3 4 5 6 7 8 9 10 9 8 6 5 4 2 1 0 0 0 0 0 0 0 0 0 0 0 0 0 0 1 1 2 3 3 4 4 5 6 6 7 7 8 8 8 9 9 9 9 9 9 8 8 8 7 7 6 6 6
2 2 2 2 3 2 2 2 2 2 2 2 1 1 1 1 1 1 1 1 1 1 1 1 1 1 1 1 1 1 1 1 1 1 1 2 2 2 2 3 5 6 7 8 9 11 10 8 7 5 3 2 0 0 0 0 0 0 0 0 0 0 0 0 0 0 0 1 1 2 3 4 4 5 6 6 7 8 8 9 10 10 10 10 10 10 10 10 9 9 9 8 8 8 7 7
2 2 2 3 3 3 2 2 2 2 2 2 2 1 1 1 1 1 1 1 1 1 1 1 1 1 1 1 1 1 1 1 1 1 1 1 2 2 2 3 4 6 7 8 10 11 10 9 7 6 4 3 1 1 1 1 0 0 0 0 0 0 0 0 0 0 0 1 2 2 3 4 4 5 6 7 8 8 9 10 11 11 11 11 11 11 11 10 10 10 9 9 9 8 8 8
2 2 2 3 3 2 2 2 2 2 2 2 2 1 1 1 1 1 1 1 1 1 1 1 1 1 1 1 1 1 1 1 1 1 1 1 2 2 2 3 4 6 7 9 10 11 11 9 8 7 5 4 3 2 2 1 1 1 0 0 0 0 0 0 0 0 0 1 2 2 3 4 4 5 6 7 8 8 9 10 11 11 11 11 11 11 11 11 11 10 10 10 9 9 9 8
1 2 2 2 2 2 2 2 2 2 2 2 2 2 1 1 1 1 1 1 1 1 1 1 1 1 1 1 1 1 1 1 1 1 1 1 2 2 2 3 4 6 7 9 10 12 11 10 9 7 6 5 4 3 3 2 2 1 1 0 0 0 0 0 0 1 1 1 2 2 3 3 4 5 6 7 8 9 10 11 12 12 12 12 11 11 11 11 11 11 10 10 10 10 9 9
1 2 2 2 2 2 2 2 2 2 2 2 2 2 2 1 1 1 1 1 1 1 1 1 1 1 1 1 1 1 1 1 1 1 1 1 2 2 2 3 4 6 7 9 11 12 12 11 9 8 7 6 5 5 4 3 2 2 1 0 0 0 0 0 1 1 1 1 2 2 3 3 4 4 5 7 8 9 10 11 12 12 12 12 12 12 12 12 11 11 11 11 10 10 10 10
1 2 2 2 2 2 2 2 2 2 2 2 2 2 2 2 1 1 1 1 1 1 1 1 1 1 1 1 1 1 1 1 1 1 1 2 2 2 2 3 4 6 8 9 11 12 12 11 10 9 9 8 7 6 5 4 3 2 1 0 0 0 0 1 1 1 1 1 2 2 3 3 4 4 5 6 8 9 10 11 13 13 12 12 12 12 12 12 12 12 11 11 11 11 10 11
1 1 2 2 2 2 2 2 2 2 2 2 2 2 2 2 2 1 1 1 1 1 1 1 1 1 1 1 1 1 1 2 2 2 2 2 2 2 1 3 4 6 8 9 11 13 13 12 11 10 10 9 8 7 6 5 4 2 1 0 0 0 1 1 1 1 1 2 2 2 3 3 3 4 5 6 8 9 10 12 13 13 13 13 13 13 13 12 12 12 12 12 11 11 11 11
1 1 2 2 2 2 2 2 2 2 2 2 2 2 2 2 2 2 1 1 1 1 1 1 1 1 1 1 1 1 2 2 2 2 2 2 2 1 1 3 4 6 8 10 11 13 13 13 12 11 11 10 10 8 7 6 4 3 2 0 0 0 1 1 1 1 2 2 2 2 3 3 3 3 5 6 8 9 11 12 14 13 13 13 13 13 13 13 13 13 12 12 12 12 12 12
1 1 1 2 2 2 2 2 2 2 2 2 2 2 2 2 2 2 1 1 1 1 1 1 1 1 1 1 1 1 2 2 2 2 2 2 2 2 2 3 5 7 8 10 12 14 13 13 12 12 11 10 10 9 8 6 5 4 3 2 2 2 2 2 2 2 2 2 2 2 2 3 3 3 5 6 8 10 11 13 14 14 14 14 14 14 14 14 14 13 13 13 13 13 12 13
1 1 1 1 2 2 2 2 2 2 2 2 2 2 2 2 1 1 1 1 1 1 1 1 1 1 1 1 1 1 1 2 2 2 2 2 2 2 2 4 5 7 9 10 12 14 14 13 12 11 10 10 9 8 8 7 6 6 5 5 4 4 3 3 2 2 1 2 2 2 2 2 3 3 5 6 8 10 12 14 15 15 15 15 15 15 15 15 15 15 14 14 14 13 13 13
1 1 1 1 1 1 2 2 2 2 2 2 2 2 2 1 1 1 1 1 1 1 1 1 1 1 1 1 1 1 1 2 2 2 2 2 3 3 3 4 6 8 9 11 13 14 14 13 12 11 10 9 8 8 8 8 8 8 8 8 7 6 5 4 3 2 1 1 2 2 2 2 2 3 5 7 9 11 12 14 16 16 16 16 16 16 16 16 16 16 15 15 15 14 14 14
1 1 1 1 1 1 1 1 2 2 2 2 2 2 1 1 1 1 1 1 1 1 1 1 1 1 1 1 1 1 1 1 2 2 2 3 3 3 4 5 7 8 10 11 13 15 14 13 12 11 9 8 7 7 8 8 9 9 10 10 9 8 6 5 4 2 1 1 1 2 2 2 2 2 5 7 9 11 13 15 17 17 18 18 18 18 18 18 17 17 16 16 16 15 15 15
0 0 1 1 1 1 1 1 1 2 2 2 2 1 1 1 1 1 1 1 1 1 1 1 0 1 1 1 1 1 1 1 2 2 3 3 3 4 4 6 7 9 10 12 13 15 14 13 12 10 9 7 6 7 8 9 10 11 12 13 12 10 8 6 4 3 1 1 1 1 2 2 2 2 4 7 9 11 14 16 18 18 19 19 19 19 19 19 19 18 18 17 16 16 15 15
0 0 0 0 1 1 1 1 1 2 2 2 2 1 1 1 1 1 1 1 1 1 0 0 0 1 1 1 1 1 1 1 2 2 3 3 4 4 5 6 8 9 11 12 14 15 14 13 11 10 8 7 5 6 8 10 11 13 14 16 14 12 10 7 5 3 0 1 1 1 1 2 2 2 4 7 9 12 14 17 19 20 20 20 20 20 20 20 20 19 19 18 17 17 16 16
0 0 0 0 0 0 1 1 1 1 2 2 1 1 1 1 1 0 0 0 0 0 0 0 0 1 1 1 1 1 1 1 2 2 3 4 4 5 6 7 8 10 11 13 14 16 15 13 11 9 8 6 4 6 8 10 12 15 17 19 17 14 11 9 6 3 0 0 1 1 1 1 2 2 4 7 10 12 15 18 20 21 21 21 21 21 22 22 21 20 20 19 18 18 17 17
0 0 0 0 0 0 1 1 1 1 2 2 2 1 1 1 1 0 0 0 0 0 0 0 0 1 1 1 1 1 2 2 2 3 4 4 5 6 6 8 9 10 12 13 14 16 14 13 11 10 8 6 5 6 9 11 14 16 18 21 18 15 12 9 6 3 0 0 1 1 1 1 1 2 4 7 10 12 15 18 20 21 21 21 21 21 22 22 21 21 20 19 19 18 17 17
0 0 0 0 0 1 1 1 1 2 2 2 2 2 1 1 1 1 0 0 0 0 0 0 0 1 1 1 2 2 2 3 3 4 5 5 6 7 8 9 10 11 12 13 14 15 14 13 11 10 9 7 6 8 10 12 15 17 20 22 20 16 13 10 7 4 1 1 1 1 1 1 1 1 4 7 9 12 15 17 20 20 20 20 20 21 21 21 20 20 20 19 19 18 18 18
0 0 0 0 0 1 1 1 2 2 2 2 2 2 1 1 1 1 1 1 1 1 1 1 0 1 1 2 2 3 3 4 4 5 6 7 7 8 9 9 10 11 12 13 14 14 14 13 11 10 9 8 7 9 11 14 16 18 21 23 21 17 14 11 8 5 1 1 1 1 1 1 1 1 4 6 9 12 14 17 20 20 20 20 20 20 20 20 20 19 19 19 19 18 18 19
0 0 0 0 0 1 1 1 2 2 3 3 2 2 2 1 1 1 1 1 1 1 1 1 1 1 2 2 3 4 4 5 6 6 7 8 8 9 10 10 11 12 12 13 13 14 13 12 12 11 10 9 8 10 12 15 17 20 22 24 22 18 15 12 9 5 2 2 1 1 1 1 1 1 3 6 9 11 14 16 19 19 19 19 19 19 19 19 19 19 19 19 19 19 19 19
0 0 0 0 0 1 1 2 2 2 3 3 2 2 2 1 1 1 1 1 1 1 1 1 1 1 2 3 3 4 5 6 7 7 8 9 9 10 11 11 12 12 12 13 13 13 13 12 12 11 11 10 9 11 14 16 18 21 23 26 23 19 16 13 9 6 2 2 2 2 1 1 1 1 3 6 8 11 13 16 19 18 18 18 18 18 18 18 18 18 18 19 19 19 19 20
0 0 0 0 0 1 1 2 2 3 3 3 3 2 2 2 1 1 1 1 1 1 1 1 1 1 2 3 4 5 6 7 8 8 9 10 11 11 12 12 12 12 13 13 13 13 13 12 12 12 11 11 11 12 15 17 20 22 24 27 24 20 17 13 10 6 3 2 2 2 1 1 1 0 3 5 8 11 13 16 18 18 18 18 17 17 17 17 17 18 18 18 19 19 20 21
0 0 0 0 0 1 1 2 2 3 3 3 3 3 2 2 1 1 1 1 1 1 1 1 1 1 2 4 5 6 7 8 9 10 10 11 12 12 13 13 13 13 13 13 13 12 12 12 12 12 12 12 12 14 16 18 21 23 26 28 25 22 18 14 11 7 3 3 2 2 1 1 1 0 3 5 8 10 13 15 18 17 17 17 17 16 16 16 17 17 18 18 19 19 20 21
0 0 0 0 1 1 1 2 2 3 3 3 3 3 2 2 1 1 1 1 1 1 1 1 1 1 3 4 5 6 7 8 9 10 11 11 12 13 14 14 13 13 13 13 13 13 13 13 13 13 13 13 13 15 17 19 21 24 26 28 25 22 19 15 12 9 5 5 4 4 3 3 3 2 4 7 9 11 13 16 18 17 17 17 16 16 16 16 16 17 18 18 19 20 20 21
0 0 0 1 1 1 2 2 2 3 3 3 3 2 2 2 1 1 1 1 1 1 1 1 1 1 3 4 5 6 7 9 9 10 11 11 12 13 13 14 14 14 13 13 13 13 13 14 14 14 14 14 14 16 18 20 22 24 25 27 25 22 19 17 14 11 8 8 7 7 7 6 6 5 7 9 11 13 15 17 18 18 17 17 17 16 16 15 16 17 18 18 19 20 20 22
0 1 1 1 1 1 2 2 2 3 3 3 3 2 2 2 1 1 1 1 1 1 1 1 0 1 3 4 5 6 8 9 10 10 11 12 12 13 13 14 14 14 14 14 14 14 14 14 15 15 15 15 15 17 18 20 22 23 25 27 25 23 20 18 16 13 11 11 10 10 10 9 9 9 10 11 13 14 16 17 19 18 18 17 17 16 16 15 16 17 18 18 19 20 21 22
1 1 1 1 1 2 2 2 2 3 3 3 3 2 2 2 1 1 1 1 1 1 1 0 0 1 3 4 5 6 8 9 10 10 11 12 12 13 13 14 14 14 14 14 15 15 15 15 16 16 16 16 17 18 19 21 22 23 25 26 25 23 21 19 17 16 14 13 13 13 13 12 12 12 13 14 15 16 17 18 19 19 18 18 17 16 16 15 16 17 18 18 19 20 21 22
1 1 1 1 2 2 2 2 2 3 3 3 2 2 2 2 1 1 1 1 1 1 1 0 0 1 3 4 5 7 8 9 10 11 11 12 12 13 13 14 14 14 15 15 15 15 16 16 16 17 17 17 18 19 20 21 22 23 24 25 24 23 22 20 19 18 17 16 16 16 16 15 15 15 16 16 17 18 19 19 20 19 19 18 17 16 16 15 16 17 18 18 19 20 21 22
1 1 1 2 2 2 2 2 2 3 3 3 2 2 2 1 1 1 1 1 1 1 0 0 0 1 3 4 5 7 8 10 10 11 11 12 12 13 13 14 14 15 15 15 16 16 17 17 17 18 18 19 19 20 21 21 22 23 24 25 24 23 23 22 21 20 19 19 19 19 19 18 18 18 18 19 19 19 20 20 20 20 19 18 17 16 16 15 16 17 18 18 19 20 21 22
1 1 2 2 2 2 2 2 2 2 3 2 2 2 2 1 1 1 1 1 1 0 0 0 0 1 3 4 5 7 8 10 11 11 11 12 12 13 13 14 14 15 15 16 16 17 17 18 18 19 19 20 20 21 21 22 22 23 24 24 24 24 23 23 23 22 22 22 22 22 22 22 21 21 21 21 21 21 21 21 21 20 19 18 17 17 16 15 16 17 18 19 19 20 21 22
2 2 2 2 3 3 3 3 3 3 3 2 2 2 2 1 1 1 1 1 1 0 0 0 0 1 3 4 6 7 9 10 11 11 12 12 12 13 13 14 14 15 15 16 16 17 17 18 18 19 19 20 20 21 21 22 23 23 24 25 25 25 24 24 24 24 24 24 24 24 24 23 23 23 23 23 23 22 22 22 22 21 20 19 18 17 17 16 17 17 18 19 20 21 21 22
2 2 3 3 3 3 3 3 3 3 3 2 2 2 2 1 1 1 1 1 1 0 0 0 0 1 3 4 6 7 9 10 11 11 12 12 12 12 13 13 14 14 15 15 16 16 17 17 18 18 19 19 19 20 21 22 23 24 25 26 26 26 26 26 26 26 26 26 25 25 25 25 25 25 24 24 24 24 23 23 23 22 21 20 20 19 18 17 18 18 19 20 20 21 21 22
3 3 3 3 3 3 3 3 3 3 3 2 2 2 2 1 1 1 1 1 1 1 0 0 0 1 3 4 6 8 9 11 11 12 12 12 12 12 12 13 13 14 14 15 15 16 16 17 17 17 18 18 19 20 21 22 23 24 26 27 27 27 27 27 27 27 27 27 27 27 27 27 26 26 26 26 25 25 25 24 24 23 22 22 21 20 19 19 19 19 20 20 21 21 21 22
4 4 4 4 4 3 3 3 3 3 3 2 2 2 2 2 1 1 1 1 1 1 0 0 0 1 3 5 6 8 10 11 12 12 12 12 12 12 12 12 13 13 14 14 15 15 16 16 16 17 17 18 18 19 21 22 24 25 26 28 28 28 28 28 29 29 29 29 29 28 28 28 28 28 27 27 27 26 26 25 25 24 24 23 22 21 21 20 20 20 21 21 21 21 21 22
4 4 4 4 4 4 3 3 3 3 3 2 2 2 2 2 1 1 1 1 1 1 0 0 0 1 3 5 6 8 10 12 12 12 12 12 12 12 12 12 12 13 13 14 14 15 15 16 16 16 17 17 17 19 20 22 24 25 27 29 29 29 30 30 30 30 30 30 30 30 30 30 29 29 29 28 28 27 27 27 26 25 25 24 23 23 22 22 22 22 21 21 21 21 21 23
5 5 5 4 4 4 4 3 3 3 3 3 2 2 2 2 1 1 1 1 1 1 0 0 0 1 3 5 7 8 10 12 12 12 12 12 12 11 11 11 12 12 13 13 14 14 15 15 15 16 16 16 17 18 20 22 24 26 28 30 30 31 31 31 32 32 32 32 32 32 31 31 31 31 30 30 29 29 28 28 27 27 26 25 25 24 24 23 23 23 22 22 22 22 22 23
6 5 5 5 5 4 4 4 3 3 3 3 2 2 2 2 1 1 1 1 1 1 0 0 0 1 3 5 7 9 11 12 13 12 12 12 11 11 11 11 11 12 12 13 13 14 14 14 15 15 15 16 16 18 20 22 24 27 29 31 31 32 32 33 33 33 34 34 33 33 33 33 32 32 32 31 31 30 29 29 28 28 27 27 26 26 25 24 24 24 23 23 22 22 22 23
6 5 5 5 5 4 4 4 4 3 3 3 3 2 2 2 2 2 1 1 1 1 1 0 0 1 3 5 7 8 10 12 12 12 11 11 11 10 10 10 11 12 13 14 14 15 15 15 15 15 15 15 14 16 19 21 24 26 29 31 32 32 33 33 34 34 35 35 34 34 34 34 34 34 33 33 32 32 31 31 30 30 29 29 28 27 27 26 26 26 25 25 24 24 24 25
5 5 5 5 4 4 4 4 4 3 3 3 3 3 3 2 2 2 2 2 1 1 1 1 0 1 3 5 6 8 10 11 12 11 11 10 10 9 9 10 11 12 13 15 16 17 17 16 15 15 14 13 12 15 17 20 23 26 28 31 32 32 33 34 34 35 35 35 35 35 36 36 36 36 35 35 34 34 33 33 32 32 31 31 30 30 29 29 28 28 28 28 27 27 27 28
5 5 5 4 4 4 4 4 4 4 4 4 3 3 3 3 3 3 2 2 2 1 1 1 1 1 3 5 6 8 9 11 11 10 10 9 9 8 8 9 11 12 14 16 18 19 19 17 16 15 13 12 11 13 16 19 22 25 28 31 32 32 33 34 34 35 36 36 36 37 37 37 37 38 37 37 36 36 35 35 35 34 34 33 32 32 31 31 31 31 30 30 30 30 30 31
5 5 4 4 4 4 4 4 4 4 4 4 4 4 3 3 3 3 3 3 2 2 1 1 1 2 3 4 6 7 9 10 10 10 9 8 8 7 7 8 10 13 15 17 19 22 20 18 17 15 13 11 9 11 14 18 21 24 28 31 32 33 33 34 35 36 36 37 37 38 38 39 39 39 39 39 38 38 38 37 37 36 36 35 35 34 33 33 33 33 33 33 33 33 33 34
4 4 4 4 4 4 4 4 4 4 4 4 4 4 4 4 4 4 3 3 3 2 2 1 1 2 3 4 6 7 8 10 10 9 8 8 7 6 6 8 10 13 16 18 21 24 22 20 17 14 12 9 7 9 13 16 20 24 27 31 32 33 34 34 35 36 37 38 38 39 39 40 41 41 41 41 40 40 40 39 39 39 38 37 37 36 36 35 35 35 35 36 36 36 36 37
4 4 4 4 4 4 4 4 4 4 5 5 4 4 4 4 4 4 4 3 3 2 2 2 1 2 3 4 5 7 8 9 9 8 7 7 6 5 5 7 10 13 16 19 23 26 24 21 18 14 11 8 5 8 11 15 19 23 27 31 32 33 34 35 36 37 38 38 39 40 41 41 42 43 43 43 42 42 42 42 41 41 40 40 39 38 38 37 38 38 38 38 39 39 39 39
4 4 4 4 4 4 4 4 4 5 5 5 5 5 5 5 5 5 4 4 3 3 2 2 1 2 3 4 5 6 7 8 8 7 7 6 5 4 4 6 10 13 17 21 24 28 26 22 18 14 11 7 3 6 10 14 18 22 26 30 32 33 34 35 36 37 38 39 40 41 42 43 44 45 45 44 44 44 44 44 44 43 42 42 41 41 40 39 40 40 41 41 41 42 42 42
3 3 3 3 3 4 4 4 5 5 5 6 5 5 5 5 5 5 4 4 4 3 3 2 2 2 3 4 5 6 7 8 7 7 6 6 5 5 4 7 10 14 17 21 25 28 26 22 19 15 11 8 4 7 10 14 18 22 25 29 31 32 34 36 37 39 40 41 43 44 45 46 47 48 48 48 47 47 47 47 46 46 45 45 44 44 43 43 43 43 44 44 44 44 45 45
3 3 3 3 3 4 4 5 5 6 6 6 6 6 6 5 5 5 5 4 4 3 3 2 2 2 3 4 4 5 6 7 7 6 6 6 5 5 5 7 11 14 18 21 25 28 26 23 19 16 13 9 6 8 11 14 18 21 24 27 30 32 34 36 38 40 43 44 45 47 48 49 50 52 51 51 51 50 50 50 49 49 49 48 48 47 47 46 46 47 47 47 47 47 47 47
3 3 3 3 3 4 4 5 6 6 7 7 7 6 6 6 5 5 5 4 4 3 3 3 2 2 3 3 4 5 5 6 6 6 6 6 6 6 6 8 12 15 18 21 25 28 26 23 20 17 14 11 7 9 12 15 18 20 23 26 28 31 34 37 39 42 45 46 48 49 51 52 54 55 55 55 54 54 53 53 53 52 52 51 51 51 50 50 50 50 50 50 50 50 50 50
