pluvio/pluvio-153.asc
ncols         252
nrows         154
xllcorner     -18.017974
yllcorner     13.481982
cellsize      0.035948
NODATA_value  -9999
[rows 48 to 95 of 154, columns 0 to 95 of 252]
65535 65535 65535 65535 65535 65535 65535 65535 65535 65535 65535 65535 65535 65535 65535 65535 65535 65535 65535 65535 65535 65535 65535 65535 65535 65535 65535 65535 65535 65535 65535 65535 65535 65535 65535 45 45 45 45 45 45 45 45 45 45 45 45 44 44 44 44 43 42 42 41 41 40 39 39 38 38 37 37 36 37 38 38 39 40 40 41 41 42 43 43 44 45 45 45 46 46 46 47 47 47 48 48 48 49 49 49 50 50 50 50 50
65535 65535 65535 65535 65535 65535 65535 65535 65535 65535 65535 65535 65535 65535 65535 65535 65535 65535 65535 65535 65535 65535 65535 65535 65535 65535 65535 65535 65535 65535 65535 65535 65535 65535 65535 85 82 80 77 74 71 68 65 62 60 57 54 51 48 46 45 45 44 43 43 42 41 41 40 40 39 38 38 37 38 39 39 40 40 41 42 42 43 43 44 45 45 46 46 46 47 47 47 47 48 48 48 49 49 49 50 50 50 50 50 50
65535 65535 65535 65535 65535 65535 65535 65535 65535 65535 65535 65535 65535 65535 65535 65535 65535 65535 65535 65535 65535 65535 65535 65535 65535 65535 65535 65535 65535 65535 65535 65535 65535 65535 65535 85 83 80 77 75 72 69 67 64 61 59 56 54 51 49 48 47 47 46 45 45 44 43 42 42 41 40 40 39 40 40 41 42 42 43 43 44 44 45 45 46 46 47 47 47 47 48 48 48 48 49 49 49 49 49 50 50 50 50 50 50
65535 65535 65535 65535 65535 65535 65535 65535 65535 65535 65535 65535 65535 65535 65535 65535 65535 65535 65535 65535 65535 65535 65535 65535 65535 65535 65535 65535 65535 65535 65535 65535 65535 65535 65535 85 83 81 78 76 73 71 68 66 63 61 59 56 54 52 51 50 49 49 48 47 46 46 45 44 43 42 42 41 42 42 43 43 44 44 44 45 45 46 46 47 47 47 48 48 48 48 48 49 49 49 49 49 50 50 50 50 50 50 50 50
65535 65535 65535 65535 65535 65535 65535 65535 65535 65535 65535 65535 65535 65535 65535 65535 65535 65535 65535 65535 65535 65535 65535 65535 65535 65535 65535 65535 65535 65535 65535 65535 65535 65535 65535 85 83 81 79 77 74 72 70 68 65 63 61 59 56 55 54 53 52 51 50 50 49 48 47 46 45 45 44 43 44 44 44 45 45 46 46 46 47 47 47 48 48 48 48 49 49 49 49 49 49 49 50 50 50 50 50 50 50 50 50 50
65535 65535 65535 65535 65535 65535 65535 65535 65535 65535 65535 65535 65535 65535 65535 65535 65535 65535 65535 65535 65535 65535 65535 65535 65535 65535 65535 65535 65535 65535 65535 65535 65535 65535 65535 85 83 81 79 77 75 73 71 69 67 65 63 61 59 58 57 56 55 54 53 52 51 50 49 48 48 47 46 45 46 46 46 46 47 47 47 48 48 48 48 49 49 49 49 49 49 50 50 50 50 50 50 50 50 50 50 50 50 50 50 50
65535 65535 65535 65535 65535 65535 65535 65535 65535 65535 65535 65535 65535 65535 65535 65535 65535 65535 65535 65535 65535 65535 65535 65535 65535 65535 65535 65535 65535 65535 65535 65535 65535 65535 65535 86 84 82 80 78 76 75 73 71 69 67 66 64 62 60 60 59 58 57 56 55 54 53 52 51 50 49 48 47 48 48 48 48 48 49 49 49 49 49 50 50 50 50 50 50 50 50 50 50 50 50 50 50 50 50 50 50 51 51 51 51
65535 65535 65535 65535 65535 65535 65535 65535 65535 65535 65535 65535 65535 65535 65535 65535 65535 65535 65535 65535 65535 65535 65535 65535 65535 65535 65535 65535 65535 65535 65535 65535 65535 65535 65535 86 84 82 81 79 78 76 74 73 71 70 68 66 65 63 62 61 60 59 58 57 56 55 54 53 52 51 50 49 49 50 50 50 50 50 50 50 50 51 51 51 51 51 51 51 51 51 51 51 51 51 51 51 51 51 51 51 51 51 51 51
65535 65535 65535 65535 65535 65535 65535 65535 65535 65535 65535 65535 65535 65535 65535 65535 65535 65535 65535 65535 65535 65535 65535 65535 65535 65535 65535 65535 65535 65535 65535 65535 65535 65535 65535 86 84 83 81 80 79 77 76 75 73 72 70 69 68 66 65 64 63 62 61 60 59 57 56 55 54 53 52 51 51 51 51 51 51 52 52 52 52 52 52 52 52 52 52 52 52 52 51 51 51 51 51 51 51 51 51 51 51 51 51 51
65535 65535 65535 65535 65535 65535 65535 65535 65535 65535 65535 65535 65535 65535 65535 65535 65535 65535 65535 65535 65535 65535 65535 65535 65535 65535 65535 65535 65535 65535 65535 65535 65535 65535 65535 86 84 83 82 81 80 79 77 76 75 74 73 72 70 69 68 67 66 65 63 62 61 60 59 57 56 55 54 53 53 53 53 53 53 53 53 53 53 53 53 53 53 53 53 52 52 52 52 52 52 52 52 51 51 51 51 51 51 51 51 51
65535 65535 65535 65535 65535 65535 65535 65535 65535 65535 65535 65535 65535 65535 65535 65535 65535 65535 65535 65535 65535 65535 65535 65535 65535 65535 65535 65535 65535 65535 65535 65535 65535 65535 65535 86 85 84 83 82 81 80 79 78 77 76 75 74 73 72 71 70 68 67 66 65 63 62 61 60 58 57 56 55 55 55 55 55 55 54 54 54 54 54 54 54 54 54 53 53 53 53 53 52 52 52 52 52 52 51 51 51 51 51 51 51
65535 65535 65535 65535 65535 65535 65535 65535 65535 65535 65535 65535 65535 65535 65535 65535 65535 65535 65535 65535 65535 65535 65535 65535 65535 65535 65535 65535 65535 65535 65535 65535 65535 65535 65535 86 85 84 84 83 82 81 80 80 79 78 77 77 76 75 74 72 71 70 68 67 66 65 63 62 61 59 58 57 57 57 57 56 56 56 56 56 55 55 55 55 55 54 54 54 54 53 53 53 53 53 52 52 52 52 51 51 51 51 51 51
65535 65535 65535 65535 65535 65535 65535 65535 65535 65535 65535 65535 65535 65535 65535 65535 65535 65535 65535 65535 65535 65535 65535 65535 65535 65535 65535 65535 65535 65535 65535 65535 65535 65535 65535 86 85 85 84 84 83 83 82 81 81 80 80 79 79 78 77 75 74 72 71 70 68 67 66 64 63 61 60 59 59 59 58 58 58 57 57 57 57 56 56 56 56 55 55 55 54 54 54 54 53 53 53 52 52 52 52 51 51 51 51 51
65535 65535 65535 65535 65535 65535 65535 65535 65535 65535 65535 65535 65535 65535 65535 65535 65535 65535 65535 65535 65535 65535 65535 65535 65535 65535 65535 65535 65535 65535 65535 65535 65535 65535 65535 86 86 85 85 85 84 84 84 83 83 83 82 82 82 81 79 78 77 75 74 72 71 69 68 66 65 64 62 61 61 60 60 60 59 59 59 58 58 58 57 57 56 56 56 55 55 55 54 54 54 53 53 53 52 52 52 52 52 51 51 51
65535 65535 65535 65535 65535 65535 65535 65535 65535 65535 65535 65535 65535 65535 65535 65535 65535 65535 65535 65535 65535 65535 65535 65535 65535 65535 65535 65535 65535 65535 65535 65535 65535 65535 65535 86 86 86 86 85 85 85 85 85 85 85 85 84 84 84 82 81 79 78 76 75 73 72 70 69 67 66 64 63 63 62 62 61 61 60 60 60 59 59 58 58 57 57 57 56 56 55 55 55 54 54 54 53 53 52 52 52 52 52 51 51
65535 65535 65535 65535 65535 65535 65535 65535 65535 65535 65535 65535 65535 65535 65535 65535 65535 65535 65535 65535 65535 167 167 167 167 167 167 167 167 167 167 167 167 167 167 166 160 154 148 143 137 131 126 120 114 109 103 97 92 87 86 84 82 81 79 78 76 74 73 71 70 68 67 65 65 64 64 63 63 62 62 61 60 60 59 59 58 58 57 57 56 56 56 55 55 54 54 53 53 52 52 52 52 51 51 51
65535 65535 65535 65535 65535 65535 65535 65535 65535 65535 65535 65535 65535 65535 65535 65535 65535 65535 65535 65535 65535 167 167 167 167 167 167 167 167 167 167 167 167 167 167 166 160 155 149 144 139 133 128 123 117 112 106 101 96 91 90 88 86 85 83 81 80 78 76 74 73 71 69 68 67 67 66 65 65 64 63 63 62 61 60 60 59 58 58 57 57 56 56 55 55 54 54 53 53 52 52 51 51 51 51 51
65535 65535 65535 65535 65535 65535 65535 65535 65535 65535 65535 65535 65535 65535 65535 65535 65535 65535 65535 65535 65535 167 167 167 167 167 167 167 167 167 167 167 167 167 167 166 161 156 150 145 140 135 130 125 120 115 110 105 100 96 94 92 90 88 87 85 83 81 79 78 76 74 72 71 70 69 68 67 67 66 65 64 63 62 62 61 60 59 59 58 57 57 56 55 55 54 54 53 52 52 51 51 51 51 51 50
65535 65535 65535 65535 65535 65535 65535 65535 65535 65535 65535 65535 65535 65535 65535 65535 65535 65535 65535 65535 65535 167 167 167 167 167 167 167 167 167 167 167 167 167 167 166 161 156 151 147 142 137 132 128 123 118 113 108 104 100 98 96 94 92 90 88 86 85 83 81 79 77 75 73 72 71 71 70 69 68 67 66 65 64 63 62 61 60 59 58 58 57 56 56 55 54 54 53 52 51 51 50 50 50 50 50
65535 65535 65535 65535 65535 65535 65535 65535 65535 65535 65535 65535 65535 65535 65535 65535 65535 65535 65535 65535 65535 167 167 167 167 167 167 167 167 167 167 167 167 167 167 166 161 157 152 148 143 139 135 130 126 121 117 112 108 104 102 100 98 96 94 92 90 88 86 84 82 80 78 76 75 74 73 72 71 69 68 67 66 65 64 63 61 61 60 59 58 57 57 56 55 54 53 53 52 51 50 50 50 50 50 50
65535 65535 65535 65535 65535 65535 65535 65535 65535 65535 65535 65535 65535 65535 65535 65535 65535 65535 65535 65535 65535 167 167 167 167 167 167 167 167 167 167 167 167 167 167 166 162 158 153 149 145 141 137 133 128 124 120 116 112 108 106 104 102 100 98 95 93 91 89 87 85 83 81 79 78 76 75 74 72 71 70 69 67 66 65 64 62 61 60 59 59 58 57 56 55 54 53 53 52 51 50 50 49 49 49 49
65535 65535 65535 65535 65535 65535 65535 65535 65535 65535 65535 65535 65535 65535 65535 65535 65535 65535 65535 65535 65535 167 167 167 167 167 167 167 167 167 167 167 167 167 167 166 162 158 154 151 147 143 139 135 131 127 123 120 116 112 110 108 106 103 101 99 97 95 92 90 88 86 83 82 80 79 77 76 74 73 72 70 69 67 66 64 63 62 61 60 59 58 57 56 55 54 53 52 51 50 49 49 49 49 49 49
65535 65535 65535 65535 65535 65535 65535 65535 65535 65535 65535 65535 65535 65535 65535 65535 65535 65535 65535 65535 65535 167 167 167 167 167 167 167 167 167 167 167 167 167 167 166 162 159 155 152 148 145 141 138 134 130 127 123 120 117 114 112 110 107 105 103 100 98 96 93 91 89 86 84 83 81 80 78 76 75 73 72 70 69 67 65 64 63 62 60 59 58 57 56 55 54 53 52 51 50 49 49 49 49 49 49
65535 65535 65535 65535 65535 65535 65535 65535 65535 65535 65535 65535 65535 65535 65535 65535 65535 65535 65535 65535 65535 167 167 167 167 167 167 167 167 167 167 167 167 167 167 166 163 160 156 153 150 147 143 140 137 134 130 127 124 121 118 116 113 111 109 106 104 101 99 96 94 91 89 87 85 83 82 80 78 77 75 73 72 70 68 66 65 63 62 61 60 59 58 57 55 54 53 52 51 50 49 48 48 48 48 48
65535 65535 65535 65535 65535 65535 65535 65535 65535 65535 65535 65535 65535 65535 65535 65535 65535 65535 65535 65535 65535 167 167 167 167 167 167 167 167 167 167 167 167 167 167 166 163 160 157 154 151 148 146 143 140 137 134 131 128 125 122 120 117 115 112 110 107 105 102 100 97 94 92 90 88 86 84 82 80 78 77 75 73 71 69 67 65 64 63 62 60 59 58 57 55 54 53 52 51 49 48 48 48 48 48 48
65535 65535 65535 65535 65535 65535 65535 65535 65535 65535 65535 65535 65535 65535 65535 65535 65535 65535 65535 65535 65535 167 167 167 167 167 167 167 167 167 167 167 167 167 167 166 164 161 158 156 153 150 148 145 142 140 137 134 132 129 127 124 121 119 116 113 111 108 105 103 100 97 95 92 90 88 86 84 82 80 78 76 74 72 70 68 66 65 63 62 61 59 58 57 56 54 53 52 50 49 48 47 47 47 48 48
65535 65535 65535 65535 65535 65535 65535 65535 65535 65535 65535 65535 65535 65535 65535 65535 65535 65535 65535 65535 65535 167 167 167 167 167 167 167 167 167 167 167 167 167 167 166 164 162 159 157 155 152 150 148 145 143 141 138 136 133 131 128 125 122 120 117 114 111 109 106 103 100 98 95 93 91 89 86 84 82 80 78 76 74 71 69 67 65 64 63 61 60 58 57 56 54 53 52 50 49 47 47 47 47 47 47
65535 65535 65535 65535 65535 65535 65535 65535 65535 65535 65535 65535 65535 65535 65535 65535 65535 65535 65535 65535 65535 167 167 167 167 167 167 167 167 167 167 167 167 167 167 166 164 162 160 158 156 154 152 150 148 146 144 142 140 138 135 132 129 126 123 120 118 115 112 109 106 103 100 98 95 93 91 89 86 84 82 79 77 75 72 70 68 66 65 63 62 60 59 57 56 54 53 51 50 48 47 46 47 47 47 47
65535 65535 65535 65535 65535 65535 65535 65535 65535 65535 65535 65535 65535 65535 65535 65535 65535 65535 65535 65535 65535 167 167 167 167 167 167 167 167 167 167 167 167 167 167 166 165 163 161 160 158 156 154 153 151 149 147 146 144 142 139 136 133 130 127 124 121 118 115 112 109 106 103 100 98 96 93 91 88 86 83 81 78 76 74 71 69 67 65 64 62 60 59 57 56 54 53 51 50 48 47 46 46 46 46 46
65535 65535 65535 65535 65535 65535 65535 65535 65535 65535 65535 65535 65535 65535 65535 65535 65535 65535 65535 65535 65535 167 167 167 167 167 166 166 166 166 166 166 166 166 166 165 164 162 161 159 158 156 155 153 152 150 149 147 146 144 141 138 135 132 129 125 122 119 116 113 110 107 104 102 99 97 94 92 89 86 84 81 79 76 74 71 69 67 65 64 62 61 59 57 56 54 53 51 50 48 46 46 46 46 46 46
65535 65535 65535 65535 65535 65535 65535 65535 65535 65535 65535 65535 65535 65535 65535 65535 65535 65535 65535 65535 65535 167 167 166 166 166 166 165 165 165 164 164 164 164 163 163 161 160 159 157 156 155 153 152 150 149 148 146 145 143 140 137 134 131 128 125 122 119 116 113 110 107 104 101 99 96 94 91 89 86 84 81 79 76 73 71 68 66 65 63 62 60 59 57 56 54 53 51 49 48 46 46 46 46 46 47
65535 65535 65535 65535 65535 65535 65535 65535 65535 65535 65535 65535 65535 65535 65535 65535 65535 65535 65535 65535 65535 167 166 166 165 165 165 164 164 163 163 162 162 161 161 160 159 158 157 155 154 153 152 150 149 148 147 145 144 142 139 136 133 130 128 125 122 119 116 113 110 107 104 101 98 96 93 91 88 86 83 81 78 76 73 71 68 66 64 63 61 60 58 57 55 54 52 51 49 48 46 46 46 46 47 47
65535 65535 65535 65535 65535 65535 65535 65535 65535 65535 65535 65535 65535 65535 65535 65535 65535 65535 65535 65535 65535 167 166 166 165 164 164 163 162 162 161 161 160 159 159 158 157 156 155 153 152 151 150 149 148 147 146 145 143 142 139 136 133 130 127 124 121 118 115 112 109 106 103 101 98 96 93 90 88 85 83 80 78 75 73 70 68 66 64 63 61 60 58 57 55 54 52 51 49 48 46 46 46 46 47 47
65535 65535 65535 65535 65535 65535 65535 65535 65535 65535 65535 65535 65535 65535 65535 65535 65535 65535 65535 65535 65535 167 166 165 164 164 163 162 161 160 160 159 158 157 156 156 155 154 153 152 151 150 149 148 147 146 145 144 143 141 138 135 132 129 127 124 121 118 115 112 109 106 103 100 98 95 93 90 88 85 82 80 77 75 72 70 67 65 64 62 61 59 58 56 55 53 52 51 49 48 46 46 46 47 47 47
65535 65535 65535 65535 65535 65535 65535 65535 65535 65535 65535 65535 65535 65535 65535 65535 65535 65535 65535 65535 65535 167 166 165 164 163 162 161 160 159 158 157 156 155 154 153 152 151 151 150 149 148 147 146 145 145 144 143 142 140 138 135 132 129 126 123 120 117 114 112 109 106 103 100 98 95 92 90 87 85 82 80 77 74 72 69 67 65 63 62 60 59 58 56 55 53 52 50 49 48 46 46 46 47 47 48
65535 65535 65535 65535 65535 65535 65535 65535 65535 65535 65535 65535 65535 65535 65535 65535 65535 65535 65535 65535 65535 167 166 164 163 162 161 160 159 157 156 155 154 153 152 151 150 149 148 148 147 146 146 145 144 143 143 142 141 140 137 134 131 128 126 123 120 117 114 111 108 105 103 100 97 95 92 89 87 84 82 79 77 74 71 69 66 64 63 61 60 59 57 56 54 53 52 50 49 47 46 46 46 47 47 48
65535 65535 65535 65535 65535 65535 65535 65535 65535 65535 65535 65535 65535 65535 65535 65535 65535 65535 65535 65535 65535 167 165 164 163 161 160 159 157 156 155 153 152 151 149 148 148 147 146 146 145 145 144 143 143 142 142 141 141 139 136 134 131 128 125 122 119 116 114 111 108 105 102 99 97 94 92 89 87 84 81 79 76 74 71 68 66 64 62 61 60 58 57 56 54 53 52 50 49 47 46 46 46 47 48 48
65535 65535 65535 65535 65535 65535 65535 65535 65535 65535 65535 65535 65535 65535 65535 65535 65535 65535 65535 65535 65535 167 165 164 162 161 159 158 156 155 153 152 150 149 147 146 145 145 144 144 143 143 143 142 142 141 141 140 140 139 136 133 130 127 124 122 119 116 113 110 108 105 102 99 97 94 91 89 86 84 81 78 76 73 71 68 65 63 62 61 59 58 57 55 54 53 51 50 49 47 46 46 46 47 48 48
65535 65535 65535 65535 65535 65535 65535 65535 65535 65535 65535 65535 65535 65535 65535 65535 65535 65535 65535 65535 65535 167 165 163 162 160 158 157 155 153 151 150 148 146 145 143 143 143 142 142 142 141 141 141 140 140 140 139 139 138 135 132 130 127 124 121 118 116 113 110 107 104 102 99 96 94 91 88 86 83 81 78 75 73 70 68 65 63 62 60 59 58 56 55 54 52 51 50 49 47 46 46 47 47 48 49
65535 65535 65535 65535 65535 65535 65535 65535 65535 65535 65535 65535 65535 65535 65535 65535 65535 65535 65535 65535 65535 167 165 163 161 159 157 155 154 152 150 148 146 144 142 141 141 140 140 140 140 140 140 139 139 139 139 139 138 137 135 132 129 126 123 121 118 115 112 110 107 104 101 99 96 93 91 88 85 83 80 78 75 72 70 67 65 63 61 60 59 57 56 55 54 52 51 50 48 47 46 46 47 47 48 49
65535 65535 65535 65535 65535 65535 65535 65535 65535 65535 65535 65535 65535 65535 65535 65535 65535 65535 65535 65535 65535 167 165 163 160 158 156 154 152 150 148 146 144 142 140 138 138 138 138 138 138 138 138 138 138 138 138 138 138 137 134 131 129 126 123 120 117 115 112 109 106 104 101 98 96 93 90 88 85 83 80 77 75 72 69 67 64 62 61 60 58 57 56 55 53 52 51 50 48 47 46 46 47 47 48 49
65535 65535 65535 65535 65535 65535 65535 65535 65535 65535 65535 65535 65535 65535 65535 65535 65535 65535 65535 65535 65535 167 164 162 160 158 155 153 151 149 147 144 142 140 138 136 136 136 136 136 136 136 137 137 137 137 137 137 137 136 133 131 128 125 122 120 117 114 112 109 106 103 101 98 95 93 90 87 85 82 80 77 74 72 69 66 64 62 61 59 58 57 56 54 53 52 51 49 48 47 46 46 47 48 49 49
65535 65535 65535 65535 65535 65535 65535 65535 65535 65535 65535 65535 65535 65535 65535 65535 65535 65535 65535 65535 65535 167 164 162 159 157 155 152 150 147 145 143 140 138 135 134 134 134 134 134 135 135 135 135 135 136 136 136 136 136 133 130 127 125 122 119 117 114 111 108 106 103 100 98 95 92 90 87 84 82 79 76 74 71 69 66 63 61 60 59 58 57 55 54 53 52 50 49 48 47 46 46 47 48 49 50
65535 65535 65535 65535 65535 65535 65535 91 91 91 91 91 91 91 91 91 91 91 91 91 91 131 131 131 131 131 131 131 131 131 131 131 131 131 131 131 131 131 132 132 132 132 133 133 133 133 134 134 134 134 131 128 126 123 121 118 115 113 110 107 105 102 100 97 94 92 89 86 84 81 78 76 73 70 68 65 62 61 59 58 57 56 55 53 52 51 50 49 48 46 45 45 46 47 49 50
65535 65535 65535 65535 65535 65535 65535 91 91 91 91 91 91 91 91 91 91 91 91 91 91 128 128 128 128 128 128 128 128 128 128 128 128 127 127 128 128 128 128 129 129 129 130 130 130 131 131 131 131 131 128 126 123 121 118 116 113 111 108 106 103 101 98 96 93 91 88 85 83 80 77 75 72 69 67 64 61 60 58 57 56 55 54 53 51 50 49 48 47 46 45 45 46 47 48 49
65535 65535 65535 65535 65535 65535 65535 91 91 91 91 91 91 91 91 91 91 91 91 91 91 125 125 125 125 125 125 125 125 125 124 124 124 124 124 124 125 125 125 126 126 126 127 127 127 128 128 128 129 128 126 123 121 119 116 114 112 109 107 104 102 100 97 95 92 90 87 84 82 79 76 74 71 68 66 63 60 58 57 56 55 54 53 52 51 49 48 47 46 45 44 44 45 46 48 49
65535 65535 65535 65535 65535 65535 65535 91 91 91 91 91 91 91 91 91 91 91 91 91 91 122 122 122 122 122 122 122 121 121 121 121 121 121 121 121 122 122 122 123 123 123 124 124 124 125 125 125 126 125 123 121 119 116 114 112 110 107 105 103 101 98 96 94 91 89 86 83 81 78 75 73 70 67 65 62 59 57 56 55 54 53 52 51 50 49 48 46 45 44 43 43 45 46 47 48
65535 65535 65535 65535 65535 65535 65535 91 91 91 91 91 91 91 91 91 91 91 91 91 91 119 119 119 119 119 119 118 118 118 118 118 118 118 118 118 118 119 119 120 120 120 121 121 121 122 122 122 123 122 120 118 116 114 112 110 108 106 104 101 99 97 95 93 90 87 85 82 80 77 74 72 69 66 64 61 58 56 55 54 53 52 51 50 49 48 47 46 45 43 42 43 44 45 47 48
