pluvio/pluvio-164.asc
ncols         252
nrows         154
xllcorner     -18.017974
yllcorner     13.481982
cellsize      0.035948
NODATA_value  -9999
[rows 43 to 85 of 154, columns 0 to 95 of 252]
65535 65535 65535 65535 65535 65535 65535 65535 65535 65535 65535 65535 65535 65535 65535 65535 65535 65535 65535 65535 65535 65535 65535 65535 65535 65535 65535 65535 65535 65535 65535 65535 65535 65535 65535 77 76 74 73 72 71 69 68 67 66 65 63 62 61 60 60 60 60 59 59 59 59 59 59 58 58 58 58 58 57 57 57 56 56 56 55 55 55 54 54 54 53 53 53 53 53 53 53 53 53 53 53 53 53 53 53 54 58 61 65 68
65535 65535 65535 65535 65535 65535 65535 65535 65535 65535 65535 65535 65535 65535 65535 65535 65535 65535 65535 65535 65535 65535 65535 65535 65535 65535 65535 65535 65535 65535 65535 65535 65535 65535 65535 77 76 75 74 73 72 71 70 69 68 67 66 65 64 63 63 63 63 62 62 62 62 62 61 61 61 61 61 60 60 60 59 59 58 58 58 57 57 56 56 56 55 55 55 55 55 55 54 54 54 54 54 54 54 54 54 56 59 63 66 70
65535 65535 65535 65535 65535 65535 65535 65535 65535 65535 65535 65535 65535 65535 65535 65535 65535 65535 65535 65535 65535 65535 65535 65535 65535 65535 65535 65535 65535 65535 65535 65535 65535 65535 65535 77 76 75 74 74 73 72 71 71 70 69 68 67 67 66 66 66 66 65 65 65 65 65 64 64 64 64 64 63 63 62 62 61 61 60 60 59 59 58 58 57 57 57 56 56 56 56 56 56 56 56 56 55 55 55 55 57 61 64 68 72
65535 65535 65535 65535 65535 65535 65535 65535 65535 65535 65535 65535 65535 65535 65535 65535 65535 65535 65535 65535 65535 65535 65535 65535 65535 65535 65535 65535 65535 65535 65535 65535 65535 65535 65535 77 76 76 75 75 74 73 73 72 72 71 71 70 69 69 69 69 68 68 68 68 68 68 67 67 67 67 67 66 66 65 65 64 63 63 62 62 61 60 60 59 59 58 58 58 58 58 58 57 57 57 57 57 57 56 56 58 62 66 70 73
65535 65535 65535 65535 65535 65535 65535 65535 65535 65535 65535 65535 65535 65535 65535 65535 65535 65535 65535 65535 65535 65535 65535 65535 65535 65535 65535 65535 65535 65535 65535 65535 65535 65535 65535 77 77 76 76 76 75 75 74 74 74 73 73 73 72 72 72 72 71 71 71 71 71 70 70 70 70 70 70 69 68 68 67 67 66 65 65 64 63 63 62 61 61 60 60 60 60 59 59 59 59 59 58 58 58 58 58 60 64 67 71 75
65535 65535 65535 65535 65535 65535 65535 65535 65535 65535 65535 65535 65535 65535 65535 65535 65535 65535 65535 65535 65535 65535 65535 65535 65535 65535 65535 65535 65535 65535 65535 65535 65535 65535 65535 77 77 77 77 76 76 76 76 76 76 76 75 75 75 75 75 75 74 74 74 74 74 73 73 73 73 73 72 72 71 71 70 69 68 68 67 66 65 65 64 63 62 62 62 61 61 61 61 60 60 60 60 59 59 59 59 61 65 69 73 77
65535 65535 65535 65535 65535 65535 65535 65535 65535 65535 65535 65535 65535 65535 65535 65535 65535 65535 65535 65535 65535 65535 65535 65535 65535 65535 65535 65535 65535 65535 65535 65535 65535 65535 65535 92 91 90 89 88 87 86 85 84 82 81 80 79 78 77 77 77 77 77 76 76 76 76 76 75 75 75 75 74 74 73 72 71 70 69 69 68 67 66 65 65 64 63 63 63 62 62 62 62 61 61 61 61 60 60 60 62 66 70 74 78
65535 65535 65535 65535 65535 65535 65535 65535 65535 65535 65535 65535 65535 65535 65535 65535 65535 65535 65535 65535 65535 65535 65535 65535 65535 65535 65535 65535 65535 65535 65535 65535 65535 65535 65535 92 91 90 89 88 87 86 85 84 83 82 81 80 79 78 78 78 78 78 77 77 77 77 77 77 76 76 76 76 75 74 73 72 71 70 69 69 68 67 66 65 64 64 64 63 63 63 63 62 62 62 62 61 61 61 60 63 67 71 75 79
65535 65535 65535 65535 65535 65535 65535 65535 65535 65535 65535 65535 65535 65535 65535 65535 65535 65535 65535 65535 65535 65535 65535 65535 65535 65535 65535 65535 65535 65535 65535 65535 65535 65535 65535 92 91 90 89 89 88 87 86 85 84 83 82 81 80 80 79 79 79 79 79 78 78 78 78 78 78 77 77 77 76 75 74 73 72 71 70 69 68 68 67 66 65 64 64 64 64 63 63 63 63 62 62 62 62 61 61 63 67 71 75 79
65535 65535 65535 65535 65535 65535 65535 65535 65535 65535 65535 65535 65535 65535 65535 65535 65535 65535 65535 65535 65535 65535 65535 65535 65535 65535 65535 65535 65535 65535 65535 65535 65535 65535 65535 92 91 91 90 89 88 87 86 86 85 84 83 82 81 81 80 80 80 80 80 80 79 79 79 79 79 79 78 78 77 76 75 74 73 72 71 70 69 68 67 66 65 65 65 64 64 64 64 63 63 63 63 63 62 62 62 64 68 71 75 79
65535 65535 65535 65535 65535 65535 65535 65535 65535 65535 65535 65535 65535 65535 65535 65535 65535 65535 65535 65535 65535 65535 65535 65535 65535 65535 65535 65535 65535 65535 65535 65535 65535 65535 65535 92 92 91 90 89 88 88 87 86 85 85 84 83 82 82 82 81 81 81 81 81 81 80 80 80 80 80 80 79 78 77 76 75 74 73 72 71 70 69 68 67 66 65 65 65 65 64 64 64 64 64 63 63 63 63 63 65 68 72 76 79
65535 65535 65535 65535 65535 65535 65535 65535 65535 65535 65535 65535 65535 65535 65535 65535 65535 65535 65535 65535 65535 65535 65535 65535 65535 65535 65535 65535 65535 65535 65535 65535 65535 65535 65535 92 92 91 90 90 89 88 88 87 86 85 85 84 83 83 83 83 82 82 82 82 82 82 81 81 81 81 81 80 79 78 77 76 75 74 73 72 71 70 69 67 66 66 66 65 65 65 65 65 64 64 64 64 64 63 63 65 69 72 76 79
65535 65535 65535 65535 65535 65535 65535 65535 65535 65535 65535 65535 65535 65535 65535 65535 65535 65535 65535 65535 65535 65535 65535 65535 65535 65535 65535 65535 65535 65535 65535 65535 65535 65535 65535 92 92 91 91 90 89 89 88 87 87 86 86 85 84 84 84 84 84 83 83 83 83 83 83 82 82 82 82 81 80 79 78 77 76 75 74 72 71 70 69 68 67 66 66 66 66 66 65 65 65 65 65 64 64 64 64 66 69 73 76 80
65535 65535 65535 65535 65535 65535 65535 65535 65535 65535 65535 65535 65535 65535 65535 65535 65535 65535 65535 65535 65535 65535 65535 65535 65535 65535 65535 65535 65535 65535 65535 65535 65535 65535 65535 92 92 91 91 90 90 89 89 88 88 87 87 86 86 85 85 85 85 84 84 84 84 84 84 84 83 83 83 82 81 80 79 78 77 76 74 73 72 71 70 69 67 67 67 66 66 66 66 66 66 65 65 65 65 65 65 66 70 73 77 80
65535 65535 65535 65535 65535 65535 65535 65535 65535 65535 65535 65535 65535 65535 65535 65535 65535 65535 65535 65535 65535 65535 65535 65535 65535 65535 65535 65535 65535 65535 65535 65535 65535 65535 65535 92 92 91 91 91 90 90 89 89 88 88 87 87 87 86 86 86 86 86 85 85 85 85 85 85 85 84 84 84 82 81 80 79 78 76 75 74 73 72 70 69 68 67 67 67 67 67 66 66 66 66 66 66 66 65 65 67 70 74 77 80
65535 65535 65535 65535 65535 65535 65535 65535 65535 65535 65535 65535 65535 65535 65535 65535 65535 65535 65535 65535 65535 65535 65535 65535 65535 65535 65535 65535 65535 65535 65535 65535 65535 65535 65535 92 92 92 91 91 91 90 90 89 89 89 88 88 88 87 87 87 87 87 87 86 86 86 86 86 86 86 85 85 84 82 81 80 79 77 76 75 73 72 71 70 68 68 68 67 67 67 67 67 67 67 66 66 66 66 66 68 71 74 77 80
65535 65535 65535 65535 65535 65535 65535 65535 65535 65535 65535 65535 65535 65535 65535 65535 65535 65535 65535 65535 65535 65535 65535 65535 65535 65535 65535 65535 65535 65535 65535 65535 65535 65535 65535 92 92 92 92 91 91 91 90 90 90 90 89 89 89 88 88 88 88 88 88 88 87 87 87 87 87 87 87 86 85 83 82 81 79 78 77 76 74 73 72 70 69 68 68 68 68 68 68 67 67 67 67 67 67 67 67 68 71 74 77 81
65535 65535 65535 65535 65535 65535 65535 65535 65535 65535 65535 65535 65535 65535 65535 65535 65535 65535 65535 65535 65535 65535 65535 65535 65535 65535 65535 65535 65535 65535 65535 65535 65535 65535 65535 92 92 92 92 92 91 91 91 91 91 90 90 90 90 90 89 89 89 89 89 89 89 88 88 88 88 88 88 87 86 84 83 82 80 79 78 76 75 74 72 71 69 69 69 69 68 68 68 68 68 68 68 68 67 67 67 69 72 75 78 81
65535 65535 65535 65535 65535 65535 65535 65535 65535 65535 65535 65535 65535 65535 65535 65535 65535 65535 65535 65535 65535 65535 65535 65535 65535 65535 65535 65535 65535 65535 65535 65535 65535 65535 65535 92 92 92 92 92 92 92 92 91 91 91 91 91 91 91 91 90 90 90 90 90 90 90 89 89 89 89 89 88 87 85 84 83 81 80 78 77 76 74 73 71 70 69 69 69 69 69 69 69 69 68 68 68 68 68 68 70 72 75 78 81
65535 65535 65535 65535 65535 65535 65535 65535 65535 65535 65535 65535 65535 65535 65535 65535 65535 65535 65535 65535 65535 65535 65535 65535 65535 65535 65535 65535 65535 65535 65535 65535 65535 65535 65535 92 92 92 92 92 92 92 92 92 92 92 92 92 92 92 92 92 91 91 91 91 91 91 91 91 90 90 90 89 88 87 85 84 82 81 79 78 76 75 73 72 71 70 70 70 69 69 69 69 69 69 69 69 69 69 69 70 73 76 78 81
65535 65535 65535 65535 65535 65535 65535 65535 65535 65535 65535 65535 65535 65535 65535 65535 65535 65535 65535 65535 65535 106 106 106 106 106 106 106 106 106 106 106 106 106 106 106 105 104 103 102 101 100 99 98 97 96 95 94 93 93 93 92 92 92 92 92 92 92 91 91 91 91 91 90 89 87 86 84 83 81 80 78 77 75 74 72 71 70 70 70 70 70 70 70 69 69 69 69 69 69 69 70 73 76 78 81
65535 65535 65535 65535 65535 65535 65535 65535 65535 65535 65535 65535 65535 65535 65535 65535 65535 65535 65535 65535 65535 106 106 106 106 106 106 106 106 106 106 106 106 106 106 106 105 104 103 102 101 101 100 99 98 97 96 95 94 93 93 93 93 93 93 92 92 92 92 92 92 91 91 91 89 88 86 85 83 82 80 79 77 76 74 73 71 70 70 70 70 70 70 70 70 69 69 69 69 69 69 70 73 75 78 80
65535 65535 65535 65535 65535 65535 65535 65535 65535 65535 65535 65535 65535 65535 65535 65535 65535 65535 65535 65535 65535 106 106 106 106 106 106 106 106 106 106 106 106 106 106 106 105 104 103 103 102 101 100 99 98 97 96 95 95 94 94 94 93 93 93 93 93 93 92 92 92 92 92 91 89 88 86 85 83 82 80 79 77 76 74 73 72 71 71 70 70 70 70 70 70 69 69 69 69 69 69 70 72 75 77 79
65535 65535 65535 65535 65535 65535 65535 65535 65535 65535 65535 65535 65535 65535 65535 65535 65535 65535 65535 65535 65535 106 106 106 106 106 106 106 106 106 106 106 106 106 106 106 105 104 104 103 102 101 100 99 99 98 97 96 95 95 94 94 94 94 94 93 93 93 93 93 92 92 92 91 90 88 87 85 84 82 81 79 78 76 75 73 72 71 71 71 70 70 70 70 70 69 69 69 69 69 68 70 72 74 76 78
65535 65535 65535 65535 65535 65535 65535 65535 65535 65535 65535 65535 65535 65535 65535 65535 65535 65535 65535 65535 65535 106 106 106 106 106 106 106 106 106 106 106 106 106 106 106 105 105 104 103 102 101 101 100 99 98 97 97 96 95 95 95 94 94 94 94 94 93 93 93 93 92 92 92 90 89 87 86 84 83 81 80 78 77 75 74 72 71 71 71 71 70 70 70 70 69 69 69 69 69 68 69 71 73 76 78
65535 65535 65535 65535 65535 65535 65535 65535 65535 65535 65535 65535 65535 65535 65535 65535 65535 65535 65535 65535 65535 106 106 106 106 106 106 106 106 106 106 106 106 106 106 106 105 105 104 103 102 102 101 100 99 99 98 97 96 96 96 95 95 95 95 94 94 94 94 93 93 93 93 92 90 89 87 86 84 83 81 80 78 77 75 74 72 72 71 71 71 70 70 70 70 69 69 69 69 68 68 69 71 73 75 77
65535 65535 65535 65535 65535 65535 65535 65535 65535 65535 65535 65535 65535 65535 65535 65535 65535 65535 65535 65535 65535 106 106 106 106 106 106 106 106 106 106 106 106 106 106 106 105 105 104 103 103 102 101 101 100 99 98 98 97 96 96 96 96 95 95 95 95 94 94 94 93 93 93 92 91 89 88 86 85 83 82 80 79 77 76 74 73 72 71 71 71 71 70 70 70 69 69 69 69 68 68 69 71 72 74 76
65535 65535 65535 65535 65535 65535 65535 65535 65535 65535 65535 65535 65535 65535 65535 65535 65535 65535 65535 65535 65535 106 106 106 106 106 106 106 106 106 106 106 106 106 106 106 106 105 104 104 103 102 102 101 100 100 99 98 98 97 97 96 96 96 96 95 95 95 94 94 94 94 93 92 91 89 88 86 85 83 82 80 79 77 76 74 73 72 72 71 71 71 70 70 70 69 69 69 68 68 68 69 70 72 73 75
65535 65535 65535 65535 65535 65535 65535 65535 65535 65535 65535 65535 65535 65535 65535 65535 65535 65535 65535 65535 65535 106 106 106 106 106 106 106 106 106 106 106 106 106 106 106 106 105 104 104 103 102 102 101 101 100 99 99 98 98 97 97 97 96 96 96 95 95 95 95 94 94 94 93 91 90 88 87 85 84 82 81 79 78 76 75 73 72 72 72 71 71 71 70 70 69 69 69 68 68 68 68 70 71 73 74
65535 65535 65535 65535 65535 65535 65535 65535 65535 65535 65535 65535 65535 65535 65535 65535 65535 65535 65535 65535 65535 106 106 106 106 106 106 106 106 106 106 106 106 106 106 106 106 105 104 104 103 103 102 102 101 100 100 99 99 98 98 98 97 97 97 96 96 96 95 95 95 94 94 93 92 90 89 87 86 84 83 81 80 78 77 75 74 73 72 72 71 71 71 70 70 69 69 69 68 68 68 68 69 71 72 73
65535 65535 65535 65535 65535 65535 65535 65535 65535 65535 65535 65535 65535 65535 65535 65535 65535 65535 65535 65535 65535 106 106 106 106 106 106 106 106 106 106 106 106 106 106 106 106 105 105 104 104 103 103 102 101 101 100 100 99 99 98 98 98 97 97 97 96 96 96 95 95 95 94 93 92 90 89 87 86 84 83 81 80 78 77 75 74 73 72 72 72 71 71 70 70 70 69 69 68 68 67 68 69 70 71 72
65535 65535 65535 65535 65535 65535 65535 65535 65535 65535 65535 65535 65535 65535 65535 65535 65535 65535 65535 65535 65535 106 106 106 106 106 106 106 106 106 106 106 106 106 106 106 106 105 105 104 104 103 103 102 102 101 101 100 100 99 99 99 98 98 98 97 97 96 96 96 95 95 95 94 92 91 89 88 86 85 83 82 80 79 77 76 74 73 73 72 72 71 71 70 70 70 69 69 68 68 67 68 69 70 71 72
65535 65535 65535 65535 65535 65535 65535 65535 65535 65535 65535 65535 65535 65535 65535 65535 65535 65535 65535 65535 65535 106 106 106 106 106 106 106 106 106 106 106 106 106 106 106 106 105 105 104 104 104 103 103 102 102 101 101 100 100 100 99 99 98 98 98 97 97 96 96 96 95 95 94 93 91 90 88 87 85 83 82 80 79 77 76 74 73 73 72 72 71 71 71 70 70 69 69 68 68 67 67 68 69 70 71
65535 65535 65535 65535 65535 65535 65535 65535 65535 65535 65535 65535 65535 65535 65535 65535 65535 65535 65535 65535 65535 106 106 106 106 106 106 106 106 106 106 106 106 106 106 106 106 105 105 105 104 104 103 103 103 102 102 101 101 101 100 100 99 99 99 98 98 97 97 96 96 96 95 94 93 91 90 88 87 85 84 82 81 79 78 76 75 74 73 73 72 72 71 71 70 70 69 69 68 67 67 67 68 69 69 70
65535 65535 65535 65535 65535 65535 65535 65535 65535 65535 65535 65535 65535 65535 65535 65535 65535 65535 65535 65535 65535 106 106 106 106 106 106 106 106 106 106 106 106 106 106 106 106 105 105 104 104 104 103 103 102 102 102 101 101 100 100 100 99 99 98 98 97 97 97 96 96 95 95 94 93 91 90 88 87 85 84 82 81 79 78 76 75 74 73 73 72 72 71 71 71 70 70 69 69 68 68 68 68 69 70 70
65535 65535 65535 65535 65535 65535 65535 65535 65535 65535 65535 65535 65535 65535 65535 65535 65535 65535 65535 65535 65535 106 106 106 106 106 106 106 106 106 106 106 106 106 106 106 105 105 104 104 104 103 103 102 102 101 101 100 100 99 99 99 98 98 97 97 96 96 96 95 95 94 94 93 92 90 89 87 86 85 83 82 81 79 78 76 75 74 74 73 73 73 72 72 71 71 71 70 70 69 69 69 70 70 71 72
65535 65535 65535 65535 65535 65535 65535 65535 65535 65535 65535 65535 65535 65535 65535 65535 65535 65535 65535 65535 65535 106 106 106 106 106 106 106 106 106 106 106 106 106 106 105 105 104 104 103 103 102 102 101 101 100 100 99 99 98 98 98 97 97 96 96 95 95 95 94 94 93 93 92 91 89 88 87 86 84 83 82 80 79 78 77 75 74 74 74 73 73 73 73 72 72 72 71 71 71 70 71 71 72 73 73
65535 65535 65535 65535 65535 65535 65535 65535 65535 65535 65535 65535 65535 65535 65535 65535 65535 65535 65535 65535 65535 106 106 106 106 106 106 106 106 106 106 106 105 105 105 105 105 104 103 103 102 102 101 101 100 100 99 99 98 97 97 97 96 96 95 95 94 94 93 93 93 92 92 91 90 89 87 86 85 84 83 81 80 79 78 77 75 75 74 74 74 74 74 73 73 73 73 72 72 72 72 72 73 73 74 75
65535 65535 65535 65535 65535 65535 65535 65535 65535 65535 65535 65535 65535 65535 65535 65535 65535 65535 65535 65535 65535 106 106 106 106 106 106 106 106 105 105 105 105 105 105 105 104 104 103 102 102 101 101 100 99 99 98 98 97 96 96 96 95 95 94 94 93 93 92 92 92 91 91 90 89 88 87 85 84 83 82 81 80 79 78 77 76 75 75 75 74 74 74 74 74 74 74 73 73 73 73 73 74 75 76 77
65535 65535 65535 65535 65535 65535 65535 65535 65535 65535 65535 65535 65535 65535 65535 65535 65535 65535 65535 65535 65535 106 106 106 106 106 106 106 105 105 105 105 105 105 105 104 104 103 102 102 101 101 100 99 99 98 97 97 96 95 95 95 94 94 93 93 92 92 91 91 90 90 90 89 88 87 86 85 84 83 82 81 80 79 78 77 76 75 75 75 75 75 75 75 75 75 75 75 74 74 74 75 76 76 77 78
65535 65535 65535 65535 65535 65535 65535 65535 65535 65535 65535 65535 65535 65535 65535 65535 65535 65535 65535 65535 65535 106 106 106 106 106 106 105 105 105 105 105 105 104 104 104 103 103 102 101 101 100 99 99 98 97 96 96 95 94 94 94 93 93 92 92 91 91 90 90 89 89 89 88 87 86 85 84 83 82 81 80 80 79 78 77 76 75 75 75 75 75 76 76 76 76 76 76 76 76 76 76 77 78 79 80
65535 65535 65535 65535 65535 65535 65535 65535 65535 65535 65535 65535 65535 65535 65535 65535 65535 65535 65535 65535 65535 106 106 106 106 106 105 105 105 105 105 105 104 104 104 104 103 102 101 101 100 99 99 98 97 96 96 95 94 93 93 93 92 92 91 91 90 90 89 89 88 88 87 87 86 85 84 84 83 82 81 80 79 79 78 77 76 76 76 76 76 76 76 76 76 77 77 77 77 77 77 78 79 79 80 81
65535 65535 65535 65535 65535 65535 65535 65535 65535 65535 65535 65535 65535 65535 65535 65535 65535 65535 65535 65535 65535 106 106 106 106 106 105 105 105 105 104 104 104 104 104 103 103 102 101 100 99 99 98 97 96 95 95 94 93 92 92 92 91 91 90 90 89 89 88 88 87 87 86 86 85 84 84 83 82 81 81 80 79 78 78 77 76 76 76 76 76 77 77 77 77 77 78 78 78 78 78 79 80 81 82 83
