pluvio/pluvio-249.asc
ncols         252
nrows         154
xllcorner     -0.5
yllcorner     -153.5
cellsize      1
NODATA_value  -9999
[rows 0 to 54 of 154, columns 0 to 95 of 252]
9 10 10 10 11 11 12 12 13 13 13 14 15 16 17 17 18 19 20 20 21 21 22 22 23 23 24 24 24 24 25 25 24 22 20 18 17 15 13 12 12 12 11 11 11 10 10 11 11 11 11 12 12 12 13 13 14 15 15 16 17 18 20 21 23 24 26 26 25 25 25 25 25 25 24 23 22 22 21 20 19 19 19 19 19 19 20 20 22 25 27 30 32 35 37 36
10 10 11 11 11 12 12 12 12 13 13 13 14 15 16 17 18 18 19 19 20 20 20 21 21 21 22 22 23 23 24 24 23 21 20 18 16 14 12 12 11 11 11 11 11 10 10 11 11 11 12 12 12 13 13 14 15 15 16 17 18 19 21 22 24 25 27 27 26 26 26 26 26 25 25 24 23 22 21 20 19 19 19 19 19 20 20 20 23 26 29 32 35 38 40 39
10 11 11 11 12 12 12 12 12 12 12 13 14 14 15 16 17 18 18 18 19 19 19 19 19 20 20 21 22 22 23 24 23 21 19 17 15 14 12 11 11 11 11 10 10 10 10 11 11 11 12 12 13 13 14 15 15 16 17 18 19 20 22 23 25 26 28 28 27 27 27 27 26 26 25 24 23 22 21 20 19 19 19 19 19 20 20 20 24 27 31 34 37 41 44 43
11 11 12 12 12 12 12 12 12 12 12 12 13 14 15 16 16 17 18 17 17 17 17 17 17 18 19 20 21 22 22 23 22 20 19 17 15 13 11 11 11 10 10 10 10 10 10 11 11 12 12 13 13 14 15 15 16 17 18 19 20 22 23 25 26 28 29 29 28 28 28 27 27 27 26 24 23 22 21 20 19 19 19 19 20 20 20 20 24 28 32 36 40 44 47 46
11 11 12 12 12 12 12 12 12 12 12 12 13 14 15 16 16 17 18 17 17 17 17 17 16 17 18 19 20 21 22 23 22 21 19 17 15 13 11 11 11 11 11 11 11 11 11 11 12 12 13 13 14 15 16 16 17 18 19 20 21 23 24 26 27 29 30 30 29 29 29 28 28 28 27 25 24 23 22 21 20 20 20 20 20 20 20 21 25 29 34 38 42 47 50 49
10 11 11 12 12 12 12 12 12 12 12 12 13 14 15 16 17 18 18 18 18 17 17 17 17 17 18 20 21 22 23 24 23 21 20 18 16 14 12 12 12 12 12 12 12 12 12 13 13 14 14 15 16 16 17 18 19 19 20 21 22 24 25 27 28 30 31 31 31 30 30 30 30 29 28 27 26 25 24 22 21 21 21 21 22 22 22 22 26 31 35 40 44 49 52 51
9 10 11 11 11 12 12 12 12 12 12 13 14 15 16 17 18 19 19 19 18 18 17 17 17 17 19 20 21 22 24 25 24 22 20 19 17 15 13 13 13 13 13 13 13 13 13 14 15 15 16 17 17 18 19 19 20 21 21 22 23 25 26 28 29 31 32 32 32 32 31 31 31 31 30 29 27 26 25 24 23 23 23 23 23 23 23 23 28 32 37 41 46 51 55 53
9 9 10 11 11 11 12 12 12 12 12 13 14 15 16 17 19 20 20 19 19 18 18 17 17 18 19 20 22 23 24 26 25 23 21 19 18 16 14 14 14 14 14 14 14 14 14 15 16 17 18 18 19 20 20 21 21 22 23 23 24 26 27 29 30 32 33 33 33 33 33 33 32 32 31 30 29 28 27 26 25 24 24 24 24 24 24 24 29 34 38 43 48 53 57 55
8 9 10 10 11 11 12 12 12 12 13 14 15 16 17 18 19 20 21 20 19 19 18 18 17 18 19 21 22 24 25 27 26 24 22 20 19 17 15 15 15 15 15 15 15 15 15 16 17 18 19 20 21 21 22 22 23 23 24 24 26 27 28 30 31 33 34 34 34 34 34 34 34 34 33 32 31 29 28 27 26 26 26 26 25 25 25 25 30 35 40 45 50 55 59 58
8 8 9 10 11 11 11 12 12 13 13 14 15 16 18 19 20 21 21 21 20 19 18 18 17 18 19 21 23 24 26 27 27 25 23 21 19 18 16 15 15 16 16 16 16 16 17 18 19 20 21 21 22 23 23 24 24 25 25 25 27 28 30 31 32 34 35 35 35 35 35 35 35 35 34 33 32 31 30 29 28 28 27 27 27 27 26 26 31 36 42 47 52 57 61 60
7 8 9 10 10 11 11 12 12 13 13 14 16 17 18 19 21 22 22 21 20 20 19 18 17 18 20 21 23 25 26 28 27 26 24 22 20 18 17 16 16 17 17 17 17 17 18 19 20 21 22 23 24 25 25 25 26 26 26 27 28 29 31 32 33 35 36 36 37 37 37 37 37 37 36 35 34 33 32 31 29 29 29 28 28 28 27 27 33 38 43 48 54 59 63 62
7 8 8 9 10 11 11 12 12 13 13 14 16 17 18 19 21 22 22 21 20 19 19 18 17 18 20 21 23 25 27 28 28 26 24 22 21 19 17 17 17 17 18 18 18 18 19 20 21 22 23 24 25 26 26 26 26 27 27 27 28 30 31 33 35 36 38 38 38 38 38 38 38 38 37 36 35 34 33 32 31 31 31 30 30 29 29 29 34 39 44 50 55 60 64 62
7 7 8 9 10 10 11 12 12 13 13 14 15 16 17 19 20 21 21 20 20 19 18 17 17 17 19 21 23 25 26 28 28 26 24 23 21 19 18 18 18 18 19 19 19 20 21 21 22 23 24 25 26 26 27 27 27 27 27 27 29 30 32 34 36 38 39 39 39 39 39 40 40 40 39 38 37 36 35 34 33 33 32 32 32 31 31 31 36 41 45 50 55 60 64 62
6 7 8 9 10 10 11 11 12 12 13 14 15 16 17 18 19 20 20 20 19 18 17 17 16 17 19 21 23 24 26 28 27 26 24 23 21 20 18 18 19 19 20 20 21 21 22 23 24 25 25 26 27 27 27 27 27 27 27 27 29 31 33 35 37 39 41 41 41 41 41 41 41 41 40 39 38 38 37 36 35 35 34 34 34 33 33 33 37 42 47 51 56 60 64 61
6 7 8 9 10 10 11 11 12 12 12 13 14 15 16 17 18 19 19 19 18 17 17 16 16 17 18 20 22 24 26 28 27 26 24 23 21 20 18 19 19 20 21 21 22 23 24 24 25 26 26 27 28 28 28 28 27 27 27 27 29 31 33 36 38 40 43 43 43 42 42 42 42 42 41 41 40 39 38 38 37 37 36 36 36 35 35 35 39 43 48 52 56 60 64 61
6 7 8 9 10 10 10 11 11 12 12 13 14 15 16 17 18 19 19 18 17 17 16 16 15 16 18 20 22 24 26 28 27 26 24 23 22 20 19 19 20 21 22 23 23 24 25 26 26 27 28 28 29 29 28 28 28 27 27 27 29 32 34 37 39 42 44 44 44 44 44 44 44 43 43 42 42 41 40 40 39 39 38 38 38 37 37 37 41 45 49 53 57 61 64 60
6 7 8 9 9 10 10 11 11 11 12 12 13 14 15 16 17 18 18 17 17 16 16 15 15 16 18 20 22 24 25 27 27 26 24 23 22 20 19 20 21 22 23 24 25 26 26 27 28 28 29 29 30 29 29 29 28 28 27 27 29 32 35 37 40 43 46 46 46 45 45 45 45 45 44 44 43 43 42 41 41 41 40 40 39 39 39 39 42 46 50 54 57 61 64 60
6 7 8 9 9 10 10 10 11 11 11 12 13 14 14 15 16 17 17 16 16 16 15 15 14 15 17 19 21 23 25 27 27 26 24 23 22 21 19 20 21 22 24 25 26 27 28 28 29 29 30 30 31 30 30 29 28 28 27 27 29 32 35 38 41 44 47 47 47 47 47 46 46 46 46 45 45 44 44 43 43 42 42 42 41 41 41 41 44 47 51 54 58 61 64 60
7 7 8 9 10 10 10 11 11 11 11 12 13 13 14 15 16 16 16 16 15 15 15 14 14 15 17 19 21 23 25 27 27 26 25 24 23 22 21 22 23 24 26 27 28 29 30 30 30 31 31 31 32 31 31 30 30 29 29 28 31 34 37 40 43 46 49 49 49 49 49 48 48 48 47 47 46 46 45 45 45 44 44 44 43 43 43 43 46 49 52 55 58 61 63 59
8 8 9 10 10 10 11 11 11 11 12 12 13 13 14 15 15 16 16 16 15 15 14 14 13 15 17 19 21 24 26 28 28 27 27 26 25 25 24 24 26 27 28 29 30 31 32 32 32 32 32 33 33 33 32 32 32 32 31 31 34 37 40 42 45 48 51 51 51 51 51 50 50 50 50 49 48 48 47 47 46 46 46 46 46 45 45 45 48 50 53 56 58 61 62 59
9 9 10 10 10 11 11 11 11 12 12 12 13 13 14 15 15 16 16 15 15 14 14 13 13 14 17 19 21 24 26 29 29 29 28 28 27 27 26 27 28 29 30 31 32 33 34 34 34 34 34 34 34 34 34 34 34 34 34 34 37 39 42 45 48 50 53 53 53 53 53 53 52 52 52 51 50 50 49 48 48 48 48 48 48 48 48 48 50 52 54 56 58 60 62 59
10 10 10 11 11 11 11 11 12 12 12 12 13 13 14 14 15 15 15 15 14 14 13 13 12 14 16 19 22 24 27 29 30 30 30 29 29 29 29 30 31 32 33 33 34 35 36 35 35 35 35 35 35 35 36 36 36 36 37 37 39 42 45 47 50 52 55 55 55 55 55 55 55 55 54 53 52 51 51 50 49 49 49 50 50 50 50 51 52 54 55 57 58 60 61 58
11 11 11 11 11 11 12 12 12 12 12 12 13 13 14 14 15 15 15 14 14 13 13 12 12 14 16 19 22 24 27 30 31 31 31 31 31 32 32 32 33 34 35 36 37 37 37 37 37 37 37 37 36 37 37 38 38 39 39 40 42 44 47 49 52 54 57 57 57 57 57 57 57 57 56 55 54 53 52 51 51 51 51 52 52 52 53 53 54 55 56 57 58 59 60 58
12 12 12 12 12 12 12 12 12 12 12 12 13 13 14 14 14 15 15 14 14 13 13 12 12 13 16 19 22 25 27 30 31 32 32 33 33 34 34 35 36 36 37 38 39 39 39 39 39 39 38 38 38 38 39 40 40 41 42 43 45 47 49 52 54 57 59 59 59 59 59 59 59 59 58 57 56 55 54 53 52 53 53 54 54 55 55 56 56 57 57 58 58 59 59 58
13 12 12 12 12 12 12 12 12 12 12 13 13 13 13 14 14 14 14 14 13 13 12 12 11 13 16 19 22 25 28 31 32 33 34 35 35 36 37 38 38 39 40 40 41 41 41 41 41 40 40 39 39 40 41 42 42 43 44 45 47 50 52 54 56 59 61 61 61 61 61 61 61 61 60 59 58 57 56 55 54 54 55 56 56 57 58 58 58 58 58 58 59 59 59 58
16 16 16 16 16 16 16 16 16 17 17 17 17 18 18 18 19 19 19 18 17 16 15 14 14 15 18 21 23 26 29 32 33 34 35 35 36 37 37 38 39 40 40 41 42 42 42 42 42 41 41 41 40 41 42 43 45 46 47 48 50 52 54 56 58 60 62 62 62 62 63 63 63 63 62 61 60 59 59 58 57 58 58 59 60 60 61 62 61 61 61 61 61 61 60 59
20 20 20 21 21 21 22 22 22 23 23 24 24 25 25 25 26 26 26 24 23 22 20 19 18 19 21 23 26 28 30 33 34 34 35 35 36 36 37 38 38 39 40 41 42 43 43 43 42 42 42 42 41 43 44 45 47 48 50 51 53 55 56 58 60 61 63 63 63 63 64 64 64 64 63 63 63 62 62 61 61 62 62 63 64 64 65 65 65 65 65 64 64 64 64 62
24 25 25 25 26 27 27 28 29 29 30 30 31 31 32 33 33 34 33 31 29 27 25 24 22 22 24 26 28 30 32 34 34 35 35 35 36 36 36 37 38 39 40 41 42 43 43 43 43 43 43 43 43 44 46 47 49 51 52 54 55 57 58 60 61 63 64 64 64 64 65 65 65 65 65 65 65 65 65 65 65 66 66 67 68 68 69 69 69 69 68 68 68 67 67 65
29 29 30 30 31 32 33 34 35 35 36 37 38 38 39 40 40 41 40 37 35 33 30 28 26 26 27 29 30 32 33 35 35 35 35 35 35 36 36 37 38 39 40 41 42 43 44 44 44 44 44 44 44 46 47 49 51 53 55 57 58 59 60 62 63 64 65 65 65 65 66 66 66 66 66 67 67 68 68 69 69 70 70 71 72 72 73 73 73 72 72 71 71 71 70 68
33 34 35 35 36 37 38 40 41 42 43 44 44 45 46 47 48 48 47 44 41 38 35 33 30 29 30 31 32 33 34 36 36 36 36 35 35 35 35 36 37 39 40 41 42 44 44 44 45 45 45 45 45 47 49 51 53 56 58 60 61 62 63 63 64 65 66 66 66 66 66 67 67 67 68 69 70 71 71 72 73 74 74 75 76 76 77 77 77 76 75 75 74 74 73 70
37 38 39 40 41 43 44 45 47 48 49 50 51 52 53 54 55 56 54 50 47 44 40 37 34 33 34 34 35 35 36 36 36 36 36 35 35 35 34 35 37 38 40 41 43 44 45 45 45 46 46 46 46 49 51 53 56 58 60 63 64 64 65 65 66 66 67 67 67 67 67 68 68 68 69 71 72 73 75 76 77 78 78 79 79 80 81 81 80 80 79 78 78 77 76 73
42 43 44 45 47 48 50 51 53 54 56 57 58 59 60 61 62 63 61 57 53 49 45 42 38 37 37 37 37 37 37 37 37 37 36 35 35 34 34 35 37 38 40 41 43 44 45 46 46 46 47 47 48 50 53 55 58 60 63 66 66 67 67 67 67 68 68 68 68 68 68 69 69 69 71 72 74 76 78 80 82 82 83 83 83 84 84 85 84 83 83 82 81 80 79 76
42 43 45 46 47 49 51 52 54 55 57 58 59 60 61 62 64 65 63 59 55 51 48 44 40 39 38 38 38 38 38 38 37 37 36 35 34 34 33 34 36 37 39 40 42 44 45 45 46 47 47 48 49 51 53 56 59 61 64 66 67 67 67 67 67 67 68 68 68 68 69 69 69 69 71 73 74 76 78 80 81 82 82 83 83 83 84 84 84 83 82 81 81 80 79 75
41 42 44 45 46 48 49 51 52 54 55 57 58 59 60 62 63 64 62 59 55 52 48 45 41 40 40 39 39 39 38 38 37 37 36 35 34 33 32 33 35 36 38 39 41 42 44 45 46 47 48 49 50 52 54 56 59 61 63 65 66 66 66 66 66 66 67 67 67 68 68 69 69 69 71 72 74 75 76 78 79 80 80 80 81 81 82 82 81 80 80 79 78 78 77 74
40 41 43 44 45 47 48 50 51 53 54 55 57 58 59 61 62 63 62 59 56 52 49 46 43 41 41 40 40 39 39 38 37 36 35 34 33 32 31 32 34 35 37 38 40 41 43 44 45 47 48 49 50 52 54 57 59 61 63 65 65 65 65 65 65 66 66 66 67 67 68 68 69 70 71 72 73 74 75 76 77 78 78 78 79 79 79 79 79 78 78 77 76 76 75 72
39 40 42 43 45 46 47 49 50 51 53 54 56 57 58 60 61 63 62 59 56 53 50 47 44 43 42 41 41 40 39 39 37 36 35 34 33 32 30 31 33 34 36 37 39 40 42 43 45 46 48 50 51 53 55 57 59 61 62 64 64 64 65 65 65 65 65 65 66 67 68 68 69 70 71 71 72 73 74 74 75 75 76 76 76 76 77 77 76 76 75 75 74 74 73 70
38 39 41 42 44 45 46 47 49 50 51 53 54 56 57 59 61 62 61 59 56 53 51 48 46 44 43 42 42 41 40 39 38 36 35 34 32 31 29 30 32 33 35 36 37 39 41 43 45 46 48 50 52 54 55 57 59 60 62 64 64 64 64 64 64 64 64 64 65 66 67 68 69 70 71 71 71 72 72 73 73 73 74 74 74 74 74 75 74 73 73 72 72 71 71 68
37 39 40 41 43 44 45 46 47 49 50 51 53 55 56 58 60 62 61 59 56 54 52 49 47 46 45 43 42 41 40 39 38 36 35 33 32 30 29 29 31 32 34 35 36 38 40 42 44 46 49 51 53 55 56 57 59 60 62 63 63 63 63 63 63 63 63 64 65 66 67 68 69 70 70 71 71 71 71 71 71 71 71 72 72 72 72 72 72 71 71 70 70 69 69 66
36 38 39 40 42 43 44 45 46 47 48 50 52 54 55 57 59 61 60 58 57 55 53 51 49 47 46 44 43 42 41 39 38 36 34 33 31 29 28 28 30 31 32 34 35 37 39 41 44 46 49 51 54 55 56 58 59 60 61 62 62 62 62 62 62 62 62 63 64 65 67 68 69 70 70 70 70 70 69 69 69 69 69 69 69 70 70 70 69 69 68 68 68 67 67 64
37 38 39 40 41 42 43 45 46 47 48 49 51 53 54 56 58 60 59 57 56 54 52 50 48 47 45 44 43 42 41 40 38 36 35 33 31 30 28 29 30 31 33 34 35 37 39 41 44 46 49 51 54 55 57 58 59 60 61 63 62 62 62 62 61 61 61 62 63 65 66 67 69 70 70 70 69 69 69 69 68 68 68 68 68 68 68 68 68 67 67 67 66 66 65 63
38 39 40 40 41 42 43 44 45 46 47 49 50 52 53 55 57 58 58 56 54 52 50 49 47 46 45 44 43 42 41 40 39 37 35 34 32 31 29 30 31 32 33 34 36 37 39 42 44 46 49 51 54 55 56 58 59 60 62 63 63 62 62 61 61 60 60 61 63 64 65 67 68 70 69 69 69 69 69 68 68 68 68 68 68 67 67 67 67 66 66 65 65 65 64 63
40 40 40 40 41 42 43 44 45 46 47 48 49 51 52 54 55 57 56 54 53 51 49 47 46 45 44 43 43 42 41 41 39 38 36 35 33 31 30 30 31 33 34 35 36 37 39 42 44 46 49 51 53 55 56 58 59 61 62 63 63 62 62 61 60 60 59 60 62 63 65 66 68 69 69 69 69 69 68 68 68 68 67 67 67 66 66 66 65 65 65 64 64 64 63 62
41 41 40 40 41 42 43 43 44 45 46 47 49 50 51 53 54 55 55 53 51 50 48 46 44 44 43 43 42 42 42 41 40 38 37 35 34 32 31 31 32 33 34 35 37 38 40 42 44 46 49 51 53 55 56 58 59 61 62 64 63 62 61 61 60 59 58 60 61 62 64 65 67 68 68 68 68 68 68 68 68 67 67 66 66 65 65 65 64 64 63 63 63 62 62 61
42 42 41 40 41 41 42 43 44 45 46 47 48 49 50 51 53 54 53 52 50 48 47 45 43 43 42 42 42 42 42 42 41 39 38 36 35 33 32 32 33 34 35 36 37 38 40 42 44 46 49 51 53 55 56 58 59 61 62 64 63 62 61 60 59 58 57 59 60 62 63 65 66 68 68 68 68 68 68 68 68 67 67 66 65 65 64 63 63 63 62 62 62 61 61 60
44 42 41 40 40 41 42 43 44 44 45 46 47 48 49 50 51 52 52 50 48 47 45 44 42 41 42 42 42 42 42 42 41 40 38 37 35 34 33 33 34 35 36 36 37 38 40 42 44 47 49 51 53 55 56 58 59 61 63 64 64 62 61 60 59 58 57 58 59 61 63 64 66 67 67 67 67 68 68 68 68 67 66 65 64 64 63 62 62 61 61 61 60 60 60 59
45 43 42 40 40 41 42 42 43 44 45 46 46 47 48 49 50 51 50 49 47 45 44 42 41 40 41 41 42 42 42 43 42 40 39 38 36 35 33 34 35 35 36 37 38 39 40 42 45 47 49 51 53 54 56 58 60 61 63 65 64 62 61 60 58 57 56 57 59 60 62 64 65 67 67 67 67 67 67 67 68 67 66 65 64 63 62 61 61 60 60 60 59 59 59 58
45 44 43 41 41 42 42 43 44 45 45 46 47 48 49 50 51 52 51 50 49 47 46 45 44 43 43 44 44 44 44 44 43 42 41 39 38 37 36 36 36 37 38 38 39 40 41 43 45 47 49 50 52 54 56 57 59 60 62 64 63 62 60 59 58 57 56 57 59 60 62 63 65 66 67 67 67 68 68 68 68 67 66 65 64 63 62 61 60 60 59 59 58 58 57 57
46 45 44 42 42 43 44 44 45 46 46 47 48 49 50 51 52 53 53 52 51 50 49 48 48 47 47 47 47 47 46 46 45 44 43 42 40 39 38 38 38 39 39 40 40 41 42 44 45 47 49 50 52 53 55 56 58 59 61 62 62 61 60 59 58 57 56 57 59 60 62 63 65 66 67 67 68 68 69 69 70 68 67 66 65 63 62 61 60 60 59 58 58 57 56 56
46 45 44 44 43 44 45 45 46 47 47 48 49 50 51 52 53 54 54 54 53 53 53 52 52 51 51 50 50 49 49 48 47 46 45 44 43 42 40 40 41 41 41 41 42 42 43 44 46 47 49 50 51 53 54 55 57 58 60 61 60 60 59 58 57 57 56 57 59 60 62 63 65 66 67 68 68 69 70 70 71 69 68 67 65 64 63 61 60 60 59 58 57 56 55 56
47 46 45 45 45 45 46 46 47 48 48 49 50 51 52 53 54 56 56 56 56 56 56 56 56 55 54 53 53 52 51 50 49 48 47 46 45 44 43 43 43 43 43 43 43 43 44 45 46 47 49 50 51 52 53 55 56 57 58 60 59 59 58 58 57 57 56 57 59 60 62 63 65 66 67 68 69 69 70 71 72 70 69 67 66 65 63 62 60 59 58 57 56 55 54 55
47 47 46 46 46 46 47 47 48 48 49 50 51 52 53 55 56 57 58 58 58 59 59 59 60 59 58 57 56 55 53 52 51 50 49 48 47 46 45 45 45 45 45 44 44 44 45 46 47 48 49 50 50 52 53 54 55 56 57 58 58 58 57 57 57 57 56 58 59 60 62 63 65 66 67 68 69 70 71 72 73 72 70 68 67 65 63 62 61 59 58 57 55 54 53 54
48 47 47 47 47 47 48 48 49 49 50 51 52 53 55 56 57 58 59 60 61 61 62 63 64 63 61 60 59 57 56 54 53 52 51 50 50 49 48 47 47 47 46 46 46 45 46 47 47 48 49 49 50 51 52 53 54 55 56 57 57 57 57 57 57 57 56 58 59 60 62 63 65 66 67 68 70 71 72 73 74 73 71 69 67 66 64 62 61 59 57 56 54 53 52 53
48 48 48 48 48 49 49 49 50 50 51 52 53 54 56 57 58 60 61 62 63 64 65 66 67 67 65 63 62 60 58 56 55 54 54 53 52 51 50 50 49 49 48 48 47 47 47 47 48 48 49 49 50 50 51 52 53 54 55 55 56 56 56 56 56 56 57 58 59 60 62 63 64 66 67 69 70 71 73 74 75 74 72 70 68 66 64 62 61 59 57 55 54 52 50 52
53 53 53 53 53 53 53 53 53 53 53 53 55 56 57 58 59 60 61 62 63 63 64 65 66 65 64 63 61 60 59 57 56 55 54 54 53 52 51 50 49 48 47 46 45 44 45 45 46 46 47 47 48 49 50 51 52 53 54 55 56 56 56 56 57 57 57 58 59 60 62 63 64 65 66 68 69 70 72 73 74 72 70 68 66 64 62 60 59 57 55 54 52 51 49 51
58 58 58 58 58 58 57 57 56 55 55 55 56 57 58 59 59 60 61 61 62 62 63 63 64 63 62 62 61 60 59 58 57 56 55 54 53 52 51 49 48 47 45 44 43 41 42 42 43 44 45 45 46 47 49 50 51 53 54 55 56 56 56 57 57 57 58 59 60 60 61 62 63 64 65 67 68 69 70 72 73 71 68 66 64 62 60 58 56 55 53 52 51 49 48 50
