pluvio/pluvio-343.asc
ncols         252
nrows         154
xllcorner     -0.5
yllcorner     -153.5
cellsize      1
NODATA_value  -9999
[rows 0 to 50 of 154, columns 0 to 95 of 252]
3 3 2 2 2 2 2 2 3 3 3 3 3 3 3 3 3 2 2 2 2 2 2 2 2 2 2 2 3 3 3 3 3 4 4 4 4 4 4 4 4 4 4 5 5 5 5 4 4 4 4 4 4 3 3 3 3 3 3 2 3 3 3 3 3 4 4 4 5 6 6 7 8 8 8 9 9 9 9 10 10 11 13 15 16 18 19 21 20 20 20 19 19 18 18 17
3 2 2 2 2 2 2 2 2 2 2 2 2 2 2 3 3 3 3 3 2 2 2 2 2 2 2 2 3 3 3 3 3 3 3 4 4 4 4 4 4 5 5 5 6 6 6 5 5 5 4 4 4 4 3 3 3 3 3 3 3 4 4 4 4 5 5 5 6 7 7 8 8 9 9 10 10 10 11 11 11 13 15 17 19 20 22 24 23 23 22 22 21 20 20 19
3 2 2 1 1 1 1 1 1 1 1 2 2 2 2 3 3 3 3 3 3 2 2 2 2 2 2 2 2 3 3 3 3 3 3 3 3 3 3 4 4 5 6 6 7 7 7 7 6 5 5 4 4 4 4 4 4 4 4 4 4 4 5 5 5 6 6 7 7 8 8 9 9 10 10 11 11 12 12 13 13 15 17 19 21 23 25 27 26 25 25 24 23 22 22 21
2 2 1 1 1 1 1 1 1 1 1 1 1 2 2 2 3 3 3 3 3 2 2 2 2 2 2 2 2 3 3 3 3 3 3 3 3 3 3 4 5 5 6 7 8 9 8 8 7 6 5 5 4 4 4 4 4 4 4 5 5 5 6 6 6 7 7 8 8 9 9 10 10 11 11 12 12 13 14 14 15 17 19 21 23 26 28 30 29 28 27 26 25 24 24 23
2 2 1 1 1 0 0 0 0 0 0 1 1 1 2 2 3 3 3 3 3 2 2 2 2 2 2 2 2 3 3 3 3 3 3 3 3 3 3 4 5 6 6 7 8 9 9 8 7 7 6 5 5 5 5 5 5 5 5 5 6 6 7 7 8 8 8 9 9 10 10 11 11 12 12 13 13 14 15 15 16 18 20 23 25 27 30 32 31 30 29 28 27 26 25 24
2 2 1 1 0 0 0 0 0 0 0 0 1 1 2 2 2 3 3 3 2 2 2 2 2 2 2 2 2 2 3 3 3 3 3 3 3 3 3 4 5 5 6 7 8 9 9 8 8 7 7 6 6 6 6 6 6 6 7 7 7 8 8 8 9 9 10 10 11 11 11 12 12 13 13 14 14 15 15 16 16 19 21 23 26 28 30 32 31 30 29 28 27 26 25 25
2 2 1 1 0 0 0 0 0 0 0 0 1 1 1 2 2 2 2 2 2 2 2 2 2 2 2 2 2 2 2 3 3 3 3 3 3 3 3 4 5 5 6 7 8 9 9 8 8 8 8 8 7 7 7 8 8 8 8 8 8 9 9 10 10 11 11 11 12 12 12 13 13 14 14 14 15 15 16 16 17 19 21 24 26 29 31 33 32 31 30 29 28 27 26 25
2 2 1 1 0 0 0 0 0 0 0 0 1 1 1 1 1 2 2 2 2 2 2 2 2 2 2 2 2 2 2 2 2 3 3 3 3 3 4 4 5 5 6 7 8 8 8 8 9 9 9 9 9 9 9 9 9 9 9 9 10 10 11 11 11 12 12 13 13 13 14 14 14 14 15 15 16 16 16 17 17 20 22 24 27 29 32 34 33 32 31 30 29 28 27 26
2 1 1 1 0 0 0 0 0 0 0 0 0 1 1 1 1 1 1 1 2 2 2 2 2 2 2 2 2 2 2 2 2 2 3 3 3 3 4 4 5 5 6 7 7 8 8 9 9 9 10 10 10 10 10 10 10 10 10 10 11 11 12 12 13 13 14 14 14 14 15 15 15 15 16 16 16 17 17 17 18 20 23 25 27 30 32 34 33 32 31 30 29 28 27 27
2 1 1 1 0 0 0 0 0 0 0 0 0 0 0 1 1 1 1 1 1 2 2 2 2 2 2 2 2 2 2 2 2 2 3 3 3 4 4 4 5 5 6 7 7 8 8 9 9 10 10 11 12 12 12 12 12 12 12 12 12 13 13 14 14 15 15 15 15 16 16 16 16 16 16 17 17 17 18 18 18 21 23 26 28 30 33 35 34 33 32 31 30 29 28 27
2 1 1 1 0 0 0 0 0 0 0 0 0 0 0 0 0 0 0 1 1 1 2 2 2 2 2 2 2 2 2 1 2 2 2 3 3 4 4 5 5 5 6 6 7 7 8 9 10 10 11 12 13 13 13 13 13 13 13 13 13 14 14 15 15 16 17 17 17 17 17 17 17 17 17 18 18 18 18 19 19 21 24 26 29 31 33 36 35 34 33 32 30 29 28 28
2 1 1 1 0 0 0 0 0 0 0 0 0 0 0 0 0 0 0 1 1 1 2 2 2 2 2 2 2 2 2 1 2 2 3 3 3 4 4 5 5 6 6 7 7 8 9 10 11 12 12 13 14 14 14 14 14 14 14 14 14 15 15 16 16 17 17 18 18 18 18 18 18 18 19 19 19 19 19 20 20 22 25 27 29 32 34 36 35 34 33 32 31 30 29 29
2 1 1 1 0 0 0 0 0 0 0 0 0 0 0 0 0 0 0 1 1 1 2 2 2 2 2 2 2 2 2 2 2 2 3 3 4 4 4 5 6 7 7 8 9 9 10 11 12 13 14 15 15 15 15 15 15 14 14 14 14 15 16 16 17 17 18 18 19 19 19 19 20 20 20 20 21 21 21 21 21 24 26 28 31 33 35 37 36 35 34 33 32 31 30 31
2 1 1 1 0 0 0 0 0 0 0 0 0 0 0 0 0 0 0 1 1 1 2 2 2 2 2 2 2 2 2 2 2 3 3 3 4 4 5 5 6 7 8 9 10 11 12 12 13 14 15 16 17 16 16 16 15 15 15 14 15 15 16 17 17 18 19 19 19 20 20 21 21 22 22 22 22 22 22 23 23 25 27 29 32 34 36 38 37 36 35 34 33 32 32 32
1 1 1 1 0 0 0 0 0 0 0 0 0 0 0 0 0 0 0 1 1 1 1 2 2 2 2 2 2 2 2 2 3 3 3 4 4 4 5 6 7 8 9 10 11 12 13 14 15 15 16 17 18 18 17 17 16 16 15 15 15 16 17 17 18 18 19 20 20 21 21 22 23 23 23 24 24 24 24 24 24 26 29 31 33 35 37 39 38 37 36 35 34 33 33 33
1 1 1 1 0 0 0 0 0 0 0 0 0 0 0 0 0 0 0 1 1 1 1 2 2 2 2 2 2 2 3 3 3 3 4 4 4 5 5 6 7 9 10 11 12 14 15 15 16 17 18 18 19 19 18 18 17 16 16 15 16 16 17 18 18 19 20 20 21 22 23 23 24 25 25 25 25 25 26 26 26 28 30 32 34 36 38 40 39 38 37 36 35 34 34 34
1 1 1 1 1 0 0 0 0 0 0 0 0 0 0 0 0 0 0 1 1 1 1 1 2 2 2 2 2 3 3 3 3 4 4 4 5 5 5 6 8 9 11 12 14 15 16 17 17 18 19 20 20 20 19 18 18 17 16 16 16 17 17 18 19 19 20 21 22 23 24 25 26 26 27 27 27 27 27 27 27 29 31 33 35 37 39 40 40 39 38 37 36 36 35 36
1 1 1 1 1 1 0 0 0 0 0 0 0 0 0 0 0 0 0 1 1 1 1 1 1 2 2 2 3 3 3 3 4 4 4 4 5 5 5 7 8 10 12 13 15 17 17 18 19 19 20 21 21 21 20 19 18 18 17 16 17 17 18 19 19 20 21 22 23 24 25 26 27 28 28 28 28 28 29 29 29 31 32 34 36 38 40 41 40 40 39 38 37 37 36 37
1 1 1 1 1 1 0 0 0 0 0 0 0 0 0 0 0 0 0 1 1 1 1 1 1 2 2 2 2 3 3 3 3 4 4 4 5 5 5 7 8 10 11 13 15 16 17 18 18 19 20 20 21 20 20 19 18 18 17 16 17 18 18 19 20 20 21 22 23 24 25 26 27 28 28 29 29 29 29 29 30 31 33 35 37 38 40 42 41 40 40 39 38 38 37 38
1 1 1 1 1 1 0 0 0 0 0 0 0 0 0 0 0 0 0 1 1 1 1 1 1 1 2 2 2 2 2 3 3 3 4 4 5 5 6 7 8 9 11 12 13 15 16 16 17 17 18 18 19 19 18 18 18 17 17 17 17 18 18 19 20 20 21 22 23 24 24 25 26 27 28 28 28 29 29 30 30 32 34 35 37 39 40 42 42 41 41 40 40 39 39 40
1 1 1 1 1 1 0 0 0 0 0 0 0 0 0 0 0 0 0 1 1 1 1 1 1 1 1 2 2 2 2 2 3 3 4 4 5 5 6 7 8 9 10 11 12 13 14 15 15 16 16 17 17 17 17 17 17 17 17 17 17 18 19 19 20 20 21 22 22 23 24 25 25 26 27 27 28 29 29 30 31 32 34 36 37 39 41 42 42 42 41 41 41 41 40 41
1 1 1 1 1 0 0 0 0 0 0 0 0 0 0 0 0 0 0 0 1 1 1 1 1 1 1 1 1 1 2 2 2 3 3 4 5 5 6 7 8 8 9 10 11 12 12 13 13 14 14 15 15 16 16 16 16 17 17 17 18 18 19 19 20 20 21 21 22 23 23 24 25 25 26 27 28 29 29 30 31 33 34 36 38 39 41 43 43 42 42 42 42 42 42 43
1 1 1 1 0 0 0 0 0 0 0 0 0 0 0 0 0 0 0 0 1 1 1 1 1 1 1 1 1 1 1 1 2 2 3 4 5 5 6 7 7 8 9 9 10 10 11 11 12 12 13 13 14 14 15 15 16 16 17 18 18 19 19 19 20 20 21 21 22 22 23 23 24 24 25 26 27 28 29 31 32 33 35 36 38 40 41 43 43 43 43 43 43 43 44 45
0 0 0 0 0 0 0 0 0 0 0 0 0 0 0 0 0 0 0 0 0 1 1 1 1 1 1 1 1 1 1 1 1 2 3 4 4 5 6 7 7 7 8 8 9 9 9 10 10 11 11 11 12 12 13 14 15 16 17 18 18 19 19 20 20 20 21 21 22 22 22 23 23 23 25 26 27 28 30 31 32 34 35 37 38 40 42 43 43 44 44 44 44 45 45 46
0 0 0 0 0 0 0 0 0 0 0 0 0 0 0 0 0 0 0 0 0 0 0 1 1 1 0 0 0 0 0 0 1 2 3 4 4 5 6 7 7 7 7 7 7 8 8 8 9 9 9 10 10 11 12 13 15 16 17 18 19 19 19 20 20 20 21 21 21 22 22 22 22 22 24 25 27 28 30 31 33 34 36 37 39 40 42 44 44 44 45 45 46 46 47 48
0 0 0 0 0 0 0 0 0 0 0 0 0 0 0 0 0 0 0 0 0 0 0 0 0 0 0 0 0 0 0 0 1 2 3 4 5 6 6 7 7 7 7 7 7 7 8 8 9 9 10 10 10 12 13 14 16 17 18 19 20 20 20 21 21 21 22 22 22 22 23 23 23 23 25 26 28 29 30 32 33 35 36 38 40 41 43 44 45 45 46 46 47 47 48 49
0 0 0 0 0 0 0 0 0 0 0 0 0 0 0 0 0 0 0 0 0 0 0 0 0 0 0 0 0 0 0 0 1 2 3 4 5 6 7 7 7 7 7 7 8 8 8 9 10 10 11 12 12 14 15 16 17 19 20 21 22 22 22 22 22 22 23 23 23 24 24 24 25 25 26 28 29 30 32 33 34 36 37 39 40 42 43 45 45 46 46 47 48 48 49 50
0 0 0 0 0 0 0 0 0 0 0 0 0 0 0 0 0 0 0 0 0 0 0 0 0 0 0 0 0 0 0 0 1 2 3 4 5 6 7 7 7 8 8 8 8 8 9 10 11 12 12 13 14 16 17 18 19 21 22 23 23 23 23 23 24 24 24 24 24 25 25 26 26 27 28 29 30 32 33 34 35 37 38 40 41 42 44 45 46 47 47 48 49 49 50 52
0 0 0 0 0 0 0 0 0 0 0 0 0 0 0 0 0 0 0 0 0 0 0 0 0 0 0 0 0 0 0 0 1 2 3 4 5 6 7 8 8 8 8 8 8 8 9 10 12 13 14 15 16 17 19 20 21 22 24 25 25 25 25 25 25 25 25 25 26 26 27 27 28 28 30 31 32 33 34 35 36 38 39 40 42 43 45 46 47 47 48 49 50 50 51 53
0 0 0 0 0 0 0 0 0 0 0 0 0 0 0 0 0 0 0 0 0 0 0 0 0 0 0 0 0 0 0 0 1 2 3 4 5 6 8 8 8 8 8 8 8 9 10 11 12 14 15 17 18 19 21 22 23 24 26 27 27 27 26 26 26 26 26 26 27 28 28 29 29 30 31 32 33 34 35 36 37 39 40 41 43 44 45 47 47 48 49 50 51 51 52 54
0 0 0 0 0 0 0 0 0 0 0 0 0 0 0 0 0 0 0 0 0 0 0 0 0 0 0 0 0 0 0 0 1 2 3 4 6 7 8 8 8 8 9 9 9 9 10 12 13 15 17 18 20 21 23 24 25 26 27 29 29 28 28 28 27 27 27 27 28 29 30 30 31 32 33 34 35 36 36 37 38 40 41 42 43 45 46 47 48 49 50 51 52 52 54 56
0 0 0 0 0 0 0 0 0 0 0 0 0 0 0 0 0 0 0 0 0 0 0 0 0 0 0 0 0 0 0 0 1 2 3 5 6 7 8 9 9 9 9 9 9 9 11 13 14 16 18 20 22 23 24 26 27 28 29 31 30 30 29 29 29 28 28 28 29 30 31 32 33 34 34 35 36 37 38 39 39 41 42 43 44 45 47 48 49 50 51 52 53 54 55 57
0 0 0 0 0 0 0 0 0 0 0 0 0 0 0 0 0 0 0 0 0 0 0 0 0 0 0 0 0 0 0 0 1 2 4 5 6 7 9 9 10 10 10 11 11 11 13 15 17 18 20 22 24 25 26 28 29 30 31 32 32 32 31 31 30 30 30 30 31 32 33 34 35 35 36 37 38 39 39 40 41 42 43 45 46 47 48 49 50 51 52 53 54 55 56 59
0 0 0 0 0 0 0 0 0 0 0 0 0 0 0 0 0 0 0 0 0 0 0 0 0 0 0 0 0 0 0 0 1 2 4 5 6 8 9 10 11 11 12 13 13 14 16 17 19 21 23 24 26 27 29 30 31 32 33 34 34 34 33 33 33 32 32 33 33 34 35 36 37 38 38 39 40 41 41 42 43 44 45 47 48 49 50 51 52 53 54 55 56 57 58 60
0 0 0 0 0 0 0 0 0 0 0 0 0 0 0 0 0 0 0 0 0 0 0 0 0 0 0 0 0 0 0 0 1 3 4 5 7 8 10 11 12 13 14 15 16 17 19 20 22 23 25 27 28 29 31 32 33 34 35 36 36 35 35 35 35 34 34 35 36 36 37 38 39 40 40 41 42 43 43 44 45 46 47 48 50 51 52 53 54 55 56 57 58 59 60 62
0 0 0 0 0 0 0 0 0 0 0 0 0 0 0 0 0 0 0 0 0 0 0 0 0 0 0 0 0 0 0 0 1 3 4 6 7 9 10 12 13 14 16 17 18 20 21 23 24 26 27 29 30 32 33 34 35 36 37 38 38 37 37 37 37 36 36 37 38 39 39 40 41 42 42 43 44 44 45 46 47 48 49 50 52 53 54 55 56 57 58 59 60 60 61 64
0 0 0 0 0 0 0 0 0 0 0 0 0 0 0 0 0 0 0 0 0 0 0 0 0 0 0 0 0 0 0 0 1 3 4 6 7 9 11 12 14 16 18 19 21 23 24 26 27 28 30 31 33 34 35 36 37 38 38 39 39 39 39 39 39 39 39 39 40 41 41 42 43 44 44 45 46 46 47 48 49 50 51 52 54 55 56 57 58 59 60 61 61 62 63 66
0 0 0 0 0 0 0 0 0 0 0 0 0 0 0 0 0 0 0 0 0 0 0 0 0 0 0 0 0 0 0 0 1 3 4 6 8 9 11 13 15 17 19 21 24 26 27 28 30 31 32 34 35 36 37 38 38 39 40 41 41 41 41 41 41 41 41 41 42 43 44 44 45 46 46 47 48 48 49 50 50 52 53 54 56 57 58 59 60 61 62 62 63 64 65 67
0 0 0 0 0 0 0 0 0 0 0 0 0 0 0 0 0 0 0 0 0 0 0 0 0 0 0 0 0 0 0 0 1 3 5 6 8 10 12 14 16 19 21 24 26 29 30 31 32 33 35 36 37 38 39 40 40 41 42 43 43 43 43 43 43 43 43 44 44 45 46 46 47 48 48 49 50 50 51 52 52 54 55 56 58 59 60 61 62 63 63 64 65 66 67 69
0 0 0 0 0 0 0 0 0 0 0 0 0 0 0 0 0 0 0 0 0 0 0 0 0 0 0 0 1 1 1 1 2 4 6 8 9 11 13 15 18 20 22 25 27 30 31 33 34 35 37 38 39 40 41 42 43 44 44 45 45 45 45 45 45 45 45 46 46 47 47 48 49 49 50 51 52 52 53 54 55 56 58 60 62 64 66 68 68 69 69 70 71 71 72 73
0 0 0 0 0 0 0 0 0 0 0 0 0 0 0 0 0 0 0 0 0 0 0 0 0 0 1 1 1 2 2 2 4 5 7 9 11 13 15 17 19 21 24 26 28 30 32 34 35 37 38 40 41 43 43 44 45 46 47 48 48 48 48 47 47 47 47 48 48 49 49 50 50 51 52 53 53 54 55 56 57 59 62 65 68 70 73 75 76 76 77 77 77 78 78 79
0 0 0 0 0 0 0 0 0 0 0 0 0 0 0 0 0 0 0 0 0 0 0 0 0 1 1 2 2 2 3 3 5 7 9 11 13 15 16 19 21 23 25 27 29 31 33 35 37 38 40 42 44 45 46 47 48 49 50 51 50 50 50 50 50 49 49 49 50 50 51 51 52 52 53 54 55 56 57 58 59 63 66 69 73 76 80 83 83 84 84 84 84 85 85 84
0 0 0 0 0 0 0 0 0 0 0 0 0 0 0 0 0 0 0 0 0 0 0 0 1 1 2 2 3 3 4 5 6 8 10 12 14 16 18 20 22 24 26 28 30 32 34 36 38 40 42 44 46 47 48 49 50 51 52 53 53 53 52 52 52 51 51 51 52 52 53 53 53 54 55 56 57 58 59 60 61 66 70 74 78 83 87 91 91 91 91 91 91 91 91 90
0 0 0 0 0 0 0 0 0 0 0 0 0 0 0 0 0 0 0 0 0 0 1 1 1 1 2 3 4 4 5 6 8 10 12 14 16 18 20 22 24 25 27 29 31 32 35 37 39 41 44 46 48 50 51 52 53 54 55 56 55 55 55 54 54 53 53 53 54 54 54 55 55 55 57 58 59 60 61 62 64 69 74 79 84 89 94 99 99 98 98 98 98 98 98 95
0 0 0 0 0 0 0 0 0 0 0 0 0 0 0 0 0 0 0 0 0 0 1 1 1 2 2 3 4 5 6 7 9 11 13 15 17 20 22 23 25 27 28 30 31 33 35 38 41 43 46 48 51 52 53 54 55 56 57 58 58 57 57 57 56 56 55 55 56 56 56 56 57 57 58 59 61 62 63 64 66 72 78 83 89 95 101 106 106 106 106 105 105 105 104 101
0 0 0 0 0 0 0 0 0 0 0 0 0 0 0 0 0 0 0 0 0 1 1 1 1 2 3 4 5 6 7 8 10 12 15 17 19 21 23 25 26 28 29 31 32 34 36 39 42 45 47 50 53 54 55 57 58 59 60 61 60 60 59 59 58 58 57 57 57 58 58 58 58 58 60 61 63 64 65 67 68 75 81 88 95 101 108 114 114 113 113 112 112 112 111 106
0 0 0 0 0 0 0 0 0 0 0 0 0 0 0 0 0 0 0 1 1 1 1 1 2 3 4 5 6 8 9 10 12 14 16 18 20 22 23 25 27 28 30 31 33 34 37 40 43 46 48 51 54 56 57 58 59 61 62 63 63 62 62 61 61 60 60 60 60 60 60 61 61 61 62 64 65 66 68 69 70 77 83 90 96 103 110 116 115 114 113 113 112 111 110 106
0 0 0 0 0 0 0 0 0 0 0 0 0 0 0 0 0 0 0 1 1 1 2 2 2 3 5 7 8 10 11 13 14 16 17 19 20 21 23 25 26 28 30 32 33 35 38 41 44 46 49 52 55 57 58 60 61 63 64 66 65 65 64 64 63 63 62 62 63 63 63 63 63 64 65 66 67 69 70 71 73 79 85 91 97 103 110 115 114 113 112 111 110 109 108 104
0 0 0 0 0 0 0 0 0 0 0 0 0 0 0 0 0 0 1 1 1 2 2 3 3 4 6 8 10 11 13 15 16 17 18 19 20 21 23 24 26 28 30 32 34 36 39 41 44 47 50 53 56 58 60 61 63 65 66 68 68 67 67 66 66 65 65 65 65 65 66 66 66 66 68 69 70 71 72 74 75 81 87 92 98 104 110 115 114 112 111 110 109 107 106 102
0 0 0 0 0 0 0 0 0 0 0 1 1 1 1 1 1 1 1 1 2 2 3 3 4 5 7 9 11 13 15 17 18 19 19 20 21 21 22 24 26 28 30 32 34 36 39 42 45 48 51 54 57 59 61 63 65 67 68 70 70 70 69 69 68 68 67 68 68 68 68 69 69 69 70 71 73 74 75 76 77 83 88 94 99 104 110 115 113 112 110 108 107 105 103 100
0 0 0 0 0 0 0 0 0 0 1 1 1 1 1 1 1 1 1 2 2 3 3 4 5 6 8 11 13 15 17 19 20 20 21 21 21 21 22 23 26 28 30 33 35 37 40 43 46 49 52 55 58 60 62 64 66 68 71 73 73 72 72 71 71 71 70 70 71 71 71 71 72 72 73 74 75 76 77 78 79 85 90 95 100 105 110 115 113 111 109 107 105 103 101 98
