pluvio/pluvio-213.asc
ncols         252
nrows         154
xllcorner     -0.5
yllcorner     -153.5
cellsize      1
NODATA_value  -9999
[rows 92 to 137 of 154, columns 0 to 95 of 252]
114 122 130 139 143 145 146 148 149 151 152 152 149 147 144 142 139 137 134 131 128 125 122 119 116 111 106 100 94 89 83 77 75 74 73 73 72 71 70 70 70 69 69 69 69 69 66 63 60 58 55 52 49 52 55 59 63 66 70 74 76 78 80 82 84 87 89 91 93 94 96 98 100 102 106 110 114 118 122 126 130 127 124 121 118 115 112 109 110 111 111 112 112 113 114 120
116 125 134 143 149 150 151 153 154 155 156 156 153 150 148 145 142 140 137 134 131 129 126 123 120 116 110 105 99 94 88 83 80 78 77 75 73 71 70 69 70 70 70 70 71 71 69 66 64 61 58 56 53 56 60 64 67 71 75 79 81 82 84 85 87 88 89 91 93 95 97 99 101 103 107 111 114 118 122 126 129 127 124 122 119 116 114 111 112 112 112 112 113 113 114 120
118 128 138 148 153 154 156 157 158 159 160 159 156 154 151 148 145 143 140 137 135 132 129 127 124 120 114 109 104 99 94 89 85 83 80 78 75 73 70 70 70 71 72 72 73 74 72 69 67 65 62 60 57 60 64 68 72 76 80 84 85 86 87 88 89 90 91 92 94 96 98 100 102 104 107 111 115 119 122 126 130 127 125 123 121 118 116 114 114 114 114 114 114 114 114 120
120 130 139 149 154 155 156 157 158 159 161 160 157 155 153 150 148 145 143 140 137 134 132 129 126 122 118 113 108 104 99 94 91 89 86 84 81 79 77 76 77 77 78 78 79 79 77 75 72 70 67 65 62 65 69 72 76 80 84 88 89 90 91 91 92 93 94 96 97 99 101 102 104 106 110 113 117 121 125 129 133 131 130 128 127 125 124 122 122 121 120 120 119 118 118 123
122 131 141 150 155 156 157 158 159 160 161 160 158 156 154 152 150 148 146 143 140 137 134 131 129 125 121 116 112 108 104 100 97 94 92 90 88 85 83 83 83 84 84 84 85 85 83 80 78 75 72 70 67 70 73 77 80 84 88 91 92 93 94 95 96 97 98 99 101 102 103 105 106 108 112 116 120 124 128 132 136 135 135 134 133 132 131 131 129 128 127 125 124 123 122 126
124 133 142 151 156 157 158 159 160 160 161 161 159 157 156 154 152 151 148 145 142 140 137 134 131 127 124 120 116 112 109 105 102 100 98 96 94 92 90 89 89 90 90 90 91 91 89 86 83 80 77 75 72 74 78 81 84 88 91 95 96 97 98 99 99 100 101 103 104 105 106 107 109 110 114 118 122 127 131 135 139 139 139 139 139 139 139 139 137 135 133 131 129 127 126 129
126 135 143 152 157 158 158 159 160 161 162 161 160 159 157 156 155 153 151 148 145 142 139 136 133 130 127 123 120 117 114 110 108 106 104 102 100 98 96 96 96 96 96 96 96 97 94 91 88 85 83 80 77 79 82 85 88 92 95 98 99 100 101 102 103 104 105 106 107 108 109 110 111 112 116 121 125 129 134 138 143 143 144 145 145 146 147 147 144 142 139 137 134 132 130 132
128 136 145 153 158 158 159 160 161 161 162 162 161 160 159 158 157 156 154 151 148 145 142 139 135 133 130 127 124 121 119 116 114 112 110 108 106 104 103 102 102 102 102 102 102 102 100 97 94 91 88 85 81 83 87 90 93 96 99 102 103 104 105 106 107 108 108 109 110 111 112 112 113 114 118 123 128 132 137 141 146 147 149 150 151 153 154 155 152 149 146 143 140 136 134 135
129 138 146 154 158 159 160 160 161 162 163 162 162 161 161 160 159 159 157 153 150 147 144 141 138 135 133 131 128 126 124 121 119 118 116 114 112 111 109 109 108 108 108 108 108 108 106 102 99 96 93 89 86 88 91 94 97 100 102 105 106 107 108 109 110 111 112 113 113 114 114 115 115 116 121 125 130 135 140 144 149 151 153 155 158 160 162 163 160 156 152 148 145 141 138 138
132 140 147 155 159 160 161 161 162 162 163 163 163 162 162 162 161 161 159 156 153 150 147 143 140 138 136 134 132 130 129 127 125 123 122 120 119 117 115 115 115 114 114 114 114 114 111 108 104 101 98 94 91 93 96 98 101 104 107 109 110 111 112 113 114 115 116 116 116 117 117 117 118 118 123 128 133 137 142 147 152 155 157 160 163 165 168 170 166 162 158 153 149 145 141 141
136 143 150 157 160 161 162 162 163 164 164 164 164 164 163 163 163 162 161 158 155 152 150 147 144 142 140 139 137 136 134 132 131 129 127 126 124 122 121 120 119 119 118 118 117 116 114 111 108 105 102 99 96 98 101 104 107 110 113 116 117 117 118 119 119 120 120 121 121 121 121 121 121 121 126 130 135 140 144 149 153 156 158 160 163 165 167 169 166 162 158 154 151 147 143 143
139 146 152 158 161 162 163 163 164 165 165 165 165 165 164 164 164 164 162 160 157 155 153 150 148 146 145 143 142 141 139 138 136 135 133 131 129 128 126 125 124 123 122 121 120 119 117 115 112 109 107 104 102 104 107 110 113 116 119 122 123 123 124 124 124 125 125 125 125 125 125 125 125 124 129 133 137 142 146 150 155 157 159 161 163 165 167 168 165 162 159 155 152 149 146 145
143 149 154 160 163 163 164 164 165 166 166 166 166 166 166 165 165 165 164 162 160 158 156 154 152 150 149 148 147 146 145 144 142 140 138 137 135 133 131 130 128 127 126 125 123 122 120 118 116 114 111 109 107 109 112 116 119 122 126 129 129 129 129 129 130 130 130 129 129 129 129 128 128 128 132 136 140 144 148 152 156 158 159 161 163 164 166 168 165 162 159 156 153 150 148 148
147 152 156 161 164 164 165 166 166 167 167 168 167 167 167 167 166 166 165 163 162 160 159 157 155 154 154 153 152 151 150 149 148 146 144 142 140 138 136 135 133 131 130 128 127 125 123 121 120 118 116 114 112 115 118 122 125 128 132 135 136 135 135 135 135 134 134 134 133 133 132 132 131 131 135 138 142 146 150 153 157 159 160 161 163 164 166 167 164 162 159 157 155 152 150 150
151 155 159 163 165 165 166 167 167 168 169 169 169 168 168 168 168 167 166 165 164 163 162 160 159 158 158 157 157 156 156 155 153 151 149 147 145 143 141 140 138 136 134 132 130 128 126 125 123 122 120 119 117 120 124 127 131 135 138 142 142 141 141 140 140 139 139 138 138 137 136 135 135 134 137 141 144 148 151 155 158 159 161 162 163 164 165 166 164 162 160 158 156 154 152 153
155 158 161 164 166 166 167 168 168 169 170 170 170 169 169 169 169 169 168 167 166 165 165 164 163 163 162 162 162 161 161 161 159 157 155 153 151 149 147 144 142 140 138 136 133 131 130 128 127 126 125 124 123 126 129 133 137 141 145 148 148 147 147 146 145 144 144 143 142 141 140 139 138 137 140 144 147 150 153 156 160 160 161 162 163 163 164 165 163 162 160 159 157 156 154 155
159 161 164 166 167 168 169 169 170 171 171 172 171 171 171 170 170 170 169 169 169 168 168 167 167 167 167 166 166 166 166 166 164 162 160 158 156 154 152 149 147 144 142 139 137 135 133 132 132 131 130 129 128 131 135 139 143 146 150 154 154 153 152 151 150 149 148 147 146 145 143 142 141 140 143 146 150 153 156 159 162 162 162 163 163 163 163 164 162 161 160 159 158 157 156 156
164 166 168 170 171 172 172 173 174 175 175 175 175 174 173 172 172 171 171 171 171 171 171 171 171 171 171 170 170 170 169 169 167 165 163 161 159 157 155 153 151 149 147 144 142 140 139 138 138 137 136 135 134 137 140 143 146 149 153 156 155 154 154 153 152 151 150 149 148 147 146 145 144 143 146 150 154 157 161 164 168 167 166 165 163 162 161 160 159 158 157 156 155 154 153 153
170 171 172 173 174 175 176 177 178 179 179 179 178 177 176 175 173 172 172 173 173 174 174 175 176 175 175 174 174 173 173 172 171 169 166 164 162 160 158 156 155 153 151 150 148 146 145 144 144 143 142 141 140 142 145 147 150 152 155 157 157 156 155 155 154 153 152 151 150 149 148 147 146 145 149 153 157 162 166 170 174 171 169 166 164 162 159 157 156 155 154 153 152 151 150 150
175 176 177 177 178 179 180 181 182 183 184 183 181 180 178 177 175 173 174 175 176 177 178 179 180 180 179 178 178 177 176 176 174 172 170 168 166 163 161 160 159 157 156 155 153 152 151 150 150 149 148 147 147 148 150 152 154 155 157 159 159 158 157 157 156 155 155 154 153 152 151 150 149 148 152 157 161 166 171 175 179 176 172 168 165 161 157 154 153 152 151 150 149 148 147 147
181 181 181 181 182 183 184 185 186 187 188 187 185 183 181 179 177 175 175 176 178 180 181 183 184 184 183 182 182 181 180 179 177 175 173 171 169 167 165 163 163 162 161 160 159 158 157 156 156 155 154 154 153 154 155 156 157 158 160 161 160 160 159 159 158 157 157 156 155 154 153 152 151 150 155 160 165 170 175 180 185 180 175 170 165 160 156 151 150 149 148 147 146 145 144 144
186 186 185 185 185 186 187 188 189 190 192 191 188 186 183 181 178 176 176 178 180 182 184 187 189 189 188 186 185 184 183 182 180 178 176 174 172 170 168 167 166 166 165 165 164 164 163 162 162 161 160 160 159 159 160 160 161 161 162 162 162 162 161 161 160 160 159 158 157 157 156 155 154 153 158 164 169 175 180 186 191 185 179 172 166 160 154 148 147 146 145 144 143 142 142 141
192 191 190 188 189 190 191 192 193 194 196 194 192 189 186 183 180 177 178 180 183 185 188 190 193 193 192 190 189 188 187 185 184 182 180 177 175 173 171 171 170 170 170 170 170 170 169 168 168 167 166 166 165 165 165 165 165 164 164 164 164 163 163 163 162 162 161 161 160 159 158 157 156 156 161 167 173 179 185 191 197 189 182 174 167 159 152 144 144 143 142 141 140 140 139 138
196 194 193 191 191 192 193 195 196 197 198 197 194 191 188 185 182 179 180 182 185 188 191 193 196 196 195 194 192 191 190 188 187 185 183 181 179 177 175 174 175 175 175 175 176 176 175 175 174 174 173 173 172 171 171 170 169 168 167 167 166 166 165 165 165 164 164 163 162 161 161 160 159 158 164 171 177 183 190 196 202 194 185 177 168 159 151 143 142 141 140 139 138 137 136 136
195 193 192 190 190 191 192 194 195 196 197 196 194 192 190 187 185 183 183 185 187 190 192 194 196 196 195 194 193 192 191 190 188 187 185 184 182 180 179 179 180 180 181 182 182 183 183 183 183 182 182 182 182 180 179 178 176 175 173 172 171 170 169 168 168 167 166 165 165 164 163 162 161 161 167 174 180 187 193 200 206 197 189 180 171 163 154 146 144 143 141 140 139 137 136 136
194 192 191 189 189 190 191 193 194 195 196 196 194 193 191 190 188 186 187 188 190 191 193 194 196 196 195 194 194 193 192 192 190 189 188 186 185 184 183 183 184 186 187 188 189 191 191 191 191 191 191 191 191 189 187 185 183 181 179 177 175 174 173 172 171 170 169 168 167 166 165 165 164 163 170 176 183 190 197 203 210 201 192 183 174 166 157 148 147 145 143 141 139 137 135 135
193 191 190 188 188 189 191 192 193 194 195 195 194 193 193 192 191 190 190 191 192 193 194 195 196 196 195 195 194 194 194 193 192 191 190 189 188 187 186 187 189 191 193 195 196 198 199 199 199 200 200 200 201 198 196 193 190 187 184 182 180 178 177 176 174 173 171 170 170 169 168 167 166 166 172 179 186 193 200 207 213 204 195 187 178 169 160 151 149 146 144 142 139 137 135 135
192 191 189 187 187 188 190 191 192 193 194 194 194 194 194 194 194 194 194 194 195 195 195 195 196 196 196 195 195 195 195 195 194 194 193 192 192 191 190 192 194 196 199 201 203 206 207 207 208 208 209 210 210 207 204 200 197 193 190 186 184 183 181 179 177 175 174 173 172 171 170 170 169 168 175 182 189 196 203 210 217 208 199 190 181 172 163 154 151 148 145 142 140 137 134 134
191 190 188 187 186 187 189 190 191 192 193 194 194 195 196 196 197 198 198 197 197 197 196 196 196 196 196 196 196 196 196 196 196 196 195 195 195 195 194 196 199 202 205 207 210 213 214 215 216 217 218 219 220 216 212 208 204 200 196 191 189 187 185 183 180 178 176 175 174 174 173 172 171 171 178 185 192 199 207 214 221 212 202 193 184 175 166 157 154 150 147 143 140 136 133 134
190 189 187 186 185 187 188 189 190 191 192 193 194 196 197 199 200 201 201 200 199 198 197 196 196 195 196 196 197 197 197 198 198 198 198 198 198 198 198 201 204 207 211 214 217 221 222 223 224 226 227 228 229 225 220 216 211 206 201 196 194 191 189 186 184 181 179 178 177 176 175 175 174 173 180 188 195 203 210 217 224 215 206 197 187 178 169 160 156 152 148 144 140 136 133 133
188 187 186 185 184 186 187 188 189 190 191 193 195 196 198 200 202 204 204 203 201 200 198 197 196 196 196 197 197 198 198 199 199 199 200 200 201 201 201 204 208 212 215 219 223 226 228 229 231 232 233 234 236 231 226 221 216 211 206 200 197 195 192 189 186 184 181 180 179 178 178 177 176 175 182 190 197 204 212 219 226 217 208 198 189 180 170 161 157 153 149 145 140 136 132 133
183 183 183 183 183 185 186 187 188 190 191 193 195 197 199 201 203 205 205 203 202 201 199 198 196 196 196 197 197 197 197 198 198 199 200 200 201 202 203 206 209 213 217 221 225 228 230 230 231 232 233 234 234 231 226 221 217 212 207 203 199 197 194 191 188 185 183 182 181 180 179 178 177 176 183 190 196 203 210 217 223 214 205 196 187 178 169 160 156 152 148 144 140 136 132 133
179 179 180 181 182 184 185 186 188 189 191 193 195 197 199 201 203 206 206 204 203 201 200 199 197 197 197 197 197 197 196 196 197 198 200 201 202 203 204 207 211 215 219 223 226 230 231 232 232 232 233 233 233 230 226 221 217 213 209 205 202 199 196 193 190 187 184 183 182 181 180 179 178 177 183 190 196 202 208 214 220 212 203 194 185 177 168 159 155 151 148 144 140 136 132 132
174 176 178 179 181 183 184 186 187 189 190 192 195 197 199 202 204 206 206 205 204 202 201 199 198 197 197 197 196 196 196 195 196 198 199 201 202 204 206 209 213 217 221 224 228 232 233 233 233 233 232 232 232 229 225 222 218 214 210 207 204 201 198 195 192 189 186 185 184 183 182 181 180 179 184 190 195 201 207 212 217 209 200 192 184 175 167 158 155 151 147 143 139 135 132 132
169 172 175 178 180 182 183 185 187 189 190 192 195 197 200 202 205 207 207 206 204 203 202 200 199 198 197 197 196 195 195 194 195 197 199 201 203 205 207 210 214 218 222 226 230 234 234 234 233 233 232 232 231 228 225 222 219 215 212 209 206 203 200 197 194 191 188 186 185 184 183 182 181 180 185 190 195 200 205 210 215 206 198 190 182 174 165 157 154 150 146 142 139 135 132 132
164 168 172 176 179 181 183 185 186 188 190 192 195 198 200 203 205 208 208 207 205 204 202 201 200 198 198 197 196 195 194 193 194 197 199 201 204 206 208 212 216 220 224 228 232 236 236 235 234 233 232 231 230 228 225 222 219 216 214 211 208 205 202 199 196 193 189 188 187 186 185 183 182 181 185 190 194 199 203 207 212 204 196 188 180 172 164 156 153 149 146 142 138 135 132 132
159 164 169 174 178 180 182 184 186 188 190 192 195 198 201 203 206 209 209 207 206 205 203 202 200 199 198 197 196 194 193 192 194 196 199 202 204 207 210 214 218 222 226 230 234 238 238 236 235 233 232 230 229 227 224 222 220 217 215 213 210 207 204 200 197 194 191 190 188 187 186 185 183 182 186 190 194 197 201 205 209 201 193 186 178 171 163 156 152 148 145 141 138 134 131 132
155 161 167 173 176 179 181 183 185 187 189 191 194 197 199 202 205 208 208 207 205 204 202 201 200 198 197 196 195 193 192 191 192 195 198 201 204 207 209 213 217 221 225 229 233 237 237 235 234 232 231 229 228 226 224 222 220 218 216 214 211 208 205 202 199 196 193 191 190 189 187 186 185 183 187 191 195 198 202 206 209 201 194 186 178 170 163 155 152 148 145 142 138 135 132 132
153 159 165 171 175 177 178 180 182 184 186 188 190 193 196 198 201 203 203 202 201 200 199 198 196 195 194 193 192 191 190 189 191 193 196 198 200 203 205 208 212 216 220 223 227 231 231 230 230 229 228 227 227 225 223 221 219 218 216 214 211 208 205 202 200 197 194 192 191 190 189 188 186 185 190 194 198 203 207 212 216 207 199 190 182 173 165 156 153 150 146 143 140 136 133 134
151 157 163 169 173 175 176 178 179 181 183 185 187 189 192 194 196 199 199 198 197 196 195 194 193 192 192 191 190 190 189 188 189 191 193 195 197 199 201 204 207 211 214 218 221 224 225 225 225 225 225 226 226 224 222 221 219 217 215 214 211 208 206 203 200 198 195 194 193 191 190 189 188 187 192 197 202 208 213 218 223 214 204 195 185 176 167 158 154 151 148 144 141 138 135 135
149 156 162 168 171 173 174 175 177 178 179 181 183 186 188 190 192 194 195 194 193 192 192 191 190 189 189 189 188 188 187 187 188 189 190 192 193 195 196 199 202 205 209 212 215 218 220 220 221 222 223 224 224 223 222 220 218 217 215 213 211 208 206 203 201 199 196 195 194 193 192 191 190 189 195 201 206 212 218 224 230 220 209 199 189 179 168 159 156 152 149 146 143 140 137 136
147 154 160 166 170 171 172 173 174 175 176 178 180 182 184 186 188 190 190 190 189 189 188 187 187 186 186 186 186 186 186 185 186 187 188 189 190 191 192 194 197 200 203 206 209 212 214 215 217 219 220 222 223 222 221 219 218 216 215 213 211 209 206 204 202 199 197 196 195 194 193 192 192 191 197 204 210 217 224 230 237 226 215 204 192 181 170 160 157 154 150 147 144 141 138 138
145 152 158 164 168 169 170 171 172 172 173 175 176 178 180 182 184 185 186 185 185 185 184 184 184 183 184 184 184 184 184 184 184 185 185 186 186 187 187 189 192 195 198 200 203 206 208 210 213 215 217 220 222 221 220 218 217 216 214 213 211 209 207 205 202 200 198 197 197 196 195 194 193 192 200 207 214 222 229 237 244 232 220 208 196 184 172 161 158 155 152 149 146 143 140 139
143 150 156 163 166 167 168 168 169 170 170 171 173 175 176 178 179 181 181 181 181 181 181 180 180 180 181 181 182 182 182 183 183 183 183 183 183 183 183 185 187 190 192 194 197 199 202 205 209 212 215 218 221 220 219 218 216 215 214 213 211 209 207 205 203 201 199 199 198 197 196 196 195 194 202 210 218 227 235 243 250 238 225 212 200 187 174 162 159 156 153 150 147 144 141 140
142 148 154 159 163 163 164 164 165 165 166 167 168 170 172 173 175 176 177 178 178 179 179 179 180 180 180 180 180 181 181 181 181 180 180 180 180 180 179 181 183 186 188 190 192 195 198 201 205 208 212 215 218 218 217 215 214 213 211 210 208 207 205 203 202 200 198 198 197 197 196 195 195 194 202 210 218 226 234 242 250 237 225 212 200 187 175 163 160 157 154 151 149 146 143 142
141 145 149 153 156 156 157 157 158 158 159 160 162 164 166 168 170 172 174 175 177 179 180 182 184 184 183 182 181 180 179 178 178 178 178 178 177 177 177 179 181 183 186 188 190 192 195 198 201 204 207 211 214 213 211 210 209 207 206 204 203 201 200 198 197 195 194 193 193 193 193 192 192 192 198 205 212 219 225 232 238 227 216 205 194 183 172 162 159 157 155 152 150 147 145 144
