pluvio/pluvio-368.asc
ncols         252
nrows         154
xllcorner     -0.5
yllcorner     -153.5
cellsize      1
NODATA_value  -9999
[rows 86 to 128 of 154, columns 95 to 189 of 252]
178 177 175 174 173 171 170 170 170 169 169 169 169 168 169 169 169 170 170 170 170 170 171 171 171 171 172 172 172 173 173 174 174 175 175 174 173 172 172 171 170 169 169 168 168 167 167 166 167 171 175 178 182 185 189 192 196 200 203 207 211 215 214 211 207 203 199 195 192 193 197 202 207 211 216 221 223 224 225 226 226 227 228 228 228 227 226 226 225 225 223 220 218 215 213
181 180 178 177 176 174 173 173 173 173 173 173 173 173 173 173 173 173 173 173 174 174 174 174 174 174 174 174 175 175 176 176 177 177 177 177 176 175 175 174 173 173 172 172 172 172 172 171 173 176 179 183 186 189 192 196 200 204 209 213 217 221 221 216 212 207 203 198 194 195 200 205 210 215 220 225 227 228 228 228 229 229 229 229 229 228 228 227 227 227 225 222 220 218 215
178 178 179 179 179 179 179 179 179 179 179 179 179 179 179 179 179 179 179 179 179 179 179 179 179 179 179 179 179 180 180 180 181 181 181 181 180 180 179 179 178 178 179 179 180 180 181 181 183 186 188 191 194 197 199 202 206 209 212 215 218 221 220 216 212 208 203 199 195 196 201 206 210 215 220 225 227 227 228 228 228 229 229 229 229 228 228 228 228 228 226 223 221 218 216
175 177 179 181 182 184 186 185 185 185 185 185 185 185 185 184 184 184 184 184 184 184 184 183 183 183 183 183 183 184 184 185 185 185 186 185 185 185 184 184 184 184 185 186 188 189 190 191 193 195 198 200 202 204 207 209 211 213 215 217 219 221 220 216 212 208 204 200 196 197 201 206 211 215 220 225 227 227 227 228 228 228 229 229 229 229 229 229 229 229 227 225 222 219 217
173 176 179 182 186 189 192 192 191 191 191 191 191 191 190 190 190 190 190 189 189 189 189 188 188 188 188 187 188 188 189 189 189 190 190 190 189 189 189 189 189 189 191 193 195 197 199 201 203 205 207 208 210 212 214 215 216 217 218 219 220 221 220 216 212 208 205 201 197 198 202 207 211 215 220 224 226 226 227 227 228 228 228 229 229 229 229 230 230 230 228 226 223 220 218
170 175 179 184 189 194 198 198 198 197 197 197 197 197 196 196 196 195 195 195 194 194 194 193 193 192 192 192 192 192 193 193 193 194 194 194 194 194 194 194 194 195 198 200 203 206 209 211 213 215 216 217 218 219 221 221 221 221 221 221 221 221 219 216 212 209 205 202 198 199 203 207 211 215 220 224 226 226 226 227 227 228 228 229 229 229 230 230 231 231 229 227 224 221 218
167 173 180 186 192 199 204 204 204 204 203 203 203 203 202 202 201 201 200 200 199 199 198 198 198 197 197 196 197 197 197 197 198 198 198 198 198 199 199 199 199 200 204 207 211 214 218 221 224 224 225 226 226 227 228 227 226 225 224 223 222 221 219 216 212 209 206 202 199 200 204 208 212 216 219 223 225 226 226 227 227 227 228 229 229 230 230 231 232 232 231 228 225 222 219
164 172 180 188 196 204 210 210 210 210 209 209 209 209 208 208 207 206 206 205 205 204 203 203 202 202 201 201 201 201 201 202 202 202 202 202 203 203 204 204 204 206 210 215 219 223 227 231 234 234 234 234 234 234 235 234 232 229 227 225 223 221 219 215 212 209 206 203 200 201 204 208 212 216 219 223 225 225 226 226 227 227 228 228 229 230 231 232 233 234 232 229 226 223 220
162 171 180 189 199 208 215 215 215 215 215 215 214 214 213 213 212 211 211 210 209 209 208 207 207 206 205 205 205 205 205 205 206 206 206 207 207 208 208 209 209 211 216 221 226 231 236 241 243 243 242 242 242 241 241 239 236 233 230 227 224 221 218 215 212 210 207 204 201 202 205 209 212 216 219 223 224 225 225 226 226 227 227 228 229 230 231 233 234 235 233 230 227 224 220
162 171 180 189 197 206 214 214 214 214 214 214 214 214 214 213 212 212 211 211 210 210 209 209 208 208 208 207 207 207 207 208 208 208 208 209 210 211 212 212 213 216 220 225 229 234 239 243 245 245 244 243 242 241 241 239 235 232 229 226 222 219 216 214 212 209 207 205 202 203 206 209 213 216 219 222 223 224 224 225 226 226 227 227 229 230 231 232 233 234 232 229 226 223 220
162 171 179 188 196 205 212 212 213 213 213 214 214 214 214 213 213 212 212 212 211 211 211 211 210 210 210 210 210 210 210 210 210 209 210 211 212 214 215 216 218 220 224 229 233 237 241 246 248 246 245 244 243 242 241 238 235 231 228 224 221 217 215 213 211 209 207 205 204 204 207 210 213 216 218 221 223 223 224 224 225 225 226 227 228 229 230 231 232 233 231 228 225 222 219
163 171 179 187 195 203 210 211 211 212 213 213 214 214 214 214 213 213 213 212 212 212 212 212 212 212 212 212 212 212 212 212 211 211 212 213 215 217 218 220 222 224 228 232 236 240 244 248 250 248 247 245 244 242 240 238 234 230 227 223 219 215 213 212 210 209 208 206 205 206 208 211 213 216 218 221 222 222 223 223 224 224 225 226 227 228 229 230 231 233 231 228 225 222 219
163 171 178 186 194 202 209 209 210 211 212 213 214 214 214 214 214 214 213 213 213 213 214 214 214 214 214 214 214 214 214 214 213 213 214 216 218 220 222 224 226 228 232 236 240 243 247 251 252 250 248 246 244 242 240 237 233 229 226 222 218 214 211 210 210 209 208 207 206 207 209 211 214 216 218 220 221 222 222 223 223 224 224 225 226 227 228 230 231 232 230 227 224 221 218
163 171 178 186 193 201 207 208 209 210 211 212 213 214 214 214 214 214 214 214 214 215 215 215 216 216 217 217 217 216 216 216 215 215 216 218 220 223 225 228 230 233 236 240 243 246 250 253 254 252 250 247 245 243 240 237 233 229 224 220 216 212 210 209 209 209 208 208 208 208 210 212 214 216 217 219 220 221 221 222 222 223 223 224 225 227 228 229 230 231 230 227 224 221 218
163 171 178 185 192 199 205 207 208 209 210 212 213 214 214 214 215 215 215 215 215 216 217 217 218 218 219 219 219 218 218 218 217 217 218 220 223 226 229 231 234 237 240 243 246 250 253 256 257 254 251 248 246 243 240 236 232 228 223 219 214 210 208 208 208 208 209 209 209 210 211 213 214 216 217 219 219 220 220 221 221 222 222 223 225 226 227 228 229 231 229 226 223 220 217
164 171 178 185 191 198 204 206 207 209 211 212 214 215 215 216 216 216 216 216 217 217 218 219 219 220 221 221 221 220 220 220 219 219 220 223 226 229 232 235 238 241 244 247 250 252 255 258 258 255 252 249 246 243 240 236 232 227 223 218 214 210 208 208 209 209 210 210 211 211 213 214 215 216 217 218 219 220 220 221 221 221 222 223 224 226 227 228 229 231 229 226 223 221 218
167 174 180 187 194 200 206 209 211 213 216 218 221 222 222 221 221 220 220 219 219 219 219 219 219 219 220 220 220 220 220 220 221 221 222 225 229 232 235 238 242 244 247 249 252 254 256 259 259 256 253 250 247 244 241 238 234 230 227 223 219 216 214 214 214 214 214 214 214 215 216 217 218 219 220 221 222 222 222 222 223 223 223 225 226 228 230 232 233 235 234 231 228 226 223
170 176 183 189 196 202 208 211 215 218 221 224 227 230 229 227 226 225 224 222 221 221 220 220 219 219 218 218 219 220 221 221 222 223 225 228 231 235 238 242 245 248 250 252 254 255 257 259 259 256 253 251 248 245 242 239 236 234 231 228 225 222 221 220 220 219 219 219 218 218 219 220 221 222 223 224 224 224 224 224 224 225 225 226 228 231 233 235 237 239 238 236 233 231 229
173 179 185 192 198 204 210 214 218 222 226 230 234 237 235 233 231 229 227 225 224 223 222 220 219 218 217 217 218 220 221 222 224 225 227 231 234 238 241 245 248 251 253 254 256 257 258 260 259 257 254 251 249 246 243 241 239 237 235 232 230 228 227 226 225 224 224 223 222 222 223 223 224 225 225 226 226 226 226 226 226 226 226 228 231 233 236 238 241 244 243 241 238 236 234
176 182 188 194 200 206 212 217 222 226 231 236 241 244 242 239 236 234 231 228 226 224 223 221 219 218 216 216 217 219 221 223 225 227 229 233 237 241 244 248 252 255 256 257 257 258 259 260 260 257 255 252 249 247 244 242 241 240 238 237 236 235 233 232 231 230 228 227 226 225 226 226 227 228 228 229 229 228 228 228 228 228 228 230 233 236 239 242 245 248 247 245 244 242 240
179 185 190 196 202 208 214 220 225 231 236 242 248 252 248 245 241 238 235 231 228 226 224 222 220 217 215 214 217 219 222 224 226 229 232 236 240 244 248 252 255 258 259 259 259 260 260 261 260 258 255 253 250 248 245 244 243 243 242 242 241 241 240 238 236 235 233 231 230 229 229 230 230 230 231 231 231 231 230 230 230 229 229 231 235 238 242 245 249 252 252 250 249 247 245
182 187 193 199 204 210 216 222 229 235 242 248 254 259 255 251 247 243 239 234 231 228 225 222 220 217 214 213 216 219 222 225 228 231 234 238 242 247 251 255 259 261 261 261 261 261 261 261 260 258 256 253 251 249 246 245 245 246 246 247 247 247 246 244 242 240 238 235 233 232 233 233 233 233 233 234 233 233 232 232 231 231 230 233 237 241 245 249 252 256 257 255 254 252 251
184 190 195 201 206 212 217 224 231 238 245 252 258 263 258 254 249 245 240 235 231 228 225 222 219 216 213 212 215 219 222 225 229 232 236 240 245 249 254 258 263 265 265 265 264 264 264 263 262 260 258 256 254 251 249 249 249 250 251 252 253 254 253 251 249 247 244 242 240 239 239 239 239 240 240 240 239 238 237 237 236 235 234 236 241 245 249 254 258 262 263 261 260 259 257
186 191 196 202 207 212 217 223 229 234 240 246 251 255 251 246 242 237 233 228 224 222 220 218 216 214 212 211 215 218 222 225 228 232 236 241 246 251 257 262 267 270 270 270 270 270 270 270 269 268 266 265 263 262 260 260 260 261 262 262 263 264 264 263 262 261 260 259 258 257 258 258 259 259 260 260 259 256 254 252 250 247 245 247 252 256 261 266 270 275 275 274 272 271 269
187 192 197 202 207 212 217 222 226 231 235 240 245 247 243 238 234 230 225 221 217 216 215 214 213 212 211 211 214 218 221 224 228 231 235 241 247 253 260 266 272 275 276 276 276 276 277 277 277 276 275 274 273 272 271 271 271 272 272 273 273 274 274 274 274 275 275 275 275 276 277 277 278 279 280 280 278 275 271 267 263 260 256 258 263 268 273 278 283 287 288 286 284 282 281
189 194 198 203 208 213 217 221 224 228 231 234 238 239 235 231 226 222 218 214 210 210 210 210 210 210 210 211 214 217 221 224 227 231 235 242 249 256 262 269 276 280 281 282 282 283 283 284 284 284 283 283 282 282 282 282 282 282 282 283 283 283 284 286 287 289 290 292 293 294 295 296 297 298 300 301 298 293 288 282 277 272 267 269 274 279 284 290 295 300 300 298 296 294 292
190 195 199 204 209 213 217 220 222 224 226 228 231 231 227 223 219 215 211 206 203 204 205 206 207 208 209 210 214 217 220 223 227 230 235 242 250 258 265 273 280 286 286 287 288 289 290 291 291 291 292 292 292 292 292 293 293 293 293 293 293 293 294 297 300 302 305 308 311 313 314 315 317 318 319 321 317 311 304 298 291 285 278 279 285 290 296 301 307 313 313 310 308 306 304
192 196 200 205 209 214 218 219 220 221 222 223 224 224 220 215 211 207 203 199 197 198 200 202 204 206 208 210 213 216 220 223 226 229 234 243 251 260 268 277 285 291 292 293 294 295 296 297 298 299 300 301 302 302 303 304 303 303 303 303 303 303 305 308 312 316 320 324 328 331 333 334 336 338 339 341 337 329 321 313 305 297 289 290 296 302 308 313 319 325 325 323 320 318 316
193 197 202 206 210 214 218 217 217 217 217 217 217 216 212 208 204 200 196 192 190 193 195 198 201 204 207 210 213 216 219 222 226 229 234 243 252 262 271 280 289 296 297 299 300 301 303 304 306 307 309 310 311 313 314 315 314 314 313 313 313 312 315 320 325 330 336 341 346 349 351 353 355 357 359 361 356 347 338 328 319 310 300 301 307 313 319 325 331 338 338 335 332 330 327
195 199 203 207 211 215 218 217 216 214 213 212 211 210 206 202 198 194 190 186 184 188 191 195 199 203 206 210 213 216 219 222 226 229 234 244 253 263 272 282 292 298 300 301 303 305 306 308 310 312 314 316 317 319 321 322 321 321 320 319 319 318 321 328 334 340 347 353 360 364 366 368 370 373 375 377 372 362 352 342 332 321 311 312 318 324 330 336 342 348 348 345 343 340 337
197 201 205 208 212 215 218 217 215 214 213 212 210 209 204 200 196 192 187 183 181 185 190 194 199 203 207 211 215 218 221 224 227 230 235 244 252 261 270 278 287 293 295 296 298 300 301 303 305 307 309 311 313 315 317 318 317 316 316 315 314 313 317 324 331 339 346 354 361 365 368 370 373 375 377 380 375 367 358 349 340 331 322 323 328 333 338 343 348 353 353 350 347 344 341
200 203 206 210 213 216 218 217 215 214 213 211 210 208 203 199 194 190 185 180 178 183 188 194 199 204 209 213 216 219 222 225 228 231 236 244 251 259 267 275 282 288 289 291 293 294 296 298 300 302 304 307 309 311 313 314 313 312 311 310 309 308 312 321 329 337 345 354 362 367 370 372 375 377 380 383 379 371 364 356 348 341 333 333 338 342 346 350 354 358 357 354 351 347 344
202 205 208 211 214 217 219 217 215 214 212 210 209 207 202 197 192 187 183 178 176 181 187 193 198 204 210 215 218 221 224 227 230 233 237 244 250 257 264 271 278 282 284 286 288 289 291 293 295 297 300 302 304 307 309 310 309 308 307 306 305 303 308 317 326 336 345 354 363 369 372 374 377 380 382 385 382 376 370 363 357 351 344 344 347 351 354 357 360 364 362 358 355 351 348
205 207 210 212 215 217 219 217 215 214 212 210 208 206 200 195 190 185 180 175 173 179 186 192 198 205 211 216 219 222 225 228 231 234 238 244 250 255 261 267 273 277 279 281 282 284 286 287 290 292 295 297 300 303 305 306 305 304 302 301 300 299 303 314 324 334 344 354 365 371 373 376 379 382 385 388 386 381 376 371 365 360 355 355 357 360 362 364 366 369 367 363 359 355 351
207 209 212 214 216 218 219 217 215 213 211 209 207 205 199 194 189 183 178 172 170 177 184 191 198 205 212 218 221 224 227 229 232 235 239 244 249 254 258 263 268 272 274 275 277 279 281 282 285 287 290 293 296 299 301 302 301 299 298 297 295 294 299 310 321 332 343 355 366 372 375 378 381 384 387 390 389 385 382 378 374 370 366 366 367 369 370 371 372 374 371 367 363 359 355
210 212 213 215 217 219 220 218 215 213 211 209 206 204 198 192 187 181 175 170 168 175 183 190 198 206 213 220 222 225 228 231 234 237 240 244 248 252 256 260 264 267 268 270 272 274 275 277 279 282 285 288 291 294 297 298 297 295 293 292 290 289 294 306 319 331 343 355 367 374 377 380 384 387 390 393 393 390 388 385 382 380 377 377 377 377 378 378 379 379 376 372 367 363 359
211 212 214 215 217 219 220 217 215 213 211 208 206 203 197 192 186 180 175 169 167 175 183 191 199 207 215 221 224 226 229 232 234 237 240 243 246 249 252 255 258 261 263 264 266 267 269 270 273 276 279 282 285 289 292 293 291 290 288 286 285 283 289 301 314 327 340 352 365 373 377 380 384 388 392 396 397 396 394 393 392 391 389 388 388 387 386 385 385 384 380 375 370 365 360
208 210 211 213 215 217 218 217 215 213 211 209 207 204 199 194 189 184 178 173 171 179 186 194 201 209 216 222 224 227 229 231 234 236 238 241 243 245 248 250 252 254 255 256 257 257 258 259 261 265 268 272 276 279 283 284 283 281 279 278 276 275 280 293 305 318 330 342 355 364 370 376 382 388 394 400 403 403 403 403 404 404 404 403 400 398 395 393 390 388 383 377 370 364 358
205 207 209 211 213 216 217 216 214 212 211 209 208 205 201 196 191 187 182 177 176 183 189 196 203 210 217 223 225 227 229 231 233 235 237 238 240 242 243 245 246 247 247 248 248 248 248 248 250 254 258 262 266 270 274 276 274 273 271 270 268 267 272 284 296 308 320 332 345 354 363 371 379 388 396 404 409 410 412 414 415 417 419 417 413 408 404 400 396 392 386 378 371 363 355
202 204 207 209 212 214 216 215 213 212 211 210 208 207 202 198 194 190 186 181 180 186 193 199 206 212 219 224 226 227 229 231 232 234 235 236 237 238 239 239 240 240 240 239 239 238 237 237 238 243 247 252 256 261 265 267 265 264 263 261 260 258 264 276 287 299 311 323 334 345 356 366 377 388 398 409 415 418 421 424 427 430 433 431 425 419 414 408 402 396 388 380 371 362 353
199 202 204 207 210 213 215 214 213 212 211 210 209 208 204 200 197 193 189 185 184 190 196 202 208 214 220 225 226 227 229 230 231 233 234 234 234 234 234 234 234 234 232 231 230 228 227 226 227 232 237 242 247 251 256 258 257 256 254 253 252 250 256 267 278 290 301 313 324 336 349 362 375 387 400 413 421 425 430 434 439 443 448 445 437 430 423 415 408 401 391 381 371 361 351
196 199 202 205 208 211 213 213 212 212 211 211 210 209 206 202 199 196 193 190 189 194 200 205 211 216 222 226 227 228 229 230 231 232 232 231 231 230 229 229 228 227 225 223 221 219 217 215 216 221 226 231 237 242 247 250 248 247 246 245 243 242 247 258 270 281 292 303 314 327 342 357 372 387 402 417 426 432 439 445 451 457 463 459 450 441 432 423 414 405 394 383 371 360 348
193 196 200 203 206 209 212 212 212 211 211 211 211 210 207 205 202 199 196 194 193 198 203 208 213 218 223 227 227 228 229 229 230 230 230 229 228 226 225 223 222 220 217 214 212 209 206 203 204 210 216 221 227 233 238 241 240 239 237 236 235 234 239 250 261 271 282 293 304 318 335 353 370 387 404 421 432 440 447 455 462 470 477 473 462 452 441 430 420 409 397 384 371 358 346
