pluvio/pluvio-93.asc
ncols         252
nrows         154
xllcorner     -18.017974
yllcorner     13.481982
cellsize      0.035948
NODATA_value  -9999
[rows 102 to 152 of 154, columns 0 to 95 of 252]
65535 65535 65535 65535 65535 65535 65535 64 64 64 64 64 64 64 64 64 64 64 64 64 64 64 62 61 60 59 58 57 56 55 53 52 51 50 49 48 48 48 48 47 47 47 47 47 47 46 46 46 46 46 46 46 46 47 47 47 47 47 48 48 48 48 48 48 48 48 47 47 46 46 45 45 45 44 44 43 43 42 42 42 41 41 40 40 40 39 39 38 38 38 37 38 39 41 42 44
65535 65535 65535 65535 65535 65535 65535 64 64 64 64 64 64 64 64 64 64 64 64 64 64 64 62 61 60 59 58 57 56 55 54 53 51 50 49 48 48 48 48 47 47 47 47 47 46 46 46 46 46 46 46 46 46 47 47 47 47 48 48 48 48 49 49 49 48 48 47 47 46 46 46 45 45 44 44 43 43 42 42 42 41 41 40 40 40 39 39 38 38 38 37 38 40 41 43 44
65535 65535 65535 65535 65535 65535 65535 64 64 64 64 64 64 64 64 64 64 64 64 64 64 64 62 61 60 59 58 57 56 55 54 53 52 50 49 49 48 48 48 48 47 47 47 47 46 46 46 46 45 45 46 46 46 46 47 47 47 48 48 48 49 49 49 49 49 48 48 47 47 46 46 45 45 44 44 43 43 42 42 42 41 41 40 40 40 39 39 38 38 38 37 38 40 41 43 44
65535 65535 65535 65535 65535 65535 65535 76 75 74 73 72 72 71 70 69 68 67 67 66 65 64 63 62 61 60 59 58 57 56 55 54 53 52 51 50 50 49 49 49 48 48 48 47 47 46 46 46 45 45 45 46 46 46 47 47 47 47 48 48 48 49 49 49 48 48 48 47 47 46 46 46 45 45 44 44 44 43 43 42 42 42 41 41 41 40 40 39 39 39 38 39 41 42 44 45
65535 65535 65535 65535 65535 65535 65535 76 75 74 73 73 72 71 70 70 69 68 67 67 66 65 64 63 62 61 60 59 59 58 57 56 55 54 53 52 52 51 51 50 50 49 49 48 48 47 46 46 45 45 45 46 46 46 46 46 47 47 47 47 48 48 48 48 48 48 47 47 47 47 46 46 46 46 45 45 45 44 44 44 43 43 43 42 42 42 41 41 40 40 40 40 42 44 45 47
65535 65535 65535 65535 65535 65535 65535 76 75 74 74 73 72 71 71 70 69 69 68 67 67 66 65 64 63 63 62 61 60 59 58 58 57 56 55 54 54 53 52 52 51 50 50 49 48 48 47 46 46 45 45 45 46 46 46 46 46 46 47 47 47 47 47 47 47 47 47 47 47 47 47 47 46 46 46 46 46 46 45 45 45 44 44 44 43 43 43 42 42 41 41 42 43 45 46 48
65535 65535 65535 65535 65535 65535 65535 76 75 74 74 73 72 72 71 71 70 69 69 68 67 67 66 65 65 64 63 62 62 61 60 59 59 58 57 57 56 55 54 53 52 51 51 50 49 48 47 46 46 45 45 45 45 46 46 46 46 46 46 46 46 46 47 47 47 47 47 47 47 47 47 47 47 47 47 47 47 47 47 46 46 46 45 45 45 44 44 44 43 43 43 43 45 46 48 49
65535 65535 65535 65535 65535 65535 65535 76 75 75 74 73 73 72 72 71 71 70 69 69 68 68 67 66 66 65 64 64 63 63 62 61 61 60 59 59 58 57 56 55 54 53 52 51 50 49 48 47 46 45 45 45 45 45 45 45 45 46 46 46 46 46 46 46 46 46 47 47 47 47 47 47 48 48 48 48 48 48 48 48 47 47 47 46 46 46 45 45 45 44 44 45 46 48 49 50
65535 65535 65535 65535 65535 65535 65535 76 75 75 74 74 73 73 72 72 71 71 70 70 69 69 68 67 67 66 66 65 65 64 64 63 63 62 62 61 60 59 57 56 55 54 53 52 50 49 48 47 46 45 45 45 45 45 45 45 45 45 45 45 45 45 45 45 46 46 46 47 47 47 48 48 48 49 49 49 50 50 49 49 49 48 48 48 47 47 47 46 46 46 46 46 48 49 50 52
65535 65535 65535 65535 65535 65535 65535 76 75 75 74 74 73 73 73 72 72 71 71 70 70 69 69 69 68 68 67 67 66 66 65 65 65 64 64 63 62 60 59 58 56 55 54 52 51 50 48 47 46 45 45 45 45 45 45 45 45 45 45 45 44 44 44 45 45 45 46 46 47 47 48 48 49 49 50 50 51 51 50 50 50 50 49 49 49 48 48 48 48 47 47 48 49 50 52 53
65535 65535 65535 65535 65535 65535 65535 76 75 75 75 74 74 73 73 73 72 72 71 71 71 70 70 70 69 69 69 68 68 68 67 67 66 66 66 65 64 62 61 59 58 56 55 53 52 50 49 47 46 45 45 45 45 44 44 44 44 44 44 44 44 44 44 44 44 45 46 46 47 48 48 49 49 50 51 51 52 52 52 51 51 51 51 50 50 50 50 49 49 49 48 49 50 52 53 54
65535 65535 65535 65535 65535 65535 65535 76 75 75 75 74 74 74 73 73 73 72 72 72 71 71 71 71 70 70 70 70 69 69 69 69 68 68 68 67 66 64 62 61 59 57 56 54 53 51 49 48 46 45 45 45 44 44 44 44 44 44 43 43 43 43 43 43 44 45 45 46 47 48 48 49 50 51 52 52 53 53 53 53 53 52 52 52 51 51 51 51 50 50 50 51 52 53 54 55
65535 65535 65535 65535 65535 65535 65535 76 75 75 75 75 74 74 74 74 73 73 73 73 72 72 72 72 72 71 71 71 71 71 71 70 70 70 70 70 68 66 64 62 60 59 57 55 53 51 50 48 46 45 45 44 44 44 44 44 43 43 43 43 43 42 42 42 43 44 45 46 47 48 49 50 51 52 52 53 54 55 54 54 54 54 53 53 53 53 52 52 52 52 51 52 53 54 55 57
65535 65535 65535 65535 65535 65535 65535 76 75 75 75 75 75 74 74 74 74 74 73 73 73 73 73 73 73 73 73 73 73 72 72 72 72 72 72 72 70 68 66 64 62 60 58 56 54 52 50 48 46 45 44 44 44 44 43 43 43 43 42 42 42 42 41 42 43 44 45 46 47 48 49 50 51 52 53 54 55 56 56 55 55 55 55 54 54 54 54 54 53 53 53 53 55 56 57 58
65535 65535 65535 65535 65535 65535 65535 76 76 75 75 75 75 75 75 75 74 74 74 74 74 74 74 74 74 74 74 74 74 74 74 74 74 74 74 74 72 70 67 65 63 61 59 57 55 53 50 48 46 45 44 44 44 43 43 43 43 42 42 42 41 41 41 41 42 43 45 46 47 48 49 51 52 53 54 55 57 57 57 57 56 56 56 56 56 55 55 55 55 55 54 55 56 57 58 59
65535 65535 65535 65535 65535 65535 65535 76 76 76 75 75 75 75 75 75 75 75 75 75 75 75 75 75 75 75 75 75 76 76 76 76 76 76 76 76 74 71 69 67 65 62 60 58 55 53 51 49 46 45 44 44 44 43 43 42 42 42 41 41 41 40 40 40 42 43 44 46 47 48 50 51 52 54 55 56 58 58 58 58 58 58 57 57 57 57 57 56 56 56 56 56 57 58 59 60
65535 65535 65535 65535 65535 65535 65535 76 76 76 76 76 76 76 76 76 76 76 76 76 76 76 76 76 76 76 77 77 77 77 78 78 78 78 79 78 76 73 71 68 66 63 61 59 56 54 51 49 46 45 44 44 43 43 43 42 42 41 41 40 40 40 39 40 41 43 44 46 47 49 50 52 53 55 56 57 59 60 59 59 59 59 59 59 58 58 58 58 58 57 57 58 59 60 61 62
65535 65535 65535 65535 65535 65535 65535 82 82 81 81 80 80 79 79 79 78 78 77 77 76 76 76 77 77 77 78 78 78 79 79 79 79 80 80 80 77 75 73 70 68 66 63 61 59 56 54 52 49 48 47 47 46 46 46 45 45 44 44 44 43 43 42 43 44 46 47 49 50 52 53 55 56 58 59 61 62 63 62 62 62 62 61 61 61 61 60 60 60 60 59 60 61 62 63 64
65535 65535 65535 65535 65535 65535 65535 82 82 81 81 80 80 80 79 79 78 78 78 77 77 77 77 77 78 78 78 79 79 80 80 80 81 81 81 81 79 77 75 73 70 68 66 64 62 60 58 56 53 52 51 51 51 50 50 49 49 49 48 48 47 47 47 47 48 50 51 53 54 56 57 58 60 61 63 64 66 66 66 66 65 65 65 64 64 64 63 63 63 62 62 62 63 64 65 66
65535 65535 65535 65535 65535 65535 65535 82 82 81 81 81 80 80 79 79 79 78 78 78 77 77 77 78 78 79 79 80 80 81 81 81 82 82 83 83 81 79 77 75 73 71 69 67 65 63 61 59 57 56 55 55 55 54 54 54 53 53 52 52 52 51 51 51 52 54 55 57 58 60 61 62 64 65 67 68 69 70 69 69 69 68 68 67 67 67 66 66 65 65 64 65 66 67 68 68
65535 65535 65535 65535 65535 65535 65535 82 82 81 81 81 80 80 80 79 79 79 78 78 78 77 78 78 79 79 80 81 81 82 82 83 83 84 84 84 82 81 79 77 75 74 72 70 68 67 65 63 61 60 60 59 59 58 58 58 57 57 57 56 56 55 55 55 57 58 59 61 62 63 65 66 68 69 70 72 73 73 73 72 72 71 71 70 70 69 69 68 68 67 67 67 68 69 70 71
65535 65535 65535 65535 65535 65535 65535 82 82 81 81 81 81 80 80 80 79 79 79 78 78 78 79 79 80 80 81 81 82 83 83 84 84 85 85 85 84 82 81 79 78 76 75 73 71 70 68 67 65 64 64 63 63 63 62 62 61 61 61 60 60 60 59 60 61 62 63 65 66 67 69 70 71 73 74 75 77 77 76 76 75 75 74 73 73 72 72 71 70 70 69 70 71 71 72 73
65535 65535 65535 65535 65535 65535 65535 82 82 81 81 81 81 80 80 80 80 79 79 79 79 78 79 80 80 81 82 82 83 84 84 85 85 86 87 87 86 84 83 81 80 79 77 76 75 73 72 71 69 68 68 67 67 67 66 66 66 65 65 64 64 64 63 64 65 66 68 69 70 71 73 74 75 77 78 79 80 81 80 79 79 78 77 77 76 75 74 74 73 72 72 72 73 74 75 76
65535 65535 65535 65535 65535 65535 65535 82 82 82 81 81 81 81 80 80 80 80 79 79 79 79 80 80 81 82 82 83 84 85 85 86 87 87 88 88 87 86 85 84 82 81 80 79 78 77 75 74 73 72 72 71 71 71 70 70 70 69 69 69 68 68 68 68 69 70 72 73 74 75 77 78 79 80 82 83 84 84 83 83 82 81 80 80 79 78 77 77 76 75 74 74 75 76 77 78
65535 65535 65535 65535 65535 65535 65535 82 82 82 81 81 81 81 81 80 80 80 80 80 79 79 80 81 82 82 83 84 85 86 86 87 88 89 89 90 89 88 87 86 85 84 83 82 81 80 79 78 77 76 76 76 75 75 75 74 74 74 73 73 73 72 72 72 73 75 76 77 78 79 80 82 83 84 85 86 88 88 87 86 85 84 84 83 82 81 80 79 78 78 77 77 78 79 80 81
65535 65535 65535 65535 65535 65535 65535 82 82 82 82 81 81 81 81 81 81 80 80 80 80 80 81 81 82 83 84 85 86 87 87 88 89 90 91 91 90 90 89 88 87 86 86 85 84 83 83 82 81 80 80 80 79 79 79 78 78 78 77 77 77 76 76 76 78 79 80 81 82 83 84 86 87 88 89 90 91 91 90 90 89 88 87 86 85 84 83 82 81 80 79 79 80 81 82 83
65535 65535 65535 65535 65535 65535 65535 82 82 82 82 81 81 81 81 81 81 81 81 80 80 80 81 82 83 84 85 86 87 87 88 89 90 91 92 93 92 91 91 90 90 89 88 88 87 87 86 85 85 84 84 84 83 83 83 82 82 82 82 81 81 81 80 81 82 83 84 85 86 87 88 89 91 92 93 94 95 95 94 93 92 91 90 89 88 87 86 85 84 83 82 82 83 84 84 85
65535 65535 65535 65535 65535 65535 65535 82 82 82 82 82 82 81 81 81 81 81 81 81 81 81 82 83 84 85 86 87 88 88 89 90 91 92 93 94 94 93 93 92 92 92 91 91 90 90 90 89 89 88 88 88 88 87 87 87 86 86 86 85 85 85 85 85 86 87 88 89 90 91 92 93 94 95 96 98 99 99 97 96 95 94 93 92 91 90 89 87 86 85 84 84 85 86 87 88
65535 65535 65535 65535 65535 65535 65535 82 82 82 82 82 82 82 82 81 81 81 81 81 81 81 82 83 84 85 86 87 88 89 91 92 93 94 95 95 95 95 95 95 94 94 94 94 94 93 93 93 93 93 92 92 92 91 91 91 90 90 90 90 89 89 89 89 90 91 92 93 94 95 96 97 98 99 100 101 102 102 101 100 99 97 96 95 94 93 91 90 89 88 86 87 87 88 89 90
65535 65535 65535 65535 65535 65535 65535 82 82 82 82 82 82 82 82 82 82 82 82 82 82 82 83 84 85 86 87 88 89 90 92 93 94 95 96 97 97 97 97 97 97 97 97 97 97 97 97 97 97 97 96 96 96 95 95 95 95 94 94 94 94 93 93 93 94 95 96 97 98 99 100 101 102 103 104 105 106 106 104 103 102 101 99 98 97 95 94 93 92 90 89 89 90 91 92 93
65535 65535 65535 65535 65535 65535 65535 82 82 82 82 82 82 82 82 82 82 82 82 82 82 82 83 84 86 87 88 89 90 91 93 94 95 96 97 98 98 99 99 99 99 99 100 100 100 100 100 100 101 101 100 100 100 100 99 99 99 99 98 98 98 97 97 97 98 99 100 101 102 103 104 105 106 107 108 109 110 109 108 107 105 104 102 101 100 98 97 96 94 93 91 91 92 93 94 95
65535 65535 65535 65535 65535 65535 65535 82 82 82 82 82 82 82 82 82 82 82 82 82 82 91 92 93 94 95 96 97 98 100 101 102 103 104 105 106 106 106 106 106 106 106 106 106 106 106 106 106 106 106 105 105 104 104 103 103 102 102 101 101 100 100 99 99 100 101 102 103 104 105 105 106 107 108 109 110 111 111 109 108 106 105 104 102 101 99 98 97 95 94 92 92 93 94 95 96
65535 65535 65535 65535 65535 65535 65535 82 82 82 82 82 82 82 82 82 82 82 82 82 82 101 102 103 104 105 106 107 108 109 110 111 112 113 114 115 114 114 114 114 113 113 113 113 112 112 112 112 112 111 110 109 109 108 107 106 105 105 104 103 102 101 101 100 101 102 103 104 105 106 107 107 108 109 110 111 112 112 110 109 107 106 105 103 102 100 99 98 96 95 93 93 94 95 96 97
65535 65535 65535 65535 65535 65535 65535 82 82 82 82 82 82 82 82 82 82 82 82 82 82 110 111 112 113 114 115 116 117 118 119 120 121 122 123 123 123 122 122 121 121 120 120 119 119 119 118 118 117 116 115 114 113 112 111 110 109 108 106 105 104 103 102 102 103 103 104 105 106 107 108 109 109 110 111 112 113 113 111 110 108 107 105 104 103 101 100 98 97 96 94 94 95 96 97 98
65535 65535 65535 65535 65535 65535 65535 82 82 82 82 82 82 82 82 82 82 82 82 82 82 120 121 122 123 124 125 125 126 127 128 129 130 131 131 132 131 130 130 129 128 128 127 126 126 125 124 123 123 122 120 119 118 116 115 113 112 111 109 108 106 105 103 103 104 105 106 106 107 108 109 110 111 111 112 113 114 114 112 111 109 108 106 105 104 102 101 99 98 96 95 95 96 97 98 99
65535 65535 65535 65535 65535 65535 65535 82 82 82 82 82 82 82 82 82 82 82 82 82 82 130 131 132 132 133 134 135 136 136 137 138 139 139 140 141 140 139 138 137 136 135 134 133 132 131 130 129 128 127 125 124 122 120 119 117 115 113 112 110 108 107 105 104 105 106 107 108 108 109 110 111 112 112 113 114 115 115 113 112 110 109 107 106 104 103 102 100 99 97 96 96 97 98 99 100
65535 65535 65535 65535 65535 65535 65535 82 82 82 82 82 82 82 82 82 82 82 82 82 82 140 141 141 142 143 143 144 145 145 146 147 148 148 149 149 148 147 146 144 143 142 141 140 139 137 136 135 134 132 130 128 126 124 122 120 118 116 114 112 110 108 106 106 106 107 108 109 110 110 111 112 113 113 114 115 116 115 114 113 111 110 108 107 105 104 102 101 100 98 97 97 98 99 100 101
65535 65535 65535 65535 65535 65535 65535 82 82 82 82 82 82 82 82 82 82 82 82 82 82 150 150 151 152 152 153 153 154 155 155 156 156 157 158 158 156 155 154 152 151 149 148 146 145 144 142 141 139 138 135 133 131 129 126 124 122 119 117 115 113 110 108 107 108 108 109 110 111 111 112 113 114 115 115 116 117 116 115 114 112 111 109 108 106 105 103 102 100 99 97 98 99 100 101 102
65535 65535 65535 65535 65535 65535 65535 82 82 82 82 82 82 82 82 82 82 82 82 82 82 160 160 161 161 162 162 163 163 164 164 165 165 166 166 166 165 163 161 160 158 157 155 153 152 150 148 147 145 143 140 138 135 133 130 127 125 122 120 117 115 112 109 108 109 110 110 111 112 113 113 114 115 116 116 117 118 117 116 114 113 112 110 109 107 106 104 103 101 100 98 98 100 101 102 103
65535 65535 65535 65535 65535 65535 65535 82 82 82 82 82 82 82 82 82 82 82 82 82 82 170 170 170 171 171 172 172 173 173 173 174 174 175 175 175 173 171 169 168 166 164 162 160 158 156 154 152 150 148 145 143 140 137 134 131 128 125 122 120 117 114 111 110 110 111 112 112 113 114 114 115 116 117 117 118 119 118 117 115 114 112 111 109 108 107 105 104 102 101 99 99 100 102 103 104
65535 65535 65535 65535 65535 65535 65535 82 82 82 82 82 82 82 82 82 82 82 82 82 82 179 180 180 181 181 181 182 182 182 183 183 183 184 184 184 182 179 177 175 173 171 169 167 165 162 160 158 156 154 150 147 144 141 138 135 131 128 125 122 119 116 112 111 111 112 113 114 114 115 116 116 117 118 118 119 120 119 118 116 115 113 112 110 109 107 106 104 103 101 100 100 101 103 104 105
65535 65535 65535 65535 65535 65535 65535 82 82 82 82 82 82 82 82 82 82 82 82 82 82 189 190 190 190 190 191 191 191 191 192 192 192 192 193 192 190 188 185 183 181 178 176 173 171 169 166 164 162 159 155 152 149 145 142 138 135 131 128 124 121 117 114 112 113 113 114 115 115 116 117 117 118 119 119 120 121 120 119 117 116 114 113 111 110 108 107 105 104 102 101 101 102 104 105 106
65535 65535 65535 65535 65535 65535 65535 82 82 82 82 82 82 82 82 82 82 82 82 82 82 199 199 200 200 200 200 200 200 201 201 201 201 201 201 201 198 196 193 191 188 185 183 180 178 175 172 170 167 164 160 157 153 149 145 142 138 134 130 127 123 119 115 113 114 115 115 116 117 117 118 118 119 120 120 121 122 121 120 118 117 115 114 112 111 109 108 106 105 103 102 102 103 104 106 107
65535 65535 65535 65535 65535 65535 65535 82 82 82 82 82 82 82 82 82 82 82 82 82 82 209 209 209 209 209 210 210 210 210 210 210 210 210 210 210 207 204 201 198 195 193 190 187 184 181 178 176 173 170 165 161 157 153 149 145 141 137 133 129 125 121 117 115 115 116 117 117 118 118 119 120 120 121 121 122 123 122 121 119 118 116 115 113 112 110 109 107 105 104 102 103 104 105 107 108
65535 65535 65535 65535 65535 65535 65535 82 82 82 82 82 82 82 82 82 82 82 82 82 82 219 219 219 219 219 219 219 219 219 219 219 219 219 219 218 215 212 209 206 203 200 197 194 191 188 184 181 178 175 170 166 162 157 153 149 144 140 136 131 127 123 118 116 117 117 118 118 119 120 120 121 121 122 122 123 124 123 122 120 119 117 115 114 112 111 109 108 106 105 103 103 105 106 108 109
65535 65535 65535 65535 65535 65535 65535 65535 65535 65535 65535 65535 65535 65535 65535 65535 65535 65535 65535 65535 65535 318 312 305 298 292 285 278 272 265 258 252 245 238 231 226 222 219 216 212 209 206 202 199 196 192 189 186 183 179 175 170 166 162 157 153 149 144 140 136 131 127 123 120 121 121 122 123 123 124 124 125 125 126 127 127 128 127 126 124 123 121 120 118 117 115 114 112 111 109 108 108 109 110 111 112
65535 65535 65535 65535 65535 65535 65535 65535 65535 65535 65535 65535 65535 65535 65535 65535 65535 65535 65535 65535 65535 319 312 306 300 294 288 281 275 269 263 257 251 244 238 233 229 226 222 218 215 211 208 204 201 197 194 190 187 183 179 174 170 166 161 157 153 149 144 140 136 131 127 125 125 126 126 127 128 128 129 129 130 130 131 131 132 131 130 128 127 125 124 122 121 119 118 116 115 113 112 112 113 114 115 116
65535 65535 65535 65535 65535 65535 65535 65535 65535 65535 65535 65535 65535 65535 65535 65535 65535 65535 65535 65535 65535 319 313 307 302 296 290 285 279 273 268 262 256 251 245 240 236 232 228 225 221 217 213 210 206 202 198 195 191 187 183 178 174 170 166 161 157 153 149 144 140 136 132 129 130 130 131 131 132 133 133 134 134 135 135 136 136 136 134 133 131 130 128 127 125 124 122 121 119 118 116 116 117 118 119 119
65535 65535 65535 65535 65535 65535 65535 65535 65535 65535 65535 65535 65535 65535 65535 65535 65535 65535 65535 65535 65535 319 314 308 303 298 293 288 283 278 272 267 262 257 252 247 243 239 235 231 227 223 219 215 211 207 203 199 195 191 187 182 178 174 170 166 161 157 153 149 145 140 136 134 134 135 135 136 136 137 137 138 138 139 139 140 140 140 138 137 136 134 133 131 130 128 127 125 124 122 121 120 121 122 122 123
65535 65535 65535 65535 65535 65535 65535 65535 65535 65535 65535 65535 65535 65535 65535 65535 65535 65535 65535 65535 65535 319 314 310 305 300 296 291 286 282 277 272 268 263 259 254 250 246 241 237 233 229 224 220 216 212 208 203 199 195 191 186 182 178 174 170 166 161 157 153 149 145 141 138 139 139 140 140 141 141 142 142 143 143 144 144 145 144 143 141 140 138 137 135 134 133 131 130 128 127 125 125 125 125 126 126
65535 65535 65535 65535 65535 65535 65535 65535 65535 65535 65535 65535 65535 65535 65535 65535 65535 65535 65535 65535 65535 319 315 311 306 302 298 294 290 286 282 278 274 269 265 261 257 252 248 243 239 234 230 226 221 217 212 208 203 199 195 191 186 182 178 174 170 166 162 157 153 149 145 143 143 144 144 145 145 146 146 147 147 148 148 148 149 148 147 146 144 143 141 140 138 137 135 134 132 131 130 129 129 129 129 130
