pluvio/pluvio-370.asc
ncols         252
nrows         154
xllcorner     -0.5
yllcorner     -153.5
cellsize      1
NODATA_value  -9999
[rows 61 to 121 of 154, columns 0 to 95 of 252]
9 9 8 8 7 8 8 8 8 8 8 8 8 8 8 7 7 7 7 7 7 6 6 6 6 6 6 5 5 5 4 4 4 4 4 4 4 4 3 3 3 3 3 3 3 2 2 2 2 2 1 1 1 1 1 2 2 2 2 2 2 2 2 2 2 2 2 3 4 5 6 7 8 9 9 10 10 10 11 11 11 11 10 10 10 9 9 9 9 9 9 9 9 9 9 9
8 8 7 7 7 7 7 7 8 8 8 8 8 8 8 8 7 7 7 7 7 7 6 6 6 6 5 5 5 4 4 4 4 3 3 3 3 3 3 3 3 3 2 2 2 2 2 2 2 1 1 1 1 1 1 2 2 2 3 3 3 3 3 3 3 3 3 4 5 6 7 8 9 10 10 10 11 11 11 11 12 11 11 10 10 10 9 9 9 9 9 9 9 9 9 9
7 7 6 6 6 6 7 7 7 8 8 8 8 8 8 8 7 7 7 7 7 7 6 6 6 6 5 5 5 4 4 3 3 3 3 3 3 3 2 2 2 2 2 2 2 2 1 1 1 1 1 1 1 1 1 2 2 2 3 3 3 4 4 4 4 4 4 5 6 7 8 9 9 10 11 11 11 11 12 12 12 12 11 11 10 10 9 9 9 9 9 9 9 9 9 9
6 6 5 5 5 5 6 6 7 7 8 8 8 8 8 8 8 7 7 7 7 7 6 6 6 6 5 5 4 4 3 3 3 3 2 2 2 2 2 2 2 2 1 1 1 1 1 1 1 1 1 1 0 1 1 2 2 3 3 4 4 4 4 4 5 5 5 6 7 8 8 9 10 11 11 11 12 12 12 13 13 12 12 11 11 10 10 9 9 9 9 9 9 9 9 9
5 5 4 4 4 5 5 6 6 7 8 8 8 8 8 8 8 8 7 7 7 7 7 6 6 6 5 5 4 4 3 3 2 2 2 2 2 2 1 1 1 1 1 1 1 1 1 0 0 0 0 0 0 1 1 2 2 3 3 4 4 5 5 5 6 6 6 7 8 8 9 10 11 11 12 12 12 13 13 13 13 13 12 12 11 10 10 9 9 9 9 9 9 9 9 9
4 4 3 3 3 4 5 5 6 7 7 8 8 8 8 8 8 8 8 7 7 7 7 6 6 6 5 5 4 3 3 2 2 2 2 1 1 1 1 1 1 1 0 0 0 0 0 0 0 0 0 0 0 1 1 2 2 3 4 4 5 5 6 6 6 7 7 8 8 9 10 11 11 12 12 13 13 13 13 14 14 13 13 12 11 11 10 9 9 9 9 9 9 9 9 9
3 3 3 3 3 4 5 5 6 6 7 7 7 7 8 8 8 8 8 7 7 7 7 7 6 6 5 5 4 3 3 2 2 2 1 1 1 1 1 1 1 0 0 0 0 0 0 0 0 0 0 0 0 1 1 2 3 3 4 5 5 5 6 6 7 7 7 8 9 9 10 11 11 12 12 13 13 13 13 14 14 13 13 12 11 11 10 9 9 9 9 9 9 9 9 9
3 3 3 3 3 4 4 5 6 6 7 7 7 7 7 8 8 8 8 8 7 7 7 7 7 6 5 5 4 3 3 2 2 1 1 1 1 1 1 1 0 0 0 0 0 0 0 0 0 0 0 0 0 1 1 2 3 4 4 5 5 6 6 6 7 7 7 8 9 9 10 11 11 12 12 13 13 13 13 14 14 13 13 12 11 11 10 9 9 9 9 9 9 9 9 9
3 3 3 3 3 4 4 5 5 6 6 7 7 7 7 7 8 8 8 8 7 7 7 7 7 6 5 5 4 3 2 2 1 1 1 1 1 1 1 1 0 0 0 0 0 0 0 0 0 0 0 0 0 1 1 2 3 4 5 5 6 6 6 7 7 7 7 8 9 9 10 11 11 12 12 13 13 13 13 14 14 13 13 12 11 11 10 9 9 9 9 9 9 9 9 9
3 3 3 3 3 4 4 5 5 5 6 6 7 7 7 7 8 8 8 8 8 7 7 7 7 6 6 5 4 3 2 1 1 1 1 1 1 1 1 0 0 0 0 0 0 0 0 0 0 0 0 0 0 1 2 2 3 4 5 6 6 6 6 7 7 7 7 8 9 9 10 11 11 12 12 13 13 13 13 14 14 13 13 12 11 11 10 9 9 9 9 9 9 9 9 9
3 3 3 3 3 4 4 4 5 5 6 6 6 7 7 7 8 8 8 8 8 8 7 7 7 7 6 5 4 3 2 1 1 1 1 1 1 1 0 0 0 0 0 0 0 0 0 0 0 0 0 0 0 1 2 2 3 4 5 6 6 7 7 7 7 7 8 8 9 10 10 11 12 12 12 13 13 13 13 14 14 13 13 12 11 11 10 9 9 9 9 9 9 9 9 8
3 3 3 3 3 3 4 4 4 5 5 6 6 6 7 7 8 8 8 8 8 8 8 8 7 7 6 5 4 3 2 1 1 1 1 1 0 0 0 0 0 0 0 0 0 0 0 0 0 0 0 0 0 1 2 3 4 4 5 6 7 7 7 7 7 7 8 8 9 10 10 11 12 12 12 13 13 13 13 14 14 13 13 12 11 11 10 9 9 9 9 9 9 9 8 8
3 3 3 3 3 3 4 4 4 5 5 5 6 6 7 7 8 8 8 8 8 8 8 8 8 7 6 5 4 3 2 1 1 1 0 0 0 0 0 0 0 0 0 0 0 0 0 0 0 0 0 0 0 1 2 3 4 5 6 7 7 7 7 7 7 8 8 8 9 10 10 11 12 12 12 13 13 13 13 14 14 13 13 12 11 11 10 9 9 9 9 9 9 8 8 8
3 3 3 3 3 4 4 4 4 5 5 5 6 6 6 7 7 7 8 7 7 7 7 7 7 7 6 5 4 3 2 1 1 1 1 0 0 0 0 0 0 0 0 0 0 0 0 0 0 0 0 0 0 1 2 3 4 5 6 7 7 7 8 8 8 8 8 9 9 10 10 11 12 12 12 13 13 13 13 13 13 13 12 12 11 10 10 9 9 9 9 9 9 8 8 8
3 3 3 3 3 4 4 4 5 5 5 5 6 6 6 6 7 7 7 7 7 7 7 7 7 6 5 4 3 3 2 1 1 1 1 1 1 1 0 0 0 0 0 0 0 0 0 0 0 0 0 0 0 1 2 3 4 5 6 8 8 8 8 8 8 8 8 9 10 10 11 11 12 12 12 12 13 13 13 13 13 12 12 11 11 10 9 9 9 9 9 9 9 9 8 9
3 3 3 3 4 4 4 4 5 5 5 5 6 6 6 6 6 6 6 6 6 6 6 6 6 6 5 4 3 2 2 1 1 1 1 1 1 1 1 1 0 0 0 0 0 0 0 0 0 0 0 0 0 1 2 3 5 6 7 8 8 8 8 9 9 9 9 9 10 10 11 11 12 12 12 12 12 12 12 12 13 12 11 11 10 10 9 9 9 9 9 9 9 9 9 9
3 3 3 4 4 4 4 5 5 5 5 6 6 6 6 6 6 6 6 6 6 6 6 6 6 5 5 4 3 2 2 1 1 1 1 1 1 1 1 1 1 0 0 0 0 0 0 0 0 0 0 0 0 1 2 4 5 6 7 9 9 9 9 9 9 9 9 10 10 10 11 11 12 12 12 12 12 12 12 12 12 12 11 10 10 9 9 8 8 8 8 9 9 9 9 9
3 3 4 4 4 4 5 5 5 5 6 6 6 6 5 5 5 5 5 5 5 5 5 5 5 5 4 4 3 2 1 1 1 1 1 1 1 1 1 1 1 1 0 0 0 0 0 0 0 0 0 0 0 1 3 4 5 6 8 9 9 9 9 9 10 10 10 10 10 11 11 11 12 12 12 12 12 12 12 12 12 11 11 10 10 9 9 8 8 8 8 9 9 9 9 9
3 3 4 4 4 4 5 5 5 6 6 6 6 5 5 5 5 5 5 5 5 5 5 5 5 4 4 3 3 2 1 1 1 1 1 1 1 1 1 1 1 1 1 0 0 0 0 0 0 0 0 0 0 1 3 4 5 7 8 9 10 10 10 10 10 10 10 10 11 11 11 11 12 12 12 12 12 12 11 11 11 11 10 10 9 9 8 8 8 8 8 8 9 9 9 9
3 3 4 4 4 5 5 5 5 6 6 6 6 5 5 5 4 4 4 4 4 4 4 4 4 4 4 3 2 2 1 1 1 1 1 1 1 1 1 1 1 1 1 0 0 0 0 0 0 0 0 0 0 2 3 4 6 7 9 10 10 10 10 10 10 10 10 11 11 11 11 11 12 12 12 12 11 11 11 11 11 10 10 9 9 9 8 8 8 8 8 8 9 9 9 9
3 3 3 4 4 4 4 5 5 5 5 5 5 5 4 4 4 4 4 4 4 4 4 4 4 4 3 3 2 2 1 1 1 1 1 1 1 1 1 1 1 1 1 1 1 0 1 1 1 1 1 1 1 2 4 5 7 8 10 11 12 11 11 11 11 11 11 11 12 12 12 12 12 12 12 12 12 12 11 11 11 11 10 10 10 9 9 8 9 9 9 9 10 10 10 10
3 3 3 3 3 4 4 4 4 4 5 5 4 4 4 4 4 3 3 3 3 3 4 4 4 3 3 3 2 2 1 1 1 1 1 1 1 1 1 1 1 1 1 1 1 1 1 1 1 1 1 1 2 3 5 6 8 10 11 13 13 13 13 12 12 12 12 12 12 12 13 13 13 13 13 13 12 12 12 11 11 11 11 10 10 10 9 9 9 10 10 10 10 11 11 11
2 3 3 3 3 3 3 3 4 4 4 4 4 4 4 3 3 3 3 3 3 3 3 3 3 3 3 2 2 2 1 1 1 1 1 1 1 1 1 1 1 1 1 1 1 1 1 1 1 2 2 2 2 4 6 7 9 11 13 15 14 14 14 13 13 13 13 13 13 13 13 13 13 14 13 13 13 12 12 12 11 11 11 11 11 10 10 10 10 11 11 11 11 12 12 12
2 2 2 2 2 3 3 3 3 3 3 3 3 3 3 3 3 3 3 3 3 3 3 3 3 3 2 2 2 2 1 1 1 1 1 1 1 1 1 1 1 1 1 1 1 1 1 2 2 2 2 3 3 5 6 8 10 12 14 16 16 15 15 15 14 14 13 13 13 14 14 14 14 14 14 13 13 13 12 12 12 11 11 11 11 11 11 11 11 11 12 12 12 13 13 13
2 2 2 2 2 2 2 2 2 3 3 3 3 3 3 3 2 2 2 2 2 2 2 2 3 2 2 2 2 2 1 1 1 1 1 1 1 1 1 1 1 1 1 1 1 1 2 2 2 3 3 3 4 5 7 9 11 14 16 18 17 17 16 16 15 14 14 14 14 14 14 14 15 15 14 14 13 13 13 12 12 12 12 12 12 12 11 11 12 12 13 13 13 14 14 14
2 2 2 1 1 2 2 2 2 2 2 2 2 2 2 2 2 2 2 2 2 2 2 2 2 2 2 2 2 2 1 1 1 1 1 1 1 1 1 1 1 1 1 1 2 2 2 2 3 3 3 4 4 6 8 10 13 15 17 19 19 18 17 17 16 15 15 15 15 15 15 15 15 15 15 14 14 13 13 12 12 12 12 12 12 12 12 12 13 13 13 14 14 15 15 15
2 1 1 1 1 1 1 1 1 1 1 2 2 2 2 2 2 2 2 2 2 2 2 2 2 2 2 2 2 1 1 1 1 1 1 1 1 1 1 1 1 1 2 2 2 2 2 3 3 3 4 4 5 7 9 11 14 16 18 21 20 19 18 18 17 16 15 15 15 15 16 16 16 16 15 15 14 14 13 13 12 12 12 13 13 13 13 13 13 14 14 15 15 15 16 16
2 2 1 1 1 1 1 1 1 1 1 1 1 2 2 2 2 2 2 2 2 2 2 2 2 2 2 2 2 1 1 1 1 1 1 1 1 1 1 1 1 1 2 2 2 2 2 3 3 4 5 5 6 8 10 12 14 16 18 20 19 19 18 18 17 16 16 16 16 16 16 17 17 17 17 16 16 15 15 15 14 14 14 14 14 14 14 14 14 15 15 16 16 17 18 18
2 2 1 1 1 1 1 1 1 1 1 1 1 1 2 2 2 2 2 2 2 2 2 2 2 2 2 2 2 1 1 1 1 1 1 1 1 1 1 1 1 1 2 2 2 2 2 3 4 5 5 6 7 8 10 12 14 15 17 19 19 18 18 17 17 16 16 16 16 17 17 17 18 18 18 17 17 17 17 17 16 16 16 15 15 15 15 14 15 16 16 17 18 18 19 20
2 2 1 1 1 1 1 1 1 1 1 1 1 1 2 2 2 2 2 2 2 2 2 2 2 2 2 2 2 2 2 1 1 1 1 1 1 1 1 1 1 1 2 2 2 2 3 3 4 5 6 7 8 9 11 12 14 15 17 18 18 18 18 17 17 17 16 17 17 17 18 18 19 19 19 19 19 19 18 18 18 18 17 17 16 16 15 15 16 17 18 18 19 20 21 21
2 2 1 1 1 1 1 1 1 1 1 1 1 1 1 2 2 2 2 2 2 2 2 1 1 1 1 1 1 2 2 2 2 1 1 1 1 1 1 1 1 1 2 2 2 2 3 4 5 6 7 8 9 10 11 12 14 15 16 18 18 17 17 17 17 17 17 17 18 18 18 19 19 20 20 20 20 20 20 20 20 20 19 18 18 17 16 16 17 18 19 20 21 21 22 23
2 2 1 1 1 1 1 1 1 1 1 1 1 1 1 2 2 2 2 2 2 2 1 1 1 1 1 1 1 2 2 2 2 2 1 1 1 1 1 1 1 2 2 2 2 2 3 4 5 6 7 8 10 11 12 13 14 15 16 17 17 17 17 17 17 17 17 18 18 19 19 20 20 21 21 21 22 22 22 22 22 21 21 20 19 18 17 16 18 19 20 21 22 23 24 24
2 2 1 1 1 1 1 1 1 1 1 1 1 1 1 1 2 2 2 2 2 1 1 1 1 1 1 1 1 2 2 2 2 2 2 1 1 1 1 1 1 2 2 2 2 2 3 4 5 7 8 9 11 11 12 13 14 15 15 16 16 16 17 17 17 17 17 18 19 19 20 21 21 22 22 23 23 23 24 24 24 23 22 21 20 19 18 17 18 20 21 22 23 24 26 26
2 2 1 1 1 1 1 1 1 1 1 1 1 1 1 1 2 2 2 2 2 1 1 1 1 1 1 1 1 2 2 2 2 2 2 1 1 1 1 1 1 2 2 2 2 2 3 4 6 7 9 10 11 12 13 13 14 14 15 15 16 16 16 17 17 17 18 18 19 20 21 21 22 23 23 24 24 25 25 26 26 25 24 22 21 20 19 18 19 21 22 23 25 26 27 28
3 2 1 1 1 1 1 1 1 1 1 1 1 1 1 2 2 2 2 2 2 1 1 1 1 1 1 1 1 2 2 2 2 2 2 2 2 1 1 1 1 1 2 2 2 2 3 4 6 7 8 10 11 12 13 13 14 15 15 16 16 17 17 17 17 18 18 19 19 20 20 21 21 22 22 23 24 24 25 25 26 25 24 23 22 21 20 19 20 22 23 24 26 27 28 28
3 2 2 1 1 1 1 1 1 1 1 1 1 1 2 2 2 2 2 2 1 1 1 1 1 1 1 1 1 2 2 2 2 2 2 2 2 2 2 2 1 1 1 1 1 1 2 4 5 7 8 10 11 12 13 13 14 15 16 17 17 17 17 18 18 18 18 19 19 20 20 20 21 21 22 22 23 24 25 25 26 25 24 23 23 22 21 20 22 23 24 25 27 28 29 29
3 2 2 1 1 1 1 1 1 1 1 1 2 2 2 2 2 2 2 2 1 1 1 1 1 1 1 1 1 2 2 2 2 2 2 2 2 2 2 2 2 1 1 1 1 1 2 4 5 7 8 9 11 12 13 14 14 15 16 17 17 18 18 18 18 19 19 19 19 19 20 20 20 20 21 22 23 23 24 25 26 25 25 24 23 23 22 21 23 24 25 26 28 29 30 30
3 3 2 1 1 1 1 1 1 1 2 2 2 2 2 2 2 2 2 2 1 1 1 1 1 1 1 1 1 2 2 2 2 2 2 2 2 2 2 2 2 1 1 1 1 1 2 3 5 6 8 9 11 12 13 14 15 16 17 18 18 18 18 19 19 19 19 19 19 19 19 19 19 19 20 21 22 23 24 25 26 25 25 24 24 23 23 23 24 25 26 28 29 30 31 31
4 3 2 1 1 1 1 1 2 2 2 2 2 2 2 2 2 2 2 2 1 1 1 1 1 1 1 1 1 2 2 2 2 2 2 2 2 2 2 2 2 1 1 1 1 1 2 3 5 6 8 9 10 12 13 14 15 16 17 18 18 19 19 19 19 19 19 19 19 19 19 19 19 19 20 21 22 23 24 25 26 25 25 25 25 24 24 24 25 26 27 29 30 31 32 32
4 3 2 2 1 1 1 2 2 2 2 2 2 2 2 2 2 2 2 2 1 1 1 1 1 1 1 1 1 2 2 2 2 2 2 2 2 2 2 2 2 1 1 1 1 0 1 3 4 6 7 9 10 11 13 14 15 16 17 19 19 19 19 19 20 20 20 20 19 19 19 18 18 18 19 20 21 22 23 25 26 26 25 25 25 25 25 25 26 27 28 30 31 32 33 33
4 3 3 2 1 1 2 2 2 2 2 2 2 2 2 2 2 2 2 2 2 1 1 1 1 1 1 1 2 2 2 2 2 2 2 2 2 2 2 2 2 1 1 1 0 0 1 3 4 6 7 9 10 11 13 14 15 16 18 19 19 19 20 20 20 20 20 20 19 19 18 18 18 17 18 20 21 22 23 24 26 26 26 26 26 26 26 26 27 28 29 31 32 33 34 34
4 4 3 2 2 2 2 2 2 2 2 2 2 2 2 2 2 2 2 2 2 2 3 3 3 3 3 3 3 3 2 2 2 2 2 2 2 2 2 2 2 1 1 1 0 0 1 3 4 5 7 8 10 11 12 13 15 16 17 18 19 19 19 19 19 20 20 19 19 19 18 18 17 17 18 20 21 22 23 24 26 26 26 26 26 26 26 26 27 29 30 31 32 33 34 34
4 4 3 2 2 2 2 2 2 2 2 2 2 2 2 2 2 2 2 3 3 3 4 4 5 4 4 4 4 3 3 3 3 3 3 2 2 2 2 2 2 1 1 1 0 0 1 3 4 5 7 8 9 11 12 13 14 15 17 18 18 18 19 19 19 19 19 19 19 18 18 18 17 17 18 20 21 22 23 24 26 26 26 26 26 26 26 27 28 29 30 31 32 33 34 34
4 4 3 2 2 2 2 2 2 2 3 3 2 2 2 2 2 2 2 3 4 4 5 6 6 6 6 5 5 4 4 3 3 3 3 3 3 3 2 2 2 1 1 1 0 0 1 2 4 5 6 8 9 10 12 13 14 15 16 17 18 18 18 18 18 19 19 19 18 18 18 18 17 17 18 19 21 22 23 24 26 26 26 26 26 27 27 27 28 29 30 31 32 33 34 34
5 4 3 3 2 2 2 3 3 3 3 3 3 2 2 2 2 2 2 3 4 5 6 7 8 8 7 6 6 5 4 4 3 3 3 3 3 3 3 2 2 2 1 1 0 0 1 2 4 5 6 8 9 10 11 12 13 15 16 17 17 17 18 18 18 18 18 18 18 18 18 17 17 17 18 19 21 22 23 24 25 26 26 26 27 27 27 27 28 29 30 31 32 33 34 34
5 4 3 3 3 3 3 3 3 3 3 3 3 3 2 2 2 2 3 4 5 6 7 8 10 9 8 8 7 6 5 4 4 3 3 3 3 3 3 2 2 2 1 1 0 0 1 2 4 5 6 7 9 10 11 12 13 14 15 16 17 17 17 17 18 18 18 18 18 18 18 17 17 17 18 19 21 22 23 24 25 26 26 26 27 27 27 28 29 30 31 31 32 33 34 34
5 4 4 3 3 3 3 3 3 3 3 3 3 3 3 2 2 2 3 4 6 7 8 10 11 11 10 9 8 7 6 4 4 4 4 3 3 3 3 2 2 2 1 1 0 0 1 2 3 5 6 7 8 9 10 11 13 14 15 16 16 16 17 17 17 17 18 18 17 17 17 17 17 17 18 19 21 22 23 24 25 26 26 27 27 27 28 28 29 30 31 32 33 33 34 34
5 4 4 3 3 3 3 3 3 3 3 3 3 3 3 2 2 2 3 4 6 8 9 11 12 12 11 10 8 7 6 5 4 4 4 4 3 3 3 3 2 2 1 1 1 0 1 2 3 5 6 7 8 9 10 11 12 13 14 15 15 16 16 16 17 17 17 17 17 17 17 17 17 17 18 19 21 22 23 24 25 26 26 27 27 28 28 29 29 30 31 32 33 34 34 34
4 4 3 3 3 3 3 3 3 3 3 3 3 2 2 2 2 2 3 4 5 7 8 10 11 11 10 9 8 7 6 5 5 4 4 4 4 4 3 3 3 2 2 1 1 1 2 3 4 5 6 7 8 9 10 10 11 12 13 14 14 15 15 15 16 16 16 17 17 17 17 17 17 17 18 19 20 21 22 24 25 25 26 27 28 28 29 30 30 31 32 33 33 34 35 35
4 3 3 2 2 2 2 2 2 2 2 2 2 2 2 2 2 1 2 4 5 6 8 9 10 10 9 9 8 7 6 5 5 5 5 4 4 4 4 3 3 3 2 2 2 1 2 3 4 5 6 7 8 8 9 10 11 11 12 13 13 14 14 15 15 15 16 16 16 16 16 17 17 17 18 19 20 21 22 23 24 25 26 27 28 29 30 31 31 32 33 33 34 35 35 35
3 3 2 2 2 2 2 2 2 2 2 2 2 2 2 1 1 1 2 3 4 6 7 8 9 9 9 8 8 7 6 6 5 5 5 5 4 4 4 4 3 3 3 2 2 2 2 3 4 5 6 6 7 8 9 9 10 11 11 12 12 13 13 14 14 15 15 15 16 16 16 16 16 17 18 19 20 21 22 23 24 25 26 27 28 29 31 32 32 33 33 34 35 35 36 36
3 2 2 2 1 1 1 1 2 2 2 2 1 1 1 1 1 1 1 3 4 5 6 7 8 8 8 8 7 7 6 6 6 6 5 5 5 5 4 4 4 4 3 3 3 2 3 4 4 5 6 6 7 8 8 9 9 10 10 11 11 12 12 13 13 14 14 15 15 15 16 16 16 17 17 18 19 20 21 22 23 24 26 27 29 30 31 33 33 34 34 35 35 36 36 36
2 2 2 1 1 1 1 1 1 1 1 1 1 1 1 1 1 1 1 2 3 4 5 6 7 7 7 7 7 7 7 6 6 6 6 5 5 5 5 4 4 4 4 3 3 3 3 4 5 5 6 6 7 7 8 8 8 9 9 10 10 11 11 12 12 13 14 14 14 15 15 16 16 16 17 18 19 20 21 22 23 24 26 27 29 31 32 34 34 34 35 35 36 36 37 37
2 1 1 1 1 1 1 1 1 1 1 1 1 1 0 0 0 0 1 2 3 3 4 5 6 6 7 7 7 7 7 7 7 6 6 6 6 5 5 5 5 4 4 4 4 4 4 4 5 5 6 6 7 7 7 7 8 8 8 9 9 10 10 11 12 12 13 13 14 14 15 15 16 16 17 18 19 20 20 21 22 24 26 27 29 31 33 35 35 35 36 36 36 37 37 37
1 1 1 0 0 0 0 0 0 0 0 0 0 0 0 0 0 0 1 1 2 3 4 4 5 6 6 6 6 7 7 7 7 7 6 6 6 6 5 5 5 5 4 4 4 4 4 4 5 5 6 6 6 6 7 7 7 7 8 8 8 9 10 10 11 12 12 13 14 14 15 15 16 16 17 18 19 19 20 21 22 24 26 28 30 32 34 35 36 36 36 37 37 37 37 37
2 1 1 0 0 0 0 0 0 0 0 0 0 0 0 0 0 0 0 1 2 3 3 4 5 5 5 6 6 6 7 7 7 7 6 6 6 6 5 5 5 5 4 4 4 3 4 4 4 5 5 5 6 6 6 6 7 7 7 8 8 9 10 11 11 12 13 13 14 15 15 16 16 17 18 18 19 20 21 22 23 24 26 28 30 32 34 36 36 36 37 37 37 37 38 38
2 1 1 1 0 0 0 0 0 0 0 0 0 0 0 0 0 0 0 1 2 2 3 3 4 5 5 5 6 6 7 7 7 7 7 6 6 6 6 5 5 5 4 4 3 3 3 4 4 4 4 5 5 5 6 6 6 7 7 8 8 9 10 11 11 12 13 14 14 15 16 16 17 18 18 19 20 21 22 22 23 25 27 29 30 32 34 36 36 36 37 37 37 38 38 38
2 1 1 1 0 0 0 0 0 0 0 0 0 0 0 0 0 0 0 1 1 2 2 3 4 4 5 5 6 6 7 7 7 7 7 7 6 6 6 5 5 4 4 4 3 3 3 3 3 4 4 4 4 5 5 6 6 7 7 7 8 9 10 11 12 13 13 14 15 15 16 17 17 18 19 20 21 21 22 23 24 26 27 29 31 32 34 36 36 37 37 37 38 38 38 38
2 2 1 1 0 0 0 0 0 0 0 0 0 0 0 0 0 0 0 1 1 2 2 3 3 4 4 5 6 6 7 8 8 7 7 7 6 6 6 5 5 4 4 3 3 2 2 3 3 3 3 4 4 4 5 5 6 6 7 7 8 9 10 11 12 13 14 14 15 16 17 17 18 19 20 20 21 22 23 24 25 26 28 29 31 33 34 36 36 37 37 38 38 38 39 39
2 2 1 1 0 0 0 0 0 0 0 0 0 0 0 0 0 0 0 1 1 1 2 2 2 3 4 5 5 6 7 8 8 7 7 7 6 6 6 5 5 4 4 3 2 2 2 2 2 3 3 3 3 4 4 5 5 6 7 7 8 9 10 11 12 13 14 15 16 16 17 18 19 19 20 21 22 23 24 24 25 27 28 30 32 33 35 36 37 37 37 38 38 39 39 39
2 2 1 1 0 0 0 0 0 0 0 0 0 0 0 0 0 0 0 1 1 1 1 2 2 2 3 4 5 6 7 8 8 8 7 7 7 6 6 5 5 4 3 3 2 1 1 2 2 2 2 2 2 3 4 4 5 6 7 7 8 9 10 11 12 13 14 15 16 17 18 18 19 20 21 22 23 23 24 25 26 27 29 30 32 33 35 36 37 37 38 38 39 39 39 39
