pluvio/pluvio-331.asc
ncols         252
nrows         154
xllcorner     -0.5
yllcorner     -153.5
cellsize      1
NODATA_value  -9999
[rows 49 to 97 of 154, columns 96 to 191 of 252]
52 53 53 53 53 54 53 53 53 52 52 52 51 52 52 52 53 53 54 54 52 51 50 49 47 46 45 46 47 48 49 50 51 51 47 43 40 36 32 29 26 27 27 28 29 29 30 31 34 38 41 44 47 51 53 55 56 58 59 61 63 64 64 64 64 65 65 65 66 67 67 68 69 69 70 70 70 70 70 70 70 70 69 67 66 64 62 60 59 58 58 58 58 58 58 58
55 55 55 56 56 56 56 55 55 55 54 54 54 55 55 56 56 57 58 58 57 56 55 54 53 52 51 51 52 52 52 52 52 51 47 43 40 36 32 28 26 27 27 28 28 29 29 31 35 39 42 46 50 53 56 57 58 60 61 62 64 64 65 65 65 66 66 66 67 68 69 70 71 72 73 74 74 75 75 76 76 77 75 73 71 69 67 65 63 62 62 61 61 61 60 60
57 58 58 58 58 59 58 58 58 57 57 57 57 58 58 59 60 61 62 62 61 61 60 59 58 58 57 56 56 55 54 54 53 51 47 44 40 36 32 28 26 27 27 28 28 29 29 31 36 40 44 48 52 56 58 59 60 62 63 64 65 65 66 66 66 66 67 67 68 69 71 72 73 75 76 77 78 79 80 81 82 83 82 79 77 74 72 69 67 66 65 65 64 63 63 62
60 60 60 61 61 61 61 60 60 60 60 59 59 61 62 63 64 65 66 66 66 65 65 64 64 63 63 61 60 58 57 55 54 52 48 44 40 36 32 28 26 27 27 28 28 29 29 32 36 40 45 49 54 58 61 62 63 63 64 65 66 66 67 67 67 67 67 68 69 71 72 74 76 78 79 81 82 84 85 86 88 89 88 85 82 79 76 74 71 69 69 68 67 66 65 65
64 64 64 65 65 65 65 64 64 64 63 63 63 64 65 66 67 68 69 69 69 68 67 67 66 65 64 63 61 59 57 55 54 51 47 43 40 36 32 28 26 27 27 28 28 29 30 32 36 41 45 49 53 58 61 62 63 64 65 66 67 68 68 69 69 70 70 71 72 73 75 77 78 80 82 83 84 85 87 88 89 90 89 86 83 80 77 74 72 70 70 70 70 69 69 69
68 68 69 69 69 70 69 68 68 67 67 66 66 67 68 69 69 70 71 72 71 70 69 68 67 67 65 63 61 59 57 55 53 50 47 43 39 35 32 28 26 27 27 28 29 29 30 32 36 40 45 49 53 57 60 61 63 64 66 67 69 70 70 71 72 73 73 74 75 77 78 80 81 83 84 85 86 87 88 88 89 90 89 86 83 80 77 74 72 71 71 72 72 72 73 73
72 73 73 73 74 74 73 73 72 71 70 70 69 70 71 72 72 73 74 74 73 72 71 70 69 68 66 64 62 59 57 55 53 50 46 42 39 35 31 28 26 26 27 28 29 30 31 33 37 40 44 48 52 56 59 60 62 64 66 68 70 71 72 73 74 75 76 77 79 80 81 82 84 85 86 87 88 88 89 89 90 90 89 86 83 80 77 74 72 71 72 73 74 75 76 77
76 77 77 78 78 79 78 77 76 75 74 73 72 73 74 75 75 76 77 77 76 74 73 72 70 69 67 65 62 60 57 55 52 49 46 42 38 35 31 27 25 26 27 28 29 30 31 33 37 40 44 47 51 55 58 60 62 64 67 69 71 73 74 76 77 78 80 81 82 83 84 85 86 87 88 89 89 89 90 90 90 90 89 86 83 80 77 74 72 72 74 75 77 78 80 81
80 81 82 82 83 83 82 81 80 79 77 76 76 76 77 78 78 79 79 79 78 76 75 73 72 70 68 65 63 60 57 55 52 49 45 41 38 34 31 27 25 26 27 28 29 30 31 33 37 40 44 47 50 54 57 59 62 65 67 70 73 75 76 78 80 81 83 84 85 86 87 88 89 90 91 91 91 91 91 91 91 90 89 86 83 80 77 74 72 72 75 77 79 81 84 86
85 85 86 86 87 87 86 85 84 82 81 80 79 79 80 80 81 82 82 82 80 78 77 75 73 71 69 66 63 60 57 54 51 48 45 41 37 34 30 27 25 26 27 28 29 31 32 34 37 40 43 46 49 53 56 59 62 65 68 71 74 76 78 80 82 84 86 88 89 90 90 91 91 92 93 93 92 92 92 91 91 91 89 86 83 80 77 74 72 73 76 79 81 84 87 90
89 89 90 91 92 92 90 89 88 86 85 83 82 83 83 83 84 84 85 85 83 81 79 77 74 72 70 67 64 60 57 54 51 48 44 40 37 33 30 26 25 26 27 28 30 31 32 34 37 40 43 46 49 52 55 58 62 65 69 72 75 78 80 82 85 87 89 91 92 93 93 94 94 95 95 95 94 93 93 92 91 91 89 86 83 80 77 75 72 73 77 80 84 87 91 94
91 91 92 92 93 93 92 90 89 87 86 84 83 83 83 83 84 84 84 83 81 79 77 75 73 70 68 65 61 58 55 52 49 46 42 39 36 33 30 26 25 26 27 29 30 31 33 34 37 40 42 45 48 50 53 57 60 63 66 70 73 76 78 80 83 85 88 90 91 92 92 92 93 93 93 93 93 92 91 91 90 89 88 85 82 80 77 75 72 74 77 80 84 87 90 93
93 93 93 93 94 94 92 91 89 88 86 85 83 83 83 83 83 83 83 82 80 77 75 72 70 68 65 62 59 56 53 49 46 43 40 38 35 32 29 26 25 27 28 29 30 32 33 35 37 40 42 44 47 49 52 55 58 61 64 67 70 72 75 78 80 83 86 88 90 90 90 91 91 91 91 91 91 90 90 89 89 88 86 84 82 80 77 75 73 74 77 80 83 86 89 91
94 94 95 95 95 94 93 91 90 88 87 85 84 83 83 83 82 82 81 80 78 75 73 70 68 65 63 59 56 53 50 47 44 41 39 36 34 31 29 27 26 27 28 29 31 32 33 35 37 39 42 44 46 48 51 53 56 58 61 64 66 69 72 75 78 81 84 87 88 88 89 89 89 89 89 89 89 88 88 88 87 87 85 83 81 79 78 76 74 75 77 80 82 85 87 90
96 96 96 96 96 95 94 92 90 89 87 86 84 84 83 82 81 81 80 79 76 73 71 68 65 63 60 57 54 51 48 45 41 39 37 35 33 31 29 27 26 27 28 30 31 32 34 35 37 39 41 43 45 47 49 51 54 56 59 61 63 66 69 72 76 79 82 85 87 87 87 87 87 87 87 87 87 87 86 86 86 86 84 83 81 79 78 76 74 75 77 79 81 84 86 88
98 98 97 97 97 96 94 93 91 90 88 86 85 84 83 82 81 79 78 77 74 71 69 66 63 60 57 54 51 48 45 42 39 36 35 33 32 30 28 27 26 28 29 30 31 33 34 36 37 39 41 42 44 46 48 50 52 54 56 58 60 63 66 70 73 77 80 84 85 85 85 85 85 85 85 85 85 85 85 85 84 84 83 82 80 79 78 76 75 76 77 79 81 83 84 86
100 99 99 98 97 97 95 93 92 90 89 87 85 84 83 81 80 78 77 75 72 69 66 64 61 58 55 52 49 46 43 40 37 34 33 32 30 29 28 27 27 28 29 31 32 33 34 36 37 39 40 42 43 45 46 48 50 52 53 55 57 60 63 67 71 75 78 82 84 83 83 83 83 83 83 83 83 83 83 83 83 83 82 81 80 79 78 77 75 76 77 79 80 81 83 84
102 101 100 99 98 97 96 94 92 91 89 87 86 84 82 81 79 77 76 74 71 67 64 61 58 55 52 49 46 43 40 37 34 32 31 30 29 29 28 27 27 28 30 31 32 34 35 36 37 39 40 41 42 43 45 46 48 49 51 52 54 57 61 65 68 72 76 80 82 82 82 82 81 81 81 81 81 81 81 81 82 82 81 80 79 79 78 77 76 77 77 78 79 80 81 82
102 101 100 100 99 98 97 95 93 92 90 89 87 85 83 81 78 76 74 72 69 67 65 62 60 57 54 51 48 45 41 38 35 32 32 31 31 31 30 30 30 31 32 33 34 35 36 37 39 40 41 42 44 45 46 48 50 52 54 56 58 61 64 68 71 75 78 82 83 83 83 83 82 82 82 82 82 83 83 83 83 83 83 83 83 83 83 82 82 83 85 86 88 89 91 93
102 102 101 100 100 99 97 96 94 93 91 90 88 85 83 80 78 75 73 70 68 67 65 63 61 60 57 54 50 46 43 39 35 33 33 33 33 33 33 33 33 34 35 36 36 37 38 39 40 41 43 44 45 47 48 51 53 55 58 60 62 65 68 71 74 77 80 83 85 84 84 84 84 84 83 83 84 84 84 85 85 85 86 86 87 87 88 88 89 91 93 95 97 99 101 104
103 102 101 101 100 99 98 97 95 94 92 91 89 86 83 80 77 74 71 69 67 66 65 64 63 62 60 56 52 48 44 40 36 33 34 34 35 35 36 36 37 37 38 38 38 39 39 40 41 43 44 45 47 48 50 53 56 59 61 64 67 70 72 75 77 80 83 85 86 86 86 85 85 85 85 85 85 86 86 86 87 87 88 89 91 92 93 94 95 98 101 103 106 109 112 115
103 102 102 101 101 100 99 97 96 95 93 92 90 87 83 80 76 73 70 67 66 66 66 65 65 64 63 58 54 50 45 41 36 34 35 36 37 38 39 39 40 40 40 40 41 41 41 41 43 44 46 47 48 50 52 55 59 62 65 68 72 74 76 78 80 83 85 87 87 87 87 87 86 86 86 86 87 87 88 88 89 89 91 93 95 96 98 100 102 105 108 112 115 119 122 126
103 103 102 102 101 101 100 98 97 96 94 93 91 87 84 80 76 72 68 65 65 66 66 66 67 67 66 61 56 51 47 42 37 34 36 37 39 40 41 43 43 43 43 43 43 42 42 43 44 46 47 49 50 51 54 58 61 65 69 72 76 79 80 82 84 85 87 88 89 89 88 88 88 87 87 87 88 89 89 90 91 91 93 96 98 101 103 106 109 112 116 121 125 129 133 137
104 103 103 102 102 102 100 99 98 97 95 94 92 88 84 79 75 71 66 63 64 65 66 67 68 69 68 63 58 53 48 43 38 35 37 39 40 42 44 46 47 46 46 45 45 44 44 44 46 47 49 50 52 53 56 60 64 68 72 77 81 83 84 86 87 88 89 90 90 90 90 89 89 89 88 89 89 90 91 92 93 93 96 99 102 105 109 112 115 119 124 129 134 139 143 148
104 104 103 103 103 102 101 100 99 98 97 95 93 89 84 79 74 70 65 62 63 65 67 68 70 72 71 66 60 55 49 44 38 36 38 40 42 45 47 49 50 49 48 48 47 46 45 45 47 49 50 52 53 55 58 62 67 72 76 81 85 88 89 89 90 90 91 92 92 91 91 91 90 90 89 90 91 92 93 93 94 95 98 102 106 110 114 118 122 127 132 138 143 148 154 159
107 107 106 106 105 105 104 102 101 100 98 97 95 91 86 81 76 72 67 64 65 67 68 70 72 73 73 67 62 56 51 46 40 37 40 42 44 46 48 51 52 51 51 50 50 49 49 49 51 52 54 55 57 58 61 65 69 74 78 82 86 89 90 91 92 93 94 95 95 95 94 93 92 91 91 91 92 93 95 96 97 98 102 108 114 120 126 132 138 142 146 149 153 157 160 164
110 110 109 109 108 108 106 105 103 102 100 99 97 92 88 83 78 74 69 66 67 69 70 72 73 75 74 69 63 58 53 47 42 39 41 44 46 48 50 52 53 53 53 53 53 53 53 53 55 56 58 59 61 62 65 68 72 76 79 83 87 89 91 93 94 96 98 99 99 98 97 95 94 93 92 92 94 95 96 98 99 101 106 114 122 130 138 146 154 158 159 161 163 165 166 168
113 113 112 112 111 110 109 107 105 104 102 101 99 94 90 85 80 76 71 68 70 71 72 74 75 76 76 70 65 60 54 49 44 41 43 45 47 49 52 54 55 55 55 56 56 56 56 57 59 60 61 63 64 66 68 71 74 78 81 84 87 90 92 94 96 99 101 103 103 101 100 98 96 95 93 93 95 97 98 100 102 104 111 121 130 140 150 160 170 173 173 173 173 173 173 172
117 116 115 114 114 113 111 109 108 106 104 103 100 96 91 87 82 78 74 70 72 73 74 75 76 78 77 72 67 61 56 51 46 43 45 47 49 51 53 55 57 57 58 58 59 59 60 61 62 64 65 67 68 70 72 74 77 80 82 85 88 90 93 96 99 101 104 107 107 105 103 100 98 96 94 94 96 98 100 102 104 106 115 127 139 151 162 174 186 188 187 185 183 181 179 177
120 119 118 117 116 115 114 112 110 108 106 104 102 98 93 89 84 80 76 73 74 75 76 77 78 79 78 73 68 63 58 53 48 45 47 49 51 53 55 57 58 59 60 61 62 63 64 65 66 68 69 71 72 73 75 77 80 82 84 86 88 91 94 98 101 104 107 111 111 108 105 103 100 98 95 96 98 100 102 105 107 109 119 133 147 161 175 189 203 204 200 196 193 189 185 181
123 122 121 120 119 118 116 114 112 110 108 106 104 100 95 91 87 82 78 75 76 77 78 79 80 81 80 75 70 65 60 54 49 47 49 51 52 54 56 58 60 61 62 64 65 66 67 69 70 72 73 74 76 77 79 80 82 84 85 87 89 92 95 99 103 107 111 114 114 111 108 105 102 99 96 97 99 102 104 107 109 112 123 139 155 171 187 203 219 219 214 208 202 197 191 185
126 125 124 123 122 121 119 116 114 112 110 108 106 101 97 93 89 84 80 77 78 79 80 81 81 82 81 76 71 66 61 56 51 49 50 52 54 56 58 60 62 63 65 66 68 70 71 73 74 75 77 78 80 81 82 83 85 86 87 88 89 92 97 101 105 110 114 118 118 115 111 108 105 101 98 98 101 104 106 109 112 115 127 145 163 181 199 217 234 234 227 219 212 204 197 190
125 124 124 123 122 121 120 118 117 115 114 112 110 106 102 97 93 89 85 82 82 82 83 83 83 84 83 78 74 70 65 61 57 54 56 58 60 62 64 66 68 69 70 70 71 72 73 74 76 77 78 79 81 82 83 85 86 88 89 91 92 96 100 104 109 113 118 122 122 119 116 113 110 108 105 105 107 109 111 113 116 118 129 145 161 177 192 208 224 224 217 210 203 196 189 182
124 124 123 123 122 121 120 120 119 118 117 116 114 110 106 102 98 94 90 86 86 86 86 86 85 85 84 80 77 73 69 66 62 60 62 64 66 68 70 72 74 74 74 75 75 75 75 76 77 78 79 81 82 83 84 86 88 90 92 94 96 99 103 108 112 117 121 126 126 124 121 119 116 114 111 111 113 115 116 118 119 121 131 145 158 172 186 200 214 214 207 201 194 188 181 175
123 123 123 122 122 122 121 121 121 120 120 120 119 115 111 106 102 98 94 91 90 90 89 88 87 87 85 82 79 76 73 70 67 66 68 70 72 74 76 79 80 79 79 79 78 78 78 78 79 80 81 82 83 84 85 87 90 92 94 96 99 102 107 111 116 121 125 130 131 129 126 124 122 120 118 118 119 120 121 122 123 124 132 144 156 168 180 192 204 203 197 191 185 179 173 167
122 122 122 122 122 122 122 123 123 123 123 124 123 119 115 111 107 103 99 96 94 93 92 91 90 88 87 84 82 80 77 75 73 72 74 76 78 80 83 85 86 85 84 83 82 81 80 80 80 81 82 83 84 85 86 89 91 94 97 99 102 106 110 115 120 124 129 134 135 133 131 130 128 127 125 125 125 126 126 126 127 127 134 144 154 164 174 184 194 193 187 182 176 171 165 160
121 122 122 122 122 123 123 124 125 126 127 128 127 123 119 116 112 108 104 100 98 97 95 93 92 90 88 86 85 83 81 80 78 78 80 82 84 87 89 91 92 90 89 87 85 84 82 81 82 83 83 84 85 85 87 90 93 96 99 102 105 109 114 118 123 128 133 138 139 138 137 135 134 133 132 131 131 131 131 131 131 131 136 144 152 160 168 176 184 183 178 172 167 162 157 152
120 121 121 122 122 123 124 126 127 129 130 131 132 128 124 120 116 112 108 105 103 100 98 96 94 91 89 88 87 86 85 84 83 83 86 88 90 93 95 97 98 96 93 91 89 86 84 83 84 84 85 85 86 86 88 92 95 98 101 105 108 112 117 122 127 132 137 141 143 142 142 141 140 139 139 138 137 137 136 135 135 134 138 144 150 156 162 168 174 172 168 163 158 154 149 145
120 121 121 122 123 124 126 128 130 131 133 135 136 132 128 125 121 117 113 110 107 104 101 98 96 93 91 90 90 90 89 89 88 89 91 94 96 98 101 103 103 100 98 95 92 89 86 85 85 86 86 87 87 87 89 93 97 100 104 107 111 115 120 125 130 135 140 145 147 146 146 146 145 145 145 144 143 142 141 139 138 137 139 144 148 152 156 160 164 162 158 154 150 146 142 138
127 127 127 128 128 129 131 133 135 137 139 140 141 137 134 130 126 123 119 115 112 109 106 102 99 96 93 93 93 92 92 91 91 91 93 95 96 98 100 101 101 99 97 94 92 90 87 86 87 87 88 88 89 89 91 95 98 102 105 109 112 116 120 124 128 133 137 141 143 142 142 142 142 142 142 141 141 141 141 141 140 140 142 145 149 152 155 158 161 160 157 154 151 148 145 142
133 133 133 134 134 134 136 138 140 142 144 145 146 143 139 136 132 128 125 121 118 114 110 106 103 99 96 96 95 95 94 94 93 93 94 96 97 98 99 100 99 98 96 94 92 90 88 87 88 89 89 90 90 91 93 96 100 103 106 110 113 116 120 123 127 130 134 137 139 139 139 139 139 138 138 139 140 140 141 142 142 143 145 147 150 152 154 157 159 158 156 154 152 150 147 145
140 140 139 139 139 139 141 143 145 147 149 150 151 148 144 141 138 134 131 127 123 119 114 110 106 102 99 98 98 97 97 96 96 96 96 97 97 97 98 98 98 96 95 93 92 91 89 89 89 90 91 91 92 93 95 98 101 104 108 111 114 117 120 122 125 128 131 133 135 135 135 135 135 135 135 136 138 140 141 143 145 146 148 149 151 152 153 155 156 156 155 154 152 151 150 149
146 146 145 145 145 145 147 148 150 152 154 155 156 153 150 146 143 140 137 133 128 124 119 114 109 105 101 101 100 100 99 99 99 98 98 97 97 97 97 96 96 95 94 93 92 91 90 90 91 91 92 93 94 95 97 100 103 106 109 112 115 118 120 122 124 126 128 130 131 131 131 131 132 132 132 134 136 139 142 144 147 149 151 151 152 152 153 153 154 154 153 153 153 153 153 152
153 152 151 151 150 150 152 153 155 157 159 160 161 158 155 152 149 146 143 139 134 129 123 118 113 108 104 103 103 103 102 102 101 100 99 98 97 97 96 95 94 93 93 92 92 91 91 91 92 93 94 95 96 97 98 101 104 107 110 113 116 118 119 121 122 123 124 126 127 127 127 128 128 129 129 131 135 138 142 145 149 152 153 153 153 152 152 151 151 151 152 153 154 155 155 156
159 158 157 157 156 155 157 159 160 162 164 165 166 163 160 157 154 151 148 145 139 133 128 122 116 111 107 106 106 105 105 104 104 103 101 99 98 96 95 93 92 92 92 92 92 92 92 92 93 94 95 96 97 98 100 103 106 109 111 114 117 119 119 120 120 121 121 122 123 123 124 124 125 125 126 129 133 138 142 147 151 155 156 155 154 152 151 150 148 149 151 153 154 156 158 160
166 165 163 162 161 160 162 164 165 167 168 170 171 168 165 162 160 157 154 150 144 138 132 126 120 114 109 109 108 108 107 107 106 105 103 101 99 96 94 92 91 91 92 92 92 93 93 94 95 96 97 98 99 100 102 105 107 110 113 115 118 119 119 119 119 119 119 119 119 120 120 121 122 122 123 127 132 137 142 147 153 158 158 156 154 152 150 148 146 147 150 152 155 158 160 163
172 171 169 168 167 166 167 168 169 169 170 171 172 169 167 164 162 159 157 153 147 141 135 129 123 116 112 111 111 110 110 109 109 108 106 105 103 102 100 99 98 97 97 97 97 96 96 96 97 98 99 100 100 101 103 105 108 111 113 116 118 120 119 119 119 118 118 118 118 119 120 121 122 123 124 127 132 136 141 145 150 154 155 153 151 150 148 147 145 147 149 152 154 157 159 162
178 177 175 174 172 171 171 171 172 172 172 173 173 170 168 166 164 162 159 156 150 144 138 132 125 119 115 114 114 113 112 112 111 110 109 109 108 107 106 105 104 104 103 102 101 100 99 99 99 100 100 101 102 102 104 106 109 111 114 116 119 120 119 119 119 118 118 117 118 119 120 121 123 124 125 128 132 135 139 143 147 150 151 150 149 148 146 145 144 146 148 151 153 156 158 161
185 183 181 179 177 176 175 175 175 175 174 174 174 172 170 168 166 164 162 159 153 147 141 134 128 122 118 117 116 116 115 114 113 113 113 113 112 112 112 112 111 110 108 107 105 103 102 101 102 102 102 103 103 103 105 107 110 112 114 117 119 120 120 119 118 118 117 117 117 119 120 122 123 125 126 128 131 134 137 141 144 147 147 147 146 145 145 144 143 145 147 150 152 155 157 160
