pluvio/pluvio-235.asc
ncols         252
nrows         154
xllcorner     -0.5
yllcorner     -153.5
cellsize      1
NODATA_value  -9999
[rows 0 to 47 of 154, columns 0 to 95 of 252]
0 0 0 0 0 0 0 0 0 0 0 0 0 0 0 0 0 0 0 0 0 0 0 0 1 1 1 1 1 1 2 2 2 2 1 1 1 1 1 1 1 1 1 1 2 2 2 1 1 1 1 0 0 0 0 0 0 0 0 0 0 0 0 0 0 0 0 0 0 0 0 0 0 0 0 1 1 1 1 1 1 1 1 1 2 2 2 2 2 2 2 2 2 2 2 3
0 0 0 0 0 0 0 0 0 0 0 0 0 0 0 0 0 0 0 0 0 0 0 0 0 1 1 1 1 1 1 2 2 1 1 1 1 1 0 1 1 1 1 1 1 2 2 1 1 1 1 0 0 0 0 0 0 0 0 0 0 0 0 0 0 0 0 0 0 0 0 0 0 1 1 1 1 1 1 1 1 1 1 2 2 2 2 3 3 3 3 3 3 3 3 3
0 0 0 0 0 0 0 0 0 0 0 0 0 0 0 0 0 0 0 0 0 0 0 0 0 0 1 1 1 1 1 1 1 1 1 1 1 0 0 0 1 1 1 1 1 2 1 1 1 1 0 0 0 0 0 0 0 0 0 0 0 0 0 0 0 0 0 0 0 0 0 0 0 1 1 1 1 1 1 1 1 1 2 2 2 3 3 3 3 3 3 3 3 3 3 3
0 0 0 0 0 0 0 0 0 0 0 0 0 0 0 0 0 0 0 0 0 0 0 0 0 0 0 1 1 1 1 1 1 1 1 1 0 0 0 0 0 1 1 1 1 2 1 1 1 1 0 0 0 0 0 0 0 0 0 0 0 0 0 0 0 0 0 0 0 0 0 0 1 1 1 1 1 1 1 1 1 2 2 2 3 3 3 3 3 3 4 4 4 4 4 4
0 0 0 0 0 0 0 0 0 0 0 0 0 0 0 0 0 0 0 0 0 0 0 0 0 0 0 0 1 1 1 1 1 1 1 0 0 0 0 0 0 1 1 1 1 1 1 1 1 0 0 0 0 0 0 0 0 0 0 0 0 0 0 0 0 0 0 0 0 0 0 0 1 1 1 1 1 1 1 1 1 2 2 2 3 3 3 4 4 4 4 4 4 4 4 4
0 0 0 0 0 0 0 0 0 0 0 0 0 0 0 0 0 0 0 0 0 0 0 0 0 0 0 0 1 1 1 1 1 1 1 0 0 0 0 0 0 0 1 1 1 1 1 1 1 0 0 0 0 0 0 0 0 0 0 0 0 0 0 0 0 0 0 0 0 0 0 1 1 1 1 1 1 1 1 1 1 2 2 2 3 3 3 3 3 4 4 4 4 4 4 4
0 0 0 0 0 0 0 0 0 0 0 0 0 0 0 0 0 0 0 0 0 0 0 0 0 0 0 0 0 1 1 1 1 1 1 0 0 0 0 0 0 0 1 1 1 1 1 1 0 0 0 0 0 0 0 0 0 0 0 0 0 0 0 0 0 0 0 0 0 0 1 1 1 1 1 1 1 1 1 1 2 2 2 2 3 3 3 3 3 4 4 4 4 4 4 5
0 0 0 0 0 0 0 0 0 0 0 0 0 0 0 0 0 0 0 0 0 0 0 0 0 0 0 0 0 0 1 1 1 1 1 0 0 0 0 0 0 0 0 0 1 1 0 0 0 0 0 0 0 0 0 0 0 0 0 0 0 0 0 0 0 0 0 0 0 1 1 1 1 1 1 1 1 1 1 2 2 2 2 2 2 3 3 3 3 3 4 4 4 4 4 5
0 0 0 0 0 0 0 0 0 0 0 0 0 0 0 0 0 0 0 0 0 0 0 0 0 0 0 0 0 0 1 1 1 1 1 0 0 0 0 0 0 0 0 0 0 0 0 0 0 0 0 0 0 0 0 0 0 0 0 0 0 0 0 0 0 0 0 0 1 1 1 1 1 1 1 1 1 1 2 2 2 2 2 2 2 3 3 3 3 3 4 4 4 4 5 5
0 0 0 0 0 0 0 0 0 0 0 0 0 0 0 0 0 0 0 0 0 0 0 0 0 0 0 0 0 0 0 1 1 1 1 0 0 0 0 0 0 0 0 0 0 0 0 0 0 0 0 0 0 0 0 0 0 0 0 0 0 0 0 0 0 0 1 1 1 1 1 1 1 1 1 1 1 2 2 2 2 2 2 2 2 3 3 3 3 3 4 4 4 5 5 5
0 0 0 0 0 0 0 0 0 0 0 0 0 0 0 0 0 0 0 0 0 0 0 0 0 0 0 0 0 0 0 0 0 0 0 0 0 0 0 0 0 0 0 0 0 0 0 0 0 0 0 0 0 0 0 0 0 0 0 0 0 0 0 0 0 1 1 1 1 1 1 1 1 1 1 1 2 2 2 2 2 2 2 2 2 2 3 3 3 3 4 4 4 5 5 5
0 0 0 0 0 0 0 0 0 0 0 0 0 0 0 0 0 0 0 0 0 0 0 0 0 0 0 0 0 0 0 0 0 0 0 0 0 0 1 0 0 0 0 0 0 0 0 0 0 0 0 0 0 0 0 0 0 0 0 0 0 0 0 0 1 1 1 1 1 1 1 1 1 1 1 1 1 2 2 2 2 2 2 2 2 2 2 2 3 3 4 4 4 5 5 5
0 0 0 0 0 0 0 0 0 0 0 0 0 0 0 0 0 0 0 0 0 0 0 0 0 0 0 0 0 0 0 0 0 0 0 0 0 0 0 0 0 0 0 0 0 0 0 0 0 0 0 0 0 0 0 0 0 0 0 0 0 0 1 1 1 1 1 1 1 1 1 1 1 1 1 1 1 1 1 1 1 1 2 2 2 2 2 2 2 3 3 4 4 5 5 5
0 0 0 0 0 0 0 0 0 0 0 0 0 0 0 0 0 0 0 0 0 0 0 0 0 0 0 0 0 0 0 0 0 0 0 0 0 0 0 0 0 0 0 0 0 0 0 0 0 0 0 0 0 0 0 0 0 1 1 1 1 1 1 1 1 1 2 2 2 2 1 1 1 1 1 1 1 1 1 1 1 1 1 1 1 1 1 1 2 3 3 4 4 5 5 5
1 0 0 0 0 0 0 0 0 0 0 0 0 0 0 0 0 0 0 0 0 0 0 0 0 0 0 0 0 0 0 0 0 0 0 0 0 0 0 0 0 0 0 0 0 0 0 0 0 0 0 0 0 0 1 1 1 1 1 1 1 1 1 2 2 2 2 2 2 2 2 2 2 1 1 1 1 1 1 1 1 1 1 1 1 1 1 1 2 2 3 4 4 5 5 5
1 1 0 0 0 0 0 0 0 0 0 0 0 0 0 0 0 0 0 0 0 0 0 0 0 0 0 0 0 0 0 0 0 0 0 0 0 0 0 0 0 0 0 1 1 1 1 1 1 1 1 1 1 1 1 1 1 1 1 2 2 2 2 2 2 2 2 2 2 2 2 2 2 2 1 1 1 1 1 0 0 0 0 0 0 0 1 1 1 2 3 3 4 5 6 5
1 1 0 0 0 0 0 0 0 0 0 0 0 0 0 0 0 0 0 0 0 0 0 0 0 0 0 0 0 0 0 0 0 0 0 0 0 0 0 0 0 1 1 1 1 1 1 1 1 1 1 1 1 1 1 1 1 2 2 2 2 2 2 2 2 2 3 2 2 2 2 2 2 2 1 1 1 1 0 0 0 0 0 0 0 0 0 0 1 2 3 3 4 5 6 5
1 1 1 0 0 0 0 0 0 0 0 0 0 0 0 0 0 0 0 0 0 0 0 0 0 0 0 0 0 0 0 0 0 0 0 0 0 0 0 0 1 1 1 1 1 1 1 1 1 1 1 1 1 1 1 2 2 2 2 2 3 3 3 3 3 3 3 3 3 2 2 2 2 2 1 1 1 0 0 0 0 0 0 0 0 0 0 0 1 1 2 3 4 5 6 5
2 1 1 0 0 0 0 0 0 0 0 0 0 0 0 0 0 0 0 0 0 0 0 0 0 0 0 0 0 0 0 0 0 0 0 0 0 0 1 1 1 1 1 1 1 1 1 1 1 1 1 1 1 2 2 2 2 3 3 3 3 3 3 3 3 3 3 3 3 3 2 2 2 2 1 1 1 0 0 0 0 0 0 0 0 0 0 0 0 1 2 3 4 5 5 5
2 2 1 0 0 0 0 0 0 0 0 0 0 0 0 0 0 0 0 0 0 0 0 0 0 0 0 0 0 0 0 0 0 1 1 1 1 1 1 1 1 1 1 1 1 1 1 1 1 1 2 2 2 2 2 3 3 3 3 4 4 4 4 4 4 4 4 4 3 3 2 2 2 1 1 1 1 1 0 0 0 0 0 0 0 0 0 0 0 1 2 2 3 4 4 4
2 2 1 1 0 0 0 0 0 0 0 0 0 0 0 0 0 0 0 0 0 0 0 0 0 0 0 0 0 0 0 1 1 1 1 1 1 1 1 1 1 1 1 1 1 1 2 2 2 2 2 2 2 2 3 3 3 4 4 4 5 5 5 5 5 5 5 4 4 3 3 2 2 1 1 1 1 1 1 0 0 0 0 0 0 0 0 0 0 1 1 2 2 3 3 3
3 2 2 1 0 0 0 0 0 0 0 0 0 0 0 0 0 0 0 0 0 0 0 0 0 0 0 0 0 0 1 1 1 1 1 1 1 1 1 1 1 1 1 2 2 2 2 2 2 2 2 2 2 3 3 3 4 4 5 5 5 5 5 5 5 5 5 5 4 3 3 2 1 1 1 1 1 1 1 1 1 0 0 0 0 0 0 0 0 0 1 1 2 2 3 3
3 3 2 1 1 0 0 0 0 0 0 0 0 0 0 0 0 0 0 0 0 0 0 0 0 0 0 0 0 1 1 1 1 1 1 1 1 1 2 2 2 2 2 2 2 2 2 2 2 2 2 2 3 3 3 4 4 5 5 6 6 6 6 6 6 6 6 5 4 4 3 2 1 1 1 1 1 1 1 1 1 1 1 0 0 0 0 0 0 0 0 1 1 1 2 2
4 3 2 1 1 1 0 0 0 0 0 0 0 0 0 0 0 0 0 0 0 0 0 0 0 0 0 0 0 1 1 1 1 1 1 2 2 2 2 2 2 2 2 2 2 2 2 2 2 2 3 3 3 3 4 4 5 6 6 7 7 7 7 6 6 6 6 6 5 4 3 2 1 0 0 1 1 1 1 1 1 1 1 0 0 0 0 0 0 0 0 0 0 1 1 1
4 3 2 1 1 1 1 0 0 0 0 0 0 0 0 0 0 0 0 0 0 0 0 0 0 0 0 0 1 1 1 1 1 2 2 2 2 2 2 2 2 2 2 2 2 2 2 2 3 3 3 3 3 4 4 5 6 6 7 7 7 7 7 7 7 7 7 6 5 4 3 2 1 0 0 0 1 1 1 1 2 1 1 1 0 0 0 0 0 0 0 0 0 0 0 1
4 3 2 1 1 1 1 0 0 0 0 0 0 0 0 0 0 0 0 0 0 0 0 0 0 0 0 1 1 1 1 2 2 2 2 2 3 3 3 3 3 3 3 3 3 3 3 4 4 4 4 4 5 5 6 6 7 8 8 9 9 9 8 8 8 7 7 6 5 4 3 2 1 0 0 0 1 1 1 1 1 1 1 1 0 0 0 0 0 0 0 0 0 0 0 0
3 3 2 1 1 1 1 0 0 0 0 0 0 0 0 0 0 0 0 0 0 0 0 0 0 0 0 1 1 2 2 2 3 3 3 3 4 4 4 4 4 4 5 5 5 5 5 6 6 6 6 6 6 7 8 8 9 10 10 11 11 10 9 9 8 8 7 6 5 4 3 2 1 0 0 0 1 1 1 1 1 1 1 0 0 0 0 0 0 0 0 0 0 0 0 0
3 2 2 1 1 1 1 0 0 0 0 0 0 0 0 0 0 0 0 0 0 0 0 0 0 0 1 1 2 2 2 3 3 4 4 4 4 5 5 5 6 6 6 6 7 7 7 7 8 8 8 8 8 9 10 10 11 12 12 13 12 12 11 10 9 8 7 6 5 4 3 2 1 0 0 0 0 1 1 1 1 1 0 0 0 0 0 0 0 0 0 0 0 0 0 0
3 2 2 1 1 1 0 0 0 0 0 0 0 0 0 0 0 0 0 0 0 0 0 0 0 0 1 1 2 2 3 3 4 4 5 5 5 6 6 7 7 7 8 8 8 9 9 9 9 10 10 10 10 11 12 12 13 14 14 15 14 13 12 11 10 8 7 6 5 4 3 2 1 0 0 0 0 0 0 0 1 0 0 0 0 0 0 0 0 0 0 0 0 0 0 0
2 2 1 1 1 1 0 0 0 0 0 0 0 0 0 0 0 0 0 0 0 0 0 0 0 1 1 2 2 3 3 4 4 5 5 6 6 7 7 8 8 9 9 10 10 11 11 11 11 11 12 12 12 13 14 14 15 16 17 17 16 15 13 12 10 9 7 6 5 4 3 2 1 0 0 0 0 0 0 0 0 0 0 0 0 0 0 0 0 0 0 0 0 0 0 0
2 1 1 1 1 0 0 0 0 0 0 0 0 0 0 0 0 1 1 1 1 1 1 0 0 1 1 2 3 3 4 5 5 6 6 7 7 8 8 9 10 10 11 11 12 12 13 13 13 13 14 14 14 15 16 16 17 18 19 19 18 16 14 13 11 9 7 6 5 4 3 2 1 0 0 0 0 0 0 0 0 0 0 0 0 0 0 0 0 0 0 0 0 0 0 0
1 1 1 1 0 0 0 0 0 0 0 0 0 0 0 1 1 1 1 1 1 1 1 1 1 1 2 2 3 4 4 5 6 6 7 8 8 9 9 10 11 11 12 13 14 14 15 15 15 15 15 16 16 17 17 18 19 20 21 21 20 18 16 14 12 10 7 6 5 4 3 2 1 0 0 0 0 0 0 0 0 0 0 0 0 0 0 0 0 0 0 0 0 0 0 0
1 1 1 1 0 0 0 0 0 0 0 0 0 0 0 1 1 1 1 1 1 1 1 1 1 1 2 3 4 5 5 6 7 7 8 8 9 9 10 11 11 12 13 14 14 15 16 16 17 17 17 18 18 19 20 21 21 22 23 24 22 20 19 17 15 13 11 10 9 8 7 7 6 5 4 4 4 4 3 3 3 3 3 3 3 3 3 2 2 2 2 2 2 2 2 2
1 1 1 1 0 0 0 0 0 0 0 0 0 0 1 1 1 1 1 1 1 1 1 1 1 2 3 4 5 5 6 7 8 8 9 9 9 10 10 11 12 12 13 14 15 16 17 17 18 19 19 20 21 22 22 23 24 24 25 26 25 23 22 21 20 18 17 16 15 14 13 12 12 11 10 10 10 9 9 8 8 8 8 7 7 7 7 7 6 6 6 5 5 5 5 5
1 1 1 1 0 0 0 0 0 0 0 0 0 0 1 1 1 1 1 1 1 1 1 1 1 2 3 4 5 6 8 9 9 9 9 10 10 10 10 11 12 13 14 15 16 17 18 19 20 20 21 22 23 24 25 25 26 27 27 28 27 27 26 25 24 23 22 22 21 20 19 18 18 17 16 16 15 15 14 14 13 13 12 12 12 11 11 11 10 10 9 9 8 8 7 8
1 1 1 1 0 0 0 0 0 0 0 0 0 0 1 1 1 1 1 1 1 1 2 2 2 2 4 5 6 7 9 10 10 10 10 10 10 10 10 11 12 13 14 15 16 17 18 20 21 22 23 25 26 27 27 28 29 29 30 30 30 30 29 29 29 28 28 27 27 26 25 24 24 23 22 22 21 20 19 19 18 18 17 17 16 16 15 15 14 14 13 12 12 11 10 11
1 1 1 1 1 0 0 0 0 0 0 0 0 0 1 1 1 1 2 2 2 2 2 2 2 3 4 6 7 8 10 11 11 11 11 11 11 11 11 11 12 14 15 16 17 18 19 21 22 24 26 27 29 29 30 30 31 31 32 33 33 33 33 33 33 33 33 33 32 32 31 30 30 29 28 27 26 26 25 24 23 22 22 21 21 20 20 19 18 17 17 16 15 14 13 14
1 1 1 1 1 0 0 0 0 0 0 0 0 1 1 1 1 2 2 2 2 2 2 2 2 3 5 6 8 9 11 12 13 12 12 12 11 11 11 12 13 14 15 16 17 19 20 22 24 26 28 29 31 32 32 33 33 34 34 35 35 36 37 37 38 38 39 39 38 37 37 36 36 35 34 33 32 31 30 29 28 27 27 26 25 25 24 23 22 21 20 19 18 17 16 17
1 1 1 1 1 0 0 0 0 0 0 0 0 1 1 1 1 2 2 2 2 2 2 2 2 3 5 7 9 10 12 14 14 13 13 12 12 11 11 12 13 14 16 17 18 19 21 23 25 27 30 32 34 34 35 35 36 36 37 37 38 39 40 41 42 43 45 44 44 43 43 42 42 41 40 39 38 37 35 34 33 32 31 31 30 29 28 27 26 25 24 23 21 20 19 20
1 1 1 1 1 1 1 1 1 1 1 1 1 1 2 2 2 3 3 3 2 2 2 2 2 3 5 7 8 10 12 13 14 13 13 13 12 12 12 13 14 15 16 18 19 20 22 24 26 28 30 33 35 36 36 37 38 38 39 40 41 42 43 45 46 47 49 48 48 47 47 46 46 45 44 43 41 40 39 37 36 35 34 34 33 32 31 30 29 28 27 26 25 24 23 24
2 2 2 2 2 2 2 2 2 2 1 2 2 2 3 3 3 4 3 3 3 3 3 2 2 3 5 6 8 9 11 13 13 13 13 13 13 13 13 13 15 16 17 19 20 21 23 25 27 29 31 33 35 36 37 38 39 40 41 42 44 45 47 48 49 51 52 52 51 51 50 50 49 49 47 46 44 43 42 40 39 38 37 36 35 34 33 32 32 31 30 29 29 28 27 28
2 2 2 2 2 2 2 2 2 2 2 3 3 3 4 4 4 5 4 4 4 3 3 2 2 3 4 6 7 9 10 12 12 13 13 13 13 13 13 14 16 17 18 20 21 22 24 26 28 30 32 33 35 37 38 40 41 42 44 45 47 48 50 51 53 54 56 56 55 54 54 53 53 52 51 49 48 46 44 43 41 40 39 38 37 37 36 35 34 34 33 33 32 32 32 32
2 2 3 3 3 3 3 3 3 3 3 4 4 4 5 5 5 6 5 5 4 4 3 2 2 3 4 5 7 8 10 11 12 12 13 13 13 14 14 15 17 18 19 21 22 23 25 27 28 30 32 34 36 37 39 41 43 44 46 48 49 51 53 55 56 58 60 59 59 58 57 57 56 55 54 52 51 49 47 46 44 43 42 41 40 39 38 37 37 37 36 36 36 36 36 36
2 3 3 4 4 4 4 4 4 4 4 5 5 5 6 6 6 7 6 5 5 4 3 2 2 2 4 5 6 8 9 10 11 12 12 13 14 15 15 16 18 19 20 22 23 24 26 27 29 31 33 34 36 38 40 42 44 46 48 50 52 54 56 58 60 61 63 63 62 61 61 60 59 59 57 55 54 52 50 48 47 45 44 43 42 41 40 39 39 39 39 40 40 40 40 40
3 3 4 4 5 5 5 5 5 5 5 5 6 6 7 7 7 8 7 6 5 4 3 2 1 2 3 4 6 7 8 9 10 11 12 13 14 15 16 17 19 20 21 22 24 25 27 28 30 32 33 35 37 39 41 44 46 48 51 53 55 57 59 61 63 65 67 66 66 65 64 64 63 62 60 58 57 55 53 51 49 48 47 46 45 43 42 41 42 42 43 43 43 44 44 44
3 4 4 5 5 5 6 6 6 6 6 6 7 7 7 8 8 9 8 7 6 5 4 2 1 2 3 4 5 6 7 9 10 11 12 13 15 16 17 18 20 21 22 23 25 26 27 29 31 32 34 35 37 39 42 45 48 50 53 56 58 60 62 64 66 69 71 70 69 69 68 67 66 66 64 62 60 58 56 54 52 51 49 48 47 46 45 44 44 45 46 46 47 48 48 48
6 7 7 8 8 8 9 9 9 9 9 9 9 9 10 10 10 10 9 8 7 6 5 3 2 3 4 5 6 7 8 10 11 12 13 14 16 17 18 19 20 22 23 24 26 27 28 30 32 33 35 36 38 41 43 46 49 52 55 57 59 62 64 66 68 70 72 72 71 70 70 69 69 68 66 65 63 61 59 57 55 54 53 52 50 49 48 47 47 48 49 49 50 51 52 51
10 10 11 12 12 12 12 12 12 12 12 12 12 12 12 12 12 12 11 10 8 7 6 5 3 4 5 6 7 9 10 11 12 13 14 15 16 18 19 20 21 22 24 25 26 28 29 31 32 34 36 37 39 42 44 47 50 53 56 58 61 63 65 67 69 71 73 73 72 72 72 71 71 71 69 68 66 64 62 61 59 58 56 55 54 52 51 50 50 51 52 53 53 54 54 54
