pluvio/pluvio-320.asc
ncols         252
nrows         154
xllcorner     -0.5
yllcorner     -153.5
cellsize      1
NODATA_value  -9999
[rows 86 to 128 of 154, columns 0 to 95 of 252]
91 99 106 113 117 118 119 120 121 122 122 123 122 122 122 122 121 121 121 122 122 123 124 124 125 123 119 116 113 109 106 103 101 100 99 97 96 95 94 94 95 95 96 96 97 97 96 93 91 89 87 85 83 84 87 89 92 94 97 99 102 105 108 111 114 117 120 120 119 119 118 117 117 116 116 117 117 117 118 118 118 120 121 122 123 124 125 126 128 129 130 132 133 134 136 144
92 100 108 117 120 120 120 120 120 120 120 120 120 120 119 119 118 118 119 120 121 122 123 124 125 123 120 117 114 110 107 104 102 101 100 99 98 97 95 96 96 97 97 98 99 99 98 95 93 91 89 87 85 86 88 90 92 94 96 98 101 104 108 111 114 117 121 121 120 120 119 119 118 118 118 119 119 120 120 120 121 122 122 123 124 125 126 127 128 130 131 133 134 136 138 145
91 99 107 116 120 120 120 120 121 121 121 122 122 123 123 124 124 125 125 125 126 126 127 127 128 126 122 119 116 113 110 107 105 103 102 101 99 98 97 97 97 98 98 98 99 99 98 96 94 92 91 89 87 89 91 93 95 97 100 102 105 108 111 114 117 119 122 122 122 122 121 121 121 120 121 121 122 122 123 123 124 125 125 126 126 127 127 128 130 131 133 135 137 138 141 148
90 98 106 115 119 119 120 121 121 122 122 123 124 126 127 128 130 131 131 131 131 131 131 131 130 128 125 122 119 116 112 109 107 106 104 103 101 100 98 98 98 98 99 99 99 99 98 97 95 94 92 91 89 91 94 96 99 101 104 106 109 111 114 116 119 122 124 124 124 124 123 123 123 123 123 124 125 125 126 126 127 127 128 128 128 128 129 129 131 133 135 137 139 141 143 150
88 97 105 114 118 119 120 121 121 122 123 125 127 129 131 133 135 137 138 137 136 136 135 134 133 131 128 124 121 118 115 112 110 108 106 105 103 101 99 99 99 99 99 99 99 99 98 97 96 95 94 93 92 94 96 99 102 105 107 110 112 115 117 119 121 124 126 126 126 126 126 125 125 125 126 127 127 128 129 130 130 130 130 130 130 130 130 130 133 135 137 139 141 144 146 152
87 96 104 113 117 118 120 121 122 123 124 126 129 132 135 138 141 144 144 143 142 140 139 137 136 133 130 127 124 121 117 114 112 110 108 106 105 103 101 100 100 100 100 100 100 99 99 98 97 96 96 95 94 96 99 102 105 108 111 114 116 118 120 122 124 126 128 128 128 128 128 128 128 128 128 129 130 131 132 133 133 133 133 133 132 132 132 132 134 136 139 141 144 146 149 155
86 94 103 112 117 118 119 121 122 123 125 127 131 135 139 143 147 150 151 149 147 145 143 141 139 136 133 130 126 123 120 117 114 112 110 108 106 104 102 101 101 101 100 100 100 99 99 99 98 98 97 97 96 99 102 105 109 112 115 118 120 122 123 125 126 128 129 130 130 130 130 130 130 130 131 132 133 134 135 136 137 136 135 135 134 134 133 133 135 138 141 143 146 149 152 157
84 93 102 111 116 118 119 121 122 124 125 129 133 138 143 147 152 157 157 155 152 149 147 144 142 139 135 132 129 126 122 119 117 114 112 110 108 106 104 103 102 102 101 101 100 100 99 99 99 99 99 99 98 101 105 108 112 116 119 123 124 125 126 128 129 130 131 131 132 132 132 132 132 132 133 134 135 137 138 139 140 139 138 137 136 135 135 134 137 140 143 146 148 151 155 160
84 92 101 110 115 117 119 121 123 124 126 130 135 141 146 152 157 163 163 160 157 153 150 147 144 141 138 134 131 128 125 121 119 116 114 112 110 107 105 104 103 102 102 101 100 100 100 100 100 100 100 101 101 104 108 112 115 119 123 127 128 129 130 130 131 132 133 133 133 134 134 134 134 135 136 137 138 139 140 142 143 142 141 140 138 137 136 135 139 142 145 148 151 154 157 162
87 95 104 112 117 119 120 122 124 125 127 131 136 141 146 152 157 162 162 159 156 153 151 148 145 141 138 135 131 128 124 121 119 117 115 112 110 108 106 105 104 104 103 102 101 100 101 101 102 102 103 103 104 107 111 115 119 123 127 130 131 132 132 133 133 134 134 134 135 135 135 135 136 136 137 139 140 142 143 144 146 145 144 143 142 141 140 139 142 145 148 150 153 156 159 163
90 98 106 114 118 120 122 123 125 126 128 132 137 142 146 151 156 161 162 159 156 153 151 148 145 142 138 135 131 128 124 121 118 117 115 113 111 110 108 107 106 105 104 103 102 101 102 103 103 104 105 106 106 110 114 118 122 126 130 134 135 135 135 135 135 135 135 135 136 136 136 137 137 137 139 141 142 144 145 147 148 148 147 146 145 145 144 143 146 148 151 153 155 158 161 164
94 101 108 115 120 121 123 124 126 127 129 132 137 142 147 151 156 161 161 158 156 153 151 148 146 142 139 135 131 128 124 120 118 117 115 114 112 111 109 108 107 106 105 104 103 102 103 104 105 106 107 108 109 113 117 121 126 130 134 138 138 138 138 137 137 137 136 137 137 137 138 138 138 139 141 142 144 146 148 150 151 151 150 149 149 148 147 147 149 151 153 156 158 160 162 165
97 104 111 117 121 122 124 126 127 129 130 133 138 142 147 151 156 160 160 158 156 153 151 148 146 143 139 135 131 128 124 120 118 117 116 114 113 112 111 110 109 107 106 105 104 103 104 105 106 108 109 111 112 116 120 125 129 133 138 142 142 141 140 140 139 138 137 138 138 139 139 139 140 140 142 144 146 148 150 152 154 154 153 153 152 152 151 151 153 155 156 158 160 162 164 166
101 107 113 119 122 124 125 127 128 130 131 134 138 142 147 151 155 159 160 158 155 153 151 149 146 143 139 135 131 127 124 120 118 117 116 115 114 113 112 111 110 109 107 106 105 104 105 106 108 110 111 113 115 119 123 128 132 137 141 146 145 144 143 142 141 140 138 139 139 140 140 141 141 142 144 146 148 150 153 155 157 157 156 156 156 155 155 155 156 158 159 161 162 164 166 168
104 110 115 120 124 125 126 128 129 131 132 135 139 143 147 151 155 159 159 157 155 153 151 149 147 144 140 135 131 127 123 119 118 117 116 116 115 114 114 113 111 110 108 107 106 104 106 108 110 112 114 116 118 122 126 131 136 140 145 150 149 147 146 144 143 141 140 140 140 141 141 142 142 143 145 148 150 153 155 157 160 160 159 159 159 159 159 159 160 161 162 163 165 166 167 169
108 113 118 123 126 127 128 129 131 132 133 136 140 143 147 151 155 159 159 157 156 154 152 150 148 145 141 136 132 128 124 119 118 117 117 117 116 116 115 114 113 111 110 108 107 106 107 109 112 114 116 118 120 124 129 134 139 143 148 153 152 150 148 146 144 142 141 141 141 142 143 143 144 144 147 149 152 155 157 160 162 162 162 162 162 162 162 162 163 164 165 166 167 168 169 171
111 116 121 127 130 131 132 133 134 135 136 138 142 146 150 154 158 162 163 161 160 159 158 156 155 152 147 142 137 132 127 122 120 120 119 119 118 117 117 116 115 114 113 112 111 110 111 113 114 116 118 120 121 126 130 135 139 144 148 153 152 150 148 146 144 142 140 141 141 142 143 143 144 145 147 150 153 156 158 161 164 164 164 164 164 164 164 164 166 167 168 170 171 173 174 176
113 119 125 131 134 135 136 136 137 137 138 141 145 149 153 157 161 165 166 165 165 164 163 163 162 158 153 147 141 136 130 124 122 122 121 121 120 119 119 118 117 117 116 115 114 114 114 116 117 119 120 121 123 127 131 135 140 144 149 153 152 150 148 146 144 142 140 141 142 142 143 144 144 145 148 151 154 157 159 162 165 165 165 165 166 166 166 166 168 170 172 174 175 177 179 182
116 123 129 135 139 139 139 140 140 140 141 143 147 151 155 160 164 168 169 169 169 169 169 169 169 165 158 152 146 140 133 127 125 124 123 123 122 121 120 120 120 119 119 118 118 117 118 119 120 121 122 123 124 128 132 136 140 145 149 153 152 150 148 146 144 142 140 141 142 142 143 144 145 145 148 151 154 157 160 163 166 167 167 167 167 168 168 168 170 173 175 177 179 182 184 187
119 126 133 140 143 143 143 143 143 143 143 145 150 154 158 162 167 171 173 173 174 174 175 175 176 171 164 157 150 143 136 130 127 126 125 125 124 123 122 122 122 122 122 122 121 121 122 122 123 123 124 125 125 129 133 137 141 145 149 153 152 150 148 146 144 142 140 141 142 142 143 144 145 146 149 152 155 158 162 165 168 168 168 169 169 169 170 170 173 175 178 181 183 186 189 193
122 129 137 144 147 147 147 146 146 146 146 148 152 157 161 165 170 174 176 177 178 179 180 181 183 178 170 163 155 147 140 132 129 128 127 127 126 125 124 124 124 124 125 125 125 125 125 126 126 126 126 126 126 130 134 137 141 145 149 153 152 150 148 146 144 142 140 141 142 143 144 144 145 146 149 153 156 159 163 166 169 169 170 170 171 171 171 172 175 178 181 184 188 191 194 199
125 133 140 148 152 151 150 150 149 149 148 150 155 159 164 168 172 177 180 181 183 184 186 188 189 184 176 168 160 151 143 135 131 131 130 129 128 127 126 126 126 127 128 128 129 129 129 129 129 128 128 128 128 131 134 138 142 146 149 153 152 150 148 146 144 142 140 141 142 143 144 145 146 147 150 153 157 160 164 167 170 171 171 172 172 173 173 174 178 181 185 188 192 195 199 204
128 136 144 151 155 154 153 153 152 151 150 153 157 162 166 170 175 179 182 184 187 189 191 193 195 190 181 173 164 155 146 138 134 133 132 131 130 129 128 128 129 130 130 131 132 133 132 132 131 131 130 130 129 132 136 139 143 146 149 153 152 150 148 146 144 142 140 141 142 143 144 145 146 147 150 154 157 161 164 168 171 172 173 173 174 175 176 177 181 184 188 192 196 200 204 210
132 138 144 151 154 153 153 153 153 152 152 155 159 163 167 171 175 180 183 185 188 190 193 195 197 193 184 176 168 159 151 143 139 138 137 136 134 133 132 132 132 132 133 133 133 133 133 133 133 133 133 133 133 135 138 141 143 146 149 151 150 149 147 145 144 142 140 141 142 143 144 145 146 147 150 153 157 160 163 167 170 172 173 175 177 178 180 182 186 190 195 199 204 208 213 216
135 140 145 150 152 153 153 153 154 154 154 156 160 164 168 172 176 180 183 186 189 191 194 197 200 195 187 179 172 164 156 148 145 143 142 140 139 137 136 136 135 135 135 135 135 134 135 135 135 136 136 136 137 138 140 142 144 146 148 150 149 148 146 145 143 142 141 141 142 143 144 145 146 147 150 153 156 159 163 166 169 171 174 176 179 181 184 187 192 196 201 206 211 216 221 223
139 142 146 149 151 152 153 154 154 155 156 158 162 166 169 173 177 180 184 187 190 193 196 199 202 198 190 183 175 168 160 153 150 148 146 145 143 142 140 139 139 138 137 137 136 135 136 137 137 138 139 140 140 142 143 144 145 146 147 149 148 147 145 144 143 142 141 142 142 143 144 145 146 147 150 153 156 159 162 165 168 171 175 178 181 185 188 192 197 202 208 213 219 224 229 229
143 145 147 148 150 151 153 154 155 157 158 160 164 167 171 174 177 181 184 187 191 194 197 201 204 200 193 186 179 172 165 158 155 153 151 149 148 146 144 143 142 141 140 139 137 136 137 138 139 141 142 143 144 145 145 146 146 146 147 147 146 146 145 144 143 142 141 142 143 143 144 145 146 146 149 152 155 158 161 164 167 171 175 179 184 188 192 197 203 208 214 220 226 232 237 236
146 147 147 148 149 151 152 154 156 158 160 162 165 169 172 175 178 181 184 188 192 195 199 203 206 203 196 190 183 176 170 163 160 158 156 154 152 150 148 147 145 144 142 140 139 137 138 140 141 143 145 146 148 148 148 147 147 146 146 146 145 145 144 143 143 142 142 142 143 144 144 145 146 146 149 152 154 157 160 163 165 171 176 181 186 191 196 202 208 214 221 227 233 240 245 242
150 149 148 147 148 150 152 155 157 159 162 164 167 170 173 176 178 181 185 189 193 197 201 204 208 206 199 193 187 181 174 168 165 163 161 159 157 154 152 150 148 146 144 142 140 138 139 141 143 146 148 150 152 151 150 149 148 147 145 144 144 144 143 143 143 142 142 142 143 144 144 145 145 146 149 151 154 156 159 162 164 170 176 182 188 195 201 207 214 220 227 234 241 248 253 249
154 151 149 147 147 150 153 156 158 161 164 166 169 172 175 177 180 183 186 190 195 199 203 207 211 209 203 197 191 185 179 173 170 168 166 164 161 159 157 155 152 150 147 145 142 140 141 144 146 148 150 153 155 154 152 151 149 148 146 144 144 144 144 143 143 143 143 143 144 144 145 145 146 146 149 151 154 156 159 162 164 171 178 185 192 198 205 212 219 226 232 239 246 252 258 252
157 155 152 149 150 152 155 158 161 163 166 169 172 175 178 181 184 187 191 195 199 203 207 212 216 213 208 202 196 190 184 178 175 173 171 169 167 165 163 161 158 155 152 149 147 144 145 147 149 151 153 155 157 156 155 154 152 151 150 149 148 148 147 147 147 146 146 146 146 147 147 147 147 148 150 153 156 159 161 164 167 174 182 190 197 205 212 219 224 229 234 238 243 248 251 246
161 158 155 152 152 155 158 160 163 166 169 172 175 178 182 185 188 191 195 199 204 208 212 216 221 218 212 207 201 195 189 183 180 179 177 175 173 171 169 166 163 160 157 154 151 148 149 150 152 154 156 157 159 159 158 157 156 155 154 153 152 152 151 151 150 150 149 149 149 149 149 149 149 149 152 155 158 161 164 167 170 178 186 194 202 211 219 227 229 232 235 237 240 243 244 240
164 161 158 154 154 157 160 163 166 169 171 175 178 182 185 188 192 195 199 204 208 212 217 221 225 223 217 211 206 200 194 188 186 184 182 180 179 177 175 172 169 166 162 159 155 152 152 154 155 157 158 160 161 161 160 160 159 159 158 157 157 156 155 154 154 153 152 152 152 151 151 151 151 150 154 157 160 163 166 169 173 181 190 199 208 217 226 234 235 235 236 236 237 238 238 234
168 164 161 157 157 160 162 165 168 171 174 177 181 185 188 192 196 200 204 208 213 217 221 226 230 228 222 216 211 205 199 193 191 189 188 186 185 183 181 178 175 171 167 163 160 156 156 157 158 160 161 162 163 163 163 163 163 162 162 162 161 160 159 158 157 156 155 155 154 154 153 153 152 152 155 158 162 165 169 172 175 185 194 204 213 223 232 241 240 238 237 236 234 233 231 228
171 167 163 159 159 162 165 168 171 174 176 180 184 188 192 196 200 204 208 213 217 221 226 230 235 232 227 221 215 210 204 199 196 194 193 192 190 189 188 184 180 176 172 168 164 160 160 161 162 163 163 164 165 166 166 166 166 166 166 166 165 164 163 162 161 159 158 158 157 156 155 155 154 153 157 160 164 167 171 174 178 188 198 209 219 229 239 248 245 242 238 235 231 228 224 222
175 171 166 162 161 164 167 170 173 176 179 183 187 191 195 200 204 208 213 217 222 226 230 235 239 237 232 226 220 215 209 204 201 200 199 197 196 195 194 190 186 181 177 173 168 164 163 164 165 165 166 167 167 168 168 169 169 170 170 171 170 168 167 165 164 163 161 160 159 158 158 157 156 155 158 162 166 170 173 177 181 192 203 213 224 235 246 256 250 245 239 234 228 223 218 215
180 175 171 166 165 168 171 174 177 180 183 186 191 195 199 204 208 212 217 221 226 230 235 239 244 242 236 230 224 218 212 207 204 203 202 201 200 199 198 194 190 185 181 177 173 168 168 168 168 169 169 169 170 170 171 171 172 172 173 173 172 170 169 167 166 164 163 162 161 160 159 158 157 156 159 163 167 170 174 178 182 193 204 216 227 238 249 259 253 246 239 232 226 219 213 211
189 184 178 173 172 175 178 181 184 186 189 193 196 200 204 208 212 216 220 224 229 234 238 243 248 245 238 231 225 218 211 205 202 201 200 199 198 197 196 193 190 187 184 180 177 174 173 173 173 173 173 173 173 173 173 172 172 172 172 172 170 169 167 166 164 163 161 160 160 159 158 158 157 156 159 162 165 168 172 175 178 189 200 211 222 233 245 255 248 242 236 230 223 217 212 210
197 192 186 181 180 182 185 188 190 193 196 199 202 206 209 212 216 219 223 228 232 237 242 247 251 248 240 233 225 218 210 203 200 199 198 197 196 196 195 193 190 188 186 184 181 179 178 178 178 177 177 177 176 175 175 174 173 172 171 170 169 167 165 164 162 161 159 159 159 158 158 157 157 157 159 162 164 166 169 171 174 185 196 207 218 229 240 250 244 238 233 227 221 216 210 209
206 200 194 188 187 190 192 195 197 200 202 205 208 211 214 216 219 222 226 231 236 241 245 250 255 251 243 234 226 218 209 201 198 197 196 195 195 194 193 192 191 189 188 187 186 184 184 183 182 181 181 180 179 178 176 175 173 172 170 168 167 165 164 162 161 159 158 157 157 157 157 157 157 157 159 161 163 164 166 168 170 181 192 203 214 224 235 245 240 235 229 224 219 214 209 208
215 208 202 196 194 197 199 202 204 206 209 211 214 216 218 221 223 225 229 234 239 244 249 254 259 254 245 236 227 217 208 199 196 195 194 194 193 192 192 191 191 191 191 190 190 190 189 188 187 186 185 184 183 181 178 176 174 171 169 167 165 164 162 160 159 157 156 156 156 156 157 157 157 158 159 160 161 162 164 165 166 177 188 198 209 220 231 240 236 231 226 222 217 212 208 206
223 217 210 204 202 204 206 209 211 213 215 218 219 221 223 225 227 229 233 238 243 248 253 257 262 258 247 237 227 217 207 197 194 193 192 192 191 191 190 191 191 192 193 194 194 195 194 193 191 190 189 187 186 183 180 177 174 171 168 165 163 162 160 159 157 155 154 154 155 156 156 157 158 158 159 159 160 160 161 162 162 173 184 194 205 215 226 236 231 227 223 219 215 211 207 205
232 225 218 211 209 211 213 215 218 220 222 224 225 227 228 229 231 232 236 241 246 251 256 261 266 261 250 239 228 217 206 195 191 191 191 190 190 189 189 190 192 193 195 197 199 200 199 198 196 194 193 191 189 186 182 178 175 171 167 164 162 160 158 157 155 154 152 153 154 155 156 157 158 159 159 159 159 158 158 158 158 169 179 190 200 211 221 231 227 223 220 216 213 209 206 204
