pluvio/pluvio-259.asc
ncols         252
nrows         154
xllcorner     -0.5
yllcorner     -153.5
cellsize      1
NODATA_value  -9999
[rows 0 to 52 of 154, columns 0 to 95 of 252]
0 0 0 0 0 0 0 0 0 0 0 0 0 0 0 0 0 0 0 0 0 0 0 0 0 0 0 0 1 1 1 1 1 1 1 1 1 0 0 0 1 1 1 1 1 2 1 1 1 1 0 0 0 0 0 0 0 0 0 0 1 2 3 4 5 6 7 9 10 11 12 13 15 16 16 16 16 16 16 16 16 15 13 12 11 10 9 8 8 8 8 8 8 9 9 9
0 0 0 0 0 0 0 0 0 0 0 0 0 0 0 0 0 0 0 0 0 0 0 0 0 0 0 0 1 1 1 1 1 1 1 1 0 0 0 0 1 1 1 2 2 2 2 2 1 1 0 0 0 0 0 0 0 0 0 0 0 1 2 3 3 4 5 7 8 10 11 13 14 16 16 16 16 16 16 16 16 15 14 14 13 12 11 11 11 11 11 11 11 11 11 11
0 0 0 0 0 0 0 0 0 0 0 0 0 0 0 0 0 0 0 0 0 0 0 0 0 0 0 0 0 1 1 1 1 1 1 1 0 0 0 0 1 1 2 2 2 3 3 2 2 1 1 0 0 0 0 0 0 0 0 0 0 0 1 1 2 2 3 5 7 9 10 12 14 16 16 16 16 16 16 16 16 16 15 15 14 14 13 13 13 13 13 13 13 13 14 13
0 0 0 0 0 0 0 0 0 0 0 0 0 0 0 0 0 0 0 0 0 0 0 0 0 0 0 0 0 1 1 1 1 1 1 0 0 0 0 0 1 1 2 2 3 3 3 3 2 1 1 0 0 0 0 0 0 0 0 0 0 0 0 0 0 0 1 3 5 7 10 12 14 16 16 16 16 16 16 16 16 16 16 16 16 16 16 15 16 16 16 16 16 16 16 16
0 0 0 0 0 0 0 0 0 0 0 0 0 0 0 0 0 0 0 0 0 0 0 0 0 0 0 0 0 1 1 1 1 1 0 0 0 0 0 0 1 1 2 2 3 3 3 3 2 1 1 0 0 0 0 0 0 0 0 0 0 0 0 0 0 0 0 2 4 7 9 12 14 17 17 17 17 17 17 17 17 17 17 17 17 17 17 17 17 17 17 17 17 17 17 17
0 0 0 0 0 0 0 0 0 0 0 0 0 0 0 0 0 0 0 0 0 0 0 0 0 0 0 0 0 0 1 1 1 1 0 0 0 0 0 0 1 1 1 2 2 3 3 2 2 1 1 0 0 0 0 0 0 0 0 0 0 0 0 0 0 0 0 2 5 7 10 13 15 18 18 18 17 17 17 17 17 17 17 17 17 17 17 17 17 17 17 17 17 17 17 17
0 0 0 0 0 0 0 0 0 0 0 0 0 0 0 0 0 0 0 0 0 0 0 0 0 0 0 0 0 0 0 1 1 0 0 0 0 0 0 0 1 1 1 2 2 2 2 2 1 1 0 0 0 0 0 0 0 0 0 0 0 0 0 0 0 0 0 2 5 8 10 13 16 19 19 18 18 18 17 17 17 17 17 17 17 17 17 17 17 17 17 17 18 18 18 18
0 0 0 0 0 0 0 0 0 0 0 0 0 0 0 0 0 0 0 0 0 0 0 0 0 0 0 0 0 0 0 0 0 0 0 0 0 0 0 0 1 1 1 1 1 2 1 1 1 0 0 0 0 0 0 0 0 0 0 0 0 0 0 0 0 0 0 2 5 8 11 14 17 20 19 19 19 18 18 18 17 17 17 17 17 17 17 17 17 18 18 18 18 18 18 18
0 0 0 0 0 0 0 0 0 0 0 0 0 0 0 0 0 0 0 0 0 0 0 0 0 0 0 0 0 0 0 0 0 0 0 0 0 0 0 0 1 1 1 1 1 1 1 1 0 0 0 0 0 0 0 0 0 0 0 0 0 0 0 0 0 0 0 2 5 8 12 15 18 21 20 20 19 19 18 18 17 17 17 17 18 18 18 18 18 18 18 18 18 18 18 18
1 0 0 0 0 0 0 0 0 0 1 0 0 0 0 0 0 0 0 0 0 0 0 0 0 0 0 0 0 0 0 0 0 0 0 0 0 0 1 1 1 1 0 0 0 0 0 0 0 0 0 0 0 0 0 0 0 0 0 0 0 0 0 0 0 0 0 2 6 9 12 15 18 22 21 20 20 19 19 18 18 18 18 18 18 18 18 18 18 18 18 18 18 18 18 18
1 0 0 0 0 0 0 0 1 1 1 1 1 0 0 0 0 0 0 0 0 0 0 0 0 0 0 0 0 0 0 0 0 0 0 0 0 1 1 1 1 0 0 0 0 0 0 0 0 0 0 0 0 0 0 0 0 0 0 0 0 0 0 0 0 0 0 3 6 9 13 16 19 22 22 21 21 20 19 18 18 18 18 18 18 18 18 18 18 18 18 18 18 18 18 18
1 1 1 1 1 1 1 1 1 1 1 1 1 1 1 0 0 0 0 0 0 0 0 0 0 0 0 0 0 0 0 0 0 0 0 1 1 1 1 1 1 1 1 0 0 0 0 0 0 0 0 0 0 0 0 0 0 0 1 1 1 1 0 0 0 0 0 3 6 9 13 16 19 23 22 21 21 20 19 19 18 18 18 17 17 17 17 17 17 17 18 18 18 18 19 18
1 1 1 1 1 1 1 1 2 2 2 2 2 1 1 1 1 1 0 0 0 0 0 0 0 0 0 0 0 0 0 0 0 1 1 1 2 2 3 2 2 2 1 1 1 1 0 0 0 0 0 0 0 0 1 1 2 2 3 3 3 2 2 1 1 0 0 3 6 9 12 16 19 22 22 21 20 20 19 19 18 18 17 16 16 15 15 14 15 15 16 17 18 18 19 18
2 2 2 1 2 2 2 2 2 2 2 2 2 2 2 2 1 1 1 1 1 0 0 0 0 0 0 0 0 0 0 0 1 1 2 2 3 3 4 4 3 3 2 2 2 1 1 1 0 0 0 0 0 0 1 2 3 4 5 6 5 4 3 2 1 0 0 2 6 9 12 15 18 22 21 21 20 20 19 19 18 17 16 15 14 13 12 11 12 14 15 16 17 18 19 18
2 2 2 2 2 2 2 3 3 3 3 3 3 3 2 2 2 2 1 1 1 1 0 0 0 0 0 0 0 0 0 1 1 2 2 3 4 4 5 5 4 4 3 3 2 2 1 1 1 0 0 0 0 1 2 3 4 6 7 8 7 6 5 3 2 1 0 2 6 9 12 15 18 21 21 20 20 20 19 19 19 17 16 14 13 11 10 9 10 12 13 15 16 18 19 17
3 3 2 2 2 3 3 3 3 3 4 4 3 3 3 3 2 2 2 1 1 1 0 0 0 0 0 0 0 1 1 1 1 2 3 4 5 5 6 6 5 5 4 4 3 2 2 2 1 1 0 0 0 1 3 4 6 7 9 11 9 8 6 5 3 1 0 2 5 8 11 15 18 21 20 20 20 20 19 19 19 17 15 13 11 10 8 6 8 10 12 14 16 18 19 17
3 3 3 3 3 3 3 4 4 4 4 4 4 4 3 3 3 3 2 2 1 1 1 0 0 0 0 0 1 1 1 1 2 3 4 5 5 6 7 7 6 6 5 4 4 3 2 2 2 1 1 0 0 1 3 5 7 9 11 13 12 10 8 6 4 2 0 2 5 8 11 14 17 20 20 20 20 20 19 19 19 17 14 12 10 8 5 3 6 8 10 13 15 17 19 17
4 4 3 3 3 4 4 4 4 5 5 5 5 4 4 4 3 3 3 2 2 1 1 0 0 0 0 0 1 1 1 1 2 3 4 5 6 7 8 8 7 7 6 5 4 4 3 2 2 1 1 0 0 1 4 6 9 11 13 16 14 11 9 7 4 2 0 2 5 8 11 14 17 20 20 20 20 19 19 19 19 16 14 11 8 6 3 1 3 6 9 12 14 17 19 16
4 4 4 4 4 4 4 5 5 6 6 6 6 5 5 5 5 4 4 3 3 2 2 1 0 0 1 1 2 2 2 3 4 5 6 7 8 9 10 9 9 8 7 7 6 5 5 4 3 3 2 2 1 3 6 8 11 13 16 18 16 14 12 9 7 5 2 4 7 9 12 15 17 20 20 20 20 20 19 19 19 16 14 11 8 5 2 0 2 5 8 10 13 15 18 15
4 4 4 4 4 4 5 6 6 7 7 7 7 7 7 6 6 6 5 5 4 3 2 2 1 1 2 2 3 4 4 5 6 7 8 8 9 10 11 11 10 10 9 8 8 7 7 6 5 5 4 4 3 5 8 10 13 16 18 21 19 17 15 13 11 8 6 8 10 12 14 16 18 20 20 20 20 20 20 20 20 17 14 11 8 5 2 0 2 4 6 9 11 13 15 12
4 4 4 4 4 5 6 6 7 8 9 9 9 8 8 8 8 8 7 6 5 4 3 3 2 2 3 4 4 5 6 7 8 9 9 10 11 12 13 12 12 11 11 10 10 9 9 8 8 7 6 6 5 8 10 13 15 18 21 23 22 20 18 16 14 12 10 12 13 14 16 17 19 20 20 20 20 20 20 20 20 17 14 11 8 5 2 0 1 3 5 7 9 10 12 10
4 4 4 4 4 5 6 7 8 9 10 10 10 10 10 10 10 9 9 8 7 5 4 3 2 3 4 5 6 7 8 9 10 11 11 12 13 13 14 14 13 13 13 12 12 11 11 10 10 9 9 8 8 10 12 15 18 20 23 26 25 23 21 20 18 16 14 15 16 17 18 19 19 20 20 20 20 20 20 20 20 17 14 11 8 5 2 0 1 2 4 5 7 8 9 8
4 4 4 4 5 6 7 8 9 10 11 11 11 11 11 11 11 11 10 9 8 7 5 4 3 3 5 6 7 9 10 11 12 13 13 14 14 15 16 15 15 15 14 14 14 13 13 12 12 11 11 10 10 12 15 17 20 23 26 28 27 26 24 23 21 20 19 19 19 19 20 20 20 21 20 20 20 20 20 20 20 17 14 11 8 5 2 0 1 2 2 3 4 5 6 5
4 4 4 4 5 6 7 9 10 11 12 13 13 13 13 13 13 13 12 10 9 8 6 5 3 4 6 7 9 10 12 13 14 15 15 16 16 17 17 17 17 16 16 16 15 15 15 14 14 13 13 12 12 14 17 20 23 25 28 31 30 29 28 26 25 24 23 22 22 22 22 21 21 21 21 21 21 21 20 20 20 17 14 11 8 5 2 0 0 1 1 2 2 3 3 3
4 4 4 4 5 6 8 9 11 12 13 14 14 14 14 14 14 14 14 12 10 9 7 6 4 5 6 8 10 12 14 15 16 17 17 17 18 18 18 18 18 18 18 18 17 17 17 16 16 16 15 15 14 17 19 22 25 28 31 33 33 32 31 30 29 28 27 26 25 24 23 23 22 21 21 21 21 21 21 21 20 17 14 11 8 5 2 0 0 0 0 0 0 0 0 0
4 4 4 4 5 6 8 9 10 12 13 14 14 14 15 15 15 15 15 13 11 10 8 7 5 6 8 10 12 13 15 17 18 18 19 19 19 20 20 20 20 20 19 19 19 19 18 18 18 17 17 17 16 19 21 24 27 30 32 35 35 34 33 32 31 30 29 28 27 26 26 25 24 23 23 23 23 22 22 22 22 19 16 13 10 7 4 1 1 1 1 1 1 1 1 1
4 4 4 4 5 6 7 8 10 11 12 13 14 14 15 15 15 16 15 14 13 11 10 9 7 8 10 11 13 15 16 18 19 20 20 21 21 22 22 22 22 21 21 20 20 19 19 19 19 19 18 18 18 20 23 26 28 31 34 37 36 35 34 33 32 31 30 29 29 28 28 27 27 27 26 26 25 25 24 24 23 21 18 15 12 10 7 4 4 4 4 4 4 4 4 3
4 4 4 4 4 5 7 8 9 10 11 12 13 14 14 15 16 16 16 15 14 12 11 10 9 10 11 13 14 16 18 19 20 21 22 22 23 23 24 24 23 23 22 22 21 20 20 20 20 20 20 20 20 22 25 27 30 33 35 38 37 36 35 34 33 32 31 30 30 30 30 30 30 30 29 29 28 27 27 26 25 23 20 17 15 12 10 7 7 7 7 7 7 7 7 6
4 4 3 3 4 5 6 7 8 9 11 12 12 13 14 15 16 17 17 16 15 14 13 12 11 11 13 14 16 18 19 21 22 22 23 24 24 25 26 26 25 24 23 23 22 21 21 21 22 22 22 22 22 24 27 29 32 34 37 39 39 37 36 35 34 33 31 32 32 32 32 33 33 33 32 31 31 30 29 28 27 25 22 20 17 15 12 10 10 10 10 10 10 10 9 8
4 3 3 3 3 4 6 7 8 9 10 11 12 13 14 15 16 17 17 17 16 15 14 13 12 13 15 16 17 19 20 22 23 24 24 25 26 27 28 27 27 26 25 24 23 22 22 23 23 23 23 23 24 26 28 31 33 36 38 41 40 39 37 36 35 34 32 33 33 34 35 35 36 36 35 34 33 32 31 30 29 27 24 22 20 17 15 13 13 13 13 13 13 12 12 10
3 3 3 3 3 4 5 6 7 8 9 10 11 13 14 15 17 18 18 17 17 16 16 15 14 15 16 18 19 20 22 23 24 25 26 27 28 29 30 29 28 27 26 25 24 23 23 24 24 24 25 25 26 28 30 32 35 37 40 42 41 40 39 37 36 35 33 34 35 36 37 38 39 40 39 37 36 35 33 32 31 29 26 24 22 20 18 16 16 16 16 15 15 15 15 13
3 3 3 2 3 4 4 5 6 7 8 9 11 12 14 15 17 18 19 18 18 17 17 16 16 17 18 19 20 22 23 24 25 26 27 28 29 31 32 31 30 29 28 27 25 24 25 25 25 26 26 27 27 29 32 34 36 39 41 43 43 41 40 38 37 36 34 35 37 38 39 40 42 43 42 40 39 37 36 34 32 30 29 27 25 23 21 19 19 19 18 18 18 18 18 15
3 3 2 2 2 3 4 5 5 6 7 8 10 11 13 14 16 17 18 17 17 17 16 16 15 16 18 19 20 21 23 24 25 27 28 29 30 31 32 32 31 30 29 28 27 26 26 26 27 27 28 28 29 31 34 36 39 41 44 46 46 45 43 42 41 40 39 40 41 42 43 44 45 46 44 42 40 38 36 35 33 31 29 28 26 24 22 21 21 20 20 20 20 20 19 17
3 2 2 2 2 3 3 4 5 6 6 7 9 10 11 13 14 15 16 15 15 15 14 14 14 15 16 18 19 21 22 24 25 26 27 29 30 31 32 32 31 30 29 29 28 27 27 28 28 29 29 30 30 33 36 39 42 44 47 50 50 49 48 47 46 46 45 45 46 46 47 47 48 48 46 44 41 39 37 35 32 31 29 28 27 25 24 22 22 22 22 22 22 21 21 19
2 2 2 2 2 2 3 4 4 5 5 6 8 9 10 11 12 13 14 13 13 13 13 12 12 13 15 16 18 20 21 23 24 26 27 29 30 31 33 32 32 31 30 29 29 28 28 29 29 30 31 31 32 35 38 41 44 47 51 54 54 53 53 52 52 51 51 51 51 51 51 51 51 50 48 45 43 40 37 35 32 31 30 28 27 26 25 24 24 24 23 23 23 23 23 21
2 2 1 1 1 2 3 3 4 4 5 6 6 7 8 9 10 11 12 11 11 11 11 11 11 12 13 15 17 19 21 22 24 25 27 28 30 31 33 33 32 32 31 30 30 29 30 30 31 31 32 33 33 36 40 43 47 51 54 58 58 58 58 57 57 57 57 56 56 55 55 54 53 53 50 47 44 41 38 35 32 31 30 29 28 27 26 26 25 25 25 25 25 25 24 22
1 1 1 1 1 2 2 3 3 3 4 5 5 6 7 8 9 9 10 10 9 9 9 9 9 10 12 14 16 18 20 22 23 25 27 28 30 31 33 33 33 32 32 31 31 30 31 32 32 33 33 34 35 38 42 46 50 54 57 61 62 62 62 63 63 63 63 62 61 60 59 57 56 55 52 48 45 41 38 35 31 31 30 29 29 28 28 27 27 27 27 26 26 26 26 24
1 1 1 1 1 1 2 2 2 3 3 4 4 5 6 6 7 7 8 8 8 8 7 7 7 9 11 13 15 17 19 21 23 25 26 28 30 32 33 33 33 33 33 32 32 32 32 33 33 34 35 35 36 40 44 48 52 57 61 65 66 66 67 68 68 69 69 68 66 64 63 61 59 57 54 50 46 42 38 35 31 31 30 30 30 29 29 29 28 28 28 28 28 28 27 26
1 1 0 0 1 1 1 1 2 2 2 3 3 4 4 5 5 6 6 6 6 6 6 6 6 7 9 12 14 16 18 21 22 24 26 28 30 32 33 34 34 33 33 33 33 33 33 34 35 35 36 37 38 41 46 51 55 60 64 69 70 71 72 73 74 74 75 73 71 69 67 64 62 60 56 51 47 43 39 35 30 30 30 30 30 30 30 30 30 30 30 30 29 29 29 28
1 1 1 1 1 1 1 2 2 2 2 3 3 4 4 4 5 5 5 5 5 5 5 5 5 7 9 11 13 16 18 20 22 24 26 28 29 31 33 33 33 33 33 34 34 34 34 35 35 36 36 37 37 41 46 50 55 60 64 69 70 72 73 75 76 77 79 76 74 71 69 66 63 61 57 52 48 44 40 36 31 31 31 31 31 31 31 31 31 31 31 31 31 31 31 30
1 1 1 1 1 1 2 2 2 2 3 3 3 4 4 4 5 5 5 5 5 5 5 5 5 7 9 11 13 16 18 20 22 24 25 27 29 31 32 33 33 33 33 34 34 34 34 35 35 36 36 36 37 41 45 49 54 58 63 67 70 71 73 75 77 79 81 79 76 73 70 67 64 61 57 53 49 45 41 37 33 33 32 32 32 31 31 31 31 31 31 32 32 32 32 32
2 2 2 1 1 2 2 2 2 3 3 3 4 4 4 5 5 5 5 5 5 5 5 5 5 6 9 11 13 15 18 20 22 23 25 27 28 30 32 32 33 33 33 34 34 34 35 35 35 35 36 36 36 40 44 49 53 57 62 66 69 71 74 76 79 81 84 81 78 74 71 68 65 62 58 54 50 46 42 38 34 34 33 33 32 32 31 31 31 32 32 33 33 33 34 34
3 2 2 2 2 2 2 2 3 3 3 4 4 4 5 5 5 5 6 5 5 5 5 5 5 6 8 11 13 15 17 20 21 23 25 26 28 30 31 32 32 33 33 34 34 35 35 35 35 35 35 35 35 39 43 48 52 56 60 65 68 71 74 77 80 83 86 83 79 76 73 69 66 62 59 55 51 47 43 40 36 35 35 34 33 32 32 31 32 32 33 33 34 35 35 36
3 3 2 2 2 2 2 3 3 3 3 4 4 4 5 5 5 6 6 5 5 5 5 5 5 6 8 11 13 15 17 19 21 23 24 26 27 29 31 31 32 33 33 34 34 35 35 35 35 35 35 35 35 38 42 47 51 55 59 63 67 71 74 78 81 85 88 85 81 78 74 70 66 63 59 56 52 48 45 41 37 37 36 35 34 33 32 31 32 33 34 34 35 36 37 39
4 3 3 2 2 2 3 3 3 3 4 4 4 5 5 5 5 6 6 6 5 5 5 5 5 6 8 10 13 15 17 19 21 22 24 25 27 28 30 31 32 32 33 34 35 36 35 35 35 35 35 34 34 38 42 46 50 54 58 62 66 70 74 78 83 87 91 87 83 79 75 71 67 63 60 56 53 49 46 42 39 38 37 36 34 33 32 31 32 33 34 35 36 37 38 41
4 4 3 3 3 3 3 3 4 4 4 4 5 5 5 5 6 6 6 6 5 5 5 5 4 6 8 10 12 14 17 19 20 22 23 25 26 28 29 30 31 32 33 34 35 36 36 35 35 35 34 34 33 37 41 45 49 53 57 61 65 70 75 79 84 89 93 89 85 81 77 72 68 64 60 57 54 50 47 44 40 39 38 36 35 34 33 31 33 34 35 36 37 39 40 43
4 4 3 3 2 3 3 3 3 4 4 4 5 5 5 5 6 6 6 6 5 5 5 5 4 6 8 10 12 14 16 19 20 22 23 24 26 27 28 29 30 31 32 33 34 34 34 34 34 33 33 33 32 36 40 44 48 52 56 60 64 68 72 76 81 85 89 86 82 78 74 70 66 63 60 57 54 51 48 45 42 41 39 38 36 34 33 31 33 34 35 36 37 38 39 42
4 3 3 2 2 3 3 3 3 4 4 4 4 5 5 5 6 6 6 6 5 5 5 4 4 5 8 10 12 14 16 18 20 21 22 24 25 26 27 28 29 30 30 31 32 33 32 32 32 32 31 31 31 34 38 42 46 51 55 59 62 66 69 73 76 79 83 80 77 74 71 67 64 61 59 56 54 52 49 47 45 43 41 39 37 35 33 32 32 33 34 35 36 36 37 40
4 3 3 2 2 2 3 3 3 4 4 4 4 5 5 5 6 6 6 5 5 5 5 4 4 5 7 10 12 14 16 18 20 21 22 23 24 25 27 27 28 28 29 29 30 31 31 30 30 30 30 30 29 33 37 41 45 49 54 58 61 63 66 69 71 74 77 75 72 70 67 65 62 60 58 56 54 52 50 49 47 44 42 40 38 36 34 32 32 33 33 34 35 35 36 38
4 3 3 2 2 2 2 3 3 3 4 4 4 5 5 5 6 6 6 5 5 5 4 4 4 5 7 9 12 14 16 18 19 20 21 22 24 25 26 26 27 27 27 28 28 29 29 29 28 28 28 28 28 32 36 40 44 48 53 57 59 61 63 65 67 69 71 69 67 65 64 62 60 58 57 55 54 53 51 50 49 46 44 41 39 36 34 32 32 32 33 33 33 34 34 36
4 3 2 2 2 2 2 3 3 3 4 4 4 5 5 5 6 6 6 5 5 5 4 4 4 5 7 9 11 14 16 18 19 20 21 22 23 24 25 25 25 26 26 26 26 27 27 27 27 27 27 27 27 30 34 39 43 47 51 56 57 59 60 61 62 63 65 64 62 61 60 59 58 56 56 55 54 53 53 52 51 48 45 43 40 37 34 32 32 32 32 32 32 32 33 34
4 3 2 2 1 2 2 3 3 3 4 4 4 5 5 5 6 6 6 5 5 5 4 4 3 5 7 9 11 13 15 18 19 20 20 21 22 23 24 24 24 24 24 24 25 25 25 25 25 25 25 25 25 29 33 37 42 46 50 55 56 56 57 57 58 58 59 58 58 57 57 56 55 55 55 54 54 54 54 53 53 50 47 44 41 38 35 32 32 32 31 31 31 31 31 33
3 3 2 1 1 2 2 2 3 3 4 4 4 5 5 5 5 6 6 5 5 5 4 4 3 5 7 9 11 13 15 17 19 19 20 21 21 22 23 23 23 23 23 23 23 23 23 23 23 23 24 24 24 28 32 36 41 45 49 54 54 54 54 53 53 53 53 53 53 53 53 53 53 53 54 54 54 54 55 55 55 52 48 45 42 38 35 32 32 31 31 30 30 30 30 31
