pluvio/pluvio-367.asc
ncols         252
nrows         154
xllcorner     -0.5
yllcorner     -153.5
cellsize      1
NODATA_value  -9999
[rows 46 to 91 of 154, columns 0 to 95 of 252]
0 0 0 0 0 0 0 1 1 1 1 1 1 1 1 1 1 1 1 1 1 1 1 0 0 0 0 0 0 0 0 0 0 1 1 2 2 2 3 5 8 11 14 16 19 22 21 20 18 17 15 14 12 13 15 17 19 21 23 25 25 25 26 26 26 26 27 27 27 26 26 26 26 26 26 26 25 25 25 24 24 27 30 33 36 39 42 45 46 46 46 47 47 47 48 48
0 0 0 0 0 0 1 1 1 1 2 2 2 2 2 2 2 2 2 1 1 1 1 1 0 0 0 0 0 0 0 0 1 2 3 4 5 6 7 9 11 14 16 18 21 23 23 21 20 18 17 16 14 15 17 19 20 22 24 25 26 26 26 27 27 27 28 28 28 27 27 27 27 27 27 27 27 27 26 26 26 29 32 35 38 41 44 47 47 48 48 49 49 49 50 50
0 0 0 0 0 0 1 1 1 2 2 2 2 2 2 2 2 2 2 2 1 1 1 1 1 1 0 0 0 0 0 0 1 3 4 6 7 9 10 12 14 16 18 20 22 25 24 23 21 20 19 18 16 17 19 20 22 23 25 26 27 27 27 28 28 28 29 29 29 28 28 28 28 28 28 28 28 28 28 28 28 31 34 37 40 43 46 49 49 50 50 50 51 51 52 52
0 0 0 0 0 0 1 1 1 2 2 2 2 2 2 2 2 2 2 2 2 1 1 1 1 1 1 1 0 0 0 0 1 4 6 8 10 12 14 16 17 19 21 22 24 26 25 24 23 22 21 20 19 19 21 22 23 24 26 27 27 28 28 29 29 29 30 30 30 30 29 29 29 29 29 29 30 30 30 30 30 33 36 39 42 45 48 51 51 52 52 52 53 53 54 54
0 0 0 0 0 1 1 1 2 2 2 3 2 2 2 2 2 2 2 2 2 2 2 1 1 1 1 1 1 0 0 0 2 4 7 10 12 15 18 19 20 22 23 24 26 27 26 26 25 24 23 22 21 22 23 24 25 26 27 28 28 29 29 29 30 30 31 31 31 31 30 30 30 30 30 31 31 31 32 32 32 35 38 41 44 47 50 53 53 54 54 54 55 55 56 56
0 0 0 0 0 1 1 1 2 2 3 3 3 3 3 3 3 3 3 2 2 2 2 2 1 1 1 1 1 0 0 0 2 5 9 12 15 18 21 23 24 25 25 26 27 28 28 27 26 25 25 24 23 24 24 25 26 27 28 28 29 29 30 30 31 31 32 32 32 32 31 31 31 31 31 32 32 33 33 34 34 37 40 43 46 49 52 55 55 56 56 56 57 57 57 58
0 0 0 0 0 1 1 2 2 2 3 3 3 3 3 3 3 3 3 3 2 2 2 2 2 1 1 1 1 1 0 0 3 6 10 14 17 21 25 26 27 27 28 28 29 29 29 28 28 27 27 26 25 26 26 27 27 28 29 29 30 30 31 31 32 32 33 33 33 33 32 32 32 32 33 33 34 34 35 36 36 39 42 45 48 51 54 57 57 57 58 58 59 59 59 60
0 0 0 0 0 1 1 2 2 3 3 3 3 3 3 3 3 3 3 3 3 2 2 2 2 2 2 2 1 1 1 1 4 7 11 15 18 22 26 27 27 27 27 28 28 28 28 28 27 27 27 27 26 27 27 28 28 29 30 30 31 31 32 33 33 34 34 34 34 34 34 34 33 33 34 35 36 37 37 38 39 42 45 47 50 53 56 58 59 59 60 60 61 62 62 62
0 0 0 0 1 1 1 2 2 3 3 3 3 3 3 3 3 3 3 3 3 3 2 2 2 2 2 2 2 2 2 2 5 8 12 16 19 23 26 27 27 27 26 26 26 26 26 26 26 27 27 27 27 28 28 29 29 30 31 31 32 33 33 34 35 35 36 36 36 35 35 35 35 35 36 37 38 39 40 41 42 45 47 50 52 55 58 60 61 61 62 63 63 64 65 65
0 1 1 1 1 1 2 2 2 3 3 3 3 3 3 3 3 3 3 3 3 3 3 3 2 3 3 3 3 3 3 3 6 9 13 16 20 23 27 27 27 26 26 25 24 24 24 25 25 26 27 27 28 28 29 30 30 31 32 32 33 34 35 35 36 37 37 37 37 37 37 36 36 36 37 39 40 41 42 44 45 47 50 52 55 57 59 62 63 63 64 65 66 67 68 67
1 1 1 1 1 1 2 2 2 3 3 3 3 3 3 3 3 3 3 3 3 3 3 3 3 3 3 3 4 4 4 4 7 10 14 17 20 24 27 27 26 26 25 24 23 22 22 23 24 25 26 27 28 29 30 31 31 32 33 34 34 35 36 37 37 38 39 39 38 38 38 38 38 37 39 40 42 43 45 46 48 50 52 55 57 59 61 63 64 65 66 67 68 69 70 70
1 1 1 1 1 2 2 2 2 3 3 3 3 3 3 3 3 3 3 3 3 3 3 3 3 3 4 4 4 5 5 6 8 11 15 18 21 24 28 28 26 25 24 22 21 20 21 22 24 25 26 28 29 30 31 32 32 33 34 35 35 36 37 38 39 39 40 40 40 40 39 39 39 39 40 42 44 46 47 49 51 53 55 57 59 61 63 65 66 67 69 70 71 72 73 72
1 1 1 1 2 2 2 2 2 3 3 3 3 3 3 3 3 3 3 3 3 3 3 3 3 4 4 5 5 6 6 7 9 12 15 19 22 25 28 28 26 24 23 21 19 18 19 21 23 24 26 28 30 31 32 33 33 34 35 36 37 37 38 39 40 41 42 42 41 41 41 41 40 40 42 44 46 48 50 52 54 56 58 59 61 63 65 67 68 69 71 72 73 75 76 74
1 1 1 2 2 2 2 2 3 3 3 3 3 3 3 3 3 3 3 3 3 3 3 4 4 4 5 5 6 7 7 8 10 13 16 19 23 26 29 28 26 24 22 20 18 16 17 19 22 24 26 28 31 32 33 33 34 35 36 37 38 39 40 41 41 42 43 43 43 43 42 42 42 41 44 46 48 50 52 55 57 58 60 62 63 65 67 68 70 71 73 74 76 77 78 77
2 2 3 3 3 3 4 4 4 4 5 5 5 5 4 4 4 4 4 4 5 5 5 5 5 6 7 7 8 9 10 11 13 16 19 22 25 28 31 31 29 27 25 23 21 19 20 22 24 26 28 30 32 33 33 34 35 36 37 38 39 39 40 41 42 43 44 44 43 43 43 43 42 42 44 47 49 51 53 56 58 60 62 63 65 67 69 71 72 73 74 75 76 77 78 76
3 4 4 4 5 5 5 6 6 6 7 7 6 6 6 6 6 6 6 6 6 6 6 7 7 7 9 10 11 12 13 14 16 19 22 25 28 32 35 34 32 30 28 26 24 22 23 25 26 28 29 31 32 33 34 35 36 37 38 39 39 40 41 42 43 43 44 44 44 44 43 43 43 42 45 47 50 52 54 57 59 61 63 65 67 69 71 73 73 74 74 75 76 76 77 75
4 5 5 6 6 7 7 7 8 8 8 9 8 8 8 8 7 7 7 7 8 8 8 8 8 9 11 12 13 14 16 17 19 22 25 29 32 35 38 37 35 33 32 30 28 26 27 28 29 30 31 32 33 34 35 36 37 38 39 39 40 41 42 42 43 44 45 45 44 44 44 43 43 43 45 48 50 53 55 58 60 62 64 66 69 71 73 75 75 75 75 75 75 76 75 74
6 6 7 7 8 8 9 9 10 10 10 10 10 10 10 9 9 9 9 9 9 9 10 10 10 11 12 14 15 17 18 20 23 26 29 32 35 38 41 40 38 37 35 33 31 30 30 31 31 32 33 34 34 35 36 37 38 39 39 40 41 42 42 43 44 44 45 45 45 44 44 44 44 43 46 48 51 53 56 59 61 63 66 68 70 73 75 77 77 76 76 76 75 75 74 73
7 7 8 9 9 10 10 11 11 12 12 12 12 12 11 11 11 10 10 10 11 11 11 11 12 13 14 16 18 20 21 23 26 29 32 35 38 41 44 43 42 40 38 37 35 33 33 33 34 34 35 35 35 36 37 38 39 39 40 41 42 42 43 44 44 45 46 45 45 45 45 44 44 44 46 49 52 54 57 59 62 65 67 70 72 75 77 79 78 78 77 76 75 74 73 73
8 9 9 10 11 11 12 12 13 14 14 14 14 13 13 13 12 12 12 12 12 12 13 13 13 14 16 18 20 22 24 26 29 32 35 38 41 44 47 46 45 43 42 40 38 37 36 36 36 36 36 36 36 37 38 39 39 40 41 42 43 43 44 44 45 46 46 46 46 45 45 45 45 44 47 50 52 55 58 60 63 66 68 71 74 76 79 82 80 79 77 76 75 73 72 72
9 10 11 11 12 13 13 14 15 16 16 16 16 15 15 14 14 13 13 13 14 14 14 14 15 16 18 21 23 25 27 29 32 35 38 41 44 47 50 50 48 47 45 44 42 40 40 39 39 38 38 37 37 38 39 39 40 41 42 43 43 44 44 45 46 46 47 46 46 46 46 45 45 45 47 50 53 56 59 61 64 67 70 73 75 78 81 84 82 80 78 76 75 73 71 71
10 11 11 12 13 14 14 15 16 17 17 17 17 16 16 16 15 15 15 15 15 16 16 16 17 18 20 22 25 27 29 31 34 37 41 44 47 51 54 53 52 50 48 46 45 43 42 42 41 41 41 40 40 40 41 42 43 44 45 46 46 47 48 48 49 49 50 49 49 48 48 47 47 46 49 52 54 57 59 62 65 68 71 74 77 80 83 85 84 82 80 78 76 74 73 72
11 11 12 13 14 14 15 16 17 18 18 18 18 18 17 17 16 16 16 17 17 17 18 18 18 20 22 24 26 28 31 33 36 40 43 47 51 54 58 57 55 53 51 49 47 45 45 44 44 44 43 43 43 43 44 45 46 47 48 49 50 50 51 51 52 52 53 52 52 51 50 50 49 48 51 53 55 58 60 63 65 68 71 75 78 81 84 87 85 83 82 80 78 76 74 74
11 12 13 13 14 15 16 17 18 18 19 19 19 19 19 18 18 18 18 18 19 19 19 20 20 22 24 26 28 30 32 34 38 42 46 50 54 58 62 61 59 57 55 52 50 48 47 47 47 46 46 46 45 46 47 48 49 50 51 52 53 53 54 55 55 56 56 56 55 54 53 52 51 50 52 54 57 59 61 63 65 69 72 75 79 82 86 89 87 85 83 81 80 78 76 76
12 13 13 14 15 16 17 18 19 19 20 21 20 20 20 20 19 19 19 20 20 21 21 22 22 24 26 28 30 32 34 36 40 44 49 53 57 62 66 65 63 60 58 55 53 50 50 49 49 49 49 49 48 49 50 51 52 53 54 55 56 57 57 58 59 59 60 59 58 56 55 54 53 52 54 56 58 60 62 64 66 69 73 76 80 83 87 90 88 87 85 83 81 80 78 77
13 13 14 15 16 17 18 18 19 20 21 22 21 21 21 21 21 20 21 21 22 22 23 23 24 25 27 30 32 34 36 38 42 47 51 56 61 65 70 69 66 64 61 58 56 53 52 52 52 52 51 51 51 52 53 54 55 56 58 59 59 60 61 61 62 62 63 62 60 59 58 56 55 54 55 57 59 61 62 64 66 70 74 77 81 85 88 92 90 88 87 85 83 81 80 79
14 14 15 15 16 17 18 19 20 21 22 23 23 22 22 22 22 22 22 23 23 24 24 25 26 27 29 31 33 35 38 40 44 49 54 59 64 69 74 73 70 67 64 61 58 55 55 54 54 54 54 54 54 55 56 57 58 60 61 62 63 63 64 64 65 66 66 65 63 62 60 59 57 55 57 58 60 62 63 65 67 70 74 78 82 86 90 93 92 90 88 87 85 83 82 81
14 15 15 16 17 18 19 20 21 22 23 24 24 24 24 24 23 23 24 24 25 26 26 27 27 29 31 33 35 37 39 41 46 51 56 62 67 73 78 77 74 71 67 64 61 58 57 57 57 57 57 57 57 58 59 60 61 63 64 65 66 66 67 68 68 69 70 68 66 64 63 61 59 57 58 60 61 63 64 65 67 71 75 79 83 87 91 95 93 92 90 88 87 85 83 82
15 16 16 17 18 19 20 21 22 24 25 25 26 26 26 26 27 27 28 29 30 31 32 33 34 35 37 38 40 42 43 45 49 55 61 67 73 78 84 83 80 78 75 72 69 66 65 65 64 64 63 63 62 63 64 65 66 67 68 69 69 69 70 70 71 71 71 70 68 66 65 63 61 60 61 62 63 63 64 65 66 70 74 78 82 85 89 93 92 91 90 89 88 88 87 86
16 16 17 18 19 20 21 22 24 25 26 27 27 28 29 29 30 30 31 33 34 36 37 39 40 42 43 44 45 46 47 48 53 59 65 72 78 84 90 90 87 85 82 79 77 74 73 72 71 70 70 69 68 68 69 70 70 71 72 72 72 72 72 73 73 73 73 71 70 68 67 65 64 62 63 63 64 64 65 65 66 69 73 76 80 83 87 90 90 90 90 90 90 90 90 89
17 17 18 18 19 21 22 23 25 26 27 28 29 30 31 32 33 34 35 37 39 41 43 45 47 48 49 49 50 50 51 52 56 63 70 76 83 90 96 96 94 92 89 87 85 82 81 80 79 77 76 75 74 74 74 74 75 75 75 76 76 75 75 75 75 74 74 73 72 70 69 68 66 65 65 65 65 65 65 65 65 68 72 75 78 81 85 88 88 89 90 91 92 93 93 93
17 18 19 19 20 22 23 25 26 27 29 30 31 32 34 35 36 37 39 41 44 46 49 51 54 55 55 55 55 55 55 55 60 67 74 81 88 95 102 103 101 99 97 95 93 91 89 87 86 84 82 81 79 79 79 79 79 79 79 79 79 78 78 77 77 76 76 75 73 72 71 70 69 68 67 67 66 66 65 65 65 68 71 73 76 79 82 85 87 89 90 92 94 95 97 97
18 19 19 20 21 23 24 26 27 29 30 32 33 35 36 37 39 40 43 46 49 51 54 57 60 61 61 60 60 59 59 58 64 71 79 86 93 101 108 109 107 106 104 102 101 99 97 95 93 91 89 87 85 84 84 84 84 83 83 83 82 81 80 80 79 78 77 76 75 74 73 72 71 70 69 69 68 67 66 65 64 67 69 72 75 77 80 83 85 88 90 93 95 98 100 100
19 20 20 21 22 23 25 27 28 30 32 33 35 37 39 40 42 44 46 50 53 57 60 63 67 67 66 66 65 64 63 62 67 75 83 91 99 107 115 115 114 113 111 110 109 107 105 103 100 98 95 93 90 90 89 89 88 87 87 86 85 84 83 82 81 80 79 78 77 76 75 75 74 73 72 70 69 68 66 65 64 66 68 71 73 75 78 80 83 87 90 94 97 100 104 104
20 20 21 22 23 24 26 28 30 31 33 35 37 39 41 43 45 47 50 54 58 62 66 69 73 74 72 71 69 68 67 65 71 79 87 96 104 112 120 122 121 119 118 117 116 115 113 110 107 104 102 99 96 95 94 93 92 92 91 90 89 87 86 85 83 82 80 80 79 78 78 77 76 76 74 72 70 69 67 65 63 65 67 69 71 73 75 78 82 86 90 95 99 103 107 107
24 25 26 28 29 31 32 34 35 37 38 40 42 43 45 47 49 51 54 57 61 64 68 71 75 75 74 73 72 71 69 68 73 80 86 93 100 107 114 116 116 116 116 116 116 116 115 113 110 108 106 104 102 101 99 98 97 96 95 94 93 92 91 90 89 87 86 86 87 87 87 87 87 87 85 82 79 76 73 71 68 69 71 72 74 75 77 79 83 87 91 95 99 104 107 108
27 29 31 34 35 37 38 39 40 42 43 45 46 48 50 51 53 54 57 60 64 67 70 73 77 77 76 75 74 73 72 71 75 80 86 91 97 102 108 110 111 112 114 115 116 117 116 115 114 112 111 109 108 106 105 103 102 101 99 98 97 96 95 95 94 93 92 93 94 95 96 97 98 99 96 92 88 84 80 76 73 74 75 76 76 77 78 79 83 88 92 96 100 104 108 109
31 34 37 40 42 43 44 45 46 47 48 49 51 52 54 55 57 58 61 63 66 69 72 75 78 79 78 77 76 75 75 74 76 81 85 89 93 97 101 104 107 109 111 114 116 118 118 117 117 116 115 114 113 112 110 108 107 105 103 102 101 101 100 100 99 99 98 100 102 104 105 107 109 111 106 101 97 92 87 82 78 78 78 79 79 79 80 80 84 88 92 97 101 105 108 109
35 38 42 46 48 49 50 50 51 52 53 54 55 57 58 59 61 62 64 67 69 72 75 77 80 80 80 79 78 78 77 77 78 81 84 87 89 92 95 98 102 105 109 112 116 119 120 120 120 120 119 119 119 117 115 114 112 110 108 106 105 105 105 105 105 104 104 107 109 112 115 117 120 123 117 111 105 100 94 88 82 82 82 82 81 81 81 81 85 89 93 97 101 105 109 110
38 43 47 52 54 55 55 56 57 57 58 59 60 61 62 63 64 65 67 70 72 74 77 79 81 82 82 81 81 80 80 79 80 82 83 84 86 87 89 93 97 102 107 111 116 121 122 122 123 123 124 124 125 123 121 119 116 114 112 110 109 110 110 110 110 110 110 114 117 120 124 127 131 134 128 121 114 107 101 94 87 86 86 85 84 83 82 82 86 90 94 98 102 106 109 111
42 47 52 58 60 61 61 62 62 63 63 64 65 66 66 67 68 69 71 73 75 77 79 81 83 84 83 83 83 83 82 82 82 82 82 82 82 82 82 87 93 98 104 110 116 122 124 125 126 127 128 130 131 129 126 124 121 119 116 114 114 114 115 115 115 116 116 120 125 129 133 137 142 146 139 131 123 115 107 100 92 91 89 88 86 85 84 83 87 91 95 98 102 106 110 111
46 52 57 63 66 66 67 67 67 68 68 68 69 70 70 71 72 73 74 76 77 79 81 83 85 85 85 85 85 85 85 85 84 83 81 80 79 78 76 81 88 95 102 109 116 122 125 127 129 131 132 134 136 134 131 128 126 123 120 117 118 118 119 120 121 121 122 127 132 137 142 147 152 157 149 140 131 123 114 105 97 95 93 91 89 87 85 84 88 92 96 100 103 107 111 113
48 53 59 65 67 68 68 68 68 68 68 69 70 70 71 72 72 73 74 76 77 79 80 82 83 84 84 84 85 85 85 85 85 83 82 81 80 78 77 82 88 95 102 108 115 121 124 125 126 128 129 130 132 130 128 126 125 123 121 119 119 120 121 123 124 125 126 130 134 138 143 147 151 156 148 140 133 125 117 110 102 100 98 96 94 92 90 88 93 97 102 106 111 115 120 121
49 55 60 66 68 69 69 69 69 69 69 70 70 71 72 72 73 74 75 76 77 78 79 81 82 82 83 84 84 85 85 86 85 84 83 82 80 79 78 82 89 95 101 108 114 120 122 123 124 125 126 127 128 127 126 125 124 122 121 120 121 122 124 125 127 128 129 133 136 140 143 147 151 154 148 141 134 127 121 114 107 105 103 101 98 96 94 92 97 103 108 113 118 123 128 130
51 57 62 67 70 70 70 70 70 70 70 70 71 72 72 73 74 74 75 76 77 78 79 79 80 81 82 83 84 85 85 86 86 85 83 82 81 80 79 83 89 95 101 107 113 119 121 121 122 122 123 123 124 124 123 123 123 122 122 121 123 125 126 128 129 131 133 136 138 141 144 147 150 153 147 142 136 130 124 118 113 110 108 105 103 101 98 96 102 108 114 120 126 131 137 139
53 58 63 68 71 71 71 71 70 70 70 71 71 72 73 74 74 75 76 76 77 77 78 78 79 80 81 82 83 84 86 87 86 85 84 83 82 81 79 83 89 95 101 106 112 118 119 119 119 119 119 120 120 120 121 121 122 122 122 123 125 127 129 130 132 134 136 138 141 143 145 147 149 152 147 142 137 132 127 123 118 115 113 110 108 105 103 101 107 114 120 127 133 139 145 148
