pluvio/pluvio-272.asc
ncols         252
nrows         154
xllcorner     -0.5
yllcorner     -153.5
cellsize      1
NODATA_value  -9999
[rows 0 to 44 of 154, columns 0 to 95 of 252]
5 5 5 4 4 4 4 4 4 4 4 4 4 4 5 5 5 5 5 5 5 5 4 4 4 4 4 4 4 4 4 4 3 3 3 3 2 2 2 2 2 2 3 3 3 4 4 4 4 3 3 3 3 3 3 3 3 3 3 3 3 3 3 2 2 2 1 2 2 2 2 2 2 3 3 4 4 5 5 6 6 6 6 5 5 5 5 5 5 4 4 4 4 4 3 3
4 4 4 4 4 4 4 4 4 4 4 4 4 4 4 5 5 5 5 5 4 4 4 4 4 4 4 4 4 4 4 4 4 3 3 3 2 2 2 2 2 2 3 3 3 4 4 4 4 4 4 4 4 4 4 4 4 4 4 4 4 3 3 3 2 2 2 2 2 2 2 3 3 3 3 3 4 4 4 5 5 5 5 5 5 5 5 4 4 4 4 4 4 3 3 4
4 4 4 4 4 4 4 4 4 4 4 4 4 4 4 4 4 4 4 4 4 4 4 4 4 4 4 4 4 4 4 4 4 3 3 3 2 2 2 2 2 2 3 3 4 4 4 4 4 4 4 4 4 4 4 4 4 5 5 5 4 4 4 3 3 2 2 2 2 2 3 3 3 3 3 3 4 4 4 4 4 4 4 4 4 4 4 4 4 4 4 4 4 3 3 4
3 4 4 4 4 4 4 4 4 4 4 4 4 4 4 4 4 4 4 4 4 4 4 4 4 4 4 4 4 4 4 4 4 4 3 3 2 2 1 2 2 2 3 3 4 4 4 4 4 4 4 4 5 5 5 5 5 5 5 5 5 5 4 4 3 3 2 3 3 3 3 3 3 3 3 3 3 3 3 3 3 3 3 4 4 4 4 4 4 4 3 3 3 3 3 4
3 4 4 4 4 4 5 5 5 5 5 5 5 5 4 4 4 4 4 4 4 4 4 4 4 4 4 4 4 5 5 5 4 4 3 3 2 2 1 2 2 2 3 3 4 4 4 4 4 4 4 5 5 5 5 5 5 5 6 6 5 5 4 4 4 3 3 3 3 3 3 3 3 3 3 3 3 3 3 3 3 3 3 3 3 3 4 4 4 4 4 4 4 4 4 4
3 4 4 4 4 5 5 5 5 6 6 6 6 6 6 6 5 5 5 5 5 5 5 6 6 6 5 5 5 5 5 5 5 4 4 3 3 2 2 2 2 2 3 3 3 4 4 4 4 4 4 4 5 5 5 5 5 5 5 6 5 5 4 4 4 3 3 3 3 3 3 3 3 3 3 3 3 3 3 3 3 3 3 3 4 4 4 4 4 4 4 4 4 4 4 5
3 3 4 4 4 5 5 6 6 7 7 7 7 7 7 7 7 7 7 7 7 7 7 7 7 7 6 6 6 6 5 5 5 4 4 3 3 2 2 2 2 2 3 3 3 3 3 4 4 4 4 4 5 5 5 5 5 5 5 5 5 5 4 4 4 3 3 3 3 3 3 3 3 3 3 3 3 3 3 3 3 3 3 4 4 4 4 4 4 4 4 4 5 5 5 5
3 3 4 4 5 5 6 6 7 7 8 8 8 8 8 8 8 8 8 8 8 8 8 8 8 8 7 7 7 6 6 5 5 4 4 4 3 3 2 2 2 2 2 3 3 3 3 3 4 4 4 4 5 5 5 5 5 5 5 5 5 5 4 4 3 3 3 3 3 3 3 3 3 3 3 3 3 3 3 3 3 3 4 4 4 4 4 5 5 5 5 5 5 5 5 6
3 3 4 4 5 5 6 7 7 8 9 9 9 9 9 9 9 9 9 9 9 9 9 9 9 9 8 8 7 7 6 6 5 5 4 4 3 3 2 2 2 2 2 2 2 2 3 3 3 4 4 4 4 5 5 5 5 5 5 5 5 5 4 4 3 3 3 3 3 3 3 3 3 3 3 3 3 3 3 3 3 3 4 4 4 4 5 5 5 5 5 5 5 6 6 6
3 3 4 4 5 6 6 7 8 9 10 10 10 10 11 11 11 11 11 11 11 11 11 11 11 10 9 9 8 7 7 6 5 5 4 4 3 3 3 2 2 2 2 2 2 2 2 3 3 3 4 4 4 5 5 5 5 5 5 5 5 4 4 4 3 3 3 3 3 3 3 3 3 3 3 3 3 3 3 3 3 3 4 4 4 5 5 5 5 6 6 6 6 6 6 6
3 3 4 4 5 6 7 8 9 10 11 11 11 12 12 12 12 12 12 12 12 12 12 12 12 11 11 10 9 8 7 6 6 5 5 4 4 3 3 2 2 2 2 2 2 2 2 2 3 3 4 4 4 4 5 5 5 5 5 5 5 4 4 4 3 3 3 3 3 3 3 3 3 3 3 3 3 3 3 3 3 3 4 4 5 5 5 6 6 6 6 6 6 7 7 7
3 4 4 5 5 7 8 9 10 11 12 12 13 13 13 13 13 13 13 13 13 13 13 13 13 12 11 10 9 8 7 6 6 5 5 4 4 3 3 3 3 2 2 2 2 2 2 2 3 3 3 4 4 4 4 4 5 5 5 5 5 4 4 4 4 3 3 3 3 3 3 3 3 3 3 3 3 3 3 3 3 4 4 5 5 5 6 6 6 6 6 7 7 7 7 7
4 5 5 6 7 8 9 10 11 12 13 13 14 14 14 14 14 14 14 14 14 14 14 13 13 13 12 10 9 8 7 6 6 5 5 4 4 4 3 3 3 3 2 2 2 2 2 2 2 3 3 3 4 4 4 4 4 4 5 5 5 4 4 4 4 4 4 4 4 4 4 4 4 4 4 4 4 4 4 4 4 4 5 5 5 6 6 6 6 7 7 7 7 7 8 8
5 6 6 7 8 9 10 11 12 13 14 15 15 15 15 15 15 15 15 15 15 14 14 14 14 13 12 11 10 8 7 6 5 5 5 5 4 4 4 3 3 3 3 2 2 2 2 2 2 3 3 3 3 4 4 4 4 4 4 5 5 4 4 4 4 4 4 4 4 4 4 4 4 4 4 4 4 4 4 5 5 5 5 5 6 6 6 7 7 7 7 7 8 8 8 8
6 7 7 8 9 10 11 12 13 14 15 16 16 16 16 16 16 16 16 16 15 15 15 15 15 14 12 11 10 8 7 6 5 5 5 5 5 4 4 4 3 3 3 2 2 2 2 2 2 2 3 3 3 3 3 4 4 4 4 5 5 5 5 4 4 4 4 4 4 5 5 5 5 5 5 5 5 5 5 5 5 5 6 6 6 6 7 7 7 7 8 8 8 8 9 9
6 8 9 10 11 12 13 14 14 15 16 17 17 17 17 17 17 17 17 16 16 16 16 15 15 14 13 11 10 9 7 6 5 5 5 5 5 5 4 4 4 3 3 3 2 2 2 2 2 2 2 2 3 3 3 3 4 4 4 4 5 5 5 5 5 5 5 5 5 5 5 5 5 5 5 5 5 6 6 6 6 6 6 6 7 7 7 7 7 8 8 8 9 9 9 9
7 8 10 11 12 13 14 15 16 17 17 18 18 18 18 18 18 18 17 17 17 17 16 16 16 15 13 12 10 9 7 6 5 5 5 5 5 5 5 4 4 4 3 3 2 2 2 2 2 2 2 2 2 2 3 3 3 4 4 4 5 5 5 5 5 5 5 5 5 6 6 6 6 6 6 6 6 6 6 6 6 6 7 7 7 7 7 7 8 8 8 9 9 9 10 9
8 9 11 12 13 14 15 16 17 18 19 19 19 19 19 19 19 18 18 18 18 17 17 17 16 15 13 12 10 9 7 5 5 5 5 5 5 5 5 5 4 4 3 3 2 2 2 2 2 2 2 2 2 2 2 3 3 4 4 4 5 5 5 5 5 5 6 6 6 6 6 6 6 6 7 7 7 7 7 7 7 7 7 7 7 7 8 8 8 8 9 9 9 10 10 10
10 11 12 14 15 16 16 17 18 19 20 20 20 20 20 20 20 19 19 19 19 18 18 18 17 16 14 13 11 9 8 6 6 6 6 6 6 6 6 5 5 4 4 4 3 3 2 2 2 2 2 2 2 3 3 3 4 4 5 5 5 6 6 6 6 6 6 6 6 6 7 7 7 7 7 7 7 7 7 7 8 8 8 8 8 8 8 8 9 9 9 10 10 11 11 11
12 13 14 16 17 17 18 19 19 20 21 21 21 21 21 21 21 21 20 20 20 20 19 19 19 18 16 14 12 11 9 7 7 7 7 7 7 6 6 6 6 5 5 4 4 4 3 3 3 3 3 3 3 3 4 5 5 6 6 7 7 7 7 7 7 7 7 7 7 7 7 7 7 7 7 8 8 8 8 8 8 8 9 9 9 9 9 9 10 10 10 11 11 11 12 12
15 15 16 17 18 19 19 20 21 21 22 22 22 22 22 22 22 22 21 21 21 21 21 20 20 19 17 16 14 12 10 9 8 8 8 7 7 7 7 7 6 6 6 5 5 4 4 4 4 4 4 4 4 4 5 6 6 7 8 8 8 8 8 8 7 7 7 7 7 7 7 7 8 8 8 8 8 8 9 9 9 9 9 10 10 10 10 10 11 11 11 12 12 12 13 13
17 18 18 19 20 20 21 21 22 22 23 23 23 23 23 23 23 23 23 22 22 22 22 22 22 20 19 17 15 13 12 10 9 9 9 8 8 8 8 7 7 7 6 6 6 5 5 5 5 5 5 5 5 5 6 7 7 8 9 10 10 9 9 9 8 8 8 8 8 8 8 8 8 8 8 8 9 9 9 10 10 10 10 10 11 11 11 11 12 12 12 13 13 13 13 14
19 20 20 21 22 22 22 23 23 24 24 24 24 24 24 24 24 24 24 24 24 23 23 23 23 22 20 18 17 15 13 11 10 10 10 9 9 9 8 8 8 7 7 7 7 6 6 6 6 6 6 6 5 6 7 8 9 10 10 11 11 10 10 10 9 9 8 8 8 8 8 8 8 8 9 9 9 10 10 10 11 11 11 11 12 12 12 12 13 13 13 13 14 14 14 15
22 22 22 23 23 24 24 24 24 25 25 25 25 25 25 25 25 25 25 25 25 25 25 25 25 23 21 20 18 16 14 12 12 11 11 10 10 9 9 9 8 8 8 8 7 7 7 7 7 7 6 6 6 7 8 9 10 11 12 13 12 12 11 11 10 9 9 9 9 9 9 9 9 9 9 9 10 10 11 11 11 12 12 12 12 13 13 13 14 14 14 14 15 15 15 15
24 24 25 25 25 25 25 26 26 26 26 26 26 26 26 26 26 26 26 26 26 26 26 26 26 25 23 21 19 17 15 14 13 12 12 11 11 10 9 9 9 9 9 9 8 8 8 8 8 7 7 7 7 8 9 10 11 12 13 14 14 13 12 11 11 10 9 9 9 9 9 9 9 9 9 10 10 11 11 12 12 12 13 13 13 14 14 14 15 15 15 15 15 16 16 16
24 24 24 24 25 25 25 25 25 26 26 26 26 26 26 26 26 26 26 26 26 26 26 26 26 25 23 21 20 18 16 15 14 13 13 12 12 11 10 10 10 10 10 10 10 9 9 9 9 9 9 9 9 10 11 12 13 14 14 15 15 14 13 12 11 11 10 10 10 10 9 9 9 9 10 10 11 11 12 12 13 13 13 14 14 14 15 15 15 15 16 16 16 16 17 17
23 23 23 23 23 24 24 24 24 25 25 25 25 25 25 25 25 25 25 25 25 25 25 25 25 24 23 21 20 18 17 16 15 14 14 13 13 12 12 11 11 11 11 11 11 11 11 11 11 11 12 12 12 12 13 14 14 15 16 16 16 15 14 13 12 11 10 10 10 10 10 10 10 10 10 11 11 12 12 12 13 13 13 14 14 15 15 15 15 16 16 16 16 17 17 17
23 22 22 22 22 22 23 23 23 24 24 24 24 24 24 24 24 24 24 24 24 24 24 24 24 23 22 21 20 19 18 17 16 16 15 14 14 13 13 13 13 13 13 12 12 12 13 13 13 14 14 14 15 15 15 16 16 16 17 17 16 15 14 13 13 12 11 10 10 10 10 10 10 10 11 11 12 12 12 13 13 13 14 14 15 15 15 16 16 16 16 17 17 17 17 18
22 21 21 21 21 21 22 22 22 23 23 23 23 23 23 23 23 23 23 23 23 23 23 23 23 23 22 21 20 19 19 18 17 17 16 16 15 15 14 14 14 14 14 14 14 14 14 15 15 16 16 17 17 17 18 18 18 18 18 18 17 16 15 14 13 12 11 11 11 11 11 11 11 11 11 12 12 12 13 13 13 14 14 14 15 15 16 16 16 16 17 17 17 17 18 18
21 20 20 19 19 20 20 21 21 22 22 22 22 22 22 22 22 22 22 22 22 22 22 22 22 22 21 21 20 20 19 19 18 18 17 17 16 16 15 15 15 15 15 15 15 15 16 16 17 18 19 19 20 20 20 20 20 19 19 19 18 17 16 15 14 13 11 11 11 11 11 11 11 11 12 12 12 13 13 13 14 14 14 15 15 16 16 16 16 17 17 17 18 18 18 18
20 19 19 18 18 19 19 20 20 21 21 22 21 21 21 21 21 21 21 21 21 21 21 21 21 21 21 21 20 20 20 20 19 19 18 18 18 17 17 17 17 17 17 17 17 17 17 18 19 20 21 22 23 23 22 22 21 21 20 20 19 18 17 15 14 13 12 12 12 12 12 12 12 12 12 13 13 13 13 14 14 14 15 15 15 16 16 17 17 17 17 18 18 18 18 19
19 18 18 17 17 17 18 19 19 20 21 21 21 20 20 20 20 20 20 20 20 20 20 20 20 20 20 20 21 21 21 21 20 20 20 19 19 18 18 18 18 18 18 18 18 18 19 20 21 22 23 24 26 25 24 24 23 22 22 21 20 19 17 16 15 14 12 12 12 12 12 12 12 12 13 13 13 14 14 14 14 15 15 15 16 16 17 17 17 17 18 18 18 19 19 19
20 19 18 17 17 18 18 19 19 20 21 21 21 21 20 20 20 20 20 20 20 20 20 20 20 20 21 21 21 21 21 22 21 21 21 20 20 20 19 19 20 20 20 20 20 21 21 22 23 24 25 26 27 27 26 25 25 24 23 23 21 20 19 18 17 16 15 15 14 14 14 14 13 13 13 14 14 14 14 15 15 15 15 16 16 16 17 17 17 17 18 18 18 19 19 19
22 21 19 18 18 19 19 20 20 21 21 22 21 21 21 21 21 21 21 21 21 21 21 21 21 21 21 21 22 22 22 22 22 22 22 21 21 21 21 21 21 22 22 23 23 24 24 25 26 26 27 27 28 28 27 27 26 26 25 24 24 23 22 21 20 19 18 18 17 16 16 15 14 14 14 14 14 15 15 15 15 15 16 16 16 16 17 17 17 17 18 18 18 18 19 19
24 22 21 19 19 19 20 20 21 21 22 22 22 22 22 22 22 22 22 22 22 22 22 22 21 21 22 22 22 22 23 23 23 23 23 22 22 22 22 23 23 24 25 25 26 27 27 27 28 28 28 29 29 29 28 28 28 27 27 26 26 25 24 24 23 22 21 21 20 19 18 17 16 15 15 15 15 15 15 16 16 16 16 16 16 16 17 17 17 17 17 18 18 18 18 19
26 24 22 20 20 20 21 21 22 22 23 23 23 23 23 23 23 23 23 23 23 23 22 22 22 22 22 23 23 23 23 24 24 24 24 24 23 23 23 24 25 26 27 28 29 30 30 30 30 30 30 30 30 30 30 29 29 29 29 28 28 27 27 26 26 25 25 24 22 21 19 18 17 15 15 16 16 16 16 16 16 16 16 16 16 16 17 17 17 17 17 18 18 18 18 19
27 26 24 22 21 21 22 22 22 23 23 23 24 24 24 24 24 25 24 24 24 23 23 23 22 23 23 23 23 24 24 24 25 25 25 25 25 25 25 26 27 28 29 31 32 33 33 33 32 32 32 31 31 31 31 31 30 30 30 30 30 30 29 29 29 28 28 27 25 23 21 20 18 16 16 16 16 16 16 17 17 17 17 17 17 17 17 17 17 17 17 17 18 18 18 18
29 27 25 23 22 22 22 23 23 23 24 24 24 25 25 25 25 26 25 25 25 24 24 23 23 23 23 24 24 24 25 25 25 25 26 26 26 26 26 27 29 30 32 33 35 36 36 35 35 34 33 33 32 32 32 32 32 32 32 32 32 32 32 32 32 32 32 30 27 25 23 21 19 17 17 17 17 17 17 17 17 17 17 17 17 17 16 16 17 17 17 17 18 18 18 18
31 29 26 24 23 23 23 24 24 24 24 25 25 25 26 26 26 27 27 26 26 25 24 24 23 24 24 24 25 25 25 26 26 26 27 27 27 27 27 29 31 32 34 36 37 39 39 38 37 36 35 34 33 33 33 33 33 34 34 34 34 34 34 34 35 35 35 33 30 28 25 23 20 18 18 18 18 18 18 18 18 17 17 17 17 17 16 16 16 17 17 17 17 18 18 18
33 30 27 25 23 24 24 24 24 24 24 25 25 25 25 26 26 26 26 26 25 25 25 24 24 24 25 25 26 26 27 28 28 29 29 29 30 30 31 32 34 36 37 39 41 43 42 41 40 39 38 37 36 36 37 37 37 37 37 37 37 37 37 37 37 37 37 34 31 29 26 24 21 18 18 18 18 18 18 18 18 18 18 18 18 17 17 17 17 17 18 18 18 18 18 19
35 32 28 25 24 24 24 24 24 24 24 24 24 25 25 25 25 25 25 25 25 25 24 24 24 25 25 26 27 28 29 30 31 31 32 33 33 34 34 36 38 39 41 43 44 46 46 45 44 43 42 41 41 41 41 41 41 41 41 42 41 41 40 39 39 38 38 35 33 30 27 25 22 19 19 19 19 19 19 19 19 19 19 19 18 18 18 18 18 18 18 19 19 19 19 19
36 33 30 26 24 24 24 24 24 24 24 24 24 24 24 24 24 24 24 24 24 24 24 24 24 25 26 27 29 30 31 32 33 34 35 36 37 37 38 40 41 43 45 46 48 50 49 49 48 47 46 46 45 45 45 45 45 45 45 46 45 44 43 42 41 40 39 36 34 31 28 25 23 20 20 20 20 20 20 20 20 20 20 20 19 19 19 19 19 19 19 19 20 20 20 20
38 34 31 27 25 25 25 24 24 24 24 24 24 23 23 23 23 23 23 23 23 24 24 24 24 26 27 29 30 32 33 35 36 37 38 39 40 41 42 43 45 47 48 50 51 53 53 52 52 51 50 50 49 49 49 49 49 49 50 50 48 47 46 44 43 41 40 37 35 32 29 26 24 21 21 21 21 21 21 21 21 21 21 20 20 20 20 20 20 20 20 20 20 21 21 21
40 36 32 27 25 25 25 25 24 24 24 23 23 23 23 22 22 22 22 22 23 23 24 24 25 26 28 30 32 33 35 37 38 40 41 42 43 44 46 47 49 50 52 53 55 57 56 56 55 55 54 54 53 53 53 54 54 54 54 54 52 50 48 47 45 43 41 38 36 33 30 27 25 22 22 22 22 22 22 22 22 22 22 21 21 21 21 21 21 21 21 21 21 21 21 22
42 37 33 28 26 25 25 25 24 24 23 23 23 22 22 21 21 21 21 22 22 23 24 24 25 27 29 31 33 35 37 39 41 42 44 45 47 48 49 51 52 54 55 57 59 60 60 60 59 59 59 58 58 58 58 58 58 58 58 58 56 54 51 49 47 45 42 40 37 34 31 28 25 23 22 22 23 23 23 23 23 22 22 22 22 22 22 22 22 22 22 22 22 22 22 23
