pluvio/pluvio-228.asc
ncols         252
nrows         154
xllcorner     -0.5
yllcorner     -153.5
cellsize      1
NODATA_value  -9999
[rows 0 to 80 of 154, columns 0 to 95 of 252]
1 0 0 0 0 0 0 0 0 0 0 0 0 0 0 0 0 0 0 0 0 0 0 0 0 0 1 2 2 3 4 4 4 4 4 3 3 3 2 2 2 2 3 3 3 3 4 6 7 9 11 12 14 16 17 19 21 23 25 27 24 20 16 13 9 5 2 1 1 1 1 1 1 1 1 1 1 1 1 1 1 1 0 0 0 0 0 0 0 0 0 0 0 0 0 1
0 0 0 0 0 0 0 0 0 0 0 0 0 0 0 0 0 0 0 0 0 0 0 0 0 0 1 2 2 3 4 4 4 4 4 3 3 2 2 2 2 3 3 3 3 3 5 6 8 10 12 13 15 17 20 22 25 27 30 32 28 24 20 15 11 7 2 2 2 2 1 1 1 1 1 1 1 1 1 1 1 1 0 0 0 0 0 0 0 0 0 0 0 0 0 1
0 0 0 0 0 0 0 0 0 0 0 0 0 0 0 0 0 0 0 0 0 0 0 0 0 0 1 1 2 3 4 4 4 4 4 3 3 2 2 2 2 3 3 3 3 3 5 7 9 11 12 14 16 19 22 25 28 31 34 38 33 28 23 18 13 8 3 2 2 2 2 2 1 1 1 1 1 1 1 1 1 1 1 0 0 0 0 0 0 0 0 0 0 0 0 0
0 0 0 0 0 0 0 0 0 0 0 0 0 0 0 0 0 0 0 0 0 0 0 0 0 0 1 1 2 3 4 4 4 4 4 3 3 2 2 2 2 3 3 3 3 4 5 7 9 11 13 15 17 21 25 28 32 36 39 43 38 32 27 21 15 9 3 2 2 2 2 2 2 2 1 1 1 1 1 1 1 1 1 0 0 0 0 0 0 0 0 0 0 0 0 0
0 0 0 0 0 0 0 0 0 0 0 0 0 0 0 0 0 0 0 0 0 0 0 0 0 0 1 1 2 3 4 4 4 4 3 3 3 2 2 2 2 3 3 3 3 4 5 7 9 11 13 15 17 21 26 30 34 39 43 48 42 36 29 23 16 10 3 3 3 2 2 2 2 2 2 1 1 1 1 1 1 1 1 0 0 0 0 0 0 0 0 0 0 0 0 0
0 0 0 0 0 0 0 0 0 0 0 0 0 0 0 0 0 0 0 0 0 0 0 0 0 0 1 1 2 3 3 4 4 4 3 3 3 2 2 2 2 2 3 3 3 3 5 7 9 11 13 14 16 21 26 31 36 41 46 51 46 39 32 25 18 11 4 3 3 2 2 2 2 2 2 1 1 1 1 1 1 1 0 0 0 0 0 0 0 0 0 0 0 0 0 0
0 0 0 0 0 0 0 0 0 0 0 0 0 0 0 0 0 0 0 0 0 0 0 0 0 0 1 1 2 2 3 4 4 3 3 3 2 2 2 2 2 2 2 3 3 3 5 6 8 10 12 13 15 20 26 32 38 44 49 55 49 42 34 26 19 11 4 3 3 3 2 2 2 2 1 1 1 1 1 1 1 0 0 0 0 0 0 0 0 0 0 0 0 0 0 0
0 0 0 0 0 0 0 0 0 0 0 0 0 0 0 0 0 0 0 0 0 0 0 0 0 0 1 1 2 2 3 3 3 3 3 2 2 2 1 2 2 2 2 2 3 3 4 6 8 9 11 12 14 20 26 33 39 46 52 59 52 44 36 28 20 12 4 3 3 3 2 2 2 2 1 1 1 1 1 1 0 0 0 0 0 0 0 0 0 0 0 0 0 0 0 0
0 0 0 0 0 0 0 0 0 0 0 0 0 0 0 0 0 0 0 0 0 0 0 0 0 0 0 1 2 2 3 3 3 3 3 2 2 2 1 1 2 2 2 2 2 3 4 5 7 8 10 12 13 19 27 34 41 48 55 63 56 47 39 30 21 13 4 3 3 3 3 2 2 2 1 1 1 1 1 1 0 0 0 0 0 0 0 0 0 0 0 0 0 0 0 0
0 0 0 0 0 0 0 0 0 0 0 0 0 0 0 0 0 0 0 0 0 0 0 0 0 0 0 1 1 2 2 3 3 3 2 2 2 1 1 1 1 2 2 2 2 2 4 5 6 8 9 11 12 19 27 35 43 50 58 66 59 50 41 32 23 14 4 4 3 3 3 2 2 2 1 1 1 1 1 0 0 0 0 0 0 0 0 0 0 0 0 0 0 0 0 0
0 0 0 0 0 0 0 0 0 0 0 0 0 0 0 0 0 0 0 0 0 0 0 0 0 0 0 1 1 2 2 3 3 2 2 2 2 1 1 1 1 1 2 2 2 2 3 4 6 7 8 10 11 18 27 36 44 53 61 70 62 53 43 34 24 14 5 4 3 3 3 2 2 2 1 1 1 1 1 0 0 0 0 0 0 0 0 0 0 0 0 0 0 0 0 0
0 0 0 0 0 0 0 0 0 0 0 0 0 0 0 0 0 0 0 0 0 0 0 0 0 0 0 1 1 2 2 2 2 2 2 2 1 1 1 1 1 1 1 2 2 2 3 4 5 6 8 9 10 17 26 34 43 51 59 68 61 51 42 33 23 14 5 4 3 3 3 2 2 2 2 1 1 1 1 0 0 0 0 0 0 0 0 0 0 0 0 0 0 0 0 0
0 0 0 0 0 0 0 0 0 0 0 0 0 0 0 0 0 0 0 0 0 0 0 0 0 0 0 1 1 2 2 2 2 2 2 2 1 1 1 1 1 1 1 1 1 2 2 4 5 6 7 8 9 15 23 31 38 46 54 61 55 46 38 29 21 13 4 3 3 3 3 2 2 2 2 1 1 1 1 1 0 0 0 0 0 0 0 0 0 0 0 0 0 0 0 0
0 0 0 0 0 0 0 0 0 0 0 0 0 0 0 0 0 0 0 0 0 0 0 0 0 0 0 1 1 2 2 2 2 2 2 1 1 1 1 1 1 1 1 1 1 1 2 3 4 5 6 7 8 14 20 27 34 41 48 54 49 41 34 26 19 11 4 3 3 3 3 2 2 2 2 2 1 1 1 1 1 0 0 0 0 0 0 0 0 0 0 0 0 0 0 0
0 0 0 0 0 0 0 0 0 0 0 0 0 0 0 0 0 0 0 0 0 0 0 0 0 0 1 1 1 2 2 2 2 2 2 1 1 1 1 1 1 1 1 1 1 1 2 3 3 4 5 6 7 12 18 24 30 36 42 48 43 36 30 23 16 10 3 3 3 3 2 2 2 2 2 2 1 1 1 1 1 1 0 0 0 0 0 0 0 0 0 0 0 0 0 0
0 0 0 0 0 0 0 0 0 0 0 0 0 0 0 0 0 0 0 0 0 0 0 0 0 0 1 1 1 2 2 2 2 2 2 1 1 1 1 1 1 1 1 1 1 1 1 2 3 4 4 5 6 10 15 21 26 31 36 41 37 31 25 20 14 9 3 3 2 2 2 2 2 2 2 2 2 1 1 1 1 1 1 0 0 0 0 0 0 0 0 0 0 0 0 0
1 0 0 0 0 0 0 0 0 0 0 0 0 0 0 0 0 0 0 0 0 0 0 0 0 0 1 1 1 1 2 2 2 2 1 1 1 1 0 0 0 0 0 0 0 0 1 2 2 3 4 4 5 9 13 17 21 26 30 34 31 26 21 17 12 7 3 2 2 2 2 2 2 2 2 2 2 2 1 1 1 1 1 1 0 0 0 0 0 0 0 0 0 0 1 1
1 0 0 0 0 0 0 0 0 0 1 1 0 0 0 0 0 0 0 0 0 0 0 0 0 1 1 1 1 1 2 2 2 2 1 1 1 1 0 0 0 0 0 0 0 0 1 1 2 2 3 3 4 7 10 14 17 21 24 28 25 21 17 13 10 6 2 2 2 2 2 2 2 2 2 2 2 2 1 1 1 1 1 1 1 1 0 0 0 0 0 1 1 1 1 1
1 0 0 0 0 0 0 0 0 0 1 1 1 1 1 1 1 1 1 1 1 2 2 2 3 3 3 3 3 3 3 3 3 2 2 2 1 1 0 0 0 0 0 0 0 0 1 1 2 2 3 3 4 6 9 12 15 18 21 23 21 18 15 12 8 5 2 2 2 2 2 2 3 3 3 2 2 2 2 1 1 1 1 1 1 1 1 0 0 1 1 1 1 1 1 1
1 0 0 0 0 0 0 0 0 0 1 1 1 1 1 2 2 2 3 3 4 4 5 5 6 6 6 6 5 5 5 5 4 4 3 2 2 1 1 0 0 0 0 0 0 0 1 1 2 2 3 3 4 6 9 11 14 16 18 21 19 16 13 11 8 5 2 2 2 3 3 3 3 3 3 3 2 2 2 2 1 1 1 1 1 1 1 1 1 1 1 1 1 1 1 1
1 0 0 0 0 0 0 0 0 0 0 1 1 2 2 3 3 4 4 5 6 7 8 8 9 9 9 8 8 8 7 7 6 5 4 3 2 1 1 0 0 0 0 0 1 1 1 2 2 3 3 4 4 6 8 10 12 14 16 18 17 14 12 10 7 5 3 2 3 3 3 3 3 3 3 3 3 2 2 2 2 1 1 1 1 1 1 1 1 1 1 1 1 1 1 1
1 0 0 0 0 0 0 0 0 0 0 1 2 2 3 4 4 5 6 7 8 9 11 12 13 13 12 11 11 10 9 8 7 6 5 4 3 2 1 0 0 1 1 1 1 1 1 2 2 3 3 4 5 6 8 9 11 13 14 16 14 12 11 9 7 5 3 3 3 3 3 3 4 4 3 3 3 3 2 2 2 2 2 1 1 1 1 1 1 1 1 1 1 1 1 1
1 0 0 0 0 0 0 0 0 0 0 1 2 3 4 5 6 7 8 9 11 12 13 15 16 16 15 14 13 12 11 10 9 8 6 5 4 2 1 0 1 1 1 1 1 1 1 2 3 3 4 4 5 6 7 9 10 11 12 13 12 11 9 8 6 4 3 3 3 3 4 4 4 4 4 3 3 3 3 2 2 2 2 2 1 1 1 1 1 1 1 1 1 1 1 1
0 0 0 0 0 0 0 0 0 0 0 1 2 3 5 6 7 8 10 11 13 15 16 18 20 19 18 17 16 14 13 12 11 9 7 6 4 2 1 0 1 1 1 1 1 1 2 2 3 3 4 5 5 6 7 8 8 9 10 11 10 9 8 7 5 4 3 3 3 4 4 4 4 4 4 4 3 3 3 2 2 2 2 2 2 1 1 1 1 1 1 1 1 1 1 1
0 0 0 0 0 0 0 0 0 0 0 1 2 4 5 7 8 10 11 13 15 17 19 21 23 23 21 20 18 17 15 14 12 10 8 7 5 3 1 1 1 1 1 1 1 1 2 2 3 4 4 5 6 6 6 7 7 8 8 8 8 7 6 6 5 4 3 3 4 4 4 4 5 5 4 4 4 3 3 3 2 2 2 2 2 2 1 1 1 1 1 1 1 1 1 1
0 0 0 0 0 0 0 0 0 0 0 1 3 4 6 8 9 11 13 14 16 18 20 22 24 23 22 21 19 18 16 15 13 11 9 7 5 3 1 1 1 1 1 1 2 2 2 3 3 4 5 5 6 6 6 7 7 7 7 7 7 6 6 5 5 4 4 4 4 4 4 4 4 5 4 4 4 3 3 3 2 2 2 2 2 2 1 1 1 1 1 1 1 1 1 1
0 0 0 0 0 0 0 0 0 0 0 1 3 5 6 8 10 12 13 15 17 18 20 22 23 23 22 20 19 18 16 15 13 11 9 7 5 3 1 1 1 1 2 2 2 2 3 3 4 5 5 6 6 6 7 7 7 7 7 7 7 6 6 5 5 5 4 4 4 4 4 4 4 4 4 4 3 3 3 2 2 2 2 2 2 1 1 1 1 1 1 1 1 1 1 1
0 0 0 0 0 0 0 0 0 0 0 1 3 5 7 9 11 13 14 16 17 19 20 22 23 23 22 20 19 18 17 15 14 12 10 8 6 4 2 1 2 2 2 2 3 3 3 4 4 5 5 6 7 7 7 7 7 7 7 7 7 6 6 6 5 5 5 4 4 4 4 4 4 4 3 3 3 3 2 2 2 2 2 1 1 1 1 1 1 1 1 1 1 1 1 1
0 0 0 0 0 0 0 0 0 0 0 1 3 5 7 9 11 13 15 16 18 19 20 21 23 22 21 20 19 18 17 16 14 12 10 8 6 4 2 2 2 2 3 3 3 4 4 5 5 5 6 6 7 7 7 7 7 7 7 7 6 6 6 6 6 5 5 5 5 4 4 4 3 3 3 3 3 2 2 2 2 2 1 1 1 1 1 1 1 1 1 1 1 1 1 1
0 0 0 0 0 0 0 0 0 0 0 1 3 5 8 10 12 14 16 17 18 19 20 21 22 22 21 20 19 18 17 16 14 12 10 8 6 4 2 2 2 3 3 4 4 4 5 5 6 6 6 7 7 7 7 7 7 7 7 6 6 6 6 6 6 6 6 5 5 4 4 4 3 3 3 2 2 2 2 2 1 1 1 1 1 1 1 1 1 1 1 1 1 1 1 1
0 0 0 0 0 0 0 0 0 0 0 1 3 6 8 10 13 15 17 17 18 19 20 21 22 22 21 20 19 18 17 16 14 12 10 8 6 4 2 2 3 3 4 4 4 5 5 6 6 6 7 7 8 7 7 7 7 7 6 6 6 6 6 6 6 6 6 6 5 4 4 3 3 2 2 2 2 2 1 1 1 1 1 1 1 1 1 1 1 1 1 1 1 1 1 1
0 0 0 0 0 0 0 0 0 0 0 1 4 6 9 11 13 16 17 18 19 19 20 21 22 21 20 20 19 18 17 16 15 13 11 9 7 5 3 3 3 4 4 5 5 6 6 6 7 7 7 8 8 8 7 7 7 6 6 6 6 6 6 6 6 6 7 6 5 5 4 3 2 2 2 2 1 1 1 1 1 1 1 1 1 1 1 1 1 1 1 1 1 1 1 1
0 0 0 0 0 0 0 0 0 0 0 1 3 6 8 10 12 15 16 16 17 17 18 19 19 19 18 18 17 17 16 16 14 12 10 8 7 5 3 3 3 4 4 5 5 6 6 6 7 7 7 7 8 8 7 7 6 6 6 5 6 6 6 6 6 6 7 6 5 5 4 3 3 2 2 2 2 1 1 1 1 1 1 1 1 1 1 1 1 1 1 1 1 1 1 1
1 1 1 0 0 0 0 0 0 0 0 1 3 5 6 8 10 12 13 14 14 15 15 16 16 16 16 15 15 15 14 14 13 11 10 8 6 5 3 3 3 4 4 5 5 5 6 6 6 7 7 7 8 7 7 6 6 6 5 5 5 5 6 6 6 6 7 6 6 5 4 4 3 3 3 2 2 2 2 1 1 1 1 1 1 1 1 0 0 0 0 0 1 1 1 0
1 1 1 1 1 1 0 0 0 0 0 1 2 4 5 7 8 10 11 11 11 12 12 13 13 13 13 13 13 13 13 13 12 10 9 7 6 4 3 3 3 4 4 4 5 5 6 6 6 6 7 7 7 7 7 6 6 5 5 4 5 5 5 5 6 6 6 6 6 5 5 4 4 4 3 3 2 2 2 1 1 1 1 1 1 1 0 0 0 0 0 0 0 0 0 0
2 2 2 1 1 1 1 1 0 0 0 0 2 3 4 5 6 7 8 8 9 9 9 10 10 10 10 10 11 11 11 11 10 9 8 7 5 4 3 3 3 4 4 4 5 5 5 6 6 6 7 7 7 7 6 6 5 5 4 4 4 4 5 5 6 6 6 6 6 5 5 5 5 4 4 3 3 2 2 2 1 1 1 1 1 1 0 0 0 0 0 0 0 0 0 0
2 2 2 2 2 1 1 1 0 0 0 0 1 2 3 3 4 5 6 6 6 6 6 7 7 7 8 8 8 9 9 10 9 8 7 6 5 4 3 3 3 4 4 4 4 5 5 5 6 6 6 7 7 7 6 5 5 4 4 3 3 4 4 5 5 6 6 6 6 6 6 5 5 5 4 4 3 3 2 2 1 1 1 1 1 1 0 0 0 0 0 0 0 0 0 0
3 3 3 2 2 2 1 1 1 0 0 0 1 1 1 2 2 3 3 3 3 3 3 4 4 4 5 5 6 7 8 8 8 7 6 5 5 4 3 3 3 4 4 4 4 5 5 5 6 6 6 7 7 6 6 5 4 4 3 3 3 3 4 5 5 6 6 6 6 6 6 6 6 6 5 4 4 3 3 2 1 1 1 1 1 0 0 0 0 0 0 0 0 0 0 0
4 3 3 3 2 2 2 1 1 0 0 0 0 0 0 0 0 0 0 0 0 0 0 1 1 1 2 3 4 5 6 7 7 6 5 5 4 4 3 3 3 4 4 4 4 4 5 5 5 6 6 6 7 6 5 5 4 3 3 2 2 3 4 4 5 5 6 6 6 6 6 6 6 6 6 5 4 4 3 2 1 1 1 1 1 0 0 0 0 0 0 0 0 0 0 0
3 3 3 2 2 2 1 1 1 0 0 0 0 0 0 0 0 0 0 0 0 0 0 0 0 0 1 2 3 4 5 6 6 5 5 4 4 4 3 3 3 3 4 4 4 4 4 5 5 5 6 6 6 6 5 4 4 3 2 2 2 3 3 4 4 5 6 6 6 6 6 6 6 6 5 5 4 3 3 2 2 1 1 1 1 0 0 0 0 0 0 0 0 0 0 0
3 2 2 2 2 1 1 1 1 0 0 0 0 0 0 0 0 0 0 0 0 0 0 0 0 0 1 2 3 4 5 5 5 5 5 4 4 3 3 3 3 3 3 3 4 4 4 4 4 5 5 5 6 5 5 4 3 3 2 2 2 2 3 3 4 5 5 5 5 5 5 5 5 5 5 4 4 3 3 2 2 2 1 1 1 0 0 0 0 0 0 0 0 0 0 0
2 2 2 2 1 1 1 1 0 0 0 0 0 0 0 0 0 0 0 0 0 0 0 0 0 0 1 2 3 3 4 5 5 4 4 4 4 3 3 3 3 3 3 3 3 3 3 4 4 4 5 5 5 5 4 4 3 2 2 1 2 2 3 3 4 4 4 4 4 4 4 4 4 4 4 4 3 3 3 2 2 2 1 1 1 0 0 0 0 0 0 0 0 0 0 0
1 1 1 1 1 1 1 0 0 0 0 0 0 0 0 0 0 0 0 0 0 0 0 0 0 0 1 2 2 3 4 4 4 4 4 4 3 3 3 3 3 3 3 3 3 3 3 3 4 4 4 4 5 4 4 3 3 2 2 1 1 2 2 3 3 3 4 4 4 4 4 4 4 4 3 3 3 3 3 2 2 2 1 1 1 0 0 0 0 0 0 0 0 0 0 0
1 1 1 1 1 0 0 0 0 0 0 0 0 0 0 0 0 0 0 0 0 0 0 0 0 0 1 2 2 3 3 4 4 4 3 3 3 3 3 3 3 3 3 3 3 2 3 3 3 3 4 4 4 4 3 3 2 2 1 1 1 2 2 2 3 3 3 3 3 3 3 3 3 3 3 3 3 3 3 2 2 2 2 1 1 0 0 0 0 0 0 0 0 0 0 0
0 0 0 0 0 0 0 0 0 0 0 0 0 0 0 0 0 0 0 0 0 0 0 0 0 1 1 1 2 2 3 3 3 3 3 3 3 3 3 3 2 2 2 2 2 2 2 2 3 3 3 3 4 3 3 2 2 2 1 1 1 1 2 2 2 2 3 3 2 2 2 2 2 2 2 2 2 2 2 2 2 2 2 1 1 0 0 0 0 0 0 0 0 0 0 0
0 0 0 0 0 0 0 0 0 0 0 0 0 0 0 0 0 0 0 0 0 0 0 0 0 1 1 1 2 2 2 3 3 3 3 3 3 3 3 2 2 2 2 2 2 2 2 2 2 2 3 3 3 3 2 2 2 1 1 1 1 1 1 1 2 2 2 2 2 2 2 2 2 2 2 2 2 2 2 2 3 2 2 1 1 0 0 0 0 0 0 0 0 0 0 0
0 0 0 0 0 0 0 0 0 0 0 0 0 0 0 0 0 0 0 0 0 0 0 0 0 1 1 1 2 2 2 3 3 3 3 3 2 2 2 2 2 2 2 2 2 2 2 2 2 2 2 3 3 3 2 2 2 1 1 1 1 1 1 1 1 1 2 2 2 2 1 1 1 1 1 2 2 2 2 2 3 2 2 1 1 0 0 0 0 0 0 0 0 0 0 0
0 0 0 0 0 0 0 0 0 0 0 0 0 0 0 0 0 0 0 0 0 0 0 0 0 1 1 1 2 2 3 3 3 3 3 3 2 2 2 2 2 2 2 2 1 1 1 2 2 2 2 2 3 2 2 2 1 1 1 0 1 1 1 1 1 1 1 1 1 1 1 1 1 1 1 2 2 2 2 2 2 2 1 1 1 0 0 0 0 0 0 0 0 0 0 0
0 0 0 0 0 0 0 0 0 0 0 0 0 0 0 0 0 0 0 0 0 0 0 0 0 1 1 2 2 3 3 3 3 3 3 3 2 2 2 2 2 1 1 1 1 1 1 2 2 2 2 2 2 2 2 2 1 1 1 0 0 1 1 1 1 1 1 1 1 1 1 1 1 1 1 1 2 2 2 2 2 2 1 1 1 0 0 0 0 0 0 0 0 0 0 0
0 0 0 0 0 0 0 0 0 0 0 0 0 0 0 0 0 0 0 0 0 0 0 0 0 1 1 2 2 3 3 4 4 3 3 3 2 2 1 1 1 1 1 1 1 1 1 1 2 2 2 2 2 2 2 1 1 1 1 0 0 0 1 1 1 1 1 1 1 1 1 1 1 1 1 1 1 1 2 2 2 2 1 1 1 0 0 0 0 0 0 0 0 0 0 0
0 0 0 0 0 0 0 0 0 0 0 0 0 0 0 0 0 0 0 0 0 0 0 0 0 1 1 2 2 3 4 4 4 4 3 3 2 2 1 1 1 1 1 1 1 1 1 1 1 2 2 2 2 2 2 1 1 1 0 0 0 0 0 0 0 1 1 1 1 1 1 1 1 1 1 1 1 1 1 2 2 1 1 1 0 0 0 0 0 0 0 0 0 0 0 0
1 0 0 0 0 0 0 0 0 0 0 0 0 0 0 0 0 0 0 0 0 0 0 0 0 1 1 2 3 3 4 5 4 4 3 3 2 1 1 1 1 1 1 1 1 1 1 1 1 1 2 2 2 2 1 1 1 1 0 0 0 0 0 0 0 0 0 0 0 1 1 1 1 1 1 1 1 1 1 1 1 1 1 1 0 0 0 0 0 0 0 0 0 0 0 0
1 0 0 0 0 0 0 0 0 0 0 0 0 0 0 0 0 0 0 0 0 0 0 0 0 1 1 2 3 4 4 5 5 4 3 3 2 1 1 0 0 0 0 0 0 1 1 1 1 1 1 2 2 2 1 1 1 0 0 0 0 0 0 0 0 0 0 0 0 0 0 0 1 1 1 1 1 1 1 1 1 1 1 0 0 0 0 0 0 0 0 0 0 0 0 0
2 2 2 1 1 1 1 1 1 1 1 1 1 1 1 1 1 1 1 1 1 1 1 1 1 1 2 3 3 4 4 5 5 4 3 3 2 1 1 1 1 1 1 1 1 1 1 1 1 1 1 2 2 2 1 1 1 1 0 0 0 0 0 0 0 0 0 0 0 0 0 0 0 0 1 1 1 1 1 1 1 1 1 0 0 0 0 0 0 0 0 0 0 0 0 0
4 4 4 4 3 3 3 2 2 2 2 1 2 2 2 2 2 2 2 2 2 2 2 2 2 2 3 3 3 4 4 5 5 4 3 3 2 2 1 1 1 1 1 1 1 1 1 1 1 1 1 2 2 1 1 1 1 1 1 1 0 0 0 0 0 0 0 0 0 0 0 0 0 0 0 0 0 1 1 1 1 1 0 0 0 0 0 0 0 0 0 0 0 0 0 0
5 5 5 6 5 5 4 4 3 3 2 2 2 2 2 2 3 3 3 3 3 3 3 3 3 3 3 4 4 4 4 5 4 4 3 3 2 2 1 1 1 1 1 1 1 1 1 1 1 1 1 2 2 1 1 1 1 1 1 1 1 1 1 1 1 0 0 0 0 0 0 0 0 0 0 0 0 0 0 0 0 0 0 0 0 0 0 0 0 0 0 0 0 0 0 0
7 7 7 8 7 7 6 5 5 4 3 3 3 3 3 3 3 3 3 3 4 4 4 4 4 4 4 4 4 4 4 5 4 4 3 3 2 2 2 2 2 2 2 2 2 2 2 2 2 2 2 1 1 1 1 1 1 1 1 1 1 1 1 1 1 1 1 0 0 0 0 0 0 0 0 0 0 0 0 0 0 0 0 0 0 0 0 0 0 0 0 0 0 0 0 0
8 9 9 10 9 8 8 7 6 5 4 4 4 4 4 4 4 4 4 4 4 4 4 5 5 5 5 5 5 4 4 4 4 4 3 3 3 2 2 2 2 2 2 2 2 2 2 2 2 2 2 1 1 1 1 1 1 1 1 1 1 1 1 1 1 1 1 0 0 0 0 0 0 0 0 0 0 0 0 0 0 0 0 0 0 0 0 0 0 0 0 0 0 0 0 0
10 10 11 12 11 10 9 8 7 6 5 4 4 4 5 5 5 5 5 5 5 5 5 5 6 5 5 5 5 5 4 4 4 4 3 3 3 2 2 2 2 2 2 2 2 3 2 2 2 2 2 1 1 1 1 1 2 2 2 2 2 2 1 1 1 1 1 1 0 0 0 0 0 0 0 0 0 0 0 0 0 0 0 0 0 0 0 0 0 0 0 0 0 0 0 0
11 12 13 14 13 12 11 9 8 7 5 5 5 5 5 5 6 6 6 6 6 6 6 6 6 6 6 6 5 5 4 4 4 4 3 3 3 3 2 2 2 3 3 3 3 3 3 2 2 2 2 1 1 1 1 2 2 2 2 2 2 2 2 1 1 1 1 1 0 0 0 0 0 0 0 0 0 0 0 0 0 0 0 0 0 0 0 0 0 0 0 0 0 0 0 0
12 13 14 15 15 14 12 11 9 8 6 5 5 5 5 5 5 5 5 6 6 6 6 6 7 6 6 6 5 5 5 5 4 4 4 3 3 3 2 2 2 3 3 3 3 3 3 2 2 2 2 1 1 1 1 1 2 2 2 2 2 2 2 1 1 1 1 1 1 0 0 0 0 0 0 0 0 0 0 0 0 0 0 0 0 0 0 0 0 0 0 0 0 0 0 0
13 15 16 17 17 15 13 12 10 8 7 6 6 6 5 5 5 5 5 5 5 6 6 6 6 6 6 6 6 5 5 5 5 4 4 3 3 3 2 2 2 2 2 3 3 3 2 2 2 2 1 1 1 1 1 1 1 2 2 2 2 2 2 2 1 1 1 1 1 1 0 0 0 0 0 0 0 0 0 0 0 0 0 0 0 0 0 0 0 0 0 0 0 0 0 0
15 16 17 19 18 17 15 13 11 9 8 7 6 6 6 5 5 5 5 5 5 5 6 6 6 6 6 6 6 6 6 5 5 5 4 4 3 3 2 2 2 2 2 2 2 2 2 2 2 2 1 1 1 1 1 1 1 2 2 2 2 2 2 2 2 1 1 1 1 1 1 0 0 0 0 0 0 0 0 0 0 0 0 0 0 0 0 0 0 0 0 0 0 0 0 0
16 17 19 20 20 18 16 14 12 10 8 7 7 6 6 5 5 4 4 4 5 5 6 6 6 6 6 6 6 6 6 6 5 5 4 4 3 3 2 2 2 2 2 2 2 2 2 2 2 1 1 1 1 1 1 1 1 1 2 2 2 2 2 2 2 2 2 1 1 1 1 1 1 0 0 0 0 0 0 0 0 0 0 0 0 0 0 0 0 0 0 0 0 0 0 0
17 19 20 22 22 19 17 15 13 11 9 8 7 6 6 5 4 4 4 4 4 5 5 6 6 6 6 6 6 6 6 6 6 5 5 4 3 3 2 2 2 2 2 2 2 2 2 2 2 1 1 1 1 1 1 1 1 1 1 2 2 2 2 2 2 2 2 2 1 1 1 1 1 1 0 0 0 0 0 0 0 0 0 0 0 0 0 0 0 0 0 0 0 0 0 0
18 20 22 23 23 21 19 16 14 12 10 8 7 6 6 5 4 3 3 4 4 5 5 6 6 6 6 6 6 6 7 7 6 6 5 4 4 3 2 2 2 2 2 2 2 2 2 2 1 1 1 1 1 1 1 1 1 1 1 1 2 2 2 2 2 2 2 2 2 1 1 1 1 1 1 0 0 0 0 0 0 0 0 0 0 0 0 0 0 0 0 0 0 0 0 0
19 21 23 25 25 22 20 18 15 13 10 9 8 7 6 5 4 3 3 3 4 4 5 5 6 6 6 6 7 7 7 7 7 6 5 4 4 3 2 2 2 2 2 2 2 2 2 1 1 1 1 1 0 1 1 1 1 1 1 1 1 2 2 2 2 2 2 2 2 2 2 1 1 1 1 1 0 0 0 0 0 0 0 0 0 0 0 0 0 0 0 0 0 0 0 0
20 21 23 25 25 23 21 19 17 15 13 11 10 9 8 6 5 4 4 4 4 5 5 5 6 6 6 6 6 6 7 7 6 6 5 4 4 3 2 2 2 2 2 2 2 2 2 1 1 1 1 1 0 0 1 1 1 1 1 1 1 1 2 2 2 2 2 2 2 2 2 2 1 1 1 1 1 1 0 0 0 0 0 0 0 0 0 0 0 0 0 0 0 0 0 0
20 22 23 25 25 23 22 20 18 17 15 13 12 11 9 8 7 5 5 5 5 5 5 6 6 6 6 6 6 6 6 6 6 5 5 4 4 3 3 2 2 2 2 2 2 2 2 1 1 1 1 1 0 0 0 1 1 1 1 1 1 1 2 2 2 2 3 3 2 2 2 2 2 2 2 1 1 1 1 0 0 0 0 0 0 0 0 0 0 0 0 0 0 0 0 0
21 22 23 25 25 24 22 21 20 19 17 16 14 13 11 10 8 7 6 6 6 6 6 6 6 6 6 6 6 6 6 6 6 5 5 4 4 3 3 2 2 2 2 2 2 2 1 1 1 1 1 1 0 0 0 0 1 1 1 1 1 1 2 2 2 2 3 3 3 3 2 2 2 2 2 2 1 1 1 1 0 0 0 0 0 0 0 0 0 0 0 0 0 0 0 0
21 22 23 25 25 24 23 22 21 21 20 18 17 15 13 12 10 8 7 7 7 6 6 6 5 5 5 5 5 5 5 5 5 5 4 4 4 3 3 2 2 2 2 2 2 2 1 1 1 1 1 1 0 0 0 0 0 0 0 0 1 1 2 2 2 3 3 3 3 3 3 3 3 3 2 2 2 2 1 1 1 1 0 0 0 0 0 0 0 0 0 0 0 0 0 0
22 23 24 24 25 24 24 23 23 23 22 21 19 17 15 13 11 9 8 8 7 7 6 6 5 5 5 5 5 5 5 5 5 4 4 4 3 3 3 3 2 2 2 2 2 2 1 1 1 1 1 0 0 0 0 0 0 0 0 0 1 1 1 2 2 3 3 3 3 3 3 3 3 3 3 2 2 2 2 1 1 1 1 0 0 0 0 0 0 0 0 0 0 0 0 0
22 23 24 24 25 25 25 25 25 25 24 23 21 19 17 15 13 11 10 9 8 7 7 6 5 5 5 5 5 5 5 5 4 4 4 4 3 3 3 3 2 2 2 2 2 2 1 1 1 1 1 0 0 0 0 0 0 0 0 0 0 1 1 2 2 3 3 3 3 3 3 3 3 3 3 3 3 2 2 2 1 1 1 1 0 0 0 0 0 0 0 0 0 0 0 0
23 23 24 24 25 25 25 26 26 26 27 26 23 21 19 17 14 12 11 10 9 8 7 6 5 5 5 5 4 4 4 4 4 4 4 4 3 3 3 3 3 2 2 2 2 2 1 1 1 1 1 0 0 0 0 0 0 0 0 0 0 1 1 2 2 3 3 4 4 4 4 4 4 4 4 3 3 3 2 2 2 1 1 1 0 0 0 0 0 0 0 0 0 0 0 0
20 20 21 21 22 22 23 23 23 24 24 23 21 19 18 16 14 12 11 10 9 9 8 7 6 6 6 5 5 5 5 4 4 4 4 4 3 3 3 3 3 3 2 2 2 2 2 1 1 1 1 1 0 0 0 0 0 0 0 0 0 1 1 2 2 3 3 3 3 3 3 3 3 3 3 3 3 2 2 2 2 1 1 1 0 0 0 0 0 0 0 0 0 0 0 0
17 18 18 19 19 19 20 20 20 21 21 20 19 18 16 15 14 12 11 11 10 9 9 8 8 7 7 6 6 5 5 4 4 4 4 4 4 3 3 3 3 3 3 2 2 2 2 2 1 1 1 1 1 0 0 0 0 0 0 0 0 1 1 2 2 2 3 3 3 3 3 3 3 3 3 2 2 2 2 2 1 1 1 1 0 0 0 0 0 0 0 0 0 0 0 0
15 15 16 16 16 17 17 17 17 18 18 17 17 16 15 14 13 12 12 11 11 10 10 9 9 8 8 7 6 6 5 4 4 4 4 4 4 3 3 3 3 3 3 3 2 2 2 2 2 1 1 1 1 0 0 0 0 0 0 0 0 1 1 1 2 2 2 2 2 2 2 2 2 2 2 2 2 2 2 1 1 1 1 1 0 0 0 0 0 0 0 0 0 0 0 0
12 13 13 13 13 14 14 14 14 15 15 15 14 14 13 13 13 12 12 12 11 11 11 10 10 10 9 8 7 6 5 5 4 4 4 4 4 4 3 3 3 3 3 3 3 3 2 2 2 2 1 1 1 1 0 0 0 0 0 0 0 1 1 1 2 2 2 2 2 2 2 2 2 2 2 2 2 1 1 1 1 1 1 0 0 0 0 0 0 0 0 0 0 0 0 0
10 10 10 10 11 11 11 11 11 12 12 12 12 12 12 12 12 12 12 12 12 12 12 12 11 11 10 9 8 7 6 5 4 4 4 4 4 4 4 3 3 3 3 3 3 3 3 2 2 2 1 1 1 1 1 0 0 0 0 0 0 0 1 1 1 2 2 2 2 2 2 1 1 1 1 1 1 1 1 1 1 1 1 0 0 0 0 0 0 0 0 0 0 0 0 0
7 7 7 8 8 8 8 8 8 9 9 9 10 10 11 11 12 12 12 12 12 13 13 13 13 12 11 10 8 7 6 5 4 4 4 4 4 4 4 4 4 3 3 3 3 3 3 2 2 2 2 1 1 1 1 1 0 0 0 0 0 0 1 1 1 1 1 1 1 1 1 1 1 1 1 1 1 1 1 1 1 1 1 0 0 0 0 0 0 0 0 0 0 0 0 0
5 5 5 5 5 5 5 5 6 6 6 6 7 8 9 10 11 12 13 13 13 13 13 14 14 13 12 10 9 8 6 5 4 4 4 4 4 4 4 4 4 4 4 3 3 3 3 3 2 2 2 1 1 1 1 1 0 0 0 0 0 0 1 1 1 1 1 1 1 1 1 1 0 0 0 0 1 1 1 1 1 1 0 0 0 0 0 0 0 0 0 0 0 0 1 1
