pluvio/pluvio-201.asc
ncols         252
nrows         154
xllcorner     -18.017974
yllcorner     13.481982
cellsize      0.035948
NODATA_value  -9999
[rows 94 to 140 of 154, columns 0 to 95 of 252]
122 126 129 132 134 133 133 133 132 132 132 131 132 132 132 132 132 132 135 140 144 149 154 158 163 166 168 170 172 174 176 178 174 168 162 156 150 144 138 137 137 137 137 137 137 138 138 138 138 139 139 139 139 143 147 151 155 159 163 167 171 175 179 182 186 190 194 197 200 203 206 210 213 216 219 221 224 227 230 233 236 233 231 229 226 224 222 220 218 217 216 215 214 213 212 213
123 127 130 133 134 134 134 133 133 133 132 132 132 132 133 133 133 133 136 141 146 151 156 161 165 168 168 169 170 171 172 172 169 164 158 153 148 143 138 136 136 137 137 137 137 137 137 138 138 138 139 139 139 143 148 152 156 161 165 169 173 177 181 185 189 192 196 199 202 205 208 211 214 217 219 222 224 227 229 232 234 232 230 228 226 224 222 220 219 218 217 215 214 213 212 214
125 128 130 133 135 134 134 134 134 133 133 133 133 133 133 134 134 134 137 142 147 153 158 163 168 169 169 169 168 168 167 167 164 159 155 150 146 141 137 136 136 136 136 137 137 137 137 137 138 138 139 139 139 143 148 153 158 162 167 172 176 179 183 187 191 195 199 201 204 207 210 212 215 218 220 222 224 227 229 231 233 231 229 228 226 224 222 220 219 218 217 216 215 214 213 214
126 128 131 134 135 135 135 134 134 134 134 134 134 134 134 135 135 135 138 144 149 154 160 165 170 171 170 168 166 165 163 162 159 155 151 148 144 140 137 136 136 136 136 136 136 136 137 137 138 138 138 139 139 144 149 154 159 164 169 174 178 182 186 190 193 197 201 204 206 209 211 214 216 219 221 222 224 226 228 230 232 230 229 227 225 224 222 220 219 218 217 216 216 215 214 214
127 129 132 135 136 135 135 135 135 135 134 134 135 135 135 135 136 136 139 145 151 156 162 167 173 173 170 167 165 162 159 156 154 151 148 145 142 139 136 135 135 136 136 136 136 136 136 137 137 138 138 139 139 144 149 155 160 165 171 176 180 184 188 192 196 200 203 206 208 210 213 215 217 220 221 223 224 226 228 229 231 229 228 226 225 223 222 220 220 219 218 217 216 215 214 215
128 130 133 135 136 136 136 136 135 135 135 135 135 136 136 136 137 137 141 146 152 158 164 170 175 175 171 167 163 159 155 151 148 146 144 142 140 138 135 135 135 135 135 135 136 136 136 137 137 138 138 139 139 144 150 156 161 167 173 178 183 186 190 194 198 202 206 208 210 212 214 216 219 221 222 223 224 226 227 228 230 228 227 226 224 223 222 221 220 219 218 217 217 216 215 215
129 131 134 136 137 136 136 136 136 136 136 136 136 137 137 137 138 138 142 148 154 160 166 172 178 177 171 166 161 156 151 146 143 142 140 139 138 136 135 135 135 135 135 135 135 135 136 136 137 138 138 139 139 144 150 157 163 169 175 181 185 189 193 197 200 204 208 210 212 214 216 218 220 222 223 224 224 225 226 227 228 227 226 225 224 223 222 221 220 219 219 218 217 217 216 215
131 132 134 136 137 137 137 137 137 137 137 137 137 137 138 138 139 139 143 149 155 161 167 173 180 178 172 165 159 153 147 141 139 138 137 137 136 135 135 135 135 135 135 135 135 135 136 136 137 138 138 139 139 145 151 157 163 170 176 182 186 190 194 198 202 206 210 211 213 215 217 218 220 222 223 223 224 225 225 226 227 226 225 224 223 223 222 221 220 220 219 219 218 217 217 215
132 134 135 137 137 138 138 138 138 138 138 139 139 139 139 139 140 140 143 149 155 160 166 172 178 176 170 164 158 152 146 140 138 137 137 137 136 136 136 136 136 136 136 136 136 136 137 137 138 139 139 140 140 145 151 157 163 168 174 180 184 187 191 195 198 202 205 207 209 211 213 214 216 218 219 220 220 221 222 222 223 223 223 223 222 222 222 222 221 221 220 219 219 218 217 216
134 135 136 137 138 138 139 139 140 140 140 141 141 141 141 141 141 141 144 149 154 160 165 170 176 174 168 162 156 150 144 139 137 137 137 137 137 137 137 137 137 137 137 137 137 137 138 138 139 140 140 141 141 146 151 156 162 167 172 178 181 185 188 191 195 198 201 203 205 207 209 211 213 214 215 216 217 217 218 219 219 220 220 221 221 222 222 223 222 221 221 220 220 219 218 217
136 137 137 138 138 139 140 140 141 142 142 142 142 142 142 142 142 141 144 149 154 159 164 169 174 172 166 160 154 149 143 137 136 136 136 137 137 137 138 138 138 138 138 138 138 138 139 139 140 141 141 142 142 146 151 156 161 166 171 175 179 182 185 188 191 194 197 199 201 203 205 207 209 211 211 212 213 214 214 215 216 217 218 219 220 221 223 224 223 222 222 221 220 220 219 218
138 138 138 138 139 140 141 142 142 143 144 144 144 144 143 143 143 142 145 149 154 158 163 167 172 170 164 158 153 147 142 136 135 135 136 137 137 138 138 139 139 139 139 139 139 140 140 141 141 142 142 143 143 147 151 156 160 164 169 173 176 179 182 184 187 190 193 195 197 199 201 203 205 207 208 208 209 210 211 211 212 214 216 217 219 221 223 224 224 223 222 222 221 221 220 219
140 140 139 139 139 140 142 143 144 145 146 146 146 145 145 144 144 143 145 149 153 158 162 166 170 168 162 157 151 146 140 135 134 135 136 137 138 138 139 140 140 140 140 140 140 141 141 142 142 143 143 144 144 148 151 155 159 163 167 171 173 176 178 181 183 186 189 191 193 195 197 199 201 203 204 205 206 206 207 208 208 211 213 216 218 221 223 225 225 224 223 223 222 222 221 220
142 141 140 139 140 141 142 144 145 147 148 148 148 147 146 145 145 144 146 150 153 157 160 164 168 165 160 155 149 144 139 133 133 134 135 137 138 139 140 141 141 141 141 141 142 142 142 143 143 144 144 145 145 148 152 155 158 162 165 169 171 173 175 178 180 182 184 186 189 191 193 195 197 200 200 201 202 203 203 204 205 208 211 214 217 220 223 226 225 225 224 224 223 222 222 221
144 142 141 140 140 142 143 145 146 148 149 150 149 148 147 146 145 145 146 149 153 156 159 162 166 163 158 153 148 143 138 133 132 134 135 137 138 140 141 142 142 142 142 142 142 143 143 144 144 144 145 145 146 148 151 154 157 160 163 166 168 170 172 174 176 178 180 182 184 187 189 191 193 195 196 197 198 198 199 200 201 204 208 212 215 219 223 226 225 225 225 224 224 223 223 222
145 143 142 140 140 142 143 144 146 147 148 149 148 147 146 146 145 144 146 149 152 155 158 161 164 162 157 152 148 143 138 134 133 135 136 137 138 140 141 141 142 142 142 142 143 143 143 144 144 145 145 145 146 148 150 153 155 158 160 163 165 166 168 170 172 174 176 178 180 182 184 186 188 190 190 191 192 193 194 195 195 199 203 207 211 215 219 223 223 223 223 223 223 223 223 223
146 144 143 141 141 142 143 144 145 146 147 148 147 146 146 145 145 144 145 148 151 153 156 159 162 160 156 151 147 143 139 135 134 136 137 138 139 140 141 141 142 142 142 143 143 143 144 144 144 145 145 145 146 148 150 152 154 156 158 160 161 163 164 166 168 169 171 173 175 176 178 180 182 184 185 186 186 187 188 189 190 194 199 203 207 211 216 220 220 221 222 222 223 224 224 224
148 146 144 142 141 142 143 144 145 146 146 147 146 146 145 145 144 144 145 147 150 152 155 157 159 158 154 151 147 143 140 136 136 136 137 138 139 140 141 141 142 142 142 143 143 144 144 144 145 145 145 145 146 147 149 150 152 153 155 156 158 159 161 162 164 165 167 168 170 171 173 175 176 178 179 180 181 182 183 184 185 189 194 198 203 208 212 216 218 219 220 221 223 224 225 226
149 147 144 142 142 142 143 144 144 145 145 146 145 145 145 144 144 144 145 147 149 151 153 155 157 156 153 150 147 143 140 137 137 137 138 139 139 140 140 141 141 142 142 143 143 144 144 144 145 145 145 145 146 147 148 149 150 151 152 153 154 156 157 158 160 161 162 164 165 166 168 169 170 172 173 174 175 176 177 178 180 184 189 194 199 204 209 213 215 217 219 220 222 224 226 227
150 148 145 143 142 142 143 143 144 144 144 145 144 144 144 144 143 143 144 146 148 150 152 153 155 154 151 149 146 144 141 138 138 138 139 139 140 140 140 141 141 142 143 143 144 144 144 145 145 145 145 145 146 146 147 147 148 149 149 150 151 152 153 154 155 157 158 159 160 161 162 164 165 166 167 168 169 171 172 173 174 180 185 190 195 200 205 210 212 215 217 220 222 224 227 229
151 149 146 144 142 143 143 143 143 143 144 144 143 143 143 143 143 143 144 145 147 148 150 152 153 152 150 148 146 144 142 140 139 139 139 140 140 140 140 141 141 142 143 143 144 145 145 145 145 145 145 145 146 146 146 146 146 146 146 146 147 148 149 150 151 152 153 154 155 156 157 158 159 160 161 163 164 165 166 168 169 175 180 185 191 196 201 207 210 213 216 219 222 225 228 230
151 148 146 143 142 142 142 142 142 142 142 143 143 143 143 143 143 143 144 145 146 148 149 150 151 151 149 147 146 144 142 141 140 140 140 140 140 140 141 141 142 143 143 144 145 145 146 146 146 146 146 146 146 146 145 145 145 145 144 144 145 146 146 147 148 149 150 150 151 152 153 154 154 155 157 158 160 161 162 164 165 171 176 182 188 193 199 204 208 211 215 218 222 225 229 231
145 144 142 140 140 140 140 140 141 141 141 141 142 142 142 143 143 143 144 145 147 148 149 150 151 150 149 147 146 144 143 141 141 141 141 141 142 142 142 143 144 145 145 146 147 148 148 148 148 148 147 147 147 147 147 146 146 145 145 145 145 146 146 147 147 147 148 149 150 151 152 153 153 154 156 158 159 161 162 164 166 171 177 182 188 194 199 205 208 212 216 220 223 227 231 233
140 139 138 137 137 138 138 139 139 139 140 140 141 141 142 143 143 144 145 146 147 148 149 150 151 150 149 147 146 144 143 141 141 142 142 143 143 144 144 145 146 147 148 149 149 150 150 150 150 149 149 149 149 148 148 147 147 146 146 145 145 146 146 146 146 146 146 147 148 149 150 151 152 153 155 157 159 160 162 164 166 171 177 183 188 194 200 205 209 213 217 221 225 229 232 234
134 134 134 135 135 136 136 137 137 138 138 139 140 141 142 143 143 144 145 146 147 148 149 150 151 150 149 147 146 145 143 142 142 143 143 144 145 145 146 147 148 149 150 151 152 153 153 152 152 151 151 150 150 149 149 148 148 147 146 146 146 146 145 145 145 145 145 146 147 148 149 150 151 152 154 156 158 160 162 164 166 172 177 183 189 194 200 205 210 214 218 222 226 230 234 235
128 129 130 132 133 133 134 135 136 136 137 138 139 140 141 142 144 145 146 146 147 148 149 150 150 150 149 147 146 145 144 142 142 143 144 145 146 147 148 149 150 151 152 153 154 155 155 154 154 153 152 152 151 151 150 149 148 148 147 146 146 145 145 145 144 144 143 144 146 147 148 149 150 151 154 156 158 160 162 164 166 172 178 183 189 195 200 206 210 215 219 223 228 232 236 237
122 125 127 129 130 131 132 133 134 135 136 137 138 140 141 142 144 145 146 147 147 148 149 149 150 150 148 147 146 145 144 143 143 144 145 146 147 148 149 151 152 153 154 155 157 158 157 157 156 155 154 153 153 152 151 150 149 149 148 147 146 145 145 144 143 142 142 143 144 145 147 148 149 151 153 155 157 160 162 164 167 172 178 184 189 195 201 206 211 215 220 225 229 234 238 238
117 120 123 126 128 129 130 131 132 133 134 136 137 139 141 142 144 145 146 147 148 148 149 149 150 149 148 147 146 145 144 143 144 145 146 147 149 150 151 152 154 155 156 158 159 160 160 159 158 157 156 155 154 153 152 151 150 149 148 148 146 145 144 143 142 141 140 141 143 144 145 147 148 150 152 155 157 160 162 165 167 173 178 184 190 195 201 207 211 216 221 226 231 235 240 239
113 117 121 124 127 128 129 130 131 132 134 135 137 139 141 142 144 146 147 148 149 150 150 151 152 151 150 149 148 146 145 144 144 146 147 149 150 151 153 154 155 157 158 159 161 162 161 160 159 158 157 156 155 154 153 152 151 150 149 148 146 145 144 143 141 140 139 140 142 143 144 146 147 149 151 154 157 160 162 165 168 173 179 185 191 196 202 208 213 217 222 227 232 237 241 240
115 118 122 126 128 129 130 131 132 133 134 136 137 139 141 143 144 146 148 150 152 154 156 158 160 159 157 154 152 150 147 145 145 147 148 149 151 152 153 155 156 157 158 159 161 162 161 160 159 157 156 155 154 153 151 150 149 148 147 146 145 144 143 142 140 139 138 139 141 143 144 146 147 149 151 154 157 160 163 166 169 175 181 187 193 199 205 211 215 219 224 228 232 236 240 239
117 120 123 127 129 130 131 132 133 134 135 136 138 140 141 143 145 146 149 152 155 158 161 164 167 166 163 160 156 153 150 147 147 148 149 150 152 153 154 155 156 157 159 160 161 162 161 159 158 157 155 154 153 151 150 149 148 147 146 145 144 143 142 141 140 139 137 139 140 142 144 145 147 148 151 154 157 160 163 166 170 176 182 189 195 202 208 214 218 222 225 229 233 236 240 239
118 122 125 128 130 131 132 133 134 135 135 137 138 140 142 143 145 147 150 154 158 163 167 171 175 174 169 165 161 157 152 148 148 149 150 151 152 154 155 156 157 158 159 160 161 162 161 159 158 156 155 153 152 150 149 148 147 146 145 144 143 142 141 140 139 138 137 138 140 141 143 145 146 148 151 154 158 161 164 167 171 177 184 191 197 204 211 217 221 224 227 230 233 236 239 238
120 123 126 130 131 132 133 134 134 135 136 137 139 141 142 144 145 147 151 156 162 167 172 177 183 181 176 171 165 160 155 149 149 150 151 152 153 154 156 157 157 158 159 160 161 162 160 159 157 156 154 152 151 149 148 147 146 145 144 142 141 141 140 139 138 137 136 138 139 141 143 144 146 148 151 154 158 161 165 168 172 179 186 193 200 207 214 221 223 226 228 231 234 236 238 238
122 125 128 131 133 133 134 135 135 136 137 138 139 141 143 144 146 147 152 158 165 171 178 184 190 188 182 176 170 163 157 151 150 151 152 153 154 155 156 157 158 159 159 160 161 162 160 158 157 155 153 151 150 148 147 146 145 143 142 141 140 139 139 138 137 136 135 137 139 140 142 144 146 147 151 155 158 162 165 169 173 180 187 195 202 209 217 224 226 228 230 232 234 236 238 237
124 126 129 132 134 134 135 136 136 137 137 138 140 141 143 145 146 148 153 160 168 175 183 191 198 196 189 181 174 167 159 152 151 152 153 154 155 156 157 158 158 159 160 160 161 161 160 158 156 154 152 151 149 147 146 145 143 142 141 140 139 138 138 137 136 135 135 136 138 140 142 143 145 147 151 155 158 162 166 170 174 181 189 197 204 212 220 227 229 230 232 233 234 236 237 236
125 128 131 133 135 135 136 136 137 137 138 139 140 142 143 145 146 148 154 162 170 178 186 195 203 201 193 185 177 170 162 154 152 153 154 155 156 157 158 158 159 159 160 160 161 161 160 158 156 154 152 150 148 147 146 144 143 142 140 139 139 138 137 137 136 136 135 137 139 140 142 144 146 148 152 155 159 163 167 171 175 183 190 198 206 214 222 229 230 231 232 233 234 236 236 236
127 129 132 134 136 136 136 137 137 137 138 139 140 142 144 145 147 148 154 162 170 178 186 194 202 200 193 186 178 171 164 157 155 156 156 157 157 158 158 159 159 160 160 160 161 161 160 158 157 155 153 151 150 148 147 146 144 143 141 140 140 139 139 138 138 138 137 139 141 143 145 147 148 150 154 158 162 165 169 173 177 184 192 199 206 214 221 228 229 230 231 232 233 234 235 235
128 131 133 135 136 137 137 137 137 138 138 139 141 142 144 146 147 149 154 162 170 178 186 193 201 200 193 186 180 173 166 159 158 158 158 158 159 159 159 159 160 160 160 160 161 161 160 158 157 155 154 152 151 149 148 147 145 144 142 141 141 141 140 140 140 140 140 141 143 145 147 149 151 153 157 160 164 168 171 175 179 186 193 200 207 214 221 227 228 229 230 231 232 233 234 234
130 132 134 136 137 137 138 138 138 138 138 139 141 142 144 146 148 149 155 162 170 178 185 193 200 199 193 187 181 174 168 162 160 160 160 160 160 160 160 160 160 160 160 160 161 161 160 159 157 156 155 153 152 151 149 148 146 145 143 142 142 142 142 142 142 142 142 144 146 148 150 152 154 156 159 163 166 170 173 177 181 187 194 200 207 213 220 226 227 228 229 230 231 232 233 233
131 133 135 137 138 138 138 138 138 138 138 139 141 143 144 146 148 150 155 163 170 177 185 192 200 198 193 187 182 176 171 165 163 162 162 162 161 161 160 160 160 160 160 161 161 161 160 159 158 157 156 154 153 152 150 149 147 146 144 143 143 143 143 143 144 144 144 146 148 150 152 154 156 158 162 165 169 172 176 179 183 189 195 201 207 213 220 225 226 227 228 229 230 231 232 232
133 135 136 138 139 139 139 139 138 138 138 139 141 143 145 147 148 150 155 163 170 177 184 192 199 198 193 188 183 178 173 168 166 165 164 163 162 162 161 160 161 161 161 161 161 161 160 159 158 157 156 156 155 153 152 150 149 147 145 144 144 144 145 145 146 146 146 148 150 152 155 157 159 161 164 167 171 174 178 181 184 190 196 202 208 213 219 224 225 226 227 228 229 230 231 232
134 136 137 139 140 139 139 139 139 139 138 139 141 143 145 147 149 151 156 163 170 177 184 191 198 197 193 188 184 179 175 170 168 167 166 165 164 162 161 161 161 161 161 161 161 160 160 159 159 158 157 157 156 154 153 151 150 148 146 145 145 146 146 147 147 148 149 151 153 155 157 159 161 163 167 170 173 176 180 183 186 192 197 202 208 213 219 224 224 225 226 227 228 229 230 231
136 137 139 140 140 139 139 139 138 138 137 138 140 142 144 146 148 150 155 162 169 176 183 190 197 197 193 189 185 181 177 173 171 170 168 167 166 164 163 163 163 162 162 162 162 162 162 161 160 160 159 159 158 157 155 154 152 151 149 147 148 149 149 150 151 151 152 154 156 158 160 162 165 167 170 173 176 179 182 185 189 194 199 204 209 214 219 223 224 225 226 227 228 229 230 231
140 139 139 139 139 138 137 137 136 135 134 135 137 139 140 142 144 146 151 159 166 174 182 189 197 197 194 190 187 183 180 176 175 173 172 171 169 168 167 166 166 166 166 166 166 166 166 165 165 164 164 163 163 161 160 158 157 156 154 153 153 154 155 155 156 157 157 159 161 163 165 167 169 171 174 177 180 183 186 188 191 196 201 206 210 215 220 224 225 226 227 228 229 230 231 233
143 141 140 139 138 137 136 135 134 132 131 132 133 135 137 138 140 142 147 155 164 172 180 188 196 197 194 191 188 186 183 180 178 177 175 174 173 172 170 170 170 170 170 170 170 170 170 169 169 168 168 167 167 166 164 163 162 161 159 158 158 159 160 161 161 162 163 165 166 168 170 172 173 175 178 181 183 186 189 191 194 199 203 208 212 217 221 226 227 228 229 230 231 232 233 234
146 143 141 139 137 135 134 133 131 130 128 129 130 132 133 135 136 138 144 152 161 170 178 187 196 197 195 192 190 188 185 183 181 180 179 178 176 175 174 174 174 174 174 174 174 175 174 174 173 173 172 172 171 170 169 168 167 166 164 163 164 165 165 166 167 167 168 170 171 173 175 176 178 180 182 185 187 189 192 194 197 201 206 210 214 218 223 227 228 229 230 231 232 233 234 236
149 145 142 139 136 134 132 131 129 127 125 125 127 128 130 131 132 134 140 149 158 168 177 186 195 197 195 194 192 190 188 186 185 183 182 181 180 179 178 177 178 178 178 178 179 179 178 178 177 177 176 176 175 175 174 173 172 171 170 169 169 170 171 171 172 173 174 175 176 178 179 181 182 184 186 188 191 193 195 197 200 204 208 212 216 220 224 228 229 230 231 232 234 235 236 237
