pluvio/pluvio-104.asc
ncols         252
nrows         154
xllcorner     -18.017974
yllcorner     13.481982
cellsize      0.035948
NODATA_value  -9999
[rows 102 to 152 of 154, columns 96 to 191 of 252]
120 121 123 124 125 126 128 129 130 133 135 138 141 144 146 149 152 154 157 160 163 165 168 168 168 168 168 168 168 168 168 168 167 167 167 167 167 165 162 159 157 154 151 149 146 143 141 138 135 132 130 129 129 128 127 127 126 126 125 124 124 123 123 122 121 120 119 118 117 116 115 114 113 111 110 109 108 107 106 106 106 106 106 106 105 105 105 105 105 105 105 105 105 105 105 105
123 125 126 128 129 130 132 133 135 137 140 143 146 149 152 154 157 160 163 166 169 172 175 175 175 174 174 174 173 173 173 172 172 171 171 171 170 168 165 163 160 157 154 152 149 146 144 141 138 136 133 132 132 131 130 130 129 129 128 127 127 126 126 125 125 123 122 121 120 119 118 117 115 114 113 112 111 110 109 109 108 108 108 108 108 108 108 108 108 108 107 107 107 107 108 108
127 128 130 131 133 135 136 138 139 142 145 148 151 154 157 160 163 166 169 172 175 178 181 182 181 180 180 179 179 178 177 177 176 176 175 174 174 171 169 166 163 160 158 155 152 150 147 144 141 139 136 135 135 134 133 133 132 132 131 131 130 129 129 128 128 127 125 124 123 122 121 119 118 117 116 115 113 112 111 111 111 111 111 111 111 111 110 110 110 110 110 110 110 110 110 110
129 131 132 134 136 137 139 140 142 145 148 151 154 157 160 163 166 169 173 176 179 182 185 185 184 184 183 182 182 181 180 180 179 178 178 177 176 174 171 169 166 163 161 158 155 152 150 147 144 142 139 138 138 137 136 136 135 135 134 133 133 132 132 131 130 129 128 127 125 124 123 122 120 119 118 117 115 114 113 113 113 113 113 112 112 112 112 112 112 112 112 112 111 112 112 112
131 133 134 136 138 139 141 142 144 147 150 153 156 159 162 165 168 172 175 178 181 184 187 187 187 186 185 185 184 183 183 182 181 181 180 179 179 176 174 171 168 166 163 161 158 155 153 150 147 145 142 141 141 140 139 139 138 138 137 136 136 135 134 134 133 132 130 129 128 126 125 124 122 121 120 118 117 116 115 114 114 114 114 114 114 113 113 113 113 113 113 113 113 113 113 113
133 135 136 138 140 141 143 145 146 149 152 155 158 161 164 167 171 174 177 180 183 186 189 189 189 188 187 187 186 186 185 184 184 183 182 182 181 179 176 173 171 168 166 163 161 158 155 153 150 148 145 144 144 143 142 142 141 140 140 139 138 138 137 136 136 134 133 131 130 129 127 126 124 123 121 120 119 117 116 116 116 115 115 115 115 115 115 114 114 114 114 114 114 114 114 114
135 137 139 140 142 143 145 147 148 151 154 157 160 163 166 170 173 176 179 182 185 188 191 192 191 190 190 189 188 188 187 186 186 185 184 184 183 181 178 176 173 171 168 166 163 161 158 156 153 151 148 147 147 146 145 145 144 143 143 142 141 141 140 139 138 137 135 134 132 131 129 128 126 125 123 122 120 119 117 117 117 117 117 116 116 116 116 115 115 115 115 115 115 115 115 115
137 139 141 142 144 145 147 149 150 153 156 159 162 165 169 172 175 178 181 184 187 190 194 194 193 193 192 191 191 190 189 189 188 187 187 186 185 183 181 178 176 173 171 169 166 164 161 159 156 154 151 151 150 149 148 148 147 146 145 145 144 143 143 142 141 139 138 136 135 133 131 130 128 127 125 123 122 120 119 119 118 118 118 118 117 117 117 117 116 116 116 116 116 116 116 116
139 141 143 144 146 147 149 151 152 155 158 161 164 168 171 174 177 180 183 186 190 193 196 196 195 195 194 193 193 192 191 191 190 190 189 188 188 185 183 181 178 176 174 171 169 166 164 162 159 157 154 154 153 152 151 151 150 149 148 148 147 146 145 144 144 142 140 139 137 135 134 132 130 129 127 125 123 122 120 120 120 119 119 119 119 118 118 118 118 117 117 117 117 117 117 117
141 143 145 146 148 150 151 153 154 157 160 163 167 170 173 176 179 182 185 189 192 195 198 198 198 197 196 196 195 194 194 193 192 192 191 190 190 188 185 183 181 178 176 174 172 169 167 165 162 160 158 157 156 155 154 154 153 152 151 150 150 149 148 147 146 145 143 141 139 137 136 134 132 130 129 127 125 123 122 121 121 121 120 120 120 120 119 119 119 118 118 118 118 118 118 118
144 145 147 148 150 152 153 155 156 159 162 165 169 172 175 178 181 184 188 191 194 197 200 200 200 199 198 198 197 197 196 195 195 194 193 193 192 190 188 186 183 181 179 177 174 172 170 167 165 163 161 160 159 158 157 156 156 155 154 153 152 151 151 150 149 147 145 143 141 140 138 136 134 132 130 129 127 125 123 123 122 122 122 121 121 121 120 120 120 119 119 119 119 119 119 119
146 147 149 150 152 154 155 157 159 161 164 168 171 174 177 180 183 186 190 193 196 199 202 203 202 201 201 200 199 199 198 197 197 196 196 195 194 192 190 188 186 184 181 179 177 175 173 170 168 166 164 163 162 161 160 159 159 158 157 156 155 154 153 152 152 150 148 146 144 142 140 138 136 134 132 130 128 126 125 124 124 123 123 123 122 122 122 121 121 121 120 120 120 120 120 120
148 149 151 153 154 156 157 159 161 163 166 170 173 176 179 182 185 189 192 195 198 201 204 205 204 203 203 202 202 201 200 200 199 198 198 197 197 195 192 190 188 186 184 182 180 178 175 173 171 169 167 166 165 164 163 162 161 161 160 159 158 157 156 155 154 152 150 148 146 144 142 140 138 136 134 132 130 128 126 126 125 125 124 124 124 123 123 122 122 122 121 121 121 121 121 121
150 151 153 155 156 158 159 161 163 165 169 172 175 178 181 184 188 191 194 197 200 203 207 207 206 206 205 204 204 203 203 202 201 201 200 199 199 197 195 193 191 189 187 185 182 180 178 176 174 172 170 169 168 167 166 165 164 163 162 162 161 160 159 158 157 155 153 150 148 146 144 142 140 138 136 134 131 129 127 127 127 126 126 125 125 124 124 124 123 123 122 122 122 122 122 123
152 153 155 157 158 160 161 163 165 167 171 174 177 180 183 187 190 193 196 199 202 206 209 209 208 208 207 207 206 205 205 204 203 203 202 202 201 199 197 195 193 191 189 187 185 183 181 179 177 175 173 172 171 170 169 168 167 166 165 164 163 162 161 160 159 157 155 153 151 148 146 144 142 140 137 135 133 131 129 128 128 128 127 127 126 126 125 125 124 124 123 123 123 123 123 124
154 155 157 159 160 162 164 165 167 169 173 176 179 182 185 189 192 195 198 201 205 208 211 211 211 210 209 209 208 208 207 206 206 205 204 204 203 201 200 198 196 194 192 190 188 186 184 182 180 178 176 175 174 173 172 171 170 169 168 167 166 165 164 163 162 160 158 155 153 151 148 146 144 142 139 137 135 132 130 130 129 129 128 128 127 127 126 126 125 125 124 124 124 124 124 125
156 158 159 161 162 164 166 167 169 172 175 178 181 184 188 191 194 197 200 204 207 210 213 213 213 212 212 211 210 210 209 209 208 207 207 206 205 204 202 200 198 196 194 193 191 189 187 185 183 181 179 178 177 176 175 174 173 172 171 170 169 168 167 166 165 162 160 158 155 153 150 148 146 143 141 139 136 134 132 131 131 130 130 129 129 128 128 127 127 126 125 125 125 125 125 126
159 160 162 163 164 166 167 169 170 173 176 179 182 185 188 191 194 197 200 203 206 209 212 212 212 211 210 210 209 208 208 207 207 206 205 205 204 202 201 199 197 196 194 192 191 189 187 185 184 182 180 179 178 177 176 175 174 173 172 171 170 169 168 167 166 163 161 159 156 154 152 149 147 145 143 140 138 136 134 133 133 132 132 131 130 130 129 129 128 128 127 127 127 127 127 128
162 163 164 165 167 168 169 170 171 174 177 179 182 185 188 190 193 196 199 201 204 207 210 210 209 209 208 207 207 206 205 205 204 203 203 202 202 200 199 197 196 194 193 191 190 188 187 185 184 182 181 179 178 177 176 175 174 173 172 171 170 169 168 167 166 164 162 159 157 155 153 151 148 146 144 142 140 137 135 135 134 134 133 133 133 132 132 131 131 130 130 129 129 129 130 130
165 166 167 168 169 170 171 172 173 175 177 180 182 185 187 190 192 195 197 200 203 205 208 208 207 206 206 205 204 204 203 202 202 201 200 200 199 198 197 195 194 193 191 190 189 187 186 185 183 182 181 180 179 178 177 176 175 174 173 172 171 170 169 168 167 164 162 160 158 156 154 152 150 148 145 143 141 139 137 137 136 136 135 135 135 134 134 133 133 132 132 132 131 132 132 132
167 168 169 170 171 171 172 173 174 176 178 180 183 185 187 189 192 194 196 199 201 203 205 205 205 204 203 203 202 201 201 200 199 199 198 197 197 196 194 193 192 191 190 189 188 187 185 184 183 182 181 180 179 178 177 176 175 174 173 172 171 170 169 168 167 165 163 161 159 157 155 153 151 149 147 145 143 141 139 139 138 138 137 137 137 136 136 135 135 135 134 134 134 134 134 134
170 171 172 172 173 173 174 175 175 177 179 181 183 185 187 189 191 193 195 197 199 201 203 203 202 202 201 200 200 199 198 198 197 196 196 195 194 193 192 191 190 190 189 188 187 186 185 184 183 182 181 180 179 178 177 176 175 174 173 172 171 170 169 168 167 165 164 162 160 158 156 154 152 150 148 146 144 142 141 140 140 140 139 139 139 138 138 138 137 137 137 136 136 136 136 137
173 174 174 174 175 175 176 176 176 178 179 181 183 185 187 188 190 192 194 196 197 199 201 201 200 199 199 198 197 197 196 195 194 194 193 192 192 191 190 189 189 188 187 187 186 185 184 184 183 182 181 180 179 179 178 177 176 175 174 173 172 171 170 169 168 166 164 162 161 159 157 155 153 151 150 148 146 144 143 142 142 142 141 141 141 140 140 140 139 139 139 138 138 139 139 139
176 176 177 177 177 177 177 177 178 179 180 182 183 185 186 188 189 191 193 194 196 197 199 199 198 197 196 196 195 194 194 193 192 191 191 190 189 189 188 188 187 186 186 185 185 184 184 183 183 182 182 181 180 179 178 177 176 175 174 173 172 171 170 169 168 167 165 163 161 160 158 156 155 153 151 149 148 146 144 144 144 144 143 143 143 142 142 142 142 141 141 141 141 141 141 141
179 179 179 179 179 179 179 179 179 180 181 182 184 185 186 187 189 190 191 193 194 195 197 196 196 195 194 193 193 192 191 190 190 189 188 187 187 186 186 186 185 185 185 184 184 184 183 183 183 182 182 181 180 179 178 177 176 175 174 173 173 172 171 170 169 167 165 164 162 161 159 157 156 154 153 151 149 148 146 146 146 146 145 145 145 145 144 144 144 144 143 143 143 143 143 144
182 182 182 181 181 181 181 180 180 181 182 183 184 185 186 187 188 189 190 191 192 193 194 194 193 193 192 191 190 189 189 188 187 186 186 185 184 184 184 184 184 183 183 183 183 183 183 183 182 182 182 181 180 179 178 177 177 176 175 174 173 172 171 170 169 168 166 165 163 162 160 159 157 155 154 152 151 149 148 148 148 147 147 147 147 147 146 146 146 146 146 145 145 145 146 146
185 185 184 184 183 183 182 182 181 182 182 183 184 185 186 186 187 188 189 190 191 191 192 192 191 190 189 189 188 187 186 186 185 184 183 183 182 182 182 182 182 182 182 182 182 182 182 182 182 182 182 181 181 180 179 178 177 176 175 174 173 172 171 171 170 168 167 165 164 163 161 160 158 157 155 154 153 151 150 150 150 149 149 149 149 149 149 148 148 148 148 148 148 148 148 148
188 187 187 186 185 185 184 183 182 183 183 184 184 185 185 186 187 187 188 188 189 189 190 189 189 188 187 186 186 185 184 183 182 182 181 180 179 179 180 180 180 180 181 181 181 181 182 182 182 182 183 182 181 180 179 178 177 176 175 175 174 173 172 171 170 169 167 166 165 163 162 161 159 158 157 155 154 153 152 152 151 151 151 151 151 151 151 151 150 150 150 150 150 150 150 150
191 190 189 188 187 186 185 185 184 184 184 184 184 185 185 185 186 186 186 187 187 187 188 187 186 186 185 184 183 182 182 181 180 179 178 178 177 177 177 178 178 179 179 180 180 181 181 181 182 182 183 182 181 180 179 178 178 177 176 175 174 173 172 171 171 169 168 167 166 164 163 162 161 159 158 157 156 155 153 153 153 153 153 153 153 153 153 153 153 153 152 152 152 152 152 153
194 193 192 191 189 188 187 186 185 184 185 185 185 185 185 185 185 185 185 185 185 185 186 185 184 183 182 182 181 180 179 178 178 177 176 175 174 175 175 176 177 177 178 179 179 180 180 181 182 182 183 182 181 180 180 179 178 177 176 175 174 174 173 172 171 170 169 168 166 165 164 163 162 161 160 159 157 156 155 155 155 155 155 155 155 155 155 155 155 155 155 155 155 155 155 155
197 196 194 193 191 190 189 187 186 185 185 185 185 185 185 184 184 184 184 184 184 184 183 183 182 181 180 179 179 178 177 176 175 174 174 173 172 172 173 174 175 176 177 177 178 179 180 181 182 182 183 182 182 181 180 179 178 177 176 176 175 174 173 172 171 170 169 168 167 166 165 164 163 162 161 160 159 158 157 157 157 157 157 157 157 157 157 157 157 157 157 157 157 157 157 157
198 197 195 194 192 190 189 187 186 185 185 185 185 185 184 184 184 184 184 184 184 183 183 182 182 181 180 179 178 177 176 175 174 173 172 171 170 171 171 172 173 174 174 175 176 177 177 178 179 180 180 180 179 179 178 177 177 176 176 175 174 174 173 172 172 171 170 169 168 167 166 166 165 164 163 162 161 160 160 160 160 160 160 160 160 160 160 160 160 160 160 160 160 160 160 160
200 198 196 194 192 191 189 187 185 185 184 184 184 184 184 184 184 184 184 184 184 184 183 183 181 180 179 178 177 176 175 174 173 172 171 170 169 169 170 170 171 172 172 173 173 174 175 175 176 177 177 177 177 176 176 175 175 175 174 174 174 173 173 172 172 171 171 170 169 168 168 167 166 166 165 164 163 163 162 162 162 162 162 163 163 163 163 163 163 163 163 163 163 163 163 163
201 199 197 195 193 191 189 187 185 184 184 184 184 184 184 184 184 184 184 184 184 184 184 183 181 180 179 178 177 175 174 173 172 171 169 168 167 167 168 168 169 169 170 170 171 171 172 173 173 174 174 174 174 174 174 174 173 173 173 173 173 173 173 172 172 172 171 171 170 170 169 168 168 167 167 166 166 165 165 165 165 165 165 165 165 166 166 166 166 166 166 166 167 166 166 166
202 200 198 195 193 191 189 186 184 183 183 183 183 183 184 184 184 184 184 184 184 184 184 183 181 180 179 177 176 175 173 172 171 169 168 167 165 166 166 166 167 167 168 168 168 169 169 170 170 171 171 171 171 171 171 172 172 172 172 172 172 172 172 173 173 172 172 171 171 171 170 170 170 169 169 168 168 168 167 167 168 168 168 168 168 169 169 169 169 169 169 170 170 170 170 169
204 201 199 196 194 191 189 186 183 183 183 183 183 183 183 183 183 184 184 184 184 184 184 183 181 180 178 177 176 174 173 171 170 168 167 165 164 164 164 164 165 165 165 166 166 166 167 167 167 168 168 168 169 169 169 170 170 170 171 171 171 172 172 173 173 173 172 172 172 172 172 171 171 171 171 170 170 170 170 170 170 170 171 171 171 171 172 172 172 172 173 173 173 173 173 173
205 202 199 197 194 191 188 186 183 182 182 182 183 183 183 183 183 183 184 184 184 184 184 183 181 180 178 177 175 173 172 170 169 167 165 164 162 162 162 163 163 163 163 163 164 164 164 164 164 164 165 165 166 166 167 168 168 169 170 170 171 171 172 173 173 173 173 173 173 173 173 173 173 173 173 173 172 172 172 173 173 173 173 174 174 174 175 175 175 175 176 176 176 176 176 176
206 203 200 197 194 191 188 185 182 182 182 182 182 182 183 183 183 183 184 184 184 184 184 183 181 180 178 176 174 173 171 169 168 166 164 162 161 160 161 161 161 161 161 161 161 161 161 161 161 161 161 162 163 164 165 166 167 168 168 169 170 171 172 173 174 174 174 174 174 174 174 174 174 174 174 175 175 175 175 175 176 176 176 177 177 177 178 178 178 179 179 179 179 179 179 179
208 204 201 198 195 191 188 185 182 181 181 182 182 182 182 183 183 183 183 184 184 184 185 183 181 179 178 176 174 172 170 168 166 165 163 161 159 159 159 159 159 159 159 159 159 159 158 158 158 158 158 159 161 162 163 164 165 166 167 168 169 171 172 173 174 174 174 175 175 175 175 176 176 176 176 177 177 177 177 178 178 179 179 179 180 180 180 181 181 182 182 182 183 182 182 182
209 205 202 199 195 192 188 185 181 180 181 181 181 182 182 182 183 183 183 184 184 184 185 183 181 179 177 175 173 171 169 167 165 163 161 159 157 157 157 157 157 157 156 156 156 156 156 156 155 155 155 156 158 159 161 162 163 165 166 167 169 170 171 173 174 175 175 175 176 176 177 177 178 178 178 179 179 180 180 180 181 181 182 182 183 183 183 184 184 185 185 186 186 186 185 185
210 206 203 199 195 192 188 184 181 180 180 181 181 181 182 182 183 183 183 184 184 185 185 183 181 179 177 175 173 171 169 166 164 162 160 158 156 155 155 155 155 154 154 154 154 153 153 153 153 152 152 154 155 157 158 160 162 163 165 166 168 170 171 173 174 175 176 176 177 177 178 179 179 180 180 181 181 182 183 183 184 184 184 185 185 186 186 187 187 188 188 189 189 189 188 188
211 208 204 200 196 192 188 184 180 179 180 180 181 181 182 182 182 183 183 184 184 185 185 183 181 179 177 175 172 170 168 166 163 161 159 157 154 154 153 153 153 152 152 151 151 151 150 150 150 149 149 151 152 154 156 158 160 162 164 165 167 169 171 173 175 175 176 177 178 178 179 180 181 181 182 183 184 184 185 186 186 187 187 188 188 189 189 190 190 191 191 192 192 192 192 191
213 209 204 200 196 192 188 184 180 179 179 180 180 181 181 182 182 183 183 184 184 185 185 184 181 179 176 174 172 169 167 165 162 160 158 155 153 152 152 151 151 150 150 149 149 148 148 147 147 146 146 148 150 152 154 156 158 160 162 165 167 169 171 173 175 176 177 178 179 180 180 181 182 183 184 185 186 187 188 188 189 189 190 191 191 192 192 193 193 194 195 195 195 195 195 194
214 210 205 201 197 192 188 183 179 178 179 179 180 180 181 182 182 183 183 184 184 185 186 184 181 179 176 174 171 169 166 164 161 159 156 154 151 150 150 149 149 148 147 147 146 146 145 144 144 143 143 145 147 149 152 154 157 159 161 164 166 168 171 173 175 176 177 179 180 181 182 183 184 185 186 187 188 189 190 191 191 192 193 193 194 195 195 196 196 197 198 198 199 198 198 198
215 211 206 202 197 192 188 183 179 178 178 179 179 180 181 181 182 183 183 184 184 185 186 184 181 179 176 173 171 168 165 163 160 157 155 152 150 149 148 147 146 146 145 144 144 143 142 141 141 140 139 142 144 147 150 152 155 157 160 163 165 168 171 173 176 177 178 179 181 182 183 184 186 187 188 189 190 192 193 193 194 195 195 196 197 197 198 199 199 200 201 201 202 201 201 201
215 210 206 201 197 192 188 183 179 178 178 179 180 181 181 182 183 183 184 185 185 186 187 185 182 179 177 174 171 169 166 163 161 158 156 153 150 149 149 148 148 147 147 146 146 145 145 144 143 143 142 145 148 150 153 156 159 161 164 167 170 172 175 178 180 182 183 184 185 186 187 188 189 190 192 193 194 195 196 197 197 198 198 199 200 200 201 202 202 203 204 204 205 204 204 203
214 210 206 201 197 192 188 183 179 178 179 180 180 181 182 182 183 184 185 185 186 187 187 186 183 180 178 175 172 170 167 164 162 159 156 154 151 150 150 150 149 149 149 148 148 148 147 147 146 146 146 148 151 154 157 160 163 166 168 171 174 177 180 183 186 187 187 188 189 190 191 192 193 194 195 196 197 198 199 200 200 201 201 202 203 203 204 204 205 206 206 207 207 207 206 205
214 209 205 201 197 192 188 184 179 179 179 180 181 182 182 183 184 185 185 186 187 188 188 186 184 181 178 176 173 170 168 165 162 160 157 154 152 151 151 151 151 151 150 150 150 150 150 150 149 149 149 152 155 158 161 164 167 170 173 176 179 182 185 188 191 191 192 193 194 195 196 196 197 198 199 200 201 201 202 203 203 204 204 205 206 206 207 207 208 208 209 210 210 209 208 208
213 209 205 201 196 192 188 184 180 179 180 180 181 182 183 184 184 185 186 187 188 188 189 187 185 182 179 177 174 171 169 166 163 161 158 155 153 152 152 152 152 152 152 152 152 152 152 152 152 152 152 155 159 162 165 168 171 174 177 180 183 186 190 193 196 196 197 198 198 199 200 200 201 202 203 203 204 205 205 206 206 207 207 208 208 209 210 210 211 211 212 212 212 212 211 210
213 209 204 200 196 192 188 184 180 179 180 181 182 183 183 184 185 186 187 188 188 189 190 188 186 183 180 178 175 172 169 167 164 161 159 156 153 153 153 154 154 154 154 154 155 155 155 155 155 156 156 159 162 165 169 172 175 178 181 185 188 191 194 198 201 201 202 202 203 203 204 205 205 206 206 207 207 208 208 209 209 210 210 211 211 212 212 213 213 214 214 215 215 214 213 212
212 208 204 200 196 192 188 184 180 180 180 181 182 183 184 185 186 187 188 188 189 190 191 189 186 184 181 178 176 173 170 168 165 162 159 157 154 154 154 155 155 156 156 156 157 157 158 158 158 159 159 162 166 169 172 176 179 182 186 189 192 196 199 203 206 206 207 207 207 208 208 209 209 209 210 210 211 211 212 212 212 213 213 214 214 215 215 216 216 217 217 218 218 217 216 215
