pluvio/pluvio-18.asc
ncols         252
nrows         154
xllcorner     -18.017974
yllcorner     13.481982
cellsize      0.035948
NODATA_value  -9999
[rows 57 to 113 of 154, columns 96 to 191 of 252]
10 10 10 11 11 12 12 13 13 13 14 15 15 16 16 17 17 18 18 19 19 20 20 20 20 19 19 18 18 17 17 16 16 16 15 15 14 14 14 14 13 13 13 12 12 12 12 11 11 11 11 11 11 12 12 12 13 13 14 14 14 15 15 15 16 16 16 16 17 17 17 17 17 17 18 18 18 18 18 18 18 18 18 18 18 18 18 17 17 17 17 17 17 18 19 21
10 10 11 11 11 12 12 12 13 13 14 14 15 15 16 16 17 17 18 18 19 19 20 20 19 19 18 18 17 17 16 16 16 15 15 14 14 14 13 13 13 13 12 12 12 12 11 11 11 11 10 11 11 12 12 13 13 14 14 14 15 15 16 16 17 17 17 17 18 18 18 18 18 19 19 19 19 20 20 20 19 19 19 19 19 19 19 19 19 18 18 18 18 19 20 22
10 10 11 11 11 12 12 12 13 13 14 14 15 15 16 16 16 17 17 18 18 19 19 19 19 18 18 17 17 16 16 15 15 15 14 14 13 13 13 13 12 12 12 12 11 11 11 11 11 10 10 11 11 12 12 13 13 14 14 15 16 16 17 17 18 18 18 18 19 19 19 19 20 20 20 20 21 21 21 21 21 21 21 20 20 20 20 20 20 20 19 19 19 20 22 23
10 10 11 11 11 12 12 12 13 13 13 14 14 15 15 16 16 17 17 18 18 18 19 19 18 18 17 17 16 16 15 15 15 14 14 13 13 12 12 12 12 12 11 11 11 11 11 10 10 10 10 10 11 12 12 13 14 14 15 16 16 17 17 18 19 19 19 20 20 20 20 21 21 21 21 22 22 22 23 22 22 22 22 22 22 21 21 21 21 21 21 20 20 22 23 24
10 11 11 11 11 12 12 12 12 13 13 14 14 15 15 15 16 16 17 17 18 18 19 18 18 17 17 16 16 15 15 15 14 14 13 13 12 12 12 12 11 11 11 11 11 11 10 10 10 10 10 10 11 12 12 13 14 15 15 16 17 18 18 19 20 20 20 21 21 21 22 22 22 22 23 23 23 24 24 24 24 23 23 23 23 23 22 22 22 22 22 21 22 23 24 25
10 11 11 11 11 12 12 12 12 13 13 14 14 14 15 15 16 16 16 17 17 18 18 18 17 17 16 16 15 15 14 14 14 13 13 12 12 11 11 11 11 11 11 10 10 10 10 10 10 10 9 10 11 12 13 13 14 15 16 17 17 18 19 20 21 21 21 22 22 22 23 23 23 24 24 24 25 25 25 25 25 25 24 24 24 24 24 23 23 23 23 23 23 24 25 26
10 11 11 11 11 11 12 12 12 12 13 13 14 14 14 15 15 16 16 16 17 17 18 17 17 16 16 16 15 15 14 14 13 13 12 12 12 11 11 11 11 11 11 11 11 10 10 10 10 10 10 11 11 12 13 14 15 16 17 18 18 19 20 21 22 22 23 23 23 24 24 24 25 25 25 26 26 27 27 27 26 26 26 26 25 25 25 25 25 24 24 24 24 25 26 27
10 10 11 11 11 11 11 12 12 12 12 13 13 14 14 14 15 15 16 16 16 17 17 17 17 16 16 15 15 15 14 14 14 13 13 12 12 12 12 12 12 12 12 12 12 11 11 11 11 11 11 12 13 14 15 15 16 17 18 19 20 21 22 22 23 24 24 24 25 25 25 26 26 27 27 27 28 28 28 28 28 28 28 27 27 27 27 27 26 26 26 26 26 27 28 29
10 10 10 11 11 11 11 11 11 12 12 12 13 13 14 14 14 15 15 15 16 16 17 16 16 16 16 15 15 15 14 14 14 13 13 13 13 13 13 13 13 13 13 13 13 13 13 13 13 13 13 13 14 15 16 17 18 19 19 20 21 22 23 24 25 25 25 26 26 27 27 27 28 28 28 29 29 30 30 30 30 29 29 29 29 29 28 28 28 28 28 27 28 29 29 30
10 10 10 10 10 11 11 11 11 11 12 12 12 13 13 14 14 14 15 15 15 16 16 16 16 15 15 15 15 15 14 14 14 14 14 13 13 13 13 13 13 13 13 13 14 14 14 14 14 14 14 15 16 16 17 18 19 20 21 22 23 23 24 25 26 26 27 27 28 28 28 29 29 30 30 30 31 31 32 31 31 31 31 31 30 30 30 30 30 30 29 29 29 30 31 32
10 10 10 10 10 10 10 11 11 11 11 12 12 12 13 13 13 14 14 14 15 15 15 15 15 15 15 15 15 15 14 14 14 14 14 14 14 14 14 14 14 14 14 14 15 15 15 15 15 15 15 16 17 18 19 20 20 21 22 23 24 25 26 27 27 28 28 29 29 29 30 30 31 31 32 32 32 33 33 33 33 33 32 32 32 32 32 32 32 31 31 31 31 32 33 34
9 10 10 10 10 10 10 10 10 11 11 11 12 12 12 13 13 13 14 14 14 15 15 15 15 15 15 15 15 15 15 14 14 14 14 14 14 14 14 15 15 15 15 15 16 16 16 16 16 16 17 17 18 19 20 21 22 23 24 24 25 26 27 28 29 29 30 30 31 31 31 32 32 33 33 33 34 34 35 35 34 34 34 34 34 34 34 33 33 33 33 33 33 34 35 36
9 9 9 10 10 10 10 10 10 10 11 11 11 12 12 12 13 13 13 13 14 14 14 14 15 15 15 15 15 15 15 15 15 15 15 15 15 15 15 15 16 16 16 16 17 17 17 17 18 18 18 19 20 21 21 22 23 24 25 26 27 28 29 29 30 31 31 32 32 32 33 33 34 34 35 35 35 36 36 36 36 36 36 36 35 35 35 35 35 35 35 35 35 36 36 37
9 9 9 9 9 9 10 10 10 10 10 11 11 11 11 12 12 12 13 13 13 14 14 14 14 14 14 14 14 15 15 15 15 15 15 15 15 15 16 16 16 17 17 17 18 18 18 18 19 19 19 20 21 22 23 24 25 26 26 27 28 29 30 31 32 32 33 33 33 34 34 35 35 36 36 37 37 37 38 38 38 37 37 37 37 37 37 37 37 37 36 36 36 37 38 39
9 9 9 9 9 9 9 9 9 10 10 10 10 11 11 11 12 12 12 12 13 13 13 14 14 14 14 14 14 15 15 15 15 15 15 15 16 16 16 17 17 17 18 18 19 19 19 20 20 20 21 22 22 23 24 25 26 27 28 29 30 30 31 32 33 34 34 34 35 35 36 36 37 37 38 38 39 39 39 39 39 39 39 39 39 39 39 39 38 38 38 38 38 39 40 41
9 9 9 9 9 9 9 9 9 9 9 10 10 10 11 11 11 11 12 12 12 13 13 13 13 14 14 14 14 14 15 15 15 15 16 16 16 17 17 17 18 18 19 19 20 20 20 21 21 22 22 23 24 25 26 26 27 28 29 30 31 32 33 34 34 35 35 36 36 37 37 38 38 39 39 40 40 41 41 41 41 41 41 41 40 40 40 40 40 40 40 40 40 41 42 42
8 9 9 9 9 9 9 9 9 9 9 9 10 10 10 10 11 11 11 11 12 12 12 13 13 13 14 14 14 14 15 15 15 16 16 16 17 17 18 18 19 19 20 20 21 21 22 22 22 23 23 24 25 26 27 28 29 30 31 31 32 33 34 35 36 36 37 37 38 38 39 39 40 40 41 41 42 42 42 42 42 42 42 42 42 42 42 42 42 42 42 42 42 43 43 44
8 8 8 8 8 8 8 8 8 8 9 9 9 9 10 10 10 10 11 11 11 11 12 12 12 13 13 14 14 14 15 15 16 16 16 17 17 18 18 19 19 20 20 21 22 22 23 23 24 24 25 26 27 27 28 29 30 31 32 33 34 35 36 36 37 38 38 39 39 40 40 41 41 42 42 43 43 44 44 44 44 44 44 44 44 44 44 44 44 44 44 44 44 44 45 46
8 8 8 8 8 8 8 8 8 8 8 9 9 9 9 10 10 10 10 10 11 11 11 12 12 13 13 13 14 14 15 15 16 16 17 17 18 18 19 20 20 21 21 22 23 23 24 24 25 26 26 27 28 29 30 31 32 32 33 34 35 36 37 38 39 39 40 40 41 41 42 42 43 43 44 44 45 45 46 46 46 46 46 46 45 45 45 45 45 45 45 45 45 46 47 48
8 8 8 8 8 8 8 8 8 8 8 8 8 9 9 9 9 10 10 10 10 10 11 11 12 12 13 13 14 14 15 16 16 17 17 18 18 19 20 20 21 22 22 23 24 24 25 26 26 27 28 28 29 30 31 32 33 34 35 36 37 37 38 39 40 41 41 42 42 43 43 44 44 45 45 46 46 47 47 47 47 47 47 47 47 47 47 47 47 47 47 47 47 48 49 49
8 8 8 8 8 8 8 7 7 8 8 8 8 9 9 9 9 9 10 10 10 10 11 11 12 12 13 13 14 15 15 16 16 17 18 18 19 20 20 21 22 22 23 24 25 25 26 27 27 28 29 30 31 32 33 33 34 35 36 37 38 39 40 41 42 42 43 43 44 44 45 45 46 47 47 48 48 49 49 49 49 49 49 49 49 49 49 49 49 49 49 49 49 50 50 51
8 8 8 8 8 8 8 8 7 8 8 8 8 9 9 9 9 10 10 10 11 11 11 12 12 13 13 14 15 15 16 16 17 18 18 19 20 20 21 22 22 23 24 25 25 26 27 28 28 29 30 31 32 33 34 35 36 37 38 39 40 41 42 43 44 45 45 46 46 47 47 48 48 49 49 50 50 51 51 51 51 51 51 51 51 51 51 50 50 50 50 50 50 51 52 52
8 8 8 8 8 8 8 8 8 8 8 8 9 9 9 9 10 10 10 11 11 11 11 12 13 13 14 15 15 16 16 17 18 18 19 20 20 21 22 23 23 24 25 26 26 27 28 29 29 30 31 32 33 34 35 36 38 39 40 41 42 43 44 45 46 47 47 48 48 49 49 50 50 51 51 52 52 53 53 53 53 53 53 53 52 52 52 52 52 52 52 52 52 52 53 54
8 8 8 8 8 8 8 8 8 8 8 8 9 9 9 10 10 10 11 11 11 12 12 12 13 14 14 15 16 16 17 18 18 19 20 20 21 22 22 23 24 25 26 27 27 28 29 30 31 31 32 33 34 36 37 38 39 40 41 43 44 45 46 47 48 49 49 50 50 51 51 52 52 53 53 54 54 55 55 55 55 55 55 54 54 54 54 54 54 54 53 53 53 54 55 55
7 7 8 8 8 8 8 8 8 8 8 9 9 9 10 10 10 11 11 11 12 12 12 13 14 14 15 16 16 17 18 18 19 20 20 21 22 22 23 24 25 26 27 27 28 29 30 31 32 32 33 34 36 37 38 39 41 42 43 44 46 47 48 49 51 51 52 52 53 53 53 54 54 55 55 56 56 57 57 57 57 57 56 56 56 56 56 56 55 55 55 55 55 55 56 57
7 7 7 7 8 8 8 8 8 8 8 9 9 9 10 10 11 11 11 12 12 12 13 13 14 15 15 16 17 17 18 19 20 20 21 22 22 23 24 25 26 27 27 28 29 30 31 32 33 34 34 36 37 38 40 41 42 44 45 46 48 49 50 52 53 53 54 54 55 55 56 56 56 57 57 58 58 59 59 59 59 58 58 58 58 58 57 57 57 57 57 56 56 57 57 58
7 7 7 7 8 8 8 8 8 8 8 9 9 10 10 10 11 11 12 12 12 13 13 14 15 15 16 17 17 18 19 19 20 21 22 22 23 24 25 26 27 27 28 29 30 31 32 33 34 35 36 37 38 40 41 42 44 45 47 48 49 51 52 54 55 55 56 56 57 57 58 58 59 59 59 60 60 61 61 61 61 60 60 60 60 59 59 59 59 58 58 58 58 58 59 59
7 7 7 7 8 8 8 8 8 8 9 9 9 10 10 11 11 12 12 12 13 13 14 14 15 16 16 17 18 19 19 20 21 21 22 23 24 25 25 26 27 28 29 30 31 32 33 34 35 36 37 38 40 41 43 44 45 47 48 50 51 53 54 56 57 58 58 59 59 59 60 60 61 61 62 62 62 63 63 63 63 62 62 62 61 61 61 61 60 60 60 59 59 60 60 61
7 7 7 7 7 8 8 8 8 8 9 9 10 10 10 11 11 12 12 13 13 14 14 15 15 16 17 18 18 19 20 21 21 22 23 24 24 25 26 27 28 29 30 31 32 33 34 35 36 37 38 39 41 42 44 46 47 49 50 52 53 55 56 58 59 60 60 61 61 62 62 62 63 63 64 64 64 65 65 65 65 64 64 64 63 63 63 62 62 62 61 61 61 61 62 62
7 7 7 7 7 8 8 8 8 8 9 9 10 10 11 11 12 12 13 13 14 14 15 15 16 17 17 18 19 20 20 21 22 23 23 24 25 26 27 28 29 30 31 32 33 34 35 36 37 38 39 40 42 44 45 47 49 50 52 54 55 57 58 60 62 62 62 63 63 64 64 64 65 65 66 66 67 67 67 67 66 66 66 65 65 65 64 64 64 63 63 62 62 63 63 64
7 7 7 7 7 8 8 8 8 8 9 9 10 10 11 11 12 12 13 13 14 14 15 16 16 17 18 19 20 20 21 22 23 23 24 25 26 27 28 29 30 31 32 33 34 35 36 37 38 39 40 42 43 45 47 49 50 52 54 55 57 59 60 62 64 64 65 65 65 66 66 67 67 67 68 68 69 69 69 69 68 68 68 67 67 66 66 66 65 65 64 64 64 64 65 65
7 7 7 7 7 8 8 8 8 8 9 9 10 11 11 12 12 13 13 14 14 15 15 16 17 18 18 19 20 21 22 22 23 24 25 26 26 27 28 29 31 32 33 34 35 36 37 38 39 40 41 43 45 46 48 50 52 54 55 57 59 61 63 64 66 66 67 67 68 68 68 69 69 69 70 70 71 71 71 71 70 70 69 69 69 68 68 67 67 66 66 65 65 66 66 67
7 7 7 7 7 8 8 8 8 8 9 10 10 11 11 12 12 13 14 14 15 15 16 17 17 18 19 20 21 21 22 23 24 25 25 26 27 28 29 30 31 32 34 35 36 37 38 39 40 41 42 44 46 48 50 52 53 55 57 59 61 63 65 66 68 69 69 69 70 70 70 71 71 72 72 72 73 73 73 73 72 72 71 71 70 70 69 69 68 68 67 67 67 67 68 68
7 7 7 7 7 8 8 8 8 9 9 10 10 11 11 12 13 13 14 14 15 16 16 17 18 19 19 20 21 22 23 24 24 25 26 27 28 29 30 31 32 33 34 36 37 38 39 40 41 42 43 45 47 49 51 53 55 57 59 61 63 65 67 69 70 71 71 71 72 72 73 73 73 74 74 74 75 75 75 75 74 74 73 73 72 72 71 71 70 70 69 68 68 69 69 70
7 7 7 7 8 8 8 8 8 9 10 10 11 12 12 13 14 14 15 16 17 17 18 19 20 21 22 22 23 24 25 26 27 28 29 30 31 32 33 34 35 36 37 38 40 41 42 43 44 45 46 48 50 52 54 56 58 60 62 64 66 67 69 71 73 74 74 74 75 75 76 76 76 77 77 78 78 78 79 78 78 77 76 76 75 75 74 74 73 72 72 71 71 71 72 72
7 7 7 8 8 8 8 8 9 9 10 11 12 13 14 14 15 16 17 18 19 20 21 22 23 24 25 26 27 28 29 30 31 32 33 34 35 36 37 38 39 41 42 43 44 45 46 47 48 49 50 52 54 56 58 60 61 63 65 67 69 71 73 75 76 77 77 78 78 79 79 80 80 81 81 82 82 83 83 83 82 81 81 80 79 79 78 78 77 76 76 75 75 75 75 75
7 8 8 8 8 8 8 9 9 10 11 12 13 14 15 16 17 18 19 20 21 22 23 24 26 27 28 29 30 31 33 34 35 36 37 38 40 41 42 43 44 45 46 47 48 49 50 51 52 53 54 56 58 60 62 63 65 67 69 71 72 74 76 78 79 80 81 81 82 82 83 84 84 85 85 86 87 87 88 87 86 86 85 84 84 83 82 82 81 80 80 79 79 79 79 79
8 8 8 8 8 9 9 9 9 10 11 12 14 15 16 17 19 20 21 22 23 25 26 27 28 30 31 32 34 35 36 38 39 40 42 43 44 45 46 47 48 49 50 51 52 53 54 55 56 57 58 60 62 64 65 67 69 71 72 74 76 77 79 81 83 83 84 85 85 86 87 87 88 89 89 90 91 92 92 91 91 90 89 89 88 87 86 86 85 84 84 83 82 82 82 82
8 8 8 8 9 9 9 9 9 10 12 13 15 16 17 19 20 22 23 24 26 27 28 30 31 33 34 36 37 39 40 41 43 44 46 47 49 50 51 52 53 54 55 56 57 58 59 60 61 61 62 64 66 67 69 71 72 74 76 77 79 81 82 84 86 87 87 88 89 90 90 91 92 93 94 94 95 96 96 96 95 94 93 93 92 91 90 90 89 88 87 87 86 86 85 85
8 8 9 9 9 9 9 10 10 11 12 14 16 17 19 20 22 23 25 26 28 29 31 33 34 36 37 39 40 42 44 45 47 48 50 52 53 54 55 56 57 58 59 60 61 62 63 64 65 66 67 68 70 71 73 75 76 78 79 81 83 84 86 87 89 90 91 92 92 93 94 95 96 97 98 99 99 100 101 100 99 98 98 97 96 95 95 94 93 92 91 91 90 89 89 88
8 9 9 9 9 9 10 10 10 11 13 15 16 18 20 22 23 25 27 28 30 32 34 35 37 39 40 42 44 46 47 49 51 52 54 56 58 59 60 60 61 62 63 64 65 66 67 68 69 70 71 72 74 75 77 78 80 81 83 84 86 88 89 91 92 93 94 95 96 97 98 99 100 101 102 103 104 105 105 104 104 103 102 101 100 99 99 98 97 96 95 94 94 93 92 92
9 9 9 9 10 10 10 10 10 12 14 15 17 19 21 23 25 27 29 31 32 34 36 38 40 42 44 45 47 49 51 53 55 57 58 60 62 63 64 65 66 67 68 68 69 70 71 72 73 74 75 76 78 79 81 82 83 85 86 88 89 91 92 94 95 96 97 98 99 101 102 103 104 105 106 107 108 109 110 109 108 107 106 105 104 104 103 102 101 100 99 98 97 96 96 95
9 9 9 10 10 10 10 10 11 12 14 16 18 20 22 24 27 29 31 33 35 37 39 41 43 45 47 49 51 53 55 57 59 61 63 65 67 68 68 69 70 71 72 73 74 74 75 76 77 78 79 80 82 83 84 86 87 89 90 91 93 94 96 97 98 100 101 102 103 104 105 106 108 109 110 111 112 113 114 113 112 111 110 109 109 108 107 106 105 104 103 102 101 100 99 98
9 9 10 10 10 10 11 11 11 13 15 17 19 21 24 26 28 30 33 35 37 39 41 44 46 48 50 52 54 56 58 61 63 65 67 69 71 72 73 74 75 75 76 77 78 79 79 80 81 82 83 84 85 87 88 89 91 92 94 95 96 98 99 100 102 103 104 105 107 108 109 110 111 113 114 115 116 118 119 118 117 116 115 114 113 112 111 110 109 108 107 106 105 104 102 101
9 10 10 10 10 11 11 11 11 13 15 18 20 23 25 27 30 32 35 37 39 42 44 46 49 51 53 55 58 60 62 64 67 69 71 73 76 77 77 78 79 80 81 81 82 83 84 84 85 86 87 88 89 91 92 93 94 96 97 98 100 101 102 103 105 106 107 109 110 111 113 114 115 117 118 119 121 122 123 122 121 120 119 118 117 116 115 114 113 112 111 110 109 107 106 105
10 10 10 10 11 11 11 11 12 13 16 19 21 24 26 29 31 34 36 39 42 44 47 49 52 54 56 59 61 63 66 68 71 73 75 78 80 81 82 83 83 84 85 86 86 87 88 89 89 90 91 92 93 95 96 97 98 99 101 102 103 104 105 107 108 109 111 112 114 115 116 118 119 121 122 124 125 126 127 126 125 124 123 122 121 120 119 118 117 116 115 113 112 111 109 108
10 10 10 11 11 11 11 12 12 14 17 19 22 25 27 30 33 36 38 41 44 47 49 52 54 57 59 62 64 67 69 72 74 77 80 82 85 86 86 87 88 88 89 90 91 91 92 93 94 94 95 96 97 98 100 101 102 103 104 105 106 108 109 110 111 113 114 116 117 119 120 122 123 125 126 128 129 131 132 131 130 129 127 126 125 124 123 122 121 120 118 117 116 114 113 111
10 10 11 11 11 11 12 12 12 14 17 20 23 26 29 32 35 37 40 43 46 49 52 55 57 60 63 65 68 71 73 76 78 81 84 86 89 90 91 91 92 93 93 94 95 96 96 97 98 98 99 100 101 102 103 104 106 107 108 109 110 111 112 113 114 116 117 119 121 122 124 125 127 129 130 132 133 135 136 135 134 133 132 130 129 128 127 126 125 123 122 121 120 118 116 114
11 11 12 12 12 12 13 13 13 15 18 21 24 27 30 33 37 40 43 46 49 52 55 57 60 63 65 68 71 73 76 79 81 84 87 89 92 93 94 94 95 95 96 96 97 97 98 99 99 100 100 101 102 103 104 105 106 107 108 109 110 111 112 113 114 116 118 119 121 123 125 126 128 130 131 133 135 137 138 137 136 134 133 132 131 130 128 127 126 125 124 122 121 119 117 115
13 13 13 13 14 14 14 14 15 17 20 23 26 29 32 36 39 42 45 48 51 54 57 60 63 65 68 71 73 76 79 81 84 87 89 92 95 95 96 96 96 97 97 97 98 98 99 99 99 100 100 101 102 103 104 105 106 106 107 108 109 110 111 112 113 115 116 118 120 122 124 126 128 129 131 133 135 137 138 137 136 135 133 132 131 130 129 127 126 125 124 123 121 119 117 116
14 14 14 15 15 15 16 16 16 18 22 25 28 31 34 38 41 44 47 50 54 57 60 63 65 68 71 73 76 78 81 84 86 89 92 94 97 97 98 98 98 98 98 99 99 99 99 99 100 100 100 101 102 102 103 104 105 106 106 107 108 109 110 111 111 113 115 117 119 121 123 125 127 129 131 133 135 137 138 137 136 135 134 132 131 130 129 128 126 125 124 123 121 120 118 116
15 15 16 16 16 17 17 17 18 20 23 26 30 33 36 40 43 46 49 53 56 59 63 65 68 71 73 76 78 81 84 86 89 91 94 97 99 100 100 100 100 100 100 100 100 100 100 100 100 100 100 101 101 102 103 104 104 105 106 106 107 108 108 109 110 112 114 116 118 120 122 125 127 129 131 133 135 137 139 137 136 135 134 133 131 130 129 128 127 125 124 123 122 120 118 116
16 17 17 17 18 18 18 19 19 21 25 28 32 35 38 42 45 48 52 55 59 62 65 68 71 73 76 78 81 84 86 89 91 94 97 99 102 102 102 102 101 101 101 101 101 101 101 100 100 100 100 100 101 102 102 103 104 104 105 105 106 107 107 108 109 111 113 115 117 120 122 124 126 128 131 133 135 137 139 138 137 135 134 133 132 130 129 128 127 126 124 123 122 120 118 116
18 18 18 19 19 19 20 20 20 23 26 30 33 37 40 44 47 51 54 58 61 64 68 71 73 76 78 81 84 86 89 91 94 96 99 102 104 104 104 104 103 103 103 102 102 101 101 101 100 100 100 100 101 101 102 102 103 103 104 104 105 105 106 107 107 109 112 114 116 119 121 123 126 128 130 133 135 137 139 138 137 136 134 133 132 131 129 128 127 126 125 123 122 120 118 116
19 19 20 20 21 21 21 22 22 24 28 32 35 39 42 46 49 53 56 60 64 67 71 73 76 78 81 84 86 89 91 94 96 99 101 104 107 106 106 105 105 104 104 103 103 102 102 101 101 100 100 100 101 101 101 102 102 103 103 103 104 104 105 105 106 108 111 113 115 118 120 123 125 128 130 133 135 138 139 138 137 136 135 133 132 131 130 128 127 126 125 123 122 120 118 116
20 21 21 22 22 22 23 23 23 26 30 33 37 41 44 48 51 55 59 62 66 70 73 76 79 81 84 86 89 91 94 96 99 101 104 106 109 109 108 107 107 106 105 105 104 103 102 102 101 100 100 100 100 101 101 101 102 102 102 103 103 103 104 104 104 107 109 112 115 117 120 122 125 127 130 133 135 138 140 138 137 136 135 134 132 131 130 129 127 126 125 124 122 120 118 116
22 22 22 23 23 24 24 24 25 28 31 35 39 42 46 50 54 57 61 65 68 72 76 79 81 84 86 89 91 94 96 99 101 104 106 109 111 111 110 109 108 107 107 106 105 104 103 102 101 100 100 100 100 100 100 101 101 101 101 102 102 102 102 102 103 106 108 111 114 116 119 122 124 127 130 132 135 138 140 139 137 136 135 134 133 131 130 129 128 126 125 124 122 120 118 116
