pluvio/pluvio-284.asc
ncols         252
nrows         154
xllcorner     -0.5
yllcorner     -153.5
cellsize      1
NODATA_value  -9999
[rows 0 to 45 of 154, columns 96 to 191 of 252]
71 71 70 69 69 68 69 70 71 72 73 74 74 71 68 65 63 60 57 55 54 53 52 51 51 50 49 47 45 43 42 40 38 37 39 40 42 43 45 46 48 48 49 50 50 51 52 52 50 49 48 47 46 45 44 44 45 45 45 45 45 46 48 50 52 53 55 57 57 56 55 54 53 52 51 48 45 41 37 34 30 26 25 25 25 25 25 25 24 24 24 23 23 23 22 22
75 74 74 73 73 73 73 74 75 76 77 78 78 75 73 70 68 65 63 61 60 59 58 57 56 55 54 52 49 47 45 43 40 39 41 43 45 47 48 50 51 52 53 54 55 55 56 56 55 54 52 51 50 49 48 48 48 47 47 47 47 48 50 52 54 56 58 60 60 58 55 53 51 49 47 44 41 38 34 31 28 25 24 24 23 23 23 23 23 23 23 22 22 22 22 21
78 78 77 77 77 77 78 78 79 80 81 82 82 80 77 75 73 71 69 67 66 65 64 63 62 61 59 56 54 51 48 45 43 41 44 46 48 50 52 54 55 56 57 58 59 60 61 61 59 58 57 55 54 53 52 51 51 50 50 49 49 49 52 54 56 59 61 63 62 59 56 52 49 46 43 40 37 34 31 29 26 23 22 22 22 22 22 22 22 22 22 21 21 21 21 21
81 81 81 81 81 81 82 82 83 84 85 85 86 84 82 80 78 76 74 73 72 71 69 68 67 66 64 61 58 55 51 48 45 44 46 48 51 53 55 57 59 60 61 62 63 64 65 65 64 62 61 59 58 56 55 54 54 53 52 51 50 51 54 56 59 61 64 66 65 60 56 52 47 43 38 35 33 31 29 26 24 22 21 21 21 21 21 21 21 21 20 20 20 20 20 20
83 83 83 83 83 83 84 85 86 87 88 89 89 88 86 85 83 81 80 78 77 76 75 74 72 71 70 66 63 59 56 53 49 48 50 52 54 57 59 61 63 64 65 66 67 68 69 69 68 66 65 64 62 61 60 59 58 58 57 56 55 56 58 60 62 64 66 68 66 61 56 51 46 42 37 33 32 30 28 26 24 22 21 21 21 21 21 21 21 21 21 20 20 20 20 20
84 84 84 84 84 84 85 87 88 89 91 92 93 91 90 89 87 86 84 83 82 81 80 79 78 76 75 71 68 65 62 58 55 54 56 57 59 61 63 65 67 68 68 69 70 71 72 72 71 70 69 69 68 67 66 66 65 64 64 63 62 62 64 65 66 67 68 69 67 62 57 52 47 42 37 34 32 30 28 27 25 23 22 22 22 22 22 22 22 22 22 22 21 21 21 20
85 85 85 85 84 85 86 88 90 92 93 95 96 95 94 93 92 90 89 88 87 86 85 84 83 81 80 77 74 70 67 64 61 60 61 63 64 66 68 69 70 71 72 72 73 74 74 74 74 74 74 73 73 73 72 72 71 71 70 70 69 69 69 70 70 70 70 70 67 62 57 52 47 42 37 34 32 31 29 28 26 25 24 24 24 24 24 24 24 24 23 23 22 22 21 21
86 86 86 85 85 85 88 90 92 94 96 98 100 99 98 97 96 95 94 93 92 91 90 89 88 87 85 82 79 76 73 70 67 65 67 68 69 71 72 73 74 74 75 75 76 76 77 77 77 78 78 78 78 79 79 78 78 78 77 77 77 76 75 74 74 73 72 71 68 63 58 52 47 42 37 34 33 31 30 29 27 26 25 25 25 25 25 26 26 25 24 24 23 23 22 21
87 87 86 86 86 86 89 91 94 96 99 101 103 103 102 101 100 100 99 98 97 96 95 94 93 92 90 87 84 81 79 76 73 71 72 73 74 75 76 77 78 78 78 79 79 79 80 80 81 82 82 83 84 84 85 85 85 84 84 84 84 83 81 79 78 76 74 72 68 63 58 53 48 42 37 34 33 32 31 30 29 27 27 27 27 27 27 27 27 27 26 25 24 23 23 22
88 87 87 87 87 87 90 93 96 99 102 105 107 106 106 105 105 104 104 103 102 101 100 99 98 97 95 92 90 87 84 82 79 77 78 79 79 80 80 81 81 81 82 82 82 82 82 83 84 85 87 88 89 90 91 91 91 91 91 91 91 90 87 84 81 79 76 73 69 64 58 53 48 43 37 35 34 33 32 31 30 29 28 28 28 29 29 29 29 28 27 26 25 24 23 22
89 88 88 88 87 88 91 94 98 101 104 108 110 110 110 109 109 109 108 108 107 106 105 104 103 102 100 98 95 93 90 87 85 83 84 84 84 84 85 85 85 85 85 85 85 85 85 86 87 89 91 93 94 96 97 97 98 98 98 98 99 97 93 89 85 82 78 74 69 64 59 53 48 43 38 35 34 33 33 32 31 30 30 30 30 30 30 30 30 29 28 27 26 25 24 23
90 90 90 90 90 90 94 97 101 105 108 112 115 115 115 115 115 115 115 115 114 113 112 111 111 110 108 106 104 102 100 98 96 94 94 93 93 92 92 91 91 90 89 89 88 88 87 88 90 92 94 96 98 101 102 102 103 103 103 104 104 102 98 94 89 85 81 77 72 66 61 55 50 44 39 36 35 35 34 33 32 32 31 31 31 31 31 31 31 30 29 28 27 26 25 24
93 93 93 93 93 94 98 101 105 109 113 117 120 121 121 122 122 122 123 123 122 122 121 121 120 120 119 118 116 115 113 112 111 109 107 106 104 102 101 99 98 96 95 93 92 90 89 89 92 94 97 99 101 104 105 106 106 107 107 108 108 106 102 98 93 89 84 80 75 69 64 58 52 47 41 38 38 37 36 35 34 33 32 32 32 32 31 31 31 30 29 28 27 26 25 25
96 96 96 96 96 97 101 106 110 114 118 122 126 127 127 128 129 130 131 131 131 131 131 130 130 130 130 129 128 128 127 126 125 124 121 118 116 113 110 107 105 102 100 98 95 93 91 91 94 96 99 102 104 107 109 110 110 111 111 112 113 110 106 102 97 93 88 84 78 73 67 61 55 49 43 41 40 38 37 36 35 34 34 33 33 32 32 31 31 30 29 28 28 27 26 26
99 99 99 100 100 101 105 110 114 119 123 127 131 132 134 135 136 137 138 139 139 140 140 140 140 140 140 140 140 140 140 140 140 139 135 131 127 123 119 115 112 108 105 102 99 96 93 92 95 98 101 105 108 111 112 113 114 115 115 116 117 115 110 106 101 96 92 87 82 76 70 64 58 52 46 43 42 40 39 38 37 36 35 34 33 33 32 31 31 30 29 29 28 28 27 27
101 102 102 103 103 104 109 114 119 123 128 133 137 138 140 141 143 145 146 147 148 148 149 149 150 150 151 152 152 153 154 154 155 154 149 144 138 133 128 123 119 115 111 107 103 99 95 94 97 101 104 107 111 114 116 117 118 119 119 120 121 119 114 110 105 100 95 91 85 79 73 67 60 54 48 45 44 42 41 40 38 37 36 35 34 33 32 31 30 30 30 29 29 28 28 28
104 105 105 106 107 108 113 118 123 128 133 138 142 144 146 148 150 152 154 156 156 157 158 159 160 161 161 163 164 166 167 168 170 169 162 156 150 144 138 131 126 121 116 111 106 102 97 96 99 103 106 110 114 117 120 121 121 122 123 124 125 123 118 114 109 104 99 94 89 82 76 69 63 57 50 47 46 44 43 41 40 38 37 36 35 34 33 31 30 30 30 29 29 29 29 29
107 108 108 109 110 112 117 122 127 132 138 143 148 150 152 155 157 159 162 164 165 166 167 168 170 171 172 174 176 178 180 182 185 183 176 169 161 154 147 139 133 127 121 116 110 104 99 97 101 105 109 113 117 121 123 124 125 126 127 128 129 127 122 118 113 108 103 98 92 85 79 72 66 59 53 49 48 46 44 43 41 40 38 37 36 34 33 32 30 30 30 30 30 30 30 30
112 113 115 116 117 119 124 129 135 140 145 150 155 157 159 162 164 166 169 171 172 173 174 175 176 177 179 181 184 186 188 191 193 192 184 176 168 161 153 145 138 132 126 120 114 108 101 100 103 106 110 113 117 120 123 124 125 126 128 129 130 128 124 119 114 110 105 100 95 88 81 74 67 60 53 50 48 46 45 43 41 40 38 37 36 34 33 32 31 30 30 30 30 30 30 30
119 121 123 125 127 129 134 139 144 149 153 158 163 165 167 169 171 173 175 177 178 178 179 180 181 182 183 185 188 190 193 195 197 196 188 181 173 165 157 150 142 136 130 124 117 111 105 102 105 108 110 113 115 118 120 121 123 124 126 127 128 127 123 119 115 111 106 102 97 89 82 75 68 61 53 49 48 46 44 42 40 39 37 36 35 34 33 32 31 31 31 31 31 31 31 31
126 128 131 133 136 139 144 148 153 157 162 167 171 172 174 176 178 179 181 183 183 184 184 185 186 186 187 190 192 194 197 199 202 200 193 185 177 169 162 154 147 140 134 128 121 115 108 105 107 109 110 112 114 115 117 119 120 122 123 125 127 125 122 118 115 111 108 104 99 91 83 76 68 61 53 49 47 45 43 41 39 38 36 35 35 34 33 32 31 31 31 31 31 32 32 32
133 136 139 142 146 149 153 158 162 166 171 175 179 180 182 183 184 186 187 189 189 189 190 190 190 191 192 194 196 199 201 204 206 205 197 189 182 174 166 158 151 144 138 131 125 118 112 108 109 110 111 112 112 113 114 116 118 120 121 123 125 124 121 118 115 112 109 106 101 93 85 77 69 61 53 49 47 45 43 41 39 37 35 35 34 34 33 32 32 32 32 32 32 32 32 32
140 143 147 151 155 159 163 167 171 175 179 183 187 188 189 190 191 192 194 195 195 195 195 195 195 195 196 198 201 203 205 208 210 209 201 194 186 178 170 163 155 149 142 135 129 122 115 111 111 111 111 111 111 111 111 113 115 117 119 121 123 123 120 118 115 113 111 108 103 94 86 78 69 61 53 48 46 44 42 40 38 36 35 34 34 33 33 32 32 32 32 32 33 33 33 33
146 151 155 160 164 169 173 176 180 184 188 191 195 196 196 197 198 199 200 200 200 200 200 200 200 200 200 203 205 207 210 212 215 214 206 198 190 182 175 167 160 153 146 139 132 126 119 114 113 112 111 110 109 108 109 111 113 115 117 119 121 121 120 118 116 114 112 110 104 96 87 79 70 61 53 48 46 44 41 39 37 35 34 33 33 33 33 33 32 33 33 33 33 33 34 34
153 158 164 169 174 179 182 186 189 193 196 200 203 203 204 204 205 206 206 206 206 206 205 205 204 204 204 207 209 212 214 217 219 218 210 202 195 187 179 171 164 157 150 143 136 129 122 117 115 114 112 110 108 106 106 108 110 113 115 117 120 120 119 117 116 115 113 112 106 98 89 80 71 62 53 48 45 43 41 38 36 34 33 33 33 33 33 33 33 33 33 33 34 34 34 34
148 153 158 163 168 172 175 179 182 185 188 191 194 195 196 197 197 198 199 200 199 199 198 198 197 197 197 199 201 203 204 206 208 207 200 193 185 178 171 164 157 151 144 138 131 125 119 114 112 110 108 105 103 101 101 103 105 107 109 111 113 114 113 112 111 110 109 108 103 95 88 80 72 64 56 51 48 45 42 40 37 34 33 33 33 33 33 33 33 33 33 33 33 34 34 34
136 140 145 149 153 157 160 163 166 168 171 174 177 178 180 181 183 184 186 187 186 186 185 185 184 184 184 185 186 187 188 189 190 188 182 176 169 163 157 151 145 139 134 128 122 117 111 107 105 103 102 100 98 96 95 97 98 100 101 103 104 105 104 103 103 102 102 101 97 91 85 79 73 67 61 57 53 49 46 42 38 35 33 33 33 33 32 32 32 32 32 32 33 33 33 33
125 128 132 135 139 142 145 147 149 152 154 157 159 161 163 166 168 170 172 173 173 173 172 172 171 171 170 171 171 171 171 171 171 169 164 159 153 148 143 137 132 128 123 118 113 109 104 101 99 97 95 94 92 90 90 91 92 93 93 94 95 96 95 95 95 95 94 94 92 87 83 79 75 71 66 62 58 53 49 44 40 35 34 33 33 33 32 32 31 31 31 32 32 32 32 32
113 116 119 121 124 127 129 131 133 135 138 140 142 145 147 150 153 156 158 160 160 159 159 159 158 158 157 156 156 155 154 153 152 150 146 142 137 133 128 124 120 116 112 108 105 101 97 94 92 91 89 88 86 85 84 85 85 85 86 86 86 87 87 87 87 87 87 87 86 83 81 79 76 74 72 67 62 57 52 47 41 36 34 34 33 32 32 31 31 31 31 31 31 31 31 31
101 103 106 108 110 112 114 115 117 119 121 122 125 128 131 135 138 141 145 147 147 146 146 145 145 145 144 142 140 139 137 135 134 131 128 125 121 118 114 111 108 105 102 99 96 93 90 87 86 85 83 82 81 79 79 78 78 78 78 78 77 78 78 78 79 79 80 80 80 79 79 78 78 77 77 73 67 61 55 49 43 37 35 34 33 32 32 31 30 30 30 30 30 30 30 30
90 91 92 94 95 97 98 100 101 102 104 105 107 111 115 119 123 127 131 134 133 133 133 132 132 132 131 128 125 123 120 118 115 113 110 108 105 103 100 97 95 93 91 89 87 84 82 81 79 78 77 76 75 74 73 72 71 71 70 69 68 68 69 70 71 71 72 73 74 75 77 78 79 81 82 78 72 65 58 51 45 38 35 34 33 32 31 30 30 29 29 29 29 29 29 29
78 79 79 80 81 82 83 84 85 86 87 88 90 94 99 104 108 113 117 121 120 120 120 119 119 118 117 114 110 107 103 100 97 94 92 91 89 87 86 84 83 81 80 79 78 76 75 74 73 72 71 70 69 68 67 66 65 63 62 61 60 59 61 62 63 64 65 66 68 71 74 78 81 84 87 84 76 69 61 54 46 39 36 34 33 32 31 30 29 29 28 28 28 28 28 28
75 76 76 77 77 78 79 80 81 82 83 85 86 91 95 100 104 109 113 116 116 116 115 115 115 114 113 110 106 103 99 96 92 90 89 87 86 85 84 83 81 80 79 78 77 76 75 74 73 72 71 70 68 67 66 65 63 61 60 58 56 56 58 59 60 61 62 63 66 70 74 77 81 85 89 85 78 70 62 55 47 40 36 35 34 33 32 30 29 29 29 28 28 28 28 28
76 77 77 78 78 79 80 82 83 84 86 87 89 93 97 101 105 109 112 115 115 115 115 114 114 114 113 110 107 104 101 98 94 92 91 90 89 88 87 86 85 84 82 81 80 79 77 76 75 73 72 71 70 68 67 65 63 61 59 58 56 56 57 58 59 61 62 63 66 69 73 77 81 85 89 85 78 70 63 55 48 40 37 36 35 33 32 31 30 29 29 29 29 29 28 28
77 77 78 79 79 80 82 83 85 86 88 89 91 94 98 101 105 109 112 115 114 114 114 114 114 114 113 110 107 105 102 99 96 94 94 93 92 91 90 89 88 87 85 84 83 81 80 79 77 75 74 72 71 69 67 65 63 61 59 57 55 55 56 57 59 60 61 62 65 69 73 77 81 85 89 86 78 71 63 56 49 41 38 37 35 34 33 32 30 30 30 29 29 29 29 29
78 78 79 80 80 81 83 85 86 88 90 91 93 96 99 102 105 109 112 114 114 114 114 113 113 113 112 110 108 105 103 101 99 97 96 95 95 94 93 93 92 90 89 87 86 84 83 81 79 77 75 74 72 70 68 66 63 61 59 57 55 54 56 57 58 59 61 62 65 69 73 77 81 85 89 86 78 71 64 56 49 42 39 37 36 35 34 32 31 30 30 30 30 29 29 29
79 79 80 81 81 82 84 86 88 90 92 93 95 98 101 103 106 109 111 113 113 113 113 113 113 113 112 110 108 106 104 102 101 99 99 98 97 97 96 96 95 93 92 90 89 87 85 83 81 79 77 75 73 71 68 66 64 61 59 56 54 54 55 56 57 59 60 61 64 68 72 76 80 85 89 86 79 71 64 57 50 43 39 38 37 35 34 33 32 31 31 30 30 30 30 29
79 80 81 82 82 83 85 87 89 92 94 96 98 100 102 104 106 109 111 112 112 112 112 112 112 112 112 110 109 107 106 104 103 101 101 101 100 100 100 99 98 97 95 93 91 90 88 86 84 81 79 76 74 71 69 66 64 61 59 56 54 53 54 56 57 58 59 61 64 68 72 76 80 85 89 86 79 72 65 58 50 43 40 39 37 36 35 34 32 32 31 31 31 30 30 30
80 81 82 83 83 84 87 89 91 93 96 98 100 102 103 105 107 109 110 112 112 112 112 112 112 112 112 110 109 108 107 106 105 104 104 103 103 103 103 103 102 100 98 96 94 92 91 88 86 83 80 78 75 72 70 67 64 61 58 56 53 52 54 55 56 58 59 60 63 67 72 76 80 84 89 86 79 72 65 58 51 44 41 40 38 37 35 34 33 32 32 31 31 31 30 30
82 83 84 85 86 87 89 91 93 95 97 99 101 102 104 105 107 108 109 110 110 111 111 111 111 111 111 109 108 107 106 105 104 103 103 103 103 103 103 103 103 101 100 99 97 96 94 92 89 86 83 80 76 73 70 68 65 63 60 58 55 54 55 56 57 58 58 59 62 65 69 72 76 80 83 81 75 68 62 56 50 43 40 39 38 37 35 34 33 32 32 32 31 31 31 31
83 85 86 88 89 91 92 94 95 97 99 100 102 103 104 105 106 107 108 109 109 109 109 109 109 110 109 108 107 106 105 104 102 102 102 102 103 103 103 103 103 102 102 101 100 99 98 96 93 89 85 82 78 74 71 69 67 65 63 60 58 57 57 57 58 58 58 58 60 62 65 68 70 73 76 74 68 63 58 53 48 42 40 38 37 36 35 33 32 32 32 32 32 32 32 32
85 87 89 91 92 94 95 97 98 99 100 101 102 103 104 105 106 106 107 108 108 108 108 108 108 108 108 107 106 104 103 102 101 100 101 101 102 102 103 103 103 103 103 103 103 103 102 100 96 92 88 84 79 75 72 70 69 67 65 63 61 60 60 59 58 58 57 57 58 59 61 63 65 66 68 66 62 58 54 50 45 41 39 38 37 35 34 33 32 31 32 32 32 32 32 33
86 89 91 93 96 98 99 99 100 101 101 102 103 103 104 105 105 106 106 107 107 107 107 107 107 107 107 105 104 103 102 101 99 99 100 100 101 102 102 103 104 104 105 105 106 106 106 105 100 95 90 86 81 76 73 72 70 69 67 66 64 63 62 61 59 58 57 56 56 56 57 58 59 60 61 59 56 53 50 46 43 40 38 37 36 35 33 32 31 31 31 32 32 33 33 33
88 90 93 96 99 101 102 102 102 103 103 103 103 104 104 104 105 105 105 105 105 106 106 106 106 106 105 104 103 102 100 99 98 97 98 99 100 101 102 103 104 105 106 107 108 109 110 109 104 98 93 88 83 77 74 73 72 71 70 69 67 66 64 62 60 58 56 54 54 53 53 53 53 53 53 52 50 48 46 43 41 39 38 36 35 34 33 32 31 31 31 32 33 33 34 34
89 92 96 99 102 105 105 105 105 104 104 104 104 104 104 104 104 104 104 104 104 104 104 104 104 104 104 103 101 100 99 98 96 96 97 98 100 101 102 103 104 106 108 109 111 113 114 113 107 101 96 90 84 78 75 74 73 73 72 71 70 69 66 64 61 58 56 53 52 51 50 49 48 47 46 45 44 43 41 40 39 38 37 36 35 33 32 31 30 30 31 32 33 34 34 35
91 94 98 102 105 108 108 107 107 106 106 105 105 104 104 104 104 103 103 103 103 103 103 103 103 103 103 101 100 99 97 96 95 95 96 97 99 100 102 103 105 107 109 112 114 116 119 117 111 105 98 92 86 79 76 76 75 75 74 74 74 72 68 65 62 59 55 52 50 48 46 44 42 40 38 38 37 37 37 37 37 37 36 35 34 33 32 31 30 30 31 32 33 34 35 36
