pluvio/pluvio-252.asc
ncols         252
nrows         154
xllcorner     -0.5
yllcorner     -153.5
cellsize      1
NODATA_value  -9999
[rows 0 to 81 of 154, columns 0 to 95 of 252]
4 4 4 4 4 4 4 4 4 4 4 4 3 2 2 1 1 0 0 0 0 0 0 0 0 0 0 0 0 1 1 1 1 1 1 0 0 0 0 0 0 0 0 0 0 0 1 2 3 5 6 7 9 15 22 29 36 43 50 57 51 43 35 27 19 11 3 2 2 2 2 2 2 2 2 2 2 2 2 2 2 2 2 2 2 2 2 2 3 3 3 3 4 4 4 4
4 4 4 4 4 4 4 4 4 4 4 3 3 2 2 1 0 0 0 0 0 0 0 0 0 0 0 0 1 1 1 2 1 1 1 0 0 0 0 0 0 0 0 0 0 0 1 2 4 5 7 9 10 18 27 36 45 54 63 72 64 54 44 33 23 13 3 2 2 2 2 1 1 1 1 1 1 1 2 2 2 2 2 2 2 2 2 2 3 3 3 3 4 4 4 4
4 4 4 4 4 4 4 4 3 3 3 3 2 2 1 1 0 0 0 0 0 0 0 0 0 0 0 1 1 1 2 2 2 1 1 1 0 0 0 0 0 0 0 0 0 0 1 3 5 6 8 10 12 21 32 43 54 65 76 87 77 65 52 40 27 15 3 2 1 1 1 1 1 1 1 1 1 1 1 1 1 2 2 2 2 2 2 2 2 3 3 3 4 4 4 4
4 4 4 4 4 4 4 3 3 3 3 2 2 1 1 1 0 0 0 0 0 0 0 0 0 0 0 1 1 1 2 2 2 2 1 1 0 0 0 0 0 0 0 0 0 0 1 3 5 7 9 11 14 25 38 50 63 76 89 102 90 76 61 46 32 17 2 1 1 1 1 1 0 0 0 1 1 1 1 1 1 1 1 2 2 2 2 2 2 3 3 3 4 4 4 4
4 4 4 4 4 4 3 3 3 3 2 2 2 1 1 0 0 0 0 0 0 0 0 0 0 0 0 1 1 2 2 2 2 2 1 1 0 0 0 0 0 0 0 0 0 0 1 3 5 7 9 11 13 25 39 53 67 81 95 109 96 81 65 49 34 18 2 1 1 1 1 0 0 0 0 0 1 1 1 1 1 1 1 1 2 2 2 2 2 3 3 3 4 4 4 4
4 4 4 4 4 3 3 3 2 2 2 2 1 1 1 0 0 0 0 0 0 0 0 0 0 0 0 1 1 1 2 2 2 2 1 1 0 0 0 0 0 0 0 0 0 0 1 3 5 6 8 10 12 24 38 52 66 80 94 108 96 80 64 49 33 18 2 1 1 1 1 1 0 0 0 1 1 1 1 1 1 1 1 1 2 2 2 2 2 2 3 3 3 4 4 4
3 3 3 3 3 3 3 2 2 2 2 1 1 1 0 0 0 0 0 0 0 0 0 0 0 0 0 1 1 1 1 2 2 1 1 1 0 0 0 0 0 0 0 0 0 0 1 2 4 5 7 8 10 22 36 50 64 79 93 107 95 79 64 48 33 18 2 1 1 1 1 1 0 0 1 1 1 1 1 1 1 1 1 1 1 1 2 2 2 2 3 3 3 4 4 3
3 3 3 3 3 3 2 2 2 1 1 1 1 1 0 0 0 0 0 0 0 0 0 0 0 0 0 0 1 1 1 2 1 1 1 1 0 0 0 0 0 0 0 0 0 0 1 2 3 4 6 7 8 21 35 49 63 77 92 106 94 79 63 48 33 17 2 1 1 1 1 1 1 0 1 1 1 1 1 1 2 2 2 1 1 1 1 1 2 2 2 3 3 3 4 3
3 3 3 3 2 2 2 2 1 1 1 1 0 0 0 0 0 0 0 0 0 0 0 0 0 0 0 0 1 1 1 1 1 1 1 0 0 0 0 0 0 0 0 0 0 0 0 1 2 3 5 6 7 19 33 48 62 76 91 105 93 78 63 48 32 17 2 1 1 1 1 1 1 1 1 1 1 1 1 2 2 2 2 2 1 1 1 1 2 2 2 3 3 3 3 3
3 3 2 2 2 2 1 1 1 1 0 0 0 0 0 0 0 0 0 0 0 0 0 0 0 0 0 0 0 1 1 1 1 1 1 0 0 0 0 0 0 0 0 0 0 0 0 1 2 3 3 4 5 17 32 46 61 75 90 104 93 77 62 47 32 17 2 1 1 1 1 1 1 1 1 1 1 1 2 2 2 2 2 2 1 1 1 1 1 2 2 2 3 3 3 3
2 2 2 2 2 1 1 1 1 0 0 0 0 0 0 0 0 0 0 0 0 0 0 0 0 0 0 0 0 0 1 1 1 1 0 0 0 0 0 0 0 0 0 0 0 0 0 0 1 2 2 3 3 16 30 45 60 74 89 103 92 77 62 47 32 17 2 1 1 1 1 1 1 1 1 1 1 2 2 2 2 2 2 2 1 1 1 1 1 2 2 2 3 3 3 3
2 2 2 2 1 1 1 1 0 0 0 0 0 0 0 0 0 0 0 0 0 0 0 0 0 0 0 0 0 0 0 1 1 0 0 0 0 0 0 0 0 0 0 0 0 0 0 0 1 1 1 2 2 14 28 42 56 70 83 97 86 72 58 44 30 16 2 1 1 1 1 1 1 1 1 1 2 2 2 2 2 2 2 2 2 1 1 1 1 2 2 2 3 3 3 3
2 2 2 2 1 1 1 1 0 0 0 0 0 0 0 0 0 0 0 0 0 0 0 0 0 0 0 0 0 0 0 0 0 0 0 0 0 0 0 0 0 0 0 0 0 0 0 0 1 1 1 2 2 12 25 37 50 62 75 87 77 65 52 40 27 15 2 1 1 1 1 1 1 1 2 2 2 2 2 2 2 2 2 2 2 2 2 2 2 2 3 3 3 3 4 3
2 2 2 1 1 1 1 1 0 0 0 0 0 0 0 0 0 0 0 0 0 0 0 0 0 0 0 0 0 0 0 0 0 0 0 0 0 0 0 0 0 0 0 0 0 0 0 0 0 1 1 1 1 11 22 33 44 55 66 77 69 57 46 35 24 13 2 1 1 1 2 2 2 2 2 2 2 2 2 2 2 2 2 2 2 2 2 2 3 3 3 3 4 4 4 3
2 2 1 1 1 1 1 1 0 0 0 0 0 0 0 0 0 0 0 0 0 0 0 0 0 0 0 0 0 0 0 0 0 0 0 0 0 0 0 0 0 0 0 0 0 0 0 0 0 0 1 1 1 9 19 28 38 48 57 67 60 50 40 31 21 12 2 2 2 2 2 2 2 2 2 2 2 2 2 2 2 2 3 3 3 3 3 3 3 3 4 4 4 4 4 4
1 1 1 1 1 1 1 1 0 0 0 0 0 0 0 0 0 0 0 0 0 0 0 0 0 0 0 0 0 0 0 0 0 0 0 0 0 0 0 0 0 0 0 0 0 0 0 0 0 0 0 1 1 8 16 24 32 40 49 57 51 43 35 26 18 10 2 2 2 2 2 2 2 2 2 2 2 2 2 2 2 3 3 3 3 3 3 4 4 4 4 4 5 5 5 4
1 1 1 1 1 1 1 1 1 0 0 0 0 0 0 0 0 0 0 0 0 0 0 0 0 0 0 0 0 0 0 0 0 0 0 0 0 0 0 0 0 0 0 0 0 0 0 0 0 0 0 0 0 6 13 20 26 33 40 47 42 35 29 22 16 9 2 2 2 2 2 3 3 3 3 3 3 3 3 2 2 3 3 3 3 4 4 4 4 4 5 5 5 5 5 4
1 1 1 1 1 1 1 1 1 0 0 0 0 0 0 0 0 0 0 0 0 0 0 0 0 0 0 0 0 0 0 0 0 0 0 0 0 0 0 0 0 0 0 0 0 0 0 0 0 0 0 0 0 4 10 15 21 26 31 37 33 28 23 18 13 8 3 2 2 3 3 3 3 3 3 3 3 3 3 3 2 3 3 3 4 4 4 5 5 5 5 5 5 6 6 5
1 1 1 1 1 1 1 1 1 0 0 0 0 0 0 0 0 0 0 0 0 0 0 0 0 0 0 0 0 0 0 0 0 0 0 0 0 0 0 0 0 0 0 0 0 0 0 0 0 0 0 0 0 4 8 12 17 21 26 30 27 23 19 15 11 7 2 2 2 3 3 3 3 3 3 3 3 3 3 3 2 3 3 3 4 4 4 5 5 5 5 5 5 5 5 5
1 1 1 1 1 1 1 1 1 0 0 0 0 0 0 0 0 0 0 0 0 0 0 0 0 0 0 0 0 0 0 0 0 0 0 0 0 0 0 0 0 0 0 0 0 0 0 0 0 0 0 0 0 3 7 11 15 19 22 26 23 20 16 13 9 6 2 2 2 2 3 3 3 3 3 3 3 3 3 2 2 3 3 3 3 4 4 4 4 4 4 5 5 5 5 4
1 1 1 1 1 1 1 1 0 0 0 0 0 0 0 0 0 0 0 0 0 0 0 0 0 0 0 0 0 0 0 0 0 0 0 0 0 0 0 0 0 0 0 0 0 0 0 0 0 0 0 0 0 3 6 9 13 16 19 22 20 17 14 11 8 5 2 2 2 2 3 3 3 3 3 3 3 3 2 2 2 2 3 3 3 3 4 4 4 4 4 4 4 4 4 3
1 1 1 1 1 1 1 0 0 0 0 0 0 0 0 0 1 1 1 0 0 0 0 0 0 0 0 0 0 0 0 0 0 0 0 0 0 0 0 0 0 0 0 0 0 0 0 0 0 0 0 0 1 3 5 8 10 13 15 18 16 14 11 9 7 4 2 2 2 2 2 3 3 3 3 3 3 2 2 2 2 2 2 3 3 3 3 3 3 3 3 3 3 3 3 3
1 1 1 1 0 0 0 0 0 0 0 0 0 1 1 1 1 1 1 1 0 0 0 0 0 0 0 0 0 0 0 0 0 0 0 0 0 0 0 0 0 0 0 0 0 0 0 0 0 0 0 1 1 2 4 6 8 10 12 14 12 11 9 7 5 3 2 2 2 2 2 2 3 3 3 3 2 2 2 2 2 2 2 2 2 3 3 3 3 3 3 3 3 3 3 2
1 0 0 0 0 0 0 0 0 0 0 0 1 1 1 1 1 1 1 1 0 0 0 0 0 0 0 0 0 0 0 0 0 0 0 0 0 0 0 0 0 0 0 0 0 0 0 0 0 0 1 1 1 2 3 5 6 7 8 10 9 8 6 5 4 3 1 2 2 2 2 2 2 3 2 2 2 2 2 2 2 2 2 2 2 2 2 2 2 2 2 2 2 2 2 2
0 0 0 0 0 0 0 0 0 0 0 0 1 1 1 1 1 1 1 1 1 0 0 0 0 0 0 0 0 0 0 0 0 0 0 0 0 0 0 0 0 0 0 0 0 0 0 0 0 1 1 1 1 2 2 3 4 4 5 6 5 5 4 3 3 2 1 1 2 2 2 2 2 2 2 2 2 2 2 2 2 2 2 2 2 2 2 2 2 2 2 2 2 2 2 1
0 0 0 0 0 0 0 0 0 1 1 1 1 1 1 1 2 2 2 1 1 1 0 0 0 0 0 0 0 0 0 0 0 0 0 0 0 0 0 0 0 0 0 0 0 0 0 0 0 0 1 1 1 1 2 2 3 3 4 4 4 3 3 2 2 2 1 1 1 2 2 2 2 2 2 2 2 2 2 2 2 2 2 2 2 2 2 2 2 2 2 2 2 1 1 1
0 0 0 0 0 0 1 1 1 1 1 1 1 2 2 2 2 3 2 2 1 1 1 0 0 0 0 0 0 0 0 0 0 0 0 0 0 0 0 0 0 0 0 0 0 0 0 0 0 0 1 1 1 1 2 2 2 3 3 4 3 3 3 2 2 1 1 1 1 2 2 2 2 2 2 2 2 2 2 2 1 1 1 1 1 1 1 1 1 1 2 2 2 2 2 1
0 0 0 0 0 1 1 1 1 1 1 2 2 2 2 3 3 3 3 3 2 1 1 0 0 0 0 0 0 0 0 0 0 0 0 0 0 0 0 0 0 0 0 0 0 0 0 0 0 0 0 1 1 1 1 2 2 2 3 3 3 3 2 2 2 1 1 1 1 2 2 2 2 2 2 2 2 2 2 1 1 1 1 1 1 1 1 1 1 1 1 2 2 2 2 1
0 0 0 0 0 1 1 1 1 2 2 2 2 3 3 3 4 4 4 3 2 2 1 0 0 0 0 0 0 0 0 0 0 0 0 0 0 0 0 0 0 0 0 0 0 0 0 0 0 0 0 0 0 1 1 1 2 2 2 3 3 2 2 2 1 1 1 1 1 1 2 2 2 2 2 2 2 2 1 1 1 1 1 1 1 1 1 1 1 1 1 2 2 2 2 1
0 0 0 0 0 1 1 1 2 2 2 3 3 3 4 4 4 5 4 4 3 2 1 1 0 0 0 0 0 0 0 0 0 0 0 0 0 0 0 0 0 0 0 0 0 0 0 0 0 0 0 0 0 1 1 1 1 2 2 2 2 2 2 2 1 1 1 1 1 1 2 2 2 2 2 2 2 2 1 1 1 1 1 1 1 1 1 1 1 1 1 2 2 2 2 2
0 0 0 0 1 1 1 2 2 2 3 3 3 4 4 5 5 6 5 4 3 3 2 1 0 0 0 0 0 0 0 0 0 0 0 0 0 0 0 0 0 0 0 0 0 0 0 0 0 0 0 0 0 0 1 1 1 1 2 2 2 2 1 1 1 1 1 1 1 1 2 2 2 2 2 2 2 1 1 1 1 1 1 1 1 1 1 1 1 1 1 2 2 2 2 2
0 0 0 0 1 1 1 2 2 3 3 3 4 4 5 5 6 6 6 5 4 3 2 1 0 0 0 0 0 0 0 0 0 0 0 0 0 0 0 0 0 0 0 0 0 0 0 0 0 0 0 0 0 0 0 1 1 1 1 2 1 1 1 1 1 1 1 1 1 1 1 2 2 2 2 2 2 1 1 1 1 1 1 1 1 1 1 1 1 1 1 2 2 2 2 2
0 0 0 0 1 1 2 2 3 3 4 4 5 5 5 6 6 6 6 5 4 3 2 1 0 0 0 0 0 0 0 0 0 0 0 0 0 0 0 0 0 0 0 0 0 0 0 0 0 0 0 0 0 0 0 0 1 1 1 1 1 1 1 1 1 1 1 1 1 1 2 2 2 2 2 2 2 1 1 1 1 1 1 1 1 1 1 1 1 1 1 2 2 2 2 2
0 0 0 1 1 2 2 3 4 5 5 6 6 6 6 6 6 5 5 4 3 2 2 1 0 0 0 0 0 0 0 0 0 0 0 0 0 0 0 0 0 0 0 0 0 0 0 0 0 0 0 0 0 0 0 1 1 1 1 1 1 1 1 1 1 1 1 1 1 1 2 2 2 2 2 2 2 1 1 1 1 1 1 1 1 1 1 1 1 1 1 2 2 2 2 2
0 0 1 1 1 2 3 4 5 6 7 7 6 6 6 6 5 5 4 4 3 2 1 1 0 0 0 0 0 0 0 0 0 0 0 0 0 0 0 0 0 0 0 0 1 1 1 1 0 0 0 0 0 0 0 1 1 1 1 1 1 1 1 1 1 1 1 1 1 2 2 2 2 3 2 2 2 1 1 1 1 1 1 1 1 1 1 1 1 1 2 2 2 2 2 1
0 0 1 1 1 2 3 5 6 7 8 8 7 7 6 6 5 4 4 3 2 2 1 0 0 0 0 0 0 0 0 0 0 0 0 0 0 0 0 0 0 0 0 1 1 1 1 1 1 0 0 0 0 0 0 1 1 1 1 1 1 1 1 1 1 1 1 1 1 2 2 2 2 3 2 2 2 2 1 1 1 1 1 1 1 1 1 2 2 2 2 2 2 1 1 1
0 0 1 1 1 3 4 5 7 8 9 9 8 7 6 6 5 4 3 2 2 1 1 0 0 0 0 0 0 0 0 0 0 0 0 0 0 0 0 0 0 0 1 1 1 1 1 1 1 1 1 0 0 0 0 1 1 1 1 1 1 1 1 1 1 1 1 1 1 2 2 2 3 3 3 2 2 2 1 1 1 1 1 1 1 1 2 2 2 2 2 2 1 1 1 1
0 0 1 1 2 3 5 6 8 9 11 10 9 8 7 6 4 3 2 2 1 1 1 0 0 0 0 0 0 0 0 0 0 0 0 0 0 0 0 0 0 1 1 1 1 1 1 1 1 1 1 0 0 0 1 1 1 1 1 1 1 1 1 1 1 1 1 1 2 2 2 2 3 3 3 2 2 2 1 1 1 1 1 1 1 2 2 2 2 2 2 1 1 1 1 1
0 1 1 1 2 3 5 7 8 10 12 12 10 9 7 6 4 2 2 1 1 1 0 0 0 0 0 0 0 0 0 0 0 0 0 0 0 0 0 0 1 1 1 1 1 2 2 1 1 1 1 1 0 0 1 1 1 1 1 1 1 1 1 1 1 1 1 1 2 2 2 3 3 3 3 2 2 2 1 1 1 1 1 1 2 2 2 2 2 2 2 1 1 1 1 1
0 0 1 1 2 3 5 6 8 9 11 11 10 8 7 5 4 3 2 2 1 1 1 0 0 0 0 0 0 0 1 1 1 1 1 0 0 0 0 0 1 1 1 1 1 2 1 1 1 1 1 1 0 0 1 1 1 1 1 1 1 1 1 1 1 1 1 1 2 2 2 3 3 3 3 2 2 2 1 1 1 1 1 1 1 2 2 2 2 2 2 1 1 1 1 1
0 0 1 1 2 3 4 5 7 8 9 9 8 7 6 5 4 3 3 2 2 1 1 1 0 0 0 0 1 1 1 1 1 1 1 1 1 0 0 0 1 1 1 1 1 1 1 1 1 1 1 1 0 1 1 1 1 1 1 1 1 1 1 1 1 1 2 2 2 2 2 3 3 3 3 2 2 2 1 1 1 1 1 1 1 2 2 2 2 2 1 1 1 1 1 1
0 0 1 1 1 2 3 5 6 7 8 8 7 7 6 5 5 4 4 3 2 2 1 1 0 0 0 1 1 1 1 2 2 1 1 1 1 1 0 0 1 1 1 1 1 1 1 1 1 1 1 1 0 1 1 1 1 1 1 1 1 1 2 2 2 2 2 2 2 2 2 3 3 3 3 2 2 2 1 1 1 1 1 1 1 1 2 2 2 1 1 1 1 1 1 1
0 0 1 1 1 2 3 4 5 5 6 6 6 6 6 5 5 5 4 4 3 2 2 1 0 0 1 1 1 2 2 2 2 2 1 1 1 1 0 0 1 1 1 1 1 1 1 1 1 1 1 1 0 1 1 1 1 1 1 1 1 2 2 2 2 2 2 2 2 2 3 3 3 3 2 2 2 1 1 1 1 1 1 1 1 1 1 1 1 1 1 1 1 1 1 1
0 0 0 1 1 2 2 3 3 4 5 5 5 5 5 5 5 5 5 4 4 3 2 1 1 1 1 1 2 2 2 3 2 2 2 1 1 1 0 0 0 1 1 1 1 1 1 1 1 1 1 0 0 1 1 1 1 1 1 1 2 2 2 2 2 2 2 3 3 3 3 3 3 3 2 2 2 1 1 1 0 1 1 1 1 1 1 1 1 1 1 1 1 1 1 1
0 0 0 1 1 1 2 2 2 3 3 3 4 4 5 5 6 6 6 5 4 3 2 2 1 1 1 2 2 2 3 3 3 2 2 2 1 1 1 0 0 1 1 1 1 1 1 1 1 1 0 0 0 1 1 1 1 1 1 2 2 2 2 2 2 3 3 3 3 3 3 3 3 3 2 2 2 1 1 1 0 1 1 1 1 1 1 1 1 1 1 1 1 1 1 1
0 0 0 0 1 1 1 1 1 1 1 2 3 4 4 5 6 7 6 6 5 4 3 2 1 1 1 2 2 3 3 3 3 3 2 2 1 1 1 0 0 0 0 0 0 0 0 0 0 0 0 0 0 1 1 1 1 1 1 2 2 2 2 2 3 3 3 3 3 3 3 3 2 2 2 2 2 1 1 1 0 0 1 1 1 1 1 1 1 1 1 1 1 1 1 1
0 0 0 0 1 1 1 1 1 1 1 1 2 3 4 5 5 6 6 5 4 4 3 2 1 1 1 2 2 3 3 4 3 3 2 2 2 1 1 0 0 0 0 0 0 0 0 0 0 0 0 0 0 1 1 1 1 1 2 2 2 2 2 3 3 3 3 3 3 3 3 2 2 2 2 2 1 1 1 1 0 0 1 1 1 1 1 1 1 1 1 1 1 1 1 1
0 0 0 1 1 1 1 1 1 1 1 1 2 3 3 4 5 5 5 5 4 3 3 2 1 1 2 2 2 3 3 4 3 3 2 2 2 1 1 1 0 0 0 0 0 0 0 0 0 0 0 0 0 1 1 1 1 1 2 2 2 2 2 3 3 3 3 3 3 3 2 2 2 2 2 1 1 1 1 1 0 0 1 1 1 1 1 1 1 1 1 1 1 1 1 2
0 0 0 1 1 1 1 1 1 1 1 1 2 2 3 3 4 5 5 4 3 3 2 2 1 1 2 2 2 3 3 4 3 3 2 2 2 1 1 1 0 0 0 0 0 0 0 0 0 0 0 0 1 1 1 1 1 1 2 2 2 2 2 3 3 3 3 3 3 3 2 2 2 2 1 1 1 1 1 0 0 0 1 1 1 1 1 1 1 1 1 1 1 1 1 2
0 0 0 1 1 1 1 1 1 1 1 1 1 2 2 3 3 4 4 3 3 3 2 2 1 1 2 2 2 3 3 4 3 3 3 2 2 1 1 1 0 0 0 0 0 0 0 0 0 0 0 1 1 1 1 1 1 2 2 2 2 2 3 3 3 3 3 3 3 2 2 2 2 1 1 1 1 1 1 0 0 0 1 1 1 1 1 1 1 1 1 1 1 1 2 2
0 0 0 1 1 1 1 1 1 1 1 1 1 2 2 2 3 3 3 3 2 2 2 2 1 1 2 2 3 3 3 4 4 3 3 2 2 1 1 1 0 0 0 0 0 0 0 0 0 0 0 1 1 1 1 1 1 2 2 2 2 2 3 3 3 3 3 3 3 2 2 2 1 1 1 1 1 1 0 0 0 0 1 1 1 1 1 2 2 2 2 2 2 2 2 2
0 0 0 1 1 1 1 1 0 0 0 1 1 1 1 2 2 2 2 2 2 2 2 1 1 1 2 2 3 3 3 4 4 3 3 2 2 1 1 1 0 0 0 0 0 0 0 0 0 0 0 1 1 1 1 1 1 2 2 2 2 2 3 3 3 3 3 3 3 2 2 2 1 1 1 1 0 0 0 0 0 0 1 1 1 1 1 2 2 2 2 2 2 2 2 2
0 0 1 1 1 1 1 0 0 0 0 0 1 1 1 1 1 2 2 2 2 1 1 1 1 1 2 2 3 3 3 4 4 3 3 2 2 1 1 1 0 0 0 0 0 0 0 0 0 0 1 1 1 1 1 1 2 2 2 2 2 2 3 3 3 3 3 3 3 2 2 1 1 1 0 0 0 0 0 0 0 0 1 1 1 1 2 2 2 2 2 2 2 2 2 3
0 0 0 1 1 1 0 0 0 0 0 0 1 1 1 1 1 2 2 2 2 2 2 1 1 2 2 2 3 3 3 4 3 3 3 2 2 1 1 1 0 0 0 0 0 0 0 0 0 0 1 1 1 1 1 1 1 2 2 2 2 2 2 3 3 3 3 3 2 2 2 1 1 0 0 0 0 0 0 0 0 0 1 1 1 1 1 2 2 2 2 2 2 2 2 3
0 0 0 0 0 0 0 0 0 0 0 0 1 1 1 1 1 2 2 2 2 2 2 2 2 2 2 2 3 3 3 3 3 3 2 2 1 1 1 0 0 0 0 0 0 0 0 0 0 1 1 1 1 1 1 1 1 2 2 2 2 2 2 2 2 2 3 2 2 2 1 1 1 1 0 0 0 0 0 0 0 0 0 1 1 1 1 2 2 2 2 2 2 2 2 3
0 0 0 0 0 0 0 0 0 0 0 0 1 1 1 1 1 2 2 2 2 2 2 2 2 2 2 2 3 3 3 3 3 2 2 2 1 1 1 0 0 0 0 0 0 0 0 0 0 1 1 1 1 1 1 1 1 1 2 2 2 2 2 2 2 2 2 2 2 1 1 1 1 1 0 0 0 0 0 0 0 0 0 1 1 1 1 1 2 2 2 2 2 2 2 2
0 0 0 0 0 0 0 0 0 0 0 0 1 1 1 1 1 2 2 2 2 2 2 2 2 2 2 3 3 3 3 3 3 2 2 2 1 1 0 0 0 0 0 0 0 0 0 0 1 1 1 1 1 1 1 1 1 1 2 2 2 2 2 2 2 2 2 2 1 1 1 1 1 1 0 0 0 0 0 0 0 0 0 1 1 1 1 1 1 2 2 2 2 2 2 2
0 0 0 0 0 0 0 0 0 0 0 0 1 1 1 1 2 2 2 2 2 2 2 2 3 3 3 3 3 3 3 3 2 2 2 1 1 1 0 0 0 0 0 0 0 0 0 0 1 1 1 1 1 1 1 1 1 1 1 1 1 1 1 1 1 1 1 1 1 1 1 1 1 1 0 0 0 0 0 0 0 0 0 1 1 1 1 1 1 1 2 2 2 2 2 2
0 0 0 0 0 0 0 0 0 0 0 0 1 1 1 1 2 2 2 2 2 2 3 3 3 3 3 3 3 2 2 2 2 2 2 1 1 1 0 0 0 0 0 0 0 0 0 1 1 1 1 1 1 1 1 1 1 1 1 1 1 1 1 1 1 1 1 1 1 1 1 1 1 1 0 0 0 0 0 0 0 0 0 1 1 1 1 1 1 1 2 2 2 2 2 2
0 0 0 0 0 0 0 0 0 0 0 1 1 1 1 1 2 2 2 2 2 3 3 3 3 3 3 3 3 2 2 2 2 2 1 1 1 1 0 0 0 0 0 0 0 0 1 1 1 1 1 1 1 1 1 1 1 1 1 1 1 1 1 1 1 1 0 0 0 0 0 0 1 1 0 0 0 0 0 0 0 0 0 0 1 1 1 1 1 1 1 2 2 2 2 2
0 0 0 0 0 0 0 0 0 0 1 1 1 1 1 2 2 2 2 2 3 3 3 3 3 3 3 3 3 2 2 2 2 2 1 1 1 1 0 0 0 0 0 0 0 1 1 1 1 1 1 1 1 1 1 1 1 1 1 1 1 1 1 1 1 0 0 0 0 0 1 1 1 1 1 1 0 0 0 0 0 0 0 0 1 1 1 1 1 1 1 2 2 2 2 2
0 0 0 0 0 0 0 0 0 1 1 1 1 1 2 2 2 2 2 3 3 3 3 3 3 3 3 3 3 3 2 2 2 2 1 1 1 1 0 0 0 0 0 1 1 1 1 1 1 1 1 1 1 1 1 1 1 1 1 1 1 1 1 1 1 0 0 0 0 1 1 1 1 1 1 1 1 0 0 0 0 0 0 0 1 1 1 1 1 1 1 1 2 2 2 2
0 0 0 0 0 0 0 0 1 1 1 1 1 2 2 2 2 2 3 3 3 3 3 3 4 4 3 3 3 3 3 2 2 2 2 1 1 1 1 0 1 1 1 1 1 1 1 1 1 1 1 1 1 1 1 1 1 1 1 1 1 1 1 1 0 0 0 0 0 1 1 1 1 1 1 1 1 1 0 0 0 0 0 0 0 1 1 1 1 1 1 1 1 2 2 2
0 0 0 0 0 0 0 1 1 1 1 1 2 2 2 2 2 2 3 3 3 3 3 4 4 4 4 3 3 3 3 2 2 2 2 1 1 1 1 1 1 1 1 1 1 1 1 1 1 1 1 1 1 1 1 1 1 1 1 1 1 1 1 1 0 0 0 0 1 1 1 1 1 1 1 1 1 1 0 0 0 0 0 0 0 1 1 1 1 1 1 1 1 1 1 1
0 0 0 0 0 0 1 1 1 1 1 2 2 2 2 2 2 3 3 3 3 3 4 4 4 4 4 3 3 3 3 2 2 2 2 1 1 1 1 1 1 1 1 1 1 1 1 1 1 1 1 1 1 1 1 1 1 1 1 1 1 1 1 0 0 0 0 0 1 1 1 1 1 1 1 1 1 1 1 0 0 0 0 0 0 0 1 1 1 1 1 1 1 1 1 1
0 0 0 0 0 0 1 1 1 1 2 2 2 2 2 3 3 3 3 3 3 4 4 4 4 4 4 4 3 3 3 3 2 2 2 2 1 1 1 1 1 1 1 1 1 1 1 1 1 1 1 1 1 1 1 1 1 1 1 1 1 1 0 0 0 0 0 0 1 1 1 1 1 1 1 1 1 1 1 0 0 0 0 0 0 0 0 0 1 1 1 1 1 1 1 1
0 0 0 0 0 0 1 1 1 2 2 2 2 2 3 3 3 3 3 3 4 4 4 4 4 4 4 4 3 3 3 3 2 2 2 2 1 1 1 1 1 1 1 1 1 1 1 1 1 1 1 1 1 1 1 1 1 1 1 1 1 0 0 0 0 0 0 0 1 1 1 1 1 1 1 1 1 1 1 0 0 0 0 0 0 0 0 0 1 1 1 1 1 1 1 1
0 0 0 0 1 1 1 2 2 2 2 3 3 3 3 3 3 3 4 4 4 4 4 5 5 5 4 4 4 3 3 3 2 2 2 2 1 1 1 1 1 1 1 1 1 1 1 1 1 1 1 1 1 1 1 2 2 2 2 2 2 1 1 1 1 1 0 1 1 1 1 1 1 1 1 1 1 1 1 1 0 0 0 0 0 0 0 0 1 1 1 1 1 1 1 1
0 0 1 1 1 1 2 2 2 3 3 3 3 3 4 4 4 4 4 4 4 5 5 5 5 5 4 4 4 3 3 2 2 2 2 2 1 1 1 1 1 1 1 1 1 1 1 1 1 1 1 1 1 2 2 2 2 3 3 3 3 3 2 2 1 1 1 1 1 1 1 1 1 2 1 1 1 1 1 1 1 1 1 1 1 1 1 1 1 1 1 1 1 1 1 1
1 1 1 1 2 2 2 3 3 3 4 4 4 4 4 4 4 4 5 5 5 5 5 5 6 5 5 4 4 3 3 2 2 2 2 2 2 1 1 1 1 1 1 1 1 1 1 1 1 1 1 1 1 2 2 3 3 4 4 5 4 4 3 3 2 1 1 1 1 1 1 1 1 2 1 1 1 1 1 1 1 1 1 1 1 1 1 1 1 1 1 1 1 1 1 1
1 1 1 2 2 2 3 3 3 4 4 4 4 5 5 5 5 5 5 5 5 6 6 6 6 6 5 4 4 3 3 2 2 2 2 2 2 2 1 1 1 1 1 1 1 1 1 1 1 1 1 1 1 2 2 3 4 5 5 6 5 5 4 3 3 2 1 1 1 1 1 2 2 2 2 1 1 1 1 1 1 1 1 1 1 1 1 1 1 1 1 1 1 1 1 2
1 1 2 2 3 3 3 4 4 4 5 5 5 5 5 5 5 5 6 6 6 6 6 6 6 6 5 5 4 3 3 2 2 2 2 2 2 2 2 2 2 1 1 1 1 1 1 1 1 1 1 1 1 2 3 4 5 6 7 7 7 6 5 4 3 2 1 1 1 1 2 2 2 2 2 2 1 1 1 1 1 1 1 1 1 1 1 1 1 1 1 1 1 1 2 2
1 2 2 3 3 3 4 4 5 5 5 6 6 6 6 6 6 6 6 6 6 6 7 7 7 6 6 5 4 3 3 2 2 2 2 2 2 2 2 2 2 2 2 2 2 1 1 1 1 1 1 1 1 2 3 4 5 7 8 9 8 7 6 5 4 3 1 1 2 2 2 2 2 2 2 2 2 1 1 1 1 1 1 1 1 1 1 1 1 1 1 1 1 2 2 2
2 2 3 3 3 4 4 5 5 5 6 6 6 6 6 6 6 6 6 7 7 7 7 7 7 7 6 5 4 3 3 2 2 2 2 2 2 2 2 2 2 2 2 2 2 2 2 1 1 1 1 1 1 2 3 5 6 8 9 10 9 8 7 5 4 3 2 2 2 2 2 2 2 2 2 2 2 2 1 1 1 1 1 1 1 1 1 1 1 1 1 1 1 2 2 2
2 2 3 3 3 4 4 5 5 5 6 6 6 6 6 6 6 7 7 7 7 7 7 7 7 7 6 5 4 4 3 2 2 2 2 2 2 2 2 2 2 2 2 2 2 2 2 2 2 2 2 2 2 3 4 6 7 9 10 12 11 9 8 6 5 3 2 2 2 2 2 2 2 2 2 2 2 1 1 1 1 1 1 1 1 1 1 1 1 1 1 1 1 2 2 2
2 2 3 3 4 4 4 5 5 5 6 6 6 6 6 6 6 7 7 7 7 7 7 7 7 7 6 5 4 4 3 2 2 2 2 2 2 2 2 2 2 2 2 2 2 2 2 2 2 2 2 2 2 4 5 7 8 10 12 13 12 10 9 7 6 4 2 2 2 2 2 2 2 2 2 2 2 1 1 1 1 1 1 1 1 1 1 1 1 1 1 1 1 2 2 2
2 2 3 3 4 4 4 4 5 5 5 6 6 6 6 6 7 7 7 7 7 7 7 7 7 7 6 5 5 4 3 2 2 2 2 2 2 3 3 3 2 2 2 2 2 2 2 2 2 2 3 3 3 4 6 8 10 11 13 15 13 12 10 8 6 4 3 2 2 2 2 2 2 2 2 2 2 1 1 1 1 1 1 1 1 1 1 1 1 1 1 1 1 2 2 2
2 3 3 3 4 4 4 4 5 5 5 5 6 6 6 6 7 7 7 7 7 7 7 7 8 7 6 5 5 4 3 2 2 2 2 3 3 3 3 3 3 3 2 2 2 2 2 2 3 3 3 3 3 5 7 9 11 13 14 16 15 13 11 9 7 5 3 3 3 2 2 2 2 2 2 2 2 1 1 1 1 1 1 1 1 1 1 1 1 1 1 1 1 2 2 2
2 3 3 3 4 4 4 4 5 5 5 5 6 6 6 6 7 7 7 7 7 7 7 7 8 7 6 6 5 4 3 2 2 2 3 3 3 3 3 3 3 3 3 2 2 2 2 3 3 3 3 4 4 6 8 10 12 14 16 18 16 14 12 10 8 5 3 3 3 3 2 2 2 2 2 2 2 1 1 1 1 1 1 1 1 1 1 1 1 1 1 1 1 2 2 2
3 3 3 3 4 4 4 4 4 5 5 5 5 6 6 6 7 7 7 7 7 7 7 8 8 7 6 6 5 4 3 3 2 3 3 3 3 3 4 3 3 3 3 3 2 2 2 3 3 4 4 4 5 7 9 11 13 15 17 19 17 15 13 10 8 6 4 3 3 3 3 2 2 2 2 2 2 1 1 1 1 1 1 1 1 1 1 1 1 1 1 1 1 2 2 2
3 3 3 3 4 4 4 4 4 4 5 5 5 6 6 6 7 7 7 7 7 7 8 8 8 7 6 6 5 4 3 3 3 3 3 3 3 4 4 4 3 3 3 3 2 2 2 3 3 4 4 5 5 7 10 12 14 16 18 21 19 16 14 11 9 6 4 3 3 3 3 2 2 2 2 2 1 1 1 1 1 1 1 1 1 1 1 1 1 1 1 1 1 2 2 2
3 3 3 3 3 3 4 4 4 4 4 4 5 5 5 6 6 6 7 7 7 7 7 7 7 7 6 5 5 4 3 3 3 3 3 3 3 3 4 3 3 3 3 3 3 2 3 3 3 4 4 4 5 6 8 10 12 14 16 18 16 14 12 10 8 5 3 3 3 3 2 2 2 2 2 1 1 1 1 1 1 1 1 1 1 1 1 1 1 1 1 1 2 2 2 2
