pluvio/pluvio-258.asc
ncols         252
nrows         154
xllcorner     -0.5
yllcorner     -153.5
cellsize      1
NODATA_value  -9999
[rows 0 to 58 of 154, columns 96 to 191 of 252]
0 0 0 0 0 0 0 0 0 0 0 0 0 0 0 0 0 0 0 0 0 0 0 0 0 0 0 0 0 0 0 0 0 0 0 0 0 0 0 0 0 0 1 1 2 2 3 3 3 3 2 2 2 2 2 2 2 1 1 1 1 1 1 1 1 1 1 1 1 1 1 1 1 1 1 1 1 1 1 1 1 1 1 1 1 1 1 1 1 1 1 1 1 1 1 1
0 0 0 0 0 0 0 0 0 0 0 0 0 0 0 0 0 0 0 0 0 0 0 0 0 0 0 0 0 0 0 0 0 0 0 0 0 0 0 0 0 0 1 1 2 2 3 3 3 3 2 2 2 2 2 2 2 1 1 1 1 1 1 1 1 1 1 1 1 1 1 1 2 2 2 2 2 2 2 2 2 2 2 2 2 2 2 2 2 2 2 1 1 1 1 1
0 0 0 0 0 0 0 0 0 0 0 0 0 0 0 0 0 0 0 0 0 0 0 0 0 0 0 0 0 0 0 0 0 0 0 0 0 0 0 0 0 0 1 1 2 2 3 3 3 3 2 2 2 2 2 2 2 1 1 1 1 1 1 1 1 1 1 1 1 1 2 2 2 2 2 2 2 2 2 2 2 2 2 2 2 2 2 2 2 2 2 2 2 2 2 2
0 0 0 0 0 0 0 0 0 0 0 0 0 0 0 0 0 0 0 0 0 0 0 0 0 0 0 0 0 0 0 0 0 0 0 0 0 0 0 0 0 0 1 1 2 3 3 3 3 3 2 2 2 2 1 1 1 1 1 1 1 1 1 1 1 1 1 1 1 2 2 2 2 3 3 3 3 3 3 3 3 3 2 2 3 3 3 3 3 2 2 2 2 2 2 2
0 0 0 0 0 0 0 0 0 0 0 0 0 0 0 0 0 0 0 0 0 0 0 0 0 0 0 0 0 0 0 0 0 0 0 0 0 0 0 0 0 1 1 2 2 3 3 3 3 3 3 2 2 2 2 2 2 2 2 2 2 2 2 2 2 2 2 2 2 2 2 3 3 3 3 3 3 3 3 3 3 3 3 3 3 3 3 3 3 3 3 3 3 3 3 2
0 0 0 0 0 0 0 0 0 0 0 0 0 0 0 0 0 0 0 0 0 0 0 0 0 0 0 0 0 0 0 0 0 0 0 0 0 0 0 1 1 1 2 2 3 3 3 4 3 3 3 3 3 2 2 2 2 2 2 2 2 2 2 2 2 2 2 2 2 3 3 3 3 4 4 4 4 4 4 4 4 4 4 4 4 4 4 4 4 4 4 4 4 3 3 3
0 0 0 0 0 0 0 0 0 0 0 0 0 0 0 0 0 0 0 0 0 0 0 0 0 0 0 0 0 0 0 0 0 0 0 0 1 1 1 1 2 2 2 3 3 3 4 4 4 3 3 3 3 3 3 3 3 2 2 2 2 2 2 2 2 2 3 3 3 3 3 4 4 4 4 5 5 5 5 5 5 5 5 5 5 5 5 5 5 5 5 5 4 4 4 4
0 0 0 0 0 0 0 0 0 0 0 0 0 0 0 0 0 0 0 0 0 0 0 0 0 0 0 0 0 0 0 0 0 0 0 0 1 1 2 2 2 3 3 3 3 4 4 4 4 4 4 3 3 3 3 3 3 3 3 3 3 3 3 3 3 3 3 3 3 3 4 4 4 5 5 5 5 6 6 6 6 6 6 6 6 6 6 6 6 6 6 6 5 5 5 4
0 0 0 0 0 0 0 0 0 0 0 0 0 0 0 0 0 0 0 0 0 0 0 0 0 0 0 0 0 0 0 0 0 0 0 1 1 2 2 3 3 3 3 4 4 4 4 4 4 4 4 4 4 4 4 4 3 3 3 3 3 3 3 3 3 3 3 3 4 4 4 5 5 5 5 6 6 6 6 7 7 7 7 7 7 7 7 7 7 7 7 6 6 6 5 5
0 0 0 0 0 0 0 0 0 0 0 0 0 0 0 0 0 0 0 0 0 0 0 0 0 0 0 0 0 0 0 0 0 0 0 1 2 2 3 4 4 4 4 4 4 4 4 4 4 4 4 4 4 4 4 4 4 4 4 3 3 3 3 3 4 4 4 4 4 4 5 5 5 6 6 6 7 7 7 8 8 8 8 8 8 8 8 8 8 8 8 7 7 7 6 6
0 0 0 0 0 0 0 0 0 0 0 0 0 0 0 0 0 0 0 0 0 0 0 0 0 0 0 0 0 0 0 0 0 0 1 1 2 3 4 4 5 5 5 5 4 4 4 4 4 4 5 5 5 5 5 4 4 4 4 4 4 4 4 4 4 4 4 4 5 5 5 6 6 6 7 7 7 8 8 8 9 9 9 9 9 9 9 9 9 9 9 8 8 7 7 6
0 0 0 0 0 0 0 0 0 0 0 0 0 0 0 0 0 0 0 0 0 0 0 0 0 0 0 0 0 0 0 0 0 0 1 2 3 3 4 5 6 5 5 5 5 5 5 5 5 5 5 5 5 5 5 5 5 5 5 4 4 4 4 5 5 5 5 5 5 6 6 6 7 7 7 7 8 8 9 9 10 10 10 10 10 10 10 10 10 9 9 9 8 8 7 7
0 0 0 0 0 0 0 0 0 0 0 0 0 0 0 0 0 0 0 0 0 0 0 0 0 0 0 0 0 0 0 0 0 0 1 2 3 4 5 6 6 6 6 6 6 5 5 5 5 5 6 6 6 6 6 6 6 5 5 5 5 5 5 6 6 6 6 6 6 7 7 7 7 7 8 8 8 9 9 10 10 11 11 10 10 10 10 10 10 9 9 9 8 8 8 7
0 0 0 0 0 0 0 0 0 0 0 0 0 0 0 0 0 0 0 0 0 0 0 0 0 0 0 0 0 0 0 0 0 1 2 3 4 5 5 6 7 7 7 6 6 6 6 6 6 6 6 6 6 6 6 6 6 6 6 6 6 6 6 6 7 7 7 7 7 7 8 8 8 8 8 8 9 9 10 10 11 11 11 11 11 10 10 10 10 9 9 9 8 8 8 7
0 0 0 0 0 0 0 0 0 0 0 0 0 0 0 0 0 0 0 0 0 0 0 0 0 0 0 0 0 0 0 1 1 1 2 3 4 5 6 7 8 7 7 7 7 7 6 6 6 7 7 7 7 7 7 7 7 7 7 7 7 7 7 7 8 8 8 8 8 8 8 9 9 9 9 9 9 10 10 11 11 12 11 11 11 11 10 10 10 9 9 9 8 8 8 8
0 0 0 0 0 0 0 0 0 0 0 0 0 0 0 0 0 0 0 0 0 0 0 0 0 0 0 0 0 0 1 1 1 2 3 4 5 6 7 8 8 8 8 8 7 7 7 7 7 7 7 7 7 7 7 7 8 8 8 8 8 8 8 8 9 9 9 9 9 9 9 9 9 9 9 10 10 10 11 11 12 12 12 12 11 11 10 10 9 9 9 9 9 8 8 8
0 0 0 0 0 0 0 0 0 0 0 0 0 0 0 0 0 0 0 0 0 0 0 0 0 0 0 0 0 1 1 1 1 2 3 4 5 6 7 8 9 9 8 8 8 8 8 8 8 8 8 8 8 8 8 8 8 8 9 9 9 9 9 9 10 10 10 10 10 10 10 10 10 10 10 10 10 11 11 12 12 13 12 12 11 11 10 10 9 9 9 9 9 8 8 8
0 0 0 0 0 0 0 0 0 0 0 0 0 0 0 0 0 0 0 0 0 0 0 0 0 0 0 0 0 1 1 1 2 2 4 5 6 7 8 9 10 9 9 9 9 8 8 8 8 8 8 8 8 8 8 9 9 9 9 10 10 10 10 10 11 11 11 11 11 11 11 11 11 10 10 11 11 11 12 12 13 13 13 12 12 11 10 10 9 9 9 9 9 9 8 8
0 0 0 0 0 0 0 0 0 0 0 0 0 0 0 0 0 0 0 0 0 0 0 0 0 0 0 0 1 1 1 2 2 3 4 5 6 7 8 9 10 9 9 9 9 9 8 8 8 9 9 9 9 9 9 9 10 10 10 10 11 11 11 11 11 12 12 12 12 12 12 12 12 12 12 12 13 13 13 14 14 14 14 14 13 12 11 11 10 10 10 9 9 9 9 9
0 0 0 0 0 0 0 0 0 0 0 0 0 0 0 0 0 0 0 0 0 0 0 0 1 1 1 1 1 2 2 2 2 3 4 5 6 7 8 9 9 9 9 9 9 8 8 8 8 9 9 9 9 9 10 10 10 10 11 11 11 12 12 12 12 12 12 13 13 13 13 14 14 14 15 15 15 15 16 16 16 16 16 15 15 14 13 12 12 11 11 10 10 10 10 9
0 0 0 0 0 0 0 0 0 0 0 0 0 0 0 0 0 0 0 0 0 0 1 1 1 2 2 2 2 2 2 2 2 3 4 5 6 7 8 9 9 9 9 9 8 8 8 8 8 9 9 9 9 10 10 10 11 11 12 12 12 12 13 13 13 13 13 13 13 14 15 15 16 17 17 17 18 18 18 18 18 18 18 17 16 15 15 14 13 12 12 11 11 11 10 10
0 0 0 0 0 0 0 0 0 0 0 0 0 0 0 0 0 0 0 0 0 1 1 2 2 3 3 3 3 3 3 3 3 3 4 5 6 7 7 8 9 9 9 8 8 8 8 8 8 9 9 9 10 10 11 11 11 12 12 13 13 13 13 13 13 13 13 13 14 15 16 17 18 19 20 20 20 20 20 20 20 20 20 19 18 17 16 15 14 14 13 12 12 11 11 10
0 0 0 0 0 0 0 0 0 0 0 0 0 0 0 0 0 0 0 0 0 1 2 2 3 3 4 4 3 3 3 3 3 3 4 5 6 6 7 8 9 9 8 8 8 8 8 8 8 9 9 10 10 11 11 12 12 12 13 13 14 14 14 14 14 14 14 14 15 16 17 18 20 21 22 23 23 23 23 23 23 22 22 21 20 19 18 17 16 15 14 13 13 12 11 11
0 0 0 0 0 0 0 0 0 0 0 0 0 0 0 0 0 0 0 0 0 1 2 3 4 4 5 4 4 4 4 3 3 3 4 5 5 6 7 8 8 8 8 8 8 8 8 8 8 9 10 10 11 11 12 12 13 13 14 14 15 15 15 15 15 15 14 14 15 17 18 20 22 23 25 25 25 25 25 25 25 24 24 23 22 20 19 18 17 16 15 14 14 13 12 11
0 0 0 0 0 0 0 0 0 0 0 0 0 0 0 0 0 0 0 0 1 2 2 3 4 5 6 5 5 4 4 3 3 3 4 5 5 6 7 8 8 8 8 8 8 8 8 8 8 9 10 10 11 12 12 13 13 14 14 15 15 16 15 15 15 15 15 15 16 18 20 22 23 25 27 28 28 27 27 27 27 26 26 24 23 22 21 20 18 17 16 15 14 13 12 11
0 0 0 0 0 0 0 0 0 0 0 0 0 0 0 0 0 0 0 0 1 2 3 4 4 5 6 5 5 5 4 4 3 3 4 5 6 6 7 8 8 8 8 8 8 8 8 8 8 9 10 10 11 11 12 13 13 14 14 15 15 16 16 16 16 16 16 16 17 19 21 23 25 27 28 29 29 28 28 28 28 27 26 25 24 23 22 21 20 19 18 17 16 15 14 12
0 0 0 0 0 0 0 0 0 0 0 0 0 0 0 0 0 0 0 0 1 2 2 3 4 5 6 5 5 5 4 4 4 4 4 5 6 7 8 8 9 9 8 8 8 8 8 8 9 9 10 10 11 11 12 12 13 13 14 14 15 15 16 16 16 16 17 17 18 20 22 24 25 27 29 29 29 29 29 28 28 28 27 26 25 24 23 22 20 19 19 18 17 16 15 14
0 0 0 0 0 0 0 0 0 0 0 0 0 0 0 0 0 0 0 0 1 1 2 3 4 5 6 5 5 5 4 4 4 4 5 6 6 7 8 9 9 9 9 9 8 8 8 8 9 9 9 10 10 11 11 12 12 13 14 14 15 15 16 16 17 17 18 18 19 21 23 24 26 28 29 30 30 29 29 28 28 28 27 26 25 24 23 22 21 20 20 19 18 17 16 15
0 0 0 0 0 0 0 0 0 0 0 0 0 0 0 0 0 0 0 0 1 1 2 3 4 5 5 5 5 5 5 4 4 4 5 6 7 8 8 9 10 9 9 9 9 8 8 8 9 9 9 10 10 11 11 12 12 13 13 14 14 15 16 16 17 18 19 19 21 22 24 25 27 28 30 30 30 30 29 29 28 28 27 27 26 25 24 23 22 21 21 20 19 18 17 16
0 0 0 0 0 0 0 0 0 0 0 0 0 0 0 0 0 0 0 0 1 1 2 3 4 5 5 5 5 5 5 5 5 5 6 6 7 8 9 10 10 10 9 9 9 9 8 8 9 9 9 10 10 10 11 11 12 12 13 13 14 15 16 17 18 19 20 21 22 23 25 26 28 29 30 31 30 30 30 29 29 28 28 27 26 25 25 24 23 22 22 21 20 19 18 18
0 0 0 0 0 0 0 0 0 0 0 0 0 0 0 0 0 0 0 0 0 1 2 3 4 4 5 5 5 5 5 5 5 5 6 7 8 8 9 10 10 10 10 9 9 9 8 8 9 9 9 9 10 10 10 11 11 12 12 13 14 14 16 17 18 19 21 22 23 24 26 27 28 30 31 31 31 30 30 29 29 29 28 27 27 26 25 25 24 23 23 22 21 20 20 19
0 0 0 0 0 0 0 0 0 0 0 0 0 0 0 0 0 0 0 0 0 1 2 3 3 4 5 5 5 5 5 5 5 5 6 7 8 9 10 10 11 10 10 10 9 9 8 8 9 9 9 9 9 10 10 11 11 12 12 13 13 14 16 17 19 20 22 23 24 25 27 28 29 30 31 32 31 31 30 30 29 29 28 28 27 27 26 26 25 24 24 23 22 22 21 20
0 0 0 0 0 0 0 0 0 0 0 0 0 0 0 0 0 0 0 0 1 2 2 3 4 4 5 5 5 5 5 5 5 6 7 7 8 9 10 11 11 11 10 10 10 9 9 9 9 9 9 10 10 10 10 11 11 12 12 13 13 14 16 17 19 20 22 23 25 26 27 28 29 30 32 32 31 31 30 30 30 29 29 28 27 27 26 26 25 25 24 24 23 22 22 21
0 0 0 0 0 0 0 0 0 0 0 0 0 1 1 1 1 1 1 1 2 2 3 3 4 5 5 5 5 5 5 6 6 6 7 8 8 9 10 11 11 11 11 11 10 10 10 10 10 10 10 10 10 10 11 11 12 12 13 13 14 15 16 18 19 21 22 24 25 26 27 28 30 31 32 32 31 31 31 30 30 29 29 28 28 27 27 26 25 25 24 24 23 23 22 22
0 0 0 0 1 1 1 1 1 1 1 1 1 1 1 1 2 2 2 2 3 3 4 4 4 5 5 5 6 6 6 6 6 6 7 8 9 9 10 11 11 11 11 11 11 11 11 11 11 11 11 11 11 11 11 11 12 12 13 13 14 15 16 18 19 21 22 24 25 26 27 29 30 31 32 32 32 31 31 30 30 30 29 28 28 27 27 26 26 25 25 24 24 23 23 22
0 0 1 1 1 1 1 1 1 1 1 1 1 2 2 2 2 3 3 3 3 4 4 4 5 5 5 6 6 6 6 6 6 7 7 8 9 10 10 11 12 12 12 12 12 12 12 12 12 12 11 11 11 11 11 12 12 13 13 14 14 15 17 18 20 21 23 24 25 27 28 29 30 31 32 32 32 31 31 31 30 30 29 29 28 27 27 26 26 25 25 24 24 24 23 23
0 0 1 1 1 2 2 2 2 2 2 2 2 2 3 3 3 3 4 4 4 4 5 5 5 5 6 6 6 6 6 6 7 7 8 8 9 10 11 11 12 12 12 12 12 13 13 13 13 12 12 12 12 12 12 12 13 13 14 14 14 15 17 18 20 21 23 24 26 27 28 29 30 31 32 32 32 32 31 31 30 30 29 29 28 28 27 26 26 25 25 25 24 24 24 23
0 1 1 1 2 2 2 2 2 2 2 2 3 3 3 4 4 4 5 5 5 5 5 5 6 6 6 6 6 6 7 7 7 7 8 9 9 10 11 11 12 12 13 13 13 13 14 14 13 13 13 13 12 12 12 13 13 13 14 14 15 16 17 19 20 22 23 25 26 27 28 29 30 31 32 33 32 32 31 31 31 30 30 29 28 28 27 26 26 25 25 25 25 24 24 24
0 1 1 2 2 3 3 3 3 3 3 3 3 3 4 4 5 5 5 6 6 6 6 6 6 6 6 6 6 7 7 7 7 7 8 9 10 10 11 12 12 13 13 13 14 14 14 15 14 14 14 13 13 12 12 13 13 14 14 15 15 16 17 19 20 22 23 25 26 27 28 29 30 31 33 33 32 32 32 31 31 30 30 29 29 28 27 27 26 25 25 25 25 25 25 24
1 1 2 2 3 3 3 3 3 3 3 3 3 4 4 5 5 5 6 6 6 6 6 6 6 6 6 6 7 7 7 7 7 8 8 9 10 10 11 11 12 13 13 13 14 14 15 15 15 14 14 14 13 13 13 13 14 14 15 15 15 16 18 19 21 22 24 25 26 27 29 30 31 32 33 33 33 33 32 32 32 31 31 30 29 28 28 27 26 26 26 25 25 25 25 25
1 1 2 2 3 3 3 3 3 3 3 3 4 4 4 5 5 5 6 6 6 6 6 6 6 6 6 7 7 7 7 7 7 8 8 9 9 10 11 11 12 12 13 13 14 15 15 15 15 15 14 14 14 13 13 14 14 15 15 16 16 17 18 20 21 22 24 25 27 28 29 30 32 33 34 35 34 34 33 33 33 32 31 31 30 29 28 27 27 26 26 26 25 25 25 25
1 2 2 3 3 3 3 3 3 3 4 4 4 4 4 5 5 6 6 6 6 6 6 6 6 7 7 7 7 7 7 7 8 8 8 9 9 10 10 11 11 12 13 13 14 15 15 16 15 15 15 14 14 14 14 14 15 15 16 16 16 17 19 20 21 23 24 26 27 28 30 31 32 34 35 36 35 35 34 34 33 33 32 31 31 30 29 28 27 27 26 26 26 25 25 25
2 2 2 3 3 3 4 4 4 4 4 4 4 4 5 5 5 6 6 6 6 7 7 7 7 7 7 7 7 7 7 7 8 8 8 9 9 10 10 10 11 12 13 13 14 15 16 16 16 15 15 15 14 14 14 15 15 16 16 16 17 18 19 21 22 23 24 26 27 29 30 32 33 35 36 37 36 36 35 35 34 34 33 32 31 30 29 28 28 27 27 26 26 25 25 25
2 2 3 3 3 4 4 4 4 4 4 4 4 4 5 5 6 6 6 7 7 7 7 7 7 7 7 7 7 7 7 8 8 8 8 9 9 9 10 10 11 12 12 13 14 15 16 16 16 16 15 15 15 14 14 15 15 16 16 17 18 18 20 21 22 24 25 26 28 29 31 32 34 36 37 38 37 37 36 36 35 35 34 33 32 31 30 29 28 27 27 26 26 26 25 25
2 3 3 3 4 4 4 4 4 4 4 4 4 5 5 5 6 6 6 7 7 7 7 7 7 7 7 7 7 7 8 8 8 8 8 9 9 9 9 10 10 11 12 13 14 15 16 17 16 16 16 15 15 15 15 15 16 16 17 17 18 19 20 21 23 24 25 26 28 30 31 33 35 36 38 39 38 38 37 37 36 36 35 34 33 32 31 30 28 28 27 27 26 26 25 25
3 3 3 4 4 4 4 4 4 4 4 4 4 5 5 5 6 6 7 7 7 7 7 7 7 7 7 7 7 8 8 8 8 8 8 9 9 9 9 9 10 11 12 13 14 15 17 17 17 16 16 16 15 15 15 16 16 17 17 18 19 19 21 22 23 24 25 27 28 30 32 34 36 37 39 40 39 39 38 38 37 37 36 35 33 32 31 30 29 28 28 27 26 26 25 25
3 3 3 4 4 4 4 4 4 4 4 5 5 5 5 6 6 6 7 7 7 7 7 7 7 7 7 7 8 8 8 8 8 8 9 9 9 9 9 10 10 11 12 14 15 16 17 18 17 17 17 17 16 16 16 17 17 17 18 18 18 19 20 22 23 24 25 26 28 30 31 33 35 37 39 40 39 39 38 38 38 37 36 35 34 33 31 30 29 28 28 27 26 25 25 24
3 3 4 4 4 4 4 5 5 5 5 5 5 5 6 6 6 7 7 7 7 7 7 7 7 7 8 8 8 8 8 8 8 8 9 9 9 9 10 10 11 12 13 14 15 16 17 18 18 18 18 18 18 18 18 18 18 18 18 18 18 19 20 21 22 23 24 25 27 29 31 33 35 37 39 39 39 39 39 38 38 38 37 36 34 33 32 30 29 28 27 27 26 25 24 23
3 4 4 4 4 5 5 5 5 5 5 5 5 5 6 6 7 7 7 8 8 8 8 8 8 8 8 8 8 8 8 8 8 9 9 9 9 10 10 10 11 12 13 14 15 17 18 18 18 19 19 19 19 19 19 19 19 18 18 18 18 19 20 21 22 23 23 24 26 28 30 32 34 36 39 39 39 39 39 39 38 38 37 36 35 33 32 31 29 28 27 26 25 24 23 23
4 4 4 4 5 5 5 5 5 5 5 5 5 6 6 6 7 7 8 8 8 8 8 8 8 8 8 8 8 8 8 8 8 9 9 9 10 10 10 11 11 12 13 15 16 17 18 19 19 19 19 20 20 20 20 20 19 19 19 18 18 18 19 20 21 22 23 24 25 27 30 32 34 36 38 39 39 39 39 39 39 39 38 36 35 34 32 31 29 28 27 26 25 24 23 22
4 4 4 5 5 5 5 5 5 5 5 5 6 6 6 7 7 8 8 8 8 8 8 8 8 8 8 8 8 8 8 8 9 9 9 9 10 10 10 11 11 13 14 15 16 17 19 19 20 20 20 21 21 21 21 21 20 19 19 18 18 18 19 20 20 21 22 23 25 27 29 31 33 36 38 39 39 39 39 39 39 39 38 37 35 34 32 31 29 28 27 26 24 23 22 21
4 4 5 5 5 5 5 5 5 6 6 6 6 6 7 7 7 8 8 8 8 8 8 8 8 8 8 8 8 8 9 9 9 9 9 10 10 10 11 11 12 13 14 15 17 18 19 20 20 21 21 22 22 23 22 22 21 20 19 18 17 17 18 19 20 21 21 22 24 26 28 31 33 35 38 39 39 39 39 40 40 40 39 37 36 34 33 31 29 28 27 25 24 23 21 20
4 4 5 5 5 5 6 6 6 6 6 6 6 6 7 7 8 8 8 9 9 9 9 9 9 8 8 8 9 9 9 9 9 9 9 10 10 11 11 11 12 13 15 16 17 18 19 20 21 21 22 23 23 24 24 23 22 20 19 18 17 17 18 19 19 20 21 21 23 25 28 30 33 35 37 38 39 39 39 40 40 40 39 38 36 34 33 31 29 28 26 25 24 22 21 19
5 5 5 5 5 6 6 6 6 6 6 6 6 7 7 7 8 8 8 9 9 9 9 9 8 8 8 8 9 9 9 9 9 9 9 10 10 11 11 12 12 13 15 16 17 18 20 21 21 22 23 24 24 25 25 24 23 22 21 20 19 19 19 20 20 21 21 22 23 26 28 30 32 35 37 38 39 39 40 40 41 41 40 38 37 35 34 32 30 29 27 26 25 23 22 20
5 5 5 6 6 6 6 6 6 6 6 7 7 7 7 8 8 8 9 9 9 9 9 8 8 8 8 8 8 8 9 9 9 9 9 10 10 11 11 12 12 14 15 16 17 18 20 21 22 23 23 24 25 26 26 25 24 23 22 22 21 20 21 21 21 22 22 22 23 26 28 30 32 35 37 38 39 39 40 40 41 41 41 39 38 36 35 33 32 30 29 27 26 24 23 21
5 5 6 6 6 6 6 6 7 7 7 7 7 7 8 8 8 8 9 9 9 9 8 8 8 8 8 8 8 8 8 8 9 9 9 10 10 11 11 12 13 14 15 16 17 19 20 21 22 23 24 25 26 27 27 27 26 25 24 23 23 22 22 22 22 22 22 23 24 26 28 30 32 35 37 38 39 39 40 41 41 42 41 40 38 37 36 34 33 31 30 29 27 26 24 23
5 6 6 6 6 6 7 7 7 7 7 7 7 8 8 8 8 8 9 9 9 9 8 8 8 8 8 8 8 8 8 8 8 9 9 10 10 11 11 12 13 14 15 16 18 19 20 21 22 24 25 26 27 28 29 28 27 26 26 25 24 24 24 24 23 23 23 23 24 26 28 30 32 34 37 38 39 39 40 41 42 42 42 40 39 38 37 35 34 33 31 30 28 27 25 24
6 6 6 6 7 7 7 7 7 7 7 7 8 8 8 8 8 8 9 9 9 8 8 8 8 8 8 8 8 8 8 8 8 9 9 10 10 11 11 12 13 14 15 17 18 19 20 21 23 24 25 27 28 29 30 29 29 28 27 27 26 26 25 25 25 24 24 23 24 26 28 30 32 34 36 38 39 39 40 41 42 43 42 41 40 39 38 36 35 34 32 31 29 28 26 25
6 6 6 7 7 7 7 7 7 8 8 8 8 8 8 8 8 8 9 9 9 8 8 8 8 8 8 8 8 8 8 8 8 8 9 10 10 11 11 12 13 14 15 17 18 19 20 22 23 25 26 28 29 31 31 31 30 30 29 29 28 28 27 26 26 25 24 24 25 27 29 30 32 34 36 38 38 39 40 41 42 43 43 42 41 40 39 38 37 35 34 32 31 29 28 26
