pluvio/pluvio-332.asc
ncols         252
nrows         154
xllcorner     -0.5
yllcorner     -153.5
cellsize      1
NODATA_value  -9999
[rows 42 to 83 of 154, columns 0 to 93 of 252]
34 32 29 27 27 28 30 32 33 35 37 37 36 35 34 34 33 32 31 31 31 31 31 31 31 39 50 62 73 85 96 107 113 115 118 120 123 126 128 130 131 133 135 136 138 139 137 134 131 128 125 122 119 117 116 114 112 111 109 107 106 105 104 103 102 101 100 103 106 109 112 115 118 121 121 120 119 119 118 117 117 115 114 112 110 109 107 106 104 103 101 100 98 97
34 31 29 26 26 28 29 31 32 34 36 36 35 35 34 33 33 32 32 32 32 32 32 32 32 40 52 63 75 87 99 111 116 119 121 124 126 129 132 133 135 136 137 139 140 141 139 137 134 132 129 127 124 122 120 119 117 115 113 111 110 109 108 107 106 105 104 107 110 113 117 120 123 126 125 124 123 123 122 121 120 118 115 113 111 109 106 104 103 101 100 98 97 95
33 31 28 25 25 27 28 30 32 33 35 35 35 34 34 33 33 32 32 32 32 32 32 32 32 41 53 65 77 89 101 114 119 122 124 127 130 132 135 137 138 139 140 141 142 143 142 140 138 136 133 131 129 127 125 123 122 120 118 116 115 114 113 111 110 109 108 111 115 118 121 124 128 131 130 129 128 127 126 124 123 120 117 114 111 109 106 103 101 100 98 96 95 93
33 30 27 24 24 26 27 29 31 32 34 34 34 34 33 33 33 33 32 33 33 33 33 33 33 41 54 66 79 92 104 117 122 125 128 130 133 136 138 140 141 142 143 144 144 145 144 143 141 139 138 136 134 132 130 128 126 124 122 120 119 118 117 116 115 114 112 116 119 122 126 129 132 136 135 133 132 131 129 128 127 123 119 116 112 108 105 101 100 98 96 95 93 91
33 31 29 27 27 28 29 31 32 33 34 35 34 34 34 33 33 32 32 33 33 33 33 34 34 42 55 68 81 93 106 119 124 127 129 132 135 137 140 142 143 145 147 149 151 153 151 149 147 145 143 140 138 136 134 131 129 126 124 122 121 119 118 117 116 115 114 117 121 124 128 131 134 138 136 135 133 131 130 128 126 123 120 117 114 111 108 105 103 101 99 97 95 93
35 33 32 30 30 31 32 33 34 35 36 36 35 35 34 33 33 32 32 33 33 34 34 35 35 44 56 69 82 95 108 121 126 128 131 133 135 138 140 143 146 149 152 155 158 161 159 156 154 151 148 145 142 139 136 134 131 128 125 123 122 121 120 119 117 116 115 119 122 125 129 132 136 139 137 135 133 131 129 127 125 123 121 118 116 114 111 109 107 105 102 100 98 96
36 35 34 33 33 34 34 35 36 36 37 36 36 35 34 34 33 32 32 33 34 34 35 35 36 45 58 71 84 97 109 122 128 130 132 134 136 138 141 144 148 153 157 161 165 169 167 164 160 157 153 149 146 142 139 136 133 130 127 124 123 122 121 120 119 118 117 120 123 127 130 134 137 141 138 136 134 131 129 127 124 123 121 120 118 117 115 114 111 109 106 104 101 98
37 37 37 37 37 37 37 37 37 38 38 37 36 36 35 34 33 32 32 33 34 35 35 36 37 46 59 72 85 98 111 124 129 131 133 135 137 139 141 146 151 156 162 167 173 178 176 171 167 162 158 154 149 146 142 139 135 132 128 125 124 123 122 121 120 119 118 121 124 128 131 135 138 142 139 137 134 131 129 126 123 122 122 121 120 120 119 118 115 113 110 107 104 101
38 39 39 40 40 40 40 40 39 39 39 38 37 36 35 34 33 32 32 33 34 35 36 37 38 47 60 73 87 100 113 126 131 133 134 136 138 140 142 147 153 160 167 173 180 186 184 179 173 168 163 158 153 149 145 141 137 134 130 126 125 124 123 122 121 120 119 122 126 129 133 136 140 143 140 137 134 131 128 125 122 122 122 122 123 123 123 123 120 116 113 110 107 104
39 41 42 43 44 43 42 42 41 41 40 39 38 37 35 34 33 32 32 33 34 36 37 38 39 48 62 75 88 101 114 128 133 134 136 137 139 140 142 148 156 164 172 179 187 195 192 186 180 174 168 162 156 152 148 144 140 135 131 127 126 125 124 123 122 121 120 123 127 130 134 138 141 145 141 138 135 131 128 124 121 122 123 124 125 126 127 127 124 120 117 113 110 107
40 42 44 47 47 46 45 44 43 42 41 40 38 37 36 34 33 32 32 33 35 36 38 39 40 50 63 76 89 103 116 129 134 136 137 138 140 141 142 150 159 168 176 185 194 203 200 193 187 180 173 167 160 155 151 146 142 137 133 128 127 126 125 124 123 122 121 125 128 132 135 139 142 146 142 139 135 131 127 124 120 122 123 125 127 129 130 132 128 124 121 117 113 109
63 61 59 56 54 52 50 49 47 45 43 41 40 39 38 36 35 34 34 35 37 38 40 41 42 52 65 78 91 105 118 131 136 138 139 141 142 143 145 152 161 170 179 188 197 206 203 196 190 183 177 170 164 159 155 150 146 142 137 133 132 131 130 129 128 127 127 129 132 135 138 142 145 148 144 141 138 135 131 128 125 126 127 128 129 130 131 132 128 124 121 117 113 109
90 82 75 67 62 59 56 53 51 48 45 43 42 41 40 39 37 36 37 38 39 41 42 43 45 54 67 80 93 107 120 133 138 140 141 143 145 146 148 155 164 173 182 190 199 208 205 199 193 186 180 174 168 163 159 155 151 147 142 138 137 136 136 135 134 133 132 135 137 140 142 144 147 149 147 144 141 139 136 133 131 131 131 131 131 131 132 131 128 124 120 117 113 109
117 104 91 78 70 66 62 58 55 51 47 45 44 43 42 41 40 39 39 41 42 43 45 46 47 56 69 82 96 109 122 135 140 142 143 145 147 149 151 158 166 175 184 193 201 210 207 201 195 189 183 177 171 167 163 159 155 151 148 144 143 142 141 140 140 139 138 140 142 144 146 147 149 151 149 147 145 143 141 139 137 136 135 134 133 133 132 131 127 123 120 116 112 109
144 126 107 89 77 73 68 63 59 54 49 47 46 45 44 43 42 41 42 43 44 46 47 48 50 59 72 85 98 111 124 137 142 144 146 148 150 152 153 160 169 178 186 195 203 212 209 203 198 192 186 181 175 171 167 164 160 156 153 149 148 147 147 146 146 145 144 145 147 148 149 150 152 153 151 150 148 147 146 144 143 141 139 137 136 134 132 130 127 123 119 116 112 109
171 147 123 100 85 80 74 68 62 57 51 48 48 47 46 45 45 44 45 46 47 48 49 51 52 61 74 87 100 113 126 138 144 146 148 150 152 154 156 163 172 180 188 197 205 214 211 206 200 195 190 184 179 175 172 168 165 161 158 155 154 153 152 152 151 151 150 151 151 152 153 153 154 154 154 153 152 151 150 149 149 146 143 140 138 135 132 130 126 122 119 115 112 108
198 169 140 110 93 86 80 73 66 60 53 50 49 49 48 48 47 47 47 48 50 51 52 53 54 63 76 89 102 115 127 140 146 148 150 152 155 157 159 166 174 182 191 199 207 216 213 208 203 198 193 188 183 179 176 173 170 166 163 160 159 159 158 158 157 157 156 156 156 156 156 156 156 156 156 156 155 155 155 155 154 151 147 143 140 136 133 129 125 122 118 115 111 108
225 190 156 121 101 93 86 78 70 63 55 52 51 51 50 50 50 49 50 51 52 53 54 55 57 65 78 91 104 117 129 142 148 150 152 155 157 160 162 169 177 185 193 201 209 218 215 211 206 201 196 191 186 183 180 177 174 171 168 165 165 164 164 163 163 162 162 161 161 160 160 159 158 158 158 159 159 159 160 160 160 156 151 147 142 137 133 128 125 121 118 114 111 108
222 190 157 125 105 97 89 80 72 64 56 52 53 53 53 53 53 54 54 56 57 58 60 61 62 72 85 99 112 126 139 153 159 161 164 167 169 172 175 180 186 192 199 205 211 217 215 212 208 204 200 196 192 189 185 182 178 175 171 168 167 167 166 166 166 165 165 165 164 164 164 164 163 163 163 163 163 163 163 163 163 158 153 148 143 138 133 129 125 122 119 116 113 109
216 187 157 128 109 100 91 83 74 65 56 53 54 55 56 56 57 58 59 61 62 64 65 67 68 78 93 107 122 136 150 165 171 174 177 180 183 186 189 192 196 200 204 209 213 217 215 212 210 207 204 201 199 195 191 186 182 178 174 170 169 169 168 168 168 168 167 167 168 168 168 168 169 169 168 168 168 167 167 166 166 160 155 150 145 139 134 129 126 123 120 118 115 112
210 183 157 130 113 103 94 85 75 66 57 54 55 57 58 60 61 63 64 66 68 69 71 73 74 85 100 116 131 146 162 177 184 187 190 193 196 199 203 205 207 209 210 212 214 216 215 213 212 210 208 207 205 201 196 191 186 181 177 172 171 171 171 170 170 170 170 170 171 172 173 173 174 175 174 173 172 171 170 169 168 162 157 151 146 140 135 130 127 124 122 119 117 114
204 180 157 133 117 107 97 87 77 67 57 54 56 59 61 63 65 67 69 71 73 75 77 79 81 92 108 124 140 156 173 189 196 199 203 206 210 213 216 217 217 217 216 216 216 216 215 214 214 213 212 212 211 206 201 196 190 185 179 174 173 173 173 173 173 172 172 173 175 176 177 178 179 180 179 178 176 175 173 172 170 165 159 153 147 141 136 130 128 125 123 121 118 116
197 177 156 136 121 110 100 89 79 68 58 55 58 60 63 66 69 72 74 76 78 80 82 85 87 99 116 133 150 167 184 201 208 212 216 219 223 227 230 230 227 225 222 220 217 215 215 215 216 216 217 217 217 212 206 200 194 188 182 176 175 175 175 175 175 175 175 176 178 180 181 183 184 186 184 182 180 179 177 175 173 167 161 155 149 142 136 131 129 127 124 122 120 118
191 174 156 139 124 113 102 91 80 69 58 55 59 62 66 69 73 76 79 81 84 86 88 90 93 105 123 141 159 177 195 213 221 225 229 233 237 240 244 242 237 233 228 224 219 214 215 216 218 219 221 222 224 218 211 205 198 191 184 178 177 177 177 177 177 177 177 179 181 183 186 188 190 192 190 187 185 182 180 178 175 169 162 156 150 143 137 131 129 128 126 124 122 121
185 170 156 141 128 117 105 94 82 70 59 56 60 64 68 72 77 81 84 86 89 91 94 96 99 112 131 150 168 187 206 225 233 237 242 246 250 254 258 254 248 241 234 227 221 214 215 217 220 222 225 227 230 224 217 209 202 194 187 180 179 179 179 179 179 180 180 182 185 187 190 192 195 198 195 192 189 186 183 180 178 171 164 158 151 144 138 132 130 129 127 126 124 123
204 183 163 142 127 117 107 96 86 76 66 63 67 71 74 78 82 85 88 90 92 94 96 98 100 112 130 148 166 184 202 221 229 234 239 243 248 253 258 254 248 242 236 230 224 218 218 220 223 225 227 229 231 226 219 212 205 199 192 185 184 185 185 185 185 185 185 187 189 191 193 196 198 200 197 194 191 189 186 183 180 173 167 160 153 147 140 134 132 131 130 128 127 126
224 197 170 143 125 117 108 99 91 82 73 71 74 77 81 84 87 90 92 93 95 96 97 99 100 112 129 146 164 181 198 215 224 229 235 240 245 250 256 253 248 243 238 233 227 222 222 224 226 227 229 231 232 227 221 215 209 203 197 191 190 190 190 191 191 191 191 192 194 195 197 198 200 201 199 196 193 191 188 185 183 176 169 162 156 149 142 136 135 133 132 131 130 128
245 211 177 143 124 117 109 102 95 88 81 79 82 84 87 89 92 94 96 97 97 98 99 100 100 111 128 144 161 177 194 210 219 225 231 236 242 248 254 252 248 244 239 235 231 227 227 228 229 230 231 232 233 229 223 218 213 207 202 196 196 196 196 196 197 197 197 198 199 200 201 201 202 203 201 198 196 193 190 188 185 178 172 165 158 151 145 138 137 136 135 134 132 131
265 225 184 144 122 116 111 105 99 94 88 87 89 91 93 95 97 99 100 100 100 100 100 100 101 111 127 142 158 174 189 205 214 220 227 233 239 246 252 251 248 244 241 238 234 231 231 231 232 233 233 234 234 230 226 221 216 211 207 202 202 202 202 202 202 202 203 203 203 204 204 204 205 205 203 200 198 195 193 190 188 181 174 167 160 154 147 140 139 138 137 136 135 134
286 239 192 145 120 116 112 108 104 100 96 95 96 98 99 101 102 104 104 103 103 102 102 101 101 111 125 140 155 170 185 200 209 216 223 229 236 243 250 250 247 245 243 240 238 235 235 235 235 235 235 235 235 232 228 224 220 216 212 208 207 207 208 208 208 208 208 208 208 208 208 207 207 207 205 202 200 197 195 193 190 183 176 170 163 156 149 143 142 141 140 139 138 137
306 253 199 146 119 116 113 111 108 106 103 103 104 104 105 106 107 108 108 107 106 105 103 102 101 110 124 138 152 166 180 194 204 211 219 226 233 241 248 249 247 246 244 243 241 240 239 239 238 238 237 237 236 233 230 227 223 220 217 213 213 213 213 214 214 214 214 213 213 212 211 210 210 209 206 204 202 200 197 195 193 186 179 172 165 158 151 145 144 143 142 141 141 140
327 266 206 146 117 116 115 114 113 112 111 110 111 111 112 112 112 113 112 110 108 107 105 103 102 110 123 136 149 163 176 189 199 207 215 222 230 238 246 248 247 247 246 245 245 244 243 242 241 240 239 238 237 235 232 230 227 224 222 219 219 219 219 219 220 220 220 219 217 216 215 213 212 211 208 206 204 202 200 197 195 188 181 174 167 161 154 147 146 146 145 144 143 143
327 268 208 148 120 119 119 118 118 118 117 117 117 117 117 117 117 117 115 114 112 110 108 106 104 112 124 137 149 161 174 186 196 204 212 221 229 238 246 248 247 246 245 244 243 242 243 243 244 245 246 247 248 244 241 237 233 229 225 221 221 221 222 222 223 223 224 223 221 220 218 217 215 214 212 210 207 205 203 201 199 193 186 180 173 167 161 155 153 152 151 149 148 147
328 268 209 150 122 123 123 123 124 124 124 124 123 123 122 122 121 120 119 117 115 113 111 109 107 114 126 137 148 160 171 183 192 201 210 219 228 237 246 247 246 245 244 243 241 240 242 245 247 250 253 256 258 254 249 244 238 233 228 223 223 224 225 225 226 227 228 226 225 223 222 220 219 217 215 213 211 209 207 205 203 197 191 185 179 174 168 162 160 158 156 155 153 151
328 269 211 152 125 126 127 128 129 130 131 131 130 129 127 126 125 124 122 120 118 116 114 112 110 116 127 137 148 159 169 180 189 199 208 218 227 236 246 247 246 244 243 241 240 238 241 246 251 255 260 264 269 264 257 251 244 238 231 225 225 226 227 228 230 231 232 230 229 227 225 224 222 220 218 216 214 212 210 208 206 201 196 191 185 180 175 170 167 165 162 160 157 155
328 270 212 154 127 129 131 133 134 136 138 138 136 134 133 131 129 128 126 124 121 119 117 115 113 119 128 138 148 157 167 176 186 196 206 216 226 236 246 247 245 243 241 240 238 236 241 247 254 260 267 273 279 274 266 258 250 242 234 227 227 228 230 231 233 234 236 234 232 231 229 227 225 224 222 220 218 216 214 212 210 205 201 196 191 187 182 177 174 171 168 165 162 159
328 271 214 156 130 133 135 137 140 142 145 145 142 140 138 136 134 131 129 127 125 123 120 118 116 121 130 138 147 156 165 173 183 194 204 214 225 235 246 247 244 242 240 238 236 234 240 248 257 265 273 282 290 284 274 265 256 247 238 228 229 231 233 234 236 238 240 238 236 234 232 231 229 227 225 223 221 219 218 216 214 210 206 201 197 193 189 185 181 178 174 170 167 163
329 272 215 158 133 136 139 142 145 148 152 151 149 146 143 141 138 135 133 130 128 126 123 121 119 123 131 139 147 154 162 170 180 191 202 213 224 235 245 246 244 242 239 237 234 232 240 250 260 270 280 290 301 293 283 272 262 251 241 230 231 233 235 237 239 241 244 242 240 238 236 234 232 230 228 227 225 223 221 219 218 214 210 207 203 200 196 192 188 184 180 176 171 167
329 273 217 160 136 139 143 147 151 155 158 158 155 152 149 145 142 139 136 134 131 129 127 124 122 125 132 139 146 153 160 167 177 188 200 211 222 234 245 246 243 241 238 235 233 230 239 251 263 275 287 299 311 303 291 279 268 256 244 232 233 236 238 240 243 245 247 246 244 242 240 237 235 233 232 230 228 227 225 223 221 218 215 212 209 206 203 200 195 190 186 181 176 171
336 281 226 172 147 150 152 155 158 161 163 163 161 158 155 153 150 147 145 143 141 138 136 134 132 135 140 146 152 157 163 169 177 187 197 207 217 227 237 238 237 235 234 232 231 230 239 251 262 274 286 298 310 303 293 283 273 263 253 243 242 244 245 246 247 248 250 248 246 244 242 240 238 236 234 233 231 229 227 225 223 221 218 215 213 210 208 205 200 196 192 187 183 179
343 290 236 183 158 160 162 163 165 167 169 168 166 164 162 160 158 156 154 152 150 148 146 144 142 144 149 153 157 162 166 170 178 186 195 203 211 220 228 230 230 230 230 229 229 229 238 250 262 274 285 297 309 304 295 287 278 270 261 253 252 252 252 252 252 252 252 250 248 246 245 243 241 239 237 235 233 231 229 227 225 223 221 219 217 214 212 210 206 202 198 194 190 186
350 298 246 194 169 170 171 172 172 173 174 173 172 170 169 167 166 164 163 161 159 157 156 154 152 153 157 160 163 166 169 172 178 185 192 199 206 213 220 223 224 225 226 227 228 229 238 250 261 273 285 296 308 304 297 290 283 276 270 263 261 260 259 257 256 255 254 252 251 249 247 246 244 242 240 238 236 234 232 230 227 226 224 222 220 219 217 215 211 207 204 200 196 193
