pluvio/pluvio-152.asc
ncols         252
nrows         154
xllcorner     -18.017974
yllcorner     13.481982
cellsize      0.035948
NODATA_value  -9999
[rows 86 to 128 of 154, columns 96 to 191 of 252]
139 141 144 147 149 152 155 158 160 163 165 167 170 172 174 176 179 181 183 185 188 190 192 194 196 198 199 201 203 205 206 208 210 212 213 215 217 217 216 215 215 214 213 213 212 212 211 210 210 209 209 208 207 206 205 204 203 202 201 200 200 199 198 197 196 192 189 185 182 178 175 171 168 164 161 157 154 150 147 145 142 140 137 135 133 130 128 126 123 121 118 116 114 115 115 116
142 144 147 150 153 155 158 161 164 166 168 171 173 176 178 180 183 185 187 190 192 194 197 199 201 202 204 206 208 209 211 213 215 216 218 220 222 221 220 220 219 218 217 216 216 215 214 213 212 212 211 210 209 208 207 206 206 205 204 203 202 201 200 199 198 195 192 188 185 181 178 175 171 168 164 161 158 154 151 149 146 144 141 139 137 134 132 130 127 125 122 120 118 119 119 120
145 147 150 153 156 159 161 164 167 169 172 174 177 179 182 184 187 189 192 194 197 199 202 203 205 207 209 211 212 214 216 218 219 221 223 225 227 226 225 224 223 222 221 220 219 218 217 216 215 214 213 212 211 210 210 209 208 207 206 205 205 204 203 202 201 198 195 191 188 185 181 178 175 171 168 165 162 158 155 153 150 148 146 143 141 138 136 134 131 129 126 124 122 123 123 124
148 150 153 156 159 162 165 167 170 173 175 178 180 183 186 188 191 193 196 198 201 204 206 208 210 212 213 215 217 219 221 222 224 226 228 230 231 231 229 228 227 226 225 223 222 221 220 219 217 216 215 214 213 213 212 211 210 209 209 208 207 206 205 205 204 201 197 194 191 188 185 181 178 175 172 169 165 162 159 157 154 152 150 147 145 142 140 138 135 133 130 128 126 127 127 128
151 154 156 159 162 165 168 171 173 176 179 181 184 187 189 192 195 197 200 203 205 208 211 213 215 216 218 220 222 224 225 227 229 231 233 235 236 235 234 233 231 230 228 227 226 224 223 221 220 218 217 216 216 215 214 213 213 212 211 210 209 209 208 207 206 203 200 197 194 191 188 185 182 179 176 172 169 166 163 161 159 156 154 151 149 147 144 142 139 137 134 132 130 131 131 132
153 156 159 162 165 168 171 174 176 179 182 185 188 191 194 196 199 202 205 208 211 214 216 218 220 222 224 225 227 229 230 232 234 236 237 239 241 240 238 237 235 234 232 231 229 228 226 225 223 221 220 219 218 218 217 216 215 215 214 213 212 211 211 210 209 206 203 200 197 194 191 188 185 182 179 176 173 170 167 164 162 160 158 155 153 151 148 146 144 141 139 137 135 135 136 136
156 159 162 165 167 170 173 176 179 182 185 189 192 195 198 201 204 207 210 213 217 220 223 225 226 228 229 231 232 234 236 237 239 240 242 243 245 244 242 241 239 237 236 234 233 231 230 228 226 225 223 222 222 221 220 219 218 218 217 216 215 214 214 213 212 209 206 203 200 197 194 191 188 185 182 179 176 173 170 168 166 163 161 159 157 155 152 150 148 146 144 141 140 140 140 141
158 161 164 167 170 173 176 179 182 185 189 192 195 199 202 206 209 212 216 219 222 226 229 231 232 234 235 237 238 239 241 242 243 245 246 248 249 248 246 245 243 241 240 238 236 235 233 232 230 228 227 226 225 224 223 222 222 221 220 219 218 217 216 216 215 212 209 206 203 200 197 194 191 188 185 182 179 176 173 171 169 167 165 163 161 159 156 154 152 150 148 146 145 145 145 145
161 164 167 170 173 176 179 182 185 188 192 196 199 203 206 210 214 217 221 225 228 232 236 237 239 240 241 242 243 245 246 247 248 250 251 252 253 252 250 249 247 245 244 242 240 238 237 235 233 232 230 229 228 227 226 226 225 224 223 222 221 220 219 218 217 214 212 209 206 203 200 197 194 191 188 185 182 179 176 174 172 170 168 166 165 163 161 159 157 155 153 151 149 150 150 150
163 166 169 172 175 178 182 185 188 191 195 199 203 207 211 215 219 222 226 230 234 238 242 244 245 246 247 248 249 250 251 252 253 254 255 256 257 256 254 253 251 249 247 246 244 242 240 239 237 235 234 233 232 231 230 229 228 227 226 225 224 223 222 221 220 217 214 211 208 206 203 200 197 194 191 188 185 182 179 177 176 174 172 170 168 167 165 163 161 159 158 156 154 154 155 155
165 168 172 175 178 181 184 187 191 194 199 203 207 211 215 219 223 228 232 236 240 244 248 250 251 252 253 253 254 255 256 257 258 259 260 261 261 260 258 256 255 253 251 249 248 246 244 242 240 239 237 236 235 234 233 232 231 230 229 228 227 226 225 224 223 220 217 214 211 208 206 203 200 197 194 191 188 185 182 181 179 177 176 174 172 171 169 167 166 164 162 161 159 159 159 159
168 171 174 177 181 184 187 190 193 197 202 206 211 215 219 224 228 233 237 241 246 250 255 256 257 258 258 259 260 261 261 262 263 263 264 265 266 264 262 260 259 257 255 253 251 249 248 246 244 242 240 239 238 237 236 235 234 233 232 231 230 229 228 227 226 223 220 217 214 211 208 206 203 200 197 194 191 188 186 184 182 181 179 178 176 175 173 172 170 168 167 165 164 164 164 164
170 173 177 180 183 186 190 193 196 200 205 210 214 219 224 228 233 238 242 247 252 256 261 262 263 264 264 265 265 266 266 267 268 268 269 269 270 268 266 264 263 261 259 257 255 253 251 249 247 246 244 243 241 240 239 238 237 236 235 234 233 232 231 230 229 226 223 220 217 214 211 209 206 203 200 197 194 191 189 187 186 184 183 181 180 179 177 176 174 173 172 170 169 169 169 169
172 176 179 182 186 189 192 196 199 203 208 213 218 223 228 233 238 243 248 253 258 262 267 269 269 270 270 270 271 271 272 272 272 273 273 274 274 272 270 268 266 265 263 261 259 257 255 253 251 249 247 246 245 244 243 241 240 239 238 237 236 235 234 233 231 229 226 223 220 217 214 211 209 206 203 200 197 194 192 190 189 188 187 185 184 183 181 180 179 177 176 175 174 174 174 174
175 178 182 185 188 192 195 199 202 206 212 217 222 227 232 238 243 248 253 258 263 269 274 275 275 276 276 276 276 276 277 277 277 277 278 278 278 276 274 272 270 268 266 264 262 260 258 256 254 252 250 249 248 247 246 245 243 242 241 240 239 238 237 235 234 231 229 226 223 220 217 214 212 209 206 203 200 197 195 194 193 191 190 189 188 187 186 184 183 182 181 180 179 179 178 178
177 181 184 188 191 194 198 201 205 210 215 220 226 231 237 242 248 253 258 264 269 275 280 281 281 282 282 282 282 282 282 282 282 282 282 282 282 280 278 276 274 272 270 268 266 264 262 260 258 256 254 253 251 250 249 248 247 245 244 243 242 241 239 238 237 234 231 229 226 223 220 217 215 212 209 206 203 201 198 197 196 195 194 193 192 191 190 189 188 187 186 184 184 183 183 183
180 183 187 190 194 197 201 204 208 213 218 224 230 235 241 247 252 258 264 269 275 281 286 288 288 287 287 287 287 287 287 287 287 287 287 286 286 285 282 280 278 276 274 272 270 268 266 264 261 259 257 256 255 253 252 251 250 248 247 246 245 244 242 241 240 237 234 231 229 226 223 220 218 215 212 209 206 204 201 200 199 198 197 197 196 195 194 193 192 191 190 189 189 188 188 188
182 186 189 193 196 200 203 207 210 216 222 227 233 239 245 251 257 263 269 275 281 287 293 294 294 293 293 293 293 292 292 292 292 291 291 291 290 289 286 284 282 280 278 276 274 271 269 267 265 263 261 259 258 257 255 254 253 252 250 249 248 246 245 244 243 240 237 234 232 229 226 223 220 218 215 212 209 207 204 203 203 202 201 200 200 199 198 197 196 196 195 194 193 193 193 192
184 188 192 195 199 202 206 210 213 219 225 231 237 243 250 256 262 268 274 281 287 293 299 300 300 299 299 299 298 298 297 297 296 296 295 295 295 293 290 288 286 284 282 279 277 275 273 271 268 266 264 263 261 260 259 257 256 255 253 252 251 249 248 247 245 243 240 237 234 232 229 226 223 221 218 215 212 210 207 207 206 205 205 204 203 203 202 201 201 200 200 199 198 198 197 197
187 191 194 198 202 205 209 213 216 222 228 234 241 247 253 259 266 272 278 285 291 297 304 305 304 304 303 303 302 302 301 301 300 300 299 299 298 296 294 292 290 288 286 283 281 279 277 275 273 270 268 267 265 264 263 261 260 258 257 256 254 253 252 250 249 246 243 240 237 234 232 229 226 223 220 217 214 212 209 208 208 207 207 206 206 205 205 204 204 203 203 202 202 201 201 201
190 194 197 201 205 208 212 216 219 225 231 237 244 250 256 263 269 275 282 288 294 301 307 308 308 307 307 306 306 305 305 304 304 303 303 303 302 300 298 296 294 292 290 288 285 283 281 279 277 275 273 271 270 268 267 266 264 263 261 260 258 257 255 254 252 249 246 243 240 237 234 231 228 225 222 219 216 213 210 210 209 209 208 208 207 207 207 206 206 205 205 204 204 204 204 203
193 196 200 204 208 211 215 219 222 228 234 240 247 253 260 266 272 279 285 291 298 304 310 311 311 311 310 310 309 309 308 308 307 307 307 306 306 304 302 300 298 296 294 292 290 288 286 284 281 279 277 276 274 273 271 270 268 267 265 264 262 261 259 258 256 253 250 246 243 240 237 233 230 227 224 220 217 214 211 211 210 210 210 209 209 209 208 208 208 207 207 207 207 207 206 206
196 199 203 207 210 214 218 222 225 231 237 244 250 256 263 269 275 282 288 295 301 307 314 315 314 314 314 313 313 312 312 311 311 311 310 310 309 308 306 304 302 300 298 296 294 292 290 288 286 284 282 280 279 277 276 274 272 271 269 268 266 265 263 261 260 256 253 249 246 242 239 236 232 229 225 222 218 215 212 212 212 211 211 211 211 210 210 210 210 210 209 209 209 209 209 209
199 202 206 210 213 217 221 225 228 234 240 247 253 259 266 272 279 285 292 298 304 311 317 318 318 317 317 317 316 316 315 315 315 314 314 313 313 311 309 307 306 304 302 300 298 296 294 292 290 289 287 285 283 282 280 278 277 275 273 272 270 268 267 265 263 260 256 252 249 245 242 238 234 231 227 223 220 216 213 213 213 213 213 212 212 212 212 212 212 212 212 212 212 212 212 212
201 205 209 213 216 220 224 228 231 237 243 250 256 263 269 276 282 288 295 301 308 314 321 322 321 321 321 320 320 319 319 319 318 318 317 317 317 315 313 311 309 308 306 304 302 300 299 297 295 293 291 290 288 286 284 283 281 279 277 276 274 272 270 269 267 263 259 255 252 248 244 240 236 233 229 225 221 217 214 214 214 214 214 214 214 214 214 214 214 214 214 214 214 214 215 215
204 208 212 216 219 223 227 231 234 240 246 253 259 266 272 279 285 292 298 305 311 318 324 325 325 324 324 324 323 323 322 322 322 321 321 321 320 319 317 315 313 312 310 308 306 305 303 301 299 298 296 294 292 290 289 287 285 283 281 280 278 276 274 272 271 267 263 259 255 251 246 242 238 234 230 226 222 218 215 215 215 215 215 216 216 216 216 216 216 216 216 216 217 217 218 218
207 211 215 218 222 226 230 234 237 243 249 256 262 269 275 282 288 295 301 308 314 321 327 329 328 328 328 327 327 326 326 326 325 325 325 324 324 322 321 319 317 316 314 312 311 309 307 306 304 302 300 299 297 295 293 291 289 287 286 284 282 280 278 276 274 270 266 262 257 253 249 245 241 236 232 228 224 220 216 216 216 217 217 217 217 218 218 218 218 218 219 219 219 220 220 221
210 214 218 221 225 229 233 237 240 246 253 259 266 272 279 285 292 298 305 311 318 324 331 332 332 331 331 331 330 330 330 329 329 329 328 328 327 326 324 323 321 320 318 316 315 313 312 310 308 307 305 303 301 299 297 295 293 292 290 288 286 284 282 280 278 273 269 265 260 256 251 247 243 238 234 229 225 221 217 217 218 218 218 219 219 219 220 220 220 221 221 221 222 222 223 224
213 217 220 224 228 232 236 240 243 249 256 262 269 275 282 288 295 301 308 315 321 328 334 335 335 335 334 334 334 333 333 333 332 332 332 331 331 330 328 327 325 324 322 320 319 317 316 314 313 311 310 308 306 304 302 300 298 296 294 292 290 288 286 284 282 277 272 268 263 259 254 249 245 240 236 231 226 222 218 218 219 219 220 220 221 221 221 222 222 223 223 224 224 225 226 227
216 220 223 227 231 235 239 243 246 252 259 265 272 278 285 292 298 305 311 318 324 331 338 339 339 338 338 338 337 337 337 336 336 336 335 335 335 333 332 330 329 328 326 325 323 322 320 319 317 316 314 312 310 308 306 304 302 300 298 296 294 292 289 287 285 280 276 271 266 261 256 252 247 242 237 233 228 223 219 219 220 221 221 222 222 223 223 224 224 225 226 226 227 228 229 230
219 222 226 230 234 238 242 246 249 255 262 268 275 282 288 295 301 308 315 321 328 334 341 342 342 342 341 341 341 340 340 340 340 339 339 339 338 337 336 334 333 332 330 329 327 326 325 323 322 320 319 317 315 313 310 308 306 304 302 300 298 295 293 291 289 284 279 274 269 264 259 254 249 244 239 234 229 224 220 221 221 222 223 223 224 225 225 226 227 227 228 229 229 230 232 233
221 225 229 233 237 241 245 249 252 258 265 272 278 285 291 298 305 311 318 325 331 338 344 346 345 345 345 345 344 344 344 343 343 343 343 342 342 341 339 338 337 335 334 333 331 330 329 328 326 325 324 321 319 317 315 313 310 308 306 304 301 299 297 295 292 287 282 277 272 267 261 256 251 246 241 236 230 225 221 222 222 223 224 225 226 226 227 228 229 229 230 231 232 233 234 236
224 228 232 236 240 244 248 252 255 261 268 275 281 288 295 301 308 315 321 328 335 341 348 349 349 349 348 348 348 348 347 347 347 346 346 346 346 344 343 342 341 339 338 337 336 334 333 332 331 329 328 326 324 321 319 317 315 312 310 308 305 303 301 299 296 291 285 280 275 269 264 259 253 248 242 237 232 226 222 223 224 225 225 226 227 228 229 230 231 232 232 233 234 236 237 239
230 234 237 241 245 249 252 256 260 265 272 278 284 291 297 304 310 316 323 329 335 342 348 349 349 349 348 348 348 347 347 347 347 346 346 346 345 344 343 342 341 340 339 338 336 335 334 333 332 331 330 327 325 323 320 318 316 313 311 308 306 304 301 299 297 291 286 281 275 270 265 260 254 249 244 238 233 228 223 224 225 226 227 228 229 230 231 232 233 234 234 235 236 238 239 241
236 240 243 247 250 254 258 261 265 270 276 282 288 294 300 306 312 317 323 329 335 341 347 348 348 348 347 347 347 346 346 346 345 345 345 344 344 343 342 341 340 339 338 337 336 335 334 333 332 331 330 328 325 323 321 318 316 313 311 308 306 304 301 299 296 291 286 281 276 270 265 260 255 250 245 240 235 229 225 226 227 228 229 230 231 232 233 234 235 236 236 237 238 240 241 243
243 246 249 253 256 259 263 266 270 274 280 286 291 297 302 308 313 319 324 330 335 341 346 347 347 347 346 346 346 345 345 345 344 344 344 343 343 342 341 340 340 339 338 337 336 335 334 333 333 332 331 328 326 323 321 318 316 313 311 308 306 303 301 298 296 291 286 281 276 271 266 261 256 251 246 241 236 231 227 228 229 230 231 232 233 234 235 236 236 237 238 239 240 242 243 245
249 252 255 258 262 265 268 271 274 279 284 289 294 299 305 310 315 320 325 330 335 340 345 346 346 346 345 345 344 344 344 343 343 343 342 342 342 341 340 339 339 338 337 337 336 335 334 334 333 332 331 329 326 324 321 319 316 313 311 308 306 303 300 298 295 290 285 281 276 271 266 261 257 252 247 242 237 232 228 229 230 231 232 233 234 235 236 237 238 239 240 241 242 244 245 247
255 258 261 264 267 270 273 276 279 283 288 293 298 302 307 312 316 321 326 330 335 340 344 345 345 345 344 344 343 343 343 342 342 342 341 341 340 340 339 339 338 337 337 336 336 335 334 334 333 333 332 329 327 324 321 319 316 313 311 308 305 303 300 297 295 290 285 281 276 271 267 262 257 253 248 243 239 234 230 231 232 233 234 235 236 237 238 239 240 241 242 243 244 246 247 248
262 264 267 270 273 276 278 281 284 288 292 297 301 305 309 314 318 322 326 331 335 339 344 344 344 343 343 343 342 342 342 341 341 340 340 340 339 339 338 338 337 337 336 336 335 335 334 334 334 333 333 330 327 324 322 319 316 313 311 308 305 302 300 297 294 290 285 281 276 272 267 263 258 254 249 245 240 236 232 233 234 235 236 237 238 239 240 241 242 243 244 245 246 248 249 250
268 271 273 276 278 281 284 286 289 292 296 300 304 308 312 316 320 323 327 331 335 339 343 343 343 342 342 342 341 341 340 340 340 339 339 338 338 338 337 337 337 336 336 336 335 335 335 334 334 334 333 330 328 325 322 319 316 314 311 308 305 302 299 297 294 289 285 281 276 272 268 263 259 254 250 246 241 237 233 234 236 237 238 239 240 241 242 243 244 245 246 247 248 250 251 252
274 277 279 282 284 286 289 291 294 297 300 304 307 311 314 318 321 325 328 332 335 338 342 342 342 341 341 341 340 340 339 339 338 338 337 337 337 336 336 336 336 336 335 335 335 335 335 334 334 334 334 331 328 325 322 319 316 314 311 308 305 302 299 296 293 289 285 281 276 272 268 264 260 255 251 247 243 239 235 236 237 238 239 241 242 243 244 245 246 247 248 249 250 252 253 254
281 283 285 287 290 292 294 296 299 301 305 308 311 314 317 320 323 326 329 332 335 338 341 341 341 340 340 339 339 339 338 338 337 337 336 336 335 335 335 335 335 335 335 335 335 335 335 335 335 334 334 332 329 326 323 320 317 314 311 308 305 302 299 296 293 289 285 281 276 272 268 264 260 256 252 248 244 240 237 238 239 240 241 242 243 245 246 247 248 249 250 251 253 254 255 256
287 289 291 293 295 297 299 301 304 306 309 311 314 316 319 322 324 327 330 332 335 338 340 340 340 339 339 338 338 337 337 336 336 335 335 335 334 334 334 334 334 334 334 334 335 335 335 335 335 335 335 332 329 326 323 320 317 314 311 308 304 301 298 295 292 288 284 281 277 273 269 265 261 257 253 249 246 242 238 240 241 242 243 244 245 246 248 249 250 251 252 253 255 256 257 258
