pluvio/pluvio-282.asc
ncols         252
nrows         154
xllcorner     -0.5
yllcorner     -153.5
cellsize      1
NODATA_value  -9999
[rows 55 to 109 of 154, columns 0 to 95 of 252]
11 11 11 11 12 13 13 14 15 16 16 16 16 15 14 14 13 12 12 12 12 12 12 12 12 15 18 21 24 27 30 33 33 32 31 30 29 28 27 25 23 21 19 17 15 13 13 13 13 14 14 14 14 15 15 15 16 16 17 17 18 18 18 19 19 20 20 20 20 21 21 21 21 21 22 22 22 23 23 24 24 24 24 25 25 25 25 25 25 25 25 24 24 24 24 24
11 11 12 12 13 14 15 15 16 17 18 18 17 17 16 15 15 14 14 14 14 14 14 14 14 16 19 22 25 28 31 34 34 32 31 30 29 28 26 25 23 21 19 17 15 13 13 13 13 14 14 14 14 14 15 15 16 16 16 17 17 18 18 19 19 20 20 21 21 21 21 21 21 22 22 22 23 23 24 24 25 25 25 25 25 25 25 25 25 24 24 24 24 24 24 23
12 12 13 13 14 15 16 17 18 19 20 20 19 18 18 17 16 15 15 15 15 15 15 15 15 17 20 23 26 28 31 34 34 33 31 30 29 27 26 24 22 21 19 17 15 13 13 13 13 14 14 14 14 14 15 15 15 15 16 16 17 17 18 19 19 20 21 21 21 21 21 21 22 22 22 23 23 24 24 25 25 25 25 25 25 25 24 24 24 24 24 24 24 24 23 23
12 13 13 14 15 16 17 18 19 20 21 21 21 20 19 18 18 17 17 17 17 17 17 17 17 18 21 24 26 29 32 35 34 33 31 30 28 27 25 24 22 20 18 17 15 13 13 13 13 13 14 14 14 14 14 14 15 15 15 15 16 17 18 18 19 20 21 21 21 21 22 22 22 22 23 23 24 24 24 25 25 25 25 25 25 24 24 24 24 24 24 24 23 23 23 23
12 13 14 15 16 17 18 19 21 22 23 23 22 22 21 20 19 18 18 18 18 18 18 18 18 20 22 25 27 30 32 35 35 33 31 30 28 26 25 23 21 20 18 17 15 13 13 13 13 13 13 14 14 14 14 14 14 14 15 15 16 17 17 18 19 20 21 21 21 22 22 22 22 23 23 23 24 24 25 25 26 25 25 25 25 24 24 24 24 23 23 23 23 23 23 23
13 14 15 15 17 18 19 20 22 23 24 24 24 23 22 21 21 20 20 20 20 20 20 20 21 22 24 26 28 30 32 34 34 32 30 29 27 26 24 23 21 20 19 17 16 15 14 14 14 14 14 14 14 14 14 15 15 15 15 15 16 17 18 19 19 20 21 21 22 22 22 22 22 23 23 24 24 25 26 26 27 26 26 26 25 25 25 24 24 24 24 23 23 23 23 23
13 14 15 16 18 19 20 21 23 24 25 25 25 24 23 23 22 22 22 22 22 23 23 23 23 24 26 27 29 30 32 33 32 31 29 28 26 25 24 22 21 20 19 18 17 16 16 15 15 15 15 15 15 15 15 15 15 16 16 16 17 17 18 19 20 20 21 21 22 22 22 22 23 23 24 24 25 26 27 27 28 28 27 27 26 26 26 25 25 24 24 24 23 23 23 23
14 15 16 17 19 20 21 22 24 25 26 26 26 25 25 24 24 23 23 24 24 25 25 26 26 27 28 29 30 30 31 32 31 30 29 27 26 24 23 22 21 20 20 19 18 17 17 17 16 16 16 15 15 15 16 16 16 16 17 17 17 18 19 19 20 20 21 21 22 22 22 22 23 23 24 25 26 26 27 28 29 29 28 28 27 27 26 26 25 25 24 24 23 23 23 23
14 15 17 18 19 21 22 23 25 26 27 28 27 27 26 26 25 25 25 26 26 27 28 28 29 29 30 30 30 31 31 31 30 29 28 26 25 24 22 22 21 21 20 20 19 19 18 18 17 17 17 16 16 16 16 16 17 17 17 18 18 18 19 19 20 20 21 21 22 22 22 22 23 23 24 25 26 27 28 29 30 30 29 29 28 28 27 27 26 25 25 24 23 23 22 23
14 16 17 19 20 22 23 24 26 27 28 29 28 28 28 27 27 26 27 28 28 29 30 31 32 32 32 31 31 31 30 30 29 28 27 25 24 23 22 21 21 21 21 21 20 20 20 19 18 18 17 17 16 16 17 17 17 18 18 18 19 19 19 20 20 20 21 21 22 22 22 23 23 23 24 26 27 28 29 30 31 31 30 30 29 29 28 28 27 26 25 24 24 23 22 22
15 17 18 20 21 23 24 25 27 28 29 30 29 29 29 29 28 28 29 30 31 32 33 34 35 35 34 33 32 31 30 29 28 27 26 25 23 22 21 21 21 21 21 21 21 22 21 20 20 19 18 17 17 17 17 18 18 18 19 19 19 19 20 20 20 21 21 21 22 22 22 23 23 23 25 26 27 29 30 31 32 32 31 31 30 30 29 28 27 26 26 25 24 23 22 22
15 17 19 21 22 24 25 26 28 29 30 31 31 30 30 30 30 30 30 31 33 34 35 36 38 37 36 34 32 31 29 28 27 26 25 24 23 22 21 21 21 21 22 22 23 23 22 21 21 20 19 18 17 17 18 18 18 19 19 20 20 20 20 20 20 21 21 21 22 22 22 23 23 23 25 26 28 29 31 32 34 33 32 32 31 30 30 29 28 27 26 25 24 23 22 22
16 17 19 21 23 24 26 27 29 30 32 32 32 32 32 31 31 31 32 33 35 36 38 39 40 40 38 36 34 33 31 29 28 27 26 25 25 24 23 23 23 24 24 24 25 25 24 23 22 21 20 19 18 18 19 19 20 20 21 21 21 21 21 21 21 21 21 22 22 22 23 23 24 24 25 27 28 30 31 33 34 33 33 32 31 31 30 29 28 27 26 25 24 23 22 23
16 18 20 22 23 25 27 28 30 32 34 34 34 34 33 33 33 32 33 35 37 38 40 42 43 42 40 38 36 34 32 30 29 29 28 27 27 26 25 25 26 26 26 27 27 27 26 25 24 23 22 20 19 19 20 21 21 22 22 23 23 23 23 22 22 22 22 22 22 23 23 24 24 24 26 27 29 30 31 33 34 33 33 32 31 31 30 29 28 28 27 26 25 24 23 24
16 18 20 22 24 26 28 30 31 33 35 36 35 35 35 34 34 34 35 37 38 40 42 44 46 45 43 41 38 36 34 32 31 30 30 29 29 28 28 28 28 28 29 29 29 29 28 27 26 24 23 22 20 21 21 22 23 23 24 25 25 24 24 23 23 23 22 22 23 23 24 24 25 25 26 28 29 30 32 33 34 34 33 32 32 31 30 29 29 28 27 26 26 25 24 24
16 18 20 22 24 27 29 31 33 35 37 37 37 37 36 36 35 35 36 38 40 42 45 47 49 48 45 43 40 38 36 33 32 32 31 31 31 30 30 30 30 31 31 31 31 31 30 29 27 26 24 23 21 22 22 23 24 25 26 27 26 26 25 24 24 23 23 23 23 24 24 25 25 25 27 28 29 31 32 33 34 34 33 32 32 31 30 29 29 28 28 27 26 26 25 25
16 19 21 23 25 27 29 32 34 36 38 39 39 38 38 37 37 36 38 40 42 45 47 49 52 51 48 45 42 40 37 34 34 33 33 33 33 33 33 33 33 33 33 33 33 34 32 31 29 27 26 24 22 23 24 25 26 27 27 28 28 27 26 25 25 24 23 23 24 24 25 25 26 26 27 28 30 31 32 33 35 34 33 32 32 31 30 30 29 28 28 27 27 26 26 26
17 19 21 23 25 28 30 33 35 38 40 41 40 40 39 39 38 38 39 42 44 47 49 52 54 53 50 47 45 42 39 36 35 35 35 35 35 35 35 35 35 35 35 35 36 36 34 32 31 29 27 25 23 24 25 26 27 28 29 30 29 28 27 26 25 24 24 24 24 25 25 26 26 26 28 29 30 31 33 34 35 34 33 33 32 31 30 30 29 29 28 28 28 27 27 27
17 19 21 24 26 29 31 34 36 39 42 42 42 41 41 40 40 39 40 43 46 49 52 54 57 56 53 50 47 43 40 37 36 36 37 37 37 37 37 37 37 38 38 38 38 38 36 34 32 30 28 26 24 25 26 27 28 30 31 32 31 30 29 27 26 25 24 24 25 25 26 26 27 27 28 29 30 32 33 34 35 34 34 33 32 31 30 30 29 29 29 28 28 28 28 27
17 19 21 24 26 28 31 33 36 38 40 41 40 40 39 39 38 38 39 42 45 48 50 53 56 55 52 49 47 44 41 38 37 37 38 38 38 38 38 38 38 38 38 38 38 38 36 35 33 31 29 27 25 25 26 27 28 29 30 31 31 30 29 28 28 27 26 26 27 27 27 28 28 29 30 31 32 33 34 35 35 35 34 33 32 31 31 30 30 30 29 29 29 29 28 28
17 19 21 24 26 28 30 32 35 37 39 39 39 38 38 37 37 36 38 41 44 46 49 52 55 54 52 49 47 44 42 39 38 38 39 39 39 39 39 39 39 39 39 38 38 38 37 35 33 31 29 27 25 26 27 28 28 29 30 31 31 30 30 29 29 28 28 28 29 29 29 30 30 31 31 32 33 34 34 35 36 35 34 33 33 32 31 30 30 30 30 30 30 30 29 29
17 19 22 24 26 28 30 32 34 35 37 38 37 37 36 36 36 35 37 40 42 45 48 51 54 54 51 49 47 45 42 40 39 39 40 40 40 40 40 40 39 39 39 39 39 38 37 35 33 32 30 28 26 26 27 28 28 29 30 30 30 30 30 30 30 30 30 30 30 31 31 32 32 32 33 34 34 35 35 36 36 35 35 34 33 32 31 31 31 31 30 30 30 30 30 31
17 19 22 24 26 28 29 31 33 34 36 36 36 35 35 35 34 34 35 38 41 44 47 50 53 53 51 49 47 45 43 41 40 41 41 41 41 41 41 40 40 40 39 39 39 39 37 35 34 32 30 28 27 27 27 28 28 29 29 30 30 30 31 31 31 31 32 32 32 33 33 34 34 34 35 35 35 36 36 36 37 36 35 34 33 32 32 31 31 31 31 31 31 31 31 32
17 19 22 24 26 28 29 30 32 33 34 35 34 34 34 33 33 32 34 37 40 43 46 49 52 52 50 49 47 45 44 42 42 42 41 41 41 41 41 41 41 40 40 40 39 39 37 36 34 32 31 29 27 27 28 28 28 29 29 29 30 30 31 32 32 33 34 34 34 35 35 35 36 36 36 36 36 37 37 37 37 36 35 34 34 33 32 31 31 31 32 32 32 32 32 33
17 19 22 24 26 27 28 30 31 32 33 33 33 32 32 32 31 31 33 36 39 42 45 48 51 51 50 48 47 46 44 43 43 43 42 42 42 42 42 42 41 41 40 40 39 39 38 36 34 33 31 30 28 28 28 28 28 28 28 29 30 31 32 33 34 35 36 36 36 37 37 37 38 38 38 38 38 38 37 37 37 36 36 35 34 33 32 32 32 32 32 32 33 33 33 34
16 19 22 24 26 27 28 29 30 31 32 32 31 31 31 30 30 30 31 35 38 41 44 47 50 50 49 48 47 46 45 44 44 43 43 43 43 43 43 43 42 41 41 40 40 39 38 36 35 33 32 30 29 28 28 28 28 28 28 28 29 31 32 33 35 36 37 38 38 38 39 39 39 40 39 39 39 39 38 38 38 37 36 35 34 33 33 32 32 32 33 33 33 34 34 35
16 18 20 23 25 26 27 28 29 30 31 31 31 31 31 30 30 30 32 34 37 39 42 44 47 47 46 46 45 44 43 43 43 43 43 43 43 43 43 43 42 41 40 39 38 37 36 35 34 32 31 30 28 28 28 28 27 27 27 27 28 29 31 32 33 34 36 36 36 37 37 37 38 38 38 37 37 37 36 36 36 35 34 34 33 33 32 31 32 32 32 32 33 33 33 34
15 17 19 21 23 24 25 27 28 29 30 30 30 30 30 30 30 30 32 34 36 37 39 41 43 44 43 43 43 42 42 41 41 42 42 42 43 43 43 43 41 40 39 38 37 36 35 33 32 31 30 29 28 28 27 27 27 26 26 26 27 28 29 30 31 33 34 34 34 35 35 35 36 36 36 35 35 35 34 34 34 33 33 33 32 32 31 31 31 31 32 32 32 32 33 33
14 16 18 20 22 23 24 25 27 28 29 30 30 30 30 30 31 31 32 33 35 36 37 39 40 41 41 40 40 40 40 40 40 41 41 42 42 43 43 43 41 40 38 37 35 34 33 32 31 30 29 28 28 27 27 26 26 26 25 25 26 27 28 29 30 31 32 32 33 33 33 34 34 34 34 34 33 33 32 32 32 32 31 31 31 31 31 31 31 31 31 31 32 32 32 33
13 15 16 18 20 21 23 24 26 27 28 29 29 30 30 30 31 31 32 33 34 34 35 36 37 37 38 38 38 38 38 39 39 40 41 41 42 43 44 43 41 39 37 36 34 32 31 31 30 29 29 28 27 27 26 26 25 25 24 24 24 25 26 27 28 29 30 30 31 31 31 32 32 33 32 32 31 31 31 30 30 30 30 30 30 30 30 30 30 31 31 31 31 31 31 32
12 13 15 17 19 20 21 23 24 26 27 28 29 29 30 30 31 31 32 32 33 33 33 34 34 34 35 35 36 36 37 37 38 39 40 41 42 43 44 43 41 39 36 34 32 30 30 29 29 28 28 27 27 26 26 25 25 24 23 23 23 24 25 26 26 27 28 28 29 29 30 30 30 31 30 30 29 29 29 28 28 28 28 29 29 29 30 30 30 30 30 30 30 30 31 31
11 12 14 15 17 19 20 22 23 25 27 28 28 29 30 30 31 32 32 32 32 31 31 31 31 31 32 33 34 34 35 36 37 38 39 41 42 43 44 43 40 38 36 33 31 29 28 28 28 27 27 27 27 26 25 25 24 23 22 22 22 23 23 24 25 26 26 27 27 27 28 28 29 29 29 28 28 27 27 26 26 26 27 27 28 28 29 30 30 30 30 30 30 30 30 30
10 11 13 14 16 17 19 21 22 24 26 27 28 29 30 30 31 32 32 31 31 30 29 28 28 28 29 30 31 33 34 35 36 37 39 40 41 43 44 42 40 37 35 32 30 27 27 27 27 26 26 26 26 26 25 24 23 22 21 21 21 22 22 23 23 24 24 25 25 26 26 27 27 27 27 26 26 25 25 24 24 25 25 26 27 28 29 29 29 29 29 29 29 29 29 30
10 11 13 14 16 17 19 21 22 24 26 27 28 29 30 31 32 33 33 32 31 30 29 28 27 28 29 30 31 32 33 34 36 37 38 39 41 42 43 42 40 37 35 33 31 29 28 28 27 27 27 27 26 26 25 24 23 22 22 21 21 22 22 23 23 24 24 25 25 25 26 26 27 27 27 26 26 25 25 24 24 25 26 27 28 29 29 30 30 30 30 30 30 30 30 30
10 11 13 14 16 17 19 21 22 24 25 27 28 29 30 31 32 33 33 32 31 30 29 28 27 27 28 29 31 32 33 34 35 36 38 39 40 41 42 41 39 37 36 34 32 30 29 29 28 28 27 27 26 26 25 24 23 22 22 21 21 22 22 23 23 23 24 24 25 25 26 26 27 27 26 26 26 25 25 24 24 25 26 27 28 29 30 32 31 31 31 31 31 30 30 31
10 11 13 14 16 17 19 20 22 24 25 27 28 29 30 32 33 34 34 32 31 30 29 27 26 26 28 29 30 31 33 34 35 36 37 38 39 40 41 40 39 37 36 35 33 32 31 30 29 29 28 27 26 26 25 24 23 22 22 21 21 22 22 22 23 23 24 24 25 25 25 26 26 27 26 26 25 25 24 24 24 25 26 27 29 30 31 33 32 32 32 32 31 31 31 31
10 11 13 14 16 17 19 20 22 23 25 26 28 29 31 32 33 35 34 33 31 30 28 27 25 26 27 28 30 31 32 33 34 35 36 37 38 39 40 40 39 37 36 35 34 33 32 31 30 29 28 27 26 26 25 24 23 23 22 21 21 22 22 22 23 23 23 24 24 25 25 26 26 27 26 26 25 25 24 24 23 25 26 28 29 31 32 34 33 33 33 32 32 32 31 32
10 11 13 14 16 17 19 20 22 23 25 26 28 29 31 32 34 35 35 33 31 30 28 26 25 25 26 28 29 30 32 33 34 35 36 37 37 38 39 39 38 37 37 36 35 35 34 32 31 30 29 28 26 26 25 24 23 23 22 21 21 22 22 22 23 23 23 24 24 25 25 25 26 26 26 25 25 25 24 24 23 25 27 28 30 32 33 35 35 34 34 33 33 32 32 32
10 11 13 14 16 17 19 20 22 23 25 26 28 29 31 33 34 36 35 33 32 30 28 26 24 24 26 27 29 30 31 33 34 34 35 36 37 37 38 38 38 37 37 37 36 36 35 33 32 31 29 28 26 26 25 24 23 23 22 21 21 22 22 22 22 23 23 23 24 24 25 25 26 26 26 25 25 24 24 24 23 25 27 29 31 33 34 36 36 35 35 34 33 33 33 33
10 11 13 15 16 17 19 20 22 23 24 26 28 29 31 33 35 36 36 34 32 30 28 26 24 24 25 27 28 30 31 32 33 34 35 35 36 37 37 37 37 37 37 37 37 38 36 35 33 31 30 28 27 26 25 24 24 23 22 21 22 22 22 22 22 23 23 23 24 24 25 25 26 26 26 25 25 24 24 23 23 25 27 29 31 33 35 37 37 36 35 35 34 34 33 33
10 12 13 15 16 18 19 21 22 23 25 26 28 29 31 32 34 35 34 33 31 29 27 25 23 24 25 26 27 29 30 31 32 33 33 34 35 35 36 36 37 37 37 38 38 39 37 36 35 33 32 30 29 28 27 26 25 24 23 22 22 22 22 22 23 23 23 23 24 24 25 25 26 26 26 26 25 25 24 24 24 26 28 30 32 34 36 37 37 36 36 35 34 34 33 34
10 12 14 15 17 18 20 21 23 24 25 27 28 29 30 31 32 34 33 31 30 28 27 25 23 23 25 26 27 28 29 30 31 31 32 33 33 34 34 35 36 37 37 38 39 40 39 37 36 35 33 32 31 29 28 27 26 24 23 22 22 22 22 23 23 23 23 24 24 25 25 26 26 27 26 26 26 25 25 24 24 26 28 30 32 34 36 37 37 36 36 35 35 34 34 34
11 12 14 16 17 19 20 22 23 24 26 27 28 29 30 31 31 32 32 30 29 28 26 25 23 23 24 25 26 27 28 29 29 30 31 31 32 32 33 34 35 36 37 38 39 41 40 39 37 36 35 34 33 31 30 28 27 25 24 22 22 22 23 23 23 23 23 24 24 25 25 26 26 27 27 26 26 26 25 25 25 26 28 30 32 34 36 38 37 37 36 36 35 35 34 34
11 13 14 16 18 19 21 22 23 25 26 27 28 29 29 30 30 31 31 29 28 27 26 24 23 23 24 25 25 26 27 27 28 29 29 30 30 31 32 33 34 36 37 39 40 42 41 40 39 38 37 36 35 33 31 29 28 26 24 22 22 22 23 23 23 23 24 24 25 25 26 26 27 27 27 27 26 26 26 25 25 27 29 31 32 34 36 38 37 37 36 36 35 35 34 34
11 13 15 17 18 20 21 22 24 25 27 28 28 28 29 29 29 30 29 28 27 26 25 24 23 23 23 24 25 25 26 26 27 27 28 29 29 30 30 32 34 35 37 39 41 43 42 41 40 40 39 38 37 35 33 31 29 27 25 22 22 23 23 23 23 24 24 24 25 25 26 27 27 28 27 27 27 26 26 26 26 27 29 31 33 35 36 38 37 37 37 36 36 35 35 34
12 13 15 17 18 20 21 23 24 26 27 28 28 28 28 28 28 29 28 27 26 25 25 24 23 23 23 23 24 24 25 25 25 26 27 27 28 28 29 31 33 35 37 39 41 44 43 43 42 41 40 40 39 37 34 32 30 27 25 23 23 23 23 23 24 24 24 25 25 26 26 27 27 28 28 27 27 27 27 26 26 28 30 31 33 35 36 38 38 37 37 36 36 36 35 34
12 14 16 17 19 20 22 23 25 26 27 28 28 28 28 27 27 27 27 26 25 25 24 23 23 23 23 23 23 23 24 24 24 25 26 26 27 27 28 30 32 35 37 40 42 44 44 44 43 43 42 41 41 38 36 33 31 28 26 23 23 23 23 24 24 24 24 25 25 26 27 27 28 28 28 28 27 27 27 27 27 28 30 32 33 35 37 38 38 37 37 37 36 36 35 34
14 16 17 18 19 20 21 23 24 25 26 26 26 26 26 26 26 26 25 25 24 24 23 22 22 22 22 23 23 23 24 24 25 25 26 27 28 29 29 31 33 36 38 40 42 44 44 44 43 43 42 42 41 39 36 34 31 29 26 24 24 24 24 24 25 25 25 26 26 27 27 27 28 28 28 28 28 27 27 27 27 29 30 32 34 35 37 39 38 38 37 37 36 36 35 34
17 17 18 19 20 20 21 22 23 23 24 25 24 24 24 24 24 24 24 23 23 22 22 21 21 21 22 22 23 23 23 24 25 26 27 28 29 30 31 32 34 36 38 40 42 44 44 44 43 43 42 42 41 39 37 34 32 30 27 25 25 25 25 25 26 26 26 26 27 27 27 28 28 28 28 28 28 28 28 27 27 29 31 32 34 36 37 39 38 38 37 37 36 36 35 34
19 19 19 20 20 20 21 21 22 22 23 23 23 23 23 23 22 22 22 22 22 21 21 21 20 21 21 22 22 23 23 24 25 26 27 28 30 31 32 34 35 37 39 41 42 44 44 44 43 43 43 42 42 40 37 35 33 30 28 25 25 26 26 26 26 27 27 27 27 28 28 28 28 29 28 28 28 28 28 28 28 29 31 33 34 36 38 39 39 38 37 37 36 36 35 34
21 21 21 20 20 21 21 21 21 21 21 21 21 21 21 21 21 21 21 20 20 20 20 20 19 20 21 21 22 23 23 24 25 26 28 29 31 32 33 35 36 38 39 41 42 44 44 44 43 43 43 43 42 40 38 36 33 31 29 26 26 26 27 27 27 28 28 28 28 28 28 28 29 29 29 29 28 28 28 28 28 30 31 33 35 36 38 39 39 38 37 37 36 36 35 34
23 22 22 21 21 21 20 20 20 20 20 19 19 19 19 19 19 19 19 19 19 19 19 19 19 19 20 21 22 22 23 24 25 27 28 30 31 33 35 36 37 38 40 41 42 44 44 44 43 43 43 43 43 41 39 36 34 32 29 27 27 27 28 28 28 28 29 29 29 29 29 29 29 29 29 29 29 29 28 28 28 30 32 33 35 37 38 40 39 38 38 37 36 36 35 35
25 24 23 22 21 21 20 20 19 19 18 18 18 18 18 18 18 18 18 18 18 18 18 18 18 19 19 20 21 22 23 24 26 27 29 31 32 34 36 37 38 39 40 41 42 44 44 44 44 43 43 43 43 41 39 37 35 32 30 28 28 28 28 29 29 29 29 29 29 29 29 29 29 29 29 29 29 29 29 29 29 30 32 34 35 37 38 40 39 38 38 37 36 35 35 35
27 26 24 22 21 21 20 19 18 18 17 16 16 16 16 16 16 16 16 16 17 17 17 17 17 18 19 20 21 22 23 24 25 27 29 31 33 34 36 37 38 39 40 41 42 43 44 44 44 44 44 44 44 42 40 37 35 33 31 29 29 29 29 30 30 31 31 31 31 30 30 30 30 30 30 30 30 29 29 29 29 31 33 34 36 38 40 41 40 39 38 37 37 36 35 35
27 26 24 22 21 20 20 19 18 17 16 16 16 16 16 16 16 16 16 16 16 17 17 17 17 17 18 19 20 21 22 23 24 26 27 29 30 32 33 35 36 38 39 40 42 43 43 43 43 43 43 43 43 42 40 38 36 34 32 30 30 31 31 32 33 33 34 34 34 34 33 33 33 33 32 32 32 32 31 31 31 33 35 37 39 42 44 46 44 43 41 40 38 37 36 35
