pluvio/pluvio-285.asc
ncols         252
nrows         154
xllcorner     -0.5
yllcorner     -153.5
cellsize      1
NODATA_value  -9999
[rows 45 to 89 of 154, columns 0 to 95 of 252]
56 61 67 73 78 83 88 93 98 103 108 111 112 113 113 114 115 116 113 107 101 95 89 83 78 75 74 73 72 70 69 68 66 63 61 58 56 53 51 52 54 56 58 60 62 64 65 65 65 65 65 65 65 68 71 73 76 79 82 85 85 86 86 86 87 87 88 87 87 87 87 86 86 86 88 91 93 95 98 100 102 105 109 112 116 119 122 126 128 131 134 136 139 142 144 143
56 61 67 72 77 81 86 91 95 100 104 107 107 108 109 109 110 111 108 102 97 92 86 81 76 73 72 71 70 69 68 67 65 63 61 59 56 54 52 53 54 56 58 59 61 63 63 64 64 64 64 64 64 67 70 73 76 79 82 84 86 86 87 88 89 90 91 91 90 90 90 90 90 90 92 94 96 98 100 102 104 108 111 115 118 122 125 129 132 134 137 140 143 146 148 148
56 61 65 70 74 78 82 87 91 95 99 101 101 102 103 103 104 104 102 97 93 89 84 80 75 73 72 71 70 69 68 67 65 63 61 59 57 56 54 54 55 56 57 59 60 61 61 62 62 62 63 63 63 66 69 72 75 78 81 84 85 87 88 90 91 93 94 94 94 95 95 95 95 95 97 98 100 102 103 105 107 110 114 118 121 125 129 133 136 139 142 145 149 152 155 155
56 60 64 68 72 75 79 83 86 90 93 95 96 96 97 97 97 98 96 92 89 85 82 78 75 73 72 71 69 68 67 66 65 63 62 60 58 57 55 55 56 57 57 58 58 59 59 60 60 61 61 62 62 65 68 71 74 77 80 83 85 87 89 91 93 96 98 98 98 99 99 99 100 100 101 102 104 105 106 107 109 113 117 121 125 129 133 136 140 144 147 151 154 158 161 162
55 59 62 66 69 72 75 79 82 85 88 90 90 90 91 91 91 92 90 87 85 82 79 77 74 73 71 70 69 68 67 65 64 63 62 61 59 58 57 57 57 57 57 57 57 57 57 58 59 59 60 60 61 64 67 70 73 76 79 82 85 88 90 93 96 98 101 102 102 103 103 104 104 105 106 107 107 108 109 110 111 115 119 124 128 132 136 140 144 148 152 156 160 164 167 169
55 58 61 64 66 69 72 75 77 80 83 84 84 84 85 85 85 85 84 83 81 79 77 75 74 72 71 70 69 67 66 65 64 63 62 61 60 60 59 58 58 57 57 56 56 55 56 56 57 58 58 59 60 63 66 69 72 75 78 81 85 88 91 95 98 101 105 106 106 107 108 108 109 110 110 111 111 112 112 113 113 118 122 127 131 135 140 144 148 153 157 161 165 170 174 175
55 57 59 61 64 66 68 71 73 75 77 78 79 79 79 79 79 79 78 78 77 76 75 74 73 72 71 69 68 67 66 64 64 63 62 62 61 61 60 60 58 57 56 55 54 53 54 54 55 56 57 58 59 62 65 68 71 74 77 80 84 88 92 96 100 104 108 109 110 111 112 113 114 115 115 115 115 115 115 115 116 120 125 129 134 139 143 148 153 157 162 166 171 176 180 182
55 56 58 59 61 63 65 67 68 70 72 73 73 73 73 73 73 73 73 73 73 73 72 72 72 72 70 69 68 66 65 64 63 63 63 63 62 62 62 61 59 58 56 54 53 51 52 53 54 55 56 57 58 61 64 67 70 73 76 80 84 89 93 98 103 107 112 113 114 115 116 118 119 120 119 119 119 119 118 118 118 123 128 132 137 142 147 152 157 162 167 172 177 182 186 189
52 54 55 57 58 60 62 64 66 67 69 70 70 70 69 69 69 69 69 70 71 72 73 74 75 74 73 71 69 67 65 64 63 63 62 62 61 61 61 59 58 56 55 54 52 51 51 52 53 54 55 56 58 60 63 66 69 72 76 79 83 88 92 97 101 106 110 112 113 114 115 116 118 119 119 118 118 118 117 117 117 121 126 131 135 140 144 149 154 159 164 169 174 179 183 186
49 50 52 54 56 58 59 61 63 65 67 68 67 67 67 66 66 66 67 69 71 73 75 77 79 78 76 73 71 69 66 64 63 62 61 61 60 59 59 58 56 55 54 53 51 50 51 52 53 54 55 56 58 60 63 66 69 72 75 78 82 86 90 95 99 103 107 109 110 112 113 114 115 117 117 116 116 116 116 116 115 120 124 128 132 136 140 145 149 154 159 164 169 174 179 180
45 47 49 51 53 55 57 59 61 63 65 65 65 64 64 63 63 62 64 67 70 73 76 79 82 81 78 76 73 70 67 64 63 62 61 60 59 58 57 56 55 54 53 52 51 50 50 52 53 54 55 56 58 60 63 66 68 71 74 77 81 85 89 93 97 101 105 106 108 109 111 112 113 115 115 115 114 114 114 114 114 118 122 125 129 133 136 140 145 150 155 160 165 169 174 175
42 44 46 48 50 52 54 56 59 61 63 63 63 62 61 60 60 59 61 65 69 73 77 81 86 85 81 78 75 71 68 64 62 61 60 58 57 56 54 54 53 52 51 51 50 49 50 51 53 54 55 56 58 60 63 65 68 70 73 76 79 83 87 91 94 98 102 104 105 107 108 110 111 113 113 113 113 113 113 113 113 116 119 123 126 129 133 136 141 146 150 155 160 165 169 170
38 41 43 45 47 50 52 54 56 58 61 61 60 59 58 57 56 55 58 63 68 74 79 84 89 88 84 80 76 72 68 64 62 61 59 57 56 54 52 52 51 51 50 50 49 49 50 51 52 54 55 56 58 60 62 65 67 70 72 75 78 82 85 89 92 96 99 101 103 104 106 107 109 111 111 111 111 111 111 111 111 114 117 120 123 126 129 132 136 141 146 151 155 160 164 164
35 37 40 42 45 47 49 52 54 56 58 59 58 57 55 54 53 52 55 62 68 74 80 86 92 92 87 83 78 74 69 65 62 60 58 56 54 52 50 50 49 49 49 49 49 49 50 51 52 54 55 56 58 60 62 64 67 69 71 74 77 80 83 87 90 93 97 98 100 102 104 105 107 109 109 109 109 109 109 110 110 112 115 117 120 122 125 127 132 137 141 146 151 156 160 159
32 34 37 40 42 44 47 49 51 54 56 56 55 54 53 51 50 49 53 60 67 74 82 89 96 95 90 85 80 75 70 65 62 60 57 55 53 50 48 48 48 48 48 48 48 48 49 51 52 54 55 56 58 60 62 64 66 68 71 73 76 79 82 85 88 91 94 96 98 99 101 103 105 107 107 107 107 108 108 108 108 110 112 115 117 119 121 123 128 132 137 142 146 151 155 154
31 34 36 39 42 45 47 50 52 55 57 58 57 55 54 53 52 51 54 61 68 75 81 88 95 94 90 86 81 77 72 68 65 63 61 59 57 55 53 52 52 51 51 50 50 49 50 51 52 53 54 55 56 58 60 63 65 68 70 73 75 78 81 83 86 89 92 93 95 97 99 101 103 104 105 106 107 108 108 109 110 112 114 115 117 119 121 123 127 131 135 140 144 148 152 150
30 33 36 39 42 45 48 51 54 56 59 60 59 58 56 55 54 53 56 63 69 75 81 87 94 93 90 86 82 78 75 71 69 67 65 63 62 60 58 57 56 55 54 53 52 51 51 51 51 52 52 53 53 56 58 61 64 67 70 72 75 77 80 82 84 87 89 91 93 95 97 99 100 102 104 105 107 108 109 111 112 114 115 117 118 120 121 123 127 131 134 138 142 146 149 147
30 33 36 40 43 46 49 52 55 58 61 62 61 60 59 58 56 55 59 64 70 75 81 87 92 92 89 86 83 80 77 74 72 71 69 68 67 65 64 62 60 59 57 55 54 52 51 51 51 51 51 51 51 53 57 60 63 66 69 72 75 77 79 81 83 85 87 89 91 93 95 96 98 100 102 104 106 108 110 112 114 116 117 118 119 121 122 123 127 130 133 136 140 143 146 145
29 33 36 40 43 46 50 53 56 59 63 64 63 62 61 60 59 58 61 66 71 76 81 86 91 91 89 86 84 82 80 77 76 75 74 73 72 70 69 67 65 63 60 58 55 53 52 51 51 50 50 49 48 51 55 58 62 65 69 72 74 76 78 79 81 83 85 86 88 90 92 94 96 98 101 103 106 109 111 114 117 118 119 120 121 122 123 124 126 129 132 135 138 140 143 142
29 33 36 40 43 47 50 54 57 61 64 65 65 64 63 62 61 60 63 67 72 76 80 85 89 90 88 87 85 84 82 80 79 79 78 77 76 76 75 72 69 66 63 60 57 54 53 52 50 49 48 47 46 49 53 57 61 65 68 72 74 75 77 78 79 81 82 84 86 88 90 92 94 96 99 103 106 109 112 116 119 119 120 121 122 122 123 124 126 129 131 133 136 138 140 139
29 32 36 40 44 47 51 55 59 62 66 67 67 66 65 64 64 63 65 69 73 76 80 84 88 89 88 87 86 85 84 84 83 83 82 82 81 81 80 78 74 70 67 63 59 56 53 52 50 48 47 45 43 47 51 55 59 64 68 72 74 75 76 77 78 79 80 82 84 86 88 90 92 94 98 102 106 109 113 117 121 121 122 122 123 123 124 124 126 128 130 132 133 135 137 136
28 32 36 40 44 48 52 56 60 64 68 69 69 68 67 67 66 65 67 70 74 77 80 83 86 87 87 87 87 87 87 87 87 87 86 86 86 86 86 83 78 74 70 65 61 57 54 52 50 48 45 43 41 45 49 54 58 63 68 72 73 74 75 75 76 77 77 79 82 84 86 88 90 92 96 101 105 110 114 119 123 123 123 124 124 124 124 125 126 127 129 130 131 133 134 133
29 33 37 42 46 50 54 58 62 66 70 71 70 69 68 67 66 65 67 69 72 75 78 81 84 85 84 84 84 83 83 83 83 83 83 83 83 82 82 80 76 72 68 64 60 56 54 52 49 47 45 43 41 44 48 53 57 61 66 70 71 72 74 75 76 77 78 80 83 85 87 89 92 94 98 102 107 111 115 120 124 124 124 124 125 125 125 125 127 129 131 132 134 136 137 136
31 35 39 43 47 51 55 59 63 67 71 72 71 70 69 67 66 65 66 68 71 73 76 78 81 81 81 80 80 79 79 78 78 78 78 78 78 78 78 76 72 69 66 62 59 56 53 51 49 47 45 43 40 43 47 51 55 59 63 67 69 71 72 74 76 77 79 81 84 86 89 91 94 96 100 104 108 112 117 121 125 125 125 125 125 126 126 126 128 130 133 135 137 139 141 140
32 36 41 45 49 53 57 61 65 69 73 74 72 71 69 68 66 64 65 67 70 72 74 76 78 78 78 77 76 75 74 74 74 74 74 74 74 74 74 72 69 66 63 61 58 55 53 51 48 46 44 42 40 43 47 50 54 58 61 65 67 69 71 73 76 78 80 82 85 88 90 93 96 98 102 106 110 114 118 122 125 126 126 126 126 126 126 127 129 132 135 137 140 143 145 144
34 38 42 46 51 55 59 63 67 71 75 75 73 72 70 68 66 64 64 66 68 70 72 74 75 75 74 73 72 71 70 69 69 69 69 69 70 70 70 68 66 64 61 59 57 54 52 50 48 46 44 42 40 42 46 49 52 56 59 62 65 68 70 73 75 78 81 84 86 89 92 95 98 101 104 108 112 115 119 122 126 126 126 127 127 127 127 128 131 134 137 140 143 146 149 148
35 39 44 48 52 56 60 64 68 72 76 77 75 73 70 68 66 64 64 65 67 68 70 71 73 72 71 70 68 67 66 65 64 65 65 65 65 66 66 64 63 61 59 57 55 54 52 50 48 46 44 42 40 42 45 48 51 54 57 60 63 66 69 72 75 78 82 85 88 91 94 97 100 103 106 110 113 117 120 123 127 127 127 127 128 128 128 128 132 135 139 143 146 150 153 152
37 41 45 50 54 58 62 66 70 74 78 78 76 73 71 68 66 63 63 64 65 66 68 69 70 69 68 66 65 63 62 60 60 60 60 61 61 61 62 61 59 58 57 55 54 53 51 49 47 45 43 41 39 41 44 47 49 52 55 57 61 64 68 72 75 79 82 86 89 92 95 99 102 105 108 111 115 118 121 124 127 128 128 128 128 128 129 129 133 137 141 145 149 153 157 156
38 42 47 51 56 60 64 68 72 76 80 80 77 74 71 69 66 63 62 63 64 65 65 66 67 66 64 63 61 59 57 55 55 56 56 56 57 57 57 57 56 55 55 54 53 52 51 49 47 45 43 41 39 41 43 46 48 50 53 55 59 63 67 71 75 79 83 87 90 94 97 100 104 107 110 113 116 119 122 125 128 128 129 129 129 129 129 130 134 139 143 148 152 157 160 159
43 47 52 57 61 64 68 71 75 78 82 82 80 77 75 72 70 67 66 67 67 68 68 69 69 68 66 64 62 59 57 55 55 55 55 56 56 56 56 56 55 54 53 52 52 51 50 48 47 45 44 42 41 43 45 47 50 52 55 57 61 65 70 74 78 83 87 91 95 99 103 107 110 114 117 119 122 125 127 130 132 132 132 132 132 132 132 132 137 142 146 151 156 161 164 163
48 52 57 62 66 69 72 75 78 81 84 84 82 80 78 75 73 71 70 70 71 71 71 71 71 70 67 65 62 60 58 55 55 55 55 55 55 55 55 55 54 53 52 51 50 49 49 48 47 46 45 44 43 45 47 50 52 54 57 59 63 68 73 77 82 87 91 96 100 104 109 113 117 122 124 126 128 130 132 134 136 136 136 136 135 135 135 135 140 145 150 155 160 164 169 167
52 58 63 68 72 74 76 79 81 84 86 86 84 83 81 79 77 75 74 74 74 74 74 73 73 71 69 66 63 60 58 55 54 54 54 54 54 54 54 54 53 52 51 50 49 48 48 47 47 46 46 45 45 47 49 52 54 56 59 61 66 71 76 80 85 90 95 100 105 110 114 119 124 129 130 132 134 135 137 139 140 140 139 139 139 138 138 138 143 148 153 158 163 168 173 171
57 63 68 73 77 79 81 83 85 87 88 88 87 85 84 82 81 79 78 78 77 77 76 76 75 73 70 67 64 61 58 55 54 54 54 54 53 53 53 52 51 51 50 49 48 47 47 47 47 47 47 47 47 49 51 54 56 59 61 63 68 73 79 84 89 94 99 104 110 115 120 125 131 136 137 138 140 141 142 143 144 144 143 142 142 141 141 141 146 151 157 162 167 172 177 175
62 68 73 79 82 84 85 86 88 89 91 91 89 88 87 86 85 83 82 82 81 80 79 78 77 75 72 68 65 62 58 55 54 53 53 53 53 52 52 51 50 49 48 47 46 45 46 46 47 47 47 48 48 51 53 56 58 61 63 66 71 76 81 87 92 98 103 109 114 120 126 132 137 143 144 145 145 146 147 147 148 147 147 146 145 145 144 144 149 154 160 165 171 176 181 179
67 73 78 84 88 88 89 90 91 92 93 93 92 91 90 89 88 87 86 85 84 83 82 81 80 77 73 69 66 62 58 55 53 53 53 52 52 51 51 50 49 48 47 46 45 44 45 46 47 47 48 49 50 53 55 58 60 63 65 68 73 79 84 90 96 101 107 113 119 126 132 138 144 150 151 151 151 151 152 152 152 151 150 149 148 148 147 146 152 158 163 169 175 180 185 182
72 78 84 90 93 93 94 94 94 95 95 95 94 94 93 93 92 92 90 89 88 86 85 83 82 79 75 71 67 63 59 55 53 53 52 52 51 51 50 49 48 47 46 45 44 43 44 45 47 48 49 51 52 55 57 60 62 65 67 70 75 81 87 93 99 105 111 117 124 131 137 144 151 157 157 157 157 157 156 156 156 155 154 153 152 151 149 149 155 161 166 172 178 184 189 186
78 83 89 95 98 98 98 99 99 99 100 99 98 98 97 96 95 95 94 92 91 89 88 87 85 82 78 74 70 66 61 57 56 55 55 54 53 53 52 51 50 49 48 47 46 45 46 48 49 50 51 53 54 56 58 60 63 65 67 70 75 80 86 92 97 103 109 115 121 128 134 140 146 153 152 152 152 151 151 151 150 150 149 148 147 146 145 145 150 155 160 165 171 176 180 178
83 89 94 100 103 103 103 103 104 104 104 104 103 102 101 100 99 98 97 95 94 93 91 90 88 85 81 77 73 68 64 60 58 58 57 56 56 55 55 54 53 52 51 50 49 48 49 50 51 52 53 54 55 57 59 61 63 65 67 69 74 80 85 90 96 101 107 113 118 124 130 136 142 148 148 147 147 146 146 146 145 145 144 143 143 142 141 141 145 150 154 159 163 167 171 169
89 95 100 105 108 108 108 108 108 108 109 108 107 106 104 103 102 101 100 98 97 96 94 93 92 89 84 80 76 71 67 63 61 60 60 59 58 58 57 56 55 54 53 53 52 51 51 52 53 54 55 56 57 59 60 62 64 65 67 69 74 79 84 89 94 99 105 110 116 121 127 132 138 143 143 142 142 141 141 140 140 139 139 139 138 138 137 137 141 144 148 152 156 159 162 160
95 100 105 110 113 113 113 113 113 113 113 112 111 110 108 107 105 104 103 101 100 99 98 96 95 92 87 83 79 74 70 66 64 63 62 61 61 60 59 58 57 57 56 55 54 53 54 55 55 56 57 58 59 60 61 63 64 66 67 69 73 78 83 88 93 98 103 108 113 118 123 128 134 139 138 138 137 136 136 135 135 134 134 134 134 133 133 133 136 139 142 145 148 151 153 152
101 106 111 115 118 118 118 118 118 118 118 117 115 113 112 110 109 107 106 105 103 102 101 100 99 95 91 86 82 77 73 68 66 66 65 64 63 62 61 61 60 59 58 58 57 56 56 57 58 58 59 59 60 61 62 64 65 66 67 68 73 77 82 87 91 96 101 105 110 115 120 125 129 134 134 133 132 131 131 130 129 129 129 129 129 129 129 129 132 134 136 138 140 143 145 143
107 112 116 121 123 123 122 122 122 122 122 121 119 117 116 114 112 110 109 108 107 105 104 103 102 98 94 89 85 80 76 71 69 68 67 66 65 65 64 63 62 61 61 60 59 59 59 59 60 60 61 61 62 63 63 64 65 66 67 68 72 76 81 85 90 94 99 103 107 112 116 121 125 129 129 128 127 126 125 125 124 124 124 124 125 125 125 125 127 128 130 131 133 134 136 135
113 117 121 126 127 127 127 127 127 127 126 125 123 121 119 117 115 113 112 111 110 108 107 106 105 101 97 92 88 83 78 74 72 71 70 69 68 67 66 65 64 64 63 63 62 61 61 62 62 62 63 63 63 64 64 65 66 66 67 68 72 76 80 84 88 93 97 101 105 109 113 117 121 125 124 123 122 122 121 120 119 119 120 120 120 121 121 122 122 123 124 125 126 127 127 127
121 124 126 129 130 130 129 129 128 128 128 126 124 123 121 119 117 115 113 112 110 109 107 105 104 100 96 92 88 84 80 76 74 72 71 70 69 68 67 66 66 65 64 64 63 63 63 63 63 63 64 64 64 65 66 66 67 68 69 69 73 77 82 86 90 94 98 102 105 109 112 116 119 123 122 122 121 120 120 119 118 118 119 119 119 119 119 120 120 121 122 123 124 125 125 125
128 130 131 133 133 132 132 131 130 129 129 127 126 124 122 120 119 117 115 113 111 109 107 105 103 99 96 92 88 85 81 77 75 74 73 72 70 69 68 67 67 66 66 65 65 64 64 64 64 65 65 65 65 66 67 68 68 69 70 71 75 79 83 87 91 95 100 103 106 109 112 115 118 121 121 120 120 119 118 118 117 117 117 117 117 118 118 118 118 119 120 121 122 122 123 123
