pluvio/pluvio-344.asc
ncols         252
nrows         154
xllcorner     -0.5
yllcorner     -153.5
cellsize      1
NODATA_value  -9999
[rows 0 to 43 of 154, columns 0 to 95 of 252]
20 22 25 27 29 31 32 34 36 38 39 41 43 45 47 49 51 53 53 51 50 49 48 47 46 48 52 56 60 65 69 73 73 71 70 68 67 65 64 63 63 64 64 64 64 64 64 64 65 65 66 66 66 66 67 67 67 67 67 67 65 64 62 61 59 58 56 55 53 51 50 48 46 45 48 51 54 57 61 64 67 71 74 77 81 84 88 91 90 90 90 89 89 88 88 91
21 23 25 28 30 31 33 35 37 38 40 42 43 45 46 48 49 51 51 50 49 48 47 46 46 48 52 56 60 64 68 72 72 71 69 68 66 65 63 63 64 64 65 66 66 67 67 67 67 67 67 67 67 68 68 68 68 69 69 69 67 65 63 61 59 57 55 54 53 52 51 50 49 48 51 54 58 61 64 68 71 74 77 80 83 86 90 92 91 90 89 88 87 86 86 89
21 24 26 28 30 32 34 36 37 39 41 42 43 45 46 47 48 49 49 49 48 47 47 46 45 48 52 56 60 64 68 72 72 70 69 67 66 64 62 63 64 65 67 68 69 70 70 70 70 69 69 69 68 69 69 70 70 71 71 71 69 67 64 62 59 57 54 54 53 53 53 52 52 51 55 58 61 65 68 71 75 78 80 83 86 89 91 94 92 91 89 88 86 85 84 88
22 24 27 29 31 33 34 36 38 40 42 43 44 44 45 46 47 48 48 47 47 46 46 45 45 47 51 55 59 63 67 71 71 70 68 66 65 63 62 63 64 66 68 70 72 73 73 73 72 71 71 70 70 70 71 71 72 73 73 74 71 68 65 62 59 56 53 53 54 54 54 54 54 55 58 61 65 68 72 75 79 81 83 86 88 91 93 95 93 91 89 87 85 83 82 86
24 26 28 31 33 35 38 40 42 44 46 48 48 49 49 50 50 51 51 50 50 50 49 49 48 51 54 57 61 64 68 71 71 70 68 66 65 63 61 62 64 66 68 69 71 73 73 72 72 71 71 70 70 71 72 73 74 75 77 78 75 72 69 66 62 59 56 56 56 56 57 57 57 57 60 63 67 70 73 77 80 82 85 87 90 92 95 97 94 92 90 87 85 83 81 86
27 29 32 34 37 40 43 46 49 52 55 57 57 57 58 58 58 58 58 58 57 57 56 56 55 57 59 62 64 67 70 72 72 70 68 66 65 63 61 62 63 64 66 67 68 69 70 70 70 69 69 69 69 71 73 75 77 79 81 83 81 77 74 71 68 65 62 62 61 61 60 60 59 59 61 64 67 70 73 76 79 81 84 87 90 93 95 98 95 93 91 88 86 84 82 88
30 33 35 37 40 44 48 52 56 60 64 66 66 66 66 66 66 66 66 65 64 64 63 62 62 63 64 66 68 69 71 73 72 70 68 67 65 63 61 61 62 63 64 64 65 66 66 67 67 68 68 68 69 71 74 77 80 83 85 88 86 83 80 77 74 71 68 67 66 65 64 62 61 60 62 65 68 70 73 75 78 81 84 87 90 93 96 99 96 94 92 90 87 85 84 89
34 36 38 40 44 49 53 58 63 68 73 75 74 74 74 74 74 74 73 72 71 71 70 69 68 69 69 70 71 72 73 74 73 71 69 67 65 63 61 61 61 61 62 62 62 62 63 64 65 66 67 67 68 71 75 79 82 86 90 93 91 89 86 83 80 77 74 73 71 69 67 65 63 62 64 66 68 70 72 74 77 80 83 87 90 93 97 100 97 95 93 91 88 86 85 91
37 39 41 43 47 53 59 64 70 76 81 84 83 83 82 82 82 81 80 79 79 78 77 76 75 75 75 75 74 74 74 74 73 71 69 67 65 63 61 60 60 60 59 59 59 59 60 61 63 64 65 66 68 72 76 81 85 90 94 99 97 94 91 89 86 83 81 78 76 73 71 68 66 63 65 67 68 70 72 74 76 79 83 87 90 94 98 101 99 96 94 92 90 87 86 93
40 42 44 46 51 57 64 70 77 84 90 93 92 91 91 90 89 89 88 87 86 85 84 83 82 81 80 79 78 77 76 75 73 71 69 67 65 63 61 60 59 58 57 57 56 55 57 58 60 62 64 65 67 72 77 83 88 93 99 104 102 100 97 94 92 89 87 83 80 77 74 71 68 65 66 67 69 70 72 73 74 78 82 86 90 94 98 102 100 97 95 93 91 88 87 94
44 46 47 49 54 62 69 77 84 91 99 102 101 100 99 98 97 96 95 94 93 92 90 89 88 87 85 83 81 79 78 76 74 72 69 67 65 63 60 59 58 57 55 54 53 52 53 56 58 60 62 65 67 72 78 85 91 97 103 109 108 105 103 100 98 95 93 89 85 81 78 74 70 66 67 68 69 70 71 72 73 78 82 86 91 95 99 103 101 98 96 94 92 90 88 96
47 49 51 53 58 65 73 80 87 94 102 104 103 102 102 101 100 99 98 97 97 96 95 95 94 92 90 87 85 82 80 77 75 73 70 68 66 63 61 59 58 57 55 54 53 51 53 55 58 60 63 65 67 73 79 85 92 98 104 110 109 106 104 102 99 97 95 91 87 83 80 76 72 69 69 70 71 71 72 73 73 78 82 86 90 94 98 101 99 97 95 93 91 89 88 96
50 53 55 57 62 68 75 81 87 94 100 102 102 101 100 99 98 97 97 98 98 98 99 99 99 97 94 91 88 85 82 79 77 74 72 69 67 64 62 60 59 58 57 55 54 53 55 57 59 62 64 67 69 74 80 85 91 97 102 108 107 104 102 100 98 96 93 90 87 84 81 78 75 71 72 72 73 73 74 74 74 78 81 85 88 92 95 98 96 94 93 91 89 87 87 95
54 56 59 62 66 71 77 82 88 93 98 100 100 99 98 98 97 96 97 98 99 101 102 103 105 103 99 95 92 88 85 81 78 76 73 70 68 65 63 61 60 59 58 57 56 55 56 59 61 63 66 68 70 75 80 85 90 96 101 106 105 103 100 98 96 94 92 90 87 85 82 79 77 74 74 75 75 75 75 75 75 78 81 84 87 89 92 95 93 92 90 88 87 85 85 94
57 60 63 66 70 74 79 83 88 92 97 98 98 97 97 96 95 95 96 98 101 103 105 108 110 108 104 100 95 91 87 83 80 77 74 72 69 66 63 62 61 60 59 58 57 56 58 60 63 65 67 70 72 76 81 85 90 94 99 104 102 101 99 97 95 93 91 89 87 85 83 81 79 77 77 77 77 77 77 76 76 79 81 83 85 87 89 91 90 89 87 86 85 83 83 92
60 64 67 70 74 77 81 84 88 91 95 96 96 95 95 95 94 94 96 99 102 105 109 112 115 113 109 104 99 94 90 85 81 79 76 73 70 67 64 63 62 61 60 60 59 58 60 62 64 67 69 71 74 77 81 85 89 93 97 101 100 99 97 95 93 92 90 89 87 86 84 83 82 80 80 79 79 78 78 78 77 79 80 82 84 85 87 88 87 86 85 84 83 82 82 91
64 67 71 74 78 80 83 85 88 91 93 94 94 94 93 93 93 92 95 99 103 108 112 116 121 118 113 108 103 97 92 87 83 80 77 74 71 68 65 64 63 62 62 61 60 60 61 64 66 68 70 73 75 78 82 85 89 92 96 99 98 97 95 94 92 90 89 88 87 86 85 85 84 83 82 82 81 80 80 79 78 79 80 81 82 83 84 85 84 83 82 81 81 80 80 90
67 71 75 79 82 83 85 87 88 90 92 92 92 92 92 91 91 91 94 100 105 110 115 121 126 124 118 112 106 100 95 89 85 82 78 75 72 69 66 65 64 64 63 62 62 61 63 65 67 70 72 74 77 79 82 85 88 91 94 97 96 95 93 92 90 89 88 87 87 87 87 86 86 86 85 84 83 82 81 80 79 80 80 80 80 81 81 81 81 80 80 79 78 78 79 89
67 71 75 79 81 83 84 85 87 88 89 90 91 91 91 92 92 92 96 101 106 111 116 121 126 124 118 112 107 101 95 89 85 82 80 77 74 71 68 67 67 67 67 66 66 66 67 70 72 74 76 78 80 82 85 87 89 91 94 96 95 93 92 90 89 87 86 85 85 85 85 85 85 85 84 84 83 83 82 81 81 81 82 82 83 83 84 84 84 83 82 81 80 79 80 90
64 68 72 76 79 80 81 83 84 86 87 88 89 90 92 93 94 95 98 102 107 111 115 119 124 121 116 110 105 99 94 88 85 83 80 78 76 74 71 71 71 71 72 72 72 72 74 76 78 80 81 83 85 87 88 90 91 92 94 95 94 92 90 88 87 85 83 83 82 82 82 82 81 81 81 82 82 82 83 83 83 84 86 87 88 89 91 92 90 89 87 86 85 83 83 92
62 66 70 73 76 77 79 80 82 83 85 86 88 90 92 94 96 98 100 104 107 111 114 118 121 119 114 108 103 98 92 87 84 83 81 80 78 76 75 75 75 76 77 77 78 79 80 82 83 85 87 89 90 91 92 92 93 93 94 95 93 91 89 87 84 82 80 80 79 79 79 78 78 78 79 80 81 82 83 84 85 87 89 91 93 95 97 99 97 95 93 91 89 87 86 94
60 64 67 71 73 75 76 78 79 81 82 84 87 90 92 95 98 100 103 106 108 111 113 116 119 116 111 106 101 96 91 86 84 83 82 81 80 79 78 79 80 81 82 83 84 85 86 88 89 91 92 94 95 95 95 95 95 94 94 94 92 89 87 85 82 80 78 77 76 76 76 75 75 74 76 78 80 82 84 86 88 90 93 96 98 101 104 106 103 101 98 96 93 91 89 96
58 61 65 68 71 72 74 75 77 78 80 82 86 89 93 96 100 103 105 107 109 111 112 114 116 113 109 104 99 95 90 85 83 83 83 82 82 82 81 82 84 85 87 88 90 92 93 94 95 96 98 99 100 100 98 97 96 95 94 93 91 88 86 83 80 78 75 74 74 73 72 72 71 70 73 76 79 81 84 87 90 93 97 100 103 107 110 113 110 107 104 101 97 94 92 98
55 59 62 66 68 69 71 73 74 76 77 80 85 89 93 97 101 106 108 109 110 111 112 112 113 111 106 102 97 93 89 84 83 83 84 84 84 84 84 86 88 90 92 94 96 98 99 100 101 102 103 104 105 104 102 100 98 96 95 93 90 87 84 81 78 75 72 71 71 70 69 68 68 67 70 74 78 81 85 88 92 96 100 104 109 113 117 120 117 113 109 105 102 98 95 101
53 56 60 63 65 67 68 70 72 73 75 78 83 88 93 98 103 108 110 110 110 111 111 111 111 108 104 100 96 92 87 83 83 83 84 85 86 87 88 90 92 95 97 100 102 104 106 106 107 108 109 109 110 108 105 103 100 97 95 92 89 86 83 79 76 73 70 69 68 67 66 65 64 63 68 72 76 81 85 90 94 99 104 109 114 119 123 128 123 119 115 110 106 102 98 103
50 53 57 60 62 64 66 68 69 71 73 77 82 86 91 96 101 106 108 108 109 109 109 109 109 107 103 99 95 91 87 83 83 83 84 85 86 87 88 90 93 96 99 101 104 107 108 109 110 110 111 112 112 110 108 105 103 100 97 95 91 87 84 80 76 72 69 68 67 66 65 64 63 63 67 72 77 82 87 92 97 102 107 112 116 121 126 130 126 122 118 114 110 106 103 107
47 50 53 56 59 61 63 65 67 70 72 75 79 84 88 93 97 102 104 105 105 106 107 108 108 106 102 99 95 91 87 83 83 83 84 85 85 86 86 89 92 95 98 102 105 108 109 110 111 111 112 113 113 112 110 107 105 103 101 99 95 90 86 81 77 73 68 67 67 66 66 65 64 64 69 74 80 85 90 96 101 105 109 113 118 122 126 130 127 124 121 118 115 112 109 113
43 47 50 53 56 58 61 63 65 68 70 73 77 81 85 89 93 97 100 101 102 103 105 106 107 105 102 98 95 91 87 84 83 83 84 84 84 85 85 88 91 95 98 102 105 109 110 111 112 112 113 114 114 113 111 110 108 106 105 103 98 93 88 83 78 73 68 67 67 66 66 66 65 65 70 76 82 87 93 99 104 108 112 115 119 123 126 129 127 125 123 121 119 117 115 119
40 43 46 50 53 55 58 61 63 66 69 72 75 79 82 86 89 93 95 97 99 101 103 105 106 105 101 98 94 91 87 84 83 83 83 83 83 83 84 86 90 94 98 102 106 110 111 112 112 113 114 115 115 115 113 112 111 110 108 107 102 96 90 85 79 73 68 67 67 67 66 66 66 66 72 78 84 90 96 102 108 111 114 117 120 123 126 129 128 127 126 124 123 122 121 125
37 40 43 46 50 53 55 58 61 64 67 70 73 76 79 82 85 88 91 93 96 98 101 103 105 104 101 97 94 91 87 84 83 83 83 83 82 82 82 85 89 94 98 102 106 110 112 113 113 114 115 116 116 116 115 114 114 113 112 111 105 99 93 86 80 74 67 67 67 67 67 67 67 67 73 79 86 92 99 105 111 114 116 119 122 124 127 129 129 128 128 128 128 127 127 131
33 36 40 43 46 50 53 56 59 63 66 69 71 74 76 79 81 84 86 89 92 95 98 101 104 103 100 97 94 91 88 84 83 83 82 82 81 81 81 84 88 93 98 102 107 111 113 114 114 115 116 117 117 117 117 117 116 116 116 115 109 102 95 88 81 74 67 67 67 67 67 67 68 68 74 81 88 95 101 108 115 117 119 121 123 125 127 129 129 130 131 131 132 133 133 137
30 33 36 40 43 47 50 54 57 61 65 67 69 71 73 75 77 79 82 86 89 93 96 100 103 103 100 97 94 91 88 85 83 83 82 81 81 80 79 83 88 92 97 102 107 112 114 114 115 116 117 118 118 119 119 119 119 119 119 119 113 105 97 90 82 75 67 67 67 67 68 68 68 69 76 83 90 97 104 111 118 120 121 123 124 126 127 128 130 132 133 135 136 138 140 143
30 33 37 40 44 47 51 54 58 62 65 68 69 71 73 74 76 78 81 84 87 91 94 98 101 101 98 96 93 91 88 85 84 83 83 82 81 80 80 83 89 94 99 105 110 115 117 118 118 119 120 120 121 121 121 121 121 121 122 122 115 108 100 93 85 78 71 71 71 71 72 72 73 73 80 86 93 100 106 113 120 121 122 123 124 125 126 128 130 132 134 136 139 141 143 147
32 35 39 43 46 50 53 56 60 63 66 69 70 72 73 75 76 78 80 83 86 89 92 95 98 98 96 94 92 90 88 86 85 85 84 83 82 81 81 85 91 96 102 108 114 119 121 121 122 123 123 124 124 124 124 124 124 123 123 123 117 110 103 97 90 83 76 76 77 77 78 78 79 79 85 91 96 102 108 114 120 121 122 122 123 124 125 126 129 132 135 137 140 143 146 149
34 37 41 45 49 52 55 58 61 64 67 70 71 72 74 75 76 78 80 83 85 88 90 93 95 95 94 93 91 90 89 87 86 86 85 84 83 83 82 86 93 99 105 111 117 124 125 125 126 126 127 127 127 127 127 126 126 125 125 124 119 113 106 100 94 88 82 82 82 83 83 84 85 85 90 95 100 105 110 115 120 120 121 122 123 123 124 125 128 132 135 138 142 145 148 152
35 39 44 48 51 54 57 60 63 66 69 71 72 73 74 75 77 78 80 82 84 86 88 90 92 93 92 91 90 90 89 88 88 87 86 85 85 84 83 88 94 101 108 114 121 128 129 129 130 130 130 130 131 130 129 129 128 127 126 126 121 115 109 104 98 93 87 87 88 89 89 90 90 91 95 99 103 107 112 116 120 120 121 121 122 123 123 124 128 132 135 139 143 147 151 154
37 41 46 50 54 56 59 62 64 67 70 71 73 74 75 76 77 78 79 81 83 84 86 88 89 90 90 90 90 90 89 89 89 88 87 86 86 85 84 89 96 104 111 118 125 132 133 133 134 134 134 134 134 133 132 131 130 129 128 127 123 118 113 108 103 98 93 93 94 94 95 96 96 97 100 103 107 110 113 117 120 120 121 121 121 122 122 123 127 131 136 140 145 149 153 157
39 43 48 52 56 58 61 63 66 68 71 72 73 74 75 76 77 78 79 80 82 83 84 85 86 87 88 88 89 89 90 90 90 89 88 88 87 86 85 91 98 106 113 121 128 136 137 137 137 137 137 137 137 136 135 134 132 131 130 128 124 120 116 111 107 102 98 98 99 100 101 101 102 103 105 108 110 113 115 118 120 120 120 120 121 121 121 121 126 131 136 141 146 151 156 159
40 45 50 55 58 61 63 65 68 70 72 73 74 75 76 76 77 78 79 80 80 81 82 83 84 85 86 87 88 89 90 91 91 90 90 89 88 87 87 92 100 108 116 124 132 140 142 141 141 141 141 141 140 139 138 136 134 133 131 130 126 123 119 115 111 107 104 104 105 106 106 107 108 109 110 112 114 115 117 118 120 120 120 120 120 120 120 120 126 131 137 142 148 153 158 162
42 46 51 55 59 61 63 65 67 69 71 73 74 74 75 76 77 77 78 79 80 81 82 83 84 85 86 87 89 90 91 93 93 92 92 91 91 90 90 95 103 111 119 127 134 142 143 143 142 141 141 140 139 138 136 135 134 132 131 129 126 123 119 116 112 109 105 106 107 108 110 111 112 113 114 116 117 119 120 122 123 123 122 122 122 121 121 121 126 131 135 140 145 150 154 158
42 47 51 55 58 60 62 64 66 68 70 71 72 73 74 75 76 77 78 79 80 81 83 84 85 86 88 89 90 92 93 94 95 94 94 94 94 94 93 99 106 114 121 129 136 144 144 143 142 140 139 138 136 135 134 133 132 131 130 128 125 122 119 115 112 109 105 107 108 110 112 113 115 117 118 120 121 123 124 126 127 127 126 125 124 124 123 123 126 130 133 137 141 144 148 151
43 47 51 55 58 60 62 63 65 67 69 70 71 72 73 74 75 76 77 79 80 82 83 85 86 87 89 90 92 93 95 96 96 97 97 97 97 97 97 102 110 117 124 131 138 145 145 143 141 139 137 135 134 133 132 131 130 129 128 127 124 121 118 115 112 109 106 107 110 112 114 116 118 120 122 124 125 127 128 130 132 130 129 128 127 126 125 124 126 129 131 134 136 139 141 145
44 48 51 55 58 59 61 63 64 66 68 69 70 71 72 73 74 75 77 79 80 82 84 85 87 89 90 92 93 95 96 98 98 99 99 100 100 100 101 106 113 119 126 133 140 147 146 143 141 138 136 133 131 130 129 129 128 127 127 126 124 121 118 115 112 109 106 108 111 113 116 119 121 124 126 127 129 131 132 134 136 134 133 131 130 128 127 125 127 128 129 131 132 133 135 139
45 48 51 55 57 59 60 62 63 65 66 68 69 70 71 72 73 75 76 78 80 82 84 86 88 90 92 93 95 96 98 99 100 101 102 102 103 104 104 109 116 122 129 135 142 148 147 144 141 137 134 131 128 127 127 127 126 126 126 125 123 120 117 114 112 109 106 109 112 115 118 122 125 128 130 131 133 135 137 138 140 138 136 134 132 130 129 127 127 127 127 128 128 128 129 133
