pluvio/pluvio-21.asc
ncols         252
nrows         154
xllcorner     -18.017974
yllcorner     13.481982
cellsize      0.035948
NODATA_value  -9999
[rows 102 to 152 of 154, columns 0 to 95 of 252]
65535 65535 65535 65535 65535 65535 65535 44 44 44 44 44 44 44 44 44 44 44 44 44 44 45 46 46 47 47 48 48 48 49 49 50 50 51 51 51 52 52 53 53 53 54 54 54 55 55 55 56 56 56 55 54 53 53 52 51 50 49 48 47 46 46 45 45 46 47 49 50 51 52 54 55 56 58 59 60 62 62 63 63 64 64 65 65 66 66 67 67 68 68 69 70 71 73 74 76
65535 65535 65535 65535 65535 65535 65535 44 44 44 44 44 44 44 44 44 44 44 44 44 44 45 45 46 46 47 48 48 49 49 50 50 51 52 52 53 53 54 54 55 55 55 56 56 57 57 58 58 59 59 58 57 55 54 53 52 51 50 49 48 47 46 45 45 47 48 49 50 52 53 54 55 57 58 59 61 62 63 63 64 64 65 65 66 66 67 67 68 68 69 69 70 72 73 75 77
65535 65535 65535 65535 65535 65535 65535 44 44 44 44 44 44 44 44 44 44 44 44 44 44 44 45 45 46 47 48 48 49 50 50 51 52 53 53 54 55 55 56 56 57 57 58 58 59 59 60 60 61 61 60 59 58 56 55 54 53 52 51 50 48 47 46 46 47 48 50 51 52 53 55 56 57 58 60 61 62 63 63 64 64 65 65 66 67 67 68 68 69 69 70 71 72 74 76 77
65535 65535 65535 65535 65535 65535 65535 57 56 55 55 54 53 52 51 50 49 48 47 46 45 44 45 46 47 48 48 49 50 51 52 53 53 54 55 56 56 57 57 58 58 59 60 60 61 61 62 62 63 63 62 61 59 58 57 56 55 54 53 51 50 49 48 48 49 50 51 53 54 55 56 58 59 60 61 62 64 64 65 65 66 67 67 68 68 69 69 70 70 71 71 72 74 75 77 78
65535 65535 65535 65535 65535 65535 65535 57 57 56 55 54 53 52 51 50 49 49 48 47 46 45 46 47 48 49 50 51 52 52 53 54 55 56 57 58 58 59 59 60 60 61 61 62 62 63 63 64 64 64 63 62 61 60 59 58 57 56 55 53 52 51 50 50 51 52 54 55 56 57 59 60 61 62 63 65 66 67 67 68 68 69 69 70 70 71 71 71 72 72 73 74 75 76 78 79
65535 65535 65535 65535 65535 65535 65535 57 57 56 55 54 53 53 52 51 50 49 49 48 47 46 47 48 49 50 51 52 53 54 55 56 57 58 59 60 60 61 61 62 62 63 63 64 64 65 65 66 66 66 65 64 63 62 61 60 59 58 57 56 55 53 52 52 53 55 56 57 58 60 61 62 63 64 66 67 68 69 69 70 70 71 71 72 72 72 73 73 74 74 75 75 77 78 79 80
65535 65535 65535 65535 65535 65535 65535 57 57 56 55 54 54 53 52 52 51 50 49 49 48 47 48 49 50 51 52 53 54 55 57 58 59 60 61 61 62 62 63 63 64 64 65 65 66 66 67 67 68 68 67 66 65 64 63 62 61 60 59 58 57 56 55 55 56 57 58 59 61 62 63 64 66 67 68 69 70 71 72 72 72 73 73 74 74 74 75 75 76 76 76 77 78 79 80 81
65535 65535 65535 65535 65535 65535 65535 57 57 56 55 55 54 53 53 52 51 51 50 49 49 48 49 51 52 53 54 55 56 57 58 59 60 61 62 63 64 64 65 65 66 66 67 67 68 68 68 69 69 69 68 67 66 66 65 64 63 62 61 60 59 58 57 57 58 59 60 62 63 64 65 67 68 69 70 71 73 74 74 74 75 75 75 76 76 76 77 77 78 78 78 79 79 80 81 81
65535 65535 65535 65535 65535 65535 65535 57 57 56 56 55 54 54 53 53 52 52 51 50 50 49 51 52 53 54 55 56 57 59 60 61 62 63 64 65 66 66 67 67 68 68 68 69 69 70 70 71 71 71 70 69 68 67 66 66 65 64 63 62 61 60 59 59 60 61 63 64 65 66 68 69 70 71 73 74 75 76 76 76 77 77 77 78 78 78 79 79 79 80 80 80 81 81 82 82
65535 65535 65535 65535 65535 65535 65535 57 57 56 56 55 55 54 54 53 53 52 52 51 51 50 52 53 54 55 56 58 59 60 61 63 64 65 66 67 68 68 68 69 69 70 70 71 71 71 72 72 73 73 72 71 70 69 68 67 67 66 65 64 63 62 61 61 62 64 65 66 67 69 70 71 72 74 75 76 77 78 78 79 79 79 79 80 80 80 81 81 81 82 82 82 82 83 83 83
65535 65535 65535 65535 65535 65535 65535 57 57 57 56 56 55 55 54 54 53 53 52 52 52 51 53 54 55 57 58 59 60 62 63 64 66 67 68 69 70 70 70 71 71 72 72 72 73 73 74 74 74 74 74 73 72 71 70 69 69 68 67 66 65 64 64 64 65 66 67 68 70 71 72 73 75 76 77 78 80 80 81 81 81 81 82 82 82 82 83 83 83 83 84 84 84 84 84 84
65535 65535 65535 65535 65535 65535 65535 57 57 57 56 56 56 55 55 54 54 54 53 53 53 52 54 55 56 58 59 61 62 63 65 66 67 69 70 71 71 72 72 73 73 73 74 74 74 75 75 76 76 76 75 74 74 73 72 71 70 70 69 68 67 67 66 66 67 68 69 71 72 73 74 76 77 78 79 81 82 83 83 83 83 83 84 84 84 84 85 85 85 85 85 85 85 85 85 85
65535 65535 65535 65535 65535 65535 65535 57 57 57 57 56 56 56 55 55 55 54 54 54 53 53 55 56 58 59 60 62 63 65 66 68 69 70 72 73 73 74 74 74 75 75 76 76 76 77 77 77 78 78 77 76 75 75 74 73 72 72 71 70 69 69 68 68 69 70 72 73 74 75 77 78 79 80 82 83 84 85 85 85 85 86 86 86 86 86 86 87 87 87 87 87 87 86 86 86
65535 65535 65535 65535 65535 65535 65535 57 57 57 57 57 56 56 56 56 55 55 55 55 54 54 56 57 59 60 62 63 65 66 68 69 71 72 74 75 75 76 76 76 77 77 77 78 78 78 79 79 79 79 79 78 77 76 76 75 74 74 73 72 72 71 70 70 72 73 74 75 76 78 79 80 81 83 84 85 86 87 87 87 88 88 88 88 88 88 88 89 89 89 89 89 88 88 87 86
65535 65535 65535 65535 65535 65535 65535 57 57 57 57 57 57 56 56 56 56 56 56 56 55 55 57 59 60 62 63 65 66 68 69 71 72 74 76 77 77 77 78 78 78 79 79 79 80 80 80 81 81 81 80 80 79 78 78 77 76 76 75 74 74 73 72 73 74 75 76 77 79 80 81 82 84 85 86 87 89 89 89 90 90 90 90 90 90 90 90 90 91 91 91 90 90 89 88 87
65535 65535 65535 65535 65535 65535 65535 57 57 57 57 57 57 57 57 57 57 57 56 56 56 56 58 60 61 63 65 66 68 69 71 73 74 76 77 79 79 79 80 80 80 81 81 81 81 82 82 82 83 83 82 81 81 80 80 79 78 78 77 76 76 75 75 75 76 77 78 80 81 82 83 85 86 87 88 90 91 92 92 92 92 92 92 92 92 92 92 92 92 92 93 92 91 90 89 88
65535 65535 65535 65535 65535 65535 65535 57 57 57 57 57 57 57 57 57 57 57 57 57 57 57 59 61 62 64 66 68 69 71 73 74 76 78 79 81 81 81 82 82 82 82 83 83 83 83 84 84 84 84 84 83 83 82 81 81 80 80 79 79 78 77 77 77 78 80 81 82 83 84 86 87 88 89 91 92 93 94 94 94 94 94 94 94 94 94 94 94 94 94 94 94 92 91 90 89
65535 65535 65535 65535 65535 65535 65535 70 69 68 67 67 66 65 64 63 62 61 61 60 59 58 60 62 63 65 67 68 70 72 73 75 77 78 80 82 82 82 82 82 83 83 83 83 83 84 84 84 84 84 84 84 83 83 82 82 81 81 80 80 80 79 79 79 80 81 83 84 85 86 87 89 90 91 92 94 95 95 95 95 95 95 95 95 95 95 95 95 95 95 95 94 93 92 91 89
65535 65535 65535 65535 65535 65535 65535 70 69 68 68 67 66 65 64 64 63 62 61 60 60 59 61 63 64 66 68 69 71 72 74 76 77 79 81 82 82 82 82 83 83 83 83 83 83 84 84 84 84 84 84 84 83 83 83 82 82 82 82 81 81 81 81 81 82 83 84 86 87 88 89 90 91 93 94 95 96 97 97 96 96 96 96 96 96 96 96 96 96 96 96 95 94 92 91 90
65535 65535 65535 65535 65535 65535 65535 70 69 68 68 67 66 66 65 64 63 63 62 61 61 60 62 63 65 67 68 70 72 73 75 76 78 80 81 83 83 83 83 83 83 83 83 83 83 83 84 84 84 84 84 84 83 83 83 83 83 83 83 83 83 82 82 83 84 85 86 87 88 89 91 92 93 94 95 96 97 98 98 98 97 97 97 97 97 97 97 97 97 97 96 96 94 93 91 90
65535 65535 65535 65535 65535 65535 65535 70 69 69 68 67 67 66 65 65 64 63 63 62 61 61 63 64 66 67 69 71 72 74 75 77 79 80 82 83 83 83 83 83 83 83 83 83 83 83 83 83 83 83 83 84 84 84 84 84 84 84 84 84 84 84 84 85 86 87 88 89 90 91 92 93 94 95 96 98 99 99 99 99 99 98 98 98 98 98 98 97 97 97 97 96 95 93 92 90
65535 65535 65535 65535 65535 65535 65535 70 69 69 68 68 67 66 66 65 65 64 63 63 62 62 64 65 67 68 70 71 73 75 76 78 79 81 82 84 84 83 83 83 83 83 83 83 83 83 83 83 83 83 83 84 84 84 84 84 85 85 85 85 85 86 86 86 88 89 90 91 92 93 94 95 96 97 98 99 100 100 100 100 100 99 99 99 99 99 98 98 98 98 98 97 95 94 92 91
65535 65535 65535 65535 65535 65535 65535 70 69 69 68 68 67 67 66 66 65 65 64 64 63 63 64 66 67 69 71 72 74 75 77 78 80 81 83 84 84 84 84 84 84 83 83 83 83 83 83 83 83 83 83 84 84 84 85 85 85 86 86 87 87 87 88 88 89 90 91 92 93 94 95 96 97 98 99 100 101 102 101 101 101 101 100 100 100 100 99 99 99 98 98 97 96 94 92 91
65535 65535 65535 65535 65535 65535 65535 70 69 69 69 68 68 67 67 66 66 65 65 64 64 64 65 67 68 70 71 73 74 76 77 79 80 82 83 85 84 84 84 84 84 84 83 83 83 83 83 83 82 82 83 84 84 85 85 86 86 87 87 88 88 89 90 90 91 92 93 94 95 96 97 98 99 100 101 102 102 103 102 102 102 102 101 101 101 100 100 100 99 99 99 98 96 94 93 91
65535 65535 65535 65535 65535 65535 65535 70 70 69 69 68 68 68 67 67 66 66 66 65 65 65 66 68 69 71 72 74 75 77 78 80 81 83 84 85 85 85 84 84 84 84 83 83 83 83 83 82 82 82 83 84 84 85 86 86 87 88 88 89 90 91 91 92 93 94 95 96 97 97 98 99 100 101 102 103 104 104 104 103 103 103 102 102 102 101 101 101 100 100 99 98 97 95 93 91
65535 65535 65535 65535 65535 65535 65535 70 70 69 69 69 68 68 68 67 67 67 66 66 66 66 67 68 70 71 73 74 76 77 79 80 82 83 85 86 85 85 85 84 84 84 84 83 83 83 82 82 82 82 83 84 84 85 86 87 88 89 90 90 91 92 93 94 95 96 97 97 98 99 100 101 102 102 103 104 105 105 105 104 104 104 103 103 102 102 102 101 101 100 100 99 97 95 93 92
65535 65535 65535 65535 65535 65535 65535 70 70 69 69 69 69 68 68 68 68 67 67 67 66 66 68 69 71 72 74 75 76 78 79 81 82 84 85 86 86 85 85 85 84 84 84 83 83 82 82 82 81 81 82 84 85 86 87 88 89 90 91 92 93 94 95 96 97 97 98 99 100 101 101 102 103 104 105 105 106 106 106 106 105 105 104 104 103 103 102 102 102 101 101 99 98 96 94 92
65535 65535 65535 65535 65535 65535 65535 70 70 70 69 69 69 69 69 68 68 68 68 67 67 67 69 70 72 73 74 76 77 79 80 81 83 84 86 87 86 86 85 85 84 84 84 83 83 82 82 81 81 81 82 84 85 86 87 88 90 91 92 93 94 96 97 98 98 99 100 101 102 102 103 104 105 105 106 107 108 108 107 107 106 106 105 105 104 104 103 103 102 102 101 100 98 96 94 92
65535 65535 65535 65535 65535 65535 65535 70 70 70 70 69 69 69 69 69 69 69 68 68 68 68 70 71 72 74 75 77 78 79 81 82 83 85 86 87 87 86 86 85 85 84 84 83 83 82 82 81 81 81 82 84 85 86 88 89 90 92 93 94 96 97 99 100 100 101 102 102 103 104 105 105 106 107 107 108 109 109 108 108 107 107 106 106 105 105 104 104 103 102 102 100 98 96 94 93
65535 65535 65535 65535 65535 65535 65535 70 70 70 70 70 70 69 69 69 69 69 69 69 69 69 70 72 73 75 76 77 79 80 81 83 84 85 87 88 87 87 86 85 85 84 84 83 83 82 82 81 80 80 82 84 85 87 88 90 91 93 94 96 97 99 100 101 102 103 103 104 105 105 106 107 107 108 109 109 110 110 110 109 108 108 107 107 106 105 105 104 104 103 103 101 99 97 95 93
65535 65535 65535 65535 65535 65535 65535 70 70 70 70 70 70 70 70 70 70 70 70 70 70 70 71 73 74 75 77 78 79 81 82 83 85 86 87 88 88 87 86 86 85 84 84 83 83 82 81 81 80 80 82 84 85 87 89 90 92 94 95 97 99 100 102 103 104 105 105 106 106 107 108 108 109 110 110 111 111 111 111 110 110 109 108 108 107 106 106 105 104 104 103 102 99 97 95 93
65535 65535 65535 65535 65535 65535 65535 70 70 70 70 70 70 70 70 70 70 70 70 70 70 72 73 75 76 77 78 80 81 82 83 85 86 87 88 89 89 88 87 87 86 85 85 84 83 83 82 82 81 81 83 85 86 88 90 92 94 95 97 99 101 103 104 106 106 107 108 108 109 110 110 111 112 112 113 114 114 114 113 112 112 111 110 109 108 107 107 106 105 104 103 102 99 97 95 93
65535 65535 65535 65535 65535 65535 65535 70 70 70 70 70 70 70 70 70 70 70 70 70 70 75 76 77 78 79 80 82 83 84 85 86 87 88 90 90 90 89 88 88 87 86 86 85 85 84 83 83 82 82 84 86 88 90 92 94 96 97 99 101 103 105 107 108 109 110 110 111 112 112 113 114 114 115 116 116 117 117 116 115 114 113 112 111 109 108 107 106 105 104 103 101 99 97 95 93
65535 65535 65535 65535 65535 65535 65535 70 70 70 70 70 70 70 70 70 70 70 70 70 70 77 78 79 80 81 82 83 84 86 87 88 89 90 91 91 91 90 90 89 88 88 87 86 86 85 84 84 83 83 85 87 89 91 93 95 97 99 101 103 105 107 109 111 112 112 113 114 114 115 116 117 117 118 119 119 120 120 119 117 116 115 113 112 111 109 108 107 106 104 103 101 99 97 95 93
65535 65535 65535 65535 65535 65535 65535 70 70 70 70 70 70 70 70 70 70 70 70 70 70 79 80 81 82 83 84 85 86 87 88 89 90 91 92 93 92 91 91 90 89 89 88 87 87 86 85 85 84 84 86 89 91 93 95 97 99 101 103 106 108 110 112 113 114 115 116 116 117 118 119 119 120 121 122 122 123 123 121 120 118 117 115 114 112 111 109 108 106 104 103 101 99 97 95 93
65535 65535 65535 65535 65535 65535 65535 70 70 70 70 70 70 70 70 70 70 70 70 70 70 82 83 84 85 85 86 87 88 89 90 91 91 92 93 94 93 92 92 91 90 90 89 88 88 87 86 86 85 85 88 90 92 94 97 99 101 103 105 108 110 112 114 116 117 118 118 119 120 121 121 122 123 124 125 125 126 126 124 122 120 119 117 115 113 112 110 108 106 105 103 101 99 97 95 93
65535 65535 65535 65535 65535 65535 65535 70 70 70 70 70 70 70 70 70 70 70 70 70 70 84 85 86 87 87 88 89 90 90 91 92 93 94 94 95 94 93 93 92 91 91 90 90 89 88 88 87 86 87 89 91 94 96 98 101 103 105 107 110 112 114 117 119 119 120 121 122 123 123 124 125 126 127 127 128 129 128 127 125 123 121 119 117 115 113 111 109 107 105 103 101 99 97 95 93
65535 65535 65535 65535 65535 65535 65535 70 70 70 70 70 70 70 70 70 70 70 70 70 70 87 87 88 89 89 90 91 91 92 93 93 94 95 96 96 95 95 94 93 93 92 91 91 90 89 89 88 87 88 90 93 95 97 100 102 105 107 110 112 114 117 119 121 122 123 124 124 125 126 127 128 129 130 130 131 132 131 129 127 125 123 120 118 116 114 112 109 107 105 103 101 99 97 95 93
65535 65535 65535 65535 65535 65535 65535 70 70 70 70 70 70 70 70 70 70 70 70 70 70 89 90 90 91 91 92 93 93 94 94 95 96 96 97 97 96 96 95 94 94 93 92 92 91 90 90 89 88 89 91 94 96 99 101 104 106 109 112 114 117 119 122 124 124 125 126 127 128 129 130 131 132 132 133 134 135 134 132 129 127 125 122 120 117 115 112 110 108 105 103 101 99 97 95 93
65535 65535 65535 65535 65535 65535 65535 70 70 70 70 70 70 70 70 70 70 70 70 70 70 92 92 93 93 94 94 95 95 95 96 96 97 97 98 98 97 97 96 95 95 94 93 93 92 91 91 90 89 90 92 95 98 100 103 106 108 111 114 116 119 122 124 126 127 128 129 130 131 132 133 133 134 135 136 137 138 137 134 132 129 127 124 121 119 116 113 111 108 105 103 100 99 97 95 94
65535 65535 65535 65535 65535 65535 65535 70 70 70 70 70 70 70 70 70 70 70 70 70 70 94 94 95 95 96 96 96 97 97 98 98 98 99 99 99 99 98 97 97 96 95 95 94 93 93 92 91 91 91 94 96 99 102 105 107 110 113 116 118 121 124 127 129 130 131 132 132 133 134 135 136 137 138 139 140 141 140 137 134 131 128 126 123 120 117 114 111 108 105 103 100 99 97 95 94
65535 65535 65535 65535 65535 65535 65535 70 70 70 70 70 70 70 70 70 70 70 70 70 70 96 97 97 97 98 98 98 99 99 99 99 100 100 100 100 100 99 98 98 97 96 96 95 94 94 93 92 92 92 95 98 101 103 106 109 112 115 118 121 123 126 129 131 132 133 134 135 136 137 138 139 140 141 142 143 144 143 140 137 134 130 127 124 121 118 115 112 109 106 102 100 99 97 95 94
65535 65535 65535 65535 65535 65535 65535 70 70 70 70 70 70 70 70 70 70 70 70 70 70 99 99 99 99 100 100 100 100 100 101 101 101 101 101 101 101 100 99 99 98 97 97 96 95 95 94 93 93 93 96 99 102 105 108 111 114 117 120 123 126 129 132 134 135 136 137 138 139 140 141 142 143 144 145 146 147 146 142 139 136 132 129 126 122 119 116 112 109 106 102 100 98 97 95 94
65535 65535 65535 65535 65535 65535 65535 70 70 70 70 70 70 70 70 70 70 70 70 70 70 101 101 102 102 102 102 102 102 102 102 102 102 103 103 103 102 101 100 100 99 98 98 97 96 96 95 94 94 94 97 100 103 106 110 113 116 119 122 125 128 131 134 136 137 138 139 140 142 143 144 145 146 147 148 149 150 149 145 142 138 134 131 127 124 120 117 113 109 106 102 100 98 97 95 94
65535 65535 65535 65535 65535 65535 65535 70 70 70 70 70 70 70 70 70 70 70 70 70 70 104 104 104 104 104 104 104 104 104 104 104 104 104 104 104 103 102 102 101 100 100 99 98 97 97 96 95 95 95 98 102 105 108 111 114 117 121 124 127 130 133 137 139 140 141 142 143 144 145 146 147 149 150 151 152 153 152 148 144 140 136 133 129 125 121 117 114 110 106 102 100 98 97 95 94
65535 65535 65535 65535 65535 65535 65535 65535 65535 65535 65535 65535 65535 65535 65535 65535 65535 65535 65535 65535 65535 121 120 118 117 116 115 114 113 112 110 109 108 107 106 105 104 104 103 102 102 101 100 100 99 99 98 97 97 97 100 103 106 110 113 116 119 122 125 128 131 134 137 140 141 142 143 144 145 146 147 148 149 150 151 152 153 152 148 145 141 137 134 130 126 122 119 115 111 108 104 102 100 99 98 96
65535 65535 65535 65535 65535 65535 65535 65535 65535 65535 65535 65535 65535 65535 65535 65535 65535 65535 65535 65535 65535 121 120 119 118 117 115 114 113 112 111 110 109 108 107 106 106 105 104 104 103 103 102 101 101 100 100 99 98 99 102 105 108 111 114 117 120 123 126 129 132 135 138 140 141 142 143 144 145 146 147 148 149 150 151 152 153 152 149 145 142 138 134 131 127 124 120 117 113 109 106 104 102 101 100 99
65535 65535 65535 65535 65535 65535 65535 65535 65535 65535 65535 65535 65535 65535 65535 65535 65535 65535 65535 65535 65535 121 120 119 118 117 116 115 114 113 112 111 110 109 108 107 107 106 106 105 105 104 104 103 102 102 101 101 100 101 104 107 110 113 115 118 121 124 127 130 133 136 139 141 142 143 144 145 146 147 148 149 150 151 152 153 154 152 149 146 142 139 135 132 128 125 121 118 115 111 108 106 105 103 102 101
65535 65535 65535 65535 65535 65535 65535 65535 65535 65535 65535 65535 65535 65535 65535 65535 65535 65535 65535 65535 65535 121 120 119 118 117 116 115 115 114 113 112 111 110 109 109 108 108 107 107 106 106 105 105 104 104 103 103 102 103 106 108 111 114 117 120 123 125 128 131 134 137 139 142 142 143 144 145 146 147 148 149 150 151 152 153 154 153 149 146 143 139 136 133 129 126 123 119 116 113 109 108 107 106 105 104
65535 65535 65535 65535 65535 65535 65535 65535 65535 65535 65535 65535 65535 65535 65535 65535 65535 65535 65535 65535 65535 121 120 119 118 118 117 116 115 114 114 113 112 111 111 110 109 109 108 108 108 107 107 106 106 105 105 104 104 105 107 110 113 116 118 121 124 127 129 132 135 137 140 142 143 144 145 146 147 148 149 150 150 151 152 153 154 153 150 147 143 140 137 134 131 127 124 121 118 115 111 110 109 108 107 106
65535 65535 65535 65535 65535 65535 65535 65535 65535 65535 65535 65535 65535 65535 65535 65535 65535 65535 65535 65535 65535 121 120 119 119 118 117 117 116 115 114 114 113 112 112 111 111 110 110 109 109 109 108 108 107 107 107 106 106 106 109 112 114 117 120 122 125 128 130 133 136 138 141 143 144 145 146 146 147 148 149 150 151 152 153 153 154 153 150 147 144 141 138 135 132 129 125 122 119 116 113 112 111 110 110 109
