pluvio/pluvio-285.asc
ncols         252
nrows         154
xllcorner     -0.5
yllcorner     -153.5
cellsize      1
NODATA_value  -9999
[rows 0 to 44 of 154, columns 0 to 95 of 252]
25 28 30 33 35 37 39 41 42 44 46 47 48 50 51 52 53 54 54 55 55 55 56 56 56 57 57 57 57 57 57 57 56 54 53 52 50 49 47 47 48 48 49 49 50 51 50 49 48 47 46 45 43 43 42 42 41 40 40 39 38 37 35 34 33 31 30 31 32 34 35 36 38 39 41 44 46 48 51 53 55 59 64 68 72 76 80 84 84 85 86 87 88 89 90 89
27 30 32 35 37 39 41 43 45 47 48 50 50 51 51 52 52 53 53 54 54 54 55 55 55 56 57 58 58 59 60 61 60 58 57 55 54 52 50 50 51 51 51 52 52 53 52 51 50 49 47 46 45 45 44 44 43 43 42 42 41 39 38 36 34 33 31 32 34 35 36 37 39 40 42 45 48 50 53 56 58 63 67 71 75 79 83 87 87 87 87 87 87 87 87 87
28 31 34 37 39 41 43 45 47 49 51 52 52 52 52 52 52 53 53 53 53 53 54 54 54 55 57 58 60 62 63 65 64 62 61 59 57 55 54 53 54 54 54 54 54 54 54 53 51 50 49 48 47 47 46 46 46 46 45 45 43 42 40 38 36 34 33 34 35 36 37 38 40 41 44 47 50 53 56 59 62 66 70 74 78 82 86 90 89 88 88 87 86 85 85 85
30 33 36 39 41 43 45 47 49 51 53 54 53 53 53 53 52 52 52 52 52 53 53 53 53 55 57 59 62 64 66 69 68 66 64 63 61 59 57 56 56 56 56 56 56 56 56 54 53 52 51 50 49 49 49 48 48 48 48 48 46 44 42 40 38 36 34 35 36 37 38 39 41 42 45 48 51 55 58 61 65 69 73 77 81 85 90 93 92 90 88 87 85 83 82 83
31 34 37 40 42 44 46 48 50 52 54 55 54 54 53 53 52 52 52 52 52 52 52 53 53 55 58 61 64 66 69 72 72 70 67 65 63 61 59 58 58 58 58 59 59 59 58 57 55 54 53 52 51 51 50 50 50 50 50 50 48 46 44 42 39 37 35 36 37 38 39 40 41 42 45 49 52 56 59 63 66 70 75 79 84 88 92 96 94 92 90 88 85 83 81 83
32 35 38 41 43 45 47 49 51 52 54 55 54 54 54 53 53 52 52 52 52 52 53 53 53 55 59 62 65 69 72 76 75 72 70 67 65 62 60 60 60 60 60 60 61 61 60 59 58 56 55 54 53 52 52 52 52 51 51 51 49 47 45 42 40 38 36 37 38 38 39 40 41 42 45 49 52 56 59 63 66 71 76 80 85 90 95 99 97 94 92 89 87 85 83 84
33 36 39 41 44 45 47 49 51 53 54 55 55 54 54 53 53 52 52 52 53 53 53 53 53 56 59 63 67 71 75 79 78 75 72 70 67 64 61 61 61 61 62 62 63 63 62 61 60 59 57 56 55 54 54 53 53 53 52 52 50 48 46 43 41 39 37 37 38 39 40 40 41 42 45 49 52 56 59 62 66 71 76 82 87 92 97 102 99 97 94 91 89 86 84 84
34 37 39 42 44 46 48 50 51 53 55 55 55 54 54 54 53 53 53 53 53 53 53 53 53 56 60 65 69 74 78 82 81 78 75 72 68 65 62 62 62 63 64 64 65 66 65 63 62 61 59 58 57 56 56 55 55 54 53 53 51 49 46 44 42 40 37 38 39 39 40 41 41 42 45 49 52 55 59 62 66 71 77 83 88 94 100 105 102 99 96 93 90 87 85 85
35 38 40 43 45 47 48 50 52 53 55 55 55 55 54 54 53 53 53 53 53 53 53 53 53 56 61 66 71 76 81 86 85 81 77 74 70 67 63 63 64 64 65 66 67 68 67 66 64 63 61 60 59 58 57 57 56 55 55 54 52 50 47 45 43 41 38 39 39 40 40 41 41 42 45 49 52 55 59 62 66 72 78 84 90 96 102 108 105 101 98 95 92 89 86 86
36 38 41 44 46 47 49 50 52 53 55 55 55 55 54 54 54 53 53 53 53 53 53 53 53 57 62 68 73 78 84 89 88 84 80 76 72 68 64 64 65 66 67 68 69 70 69 68 66 65 64 62 61 60 59 58 57 57 56 55 53 51 48 46 44 41 39 39 40 40 41 41 41 42 45 48 52 55 59 62 66 72 79 85 92 98 105 111 107 104 100 97 93 90 87 87
37 39 42 45 47 48 49 51 52 54 55 56 55 55 55 54 54 54 54 54 54 53 53 53 53 57 63 69 75 81 87 93 91 87 82 78 74 69 65 65 66 67 69 70 71 73 72 70 69 67 66 64 63 62 61 60 59 58 57 56 54 52 49 47 45 42 40 40 40 41 41 41 41 42 45 48 52 55 59 62 65 72 79 86 93 100 107 113 110 106 102 99 95 91 88 88
38 41 43 46 47 49 50 51 53 54 55 56 55 55 55 55 55 55 54 55 55 55 55 55 55 59 65 71 76 82 88 94 93 88 84 79 74 70 65 65 67 68 69 71 72 74 73 71 70 68 67 65 64 63 62 61 60 59 58 57 55 53 50 48 46 44 42 42 42 42 42 43 43 43 46 50 53 56 60 63 67 74 80 87 94 101 108 114 110 107 103 99 95 91 88 88
40 42 44 47 49 50 51 52 53 54 55 56 56 56 56 56 56 56 56 56 56 56 57 57 57 61 66 72 78 83 89 95 93 88 84 79 74 70 65 65 66 68 69 71 72 73 73 71 70 68 67 65 64 63 62 61 60 59 58 57 55 53 52 50 48 46 44 44 44 45 45 45 45 46 49 52 55 59 62 65 69 75 82 88 95 101 108 114 110 106 102 98 94 90 87 88
42 44 46 48 50 51 52 52 53 54 55 56 56 56 57 57 57 57 57 58 58 58 58 59 59 63 68 74 79 84 90 95 93 89 84 79 74 70 65 65 66 68 69 71 72 73 73 71 70 68 67 65 64 63 62 61 60 59 58 57 56 54 53 51 50 48 47 47 47 47 47 48 48 48 51 55 58 61 64 68 71 77 83 89 95 101 108 113 109 105 101 97 93 89 86 88
43 45 47 49 51 52 52 53 54 55 55 56 56 57 57 58 58 58 59 59 60 60 60 61 61 65 70 75 80 85 90 96 94 89 84 79 74 69 65 64 66 67 69 70 72 73 73 71 70 68 67 66 64 63 62 61 60 60 59 58 57 55 54 53 52 50 49 49 50 50 50 50 50 50 54 57 60 63 67 70 73 79 85 90 96 102 107 112 108 104 100 96 92 88 85 88
45 47 49 51 52 52 53 54 54 55 55 56 57 57 58 59 59 60 60 61 61 62 62 63 63 67 72 76 81 86 91 96 94 89 84 79 74 69 64 64 66 67 69 70 72 73 73 71 70 68 67 66 64 63 62 62 61 60 59 58 57 56 55 55 54 53 52 52 52 52 52 53 53 53 56 59 63 66 69 72 75 81 86 91 96 102 107 112 108 104 100 96 92 88 84 88
47 49 50 52 53 53 54 54 55 55 56 56 57 58 59 59 60 61 62 62 63 64 64 65 65 69 73 78 83 87 92 97 94 89 84 79 74 69 64 64 66 67 69 70 72 73 73 71 70 69 67 66 64 64 63 62 61 60 59 59 58 57 57 56 56 55 54 54 55 55 55 55 55 55 58 62 65 68 71 74 78 83 87 92 97 102 107 111 107 103 99 95 91 87 83 88
49 50 52 53 54 54 55 55 55 55 56 56 57 58 59 60 61 62 63 64 65 65 66 67 68 71 75 79 84 88 93 97 95 89 84 79 74 69 64 64 65 67 69 70 72 73 73 71 70 69 67 66 65 64 63 62 61 60 60 59 59 58 58 58 57 57 57 57 57 57 57 58 58 58 61 64 67 70 74 77 80 84 89 93 98 102 106 110 106 102 98 94 90 86 83 88
48 49 51 52 53 53 54 54 55 55 56 57 58 59 60 62 63 64 65 66 67 67 68 69 70 73 77 81 85 90 94 98 96 91 86 81 75 70 65 65 67 68 70 72 73 75 74 72 71 69 68 66 64 64 63 62 62 61 60 60 59 59 59 59 59 59 59 59 59 60 60 60 61 61 64 67 70 73 77 80 83 87 91 95 99 102 106 110 106 103 100 96 93 90 87 92
45 47 48 49 51 51 52 53 54 55 56 57 59 60 62 63 65 67 68 68 69 69 70 71 71 74 78 83 87 91 95 100 97 93 88 83 78 73 68 68 69 71 73 74 76 78 76 74 72 70 68 66 64 63 63 62 62 62 61 61 60 60 60 60 60 60 60 60 61 62 63 63 64 65 68 71 74 77 80 83 86 90 93 96 100 103 107 110 107 105 103 101 99 97 95 100
42 44 45 47 48 49 51 52 53 54 56 57 59 61 63 65 67 69 70 71 71 72 72 72 73 76 80 84 89 93 97 101 99 94 90 85 80 75 70 70 72 74 75 77 79 80 79 76 74 71 69 66 64 63 63 63 62 62 62 62 61 61 61 61 61 61 61 62 63 64 65 66 68 69 72 75 78 81 84 87 89 92 95 98 101 104 107 109 108 107 106 105 104 104 103 107
40 41 43 44 46 47 49 51 52 54 56 58 60 62 64 67 69 71 72 73 73 74 74 74 75 78 82 86 90 94 99 103 101 96 92 87 82 78 73 73 75 76 78 79 81 83 81 78 75 72 69 66 63 63 63 63 63 63 63 63 62 62 62 62 62 62 62 63 65 66 68 69 71 73 75 78 81 84 87 90 93 95 97 100 102 104 107 109 109 109 110 110 110 111 111 114
37 39 40 41 43 45 47 49 51 53 56 58 61 63 66 68 71 74 75 75 75 76 76 76 76 79 83 88 92 96 100 104 103 98 93 89 84 80 75 75 77 79 80 82 84 85 83 80 76 73 70 66 63 63 63 63 63 63 63 64 63 63 63 63 63 63 63 65 67 69 71 72 74 76 79 82 85 88 91 93 96 98 100 102 103 105 107 109 110 112 113 115 116 118 119 122
34 36 37 39 41 43 46 48 51 53 56 58 61 64 67 70 73 76 77 77 78 78 78 78 78 81 85 89 94 98 102 106 104 100 95 91 87 82 78 78 80 81 83 85 86 88 85 82 78 74 70 66 63 62 63 63 63 64 64 64 64 64 64 64 64 64 64 66 68 71 73 75 78 80 83 86 88 91 94 97 100 101 102 103 105 106 107 108 111 114 116 119 122 125 127 129
32 33 35 36 38 41 44 47 50 53 55 59 62 65 68 72 75 78 80 80 80 80 80 80 80 83 87 91 95 99 104 108 106 102 97 93 89 85 80 81 82 84 86 87 89 91 88 83 79 75 71 67 62 62 63 63 64 64 65 65 65 65 65 65 65 65 65 68 70 73 76 79 81 84 87 89 92 95 98 100 103 104 104 105 106 106 107 108 112 116 120 124 128 132 135 136
32 33 35 37 39 42 46 49 52 55 59 62 65 69 72 76 79 83 84 84 84 84 84 84 84 87 90 94 97 100 104 107 105 101 97 92 88 83 79 79 81 82 84 85 87 88 85 81 77 74 70 66 62 62 62 63 64 65 65 66 66 66 66 66 66 66 66 68 71 74 77 80 83 85 88 90 93 95 98 100 103 104 105 106 107 108 109 110 114 118 122 126 131 135 138 139
33 35 37 38 41 45 49 52 56 60 63 67 70 74 78 81 85 89 90 90 90 90 90 90 90 92 94 97 99 101 104 106 103 99 94 90 85 80 76 76 77 78 79 81 82 83 81 78 74 71 68 64 61 61 62 63 64 65 66 67 67 66 66 66 66 66 66 68 71 74 77 80 83 86 88 90 92 95 97 99 101 103 105 106 108 110 111 113 117 121 124 128 132 136 139 140
35 37 38 40 44 48 52 56 60 64 68 72 76 79 83 87 91 94 96 96 96 96 96 96 96 97 98 99 101 102 103 104 101 97 92 87 82 77 72 72 73 74 75 76 77 78 76 74 71 68 66 63 60 61 62 63 64 65 66 67 67 67 67 67 66 66 66 69 72 74 77 80 83 86 88 90 92 94 96 98 100 102 104 107 109 111 114 116 120 123 126 130 133 136 140 140
36 38 40 42 46 50 55 59 64 68 73 77 81 84 88 92 96 100 101 102 102 102 102 102 102 102 102 102 103 103 103 103 99 94 89 84 79 74 69 68 69 70 71 72 73 73 72 70 68 66 64 62 60 60 62 63 64 65 66 68 68 67 67 67 67 67 66 69 72 75 77 80 83 86 88 89 91 93 94 96 98 101 104 107 110 113 116 119 122 125 128 131 134 137 140 140
37 40 42 44 48 53 58 63 68 72 77 82 86 90 94 98 102 106 107 107 108 108 108 108 108 107 106 105 104 104 103 102 98 92 87 82 76 71 66 65 65 66 67 67 68 68 67 66 65 63 62 60 59 60 61 63 64 65 67 68 68 68 68 67 67 67 67 69 72 75 78 80 83 86 88 89 90 92 93 95 96 100 104 107 111 115 119 122 125 128 130 133 136 138 141 141
39 41 44 46 50 56 61 66 71 77 82 87 91 95 99 103 107 111 113 113 113 113 114 114 114 113 111 108 106 104 102 100 96 90 85 79 73 68 62 61 62 62 62 63 63 63 63 62 61 61 60 59 58 59 61 62 64 65 67 68 68 68 68 68 67 67 67 69 72 75 78 81 83 86 87 89 90 91 92 93 95 99 103 108 112 117 121 125 128 130 132 135 137 139 141 141
40 43 46 48 53 58 64 70 75 81 87 92 96 100 104 108 113 117 119 119 119 119 119 120 120 118 115 111 108 105 102 99 94 88 82 76 71 65 59 58 58 58 58 58 58 58 58 58 58 58 58 58 58 59 61 62 64 66 67 69 69 69 68 68 68 67 67 70 72 75 78 81 84 86 87 88 89 90 91 92 93 98 103 108 113 118 123 128 130 132 134 136 138 140 142 141
40 43 46 49 53 59 65 72 78 84 90 95 99 103 107 111 116 120 122 121 121 121 121 121 121 119 115 111 108 104 100 96 91 86 80 75 69 63 58 57 57 57 57 57 57 58 58 58 58 58 58 58 59 60 62 63 65 66 68 69 70 69 69 69 69 69 68 71 73 76 79 81 84 86 87 88 89 90 90 91 92 97 103 108 113 118 124 129 131 133 135 137 140 142 144 143
40 43 46 49 54 60 66 73 79 85 92 97 101 105 109 113 118 122 123 123 122 122 121 121 121 118 114 110 106 102 98 94 89 84 79 73 68 63 58 56 57 57 57 58 58 58 59 59 59 60 60 60 60 62 63 64 66 67 69 70 70 70 70 70 70 70 70 72 75 77 79 82 84 86 87 88 89 89 90 91 91 97 102 107 112 118 123 128 131 133 136 139 141 144 146 145
40 43 46 49 54 61 67 74 81 87 94 99 103 107 111 115 119 124 125 124 123 122 121 121 120 117 113 108 104 100 96 91 87 82 77 72 67 62 57 56 57 57 58 58 59 59 60 60 61 61 61 62 62 63 64 66 67 68 69 71 71 71 71 71 72 72 72 74 76 78 80 82 84 87 87 88 88 89 89 90 91 96 101 106 112 117 122 127 130 134 137 140 143 146 148 147
39 42 46 49 54 61 68 75 82 89 96 101 105 109 113 117 121 125 126 125 124 123 122 120 119 116 111 107 102 98 93 89 84 80 75 71 66 62 57 56 57 58 58 59 60 60 61 61 62 62 63 63 64 65 66 67 68 69 70 71 72 72 72 73 73 73 74 75 77 79 81 83 85 87 87 87 88 88 89 89 90 95 100 106 111 116 122 127 130 134 137 141 144 147 150 148
39 42 45 49 54 62 69 76 84 91 98 104 108 111 115 119 123 127 128 126 125 123 122 120 119 115 110 106 101 96 91 86 82 78 74 69 65 61 57 56 57 58 59 60 60 61 62 62 63 64 64 65 65 66 67 68 69 70 71 72 72 73 73 74 74 75 75 77 79 80 82 83 85 87 87 87 88 88 88 89 89 94 100 105 110 116 121 126 130 134 138 142 146 149 153 150
38 42 45 49 54 62 70 77 85 93 100 106 110 114 117 121 125 129 129 127 126 124 122 120 118 114 109 104 99 94 89 84 80 76 72 68 64 60 56 56 57 58 59 60 61 62 63 64 64 65 66 66 67 68 69 69 70 71 72 72 73 74 74 75 76 76 77 78 80 81 82 84 85 87 87 87 87 88 88 88 88 94 99 104 110 115 120 125 130 134 138 143 147 151 155 152
38 42 45 49 55 63 71 79 87 95 103 108 112 116 119 123 127 131 131 129 126 124 122 120 118 113 108 103 97 92 87 81 77 74 70 67 63 60 56 56 57 58 60 61 62 63 64 65 66 66 67 68 69 69 70 71 71 72 72 73 74 74 75 76 77 78 79 80 81 82 83 84 85 87 87 87 87 87 87 87 88 93 98 104 109 114 120 125 130 134 139 144 148 153 157 154
40 44 48 51 57 65 73 81 88 96 104 109 112 116 119 123 126 129 129 126 124 121 118 116 113 109 104 99 94 89 84 79 76 72 69 66 62 59 56 56 57 58 59 61 62 63 64 65 66 67 67 68 69 70 70 71 72 73 73 74 75 76 77 78 79 79 80 81 82 83 84 85 86 87 87 87 88 88 88 89 89 94 99 104 110 115 120 125 129 134 139 143 148 152 156 153
43 47 51 55 61 68 75 83 90 97 105 109 112 115 118 121 124 127 126 123 120 117 114 110 107 103 99 95 90 86 82 77 74 71 68 64 61 58 55 55 56 58 59 61 62 64 64 65 66 66 67 68 68 69 70 72 73 74 75 76 77 78 78 79 80 81 81 82 83 84 84 85 86 86 87 88 88 89 90 91 91 96 101 106 111 115 120 125 129 133 138 142 146 151 154 152
45 50 54 59 64 71 78 85 92 98 105 110 112 115 117 120 122 125 124 120 116 112 109 105 101 98 94 90 87 83 79 76 72 69 66 63 60 57 54 54 56 57 59 61 62 64 64 65 66 66 67 67 68 69 70 72 73 75 76 78 79 79 80 81 81 82 83 83 84 84 85 85 86 86 87 88 89 90 91 92 93 98 103 107 112 116 121 125 129 133 137 141 145 149 152 150
48 53 57 62 68 74 81 87 93 100 106 110 112 114 116 118 121 123 121 117 112 108 104 100 95 92 89 86 83 80 77 74 71 68 65 62 59 56 53 54 55 57 59 60 62 64 65 65 65 66 66 67 67 69 71 72 74 76 78 80 80 81 81 82 83 83 84 84 85 85 85 86 86 86 88 89 90 92 93 94 96 100 104 108 113 117 121 125 129 132 136 140 143 147 150 148
50 56 61 66 71 77 83 89 95 101 107 110 112 114 115 117 119 120 118 113 109 104 99 94 89 86 84 81 79 77 74 72 69 66 64 61 58 55 52 53 55 57 59 60 62 64 65 65 65 66 66 66 67 68 71 73 75 77 79 81 82 82 83 84 84 85 85 85 85 86 86 86 86 86 88 89 91 93 94 96 98 102 106 110 114 118 121 125 129 132 135 139 142 145 148 147
53 59 64 69 75 80 86 91 97 102 108 111 112 113 114 116 117 118 115 110 105 99 94 89 84 81 79 77 75 74 72 70 68 65 62 60 57 54 52 52 54 56 58 60 62 64 65 65 65 65 66 66 66 68 71 73 76 78 81 83 84 84 85 85 85 86 86 86 86 86 86 86 86 86 88 90 92 94 96 98 100 104 107 111 115 118 122 126 128 131 134 137 140 143 146 145
