pluvio/pluvio-79.asc
ncols         252
nrows         154
xllcorner     -18.017974
yllcorner     13.481982
cellsize      0.035948
NODATA_value  -9999
[rows 51 to 101 of 154, columns 0 to 95 of 252]
65535 65535 65535 65535 65535 65535 65535 65535 65535 65535 65535 65535 65535 65535 65535 65535 65535 65535 65535 65535 65535 65535 65535 65535 65535 65535 65535 65535 65535 65535 65535 65535 65535 65535 65535 6 6 6 6 6 6 6 6 6 6 6 6 6 6 6 6 6 6 6 6 6 6 6 7 7 7 7 7 7 7 7 7 7 8 8 8 8 8 8 8 8 8 9 9 10 10 11 11 11 12 12 13 13 14 14 15 15 16 16 17 17
65535 65535 65535 65535 65535 65535 65535 65535 65535 65535 65535 65535 65535 65535 65535 65535 65535 65535 65535 65535 65535 65535 65535 65535 65535 65535 65535 65535 65535 65535 65535 65535 65535 65535 65535 6 6 6 6 6 6 6 6 6 6 6 6 6 6 6 6 6 6 6 6 6 6 7 7 7 7 7 7 7 7 7 8 8 8 8 8 8 8 8 8 8 8 9 9 10 10 11 11 11 12 12 13 13 14 14 15 15 16 17 17 18
65535 65535 65535 65535 65535 65535 65535 65535 65535 65535 65535 65535 65535 65535 65535 65535 65535 65535 65535 65535 65535 65535 65535 65535 65535 65535 65535 65535 65535 65535 65535 65535 65535 65535 65535 6 6 6 6 6 6 6 6 6 6 6 6 6 6 6 6 6 6 6 6 6 7 7 7 7 7 7 7 7 7 8 8 8 8 8 8 8 8 8 8 8 8 9 9 10 10 11 11 12 12 13 13 14 14 15 15 16 16 17 18 18
65535 65535 65535 65535 65535 65535 65535 65535 65535 65535 65535 65535 65535 65535 65535 65535 65535 65535 65535 65535 65535 65535 65535 65535 65535 65535 65535 65535 65535 65535 65535 65535 65535 65535 65535 6 6 6 6 6 6 6 6 6 6 6 6 6 6 6 6 6 6 6 6 6 7 7 7 7 7 7 8 8 8 8 8 8 8 8 8 8 8 8 8 8 8 8 9 9 10 11 11 12 12 13 13 14 14 15 15 16 17 17 18 19
65535 65535 65535 65535 65535 65535 65535 65535 65535 65535 65535 65535 65535 65535 65535 65535 65535 65535 65535 65535 65535 65535 65535 65535 65535 65535 65535 65535 65535 65535 65535 65535 65535 65535 65535 6 6 6 6 6 6 6 6 6 6 6 6 6 6 6 6 6 6 6 6 7 7 7 7 7 7 8 8 8 8 8 8 8 8 8 8 8 8 8 8 8 8 8 9 9 10 11 11 12 12 13 13 14 15 15 16 16 17 18 18 19
65535 65535 65535 65535 65535 65535 65535 65535 65535 65535 65535 65535 65535 65535 65535 65535 65535 65535 65535 65535 65535 65535 65535 65535 65535 65535 65535 65535 65535 65535 65535 65535 65535 65535 65535 6 6 6 6 6 6 6 6 6 6 6 6 5 5 6 6 6 6 6 6 7 7 7 7 7 8 8 8 8 8 8 8 8 8 8 8 8 8 8 8 8 8 8 9 9 10 11 11 12 12 13 14 14 15 15 16 17 17 18 19 20
65535 65535 65535 65535 65535 65535 65535 65535 65535 65535 65535 65535 65535 65535 65535 65535 65535 65535 65535 65535 65535 65535 65535 65535 65535 65535 65535 65535 65535 65535 65535 65535 65535 65535 65535 6 6 6 6 6 6 6 6 6 6 5 5 5 5 6 6 6 6 6 6 7 7 7 7 7 8 8 8 8 8 8 8 8 8 8 8 8 8 8 8 8 8 8 9 9 10 11 11 12 13 13 14 14 15 16 16 17 18 18 19 20
65535 65535 65535 65535 65535 65535 65535 65535 65535 65535 65535 65535 65535 65535 65535 65535 65535 65535 65535 65535 65535 65535 65535 65535 65535 65535 65535 65535 65535 65535 65535 65535 65535 65535 65535 6 6 6 6 6 6 6 6 6 5 5 5 5 5 5 6 6 6 6 7 7 7 7 7 8 8 8 8 8 8 8 8 8 8 8 8 8 8 8 8 8 8 8 9 9 10 11 11 12 13 13 14 15 15 16 17 17 18 19 20 20
65535 65535 65535 65535 65535 65535 65535 65535 65535 65535 65535 65535 65535 65535 65535 65535 65535 65535 65535 65535 65535 65535 65535 65535 65535 65535 65535 65535 65535 65535 65535 65535 65535 65535 65535 6 6 6 6 6 6 6 6 5 5 5 5 5 5 5 6 6 6 6 7 7 7 7 7 8 8 8 8 9 8 8 8 8 8 8 8 8 8 8 8 8 8 8 9 9 10 11 11 12 13 13 14 15 16 16 17 18 18 19 20 21
65535 65535 65535 65535 65535 65535 65535 65535 65535 65535 65535 65535 65535 65535 65535 65535 65535 65535 65535 65535 65535 65535 65535 65535 65535 65535 65535 65535 65535 65535 65535 65535 65535 65535 65535 6 6 6 6 6 6 6 6 5 5 5 5 5 5 5 6 6 6 6 7 7 7 7 8 8 8 8 9 9 9 9 8 8 8 8 8 8 8 8 8 8 7 8 9 9 10 11 11 12 13 14 14 15 16 16 17 18 19 20 20 21
65535 65535 65535 65535 65535 65535 65535 65535 65535 65535 65535 65535 65535 65535 65535 65535 65535 65535 65535 65535 65535 65535 65535 65535 65535 65535 65535 65535 65535 65535 65535 65535 65535 65535 65535 6 6 6 6 6 6 6 5 5 5 5 5 5 5 5 6 6 6 6 7 7 7 7 8 8 8 9 9 9 9 9 9 8 8 8 8 8 8 8 8 7 7 8 8 9 10 11 11 12 13 14 14 15 16 17 17 18 19 20 21 22
65535 65535 65535 65535 65535 65535 65535 65535 65535 65535 65535 65535 65535 65535 65535 65535 65535 65535 65535 65535 65535 65535 65535 65535 65535 65535 65535 65535 65535 65535 65535 65535 65535 65535 65535 6 6 6 6 6 6 6 5 5 5 5 5 5 5 5 6 6 6 6 7 7 7 8 8 8 8 9 9 9 9 9 9 8 8 8 8 8 8 8 8 7 7 8 8 9 10 11 12 12 13 14 15 15 16 17 18 19 19 20 21 22
65535 65535 65535 65535 65535 65535 65535 65535 65535 65535 65535 65535 65535 65535 65535 65535 65535 65535 65535 65535 65535 23 23 23 23 23 23 23 23 23 23 23 23 23 23 23 22 21 19 18 17 15 14 13 12 10 9 8 6 6 6 6 7 7 7 7 8 8 8 8 9 9 9 9 9 9 9 9 9 8 8 8 8 8 8 7 7 8 8 9 10 11 12 12 13 14 15 16 16 17 18 19 20 21 22 22
65535 65535 65535 65535 65535 65535 65535 65535 65535 65535 65535 65535 65535 65535 65535 65535 65535 65535 65535 65535 65535 23 23 23 23 23 23 23 23 23 23 23 23 23 23 23 22 21 20 18 17 16 15 13 12 11 10 8 7 6 7 7 7 7 8 8 8 8 9 9 9 9 10 10 10 9 9 9 9 9 8 8 8 8 8 8 7 8 8 9 10 11 12 12 13 14 15 16 17 17 18 19 20 21 22 23
65535 65535 65535 65535 65535 65535 65535 65535 65535 65535 65535 65535 65535 65535 65535 65535 65535 65535 65535 65535 65535 23 23 23 23 23 23 23 23 23 23 23 23 23 23 23 22 21 20 19 17 16 15 14 13 11 10 9 8 7 7 8 8 8 8 9 9 9 9 9 10 10 10 10 10 10 10 9 9 9 9 9 8 8 8 8 7 8 9 9 10 11 12 13 13 14 15 16 17 17 18 19 20 21 22 23
65535 65535 65535 65535 65535 65535 65535 65535 65535 65535 65535 65535 65535 65535 65535 65535 65535 65535 65535 65535 65535 23 23 23 23 23 23 23 23 23 23 23 23 23 23 23 22 21 20 19 18 17 15 14 13 12 11 10 9 8 8 8 9 9 9 9 9 10 10 10 10 10 11 11 10 10 10 10 9 9 9 9 9 8 8 8 8 8 9 9 10 11 12 13 14 14 15 16 17 18 18 19 20 21 23 24
65535 65535 65535 65535 65535 65535 65535 65535 65535 65535 65535 65535 65535 65535 65535 65535 65535 65535 65535 65535 65535 23 23 23 23 23 23 23 23 23 23 23 23 23 23 23 22 21 20 19 18 17 16 15 14 13 12 10 9 9 9 9 9 9 10 10 10 10 10 11 11 11 11 11 11 11 10 10 10 10 9 9 9 8 8 8 8 8 9 10 10 11 12 13 14 14 15 16 17 18 18 19 21 22 23 24
65535 65535 65535 65535 65535 65535 65535 65535 65535 65535 65535 65535 65535 65535 65535 65535 65535 65535 65535 65535 65535 23 23 23 23 23 23 23 23 23 23 23 23 23 23 23 22 21 20 19 18 17 16 15 14 13 12 11 10 10 10 10 10 10 10 10 11 11 11 11 11 11 12 11 11 11 11 10 10 10 10 9 9 9 8 8 8 8 9 10 11 11 12 13 14 15 15 16 17 18 19 20 21 22 23 24
65535 65535 65535 65535 65535 65535 65535 65535 65535 65535 65535 65535 65535 65535 65535 65535 65535 65535 65535 65535 65535 23 23 23 23 23 23 23 23 23 23 23 23 23 23 23 22 21 20 19 19 18 17 16 15 14 13 12 11 10 10 11 11 11 11 11 11 11 11 12 12 12 12 12 12 11 11 11 10 10 10 9 9 9 9 8 8 8 9 10 11 11 12 13 14 15 15 16 17 18 19 20 21 22 24 25
65535 65535 65535 65535 65535 65535 65535 65535 65535 65535 65535 65535 65535 65535 65535 65535 65535 65535 65535 65535 65535 23 23 23 23 23 23 23 23 23 23 23 23 23 23 23 22 21 21 20 19 18 17 16 15 14 13 13 12 11 11 11 11 11 12 12 12 12 12 12 12 12 12 12 12 12 11 11 11 10 10 10 9 9 9 8 8 8 9 10 11 12 12 13 14 15 16 16 17 18 19 20 21 23 24 25
65535 65535 65535 65535 65535 65535 65535 65535 65535 65535 65535 65535 65535 65535 65535 65535 65535 65535 65535 65535 65535 23 23 23 23 23 23 23 23 23 23 23 23 23 23 23 22 22 21 20 19 18 17 17 16 15 14 13 12 12 12 12 12 12 12 12 12 12 13 13 13 13 13 13 12 12 12 11 11 11 10 10 10 9 9 9 8 8 9 10 11 12 12 13 14 15 16 16 17 18 19 20 21 23 24 26
65535 65535 65535 65535 65535 65535 65535 65535 65535 65535 65535 65535 65535 65535 65535 65535 65535 65535 65535 65535 65535 23 23 23 23 23 23 23 23 23 23 23 23 23 23 23 23 22 21 20 19 19 18 17 16 15 15 14 13 13 13 13 13 13 13 13 13 13 13 13 13 13 13 13 13 12 12 12 11 11 11 10 10 9 9 9 8 9 9 10 11 12 13 13 14 15 16 17 17 18 19 20 22 23 25 26
65535 65535 65535 65535 65535 65535 65535 65535 65535 65535 65535 65535 65535 65535 65535 65535 65535 65535 65535 65535 65535 23 23 23 23 23 23 23 23 23 23 23 23 23 23 23 23 22 21 20 20 19 18 17 17 16 15 15 14 13 13 13 13 13 14 14 14 14 14 14 14 14 14 14 13 13 12 12 12 11 11 10 10 10 9 9 8 9 9 10 11 12 13 13 14 15 16 17 18 18 19 20 22 23 25 26
65535 65535 65535 65535 65535 65535 65535 65535 65535 65535 65535 65535 65535 65535 65535 65535 65535 65535 65535 65535 65535 23 23 23 23 23 23 23 23 23 23 23 23 23 23 23 23 22 21 21 20 19 19 18 17 17 16 15 15 14 14 14 14 14 14 14 14 14 14 14 14 14 14 14 14 13 13 12 12 12 11 11 10 10 9 9 9 9 10 10 11 12 13 14 14 15 16 17 18 18 19 21 22 24 25 27
65535 65535 65535 65535 65535 65535 65535 65535 65535 65535 65535 65535 65535 65535 65535 65535 65535 65535 65535 65535 65535 23 23 23 23 23 23 23 23 23 23 23 23 23 23 23 23 22 21 21 20 20 19 18 18 17 17 16 15 15 15 15 15 15 15 15 15 15 15 15 15 15 15 14 14 14 13 13 12 12 11 11 10 10 10 9 9 9 10 10 11 12 13 14 15 15 16 17 18 19 19 21 22 24 26 27
65535 65535 65535 65535 65535 65535 65535 65535 65535 65535 65535 65535 65535 65535 65535 65535 65535 65535 65535 65535 65535 23 23 23 23 23 23 23 23 23 23 23 23 23 23 23 23 22 22 21 21 20 19 19 18 18 17 17 16 16 16 16 16 16 15 15 15 15 15 15 15 15 15 15 14 14 14 13 13 12 12 11 11 10 10 9 9 9 10 11 11 12 13 14 15 15 16 17 18 19 19 21 22 24 26 28
65535 65535 65535 65535 65535 65535 65535 65535 65535 65535 65535 65535 65535 65535 65535 65535 65535 65535 65535 65535 65535 23 23 23 23 23 23 23 23 23 23 23 23 23 23 23 23 22 22 21 21 20 20 19 18 18 17 17 16 16 16 16 16 16 16 16 16 16 16 15 15 15 15 15 15 14 14 13 13 12 12 11 11 10 10 9 9 9 10 11 12 12 13 14 15 16 16 17 18 19 20 21 23 25 26 28
65535 65535 65535 65535 65535 65535 65535 65535 65535 65535 65535 65535 65535 65535 65535 65535 65535 65535 65535 65535 65535 23 23 23 23 23 23 23 23 23 23 23 23 23 23 23 22 22 21 21 20 20 19 19 18 18 17 17 16 16 16 16 16 16 16 16 16 15 15 15 15 15 15 15 14 14 14 13 13 12 12 11 11 10 10 9 9 9 10 11 12 13 13 14 15 16 17 17 18 19 20 21 23 25 27 29
65535 65535 65535 65535 65535 65535 65535 65535 65535 65535 65535 65535 65535 65535 65535 65535 65535 65535 65535 65535 65535 23 23 23 23 23 23 23 23 23 23 23 23 22 22 22 22 21 21 20 20 20 19 19 18 18 17 17 16 16 16 16 16 16 16 16 15 15 15 15 15 15 15 15 14 14 13 13 13 12 12 11 11 10 10 10 9 9 10 11 12 13 14 14 15 16 17 18 19 19 20 22 24 26 28 30
65535 65535 65535 65535 65535 65535 65535 65535 65535 65535 65535 65535 65535 65535 65535 65535 65535 65535 65535 65535 65535 23 23 23 23 23 23 23 23 23 22 22 22 22 22 22 21 21 21 20 20 19 19 18 18 18 17 17 16 16 16 16 16 16 16 15 15 15 15 15 15 15 15 15 14 14 13 13 13 12 12 11 11 10 10 10 9 9 10 11 12 13 14 15 15 16 17 18 19 20 21 22 24 26 28 31
65535 65535 65535 65535 65535 65535 65535 65535 65535 65535 65535 65535 65535 65535 65535 65535 65535 65535 65535 65535 65535 23 23 23 23 23 23 23 22 22 22 22 22 22 22 21 21 21 20 20 19 19 19 18 18 17 17 17 16 16 16 16 16 16 16 15 15 15 15 15 15 15 15 15 14 14 13 13 13 12 12 11 11 11 10 10 9 10 10 11 12 13 14 15 16 17 17 18 19 20 21 23 25 27 29 31
65535 65535 65535 65535 65535 65535 65535 65535 65535 65535 65535 65535 65535 65535 65535 65535 65535 65535 65535 65535 65535 23 23 23 23 23 23 22 22 22 22 22 21 21 21 21 21 20 20 19 19 19 18 18 18 17 17 17 16 16 16 16 16 16 15 15 15 15 15 15 15 15 15 14 14 14 13 13 12 12 12 11 11 11 10 10 9 10 11 11 12 13 14 15 16 17 18 19 19 20 21 23 25 28 30 32
65535 65535 65535 65535 65535 65535 65535 65535 65535 65535 65535 65535 65535 65535 65535 65535 65535 65535 65535 65535 65535 23 23 23 23 23 22 22 22 22 22 21 21 21 21 20 20 20 19 19 19 18 18 18 18 17 17 17 16 16 16 16 16 16 15 15 15 15 15 15 15 15 14 14 14 14 13 13 12 12 12 11 11 11 10 10 10 10 11 12 12 13 14 15 16 17 18 19 20 21 21 23 26 28 31 33
65535 65535 65535 65535 65535 65535 65535 65535 65535 65535 65535 65535 65535 65535 65535 65535 65535 65535 65535 65535 65535 23 23 23 23 22 22 22 22 21 21 21 21 20 20 20 20 19 19 19 19 18 18 18 17 17 17 17 16 16 16 16 16 15 15 15 15 15 15 15 15 14 14 14 14 13 13 13 12 12 12 11 11 11 10 10 10 10 11 12 13 14 14 15 16 17 18 19 20 21 22 24 26 29 31 34
65535 65535 65535 65535 65535 65535 65535 65535 65535 65535 65535 65535 65535 65535 65535 65535 65535 65535 65535 65535 65535 23 23 23 23 22 22 22 21 21 21 21 20 20 20 19 19 19 19 18 18 18 18 17 17 17 17 16 16 16 16 16 16 15 15 15 15 15 15 15 14 14 14 14 14 13 13 13 12 12 12 11 11 11 10 10 10 10 11 12 13 14 15 16 17 17 18 19 20 21 22 24 27 29 32 35
65535 65535 65535 65535 65535 65535 65535 65535 65535 65535 65535 65535 65535 65535 65535 65535 65535 65535 65535 65535 65535 23 23 23 22 22 22 22 21 21 21 20 20 20 19 19 19 19 18 18 18 18 17 17 17 17 17 16 16 16 16 16 16 15 15 15 15 15 15 14 14 14 14 14 14 13 13 13 12 12 12 11 11 11 10 10 10 10 11 12 13 14 15 16 17 18 19 20 21 21 22 24 27 30 33 35
65535 65535 65535 65535 65535 65535 65535 65535 65535 65535 65535 65535 65535 65535 65535 65535 65535 65535 65535 65535 65535 23 23 23 22 22 22 21 21 21 20 20 20 19 19 19 18 18 18 18 18 17 17 17 17 17 17 16 16 16 16 16 15 15 15 15 15 15 15 14 14 14 14 14 13 13 13 13 12 12 12 11 11 11 10 10 10 10 11 12 13 14 15 16 17 18 19 20 21 22 23 25 28 30 33 36
65535 65535 65535 65535 65535 65535 65535 65535 65535 65535 65535 65535 65535 65535 65535 65535 65535 65535 65535 65535 65535 23 23 23 22 22 22 21 21 20 20 20 19 19 18 18 18 18 18 17 17 17 17 17 17 17 16 16 16 16 16 16 15 15 15 15 15 15 14 14 14 14 14 14 13 13 13 12 12 12 12 11 11 11 11 10 10 10 11 12 13 14 15 16 17 18 19 20 21 22 23 25 28 31 34 37
65535 65535 65535 65535 65535 65535 65535 65535 65535 65535 65535 65535 65535 65535 65535 65535 65535 65535 65535 65535 65535 23 23 23 22 22 21 21 21 20 20 19 19 18 18 18 18 17 17 17 17 17 17 17 17 16 16 16 16 16 16 16 15 15 15 15 15 15 14 14 14 14 14 13 13 13 13 12 12 12 12 11 11 11 11 10 10 10 11 12 13 14 15 16 17 18 19 20 21 22 23 26 29 32 35 38
65535 65535 65535 65535 65535 65535 65535 65535 65535 65535 65535 65535 65535 65535 65535 65535 65535 65535 65535 65535 65535 23 23 23 22 22 21 21 20 20 19 19 18 18 18 17 17 17 17 17 17 17 17 16 16 16 16 16 16 16 16 16 15 15 15 15 15 14 14 14 14 14 13 13 13 13 13 12 12 12 12 11 11 11 11 10 10 11 12 13 14 15 16 17 18 19 20 21 22 23 24 26 29 32 35 39
65535 65535 65535 65535 65535 65535 65535 24 24 24 24 24 24 24 24 24 24 24 24 24 24 24 24 23 23 22 22 21 21 20 19 19 18 18 17 17 17 17 17 17 17 17 17 17 17 17 17 16 16 16 16 16 16 16 15 15 15 15 15 15 14 14 14 14 14 13 13 13 13 12 12 12 11 11 11 11 10 11 12 13 14 15 16 17 18 19 20 21 22 23 24 26 29 32 36 39
65535 65535 65535 65535 65535 65535 65535 24 24 24 24 24 24 24 24 24 24 24 24 24 24 24 24 23 23 22 22 21 21 20 19 19 18 18 17 17 17 17 17 17 17 17 17 17 17 17 17 17 17 17 17 17 17 16 16 16 16 16 16 16 16 15 15 15 15 14 14 14 13 13 13 12 12 12 11 11 11 11 12 13 14 15 16 17 18 19 20 21 21 22 23 26 29 32 35 38
65535 65535 65535 65535 65535 65535 65535 24 24 24 24 24 24 24 24 24 24 24 24 24 24 24 24 23 23 22 22 21 20 20 19 19 18 18 17 17 17 17 17 17 17 17 17 17 17 17 18 18 18 18 18 18 17 17 17 17 17 17 17 17 17 17 16 16 16 15 15 15 14 14 13 13 13 12 12 11 11 11 12 13 14 15 16 17 18 19 19 20 21 22 23 25 28 32 35 38
65535 65535 65535 65535 65535 65535 65535 24 24 24 24 24 24 24 24 24 24 24 24 24 24 24 24 23 23 22 22 21 20 20 19 19 18 18 17 17 17 17 17 17 17 17 18 18 18 18 18 18 18 18 18 18 18 18 18 18 18 18 18 18 18 18 18 17 17 16 16 16 15 15 14 14 13 13 12 12 11 11 12 13 14 15 16 17 18 18 19 20 21 22 23 25 28 31 34 37
65535 65535 65535 65535 65535 65535 65535 24 24 24 24 24 24 24 24 24 24 24 24 24 24 24 24 23 23 22 21 21 20 20 19 19 18 18 17 17 17 17 17 17 17 18 18 18 18 18 19 19 19 19 19 19 19 19 19 19 19 19 19 19 19 19 19 19 18 17 17 16 16 15 15 14 14 13 13 12 12 12 13 13 14 15 16 17 18 18 19 20 21 22 23 25 28 31 34 37
65535 65535 65535 65535 65535 65535 65535 24 24 24 24 24 24 24 24 24 24 24 24 24 24 24 24 23 23 22 21 21 20 20 19 19 18 17 17 16 17 17 17 17 18 18 18 18 19 19 19 19 20 20 20 20 20 20 20 20 20 20 20 20 20 20 20 20 19 19 18 17 17 16 15 15 14 14 13 12 12 12 13 14 14 15 16 17 18 18 19 20 21 22 22 24 27 30 33 36
65535 65535 65535 65535 65535 65535 65535 24 24 24 24 24 24 24 24 24 24 24 24 24 24 24 24 23 23 22 21 21 20 20 19 18 18 17 17 16 17 17 17 18 18 18 18 19 19 19 20 20 20 20 21 21 21 21 21 21 21 21 21 21 21 21 21 21 20 20 19 18 18 17 16 15 15 14 13 13 12 12 13 14 14 15 16 17 18 18 19 20 21 21 22 24 27 30 33 36
65535 65535 65535 65535 65535 65535 65535 24 24 24 24 24 24 24 24 24 24 24 24 24 24 24 24 23 23 22 21 21 20 20 19 18 18 17 17 16 17 17 17 18 18 18 19 19 19 20 20 21 21 21 21 21 21 22 22 22 22 22 22 22 22 22 22 22 21 21 20 19 18 18 17 16 15 15 14 13 12 12 13 14 15 15 16 17 17 18 19 20 20 21 22 24 27 30 33 36
65535 65535 65535 65535 65535 65535 65535 24 24 24 24 24 24 24 24 24 24 24 24 24 24 24 24 23 22 22 21 21 20 20 19 18 18 17 17 16 17 17 17 18 18 19 19 19 20 20 21 21 22 22 22 22 22 22 22 23 23 23 23 23 23 23 23 23 22 22 21 20 19 18 18 17 16 15 14 13 13 13 13 14 15 15 16 17 17 18 19 20 20 21 22 24 26 29 32 35
65535 65535 65535 65535 65535 65535 65535 24 24 24 24 24 24 24 24 24 24 24 24 24 24 24 24 23 22 22 21 21 20 19 19 18 18 17 16 16 17 17 17 18 18 19 19 20 20 21 21 22 22 23 23 23 23 23 23 24 24 24 24 24 24 25 25 24 24 23 22 21 20 19 18 17 16 16 15 14 13 13 13 14 15 15 16 17 17 18 19 19 20 21 21 23 26 29 32 35
65535 65535 65535 65535 65535 65535 65535 24 24 24 24 24 24 24 24 24 24 24 24 24 24 24 24 23 22 22 21 21 20 19 19 18 18 17 16 16 17 17 18 18 19 19 20 20 21 21 22 22 23 23 23 24 24 24 24 24 25 25 25 25 25 26 26 26 25 24 23 22 21 20 19 18 17 16 15 14 13 13 14 14 15 16 16 17 17 18 19 19 20 21 21 23 26 29 31 34
