pluvio/pluvio-271.asc
ncols         252
nrows         154
xllcorner     -0.5
yllcorner     -153.5
cellsize      1
NODATA_value  -9999
[rows 51 to 101 of 154, columns 96 to 191 of 252]
21 20 20 19 18 18 18 19 20 20 21 21 22 23 25 26 27 29 30 31 32 32 32 33 33 34 34 33 32 32 31 30 30 29 29 29 29 29 29 30 30 30 31 32 32 33 34 34 34 35 35 35 35 36 36 37 38 40 41 42 43 43 43 43 42 42 42 42 42 42 42 43 43 44 44 43 42 41 39 38 37 35 34 32 30 28 26 24 22 23 25 27 29 31 33 35
21 20 20 19 19 18 19 19 20 21 21 22 22 23 24 25 26 27 27 28 29 30 31 32 33 34 34 34 33 32 32 31 30 30 30 30 30 30 30 29 30 30 30 31 31 32 32 33 33 33 33 34 34 34 35 37 38 40 41 43 45 45 44 44 43 42 42 41 41 42 43 44 44 45 46 45 44 43 41 40 38 37 35 33 31 29 27 25 22 23 26 28 30 33 35 37
22 21 21 20 20 19 20 20 21 21 21 22 22 23 24 25 26 27 27 28 29 30 31 32 33 34 35 35 34 34 34 33 33 33 32 32 31 31 30 30 30 30 31 31 31 32 32 32 33 33 33 33 34 34 35 36 38 40 41 43 44 45 44 43 43 42 42 41 41 42 43 44 45 46 46 47 46 46 45 45 45 44 43 41 39 37 34 32 30 31 34 37 39 42 45 47
23 22 22 21 21 20 20 21 21 21 22 22 22 23 24 25 26 27 28 29 30 31 32 33 34 35 36 36 36 36 36 36 36 36 35 34 33 32 32 31 30 31 31 31 32 32 32 33 33 33 33 34 34 34 35 36 38 39 41 42 44 44 43 43 42 42 41 41 41 42 43 44 45 46 47 48 48 49 50 51 52 53 52 50 47 45 43 41 39 41 44 47 50 53 56 58
23 23 22 22 22 21 21 22 22 22 22 22 22 23 24 25 26 27 28 29 30 31 32 34 35 36 37 37 38 38 38 39 39 39 38 36 35 34 33 32 31 31 31 32 32 32 33 33 33 33 34 34 34 34 35 36 38 39 40 41 43 43 43 42 42 41 41 41 41 42 43 44 45 46 47 49 51 53 55 57 59 61 60 58 56 54 52 50 49 50 54 57 60 63 67 70
24 24 23 23 23 22 22 22 22 22 22 22 22 23 24 25 26 27 28 29 31 32 33 34 35 37 38 38 39 40 41 41 42 42 40 39 37 35 34 32 31 32 32 32 32 32 33 33 33 33 34 34 34 34 35 36 37 38 40 41 42 42 42 42 41 41 41 40 41 42 43 44 45 46 48 50 53 56 59 63 66 69 69 67 65 63 61 60 58 60 63 67 70 74 78 81
25 25 24 24 24 23 23 23 23 23 22 22 22 23 24 25 27 28 29 30 31 32 34 35 36 37 39 40 41 42 43 44 45 45 43 41 39 37 35 33 32 32 32 32 33 33 33 33 33 34 34 34 34 35 35 36 37 38 39 40 41 41 41 41 41 41 41 40 41 42 43 44 46 47 48 51 55 60 64 69 73 77 78 76 74 72 70 69 67 69 73 77 81 85 89 92
26 25 25 25 25 24 24 24 23 23 23 22 22 23 24 26 27 28 29 30 31 33 34 35 37 38 39 41 42 44 45 47 48 48 46 43 41 39 36 34 32 32 33 33 33 33 33 33 33 34 34 34 34 35 35 36 37 38 39 39 40 41 41 41 40 40 40 40 41 42 43 45 46 47 48 52 58 63 69 74 80 86 86 85 83 81 79 78 76 78 83 87 91 95 100 104
26 26 26 26 26 25 25 24 24 23 23 22 22 23 25 26 27 28 29 31 32 33 35 36 37 39 40 42 44 46 47 49 51 51 48 46 43 40 37 35 33 33 33 33 33 33 33 33 34 34 34 34 35 35 35 36 37 37 38 39 40 40 40 40 40 40 40 40 41 42 43 45 46 47 49 53 60 67 74 80 87 94 95 93 92 90 88 87 85 88 92 97 101 106 111 115
27 27 27 27 27 27 26 25 25 24 24 23 23 24 25 26 27 28 30 31 32 33 35 36 37 39 40 42 44 45 47 48 50 50 48 46 44 42 40 38 36 36 36 36 35 35 35 35 35 36 36 36 36 36 37 37 38 39 39 40 41 41 41 41 42 42 42 42 43 44 45 46 47 48 49 53 60 67 73 80 86 93 95 94 93 93 92 92 91 94 98 103 107 112 116 121
28 28 28 28 28 28 27 27 26 25 25 24 24 25 26 27 28 29 30 31 32 33 35 36 37 39 40 41 43 44 46 47 49 49 48 46 45 44 42 41 40 40 39 39 38 38 37 37 37 37 38 38 38 38 38 39 40 40 41 41 42 42 43 43 44 44 44 45 45 46 47 47 48 48 49 53 59 66 72 78 85 91 93 94 94 95 95 96 96 99 104 108 113 117 121 126
28 29 29 29 29 29 28 28 27 26 25 25 24 25 26 27 28 29 30 31 32 33 35 36 37 39 40 41 42 44 45 46 47 48 47 47 46 46 45 44 44 43 42 42 41 40 39 39 39 39 39 40 40 40 40 41 41 42 42 43 43 44 44 45 46 46 47 47 48 48 48 48 49 49 49 53 59 65 71 77 83 89 92 94 95 97 98 100 101 105 109 114 118 122 127 131
29 29 30 30 30 30 29 29 28 27 26 25 25 26 27 28 28 29 30 31 32 34 35 36 37 38 40 41 42 43 44 45 46 47 47 47 47 47 48 48 47 46 45 44 43 43 42 41 41 41 41 41 41 42 42 42 43 43 44 44 45 45 46 47 48 48 49 50 50 50 50 50 50 50 50 53 59 64 70 76 81 87 91 93 96 99 101 104 107 110 115 119 123 127 132 136
30 30 30 31 31 31 31 30 29 28 27 26 26 26 27 28 29 30 30 31 32 34 35 36 37 38 39 40 41 42 43 44 45 46 46 47 48 49 50 51 51 50 49 47 46 45 44 43 43 43 43 43 43 43 44 44 44 45 45 46 46 47 48 49 50 50 51 52 52 52 52 51 51 50 50 53 58 64 69 74 80 85 89 93 97 100 104 108 112 116 120 124 128 133 137 141
30 31 31 32 32 33 32 31 30 29 28 27 26 27 28 28 29 30 31 31 32 34 35 36 37 38 39 40 41 41 42 43 43 44 46 48 49 51 53 54 55 53 52 50 49 47 46 45 45 45 45 45 45 45 45 46 46 46 47 47 47 48 49 50 51 53 54 55 55 54 53 52 52 51 50 53 58 63 68 73 78 83 88 93 97 102 107 112 117 121 125 130 134 138 142 146
31 32 32 33 33 34 33 32 31 30 29 28 27 28 28 29 30 30 31 31 33 34 35 36 37 38 39 40 40 41 41 41 42 43 46 48 50 53 55 58 59 57 55 53 52 50 48 47 47 47 47 47 47 47 47 47 48 48 48 49 49 50 51 52 53 55 56 57 57 56 55 54 52 51 50 53 57 62 67 71 76 81 86 92 98 104 110 116 122 127 131 135 139 143 147 151
32 33 33 34 34 35 34 33 32 31 30 30 29 30 30 31 31 32 32 33 34 35 36 37 38 39 40 40 41 41 42 42 43 44 47 51 54 57 60 63 64 62 60 58 56 54 52 50 50 50 50 50 50 49 49 50 50 50 50 51 51 52 53 54 55 56 57 59 58 57 56 55 54 53 52 55 60 65 71 76 81 87 92 97 102 107 112 117 122 126 129 133 136 140 143 147
34 34 34 35 35 35 35 34 33 33 32 32 31 32 32 33 33 34 34 35 35 36 37 38 38 39 40 41 41 42 43 43 44 46 50 53 57 61 65 69 70 68 65 63 60 58 55 54 53 53 53 53 52 52 52 52 52 53 53 53 53 54 55 56 57 58 59 60 60 59 58 57 56 55 54 57 63 69 75 81 87 94 98 102 106 110 114 118 121 125 127 130 133 136 139 142
35 35 35 36 36 36 36 35 35 34 34 33 33 34 34 34 35 35 36 36 37 37 38 39 39 40 40 41 42 43 44 44 45 47 52 56 61 65 70 74 76 73 70 67 65 62 59 57 57 56 56 56 55 55 55 55 55 55 55 55 55 56 57 58 59 59 60 61 61 60 59 58 57 56 56 59 66 73 80 87 93 100 104 107 110 113 115 118 121 123 125 128 130 132 134 137
36 36 36 37 37 37 37 36 36 36 36 35 35 36 36 36 37 37 37 38 38 39 39 39 40 40 41 42 43 44 44 45 46 49 54 59 64 69 75 80 82 79 75 72 69 66 63 61 60 60 59 59 58 58 58 58 58 58 58 58 58 58 59 59 60 61 62 62 62 61 61 60 59 58 57 62 69 77 84 92 99 107 111 112 114 115 117 119 120 122 124 125 127 128 130 131
38 38 38 38 38 38 38 38 37 37 37 37 37 38 38 38 39 39 39 39 40 40 40 40 41 41 41 42 43 44 45 46 47 50 56 62 68 74 79 85 88 84 80 77 73 70 66 64 63 63 62 62 61 61 60 60 60 60 60 60 60 60 61 61 62 62 63 64 64 63 62 61 61 60 59 64 72 80 89 97 105 114 117 117 118 118 119 119 120 121 122 123 124 124 125 126
39 39 39 39 38 38 38 39 39 39 39 39 39 40 40 40 40 41 41 41 41 41 41 41 41 41 42 43 44 45 46 47 49 52 58 65 71 78 84 91 93 89 86 82 78 74 70 67 67 66 65 65 64 63 63 63 63 62 62 62 62 62 63 63 64 64 65 65 65 64 64 63 62 62 61 66 75 84 93 102 111 120 123 122 122 121 120 120 119 119 120 120 120 121 121 121
40 40 40 39 39 39 39 40 40 40 41 41 41 42 42 42 42 42 43 43 43 42 42 42 42 42 42 43 45 46 47 48 50 53 60 67 75 82 89 96 99 95 91 86 82 78 74 71 70 69 68 68 67 66 66 65 65 65 65 64 64 64 65 65 65 66 66 66 66 66 65 64 64 63 63 69 78 88 98 107 117 127 129 127 126 124 122 120 119 118 118 117 117 117 117 116
41 41 41 41 41 41 41 41 42 42 43 43 44 44 44 45 45 46 46 47 47 47 46 46 46 46 46 47 48 49 50 50 51 54 61 68 74 81 88 95 98 94 90 87 83 80 76 73 72 72 71 70 69 68 67 67 67 67 66 66 66 66 66 67 67 67 67 68 68 67 67 66 66 66 65 70 79 88 97 105 114 123 126 126 126 126 127 127 127 126 124 122 120 119 117 115
41 42 42 42 42 42 43 43 44 44 45 45 46 46 47 48 49 49 50 51 51 51 51 51 51 51 51 51 51 52 52 52 52 55 61 68 74 80 87 93 96 93 90 87 84 81 78 76 75 74 73 72 70 69 69 69 68 68 68 68 68 68 68 68 69 69 69 69 69 69 68 68 68 68 67 72 80 87 95 103 111 118 122 125 127 129 131 133 136 134 131 127 124 121 118 114
42 42 43 43 43 44 44 45 45 46 47 47 48 49 50 51 52 53 54 55 55 55 55 55 55 55 55 55 55 55 54 54 54 56 62 68 74 80 86 92 94 92 90 87 85 83 80 78 77 76 75 73 72 71 70 70 70 70 70 70 70 70 70 70 70 70 70 70 70 70 70 70 70 70 70 74 81 87 94 101 107 114 119 123 127 132 136 140 144 142 137 132 128 123 118 113
43 43 44 44 45 45 46 47 47 48 48 49 50 51 52 54 55 56 57 58 59 59 59 59 60 60 60 59 58 57 57 56 55 57 62 68 73 79 84 90 93 91 89 88 86 84 82 81 80 78 77 75 74 73 72 72 72 72 72 72 72 72 72 72 72 72 72 72 72 72 72 72 72 72 72 76 81 87 93 98 104 109 115 122 128 134 140 147 153 150 144 138 131 125 119 112
43 44 45 46 46 47 48 48 49 50 50 51 52 53 55 57 58 60 61 62 63 63 63 64 64 64 64 63 62 60 59 58 57 57 63 68 73 78 83 88 91 90 89 88 87 86 85 83 82 80 79 77 76 74 73 73 74 74 74 74 74 74 74 73 73 73 73 73 73 74 74 74 74 74 75 77 82 87 91 96 100 105 112 120 128 137 145 153 161 158 150 143 135 127 119 111
44 45 46 47 48 49 49 50 51 52 52 53 54 56 58 59 61 63 65 66 67 67 68 68 68 69 68 67 65 63 61 60 58 58 63 68 72 77 82 86 89 89 88 88 88 87 87 86 84 83 81 79 78 76 75 75 75 75 75 75 76 75 75 75 75 75 75 75 75 75 75 76 76 77 77 79 83 86 90 93 97 101 108 119 129 139 149 160 170 166 157 148 138 129 120 110
45 46 47 48 49 50 51 52 53 53 54 55 56 58 60 62 64 67 69 70 71 71 72 72 73 73 73 71 68 66 64 62 59 59 64 68 72 76 81 85 88 88 88 88 88 89 89 88 86 85 83 81 79 78 77 77 77 77 77 77 77 77 77 77 77 76 76 76 76 77 77 78 78 79 79 81 84 86 89 91 94 96 105 117 129 142 154 166 178 174 163 153 142 131 120 109
46 47 48 50 51 52 53 54 54 55 56 57 58 60 63 65 68 70 72 74 74 74 75 75 75 75 75 73 71 69 67 65 64 64 68 72 76 79 83 87 90 90 90 90 90 90 89 89 87 86 85 83 82 80 79 80 80 80 80 80 81 81 80 80 80 80 79 79 80 81 82 84 85 86 88 90 92 95 97 99 102 104 111 121 131 140 150 160 169 166 157 148 139 130 121 113
47 49 50 51 52 54 54 55 56 57 58 59 60 63 65 68 71 73 76 78 78 78 78 77 77 77 77 75 74 72 71 69 68 68 72 75 79 83 86 90 92 92 91 91 91 90 90 89 88 87 86 85 84 83 82 83 83 83 83 83 84 84 83 83 83 83 83 82 83 86 88 90 92 94 96 98 101 103 105 108 110 112 118 125 132 139 146 153 161 158 151 144 137 130 123 116
49 50 51 53 54 55 56 57 58 59 60 61 62 65 68 71 74 77 80 82 81 81 80 80 80 79 79 78 76 75 74 73 72 73 76 79 82 86 89 92 94 93 93 92 92 91 91 90 89 88 88 87 86 85 85 85 86 86 86 87 87 87 87 86 86 86 86 85 87 90 93 96 99 102 105 107 109 111 114 116 118 120 124 128 133 138 142 147 152 149 144 139 134 129 124 119
50 52 53 54 56 57 58 59 60 61 62 63 64 67 71 74 77 80 83 85 85 84 83 83 82 81 81 80 79 79 78 77 76 77 80 83 86 89 92 95 96 95 94 94 93 92 91 90 90 90 89 89 88 88 88 88 89 89 89 90 90 90 90 90 89 89 89 89 91 94 98 102 105 109 113 116 118 120 122 124 126 128 130 132 134 136 139 141 143 141 138 135 132 128 125 122
52 53 54 56 57 59 60 61 62 63 64 65 66 70 73 77 80 83 87 89 88 87 86 85 84 83 83 82 82 82 81 81 81 81 84 87 89 92 95 97 98 97 96 95 94 93 92 91 91 91 91 91 91 91 91 91 92 92 92 93 93 93 93 93 92 92 92 92 94 99 103 108 112 117 121 124 126 128 130 132 134 136 136 136 136 135 135 134 134 133 132 130 129 128 126 125
53 54 56 57 59 60 61 62 63 65 66 67 68 72 76 79 83 87 90 93 92 90 89 88 87 85 84 85 85 85 85 85 85 86 88 90 93 95 97 100 100 99 98 96 95 94 92 92 92 92 92 93 93 93 94 94 95 95 95 96 96 96 96 96 96 95 95 95 98 103 108 114 119 124 130 133 135 136 138 140 142 144 142 140 137 134 131 128 125 125 125 126 126 127 128 128
54 56 57 59 60 62 63 64 65 66 68 69 70 74 78 82 86 90 94 96 95 93 92 90 89 87 86 87 87 88 88 89 89 90 92 94 96 98 100 102 103 101 99 98 96 94 93 92 93 93 94 95 95 96 96 97 97 98 98 99 99 100 99 99 99 98 98 98 101 107 113 120 126 132 138 141 143 145 146 148 150 152 149 144 139 133 128 123 118 118 120 122 125 127 129 131
56 58 59 61 63 64 65 66 67 68 69 70 72 75 79 82 86 89 93 95 94 93 92 91 90 90 89 90 90 91 91 92 92 93 95 97 99 101 103 104 105 103 101 99 97 96 94 93 94 95 95 96 97 98 98 99 100 101 101 102 103 103 102 102 102 101 101 101 104 111 117 124 131 137 144 148 150 152 155 157 159 162 159 154 148 143 138 132 127 127 129 131 133 135 137 139
58 59 61 63 65 66 67 68 69 70 71 72 73 76 79 83 86 89 92 94 94 94 93 93 92 92 91 92 93 93 94 94 95 96 98 100 101 103 105 107 107 105 103 101 99 97 95 94 95 96 97 98 99 100 100 101 102 103 104 105 106 106 106 105 105 104 104 103 107 114 121 128 135 143 150 154 157 160 163 166 169 172 169 164 158 153 147 142 136 136 138 139 141 143 144 146
59 61 63 65 67 68 69 70 71 72 72 73 74 77 80 83 86 89 91 93 94 94 94 94 94 94 94 95 95 96 97 97 98 99 101 102 104 106 108 109 109 107 105 103 100 98 96 95 96 97 98 99 100 101 102 104 105 106 107 108 109 109 109 108 107 107 106 106 110 117 125 133 140 148 156 161 164 168 171 175 178 182 179 174 168 163 157 151 146 145 146 148 149 150 152 153
61 63 65 67 69 71 71 72 73 73 74 75 76 78 81 83 86 88 90 92 93 94 94 95 95 96 97 97 98 99 100 100 101 102 104 105 107 109 110 112 112 109 107 104 102 99 97 96 97 98 99 101 102 103 104 106 107 108 110 111 112 112 112 111 110 110 109 108 113 121 129 137 145 153 162 167 171 176 180 184 188 192 190 184 178 172 167 161 155 154 155 156 157 158 159 160
62 65 67 69 71 73 73 74 75 75 76 76 77 79 81 83 85 88 90 91 93 94 95 96 97 98 99 100 101 101 102 103 104 105 107 108 110 111 113 114 114 111 109 106 103 100 98 97 98 99 101 102 104 105 106 108 109 111 112 114 115 116 115 114 113 112 112 111 115 124 133 141 150 159 167 174 178 183 188 193 197 202 200 194 188 182 176 170 164 163 164 165 165 166 167 167
64 66 69 71 73 75 76 76 76 77 77 78 79 80 82 84 85 87 89 91 92 94 95 97 99 100 102 102 103 104 105 106 107 108 109 111 112 114 115 117 116 113 110 107 104 101 98 97 99 101 102 104 105 107 108 110 112 114 115 117 119 119 118 117 116 115 114 113 118 127 137 146 155 164 173 180 186 191 196 202 207 212 210 204 198 192 186 180 174 172 173 173 173 174 174 175
66 68 70 73 75 77 77 78 78 79 79 79 80 81 83 84 85 87 88 90 92 94 96 98 100 102 104 105 106 107 108 109 110 111 112 114 115 116 118 119 119 115 112 109 106 103 100 99 100 102 104 105 107 109 111 112 114 116 118 120 122 122 121 120 119 118 117 116 121 130 140 150 159 169 178 186 192 197 203 209 215 221 219 213 207 201 195 190 184 182 182 182 182 182 182 182
66 68 71 73 75 77 78 78 79 79 80 80 81 82 84 85 87 88 90 91 94 96 98 100 103 105 107 108 109 110 111 112 113 114 115 116 117 118 119 120 120 117 114 111 109 106 103 102 104 105 107 109 110 112 113 115 117 118 120 121 123 123 122 121 120 119 118 117 121 130 139 148 157 166 175 183 189 196 202 208 215 221 221 217 213 210 206 202 198 196 195 194 193 192 190 189
67 69 71 73 76 77 78 79 79 80 80 81 82 83 85 86 88 89 91 93 95 98 100 103 105 108 110 111 112 113 114 115 116 117 117 118 119 120 121 122 121 119 116 114 111 109 106 106 107 109 110 112 113 115 116 118 119 120 122 123 124 124 123 122 121 120 119 118 122 131 139 147 156 164 172 180 187 194 201 208 215 221 223 221 219 218 216 214 213 211 208 206 204 201 199 197
68 70 72 74 76 78 78 79 80 80 81 82 82 84 86 87 89 91 92 94 97 100 102 105 107 110 112 113 114 115 116 118 119 119 120 121 121 122 122 123 122 120 118 116 114 112 110 109 111 112 114 115 117 118 119 120 121 123 124 125 126 126 125 124 122 121 120 119 123 131 139 146 154 162 169 177 184 192 199 207 214 222 224 225 225 226 226 227 227 225 221 218 215 211 208 204
68 70 72 74 76 78 79 79 80 81 82 82 83 85 87 88 90 92 94 96 99 101 104 107 110 113 115 116 117 118 119 120 122 122 123 123 123 123 124 124 124 122 120 118 117 115 113 113 114 116 117 118 120 121 122 123 124 125 126 126 127 127 126 125 124 123 121 120 124 131 138 145 152 159 166 174 182 190 198 206 214 222 226 229 231 234 237 239 242 239 235 230 225 221 216 212
69 71 73 75 76 78 79 80 81 81 82 83 84 86 88 90 91 93 95 97 100 103 106 109 112 115 118 119 120 121 122 123 124 125 125 125 125 125 125 125 125 123 122 121 119 118 117 116 118 119 120 122 123 124 125 126 126 127 127 128 129 128 127 126 125 124 123 121 125 131 138 144 151 157 164 171 180 188 197 205 214 222 228 233 237 242 247 252 256 254 248 242 236 231 225 219
70 72 73 75 77 78 79 80 81 82 83 84 85 87 89 91 93 95 96 99 102 105 108 111 115 118 120 122 123 124 125 126 127 128 128 128 127 127 127 127 126 125 124 123 122 121 120 120 121 122 124 125 126 127 128 128 129 129 129 130 130 130 128 127 126 125 124 123 125 131 137 143 149 155 161 168 177 186 195 204 213 222 230 237 243 250 257 264 271 268 261 254 247 240 233 227
71 72 74 76 77 79 80 81 82 83 84 85 86 88 90 92 94 96 98 100 104 107 111 114 118 121 124 125 126 127 128 129 130 131 131 130 130 130 129 129 128 127 127 126 125 125 124 124 125 126 127 128 129 131 131 131 131 132 132 132 132 131 130 129 128 127 125 124 127 132 137 143 148 153 158 166 175 185 194 204 213 222 231 240 248 257 265 274 282 279 272 264 256 248 241 233
