pluvio/pluvio-199.asc
ncols         252
nrows         154
xllcorner     -18.017974
yllcorner     13.481982
cellsize      0.035948
NODATA_value  -9999
[rows 62 to 123 of 154, columns 0 to 95 of 252]
0 1 1 1 1 1 1 1 1 1 2 2 4 5 6 8 9 10 11 11 11 11 11 12 12 11 9 8 6 5 3 2 1 1 1 1 1 1 1 1 1 1 1 2 2 2 4 6 9 11 14 16 19 19 18 18 17 17 16 16 16 16 16 16 16 16 17 17 17 17 17 17 17 18 18 18 18 18 18 18 18 19 20 20 21 22 22 23 26 29 31 34 37 40 42 41
0 0 1 1 1 1 1 1 1 1 1 2 3 4 6 7 8 9 10 10 10 10 10 10 10 9 8 6 5 4 3 2 1 1 1 1 1 1 1 1 1 1 1 2 2 2 4 6 9 11 14 16 19 19 18 18 17 17 16 15 16 16 16 16 16 17 17 17 17 17 17 17 17 17 17 17 17 17 17 18 18 18 19 19 20 20 21 21 24 27 30 33 36 39 41 40
0 0 0 0 1 1 1 1 1 1 1 2 3 4 5 6 7 8 8 8 8 8 8 7 7 7 6 5 4 3 2 2 1 1 1 1 1 1 1 1 1 1 1 2 2 2 4 6 9 11 14 16 19 19 18 18 17 16 16 15 15 16 16 16 17 17 17 17 17 17 17 17 17 17 17 17 17 17 17 17 17 17 18 18 19 19 19 20 23 26 29 32 35 38 40 40
0 0 0 0 0 0 1 1 1 1 1 1 2 3 4 5 6 7 7 7 6 6 6 5 5 5 4 4 3 3 2 1 1 1 1 1 1 1 1 1 1 1 1 1 2 2 4 6 9 11 14 16 19 19 18 18 17 16 16 15 15 16 16 17 17 17 18 18 17 17 17 17 17 17 17 17 17 17 17 16 16 17 17 17 17 18 18 18 21 24 28 31 34 37 40 39
0 0 0 0 0 0 0 0 0 0 0 1 2 2 3 4 5 5 5 5 5 4 4 3 3 3 2 2 2 2 2 1 1 1 1 1 1 1 1 1 1 1 1 1 2 2 4 6 9 11 14 17 19 19 18 18 17 16 16 15 15 16 16 17 17 18 18 18 18 17 17 17 17 17 17 16 16 16 16 16 16 16 16 16 16 16 16 17 20 23 26 30 33 36 39 39
0 0 0 0 0 0 0 0 0 0 0 1 1 2 3 3 4 5 5 4 4 4 3 3 2 2 2 2 2 2 2 1 1 1 1 1 1 1 1 1 1 1 1 2 2 2 4 6 9 11 14 16 18 18 18 17 17 16 16 15 15 16 16 17 17 18 18 18 18 17 17 17 17 17 16 16 16 16 16 16 16 16 16 16 16 16 16 17 20 23 26 29 32 35 38 38
0 0 0 0 0 0 0 0 0 0 0 1 1 2 2 3 3 4 4 4 3 3 3 3 2 2 2 2 2 2 2 1 1 1 1 1 1 1 1 1 1 1 2 2 2 2 4 6 9 11 13 15 18 18 17 17 16 16 16 15 15 16 16 17 17 18 18 18 18 17 17 17 17 17 16 16 16 16 16 16 15 16 16 16 16 16 16 17 20 23 26 29 32 35 37 37
0 0 0 0 0 0 0 0 0 0 0 1 1 2 2 2 3 3 3 3 3 3 2 2 2 2 2 2 2 2 2 1 1 1 1 1 1 1 1 1 1 2 2 2 2 2 4 6 8 11 13 15 17 17 17 17 16 16 16 15 16 16 16 17 17 18 18 18 18 17 17 17 17 16 16 16 16 16 16 15 15 15 16 16 16 16 16 17 19 22 25 28 31 34 36 37
0 0 0 0 0 0 0 0 0 0 0 1 1 1 2 2 2 3 3 3 2 2 2 2 2 2 2 2 2 2 2 2 1 1 1 1 1 1 1 1 2 2 2 2 2 3 4 6 8 10 12 14 16 17 16 16 16 16 16 15 16 16 16 17 17 18 18 18 18 17 17 17 17 16 16 16 16 16 15 15 15 15 15 16 16 16 16 17 19 22 25 28 30 33 36 36
0 0 0 0 0 0 0 0 0 0 0 1 1 1 1 1 2 2 2 2 2 2 2 2 2 2 2 2 2 2 2 2 2 1 1 1 1 1 1 1 2 2 2 2 2 3 4 6 8 10 12 14 16 16 16 16 16 16 16 15 16 16 17 17 17 18 18 18 18 17 17 17 17 16 16 16 16 16 15 15 15 15 15 16 16 16 16 17 19 22 24 27 30 32 35 35
0 0 0 0 0 0 0 0 0 0 0 0 1 1 1 1 1 1 1 1 1 1 1 1 1 1 1 1 1 1 2 2 2 2 2 1 1 1 1 2 2 2 2 2 3 3 4 6 8 10 12 13 15 15 15 15 16 16 16 16 16 16 17 17 17 18 18 18 17 17 17 17 16 16 16 16 16 15 15 15 15 15 15 16 16 16 16 17 19 22 24 27 29 32 34 35
0 0 0 0 0 0 0 0 0 0 0 0 0 0 0 0 0 1 1 1 1 1 1 1 1 1 1 1 1 1 2 2 2 2 2 2 2 2 2 2 2 2 2 3 3 3 4 6 8 9 11 13 14 15 15 15 15 15 16 16 16 16 17 17 17 18 18 18 17 17 17 17 16 16 16 16 16 15 15 15 15 15 15 15 16 16 16 17 19 21 24 26 28 31 33 34
1 1 1 0 0 0 0 0 0 0 0 0 0 0 0 0 0 0 1 1 1 1 1 1 1 1 1 1 1 1 2 2 2 2 2 2 2 2 2 2 2 3 3 3 4 4 5 7 8 9 11 12 13 14 14 14 15 15 15 15 16 16 16 16 17 17 17 17 17 17 16 16 16 16 16 15 15 15 15 14 14 14 14 14 14 14 14 14 16 18 20 22 24 26 28 30
2 1 1 1 0 0 0 0 0 0 0 0 0 0 0 0 0 0 0 1 1 1 1 1 1 1 1 1 1 2 2 2 2 2 2 2 2 2 2 3 3 3 4 4 5 5 6 7 8 9 10 11 12 13 13 14 14 14 15 15 15 15 16 16 16 16 16 16 16 16 16 16 16 16 15 15 15 14 14 14 14 13 13 13 13 12 12 12 14 15 17 19 20 22 24 26
3 2 1 1 1 1 0 0 0 0 0 0 0 0 0 0 0 0 0 1 1 1 1 1 1 1 1 1 1 2 2 2 2 2 2 2 2 3 3 3 4 4 5 5 6 6 7 8 8 9 10 11 11 12 12 13 13 14 14 15 15 15 15 15 15 15 15 15 15 15 15 15 15 15 15 15 14 14 14 13 13 12 12 11 11 10 10 10 11 12 14 15 16 18 19 21
3 3 2 1 1 1 1 1 0 0 0 0 0 0 0 0 0 0 0 0 1 1 1 1 1 1 1 1 1 2 2 2 2 2 2 3 3 3 3 4 4 5 5 6 6 7 8 8 9 9 9 10 10 11 11 12 13 13 14 14 14 14 14 14 15 15 15 15 15 15 15 15 15 15 15 14 14 14 13 13 12 12 11 10 9 9 8 7 8 9 10 11 12 13 14 17
4 3 2 1 1 1 1 1 1 0 0 0 0 0 0 0 0 0 0 0 1 1 1 1 1 1 1 1 1 2 2 2 2 2 3 3 3 3 3 4 5 5 6 7 7 8 8 9 9 9 9 9 9 10 11 11 12 13 13 14 14 14 14 14 14 14 14 14 14 14 14 15 15 15 15 14 14 13 13 12 12 11 10 9 8 7 6 5 5 6 7 7 8 9 10 13
5 4 3 1 1 1 1 1 1 0 0 0 0 0 0 0 0 0 0 0 0 1 1 1 1 1 1 1 1 2 2 2 2 3 3 3 3 4 4 5 5 6 7 8 8 9 9 9 9 9 9 8 8 9 10 11 11 12 13 14 14 13 13 13 13 13 13 13 13 14 14 14 14 15 14 14 13 13 12 12 11 10 9 7 6 5 4 2 3 3 3 4 4 4 5 9
6 4 3 2 1 1 1 1 1 1 0 0 0 0 0 0 0 0 0 0 0 1 1 1 1 1 1 1 1 2 2 2 2 3 3 3 4 4 4 5 6 7 8 8 9 10 10 9 9 9 8 8 7 8 9 10 11 12 12 13 13 13 13 13 12 12 12 12 13 13 13 14 14 15 14 13 13 12 12 11 11 9 8 6 5 3 1 0 0 0 0 0 0 0 1 4
6 4 3 2 2 2 1 1 1 1 1 1 1 1 1 1 1 1 1 1 1 2 2 2 2 2 2 3 3 3 3 4 4 4 5 5 5 6 6 7 7 8 9 10 10 11 11 11 10 10 10 9 9 10 10 11 12 13 14 15 15 15 14 14 14 14 14 14 14 14 15 15 15 15 15 15 14 14 14 13 13 11 9 8 6 4 2 0 1 2 2 3 4 4 5 8
5 5 4 3 2 2 2 2 2 2 2 2 2 2 2 2 2 2 2 2 3 3 3 3 3 3 3 4 4 4 5 5 5 6 6 7 7 7 8 8 9 10 10 11 12 12 12 12 12 11 11 11 11 11 12 13 14 14 15 16 16 16 16 16 16 16 16 16 16 16 16 16 16 16 16 16 16 15 15 15 15 13 11 9 7 5 3 1 2 3 5 6 7 8 10 12
5 5 4 3 3 3 3 3 3 3 3 3 3 3 3 3 3 3 3 3 4 4 4 4 4 4 5 5 5 6 6 6 7 7 8 8 8 9 9 10 10 11 12 12 13 13 13 13 13 13 12 12 12 13 13 14 15 16 17 17 18 18 18 18 18 18 18 18 17 17 17 17 16 16 16 17 17 17 17 17 18 15 13 10 8 6 3 1 3 5 7 9 11 12 14 16
5 5 4 4 4 4 4 4 4 3 3 3 4 4 4 4 4 4 4 4 5 5 5 5 5 5 6 6 7 7 8 8 8 9 9 10 10 11 11 11 12 12 13 13 14 14 14 14 14 14 14 14 14 14 15 16 16 17 18 19 19 19 19 19 20 20 20 19 19 19 18 18 17 17 17 18 18 19 19 20 20 17 15 12 9 7 4 2 4 7 9 12 14 17 19 20
5 5 5 5 5 5 4 4 4 4 4 4 4 4 5 5 5 5 5 5 6 6 6 6 6 7 7 8 8 8 9 9 10 10 11 11 12 12 13 13 13 14 14 15 15 16 16 15 15 15 15 15 15 16 16 17 18 19 19 20 20 21 21 21 21 22 22 21 21 20 19 19 18 17 18 19 19 20 21 22 22 19 16 13 10 8 5 2 5 8 11 15 18 21 24 24
5 5 5 5 5 5 5 5 5 5 5 5 5 5 5 6 6 6 6 6 7 7 7 7 7 8 8 9 9 10 10 11 11 12 12 13 13 14 14 15 15 15 16 16 16 17 17 17 17 17 17 17 17 17 18 19 19 20 21 21 22 22 22 23 23 23 24 23 22 21 20 20 19 18 19 20 21 22 23 24 24 21 18 15 12 8 5 3 6 10 14 17 21 25 28 27
5 5 6 6 6 6 6 6 6 6 5 6 6 6 6 6 7 7 7 7 8 8 8 8 9 9 10 10 11 11 12 12 13 13 14 14 15 15 16 16 16 17 17 17 17 18 18 18 18 18 18 18 18 19 19 20 21 21 22 23 23 23 24 24 25 25 25 24 23 22 21 20 20 19 20 21 22 23 24 26 27 23 20 16 13 9 6 3 7 12 16 20 25 29 33 31
5 5 5 6 6 6 6 6 6 6 6 6 6 6 6 7 7 7 8 8 9 9 10 10 11 11 12 12 12 13 13 14 14 14 14 15 15 15 15 16 16 17 17 18 18 19 19 19 19 19 18 18 18 19 19 19 20 20 21 21 21 22 22 22 23 23 23 23 22 22 21 21 20 20 20 21 22 23 24 25 26 23 20 17 14 11 8 6 10 14 18 22 26 30 34 33
4 5 5 6 6 6 6 6 6 6 6 6 6 6 7 7 7 7 8 9 10 10 11 12 13 13 14 14 14 14 15 15 15 15 15 15 15 15 15 15 16 17 18 19 19 20 20 20 19 19 19 19 18 18 19 19 19 19 19 20 20 20 20 21 21 21 22 21 21 21 21 21 21 21 21 22 23 23 24 24 25 22 20 17 15 12 10 8 12 16 20 24 28 32 35 34
4 5 5 6 6 6 6 6 6 6 6 6 6 7 7 7 7 8 8 10 11 12 13 14 15 16 16 16 16 16 16 16 16 16 15 15 15 15 14 15 16 17 18 19 20 21 21 21 20 20 19 19 18 18 18 18 18 18 18 18 18 18 19 19 19 19 20 20 20 21 21 21 22 22 22 22 23 23 23 24 24 22 20 18 16 14 12 10 14 18 22 26 30 34 37 36
4 5 5 6 6 6 6 6 6 6 6 6 7 7 7 7 8 8 9 10 12 13 15 16 17 18 18 18 18 18 18 18 17 17 16 16 15 14 14 15 16 17 19 20 21 22 22 22 21 20 20 19 19 18 18 18 17 17 17 16 17 17 17 17 17 18 18 19 19 20 21 21 22 23 23 23 23 23 23 23 23 22 20 19 17 16 14 13 17 20 24 28 31 35 38 38
4 5 5 6 6 6 6 6 6 6 6 6 7 7 7 8 8 8 9 11 13 14 16 18 20 20 20 20 19 19 19 19 18 17 17 16 15 14 13 14 16 17 19 20 22 24 23 23 22 21 20 19 19 18 18 17 17 16 15 15 15 15 15 16 16 16 16 17 18 19 21 22 23 24 24 24 23 23 23 23 22 21 20 19 18 17 16 15 19 23 26 30 33 37 40 39
4 5 5 6 6 6 6 6 6 6 6 7 7 7 8 8 8 8 10 12 14 16 18 20 22 22 22 22 21 21 21 20 19 18 17 16 15 14 13 14 16 18 19 21 23 25 24 23 23 22 21 20 19 18 17 16 16 15 14 13 13 14 14 14 14 14 14 16 17 19 20 22 24 25 25 24 24 23 22 22 21 21 20 20 19 19 18 18 21 25 28 32 35 38 41 41
4 5 5 6 6 6 6 6 6 6 7 7 7 7 8 8 8 9 10 12 15 17 19 21 24 24 24 23 23 22 22 21 20 19 18 17 15 14 13 14 16 18 20 22 24 26 25 24 23 22 21 20 19 18 17 16 15 14 13 12 12 12 12 12 13 13 13 15 17 19 20 22 24 26 26 25 24 23 22 22 21 21 21 21 21 20 20 20 24 27 30 34 37 40 43 43
4 5 5 6 6 6 6 6 7 7 7 7 7 8 8 8 9 9 10 13 15 17 19 21 23 24 24 23 23 23 22 22 21 20 19 18 17 15 14 15 16 18 19 21 22 23 23 23 22 22 21 21 20 19 18 17 16 15 13 12 13 13 14 15 15 16 16 18 19 21 22 24 25 27 27 26 26 25 25 25 24 24 24 24 24 24 24 24 27 30 33 36 40 43 45 45
4 5 5 6 6 6 6 7 7 7 7 7 7 8 8 8 9 9 11 13 15 17 19 21 23 24 23 23 23 23 23 22 22 21 20 19 18 17 16 16 17 18 19 20 20 21 21 22 22 22 22 22 22 21 19 18 17 15 14 13 13 14 16 17 18 19 20 21 22 23 24 25 26 27 28 28 28 28 28 28 28 28 28 28 28 28 28 28 31 34 37 39 42 45 48 47
4 5 5 6 6 6 7 7 7 7 7 7 8 8 8 9 9 9 11 13 15 17 19 21 23 23 23 23 23 23 23 23 22 22 21 20 19 18 17 17 18 18 18 19 19 19 20 20 21 22 22 23 23 22 21 19 17 16 14 13 14 16 17 19 20 22 23 24 25 25 26 27 27 28 29 29 29 30 30 31 31 31 31 32 32 32 32 32 35 37 40 42 45 48 50 50
4 5 5 6 6 7 7 7 7 7 7 7 8 8 9 9 9 10 11 13 15 17 19 20 22 23 23 23 23 23 23 24 23 22 22 21 20 20 19 19 18 18 18 18 17 17 18 19 20 21 23 24 25 24 22 20 18 16 15 13 15 17 19 21 23 25 27 27 27 28 28 28 28 29 30 30 31 32 33 34 35 35 35 35 35 35 35 36 38 41 43 45 48 50 52 52
4 5 5 6 6 7 7 7 7 7 7 8 8 8 9 9 10 10 11 13 15 17 18 20 22 23 23 23 23 24 24 24 24 23 23 22 22 21 21 20 19 18 17 16 16 15 16 18 19 21 23 25 26 25 23 21 19 17 15 13 15 18 20 23 25 28 30 30 30 30 30 30 29 29 31 32 33 34 36 37 38 38 39 39 39 39 39 40 42 44 46 48 51 53 55 54
4 5 6 6 7 7 7 7 7 7 8 8 8 9 9 9 10 10 11 13 15 17 18 20 22 22 23 23 24 24 24 25 24 24 24 23 23 23 22 21 20 18 17 15 14 13 14 16 19 21 23 25 28 26 24 22 20 18 16 13 16 19 22 25 28 31 34 34 33 32 32 31 31 30 32 33 35 37 38 40 42 42 42 42 43 43 43 43 45 47 49 51 53 55 57 56
4 5 6 6 7 7 7 7 7 8 8 8 8 9 9 10 10 10 12 13 15 16 18 20 21 22 23 23 24 24 24 25 25 24 24 24 24 23 23 22 20 18 16 15 13 11 13 15 18 21 24 26 29 28 25 23 21 19 16 14 17 20 24 27 30 34 37 36 35 34 33 33 32 31 33 35 37 39 41 43 45 45 45 46 46 46 46 47 49 50 52 54 56 58 59 58
4 5 6 7 7 7 8 8 8 8 8 9 9 9 10 10 10 10 12 13 15 17 18 20 22 22 23 23 23 23 24 24 24 23 23 22 22 22 21 20 18 17 15 14 12 11 13 15 18 21 24 26 29 28 26 25 23 21 19 18 20 23 26 29 32 35 38 37 36 35 35 34 33 32 34 36 38 40 42 44 46 46 47 47 47 48 48 48 50 52 54 55 57 59 60 59
5 5 6 7 7 8 8 8 8 9 9 9 9 10 10 10 10 10 12 13 15 17 19 20 22 23 23 23 23 23 23 23 22 22 21 21 20 20 19 18 17 16 14 13 12 11 13 15 18 21 24 27 29 29 27 26 25 24 22 21 23 26 28 31 33 36 38 38 37 36 36 35 34 34 35 37 39 41 43 45 47 48 48 48 49 49 50 50 52 53 55 57 58 60 61 59
5 5 6 7 8 8 8 9 9 9 10 10 10 10 10 10 10 10 11 13 15 17 19 20 22 23 23 22 22 22 22 22 21 20 20 19 18 18 17 16 15 14 13 12 11 11 13 15 18 21 24 27 30 29 29 28 27 26 25 25 26 29 31 33 35 37 39 39 38 37 37 36 36 35 37 39 41 43 45 47 48 49 49 50 50 51 51 52 53 55 56 58 59 61 62 59
5 6 6 7 8 8 9 9 10 10 10 10 10 10 10 10 10 10 11 13 15 17 19 21 23 23 23 22 22 21 21 21 20 19 18 18 17 16 15 14 14 13 12 12 11 10 13 15 18 21 24 27 30 30 30 29 29 29 28 28 30 31 33 35 36 38 40 39 39 38 38 37 37 36 38 40 42 44 46 48 50 50 51 51 52 52 53 53 55 56 58 59 60 62 63 60
5 6 7 8 8 9 9 10 10 11 11 11 11 11 11 11 10 10 11 13 15 17 19 21 23 23 23 22 21 21 20 20 19 18 17 16 15 14 13 13 12 12 11 11 11 10 12 15 18 21 24 27 30 31 31 31 31 31 31 32 33 34 35 37 38 39 40 40 40 39 39 39 38 38 40 42 43 45 47 49 51 51 52 53 53 54 54 55 56 58 59 60 61 63 63 60
5 6 7 8 8 9 10 10 11 11 12 12 11 11 11 11 11 10 11 13 15 17 19 21 23 23 22 22 21 20 19 19 18 16 15 14 13 12 11 11 11 11 10 10 10 10 12 15 18 21 24 27 30 31 32 33 33 34 35 35 36 37 38 38 39 40 41 41 41 40 40 40 40 39 41 43 45 47 48 50 52 53 53 54 55 55 56 57 58 59 60 61 62 64 64 60
5 6 7 8 9 9 10 10 11 11 12 12 12 12 11 11 11 10 11 13 15 17 19 21 23 23 22 22 21 20 19 18 17 16 15 13 12 11 10 10 10 10 10 10 10 11 13 16 19 22 24 27 30 31 33 34 35 36 37 38 38 39 39 40 41 41 42 41 41 41 41 41 41 41 42 44 46 48 50 51 53 54 55 55 56 57 58 58 59 61 62 63 64 65 65 61
5 6 7 8 9 9 10 10 11 11 12 12 11 11 11 11 11 10 11 13 15 17 19 21 23 23 22 22 21 20 20 19 18 17 16 15 15 14 13 12 13 13 13 13 13 13 15 17 20 22 25 27 29 31 32 33 34 35 36 37 38 39 39 40 41 41 42 42 42 42 41 41 41 41 43 45 47 48 50 52 54 55 56 57 58 59 60 61 62 63 64 65 66 67 68 65
6 7 8 9 9 10 10 10 11 11 11 11 11 11 11 11 11 10 11 13 15 17 19 21 22 23 22 22 21 21 21 20 20 19 18 17 17 16 15 15 15 15 15 15 15 16 17 19 21 23 25 27 29 30 31 32 33 35 36 37 38 38 39 40 40 41 42 42 42 42 42 42 42 42 44 45 47 49 51 52 54 56 57 58 60 61 62 64 65 66 67 68 69 70 70 68
6 7 8 9 9 10 10 10 10 11 11 11 11 11 11 11 10 10 11 13 15 17 18 20 22 22 22 22 22 22 21 21 21 20 20 19 19 18 18 18 18 18 18 18 18 18 19 21 22 23 25 26 28 29 30 32 33 34 35 37 37 38 39 40 40 41 42 42 42 42 42 42 42 42 44 46 48 49 51 53 55 56 58 60 61 63 65 66 67 68 69 70 71 72 73 71
6 7 8 9 10 10 10 10 10 10 10 11 11 10 10 10 10 10 11 13 15 16 18 20 22 22 22 22 22 22 22 22 22 22 22 21 21 21 21 21 21 21 21 21 21 21 21 22 23 24 25 26 27 28 30 31 32 34 35 36 37 38 39 40 40 41 42 42 42 43 43 43 43 43 45 46 48 50 52 53 55 57 59 61 63 65 67 69 70 71 72 73 73 74 75 74
6 7 8 9 10 10 10 10 10 10 10 10 10 10 10 10 10 10 11 13 15 16 18 19 21 22 22 22 23 23 23 24 24 24 23 23 23 23 23 23 23 23 23 23 23 23 23 24 24 25 25 26 26 27 29 30 32 33 34 36 37 38 39 40 40 41 42 43 43 43 43 43 43 44 45 47 49 50 52 54 56 58 60 62 65 67 69 71 72 73 74 75 76 77 78 78
6 7 8 10 10 10 10 10 10 10 10 10 10 10 10 10 10 10 11 13 15 16 18 19 21 22 22 23 23 24 24 25 25 25 25 25 26 26 26 26 26 26 26 26 26 25 25 25 25 25 25 25 25 27 28 30 31 32 34 35 36 37 38 39 40 41 42 43 43 43 43 44 44 44 46 47 49 51 53 54 56 59 61 64 66 69 72 74 75 76 77 77 78 79 80 81
7 8 9 10 10 10 10 10 10 10 9 9 10 10 10 10 10 11 12 13 15 16 18 19 21 21 22 23 24 24 25 26 26 26 27 27 27 28 28 28 28 28 28 28 28 28 27 27 27 26 26 26 25 26 28 29 31 32 34 35 36 37 39 40 41 42 43 43 43 44 44 44 45 45 47 48 50 52 53 55 57 60 62 65 68 71 73 76 77 78 79 80 81 82 83 84
7 8 9 10 10 10 10 10 10 10 10 10 10 10 10 11 11 11 12 14 15 17 18 20 21 22 23 24 24 25 26 27 27 27 28 28 28 28 29 29 29 29 29 29 29 29 29 29 28 28 28 28 27 28 30 31 32 33 35 36 37 38 39 40 42 43 44 44 45 45 45 46 46 47 48 50 52 53 55 57 58 61 64 66 69 72 74 77 78 79 81 82 83 84 86 89
7 8 9 10 10 10 10 10 10 10 10 10 10 10 11 11 11 11 12 14 16 17 19 20 22 23 24 24 25 26 27 28 28 28 29 29 29 29 29 30 30 30 30 30 30 30 30 30 30 30 30 29 29 30 31 32 33 34 36 37 38 39 40 41 43 44 45 45 46 46 47 47 48 48 50 52 53 55 57 58 60 62 65 68 70 73 75 78 79 81 82 84 86 87 89 93
7 8 9 10 10 10 10 10 10 10 10 10 10 11 11 11 11 12 13 14 16 18 19 21 22 23 24 25 26 27 28 29 29 29 29 30 30 30 30 30 31 31 31 31 31 32 32 32 31 31 31 31 31 32 33 34 35 36 36 37 39 40 41 42 43 45 46 46 47 48 48 49 49 50 52 53 55 57 58 60 62 64 66 69 71 73 76 78 80 82 84 86 88 90 92 97
7 8 9 10 10 10 10 10 10 10 10 10 10 11 11 11 12 12 13 15 17 18 20 21 23 24 25 26 27 28 29 30 30 30 30 30 31 31 31 31 31 32 32 32 33 33 33 33 33 33 33 33 33 34 35 35 36 37 37 38 39 40 42 43 44 46 47 48 48 49 50 50 51 52 53 55 56 58 60 61 63 65 68 70 72 74 77 79 81 83 86 88 90 93 95 101
7 8 9 10 10 10 10 10 10 10 10 10 11 11 11 12 12 13 14 15 17 19 20 22 24 25 26 27 28 29 30 30 31 31 31 31 31 32 32 32 32 33 33 33 34 34 34 35 35 35 35 35 35 36 36 37 37 38 38 39 40 41 43 44 45 47 48 49 49 50 51 52 52 53 55 56 58 60 61 63 65 67 69 71 73 75 77 80 82 85 87 90 93 95 98 105
7 8 9 10 10 10 10 10 10 10 10 10 11 11 12 12 12 13 14 16 17 19 21 23 24 25 26 27 28 29 30 31 32 32 32 32 32 32 32 33 33 34 34 35 35 35 36 36 36 37 37 37 37 38 38 38 39 39 39 39 41 42 43 45 46 47 49 50 51 51 52 53 54 55 56 58 60 61 63 65 66 68 70 72 74 76 78 80 83 86 89 92 95 98 102 109
8 8 9 10 10 10 10 10 10 10 10 11 11 12 12 13 13 14 15 16 18 20 21 23 25 26 27 28 29 30 31 32 33 33 33 33 33 33 33 34 34 35 35 36 36 37 37 38 38 38 39 39 39 39 40 40 40 40 40 40 42 43 44 46 47 49 50 51 52 53 54 55 55 56 58 60 61 63 64 66 68 70 72 74 75 77 79 81 85 89 92 96 99 103 107 115
8 8 9 10 10 10 10 10 10 10 10 11 11 12 13 13 14 15 16 17 19 21 22 24 26 27 28 29 30 32 33 34 34 35 35 35 35 35 36 36 36 37 37 38 38 39 39 39 40 40 40 40 41 41 41 41 41 41 42 42 43 44 46 47 48 50 51 52 53 54 55 56 57 58 59 61 62 64 66 67 69 71 73 75 77 79 81 83 88 93 98 103 108 113 118 126
