pluvio/pluvio-322.asc
ncols         252
nrows         154
xllcorner     -0.5
yllcorner     -153.5
cellsize      1
NODATA_value  -9999
[rows 0 to 61 of 154, columns 96 to 191 of 252]
0 0 0 0 0 0 0 0 0 0 0 0 0 0 0 0 0 0 0 0 0 0 1 1 1 2 2 1 1 1 0 0 0 0 0 0 0 0 0 1 1 1 1 1 1 1 1 1 1 2 2 2 2 3 3 3 3 3 3 3 3 3 3 3 3 3 3 3 4 4 4 4 5 5 5 6 6 7 7 8 9 9 9 9 9 9 9 9 9 8 8 7 7 7 6 6
0 0 0 0 0 0 0 0 0 0 0 0 0 0 0 0 0 0 0 0 0 0 1 1 2 2 2 2 1 1 1 0 0 0 0 0 0 0 1 1 1 1 1 1 1 1 1 1 1 2 2 2 2 2 3 3 3 3 4 4 4 4 4 4 4 4 5 5 5 5 5 5 5 5 5 6 6 7 8 8 9 9 9 9 9 9 9 9 8 8 8 7 7 7 6 6
0 0 0 0 0 0 0 0 0 0 0 0 0 0 0 0 0 0 0 0 0 1 1 2 2 3 3 2 2 1 1 0 0 0 0 0 0 1 1 1 1 1 1 1 1 1 1 1 1 2 2 2 2 2 2 3 3 4 4 5 5 5 5 5 5 6 6 6 6 6 6 6 6 6 6 6 7 7 8 8 9 9 9 9 9 9 9 8 8 8 8 7 7 7 7 6
0 0 0 0 0 0 0 0 0 0 0 0 0 0 0 0 0 0 0 0 0 1 1 2 3 3 4 3 2 2 1 1 0 0 0 0 1 1 1 1 2 2 2 2 1 1 1 1 2 2 2 2 2 2 2 3 3 4 5 5 6 6 6 6 7 7 7 7 7 7 7 6 6 6 6 6 7 7 8 8 9 9 9 9 9 9 8 8 8 8 8 7 7 7 7 6
0 0 0 0 0 0 0 0 0 0 0 0 0 0 0 0 0 0 0 0 0 1 2 2 3 4 4 3 3 2 1 1 0 0 0 1 1 1 2 2 2 2 2 2 2 2 2 2 2 2 2 2 2 2 2 3 3 4 5 6 6 7 7 7 7 7 7 7 7 7 7 7 6 6 6 6 7 7 7 8 8 8 9 8 8 8 8 8 8 7 7 7 7 7 6 6
1 1 1 1 1 1 1 1 0 0 0 0 0 0 0 0 0 0 0 0 0 1 2 2 3 3 4 3 3 2 2 1 1 0 1 1 1 2 2 2 3 3 2 2 2 2 2 2 2 2 2 2 2 2 2 3 3 4 5 5 6 6 6 6 6 6 6 6 6 6 6 6 6 6 6 6 6 6 7 7 7 7 7 7 7 7 7 7 7 7 6 6 6 6 6 5
2 2 2 2 2 2 2 2 1 1 0 0 0 0 0 0 0 0 0 0 0 1 1 2 3 3 4 3 3 2 2 2 1 1 1 2 2 2 3 3 3 3 3 3 3 3 2 2 2 2 2 2 2 2 2 2 3 4 4 5 6 6 6 6 6 6 6 5 5 5 5 5 5 5 5 6 6 6 6 6 6 6 6 6 6 6 6 6 6 6 6 5 5 5 5 5
3 3 4 4 4 3 3 2 2 1 1 0 0 0 0 0 0 0 0 0 0 1 1 2 3 3 4 3 3 3 2 2 2 2 2 2 3 3 3 4 4 4 3 3 3 3 3 3 3 2 2 2 2 1 2 2 3 4 4 5 5 6 6 5 5 5 5 5 5 5 5 5 5 5 5 5 5 5 5 5 5 5 5 5 5 5 5 5 5 5 5 5 4 4 4 4
5 5 5 5 5 5 4 3 2 2 1 0 0 0 0 0 0 0 0 0 0 1 1 2 3 3 3 3 3 3 3 2 2 2 3 3 3 4 4 4 4 4 4 4 4 3 3 3 3 2 2 2 2 1 2 2 3 3 4 5 5 5 5 5 5 4 4 4 4 4 4 4 5 5 5 5 5 5 5 4 4 4 4 4 4 4 4 4 4 4 4 4 4 3 3 3
6 6 6 6 6 6 5 4 3 2 1 0 0 0 0 0 0 0 0 0 0 1 1 2 2 3 3 3 3 3 3 3 3 3 3 3 4 4 4 5 5 5 4 4 4 4 4 3 3 3 2 2 2 1 1 2 3 3 4 4 5 5 5 4 4 4 3 3 3 3 4 4 4 4 5 5 4 4 4 4 3 3 3 3 3 3 3 3 4 3 3 3 3 3 3 2
7 7 7 7 7 7 6 5 4 3 1 0 0 0 0 0 0 0 0 0 0 1 1 2 2 3 3 3 3 3 3 3 3 3 4 4 4 5 5 5 5 5 5 5 4 4 4 4 3 3 2 2 2 1 1 2 2 3 4 4 5 5 4 4 4 3 3 2 2 3 3 3 4 4 4 4 4 3 3 3 2 2 2 2 2 2 2 3 3 3 2 2 2 2 2 2
7 8 8 8 8 8 7 6 4 3 2 1 0 0 0 0 0 0 0 0 1 1 2 2 3 3 4 4 4 4 4 4 4 4 4 5 5 5 5 5 5 5 5 5 5 4 4 4 3 3 2 2 1 1 1 2 2 3 3 4 4 4 4 4 3 3 2 2 2 2 2 3 3 3 4 4 3 3 3 2 2 1 1 2 2 2 2 2 2 2 2 2 2 1 1 1
8 8 8 8 8 8 7 6 5 4 3 2 2 2 2 2 2 1 1 1 2 2 3 3 3 4 4 4 4 5 5 5 5 5 5 5 5 5 5 5 5 5 5 4 4 4 4 3 3 3 2 2 1 1 1 1 2 2 3 3 4 4 3 3 3 2 2 1 1 2 2 2 3 3 3 3 3 2 2 2 1 1 1 1 1 2 2 2 2 2 2 2 1 1 1 1
8 8 9 9 9 9 8 7 6 6 5 4 3 3 3 3 3 3 3 3 3 3 4 4 4 4 5 5 5 5 5 6 6 6 6 6 6 5 5 5 5 5 4 4 4 4 3 3 3 2 2 1 1 1 1 1 2 2 2 3 3 3 3 3 2 2 1 1 1 1 2 2 2 2 2 2 2 2 2 1 1 1 1 1 1 1 2 2 2 2 2 1 1 1 1 1
9 9 9 9 10 10 9 8 7 7 6 5 4 4 4 4 4 4 4 4 4 4 4 5 5 5 5 5 6 6 6 7 7 7 7 6 6 6 5 5 5 4 4 4 4 3 3 3 2 2 2 1 1 0 0 1 1 2 2 2 3 3 2 2 2 1 1 1 1 1 1 1 1 2 2 2 2 1 1 1 1 1 1 1 1 1 1 2 2 2 1 1 1 1 1 0
9 9 10 10 10 10 10 9 8 8 7 6 6 6 6 5 5 5 5 5 5 5 5 5 5 6 6 6 6 7 7 7 8 8 7 7 6 6 5 5 4 4 4 4 3 3 3 3 2 2 1 1 1 0 0 1 1 1 2 2 2 2 2 2 1 1 1 0 0 0 1 1 1 1 1 1 1 1 1 1 0 0 0 1 1 1 1 1 2 1 1 1 1 1 0 0
9 10 10 10 11 11 10 10 9 9 8 8 7 7 7 7 7 6 6 6 6 6 6 6 6 6 6 7 7 7 8 8 9 9 8 7 7 6 5 4 4 4 3 3 3 3 3 2 2 2 1 1 0 0 0 0 1 1 1 2 2 2 2 1 1 1 0 0 0 0 0 0 0 0 0 0 0 0 0 0 0 0 0 0 0 1 1 1 1 1 1 1 1 1 0 0
10 10 10 11 11 12 11 11 10 10 9 9 9 8 8 8 8 8 8 7 7 7 7 7 7 7 7 7 8 8 9 9 10 10 9 8 7 6 5 4 4 3 3 3 3 2 2 2 2 1 1 1 0 0 0 0 0 1 1 1 1 1 1 1 1 0 0 0 0 0 0 0 0 0 0 0 0 0 0 0 0 0 0 0 0 0 1 1 1 1 1 1 1 0 0 0
11 11 11 12 12 13 12 12 12 11 11 10 10 10 10 9 9 9 9 9 8 8 8 8 7 7 7 8 8 8 9 9 10 10 9 8 7 6 5 4 3 3 3 3 2 2 2 2 1 1 1 1 1 0 0 0 1 1 1 1 1 1 1 1 1 0 0 0 0 0 0 0 0 0 0 0 0 0 0 0 0 0 0 0 0 1 1 1 1 1 1 1 0 0 0 0
12 12 13 13 14 14 14 13 13 13 12 12 12 11 11 11 11 10 10 10 10 9 9 9 8 8 8 8 8 9 9 9 9 9 8 8 7 6 5 4 3 3 3 2 2 2 2 1 1 1 1 1 1 1 1 1 1 1 1 1 1 1 1 1 1 1 0 0 0 0 0 1 1 1 1 1 1 1 1 1 0 0 0 1 1 1 1 1 1 1 1 1 1 0 0 0
13 13 14 14 15 15 15 15 14 14 14 13 13 13 13 12 12 12 12 11 11 10 10 9 9 8 8 8 8 9 9 9 9 9 8 7 6 6 5 4 3 3 3 2 2 2 1 1 1 2 2 2 2 2 2 2 2 2 2 2 2 2 1 1 1 1 1 0 1 1 1 1 1 2 2 2 2 1 1 1 1 1 1 1 1 1 1 1 1 1 1 1 1 0 0 0
14 15 15 16 16 16 16 16 16 15 15 15 15 14 14 14 14 13 13 13 12 11 11 10 9 9 8 9 9 9 9 9 9 9 8 7 6 5 5 4 3 3 2 2 2 1 1 1 1 2 2 2 3 3 3 3 3 3 2 2 2 2 2 1 1 1 1 1 1 1 2 2 2 2 3 3 2 2 2 2 2 1 1 1 1 1 1 1 1 1 1 1 1 0 0 0
16 16 16 17 17 18 17 17 17 17 16 16 16 16 15 15 15 15 14 14 13 12 12 11 10 9 9 9 9 9 9 9 9 8 7 7 6 5 4 4 3 3 2 2 1 1 1 1 1 2 2 3 4 4 4 4 4 3 3 2 2 2 2 2 2 1 1 1 1 2 2 2 3 3 4 3 3 3 3 3 2 2 2 2 2 2 2 2 1 1 1 1 1 0 0 0
17 17 18 18 18 19 19 18 18 18 18 18 18 17 17 17 16 16 16 15 14 14 13 12 11 10 9 9 9 9 9 8 8 8 7 6 6 5 4 4 3 3 2 2 1 1 0 0 1 2 3 3 4 5 5 5 4 4 3 3 2 2 2 2 2 2 2 2 2 2 3 3 3 4 4 4 4 4 3 3 3 3 2 2 2 2 2 2 2 1 1 1 1 0 0 0
18 18 19 19 20 20 20 20 20 19 19 19 19 19 18 18 18 17 17 17 16 15 14 13 12 11 10 9 9 9 9 8 8 7 7 6 5 5 4 4 3 2 2 1 1 0 0 0 1 2 3 4 5 6 6 6 5 4 4 3 3 2 2 2 2 2 2 2 2 3 3 4 4 5 5 5 5 5 4 4 3 3 3 3 2 2 2 2 2 1 1 1 1 1 0 0
18 19 19 20 20 20 20 20 20 20 20 19 19 19 18 18 18 17 17 16 15 14 13 12 12 11 10 9 9 9 8 8 8 7 7 6 5 5 4 4 3 2 2 2 1 1 0 0 1 2 3 4 6 7 7 6 5 5 4 4 3 3 3 3 2 2 2 2 3 3 4 4 5 5 6 6 5 5 4 4 4 3 3 3 2 2 2 2 2 1 1 1 1 1 0 0
18 19 19 20 20 20 20 20 20 20 19 19 19 18 18 17 17 17 16 15 15 14 13 12 11 10 10 9 9 8 8 8 7 7 6 6 5 5 4 4 3 3 2 2 1 1 0 1 2 3 4 5 6 7 7 6 6 5 4 4 3 3 3 3 3 3 3 3 3 4 4 4 5 5 6 5 5 5 4 4 3 3 3 3 2 2 2 2 2 1 1 1 1 0 0 0
18 19 19 20 20 20 20 20 20 19 19 19 18 18 17 17 16 16 15 15 14 13 12 11 11 10 9 9 9 8 8 8 7 7 6 6 5 5 4 4 3 3 2 2 2 1 1 1 2 3 4 5 6 7 7 7 6 5 5 4 4 3 3 3 4 4 4 4 4 4 5 5 5 5 6 5 5 5 4 4 3 3 3 2 2 2 2 2 2 1 1 1 1 0 0 0
18 19 19 20 20 20 20 20 19 19 19 18 18 17 17 16 15 15 14 14 13 12 12 11 10 10 9 9 8 8 8 7 7 7 6 6 5 5 4 4 3 3 3 2 2 2 1 2 3 4 5 5 6 7 8 7 6 6 5 5 4 4 4 4 4 4 4 5 5 5 5 5 5 6 6 5 5 5 4 4 3 3 2 2 2 2 2 2 2 1 1 1 1 0 0 0
18 19 19 20 20 21 20 20 19 19 18 18 18 17 16 15 15 14 13 13 12 12 11 10 10 9 9 8 8 8 7 7 7 6 6 5 5 5 4 4 3 3 3 3 2 2 2 2 3 4 5 6 7 8 8 7 7 6 5 5 4 4 4 4 5 5 5 5 5 5 6 6 6 6 6 5 5 4 4 3 3 2 2 2 2 2 2 2 2 1 1 1 1 0 0 0
18 19 19 20 20 21 20 20 19 19 18 18 17 16 16 15 14 13 12 12 11 11 10 10 9 9 9 8 8 8 7 7 6 6 6 5 5 5 4 4 4 3 3 3 3 2 2 2 3 4 5 6 7 8 8 8 7 6 6 5 5 4 5 5 5 5 6 6 6 6 6 6 6 6 6 5 5 4 4 3 3 2 2 2 2 2 2 2 2 1 1 1 1 0 0 0
18 19 19 20 20 21 20 19 19 18 18 17 17 16 15 14 13 12 11 11 10 10 10 9 9 9 8 8 8 7 7 7 6 6 5 5 5 5 4 4 4 3 3 3 3 3 2 3 4 5 6 7 7 8 9 8 7 7 6 5 5 5 5 5 6 6 6 7 7 7 6 6 6 6 6 5 5 4 4 3 3 2 2 2 2 2 2 2 2 1 1 1 1 0 0 0
19 19 19 20 20 20 20 19 19 18 18 17 17 16 15 14 13 12 11 10 10 10 9 9 9 9 8 8 7 7 7 6 6 6 5 5 5 5 4 4 4 4 4 3 3 3 3 3 4 5 6 7 8 9 9 8 8 7 7 6 5 5 5 6 6 6 6 6 6 6 6 6 6 6 6 6 5 4 4 3 3 2 2 2 2 2 2 2 2 1 1 1 1 1 0 0
19 19 20 20 20 20 20 19 19 18 18 17 16 16 15 14 13 12 11 10 10 10 9 9 9 8 8 8 7 7 7 6 6 6 5 5 5 5 5 5 4 4 4 4 4 4 3 4 5 5 6 7 8 9 9 9 8 8 7 7 6 6 6 6 6 6 6 6 6 6 6 6 6 6 6 6 5 5 4 4 3 3 2 2 2 2 2 2 2 1 1 1 1 1 1 0
19 20 20 20 20 20 20 19 18 18 17 17 16 15 15 14 13 12 11 11 10 10 9 9 8 8 8 7 7 7 6 6 6 6 6 5 5 5 5 5 5 5 5 4 4 4 4 4 5 6 7 8 9 9 10 9 9 8 8 7 7 6 6 6 6 5 5 5 5 5 5 6 6 6 6 6 6 5 5 4 4 3 3 3 2 2 2 2 2 2 1 1 1 1 1 1
20 20 20 20 20 20 19 19 18 18 17 17 16 15 14 14 13 12 11 11 10 10 9 9 8 8 7 7 7 7 6 6 6 6 6 6 6 6 5 5 5 5 5 5 5 4 4 5 5 6 7 8 9 10 10 10 9 9 8 8 7 7 7 6 6 5 5 4 4 4 5 5 6 6 6 6 6 5 5 4 4 3 3 3 3 2 2 2 2 2 2 1 1 1 1 1
20 20 20 20 20 20 19 19 18 18 17 16 16 15 14 14 13 12 11 11 10 10 9 9 8 8 7 7 7 6 6 6 6 6 6 6 6 6 6 6 6 6 5 5 5 5 5 5 6 7 8 8 9 10 10 10 10 9 9 8 8 8 7 6 5 5 4 3 3 4 4 5 5 6 7 7 6 6 5 5 4 4 4 3 3 3 2 2 2 2 2 2 2 2 2 2
21 21 20 20 20 20 19 19 18 17 17 16 16 15 14 13 13 12 11 11 10 9 9 8 8 7 7 7 6 6 6 6 6 5 6 6 6 6 6 6 6 6 6 6 6 5 5 5 6 7 8 9 10 10 11 10 10 10 9 9 9 8 7 6 5 4 3 3 3 3 4 5 5 6 7 7 6 6 6 5 5 4 4 4 3 3 2 2 2 2 2 2 2 2 2 2
21 21 21 20 20 20 19 18 18 17 17 16 16 15 14 13 13 12 11 11 10 9 9 8 8 7 7 6 6 6 6 6 5 5 6 6 6 6 7 7 7 7 6 6 6 6 6 6 7 7 8 9 10 11 11 11 10 10 10 10 9 9 8 6 5 4 3 2 2 3 3 4 5 6 7 7 7 6 6 5 5 5 4 4 3 3 3 2 2 2 2 2 2 2 2 2
22 22 21 21 20 20 19 19 18 17 17 16 16 15 14 14 13 12 12 11 10 10 9 8 8 7 7 7 7 6 6 6 6 6 6 6 6 7 7 7 7 7 7 6 6 6 6 6 7 7 8 9 10 10 11 10 10 10 10 9 9 8 7 6 5 4 3 2 2 3 4 4 5 6 7 7 7 6 6 6 5 5 5 4 4 3 3 2 2 2 2 2 2 2 2 3
24 23 22 21 21 20 19 19 18 18 17 16 16 15 15 14 13 13 12 11 11 10 10 9 8 8 7 7 7 7 7 6 6 6 6 6 7 7 7 7 7 7 7 6 6 6 6 6 7 7 8 8 9 10 10 10 9 9 9 9 9 8 7 6 5 4 3 2 2 3 4 4 5 6 7 7 6 6 6 6 5 5 5 4 4 3 3 3 2 2 2 2 2 3 3 3
25 24 23 22 21 20 20 19 19 18 17 17 16 15 15 14 13 13 12 12 11 10 10 9 9 8 8 8 7 7 7 7 7 7 7 7 7 7 7 7 7 7 7 7 6 6 6 6 7 7 8 8 8 9 9 9 9 9 8 8 8 7 7 6 5 4 3 3 3 3 4 5 5 6 6 7 6 6 6 6 6 6 5 5 4 4 3 3 2 2 2 2 3 3 3 3
26 25 24 23 22 21 20 19 19 18 18 17 16 16 15 14 14 13 13 12 11 11 10 10 9 9 8 8 8 8 8 7 7 7 7 7 7 7 7 7 7 7 7 7 7 6 6 6 7 7 7 8 8 8 8 8 8 8 8 8 7 7 6 6 5 4 4 3 3 4 4 5 5 6 6 6 6 6 6 6 6 6 5 5 4 4 3 3 2 2 2 3 3 3 3 4
27 26 25 24 22 21 20 20 19 18 18 17 16 16 15 15 14 13 13 12 12 11 11 10 10 9 9 9 8 8 8 8 8 7 7 7 7 7 7 7 7 7 7 7 7 6 6 6 7 7 7 7 7 8 8 7 7 7 7 7 7 6 6 5 5 4 4 3 4 4 4 5 5 6 6 6 6 6 6 6 6 6 6 5 5 4 3 3 2 2 3 3 3 3 4 4
29 27 26 24 23 21 21 20 19 19 18 17 17 16 16 15 14 14 13 13 12 12 11 11 10 10 9 9 9 9 8 8 8 8 8 8 8 8 8 7 7 7 7 7 7 7 6 6 6 7 7 7 7 7 7 7 7 7 6 6 6 6 6 5 5 5 4 4 4 4 5 5 5 6 6 6 6 6 6 6 6 6 6 5 5 4 4 3 2 3 3 3 3 4 4 4
30 28 27 25 23 22 21 20 20 19 18 18 17 16 16 15 15 14 14 13 13 12 12 11 11 10 10 10 9 9 9 9 8 8 8 8 8 8 8 8 7 7 7 7 7 7 7 6 6 6 6 6 6 6 6 6 6 6 6 6 6 5 5 5 5 5 4 4 4 5 5 5 5 5 6 6 6 6 6 6 7 7 6 6 5 4 4 3 3 3 3 3 4 4 4 5
31 29 27 26 24 22 21 21 20 19 18 17 17 16 16 15 15 14 14 13 13 12 12 11 11 10 10 10 9 9 9 9 9 8 8 8 8 8 8 8 8 8 8 7 7 7 7 7 7 7 6 6 6 6 6 6 6 6 6 6 6 6 5 5 5 5 5 4 5 5 5 5 5 6 6 6 6 6 6 6 6 7 6 6 5 4 4 3 2 2 3 3 4 4 4 5
32 30 28 26 24 22 22 21 20 19 18 17 16 16 16 15 15 14 14 13 13 12 12 11 11 10 10 10 9 9 9 9 9 8 8 8 8 8 8 8 8 8 8 8 8 8 8 8 7 7 7 6 6 6 5 5 6 6 6 6 6 6 6 5 5 5 5 5 5 5 5 6 6 6 6 6 6 6 6 6 6 6 6 5 5 4 3 3 2 2 2 3 3 4 4 5
33 31 29 27 25 23 22 21 20 19 18 17 16 16 15 15 14 14 14 13 13 12 12 11 11 10 10 10 9 9 9 9 8 8 8 8 8 8 8 8 8 8 8 8 8 9 9 8 8 7 7 6 6 5 5 5 5 6 6 6 6 6 6 6 5 5 5 5 5 5 5 6 6 6 7 7 7 7 6 6 6 6 6 5 4 4 3 2 1 2 2 3 3 4 4 5
34 32 30 27 25 23 22 21 20 19 18 17 16 16 15 15 14 14 14 13 13 12 12 11 11 10 10 10 9 9 9 9 8 8 8 8 9 9 9 9 9 9 9 9 9 9 9 9 8 8 7 6 6 5 5 5 5 5 6 6 6 6 6 6 6 5 5 5 5 5 6 6 6 7 7 7 7 7 7 6 6 6 5 5 4 3 3 2 1 1 2 2 3 4 4 5
35 33 30 28 26 23 22 21 20 19 18 17 16 15 15 15 14 14 14 13 13 12 12 11 11 10 10 10 9 9 9 9 8 8 8 9 9 9 9 9 9 9 9 10 10 10 10 10 9 8 7 6 5 5 4 5 5 5 6 6 6 6 6 6 6 5 5 5 5 6 6 6 7 7 7 7 7 7 7 6 6 6 5 4 4 3 2 1 1 1 2 2 3 4 4 5
36 34 31 29 26 24 23 21 20 19 18 17 16 15 15 15 14 14 14 13 13 12 12 11 11 10 10 10 9 9 9 9 8 8 8 9 9 9 9 9 10 10 10 10 10 10 11 10 9 8 7 6 5 4 4 4 5 5 6 6 6 7 6 6 6 6 5 5 5 6 6 7 7 7 8 8 7 7 7 6 6 6 5 4 3 3 2 1 0 1 1 2 3 4 4 5
37 35 32 29 27 24 23 22 20 19 18 16 15 15 15 14 14 14 14 13 13 12 12 11 11 10 10 10 9 9 9 9 8 8 9 9 9 9 9 10 10 10 10 11 11 11 11 11 10 9 7 6 5 4 4 4 5 5 6 6 7 7 7 6 6 6 6 5 5 6 6 7 7 8 8 8 8 7 7 6 6 5 5 4 3 2 1 1 0 0 1 2 3 3 4 5
35 33 30 28 25 23 22 21 20 19 17 16 15 15 14 14 13 13 12 12 11 11 11 10 10 9 9 9 8 8 8 8 8 8 8 8 8 8 9 9 9 10 10 11 11 12 12 12 11 9 8 7 5 4 4 4 4 5 5 5 6 6 6 5 5 5 5 5 5 5 6 6 7 7 7 7 7 7 6 6 6 5 5 4 3 3 2 1 1 1 2 3 3 4 5 6
33 31 28 26 24 22 21 20 19 18 17 16 15 14 14 13 12 12 11 10 10 10 9 9 8 8 8 8 8 7 7 7 7 7 7 7 7 8 8 8 8 9 10 11 12 13 13 13 12 10 9 7 6 4 4 4 4 4 4 5 5 5 5 5 4 4 4 4 4 4 5 5 6 6 7 7 6 6 6 6 6 5 5 4 4 3 3 2 2 2 3 4 4 5 6 7
30 28 26 24 22 21 20 19 18 17 16 16 15 14 13 12 11 10 9 9 8 8 8 8 7 7 7 7 7 6 6 6 6 6 6 6 6 7 7 7 7 9 10 11 12 13 15 15 13 11 9 8 6 4 4 4 4 4 4 4 4 4 4 4 3 3 3 3 3 4 4 4 5 5 6 6 6 6 6 5 5 5 5 5 4 4 4 3 3 3 4 5 5 6 7 7
28 26 24 23 21 19 19 18 17 17 16 15 15 14 12 11 10 9 8 7 7 7 6 6 6 6 6 6 6 6 5 5 5 5 5 6 6 6 6 6 7 8 10 11 13 14 16 16 14 12 10 8 6 5 4 3 3 3 3 3 3 3 3 3 2 2 2 2 2 3 3 4 4 5 5 5 5 5 5 5 5 5 5 5 5 5 4 4 4 5 5 6 6 7 8 8
25 24 22 21 19 18 18 17 17 16 16 15 14 13 12 10 9 8 6 5 5 5 5 5 5 5 5 5 5 5 5 5 5 5 5 5 5 5 5 5 6 7 9 11 13 15 17 17 15 13 11 9 7 5 4 3 3 3 2 2 2 2 2 2 1 1 1 1 1 2 2 3 3 4 4 4 4 5 5 5 5 5 5 5 5 5 5 5 5 6 6 7 7 8 8 9
23 21 20 19 18 17 16 16 16 16 15 15 14 13 11 10 8 6 5 4 4 4 4 4 4 4 4 4 4 4 4 4 4 4 4 4 4 4 4 4 5 7 9 11 14 16 18 18 16 14 12 9 7 5 3 3 3 2 2 1 1 1 1 1 1 1 0 0 1 1 2 2 2 3 3 4 4 4 4 5 5 5 5 5 6 6 6 6 6 7 7 8 8 9 9 10
20 19 18 17 16 16 15 15 15 15 15 15 14 12 11 9 7 5 3 2 2 2 2 2 3 3 3 3 3 3 3 3 3 3 3 3 3 3 3 3 4 6 9 11 14 17 19 20 17 15 12 10 7 5 3 3 2 2 1 0 0 0 0 0 0 0 0 0 0 0 1 1 2 2 2 3 3 4 4 4 5 5 5 6 6 6 7 7 8 8 8 9 9 10 10 10
19 18 17 16 16 15 15 15 15 14 14 14 14 12 10 9 7 5 3 2 2 2 2 2 2 2 2 2 2 2 2 3 3 3 3 3 3 3 3 3 4 7 9 11 14 16 18 19 16 14 12 10 8 5 4 4 3 2 2 1 1 1 0 0 0 0 0 0 0 0 1 2 2 3 3 4 4 5 5 6 6 6 7 7 7 7 8 8 8 8 9 10 10 11 11 12
18 17 16 16 15 15 14 14 14 14 14 13 13 11 10 8 7 5 4 3 2 2 2 2 2 2 2 2 2 2 2 2 2 3 3 3 3 4 4 4 5 7 9 11 13 15 17 18 16 14 12 10 8 6 5 4 4 3 3 3 2 2 1 1 1 0 0 0 0 1 1 2 3 4 5 5 6 6 6 7 7 8 8 8 8 8 8 8 8 9 10 10 11 11 12 13
