pluvio/pluvio-297.asc
ncols         252
nrows         154
xllcorner     -0.5
yllcorner     -153.5
cellsize      1
NODATA_value  -9999
[rows 53 to 105 of 154, columns 96 to 191 of 252]
114 117 120 122 125 127 125 124 123 121 120 118 117 116 115 114 113 112 111 109 108 107 106 104 103 102 101 101 101 101 101 101 101 102 101 101 101 101 101 101 100 98 96 94 92 90 88 89 94 99 104 109 113 118 119 116 113 110 107 104 100 99 98 98 97 97 96 96 94 91 88 85 82 80 77 75 74 74 73 72 71 71 71 72 73 73 74 75 76 75 73 70 68 66 64 62
107 109 112 114 117 119 118 117 116 115 114 113 113 111 110 109 108 107 106 105 104 103 102 100 99 98 97 98 99 99 100 100 101 101 101 101 101 101 101 100 100 100 99 99 99 98 98 99 103 107 110 114 118 121 122 118 115 111 108 104 101 99 99 99 99 98 98 98 97 94 91 88 85 82 79 78 76 75 74 73 72 71 71 72 72 73 74 75 76 74 72 69 67 65 63 60
99 101 104 107 109 111 111 110 110 109 109 108 108 107 106 105 104 103 102 101 100 99 98 96 95 94 94 95 96 97 98 99 100 101 101 100 100 100 100 100 100 101 103 104 105 106 108 109 112 114 117 119 122 124 124 120 116 112 109 105 101 99 99 100 100 100 101 101 99 96 94 91 88 85 82 80 78 77 75 74 73 71 71 72 72 73 74 74 75 74 71 69 66 64 61 59
91 94 96 99 102 104 104 104 104 104 104 104 103 102 101 100 99 98 97 96 95 94 93 93 92 91 91 92 94 95 96 98 99 100 100 100 100 100 99 99 100 103 106 109 112 114 117 120 121 122 124 125 126 128 126 122 118 114 109 105 101 99 100 101 101 102 103 103 102 99 96 93 90 88 85 82 81 79 77 75 73 71 71 72 72 73 73 74 75 73 70 68 65 62 60 57
83 86 89 91 94 96 96 97 97 98 98 99 99 98 97 96 95 94 93 92 91 90 89 89 88 87 87 89 91 93 95 97 99 100 100 99 99 99 99 99 100 105 109 114 118 123 127 130 130 130 130 130 131 131 129 124 119 115 110 106 101 99 101 102 103 104 105 106 105 102 99 96 93 90 87 85 83 80 78 76 74 71 71 72 72 73 73 74 74 72 70 67 64 61 58 56
76 78 81 83 86 88 89 90 91 92 93 94 94 93 92 91 90 89 88 87 87 86 85 85 84 84 84 86 89 91 93 96 98 99 99 99 99 98 98 98 100 106 112 118 124 131 137 140 139 138 137 136 135 134 131 126 121 116 111 106 101 100 101 103 104 105 107 108 107 104 102 99 96 93 90 87 85 82 79 77 74 72 71 71 72 72 73 73 74 72 69 66 63 60 57 54
68 71 73 76 78 81 82 83 85 86 87 89 89 88 88 87 86 85 84 83 82 82 81 81 80 80 80 83 86 89 92 94 97 99 99 98 98 98 98 97 100 108 115 123 131 139 146 150 148 146 143 141 139 137 133 128 123 117 112 107 101 100 102 104 105 107 109 111 110 107 104 101 98 96 93 90 87 84 81 78 75 72 71 71 72 72 73 73 73 71 68 65 62 59 56 53
64 66 69 71 73 75 77 78 80 81 83 84 85 85 85 85 84 84 84 83 83 83 82 82 81 81 81 84 86 89 92 94 97 99 98 98 98 97 97 97 99 106 113 119 126 133 139 143 142 141 140 139 137 136 133 128 123 118 113 107 102 101 102 103 105 106 107 109 108 105 102 99 96 93 90 87 84 82 79 77 74 71 71 71 72 72 73 73 74 72 69 67 64 61 58 56
60 62 64 66 68 70 72 74 75 77 78 80 81 82 82 83 83 84 84 84 84 84 83 83 83 82 83 85 87 90 92 94 97 98 98 98 97 97 97 97 98 104 109 114 120 125 130 133 134 134 134 135 135 135 133 128 123 118 113 108 103 101 102 103 103 104 105 106 104 101 98 95 92 89 86 84 82 79 77 75 73 71 71 71 72 72 73 74 74 73 71 68 66 64 62 59
56 58 60 62 64 66 67 69 71 72 74 76 77 79 80 81 82 83 85 86 85 85 85 84 84 84 84 86 88 90 92 94 96 98 97 97 97 97 96 96 98 102 105 109 113 117 121 124 126 128 129 131 133 135 133 128 123 119 114 109 104 102 102 102 102 102 103 103 101 98 95 92 89 86 83 81 79 77 75 74 72 70 70 71 72 73 73 74 75 74 72 70 68 67 65 63
53 54 56 57 59 61 62 64 66 68 70 72 73 75 77 79 81 83 85 87 86 86 86 86 85 85 85 87 89 91 92 94 96 97 97 97 96 96 96 96 97 99 102 104 107 110 112 115 118 121 124 127 130 134 133 128 124 119 114 110 105 103 102 102 101 101 100 100 98 95 92 89 85 82 79 77 76 75 74 72 71 70 70 71 72 73 74 74 75 75 73 72 71 69 68 67
49 50 52 53 54 56 58 60 62 64 65 67 70 72 75 78 80 83 86 88 87 87 87 87 87 87 87 88 90 91 93 94 96 97 96 96 96 96 96 96 96 97 98 99 101 102 103 106 110 115 119 124 128 133 133 128 124 119 115 110 106 103 102 101 100 99 98 97 95 91 88 85 82 79 76 74 73 72 72 71 70 69 70 71 72 73 74 75 76 76 75 74 73 72 71 70
45 46 47 48 50 51 53 55 57 59 61 63 66 69 72 76 79 83 86 89 89 88 88 88 88 88 88 89 91 92 93 94 95 96 96 96 96 96 95 95 95 95 95 94 94 94 94 96 102 108 114 120 126 132 133 128 124 120 115 111 107 104 102 101 99 97 96 94 91 88 85 82 79 75 72 71 70 70 70 69 69 69 70 71 72 73 74 75 76 76 76 76 75 75 74 74
42 42 43 44 45 46 48 50 52 55 57 59 62 66 70 74 78 82 87 90 90 90 90 90 89 89 90 91 91 92 93 94 95 96 95 95 95 95 95 95 94 93 91 89 88 86 85 87 94 102 109 116 123 131 132 128 124 120 116 112 108 104 102 100 98 96 93 91 88 85 82 78 75 72 69 68 68 68 68 68 68 68 69 71 72 73 74 76 77 77 77 77 77 78 78 78
42 42 43 44 44 45 47 49 51 53 55 57 60 64 68 72 76 81 85 88 88 88 89 89 89 89 90 90 91 92 93 94 94 95 95 95 95 95 96 96 95 94 92 91 89 88 86 89 95 102 109 116 122 129 131 127 123 118 114 110 106 103 101 99 96 94 92 90 87 84 81 79 76 73 70 69 68 68 68 68 68 67 68 69 70 71 72 73 74 74 75 75 75 75 75 75
42 43 43 44 44 45 47 49 50 52 54 56 58 62 66 70 74 78 83 86 86 87 87 88 88 89 89 90 91 92 92 93 94 94 95 95 95 96 96 97 96 95 94 93 91 90 89 91 97 103 109 115 121 127 129 125 121 117 113 109 105 102 99 97 95 93 91 89 86 84 81 79 76 74 71 70 69 69 68 67 67 66 66 67 68 69 70 70 71 71 71 71 71 71 71 71
43 43 44 44 44 45 47 48 50 51 53 54 56 60 64 68 72 76 81 84 85 85 86 87 88 88 89 90 90 91 92 92 93 94 94 95 96 96 97 97 97 96 95 94 93 92 91 93 99 104 110 115 120 126 127 123 119 115 111 107 103 100 98 96 94 92 90 88 85 83 81 79 77 75 73 71 70 69 68 67 66 65 65 66 66 67 67 68 68 68 68 68 68 68 68 68
43 43 44 44 44 45 46 47 49 50 51 52 54 58 62 66 70 74 78 82 83 84 85 86 87 88 89 90 90 91 91 92 92 93 94 95 96 97 97 98 99 98 97 96 95 95 94 96 100 105 110 115 119 124 125 121 117 113 109 105 101 98 96 94 92 90 88 86 85 83 81 79 78 76 74 73 71 70 68 67 65 64 64 64 64 65 65 65 65 65 65 65 65 64 64 64
43 44 44 44 45 45 46 47 48 49 50 51 52 56 60 64 68 72 76 80 81 82 84 85 86 88 89 89 90 90 91 91 92 92 93 95 96 97 98 99 100 99 99 98 98 97 96 98 102 106 110 114 119 123 123 119 115 111 107 104 100 97 95 93 91 89 87 85 84 82 81 80 78 77 76 74 72 70 68 67 65 63 62 62 62 62 62 63 63 62 62 62 61 61 61 60
44 44 44 44 45 45 46 46 47 48 48 49 51 55 58 62 66 70 74 78 79 81 82 84 86 87 89 89 89 90 90 91 91 92 93 94 96 97 99 100 101 101 100 100 100 99 99 100 104 107 111 114 118 121 121 117 113 110 106 102 98 95 93 92 90 88 86 84 83 82 81 80 79 78 77 75 73 71 69 66 64 62 61 61 60 60 60 60 60 59 59 59 58 58 57 57
44 44 44 44 45 45 45 46 46 47 47 48 49 53 57 60 64 68 72 75 77 79 81 83 85 87 89 89 89 89 90 90 90 91 93 94 96 98 99 101 102 102 102 102 102 102 101 103 105 108 111 114 117 119 119 115 112 108 104 100 97 94 92 90 88 87 85 83 82 81 81 80 80 79 79 77 74 71 69 66 63 61 59 59 59 58 58 57 57 56 56 55 55 54 54 53
45 45 45 45 45 46 46 47 47 48 48 49 50 54 57 60 64 67 71 74 76 78 80 82 84 86 88 89 90 91 91 92 93 94 96 97 99 100 102 103 104 104 104 104 104 104 104 105 107 109 111 113 115 118 117 114 111 108 105 102 99 96 94 93 91 89 87 85 84 83 82 81 80 79 78 76 74 72 70 68 66 63 62 62 62 62 61 61 61 60 60 59 59 58 57 57
45 46 46 46 46 47 47 48 49 49 50 50 52 55 57 60 63 66 69 72 74 77 79 81 84 86 88 89 90 92 93 94 96 97 98 100 101 103 104 106 107 107 107 106 106 106 106 107 108 110 111 113 114 116 115 113 111 108 106 104 101 99 97 95 93 91 89 87 85 84 83 81 80 79 77 76 74 73 71 70 68 66 66 65 65 65 65 65 64 64 63 63 62 62 61 61
46 46 47 47 47 48 48 49 50 50 51 52 53 55 58 61 63 66 68 71 73 75 78 80 83 85 87 89 91 93 95 97 98 100 101 103 104 106 107 109 109 109 109 109 109 109 108 109 110 110 111 112 113 114 114 112 110 109 107 105 104 102 100 97 95 93 91 89 87 85 83 82 80 78 77 75 74 73 72 71 70 69 69 69 69 69 69 68 68 68 67 67 66 66 65 65
47 47 47 48 48 49 49 50 51 52 53 53 54 56 59 61 63 65 67 69 72 74 77 79 82 85 87 89 92 94 96 99 101 103 104 106 107 108 110 111 112 112 111 111 111 111 111 111 111 111 111 112 112 112 112 111 110 109 108 107 106 105 102 100 98 95 93 91 88 86 84 82 80 78 76 75 75 74 74 73 73 72 72 72 72 72 72 72 72 72 71 71 70 70 69 69
47 48 48 49 49 50 51 51 52 53 54 55 56 57 59 61 62 64 65 67 70 73 76 78 81 84 87 90 92 95 98 101 104 106 107 109 110 111 112 114 114 114 114 114 113 113 113 113 112 112 112 111 111 110 110 110 109 109 109 109 109 107 105 102 100 97 95 92 90 88 85 83 80 78 75 75 75 75 75 75 75 75 75 75 76 76 76 76 76 76 75 75 74 74 73 72
48 48 49 50 50 51 52 53 53 54 55 56 57 58 60 61 62 63 64 66 69 72 74 77 80 83 86 90 93 96 100 103 107 109 110 111 113 114 115 116 117 116 116 116 116 116 115 115 114 113 112 111 110 108 108 109 109 110 110 111 111 110 107 105 102 100 97 94 92 89 86 83 80 78 75 74 75 75 76 77 78 78 79 79 79 79 80 80 80 80 79 79 78 77 77 76
48 49 50 50 51 52 53 54 55 56 57 58 59 59 60 61 61 62 63 64 67 70 73 76 80 83 86 90 94 98 101 105 109 112 113 114 115 116 117 118 119 119 119 118 118 118 118 117 115 113 112 110 108 107 106 107 109 110 111 112 113 112 110 107 104 102 99 96 93 90 87 84 80 77 74 74 75 76 77 79 80 81 82 82 82 83 83 83 84 83 83 82 82 81 81 80
51 52 52 53 53 54 55 56 57 58 59 60 61 61 62 62 63 63 64 65 68 71 73 76 79 81 84 88 92 96 99 103 107 109 110 111 112 113 114 115 115 115 115 114 114 114 114 113 111 109 108 106 105 103 103 104 105 106 107 109 110 109 107 105 103 101 99 97 94 90 87 83 80 76 73 72 73 74 75 77 78 79 79 80 80 80 81 81 81 81 80 80 79 78 77 77
54 54 54 55 55 55 56 57 58 59 60 61 62 63 63 64 64 65 65 66 68 71 73 76 78 80 83 87 90 94 97 101 104 107 108 108 109 110 110 111 111 111 111 111 110 110 110 109 107 106 104 102 101 99 99 100 102 103 104 105 106 106 105 103 102 100 99 97 94 90 87 83 79 76 72 71 72 73 74 74 75 76 77 77 78 78 78 79 79 79 78 77 76 75 74 74
56 56 57 57 57 57 58 59 60 61 62 63 64 64 65 65 65 66 66 67 69 71 73 75 77 79 82 85 88 92 95 98 102 104 105 105 106 106 107 108 108 107 107 107 106 106 106 105 103 102 100 99 97 96 96 97 98 99 101 102 103 103 102 101 100 99 98 97 95 91 87 83 79 75 71 70 70 71 72 72 73 74 74 75 75 76 76 76 77 76 75 74 73 72 71 70
59 59 59 59 59 59 60 61 62 63 64 65 66 66 66 67 67 67 67 68 70 71 73 75 76 78 80 83 87 90 93 96 99 102 102 102 103 103 104 104 104 104 103 103 102 102 102 101 99 98 96 95 94 92 92 93 94 96 97 98 100 100 100 99 99 99 98 98 95 91 87 82 78 74 70 68 69 69 70 70 71 71 72 72 73 73 74 74 75 74 73 72 70 69 68 67
62 61 61 61 61 61 62 63 64 65 66 67 68 68 68 68 68 68 68 69 70 71 73 74 75 77 79 82 85 88 91 94 97 99 99 100 100 100 100 100 100 100 99 99 98 98 98 97 95 94 93 91 90 88 88 90 91 92 94 95 96 97 97 97 98 98 98 98 96 91 87 82 78 73 69 67 67 68 68 68 69 69 69 70 70 71 71 72 72 71 70 69 68 66 65 64
64 64 64 63 63 63 64 65 66 67 68 69 70 70 70 70 70 70 70 70 71 72 73 74 75 76 77 80 83 86 89 92 95 97 97 97 97 97 97 97 96 96 96 95 95 94 94 93 91 90 89 87 86 85 85 86 87 89 90 91 93 94 95 95 96 97 98 99 96 91 87 82 77 72 68 66 66 66 66 66 66 67 67 67 68 68 69 69 70 69 68 66 65 63 62 61
67 66 66 66 65 65 66 67 68 69 70 71 71 71 71 71 71 71 71 71 71 72 73 73 74 75 76 79 81 84 87 90 92 94 94 94 94 93 93 93 93 92 92 91 91 90 90 89 88 87 85 84 83 82 81 83 84 85 87 88 89 91 92 93 95 96 97 99 97 92 86 81 76 71 66 64 64 64 64 64 64 64 65 65 66 66 67 67 68 67 65 64 62 61 59 58
69 69 69 68 68 68 69 70 71 72 73 74 74 74 73 73 72 72 71 71 72 73 73 74 75 75 77 79 81 84 86 89 91 93 93 93 93 93 93 93 93 92 92 91 91 90 90 89 88 87 86 84 83 82 82 83 84 85 86 87 88 89 90 92 93 94 95 96 94 89 84 79 74 70 65 63 63 63 63 62 62 62 63 63 64 65 65 66 66 66 64 63 62 61 59 58
72 72 71 71 71 71 72 73 74 75 76 76 77 76 75 75 74 73 72 72 72 73 74 75 75 76 77 79 81 83 86 88 90 91 91 92 92 93 93 93 93 93 92 91 91 90 89 89 88 87 86 85 84 83 83 84 84 85 86 86 87 88 89 90 90 91 92 93 91 86 82 77 72 68 63 61 61 61 61 61 61 60 61 62 62 63 64 64 65 65 64 63 62 60 59 58
74 74 74 74 74 74 75 76 77 78 79 79 80 79 77 76 75 74 73 72 73 74 75 75 76 77 78 80 81 83 85 87 88 90 90 91 91 92 93 93 93 93 92 91 90 90 89 88 88 87 86 85 85 84 84 84 84 85 85 86 86 86 87 88 88 89 90 90 88 84 79 75 70 66 62 60 60 59 59 59 59 58 59 60 61 61 62 63 64 64 63 62 61 60 60 59
77 77 77 77 77 78 78 79 80 81 81 82 83 81 80 78 77 75 74 73 74 74 75 76 77 78 79 80 81 83 84 86 87 88 89 90 91 92 92 93 93 93 92 91 90 90 89 88 88 87 86 86 85 84 84 84 84 84 85 85 85 85 85 86 86 87 87 87 85 81 77 73 68 64 60 58 58 58 57 57 57 57 57 58 59 60 61 62 63 63 62 61 61 60 60 59
79 79 80 80 80 81 81 82 83 84 84 85 85 84 82 80 78 76 74 73 74 75 76 77 78 78 79 80 82 83 84 85 86 87 88 89 90 91 92 93 93 93 92 91 90 89 89 88 88 87 87 86 86 85 85 85 84 84 84 84 84 84 84 84 84 84 84 85 82 78 74 70 66 62 58 57 56 56 56 55 55 55 55 56 57 58 59 60 62 62 61 61 61 60 60 59
82 82 82 83 83 84 85 85 86 87 87 88 88 86 84 82 80 77 75 74 75 76 77 77 78 79 80 81 82 82 83 84 84 85 87 88 89 91 92 93 94 93 92 91 90 89 88 88 87 87 87 87 86 86 86 85 85 84 83 83 82 82 82 82 82 82 82 82 80 76 72 68 64 60 57 55 55 54 54 53 53 53 53 54 56 57 58 59 60 61 60 60 60 60 60 60
84 85 85 86 87 87 88 88 89 90 90 91 91 88 86 84 81 79 76 75 75 76 77 78 79 80 81 81 82 82 83 83 84 84 86 87 89 90 92 93 94 93 92 91 90 89 88 88 87 87 87 87 87 86 86 85 84 84 83 82 81 81 81 80 80 80 79 79 77 73 70 66 62 59 55 54 53 53 52 52 51 51 52 53 54 55 57 58 59 60 60 60 60 60 60 60
87 88 89 89 90 91 91 92 92 93 93 94 94 91 89 86 84 81 79 77 77 78 79 80 80 81 82 82 83 84 85 85 86 87 88 89 90 91 92 93 94 93 92 91 90 89 88 87 87 87 86 86 86 85 85 84 83 83 82 81 81 80 80 79 79 79 78 78 76 72 69 65 62 58 55 53 53 52 52 52 51 51 52 53 54 55 56 58 59 59 59 59 59 59 60 60
91 91 92 93 94 95 95 95 96 96 97 97 97 94 92 89 86 84 81 79 80 80 80 81 81 82 83 83 84 85 86 87 88 89 90 91 91 92 93 94 94 93 92 91 90 89 88 87 87 86 86 85 85 84 84 83 83 82 81 80 80 79 79 78 78 78 77 77 75 71 68 64 61 57 54 53 52 52 52 52 51 51 52 53 54 55 56 57 58 59 59 59 59 59 59 59
94 95 96 97 97 98 99 99 99 99 100 100 100 97 94 92 89 86 83 81 82 82 82 82 83 83 83 85 86 87 88 89 91 91 92 92 93 93 93 94 94 93 92 91 90 89 88 87 86 86 85 85 84 83 83 82 82 81 80 80 79 78 78 78 77 77 76 76 74 70 67 64 60 57 54 52 52 52 52 51 51 51 52 53 54 55 56 57 58 58 58 58 58 59 59 59
97 98 99 100 101 102 102 102 103 103 103 103 103 100 97 94 91 89 86 84 84 84 84 84 84 84 84 86 87 89 90 91 93 94 94 94 94 94 94 94 94 93 92 91 90 89 88 87 86 85 85 84 83 82 82 81 81 80 79 79 78 78 77 77 76 76 75 74 72 69 66 63 59 56 53 52 52 51 51 51 51 51 52 53 54 55 55 56 57 58 58 58 58 58 58 58
100 102 103 104 105 106 106 106 106 106 106 106 106 103 100 97 94 91 88 86 86 85 85 85 85 85 85 87 88 90 92 94 95 96 96 96 95 95 95 94 94 93 92 91 90 89 88 87 86 85 84 83 82 81 81 80 80 79 79 78 77 77 76 76 75 74 74 73 71 68 65 62 59 56 52 51 51 51 51 51 51 51 52 53 53 54 55 56 57 57 57 57 57 58 58 58
104 105 106 107 108 109 109 109 109 109 109 109 108 105 102 99 96 94 91 88 88 87 87 86 86 86 86 88 90 92 94 96 98 99 98 97 96 96 95 94 94 93 92 91 90 89 88 87 86 85 83 82 81 80 80 79 79 78 78 77 77 76 75 75 74 73 73 72 70 67 64 61 58 55 52 51 51 51 51 51 51 51 52 53 53 54 55 56 56 57 57 57 57 57 57 57
107 108 109 110 111 112 112 112 112 112 112 111 111 108 105 102 99 96 93 90 90 89 88 88 87 87 87 89 91 93 95 98 100 101 100 99 98 97 96 95 94 93 92 91 90 89 88 87 86 84 83 82 81 80 79 78 78 78 77 77 76 76 75 74 74 73 72 72 70 67 64 61 58 55 52 51 51 51 51 51 51 51 52 53 53 54 55 55 56 56 57 57 57 57 57 57
108 109 109 110 111 112 112 111 111 110 110 110 109 106 103 101 98 96 93 91 91 90 90 90 89 89 90 91 93 95 97 99 100 101 100 99 98 97 96 95 94 93 92 92 91 90 90 89 87 86 85 83 82 81 80 79 79 79 78 78 78 77 77 76 76 75 75 74 72 69 66 63 60 56 53 52 52 52 52 52 52 52 53 53 54 55 56 56 57 57 57 57 57 57 57 57
109 109 110 111 111 112 111 110 110 109 108 108 107 105 102 100 98 95 93 91 91 92 92 92 92 92 92 94 95 97 98 100 101 102 101 100 98 97 96 95 94 94 93 93 92 92 91 90 89 87 86 84 83 81 80 80 80 80 80 80 79 79 79 78 78 77 77 76 74 71 68 65 62 58 55 54 54 54 54 53 53 53 54 54 55 56 57 57 58 58 58 58 58 57 57 57
110 110 110 111 111 111 110 109 109 108 107 106 105 103 101 99 97 95 93 92 92 93 93 93 94 94 95 96 97 98 100 101 102 103 101 100 99 98 96 95 94 94 94 94 93 93 93 92 91 89 87 85 84 82 81 81 81 81 81 81 81 81 80 80 80 80 79 79 77 74 70 67 64 60 57 55 55 55 55 55 54 54 55 55 56 57 58 58 59 59 59 58 58 58 57 57
111 111 111 111 111 111 110 109 107 106 105 104 103 102 100 98 97 95 94 93 93 94 95 95 96 97 97 98 99 100 101 102 103 103 102 101 99 98 97 95 95 95 95 95 95 95 95 94 92 90 88 87 85 83 82 82 82 82 82 82 82 82 82 82 82 82 82 81 79 76 73 69 66 62 59 57 57 56 56 56 55 55 55 56 57 58 58 59 60 60 59 59 58 58 58 57
