pluvio/pluvio-235.asc
ncols         252
nrows         154
xllcorner     -0.5
yllcorner     -153.5
cellsize      1
NODATA_value  -9999
[rows 96 to 143 of 154, columns 0 to 95 of 252]
41 49 58 66 70 71 71 72 73 73 74 75 76 77 78 79 80 81 81 82 83 83 84 85 85 90 97 104 111 118 125 132 131 126 121 116 111 106 101 102 104 106 108 111 113 115 115 116 116 116 116 116 116 118 119 121 123 124 126 127 128 128 128 128 128 128 128 125 122 119 116 113 110 107 110 114 117 120 123 126 129 130 131 131 132 133 133 134 135 137 138 139 141 142 143 146
41 49 58 66 70 71 71 72 73 73 74 75 76 77 78 79 80 81 82 83 84 84 85 86 87 91 98 104 111 118 124 131 130 126 122 117 113 109 105 106 108 111 113 116 118 121 121 121 120 119 119 118 118 119 121 122 124 126 127 129 128 128 127 126 125 125 124 122 120 119 117 115 113 111 114 118 121 125 128 131 135 135 135 135 135 135 135 135 136 138 139 141 142 143 145 146
41 50 58 66 70 71 71 72 72 73 74 75 76 77 78 79 81 82 83 84 84 85 86 87 88 92 98 105 111 117 123 129 129 125 122 119 115 112 109 110 113 116 119 121 124 127 127 125 124 123 122 120 119 120 122 124 125 127 129 130 129 128 126 124 123 121 120 119 118 118 117 116 116 115 119 122 126 129 133 137 140 139 139 138 137 137 136 136 137 139 140 142 143 145 146 146
42 50 58 66 70 71 71 72 72 73 73 74 76 77 78 80 81 82 83 84 85 86 87 88 89 93 99 105 110 116 122 128 127 125 122 120 117 115 112 114 117 121 124 127 130 133 132 130 128 126 124 123 121 122 123 125 127 128 130 132 130 128 125 123 120 118 116 116 116 117 117 118 118 119 123 126 130 134 138 142 145 144 143 141 140 139 137 136 138 140 141 143 145 146 148 147
42 50 58 66 70 71 71 72 72 73 73 74 76 77 79 80 81 83 84 85 86 87 88 89 91 94 100 105 110 115 121 126 126 125 123 121 120 118 116 118 122 125 129 132 136 139 138 135 132 130 127 125 122 123 125 126 128 130 132 133 131 127 124 121 118 115 111 113 114 116 118 119 121 123 127 131 135 139 143 147 151 149 147 145 143 141 139 137 139 141 142 144 146 148 149 147
42 50 58 66 70 71 71 72 72 73 73 74 76 77 79 80 82 83 85 86 87 88 89 91 92 96 100 105 110 115 120 125 126 125 124 123 122 122 121 123 127 131 135 138 142 146 144 141 138 135 132 128 125 126 128 129 130 132 133 135 131 128 124 120 116 112 108 110 113 116 118 121 124 126 131 135 139 143 147 151 155 153 150 148 145 143 140 138 140 141 143 145 147 149 150 147
43 51 58 66 70 71 71 72 72 73 73 74 76 77 79 80 82 83 85 86 88 89 90 92 93 97 102 106 111 116 121 126 127 128 128 129 129 130 130 133 137 141 145 148 152 156 155 152 149 147 144 142 139 138 138 137 137 136 136 135 132 128 125 121 117 114 110 112 115 118 121 123 126 129 132 136 140 143 147 150 154 152 150 148 146 143 141 139 141 142 143 144 145 146 147 145
43 51 58 66 70 71 71 72 72 73 73 74 76 77 79 81 82 84 85 87 88 90 92 93 95 98 103 108 112 117 122 127 129 131 133 135 136 138 140 143 147 151 155 158 162 166 165 163 161 159 157 155 152 150 148 145 143 140 138 136 132 129 125 122 119 115 112 114 117 120 123 126 128 131 134 137 140 144 147 150 153 151 149 148 146 144 143 141 142 142 143 143 144 144 145 143
43 51 58 66 70 70 71 72 72 73 73 74 76 78 79 81 82 84 86 87 89 91 93 94 96 100 104 109 114 118 123 127 131 134 137 140 143 147 150 153 157 161 165 168 172 176 175 174 172 171 169 168 166 162 158 153 149 145 140 136 133 130 126 123 120 117 114 116 119 122 125 128 131 134 136 139 141 144 146 149 151 150 149 148 146 145 144 143 143 142 142 142 142 142 142 141
43 51 58 66 70 70 71 71 72 73 73 74 76 78 79 81 83 84 86 88 90 92 94 95 97 101 106 110 115 119 124 128 133 137 142 146 150 155 159 163 167 171 175 178 182 186 186 185 184 183 182 181 180 174 168 162 155 149 143 136 133 130 127 124 121 119 116 118 121 124 127 130 133 136 138 140 142 144 146 148 150 149 148 148 147 146 145 144 143 143 142 141 141 140 139 139
44 51 59 66 70 70 71 71 72 73 73 74 76 78 79 81 83 85 86 89 91 93 95 97 99 102 107 111 116 120 125 129 135 140 146 152 158 163 169 173 177 181 185 188 192 196 196 196 195 195 194 194 193 186 178 170 161 153 145 137 134 131 128 126 123 120 118 120 123 126 129 132 136 139 140 142 143 144 146 147 149 148 148 148 147 147 146 146 144 143 142 140 139 138 137 137
44 51 59 66 70 70 71 71 72 73 73 74 76 78 80 81 83 85 87 89 91 93 96 98 100 104 108 112 117 121 126 130 136 143 150 157 165 172 179 183 187 191 195 198 202 206 207 207 207 207 207 207 207 198 188 178 168 158 147 137 134 132 129 127 124 122 119 122 125 128 132 135 138 141 142 143 144 145 146 147 147 147 147 147 147 147 147 147 145 143 141 139 137 135 134 135
45 52 59 66 70 70 71 71 72 73 73 74 76 78 80 82 84 85 88 90 92 95 97 100 102 106 110 114 119 123 128 132 139 147 154 162 170 178 186 191 194 198 202 206 209 213 214 214 215 215 215 216 216 206 195 183 172 160 149 137 134 132 130 128 125 123 121 124 127 130 133 136 140 143 143 144 144 144 145 145 146 146 147 147 147 148 148 148 146 143 141 139 136 134 132 133
46 53 60 67 70 71 71 72 72 73 74 75 77 79 81 83 85 87 89 92 95 98 101 103 106 110 115 119 124 129 133 138 144 151 157 164 171 178 184 188 192 195 199 202 205 209 209 209 209 209 209 208 208 199 189 178 168 157 146 136 133 131 129 128 126 124 122 125 127 130 133 136 139 141 142 142 142 142 142 142 143 143 144 144 145 145 146 146 144 142 140 138 135 133 132 133
48 55 61 67 70 71 72 72 73 73 74 75 78 80 82 84 86 88 91 94 97 101 104 107 111 115 120 124 129 134 139 144 149 155 160 166 171 177 183 186 189 192 195 198 201 204 204 204 203 202 202 201 201 192 183 173 163 154 144 134 132 130 129 128 126 125 123 125 128 130 133 135 138 140 140 140 140 140 140 140 140 140 141 141 142 143 143 144 142 140 138 137 135 133 132 134
50 56 62 68 71 71 72 73 73 74 74 76 78 80 83 85 87 90 93 96 100 104 107 111 115 119 124 129 134 140 145 150 154 159 163 168 172 176 181 184 187 189 192 194 197 200 199 198 197 196 195 194 193 185 177 168 159 150 141 133 131 130 129 128 126 125 124 126 128 130 132 134 137 139 138 138 138 137 137 137 136 137 138 139 140 140 141 142 140 139 137 136 134 133 132 134
52 58 63 68 71 72 72 73 74 74 75 76 79 81 84 86 88 91 94 98 103 107 111 115 119 124 129 134 140 145 150 156 159 163 166 169 173 176 179 182 184 186 188 191 193 195 194 193 191 190 188 187 185 178 171 163 155 147 139 131 130 129 128 128 127 126 125 127 129 130 132 134 136 137 137 136 136 135 134 134 133 134 135 136 137 138 139 139 138 137 136 135 134 132 132 134
54 59 64 69 72 72 73 73 74 74 75 77 79 82 85 87 90 92 96 101 105 110 114 119 123 128 134 139 145 150 156 161 165 167 169 171 173 175 178 179 181 183 185 187 189 191 190 188 186 184 182 180 178 171 164 157 150 144 137 130 128 128 128 127 127 127 126 128 129 130 132 133 135 136 135 134 133 133 132 131 130 131 132 133 134 135 136 137 136 136 135 134 133 132 132 134
56 60 65 70 72 73 73 74 74 75 75 77 80 83 85 88 91 94 98 103 108 113 118 123 128 133 139 144 150 156 162 167 170 171 172 173 174 175 176 177 179 180 182 183 185 186 185 182 180 177 175 172 170 164 158 152 146 140 134 128 127 127 127 127 127 128 128 128 129 130 132 133 134 135 133 132 131 130 129 128 127 128 129 131 132 133 134 135 135 134 133 133 132 132 132 135
58 62 66 71 73 73 74 75 75 76 76 78 81 84 86 89 92 95 99 105 110 115 121 126 131 137 143 149 155 161 166 172 174 174 175 175 175 175 175 176 178 179 180 181 183 184 182 179 176 173 170 168 165 160 154 149 143 138 133 127 127 127 128 128 128 128 129 129 130 131 132 132 133 134 133 131 130 129 128 127 125 127 128 129 130 131 133 134 134 134 133 133 133 133 133 136
60 65 69 73 75 76 76 76 77 77 78 79 82 85 88 90 93 96 100 106 111 116 122 127 133 138 145 151 157 163 169 175 177 177 177 178 178 178 178 179 181 182 183 185 186 188 186 183 179 176 173 170 167 162 156 151 145 140 134 128 128 129 129 129 130 130 130 131 132 132 133 133 134 135 134 133 132 131 130 129 128 129 130 131 132 133 134 135 135 136 137 138 138 139 140 142
63 67 71 76 78 78 78 78 79 79 79 81 83 86 89 91 94 97 101 106 112 118 123 129 134 140 146 153 159 165 172 178 180 180 180 180 181 181 181 182 184 185 187 188 190 192 189 186 183 179 176 173 170 164 158 153 147 141 135 130 129 130 130 131 131 132 132 133 133 134 134 135 135 135 135 134 134 133 132 132 131 132 132 133 134 134 135 136 137 139 140 142 144 145 147 147
65 69 74 78 80 80 80 80 81 81 81 82 85 87 90 92 95 97 102 107 113 119 124 130 136 142 148 155 161 168 174 181 183 183 183 183 183 183 184 185 187 188 190 192 194 195 193 190 186 183 179 176 172 166 161 155 149 143 137 131 131 131 132 132 133 133 134 134 135 135 135 136 136 136 136 136 135 135 135 134 134 134 135 135 135 136 136 137 139 141 144 146 149 151 153 152
67 72 76 80 83 82 82 82 82 82 82 84 86 88 91 93 96 98 103 108 114 120 126 131 137 143 150 157 164 170 177 184 186 186 186 186 186 186 186 188 190 192 194 195 197 199 197 193 189 186 182 178 174 169 163 157 150 144 138 132 132 133 133 134 134 135 136 136 136 136 137 137 137 137 137 137 137 137 137 137 137 137 137 137 137 137 137 138 141 144 147 151 154 157 160 158
70 74 79 83 85 85 85 84 84 84 84 85 87 90 92 94 97 99 103 109 115 121 127 133 139 145 152 159 166 173 180 187 189 189 189 189 189 189 189 191 193 195 197 199 201 203 201 197 193 189 185 181 177 171 165 158 152 146 140 133 133 134 135 135 136 137 137 137 138 138 138 138 138 138 138 139 139 139 139 139 140 139 139 139 139 139 138 139 143 147 151 155 159 163 166 163
72 77 81 85 87 87 87 86 86 86 85 86 89 91 93 95 97 100 104 110 116 122 128 134 140 147 154 161 168 175 182 189 192 192 192 192 192 192 192 194 196 198 200 203 205 207 204 200 196 192 188 183 179 173 167 160 154 148 141 135 135 135 136 137 138 138 139 139 139 139 139 139 139 139 140 140 140 141 141 142 142 142 142 141 141 140 140 140 144 149 154 159 164 169 173 168
75 79 84 88 90 89 89 88 88 88 87 88 90 92 94 96 98 100 105 111 117 123 129 135 141 147 155 162 169 176 183 191 193 193 193 193 193 193 193 195 197 200 202 205 207 210 207 202 198 194 190 185 181 175 169 162 156 149 143 136 136 137 137 138 139 140 140 140 140 140 140 140 140 140 141 142 143 143 144 145 145 145 144 143 143 142 141 141 146 151 157 162 167 173 177 172
79 83 86 90 91 91 91 91 90 90 90 90 92 94 96 98 100 101 106 111 117 122 128 133 139 146 153 160 167 174 181 188 190 190 190 190 189 189 189 191 194 197 200 203 206 209 206 202 198 194 190 186 182 176 170 163 157 150 144 138 137 138 138 139 140 140 141 141 141 142 142 142 143 143 144 145 146 146 147 148 149 148 147 146 145 144 143 143 148 152 157 162 167 171 175 170
83 86 89 92 93 93 93 93 92 92 92 93 94 96 98 99 101 102 106 111 117 122 127 132 138 144 151 158 165 172 179 186 188 187 187 186 186 185 185 187 191 194 198 201 205 208 206 202 198 194 191 187 183 177 171 164 158 152 146 139 139 139 140 140 140 140 141 141 142 143 143 144 145 146 147 147 148 149 150 151 152 151 150 149 148 147 146 145 149 153 157 161 166 170 173 168
87 89 92 94 95 95 95 95 95 95 94 95 97 98 99 101 102 103 107 112 117 121 126 131 136 142 149 156 163 170 177 184 185 185 184 183 183 182 181 184 188 192 196 200 204 207 205 202 198 195 191 187 184 178 172 166 159 153 147 141 140 140 141 141 141 141 141 142 143 144 145 146 147 148 149 150 151 153 154 155 156 155 153 152 150 149 148 147 150 154 157 161 165 168 171 167
91 93 95 96 97 97 97 97 97 97 97 98 99 100 101 102 103 104 107 112 116 121 125 130 135 141 147 154 161 168 175 182 183 182 181 180 179 178 177 180 185 189 194 198 202 207 205 202 198 195 191 188 185 179 173 167 161 155 149 143 142 142 142 142 142 141 141 143 144 145 147 148 149 151 152 153 154 156 157 158 159 158 156 155 153 152 150 149 152 155 158 161 164 167 169 165
95 96 97 98 99 99 99 99 99 99 99 100 101 102 103 103 104 105 108 112 116 121 125 129 133 139 146 152 159 166 173 179 181 179 178 177 176 175 174 177 182 187 191 196 201 206 204 201 198 195 192 189 185 180 174 168 162 156 150 144 143 143 143 142 142 142 142 143 145 147 148 150 152 153 155 156 157 159 160 161 163 161 159 157 156 154 152 151 153 155 158 160 163 165 167 164
99 100 100 101 101 101 101 101 101 102 102 102 103 104 104 105 105 106 109 112 116 120 124 128 131 137 144 151 157 164 171 177 178 177 175 174 173 171 170 173 179 184 189 195 200 205 204 201 198 195 192 189 186 181 175 169 163 157 152 146 145 144 144 143 143 142 142 144 146 148 150 152 154 156 157 159 160 162 163 165 166 164 162 160 158 156 154 153 154 156 158 160 162 163 165 162
102 102 102 102 102 102 103 103 103 103 104 104 105 105 106 106 107 107 110 113 116 120 123 127 130 136 142 149 155 162 169 175 176 175 173 172 170 169 167 171 176 182 187 193 198 204 203 200 197 195 192 189 187 181 175 170 164 158 152 146 145 145 145 144 144 144 143 145 148 150 152 155 157 159 161 163 164 166 167 169 170 168 166 164 162 160 157 155 156 158 159 160 161 162 162 160
104 103 103 102 102 102 103 103 103 104 104 105 105 106 107 108 108 109 111 114 117 120 123 126 129 134 141 147 154 161 167 174 175 174 172 171 170 169 167 171 176 181 185 190 195 200 199 197 195 193 191 188 186 181 175 169 163 157 151 144 144 145 145 146 146 147 147 150 152 155 157 160 162 165 166 168 170 171 173 174 176 174 171 169 167 164 162 160 160 160 160 160 160 160 160 158
105 104 103 102 102 102 103 103 104 104 105 105 106 107 108 109 110 111 113 115 118 120 123 125 128 133 140 146 153 159 166 172 174 173 172 171 170 169 168 171 175 179 184 188 192 196 196 194 193 191 189 188 186 180 174 168 161 155 149 143 143 144 146 147 148 150 151 154 156 159 162 165 167 170 172 173 175 177 178 180 181 179 176 174 171 169 166 164 163 162 161 160 159 158 157 157
107 105 104 102 102 102 103 104 104 105 105 106 107 108 109 110 111 112 114 116 118 120 123 125 127 132 138 145 151 158 164 171 172 171 171 170 169 169 168 170 174 178 182 185 189 193 193 191 190 189 188 187 185 180 173 167 160 154 147 141 142 144 146 148 150 153 155 158 161 164 167 170 173 176 177 179 180 182 184 185 187 184 182 179 176 174 171 168 166 164 162 160 158 156 154 155
108 106 104 102 102 103 103 104 105 105 106 107 108 109 110 112 113 114 116 117 119 121 122 124 126 131 137 144 150 156 163 169 171 170 170 169 169 169 168 170 173 177 180 183 186 189 189 189 188 187 187 186 185 179 173 166 159 152 146 139 141 144 147 150 153 156 159 162 165 168 171 175 178 181 183 184 186 188 189 191 192 189 187 184 181 178 176 173 170 167 163 160 157 154 151 153
110 108 105 103 102 103 103 104 105 106 106 108 109 110 112 113 114 116 117 118 120 121 122 123 125 129 136 142 149 155 161 168 170 169 169 169 169 168 168 170 173 175 178 180 183 186 186 186 186 185 185 185 185 179 172 165 158 151 144 137 140 143 147 151 155 159 162 166 169 173 176 180 183 187 188 190 191 193 195 196 198 195 192 189 186 183 180 177 173 169 165 160 156 152 149 151
112 109 106 103 102 103 104 104 105 106 107 108 110 111 113 114 116 117 119 119 120 121 122 123 124 128 134 141 147 154 160 166 168 168 168 168 168 168 168 170 172 174 176 178 180 182 183 183 183 184 184 184 184 178 171 164 157 150 142 135 139 143 148 152 157 162 166 170 174 177 181 185 188 192 194 195 197 198 200 202 203 200 197 194 191 188 185 181 176 171 166 161 155 150 146 149
113 110 107 104 103 104 105 106 107 108 110 111 112 114 116 117 119 120 121 121 122 122 122 123 123 127 134 141 147 154 160 167 169 169 170 170 170 171 171 172 174 176 177 179 180 182 183 183 184 184 185 185 185 180 172 165 158 151 144 137 140 145 150 155 159 164 169 173 176 180 183 187 190 194 195 197 198 200 201 203 204 201 198 195 192 188 185 182 176 171 165 159 153 148 143 146
114 112 109 107 106 108 109 111 112 114 115 116 118 119 120 122 123 124 125 124 124 124 124 123 123 128 135 142 149 156 163 170 173 174 175 175 176 177 178 179 180 182 183 185 186 187 188 188 188 188 188 189 189 183 176 170 163 156 150 143 146 150 154 158 162 166 171 173 176 178 181 184 186 189 190 191 193 194 195 196 197 195 192 189 186 183 180 177 171 166 160 155 149 144 139 142
115 113 111 109 110 111 113 115 117 119 120 122 123 124 125 126 127 129 128 128 127 126 125 124 123 128 136 143 151 159 166 174 177 178 179 181 182 183 184 185 187 188 189 190 192 193 193 193 193 193 192 192 192 187 181 174 168 162 156 149 152 155 158 162 165 169 172 174 176 177 179 181 182 184 185 186 187 188 189 190 191 188 185 183 180 177 175 172 166 161 156 151 146 140 136 138
116 115 114 112 113 115 117 119 121 124 126 127 128 129 130 131 132 133 132 131 129 128 126 125 123 128 136 145 153 161 169 177 181 183 184 186 187 189 191 192 193 194 195 196 197 199 198 198 197 197 196 196 196 191 185 179 173 167 161 156 157 160 163 166 168 171 174 175 175 176 177 178 179 179 180 181 182 182 183 184 184 182 179 177 174 172 169 166 161 157 152 147 142 137 133 134
117 116 116 115 116 119 121 124 126 129 131 133 133 134 135 136 136 137 136 134 132 130 128 125 123 128 137 146 155 163 172 181 185 187 189 191 193 195 197 198 199 200 201 202 203 204 204 203 202 201 200 200 199 194 189 184 178 173 167 162 163 165 167 169 171 173 175 175 175 175 175 175 175 175 175 176 176 177 177 178 178 176 173 171 168 166 164 161 157 152 147 143 138 133 129 130
118 118 118 118 119 122 125 128 131 134 137 138 139 139 140 140 141 141 140 137 134 132 129 126 124 129 138 147 157 166 175 184 189 191 194 196 199 201 203 205 206 206 207 208 209 210 209 208 207 206 204 203 202 198 193 188 183 178 173 168 169 170 172 173 174 176 177 176 175 174 173 172 171 170 170 170 171 171 171 171 171 169 167 165 163 161 158 156 152 147 143 138 134 130 126 126
119 120 120 121 123 126 129 132 136 139 142 144 144 144 145 145 145 145 144 140 137 134 130 127 124 129 139 149 158 168 178 188 193 196 199 201 204 207 210 211 212 213 213 214 214 215 214 213 211 210 208 207 206 202 197 193 188 184 179 175 175 175 176 177 177 178 178 177 175 173 171 169 167 165 165 165 165 165 165 165 165 163 161 159 157 155 153 151 147 142 138 134 130 126 122 122
122 123 124 124 126 130 133 136 139 143 146 147 148 148 148 149 149 149 147 143 140 136 132 129 125 130 141 151 161 171 182 192 197 200 203 206 210 213 216 217 218 218 219 219 220 221 219 218 216 214 213 211 209 205 201 196 192 188 183 179 178 179 179 179 179 179 179 177 174 172 170 167 165 162 162 162 162 161 161 161 161 159 157 155 153 151 150 148 144 140 136 132 128 124 120 120
