pluvio/pluvio-211.asc
ncols         252
nrows         154
xllcorner     -0.5
yllcorner     -153.5
cellsize      1
NODATA_value  -9999
[rows 0 to 51 of 154, columns 96 to 191 of 252]
0 0 0 0 0 0 0 0 0 0 0 0 0 0 0 0 0 0 0 0 0 0 0 0 0 0 0 0 0 0 0 0 0 0 0 0 0 0 0 0 0 0 0 0 0 0 0 0 0 0 0 0 0 0 0 0 0 0 0 0 0 0 0 0 0 0 0 0 0 0 0 0 0 0 0 0 0 0 0 0 0 0 0 0 1 1 1 2 2 2 2 3 3 3 3 3
0 0 0 0 0 0 0 0 0 0 0 0 0 0 0 0 0 0 0 0 0 0 0 0 0 0 0 0 0 0 0 0 0 0 0 0 0 0 0 0 0 0 0 0 0 0 0 0 0 0 0 0 0 0 0 0 0 0 0 0 0 0 0 0 0 0 0 0 0 0 0 0 0 0 0 0 0 0 0 0 0 0 0 0 1 1 1 1 1 1 2 2 2 2 2 2
0 0 0 0 0 0 0 0 0 0 0 0 0 0 0 0 0 0 0 0 0 0 0 0 0 0 0 0 0 0 0 0 0 0 0 0 0 0 0 0 0 0 0 0 0 0 0 0 0 0 0 0 0 0 0 0 0 0 0 0 0 0 0 0 0 0 0 0 0 0 0 0 0 0 0 0 0 0 0 0 0 0 0 0 0 0 0 0 1 1 1 1 1 1 1 1
0 0 0 0 0 0 0 0 0 0 0 0 0 0 0 0 0 0 0 0 0 0 0 0 0 0 0 0 0 0 0 0 0 0 0 0 0 0 0 0 0 0 0 0 0 0 0 0 0 0 0 0 0 0 0 0 0 0 0 0 0 0 0 0 0 0 0 0 0 0 0 0 0 0 0 0 0 0 0 0 0 0 0 0 0 0 0 0 0 0 0 0 0 0 0 0
0 0 0 0 0 0 0 0 0 0 0 0 0 0 0 0 0 0 0 0 0 0 0 0 0 0 0 0 0 0 0 0 0 0 0 0 0 0 0 0 0 0 0 0 0 0 0 0 0 0 0 0 0 0 0 0 0 0 0 1 1 1 1 1 1 1 1 1 1 1 0 0 0 0 0 0 0 0 0 0 1 1 1 1 0 0 0 0 0 0 0 0 0 0 0 0
0 0 0 0 0 0 0 0 0 0 0 0 0 0 0 0 0 1 1 1 1 1 1 1 1 1 1 1 1 1 1 1 1 1 1 0 0 0 0 0 0 0 0 0 0 0 0 0 0 0 0 0 0 0 0 0 1 1 2 3 3 3 3 3 3 3 3 3 3 3 2 2 1 1 0 0 1 1 1 1 2 2 2 1 1 1 0 0 0 0 0 0 0 0 0 0
0 0 0 0 0 0 0 0 0 0 0 0 0 0 0 1 1 1 2 2 2 2 2 2 2 2 2 2 2 2 2 2 2 2 1 1 1 0 0 0 0 0 0 0 0 0 0 0 0 0 0 0 0 0 0 1 2 3 4 4 5 6 6 6 6 6 6 6 5 5 4 3 2 2 1 1 1 1 2 2 2 3 3 2 2 1 1 0 0 0 0 0 0 0 0 0
0 0 0 0 0 0 0 0 0 0 0 0 0 0 1 1 2 2 2 3 3 3 3 3 3 3 3 3 3 3 3 3 3 2 2 1 1 1 0 0 0 0 0 0 0 0 0 0 0 0 0 0 0 0 0 1 3 4 5 6 8 8 8 8 8 8 8 8 8 7 6 5 4 2 1 1 2 2 3 3 3 4 4 3 2 2 1 0 0 0 0 0 0 0 0 0
0 0 0 0 0 0 0 0 0 0 0 0 0 1 1 2 2 3 3 4 4 4 4 4 4 5 5 4 4 4 4 4 3 3 3 2 2 1 0 0 0 0 0 0 0 0 0 0 0 0 0 0 0 0 0 2 4 5 7 8 10 11 11 11 11 11 11 11 10 9 7 6 5 3 2 2 2 3 3 4 4 5 4 4 3 2 1 1 0 0 0 0 0 0 0 0
0 0 0 0 0 0 0 0 0 0 0 0 0 1 2 2 3 3 4 4 5 5 5 5 5 6 6 5 5 5 5 5 4 4 3 3 2 1 1 0 0 0 0 0 0 0 0 0 0 0 0 0 0 0 0 2 4 6 8 10 12 13 13 13 13 13 13 13 13 11 9 8 6 4 3 2 3 3 4 5 5 6 5 4 4 3 2 1 0 0 0 0 0 0 0 0
0 0 0 0 0 0 0 0 0 0 0 0 1 1 2 3 3 4 5 5 6 6 6 6 7 7 7 7 6 6 6 6 5 5 4 3 2 2 1 0 0 0 0 0 0 0 0 0 0 0 0 0 0 0 1 3 5 8 10 12 15 16 16 16 16 16 16 16 15 13 11 9 7 5 3 3 3 4 5 5 6 7 6 5 4 3 2 1 0 0 0 0 0 0 0 0
0 0 0 0 0 0 0 0 0 0 0 1 1 2 2 3 4 5 5 6 6 6 6 7 7 7 7 7 7 6 6 6 6 5 4 4 3 2 1 0 0 0 0 0 0 1 1 1 1 1 2 2 2 2 3 5 8 10 12 15 17 18 18 18 18 18 18 18 17 15 13 11 8 6 4 4 5 5 6 6 7 7 7 6 5 4 2 1 0 0 0 0 0 0 0 0
0 0 0 0 0 0 0 0 0 1 1 1 1 2 3 3 4 5 5 6 6 6 6 7 7 7 7 7 6 6 6 6 6 5 4 4 3 2 1 1 0 1 1 2 2 3 3 4 4 5 5 6 6 6 8 9 11 13 15 17 19 20 19 19 19 19 19 19 18 16 14 12 10 8 6 6 6 7 7 7 8 8 7 6 5 4 3 1 0 0 0 0 0 0 0 0
0 0 0 0 0 0 0 0 1 1 1 1 2 2 3 4 4 5 6 6 6 6 6 7 7 7 7 7 6 6 6 6 6 5 4 4 3 2 2 1 1 2 2 3 4 5 5 6 7 8 9 9 10 11 12 13 15 16 18 19 21 21 21 21 21 21 20 20 19 17 16 14 12 10 8 8 8 8 8 8 8 8 8 6 5 4 3 2 0 0 0 0 0 0 0 0
0 0 0 0 0 0 0 0 1 1 1 2 2 3 3 4 5 5 6 6 6 6 6 6 6 6 6 6 6 6 6 6 6 5 5 4 3 3 2 1 1 2 3 5 6 7 8 9 10 11 12 13 14 15 16 17 18 19 20 21 22 23 23 22 22 22 22 22 21 19 17 15 14 12 10 10 9 9 9 9 9 9 8 7 5 4 3 2 1 0 0 0 0 0 0 0
0 0 0 0 0 0 0 1 1 1 2 2 2 3 4 4 5 5 6 7 7 7 6 6 6 6 6 6 6 6 6 6 6 5 5 4 3 3 2 2 2 3 5 6 7 9 10 12 13 14 16 17 18 20 21 21 22 23 23 24 24 25 24 24 24 23 23 23 22 20 19 17 16 14 12 11 11 11 10 10 10 9 8 7 6 5 3 2 1 0 0 0 0 0 0 0
0 0 0 0 0 0 0 1 1 1 2 2 3 3 4 4 5 6 6 7 7 7 6 6 6 6 6 6 6 6 6 6 5 5 5 4 4 3 2 2 2 4 6 7 9 11 12 14 16 18 19 21 23 24 25 25 26 26 26 26 26 26 26 26 25 25 24 24 23 22 20 19 17 16 14 13 13 12 12 11 10 10 9 7 6 5 3 2 1 1 0 0 0 0 0 0
0 0 0 0 0 0 1 1 1 2 2 2 3 3 4 5 5 6 7 7 7 7 6 6 6 6 6 6 6 6 6 6 5 5 5 4 4 3 3 2 3 5 7 9 11 13 15 17 19 21 23 25 27 29 30 29 29 29 29 28 28 28 27 27 27 26 26 25 24 23 22 20 19 18 16 15 14 14 13 12 11 10 9 8 6 5 4 2 1 1 1 1 0 0 0 0
0 0 0 0 0 0 1 1 2 2 2 3 3 4 4 5 5 6 7 7 7 7 6 6 6 6 6 5 5 5 5 5 5 5 5 5 5 4 4 4 5 7 9 11 13 15 17 19 21 23 25 27 29 31 32 31 31 30 30 29 29 29 28 28 27 27 26 26 25 24 22 21 20 19 17 16 15 15 14 13 12 11 10 9 7 6 5 3 2 2 2 1 1 1 1 1
1 1 1 1 1 1 1 1 2 2 2 3 3 4 4 5 5 6 7 7 7 7 6 6 6 6 6 5 5 5 5 4 4 4 5 5 6 6 7 7 8 10 12 14 16 18 20 22 23 25 27 28 30 32 32 32 31 31 30 30 29 29 28 28 27 27 26 26 25 24 23 21 20 19 18 17 16 15 15 14 13 12 11 10 9 7 6 5 4 3 3 3 3 3 3 3
1 1 1 1 1 1 1 2 2 2 2 3 3 4 4 5 5 6 7 7 7 7 6 6 6 6 5 5 5 4 4 4 3 4 5 6 7 8 9 10 12 14 15 17 19 20 22 24 25 27 28 30 31 33 33 32 32 31 31 30 29 29 28 28 27 27 26 26 25 24 23 22 21 19 18 17 17 16 16 15 14 14 13 11 10 9 8 6 5 5 4 4 4 4 4 4
1 1 1 1 1 2 2 2 2 2 3 3 3 4 4 5 5 6 7 7 7 7 6 6 6 6 5 5 4 4 4 3 3 3 5 6 8 10 12 14 15 17 18 20 22 23 25 26 27 29 30 31 32 33 34 33 32 32 31 30 29 29 28 28 27 27 26 26 25 24 23 22 21 20 19 18 18 17 17 16 16 15 14 13 12 10 9 8 6 6 6 6 6 6 6 6
1 1 2 2 2 2 2 2 2 2 3 3 3 4 4 5 5 6 7 7 7 7 6 6 6 6 5 5 4 4 3 2 2 2 5 7 9 12 14 17 19 20 21 23 24 26 27 28 29 30 31 32 33 34 34 34 33 32 31 30 30 29 28 28 27 27 26 26 25 24 23 22 21 20 19 19 18 18 17 17 17 16 15 14 13 12 10 9 8 7 7 7 7 7 7 7
2 2 2 2 2 2 2 2 3 3 3 3 3 4 4 5 5 6 7 7 7 7 6 6 6 6 5 5 4 3 2 2 1 2 5 8 11 14 17 20 22 23 25 26 27 28 30 31 31 32 33 34 34 35 35 34 33 32 32 31 30 29 28 28 27 27 26 26 25 24 23 22 21 21 20 19 19 19 18 18 18 18 17 16 14 13 12 11 9 9 9 9 9 9 8 8
2 2 2 2 2 3 3 3 3 3 3 3 3 4 4 5 5 6 7 7 7 6 6 6 6 6 5 4 4 3 2 1 0 1 5 8 12 16 19 23 25 27 28 29 30 31 32 33 33 34 34 35 35 36 36 35 34 33 32 31 30 29 29 28 27 27 26 26 25 24 23 23 22 21 20 20 20 20 19 19 19 19 18 17 16 14 13 12 11 10 10 10 10 10 10 10
2 2 2 2 2 3 3 3 3 3 3 3 3 4 4 5 6 6 7 7 7 7 7 6 6 6 6 5 4 4 3 2 1 2 6 10 13 17 21 24 27 28 29 30 31 32 33 34 34 34 35 35 35 36 36 35 34 32 31 30 29 29 28 28 27 27 26 26 25 24 23 22 22 21 20 20 19 19 19 19 19 19 18 17 16 15 14 13 12 11 11 12 12 12 12 12
1 2 2 2 2 2 2 2 2 2 2 2 3 3 4 5 6 7 7 8 8 7 7 7 7 6 6 6 5 5 4 4 4 5 8 11 15 18 21 25 27 28 29 30 31 32 33 33 34 34 34 35 35 35 35 34 33 32 31 30 29 28 28 27 27 26 26 26 25 24 23 22 21 20 19 19 19 18 18 18 18 18 17 16 15 14 13 13 12 12 12 13 13 14 14 15
1 1 2 2 2 2 2 2 2 2 2 2 2 3 4 5 6 7 8 9 8 8 8 7 7 7 7 6 6 6 6 6 6 7 10 13 16 19 22 25 27 28 29 30 31 32 32 33 33 34 34 34 34 35 34 33 32 31 30 29 28 27 27 27 26 26 26 26 25 24 23 22 21 20 19 18 18 17 17 17 17 16 16 15 15 14 13 13 12 12 13 14 15 15 16 17
1 1 1 2 2 2 2 2 2 2 2 2 2 3 4 5 6 7 8 9 9 9 8 8 8 7 7 7 7 8 8 8 8 9 12 15 17 20 23 26 28 28 29 30 31 31 32 33 33 33 33 34 34 34 34 33 31 30 29 28 27 27 26 26 26 26 26 26 25 24 23 21 20 19 18 17 17 17 16 16 16 15 15 15 14 14 13 13 12 13 14 15 16 17 18 20
1 1 1 1 2 2 2 2 2 2 2 2 2 3 4 5 7 8 9 10 9 9 9 8 8 8 8 8 8 9 9 10 10 11 14 16 19 21 24 26 28 29 29 30 31 31 32 33 33 33 33 33 33 33 33 32 31 30 29 28 26 26 26 26 26 26 26 26 25 24 22 21 20 18 17 16 16 16 15 15 15 14 14 14 14 13 13 13 13 13 15 16 18 19 21 22
0 1 1 1 1 1 1 1 1 1 1 1 2 3 4 6 7 8 9 10 10 10 9 9 9 8 8 9 10 10 11 12 12 13 16 18 20 22 24 27 28 29 29 30 31 31 32 32 32 32 32 33 33 33 32 31 30 29 28 27 26 25 25 25 26 26 26 26 25 24 22 21 19 18 16 16 15 15 14 14 14 13 13 13 13 13 13 13 13 14 16 18 19 21 23 25
0 0 1 1 1 1 1 1 1 1 1 1 1 3 4 6 7 9 10 11 11 10 10 9 9 9 9 10 11 12 13 14 14 16 18 19 21 23 25 27 28 29 29 30 31 31 32 32 32 32 32 32 32 32 32 30 29 28 27 26 25 25 25 25 25 25 26 26 25 23 22 20 19 17 16 15 14 14 14 13 13 12 12 12 12 13 13 13 13 15 17 19 21 23 25 27
0 0 0 1 1 1 1 1 1 1 1 1 1 3 4 5 7 8 9 10 10 10 9 9 9 8 8 9 11 12 13 14 15 16 18 20 22 23 25 27 28 29 29 30 31 31 32 32 32 32 32 31 31 31 31 30 29 28 27 26 25 25 25 25 25 25 26 26 25 24 22 21 19 18 16 15 15 14 14 13 13 12 12 13 13 13 14 14 14 16 18 20 22 25 27 29
0 0 0 0 1 1 1 1 1 1 1 1 1 2 3 5 6 7 8 9 9 9 8 8 8 8 8 9 10 11 12 13 14 15 17 19 21 23 25 27 29 29 30 30 30 31 31 32 31 31 31 31 31 31 30 29 28 28 27 26 25 25 25 25 25 26 26 26 25 24 22 21 20 18 17 16 15 15 14 14 13 13 13 13 14 15 15 16 16 18 20 22 24 26 28 30
0 0 0 0 0 1 1 1 1 1 1 0 1 2 3 4 5 6 7 8 8 8 7 7 7 7 7 8 9 10 11 12 13 15 17 19 21 23 25 27 29 29 30 30 30 31 31 31 31 31 31 30 30 30 29 29 28 27 27 26 25 25 25 25 26 26 26 26 25 24 23 21 20 19 17 16 16 15 15 14 14 13 13 14 15 16 17 18 18 20 22 24 26 28 30 32
0 0 0 0 0 0 0 0 0 0 0 0 0 1 2 3 4 5 6 7 7 7 6 6 6 6 7 8 9 10 11 12 13 14 16 19 21 23 25 27 29 29 30 30 30 31 31 31 31 30 30 30 29 29 29 28 28 27 26 26 25 25 25 26 26 26 26 26 26 24 23 22 20 19 18 17 16 16 15 15 14 14 14 15 16 17 18 19 20 22 24 26 28 29 31 33
0 0 0 0 0 0 0 0 0 0 0 0 0 1 2 3 3 4 5 5 5 6 6 6 6 6 6 7 8 9 10 11 12 14 16 18 20 23 25 27 29 29 30 30 30 31 31 31 30 30 30 29 29 28 28 27 27 27 26 26 26 26 26 26 26 26 26 26 26 24 23 22 21 20 18 18 17 16 16 15 15 14 15 16 17 18 20 21 22 24 26 28 29 31 33 35
0 0 0 0 0 0 0 0 0 0 0 0 0 1 1 2 2 3 4 4 4 4 5 5 5 5 5 6 7 8 9 10 11 13 15 18 20 23 25 27 29 29 30 30 30 30 31 31 30 30 29 28 28 27 27 27 27 26 26 26 26 26 26 26 26 26 26 26 26 25 24 22 21 20 19 18 18 17 16 16 15 15 15 17 18 20 21 23 24 26 28 29 31 33 34 36
0 0 0 0 0 0 0 0 0 0 0 0 0 0 1 1 2 2 3 3 3 3 4 4 4 4 5 6 7 8 9 10 11 12 15 17 20 22 25 27 29 29 30 30 30 30 31 30 30 29 29 28 27 27 26 26 26 26 26 26 26 26 26 26 26 26 26 26 26 25 24 23 22 21 20 19 18 18 17 16 16 15 16 18 19 21 23 25 26 28 29 31 33 34 36 38
0 0 0 0 0 0 0 0 0 0 0 0 0 0 1 1 1 2 2 3 3 3 4 4 5 5 6 7 8 9 10 11 12 14 16 18 20 22 25 27 28 29 29 29 29 29 30 30 29 29 28 28 27 27 26 26 27 27 27 27 27 27 27 27 27 27 27 27 27 26 25 23 22 21 20 19 19 18 18 17 16 16 17 18 20 22 23 25 27 28 29 31 32 33 35 36
0 0 0 0 0 0 0 0 0 0 0 0 0 1 1 1 1 2 2 2 3 4 5 6 7 7 8 9 10 11 12 13 14 15 17 19 21 23 24 26 27 28 28 28 28 28 28 28 28 28 28 27 27 27 27 27 27 27 27 28 28 28 28 28 28 28 28 28 28 27 25 24 23 22 21 20 19 19 18 18 17 16 17 19 21 22 24 25 27 28 29 30 30 31 32 33
0 0 0 0 0 0 0 0 0 0 1 1 1 1 1 1 1 1 1 2 3 4 6 7 8 9 10 11 12 13 14 15 16 17 19 20 21 23 24 26 27 27 27 27 27 27 27 27 27 27 27 27 27 27 27 27 28 28 28 29 29 29 29 29 29 29 30 30 29 28 26 25 24 22 21 20 20 19 19 18 18 17 18 20 21 23 24 26 27 28 28 29 29 29 30 30
0 0 0 0 0 0 0 0 0 1 1 1 1 1 1 1 1 1 1 1 3 5 6 8 10 11 13 14 14 15 16 17 18 19 20 21 22 23 24 25 26 26 26 26 26 26 26 26 26 27 27 27 27 27 27 28 28 29 29 30 30 30 30 30 30 31 31 31 30 29 27 26 24 23 21 20 20 20 19 19 18 18 19 20 22 23 25 26 27 28 28 28 27 27 27 27
0 0 0 0 0 0 0 0 1 1 1 2 2 2 2 1 1 1 1 1 3 5 7 9 11 13 15 16 17 17 18 19 20 21 22 22 23 23 24 24 25 25 25 25 25 25 25 25 25 26 26 27 27 27 28 28 29 29 30 30 31 31 31 31 32 32 32 32 31 29 28 26 25 23 22 21 21 20 20 20 19 19 20 21 22 24 25 26 28 28 27 26 26 25 25 24
0 0 0 0 0 0 0 1 1 1 2 2 2 2 2 1 1 1 0 1 3 5 8 10 13 15 17 18 19 20 20 21 22 23 23 23 23 23 24 24 24 24 24 24 24 24 24 24 25 25 26 26 27 28 28 29 29 30 31 31 32 32 32 33 33 33 33 33 32 30 29 27 25 24 22 21 21 21 20 20 20 20 20 22 23 24 25 27 28 27 26 25 24 23 22 21
0 0 0 0 0 0 0 1 1 2 2 3 3 2 2 1 1 0 0 0 3 6 9 11 14 17 19 20 21 22 23 23 24 25 24 24 24 24 23 23 23 23 23 23 23 23 22 23 24 24 25 26 27 28 29 29 30 31 32 32 33 33 34 34 34 34 34 34 33 31 30 28 26 24 22 22 21 21 21 21 21 20 21 22 23 24 26 27 28 27 26 24 23 21 20 19
2 2 2 2 2 2 3 3 4 4 5 5 5 5 5 5 4 4 4 4 6 8 11 13 15 17 19 20 21 22 24 25 26 27 26 26 26 25 25 25 24 24 24 24 24 23 23 23 24 25 26 27 28 29 29 30 31 32 33 34 35 35 36 37 38 39 40 41 40 38 36 34 32 31 29 27 27 26 25 24 23 22 23 24 24 25 26 27 28 27 26 25 23 22 21 20
4 4 5 5 5 5 5 6 6 7 7 8 8 9 9 9 9 9 9 9 10 12 13 14 15 16 18 19 21 23 24 26 28 29 28 28 27 27 27 26 26 26 26 25 25 25 24 25 25 26 27 28 29 29 30 31 32 33 34 35 36 38 39 41 43 45 47 49 48 46 44 42 40 38 36 35 33 31 30 28 26 25 25 25 26 26 27 27 28 27 26 26 25 24 23 22
7 7 7 7 8 8 8 9 9 10 10 11 11 12 12 13 13 14 14 14 15 15 15 15 15 16 16 19 21 23 25 27 29 30 30 30 29 29 29 28 28 28 27 27 26 26 26 26 27 27 28 29 30 30 31 32 34 35 36 37 38 40 43 45 48 51 54 57 57 55 52 50 48 46 44 42 39 37 34 32 29 27 26 27 27 27 27 28 28 28 27 26 26 25 24 24
10 10 10 10 10 11 11 12 12 13 13 14 14 15 16 17 18 18 19 19 19 18 17 17 16 15 15 18 20 23 26 28 31 32 32 32 31 31 31 30 30 29 29 28 28 27 27 27 28 28 29 30 31 31 32 33 35 36 37 38 40 42 46 50 53 57 61 65 65 63 61 58 56 54 52 49 46 42 39 36 33 29 28 28 28 28 28 28 28 28 27 27 27 26 26 26
12 12 13 13 13 13 14 15 15 16 16 17 17 19 20 21 22 23 24 25 23 21 19 18 16 14 14 17 20 23 26 29 32 34 34 34 33 33 33 32 32 31 31 30 29 29 28 28 29 29 30 31 31 32 33 35 36 37 39 40 41 44 49 54 58 63 68 73 73 71 69 66 64 62 59 56 52 48 44 40 36 32 30 30 29 29 29 28 28 28 28 28 28 28 28 28
15 15 15 16 16 16 17 17 18 19 19 20 20 22 23 25 26 28 29 30 27 24 22 19 16 14 13 17 20 24 27 31 34 36 36 36 35 35 35 34 34 33 32 32 31 30 29 29 30 30 31 32 32 33 34 36 37 39 40 41 43 47 52 58 64 69 75 80 82 79 77 74 72 70 67 63 58 53 49 44 39 34 32 31 31 30 29 29 28 28 28 29 29 29 30 30
