pluvio/pluvio-330.asc
ncols         252
nrows         154
xllcorner     -0.5
yllcorner     -153.5
cellsize      1
NODATA_value  -9999
[rows 59 to 117 of 154, columns 96 to 191 of 252]
11 11 11 12 12 12 13 14 14 15 16 17 17 18 18 19 19 19 20 20 20 20 20 20 20 20 20 19 18 17 16 16 15 14 14 14 14 14 14 14 16 19 22 25 28 32 35 36 35 34 33 32 31 30 29 28 28 27 27 26 26 27 29 30 32 34 36 38 39 38 38 38 38 38 38 37 36 34 32 31 29 28 27 27 26 26 26 26 26 26 26 26 26 26 27 27
11 11 12 12 12 12 13 14 15 15 16 17 17 18 18 19 19 20 20 20 20 20 20 20 20 20 20 20 19 18 18 17 16 16 16 16 16 16 16 16 17 20 23 26 29 32 35 37 36 35 34 33 32 31 30 30 29 28 28 27 27 27 29 31 33 35 37 38 39 39 39 39 39 39 38 37 36 34 32 31 29 27 27 27 27 26 26 26 26 26 26 26 27 27 27 27
11 11 12 12 12 13 14 14 15 16 16 17 18 18 19 19 19 20 20 20 21 21 21 21 21 21 21 21 20 20 19 19 18 18 18 18 18 18 18 18 19 22 25 28 30 33 36 37 36 36 35 34 33 32 31 31 30 30 29 28 28 28 30 32 34 35 37 39 40 39 39 39 39 39 38 37 36 34 32 31 29 27 27 27 27 27 27 27 27 27 27 27 27 28 28 28
11 12 12 12 13 13 14 15 15 16 17 17 18 18 19 19 20 20 20 21 21 21 21 22 22 22 22 22 21 21 21 20 20 20 20 20 20 20 20 20 21 24 26 29 31 34 37 38 37 36 36 35 34 34 33 32 31 31 30 29 28 29 31 33 34 36 38 40 40 40 40 39 39 39 39 37 36 34 32 30 29 27 26 27 27 27 27 27 27 27 28 28 28 28 28 29
12 12 12 13 13 14 14 15 16 16 17 18 18 19 19 19 20 20 21 21 21 21 22 22 22 23 23 23 23 22 22 22 22 22 22 22 22 22 22 22 23 25 28 30 33 35 37 38 38 37 37 36 36 35 34 33 33 32 31 30 29 30 32 33 35 37 38 40 41 40 40 40 39 39 39 37 36 34 32 30 29 27 26 27 27 27 27 27 28 28 28 28 29 29 29 29
12 12 13 13 13 14 15 15 16 17 17 18 18 19 19 20 20 20 21 21 22 22 22 23 23 24 24 24 24 24 24 24 24 24 24 24 24 24 24 24 25 27 29 31 34 36 38 39 39 38 38 37 37 36 36 35 34 33 32 31 30 31 32 34 36 37 39 41 41 41 40 40 40 39 39 37 36 34 32 30 28 27 26 26 27 27 27 28 28 28 29 29 29 30 30 30
12 13 13 13 14 14 15 15 16 17 17 18 19 19 19 20 20 21 21 21 22 22 23 23 24 24 25 25 25 25 25 25 25 25 26 26 26 26 26 26 27 29 31 33 35 37 39 40 39 39 39 38 38 38 37 36 35 34 33 32 31 31 33 35 36 38 40 41 42 41 41 40 40 39 39 37 36 34 32 30 28 26 26 26 27 27 28 28 29 29 29 30 30 30 31 31
12 13 13 14 14 15 15 16 16 17 18 18 19 19 20 20 20 21 21 22 22 23 23 24 24 25 26 26 26 26 27 27 27 27 27 28 28 28 28 28 29 30 32 34 36 37 39 40 40 40 40 40 39 39 39 37 36 35 34 33 32 32 34 35 37 39 40 42 42 42 41 41 40 39 39 37 36 34 32 30 28 26 26 26 27 28 28 29 29 30 30 30 31 31 31 32
13 13 14 14 14 15 15 16 17 17 18 19 19 20 20 20 21 21 22 22 23 23 24 24 25 26 26 27 27 27 28 28 29 29 29 29 29 29 29 29 29 31 33 35 37 39 40 41 41 40 40 40 39 39 38 37 36 35 34 33 32 33 34 36 38 39 41 42 43 42 41 40 39 39 38 36 35 33 32 30 28 27 27 27 28 29 30 31 32 32 32 33 33 33 33 34
13 13 14 14 15 15 16 16 17 18 18 19 20 20 20 21 21 22 22 22 23 24 24 25 26 26 27 27 28 28 29 29 30 30 30 30 30 30 29 29 30 32 34 36 38 40 42 42 42 41 40 40 39 39 38 37 36 35 35 34 33 33 35 37 38 40 41 43 43 42 41 40 39 38 37 35 34 33 31 30 28 27 27 29 30 31 32 33 35 35 35 35 35 35 36 36
13 14 14 15 15 15 16 17 17 18 19 19 20 20 21 21 22 22 22 23 24 24 25 26 26 27 28 28 29 29 30 31 31 32 31 31 31 30 30 30 30 32 35 37 39 41 43 43 43 42 41 40 39 38 37 37 36 36 35 34 34 34 36 37 39 40 42 43 43 42 41 39 38 37 36 34 33 32 31 30 29 28 28 30 31 33 34 36 37 38 38 38 38 38 38 38
14 14 14 15 15 16 16 17 18 18 19 20 20 21 21 22 22 22 23 23 24 25 25 26 27 28 28 29 30 30 31 32 33 33 33 32 32 31 31 30 31 33 35 37 40 42 44 45 43 42 41 40 39 38 37 37 36 36 35 35 34 35 36 38 39 41 42 44 43 42 40 39 37 36 34 33 32 32 31 30 29 28 29 31 33 35 36 38 40 41 40 40 40 40 40 40
14 14 15 15 16 16 17 17 18 19 19 20 21 21 21 22 22 23 23 24 24 25 26 27 27 28 29 30 31 31 32 33 34 34 34 33 33 32 32 31 32 34 36 38 41 43 45 46 44 43 42 40 39 37 37 36 36 36 36 35 35 36 37 38 40 41 43 44 44 42 40 39 37 35 33 32 32 31 30 30 29 29 30 32 34 36 39 41 43 43 43 43 43 43 42 42
14 15 15 15 16 16 17 18 18 19 20 20 21 21 22 22 23 23 24 24 25 26 27 27 28 29 30 31 32 33 33 34 35 36 35 34 34 33 32 32 32 35 37 39 41 44 46 47 45 44 42 40 39 37 36 36 36 36 36 36 36 36 38 39 40 42 43 45 44 42 40 38 36 34 32 31 31 30 30 30 29 29 31 33 36 38 41 43 46 46 46 46 45 45 45 44
15 15 15 16 16 17 17 18 19 19 20 21 21 22 22 23 23 24 24 25 25 26 27 28 29 29 30 31 32 34 35 36 37 37 36 36 35 34 33 32 33 35 38 40 42 45 47 48 46 44 42 40 39 37 36 36 36 36 36 36 36 37 38 40 41 42 44 45 44 42 40 38 35 33 31 30 30 30 30 30 30 30 31 34 37 40 43 46 48 49 49 48 48 47 47 46
15 15 16 16 17 17 18 18 19 19 20 21 21 22 22 23 23 24 25 25 26 27 28 28 29 30 31 32 33 34 35 36 37 37 36 36 35 35 34 33 34 36 38 40 43 45 47 48 46 44 42 41 39 37 36 36 36 36 36 36 36 37 39 40 41 43 44 46 45 43 40 38 36 34 31 30 30 30 30 30 30 30 32 35 38 41 45 48 51 51 51 50 50 49 49 48
15 16 16 17 17 17 18 18 19 20 20 21 21 22 22 23 24 24 25 26 27 27 28 29 30 31 31 32 33 34 35 36 37 37 37 36 36 35 35 35 35 37 39 41 43 45 47 47 46 44 42 41 39 38 37 37 37 37 37 37 37 37 39 40 42 43 45 46 46 43 41 39 36 34 31 31 30 30 30 30 30 30 32 36 39 43 46 50 53 54 53 53 52 52 51 50
15 16 16 17 17 18 18 19 19 20 20 21 21 22 23 23 24 25 25 26 27 28 29 29 30 31 32 33 33 34 35 36 36 37 37 36 36 36 36 36 36 38 40 41 43 45 47 47 45 44 43 41 40 38 37 37 37 37 37 37 37 38 39 41 42 44 45 47 46 44 41 39 37 34 32 31 31 31 30 30 30 30 32 36 40 44 48 52 56 57 56 55 54 54 53 52
16 16 17 17 18 18 19 19 19 20 20 20 21 22 23 23 24 25 26 27 28 28 29 30 31 32 32 33 34 34 35 36 36 37 37 37 37 37 37 37 37 39 40 42 43 45 46 47 45 44 43 41 40 39 38 38 38 37 37 37 37 38 39 41 43 44 46 47 47 44 42 39 37 34 32 31 31 31 31 30 30 30 33 37 41 46 50 54 58 59 58 58 57 56 55 54
16 17 17 18 18 19 19 19 20 20 20 20 21 22 23 24 25 25 26 27 28 29 30 31 31 32 33 33 34 35 35 36 36 37 37 37 37 38 38 38 39 40 41 42 44 45 46 46 45 44 43 42 40 39 39 38 38 38 38 37 37 38 40 41 43 45 46 48 47 45 42 40 37 35 32 31 31 31 31 31 30 30 33 38 42 47 52 56 61 62 61 60 59 58 57 56
16 17 17 18 19 19 19 20 20 20 20 20 21 22 23 24 25 26 27 28 29 29 30 31 32 33 33 34 34 35 35 36 36 37 37 37 38 38 39 39 40 41 42 43 44 45 46 46 45 44 43 42 41 40 39 39 39 38 38 38 37 38 40 42 43 45 47 49 48 45 43 40 38 35 33 32 31 31 31 31 31 30 34 39 44 49 53 58 63 64 63 62 61 60 59 58
17 17 18 18 19 20 20 20 20 20 20 20 21 22 23 24 25 26 27 28 29 30 31 32 32 33 34 34 35 35 35 36 36 37 37 38 38 39 40 40 41 42 42 43 44 45 46 46 45 44 43 42 41 40 40 39 39 39 38 38 38 38 40 42 44 46 47 49 48 46 43 41 38 35 33 32 32 31 31 31 31 31 34 39 45 50 55 60 66 67 66 65 63 62 61 60
17 18 19 19 20 20 20 21 21 21 21 22 22 23 24 25 26 27 28 29 30 31 31 32 33 34 34 35 35 36 36 37 37 37 38 38 39 39 40 41 41 42 43 44 45 46 46 47 46 45 44 44 43 42 42 42 41 41 41 41 40 41 42 43 45 46 47 49 48 45 43 41 38 36 33 32 32 32 32 32 32 32 35 39 44 48 53 58 62 63 62 62 61 60 60 59
18 19 19 20 20 21 21 22 22 22 22 23 23 24 25 26 27 28 29 30 31 31 32 33 34 34 35 35 36 36 37 37 38 38 39 39 40 40 40 41 42 42 43 44 45 46 47 47 47 46 46 45 45 44 44 44 44 43 43 43 43 43 44 45 46 46 47 48 47 45 43 40 38 36 34 33 33 33 33 33 33 33 36 39 43 47 51 55 58 59 59 59 58 58 58 57
19 20 20 21 21 22 22 22 23 23 24 24 24 25 26 27 28 29 30 31 31 32 33 33 34 35 36 36 37 37 38 38 39 39 40 40 40 41 41 41 42 43 44 45 46 47 48 48 48 48 47 47 47 46 46 46 46 46 46 46 46 46 46 46 47 47 47 47 46 44 42 40 38 36 34 33 34 34 34 34 34 34 36 39 42 45 49 52 55 56 56 56 56 56 56 56
20 20 21 21 22 22 23 23 24 24 25 25 26 27 27 28 29 30 31 31 32 33 33 34 35 35 36 37 37 38 38 39 40 40 40 41 41 41 41 42 42 43 44 46 47 48 49 49 49 49 49 49 48 48 48 48 48 48 48 48 48 48 48 48 48 47 47 47 46 44 42 40 38 36 35 34 34 34 35 35 35 35 37 39 42 44 46 49 51 52 52 53 53 54 54 54
21 21 22 22 23 23 24 24 25 25 26 26 27 28 28 29 30 31 32 32 33 33 34 35 35 36 37 37 38 39 39 40 41 41 41 41 42 42 42 42 43 44 45 46 47 48 50 50 50 50 50 50 50 50 50 50 51 51 51 51 51 51 50 49 48 48 47 46 45 43 42 40 38 37 35 35 35 35 36 36 36 37 38 39 41 43 44 46 47 48 49 50 51 51 52 53
21 22 22 23 23 24 24 25 26 26 27 28 28 29 30 30 31 32 32 33 34 34 35 35 36 37 37 38 39 39 40 41 42 42 42 42 42 42 42 42 43 44 45 47 48 49 50 51 51 51 52 52 52 52 52 53 53 53 53 54 54 53 52 51 49 48 47 45 44 43 41 40 38 37 35 35 36 36 36 37 37 38 39 39 40 41 42 43 44 45 46 47 48 49 50 51
22 23 23 24 24 24 25 26 27 27 28 29 29 30 31 31 32 33 33 34 34 35 35 36 37 37 38 39 39 40 41 42 42 43 43 43 43 43 43 43 43 45 46 47 48 50 51 52 52 53 53 53 54 54 54 55 55 55 56 56 56 55 54 52 50 48 47 45 44 42 41 40 38 37 36 36 36 37 37 38 39 39 39 40 40 40 40 40 40 42 43 44 46 47 49 50
23 24 24 25 25 25 26 27 28 28 29 30 31 31 32 33 33 34 35 35 36 36 37 37 38 38 39 40 41 41 42 43 44 44 44 44 43 43 43 43 43 44 46 47 48 50 51 52 52 52 53 53 53 54 54 54 54 54 54 55 55 54 53 52 50 49 48 46 45 44 42 41 40 38 37 37 38 39 40 41 42 43 43 43 43 43 43 43 43 44 45 46 48 49 50 51
25 25 25 26 26 26 27 28 29 30 30 31 32 32 33 34 35 35 36 37 37 38 38 39 39 40 40 41 42 43 43 44 45 45 45 44 44 43 43 42 43 44 45 47 48 49 51 52 52 52 53 53 53 54 54 54 54 53 53 53 53 53 52 51 50 49 49 48 47 45 44 42 41 40 38 38 40 41 43 44 45 47 47 47 47 47 47 46 46 47 48 48 49 50 51 52
26 26 26 27 27 28 28 29 30 31 31 32 33 34 34 35 36 37 37 38 39 39 39 40 40 41 41 42 43 44 45 45 46 46 46 45 44 43 43 42 42 44 45 46 48 49 50 51 52 52 52 53 53 53 53 53 53 53 52 52 52 51 51 51 50 50 50 49 48 47 45 44 42 41 39 40 42 43 45 47 49 50 51 51 50 50 50 49 49 49 50 50 51 52 52 53
27 27 28 28 28 29 29 30 31 32 32 33 34 35 36 36 37 38 39 39 40 40 41 41 42 42 43 43 44 45 46 47 47 47 46 46 45 44 43 42 42 43 45 46 47 49 50 51 51 52 52 52 53 53 53 53 52 52 51 51 50 50 50 50 50 50 51 51 50 48 47 45 44 42 41 41 43 46 48 50 52 54 55 54 54 53 53 52 52 52 52 53 53 53 53 53
28 28 29 29 29 30 30 31 32 33 34 34 35 36 37 38 39 39 40 41 41 42 42 43 43 43 44 45 45 46 47 48 48 49 47 46 45 44 43 42 41 43 44 46 47 49 50 51 51 52 52 52 53 53 53 52 51 51 50 49 49 49 49 50 50 51 52 52 51 50 48 47 45 43 42 43 45 48 50 53 55 58 58 58 57 57 56 56 55 55 55 55 54 54 54 54
29 29 30 30 30 31 31 32 33 34 35 36 36 37 38 39 40 41 42 42 43 43 44 44 44 45 45 46 47 47 48 49 50 50 48 47 45 44 43 41 41 42 44 45 47 48 50 51 51 51 52 52 52 53 52 52 51 50 49 48 47 47 48 49 50 51 52 54 53 51 50 48 46 45 43 44 47 50 53 56 59 62 62 61 61 60 59 59 58 57 57 57 56 56 55 55
30 31 31 31 31 32 32 33 34 35 36 37 37 38 39 40 41 42 42 43 44 44 44 45 45 46 46 47 48 48 49 50 51 50 49 47 46 44 43 41 41 42 43 45 46 48 49 50 50 51 51 51 52 52 52 51 50 49 48 46 45 46 47 49 50 52 53 55 55 53 51 49 48 46 44 46 49 52 55 59 62 65 65 65 64 63 62 61 60 60 59 58 58 57 57 56
31 31 31 31 32 32 33 34 35 36 37 37 38 38 38 39 39 39 39 39 40 41 42 43 44 45 45 46 47 47 48 48 49 49 47 46 45 43 42 40 40 41 42 42 43 44 45 46 46 47 47 48 48 49 49 48 47 45 44 43 42 43 45 47 50 52 54 56 56 55 54 52 51 50 48 49 52 55 57 60 63 66 66 65 64 63 61 60 59 59 59 58 58 58 58 58
31 31 32 32 32 33 34 35 36 37 37 38 39 38 38 37 37 36 35 35 37 38 39 41 42 43 44 45 45 46 46 47 47 47 46 45 43 42 41 40 39 39 40 40 40 41 41 42 42 43 44 44 45 46 45 44 43 42 41 40 39 40 43 46 49 52 55 57 58 57 56 55 54 53 52 53 55 57 60 62 64 66 66 65 63 62 61 60 58 58 58 59 59 59 59 59
31 31 32 32 33 33 34 35 36 37 38 39 40 38 37 36 35 33 32 32 33 35 37 39 40 42 44 44 44 45 45 45 45 45 44 43 42 41 40 39 38 38 38 38 38 37 37 37 38 39 40 41 42 42 42 41 40 39 38 37 36 37 41 45 48 52 55 59 60 59 59 58 57 57 56 57 58 60 62 63 65 67 66 65 63 62 60 59 57 57 58 59 59 60 61 61
31 32 32 33 33 34 35 36 37 38 39 40 41 39 37 35 33 31 29 28 30 32 34 37 39 41 43 43 43 43 43 44 44 44 43 42 41 40 39 39 38 37 36 35 35 34 33 33 34 35 36 37 38 39 39 38 37 36 35 34 33 35 39 43 47 52 56 60 62 61 61 61 60 60 60 60 62 63 64 65 66 67 67 65 63 61 60 58 56 56 58 59 60 61 62 63
31 32 33 33 34 35 36 37 38 39 40 41 41 39 36 33 31 28 25 24 26 29 32 35 37 40 42 42 42 42 42 42 42 42 41 41 40 39 39 38 37 36 34 33 32 30 29 29 30 31 32 34 35 36 36 35 34 33 32 31 30 32 37 42 47 51 56 61 63 63 63 64 64 64 64 64 65 65 66 67 67 68 67 65 63 61 59 57 55 56 57 59 60 62 63 65
32 32 33 34 34 35 36 37 39 40 41 42 42 39 35 32 28 25 22 20 23 26 29 32 36 39 41 41 41 41 41 40 40 40 40 39 39 38 38 37 36 35 33 31 29 27 25 24 26 27 29 30 31 33 33 32 31 30 29 28 27 29 35 40 46 51 57 62 65 65 66 66 67 67 68 68 68 68 68 68 69 69 67 65 63 61 59 56 54 55 57 59 61 63 65 66
32 33 34 34 35 36 37 38 39 41 42 43 43 39 35 31 27 23 19 17 20 24 27 31 35 38 41 40 40 40 40 39 39 39 38 38 38 37 37 36 35 33 31 28 26 24 22 21 22 24 25 27 28 30 30 29 28 27 27 26 25 28 34 40 46 52 58 64 67 67 68 69 70 71 71 72 71 71 71 70 70 70 68 66 63 61 59 56 54 55 57 59 61 64 66 68
33 33 34 35 36 37 38 39 40 41 43 44 44 40 36 32 27 23 19 17 21 25 29 32 36 40 43 42 42 41 41 40 40 39 38 37 36 35 34 33 32 30 28 27 25 24 22 21 22 23 24 25 26 27 28 28 28 28 28 28 28 31 37 42 48 53 58 64 67 68 70 71 72 74 75 76 75 75 74 74 74 73 72 69 67 65 63 60 58 59 60 62 63 65 66 68
33 34 35 36 37 38 39 40 41 42 44 45 45 41 36 32 28 24 20 17 22 26 30 34 38 42 45 44 43 43 42 41 40 39 38 36 34 33 31 29 28 27 26 25 24 23 22 22 22 23 23 24 24 25 25 27 28 29 30 31 32 35 40 45 50 54 59 64 67 69 71 73 75 77 79 80 79 79 78 78 77 77 75 73 71 69 67 65 63 62 63 64 65 66 67 67
34 35 36 37 37 38 40 41 42 43 45 46 46 42 37 33 29 24 20 18 22 27 31 35 40 44 47 46 45 44 43 42 41 40 37 35 33 30 28 26 24 24 24 23 23 23 22 22 22 22 22 22 22 22 23 25 27 29 31 33 35 39 43 47 52 56 60 65 68 70 73 75 78 80 83 84 83 82 82 81 81 80 79 77 75 73 71 69 67 66 66 67 67 67 67 67
35 36 36 37 38 39 40 42 43 44 46 47 47 42 38 34 29 25 20 18 23 28 32 37 42 46 49 48 47 45 44 43 42 40 37 34 31 28 25 22 21 21 21 22 22 22 23 23 22 22 21 21 20 20 21 24 27 30 33 36 39 42 46 50 54 57 61 65 68 71 74 78 81 84 87 88 87 86 86 85 84 84 82 81 79 77 75 73 71 70 70 69 69 68 67 67
35 36 37 38 39 40 41 43 44 45 46 48 48 43 39 34 30 25 21 19 24 28 33 38 43 48 51 50 48 47 45 44 42 40 37 33 29 26 22 19 17 18 19 20 21 22 23 23 22 21 20 19 18 17 19 23 27 31 34 38 42 46 49 52 56 59 62 65 69 72 76 80 83 87 91 92 91 90 89 89 88 87 86 84 82 81 79 77 75 74 73 71 70 69 68 67
36 37 38 39 40 41 42 44 45 46 47 49 49 44 40 35 30 26 21 19 24 29 35 40 45 50 54 52 50 48 47 45 43 41 36 32 28 24 19 15 13 15 17 18 20 22 23 24 22 21 19 18 16 15 17 21 26 31 36 41 46 50 52 55 58 60 63 66 69 73 78 82 86 90 94 96 95 94 93 92 92 91 90 88 86 85 83 81 80 78 76 74 72 70 68 66
37 38 39 40 41 42 43 44 46 47 48 50 50 45 40 36 31 26 22 19 25 30 36 41 46 52 55 53 51 49 47 45 43 41 36 32 27 23 18 14 12 14 16 18 20 22 25 25 23 21 20 18 16 14 16 21 27 32 38 43 49 53 55 57 59 61 63 66 69 74 78 83 88 92 97 98 97 97 96 95 94 94 93 91 90 88 87 85 84 82 79 77 74 72 69 67
38 39 40 41 42 43 44 46 47 48 50 51 51 47 42 37 32 28 23 20 25 30 35 40 45 50 53 51 49 48 46 44 43 40 37 33 30 26 23 19 18 20 22 24 26 28 30 30 29 27 25 23 22 20 21 26 31 36 40 45 50 53 55 57 59 61 62 64 68 72 76 81 85 90 94 96 95 95 95 94 94 94 93 93 92 91 90 90 89 87 84 81 79 76 73 70
39 40 41 42 43 44 46 47 48 50 51 53 53 48 43 38 34 29 24 22 26 30 35 39 43 48 50 49 48 46 45 43 42 40 38 35 33 30 28 25 24 26 28 30 32 33 35 35 34 32 31 29 27 26 27 31 35 39 43 47 51 54 55 57 58 60 61 63 66 70 74 79 83 87 91 93 93 93 93 93 94 94 94 94 94 94 94 94 94 92 89 86 83 80 77 74
40 41 42 43 44 45 47 48 50 51 53 54 54 49 44 40 35 30 25 23 26 30 34 38 42 46 48 47 46 45 43 42 41 40 38 37 35 34 33 31 31 32 34 36 37 39 40 41 39 38 36 34 33 31 32 35 39 42 45 49 52 54 56 57 58 59 60 62 64 68 72 76 80 84 88 90 91 91 92 93 93 94 95 95 96 97 98 99 99 97 94 91 87 84 80 77
41 42 44 45 46 47 48 50 51 52 54 55 55 51 46 41 36 31 26 24 27 30 34 37 41 44 46 45 44 43 42 41 40 39 39 39 38 38 37 37 37 39 40 42 43 44 46 46 44 43 42 40 39 37 38 40 43 45 48 51 53 55 56 57 58 59 59 60 63 67 70 74 78 82 85 88 89 90 91 92 93 94 95 97 98 100 101 103 105 103 99 95 91 88 84 80
43 44 45 46 47 48 49 51 52 54 55 57 57 52 47 42 37 32 28 25 27 30 33 36 39 42 44 43 42 42 41 40 39 39 40 40 41 42 42 43 44 45 46 47 49 50 51 51 50 48 47 46 44 43 43 45 47 49 51 52 54 56 56 57 57 58 58 59 61 65 68 72 75 79 83 85 86 88 89 91 92 94 96 98 100 103 105 107 110 108 104 100 96 92 88 84
44 45 46 47 48 49 51 52 54 55 57 58 58 53 48 43 39 34 29 26 28 30 33 35 38 40 42 41 41 40 40 39 39 39 40 42 44 45 47 49 50 51 52 53 54 55 56 56 55 54 52 51 50 48 48 50 51 52 53 54 55 56 56 57 57 57 57 58 60 63 66 70 73 76 80 82 84 86 88 90 92 94 96 100 103 106 109 112 115 113 109 104 100 96 91 87
45 46 47 48 49 50 52 53 55 57 58 60 60 55 50 44 39 34 29 26 28 30 33 35 38 40 42 41 41 40 40 40 39 40 42 44 47 49 51 53 55 56 57 58 59 60 61 61 60 59 57 56 55 53 53 54 54 55 56 56 57 57 57 57 57 58 58 58 59 62 65 68 71 74 77 80 82 84 86 88 90 92 96 99 103 106 110 113 117 115 111 107 102 98 94 90
48 48 49 50 51 51 53 55 57 58 60 62 62 56 50 44 38 33 27 23 27 30 34 38 41 45 48 47 47 46 46 46 45 45 47 49 50 52 54 55 57 58 59 61 62 63 65 65 63 62 60 59 57 55 55 56 56 57 58 59 59 60 60 60 61 61 61 62 63 65 67 70 72 74 77 78 80 81 83 84 86 87 90 93 96 100 103 106 110 109 106 103 100 97 94 91
50 50 51 51 52 53 55 57 58 60 62 64 64 58 51 44 38 31 24 20 25 30 35 40 45 50 53 53 53 52 52 51 51 51 52 53 54 55 56 57 58 60 61 63 65 66 68 68 66 65 63 61 59 58 57 58 59 60 60 61 62 63 63 64 64 64 65 65 66 68 70 71 73 74 76 77 78 78 79 80 81 82 84 87 90 93 96 99 102 102 100 99 97 95 94 92
