pluvio/pluvio-380.asc
ncols         252
nrows         154
xllcorner     -0.5
yllcorner     -153.5
cellsize      1
NODATA_value  -9999
[rows 46 to 91 of 154, columns 96 to 191 of 252]
104 104 105 106 106 106 105 103 101 99 97 95 93 91 88 86 83 81 79 77 75 74 72 71 70 68 67 68 68 68 69 69 69 71 77 82 87 93 98 103 105 100 96 91 87 82 78 75 75 75 74 74 74 74 75 79 82 86 89 92 96 97 95 93 91 89 87 85 85 86 87 88 89 90 91 90 89 87 86 84 83 81 82 86 89 92 95 98 101 102 103 103 104 105 105 106
102 103 103 103 104 103 102 100 98 96 95 93 91 89 87 85 83 81 79 77 76 75 73 72 71 70 69 70 71 72 73 74 75 77 83 88 93 98 103 108 109 105 100 95 90 85 80 77 77 76 76 75 75 74 76 79 83 86 90 93 96 97 96 95 93 92 91 89 89 90 91 92 92 93 94 94 92 91 89 87 86 84 85 88 90 93 95 98 100 101 101 100 100 100 100 100
101 101 101 101 101 101 99 97 96 94 92 91 89 87 86 84 82 81 79 78 77 76 75 74 73 72 71 73 75 76 78 79 81 83 88 93 98 103 108 113 114 109 103 98 93 88 82 79 78 78 77 76 75 75 76 79 83 86 90 93 97 98 97 96 96 95 94 93 93 94 95 95 96 97 98 97 95 94 92 91 89 88 88 90 92 94 96 98 99 99 98 97 97 96 95 94
99 99 99 98 98 98 96 95 93 92 90 89 87 86 85 83 82 81 79 78 77 77 76 75 74 73 74 76 78 80 82 84 87 90 94 99 103 108 113 117 118 113 107 101 96 90 85 81 80 79 78 77 76 75 76 80 83 87 90 94 97 99 99 98 98 97 97 97 97 98 98 99 100 100 101 100 99 97 96 94 92 91 91 92 94 95 96 98 99 98 96 95 93 91 89 88
98 97 97 96 95 95 93 92 91 89 88 87 85 84 83 82 81 80 79 79 78 77 77 76 76 75 76 78 81 84 87 89 92 96 100 104 109 113 118 122 123 117 111 105 99 93 87 83 82 81 79 78 77 76 77 80 84 87 91 94 98 100 100 100 100 100 100 100 101 101 102 103 103 104 104 104 102 101 99 97 96 94 94 95 95 96 97 98 98 97 94 92 89 87 84 82
97 96 95 94 93 92 90 89 88 87 86 85 84 83 82 82 81 80 80 79 79 78 78 78 77 77 78 81 85 88 91 95 98 102 106 110 114 118 123 127 127 121 114 108 102 95 89 85 83 82 81 79 78 76 77 81 84 88 91 95 99 101 101 102 102 103 104 104 105 105 106 106 107 107 108 107 106 104 102 101 99 97 97 97 97 97 97 98 98 95 92 89 85 82 79 76
95 94 93 91 90 89 88 87 86 85 84 83 82 81 81 81 80 80 80 79 79 79 79 79 79 79 80 84 88 92 96 100 104 108 112 116 120 124 128 131 131 125 118 111 105 98 91 87 85 83 82 80 78 77 78 81 85 88 92 95 99 101 102 104 105 106 107 108 109 109 110 110 110 111 111 111 109 107 106 104 102 101 100 99 99 98 98 97 97 94 90 86 82 78 74 70
94 93 92 90 89 88 87 86 85 84 83 82 82 82 81 81 81 81 81 80 80 80 80 80 79 79 80 84 87 91 94 98 101 105 108 112 115 118 122 125 125 118 112 106 99 93 87 83 82 80 79 78 77 76 77 81 84 88 91 95 98 101 102 103 104 105 107 108 108 109 109 110 110 110 111 110 109 108 107 106 105 104 103 102 101 99 98 97 96 92 88 84 80 76 72 68
93 92 91 90 88 87 87 86 85 84 84 83 82 82 82 82 82 82 82 82 81 81 81 80 80 80 80 83 86 89 92 95 98 101 103 106 108 111 114 116 116 110 104 98 92 86 81 77 77 77 76 76 76 75 77 80 84 87 91 94 98 100 101 102 103 104 106 107 107 108 108 109 109 109 110 110 109 109 109 108 108 108 107 104 102 100 98 96 94 91 87 83 79 75 71 67
93 91 90 89 88 87 86 86 85 84 84 83 83 83 83 83 83 83 83 83 82 82 81 81 80 80 80 82 85 87 89 92 94 96 98 100 102 104 106 108 107 101 96 91 85 80 75 72 72 73 73 74 74 74 76 80 83 87 90 93 97 99 100 101 102 104 105 106 107 107 107 107 108 108 108 109 109 110 110 111 111 112 110 107 104 101 98 96 93 89 85 82 78 74 71 67
92 91 89 88 87 86 86 85 85 84 84 84 83 83 83 84 84 84 84 84 83 83 82 81 81 80 80 82 83 85 87 89 90 92 93 94 95 96 98 99 98 93 88 83 78 74 69 66 68 69 70 71 72 74 76 79 83 86 89 93 96 98 99 100 102 103 104 105 106 106 106 106 107 107 107 108 109 110 112 113 114 115 113 110 106 102 98 95 91 88 84 80 77 73 70 66
91 90 89 88 87 86 85 85 85 84 84 84 84 84 84 84 85 85 85 85 84 83 83 82 81 80 80 81 82 83 84 85 87 87 88 88 89 89 90 90 89 84 80 76 71 67 63 61 63 65 67 69 71 73 75 79 82 85 89 92 95 97 98 100 101 102 103 104 105 105 105 105 105 106 106 107 109 111 113 115 117 119 117 112 108 103 99 94 90 86 83 79 76 72 69 66
90 89 88 87 86 85 85 85 85 85 84 84 84 85 85 85 85 86 86 86 85 84 83 82 81 81 80 80 81 81 82 82 83 83 83 82 82 82 82 81 80 76 72 68 64 61 57 56 58 61 64 67 69 72 75 78 81 85 88 91 94 97 98 99 100 101 102 103 104 104 104 104 104 104 105 106 109 112 114 117 120 123 120 115 109 104 99 93 88 84 81 78 75 72 68 65
89 88 87 86 85 85 85 85 85 85 85 85 85 85 85 86 86 87 87 87 86 85 84 83 82 81 80 80 80 80 79 79 79 79 78 77 76 75 74 73 71 67 64 61 57 54 51 50 54 57 61 64 68 71 74 78 81 84 87 90 94 96 97 98 99 100 101 102 103 103 103 103 103 103 103 106 109 112 116 119 123 126 123 117 111 105 99 93 87 83 80 77 74 71 68 65
89 88 87 86 85 84 84 84 84 84 84 84 84 84 84 84 84 84 84 84 83 82 81 80 79 79 78 77 77 77 77 76 76 76 75 74 73 72 72 71 69 66 63 59 56 52 49 49 52 56 59 63 66 70 73 76 79 82 85 88 91 93 94 96 97 98 100 101 102 102 103 103 104 104 105 107 109 112 115 117 120 123 120 114 108 102 96 90 84 80 78 75 72 69 67 64
90 89 87 86 85 84 84 84 84 83 83 83 83 83 82 82 81 81 81 80 79 79 78 77 77 76 75 75 75 74 74 73 73 73 72 72 71 71 70 70 68 65 62 58 55 51 48 48 51 55 58 62 65 69 72 75 77 80 83 85 88 90 92 93 95 97 98 100 101 102 103 104 105 105 106 108 110 111 113 115 117 118 115 110 104 98 93 87 81 78 75 73 71 68 66 63
90 89 88 86 85 84 83 83 83 83 83 82 82 81 80 80 79 78 77 76 76 75 75 74 74 73 73 72 72 71 71 71 70 70 70 70 69 69 69 69 68 64 61 57 54 51 47 47 50 54 57 61 64 68 71 73 75 78 80 83 85 87 89 91 93 95 97 99 100 102 103 104 105 107 108 109 110 111 112 112 113 114 111 105 100 95 89 84 78 75 73 71 69 67 65 63
91 89 88 86 85 83 83 83 82 82 82 82 81 80 79 77 76 75 74 73 72 72 72 71 71 71 70 70 69 69 68 68 67 67 67 67 68 68 68 68 67 64 60 57 53 50 46 46 49 53 56 59 63 66 69 71 74 76 78 80 82 84 86 89 91 93 95 98 100 101 103 105 106 108 109 110 110 110 110 110 110 110 106 101 96 91 86 81 76 73 71 69 67 66 64 62
91 90 88 86 84 83 83 82 82 82 81 81 80 79 77 75 74 72 70 69 69 69 68 68 68 68 68 67 67 66 65 65 64 64 65 65 66 66 67 67 66 63 59 56 52 49 45 45 48 51 55 58 62 65 68 70 72 74 75 77 79 81 84 86 89 91 94 97 99 101 103 105 107 109 111 111 110 109 108 107 106 105 102 97 92 87 83 78 73 70 69 67 66 64 63 61
92 90 88 86 84 83 82 82 81 81 80 80 79 77 75 73 71 69 67 65 65 65 65 65 65 65 65 65 64 63 63 62 61 61 62 63 64 65 66 66 66 62 58 55 51 48 44 43 47 50 54 57 61 64 67 68 70 71 73 75 76 78 81 84 87 90 93 95 98 100 103 105 108 110 113 112 111 109 107 105 103 101 97 93 88 84 79 75 70 68 67 65 64 63 62 61
92 90 88 86 84 82 82 81 81 80 80 79 78 76 73 71 68 66 63 61 62 62 62 62 63 63 63 62 61 61 60 59 58 58 59 61 62 63 64 66 65 61 58 54 50 47 43 42 46 49 53 56 60 63 65 67 68 69 71 72 73 75 79 82 85 88 91 94 97 100 103 106 109 111 114 114 111 108 105 102 99 97 93 89 84 80 76 72 67 66 65 64 63 62 61 60
92 90 88 86 84 83 82 81 80 79 78 77 76 73 71 69 67 64 62 61 61 61 61 61 61 61 61 61 60 60 59 59 58 58 59 61 62 63 64 66 65 62 59 56 52 49 46 45 48 51 54 58 61 64 66 67 68 69 70 71 72 74 77 80 83 86 89 91 94 97 100 103 106 109 112 111 109 106 103 100 97 94 91 87 83 79 75 71 67 66 65 64 63 63 62 61
91 89 88 86 84 83 81 80 79 77 76 74 73 71 69 67 65 63 61 60 60 60 60 60 60 60 60 60 59 59 59 58 58 58 59 61 62 63 65 66 66 63 60 57 55 52 49 49 51 54 57 59 62 64 66 67 68 69 70 71 72 74 76 78 81 83 86 88 91 94 97 100 103 106 109 109 106 103 100 98 95 92 89 85 82 78 75 71 68 66 66 65 64 64 63 63
90 89 87 86 85 83 81 79 78 76 74 72 70 69 67 65 64 62 61 59 59 59 59 59 59 59 58 58 58 58 58 58 58 58 59 61 62 63 65 66 66 64 61 59 57 55 52 52 54 56 59 61 63 65 67 67 68 69 70 70 71 73 75 77 79 81 83 85 88 91 94 98 101 104 107 106 104 101 98 95 92 90 87 84 80 77 74 71 68 67 66 66 65 65 64 64
89 88 87 86 85 84 81 79 76 74 72 69 67 66 65 64 62 61 60 59 59 58 58 58 57 57 57 57 57 57 57 58 58 58 60 61 62 63 65 66 66 64 63 61 59 57 55 55 57 59 61 62 64 66 67 68 68 69 69 70 70 72 73 75 77 79 81 82 85 88 91 95 98 101 104 104 101 98 96 93 90 87 85 82 79 76 74 71 68 67 67 67 66 66 66 65
88 88 87 86 85 84 81 78 75 73 70 67 65 64 63 62 61 60 59 58 58 57 57 57 56 56 56 56 56 57 57 57 58 58 60 61 62 64 65 66 67 65 64 63 61 60 59 58 60 61 63 64 65 67 68 68 68 69 69 69 70 71 72 74 75 77 78 79 82 85 89 92 95 98 102 101 99 96 93 91 88 85 83 80 78 76 73 71 68 68 68 67 67 67 67 67
88 87 86 86 85 84 81 78 74 71 68 64 62 61 61 60 59 59 58 58 57 57 56 55 55 54 54 55 55 56 56 57 58 58 60 61 62 64 65 66 67 66 65 64 63 63 62 62 63 64 65 66 67 68 68 68 69 69 69 69 69 70 71 72 73 74 75 77 79 82 86 89 92 96 99 99 96 93 91 88 86 83 81 79 77 75 73 71 69 68 68 68 68 68 68 68
87 86 86 86 85 85 81 77 73 69 66 62 59 59 58 58 58 58 58 57 56 56 55 54 54 53 53 53 54 55 56 57 57 58 60 61 63 64 65 67 67 67 66 66 66 65 65 65 66 66 67 67 68 68 69 69 69 69 69 69 69 69 70 70 71 72 73 74 76 79 83 86 90 93 97 96 94 91 88 86 83 81 79 77 75 74 72 71 69 69 69 69 69 69 70 70
86 86 86 85 85 84 81 77 74 70 67 63 61 60 60 59 59 58 58 57 57 56 55 54 53 53 52 53 54 55 56 57 58 59 61 62 63 65 66 68 68 68 68 68 67 67 67 67 67 68 69 69 70 70 70 70 70 70 70 70 70 70 71 71 72 73 73 74 76 79 83 86 89 92 95 95 93 91 89 87 85 83 82 80 79 78 77 76 74 74 74 74 73 73 73 73
86 86 85 85 84 83 80 77 74 71 68 65 62 62 61 60 60 59 58 57 57 56 55 54 53 52 52 53 54 55 57 58 59 60 61 63 64 66 67 69 69 69 69 69 69 69 68 69 69 70 70 71 72 72 72 72 72 71 71 71 71 71 71 72 73 73 74 75 76 79 82 85 88 91 94 94 93 92 90 89 87 86 85 84 83 82 82 81 80 79 79 78 78 77 77 76
86 85 85 84 84 83 80 77 75 72 69 67 64 63 62 61 60 59 59 58 57 56 55 54 53 52 52 53 54 56 57 58 59 61 62 64 65 67 68 70 70 70 70 70 70 70 70 70 71 72 72 73 73 74 74 74 73 73 72 72 72 72 72 73 73 74 75 75 77 80 82 85 88 90 93 94 93 92 91 90 89 89 88 88 87 87 86 86 85 85 84 83 82 81 80 80
85 85 84 84 83 82 80 78 75 73 71 68 66 65 64 62 61 60 59 58 57 56 55 54 53 52 51 53 54 56 57 59 60 62 63 65 66 68 69 71 72 72 72 72 72 72 72 72 73 74 74 75 75 76 76 75 75 74 74 73 73 73 73 74 74 75 75 76 77 80 82 85 87 89 92 93 92 92 92 92 92 91 91 91 91 91 91 91 91 90 89 88 86 85 84 83
85 84 84 83 82 82 80 78 76 74 72 70 68 66 65 64 62 61 59 58 57 56 55 54 53 51 51 53 54 56 58 59 61 62 64 65 67 69 70 72 73 73 73 73 73 74 74 74 75 75 76 77 77 78 78 77 76 76 75 74 74 74 74 74 75 75 76 76 78 80 82 84 86 88 91 92 92 92 93 93 94 94 94 95 95 95 96 96 96 95 94 92 91 89 88 86
85 84 83 82 82 81 79 78 76 75 73 71 70 68 66 65 63 61 60 58 57 56 55 53 52 51 51 53 54 56 58 60 61 63 65 66 68 69 71 73 74 74 74 75 75 75 76 76 77 77 78 78 79 80 80 79 78 77 76 76 75 75 75 75 76 76 76 77 78 80 82 84 86 88 90 91 92 93 94 95 96 97 97 98 99 100 100 101 102 101 99 97 95 93 91 89
84 83 83 82 81 80 79 78 77 75 74 73 72 70 68 66 64 62 60 58 57 56 55 53 52 51 51 53 55 56 58 60 62 64 66 67 69 70 72 74 75 75 76 76 76 77 77 78 78 79 80 80 81 81 81 80 79 79 78 77 76 75 76 76 76 77 77 77 78 80 82 83 85 87 88 90 92 93 95 96 98 99 101 102 103 104 105 106 107 106 104 102 99 97 95 93
86 85 84 83 82 81 80 79 78 77 76 75 73 72 70 68 66 64 62 60 59 58 57 56 55 54 54 55 57 58 60 61 63 64 66 68 69 71 73 75 76 76 77 77 78 78 79 79 80 80 81 81 82 82 82 81 80 80 79 78 77 77 77 77 77 77 77 77 78 80 82 84 86 88 89 91 93 95 97 100 102 104 105 106 107 108 109 110 111 110 108 106 104 102 100 98
88 87 86 85 84 83 82 81 80 79 78 77 75 73 71 69 67 65 63 61 61 60 59 58 58 57 57 58 59 60 61 62 63 65 67 68 70 72 74 76 77 78 78 79 79 79 80 80 81 81 82 82 83 83 83 82 81 81 80 79 79 78 78 78 78 78 77 77 78 80 82 84 86 88 90 93 95 98 100 103 105 108 109 110 111 112 113 114 115 114 112 110 108 106 104 102
89 88 87 86 85 84 83 82 81 80 79 78 77 75 73 71 69 67 65 63 63 62 62 61 61 60 60 60 61 62 63 63 64 65 67 69 71 73 75 77 78 79 79 80 80 81 81 82 82 82 83 83 83 84 84 83 82 82 81 81 80 80 79 79 78 78 78 77 78 80 83 85 87 89 91 94 97 100 103 106 109 112 114 115 115 116 117 118 119 118 116 114 113 111 109 107
91 90 89 87 86 85 84 83 83 82 81 80 79 77 75 73 71 69 67 65 65 64 64 64 63 63 63 63 63 64 64 64 64 65 67 70 72 74 76 78 79 80 80 81 82 82 83 83 83 83 84 84 84 84 84 84 83 83 83 82 82 81 81 80 79 79 78 77 78 81 83 85 88 90 92 95 99 102 106 109 113 116 118 119 120 120 121 122 123 122 120 119 117 115 114 112
93 91 90 89 87 86 85 85 84 83 83 82 81 79 77 75 72 70 68 67 66 66 66 66 66 66 66 66 66 65 65 65 65 66 68 70 72 75 77 79 81 81 82 82 83 83 84 84 84 85 85 85 85 85 85 85 85 84 84 84 83 83 82 81 80 79 78 77 78 81 83 86 88 91 93 97 101 105 109 113 117 121 122 123 124 124 125 126 127 126 124 123 121 120 118 117
94 93 91 90 88 87 87 86 85 85 84 84 83 81 79 76 74 72 70 68 68 68 69 69 69 69 69 68 68 67 67 66 66 66 68 71 73 75 78 80 82 82 83 83 84 85 85 86 86 86 86 86 86 86 86 86 86 85 85 85 85 84 83 82 81 79 78 77 78 81 83 86 89 91 94 98 102 107 111 116 120 125 127 127 128 129 129 130 130 130 128 127 126 124 123 122
96 95 93 91 90 88 88 87 87 87 86 86 85 83 80 78 76 74 72 70 70 71 71 71 72 72 72 71 70 69 68 68 67 67 69 72 74 77 79 81 83 84 84 85 85 86 87 87 87 87 87 87 87 87 87 87 87 87 86 86 86 86 84 83 81 80 79 77 78 81 84 87 90 92 95 99 104 109 114 119 124 129 131 132 132 133 133 134 134 133 132 131 130 129 128 126
99 97 96 94 92 91 90 90 89 89 89 88 87 85 83 81 79 77 74 73 74 75 76 77 78 79 79 78 77 76 75 74 73 73 75 77 79 81 83 85 86 86 87 87 87 88 88 88 89 89 89 89 89 90 90 89 89 89 89 89 89 88 87 86 84 83 82 81 82 84 87 90 92 95 98 102 108 113 119 125 130 136 138 138 137 137 137 137 137 136 135 134 133 132 131 129
102 100 98 97 95 93 93 92 92 91 91 90 90 88 86 83 81 79 77 76 78 79 81 82 84 85 86 85 84 83 82 81 80 80 81 83 84 85 87 88 89 89 89 89 89 90 90 90 90 91 91 92 92 92 93 92 92 92 92 91 91 90 89 88 87 86 85 84 85 88 90 93 95 98 100 105 111 117 124 130 136 142 144 143 143 142 141 141 140 139 138 137 136 135 133 132
104 103 101 99 97 96 95 95 94 94 93 93 92 90 88 86 84 82 80 79 81 83 85 87 89 91 93 92 91 90 89 88 87 86 87 88 89 90 91 91 92 92 92 92 92 91 91 92 92 93 93 94 95 95 95 95 95 94 94 94 93 93 92 91 90 89 88 87 88 91 93 96 98 100 103 108 115 122 128 135 142 149 150 149 148 147 146 144 143 142 141 140 139 138 136 135
107 105 104 102 100 98 98 97 97 96 96 95 94 93 91 89 87 85 83 82 85 87 90 93 95 98 99 98 97 96 96 95 94 93 93 94 94 94 94 95 95 94 94 94 94 93 93 93 94 95 96 96 97 98 98 98 97 97 97 96 96 95 95 94 93 92 92 91 92 94 96 99 101 103 105 111 118 126 133 140 148 155 157 155 153 152 150 148 146 145 144 143 142 141 139 138
