pluvio/pluvio-378.asc
ncols         252
nrows         154
xllcorner     -0.5
yllcorner     -153.5
cellsize      1
NODATA_value  -9999
[rows 69 to 137 of 154, columns 0 to 95 of 252]
0 0 0 0 0 0 0 0 0 0 0 0 0 0 0 0 0 0 0 0 0 0 0 0 0 0 0 0 0 0 0 0 0 0 0 0 0 0 0 0 0 0 0 0 0 0 0 0 0 0 0 0 0 0 0 0 0 0 0 0 0 0 0 0 0 0 0 0 0 0 0 0 0 0 0 0 0 0 0 0 0 0 0 0 0 0 0 0 0 0 0 0 0 0 0 0
0 0 0 0 0 0 0 0 0 0 0 0 0 0 0 0 0 0 0 0 0 0 0 0 0 0 0 0 0 0 0 0 0 0 0 0 0 0 0 0 0 0 0 0 0 0 0 0 0 0 0 0 0 0 0 0 0 0 0 0 0 0 0 0 0 0 0 0 0 0 0 0 0 0 0 0 0 0 0 0 0 0 0 0 0 0 0 0 0 0 0 0 0 0 0 0
0 0 0 0 0 0 0 0 0 0 0 0 0 0 0 0 0 0 0 0 0 0 0 0 0 0 0 0 0 0 0 0 0 0 0 0 0 0 0 0 0 0 0 0 0 0 0 0 0 0 0 0 0 0 0 0 0 0 0 0 0 0 0 0 0 0 0 0 0 0 0 0 0 0 0 0 0 0 0 0 0 0 0 0 0 0 0 0 0 0 0 0 0 0 0 0
0 0 0 0 0 0 0 0 0 0 0 0 0 0 0 0 0 0 0 0 0 0 0 0 0 0 0 0 0 0 0 0 0 0 0 0 0 0 0 0 0 0 0 0 0 0 0 0 0 0 0 0 0 0 0 0 0 0 0 0 0 0 0 0 0 0 0 0 0 0 0 0 0 0 0 0 0 0 0 0 0 0 0 0 0 0 0 0 0 0 0 0 0 0 0 0
0 0 0 0 0 0 0 0 0 0 0 0 0 0 0 0 0 0 0 0 0 0 0 0 0 0 0 0 0 0 0 0 0 0 0 0 0 0 0 0 0 0 0 0 0 0 0 0 0 0 0 0 0 0 0 0 0 0 0 0 0 0 0 0 0 0 0 0 0 0 0 0 0 0 0 0 0 0 0 0 0 0 0 0 0 0 0 0 0 0 0 0 0 0 0 0
0 0 0 0 0 0 0 0 0 0 0 0 0 0 0 0 0 0 0 0 0 0 0 0 0 0 0 0 0 0 0 0 0 0 0 0 0 0 0 0 0 0 0 0 0 0 0 0 0 0 0 0 0 0 0 0 0 0 0 0 0 0 0 0 0 0 0 0 0 0 0 0 0 0 0 0 0 0 0 0 0 0 0 0 0 0 0 0 0 0 0 0 0 0 0 0
0 0 0 0 0 0 0 0 0 0 0 0 0 0 0 0 0 0 0 0 0 0 0 0 0 0 0 0 0 0 0 0 0 0 0 0 0 0 0 0 0 0 0 0 0 0 0 0 0 0 0 0 0 0 0 0 0 0 0 0 0 0 0 0 0 0 0 0 0 0 0 0 0 0 0 0 0 0 0 0 0 0 0 0 0 0 0 0 0 0 0 0 0 0 0 0
0 0 0 0 0 0 0 0 0 0 0 0 0 0 0 0 0 0 0 0 0 0 0 0 0 0 0 0 0 0 0 0 0 0 0 0 0 0 0 0 0 0 0 0 0 0 0 0 0 0 0 0 0 0 0 0 0 0 0 0 0 0 0 0 0 0 0 0 0 0 0 0 0 0 0 0 0 0 0 0 0 0 0 0 0 0 0 0 0 0 0 0 0 0 0 0
0 0 0 0 0 0 0 0 0 0 0 0 0 0 0 0 0 0 0 0 0 0 0 0 0 0 0 0 0 0 0 0 0 0 0 0 0 0 0 0 0 0 0 0 0 0 0 0 0 0 0 0 0 0 0 0 0 0 0 0 0 0 0 0 0 0 0 0 0 0 0 0 0 0 0 0 0 0 0 0 0 0 0 0 0 0 0 0 0 0 0 0 0 0 0 0
0 0 0 0 0 0 0 0 0 0 0 0 0 0 0 0 0 0 0 0 0 0 0 0 0 0 0 0 0 0 0 0 0 0 0 0 0 0 0 0 0 0 0 0 0 0 0 0 0 0 0 0 0 0 0 0 0 0 0 0 0 0 0 0 0 0 0 0 0 0 0 0 0 0 0 0 0 0 0 0 0 0 0 0 0 0 0 0 0 0 0 0 0 0 0 1
0 0 0 0 0 0 0 0 0 0 0 0 0 0 0 0 0 0 0 0 0 0 0 0 0 0 0 0 0 0 0 0 0 0 0 0 0 0 0 0 0 0 0 0 0 0 0 0 0 0 0 0 0 0 0 0 0 0 0 0 0 0 0 0 0 0 0 0 0 0 0 0 0 0 0 0 0 0 0 0 0 0 0 0 0 0 0 0 0 0 0 0 0 0 1 1
0 0 0 0 0 0 0 0 0 0 0 0 0 0 0 0 0 0 0 0 0 0 0 0 0 0 0 0 0 0 0 0 0 0 0 0 0 0 0 0 0 0 0 0 0 0 0 0 0 0 0 0 0 0 0 0 0 0 0 0 0 0 0 0 0 0 0 0 0 0 0 0 0 0 0 0 0 0 0 0 0 0 0 0 0 0 0 0 0 0 0 0 0 1 1 1
0 0 0 0 0 0 0 0 0 0 0 0 0 0 0 0 0 0 0 0 0 0 0 0 0 0 0 0 0 0 0 1 1 0 0 0 0 0 0 0 0 0 0 0 0 0 0 0 0 0 0 0 0 0 0 0 0 0 0 0 0 0 0 0 0 0 0 0 0 0 0 0 0 0 0 0 0 0 0 0 0 0 0 0 0 0 0 0 0 0 0 1 1 1 1 1
0 0 0 0 0 0 0 0 0 0 0 0 0 0 0 0 0 0 0 0 0 0 0 0 0 0 0 0 0 1 1 1 1 1 1 0 0 0 0 0 0 0 0 0 0 0 0 0 0 0 0 0 0 0 0 0 0 0 0 0 0 0 0 0 0 0 0 0 0 0 0 0 0 0 0 0 0 0 0 0 0 0 0 0 0 0 0 0 0 0 1 1 1 1 1 1
0 0 0 0 0 0 0 0 0 0 0 0 0 0 0 0 0 0 0 0 0 0 0 0 0 0 0 0 1 1 1 1 1 1 1 1 0 0 0 0 0 0 0 0 0 0 0 0 0 0 0 0 0 0 0 0 0 0 0 0 0 0 0 0 0 0 0 0 0 0 0 0 0 0 0 0 0 0 0 0 0 0 0 0 0 0 0 0 0 1 1 1 1 1 1 1
0 0 0 0 0 0 0 0 0 0 0 0 0 0 0 0 0 0 0 0 0 0 0 0 0 0 0 1 1 1 1 1 1 1 1 1 0 0 0 0 0 0 0 0 0 0 0 0 0 0 0 0 0 0 0 0 0 0 0 0 0 0 1 1 1 1 1 0 0 0 0 0 0 0 0 0 0 0 0 0 0 0 0 0 0 0 0 0 1 1 1 1 1 1 2 2
0 0 0 0 0 0 0 0 0 0 0 0 0 0 0 0 0 0 0 0 0 0 0 0 0 0 0 1 1 1 1 2 2 1 1 1 1 0 0 0 0 0 0 0 0 0 0 0 0 0 0 0 1 1 1 1 1 1 1 1 1 1 1 1 1 1 1 1 1 0 0 0 0 0 0 0 0 0 0 0 0 0 0 0 0 0 0 0 1 1 1 1 1 2 2 2
0 0 0 0 0 0 0 0 0 0 0 0 0 0 0 0 0 0 0 0 0 0 0 0 0 0 0 1 1 1 2 2 2 2 1 1 1 0 0 0 0 0 0 0 0 0 0 0 0 0 0 1 1 1 1 1 1 1 1 1 1 1 1 1 1 1 1 1 1 1 0 0 0 0 0 0 0 0 0 0 0 0 0 0 0 0 0 0 1 1 1 1 2 2 2 2
0 0 0 0 0 0 0 0 0 0 1 0 0 0 0 0 0 0 0 0 0 0 0 0 0 0 1 1 1 2 2 2 2 2 1 1 1 0 0 0 0 0 0 0 0 0 0 0 0 0 1 1 1 1 1 1 1 1 1 1 1 1 1 1 1 1 1 1 1 1 1 0 0 0 0 0 0 0 0 0 0 0 0 0 0 0 0 1 1 1 1 1 2 2 2 2
0 0 0 0 0 0 0 0 0 0 0 0 0 0 0 0 0 0 0 0 0 0 0 0 0 0 1 1 1 2 2 2 2 2 2 1 1 1 0 0 0 0 0 0 0 0 0 0 0 0 1 1 1 1 1 1 1 1 1 1 1 1 1 1 1 1 1 1 1 1 1 1 1 1 1 1 1 1 1 1 2 1 1 1 1 1 1 0 1 1 1 1 2 2 2 2
0 0 0 0 0 0 0 0 0 0 0 0 0 0 0 0 0 0 0 0 0 0 0 0 0 0 1 1 1 2 2 3 3 2 2 2 1 1 1 1 0 0 0 0 0 0 0 0 0 0 1 1 1 1 1 1 1 1 1 1 1 1 1 1 1 1 1 1 1 1 1 1 1 1 1 1 2 2 2 2 3 2 2 2 1 1 1 0 1 1 1 1 1 2 2 2
0 0 0 0 0 0 0 0 0 0 0 0 0 0 0 0 0 0 0 0 0 0 0 0 0 0 1 1 2 2 2 3 3 2 2 2 2 1 1 1 1 1 0 0 0 0 0 0 0 0 1 1 1 1 1 1 1 1 0 0 1 1 1 1 1 1 1 1 1 1 1 1 1 1 2 2 2 3 3 3 4 3 3 2 2 1 1 0 1 1 1 1 1 2 2 2
0 0 0 0 0 0 0 0 0 0 0 0 0 0 0 0 0 0 0 0 0 0 0 0 0 1 1 1 2 2 3 3 3 3 2 2 2 2 1 1 1 1 1 0 0 0 0 0 0 0 1 1 1 1 1 1 1 0 0 0 0 1 1 1 1 1 1 1 1 1 1 1 2 2 2 3 3 3 4 4 5 4 4 3 2 2 1 0 1 1 1 1 1 1 2 2
0 0 0 0 0 0 0 0 0 0 0 0 0 0 0 0 0 0 0 0 0 0 0 0 0 1 1 1 2 2 3 3 3 3 3 2 2 2 2 1 1 1 1 1 0 0 0 0 0 0 0 1 1 1 1 1 0 0 0 0 0 0 1 1 1 1 1 1 1 1 2 2 2 2 3 3 4 4 5 5 6 5 4 4 3 2 1 0 1 1 1 1 1 1 1 1
0 0 0 0 0 0 0 0 0 0 0 0 0 0 0 0 0 0 0 0 0 0 0 0 0 1 1 2 2 3 3 3 3 3 3 3 2 2 2 2 1 1 1 1 0 0 0 0 0 0 0 1 1 1 1 1 0 0 0 0 0 0 1 1 1 1 1 1 1 2 2 2 2 2 3 4 4 5 6 6 7 6 5 4 3 2 1 0 1 1 1 1 1 1 1 1
0 0 0 0 0 0 0 0 0 0 0 0 0 0 0 0 0 0 0 0 0 0 0 0 1 1 1 2 2 3 3 4 4 3 3 3 3 3 2 2 2 1 1 1 0 0 0 0 0 0 0 1 1 1 1 0 0 0 0 0 0 0 1 1 1 1 1 1 2 2 2 2 2 3 3 4 5 6 6 7 8 7 6 5 4 2 1 0 1 1 1 1 1 1 1 1
0 0 0 0 0 0 0 0 0 0 0 0 0 0 0 0 0 0 0 0 1 1 1 1 1 2 2 2 3 3 3 4 4 3 3 3 3 2 2 2 1 1 1 1 0 0 0 0 0 0 1 1 1 1 1 1 0 0 0 0 0 0 1 1 1 1 1 1 2 2 3 3 3 4 4 5 5 6 6 7 7 6 5 4 3 2 2 1 1 1 1 1 1 1 1 1
0 0 0 0 0 0 0 0 0 0 0 0 0 0 0 0 0 0 0 1 1 1 1 2 2 2 3 3 3 3 4 4 4 3 3 3 2 2 2 1 1 1 1 0 0 0 0 0 0 0 1 1 1 1 1 1 1 0 0 0 0 1 1 1 1 1 1 2 2 3 3 4 4 5 5 5 5 6 6 6 6 6 5 4 3 2 2 1 1 1 1 1 1 1 1 1
0 0 0 0 0 0 0 0 0 0 0 0 0 0 0 0 0 0 1 1 1 2 2 2 3 3 3 3 3 4 4 4 4 3 3 3 2 2 1 1 1 1 1 0 0 0 0 0 0 1 1 1 1 1 1 1 1 1 0 0 0 1 1 1 1 1 1 2 2 3 4 4 5 5 5 6 6 6 6 6 6 5 4 4 3 2 2 1 1 1 1 1 1 1 1 1
0 0 0 0 0 0 0 0 0 0 0 0 0 0 0 0 0 0 1 1 2 2 2 3 3 4 4 4 4 4 4 4 4 3 3 2 2 2 1 1 1 1 0 0 0 0 0 0 0 1 1 1 1 1 1 1 1 1 1 0 1 1 1 1 1 1 1 2 3 3 4 5 6 6 6 6 6 5 5 5 5 4 4 3 3 2 2 1 1 1 1 1 1 1 0 1
0 0 0 0 0 0 0 0 0 0 0 0 0 0 0 0 0 0 1 1 2 2 3 4 4 4 4 4 4 4 4 4 4 3 3 2 2 1 1 1 0 0 0 0 0 0 0 0 0 1 1 1 1 1 1 1 1 1 1 0 1 1 1 1 1 1 1 2 3 4 5 6 6 7 7 6 6 5 5 4 4 4 3 3 3 2 2 2 1 1 1 1 1 0 0 1
0 0 0 0 0 0 0 0 0 0 0 0 0 0 0 0 0 0 1 1 2 3 4 4 5 5 5 5 5 5 4 4 4 3 3 2 2 1 0 0 0 0 0 0 0 0 0 0 0 1 1 1 1 1 1 1 1 1 1 1 1 1 1 1 1 1 1 2 3 4 5 6 7 8 8 7 6 5 5 4 3 3 3 3 2 2 2 2 2 1 1 1 1 0 0 0
0 0 0 0 0 0 0 0 0 0 0 0 0 0 0 0 0 0 1 2 2 3 4 5 5 6 5 5 5 5 5 4 4 3 3 2 1 1 0 0 0 0 0 0 0 0 0 0 1 1 1 1 1 1 1 1 1 1 1 1 1 1 1 1 1 1 1 2 3 5 6 7 8 9 8 7 6 5 4 4 3 3 3 2 2 2 2 2 2 2 1 1 1 0 0 0
0 0 0 0 0 0 0 0 0 0 0 0 0 0 0 0 0 1 1 2 2 3 4 4 5 5 5 5 4 4 4 4 3 3 2 2 1 1 0 0 0 0 0 0 0 0 1 1 1 1 1 2 2 2 1 1 1 1 1 1 1 1 1 1 1 1 1 2 3 4 5 6 7 8 8 7 6 6 5 4 3 3 3 3 3 3 3 3 2 2 2 1 1 1 1 1
0 0 0 0 0 0 0 0 0 0 0 0 0 0 0 0 1 1 1 2 2 3 3 4 4 4 4 4 4 4 3 3 3 2 2 1 1 1 0 0 0 0 0 0 1 1 1 1 1 2 2 2 2 2 2 2 1 1 1 1 1 1 1 1 1 1 1 2 3 4 5 6 7 8 7 7 6 6 5 5 4 4 4 4 4 3 3 3 3 3 2 2 2 1 1 1
0 0 0 0 0 0 0 0 0 0 0 0 0 0 0 1 1 1 1 2 2 3 3 3 4 4 4 3 3 3 3 2 2 2 1 1 1 0 0 0 0 0 1 1 1 1 1 1 2 2 2 2 3 3 2 2 2 1 1 1 1 1 1 1 1 1 1 2 3 4 5 5 6 7 7 7 6 6 6 5 5 5 5 4 4 4 4 4 3 3 3 2 2 2 1 2
0 0 0 0 0 0 0 0 0 0 0 0 0 0 0 1 1 1 1 2 2 2 3 3 3 3 3 3 3 2 2 2 2 1 1 1 1 0 0 0 0 1 1 1 1 1 2 2 2 2 3 3 3 3 3 2 2 1 1 1 1 1 1 1 1 1 1 2 2 3 4 5 6 7 7 7 6 6 6 6 6 6 5 5 5 5 4 4 4 4 3 3 3 2 2 2
0 0 0 0 0 0 0 0 0 0 0 0 0 0 1 1 1 1 1 2 2 2 2 3 3 3 3 2 2 2 1 1 1 1 1 1 0 0 0 0 0 1 1 1 1 2 2 2 3 3 3 3 4 3 3 2 2 2 1 1 1 1 1 1 1 1 1 1 2 3 4 5 5 6 6 6 6 6 7 7 7 6 6 6 6 5 5 5 4 4 4 3 3 3 2 3
0 0 0 0 0 0 0 0 0 0 0 0 0 0 1 1 1 1 1 2 2 2 2 2 2 2 2 2 1 1 1 1 0 0 0 0 0 0 0 0 1 1 1 1 2 2 2 3 3 3 4 4 4 4 3 3 2 2 1 1 0 0 0 0 0 0 0 1 2 3 3 4 5 6 6 6 6 7 7 7 7 7 7 6 6 6 6 5 5 4 4 4 3 3 3 3
0 0 0 0 0 0 0 0 0 0 0 0 0 0 1 1 1 1 1 1 2 2 2 2 2 2 1 1 1 1 0 0 0 0 0 0 0 0 0 0 1 1 1 2 2 2 3 3 3 4 4 4 5 4 4 3 3 2 1 1 1 1 1 1 1 0 0 1 2 3 3 4 5 5 6 6 7 7 7 8 8 8 8 7 7 7 6 6 6 5 5 5 4 4 4 4
0 0 0 0 0 0 0 0 0 0 0 0 0 0 1 1 1 1 1 1 1 1 2 2 2 2 1 1 1 1 0 0 0 0 0 0 0 0 0 1 1 2 2 3 3 4 4 4 4 5 5 5 6 5 5 4 3 3 2 2 2 2 2 2 1 1 1 2 3 3 4 5 5 6 7 7 8 8 9 9 10 10 9 9 9 9 8 8 8 8 7 7 7 7 6 7
0 0 0 0 0 0 0 0 0 0 0 0 0 0 1 1 1 1 1 1 1 1 1 1 1 1 1 1 1 1 0 0 0 0 0 0 0 0 0 1 2 2 3 4 4 5 5 5 5 6 6 6 6 6 5 5 4 4 3 3 2 2 2 2 2 2 2 3 4 4 5 5 6 7 7 8 9 9 10 11 11 11 11 11 11 11 11 10 10 10 10 9 9 9 9 10
0 0 0 0 0 0 0 0 0 0 0 0 0 0 1 1 1 1 1 1 1 1 1 1 1 1 1 1 1 1 0 0 0 0 0 0 1 1 1 1 2 3 4 4 5 6 6 6 7 7 7 7 7 7 6 6 5 5 4 3 3 3 3 3 3 3 3 4 4 5 6 6 7 7 8 9 10 10 11 12 13 13 13 13 13 13 13 13 12 12 12 12 12 12 12 12
0 0 0 0 0 0 0 0 0 0 0 0 0 0 1 1 1 1 1 1 1 1 1 1 1 1 1 1 1 1 0 0 0 0 1 1 1 1 1 2 2 3 4 5 6 7 7 7 8 8 8 8 8 7 7 6 6 5 5 4 4 4 4 4 4 4 4 5 5 6 6 7 7 8 9 10 11 12 13 13 14 14 14 15 15 15 15 15 15 15 14 14 14 14 14 15
0 0 0 0 0 0 0 0 0 0 0 0 0 0 1 1 1 1 1 1 1 1 1 1 1 1 1 1 1 1 0 0 1 1 1 1 1 1 1 2 3 4 5 6 7 8 9 9 9 9 9 9 9 8 8 7 7 6 6 5 5 5 5 5 5 5 5 6 6 7 7 8 8 9 10 11 12 13 14 15 16 16 16 16 16 17 17 17 17 17 17 17 17 17 17 18
0 0 0 0 0 0 0 0 0 0 0 0 0 0 0 1 1 1 1 1 1 1 1 0 0 0 0 0 0 0 1 1 1 1 1 1 1 1 1 2 3 5 6 7 8 10 10 10 10 10 10 9 9 9 9 8 8 7 7 6 6 6 6 6 6 6 6 7 7 8 8 8 9 9 10 12 13 14 15 16 17 18 18 18 18 19 19 19 19 19 19 19 19 19 19 21
0 0 0 0 0 0 0 0 0 0 0 0 0 0 0 1 1 1 1 1 1 1 0 0 0 0 0 0 0 0 1 1 1 1 1 1 1 1 1 2 4 5 7 8 9 11 11 11 11 10 10 10 10 10 9 9 8 8 7 7 7 7 7 7 7 7 7 8 8 8 9 9 9 10 11 12 14 15 16 17 18 19 19 19 20 20 20 21 21 21 21 21 21 21 22 23
0 0 0 0 0 0 0 0 0 0 0 0 0 0 1 1 1 1 1 1 1 1 1 0 0 0 0 0 1 1 1 1 1 1 1 1 2 2 2 3 4 6 7 9 10 11 11 11 11 11 11 11 11 10 10 9 9 8 8 7 7 7 7 7 8 8 8 8 8 9 9 10 10 10 11 13 14 15 16 17 18 19 19 19 20 20 21 21 21 21 22 22 22 22 23 24
0 0 0 0 0 0 0 0 0 0 0 0 0 1 1 1 1 1 1 1 1 1 1 1 1 0 1 1 1 1 1 1 1 1 1 2 2 2 3 4 5 6 8 9 10 12 12 12 12 11 11 11 11 10 10 9 9 8 8 7 8 8 8 8 8 8 8 9 9 9 10 10 10 11 12 13 14 15 16 17 18 18 19 19 20 20 21 21 21 22 22 22 23 23 24 25
0 0 0 0 0 0 0 0 0 0 0 0 0 1 1 1 1 1 1 1 1 1 1 1 1 1 1 1 1 1 1 1 1 1 2 2 2 3 3 4 6 7 8 10 11 13 13 12 12 12 12 12 11 11 10 10 9 9 8 8 8 8 8 8 8 8 9 9 9 10 10 10 11 11 12 13 14 15 16 17 18 18 19 19 20 20 21 21 22 22 23 23 24 24 25 26
0 0 0 0 0 0 0 0 0 0 0 0 0 1 1 1 1 2 2 1 1 1 1 1 1 1 1 1 1 1 1 1 1 2 2 2 3 3 4 5 6 8 9 10 12 13 13 13 13 12 12 12 12 11 11 10 10 9 9 8 8 8 8 9 9 9 9 9 10 10 11 11 11 12 12 13 14 15 16 17 17 18 19 19 20 20 21 22 22 23 23 24 24 25 26 27
0 0 0 0 0 0 0 0 0 0 0 0 1 1 1 1 2 2 2 2 2 1 1 1 1 1 1 1 1 1 1 1 1 2 2 3 3 4 4 5 7 8 10 11 12 14 14 14 13 13 13 12 12 12 11 11 10 9 9 8 8 9 9 9 9 9 10 10 10 11 11 11 12 12 13 14 14 15 16 16 17 18 18 19 20 20 21 22 22 23 24 24 25 26 27 28
0 0 0 0 0 0 0 0 0 0 0 0 1 1 1 1 2 2 2 2 2 2 1 1 1 1 1 1 1 1 1 1 1 2 2 3 4 4 5 6 7 9 10 12 13 14 14 14 14 13 13 13 12 12 11 11 10 10 9 9 9 9 9 9 10 10 10 10 11 11 12 12 12 13 13 14 14 15 16 16 17 18 18 19 20 21 21 22 23 24 24 25 26 27 28 29
0 0 0 0 0 0 0 0 0 0 0 0 1 1 1 2 2 2 2 2 2 2 2 1 1 1 1 1 1 1 1 2 2 3 3 4 4 5 6 7 8 10 11 12 14 15 15 15 14 14 14 13 13 12 12 11 11 10 10 9 9 9 10 10 10 10 10 11 11 12 12 12 13 13 14 14 15 15 16 16 17 18 18 19 20 21 22 22 23 24 25 26 27 27 28 30
0 0 0 0 0 0 0 0 0 0 0 0 1 1 1 1 2 2 2 2 2 2 2 2 2 2 2 2 3 3 3 3 4 4 5 6 6 7 8 9 10 11 12 14 15 16 16 16 15 15 15 14 14 13 13 12 11 11 10 9 9 10 10 10 10 10 11 11 11 12 12 12 13 13 14 14 15 16 16 17 18 18 19 20 21 22 23 23 24 25 26 27 27 28 29 31
0 0 0 0 0 0 0 0 0 0 0 1 1 1 1 1 2 2 2 2 2 2 2 2 2 2 3 3 4 4 5 5 6 6 7 8 8 9 10 11 12 13 14 15 16 17 17 16 16 16 15 15 15 14 13 13 12 11 10 10 10 10 10 10 10 11 11 11 11 12 12 13 13 13 14 15 16 16 17 18 18 19 20 21 22 23 24 24 25 26 27 27 28 29 30 32
0 0 0 0 0 0 0 0 1 1 1 1 1 1 1 1 2 2 2 2 2 2 2 2 3 3 4 4 5 6 6 7 8 8 9 10 10 11 12 13 13 14 15 16 17 18 17 17 17 17 16 16 16 15 14 13 12 12 11 10 10 10 10 10 11 11 11 11 12 12 12 13 13 14 14 15 16 17 17 18 19 20 21 22 23 24 24 25 26 27 28 28 29 30 31 32
0 0 0 0 0 1 1 1 1 1 1 1 1 1 1 1 2 2 2 2 2 2 3 3 3 4 4 5 6 7 8 9 9 10 11 12 12 13 14 15 15 16 16 17 18 18 18 18 18 17 17 17 16 16 15 14 13 12 11 10 10 11 11 11 11 11 11 11 12 12 13 13 13 14 15 16 16 17 18 19 20 21 22 23 24 24 25 26 27 28 28 29 30 31 31 33
0 0 0 1 1 1 1 1 1 1 1 1 1 1 1 1 1 2 2 2 2 3 3 3 3 4 5 6 7 8 9 10 11 12 13 14 14 15 16 16 17 17 18 18 19 19 19 19 18 18 18 18 17 17 16 15 14 13 12 11 11 11 11 11 11 11 11 11 12 12 13 13 14 14 15 16 17 18 19 20 20 21 22 23 24 25 26 27 28 29 29 30 31 31 32 34
0 0 1 1 1 1 1 1 1 1 1 1 1 1 1 1 1 1 2 2 2 3 3 4 4 5 6 7 8 10 11 12 13 14 15 16 16 17 18 18 19 19 19 19 20 20 20 20 19 19 19 18 18 17 16 15 14 13 12 11 11 11 11 11 11 11 11 12 12 13 13 13 14 14 15 16 17 18 19 20 21 22 23 24 25 26 27 28 29 30 30 31 31 32 33 35
1 1 1 1 1 1 1 1 1 1 1 2 1 1 1 1 1 1 2 2 3 3 4 4 5 6 7 8 10 11 12 14 15 15 16 17 18 19 20 20 20 20 20 20 21 21 21 20 20 20 20 19 19 18 17 16 15 14 13 12 12 12 12 12 12 12 12 12 12 13 13 14 14 15 16 17 18 19 20 21 22 23 24 25 26 27 28 29 30 31 31 32 32 33 34 36
1 2 2 2 2 2 2 2 2 2 3 2 2 2 2 2 2 1 2 2 3 4 5 5 6 7 8 9 11 12 13 14 15 16 17 18 19 20 20 21 21 21 21 21 21 21 21 21 21 21 21 21 20 19 18 17 16 15 14 13 12 12 12 12 12 12 12 13 13 14 14 15 15 16 17 18 19 20 20 21 22 24 25 26 27 28 29 30 31 32 32 33 34 35 35 37
2 3 3 3 3 3 3 3 4 4 4 3 3 3 2 2 2 1 2 3 4 4 5 6 7 8 9 11 12 13 14 15 16 17 18 19 20 20 21 22 22 22 22 22 22 22 22 22 22 22 22 22 22 21 19 18 17 16 15 13 13 13 13 13 13 13 13 13 14 15 15 16 16 17 18 19 19 20 21 22 23 24 25 27 28 29 30 31 32 33 34 34 35 36 37 39
3 3 4 4 4 4 5 5 5 5 5 4 4 3 3 2 2 1 2 3 4 5 6 7 9 10 11 12 13 14 15 16 17 18 19 19 20 21 22 22 22 23 23 23 23 23 23 23 23 23 23 23 23 22 20 19 18 17 15 14 14 14 14 14 14 14 14 14 15 15 16 17 17 18 19 19 20 21 22 23 24 25 26 27 29 30 31 32 33 34 35 36 37 38 39 40
4 4 5 5 6 6 6 6 6 6 6 5 5 4 3 3 2 1 2 3 4 6 7 8 10 11 12 13 14 15 16 17 18 18 19 20 21 22 23 23 23 23 23 23 24 24 24 24 24 24 24 24 24 23 22 20 19 18 16 15 15 15 15 15 14 14 14 15 16 16 17 18 18 19 20 20 21 22 23 23 24 25 27 28 29 31 32 33 34 35 36 37 38 39 40 42
5 5 6 6 7 7 7 7 7 7 7 6 5 5 4 3 2 1 2 3 5 6 8 10 11 12 13 14 15 16 17 17 18 19 20 21 22 23 24 24 24 24 24 24 24 24 24 25 25 25 25 25 25 24 23 21 20 19 17 16 16 15 15 15 15 15 15 16 16 17 18 18 19 20 21 21 22 23 23 24 25 26 27 29 30 31 33 34 35 36 37 38 40 41 42 43
5 6 7 7 8 8 8 8 8 8 8 7 6 5 4 3 2 1 2 4 5 7 9 11 12 14 14 15 16 17 17 18 19 20 21 22 23 24 25 25 25 25 25 25 25 25 25 25 26 26 26 26 26 25 24 22 21 19 18 17 16 16 16 16 16 16 16 16 17 18 19 19 20 21 22 22 23 23 24 25 25 27 28 29 31 32 34 35 36 37 39 40 41 42 43 45
6 6 7 8 8 8 8 8 8 8 8 7 6 5 4 3 2 1 2 4 6 8 10 11 13 15 15 16 17 17 18 19 20 21 22 22 23 24 25 25 25 25 25 25 25 25 26 26 26 26 26 27 27 26 24 23 21 20 19 17 17 17 17 16 16 16 16 17 18 19 20 20 21 22 23 23 24 24 25 26 26 28 29 31 32 34 35 37 38 39 40 41 43 44 45 47
5 6 6 7 7 7 7 7 7 7 7 7 6 5 4 3 2 2 2 4 6 8 10 12 14 15 16 16 17 18 19 20 20 21 22 23 23 24 25 25 25 25 25 25 25 25 26 26 26 26 26 26 27 25 24 22 21 20 18 17 17 17 17 17 17 17 17 17 18 19 20 21 22 23 24 25 25 26 27 27 28 29 31 32 34 36 37 39 40 41 42 44 45 46 47 49
