pluvio/pluvio-333.asc
ncols         252
nrows         154
xllcorner     -0.5
yllcorner     -153.5
cellsize      1
NODATA_value  -9999
[rows 0 to 42 of 154, columns 0 to 95 of 252]
26 25 25 24 24 25 26 27 28 28 29 29 29 29 29 29 29 29 31 33 35 37 39 41 43 45 48 51 54 57 60 63 62 61 59 58 56 55 53 52 51 50 49 48 47 46 45 45 44 43 42 41 40 40 40 40 41 41 41 42 44 47 51 54 57 60 63 64 64 65 65 66 66 67 66 64 63 62 61 60 59 59 60 60 61 62 62 62 61 60 59 58 57 56 56 57
28 27 26 25 25 26 27 28 29 30 31 31 31 31 32 32 32 32 33 36 38 41 43 46 48 51 53 55 57 60 62 64 64 62 61 59 58 56 55 53 52 51 50 49 48 47 46 45 44 43 42 41 40 41 41 42 42 43 44 44 47 50 53 57 60 63 66 66 66 65 65 65 65 65 64 63 62 61 60 59 59 59 60 60 61 62 62 63 62 61 60 59 58 57 56 57
31 29 28 26 26 27 28 29 30 31 32 33 33 33 34 34 34 34 36 39 42 45 48 51 54 56 57 59 61 62 64 65 65 63 62 60 59 57 56 55 54 52 51 50 49 48 47 46 45 44 43 42 40 41 42 43 44 45 46 47 50 53 56 59 62 66 69 68 67 66 65 64 63 62 62 61 61 60 60 59 58 59 60 60 61 62 62 63 62 61 60 59 58 57 56 57
33 31 29 27 27 28 29 31 32 33 34 35 35 35 36 36 36 37 39 42 46 49 52 56 59 61 62 63 64 65 66 67 66 64 63 61 60 59 57 56 55 53 52 51 50 48 47 46 45 44 43 42 41 42 43 44 46 47 49 50 53 56 59 62 65 68 71 70 69 67 65 64 62 60 60 60 59 59 59 58 58 59 60 60 61 62 62 63 62 61 60 59 58 57 56 57
37 35 32 30 30 31 32 33 34 35 36 37 37 38 38 39 39 40 42 46 50 54 57 61 65 66 67 67 68 68 69 69 68 66 65 63 61 60 58 57 55 54 53 52 51 49 48 47 46 45 44 43 42 44 45 47 49 50 52 54 56 59 62 64 67 70 72 71 69 67 65 64 62 60 60 59 59 59 59 58 58 59 59 60 61 61 62 63 62 61 60 60 59 58 57 58
42 39 37 34 33 34 35 35 36 37 37 38 39 40 41 42 42 43 46 50 54 58 62 66 71 72 72 72 72 73 73 73 71 69 67 65 63 60 58 57 56 55 54 53 52 51 50 49 48 47 47 46 45 47 49 51 53 55 56 58 60 62 64 66 68 70 71 70 69 67 66 64 63 62 61 61 60 60 59 59 58 59 59 60 61 61 62 62 62 61 61 60 60 59 59 59
47 44 41 38 37 38 38 38 39 39 39 40 41 42 43 45 46 47 50 54 59 63 67 72 76 78 77 77 77 77 77 76 75 72 69 66 64 61 58 57 56 55 54 53 53 52 51 51 50 49 49 48 48 50 52 54 56 59 61 63 64 65 66 68 69 70 71 70 69 67 66 65 64 63 62 62 61 60 60 59 59 59 59 60 60 61 61 62 62 61 61 61 61 61 61 61
52 49 46 43 41 41 41 41 41 41 41 42 43 45 46 48 49 51 54 59 63 68 73 77 82 83 83 82 82 81 81 80 78 75 71 68 65 62 59 57 57 56 55 54 54 53 52 52 52 51 51 51 51 53 55 58 60 63 65 68 68 69 69 69 69 70 70 69 68 68 67 66 65 65 64 63 62 61 60 60 59 59 59 60 60 60 61 61 61 62 62 62 62 63 63 63
56 53 50 47 45 45 44 44 43 43 42 43 45 47 49 51 52 54 58 63 68 73 78 83 88 89 88 87 86 85 85 84 81 77 74 70 66 63 59 58 57 56 56 55 55 54 54 54 54 54 53 53 53 56 58 61 64 67 70 73 73 72 71 71 70 70 69 69 68 68 67 67 66 66 65 64 63 62 61 60 59 59 59 60 60 60 60 61 61 62 62 63 63 64 65 64
61 58 54 51 49 48 47 47 46 45 44 45 47 49 51 54 56 58 62 67 72 78 83 88 93 94 93 92 91 90 89 87 84 80 76 72 68 63 59 58 57 57 56 56 56 55 55 55 55 56 56 56 56 59 62 65 68 71 74 77 77 75 74 72 71 70 68 68 68 68 68 68 68 68 66 65 64 63 62 60 59 59 59 60 60 60 60 60 61 62 63 64 65 66 66 66
66 63 59 55 53 52 50 49 48 47 46 47 49 52 54 57 59 62 66 71 77 82 88 93 99 100 98 97 95 94 93 91 87 83 78 73 69 64 60 58 58 58 57 57 57 56 56 57 57 58 58 58 59 62 65 69 72 75 79 82 81 78 76 74 72 70 67 67 68 68 68 68 69 69 68 66 65 64 62 61 59 59 59 59 59 59 59 60 61 62 63 65 66 67 68 67
71 67 64 60 58 56 55 54 53 52 51 51 54 56 59 61 64 66 70 75 80 86 91 96 101 102 100 99 98 97 95 94 90 85 81 76 71 66 61 60 60 59 59 59 58 58 58 59 59 60 60 61 61 64 67 71 74 77 81 84 82 80 78 75 73 71 68 68 69 69 70 70 71 71 70 68 66 65 63 62 60 60 60 60 60 60 60 60 61 63 64 66 67 68 69 68
75 71 68 65 63 62 61 60 60 59 58 59 61 63 65 67 69 71 75 79 83 88 92 96 100 101 100 99 99 98 97 96 92 88 83 78 74 69 65 63 62 62 61 61 60 60 60 61 61 61 62 62 63 65 68 71 74 77 80 83 82 80 78 76 74 72 70 71 71 72 72 73 73 74 72 70 68 66 64 62 61 61 61 61 61 61 61 61 63 64 65 67 68 69 70 69
79 76 73 70 69 68 67 67 66 65 65 66 67 69 71 73 75 77 79 83 86 90 93 96 100 101 100 100 99 99 98 98 95 90 86 81 77 72 68 66 65 65 64 63 62 62 62 62 63 63 64 64 65 67 70 72 75 77 80 83 82 80 79 77 76 74 73 73 74 74 75 75 76 76 74 72 70 68 66 63 61 61 62 62 62 62 63 63 64 65 67 68 69 70 71 70
83 80 78 75 74 74 73 73 73 72 72 73 74 76 77 79 80 82 84 87 89 92 94 97 99 100 100 100 100 100 100 100 97 92 88 84 79 75 71 69 68 67 66 65 65 64 64 64 65 65 66 66 67 68 71 73 75 78 80 82 81 80 79 78 77 76 75 75 76 77 77 78 78 79 77 74 72 69 67 64 62 62 62 63 63 63 64 64 65 67 68 69 70 71 72 71
87 85 83 81 80 79 79 79 79 79 79 80 81 82 83 85 86 87 89 90 92 94 95 97 99 99 100 100 101 101 101 102 99 95 91 86 82 78 74 72 71 70 69 68 67 66 66 66 67 67 67 68 68 70 72 74 76 78 80 81 81 80 80 79 78 78 77 78 78 79 80 80 81 82 79 76 73 71 68 65 62 63 63 64 64 65 65 66 67 68 69 70 71 72 73 71
91 89 87 86 85 85 85 86 86 86 86 87 88 89 90 90 91 92 93 94 95 96 96 97 98 99 100 100 101 102 103 104 101 97 93 89 85 81 77 75 74 72 71 70 69 68 68 68 69 69 69 70 70 72 73 75 76 78 79 81 81 81 80 80 80 80 79 80 81 81 82 83 84 84 81 78 75 72 69 66 63 64 64 65 65 66 66 67 68 69 70 71 72 73 74 72
95 93 92 91 91 91 91 92 92 93 93 94 95 95 96 96 97 98 98 98 98 98 97 97 97 98 99 101 102 103 105 106 104 100 96 92 88 84 80 78 77 75 74 72 71 69 70 70 70 71 71 72 72 73 74 75 77 78 79 80 80 81 81 81 81 81 82 82 83 84 85 85 86 87 84 80 77 74 70 67 64 64 65 66 66 67 68 68 69 70 71 72 73 74 75 73
93 92 91 90 90 91 91 92 93 93 94 95 95 96 96 97 97 97 97 97 96 96 95 95 94 96 97 99 101 103 105 107 105 101 97 94 90 87 83 81 80 78 76 75 73 72 72 72 73 73 73 74 74 75 76 77 78 79 80 81 81 81 82 82 82 82 83 83 84 85 85 86 87 87 84 81 78 75 71 68 65 66 66 67 67 68 68 69 70 71 72 73 74 75 76 74
89 88 87 86 86 86 87 88 89 90 91 91 92 92 93 93 94 94 94 93 93 92 91 91 90 92 94 97 99 101 104 106 105 102 99 96 92 89 86 84 83 81 79 78 76 75 74 75 75 75 75 75 76 76 77 78 79 80 81 82 82 82 82 83 83 83 83 84 84 85 85 86 86 86 84 81 78 75 72 70 67 67 67 68 68 68 68 69 70 71 73 74 75 77 78 76
84 83 82 81 81 82 83 84 85 86 88 88 89 89 89 90 90 91 90 90 89 88 87 87 86 88 91 94 97 100 103 106 105 102 100 97 95 92 90 88 86 84 82 81 79 77 77 77 77 77 77 77 77 78 79 80 80 81 82 83 83 83 83 84 84 84 84 84 84 85 85 85 85 86 83 81 78 76 73 71 69 69 69 69 69 69 69 69 70 72 73 75 76 78 79 77
80 79 78 77 77 78 79 80 82 83 84 85 85 86 86 86 87 87 87 86 85 84 83 83 82 84 88 91 95 98 102 106 105 103 101 99 97 95 93 91 89 87 85 84 82 80 79 79 79 79 79 79 79 80 80 81 82 82 83 84 84 84 84 84 84 85 85 85 85 85 85 85 85 85 83 81 78 76 74 72 70 70 70 70 69 69 69 69 70 72 74 76 77 79 80 79
75 74 73 72 72 74 75 77 78 79 81 82 82 82 83 83 83 84 83 82 81 80 80 79 78 80 84 89 93 97 101 105 105 104 102 101 99 98 96 94 92 90 88 86 84 83 82 82 82 81 81 81 81 81 82 83 83 84 84 85 85 85 85 85 85 85 85 85 85 85 84 84 84 84 82 80 79 77 75 74 72 72 71 71 70 70 69 69 71 72 74 76 78 80 82 80
71 70 69 68 68 69 71 73 74 76 78 78 79 79 79 80 80 80 80 79 78 77 76 74 73 76 81 86 91 95 100 105 106 105 104 102 101 100 99 97 95 93 91 89 87 85 85 84 84 84 83 83 83 83 83 84 84 85 86 86 86 86 86 86 86 86 86 85 85 85 84 84 83 83 82 80 79 78 76 75 74 73 72 71 71 70 69 69 71 73 75 77 79 81 83 82
66 65 64 63 63 65 67 69 71 72 74 75 75 76 76 76 77 77 76 75 74 73 72 70 69 72 78 83 89 94 99 105 106 105 105 104 104 103 102 101 98 96 94 92 90 88 87 87 86 86 85 85 84 85 85 85 86 86 87 87 87 87 87 87 87 87 86 86 85 85 84 83 83 82 81 80 79 78 77 76 75 74 73 72 71 70 69 69 71 73 75 78 80 82 84 84
65 64 63 62 63 64 66 68 69 71 72 73 74 74 74 74 75 75 75 74 73 72 72 71 70 74 79 84 89 94 99 105 106 105 105 104 104 103 102 101 99 97 95 93 91 89 88 88 87 87 87 86 86 86 86 87 87 87 87 88 88 87 87 87 87 86 86 86 85 84 84 83 82 82 81 80 80 79 78 78 77 76 75 74 73 72 71 70 73 75 78 80 82 85 87 87
66 65 64 64 64 65 66 68 69 70 71 72 72 73 73 73 74 74 74 74 74 74 74 74 74 77 82 86 91 95 100 104 105 104 104 103 102 102 101 100 98 96 95 93 91 90 89 89 88 88 88 87 87 87 87 87 88 88 88 88 88 87 87 87 86 86 85 85 84 84 83 83 82 82 81 81 80 80 79 79 78 77 77 76 75 74 74 73 76 78 80 83 85 88 90 91
67 66 66 65 65 66 67 68 69 69 70 71 71 72 72 72 73 73 74 74 75 76 77 77 78 81 85 89 93 96 100 104 105 104 103 102 101 100 100 98 97 95 94 93 91 90 90 89 89 89 89 89 88 88 88 88 88 88 88 88 88 87 87 86 86 85 85 84 84 83 83 83 82 82 82 81 81 81 80 80 80 79 78 78 77 77 76 76 78 81 83 86 88 91 93 94
68 67 67 66 66 67 67 68 68 69 69 70 70 70 71 71 72 72 73 75 76 78 79 81 82 85 88 91 94 97 101 104 104 103 102 101 100 99 98 97 96 95 94 93 92 90 90 90 90 90 90 90 90 90 89 89 89 89 89 89 88 87 87 86 85 85 84 84 83 83 83 83 82 82 82 82 82 81 81 81 81 80 80 80 79 79 79 79 81 84 86 89 91 94 96 98
69 68 68 67 67 67 68 68 68 68 68 68 69 69 70 70 71 71 72 75 77 79 82 84 86 88 91 94 96 99 101 104 104 102 101 100 99 98 97 96 95 94 93 92 92 91 91 91 91 91 91 91 91 91 91 90 90 90 89 89 88 87 87 86 85 84 83 83 83 83 83 82 82 82 82 82 82 82 82 82 82 82 82 82 82 81 81 81 84 86 89 92 94 97 99 102
69 69 69 69 68 68 68 68 68 67 67 67 68 68 69 69 69 70 72 75 78 81 84 87 90 92 94 96 98 100 101 103 103 102 100 99 98 96 95 94 94 93 93 92 92 91 91 92 92 92 92 92 92 92 92 91 91 90 90 89 88 87 86 85 84 83 82 82 82 82 82 82 82 82 82 83 83 83 83 83 83 83 84 84 84 84 84 84 87 89 92 95 97 100 103 106
70 70 70 70 69 69 68 68 67 67 66 66 67 67 68 68 68 69 71 75 79 83 86 90 94 96 97 98 100 101 102 103 102 101 99 98 97 95 94 93 93 93 92 92 92 92 92 92 93 93 93 93 94 93 93 92 91 91 90 90 89 87 86 85 84 83 82 82 82 82 82 82 82 82 83 83 83 84 84 84 85 85 85 85 86 86 86 87 89 92 95 98 100 103 106 110
71 71 71 71 70 69 68 67 67 66 65 65 65 66 66 67 67 67 70 73 77 81 84 88 92 94 95 97 98 99 101 102 101 100 98 97 95 94 92 92 92 92 92 92 92 92 92 92 92 93 93 93 94 93 93 92 92 91 91 90 89 88 86 85 84 83 81 81 81 82 82 82 82 82 83 83 83 83 83 84 84 84 85 86 86 87 87 88 91 94 97 100 102 105 108 113
73 72 72 72 71 69 68 67 66 65 63 63 64 64 64 65 65 66 68 71 74 77 81 84 87 89 91 93 95 97 99 101 100 98 97 95 94 92 90 90 90 90 91 91 91 91 91 92 92 92 93 93 93 93 92 92 92 91 91 90 89 88 86 85 84 82 81 81 81 81 82 82 82 82 82 82 82 82 82 82 82 83 84 85 86 87 88 89 92 95 98 101 104 107 110 115
74 73 73 72 71 70 68 67 65 63 62 61 62 62 63 63 64 64 66 69 71 74 77 79 82 85 87 89 92 94 97 99 99 97 95 94 92 90 89 89 89 89 90 90 90 91 91 91 92 92 92 92 93 92 92 92 92 91 91 91 89 88 86 85 84 82 81 81 81 81 81 82 82 82 82 82 81 81 81 81 81 82 83 84 86 87 88 90 93 96 99 103 106 109 113 117
75 75 74 73 72 70 68 66 64 62 60 60 60 61 61 62 62 62 64 66 68 71 73 75 77 80 83 86 89 92 95 98 98 96 94 92 91 89 87 87 88 88 89 89 90 90 91 91 91 91 92 92 92 92 92 92 92 91 91 91 90 88 87 85 84 82 81 81 81 81 81 81 82 82 82 81 81 80 80 79 79 81 82 84 85 87 89 90 94 97 101 104 108 111 115 120
77 76 75 74 72 70 68 66 63 61 59 58 59 59 60 60 60 61 62 64 65 67 69 71 72 75 79 82 86 89 93 96 96 94 93 91 89 87 85 86 86 87 88 88 89 90 90 90 91 91 91 91 92 92 92 92 91 91 91 91 90 88 87 85 83 82 80 80 81 81 81 81 82 82 81 81 80 79 79 78 77 79 81 83 85 87 89 91 95 98 102 106 109 113 117 122
78 77 76 75 73 70 68 65 63 60 58 57 57 58 58 58 59 59 60 61 63 64 65 66 68 71 75 79 83 87 91 95 95 93 91 89 88 86 84 84 85 86 87 88 88 89 90 90 90 90 91 91 91 91 91 91 91 92 92 92 90 89 87 85 83 82 80 80 80 81 81 81 81 82 81 80 79 78 77 77 76 78 80 83 85 87 89 92 96 100 103 107 111 115 119 124
79 78 77 76 73 71 68 65 62 59 56 55 56 56 56 57 57 57 58 59 60 60 61 62 63 66 71 75 80 84 89 94 94 92 90 88 86 84 82 82 84 85 86 87 88 89 89 89 90 90 90 90 91 91 91 91 91 92 92 92 90 89 87 85 83 82 80 80 80 80 81 81 81 82 81 79 78 77 76 75 74 77 79 82 85 87 90 93 97 101 105 109 113 117 121 127
79 77 76 74 72 69 67 64 62 59 57 56 56 56 56 56 56 56 57 57 58 59 59 60 61 64 69 73 78 83 87 92 92 91 89 88 86 84 83 83 84 85 86 87 88 88 89 89 90 90 90 91 91 91 92 92 92 93 93 93 92 90 88 86 84 82 80 80 80 81 81 82 82 82 81 80 79 78 77 76 75 78 81 83 86 89 92 95 99 103 107 111 115 119 123 128
78 76 73 71 69 67 65 63 62 60 58 57 57 56 56 56 56 56 56 56 57 58 58 59 59 63 67 72 76 81 85 90 91 90 88 87 86 85 84 84 85 86 86 87 87 88 89 89 90 90 91 91 92 92 93 93 93 94 94 95 93 91 89 86 84 82 80 80 81 81 82 82 83 83 82 81 81 80 79 78 77 80 83 86 88 91 94 97 101 105 109 113 117 121 125 130
77 74 71 68 66 65 64 63 61 60 59 58 58 57 56 56 55 55 55 55 56 56 57 58 58 61 66 70 75 79 84 88 89 88 88 87 87 86 86 86 86 86 87 87 87 88 88 89 90 90 91 92 93 93 94 94 95 95 96 96 94 92 89 87 85 82 80 81 81 82 82 83 84 84 83 83 82 81 80 79 79 82 85 88 91 94 96 100 103 107 111 115 119 123 127 131
77 73 69 66 63 63 62 62 61 61 60 59 58 58 57 56 55 54 54 54 55 55 56 56 57 60 64 69 73 77 82 86 87 87 87 87 87 87 87 87 87 87 87 87 87 87 88 89 90 91 91 92 93 94 95 95 96 96 97 98 95 93 90 88 85 83 80 81 82 82 83 84 84 85 85 84 83 83 82 81 81 84 87 90 93 96 99 102 106 110 114 118 122 125 129 133
