pluvio/pluvio-381.asc
ncols         252
nrows         154
xllcorner     -0.5
yllcorner     -153.5
cellsize      1
NODATA_value  -9999
[rows 86 to 128 of 154, columns 0 to 95 of 252]
212 214 216 218 220 223 226 229 231 234 237 239 241 242 244 245 247 248 248 247 245 244 243 241 240 235 229 223 217 210 204 198 192 188 183 178 173 168 164 161 159 158 156 154 153 151 149 146 144 141 139 136 134 132 131 129 128 126 124 123 122 120 119 118 117 116 115 115 115 115 116 116 116 117 116 116 116 115 115 115 114 113 112 111 110 109 108 107 106 105 103 102 101 99 98 99
207 208 209 210 212 214 217 219 222 224 227 229 230 231 232 233 235 236 236 235 235 234 233 233 232 228 223 218 213 208 202 197 192 187 182 176 171 166 160 158 157 156 155 153 152 151 148 146 143 140 137 134 131 130 128 127 125 124 123 121 120 119 119 118 117 116 115 115 116 116 117 117 117 118 117 117 116 116 115 114 114 113 112 111 110 109 108 107 106 105 103 102 101 100 99 99
204 206 207 209 210 212 214 216 218 219 221 223 224 225 226 228 229 230 231 231 232 232 233 233 234 230 225 219 214 208 203 197 192 187 182 177 172 167 162 160 159 158 157 155 154 153 150 148 145 142 139 136 134 132 131 129 128 126 125 124 122 121 120 119 118 117 116 117 117 118 118 119 119 120 119 118 117 117 116 115 114 113 112 111 110 109 108 107 106 105 103 102 101 100 99 100
202 204 205 207 209 210 211 212 213 214 216 217 218 219 221 222 223 224 226 227 229 230 232 234 235 232 226 220 215 209 203 197 192 188 183 178 174 169 164 162 161 160 159 157 156 155 152 150 147 144 141 139 136 134 133 131 130 129 127 126 125 123 122 121 120 119 118 118 119 119 120 120 121 121 120 119 119 118 117 116 115 113 112 111 110 109 107 106 105 104 103 103 102 101 100 101
200 202 204 206 207 208 208 209 209 210 210 211 212 214 215 216 217 219 221 223 226 229 231 234 237 234 228 222 216 210 203 197 193 188 184 180 175 171 167 164 163 162 161 159 158 157 154 152 149 146 144 141 138 137 135 134 132 131 129 128 127 125 124 123 122 121 119 120 120 121 122 122 123 123 122 121 120 118 117 116 115 114 112 111 110 108 107 106 105 104 103 103 102 101 101 102
197 200 202 204 205 205 205 205 205 205 204 205 206 208 209 210 212 213 216 219 223 227 231 234 238 235 229 223 216 210 204 198 193 189 185 181 177 173 169 167 165 164 163 161 160 159 156 154 151 148 146 143 141 139 137 136 134 133 132 130 129 127 126 125 123 122 121 121 122 123 123 124 124 125 124 122 121 119 118 117 115 114 112 111 110 108 107 105 105 104 103 103 102 102 101 103
195 198 200 203 204 203 202 201 201 200 199 199 201 202 203 205 206 207 211 215 220 225 230 235 240 237 230 224 217 211 204 198 193 189 186 182 178 174 171 169 167 166 165 163 162 161 158 156 153 151 148 145 143 141 140 138 137 135 134 132 131 129 128 127 125 124 122 123 124 124 125 126 126 127 125 124 122 120 119 117 116 114 112 111 109 108 106 105 104 104 103 103 102 102 102 104
193 195 198 201 202 201 199 198 196 195 193 193 195 196 197 199 200 201 206 211 217 223 229 235 241 239 232 225 218 211 204 198 193 190 186 183 179 176 173 171 169 168 167 165 164 162 160 158 155 153 150 148 145 143 142 140 139 137 136 134 133 131 130 128 127 125 124 124 125 126 127 127 128 129 127 125 123 121 120 118 116 114 113 111 109 108 106 104 104 104 103 103 103 102 102 105
190 193 197 200 200 198 196 194 192 190 188 188 190 191 192 194 195 196 201 208 215 222 228 235 242 240 233 226 219 211 204 197 193 190 187 184 180 177 174 172 171 170 168 167 165 164 162 159 157 155 152 150 147 146 144 143 141 140 138 137 135 133 132 130 129 127 125 126 127 127 128 129 130 130 128 126 124 122 120 118 116 115 113 111 109 107 106 104 104 104 104 104 103 103 104 106
187 190 194 197 198 196 195 193 191 189 187 187 189 191 193 194 196 198 202 208 214 220 226 232 238 236 229 222 215 208 201 194 190 187 184 181 178 175 172 170 169 168 167 166 165 164 162 160 158 156 153 151 149 148 146 144 143 141 139 138 136 135 133 131 130 128 127 127 128 128 129 130 130 131 129 127 125 123 121 119 117 115 114 112 110 108 107 105 105 106 106 107 107 107 108 110
184 188 191 195 196 194 193 191 189 188 186 186 189 191 193 195 197 199 203 208 213 219 224 229 234 231 225 218 211 204 197 190 186 184 181 178 175 173 170 169 168 167 166 165 164 163 161 160 158 156 155 153 151 150 148 146 144 142 141 139 137 136 134 133 131 130 128 129 129 129 130 130 131 131 129 127 125 124 122 120 118 116 114 113 111 109 108 106 107 108 109 110 111 112 113 115
181 185 189 193 194 192 191 189 188 186 185 186 188 190 193 195 198 200 204 208 213 217 221 226 230 227 221 214 207 200 193 187 183 180 178 175 173 170 168 167 166 165 165 164 163 162 161 160 159 157 156 155 153 151 150 148 146 144 142 140 138 137 135 134 133 131 130 130 130 130 131 131 131 131 130 128 126 124 122 120 119 117 115 114 112 110 109 107 109 110 111 113 114 116 117 119
178 182 186 190 192 190 189 188 186 185 184 185 188 190 193 196 199 201 205 208 212 216 219 223 226 223 216 210 203 196 190 183 179 177 175 173 170 168 166 165 164 164 163 163 162 162 161 160 159 158 157 156 155 153 151 149 147 145 143 141 139 138 137 135 134 132 131 131 131 131 131 132 132 132 130 128 126 125 123 121 119 118 116 114 113 111 110 108 110 112 114 116 118 120 122 123
174 179 183 188 190 188 187 186 185 184 183 184 187 190 193 196 200 203 206 208 211 214 217 220 222 219 212 206 199 193 186 179 176 174 172 170 168 166 164 163 163 162 162 162 162 161 161 160 160 159 158 158 157 155 153 151 149 146 144 142 141 139 138 137 135 134 133 132 132 132 132 132 132 132 130 129 127 125 124 122 120 119 117 115 114 112 111 109 112 114 117 119 122 124 126 127
171 176 181 186 187 186 185 184 183 183 182 183 187 190 194 197 200 204 207 208 210 212 214 216 218 215 208 202 195 189 182 176 173 171 169 167 165 163 162 161 161 161 161 161 161 161 161 160 160 160 160 159 159 157 155 152 150 148 145 143 142 140 139 138 137 135 134 134 134 133 133 133 133 133 131 129 128 126 124 123 121 119 118 116 115 113 112 110 113 116 119 122 125 128 131 131
169 174 178 183 185 185 184 183 182 182 181 183 186 190 194 197 201 205 207 208 210 211 212 214 215 211 205 198 192 186 179 173 170 168 166 165 163 161 160 159 160 160 160 160 160 160 160 161 161 161 161 161 161 159 156 154 152 149 147 145 143 142 141 139 138 137 136 135 135 134 134 134 133 133 132 130 128 127 125 123 122 120 119 117 116 114 113 112 115 118 122 125 129 132 135 135
168 173 177 182 184 184 183 183 183 182 182 183 187 190 193 196 199 203 205 207 208 210 212 213 215 211 205 198 191 185 178 171 168 167 165 163 162 160 158 158 158 159 159 159 160 160 160 160 161 161 161 161 161 160 158 156 154 152 150 148 147 145 144 142 141 139 138 137 137 137 136 136 135 135 133 132 130 129 127 126 124 123 121 120 118 117 115 114 117 121 124 127 130 133 136 136
167 172 176 181 183 183 183 183 183 183 183 184 187 190 192 195 198 200 203 205 207 209 211 213 215 211 204 198 191 184 177 170 167 165 164 162 160 158 157 157 157 158 158 159 159 159 160 160 160 161 161 161 162 160 159 157 156 154 153 151 150 148 147 145 144 142 140 140 139 139 138 138 137 136 135 134 132 131 129 128 126 125 123 122 121 119 118 116 120 123 126 129 132 135 138 137
167 171 175 179 181 182 182 183 183 183 184 185 187 190 192 194 196 198 201 203 205 208 210 212 215 211 204 197 190 183 176 169 166 164 162 160 159 157 155 155 156 157 157 158 158 159 159 160 160 161 161 162 162 161 160 159 158 157 156 155 153 152 150 148 146 145 143 142 141 141 140 139 139 138 137 135 134 133 131 130 129 127 126 124 123 121 120 119 122 125 128 130 133 136 139 139
166 170 174 178 180 181 182 183 183 184 185 186 188 190 191 193 195 196 198 201 204 207 209 212 215 211 204 197 189 182 175 168 164 163 161 159 157 156 154 154 155 155 156 157 158 159 159 160 160 161 161 162 162 162 161 161 160 160 159 158 157 155 153 151 149 147 145 144 144 143 142 141 140 140 138 137 136 135 133 132 131 129 128 127 125 124 122 121 124 127 130 132 135 138 140 140
166 169 173 177 179 180 181 182 184 185 186 187 188 189 191 192 193 194 196 199 202 205 209 212 215 211 203 196 189 181 174 167 163 161 160 158 156 154 152 153 153 154 155 156 157 158 159 159 160 161 161 162 163 163 163 162 162 162 162 162 160 158 156 154 152 150 148 147 146 145 144 143 142 141 140 139 138 137 135 134 133 132 130 129 128 126 125 124 126 129 131 134 137 139 141 141
165 168 172 175 178 179 181 182 184 185 187 188 189 189 190 191 191 192 194 198 201 204 208 211 214 211 203 196 188 180 173 165 162 160 158 156 154 153 151 151 152 153 154 155 156 158 158 159 160 161 162 162 163 164 164 164 164 165 165 165 163 161 159 157 154 152 150 149 148 147 146 145 144 143 142 141 140 139 137 136 135 134 133 131 130 129 127 126 129 131 133 136 138 141 143 143
164 167 170 174 176 178 180 182 184 187 189 190 190 190 190 190 190 191 193 196 200 203 207 211 214 210 203 195 187 180 172 165 161 159 157 156 154 152 150 151 152 153 154 155 157 158 159 160 160 161 162 163 164 165 165 166 166 167 167 168 166 164 161 159 157 154 152 151 150 149 148 147 146 144 143 142 141 140 139 138 137 136 135 133 132 131 129 128 131 133 135 137 139 142 144 144
161 164 168 171 174 177 180 183 186 189 192 193 193 193 193 193 192 192 194 197 200 204 207 210 213 209 202 195 188 180 173 166 163 161 159 158 156 154 153 153 154 155 157 158 159 160 161 162 163 164 165 166 167 167 167 167 167 167 167 167 165 163 161 159 157 155 153 152 151 150 149 147 146 145 144 143 142 142 141 140 139 137 136 135 133 132 130 129 131 133 135 137 140 142 143 144
158 161 165 169 172 176 180 184 188 192 196 197 197 196 196 195 194 194 195 198 201 204 207 209 212 209 202 195 188 181 174 167 164 163 161 160 158 156 155 155 157 158 159 160 162 163 164 165 166 167 168 169 170 170 169 169 168 167 167 166 164 163 161 159 158 156 154 153 152 151 150 148 147 146 145 144 144 143 142 141 140 139 137 136 134 133 131 130 132 134 136 138 140 141 143 144
155 159 162 166 170 175 180 185 190 195 200 201 200 199 198 197 196 195 196 199 201 204 206 209 211 208 201 195 188 182 175 168 166 164 163 161 160 159 157 158 159 160 162 163 164 165 167 168 169 170 171 173 174 173 172 170 169 168 166 165 164 162 161 160 158 157 155 154 153 152 150 149 148 147 146 145 145 144 143 143 142 140 139 137 136 134 132 131 133 134 136 138 140 141 143 145
152 156 160 164 168 174 180 186 192 198 203 205 204 202 201 200 198 197 198 200 202 204 206 208 210 207 201 195 188 182 176 170 167 166 165 163 162 161 160 160 162 163 164 165 167 168 169 170 172 173 174 176 177 176 174 172 170 168 166 164 163 162 161 160 159 158 156 155 154 153 151 150 149 147 147 146 146 145 145 144 143 142 140 138 137 135 133 132 133 135 137 138 140 141 143 145
149 153 157 161 167 173 180 187 194 200 207 209 207 206 204 202 200 198 199 200 202 204 206 208 209 206 200 194 189 183 177 171 169 167 166 165 164 163 162 163 164 165 167 168 169 170 172 173 175 176 177 179 180 178 176 173 171 168 166 163 162 162 161 160 159 158 158 156 155 154 152 151 150 148 148 147 147 146 146 145 145 143 141 140 138 136 134 133 134 136 137 138 140 141 143 145
145 150 154 159 165 172 180 188 196 203 211 213 211 209 206 204 202 200 200 201 203 204 206 207 208 205 200 194 189 183 178 172 170 169 168 167 166 165 165 165 167 168 169 170 172 173 174 176 177 179 180 182 183 181 178 175 172 169 165 162 162 161 161 160 160 159 159 157 156 155 153 152 150 149 149 148 148 148 147 147 147 145 143 141 139 137 135 134 135 136 137 138 140 141 142 145
143 148 152 157 163 172 180 188 197 205 213 216 213 211 209 206 204 202 201 203 204 205 206 207 208 205 200 195 189 184 179 174 171 171 170 169 168 168 167 168 169 170 172 173 174 175 177 178 180 181 183 184 186 183 179 176 172 169 165 161 161 161 160 160 160 160 160 158 157 156 154 153 151 150 150 150 149 149 149 149 148 146 144 142 140 138 136 135 136 137 138 139 140 141 143 146
143 148 152 157 164 172 180 188 196 204 212 214 212 211 209 207 206 204 204 205 206 207 208 209 210 207 202 196 191 185 180 175 173 172 172 171 170 170 169 170 171 172 174 175 176 177 178 180 181 182 184 185 186 183 180 176 172 168 164 161 160 160 160 160 160 160 161 159 158 157 156 155 154 152 152 152 152 152 152 151 151 149 147 144 142 140 138 136 137 138 139 141 142 143 145 148
143 148 153 158 164 172 179 187 195 202 210 213 212 211 210 209 208 207 207 208 209 209 210 211 212 209 203 198 192 187 181 176 174 174 173 173 172 172 172 172 173 174 176 177 178 179 180 181 182 183 185 186 187 184 180 176 172 168 164 160 160 160 160 160 161 161 161 161 160 159 158 157 156 155 155 155 154 154 154 154 154 151 149 147 144 142 139 137 138 140 141 142 144 145 146 150
143 148 153 158 164 172 179 186 194 201 208 211 211 210 210 210 209 209 209 210 211 212 213 213 214 211 205 200 194 188 183 177 175 175 175 175 174 174 174 175 176 177 178 178 179 180 181 182 183 184 185 187 188 184 180 176 172 167 163 159 159 159 160 161 161 162 162 162 161 160 159 159 158 157 157 157 157 157 157 157 156 154 151 149 146 143 141 138 140 141 143 144 145 147 148 152
143 148 153 159 165 172 179 186 193 200 207 210 210 210 211 211 211 211 212 213 213 214 215 216 216 213 207 201 195 190 184 178 176 176 176 176 176 177 177 177 178 179 179 180 181 182 183 184 185 185 186 187 188 185 180 176 171 167 162 158 158 159 160 161 162 162 163 163 162 162 161 161 160 160 160 160 160 159 159 159 159 156 153 151 148 145 142 140 141 143 144 146 147 149 150 153
143 148 154 159 165 172 178 185 192 198 205 208 209 210 211 212 213 214 215 215 216 217 217 218 218 215 209 203 197 191 185 179 178 178 178 178 179 179 179 180 180 181 181 182 183 183 184 185 186 186 187 188 189 185 180 176 171 166 162 157 158 159 160 161 162 163 164 164 164 163 163 163 162 162 162 162 162 162 162 162 162 159 156 153 150 147 143 141 142 144 146 147 149 150 152 155
143 148 154 159 165 172 178 184 191 197 203 207 208 210 212 213 215 216 217 218 218 219 219 220 220 217 211 205 198 192 186 180 179 179 180 180 181 181 181 182 182 183 183 184 185 185 186 186 187 188 188 189 189 185 180 176 171 166 161 156 157 158 160 161 162 164 165 165 165 165 165 165 165 165 165 165 165 165 165 165 165 161 158 155 151 148 145 142 144 145 147 149 151 152 154 157
144 150 155 161 166 172 178 183 189 195 201 204 207 209 211 213 215 217 218 219 220 221 221 222 223 219 212 206 200 194 188 181 180 180 181 181 182 182 183 183 183 184 184 185 185 186 186 186 187 187 188 188 189 185 180 175 170 165 161 156 156 158 159 161 162 164 165 166 166 166 166 166 166 166 166 167 167 167 167 167 167 164 161 157 154 150 147 144 146 147 149 151 153 154 156 159
151 155 159 163 168 173 178 182 187 192 197 200 202 205 207 210 212 214 216 218 219 220 222 223 225 221 214 208 201 195 188 182 180 180 180 181 181 181 181 181 182 182 182 183 183 183 184 184 184 184 185 185 185 182 177 173 169 165 160 156 157 158 159 161 162 163 165 165 165 165 166 166 166 166 167 168 168 169 170 170 171 167 164 161 157 154 151 148 149 151 152 154 155 157 158 161
157 160 163 166 170 174 177 181 185 189 193 196 198 201 204 206 209 211 214 216 218 220 223 225 227 223 217 210 203 196 189 183 181 180 180 180 180 180 180 180 180 180 180 181 181 181 181 181 181 181 182 182 182 179 175 171 168 164 160 157 157 158 159 161 162 163 164 164 165 165 165 166 166 166 167 169 170 171 172 173 174 171 168 164 161 158 155 152 153 154 155 157 158 159 160 163
163 165 167 169 171 174 177 180 183 186 189 192 194 197 200 203 206 208 211 214 217 220 223 226 229 226 219 211 204 197 190 183 181 180 180 179 179 178 178 178 178 178 178 178 179 179 179 179 179 179 178 178 178 176 173 170 166 163 160 157 158 159 160 160 161 162 163 164 164 165 165 165 166 166 168 170 171 173 174 176 178 174 171 168 165 162 158 155 156 157 158 159 160 161 163 165
169 170 171 172 173 175 177 179 181 183 185 187 190 193 196 199 203 206 209 213 216 220 224 228 231 228 221 213 206 199 191 184 181 180 180 179 178 177 176 176 176 176 176 176 176 176 176 176 176 176 175 175 175 173 170 168 165 163 160 158 158 159 160 160 161 162 162 163 164 164 165 165 166 166 168 171 173 175 177 179 181 178 175 172 168 165 162 159 160 161 162 162 163 164 165 166
176 175 175 175 175 176 177 178 179 180 181 183 186 190 193 196 199 203 207 211 216 220 225 229 234 230 223 215 207 200 192 185 182 180 179 178 177 176 175 175 174 174 174 174 174 174 174 173 173 173 172 172 172 170 168 166 164 162 160 158 158 159 160 160 161 161 162 162 163 164 164 165 166 166 169 172 174 177 179 182 184 181 178 175 172 169 166 163 164 164 165 165 166 166 167 168
182 180 179 178 177 177 177 177 177 177 177 179 182 186 189 193 196 200 204 210 215 220 225 231 236 232 225 217 209 201 193 185 182 180 179 178 176 175 173 173 173 173 172 172 172 172 171 171 170 170 169 169 168 167 165 164 163 161 160 159 159 159 160 160 160 161 161 162 163 163 164 165 166 166 169 173 176 179 182 185 188 185 182 179 176 173 170 167 167 168 168 168 168 169 169 170
