pluvio/pluvio-370.asc
ncols         252
nrows         154
xllcorner     -0.5
yllcorner     -153.5
cellsize      1
NODATA_value  -9999
[rows 0 to 60 of 154, columns 96 to 191 of 252]
0 0 0 0 0 0 0 0 0 0 0 0 0 0 0 0 0 0 0 0 0 0 0 0 0 0 0 0 0 0 0 0 0 0 0 0 0 0 0 0 0 0 0 0 0 0 0 0 0 0 0 0 0 0 0 0 1 1 1 1 2 2 2 2 2 3 3 3 4 4 5 5 6 6 7 7 7 6 6 6 6 6 6 6 5 5 5 5 5 5 5 5 5 5 5 5
0 0 0 0 0 0 0 0 0 0 0 0 0 0 0 0 0 0 0 0 0 0 0 0 0 0 0 0 0 0 0 0 0 0 0 0 0 0 0 0 0 0 0 0 0 0 0 0 0 0 0 0 0 0 0 0 1 1 1 2 2 2 2 3 3 3 3 3 4 4 4 5 5 5 6 6 6 6 5 5 5 5 5 5 5 5 5 4 4 4 4 4 5 5 5 5
0 0 0 0 0 0 0 0 0 0 0 0 0 0 0 0 0 0 0 0 0 0 0 0 0 0 0 0 0 0 0 0 0 0 0 0 0 0 0 0 0 0 0 0 0 0 0 0 0 0 0 0 0 0 0 1 1 1 2 2 3 3 3 3 3 3 4 4 4 4 4 4 5 5 5 5 5 5 5 5 5 4 4 4 4 4 4 4 4 4 4 4 4 4 4 4
0 0 0 0 0 0 0 0 0 0 0 0 0 0 0 0 0 0 0 0 0 0 0 0 0 0 0 0 0 0 0 0 0 0 0 0 0 0 0 0 0 0 0 0 0 0 0 0 0 0 0 0 0 0 0 1 1 2 2 3 3 3 3 4 4 4 4 4 4 4 4 4 4 4 4 4 4 4 4 4 4 4 4 4 3 3 3 3 3 3 3 3 4 4 4 4
0 0 0 0 0 0 0 0 0 0 0 0 0 0 0 0 0 0 0 0 0 0 0 0 0 0 0 0 0 0 0 0 0 0 0 0 0 0 0 0 0 0 0 0 0 0 0 0 0 0 0 0 0 0 0 1 1 2 2 3 3 4 4 4 4 4 4 4 4 4 4 4 4 4 4 4 4 4 4 4 3 3 3 3 3 3 3 3 3 3 3 3 3 4 4 4
0 0 0 0 0 0 0 0 0 0 0 0 0 0 0 0 0 0 0 0 0 0 0 0 0 0 0 0 0 0 0 0 0 0 0 0 0 0 0 0 0 0 0 0 0 0 0 0 0 0 0 1 1 1 1 1 2 2 3 3 4 4 4 4 4 4 4 4 4 4 4 4 4 4 4 4 4 4 4 4 4 3 3 3 3 3 3 3 3 3 3 4 4 4 4 4
0 0 0 0 0 0 0 0 0 0 0 0 0 0 0 0 0 0 0 0 0 0 0 0 0 0 0 0 0 0 0 0 0 0 0 0 0 0 0 0 0 0 0 0 0 0 0 0 0 0 1 1 1 1 2 2 2 3 3 4 4 4 4 4 4 4 4 4 4 4 4 4 5 5 5 5 4 4 4 4 4 4 4 4 4 4 4 4 4 4 4 4 4 4 4 4
0 0 0 0 0 0 0 0 0 0 0 0 0 0 0 0 0 0 0 0 0 0 0 0 0 0 0 0 0 0 0 0 0 0 0 0 0 0 0 0 0 0 0 0 0 0 0 0 0 1 1 1 1 2 2 2 3 3 4 4 5 5 5 5 4 4 4 4 4 4 4 5 5 5 5 5 5 5 4 4 4 4 4 4 4 4 4 4 4 4 4 4 4 4 4 4
0 0 0 0 0 0 0 0 0 0 0 0 0 0 0 0 0 0 0 0 0 0 0 0 0 0 0 0 0 0 0 0 0 0 0 0 0 0 0 0 0 0 0 0 0 0 0 0 0 1 1 2 2 2 3 3 3 4 4 5 5 5 5 5 5 4 4 4 4 4 5 5 5 5 6 6 5 5 5 4 4 4 4 4 4 4 4 4 4 4 4 4 4 4 4 4
0 0 0 0 0 0 0 0 0 0 0 0 0 0 0 0 0 0 0 0 0 0 0 0 0 0 0 0 0 0 0 0 0 0 0 0 0 0 0 0 0 0 0 0 0 0 0 0 1 1 1 2 2 3 3 4 4 4 5 5 5 6 5 5 5 5 4 4 4 4 5 5 5 6 6 6 6 5 5 5 4 4 4 4 4 4 5 5 5 5 5 5 4 4 4 4
0 0 0 0 0 0 0 0 0 0 0 0 0 0 0 0 0 0 0 0 0 0 0 0 0 0 0 0 0 0 0 0 0 0 0 0 0 0 0 0 0 0 0 0 0 0 0 0 1 1 2 2 3 3 4 4 4 5 5 5 6 6 6 5 5 5 4 4 4 5 5 5 6 6 7 6 6 6 5 5 4 4 4 4 4 5 5 5 5 5 5 5 5 4 4 4
0 0 0 0 0 0 0 0 0 0 0 0 0 0 0 0 0 0 0 0 0 0 0 0 0 0 0 0 0 0 0 0 0 0 0 0 0 0 0 0 0 0 0 0 0 0 0 1 1 2 2 3 3 4 4 4 5 5 5 6 6 6 6 5 5 5 4 4 4 5 5 6 6 6 7 7 6 6 6 5 5 4 4 5 5 5 5 6 6 6 6 5 5 5 5 4
0 0 0 0 0 0 0 0 0 0 0 0 0 0 0 0 0 0 0 0 0 0 0 0 0 0 0 0 0 0 0 0 0 0 0 0 0 0 0 0 0 0 0 1 1 1 1 1 2 2 3 3 4 4 5 5 5 5 5 6 6 6 6 5 5 5 5 4 5 5 5 6 6 7 7 7 7 6 6 6 6 6 6 6 6 6 6 6 6 6 6 6 6 6 5 5
0 0 0 0 0 0 0 0 0 0 0 0 0 0 0 0 0 0 0 0 0 0 0 0 0 0 0 0 0 0 0 0 0 0 0 0 0 0 0 0 1 1 1 1 1 1 1 2 2 3 3 4 4 5 5 5 5 5 5 5 6 6 5 5 5 5 5 5 5 5 6 6 6 7 7 7 7 7 7 7 7 7 7 7 7 7 7 7 7 7 7 7 6 6 6 6
0 0 0 0 0 0 0 0 0 0 0 0 0 0 0 0 0 0 0 0 0 0 0 0 0 0 0 0 0 0 0 0 0 0 0 0 0 0 1 1 1 1 1 1 2 2 2 2 3 3 4 4 5 5 5 5 5 5 5 5 5 5 5 5 5 5 5 5 5 6 6 6 7 7 7 7 7 7 7 8 8 8 8 8 8 8 8 8 8 8 7 7 7 7 7 6
0 0 0 0 0 0 0 0 0 0 0 0 0 0 0 0 0 0 0 0 0 0 0 0 0 0 0 0 0 0 0 0 0 0 0 0 0 1 1 1 1 1 1 2 2 2 3 3 3 4 4 5 5 6 6 6 6 6 5 5 5 5 5 5 5 5 5 5 6 6 6 6 7 7 7 8 8 8 8 8 8 9 9 9 9 9 9 9 9 8 8 8 8 7 7 7
0 0 0 0 0 0 0 0 0 0 0 0 0 0 0 0 0 0 0 0 0 0 0 0 0 0 0 0 0 0 0 0 0 0 0 0 0 1 1 1 1 1 2 2 2 3 3 3 4 4 5 5 6 6 6 6 6 6 5 5 5 5 5 5 5 5 6 6 6 6 6 7 7 7 7 8 8 8 9 9 9 10 10 10 10 9 9 9 9 9 9 9 8 8 8 8
0 0 0 0 0 0 0 0 0 0 0 0 0 0 0 0 0 0 0 0 0 0 0 0 0 0 0 0 0 0 0 0 0 0 0 0 1 1 1 1 1 2 2 3 3 3 4 4 4 5 5 6 6 7 7 6 6 6 5 5 5 5 5 5 5 6 6 6 6 6 7 7 7 7 8 8 8 9 9 10 10 11 11 11 10 10 10 10 10 10 9 9 9 9 9 8
0 0 0 0 0 0 0 0 0 0 0 0 0 0 0 0 0 0 0 0 0 0 0 0 0 0 0 0 0 0 0 0 0 0 0 1 1 1 1 1 2 2 2 3 3 4 4 4 5 5 6 6 6 7 7 6 6 6 6 5 5 5 5 5 5 6 6 6 6 7 7 7 7 8 8 8 9 9 10 10 11 11 11 11 11 11 10 10 10 10 10 9 9 9 9 8
0 0 0 0 0 0 0 0 0 0 0 0 0 0 0 0 0 0 0 0 0 0 0 0 0 0 0 0 0 0 0 0 0 0 0 1 1 1 2 2 2 3 3 3 3 4 4 4 5 5 6 6 6 7 7 6 6 6 6 5 5 5 5 5 5 6 6 6 6 7 7 7 8 8 9 9 9 10 10 10 10 11 11 11 10 10 10 10 10 10 9 9 9 9 8 8
0 0 0 0 0 0 0 0 0 0 0 0 0 0 0 0 0 0 0 0 0 0 0 0 0 0 0 0 0 0 0 0 0 0 0 1 1 2 2 2 3 3 3 4 4 4 4 5 5 5 6 6 6 7 7 6 6 6 6 5 5 5 5 5 5 6 6 6 6 7 7 8 8 9 9 10 10 10 10 10 10 10 10 10 10 10 10 10 10 10 9 9 9 8 8 8
0 0 0 0 0 0 0 0 0 0 0 0 0 0 0 0 0 0 0 0 0 0 0 0 0 0 0 0 0 0 0 0 0 0 1 1 1 2 2 3 3 3 4 4 4 4 4 5 5 5 6 6 6 7 7 6 6 6 6 5 5 5 5 5 6 6 6 6 6 7 7 8 9 9 10 10 10 10 10 10 10 10 10 10 10 10 10 10 10 9 9 9 8 8 8 7
0 0 0 0 0 0 0 0 0 0 0 0 0 0 0 0 0 0 0 0 0 0 0 0 0 0 0 0 0 0 0 0 0 0 1 1 2 2 3 3 4 4 4 4 4 4 5 5 5 5 6 6 6 7 7 6 6 6 6 6 5 5 5 5 6 6 6 6 6 7 8 8 9 10 11 11 11 10 10 10 10 10 10 10 10 10 10 10 10 9 9 9 8 8 7 7
0 0 0 0 0 0 0 0 0 0 0 0 0 0 0 0 0 0 0 0 0 0 0 0 0 0 0 0 0 0 0 0 0 0 1 1 2 3 3 4 4 4 4 4 5 5 5 5 5 5 6 6 6 7 7 6 6 6 6 6 5 5 5 6 6 6 6 6 6 7 8 9 10 10 11 11 11 11 10 10 10 10 9 9 9 9 9 9 9 9 9 8 8 7 7 7
0 0 0 0 0 0 0 0 0 0 0 0 0 0 0 0 0 0 0 0 0 0 0 0 0 0 0 0 0 0 0 0 0 0 1 2 2 3 4 4 5 5 5 5 5 5 5 5 5 6 6 6 6 7 7 6 6 6 6 6 6 6 6 6 6 6 6 6 6 7 8 9 10 11 12 12 11 11 11 10 10 9 9 9 9 9 9 9 9 9 9 8 8 7 7 6
0 0 0 1 1 1 1 1 1 1 1 1 1 1 1 0 0 0 0 0 0 0 0 0 0 0 0 0 0 1 1 1 1 1 2 2 3 4 4 5 5 5 6 6 6 6 6 6 6 6 6 6 7 7 7 7 7 6 6 6 6 6 6 6 6 6 6 6 6 7 8 9 10 11 12 12 11 11 11 10 10 9 9 9 9 9 9 9 8 8 8 8 8 7 7 7
1 1 1 2 2 2 2 2 2 2 2 2 2 2 1 1 1 0 0 0 0 0 1 1 1 1 1 1 1 1 1 1 1 2 2 3 4 4 5 6 6 6 6 7 7 7 7 7 7 7 7 7 7 7 7 7 7 7 7 7 7 7 7 7 7 7 7 7 7 8 8 9 10 11 11 12 11 11 10 10 10 9 9 9 8 8 8 7 7 7 7 7 8 8 8 8
1 2 2 3 3 3 3 3 3 3 3 3 3 3 2 2 1 1 0 0 0 1 1 1 1 2 2 2 2 2 2 2 2 3 3 4 5 5 6 7 7 7 7 8 8 8 8 8 8 8 8 8 8 8 8 8 8 8 8 8 8 8 8 7 7 7 7 7 7 8 9 9 10 10 11 11 11 11 10 10 10 9 9 8 8 7 7 6 6 6 7 7 8 8 9 9
1 2 3 4 4 5 5 5 5 4 4 4 4 4 3 2 2 1 0 0 0 1 1 2 2 2 3 3 3 3 3 3 3 4 4 5 5 6 7 7 8 8 8 9 9 9 9 9 9 9 9 9 8 8 8 8 8 8 8 8 8 8 8 8 8 8 8 8 8 8 9 9 10 10 11 11 11 10 10 10 10 9 9 8 7 7 6 5 5 5 6 7 8 9 10 10
2 3 4 4 5 6 6 6 6 6 6 6 5 4 4 3 2 1 1 0 1 1 1 2 2 3 3 3 4 4 4 4 4 4 5 6 6 7 8 8 9 9 9 10 10 10 11 11 10 10 10 9 9 8 8 8 9 9 9 9 9 9 9 9 9 9 8 8 8 9 9 9 10 10 10 10 10 10 10 10 10 10 9 8 7 6 5 4 3 4 5 7 8 9 10 12
2 3 4 5 6 7 7 7 7 7 7 7 6 5 5 4 3 2 1 0 1 1 2 2 3 3 4 4 4 4 5 5 5 5 6 7 7 8 8 9 10 10 10 11 11 11 12 12 11 11 10 10 9 9 9 9 9 9 9 10 10 10 10 10 9 9 9 9 9 9 9 9 10 10 10 10 10 10 10 10 10 10 9 8 7 5 4 3 2 3 5 6 8 10 11 13
3 4 5 6 8 9 9 8 8 8 8 8 8 6 5 4 3 2 1 0 1 1 2 3 3 4 5 5 5 5 6 6 6 6 7 7 8 9 9 10 10 11 11 12 12 13 13 13 12 12 11 11 10 9 9 9 10 10 10 10 11 11 10 10 10 10 10 9 9 9 9 9 9 9 10 10 10 10 10 10 10 10 9 8 6 5 3 2 1 2 4 6 8 10 12 14
4 5 6 7 8 9 9 9 8 8 8 8 7 6 5 4 3 2 1 1 1 2 3 3 4 4 5 5 5 6 6 6 6 7 7 8 9 9 10 11 11 12 12 13 13 14 14 14 14 13 12 11 11 10 10 10 10 10 11 11 11 11 11 11 11 10 10 10 10 10 10 10 10 10 10 10 10 10 10 10 10 10 9 8 7 6 4 3 2 3 5 7 9 11 13 15
5 6 7 8 9 10 9 9 8 8 7 7 6 5 5 4 3 3 2 1 2 3 3 4 4 5 5 6 6 6 6 6 7 7 8 9 9 10 11 12 12 13 14 14 15 15 16 16 15 14 13 12 12 11 10 11 11 11 11 11 12 12 11 11 11 11 11 10 10 10 10 10 10 10 10 10 10 11 11 11 11 11 10 9 8 7 6 5 3 4 6 8 10 12 14 16
6 7 8 8 9 10 9 9 8 7 7 6 5 5 4 4 3 3 2 2 3 3 4 4 5 5 6 6 6 6 7 7 7 7 8 9 10 11 12 12 13 14 15 15 16 17 17 17 16 15 14 13 12 11 11 11 11 11 12 12 12 12 12 12 12 11 11 11 11 11 11 11 11 11 11 11 11 11 11 11 11 11 11 10 9 8 7 6 5 6 8 10 11 13 15 17
7 8 8 9 10 10 9 8 8 7 6 5 4 4 4 4 3 3 3 3 3 4 4 5 5 6 6 6 6 7 7 7 7 8 9 10 11 12 12 13 14 15 16 17 17 18 19 19 18 17 15 14 13 12 12 12 12 12 12 12 13 13 12 12 12 12 12 12 11 11 11 11 11 11 12 12 12 12 12 12 12 12 12 11 10 9 9 8 7 8 10 11 13 14 16 17
8 9 9 10 10 11 9 8 7 6 5 4 3 3 3 3 3 3 3 3 4 4 5 5 5 6 6 6 7 7 7 7 8 8 9 10 11 12 13 14 15 16 17 18 19 20 20 20 19 18 17 15 14 13 12 12 12 13 13 13 13 13 13 13 13 12 12 12 12 12 12 12 12 12 12 12 12 12 12 12 13 13 12 12 11 11 10 9 9 10 11 13 14 15 17 18
9 10 10 10 11 11 10 8 7 6 5 3 2 3 3 3 3 4 4 4 5 5 5 6 6 6 6 7 7 7 7 8 8 8 10 11 12 13 14 15 16 17 18 19 20 21 22 22 21 19 18 16 15 13 13 13 13 13 13 13 13 13 13 13 13 13 13 13 13 13 13 13 13 13 13 13 13 13 13 13 13 13 13 13 12 12 11 11 11 11 13 14 15 16 18 19
11 11 11 11 11 11 10 8 7 5 4 2 1 2 2 3 3 4 4 5 5 5 6 6 6 7 7 7 7 7 8 8 8 9 10 11 12 14 15 16 17 18 19 20 21 22 23 23 22 20 19 17 16 14 13 13 14 14 14 14 14 14 14 14 14 13 13 13 13 13 13 13 13 13 13 13 13 13 14 14 14 14 14 14 13 13 13 13 13 13 14 15 16 18 19 20
11 11 11 11 12 11 10 9 7 6 4 3 2 3 3 3 4 4 5 5 6 6 6 6 7 7 7 7 8 8 8 9 9 9 11 12 13 14 15 17 18 19 20 21 22 23 24 24 22 20 19 17 16 14 14 14 14 14 15 15 15 15 15 15 15 14 14 14 14 14 14 14 14 14 14 14 14 14 14 14 14 14 14 14 14 14 14 13 13 14 15 16 17 17 18 19
12 12 12 12 12 11 10 9 8 7 5 4 3 4 4 4 5 5 5 6 6 6 6 7 7 7 8 8 8 9 9 9 10 10 11 12 14 15 16 17 18 19 20 21 21 22 23 23 22 20 19 17 16 15 14 15 15 15 16 16 17 17 17 16 16 16 15 15 15 15 15 15 15 15 15 14 14 14 14 14 14 14 14 14 14 14 14 14 14 14 15 16 16 17 18 18
13 12 12 12 12 12 11 10 8 7 6 5 4 5 5 5 5 5 6 6 6 6 7 7 7 8 8 8 9 9 10 10 10 11 12 13 14 15 16 17 18 19 20 21 21 22 23 23 21 20 19 17 16 15 14 15 16 16 17 18 18 18 18 18 17 17 17 16 16 16 16 16 15 15 15 15 15 15 15 15 14 14 14 14 14 14 14 14 14 14 15 15 16 16 17 17
13 13 13 12 12 12 11 10 9 8 7 6 6 6 6 6 6 6 6 6 6 7 7 7 8 8 8 9 9 10 10 11 11 12 13 14 15 16 17 18 18 19 20 21 21 22 23 22 21 20 19 17 16 15 15 16 16 17 18 19 20 20 19 19 19 18 18 17 17 17 17 16 16 16 16 16 16 15 15 15 15 15 14 14 14 14 15 15 15 15 15 15 16 16 16 17
14 13 13 13 12 12 11 10 10 9 8 8 7 7 7 7 7 6 6 6 7 7 7 8 8 8 9 9 10 10 11 11 12 12 13 14 15 16 17 18 19 19 20 20 21 22 22 22 21 20 19 17 16 15 15 16 17 18 19 20 21 22 21 20 20 19 19 18 18 18 17 17 17 17 17 16 16 16 15 15 15 15 15 15 15 15 15 15 15 15 15 15 15 15 16 16
14 14 13 13 13 12 12 11 10 10 9 9 8 8 8 7 7 7 7 7 7 7 8 8 8 9 9 10 10 11 11 12 13 13 14 15 16 17 17 18 19 19 20 20 21 21 22 22 21 20 19 17 16 15 15 17 18 19 20 22 23 23 22 22 21 21 20 19 19 19 18 18 18 18 17 17 17 16 16 16 15 15 15 15 15 15 15 15 15 15 15 15 15 15 15 15
15 14 14 13 13 12 12 11 11 11 10 10 9 9 9 8 8 8 7 7 7 8 8 8 9 9 10 10 11 12 12 13 13 14 15 15 16 17 18 18 19 20 20 20 21 21 22 21 20 19 18 17 16 15 16 17 19 20 21 23 24 25 24 23 23 22 21 20 20 20 19 19 19 18 18 18 17 17 16 16 15 15 15 15 15 15 15 16 16 16 15 15 15 14 14 14
15 14 14 13 13 12 12 11 11 10 10 9 9 9 8 8 8 8 8 7 8 8 9 9 9 10 10 11 11 12 13 13 14 14 15 16 16 17 18 18 19 19 20 21 21 22 22 22 21 20 19 19 18 17 17 18 19 21 22 23 25 25 24 24 23 22 22 21 21 20 20 19 19 19 18 18 17 17 17 16 16 15 15 16 16 16 17 17 17 17 16 16 15 15 14 14
15 14 14 13 13 12 12 11 10 10 9 8 8 8 8 8 8 8 8 8 8 9 9 10 10 11 11 12 12 13 13 14 14 15 15 16 16 17 17 18 18 19 20 21 22 22 23 23 23 22 21 20 19 18 18 19 20 21 23 24 25 25 24 24 23 23 22 21 21 21 20 20 19 19 18 18 18 17 17 17 16 16 16 17 17 18 18 18 19 18 18 17 16 15 14 14
15 14 14 13 13 12 12 11 10 9 8 8 7 7 7 8 8 8 8 9 9 9 10 10 11 11 12 12 13 13 14 14 14 15 15 16 16 17 17 17 18 19 20 21 22 23 24 24 24 23 22 21 20 20 20 20 21 22 23 24 25 25 24 24 23 23 22 22 21 21 20 20 19 19 18 18 18 18 17 17 17 17 17 17 18 19 19 20 21 20 19 18 17 16 15 13
14 14 14 13 13 12 11 11 10 9 8 7 6 7 7 7 8 8 9 9 10 10 11 11 12 12 12 13 13 14 14 14 15 15 15 16 16 16 17 17 18 19 20 21 23 24 25 26 25 24 23 23 22 21 21 22 22 23 24 24 25 25 25 24 24 23 23 22 22 21 21 20 20 19 19 18 18 18 18 17 17 17 18 18 19 20 21 21 22 21 20 19 17 16 15 13
14 14 14 13 13 12 11 10 9 8 7 6 5 6 7 7 8 8 9 10 10 11 11 12 12 13 13 13 14 14 14 15 15 15 16 16 16 16 16 16 17 19 20 22 23 25 26 27 26 25 25 24 23 22 22 23 23 24 24 24 25 25 25 24 24 24 23 23 22 22 21 21 20 19 19 18 18 18 18 18 18 18 18 19 20 21 22 23 24 23 21 20 18 17 15 13
14 14 13 13 13 12 11 10 9 8 6 5 4 5 6 7 8 9 9 10 11 11 12 12 13 13 14 14 14 15 15 15 15 16 16 16 16 16 16 16 17 19 20 22 24 25 27 28 27 26 26 25 25 24 24 24 24 24 25 25 25 25 25 24 24 24 24 23 23 22 21 21 20 19 19 19 18 18 18 18 18 18 19 20 21 22 23 24 26 25 23 21 19 17 15 13
14 14 13 13 13 12 11 10 8 7 6 4 4 5 6 7 8 9 10 11 11 12 12 13 14 14 15 15 15 15 15 16 16 16 16 16 16 16 16 16 16 18 20 22 24 26 28 29 28 28 27 27 26 25 25 25 25 25 25 25 25 25 25 25 24 24 24 24 23 23 22 21 20 20 19 19 19 19 19 19 19 19 20 21 22 23 25 26 27 26 24 22 20 17 15 13
13 13 13 13 12 12 11 9 8 7 6 4 4 5 6 7 8 9 9 10 11 11 12 12 13 13 14 14 14 14 14 15 15 15 15 15 15 15 15 15 15 17 19 21 23 25 27 28 27 27 26 26 25 25 25 25 25 25 25 25 25 25 25 25 25 25 25 25 24 23 23 22 21 20 19 19 19 19 19 19 19 19 20 21 22 23 25 26 27 26 24 22 20 18 16 14
12 12 12 12 12 11 10 9 8 7 6 5 4 5 6 7 7 8 9 10 10 11 11 12 12 12 13 13 13 13 13 13 13 13 13 14 14 14 14 14 14 16 18 20 22 24 26 27 26 26 25 25 25 24 24 24 25 25 25 25 26 26 26 26 26 26 26 26 25 24 23 23 22 21 20 20 20 20 20 20 20 20 21 22 23 23 24 25 26 25 23 22 20 18 17 15
12 12 11 11 11 11 10 9 8 7 6 5 4 5 6 7 7 8 9 9 10 10 10 11 11 11 12 12 12 12 12 12 12 12 12 12 12 12 13 13 13 15 17 19 21 22 24 25 25 25 24 24 24 23 23 24 24 25 25 25 26 26 26 26 26 27 27 27 26 25 24 23 22 21 20 20 20 20 20 21 21 21 21 22 23 23 24 25 25 24 23 22 20 19 18 16
11 11 11 10 10 10 9 8 8 7 6 5 5 5 6 6 7 8 8 9 9 9 9 10 10 10 11 11 11 11 11 11 11 11 11 11 11 11 11 12 12 14 16 18 19 21 23 24 24 23 23 23 23 23 23 23 24 24 25 26 26 27 27 27 27 27 28 28 27 26 25 24 23 22 21 20 21 21 21 21 21 22 22 22 23 23 24 24 24 24 23 22 20 19 18 17
10 10 10 10 10 9 9 8 8 7 6 6 5 6 6 6 7 7 8 8 8 8 9 9 9 9 10 9 9 9 9 9 9 10 10 10 10 10 10 11 11 13 15 16 18 20 21 22 22 22 22 22 22 22 22 23 24 24 25 26 26 27 27 28 28 28 29 29 28 27 26 25 24 22 21 21 21 21 22 22 22 22 22 23 23 23 23 23 23 23 22 21 21 20 19 18
9 9 9 9 9 9 8 8 7 7 6 6 6 6 6 6 7 7 7 7 8 8 8 8 8 8 8 8 8 8 8 8 8 8 8 9 9 9 9 10 10 12 14 15 17 18 20 21 21 21 21 21 21 21 21 22 23 24 25 26 27 27 28 28 29 29 30 30 29 28 27 26 24 23 22 21 22 22 22 22 23 23 23 23 23 23 23 23 23 22 22 21 21 20 20 19
9 9 8 8 8 8 8 8 7 7 7 6 6 6 6 6 6 7 7 7 7 7 7 7 7 7 7 7 7 7 7 7 7 7 7 7 8 8 8 9 9 11 12 14 16 17 19 20 20 20 20 20 20 20 21 22 23 24 25 26 27 28 28 29 29 30 30 31 30 29 28 26 25 24 22 22 22 22 23 23 23 24 24 23 23 23 22 22 22 22 21 21 21 21 21 21
9 8 8 8 8 8 8 7 7 7 7 6 6 6 6 6 6 6 7 7 7 7 7 7 7 7 7 7 7 7 6 6 6 7 7 7 7 7 7 7 8 10 11 13 14 16 18 19 19 19 19 19 19 19 20 21 22 23 24 25 26 27 28 28 29 29 30 30 30 28 27 26 24 23 22 21 22 22 22 23 23 23 23 23 23 23 22 22 22 21 21 21 21 21 21 21
