pluvio/pluvio-68.asc
ncols         252
nrows         154
xllcorner     -18.017974
yllcorner     13.481982
cellsize      0.035948
NODATA_value  -9999
[rows 0 to 48 of 154, columns 96 to 191 of 252]
18 19 19 19 19 19 19 19 19 19 19 19 19 20 20 20 20 20 21 21 21 21 21 21 22 22 22 22 22 22 22 22 22 22 22 22 22 22 22 21 21 21 21 20 20 20 20 19 19 19 18 18 18 18 18 18 17 17 17 17 17 16 16 16 16 16 16 16 16 16 15 15 15 15 15 15 15 15 15 15 15 15 15 15 15 15 15 15 15 15 15 15 15 15 15 15
18 18 18 18 18 18 18 18 18 19 19 19 19 20 20 20 20 20 21 21 21 21 22 22 22 22 22 22 22 22 22 22 22 22 23 23 23 23 22 22 22 21 21 21 21 20 20 20 20 19 19 19 19 19 18 18 18 18 18 17 17 17 17 17 16 16 16 16 16 16 16 16 16 16 16 15 15 15 15 15 15 15 15 15 15 15 15 15 15 15 15 15 15 15 15 15
18 18 18 18 18 18 18 18 18 18 19 19 19 19 20 20 20 20 21 21 21 21 22 22 22 22 22 22 22 22 23 23 23 23 23 23 23 23 23 23 22 22 22 22 21 21 21 21 20 20 20 20 20 19 19 19 19 18 18 18 18 18 17 17 17 17 17 17 17 16 16 16 16 16 16 16 16 16 15 15 15 15 15 15 15 15 15 15 15 15 15 15 15 15 15 15
18 18 18 18 18 18 18 18 18 18 19 19 19 19 20 20 20 21 21 21 21 22 22 22 22 22 22 23 23 23 23 23 23 23 23 24 24 24 23 23 23 23 23 22 22 22 22 21 21 21 21 21 20 20 20 20 19 19 19 19 18 18 18 18 18 17 17 17 17 17 17 17 16 16 16 16 16 16 16 16 16 16 15 15 15 15 15 15 15 15 15 15 15 15 15 15
18 18 18 18 18 18 18 18 18 18 18 19 19 19 20 20 20 21 21 21 21 22 22 22 22 23 23 23 23 23 23 23 24 24 24 24 24 24 24 24 24 23 23 23 23 23 22 22 22 22 22 21 21 21 21 20 20 20 20 19 19 19 19 18 18 18 18 18 17 17 17 17 17 17 17 16 16 16 16 16 16 16 16 16 16 15 15 15 15 15 15 15 15 15 15 15
18 18 18 18 18 18 18 18 18 18 18 19 19 19 20 20 20 21 21 21 22 22 22 22 23 23 23 23 23 24 24 24 24 24 24 25 25 25 24 24 24 24 24 24 23 23 23 23 23 23 22 22 22 22 21 21 21 21 20 20 20 19 19 19 19 18 18 18 18 18 18 17 17 17 17 17 17 16 16 16 16 16 16 16 16 16 16 15 15 15 15 15 15 15 15 15
17 17 17 17 17 17 17 18 18 18 18 18 19 19 20 20 20 21 21 21 22 22 22 23 23 23 23 23 24 24 24 24 24 25 25 25 25 25 25 25 25 25 24 24 24 24 24 24 23 23 23 23 23 22 22 22 21 21 21 21 20 20 20 19 19 19 19 19 18 18 18 18 18 17 17 17 17 17 16 16 16 16 16 16 16 16 16 16 16 15 15 15 15 15 15 15
17 17 17 17 17 17 17 17 17 18 18 18 19 19 20 20 20 21 21 21 22 22 23 23 23 23 24 24 24 24 24 25 25 25 25 26 26 26 26 25 25 25 25 25 25 25 24 24 24 24 24 24 23 23 23 22 22 22 22 21 21 21 20 20 20 20 19 19 19 19 18 18 18 18 18 17 17 17 17 17 17 16 16 16 16 16 16 16 16 16 15 15 15 15 15 16
17 17 17 17 17 17 17 17 17 17 18 18 19 19 20 20 20 21 21 22 22 23 23 23 23 24 24 24 24 24 25 25 25 25 26 26 26 26 26 26 25 25 25 25 25 25 25 25 24 24 24 24 24 23 23 23 22 22 22 21 21 21 21 20 20 20 20 19 19 19 19 19 18 18 18 18 18 17 17 17 17 17 17 17 17 17 17 16 16 16 16 16 16 16 16 16
16 17 17 17 17 17 17 17 17 17 18 18 19 19 20 20 21 21 21 22 22 23 23 24 24 24 24 24 25 25 25 25 25 26 26 26 26 26 26 26 26 26 25 25 25 25 25 25 25 24 24 24 24 23 23 23 23 22 22 22 21 21 21 21 20 20 20 20 20 19 19 19 19 19 18 18 18 18 18 18 18 17 17 17 17 17 17 17 17 17 17 17 17 17 17 17
16 16 16 16 16 16 17 17 17 17 18 18 19 19 20 20 21 21 22 22 23 23 24 24 24 24 25 25 25 25 25 26 26 26 26 26 26 26 26 26 26 26 26 25 25 25 25 25 25 25 24 24 24 24 23 23 23 23 22 22 22 21 21 21 21 20 20 20 20 20 20 19 19 19 19 19 18 18 18 18 18 18 18 18 18 18 18 18 18 18 18 18 18 18 18 18
16 16 16 16 16 16 16 16 16 17 17 18 19 19 20 20 21 21 22 22 23 23 24 24 24 25 25 25 25 25 26 26 26 26 26 27 27 27 26 26 26 26 26 26 26 25 25 25 25 25 25 24 24 24 24 23 23 23 22 22 22 22 21 21 21 21 21 20 20 20 20 20 20 19 19 19 19 19 19 19 19 19 19 18 18 18 18 18 18 18 18 18 18 19 19 19
15 16 16 16 16 16 16 16 16 17 17 18 18 19 20 20 21 21 22 23 23 24 24 25 25 25 25 25 26 26 26 26 26 26 27 27 27 27 27 27 26 26 26 26 26 26 25 25 25 25 25 25 24 24 24 23 23 23 23 22 22 22 22 21 21 21 21 21 21 20 20 20 20 20 20 19 19 19 19 19 19 19 19 19 19 19 19 19 19 19 19 19 19 19 20 20
15 15 15 15 16 16 16 16 16 16 17 18 18 19 20 20 21 22 22 23 23 24 25 25 25 25 26 26 26 26 26 26 27 27 27 27 27 27 27 27 27 26 26 26 26 26 26 25 25 25 25 25 24 24 24 24 23 23 23 23 22 22 22 22 21 21 21 21 21 21 21 20 20 20 20 20 20 20 19 19 20 20 20 20 20 20 20 20 20 20 20 20 20 20 21 21
15 15 15 15 15 15 16 16 16 16 17 18 18 19 20 20 21 22 22 23 24 24 25 25 26 26 26 26 26 26 27 27 27 27 27 27 27 27 27 27 27 27 26 26 26 26 26 26 25 25 25 25 25 24 24 24 24 23 23 23 23 22 22 22 22 22 21 21 21 21 21 21 21 21 20 20 20 20 20 20 20 20 20 20 20 20 20 20 20 21 21 21 21 21 21 22
14 15 15 15 15 15 15 15 16 16 17 18 18 19 20 20 21 22 23 23 24 25 25 26 26 26 26 26 26 27 27 27 27 27 27 28 28 28 27 27 27 27 27 27 26 26 26 26 26 25 25 25 25 25 24 24 24 24 23 23 23 23 22 22 22 22 22 22 22 21 21 21 21 21 21 21 21 20 20 20 21 21 21 21 21 21 21 21 21 21 21 21 22 22 22 23
14 14 14 15 15 15 15 15 15 16 17 17 18 19 20 20 21 22 23 24 24 25 26 26 26 26 27 27 27 27 27 27 27 28 28 28 28 28 28 27 27 27 27 27 27 26 26 26 26 26 25 25 25 25 25 24 24 24 24 23 23 23 23 22 22 22 22 22 22 22 22 22 21 21 21 21 21 21 21 21 21 21 21 21 21 22 22 22 22 22 22 22 22 23 23 24
14 14 14 14 14 15 15 15 15 16 17 17 18 19 20 21 21 22 23 24 25 25 26 26 27 27 27 27 27 27 27 28 28 28 28 28 28 28 28 28 27 27 27 27 27 27 26 26 26 26 26 25 25 25 25 24 24 24 24 24 23 23 23 23 23 22 22 22 22 22 22 22 22 22 22 22 21 21 21 21 22 22 22 22 22 22 22 22 22 23 23 23 23 24 24 24
13 14 14 14 14 14 15 15 15 16 16 17 18 19 20 21 21 22 23 24 25 26 27 27 27 27 27 27 27 28 28 28 28 28 28 28 28 28 28 28 28 28 27 27 27 27 27 26 26 26 26 26 25 25 25 25 24 24 24 24 24 23 23 23 23 23 23 23 22 22 22 22 22 22 22 22 22 22 22 22 22 22 22 22 23 23 23 23 23 23 23 24 24 24 25 25
13 13 14 14 14 14 14 14 15 15 16 17 18 19 20 21 22 22 23 24 25 26 27 27 27 27 28 28 28 28 28 28 28 28 28 29 29 29 28 28 28 28 28 27 27 27 27 27 26 26 26 26 26 25 25 25 25 24 24 24 24 24 23 23 23 23 23 23 23 23 23 23 23 22 22 22 22 22 22 22 23 23 23 23 23 23 24 24 24 24 24 24 25 25 26 26
13 13 13 13 14 14 14 14 14 15 16 17 18 19 20 21 22 23 24 24 25 26 27 28 28 28 28 28 28 28 28 28 29 29 29 29 29 29 29 28 28 28 28 28 27 27 27 27 26 26 26 26 26 25 25 25 25 25 25 24 24 24 24 24 23 23 23 23 23 23 23 23 23 23 23 23 23 23 23 23 23 23 23 24 24 24 24 24 25 25 25 25 25 26 27 27
13 13 13 13 13 14 14 14 14 15 16 17 18 19 20 21 22 23 24 25 26 27 28 28 28 28 28 28 28 29 29 29 29 29 29 29 29 29 29 29 28 28 28 28 28 27 27 27 27 26 26 26 26 26 25 25 25 25 25 25 24 24 24 24 24 24 24 24 24 23 23 23 23 23 23 23 23 23 23 23 24 24 24 24 24 25 25 25 25 26 26 26 26 27 28 28
13 13 13 14 14 14 14 15 15 16 17 18 19 20 21 22 23 24 25 25 26 27 28 29 29 29 29 29 29 29 29 29 29 29 29 29 29 29 29 29 29 28 28 28 28 27 27 27 27 27 26 26 26 26 26 25 25 25 25 25 25 24 24 24 24 24 24 24 24 24 24 24 24 24 24 24 24 24 24 25 25 25 25 26 26 26 26 27 27 27 27 28 28 29 29 30
13 13 14 14 14 15 15 15 16 16 17 18 19 20 21 22 23 24 25 26 27 28 29 29 29 29 29 29 29 29 29 29 30 30 30 30 30 29 29 29 29 28 28 28 28 28 27 27 27 27 26 26 26 26 26 26 26 25 25 25 25 25 25 24 24 24 24 25 25 25 25 25 25 25 25 25 25 25 25 26 26 26 27 27 27 28 28 28 29 29 29 30 30 31 31 32
13 14 14 14 15 15 15 16 16 17 18 19 20 21 22 23 24 25 26 27 28 29 30 30 30 30 30 30 30 30 30 30 30 30 30 30 30 30 29 29 29 29 28 28 28 28 27 27 27 27 27 26 26 26 26 26 26 26 25 25 25 25 25 25 25 25 25 25 25 25 25 26 26 26 26 26 26 26 27 27 27 28 28 28 29 29 29 30 30 31 31 31 32 32 33 34
13 14 14 15 15 16 16 16 17 18 19 20 21 22 23 24 25 26 27 28 29 30 31 31 31 31 31 31 30 30 30 30 30 30 30 30 30 30 29 29 29 29 29 28 28 28 28 27 27 27 27 27 26 26 26 26 26 26 26 26 25 25 25 25 25 25 25 26 26 26 26 26 27 27 27 27 27 27 28 28 28 29 29 30 30 31 31 31 32 32 33 33 34 34 35 36
14 14 15 15 16 16 17 17 18 18 19 20 21 22 23 24 25 26 27 28 29 30 31 32 31 31 31 31 31 31 31 31 31 30 30 30 30 30 30 29 29 29 29 28 28 28 28 28 27 27 27 27 27 26 26 26 26 26 26 26 26 26 26 25 25 26 26 26 26 27 27 27 27 28 28 28 28 29 29 29 30 30 31 31 32 32 32 33 33 34 34 35 35 36 37 38
14 14 15 15 16 17 17 18 18 19 20 21 22 23 24 25 26 27 28 29 30 31 32 32 32 32 32 32 32 31 31 31 31 31 31 30 30 30 30 30 29 29 29 29 28 28 28 28 27 27 27 27 27 27 27 26 26 26 26 26 26 26 26 26 26 26 26 27 27 27 27 28 28 28 29 29 29 30 30 30 31 31 32 32 33 33 34 35 35 36 36 37 37 38 39 40
14 15 15 16 16 17 18 18 19 20 21 22 23 24 25 26 27 28 29 30 31 32 33 33 33 33 32 32 32 32 32 31 31 31 31 31 31 30 30 30 30 29 29 29 29 28 28 28 28 27 27 27 27 27 27 27 27 27 26 26 26 26 26 26 26 26 27 27 27 28 28 29 29 29 30 30 30 31 31 32 32 33 33 34 34 35 36 36 37 37 38 38 39 40 41 42
14 15 16 16 17 17 18 19 19 20 21 22 23 24 25 26 27 29 30 31 32 33 34 34 33 33 33 33 33 32 32 32 32 31 31 31 31 30 30 30 30 29 29 29 29 28 28 28 28 27 27 27 27 27 27 27 27 27 27 27 27 27 26 26 26 27 27 28 28 28 29 29 30 30 30 31 31 32 32 33 33 34 35 35 36 36 37 38 38 39 39 40 41 42 43 44
15 15 16 17 17 18 19 19 20 21 22 23 24 25 26 27 28 29 30 31 32 33 34 34 34 34 34 33 33 33 33 32 32 32 31 31 31 31 30 30 30 30 29 29 29 29 28 28 28 28 27 27 27 27 27 27 27 27 27 27 27 27 27 27 27 27 28 28 29 29 30 30 30 31 31 32 32 33 33 34 35 35 36 37 37 38 39 39 40 41 41 42 43 44 45 46
15 16 16 17 18 18 19 20 21 22 23 24 25 26 27 28 29 30 31 32 33 34 35 35 35 35 34 34 34 33 33 33 32 32 32 31 31 31 31 30 30 30 29 29 29 29 28 28 28 28 27 27 27 27 27 27 27 27 27 27 27 27 27 27 27 28 28 29 29 30 30 31 31 32 32 33 33 34 34 35 36 36 37 38 39 39 40 41 41 42 43 44 44 45 47 48
15 16 17 17 18 19 20 20 21 22 23 24 25 26 27 29 30 31 32 33 34 35 36 36 36 35 35 34 34 34 33 33 33 32 32 32 31 31 31 30 30 30 30 29 29 29 29 28 28 28 28 27 27 27 27 27 27 27 27 27 27 27 27 27 27 28 29 29 30 30 31 31 32 33 33 34 34 35 35 36 37 38 39 39 40 41 42 42 43 44 45 45 46 47 49 50
15 16 17 18 19 19 20 21 22 23 24 25 26 27 28 29 30 31 32 33 35 36 37 37 36 36 35 35 35 34 34 33 33 33 32 32 31 31 31 31 30 30 30 30 29 29 29 28 28 28 28 28 28 28 28 28 28 28 28 28 28 28 28 28 28 28 29 30 30 31 32 32 33 33 34 35 35 36 37 37 38 39 40 41 41 42 43 44 45 45 46 47 48 49 50 52
15 16 17 18 19 20 21 22 23 24 25 26 27 28 29 30 31 32 33 34 35 36 37 37 37 36 36 36 35 35 34 34 33 33 33 32 32 31 31 31 31 30 30 30 29 29 29 29 28 28 28 28 28 28 28 28 28 28 28 28 28 28 28 28 28 29 29 30 31 32 32 33 34 34 35 36 36 37 38 39 39 40 41 42 43 44 45 45 46 47 48 49 50 51 52 54
16 17 18 19 20 21 22 22 23 24 25 27 28 29 30 31 32 33 34 35 36 37 38 38 38 37 37 36 36 35 35 34 34 33 33 33 32 32 31 31 31 31 30 30 30 29 29 29 29 28 28 28 28 28 28 28 28 28 28 28 28 28 28 28 29 29 30 31 31 32 33 34 34 35 36 37 37 38 39 40 40 41 42 43 44 45 46 47 48 49 49 50 51 53 54 55
18 19 19 20 21 22 23 24 25 26 27 28 29 30 31 32 33 34 35 37 38 39 40 40 39 39 38 38 37 37 36 36 35 35 34 34 33 33 33 32 32 32 31 31 31 31 30 30 30 30 29 29 29 29 29 29 29 29 29 29 29 29 29 29 29 30 31 32 32 33 34 34 35 36 36 37 38 39 39 40 41 42 43 44 44 45 46 47 48 49 50 51 52 53 54 56
19 20 21 22 23 24 25 26 27 28 29 30 31 32 33 34 35 36 37 38 39 40 41 41 40 40 39 39 38 38 37 37 36 36 35 35 34 34 34 33 33 33 33 32 32 32 32 31 31 31 30 30 30 30 30 30 30 30 30 30 30 30 30 30 30 31 32 32 33 34 34 35 36 36 37 38 38 39 40 41 41 42 43 44 45 46 47 48 48 49 50 51 52 53 55 56
21 22 23 24 24 25 26 27 28 29 30 31 32 33 34 35 36 37 38 39 40 41 42 42 42 41 41 40 40 39 39 38 38 37 36 36 35 35 35 35 34 34 34 33 33 33 33 32 32 32 32 32 32 32 32 31 31 31 31 31 31 31 31 31 31 32 33 33 34 35 35 36 36 37 38 38 39 40 40 41 42 43 44 45 45 46 47 48 49 50 51 51 52 54 55 56
22 23 24 25 26 27 28 29 30 31 32 33 34 35 36 37 38 39 40 41 42 43 44 44 43 42 42 41 41 40 40 39 39 38 38 37 37 36 36 36 35 35 35 35 34 34 34 34 33 33 33 33 33 33 33 33 33 33 32 32 32 32 32 32 32 33 34 34 35 35 36 37 37 38 38 39 40 40 41 42 42 43 44 45 46 47 48 48 49 50 51 52 53 54 55 57
24 25 26 27 28 29 29 30 31 32 33 34 35 36 37 38 39 40 41 42 43 44 45 45 44 44 43 43 42 42 41 40 40 39 39 38 38 37 37 37 37 36 36 36 35 35 35 35 34 34 34 34 34 34 34 34 34 34 34 33 33 33 33 33 33 34 34 35 36 36 37 37 38 38 39 40 40 41 41 42 43 44 45 45 46 47 48 49 50 50 51 52 53 54 56 57
26 26 27 28 29 30 31 32 33 34 35 36 37 38 39 40 41 42 43 44 45 46 46 46 46 45 45 44 43 43 42 42 41 40 40 39 39 38 38 38 38 37 37 37 37 36 36 36 36 35 35 35 35 35 35 35 35 35 35 34 34 34 34 34 34 35 35 36 36 37 37 38 39 39 40 40 41 41 42 43 43 44 45 46 47 48 48 49 50 51 52 52 53 55 56 57
27 28 29 30 31 32 33 34 34 35 36 37 38 39 40 41 42 43 44 45 46 47 48 48 47 46 46 45 45 44 43 43 42 42 41 40 40 40 39 39 39 39 38 38 38 38 37 37 37 36 36 36 36 36 36 36 36 36 36 36 35 35 35 35 35 36 36 37 37 38 38 39 39 40 40 41 41 42 42 43 44 45 46 46 47 48 49 50 50 51 52 53 54 55 56 58
29 30 31 32 32 33 34 35 36 37 38 39 40 41 42 43 44 45 45 46 47 48 49 49 48 48 47 47 46 45 45 44 43 43 42 42 41 41 40 40 40 40 39 39 39 39 38 38 38 38 37 37 37 37 37 37 37 37 37 37 36 36 36 36 36 37 37 38 38 38 39 39 40 40 41 41 42 42 43 44 44 45 46 47 48 48 49 50 51 52 52 53 54 55 57 58
30 31 32 33 34 35 36 37 38 39 39 40 41 42 43 44 45 46 47 48 49 50 51 50 50 49 48 48 47 47 46 45 45 44 43 43 42 42 42 41 41 41 41 40 40 40 40 39 39 39 39 38 38 38 38 38 38 38 38 38 37 37 37 37 37 37 38 38 39 39 40 40 41 41 42 42 42 43 43 44 45 46 47 47 48 49 50 50 51 52 53 53 54 56 57 58
32 33 34 35 36 37 37 38 39 40 41 42 43 44 45 46 46 47 48 49 50 51 52 52 51 50 50 49 48 48 47 46 46 45 45 44 43 43 43 42 42 42 42 41 41 41 41 40 40 40 40 40 39 39 39 39 39 39 39 39 38 38 38 38 38 38 39 39 40 40 40 41 41 42 42 43 43 43 44 45 45 46 47 48 49 49 50 51 52 52 53 54 55 56 57 59
34 34 35 36 37 38 39 40 41 42 43 44 44 45 46 47 48 49 50 51 52 52 53 53 52 52 51 50 50 49 48 48 47 46 46 45 44 44 44 44 43 43 43 43 42 42 42 42 41 41 41 41 41 40 40 40 40 40 40 40 39 39 39 39 39 39 40 40 40 41 41 42 42 42 43 43 44 44 44 45 46 47 47 48 49 50 50 51 52 53 53 54 55 56 58 59
35 36 37 38 39 40 41 42 42 43 44 45 46 47 48 49 49 50 51 52 53 54 55 54 54 53 52 52 51 50 50 49 48 48 47 46 45 45 45 45 44 44 44 44 44 43 43 43 43 42 42 42 42 42 41 41 41 41 41 41 40 40 40 40 40 40 41 41 41 42 42 42 43 43 43 44 44 45 45 46 46 47 48 49 49 50 51 52 52 53 54 55 55 57 58 60
37 38 39 39 40 41 42 43 44 45 46 47 47 48 49 50 51 52 53 53 54 55 56 56 55 54 54 53 52 51 51 50 49 49 48 47 47 46 46 46 46 45 45 45 45 44 44 44 44 43 43 43 43 43 43 42 42 42 42 42 41 41 41 41 41 41 41 42 42 42 43 43 43 44 44 44 45 45 45 46 47 48 48 49 50 51 51 52 53 53 54 55 56 57 59 60
