pluvio/pluvio-165.asc
ncols         252
nrows         154
xllcorner     -18.017974
yllcorner     13.481982
cellsize      0.035948
NODATA_value  -9999
[rows 0 to 48 of 154, columns 0 to 95 of 252]
65535 65535 65535 65535 65535 65535 65535 65535 65535 65535 65535 65535 65535 65535 65535 65535 65535 65535 65535 65535 65535 78 78 78 78 78 78 78 78 78 78 78 78 78 78 99 99 100 101 102 102 103 104 104 105 106 107 107 108 108 108 108 108 108 108 108 108 108 109 109 109 109 109 108 107 107 106 105 104 103 103 102 101 100 100 99 98 97 96 95 94 93 92 91 90 89 88 87 86 85 84 83 83 83 82 82
65535 65535 65535 65535 65535 65535 65535 65535 65535 65535 65535 65535 65535 65535 65535 65535 65535 65535 65535 65535 65535 78 78 78 78 78 78 78 78 78 78 78 78 78 78 102 102 103 104 104 105 105 106 107 107 108 108 109 110 110 110 110 110 110 110 110 110 110 110 109 109 109 109 109 108 107 107 106 105 104 103 102 102 101 100 99 98 97 96 95 94 93 92 91 90 89 88 87 86 85 83 83 82 82 82 81
65535 65535 65535 65535 65535 65535 65535 65535 65535 65535 65535 65535 65535 65535 65535 65535 65535 65535 65535 65535 65535 78 78 78 78 78 78 78 78 78 78 78 78 78 78 105 105 106 106 107 107 108 108 109 109 110 110 111 111 111 111 111 111 111 111 111 111 111 111 110 110 110 110 110 109 108 107 106 105 105 104 103 102 101 100 99 99 98 97 95 94 93 92 91 90 89 87 86 85 84 83 82 82 81 81 81
65535 65535 65535 65535 65535 65535 65535 65535 65535 65535 65535 65535 65535 65535 65535 65535 65535 65535 65535 65535 65535 78 78 78 78 78 78 78 78 78 78 78 78 78 78 108 108 108 109 109 110 110 110 111 111 112 112 112 113 113 113 113 113 112 112 112 112 112 112 111 111 111 111 110 110 109 108 107 106 105 104 103 103 102 101 100 99 98 97 96 94 93 92 91 90 88 87 86 85 84 82 82 81 81 80 80
65535 65535 65535 65535 65535 65535 65535 65535 65535 65535 65535 65535 65535 65535 65535 65535 65535 65535 65535 65535 65535 78 78 78 78 78 78 78 78 78 78 78 78 78 78 110 111 111 111 112 112 112 113 113 113 113 114 114 114 115 114 114 114 114 113 113 113 113 113 112 112 112 112 111 110 109 108 108 107 106 105 104 103 102 101 100 99 98 97 96 94 93 92 91 89 88 87 86 84 83 82 81 81 80 80 79
65535 65535 65535 65535 65535 65535 65535 65535 65535 65535 65535 65535 65535 65535 65535 65535 65535 65535 65535 65535 65535 78 78 78 78 78 78 78 78 78 78 78 78 78 78 113 114 114 114 114 114 115 115 115 115 115 116 116 116 116 116 116 115 115 115 114 114 114 114 113 113 113 113 112 111 110 109 108 107 106 105 104 103 102 102 101 100 98 97 96 95 93 92 91 89 88 87 85 84 83 81 81 80 80 79 79
65535 65535 65535 65535 65535 65535 65535 65535 65535 65535 65535 65535 65535 65535 65535 65535 65535 65535 65535 65535 65535 78 78 78 78 78 78 78 78 78 78 78 78 78 78 116 116 117 117 117 117 117 117 117 117 117 117 118 118 118 117 117 117 116 116 116 115 115 115 114 114 114 113 113 112 111 110 109 108 107 106 105 104 103 102 101 100 99 97 96 95 93 92 90 89 88 86 85 84 82 81 80 79 79 78 78
65535 65535 65535 65535 65535 65535 65535 65535 65535 65535 65535 65535 65535 65535 65535 65535 65535 65535 65535 65535 65535 65535 65535 65535 65535 65535 65535 65535 65535 65535 65535 65535 65535 65535 65535 120 120 120 120 120 120 120 120 120 119 119 119 119 119 119 119 118 118 118 117 117 116 116 116 115 115 114 114 113 112 111 110 109 108 107 106 105 104 103 102 101 100 99 98 96 95 93 92 90 89 87 86 85 83 82 80 79 79 78 78 77
65535 65535 65535 65535 65535 65535 65535 65535 65535 65535 65535 65535 65535 65535 65535 65535 65535 65535 65535 65535 65535 65535 65535 65535 65535 65535 65535 65535 65535 65535 65535 65535 65535 65535 65535 120 120 120 120 120 120 120 120 120 120 119 119 119 119 119 119 118 118 118 117 117 116 116 116 115 115 114 114 113 112 111 110 109 108 107 106 105 104 103 102 101 100 98 97 95 94 92 91 89 88 86 85 83 82 80 79 78 77 77 76 76
65535 65535 65535 65535 65535 65535 65535 65535 65535 65535 65535 65535 65535 65535 65535 65535 65535 65535 65535 65535 65535 65535 65535 65535 65535 65535 65535 65535 65535 65535 65535 65535 65535 65535 65535 120 120 120 120 120 120 120 120 120 120 120 119 119 119 119 119 118 118 118 117 117 116 116 116 115 115 115 114 113 112 111 110 109 108 107 106 105 104 102 101 100 99 98 96 95 93 92 90 88 87 85 84 82 81 79 77 76 76 75 75 74
65535 65535 65535 65535 65535 65535 65535 65535 65535 65535 65535 65535 65535 65535 65535 65535 65535 65535 65535 65535 65535 65535 65535 65535 65535 65535 65535 65535 65535 65535 65535 65535 65535 65535 65535 120 120 120 120 120 120 120 120 120 120 120 120 119 119 119 119 118 118 118 117 117 117 116 116 115 115 115 114 113 112 111 110 109 108 107 105 104 103 102 101 100 99 97 96 94 92 91 89 87 86 84 83 81 79 78 76 75 74 74 73 73
65535 65535 65535 65535 65535 65535 65535 65535 65535 65535 65535 65535 65535 65535 65535 65535 65535 65535 65535 65535 65535 65535 65535 65535 65535 65535 65535 65535 65535 65535 65535 65535 65535 65535 65535 120 120 120 120 120 120 120 120 120 120 120 120 120 119 119 119 119 118 118 117 117 117 116 116 115 115 115 114 113 112 111 110 109 108 106 105 104 103 102 100 99 98 97 95 93 92 90 88 86 85 83 81 80 78 76 75 74 73 72 72 71
65535 65535 65535 65535 65535 65535 65535 65535 65535 65535 65535 65535 65535 65535 65535 65535 65535 65535 65535 65535 65535 65535 65535 65535 65535 65535 65535 65535 65535 65535 65535 65535 65535 65535 65535 120 120 120 120 120 120 120 120 120 120 120 120 120 120 119 119 119 118 118 117 117 117 116 116 115 115 115 114 113 112 111 110 109 107 106 105 104 102 101 100 99 97 96 94 92 91 89 87 85 84 82 80 78 77 75 73 72 71 71 70 70
65535 65535 65535 65535 65535 65535 65535 65535 65535 65535 65535 65535 65535 65535 65535 65535 65535 65535 65535 65535 65535 65535 65535 65535 65535 65535 65535 65535 65535 65535 65535 65535 65535 65535 65535 120 120 120 120 120 120 120 120 120 120 120 120 120 120 119 119 119 118 118 117 117 117 116 116 115 115 115 114 113 112 111 110 108 107 106 105 103 102 101 99 98 97 95 94 92 90 88 86 84 83 81 79 77 75 74 72 71 70 69 69 68
65535 65535 65535 65535 65535 65535 65535 65535 65535 65535 65535 65535 65535 65535 65535 65535 65535 65535 65535 65535 65535 65535 65535 65535 65535 65535 65535 65535 65535 65535 65535 65535 65535 65535 65535 120 120 120 120 120 120 120 120 120 120 120 120 120 120 120 119 119 118 118 117 117 117 116 116 115 115 115 114 113 112 111 110 108 107 106 104 103 102 100 99 98 96 95 93 91 89 87 85 83 82 80 78 76 74 72 70 69 69 68 67 67
65535 65535 65535 65535 65535 65535 65535 65535 65535 65535 65535 65535 65535 65535 65535 65535 65535 65535 65535 65535 65535 65535 65535 65535 65535 65535 65535 65535 65535 65535 65535 65535 65535 65535 65535 120 120 120 120 120 120 120 120 120 120 120 120 120 120 120 119 119 118 118 118 117 117 116 116 115 115 115 114 113 112 111 109 108 107 105 104 103 101 100 99 97 96 94 92 90 88 86 84 83 81 79 77 75 73 71 69 68 67 66 66 65
65535 65535 65535 65535 65535 65535 65535 65535 65535 65535 65535 65535 65535 65535 65535 65535 65535 65535 65535 65535 65535 65535 65535 65535 65535 65535 65535 65535 65535 65535 65535 65535 65535 65535 65535 120 120 120 120 120 120 120 120 120 120 120 120 120 120 120 119 119 118 118 118 117 117 116 116 116 115 115 114 113 112 111 109 108 106 105 104 102 101 99 98 97 95 94 92 90 88 86 84 82 80 78 76 74 72 70 68 66 66 65 64 64
65535 65535 65535 65535 65535 65535 65535 65535 65535 65535 65535 65535 65535 65535 65535 65535 65535 65535 65535 65535 65535 65535 65535 65535 65535 65535 65535 65535 65535 65535 65535 65535 65535 65535 65535 120 120 120 120 120 120 120 120 120 120 120 120 120 120 120 119 119 119 118 118 117 117 116 116 116 115 115 114 113 112 111 109 108 106 105 103 102 100 99 98 96 95 93 91 89 87 85 83 81 78 76 74 72 70 68 66 65 64 63 63 62
65535 65535 65535 65535 65535 65535 65535 65535 65535 65535 65535 65535 65535 65535 65535 65535 65535 65535 65535 65535 65535 65535 65535 65535 65535 65535 65535 65535 65535 65535 65535 65535 65535 65535 65535 120 120 120 120 120 120 120 120 120 120 120 120 120 120 120 119 119 119 118 118 117 117 116 116 116 115 115 114 113 112 110 109 107 106 105 103 102 100 99 97 96 94 92 90 88 86 84 82 80 77 75 73 71 69 67 65 63 63 62 61 60
65535 65535 65535 65535 65535 65535 65535 65535 65535 65535 65535 65535 65535 65535 65535 65535 65535 65535 65535 65535 65535 65535 65535 65535 65535 65535 65535 65535 65535 65535 65535 65535 65535 65535 65535 120 120 120 120 120 120 120 120 120 120 120 120 120 120 120 119 119 119 118 118 117 117 116 116 116 115 115 114 113 112 110 109 107 106 104 103 101 100 98 97 95 94 92 90 87 85 83 81 79 76 74 72 70 68 65 63 62 61 60 60 59
65535 65535 65535 65535 65535 65535 65535 65535 65535 65535 65535 65535 65535 65535 65535 65535 65535 65535 65535 65535 65535 65535 65535 65535 65535 65535 65535 65535 65535 65535 65535 65535 65535 65535 65535 120 120 120 120 120 120 120 120 120 120 120 120 120 120 120 120 119 119 118 118 117 117 117 116 116 115 115 114 113 112 110 109 107 106 104 102 101 99 98 96 95 93 91 89 87 84 82 80 78 75 73 71 69 66 64 62 61 60 59 58 57
65535 65535 65535 65535 65535 65535 65535 65535 65535 65535 65535 65535 65535 65535 65535 65535 65535 65535 65535 65535 65535 65535 65535 65535 65535 65535 65535 65535 65535 65535 65535 65535 65535 65535 65535 120 120 120 120 120 120 120 120 120 120 120 120 120 120 120 119 119 118 118 118 117 117 116 116 115 115 115 114 113 112 110 108 107 105 104 102 100 99 97 96 94 92 90 88 86 83 81 79 77 74 72 70 67 65 63 61 59 58 58 57 56
65535 65535 65535 65535 65535 65535 65535 65535 65535 65535 65535 65535 65535 65535 65535 65535 65535 65535 65535 65535 65535 65535 65535 65535 65535 65535 65535 65535 65535 65535 65535 65535 65535 65535 65535 120 120 120 120 120 119 119 119 119 119 119 118 118 118 118 117 117 117 116 116 115 115 115 114 114 113 113 113 112 110 108 107 105 104 102 100 99 97 96 94 92 91 89 87 84 82 80 78 75 73 71 69 67 64 62 60 59 58 57 56 56
65535 65535 65535 65535 65535 65535 65535 65535 65535 65535 65535 65535 65535 65535 65535 65535 65535 65535 65535 65535 65535 65535 65535 65535 65535 65535 65535 65535 65535 65535 65535 65535 65535 65535 65535 120 120 120 119 119 119 118 118 118 117 117 117 116 116 116 115 115 115 114 114 114 113 113 113 112 112 111 111 110 109 107 105 104 102 100 99 97 96 94 92 91 89 87 85 83 81 79 76 74 72 70 68 66 63 61 59 58 57 56 56 55
65535 65535 65535 65535 65535 65535 65535 65535 65535 65535 65535 65535 65535 65535 65535 65535 65535 65535 65535 65535 65535 65535 65535 65535 65535 65535 65535 65535 65535 65535 65535 65535 65535 65535 65535 120 120 119 119 118 118 117 117 117 116 116 115 115 114 114 114 113 113 113 112 112 112 111 111 111 110 110 110 109 107 105 104 102 101 99 97 96 94 92 91 89 87 86 84 81 79 77 75 73 71 69 67 65 63 60 58 57 57 56 55 55
65535 65535 65535 65535 65535 65535 65535 65535 65535 65535 65535 65535 65535 65535 65535 65535 65535 65535 65535 65535 65535 65535 65535 65535 65535 65535 65535 65535 65535 65535 65535 65535 65535 65535 65535 120 119 119 118 118 117 117 116 115 115 114 114 113 112 112 112 111 111 111 110 110 110 109 109 109 109 108 108 107 106 104 102 101 99 97 96 94 92 91 89 87 86 84 82 80 78 76 74 72 70 68 66 64 62 60 58 57 56 55 55 54
65535 65535 65535 65535 65535 65535 65535 65535 65535 65535 65535 65535 65535 65535 65535 65535 65535 65535 65535 65535 65535 65535 65535 65535 65535 65535 65535 65535 65535 65535 65535 65535 65535 65535 65535 120 119 119 118 117 116 116 115 114 113 113 112 111 110 110 110 109 109 109 109 108 108 108 108 107 107 107 106 106 104 102 101 99 97 96 94 92 91 89 88 86 84 82 80 78 77 75 73 71 69 67 65 63 61 59 57 56 55 55 54 54
65535 65535 65535 65535 65535 65535 65535 65535 65535 65535 65535 65535 65535 65535 65535 65535 65535 65535 65535 65535 65535 65535 65535 65535 65535 65535 65535 65535 65535 65535 65535 65535 65535 65535 65535 120 119 118 117 116 116 115 114 113 112 111 110 109 109 108 108 107 107 107 107 107 106 106 106 106 105 105 105 104 102 101 99 97 96 94 93 91 89 88 86 84 83 81 79 77 75 73 71 69 68 66 64 62 60 58 56 55 55 54 54 53
65535 65535 65535 65535 65535 65535 65535 65535 65535 65535 65535 65535 65535 65535 65535 65535 65535 65535 65535 65535 65535 65535 65535 65535 65535 65535 65535 65535 65535 65535 65535 65535 65535 65535 65535 120 119 118 117 116 115 114 113 112 111 110 109 108 107 106 106 106 105 105 105 105 105 104 104 104 104 104 103 103 101 99 98 96 94 93 91 89 88 86 84 83 81 79 77 76 74 72 70 68 66 65 63 61 59 57 55 55 54 54 53 53
65535 65535 65535 65535 65535 65535 65535 65535 65535 65535 65535 65535 65535 65535 65535 65535 65535 65535 65535 65535 65535 65535 65535 65535 65535 65535 65535 65535 65535 65535 65535 65535 65535 65535 65535 120 119 118 116 115 114 113 112 111 109 108 107 106 105 104 104 104 103 103 103 103 103 103 102 102 102 102 102 101 99 98 96 94 93 91 89 88 86 84 83 81 79 78 76 74 72 71 69 67 65 64 62 60 58 57 55 54 53 53 53 52
65535 65535 65535 65535 65535 65535 65535 65535 65535 65535 65535 65535 65535 65535 65535 65535 65535 65535 65535 65535 65535 65535 65535 65535 65535 65535 65535 65535 65535 65535 65535 65535 65535 65535 65535 120 119 117 116 115 113 112 111 109 108 107 106 104 103 102 102 102 102 101 101 101 101 101 101 101 101 100 100 100 98 96 95 93 91 89 88 86 84 83 81 79 78 76 74 73 71 69 68 66 64 63 61 59 57 56 54 53 53 53 52 52
65535 65535 65535 65535 65535 65535 65535 65535 65535 65535 65535 65535 65535 65535 65535 65535 65535 65535 65535 65535 65535 65535 65535 65535 65535 65535 65535 65535 65535 65535 65535 65535 65535 65535 65535 120 118 117 116 114 113 111 110 108 107 105 104 102 101 100 100 100 100 100 100 99 99 99 99 99 99 99 99 98 96 95 93 91 90 88 86 85 83 81 79 78 76 74 73 71 70 68 66 65 63 61 60 58 57 55 53 53 52 52 52 51
65535 65535 65535 65535 65535 65535 65535 65535 65535 65535 65535 65535 65535 65535 65535 65535 65535 65535 65535 65535 65535 65535 65535 65535 65535 65535 65535 65535 65535 65535 65535 65535 65535 65535 65535 120 118 117 115 113 112 110 109 107 105 104 102 101 99 98 98 98 98 98 98 98 98 98 97 97 97 97 97 97 95 93 91 90 88 86 85 83 81 80 78 76 74 73 71 70 68 67 65 64 62 60 59 57 56 54 53 52 52 51 51 51
65535 65535 65535 65535 65535 65535 65535 65535 65535 65535 65535 65535 65535 65535 65535 65535 65535 65535 65535 65535 65535 65535 65535 65535 65535 65535 65535 65535 65535 65535 65535 65535 65535 65535 65535 120 118 116 115 113 111 109 108 106 104 102 101 99 97 96 96 96 96 96 96 96 96 96 96 96 96 96 96 95 93 92 90 88 86 85 83 81 80 78 76 75 73 71 70 68 67 65 64 62 61 59 58 56 55 53 52 51 51 51 51 51
65535 65535 65535 65535 65535 65535 65535 65535 65535 65535 65535 65535 65535 65535 65535 65535 65535 65535 65535 65535 65535 65535 65535 65535 65535 65535 65535 65535 65535 65535 65535 65535 65535 65535 65535 120 118 116 114 112 110 108 107 105 103 101 99 97 95 94 94 94 94 94 94 94 94 94 94 94 94 94 94 93 92 90 88 87 85 83 82 80 78 76 75 73 71 70 68 67 65 64 63 61 60 58 57 55 54 53 51 51 50 50 50 50
65535 65535 65535 65535 65535 65535 65535 65535 65535 65535 65535 65535 65535 65535 65535 65535 65535 65535 65535 65535 65535 65535 65535 65535 65535 65535 65535 65535 65535 65535 65535 65535 65535 65535 65535 92 92 92 92 92 92 92 92 92 92 92 92 92 92 92 92 92 92 92 92 92 92 92 92 92 92 92 92 92 90 88 87 85 83 81 80 78 76 75 73 71 70 68 67 65 64 63 61 60 59 57 56 55 53 52 51 50 50 50 50 50
65535 65535 65535 65535 65535 65535 65535 65535 65535 65535 65535 65535 65535 65535 65535 65535 65535 65535 65535 65535 65535 65535 65535 65535 65535 65535 65535 65535 65535 65535 65535 65535 65535 65535 65535 92 92 92 92 91 91 91 91 90 90 90 89 89 89 89 89 89 89 89 89 89 89 89 89 89 89 89 89 89 87 85 84 82 81 79 78 76 74 73 71 70 68 67 65 64 63 62 61 59 58 57 56 55 53 52 51 50 50 50 50 50
65535 65535 65535 65535 65535 65535 65535 65535 65535 65535 65535 65535 65535 65535 65535 65535 65535 65535 65535 65535 65535 65535 65535 65535 65535 65535 65535 65535 65535 65535 65535 65535 65535 65535 65535 92 92 91 91 90 90 89 89 88 88 87 87 86 86 86 86 86 86 86 86 86 86 86 86 86 86 86 86 85 84 83 81 80 78 77 75 74 72 71 69 68 66 65 64 63 62 61 60 59 58 57 56 55 53 52 51 51 51 51 51 51
65535 65535 65535 65535 65535 65535 65535 65535 65535 65535 65535 65535 65535 65535 65535 65535 65535 65535 65535 65535 65535 65535 65535 65535 65535 65535 65535 65535 65535 65535 65535 65535 65535 65535 65535 92 92 91 90 89 89 88 87 87 86 85 84 84 83 83 83 83 83 83 83 83 83 83 83 83 83 83 83 82 81 80 78 77 76 74 73 72 70 69 68 66 65 64 63 62 61 60 59 58 57 56 55 54 53 53 52 51 51 51 51 51
65535 65535 65535 65535 65535 65535 65535 65535 65535 65535 65535 65535 65535 65535 65535 65535 65535 65535 65535 65535 65535 65535 65535 65535 65535 65535 65535 65535 65535 65535 65535 65535 65535 65535 65535 92 91 90 89 89 88 87 86 85 84 83 82 81 80 79 79 79 80 80 80 80 80 80 80 80 80 80 80 79 78 77 76 74 73 72 71 69 68 67 66 65 63 62 62 61 60 59 58 58 57 56 55 54 54 53 52 52 52 52 52 52
65535 65535 65535 65535 65535 65535 65535 65535 65535 65535 65535 65535 65535 65535 65535 65535 65535 65535 65535 65535 65535 65535 65535 65535 65535 65535 65535 65535 65535 65535 65535 65535 65535 65535 65535 92 91 90 89 88 86 85 84 83 82 81 79 78 77 76 76 76 76 76 76 76 77 77 77 77 77 77 77 76 75 74 73 72 71 70 68 67 66 65 64 63 62 61 60 60 59 58 58 57 56 56 55 54 54 53 52 52 52 52 52 52
65535 65535 65535 65535 65535 65535 65535 65535 65535 65535 65535 65535 65535 65535 65535 65535 65535 65535 65535 65535 65535 65535 65535 65535 65535 65535 65535 65535 65535 65535 65535 65535 65535 65535 65535 92 91 89 88 87 85 84 82 81 80 78 77 76 74 73 73 73 73 73 73 73 73 73 73 73 74 74 74 73 72 71 70 69 68 67 66 65 64 63 62 61 60 59 59 58 58 57 57 56 56 55 55 54 54 53 53 52 53 53 53 53
65535 65535 65535 65535 65535 65535 65535 65535 65535 65535 65535 65535 65535 65535 65535 65535 65535 65535 65535 65535 65535 65535 65535 65535 65535 65535 65535 65535 65535 65535 65535 65535 65535 65535 65535 92 91 89 87 86 84 82 81 79 78 76 74 73 71 70 70 70 70 70 70 70 70 70 70 70 70 70 70 70 69 68 67 67 66 65 64 63 62 61 60 59 59 58 58 57 57 56 56 56 55 55 54 54 54 53 53 53 53 53 53 53
65535 65535 65535 65535 65535 65535 65535 65535 65535 65535 65535 65535 65535 65535 65535 65535 65535 65535 65535 65535 65535 65535 65535 65535 65535 65535 65535 65535 65535 65535 65535 65535 65535 65535 65535 92 90 88 87 85 83 81 79 77 76 74 72 70 68 67 67 67 67 67 67 67 67 67 67 67 67 67 67 67 66 65 65 64 63 62 62 61 60 59 59 58 57 57 56 56 56 55 55 55 55 54 54 54 54 53 53 53 53 54 54 54
65535 65535 65535 65535 65535 65535 65535 65535 65535 65535 65535 65535 65535 65535 65535 65535 65535 65535 65535 65535 65535 65535 65535 65535 65535 65535 65535 65535 65535 65535 65535 65535 65535 65535 65535 92 90 88 86 84 82 80 78 76 74 72 69 67 65 64 64 64 64 64 64 64 64 64 64 64 64 64 64 64 63 63 62 61 61 60 59 59 58 57 57 56 55 55 55 55 55 55 54 54 54 54 54 54 54 54 53 54 54 54 54 54
65535 65535 65535 65535 65535 65535 65535 65535 65535 65535 65535 65535 65535 65535 65535 65535 65535 65535 65535 65535 65535 65535 65535 65535 65535 65535 65535 65535 65535 65535 65535 65535 65535 65535 65535 92 90 87 85 83 81 78 76 74 72 69 67 65 62 61 61 61 61 61 61 61 61 61 61 61 61 61 61 61 60 60 59 59 58 58 57 57 56 55 55 54 54 54 54 54 54 54 54 54 54 54 54 54 54 54 54 54 54 54 55 55
65535 65535 65535 65535 65535 65535 65535 65535 65535 65535 65535 65535 65535 65535 65535 65535 65535 65535 65535 65535 65535 65535 65535 65535 65535 65535 65535 65535 65535 65535 65535 65535 65535 65535 65535 92 89 87 84 82 79 77 74 72 69 67 64 62 59 58 58 58 58 58 58 58 58 58 58 58 58 58 58 58 57 57 57 56 56 55 55 54 54 54 53 53 52 52 52 52 53 53 53 53 53 53 54 54 54 54 54 54 55 55 55 55
65535 65535 65535 65535 65535 65535 65535 65535 65535 65535 65535 65535 65535 65535 65535 65535 65535 65535 65535 65535 65535 65535 65535 65535 65535 65535 65535 65535 65535 65535 65535 65535 65535 65535 65535 92 89 86 84 81 78 76 73 70 67 65 62 59 57 55 55 55 55 55 55 55 55 55 55 55 55 55 55 55 54 54 54 53 53 53 53 52 52 52 51 51 51 51 51 51 52 52 52 52 53 53 53 54 54 54 54 55 55 55 56 56
65535 65535 65535 65535 65535 65535 65535 65535 65535 65535 65535 65535 65535 65535 65535 65535 65535 65535 65535 65535 65535 65535 65535 65535 65535 65535 65535 65535 65535 65535 65535 65535 65535 65535 65535 92 89 86 83 80 77 74 71 68 65 62 59 57 54 52 52 52 52 52 52 52 52 52 52 52 52 52 52 52 51 51 51 51 51 50 50 50 50 50 50 49 49 49 50 50 51 51 51 52 52 53 53 53 54 54 55 55 55 56 56 56
