pluvio/pluvio-355.asc
ncols         252
nrows         154
xllcorner     -0.5
yllcorner     -153.5
cellsize      1
NODATA_value  -9999
[rows 55 to 109 of 154, columns 96 to 191 of 252]
34 33 31 30 28 27 26 26 25 24 24 23 23 24 26 27 28 30 31 32 31 30 29 28 27 26 26 26 26 26 26 26 27 27 27 28 29 29 30 30 30 29 28 26 25 23 22 21 21 21 20 20 20 19 19 20 20 21 21 21 22 21 19 17 14 12 10 8 7 7 7 8 8 8 8 9 11 13 14 16 18 19 21 23 25 27 29 31 33 32 29 27 24 22 19 17
34 32 30 29 27 26 25 25 25 25 25 25 25 26 28 29 30 32 33 34 32 31 30 28 27 25 24 24 23 22 22 21 21 21 22 23 25 26 27 29 29 28 26 25 24 23 21 21 20 20 20 19 19 19 19 19 19 19 19 20 20 19 17 15 13 10 8 6 6 6 6 7 7 8 8 9 11 12 14 15 17 18 20 21 23 24 26 27 29 28 26 24 23 21 19 17
33 31 29 28 26 24 25 25 25 25 26 26 26 28 29 31 32 34 35 36 34 32 30 28 27 25 23 22 20 19 17 16 15 14 16 19 21 23 25 27 27 26 25 24 23 22 21 20 20 19 19 19 18 18 18 18 18 18 18 18 18 17 15 13 11 9 7 4 4 5 5 6 6 7 8 9 10 12 13 14 16 17 19 20 21 22 23 24 25 25 23 22 21 20 18 17
33 31 29 27 25 23 24 25 25 26 27 27 28 30 31 33 34 36 38 38 36 33 31 29 26 24 22 19 17 15 13 11 9 8 11 14 17 19 22 25 26 25 24 23 22 21 20 19 19 19 18 18 18 17 17 17 17 16 16 16 16 15 13 11 9 7 5 3 2 3 4 5 6 6 7 8 10 11 12 14 15 16 17 18 19 19 20 21 21 21 21 20 19 19 18 17
32 30 28 26 24 22 23 24 25 26 28 29 30 31 33 35 36 38 40 40 37 35 32 29 26 23 20 17 14 12 9 6 3 2 5 9 12 16 19 23 25 24 23 22 21 20 19 19 18 18 18 17 17 17 16 16 15 15 15 14 14 12 11 9 7 5 3 1 1 2 3 4 5 6 7 8 9 10 12 13 14 15 16 16 17 17 17 17 18 18 18 18 18 18 18 18
33 31 28 26 24 22 23 24 25 26 27 28 29 31 32 34 36 37 39 40 37 34 31 28 25 23 20 17 15 12 9 7 4 3 6 10 13 16 19 23 24 23 23 22 21 20 19 19 18 18 17 17 17 16 16 16 15 15 14 14 13 12 10 9 7 5 3 1 1 3 4 5 7 8 9 11 12 13 15 16 17 19 19 19 18 18 18 18 18 18 18 18 18 18 18 18
33 31 29 27 25 23 24 24 25 26 26 27 28 29 31 33 34 36 38 38 36 33 30 28 25 22 20 17 15 13 10 8 6 5 8 11 14 17 20 22 24 23 22 22 21 20 19 19 18 18 17 17 17 16 16 15 15 15 14 14 14 12 11 9 7 5 3 2 2 4 5 7 9 10 12 14 15 17 18 19 21 22 22 22 21 20 20 19 18 18 18 18 18 18 18 18
34 32 30 27 25 24 24 24 25 25 26 26 27 28 30 32 33 35 37 37 35 32 30 27 24 22 19 17 15 14 12 10 8 7 10 12 15 17 20 22 24 23 22 21 21 20 19 19 18 18 17 17 16 16 16 15 15 15 14 14 14 13 11 9 7 6 4 2 2 5 7 9 11 13 15 17 18 20 21 23 24 26 26 25 23 22 21 20 19 18 18 18 18 18 18 18
35 33 30 28 26 24 24 24 25 25 25 25 25 27 29 31 32 34 36 36 34 31 29 26 24 21 19 17 16 14 13 11 10 10 12 14 16 18 20 22 23 22 22 21 20 20 19 19 18 18 17 17 16 16 15 15 15 15 14 14 14 13 11 9 8 6 4 2 3 6 8 11 13 15 18 20 22 23 25 26 28 30 29 27 26 24 23 21 19 19 19 19 19 19 19 19
35 33 31 29 26 25 24 24 24 24 24 24 24 26 28 29 31 33 35 35 33 30 28 26 23 21 19 18 16 15 14 13 12 12 13 15 17 19 20 22 23 22 22 21 20 20 19 19 18 18 17 17 16 16 15 15 15 15 14 14 14 13 11 9 8 6 5 3 4 7 9 12 15 18 21 23 25 26 28 30 32 33 32 30 28 26 24 22 20 19 19 19 19 19 19 19
36 34 32 29 27 25 25 24 24 24 23 23 23 25 27 28 30 32 33 34 32 30 27 25 23 20 18 18 17 16 15 15 14 14 15 17 18 19 21 22 22 22 21 21 20 20 19 19 18 18 17 17 16 15 15 15 15 14 14 14 14 13 11 10 8 6 5 3 4 8 11 14 17 20 24 26 28 30 32 33 35 37 36 33 31 28 26 23 20 20 20 19 19 19 19 19
37 35 32 30 28 26 25 24 24 23 23 22 22 24 25 27 29 31 32 33 31 29 26 24 22 20 18 18 17 17 17 16 16 16 17 18 19 20 21 22 22 22 21 21 20 20 19 18 18 17 17 16 16 15 15 15 15 14 14 14 14 13 11 10 8 7 5 4 5 9 12 16 19 23 27 29 31 33 35 37 39 41 39 36 33 30 27 24 21 20 20 20 20 20 20 19
37 35 33 31 29 27 27 26 25 25 24 23 23 25 27 28 30 32 33 34 32 30 27 25 23 21 19 19 18 18 17 17 16 16 17 18 19 20 21 22 23 22 21 21 20 19 19 18 18 17 17 16 16 15 15 15 15 15 14 14 14 13 12 10 9 7 6 4 5 9 12 15 19 22 25 28 29 31 33 35 37 38 37 35 32 29 27 24 22 21 21 21 21 21 21 21
38 36 34 32 31 29 28 28 27 26 26 25 25 26 28 30 31 33 34 35 33 31 28 26 24 22 20 20 19 18 18 17 17 17 18 19 20 21 22 23 23 22 21 21 20 19 18 18 17 17 16 16 15 15 15 15 15 15 15 15 15 14 12 11 9 7 6 4 5 8 11 15 18 21 24 26 28 29 31 32 34 36 35 33 31 29 26 24 22 22 22 22 22 22 22 22
39 37 35 34 32 31 30 29 29 28 27 26 26 28 29 31 32 34 36 36 34 32 30 27 25 23 21 21 20 19 18 18 17 17 18 19 20 21 22 23 24 23 22 21 20 19 18 17 17 16 16 16 15 15 15 15 15 15 15 15 15 14 13 11 9 8 6 4 5 8 11 14 17 19 22 24 26 27 29 30 31 33 32 31 29 28 26 24 23 23 23 23 23 24 24 24
39 38 36 35 34 32 32 31 30 29 29 28 28 29 31 32 34 35 37 37 35 33 31 28 26 24 22 21 21 20 19 18 18 17 18 20 21 22 23 24 24 23 22 21 20 19 18 17 16 16 16 15 15 15 14 15 15 15 15 15 15 15 13 11 10 8 6 5 5 8 11 13 16 18 21 23 24 25 26 28 29 30 30 29 28 27 26 25 24 23 24 24 25 25 25 26
40 39 37 36 35 34 33 32 32 31 30 30 29 31 32 34 35 36 38 38 36 34 32 29 27 25 23 22 21 21 20 19 18 18 19 20 21 22 23 24 25 23 22 21 20 18 17 16 16 16 15 15 15 14 14 15 15 15 15 16 16 15 13 12 10 8 7 5 6 8 10 12 15 17 19 21 22 23 24 25 26 27 27 27 26 26 25 25 24 24 25 25 26 26 27 27
41 40 39 38 37 36 35 34 33 33 32 31 31 32 33 35 36 38 39 39 37 35 33 31 28 26 24 23 22 21 20 19 18 18 19 20 21 23 24 25 25 24 22 21 20 18 17 16 16 15 15 15 14 14 14 15 15 15 16 16 16 15 14 12 10 9 7 5 6 8 10 12 14 16 18 19 20 21 22 23 24 25 25 25 25 25 25 25 25 25 26 26 27 28 28 29
41 40 40 39 38 37 36 36 35 34 33 33 32 34 35 36 37 39 40 40 38 36 34 32 29 27 25 24 23 22 21 20 19 18 20 21 22 23 24 25 26 24 23 21 19 18 16 15 15 15 15 14 14 14 14 14 15 15 16 16 17 16 14 12 11 9 7 5 6 7 9 11 13 14 16 17 18 19 20 20 21 22 22 23 23 24 24 25 25 26 27 27 28 29 30 30
41 41 40 39 38 37 37 36 35 35 34 33 33 34 35 36 37 38 39 39 37 35 33 31 29 27 25 24 24 23 22 21 20 20 21 22 23 24 25 26 26 24 23 21 20 18 17 16 15 15 15 14 14 14 14 14 15 15 16 16 17 17 15 14 12 11 10 8 8 10 11 13 15 16 18 19 19 20 20 21 21 22 22 23 24 24 25 26 27 27 28 29 30 31 31 32
42 41 40 39 38 38 37 36 36 35 34 34 33 34 35 35 36 37 38 38 36 34 32 30 29 27 25 25 24 23 23 22 21 21 22 23 24 25 26 27 26 25 23 22 20 19 17 16 15 15 15 14 14 13 13 14 15 15 16 17 17 17 16 15 14 13 12 11 11 12 14 15 16 18 19 20 20 20 21 21 21 21 22 23 24 25 26 27 28 29 30 31 32 32 33 34
42 41 40 39 39 38 37 37 36 35 35 34 34 34 35 35 35 36 36 36 35 33 31 30 28 26 25 25 24 24 23 23 23 23 23 24 25 26 26 27 27 25 24 22 21 19 17 16 16 15 15 14 13 13 13 14 15 15 16 17 18 18 17 17 16 15 14 14 14 15 16 17 18 19 20 21 21 21 21 21 21 21 22 23 24 26 27 28 29 30 31 32 33 34 35 36
42 41 40 40 39 38 37 37 36 36 35 35 34 34 34 35 35 35 35 35 33 32 31 29 28 26 25 25 25 25 24 24 24 24 25 25 26 26 27 28 27 26 24 22 21 19 18 16 16 15 14 14 13 12 13 14 15 16 16 17 18 19 18 18 18 17 17 16 17 18 18 19 20 21 22 22 22 22 22 21 21 21 22 23 25 26 28 29 30 32 33 34 35 36 37 38
42 42 41 40 39 38 38 37 37 36 36 35 35 35 34 34 34 34 34 33 32 31 30 28 27 26 25 25 25 25 25 25 25 25 26 26 27 27 28 28 28 26 24 23 21 20 18 17 16 15 14 14 13 12 12 13 14 16 17 18 19 19 19 19 19 19 19 19 19 20 21 21 22 23 23 23 23 22 22 22 21 21 22 23 25 27 28 30 32 33 34 35 37 38 39 40
43 42 41 40 39 38 38 38 37 37 36 36 35 35 34 34 33 33 33 32 31 30 29 28 27 26 25 25 26 26 26 26 27 27 27 27 28 28 28 29 28 27 25 23 22 20 18 17 16 15 14 14 13 12 12 13 14 16 17 18 19 20 20 21 21 21 22 22 22 23 23 23 24 24 25 24 24 23 23 22 21 21 22 24 25 27 29 31 33 34 36 37 38 40 41 42
43 42 41 40 39 39 38 38 37 37 37 36 36 35 34 34 33 32 31 31 30 29 28 27 26 25 25 25 26 26 27 27 28 28 28 28 29 29 29 29 29 27 25 24 22 20 19 17 16 15 14 13 12 11 12 13 14 16 17 18 20 21 21 22 23 23 24 25 25 25 25 26 26 26 26 26 25 24 23 22 21 21 22 24 26 28 30 32 34 36 37 39 40 41 43 44
46 44 43 41 40 38 38 38 38 38 39 39 38 37 36 35 34 32 31 30 29 29 28 27 26 25 25 25 26 26 26 27 27 27 28 28 28 28 28 28 28 26 25 23 22 20 18 17 16 16 15 14 13 12 12 14 15 16 18 19 20 22 23 24 25 26 28 29 29 29 29 30 30 30 30 29 29 28 27 26 25 24 25 27 29 31 33 35 37 38 40 41 42 44 45 47
49 46 44 42 40 38 38 39 39 40 41 41 41 39 38 36 34 33 31 30 29 28 28 27 26 25 25 25 25 26 26 26 26 27 27 27 27 27 28 28 27 26 24 23 21 20 18 17 16 16 15 14 14 13 13 15 16 17 19 20 21 23 24 26 28 29 31 33 34 34 34 34 34 34 34 33 32 31 30 30 29 28 29 30 32 34 36 38 39 41 42 43 45 46 47 49
51 49 46 43 40 38 39 39 40 41 42 43 44 42 40 37 35 33 31 29 29 28 27 27 26 25 25 25 25 25 25 25 26 26 26 26 26 27 27 27 27 25 24 22 21 19 18 17 16 16 15 15 14 14 14 15 17 18 19 21 22 24 26 28 30 32 35 37 38 38 38 38 38 38 38 37 36 35 34 33 32 31 32 34 35 37 39 40 42 43 45 46 47 48 50 51
54 51 47 44 40 37 39 40 42 43 44 46 47 44 41 39 36 34 31 29 28 28 27 26 26 25 25 25 25 25 25 25 25 25 25 25 26 26 26 27 26 25 23 22 21 19 18 17 16 16 16 15 15 15 15 16 17 19 20 21 23 25 27 30 33 35 38 41 42 42 42 42 42 42 42 41 40 39 38 37 36 35 35 37 38 40 41 43 45 46 47 48 50 51 52 53
57 53 49 44 40 37 39 41 43 44 46 48 49 46 43 40 37 34 31 28 28 27 27 26 26 25 25 25 25 24 24 24 24 24 24 25 25 25 26 26 26 24 23 22 20 19 18 17 16 16 16 16 16 15 16 17 18 19 21 22 23 26 29 32 35 39 42 45 46 46 46 46 46 46 46 45 44 43 42 40 39 38 39 40 42 43 44 46 47 48 50 51 52 53 54 55
60 55 50 45 40 36 39 41 44 46 48 51 52 48 45 41 38 34 31 28 28 27 27 26 26 25 25 25 24 24 24 23 23 23 23 24 24 25 25 25 25 24 22 21 20 19 17 17 16 16 16 16 16 16 17 18 19 20 21 23 24 26 30 34 38 42 45 49 51 50 50 50 50 50 49 49 48 46 45 44 43 42 42 43 45 46 47 49 50 51 52 53 54 55 57 58
63 57 52 46 40 36 39 42 45 47 50 53 55 51 47 43 39 35 31 28 27 27 26 26 26 25 25 24 24 24 23 23 23 22 23 23 24 24 24 25 24 23 22 21 20 18 17 17 17 17 17 17 17 17 17 19 20 21 22 23 25 27 32 36 40 44 49 53 55 54 54 54 54 53 53 52 51 50 49 47 46 45 45 47 48 49 50 51 52 53 54 56 57 58 59 60
64 59 53 47 42 37 40 43 45 48 50 53 54 50 47 43 39 35 31 28 28 28 27 27 27 26 26 25 25 24 24 23 23 23 23 24 24 24 25 25 25 24 23 22 21 20 19 18 18 18 18 18 18 18 19 20 21 22 23 24 25 28 32 36 41 45 49 53 55 55 54 54 54 54 54 53 52 50 49 48 47 45 46 47 48 49 51 52 53 54 56 57 58 59 60 61
66 60 54 49 43 39 41 43 46 48 50 53 54 50 47 43 39 36 32 29 29 28 28 28 28 27 27 26 26 25 25 24 24 23 24 24 24 25 25 25 25 24 23 23 22 21 20 20 20 20 20 20 19 19 20 21 22 23 24 25 26 29 33 37 41 45 49 53 55 55 55 55 55 54 54 54 52 51 50 48 47 46 46 47 49 50 51 53 54 55 57 58 59 60 61 63
67 61 56 50 44 40 42 44 46 48 51 53 54 50 47 43 40 36 33 30 30 29 29 29 28 28 28 27 27 26 25 25 24 24 24 24 25 25 25 25 25 25 24 23 23 22 22 21 21 21 21 21 21 21 21 22 23 24 25 26 27 29 33 37 41 45 49 53 55 55 55 55 55 55 55 54 53 51 50 49 47 46 47 48 49 51 52 54 55 56 58 59 60 61 63 64
69 63 57 51 46 41 43 45 47 49 51 53 53 50 47 43 40 37 33 31 30 30 30 30 29 29 29 28 27 27 26 25 25 24 24 25 25 25 25 26 26 25 25 24 24 23 23 23 23 22 22 22 22 22 22 23 24 25 26 27 28 30 34 38 42 46 49 53 55 55 55 55 55 55 56 55 53 52 51 49 48 46 47 48 50 51 53 54 56 57 59 60 61 63 64 65
70 64 58 53 47 42 44 46 47 49 51 53 53 50 47 43 40 37 34 31 31 31 31 30 30 30 30 29 28 27 27 26 25 25 25 25 25 25 26 26 26 26 25 25 25 25 24 24 24 24 24 24 23 23 24 24 25 26 27 28 28 31 35 38 42 46 50 53 55 55 55 56 56 56 56 55 54 52 51 50 48 47 47 49 51 52 54 55 57 58 60 61 63 64 65 67
71 66 60 54 48 44 45 47 48 50 51 52 53 50 47 44 41 37 34 32 32 32 32 31 31 31 31 30 29 28 27 26 26 25 25 25 26 26 26 26 26 26 26 26 26 26 26 26 26 25 25 25 25 25 25 26 26 27 28 28 29 31 35 39 42 46 50 53 55 55 56 56 56 57 57 56 55 53 52 50 49 47 48 49 51 53 54 56 58 59 61 62 64 65 67 68
73 67 61 55 50 45 46 47 49 50 51 53 53 50 47 44 41 38 35 33 33 33 32 32 32 32 32 31 30 29 28 27 26 26 26 26 26 26 26 26 27 27 27 27 27 27 27 27 27 27 27 26 26 26 26 27 27 28 29 29 30 32 36 39 43 47 50 54 56 56 56 57 57 57 58 57 55 54 52 50 49 47 48 50 52 53 55 57 59 60 62 63 65 66 68 69
72 67 61 55 50 45 47 48 50 51 53 55 55 52 49 46 42 39 36 34 34 34 34 34 35 35 35 34 32 31 30 29 28 27 27 27 27 27 28 28 28 28 28 28 28 28 29 28 28 28 28 28 27 27 27 28 28 29 29 30 30 33 37 41 45 48 52 56 58 59 59 60 61 61 62 61 58 56 53 51 48 46 46 49 51 53 55 58 60 61 62 64 65 66 67 68
72 66 61 55 50 45 47 49 51 53 55 57 57 54 51 47 44 41 37 35 35 36 36 37 37 37 37 36 35 34 32 31 30 29 29 29 29 29 29 29 29 29 29 29 29 30 30 30 29 29 29 29 28 28 28 29 29 30 30 31 31 34 38 42 46 50 55 59 61 62 63 63 64 65 66 64 61 58 54 51 48 44 45 48 50 53 56 58 61 62 63 64 65 66 66 67
71 66 61 55 50 45 48 50 52 54 56 59 60 56 53 49 45 42 38 36 36 37 38 39 39 40 40 39 37 36 34 33 31 30 30 30 30 30 30 30 30 30 30 30 30 31 31 31 31 30 30 30 30 29 30 30 30 31 31 31 32 34 39 43 48 52 57 61 64 65 66 67 68 69 70 68 64 59 55 51 47 43 43 47 50 53 56 59 62 63 64 64 65 65 66 66
71 66 60 55 50 46 48 51 53 56 58 61 62 58 54 51 47 43 39 37 38 39 40 41 42 43 43 41 40 38 36 35 33 32 32 32 31 31 31 31 31 31 31 31 32 32 32 32 32 32 31 31 31 31 31 31 31 31 32 32 32 35 40 45 49 54 59 64 67 68 69 70 71 73 74 71 66 61 56 51 46 41 42 45 49 53 56 60 63 64 64 65 65 65 65 65
71 65 60 55 50 46 49 51 54 57 60 63 64 60 56 52 48 44 40 38 39 40 42 43 44 45 46 44 42 40 38 37 35 34 33 33 33 33 32 32 32 32 32 33 33 33 33 33 33 33 32 32 32 32 32 32 32 32 32 33 33 36 41 46 51 56 61 66 69 71 72 74 75 77 78 75 69 63 57 51 46 40 40 44 48 52 56 60 64 65 65 65 65 64 64 64
70 65 60 55 50 46 49 52 55 58 62 65 66 62 58 54 50 46 41 39 40 42 43 45 46 48 48 46 44 42 40 39 37 35 35 34 34 34 33 33 33 33 33 34 34 34 34 34 34 34 34 33 33 33 33 33 33 33 33 33 33 36 42 47 53 58 63 69 72 74 75 77 79 80 82 78 72 65 58 52 45 38 39 43 48 52 57 61 65 66 66 65 65 64 64 63
70 65 60 55 50 46 50 53 56 60 63 67 69 64 60 56 51 47 43 40 42 43 45 47 48 50 51 49 47 45 43 40 38 37 37 36 36 35 35 35 34 35 35 35 35 35 36 36 35 35 35 35 35 34 34 34 34 34 34 34 34 37 43 48 54 59 65 71 74 76 78 80 82 84 86 82 74 67 60 52 45 38 38 43 48 53 57 62 67 68 67 66 65 64 63 63
71 66 61 56 51 47 51 54 58 61 65 68 70 66 61 57 53 48 44 41 42 44 46 47 49 50 51 49 48 46 44 43 41 40 40 39 39 39 38 38 38 38 38 37 37 37 37 37 37 37 37 37 37 37 37 37 36 36 36 36 35 38 43 48 53 59 64 69 73 75 77 80 82 84 87 83 76 70 63 56 49 42 43 47 52 57 61 66 70 71 70 69 68 67 66 65
72 67 62 57 52 49 52 56 59 63 66 70 72 67 63 58 54 49 45 42 43 45 46 48 49 51 51 50 49 47 46 45 44 43 43 42 42 42 42 41 41 41 40 40 40 39 39 39 39 39 39 39 40 40 40 39 38 38 37 37 36 39 43 48 53 58 63 68 71 74 77 80 82 85 88 85 79 72 66 59 53 47 47 52 56 60 65 69 74 74 73 72 71 70 69 68
73 68 63 58 53 50 53 57 61 64 68 72 74 69 64 60 55 51 46 43 44 46 47 48 50 51 52 51 50 49 48 47 46 46 45 45 45 45 45 45 44 44 43 43 42 41 41 40 41 41 41 42 42 42 42 41 41 40 39 38 37 39 44 48 53 57 62 66 70 73 76 79 83 86 89 87 81 75 69 63 57 51 52 56 60 64 68 73 77 77 76 75 74 73 72 71
75 70 65 59 54 51 55 58 62 66 69 73 75 71 66 61 57 52 47 44 45 47 48 49 50 51 52 51 51 50 50 49 49 49 48 48 48 48 48 48 48 47 46 45 44 43 42 42 43 43 44 44 44 45 45 44 43 42 41 40 39 40 44 48 52 56 60 64 68 72 75 79 83 86 90 88 83 77 72 66 61 55 56 60 64 68 72 76 80 81 79 78 77 76 75 74
76 71 66 61 56 52 56 60 63 67 71 75 77 72 67 63 58 53 49 45 46 47 48 49 50 52 52 52 52 52 52 52 52 51 51 51 51 51 51 51 51 50 49 48 46 45 44 44 44 45 46 46 47 48 47 46 45 44 42 41 40 41 45 48 52 56 59 63 67 71 75 79 83 87 91 90 85 80 75 70 65 60 60 64 68 72 76 80 83 84 83 81 80 79 78 77
77 72 67 62 57 53 57 61 65 69 73 76 79 74 69 64 59 55 50 46 47 48 49 50 51 52 52 53 53 53 54 54 54 54 54 54 55 55 55 55 54 53 51 50 49 47 46 45 46 47 48 49 49 50 50 48 47 45 44 42 41 42 45 48 51 55 58 61 65 70 74 79 83 88 92 91 87 82 78 73 69 64 65 69 72 76 79 83 87 87 86 84 83 82 81 79
78 73 68 63 58 54 58 62 66 70 73 77 79 74 70 65 60 56 51 48 49 49 50 51 52 53 53 54 55 55 56 56 57 57 57 57 57 58 58 58 57 56 54 52 51 49 48 47 48 49 50 51 52 53 52 51 49 47 46 44 42 43 46 49 52 55 58 60 64 69 74 79 83 88 93 92 88 84 80 75 71 67 68 71 75 78 82 85 88 89 87 86 85 83 82 81
81 76 71 65 60 56 59 62 65 68 71 74 75 72 68 64 60 57 53 50 51 52 53 54 55 56 57 57 58 58 59 59 60 60 60 60 59 59 59 59 58 57 56 54 53 51 50 49 50 51 52 53 53 54 54 53 51 50 48 47 46 46 49 52 55 57 60 63 66 70 74 78 82 86 90 90 85 81 77 73 69 65 66 69 72 75 78 81 84 84 83 81 80 79 78 77
