pluvio/pluvio-247.asc
ncols         252
nrows         154
xllcorner     -0.5
yllcorner     -153.5
cellsize      1
NODATA_value  -9999
[rows 56 to 111 of 154, columns 96 to 191 of 252]
4 4 4 4 5 5 5 5 5 5 5 5 5 5 4 4 3 3 2 2 2 2 2 2 3 3 3 3 3 3 3 3 3 3 3 3 3 3 3 3 3 4 4 5 6 6 7 7 6 6 6 6 5 5 5 4 3 2 1 1 0 0 1 1 2 3 3 4 5 6 7 7 8 9 10 12 13 15 17 18 20 21 23 26 28 30 32 34 36 34 29 24 20 15 10 6
4 4 5 5 5 5 5 5 5 5 5 5 5 5 4 4 3 3 2 2 2 2 2 3 3 3 3 3 3 4 4 4 4 4 4 4 4 4 4 4 4 4 5 6 6 7 7 8 7 7 7 6 6 6 5 4 3 2 2 1 0 0 1 1 2 3 3 4 5 6 7 8 9 10 11 13 15 17 18 20 22 24 26 28 30 32 33 35 37 34 30 25 21 16 12 7
5 5 5 5 5 5 5 5 5 5 5 5 5 4 4 3 3 3 2 2 2 2 3 3 3 3 3 4 4 4 4 4 5 5 5 5 4 4 4 4 4 5 6 6 7 8 8 8 8 8 7 7 6 6 5 4 3 3 2 1 0 0 1 1 2 3 4 5 5 7 8 9 10 11 12 14 16 18 20 23 25 27 29 30 32 33 35 37 38 35 31 26 22 17 13 8
6 6 6 6 6 6 5 5 5 5 5 5 4 4 4 3 3 3 2 2 2 3 3 3 3 4 4 4 4 5 5 5 5 6 5 5 5 5 5 5 5 6 6 7 8 8 9 9 9 8 8 7 7 6 6 5 4 3 2 1 0 0 1 2 2 3 4 5 6 7 8 9 10 12 13 15 17 20 22 25 27 30 32 33 34 35 37 38 39 36 32 27 23 19 14 10
7 7 7 7 7 7 7 6 6 6 6 6 5 5 5 4 4 4 3 3 4 4 4 4 5 5 5 5 6 6 6 6 6 6 6 6 6 6 6 5 6 6 7 7 8 8 9 9 9 8 8 7 7 6 6 5 4 3 2 1 0 0 1 1 2 3 3 4 5 6 7 8 9 10 11 13 16 19 22 25 27 30 32 33 35 36 38 39 40 38 34 30 26 22 18 14
8 8 8 8 8 8 8 8 8 7 7 7 7 6 6 6 5 5 5 5 5 5 6 6 6 7 7 7 7 7 6 6 6 6 6 6 6 6 6 6 6 7 7 8 8 8 9 9 8 8 8 7 7 7 6 5 4 3 2 1 0 0 0 1 2 2 3 3 4 5 6 7 8 8 9 11 15 18 21 24 27 30 32 34 35 37 39 40 42 40 36 33 29 25 22 18
9 9 9 9 9 10 9 9 9 9 8 8 8 7 7 7 7 6 6 6 6 7 7 8 8 8 9 8 8 8 7 7 6 6 6 7 7 7 7 7 7 7 8 8 8 8 8 8 8 8 7 7 7 7 6 5 4 3 2 1 0 0 0 1 1 2 2 3 3 4 5 5 6 7 7 10 13 17 20 23 27 30 33 34 36 38 40 41 43 41 38 35 32 29 26 23
9 10 10 10 11 11 11 10 10 10 9 9 9 9 8 8 8 7 7 7 8 8 9 9 10 10 10 10 9 8 8 7 7 6 7 7 7 7 8 8 8 8 8 8 8 8 8 8 8 8 7 7 7 7 6 5 4 3 2 1 0 0 0 0 1 1 2 2 2 3 3 4 4 5 5 8 12 15 19 23 26 30 33 35 37 39 41 42 44 43 41 38 35 33 30 27
10 11 11 12 12 12 12 12 11 11 11 10 10 10 9 9 9 9 8 8 9 10 10 11 11 12 12 11 10 9 9 8 7 7 7 7 8 8 8 9 9 9 9 8 8 8 8 8 8 7 7 7 7 7 6 5 4 3 2 1 0 0 0 0 0 1 1 1 1 2 2 2 3 3 3 6 10 14 18 22 26 30 33 35 37 39 41 44 46 45 43 41 38 36 34 32
11 12 12 13 13 14 13 13 13 12 12 11 11 11 11 10 10 10 10 10 10 11 12 12 13 13 14 12 11 10 9 8 7 7 7 8 8 9 9 10 10 9 9 9 8 8 8 7 7 7 7 7 7 7 7 5 4 3 2 1 0 0 0 0 0 0 0 0 0 1 1 1 1 1 2 4 9 13 17 22 26 30 33 36 38 40 42 45 47 47 45 43 41 40 38 36
12 13 14 14 15 15 15 14 14 13 13 13 12 12 12 12 11 11 11 11 12 12 13 14 14 15 15 14 13 11 10 9 8 7 8 8 9 9 10 11 11 10 10 9 8 8 7 7 7 7 7 7 7 7 7 6 4 3 2 1 0 0 0 0 0 0 0 0 0 0 0 0 0 0 0 2 7 12 16 21 26 30 33 36 38 41 43 46 48 48 47 46 45 43 42 41
15 16 16 17 18 18 18 17 17 16 16 15 15 15 15 15 14 14 14 15 15 16 17 17 18 19 19 17 16 14 13 11 9 9 9 10 10 11 11 12 12 11 11 10 10 9 9 8 9 9 9 9 9 9 9 8 6 5 4 3 1 1 1 1 1 1 1 1 1 1 1 1 1 1 1 4 8 12 16 21 25 29 32 35 37 40 42 45 47 47 46 45 44 43 42 41
18 19 19 20 21 21 21 20 19 19 18 17 17 17 17 18 18 18 18 18 19 20 20 21 22 23 22 21 19 17 15 13 11 10 11 11 12 12 12 13 13 12 12 12 11 11 10 10 10 11 11 11 11 12 11 10 8 7 6 4 3 2 2 2 2 3 3 3 3 3 3 3 3 3 3 5 9 13 17 21 24 28 31 34 36 38 41 43 46 46 45 44 43 42 41 40
21 21 22 23 24 24 24 23 22 21 21 20 19 20 20 21 21 21 22 22 23 24 24 25 26 26 26 24 22 20 18 16 13 12 12 13 13 13 14 14 14 14 13 13 12 12 12 11 12 12 13 13 14 14 14 12 10 9 7 6 4 3 4 4 4 4 4 4 5 4 4 4 4 4 4 6 10 13 17 20 24 27 30 32 35 37 39 42 44 44 43 42 42 41 40 39
23 24 25 26 27 27 27 26 25 24 23 22 22 22 23 24 24 25 25 26 27 27 28 29 29 30 30 28 25 23 20 18 15 14 14 14 15 15 15 15 15 15 14 14 14 13 13 13 14 14 15 15 16 17 16 14 12 11 9 7 5 5 5 5 5 6 6 6 6 6 6 6 6 6 6 8 11 14 17 20 23 26 29 31 33 36 38 40 42 43 42 41 41 40 39 38
26 27 28 29 30 30 30 29 28 27 26 25 24 25 26 27 27 28 29 30 30 31 32 32 33 34 34 31 28 26 23 20 17 16 16 16 16 16 16 16 16 16 16 15 15 15 14 15 15 16 17 17 18 19 18 16 15 13 11 9 7 6 6 7 7 7 8 8 8 8 8 8 8 7 7 9 12 14 17 20 23 25 28 30 32 34 36 39 41 41 41 40 39 39 38 38
29 30 31 32 33 34 33 31 30 29 28 27 27 28 29 30 31 31 32 33 34 35 36 36 37 38 37 34 31 28 25 22 20 18 18 18 18 18 18 18 17 17 17 17 16 16 16 16 17 18 19 20 20 21 21 19 17 14 12 10 8 7 8 8 8 9 9 10 10 10 9 9 9 9 9 10 13 15 17 20 22 24 27 29 31 33 35 37 39 40 39 39 38 38 37 37
32 33 34 35 36 37 35 34 33 32 31 30 29 30 32 33 34 35 36 37 38 38 39 40 41 42 41 38 35 31 28 25 22 19 19 19 19 19 19 19 19 18 18 18 18 18 17 18 19 20 21 22 23 24 23 21 19 16 14 12 10 9 9 10 10 10 11 11 11 11 11 11 11 11 10 12 14 16 17 19 21 23 25 27 30 32 34 36 38 38 38 38 37 37 37 36
37 38 39 41 42 43 41 40 39 37 36 35 34 34 35 36 37 37 38 39 40 40 41 42 43 44 43 40 36 33 29 26 23 20 20 20 20 20 20 20 21 21 21 22 22 22 23 23 24 25 27 28 29 30 29 26 24 21 18 16 13 12 12 12 12 12 12 13 13 13 13 13 14 14 14 15 18 20 22 25 27 29 31 33 35 37 39 41 43 43 42 42 41 40 39 38
42 43 45 47 48 49 48 46 44 43 41 39 38 38 39 39 40 40 40 41 42 42 43 44 45 46 45 41 38 34 31 27 24 21 22 22 22 22 22 22 22 23 24 25 26 27 28 29 30 31 32 34 35 36 35 32 29 26 23 19 16 15 15 14 14 14 14 14 14 15 15 16 16 17 18 19 22 25 27 30 33 36 38 39 41 43 45 47 49 48 47 46 44 43 42 40
47 49 51 52 54 56 54 52 50 48 46 44 42 42 42 42 42 42 42 43 43 44 45 46 47 47 47 43 40 36 32 28 25 22 23 23 23 23 24 24 24 26 28 29 31 32 34 35 36 37 38 40 41 42 41 37 34 30 27 23 20 18 17 17 16 16 16 15 15 16 17 18 19 20 21 23 26 29 32 36 39 42 44 46 47 49 51 52 54 53 52 50 48 46 44 43
52 54 56 58 60 62 60 57 55 53 51 49 47 47 46 46 45 45 45 45 45 46 47 48 49 49 49 45 41 37 34 30 26 23 24 24 24 25 25 25 26 29 31 33 35 37 39 41 42 43 44 46 47 48 47 43 39 35 31 27 23 21 20 19 19 18 17 16 17 18 19 21 22 23 25 27 31 34 38 41 44 48 50 52 53 55 56 58 60 58 56 54 52 49 47 45
57 60 62 64 67 68 66 63 61 58 56 53 51 51 50 49 48 48 47 46 47 48 49 50 50 51 51 47 43 39 35 31 27 25 25 25 26 26 27 27 28 31 34 36 39 42 45 47 48 49 50 52 53 54 53 48 44 40 35 31 26 24 23 22 21 20 19 18 18 20 21 23 25 26 28 31 35 39 43 46 50 54 56 58 59 61 62 64 65 63 61 58 55 52 50 47
62 65 68 70 73 75 72 69 66 64 61 58 56 55 53 52 51 50 49 48 49 50 51 52 52 53 53 49 44 40 36 32 28 26 26 27 27 28 28 29 30 34 37 40 44 47 50 53 54 55 56 58 59 60 59 54 49 44 39 35 30 27 25 24 23 21 20 19 19 21 23 26 28 30 32 35 39 43 48 52 56 60 63 64 65 66 68 69 70 69 65 62 59 55 52 49
67 70 73 76 79 81 78 75 72 69 66 63 60 58 57 55 54 53 51 50 51 52 53 53 54 55 54 50 46 42 38 33 29 27 27 28 28 29 30 30 32 36 40 44 48 52 55 58 60 61 62 64 65 66 64 59 54 49 43 38 33 30 28 26 25 23 22 20 21 23 26 28 30 33 35 39 43 48 53 57 62 66 69 70 71 72 73 75 76 73 70 66 62 58 55 51
62 64 67 70 72 74 71 69 66 64 61 58 56 55 54 53 52 51 50 50 50 51 52 52 53 54 53 50 46 42 39 35 32 30 30 30 31 31 32 32 34 37 41 45 48 52 55 58 59 60 61 62 63 64 62 57 52 47 42 38 33 30 28 27 26 25 23 22 23 25 27 30 32 34 36 40 45 50 55 60 64 69 71 71 70 70 70 70 70 67 64 61 58 54 51 48
57 59 61 63 66 67 65 63 61 59 56 54 52 52 51 51 50 50 49 49 50 50 51 51 52 52 52 49 46 43 40 37 35 33 33 33 33 33 34 34 35 39 42 45 49 52 55 58 58 59 59 60 60 61 59 55 50 46 41 37 32 30 29 28 27 26 25 24 25 27 29 31 33 36 38 42 47 52 57 62 67 72 73 71 70 68 67 65 64 61 58 56 53 50 48 45
51 53 55 57 59 61 59 57 55 54 52 50 49 49 49 49 49 49 49 49 49 49 50 50 50 51 50 48 46 44 42 39 37 36 36 36 36 36 36 36 37 40 43 46 49 52 55 57 57 58 58 58 58 58 56 52 48 44 40 36 32 30 29 28 28 27 27 26 27 29 31 33 35 37 39 43 48 54 59 65 70 75 75 72 69 66 63 60 57 55 53 51 49 46 44 42
46 47 49 51 53 54 53 51 50 49 47 46 45 45 46 46 47 47 48 48 48 49 49 49 49 49 49 47 46 44 43 41 40 39 39 38 38 38 38 37 38 41 44 47 50 52 55 57 57 56 56 56 56 56 54 50 46 43 39 35 32 30 29 29 29 28 28 28 29 31 33 35 37 38 40 45 50 56 61 67 73 78 77 73 69 64 60 56 51 49 47 46 44 42 41 39
40 42 43 45 46 47 46 45 44 43 43 42 41 42 43 44 45 46 47 48 48 48 48 48 48 48 48 47 46 45 44 43 43 42 41 41 40 40 40 39 40 42 45 47 50 53 55 56 56 55 55 54 53 53 51 48 44 41 38 35 31 30 30 30 30 30 30 30 31 33 34 36 38 40 42 46 52 58 64 69 75 81 79 74 68 62 57 51 45 43 42 41 40 38 37 36
35 36 37 38 40 40 40 39 39 38 38 37 37 39 40 42 43 45 46 47 47 47 47 47 47 46 46 46 46 46 46 45 45 45 44 44 43 42 41 41 41 44 46 48 51 53 55 56 55 54 53 52 51 50 48 45 43 40 37 34 31 30 30 30 31 31 31 32 33 34 36 38 40 41 43 47 54 60 66 72 78 84 82 74 67 60 53 46 39 37 36 36 35 34 34 33
30 31 32 33 34 34 34 34 34 34 34 34 34 36 38 40 42 44 46 47 47 46 46 46 45 45 45 46 46 46 47 47 48 48 47 46 45 44 43 43 43 45 47 49 51 53 55 56 54 53 52 50 49 48 46 43 41 38 36 33 31 30 31 31 32 32 33 33 35 36 38 39 41 43 44 49 55 61 68 74 80 86 83 75 66 58 50 42 33 31 31 31 31 31 31 31
31 32 33 34 35 35 36 36 36 36 36 36 36 38 40 42 44 46 48 49 49 48 48 48 47 47 47 47 48 48 49 49 50 50 49 48 47 46 45 45 45 46 48 50 52 53 55 55 54 52 51 49 48 46 45 42 40 38 36 34 32 31 32 32 33 34 34 35 36 37 39 40 41 43 44 48 53 58 63 68 73 78 75 68 61 54 47 40 33 31 31 31 31 30 30 30
31 32 33 35 36 37 37 37 37 37 37 38 38 40 42 44 46 48 50 51 51 50 50 50 49 49 49 49 50 50 51 51 52 52 51 50 49 48 48 47 47 48 49 51 52 54 55 55 53 52 50 48 47 45 43 42 40 38 36 34 33 32 33 33 34 35 35 36 37 38 39 41 42 43 44 47 51 55 59 63 67 70 68 62 56 50 44 39 33 31 31 31 30 30 30 30
32 33 34 36 37 38 38 38 39 39 39 40 40 42 44 46 48 50 52 53 53 52 52 52 51 51 50 51 52 52 53 53 54 54 53 52 51 50 50 49 49 50 51 52 53 54 55 55 53 51 49 47 46 44 42 41 39 38 36 35 33 33 34 35 35 36 37 37 38 39 40 41 42 43 44 46 49 52 54 57 60 63 60 56 51 46 42 37 32 31 31 30 30 30 30 30
33 34 35 36 38 39 39 40 40 41 41 42 42 44 46 48 50 52 54 56 55 55 54 53 53 52 52 53 53 54 55 55 56 56 55 54 53 53 52 51 50 51 52 53 53 54 55 55 53 51 49 47 45 42 41 40 39 38 36 35 34 34 35 36 36 37 38 39 39 40 41 42 43 44 44 46 47 49 50 52 53 55 53 49 46 42 39 35 32 31 30 30 30 30 30 29
33 35 36 37 39 40 41 41 42 42 43 44 44 46 48 50 52 54 56 58 57 57 56 55 55 54 54 55 55 56 57 57 58 58 57 56 55 55 54 53 52 53 53 54 54 55 55 54 52 50 48 46 43 41 40 39 38 37 37 36 35 35 36 37 38 38 39 40 41 41 42 43 43 44 44 45 45 45 46 46 46 47 45 43 41 38 36 34 31 31 30 30 30 30 29 29
34 35 37 38 40 41 42 43 43 44 45 46 47 49 51 53 55 56 58 60 59 59 58 57 57 56 56 56 57 58 59 59 60 60 59 58 57 57 56 55 54 54 55 55 55 55 55 54 52 49 47 45 42 40 38 38 38 37 37 36 36 36 37 38 39 40 40 41 42 42 43 43 44 44 44 44 43 42 41 40 40 39 38 37 35 34 33 32 31 30 30 30 30 29 29 29
34 36 38 39 41 42 43 44 45 46 47 47 48 50 52 54 56 58 60 62 61 60 60 59 58 58 58 58 59 60 60 61 62 62 61 60 59 59 58 57 56 56 56 56 55 55 55 54 51 49 46 44 41 39 38 37 37 37 37 37 37 37 38 39 40 41 42 42 43 43 43 44 44 44 44 43 41 39 38 36 34 32 31 31 31 31 31 31 31 30 30 30 30 29 29 29
35 37 38 40 42 43 44 45 45 46 47 47 48 50 53 55 57 59 61 63 62 62 61 60 60 59 59 59 60 61 61 62 63 63 62 61 61 60 59 58 58 57 57 56 55 55 54 53 51 49 46 44 42 40 38 39 39 39 39 39 39 40 40 40 40 41 41 41 42 42 42 43 43 44 44 43 41 39 37 36 34 32 31 31 31 31 31 31 31 31 31 30 30 30 29 29
35 37 39 41 43 44 45 45 46 46 47 47 48 51 53 55 58 60 62 64 63 63 62 62 61 60 60 60 61 62 62 63 63 63 63 62 62 61 60 60 59 58 57 56 56 55 54 52 50 48 46 44 42 40 39 40 40 40 41 41 42 42 42 41 41 41 41 40 41 41 42 42 43 43 43 43 41 39 37 36 34 32 32 32 32 32 32 32 32 32 31 31 30 30 29 29
36 38 40 41 43 45 45 46 46 46 47 47 48 51 53 56 58 61 63 65 65 64 63 63 62 61 61 62 62 63 63 64 64 64 64 63 63 62 62 61 61 59 58 57 56 54 53 52 50 48 46 44 43 41 40 41 41 42 43 43 44 44 43 42 42 41 40 40 40 40 41 41 42 42 43 42 41 39 37 36 34 32 32 32 32 32 33 33 33 33 32 31 31 30 30 29
36 38 40 42 44 46 46 46 46 47 47 47 48 51 53 56 59 62 64 66 66 65 65 64 63 63 62 63 63 64 64 64 65 65 65 64 64 64 63 63 62 61 59 57 56 54 53 51 50 48 46 45 43 42 41 42 43 44 45 45 46 46 45 44 42 41 40 39 38 39 40 40 41 42 43 42 40 39 37 36 34 32 32 32 33 33 33 33 34 33 33 32 31 31 30 29
37 39 41 43 45 47 47 47 47 47 47 47 48 51 54 57 60 63 65 68 67 66 66 65 64 64 64 64 64 65 65 65 66 66 65 65 65 65 65 64 64 62 60 58 56 54 52 50 49 48 46 45 44 42 42 43 44 45 46 48 49 48 46 45 43 41 39 38 37 38 39 40 40 41 42 42 40 39 37 36 34 33 32 33 33 33 34 34 34 34 33 32 32 31 30 29
37 39 42 44 46 48 48 47 47 47 47 47 48 51 54 57 60 63 66 69 68 67 67 66 66 65 65 65 65 66 66 66 66 66 66 66 66 66 66 66 65 63 61 58 56 54 52 50 49 47 46 45 44 43 43 44 46 47 48 50 51 50 48 46 44 41 39 37 36 37 38 39 40 41 42 41 40 38 37 36 34 33 33 33 33 34 34 35 35 35 34 33 32 31 30 30
38 40 42 44 47 48 48 48 48 48 47 47 48 51 54 57 61 64 67 70 69 68 68 67 67 66 66 66 66 66 67 67 67 67 67 67 67 67 67 67 66 64 61 59 56 54 51 50 49 48 47 46 45 44 44 45 47 48 50 51 53 52 49 46 44 41 38 35 35 36 37 38 39 40 41 41 39 38 37 35 34 33 33 33 34 34 35 35 36 35 34 33 33 32 31 30
38 40 43 45 47 49 49 49 49 48 48 48 49 52 55 58 61 64 67 69 68 68 67 67 66 66 66 66 66 66 67 67 67 68 67 67 67 67 67 67 66 64 62 60 57 55 53 51 50 49 49 48 47 46 46 47 48 50 51 52 53 52 48 45 41 38 34 31 30 32 33 35 36 38 39 39 38 37 35 34 33 32 32 32 33 33 34 34 35 34 34 33 33 32 32 31
38 40 43 45 48 50 49 49 49 49 49 49 50 52 55 58 61 63 66 68 68 67 67 66 66 65 65 66 66 66 67 67 68 68 68 68 68 67 67 67 66 64 62 60 58 56 54 53 52 51 50 50 49 48 48 49 50 51 52 53 53 52 47 43 39 35 31 26 26 28 29 31 33 35 37 37 36 35 34 33 32 31 31 31 32 32 33 33 33 34 33 33 33 33 33 33
38 41 43 46 48 50 50 50 50 50 50 50 51 53 56 58 61 63 66 68 67 67 66 66 66 65 65 66 66 67 67 68 68 68 68 68 68 68 67 67 66 65 63 61 59 57 56 54 54 53 52 52 51 50 50 51 52 52 53 53 54 51 46 42 37 32 27 22 21 23 26 28 31 33 35 36 35 34 33 32 31 30 30 30 31 31 32 32 32 33 33 33 34 34 34 34
38 41 43 46 48 51 51 51 51 51 51 51 52 54 56 59 61 63 65 67 67 66 66 66 65 65 65 65 66 67 67 68 68 69 69 68 68 68 67 67 66 65 63 62 60 59 57 56 55 55 54 54 53 53 53 53 53 53 53 54 54 51 46 40 34 29 23 17 17 19 22 25 28 31 33 34 33 32 31 31 30 29 29 29 30 30 31 31 31 32 33 33 34 34 35 36
38 41 44 46 49 51 51 52 52 52 52 52 53 55 57 59 61 63 65 66 66 66 65 65 65 65 65 65 66 67 67 68 69 69 69 69 68 68 67 67 66 65 64 62 61 60 58 58 57 57 56 56 55 55 55 55 55 54 54 54 54 51 45 38 32 26 19 13 12 15 19 22 25 28 31 32 32 31 30 29 29 28 28 28 29 29 29 30 30 31 32 33 34 35 36 37
38 41 44 47 49 52 52 52 53 53 53 53 54 56 57 59 61 63 64 65 65 65 65 65 64 64 64 65 66 67 68 68 69 70 69 69 68 68 68 67 66 65 64 63 62 61 60 59 59 59 58 58 58 57 57 56 56 56 55 55 54 51 44 37 30 23 16 9 8 11 15 19 22 26 30 31 30 29 29 28 27 27 27 27 28 28 28 29 29 30 32 33 34 36 37 39
39 41 44 47 50 52 52 53 53 53 54 54 54 56 57 59 60 62 63 65 64 64 64 64 64 64 64 65 66 67 67 68 69 70 69 69 68 68 68 67 67 66 65 64 63 62 61 60 60 60 60 59 59 59 58 57 57 56 56 55 54 50 43 35 28 21 13 6 5 9 13 17 20 24 28 29 29 28 28 27 27 26 26 27 27 27 28 28 28 30 31 33 35 36 38 40
39 42 44 47 50 52 52 52 53 53 53 53 53 55 56 57 59 60 62 63 63 63 63 62 62 62 62 63 64 65 66 67 68 68 68 68 68 68 68 68 68 67 66 65 63 62 61 60 60 59 59 58 57 57 56 55 55 54 54 53 52 49 42 36 30 23 17 10 9 13 16 19 22 25 28 29 29 29 29 28 28 28 28 28 28 28 28 28 28 30 31 33 35 36 38 40
39 42 45 47 50 52 52 52 52 52 52 52 52 53 55 56 57 59 60 61 61 61 61 61 61 61 61 62 63 64 64 65 66 67 67 67 68 68 69 69 69 68 66 65 64 63 62 60 59 59 58 57 56 55 54 53 53 52 51 51 50 47 42 36 31 26 20 15 14 16 19 21 24 26 28 29 29 29 29 30 30 30 29 29 29 29 29 29 28 29 31 33 34 36 38 39
40 42 45 48 50 52 52 52 51 51 51 51 51 52 53 54 56 57 58 59 59 59 59 59 59 59 60 60 61 62 63 64 64 65 66 67 68 68 69 70 70 69 67 66 64 63 62 60 59 58 57 55 54 53 52 51 51 50 49 49 48 46 41 37 32 28 24 19 18 20 22 23 25 27 29 29 30 30 30 31 31 31 31 31 30 30 29 29 28 29 31 33 34 36 38 39
