pluvio/pluvio-260.asc
ncols         252
nrows         154
xllcorner     -0.5
yllcorner     -153.5
cellsize      1
NODATA_value  -9999
[rows 0 to 45 of 154, columns 0 to 95 of 252]
2 3 3 4 5 6 6 7 8 9 10 10 11 11 11 12 12 13 13 12 12 12 12 12 11 11 12 12 12 12 12 12 12 11 10 10 9 8 7 8 8 9 9 10 11 11 13 14 16 17 19 21 22 24 26 28 30 32 34 37 39 42 45 48 51 54 57 56 55 54 54 53 52 51 52 52 53 54 54 55 56 56 56 56 56 56 56 55 53 51 49 47 45 43 41 39
2 2 3 3 4 5 6 6 7 8 9 9 10 10 10 11 11 11 11 11 11 10 10 10 10 10 10 10 11 11 11 11 11 10 10 9 8 8 7 8 8 9 10 10 11 12 13 15 17 18 20 22 23 25 27 29 30 32 34 36 38 41 44 47 50 53 55 55 54 53 52 52 51 50 51 52 52 53 54 55 55 56 56 56 56 56 57 57 55 53 51 49 47 45 44 41
2 2 3 3 4 4 5 6 6 7 8 8 9 9 9 9 9 10 10 9 9 9 9 8 8 8 9 9 9 10 10 10 10 9 9 9 8 8 7 8 8 9 10 11 11 12 14 15 17 19 21 23 25 26 28 29 30 32 33 35 37 40 43 46 48 51 54 53 53 52 51 51 50 49 50 51 52 53 53 54 55 55 56 56 57 57 58 58 56 54 53 51 49 47 46 43
1 2 2 3 3 4 4 5 6 6 7 7 7 8 8 8 8 8 8 8 8 7 7 7 7 7 7 8 8 8 9 9 9 9 8 8 8 7 7 8 8 9 10 11 12 12 14 16 18 20 22 24 26 27 28 29 30 31 33 34 36 39 42 44 47 50 52 52 51 51 50 50 49 48 49 50 51 52 53 54 55 55 56 57 57 58 59 59 58 56 54 53 51 49 48 46
1 2 2 2 3 3 4 5 5 6 6 7 7 7 7 7 7 7 7 7 7 6 6 6 6 6 6 7 7 8 8 9 9 8 8 8 7 7 7 7 8 9 10 11 11 12 14 16 18 19 21 23 25 26 27 28 29 30 32 33 35 37 40 42 45 47 50 49 49 48 48 47 47 46 47 48 49 50 51 52 53 54 55 56 57 58 59 60 58 57 56 54 53 52 50 48
1 1 2 2 3 3 4 4 5 5 6 6 6 7 7 7 7 7 7 7 6 6 6 5 5 5 6 6 7 8 8 9 9 8 8 8 7 7 7 7 8 8 9 10 11 11 13 14 16 18 19 21 23 24 25 27 28 29 30 31 33 36 38 40 42 44 46 46 45 45 45 44 44 43 44 45 46 47 48 49 50 52 53 54 55 57 58 59 58 57 57 56 55 54 53 51
1 1 2 2 2 3 4 4 5 5 6 6 6 6 6 6 7 7 7 6 6 6 5 5 4 5 5 6 7 8 8 9 9 8 8 8 7 7 6 7 7 8 8 9 10 10 12 13 14 16 17 19 20 22 23 25 26 27 29 30 32 34 35 37 39 41 42 42 42 41 41 41 41 40 41 42 43 45 46 47 48 49 51 52 54 56 57 59 58 58 58 58 57 57 57 54
1 1 2 2 2 3 3 4 4 5 5 6 6 6 6 6 6 6 6 6 5 5 5 4 4 4 5 6 7 8 8 9 9 8 8 7 7 6 6 6 7 7 8 8 9 9 10 12 13 14 15 17 18 19 21 23 24 26 28 29 31 32 33 35 36 37 38 38 38 38 38 38 37 37 38 39 40 42 43 44 45 47 49 51 52 54 56 58 58 59 59 59 59 60 60 58
1 1 2 2 2 3 3 4 4 4 5 5 5 6 6 6 6 6 6 5 5 5 4 4 3 4 5 6 7 7 8 9 9 9 8 7 7 6 5 6 6 7 7 8 8 8 9 10 11 12 13 14 15 17 19 21 23 25 26 28 29 30 31 32 33 34 35 35 35 34 34 34 34 34 35 36 38 39 40 41 42 44 47 49 51 53 55 57 58 59 60 61 62 62 63 61
1 1 1 2 2 3 3 3 4 4 5 5 5 5 5 5 6 6 5 5 5 4 4 3 3 3 4 5 6 7 8 9 9 9 8 7 6 6 5 5 6 6 6 7 7 8 8 9 10 11 11 12 13 15 17 19 21 23 25 27 28 28 29 29 30 30 31 31 31 31 31 31 31 31 32 33 35 36 37 38 40 42 45 47 50 52 55 57 58 60 61 62 64 65 66 64
1 1 1 2 2 2 3 3 4 4 4 5 5 5 5 5 5 5 5 5 4 4 3 3 2 3 4 5 6 7 9 10 9 9 8 7 6 5 5 5 5 5 6 6 6 7 7 8 8 9 9 10 11 13 15 17 19 22 24 26 26 26 27 27 27 27 27 27 27 27 28 28 28 28 29 30 32 33 34 35 37 40 42 45 48 51 54 56 58 60 62 64 66 68 69 67
1 1 1 2 2 2 3 3 4 4 4 5 5 5 5 5 5 5 5 5 4 4 3 3 2 3 4 5 6 7 9 10 10 9 8 7 6 5 5 5 5 5 5 6 6 6 7 7 8 8 9 9 9 11 14 16 19 21 23 26 26 26 26 25 25 25 25 25 25 25 26 26 26 26 27 28 30 31 32 33 35 38 41 44 47 50 53 56 58 60 62 63 65 67 69 67
1 1 1 2 2 2 3 3 4 4 5 5 5 5 5 5 6 6 6 5 5 4 4 3 2 3 4 5 7 8 9 10 10 9 8 7 6 6 5 5 5 5 6 6 6 6 7 7 8 8 8 9 9 11 14 16 19 21 23 26 26 26 25 25 25 25 25 25 25 25 25 25 25 25 26 27 28 29 31 32 33 36 40 43 46 49 52 55 57 58 60 62 63 65 66 64
1 1 2 2 2 3 3 4 4 4 5 5 5 5 6 6 6 6 6 5 5 4 4 3 3 3 5 6 7 8 9 10 10 9 8 7 6 6 5 5 5 5 6 6 6 7 7 7 8 8 8 9 9 11 14 16 18 21 23 26 26 26 25 25 25 25 24 24 24 24 24 24 23 23 24 26 27 28 29 31 32 35 38 41 45 48 51 54 56 57 58 60 61 62 64 62
1 1 2 2 2 3 3 4 4 5 5 5 6 6 6 6 6 7 6 6 5 5 4 4 3 4 5 6 7 8 9 10 10 9 8 7 7 6 5 5 5 6 6 6 6 7 7 7 8 8 8 8 9 11 13 16 18 21 24 26 26 26 25 25 25 24 24 24 23 23 23 23 22 22 23 24 26 27 28 29 30 34 37 40 44 47 50 53 55 56 57 58 59 60 61 59
1 1 2 2 2 3 3 4 4 5 5 6 6 6 6 6 7 7 7 6 6 5 5 4 4 4 5 6 7 8 9 10 10 9 8 8 7 6 5 5 5 6 6 6 7 7 7 7 8 8 8 8 8 11 13 16 18 21 24 26 26 26 25 25 24 24 23 23 23 22 22 22 21 21 22 23 24 25 26 28 29 32 36 39 43 46 49 53 53 54 55 56 57 58 58 57
1 1 2 2 3 3 4 4 5 5 6 6 6 6 7 7 7 7 7 7 6 5 5 4 4 4 5 7 8 9 10 11 10 9 9 8 7 6 5 5 5 6 6 6 7 7 7 7 8 8 8 8 8 10 13 16 18 21 24 26 26 26 25 25 24 23 23 22 22 21 21 21 20 20 21 22 23 24 25 26 27 31 34 38 41 45 49 52 52 53 54 54 55 55 56 54
1 2 2 2 3 3 4 4 5 5 6 6 7 7 7 7 7 8 7 7 6 6 5 5 4 5 6 7 8 9 10 11 10 10 9 8 7 6 5 5 6 6 6 7 7 7 7 7 8 8 8 8 8 10 13 16 18 21 24 27 26 26 25 24 24 23 22 22 21 21 20 19 19 18 19 20 21 23 24 25 26 29 33 37 40 44 48 51 51 52 52 52 53 53 53 52
1 2 2 2 3 3 4 4 5 6 6 7 7 7 7 8 8 8 8 7 7 6 6 5 5 5 6 7 8 9 10 11 11 10 9 8 7 7 6 6 6 6 7 7 7 7 8 8 8 8 8 9 9 11 14 16 19 22 24 27 27 26 25 25 24 23 23 22 21 21 20 19 19 18 19 20 21 22 23 24 25 29 33 36 40 44 47 51 51 51 51 52 52 52 52 51
1 2 2 2 3 3 4 5 5 6 7 7 7 8 8 8 8 8 8 8 7 7 7 6 6 6 7 8 9 10 11 12 12 11 10 9 8 7 6 6 7 7 7 7 8 8 8 9 9 10 10 10 11 13 15 18 20 23 25 28 27 27 26 25 25 24 24 23 22 21 21 20 19 18 19 20 21 22 23 24 25 29 33 36 40 44 48 51 51 52 52 52 52 52 52 51
1 1 2 2 3 3 4 5 6 6 7 8 8 8 8 8 9 9 9 8 8 8 7 7 6 7 8 9 10 11 12 13 13 12 11 10 9 8 7 7 7 7 8 8 8 8 9 9 10 11 11 12 13 15 17 19 21 24 26 28 28 27 27 26 26 25 24 24 23 22 21 20 20 19 20 20 21 22 23 24 25 29 33 36 40 44 48 52 52 52 52 52 52 52 52 51
1 1 2 2 3 3 4 5 6 7 8 8 8 8 9 9 9 9 9 9 8 8 8 8 7 8 9 10 11 12 13 14 13 12 12 11 10 9 8 8 8 8 8 8 8 8 9 10 11 12 13 14 15 17 19 21 23 25 27 29 28 28 27 27 26 26 25 24 23 23 22 21 20 19 20 21 21 22 23 24 25 29 33 37 40 44 48 52 52 52 52 52 52 52 52 51
1 1 2 2 2 3 4 5 6 7 8 8 9 9 9 9 9 10 10 9 9 9 8 8 8 9 10 11 12 13 14 15 14 13 12 11 11 10 9 9 9 9 9 9 9 9 10 11 12 13 14 16 17 19 20 22 24 26 27 29 29 28 28 27 27 26 26 25 24 23 22 21 20 19 20 21 22 22 23 24 25 29 33 37 41 45 48 52 52 52 52 52 52 52 52 52
1 1 2 2 2 3 4 5 6 7 8 9 9 9 9 10 10 10 10 10 10 9 9 9 9 9 10 11 12 13 14 15 15 14 13 12 11 10 10 9 9 9 9 9 9 9 10 12 13 14 16 17 19 20 22 24 25 27 28 30 29 29 29 28 28 27 27 26 25 24 23 22 21 20 20 21 22 22 23 24 25 29 33 37 41 45 49 52 52 52 52 52 52 52 52 52
1 1 1 2 2 3 4 6 7 8 9 9 10 10 10 10 10 10 10 10 10 10 10 10 9 10 11 12 13 14 15 16 16 15 14 13 12 11 10 10 10 10 10 9 9 9 11 12 14 16 17 19 21 22 24 25 26 28 29 30 30 30 29 29 28 28 28 27 25 24 23 22 21 20 21 21 22 23 23 24 25 29 33 37 41 45 49 53 53 53 53 52 52 52 52 52
1 1 1 2 2 3 4 5 7 8 9 9 9 10 10 10 10 10 10 10 10 10 10 10 10 10 11 12 13 14 15 16 16 15 14 14 13 12 11 11 11 11 10 10 10 10 12 13 15 17 18 20 22 23 24 25 27 28 29 30 30 29 29 28 28 27 26 26 25 24 23 22 21 20 21 22 22 23 24 25 26 30 34 38 41 45 49 53 53 53 52 52 52 52 52 52
1 1 1 2 2 3 4 5 6 7 8 9 9 9 10 10 10 10 10 10 10 10 10 10 9 10 11 12 13 14 16 17 16 16 15 14 13 12 12 11 12 12 12 12 12 12 13 15 16 18 19 21 22 23 24 26 27 28 29 30 29 28 28 27 26 25 24 24 23 22 21 21 20 19 21 22 23 25 26 27 28 32 35 39 42 46 49 53 52 52 52 52 52 51 51 51
1 1 1 1 2 3 4 5 6 7 8 8 9 9 9 10 10 10 10 10 10 10 10 9 9 10 11 12 13 14 16 17 17 16 15 14 14 13 12 12 12 13 13 13 13 13 14 16 17 18 20 21 22 24 25 26 27 28 29 30 29 28 27 25 24 23 22 22 21 21 20 20 19 19 21 22 24 26 27 29 31 34 37 40 43 46 49 52 52 52 52 51 51 51 51 51
1 1 1 1 2 3 4 5 6 7 8 8 8 9 9 9 10 10 10 10 10 10 9 9 9 10 11 12 13 14 16 17 17 16 15 15 14 14 13 13 13 14 14 14 14 15 16 17 18 19 20 22 23 24 25 26 27 27 28 29 28 27 25 24 23 21 20 20 19 19 19 19 19 19 21 23 25 27 29 31 33 36 39 41 44 47 50 52 52 52 51 51 51 50 50 50
1 1 1 1 2 3 4 4 5 6 7 8 8 8 9 9 9 10 10 10 10 9 9 9 9 10 11 12 13 15 16 17 17 16 16 15 15 14 14 14 14 15 15 15 16 16 17 18 19 20 21 22 23 24 25 26 27 27 28 29 28 26 24 23 21 19 18 18 18 18 18 18 18 18 21 23 25 28 30 33 35 38 40 43 45 47 50 52 52 51 51 51 50 50 50 50
1 1 1 1 2 2 3 4 5 6 7 7 8 8 8 9 9 10 10 10 9 9 9 9 9 10 11 12 13 15 16 17 17 17 16 16 15 15 14 15 15 16 16 17 17 18 19 19 20 21 22 23 24 24 25 26 26 27 28 29 27 25 23 21 19 17 15 16 16 16 17 17 17 18 20 23 26 29 32 35 38 40 42 44 46 48 50 52 51 51 51 50 50 49 49 49
1 1 1 1 1 2 3 4 5 6 6 7 7 8 8 9 9 9 10 9 9 9 9 9 9 10 11 12 13 15 16 17 17 17 16 16 16 15 15 15 16 17 17 18 19 19 20 21 21 22 23 23 24 25 25 26 26 27 28 28 27 24 22 20 18 15 13 14 14 15 15 16 17 17 20 24 27 30 34 37 40 42 43 45 47 48 50 52 51 51 50 50 49 49 49 49
1 1 1 1 1 2 3 4 5 5 6 7 7 8 8 8 9 9 9 9 9 9 9 9 9 9 11 12 13 15 16 18 18 17 17 17 17 17 16 17 18 18 19 20 20 21 22 23 23 24 25 26 26 27 27 28 28 28 29 29 27 25 23 21 19 17 15 15 16 17 17 18 19 19 22 25 29 32 35 38 41 43 44 46 47 49 50 52 51 51 51 51 50 50 50 50
1 1 1 1 1 2 3 4 4 5 6 7 7 7 8 8 9 9 9 9 9 9 9 9 9 9 11 12 14 15 17 18 18 18 18 18 18 18 18 18 19 20 21 22 23 23 24 25 26 27 28 29 30 30 30 30 30 30 30 30 29 27 25 24 22 20 19 19 19 20 21 21 22 22 25 28 30 33 36 39 41 43 44 46 47 49 50 52 52 52 52 52 52 52 52 53
1 1 1 1 1 2 3 4 4 5 6 6 7 7 8 8 9 9 9 9 9 9 9 9 9 9 11 13 14 16 17 19 19 19 19 19 19 19 19 20 21 22 23 24 25 25 27 28 29 30 31 32 33 33 33 33 32 32 32 31 30 29 27 26 25 23 22 22 23 23 24 24 25 25 28 30 32 35 37 39 41 43 44 46 47 49 50 52 52 53 53 54 54 54 55 55
1 1 1 1 1 2 3 3 4 5 6 6 7 7 8 8 9 9 9 9 9 9 9 9 8 9 11 13 14 16 18 19 20 20 20 20 21 21 21 22 23 24 25 26 27 28 29 30 32 33 34 36 37 37 36 35 35 34 33 33 32 31 30 28 27 26 25 26 26 27 27 28 28 28 30 32 34 36 38 40 42 43 45 46 47 49 50 52 53 53 54 55 56 57 57 57
1 1 1 1 1 2 3 3 4 5 5 6 7 7 8 8 9 9 9 9 9 9 9 9 8 10 11 13 15 16 18 20 20 21 21 21 22 22 22 23 24 25 27 28 29 30 31 33 34 36 37 39 40 40 39 38 37 36 35 34 33 32 32 31 30 30 29 29 30 30 30 31 31 31 33 34 36 37 39 40 42 43 45 46 48 49 50 52 53 54 55 56 58 59 60 60
1 1 1 1 1 2 3 3 4 4 5 6 6 7 8 8 9 9 9 9 9 9 9 9 8 10 11 13 15 17 18 20 21 22 22 23 23 24 24 25 26 27 28 30 31 32 33 35 37 39 40 42 44 43 42 40 39 38 36 35 34 34 34 33 33 33 32 33 33 33 34 34 34 35 36 37 38 39 40 41 42 44 45 46 48 49 50 52 53 55 56 58 59 61 62 62
1 1 1 1 1 2 2 3 4 4 5 6 6 7 7 8 9 9 9 9 9 9 9 9 8 10 11 13 15 17 19 21 22 22 23 24 24 25 26 27 28 29 30 32 33 34 36 38 40 42 44 46 47 46 45 43 41 39 38 36 36 36 36 36 36 36 36 36 36 37 37 37 37 38 38 39 40 40 41 42 42 44 45 46 48 49 51 52 54 56 57 59 61 63 65 64
2 2 1 1 1 2 3 3 4 4 5 5 6 7 7 8 9 9 9 9 9 9 9 9 8 10 12 14 16 18 20 22 23 24 24 25 25 26 27 28 29 30 31 33 34 35 37 39 41 43 45 47 49 48 46 44 42 41 39 37 37 37 37 38 38 38 38 38 38 39 39 39 39 39 40 41 41 42 42 43 43 45 47 49 51 53 55 57 59 60 62 64 66 68 69 69
2 2 2 2 2 2 3 3 4 4 5 5 6 7 7 8 8 9 9 9 9 9 9 9 9 10 12 15 17 19 21 23 24 25 26 26 27 27 28 29 30 31 32 33 34 36 37 39 41 43 45 47 49 48 47 45 43 42 40 39 39 39 39 39 39 39 39 40 40 40 40 40 41 41 41 42 42 43 43 44 44 47 50 53 55 58 61 64 65 67 68 70 72 73 74 74
3 3 2 2 2 2 3 3 4 4 5 5 6 6 7 7 8 8 9 9 9 9 9 9 9 11 13 15 18 20 23 25 26 26 27 27 28 28 29 29 31 32 33 34 35 36 38 40 42 44 46 48 50 49 47 46 44 43 42 40 40 40 40 41 41 41 41 41 41 42 42 42 42 42 43 43 44 44 45 45 46 49 53 56 60 63 67 70 72 73 74 76 77 79 80 79
4 3 3 2 2 3 3 3 4 4 5 5 6 6 7 7 8 8 8 8 9 9 9 9 9 11 13 16 19 21 24 26 27 28 28 28 29 29 29 30 31 33 34 35 36 37 39 41 42 44 46 48 50 49 48 47 45 44 43 41 41 42 42 42 42 42 43 43 43 43 43 43 43 43 44 44 45 45 46 46 47 51 55 60 64 69 73 77 78 79 81 82 83 84 85 84
4 4 3 2 2 3 3 4 4 4 5 5 6 6 6 7 7 8 8 8 8 9 9 9 9 11 14 17 20 22 25 28 29 29 29 30 30 30 30 31 32 33 34 35 37 38 39 41 43 45 47 49 51 50 49 48 46 45 44 43 43 43 43 44 44 44 44 44 44 44 45 45 45 45 45 46 46 47 47 47 48 53 58 63 69 74 79 84 85 86 87 88 89 89 90 89
5 4 3 3 3 3 3 4 4 4 5 5 6 6 6 7 7 7 8 8 8 9 9 9 10 12 15 18 21 23 26 29 30 31 31 31 31 31 31 32 33 34 35 36 37 38 40 42 44 45 47 49 51 51 49 48 47 46 45 44 44 45 45 45 45 46 46 46 46 46 46 46 46 46 47 47 47 48 48 49 49 55 61 67 73 79 85 90 91 92 93 93 94 95 95 94
5 5 4 3 3 3 4 4 4 4 5 5 5 6 6 6 7 7 7 8 8 9 9 9 10 12 15 18 21 25 28 31 32 32 32 32 32 32 32 33 34 35 36 37 38 39 41 42 44 46 48 50 52 51 50 49 48 48 47 46 46 46 46 47 47 47 47 47 47 47 47 47 47 47 48 48 49 49 49 50 50 57 64 71 77 84 91 97 98 98 99 99 100 100 101 99
