pluvio/pluvio-284.asc
ncols         252
nrows         154
xllcorner     -0.5
yllcorner     -153.5
cellsize      1
NODATA_value  -9999
[rows 0 to 45 of 154, columns 0 to 95 of 252]
8 8 9 9 9 10 10 10 10 11 11 12 12 13 14 15 16 16 18 19 21 22 24 25 26 28 30 32 34 36 38 40 41 40 40 40 40 40 40 39 38 36 35 34 32 31 32 34 36 38 39 41 43 45 47 49 51 53 55 57 57 58 59 60 61 62 62 63 63 63 64 64 65 65 64 64 63 62 62 61 61 63 65 67 69 71 73 74 74 74 74 73 73 73 73 72
8 9 9 9 10 10 11 11 11 12 12 13 14 14 15 16 17 18 19 20 22 23 25 26 28 30 32 34 35 37 39 41 42 42 42 42 41 41 41 40 39 37 36 35 33 32 33 35 36 38 40 41 43 46 48 51 54 57 59 62 63 63 64 64 65 65 66 66 66 66 67 67 67 67 67 66 65 65 64 64 63 65 68 70 72 74 77 79 78 78 77 77 76 76 75 75
9 9 9 10 10 11 11 12 12 13 14 14 15 16 17 17 18 19 20 22 23 25 26 28 29 31 33 35 37 39 40 42 43 43 43 43 43 43 43 42 40 39 37 36 34 33 34 35 37 38 40 42 43 47 50 54 57 61 64 68 68 68 68 69 69 69 69 69 69 69 69 70 70 70 69 69 68 67 67 66 65 68 70 73 76 78 81 83 82 82 81 80 80 79 78 78
9 9 10 10 10 11 12 13 13 14 15 16 16 17 18 18 19 20 21 23 24 26 28 29 31 33 35 36 38 40 42 43 44 44 44 44 44 44 44 43 41 40 38 37 35 33 34 36 37 39 40 42 43 47 52 56 60 65 69 73 74 73 73 73 73 72 72 72 72 72 72 72 72 72 72 71 70 70 69 68 68 70 73 76 79 82 85 87 86 86 85 84 83 82 81 81
10 10 10 10 11 12 13 13 14 15 16 17 17 18 19 19 20 21 22 24 26 28 29 31 33 35 37 39 40 42 44 46 47 47 47 47 47 47 47 46 44 43 41 40 39 37 38 39 41 42 44 45 47 51 55 60 65 69 74 78 78 78 77 77 76 75 75 74 74 74 74 74 74 74 73 72 72 71 70 69 69 72 75 78 81 84 87 90 89 88 87 86 85 84 83 83
11 11 11 11 12 13 13 14 15 16 17 17 18 19 19 20 21 21 23 25 27 29 31 33 35 37 40 42 44 46 48 50 51 51 51 51 51 51 51 50 49 48 47 46 45 44 44 46 47 49 50 51 53 57 61 65 70 74 79 83 83 82 81 80 79 78 77 76 76 76 75 75 74 74 73 72 72 71 70 70 69 72 75 79 82 85 89 92 91 90 88 87 86 85 84 84
12 12 12 12 13 13 14 15 16 17 17 18 19 19 20 21 21 22 24 26 28 31 33 35 38 40 42 45 47 50 52 55 55 55 55 55 55 55 55 54 53 53 52 51 51 50 51 52 53 55 56 57 59 62 67 71 75 79 83 87 87 85 84 83 82 80 79 78 78 77 76 76 75 74 74 73 72 71 70 70 69 73 76 80 83 87 90 93 92 91 90 89 87 86 85 85
13 13 13 13 13 14 15 16 17 17 18 19 19 20 21 21 22 23 25 27 30 32 35 37 40 42 45 48 51 53 56 59 59 59 59 59 59 59 59 58 58 58 57 57 57 56 57 59 60 61 62 63 65 68 72 76 80 84 88 92 91 89 88 86 84 83 81 80 79 78 77 76 75 75 74 73 72 71 71 70 69 73 77 80 84 88 91 95 94 92 91 90 89 87 86 86
14 14 14 14 14 15 16 17 17 18 19 19 20 21 21 22 23 23 25 28 31 34 37 39 42 45 48 51 54 57 60 63 64 63 63 63 63 63 62 62 62 63 63 63 63 63 64 65 66 67 68 69 71 74 78 81 85 89 93 96 95 93 91 89 87 85 83 82 81 80 78 77 76 75 74 73 72 72 71 70 69 73 77 81 85 89 93 96 95 94 92 91 90 88 87 87
15 15 15 15 15 16 17 17 18 19 20 20 21 22 22 23 24 24 26 29 32 35 38 41 44 48 51 54 57 61 64 67 68 68 67 67 67 67 66 67 67 67 68 68 69 69 70 71 72 73 74 76 77 80 83 87 90 94 97 101 99 97 95 92 90 88 86 84 83 81 80 78 77 75 74 73 73 72 71 70 70 74 78 82 86 90 94 98 97 95 94 92 91 89 88 88
16 16 16 16 16 17 17 18 19 20 20 21 22 22 23 24 24 25 27 30 34 37 40 43 47 50 54 57 61 64 68 71 72 72 71 71 71 70 70 71 71 72 73 74 75 76 77 78 79 80 81 82 83 86 89 92 95 99 102 105 103 101 98 96 93 90 88 86 84 82 81 79 77 75 75 74 73 72 71 70 70 74 78 83 87 91 96 100 98 97 95 94 92 91 89 89
18 18 18 17 18 18 19 20 20 21 22 22 23 24 25 25 26 27 29 32 36 39 42 46 49 53 57 60 64 68 72 75 76 76 76 75 75 75 74 75 76 77 78 79 80 81 82 83 84 85 86 87 88 91 94 97 100 103 106 109 106 104 101 98 95 93 90 88 86 84 82 80 78 76 75 74 73 72 71 70 70 74 78 83 87 91 96 100 99 97 96 95 93 92 91 91
21 20 20 20 20 21 21 22 23 23 24 24 25 26 27 28 29 30 32 35 39 42 45 48 52 55 59 63 68 72 76 80 81 80 80 80 80 79 79 80 81 82 83 84 85 86 87 88 89 90 91 93 94 96 98 101 103 106 108 111 109 106 103 100 98 95 92 90 88 86 84 82 80 77 76 75 74 73 72 71 70 74 78 82 87 91 95 99 98 97 97 96 95 94 93 93
23 23 23 23 23 23 24 24 25 25 26 26 27 29 30 31 32 33 35 38 42 45 48 51 54 58 62 67 71 75 80 84 85 85 85 84 84 84 84 85 86 87 88 89 90 91 92 93 95 96 97 98 99 101 103 105 107 109 111 113 111 108 105 103 100 97 94 92 90 88 85 83 81 79 77 76 75 73 72 71 69 74 78 82 86 90 94 98 98 98 97 97 96 96 96 96
26 26 26 26 26 26 26 27 27 27 28 28 30 31 32 33 35 36 38 41 44 47 51 54 57 61 65 70 74 79 83 88 89 89 89 89 89 89 89 90 91 92 93 94 95 96 97 99 100 101 102 103 104 106 107 109 111 112 114 116 113 111 108 105 102 99 96 94 92 89 87 85 82 80 78 77 75 74 72 71 69 73 77 82 86 90 94 98 98 98 98 98 98 98 98 98
28 28 28 28 28 29 29 29 29 29 30 30 32 33 35 36 37 39 41 44 47 50 53 56 59 63 68 73 78 83 87 92 94 94 94 94 94 93 93 94 95 97 98 99 100 101 102 104 105 106 107 108 110 111 112 113 114 116 117 118 116 113 110 107 104 101 98 96 93 91 89 86 84 81 79 78 76 74 73 71 69 73 77 81 85 89 93 97 97 98 98 99 99 100 100 101
31 31 31 31 31 31 31 31 31 31 31 32 34 36 37 39 40 42 44 47 50 53 56 59 62 66 71 76 81 86 91 96 98 98 98 98 98 98 98 99 100 101 103 104 105 106 107 109 110 111 112 114 115 116 117 117 118 119 120 121 118 115 112 109 106 103 100 98 95 93 90 88 85 83 81 79 77 75 73 71 69 73 77 81 85 88 92 96 97 98 99 100 101 102 103 104
33 33 33 34 34 34 34 34 33 33 33 34 36 38 40 41 43 45 47 50 53 56 59 62 64 69 74 79 85 90 95 101 102 102 102 103 103 103 103 104 105 106 108 109 110 111 112 114 115 116 118 119 120 121 121 121 122 122 123 123 120 117 114 111 108 105 102 100 97 94 92 89 86 84 82 79 77 75 73 71 69 73 77 80 84 88 92 95 97 98 100 101 102 104 105 106
36 36 36 36 36 36 36 36 36 35 35 36 38 39 41 43 44 46 48 52 55 58 62 65 68 73 77 82 87 92 97 101 103 104 104 104 105 105 106 107 108 110 111 113 114 116 117 118 120 121 122 124 125 126 126 126 126 127 127 127 124 121 118 114 111 108 104 102 99 96 93 91 88 85 83 81 78 76 74 72 70 74 78 82 86 90 94 98 100 101 103 105 106 108 110 111
38 38 38 37 37 37 37 37 37 37 37 38 39 40 42 43 44 45 48 52 56 60 65 69 73 77 81 85 89 92 96 100 102 103 104 105 105 106 107 109 110 112 114 116 118 119 121 122 124 125 127 128 130 130 131 131 132 132 132 133 130 126 122 118 114 110 106 104 101 98 95 92 90 87 84 82 80 78 75 73 71 76 80 85 90 94 99 104 105 107 109 110 112 113 115 117
41 40 40 39 39 39 39 39 39 39 39 40 41 41 42 43 44 44 48 53 58 63 68 72 77 81 84 87 90 93 96 99 101 102 103 105 106 107 109 110 113 115 117 119 121 123 125 127 128 130 131 133 134 135 136 136 137 137 138 139 135 130 126 121 117 113 108 105 102 100 97 94 91 88 86 84 81 79 77 74 72 78 83 88 93 99 104 109 111 112 114 116 117 119 121 123
43 42 42 41 41 41 41 41 41 41 42 42 42 42 43 43 43 44 47 53 59 65 70 76 82 85 87 89 92 94 96 98 100 101 103 105 106 108 110 112 115 117 120 122 125 127 129 131 132 134 136 137 139 140 140 141 142 143 143 144 140 135 130 125 120 115 110 107 104 101 98 96 93 90 87 85 83 80 78 76 74 79 85 91 97 103 109 114 116 118 119 121 123 124 126 129
46 45 44 43 42 43 43 43 43 43 44 44 44 43 43 43 43 43 47 54 60 67 73 80 87 90 91 92 93 94 95 97 98 101 103 105 107 109 111 114 117 120 123 126 128 131 133 135 137 138 140 142 143 144 145 146 147 148 149 150 145 140 134 129 123 118 112 109 106 103 100 97 94 91 89 87 84 82 79 77 75 81 88 94 101 107 113 119 121 123 125 126 128 130 132 136
48 47 46 44 44 44 45 45 45 45 46 45 45 45 44 44 43 43 47 54 62 69 76 84 91 94 94 94 95 95 95 95 97 100 102 105 108 110 113 116 119 122 126 129 132 135 137 139 141 143 144 146 148 149 150 151 152 153 154 155 150 144 138 132 126 120 114 111 108 105 102 99 96 93 90 88 86 83 81 78 76 83 90 97 104 111 118 125 126 128 130 132 134 135 137 142
51 49 48 46 46 46 46 47 47 47 48 47 46 46 45 44 43 42 47 55 63 71 79 88 96 98 97 97 96 95 95 94 96 99 102 105 108 111 114 118 121 125 128 132 136 139 141 143 145 147 149 151 152 154 155 156 157 159 160 161 155 149 142 136 129 123 116 113 110 107 104 100 97 94 92 89 87 85 82 80 78 85 93 100 108 115 123 130 132 134 135 137 139 141 143 148
53 51 50 48 48 48 48 48 49 49 49 49 48 47 46 45 44 43 47 55 63 71 78 86 94 96 96 96 95 95 94 94 96 99 102 105 108 111 114 117 121 124 128 131 135 138 140 142 144 146 148 150 152 153 154 154 155 156 157 158 153 146 140 134 128 121 115 112 109 106 103 100 97 94 91 89 87 85 82 80 78 85 92 99 106 113 120 126 128 130 131 133 134 136 138 143
55 53 52 51 50 50 50 50 50 50 50 49 49 48 47 46 45 44 48 55 62 69 76 82 89 92 92 93 93 94 94 94 96 99 102 105 108 110 113 116 119 122 125 128 131 134 136 138 140 142 144 146 148 149 149 149 150 150 150 151 146 140 135 129 124 118 113 110 107 104 101 98 95 92 90 88 86 84 81 79 77 83 89 95 101 107 113 118 120 121 122 124 125 126 128 132
56 55 54 53 53 53 52 52 52 51 51 50 50 49 48 47 47 46 49 55 61 67 73 78 84 87 88 90 91 92 94 95 97 100 102 105 107 110 112 115 117 120 122 125 128 130 132 134 136 139 141 143 145 145 145 144 144 144 144 143 139 134 129 125 120 115 110 107 105 102 99 96 94 91 89 87 85 83 81 79 77 82 87 91 96 101 106 110 111 112 113 114 115 116 117 121
58 58 57 56 55 55 54 54 53 53 52 51 51 50 49 49 48 47 50 55 60 65 70 75 79 82 85 87 89 91 93 95 98 100 102 104 107 109 111 113 116 118 120 122 124 126 129 131 133 135 137 139 141 141 140 139 138 138 137 136 132 128 124 120 116 112 108 105 102 100 97 94 92 89 87 86 84 82 80 78 77 80 84 88 92 95 99 102 103 104 104 105 106 106 107 110
60 60 59 58 58 57 56 55 55 54 53 52 52 51 51 50 49 49 51 55 59 63 67 71 75 78 81 84 87 90 93 96 98 100 102 104 106 108 110 112 114 116 117 119 121 123 125 127 129 131 133 135 138 137 135 134 133 131 130 129 126 122 119 115 112 109 105 103 100 98 95 93 90 88 86 84 83 81 79 78 76 79 81 84 87 89 92 94 95 95 95 96 96 96 97 99
62 62 61 61 60 59 58 57 56 55 54 53 53 52 52 51 51 50 52 55 58 61 64 67 70 73 77 81 85 89 92 96 99 100 102 104 106 108 109 111 112 113 115 116 117 119 121 123 125 127 130 132 134 133 131 129 127 125 123 121 119 116 114 111 108 106 103 100 98 96 93 91 89 86 85 83 82 80 79 77 76 77 79 80 82 83 85 86 86 86 86 86 86 86 87 88
64 64 64 63 63 61 60 59 58 56 55 54 54 53 53 53 52 52 53 55 57 59 61 63 65 69 73 78 83 87 92 97 99 101 102 104 105 107 108 109 110 111 112 113 114 115 117 119 121 124 126 128 131 129 126 124 121 119 117 114 112 110 108 106 104 102 100 98 96 94 91 89 87 85 83 82 81 79 78 77 76 76 76 77 77 78 78 78 78 78 77 77 77 76 76 77
67 67 67 66 65 64 63 61 60 58 57 56 55 55 54 54 53 52 53 55 56 58 59 61 63 66 72 77 82 87 92 97 99 101 102 104 105 107 108 109 110 110 111 112 113 113 115 117 119 121 124 126 128 126 124 121 119 116 114 112 110 108 107 105 103 102 100 98 96 94 92 90 88 86 85 84 82 81 80 78 77 77 77 77 76 76 76 76 76 75 75 75 74 74 74 74
71 70 70 70 69 67 65 64 62 61 59 58 57 56 55 55 54 53 53 55 56 58 59 60 62 65 71 76 81 86 92 97 99 101 102 104 105 106 108 109 109 110 111 111 112 113 114 116 118 120 122 123 125 124 122 120 118 115 113 111 110 108 107 105 104 102 101 99 97 96 94 92 91 89 88 86 85 84 82 81 80 79 79 78 77 77 76 76 76 75 75 75 75 75 75 75
74 74 73 73 72 70 68 67 65 63 61 60 59 58 57 56 55 53 54 55 56 57 58 59 61 65 70 75 81 86 92 97 100 101 102 104 105 106 108 109 109 110 110 111 111 112 113 115 116 118 120 121 123 121 120 118 116 114 113 111 110 108 107 105 104 103 101 100 99 97 96 95 93 92 91 89 88 86 85 84 82 81 80 79 78 78 77 76 76 76 76 76 76 75 76 76
78 77 77 76 75 73 71 69 67 66 64 62 61 59 58 57 55 54 54 55 56 57 58 59 60 64 69 75 80 86 91 97 100 101 102 104 105 106 108 108 109 109 110 110 111 111 112 114 115 116 117 119 120 119 118 116 115 113 112 111 109 108 107 106 104 103 102 101 100 99 98 97 96 95 94 92 91 89 88 86 85 83 82 81 79 78 77 76 76 76 76 76 76 76 76 77
82 81 80 79 78 76 74 72 70 68 66 64 63 61 59 58 56 54 54 55 56 56 57 58 59 63 68 74 80 86 91 97 100 101 102 104 105 106 108 108 109 109 109 110 110 110 111 112 113 114 115 117 118 117 116 115 114 112 111 110 109 108 107 106 105 104 103 102 101 101 100 99 99 98 96 95 93 92 90 89 87 85 84 82 80 79 77 75 76 76 76 76 77 77 77 78
85 84 83 82 81 79 77 74 72 70 68 66 64 62 61 59 57 55 54 55 56 56 57 57 58 62 68 73 79 85 91 97 100 101 102 104 105 106 107 108 108 109 109 109 109 110 110 111 112 113 113 114 115 114 114 113 112 112 111 110 109 108 107 106 105 104 103 103 102 102 102 102 101 101 99 98 96 94 93 91 90 88 86 83 81 79 77 75 76 76 76 77 77 78 78 79
89 88 87 85 84 82 79 77 75 73 70 68 66 64 62 60 58 55 55 55 55 56 56 56 57 61 67 73 79 85 91 97 100 101 102 104 105 106 107 108 108 108 108 109 109 109 110 110 110 111 111 112 112 112 112 111 111 111 110 110 109 108 107 106 105 105 104 104 104 104 104 104 104 104 102 101 99 97 95 94 92 90 87 85 82 80 78 75 76 76 77 77 78 78 79 80
89 88 88 87 85 83 81 79 77 75 73 71 68 66 64 62 59 57 56 56 57 57 57 57 57 61 67 73 79 86 92 98 100 102 103 104 106 107 108 109 109 109 109 109 110 110 110 110 111 111 111 111 112 111 111 111 110 110 110 109 109 108 108 107 106 106 105 105 105 105 105 106 106 106 104 102 101 99 97 95 94 91 88 86 83 81 78 76 76 77 77 78 78 79 80 81
89 88 88 87 86 84 83 81 79 77 75 73 71 69 66 64 61 59 58 58 58 58 58 58 58 62 68 74 80 87 93 99 101 103 104 105 106 108 109 109 110 110 110 111 111 111 111 111 111 111 111 111 111 111 111 110 110 110 109 109 109 108 108 108 107 107 107 107 107 107 107 107 107 107 106 104 102 100 99 97 95 92 90 87 84 82 79 76 77 77 78 78 79 80 80 82
88 88 88 88 87 85 84 82 81 79 78 76 73 71 69 66 64 61 60 60 60 60 59 59 59 63 69 75 81 88 94 100 102 104 105 106 107 109 110 110 111 111 111 112 112 112 112 112 112 112 112 111 111 111 111 110 110 109 109 109 109 108 108 108 108 108 108 108 109 109 109 109 109 109 107 105 104 102 100 98 96 93 91 88 85 82 80 77 78 78 79 79 80 80 81 83
88 88 88 88 88 87 85 84 83 82 80 78 76 73 71 68 66 63 62 62 61 61 61 61 60 64 70 76 82 89 95 101 103 105 106 107 108 110 111 111 112 112 112 113 113 114 113 113 113 112 112 112 111 111 110 110 109 109 109 108 108 109 109 109 109 110 110 110 110 110 110 111 111 111 109 107 105 103 101 99 97 95 92 89 86 83 80 78 78 79 79 80 80 81 81 84
87 88 88 89 89 88 87 86 85 84 83 81 78 76 73 71 68 65 64 64 63 63 62 62 61 65 71 77 83 90 96 102 104 106 107 108 109 110 112 112 113 113 114 114 114 115 115 114 113 113 112 112 111 110 110 110 109 109 108 108 108 109 109 110 110 111 112 112 112 112 112 112 112 112 111 109 107 105 103 101 99 96 93 90 87 84 81 79 79 79 80 80 81 81 82 85
87 88 89 90 90 89 88 88 87 86 85 84 81 78 75 73 70 67 66 65 65 64 64 63 62 66 72 78 84 90 97 103 105 106 108 109 110 111 113 113 114 114 115 115 116 116 116 115 114 113 112 112 111 110 110 109 109 108 108 107 108 109 110 111 111 112 113 113 113 114 114 114 114 114 112 110 108 106 104 102 100 97 94 91 88 85 82 79 80 80 81 81 81 82 83 86
86 87 89 90 91 90 90 89 89 88 88 86 83 81 78 75 72 69 68 67 66 66 65 64 63 67 73 79 85 91 98 104 106 107 109 110 111 112 113 114 115 115 116 116 117 117 117 116 115 114 113 112 111 110 110 109 109 108 108 107 108 109 110 111 112 114 115 115 115 115 115 116 116 116 114 112 110 107 105 103 101 98 95 92 89 86 83 80 80 81 81 82 82 82 83 87
