pluvio/pluvio-345.asc
ncols         252
nrows         154
xllcorner     -0.5
yllcorner     -153.5
cellsize      1
NODATA_value  -9999
[rows 0 to 43 of 154, columns 0 to 95 of 252]
91 94 98 101 103 104 104 105 105 106 106 110 116 123 129 135 142 148 153 158 163 167 172 176 181 178 171 163 156 149 142 135 133 134 135 135 136 137 138 136 134 133 131 129 127 125 121 116 111 107 102 97 92 89 86 83 81 78 75 72 69 66 63 60 57 54 51 52 54 55 57 59 60 62 64 66 69 71 73 75 78 76 75 74 73 72 71 70 65 61 57 52 48 44 40 40
92 96 99 103 105 106 108 109 110 112 113 117 122 127 132 137 143 148 153 158 162 167 172 177 182 179 173 167 160 154 147 141 140 141 142 143 144 145 146 145 144 142 140 139 137 136 130 125 119 113 107 101 95 92 89 86 84 81 78 76 72 69 65 62 58 55 51 52 53 54 55 56 57 58 60 62 64 67 69 71 73 72 71 70 69 69 68 67 63 59 55 51 47 43 39 39
94 97 101 104 107 109 111 114 116 118 120 124 127 131 135 139 143 147 152 157 162 167 173 178 183 181 175 170 164 159 153 147 147 148 149 151 152 153 155 154 153 151 150 149 147 146 140 133 126 119 112 105 97 94 92 89 87 84 82 80 76 72 67 63 59 55 51 51 52 52 53 53 54 54 56 58 60 62 64 66 68 68 67 66 66 65 65 64 60 56 53 49 45 42 39 39
95 99 102 105 109 112 115 118 121 124 127 130 133 136 139 141 144 147 151 157 162 167 173 178 184 182 178 173 168 163 159 154 154 155 157 159 160 162 163 163 162 161 159 158 157 156 149 141 133 125 116 108 100 97 95 92 90 88 86 83 79 74 70 65 60 56 51 51 51 51 51 51 51 51 53 54 56 58 60 62 64 63 63 63 62 62 61 61 57 54 51 47 44 41 38 38
102 105 108 112 115 118 121 124 127 130 134 136 138 141 143 145 148 150 154 159 165 170 175 180 186 185 180 176 171 167 162 158 158 160 161 163 165 167 169 169 168 168 167 166 165 165 157 148 139 129 120 111 102 99 96 94 92 90 88 86 81 76 72 67 62 57 52 52 52 52 51 51 51 51 52 54 56 57 59 60 62 61 61 61 60 60 60 59 56 53 50 47 44 41 38 38
112 116 119 123 126 128 130 132 134 137 139 141 144 146 149 151 153 156 160 165 169 174 179 184 189 187 183 178 173 168 164 159 159 161 164 166 168 170 172 173 173 172 172 172 172 172 163 153 143 133 123 113 103 100 97 95 93 91 89 87 83 78 73 69 64 59 55 54 55 55 55 55 55 55 56 57 58 59 60 61 62 62 61 61 60 60 59 59 56 53 50 48 45 42 40 40
123 126 130 134 136 138 139 140 142 143 144 146 149 152 154 157 159 162 166 170 174 179 183 188 192 190 185 180 175 170 165 160 161 163 166 168 171 173 175 176 177 177 177 178 178 179 170 159 148 137 126 115 104 101 98 96 94 92 90 88 84 80 75 71 66 62 57 57 57 58 58 58 58 59 59 60 60 61 61 62 62 62 61 61 60 60 59 59 56 53 51 48 46 43 41 42
133 137 141 145 147 148 148 148 149 149 150 151 154 157 160 162 165 168 171 175 179 183 187 191 195 193 188 182 177 172 167 162 162 165 168 170 173 176 179 180 181 182 183 184 185 186 176 164 153 141 129 117 105 102 100 97 95 93 91 89 85 81 77 72 68 64 60 60 60 61 61 62 62 63 63 63 63 63 63 63 63 62 61 61 60 60 59 58 56 54 51 49 47 44 42 43
143 148 152 156 158 157 157 156 156 155 155 156 159 162 165 168 171 174 177 181 184 188 191 195 198 196 190 185 179 174 168 163 163 167 170 173 176 179 182 184 185 187 188 190 191 193 183 170 157 144 132 119 106 102 101 99 97 95 93 91 87 83 78 74 70 66 62 62 63 64 64 65 66 66 66 65 65 64 64 63 63 62 61 61 60 59 59 58 56 54 52 50 48 46 44 45
154 158 163 167 168 167 166 164 163 162 160 162 165 168 171 174 177 180 183 186 189 192 195 198 201 198 193 187 181 176 170 164 165 168 172 175 178 182 185 187 189 191 193 195 197 200 189 175 162 148 135 121 107 103 102 100 98 96 94 92 88 84 80 76 72 68 64 65 66 67 68 68 69 70 69 68 67 66 65 64 63 62 62 61 60 59 59 58 56 54 52 50 49 47 45 47
164 169 174 178 179 177 175 172 170 168 166 167 170 173 176 180 183 186 189 191 194 197 199 202 204 201 195 189 183 178 172 166 166 170 174 177 181 184 188 191 193 196 199 201 204 207 195 181 166 152 137 123 108 104 103 101 99 97 95 93 90 86 82 78 74 70 67 67 69 70 71 72 73 74 73 71 69 68 66 65 63 62 62 61 60 59 58 58 56 54 53 51 50 48 47 48
169 174 178 183 184 183 181 179 177 175 173 173 176 178 181 183 186 189 191 192 194 196 198 200 202 199 193 188 183 177 172 167 167 170 174 177 180 183 186 189 192 194 197 200 202 205 194 181 167 153 139 125 112 108 106 104 101 99 97 95 91 88 84 80 76 72 68 69 70 72 73 74 76 77 75 74 72 71 69 68 66 65 64 63 62 61 60 59 58 56 55 53 51 50 49 50
169 174 179 184 186 185 184 183 183 182 181 181 183 184 185 186 187 188 189 190 191 192 193 194 195 192 188 184 180 175 171 167 167 170 172 174 176 179 181 183 185 188 190 192 195 197 188 176 164 152 140 129 117 113 110 108 105 103 100 98 94 90 86 81 77 73 69 70 72 73 75 76 77 79 78 77 76 75 74 72 71 70 69 68 66 65 64 62 61 59 57 56 54 52 51 52
169 174 179 184 187 187 188 188 189 189 189 189 189 189 189 189 188 188 188 188 188 188 188 188 188 186 183 180 177 174 171 167 168 169 170 172 173 174 176 177 179 181 183 185 187 189 181 171 161 152 142 132 122 118 115 112 109 106 103 100 96 92 87 83 79 74 70 71 73 74 76 78 79 81 80 80 79 78 78 77 76 75 73 72 70 69 67 66 64 62 60 58 56 54 53 55
168 174 179 184 188 190 191 193 194 196 198 198 196 194 193 191 190 188 187 186 185 184 183 182 181 179 177 176 174 172 170 168 168 168 169 169 169 170 170 171 173 174 176 178 179 181 175 167 159 151 143 135 127 123 120 116 113 110 106 103 98 94 89 85 80 75 71 72 74 76 78 79 81 83 83 83 82 82 82 82 81 80 78 76 74 72 71 69 67 65 63 61 59 57 55 57
168 174 179 185 189 192 195 198 200 203 206 206 203 200 197 194 191 188 185 184 182 180 178 176 174 173 172 171 171 170 169 168 168 167 167 166 166 165 165 166 167 168 169 170 171 173 168 162 156 150 144 138 132 128 124 121 117 113 109 106 101 96 91 86 81 76 71 73 75 77 79 81 83 85 85 86 86 86 86 86 86 84 82 80 78 76 74 72 70 68 65 63 61 59 57 59
168 174 180 185 190 194 198 202 206 210 214 214 209 205 201 196 192 188 184 181 178 176 173 170 167 166 167 167 168 168 168 169 168 167 165 164 162 161 159 160 160 161 162 163 164 164 161 157 153 149 145 141 137 133 129 125 121 116 112 108 103 98 93 88 83 77 72 74 76 78 81 83 85 87 88 88 89 90 90 91 92 89 87 84 82 80 77 75 73 70 68 66 64 61 59 61
168 174 180 186 191 197 202 207 212 217 223 222 216 210 205 199 193 187 183 179 175 172 168 164 160 160 162 163 165 166 168 169 168 166 163 161 159 156 154 154 154 155 155 155 156 156 155 153 151 149 146 144 142 138 134 129 124 120 115 111 105 100 95 89 84 78 73 75 77 80 82 85 87 89 90 91 92 94 95 96 97 94 91 89 86 84 81 78 76 73 71 68 66 64 62 63
170 176 182 188 194 198 203 208 213 218 222 221 215 208 202 196 189 183 178 175 172 169 165 162 159 158 160 162 163 165 166 168 166 163 160 157 154 151 148 148 148 148 149 149 149 149 150 150 150 150 150 150 150 145 140 135 130 124 119 114 108 103 98 92 87 82 76 78 80 83 85 87 90 92 93 94 96 97 98 99 100 97 95 92 89 87 84 81 79 76 74 71 69 66 64 66
172 179 185 192 197 200 204 207 210 214 217 215 208 202 195 189 182 176 172 170 168 166 164 162 160 160 161 162 163 163 164 165 163 159 156 153 149 146 142 142 142 142 143 143 143 143 145 148 150 152 154 157 159 154 148 142 136 130 123 117 112 107 102 96 91 86 81 82 84 87 89 91 93 95 96 97 98 99 100 101 102 100 97 94 92 89 87 84 81 79 77 74 72 69 67 68
174 182 189 196 200 202 204 206 208 209 211 208 202 195 189 182 175 169 166 165 165 164 163 163 162 162 162 162 162 162 162 162 160 156 152 148 144 140 137 136 136 136 137 137 137 137 141 146 150 154 159 163 168 163 156 149 142 135 128 121 115 110 105 100 95 90 85 87 89 91 93 95 97 99 100 100 101 102 103 104 105 102 100 97 94 92 89 87 84 82 79 77 75 72 70 71
177 184 192 199 203 204 204 204 205 205 206 202 195 189 182 175 168 162 159 160 161 162 162 163 164 164 163 162 162 161 160 159 156 152 148 143 139 135 131 130 130 130 131 131 131 131 137 144 150 157 164 170 177 171 164 156 148 140 132 124 119 114 109 104 99 94 90 91 93 95 96 98 100 102 103 104 104 105 106 106 107 105 102 100 97 94 92 89 87 85 82 80 78 75 73 74
179 187 195 203 206 205 204 203 202 201 200 196 189 182 175 168 161 155 153 155 157 159 162 164 166 166 164 163 161 160 158 157 153 148 144 139 134 129 125 124 124 124 125 125 125 125 133 142 150 159 168 177 186 180 171 163 154 145 136 128 123 118 113 108 103 99 94 95 97 99 100 102 104 105 106 107 107 108 108 109 109 107 105 102 100 97 95 92 90 88 85 83 81 78 76 76
182 190 198 207 210 207 205 202 200 197 195 190 183 175 168 161 154 147 147 150 154 157 161 164 168 167 165 163 161 158 156 154 150 144 139 134 129 124 119 118 118 118 119 119 119 119 128 139 151 162 173 184 195 189 179 170 160 150 141 131 126 121 117 112 108 103 98 100 101 103 104 106 107 109 109 110 110 111 111 111 112 109 107 105 102 100 97 95 93 90 88 86 84 81 79 79
184 193 202 211 213 209 205 201 197 193 189 183 176 169 162 155 147 140 141 145 150 155 160 165 169 169 166 163 160 157 154 151 146 141 135 130 124 119 113 112 112 112 113 113 113 113 124 137 151 164 177 191 204 197 187 176 166 156 145 135 130 125 121 116 112 107 103 104 105 107 108 109 111 112 112 113 113 113 114 114 114 112 109 107 105 102 100 98 95 93 91 89 86 84 82 82
193 202 210 218 219 214 208 203 198 193 187 181 175 169 162 156 149 143 144 149 153 158 163 168 173 173 170 167 164 161 158 155 150 145 139 133 128 122 116 115 116 116 117 117 118 118 128 140 153 165 177 189 202 195 185 175 165 155 145 134 129 125 121 117 112 108 104 105 106 108 109 111 112 114 114 115 115 116 116 117 117 115 112 110 107 105 103 100 98 96 94 92 90 88 86 85
206 213 220 227 227 220 214 207 201 194 187 182 177 171 166 161 156 151 152 156 160 165 169 173 178 178 175 173 171 168 166 163 159 153 147 141 136 130 124 123 124 125 126 127 127 128 136 146 155 165 174 184 193 187 178 169 160 151 142 132 128 123 119 115 111 107 103 104 106 107 109 111 113 115 116 116 117 118 119 120 121 118 116 113 110 108 105 103 101 99 97 95 93 91 89 88
219 225 231 236 235 227 219 211 203 195 187 182 178 174 170 167 163 159 160 163 167 171 175 178 182 182 180 179 177 175 173 172 167 161 155 149 144 138 132 131 132 134 135 136 137 138 144 151 158 165 171 178 185 179 171 163 155 147 139 130 126 122 118 114 110 105 101 103 105 107 109 111 113 116 117 118 119 121 122 123 124 121 119 116 113 110 108 105 103 102 100 98 96 95 93 92
232 237 241 245 243 234 224 215 206 197 188 182 180 177 175 172 169 167 168 171 174 177 180 184 187 187 186 185 183 182 181 180 175 169 163 157 151 146 140 139 141 142 144 145 147 148 152 156 160 165 169 173 177 172 164 157 150 143 136 128 124 120 116 112 108 104 100 102 105 107 109 112 114 116 118 120 121 123 125 126 128 125 122 119 116 113 110 107 106 104 103 101 100 98 97 96
245 248 251 255 251 240 230 219 209 198 188 183 181 180 179 177 176 175 176 178 181 184 186 189 191 192 191 190 190 189 189 188 183 177 171 165 159 153 147 147 149 151 153 155 157 159 160 162 163 164 166 167 169 164 157 151 145 139 132 126 122 118 114 111 107 103 99 101 104 107 109 112 115 117 119 121 123 125 127 129 131 128 125 122 119 116 113 110 108 107 106 104 103 102 101 99
258 260 262 264 259 247 235 223 211 200 188 183 183 183 183 183 183 183 184 186 188 190 192 194 196 196 196 196 196 196 196 196 192 186 180 173 167 161 155 155 158 160 162 164 166 169 168 167 166 164 163 162 160 156 151 145 140 135 129 124 120 117 113 109 105 102 98 101 103 106 109 112 115 118 121 123 125 128 130 132 135 131 128 125 122 119 115 112 111 110 109 108 107 105 104 103
271 272 272 273 266 253 240 227 214 201 188 183 184 186 187 188 189 191 192 193 195 196 198 199 200 201 202 202 203 203 204 204 200 194 188 182 175 169 163 164 166 169 171 174 176 179 176 172 168 164 160 156 152 148 144 139 135 131 126 122 118 115 111 108 104 100 97 100 103 106 109 113 116 119 122 125 127 130 133 136 138 135 131 128 125 121 118 115 114 113 112 111 110 109 108 106
267 267 267 268 261 248 236 223 210 198 185 180 182 183 185 186 188 189 191 194 196 199 201 204 206 207 207 207 208 208 208 208 204 199 193 187 182 176 170 170 172 173 175 177 178 180 176 172 167 162 158 153 148 144 141 137 133 129 125 122 118 115 112 108 105 102 98 101 105 108 111 115 118 121 124 127 130 133 136 139 141 138 135 132 128 125 122 118 117 116 115 114 113 112 110 109
255 255 256 256 250 238 227 215 203 192 180 176 177 179 180 181 182 184 187 191 195 200 204 208 213 214 213 213 212 211 211 210 207 202 197 192 187 183 178 177 177 177 177 177 177 177 174 169 164 160 155 151 146 142 139 135 132 129 125 122 118 116 113 110 107 104 101 104 107 110 114 117 121 124 127 130 133 136 139 142 145 142 138 135 132 129 126 123 121 120 119 117 116 114 112 110
244 244 244 244 239 228 218 207 197 186 176 172 173 174 175 176 177 178 183 189 195 201 207 213 219 220 219 218 216 215 214 213 209 205 201 197 193 189 185 183 181 180 179 177 176 174 171 166 162 157 153 148 144 141 137 134 131 128 125 122 119 116 114 111 108 106 103 106 109 113 116 120 123 127 130 133 136 139 142 145 148 145 142 139 136 133 130 127 126 124 122 120 118 116 114 112
232 233 233 233 228 219 209 199 190 180 171 167 168 169 170 171 172 173 178 186 194 202 210 217 225 227 225 223 221 219 217 215 212 209 205 202 199 195 192 189 186 183 180 177 175 172 168 163 159 155 150 146 142 139 136 133 130 127 124 122 119 117 115 112 110 108 105 108 112 115 119 122 126 129 133 136 139 142 145 148 151 148 146 143 140 137 135 132 130 128 125 123 121 119 116 114
221 221 221 221 217 209 200 192 183 175 166 163 164 165 165 166 167 168 174 184 193 203 212 222 232 233 230 228 225 222 220 217 215 212 209 207 204 202 199 195 191 187 182 178 173 169 165 160 156 152 148 144 140 137 134 132 129 127 124 122 119 118 116 114 112 110 108 111 114 118 121 125 129 132 135 138 142 145 148 151 154 152 149 147 144 142 139 136 134 131 129 126 124 121 119 116
210 210 210 210 206 199 191 184 176 169 162 159 159 160 161 161 162 162 170 181 192 204 215 226 238 239 236 233 229 226 223 219 217 215 214 212 210 208 206 202 196 190 184 178 172 166 162 158 154 150 145 141 137 135 133 130 128 126 124 121 120 118 117 115 113 112 110 113 117 120 124 128 131 135 138 141 145 148 151 154 157 155 153 150 148 146 143 141 138 135 132 129 126 123 121 117
198 198 198 198 195 189 182 176 170 163 157 154 155 155 156 156 157 157 165 178 192 205 218 231 244 246 242 238 234 230 226 222 220 219 218 217 216 215 214 208 200 193 186 178 171 163 159 155 151 147 143 139 135 133 131 129 127 125 123 121 120 119 118 116 115 114 113 116 119 123 127 130 134 137 141 144 147 151 154 157 161 158 156 154 152 150 148 145 142 139 136 132 129 126 123 119
188 188 189 189 187 182 178 174 169 165 160 158 158 157 157 156 156 155 165 180 196 212 228 243 259 261 256 250 245 240 234 229 226 224 222 220 218 216 215 209 201 194 187 180 173 165 160 156 152 148 143 139 135 133 131 129 127 126 124 122 121 119 118 117 116 114 113 116 120 123 127 130 133 137 140 143 147 150 153 156 159 157 155 153 151 149 147 145 142 139 135 132 129 126 123 120
178 178 179 180 179 177 175 173 171 169 166 165 163 161 159 158 156 154 165 184 202 221 240 258 277 279 272 265 258 252 245 238 234 230 227 224 220 217 213 208 201 195 188 182 175 169 164 159 154 149 145 140 135 133 131 129 128 126 124 123 121 120 118 117 116 114 113 116 119 122 126 129 132 135 139 142 145 148 151 154 157 155 153 151 149 147 145 142 140 137 134 131 128 125 122 120
167 169 170 171 172 172 172 172 172 172 173 171 168 165 162 159 156 154 166 187 209 230 252 273 295 297 289 280 272 264 255 247 241 236 232 227 222 217 212 207 201 195 190 184 178 172 167 162 156 151 146 140 135 133 131 130 128 127 125 123 122 120 119 117 116 114 112 115 118 122 125 128 131 134 137 140 143 146 148 151 154 152 150 148 146 144 142 140 137 135 132 130 127 125 122 120
157 159 161 163 165 167 169 172 174 176 179 177 173 169 165 161 157 153 166 191 215 240 264 288 313 315 305 295 285 276 266 256 249 243 236 230 224 217 211 206 201 196 191 186 181 176 170 164 159 153 147 141 135 133 132 130 129 127 126 124 123 121 119 117 116 114 112 115 118 121 124 127 130 133 135 138 141 143 146 149 151 149 147 146 144 142 140 138 135 133 131 129 126 124 122 120
147 149 151 154 157 162 166 171 176 180 185 184 179 173 168 163 157 152 167 194 221 249 276 303 331 333 321 310 299 288 276 265 256 249 241 233 226 218 210 205 201 196 192 188 184 179 173 167 161 154 148 142 136 133 132 131 129 128 126 125 123 121 119 118 116 114 112 114 117 120 123 126 128 131 134 136 139 141 144 146 149 147 145 143 141 139 137 135 133 131 129 127 125 123 121 120
