pluvio/pluvio-56.asc
ncols         252
nrows         154
xllcorner     -18.017974
yllcorner     13.481982
cellsize      0.035948
NODATA_value  -9999
[rows 0 to 50 of 154, columns 96 to 191 of 252]
32 32 32 33 33 33 34 34 34 35 35 36 36 37 37 37 38 38 39 39 40 40 41 41 41 41 41 41 41 41 41 41 41 41 41 41 41 40 40 39 38 38 37 36 36 35 34 34 33 32 32 31 30 30 29 29 28 27 27 26 26 25 24 24 23 23 23 22 22 22 22 22 21 21 21 21 20 20 20 20 20 20 19 19 19 19 19 19 19 18 18 18 18 18 18 18
32 32 32 33 33 33 34 34 34 35 35 36 36 37 37 37 38 38 39 39 40 40 41 41 41 41 41 41 41 41 41 41 41 41 41 41 41 40 40 39 38 37 37 36 35 34 34 33 32 32 31 30 30 29 29 28 27 27 26 26 25 24 24 23 23 23 22 22 22 22 21 21 21 21 21 20 20 20 20 20 19 19 19 19 19 19 19 19 18 18 18 18 18 18 18 18
31 32 32 32 33 33 33 34 34 34 35 36 36 37 37 38 38 39 39 40 40 41 41 41 41 41 41 41 41 41 41 41 41 41 41 41 41 40 39 39 38 37 36 35 35 34 33 32 32 31 30 30 29 28 28 27 27 26 26 25 25 24 23 23 22 22 22 22 22 21 21 21 21 20 20 20 20 20 19 19 19 19 19 19 19 19 19 18 18 18 18 18 18 18 18 18
31 31 32 32 32 33 33 34 34 34 35 35 36 37 37 38 38 39 39 40 40 41 41 42 41 41 41 41 41 41 41 41 41 41 41 41 41 40 39 38 37 37 36 35 34 33 33 32 31 30 29 29 28 28 27 27 26 26 25 25 24 24 23 22 22 22 22 21 21 21 21 21 20 20 20 20 20 19 19 19 19 19 19 19 19 18 18 18 18 18 18 18 18 18 18 18
31 31 32 32 32 33 33 33 34 34 35 35 36 37 37 38 38 39 39 40 41 41 42 42 42 42 42 41 41 41 41 41 41 41 41 41 41 40 39 38 37 36 35 35 34 33 32 31 30 29 29 28 28 27 27 26 26 25 25 24 24 23 23 22 22 21 21 21 21 21 20 20 20 20 20 20 19 19 19 19 19 19 19 19 18 18 18 18 18 18 18 18 18 18 18 18
31 31 31 32 32 32 33 33 34 34 35 35 36 37 37 38 38 39 40 40 41 41 42 42 42 42 42 42 41 41 41 41 41 41 41 41 40 40 39 38 37 36 35 34 33 32 31 31 30 29 28 27 27 26 26 25 25 24 24 23 23 23 22 22 21 21 21 21 20 20 20 20 20 20 19 19 19 19 19 19 19 18 18 18 18 18 18 18 18 18 18 18 18 18 18 18
30 31 31 31 32 32 33 33 33 34 35 35 36 37 37 38 38 39 40 40 41 42 42 42 42 42 42 42 42 41 41 41 41 41 41 40 40 39 39 38 37 36 35 34 33 32 31 30 29 28 27 27 26 26 25 25 24 24 23 23 23 22 22 21 21 21 20 20 20 20 20 20 19 19 19 19 19 19 19 18 18 18 18 18 18 18 18 18 18 18 18 17 17 17 18 18
30 30 31 31 32 32 32 33 33 34 35 35 36 37 37 38 39 39 40 41 41 42 43 43 42 42 42 42 42 42 41 41 41 41 41 40 40 39 38 37 36 35 34 33 32 31 30 29 28 27 26 26 26 25 25 24 24 23 23 22 22 22 21 21 20 20 20 20 20 20 19 19 19 19 19 19 19 18 18 18 18 18 18 18 18 18 18 18 18 18 17 17 17 17 17 18
30 30 31 31 31 32 32 33 33 34 34 35 36 37 37 38 39 39 40 41 42 42 43 43 43 43 43 42 42 42 42 42 42 41 41 41 41 40 39 38 37 36 35 34 33 32 31 30 29 28 27 27 26 26 25 25 24 24 23 23 22 22 21 21 20 20 20 20 20 20 20 20 19 19 19 19 19 19 19 19 19 18 18 18 18 18 18 18 18 18 18 18 18 18 18 18
29 30 30 31 31 31 32 32 33 33 34 35 36 37 37 38 39 40 40 41 42 43 44 44 43 43 43 43 43 43 43 42 42 42 42 42 42 41 40 39 38 37 36 35 34 33 32 31 30 29 28 27 27 26 26 25 25 24 24 23 23 22 22 21 21 21 20 20 20 20 20 20 20 20 19 19 19 19 19 19 19 19 19 19 19 19 19 19 19 19 19 19 19 19 19 19
29 30 30 30 31 31 32 32 32 33 34 35 36 36 37 38 39 40 41 42 42 43 44 44 44 44 44 44 43 43 43 43 43 43 43 43 42 41 40 39 38 37 36 35 34 33 32 31 30 29 28 28 27 27 26 25 25 24 24 23 23 22 22 21 21 21 21 21 20 20 20 20 20 20 20 20 20 19 19 19 19 19 19 19 19 19 19 19 19 19 19 19 19 19 19 19
29 29 30 30 30 31 31 32 32 33 34 35 36 36 37 38 39 40 41 42 43 44 44 45 44 44 44 44 44 44 44 44 44 43 43 43 43 42 41 40 39 38 37 36 35 34 33 32 31 30 29 28 28 27 26 26 25 25 24 24 23 23 22 22 21 21 21 21 21 21 20 20 20 20 20 20 20 20 20 20 20 20 20 20 20 20 20 20 20 20 20 20 20 20 20 20
28 29 29 30 30 31 31 31 32 33 34 35 36 36 37 38 39 40 41 42 43 44 45 45 45 45 45 45 45 45 44 44 44 44 44 44 44 43 42 41 40 39 38 37 35 34 33 32 31 30 29 29 28 27 27 26 26 25 25 24 24 23 22 22 21 21 21 21 21 21 21 21 21 20 20 20 20 20 20 20 20 20 20 20 20 20 20 20 20 20 20 20 20 20 20 20
28 29 29 29 30 30 31 31 32 32 33 34 35 36 37 38 39 40 41 42 43 44 45 46 45 45 45 45 45 45 45 45 45 45 45 45 45 44 43 41 40 39 38 37 36 35 34 33 32 31 30 29 28 28 27 27 26 26 25 24 24 23 23 22 21 21 21 21 21 21 21 21 21 21 21 21 21 20 20 20 20 20 21 21 21 21 21 21 21 21 21 21 21 21 21 21
28 28 29 29 30 30 31 31 31 32 33 34 35 36 37 39 40 41 42 43 44 45 46 46 46 46 46 46 46 46 46 46 46 45 45 45 45 44 43 42 41 40 39 38 37 36 35 33 32 31 30 30 29 28 28 27 27 26 25 25 24 23 23 22 22 22 22 21 21 21 21 21 21 21 21 21 21 21 21 21 21 21 21 21 21 21 21 21 21 21 21 21 22 22 22 22
28 28 28 29 29 30 30 31 31 32 33 34 35 36 38 39 40 41 42 43 44 45 46 47 46 46 46 46 46 46 46 46 46 46 46 46 46 45 44 43 42 41 40 38 37 36 35 34 33 32 31 30 29 29 28 28 27 26 26 25 24 24 23 22 22 22 22 22 22 22 22 21 21 21 21 21 21 21 21 21 21 21 21 21 22 22 22 22 22 22 22 22 22 22 22 22
27 28 28 29 29 30 30 30 31 32 33 34 35 36 38 39 40 41 42 43 44 46 47 47 47 47 47 47 47 47 47 47 47 47 47 47 47 46 45 44 42 41 40 39 38 37 36 35 34 32 31 31 30 29 29 28 27 27 26 25 25 24 23 23 22 22 22 22 22 22 22 22 22 22 22 22 21 21 21 22 22 22 22 22 22 22 22 22 22 22 23 23 23 23 23 23
27 27 28 28 29 29 30 30 31 32 33 34 35 36 38 39 40 41 42 44 45 46 47 48 48 47 47 47 47 47 47 47 47 47 47 47 47 46 45 44 43 42 41 40 39 37 36 35 34 33 32 31 30 30 29 28 28 27 26 26 25 24 24 23 22 22 22 22 22 22 22 22 22 22 22 22 22 22 22 22 22 22 22 22 22 23 23 23 23 23 23 23 23 23 23 23
27 27 28 28 28 29 29 30 30 31 33 34 35 36 38 39 40 41 43 44 45 46 48 48 48 48 48 48 48 48 48 48 48 48 48 48 48 47 46 45 44 43 41 40 39 38 37 36 35 33 32 32 31 30 30 29 28 27 27 26 25 25 24 23 22 22 22 22 22 22 22 22 22 22 22 22 22 22 22 22 22 22 23 23 23 23 23 23 23 24 24 24 24 24 24 24
26 27 27 28 28 29 29 30 30 31 32 34 35 36 38 39 40 42 43 44 46 47 48 48 49 49 49 49 49 49 49 49 49 49 49 49 49 48 47 46 44 43 42 41 40 39 37 36 35 34 33 32 31 31 30 29 28 28 27 26 26 25 24 23 23 23 23 23 23 23 23 23 23 23 22 22 22 22 22 23 23 23 23 23 23 23 24 24 24 24 24 24 25 25 25 25
26 27 27 27 28 28 29 29 30 31 32 34 35 36 38 39 40 42 43 45 46 47 49 49 49 49 49 49 49 49 49 49 49 49 49 50 50 49 47 46 45 44 43 42 40 39 38 37 36 35 33 33 32 31 30 30 29 28 27 27 26 25 24 24 23 23 23 23 23 23 23 23 23 23 23 23 23 23 23 23 23 23 23 24 24 24 24 24 24 25 25 25 25 25 25 25
26 26 27 27 28 28 29 29 30 31 32 33 35 36 38 39 41 42 43 45 46 48 49 49 49 50 50 50 50 50 50 50 50 50 50 50 50 49 48 47 46 45 43 42 41 40 39 37 36 35 34 33 32 32 31 30 29 29 28 27 26 25 25 24 23 23 23 23 23 23 23 23 23 23 23 23 23 23 23 23 24 24 24 24 24 25 25 25 25 25 25 26 26 26 26 26
26 26 27 27 28 28 29 29 30 31 32 34 35 36 38 39 41 42 43 45 46 48 49 49 49 50 50 50 50 50 50 50 50 50 50 51 51 50 49 47 46 45 44 43 42 40 39 38 37 36 35 34 33 32 31 31 30 29 28 27 27 26 25 24 23 24 24 24 24 24 24 24 24 24 24 24 24 24 24 24 25 25 25 25 25 26 26 26 26 27 27 27 27 27 27 27
26 26 27 27 28 28 29 29 30 31 32 34 35 36 38 39 40 42 43 45 46 47 49 49 49 50 50 50 50 50 50 50 51 51 51 51 51 50 49 48 47 45 44 43 42 41 40 39 37 36 35 34 33 33 32 31 30 29 29 28 27 26 25 25 24 24 24 24 24 24 24 25 25 25 25 25 25 25 25 25 26 26 26 26 27 27 27 27 28 28 28 28 28 28 28 28
26 27 27 27 28 28 29 29 30 31 32 34 35 36 38 39 40 42 43 45 46 47 49 49 49 50 50 50 50 50 50 51 51 51 51 51 51 51 49 48 47 46 45 44 43 41 40 39 38 37 36 35 34 33 32 32 31 30 29 28 27 27 26 25 24 24 24 25 25 25 25 25 25 25 26 26 26 26 26 27 27 27 27 28 28 28 28 29 29 29 29 30 30 30 30 30
26 27 27 28 28 28 29 29 30 31 32 34 35 36 38 39 40 42 43 44 46 47 49 49 49 50 50 50 50 50 51 51 51 51 51 52 52 51 50 49 48 46 45 44 43 42 41 40 39 37 36 35 35 34 33 32 31 30 30 29 28 27 26 25 25 25 25 25 25 25 26 26 26 26 26 27 27 27 27 28 28 28 28 29 29 29 30 30 30 30 31 31 31 31 31 31
26 27 27 28 28 29 29 29 30 31 32 34 35 36 38 39 40 42 43 44 46 47 48 49 49 50 50 50 50 51 51 51 51 52 52 52 52 51 50 49 48 47 46 45 44 42 41 40 39 38 37 36 35 34 33 33 32 31 30 29 28 27 27 26 25 25 25 26 26 26 26 27 27 27 27 28 28 28 28 29 29 29 29 30 30 30 31 31 31 32 32 32 32 32 32 32
26 27 27 28 28 29 29 29 30 31 32 34 35 36 38 39 40 42 43 44 46 47 48 49 49 50 50 50 50 51 51 51 52 52 52 52 53 52 51 50 49 47 46 45 44 43 42 41 40 39 37 37 36 35 34 33 32 31 30 30 29 28 27 26 25 26 26 26 26 27 27 27 28 28 28 28 29 29 29 30 30 30 31 31 31 32 32 32 33 33 33 34 34 34 33 33
27 27 27 28 28 29 29 29 30 31 32 34 35 36 38 39 40 42 43 44 46 47 48 49 49 50 50 50 50 51 51 51 52 52 52 53 53 52 51 50 49 48 47 46 45 44 42 41 40 39 38 37 36 35 34 34 33 32 31 30 29 28 27 26 26 26 26 27 27 27 28 28 28 29 29 29 30 30 30 31 31 31 32 32 32 33 33 33 34 34 34 35 35 35 35 35
27 27 27 28 28 29 29 30 30 31 32 34 35 36 38 39 40 42 43 44 46 47 48 49 49 50 50 50 51 51 51 52 52 52 53 53 54 53 52 51 49 48 47 46 45 44 43 42 41 40 39 38 37 36 35 34 33 32 31 30 30 29 28 27 26 26 27 27 27 28 28 29 29 29 30 30 31 31 31 32 32 32 33 33 34 34 34 35 35 35 36 36 36 36 36 36
27 27 28 28 28 29 29 30 30 31 32 34 35 36 38 39 40 42 43 44 45 47 48 49 49 50 50 50 51 51 52 52 52 53 53 54 54 53 52 51 50 49 48 47 46 45 43 42 41 40 39 38 37 36 35 35 34 33 32 31 30 29 28 27 26 27 27 28 28 28 29 29 30 30 31 31 31 32 32 33 33 33 34 34 35 35 35 36 36 37 37 37 38 38 37 37
27 27 28 28 28 29 29 30 30 31 32 34 35 36 38 39 40 41 43 44 45 47 48 49 49 49 50 50 51 51 52 52 53 53 54 54 54 54 52 51 50 49 48 47 46 45 44 43 42 41 40 39 38 37 36 35 34 33 32 31 30 29 28 28 27 27 28 28 29 29 29 30 30 31 31 32 32 33 33 34 34 35 35 35 36 36 37 37 38 38 38 39 39 39 39 38
27 27 28 28 29 29 29 30 30 31 32 34 35 36 38 39 40 41 43 44 45 47 48 49 49 49 50 50 51 51 52 52 53 53 54 54 55 54 53 52 51 50 49 48 47 46 45 44 42 41 40 39 38 37 37 36 35 34 33 32 31 30 29 28 27 27 28 29 29 30 30 31 31 32 32 33 33 34 34 35 35 36 36 37 37 37 38 38 39 39 40 40 40 40 40 40
27 27 28 28 29 29 29 30 30 31 32 34 35 36 38 39 40 41 43 44 45 46 48 48 49 49 50 51 51 52 52 53 53 54 54 55 55 54 53 52 51 50 49 48 47 46 45 44 43 42 41 40 39 38 37 36 35 34 33 32 31 30 29 28 27 28 28 29 30 30 31 31 32 32 33 34 34 35 35 36 36 37 37 38 38 39 39 40 40 40 41 41 42 41 41 41
27 28 28 28 29 29 29 30 30 31 32 34 35 36 38 39 40 41 43 44 45 46 48 48 49 49 50 51 51 52 52 53 53 54 55 55 56 55 54 53 52 51 50 49 48 47 46 45 44 43 42 41 40 39 38 37 36 35 34 33 32 31 30 29 28 28 29 30 30 31 31 32 33 33 34 34 35 36 36 37 37 38 38 39 39 40 40 41 41 42 42 43 43 43 42 42
27 28 28 28 29 29 30 30 30 31 33 34 35 36 38 39 40 41 43 44 45 46 48 48 49 49 50 51 51 52 52 53 54 54 55 55 56 55 54 53 52 51 50 49 48 47 46 45 44 43 42 41 40 39 38 37 36 35 34 33 32 31 30 29 28 29 30 30 31 31 32 33 33 34 35 35 36 37 37 38 38 39 39 40 40 41 41 42 42 43 43 44 44 44 43 43
28 28 28 29 29 30 30 30 31 32 33 34 35 36 38 39 40 41 42 44 45 46 47 48 49 49 50 51 51 52 53 53 54 54 55 56 56 56 55 54 53 52 51 50 49 48 47 46 45 44 43 42 41 40 39 38 37 36 35 34 33 32 31 30 29 30 31 31 32 32 33 34 34 35 36 36 37 37 38 38 39 39 40 40 41 41 42 42 43 43 44 44 44 44 44 43
28 28 29 29 29 30 30 31 31 32 33 34 35 37 38 39 40 41 42 44 45 46 47 48 49 49 50 51 51 52 53 53 54 55 55 56 57 56 55 54 53 52 51 51 50 49 48 47 46 45 44 43 42 41 40 39 38 37 36 35 34 33 32 31 31 31 32 32 33 33 34 35 35 36 36 37 38 38 39 39 40 40 40 41 41 42 42 43 43 44 44 45 45 44 44 44
28 29 29 29 30 30 31 31 31 32 33 34 36 37 38 39 40 41 42 44 45 46 47 48 48 49 50 51 51 52 53 53 54 55 55 56 57 56 55 55 54 53 52 51 50 50 49 48 47 46 45 44 44 43 42 41 40 39 38 37 36 35 34 33 32 32 33 33 34 34 35 36 36 37 37 38 38 39 39 40 40 41 41 42 42 42 43 43 44 44 45 45 45 45 44 44
28 29 29 30 30 30 31 31 32 33 34 35 36 37 38 39 40 41 42 43 45 46 47 48 48 49 50 50 51 52 53 53 54 55 56 56 57 56 56 55 54 53 53 52 51 50 50 49 48 47 47 46 45 44 43 42 41 40 39 38 37 36 35 34 33 33 34 34 35 35 36 36 37 37 38 39 39 40 40 40 41 41 42 42 43 43 43 44 44 45 45 45 46 45 45 44
29 29 29 30 30 31 31 32 32 33 34 35 36 37 38 39 40 41 42 43 44 45 47 47 48 49 50 50 51 52 53 53 54 55 56 57 57 57 56 55 55 54 53 53 52 51 50 50 49 48 48 47 46 45 44 43 42 41 40 39 38 37 36 35 34 34 35 35 36 36 37 37 38 38 39 39 40 40 41 41 42 42 42 43 43 43 44 44 45 45 45 46 46 45 45 44
29 29 30 30 31 31 31 32 32 33 34 35 36 37 38 39 40 41 42 43 44 45 46 47 48 49 50 50 51 52 53 54 54 55 56 57 58 57 56 56 55 55 54 53 53 52 51 51 50 49 49 48 47 46 45 44 43 42 41 40 39 38 37 36 35 36 36 36 37 37 38 38 39 39 40 40 41 41 41 42 42 43 43 43 44 44 44 45 45 45 46 46 46 46 45 45
29 30 30 31 31 31 32 32 33 33 34 35 36 37 38 39 40 41 42 43 44 45 46 47 48 49 49 50 51 52 53 54 54 55 56 57 58 57 57 56 56 55 54 54 53 53 52 52 51 50 50 49 48 47 46 45 44 43 42 41 40 39 38 37 36 37 37 38 38 38 39 39 40 40 40 41 41 42 42 42 43 43 43 44 44 45 45 45 46 46 46 47 47 46 46 45
29 30 30 31 31 32 32 33 33 34 35 36 37 37 38 39 40 41 42 43 44 45 46 47 48 49 49 50 51 52 53 54 55 55 56 57 58 58 57 57 56 56 55 55 54 54 53 52 52 51 51 50 49 48 47 46 45 44 43 42 41 40 39 38 37 38 38 39 39 39 40 40 41 41 41 42 42 42 43 43 43 44 44 44 45 45 45 46 46 46 47 47 47 46 46 45
30 30 31 31 32 32 32 33 33 34 35 36 37 38 39 39 40 41 42 43 44 45 46 47 48 48 49 50 51 52 53 54 55 56 57 57 58 58 58 57 57 56 56 55 55 54 54 53 53 52 52 51 50 49 48 47 46 45 44 43 42 41 40 39 39 39 39 40 40 40 41 41 41 42 42 42 43 43 43 44 44 44 45 45 45 46 46 46 46 47 47 47 47 47 46 46
30 30 31 31 32 32 33 33 34 34 35 36 37 38 39 39 40 41 42 43 44 45 46 46 47 48 49 50 51 52 53 54 55 56 57 58 59 58 58 58 57 57 56 56 56 55 55 54 54 53 53 52 51 50 49 48 47 46 45 44 44 43 42 41 40 40 40 41 41 41 42 42 42 43 43 43 44 44 44 44 45 45 45 46 46 46 46 47 47 47 48 48 48 47 46 46
30 31 31 32 32 33 33 34 34 35 35 36 37 38 39 40 40 41 42 43 44 44 45 46 47 48 49 50 51 52 53 54 55 56 57 58 59 59 58 58 58 57 57 57 56 56 56 55 55 54 54 53 52 51 50 49 48 47 47 46 45 44 43 42 41 41 41 42 42 42 43 43 43 43 44 44 44 45 45 45 45 46 46 46 46 47 47 47 47 48 48 48 48 48 47 46
31 31 32 32 32 33 33 34 34 35 36 37 37 38 39 40 40 41 42 43 44 44 45 46 47 48 49 50 51 52 53 54 55 56 57 58 59 59 59 58 58 58 58 57 57 57 56 56 56 56 55 54 53 52 51 51 50 49 48 47 46 45 44 43 42 42 43 43 43 43 44 44 44 44 45 45 45 45 46 46 46 46 46 47 47 47 47 48 48 48 48 49 49 48 47 46
31 31 32 32 33 33 34 34 35 35 36 37 37 38 39 40 40 41 42 43 43 44 45 46 47 48 49 50 51 52 53 54 55 56 57 58 59 59 59 59 59 58 58 58 58 57 57 57 57 57 56 55 54 53 53 52 51 50 49 48 47 46 45 44 43 43 44 44 44 44 45 45 45 45 45 46 46 46 46 46 47 47 47 47 48 48 48 48 48 49 49 49 49 48 47 47
31 32 32 33 33 34 34 34 35 36 36 37 38 38 39 40 41 41 42 43 43 44 45 46 47 48 49 50 51 52 53 54 55 56 58 59 60 60 59 59 59 59 59 59 58 58 58 58 58 58 57 57 56 55 54 53 52 51 50 49 48 47 46 45 44 45 45 45 45 45 45 46 46 46 46 46 47 47 47 47 47 47 48 48 48 48 48 49 49 49 49 49 49 48 48 47
31 32 32 33 33 34 34 35 35 36 37 37 38 39 39 40 41 41 42 43 43 44 45 46 47 48 49 50 51 52 53 55 56 57 58 59 60 60 60 60 60 60 60 59 59 59 59 59 59 59 59 58 57 56 55 54 53 52 51 50 49 49 48 47 46 46 46 46 46 46 47 47 47 47 47 47 47 47 47 48 48 48 48 48 48 49 49 49 49 49 49 49 49 49 48 47
