pluvio/pluvio-211.asc
ncols         252
nrows         154
xllcorner     -0.5
yllcorner     -153.5
cellsize      1
NODATA_value  -9999
[rows 52 to 103 of 154, columns 0 to 95 of 252]
1 1 1 1 1 1 1 1 1 1 1 1 1 1 1 0 0 0 0 0 1 1 1 1 1 3 5 8 10 13 15 18 18 17 16 16 15 14 13 13 14 14 14 14 15 15 15 16 16 17 17 17 18 18 18 19 19 20 20 20 20 19 19 18 17 17 16 16 17 17 18 18 19 19 18 18 17 17 16 15 15 14 14 14 14 13 13 13 13 14 14 15 16 16 17 17
1 1 1 1 1 1 1 1 1 1 1 1 1 1 1 1 1 1 1 1 1 2 2 2 2 4 7 9 12 14 17 19 19 19 18 17 16 16 15 15 15 16 16 16 17 17 17 17 18 18 18 19 19 19 20 20 20 21 21 21 21 20 20 19 19 18 18 18 18 19 19 20 20 20 20 20 19 19 19 18 18 18 17 17 17 17 17 17 17 17 18 18 19 19 20 20
1 1 1 1 1 1 1 1 1 1 1 1 1 1 1 1 1 1 1 2 2 2 3 3 4 6 8 11 13 16 18 21 21 20 19 19 18 17 17 17 17 17 18 18 18 19 19 19 19 20 20 20 20 21 21 21 22 22 22 23 22 22 21 21 20 20 19 19 20 20 21 21 22 22 22 22 22 22 21 21 21 21 21 21 21 21 21 21 21 21 22 22 22 23 23 23
2 2 2 2 2 2 2 2 2 2 2 2 2 2 2 1 1 1 2 2 3 3 4 5 5 7 9 12 14 17 19 22 22 22 21 20 19 19 18 18 19 19 19 20 20 21 21 21 21 21 21 22 22 22 22 23 23 23 24 24 23 23 23 22 22 21 21 21 21 22 22 23 23 23 24 24 24 24 24 24 25 25 25 25 25 25 25 25 25 25 25 26 26 26 26 26
2 2 2 2 2 2 2 2 2 2 2 2 2 2 2 2 2 2 2 3 4 4 5 6 6 8 11 13 16 18 21 23 24 23 22 22 21 20 20 20 20 21 21 22 22 22 23 23 23 23 23 23 23 23 24 24 24 24 25 25 25 24 24 23 23 23 22 22 23 23 24 24 25 25 25 26 26 27 27 28 28 28 28 29 29 29 29 29 29 29 29 29 29 29 29 29
2 2 2 2 2 2 2 2 2 2 2 2 2 2 2 2 2 2 3 4 4 5 6 7 8 10 12 15 17 20 22 25 25 24 24 23 23 22 21 22 22 22 23 23 24 24 24 24 24 24 24 24 24 25 25 25 25 26 26 26 26 26 25 25 24 24 24 24 24 25 25 26 26 26 27 28 29 29 30 31 31 32 32 32 33 33 33 34 33 33 33 33 33 32 32 32
2 2 2 2 3 3 3 3 3 3 3 3 3 3 3 3 3 3 3 4 5 6 7 8 9 11 14 16 19 21 24 26 26 26 25 25 24 24 23 23 24 24 25 25 26 26 26 26 26 26 26 26 26 26 26 26 27 27 27 27 27 27 26 26 26 25 25 26 26 26 27 27 28 28 29 30 31 32 33 34 35 35 36 36 37 37 37 38 37 37 37 36 36 36 35 35
2 3 3 3 3 3 3 3 3 3 3 3 3 3 3 3 3 3 4 5 6 7 8 9 10 13 15 17 20 22 25 27 28 27 27 26 26 25 25 25 25 26 26 27 27 28 28 28 28 28 27 27 27 27 28 28 28 28 28 29 28 28 28 28 27 27 27 27 27 28 28 29 29 29 31 32 33 35 36 37 38 39 39 40 40 41 42 42 41 41 40 40 39 39 38 38
3 4 4 4 4 4 4 4 3 3 3 3 3 4 4 4 4 4 5 6 7 8 9 10 12 14 16 19 21 24 26 29 29 29 28 28 27 27 26 26 27 27 28 28 29 29 29 29 29 29 29 29 28 29 29 29 29 30 30 30 30 30 30 30 30 30 29 30 31 31 32 32 33 34 35 36 38 39 41 42 44 44 44 44 44 44 45 45 44 43 43 42 42 41 41 40
5 5 5 5 5 4 4 4 4 4 4 4 4 4 4 5 5 5 6 7 8 9 10 12 13 15 17 20 22 25 27 30 30 30 30 29 29 28 28 28 29 29 29 30 30 31 31 30 30 30 30 30 30 30 30 31 31 31 32 32 32 32 32 32 32 32 32 33 34 35 36 36 37 38 40 41 43 45 46 48 50 49 49 48 48 48 47 47 46 46 45 44 44 43 43 42
6 6 6 6 5 5 5 5 5 5 4 4 5 5 5 5 6 6 7 8 9 10 11 13 14 16 18 21 23 26 29 31 32 31 31 31 30 30 30 30 30 31 31 31 32 32 32 32 32 32 31 31 31 31 32 32 33 33 33 34 34 34 34 34 35 35 35 36 37 38 39 40 41 43 44 46 48 50 52 54 55 54 54 53 52 51 50 49 49 48 47 47 46 45 45 44
7 7 7 6 6 6 6 6 5 5 5 5 5 6 6 6 6 7 8 9 10 11 12 14 15 17 20 22 25 27 30 32 33 33 32 32 32 31 31 31 32 32 32 33 33 33 33 33 33 33 33 32 32 33 33 34 34 35 35 35 36 36 37 37 37 38 38 39 40 42 43 44 46 47 49 51 53 55 57 59 61 60 58 57 56 54 53 52 51 50 50 49 48 47 47 46
8 8 8 7 7 7 7 6 6 6 5 6 6 6 7 7 7 8 9 10 11 12 14 15 16 18 21 23 26 28 31 34 34 34 34 33 33 33 33 33 33 34 34 34 35 35 35 35 34 34 34 34 33 34 34 35 36 36 37 37 38 38 39 39 40 40 41 42 44 45 47 48 50 52 54 56 58 60 63 65 67 65 63 61 60 58 56 54 53 53 52 51 50 49 49 48
9 9 8 8 8 8 7 7 7 6 6 6 7 7 7 8 8 9 10 11 12 13 15 16 17 19 22 24 27 30 32 35 35 35 35 35 35 35 34 35 35 35 35 36 36 36 36 36 36 35 35 35 35 35 36 36 37 38 38 39 40 40 41 42 42 43 44 45 47 49 51 52 54 56 58 61 63 66 68 70 73 70 68 66 63 61 59 57 56 55 54 53 52 51 51 50
10 10 9 9 9 8 8 8 7 7 6 7 7 8 8 9 9 10 11 12 13 14 16 17 18 20 23 26 28 31 33 36 37 37 36 36 36 36 36 36 37 37 37 37 37 38 37 37 37 37 37 36 36 37 37 38 39 39 40 41 41 42 43 44 45 46 46 48 50 52 54 56 58 60 63 66 68 71 73 76 78 76 73 70 67 65 62 59 58 57 56 55 54 54 53 52
12 11 11 11 11 10 10 9 9 8 8 8 8 9 10 10 11 11 12 14 15 16 18 19 20 23 25 28 31 34 37 40 40 40 40 39 39 39 38 38 38 38 38 38 38 38 38 38 38 38 37 37 37 38 39 40 41 42 43 44 45 46 47 47 48 49 50 52 54 56 58 61 63 65 67 69 72 74 76 78 80 78 75 72 70 67 65 62 61 60 59 58 57 56 55 55
13 13 13 13 12 12 11 11 10 10 9 9 10 11 11 12 12 13 14 16 17 18 20 21 23 25 28 31 34 37 40 43 44 43 43 42 42 41 41 40 40 40 40 40 39 39 39 39 39 39 38 38 38 39 41 42 44 45 46 48 49 49 50 51 52 52 53 55 58 60 63 65 67 70 72 73 75 77 79 80 82 80 77 75 72 70 67 65 64 63 62 61 59 58 57 57
15 15 15 15 14 14 13 12 12 11 10 11 11 12 13 13 14 15 16 17 19 20 22 23 25 28 31 34 37 40 44 47 47 47 46 45 44 44 43 42 42 42 41 41 41 40 40 40 40 39 39 39 39 41 42 44 46 48 50 52 52 53 54 54 55 56 56 59 62 64 67 69 72 74 76 77 78 80 81 82 84 81 79 77 75 72 70 68 67 65 64 63 62 61 60 60
17 17 17 17 16 15 15 14 13 13 12 12 13 13 14 15 16 16 18 19 21 22 24 26 27 30 33 37 40 44 47 51 51 50 49 48 47 46 45 44 44 43 43 42 42 41 41 41 40 40 40 40 40 42 44 46 49 51 53 55 56 57 57 58 59 59 60 62 65 68 71 74 76 79 80 81 82 83 84 84 85 83 81 79 77 75 73 71 69 68 67 66 64 63 62 62
19 19 19 18 18 17 16 16 15 14 13 13 14 15 16 17 17 18 19 21 23 24 26 28 29 32 36 40 43 47 51 54 55 53 52 51 50 49 47 46 46 45 44 43 43 42 42 41 41 41 41 41 41 43 46 48 51 54 56 59 60 60 61 61 62 63 63 66 69 72 75 78 81 84 84 85 85 86 86 87 87 85 83 81 79 77 76 74 72 71 70 68 67 66 64 65
21 20 20 20 20 19 18 17 16 15 15 15 16 16 17 18 19 20 21 23 25 26 28 30 32 35 39 43 46 50 54 58 58 57 55 54 52 51 50 48 48 47 46 45 44 43 42 42 42 42 42 42 42 44 47 50 54 57 60 63 63 64 64 65 65 66 67 70 73 76 79 82 85 88 89 89 89 89 89 89 89 87 85 83 82 80 78 77 75 74 72 71 69 68 67 67
22 22 22 22 22 21 20 19 18 17 16 16 17 18 19 20 21 22 23 25 27 28 30 32 34 37 41 45 50 54 58 62 62 60 58 57 55 54 52 51 49 48 47 46 45 43 43 43 43 43 43 43 43 46 49 53 56 59 63 66 67 68 68 68 69 69 70 73 76 80 83 86 90 93 93 92 92 92 91 91 90 89 87 86 84 83 81 79 78 76 75 73 72 70 69 70
24 24 24 24 23 22 22 21 20 20 19 19 20 21 22 23 24 24 26 28 30 31 33 35 37 40 44 48 52 56 59 63 63 62 60 58 56 55 53 52 51 49 48 47 46 45 44 44 44 44 44 44 44 47 51 55 58 62 65 69 70 71 71 72 72 73 74 76 79 82 85 88 90 93 93 93 92 92 92 91 91 90 88 87 85 84 82 81 80 78 77 75 74 72 71 72
26 25 25 25 25 24 24 23 23 22 22 22 23 24 25 26 26 27 29 31 33 34 36 38 40 43 47 50 54 57 61 65 65 63 61 59 58 56 54 53 52 51 49 48 47 46 46 46 46 46 46 46 46 49 53 57 60 64 68 72 73 74 74 75 76 77 78 80 82 84 86 89 91 93 93 93 93 93 92 92 92 91 89 88 87 85 84 82 81 80 78 77 76 74 73 74
27 27 27 26 26 26 26 26 25 25 25 25 26 27 28 29 29 30 32 34 35 37 39 41 43 46 49 53 56 59 63 66 66 64 62 61 59 57 56 54 53 52 51 49 48 47 47 47 47 47 47 47 47 51 55 58 62 66 70 74 76 77 78 79 79 80 81 83 85 86 88 90 92 93 93 93 93 93 93 93 93 92 90 89 88 87 85 84 83 81 80 79 78 76 75 76
29 28 28 28 28 28 28 28 28 28 28 29 29 30 31 32 32 33 35 37 38 40 42 44 46 49 52 55 58 61 64 68 67 65 64 62 60 59 57 56 54 53 52 51 49 48 48 48 48 48 48 49 49 52 56 60 65 69 73 77 78 80 81 82 83 84 85 86 88 89 90 91 92 93 93 93 93 94 94 94 94 93 91 90 89 88 87 85 84 83 82 81 80 78 77 78
30 30 30 29 29 30 30 30 31 31 31 32 32 33 34 35 35 36 37 39 41 43 45 47 49 52 55 57 60 63 66 69 69 67 65 63 62 60 58 57 56 54 53 52 51 49 49 49 49 50 50 50 50 54 58 62 67 71 75 80 81 83 84 85 87 88 89 90 90 91 91 92 93 93 93 94 94 94 94 94 95 94 92 91 90 89 88 87 86 85 84 83 81 80 79 80
32 32 31 31 31 31 32 32 33 34 34 35 35 36 37 38 38 39 40 42 44 46 48 50 52 55 57 60 62 65 68 70 70 68 66 65 63 61 59 58 57 55 54 53 52 50 50 51 51 51 51 51 52 55 60 64 69 73 78 82 84 86 87 89 90 92 93 93 93 93 93 93 93 93 94 94 94 95 95 95 95 94 93 92 91 90 89 88 87 86 85 84 83 82 81 82
34 33 33 32 32 33 34 35 36 36 37 38 39 39 40 41 41 42 43 45 47 49 51 53 55 57 60 62 65 67 69 72 71 69 68 66 64 62 61 59 58 57 55 54 53 52 52 52 52 52 53 53 53 57 62 66 71 76 80 85 87 89 90 92 94 95 97 96 96 95 95 94 94 93 94 94 95 95 96 96 96 95 95 94 93 92 91 90 89 88 87 86 85 84 83 84
37 37 38 38 39 39 40 41 41 42 43 43 44 44 44 45 45 46 47 49 50 52 54 56 57 59 61 63 66 68 70 72 71 70 68 67 65 64 62 61 60 59 58 57 56 55 55 55 55 55 56 56 56 60 65 69 74 78 83 87 89 91 93 94 96 98 100 99 98 98 97 97 96 95 96 96 96 97 97 97 98 97 96 95 94 94 93 92 91 91 90 89 88 88 87 88
40 41 43 44 45 45 46 46 47 47 48 48 49 49 49 49 49 50 51 52 53 55 56 58 59 61 63 65 67 68 70 72 72 70 69 68 67 65 64 63 62 61 60 60 59 58 58 58 58 59 59 59 59 63 67 72 76 80 85 89 91 93 95 97 99 100 102 102 101 100 100 99 98 98 98 98 98 98 99 99 99 98 98 97 96 96 95 94 94 93 93 92 92 91 91 91
43 45 47 50 51 51 52 52 52 53 53 54 54 53 53 53 53 53 54 55 57 58 59 60 61 63 64 66 67 69 71 72 72 71 70 69 68 67 66 65 64 64 63 62 62 61 61 61 62 62 62 62 63 66 70 74 79 83 87 91 93 95 97 99 101 103 105 104 104 103 102 101 101 100 100 100 100 100 100 100 100 100 99 99 98 97 97 96 96 96 95 95 95 95 94 95
47 49 52 55 57 57 58 58 58 58 59 59 58 58 58 58 58 57 58 59 60 61 61 62 63 65 66 67 68 70 71 72 72 71 71 70 69 68 68 67 67 66 66 65 65 64 64 64 65 65 65 65 66 69 73 77 81 85 89 93 95 97 100 102 104 106 108 107 106 105 105 104 103 102 102 102 102 102 102 102 102 101 101 100 100 99 99 98 98 98 98 98 98 98 98 98
50 54 57 61 63 63 63 64 64 64 64 64 63 63 63 62 62 61 61 62 63 63 64 65 65 66 67 68 69 70 72 73 72 72 71 71 70 70 69 69 69 68 68 68 67 67 67 68 68 68 68 69 69 72 76 80 84 88 91 95 98 100 102 104 106 108 110 110 109 108 107 106 105 104 104 104 104 104 103 103 103 103 102 102 102 101 101 101 101 101 101 101 101 101 102 102
53 58 62 67 69 69 69 69 69 69 69 69 68 68 67 66 66 65 65 65 66 66 67 67 67 68 69 70 70 71 72 73 73 72 72 72 72 71 71 71 71 71 71 70 70 70 70 71 71 71 72 72 72 75 79 83 86 90 94 97 100 102 104 106 109 111 113 112 111 110 109 108 107 106 106 106 106 105 105 105 104 104 104 104 103 103 103 103 103 103 104 104 104 105 105 105
56 61 67 72 75 75 75 75 75 75 74 74 73 72 71 70 70 69 68 69 69 69 69 69 69 70 70 71 71 72 72 73 73 73 73 73 73 73 73 73 73 73 73 73 73 73 73 74 74 74 75 75 75 78 82 85 89 92 96 99 102 104 106 109 111 113 116 115 114 113 112 111 110 109 108 108 107 107 106 106 106 105 105 105 105 105 105 105 105 106 106 107 107 108 109 108
57 62 67 73 75 75 75 75 75 75 75 74 73 73 72 71 70 69 69 69 69 70 70 70 70 71 72 72 73 74 75 75 75 75 75 75 74 74 74 74 74 74 74 74 74 74 75 76 76 77 78 79 79 82 86 89 93 96 100 103 105 107 109 110 112 114 115 115 114 113 112 111 110 109 109 108 108 107 107 107 106 106 106 106 106 105 105 105 106 106 107 107 108 108 109 109
58 63 68 73 75 75 75 75 75 75 75 75 74 73 72 71 70 70 69 70 70 70 70 71 71 72 73 74 75 76 77 78 78 77 77 76 76 75 75 75 75 75 75 75 75 76 76 78 79 80 81 82 83 86 90 93 97 100 104 107 109 110 111 112 113 114 115 114 113 113 112 111 110 109 109 109 108 108 108 108 107 107 107 106 106 106 106 105 106 106 107 108 108 109 109 110
59 64 69 73 76 76 75 75 75 75 75 75 74 73 72 72 71 70 70 70 71 71 71 71 72 73 74 75 76 78 79 80 80 79 79 78 77 76 76 76 76 76 76 76 77 77 78 80 81 83 84 86 87 90 94 97 101 104 108 111 112 112 113 113 114 114 115 114 113 113 112 111 110 110 109 109 109 109 109 108 108 108 107 107 107 106 106 106 106 107 107 108 109 109 110 110
60 65 69 74 76 76 76 76 76 76 76 75 74 74 73 72 71 70 70 71 71 72 72 72 73 74 75 77 78 80 81 83 82 81 81 80 79 78 77 77 77 77 77 77 78 78 80 81 83 85 87 89 91 95 98 101 105 108 112 115 115 115 115 115 115 115 115 114 113 113 112 111 111 110 110 110 110 109 109 109 109 109 108 108 107 107 106 106 107 107 108 108 109 109 110 111
62 66 70 74 76 76 76 76 76 76 76 75 75 74 73 72 72 71 71 71 72 72 73 73 73 75 76 78 80 82 83 85 85 84 82 81 80 79 78 78 78 78 78 79 79 79 81 83 86 88 91 93 95 99 102 105 109 112 115 119 119 118 117 116 116 115 114 114 113 113 112 111 111 110 110 110 110 110 110 110 110 109 109 108 108 107 107 106 107 108 108 109 109 110 110 111
63 67 71 74 76 76 76 76 76 76 76 76 75 74 74 73 72 71 71 72 72 73 73 74 74 76 78 80 82 84 85 87 87 86 84 83 81 80 79 79 79 79 79 80 80 80 83 85 88 91 94 97 99 103 106 109 113 116 119 123 122 121 119 118 117 115 114 113 113 113 112 112 111 111 111 111 111 111 111 111 111 110 110 109 108 108 107 107 107 108 109 109 110 110 111 112
64 68 71 75 77 77 77 77 77 77 77 76 75 75 74 73 72 72 72 72 73 73 74 74 75 77 79 81 83 85 88 90 89 88 86 85 83 81 80 80 80 80 81 81 81 81 84 87 90 94 97 100 103 107 110 113 117 120 123 127 125 124 122 120 118 116 114 114 113 113 112 112 111 111 111 111 111 111 111 111 112 111 110 110 109 108 108 107 108 108 109 110 110 111 111 113
65 69 72 76 78 78 78 77 77 77 77 77 76 75 74 73 73 72 72 73 73 74 74 75 75 77 80 83 85 88 90 93 92 91 89 87 85 84 82 82 82 82 83 83 83 83 86 90 93 96 100 103 107 110 114 117 121 124 128 131 130 128 126 124 123 121 119 118 117 115 114 113 112 111 111 111 111 111 111 111 111 110 110 110 109 109 108 108 109 109 110 110 111 112 112 114
66 70 74 77 79 79 78 78 78 78 78 77 76 75 75 74 73 72 72 73 73 74 75 75 76 78 81 84 87 90 93 96 95 93 92 90 88 86 84 84 84 84 85 85 85 85 88 92 95 99 103 106 110 113 117 121 124 128 132 136 134 133 131 129 127 125 124 122 120 118 116 115 113 111 111 111 111 110 110 110 110 110 110 109 109 109 109 109 109 110 111 111 112 113 114 115
68 71 75 78 80 80 79 79 79 78 78 78 77 76 75 74 73 72 72 73 74 74 75 76 76 79 82 85 89 92 95 99 98 96 94 92 90 88 86 86 86 86 87 87 87 87 90 94 98 102 105 109 113 117 121 125 128 132 136 140 139 137 135 133 132 130 128 126 123 121 118 116 113 111 111 111 110 110 110 110 109 109 109 109 109 109 109 109 110 111 112 112 113 114 115 116
69 73 76 80 81 81 80 80 79 79 79 78 77 76 75 74 73 72 72 73 74 75 75 76 77 80 83 87 90 94 98 101 101 99 97 95 93 90 88 88 88 88 89 89 89 89 93 96 100 104 108 112 116 120 124 128 132 136 140 144 143 142 140 138 136 135 133 130 127 124 120 117 114 111 111 110 110 110 109 109 109 109 109 109 109 110 110 110 111 112 113 113 114 115 116 117
70 74 77 81 82 82 81 81 80 80 79 78 77 76 75 74 73 72 73 73 74 75 76 77 77 80 84 88 92 96 100 104 104 102 99 97 95 93 90 90 90 90 91 91 91 91 95 99 103 107 111 115 119 124 128 132 136 140 145 149 148 146 144 143 141 139 137 134 130 126 122 119 115 111 111 110 110 109 109 108 108 108 109 109 110 110 110 111 112 113 113 114 115 116 117 118
72 75 78 82 83 83 82 81 81 80 80 79 78 77 76 75 74 73 73 74 74 75 76 77 78 81 85 90 94 98 103 107 107 104 102 100 97 95 93 92 92 93 93 93 93 93 97 101 105 110 114 118 123 127 131 136 140 145 149 153 152 151 149 147 145 144 142 138 133 129 124 120 115 111 110 110 109 109 108 108 107 108 108 109 110 110 111 112 113 113 114 115 116 117 118 119
73 76 79 83 84 83 83 82 82 81 80 79 78 77 76 75 74 73 73 74 75 76 76 77 78 82 86 91 95 100 105 109 109 106 104 102 99 97 94 94 94 94 95 95 95 95 99 103 108 112 117 121 126 130 135 139 143 148 152 157 156 154 152 151 149 147 146 141 136 131 126 121 116 111 111 110 109 109 108 108 107 108 109 109 110 111 112 112 113 114 115 116 117 118 120 121
73 76 79 83 84 83 83 82 82 81 81 80 79 78 77 76 75 74 74 75 75 76 77 78 79 82 86 90 94 98 102 107 106 104 102 100 98 96 93 93 94 95 95 96 97 97 101 105 110 114 119 123 127 131 135 139 143 147 151 155 154 152 150 149 147 145 143 139 135 131 126 122 118 114 113 112 112 111 110 110 109 110 111 111 112 113 113 114 115 116 118 119 120 121 123 124
74 77 80 82 84 83 83 83 82 82 81 81 80 79 78 77 76 75 75 75 76 77 77 78 79 81 85 89 93 97 100 104 104 102 100 98 96 95 93 93 94 95 96 97 98 99 103 108 112 116 121 125 129 133 136 139 143 146 149 153 151 150 148 146 145 143 141 138 134 130 127 123 119 116 115 114 114 113 113 112 111 112 113 113 114 114 115 115 117 118 120 121 123 124 126 127
