pluvio/pluvio-346.asc
ncols         252
nrows         154
xllcorner     -0.5
yllcorner     -153.5
cellsize      1
NODATA_value  -9999
[rows 0 to 54 of 154, columns 96 to 191 of 252]
18 19 20 21 22 22 22 21 21 20 19 19 18 18 18 18 18 19 19 19 19 19 19 19 19 19 19 17 15 14 12 10 8 7 7 6 6 6 6 6 5 5 5 5 5 5 5 5 6 7 8 9 9 10 11 12 13 14 15 16 16 17 18 18 19 19 20 20 19 17 15 13 11 9 7 6 5 5 4 3 3 2 2 2 2 2 1 1 1 1 1 1 1 1 1 1
19 20 21 22 23 24 23 22 21 20 19 18 18 18 18 19 19 20 20 20 21 21 21 21 22 22 21 19 16 14 11 9 7 5 5 5 4 4 4 4 4 4 4 4 4 4 4 4 5 6 7 8 9 10 10 11 12 13 14 15 16 16 17 18 18 19 19 20 19 17 15 13 11 9 7 6 5 4 4 3 2 1 1 1 1 1 2 2 2 2 2 2 2 2 2 2
19 21 22 23 24 25 24 22 21 20 19 18 17 18 18 19 20 21 22 22 23 23 23 24 24 24 24 20 17 14 11 8 5 3 3 3 3 3 2 2 2 2 2 2 2 2 2 3 4 5 6 7 8 9 10 11 11 12 13 14 15 15 16 17 18 18 19 20 19 17 15 13 11 9 7 6 5 4 3 3 2 1 1 1 1 1 2 2 2 2 2 2 2 2 2 2
20 21 23 24 25 26 25 23 22 20 19 17 16 17 18 20 21 22 23 24 24 25 25 26 26 27 26 22 18 15 11 7 3 1 1 1 1 1 1 1 1 1 1 1 1 1 1 1 2 4 5 6 7 9 9 10 11 12 12 13 14 14 15 16 17 18 19 20 19 17 15 13 11 9 7 5 5 4 3 2 1 1 0 1 1 1 2 2 2 2 2 2 2 2 2 2
20 22 23 24 26 26 25 23 22 20 19 17 16 18 19 20 21 23 24 25 25 26 26 27 27 28 27 23 19 15 12 8 4 2 2 2 2 2 2 2 1 1 1 1 1 1 1 1 2 3 5 6 7 8 9 10 10 11 12 12 13 14 15 15 16 17 18 19 19 17 15 13 11 8 6 5 4 4 3 2 1 0 0 1 1 2 2 2 3 3 3 3 3 3 3 3
20 22 23 24 25 26 24 23 22 21 19 18 17 18 20 21 22 23 24 25 25 26 26 26 27 27 26 23 20 16 13 10 7 5 5 5 5 4 4 4 4 4 3 3 3 2 2 2 3 4 5 6 7 8 9 9 10 10 11 11 12 13 14 15 16 17 18 18 18 16 14 12 10 8 6 5 4 4 3 2 2 1 1 1 1 2 2 2 3 3 3 3 4 4 4 5
20 21 22 23 24 25 24 23 22 21 20 19 18 19 20 21 22 23 24 25 25 25 26 26 26 26 26 23 20 17 15 12 9 8 8 7 7 7 7 7 7 6 6 5 4 4 3 3 4 5 5 6 7 8 9 9 9 10 10 11 11 12 13 14 15 16 17 18 17 15 13 12 10 8 6 5 5 4 3 3 2 1 1 1 2 2 2 2 3 3 4 4 4 5 5 6
21 21 22 23 24 24 23 23 22 21 20 20 19 20 21 22 23 24 24 25 25 25 25 25 25 26 25 23 21 18 16 14 12 10 10 10 10 10 10 10 10 9 8 7 6 5 4 4 5 5 6 6 7 8 8 9 9 9 10 10 10 11 12 13 14 15 16 17 16 15 13 11 10 8 6 5 5 4 3 3 2 2 2 2 2 2 2 2 3 3 4 5 5 6 7 7
21 21 22 22 23 24 23 22 22 21 21 20 20 21 22 22 23 24 25 25 25 25 25 25 25 25 24 23 21 19 18 16 15 13 13 13 13 13 13 13 13 12 10 9 8 7 5 5 5 6 6 7 7 8 8 8 8 9 9 9 9 10 11 12 13 14 15 16 15 14 12 11 9 8 6 5 5 4 4 3 3 2 2 2 2 2 2 3 3 3 4 5 6 7 8 9
21 21 22 22 22 23 23 22 22 22 21 21 21 22 22 23 24 24 25 25 25 25 25 25 24 24 24 23 22 20 19 18 17 16 16 16 16 16 16 16 16 14 13 11 10 8 7 6 6 6 7 7 7 7 8 8 8 8 8 8 8 9 10 11 12 13 14 15 15 13 12 10 9 8 6 5 5 4 4 3 3 2 2 2 2 3 3 3 3 4 5 6 7 8 9 10
21 21 21 22 22 22 22 22 22 22 22 22 22 23 23 24 24 24 25 25 25 25 24 24 24 24 23 23 22 22 21 20 20 19 19 19 19 19 19 19 18 17 15 13 11 10 8 7 7 7 7 7 7 7 7 7 7 8 8 8 8 8 9 10 11 12 13 14 14 12 11 10 9 7 6 5 5 5 4 4 3 3 3 3 3 3 3 3 3 4 5 6 8 9 10 11
21 21 21 21 21 22 22 22 22 22 22 22 22 23 23 24 24 25 25 26 25 25 25 24 24 24 23 23 23 23 22 22 22 22 22 22 22 22 22 22 22 20 18 16 14 12 10 9 9 8 8 8 8 7 7 7 7 7 8 8 8 8 9 10 11 12 13 14 13 12 11 10 9 7 6 6 5 5 4 4 4 3 3 3 3 3 3 3 3 4 5 6 8 9 10 11
20 21 21 21 21 22 22 22 22 22 22 22 22 23 23 24 24 25 26 26 26 25 25 25 24 24 24 24 24 24 24 24 24 24 24 24 25 25 25 25 25 23 21 19 17 15 13 12 11 10 10 9 8 7 7 7 8 8 8 8 9 9 10 11 11 12 13 14 13 12 11 10 9 8 6 6 5 5 5 4 4 3 3 3 3 3 3 3 3 4 5 6 7 8 10 11
20 21 21 21 21 21 21 22 22 22 22 22 22 23 23 24 25 25 26 26 26 26 25 25 25 24 24 24 24 25 25 25 25 25 26 26 27 28 28 29 28 26 24 22 20 19 17 15 14 12 11 10 9 7 7 7 8 8 9 9 10 10 11 11 12 12 13 14 13 12 11 10 9 8 7 6 6 5 5 4 4 4 4 4 4 4 4 4 4 4 5 6 7 8 9 10
20 20 21 21 21 21 21 21 21 21 22 22 22 23 23 24 25 26 26 27 27 26 26 25 25 25 25 25 25 26 26 26 27 27 28 29 29 30 31 32 31 29 28 26 24 22 20 18 16 15 13 11 9 7 7 7 8 9 9 10 10 11 11 12 12 13 13 14 13 12 11 10 9 8 7 6 6 6 5 5 4 4 4 4 4 4 4 4 4 5 5 6 7 8 8 9
20 20 20 21 21 21 21 21 21 21 21 21 22 22 23 24 25 26 27 27 27 27 26 26 26 25 25 26 26 27 27 28 28 29 30 31 32 33 34 35 35 33 31 29 27 25 23 21 19 17 14 12 10 8 7 8 8 9 10 11 11 12 12 12 13 13 13 14 13 12 11 10 9 8 7 7 6 6 5 5 5 4 4 4 4 4 4 4 4 5 5 6 6 7 8 8
20 20 20 20 21 21 21 21 21 21 21 21 21 22 23 24 25 26 27 28 27 27 27 26 26 26 26 26 27 28 29 29 30 31 32 33 34 36 37 38 38 36 34 32 30 28 26 24 21 19 16 13 10 8 7 8 8 9 10 11 12 13 13 13 13 13 13 14 13 12 11 10 9 8 7 7 6 6 6 5 5 5 5 5 5 5 5 5 5 5 5 6 6 7 7 7
20 20 20 20 21 21 21 21 21 21 21 21 21 22 23 24 25 27 28 28 28 28 27 27 26 26 26 27 28 29 30 31 32 33 34 36 37 38 40 41 41 39 37 35 33 32 30 27 24 21 17 14 11 8 6 8 9 10 11 12 13 14 14 14 14 14 14 14 13 12 11 10 9 9 8 7 7 6 6 6 5 5 5 5 5 5 5 5 5 5 5 6 6 6 6 7
19 20 20 20 20 20 20 20 21 21 21 21 21 23 24 25 26 28 29 30 29 29 28 28 28 27 27 28 29 29 30 31 32 33 34 36 37 39 40 42 42 40 39 37 35 33 31 29 25 22 18 15 11 8 7 8 9 10 11 12 14 14 14 14 14 14 14 14 13 12 11 10 9 8 8 7 7 6 6 6 5 5 5 5 5 5 5 6 6 6 6 6 6 6 6 6
19 19 19 19 19 19 20 20 20 21 21 21 22 23 25 26 28 29 31 32 31 31 30 30 29 29 29 29 29 29 30 30 30 31 33 35 36 38 40 42 42 40 39 37 35 33 31 29 25 22 19 15 12 8 7 8 9 11 12 13 14 14 14 14 14 14 14 13 13 12 11 10 9 8 7 7 7 6 6 6 6 5 5 5 6 6 6 6 6 6 6 6 6 6 6 6
19 19 19 19 19 19 19 20 20 21 21 22 22 24 26 28 29 31 33 34 33 33 32 32 31 30 30 30 30 30 29 29 29 30 32 34 36 38 39 41 42 40 38 37 35 33 32 29 26 22 19 16 12 9 8 9 10 11 12 13 14 15 14 14 14 14 14 13 13 12 11 10 9 8 7 7 6 6 6 6 6 5 6 6 6 6 6 7 7 7 7 6 6 6 6 6
18 18 18 18 18 18 19 19 20 21 21 22 23 25 27 29 31 33 35 36 35 35 34 33 33 32 31 31 30 30 29 29 28 28 30 33 35 37 39 41 42 40 38 37 35 33 32 29 26 23 19 16 13 9 8 9 10 11 12 13 14 15 15 14 14 14 13 13 13 12 11 10 9 8 7 6 6 6 6 6 6 6 6 6 6 7 7 7 8 7 7 7 6 6 6 5
18 18 17 17 17 17 18 19 20 21 21 22 23 26 28 30 32 34 37 38 37 37 36 35 34 34 33 32 31 30 29 28 27 27 29 31 34 36 38 41 42 40 38 37 35 34 32 30 26 23 20 16 13 10 8 9 11 12 13 14 15 15 15 14 14 14 13 13 12 11 10 10 9 8 7 6 6 6 6 6 6 6 6 6 7 7 8 8 8 8 8 7 7 6 6 5
17 17 17 17 17 17 18 19 20 21 22 23 24 26 29 31 34 36 38 40 39 39 38 37 36 35 34 33 31 30 28 27 26 25 28 30 33 35 38 40 41 40 38 37 35 34 32 30 27 23 20 17 13 10 9 10 11 12 13 14 15 15 15 14 14 14 13 13 12 11 10 9 8 7 6 6 6 6 6 6 6 6 6 7 7 8 8 9 9 9 8 7 7 6 5 5
17 17 16 16 16 16 17 18 19 21 22 23 24 27 30 32 35 38 40 42 41 40 40 39 38 37 36 34 32 30 28 26 24 24 27 29 32 35 37 40 41 40 38 37 35 34 32 30 27 24 20 17 14 11 9 10 11 12 13 14 15 15 15 15 14 14 13 13 12 11 10 9 8 7 6 6 6 6 6 6 6 6 7 7 8 8 9 9 10 9 8 8 7 6 5 5
17 17 17 17 17 17 18 19 20 21 22 23 24 26 29 31 34 36 39 41 40 39 39 38 37 37 36 34 32 30 28 26 24 23 26 28 31 33 36 38 39 38 37 35 34 32 31 29 26 23 20 17 14 11 9 10 11 12 13 14 15 15 15 14 14 13 13 13 12 11 10 9 8 7 7 6 6 6 6 6 6 6 7 7 8 8 9 9 10 9 9 8 7 6 6 5
17 18 18 18 18 18 19 20 20 21 21 22 23 25 27 30 32 34 36 38 37 37 36 36 36 35 34 33 31 29 27 26 24 23 26 28 30 32 34 36 36 35 34 33 31 30 29 27 24 21 19 16 13 11 9 10 11 12 13 13 14 14 14 14 13 13 13 13 12 11 10 10 9 8 7 7 7 7 7 7 7 7 7 7 8 8 9 9 9 9 8 8 7 7 6 5
18 18 19 19 19 20 20 20 21 21 21 22 22 24 26 28 29 31 33 34 34 34 34 34 34 34 33 32 30 29 27 26 24 24 25 27 28 30 32 33 34 32 31 30 29 28 26 25 22 20 18 15 13 10 10 10 11 11 12 13 13 14 13 13 13 13 13 13 12 11 11 10 9 8 8 7 7 7 7 7 7 7 7 7 8 8 8 9 9 9 8 8 7 7 6 6
18 19 20 20 21 22 21 21 21 21 21 21 21 23 24 26 27 29 30 31 31 31 32 32 32 32 32 31 29 28 27 25 24 24 25 26 27 28 29 31 31 30 29 27 26 25 24 22 20 18 16 14 12 10 10 10 11 11 12 12 13 13 13 13 13 13 13 13 12 12 11 10 10 9 8 8 8 8 8 7 7 7 7 7 8 8 8 9 9 9 8 8 7 7 7 6
19 19 20 21 22 23 23 22 22 21 21 21 20 22 23 24 25 26 27 28 28 29 29 30 30 31 31 30 29 27 26 25 24 24 24 25 26 27 27 28 28 27 26 25 24 23 22 20 19 17 15 14 12 10 10 10 10 11 11 11 12 12 12 12 12 12 12 13 12 12 11 11 10 9 9 9 8 8 8 8 8 7 7 8 8 8 8 8 8 8 8 8 7 7 7 7
19 20 21 23 24 25 24 23 22 22 21 20 20 20 21 22 22 23 24 25 25 26 27 28 29 29 30 29 28 27 26 25 24 24 24 24 25 25 25 26 25 24 23 22 21 20 19 18 17 16 14 13 12 10 10 10 10 10 11 11 11 11 12 12 12 12 12 13 12 12 11 11 10 10 10 9 9 9 8 8 8 8 8 8 8 8 8 8 8 8 8 8 8 7 7 7
19 21 22 24 25 26 25 24 23 22 21 20 19 19 19 20 20 21 21 21 23 24 25 26 27 28 28 28 27 26 26 25 24 24 24 23 23 23 23 23 23 22 21 20 19 18 17 16 15 14 13 12 11 10 10 10 10 10 10 10 10 11 11 11 12 12 12 12 12 12 12 11 11 10 10 10 9 9 9 9 8 8 8 8 8 8 8 8 8 8 8 8 8 8 8 8
19 21 22 24 25 26 25 24 23 22 21 20 19 19 19 20 20 20 20 21 22 22 23 24 25 26 27 26 26 25 25 24 24 23 23 23 22 22 22 21 21 20 19 18 17 16 15 15 14 13 13 12 11 10 10 10 10 10 11 11 11 11 11 12 12 12 12 13 13 12 12 12 12 12 11 11 10 10 10 9 9 8 8 8 8 7 7 7 7 7 7 7 7 7 7 7
19 20 22 23 24 25 25 24 23 22 21 20 20 20 20 20 20 20 21 21 21 22 22 23 24 24 24 24 24 24 23 23 23 23 22 22 21 21 20 20 19 19 18 17 16 15 14 13 13 13 12 12 11 11 11 11 11 11 11 12 12 12 12 12 13 13 13 13 13 13 13 13 13 13 13 12 12 11 10 10 9 8 8 8 7 7 7 6 6 6 6 6 6 6 6 6
19 20 21 23 24 25 24 23 23 22 22 21 20 21 21 21 21 21 21 21 21 21 22 22 22 22 22 22 22 22 22 22 22 22 22 21 20 20 19 19 18 17 16 15 15 14 13 12 12 12 12 11 11 11 11 11 12 12 12 13 13 13 13 13 13 13 13 14 14 14 14 14 14 14 14 14 13 12 11 10 10 9 8 8 7 6 6 5 5 5 5 5 5 5 5 5
19 20 21 22 23 24 24 23 23 22 22 22 21 21 21 21 21 21 21 21 21 21 21 21 20 20 20 20 21 21 21 21 22 21 21 20 19 19 18 17 17 16 15 14 13 12 12 11 11 11 11 11 11 11 12 12 12 13 13 13 14 14 14 14 14 14 14 14 14 14 15 15 15 16 16 15 14 13 12 11 10 9 8 7 7 6 5 5 4 4 4 4 4 4 4 4
19 20 21 21 22 23 23 23 23 22 22 22 22 22 22 22 22 22 22 22 21 20 20 19 19 18 18 18 19 19 20 20 21 21 20 19 18 18 17 16 15 14 14 13 12 11 10 10 10 11 11 11 11 12 12 13 13 13 14 14 15 15 15 15 15 15 14 14 15 15 15 16 16 17 17 17 16 14 13 12 10 9 8 7 6 5 5 4 3 3 3 3 3 2 2 2
19 19 20 21 22 22 22 22 23 23 23 23 23 23 23 22 22 22 22 22 21 20 19 18 17 16 16 17 17 18 19 19 20 20 19 18 17 17 16 15 14 13 12 11 11 10 9 9 9 10 10 11 12 12 13 13 14 14 15 15 16 16 16 16 15 15 15 15 15 16 16 17 18 18 19 18 17 15 14 12 11 9 8 7 6 5 4 3 2 1 1 1 1 1 1 1
18 19 20 20 21 22 22 22 22 23 23 23 23 23 23 23 23 23 22 22 21 19 18 17 16 14 14 15 16 17 18 18 19 20 19 18 16 15 14 13 12 12 11 10 9 8 8 8 8 9 10 11 12 12 13 14 14 15 16 16 17 17 17 16 16 16 15 15 15 16 17 18 19 20 20 20 18 16 15 13 11 10 8 7 6 4 3 2 1 0 0 0 0 0 0 0
19 19 20 21 21 22 22 23 23 24 24 24 25 24 24 24 23 23 22 22 21 19 18 17 16 14 14 15 16 17 18 19 20 20 19 18 17 15 14 13 12 11 10 9 8 7 7 7 8 8 9 10 11 12 13 14 15 15 16 17 17 18 17 17 16 16 16 15 16 16 17 18 18 19 20 19 17 16 14 13 11 9 8 7 5 4 3 2 0 0 0 0 0 0 0 0
19 20 20 21 22 22 23 24 24 25 25 26 26 26 25 24 24 23 22 22 21 20 18 17 16 15 15 16 17 18 19 20 21 21 20 18 17 15 14 13 11 10 9 8 8 7 6 6 7 8 9 10 11 12 13 14 15 15 16 17 18 18 18 17 17 16 16 16 16 16 17 17 18 18 18 18 16 15 13 12 10 9 7 6 5 4 3 2 0 0 0 0 0 0 0 0
19 20 21 22 22 23 24 24 25 26 27 27 28 27 26 25 24 23 22 21 20 20 19 18 17 16 16 17 18 19 20 21 22 22 21 19 17 16 14 12 11 10 9 8 7 6 5 5 6 7 8 9 10 12 13 14 15 15 16 17 18 19 18 18 17 17 16 16 16 16 16 16 17 17 17 16 15 14 12 11 9 8 7 6 5 4 2 1 0 0 0 0 0 0 0 0
19 20 21 22 23 24 25 25 26 27 28 29 29 28 27 26 24 23 22 21 20 20 19 18 18 17 17 18 19 20 21 22 23 23 21 19 18 16 14 12 10 9 8 7 6 5 4 4 5 6 7 9 10 11 12 13 14 16 17 18 19 19 19 18 17 17 16 16 16 16 16 16 16 16 16 15 14 13 11 10 9 7 6 5 4 3 2 1 0 0 0 0 0 0 0 0
20 21 22 22 23 24 25 26 27 28 29 30 31 29 28 26 25 23 22 21 20 20 19 19 18 18 18 19 20 21 22 23 24 24 22 20 18 16 14 12 10 9 8 6 5 4 3 3 4 5 7 8 9 11 12 13 14 16 17 18 19 20 19 18 18 17 17 16 16 16 15 15 15 15 15 14 13 11 10 9 8 7 6 5 4 3 2 1 0 0 0 0 0 0 0 0
20 21 22 23 24 25 26 27 28 29 30 31 32 30 29 27 25 24 22 21 20 20 20 19 19 19 19 20 21 22 23 24 25 25 23 21 18 16 14 12 10 8 7 6 5 3 2 2 3 5 6 8 9 10 12 13 14 16 17 18 20 20 19 19 18 18 17 16 16 15 15 14 14 14 13 12 11 10 9 8 7 6 5 4 4 3 2 1 0 0 0 0 0 0 0 0
20 21 22 23 25 26 27 28 29 30 32 33 33 32 30 28 26 24 22 20 20 20 20 20 20 20 20 21 22 23 24 25 26 26 23 21 19 16 14 11 9 8 7 5 4 2 1 1 2 4 5 7 9 10 12 13 14 16 17 19 20 21 20 19 19 18 17 16 16 15 14 14 13 13 12 11 10 9 8 7 6 5 5 4 3 2 2 1 0 0 0 0 0 0 0 0
20 21 22 23 25 26 27 28 29 30 31 32 33 31 29 27 25 24 22 20 20 20 20 20 19 19 19 20 21 22 24 25 26 26 23 21 19 16 14 12 10 8 7 6 4 3 2 2 3 4 6 7 9 10 11 13 14 15 17 18 19 20 19 19 18 17 17 16 16 15 14 14 13 12 11 11 10 9 8 8 7 6 5 5 4 3 3 2 1 1 1 1 1 1 1 1
21 22 23 23 24 25 26 27 28 29 30 31 31 29 28 26 25 23 22 20 20 20 19 19 19 18 18 19 20 22 23 24 25 25 23 21 18 16 14 12 10 9 8 7 5 4 3 3 4 5 7 8 9 10 11 12 14 15 16 17 18 18 18 18 17 17 16 16 15 15 14 13 13 12 11 11 10 9 9 8 8 7 6 6 5 5 4 4 3 3 3 3 3 3 3 3
21 22 23 23 24 25 26 26 27 28 29 29 30 28 27 26 24 23 22 21 20 19 19 18 18 17 17 18 20 21 22 23 24 24 22 20 18 16 14 12 11 10 9 8 6 5 4 4 5 6 7 8 9 10 11 12 13 14 15 16 17 17 17 17 16 16 16 16 15 14 14 13 13 12 11 11 10 10 9 9 8 8 7 7 6 6 6 5 5 4 5 5 5 5 5 5
21 22 23 23 24 25 25 26 26 27 27 28 28 27 26 25 24 23 22 21 20 19 19 18 17 16 16 18 19 20 21 22 23 23 22 20 18 16 14 13 11 10 9 8 8 7 6 5 6 7 8 9 9 10 11 12 13 13 14 15 16 16 16 16 16 15 15 15 15 14 14 13 12 12 11 11 10 10 10 9 9 9 8 8 8 7 7 7 6 6 6 6 6 7 7 7
21 22 23 23 24 24 25 25 25 26 26 26 27 26 25 24 23 22 21 21 20 19 18 17 16 16 15 17 18 19 20 21 22 23 21 19 18 16 15 13 12 11 10 9 9 8 7 7 7 8 8 9 10 10 11 11 12 13 13 14 14 15 15 15 15 15 15 15 15 14 13 13 12 12 11 11 11 10 10 10 10 10 9 9 9 9 8 8 8 8 8 8 8 8 8 9
22 22 23 23 24 24 24 24 25 25 25 25 25 24 24 23 23 22 21 21 20 19 18 17 16 15 14 16 17 18 19 20 22 22 21 19 18 16 15 13 12 12 11 10 10 9 8 8 8 9 9 10 10 10 11 11 11 12 12 13 13 13 14 14 14 14 14 15 14 14 13 13 12 12 11 11 11 11 11 11 11 11 11 10 10 10 10 9 9 9 9 10 10 10 10 10
22 22 23 23 24 24 24 24 24 24 24 24 24 23 23 22 22 22 21 21 20 18 17 16 15 14 13 15 16 17 18 20 21 21 20 19 18 16 15 14 13 12 12 11 11 10 9 9 9 10 10 10 10 10 11 11 11 11 11 12 12 12 13 13 13 14 14 14 14 14 13 12 12 11 11 11 11 11 11 11 11 12 12 11 11 11 11 11 11 11 11 11 12 12 12 12
22 22 22 23 23 23 23 23 23 23 22 22 22 22 21 21 20 20 20 19 18 17 16 15 14 13 13 14 15 16 17 18 19 19 18 17 16 15 14 13 12 12 11 11 10 10 9 9 9 9 9 9 9 10 10 10 10 11 11 11 12 12 12 13 13 13 14 14 14 13 13 12 12 12 11 11 11 11 12 12 12 12 12 12 12 12 12 12 12 12 12 12 12 12 13 13
21 21 22 22 22 23 22 22 22 21 21 21 20 20 20 19 19 18 18 17 16 16 15 14 13 12 12 13 14 14 15 16 17 17 16 15 15 14 13 12 11 11 10 10 9 9 8 8 8 8 8 9 9 9 9 9 10 10 11 11 11 12 12 12 13 13 13 14 14 13 13 12 12 12 11 11 12 12 12 12 12 12 13 13 13 13 13 13 13 13 13 13 13 13 13 13
