pluvio/pluvio-345.asc
ncols         252
nrows         154
xllcorner     -0.5
yllcorner     -153.5
cellsize      1
NODATA_value  -9999
[rows 88 to 131 of 154, columns 96 to 191 of 252]
306 307 308 309 309 310 308 306 305 303 301 300 298 295 292 288 285 282 279 275 266 258 250 241 233 224 218 216 215 213 212 210 209 206 200 195 190 185 180 174 170 167 165 162 160 157 155 154 155 156 157 158 159 161 162 164 166 168 170 172 174 178 185 192 199 206 213 221 216 204 191 179 166 154 141 136 135 135 134 134 133 132 130 126 122 118 115 111 107 104 102 100 98 96 94 92
313 313 313 314 314 314 312 309 307 304 302 299 297 294 291 289 286 283 280 276 269 261 254 246 239 231 226 227 227 228 228 229 229 227 219 211 202 194 186 178 172 170 167 165 162 160 157 156 157 159 160 161 162 163 165 167 170 172 174 177 179 183 189 195 201 207 213 219 214 202 190 178 166 154 141 136 136 135 134 133 133 132 129 125 121 117 114 110 106 103 101 99 97 94 92 90
319 319 319 319 319 319 315 312 309 306 303 299 296 294 291 289 286 284 281 278 271 265 258 251 245 238 234 237 239 242 245 247 250 248 237 226 215 204 193 182 174 172 169 167 165 162 160 159 160 161 162 163 164 166 167 170 173 176 179 182 184 188 193 198 202 207 212 217 212 200 189 177 165 153 142 137 136 135 134 133 132 131 129 125 120 116 112 108 104 102 99 97 95 93 90 88
326 326 325 325 324 323 319 315 311 307 303 299 296 293 291 289 287 285 283 279 274 268 262 256 251 245 242 247 252 256 261 266 271 269 255 241 227 213 199 185 176 174 172 169 167 165 162 162 163 164 165 166 167 168 170 173 177 180 183 186 190 193 197 200 204 207 211 215 210 199 187 176 165 153 142 137 136 135 134 133 132 131 128 124 120 116 111 107 103 100 98 96 93 91 88 86
333 332 331 330 329 327 323 318 313 309 304 299 295 293 291 289 287 285 284 281 276 271 266 262 257 252 251 257 264 271 278 284 291 290 273 256 240 223 206 189 178 176 174 172 169 167 165 164 165 166 167 168 169 170 173 176 180 184 188 191 195 198 200 203 205 208 210 213 208 197 186 175 164 153 143 138 136 135 134 133 132 130 127 123 119 115 110 106 102 99 96 94 91 89 87 84
340 338 337 335 334 332 326 321 315 310 304 299 294 293 291 289 288 286 285 282 278 275 271 267 263 259 259 268 276 285 294 303 312 311 291 272 252 232 213 193 180 178 176 174 172 170 168 167 168 169 170 171 172 173 175 179 184 188 192 196 200 203 204 206 207 208 209 211 205 195 185 174 164 153 143 138 137 135 134 133 131 130 127 122 118 114 109 105 101 98 95 92 90 87 85 82
345 343 341 339 338 335 329 323 317 311 305 299 293 292 291 289 288 287 286 284 281 277 274 271 268 265 265 276 286 297 307 318 328 328 306 284 262 240 218 196 182 180 178 176 174 172 170 169 170 171 172 173 174 175 178 182 187 191 196 200 205 207 208 208 208 208 208 209 203 193 183 173 163 153 143 138 137 135 133 132 130 129 126 121 117 113 108 104 100 97 94 92 89 87 84 82
340 338 335 333 331 329 323 318 312 306 301 295 290 290 289 288 287 287 286 284 280 277 273 269 265 261 261 270 278 287 295 304 312 312 293 274 255 236 217 198 185 183 181 178 176 174 171 170 171 172 172 173 174 174 177 182 187 191 196 201 206 208 207 207 206 206 206 205 199 189 179 169 159 149 139 134 133 131 129 127 125 123 120 117 114 111 108 105 102 100 99 98 97 96 95 94
334 332 330 328 325 323 318 312 307 302 297 292 287 287 287 287 286 286 286 285 280 276 271 267 262 258 257 263 270 277 283 290 296 295 279 263 247 231 215 199 189 186 183 181 178 175 173 171 172 172 173 173 174 174 177 181 186 191 196 201 206 208 207 206 205 204 203 202 196 186 176 166 156 146 136 131 129 126 124 122 120 117 115 113 112 110 108 106 104 104 104 104 105 105 105 105
328 326 324 322 319 317 312 307 302 298 293 288 284 285 285 285 286 286 286 285 280 275 270 265 260 255 253 257 262 267 271 276 280 279 266 253 240 227 214 201 192 189 186 183 180 177 174 172 172 173 173 173 173 174 176 181 186 191 196 201 206 208 206 205 203 202 200 198 192 182 172 162 152 142 133 127 125 122 119 117 114 112 110 110 109 108 107 107 106 107 109 110 112 114 116 117
323 320 318 316 313 310 306 302 298 293 289 285 281 282 283 284 285 285 286 286 280 274 269 263 257 251 248 251 254 256 259 262 264 263 253 243 233 222 212 202 195 192 188 185 182 178 175 173 173 173 173 173 173 173 176 181 186 191 197 202 207 208 206 204 202 199 197 195 188 178 169 159 149 139 129 123 121 118 115 112 109 106 105 106 106 107 107 108 108 110 114 117 120 123 126 129
317 315 312 310 307 304 300 297 293 289 285 281 278 280 281 282 284 285 286 286 280 273 267 261 255 248 244 245 245 246 247 248 248 246 239 232 225 218 211 204 198 194 191 187 183 180 176 174 174 173 173 173 173 173 175 181 186 191 197 202 207 209 206 203 200 197 194 191 185 175 165 155 145 135 126 120 117 113 110 107 104 100 100 102 104 105 107 109 110 114 118 123 128 132 137 141
312 309 306 304 301 298 295 291 288 284 281 278 275 277 279 281 283 285 287 286 279 273 266 259 252 245 240 238 237 236 235 234 232 230 226 222 218 214 209 205 201 197 193 189 185 181 177 175 174 174 174 173 173 172 175 180 186 191 197 202 208 209 205 202 198 195 191 188 181 171 161 152 142 132 122 116 113 109 105 102 98 95 95 98 101 104 107 109 112 117 123 129 135 141 147 153
308 305 302 299 296 293 290 287 284 281 278 275 273 275 277 279 281 283 286 285 278 271 264 256 249 242 236 233 230 227 225 222 219 217 215 214 212 211 209 208 205 201 196 192 188 184 179 177 176 175 175 174 173 173 175 181 186 191 197 202 208 208 204 200 196 192 188 184 177 167 158 148 139 129 120 113 110 106 102 98 94 90 91 95 99 103 107 111 114 121 128 135 142 149 156 163
311 307 304 300 296 293 290 287 284 282 279 276 274 275 275 276 277 277 278 277 271 264 258 252 245 239 234 231 229 227 225 222 220 218 218 217 216 216 215 215 212 208 204 199 195 190 186 183 182 182 181 180 179 178 180 184 188 192 196 200 204 204 199 195 191 187 183 178 172 163 155 146 138 129 121 115 112 108 104 100 97 93 94 98 102 106 109 113 117 123 129 136 142 149 156 162
315 310 306 301 297 293 290 287 285 282 280 277 275 274 274 273 272 271 271 269 263 258 252 247 241 236 232 230 228 226 225 223 221 220 220 221 221 221 221 221 220 215 211 206 202 197 193 190 189 188 187 186 185 184 185 187 190 192 195 197 200 199 195 190 186 181 177 173 167 159 152 145 137 130 122 117 114 110 107 103 99 96 97 101 105 108 112 116 120 125 131 137 143 149 155 161
318 313 308 302 297 292 290 288 285 283 281 278 276 274 272 270 267 265 263 260 256 251 247 242 238 233 230 228 227 226 225 223 222 222 223 224 225 226 227 228 227 223 218 213 209 204 200 197 195 194 193 192 191 190 190 191 192 193 194 195 196 194 190 185 181 176 172 167 162 155 149 143 136 130 124 119 116 112 109 106 102 99 100 104 107 111 115 119 122 127 133 138 144 149 155 161
322 316 310 304 297 292 290 288 286 284 282 280 277 274 270 266 263 259 255 252 248 245 241 237 234 230 227 227 226 225 225 224 223 223 225 227 229 231 233 235 235 230 225 221 216 211 207 203 202 201 199 198 197 195 194 194 194 193 193 193 192 190 185 180 176 171 166 161 157 151 146 141 136 131 125 121 118 115 111 108 105 101 103 106 110 114 117 121 125 130 135 140 145 150 155 160
325 318 312 305 298 292 290 288 286 284 283 281 278 273 268 263 258 253 248 243 241 238 235 233 230 227 225 225 225 225 225 224 224 225 228 231 234 236 239 242 242 237 232 228 223 218 213 210 208 207 205 204 202 201 199 197 196 194 192 190 188 185 180 175 170 166 161 156 151 147 143 139 135 131 127 123 120 117 114 111 107 104 106 109 113 117 120 124 127 132 136 141 145 150 154 159
329 321 313 306 298 291 290 288 287 285 284 282 279 273 266 260 253 247 240 235 233 232 230 228 226 224 223 224 224 224 225 225 225 227 230 234 238 242 245 249 249 245 240 235 230 225 220 217 215 213 212 210 208 206 204 201 198 194 191 188 184 180 175 170 165 160 155 150 146 143 140 137 134 131 128 125 122 119 116 113 110 107 108 112 116 119 123 126 130 134 138 142 146 150 154 158
331 322 314 306 298 291 290 289 288 287 286 284 282 274 266 259 251 243 235 229 228 227 226 225 224 223 222 223 224 225 227 228 229 231 235 239 244 248 252 256 257 252 247 241 236 231 226 222 220 218 216 215 213 211 208 203 199 194 190 185 181 176 171 166 161 156 151 146 142 140 138 136 134 132 130 127 124 121 118 115 112 110 111 115 118 122 126 130 133 137 140 143 147 150 153 157
325 318 311 305 298 292 292 292 292 291 291 291 289 281 273 265 257 249 241 235 233 232 231 229 228 226 226 228 231 233 236 238 241 244 247 251 255 258 262 266 266 259 253 246 240 233 227 222 220 218 216 214 212 211 207 202 198 193 188 183 178 173 169 164 160 155 151 146 143 141 139 137 135 133 131 129 126 123 120 117 114 111 113 117 122 126 130 135 139 142 144 146 148 150 152 153
319 314 308 303 298 293 294 295 295 296 297 297 296 288 280 272 263 255 247 240 238 237 235 233 231 229 229 233 237 241 245 249 253 257 260 263 266 269 272 276 274 267 259 251 243 235 228 222 220 218 216 214 212 210 207 201 196 191 186 181 175 171 167 163 159 155 151 147 144 142 140 138 136 134 132 130 127 124 121 118 115 112 114 119 125 130 135 140 145 147 148 148 149 149 150 150
313 309 305 301 297 294 296 297 299 301 302 304 304 295 287 278 270 261 253 246 244 241 239 237 235 233 233 238 244 249 254 260 265 269 272 275 277 280 282 285 283 274 265 256 247 238 228 222 220 218 216 214 212 210 206 201 195 189 184 178 173 168 165 161 158 155 151 148 145 143 141 139 138 136 134 131 128 125 122 119 116 113 116 122 128 133 139 145 151 152 151 150 149 149 148 147
308 305 302 300 297 295 298 300 303 305 308 310 311 302 293 285 276 267 258 251 249 246 244 241 239 236 236 243 250 257 264 270 277 282 284 286 288 291 293 295 292 281 271 261 250 240 229 223 220 218 216 214 212 210 206 200 194 188 182 176 170 166 163 160 157 154 151 148 146 144 142 141 139 137 135 133 130 127 124 121 117 114 118 124 131 137 144 150 157 157 155 153 150 148 146 143
302 301 299 298 296 296 299 303 306 310 313 317 318 309 300 291 282 273 264 257 254 251 248 245 242 239 240 248 256 264 273 281 289 295 297 298 300 301 303 304 301 289 277 265 254 242 230 223 220 218 216 214 211 209 205 199 193 186 180 174 167 163 161 158 156 154 151 149 147 145 143 142 140 138 137 134 131 128 125 122 119 116 119 127 134 141 148 155 163 162 159 155 151 147 144 140
296 296 296 296 296 297 301 306 310 315 319 324 325 316 307 297 288 279 270 262 259 255 252 249 246 243 243 253 263 272 282 292 301 308 309 310 311 312 313 314 309 296 283 270 257 244 231 223 220 218 216 213 211 209 204 198 191 185 178 171 165 161 159 157 155 153 151 149 148 146 144 143 141 140 138 135 132 129 126 123 120 117 121 129 137 145 153 161 169 167 162 157 152 147 142 137
291 292 293 294 295 296 301 307 312 317 322 327 330 321 312 303 294 285 275 268 264 261 257 253 250 246 247 258 269 280 291 302 313 321 321 321 322 322 322 322 317 303 289 275 261 247 232 223 221 219 216 214 212 209 205 198 191 185 178 171 164 160 159 157 156 154 153 151 150 148 147 145 144 142 141 139 135 132 129 126 123 120 124 132 140 148 156 164 172 171 165 159 153 147 141 136
285 286 288 289 290 292 297 302 307 312 317 322 325 318 311 303 296 289 282 275 271 267 263 259 255 251 252 264 276 288 300 313 325 333 332 331 330 330 329 328 322 308 293 279 264 250 235 226 224 222 220 217 215 213 209 202 196 189 183 177 170 166 164 163 161 159 157 155 154 153 153 152 151 150 150 147 144 141 137 134 131 128 131 137 144 150 157 163 170 169 164 159 155 150 145 140
280 281 283 284 285 287 293 298 303 308 313 318 321 315 310 304 299 293 288 283 278 274 269 265 260 256 256 270 283 296 310 323 336 344 343 341 339 337 335 334 327 312 297 283 268 253 238 229 227 225 223 221 219 216 212 206 200 194 188 182 176 172 170 168 166 164 162 160 159 159 159 159 159 158 158 156 153 149 146 142 139 135 138 143 148 153 158 163 168 167 163 160 156 153 149 145
274 276 277 279 281 283 288 293 298 303 308 313 316 313 309 305 302 298 294 290 285 280 275 270 265 260 261 276 290 304 319 333 348 356 353 351 348 345 342 339 332 317 302 286 271 256 241 232 230 228 226 224 222 220 216 210 205 199 193 188 182 178 176 173 171 169 166 164 163 164 165 165 166 166 167 165 161 158 154 150 147 143 144 148 151 155 158 162 165 165 162 160 158 155 153 150
268 270 272 274 276 279 284 288 293 298 303 308 312 310 308 306 304 302 301 298 292 287 281 276 271 265 266 281 297 312 328 344 359 368 364 360 357 353 349 345 337 321 306 290 275 259 244 234 233 231 229 227 225 223 220 214 209 204 198 193 188 184 181 179 176 174 171 169 168 169 171 172 173 174 176 174 170 166 162 159 155 151 151 153 155 157 159 161 163 163 161 160 159 158 157 155
263 265 267 269 272 274 279 284 289 294 299 303 307 307 307 307 307 307 307 305 299 293 288 282 276 270 271 287 304 321 337 354 371 380 375 370 365 360 356 351 342 326 310 294 278 263 247 237 235 234 232 230 229 227 224 219 214 209 204 199 194 190 187 184 181 178 176 173 173 175 177 179 181 182 184 183 179 175 171 167 163 159 158 158 159 159 160 160 161 161 161 161 161 160 160 160
257 260 262 265 267 270 275 279 284 289 294 299 303 305 306 308 310 311 313 313 306 300 294 287 281 275 275 293 311 329 346 364 382 392 386 380 374 368 362 356 347 330 314 298 282 266 250 240 238 237 235 234 232 230 227 223 218 213 209 204 199 196 193 189 186 183 180 177 177 180 183 185 188 190 193 192 187 183 179 175 171 167 165 163 162 161 160 159 158 159 160 161 162 163 164 165
256 258 260 262 265 267 272 276 281 285 290 294 298 301 304 306 309 311 314 314 308 302 296 290 284 278 279 297 315 332 350 368 386 396 389 382 376 369 363 356 346 330 314 298 283 267 251 241 240 238 237 235 234 232 229 225 221 217 213 209 205 201 198 195 191 188 185 182 182 185 188 191 194 196 199 198 194 189 185 181 176 172 169 167 165 163 161 159 157 158 160 162 163 165 167 169
264 265 266 267 267 269 273 276 280 284 287 291 294 295 297 298 299 301 302 302 298 294 290 286 281 277 279 295 310 326 341 357 372 381 374 368 361 355 349 342 333 319 304 290 276 261 247 238 237 236 234 233 231 230 228 225 221 218 215 212 209 206 202 199 196 193 189 186 186 188 191 193 195 198 200 198 194 189 185 181 176 172 169 167 166 164 162 160 158 159 161 163 164 166 168 170
272 271 271 271 270 270 273 276 279 282 285 288 290 290 290 290 290 290 290 289 287 285 283 281 279 277 279 293 306 319 332 346 359 365 359 353 347 341 335 328 320 307 294 282 269 256 244 236 235 233 232 231 229 228 226 224 222 220 217 215 213 210 207 204 200 197 194 191 190 192 194 195 197 199 201 199 194 190 185 181 176 172 169 168 166 164 163 161 160 160 162 164 165 167 169 170
280 278 276 275 273 272 274 276 278 280 282 284 286 284 283 282 280 279 278 277 277 277 277 277 277 277 280 291 302 313 323 334 345 350 344 338 332 326 320 314 306 295 284 273 262 251 240 233 232 231 229 228 227 226 224 223 222 221 220 218 217 215 211 208 205 202 198 195 194 195 197 198 199 200 201 199 194 190 185 181 176 171 169 168 166 165 164 162 161 162 163 165 166 168 170 171
288 285 282 279 276 274 275 276 277 279 280 281 281 279 276 274 271 268 266 264 266 268 270 272 274 276 280 289 297 306 315 323 332 335 330 324 318 312 306 300 293 284 274 265 255 246 237 231 229 228 227 226 225 224 223 223 222 222 222 221 221 219 216 213 209 206 203 200 198 199 200 200 201 201 202 199 195 190 185 181 176 171 169 168 167 166 165 164 162 163 165 166 168 169 170 172
295 291 287 283 279 275 276 276 277 277 277 278 277 273 269 265 261 257 253 251 255 260 264 268 272 276 280 287 293 299 306 312 318 320 315 309 303 298 292 286 280 272 264 256 249 241 233 228 227 226 225 224 222 221 221 222 223 223 224 225 225 224 221 217 214 211 207 204 203 203 203 203 203 202 202 200 195 190 185 181 176 171 169 168 167 166 166 165 164 165 166 167 169 170 171 173
303 298 293 287 282 277 277 276 276 275 275 274 273 268 262 257 252 247 241 239 245 251 257 263 269 275 281 285 289 293 297 301 305 305 300 294 289 283 278 273 267 261 254 248 242 236 229 225 224 223 222 221 220 219 219 221 223 224 226 228 229 228 225 222 218 215 212 209 207 206 206 205 204 204 203 200 195 190 185 181 176 171 169 168 168 167 166 166 165 166 167 168 170 171 172 173
306 299 293 287 281 275 275 274 273 272 271 270 269 263 257 251 245 239 233 230 237 244 251 259 266 273 279 281 284 287 290 292 295 295 290 285 280 274 269 264 259 254 249 244 239 233 228 225 224 223 222 221 220 219 219 221 223 226 228 230 232 232 228 225 222 219 216 212 210 210 209 208 207 206 205 202 198 193 189 185 180 176 174 173 172 171 170 170 169 169 170 171 172 173 174 175
297 291 285 279 273 267 267 267 266 266 266 265 264 258 253 247 242 236 231 229 235 241 247 254 260 266 272 275 279 282 286 290 293 294 289 285 280 275 271 266 261 257 252 247 242 237 232 229 227 226 225 223 222 221 221 223 225 227 229 231 233 232 229 226 223 220 218 215 213 213 212 211 211 210 210 208 205 202 200 197 194 192 189 187 185 183 181 178 176 176 176 176 176 177 177 177
288 282 276 270 264 259 260 260 260 260 260 260 259 254 249 244 239 234 229 227 232 238 243 249 254 260 265 269 274 278 282 287 291 293 289 285 280 276 272 268 264 259 255 250 245 240 236 232 231 229 228 226 225 223 223 225 226 228 230 231 233 232 230 227 225 222 220 217 216 216 215 215 215 215 214 214 213 212 210 209 208 207 205 201 198 194 191 187 184 183 182 182 181 181 180 180
