pluvio/pluvio-380.asc
ncols         252
nrows         154
xllcorner     -0.5
yllcorner     -153.5
cellsize      1
NODATA_value  -9999
[rows 0 to 45 of 154, columns 0 to 95 of 252]
11 13 14 16 17 17 18 19 20 20 21 21 21 21 21 20 20 20 22 26 29 33 37 40 44 46 48 49 50 52 53 54 56 58 60 61 63 65 67 67 68 68 69 69 69 70 68 67 65 63 62 60 58 57 56 55 54 53 52 51 51 52 53 54 54 55 56 57 57 58 59 60 61 61 62 62 62 62 62 62 63 62 62 61 61 61 60 60 60 61 61 62 62 62 63 63
11 13 14 16 17 17 18 19 20 20 21 21 20 20 19 19 18 18 20 24 27 31 35 38 42 44 46 48 50 52 54 56 58 60 62 64 66 68 70 71 71 71 72 72 73 73 71 69 66 64 62 59 57 56 55 55 54 53 53 52 53 53 54 54 55 55 56 57 57 58 59 59 60 61 61 61 61 61 62 62 62 62 61 61 61 60 60 60 60 60 60 60 60 60 60 61
11 13 14 15 17 17 18 19 20 20 21 21 20 19 18 17 16 16 17 21 25 29 32 36 40 43 45 48 50 53 55 58 60 62 64 66 68 71 73 74 74 75 75 76 76 77 74 71 68 65 61 58 55 54 54 54 54 54 54 54 54 54 55 55 55 56 56 57 57 58 59 59 60 60 61 61 61 61 61 61 61 61 61 60 60 60 59 59 59 59 59 58 58 58 58 59
11 12 14 15 17 17 18 19 20 20 21 21 19 18 17 16 15 13 15 19 23 26 30 34 38 41 44 47 50 53 56 59 62 64 67 69 71 73 76 77 77 78 78 79 80 80 77 73 69 65 61 57 53 53 53 54 54 55 55 55 56 56 56 56 56 56 56 57 57 58 58 59 59 60 60 60 60 60 60 61 61 60 60 60 60 59 59 59 58 58 57 57 56 56 56 56
11 12 14 15 16 17 18 19 19 20 21 20 19 18 16 15 14 12 14 17 21 24 28 31 35 39 42 46 49 53 56 60 63 65 67 69 72 74 76 77 78 79 80 80 81 82 79 75 70 66 62 58 54 54 54 55 56 57 58 58 58 58 57 57 57 56 56 56 57 57 58 58 59 59 59 59 59 59 59 60 60 60 60 60 60 60 59 59 59 59 58 58 58 57 57 58
11 13 14 15 16 17 17 18 19 19 20 19 18 17 16 15 14 12 14 17 20 23 26 29 32 36 40 43 47 51 55 59 62 64 66 68 70 73 75 76 77 78 79 80 81 82 79 75 71 67 63 60 56 56 57 58 59 60 62 63 62 61 60 59 58 57 56 56 56 57 57 57 58 58 58 58 58 58 58 58 58 59 59 59 60 60 61 61 62 62 62 62 62 62 62 62
11 13 14 15 16 17 17 18 18 19 19 19 18 17 16 15 13 12 14 16 19 21 24 27 29 33 37 41 46 50 54 58 61 63 65 67 69 71 73 74 76 77 78 79 80 82 79 76 72 69 65 61 58 59 60 61 63 64 66 67 66 64 62 60 59 57 55 55 56 56 56 57 57 57 57 57 57 57 57 57 57 57 58 59 60 61 62 63 64 64 65 66 66 67 67 67
11 13 14 15 16 16 17 17 18 18 18 18 17 16 15 14 13 13 13 16 18 20 22 24 26 30 35 39 44 48 53 58 60 62 64 66 68 70 71 73 74 76 77 79 80 82 79 76 73 70 66 63 60 61 63 64 66 68 69 71 69 67 64 62 60 57 55 55 55 55 56 56 56 56 56 56 56 56 55 55 55 56 58 59 61 62 64 65 66 67 68 69 70 71 72 71
12 13 14 15 16 16 16 17 17 17 18 17 16 16 15 14 13 13 13 15 17 18 20 22 23 27 32 37 42 47 52 57 60 61 63 65 66 68 70 71 73 75 77 78 80 82 80 77 74 71 68 65 62 63 65 67 69 71 73 75 73 70 67 64 61 57 54 54 54 55 55 55 55 55 55 55 54 54 54 54 53 55 57 59 61 63 65 67 69 70 72 73 74 76 77 76
12 13 14 15 16 16 16 16 16 17 17 17 16 15 15 14 13 13 13 14 16 17 18 19 20 24 30 35 40 46 51 56 59 60 62 64 65 67 68 70 72 74 76 78 80 81 80 77 75 72 69 67 64 66 68 70 73 75 77 80 77 73 69 65 62 58 54 54 54 54 54 54 54 54 54 54 53 53 53 52 52 54 57 59 62 64 67 69 71 73 75 77 79 80 82 80
12 13 14 15 16 16 16 16 16 16 16 16 15 15 14 14 13 13 13 14 14 15 16 17 17 21 27 33 38 44 50 55 58 60 61 62 64 65 67 68 71 73 75 77 79 81 80 78 75 73 71 69 66 68 71 73 76 79 81 84 80 76 71 67 62 58 54 53 53 53 53 53 53 53 53 52 52 52 51 51 50 53 56 59 62 65 68 71 74 76 78 80 83 85 87 85
12 13 14 15 15 15 15 15 15 15 15 15 15 15 14 14 14 14 14 14 14 15 15 16 16 20 26 31 37 43 49 54 57 58 60 61 62 64 65 67 69 71 74 76 78 80 80 78 76 75 73 72 70 72 74 76 78 80 82 85 81 76 71 67 62 58 53 53 53 53 53 53 53 53 53 53 52 52 51 51 50 54 57 60 63 67 70 73 76 78 81 83 86 88 91 88
11 12 13 14 14 14 14 15 15 15 15 15 15 15 15 15 15 15 15 15 15 15 15 16 16 19 25 31 36 42 47 53 55 57 58 59 61 62 63 65 67 70 72 74 76 79 79 78 77 77 76 76 75 76 77 78 79 80 81 82 79 74 70 65 61 57 52 52 53 53 53 54 54 54 54 54 53 53 52 52 52 55 58 62 65 68 72 75 78 80 83 86 88 91 93 91
11 12 12 13 13 13 14 14 14 14 15 15 15 15 16 16 16 16 16 16 16 16 16 16 15 19 24 30 35 41 46 51 54 55 56 58 59 60 62 64 66 68 70 72 75 77 78 78 79 79 79 80 80 80 80 80 80 80 80 80 76 72 68 64 60 56 52 52 52 53 54 54 55 55 55 55 54 54 54 53 53 56 60 63 67 70 73 77 80 82 85 88 91 93 96 94
10 11 11 12 12 13 13 13 14 14 14 15 15 16 16 17 17 18 18 17 17 16 16 15 15 18 24 29 34 39 45 50 52 54 55 56 57 59 60 62 64 66 69 71 73 75 77 78 80 81 82 84 85 85 84 82 81 80 79 78 74 70 67 63 59 55 51 51 52 53 54 55 55 56 56 56 55 55 55 54 54 58 61 65 68 72 75 79 82 84 87 90 93 96 98 96
10 10 11 11 11 12 12 13 13 13 14 14 15 16 17 17 18 19 19 18 18 17 16 15 15 18 23 28 33 38 43 48 51 52 53 55 56 57 58 60 63 65 67 69 71 73 76 78 81 83 86 88 90 89 87 85 82 80 78 76 72 69 65 61 58 54 50 51 52 53 54 55 56 57 57 57 56 56 56 56 55 59 63 66 70 73 77 81 83 86 89 92 95 98 101 99
10 10 10 10 11 11 12 12 12 13 13 14 15 16 17 18 19 20 20 19 18 17 16 15 14 17 22 27 32 37 42 47 49 51 52 53 54 56 57 59 61 63 65 67 70 72 75 78 82 85 89 92 96 93 90 87 83 80 77 73 70 67 63 60 56 53 50 51 52 53 54 56 57 58 58 58 57 57 57 57 57 60 64 68 71 75 79 82 85 89 92 95 98 101 103 101
9 9 9 9 10 10 11 11 12 12 13 14 15 17 18 19 20 22 21 20 19 18 17 15 14 17 22 26 31 36 41 45 48 49 50 51 53 54 55 57 59 61 64 66 68 70 74 78 83 87 92 96 101 98 93 89 84 80 76 71 68 65 62 58 55 52 49 50 52 53 55 56 58 59 59 59 59 58 58 58 58 62 66 69 73 77 81 84 87 91 94 97 100 103 106 104
9 9 9 9 9 10 10 11 11 12 12 13 15 16 17 18 20 21 21 20 19 18 17 17 16 18 23 28 32 37 41 46 48 49 51 52 53 54 55 57 59 62 64 66 68 70 74 79 83 87 92 96 101 98 93 88 84 79 75 70 67 64 61 58 55 52 49 51 52 54 56 57 59 61 60 60 60 60 60 59 59 63 66 70 73 76 80 83 86 89 93 96 99 102 104 103
9 9 9 9 9 10 10 11 11 11 12 13 14 15 16 17 18 19 19 19 19 19 19 18 18 21 26 30 35 39 44 48 50 51 52 54 55 56 57 59 61 63 65 67 70 72 75 79 83 86 90 94 98 95 90 86 82 78 74 70 67 64 61 59 56 53 51 52 54 56 57 59 61 63 62 62 62 61 61 61 60 63 66 69 72 75 78 81 83 86 89 92 95 98 100 99
9 9 9 9 9 10 10 10 11 11 11 12 13 14 14 15 16 17 18 18 19 19 20 20 21 24 28 33 37 41 46 50 52 53 54 55 56 57 58 60 62 65 67 69 71 73 76 79 82 85 88 91 94 92 88 84 80 77 73 69 66 64 62 59 57 54 52 54 55 57 59 61 63 65 64 64 63 63 62 62 61 64 66 68 71 73 76 78 81 83 86 89 91 94 96 95
8 9 9 9 9 10 10 10 10 10 11 11 12 12 13 14 14 15 16 17 19 20 21 22 24 27 31 35 39 43 48 52 54 55 56 57 58 59 60 62 64 66 68 70 72 74 77 79 82 84 87 89 91 89 85 82 79 75 72 69 66 64 62 60 58 55 53 55 57 59 61 63 65 67 66 65 65 64 64 63 62 64 66 68 70 72 73 75 78 80 83 85 87 90 92 91
8 9 9 9 9 9 10 10 10 10 10 10 11 11 12 12 13 13 15 17 18 20 22 24 26 30 34 38 42 46 50 54 56 57 58 59 60 60 61 63 65 67 70 72 74 76 78 79 81 83 85 86 88 86 83 80 77 74 71 68 66 64 62 60 58 56 55 56 58 60 63 65 67 69 68 67 66 66 65 64 63 65 66 67 69 70 71 73 75 77 79 81 84 86 88 88
8 8 9 9 9 9 9 9 9 9 9 10 10 10 10 11 11 11 13 16 18 21 24 26 29 32 36 40 44 48 52 56 57 58 59 60 61 62 63 65 67 69 71 73 75 77 79 80 81 82 83 84 85 83 81 78 75 73 70 68 66 64 62 61 59 57 56 58 60 62 64 66 69 71 70 69 68 67 66 65 65 65 66 67 68 68 69 70 72 74 76 78 80 82 84 84
8 8 9 9 9 9 9 9 9 9 9 9 9 9 9 9 9 9 11 15 18 21 25 28 32 35 39 43 46 50 54 58 59 60 61 62 63 64 64 66 68 70 72 75 77 79 79 80 80 81 81 82 82 80 78 76 74 71 69 67 65 64 63 61 60 58 57 59 61 64 66 68 70 73 72 71 70 69 68 67 66 66 66 66 66 67 67 67 69 71 73 74 76 78 80 80
8 8 9 9 9 9 9 9 9 9 9 9 9 9 9 9 9 9 11 15 18 21 25 28 32 36 40 44 48 52 56 60 61 62 63 64 65 66 67 68 70 72 74 75 77 79 79 79 80 80 80 80 80 78 76 75 73 71 69 67 65 64 63 62 60 59 58 60 62 65 67 69 72 74 73 73 72 71 70 70 69 69 68 68 68 68 68 68 69 71 72 74 75 77 78 79
7 8 8 9 9 9 9 9 9 9 9 9 9 9 9 9 9 9 12 15 18 21 25 28 31 35 39 44 48 53 57 62 64 65 66 66 67 68 69 70 72 73 75 76 77 79 79 79 79 79 79 79 78 77 75 74 72 70 69 67 66 64 63 62 60 59 58 60 63 65 68 70 73 75 75 75 74 74 74 73 73 73 72 72 71 71 70 70 71 73 74 75 76 78 79 79
7 7 8 8 8 8 9 9 9 9 9 9 9 9 9 10 10 10 12 15 18 21 24 27 30 34 39 44 49 54 59 64 66 67 68 69 70 71 72 73 74 75 75 76 77 78 78 78 78 78 77 77 77 76 74 73 71 70 68 67 66 64 63 62 61 59 58 61 63 66 68 71 74 76 76 77 77 77 77 77 77 77 76 75 74 74 73 72 73 74 75 76 77 78 79 80
7 7 7 8 8 8 8 8 9 9 9 9 9 10 10 10 10 11 12 15 18 21 24 26 29 34 39 44 50 55 60 66 68 69 70 71 72 73 74 75 75 76 76 77 77 78 78 77 77 76 76 76 75 74 73 72 71 69 68 67 66 64 63 62 61 60 58 61 64 66 69 72 74 77 78 78 79 80 80 81 81 80 79 78 77 76 75 74 75 76 77 77 78 79 80 80
6 7 7 7 8 8 8 8 8 9 9 9 10 10 10 10 11 11 13 15 18 21 23 26 28 33 39 45 50 56 62 68 70 71 73 74 75 76 77 77 77 77 77 77 77 77 77 76 76 75 75 74 74 73 72 71 70 69 68 67 66 65 63 62 61 60 59 61 64 67 70 73 75 78 79 80 81 83 84 85 86 84 83 82 80 79 78 77 77 78 78 79 79 80 80 80
6 6 7 7 7 8 8 8 8 9 9 9 10 10 10 11 11 12 13 16 18 20 23 25 28 32 39 45 51 57 64 70 73 74 75 76 77 78 80 80 79 79 78 78 77 77 76 76 75 74 74 73 72 72 71 70 69 68 68 67 66 65 64 62 61 60 59 62 65 68 70 73 76 79 81 82 84 85 87 88 90 88 87 85 84 82 80 79 79 79 80 80 80 80 80 81
6 6 6 7 7 7 8 8 8 9 9 10 10 10 11 11 12 12 14 16 18 20 22 25 27 32 39 45 52 59 65 72 75 76 77 78 80 81 82 82 81 80 79 78 77 77 76 75 74 73 72 72 71 70 70 69 69 68 67 67 66 65 64 63 61 60 59 62 65 68 71 74 77 80 82 84 86 88 90 92 94 92 90 89 87 85 83 81 81 81 81 81 81 81 81 81
7 7 7 7 8 8 9 9 9 10 10 11 11 12 12 13 13 14 16 18 20 22 25 27 29 34 41 47 54 61 67 74 77 78 80 81 82 84 85 85 84 83 82 81 80 79 78 77 76 75 74 73 72 71 70 70 69 69 68 68 67 65 64 63 62 61 60 63 65 68 71 74 76 79 81 84 86 88 90 92 94 93 91 89 88 86 85 84 83 83 83 83 83 83 83 83
8 8 8 9 9 9 10 11 11 12 12 13 13 14 15 15 16 17 18 21 23 26 28 31 33 38 44 51 57 63 69 75 78 80 82 84 85 87 89 89 88 87 85 84 83 82 81 80 79 77 76 75 73 73 72 71 70 70 69 68 67 66 65 64 63 62 61 63 66 68 70 73 75 77 79 82 84 86 88 90 92 91 90 89 89 88 87 86 86 86 86 85 85 85 85 85
10 10 10 10 10 11 11 12 13 13 14 15 15 16 17 18 18 19 21 24 27 29 32 35 38 42 48 54 59 65 71 77 80 82 84 86 88 90 92 92 91 90 89 88 87 86 84 83 81 80 78 77 75 74 73 72 72 71 70 69 68 67 66 65 64 63 62 64 66 68 70 72 74 75 78 80 82 84 86 88 90 90 90 89 89 89 89 89 88 88 88 88 88 87 87 87
11 11 11 11 12 12 13 14 14 15 16 16 17 18 19 20 21 22 24 27 30 33 36 39 42 46 52 57 62 68 73 78 82 84 86 89 91 94 96 96 95 94 93 91 90 89 88 86 84 82 80 79 77 76 75 74 73 72 71 70 69 68 67 66 65 64 63 65 66 68 69 71 72 74 76 78 80 82 84 86 88 89 89 89 90 90 91 91 91 91 90 90 90 90 89 89
12 12 12 12 13 14 14 15 16 17 17 18 19 20 21 22 23 24 26 30 33 36 39 43 46 50 55 60 65 70 75 80 83 86 89 91 94 97 100 99 98 97 96 95 94 93 91 89 87 85 83 81 78 77 76 75 74 73 72 71 70 69 68 67 66 65 64 65 66 67 68 70 71 72 74 76 78 80 82 84 86 87 88 89 90 91 93 93 93 93 93 92 92 92 92 92
14 14 14 14 14 15 16 17 18 18 19 20 21 22 23 24 26 27 29 33 36 39 43 46 50 54 59 63 68 72 77 81 85 88 91 94 97 100 103 103 102 101 100 98 97 96 94 92 90 87 85 83 80 79 78 76 75 74 73 72 71 70 69 68 67 66 65 66 67 67 68 69 69 70 72 74 76 78 80 82 84 86 88 89 91 93 94 96 96 95 95 95 95 94 94 94
15 15 15 15 15 16 17 18 19 20 21 22 23 24 26 27 28 29 32 35 39 43 47 50 54 58 62 66 70 75 79 83 86 90 93 97 100 103 107 107 105 104 103 102 101 100 97 95 92 90 87 84 82 80 79 78 77 75 74 73 72 71 70 69 68 67 67 67 67 67 67 67 68 68 70 72 74 76 78 80 82 85 87 89 92 94 96 98 98 98 98 97 97 97 96 96
19 18 18 18 19 20 21 22 23 24 25 26 28 29 30 31 33 34 36 40 43 47 50 53 57 61 65 69 73 78 82 86 90 93 96 99 102 105 108 108 107 107 106 105 104 103 100 97 94 91 88 85 82 81 80 79 78 77 76 75 74 73 72 71 70 69 68 68 68 68 68 68 68 68 70 71 73 75 77 79 80 83 85 88 91 93 96 98 98 98 98 98 98 98 98 97
23 23 23 23 23 24 25 27 28 29 30 31 33 34 36 37 38 40 42 45 47 50 53 56 59 63 67 72 77 81 86 90 94 96 99 102 104 107 110 110 109 108 108 107 106 106 103 100 96 93 89 86 83 82 81 80 79 79 78 77 76 75 74 73 72 71 70 70 70 70 69 69 69 69 70 71 73 74 76 77 78 81 84 86 89 92 94 97 97 97 98 98 98 98 98 99
27 27 27 27 27 29 30 31 33 34 35 36 38 39 41 42 44 45 47 49 52 54 56 59 61 65 70 75 80 85 89 94 97 100 102 104 106 109 111 111 111 110 110 109 109 109 106 102 98 94 90 87 83 82 82 81 81 81 80 80 79 78 77 76 75 73 72 72 71 71 71 70 70 69 70 71 72 73 74 75 77 79 82 85 88 90 93 96 96 97 97 98 98 99 99 100
31 31 31 31 32 33 34 36 37 39 40 42 43 45 46 48 49 51 53 54 56 58 60 61 63 67 72 78 83 88 93 98 101 103 105 107 108 110 112 112 112 112 112 112 112 112 108 104 100 96 92 87 83 82 82 82 82 82 82 82 81 80 79 78 77 76 74 74 73 73 72 71 71 70 71 71 72 73 73 74 75 77 80 83 86 89 92 94 95 96 97 98 99 100 100 101
35 35 35 35 36 37 39 40 42 43 45 47 48 50 52 53 55 56 58 59 60 62 63 64 65 69 75 80 86 91 97 102 105 106 108 109 110 112 113 114 114 114 114 114 114 115 111 106 102 97 93 88 83 83 83 84 84 84 85 85 84 83 81 80 79 78 76 76 75 74 73 72 72 71 71 71 72 72 72 72 73 76 79 82 84 87 90 93 94 95 97 98 99 100 101 102
39 39 39 39 40 42 43 45 47 48 50 52 53 55 57 59 60 62 63 64 65 65 66 67 68 72 77 83 89 95 101 106 109 110 111 112 113 113 114 115 115 116 116 117 117 117 114 109 104 99 94 89 84 83 84 85 85 86 87 87 86 85 84 82 81 80 78 77 76 75 74 73 73 72 71 71 71 71 71 71 71 74 77 80 83 86 89 92 93 95 96 98 99 101 102 103
43 43 43 43 44 46 48 50 51 53 55 57 59 60 62 64 66 68 69 69 69 69 69 70 70 74 80 86 92 98 104 110 112 113 114 114 115 115 116 116 117 118 118 119 120 120 116 111 105 100 95 89 84 84 85 86 87 88 89 90 89 87 86 85 83 82 80 79 78 77 76 75 73 72 72 71 71 70 70 69 69 72 75 78 81 84 88 91 92 94 96 98 100 101 103 104
