pluvio/pluvio-297.asc
ncols         252
nrows         154
xllcorner     -0.5
yllcorner     -153.5
cellsize      1
NODATA_value  -9999
[rows 0 to 52 of 154, columns 96 to 191 of 252]
52 52 53 53 54 54 53 52 52 51 50 50 49 49 49 49 49 49 49 49 50 50 50 50 50 50 50 50 49 49 48 48 47 47 47 47 47 47 47 47 47 49 50 51 53 54 55 55 52 50 48 45 43 41 40 40 41 41 42 43 43 45 49 53 56 60 64 68 67 63 59 55 51 47 43 41 39 38 36 35 33 32 31 29 28 27 25 24 23 22 22 21 21 20 20 19
53 53 54 55 55 56 55 54 53 53 52 51 50 51 51 51 52 52 52 53 53 53 54 54 54 55 55 54 54 53 52 52 51 50 50 50 49 49 48 48 48 48 49 49 50 50 51 50 49 47 45 43 41 39 39 40 41 42 43 44 45 48 52 56 60 65 69 73 72 67 62 56 51 46 41 38 37 36 34 33 32 31 29 28 27 25 24 23 21 21 21 21 21 20 20 20
54 55 55 56 57 58 57 56 55 54 53 52 52 52 53 54 54 55 55 56 57 57 58 58 59 59 59 59 58 57 56 56 55 54 53 52 51 51 50 49 48 48 48 47 47 47 47 46 45 43 42 40 39 38 38 39 41 42 44 45 47 50 55 59 64 69 74 79 77 71 64 58 51 45 39 36 35 33 32 31 30 29 28 27 25 24 23 21 20 20 20 20 20 21 21 21
55 56 57 58 59 60 59 58 57 56 55 54 53 54 55 56 57 58 58 59 60 61 61 62 63 64 64 63 62 61 60 60 59 58 56 55 54 52 51 50 49 48 47 46 45 43 42 42 41 40 39 38 37 36 36 38 40 42 44 46 48 52 57 63 68 73 79 84 82 75 67 59 52 44 36 33 32 31 31 30 29 28 27 26 24 23 21 20 19 19 19 20 20 21 21 22
56 57 58 59 60 61 60 59 58 57 56 55 54 55 56 57 58 59 60 61 62 63 64 64 65 66 66 65 65 64 63 62 61 60 59 58 56 55 54 53 51 50 48 46 44 42 41 39 39 38 37 37 36 35 36 38 40 43 45 47 49 53 58 64 69 75 80 85 83 75 67 59 51 43 35 31 31 30 29 29 28 27 26 25 24 22 21 20 18 18 19 19 20 21 21 22
57 58 59 59 60 61 60 59 58 57 56 55 54 55 56 57 59 60 61 62 63 63 64 65 66 66 67 66 65 64 64 63 62 62 61 60 60 59 58 58 56 54 51 49 46 43 41 39 39 38 37 37 36 36 36 38 41 43 45 47 49 53 58 63 68 73 77 82 80 72 65 57 49 42 34 31 30 29 29 28 27 27 26 25 23 22 21 20 19 19 19 19 19 20 20 20
59 59 60 60 60 60 59 59 58 57 56 55 54 56 57 58 59 60 61 62 63 64 65 65 66 67 67 66 66 65 65 64 63 63 63 63 63 63 62 62 61 58 54 51 48 45 41 39 39 38 37 37 36 36 36 39 41 43 45 47 50 53 57 62 66 71 75 79 77 70 62 55 48 40 33 30 29 29 28 28 27 26 26 24 23 22 21 20 19 19 19 19 19 19 19 19
60 60 60 60 60 60 59 59 58 57 56 55 55 56 57 58 59 61 62 63 64 64 65 66 66 67 67 67 66 66 65 65 64 64 65 65 66 66 67 67 66 62 58 54 50 46 41 39 38 38 37 37 36 36 37 39 41 43 45 48 50 53 57 61 65 69 72 76 74 67 60 53 46 39 32 29 29 28 28 27 27 26 25 24 23 22 21 20 20 19 19 19 18 18 18 18
62 61 61 61 61 60 59 59 58 57 56 55 55 56 57 59 60 61 62 64 64 65 66 66 67 68 68 67 67 67 66 66 65 66 67 68 69 70 71 72 71 66 61 56 51 47 42 39 38 38 38 37 37 36 37 39 41 43 46 48 50 53 56 60 63 67 70 73 71 65 58 51 45 38 31 28 28 28 27 27 26 26 25 24 23 22 22 21 20 19 19 18 18 17 17 16
63 63 62 61 61 60 59 58 58 57 56 55 55 56 58 59 60 62 63 64 65 65 66 67 67 68 68 68 68 67 67 67 67 67 69 70 72 74 75 77 76 70 65 59 53 48 42 39 38 38 38 37 37 36 37 39 42 44 46 48 50 53 56 59 62 65 68 70 68 62 56 49 43 37 30 28 27 27 26 26 26 25 25 24 23 22 22 21 20 20 19 18 17 16 16 15
65 64 63 62 61 60 59 58 58 57 56 55 55 57 58 59 61 62 64 65 65 66 67 67 68 68 69 68 68 68 68 68 68 68 71 73 75 77 80 82 81 74 68 61 55 49 42 39 38 38 38 37 37 37 38 40 42 44 46 48 50 53 55 58 60 63 65 68 65 59 53 47 41 36 30 27 27 26 26 26 25 25 24 24 23 23 22 21 21 20 19 18 17 16 15 13
66 65 64 63 62 61 60 59 58 58 57 56 56 57 58 60 61 62 63 64 65 65 66 66 67 67 68 68 68 68 69 69 69 70 73 75 77 80 82 85 84 77 70 63 57 50 43 39 39 38 38 37 37 37 37 39 41 43 45 48 50 52 54 56 58 61 63 65 63 57 52 47 41 36 30 28 27 27 26 25 25 24 24 23 23 22 22 21 21 20 19 17 16 15 14 13
68 66 65 64 63 62 61 60 60 59 58 57 57 58 59 60 61 62 63 63 64 64 64 64 65 65 65 66 67 68 69 70 71 72 75 77 79 82 84 87 86 79 72 65 58 51 44 40 39 38 38 37 37 36 37 39 41 42 44 46 48 50 52 54 57 59 61 63 61 56 51 46 42 37 32 29 28 27 26 25 24 24 23 22 22 22 21 21 20 19 18 17 16 15 14 13
69 68 66 65 64 63 62 61 61 60 59 59 58 59 59 60 61 61 62 62 62 62 62 63 63 63 63 65 66 68 69 71 72 74 77 79 82 84 86 89 87 80 73 66 59 52 45 40 40 39 38 37 37 36 36 38 40 41 43 45 47 49 51 53 55 57 59 61 59 55 51 46 42 38 33 31 30 28 27 25 24 23 22 22 21 21 21 20 20 19 18 17 16 15 15 14
70 69 68 66 65 64 63 63 62 61 61 60 60 60 60 60 60 61 61 61 61 61 61 61 61 61 61 63 66 68 70 72 74 76 79 81 84 86 88 91 89 82 75 67 60 53 46 41 40 39 38 37 36 35 36 37 39 40 42 44 45 47 49 51 53 55 57 59 57 54 50 46 43 39 35 33 31 29 27 26 24 22 21 21 21 20 20 20 19 19 18 17 16 16 15 14
72 70 69 68 66 65 64 64 63 63 62 61 61 61 61 60 60 60 60 60 60 59 59 59 59 59 59 62 65 68 70 73 76 79 81 83 86 88 90 93 91 84 76 69 61 54 47 42 41 40 38 37 36 35 35 37 38 39 41 42 44 45 47 49 51 53 55 57 56 52 49 46 43 40 37 34 32 30 28 26 23 21 20 20 20 20 19 19 19 18 18 17 16 16 15 14
73 72 70 69 67 66 65 65 64 64 63 63 62 62 61 61 60 60 59 59 58 58 57 57 57 56 57 61 64 67 71 74 78 81 83 85 88 90 92 94 93 85 78 70 63 55 47 43 41 40 39 37 36 35 35 36 37 38 40 41 42 44 46 47 49 51 53 55 54 51 49 46 43 41 38 36 33 31 28 26 23 21 20 19 19 19 19 19 19 18 18 17 16 16 15 15
75 73 72 70 69 67 67 66 66 65 64 64 63 62 62 61 60 59 58 57 57 56 56 55 55 54 55 59 63 67 71 75 79 83 85 87 90 92 94 96 95 87 79 72 64 56 48 43 42 40 39 37 36 34 34 35 36 37 38 40 41 42 44 46 47 49 51 52 52 50 48 46 44 42 40 37 34 32 29 26 23 20 19 19 19 18 18 18 18 18 17 17 16 16 15 15
75 74 72 70 69 67 67 66 66 65 65 64 64 63 62 62 61 60 59 59 58 58 58 57 57 57 57 62 66 70 74 78 82 85 87 89 90 92 94 96 94 86 79 72 64 57 50 45 43 41 40 38 37 35 35 36 37 37 38 39 40 42 43 45 46 48 49 51 51 49 48 46 45 43 42 40 37 34 31 29 26 23 22 22 22 22 22 21 21 21 20 20 19 19 18 18
75 73 72 70 68 66 66 66 65 65 65 65 64 64 63 63 63 62 62 62 62 62 62 62 62 62 63 67 70 74 78 81 85 88 89 90 90 91 92 93 91 84 78 71 64 58 51 46 45 43 42 40 38 37 36 37 38 38 39 40 40 41 43 44 46 47 48 50 50 49 48 47 46 45 44 42 40 38 35 33 31 29 28 28 27 27 27 27 27 26 25 25 24 23 22 22
75 73 71 69 67 66 65 65 65 65 65 65 65 65 65 65 64 64 64 65 65 65 66 66 67 67 68 72 75 78 82 85 88 91 91 90 90 90 90 90 88 82 76 70 64 58 52 48 47 45 43 42 40 38 38 38 39 39 40 40 41 41 43 44 45 46 48 49 49 49 48 48 47 47 46 45 43 41 40 38 36 34 33 33 33 33 33 32 32 31 30 30 29 28 27 26
75 73 71 69 67 65 65 65 65 65 65 65 65 65 66 66 66 67 67 68 68 69 70 71 71 72 73 77 80 83 86 89 92 93 92 91 90 90 89 88 85 80 75 69 64 59 54 50 48 47 45 43 42 40 39 39 40 40 40 41 41 41 42 44 45 46 47 48 48 48 48 48 48 48 48 48 46 45 44 42 41 40 39 39 39 38 38 38 37 37 36 34 33 32 31 30
75 73 71 68 66 64 64 64 64 65 65 65 65 66 67 67 68 69 70 70 72 73 74 75 76 77 79 82 84 87 90 92 95 96 94 92 91 89 87 85 82 78 73 69 64 60 55 52 50 48 47 45 43 42 41 41 41 41 41 41 41 41 42 43 44 45 46 47 47 48 48 49 50 50 51 50 50 49 48 47 46 45 45 45 44 44 43 43 43 42 41 39 38 37 36 34
75 73 70 68 65 63 64 64 64 64 65 65 65 67 68 69 70 71 72 73 75 76 78 79 81 82 84 86 89 91 93 96 98 99 96 93 91 88 85 82 79 75 72 68 64 60 57 54 52 50 48 47 45 43 42 42 42 42 41 41 41 41 42 43 43 44 45 45 46 47 49 50 51 52 53 53 53 52 52 52 51 51 51 50 50 49 49 49 48 47 46 44 43 41 40 39
75 73 70 67 65 63 63 63 64 64 65 65 66 67 69 70 72 73 75 76 78 80 82 84 86 88 90 91 93 95 97 99 101 101 98 94 91 87 83 80 76 73 70 67 64 61 58 55 54 52 50 48 47 45 44 43 43 42 42 42 41 41 42 42 43 43 44 44 46 47 49 50 52 53 55 56 56 56 56 56 56 57 56 56 55 55 54 54 54 52 51 49 48 46 44 43
76 74 71 69 66 64 64 65 65 65 66 66 66 68 70 71 73 75 76 78 80 82 84 86 88 90 92 94 96 98 99 101 103 103 99 95 92 88 84 81 77 74 72 69 66 63 60 57 56 54 53 51 50 48 47 47 46 46 46 45 45 45 45 46 46 46 47 47 48 49 51 52 54 55 56 57 58 58 58 59 59 60 59 59 58 58 57 56 56 54 53 51 49 48 46 44
77 75 73 71 69 67 67 67 67 67 67 67 67 69 71 72 74 76 77 79 81 83 85 87 90 92 94 95 97 98 100 102 103 103 100 97 94 90 87 84 80 77 74 71 68 65 62 60 58 57 56 54 53 52 51 51 51 51 50 50 50 50 50 51 51 51 51 52 52 53 54 55 56 57 58 58 59 59 60 60 61 62 61 60 60 59 58 57 56 55 53 51 49 48 46 44
78 76 75 73 71 69 69 69 69 68 68 68 68 70 71 73 75 77 78 80 82 84 87 89 91 93 95 96 98 99 101 102 104 104 101 98 95 92 90 87 84 80 77 74 71 67 64 62 61 60 59 58 57 56 55 55 55 55 55 55 55 55 56 56 56 56 56 56 56 57 57 58 58 58 59 59 60 61 61 62 63 63 63 62 61 60 59 58 57 55 53 51 49 48 46 44
79 78 76 75 73 72 72 71 71 70 70 69 69 71 72 74 76 78 79 81 83 85 88 90 92 94 96 98 99 100 102 103 105 105 102 100 97 95 92 90 87 83 80 76 73 69 66 64 63 62 62 61 60 60 59 60 60 60 60 60 61 61 61 61 61 61 61 61 61 61 60 60 60 60 60 60 61 62 63 64 65 65 65 64 62 61 60 59 57 56 54 52 50 48 46 44
80 79 78 77 76 75 74 73 72 72 71 70 70 72 73 75 77 78 80 82 84 87 89 91 93 96 98 99 100 101 103 104 105 105 103 101 99 97 95 92 90 86 83 79 75 72 68 66 66 65 65 64 64 64 64 64 64 65 65 65 66 66 66 66 66 66 65 65 65 64 64 63 62 62 61 61 62 63 64 65 66 67 67 65 64 62 61 59 58 56 54 52 50 48 45 43
81 80 80 79 78 77 76 75 74 73 72 71 71 73 74 76 78 79 81 83 85 88 90 92 95 97 99 100 101 102 103 105 106 106 104 102 101 99 97 95 93 89 85 82 78 74 70 68 68 68 68 68 68 67 68 68 69 69 70 71 71 71 71 71 71 70 70 70 69 68 67 66 64 63 62 62 63 65 66 67 68 69 68 67 65 63 62 60 58 56 54 52 50 48 45 43
82 82 81 81 81 80 79 77 76 75 74 72 72 73 75 77 79 80 82 84 86 89 91 94 96 98 100 101 102 103 104 105 106 106 105 104 102 101 100 98 96 92 88 84 80 76 72 70 70 71 71 71 71 71 72 73 73 74 75 76 76 77 76 76 76 75 75 75 73 72 70 68 67 65 63 63 65 66 67 68 70 71 70 68 66 65 63 61 59 57 54 52 50 48 45 43
84 84 84 84 84 83 82 81 80 79 78 76 76 77 78 79 80 82 83 84 86 88 90 92 94 96 98 100 101 102 104 105 107 107 106 105 103 102 101 100 97 93 89 85 81 77 73 70 71 71 72 72 72 73 73 74 75 76 77 78 79 79 79 79 79 79 79 78 77 75 73 71 69 67 65 65 66 68 69 70 71 72 72 70 69 67 65 64 62 60 57 54 52 49 47 44
87 87 87 87 87 87 86 85 84 83 82 82 81 81 82 82 82 83 83 84 85 87 88 90 91 93 95 97 99 101 103 105 107 108 106 105 104 103 101 100 98 93 89 85 81 76 72 70 70 71 71 72 72 73 74 75 76 77 78 79 80 80 81 81 81 81 82 82 81 79 76 74 72 69 67 67 68 69 70 71 73 74 73 72 71 70 69 68 66 64 61 58 55 51 48 45
89 89 90 90 90 91 90 89 89 88 87 87 86 86 85 85 84 84 83 83 84 85 86 87 88 89 91 93 96 99 101 104 107 108 107 106 104 103 102 101 98 94 89 85 80 76 71 69 70 71 71 72 73 73 74 75 76 78 79 80 81 82 82 83 84 84 85 86 84 82 79 77 74 72 69 69 70 71 72 73 74 75 75 74 73 73 72 71 71 68 64 61 57 54 50 46
91 92 93 93 94 94 94 94 93 93 92 92 91 90 89 88 86 85 84 83 83 84 84 85 85 86 87 90 94 97 100 104 107 109 107 106 105 104 102 101 99 94 89 85 80 76 71 69 69 70 71 72 73 74 75 76 77 78 80 81 82 83 84 85 86 87 88 89 88 85 82 80 77 74 71 71 72 73 74 74 75 76 76 76 76 76 76 75 75 72 68 64 60 56 52 48
94 95 96 96 97 98 98 98 98 97 97 97 97 95 93 90 88 86 84 83 83 83 82 82 82 82 83 87 91 95 99 103 107 109 108 107 105 104 103 102 99 94 90 85 80 75 70 68 69 70 71 72 73 74 75 76 78 79 80 82 83 85 86 87 89 90 91 93 92 89 86 83 80 77 74 73 74 74 75 76 77 77 78 78 78 79 79 79 79 76 72 67 63 58 54 49
96 97 98 100 101 102 102 102 102 102 102 102 102 99 96 93 90 87 85 82 82 81 80 80 79 79 80 84 89 93 98 103 107 110 108 107 106 105 103 102 100 95 90 85 80 75 70 67 69 70 71 72 73 74 75 77 78 80 81 83 84 86 88 89 91 93 95 96 95 92 89 85 82 79 76 75 75 76 77 77 78 79 79 80 81 82 82 83 84 80 75 70 65 60 55 50
99 100 101 103 104 105 106 106 106 107 107 108 107 104 100 96 92 89 85 82 81 80 79 77 76 75 76 81 86 92 97 102 107 110 109 108 107 105 104 103 100 95 90 85 80 74 69 67 68 69 71 72 73 74 76 77 79 81 82 84 85 87 89 91 94 96 98 100 99 95 92 88 85 81 78 77 77 78 78 79 79 80 81 82 83 85 86 87 88 85 79 74 68 63 57 52
102 104 105 106 108 109 109 109 110 110 110 111 110 107 103 99 96 92 89 86 84 83 82 80 79 78 78 83 88 93 97 102 107 110 109 108 106 105 104 103 100 95 90 85 80 75 70 67 68 69 70 71 73 74 75 77 79 81 83 84 86 88 90 92 94 97 99 101 100 96 93 89 86 82 79 77 78 78 78 79 79 79 81 82 84 85 87 88 90 86 81 75 70 65 59 54
106 108 109 110 111 112 112 112 112 113 113 113 112 109 106 103 100 97 94 91 90 88 86 85 83 82 82 86 90 94 98 102 107 109 108 107 106 105 104 103 101 96 91 85 80 75 70 68 69 69 70 71 72 73 74 76 78 81 83 85 87 89 91 93 95 97 99 100 99 96 93 89 86 82 79 78 78 78 78 78 78 78 80 81 83 85 86 88 90 87 82 77 72 67 62 57
110 111 112 113 114 115 115 115 115 115 115 115 115 112 109 107 104 101 99 96 95 93 91 90 88 86 86 89 93 96 99 103 106 108 107 107 106 105 104 104 101 96 91 86 81 76 71 68 69 69 70 70 71 71 73 75 78 80 83 86 88 90 92 93 95 97 99 100 99 96 93 89 86 83 79 78 78 78 78 78 78 77 79 81 83 84 86 88 90 88 83 78 74 69 65 60
115 115 116 117 118 119 118 118 118 118 118 117 117 115 112 110 108 106 104 102 100 98 96 94 92 91 90 93 95 98 100 103 106 107 107 106 105 105 104 104 101 96 91 86 82 77 72 69 69 69 70 70 70 70 72 75 78 80 83 86 89 91 93 94 96 97 99 100 99 96 93 89 86 83 80 78 78 78 77 77 77 76 78 80 82 84 86 89 91 88 84 80 76 71 67 63
119 119 120 121 121 122 122 121 121 120 120 120 119 117 115 114 112 110 109 107 105 103 101 99 97 95 94 96 98 100 102 103 105 106 106 106 105 105 104 104 102 97 92 87 82 77 72 69 69 69 69 69 69 69 71 74 77 80 83 87 90 92 93 95 96 97 99 100 99 96 93 89 86 83 80 79 78 78 77 76 76 75 77 79 82 84 86 89 91 89 85 81 77 74 70 66
123 123 124 124 125 125 125 124 124 123 122 122 121 120 119 117 116 115 114 112 110 108 106 103 101 99 98 99 100 101 103 104 105 106 105 105 105 105 104 104 102 97 92 87 83 78 73 70 70 69 69 69 68 68 70 73 77 80 84 87 91 93 94 95 96 97 99 100 99 96 93 90 87 84 81 79 78 77 77 76 75 74 76 78 81 84 86 89 92 90 86 83 79 76 72 69
127 127 128 128 128 129 128 127 126 126 125 124 123 122 122 121 120 119 119 118 115 113 110 108 106 103 102 102 103 103 104 104 104 105 105 105 105 105 104 104 103 98 93 88 83 78 73 70 70 69 69 68 68 67 69 72 76 80 84 88 91 94 95 96 97 98 99 100 98 95 93 90 87 84 81 79 78 77 76 75 74 73 75 78 81 83 86 89 92 91 88 84 81 78 75 72
127 128 128 129 129 130 129 128 127 126 125 124 123 123 122 121 121 120 119 118 116 113 111 109 107 104 103 103 103 103 104 104 104 104 104 104 104 104 104 104 102 98 93 88 84 79 74 72 72 72 72 72 72 72 74 77 80 83 86 89 93 94 95 96 97 97 98 99 97 95 92 89 86 83 80 79 78 77 76 75 74 73 74 77 80 82 85 88 90 89 86 83 80 77 74 71
126 127 128 129 130 130 129 128 127 126 125 124 123 122 121 121 120 119 118 117 115 113 111 109 107 104 103 103 103 103 104 104 104 104 104 104 104 104 104 104 102 98 93 89 84 80 75 73 74 75 76 77 78 79 81 83 85 87 90 92 94 95 96 96 97 97 97 98 97 94 91 88 85 82 79 78 77 76 75 74 73 72 74 76 78 81 83 86 88 87 84 81 78 76 73 70
125 126 127 129 130 131 130 129 127 126 125 124 123 122 121 120 119 118 118 116 114 112 110 108 106 104 103 103 103 103 103 103 103 103 103 103 103 103 103 103 102 97 93 89 85 80 76 75 77 79 81 83 84 86 88 89 90 92 93 94 95 96 96 96 96 97 97 97 96 93 90 87 84 81 78 77 76 75 74 74 73 72 73 75 77 79 82 84 86 85 82 79 77 74 71 69
124 126 127 129 130 132 130 129 128 126 125 123 122 121 120 120 119 118 117 116 114 112 110 108 106 105 103 103 103 103 103 103 103 103 103 103 103 103 103 103 101 97 93 89 85 81 77 76 79 82 85 88 91 93 95 95 95 96 96 96 96 96 96 96 96 96 96 96 95 92 89 86 83 80 78 76 75 75 74 73 72 72 73 74 76 78 80 82 84 82 80 77 75 72 70 67
123 125 127 129 131 132 131 129 128 126 125 123 122 121 120 119 118 117 116 115 113 111 110 108 106 105 103 103 103 103 103 103 103 103 103 103 103 103 102 102 101 97 93 90 86 82 78 78 81 85 89 93 97 100 102 101 101 100 99 98 98 97 97 97 96 96 96 95 94 91 88 85 82 79 77 75 74 74 73 73 72 71 72 74 75 77 78 80 81 80 78 75 73 71 68 66
122 124 126 129 131 133 131 129 128 126 125 123 121 120 119 118 117 116 115 114 113 111 109 108 106 105 103 103 103 103 103 103 102 102 102 102 102 102 102 102 101 97 93 90 86 83 79 79 84 89 93 98 103 107 109 107 106 104 102 101 99 98 97 97 96 96 95 95 93 90 87 84 81 78 76 74 74 73 73 72 71 71 72 73 74 75 76 78 79 78 76 73 71 69 67 65
121 124 126 129 131 133 132 130 128 126 124 123 121 120 119 118 117 116 114 113 112 110 109 108 106 105 104 103 103 103 103 102 102 102 102 102 102 102 102 102 100 97 94 90 87 83 80 81 86 92 98 103 109 115 116 114 111 108 105 103 100 98 98 97 96 95 95 94 92 89 86 83 80 77 75 73 73 72 72 71 71 71 71 72 73 74 75 76 77 76 73 71 69 67 65 63
