pluvio/pluvio-93.asc
ncols         252
nrows         154
xllcorner     -18.017974
yllcorner     13.481982
cellsize      0.035948
NODATA_value  -9999
[rows 102 to 152 of 154, columns 96 to 191 of 252]
45 47 48 50 51 53 54 56 57 58 59 60 61 62 63 64 64 65 66 67 68 69 70 69 67 66 65 63 62 60 59 57 56 55 53 52 50 50 50 50 50 50 50 49 49 49 49 49 49 49 49 50 52 53 55 56 58 59 60 62 63 65 66 68 69 67 65 63 61 58 56 54 52 50 48 46 43 41 39 40 40 40 40 41 41 41 41 41 42 42 42 42 43 46 50 53
46 47 49 50 52 53 55 57 58 59 60 61 62 63 64 65 66 67 68 70 71 72 73 72 70 69 67 66 64 63 61 60 58 57 55 54 52 52 52 51 51 51 51 50 50 50 50 50 49 49 49 50 52 53 55 57 58 60 61 63 64 66 67 69 70 68 66 64 62 59 57 55 53 51 49 46 44 42 40 40 41 41 41 42 42 42 42 43 43 43 44 44 45 48 51 54
46 48 49 51 53 54 56 57 59 60 61 63 64 65 66 67 68 70 71 72 73 74 75 74 73 71 70 68 67 65 63 62 60 59 57 56 54 54 53 53 53 52 52 52 51 51 51 50 50 49 49 51 52 54 56 57 59 60 62 64 65 67 68 70 71 69 67 65 63 60 58 56 54 52 49 47 45 43 41 41 41 42 42 43 43 43 44 44 44 45 45 45 46 50 53 56
47 49 50 52 53 55 57 58 60 61 62 64 65 66 68 69 70 71 73 74 75 76 78 77 75 73 72 70 69 67 65 64 62 61 59 57 56 55 54 54 53 53 52 52 51 51 50 50 49 49 48 50 51 53 54 56 57 59 60 62 63 65 66 68 69 67 65 63 61 59 57 55 53 51 49 47 45 43 41 42 42 42 43 43 44 44 45 45 46 46 47 47 48 51 55 58
48 50 51 53 54 56 58 59 61 62 63 65 66 67 69 70 71 73 74 75 77 78 79 79 77 75 74 72 70 69 67 65 64 62 60 59 57 56 56 55 54 53 53 52 51 50 49 49 48 47 46 48 49 50 52 53 55 56 57 59 60 61 63 64 65 64 62 60 58 57 55 53 51 50 48 46 44 43 41 42 42 43 44 44 45 45 46 47 47 48 48 49 50 53 56 60
49 51 52 54 55 57 58 60 61 63 64 66 67 69 70 71 73 74 76 77 78 80 81 80 79 77 75 74 72 70 69 67 65 64 62 60 59 58 57 56 55 54 53 52 51 50 49 48 47 46 45 46 47 48 50 51 52 53 54 56 57 58 59 60 61 60 59 57 56 54 53 51 50 48 47 45 44 42 41 42 43 43 44 45 46 46 47 48 49 49 50 51 52 55 58 61
51 52 53 55 56 58 59 61 62 64 65 67 68 70 71 73 74 76 77 79 80 82 83 82 81 79 77 75 74 72 70 69 67 65 64 62 60 59 58 56 55 54 53 52 50 49 48 47 46 44 43 44 45 46 47 48 49 50 51 52 54 55 56 57 58 56 55 54 53 52 51 49 48 47 46 45 43 42 41 42 43 44 45 46 47 47 48 49 50 51 52 53 54 57 60 63
52 53 55 56 57 59 60 62 63 64 66 68 69 71 72 74 76 77 79 80 82 83 85 84 82 81 79 77 75 74 72 70 69 67 65 63 62 60 59 57 56 54 53 52 50 49 47 46 44 43 42 42 43 44 45 46 47 48 49 49 50 51 52 53 54 53 52 51 50 49 48 47 47 46 45 44 43 42 42 43 44 45 46 47 48 49 50 51 52 53 54 55 56 59 62 65
53 54 56 57 58 60 61 62 64 65 67 69 70 72 74 75 77 79 80 82 84 85 87 86 84 82 81 79 77 75 74 72 70 68 67 65 63 61 60 58 57 55 53 52 50 48 47 45 43 42 40 41 41 42 43 43 44 45 46 46 47 48 48 49 50 49 49 48 47 47 46 46 45 44 44 43 43 42 42 43 44 45 46 47 48 50 51 52 53 54 55 57 58 61 63 66
54 55 57 58 59 61 62 63 65 66 68 70 71 73 75 77 78 80 82 84 85 87 89 88 86 84 82 81 79 77 75 74 72 70 68 66 65 63 61 59 57 55 53 51 50 48 46 44 42 40 38 39 39 40 40 41 42 42 43 43 44 44 45 45 46 46 45 45 45 44 44 44 43 43 43 42 42 42 42 43 44 46 47 48 49 51 52 53 55 56 57 58 60 63 65 68
55 57 58 59 60 62 63 64 65 67 69 71 72 74 76 78 80 82 83 85 87 89 91 90 88 86 84 82 81 79 77 75 73 72 70 68 66 64 62 60 58 56 54 51 49 47 45 43 41 39 37 37 37 38 38 39 39 39 40 40 41 41 41 42 42 42 42 42 42 42 42 42 42 42 42 42 42 42 42 43 45 46 48 49 50 52 53 55 56 57 59 60 62 65 67 70
57 58 59 60 61 63 64 65 66 68 70 72 73 75 77 79 81 83 85 87 89 91 93 92 90 88 86 84 82 81 79 77 75 73 71 69 68 65 63 61 58 56 54 51 49 47 44 42 40 37 35 35 35 36 36 36 36 37 37 37 37 38 38 38 38 38 39 39 39 39 40 40 40 41 41 41 41 42 42 44 45 47 48 50 51 53 54 56 58 59 61 62 64 66 69 71
58 59 60 61 62 63 65 66 67 69 71 73 75 77 79 80 82 84 86 88 90 92 94 93 92 90 88 86 84 82 80 78 77 75 73 71 69 67 64 62 59 56 54 51 49 46 44 41 39 36 33 33 33 34 34 34 34 34 34 34 34 34 34 34 34 35 35 36 37 37 38 38 39 39 40 40 41 41 42 44 45 47 49 51 52 54 56 57 59 61 62 64 66 68 71 73
59 60 61 62 63 64 65 67 68 69 71 74 76 78 80 82 84 86 88 90 92 94 96 95 93 91 90 88 86 84 82 80 78 76 74 73 71 68 65 62 60 57 54 51 48 46 43 40 37 35 32 32 31 31 31 31 31 31 31 31 31 31 31 31 31 31 32 33 34 35 35 36 37 38 39 40 40 41 42 44 46 48 50 51 53 55 57 59 61 62 64 66 68 70 72 75
60 61 62 63 64 65 66 67 68 70 72 75 77 79 81 83 85 87 90 92 94 96 98 97 95 93 91 89 87 86 84 82 80 78 76 74 72 69 66 63 60 57 54 51 48 45 42 39 36 33 30 30 30 29 29 29 29 28 28 28 28 27 27 27 27 28 29 30 31 32 33 34 35 37 38 39 40 41 42 44 46 48 50 52 54 56 58 60 62 64 66 68 70 72 74 76
61 62 63 64 65 66 67 68 69 71 73 75 78 80 82 84 87 89 91 93 96 98 100 99 97 95 93 91 89 87 85 83 81 79 78 76 74 71 67 64 61 58 54 51 48 45 41 38 35 32 29 28 28 27 27 26 26 26 25 25 24 24 24 23 23 24 26 27 28 30 31 33 34 35 37 38 39 41 42 44 47 49 51 53 55 57 59 61 64 66 68 70 72 74 76 78
62 63 64 65 66 67 68 69 70 72 74 76 79 81 83 86 88 90 93 95 97 100 102 101 99 97 95 93 91 89 87 85 83 81 79 77 75 72 68 65 61 58 55 51 48 44 41 37 34 30 27 26 26 25 24 24 23 23 22 22 21 21 20 19 19 21 22 24 26 27 29 31 32 34 36 37 39 41 42 45 47 49 51 54 56 58 60 63 65 67 69 72 74 76 78 80
65 66 66 67 68 69 70 71 72 74 76 78 81 83 85 88 90 92 94 97 99 101 104 103 101 99 97 95 93 91 89 87 85 83 81 79 77 74 70 67 63 60 56 53 49 46 42 39 35 32 28 28 27 26 26 25 25 24 24 23 22 22 21 21 20 22 24 26 27 29 31 33 34 36 38 40 42 43 45 47 50 52 54 56 58 61 63 65 67 69 72 74 76 78 80 81
67 68 69 70 71 72 73 73 74 76 78 81 83 85 87 90 92 94 96 99 101 103 105 104 102 100 98 97 95 93 91 89 87 85 83 81 79 76 72 69 65 62 58 55 51 48 44 41 37 34 30 30 29 29 28 28 27 27 26 26 25 25 24 23 23 25 27 29 30 32 34 36 38 39 41 43 45 47 49 51 53 55 57 59 61 63 65 67 70 72 74 76 78 80 82 83
69 70 71 72 73 74 75 76 77 79 81 83 85 87 90 92 94 96 98 101 103 105 107 106 104 102 100 98 96 94 93 91 89 87 85 83 81 78 74 71 67 64 60 57 53 50 46 43 40 36 33 32 32 31 31 30 30 29 29 28 28 27 27 26 26 28 30 32 33 35 37 39 41 43 45 47 48 50 52 54 56 58 60 62 64 66 68 70 72 74 76 78 80 82 83 85
72 73 74 75 75 76 77 78 79 81 83 85 87 90 92 94 96 98 100 102 105 107 109 108 106 104 102 100 98 96 94 93 91 89 87 85 83 80 76 73 69 66 62 59 55 52 49 45 42 38 35 34 34 33 33 32 32 32 31 31 30 30 29 29 29 31 33 34 36 38 40 42 44 46 48 50 52 54 56 58 59 61 63 65 67 69 71 73 74 76 78 80 82 84 85 87
74 75 76 77 78 79 80 81 82 83 85 88 90 92 94 96 98 100 102 104 106 109 111 110 108 106 104 102 100 98 96 94 92 91 89 87 85 82 78 75 71 68 64 61 58 54 51 47 44 40 37 36 36 36 35 35 35 34 34 33 33 33 32 32 32 34 36 37 39 41 43 45 47 49 51 53 55 57 59 61 63 64 66 68 70 71 73 75 77 79 80 82 84 86 87 89
77 78 78 79 80 81 82 83 84 86 88 90 92 94 96 98 100 102 104 106 108 110 112 111 110 108 106 104 102 100 98 96 94 93 91 89 87 84 80 77 73 70 67 63 60 56 53 49 46 43 39 39 38 38 38 37 37 37 36 36 36 35 35 35 34 36 38 40 42 44 47 49 51 53 55 57 59 61 63 64 66 68 69 71 73 74 76 78 79 81 83 84 86 88 89 91
79 80 81 82 83 84 85 85 86 88 90 92 94 96 98 100 102 104 106 108 110 112 114 113 111 109 108 106 104 102 100 98 96 94 93 91 89 86 82 79 75 72 69 65 62 58 55 52 48 45 41 41 41 40 40 40 39 39 39 39 38 38 38 37 37 39 41 43 46 48 50 52 54 56 58 60 62 64 66 68 69 71 72 74 75 77 78 80 82 83 85 86 88 89 91 93
81 82 83 84 85 86 87 88 89 90 92 94 96 98 100 102 104 106 108 110 112 114 116 115 113 111 109 107 106 104 102 100 98 96 95 93 91 88 84 81 77 74 71 67 64 61 57 54 50 47 44 43 43 43 42 42 42 42 41 41 41 41 40 40 40 42 44 46 49 51 53 55 57 59 61 63 65 68 70 71 72 74 75 77 78 80 81 83 84 85 87 88 90 91 93 95
84 85 86 87 87 88 89 90 91 93 95 97 98 100 102 104 106 108 110 112 114 116 118 117 115 113 111 109 107 106 104 102 100 98 96 95 93 90 86 83 80 76 73 69 66 63 59 56 52 49 46 45 45 45 45 45 44 44 44 44 44 43 43 43 43 45 47 49 52 54 56 58 60 62 65 67 69 71 73 74 76 77 78 80 81 82 84 85 86 88 89 90 92 93 95 97
86 87 88 89 90 91 92 93 94 95 97 99 101 103 104 106 108 110 112 114 116 118 119 118 117 115 113 111 109 108 106 104 102 100 98 97 95 92 88 85 82 78 75 71 68 65 61 58 55 51 48 48 47 47 47 47 47 47 47 46 46 46 46 46 46 48 50 52 55 57 59 61 63 66 68 70 72 74 77 78 79 80 81 83 84 85 86 88 89 90 91 92 94 95 97 99
89 90 90 91 92 93 94 95 96 97 99 101 103 105 107 108 110 112 114 116 118 119 121 120 118 117 115 113 111 109 108 106 104 102 100 99 97 94 90 87 84 80 77 74 70 67 64 60 57 53 50 50 50 50 50 49 49 49 49 49 49 49 49 49 49 51 53 55 58 60 62 64 67 69 71 73 76 78 80 81 82 83 84 86 87 88 89 90 91 92 93 95 96 97 99 100
91 92 93 94 95 96 96 97 98 100 102 103 105 107 109 110 112 114 116 118 119 121 123 122 120 118 117 115 113 111 109 108 106 104 102 101 99 96 92 89 86 82 79 76 72 69 66 62 59 56 52 52 52 52 52 52 52 52 52 52 52 52 51 51 51 54 56 58 61 63 65 68 70 72 74 77 79 81 83 84 86 87 88 89 90 91 92 93 94 95 96 97 98 99 101 102
93 94 95 96 97 98 99 100 101 102 104 106 107 109 111 113 114 116 118 119 121 123 125 124 122 120 118 117 115 113 111 110 108 106 104 102 101 98 94 91 88 84 81 78 74 71 68 64 61 58 55 54 54 54 54 54 54 54 54 54 54 54 54 54 54 57 59 61 64 66 68 71 73 75 78 80 82 85 87 88 89 90 91 91 92 93 94 95 96 97 98 99 100 101 103 104
96 97 98 99 99 100 101 102 103 105 106 108 110 111 113 115 116 118 120 121 123 125 126 125 124 122 120 118 117 115 113 111 110 108 106 104 103 100 96 93 90 86 83 80 77 73 70 67 63 60 57 57 57 57 57 57 57 57 57 57 57 57 57 57 57 60 62 64 67 69 71 74 76 79 81 83 86 88 90 91 92 93 94 94 95 96 97 98 98 99 100 101 102 103 105 106
97 98 99 100 101 102 103 104 105 106 108 109 111 113 114 116 118 119 121 123 124 126 128 127 125 123 122 120 118 117 115 113 112 110 108 107 105 102 99 96 93 89 86 83 80 77 74 70 67 64 61 61 61 61 61 61 62 62 62 62 62 62 62 62 62 65 67 69 72 74 76 79 81 83 86 88 90 93 95 95 96 97 98 98 99 100 100 101 102 103 103 104 105 106 108 109
98 99 100 101 102 103 104 105 106 107 109 111 112 114 116 117 119 121 122 124 126 127 129 128 126 125 123 122 120 119 117 115 114 112 111 109 107 105 102 99 96 93 90 87 84 81 78 75 72 69 66 66 66 66 66 66 67 67 67 67 67 68 68 68 68 70 73 75 77 79 81 84 86 88 90 92 95 97 99 100 100 101 102 102 103 104 104 105 106 106 107 108 108 110 111 112
99 100 101 102 103 104 105 106 107 109 110 112 114 115 117 119 120 122 123 125 127 128 130 129 128 126 125 123 122 120 119 117 116 114 113 111 110 107 104 102 99 96 93 90 87 84 82 79 76 73 70 70 71 71 71 71 72 72 72 73 73 73 73 74 74 76 78 80 82 85 87 89 91 93 95 97 99 101 103 104 104 105 106 106 107 107 108 109 109 110 110 111 112 113 114 116
100 101 102 103 104 105 106 108 109 110 112 113 115 117 118 120 121 123 125 126 128 130 131 131 129 128 126 125 124 122 121 119 118 117 115 114 112 110 107 104 102 99 96 94 91 88 86 83 80 78 75 75 75 76 76 77 77 77 78 78 78 79 79 79 80 82 84 86 88 90 92 94 96 98 100 102 104 106 107 108 109 109 110 110 111 111 112 112 113 114 114 115 115 117 118 119
101 102 103 104 106 107 108 109 110 111 113 115 116 118 119 121 123 124 126 128 129 131 132 132 130 129 128 127 125 124 123 121 120 119 117 116 115 112 110 107 105 102 100 97 95 92 90 87 85 82 80 80 80 81 81 82 82 82 83 83 84 84 85 85 86 87 89 91 93 95 97 99 101 102 104 106 108 110 112 112 113 113 114 114 115 115 116 116 117 117 118 118 119 120 121 122
102 103 105 106 107 108 109 110 111 113 114 116 118 119 121 122 124 126 127 129 130 132 134 133 132 131 129 128 127 126 125 123 122 121 120 118 117 115 113 110 108 106 103 101 98 96 94 91 89 87 84 85 85 86 86 87 87 88 88 89 89 90 90 91 91 93 95 97 98 100 102 104 106 107 109 111 113 114 116 116 117 117 118 118 119 119 119 120 120 121 121 122 122 123 124 125
103 104 106 107 108 109 110 111 113 114 116 117 119 120 122 124 125 127 128 130 132 133 135 134 133 132 131 130 129 128 126 125 124 123 122 121 120 118 115 113 111 109 107 104 102 100 98 95 93 91 89 89 90 90 91 92 92 93 93 94 95 95 96 97 97 99 100 102 104 105 107 109 110 112 114 115 117 119 120 121 121 121 122 122 123 123 123 124 124 124 125 125 126 127 128 129
104 106 107 108 109 110 112 113 114 115 117 119 120 122 123 125 126 128 130 131 133 134 136 136 134 133 132 131 130 129 128 127 126 125 124 123 122 120 118 116 114 112 110 108 106 104 102 100 98 96 93 94 95 95 96 97 97 98 99 99 100 101 102 102 103 104 106 108 109 111 112 114 115 117 118 120 122 123 125 125 125 125 126 126 126 127 127 127 128 128 128 129 129 130 131 132
105 107 108 109 110 112 113 114 115 117 118 120 121 123 125 126 128 129 131 132 134 136 137 137 136 135 134 133 132 131 130 129 128 127 126 125 124 123 121 119 117 115 113 111 109 108 106 104 102 100 98 99 99 100 101 102 103 103 104 105 106 106 107 108 109 110 112 113 114 116 117 119 120 122 123 125 126 128 129 129 129 130 130 130 130 131 131 131 131 132 132 132 133 133 134 135
106 108 109 110 112 113 114 115 117 118 120 121 123 124 126 127 129 131 132 134 135 137 138 138 137 136 135 135 134 133 132 131 130 129 129 128 127 125 124 122 120 118 117 115 113 111 110 108 106 104 103 103 104 105 106 107 108 109 109 110 111 112 113 114 114 116 117 118 120 121 123 124 125 127 128 129 131 132 133 133 133 134 134 134 134 134 135 135 135 135 135 136 136 137 138 139
107 109 110 111 113 114 115 117 118 119 121 122 124 126 127 129 130 132 133 135 136 138 139 139 138 138 137 136 135 135 134 133 132 132 131 130 129 128 126 125 123 122 120 118 117 115 114 112 111 109 107 108 109 110 111 112 113 114 115 116 117 117 118 119 120 121 123 124 125 126 128 129 130 131 133 134 135 136 137 137 138 138 138 138 138 138 138 139 139 139 139 139 139 140 141 142
109 110 111 113 114 115 117 118 119 121 122 124 125 127 128 130 131 133 135 136 138 139 141 141 140 139 138 138 137 136 136 135 134 134 133 132 132 130 129 128 126 125 123 122 121 119 118 116 115 113 112 113 114 115 116 117 118 119 120 121 122 123 124 125 126 127 128 129 131 132 133 134 135 136 137 138 140 141 142 142 142 142 142 142 142 142 142 142 142 143 143 143 143 144 144 145
110 111 112 114 115 116 118 119 121 122 124 125 127 128 130 131 133 134 136 137 139 140 142 142 141 141 140 139 139 138 138 137 137 136 135 135 134 133 132 131 129 128 127 125 124 123 122 120 119 118 117 118 119 120 121 122 123 124 125 126 127 129 130 131 132 133 134 135 136 137 138 139 140 141 142 143 144 145 146 146 146 146 146 146 146 146 146 146 146 146 146 146 146 147 148 148
111 112 113 115 116 118 119 121 122 123 125 126 128 129 131 132 134 135 137 139 140 142 143 143 143 142 142 141 141 140 140 139 139 138 138 137 137 136 135 133 132 131 130 129 128 127 126 125 123 122 121 122 124 125 126 127 128 129 131 132 133 134 135 136 138 138 139 140 141 142 143 144 145 146 147 148 148 149 150 150 150 150 150 150 150 150 150 150 150 150 150 150 150 150 151 152
114 115 116 117 119 120 121 122 123 125 126 128 129 131 132 134 135 137 138 139 141 142 144 144 143 143 143 142 142 141 141 140 140 139 139 139 138 137 136 135 135 134 133 132 131 130 129 128 127 126 126 127 128 129 131 132 133 134 136 137 138 140 141 142 143 144 145 146 146 147 148 148 149 150 151 151 152 153 153 153 153 153 153 153 153 153 153 153 152 152 152 152 152 153 153 154
117 118 119 120 121 122 123 124 125 126 128 129 130 132 133 135 136 138 139 140 142 143 145 145 144 144 144 143 143 142 142 142 141 141 140 140 140 139 138 137 137 136 135 135 134 133 133 132 131 131 130 131 133 134 135 137 138 140 141 142 144 145 147 148 149 150 150 151 151 152 152 153 153 154 155 155 156 156 157 156 156 156 156 156 156 156 155 155 155 155 155 155 155 155 155 156
120 121 122 122 123 124 125 125 126 127 129 130 132 133 134 136 137 139 140 141 143 144 146 146 145 145 145 144 144 143 143 143 142 142 142 141 141 140 140 140 139 139 138 138 137 137 136 136 135 135 134 136 137 139 140 142 143 145 146 148 149 151 152 154 155 155 156 156 156 157 157 157 158 158 158 159 159 159 160 159 159 159 159 159 158 158 158 158 158 157 157 157 157 157 158 158
123 124 124 125 125 126 127 127 128 129 130 131 133 134 136 137 138 140 141 142 144 145 146 146 146 146 146 145 145 145 144 144 144 143 143 143 142 142 142 142 141 141 141 140 140 140 140 139 139 139 139 140 142 143 145 147 148 150 151 153 155 156 158 159 161 161 161 161 162 162 162 162 162 162 162 162 163 163 163 163 162 162 162 162 161 161 161 161 160 160 160 160 159 160 160 160
126 127 127 127 128 128 128 129 129 130 131 133 134 135 137 138 139 141 142 143 145 146 147 147 147 147 147 146 146 146 145 145 145 145 144 144 144 144 144 144 143 143 143 143 143 143 143 143 143 143 143 144 146 148 150 151 153 155 157 158 160 162 163 165 167 167 167 167 167 167 166 166 166 166 166 166 166 166 166 166 165 165 165 164 164 164 164 163 163 163 162 162 162 162 162 162
130 130 130 130 130 130 130 130 131 131 133 134 135 137 138 139 140 142 143 144 146 147 148 148 148 148 148 147 147 147 147 146 146 146 146 145 145 145 145 146 146 146 146 146 146 146 147 147 147 147 147 149 151 153 154 156 158 160 162 164 165 167 169 171 173 172 172 172 172 171 171 171 171 170 170 170 170 169 169 169 168 168 168 167 167 167 166 166 166 165 165 164 164 164 164 165
