pluvio/pluvio-164.asc
ncols         252
nrows         154
xllcorner     -18.017974
yllcorner     13.481982
cellsize      0.035948
NODATA_value  -9999
[rows 43 to 85 of 154, columns 96 to 191 of 252]
71 75 78 81 85 88 92 95 98 101 103 105 107 109 111 114 116 118 120 122 124 126 128 127 124 121 119 116 113 110 107 105 102 99 96 94 91 89 88 86 85 83 82 80 79 77 76 74 73 71 70 68 67 65 64 63 61 60 58 57 55 54 52 51 50 49 49 48 47 47 46 46 45 45 44 44 43 43 42 43 43 43 43 44 44 44 44 45 45 45 46 46 46 48 49 51
73 77 80 84 87 91 94 98 101 104 106 108 110 112 115 117 119 121 123 125 128 130 132 130 127 124 122 119 116 113 110 107 104 102 99 96 93 91 90 88 87 85 84 82 81 80 78 77 75 74 72 71 69 68 66 65 63 62 60 59 57 56 54 53 51 51 50 50 49 48 48 47 47 46 45 45 44 44 43 43 44 44 44 44 45 45 45 45 46 46 46 46 47 48 50 51
75 79 82 86 90 93 97 101 104 107 109 111 113 116 118 120 122 124 127 129 131 133 135 134 131 128 125 122 119 116 113 110 107 104 101 98 95 93 92 91 89 88 86 85 83 82 80 79 77 76 74 73 71 70 68 67 65 64 62 61 59 58 56 55 53 53 52 51 50 50 49 48 48 47 46 46 45 44 44 44 44 45 45 45 45 46 46 46 46 47 47 47 47 49 50 52
77 81 85 88 92 96 100 103 107 110 112 114 117 119 121 123 125 128 130 132 134 137 139 137 134 131 128 125 122 119 116 112 109 106 103 100 97 96 94 93 91 90 88 87 85 84 83 81 80 78 77 75 74 72 71 69 67 66 64 63 61 60 58 57 55 54 53 53 52 51 51 50 49 48 48 47 46 45 45 45 45 45 46 46 46 46 46 47 47 47 47 48 48 49 51 52
79 83 87 91 95 98 102 106 110 113 115 117 120 122 124 126 129 131 133 135 138 140 142 140 137 134 131 128 125 121 118 115 112 109 106 103 99 98 96 95 93 92 91 89 88 86 85 83 82 81 79 78 76 74 73 71 70 68 66 65 63 62 60 58 57 56 55 54 54 53 52 51 50 49 49 48 47 46 45 46 46 46 46 46 47 47 47 47 48 48 48 48 49 50 52 53
81 85 89 93 97 101 105 109 113 116 118 120 123 125 127 130 132 134 136 139 141 143 146 144 140 137 134 131 127 124 121 118 114 111 108 105 101 100 98 97 96 94 93 91 90 89 87 86 84 83 82 80 78 77 75 73 72 70 68 67 65 63 62 60 59 58 57 56 55 54 53 52 51 51 50 49 48 47 46 46 47 47 47 47 47 48 48 48 48 48 49 49 49 51 52 54
82 86 90 95 99 103 107 111 115 118 120 122 125 127 129 131 134 136 138 141 143 145 147 145 142 139 136 133 129 126 123 120 116 113 110 107 103 102 101 99 98 96 95 94 92 91 90 88 87 86 84 83 81 79 78 76 74 73 71 69 68 66 64 63 61 60 59 58 57 56 55 54 53 52 51 50 50 49 48 48 48 48 48 49 49 49 49 49 49 50 50 50 50 52 53 55
82 86 90 94 98 102 106 110 114 117 119 121 124 126 128 130 132 135 137 139 141 144 146 144 141 138 135 132 129 126 123 120 117 114 111 108 105 104 103 101 100 99 98 97 95 94 93 92 91 89 88 87 85 83 82 80 78 77 75 74 72 70 69 67 65 64 63 62 61 60 59 58 57 56 55 54 53 51 51 51 51 51 51 51 51 51 52 52 52 52 52 52 53 54 55 57
83 86 90 94 98 102 106 110 113 116 118 120 123 125 127 129 131 133 135 138 140 142 144 142 140 137 134 131 129 126 123 121 118 115 112 110 107 106 105 104 103 101 100 99 98 97 96 95 94 93 92 91 89 87 86 84 83 81 79 78 76 74 73 71 70 68 67 66 65 64 63 61 60 59 58 57 56 54 53 53 54 54 54 54 54 54 54 54 54 54 54 54 55 56 58 59
83 86 90 94 98 102 105 109 113 115 117 120 122 124 126 128 130 132 134 136 138 140 142 141 138 136 133 131 128 126 124 121 119 116 114 111 109 107 107 106 105 104 103 102 101 101 100 99 98 97 96 95 93 91 90 88 87 85 83 82 80 79 77 75 74 73 71 70 69 68 66 65 64 62 61 60 59 57 56 56 56 56 56 56 56 56 57 57 57 57 57 57 57 58 60 61
83 87 90 94 97 101 105 108 112 115 117 119 121 123 125 127 129 131 133 135 137 139 141 139 137 135 133 130 128 126 124 121 119 117 115 112 110 109 109 108 107 106 106 105 104 104 103 102 102 101 100 99 97 95 94 92 91 89 88 86 84 83 81 80 78 77 75 74 73 71 70 69 67 66 64 63 62 60 59 59 59 59 59 59 59 59 59 59 59 59 59 59 59 61 62 64
83 87 90 94 97 101 104 108 111 114 116 118 120 122 124 125 127 129 131 133 135 137 139 138 136 134 132 130 128 126 124 122 120 118 116 114 112 111 111 110 110 109 108 108 107 107 106 106 105 105 104 103 101 99 98 96 95 93 92 90 89 87 85 84 82 81 79 78 76 75 74 72 71 69 68 66 65 63 62 62 62 62 62 62 62 62 62 61 61 61 61 61 62 63 64 66
83 87 90 93 97 100 104 107 111 113 115 117 119 121 122 124 126 128 130 132 134 136 137 136 135 133 131 129 128 126 124 122 121 119 117 115 114 113 113 112 112 111 111 111 110 110 110 109 109 108 108 106 105 103 102 100 99 97 96 94 93 91 90 88 87 85 83 82 80 79 77 76 74 72 71 69 68 66 65 65 65 64 64 64 64 64 64 64 64 64 64 64 64 65 67 68
83 87 90 93 97 100 103 107 110 112 114 116 118 120 121 123 125 127 129 130 132 134 136 135 133 132 130 129 127 126 124 123 121 120 118 117 115 115 115 114 114 114 114 114 113 113 113 113 112 112 112 110 109 107 106 104 103 101 100 98 97 95 94 92 91 89 87 86 84 82 81 79 77 76 74 72 71 69 68 67 67 67 67 67 67 67 67 66 66 66 66 66 66 67 69 70
83 87 90 93 96 100 103 106 109 112 113 115 117 119 120 122 124 125 127 129 131 132 134 134 132 131 130 128 127 126 125 123 122 121 120 118 117 117 117 117 117 117 116 116 116 116 116 116 116 116 116 114 113 111 110 108 107 105 104 102 101 100 98 97 95 93 92 90 88 86 84 83 81 79 77 76 74 72 70 70 70 70 70 70 69 69 69 69 69 68 68 68 68 70 71 73
83 87 90 93 96 99 102 106 109 111 112 114 116 117 119 121 122 124 126 127 129 131 132 132 131 130 129 128 127 126 125 124 123 122 121 120 119 119 119 119 119 119 119 119 119 119 119 120 120 120 120 118 117 115 114 112 111 110 108 107 105 104 102 101 99 97 96 94 92 90 88 86 84 82 81 79 77 75 73 73 73 73 72 72 72 72 72 71 71 71 71 70 71 72 73 75
84 87 90 93 96 99 102 105 108 110 112 113 115 116 118 120 121 123 124 126 128 129 131 131 130 129 128 127 127 126 125 124 124 123 122 121 120 121 121 121 121 122 122 122 122 122 123 123 123 123 124 122 121 119 118 117 115 114 112 111 109 108 106 105 104 102 100 98 96 94 92 90 88 86 84 82 80 78 76 76 76 75 75 75 75 74 74 74 73 73 73 73 73 74 76 77
84 87 90 93 95 98 101 104 107 109 111 112 114 115 117 118 120 121 123 125 126 128 129 129 129 128 127 127 126 126 125 125 124 124 123 123 122 122 123 123 124 124 124 125 125 126 126 126 127 127 128 126 125 123 122 121 119 118 116 115 113 112 111 109 108 106 104 102 99 97 95 93 91 89 87 85 83 81 79 79 78 78 78 77 77 77 77 76 76 76 75 75 75 76 78 79
84 87 90 92 95 98 101 104 107 109 110 111 113 114 116 117 119 120 122 123 125 126 127 128 127 127 127 126 126 126 126 125 125 125 124 124 124 124 125 125 126 127 127 128 128 129 129 130 130 131 132 130 129 127 126 125 123 122 120 119 118 116 115 113 112 110 108 105 103 101 99 97 95 92 90 88 86 84 82 81 81 81 80 80 80 79 79 79 78 78 78 77 77 79 80 82
84 87 89 92 95 98 100 103 106 108 109 111 112 113 115 116 117 119 120 122 123 124 126 126 126 126 126 126 126 126 126 126 126 126 126 126 126 126 127 128 128 129 130 130 131 132 133 133 134 135 135 134 133 131 130 129 127 126 125 123 122 120 119 118 116 114 112 109 107 105 103 100 98 96 94 91 89 87 85 84 84 83 83 83 82 82 82 81 81 80 80 80 80 81 82 84
84 86 89 91 94 97 99 102 105 106 108 109 110 112 113 114 116 117 118 120 121 122 124 124 124 124 125 125 125 125 125 125 126 126 126 126 126 127 128 129 130 130 131 132 133 134 135 136 136 137 138 137 136 134 133 132 130 129 128 126 125 124 122 121 120 117 115 113 110 108 105 103 101 98 96 94 91 89 87 87 86 86 85 85 84 84 84 83 83 82 82 81 81 83 84 86
83 85 88 90 93 95 97 100 102 104 105 107 108 109 111 112 113 114 116 117 118 120 121 121 122 122 122 123 123 123 124 124 124 124 125 125 125 126 127 128 129 130 131 132 133 134 135 136 137 138 139 138 136 135 134 133 132 130 129 128 127 125 124 123 122 119 117 115 112 110 107 105 102 100 98 95 93 90 88 88 87 87 87 86 86 85 85 85 84 84 83 83 83 84 86 87
82 84 86 89 91 93 96 98 100 102 103 104 106 107 108 109 111 112 113 114 116 117 118 119 119 120 120 120 121 121 122 122 123 123 124 124 125 125 127 128 129 130 131 132 133 134 135 136 137 138 139 138 137 136 135 134 133 132 131 129 128 127 126 125 124 121 119 117 114 112 109 107 104 102 99 97 94 92 90 89 89 88 88 88 87 87 86 86 85 85 85 84 84 86 88 89
81 83 85 87 89 92 94 96 98 100 101 102 103 104 106 107 108 109 110 112 113 114 115 116 117 117 118 118 119 120 120 121 121 122 122 123 124 125 126 127 128 129 131 132 133 134 135 136 138 139 140 139 138 137 136 135 134 133 132 131 130 129 128 127 126 124 121 119 116 113 111 108 106 103 101 98 96 93 91 91 90 90 89 89 89 88 88 87 87 86 86 86 86 87 89 91
80 82 84 86 88 90 92 94 96 97 99 100 101 102 103 104 105 107 108 109 110 111 112 113 114 115 116 116 117 118 118 119 120 121 121 122 123 124 125 127 128 129 130 132 133 134 135 137 138 139 141 140 139 138 137 136 135 134 134 133 132 131 130 129 128 126 123 121 118 115 113 110 108 105 102 100 97 95 92 92 92 91 91 90 90 90 89 89 88 88 87 87 87 89 91 93
79 80 82 84 86 88 90 92 94 95 96 97 98 100 101 102 103 104 105 106 107 109 110 111 111 112 113 114 115 116 117 118 118 119 120 121 122 123 125 126 127 129 130 132 133 134 136 137 138 140 141 140 140 139 138 137 137 136 135 134 134 133 132 131 130 128 125 123 120 117 115 112 109 107 104 101 99 96 94 93 93 93 92 92 91 91 90 90 90 89 89 88 88 90 92 94
78 79 81 83 85 86 88 90 92 93 94 95 96 97 98 99 100 101 103 104 105 106 107 108 109 110 111 112 113 114 115 116 117 118 119 120 121 123 124 126 127 128 130 131 133 134 136 137 139 140 142 141 141 140 139 139 138 137 137 136 135 135 134 133 133 130 127 125 122 119 116 114 111 108 106 103 100 98 95 95 94 94 94 93 93 92 92 91 91 91 90 90 90 92 94 96
77 78 80 81 83 85 86 88 89 91 92 93 94 95 96 97 98 99 100 101 102 103 104 105 106 108 109 110 111 112 113 115 116 117 118 119 120 122 123 125 127 128 130 131 133 134 136 138 139 141 142 142 141 141 140 140 139 139 138 138 137 136 136 135 135 132 129 127 124 121 118 116 113 110 107 105 102 99 97 96 96 95 95 95 94 94 93 93 92 92 92 91 91 93 96 98
76 77 78 80 81 83 84 86 87 88 89 90 91 92 93 94 95 96 97 98 99 100 101 103 104 105 106 108 109 110 112 113 114 116 117 118 119 121 123 124 126 128 129 131 133 135 136 138 140 141 143 143 142 142 141 141 140 140 140 139 139 138 138 137 137 134 131 129 126 123 120 117 115 112 109 106 103 101 98 98 97 97 96 96 95 95 95 94 94 93 93 92 93 95 97 99
75 76 77 78 80 81 82 84 85 86 87 88 89 90 91 92 93 94 95 96 97 98 99 100 101 103 104 106 107 109 110 111 113 114 116 117 119 120 122 124 126 127 129 131 133 135 136 138 140 142 144 143 143 143 142 142 142 141 141 141 140 140 140 140 139 136 133 131 128 125 122 119 116 113 111 108 105 102 99 99 99 98 98 97 97 96 96 96 95 95 94 94 94 96 99 101
74 75 76 77 78 79 80 82 83 84 85 86 87 87 88 89 90 91 92 93 94 95 96 97 99 100 102 104 105 107 108 110 111 113 115 116 118 120 121 123 125 127 129 131 133 135 137 139 140 142 144 144 144 144 143 143 143 143 143 142 142 142 142 142 141 138 135 132 130 127 124 121 118 115 112 109 106 103 101 100 100 100 99 99 98 98 97 97 97 96 96 95 95 98 100 103
73 74 75 76 77 78 79 80 81 81 82 83 84 85 86 87 88 89 89 90 91 92 93 94 96 98 100 101 103 105 107 108 110 112 113 115 117 119 121 123 125 127 129 131 133 135 137 139 141 143 145 145 145 145 144 144 144 144 144 144 144 144 144 144 143 140 137 134 132 129 126 123 120 117 114 111 108 105 102 102 101 101 100 100 100 99 99 98 98 97 97 97 97 99 102 104
72 72 73 74 75 76 77 78 78 79 80 81 82 83 83 84 85 86 87 88 88 89 90 92 94 96 97 99 101 103 105 107 109 110 112 114 116 118 120 122 124 127 129 131 133 135 137 139 141 143 145 146 146 146 146 146 146 146 146 146 146 146 146 146 146 143 140 136 133 130 127 124 121 118 115 112 109 106 104 103 103 102 102 101 101 101 100 100 99 99 98 98 98 101 103 106
71 71 72 73 73 74 75 76 76 77 78 79 79 80 81 82 83 83 84 85 86 87 87 89 91 93 95 97 99 101 103 105 107 109 111 113 115 117 120 122 124 126 128 131 133 135 137 139 142 144 146 146 146 146 147 147 147 147 147 147 147 147 148 148 148 145 142 138 135 132 129 126 123 120 117 114 111 108 105 105 104 104 103 103 102 102 102 101 101 100 100 99 100 102 105 108
71 72 72 73 73 74 75 75 76 77 78 78 79 80 81 81 82 83 84 84 85 86 87 88 90 93 95 97 99 101 103 105 107 109 111 113 115 117 120 122 124 127 129 131 134 136 138 141 143 145 148 148 148 148 149 149 149 149 150 150 150 150 151 151 151 148 145 142 139 135 132 129 126 123 120 117 113 110 108 107 107 106 106 105 105 104 104 103 103 102 102 102 102 105 107 110
73 73 74 75 75 76 77 77 78 79 79 80 81 82 82 83 84 84 85 86 87 87 88 90 92 94 96 98 100 102 104 106 108 110 111 113 115 118 120 123 125 128 130 133 135 138 140 143 145 148 150 151 151 151 152 152 153 153 153 154 154 155 155 155 156 152 149 146 143 140 136 133 130 127 124 120 117 114 111 111 110 110 109 109 108 108 107 107 106 106 105 105 105 108 110 113
74 75 76 76 77 78 78 79 80 81 81 82 83 83 84 85 85 86 87 87 88 89 90 91 93 95 97 99 101 103 104 106 108 110 112 114 116 118 121 124 126 129 132 134 137 140 142 145 147 150 153 153 154 154 155 155 156 157 157 158 158 159 159 160 160 157 154 150 147 144 141 137 134 131 128 124 121 118 115 114 114 113 113 112 111 111 110 110 109 109 108 108 108 111 113 116
76 76 77 78 79 79 80 81 82 82 83 84 84 85 86 86 87 88 88 89 90 90 91 92 94 96 98 100 102 103 105 107 109 111 113 114 116 119 122 125 127 130 133 136 138 141 144 147 150 152 155 156 157 157 158 159 159 160 161 162 162 163 164 164 165 161 158 155 151 148 145 141 138 135 131 128 125 122 119 118 117 117 116 115 115 114 114 113 112 112 111 111 111 114 116 119
77 78 79 80 80 81 82 83 84 84 85 85 86 87 87 88 89 89 90 90 91 92 92 94 96 97 99 101 103 104 106 108 110 111 113 115 117 119 122 125 128 131 134 137 140 143 146 149 152 155 158 159 160 160 161 162 163 164 165 165 166 167 168 169 169 166 163 159 156 152 149 146 142 139 135 132 129 125 122 122 121 120 120 119 118 118 117 116 116 115 114 114 114 117 119 122
79 80 81 81 82 83 84 85 85 86 87 87 88 88 89 90 90 91 91 92 93 93 94 95 97 99 100 102 104 105 107 109 110 112 114 115 117 120 123 126 129 132 136 139 142 145 148 151 154 157 160 161 162 163 164 165 166 167 168 169 170 171 172 173 174 170 167 164 160 157 153 150 146 143 139 136 132 129 126 125 124 124 123 122 122 121 120 119 119 118 117 117 117 120 123 125
80 81 82 83 84 85 86 86 87 88 89 89 90 90 91 91 92 92 93 94 94 95 95 97 98 100 101 103 105 106 108 109 111 113 114 116 118 121 124 127 130 134 137 140 143 147 150 153 156 160 163 164 165 166 167 169 170 171 172 173 174 175 176 178 178 175 171 168 164 161 157 154 150 147 143 140 136 133 130 129 128 127 126 126 125 124 123 123 122 121 120 120 120 123 126 129
82 83 84 85 86 87 87 88 89 90 90 91 91 92 92 93 93 94 95 95 96 96 97 98 99 101 103 104 106 107 109 110 112 113 115 116 118 121 125 128 131 135 138 142 145 148 152 155 159 162 165 167 168 169 171 172 173 174 176 177 178 179 181 182 183 179 176 172 169 165 162 158 154 151 147 144 140 136 133 132 132 131 130 129 128 127 127 126 125 124 123 122 123 126 129 132
84 85 86 86 87 88 89 90 91 92 92 93 93 94 94 95 95 96 96 97 97 98 98 99 101 102 104 105 107 108 110 111 112 114 115 117 118 122 125 129 132 136 139 143 147 150 154 157 161 164 168 170 171 172 174 175 177 178 179 181 182 184 185 186 188 184 180 177 173 169 166 162 158 155 151 147 144 140 137 136 135 134 133 133 132 131 130 129 128 127 126 125 125 129 132 135
