pluvio/pluvio-320.asc
ncols         252
nrows         154
xllcorner     -0.5
yllcorner     -153.5
cellsize      1
NODATA_value  -9999
[rows 0 to 42 of 154, columns 96 to 191 of 252]
43 42 41 41 40 40 40 41 41 42 42 43 43 42 41 40 40 39 38 37 37 38 38 38 39 39 39 39 38 38 37 37 36 36 37 38 39 40 41 42 43 44 44 45 45 46 47 47 47 48 48 49 49 49 49 47 46 44 42 41 39 38 38 38 37 37 37 36 36 36 36 37 37 37 37 37 37 36 36 36 36 36 38 40 43 46 49 52 55 54 51 48 46 43 40 38
40 39 39 39 38 38 39 41 42 43 44 45 46 45 44 43 41 40 39 39 39 39 39 39 39 39 39 39 38 38 37 36 36 36 37 39 40 41 42 44 45 46 47 48 49 49 50 51 51 52 52 52 53 53 52 51 49 48 46 44 43 42 41 41 40 40 39 38 38 38 38 39 39 39 39 39 39 39 40 40 40 40 43 46 50 53 56 60 63 62 58 55 51 48 45 41
37 37 37 37 37 37 39 40 42 44 45 47 48 47 46 45 43 42 41 40 40 40 40 40 40 40 39 39 38 38 37 36 36 36 38 39 41 42 44 45 47 48 49 50 52 53 54 55 55 56 56 56 56 57 56 54 53 51 50 48 47 45 45 44 43 42 41 41 40 40 40 41 41 41 41 41 42 42 43 44 44 45 48 52 56 60 64 68 72 70 66 62 57 53 49 45
34 34 35 35 35 36 38 40 42 45 47 49 50 49 48 47 45 44 43 42 41 41 41 40 40 40 39 39 38 38 37 36 36 36 38 39 41 43 45 47 48 50 52 53 55 56 58 59 59 59 60 60 60 60 59 58 56 55 53 52 50 49 48 47 46 45 44 43 42 42 42 43 43 43 43 43 44 45 46 47 48 49 53 57 62 67 71 76 81 78 73 68 63 58 53 48
33 33 34 34 35 36 38 41 44 47 49 52 54 52 51 49 48 46 45 43 43 43 42 42 41 41 41 40 40 39 39 38 37 38 39 41 43 44 46 48 49 51 52 54 56 57 59 60 61 61 62 62 62 63 63 61 60 59 57 56 54 53 52 51 49 48 47 45 45 45 45 46 46 46 46 47 48 49 50 51 52 52 56 60 64 68 73 77 81 79 74 69 64 59 53 48
34 34 35 35 36 36 40 43 46 50 53 56 58 56 55 53 51 49 47 45 45 45 44 44 44 43 43 43 42 42 42 41 41 41 42 43 45 46 47 48 49 51 52 53 55 56 57 59 60 61 62 63 64 65 65 64 63 62 61 60 59 58 56 55 53 52 50 49 48 49 49 50 50 50 51 51 52 52 53 53 54 54 56 59 62 65 68 71 74 72 68 63 59 55 51 46
34 35 35 36 36 37 41 45 49 53 56 60 63 61 58 56 54 52 49 48 47 47 47 46 46 46 45 45 45 45 45 44 44 44 45 46 46 47 48 48 49 50 51 53 54 55 56 57 59 61 62 64 66 67 68 67 66 66 65 64 64 62 61 59 57 55 54 52 52 52 53 53 54 55 55 56 56 56 56 56 56 56 57 59 60 62 64 65 67 65 62 58 55 51 48 44
35 36 36 37 37 38 43 47 51 56 60 64 67 65 62 59 57 54 52 50 49 49 49 48 48 48 48 48 48 48 48 48 48 48 48 48 48 49 49 49 49 50 51 52 53 53 54 56 58 60 63 65 67 69 71 70 70 69 69 68 68 67 65 63 61 59 57 55 55 56 57 57 58 59 60 60 60 59 59 58 58 57 58 58 59 59 59 60 60 58 56 53 50 48 45 42
36 36 37 37 38 39 44 49 54 59 64 69 72 69 66 63 60 57 54 52 51 51 51 51 50 50 50 50 50 51 51 51 51 51 51 51 50 50 50 49 49 50 50 51 52 52 53 54 57 60 63 66 69 72 73 73 73 73 73 73 73 71 69 67 65 63 61 58 58 59 60 61 62 64 65 64 64 63 62 61 60 59 58 57 57 56 55 54 53 52 50 48 46 44 42 40
37 37 38 38 39 40 46 51 56 62 67 73 76 73 70 66 63 59 56 54 53 53 53 53 53 52 52 53 53 53 54 54 55 55 54 53 52 51 51 50 49 50 50 50 50 51 51 53 56 60 63 67 70 74 76 76 76 76 77 77 77 76 74 71 69 66 64 62 61 63 64 65 67 68 69 69 68 66 65 64 62 61 59 57 55 53 51 48 46 45 44 43 42 41 39 38
37 38 38 39 40 41 47 53 59 65 71 77 81 77 73 70 66 62 58 56 55 55 55 55 55 55 55 55 56 56 57 57 58 58 57 55 54 53 52 50 49 49 49 49 49 49 49 51 55 59 64 68 72 76 78 79 80 80 81 81 82 81 78 75 73 70 68 65 65 66 68 69 71 72 74 73 71 70 68 66 64 63 60 56 53 50 46 43 39 38 38 38 37 37 37 36
39 40 41 42 43 45 51 57 63 69 75 81 85 82 78 74 70 67 63 60 60 59 59 58 58 57 57 57 58 58 58 59 59 59 58 56 55 54 52 51 50 50 50 50 50 49 49 51 56 60 65 69 73 78 81 82 84 85 86 88 89 88 86 83 80 77 74 71 71 72 73 74 75 76 78 77 74 72 69 67 64 62 59 55 51 47 44 40 36 35 35 35 35 36 36 36
42 44 45 46 48 50 56 62 68 74 80 86 90 87 83 80 76 73 69 66 65 64 63 62 61 60 59 59 59 59 59 59 59 58 57 56 55 54 53 52 51 51 51 51 51 51 50 52 57 61 66 71 75 80 83 86 89 91 94 96 99 99 95 92 89 86 83 79 78 79 79 79 80 80 81 79 76 73 69 66 63 60 57 53 50 46 42 39 35 34 35 35 35 36 36 36
45 47 49 51 53 55 61 67 73 79 85 91 95 92 88 85 82 79 76 73 71 69 68 66 65 63 62 61 60 60 59 59 58 58 57 56 55 54 53 52 52 52 52 52 52 52 52 54 58 63 67 72 77 81 86 90 93 97 101 105 109 109 105 102 98 95 91 88 86 86 85 85 84 84 84 81 77 73 70 66 62 58 55 51 48 45 41 38 35 34 34 35 35 36 36 37
48 51 53 55 58 61 67 72 78 84 90 96 100 97 94 91 88 85 82 79 77 75 72 70 68 66 64 63 62 61 60 59 58 57 56 56 55 54 54 53 53 53 53 53 53 53 53 55 59 64 69 74 78 83 88 93 98 103 108 114 119 119 115 112 108 104 100 96 94 93 91 90 89 88 87 83 79 74 70 65 61 56 52 49 46 43 40 37 34 33 34 35 35 36 37 37
51 54 57 60 63 66 72 78 83 89 95 100 104 102 99 96 94 91 88 85 83 80 77 74 71 68 66 65 63 62 60 59 57 56 56 55 55 54 54 54 53 53 53 54 54 54 54 56 61 66 70 75 80 85 90 97 103 109 116 122 129 129 125 121 117 113 109 105 102 100 98 96 94 92 90 86 80 75 70 65 59 54 50 47 45 42 39 36 33 33 34 34 35 36 37 38
54 58 61 64 68 71 77 83 88 94 100 105 109 107 104 102 99 97 94 92 88 85 82 78 75 71 68 66 64 63 61 59 57 55 55 55 55 55 54 54 54 54 54 55 55 55 55 57 62 67 72 77 82 87 93 100 108 116 123 131 138 140 135 131 126 122 117 113 109 107 104 101 98 96 93 88 82 76 70 64 58 52 48 46 43 40 38 35 32 32 33 34 35 36 37 38
57 61 65 69 73 77 82 88 93 99 104 110 114 112 110 107 105 103 101 98 94 90 86 82 78 74 71 68 66 63 61 59 56 55 55 55 55 55 55 55 55 55 55 55 56 56 56 58 63 68 73 78 83 88 95 104 113 122 131 139 148 150 145 140 136 131 126 121 117 114 110 107 103 99 96 90 84 77 70 63 57 50 46 44 41 39 36 34 32 32 33 34 35 36 37 38
62 66 69 73 76 80 85 91 96 101 106 112 115 113 110 108 105 102 100 97 93 89 85 81 76 72 69 67 64 62 60 58 55 54 55 55 56 56 57 58 58 58 59 59 59 60 60 62 66 71 75 79 84 88 95 103 112 121 130 138 147 149 145 140 136 132 127 123 119 115 111 107 103 99 95 89 83 76 70 63 57 50 47 44 42 40 37 35 33 33 35 36 37 39 40 41
68 71 74 77 79 83 87 92 97 102 106 111 114 111 108 104 101 98 95 91 87 83 79 76 72 68 64 63 61 59 58 56 54 54 55 56 58 59 60 61 62 63 63 64 65 65 66 67 71 74 77 81 84 87 93 100 108 116 124 131 139 141 138 134 131 128 124 121 117 112 108 104 99 95 90 85 80 74 69 63 58 52 49 46 44 42 40 38 35 36 37 39 41 42 44 45
74 76 78 80 83 85 89 94 98 102 106 111 113 109 105 101 97 93 89 85 82 78 74 71 67 63 60 59 58 57 56 54 53 53 55 57 59 61 63 65 67 67 68 69 70 71 72 73 75 77 80 82 84 86 90 97 104 111 118 125 131 133 131 128 126 123 121 119 115 110 105 100 96 91 86 81 77 72 68 63 58 54 51 49 47 44 42 40 38 39 40 42 44 46 48 50
80 82 83 84 86 87 91 95 99 103 106 110 112 108 103 98 93 89 84 79 76 73 69 66 62 59 56 55 55 54 53 53 52 53 55 58 61 64 66 69 71 72 73 74 75 76 77 78 80 81 82 83 84 85 88 94 100 106 112 118 123 125 124 122 121 119 118 116 113 108 102 97 92 87 82 78 74 70 67 63 59 56 53 51 49 47 45 43 41 41 43 46 48 50 52 54
86 87 87 88 89 90 93 96 100 103 106 110 111 106 100 95 89 84 79 74 70 67 64 61 57 54 52 52 51 51 51 51 51 52 56 59 62 66 69 73 75 77 78 79 81 82 83 84 84 84 84 84 84 84 86 91 96 101 106 111 115 117 117 116 116 115 115 114 111 105 100 94 89 83 78 74 71 68 66 63 60 57 55 53 51 49 47 45 43 44 46 49 51 53 56 58
92 92 92 92 92 92 95 98 101 104 106 109 110 104 98 92 86 79 73 68 65 62 59 56 52 49 47 48 48 49 49 50 50 52 56 60 64 68 72 77 80 81 83 84 86 88 89 89 88 87 86 85 84 83 84 88 92 96 100 104 108 110 110 110 111 111 111 112 109 103 97 91 85 79 73 70 68 66 65 63 61 59 57 55 53 51 49 48 46 47 49 52 55 57 60 62
98 97 97 96 95 94 97 99 102 104 106 109 109 102 96 89 82 75 68 62 59 56 53 51 48 45 43 44 45 46 47 48 49 51 56 61 66 71 75 80 84 86 88 89 91 93 95 95 93 91 88 86 84 82 82 85 88 91 94 97 100 102 103 104 106 107 108 109 107 100 94 88 82 75 69 66 65 64 64 63 62 61 59 57 56 54 52 50 48 50 52 55 58 61 64 67
99 98 97 96 95 95 97 99 101 103 105 107 107 100 93 87 80 73 66 60 58 55 53 50 48 45 44 45 46 47 48 49 50 52 57 62 68 73 78 83 87 89 90 92 94 96 98 98 95 92 89 86 84 81 81 83 85 88 90 93 95 97 99 101 103 105 107 109 106 100 93 87 80 74 68 65 65 64 64 64 63 63 62 60 59 57 55 54 52 53 56 58 61 63 66 69
97 96 96 95 95 95 96 98 100 101 103 105 105 98 92 85 79 72 66 60 58 56 55 53 51 49 48 48 49 50 50 51 52 54 59 64 69 75 80 85 89 90 92 94 96 97 99 98 95 92 89 86 83 80 80 82 84 86 88 90 92 94 97 99 102 105 107 110 107 100 94 87 80 74 67 65 65 65 65 65 66 66 65 63 62 60 59 58 56 57 59 61 63 65 68 70
94 94 94 94 94 95 96 97 98 100 101 102 102 96 90 84 78 72 65 61 59 58 56 55 53 52 51 52 52 52 53 53 54 56 61 66 71 77 82 87 91 92 94 95 97 98 100 99 96 93 90 86 83 80 79 81 82 84 86 87 89 92 95 98 101 104 107 110 108 101 94 87 80 74 67 65 65 66 66 67 68 68 68 66 65 64 63 62 60 61 63 64 66 67 69 71
92 93 93 93 94 94 95 96 97 98 99 100 99 94 88 82 77 71 65 61 60 59 58 57 56 55 55 55 55 55 55 56 56 58 63 68 73 79 84 89 93 94 96 97 98 100 101 100 97 93 90 86 83 79 78 79 81 82 84 85 86 89 92 96 100 103 107 111 108 101 94 87 80 73 66 64 65 67 68 69 70 71 70 69 68 68 67 66 65 65 66 67 68 69 70 72
90 91 92 93 93 94 95 95 96 96 97 97 97 91 86 81 76 70 65 61 61 60 60 59 59 58 58 58 58 58 58 58 58 59 65 70 75 81 86 91 95 96 97 99 100 101 102 101 98 94 90 86 82 79 77 78 79 80 81 82 83 86 90 94 99 103 107 111 109 102 95 87 80 73 66 64 66 67 69 70 72 73 73 73 72 71 70 70 69 69 70 70 71 71 72 73
88 89 90 92 93 94 94 94 94 95 95 95 94 89 84 79 75 70 65 61 61 61 61 62 62 62 62 61 61 61 60 60 60 61 67 72 77 83 88 93 97 98 99 100 101 102 104 102 98 94 90 86 82 78 76 77 78 78 79 80 81 83 88 93 97 102 107 112 109 102 95 88 80 73 66 64 66 68 70 72 74 76 76 76 75 75 74 74 73 73 73 73 73 73 73 74
85 87 89 91 92 94 94 93 93 93 93 92 91 87 82 78 73 69 65 61 62 63 63 64 64 65 65 65 64 63 63 62 62 63 68 74 79 84 90 95 99 100 101 102 103 104 105 103 99 95 90 86 82 77 75 76 76 76 77 77 78 81 86 91 96 102 107 112 110 103 95 88 80 73 65 64 66 69 71 73 76 78 79 79 78 78 78 78 77 77 77 76 76 75 75 74
88 90 92 94 96 98 97 96 95 94 93 93 91 88 84 81 77 74 71 68 68 69 69 69 69 70 69 69 68 67 66 65 64 65 70 76 81 87 92 97 101 102 103 103 104 105 106 104 100 95 91 87 82 78 76 76 76 76 77 77 77 80 85 91 96 102 107 113 111 104 96 89 81 74 67 65 67 69 72 74 76 78 79 80 80 81 81 82 83 83 83 83 83 83 83 84
92 94 96 99 101 103 101 100 98 97 95 94 92 90 88 86 83 81 79 77 77 76 76 76 75 75 74 73 71 70 69 67 66 67 72 78 83 89 94 100 103 104 104 105 105 106 106 105 101 96 92 88 84 80 77 77 77 77 77 77 77 80 85 91 97 102 108 114 112 105 98 90 83 76 69 67 69 70 72 73 75 76 78 80 81 83 85 87 88 90 91 92 93 94 95 96
96 98 101 104 107 108 106 104 102 99 97 95 93 92 91 90 89 88 88 87 86 84 83 82 81 80 79 77 75 73 71 70 68 69 74 80 85 91 96 102 106 106 106 106 107 107 107 105 101 97 93 89 85 81 79 78 78 78 78 77 77 80 86 91 97 103 109 114 113 106 99 92 85 78 71 69 70 71 72 73 74 75 77 80 83 85 88 91 94 96 98 100 102 104 106 108
100 103 106 109 112 114 111 108 105 102 99 96 94 94 95 95 95 96 96 96 94 92 91 89 87 85 83 81 79 77 74 72 70 70 76 82 87 93 99 104 108 108 108 108 108 108 108 106 102 98 94 90 86 82 80 79 79 79 78 78 77 80 86 92 98 103 109 115 114 107 100 93 87 80 73 71 71 71 72 72 73 73 76 80 84 88 92 96 100 103 106 109 112 115 118 121
104 107 111 114 117 119 116 112 108 105 101 97 95 96 98 100 101 103 105 105 103 100 98 95 93 90 88 85 83 80 77 75 72 72 78 84 89 95 101 107 110 110 110 109 109 109 108 107 103 99 95 91 87 84 81 81 80 79 79 78 77 80 86 92 98 104 110 116 115 108 102 95 88 82 75 72 72 72 72 72 72 72 75 80 85 90 95 100 106 110 114 118 121 125 129 133
108 112 115 119 122 125 120 116 112 107 103 99 96 99 101 104 107 110 113 114 111 108 105 102 99 96 92 89 86 83 80 77 74 74 80 86 91 97 103 109 112 112 111 111 110 110 109 107 104 100 96 92 89 85 83 82 81 80 79 78 77 80 86 92 98 104 111 117 116 109 103 96 90 83 77 74 73 73 72 71 71 70 74 80 86 93 99 105 111 116 121 126 131 136 141 145
112 116 120 124 128 130 125 120 115 110 105 100 97 101 105 109 113 117 122 124 120 116 112 108 105 101 97 94 90 87 83 80 76 76 82 88 94 99 105 111 115 114 113 112 111 111 110 108 104 101 97 94 90 86 84 83 82 81 80 78 77 80 86 93 99 105 111 118 117 110 104 98 92 85 79 76 75 73 72 71 70 68 73 80 87 95 102 110 117 123 129 135 141 146 152 158
114 117 120 124 127 129 124 119 114 110 105 100 97 102 106 111 115 120 125 127 123 119 115 111 107 102 99 95 92 88 85 81 78 77 83 89 95 101 107 113 117 117 117 117 117 117 117 115 110 106 101 97 92 88 85 84 83 82 80 79 78 81 87 94 100 107 113 119 119 113 107 101 96 90 84 81 79 78 76 75 73 72 76 83 90 98 105 112 119 126 132 139 145 151 158 164
114 117 119 122 124 125 121 117 113 108 104 100 97 102 107 111 116 121 126 128 124 120 116 111 107 103 99 96 92 89 86 83 79 79 85 91 97 103 108 114 118 120 121 122 123 124 126 124 118 112 106 101 95 89 86 85 84 83 82 81 80 82 89 95 102 108 115 121 121 116 111 106 100 95 90 87 85 84 82 80 78 77 81 87 94 101 107 114 121 127 134 141 148 154 161 168
114 116 118 119 121 122 118 114 111 107 103 99 97 102 107 112 117 122 127 129 125 121 116 112 108 104 100 97 93 90 87 84 81 81 86 92 98 104 110 116 120 123 125 127 130 132 135 133 126 119 112 105 97 90 86 85 84 84 83 82 81 84 90 97 104 110 117 123 124 119 114 110 105 101 96 93 91 89 87 86 84 82 85 91 97 104 110 116 122 129 136 143 150 157 164 172
115 116 117 117 118 119 115 112 109 106 102 99 98 103 108 113 118 123 128 130 126 122 117 113 109 104 100 97 94 91 88 85 82 82 88 94 100 106 111 117 122 126 129 133 136 140 143 142 133 125 117 108 100 92 87 86 85 84 84 83 82 85 92 99 105 112 119 125 126 122 118 114 110 106 102 99 97 95 93 91 89 87 90 95 101 107 112 118 123 130 138 145 153 160 168 175
