pluvio/pluvio-242.asc
ncols         252
nrows         154
xllcorner     -0.5
yllcorner     -153.5
cellsize      1
NODATA_value  -9999
[rows 0 to 81 of 154, columns 0 to 95 of 252]
0 0 0 0 0 0 0 0 0 0 0 0 0 0 0 0 0 0 0 0 0 0 0 0 0 0 0 0 0 1 1 1 1 1 1 0 0 0 0 0 0 1 1 1 2 2 3 4 5 6 7 8 9 10 12 14 16 18 19 21 19 16 13 10 7 5 2 1 1 1 1 1 1 1 1 1 1 1 1 1 0 0 0 0 0 0 0 0 0 0 0 0 0 0 0 0
0 0 0 0 0 0 0 0 0 0 0 0 0 0 0 0 0 0 0 0 0 0 0 0 0 0 0 0 0 1 1 1 1 1 1 0 0 0 0 0 0 1 1 1 2 2 3 4 5 6 7 8 9 11 13 16 18 20 22 25 22 19 15 12 8 5 1 1 1 1 1 1 1 0 0 0 0 0 0 0 0 0 0 0 0 0 0 0 0 0 0 0 0 0 0 0
0 0 0 0 0 0 0 0 0 0 0 0 0 0 0 0 0 0 0 0 0 0 0 0 0 0 0 0 0 1 1 1 1 1 1 0 0 0 0 0 0 1 1 1 2 2 3 4 5 6 7 8 9 12 15 17 20 23 26 28 25 21 17 13 9 5 1 1 1 0 0 0 0 0 0 0 0 0 0 0 0 0 0 0 0 0 0 0 0 0 0 0 0 0 0 0
0 0 0 0 0 0 0 0 0 0 0 0 0 0 0 0 0 0 0 0 0 0 0 0 0 0 0 0 0 1 1 1 1 1 1 0 0 0 0 0 0 1 1 1 2 2 3 4 5 6 8 9 10 13 16 19 22 26 29 32 28 24 19 14 10 5 0 0 0 0 0 0 0 0 0 0 0 0 0 0 0 0 0 0 0 0 0 0 0 0 0 0 0 0 0 0
0 0 0 0 0 0 0 0 0 0 0 0 0 0 0 0 0 0 0 0 0 0 0 0 0 0 0 0 0 1 1 1 1 1 1 1 0 0 0 0 0 1 1 1 1 2 3 4 5 6 7 9 10 13 17 20 24 27 31 34 30 25 20 15 10 5 0 0 0 0 0 0 0 0 0 0 0 0 0 0 0 0 0 0 0 0 0 0 0 0 0 0 0 0 0 0
0 0 0 0 0 0 0 0 0 0 0 0 0 0 0 0 0 0 0 0 0 0 0 0 0 0 0 0 1 1 1 1 1 1 1 1 0 0 0 0 0 1 1 1 1 2 2 4 5 6 7 8 9 13 16 20 24 28 32 36 31 26 21 16 11 6 1 0 0 0 0 0 0 0 0 0 0 0 0 0 0 0 0 0 0 0 0 0 0 0 0 0 0 0 0 0
0 0 0 0 0 0 0 0 0 0 0 0 0 0 0 0 0 0 0 0 0 0 0 0 0 0 0 0 1 1 1 1 1 1 1 1 1 0 0 0 0 1 1 1 1 1 2 3 4 5 7 8 9 12 16 20 25 29 33 37 33 27 22 17 11 6 1 0 0 0 0 0 0 0 0 0 0 0 0 0 0 0 0 0 0 0 0 0 0 0 0 0 0 0 0 0
0 0 0 0 0 0 0 0 0 0 0 0 0 0 0 0 0 0 0 0 0 0 0 0 0 0 0 0 1 1 1 1 1 1 1 1 1 0 0 0 0 1 1 1 1 1 2 3 4 5 6 7 8 12 16 21 25 29 34 38 34 28 23 17 12 6 1 1 1 1 1 0 0 0 0 0 0 0 0 0 0 0 0 0 0 0 0 0 0 0 0 0 0 0 0 0
0 0 0 0 0 0 0 0 0 0 0 0 0 0 0 0 0 0 0 0 0 0 0 0 0 0 0 0 1 1 1 2 2 1 1 1 1 0 0 0 0 1 1 1 1 1 2 3 4 5 6 7 8 12 16 21 25 30 35 39 35 29 24 18 12 7 1 1 1 1 1 1 1 0 0 0 0 0 0 0 0 0 0 0 0 0 0 0 0 0 0 0 0 0 0 0
0 0 0 0 0 0 0 0 0 0 0 0 0 0 0 0 0 0 0 0 0 0 0 0 0 0 0 0 1 1 1 2 2 1 1 1 1 1 0 0 0 1 1 1 1 1 2 3 3 4 5 6 7 11 16 21 26 31 36 40 36 30 24 19 13 7 1 1 1 1 1 1 1 1 1 0 0 0 0 0 0 0 0 0 0 0 0 0 0 0 0 0 0 0 0 0
0 0 0 0 0 0 0 0 0 0 0 0 0 0 0 0 0 0 0 0 0 0 0 0 0 0 0 1 1 1 2 2 2 2 1 1 1 1 0 0 0 0 1 1 1 1 1 2 3 4 5 6 6 11 16 21 26 31 36 42 37 31 25 19 13 8 2 1 1 1 1 1 1 1 1 1 1 1 1 1 0 0 0 0 0 0 0 0 0 0 0 0 0 0 0 0
0 0 0 0 0 0 0 0 0 0 0 0 0 0 0 0 0 0 0 0 0 0 0 0 0 0 0 1 1 1 2 2 2 2 1 1 1 1 0 0 0 0 1 1 1 1 1 2 3 3 4 5 6 10 15 20 25 30 34 39 35 29 24 18 13 7 2 1 1 1 1 1 1 1 1 1 1 1 1 1 0 0 0 0 0 0 0 0 0 0 0 0 0 0 0 0
0 0 0 0 0 0 0 0 0 0 0 0 0 0 0 0 0 0 0 0 0 0 0 0 0 0 0 1 1 2 2 2 2 2 2 1 1 1 0 0 0 0 0 1 1 1 1 2 2 3 4 4 5 9 13 17 22 26 30 35 31 26 21 16 11 6 2 1 1 1 1 1 1 1 1 1 0 0 0 0 0 0 0 0 0 0 0 0 0 0 0 0 0 0 0 0
0 0 0 0 0 0 0 0 0 0 0 0 0 0 0 0 0 0 0 0 0 0 0 0 0 0 0 1 1 2 2 3 3 2 2 1 1 1 0 0 0 0 0 0 0 1 1 1 2 2 3 3 4 7 11 15 18 22 26 30 26 22 18 14 10 6 1 1 1 1 1 1 1 0 0 0 0 0 0 0 0 0 0 0 0 0 0 0 0 0 0 0 0 0 0 0
0 0 0 0 0 0 0 0 0 0 0 0 0 0 0 0 0 0 0 0 0 0 0 0 0 0 0 1 1 2 2 3 3 2 2 2 1 1 0 0 0 0 0 0 0 0 1 1 2 2 2 3 3 6 9 12 15 19 22 25 22 19 15 12 8 5 1 1 1 1 1 1 0 0 0 0 0 0 0 0 0 0 0 0 0 0 0 0 0 0 0 0 0 0 0 0
0 0 0 0 0 0 0 0 0 0 0 0 0 0 0 0 0 0 0 0 0 0 0 0 0 0 0 1 2 2 3 3 3 3 2 2 1 1 1 0 0 0 0 0 0 0 1 1 1 1 2 2 2 4 7 10 12 15 17 20 18 15 12 9 7 4 1 1 1 1 1 0 0 0 0 0 0 0 0 0 0 0 0 0 0 0 0 0 0 0 0 0 0 0 0 0
0 0 0 0 0 0 0 0 0 0 0 0 0 0 0 0 0 0 0 0 0 0 0 0 0 0 0 1 2 2 3 3 3 3 2 2 1 1 1 0 0 0 0 0 0 0 0 1 1 1 1 1 1 3 5 7 9 11 13 15 14 11 9 7 5 3 1 1 1 1 0 0 0 0 0 0 0 0 0 0 0 0 0 0 0 0 0 0 0 0 0 0 0 0 0 0
1 0 0 0 0 0 0 0 0 0 0 0 0 0 0 0 0 0 0 0 0 0 0 0 0 0 1 1 2 2 3 4 3 3 2 2 2 1 1 0 0 0 0 0 0 0 0 0 0 0 0 0 0 2 3 5 6 7 9 10 9 8 6 5 4 2 1 0 0 0 0 0 0 0 0 0 0 0 0 0 0 0 0 0 0 0 0 0 0 0 0 0 0 0 0 0
1 0 0 0 0 0 0 0 0 0 0 0 0 0 0 0 0 0 0 0 0 0 0 0 0 0 1 1 2 2 3 4 3 3 2 2 2 1 1 0 0 0 0 0 0 0 0 0 0 0 0 0 0 1 2 3 4 6 7 8 7 6 5 4 3 2 1 0 0 0 0 0 0 0 0 0 0 0 0 0 0 0 0 0 0 0 0 0 0 0 0 0 0 0 0 0
0 0 0 0 0 0 0 0 0 0 0 0 0 0 0 0 0 0 0 0 0 0 0 0 0 0 0 1 2 2 3 3 3 3 2 2 1 1 1 0 0 0 0 0 0 0 0 0 0 0 0 0 0 1 2 3 4 5 6 7 6 5 4 3 2 1 1 0 0 0 0 0 0 0 0 0 0 1 1 1 1 1 1 1 1 1 0 0 0 0 0 0 0 0 0 0
0 0 0 0 0 0 0 0 0 0 0 0 0 0 0 0 0 0 0 0 0 0 0 0 0 0 0 1 1 2 2 3 3 3 2 2 1 1 1 0 0 0 0 0 0 0 0 0 0 0 0 0 0 1 2 2 3 4 5 5 5 4 3 3 2 1 1 0 0 0 0 0 0 0 1 1 1 1 1 1 1 1 1 1 1 1 1 1 1 1 1 1 1 1 1 1
0 0 0 0 0 0 0 0 0 0 0 0 0 0 0 0 0 0 0 0 0 0 0 0 0 0 0 1 1 2 2 3 3 2 2 2 1 1 1 0 0 0 0 0 0 0 0 0 0 0 0 0 0 1 1 2 3 3 4 4 4 3 3 2 2 1 1 0 1 1 1 1 1 1 1 1 1 1 1 1 1 1 1 1 1 1 1 1 1 1 1 1 1 1 1 1
0 0 0 0 0 0 0 0 0 0 0 0 0 0 0 0 0 0 0 0 0 0 0 0 0 0 0 1 1 2 2 2 2 2 2 2 1 1 1 0 0 0 0 0 0 0 0 0 0 0 0 0 0 1 1 2 2 2 3 3 3 2 2 2 1 1 1 1 1 1 1 1 1 1 1 1 1 1 1 1 1 1 1 1 1 1 1 1 1 1 1 1 1 1 1 1
0 0 0 0 0 0 0 0 0 0 0 0 0 0 0 0 0 0 0 0 0 0 0 0 0 0 0 1 1 1 2 2 2 2 2 1 1 1 1 0 0 0 0 0 0 0 0 0 0 0 0 1 1 1 1 1 1 1 2 2 2 1 1 1 1 1 0 1 1 1 1 1 1 1 1 1 1 1 1 1 1 1 1 1 1 1 1 1 1 1 1 1 1 1 1 1
0 0 0 0 0 0 0 0 0 0 0 0 0 0 0 0 0 0 0 0 0 0 0 0 0 0 0 1 1 1 2 2 2 2 1 1 1 1 1 0 0 0 0 0 0 0 0 0 0 0 1 1 1 1 1 1 1 1 1 1 1 1 0 0 0 0 0 1 1 1 1 1 1 1 1 1 1 1 1 2 2 2 2 2 2 1 1 1 1 1 2 2 2 2 2 2
0 0 0 0 0 0 0 0 0 0 0 0 0 0 0 0 0 0 0 0 0 0 0 0 1 1 1 1 1 1 2 2 2 2 1 1 1 1 1 0 0 0 0 0 0 0 0 0 0 0 0 1 1 1 0 0 0 0 0 0 0 0 0 0 0 0 0 1 1 1 1 1 1 1 1 1 1 2 2 2 2 2 2 2 2 2 2 2 2 2 2 2 2 2 2 2
0 0 0 0 0 0 0 0 0 0 0 0 0 0 0 0 0 0 0 0 1 1 1 2 2 2 2 2 2 2 2 2 2 1 1 1 1 1 1 0 0 0 0 0 0 0 0 0 0 0 0 0 0 0 0 0 0 0 0 0 0 0 0 0 0 0 0 0 1 1 1 1 1 1 1 1 2 2 2 2 2 2 2 2 2 2 2 2 2 2 2 2 2 2 2 1
0 0 0 0 0 0 0 0 0 0 0 0 0 0 0 0 0 0 0 1 1 2 2 3 3 3 3 3 2 2 2 2 1 1 1 1 1 1 1 0 0 0 0 0 0 0 0 0 0 0 0 0 0 0 0 0 0 0 0 0 0 0 0 0 0 0 0 0 1 1 1 1 1 1 1 1 2 2 2 2 3 3 3 2 2 2 2 2 2 2 2 2 2 2 2 1
0 0 0 0 0 0 0 0 0 0 0 0 0 0 0 0 0 0 0 1 2 3 3 4 5 5 4 4 3 2 2 1 1 1 1 1 1 1 1 0 0 0 0 0 0 0 0 0 0 0 0 0 0 0 0 0 0 0 0 0 0 0 0 0 0 0 0 0 1 1 1 1 1 1 1 2 2 2 2 3 3 3 3 3 3 3 3 2 2 2 2 2 2 2 1 1
0 0 0 0 0 0 0 0 0 0 0 0 0 0 0 0 0 0 1 2 2 3 4 5 6 6 5 4 4 3 2 1 1 1 1 1 1 1 1 0 0 0 0 0 0 0 0 0 0 0 0 0 0 0 0 0 0 0 0 0 0 0 0 0 0 0 0 0 1 1 1 1 1 1 1 2 2 2 3 3 3 3 3 3 3 3 3 3 3 2 2 2 2 2 1 1
0 0 0 0 0 0 0 0 0 0 0 0 0 0 0 0 0 0 1 2 3 4 5 7 8 7 6 5 4 3 2 1 1 1 1 1 1 1 1 0 0 0 0 0 0 0 0 0 0 0 0 0 0 0 0 0 0 0 0 0 0 0 0 0 0 0 0 0 0 1 1 1 1 1 1 2 2 3 3 3 4 4 3 3 3 3 3 3 3 3 2 2 2 1 1 1
0 0 0 0 0 0 0 0 0 0 0 0 0 0 0 0 0 0 1 2 4 5 6 8 9 9 7 6 5 4 2 1 1 1 1 1 1 1 1 0 0 0 0 0 0 0 0 0 0 0 0 0 0 0 0 0 0 0 0 0 0 0 0 0 0 0 0 0 0 1 1 1 1 1 2 2 2 3 3 4 4 4 4 4 4 4 3 3 3 3 2 2 2 1 1 1
0 0 0 0 0 0 0 0 0 0 0 0 0 0 0 0 0 1 1 3 4 5 6 8 9 9 7 6 5 3 2 1 0 0 0 0 0 0 0 0 0 0 0 0 0 0 0 0 0 0 0 0 0 0 0 0 0 0 0 0 0 0 0 0 0 0 0 0 0 1 1 1 1 1 2 2 2 3 3 3 4 4 4 4 3 3 3 3 3 3 2 2 2 1 1 1
0 0 0 0 0 0 0 0 0 0 0 0 0 0 1 1 1 1 2 3 4 5 6 7 8 8 7 5 4 3 2 1 0 0 0 0 0 0 0 0 0 0 0 0 0 0 0 0 0 0 0 0 0 0 0 0 0 0 0 0 0 0 0 0 0 0 0 0 0 1 1 1 1 1 2 2 2 3 3 3 4 3 3 3 3 3 3 3 2 2 2 2 1 1 1 1
0 0 0 0 0 0 0 0 0 0 0 0 0 1 1 1 2 2 3 3 4 5 6 7 7 7 6 5 4 3 2 1 0 0 0 0 0 0 0 0 0 0 0 0 0 0 0 0 0 0 0 0 0 0 0 0 0 0 0 0 0 0 0 0 0 0 0 0 0 1 1 1 1 1 2 2 2 2 3 3 3 3 3 3 3 3 3 2 2 2 2 1 1 1 1 1
0 0 0 0 0 0 0 0 0 0 0 0 1 1 1 2 2 3 3 4 4 5 5 6 7 6 5 4 3 2 1 0 0 0 0 0 0 0 0 0 0 0 0 0 0 0 0 0 0 0 0 0 0 0 0 0 0 0 0 0 0 0 0 0 0 0 0 0 0 1 1 1 1 1 1 2 2 2 2 3 3 3 3 3 2 2 2 2 2 2 1 1 1 1 0 0
0 0 0 0 0 0 0 0 0 0 0 0 1 1 2 2 3 3 4 4 4 5 5 6 6 5 5 4 3 2 1 0 0 0 0 0 0 0 0 0 0 0 0 0 0 0 0 0 0 0 0 0 0 0 0 0 0 0 0 0 0 0 0 0 0 0 0 0 0 1 1 1 1 1 1 2 2 2 2 2 3 2 2 2 2 2 2 2 1 1 1 1 1 0 0 0
0 0 0 0 0 0 0 0 0 0 0 1 1 2 2 3 3 4 4 4 4 5 5 5 5 5 4 3 2 2 1 0 0 0 0 0 0 0 0 0 0 0 0 0 0 0 0 0 0 0 0 0 0 0 0 0 0 0 0 0 0 0 0 0 0 0 0 0 1 1 1 1 1 1 1 2 2 2 2 2 2 2 2 2 2 2 2 1 1 1 1 1 0 0 0 0
0 0 0 0 1 1 1 1 0 0 0 1 1 2 3 3 4 5 5 5 5 5 4 4 4 4 3 3 2 1 1 0 0 0 0 0 0 0 0 0 0 0 0 0 0 0 0 0 0 0 0 0 0 0 0 0 0 0 0 0 0 0 0 0 0 0 0 0 1 1 1 1 1 1 1 2 2 2 2 2 2 2 2 2 1 1 1 1 1 1 0 0 0 0 0 0
1 1 1 1 2 2 2 2 2 2 1 2 3 3 4 5 5 6 6 6 5 5 5 4 4 3 3 2 2 1 1 0 0 0 0 0 0 0 0 0 0 0 0 0 0 0 0 0 0 0 0 0 0 0 0 0 0 0 0 0 0 0 0 0 0 0 0 0 1 1 1 1 1 1 1 1 1 2 2 2 2 2 2 2 1 1 1 1 1 1 1 0 0 0 0 0
1 2 2 3 3 3 3 3 3 3 3 3 4 5 5 6 7 8 7 7 6 5 5 4 3 3 2 2 1 1 0 0 0 0 0 0 0 0 0 0 0 0 0 0 0 0 0 0 0 0 0 0 0 0 0 0 0 0 0 0 0 0 0 0 0 0 1 1 1 1 1 1 1 1 1 1 1 1 1 1 2 2 2 2 2 2 2 2 2 1 1 1 1 0 0 0
2 3 3 4 4 4 4 4 4 4 4 5 5 6 7 8 8 9 9 8 7 6 5 4 3 2 2 2 1 1 0 0 0 0 0 0 0 0 0 0 0 0 0 0 0 0 0 0 0 0 0 0 0 0 0 0 0 0 0 0 0 0 0 0 1 1 1 1 1 1 1 1 1 1 1 1 1 1 1 1 1 1 2 2 2 2 2 2 2 2 1 1 1 1 0 0
3 4 5 5 6 6 6 6 6 6 5 6 7 8 8 9 10 11 10 9 8 6 5 4 2 2 1 1 1 1 0 0 0 0 0 0 0 0 0 0 0 0 0 0 0 0 0 0 0 0 0 0 0 0 0 0 0 0 0 0 0 0 0 1 1 1 1 1 1 1 1 1 1 1 1 1 1 1 1 1 1 1 2 2 2 2 3 3 2 2 2 2 1 1 1 1
4 5 6 7 7 7 7 7 7 7 7 7 8 9 10 11 12 12 12 10 8 7 5 4 2 1 1 1 1 0 0 0 0 0 0 0 0 0 0 0 0 0 0 0 0 0 0 0 0 0 0 0 0 0 0 0 0 0 0 0 0 0 0 1 1 1 1 1 1 1 1 1 1 1 1 1 1 1 1 1 1 1 2 2 2 3 3 3 3 3 2 2 2 1 1 1
4 6 7 8 9 8 8 8 8 8 8 9 10 10 11 12 13 14 13 11 9 7 5 3 1 1 1 0 0 0 0 0 0 0 0 0 0 0 0 0 0 0 0 0 0 0 0 0 0 0 0 0 0 0 0 0 0 0 0 0 0 0 1 1 1 1 2 1 1 1 1 1 1 1 1 1 1 1 1 1 1 1 2 2 2 3 3 4 3 3 3 2 2 2 1 1
5 7 8 9 10 10 10 10 10 10 9 10 11 12 13 14 15 16 15 12 10 8 6 3 1 0 0 0 0 0 0 0 0 0 0 0 0 0 0 0 0 0 0 0 0 0 0 0 0 0 0 0 0 0 0 0 0 0 0 0 0 0 1 1 1 1 2 2 1 1 1 1 1 0 0 0 0 0 0 1 1 1 2 2 3 3 4 4 4 3 3 3 2 2 2 1
6 7 9 10 11 10 10 10 9 9 9 9 10 11 12 12 13 14 13 11 9 7 5 3 1 0 0 0 0 0 0 0 0 0 0 0 0 0 0 0 0 0 0 0 0 0 0 0 0 0 0 0 0 0 0 0 0 0 0 0 0 0 1 1 1 1 2 1 1 1 1 1 1 0 0 0 0 0 0 0 0 1 1 2 2 3 3 4 4 3 3 3 2 2 2 1
6 8 9 11 11 10 10 9 9 8 7 8 8 9 10 10 11 12 11 9 8 6 4 2 1 0 0 0 0 0 0 0 0 0 0 0 0 0 0 0 0 0 0 0 0 0 0 0 0 0 0 0 0 0 0 0 0 0 0 0 0 0 1 1 1 1 1 1 1 1 1 1 1 0 0 0 0 0 0 0 0 1 1 2 2 3 3 3 3 3 3 2 2 2 2 1
7 8 10 11 12 11 10 9 8 7 6 6 7 7 8 8 9 10 9 7 6 5 3 2 0 0 0 0 0 0 1 1 1 1 0 0 0 0 0 0 0 0 0 0 0 0 0 0 0 0 0 0 0 0 0 0 0 0 0 0 0 0 1 1 1 1 1 1 1 1 1 1 1 1 0 0 0 0 0 0 0 1 1 1 2 2 3 3 3 3 2 2 2 2 2 1
7 9 10 12 12 11 10 8 7 6 5 5 5 5 6 6 7 7 7 6 5 3 2 1 0 0 0 0 0 1 1 1 1 1 1 1 0 0 0 0 0 0 0 0 0 0 0 0 0 0 0 0 0 0 0 0 0 0 0 0 0 0 0 0 1 1 1 1 1 1 1 1 1 1 0 0 0 0 0 0 0 0 1 1 2 2 2 3 2 2 2 2 2 2 2 1
8 9 11 12 12 11 9 8 7 5 4 3 3 4 4 4 5 5 4 4 3 2 2 1 0 0 0 0 1 1 1 1 1 1 1 1 1 0 0 0 0 0 0 0 0 0 0 0 0 0 0 0 0 0 0 0 0 0 0 0 0 0 0 0 0 0 0 0 0 0 1 1 1 1 0 0 0 0 0 0 0 0 1 1 1 2 2 2 2 2 2 2 2 2 2 1
8 10 11 13 13 11 9 8 6 4 2 2 2 2 2 2 2 2 2 2 2 1 1 0 0 0 0 0 1 1 1 1 1 1 1 1 1 1 0 0 0 0 0 0 0 0 0 0 0 0 0 0 0 0 0 0 0 0 0 0 0 0 0 0 0 0 0 0 0 0 0 0 1 1 1 0 0 0 0 0 0 0 0 1 1 1 1 2 2 2 2 2 2 2 2 1
9 10 12 14 13 11 9 7 5 3 1 0 0 0 0 0 0 0 0 0 0 0 0 0 0 0 0 1 1 1 1 2 2 1 1 1 1 1 1 0 0 0 0 0 0 0 0 0 0 0 0 0 0 0 0 0 0 0 0 0 0 0 0 0 0 0 0 0 0 0 0 0 1 1 1 0 0 0 0 0 0 0 0 0 1 1 1 1 1 1 1 2 2 2 2 2
11 12 13 15 14 12 10 8 6 4 2 1 1 1 1 1 1 1 1 1 1 1 1 1 1 2 2 2 2 2 2 2 2 2 1 1 1 1 1 1 1 0 0 0 0 0 0 0 0 0 0 0 0 0 0 0 0 0 0 1 0 0 0 0 0 0 0 0 0 0 0 0 1 1 1 0 0 0 0 0 0 0 0 0 1 1 1 1 1 2 2 2 2 2 2 2
13 14 15 16 16 14 12 10 8 6 4 3 3 3 2 2 2 2 2 2 2 3 3 3 3 3 3 3 3 3 2 2 2 2 2 1 1 1 1 1 1 1 1 1 0 0 0 0 0 0 1 1 1 1 1 1 1 1 1 1 1 0 0 0 0 0 0 0 0 0 0 0 1 1 1 0 0 0 0 0 0 0 0 0 1 1 1 2 2 2 2 2 2 2 2 2
15 16 17 17 17 15 13 12 10 8 6 5 5 4 4 3 3 3 3 3 4 4 4 5 5 5 5 4 4 3 3 3 2 2 2 2 1 1 1 1 1 1 1 1 1 1 1 1 1 1 1 1 1 1 1 1 1 1 1 1 1 1 1 0 0 0 0 0 0 0 0 1 1 1 1 0 0 0 0 0 0 0 0 1 1 1 1 2 2 2 2 2 2 2 2 3
18 18 18 19 18 16 15 13 12 10 8 7 7 6 5 5 4 4 4 4 5 6 6 7 7 7 6 6 5 4 4 3 2 2 2 2 2 1 1 1 1 1 1 1 1 1 1 1 1 1 1 1 1 1 1 1 1 1 1 1 1 1 1 1 0 0 0 0 0 1 1 1 1 1 1 0 0 0 0 0 0 0 0 1 1 1 2 2 2 2 2 2 3 3 3 3
20 20 20 20 19 18 16 15 13 12 10 9 8 8 7 6 5 5 5 5 6 7 8 9 9 9 8 7 6 5 4 3 3 2 2 2 2 2 1 1 1 1 1 1 1 2 2 2 2 2 2 2 2 2 2 1 1 1 1 1 1 1 1 1 1 1 1 1 1 1 1 1 1 1 1 0 0 0 0 0 0 0 0 1 1 1 2 2 2 2 2 3 3 3 3 3
23 22 22 21 20 19 18 16 15 14 12 11 10 9 8 7 6 6 6 7 8 9 9 10 11 11 10 8 7 6 5 3 3 3 2 2 2 2 2 2 2 2 2 2 2 2 2 2 2 2 2 2 2 2 2 2 2 1 1 1 1 1 1 1 1 1 1 1 1 1 1 1 1 1 1 0 0 0 0 0 0 0 0 1 1 1 2 2 2 2 3 3 3 3 3 4
25 24 23 23 22 20 19 18 17 15 14 13 12 11 10 9 8 6 7 8 9 10 11 12 13 13 11 10 8 7 5 4 3 3 3 2 2 2 2 2 2 2 2 2 2 2 2 2 2 2 2 3 3 2 2 2 2 2 1 1 1 1 1 1 1 1 1 1 1 1 1 1 1 1 1 0 0 0 0 0 0 0 0 1 1 2 2 2 2 3 3 3 3 3 4 4
23 22 21 20 19 18 17 16 15 14 13 12 11 11 10 9 9 8 8 10 11 12 13 14 16 15 13 12 10 8 7 5 4 4 4 3 3 3 2 2 2 2 3 3 3 3 3 3 3 3 3 3 3 3 2 2 2 2 2 1 1 1 1 1 1 1 1 1 1 1 1 1 1 1 1 1 0 0 0 0 0 0 1 1 1 2 2 2 3 3 3 3 3 4 4 4
21 20 18 17 16 15 14 14 13 12 11 11 10 10 10 10 10 9 10 11 13 14 15 17 18 17 16 14 12 10 8 7 6 5 5 5 4 4 3 3 3 3 3 3 3 3 3 3 3 3 3 3 3 3 2 2 2 2 2 2 2 1 1 1 1 1 1 1 1 1 1 1 1 1 1 1 1 1 0 0 0 0 1 1 1 2 2 3 3 3 3 3 4 4 4 4
18 17 15 14 13 12 12 11 10 10 9 9 9 10 10 10 11 11 12 13 15 16 18 19 20 20 18 16 14 12 10 8 7 7 6 6 5 5 4 4 4 4 4 4 4 4 3 3 3 3 3 3 3 3 3 2 2 2 2 2 2 2 2 2 1 1 1 1 1 1 1 1 1 1 1 1 1 1 1 0 0 1 1 1 2 2 2 3 3 3 3 4 4 4 4 4
16 14 13 11 10 10 9 9 8 8 7 8 9 9 10 11 12 12 14 15 17 18 20 21 23 22 20 18 16 14 12 10 9 8 8 7 6 6 5 5 5 5 4 4 4 4 4 4 4 3 3 3 3 3 3 3 3 2 2 2 2 2 2 2 2 2 1 1 1 2 2 2 2 2 2 1 1 1 1 1 0 1 1 1 2 2 3 3 3 3 3 4 4 4 4 5
14 12 10 8 7 7 6 6 6 6 6 6 8 9 10 11 13 14 15 17 19 20 22 24 25 24 22 20 18 16 14 11 10 10 9 8 7 7 6 6 5 5 5 5 5 4 4 4 4 4 3 3 3 3 3 3 3 3 3 3 2 2 2 2 2 2 2 2 2 2 2 2 2 2 2 2 1 1 1 1 1 1 1 2 2 2 3 3 3 3 4 4 4 4 4 5
11 9 7 5 4 4 4 4 4 4 4 5 7 8 10 12 14 15 17 19 21 22 24 26 28 27 24 22 20 17 15 13 12 11 10 9 8 8 7 6 6 6 6 5 5 5 5 4 4 4 4 3 3 3 3 3 3 3 3 3 3 3 2 2 2 2 2 2 2 2 2 2 2 2 2 2 2 1 1 1 1 1 1 2 2 2 3 3 3 4 4 4 4 4 5 5
9 7 4 2 1 1 1 1 2 2 2 4 6 8 10 13 15 17 19 21 23 24 26 28 30 29 27 24 22 19 17 14 13 12 11 10 10 9 8 7 7 7 6 6 6 5 5 5 4 4 4 3 3 3 3 3 3 3 3 3 3 3 3 2 2 2 2 2 2 2 2 2 2 2 2 2 2 2 1 1 1 1 2 2 2 3 3 3 4 4 4 4 4 5 5 5
8 5 3 1 0 1 1 1 2 2 2 4 6 8 10 12 14 16 18 20 22 23 25 27 28 28 25 23 20 18 16 13 12 11 10 10 9 8 7 7 7 6 6 6 5 5 5 4 4 4 4 3 3 3 3 3 3 3 3 3 3 3 3 3 3 2 2 2 2 2 2 3 3 3 2 2 2 2 2 2 1 2 2 2 3 3 3 4 4 4 4 4 4 4 5 5
6 4 3 1 0 1 1 1 2 2 2 4 6 8 9 11 13 15 17 19 20 22 23 25 27 26 23 21 19 17 14 12 11 10 9 9 8 7 7 6 6 6 6 5 5 5 4 4 4 4 4 3 3 3 3 3 3 3 3 3 3 3 3 3 3 3 3 3 3 3 3 3 3 3 3 2 2 2 2 2 2 2 3 3 3 3 4 4 4 4 4 4 4 4 4 5
5 3 2 1 0 1 1 1 2 2 3 4 5 7 9 11 13 14 16 17 19 20 22 23 25 24 22 20 17 15 13 11 10 9 8 8 7 7 6 6 6 5 5 5 5 4 4 4 4 4 4 3 3 3 3 3 3 3 3 3 3 3 3 3 3 3 4 3 3 3 3 3 3 3 3 3 3 3 3 3 3 3 3 3 4 4 4 4 4 4 4 4 4 4 4 4
4 2 1 0 0 1 1 1 2 2 3 4 5 7 9 10 12 13 15 16 18 19 20 22 23 22 20 18 16 14 11 9 8 8 7 7 7 6 6 6 5 5 5 5 4 4 4 4 4 4 4 4 3 3 3 3 3 3 3 3 3 3 3 4 4 4 4 4 4 4 3 3 3 3 3 3 3 3 3 3 3 4 4 4 4 4 4 5 4 4 4 4 4 4 4 4
2 1 1 0 0 0 1 1 2 2 3 4 5 7 8 10 11 12 14 15 16 18 19 20 21 21 18 16 14 12 10 8 7 7 6 6 6 6 5 5 5 5 4 4 4 4 4 4 4 4 4 4 3 3 3 3 3 3 3 3 3 3 4 4 4 4 5 4 4 4 4 3 3 3 3 3 3 3 4 4 4 4 4 4 4 5 5 5 5 5 4 4 4 4 4 4
1 1 0 0 0 0 1 1 2 2 3 4 5 6 8 9 10 11 13 14 15 16 17 19 20 19 17 15 13 11 9 6 6 6 5 5 5 5 5 5 4 4 4 4 4 3 3 3 3 3 3 4 4 3 3 3 3 3 3 3 3 4 4 4 5 5 5 5 5 4 4 4 3 3 3 3 4 4 4 4 5 5 5 5 5 5 5 5 5 5 5 4 4 4 4 3
0 0 0 0 0 0 1 1 2 3 3 4 5 6 7 8 9 10 11 13 14 15 16 17 18 17 15 13 11 9 7 5 4 4 4 4 4 4 4 4 4 4 4 3 3 3 3 3 3 3 3 4 4 4 3 3 3 3 3 3 3 4 4 5 5 5 6 5 5 5 4 4 3 3 3 4 4 4 5 5 5 5 5 5 5 5 5 5 5 5 5 4 4 4 4 3
0 0 0 0 0 0 1 1 2 2 3 3 4 5 6 7 8 9 10 11 12 13 14 15 16 16 14 12 10 8 6 4 4 4 4 4 4 4 4 4 4 4 4 4 4 3 4 4 4 4 4 4 4 4 4 4 4 4 3 3 4 4 4 5 5 6 6 6 5 5 4 4 3 3 3 3 4 4 4 4 5 5 5 5 5 5 5 5 5 5 5 4 4 4 4 3
0 0 0 0 0 0 1 1 1 2 2 3 3 4 5 6 7 7 8 9 10 12 13 14 15 14 12 11 9 7 6 4 3 3 3 3 3 3 3 3 3 3 4 4 4 4 4 4 4 4 4 4 5 4 4 4 4 4 4 4 4 4 5 5 6 6 6 6 5 5 5 4 4 3 3 3 3 3 4 4 4 4 4 4 5 5 5 5 5 5 5 5 4 4 4 4
0 0 0 0 0 0 0 1 1 1 2 2 3 3 4 5 5 6 7 8 9 10 11 12 13 13 11 9 8 6 5 3 3 3 3 3 3 3 3 3 3 3 3 4 4 4 4 4 5 5 5 5 5 5 5 5 5 4 4 4 4 5 5 5 6 6 6 6 6 5 5 4 4 3 3 3 3 3 3 3 3 3 4 4 4 4 5 5 5 5 5 5 4 4 4 4
0 0 0 0 0 0 0 0 1 1 1 1 2 2 3 3 4 4 5 6 7 8 9 11 12 11 10 8 7 5 4 3 2 2 2 2 2 2 2 2 3 3 3 4 4 4 5 5 5 5 5 5 6 6 5 5 5 5 5 5 5 5 5 6 6 6 7 6 6 5 5 4 4 3 3 3 3 3 3 2 2 3 3 3 4 4 4 5 5 5 5 5 5 5 5 4
0 0 0 0 0 0 0 0 0 0 1 1 1 1 2 2 2 3 3 5 6 7 8 9 10 10 8 7 6 5 3 2 2 2 2 2 2 2 2 2 3 3 3 4 4 5 5 5 5 6 6 6 6 6 6 6 5 5 5 5 5 5 6 6 6 7 7 6 6 5 5 4 4 3 3 3 3 2 2 2 2 2 2 3 3 4 4 4 4 5 5 5 5 5 5 5
0 0 0 0 0 0 0 0 0 0 0 0 0 0 1 1 1 1 2 3 4 5 6 7 9 8 7 6 5 4 3 1 1 1 1 1 1 1 1 2 2 3 3 4 4 5 5 6 6 6 6 6 7 7 6 6 6 6 6 5 6 6 6 6 7 7 7 7 6 6 5 5 4 4 3 3 2 2 2 1 1 1 2 2 3 3 4 4 4 4 5 5 5 5 5 5
0 0 0 0 0 0 0 0 0 0 0 0 0 0 0 0 0 0 0 1 2 4 5 6 7 7 6 5 4 3 2 1 1 1 1 1 1 1 1 1 2 3 3 4 5 5 6 6 6 6 7 7 7 7 7 7 6 6 6 6 6 6 6 7 7 7 7 7 6 6 5 5 4 4 3 3 2 2 1 1 0 1 1 2 2 3 3 4 4 4 5 5 5 5 5 6
0 0 0 0 0 0 0 0 0 0 0 0 0 0 0 0 0 0 0 1 2 3 4 5 6 6 5 4 3 2 2 1 1 1 1 1 1 1 1 1 2 3 3 4 4 5 5 6 6 6 6 6 7 6 6 6 6 6 6 5 6 6 6 6 6 7 7 6 6 5 5 4 4 3 3 2 2 1 1 1 0 1 1 2 2 3 3 4 4 4 4 5 5 5 5 5
