pluvio/pluvio-8.asc
ncols         252
nrows         154
xllcorner     -18.017974
yllcorner     13.481982
cellsize      0.035948
NODATA_value  -9999
[rows 45 to 89 of 154, columns 0 to 95 of 252]
65535 65535 65535 65535 65535 65535 65535 65535 65535 65535 65535 65535 65535 65535 65535 65535 65535 65535 65535 65535 65535 65535 65535 65535 65535 65535 65535 65535 65535 65535 65535 65535 65535 65535 65535 72 71 70 69 68 67 66 65 65 64 63 62 61 60 59 59 59 59 58 58 58 58 58 58 58 57 57 57 57 58 59 60 60 61 62 62 63 64 65 65 66 67 67 68 68 69 69 70 70 70 71 71 72 72 73 73 73 74 74 74 74
65535 65535 65535 65535 65535 65535 65535 65535 65535 65535 65535 65535 65535 65535 65535 65535 65535 65535 65535 65535 65535 65535 65535 65535 65535 65535 65535 65535 65535 65535 65535 65535 65535 65535 65535 72 72 71 70 69 69 68 67 67 66 65 65 64 63 63 62 62 62 62 62 62 61 61 61 61 61 61 61 61 61 62 62 63 64 64 65 65 66 67 67 68 68 69 69 69 70 70 71 71 71 72 72 72 73 73 73 73 73 74 74 74
65535 65535 65535 65535 65535 65535 65535 65535 65535 65535 65535 65535 65535 65535 65535 65535 65535 65535 65535 65535 65535 65535 65535 65535 65535 65535 65535 65535 65535 65535 65535 65535 65535 65535 65535 72 72 71 71 71 70 70 69 69 68 68 67 67 67 66 66 66 66 66 65 65 65 65 65 64 64 64 64 64 64 65 65 66 66 67 67 68 68 69 69 70 70 70 71 71 71 71 71 72 72 72 72 73 73 73 73 73 73 74 74 74
65535 65535 65535 65535 65535 65535 65535 65535 65535 65535 65535 65535 65535 65535 65535 65535 65535 65535 65535 65535 65535 65535 65535 65535 65535 65535 65535 65535 65535 65535 65535 65535 65535 65535 65535 72 72 72 72 72 71 71 71 71 71 71 70 70 70 70 70 69 69 69 69 69 68 68 68 68 68 67 67 67 68 68 68 69 69 69 70 70 70 71 71 71 72 72 72 72 72 72 72 73 73 73 73 73 73 73 73 73 73 74 74 74
65535 65535 65535 65535 65535 65535 65535 65535 65535 65535 65535 65535 65535 65535 65535 65535 65535 65535 65535 65535 65535 65535 65535 65535 65535 65535 65535 65535 65535 65535 65535 65535 65535 65535 65535 92 91 90 88 87 85 84 82 81 80 78 77 75 74 73 73 72 72 72 72 71 71 71 71 71 70 70 70 70 70 70 70 71 71 71 71 72 72 72 72 73 73 73 73 73 73 73 73 73 73 73 73 73 73 73 73 73 73 73 73 73
65535 65535 65535 65535 65535 65535 65535 65535 65535 65535 65535 65535 65535 65535 65535 65535 65535 65535 65535 65535 65535 65535 65535 65535 65535 65535 65535 65535 65535 65535 65535 65535 65535 65535 65535 92 91 90 89 87 86 85 83 82 81 79 78 77 75 74 74 74 74 73 73 73 73 72 72 72 72 71 71 71 71 71 71 72 72 72 72 72 72 72 72 73 73 73 73 73 73 73 73 73 73 73 73 73 73 73 73 73 73 73 73 73
65535 65535 65535 65535 65535 65535 65535 65535 65535 65535 65535 65535 65535 65535 65535 65535 65535 65535 65535 65535 65535 65535 65535 65535 65535 65535 65535 65535 65535 65535 65535 65535 65535 65535 65535 93 91 90 89 88 86 85 84 83 82 80 79 78 77 76 75 75 75 75 74 74 74 74 73 73 73 73 72 72 72 72 72 72 72 72 73 73 73 73 73 73 73 73 73 73 73 73 73 73 72 72 72 72 72 72 72 72 72 72 72 72
65535 65535 65535 65535 65535 65535 65535 65535 65535 65535 65535 65535 65535 65535 65535 65535 65535 65535 65535 65535 65535 65535 65535 65535 65535 65535 65535 65535 65535 65535 65535 65535 65535 65535 65535 93 91 90 89 88 87 86 85 84 82 81 80 79 78 77 77 77 76 76 76 76 75 75 75 74 74 74 74 74 73 73 73 73 73 73 73 73 73 73 73 73 73 73 73 73 72 72 72 72 72 72 72 72 72 72 72 72 72 72 72 72
65535 65535 65535 65535 65535 65535 65535 65535 65535 65535 65535 65535 65535 65535 65535 65535 65535 65535 65535 65535 65535 65535 65535 65535 65535 65535 65535 65535 65535 65535 65535 65535 65535 65535 65535 93 92 91 90 89 87 86 85 84 83 82 81 80 79 79 78 78 78 77 77 77 77 76 76 76 76 75 75 75 75 74 74 74 74 74 74 74 73 73 73 73 73 73 73 72 72 72 72 72 72 72 72 72 72 71 71 71 71 71 71 71
65535 65535 65535 65535 65535 65535 65535 65535 65535 65535 65535 65535 65535 65535 65535 65535 65535 65535 65535 65535 65535 65535 65535 65535 65535 65535 65535 65535 65535 65535 65535 65535 65535 65535 65535 93 92 91 90 89 88 87 86 85 84 84 83 82 81 80 80 79 79 79 79 78 78 78 77 77 77 77 76 76 76 75 75 75 75 74 74 74 74 74 73 73 73 73 72 72 72 72 72 72 72 72 71 71 71 71 71 71 71 71 71 71
65535 65535 65535 65535 65535 65535 65535 65535 65535 65535 65535 65535 65535 65535 65535 65535 65535 65535 65535 65535 65535 65535 65535 65535 65535 65535 65535 65535 65535 65535 65535 65535 65535 65535 65535 93 92 91 90 89 89 88 87 86 85 85 84 83 82 82 81 81 81 80 80 80 79 79 79 78 78 78 78 77 77 77 76 76 76 75 75 74 74 74 73 73 73 73 72 72 72 72 72 72 71 71 71 71 71 71 70 70 70 70 70 70
65535 65535 65535 65535 65535 65535 65535 65535 65535 65535 65535 65535 65535 65535 65535 65535 65535 65535 65535 65535 65535 65535 65535 65535 65535 65535 65535 65535 65535 65535 65535 65535 65535 65535 65535 93 92 91 91 90 89 88 88 87 86 86 85 84 84 83 83 82 82 82 81 81 81 80 80 80 79 79 79 78 78 78 77 77 76 76 75 75 75 74 74 73 73 72 72 72 72 72 72 71 71 71 71 71 70 70 70 70 70 70 70 70
65535 65535 65535 65535 65535 65535 65535 65535 65535 65535 65535 65535 65535 65535 65535 65535 65535 65535 65535 65535 65535 65535 65535 65535 65535 65535 65535 65535 65535 65535 65535 65535 65535 65535 65535 93 92 91 91 90 90 89 89 88 87 87 86 86 85 84 84 84 83 83 83 82 82 82 81 81 81 80 80 80 79 79 78 78 77 76 76 75 75 74 74 73 73 72 72 72 72 72 71 71 71 71 70 70 70 70 69 69 69 69 69 69
65535 65535 65535 65535 65535 65535 65535 65535 65535 65535 65535 65535 65535 65535 65535 65535 65535 65535 65535 65535 65535 65535 65535 65535 65535 65535 65535 65535 65535 65535 65535 65535 65535 65535 65535 93 92 92 91 91 90 90 89 89 88 88 87 87 86 86 86 85 85 85 84 84 83 83 83 82 82 82 81 81 80 80 79 78 78 77 77 76 75 75 74 73 73 72 72 72 72 71 71 71 71 70 70 70 70 69 69 69 69 69 69 69
65535 65535 65535 65535 65535 65535 65535 65535 65535 65535 65535 65535 65535 65535 65535 65535 65535 65535 65535 65535 65535 65535 65535 65535 65535 65535 65535 65535 65535 65535 65535 65535 65535 65535 65535 93 92 92 92 91 91 90 90 90 89 89 89 88 88 87 87 87 86 86 86 85 85 84 84 84 83 83 83 82 81 81 80 79 79 78 77 76 76 75 74 74 73 72 72 72 71 71 71 71 70 70 70 69 69 69 69 68 68 68 68 68
65535 65535 65535 65535 65535 65535 65535 65535 65535 65535 65535 65535 65535 65535 65535 65535 65535 65535 65535 65535 65535 65535 65535 65535 65535 65535 65535 65535 65535 65535 65535 65535 65535 65535 65535 93 92 92 92 92 91 91 91 91 90 90 90 89 89 89 88 88 88 87 87 87 86 86 85 85 85 84 84 83 83 82 81 80 79 78 78 77 76 75 74 74 73 72 72 72 71 71 71 70 70 70 69 69 69 68 68 68 68 68 68 68
65535 65535 65535 65535 65535 65535 65535 65535 65535 65535 65535 65535 65535 65535 65535 65535 65535 65535 65535 65535 65535 65535 65535 65535 65535 65535 65535 65535 65535 65535 65535 65535 65535 65535 65535 93 93 92 92 92 92 92 92 91 91 91 91 91 91 90 90 90 89 89 88 88 88 87 87 86 86 86 85 85 84 83 82 81 80 79 78 77 76 76 75 74 73 72 72 72 71 71 70 70 70 69 69 69 68 68 68 67 67 67 67 67
65535 65535 65535 65535 65535 65535 65535 65535 65535 65535 65535 65535 65535 65535 65535 65535 65535 65535 65535 65535 65535 65535 65535 65535 65535 65535 65535 65535 65535 65535 65535 65535 65535 65535 65535 93 93 93 93 93 92 92 92 92 92 92 92 92 92 92 91 91 91 90 90 89 89 89 88 88 87 87 86 86 85 84 83 82 81 80 79 78 77 76 75 74 73 72 72 71 71 71 70 70 69 69 69 68 68 68 67 67 67 67 67 67
65535 65535 65535 65535 65535 65535 65535 65535 65535 65535 65535 65535 65535 65535 65535 65535 65535 65535 65535 65535 65535 103 103 103 103 103 103 103 103 103 103 103 103 103 103 103 102 101 101 100 99 99 98 97 96 96 95 94 93 93 92 92 92 91 91 90 90 89 89 89 88 88 87 87 86 85 84 83 81 80 79 78 77 76 75 74 73 72 72 72 71 71 70 70 69 69 69 68 68 67 67 67 67 67 67 67
65535 65535 65535 65535 65535 65535 65535 65535 65535 65535 65535 65535 65535 65535 65535 65535 65535 65535 65535 65535 65535 103 103 103 103 103 103 103 103 103 103 103 103 103 103 103 102 101 101 100 99 99 98 97 97 96 95 95 94 93 93 92 92 92 91 91 90 90 90 89 89 88 88 87 86 85 84 83 82 81 80 79 78 77 76 75 74 73 72 72 72 71 71 70 70 69 69 68 68 68 67 67 67 67 67 67
65535 65535 65535 65535 65535 65535 65535 65535 65535 65535 65535 65535 65535 65535 65535 65535 65535 65535 65535 65535 65535 103 103 103 103 103 103 103 103 103 103 103 103 103 103 103 102 102 101 100 100 99 98 98 97 96 96 95 94 94 93 93 93 92 92 91 91 90 90 90 89 89 88 88 87 86 84 83 82 81 80 79 78 77 76 75 74 73 73 72 72 71 71 71 70 70 69 69 68 68 67 67 67 67 68 68
65535 65535 65535 65535 65535 65535 65535 65535 65535 65535 65535 65535 65535 65535 65535 65535 65535 65535 65535 65535 65535 103 103 103 103 103 103 103 103 103 103 103 103 103 103 103 102 102 101 100 100 99 99 98 97 97 96 95 95 94 94 93 93 93 92 92 91 91 90 90 90 89 89 88 87 86 85 84 83 82 81 80 79 78 77 76 75 74 73 73 72 72 71 71 70 70 70 69 69 68 68 68 68 68 68 68
65535 65535 65535 65535 65535 65535 65535 65535 65535 65535 65535 65535 65535 65535 65535 65535 65535 65535 65535 65535 65535 103 103 103 103 103 103 103 103 103 103 103 103 103 103 103 102 102 101 101 100 99 99 98 98 97 96 96 95 95 94 94 94 93 93 92 92 91 91 91 90 90 89 89 88 86 85 84 83 82 81 80 79 78 77 76 75 74 74 73 73 72 72 71 71 70 70 69 69 68 68 68 68 68 68 69
65535 65535 65535 65535 65535 65535 65535 65535 65535 65535 65535 65535 65535 65535 65535 65535 65535 65535 65535 65535 65535 103 103 103 103 103 103 103 103 103 103 103 103 103 103 103 102 102 101 101 100 100 99 99 98 97 97 96 96 95 95 94 94 94 93 93 92 92 91 91 91 90 90 89 88 87 86 85 84 83 82 81 80 79 78 77 75 75 74 74 73 73 72 72 71 71 70 70 69 69 68 68 68 69 69 69
65535 65535 65535 65535 65535 65535 65535 65535 65535 65535 65535 65535 65535 65535 65535 65535 65535 65535 65535 65535 65535 103 103 103 103 103 103 103 103 103 103 103 103 103 103 103 102 102 101 101 100 100 99 99 98 98 97 97 96 96 95 95 94 94 94 93 93 92 92 91 91 91 90 89 88 87 86 85 84 83 82 81 80 79 78 77 76 75 75 74 74 73 73 72 72 71 70 70 69 69 68 68 69 69 69 70
65535 65535 65535 65535 65535 65535 65535 65535 65535 65535 65535 65535 65535 65535 65535 65535 65535 65535 65535 65535 65535 103 103 103 103 103 103 103 103 103 103 103 103 103 103 103 102 102 101 101 101 100 100 99 99 98 98 97 97 96 96 95 95 95 94 94 93 93 92 92 91 91 91 90 89 88 87 86 85 84 83 82 81 80 78 77 76 76 75 75 74 73 73 72 72 71 71 70 70 69 69 69 69 69 70 70
65535 65535 65535 65535 65535 65535 65535 65535 65535 65535 65535 65535 65535 65535 65535 65535 65535 65535 65535 65535 65535 103 103 103 103 103 103 103 103 103 103 103 103 103 103 103 102 102 102 101 101 100 100 99 99 99 98 98 97 97 96 96 95 95 95 94 94 93 93 92 92 92 91 90 89 88 87 86 85 84 83 82 81 80 79 78 77 76 76 75 74 74 73 73 72 72 71 71 70 69 69 69 69 70 70 71
65535 65535 65535 65535 65535 65535 65535 65535 65535 65535 65535 65535 65535 65535 65535 65535 65535 65535 65535 65535 65535 103 103 103 103 103 103 103 103 103 103 103 103 103 103 103 103 102 102 101 101 100 100 100 99 99 98 98 98 97 97 96 96 95 95 95 94 94 93 93 92 92 92 91 90 89 88 87 86 85 84 83 82 80 79 78 77 77 76 75 75 74 74 73 73 72 71 71 70 70 69 69 70 70 71 71
65535 65535 65535 65535 65535 65535 65535 65535 65535 65535 65535 65535 65535 65535 65535 65535 65535 65535 65535 65535 65535 103 103 103 103 103 103 103 103 103 103 103 103 103 103 103 103 102 102 101 101 101 100 100 100 99 99 98 98 98 97 97 96 96 96 95 95 94 94 93 93 92 92 91 90 89 88 87 86 85 84 83 82 81 80 79 78 77 76 76 75 75 74 73 73 72 72 71 71 70 69 69 70 71 71 72
65535 65535 65535 65535 65535 65535 65535 65535 65535 65535 65535 65535 65535 65535 65535 65535 65535 65535 65535 65535 65535 103 103 103 103 103 103 103 103 103 103 103 103 103 103 103 103 102 102 102 101 101 101 100 100 100 99 99 99 98 98 97 97 96 96 96 95 95 94 94 93 93 92 92 91 90 89 88 87 86 85 83 82 81 80 79 78 78 77 76 76 75 74 74 73 73 72 71 71 70 70 70 70 71 72 72
65535 65535 65535 65535 65535 65535 65535 65535 65535 65535 65535 65535 65535 65535 65535 65535 65535 65535 65535 65535 65535 103 103 103 103 103 103 103 103 103 103 103 103 103 103 103 103 102 102 102 101 101 101 101 100 100 100 99 99 99 98 98 97 97 96 96 96 95 95 94 94 93 93 92 91 90 89 88 87 86 85 84 83 82 81 80 79 78 77 77 76 75 75 74 74 73 72 72 71 70 70 70 71 71 72 73
65535 65535 65535 65535 65535 65535 65535 65535 65535 65535 65535 65535 65535 65535 65535 65535 65535 65535 65535 65535 65535 103 103 103 103 103 103 103 103 103 103 103 103 103 103 103 103 102 102 102 102 101 101 101 101 100 100 100 100 99 99 98 98 97 97 97 96 96 95 95 94 94 93 93 92 91 90 89 88 87 85 84 83 82 81 80 79 78 78 77 77 76 75 75 74 73 73 72 71 71 70 70 71 72 72 73
65535 65535 65535 65535 65535 65535 65535 65535 65535 65535 65535 65535 65535 65535 65535 65535 65535 65535 65535 65535 65535 103 103 103 103 103 103 103 103 103 103 103 103 103 103 103 102 102 102 102 102 101 101 101 101 100 100 100 100 99 99 99 98 98 97 97 97 96 96 95 95 94 94 93 92 91 91 90 89 88 87 86 85 84 83 82 81 80 80 79 78 78 77 77 76 76 75 74 74 73 73 73 74 74 75 76
65535 65535 65535 65535 65535 65535 65535 65535 65535 65535 65535 65535 65535 65535 65535 65535 65535 65535 65535 65535 65535 103 103 103 103 103 103 103 103 103 103 102 102 102 102 102 102 102 102 101 101 101 101 101 100 100 100 100 100 99 99 99 98 98 98 97 97 97 96 96 96 95 95 94 94 93 92 91 90 90 89 88 87 86 86 85 84 83 83 82 82 81 81 81 80 80 79 79 78 78 77 78 78 79 80 81
65535 65535 65535 65535 65535 65535 65535 65535 65535 65535 65535 65535 65535 65535 65535 65535 65535 65535 65535 65535 65535 103 103 103 103 103 103 102 102 102 102 102 102 102 102 102 102 101 101 101 101 101 100 100 100 100 100 100 99 99 99 99 98 98 98 98 97 97 97 97 96 96 96 95 95 94 93 93 92 91 91 90 89 89 88 88 87 86 86 86 85 85 85 84 84 84 83 83 83 82 82 82 83 84 85 85
65535 65535 65535 65535 65535 65535 65535 65535 65535 65535 65535 65535 65535 65535 65535 65535 65535 65535 65535 65535 65535 103 103 103 103 102 102 102 102 102 102 102 102 101 101 101 101 101 101 101 100 100 100 100 100 100 100 99 99 99 99 99 99 98 98 98 98 98 97 97 97 97 97 96 96 95 95 94 94 93 93 92 92 91 91 90 90 89 89 89 89 89 88 88 88 88 88 88 87 87 87 87 88 89 89 90
65535 65535 65535 65535 65535 65535 65535 65535 65535 65535 65535 65535 65535 65535 65535 65535 65535 65535 65535 65535 65535 103 103 103 102 102 102 102 102 102 102 101 101 101 101 101 101 100 100 100 100 100 100 100 100 100 99 99 99 99 99 99 99 99 98 98 98 98 98 98 98 97 97 97 97 96 96 96 95 95 95 94 94 94 93 93 93 93 93 92 92 92 92 92 92 92 92 92 92 92 92 92 93 93 94 95
65535 65535 65535 65535 65535 65535 65535 65535 65535 65535 65535 65535 65535 65535 65535 65535 65535 65535 65535 65535 65535 103 103 103 102 102 102 102 102 101 101 101 101 101 100 100 100 100 100 100 100 100 100 100 99 99 99 99 99 99 99 99 99 99 99 99 99 98 98 98 98 98 98 98 98 98 98 97 97 97 97 97 96 96 96 96 96 96 96 96 96 96 96 96 96 96 96 96 96 96 96 97 98 98 99 100
65535 65535 65535 65535 65535 65535 65535 65535 65535 65535 65535 65535 65535 65535 65535 65535 65535 65535 65535 65535 65535 103 103 102 102 102 102 102 101 101 101 101 100 100 100 100 100 100 100 100 99 99 99 99 99 99 99 99 99 99 99 99 99 99 99 99 99 99 99 99 99 99 99 99 99 99 99 99 99 99 99 99 99 99 99 99 99 99 99 99 99 100 100 100 100 100 100 101 101 101 101 102 102 103 104 104
65535 65535 65535 65535 65535 65535 65535 65535 65535 65535 65535 65535 65535 65535 65535 65535 65535 65535 65535 65535 65535 103 103 102 102 102 102 101 101 101 101 100 100 100 99 99 99 99 99 99 99 99 99 99 99 99 99 99 99 99 99 99 99 99 99 99 99 99 100 100 100 100 100 100 100 100 100 100 101 101 101 101 101 101 101 101 102 102 102 102 103 103 103 104 104 104 105 105 105 106 106 107 107 108 109 109
65535 65535 65535 65535 65535 65535 65535 65535 65535 65535 65535 65535 65535 65535 65535 65535 65535 65535 65535 65535 65535 103 103 102 102 102 101 101 101 101 100 100 100 99 99 99 99 99 99 99 99 99 99 99 99 99 99 99 99 99 99 99 99 99 100 100 100 100 100 100 100 100 101 101 101 101 102 102 102 103 103 103 103 104 104 104 105 105 105 106 106 107 107 108 108 109 109 109 110 110 111 111 112 113 113 114
65535 65535 65535 65535 65535 65535 65535 65535 65535 65535 65535 65535 65535 65535 65535 65535 65535 65535 65535 65535 65535 103 103 102 102 102 101 101 101 100 100 100 99 99 99 98 98 98 98 98 98 98 98 99 99 99 99 99 99 99 99 99 99 100 100 100 100 100 101 101 101 101 101 102 102 103 103 104 104 104 105 105 106 106 107 107 107 108 109 109 110 110 111 112 112 113 113 114 114 115 116 116 117 117 118 119
65535 65535 65535 65535 65535 65535 65535 65535 65535 65535 65535 65535 65535 65535 65535 65535 65535 65535 65535 65535 65535 103 103 102 102 101 101 101 100 100 100 99 99 98 98 98 98 98 98 98 98 98 98 98 98 98 98 98 99 99 99 99 100 100 100 100 101 101 101 101 102 102 102 103 103 104 104 105 106 106 107 107 108 109 109 110 110 111 112 113 113 114 115 115 116 117 118 118 119 120 120 121 122 122 123 123
65535 65535 65535 65535 65535 65535 65535 65535 65535 65535 65535 65535 65535 65535 65535 65535 65535 65535 65535 65535 65535 103 103 102 102 101 101 100 100 100 99 99 98 98 98 97 97 97 98 98 98 98 98 98 98 98 98 98 98 99 99 99 100 100 100 101 101 101 102 102 102 103 103 104 104 105 106 107 107 108 109 110 110 111 112 113 113 114 115 116 117 118 118 119 120 121 122 123 123 124 125 126 126 127 128 128
65535 65535 65535 65535 65535 65535 65535 65535 65535 65535 65535 65535 65535 65535 65535 65535 65535 65535 65535 65535 65535 103 102 102 102 101 101 100 100 99 99 98 98 98 97 97 97 97 97 97 97 97 98 98 98 98 98 98 98 99 99 99 100 100 101 101 101 102 102 103 103 104 104 105 105 106 107 108 109 110 111 112 113 114 115 115 116 117 118 119 120 121 122 123 124 125 126 127 128 129 130 131 131 132 132 133
