pluvio/pluvio-283.asc
ncols         252
nrows         154
xllcorner     -0.5
yllcorner     -153.5
cellsize      1
NODATA_value  -9999
[rows 0 to 45 of 154, columns 96 to 191 of 252]
21 21 21 21 21 21 17 14 11 8 5 2 0 0 0 0 0 0 0 0 4 8 12 16 20 24 26 26 25 25 25 24 24 23 19 16 12 9 5 2 0 1 3 4 5 6 8 8 8 7 7 7 6 6 7 9 11 13 15 17 18 19 19 19 18 18 18 18 16 13 11 8 6 3 0 0 0 0 0 0 0 0 0 0 1 1 2 2 3 3 3 3 3 3 3 3
22 22 22 22 22 21 18 15 12 8 5 2 0 0 0 0 0 0 0 0 4 8 12 16 19 23 26 26 25 25 25 25 25 23 20 16 12 9 5 2 0 2 3 5 7 8 10 11 10 10 9 9 8 8 8 9 11 12 13 15 16 16 16 16 16 16 16 15 14 12 9 7 5 3 0 0 0 0 0 0 0 0 0 1 1 2 2 3 4 4 4 4 4 4 4 4
22 22 22 22 22 22 18 15 12 9 5 2 0 0 0 0 0 0 0 0 4 8 12 15 19 23 25 25 25 25 25 25 25 24 20 16 13 9 5 2 0 2 4 6 8 10 12 13 13 12 11 11 10 10 10 10 11 12 12 13 13 14 14 13 13 13 13 13 12 10 8 6 4 2 0 0 0 0 0 0 0 0 0 1 1 2 3 4 4 5 5 5 5 5 5 5
22 22 22 22 23 22 19 16 12 9 5 2 0 0 0 0 0 0 0 0 4 8 11 15 19 22 25 25 25 25 25 26 26 24 21 17 13 9 6 2 0 3 5 8 10 12 15 16 15 14 14 13 12 12 11 11 11 11 11 11 11 11 11 11 11 11 11 11 10 8 7 5 3 2 0 0 0 0 0 0 0 0 0 1 2 3 4 5 5 6 6 6 6 6 6 5
23 23 23 23 23 23 20 17 13 10 7 4 1 1 1 1 1 1 1 2 5 8 12 15 19 22 24 25 25 25 25 25 26 25 21 17 14 10 7 3 2 5 7 10 12 15 17 18 18 17 16 15 15 14 13 13 12 12 11 11 10 10 10 10 10 10 10 10 9 8 6 5 3 2 0 0 0 0 0 0 0 0 1 2 3 4 5 6 7 7 7 7 6 6 6 6
24 24 24 24 24 24 21 18 15 13 10 7 5 4 4 4 4 3 3 4 7 10 13 16 18 21 24 24 24 24 25 25 25 24 21 18 15 12 9 6 5 8 10 13 15 18 20 21 20 20 19 18 17 16 16 15 14 13 12 12 11 10 11 11 11 11 11 11 10 9 7 5 4 2 0 0 0 1 1 1 2 2 3 4 5 6 7 8 9 9 8 8 7 7 7 6
25 25 25 25 25 25 22 20 17 15 13 10 8 8 7 7 6 6 6 6 8 11 13 16 18 21 23 23 23 24 24 24 24 24 21 19 16 14 12 9 9 11 13 16 18 21 23 24 23 22 21 21 20 19 18 17 16 15 14 13 12 11 11 12 12 12 12 12 11 10 8 6 4 2 0 0 1 1 2 3 3 4 5 6 7 8 8 9 10 10 10 9 8 8 7 7
26 26 26 26 26 26 24 22 20 17 15 13 11 11 10 10 9 9 8 8 10 12 14 16 18 20 22 22 22 23 23 23 24 23 21 20 18 16 14 12 12 14 16 19 21 23 26 27 26 25 24 23 22 21 20 19 18 16 15 14 12 12 12 12 13 13 13 13 12 10 8 6 4 2 0 0 1 2 3 4 5 6 7 8 8 9 10 11 12 12 11 10 9 8 8 7
27 27 27 27 27 27 25 23 22 20 18 16 15 14 13 13 12 11 11 10 12 14 15 17 18 20 21 21 22 22 22 23 23 23 22 20 19 18 16 15 15 17 19 22 24 26 29 29 29 28 27 26 25 24 23 21 19 18 16 15 13 12 13 13 13 14 14 15 13 11 9 7 5 3 0 0 1 3 4 5 6 7 8 9 10 11 12 13 14 13 12 11 10 9 8 7
28 28 28 28 28 28 26 25 24 22 21 19 18 17 16 16 15 14 13 13 14 15 16 17 18 19 20 20 21 21 22 22 23 23 22 21 20 19 19 18 18 20 23 25 27 29 31 32 31 30 29 28 27 27 25 23 21 19 18 16 14 13 13 14 14 15 15 16 14 12 10 7 5 3 0 0 2 3 5 6 8 9 10 11 12 13 14 15 16 15 14 12 11 10 9 7
29 29 29 29 29 29 28 27 26 25 24 22 21 20 19 18 17 16 16 15 16 16 17 17 18 18 19 20 20 21 21 21 22 22 22 22 21 21 21 21 21 23 26 28 30 32 34 35 34 33 32 31 30 29 28 25 23 21 19 17 14 14 14 15 15 16 16 17 15 13 10 8 5 3 0 1 2 4 6 8 9 11 12 13 14 15 16 16 17 16 15 14 12 11 9 8
30 30 30 29 29 29 28 28 27 26 25 24 24 23 22 21 20 19 18 17 18 18 18 19 19 20 20 20 21 22 22 23 23 24 24 24 24 24 24 24 25 26 28 30 31 33 35 35 35 34 33 32 32 31 30 27 25 22 20 18 15 14 15 15 16 17 17 18 16 14 11 9 6 4 1 1 3 5 7 9 10 12 14 14 15 16 17 18 19 18 16 15 13 12 10 9
30 29 29 29 29 29 29 28 27 27 26 26 25 24 23 23 22 21 20 20 20 21 21 21 22 22 22 23 23 24 25 25 26 26 27 27 27 27 28 28 29 29 30 31 32 32 33 34 33 33 33 33 33 33 31 29 26 24 21 18 16 15 16 16 17 17 18 19 18 15 13 10 7 5 2 3 4 6 8 10 12 13 15 16 16 17 18 19 20 19 18 16 15 13 12 10
29 29 29 29 29 29 29 28 28 27 27 27 26 26 25 24 24 23 23 22 23 23 23 24 24 24 25 25 26 26 27 28 28 29 30 30 31 31 32 32 32 32 32 32 32 32 32 32 32 33 33 34 34 34 33 30 28 25 22 19 17 16 16 17 18 18 19 20 19 16 14 11 9 6 4 4 5 7 9 11 13 14 16 17 18 19 20 21 22 21 19 18 16 15 13 12
29 29 29 29 29 29 29 29 28 28 28 28 27 27 27 26 26 26 25 25 25 25 26 26 26 26 27 28 28 29 30 30 31 32 32 33 34 35 35 36 36 35 34 33 32 31 30 30 31 32 33 34 35 36 35 32 29 26 23 20 17 16 17 18 19 19 20 21 20 17 15 12 10 7 5 5 7 8 10 12 14 15 17 18 19 20 21 22 23 22 21 19 18 16 15 13
29 29 29 29 29 29 29 29 29 29 29 29 29 29 28 28 28 28 28 28 28 28 28 28 29 29 29 30 31 31 32 33 34 35 35 36 37 38 39 40 40 38 36 34 33 31 29 29 30 32 33 35 36 38 37 34 31 27 24 21 18 17 18 19 19 20 21 22 21 18 16 13 11 8 6 6 8 10 11 13 15 16 18 19 20 21 22 23 25 24 22 21 19 18 16 15
29 29 29 29 29 29 29 29 29 30 30 30 30 30 30 30 30 30 30 30 30 30 31 31 31 31 31 32 33 34 35 35 36 37 38 39 41 42 43 44 44 41 38 36 33 30 28 27 29 31 33 35 37 39 39 35 32 29 25 22 19 18 19 19 20 21 22 23 22 20 17 15 12 10 7 7 9 11 12 14 16 17 19 20 21 22 24 25 26 25 24 22 21 19 18 16
29 29 29 29 29 29 29 30 30 30 31 31 31 32 32 32 32 32 32 33 33 33 33 33 33 33 34 35 35 36 37 38 39 40 41 43 44 45 47 48 47 44 40 37 33 30 26 25 28 31 33 36 38 41 41 37 34 30 27 23 20 18 19 20 21 22 23 24 23 21 18 16 13 11 8 8 10 12 13 15 17 18 20 21 22 24 25 26 27 27 25 24 22 21 19 18
28 28 28 28 28 28 29 29 30 31 31 32 33 33 33 34 34 34 34 35 35 35 35 35 35 35 36 36 37 38 39 40 41 42 43 45 46 48 49 51 50 47 43 40 36 32 29 28 31 34 36 39 42 44 44 41 37 34 31 27 24 22 23 23 23 23 23 24 22 20 18 16 13 11 9 9 11 12 14 15 17 18 20 21 22 24 25 26 27 27 25 24 22 21 19 18
26 26 26 26 26 27 28 29 30 31 32 33 34 34 35 35 36 36 36 36 37 37 37 37 37 37 37 38 39 39 40 41 42 43 44 46 48 49 51 53 53 50 46 43 40 37 34 33 36 39 41 44 47 49 49 46 43 40 37 34 30 28 27 26 25 24 23 22 20 19 17 15 13 11 9 9 11 12 13 15 16 18 19 20 22 23 24 26 27 26 25 23 22 20 19 17
25 25 25 25 25 25 27 28 30 31 33 34 35 36 36 37 37 38 38 38 38 38 38 39 39 39 39 40 40 41 41 42 42 44 45 47 49 51 53 55 55 52 50 47 45 42 39 39 41 44 46 49 52 54 54 51 48 46 43 40 37 34 32 30 27 25 23 20 18 17 15 14 12 11 9 9 11 12 13 14 16 17 18 19 21 22 23 25 26 25 24 23 21 20 18 17
24 24 24 24 24 24 26 28 30 31 33 35 37 37 38 38 39 39 40 40 40 40 40 40 40 40 41 41 42 42 43 43 43 44 47 49 51 53 55 57 57 55 53 51 49 47 44 44 47 49 52 54 57 59 59 56 54 51 49 46 44 41 37 33 30 26 22 19 17 15 14 13 12 11 9 10 11 12 13 14 15 16 17 19 20 21 23 24 25 25 23 22 20 19 17 16
22 22 22 22 22 22 25 27 29 32 34 36 38 39 39 40 40 41 41 42 42 42 42 42 42 42 42 43 43 43 44 44 44 45 48 50 52 55 57 59 60 58 56 55 53 51 50 50 52 54 57 59 61 64 64 62 59 57 55 53 50 47 42 37 32 27 22 17 15 14 13 12 11 10 10 10 11 12 13 13 14 15 16 18 19 21 22 23 25 24 23 21 20 18 17 15
21 21 21 21 21 21 24 26 29 32 35 37 40 40 41 41 42 43 43 44 44 44 44 44 44 44 44 44 44 45 45 45 45 46 49 51 54 56 59 61 62 61 60 58 57 56 55 55 57 59 62 64 66 69 69 67 65 63 61 59 57 53 46 40 34 28 22 16 13 12 12 11 11 10 10 10 11 11 12 13 14 14 16 17 19 20 21 23 24 24 22 21 19 18 16 15
19 19 19 19 19 20 23 26 29 32 35 38 41 42 42 43 44 44 45 45 45 45 45 45 45 45 46 46 46 46 46 46 46 47 50 53 55 58 61 63 65 64 63 62 61 61 60 60 62 65 67 69 71 73 74 72 70 69 67 65 63 59 51 44 36 29 21 14 11 11 10 10 10 10 10 10 11 11 12 13 13 14 15 16 18 19 21 22 23 23 21 20 19 17 16 14
22 22 22 22 23 23 26 29 32 35 38 41 44 45 45 46 46 47 48 48 48 49 49 49 49 49 50 50 51 51 51 52 52 53 55 57 59 61 64 66 67 66 66 66 65 65 65 66 68 71 73 76 78 81 81 80 78 76 75 73 71 66 58 50 41 33 25 17 13 13 12 12 11 11 10 11 11 11 12 12 13 13 14 15 17 18 19 21 22 21 20 19 17 16 15 13
27 27 28 28 29 30 32 35 38 40 43 46 48 48 49 49 50 50 51 51 52 52 53 53 54 55 55 56 57 58 59 60 61 62 63 64 65 66 67 68 69 69 69 69 69 69 69 71 74 77 80 83 87 90 91 89 87 85 83 81 79 74 65 57 48 39 31 22 18 17 16 15 13 12 11 11 11 12 12 12 12 13 14 15 16 17 18 19 20 19 18 17 16 15 13 12
32 33 33 34 35 36 38 40 43 45 47 50 52 52 52 53 53 53 54 54 55 56 57 58 59 60 61 62 64 65 66 68 69 70 70 70 70 70 70 70 70 71 72 72 73 73 74 76 80 83 87 91 95 99 100 98 96 94 92 90 88 82 73 64 55 46 36 27 22 21 19 17 16 14 12 12 12 12 12 12 12 12 13 14 14 15 16 17 18 17 16 15 14 13 12 11
37 38 39 40 41 42 44 46 48 50 52 54 55 56 56 56 56 56 57 57 58 60 61 62 63 65 66 68 70 72 74 76 78 79 78 77 76 74 73 72 72 73 74 75 76 78 79 81 85 90 94 99 103 108 109 107 105 102 100 98 96 90 80 71 61 52 42 33 27 25 22 20 18 15 13 12 12 12 12 12 12 12 12 13 13 14 14 15 15 15 14 13 13 12 11 10
42 43 45 46 47 49 50 52 53 55 56 58 59 59 59 59 59 60 60 60 62 63 65 67 68 70 72 74 76 79 81 84 86 87 85 83 81 79 77 75 74 76 77 79 80 82 83 86 91 96 101 106 111 116 118 116 113 111 109 107 104 98 88 78 68 58 48 38 32 29 26 23 20 17 14 13 12 12 12 12 12 12 12 12 12 12 13 13 13 13 12 12 11 10 10 9
47 49 50 52 53 55 56 57 58 60 61 62 63 63 63 63 63 63 63 63 65 67 69 71 73 75 77 80 83 86 89 92 95 95 92 89 86 83 80 77 76 78 80 82 84 86 88 91 97 103 108 114 120 125 127 125 122 120 117 115 113 106 95 85 74 64 53 43 36 33 29 26 22 18 15 13 13 13 12 12 11 11 11 11 11 11 11 11 11 11 10 10 9 9 8 8
52 54 56 58 59 61 62 63 64 64 65 66 67 67 66 66 66 66 66 66 68 71 73 75 78 80 83 86 89 93 96 100 103 104 100 96 92 87 83 79 78 80 83 85 88 90 93 97 103 109 115 122 128 134 136 134 131 129 126 123 121 114 103 92 81 70 59 48 41 37 33 28 24 20 16 14 13 13 12 12 11 11 10 10 10 10 9 9 9 9 8 8 8 7 7 7
54 56 58 60 62 63 64 65 65 66 67 67 68 68 67 67 67 67 66 67 69 72 74 77 80 82 85 88 92 95 99 102 106 106 102 98 93 89 85 81 79 82 85 88 91 94 97 101 108 114 120 126 132 139 141 138 136 133 131 128 126 119 107 96 84 73 62 50 43 38 34 29 25 21 16 14 14 13 13 12 12 11 11 11 11 10 10 10 10 10 9 9 8 8 7 7
54 56 58 60 62 64 65 65 66 66 67 68 68 68 67 67 67 67 66 67 69 72 75 77 80 83 86 89 92 96 99 102 105 106 102 98 94 90 86 81 80 84 87 91 94 98 101 106 112 118 124 129 135 141 143 141 139 136 134 132 129 122 110 98 87 75 63 51 43 39 34 30 25 21 16 14 14 13 13 13 12 12 12 12 12 12 12 12 12 12 11 10 10 9 8 8
54 56 58 60 63 65 65 66 66 67 67 68 68 68 68 67 67 66 66 66 69 72 75 78 81 84 87 90 93 96 99 102 105 106 102 98 94 90 86 82 81 86 90 94 98 102 106 110 116 122 127 133 138 144 146 144 141 139 137 135 133 126 113 101 89 76 64 52 44 39 35 30 26 21 16 14 14 14 14 13 13 13 13 13 13 14 14 14 15 14 13 12 11 10 9 8
54 56 59 61 63 65 66 66 67 67 68 68 68 68 68 67 67 66 66 66 69 72 75 78 82 85 88 91 94 97 99 102 105 106 102 98 95 91 87 83 83 87 92 96 101 106 110 115 120 126 131 136 141 147 148 146 144 142 140 138 136 129 116 104 91 78 65 53 45 40 35 31 26 21 17 15 14 14 14 14 14 14 14 14 15 15 16 16 17 16 15 14 13 11 10 9
54 57 59 61 64 66 66 67 67 67 68 68 69 68 68 67 66 66 65 66 69 72 76 79 82 85 89 91 94 97 100 103 105 106 102 99 95 91 88 84 84 89 94 99 104 109 114 120 124 129 134 139 144 149 151 149 147 145 144 142 140 132 119 106 93 80 67 54 45 40 36 31 26 21 17 15 15 15 15 15 14 14 15 16 16 17 18 19 19 19 17 16 14 13 11 10
54 57 59 62 64 66 67 67 67 68 68 69 69 68 68 67 66 66 65 66 69 73 76 79 83 86 90 92 95 97 100 103 105 106 102 99 95 92 88 85 85 91 96 102 108 113 119 124 129 133 138 143 147 152 153 152 150 149 147 145 144 136 122 109 95 82 68 54 46 41 36 31 27 22 17 15 15 15 15 15 15 15 16 17 18 19 20 21 22 21 19 17 15 14 12 10
54 57 60 62 65 67 67 67 68 68 68 69 69 68 68 67 66 66 65 65 69 73 76 80 84 87 90 93 95 98 100 103 105 106 102 99 96 92 89 86 86 92 99 105 111 117 123 129 133 137 142 146 150 155 156 155 153 152 150 149 147 139 125 111 97 83 69 55 46 42 37 32 27 22 17 15 15 16 16 16 16 16 17 18 19 20 22 23 24 23 21 19 17 15 13 11
52 55 58 61 64 67 67 67 68 68 68 69 69 68 68 67 67 66 66 66 69 72 75 78 82 85 88 91 94 97 99 102 105 106 103 100 97 93 90 87 88 95 102 109 116 123 130 135 138 141 144 146 149 152 153 152 151 150 149 148 147 139 126 112 99 86 72 59 50 45 40 35 30 25 20 18 18 18 17 17 17 17 18 19 19 20 21 22 23 22 21 19 18 16 15 13
49 52 56 60 63 67 67 67 67 68 68 68 68 68 68 68 67 67 67 67 69 72 74 76 79 81 84 87 91 95 98 102 106 107 104 101 98 94 91 88 89 97 105 113 121 129 137 142 143 144 145 146 147 148 149 148 147 147 146 145 145 138 126 113 101 88 76 64 55 50 45 39 34 29 23 21 21 20 20 19 19 18 19 19 19 20 20 20 21 20 20 19 19 18 17 17
45 50 54 58 63 66 67 67 67 67 68 68 68 68 68 68 68 68 68 68 70 71 73 74 76 77 80 84 89 93 97 102 106 108 105 102 98 95 92 89 91 100 108 117 126 135 144 148 148 147 146 146 145 145 144 144 144 143 143 143 143 137 125 114 103 91 80 68 60 55 49 44 38 33 27 24 24 23 22 21 20 20 19 19 19 19 19 19 19 19 19 19 19 19 20 20
42 47 52 57 62 66 66 67 67 67 67 68 68 68 68 68 68 69 69 69 70 71 72 72 73 74 76 81 86 91 96 101 106 108 105 102 99 96 93 90 92 102 112 121 131 141 151 155 153 150 148 145 143 141 140 140 140 140 141 141 141 136 125 115 104 94 83 73 65 59 54 48 42 36 31 28 27 25 24 23 22 21 20 19 19 18 18 17 17 17 18 19 20 21 22 23
39 44 50 55 61 66 66 66 67 67 67 67 67 68 68 69 69 69 70 70 70 70 70 70 70 70 72 78 83 89 95 101 106 109 106 103 100 97 95 92 94 105 115 126 136 147 158 162 158 153 149 145 141 137 135 136 136 137 138 138 139 135 125 116 106 97 87 78 70 64 58 52 46 40 34 31 30 28 27 25 24 22 21 20 19 18 17 15 14 15 17 19 21 22 24 26
35 42 48 54 60 66 66 66 66 66 67 67 67 68 68 69 70 70 71 71 70 70 69 68 67 67 68 75 81 87 94 100 107 110 107 104 101 99 96 93 96 107 119 130 142 153 165 169 163 157 151 145 139 133 130 132 133 134 135 136 137 133 125 116 108 99 91 82 75 69 63 57 50 44 38 34 33 31 29 27 25 23 22 20 19 17 15 14 12 14 16 19 21 24 26 29
32 39 46 53 60 65 66 66 66 66 66 66 67 68 68 69 70 71 72 72 71 69 68 66 65 63 64 71 78 85 93 100 107 111 108 105 102 100 97 94 97 110 122 134 147 159 172 175 168 160 152 144 137 129 126 127 129 131 132 134 135 132 125 117 110 102 95 87 80 74 67 61 54 48 42 38 36 33 31 29 27 25 22 20 18 16 14 12 10 12 15 19 22 25 29 32
