pluvio/pluvio-286.asc
ncols         252
nrows         154
xllcorner     -0.5
yllcorner     -153.5
cellsize      1
NODATA_value  -9999
[rows 66 to 131 of 154, columns 0 to 95 of 252]
2 3 4 4 5 4 4 4 3 3 3 3 3 3 3 3 3 4 4 4 4 5 5 5 5 7 9 11 13 16 18 20 20 20 19 19 18 18 18 17 15 14 13 12 11 10 10 10 10 10 10 10 10 12 14 17 19 21 23 26 26 25 25 24 24 23 23 21 19 16 14 12 10 8 8 8 8 8 8 8 8 6 5 4 3 2 1 0 0 0 0 1 1 1 1 1
3 4 4 5 5 5 5 5 5 5 5 4 4 4 4 4 4 4 4 4 4 4 4 5 5 6 8 10 12 14 16 18 19 19 18 18 18 18 17 17 16 14 13 12 11 10 10 10 10 10 10 10 10 12 15 18 21 24 27 29 29 28 27 27 26 25 24 22 20 18 15 13 11 9 9 9 9 9 9 9 9 7 6 5 4 3 1 0 0 1 1 1 1 1 2 2
3 4 5 6 6 6 6 6 6 6 6 6 6 5 5 5 4 4 4 4 4 4 4 4 4 5 7 9 11 13 15 17 17 17 17 17 17 17 17 17 16 15 14 13 12 11 10 10 10 10 9 9 9 12 16 19 23 26 30 33 33 32 30 29 28 27 25 23 21 19 16 14 12 10 10 10 10 10 10 10 10 8 7 6 5 3 2 1 1 1 1 1 2 2 2 2
4 5 6 6 7 7 7 8 8 8 8 8 7 7 6 5 5 4 4 4 4 4 4 3 3 5 6 8 10 12 13 15 16 16 16 16 17 17 17 16 16 15 14 13 12 11 11 10 10 10 9 9 8 12 16 20 25 29 33 37 36 35 33 32 30 28 27 24 22 20 18 15 13 11 11 11 11 11 11 11 11 9 8 7 5 4 3 2 2 2 2 2 2 2 2 2
4 5 6 7 8 8 8 9 9 10 10 10 9 8 7 6 5 4 4 3 3 3 3 3 3 4 5 7 9 10 12 14 14 15 15 16 16 16 17 16 16 15 14 13 12 12 11 10 10 9 9 8 8 12 17 22 27 31 36 41 40 38 36 34 32 30 28 26 23 21 19 17 14 12 12 12 12 12 12 12 12 11 9 8 6 5 4 2 2 2 2 2 2 2 2 2
5 6 7 8 8 9 10 10 11 11 12 11 10 9 8 7 5 4 3 3 3 3 3 2 2 3 5 6 8 9 11 12 13 14 14 15 15 16 17 16 16 15 14 13 13 12 11 11 10 9 9 8 7 12 17 23 28 34 40 45 44 41 39 36 34 31 29 27 24 22 20 18 15 13 13 13 13 13 13 13 13 12 10 9 7 6 4 3 3 3 3 3 3 3 3 3
5 6 7 8 9 10 11 11 12 13 14 13 12 10 9 7 6 4 3 3 3 2 2 2 2 2 4 5 6 8 9 10 11 12 13 14 15 16 16 16 16 15 14 14 13 13 12 11 10 9 8 7 6 12 18 24 30 37 43 49 47 45 42 39 36 33 30 28 26 23 21 19 17 14 14 14 14 14 14 14 14 13 11 10 8 6 5 3 3 3 3 3 3 3 3 3
6 7 8 9 10 11 12 13 14 15 16 15 13 11 10 8 6 4 3 3 3 2 2 1 1 2 3 4 5 6 8 9 10 11 12 13 14 15 16 16 16 15 15 14 14 13 12 11 10 9 8 7 6 11 18 25 32 39 46 53 51 48 45 41 38 35 31 29 27 25 22 20 18 15 15 15 15 15 15 15 15 14 12 10 9 7 6 4 4 4 4 4 3 3 3 3
7 8 9 10 11 12 13 14 15 15 16 16 14 12 10 8 6 4 3 3 3 2 2 2 2 2 3 4 5 6 7 8 9 10 11 12 13 14 15 15 15 15 15 15 15 15 14 13 13 12 11 10 10 15 21 27 33 39 46 52 50 46 43 40 37 34 31 29 27 24 22 20 18 16 16 16 16 16 16 16 15 14 12 11 9 7 6 4 4 4 4 4 3 3 3 3
7 9 10 11 12 13 14 15 15 16 17 17 14 12 10 8 6 4 3 3 3 3 3 3 3 3 4 4 5 6 6 7 8 9 10 11 11 12 13 14 14 15 15 15 16 16 16 16 15 15 14 14 14 18 23 29 34 39 45 50 48 45 42 39 36 33 30 28 26 24 22 21 19 17 17 16 16 16 16 16 16 14 12 11 9 7 6 4 4 4 4 4 3 3 3 4
8 9 11 12 13 14 15 16 16 17 18 17 15 13 11 8 6 4 3 3 3 3 3 3 3 4 4 5 5 6 6 6 7 8 9 9 10 11 11 12 13 14 15 16 17 18 18 18 18 18 18 18 18 21 26 30 35 39 44 49 46 44 41 38 35 32 29 27 26 24 22 21 19 17 17 17 17 16 16 16 16 14 12 11 9 7 6 4 4 4 4 4 3 3 3 4
9 10 12 13 14 15 16 16 17 18 19 18 16 13 11 8 6 4 3 3 3 4 4 4 4 5 5 5 5 5 5 6 6 7 7 8 9 9 10 11 13 14 15 17 18 20 20 20 21 21 21 21 22 25 28 32 36 40 43 47 45 42 39 37 34 31 28 27 25 24 23 21 20 18 18 17 17 17 16 16 16 14 12 11 9 7 6 4 4 4 4 4 4 3 3 4
10 11 13 14 15 16 17 17 18 19 20 19 16 14 11 9 6 3 3 3 4 4 4 5 5 5 5 5 5 5 5 5 5 6 6 7 7 8 8 10 12 14 16 17 19 21 22 23 23 24 24 25 26 28 31 34 37 40 42 45 43 41 38 36 33 30 28 26 25 24 23 21 20 19 18 18 18 17 17 16 16 14 12 11 9 7 6 4 4 4 4 4 4 3 3 4
11 12 13 15 16 17 18 18 19 20 21 20 17 14 11 9 6 3 3 3 4 4 5 6 6 6 6 5 5 5 4 4 4 5 5 5 6 6 7 9 11 13 16 18 20 23 24 25 26 27 28 29 29 31 33 36 38 40 42 44 42 39 37 34 32 29 27 26 25 24 23 22 21 19 19 18 18 17 17 16 16 14 12 11 9 7 6 4 4 4 4 4 4 3 3 4
12 13 15 16 17 18 19 19 20 21 22 20 18 15 12 9 6 3 2 3 4 5 6 6 7 7 6 6 5 5 4 3 3 4 4 4 5 5 5 8 10 13 16 19 22 24 26 27 28 30 31 32 33 35 36 37 38 40 41 42 40 38 36 33 31 29 26 25 24 24 23 22 21 20 20 19 18 18 17 17 16 14 13 11 9 7 6 4 4 4 4 4 4 4 4 4
17 18 19 20 21 22 22 23 24 24 25 24 21 17 14 11 8 5 4 5 6 7 8 9 10 10 10 9 9 8 8 7 8 8 8 9 9 9 10 11 14 16 18 21 23 25 27 28 29 30 31 32 33 34 35 36 37 38 39 40 38 36 34 32 29 27 25 24 23 23 22 21 20 19 19 18 17 17 16 16 15 14 12 10 9 7 5 4 4 4 4 4 3 3 3 4
23 23 24 25 25 26 26 27 27 28 28 27 24 20 17 14 10 7 6 7 9 10 11 12 13 13 13 13 12 12 12 12 12 12 12 13 13 14 14 15 17 19 21 23 25 26 28 28 29 30 31 32 33 33 34 35 35 36 37 37 36 34 32 30 28 26 24 23 22 22 21 20 19 18 18 17 17 16 15 15 14 13 11 10 8 7 5 4 4 4 4 3 3 3 3 4
28 29 29 29 29 30 30 31 31 31 32 30 26 23 19 16 12 9 8 10 11 12 13 15 16 16 16 16 16 16 16 16 16 16 17 17 17 18 18 19 21 22 23 25 26 27 28 29 30 30 31 32 32 33 33 33 34 34 35 35 33 32 30 28 27 25 23 22 22 21 20 19 18 17 17 16 16 15 15 14 13 12 11 9 8 7 5 4 4 4 3 3 3 3 3 3
34 34 33 33 33 34 34 34 35 35 35 33 29 26 22 18 15 11 10 12 13 15 16 17 19 19 19 19 20 20 20 20 20 20 21 21 22 22 23 23 24 25 26 27 28 29 29 30 30 31 31 32 32 32 32 32 32 32 32 32 31 30 28 27 25 24 22 21 21 20 19 18 17 16 16 15 15 14 14 13 13 11 10 9 8 6 5 4 4 3 3 3 3 3 3 3
39 39 38 38 37 38 38 38 38 38 39 36 32 29 25 21 17 13 12 14 16 17 19 20 22 22 23 23 23 23 24 24 24 25 25 26 26 26 27 27 28 28 28 29 29 30 30 30 30 31 31 31 32 32 31 31 31 31 30 30 29 28 26 25 24 23 21 20 20 19 18 17 16 16 15 14 14 13 13 12 12 11 10 8 7 6 5 4 4 3 3 3 3 3 3 3
45 44 43 42 42 42 42 42 42 42 42 40 35 31 27 23 19 15 14 16 18 20 21 23 25 26 26 26 27 27 28 28 28 29 29 30 30 31 31 31 31 31 31 31 31 31 31 31 31 31 31 31 31 31 30 30 29 29 28 28 27 26 25 23 22 21 20 19 19 18 17 16 15 15 14 14 13 13 12 12 11 10 9 8 7 6 5 4 3 3 3 3 3 3 2 2
50 49 47 46 45 45 45 45 45 45 45 42 38 34 30 25 21 17 16 18 20 22 24 26 27 28 29 30 30 31 31 32 32 33 33 34 34 35 35 35 35 34 33 33 32 32 32 32 32 32 32 32 32 31 30 29 28 27 26 25 25 24 23 22 21 20 19 19 18 17 16 15 15 14 13 13 12 12 11 11 10 9 8 7 6 5 5 4 3 3 3 3 3 2 2 2
49 47 46 44 43 43 43 42 42 41 41 39 35 32 29 26 22 19 19 20 22 23 24 26 27 28 29 30 30 31 32 32 33 34 35 35 36 37 37 37 38 38 38 38 38 38 37 37 37 37 37 37 37 35 34 32 31 29 27 26 25 24 23 23 22 21 20 20 19 18 17 16 15 14 14 13 13 12 12 11 10 9 9 8 7 6 5 4 4 3 3 3 3 3 3 2
48 46 45 43 42 41 40 39 38 38 37 35 33 30 28 26 23 21 21 22 23 24 25 26 27 28 29 30 31 32 32 33 34 35 36 37 38 38 39 40 40 41 42 42 43 43 43 43 43 43 42 42 42 40 38 35 33 31 28 26 25 25 24 23 23 22 22 21 20 19 18 17 16 15 14 14 13 13 12 11 11 10 9 8 7 6 5 4 4 4 3 3 3 3 3 3
47 45 43 41 40 39 37 36 35 34 33 32 30 29 27 26 25 23 23 24 24 25 26 27 27 28 29 30 31 32 33 34 35 36 37 38 39 40 41 42 43 45 46 47 48 49 49 49 48 48 48 48 47 45 42 38 35 32 29 26 25 25 24 24 24 23 23 22 21 20 19 18 17 16 15 14 14 13 12 12 11 10 9 8 7 6 5 4 4 4 4 3 3 3 3 3
46 44 42 40 38 36 35 34 32 31 29 28 28 27 27 26 26 25 25 26 26 26 27 27 27 28 29 30 31 32 33 34 36 37 38 39 41 42 43 45 46 48 50 51 53 55 55 54 54 54 53 53 53 49 46 42 38 34 30 26 26 25 25 25 24 24 24 23 22 21 20 18 17 16 15 15 14 13 13 12 11 10 9 8 7 6 5 4 4 4 4 4 3 3 3 3
45 43 40 38 36 34 32 31 29 27 25 25 25 26 26 26 27 27 27 27 27 27 27 27 27 28 29 30 32 33 34 35 36 38 39 41 42 44 45 47 49 52 54 56 58 60 60 60 60 59 59 58 58 54 49 45 40 36 31 27 26 26 26 25 25 25 25 24 23 22 20 19 18 17 16 15 14 14 13 12 11 10 9 8 7 6 5 4 4 4 4 4 4 4 3 3
44 41 39 37 34 32 30 28 26 23 21 21 23 24 25 27 28 29 30 29 29 29 28 28 27 28 29 31 32 33 34 36 37 39 41 42 44 46 47 50 52 55 58 61 63 66 66 66 65 65 64 64 63 59 53 48 43 37 32 27 26 26 26 26 26 26 26 25 24 22 21 20 19 17 17 16 15 14 13 12 11 10 9 8 7 6 5 4 4 4 4 4 4 4 4 4
43 40 37 35 32 30 28 25 23 20 18 18 20 23 25 27 29 31 32 31 30 30 29 28 28 28 30 31 32 34 35 37 38 40 42 44 46 48 50 53 56 59 62 65 68 72 72 71 71 70 69 69 68 63 57 51 45 39 33 27 27 27 27 27 27 27 27 26 25 23 22 21 19 18 17 16 15 14 13 13 12 11 10 9 8 7 6 5 4 4 4 4 4 4 4 4
38 36 33 31 29 27 26 24 23 22 20 21 23 24 26 28 30 32 32 32 31 31 30 30 29 30 31 33 34 36 37 39 41 43 46 48 50 53 55 58 61 64 67 70 73 77 77 76 75 74 73 73 72 67 60 54 48 42 35 29 28 28 28 28 27 27 27 26 24 23 22 21 20 18 18 17 16 15 14 13 12 11 10 9 8 7 6 5 5 5 4 4 4 4 4 4
34 31 29 27 25 25 24 24 23 23 22 23 25 26 28 29 31 33 33 33 32 32 32 31 31 32 33 35 36 38 39 41 43 46 49 52 55 58 61 64 67 70 73 75 78 81 81 80 79 78 78 77 76 70 64 57 51 44 38 31 30 29 29 28 28 27 27 26 24 23 22 21 20 19 18 17 16 16 15 14 13 12 11 10 8 7 6 5 5 5 5 4 4 4 4 4
29 27 25 23 22 22 23 23 24 24 24 25 27 28 29 31 32 33 34 34 33 33 33 33 33 34 35 37 38 40 41 43 46 49 52 56 59 63 66 69 72 75 78 81 84 86 86 85 84 83 82 80 79 73 67 60 53 47 40 33 32 31 30 29 28 27 27 25 24 23 22 21 20 19 18 18 17 16 15 15 14 13 11 10 9 8 6 5 5 5 5 5 4 4 4 4
25 23 21 19 18 20 21 22 24 25 26 28 29 30 31 32 33 34 35 34 34 34 34 34 34 35 37 39 40 42 43 45 48 52 56 60 64 68 71 75 77 80 83 86 89 91 91 90 88 87 86 84 83 77 70 63 56 49 42 35 33 32 31 30 29 28 26 25 24 23 23 22 21 20 19 18 17 17 16 15 15 13 12 11 9 8 7 5 5 5 5 5 5 4 4 4
20 19 17 15 15 17 19 22 24 26 29 30 31 32 32 33 34 35 35 35 36 36 36 36 36 37 39 40 42 44 45 47 50 55 59 64 68 73 77 80 83 85 88 91 94 96 96 94 93 91 90 88 87 80 73 66 59 52 44 37 35 34 32 31 29 28 26 25 24 24 23 22 21 20 19 19 18 17 17 16 15 14 12 11 10 8 7 6 5 5 5 5 5 5 4 4
16 14 12 11 11 15 18 21 24 27 31 32 33 33 34 34 35 36 36 36 37 37 37 37 38 39 41 42 44 46 47 49 53 58 63 68 73 77 82 86 88 91 93 96 99 101 100 99 97 95 94 92 90 84 76 69 62 54 47 39 37 35 33 31 30 28 26 25 24 24 23 22 21 20 20 19 19 18 17 17 16 15 13 12 10 9 7 6 6 5 5 5 5 5 4 4
13 11 10 8 9 13 17 21 25 29 32 34 35 35 35 35 35 36 36 37 37 38 38 39 39 41 42 44 46 47 49 51 55 61 66 71 77 82 87 90 93 95 98 101 103 106 105 103 101 99 98 96 94 87 80 72 64 57 49 41 39 36 34 32 30 28 26 25 25 24 23 22 22 21 20 20 19 19 18 17 17 15 14 12 11 9 8 6 6 6 6 5 5 5 5 5
16 15 14 12 13 16 20 23 26 29 33 34 34 33 33 33 33 33 33 34 35 36 37 38 40 41 43 45 47 49 51 53 57 63 68 73 78 83 88 92 94 97 99 102 104 107 106 105 103 102 101 99 98 91 83 75 67 59 51 43 40 38 36 34 31 29 27 26 26 25 24 23 23 22 22 21 20 20 19 19 18 17 15 13 12 10 8 7 7 6 6 6 6 5 5 5
20 19 18 16 17 20 22 25 27 30 33 33 33 32 32 31 30 30 31 32 34 35 37 38 40 42 44 46 49 51 53 55 60 65 70 75 80 85 90 93 95 98 101 103 106 108 108 107 106 105 104 103 102 94 86 78 70 62 53 45 42 40 37 35 33 30 28 27 27 26 25 25 24 23 23 22 22 21 21 20 20 18 16 15 13 11 9 8 7 7 7 6 6 6 6 6
23 22 21 21 21 23 25 27 29 31 33 33 32 31 30 29 28 27 28 30 32 34 36 38 40 42 45 47 50 52 55 57 62 67 71 76 81 86 91 94 97 99 102 105 107 110 110 109 108 107 107 106 105 98 90 81 73 64 56 47 44 41 39 36 34 31 29 28 28 27 26 26 25 24 24 23 23 23 22 22 21 20 18 16 14 12 10 8 8 8 7 7 7 7 6 6
27 26 25 25 25 26 28 29 30 31 33 32 31 30 28 27 25 24 25 28 30 33 35 38 40 43 46 49 51 54 57 60 64 69 73 78 83 88 92 95 98 101 103 106 108 111 111 111 111 110 110 109 109 102 93 84 75 67 58 49 46 43 40 38 35 33 30 29 29 28 27 27 26 25 25 25 24 24 24 23 23 21 19 17 15 13 11 9 9 8 8 8 7 7 7 7
30 30 29 29 29 30 30 31 31 32 33 32 30 28 26 25 23 21 22 25 28 31 34 37 41 44 47 50 53 56 59 62 66 71 75 80 84 89 94 97 99 102 105 107 110 112 113 113 113 113 113 113 113 105 96 87 78 69 60 51 48 45 42 39 36 34 31 30 30 29 28 28 27 26 26 26 26 25 25 25 25 22 20 18 16 14 12 9 9 9 9 8 8 8 7 7
34 34 33 33 33 33 33 33 33 33 33 31 29 27 25 23 20 18 20 23 27 30 34 37 41 44 47 51 54 57 61 64 68 73 77 81 86 90 95 98 101 103 106 108 111 114 115 115 115 116 116 116 117 109 100 90 81 72 62 53 49 46 44 41 38 35 32 31 31 30 29 29 28 28 27 27 27 27 27 26 26 24 21 19 17 15 12 10 10 9 9 9 9 8 8 8
37 37 37 37 36 36 35 35 34 33 33 31 29 26 24 21 19 16 18 21 25 29 33 37 41 45 48 52 55 59 63 66 70 74 79 83 87 91 96 99 101 104 106 109 111 114 115 116 116 117 118 118 119 111 102 92 83 73 64 54 51 48 45 42 39 36 33 32 32 31 31 30 29 29 29 29 28 28 28 28 28 25 23 21 18 16 13 11 11 10 10 10 9 9 9 9
38 38 37 37 36 36 35 35 34 34 33 32 29 27 25 22 20 17 19 22 26 29 33 37 40 44 48 52 56 60 64 68 72 76 79 83 87 90 94 97 99 101 103 106 108 110 111 112 113 113 114 115 116 108 99 90 81 72 63 54 51 48 45 43 40 37 35 34 33 33 32 32 31 31 31 30 30 30 30 30 30 27 25 22 20 18 15 13 13 12 12 12 11 11 10 10
40 39 38 37 36 36 35 35 35 34 34 33 30 28 26 23 21 19 20 23 26 30 33 36 39 43 48 52 57 61 66 70 74 77 80 83 86 90 93 95 97 99 100 102 104 106 107 108 109 110 110 111 112 105 97 88 80 71 63 54 51 49 46 44 41 39 36 36 35 35 34 34 33 33 33 32 32 32 32 32 31 29 27 24 22 20 17 15 15 14 14 13 13 13 12 12
41 40 38 37 36 36 36 35 35 35 35 33 31 29 27 24 22 20 21 24 27 30 33 36 39 43 48 53 58 63 68 72 76 78 81 83 86 89 91 93 94 96 97 99 100 102 103 104 105 106 107 108 109 102 94 86 78 70 62 54 51 49 47 44 42 40 38 37 37 36 36 35 35 35 34 34 34 34 34 34 33 31 29 26 24 22 19 17 17 16 16 15 15 14 14 14
43 41 39 37 36 36 36 36 35 35 35 34 32 30 28 26 23 21 22 25 27 30 33 35 38 42 48 53 58 64 69 75 78 80 82 84 86 88 90 91 92 93 94 96 97 98 99 100 101 102 103 104 105 99 92 84 77 69 62 54 51 49 47 45 43 41 39 39 38 38 38 37 37 37 36 36 36 36 36 35 35 33 30 28 26 24 21 19 18 18 17 17 16 16 16 16
44 42 39 37 36 36 36 36 36 36 36 35 33 31 29 27 25 23 23 26 28 30 33 35 37 42 48 53 59 65 71 77 79 81 82 84 85 87 88 89 90 91 92 92 93 94 95 96 97 98 100 101 102 96 89 82 75 68 61 54 52 50 48 46 44 43 41 40 40 40 39 39 39 39 38 38 38 38 37 37 37 35 32 30 28 25 23 21 20 20 19 19 18 18 17 17
45 43 40 37 36 36 36 36 36 36 36 35 33 31 30 28 26 24 24 26 28 30 33 35 37 41 48 54 60 66 73 79 81 82 83 84 85 86 87 87 88 88 89 89 89 90 91 92 93 95 96 97 99 93 87 80 74 67 60 54 52 50 49 47 45 44 42 42 42 41 41 41 41 40 40 40 40 40 39 39 39 37 34 32 30 27 25 23 22 22 21 21 20 19 19 19
47 44 41 38 36 36 37 37 37 37 37 36 34 33 31 29 27 26 26 28 30 31 33 35 37 42 48 55 61 68 74 81 83 83 84 84 85 86 86 86 87 87 87 87 87 87 89 90 91 93 94 95 97 92 85 79 73 67 60 54 52 51 50 48 47 46 44 44 44 43 43 43 43 42 42 42 41 41 41 41 40 38 36 34 31 29 27 25 24 23 23 22 22 21 20 21
50 46 43 39 38 38 38 38 38 38 39 38 36 35 33 31 30 28 29 31 32 34 36 38 39 44 50 56 63 69 75 81 84 84 85 86 86 87 88 88 88 89 89 90 90 90 92 93 95 96 97 99 100 95 88 82 75 69 62 56 54 53 52 51 50 49 48 47 47 46 45 45 44 44 43 43 42 42 42 41 41 39 37 34 32 30 28 26 25 24 24 23 23 22 21 22
52 48 44 41 39 39 39 39 40 40 40 39 38 37 35 34 32 31 31 33 35 37 39 40 42 47 53 58 64 70 76 82 84 85 86 87 87 88 89 90 90 91 92 92 93 93 95 96 98 99 101 102 103 98 91 85 78 71 64 58 56 55 55 54 53 52 52 51 50 49 48 47 46 45 44 44 43 43 42 42 41 39 37 35 33 31 29 27 26 25 25 24 24 23 22 23
55 51 46 42 40 40 41 41 41 41 42 41 40 38 37 36 35 34 34 36 38 40 41 43 45 49 55 60 66 71 77 82 85 86 87 88 88 89 90 91 92 93 94 95 96 97 98 99 101 102 104 105 107 101 94 87 80 73 66 59 58 58 57 57 56 56 55 54 53 51 50 49 47 46 45 45 44 44 43 42 42 40 38 36 34 32 30 28 27 26 26 25 24 24 23 24
57 53 48 43 41 42 42 42 42 43 43 43 41 40 39 38 37 36 37 39 41 42 44 46 48 52 57 62 68 73 78 83 85 86 88 89 90 91 92 93 94 95 96 97 98 100 101 103 104 106 107 109 110 104 97 90 83 76 68 61 60 60 60 59 59 59 59 57 56 54 52 51 49 47 47 46 45 44 44 43 42 40 38 36 34 33 31 29 28 27 27 26 25 25 24 25
60 55 50 45 42 43 43 43 44 44 44 44 43 42 41 41 40 39 40 41 43 45 47 49 51 54 59 64 69 74 79 84 86 87 88 90 91 92 93 94 96 97 98 100 101 103 104 106 107 109 110 112 114 108 100 93 85 78 70 63 62 62 62 62 62 62 62 61 59 57 55 53 51 49 48 47 46 45 44 44 43 41 39 37 35 33 31 30 29 28 28 27 26 26 25 26
63 57 52 46 44 44 44 45 45 46 46 46 45 44 44 43 42 41 42 44 46 48 50 52 53 57 62 66 71 75 80 84 87 88 89 91 92 93 95 96 98 99 101 102 104 106 107 109 110 112 114 115 117 111 103 95 88 80 72 65 64 64 65 65 65 66 66 64 62 59 57 55 52 50 49 48 47 46 45 44 43 41 40 38 36 34 32 31 30 29 29 28 27 27 26 27
67 61 55 48 46 46 46 47 47 48 48 48 47 47 46 46 45 45 46 48 50 52 53 55 57 60 65 69 73 77 81 85 87 89 90 92 93 94 96 98 99 101 103 105 107 108 110 111 113 114 116 117 119 113 105 97 89 81 73 66 65 66 66 67 67 68 68 66 64 61 59 56 54 51 50 49 48 47 46 45 44 42 41 39 37 36 34 32 32 31 30 29 29 28 27 28
74 67 60 53 50 50 50 50 51 51 51 51 51 51 51 51 50 50 52 54 55 57 59 61 63 66 69 72 76 79 82 85 87 89 91 92 94 95 97 99 101 103 105 107 109 111 112 113 114 115 116 117 118 111 104 96 88 80 73 65 65 65 65 66 66 67 67 65 63 61 59 57 54 52 51 50 50 49 48 47 46 44 43 42 40 39 38 36 35 34 33 31 30 29 28 29
82 74 66 58 54 54 54 54 54 54 54 54 54 54 55 55 56 56 57 59 61 63 65 67 69 71 74 76 79 81 83 86 88 89 91 93 95 96 98 100 102 105 107 109 111 114 114 115 115 115 116 116 116 110 102 95 87 80 72 64 64 64 65 65 66 66 66 65 63 61 59 57 55 53 53 52 51 50 49 48 48 46 45 44 43 42 41 40 38 37 35 34 32 30 29 30
89 81 72 63 59 58 58 58 57 57 56 57 58 58 59 60 61 61 63 65 67 69 71 73 75 77 78 80 81 83 84 86 88 90 92 93 95 97 99 101 104 106 109 111 114 116 117 116 116 116 116 115 115 109 101 94 86 79 71 64 63 64 64 64 65 65 65 64 62 61 59 58 56 55 54 53 52 52 51 50 49 49 48 47 46 45 45 44 42 40 38 36 34 32 30 31
97 87 78 68 63 62 62 61 61 60 59 60 61 62 63 64 66 67 69 71 73 75 77 79 81 83 83 84 84 85 86 86 88 90 92 94 96 98 100 103 105 108 111 114 116 119 119 118 117 116 116 115 114 108 100 93 85 78 71 63 63 63 63 63 64 64 64 63 62 61 59 58 57 56 55 54 54 53 52 52 51 51 50 50 49 49 48 47 45 43 40 38 36 33 31 31
104 94 83 73 67 67 66 65 64 63 62 63 64 66 68 69 71 72 74 76 79 81 83 85 87 88 88 88 87 87 87 87 88 90 92 95 97 99 101 104 107 110 113 116 119 122 121 120 118 117 116 114 113 106 99 92 85 77 70 63 62 62 62 63 63 63 63 62 62 61 60 59 58 57 56 56 55 54 54 53 53 53 52 52 52 52 52 51 48 46 43 40 37 35 32 32
112 101 89 78 72 71 70 68 67 66 65 66 68 70 72 74 76 78 80 82 84 87 89 91 93 94 92 91 90 89 88 87 88 91 93 95 98 100 102 105 108 112 115 118 121 124 123 121 119 117 115 114 112 105 98 91 84 76 69 62 61 61 62 62 62 62 62 62 61 61 60 59 59 58 58 57 56 56 55 55 54 55 55 55 55 55 55 55 52 49 45 42 39 36 33 33
118 105 93 81 74 73 72 71 70 69 68 69 71 74 76 79 81 83 86 88 90 92 94 96 98 97 96 94 92 91 89 87 88 91 93 96 98 101 103 106 109 113 116 119 122 126 124 122 120 117 115 113 110 104 97 90 83 75 68 61 61 61 61 61 61 61 61 61 60 60 59 59 59 58 58 57 57 57 56 56 55 55 56 56 56 56 56 56 53 50 47 43 40 37 34 33
120 106 93 79 73 72 72 72 71 71 71 72 75 78 81 83 86 89 91 92 94 95 96 98 99 98 96 94 93 91 89 87 88 91 93 95 98 100 103 106 109 112 115 118 122 125 124 121 119 116 114 111 109 102 95 88 81 74 67 60 60 59 59 59 59 59 59 59 58 58 58 57 57 57 56 56 56 55 55 55 54 54 54 54 54 54 54 54 51 48 45 42 39 36 34 34
122 107 93 78 71 71 72 72 73 73 73 75 79 82 85 88 92 95 96 97 98 98 99 99 100 99 97 95 93 91 89 87 88 91 93 95 97 100 102 105 108 111 114 118 121 124 123 120 117 115 112 110 107 101 94 87 80 73 66 60 59 58 58 58 58 57 57 57 57 56 56 56 55 55 55 55 54 54 54 54 54 53 53 52 52 52 51 51 48 46 43 41 39 36 34 34
