ndvi/NOAA-364.asc
ncols         252
nrows         154
xllcorner     -18.017974
yllcorner     13.481982
cellsize      0.035948
NODATA_value  -9999
[rows 34 to 67 of 154, columns 154 to 230 of 252]
0.1175 0.122 0.122 0.084 0.084 0.084 0.1 0.1 0.105 0.105 0.0955 0.0955 0.097 0.097 0.097 0.098 0.098 0.109 0.109 0.106 0.106 0.106 0.0965 0.0965 0.1145 0.1145 0.124 0.124 0.124 0.125 0.125 0.1245 0.1245 0.1105 0.1105 0.1105 0.111 0.111 0.1125 0.1125 0.109 0.109 0.109 0.111 0.111 0.112 0.112 0.1155 0.1155 0.11 0.11 0.11 0.111 0.111 0.1155 0.1155 0.1115 0.1115 0.1115 0.126 0.126 0.121 0.121 0.12 0.12 0.12 0.1215 0.1215 0.1205 0.1205 0.1195 0.1195 0.1195 0.117 0.117 0.1125 0.1125
0.1175 0.122 0.122 0.084 0.084 0.084 0.1 0.1 0.105 0.105 0.0955 0.0955 0.097 0.097 0.097 0.098 0.098 0.109 0.109 0.106 0.106 0.106 0.0965 0.0965 0.1145 0.1145 0.124 0.124 0.124 0.125 0.125 0.1245 0.1245 0.1105 0.1105 0.1105 0.111 0.111 0.1125 0.1125 0.109 0.109 0.109 0.111 0.111 0.112 0.112 0.1155 0.1155 0.11 0.11 0.11 0.111 0.111 0.1155 0.1155 0.1115 0.1115 0.1115 0.126 0.126 0.121 0.121 0.12 0.12 0.12 0.1215 0.1215 0.1205 0.1205 0.1195 0.1195 0.1195 0.117 0.117 0.1125 0.1125
0.1175 0.122 0.122 0.084 0.084 0.084 0.1 0.1 0.105 0.105 0.0955 0.0955 0.097 0.097 0.097 0.098 0.098 0.109 0.109 0.106 0.106 0.106 0.0965 0.0965 0.1145 0.1145 0.124 0.124 0.124 0.125 0.125 0.1245 0.1245 0.1105 0.1105 0.1105 0.111 0.111 0.1125 0.1125 0.109 0.109 0.109 0.111 0.111 0.112 0.112 0.1155 0.1155 0.11 0.11 0.11 0.111 0.111 0.1155 0.1155 0.1115 0.1115 0.1115 0.126 0.126 0.121 0.121 0.12 0.12 0.12 0.1215 0.1215 0.1205 0.1205 0.1195 0.1195 0.1195 0.117 0.117 0.1125 0.1125
0.114 0.0805 0.0805 0.094 0.094 0.094 0.1135 0.1135 0.098 0.098 0.0975 0.0975 0.1005 0.1005 0.1005 0.0995 0.0995 0.1095 0.1095 0.1015 0.1015 0.1015 0.1055 0.1055 0.119 0.119 0.1295 0.1295 0.1295 0.1 0.1 0.123 0.123 0.1235 0.1235 0.1235 0.1165 0.1165 0.1145 0.1145 0.113 0.113 0.113 0.1095 0.1095 0.1125 0.1125 0.1205 0.1205 0.116 0.116 0.116 0.1155 0.1155 0.116 0.116 0.1175 0.1175 0.1175 0.1135 0.1135 0.1215 0.1215 0.116 0.116 0.116 0.119 0.119 0.123 0.123 0.1215 0.1215 0.1215 0.123 0.123 0.1215 0.1215
0.114 0.0805 0.0805 0.094 0.094 0.094 0.1135 0.1135 0.098 0.098 0.0975 0.0975 0.1005 0.1005 0.1005 0.0995 0.0995 0.1095 0.1095 0.1015 0.1015 0.1015 0.1055 0.1055 0.119 0.119 0.1295 0.1295 0.1295 0.1 0.1 0.123 0.123 0.1235 0.1235 0.1235 0.1165 0.1165 0.1145 0.1145 0.113 0.113 0.113 0.1095 0.1095 0.1125 0.1125 0.1205 0.1205 0.116 0.116 0.116 0.1155 0.1155 0.116 0.116 0.1175 0.1175 0.1175 0.1135 0.1135 0.1215 0.1215 0.116 0.116 0.116 0.119 0.119 0.123 0.123 0.1215 0.1215 0.1215 0.123 0.123 0.1215 0.1215
0.082 0.1145 0.1145 0.1005 0.1005 0.1005 0.09450001 0.09450001 0.097 0.097 0.1005 0.1005 0.099 0.099 0.099 0.0975 0.0975 0.0915 0.0915 0.088 0.088 0.088 0.0955 0.0955 0.1235 0.1235 0.0955 0.0955 0.0955 0.1205 0.1205 0.109 0.109 0.1 0.1 0.1 0.12 0.12 0.117 0.117 0.111 0.111 0.111 0.1145 0.1145 0.123 0.123 0.119 0.119 0.117 0.117 0.117 0.115 0.115 0.119 0.119 0.123 0.123 0.123 0.1285 0.1285 0.127 0.127 0.125 0.125 0.125 0.123 0.123 0.124 0.124 0.127 0.127 0.127 0.1275 0.1275 0.124 0.124
0.082 0.1145 0.1145 0.1005 0.1005 0.1005 0.09450001 0.09450001 0.097 0.097 0.1005 0.1005 0.099 0.099 0.099 0.0975 0.0975 0.0915 0.0915 0.088 0.088 0.088 0.0955 0.0955 0.1235 0.1235 0.0955 0.0955 0.0955 0.1205 0.1205 0.109 0.109 0.1 0.1 0.1 0.12 0.12 0.117 0.117 0.111 0.111 0.111 0.1145 0.1145 0.123 0.123 0.119 0.119 0.117 0.117 0.117 0.115 0.115 0.119 0.119 0.123 0.123 0.123 0.1285 0.1285 0.127 0.127 0.125 0.125 0.125 0.123 0.123 0.124 0.124 0.127 0.127 0.127 0.1275 0.1275 0.124 0.124
0.1185 0.1135 0.1135 0.098 0.098 0.098 0.097 0.097 0.0965 0.0965 0.0995 0.0995 0.102 0.102 0.102 0.1005 0.1005 0.09450001 0.09450001 0.1005 0.1005 0.1005 0.1135 0.1135 0.1055 0.1055 0.108 0.108 0.108 0.132 0.132 0.113 0.113 0.0985 0.0985 0.0985 0.09649999 0.09649999 0.089 0.089 0.08499999 0.08499999 0.08499999 0.1165 0.1165 0.103 0.103 0.123 0.123 0.0935 0.0935 0.0935 0.09649999 0.09649999 0.119 0.119 0.109 0.109 0.109 0.108 0.108 0.1185 0.1185 0.1155 0.1155 0.1155 0.133 0.133 0.1255 0.1255 0.119 0.119 0.119 0.1215 0.1215 0.131 0.131
0.1185 0.1135 0.1135 0.098 0.098 0.098 0.097 0.097 0.0965 0.0965 0.0995 0.0995 0.102 0.102 0.102 0.1005 0.1005 0.09450001 0.09450001 0.1005 0.1005 0.1005 0.1135 0.1135 0.1055 0.1055 0.108 0.108 0.108 0.132 0.132 0.113 0.113 0.0985 0.0985 0.0985 0.09649999 0.09649999 0.089 0.089 0.08499999 0.08499999 0.08499999 0.1165 0.1165 0.103 0.103 0.123 0.123 0.0935 0.0935 0.0935 0.09649999 0.09649999 0.119 0.119 0.109 0.109 0.109 0.108 0.108 0.1185 0.1185 0.1155 0.1155 0.1155 0.133 0.133 0.1255 0.1255 0.119 0.119 0.119 0.1215 0.1215 0.131 0.131
0.1185 0.1135 0.1135 0.098 0.098 0.098 0.097 0.097 0.0965 0.0965 0.0995 0.0995 0.102 0.102 0.102 0.1005 0.1005 0.09450001 0.09450001 0.1005 0.1005 0.1005 0.1135 0.1135 0.1055 0.1055 0.108 0.108 0.108 0.132 0.132 0.113 0.113 0.0985 0.0985 0.0985 0.09649999 0.09649999 0.089 0.089 0.08499999 0.08499999 0.08499999 0.1165 0.1165 0.103 0.103 0.123 0.123 0.0935 0.0935 0.0935 0.09649999 0.09649999 0.119 0.119 0.109 0.109 0.109 0.108 0.108 0.1185 0.1185 0.1155 0.1155 0.1155 0.133 0.133 0.1255 0.1255 0.119 0.119 0.119 0.1215 0.1215 0.131 0.131
0.113 0.0845 0.0845 0.0865 0.0865 0.0865 0.1095 0.1095 0.0665 0.0665 0.082 0.082 0.087 0.087 0.087 0.082 0.082 0.1045 0.1045 0.105 0.105 0.105 0.088 0.088 0.1045 0.1045 0.1015 0.1015 0.1015 0.1175 0.1175 0.1205 0.1205 0.122 0.122 0.122 0.1015 0.1015 0.132 0.132 0.103 0.103 0.103 0.1 0.1 0.106 0.106 0.106 0.106 0.1055 0.1055 0.1055 0.1015 0.1015 0.101 0.101 0.1025 0.1025 0.1025 0.109 0.109 0.1175 0.1175 0.109 0.109 0.109 0.1025 0.1025 0.1225 0.1225 0.1265 0.1265 0.1265 0.1225 0.1225 0.1205 0.1205
0.113 0.0845 0.0845 0.0865 0.0865 0.0865 0.1095 0.1095 0.0665 0.0665 0.082 0.082 0.087 0.087 0.087 0.082 0.082 0.1045 0.1045 0.105 0.105 0.105 0.088 0.088 0.1045 0.1045 0.1015 0.1015 0.1015 0.1175 0.1175 0.1205 0.1205 0.122 0.122 0.122 0.1015 0.1015 0.132 0.132 0.103 0.103 0.103 0.1 0.1 0.106 0.106 0.106 0.106 0.1055 0.1055 0.1055 0.1015 0.1015 0.101 0.101 0.1025 0.1025 0.1025 0.109 0.109 0.1175 0.1175 0.109 0.109 0.109 0.1025 0.1025 0.1225 0.1225 0.1265 0.1265 0.1265 0.1225 0.1225 0.1205 0.1205
0.072 0.0705 0.0705 0.116 0.116 0.116 0.112 0.112 0.122 0.122 0.123 0.123 0.1025 0.1025 0.1025 0.1105 0.1105 0.134 0.134 0.1285 0.1285 0.1285 0.126 0.126 0.1115 0.1115 0.113 0.113 0.113 0.1165 0.1165 0.1165 0.1165 0.108 0.108 0.108 0.1185 0.1185 0.1015 0.1015 0.1125 0.1125 0.1125 0.113 0.113 0.1145 0.1145 0.113 0.113 0.1205 0.1205 0.1205 0.092 0.092 0.1085 0.1085 0.116 0.116 0.116 0.1135 0.1135 0.12 0.12 0.113 0.113 0.113 0.1015 0.1015 0.124 0.124 0.132 0.132 0.132 0.106 0.106 0.1025 0.1025
0.072 0.0705 0.0705 0.116 0.116 0.116 0.112 0.112 0.122 0.122 0.123 0.123 0.1025 0.1025 0.1025 0.1105 0.1105 0.134 0.134 0.1285 0.1285 0.1285 0.126 0.126 0.1115 0.1115 0.113 0.113 0.113 0.1165 0.1165 0.1165 0.1165 0.108 0.108 0.108 0.1185 0.1185 0.1015 0.1015 0.1125 0.1125 0.1125 0.113 0.113 0.1145 0.1145 0.113 0.113 0.1205 0.1205 0.1205 0.092 0.092 0.1085 0.1085 0.116 0.116 0.116 0.1135 0.1135 0.12 0.12 0.113 0.113 0.113 0.1015 0.1015 0.124 0.124 0.132 0.132 0.132 0.106 0.106 0.1025 0.1025
0.0655 0.067 0.067 0.099 0.099 0.099 0.1225 0.1225 0.1215 0.1215 0.103 0.103 0.1135 0.1135 0.1135 0.1265 0.1265 0.116 0.116 0.1165 0.1165 0.1165 0.1175 0.1175 0.1295 0.1295 0.1275 0.1275 0.1275 0.1145 0.1145 0.117 0.117 0.117 0.117 0.117 0.118 0.118 0.1115 0.1115 0.1215 0.1215 0.1215 0.115 0.115 0.1095 0.1095 0.112 0.112 0.114 0.114 0.114 0.1025 0.1025 0.1195 0.1195 0.1185 0.1185 0.1185 0.114 0.114 0.1175 0.1175 0.104 0.104 0.104 0.113 0.113 0.0975 0.0975 0.13 0.13 0.13 0.1015 0.1015 0.0985 0.0985
0.0655 0.067 0.067 0.099 0.099 0.099 0.1225 0.1225 0.1215 0.1215 0.103 0.103 0.1135 0.1135 0.1135 0.1265 0.1265 0.116 0.116 0.1165 0.1165 0.1165 0.1175 0.1175 0.1295 0.1295 0.1275 0.1275 0.1275 0.1145 0.1145 0.117 0.117 0.117 0.117 0.117 0.118 0.118 0.1115 0.1115 0.1215 0.1215 0.1215 0.115 0.115 0.1095 0.1095 0.112 0.112 0.114 0.114 0.114 0.1025 0.1025 0.1195 0.1195 0.1185 0.1185 0.1185 0.114 0.114 0.1175 0.1175 0.104 0.104 0.104 0.113 0.113 0.0975 0.0975 0.13 0.13 0.13 0.1015 0.1015 0.0985 0.0985
0.0655 0.067 0.067 0.099 0.099 0.099 0.1225 0.1225 0.1215 0.1215 0.103 0.103 0.1135 0.1135 0.1135 0.1265 0.1265 0.116 0.116 0.1165 0.1165 0.1165 0.1175 0.1175 0.1295 0.1295 0.1275 0.1275 0.1275 0.1145 0.1145 0.117 0.117 0.117 0.117 0.117 0.118 0.118 0.1115 0.1115 0.1215 0.1215 0.1215 0.115 0.115 0.1095 0.1095 0.112 0.112 0.114 0.114 0.114 0.1025 0.1025 0.1195 0.1195 0.1185 0.1185 0.1185 0.114 0.114 0.1175 0.1175 0.104 0.104 0.104 0.113 0.113 0.0975 0.0975 0.13 0.13 0.13 0.1015 0.1015 0.0985 0.0985
0.0775 0.068 0.068 0.115 0.115 0.115 0.1345 0.1345 0.119 0.119 0.11 0.11 0.1155 0.1155 0.1155 0.1155 0.1155 0.117 0.117 0.125 0.125 0.125 0.1205 0.1205 0.1305 0.1305 0.1355 0.1355 0.1355 0.136 0.136 0.1125 0.1125 0.1105 0.1105 0.1105 0.1255 0.1255 0.13 0.13 0.11 0.11 0.11 0.113 0.113 0.1165 0.1165 0.095 0.095 0.106 0.106 0.106 0.0935 0.0935 0.1115 0.1115 0.109 0.109 0.109 0.121 0.121 0.1055 0.1055 0.1125 0.1125 0.1125 0.09999999 0.09999999 0.0955 0.0955 0.0985 0.0985 0.0985 0.1035 0.1035 0.103 0.103
0.0775 0.068 0.068 0.115 0.115 0.115 0.1345 0.1345 0.119 0.119 0.11 0.11 0.1155 0.1155 0.1155 0.1155 0.1155 0.117 0.117 0.125 0.125 0.125 0.1205 0.1205 0.1305 0.1305 0.1355 0.1355 0.1355 0.136 0.136 0.1125 0.1125 0.1105 0.1105 0.1105 0.1255 0.1255 0.13 0.13 0.11 0.11 0.11 0.113 0.113 0.1165 0.1165 0.095 0.095 0.106 0.106 0.106 0.0935 0.0935 0.1115 0.1115 0.109 0.109 0.109 0.121 0.121 0.1055 0.1055 0.1125 0.1125 0.1125 0.09999999 0.09999999 0.0955 0.0955 0.0985 0.0985 0.0985 0.1035 0.1035 0.103 0.103
0.1015 0.0635 0.0635 0.114 0.114 0.114 0.1375 0.1375 0.1315 0.1315 0.1335 0.1335 0.1055 0.1055 0.1055 0.1215 0.1215 0.113 0.113 0.133 0.133 0.133 0.1395 0.1395 0.1495 0.1495 0.155 0.155 0.155 0.1525 0.1525 0.1325 0.1325 0.132 0.132 0.132 0.143 0.143 0.132 0.132 0.125 0.125 0.125 0.109 0.109 0.109 0.109 0.1155 0.1155 0.11 0.11 0.11 0.107 0.107 0.1145 0.1145 0.1235 0.1235 0.1235 0.12 0.12 0.117 0.117 0.1125 0.1125 0.1125 0.1035 0.1035 0.1145 0.1145 0.106 0.106 0.106 0.117 0.117 0.113 0.113
0.1015 0.0635 0.0635 0.114 0.114 0.114 0.1375 0.1375 0.1315 0.1315 0.1335 0.1335 0.1055 0.1055 0.1055 0.1215 0.1215 0.113 0.113 0.133 0.133 0.133 0.1395 0.1395 0.1495 0.1495 0.155 0.155 0.155 0.1525 0.1525 0.1325 0.1325 0.132 0.132 0.132 0.143 0.143 0.132 0.132 0.125 0.125 0.125 0.109 0.109 0.109 0.109 0.1155 0.1155 0.11 0.11 0.11 0.107 0.107 0.1145 0.1145 0.1235 0.1235 0.1235 0.12 0.12 0.117 0.117 0.1125 0.1125 0.1125 0.1035 0.1035 0.1145 0.1145 0.106 0.106 0.106 0.117 0.117 0.113 0.113
0.09999999 0.0695 0.0695 0.116 0.116 0.116 0.1025 0.1025 0.12 0.12 0.1235 0.1235 0.135 0.135 0.135 0.127 0.127 0.127 0.127 0.144 0.144 0.144 0.1645 0.1645 0.172 0.172 0.153 0.153 0.153 0.161 0.161 0.1445 0.1445 0.136 0.136 0.136 0.136 0.136 0.124 0.124 0.127 0.127 0.127 0.1175 0.1175 0.117 0.117 0.116 0.116 0.1235 0.1235 0.1235 0.0965 0.0965 0.108 0.108 0.1075 0.1075 0.1075 0.113 0.113 0.122 0.122 0.1065 0.1065 0.1065 0.107 0.107 0.114 0.114 0.12 0.12 0.12 0.125 0.125 0.119 0.119
0.09999999 0.0695 0.0695 0.116 0.116 0.116 0.1025 0.1025 0.12 0.12 0.1235 0.1235 0.135 0.135 0.135 0.127 0.127 0.127 0.127 0.144 0.144 0.144 0.1645 0.1645 0.172 0.172 0.153 0.153 0.153 0.161 0.161 0.1445 0.1445 0.136 0.136 0.136 0.136 0.136 0.124 0.124 0.127 0.127 0.127 0.1175 0.1175 0.117 0.117 0.116 0.116 0.1235 0.1235 0.1235 0.0965 0.0965 0.108 0.108 0.1075 0.1075 0.1075 0.113 0.113 0.122 0.122 0.1065 0.1065 0.1065 0.107 0.107 0.114 0.114 0.12 0.12 0.12 0.125 0.125 0.119 0.119
0.0925 0.0735 0.0735 0.074 0.074 0.074 0.111 0.111 0.1125 0.1125 0.099 0.099 0.106 0.106 0.106 0.123 0.123 0.149 0.149 0.15 0.15 0.15 0.1485 0.1485 0.1545 0.1545 0.1505 0.1505 0.1505 0.151 0.151 0.1365 0.1365 0.131 0.131 0.131 0.138 0.138 0.131 0.131 0.13 0.13 0.13 0.116 0.116 0.121 0.121 0.105 0.105 0.114 0.114 0.114 0.1 0.1 0.095 0.095 0.09649999 0.09649999 0.09649999 0.107 0.107 0.117 0.117 0.1145 0.1145 0.1145 0.1185 0.1185 0.114 0.114 0.115 0.115 0.115 0.113 0.113 0.1165 0.1165
0.0925 0.0735 0.0735 0.074 0.074 0.074 0.111 0.111 0.1125 0.1125 0.099 0.099 0.106 0.106 0.106 0.123 0.123 0.149 0.149 0.15 0.15 0.15 0.1485 0.1485 0.1545 0.1545 0.1505 0.1505 0.1505 0.151 0.151 0.1365 0.1365 0.131 0.131 0.131 0.138 0.138 0.131 0.131 0.13 0.13 0.13 0.116 0.116 0.121 0.121 0.105 0.105 0.114 0.114 0.114 0.1 0.1 0.095 0.095 0.09649999 0.09649999 0.09649999 0.107 0.107 0.117 0.117 0.1145 0.1145 0.1145 0.1185 0.1185 0.114 0.114 0.115 0.115 0.115 0.113 0.113 0.1165 0.1165
0.0925 0.0735 0.0735 0.074 0.074 0.074 0.111 0.111 0.1125 0.1125 0.099 0.099 0.106 0.106 0.106 0.123 0.123 0.149 0.149 0.15 0.15 0.15 0.1485 0.1485 0.1545 0.1545 0.1505 0.1505 0.1505 0.151 0.151 0.1365 0.1365 0.131 0.131 0.131 0.138 0.138 0.131 0.131 0.13 0.13 0.13 0.116 0.116 0.121 0.121 0.105 0.105 0.114 0.114 0.114 0.1 0.1 0.095 0.095 0.09649999 0.09649999 0.09649999 0.107 0.107 0.117 0.117 0.1145 0.1145 0.1145 0.1185 0.1185 0.114 0.114 0.115 0.115 0.115 0.113 0.113 0.1165 0.1165
0.0305 0.0635 0.0635 0.0715 0.0715 0.0715 0.085 0.085 0.1105 0.1105 0.116 0.116 0.107 0.107 0.107 0.13 0.13 0.1715 0.1715 0.161 0.161 0.161 0.166 0.166 0.162 0.162 0.134 0.134 0.134 0.1315 0.1315 0.1395 0.1395 0.138 0.138 0.138 0.1535 0.1535 0.146 0.146 0.1215 0.1215 0.1215 0.101 0.101 0.088 0.088 0.1015 0.1015 0.079 0.079 0.079 0.086 0.086 0.0625 0.0625 0.072 0.072 0.072 0.102 0.102 0.109 0.109 0.0985 0.0985 0.0985 0.1205 0.1205 0.11 0.11 0.119 0.119 0.119 0.109 0.109 0.113 0.113
0.0305 0.0635 0.0635 0.0715 0.0715 0.0715 0.085 0.085 0.1105 0.1105 0.116 0.116 0.107 0.107 0.107 0.13 0.13 0.1715 0.1715 0.161 0.161 0.161 0.166 0.166 0.162 0.162 0.134 0.134 0.134 0.1315 0.1315 0.1395 0.1395 0.138 0.138 0.138 0.1535 0.1535 0.146 0.146 0.1215 0.1215 0.1215 0.101 0.101 0.088 0.088 0.1015 0.1015 0.079 0.079 0.079 0.086 0.086 0.0625 0.0625 0.072 0.072 0.072 0.102 0.102 0.109 0.109 0.0985 0.0985 0.0985 0.1205 0.1205 0.11 0.11 0.119 0.119 0.119 0.109 0.109 0.113 0.113
0.09 0.088 0.088 0.089 0.089 0.089 0.0695 0.0695 0.0875 0.0875 0.1045 0.1045 0.1335 0.1335 0.1335 0.1695 0.1695 0.181 0.181 0.1675 0.1675 0.1675 0.162 0.162 0.1625 0.1625 0.136 0.136 0.136 0.133 0.133 0.138 0.138 0.143 0.143 0.143 0.145 0.145 0.1405 0.1405 0.133 0.133 0.133 0.116 0.116 0.09 0.09 0.08 0.08 0.09450001 0.09450001 0.09450001 0.102 0.102 0.107 0.107 0.1115 0.1115 0.1115 0.114 0.114 0.1115 0.1115 0.1175 0.1175 0.1175 0.1225 0.1225 0.0995 0.0995 0.1005 0.1005 0.1005 0.08750001 0.08750001 0.096 0.096
0.09 0.088 0.088 0.089 0.089 0.089 0.0695 0.0695 0.0875 0.0875 0.1045 0.1045 0.1335 0.1335 0.1335 0.1695 0.1695 0.181 0.181 0.1675 0.1675 0.1675 0.162 0.162 0.1625 0.1625 0.136 0.136 0.136 0.133 0.133 0.138 0.138 0.143 0.143 0.143 0.145 0.145 0.1405 0.1405 0.133 0.133 0.133 0.116 0.116 0.09 0.09 0.08 0.08 0.09450001 0.09450001 0.09450001 0.102 0.102 0.107 0.107 0.1115 0.1115 0.1115 0.114 0.114 0.1115 0.1115 0.1175 0.1175 0.1175 0.1225 0.1225 0.0995 0.0995 0.1005 0.1005 0.1005 0.08750001 0.08750001 0.096 0.096
0.0915 0.0865 0.0865 0.086 0.086 0.086 0.047 0.047 0.0965 0.0965 0.123 0.123 0.144 0.144 0.144 0.169 0.169 0.164 0.164 0.168 0.168 0.168 0.1675 0.1675 0.169 0.169 0.1325 0.1325 0.1325 0.1255 0.1255 0.143 0.143 0.134 0.134 0.134 0.1425 0.1425 0.14 0.14 0.1315 0.1315 0.1315 0.131 0.131 0.1225 0.1225 0.125 0.125 0.119 0.119 0.119 0.1445 0.1445 0.15 0.15 0.1235 0.1235 0.1235 0.0955 0.0955 0.118 0.118 0.1325 0.1325 0.1325 0.1125 0.1125 0.1195 0.1195 0.1145 0.1145 0.1145 0.1075 0.1075 0.1085 0.1085
0.0915 0.0865 0.0865 0.086 0.086 0.086 0.047 0.047 0.0965 0.0965 0.123 0.123 0.144 0.144 0.144 0.169 0.169 0.164 0.164 0.168 0.168 0.168 0.1675 0.1675 0.169 0.169 0.1325 0.1325 0.1325 0.1255 0.1255 0.143 0.143 0.134 0.134 0.134 0.1425 0.1425 0.14 0.14 0.1315 0.1315 0.1315 0.131 0.131 0.1225 0.1225 0.125 0.125 0.119 0.119 0.119 0.1445 0.1445 0.15 0.15 0.1235 0.1235 0.1235 0.0955 0.0955 0.118 0.118 0.1325 0.1325 0.1325 0.1125 0.1125 0.1195 0.1195 0.1145 0.1145 0.1145 0.1075 0.1075 0.1085 0.1085
0.0915 0.0865 0.0865 0.086 0.086 0.086 0.047 0.047 0.0965 0.0965 0.123 0.123 0.144 0.144 0.144 0.169 0.169 0.164 0.164 0.168 0.168 0.168 0.1675 0.1675 0.169 0.169 0.1325 0.1325 0.1325 0.1255 0.1255 0.143 0.143 0.134 0.134 0.134 0.1425 0.1425 0.14 0.14 0.1315 0.1315 0.1315 0.131 0.131 0.1225 0.1225 0.125 0.125 0.119 0.119 0.119 0.1445 0.1445 0.15 0.15 0.1235 0.1235 0.1235 0.0955 0.0955 0.118 0.118 0.1325 0.1325 0.1325 0.1125 0.1125 0.1195 0.1195 0.1145 0.1145 0.1145 0.1075 0.1075 0.1085 0.1085
0.0905 0.099 0.099 0.09299999 0.09299999 0.09299999 0.0975 0.0975 0.116 0.116 0.1205 0.1205 0.134 0.134 0.134 0.1635 0.1635 0.182 0.182 0.1665 0.1665 0.1665 0.1655 0.1655 0.139 0.139 0.1485 0.1485 0.1485 0.1385 0.1385 0.1545 0.1545 0.155 0.155 0.155 0.151 0.151 0.14 0.14 0.14 0.14 0.14 0.1465 0.1465 0.1165 0.1165 0.1295 0.1295 0.14 0.14 0.14 0.1255 0.1255 0.158 0.158 0.1525 0.1525 0.1525 0.154 0.154 0.1575 0.1575 0.1495 0.1495 0.1495 0.137 0.137 0.1335 0.1335 0.145 0.145 0.145 0.14 0.14 0.1515 0.1515
