ndvi/NOAA-374.asc
ncols         252
nrows         154
xllcorner     -18.017974
yllcorner     13.481982
cellsize      0.035948
NODATA_value  -9999
[rows 0 to 33 of 154, columns 154 to 230 of 252]
0.103 0.1035 0.1035 0.109 0.109 0.109 0.113 0.113 0.116 0.116 0.114 0.114 0.116 0.116 0.116 0.1155 0.1155 0.116 0.116 0.117 0.117 0.117 0.12 0.12 0.1215 0.1215 0.1185 0.1185 0.1185 0.12 0.12 0.117 0.117 0.1185 0.1185 0.1185 0.1215 0.1215 0.117 0.117 0.119 0.119 0.119 0.122 0.122 0.1165 0.1165 0.1185 0.1185 0.1195 0.1195 0.1195 0.12 0.12 0.1175 0.1175 0.1165 0.1165 0.1165 0.1165 0.1165 0.1145 0.1145 0.115 0.115 0.115 0.1155 0.1155 0.109 0.109 0.11 0.11 0.11 0.1105 0.1105 0.1025 0.1025
0.103 0.1035 0.1035 0.109 0.109 0.109 0.113 0.113 0.116 0.116 0.114 0.114 0.116 0.116 0.116 0.1155 0.1155 0.116 0.116 0.117 0.117 0.117 0.12 0.12 0.1215 0.1215 0.1185 0.1185 0.1185 0.12 0.12 0.117 0.117 0.1185 0.1185 0.1185 0.1215 0.1215 0.117 0.117 0.119 0.119 0.119 0.122 0.122 0.1165 0.1165 0.1185 0.1185 0.1195 0.1195 0.1195 0.12 0.12 0.1175 0.1175 0.1165 0.1165 0.1165 0.1165 0.1165 0.1145 0.1145 0.115 0.115 0.115 0.1155 0.1155 0.109 0.109 0.11 0.11 0.11 0.1105 0.1105 0.1025 0.1025
0.1075 0.1085 0.1085 0.1105 0.1105 0.1105 0.1165 0.1165 0.1175 0.1175 0.118 0.118 0.1185 0.1185 0.1185 0.122 0.122 0.127 0.127 0.121 0.121 0.121 0.1195 0.1195 0.122 0.122 0.1255 0.1255 0.1255 0.1235 0.1235 0.1255 0.1255 0.1265 0.1265 0.1265 0.1285 0.1285 0.1315 0.1315 0.1325 0.1325 0.1325 0.1425 0.1425 0.1325 0.1325 0.1295 0.1295 0.1295 0.1295 0.1295 0.1305 0.1305 0.1305 0.1305 0.131 0.131 0.131 0.13 0.13 0.122 0.122 0.1145 0.1145 0.1145 0.1155 0.1155 0.1125 0.1125 0.1135 0.1135 0.1135 0.112 0.112 0.1065 0.1065
0.1075 0.1085 0.1085 0.1105 0.1105 0.1105 0.1165 0.1165 0.1175 0.1175 0.118 0.118 0.1185 0.1185 0.1185 0.122 0.122 0.127 0.127 0.121 0.121 0.121 0.1195 0.1195 0.122 0.122 0.1255 0.1255 0.1255 0.1235 0.1235 0.1255 0.1255 0.1265 0.1265 0.1265 0.1285 0.1285 0.1315 0.1315 0.1325 0.1325 0.1325 0.1425 0.1425 0.1325 0.1325 0.1295 0.1295 0.1295 0.1295 0.1295 0.1305 0.1305 0.1305 0.1305 0.131 0.131 0.131 0.13 0.13 0.122 0.122 0.1145 0.1145 0.1145 0.1155 0.1155 0.1125 0.1125 0.1135 0.1135 0.1135 0.112 0.112 0.1065 0.1065
0.1075 0.1085 0.1085 0.1105 0.1105 0.1105 0.1165 0.1165 0.1175 0.1175 0.118 0.118 0.1185 0.1185 0.1185 0.122 0.122 0.127 0.127 0.121 0.121 0.121 0.1195 0.1195 0.122 0.122 0.1255 0.1255 0.1255 0.1235 0.1235 0.1255 0.1255 0.1265 0.1265 0.1265 0.1285 0.1285 0.1315 0.1315 0.1325 0.1325 0.1325 0.1425 0.1425 0.1325 0.1325 0.1295 0.1295 0.1295 0.1295 0.1295 0.1305 0.1305 0.1305 0.1305 0.131 0.131 0.131 0.13 0.13 0.122 0.122 0.1145 0.1145 0.1145 0.1155 0.1155 0.1125 0.1125 0.1135 0.1135 0.1135 0.112 0.112 0.1065 0.1065
0.1155 0.1155 0.1155 0.1225 0.1225 0.1225 0.1245 0.1245 0.1305 0.1305 0.1285 0.1285 0.126 0.126 0.126 0.13 0.13 0.124 0.124 0.1255 0.1255 0.1255 0.13 0.13 0.1335 0.1335 0.1355 0.1355 0.1355 0.138 0.138 0.143 0.143 0.149 0.149 0.149 0.1465 0.1465 0.1335 0.1335 0.1385 0.1385 0.1385 0.1335 0.1335 0.1315 0.1315 0.135 0.135 0.1375 0.1375 0.1375 0.1325 0.1325 0.1295 0.1295 0.133 0.133 0.133 0.1255 0.1255 0.1215 0.1215 0.123 0.123 0.123 0.117 0.117 0.1165 0.1165 0.1125 0.1125 0.1125 0.1135 0.1135 0.113 0.113
0.1155 0.1155 0.1155 0.1225 0.1225 0.1225 0.1245 0.1245 0.1305 0.1305 0.1285 0.1285 0.126 0.126 0.126 0.13 0.13 0.124 0.124 0.1255 0.1255 0.1255 0.13 0.13 0.1335 0.1335 0.1355 0.1355 0.1355 0.138 0.138 0.143 0.143 0.149 0.149 0.149 0.1465 0.1465 0.1335 0.1335 0.1385 0.1385 0.1385 0.1335 0.1335 0.1315 0.1315 0.135 0.135 0.1375 0.1375 0.1375 0.1325 0.1325 0.1295 0.1295 0.133 0.133 0.133 0.1255 0.1255 0.1215 0.1215 0.123 0.123 0.123 0.117 0.117 0.1165 0.1165 0.1125 0.1125 0.1125 0.1135 0.1135 0.113 0.113
0.1165 0.121 0.121 0.128 0.128 0.128 0.132 0.132 0.132 0.132 0.134 0.134 0.1295 0.1295 0.1295 0.1295 0.1295 0.129 0.129 0.1315 0.1315 0.1315 0.1295 0.1295 0.133 0.133 0.136 0.136 0.136 0.1365 0.1365 0.1375 0.1375 0.14 0.14 0.14 0.1345 0.1345 0.1305 0.1305 0.13 0.13 0.13 0.1335 0.1335 0.1305 0.1305 0.1415 0.1415 0.133 0.133 0.133 0.1275 0.1275 0.1275 0.1275 0.126 0.126 0.126 0.1225 0.1225 0.122 0.122 0.1205 0.1205 0.1205 0.12 0.12 0.118 0.118 0.1165 0.1165 0.1165 0.116 0.116 0.1175 0.1175
0.1165 0.121 0.121 0.128 0.128 0.128 0.132 0.132 0.132 0.132 0.134 0.134 0.1295 0.1295 0.1295 0.1295 0.1295 0.129 0.129 0.1315 0.1315 0.1315 0.1295 0.1295 0.133 0.133 0.136 0.136 0.136 0.1365 0.1365 0.1375 0.1375 0.14 0.14 0.14 0.1345 0.1345 0.1305 0.1305 0.13 0.13 0.13 0.1335 0.1335 0.1305 0.1305 0.1415 0.1415 0.133 0.133 0.133 0.1275 0.1275 0.1275 0.1275 0.126 0.126 0.126 0.1225 0.1225 0.122 0.122 0.1205 0.1205 0.1205 0.12 0.12 0.118 0.118 0.1165 0.1165 0.1165 0.116 0.116 0.1175 0.1175
0.124 0.1325 0.1325 0.13 0.13 0.13 0.133 0.133 0.1335 0.1335 0.1325 0.1325 0.1335 0.1335 0.1335 0.1345 0.1345 0.14 0.14 0.135 0.135 0.135 0.131 0.131 0.1295 0.1295 0.1335 0.1335 0.1335 0.132 0.132 0.1365 0.1365 0.1355 0.1355 0.1355 0.132 0.132 0.124 0.124 0.12 0.12 0.12 0.127 0.127 0.1295 0.1295 0.138 0.138 0.133 0.133 0.133 0.129 0.129 0.1245 0.1245 0.1225 0.1225 0.1225 0.119 0.119 0.1195 0.1195 0.122 0.122 0.122 0.118 0.118 0.1185 0.1185 0.118 0.118 0.118 0.117 0.117 0.118 0.118
0.124 0.1325 0.1325 0.13 0.13 0.13 0.133 0.133 0.1335 0.1335 0.1325 0.1325 0.1335 0.1335 0.1335 0.1345 0.1345 0.14 0.14 0.135 0.135 0.135 0.131 0.131 0.1295 0.1295 0.1335 0.1335 0.1335 0.132 0.132 0.1365 0.1365 0.1355 0.1355 0.1355 0.132 0.132 0.124 0.124 0.12 0.12 0.12 0.127 0.127 0.1295 0.1295 0.138 0.138 0.133 0.133 0.133 0.129 0.129 0.1245 0.1245 0.1225 0.1225 0.1225 0.119 0.119 0.1195 0.1195 0.122 0.122 0.122 0.118 0.118 0.1185 0.1185 0.118 0.118 0.118 0.117 0.117 0.118 0.118
0.135 0.133 0.133 0.135 0.135 0.135 0.1275 0.1275 0.1395 0.1395 0.133 0.133 0.136 0.136 0.136 0.139 0.139 0.1425 0.1425 0.1325 0.1325 0.1325 0.13 0.13 0.134 0.134 0.136 0.136 0.136 0.1335 0.1335 0.137 0.137 0.1305 0.1305 0.1305 0.1335 0.1335 0.121 0.121 0.1225 0.1225 0.1225 0.121 0.121 0.1275 0.1275 0.1445 0.1445 0.1285 0.1285 0.1285 0.129 0.129 0.1275 0.1275 0.1255 0.1255 0.1255 0.121 0.121 0.119 0.119 0.108 0.108 0.108 0.1075 0.1075 0.107 0.107 0.109 0.109 0.109 0.11 0.11 0.114 0.114
0.135 0.133 0.133 0.135 0.135 0.135 0.1275 0.1275 0.1395 0.1395 0.133 0.133 0.136 0.136 0.136 0.139 0.139 0.1425 0.1425 0.1325 0.1325 0.1325 0.13 0.13 0.134 0.134 0.136 0.136 0.136 0.1335 0.1335 0.137 0.137 0.1305 0.1305 0.1305 0.1335 0.1335 0.121 0.121 0.1225 0.1225 0.1225 0.121 0.121 0.1275 0.1275 0.1445 0.1445 0.1285 0.1285 0.1285 0.129 0.129 0.1275 0.1275 0.1255 0.1255 0.1255 0.121 0.121 0.119 0.119 0.108 0.108 0.108 0.1075 0.1075 0.107 0.107 0.109 0.109 0.109 0.11 0.11 0.114 0.114
0.135 0.133 0.133 0.135 0.135 0.135 0.1275 0.1275 0.1395 0.1395 0.133 0.133 0.136 0.136 0.136 0.139 0.139 0.1425 0.1425 0.1325 0.1325 0.1325 0.13 0.13 0.134 0.134 0.136 0.136 0.136 0.1335 0.1335 0.137 0.137 0.1305 0.1305 0.1305 0.1335 0.1335 0.121 0.121 0.1225 0.1225 0.1225 0.121 0.121 0.1275 0.1275 0.1445 0.1445 0.1285 0.1285 0.1285 0.129 0.129 0.1275 0.1275 0.1255 0.1255 0.1255 0.121 0.121 0.119 0.119 0.108 0.108 0.108 0.1075 0.1075 0.107 0.107 0.109 0.109 0.109 0.11 0.11 0.114 0.114
0.137 0.142 0.142 0.1355 0.1355 0.1355 0.137 0.137 0.1455 0.1455 0.137 0.137 0.1385 0.1385 0.1385 0.1445 0.1445 0.136 0.136 0.1425 0.1425 0.1425 0.1255 0.1255 0.126 0.126 0.133 0.133 0.133 0.134 0.134 0.131 0.131 0.126 0.126 0.126 0.1315 0.1315 0.1275 0.1275 0.121 0.121 0.121 0.1275 0.1275 0.1265 0.1265 0.134 0.134 0.117 0.117 0.117 0.116 0.116 0.133 0.133 0.125 0.125 0.125 0.115 0.115 0.1085 0.1085 0.1045 0.1045 0.1045 0.101 0.101 0.1 0.1 0.102 0.102 0.102 0.1015 0.1015 0.1135 0.1135
0.137 0.142 0.142 0.1355 0.1355 0.1355 0.137 0.137 0.1455 0.1455 0.137 0.137 0.1385 0.1385 0.1385 0.1445 0.1445 0.136 0.136 0.1425 0.1425 0.1425 0.1255 0.1255 0.126 0.126 0.133 0.133 0.133 0.134 0.134 0.131 0.131 0.126 0.126 0.126 0.1315 0.1315 0.1275 0.1275 0.121 0.121 0.121 0.1275 0.1275 0.1265 0.1265 0.134 0.134 0.117 0.117 0.117 0.116 0.116 0.133 0.133 0.125 0.125 0.125 0.115 0.115 0.1085 0.1085 0.1045 0.1045 0.1045 0.101 0.101 0.1 0.1 0.102 0.102 0.102 0.1015 0.1015 0.1135 0.1135
0.1415 0.1355 0.1355 0.1375 0.1375 0.1375 0.1375 0.1375 0.142 0.142 0.1495 0.1495 0.136 0.136 0.136 0.144 0.144 0.138 0.138 0.137 0.137 0.137 0.1345 0.1345 0.1325 0.1325 0.128 0.128 0.128 0.1255 0.1255 0.128 0.128 0.122 0.122 0.122 0.1285 0.1285 0.1195 0.1195 0.124 0.124 0.124 0.1095 0.1095 0.0995 0.0995 0.079 0.079 0.099 0.099 0.099 0.0995 0.0995 0.107 0.107 0.109 0.109 0.109 0.109 0.109 0.107 0.107 0.1015 0.1015 0.1015 0.0995 0.0995 0.09999999 0.09999999 0.1025 0.1025 0.1025 0.104 0.104 0.115 0.115
0.1415 0.1355 0.1355 0.1375 0.1375 0.1375 0.1375 0.1375 0.142 0.142 0.1495 0.1495 0.136 0.136 0.136 0.144 0.144 0.138 0.138 0.137 0.137 0.137 0.1345 0.1345 0.1325 0.1325 0.128 0.128 0.128 0.1255 0.1255 0.128 0.128 0.122 0.122 0.122 0.1285 0.1285 0.1195 0.1195 0.124 0.124 0.124 0.1095 0.1095 0.0995 0.0995 0.079 0.079 0.099 0.099 0.099 0.0995 0.0995 0.107 0.107 0.109 0.109 0.109 0.109 0.109 0.107 0.107 0.1015 0.1015 0.1015 0.0995 0.0995 0.09999999 0.09999999 0.1025 0.1025 0.1025 0.104 0.104 0.115 0.115
0.157 0.154 0.154 0.184 0.184 0.184 0.1375 0.1375 0.1225 0.1225 0.125 0.125 0.133 0.133 0.133 0.124 0.124 0.1315 0.1315 0.134 0.134 0.134 0.121 0.121 0.1195 0.1195 0.115 0.115 0.115 0.11 0.11 0.106 0.106 0.1135 0.1135 0.1135 0.1215 0.1215 0.1275 0.1275 0.127 0.127 0.127 0.1195 0.1195 0.1215 0.1215 0.1115 0.1115 0.1095 0.1095 0.1095 0.107 0.107 0.1035 0.1035 0.102 0.102 0.102 0.102 0.102 0.103 0.103 0.09999999 0.09999999 0.09999999 0.098 0.098 0.103 0.103 0.1055 0.1055 0.1055 0.1085 0.1085 0.11 0.11
0.157 0.154 0.154 0.184 0.184 0.184 0.1375 0.1375 0.1225 0.1225 0.125 0.125 0.133 0.133 0.133 0.124 0.124 0.1315 0.1315 0.134 0.134 0.134 0.121 0.121 0.1195 0.1195 0.115 0.115 0.115 0.11 0.11 0.106 0.106 0.1135 0.1135 0.1135 0.1215 0.1215 0.1275 0.1275 0.127 0.127 0.127 0.1195 0.1195 0.1215 0.1215 0.1115 0.1115 0.1095 0.1095 0.1095 0.107 0.107 0.1035 0.1035 0.102 0.102 0.102 0.102 0.102 0.103 0.103 0.09999999 0.09999999 0.09999999 0.098 0.098 0.103 0.103 0.1055 0.1055 0.1055 0.1085 0.1085 0.11 0.11
0.157 0.154 0.154 0.184 0.184 0.184 0.1375 0.1375 0.1225 0.1225 0.125 0.125 0.133 0.133 0.133 0.124 0.124 0.1315 0.1315 0.134 0.134 0.134 0.121 0.121 0.1195 0.1195 0.115 0.115 0.115 0.11 0.11 0.106 0.106 0.1135 0.1135 0.1135 0.1215 0.1215 0.1275 0.1275 0.127 0.127 0.127 0.1195 0.1195 0.1215 0.1215 0.1115 0.1115 0.1095 0.1095 0.1095 0.107 0.107 0.1035 0.1035 0.102 0.102 0.102 0.102 0.102 0.103 0.103 0.09999999 0.09999999 0.09999999 0.098 0.098 0.103 0.103 0.1055 0.1055 0.1055 0.1085 0.1085 0.11 0.11
0.164 0.1635 0.1635 0.1685 0.1685 0.1685 0.1355 0.1355 0.1305 0.1305 0.1245 0.1245 0.1305 0.1305 0.1305 0.147 0.147 0.1365 0.1365 0.1395 0.1395 0.1395 0.13 0.13 0.124 0.124 0.117 0.117 0.117 0.1165 0.1165 0.1085 0.1085 0.123 0.123 0.123 0.134 0.134 0.138 0.138 0.125 0.125 0.125 0.1235 0.1235 0.121 0.121 0.1165 0.1165 0.1145 0.1145 0.1145 0.107 0.107 0.106 0.106 0.1055 0.1055 0.1055 0.1065 0.1065 0.108 0.108 0.106 0.106 0.106 0.106 0.106 0.1065 0.1065 0.1075 0.1075 0.1075 0.109 0.109 0.107 0.107
0.164 0.1635 0.1635 0.1685 0.1685 0.1685 0.1355 0.1355 0.1305 0.1305 0.1245 0.1245 0.1305 0.1305 0.1305 0.147 0.147 0.1365 0.1365 0.1395 0.1395 0.1395 0.13 0.13 0.124 0.124 0.117 0.117 0.117 0.1165 0.1165 0.1085 0.1085 0.123 0.123 0.123 0.134 0.134 0.138 0.138 0.125 0.125 0.125 0.1235 0.1235 0.121 0.121 0.1165 0.1165 0.1145 0.1145 0.1145 0.107 0.107 0.106 0.106 0.1055 0.1055 0.1055 0.1065 0.1065 0.108 0.108 0.106 0.106 0.106 0.106 0.106 0.1065 0.1065 0.1075 0.1075 0.1075 0.109 0.109 0.107 0.107
0.1425 0.159 0.159 0.165 0.165 0.165 0.1565 0.1565 0.1405 0.1405 0.137 0.137 0.1525 0.1525 0.1525 0.131 0.131 0.1365 0.1365 0.154 0.154 0.154 0.1525 0.1525 0.1525 0.1525 0.149 0.149 0.149 0.135 0.135 0.145 0.145 0.151 0.151 0.151 0.1515 0.1515 0.1355 0.1355 0.1275 0.1275 0.1275 0.123 0.123 0.1165 0.1165 0.1225 0.1225 0.1125 0.1125 0.1125 0.11 0.11 0.1105 0.1105 0.107 0.107 0.107 0.113 0.113 0.113 0.113 0.1115 0.1115 0.1115 0.109 0.109 0.107 0.107 0.107 0.107 0.107 0.1085 0.1085 0.1035 0.1035
0.1425 0.159 0.159 0.165 0.165 0.165 0.1565 0.1565 0.1405 0.1405 0.137 0.137 0.1525 0.1525 0.1525 0.131 0.131 0.1365 0.1365 0.154 0.154 0.154 0.1525 0.1525 0.1525 0.1525 0.149 0.149 0.149 0.135 0.135 0.145 0.145 0.151 0.151 0.151 0.1515 0.1515 0.1355 0.1355 0.1275 0.1275 0.1275 0.123 0.123 0.1165 0.1165 0.1225 0.1225 0.1125 0.1125 0.1125 0.11 0.11 0.1105 0.1105 0.107 0.107 0.107 0.113 0.113 0.113 0.113 0.1115 0.1115 0.1115 0.109 0.109 0.107 0.107 0.107 0.107 0.107 0.1085 0.1085 0.1035 0.1035
0.1465 0.143 0.143 0.17 0.17 0.17 0.1885 0.1885 0.167 0.167 0.1385 0.1385 0.141 0.141 0.141 0.135 0.135 0.1395 0.1395 0.1415 0.1415 0.1415 0.145 0.145 0.143 0.143 0.14 0.14 0.14 0.1405 0.1405 0.146 0.146 0.1465 0.1465 0.1465 0.146 0.146 0.1325 0.1325 0.131 0.131 0.131 0.1235 0.1235 0.1265 0.1265 0.123 0.123 0.124 0.124 0.124 0.1185 0.1185 0.1095 0.1095 0.1115 0.1115 0.1115 0.112 0.112 0.1125 0.1125 0.1145 0.1145 0.1145 0.1095 0.1095 0.1075 0.1075 0.111 0.111 0.111 0.114 0.114 0.117 0.117
0.1465 0.143 0.143 0.17 0.17 0.17 0.1885 0.1885 0.167 0.167 0.1385 0.1385 0.141 0.141 0.141 0.135 0.135 0.1395 0.1395 0.1415 0.1415 0.1415 0.145 0.145 0.143 0.143 0.14 0.14 0.14 0.1405 0.1405 0.146 0.146 0.1465 0.1465 0.1465 0.146 0.146 0.1325 0.1325 0.131 0.131 0.131 0.1235 0.1235 0.1265 0.1265 0.123 0.123 0.124 0.124 0.124 0.1185 0.1185 0.1095 0.1095 0.1115 0.1115 0.1115 0.112 0.112 0.1125 0.1125 0.1145 0.1145 0.1145 0.1095 0.1095 0.1075 0.1075 0.111 0.111 0.111 0.114 0.114 0.117 0.117
0.1465 0.143 0.143 0.17 0.17 0.17 0.1885 0.1885 0.167 0.167 0.1385 0.1385 0.141 0.141 0.141 0.135 0.135 0.1395 0.1395 0.1415 0.1415 0.1415 0.145 0.145 0.143 0.143 0.14 0.14 0.14 0.1405 0.1405 0.146 0.146 0.1465 0.1465 0.1465 0.146 0.146 0.1325 0.1325 0.131 0.131 0.131 0.1235 0.1235 0.1265 0.1265 0.123 0.123 0.124 0.124 0.124 0.1185 0.1185 0.1095 0.1095 0.1115 0.1115 0.1115 0.112 0.112 0.1125 0.1125 0.1145 0.1145 0.1145 0.1095 0.1095 0.1075 0.1075 0.111 0.111 0.111 0.114 0.114 0.117 0.117
0.1345 0.1265 0.1265 0.1795 0.1795 0.1795 0.1705 0.1705 0.1895 0.1895 0.143 0.143 0.143 0.143 0.143 0.147 0.147 0.1425 0.1425 0.139 0.139 0.139 0.138 0.138 0.1355 0.1355 0.143 0.143 0.143 0.148 0.148 0.144 0.144 0.137 0.137 0.137 0.136 0.136 0.1325 0.1325 0.131 0.131 0.131 0.1285 0.1285 0.132 0.132 0.134 0.134 0.132 0.132 0.132 0.1255 0.1255 0.118 0.118 0.113 0.113 0.113 0.1115 0.1115 0.127 0.127 0.128 0.128 0.128 0.1255 0.1255 0.128 0.128 0.126 0.126 0.126 0.1295 0.1295 0.116 0.116
0.1345 0.1265 0.1265 0.1795 0.1795 0.1795 0.1705 0.1705 0.1895 0.1895 0.143 0.143 0.143 0.143 0.143 0.147 0.147 0.1425 0.1425 0.139 0.139 0.139 0.138 0.138 0.1355 0.1355 0.143 0.143 0.143 0.148 0.148 0.144 0.144 0.137 0.137 0.137 0.136 0.136 0.1325 0.1325 0.131 0.131 0.131 0.1285 0.1285 0.132 0.132 0.134 0.134 0.132 0.132 0.132 0.1255 0.1255 0.118 0.118 0.113 0.113 0.113 0.1115 0.1115 0.127 0.127 0.128 0.128 0.128 0.1255 0.1255 0.128 0.128 0.126 0.126 0.126 0.1295 0.1295 0.116 0.116
0.1345 0.1375 0.1375 0.129 0.129 0.129 0.179 0.179 0.175 0.175 0.133 0.133 0.1265 0.1265 0.1265 0.1215 0.1215 0.132 0.132 0.142 0.142 0.142 0.14 0.14 0.1445 0.1445 0.1435 0.1435 0.1435 0.154 0.154 0.14 0.14 0.14 0.14 0.14 0.131 0.131 0.1335 0.1335 0.1285 0.1285 0.1285 0.135 0.135 0.1315 0.1315 0.1325 0.1325 0.1315 0.1315 0.1315 0.1335 0.1335 0.1385 0.1385 0.1335 0.1335 0.1335 0.1305 0.1305 0.138 0.138 0.141 0.141 0.141 0.136 0.136 0.135 0.135 0.1325 0.1325 0.1325 0.125 0.125 0.1195 0.1195
0.1345 0.1375 0.1375 0.129 0.129 0.129 0.179 0.179 0.175 0.175 0.133 0.133 0.1265 0.1265 0.1265 0.1215 0.1215 0.132 0.132 0.142 0.142 0.142 0.14 0.14 0.1445 0.1445 0.1435 0.1435 0.1435 0.154 0.154 0.14 0.14 0.14 0.14 0.14 0.131 0.131 0.1335 0.1335 0.1285 0.1285 0.1285 0.135 0.135 0.1315 0.1315 0.1325 0.1325 0.1315 0.1315 0.1315 0.1335 0.1335 0.1385 0.1385 0.1335 0.1335 0.1335 0.1305 0.1305 0.138 0.138 0.141 0.141 0.141 0.136 0.136 0.135 0.135 0.1325 0.1325 0.1325 0.125 0.125 0.1195 0.1195
0.135 0.133 0.133 0.1705 0.1705 0.1705 0.1285 0.1285 0.134 0.134 0.1315 0.1315 0.125 0.125 0.125 0.139 0.139 0.1135 0.1135 0.1195 0.1195 0.1195 0.1195 0.1195 0.1515 0.1515 0.1515 0.1515 0.1515 0.149 0.149 0.15 0.15 0.132 0.132 0.132 0.1345 0.1345 0.1265 0.1265 0.123 0.123 0.123 0.126 0.126 0.1265 0.1265 0.132 0.132 0.1295 0.1295 0.1295 0.144 0.144 0.1495 0.1495 0.1515 0.1515 0.1515 0.144 0.144 0.1435 0.1435 0.143 0.143 0.143 0.149 0.149 0.1465 0.1465 0.1415 0.1415 0.1415 0.1365 0.1365 0.1245 0.1245
0.135 0.133 0.133 0.1705 0.1705 0.1705 0.1285 0.1285 0.134 0.134 0.1315 0.1315 0.125 0.125 0.125 0.139 0.139 0.1135 0.1135 0.1195 0.1195 0.1195 0.1195 0.1195 0.1515 0.1515 0.1515 0.1515 0.1515 0.149 0.149 0.15 0.15 0.132 0.132 0.132 0.1345 0.1345 0.1265 0.1265 0.123 0.123 0.123 0.126 0.126 0.1265 0.1265 0.132 0.132 0.1295 0.1295 0.1295 0.144 0.144 0.1495 0.1495 0.1515 0.1515 0.1515 0.144 0.144 0.1435 0.1435 0.143 0.143 0.143 0.149 0.149 0.1465 0.1465 0.1415 0.1415 0.1415 0.1365 0.1365 0.1245 0.1245
