ndvi/NOAA-124.asc
ncols         252
nrows         154
xllcorner     -18.017974
yllcorner     13.481982
cellsize      0.035948
NODATA_value  -9999
[rows 102 to 135 of 154, columns 154 to 230 of 252]
0.2115 0.192 0.192 0.1475 0.1475 0.1475 0.172 0.172 0.184 0.184 0.204 0.204 0.2125 0.2125 0.2125 0.2125 0.2125 0.222 0.222 0.2325 0.2325 0.2325 0.2165 0.2165 0.206 0.206 0.218 0.218 0.218 0.207 0.207 0.209 0.209 0.204 0.204 0.204 0.204 0.204 0.2105 0.2105 0.2195 0.2195 0.2195 0.217 0.217 0.219 0.219 0.221 0.221 0.2035 0.2035 0.2035 0.2005 0.2005 0.2 0.2 0.184 0.184 0.184 0.179 0.179 0.1815 0.1815 0.1885 0.1885 0.1885 0.182 0.182 0.1945 0.1945 0.187 0.187 0.187 0.196 0.196 0.206 0.206
0.193 0.2015 0.2015 0.191 0.191 0.191 0.1935 0.1935 0.1935 0.1935 0.2145 0.2145 0.215 0.215 0.215 0.207 0.207 0.1945 0.1945 0.219 0.219 0.219 0.205 0.205 0.1985 0.1985 0.208 0.208 0.208 0.217 0.217 0.215 0.215 0.2155 0.2155 0.2155 0.2 0.2 0.214 0.214 0.213 0.213 0.213 0.221 0.221 0.225 0.225 0.247 0.247 0.258 0.258 0.258 0.217 0.217 0.1975 0.1975 0.1975 0.1975 0.1975 0.191 0.191 0.1865 0.1865 0.208 0.208 0.208 0.2045 0.2045 0.212 0.212 0.192 0.192 0.192 0.1995 0.1995 0.2005 0.2005
0.193 0.2015 0.2015 0.191 0.191 0.191 0.1935 0.1935 0.1935 0.1935 0.2145 0.2145 0.215 0.215 0.215 0.207 0.207 0.1945 0.1945 0.219 0.219 0.219 0.205 0.205 0.1985 0.1985 0.208 0.208 0.208 0.217 0.217 0.215 0.215 0.2155 0.2155 0.2155 0.2 0.2 0.214 0.214 0.213 0.213 0.213 0.221 0.221 0.225 0.225 0.247 0.247 0.258 0.258 0.258 0.217 0.217 0.1975 0.1975 0.1975 0.1975 0.1975 0.191 0.191 0.1865 0.1865 0.208 0.208 0.208 0.2045 0.2045 0.212 0.212 0.192 0.192 0.192 0.1995 0.1995 0.2005 0.2005
0.193 0.2015 0.2015 0.191 0.191 0.191 0.1935 0.1935 0.1935 0.1935 0.2145 0.2145 0.215 0.215 0.215 0.207 0.207 0.1945 0.1945 0.219 0.219 0.219 0.205 0.205 0.1985 0.1985 0.208 0.208 0.208 0.217 0.217 0.215 0.215 0.2155 0.2155 0.2155 0.2 0.2 0.214 0.214 0.213 0.213 0.213 0.221 0.221 0.225 0.225 0.247 0.247 0.258 0.258 0.258 0.217 0.217 0.1975 0.1975 0.1975 0.1975 0.1975 0.191 0.191 0.1865 0.1865 0.208 0.208 0.208 0.2045 0.2045 0.212 0.212 0.192 0.192 0.192 0.1995 0.1995 0.2005 0.2005
0.2135 0.2225 0.2225 0.2195 0.2195 0.2195 0.188 0.188 0.2125 0.2125 0.23 0.23 0.2185 0.2185 0.2185 0.2095 0.2095 0.2075 0.2075 0.193 0.193 0.193 0.197 0.197 0.2075 0.2075 0.2005 0.2005 0.2005 0.208 0.208 0.2275 0.2275 0.2295 0.2295 0.2295 0.2295 0.2295 0.226 0.226 0.227 0.227 0.227 0.2265 0.2265 0.235 0.235 0.2335 0.2335 0.2205 0.2205 0.2205 0.2335 0.2335 0.2265 0.2265 0.2245 0.2245 0.2245 0.199 0.199 0.201 0.201 0.2055 0.2055 0.2055 0.2045 0.2045 0.215 0.215 0.2005 0.2005 0.2005 0.2185 0.2185 0.2195 0.2195
0.2135 0.2225 0.2225 0.2195 0.2195 0.2195 0.188 0.188 0.2125 0.2125 0.23 0.23 0.2185 0.2185 0.2185 0.2095 0.2095 0.2075 0.2075 0.193 0.193 0.193 0.197 0.197 0.2075 0.2075 0.2005 0.2005 0.2005 0.208 0.208 0.2275 0.2275 0.2295 0.2295 0.2295 0.2295 0.2295 0.226 0.226 0.227 0.227 0.227 0.2265 0.2265 0.235 0.235 0.2335 0.2335 0.2205 0.2205 0.2205 0.2335 0.2335 0.2265 0.2265 0.2245 0.2245 0.2245 0.199 0.199 0.201 0.201 0.2055 0.2055 0.2055 0.2045 0.2045 0.215 0.215 0.2005 0.2005 0.2005 0.2185 0.2185 0.2195 0.2195
0.2195 0.23 0.23 0.2225 0.2225 0.2225 0.222 0.222 0.221 0.221 0.23 0.23 0.2185 0.2185 0.2185 0.212 0.212 0.195 0.195 0.206 0.206 0.206 0.2025 0.2025 0.217 0.217 0.203 0.203 0.203 0.215 0.215 0.2285 0.2285 0.2425 0.2425 0.2425 0.219 0.219 0.23 0.23 0.23 0.23 0.23 0.234 0.234 0.2295 0.2295 0.2295 0.2295 0.2265 0.2265 0.2265 0.213 0.213 0.193 0.193 0.196 0.196 0.196 0.2255 0.2255 0.2115 0.2115 0.2095 0.2095 0.2095 0.218 0.218 0.221 0.221 0.215 0.215 0.215 0.224 0.224 0.23 0.23
0.2195 0.23 0.23 0.2225 0.2225 0.2225 0.222 0.222 0.221 0.221 0.23 0.23 0.2185 0.2185 0.2185 0.212 0.212 0.195 0.195 0.206 0.206 0.206 0.2025 0.2025 0.217 0.217 0.203 0.203 0.203 0.215 0.215 0.2285 0.2285 0.2425 0.2425 0.2425 0.219 0.219 0.23 0.23 0.23 0.23 0.23 0.234 0.234 0.2295 0.2295 0.2295 0.2295 0.2265 0.2265 0.2265 0.213 0.213 0.193 0.193 0.196 0.196 0.196 0.2255 0.2255 0.2115 0.2115 0.2095 0.2095 0.2095 0.218 0.218 0.221 0.221 0.215 0.215 0.215 0.224 0.224 0.23 0.23
0.211 0.23 0.23 0.2345 0.2345 0.2345 0.241 0.241 0.2335 0.2335 0.229 0.229 0.224 0.224 0.224 0.214 0.214 0.211 0.211 0.2115 0.2115 0.2115 0.219 0.219 0.2245 0.2245 0.2175 0.2175 0.2175 0.2235 0.2235 0.2235 0.2235 0.229 0.229 0.229 0.225 0.225 0.245 0.245 0.2315 0.2315 0.2315 0.2245 0.2245 0.2225 0.2225 0.214 0.214 0.2285 0.2285 0.2285 0.2235 0.2235 0.215 0.215 0.2185 0.2185 0.2185 0.2235 0.2235 0.231 0.231 0.2305 0.2305 0.2305 0.232 0.232 0.228 0.228 0.222 0.222 0.222 0.222 0.222 0.2435 0.2435
0.211 0.23 0.23 0.2345 0.2345 0.2345 0.241 0.241 0.2335 0.2335 0.229 0.229 0.224 0.224 0.224 0.214 0.214 0.211 0.211 0.2115 0.2115 0.2115 0.219 0.219 0.2245 0.2245 0.2175 0.2175 0.2175 0.2235 0.2235 0.2235 0.2235 0.229 0.229 0.229 0.225 0.225 0.245 0.245 0.2315 0.2315 0.2315 0.2245 0.2245 0.2225 0.2225 0.214 0.214 0.2285 0.2285 0.2285 0.2235 0.2235 0.215 0.215 0.2185 0.2185 0.2185 0.2235 0.2235 0.231 0.231 0.2305 0.2305 0.2305 0.232 0.232 0.228 0.228 0.222 0.222 0.222 0.222 0.222 0.2435 0.2435
0.211 0.23 0.23 0.2345 0.2345 0.2345 0.241 0.241 0.2335 0.2335 0.229 0.229 0.224 0.224 0.224 0.214 0.214 0.211 0.211 0.2115 0.2115 0.2115 0.219 0.219 0.2245 0.2245 0.2175 0.2175 0.2175 0.2235 0.2235 0.2235 0.2235 0.229 0.229 0.229 0.225 0.225 0.245 0.245 0.2315 0.2315 0.2315 0.2245 0.2245 0.2225 0.2225 0.214 0.214 0.2285 0.2285 0.2285 0.2235 0.2235 0.215 0.215 0.2185 0.2185 0.2185 0.2235 0.2235 0.231 0.231 0.2305 0.2305 0.2305 0.232 0.232 0.228 0.228 0.222 0.222 0.222 0.222 0.222 0.2435 0.2435
0.1735 0.1965 0.1965 0.231 0.231 0.231 0.235 0.235 0.2275 0.2275 0.229 0.229 0.2215 0.2215 0.2215 0.2205 0.2205 0.2345 0.2345 0.224 0.224 0.224 0.2215 0.2215 0.22 0.22 0.22 0.22 0.22 0.2195 0.2195 0.2165 0.2165 0.238 0.238 0.238 0.231 0.231 0.2285 0.2285 0.228 0.228 0.228 0.217 0.217 0.22 0.22 0.2295 0.2295 0.2095 0.2095 0.2095 0.232 0.232 0.221 0.221 0.233 0.233 0.233 0.228 0.228 0.2265 0.2265 0.2315 0.2315 0.2315 0.2255 0.2255 0.226 0.226 0.226 0.226 0.226 0.2355 0.2355 0.2395 0.2395
0.1735 0.1965 0.1965 0.231 0.231 0.231 0.235 0.235 0.2275 0.2275 0.229 0.229 0.2215 0.2215 0.2215 0.2205 0.2205 0.2345 0.2345 0.224 0.224 0.224 0.2215 0.2215 0.22 0.22 0.22 0.22 0.22 0.2195 0.2195 0.2165 0.2165 0.238 0.238 0.238 0.231 0.231 0.2285 0.2285 0.228 0.228 0.228 0.217 0.217 0.22 0.22 0.2295 0.2295 0.2095 0.2095 0.2095 0.232 0.232 0.221 0.221 0.233 0.233 0.233 0.228 0.228 0.2265 0.2265 0.2315 0.2315 0.2315 0.2255 0.2255 0.226 0.226 0.226 0.226 0.226 0.2355 0.2355 0.2395 0.2395
0.198 0.2175 0.2175 0.1975 0.1975 0.1975 0.225 0.225 0.2215 0.2215 0.214 0.214 0.234 0.234 0.234 0.2335 0.2335 0.231 0.231 0.224 0.224 0.224 0.2345 0.2345 0.2165 0.2165 0.227 0.227 0.227 0.209 0.209 0.2225 0.2225 0.231 0.231 0.231 0.1925 0.1925 0.201 0.201 0.218 0.218 0.218 0.2245 0.2245 0.232 0.232 0.2245 0.2245 0.2155 0.2155 0.2155 0.223 0.223 0.222 0.222 0.2395 0.2395 0.2395 0.2405 0.2405 0.229 0.229 0.2325 0.2325 0.2325 0.2285 0.2285 0.228 0.228 0.2335 0.2335 0.2335 0.2315 0.2315 0.239 0.239
0.198 0.2175 0.2175 0.1975 0.1975 0.1975 0.225 0.225 0.2215 0.2215 0.214 0.214 0.234 0.234 0.234 0.2335 0.2335 0.231 0.231 0.224 0.224 0.224 0.2345 0.2345 0.2165 0.2165 0.227 0.227 0.227 0.209 0.209 0.2225 0.2225 0.231 0.231 0.231 0.1925 0.1925 0.201 0.201 0.218 0.218 0.218 0.2245 0.2245 0.232 0.232 0.2245 0.2245 0.2155 0.2155 0.2155 0.223 0.223 0.222 0.222 0.2395 0.2395 0.2395 0.2405 0.2405 0.229 0.229 0.2325 0.2325 0.2325 0.2285 0.2285 0.228 0.228 0.2335 0.2335 0.2335 0.2315 0.2315 0.239 0.239
0.2315 0.218 0.218 0.228 0.228 0.228 0.229 0.229 0.2135 0.2135 0.235 0.235 0.249 0.249 0.249 0.235 0.235 0.2325 0.2325 0.2285 0.2285 0.2285 0.2225 0.2225 0.2195 0.2195 0.232 0.232 0.232 0.217 0.217 0.2265 0.2265 0.2205 0.2205 0.2205 0.192 0.192 0.221 0.221 0.228 0.228 0.228 0.2355 0.2355 0.2295 0.2295 0.208 0.208 0.2225 0.2225 0.2225 0.231 0.231 0.2455 0.2455 0.2285 0.2285 0.2285 0.246 0.246 0.249 0.249 0.2485 0.2485 0.2485 0.2345 0.2345 0.243 0.243 0.247 0.247 0.247 0.234 0.234 0.238 0.238
0.2315 0.218 0.218 0.228 0.228 0.228 0.229 0.229 0.2135 0.2135 0.235 0.235 0.249 0.249 0.249 0.235 0.235 0.2325 0.2325 0.2285 0.2285 0.2285 0.2225 0.2225 0.2195 0.2195 0.232 0.232 0.232 0.217 0.217 0.2265 0.2265 0.2205 0.2205 0.2205 0.192 0.192 0.221 0.221 0.228 0.228 0.228 0.2355 0.2355 0.2295 0.2295 0.208 0.208 0.2225 0.2225 0.2225 0.231 0.231 0.2455 0.2455 0.2285 0.2285 0.2285 0.246 0.246 0.249 0.249 0.2485 0.2485 0.2485 0.2345 0.2345 0.243 0.243 0.247 0.247 0.247 0.234 0.234 0.238 0.238
0.2315 0.218 0.218 0.228 0.228 0.228 0.229 0.229 0.2135 0.2135 0.235 0.235 0.249 0.249 0.249 0.235 0.235 0.2325 0.2325 0.2285 0.2285 0.2285 0.2225 0.2225 0.2195 0.2195 0.232 0.232 0.232 0.217 0.217 0.2265 0.2265 0.2205 0.2205 0.2205 0.192 0.192 0.221 0.221 0.228 0.228 0.228 0.2355 0.2355 0.2295 0.2295 0.208 0.208 0.2225 0.2225 0.2225 0.231 0.231 0.2455 0.2455 0.2285 0.2285 0.2285 0.246 0.246 0.249 0.249 0.2485 0.2485 0.2485 0.2345 0.2345 0.243 0.243 0.247 0.247 0.247 0.234 0.234 0.238 0.238
0.229 0.23 0.23 0.2255 0.2255 0.2255 0.2255 0.2255 0.225 0.225 0.2305 0.2305 0.2335 0.2335 0.2335 0.241 0.241 0.247 0.247 0.2595 0.2595 0.2595 0.252 0.252 0.2485 0.2485 0.2335 0.2335 0.2335 0.212 0.212 0.2085 0.2085 0.2175 0.2175 0.2175 0.2145 0.2145 0.208 0.208 0.2135 0.2135 0.2135 0.2285 0.2285 0.245 0.245 0.22 0.22 0.2465 0.2465 0.2465 0.2415 0.2415 0.243 0.243 0.245 0.245 0.245 0.246 0.246 0.244 0.244 0.249 0.249 0.249 0.2505 0.2505 0.262 0.262 0.258 0.258 0.258 0.2405 0.2405 0.236 0.236
0.229 0.23 0.23 0.2255 0.2255 0.2255 0.2255 0.2255 0.225 0.225 0.2305 0.2305 0.2335 0.2335 0.2335 0.241 0.241 0.247 0.247 0.2595 0.2595 0.2595 0.252 0.252 0.2485 0.2485 0.2335 0.2335 0.2335 0.212 0.212 0.2085 0.2085 0.2175 0.2175 0.2175 0.2145 0.2145 0.208 0.208 0.2135 0.2135 0.2135 0.2285 0.2285 0.245 0.245 0.22 0.22 0.2465 0.2465 0.2465 0.2415 0.2415 0.243 0.243 0.245 0.245 0.245 0.246 0.246 0.244 0.244 0.249 0.249 0.249 0.2505 0.2505 0.262 0.262 0.258 0.258 0.258 0.2405 0.2405 0.236 0.236
0.232 0.2335 0.2335 0.238 0.238 0.238 0.224 0.224 0.2225 0.2225 0.2285 0.2285 0.233 0.233 0.233 0.251 0.251 0.2525 0.2525 0.2495 0.2495 0.2495 0.2515 0.2515 0.2535 0.2535 0.2235 0.2235 0.2235 0.206 0.206 0.205 0.205 0.2185 0.2185 0.2185 0.212 0.212 0.221 0.221 0.2235 0.2235 0.2235 0.234 0.234 0.2675 0.2675 0.234 0.234 0.2585 0.2585 0.2585 0.248 0.248 0.253 0.253 0.253 0.253 0.253 0.2455 0.2455 0.244 0.244 0.2605 0.2605 0.2605 0.257 0.257 0.2395 0.2395 0.245 0.245 0.245 0.247 0.247 0.2475 0.2475
0.232 0.2335 0.2335 0.238 0.238 0.238 0.224 0.224 0.2225 0.2225 0.2285 0.2285 0.233 0.233 0.233 0.251 0.251 0.2525 0.2525 0.2495 0.2495 0.2495 0.2515 0.2515 0.2535 0.2535 0.2235 0.2235 0.2235 0.206 0.206 0.205 0.205 0.2185 0.2185 0.2185 0.212 0.212 0.221 0.221 0.2235 0.2235 0.2235 0.234 0.234 0.2675 0.2675 0.234 0.234 0.2585 0.2585 0.2585 0.248 0.248 0.253 0.253 0.253 0.253 0.253 0.2455 0.2455 0.244 0.244 0.2605 0.2605 0.2605 0.257 0.257 0.2395 0.2395 0.245 0.245 0.245 0.247 0.247 0.2475 0.2475
0.255 0.242 0.242 0.243 0.243 0.243 0.222 0.222 0.2335 0.2335 0.258 0.258 0.2445 0.2445 0.2445 0.2555 0.2555 0.25 0.25 0.241 0.241 0.241 0.24 0.24 0.2565 0.2565 0.2355 0.2355 0.2355 0.212 0.212 0.235 0.235 0.2165 0.2165 0.2165 0.207 0.207 0.2235 0.2235 0.232 0.232 0.232 0.214 0.214 0.247 0.247 0.241 0.241 0.229 0.229 0.229 0.254 0.254 0.2405 0.2405 0.242 0.242 0.242 0.2475 0.2475 0.2435 0.2435 0.2515 0.2515 0.2515 0.233 0.233 0.2425 0.2425 0.252 0.252 0.252 0.2515 0.2515 0.2525 0.2525
0.255 0.242 0.242 0.243 0.243 0.243 0.222 0.222 0.2335 0.2335 0.258 0.258 0.2445 0.2445 0.2445 0.2555 0.2555 0.25 0.25 0.241 0.241 0.241 0.24 0.24 0.2565 0.2565 0.2355 0.2355 0.2355 0.212 0.212 0.235 0.235 0.2165 0.2165 0.2165 0.207 0.207 0.2235 0.2235 0.232 0.232 0.232 0.214 0.214 0.247 0.247 0.241 0.241 0.229 0.229 0.229 0.254 0.254 0.2405 0.2405 0.242 0.242 0.242 0.2475 0.2475 0.2435 0.2435 0.2515 0.2515 0.2515 0.233 0.233 0.2425 0.2425 0.252 0.252 0.252 0.2515 0.2515 0.2525 0.2525
0.237 0.2245 0.2245 0.2285 0.2285 0.2285 0.224 0.224 0.231 0.231 0.252 0.252 0.2435 0.2435 0.2435 0.2475 0.2475 0.2425 0.2425 0.24 0.24 0.24 0.246 0.246 0.2465 0.2465 0.2475 0.2475 0.2475 0.2335 0.2335 0.233 0.233 0.236 0.236 0.236 0.2245 0.2245 0.22 0.22 0.228 0.228 0.228 0.2195 0.2195 0.265 0.265 0.2375 0.2375 0.264 0.264 0.264 0.2375 0.2375 0.2405 0.2405 0.2505 0.2505 0.2505 0.247 0.247 0.253 0.253 0.2475 0.2475 0.2475 0.2425 0.2425 0.2495 0.2495 0.2455 0.2455 0.2455 0.245 0.245 0.2395 0.2395
0.237 0.2245 0.2245 0.2285 0.2285 0.2285 0.224 0.224 0.231 0.231 0.252 0.252 0.2435 0.2435 0.2435 0.2475 0.2475 0.2425 0.2425 0.24 0.24 0.24 0.246 0.246 0.2465 0.2465 0.2475 0.2475 0.2475 0.2335 0.2335 0.233 0.233 0.236 0.236 0.236 0.2245 0.2245 0.22 0.22 0.228 0.228 0.228 0.2195 0.2195 0.265 0.265 0.2375 0.2375 0.264 0.264 0.264 0.2375 0.2375 0.2405 0.2405 0.2505 0.2505 0.2505 0.247 0.247 0.253 0.253 0.2475 0.2475 0.2475 0.2425 0.2425 0.2495 0.2495 0.2455 0.2455 0.2455 0.245 0.245 0.2395 0.2395
0.237 0.2245 0.2245 0.2285 0.2285 0.2285 0.224 0.224 0.231 0.231 0.252 0.252 0.2435 0.2435 0.2435 0.2475 0.2475 0.2425 0.2425 0.24 0.24 0.24 0.246 0.246 0.2465 0.2465 0.2475 0.2475 0.2475 0.2335 0.2335 0.233 0.233 0.236 0.236 0.236 0.2245 0.2245 0.22 0.22 0.228 0.228 0.228 0.2195 0.2195 0.265 0.265 0.2375 0.2375 0.264 0.264 0.264 0.2375 0.2375 0.2405 0.2405 0.2505 0.2505 0.2505 0.247 0.247 0.253 0.253 0.2475 0.2475 0.2475 0.2425 0.2425 0.2495 0.2495 0.2455 0.2455 0.2455 0.245 0.245 0.2395 0.2395
0.236 0.2355 0.2355 0.2405 0.2405 0.2405 0.233 0.233 0.242 0.242 0.2575 0.2575 0.249 0.249 0.249 0.264 0.264 0.2495 0.2495 0.24 0.24 0.24 0.245 0.245 0.2365 0.2365 0.2465 0.2465 0.2465 0.247 0.247 0.2435 0.2435 0.2445 0.2445 0.2445 0.231 0.231 0.2355 0.2355 0.243 0.243 0.243 0.2335 0.2335 0.272 0.272 0.2465 0.2465 0.256 0.256 0.256 0.25 0.25 0.249 0.249 0.244 0.244 0.244 0.266 0.266 0.2515 0.2515 0.25 0.25 0.25 0.2535 0.2535 0.245 0.245 0.2375 0.2375 0.2375 0.2425 0.2425 0.2405 0.2405
0.236 0.2355 0.2355 0.2405 0.2405 0.2405 0.233 0.233 0.242 0.242 0.2575 0.2575 0.249 0.249 0.249 0.264 0.264 0.2495 0.2495 0.24 0.24 0.24 0.245 0.245 0.2365 0.2365 0.2465 0.2465 0.2465 0.247 0.247 0.2435 0.2435 0.2445 0.2445 0.2445 0.231 0.231 0.2355 0.2355 0.243 0.243 0.243 0.2335 0.2335 0.272 0.272 0.2465 0.2465 0.256 0.256 0.256 0.25 0.25 0.249 0.249 0.244 0.244 0.244 0.266 0.266 0.2515 0.2515 0.25 0.25 0.25 0.2535 0.2535 0.245 0.245 0.2375 0.2375 0.2375 0.2425 0.2425 0.2405 0.2405
0.258 0.2525 0.2525 0.2505 0.2505 0.2505 0.238 0.238 0.2355 0.2355 0.2495 0.2495 0.2445 0.2445 0.2445 0.2615 0.2615 0.2505 0.2505 0.2635 0.2635 0.2635 0.2515 0.2515 0.277 0.277 0.279 0.279 0.279 0.279 0.279 0.27 0.27 0.262 0.262 0.262 0.248 0.248 0.245 0.245 0.252 0.252 0.252 0.2715 0.2715 0.264 0.264 0.2685 0.2685 0.2885 0.2885 0.2885 0.2745 0.2745 0.27 0.27 0.305 0.305 0.305 0.2915 0.2915 0.276 0.276 0.2585 0.2585 0.2585 0.255 0.255 0.2555 0.2555 0.2485 0.2485 0.2485 0.23 0.23 0.243 0.243
0.258 0.2525 0.2525 0.2505 0.2505 0.2505 0.238 0.238 0.2355 0.2355 0.2495 0.2495 0.2445 0.2445 0.2445 0.2615 0.2615 0.2505 0.2505 0.2635 0.2635 0.2635 0.2515 0.2515 0.277 0.277 0.279 0.279 0.279 0.279 0.279 0.27 0.27 0.262 0.262 0.262 0.248 0.248 0.245 0.245 0.252 0.252 0.252 0.2715 0.2715 0.264 0.264 0.2685 0.2685 0.2885 0.2885 0.2885 0.2745 0.2745 0.27 0.27 0.305 0.305 0.305 0.2915 0.2915 0.276 0.276 0.2585 0.2585 0.2585 0.255 0.255 0.2555 0.2555 0.2485 0.2485 0.2485 0.23 0.23 0.243 0.243
0.252 0.2565 0.2565 0.24 0.24 0.24 0.2415 0.2415 0.2375 0.2375 0.2495 0.2495 0.2675 0.2675 0.2675 0.2615 0.2615 0.255 0.255 0.264 0.264 0.264 0.276 0.276 0.269 0.269 0.2855 0.2855 0.2855 0.266 0.266 0.2675 0.2675 0.2415 0.2415 0.2415 0.248 0.248 0.246 0.246 0.244 0.244 0.244 0.2365 0.2365 0.2585 0.2585 0.2375 0.2375 0.259 0.259 0.259 0.271 0.271 0.2815 0.2815 0.2795 0.2795 0.2795 0.2985 0.2985 0.2825 0.2825 0.268 0.268 0.268 0.266 0.266 0.26 0.26 0.2625 0.2625 0.2625 0.2495 0.2495 0.2535 0.2535
0.252 0.2565 0.2565 0.24 0.24 0.24 0.2415 0.2415 0.2375 0.2375 0.2495 0.2495 0.2675 0.2675 0.2675 0.2615 0.2615 0.255 0.255 0.264 0.264 0.264 0.276 0.276 0.269 0.269 0.2855 0.2855 0.2855 0.266 0.266 0.2675 0.2675 0.2415 0.2415 0.2415 0.248 0.248 0.246 0.246 0.244 0.244 0.244 0.2365 0.2365 0.2585 0.2585 0.2375 0.2375 0.259 0.259 0.259 0.271 0.271 0.2815 0.2815 0.2795 0.2795 0.2795 0.2985 0.2985 0.2825 0.2825 0.268 0.268 0.268 0.266 0.266 0.26 0.26 0.2625 0.2625 0.2625 0.2495 0.2495 0.2535 0.2535
0.252 0.2565 0.2565 0.24 0.24 0.24 0.2415 0.2415 0.2375 0.2375 0.2495 0.2495 0.2675 0.2675 0.2675 0.2615 0.2615 0.255 0.255 0.264 0.264 0.264 0.276 0.276 0.269 0.269 0.2855 0.2855 0.2855 0.266 0.266 0.2675 0.2675 0.2415 0.2415 0.2415 0.248 0.248 0.246 0.246 0.244 0.244 0.244 0.2365 0.2365 0.2585 0.2585 0.2375 0.2375 0.259 0.259 0.259 0.271 0.271 0.2815 0.2815 0.2795 0.2795 0.2795 0.2985 0.2985 0.2825 0.2825 0.268 0.268 0.268 0.266 0.266 0.26 0.26 0.2625 0.2625 0.2625 0.2495 0.2495 0.2535 0.2535
