ndvi/NOAA-356.asc
ncols         252
nrows         154
xllcorner     -18.017974
yllcorner     13.481982
cellsize      0.035948
NODATA_value  -9999
[rows 68 to 101 of 154, columns 77 to 153 of 252]
0.325 0.325 0.3195 0.3195 0.3345 0.3345 0.371 0.371 0.371 0.4065 0.4065 0.4075 0.4075 0.394 0.394 0.3855 0.3855 0.3855 0.349 0.349 0.29 0.29 0.295 0.295 0.295 0.3055 0.3055 0.2735 0.2735 0.2945 0.2945 0.2945 0.3285 0.3285 0.3335 0.3335 0.346 0.346 0.346 0.3435 0.3435 0.352 0.352 0.164 0.164 0.164 0.153 0.153 0.1585 0.1585 0.2175 0.2175 0.2565 0.2565 0.2565 0.246 0.246 0.2695 0.2695 0.253 0.253 0.253 0.3125 0.3125 0.3275 0.3275 0.349 0.349 0.349 0.312 0.312 0.2795 0.2795 0.1685 0.1685 0.1685 0.167
0.35 0.35 0.3325 0.3325 0.3495 0.3495 0.3865 0.3865 0.3865 0.402 0.402 0.397 0.397 0.403 0.403 0.3305 0.3305 0.3305 0.357 0.357 0.392 0.392 0.343 0.343 0.343 0.1765 0.1765 0.252 0.252 0.3065 0.3065 0.3065 0.2725 0.2725 0.3325 0.3325 0.3775 0.3775 0.3775 0.4025 0.4025 0.3125 0.3125 0.328 0.328 0.328 0.2645 0.2645 0.1975 0.1975 0.2155 0.2155 0.2345 0.2345 0.2345 0.2935 0.2935 0.2945 0.2945 0.287 0.287 0.287 0.3375 0.3375 0.339 0.339 0.3215 0.3215 0.3215 0.32 0.32 0.2685 0.2685 0.2375 0.2375 0.2375 0.1705
0.35 0.35 0.3325 0.3325 0.3495 0.3495 0.3865 0.3865 0.3865 0.402 0.402 0.397 0.397 0.403 0.403 0.3305 0.3305 0.3305 0.357 0.357 0.392 0.392 0.343 0.343 0.343 0.1765 0.1765 0.252 0.252 0.3065 0.3065 0.3065 0.2725 0.2725 0.3325 0.3325 0.3775 0.3775 0.3775 0.4025 0.4025 0.3125 0.3125 0.328 0.328 0.328 0.2645 0.2645 0.1975 0.1975 0.2155 0.2155 0.2345 0.2345 0.2345 0.2935 0.2935 0.2945 0.2945 0.287 0.287 0.287 0.3375 0.3375 0.339 0.339 0.3215 0.3215 0.3215 0.32 0.32 0.2685 0.2685 0.2375 0.2375 0.2375 0.1705
0.3665 0.3665 0.3385 0.3385 0.3435 0.3435 0.3265 0.3265 0.3265 0.337 0.337 0.354 0.354 0.4005 0.4005 0.325 0.325 0.325 0.34 0.34 0.3725 0.3725 0.3825 0.3825 0.3825 0.3645 0.3645 0.282 0.282 0.286 0.286 0.286 0.3015 0.3015 0.322 0.322 0.388 0.388 0.388 0.39 0.39 0.3745 0.3745 0.3915 0.3915 0.3915 0.2055 0.2055 0.167 0.167 0.2225 0.2225 0.315 0.315 0.315 0.3295 0.3295 0.3395 0.3395 0.315 0.315 0.315 0.2875 0.2875 0.2855 0.2855 0.2655 0.2655 0.2655 0.2855 0.2855 0.291 0.291 0.298 0.298 0.298 0.2995
0.3665 0.3665 0.3385 0.3385 0.3435 0.3435 0.3265 0.3265 0.3265 0.337 0.337 0.354 0.354 0.4005 0.4005 0.325 0.325 0.325 0.34 0.34 0.3725 0.3725 0.3825 0.3825 0.3825 0.3645 0.3645 0.282 0.282 0.286 0.286 0.286 0.3015 0.3015 0.322 0.322 0.388 0.388 0.388 0.39 0.39 0.3745 0.3745 0.3915 0.3915 0.3915 0.2055 0.2055 0.167 0.167 0.2225 0.2225 0.315 0.315 0.315 0.3295 0.3295 0.3395 0.3395 0.315 0.315 0.315 0.2875 0.2875 0.2855 0.2855 0.2655 0.2655 0.2655 0.2855 0.2855 0.291 0.291 0.298 0.298 0.298 0.2995
0.3665 0.3665 0.3385 0.3385 0.3435 0.3435 0.3265 0.3265 0.3265 0.337 0.337 0.354 0.354 0.4005 0.4005 0.325 0.325 0.325 0.34 0.34 0.3725 0.3725 0.3825 0.3825 0.3825 0.3645 0.3645 0.282 0.282 0.286 0.286 0.286 0.3015 0.3015 0.322 0.322 0.388 0.388 0.388 0.39 0.39 0.3745 0.3745 0.3915 0.3915 0.3915 0.2055 0.2055 0.167 0.167 0.2225 0.2225 0.315 0.315 0.315 0.3295 0.3295 0.3395 0.3395 0.315 0.315 0.315 0.2875 0.2875 0.2855 0.2855 0.2655 0.2655 0.2655 0.2855 0.2855 0.291 0.291 0.298 0.298 0.298 0.2995
0.4085 0.4085 0.365 0.365 0.3615 0.3615 0.3295 0.3295 0.3295 0.3245 0.3245 0.334 0.334 0.3295 0.3295 0.359 0.359 0.359 0.366 0.366 0.353 0.353 0.3655 0.3655 0.3655 0.389 0.389 0.38 0.38 0.353 0.353 0.353 0.262 0.262 0.258 0.258 0.2635 0.2635 0.2635 0.275 0.275 0.2555 0.2555 0.241 0.241 0.241 0.226 0.226 0.37 0.37 0.321 0.321 0.3095 0.3095 0.3095 0.2945 0.2945 0.2665 0.2665 0.27 0.27 0.27 0.279 0.279 0.314 0.314 0.3015 0.3015 0.3015 0.2955 0.2955 0.281 0.281 0.1702 0.1702 0.1702 0.31
0.4085 0.4085 0.365 0.365 0.3615 0.3615 0.3295 0.3295 0.3295 0.3245 0.3245 0.334 0.334 0.3295 0.3295 0.359 0.359 0.359 0.366 0.366 0.353 0.353 0.3655 0.3655 0.3655 0.389 0.389 0.38 0.38 0.353 0.353 0.353 0.262 0.262 0.258 0.258 0.2635 0.2635 0.2635 0.275 0.275 0.2555 0.2555 0.241 0.241 0.241 0.226 0.226 0.37 0.37 0.321 0.321 0.3095 0.3095 0.3095 0.2945 0.2945 0.2665 0.2665 0.27 0.27 0.27 0.279 0.279 0.314 0.314 0.3015 0.3015 0.3015 0.2955 0.2955 0.281 0.281 0.1702 0.1702 0.1702 0.31
0.3935 0.3935 0.3865 0.3865 0.3915 0.3915 0.409 0.409 0.409 0.372 0.372 0.3855 0.3855 0.404 0.404 0.3525 0.3525 0.3525 0.3505 0.3505 0.346 0.346 0.3635 0.3635 0.3635 0.378 0.378 0.3475 0.3475 0.3555 0.3555 0.3555 0.3265 0.3265 0.2405 0.2405 0.234 0.234 0.234 0.258 0.258 0.197 0.197 0.2705 0.2705 0.2705 0.2665 0.2665 0.261 0.261 0.2755 0.2755 0.2735 0.2735 0.2735 0.312 0.312 0.2775 0.2775 0.2655 0.2655 0.2655 0.2835 0.2835 0.251 0.251 0.285 0.285 0.285 0.305 0.305 0.2194 0.2194 0.134 0.134 0.134 0.184
0.3935 0.3935 0.3865 0.3865 0.3915 0.3915 0.409 0.409 0.409 0.372 0.372 0.3855 0.3855 0.404 0.404 0.3525 0.3525 0.3525 0.3505 0.3505 0.346 0.346 0.3635 0.3635 0.3635 0.378 0.378 0.3475 0.3475 0.3555 0.3555 0.3555 0.3265 0.3265 0.2405 0.2405 0.234 0.234 0.234 0.258 0.258 0.197 0.197 0.2705 0.2705 0.2705 0.2665 0.2665 0.261 0.261 0.2755 0.2755 0.2735 0.2735 0.2735 0.312 0.312 0.2775 0.2775 0.2655 0.2655 0.2655 0.2835 0.2835 0.251 0.251 0.285 0.285 0.285 0.305 0.305 0.2194 0.2194 0.134 0.134 0.134 0.184
0.4205 0.4205 0.401 0.401 0.4305 0.4305 0.422 0.422 0.422 0.393 0.393 0.3605 0.3605 0.3755 0.3755 0.3665 0.3665 0.3665 0.3465 0.3465 0.328 0.328 0.343 0.343 0.343 0.3415 0.3415 0.333 0.333 0.312 0.312 0.312 0.34 0.34 0.307 0.307 0.2725 0.2725 0.2725 0.2555 0.2555 0.186 0.186 0.1365 0.1365 0.1365 0.2105 0.2105 0.2405 0.2405 0.2675 0.2675 0.2905 0.2905 0.2905 0.303 0.303 0.3175 0.3175 0.3315 0.3315 0.3315 0.3015 0.3015 0.3525 0.3525 0.336 0.336 0.336 0.2815 0.2815 0.4145 0.4145 0.178 0.178 0.178 0.146
0.4205 0.4205 0.401 0.401 0.4305 0.4305 0.422 0.422 0.422 0.393 0.393 0.3605 0.3605 0.3755 0.3755 0.3665 0.3665 0.3665 0.3465 0.3465 0.328 0.328 0.343 0.343 0.343 0.3415 0.3415 0.333 0.333 0.312 0.312 0.312 0.34 0.34 0.307 0.307 0.2725 0.2725 0.2725 0.2555 0.2555 0.186 0.186 0.1365 0.1365 0.1365 0.2105 0.2105 0.2405 0.2405 0.2675 0.2675 0.2905 0.2905 0.2905 0.303 0.303 0.3175 0.3175 0.3315 0.3315 0.3315 0.3015 0.3015 0.3525 0.3525 0.336 0.336 0.336 0.2815 0.2815 0.4145 0.4145 0.178 0.178 0.178 0.146
0.38 0.38 0.3635 0.3635 0.375 0.375 0.3945 0.3945 0.3945 0.4165 0.4165 0.3895 0.3895 0.364 0.364 0.3275 0.3275 0.3275 0.3405 0.3405 0.348 0.348 0.339 0.339 0.339 0.3185 0.3185 0.3235 0.3235 0.3255 0.3255 0.3255 0.348 0.348 0.3535 0.3535 0.3205 0.3205 0.3205 0.29 0.29 0.2825 0.2825 0.1945 0.1945 0.1945 0.209 0.209 0.204 0.204 0.2455 0.2455 0.2715 0.2715 0.2715 0.297 0.297 0.275 0.275 0.234 0.234 0.234 0.358 0.358 0.278 0.278 0.2495 0.2495 0.2495 0.2235 0.2235 0.2455 0.2455 0.149 0.149 0.149 0.1985
0.38 0.38 0.3635 0.3635 0.375 0.375 0.3945 0.3945 0.3945 0.4165 0.4165 0.3895 0.3895 0.364 0.364 0.3275 0.3275 0.3275 0.3405 0.3405 0.348 0.348 0.339 0.339 0.339 0.3185 0.3185 0.3235 0.3235 0.3255 0.3255 0.3255 0.348 0.348 0.3535 0.3535 0.3205 0.3205 0.3205 0.29 0.29 0.2825 0.2825 0.1945 0.1945 0.1945 0.209 0.209 0.204 0.204 0.2455 0.2455 0.2715 0.2715 0.2715 0.297 0.297 0.275 0.275 0.234 0.234 0.234 0.358 0.358 0.278 0.278 0.2495 0.2495 0.2495 0.2235 0.2235 0.2455 0.2455 0.149 0.149 0.149 0.1985
0.38 0.38 0.3635 0.3635 0.375 0.375 0.3945 0.3945 0.3945 0.4165 0.4165 0.3895 0.3895 0.364 0.364 0.3275 0.3275 0.3275 0.3405 0.3405 0.348 0.348 0.339 0.339 0.339 0.3185 0.3185 0.3235 0.3235 0.3255 0.3255 0.3255 0.348 0.348 0.3535 0.3535 0.3205 0.3205 0.3205 0.29 0.29 0.2825 0.2825 0.1945 0.1945 0.1945 0.209 0.209 0.204 0.204 0.2455 0.2455 0.2715 0.2715 0.2715 0.297 0.297 0.275 0.275 0.234 0.234 0.234 0.358 0.358 0.278 0.278 0.2495 0.2495 0.2495 0.2235 0.2235 0.2455 0.2455 0.149 0.149 0.149 0.1985
0.375 0.375 0.3515 0.3515 0.365 0.365 0.3755 0.3755 0.3755 0.396 0.396 0.4335 0.4335 0.416 0.416 0.3535 0.3535 0.3535 0.3615 0.3615 0.378 0.378 0.338 0.338 0.338 0.37 0.37 0.3415 0.3415 0.3345 0.3345 0.3345 0.337 0.337 0.3415 0.3415 0.338 0.338 0.338 0.2965 0.2965 0.3195 0.3195 0.3245 0.3245 0.3245 0.2745 0.2745 0.229 0.229 0.234 0.234 0.244 0.244 0.244 0.2765 0.2765 0.2515 0.2515 0.2315 0.2315 0.2315 0.277 0.277 0.223 0.223 0.2405 0.2405 0.2405 0.3095 0.3095 0.258 0.258 0.2665 0.2665 0.2665 0.137
0.375 0.375 0.3515 0.3515 0.365 0.365 0.3755 0.3755 0.3755 0.396 0.396 0.4335 0.4335 0.416 0.416 0.3535 0.3535 0.3535 0.3615 0.3615 0.378 0.378 0.338 0.338 0.338 0.37 0.37 0.3415 0.3415 0.3345 0.3345 0.3345 0.337 0.337 0.3415 0.3415 0.338 0.338 0.338 0.2965 0.2965 0.3195 0.3195 0.3245 0.3245 0.3245 0.2745 0.2745 0.229 0.229 0.234 0.234 0.244 0.244 0.244 0.2765 0.2765 0.2515 0.2515 0.2315 0.2315 0.2315 0.277 0.277 0.223 0.223 0.2405 0.2405 0.2405 0.3095 0.3095 0.258 0.258 0.2665 0.2665 0.2665 0.137
0.441 0.441 0.4365 0.4365 0.3625 0.3625 0.3965 0.3965 0.3965 0.3915 0.3915 0.3735 0.3735 0.392 0.392 0.3565 0.3565 0.3565 0.327 0.327 0.367 0.367 0.33 0.33 0.33 0.315 0.315 0.3075 0.3075 0.2505 0.2505 0.2505 0.294 0.294 0.331 0.331 0.334 0.334 0.334 0.304 0.304 0.3575 0.3575 0.2945 0.2945 0.2945 0.264 0.264 0.2645 0.2645 0.215 0.215 0.264 0.264 0.264 0.2365 0.2365 0.253 0.253 0.2665 0.2665 0.2665 0.2925 0.2925 0.319 0.319 0.2165 0.2165 0.2165 0.249 0.249 0.2195 0.2195 0.19 0.19 0.19 0.157
0.441 0.441 0.4365 0.4365 0.3625 0.3625 0.3965 0.3965 0.3965 0.3915 0.3915 0.3735 0.3735 0.392 0.392 0.3565 0.3565 0.3565 0.327 0.327 0.367 0.367 0.33 0.33 0.33 0.315 0.315 0.3075 0.3075 0.2505 0.2505 0.2505 0.294 0.294 0.331 0.331 0.334 0.334 0.334 0.304 0.304 0.3575 0.3575 0.2945 0.2945 0.2945 0.264 0.264 0.2645 0.2645 0.215 0.215 0.264 0.264 0.264 0.2365 0.2365 0.253 0.253 0.2665 0.2665 0.2665 0.2925 0.2925 0.319 0.319 0.2165 0.2165 0.2165 0.249 0.249 0.2195 0.2195 0.19 0.19 0.19 0.157
0.4615 0.4615 0.372 0.372 0.3835 0.3835 0.3165 0.3165 0.3165 0.304 0.304 0.3065 0.3065 0.3155 0.3155 0.357 0.357 0.357 0.4075 0.4075 0.405 0.405 0.448 0.448 0.448 0.2945 0.2945 0.3255 0.3255 0.3105 0.3105 0.3105 0.3285 0.3285 0.3115 0.3115 0.3145 0.3145 0.3145 0.3835 0.3835 0.353 0.353 0.3065 0.3065 0.3065 0.2485 0.2485 0.257 0.257 0.282 0.282 0.2325 0.2325 0.2325 0.244 0.244 0.2685 0.2685 0.263 0.263 0.263 0.304 0.304 0.328 0.328 0.256 0.256 0.256 0.259 0.259 0.192 0.192 0.182 0.182 0.182 0.1795
0.4615 0.4615 0.372 0.372 0.3835 0.3835 0.3165 0.3165 0.3165 0.304 0.304 0.3065 0.3065 0.3155 0.3155 0.357 0.357 0.357 0.4075 0.4075 0.405 0.405 0.448 0.448 0.448 0.2945 0.2945 0.3255 0.3255 0.3105 0.3105 0.3105 0.3285 0.3285 0.3115 0.3115 0.3145 0.3145 0.3145 0.3835 0.3835 0.353 0.353 0.3065 0.3065 0.3065 0.2485 0.2485 0.257 0.257 0.282 0.282 0.2325 0.2325 0.2325 0.244 0.244 0.2685 0.2685 0.263 0.263 0.263 0.304 0.304 0.328 0.328 0.256 0.256 0.256 0.259 0.259 0.192 0.192 0.182 0.182 0.182 0.1795
0.4615 0.4615 0.372 0.372 0.3835 0.3835 0.3165 0.3165 0.3165 0.304 0.304 0.3065 0.3065 0.3155 0.3155 0.357 0.357 0.357 0.4075 0.4075 0.405 0.405 0.448 0.448 0.448 0.2945 0.2945 0.3255 0.3255 0.3105 0.3105 0.3105 0.3285 0.3285 0.3115 0.3115 0.3145 0.3145 0.3145 0.3835 0.3835 0.353 0.353 0.3065 0.3065 0.3065 0.2485 0.2485 0.257 0.257 0.282 0.282 0.2325 0.2325 0.2325 0.244 0.244 0.2685 0.2685 0.263 0.263 0.263 0.304 0.304 0.328 0.328 0.256 0.256 0.256 0.259 0.259 0.192 0.192 0.182 0.182 0.182 0.1795
0.3715 0.3715 0.401 0.401 0.354 0.354 0.2815 0.2815 0.2815 0.2905 0.2905 0.2845 0.2845 0.3365 0.3365 0.398 0.398 0.398 0.46 0.46 0.482 0.482 0.344 0.344 0.344 0.2895 0.2895 0.3575 0.3575 0.318 0.318 0.318 0.339 0.339 0.405 0.405 0.3675 0.3675 0.3675 0.3515 0.3515 0.393 0.393 0.3575 0.3575 0.3575 0.4025 0.4025 0.284 0.284 0.2795 0.2795 0.2575 0.2575 0.2575 0.3085 0.3085 0.308 0.308 0.296 0.296 0.296 0.293 0.293 0.315 0.315 0.31 0.31 0.31 0.2365 0.2365 0.213 0.213 0.1915 0.1915 0.1915 0.176
0.3715 0.3715 0.401 0.401 0.354 0.354 0.2815 0.2815 0.2815 0.2905 0.2905 0.2845 0.2845 0.3365 0.3365 0.398 0.398 0.398 0.46 0.46 0.482 0.482 0.344 0.344 0.344 0.2895 0.2895 0.3575 0.3575 0.318 0.318 0.318 0.339 0.339 0.405 0.405 0.3675 0.3675 0.3675 0.3515 0.3515 0.393 0.393 0.3575 0.3575 0.3575 0.4025 0.4025 0.284 0.284 0.2795 0.2795 0.2575 0.2575 0.2575 0.3085 0.3085 0.308 0.308 0.296 0.296 0.296 0.293 0.293 0.315 0.315 0.31 0.31 0.31 0.2365 0.2365 0.213 0.213 0.1915 0.1915 0.1915 0.176
0.3545 0.3545 0.3105 0.3105 0.272 0.272 0.269 0.269 0.269 0.282 0.282 0.316 0.316 0.3255 0.3255 0.3835 0.3835 0.3835 0.4255 0.4255 0.3965 0.3965 0.402 0.402 0.402 0.363 0.363 0.4275 0.4275 0.387 0.387 0.387 0.4075 0.4075 0.3815 0.3815 0.383 0.383 0.383 0.3185 0.3185 0.343 0.343 0.3725 0.3725 0.3725 0.405 0.405 0.347 0.347 0.304 0.304 0.335 0.335 0.335 0.232 0.232 0.2515 0.2515 0.278 0.278 0.278 0.2945 0.2945 0.3245 0.3245 0.288 0.288 0.288 0.2845 0.2845 0.2605 0.2605 0.2635 0.2635 0.2635 0.153
0.3545 0.3545 0.3105 0.3105 0.272 0.272 0.269 0.269 0.269 0.282 0.282 0.316 0.316 0.3255 0.3255 0.3835 0.3835 0.3835 0.4255 0.4255 0.3965 0.3965 0.402 0.402 0.402 0.363 0.363 0.4275 0.4275 0.387 0.387 0.387 0.4075 0.4075 0.3815 0.3815 0.383 0.383 0.383 0.3185 0.3185 0.343 0.343 0.3725 0.3725 0.3725 0.405 0.405 0.347 0.347 0.304 0.304 0.335 0.335 0.335 0.232 0.232 0.2515 0.2515 0.278 0.278 0.278 0.2945 0.2945 0.3245 0.3245 0.288 0.288 0.288 0.2845 0.2845 0.2605 0.2605 0.2635 0.2635 0.2635 0.153
0.39 0.39 0.278 0.278 0.245 0.245 0.2275 0.2275 0.2275 0.294 0.294 0.3315 0.3315 0.3655 0.3655 0.362 0.362 0.362 0.441 0.441 0.4545 0.4545 0.457 0.457 0.457 0.4335 0.4335 0.36 0.36 0.3175 0.3175 0.3175 0.323 0.323 0.3965 0.3965 0.4105 0.4105 0.4105 0.3875 0.3875 0.391 0.391 0.3745 0.3745 0.3745 0.379 0.379 0.311 0.311 0.342 0.342 0.2595 0.2595 0.2595 0.2505 0.2505 0.223 0.223 0.22 0.22 0.22 0.2485 0.2485 0.2645 0.2645 0.2205 0.2205 0.2205 0.2265 0.2265 0.242 0.242 0.2505 0.2505 0.2505 0.233
0.39 0.39 0.278 0.278 0.245 0.245 0.2275 0.2275 0.2275 0.294 0.294 0.3315 0.3315 0.3655 0.3655 0.362 0.362 0.362 0.441 0.441 0.4545 0.4545 0.457 0.457 0.457 0.4335 0.4335 0.36 0.36 0.3175 0.3175 0.3175 0.323 0.323 0.3965 0.3965 0.4105 0.4105 0.4105 0.3875 0.3875 0.391 0.391 0.3745 0.3745 0.3745 0.379 0.379 0.311 0.311 0.342 0.342 0.2595 0.2595 0.2595 0.2505 0.2505 0.223 0.223 0.22 0.22 0.22 0.2485 0.2485 0.2645 0.2645 0.2205 0.2205 0.2205 0.2265 0.2265 0.242 0.242 0.2505 0.2505 0.2505 0.233
0.39 0.39 0.278 0.278 0.245 0.245 0.2275 0.2275 0.2275 0.294 0.294 0.3315 0.3315 0.3655 0.3655 0.362 0.362 0.362 0.441 0.441 0.4545 0.4545 0.457 0.457 0.457 0.4335 0.4335 0.36 0.36 0.3175 0.3175 0.3175 0.323 0.323 0.3965 0.3965 0.4105 0.4105 0.4105 0.3875 0.3875 0.391 0.391 0.3745 0.3745 0.3745 0.379 0.379 0.311 0.311 0.342 0.342 0.2595 0.2595 0.2595 0.2505 0.2505 0.223 0.223 0.22 0.22 0.22 0.2485 0.2485 0.2645 0.2645 0.2205 0.2205 0.2205 0.2265 0.2265 0.242 0.242 0.2505 0.2505 0.2505 0.233
0.3445 0.3445 0.279 0.279 0.238 0.238 0.22 0.22 0.22 0.296 0.296 0.3195 0.3195 0.387 0.387 0.431 0.431 0.431 0.4855 0.4855 0.4555 0.4555 0.4095 0.4095 0.4095 0.4005 0.4005 0.3285 0.3285 0.2945 0.2945 0.2945 0.3035 0.3035 0.3585 0.3585 0.3875 0.3875 0.3875 0.426 0.426 0.496 0.496 0.504 0.504 0.504 0.3415 0.3415 0.3345 0.3345 0.3955 0.3955 0.3975 0.3975 0.3975 0.3015 0.3015 0.273 0.273 0.2365 0.2365 0.2365 0.2055 0.2055 0.201 0.201 0.285 0.285 0.285 0.441 0.441 0.254 0.254 0.223 0.223 0.223 0.2285
0.3445 0.3445 0.279 0.279 0.238 0.238 0.22 0.22 0.22 0.296 0.296 0.3195 0.3195 0.387 0.387 0.431 0.431 0.431 0.4855 0.4855 0.4555 0.4555 0.4095 0.4095 0.4095 0.4005 0.4005 0.3285 0.3285 0.2945 0.2945 0.2945 0.3035 0.3035 0.3585 0.3585 0.3875 0.3875 0.3875 0.426 0.426 0.496 0.496 0.504 0.504 0.504 0.3415 0.3415 0.3345 0.3345 0.3955 0.3955 0.3975 0.3975 0.3975 0.3015 0.3015 0.273 0.273 0.2365 0.2365 0.2365 0.2055 0.2055 0.201 0.201 0.285 0.285 0.285 0.441 0.441 0.254 0.254 0.223 0.223 0.223 0.2285
0.346 0.346 0.294 0.294 0.2935 0.2935 0.246 0.246 0.246 0.3145 0.3145 0.355 0.355 0.38 0.38 0.337 0.337 0.337 0.3655 0.3655 0.4855 0.4855 0.488 0.488 0.488 0.4195 0.4195 0.3805 0.3805 0.387 0.387 0.387 0.351 0.351 0.345 0.345 0.3955 0.3955 0.3955 0.43 0.43 0.424 0.424 0.4275 0.4275 0.4275 0.415 0.415 0.3495 0.3495 0.3915 0.3915 0.4265 0.4265 0.4265 0.344 0.344 0.3195 0.3195 0.308 0.308 0.308 0.224 0.224 0.241 0.241 0.2565 0.2565 0.2565 0.315 0.315 0.3025 0.3025 0.258 0.258 0.258 0.272
0.346 0.346 0.294 0.294 0.2935 0.2935 0.246 0.246 0.246 0.3145 0.3145 0.355 0.355 0.38 0.38 0.337 0.337 0.337 0.3655 0.3655 0.4855 0.4855 0.488 0.488 0.488 0.4195 0.4195 0.3805 0.3805 0.387 0.387 0.387 0.351 0.351 0.345 0.345 0.3955 0.3955 0.3955 0.43 0.43 0.424 0.424 0.4275 0.4275 0.4275 0.415 0.415 0.3495 0.3495 0.3915 0.3915 0.4265 0.4265 0.4265 0.344 0.344 0.3195 0.3195 0.308 0.308 0.308 0.224 0.224 0.241 0.241 0.2565 0.2565 0.2565 0.315 0.315 0.3025 0.3025 0.258 0.258 0.258 0.272
0.3605 0.3605 0.3855 0.3855 0.3415 0.3415 0.3395 0.3395 0.3395 0.332 0.332 0.332 0.332 0.407 0.407 0.375 0.375 0.375 0.4025 0.4025 0.4065 0.4065 0.442 0.442 0.442 0.437 0.437 0.388 0.388 0.41 0.41 0.41 0.3865 0.3865 0.429 0.429 0.4095 0.4095 0.4095 0.465 0.465 0.44 0.44 0.465 0.465 0.465 0.575 0.575 0.543 0.543 0.4895 0.4895 0.485 0.485 0.485 0.3865 0.3865 0.3985 0.3985 0.3515 0.3515 0.3515 0.323 0.323 0.261 0.261 0.3195 0.3195 0.3195 0.3145 0.3145 0.296 0.296 0.292 0.292 0.292 0.2465
