ndvi/NOAA-357.asc
ncols         252
nrows         154
xllcorner     -18.017974
yllcorner     13.481982
cellsize      0.035948
NODATA_value  -9999
[rows 102 to 135 of 154, columns 0 to 76 of 252]
-1 -1 -1 -1 -1 -1 -1 -1 -1 -1 -1 -1 -1 -1 -1 -1 -1 -1 -1 -1 -1 -1 -1 -1 -1 0.057 0.057 0.057 0.258 0.258 0.407 0.407 0.382 0.382 0.382 0.39 0.39 0.402 0.402 0.4215 0.4215 0.4215 0.446 0.446 0.4595 0.4595 0.4625 0.4625 0.4625 0.49 0.49 0.498 0.498 0.5896 0.5896 0.661 0.661 0.661 0.5821 0.5821 0.6635 0.6635 0.6635 0.6635 0.6635 0.6316 0.6316 0.7116 0.7116 0.6586 0.6586 0.6586 0.6886 0.6886 0.6521 0.6521 0.6235
-1 -1 -1 -1 -1 -1 -1 -1 -1 -1 -1 -1 -1 -1 -1 -1 -1 -1 -1 -1 -1 -1 -1 0.0895 0.0895 0.356 0.356 0.356 0.4135 0.4135 0.446 0.446 0.3665 0.3665 0.3665 0.448 0.448 0.459 0.459 0.486 0.486 0.486 0.5005 0.5005 0.475 0.475 0.5591 0.5591 0.5591 0.5851 0.5851 0.5911 0.5911 0.5716 0.5716 0.6046 0.6046 0.6046 0.6161 0.6161 0.6066 0.6066 0.6066 0.6066 0.6066 0.585 0.585 0.6351 0.6351 0.6921 0.6921 0.6921 0.6556 0.6556 0.6721 0.6721 0.5941
-1 -1 -1 -1 -1 -1 -1 -1 -1 -1 -1 -1 -1 -1 -1 -1 -1 -1 -1 -1 -1 -1 -1 0.0895 0.0895 0.356 0.356 0.356 0.4135 0.4135 0.446 0.446 0.3665 0.3665 0.3665 0.448 0.448 0.459 0.459 0.486 0.486 0.486 0.5005 0.5005 0.475 0.475 0.5591 0.5591 0.5591 0.5851 0.5851 0.5911 0.5911 0.5716 0.5716 0.6046 0.6046 0.6046 0.6161 0.6161 0.6066 0.6066 0.6066 0.6066 0.6066 0.585 0.585 0.6351 0.6351 0.6921 0.6921 0.6921 0.6556 0.6556 0.6721 0.6721 0.5941
-1 -1 -1 -1 -1 -1 -1 -1 -1 -1 -1 -1 -1 -1 -1 -1 -1 -1 -1 -1 -1 -1 -1 0.0895 0.0895 0.356 0.356 0.356 0.4135 0.4135 0.446 0.446 0.3665 0.3665 0.3665 0.448 0.448 0.459 0.459 0.486 0.486 0.486 0.5005 0.5005 0.475 0.475 0.5591 0.5591 0.5591 0.5851 0.5851 0.5911 0.5911 0.5716 0.5716 0.6046 0.6046 0.6046 0.6161 0.6161 0.6066 0.6066 0.6066 0.6066 0.6066 0.585 0.585 0.6351 0.6351 0.6921 0.6921 0.6921 0.6556 0.6556 0.6721 0.6721 0.5941
-1 -1 -1 -1 -1 -1 -1 -1 -1 -1 -1 -1 -1 -1 -1 -1 -1 -1 -1 -1 -1 0.0745 0.0745 0.258 0.258 0.507 0.507 0.507 0.4705 0.4705 0.4215 0.4215 0.4385 0.4385 0.4385 0.494 0.494 0.5446 0.5446 0.5276 0.5276 0.5276 0.5751 0.5751 0.5146 0.5146 0.5411 0.5411 0.5411 0.6121 0.6121 0.5305001 0.5305001 0.555 0.555 0.5716 0.5716 0.5716 0.5476 0.5476 0.5941 0.5941 0.5941 0.5941 0.5941 0.6647 0.6647 0.6796 0.6796 0.6776 0.6776 0.6776 0.7636 0.7636 0.7271 0.7271 0.6211
-1 -1 -1 -1 -1 -1 -1 -1 -1 -1 -1 -1 -1 -1 -1 -1 -1 -1 -1 -1 -1 0.0745 0.0745 0.258 0.258 0.507 0.507 0.507 0.4705 0.4705 0.4215 0.4215 0.4385 0.4385 0.4385 0.494 0.494 0.5446 0.5446 0.5276 0.5276 0.5276 0.5751 0.5751 0.5146 0.5146 0.5411 0.5411 0.5411 0.6121 0.6121 0.5305001 0.5305001 0.555 0.555 0.5716 0.5716 0.5716 0.5476 0.5476 0.5941 0.5941 0.5941 0.5941 0.5941 0.6647 0.6647 0.6796 0.6796 0.6776 0.6776 0.6776 0.7636 0.7636 0.7271 0.7271 0.6211
-1 -1 -1 -1 -1 -1 -1 -1 -1 -1 -1 -1 -1 -1 -1 -1 -1 -1 -1 -1 -1 0.228 0.228 0.454 0.454 0.502 0.502 0.502 0.4435 0.4435 0.386 0.386 0.404 0.404 0.404 0.4895 0.4895 0.5496 0.5496 0.5401 0.5401 0.5401 0.53 0.53 0.5095 0.5095 0.5081 0.5081 0.5081 0.5486 0.5486 0.5236 0.5236 0.528 0.528 0.5311 0.5311 0.5311 0.5906 0.5906 0.6152 0.6152 0.6152 0.6152 0.6152 0.6261 0.6261 0.7316 0.7316 0.7341 0.7341 0.7341 0.717 0.717 0.7005 0.7005 0.593
-1 -1 -1 -1 -1 -1 -1 -1 -1 -1 -1 -1 -1 -1 -1 -1 -1 -1 -1 -1 -1 0.228 0.228 0.454 0.454 0.502 0.502 0.502 0.4435 0.4435 0.386 0.386 0.404 0.404 0.404 0.4895 0.4895 0.5496 0.5496 0.5401 0.5401 0.5401 0.53 0.53 0.5095 0.5095 0.5081 0.5081 0.5081 0.5486 0.5486 0.5236 0.5236 0.528 0.528 0.5311 0.5311 0.5311 0.5906 0.5906 0.6152 0.6152 0.6152 0.6152 0.6152 0.6261 0.6261 0.7316 0.7316 0.7341 0.7341 0.7341 0.717 0.717 0.7005 0.7005 0.593
-1 -1 -1 -1 -1 -1 -1 -1 -1 -1 -1 -1 -1 -1 -1 -1 -1 -1 0.263 0.263 0.263 0.536 0.536 0.525 0.525 0.5465 0.5465 0.5465 0.4495 0.4495 0.438 0.438 0.454 0.454 0.454 0.4865 0.4865 0.471 0.471 0.5021 0.5021 0.5021 0.5311 0.5311 0.533 0.533 0.525 0.525 0.525 0.5891 0.5891 0.5606 0.5606 0.5256 0.5256 0.5055 0.5055 0.5055 0.5376 0.5376 0.55 0.55 0.55 0.55 0.55 0.619 0.619 0.6527 0.6527 0.6846 0.6846 0.6846 0.6791 0.6791 0.6515 0.6515 0.6046
-1 -1 -1 -1 -1 -1 -1 -1 -1 -1 -1 -1 -1 -1 -1 -1 -1 -1 0.263 0.263 0.263 0.536 0.536 0.525 0.525 0.5465 0.5465 0.5465 0.4495 0.4495 0.438 0.438 0.454 0.454 0.454 0.4865 0.4865 0.471 0.471 0.5021 0.5021 0.5021 0.5311 0.5311 0.533 0.533 0.525 0.525 0.525 0.5891 0.5891 0.5606 0.5606 0.5256 0.5256 0.5055 0.5055 0.5055 0.5376 0.5376 0.55 0.55 0.55 0.55 0.55 0.619 0.619 0.6527 0.6527 0.6846 0.6846 0.6846 0.6791 0.6791 0.6515 0.6515 0.6046
-1 -1 -1 -1 -1 -1 -1 -1 -1 -1 -1 -1 -1 -1 -1 -1 -1 -1 0.263 0.263 0.263 0.536 0.536 0.525 0.525 0.5465 0.5465 0.5465 0.4495 0.4495 0.438 0.438 0.454 0.454 0.454 0.4865 0.4865 0.471 0.471 0.5021 0.5021 0.5021 0.5311 0.5311 0.533 0.533 0.525 0.525 0.525 0.5891 0.5891 0.5606 0.5606 0.5256 0.5256 0.5055 0.5055 0.5055 0.5376 0.5376 0.55 0.55 0.55 0.55 0.55 0.619 0.619 0.6527 0.6527 0.6846 0.6846 0.6846 0.6791 0.6791 0.6515 0.6515 0.6046
-1 -1 -1 -1 -1 -1 -1 -1 -1 -1 -1 -1 -1 -1 -1 -1 0.404 0.404 0.553 0.553 0.553 0.5195 0.5195 0.493 0.493 0.551 0.551 0.551 0.458 0.458 0.473 0.473 0.5505 0.5505 0.5505 0.462 0.462 0.4505 0.4505 0.495 0.495 0.495 0.5265 0.5265 0.525 0.525 0.5025 0.5025 0.5025 0.5276 0.5276 0.561 0.561 0.458 0.458 0.4375 0.4375 0.4375 0.45 0.45 0.423 0.423 0.423 0.423 0.423 0.5395 0.5395 0.5931 0.5931 0.619 0.619 0.619 0.6425 0.6425 0.63 0.63 0.614
-1 -1 -1 -1 -1 -1 -1 -1 -1 -1 -1 -1 -1 -1 -1 -1 0.404 0.404 0.553 0.553 0.553 0.5195 0.5195 0.493 0.493 0.551 0.551 0.551 0.458 0.458 0.473 0.473 0.5505 0.5505 0.5505 0.462 0.462 0.4505 0.4505 0.495 0.495 0.495 0.5265 0.5265 0.525 0.525 0.5025 0.5025 0.5025 0.5276 0.5276 0.561 0.561 0.458 0.458 0.4375 0.4375 0.4375 0.45 0.45 0.423 0.423 0.423 0.423 0.423 0.5395 0.5395 0.5931 0.5931 0.619 0.619 0.619 0.6425 0.6425 0.63 0.63 0.614
-1 -1 -1 -1 -1 -1 -1 -1 -1 -1 -1 -1 0.134 0.134 0.2255 0.2255 0.2235 0.2235 0.539 0.539 0.539 0.5371 0.5371 0.6226 0.6226 0.5225 0.5225 0.5225 0.4911 0.4911 0.4951 0.4951 0.482 0.482 0.482 0.5141 0.5141 0.541 0.541 0.5425 0.5425 0.5425 0.5175 0.5175 0.5085 0.5085 0.4825 0.4825 0.4825 0.499 0.499 0.505 0.505 0.512 0.512 0.5192 0.5192 0.5192 0.503 0.503 0.5075 0.5075 0.5075 0.5075 0.5075 0.538 0.538 0.5585 0.5585 0.533 0.533 0.533 0.516 0.516 0.571 0.571 0.5761
-1 -1 -1 -1 -1 -1 -1 -1 -1 -1 -1 -1 0.134 0.134 0.2255 0.2255 0.2235 0.2235 0.539 0.539 0.539 0.5371 0.5371 0.6226 0.6226 0.5225 0.5225 0.5225 0.4911 0.4911 0.4951 0.4951 0.482 0.482 0.482 0.5141 0.5141 0.541 0.541 0.5425 0.5425 0.5425 0.5175 0.5175 0.5085 0.5085 0.4825 0.4825 0.4825 0.499 0.499 0.505 0.505 0.512 0.512 0.5192 0.5192 0.5192 0.503 0.503 0.5075 0.5075 0.5075 0.5075 0.5075 0.538 0.538 0.5585 0.5585 0.533 0.533 0.533 0.516 0.516 0.571 0.571 0.5761
-1 -1 -1 -1 -1 -1 -1 -1 -1 0.0912 0.0912 0.0912 0.1554 0.1554 0.1099 0.1099 0.0999 0.0999 0.1715 0.1715 0.1715 0.5755 0.5755 0.572 0.572 0.5965 0.5965 0.5965 0.4335 0.4335 0.444 0.444 0.4705 0.4705 0.4705 0.5395 0.5395 0.515 0.515 0.536 0.536 0.536 0.5685 0.5685 0.538 0.538 0.5652 0.5652 0.5652 0.5037 0.5037 0.4825 0.4825 0.5407 0.5407 0.5095 0.5095 0.5095 0.5135 0.5135 0.5707 0.5707 0.5707 0.5707 0.5707 0.577 0.577 0.572 0.572 0.5505 0.5505 0.5505 0.5397 0.5397 0.5557 0.5557 0.571
-1 -1 -1 -1 -1 -1 -1 -1 -1 0.0912 0.0912 0.0912 0.1554 0.1554 0.1099 0.1099 0.0999 0.0999 0.1715 0.1715 0.1715 0.5755 0.5755 0.572 0.572 0.5965 0.5965 0.5965 0.4335 0.4335 0.444 0.444 0.4705 0.4705 0.4705 0.5395 0.5395 0.515 0.515 0.536 0.536 0.536 0.5685 0.5685 0.538 0.538 0.5652 0.5652 0.5652 0.5037 0.5037 0.4825 0.4825 0.5407 0.5407 0.5095 0.5095 0.5095 0.5135 0.5135 0.5707 0.5707 0.5707 0.5707 0.5707 0.577 0.577 0.572 0.572 0.5505 0.5505 0.5505 0.5397 0.5397 0.5557 0.5557 0.571
-1 -1 -1 -1 -1 -1 -1 -1 -1 0.0912 0.0912 0.0912 0.1554 0.1554 0.1099 0.1099 0.0999 0.0999 0.1715 0.1715 0.1715 0.5755 0.5755 0.572 0.572 0.5965 0.5965 0.5965 0.4335 0.4335 0.444 0.444 0.4705 0.4705 0.4705 0.5395 0.5395 0.515 0.515 0.536 0.536 0.536 0.5685 0.5685 0.538 0.538 0.5652 0.5652 0.5652 0.5037 0.5037 0.4825 0.4825 0.5407 0.5407 0.5095 0.5095 0.5095 0.5135 0.5135 0.5707 0.5707 0.5707 0.5707 0.5707 0.577 0.577 0.572 0.572 0.5505 0.5505 0.5505 0.5397 0.5397 0.5557 0.5557 0.571
-1 -1 -1 -1 -1 -1 -1 -1 -1 -1 -1 -1 0.0764 0.0764 0.0369 0.0369 0.0619 0.0619 0.1482 0.1482 0.1482 0.481 0.481 0.5311 0.5311 0.6171 0.6171 0.6171 0.51 0.51 0.472 0.472 0.5156 0.5156 0.5156 0.5882 0.5882 0.542 0.542 0.533 0.533 0.533 0.5595 0.5595 0.537 0.537 0.5767 0.5767 0.5767 0.5327 0.5327 0.5352 0.5352 0.5312 0.5312 0.5102 0.5102 0.5102 0.5237 0.5237 0.5447 0.5447 0.5447 0.5447 0.5447 0.5312 0.5312 0.5415 0.5415 0.5795 0.5795 0.5795 0.6282 0.6282 0.5541 0.5541 0.5642
-1 -1 -1 -1 -1 -1 -1 -1 -1 -1 -1 -1 0.0764 0.0764 0.0369 0.0369 0.0619 0.0619 0.1482 0.1482 0.1482 0.481 0.481 0.5311 0.5311 0.6171 0.6171 0.6171 0.51 0.51 0.472 0.472 0.5156 0.5156 0.5156 0.5882 0.5882 0.542 0.542 0.533 0.533 0.533 0.5595 0.5595 0.537 0.537 0.5767 0.5767 0.5767 0.5327 0.5327 0.5352 0.5352 0.5312 0.5312 0.5102 0.5102 0.5102 0.5237 0.5237 0.5447 0.5447 0.5447 0.5447 0.5447 0.5312 0.5312 0.5415 0.5415 0.5795 0.5795 0.5795 0.6282 0.6282 0.5541 0.5541 0.5642
-1 -1 -1 -1 -1 -1 -1 -1 -1 -1 -1 -1 -1 -1 -1 -1 -1 -1 0.0449 0.0449 0.0449 0.354 0.354 0.6041 0.6041 0.5296 0.5296 0.5296 0.5642 0.5642 0.6077 0.6077 0.5337 0.5337 0.5337 0.4495 0.4495 0.536 0.536 0.5367 0.5367 0.5367 0.494 0.494 0.5282 0.5282 0.5485 0.5485 0.5485 0.5422 0.5422 0.5477 0.5477 0.5627 0.5627 0.5357 0.5357 0.5357 0.5427 0.5427 0.5067 0.5067 0.5067 0.5067 0.5067 0.5742 0.5742 0.5316 0.5316 0.598 0.598 0.598 0.5897 0.5897 0.5977 0.5977 0.5667
-1 -1 -1 -1 -1 -1 -1 -1 -1 -1 -1 -1 -1 -1 -1 -1 -1 -1 0.0449 0.0449 0.0449 0.354 0.354 0.6041 0.6041 0.5296 0.5296 0.5296 0.5642 0.5642 0.6077 0.6077 0.5337 0.5337 0.5337 0.4495 0.4495 0.536 0.536 0.5367 0.5367 0.5367 0.494 0.494 0.5282 0.5282 0.5485 0.5485 0.5485 0.5422 0.5422 0.5477 0.5477 0.5627 0.5627 0.5357 0.5357 0.5357 0.5427 0.5427 0.5067 0.5067 0.5067 0.5067 0.5067 0.5742 0.5742 0.5316 0.5316 0.598 0.598 0.598 0.5897 0.5897 0.5977 0.5977 0.5667
-1 -1 -1 -1 -1 -1 -1 -1 -1 -1 -1 -1 -1 -1 -1 -1 -1 -1 -1 -1 -1 0.1194 0.1194 0.3972 0.3972 0.5421 0.5421 0.5421 0.6031 0.6031 0.5787 0.5787 0.5182 0.5182 0.5182 0.4785 0.4785 0.5165 0.5165 0.5282 0.5282 0.5282 0.5412 0.5412 0.5501 0.5501 0.5785 0.5785 0.5785 0.525 0.525 0.5372 0.5372 0.5391999 0.5391999 0.5252 0.5252 0.5252 0.5671999 0.5671999 0.5147 0.5147 0.5147 0.5147 0.5147 0.5032 0.5032 0.6005 0.6005 0.5562 0.5562 0.5562 0.5797 0.5797 0.583 0.583 0.5345
-1 -1 -1 -1 -1 -1 -1 -1 -1 -1 -1 -1 -1 -1 -1 -1 -1 -1 -1 -1 -1 0.1194 0.1194 0.3972 0.3972 0.5421 0.5421 0.5421 0.6031 0.6031 0.5787 0.5787 0.5182 0.5182 0.5182 0.4785 0.4785 0.5165 0.5165 0.5282 0.5282 0.5282 0.5412 0.5412 0.5501 0.5501 0.5785 0.5785 0.5785 0.525 0.525 0.5372 0.5372 0.5391999 0.5391999 0.5252 0.5252 0.5252 0.5671999 0.5671999 0.5147 0.5147 0.5147 0.5147 0.5147 0.5032 0.5032 0.6005 0.6005 0.5562 0.5562 0.5562 0.5797 0.5797 0.583 0.583 0.5345
-1 -1 -1 -1 -1 -1 -1 -1 -1 -1 -1 -1 -1 -1 -1 -1 -1 -1 -1 -1 -1 0.1004 0.1004 0.5286 0.5286 0.472 0.472 0.472 0.5876 0.5876 0.6477 0.6477 0.6437 0.6437 0.6437 0.5907 0.5907 0.5077 0.5077 0.4602 0.4602 0.4602 0.4942 0.4942 0.5057 0.5057 0.6112 0.6112 0.6112 0.53 0.53 0.5657 0.5657 0.6092 0.6092 0.5942 0.5942 0.5942 0.5762 0.5762 0.5797 0.5797 0.5797 0.5797 0.5797 0.5332 0.5332 0.5607 0.5607 0.5345 0.5345 0.5345 0.5581 0.5581 0.5205 0.5205 0.5371
-1 -1 -1 -1 -1 -1 -1 -1 -1 -1 -1 -1 -1 -1 -1 -1 -1 -1 -1 -1 -1 0.1004 0.1004 0.5286 0.5286 0.472 0.472 0.472 0.5876 0.5876 0.6477 0.6477 0.6437 0.6437 0.6437 0.5907 0.5907 0.5077 0.5077 0.4602 0.4602 0.4602 0.4942 0.4942 0.5057 0.5057 0.6112 0.6112 0.6112 0.53 0.53 0.5657 0.5657 0.6092 0.6092 0.5942 0.5942 0.5942 0.5762 0.5762 0.5797 0.5797 0.5797 0.5797 0.5797 0.5332 0.5332 0.5607 0.5607 0.5345 0.5345 0.5345 0.5581 0.5581 0.5205 0.5205 0.5371
-1 -1 -1 -1 -1 -1 -1 -1 -1 -1 -1 -1 -1 -1 -1 -1 -1 -1 -1 -1 -1 0.1004 0.1004 0.5286 0.5286 0.472 0.472 0.472 0.5876 0.5876 0.6477 0.6477 0.6437 0.6437 0.6437 0.5907 0.5907 0.5077 0.5077 0.4602 0.4602 0.4602 0.4942 0.4942 0.5057 0.5057 0.6112 0.6112 0.6112 0.53 0.53 0.5657 0.5657 0.6092 0.6092 0.5942 0.5942 0.5942 0.5762 0.5762 0.5797 0.5797 0.5797 0.5797 0.5797 0.5332 0.5332 0.5607 0.5607 0.5345 0.5345 0.5345 0.5581 0.5581 0.5205 0.5205 0.5371
-1 -1 -1 -1 -1 -1 -1 -1 -1 -1 -1 -1 -1 -1 -1 -1 -1 -1 -1 -1 -1 -1 -1 0.1189 0.1189 0.1735 0.1735 0.1735 0.4886 0.4886 0.6457 0.6457 0.6007 0.6007 0.6007 0.4177 0.4177 0.1977 0.1977 0.2375 0.2375 0.2375 0.4475 0.4475 0.467 0.467 0.5367 0.5367 0.5367 0.5552 0.5552 0.542 0.542 0.6211 0.6211 0.6507 0.6507 0.6507 0.6377 0.6377 0.5852 0.5852 0.5852 0.5852 0.5852 0.5497 0.5497 0.5617 0.5617 0.613 0.613 0.613 0.6065 0.6065 0.562 0.562 0.5265
-1 -1 -1 -1 -1 -1 -1 -1 -1 -1 -1 -1 -1 -1 -1 -1 -1 -1 -1 -1 -1 -1 -1 0.1189 0.1189 0.1735 0.1735 0.1735 0.4886 0.4886 0.6457 0.6457 0.6007 0.6007 0.6007 0.4177 0.4177 0.1977 0.1977 0.2375 0.2375 0.2375 0.4475 0.4475 0.467 0.467 0.5367 0.5367 0.5367 0.5552 0.5552 0.542 0.542 0.6211 0.6211 0.6507 0.6507 0.6507 0.6377 0.6377 0.5852 0.5852 0.5852 0.5852 0.5852 0.5497 0.5497 0.5617 0.5617 0.613 0.613 0.613 0.6065 0.6065 0.562 0.562 0.5265
-1 -1 -1 -1 -1 -1 -1 -1 -1 -1 -1 -1 -1 -1 -1 -1 -1 -1 -1 -1 -1 -1 -1 -1 -1 0.2162 0.2162 0.2162 0.2882 0.2882 0.466 0.466 0.4565 0.4565 0.4565 0.2207 0.2207 0.1425 0.1425 0.187 0.187 0.187 0.31 0.31 0.4377 0.4377 0.6807 0.6807 0.6807 0.5302 0.5302 0.5982 0.5982 0.6437 0.6437 0.6082 0.6082 0.6082 0.6007 0.6007 0.5992 0.5992 0.5992 0.5992 0.5992 0.6052 0.6052 0.5897 0.5897 0.6025 0.6025 0.6025 0.6526 0.6526 0.552 0.552 0.5525
-1 -1 -1 -1 -1 -1 -1 -1 -1 -1 -1 -1 -1 -1 -1 -1 -1 -1 -1 -1 -1 -1 -1 -1 -1 0.2162 0.2162 0.2162 0.2882 0.2882 0.466 0.466 0.4565 0.4565 0.4565 0.2207 0.2207 0.1425 0.1425 0.187 0.187 0.187 0.31 0.31 0.4377 0.4377 0.6807 0.6807 0.6807 0.5302 0.5302 0.5982 0.5982 0.6437 0.6437 0.6082 0.6082 0.6082 0.6007 0.6007 0.5992 0.5992 0.5992 0.5992 0.5992 0.6052 0.6052 0.5897 0.5897 0.6025 0.6025 0.6025 0.6526 0.6526 0.552 0.552 0.5525
-1 -1 -1 -1 -1 -1 -1 -1 -1 -1 -1 -1 -1 -1 -1 -1 -1 -1 -1 -1 -1 -1 -1 -1 -1 0.0709 0.0709 0.0709 0.1682 0.1682 0.4285 0.4285 0.436 0.436 0.436 0.401 0.401 0.3195 0.3195 0.4345 0.4345 0.4345 0.5906 0.5906 0.5497 0.5497 0.6177 0.6177 0.6177 0.5527 0.5527 0.5267 0.5267 0.6012 0.6012 0.5597 0.5597 0.5597 0.5677 0.5677 0.6207 0.6207 0.6207 0.6207 0.6207 0.5537 0.5537 0.5407 0.5407 0.586 0.586 0.586 0.61 0.61 0.5905 0.5905 0.546
-1 -1 -1 -1 -1 -1 -1 -1 -1 -1 -1 -1 -1 -1 -1 -1 -1 -1 -1 -1 -1 -1 -1 -1 -1 0.0709 0.0709 0.0709 0.1682 0.1682 0.4285 0.4285 0.436 0.436 0.436 0.401 0.401 0.3195 0.3195 0.4345 0.4345 0.4345 0.5906 0.5906 0.5497 0.5497 0.6177 0.6177 0.6177 0.5527 0.5527 0.5267 0.5267 0.6012 0.6012 0.5597 0.5597 0.5597 0.5677 0.5677 0.6207 0.6207 0.6207 0.6207 0.6207 0.5537 0.5537 0.5407 0.5407 0.586 0.586 0.586 0.61 0.61 0.5905 0.5905 0.546
-1 -1 -1 -1 -1 -1 -1 -1 -1 -1 -1 -1 -1 -1 -1 -1 -1 -1 -1 -1 -1 -1 -1 -1 -1 0.0709 0.0709 0.0709 0.1682 0.1682 0.4285 0.4285 0.436 0.436 0.436 0.401 0.401 0.3195 0.3195 0.4345 0.4345 0.4345 0.5906 0.5906 0.5497 0.5497 0.6177 0.6177 0.6177 0.5527 0.5527 0.5267 0.5267 0.6012 0.6012 0.5597 0.5597 0.5597 0.5677 0.5677 0.6207 0.6207 0.6207 0.6207 0.6207 0.5537 0.5537 0.5407 0.5407 0.586 0.586 0.586 0.61 0.61 0.5905 0.5905 0.546
