ndvi/NOAA-254.asc
ncols         252
nrows         154
xllcorner     -18.017974
yllcorner     13.481982
cellsize      0.035948
NODATA_value  -9999
[rows 102 to 135 of 154, columns 78 to 155 of 252]
0.207 0.1985 0.1985 0.2285 0.2285 0.233 0.233 0.233 0.227 0.227 0.215 0.215 0.209 0.209 0.226 0.226 0.226 0.225 0.225 0.2155 0.2155 0.2315 0.2315 0.2315 0.23 0.23 0.226 0.226 0.226 0.226 0.226 0.2355 0.2355 0.2245 0.2245 0.232 0.232 0.232 0.2355 0.2355 0.25 0.25 0.25 0.25 0.25 0.246 0.246 0.2465 0.2465 0.2605 0.2605 0.253 0.253 0.253 0.256 0.256 0.2095 0.2095 0.2175 0.2175 0.2175 0.237 0.237 0.247 0.247 0.256 0.256 0.256 0.263 0.263 0.2475 0.2475 0.234 0.234 0.234 0.2305 0.2305 0.2135
0.224 0.2195 0.2195 0.217 0.217 0.2245 0.2245 0.2245 0.2235 0.2235 0.2135 0.2135 0.2035 0.2035 0.2215 0.2215 0.2215 0.231 0.231 0.232 0.232 0.2415 0.2415 0.2415 0.246 0.246 0.225 0.225 0.2265 0.2265 0.2265 0.232 0.232 0.236 0.236 0.246 0.246 0.246 0.236 0.236 0.231 0.231 0.235 0.235 0.235 0.239 0.239 0.2485 0.2485 0.25 0.25 0.259 0.259 0.259 0.2405 0.2405 0.2395 0.2395 0.221 0.221 0.221 0.237 0.237 0.245 0.245 0.254 0.254 0.254 0.241 0.241 0.2435 0.2435 0.23 0.23 0.23 0.2245 0.2245 0.2195
0.224 0.2195 0.2195 0.217 0.217 0.2245 0.2245 0.2245 0.2235 0.2235 0.2135 0.2135 0.2035 0.2035 0.2215 0.2215 0.2215 0.231 0.231 0.232 0.232 0.2415 0.2415 0.2415 0.246 0.246 0.225 0.225 0.2265 0.2265 0.2265 0.232 0.232 0.236 0.236 0.246 0.246 0.246 0.236 0.236 0.231 0.231 0.235 0.235 0.235 0.239 0.239 0.2485 0.2485 0.25 0.25 0.259 0.259 0.259 0.2405 0.2405 0.2395 0.2395 0.221 0.221 0.221 0.237 0.237 0.245 0.245 0.254 0.254 0.254 0.241 0.241 0.2435 0.2435 0.23 0.23 0.23 0.2245 0.2245 0.2195
0.224 0.2195 0.2195 0.217 0.217 0.2245 0.2245 0.2245 0.2235 0.2235 0.2135 0.2135 0.2035 0.2035 0.2215 0.2215 0.2215 0.231 0.231 0.232 0.232 0.2415 0.2415 0.2415 0.246 0.246 0.225 0.225 0.2265 0.2265 0.2265 0.232 0.232 0.236 0.236 0.246 0.246 0.246 0.236 0.236 0.231 0.231 0.235 0.235 0.235 0.239 0.239 0.2485 0.2485 0.25 0.25 0.259 0.259 0.259 0.2405 0.2405 0.2395 0.2395 0.221 0.221 0.221 0.237 0.237 0.245 0.245 0.254 0.254 0.254 0.241 0.241 0.2435 0.2435 0.23 0.23 0.23 0.2245 0.2245 0.2195
0.2405 0.2145 0.2145 0.2175 0.2175 0.231 0.231 0.231 0.212 0.212 0.2135 0.2135 0.2235 0.2235 0.227 0.227 0.227 0.2205 0.2205 0.2205 0.2205 0.2505 0.2505 0.2505 0.258 0.258 0.247 0.247 0.223 0.223 0.223 0.229 0.229 0.243 0.243 0.238 0.238 0.238 0.246 0.246 0.236 0.236 0.247 0.247 0.247 0.238 0.238 0.246 0.246 0.2535 0.2535 0.253 0.253 0.253 0.2435 0.2435 0.239 0.239 0.228 0.228 0.228 0.226 0.226 0.2285 0.2285 0.2495 0.2495 0.2495 0.248 0.248 0.237 0.237 0.222 0.222 0.222 0.2415 0.2415 0.2335
0.2405 0.2145 0.2145 0.2175 0.2175 0.231 0.231 0.231 0.212 0.212 0.2135 0.2135 0.2235 0.2235 0.227 0.227 0.227 0.2205 0.2205 0.2205 0.2205 0.2505 0.2505 0.2505 0.258 0.258 0.247 0.247 0.223 0.223 0.223 0.229 0.229 0.243 0.243 0.238 0.238 0.238 0.246 0.246 0.236 0.236 0.247 0.247 0.247 0.238 0.238 0.246 0.246 0.2535 0.2535 0.253 0.253 0.253 0.2435 0.2435 0.239 0.239 0.228 0.228 0.228 0.226 0.226 0.2285 0.2285 0.2495 0.2495 0.2495 0.248 0.248 0.237 0.237 0.222 0.222 0.222 0.2415 0.2415 0.2335
0.241 0.237 0.237 0.2355 0.2355 0.228 0.228 0.228 0.2215 0.2215 0.216 0.216 0.242 0.242 0.226 0.226 0.226 0.231 0.231 0.2435 0.2435 0.253 0.253 0.253 0.2675 0.2675 0.2565 0.2565 0.251 0.251 0.251 0.2455 0.2455 0.242 0.242 0.2515 0.2515 0.2515 0.2505 0.2505 0.2495 0.2495 0.2425 0.2425 0.2425 0.242 0.242 0.242 0.242 0.234 0.234 0.2435 0.2435 0.2435 0.2535 0.2535 0.2485 0.2485 0.224 0.224 0.224 0.2455 0.2455 0.2565 0.2565 0.2435 0.2435 0.2435 0.243 0.243 0.2535 0.2535 0.2455 0.2455 0.2455 0.236 0.236 0.2455
0.241 0.237 0.237 0.2355 0.2355 0.228 0.228 0.228 0.2215 0.2215 0.216 0.216 0.242 0.242 0.226 0.226 0.226 0.231 0.231 0.2435 0.2435 0.253 0.253 0.253 0.2675 0.2675 0.2565 0.2565 0.251 0.251 0.251 0.2455 0.2455 0.242 0.242 0.2515 0.2515 0.2515 0.2505 0.2505 0.2495 0.2495 0.2425 0.2425 0.2425 0.242 0.242 0.242 0.242 0.234 0.234 0.2435 0.2435 0.2435 0.2535 0.2535 0.2485 0.2485 0.224 0.224 0.224 0.2455 0.2455 0.2565 0.2565 0.2435 0.2435 0.2435 0.243 0.243 0.2535 0.2535 0.2455 0.2455 0.2455 0.236 0.236 0.2455
0.2615 0.245 0.245 0.249 0.249 0.228 0.228 0.228 0.2365 0.2365 0.235 0.235 0.253 0.253 0.2625 0.2625 0.2625 0.24 0.24 0.2415 0.2415 0.2425 0.2425 0.2425 0.259 0.259 0.262 0.262 0.2495 0.2495 0.2495 0.246 0.246 0.257 0.257 0.238 0.238 0.238 0.2375 0.2375 0.239 0.239 0.2195 0.2195 0.2195 0.223 0.223 0.248 0.248 0.2455 0.2455 0.2485 0.2485 0.2485 0.251 0.251 0.2635 0.2635 0.2585 0.2585 0.2585 0.259 0.259 0.26 0.26 0.2635 0.2635 0.2635 0.2665 0.2665 0.269 0.269 0.2415 0.2415 0.2415 0.24 0.24 0.244
0.2615 0.245 0.245 0.249 0.249 0.228 0.228 0.228 0.2365 0.2365 0.235 0.235 0.253 0.253 0.2625 0.2625 0.2625 0.24 0.24 0.2415 0.2415 0.2425 0.2425 0.2425 0.259 0.259 0.262 0.262 0.2495 0.2495 0.2495 0.246 0.246 0.257 0.257 0.238 0.238 0.238 0.2375 0.2375 0.239 0.239 0.2195 0.2195 0.2195 0.223 0.223 0.248 0.248 0.2455 0.2455 0.2485 0.2485 0.2485 0.251 0.251 0.2635 0.2635 0.2585 0.2585 0.2585 0.259 0.259 0.26 0.26 0.2635 0.2635 0.2635 0.2665 0.2665 0.269 0.269 0.2415 0.2415 0.2415 0.24 0.24 0.244
0.2615 0.245 0.245 0.249 0.249 0.228 0.228 0.228 0.2365 0.2365 0.235 0.235 0.253 0.253 0.2625 0.2625 0.2625 0.24 0.24 0.2415 0.2415 0.2425 0.2425 0.2425 0.259 0.259 0.262 0.262 0.2495 0.2495 0.2495 0.246 0.246 0.257 0.257 0.238 0.238 0.238 0.2375 0.2375 0.239 0.239 0.2195 0.2195 0.2195 0.223 0.223 0.248 0.248 0.2455 0.2455 0.2485 0.2485 0.2485 0.251 0.251 0.2635 0.2635 0.2585 0.2585 0.2585 0.259 0.259 0.26 0.26 0.2635 0.2635 0.2635 0.2665 0.2665 0.269 0.269 0.2415 0.2415 0.2415 0.24 0.24 0.244
0.235 0.2615 0.2615 0.259 0.259 0.2375 0.2375 0.2375 0.241 0.241 0.2355 0.2355 0.234 0.234 0.234 0.234 0.234 0.234 0.234 0.248 0.248 0.2485 0.2485 0.2485 0.2615 0.2615 0.2415 0.2415 0.2405 0.2405 0.2405 0.2385 0.2385 0.255 0.255 0.2475 0.2475 0.2475 0.2625 0.2625 0.2495 0.2495 0.2485 0.2485 0.2485 0.241 0.241 0.257 0.257 0.272 0.272 0.2555 0.2555 0.2555 0.276 0.276 0.264 0.264 0.2625 0.2625 0.2625 0.2625 0.2625 0.265 0.265 0.2715 0.2715 0.2715 0.271 0.271 0.2695 0.2695 0.246 0.246 0.246 0.2385 0.2385 0.2275
0.235 0.2615 0.2615 0.259 0.259 0.2375 0.2375 0.2375 0.241 0.241 0.2355 0.2355 0.234 0.234 0.234 0.234 0.234 0.234 0.234 0.248 0.248 0.2485 0.2485 0.2485 0.2615 0.2615 0.2415 0.2415 0.2405 0.2405 0.2405 0.2385 0.2385 0.255 0.255 0.2475 0.2475 0.2475 0.2625 0.2625 0.2495 0.2495 0.2485 0.2485 0.2485 0.241 0.241 0.257 0.257 0.272 0.272 0.2555 0.2555 0.2555 0.276 0.276 0.264 0.264 0.2625 0.2625 0.2625 0.2625 0.2625 0.265 0.265 0.2715 0.2715 0.2715 0.271 0.271 0.2695 0.2695 0.246 0.246 0.246 0.2385 0.2385 0.2275
0.218 0.2285 0.2285 0.23 0.23 0.233 0.233 0.233 0.2315 0.2315 0.2405 0.2405 0.2445 0.2445 0.2425 0.2425 0.2425 0.2465 0.2465 0.244 0.244 0.242 0.242 0.242 0.2555 0.2555 0.2495 0.2495 0.2535 0.2535 0.2535 0.247 0.247 0.2415 0.2415 0.246 0.246 0.246 0.2585 0.2585 0.2375 0.2375 0.256 0.256 0.256 0.2395 0.2395 0.268 0.268 0.276 0.276 0.272 0.272 0.272 0.265 0.265 0.268 0.268 0.2725 0.2725 0.2725 0.2715 0.2715 0.2535 0.2535 0.2615 0.2615 0.2615 0.262 0.262 0.2725 0.2725 0.252 0.252 0.252 0.237 0.237 0.23
0.218 0.2285 0.2285 0.23 0.23 0.233 0.233 0.233 0.2315 0.2315 0.2405 0.2405 0.2445 0.2445 0.2425 0.2425 0.2425 0.2465 0.2465 0.244 0.244 0.242 0.242 0.242 0.2555 0.2555 0.2495 0.2495 0.2535 0.2535 0.2535 0.247 0.247 0.2415 0.2415 0.246 0.246 0.246 0.2585 0.2585 0.2375 0.2375 0.256 0.256 0.256 0.2395 0.2395 0.268 0.268 0.276 0.276 0.272 0.272 0.272 0.265 0.265 0.268 0.268 0.2725 0.2725 0.2725 0.2715 0.2715 0.2535 0.2535 0.2615 0.2615 0.2615 0.262 0.262 0.2725 0.2725 0.252 0.252 0.252 0.237 0.237 0.23
0.2065 0.2155 0.2155 0.2375 0.2375 0.231 0.231 0.231 0.237 0.237 0.2285 0.2285 0.248 0.248 0.247 0.247 0.247 0.2455 0.2455 0.2425 0.2425 0.2615 0.2615 0.2615 0.2475 0.2475 0.2515 0.2515 0.232 0.232 0.232 0.218 0.218 0.2505 0.2505 0.236 0.236 0.236 0.252 0.252 0.25 0.25 0.2565 0.2565 0.2565 0.2525 0.2525 0.269 0.269 0.273 0.273 0.283 0.283 0.283 0.282 0.282 0.271 0.271 0.273 0.273 0.273 0.27 0.27 0.2615 0.2615 0.2565 0.2565 0.2565 0.257 0.257 0.26 0.26 0.2595 0.2595 0.2595 0.2575 0.2575 0.2425
0.2065 0.2155 0.2155 0.2375 0.2375 0.231 0.231 0.231 0.237 0.237 0.2285 0.2285 0.248 0.248 0.247 0.247 0.247 0.2455 0.2455 0.2425 0.2425 0.2615 0.2615 0.2615 0.2475 0.2475 0.2515 0.2515 0.232 0.232 0.232 0.218 0.218 0.2505 0.2505 0.236 0.236 0.236 0.252 0.252 0.25 0.25 0.2565 0.2565 0.2565 0.2525 0.2525 0.269 0.269 0.273 0.273 0.283 0.283 0.283 0.282 0.282 0.271 0.271 0.273 0.273 0.273 0.27 0.27 0.2615 0.2615 0.2565 0.2565 0.2565 0.257 0.257 0.26 0.26 0.2595 0.2595 0.2595 0.2575 0.2575 0.2425
0.2065 0.2155 0.2155 0.2375 0.2375 0.231 0.231 0.231 0.237 0.237 0.2285 0.2285 0.248 0.248 0.247 0.247 0.247 0.2455 0.2455 0.2425 0.2425 0.2615 0.2615 0.2615 0.2475 0.2475 0.2515 0.2515 0.232 0.232 0.232 0.218 0.218 0.2505 0.2505 0.236 0.236 0.236 0.252 0.252 0.25 0.25 0.2565 0.2565 0.2565 0.2525 0.2525 0.269 0.269 0.273 0.273 0.283 0.283 0.283 0.282 0.282 0.271 0.271 0.273 0.273 0.273 0.27 0.27 0.2615 0.2615 0.2565 0.2565 0.2565 0.257 0.257 0.26 0.26 0.2595 0.2595 0.2595 0.2575 0.2575 0.2425
0.2205 0.219 0.219 0.229 0.229 0.2275 0.2275 0.2275 0.2335 0.2335 0.252 0.252 0.26 0.26 0.238 0.238 0.238 0.26 0.26 0.264 0.264 0.2495 0.2495 0.2495 0.254 0.254 0.2615 0.2615 0.236 0.236 0.236 0.2385 0.2385 0.248 0.248 0.264 0.264 0.264 0.275 0.275 0.2725 0.2725 0.275 0.275 0.275 0.267 0.267 0.27 0.27 0.279 0.279 0.2735 0.2735 0.2735 0.268 0.268 0.275 0.275 0.2725 0.2725 0.2725 0.2685 0.2685 0.266 0.266 0.267 0.267 0.267 0.249 0.249 0.251 0.251 0.2565 0.2565 0.2565 0.259 0.259 0.256
0.2205 0.219 0.219 0.229 0.229 0.2275 0.2275 0.2275 0.2335 0.2335 0.252 0.252 0.26 0.26 0.238 0.238 0.238 0.26 0.26 0.264 0.264 0.2495 0.2495 0.2495 0.254 0.254 0.2615 0.2615 0.236 0.236 0.236 0.2385 0.2385 0.248 0.248 0.264 0.264 0.264 0.275 0.275 0.2725 0.2725 0.275 0.275 0.275 0.267 0.267 0.27 0.27 0.279 0.279 0.2735 0.2735 0.2735 0.268 0.268 0.275 0.275 0.2725 0.2725 0.2725 0.2685 0.2685 0.266 0.266 0.267 0.267 0.267 0.249 0.249 0.251 0.251 0.2565 0.2565 0.2565 0.259 0.259 0.256
0.2325 0.216 0.216 0.2305 0.2305 0.239 0.239 0.239 0.25 0.25 0.248 0.248 0.258 0.258 0.257 0.257 0.257 0.255 0.255 0.2485 0.2485 0.263 0.263 0.263 0.2645 0.2645 0.255 0.255 0.259 0.259 0.259 0.2645 0.2645 0.2765 0.2765 0.28 0.28 0.28 0.291 0.291 0.28 0.28 0.276 0.276 0.276 0.288 0.288 0.283 0.283 0.274 0.274 0.258 0.258 0.258 0.269 0.269 0.274 0.274 0.2855 0.2855 0.2855 0.288 0.288 0.282 0.282 0.268 0.268 0.268 0.269 0.269 0.2595 0.2595 0.2575 0.2575 0.2575 0.2665 0.2665 0.263
0.2325 0.216 0.216 0.2305 0.2305 0.239 0.239 0.239 0.25 0.25 0.248 0.248 0.258 0.258 0.257 0.257 0.257 0.255 0.255 0.2485 0.2485 0.263 0.263 0.263 0.2645 0.2645 0.255 0.255 0.259 0.259 0.259 0.2645 0.2645 0.2765 0.2765 0.28 0.28 0.28 0.291 0.291 0.28 0.28 0.276 0.276 0.276 0.288 0.288 0.283 0.283 0.274 0.274 0.258 0.258 0.258 0.269 0.269 0.274 0.274 0.2855 0.2855 0.2855 0.288 0.288 0.282 0.282 0.268 0.268 0.268 0.269 0.269 0.2595 0.2595 0.2575 0.2575 0.2575 0.2665 0.2665 0.263
0.265 0.2465 0.2465 0.231 0.231 0.244 0.244 0.244 0.248 0.248 0.2605 0.2605 0.254 0.254 0.2535 0.2535 0.2535 0.2675 0.2675 0.2585 0.2585 0.2635 0.2635 0.2635 0.2385 0.2385 0.2535 0.2535 0.2695 0.2695 0.2695 0.27 0.27 0.278 0.278 0.2855 0.2855 0.2855 0.2815 0.2815 0.27 0.27 0.28 0.28 0.28 0.269 0.269 0.2825 0.2825 0.278 0.278 0.2885 0.2885 0.2885 0.2645 0.2645 0.2775 0.2775 0.286 0.286 0.286 0.2775 0.2775 0.2795 0.2795 0.2675 0.2675 0.2675 0.2615 0.2615 0.2455 0.2455 0.2525 0.2525 0.2525 0.281 0.281 0.278
0.265 0.2465 0.2465 0.231 0.231 0.244 0.244 0.244 0.248 0.248 0.2605 0.2605 0.254 0.254 0.2535 0.2535 0.2535 0.2675 0.2675 0.2585 0.2585 0.2635 0.2635 0.2635 0.2385 0.2385 0.2535 0.2535 0.2695 0.2695 0.2695 0.27 0.27 0.278 0.278 0.2855 0.2855 0.2855 0.2815 0.2815 0.27 0.27 0.28 0.28 0.28 0.269 0.269 0.2825 0.2825 0.278 0.278 0.2885 0.2885 0.2885 0.2645 0.2645 0.2775 0.2775 0.286 0.286 0.286 0.2775 0.2775 0.2795 0.2795 0.2675 0.2675 0.2675 0.2615 0.2615 0.2455 0.2455 0.2525 0.2525 0.2525 0.281 0.281 0.278
0.274 0.252 0.252 0.2375 0.2375 0.2565 0.2565 0.2565 0.2565 0.2565 0.253 0.253 0.2615 0.2615 0.26 0.26 0.26 0.253 0.253 0.2645 0.2645 0.253 0.253 0.253 0.2515 0.2515 0.2645 0.2645 0.259 0.259 0.259 0.266 0.266 0.2835 0.2835 0.2785 0.2785 0.2785 0.2795 0.2795 0.2705 0.2705 0.2755 0.2755 0.2755 0.2755 0.2755 0.278 0.278 0.2815 0.2815 0.2765 0.2765 0.2765 0.269 0.269 0.278 0.278 0.2775 0.2775 0.2775 0.2745 0.2745 0.265 0.265 0.2565 0.2565 0.2565 0.2675 0.2675 0.255 0.255 0.2535 0.2535 0.2535 0.267 0.267 0.267
0.274 0.252 0.252 0.2375 0.2375 0.2565 0.2565 0.2565 0.2565 0.2565 0.253 0.253 0.2615 0.2615 0.26 0.26 0.26 0.253 0.253 0.2645 0.2645 0.253 0.253 0.253 0.2515 0.2515 0.2645 0.2645 0.259 0.259 0.259 0.266 0.266 0.2835 0.2835 0.2785 0.2785 0.2785 0.2795 0.2795 0.2705 0.2705 0.2755 0.2755 0.2755 0.2755 0.2755 0.278 0.278 0.2815 0.2815 0.2765 0.2765 0.2765 0.269 0.269 0.278 0.278 0.2775 0.2775 0.2775 0.2745 0.2745 0.265 0.265 0.2565 0.2565 0.2565 0.2675 0.2675 0.255 0.255 0.2535 0.2535 0.2535 0.267 0.267 0.267
0.274 0.252 0.252 0.2375 0.2375 0.2565 0.2565 0.2565 0.2565 0.2565 0.253 0.253 0.2615 0.2615 0.26 0.26 0.26 0.253 0.253 0.2645 0.2645 0.253 0.253 0.253 0.2515 0.2515 0.2645 0.2645 0.259 0.259 0.259 0.266 0.266 0.2835 0.2835 0.2785 0.2785 0.2785 0.2795 0.2795 0.2705 0.2705 0.2755 0.2755 0.2755 0.2755 0.2755 0.278 0.278 0.2815 0.2815 0.2765 0.2765 0.2765 0.269 0.269 0.278 0.278 0.2775 0.2775 0.2775 0.2745 0.2745 0.265 0.265 0.2565 0.2565 0.2565 0.2675 0.2675 0.255 0.255 0.2535 0.2535 0.2535 0.267 0.267 0.267
0.2665 0.268 0.268 0.2545 0.2545 0.259 0.259 0.259 0.2715 0.2715 0.2585 0.2585 0.2545 0.2545 0.2645 0.2645 0.2645 0.2535 0.2535 0.2595 0.2595 0.263 0.263 0.263 0.2535 0.2535 0.272 0.272 0.2625 0.2625 0.2625 0.2475 0.2475 0.265 0.265 0.2625 0.2625 0.2625 0.271 0.271 0.278 0.278 0.274 0.274 0.274 0.279 0.279 0.273 0.273 0.273 0.273 0.2735 0.2735 0.2735 0.2655 0.2655 0.259 0.259 0.269 0.269 0.269 0.2545 0.2545 0.2645 0.2645 0.274 0.274 0.274 0.2625 0.2625 0.265 0.265 0.2705 0.2705 0.2705 0.267 0.267 0.2755
0.2665 0.268 0.268 0.2545 0.2545 0.259 0.259 0.259 0.2715 0.2715 0.2585 0.2585 0.2545 0.2545 0.2645 0.2645 0.2645 0.2535 0.2535 0.2595 0.2595 0.263 0.263 0.263 0.2535 0.2535 0.272 0.272 0.2625 0.2625 0.2625 0.2475 0.2475 0.265 0.265 0.2625 0.2625 0.2625 0.271 0.271 0.278 0.278 0.274 0.274 0.274 0.279 0.279 0.273 0.273 0.273 0.273 0.2735 0.2735 0.2735 0.2655 0.2655 0.259 0.259 0.269 0.269 0.269 0.2545 0.2545 0.2645 0.2645 0.274 0.274 0.274 0.2625 0.2625 0.265 0.265 0.2705 0.2705 0.2705 0.267 0.267 0.2755
0.27 0.284 0.284 0.2655 0.2655 0.2685 0.2685 0.2685 0.275 0.275 0.2645 0.2645 0.2795 0.2795 0.2755 0.2755 0.2755 0.2775 0.2775 0.2685 0.2685 0.2635 0.2635 0.2635 0.2725 0.2725 0.274 0.274 0.2725 0.2725 0.2725 0.265 0.265 0.2615 0.2615 0.2705 0.2705 0.2705 0.263 0.263 0.278 0.278 0.275 0.275 0.275 0.2865 0.2865 0.2745 0.2745 0.281 0.281 0.2635 0.2635 0.2635 0.266 0.266 0.275 0.275 0.263 0.263 0.263 0.2715 0.2715 0.2705 0.2705 0.2605 0.2605 0.2605 0.2805 0.2805 0.2715 0.2715 0.279 0.279 0.279 0.2865 0.2865 0.2755
0.27 0.284 0.284 0.2655 0.2655 0.2685 0.2685 0.2685 0.275 0.275 0.2645 0.2645 0.2795 0.2795 0.2755 0.2755 0.2755 0.2775 0.2775 0.2685 0.2685 0.2635 0.2635 0.2635 0.2725 0.2725 0.274 0.274 0.2725 0.2725 0.2725 0.265 0.265 0.2615 0.2615 0.2705 0.2705 0.2705 0.263 0.263 0.278 0.278 0.275 0.275 0.275 0.2865 0.2865 0.2745 0.2745 0.281 0.281 0.2635 0.2635 0.2635 0.266 0.266 0.275 0.275 0.263 0.263 0.263 0.2715 0.2715 0.2705 0.2705 0.2605 0.2605 0.2605 0.2805 0.2805 0.2715 0.2715 0.279 0.279 0.279 0.2865 0.2865 0.2755
0.262 0.2655 0.2655 0.2755 0.2755 0.266 0.266 0.266 0.2725 0.2725 0.265 0.265 0.273 0.273 0.282 0.282 0.282 0.2725 0.2725 0.2735 0.2735 0.287 0.287 0.287 0.2755 0.2755 0.277 0.277 0.262 0.262 0.262 0.2795 0.2795 0.265 0.265 0.2825 0.2825 0.2825 0.2895 0.2895 0.2845 0.2845 0.293 0.293 0.293 0.2995 0.2995 0.294 0.294 0.288 0.288 0.2865 0.2865 0.2865 0.2895 0.2895 0.304 0.304 0.2925 0.2925 0.2925 0.2855 0.2855 0.2785 0.2785 0.2775 0.2775 0.2775 0.3015 0.3015 0.29 0.29 0.2825 0.2825 0.2825 0.286 0.286 0.2795
0.262 0.2655 0.2655 0.2755 0.2755 0.266 0.266 0.266 0.2725 0.2725 0.265 0.265 0.273 0.273 0.282 0.282 0.282 0.2725 0.2725 0.2735 0.2735 0.287 0.287 0.287 0.2755 0.2755 0.277 0.277 0.262 0.262 0.262 0.2795 0.2795 0.265 0.265 0.2825 0.2825 0.2825 0.2895 0.2895 0.2845 0.2845 0.293 0.293 0.293 0.2995 0.2995 0.294 0.294 0.288 0.288 0.2865 0.2865 0.2865 0.2895 0.2895 0.304 0.304 0.2925 0.2925 0.2925 0.2855 0.2855 0.2785 0.2785 0.2775 0.2775 0.2775 0.3015 0.3015 0.29 0.29 0.2825 0.2825 0.2825 0.286 0.286 0.2795
0.262 0.2655 0.2655 0.2755 0.2755 0.266 0.266 0.266 0.2725 0.2725 0.265 0.265 0.273 0.273 0.282 0.282 0.282 0.2725 0.2725 0.2735 0.2735 0.287 0.287 0.287 0.2755 0.2755 0.277 0.277 0.262 0.262 0.262 0.2795 0.2795 0.265 0.265 0.2825 0.2825 0.2825 0.2895 0.2895 0.2845 0.2845 0.293 0.293 0.293 0.2995 0.2995 0.294 0.294 0.288 0.288 0.2865 0.2865 0.2865 0.2895 0.2895 0.304 0.304 0.2925 0.2925 0.2925 0.2855 0.2855 0.2785 0.2785 0.2775 0.2775 0.2775 0.3015 0.3015 0.29 0.29 0.2825 0.2825 0.2825 0.286 0.286 0.2795
