ndvi/NOAA-53.asc
ncols         252
nrows         154
xllcorner     -18.017974
yllcorner     13.481982
cellsize      0.035948
NODATA_value  -9999
[rows 105 to 139 of 154, columns 77 to 153 of 252]
0.2545 0.2545 0.2515 0.2515 0.2535 0.2535 0.2415 0.2415 0.2415 0.24 0.24 0.229 0.229 0.2075 0.2075 0.213 0.213 0.213 0.21 0.21 0.225 0.225 0.2325 0.2325 0.2325 0.265 0.265 0.256 0.256 0.2565 0.2565 0.2565 0.267 0.267 0.274 0.274 0.267 0.267 0.267 0.2715 0.2715 0.266 0.266 0.263 0.263 0.263 0.2645 0.2645 0.273 0.273 0.2725 0.2725 0.2605 0.2605 0.2605 0.2505 0.2505 0.27 0.27 0.2445 0.2445 0.2445 0.254 0.254 0.2415 0.2415 0.256 0.256 0.256 0.2465 0.2465 0.241 0.241 0.253 0.253 0.253 0.243
0.2485 0.2485 0.2475 0.2475 0.2505 0.2505 0.236 0.236 0.236 0.219 0.219 0.226 0.226 0.22 0.22 0.22 0.22 0.22 0.2075 0.2075 0.225 0.225 0.242 0.242 0.242 0.2575 0.2575 0.246 0.246 0.2365 0.2365 0.2365 0.2635 0.2635 0.2685 0.2685 0.268 0.268 0.268 0.2595 0.2595 0.251 0.251 0.262 0.262 0.262 0.258 0.258 0.276 0.276 0.2625 0.2625 0.2475 0.2475 0.2475 0.2475 0.2475 0.2585 0.2585 0.2165 0.2165 0.2165 0.243 0.243 0.2335 0.2335 0.2575 0.2575 0.2575 0.236 0.236 0.237 0.237 0.243 0.243 0.243 0.2405
0.2485 0.2485 0.2475 0.2475 0.2505 0.2505 0.236 0.236 0.236 0.219 0.219 0.226 0.226 0.22 0.22 0.22 0.22 0.22 0.2075 0.2075 0.225 0.225 0.242 0.242 0.242 0.2575 0.2575 0.246 0.246 0.2365 0.2365 0.2365 0.2635 0.2635 0.2685 0.2685 0.268 0.268 0.268 0.2595 0.2595 0.251 0.251 0.262 0.262 0.262 0.258 0.258 0.276 0.276 0.2625 0.2625 0.2475 0.2475 0.2475 0.2475 0.2475 0.2585 0.2585 0.2165 0.2165 0.2165 0.243 0.243 0.2335 0.2335 0.2575 0.2575 0.2575 0.236 0.236 0.237 0.237 0.243 0.243 0.243 0.2405
0.2525 0.2525 0.2435 0.2435 0.2505 0.2505 0.2295 0.2295 0.2295 0.2425 0.2425 0.228 0.228 0.246 0.246 0.234 0.234 0.234 0.245 0.245 0.2545 0.2545 0.257 0.257 0.257 0.2655 0.2655 0.2495 0.2495 0.2465 0.2465 0.2465 0.2595 0.2595 0.2695 0.2695 0.2555 0.2555 0.2555 0.2435 0.2435 0.241 0.241 0.24 0.24 0.24 0.2325 0.2325 0.259 0.259 0.26 0.26 0.261 0.261 0.261 0.252 0.252 0.2595 0.2595 0.2415 0.2415 0.2415 0.2465 0.2465 0.2665 0.2665 0.283 0.283 0.283 0.262 0.262 0.2245 0.2245 0.2215 0.2215 0.2215 0.2335
0.2525 0.2525 0.2435 0.2435 0.2505 0.2505 0.2295 0.2295 0.2295 0.2425 0.2425 0.228 0.228 0.246 0.246 0.234 0.234 0.234 0.245 0.245 0.2545 0.2545 0.257 0.257 0.257 0.2655 0.2655 0.2495 0.2495 0.2465 0.2465 0.2465 0.2595 0.2595 0.2695 0.2695 0.2555 0.2555 0.2555 0.2435 0.2435 0.241 0.241 0.24 0.24 0.24 0.2325 0.2325 0.259 0.259 0.26 0.26 0.261 0.261 0.261 0.252 0.252 0.2595 0.2595 0.2415 0.2415 0.2415 0.2465 0.2465 0.2665 0.2665 0.283 0.283 0.283 0.262 0.262 0.2245 0.2245 0.2215 0.2215 0.2215 0.2335
0.2505 0.2505 0.2545 0.2545 0.247 0.247 0.2435 0.2435 0.2435 0.231 0.231 0.2415 0.2415 0.2665 0.2665 0.276 0.276 0.276 0.2575 0.2575 0.2585 0.2585 0.266 0.266 0.266 0.257 0.257 0.246 0.246 0.2645 0.2645 0.2645 0.2805 0.2805 0.2585 0.2585 0.264 0.264 0.264 0.2275 0.2275 0.2305 0.2305 0.2215 0.2215 0.2215 0.2375 0.2375 0.24 0.24 0.2495 0.2495 0.266 0.266 0.266 0.2645 0.2645 0.2565 0.2565 0.249 0.249 0.249 0.259 0.259 0.2705 0.2705 0.2835 0.2835 0.2835 0.3 0.3 0.284 0.284 0.2635 0.2635 0.2635 0.2255
0.2505 0.2505 0.2545 0.2545 0.247 0.247 0.2435 0.2435 0.2435 0.231 0.231 0.2415 0.2415 0.2665 0.2665 0.276 0.276 0.276 0.2575 0.2575 0.2585 0.2585 0.266 0.266 0.266 0.257 0.257 0.246 0.246 0.2645 0.2645 0.2645 0.2805 0.2805 0.2585 0.2585 0.264 0.264 0.264 0.2275 0.2275 0.2305 0.2305 0.2215 0.2215 0.2215 0.2375 0.2375 0.24 0.24 0.2495 0.2495 0.266 0.266 0.266 0.2645 0.2645 0.2565 0.2565 0.249 0.249 0.249 0.259 0.259 0.2705 0.2705 0.2835 0.2835 0.2835 0.3 0.3 0.284 0.284 0.2635 0.2635 0.2635 0.2255
0.2505 0.2505 0.2545 0.2545 0.247 0.247 0.2435 0.2435 0.2435 0.231 0.231 0.2415 0.2415 0.2665 0.2665 0.276 0.276 0.276 0.2575 0.2575 0.2585 0.2585 0.266 0.266 0.266 0.257 0.257 0.246 0.246 0.2645 0.2645 0.2645 0.2805 0.2805 0.2585 0.2585 0.264 0.264 0.264 0.2275 0.2275 0.2305 0.2305 0.2215 0.2215 0.2215 0.2375 0.2375 0.24 0.24 0.2495 0.2495 0.266 0.266 0.266 0.2645 0.2645 0.2565 0.2565 0.249 0.249 0.249 0.259 0.259 0.2705 0.2705 0.2835 0.2835 0.2835 0.3 0.3 0.284 0.284 0.2635 0.2635 0.2635 0.2255
0.253 0.253 0.2475 0.2475 0.2485 0.2485 0.256 0.256 0.256 0.256 0.256 0.2465 0.2465 0.25 0.25 0.2665 0.2665 0.2665 0.2655 0.2655 0.286 0.286 0.2725 0.2725 0.2725 0.2665 0.2665 0.2645 0.2645 0.245 0.245 0.245 0.2595 0.2595 0.2685 0.2685 0.2505 0.2505 0.2505 0.251 0.251 0.266 0.266 0.2565 0.2565 0.2565 0.2725 0.2725 0.2645 0.2645 0.259 0.259 0.259 0.259 0.259 0.274 0.274 0.256 0.256 0.274 0.274 0.274 0.2615 0.2615 0.253 0.253 0.2645 0.2645 0.2645 0.2705 0.2705 0.2425 0.2425 0.2655 0.2655 0.2655 0.219
0.253 0.253 0.2475 0.2475 0.2485 0.2485 0.256 0.256 0.256 0.256 0.256 0.2465 0.2465 0.25 0.25 0.2665 0.2665 0.2665 0.2655 0.2655 0.286 0.286 0.2725 0.2725 0.2725 0.2665 0.2665 0.2645 0.2645 0.245 0.245 0.245 0.2595 0.2595 0.2685 0.2685 0.2505 0.2505 0.2505 0.251 0.251 0.266 0.266 0.2565 0.2565 0.2565 0.2725 0.2725 0.2645 0.2645 0.259 0.259 0.259 0.259 0.259 0.274 0.274 0.256 0.256 0.274 0.274 0.274 0.2615 0.2615 0.253 0.253 0.2645 0.2645 0.2645 0.2705 0.2705 0.2425 0.2425 0.2655 0.2655 0.2655 0.219
0.2475 0.2475 0.2505 0.2505 0.2365 0.2365 0.224 0.224 0.224 0.239 0.239 0.233 0.233 0.2535 0.2535 0.275 0.275 0.275 0.2845 0.2845 0.2705 0.2705 0.2575 0.2575 0.2575 0.2665 0.2665 0.27 0.27 0.257 0.257 0.257 0.267 0.267 0.2705 0.2705 0.259 0.259 0.259 0.2525 0.2525 0.256 0.256 0.2565 0.2565 0.2565 0.27 0.27 0.261 0.261 0.275 0.275 0.2755 0.2755 0.2755 0.2545 0.2545 0.2615 0.2615 0.266 0.266 0.266 0.2555 0.2555 0.2535 0.2535 0.2625 0.2625 0.2625 0.2645 0.2645 0.27 0.27 0.258 0.258 0.258 0.218
0.2475 0.2475 0.2505 0.2505 0.2365 0.2365 0.224 0.224 0.224 0.239 0.239 0.233 0.233 0.2535 0.2535 0.275 0.275 0.275 0.2845 0.2845 0.2705 0.2705 0.2575 0.2575 0.2575 0.2665 0.2665 0.27 0.27 0.257 0.257 0.257 0.267 0.267 0.2705 0.2705 0.259 0.259 0.259 0.2525 0.2525 0.256 0.256 0.2565 0.2565 0.2565 0.27 0.27 0.261 0.261 0.275 0.275 0.2755 0.2755 0.2755 0.2545 0.2545 0.2615 0.2615 0.266 0.266 0.266 0.2555 0.2555 0.2535 0.2535 0.2625 0.2625 0.2625 0.2645 0.2645 0.27 0.27 0.258 0.258 0.258 0.218
0.2355 0.2355 0.2135 0.2135 0.192 0.192 0.218 0.218 0.218 0.229 0.229 0.24 0.24 0.2475 0.2475 0.267 0.267 0.267 0.2905 0.2905 0.281 0.281 0.277 0.277 0.277 0.279 0.279 0.2675 0.2675 0.2645 0.2645 0.2645 0.262 0.262 0.284 0.284 0.264 0.264 0.264 0.2425 0.2425 0.2385 0.2385 0.252 0.252 0.252 0.2655 0.2655 0.278 0.278 0.277 0.277 0.2735 0.2735 0.2735 0.248 0.248 0.2525 0.2525 0.2675 0.2675 0.2675 0.261 0.261 0.253 0.253 0.255 0.255 0.255 0.2695 0.2695 0.2695 0.2695 0.2765 0.2765 0.2765 0.2555
0.2355 0.2355 0.2135 0.2135 0.192 0.192 0.218 0.218 0.218 0.229 0.229 0.24 0.24 0.2475 0.2475 0.267 0.267 0.267 0.2905 0.2905 0.281 0.281 0.277 0.277 0.277 0.279 0.279 0.2675 0.2675 0.2645 0.2645 0.2645 0.262 0.262 0.284 0.284 0.264 0.264 0.264 0.2425 0.2425 0.2385 0.2385 0.252 0.252 0.252 0.2655 0.2655 0.278 0.278 0.277 0.277 0.2735 0.2735 0.2735 0.248 0.248 0.2525 0.2525 0.2675 0.2675 0.2675 0.261 0.261 0.253 0.253 0.255 0.255 0.255 0.2695 0.2695 0.2695 0.2695 0.2765 0.2765 0.2765 0.2555
0.2355 0.2355 0.2135 0.2135 0.192 0.192 0.218 0.218 0.218 0.229 0.229 0.24 0.24 0.2475 0.2475 0.267 0.267 0.267 0.2905 0.2905 0.281 0.281 0.277 0.277 0.277 0.279 0.279 0.2675 0.2675 0.2645 0.2645 0.2645 0.262 0.262 0.284 0.284 0.264 0.264 0.264 0.2425 0.2425 0.2385 0.2385 0.252 0.252 0.252 0.2655 0.2655 0.278 0.278 0.277 0.277 0.2735 0.2735 0.2735 0.248 0.248 0.2525 0.2525 0.2675 0.2675 0.2675 0.261 0.261 0.253 0.253 0.255 0.255 0.255 0.2695 0.2695 0.2695 0.2695 0.2765 0.2765 0.2765 0.2555
0.2375 0.2375 0.191 0.191 0.201 0.201 0.2055 0.2055 0.2055 0.22 0.22 0.2365 0.2365 0.2445 0.2445 0.2565 0.2565 0.2565 0.2925 0.2925 0.2905 0.2905 0.271 0.271 0.271 0.267 0.267 0.2735 0.2735 0.2765 0.2765 0.2765 0.274 0.274 0.293 0.293 0.2805 0.2805 0.2805 0.284 0.284 0.282 0.282 0.2835 0.2835 0.2835 0.2885 0.2885 0.299 0.299 0.274 0.274 0.3025 0.3025 0.3025 0.26 0.26 0.2635 0.2635 0.2645 0.2645 0.2645 0.255 0.255 0.262 0.262 0.264 0.264 0.264 0.273 0.273 0.2645 0.2645 0.267 0.267 0.267 0.269
0.2375 0.2375 0.191 0.191 0.201 0.201 0.2055 0.2055 0.2055 0.22 0.22 0.2365 0.2365 0.2445 0.2445 0.2565 0.2565 0.2565 0.2925 0.2925 0.2905 0.2905 0.271 0.271 0.271 0.267 0.267 0.2735 0.2735 0.2765 0.2765 0.2765 0.274 0.274 0.293 0.293 0.2805 0.2805 0.2805 0.284 0.284 0.282 0.282 0.2835 0.2835 0.2835 0.2885 0.2885 0.299 0.299 0.274 0.274 0.3025 0.3025 0.3025 0.26 0.26 0.2635 0.2635 0.2645 0.2645 0.2645 0.255 0.255 0.262 0.262 0.264 0.264 0.264 0.273 0.273 0.2645 0.2645 0.267 0.267 0.267 0.269
0.2 0.2 0.214 0.214 0.1985 0.1985 0.2525 0.2525 0.2525 0.2375 0.2375 0.2475 0.2475 0.2455 0.2455 0.2515 0.2515 0.2515 0.2735 0.2735 0.2575 0.2575 0.27 0.27 0.27 0.279 0.279 0.2805 0.2805 0.264 0.264 0.264 0.2815 0.2815 0.2825 0.2825 0.285 0.285 0.285 0.289 0.289 0.304 0.304 0.29 0.29 0.29 0.272 0.272 0.2955 0.2955 0.3015 0.3015 0.3065 0.3065 0.3065 0.304 0.304 0.2885 0.2885 0.285 0.285 0.285 0.297 0.297 0.284 0.284 0.2725 0.2725 0.2725 0.274 0.274 0.2865 0.2865 0.284 0.284 0.284 0.263
0.2 0.2 0.214 0.214 0.1985 0.1985 0.2525 0.2525 0.2525 0.2375 0.2375 0.2475 0.2475 0.2455 0.2455 0.2515 0.2515 0.2515 0.2735 0.2735 0.2575 0.2575 0.27 0.27 0.27 0.279 0.279 0.2805 0.2805 0.264 0.264 0.264 0.2815 0.2815 0.2825 0.2825 0.285 0.285 0.285 0.289 0.289 0.304 0.304 0.29 0.29 0.29 0.272 0.272 0.2955 0.2955 0.3015 0.3015 0.3065 0.3065 0.3065 0.304 0.304 0.2885 0.2885 0.285 0.285 0.285 0.297 0.297 0.284 0.284 0.2725 0.2725 0.2725 0.274 0.274 0.2865 0.2865 0.284 0.284 0.284 0.263
0.217 0.217 0.22 0.22 0.2245 0.2245 0.243 0.243 0.243 0.238 0.238 0.236 0.236 0.245 0.245 0.2415 0.2415 0.2415 0.2715 0.2715 0.271 0.271 0.274 0.274 0.274 0.277 0.277 0.2765 0.2765 0.295 0.295 0.295 0.3035 0.3035 0.294 0.294 0.3095 0.3095 0.3095 0.2935 0.2935 0.31 0.31 0.305 0.305 0.305 0.2635 0.2635 0.2975 0.2975 0.3045 0.3045 0.315 0.315 0.315 0.3155 0.3155 0.3005 0.3005 0.274 0.274 0.274 0.286 0.286 0.272 0.272 0.277 0.277 0.277 0.2995 0.2995 0.2935 0.2935 0.2935 0.2935 0.2935 0.2895
0.217 0.217 0.22 0.22 0.2245 0.2245 0.243 0.243 0.243 0.238 0.238 0.236 0.236 0.245 0.245 0.2415 0.2415 0.2415 0.2715 0.2715 0.271 0.271 0.274 0.274 0.274 0.277 0.277 0.2765 0.2765 0.295 0.295 0.295 0.3035 0.3035 0.294 0.294 0.3095 0.3095 0.3095 0.2935 0.2935 0.31 0.31 0.305 0.305 0.305 0.2635 0.2635 0.2975 0.2975 0.3045 0.3045 0.315 0.315 0.315 0.3155 0.3155 0.3005 0.3005 0.274 0.274 0.274 0.286 0.286 0.272 0.272 0.277 0.277 0.277 0.2995 0.2995 0.2935 0.2935 0.2935 0.2935 0.2935 0.2895
0.2635 0.2635 0.2285 0.2285 0.2535 0.2535 0.2525 0.2525 0.2525 0.2635 0.2635 0.2615 0.2615 0.2565 0.2565 0.259 0.259 0.259 0.2795 0.2795 0.2855 0.2855 0.2615 0.2615 0.2615 0.267 0.267 0.2895 0.2895 0.2965 0.2965 0.2965 0.2915 0.2915 0.292 0.292 0.301 0.301 0.301 0.302 0.302 0.306 0.306 0.3005 0.3005 0.3005 0.2995 0.2995 0.306 0.306 0.3055 0.3055 0.3075 0.3075 0.3075 0.299 0.299 0.302 0.302 0.3025 0.3025 0.3025 0.2945 0.2945 0.3115 0.3115 0.3065 0.3065 0.3065 0.291 0.291 0.29 0.29 0.3005 0.3005 0.3005 0.31
0.2635 0.2635 0.2285 0.2285 0.2535 0.2535 0.2525 0.2525 0.2525 0.2635 0.2635 0.2615 0.2615 0.2565 0.2565 0.259 0.259 0.259 0.2795 0.2795 0.2855 0.2855 0.2615 0.2615 0.2615 0.267 0.267 0.2895 0.2895 0.2965 0.2965 0.2965 0.2915 0.2915 0.292 0.292 0.301 0.301 0.301 0.302 0.302 0.306 0.306 0.3005 0.3005 0.3005 0.2995 0.2995 0.306 0.306 0.3055 0.3055 0.3075 0.3075 0.3075 0.299 0.299 0.302 0.302 0.3025 0.3025 0.3025 0.2945 0.2945 0.3115 0.3115 0.3065 0.3065 0.3065 0.291 0.291 0.29 0.29 0.3005 0.3005 0.3005 0.31
0.2635 0.2635 0.2285 0.2285 0.2535 0.2535 0.2525 0.2525 0.2525 0.2635 0.2635 0.2615 0.2615 0.2565 0.2565 0.259 0.259 0.259 0.2795 0.2795 0.2855 0.2855 0.2615 0.2615 0.2615 0.267 0.267 0.2895 0.2895 0.2965 0.2965 0.2965 0.2915 0.2915 0.292 0.292 0.301 0.301 0.301 0.302 0.302 0.306 0.306 0.3005 0.3005 0.3005 0.2995 0.2995 0.306 0.306 0.3055 0.3055 0.3075 0.3075 0.3075 0.299 0.299 0.302 0.302 0.3025 0.3025 0.3025 0.2945 0.2945 0.3115 0.3115 0.3065 0.3065 0.3065 0.291 0.291 0.29 0.29 0.3005 0.3005 0.3005 0.31
0.2705 0.2705 0.248 0.248 0.273 0.273 0.2715 0.2715 0.2715 0.2755 0.2755 0.2525 0.2525 0.262 0.262 0.2665 0.2665 0.2665 0.2785 0.2785 0.293 0.293 0.2945 0.2945 0.2945 0.2955 0.2955 0.2665 0.2665 0.283 0.283 0.283 0.293 0.293 0.2965 0.2965 0.314 0.314 0.314 0.327 0.327 0.3195 0.3195 0.301 0.301 0.301 0.2765 0.2765 0.301 0.301 0.303 0.303 0.2975 0.2975 0.2975 0.2865 0.2865 0.305 0.305 0.289 0.289 0.289 0.2965 0.2965 0.3095 0.3095 0.3115 0.3115 0.3115 0.314 0.314 0.321 0.321 0.314 0.314 0.314 0.3035
0.2705 0.2705 0.248 0.248 0.273 0.273 0.2715 0.2715 0.2715 0.2755 0.2755 0.2525 0.2525 0.262 0.262 0.2665 0.2665 0.2665 0.2785 0.2785 0.293 0.293 0.2945 0.2945 0.2945 0.2955 0.2955 0.2665 0.2665 0.283 0.283 0.283 0.293 0.293 0.2965 0.2965 0.314 0.314 0.314 0.327 0.327 0.3195 0.3195 0.301 0.301 0.301 0.2765 0.2765 0.301 0.301 0.303 0.303 0.2975 0.2975 0.2975 0.2865 0.2865 0.305 0.305 0.289 0.289 0.289 0.2965 0.2965 0.3095 0.3095 0.3115 0.3115 0.3115 0.314 0.314 0.321 0.321 0.314 0.314 0.314 0.3035
0.2455 0.2455 0.2635 0.2635 0.2605 0.2605 0.269 0.269 0.269 0.272 0.272 0.278 0.278 0.2825 0.2825 0.2865 0.2865 0.2865 0.294 0.294 0.298 0.298 0.2905 0.2905 0.2905 0.2955 0.2955 0.2895 0.2895 0.2855 0.2855 0.2855 0.3085 0.3085 0.298 0.298 0.3235 0.3235 0.3235 0.325 0.325 0.325 0.325 0.3115 0.3115 0.3115 0.3015 0.3015 0.321 0.321 0.3175 0.3175 0.307 0.307 0.307 0.3 0.3 0.293 0.293 0.31 0.31 0.31 0.3115 0.3115 0.3015 0.3015 0.328 0.328 0.328 0.3045 0.3045 0.308 0.308 0.3325 0.3325 0.3325 0.3325
0.2455 0.2455 0.2635 0.2635 0.2605 0.2605 0.269 0.269 0.269 0.272 0.272 0.278 0.278 0.2825 0.2825 0.2865 0.2865 0.2865 0.294 0.294 0.298 0.298 0.2905 0.2905 0.2905 0.2955 0.2955 0.2895 0.2895 0.2855 0.2855 0.2855 0.3085 0.3085 0.298 0.298 0.3235 0.3235 0.3235 0.325 0.325 0.325 0.325 0.3115 0.3115 0.3115 0.3015 0.3015 0.321 0.321 0.3175 0.3175 0.307 0.307 0.307 0.3 0.3 0.293 0.293 0.31 0.31 0.31 0.3115 0.3115 0.3015 0.3015 0.328 0.328 0.328 0.3045 0.3045 0.308 0.308 0.3325 0.3325 0.3325 0.3325
0.2445 0.2445 0.251 0.251 0.276 0.276 0.283 0.283 0.283 0.2755 0.2755 0.275 0.275 0.287 0.287 0.2855 0.2855 0.2855 0.297 0.297 0.2955 0.2955 0.3015 0.3015 0.3015 0.3115 0.3115 0.302 0.302 0.3075 0.3075 0.3075 0.308 0.308 0.3275 0.3275 0.329 0.329 0.329 0.335 0.335 0.3305 0.3305 0.319 0.319 0.319 0.318 0.318 0.31 0.31 0.291 0.291 0.29 0.29 0.29 0.284 0.284 0.309 0.309 0.3135 0.3135 0.3135 0.331 0.331 0.324 0.324 0.3335 0.3335 0.3335 0.318 0.318 0.324 0.324 0.3155 0.3155 0.3155 0.3075
0.2445 0.2445 0.251 0.251 0.276 0.276 0.283 0.283 0.283 0.2755 0.2755 0.275 0.275 0.287 0.287 0.2855 0.2855 0.2855 0.297 0.297 0.2955 0.2955 0.3015 0.3015 0.3015 0.3115 0.3115 0.302 0.302 0.3075 0.3075 0.3075 0.308 0.308 0.3275 0.3275 0.329 0.329 0.329 0.335 0.335 0.3305 0.3305 0.319 0.319 0.319 0.318 0.318 0.31 0.31 0.291 0.291 0.29 0.29 0.29 0.284 0.284 0.309 0.309 0.3135 0.3135 0.3135 0.331 0.331 0.324 0.324 0.3335 0.3335 0.3335 0.318 0.318 0.324 0.324 0.3155 0.3155 0.3155 0.3075
0.2445 0.2445 0.251 0.251 0.276 0.276 0.283 0.283 0.283 0.2755 0.2755 0.275 0.275 0.287 0.287 0.2855 0.2855 0.2855 0.297 0.297 0.2955 0.2955 0.3015 0.3015 0.3015 0.3115 0.3115 0.302 0.302 0.3075 0.3075 0.3075 0.308 0.308 0.3275 0.3275 0.329 0.329 0.329 0.335 0.335 0.3305 0.3305 0.319 0.319 0.319 0.318 0.318 0.31 0.31 0.291 0.291 0.29 0.29 0.29 0.284 0.284 0.309 0.309 0.3135 0.3135 0.3135 0.331 0.331 0.324 0.324 0.3335 0.3335 0.3335 0.318 0.318 0.324 0.324 0.3155 0.3155 0.3155 0.3075
0.244 0.244 0.252 0.252 0.2895 0.2895 0.281 0.281 0.281 0.27 0.27 0.2655 0.2655 0.276 0.276 0.2705 0.2705 0.2705 0.3005 0.3005 0.3035 0.3035 0.3 0.3 0.3 0.31 0.31 0.315 0.315 0.306 0.306 0.306 0.332 0.332 0.3275 0.3275 0.3095 0.3095 0.3095 0.307 0.307 0.3195 0.3195 0.3265 0.3265 0.3265 0.315 0.315 0.3145 0.3145 0.3025 0.3025 0.305 0.305 0.305 0.311 0.311 0.343 0.343 0.346 0.346 0.346 0.351 0.351 0.3445 0.3445 0.335 0.335 0.335 0.3245 0.3245 0.319 0.319 0.3155 0.3155 0.3155 0.3135
0.244 0.244 0.252 0.252 0.2895 0.2895 0.281 0.281 0.281 0.27 0.27 0.2655 0.2655 0.276 0.276 0.2705 0.2705 0.2705 0.3005 0.3005 0.3035 0.3035 0.3 0.3 0.3 0.31 0.31 0.315 0.315 0.306 0.306 0.306 0.332 0.332 0.3275 0.3275 0.3095 0.3095 0.3095 0.307 0.307 0.3195 0.3195 0.3265 0.3265 0.3265 0.315 0.315 0.3145 0.3145 0.3025 0.3025 0.305 0.305 0.305 0.311 0.311 0.343 0.343 0.346 0.346 0.346 0.351 0.351 0.3445 0.3445 0.335 0.335 0.335 0.3245 0.3245 0.319 0.319 0.3155 0.3155 0.3155 0.3135
0.2645 0.2645 0.282 0.282 0.2945 0.2945 0.2915 0.2915 0.2915 0.2865 0.2865 0.264 0.264 0.268 0.268 0.293 0.293 0.293 0.297 0.297 0.296 0.296 0.3135 0.3135 0.3135 0.298 0.298 0.3115 0.3115 0.296 0.296 0.296 0.3215 0.3215 0.3255 0.3255 0.317 0.317 0.317 0.2945 0.2945 0.3005 0.3005 0.3005 0.3005 0.3005 0.2835 0.2835 0.32 0.32 0.291 0.291 0.3295 0.3295 0.3295 0.3455 0.3455 0.3675 0.3675 0.331 0.331 0.331 0.341 0.341 0.341 0.341 0.348 0.348 0.348 0.3115 0.3115 0.326 0.326 0.3035 0.3035 0.3035 0.2965
0.2645 0.2645 0.282 0.282 0.2945 0.2945 0.2915 0.2915 0.2915 0.2865 0.2865 0.264 0.264 0.268 0.268 0.293 0.293 0.293 0.297 0.297 0.296 0.296 0.3135 0.3135 0.3135 0.298 0.298 0.3115 0.3115 0.296 0.296 0.296 0.3215 0.3215 0.3255 0.3255 0.317 0.317 0.317 0.2945 0.2945 0.3005 0.3005 0.3005 0.3005 0.3005 0.2835 0.2835 0.32 0.32 0.291 0.291 0.3295 0.3295 0.3295 0.3455 0.3455 0.3675 0.3675 0.331 0.331 0.331 0.341 0.341 0.341 0.341 0.348 0.348 0.348 0.3115 0.3115 0.326 0.326 0.3035 0.3035 0.3035 0.2965
