ndvi/NOAA-377.asc
ncols         252
nrows         154
xllcorner     -18.017974
yllcorner     13.481982
cellsize      0.035948
NODATA_value  -9999
[rows 68 to 101 of 154, columns 77 to 153 of 252]
0.265 0.265 0.2725 0.2725 0.2795 0.2795 0.258 0.258 0.258 0.286 0.286 0.304 0.304 0.2855 0.2855 0.2975 0.2975 0.2975 0.272 0.272 0.283 0.283 0.2455 0.2455 0.2455 0.221 0.221 0.197 0.197 0.202 0.202 0.202 0.2235 0.2235 0.237 0.237 0.232 0.232 0.232 0.236 0.236 0.2325 0.2325 0.18 0.18 0.18 0.118 0.118 0.156 0.156 0.1805 0.1805 0.205 0.205 0.205 0.21 0.21 0.207 0.207 0.2035 0.2035 0.2035 0.221 0.221 0.2345 0.2345 0.231 0.231 0.231 0.226 0.226 0.194 0.194 0.173 0.173 0.173 0.1265
0.199 0.199 0.2085 0.2085 0.219 0.219 0.239 0.239 0.239 0.244 0.244 0.2475 0.2475 0.2475 0.2475 0.24 0.24 0.24 0.2325 0.2325 0.2515 0.2515 0.284 0.284 0.284 0.2705 0.2705 0.2515 0.2515 0.1935 0.1935 0.1935 0.203 0.203 0.2305 0.2305 0.219 0.219 0.219 0.2245 0.2245 0.206 0.206 0.1965 0.1965 0.1965 0.19 0.19 0.1975 0.1975 0.201 0.201 0.1805 0.1805 0.1805 0.217 0.217 0.197 0.197 0.2195 0.2195 0.2195 0.236 0.236 0.239 0.239 0.223 0.223 0.223 0.2195 0.2195 0.2025 0.2025 0.2065 0.2065 0.2065 0.167
0.199 0.199 0.2085 0.2085 0.219 0.219 0.239 0.239 0.239 0.244 0.244 0.2475 0.2475 0.2475 0.2475 0.24 0.24 0.24 0.2325 0.2325 0.2515 0.2515 0.284 0.284 0.284 0.2705 0.2705 0.2515 0.2515 0.1935 0.1935 0.1935 0.203 0.203 0.2305 0.2305 0.219 0.219 0.219 0.2245 0.2245 0.206 0.206 0.1965 0.1965 0.1965 0.19 0.19 0.1975 0.1975 0.201 0.201 0.1805 0.1805 0.1805 0.217 0.217 0.197 0.197 0.2195 0.2195 0.2195 0.236 0.236 0.239 0.239 0.223 0.223 0.223 0.2195 0.2195 0.2025 0.2025 0.2065 0.2065 0.2065 0.167
0.22 0.22 0.223 0.223 0.2265 0.2265 0.2275 0.2275 0.2275 0.233 0.233 0.239 0.239 0.2325 0.2325 0.2315 0.2315 0.2315 0.2185 0.2185 0.24 0.24 0.3115 0.3115 0.3115 0.3465 0.3465 0.3045 0.3045 0.2425 0.2425 0.2425 0.2095 0.2095 0.1995 0.1995 0.235 0.235 0.235 0.2495 0.2495 0.25 0.25 0.266 0.266 0.266 0.2005 0.2005 0.125 0.125 0.1855 0.1855 0.2155 0.2155 0.2155 0.2225 0.2225 0.2355 0.2355 0.2255 0.2255 0.2255 0.248 0.248 0.2415 0.2415 0.2255 0.2255 0.2255 0.2065 0.2065 0.2125 0.2125 0.223 0.223 0.223 0.1685
0.22 0.22 0.223 0.223 0.2265 0.2265 0.2275 0.2275 0.2275 0.233 0.233 0.239 0.239 0.2325 0.2325 0.2315 0.2315 0.2315 0.2185 0.2185 0.24 0.24 0.3115 0.3115 0.3115 0.3465 0.3465 0.3045 0.3045 0.2425 0.2425 0.2425 0.2095 0.2095 0.1995 0.1995 0.235 0.235 0.235 0.2495 0.2495 0.25 0.25 0.266 0.266 0.266 0.2005 0.2005 0.125 0.125 0.1855 0.1855 0.2155 0.2155 0.2155 0.2225 0.2225 0.2355 0.2355 0.2255 0.2255 0.2255 0.248 0.248 0.2415 0.2415 0.2255 0.2255 0.2255 0.2065 0.2065 0.2125 0.2125 0.223 0.223 0.223 0.1685
0.22 0.22 0.223 0.223 0.2265 0.2265 0.2275 0.2275 0.2275 0.233 0.233 0.239 0.239 0.2325 0.2325 0.2315 0.2315 0.2315 0.2185 0.2185 0.24 0.24 0.3115 0.3115 0.3115 0.3465 0.3465 0.3045 0.3045 0.2425 0.2425 0.2425 0.2095 0.2095 0.1995 0.1995 0.235 0.235 0.235 0.2495 0.2495 0.25 0.25 0.266 0.266 0.266 0.2005 0.2005 0.125 0.125 0.1855 0.1855 0.2155 0.2155 0.2155 0.2225 0.2225 0.2355 0.2355 0.2255 0.2255 0.2255 0.248 0.248 0.2415 0.2415 0.2255 0.2255 0.2255 0.2065 0.2065 0.2125 0.2125 0.223 0.223 0.223 0.1685
0.2525 0.2525 0.2255 0.2255 0.2395 0.2395 0.2395 0.2395 0.2395 0.245 0.245 0.233 0.233 0.22 0.22 0.217 0.217 0.217 0.2315 0.2315 0.242 0.242 0.2415 0.2415 0.2415 0.266 0.266 0.2515 0.2515 0.2735 0.2735 0.2735 0.269 0.269 0.2475 0.2475 0.2155 0.2155 0.2155 0.2005 0.2005 0.203 0.203 0.151 0.151 0.151 0.1445 0.1445 0.2235 0.2235 0.2125 0.2125 0.2175 0.2175 0.2175 0.2245 0.2245 0.2195 0.2195 0.214 0.214 0.214 0.2285 0.2285 0.2335 0.2335 0.2405 0.2405 0.2405 0.222 0.222 0.213 0.213 0.2365 0.2365 0.2365 0.1575
0.2525 0.2525 0.2255 0.2255 0.2395 0.2395 0.2395 0.2395 0.2395 0.245 0.245 0.233 0.233 0.22 0.22 0.217 0.217 0.217 0.2315 0.2315 0.242 0.242 0.2415 0.2415 0.2415 0.266 0.266 0.2515 0.2515 0.2735 0.2735 0.2735 0.269 0.269 0.2475 0.2475 0.2155 0.2155 0.2155 0.2005 0.2005 0.203 0.203 0.151 0.151 0.151 0.1445 0.1445 0.2235 0.2235 0.2125 0.2125 0.2175 0.2175 0.2175 0.2245 0.2245 0.2195 0.2195 0.214 0.214 0.214 0.2285 0.2285 0.2335 0.2335 0.2405 0.2405 0.2405 0.222 0.222 0.213 0.213 0.2365 0.2365 0.2365 0.1575
0.25 0.25 0.2575 0.2575 0.251 0.251 0.253 0.253 0.253 0.234 0.234 0.2285 0.2285 0.2195 0.2195 0.2215 0.2215 0.2215 0.221 0.221 0.2415 0.2415 0.2325 0.2325 0.2325 0.245 0.245 0.231 0.231 0.246 0.246 0.246 0.264 0.264 0.353 0.353 0.254 0.254 0.254 0.253 0.253 0.198 0.198 0.1605 0.1605 0.1605 0.17 0.17 0.2225 0.2225 0.2195 0.2195 0.1895 0.1895 0.1895 0.2085 0.2085 0.2075 0.2075 0.204 0.204 0.204 0.2215 0.2215 0.216 0.216 0.206 0.206 0.206 0.219 0.219 0.067 0.067 0.144 0.144 0.144 0.1175
0.25 0.25 0.2575 0.2575 0.251 0.251 0.253 0.253 0.253 0.234 0.234 0.2285 0.2285 0.2195 0.2195 0.2215 0.2215 0.2215 0.221 0.221 0.2415 0.2415 0.2325 0.2325 0.2325 0.245 0.245 0.231 0.231 0.246 0.246 0.246 0.264 0.264 0.353 0.353 0.254 0.254 0.254 0.253 0.253 0.198 0.198 0.1605 0.1605 0.1605 0.17 0.17 0.2225 0.2225 0.2195 0.2195 0.1895 0.1895 0.1895 0.2085 0.2085 0.2075 0.2075 0.204 0.204 0.204 0.2215 0.2215 0.216 0.216 0.206 0.206 0.206 0.219 0.219 0.067 0.067 0.144 0.144 0.144 0.1175
0.242 0.242 0.247 0.247 0.236 0.236 0.2325 0.2325 0.2325 0.225 0.225 0.2145 0.2145 0.2245 0.2245 0.209 0.209 0.209 0.2275 0.2275 0.2315 0.2315 0.2185 0.2185 0.2185 0.231 0.231 0.2385 0.2385 0.2305 0.2305 0.2305 0.2365 0.2365 0.2685 0.2685 0.279 0.279 0.279 0.246 0.246 0.2485 0.2485 0.22 0.22 0.22 0.1985 0.1985 0.1965 0.1965 0.2065 0.2065 0.1985 0.1985 0.1985 0.1965 0.1965 0.1895 0.1895 0.2175 0.2175 0.2175 0.214 0.214 0.266 0.266 0.239 0.239 0.239 0.207 0.207 0.2695 0.2695 0.1935 0.1935 0.1935 0.121
0.242 0.242 0.247 0.247 0.236 0.236 0.2325 0.2325 0.2325 0.225 0.225 0.2145 0.2145 0.2245 0.2245 0.209 0.209 0.209 0.2275 0.2275 0.2315 0.2315 0.2185 0.2185 0.2185 0.231 0.231 0.2385 0.2385 0.2305 0.2305 0.2305 0.2365 0.2365 0.2685 0.2685 0.279 0.279 0.279 0.246 0.246 0.2485 0.2485 0.22 0.22 0.22 0.1985 0.1985 0.1965 0.1965 0.2065 0.2065 0.1985 0.1985 0.1985 0.1965 0.1965 0.1895 0.1895 0.2175 0.2175 0.2175 0.214 0.214 0.266 0.266 0.239 0.239 0.239 0.207 0.207 0.2695 0.2695 0.1935 0.1935 0.1935 0.121
0.2465 0.2465 0.221 0.221 0.225 0.225 0.2265 0.2265 0.2265 0.2095 0.2095 0.2055 0.2055 0.2075 0.2075 0.1895 0.1895 0.1895 0.2075 0.2075 0.218 0.218 0.2125 0.2125 0.2125 0.2085 0.2085 0.1975 0.1975 0.21 0.21 0.21 0.231 0.231 0.2575 0.2575 0.2285 0.2285 0.2285 0.2155 0.2155 0.215 0.215 0.2055 0.2055 0.2055 0.2325 0.2325 0.2395 0.2395 0.186 0.186 0.2105 0.2105 0.2105 0.196 0.196 0.1975 0.1975 0.198 0.198 0.198 0.2185 0.2185 0.1895 0.1895 0.1715 0.1715 0.1715 0.184 0.184 0.148 0.148 0.1585 0.1585 0.1585 0.104
0.2465 0.2465 0.221 0.221 0.225 0.225 0.2265 0.2265 0.2265 0.2095 0.2095 0.2055 0.2055 0.2075 0.2075 0.1895 0.1895 0.1895 0.2075 0.2075 0.218 0.218 0.2125 0.2125 0.2125 0.2085 0.2085 0.1975 0.1975 0.21 0.21 0.21 0.231 0.231 0.2575 0.2575 0.2285 0.2285 0.2285 0.2155 0.2155 0.215 0.215 0.2055 0.2055 0.2055 0.2325 0.2325 0.2395 0.2395 0.186 0.186 0.2105 0.2105 0.2105 0.196 0.196 0.1975 0.1975 0.198 0.198 0.198 0.2185 0.2185 0.1895 0.1895 0.1715 0.1715 0.1715 0.184 0.184 0.148 0.148 0.1585 0.1585 0.1585 0.104
0.2465 0.2465 0.221 0.221 0.225 0.225 0.2265 0.2265 0.2265 0.2095 0.2095 0.2055 0.2055 0.2075 0.2075 0.1895 0.1895 0.1895 0.2075 0.2075 0.218 0.218 0.2125 0.2125 0.2125 0.2085 0.2085 0.1975 0.1975 0.21 0.21 0.21 0.231 0.231 0.2575 0.2575 0.2285 0.2285 0.2285 0.2155 0.2155 0.215 0.215 0.2055 0.2055 0.2055 0.2325 0.2325 0.2395 0.2395 0.186 0.186 0.2105 0.2105 0.2105 0.196 0.196 0.1975 0.1975 0.198 0.198 0.198 0.2185 0.2185 0.1895 0.1895 0.1715 0.1715 0.1715 0.184 0.184 0.148 0.148 0.1585 0.1585 0.1585 0.104
0.2375 0.2375 0.208 0.208 0.2145 0.2145 0.1995 0.1995 0.1995 0.2135 0.2135 0.2135 0.2135 0.2285 0.2285 0.227 0.227 0.227 0.2125 0.2125 0.188 0.188 0.212 0.212 0.212 0.216 0.216 0.2075 0.2075 0.21 0.21 0.21 0.22 0.22 0.2125 0.2125 0.2185 0.2185 0.2185 0.2045 0.2045 0.2145 0.2145 0.2095 0.2095 0.2095 0.2405 0.2405 0.263 0.263 0.1795 0.1795 0.2065 0.2065 0.2065 0.211 0.211 0.2115 0.2115 0.189 0.189 0.189 0.208 0.208 0.1985 0.1985 0.1855 0.1855 0.1855 0.177 0.177 0.1805 0.1805 0.1695 0.1695 0.1695 0.1325
0.2375 0.2375 0.208 0.208 0.2145 0.2145 0.1995 0.1995 0.1995 0.2135 0.2135 0.2135 0.2135 0.2285 0.2285 0.227 0.227 0.227 0.2125 0.2125 0.188 0.188 0.212 0.212 0.212 0.216 0.216 0.2075 0.2075 0.21 0.21 0.21 0.22 0.22 0.2125 0.2125 0.2185 0.2185 0.2185 0.2045 0.2045 0.2145 0.2145 0.2095 0.2095 0.2095 0.2405 0.2405 0.263 0.263 0.1795 0.1795 0.2065 0.2065 0.2065 0.211 0.211 0.2115 0.2115 0.189 0.189 0.189 0.208 0.208 0.1985 0.1985 0.1855 0.1855 0.1855 0.177 0.177 0.1805 0.1805 0.1695 0.1695 0.1695 0.1325
0.2255 0.2255 0.2055 0.2055 0.198 0.198 0.2035 0.2035 0.2035 0.197 0.197 0.219 0.219 0.2235 0.2235 0.228 0.228 0.228 0.2195 0.2195 0.2225 0.2225 0.2115 0.2115 0.2115 0.202 0.202 0.195 0.195 0.177 0.177 0.177 0.185 0.185 0.199 0.199 0.195 0.195 0.195 0.1905 0.1905 0.187 0.187 0.1865 0.1865 0.1865 0.1965 0.1965 0.215 0.215 0.2205 0.2205 0.1855 0.1855 0.1855 0.2025 0.2025 0.211 0.211 0.2105 0.2105 0.2105 0.2325 0.2325 0.24 0.24 0.1905 0.1905 0.1905 0.161 0.161 0.1805 0.1805 0.158 0.158 0.158 0.1515
0.2255 0.2255 0.2055 0.2055 0.198 0.198 0.2035 0.2035 0.2035 0.197 0.197 0.219 0.219 0.2235 0.2235 0.228 0.228 0.228 0.2195 0.2195 0.2225 0.2225 0.2115 0.2115 0.2115 0.202 0.202 0.195 0.195 0.177 0.177 0.177 0.185 0.185 0.199 0.199 0.195 0.195 0.195 0.1905 0.1905 0.187 0.187 0.1865 0.1865 0.1865 0.1965 0.1965 0.215 0.215 0.2205 0.2205 0.1855 0.1855 0.1855 0.2025 0.2025 0.211 0.211 0.2105 0.2105 0.2105 0.2325 0.2325 0.24 0.24 0.1905 0.1905 0.1905 0.161 0.161 0.1805 0.1805 0.158 0.158 0.158 0.1515
0.2455 0.2455 0.244 0.244 0.251 0.251 0.205 0.205 0.205 0.2265 0.2265 0.223 0.223 0.2235 0.2235 0.233 0.233 0.233 0.2205 0.2205 0.2175 0.2175 0.2225 0.2225 0.2225 0.2045 0.2045 0.205 0.205 0.197 0.197 0.197 0.194 0.194 0.2025 0.2025 0.209 0.209 0.209 0.218 0.218 0.188 0.188 0.1945 0.1945 0.1945 0.192 0.192 0.2035 0.2035 0.2605 0.2605 0.186 0.186 0.186 0.1885 0.1885 0.1975 0.1975 0.2125 0.2125 0.2125 0.2145 0.2145 0.2445 0.2445 0.206 0.206 0.206 0.1865 0.1865 0.178 0.178 0.163 0.163 0.163 0.125
0.2455 0.2455 0.244 0.244 0.251 0.251 0.205 0.205 0.205 0.2265 0.2265 0.223 0.223 0.2235 0.2235 0.233 0.233 0.233 0.2205 0.2205 0.2175 0.2175 0.2225 0.2225 0.2225 0.2045 0.2045 0.205 0.205 0.197 0.197 0.197 0.194 0.194 0.2025 0.2025 0.209 0.209 0.209 0.218 0.218 0.188 0.188 0.1945 0.1945 0.1945 0.192 0.192 0.2035 0.2035 0.2605 0.2605 0.186 0.186 0.186 0.1885 0.1885 0.1975 0.1975 0.2125 0.2125 0.2125 0.2145 0.2145 0.2445 0.2445 0.206 0.206 0.206 0.1865 0.1865 0.178 0.178 0.163 0.163 0.163 0.125
0.2455 0.2455 0.244 0.244 0.251 0.251 0.205 0.205 0.205 0.2265 0.2265 0.223 0.223 0.2235 0.2235 0.233 0.233 0.233 0.2205 0.2205 0.2175 0.2175 0.2225 0.2225 0.2225 0.2045 0.2045 0.205 0.205 0.197 0.197 0.197 0.194 0.194 0.2025 0.2025 0.209 0.209 0.209 0.218 0.218 0.188 0.188 0.1945 0.1945 0.1945 0.192 0.192 0.2035 0.2035 0.2605 0.2605 0.186 0.186 0.186 0.1885 0.1885 0.1975 0.1975 0.2125 0.2125 0.2125 0.2145 0.2145 0.2445 0.2445 0.206 0.206 0.206 0.1865 0.1865 0.178 0.178 0.163 0.163 0.163 0.125
0.2435 0.2435 0.2485 0.2485 0.2475 0.2475 0.1975 0.1975 0.1975 0.23 0.23 0.222 0.222 0.2185 0.2185 0.2245 0.2245 0.2245 0.236 0.236 0.225 0.225 0.194 0.194 0.194 0.206 0.206 0.1975 0.1975 0.2075 0.2075 0.2075 0.19 0.19 0.2135 0.2135 0.2305 0.2305 0.2305 0.2125 0.2125 0.2115 0.2115 0.2155 0.2155 0.2155 0.218 0.218 0.2075 0.2075 0.2275 0.2275 0.203 0.203 0.203 0.215 0.215 0.224 0.224 0.227 0.227 0.227 0.216 0.216 0.222 0.222 0.2155 0.2155 0.2155 0.1595 0.1595 0.2005 0.2005 0.135 0.135 0.135 0.17
0.2435 0.2435 0.2485 0.2485 0.2475 0.2475 0.1975 0.1975 0.1975 0.23 0.23 0.222 0.222 0.2185 0.2185 0.2245 0.2245 0.2245 0.236 0.236 0.225 0.225 0.194 0.194 0.194 0.206 0.206 0.1975 0.1975 0.2075 0.2075 0.2075 0.19 0.19 0.2135 0.2135 0.2305 0.2305 0.2305 0.2125 0.2125 0.2115 0.2115 0.2155 0.2155 0.2155 0.218 0.218 0.2075 0.2075 0.2275 0.2275 0.203 0.203 0.203 0.215 0.215 0.224 0.224 0.227 0.227 0.227 0.216 0.216 0.222 0.222 0.2155 0.2155 0.2155 0.1595 0.1595 0.2005 0.2005 0.135 0.135 0.135 0.17
0.242 0.242 0.2555 0.2555 0.224 0.224 0.2185 0.2185 0.2185 0.226 0.226 0.2205 0.2205 0.228 0.228 0.217 0.217 0.217 0.2105 0.2105 0.2335 0.2335 0.221 0.221 0.221 0.21 0.21 0.202 0.202 0.212 0.212 0.212 0.2185 0.2185 0.22 0.22 0.2235 0.2235 0.2235 0.211 0.211 0.218 0.218 0.2225 0.2225 0.2225 0.2445 0.2445 0.2385 0.2385 0.2375 0.2375 0.271 0.271 0.271 0.205 0.205 0.195 0.195 0.208 0.208 0.208 0.21 0.21 0.2125 0.2125 0.2005 0.2005 0.2005 0.1785 0.1785 0.2045 0.2045 0.1675 0.1675 0.1675 0.1495
0.242 0.242 0.2555 0.2555 0.224 0.224 0.2185 0.2185 0.2185 0.226 0.226 0.2205 0.2205 0.228 0.228 0.217 0.217 0.217 0.2105 0.2105 0.2335 0.2335 0.221 0.221 0.221 0.21 0.21 0.202 0.202 0.212 0.212 0.212 0.2185 0.2185 0.22 0.22 0.2235 0.2235 0.2235 0.211 0.211 0.218 0.218 0.2225 0.2225 0.2225 0.2445 0.2445 0.2385 0.2385 0.2375 0.2375 0.271 0.271 0.271 0.205 0.205 0.195 0.195 0.208 0.208 0.208 0.21 0.21 0.2125 0.2125 0.2005 0.2005 0.2005 0.1785 0.1785 0.2045 0.2045 0.1675 0.1675 0.1675 0.1495
0.237 0.237 0.232 0.232 0.2225 0.2225 0.2225 0.2225 0.2225 0.239 0.239 0.228 0.228 0.225 0.225 0.2205 0.2205 0.2205 0.228 0.228 0.2175 0.2175 0.215 0.215 0.215 0.2165 0.2165 0.205 0.205 0.2075 0.2075 0.2075 0.2365 0.2365 0.212 0.212 0.2155 0.2155 0.2155 0.214 0.214 0.2055 0.2055 0.222 0.222 0.222 0.2425 0.2425 0.2385 0.2385 0.23 0.23 0.238 0.238 0.238 0.2245 0.2245 0.204 0.204 0.187 0.187 0.187 0.18 0.18 0.2305 0.2305 0.1915 0.1915 0.1915 0.2105 0.2105 0.2055 0.2055 0.207 0.207 0.207 0.18
0.237 0.237 0.232 0.232 0.2225 0.2225 0.2225 0.2225 0.2225 0.239 0.239 0.228 0.228 0.225 0.225 0.2205 0.2205 0.2205 0.228 0.228 0.2175 0.2175 0.215 0.215 0.215 0.2165 0.2165 0.205 0.205 0.2075 0.2075 0.2075 0.2365 0.2365 0.212 0.212 0.2155 0.2155 0.2155 0.214 0.214 0.2055 0.2055 0.222 0.222 0.222 0.2425 0.2425 0.2385 0.2385 0.23 0.23 0.238 0.238 0.238 0.2245 0.2245 0.204 0.204 0.187 0.187 0.187 0.18 0.18 0.2305 0.2305 0.1915 0.1915 0.1915 0.2105 0.2105 0.2055 0.2055 0.207 0.207 0.207 0.18
0.237 0.237 0.232 0.232 0.2225 0.2225 0.2225 0.2225 0.2225 0.239 0.239 0.228 0.228 0.225 0.225 0.2205 0.2205 0.2205 0.228 0.228 0.2175 0.2175 0.215 0.215 0.215 0.2165 0.2165 0.205 0.205 0.2075 0.2075 0.2075 0.2365 0.2365 0.212 0.212 0.2155 0.2155 0.2155 0.214 0.214 0.2055 0.2055 0.222 0.222 0.222 0.2425 0.2425 0.2385 0.2385 0.23 0.23 0.238 0.238 0.238 0.2245 0.2245 0.204 0.204 0.187 0.187 0.187 0.18 0.18 0.2305 0.2305 0.1915 0.1915 0.1915 0.2105 0.2105 0.2055 0.2055 0.207 0.207 0.207 0.18
0.2405 0.2405 0.253 0.253 0.233 0.233 0.218 0.218 0.218 0.2165 0.2165 0.2125 0.2125 0.216 0.216 0.2225 0.2225 0.2225 0.2235 0.2235 0.224 0.224 0.223 0.223 0.223 0.214 0.214 0.2175 0.2175 0.218 0.218 0.218 0.207 0.207 0.222 0.222 0.2345 0.2345 0.2345 0.2415 0.2415 0.252 0.252 0.239 0.239 0.239 0.2185 0.2185 0.22 0.22 0.241 0.241 0.239 0.239 0.239 0.2255 0.2255 0.2425 0.2425 0.316 0.316 0.316 0.1865 0.1865 0.178 0.178 0.2425 0.2425 0.2425 0.247 0.247 0.1955 0.1955 0.185 0.185 0.185 0.1945
0.2405 0.2405 0.253 0.253 0.233 0.233 0.218 0.218 0.218 0.2165 0.2165 0.2125 0.2125 0.216 0.216 0.2225 0.2225 0.2225 0.2235 0.2235 0.224 0.224 0.223 0.223 0.223 0.214 0.214 0.2175 0.2175 0.218 0.218 0.218 0.207 0.207 0.222 0.222 0.2345 0.2345 0.2345 0.2415 0.2415 0.252 0.252 0.239 0.239 0.239 0.2185 0.2185 0.22 0.22 0.241 0.241 0.239 0.239 0.239 0.2255 0.2255 0.2425 0.2425 0.316 0.316 0.316 0.1865 0.1865 0.178 0.178 0.2425 0.2425 0.2425 0.247 0.247 0.1955 0.1955 0.185 0.185 0.185 0.1945
0.232 0.232 0.225 0.225 0.239 0.239 0.242 0.242 0.242 0.239 0.239 0.229 0.229 0.2345 0.2345 0.222 0.222 0.222 0.239 0.239 0.247 0.247 0.2185 0.2185 0.2185 0.2105 0.2105 0.2375 0.2375 0.2405 0.2405 0.2405 0.224 0.224 0.222 0.222 0.2195 0.2195 0.2195 0.2295 0.2295 0.2275 0.2275 0.228 0.228 0.228 0.2375 0.2375 0.244 0.244 0.2525 0.2525 0.2525 0.2525 0.2525 0.2255 0.2255 0.233 0.233 0.2545 0.2545 0.2545 0.272 0.272 0.2145 0.2145 0.233 0.233 0.233 0.255 0.255 0.226 0.226 0.2145 0.2145 0.2145 0.214
0.232 0.232 0.225 0.225 0.239 0.239 0.242 0.242 0.242 0.239 0.239 0.229 0.229 0.2345 0.2345 0.222 0.222 0.222 0.239 0.239 0.247 0.247 0.2185 0.2185 0.2185 0.2105 0.2105 0.2375 0.2375 0.2405 0.2405 0.2405 0.224 0.224 0.222 0.222 0.2195 0.2195 0.2195 0.2295 0.2295 0.2275 0.2275 0.228 0.228 0.228 0.2375 0.2375 0.244 0.244 0.2525 0.2525 0.2525 0.2525 0.2525 0.2255 0.2255 0.233 0.233 0.2545 0.2545 0.2545 0.272 0.272 0.2145 0.2145 0.233 0.233 0.233 0.255 0.255 0.226 0.226 0.2145 0.2145 0.2145 0.214
0.2265 0.2265 0.2585 0.2585 0.2485 0.2485 0.2695 0.2695 0.2695 0.2535 0.2535 0.245 0.245 0.231 0.231 0.2235 0.2235 0.2235 0.2365 0.2365 0.2495 0.2495 0.2455 0.2455 0.2455 0.228 0.228 0.2385 0.2385 0.2425 0.2425 0.2425 0.247 0.247 0.2585 0.2585 0.2335 0.2335 0.2335 0.226 0.226 0.232 0.232 0.244 0.244 0.244 0.254 0.254 0.248 0.248 0.257 0.257 0.2535 0.2535 0.2535 0.2375 0.2375 0.2415 0.2415 0.2315 0.2315 0.2315 0.2655 0.2655 0.2375 0.2375 0.25 0.25 0.25 0.248 0.248 0.2355 0.2355 0.231 0.231 0.231 0.205
