ndvi/NOAA-159.asc
ncols         252
nrows         154
xllcorner     -18.017974
yllcorner     13.481982
cellsize      0.035948
NODATA_value  -9999
[rows 102 to 135 of 154, columns 156 to 233 of 252]
0.204 0.192 0.192 0.192 0.1765 0.1765 0.2075 0.2075 0.225 0.225 0.221 0.221 0.221 0.232 0.232 0.2315 0.2315 0.243 0.243 0.243 0.2325 0.2325 0.2275 0.2275 0.234 0.234 0.234 0.2195 0.2195 0.223 0.223 0.215 0.215 0.215 0.2215 0.2215 0.2335 0.2335 0.2245 0.2245 0.2245 0.226 0.226 0.2305 0.2305 0.2355 0.2355 0.231 0.231 0.231 0.2175 0.2175 0.211 0.211 0.1985 0.1985 0.1985 0.2 0.2 0.1955 0.1955 0.202 0.202 0.202 0.2015 0.2015 0.2045 0.2045 0.212 0.212 0.212 0.203 0.203 0.2145 0.2145 0.2005 0.2005 0.2005
0.214 0.2055 0.2055 0.2055 0.2025 0.2025 0.2115 0.2115 0.225 0.225 0.224 0.224 0.224 0.222 0.222 0.2205 0.2205 0.2385 0.2385 0.2385 0.229 0.229 0.223 0.223 0.2195 0.2195 0.2195 0.2395 0.2395 0.228 0.228 0.2345 0.2345 0.2345 0.2175 0.2175 0.219 0.219 0.2265 0.2265 0.2265 0.2315 0.2315 0.2335 0.2335 0.2545 0.2545 0.2625 0.2625 0.2625 0.235 0.235 0.2105 0.2105 0.21 0.21 0.21 0.199 0.199 0.2045 0.2045 0.2215 0.2215 0.2215 0.2145 0.2145 0.22 0.22 0.1995 0.1995 0.1995 0.2115 0.2115 0.2145 0.2145 0.2235 0.2235 0.2235
0.214 0.2055 0.2055 0.2055 0.2025 0.2025 0.2115 0.2115 0.225 0.225 0.224 0.224 0.224 0.222 0.222 0.2205 0.2205 0.2385 0.2385 0.2385 0.229 0.229 0.223 0.223 0.2195 0.2195 0.2195 0.2395 0.2395 0.228 0.228 0.2345 0.2345 0.2345 0.2175 0.2175 0.219 0.219 0.2265 0.2265 0.2265 0.2315 0.2315 0.2335 0.2335 0.2545 0.2545 0.2625 0.2625 0.2625 0.235 0.235 0.2105 0.2105 0.21 0.21 0.21 0.199 0.199 0.2045 0.2045 0.2215 0.2215 0.2215 0.2145 0.2145 0.22 0.22 0.1995 0.1995 0.1995 0.2115 0.2115 0.2145 0.2145 0.2235 0.2235 0.2235
0.214 0.2055 0.2055 0.2055 0.2025 0.2025 0.2115 0.2115 0.225 0.225 0.224 0.224 0.224 0.222 0.222 0.2205 0.2205 0.2385 0.2385 0.2385 0.229 0.229 0.223 0.223 0.2195 0.2195 0.2195 0.2395 0.2395 0.228 0.228 0.2345 0.2345 0.2345 0.2175 0.2175 0.219 0.219 0.2265 0.2265 0.2265 0.2315 0.2315 0.2335 0.2335 0.2545 0.2545 0.2625 0.2625 0.2625 0.235 0.235 0.2105 0.2105 0.21 0.21 0.21 0.199 0.199 0.2045 0.2045 0.2215 0.2215 0.2215 0.2145 0.2145 0.22 0.22 0.1995 0.1995 0.1995 0.2115 0.2115 0.2145 0.2145 0.2235 0.2235 0.2235
0.238 0.2205 0.2205 0.2205 0.2035 0.2035 0.2135 0.2135 0.2395 0.2395 0.225 0.225 0.225 0.2195 0.2195 0.2255 0.2255 0.211 0.211 0.211 0.2185 0.2185 0.2205 0.2205 0.2245 0.2245 0.2245 0.2295 0.2295 0.237 0.237 0.243 0.243 0.243 0.242 0.242 0.233 0.233 0.24 0.24 0.24 0.2415 0.2415 0.256 0.256 0.2465 0.2465 0.2445 0.2445 0.2445 0.242 0.242 0.2615 0.2615 0.2435 0.2435 0.2435 0.21 0.21 0.2045 0.2045 0.2225 0.2225 0.2225 0.218 0.218 0.2265 0.2265 0.2125 0.2125 0.2125 0.231 0.231 0.2245 0.2245 0.242 0.242 0.242
0.238 0.2205 0.2205 0.2205 0.2035 0.2035 0.2135 0.2135 0.2395 0.2395 0.225 0.225 0.225 0.2195 0.2195 0.2255 0.2255 0.211 0.211 0.211 0.2185 0.2185 0.2205 0.2205 0.2245 0.2245 0.2245 0.2295 0.2295 0.237 0.237 0.243 0.243 0.243 0.242 0.242 0.233 0.233 0.24 0.24 0.24 0.2415 0.2415 0.256 0.256 0.2465 0.2465 0.2445 0.2445 0.2445 0.242 0.242 0.2615 0.2615 0.2435 0.2435 0.2435 0.21 0.21 0.2045 0.2045 0.2225 0.2225 0.2225 0.218 0.218 0.2265 0.2265 0.2125 0.2125 0.2125 0.231 0.231 0.2245 0.2245 0.242 0.242 0.242
0.2435 0.23 0.23 0.23 0.236 0.236 0.232 0.232 0.2295 0.2295 0.227 0.227 0.227 0.2255 0.2255 0.212 0.212 0.209 0.209 0.209 0.215 0.215 0.2335 0.2335 0.2165 0.2165 0.2165 0.2235 0.2235 0.236 0.236 0.247 0.247 0.247 0.2395 0.2395 0.244 0.244 0.246 0.246 0.246 0.25 0.25 0.243 0.243 0.2415 0.2415 0.237 0.237 0.237 0.24 0.24 0.2255 0.2255 0.2465 0.2465 0.2465 0.2335 0.2335 0.233 0.233 0.227 0.227 0.227 0.231 0.231 0.229 0.229 0.222 0.222 0.222 0.2345 0.2345 0.242 0.242 0.2465 0.2465 0.2465
0.2435 0.23 0.23 0.23 0.236 0.236 0.232 0.232 0.2295 0.2295 0.227 0.227 0.227 0.2255 0.2255 0.212 0.212 0.209 0.209 0.209 0.215 0.215 0.2335 0.2335 0.2165 0.2165 0.2165 0.2235 0.2235 0.236 0.236 0.247 0.247 0.247 0.2395 0.2395 0.244 0.244 0.246 0.246 0.246 0.25 0.25 0.243 0.243 0.2415 0.2415 0.237 0.237 0.237 0.24 0.24 0.2255 0.2255 0.2465 0.2465 0.2465 0.2335 0.2335 0.233 0.233 0.227 0.227 0.227 0.231 0.231 0.229 0.229 0.222 0.222 0.222 0.2345 0.2345 0.242 0.242 0.2465 0.2465 0.2465
0.2345 0.2475 0.2475 0.2475 0.246 0.246 0.2305 0.2305 0.2365 0.2365 0.2325 0.2325 0.2325 0.2275 0.2275 0.217 0.217 0.235 0.235 0.235 0.232 0.232 0.2375 0.2375 0.2285 0.2285 0.2285 0.2365 0.2365 0.2305 0.2305 0.2475 0.2475 0.2475 0.2345 0.2345 0.2555 0.2555 0.245 0.245 0.245 0.241 0.241 0.2345 0.2345 0.227 0.227 0.2285 0.2285 0.2285 0.228 0.228 0.2235 0.2235 0.2345 0.2345 0.2345 0.2375 0.2375 0.236 0.236 0.2545 0.2545 0.2545 0.2645 0.2645 0.238 0.238 0.232 0.232 0.232 0.24 0.24 0.2505 0.2505 0.2525 0.2525 0.2525
0.2345 0.2475 0.2475 0.2475 0.246 0.246 0.2305 0.2305 0.2365 0.2365 0.2325 0.2325 0.2325 0.2275 0.2275 0.217 0.217 0.235 0.235 0.235 0.232 0.232 0.2375 0.2375 0.2285 0.2285 0.2285 0.2365 0.2365 0.2305 0.2305 0.2475 0.2475 0.2475 0.2345 0.2345 0.2555 0.2555 0.245 0.245 0.245 0.241 0.241 0.2345 0.2345 0.227 0.227 0.2285 0.2285 0.2285 0.228 0.228 0.2235 0.2235 0.2345 0.2345 0.2345 0.2375 0.2375 0.236 0.236 0.2545 0.2545 0.2545 0.2645 0.2645 0.238 0.238 0.232 0.232 0.232 0.24 0.24 0.2505 0.2505 0.2525 0.2525 0.2525
0.2345 0.2475 0.2475 0.2475 0.246 0.246 0.2305 0.2305 0.2365 0.2365 0.2325 0.2325 0.2325 0.2275 0.2275 0.217 0.217 0.235 0.235 0.235 0.232 0.232 0.2375 0.2375 0.2285 0.2285 0.2285 0.2365 0.2365 0.2305 0.2305 0.2475 0.2475 0.2475 0.2345 0.2345 0.2555 0.2555 0.245 0.245 0.245 0.241 0.241 0.2345 0.2345 0.227 0.227 0.2285 0.2285 0.2285 0.228 0.228 0.2235 0.2235 0.2345 0.2345 0.2345 0.2375 0.2375 0.236 0.236 0.2545 0.2545 0.2545 0.2645 0.2645 0.238 0.238 0.232 0.232 0.232 0.24 0.24 0.2505 0.2505 0.2525 0.2525 0.2525
0.241 0.236 0.236 0.236 0.2445 0.2445 0.238 0.238 0.2425 0.2425 0.2355 0.2355 0.2355 0.232 0.232 0.249 0.249 0.239 0.239 0.239 0.2315 0.2315 0.2345 0.2345 0.2345 0.2345 0.2345 0.2305 0.2305 0.2295 0.2295 0.2585 0.2585 0.2585 0.2755 0.2755 0.2395 0.2395 0.2445 0.2445 0.2445 0.2375 0.2375 0.232 0.232 0.247 0.247 0.2335 0.2335 0.2335 0.244 0.244 0.2335 0.2335 0.2405 0.2405 0.2405 0.239 0.239 0.2355 0.2355 0.2335 0.2335 0.2335 0.2415 0.2415 0.2385 0.2385 0.2345 0.2345 0.2345 0.2485 0.2485 0.2495 0.2495 0.253 0.253 0.253
0.241 0.236 0.236 0.236 0.2445 0.2445 0.238 0.238 0.2425 0.2425 0.2355 0.2355 0.2355 0.232 0.232 0.249 0.249 0.239 0.239 0.239 0.2315 0.2315 0.2345 0.2345 0.2345 0.2345 0.2345 0.2305 0.2305 0.2295 0.2295 0.2585 0.2585 0.2585 0.2755 0.2755 0.2395 0.2395 0.2445 0.2445 0.2445 0.2375 0.2375 0.232 0.232 0.247 0.247 0.2335 0.2335 0.2335 0.244 0.244 0.2335 0.2335 0.2405 0.2405 0.2405 0.239 0.239 0.2355 0.2355 0.2335 0.2335 0.2335 0.2415 0.2415 0.2385 0.2385 0.2345 0.2345 0.2345 0.2485 0.2485 0.2495 0.2495 0.253 0.253 0.253
0.218 0.2165 0.2165 0.2165 0.2445 0.2445 0.232 0.232 0.2245 0.2245 0.2385 0.2385 0.2385 0.259 0.259 0.247 0.247 0.237 0.237 0.237 0.2435 0.2435 0.2385 0.2385 0.2395 0.2395 0.2395 0.23 0.23 0.2365 0.2365 0.2385 0.2385 0.2385 0.2175 0.2175 0.2175 0.2175 0.234 0.234 0.234 0.239 0.239 0.247 0.247 0.2455 0.2455 0.2315 0.2315 0.2315 0.235 0.235 0.2355 0.2355 0.251 0.251 0.251 0.248 0.248 0.2445 0.2445 0.2525 0.2525 0.2525 0.24 0.24 0.24 0.24 0.239 0.239 0.239 0.246 0.246 0.2455 0.2455 0.2425 0.2425 0.2425
0.218 0.2165 0.2165 0.2165 0.2445 0.2445 0.232 0.232 0.2245 0.2245 0.2385 0.2385 0.2385 0.259 0.259 0.247 0.247 0.237 0.237 0.237 0.2435 0.2435 0.2385 0.2385 0.2395 0.2395 0.2395 0.23 0.23 0.2365 0.2365 0.2385 0.2385 0.2385 0.2175 0.2175 0.2175 0.2175 0.234 0.234 0.234 0.239 0.239 0.247 0.247 0.2455 0.2455 0.2315 0.2315 0.2315 0.235 0.235 0.2355 0.2355 0.251 0.251 0.251 0.248 0.248 0.2445 0.2445 0.2525 0.2525 0.2525 0.24 0.24 0.24 0.24 0.239 0.239 0.239 0.246 0.246 0.2455 0.2455 0.2425 0.2425 0.2425
0.23 0.234 0.234 0.234 0.2395 0.2395 0.2235 0.2235 0.244 0.244 0.2555 0.2555 0.2555 0.2565 0.2565 0.2365 0.2365 0.2395 0.2395 0.2395 0.2415 0.2415 0.2315 0.2315 0.246 0.246 0.246 0.2285 0.2285 0.248 0.248 0.237 0.237 0.237 0.215 0.215 0.259 0.259 0.243 0.243 0.243 0.2415 0.2415 0.2405 0.2405 0.2185 0.2185 0.2325 0.2325 0.2325 0.245 0.245 0.259 0.259 0.254 0.254 0.254 0.2595 0.2595 0.258 0.258 0.259 0.259 0.259 0.252 0.252 0.2555 0.2555 0.248 0.248 0.248 0.2495 0.2495 0.2475 0.2475 0.2345 0.2345 0.2345
0.23 0.234 0.234 0.234 0.2395 0.2395 0.2235 0.2235 0.244 0.244 0.2555 0.2555 0.2555 0.2565 0.2565 0.2365 0.2365 0.2395 0.2395 0.2395 0.2415 0.2415 0.2315 0.2315 0.246 0.246 0.246 0.2285 0.2285 0.248 0.248 0.237 0.237 0.237 0.215 0.215 0.259 0.259 0.243 0.243 0.243 0.2415 0.2415 0.2405 0.2405 0.2185 0.2185 0.2325 0.2325 0.2325 0.245 0.245 0.259 0.259 0.254 0.254 0.254 0.2595 0.2595 0.258 0.258 0.259 0.259 0.259 0.252 0.252 0.2555 0.2555 0.248 0.248 0.248 0.2495 0.2495 0.2475 0.2475 0.2345 0.2345 0.2345
0.23 0.234 0.234 0.234 0.2395 0.2395 0.2235 0.2235 0.244 0.244 0.2555 0.2555 0.2555 0.2565 0.2565 0.2365 0.2365 0.2395 0.2395 0.2395 0.2415 0.2415 0.2315 0.2315 0.246 0.246 0.246 0.2285 0.2285 0.248 0.248 0.237 0.237 0.237 0.215 0.215 0.259 0.259 0.243 0.243 0.243 0.2415 0.2415 0.2405 0.2405 0.2185 0.2185 0.2325 0.2325 0.2325 0.245 0.245 0.259 0.259 0.254 0.254 0.254 0.2595 0.2595 0.258 0.258 0.259 0.259 0.259 0.252 0.252 0.2555 0.2555 0.248 0.248 0.248 0.2495 0.2495 0.2475 0.2475 0.2345 0.2345 0.2345
0.2425 0.2425 0.2425 0.2425 0.243 0.243 0.2295 0.2295 0.237 0.237 0.2515 0.2515 0.2515 0.254 0.254 0.2585 0.2585 0.2735 0.2735 0.2735 0.266 0.266 0.2545 0.2545 0.248 0.248 0.248 0.2155 0.2155 0.2245 0.2245 0.2275 0.2275 0.2275 0.221 0.221 0.226 0.226 0.242 0.242 0.242 0.254 0.254 0.2645 0.2645 0.2465 0.2465 0.2445 0.2445 0.2445 0.2485 0.2485 0.2455 0.2455 0.2535 0.2535 0.2535 0.256 0.256 0.2605 0.2605 0.2695 0.2695 0.2695 0.262 0.262 0.265 0.265 0.2615 0.2615 0.2615 0.256 0.256 0.242 0.242 0.2335 0.2335 0.2335
0.2425 0.2425 0.2425 0.2425 0.243 0.243 0.2295 0.2295 0.237 0.237 0.2515 0.2515 0.2515 0.254 0.254 0.2585 0.2585 0.2735 0.2735 0.2735 0.266 0.266 0.2545 0.2545 0.248 0.248 0.248 0.2155 0.2155 0.2245 0.2245 0.2275 0.2275 0.2275 0.221 0.221 0.226 0.226 0.242 0.242 0.242 0.254 0.254 0.2645 0.2645 0.2465 0.2465 0.2445 0.2445 0.2445 0.2485 0.2485 0.2455 0.2455 0.2535 0.2535 0.2535 0.256 0.256 0.2605 0.2605 0.2695 0.2695 0.2695 0.262 0.262 0.265 0.265 0.2615 0.2615 0.2615 0.256 0.256 0.242 0.242 0.2335 0.2335 0.2335
0.248 0.2495 0.2495 0.2495 0.233 0.233 0.2245 0.2245 0.2305 0.2305 0.255 0.255 0.255 0.2705 0.2705 0.264 0.264 0.2695 0.2695 0.2695 0.2665 0.2665 0.266 0.266 0.233 0.233 0.233 0.2185 0.2185 0.2235 0.2235 0.2395 0.2395 0.2395 0.2325 0.2325 0.244 0.244 0.2295 0.2295 0.2295 0.243 0.243 0.283 0.283 0.2695 0.2695 0.256 0.256 0.256 0.254 0.254 0.251 0.251 0.2605 0.2605 0.2605 0.261 0.261 0.2605 0.2605 0.274 0.274 0.274 0.253 0.253 0.248 0.248 0.2565 0.2565 0.2565 0.261 0.261 0.2575 0.2575 0.2405 0.2405 0.2405
0.248 0.2495 0.2495 0.2495 0.233 0.233 0.2245 0.2245 0.2305 0.2305 0.255 0.255 0.255 0.2705 0.2705 0.264 0.264 0.2695 0.2695 0.2695 0.2665 0.2665 0.266 0.266 0.233 0.233 0.233 0.2185 0.2185 0.2235 0.2235 0.2395 0.2395 0.2395 0.2325 0.2325 0.244 0.244 0.2295 0.2295 0.2295 0.243 0.243 0.283 0.283 0.2695 0.2695 0.256 0.256 0.256 0.254 0.254 0.251 0.251 0.2605 0.2605 0.2605 0.261 0.261 0.2605 0.2605 0.274 0.274 0.274 0.253 0.253 0.248 0.248 0.2565 0.2565 0.2565 0.261 0.261 0.2575 0.2575 0.2405 0.2405 0.2405
0.264 0.2495 0.2495 0.2495 0.239 0.239 0.243 0.243 0.265 0.265 0.257 0.257 0.257 0.275 0.275 0.261 0.261 0.266 0.266 0.266 0.2635 0.2635 0.271 0.271 0.2505 0.2505 0.2505 0.2265 0.2265 0.25 0.25 0.233 0.233 0.233 0.2195 0.2195 0.2395 0.2395 0.244 0.244 0.244 0.233 0.233 0.2505 0.2505 0.2625 0.2625 0.248 0.248 0.248 0.2615 0.2615 0.259 0.259 0.2515 0.2515 0.2515 0.2585 0.2585 0.2585 0.2585 0.2585 0.2585 0.2585 0.2465 0.2465 0.251 0.251 0.2555 0.2555 0.2555 0.2605 0.2605 0.2555 0.2555 0.254 0.254 0.254
0.264 0.2495 0.2495 0.2495 0.239 0.239 0.243 0.243 0.265 0.265 0.257 0.257 0.257 0.275 0.275 0.261 0.261 0.266 0.266 0.266 0.2635 0.2635 0.271 0.271 0.2505 0.2505 0.2505 0.2265 0.2265 0.25 0.25 0.233 0.233 0.233 0.2195 0.2195 0.2395 0.2395 0.244 0.244 0.244 0.233 0.233 0.2505 0.2505 0.2625 0.2625 0.248 0.248 0.248 0.2615 0.2615 0.259 0.259 0.2515 0.2515 0.2515 0.2585 0.2585 0.2585 0.2585 0.2585 0.2585 0.2585 0.2465 0.2465 0.251 0.251 0.2555 0.2555 0.2555 0.2605 0.2605 0.2555 0.2555 0.254 0.254 0.254
0.247 0.2405 0.2405 0.2405 0.237 0.237 0.258 0.258 0.259 0.259 0.2605 0.2605 0.2605 0.261 0.261 0.2635 0.2635 0.25 0.25 0.25 0.2595 0.2595 0.259 0.259 0.254 0.254 0.254 0.251 0.251 0.245 0.245 0.252 0.252 0.252 0.2295 0.2295 0.243 0.243 0.239 0.239 0.239 0.251 0.251 0.2805 0.2805 0.2725 0.2725 0.2825 0.2825 0.2825 0.256 0.256 0.2565 0.2565 0.268 0.268 0.268 0.2555 0.2555 0.2685 0.2685 0.262 0.262 0.262 0.2585 0.2585 0.2625 0.2625 0.269 0.269 0.269 0.254 0.254 0.2495 0.2495 0.253 0.253 0.253
0.247 0.2405 0.2405 0.2405 0.237 0.237 0.258 0.258 0.259 0.259 0.2605 0.2605 0.2605 0.261 0.261 0.2635 0.2635 0.25 0.25 0.25 0.2595 0.2595 0.259 0.259 0.254 0.254 0.254 0.251 0.251 0.245 0.245 0.252 0.252 0.252 0.2295 0.2295 0.243 0.243 0.239 0.239 0.239 0.251 0.251 0.2805 0.2805 0.2725 0.2725 0.2825 0.2825 0.2825 0.256 0.256 0.2565 0.2565 0.268 0.268 0.268 0.2555 0.2555 0.2685 0.2685 0.262 0.262 0.262 0.2585 0.2585 0.2625 0.2625 0.269 0.269 0.269 0.254 0.254 0.2495 0.2495 0.253 0.253 0.253
0.247 0.2405 0.2405 0.2405 0.237 0.237 0.258 0.258 0.259 0.259 0.2605 0.2605 0.2605 0.261 0.261 0.2635 0.2635 0.25 0.25 0.25 0.2595 0.2595 0.259 0.259 0.254 0.254 0.254 0.251 0.251 0.245 0.245 0.252 0.252 0.252 0.2295 0.2295 0.243 0.243 0.239 0.239 0.239 0.251 0.251 0.2805 0.2805 0.2725 0.2725 0.2825 0.2825 0.2825 0.256 0.256 0.2565 0.2565 0.268 0.268 0.268 0.2555 0.2555 0.2685 0.2685 0.262 0.262 0.262 0.2585 0.2585 0.2625 0.2625 0.269 0.269 0.269 0.254 0.254 0.2495 0.2495 0.253 0.253 0.253
0.261 0.2515 0.2515 0.2515 0.2505 0.2505 0.2455 0.2455 0.2665 0.2665 0.259 0.259 0.259 0.276 0.276 0.25 0.25 0.2485 0.2485 0.2485 0.2535 0.2535 0.249 0.249 0.261 0.261 0.261 0.2625 0.2625 0.2655 0.2655 0.2675 0.2675 0.2675 0.245 0.245 0.2515 0.2515 0.255 0.255 0.255 0.2465 0.2465 0.3055 0.3055 0.284 0.284 0.2875 0.2875 0.2875 0.2745 0.2745 0.27 0.27 0.269 0.269 0.269 0.2875 0.2875 0.271 0.271 0.277 0.277 0.277 0.2785 0.2785 0.259 0.259 0.272 0.272 0.272 0.255 0.255 0.245 0.245 0.2465 0.2465 0.2465
0.261 0.2515 0.2515 0.2515 0.2505 0.2505 0.2455 0.2455 0.2665 0.2665 0.259 0.259 0.259 0.276 0.276 0.25 0.25 0.2485 0.2485 0.2485 0.2535 0.2535 0.249 0.249 0.261 0.261 0.261 0.2625 0.2625 0.2655 0.2655 0.2675 0.2675 0.2675 0.245 0.245 0.2515 0.2515 0.255 0.255 0.255 0.2465 0.2465 0.3055 0.3055 0.284 0.284 0.2875 0.2875 0.2875 0.2745 0.2745 0.27 0.27 0.269 0.269 0.269 0.2875 0.2875 0.271 0.271 0.277 0.277 0.277 0.2785 0.2785 0.259 0.259 0.272 0.272 0.272 0.255 0.255 0.245 0.245 0.2465 0.2465 0.2465
0.27 0.2615 0.2615 0.2615 0.243 0.243 0.251 0.251 0.27 0.27 0.2595 0.2595 0.2595 0.2635 0.2635 0.2765 0.2765 0.263 0.263 0.263 0.268 0.268 0.2675 0.2675 0.279 0.279 0.279 0.309 0.309 0.271 0.271 0.276 0.276 0.276 0.2685 0.2685 0.2695 0.2695 0.2715 0.2715 0.2715 0.28 0.28 0.2805 0.2805 0.3005 0.3005 0.297 0.297 0.297 0.2885 0.2885 0.3085 0.3085 0.3045 0.3045 0.3045 0.326 0.326 0.279 0.279 0.278 0.278 0.278 0.272 0.272 0.2695 0.2695 0.264 0.264 0.264 0.2455 0.2455 0.256 0.256 0.25 0.25 0.25
0.27 0.2615 0.2615 0.2615 0.243 0.243 0.251 0.251 0.27 0.27 0.2595 0.2595 0.2595 0.2635 0.2635 0.2765 0.2765 0.263 0.263 0.263 0.268 0.268 0.2675 0.2675 0.279 0.279 0.279 0.309 0.309 0.271 0.271 0.276 0.276 0.276 0.2685 0.2685 0.2695 0.2695 0.2715 0.2715 0.2715 0.28 0.28 0.2805 0.2805 0.3005 0.3005 0.297 0.297 0.297 0.2885 0.2885 0.3085 0.3085 0.3045 0.3045 0.3045 0.326 0.326 0.279 0.279 0.278 0.278 0.278 0.272 0.272 0.2695 0.2695 0.264 0.264 0.264 0.2455 0.2455 0.256 0.256 0.25 0.25 0.25
0.271 0.258 0.258 0.258 0.2505 0.2505 0.252 0.252 0.2665 0.2665 0.2895 0.2895 0.2895 0.284 0.284 0.257 0.257 0.274 0.274 0.274 0.262 0.262 0.265 0.265 0.296 0.296 0.296 0.2805 0.2805 0.274 0.274 0.264 0.264 0.264 0.2745 0.2745 0.2595 0.2595 0.261 0.261 0.261 0.2585 0.2585 0.3125 0.3125 0.255 0.255 0.269 0.269 0.269 0.289 0.289 0.293 0.293 0.2935 0.2935 0.2935 0.3095 0.3095 0.3175 0.3175 0.295 0.295 0.295 0.3005 0.3005 0.2895 0.2895 0.264 0.264 0.264 0.2555 0.2555 0.2665 0.2665 0.256 0.256 0.256
0.271 0.258 0.258 0.258 0.2505 0.2505 0.252 0.252 0.2665 0.2665 0.2895 0.2895 0.2895 0.284 0.284 0.257 0.257 0.274 0.274 0.274 0.262 0.262 0.265 0.265 0.296 0.296 0.296 0.2805 0.2805 0.274 0.274 0.264 0.264 0.264 0.2745 0.2745 0.2595 0.2595 0.261 0.261 0.261 0.2585 0.2585 0.3125 0.3125 0.255 0.255 0.269 0.269 0.269 0.289 0.289 0.293 0.293 0.2935 0.2935 0.2935 0.3095 0.3095 0.3175 0.3175 0.295 0.295 0.295 0.3005 0.3005 0.2895 0.2895 0.264 0.264 0.264 0.2555 0.2555 0.2665 0.2665 0.256 0.256 0.256
0.271 0.258 0.258 0.258 0.2505 0.2505 0.252 0.252 0.2665 0.2665 0.2895 0.2895 0.2895 0.284 0.284 0.257 0.257 0.274 0.274 0.274 0.262 0.262 0.265 0.265 0.296 0.296 0.296 0.2805 0.2805 0.274 0.274 0.264 0.264 0.264 0.2745 0.2745 0.2595 0.2595 0.261 0.261 0.261 0.2585 0.2585 0.3125 0.3125 0.255 0.255 0.269 0.269 0.269 0.289 0.289 0.293 0.293 0.2935 0.2935 0.2935 0.3095 0.3095 0.3175 0.3175 0.295 0.295 0.295 0.3005 0.3005 0.2895 0.2895 0.264 0.264 0.264 0.2555 0.2555 0.2665 0.2665 0.256 0.256 0.256
