ndvi/NOAA-157.asc
ncols         252
nrows         154
xllcorner     -18.017974
yllcorner     13.481982
cellsize      0.035948
NODATA_value  -9999
[rows 102 to 135 of 154, columns 0 to 76 of 252]
-1 -1 -1 -1 -1 -1 -1 -1 -1 -1 -1 -1 -1 -1 -1 -1 -1 -1 -1 -1 -1 -1 -1 -1 -1 0.0182 0.0182 0.0182 0.1634 0.1634 0.3275 0.3275 0.3195 0.3195 0.3195 0.2935 0.2935 0.2875 0.2875 0.298 0.298 0.298 0.285 0.285 0.298 0.298 0.28 0.28 0.28 0.297 0.297 0.292 0.292 0.2745 0.2745 0.2775 0.2775 0.2775 0.2795 0.2795 0.284 0.284 0.284 0.284 0.284 0.2805 0.2805 0.2845 0.2845 0.2795 0.2795 0.2795 0.2745 0.2745 0.278 0.278 0.2785
-1 -1 -1 -1 -1 -1 -1 -1 -1 -1 -1 -1 -1 -1 -1 -1 -1 -1 -1 -1 -1 -1 -1 0.0102 0.0102 0.199 0.199 0.199 0.3565 0.3565 0.3145 0.3145 0.284 0.284 0.284 0.31 0.31 0.305 0.305 0.324 0.324 0.324 0.316 0.316 0.3005 0.3005 0.301 0.301 0.301 0.2885 0.2885 0.2715 0.2715 0.276 0.276 0.2755 0.2755 0.2755 0.2965 0.2965 0.2835 0.2835 0.2835 0.2835 0.2835 0.2735 0.2735 0.2845 0.2845 0.291 0.291 0.291 0.282 0.282 0.291 0.291 0.286
-1 -1 -1 -1 -1 -1 -1 -1 -1 -1 -1 -1 -1 -1 -1 -1 -1 -1 -1 -1 -1 -1 -1 0.0102 0.0102 0.199 0.199 0.199 0.3565 0.3565 0.3145 0.3145 0.284 0.284 0.284 0.31 0.31 0.305 0.305 0.324 0.324 0.324 0.316 0.316 0.3005 0.3005 0.301 0.301 0.301 0.2885 0.2885 0.2715 0.2715 0.276 0.276 0.2755 0.2755 0.2755 0.2965 0.2965 0.2835 0.2835 0.2835 0.2835 0.2835 0.2735 0.2735 0.2845 0.2845 0.291 0.291 0.291 0.282 0.282 0.291 0.291 0.286
-1 -1 -1 -1 -1 -1 -1 -1 -1 -1 -1 -1 -1 -1 -1 -1 -1 -1 -1 -1 -1 -1 -1 0.0102 0.0102 0.199 0.199 0.199 0.3565 0.3565 0.3145 0.3145 0.284 0.284 0.284 0.31 0.31 0.305 0.305 0.324 0.324 0.324 0.316 0.316 0.3005 0.3005 0.301 0.301 0.301 0.2885 0.2885 0.2715 0.2715 0.276 0.276 0.2755 0.2755 0.2755 0.2965 0.2965 0.2835 0.2835 0.2835 0.2835 0.2835 0.2735 0.2735 0.2845 0.2845 0.291 0.291 0.291 0.282 0.282 0.291 0.291 0.286
-1 -1 -1 -1 -1 -1 -1 -1 -1 -1 -1 -1 -1 -1 -1 -1 -1 -1 -1 -1 -1 0.0197 0.0197 0.1865 0.1865 0.361 0.361 0.361 0.3225 0.3225 0.321 0.321 0.3205 0.3205 0.3205 0.3255 0.3255 0.31 0.31 0.3185 0.3185 0.3185 0.3245 0.3245 0.3055 0.3055 0.283 0.283 0.283 0.268 0.268 0.269 0.269 0.277 0.277 0.2905 0.2905 0.2905 0.279 0.279 0.2895 0.2895 0.2895 0.2895 0.2895 0.282 0.282 0.2845 0.2845 0.2925 0.2925 0.2925 0.3 0.3 0.29 0.29 0.291
-1 -1 -1 -1 -1 -1 -1 -1 -1 -1 -1 -1 -1 -1 -1 -1 -1 -1 -1 -1 -1 0.0197 0.0197 0.1865 0.1865 0.361 0.361 0.361 0.3225 0.3225 0.321 0.321 0.3205 0.3205 0.3205 0.3255 0.3255 0.31 0.31 0.3185 0.3185 0.3185 0.3245 0.3245 0.3055 0.3055 0.283 0.283 0.283 0.268 0.268 0.269 0.269 0.277 0.277 0.2905 0.2905 0.2905 0.279 0.279 0.2895 0.2895 0.2895 0.2895 0.2895 0.282 0.282 0.2845 0.2845 0.2925 0.2925 0.2925 0.3 0.3 0.29 0.29 0.291
-1 -1 -1 -1 -1 -1 -1 -1 -1 -1 -1 -1 -1 -1 -1 -1 -1 -1 -1 -1 -1 0.1677 0.1677 0.358 0.358 0.385 0.385 0.385 0.355 0.355 0.3435 0.3435 0.344 0.344 0.344 0.3225 0.3225 0.3135 0.3135 0.3185 0.3185 0.3185 0.334 0.334 0.3635 0.3635 0.32 0.32 0.32 0.2945 0.2945 0.285 0.285 0.266 0.266 0.267 0.267 0.267 0.2625 0.2625 0.29 0.29 0.29 0.29 0.29 0.274 0.274 0.295 0.295 0.3015 0.3015 0.3015 0.2985 0.2985 0.3075 0.3075 0.3065
-1 -1 -1 -1 -1 -1 -1 -1 -1 -1 -1 -1 -1 -1 -1 -1 -1 -1 -1 -1 -1 0.1677 0.1677 0.358 0.358 0.385 0.385 0.385 0.355 0.355 0.3435 0.3435 0.344 0.344 0.344 0.3225 0.3225 0.3135 0.3135 0.3185 0.3185 0.3185 0.334 0.334 0.3635 0.3635 0.32 0.32 0.32 0.2945 0.2945 0.285 0.285 0.266 0.266 0.267 0.267 0.267 0.2625 0.2625 0.29 0.29 0.29 0.29 0.29 0.274 0.274 0.295 0.295 0.3015 0.3015 0.3015 0.2985 0.2985 0.3075 0.3075 0.3065
-1 -1 -1 -1 -1 -1 -1 -1 -1 -1 -1 -1 -1 -1 -1 -1 -1 -1 0.1772 0.1772 0.1772 0.345 0.345 0.3645 0.3645 0.361 0.361 0.361 0.3335 0.3335 0.3565 0.3565 0.3495 0.3495 0.3495 0.3235 0.3235 0.3375 0.3375 0.34 0.34 0.34 0.3165 0.3165 0.3215 0.3215 0.3065 0.3065 0.3065 0.3085 0.3085 0.3015 0.3015 0.276 0.276 0.2705 0.2705 0.2705 0.27 0.27 0.273 0.273 0.273 0.273 0.273 0.2715 0.2715 0.2795 0.2795 0.3015 0.3015 0.3015 0.309 0.309 0.3245 0.3245 0.3255
-1 -1 -1 -1 -1 -1 -1 -1 -1 -1 -1 -1 -1 -1 -1 -1 -1 -1 0.1772 0.1772 0.1772 0.345 0.345 0.3645 0.3645 0.361 0.361 0.361 0.3335 0.3335 0.3565 0.3565 0.3495 0.3495 0.3495 0.3235 0.3235 0.3375 0.3375 0.34 0.34 0.34 0.3165 0.3165 0.3215 0.3215 0.3065 0.3065 0.3065 0.3085 0.3085 0.3015 0.3015 0.276 0.276 0.2705 0.2705 0.2705 0.27 0.27 0.273 0.273 0.273 0.273 0.273 0.2715 0.2715 0.2795 0.2795 0.3015 0.3015 0.3015 0.309 0.309 0.3245 0.3245 0.3255
-1 -1 -1 -1 -1 -1 -1 -1 -1 -1 -1 -1 -1 -1 -1 -1 -1 -1 0.1772 0.1772 0.1772 0.345 0.345 0.3645 0.3645 0.361 0.361 0.361 0.3335 0.3335 0.3565 0.3565 0.3495 0.3495 0.3495 0.3235 0.3235 0.3375 0.3375 0.34 0.34 0.34 0.3165 0.3165 0.3215 0.3215 0.3065 0.3065 0.3065 0.3085 0.3085 0.3015 0.3015 0.276 0.276 0.2705 0.2705 0.2705 0.27 0.27 0.273 0.273 0.273 0.273 0.273 0.2715 0.2715 0.2795 0.2795 0.3015 0.3015 0.3015 0.309 0.309 0.3245 0.3245 0.3255
-1 -1 -1 -1 -1 -1 -1 -1 -1 -1 -1 -1 -1 -1 -1 -1 0.2637 0.2637 0.3985 0.3985 0.3985 0.4055 0.4055 0.3785 0.3785 0.365 0.365 0.365 0.3595 0.3595 0.368 0.368 0.338 0.338 0.338 0.328 0.328 0.3125 0.3125 0.3215 0.3215 0.3215 0.3155 0.3155 0.313 0.313 0.303 0.303 0.303 0.3055 0.3055 0.292 0.292 0.317 0.317 0.2915 0.2915 0.2915 0.286 0.286 0.2915 0.2915 0.2915 0.2915 0.2915 0.2935 0.2935 0.27 0.27 0.2675 0.2675 0.2675 0.294 0.294 0.293 0.293 0.3205
-1 -1 -1 -1 -1 -1 -1 -1 -1 -1 -1 -1 -1 -1 -1 -1 0.2637 0.2637 0.3985 0.3985 0.3985 0.4055 0.4055 0.3785 0.3785 0.365 0.365 0.365 0.3595 0.3595 0.368 0.368 0.338 0.338 0.338 0.328 0.328 0.3125 0.3125 0.3215 0.3215 0.3215 0.3155 0.3155 0.313 0.313 0.303 0.303 0.303 0.3055 0.3055 0.292 0.292 0.317 0.317 0.2915 0.2915 0.2915 0.286 0.286 0.2915 0.2915 0.2915 0.2915 0.2915 0.2935 0.2935 0.27 0.27 0.2675 0.2675 0.2675 0.294 0.294 0.293 0.293 0.3205
-1 -1 -1 -1 -1 -1 -1 -1 -1 -1 -1 -1 0.2456 0.2456 0.1995 0.1995 0.199 0.199 0.4035 0.4035 0.4035 0.386 0.386 0.3965 0.3965 0.359 0.359 0.359 0.3865 0.3865 0.378 0.378 0.331 0.331 0.331 0.3345 0.3345 0.3355 0.3355 0.3255 0.3255 0.3255 0.339 0.339 0.3295 0.3295 0.3095 0.3095 0.3095 0.303 0.303 0.2865 0.2865 0.295 0.295 0.281 0.281 0.281 0.2765 0.2765 0.2855 0.2855 0.2855 0.2855 0.2855 0.2995 0.2995 0.2815 0.2815 0.2765 0.2765 0.2765 0.282 0.282 0.285 0.285 0.34
-1 -1 -1 -1 -1 -1 -1 -1 -1 -1 -1 -1 0.2456 0.2456 0.1995 0.1995 0.199 0.199 0.4035 0.4035 0.4035 0.386 0.386 0.3965 0.3965 0.359 0.359 0.359 0.3865 0.3865 0.378 0.378 0.331 0.331 0.331 0.3345 0.3345 0.3355 0.3355 0.3255 0.3255 0.3255 0.339 0.339 0.3295 0.3295 0.3095 0.3095 0.3095 0.303 0.303 0.2865 0.2865 0.295 0.295 0.281 0.281 0.281 0.2765 0.2765 0.2855 0.2855 0.2855 0.2855 0.2855 0.2995 0.2995 0.2815 0.2815 0.2765 0.2765 0.2765 0.282 0.282 0.285 0.285 0.34
-1 -1 -1 -1 -1 -1 -1 -1 -1 0.1472 0.1472 0.1472 0.1326 0.1326 0.1635 0.1635 0.1516 0.1516 0.073 0.073 0.073 0.321 0.321 0.373 0.373 0.4005 0.4005 0.4005 0.377 0.377 0.356 0.356 0.331 0.331 0.331 0.3205 0.3205 0.3245 0.3245 0.343 0.343 0.343 0.337 0.337 0.3245 0.3245 0.3025 0.3025 0.3025 0.2925 0.2925 0.285 0.285 0.2775 0.2775 0.2725 0.2725 0.2725 0.2695 0.2695 0.2785 0.2785 0.2785 0.2785 0.2785 0.293 0.293 0.312 0.312 0.3015 0.3015 0.3015 0.2775 0.2775 0.2955 0.2955 0.3295
-1 -1 -1 -1 -1 -1 -1 -1 -1 0.1472 0.1472 0.1472 0.1326 0.1326 0.1635 0.1635 0.1516 0.1516 0.073 0.073 0.073 0.321 0.321 0.373 0.373 0.4005 0.4005 0.4005 0.377 0.377 0.356 0.356 0.331 0.331 0.331 0.3205 0.3205 0.3245 0.3245 0.343 0.343 0.343 0.337 0.337 0.3245 0.3245 0.3025 0.3025 0.3025 0.2925 0.2925 0.285 0.285 0.2775 0.2775 0.2725 0.2725 0.2725 0.2695 0.2695 0.2785 0.2785 0.2785 0.2785 0.2785 0.293 0.293 0.312 0.312 0.3015 0.3015 0.3015 0.2775 0.2775 0.2955 0.2955 0.3295
-1 -1 -1 -1 -1 -1 -1 -1 -1 0.1472 0.1472 0.1472 0.1326 0.1326 0.1635 0.1635 0.1516 0.1516 0.073 0.073 0.073 0.321 0.321 0.373 0.373 0.4005 0.4005 0.4005 0.377 0.377 0.356 0.356 0.331 0.331 0.331 0.3205 0.3205 0.3245 0.3245 0.343 0.343 0.343 0.337 0.337 0.3245 0.3245 0.3025 0.3025 0.3025 0.2925 0.2925 0.285 0.285 0.2775 0.2775 0.2725 0.2725 0.2725 0.2695 0.2695 0.2785 0.2785 0.2785 0.2785 0.2785 0.293 0.293 0.312 0.312 0.3015 0.3015 0.3015 0.2775 0.2775 0.2955 0.2955 0.3295
-1 -1 -1 -1 -1 -1 -1 -1 -1 -1 -1 -1 0.1346 0.1346 0.1762 0.1762 0.1842 0.1842 0.1432 0.1432 0.1432 0.2975 0.2975 0.306 0.306 0.405 0.405 0.405 0.3705 0.3705 0.35 0.35 0.333 0.333 0.333 0.3245 0.3245 0.31 0.31 0.306 0.306 0.306 0.33 0.33 0.329 0.329 0.326 0.326 0.326 0.297 0.297 0.286 0.286 0.288 0.288 0.2825 0.2825 0.2825 0.277 0.277 0.278 0.278 0.278 0.278 0.278 0.2895 0.2895 0.288 0.288 0.297 0.297 0.297 0.3265 0.3265 0.2915 0.2915 0.3155
-1 -1 -1 -1 -1 -1 -1 -1 -1 -1 -1 -1 0.1346 0.1346 0.1762 0.1762 0.1842 0.1842 0.1432 0.1432 0.1432 0.2975 0.2975 0.306 0.306 0.405 0.405 0.405 0.3705 0.3705 0.35 0.35 0.333 0.333 0.333 0.3245 0.3245 0.31 0.31 0.306 0.306 0.306 0.33 0.33 0.329 0.329 0.326 0.326 0.326 0.297 0.297 0.286 0.286 0.288 0.288 0.2825 0.2825 0.2825 0.277 0.277 0.278 0.278 0.278 0.278 0.278 0.2895 0.2895 0.288 0.288 0.297 0.297 0.297 0.3265 0.3265 0.2915 0.2915 0.3155
-1 -1 -1 -1 -1 -1 -1 -1 -1 -1 -1 -1 -1 -1 -1 -1 -1 -1 0.1697 0.1697 0.1697 0.1445 0.1445 0.301 0.301 0.359 0.359 0.359 0.3655 0.3655 0.3595 0.3595 0.332 0.332 0.332 0.315 0.315 0.3105 0.3105 0.3 0.3 0.3 0.317 0.317 0.3315 0.3315 0.3165 0.3165 0.3165 0.3165 0.3165 0.306 0.306 0.3015 0.3015 0.2935 0.2935 0.2935 0.2985 0.2985 0.301 0.301 0.301 0.301 0.301 0.2965 0.2965 0.2885 0.2885 0.2885 0.2885 0.2885 0.3195 0.3195 0.299 0.299 0.2935
-1 -1 -1 -1 -1 -1 -1 -1 -1 -1 -1 -1 -1 -1 -1 -1 -1 -1 0.1697 0.1697 0.1697 0.1445 0.1445 0.301 0.301 0.359 0.359 0.359 0.3655 0.3655 0.3595 0.3595 0.332 0.332 0.332 0.315 0.315 0.3105 0.3105 0.3 0.3 0.3 0.317 0.317 0.3315 0.3315 0.3165 0.3165 0.3165 0.3165 0.3165 0.306 0.306 0.3015 0.3015 0.2935 0.2935 0.2935 0.2985 0.2985 0.301 0.301 0.301 0.301 0.301 0.2965 0.2965 0.2885 0.2885 0.2885 0.2885 0.2885 0.3195 0.3195 0.299 0.299 0.2935
-1 -1 -1 -1 -1 -1 -1 -1 -1 -1 -1 -1 -1 -1 -1 -1 -1 -1 -1 -1 -1 0.2017 0.2017 0.1945 0.1945 0.326 0.326 0.326 0.3525 0.3525 0.3665 0.3665 0.346 0.346 0.346 0.3235 0.3235 0.3145 0.3145 0.3095 0.3095 0.3095 0.32 0.32 0.314 0.314 0.317 0.317 0.317 0.317 0.317 0.3325 0.3325 0.333 0.333 0.316 0.316 0.316 0.339 0.339 0.3315 0.3315 0.3315 0.3315 0.3315 0.32 0.32 0.3245 0.3245 0.3295 0.3295 0.3295 0.332 0.332 0.3125 0.3125 0.3405
-1 -1 -1 -1 -1 -1 -1 -1 -1 -1 -1 -1 -1 -1 -1 -1 -1 -1 -1 -1 -1 0.2017 0.2017 0.1945 0.1945 0.326 0.326 0.326 0.3525 0.3525 0.3665 0.3665 0.346 0.346 0.346 0.3235 0.3235 0.3145 0.3145 0.3095 0.3095 0.3095 0.32 0.32 0.314 0.314 0.317 0.317 0.317 0.317 0.317 0.3325 0.3325 0.333 0.333 0.316 0.316 0.316 0.339 0.339 0.3315 0.3315 0.3315 0.3315 0.3315 0.32 0.32 0.3245 0.3245 0.3295 0.3295 0.3295 0.332 0.332 0.3125 0.3125 0.3405
-1 -1 -1 -1 -1 -1 -1 -1 -1 -1 -1 -1 -1 -1 -1 -1 -1 -1 -1 -1 -1 0.1287 0.1287 0.1482 0.1482 0.2015 0.2015 0.2015 0.3205 0.3205 0.3585 0.3585 0.3535 0.3535 0.3535 0.347 0.347 0.306 0.306 0.2745 0.2745 0.2745 0.2625 0.2625 0.2895 0.2895 0.3095 0.3095 0.3095 0.3135 0.3135 0.3345 0.3345 0.342 0.342 0.33 0.33 0.33 0.3525 0.3525 0.352 0.352 0.352 0.352 0.352 0.338 0.338 0.3225 0.3225 0.3205 0.3205 0.3205 0.308 0.308 0.3185 0.3185 0.347
-1 -1 -1 -1 -1 -1 -1 -1 -1 -1 -1 -1 -1 -1 -1 -1 -1 -1 -1 -1 -1 0.1287 0.1287 0.1482 0.1482 0.2015 0.2015 0.2015 0.3205 0.3205 0.3585 0.3585 0.3535 0.3535 0.3535 0.347 0.347 0.306 0.306 0.2745 0.2745 0.2745 0.2625 0.2625 0.2895 0.2895 0.3095 0.3095 0.3095 0.3135 0.3135 0.3345 0.3345 0.342 0.342 0.33 0.33 0.33 0.3525 0.3525 0.352 0.352 0.352 0.352 0.352 0.338 0.338 0.3225 0.3225 0.3205 0.3205 0.3205 0.308 0.308 0.3185 0.3185 0.347
-1 -1 -1 -1 -1 -1 -1 -1 -1 -1 -1 -1 -1 -1 -1 -1 -1 -1 -1 -1 -1 0.1287 0.1287 0.1482 0.1482 0.2015 0.2015 0.2015 0.3205 0.3205 0.3585 0.3585 0.3535 0.3535 0.3535 0.347 0.347 0.306 0.306 0.2745 0.2745 0.2745 0.2625 0.2625 0.2895 0.2895 0.3095 0.3095 0.3095 0.3135 0.3135 0.3345 0.3345 0.342 0.342 0.33 0.33 0.33 0.3525 0.3525 0.352 0.352 0.352 0.352 0.352 0.338 0.338 0.3225 0.3225 0.3205 0.3205 0.3205 0.308 0.308 0.3185 0.3185 0.347
-1 -1 -1 -1 -1 -1 -1 -1 -1 -1 -1 -1 -1 -1 -1 -1 -1 -1 -1 -1 -1 -1 -1 0.2167 0.2167 0.0557 0.0557 0.0557 0.328 0.328 0.355 0.355 0.3425 0.3425 0.3425 0.368 0.368 0.239 0.239 0.1775 0.1775 0.1775 0.2145 0.2145 0.266 0.266 0.298 0.298 0.298 0.3235 0.3235 0.346 0.346 0.3625 0.3625 0.3475 0.3475 0.3475 0.341 0.341 0.3465 0.3465 0.3465 0.3465 0.3465 0.324 0.324 0.312 0.312 0.337 0.337 0.337 0.337 0.337 0.338 0.338 0.3555
-1 -1 -1 -1 -1 -1 -1 -1 -1 -1 -1 -1 -1 -1 -1 -1 -1 -1 -1 -1 -1 -1 -1 0.2167 0.2167 0.0557 0.0557 0.0557 0.328 0.328 0.355 0.355 0.3425 0.3425 0.3425 0.368 0.368 0.239 0.239 0.1775 0.1775 0.1775 0.2145 0.2145 0.266 0.266 0.298 0.298 0.298 0.3235 0.3235 0.346 0.346 0.3625 0.3625 0.3475 0.3475 0.3475 0.341 0.341 0.3465 0.3465 0.3465 0.3465 0.3465 0.324 0.324 0.312 0.312 0.337 0.337 0.337 0.337 0.337 0.338 0.338 0.3555
-1 -1 -1 -1 -1 -1 -1 -1 -1 -1 -1 -1 -1 -1 -1 -1 -1 -1 -1 -1 -1 -1 -1 -1 -1 0.1269 0.1269 0.1269 0.1995 0.1995 0.335 0.335 0.3415 0.3415 0.3415 0.352 0.352 0.1665 0.1665 0.153 0.153 0.153 0.2485 0.2485 0.231 0.231 0.3055 0.3055 0.3055 0.283 0.283 0.33 0.33 0.343 0.343 0.338 0.338 0.338 0.3525 0.3525 0.382 0.382 0.382 0.382 0.382 0.3085 0.3085 0.3235 0.3235 0.322 0.322 0.322 0.346 0.346 0.3445 0.3445 0.3555
-1 -1 -1 -1 -1 -1 -1 -1 -1 -1 -1 -1 -1 -1 -1 -1 -1 -1 -1 -1 -1 -1 -1 -1 -1 0.1269 0.1269 0.1269 0.1995 0.1995 0.335 0.335 0.3415 0.3415 0.3415 0.352 0.352 0.1665 0.1665 0.153 0.153 0.153 0.2485 0.2485 0.231 0.231 0.3055 0.3055 0.3055 0.283 0.283 0.33 0.33 0.343 0.343 0.338 0.338 0.338 0.3525 0.3525 0.382 0.382 0.382 0.382 0.382 0.3085 0.3085 0.3235 0.3235 0.322 0.322 0.322 0.346 0.346 0.3445 0.3445 0.3555
-1 -1 -1 -1 -1 -1 -1 -1 -1 -1 -1 -1 -1 -1 -1 -1 -1 -1 -1 -1 -1 -1 -1 -1 -1 0.1152 0.1152 0.1152 0.1417 0.1417 0.257 0.257 0.264 0.264 0.264 0.393 0.393 0.1995 0.1995 0.291 0.291 0.291 0.387 0.387 0.33 0.33 0.3525 0.3525 0.3525 0.344 0.344 0.3105 0.3105 0.341 0.341 0.336 0.336 0.336 0.3495 0.3495 0.3615 0.3615 0.3615 0.3615 0.3615 0.3275 0.3275 0.336 0.336 0.309 0.309 0.309 0.3415 0.3415 0.345 0.345 0.3245
-1 -1 -1 -1 -1 -1 -1 -1 -1 -1 -1 -1 -1 -1 -1 -1 -1 -1 -1 -1 -1 -1 -1 -1 -1 0.1152 0.1152 0.1152 0.1417 0.1417 0.257 0.257 0.264 0.264 0.264 0.393 0.393 0.1995 0.1995 0.291 0.291 0.291 0.387 0.387 0.33 0.33 0.3525 0.3525 0.3525 0.344 0.344 0.3105 0.3105 0.341 0.341 0.336 0.336 0.336 0.3495 0.3495 0.3615 0.3615 0.3615 0.3615 0.3615 0.3275 0.3275 0.336 0.336 0.309 0.309 0.309 0.3415 0.3415 0.345 0.345 0.3245
-1 -1 -1 -1 -1 -1 -1 -1 -1 -1 -1 -1 -1 -1 -1 -1 -1 -1 -1 -1 -1 -1 -1 -1 -1 0.1152 0.1152 0.1152 0.1417 0.1417 0.257 0.257 0.264 0.264 0.264 0.393 0.393 0.1995 0.1995 0.291 0.291 0.291 0.387 0.387 0.33 0.33 0.3525 0.3525 0.3525 0.344 0.344 0.3105 0.3105 0.341 0.341 0.336 0.336 0.336 0.3495 0.3495 0.3615 0.3615 0.3615 0.3615 0.3615 0.3275 0.3275 0.336 0.336 0.309 0.309 0.309 0.3415 0.3415 0.345 0.345 0.3245
