ndvi/NOAA-311.asc
ncols         252
nrows         154
xllcorner     -18.017974
yllcorner     13.481982
cellsize      0.035948
NODATA_value  -9999
[rows 34 to 67 of 154, columns 77 to 153 of 252]
0.145 0.145 0.1395 0.1395 0.137 0.137 0.1385 0.1385 0.1385 0.126 0.126 0.1425 0.1425 0.1345 0.1345 0.1385 0.1385 0.1385 0.14 0.14 0.139 0.139 0.1485 0.1485 0.1485 0.1465 0.1465 0.1455 0.1455 0.141 0.141 0.141 0.146 0.146 0.135 0.135 0.1335 0.1335 0.1335 0.1435 0.1435 0.1475 0.1475 0.154 0.154 0.154 0.1465 0.1465 0.1485 0.1485 0.1415 0.1415 0.144 0.144 0.144 0.1445 0.1445 0.1465 0.1465 0.1495 0.1495 0.1495 0.156 0.156 0.1555 0.1555 0.146 0.146 0.146 0.1505 0.1505 0.1435 0.1435 0.1175 0.1175 0.1175 0.1005
0.145 0.145 0.1395 0.1395 0.137 0.137 0.1385 0.1385 0.1385 0.126 0.126 0.1425 0.1425 0.1345 0.1345 0.1385 0.1385 0.1385 0.14 0.14 0.139 0.139 0.1485 0.1485 0.1485 0.1465 0.1465 0.1455 0.1455 0.141 0.141 0.141 0.146 0.146 0.135 0.135 0.1335 0.1335 0.1335 0.1435 0.1435 0.1475 0.1475 0.154 0.154 0.154 0.1465 0.1465 0.1485 0.1485 0.1415 0.1415 0.144 0.144 0.144 0.1445 0.1445 0.1465 0.1465 0.1495 0.1495 0.1495 0.156 0.156 0.1555 0.1555 0.146 0.146 0.146 0.1505 0.1505 0.1435 0.1435 0.1175 0.1175 0.1175 0.1005
0.145 0.145 0.1395 0.1395 0.137 0.137 0.1385 0.1385 0.1385 0.126 0.126 0.1425 0.1425 0.1345 0.1345 0.1385 0.1385 0.1385 0.14 0.14 0.139 0.139 0.1485 0.1485 0.1485 0.1465 0.1465 0.1455 0.1455 0.141 0.141 0.141 0.146 0.146 0.135 0.135 0.1335 0.1335 0.1335 0.1435 0.1435 0.1475 0.1475 0.154 0.154 0.154 0.1465 0.1465 0.1485 0.1485 0.1415 0.1415 0.144 0.144 0.144 0.1445 0.1445 0.1465 0.1465 0.1495 0.1495 0.1495 0.156 0.156 0.1555 0.1555 0.146 0.146 0.146 0.1505 0.1505 0.1435 0.1435 0.1175 0.1175 0.1175 0.1005
0.1595 0.1595 0.152 0.152 0.15 0.15 0.143 0.143 0.143 0.1425 0.1425 0.1405 0.1405 0.15 0.15 0.147 0.147 0.147 0.1445 0.1445 0.1445 0.1445 0.148 0.148 0.148 0.161 0.161 0.1515 0.1515 0.164 0.164 0.164 0.158 0.158 0.156 0.156 0.1425 0.1425 0.1425 0.1565 0.1565 0.157 0.157 0.1565 0.1565 0.1565 0.1655 0.1655 0.1645 0.1645 0.1635 0.1635 0.1575 0.1575 0.1575 0.1705 0.1705 0.1785 0.1785 0.172 0.172 0.172 0.1635 0.1635 0.154 0.154 0.1725 0.1725 0.1725 0.141 0.141 0.147 0.147 0.1505 0.1505 0.1505 0.1255
0.1595 0.1595 0.152 0.152 0.15 0.15 0.143 0.143 0.143 0.1425 0.1425 0.1405 0.1405 0.15 0.15 0.147 0.147 0.147 0.1445 0.1445 0.1445 0.1445 0.148 0.148 0.148 0.161 0.161 0.1515 0.1515 0.164 0.164 0.164 0.158 0.158 0.156 0.156 0.1425 0.1425 0.1425 0.1565 0.1565 0.157 0.157 0.1565 0.1565 0.1565 0.1655 0.1655 0.1645 0.1645 0.1635 0.1635 0.1575 0.1575 0.1575 0.1705 0.1705 0.1785 0.1785 0.172 0.172 0.172 0.1635 0.1635 0.154 0.154 0.1725 0.1725 0.1725 0.141 0.141 0.147 0.147 0.1505 0.1505 0.1505 0.1255
0.1505 0.1505 0.1445 0.1445 0.1405 0.1405 0.148 0.148 0.148 0.1535 0.1535 0.1465 0.1465 0.15 0.15 0.1485 0.1485 0.1485 0.137 0.137 0.1475 0.1475 0.167 0.167 0.167 0.164 0.164 0.1545 0.1545 0.182 0.182 0.182 0.1835 0.1835 0.1665 0.1665 0.164 0.164 0.164 0.166 0.166 0.1535 0.1535 0.166 0.166 0.166 0.1785 0.1785 0.1845 0.1845 0.175 0.175 0.196 0.196 0.196 0.1835 0.1835 0.193 0.193 0.1705 0.1705 0.1705 0.168 0.168 0.164 0.164 0.156 0.156 0.156 0.144 0.144 0.1315 0.1315 0.149 0.149 0.149 0.1395
0.1505 0.1505 0.1445 0.1445 0.1405 0.1405 0.148 0.148 0.148 0.1535 0.1535 0.1465 0.1465 0.15 0.15 0.1485 0.1485 0.1485 0.137 0.137 0.1475 0.1475 0.167 0.167 0.167 0.164 0.164 0.1545 0.1545 0.182 0.182 0.182 0.1835 0.1835 0.1665 0.1665 0.164 0.164 0.164 0.166 0.166 0.1535 0.1535 0.166 0.166 0.166 0.1785 0.1785 0.1845 0.1845 0.175 0.175 0.196 0.196 0.196 0.1835 0.1835 0.193 0.193 0.1705 0.1705 0.1705 0.168 0.168 0.164 0.164 0.156 0.156 0.156 0.144 0.144 0.1315 0.1315 0.149 0.149 0.149 0.1395
0.1595 0.1595 0.1535 0.1535 0.148 0.148 0.154 0.154 0.154 0.1545 0.1545 0.1555 0.1555 0.155 0.155 0.1525 0.1525 0.1525 0.138 0.138 0.1405 0.1405 0.1535 0.1535 0.1535 0.1545 0.1545 0.1685 0.1685 0.1855 0.1855 0.1855 0.1745 0.1745 0.1765 0.1765 0.17 0.17 0.17 0.1765 0.1765 0.179 0.179 0.18 0.18 0.18 0.1805 0.1805 0.1725 0.1725 0.198 0.198 0.2125 0.2125 0.2125 0.1995 0.1995 0.175 0.175 0.181 0.181 0.181 0.175 0.175 0.184 0.184 0.1225 0.1225 0.1225 0.1465 0.1465 0.144 0.144 0.1505 0.1505 0.1505 0.1315
0.1595 0.1595 0.1535 0.1535 0.148 0.148 0.154 0.154 0.154 0.1545 0.1545 0.1555 0.1555 0.155 0.155 0.1525 0.1525 0.1525 0.138 0.138 0.1405 0.1405 0.1535 0.1535 0.1535 0.1545 0.1545 0.1685 0.1685 0.1855 0.1855 0.1855 0.1745 0.1745 0.1765 0.1765 0.17 0.17 0.17 0.1765 0.1765 0.179 0.179 0.18 0.18 0.18 0.1805 0.1805 0.1725 0.1725 0.198 0.198 0.2125 0.2125 0.2125 0.1995 0.1995 0.175 0.175 0.181 0.181 0.181 0.175 0.175 0.184 0.184 0.1225 0.1225 0.1225 0.1465 0.1465 0.144 0.144 0.1505 0.1505 0.1505 0.1315
0.1595 0.1595 0.1535 0.1535 0.148 0.148 0.154 0.154 0.154 0.1545 0.1545 0.1555 0.1555 0.155 0.155 0.1525 0.1525 0.1525 0.138 0.138 0.1405 0.1405 0.1535 0.1535 0.1535 0.1545 0.1545 0.1685 0.1685 0.1855 0.1855 0.1855 0.1745 0.1745 0.1765 0.1765 0.17 0.17 0.17 0.1765 0.1765 0.179 0.179 0.18 0.18 0.18 0.1805 0.1805 0.1725 0.1725 0.198 0.198 0.2125 0.2125 0.2125 0.1995 0.1995 0.175 0.175 0.181 0.181 0.181 0.175 0.175 0.184 0.184 0.1225 0.1225 0.1225 0.1465 0.1465 0.144 0.144 0.1505 0.1505 0.1505 0.1315
0.1795 0.1795 0.1655 0.1655 0.158 0.158 0.158 0.158 0.158 0.1605 0.1605 0.1595 0.1595 0.161 0.161 0.173 0.173 0.173 0.1625 0.1625 0.1485 0.1485 0.1555 0.1555 0.1555 0.1805 0.1805 0.1815 0.1815 0.18 0.18 0.18 0.194 0.194 0.192 0.192 0.22 0.22 0.22 0.2 0.2 0.189 0.189 0.183 0.183 0.183 0.172 0.172 0.1665 0.1665 0.1845 0.1845 0.1905 0.1905 0.1905 0.194 0.194 0.177 0.177 0.153 0.153 0.153 0.14 0.14 0.14 0.14 0.1345 0.1345 0.1345 0.129 0.129 0.13 0.13 0.1415 0.1415 0.1415 0.143
0.1795 0.1795 0.1655 0.1655 0.158 0.158 0.158 0.158 0.158 0.1605 0.1605 0.1595 0.1595 0.161 0.161 0.173 0.173 0.173 0.1625 0.1625 0.1485 0.1485 0.1555 0.1555 0.1555 0.1805 0.1805 0.1815 0.1815 0.18 0.18 0.18 0.194 0.194 0.192 0.192 0.22 0.22 0.22 0.2 0.2 0.189 0.189 0.183 0.183 0.183 0.172 0.172 0.1665 0.1665 0.1845 0.1845 0.1905 0.1905 0.1905 0.194 0.194 0.177 0.177 0.153 0.153 0.153 0.14 0.14 0.14 0.14 0.1345 0.1345 0.1345 0.129 0.129 0.13 0.13 0.1415 0.1415 0.1415 0.143
0.1685 0.1685 0.1735 0.1735 0.1715 0.1715 0.1645 0.1645 0.1645 0.163 0.163 0.1595 0.1595 0.1535 0.1535 0.1585 0.1585 0.1585 0.163 0.163 0.157 0.157 0.163 0.163 0.163 0.174 0.174 0.1785 0.1785 0.192 0.192 0.192 0.225 0.225 0.266 0.266 0.225 0.225 0.225 0.1625 0.1625 0.1575 0.1575 0.1685 0.1685 0.1685 0.169 0.169 0.2075 0.2075 0.1895 0.1895 0.1845 0.1845 0.1845 0.1725 0.1725 0.18 0.18 0.161 0.161 0.161 0.1595 0.1595 0.1475 0.1475 0.1525 0.1525 0.1525 0.1695 0.1695 0.137 0.137 0.1175 0.1175 0.1175 0.1385
0.1685 0.1685 0.1735 0.1735 0.1715 0.1715 0.1645 0.1645 0.1645 0.163 0.163 0.1595 0.1595 0.1535 0.1535 0.1585 0.1585 0.1585 0.163 0.163 0.157 0.157 0.163 0.163 0.163 0.174 0.174 0.1785 0.1785 0.192 0.192 0.192 0.225 0.225 0.266 0.266 0.225 0.225 0.225 0.1625 0.1625 0.1575 0.1575 0.1685 0.1685 0.1685 0.169 0.169 0.2075 0.2075 0.1895 0.1895 0.1845 0.1845 0.1845 0.1725 0.1725 0.18 0.18 0.161 0.161 0.161 0.1595 0.1595 0.1475 0.1475 0.1525 0.1525 0.1525 0.1695 0.1695 0.137 0.137 0.1175 0.1175 0.1175 0.1385
0.1825 0.1825 0.174 0.174 0.169 0.169 0.1535 0.1535 0.1535 0.17 0.17 0.152 0.152 0.167 0.167 0.185 0.185 0.185 0.199 0.199 0.1985 0.1985 0.1975 0.1975 0.1975 0.209 0.209 0.2125 0.2125 0.2235 0.2235 0.2235 0.4085 0.4085 0.252 0.252 0.184 0.184 0.184 0.163 0.163 0.1505 0.1505 0.17 0.17 0.17 0.1785 0.1785 0.185 0.185 0.1815 0.1815 0.184 0.184 0.184 0.172 0.172 0.1735 0.1735 0.1575 0.1575 0.1575 0.196 0.196 0.1715 0.1715 0.18 0.18 0.18 0.179 0.179 0.171 0.171 0.141 0.141 0.141 0.126
0.1825 0.1825 0.174 0.174 0.169 0.169 0.1535 0.1535 0.1535 0.17 0.17 0.152 0.152 0.167 0.167 0.185 0.185 0.185 0.199 0.199 0.1985 0.1985 0.1975 0.1975 0.1975 0.209 0.209 0.2125 0.2125 0.2235 0.2235 0.2235 0.4085 0.4085 0.252 0.252 0.184 0.184 0.184 0.163 0.163 0.1505 0.1505 0.17 0.17 0.17 0.1785 0.1785 0.185 0.185 0.1815 0.1815 0.184 0.184 0.184 0.172 0.172 0.1735 0.1735 0.1575 0.1575 0.1575 0.196 0.196 0.1715 0.1715 0.18 0.18 0.18 0.179 0.179 0.171 0.171 0.141 0.141 0.141 0.126
0.1825 0.1825 0.174 0.174 0.169 0.169 0.1535 0.1535 0.1535 0.17 0.17 0.152 0.152 0.167 0.167 0.185 0.185 0.185 0.199 0.199 0.1985 0.1985 0.1975 0.1975 0.1975 0.209 0.209 0.2125 0.2125 0.2235 0.2235 0.2235 0.4085 0.4085 0.252 0.252 0.184 0.184 0.184 0.163 0.163 0.1505 0.1505 0.17 0.17 0.17 0.1785 0.1785 0.185 0.185 0.1815 0.1815 0.184 0.184 0.184 0.172 0.172 0.1735 0.1735 0.1575 0.1575 0.1575 0.196 0.196 0.1715 0.1715 0.18 0.18 0.18 0.179 0.179 0.171 0.171 0.141 0.141 0.141 0.126
0.1765 0.1765 0.1725 0.1725 0.1855 0.1855 0.182 0.182 0.182 0.1865 0.1865 0.1775 0.1775 0.186 0.186 0.2025 0.2025 0.2025 0.1995 0.1995 0.2175 0.2175 0.2265 0.2265 0.2265 0.227 0.227 0.2255 0.2255 0.224 0.224 0.224 0.2825 0.2825 0.2225 0.2225 0.1745 0.1745 0.1745 0.1215 0.1215 0.149 0.149 0.16 0.16 0.16 0.1565 0.1565 0.171 0.171 0.1975 0.1975 0.186 0.186 0.186 0.178 0.178 0.158 0.158 0.174 0.174 0.174 0.1705 0.1705 0.173 0.173 0.229 0.229 0.229 0.1985 0.1985 0.194 0.194 0.1655 0.1655 0.1655 0.1225
0.1765 0.1765 0.1725 0.1725 0.1855 0.1855 0.182 0.182 0.182 0.1865 0.1865 0.1775 0.1775 0.186 0.186 0.2025 0.2025 0.2025 0.1995 0.1995 0.2175 0.2175 0.2265 0.2265 0.2265 0.227 0.227 0.2255 0.2255 0.224 0.224 0.224 0.2825 0.2825 0.2225 0.2225 0.1745 0.1745 0.1745 0.1215 0.1215 0.149 0.149 0.16 0.16 0.16 0.1565 0.1565 0.171 0.171 0.1975 0.1975 0.186 0.186 0.186 0.178 0.178 0.158 0.158 0.174 0.174 0.174 0.1705 0.1705 0.173 0.173 0.229 0.229 0.229 0.1985 0.1985 0.194 0.194 0.1655 0.1655 0.1655 0.1225
0.19 0.19 0.191 0.191 0.1965 0.1965 0.189 0.189 0.189 0.19 0.19 0.198 0.198 0.206 0.206 0.232 0.232 0.232 0.2165 0.2165 0.2225 0.2225 0.229 0.229 0.229 0.211 0.211 0.2025 0.2025 0.2105 0.2105 0.2105 0.2055 0.2055 0.218 0.218 0.1945 0.1945 0.1945 0.1825 0.1825 0.14 0.14 0.1405 0.1405 0.1405 0.1385 0.1385 0.1595 0.1595 0.1855 0.1855 0.1825 0.1825 0.1825 0.1885 0.1885 0.2105 0.2105 0.2145 0.2145 0.2145 0.213 0.213 0.2065 0.2065 0.186 0.186 0.186 0.1895 0.1895 0.1925 0.1925 0.1705 0.1705 0.1705 0.16
0.19 0.19 0.191 0.191 0.1965 0.1965 0.189 0.189 0.189 0.19 0.19 0.198 0.198 0.206 0.206 0.232 0.232 0.232 0.2165 0.2165 0.2225 0.2225 0.229 0.229 0.229 0.211 0.211 0.2025 0.2025 0.2105 0.2105 0.2105 0.2055 0.2055 0.218 0.218 0.1945 0.1945 0.1945 0.1825 0.1825 0.14 0.14 0.1405 0.1405 0.1405 0.1385 0.1385 0.1595 0.1595 0.1855 0.1855 0.1825 0.1825 0.1825 0.1885 0.1885 0.2105 0.2105 0.2145 0.2145 0.2145 0.213 0.213 0.2065 0.2065 0.186 0.186 0.186 0.1895 0.1895 0.1925 0.1925 0.1705 0.1705 0.1705 0.16
0.228 0.228 0.2255 0.2255 0.2125 0.2125 0.205 0.205 0.205 0.2065 0.2065 0.214 0.214 0.225 0.225 0.2195 0.2195 0.2195 0.2135 0.2135 0.2185 0.2185 0.2055 0.2055 0.2055 0.2135 0.2135 0.2115 0.2115 0.2035 0.2035 0.2035 0.182 0.182 0.205 0.205 0.1785 0.1785 0.1785 0.1785 0.1785 0.13 0.13 0.136 0.136 0.136 0.131 0.131 0.221 0.221 0.1955 0.1955 0.187 0.187 0.187 0.206 0.206 0.212 0.212 0.2265 0.2265 0.2265 0.2245 0.2245 0.224 0.224 0.196 0.196 0.196 0.1745 0.1745 0.1585 0.1585 0.1465 0.1465 0.1465 0.117
0.228 0.228 0.2255 0.2255 0.2125 0.2125 0.205 0.205 0.205 0.2065 0.2065 0.214 0.214 0.225 0.225 0.2195 0.2195 0.2195 0.2135 0.2135 0.2185 0.2185 0.2055 0.2055 0.2055 0.2135 0.2135 0.2115 0.2115 0.2035 0.2035 0.2035 0.182 0.182 0.205 0.205 0.1785 0.1785 0.1785 0.1785 0.1785 0.13 0.13 0.136 0.136 0.136 0.131 0.131 0.221 0.221 0.1955 0.1955 0.187 0.187 0.187 0.206 0.206 0.212 0.212 0.2265 0.2265 0.2265 0.2245 0.2245 0.224 0.224 0.196 0.196 0.196 0.1745 0.1745 0.1585 0.1585 0.1465 0.1465 0.1465 0.117
0.244 0.244 0.2325 0.2325 0.219 0.219 0.208 0.208 0.208 0.214 0.214 0.2085 0.2085 0.2125 0.2125 0.2155 0.2155 0.2155 0.2145 0.2145 0.22 0.22 0.2195 0.2195 0.2195 0.223 0.223 0.232 0.232 0.2095 0.2095 0.2095 0.204 0.204 0.2195 0.2195 0.1805 0.1805 0.1805 0.1705 0.1705 0.171 0.171 0.1595 0.1595 0.1595 0.17 0.17 0.1495 0.1495 0.1725 0.1725 0.2005 0.2005 0.2005 0.208 0.208 0.206 0.206 0.235 0.235 0.235 0.222 0.222 0.218 0.218 0.2045 0.2045 0.2045 0.1805 0.1805 0.1675 0.1675 0.1335 0.1335 0.1335 0.1175
0.244 0.244 0.2325 0.2325 0.219 0.219 0.208 0.208 0.208 0.214 0.214 0.2085 0.2085 0.2125 0.2125 0.2155 0.2155 0.2155 0.2145 0.2145 0.22 0.22 0.2195 0.2195 0.2195 0.223 0.223 0.232 0.232 0.2095 0.2095 0.2095 0.204 0.204 0.2195 0.2195 0.1805 0.1805 0.1805 0.1705 0.1705 0.171 0.171 0.1595 0.1595 0.1595 0.17 0.17 0.1495 0.1495 0.1725 0.1725 0.2005 0.2005 0.2005 0.208 0.208 0.206 0.206 0.235 0.235 0.235 0.222 0.222 0.218 0.218 0.2045 0.2045 0.2045 0.1805 0.1805 0.1675 0.1675 0.1335 0.1335 0.1335 0.1175
0.244 0.244 0.2325 0.2325 0.219 0.219 0.208 0.208 0.208 0.214 0.214 0.2085 0.2085 0.2125 0.2125 0.2155 0.2155 0.2155 0.2145 0.2145 0.22 0.22 0.2195 0.2195 0.2195 0.223 0.223 0.232 0.232 0.2095 0.2095 0.2095 0.204 0.204 0.2195 0.2195 0.1805 0.1805 0.1805 0.1705 0.1705 0.171 0.171 0.1595 0.1595 0.1595 0.17 0.17 0.1495 0.1495 0.1725 0.1725 0.2005 0.2005 0.2005 0.208 0.208 0.206 0.206 0.235 0.235 0.235 0.222 0.222 0.218 0.218 0.2045 0.2045 0.2045 0.1805 0.1805 0.1675 0.1675 0.1335 0.1335 0.1335 0.1175
0.229 0.229 0.221 0.221 0.2325 0.2325 0.239 0.239 0.239 0.2315 0.2315 0.2085 0.2085 0.2065 0.2065 0.2165 0.2165 0.2165 0.185 0.185 0.223 0.223 0.2465 0.2465 0.2465 0.227 0.227 0.2385 0.2385 0.2405 0.2405 0.2405 0.237 0.237 0.2415 0.2415 0.205 0.205 0.205 0.1745 0.1745 0.1695 0.1695 0.1935 0.1935 0.1935 0.199 0.199 0.1525 0.1525 0.131 0.131 0.1175 0.1175 0.1175 0.161 0.161 0.2005 0.2005 0.241 0.241 0.241 0.2245 0.2245 0.2225 0.2225 0.2375 0.2375 0.2375 0.2275 0.2275 0.233 0.233 0.1995 0.1995 0.1995 0.147
0.229 0.229 0.221 0.221 0.2325 0.2325 0.239 0.239 0.239 0.2315 0.2315 0.2085 0.2085 0.2065 0.2065 0.2165 0.2165 0.2165 0.185 0.185 0.223 0.223 0.2465 0.2465 0.2465 0.227 0.227 0.2385 0.2385 0.2405 0.2405 0.2405 0.237 0.237 0.2415 0.2415 0.205 0.205 0.205 0.1745 0.1745 0.1695 0.1695 0.1935 0.1935 0.1935 0.199 0.199 0.1525 0.1525 0.131 0.131 0.1175 0.1175 0.1175 0.161 0.161 0.2005 0.2005 0.241 0.241 0.241 0.2245 0.2245 0.2225 0.2225 0.2375 0.2375 0.2375 0.2275 0.2275 0.233 0.233 0.1995 0.1995 0.1995 0.147
0.29 0.29 0.2745 0.2745 0.311 0.311 0.297 0.297 0.297 0.2745 0.2745 0.263 0.263 0.245 0.245 0.26 0.26 0.26 0.201 0.201 0.2255 0.2255 0.272 0.272 0.272 0.2795 0.2795 0.26 0.26 0.232 0.232 0.232 0.2365 0.2365 0.234 0.234 0.217 0.217 0.217 0.2285 0.2285 0.179 0.179 0.1795 0.1795 0.1795 0.169 0.169 0.1285 0.1285 0.153 0.153 0.1605 0.1605 0.1605 0.1585 0.1585 0.1825 0.1825 0.2215 0.2215 0.2215 0.228 0.228 0.2425 0.2425 0.248 0.248 0.248 0.2565 0.2565 0.263 0.263 0.191 0.191 0.191 0.1495
0.29 0.29 0.2745 0.2745 0.311 0.311 0.297 0.297 0.297 0.2745 0.2745 0.263 0.263 0.245 0.245 0.26 0.26 0.26 0.201 0.201 0.2255 0.2255 0.272 0.272 0.272 0.2795 0.2795 0.26 0.26 0.232 0.232 0.232 0.2365 0.2365 0.234 0.234 0.217 0.217 0.217 0.2285 0.2285 0.179 0.179 0.1795 0.1795 0.1795 0.169 0.169 0.1285 0.1285 0.153 0.153 0.1605 0.1605 0.1605 0.1585 0.1585 0.1825 0.1825 0.2215 0.2215 0.2215 0.228 0.228 0.2425 0.2425 0.248 0.248 0.248 0.2565 0.2565 0.263 0.263 0.191 0.191 0.191 0.1495
0.298 0.298 0.298 0.298 0.266 0.266 0.324 0.324 0.324 0.2705 0.2705 0.273 0.273 0.29 0.29 0.3105 0.3105 0.3105 0.2215 0.2215 0.2835 0.2835 0.247 0.247 0.247 0.298 0.298 0.2615 0.2615 0.231 0.231 0.231 0.2265 0.2265 0.212 0.212 0.231 0.231 0.231 0.201 0.201 0.1915 0.1915 0.1545 0.1545 0.1545 0.1965 0.1965 0.132 0.132 0.1395 0.1395 0.193 0.193 0.193 0.1815 0.1815 0.207 0.207 0.236 0.236 0.236 0.244 0.244 0.246 0.246 0.2305 0.2305 0.2305 0.2805 0.2805 0.219 0.219 0.171 0.171 0.171 0.1635
0.298 0.298 0.298 0.298 0.266 0.266 0.324 0.324 0.324 0.2705 0.2705 0.273 0.273 0.29 0.29 0.3105 0.3105 0.3105 0.2215 0.2215 0.2835 0.2835 0.247 0.247 0.247 0.298 0.298 0.2615 0.2615 0.231 0.231 0.231 0.2265 0.2265 0.212 0.212 0.231 0.231 0.231 0.201 0.201 0.1915 0.1915 0.1545 0.1545 0.1545 0.1965 0.1965 0.132 0.132 0.1395 0.1395 0.193 0.193 0.193 0.1815 0.1815 0.207 0.207 0.236 0.236 0.236 0.244 0.244 0.246 0.246 0.2305 0.2305 0.2305 0.2805 0.2805 0.219 0.219 0.171 0.171 0.171 0.1635
0.298 0.298 0.298 0.298 0.266 0.266 0.324 0.324 0.324 0.2705 0.2705 0.273 0.273 0.29 0.29 0.3105 0.3105 0.3105 0.2215 0.2215 0.2835 0.2835 0.247 0.247 0.247 0.298 0.298 0.2615 0.2615 0.231 0.231 0.231 0.2265 0.2265 0.212 0.212 0.231 0.231 0.231 0.201 0.201 0.1915 0.1915 0.1545 0.1545 0.1545 0.1965 0.1965 0.132 0.132 0.1395 0.1395 0.193 0.193 0.193 0.1815 0.1815 0.207 0.207 0.236 0.236 0.236 0.244 0.244 0.246 0.246 0.2305 0.2305 0.2305 0.2805 0.2805 0.219 0.219 0.171 0.171 0.171 0.1635
0.255 0.255 0.287 0.287 0.237 0.237 0.2655 0.2655 0.2655 0.3015 0.3015 0.2815 0.2815 0.2265 0.2265 0.2655 0.2655 0.2655 0.327 0.327 0.3815 0.3815 0.272 0.272 0.272 0.2805 0.2805 0.2755 0.2755 0.2155 0.2155 0.2155 0.214 0.214 0.202 0.202 0.209 0.209 0.209 0.2235 0.2235 0.22 0.22 0.185 0.185 0.185 0.157 0.157 0.168 0.168 0.1725 0.1725 0.2125 0.2125 0.2125 0.1945 0.1945 0.239 0.239 0.252 0.252 0.252 0.2645 0.2645 0.254 0.254 0.264 0.264 0.264 0.254 0.254 0.227 0.227 0.1845 0.1845 0.1845 0.1795
