ndvi/NOAA-24.asc
ncols         252
nrows         154
xllcorner     -18.017974
yllcorner     13.481982
cellsize      0.035948
NODATA_value  -9999
[rows 34 to 67 of 154, columns 78 to 155 of 252]
0.143 0.142 0.142 0.143 0.143 0.138 0.138 0.138 0.1375 0.1375 0.144 0.144 0.1465 0.1465 0.1515 0.1515 0.1515 0.153 0.153 0.15 0.15 0.153 0.153 0.153 0.153 0.153 0.154 0.154 0.155 0.155 0.155 0.1575 0.1575 0.1525 0.1525 0.1475 0.1475 0.1475 0.149 0.149 0.1465 0.1465 0.1635 0.1635 0.1635 0.1555 0.1555 0.152 0.152 0.1565 0.1565 0.1565 0.1565 0.1565 0.152 0.152 0.162 0.162 0.1645 0.1645 0.1645 0.163 0.163 0.1635 0.1635 0.17 0.17 0.17 0.175 0.175 0.142 0.142 0.1205 0.1205 0.1205 0.1435 0.1435 0.1405
0.143 0.142 0.142 0.143 0.143 0.138 0.138 0.138 0.1375 0.1375 0.144 0.144 0.1465 0.1465 0.1515 0.1515 0.1515 0.153 0.153 0.15 0.15 0.153 0.153 0.153 0.153 0.153 0.154 0.154 0.155 0.155 0.155 0.1575 0.1575 0.1525 0.1525 0.1475 0.1475 0.1475 0.149 0.149 0.1465 0.1465 0.1635 0.1635 0.1635 0.1555 0.1555 0.152 0.152 0.1565 0.1565 0.1565 0.1565 0.1565 0.152 0.152 0.162 0.162 0.1645 0.1645 0.1645 0.163 0.163 0.1635 0.1635 0.17 0.17 0.17 0.175 0.175 0.142 0.142 0.1205 0.1205 0.1205 0.1435 0.1435 0.1405
0.143 0.142 0.142 0.143 0.143 0.138 0.138 0.138 0.1375 0.1375 0.144 0.144 0.1465 0.1465 0.1515 0.1515 0.1515 0.153 0.153 0.15 0.15 0.153 0.153 0.153 0.153 0.153 0.154 0.154 0.155 0.155 0.155 0.1575 0.1575 0.1525 0.1525 0.1475 0.1475 0.1475 0.149 0.149 0.1465 0.1465 0.1635 0.1635 0.1635 0.1555 0.1555 0.152 0.152 0.1565 0.1565 0.1565 0.1565 0.1565 0.152 0.152 0.162 0.162 0.1645 0.1645 0.1645 0.163 0.163 0.1635 0.1635 0.17 0.17 0.17 0.175 0.175 0.142 0.142 0.1205 0.1205 0.1205 0.1435 0.1435 0.1405
0.147 0.151 0.151 0.1525 0.1525 0.1465 0.1465 0.1465 0.147 0.147 0.1535 0.1535 0.1565 0.1565 0.153 0.153 0.153 0.1535 0.1535 0.1515 0.1515 0.149 0.149 0.149 0.1645 0.1645 0.161 0.161 0.163 0.163 0.163 0.1575 0.1575 0.168 0.168 0.1515 0.1515 0.1515 0.156 0.156 0.156 0.156 0.166 0.166 0.166 0.1705 0.1705 0.166 0.166 0.164 0.164 0.163 0.163 0.163 0.171 0.171 0.196 0.196 0.1935 0.1935 0.1935 0.177 0.177 0.1765 0.1765 0.1755 0.1755 0.1755 0.1675 0.1675 0.129 0.129 0.1435 0.1435 0.1435 0.1405 0.1405 0.133
0.147 0.151 0.151 0.1525 0.1525 0.1465 0.1465 0.1465 0.147 0.147 0.1535 0.1535 0.1565 0.1565 0.153 0.153 0.153 0.1535 0.1535 0.1515 0.1515 0.149 0.149 0.149 0.1645 0.1645 0.161 0.161 0.163 0.163 0.163 0.1575 0.1575 0.168 0.168 0.1515 0.1515 0.1515 0.156 0.156 0.156 0.156 0.166 0.166 0.166 0.1705 0.1705 0.166 0.166 0.164 0.164 0.163 0.163 0.163 0.171 0.171 0.196 0.196 0.1935 0.1935 0.1935 0.177 0.177 0.1765 0.1765 0.1755 0.1755 0.1755 0.1675 0.1675 0.129 0.129 0.1435 0.1435 0.1435 0.1405 0.1405 0.133
0.157 0.1495 0.1495 0.147 0.147 0.1455 0.1455 0.1455 0.1545 0.1545 0.1575 0.1575 0.164 0.164 0.159 0.159 0.159 0.149 0.149 0.149 0.149 0.1585 0.1585 0.1585 0.1585 0.1585 0.167 0.167 0.1725 0.1725 0.1725 0.176 0.176 0.1655 0.1655 0.1665 0.1665 0.1665 0.162 0.162 0.1615 0.1615 0.179 0.179 0.179 0.1935 0.1935 0.189 0.189 0.1825 0.1825 0.22 0.22 0.22 0.1895 0.1895 0.197 0.197 0.1875 0.1875 0.1875 0.182 0.182 0.1775 0.1775 0.162 0.162 0.162 0.164 0.164 0.131 0.131 0.1315 0.1315 0.1315 0.148 0.148 0.125
0.157 0.1495 0.1495 0.147 0.147 0.1455 0.1455 0.1455 0.1545 0.1545 0.1575 0.1575 0.164 0.164 0.159 0.159 0.159 0.149 0.149 0.149 0.149 0.1585 0.1585 0.1585 0.1585 0.1585 0.167 0.167 0.1725 0.1725 0.1725 0.176 0.176 0.1655 0.1655 0.1665 0.1665 0.1665 0.162 0.162 0.1615 0.1615 0.179 0.179 0.179 0.1935 0.1935 0.189 0.189 0.1825 0.1825 0.22 0.22 0.22 0.1895 0.1895 0.197 0.197 0.1875 0.1875 0.1875 0.182 0.182 0.1775 0.1775 0.162 0.162 0.162 0.164 0.164 0.131 0.131 0.1315 0.1315 0.1315 0.148 0.148 0.125
0.1615 0.158 0.158 0.152 0.152 0.151 0.151 0.151 0.154 0.154 0.1575 0.1575 0.1615 0.1615 0.1625 0.1625 0.1625 0.1455 0.1455 0.149 0.149 0.157 0.157 0.157 0.169 0.169 0.174 0.174 0.176 0.176 0.176 0.168 0.168 0.1705 0.1705 0.1745 0.1745 0.1745 0.17 0.17 0.1815 0.1815 0.194 0.194 0.194 0.189 0.189 0.1855 0.1855 0.1895 0.1895 0.2125 0.2125 0.2125 0.1915 0.1915 0.189 0.189 0.1795 0.1795 0.1795 0.165 0.165 0.162 0.162 0.141 0.141 0.141 0.1655 0.1655 0.1405 0.1405 0.134 0.134 0.134 0.143 0.143 0.1305
0.1615 0.158 0.158 0.152 0.152 0.151 0.151 0.151 0.154 0.154 0.1575 0.1575 0.1615 0.1615 0.1625 0.1625 0.1625 0.1455 0.1455 0.149 0.149 0.157 0.157 0.157 0.169 0.169 0.174 0.174 0.176 0.176 0.176 0.168 0.168 0.1705 0.1705 0.1745 0.1745 0.1745 0.17 0.17 0.1815 0.1815 0.194 0.194 0.194 0.189 0.189 0.1855 0.1855 0.1895 0.1895 0.2125 0.2125 0.2125 0.1915 0.1915 0.189 0.189 0.1795 0.1795 0.1795 0.165 0.165 0.162 0.162 0.141 0.141 0.141 0.1655 0.1655 0.1405 0.1405 0.134 0.134 0.134 0.143 0.143 0.1305
0.1615 0.158 0.158 0.152 0.152 0.151 0.151 0.151 0.154 0.154 0.1575 0.1575 0.1615 0.1615 0.1625 0.1625 0.1625 0.1455 0.1455 0.149 0.149 0.157 0.157 0.157 0.169 0.169 0.174 0.174 0.176 0.176 0.176 0.168 0.168 0.1705 0.1705 0.1745 0.1745 0.1745 0.17 0.17 0.1815 0.1815 0.194 0.194 0.194 0.189 0.189 0.1855 0.1855 0.1895 0.1895 0.2125 0.2125 0.2125 0.1915 0.1915 0.189 0.189 0.1795 0.1795 0.1795 0.165 0.165 0.162 0.162 0.141 0.141 0.141 0.1655 0.1655 0.1405 0.1405 0.134 0.134 0.134 0.143 0.143 0.1305
0.1695 0.1595 0.1595 0.1535 0.1535 0.153 0.153 0.153 0.155 0.155 0.155 0.155 0.164 0.164 0.1705 0.1705 0.1705 0.164 0.164 0.1455 0.1455 0.163 0.163 0.163 0.1675 0.1675 0.1735 0.1735 0.1735 0.1735 0.1735 0.1895 0.1895 0.1925 0.1925 0.192 0.192 0.192 0.188 0.188 0.1915 0.1915 0.1905 0.1905 0.1905 0.171 0.171 0.172 0.172 0.1705 0.1705 0.19 0.19 0.19 0.1925 0.1925 0.1915 0.1915 0.169 0.169 0.169 0.17 0.17 0.1415 0.1415 0.141 0.141 0.141 0.1455 0.1455 0.1355 0.1355 0.116 0.116 0.116 0.121 0.121 0.146
0.1695 0.1595 0.1595 0.1535 0.1535 0.153 0.153 0.153 0.155 0.155 0.155 0.155 0.164 0.164 0.1705 0.1705 0.1705 0.164 0.164 0.1455 0.1455 0.163 0.163 0.163 0.1675 0.1675 0.1735 0.1735 0.1735 0.1735 0.1735 0.1895 0.1895 0.1925 0.1925 0.192 0.192 0.192 0.188 0.188 0.1915 0.1915 0.1905 0.1905 0.1905 0.171 0.171 0.172 0.172 0.1705 0.1705 0.19 0.19 0.19 0.1925 0.1925 0.1915 0.1915 0.169 0.169 0.169 0.17 0.17 0.1415 0.1415 0.141 0.141 0.141 0.1455 0.1455 0.1355 0.1355 0.116 0.116 0.116 0.121 0.121 0.146
0.169 0.1715 0.1715 0.1585 0.1585 0.157 0.157 0.157 0.1515 0.1515 0.148 0.148 0.1515 0.1515 0.1635 0.1635 0.1635 0.1665 0.1665 0.167 0.167 0.1705 0.1705 0.1705 0.167 0.167 0.1765 0.1765 0.19 0.19 0.19 0.216 0.216 0.2285 0.2285 0.1935 0.1935 0.1935 0.147 0.147 0.1555 0.1555 0.1705 0.1705 0.1705 0.179 0.179 0.2065 0.2065 0.1945 0.1945 0.184 0.184 0.184 0.172 0.172 0.177 0.177 0.167 0.167 0.167 0.1635 0.1635 0.157 0.157 0.15 0.15 0.15 0.154 0.154 0.1505 0.1505 0.13 0.13 0.13 0.139 0.139 0.1375
0.169 0.1715 0.1715 0.1585 0.1585 0.157 0.157 0.157 0.1515 0.1515 0.148 0.148 0.1515 0.1515 0.1635 0.1635 0.1635 0.1665 0.1665 0.167 0.167 0.1705 0.1705 0.1705 0.167 0.167 0.1765 0.1765 0.19 0.19 0.19 0.216 0.216 0.2285 0.2285 0.1935 0.1935 0.1935 0.147 0.147 0.1555 0.1555 0.1705 0.1705 0.1705 0.179 0.179 0.2065 0.2065 0.1945 0.1945 0.184 0.184 0.184 0.172 0.172 0.177 0.177 0.167 0.167 0.167 0.1635 0.1635 0.157 0.157 0.15 0.15 0.15 0.154 0.154 0.1505 0.1505 0.13 0.13 0.13 0.139 0.139 0.1375
0.1865 0.17 0.17 0.1755 0.1755 0.157 0.157 0.157 0.157 0.157 0.1535 0.1535 0.1705 0.1705 0.1885 0.1885 0.1885 0.1945 0.1945 0.1975 0.1975 0.196 0.196 0.196 0.1915 0.1915 0.204 0.204 0.2075 0.2075 0.2075 0.248 0.248 0.229 0.229 0.173 0.173 0.173 0.161 0.161 0.1565 0.1565 0.172 0.172 0.172 0.1875 0.1875 0.1875 0.1875 0.188 0.188 0.1815 0.1815 0.1815 0.172 0.172 0.1745 0.1745 0.1645 0.1645 0.1645 0.18 0.18 0.1595 0.1595 0.164 0.164 0.164 0.173 0.173 0.1675 0.1675 0.1365 0.1365 0.1365 0.1295 0.1295 0.1335
0.1865 0.17 0.17 0.1755 0.1755 0.157 0.157 0.157 0.157 0.157 0.1535 0.1535 0.1705 0.1705 0.1885 0.1885 0.1885 0.1945 0.1945 0.1975 0.1975 0.196 0.196 0.196 0.1915 0.1915 0.204 0.204 0.2075 0.2075 0.2075 0.248 0.248 0.229 0.229 0.173 0.173 0.173 0.161 0.161 0.1565 0.1565 0.172 0.172 0.172 0.1875 0.1875 0.1875 0.1875 0.188 0.188 0.1815 0.1815 0.1815 0.172 0.172 0.1745 0.1745 0.1645 0.1645 0.1645 0.18 0.18 0.1595 0.1595 0.164 0.164 0.164 0.173 0.173 0.1675 0.1675 0.1365 0.1365 0.1365 0.1295 0.1295 0.1335
0.1865 0.17 0.17 0.1755 0.1755 0.157 0.157 0.157 0.157 0.157 0.1535 0.1535 0.1705 0.1705 0.1885 0.1885 0.1885 0.1945 0.1945 0.1975 0.1975 0.196 0.196 0.196 0.1915 0.1915 0.204 0.204 0.2075 0.2075 0.2075 0.248 0.248 0.229 0.229 0.173 0.173 0.173 0.161 0.161 0.1565 0.1565 0.172 0.172 0.172 0.1875 0.1875 0.1875 0.1875 0.188 0.188 0.1815 0.1815 0.1815 0.172 0.172 0.1745 0.1745 0.1645 0.1645 0.1645 0.18 0.18 0.1595 0.1595 0.164 0.164 0.164 0.173 0.173 0.1675 0.1675 0.1365 0.1365 0.1365 0.1295 0.1295 0.1335
0.1855 0.185 0.185 0.192 0.192 0.189 0.189 0.189 0.193 0.193 0.194 0.194 0.1985 0.1985 0.203 0.203 0.203 0.204 0.204 0.2135 0.2135 0.2075 0.2075 0.2075 0.2065 0.2065 0.2075 0.2075 0.194 0.194 0.194 0.202 0.202 0.2275 0.2275 0.202 0.202 0.202 0.1565 0.1565 0.154 0.154 0.1585 0.1585 0.1585 0.171 0.171 0.1545 0.1545 0.177 0.177 0.1855 0.1855 0.1855 0.1855 0.1855 0.179 0.179 0.1845 0.1845 0.1845 0.1915 0.1915 0.192 0.192 0.1865 0.1865 0.1865 0.1985 0.1985 0.1985 0.1985 0.1655 0.1655 0.1655 0.1225 0.1225 0.1345
0.1855 0.185 0.185 0.192 0.192 0.189 0.189 0.189 0.193 0.193 0.194 0.194 0.1985 0.1985 0.203 0.203 0.203 0.204 0.204 0.2135 0.2135 0.2075 0.2075 0.2075 0.2065 0.2065 0.2075 0.2075 0.194 0.194 0.194 0.202 0.202 0.2275 0.2275 0.202 0.202 0.202 0.1565 0.1565 0.154 0.154 0.1585 0.1585 0.1585 0.171 0.171 0.1545 0.1545 0.177 0.177 0.1855 0.1855 0.1855 0.1855 0.1855 0.179 0.179 0.1845 0.1845 0.1845 0.1915 0.1915 0.192 0.192 0.1865 0.1865 0.1865 0.1985 0.1985 0.1985 0.1985 0.1655 0.1655 0.1655 0.1225 0.1225 0.1345
0.1905 0.1915 0.1915 0.192 0.192 0.194 0.194 0.194 0.2045 0.2045 0.2125 0.2125 0.203 0.203 0.215 0.215 0.215 0.209 0.209 0.214 0.214 0.1985 0.1985 0.1985 0.1965 0.1965 0.1975 0.1975 0.195 0.195 0.195 0.191 0.191 0.224 0.224 0.1975 0.1975 0.1975 0.191 0.191 0.1565 0.1565 0.15 0.15 0.15 0.1465 0.1465 0.1525 0.1525 0.196 0.196 0.201 0.201 0.201 0.2035 0.2035 0.2065 0.2065 0.2285 0.2285 0.2285 0.222 0.222 0.223 0.223 0.1975 0.1975 0.1975 0.1885 0.1885 0.189 0.189 0.1745 0.1745 0.1745 0.116 0.116 0.1225
0.1905 0.1915 0.1915 0.192 0.192 0.194 0.194 0.194 0.2045 0.2045 0.2125 0.2125 0.203 0.203 0.215 0.215 0.215 0.209 0.209 0.214 0.214 0.1985 0.1985 0.1985 0.1965 0.1965 0.1975 0.1975 0.195 0.195 0.195 0.191 0.191 0.224 0.224 0.1975 0.1975 0.1975 0.191 0.191 0.1565 0.1565 0.15 0.15 0.15 0.1465 0.1465 0.1525 0.1525 0.196 0.196 0.201 0.201 0.201 0.2035 0.2035 0.2065 0.2065 0.2285 0.2285 0.2285 0.222 0.222 0.223 0.223 0.1975 0.1975 0.1975 0.1885 0.1885 0.189 0.189 0.1745 0.1745 0.1745 0.116 0.116 0.1225
0.223 0.2215 0.2215 0.2135 0.2135 0.212 0.212 0.212 0.215 0.215 0.2145 0.2145 0.2165 0.2165 0.2135 0.2135 0.2135 0.214 0.214 0.1995 0.1995 0.201 0.201 0.201 0.1935 0.1935 0.2005 0.2005 0.1835 0.1835 0.1835 0.17 0.17 0.1855 0.1855 0.1875 0.1875 0.1875 0.1775 0.1775 0.1445 0.1445 0.1445 0.1445 0.1445 0.147 0.147 0.253 0.253 0.199 0.199 0.196 0.196 0.196 0.2305 0.2305 0.223 0.223 0.2425 0.2425 0.2425 0.226 0.226 0.219 0.219 0.198 0.198 0.198 0.1805 0.1805 0.1615 0.1615 0.163 0.163 0.163 0.1175 0.1175 0.1245
0.223 0.2215 0.2215 0.2135 0.2135 0.212 0.212 0.212 0.215 0.215 0.2145 0.2145 0.2165 0.2165 0.2135 0.2135 0.2135 0.214 0.214 0.1995 0.1995 0.201 0.201 0.201 0.1935 0.1935 0.2005 0.2005 0.1835 0.1835 0.1835 0.17 0.17 0.1855 0.1855 0.1875 0.1875 0.1875 0.1775 0.1775 0.1445 0.1445 0.1445 0.1445 0.1445 0.147 0.147 0.253 0.253 0.199 0.199 0.196 0.196 0.196 0.2305 0.2305 0.223 0.223 0.2425 0.2425 0.2425 0.226 0.226 0.219 0.219 0.198 0.198 0.198 0.1805 0.1805 0.1615 0.1615 0.163 0.163 0.163 0.1175 0.1175 0.1245
0.231 0.23 0.23 0.2245 0.2245 0.2155 0.2155 0.2155 0.221 0.221 0.22 0.22 0.2175 0.2175 0.2215 0.2215 0.2215 0.2115 0.2115 0.206 0.206 0.205 0.205 0.205 0.2015 0.2015 0.209 0.209 0.196 0.196 0.196 0.1875 0.1875 0.1955 0.1955 0.209 0.209 0.209 0.183 0.183 0.1665 0.1665 0.1805 0.1805 0.1805 0.1695 0.1695 0.1535 0.1535 0.167 0.167 0.1885 0.1885 0.1885 0.2095 0.2095 0.208 0.208 0.2275 0.2275 0.2275 0.232 0.232 0.2245 0.2245 0.2175 0.2175 0.2175 0.1755 0.1755 0.1615 0.1615 0.152 0.152 0.152 0.1205 0.1205 0.1245
0.231 0.23 0.23 0.2245 0.2245 0.2155 0.2155 0.2155 0.221 0.221 0.22 0.22 0.2175 0.2175 0.2215 0.2215 0.2215 0.2115 0.2115 0.206 0.206 0.205 0.205 0.205 0.2015 0.2015 0.209 0.209 0.196 0.196 0.196 0.1875 0.1875 0.1955 0.1955 0.209 0.209 0.209 0.183 0.183 0.1665 0.1665 0.1805 0.1805 0.1805 0.1695 0.1695 0.1535 0.1535 0.167 0.167 0.1885 0.1885 0.1885 0.2095 0.2095 0.208 0.208 0.2275 0.2275 0.2275 0.232 0.232 0.2245 0.2245 0.2175 0.2175 0.2175 0.1755 0.1755 0.1615 0.1615 0.152 0.152 0.152 0.1205 0.1205 0.1245
0.231 0.23 0.23 0.2245 0.2245 0.2155 0.2155 0.2155 0.221 0.221 0.22 0.22 0.2175 0.2175 0.2215 0.2215 0.2215 0.2115 0.2115 0.206 0.206 0.205 0.205 0.205 0.2015 0.2015 0.209 0.209 0.196 0.196 0.196 0.1875 0.1875 0.1955 0.1955 0.209 0.209 0.209 0.183 0.183 0.1665 0.1665 0.1805 0.1805 0.1805 0.1695 0.1695 0.1535 0.1535 0.167 0.167 0.1885 0.1885 0.1885 0.2095 0.2095 0.208 0.208 0.2275 0.2275 0.2275 0.232 0.232 0.2245 0.2245 0.2175 0.2175 0.2175 0.1755 0.1755 0.1615 0.1615 0.152 0.152 0.152 0.1205 0.1205 0.1245
0.2265 0.212 0.212 0.2225 0.2225 0.2225 0.2225 0.2225 0.2255 0.2255 0.2055 0.2055 0.2035 0.2035 0.2095 0.2095 0.2095 0.169 0.169 0.204 0.204 0.224 0.224 0.224 0.207 0.207 0.2105 0.2105 0.218 0.218 0.218 0.2135 0.2135 0.2185 0.2185 0.209 0.209 0.209 0.1755 0.1755 0.16 0.16 0.1865 0.1865 0.1865 0.178 0.178 0.133 0.133 0.1275 0.1275 0.1195 0.1195 0.1195 0.1495 0.1495 0.193 0.193 0.2325 0.2325 0.2325 0.233 0.233 0.225 0.225 0.23 0.23 0.23 0.216 0.216 0.206 0.206 0.163 0.163 0.163 0.132 0.132 0.1295
0.2265 0.212 0.212 0.2225 0.2225 0.2225 0.2225 0.2225 0.2255 0.2255 0.2055 0.2055 0.2035 0.2035 0.2095 0.2095 0.2095 0.169 0.169 0.204 0.204 0.224 0.224 0.224 0.207 0.207 0.2105 0.2105 0.218 0.218 0.218 0.2135 0.2135 0.2185 0.2185 0.209 0.209 0.209 0.1755 0.1755 0.16 0.16 0.1865 0.1865 0.1865 0.178 0.178 0.133 0.133 0.1275 0.1275 0.1195 0.1195 0.1195 0.1495 0.1495 0.193 0.193 0.2325 0.2325 0.2325 0.233 0.233 0.225 0.225 0.23 0.23 0.23 0.216 0.216 0.206 0.206 0.163 0.163 0.163 0.132 0.132 0.1295
0.2155 0.227 0.227 0.258 0.258 0.244 0.244 0.244 0.244 0.244 0.2365 0.2365 0.224 0.224 0.18 0.18 0.18 0.168 0.168 0.1855 0.1855 0.198 0.198 0.198 0.2235 0.2235 0.218 0.218 0.227 0.227 0.227 0.223 0.223 0.2145 0.2145 0.199 0.199 0.199 0.2035 0.2035 0.149 0.149 0.1695 0.1695 0.1695 0.154 0.154 0.132 0.132 0.133 0.133 0.1275 0.1275 0.1275 0.16 0.16 0.197 0.197 0.233 0.233 0.233 0.227 0.227 0.2285 0.2285 0.2265 0.2265 0.2265 0.208 0.208 0.208 0.208 0.168 0.168 0.168 0.1285 0.1285 0.132
0.2155 0.227 0.227 0.258 0.258 0.244 0.244 0.244 0.244 0.244 0.2365 0.2365 0.224 0.224 0.18 0.18 0.18 0.168 0.168 0.1855 0.1855 0.198 0.198 0.198 0.2235 0.2235 0.218 0.218 0.227 0.227 0.227 0.223 0.223 0.2145 0.2145 0.199 0.199 0.199 0.2035 0.2035 0.149 0.149 0.1695 0.1695 0.1695 0.154 0.154 0.132 0.132 0.133 0.133 0.1275 0.1275 0.1275 0.16 0.16 0.197 0.197 0.233 0.233 0.233 0.227 0.227 0.2285 0.2285 0.2265 0.2265 0.2265 0.208 0.208 0.208 0.208 0.168 0.168 0.168 0.1285 0.1285 0.132
0.217 0.2145 0.2145 0.2035 0.2035 0.24 0.24 0.24 0.251 0.251 0.2475 0.2475 0.2395 0.2395 0.2195 0.2195 0.2195 0.213 0.213 0.2145 0.2145 0.2125 0.2125 0.2125 0.2075 0.2075 0.234 0.234 0.219 0.219 0.219 0.2125 0.2125 0.218 0.218 0.208 0.208 0.208 0.2115 0.2115 0.18 0.18 0.137 0.137 0.137 0.1375 0.1375 0.127 0.127 0.136 0.136 0.1865 0.1865 0.1865 0.1725 0.1725 0.191 0.191 0.2495 0.2495 0.2495 0.2305 0.2305 0.2235 0.2235 0.22 0.22 0.22 0.2315 0.2315 0.201 0.201 0.162 0.162 0.162 0.142 0.142 0.151
0.217 0.2145 0.2145 0.2035 0.2035 0.24 0.24 0.24 0.251 0.251 0.2475 0.2475 0.2395 0.2395 0.2195 0.2195 0.2195 0.213 0.213 0.2145 0.2145 0.2125 0.2125 0.2125 0.2075 0.2075 0.234 0.234 0.219 0.219 0.219 0.2125 0.2125 0.218 0.218 0.208 0.208 0.208 0.2115 0.2115 0.18 0.18 0.137 0.137 0.137 0.1375 0.1375 0.127 0.127 0.136 0.136 0.1865 0.1865 0.1865 0.1725 0.1725 0.191 0.191 0.2495 0.2495 0.2495 0.2305 0.2305 0.2235 0.2235 0.22 0.22 0.22 0.2315 0.2315 0.201 0.201 0.162 0.162 0.162 0.142 0.142 0.151
0.217 0.2145 0.2145 0.2035 0.2035 0.24 0.24 0.24 0.251 0.251 0.2475 0.2475 0.2395 0.2395 0.2195 0.2195 0.2195 0.213 0.213 0.2145 0.2145 0.2125 0.2125 0.2125 0.2075 0.2075 0.234 0.234 0.219 0.219 0.219 0.2125 0.2125 0.218 0.218 0.208 0.208 0.208 0.2115 0.2115 0.18 0.18 0.137 0.137 0.137 0.1375 0.1375 0.127 0.127 0.136 0.136 0.1865 0.1865 0.1865 0.1725 0.1725 0.191 0.191 0.2495 0.2495 0.2495 0.2305 0.2305 0.2235 0.2235 0.22 0.22 0.22 0.2315 0.2315 0.201 0.201 0.162 0.162 0.162 0.142 0.142 0.151
0.204 0.212 0.212 0.2015 0.2015 0.204 0.204 0.204 0.2435 0.2435 0.224 0.224 0.24 0.24 0.2315 0.2315 0.2315 0.2315 0.2315 0.2315 0.2315 0.2285 0.2285 0.2285 0.225 0.225 0.229 0.229 0.2175 0.2175 0.2175 0.212 0.212 0.21 0.21 0.2 0.2 0.2 0.203 0.203 0.1985 0.1985 0.1735 0.1735 0.1735 0.14 0.14 0.1785 0.1785 0.175 0.175 0.1885 0.1885 0.1885 0.196 0.196 0.1905 0.1905 0.2245 0.2245 0.2245 0.2295 0.2295 0.225 0.225 0.222 0.222 0.222 0.2245 0.2245 0.1995 0.1995 0.184 0.184 0.184 0.139 0.139 0.163
