ndvi/NOAA-123.asc
ncols         252
nrows         154
xllcorner     -18.017974
yllcorner     13.481982
cellsize      0.035948
NODATA_value  -9999
[rows 68 to 101 of 154, columns 0 to 76 of 252]
-1 -1 -1 -1 -1 -1 -1 -1 -1 -1 -1 -1 -1 -1 -1 -1 -1 -1 -1 -1 -1 -1 -1 -1 -1 -1 -1 -1 -1 -1 -1 -1 -1 -1 -1 -1 -1 -1 -1 0.209 0.209 0.209 0.203 0.203 0.338 0.338 0.3205 0.3205 0.3205 0.294 0.294 0.282 0.282 0.2605 0.2605 0.264 0.264 0.264 0.348 0.348 0.33 0.33 0.33 0.33 0.33 0.2995 0.2995 0.289 0.289 0.221 0.221 0.221 0.21 0.21 0.2025 0.2025 0.2075
-1 -1 -1 -1 -1 -1 -1 -1 -1 -1 -1 -1 -1 -1 -1 -1 -1 -1 -1 -1 -1 -1 -1 -1 -1 -1 -1 -1 -1 -1 -1 -1 -1 -1 -1 -1 -1 -1 -1 0.235 0.235 0.235 0.274 0.274 0.376 0.376 0.268 0.268 0.268 0.314 0.314 0.272 0.272 0.249 0.249 0.2205 0.2205 0.2205 0.3255 0.3255 0.3405 0.3405 0.3405 0.3405 0.3405 0.259 0.259 0.24 0.24 0.2165 0.2165 0.2165 0.2105 0.2105 0.2015 0.2015 0.212
-1 -1 -1 -1 -1 -1 -1 -1 -1 -1 -1 -1 -1 -1 -1 -1 -1 -1 -1 -1 -1 -1 -1 -1 -1 -1 -1 -1 -1 -1 -1 -1 -1 -1 -1 -1 -1 -1 -1 0.235 0.235 0.235 0.274 0.274 0.376 0.376 0.268 0.268 0.268 0.314 0.314 0.272 0.272 0.249 0.249 0.2205 0.2205 0.2205 0.3255 0.3255 0.3405 0.3405 0.3405 0.3405 0.3405 0.259 0.259 0.24 0.24 0.2165 0.2165 0.2165 0.2105 0.2105 0.2015 0.2015 0.212
-1 -1 -1 -1 -1 -1 -1 -1 -1 -1 -1 -1 -1 -1 -1 -1 -1 -1 -1 -1 -1 -1 -1 -1 -1 -1 -1 -1 -1 -1 -1 -1 -1 -1 -1 -1 -1 0.0667 0.0667 0.154 0.154 0.154 0.2895 0.2895 0.3135 0.3135 0.2995 0.2995 0.2995 0.249 0.249 0.2255 0.2255 0.219 0.219 0.186 0.186 0.186 0.2015 0.2015 0.2705 0.2705 0.2705 0.2705 0.2705 0.227 0.227 0.2295 0.2295 0.23 0.23 0.23 0.2195 0.2195 0.225 0.225 0.2225
-1 -1 -1 -1 -1 -1 -1 -1 -1 -1 -1 -1 -1 -1 -1 -1 -1 -1 -1 -1 -1 -1 -1 -1 -1 -1 -1 -1 -1 -1 -1 -1 -1 -1 -1 -1 -1 0.0667 0.0667 0.154 0.154 0.154 0.2895 0.2895 0.3135 0.3135 0.2995 0.2995 0.2995 0.249 0.249 0.2255 0.2255 0.219 0.219 0.186 0.186 0.186 0.2015 0.2015 0.2705 0.2705 0.2705 0.2705 0.2705 0.227 0.227 0.2295 0.2295 0.23 0.23 0.23 0.2195 0.2195 0.225 0.225 0.2225
-1 -1 -1 -1 -1 -1 -1 -1 -1 -1 -1 -1 -1 -1 -1 -1 -1 -1 -1 -1 -1 -1 -1 -1 -1 -1 -1 -1 -1 -1 -1 -1 -1 -1 -1 -1 -1 0.0667 0.0667 0.154 0.154 0.154 0.2895 0.2895 0.3135 0.3135 0.2995 0.2995 0.2995 0.249 0.249 0.2255 0.2255 0.219 0.219 0.186 0.186 0.186 0.2015 0.2015 0.2705 0.2705 0.2705 0.2705 0.2705 0.227 0.227 0.2295 0.2295 0.23 0.23 0.23 0.2195 0.2195 0.225 0.225 0.2225
-1 -1 -1 -1 -1 -1 -1 -1 -1 -1 -1 -1 -1 -1 -1 -1 -1 -1 -1 -1 -1 -1 -1 -1 -1 -1 -1 -1 -1 -1 -1 -1 -1 -1 -1 -1 -1 0.0332 0.0332 0.1755 0.1755 0.1755 0.27 0.27 0.289 0.289 0.232 0.232 0.232 0.225 0.225 0.2195 0.2195 0.19 0.19 0.2025 0.2025 0.2025 0.194 0.194 0.264 0.264 0.264 0.264 0.264 0.2355 0.2355 0.237 0.237 0.2275 0.2275 0.2275 0.2235 0.2235 0.2275 0.2275 0.234
-1 -1 -1 -1 -1 -1 -1 -1 -1 -1 -1 -1 -1 -1 -1 -1 -1 -1 -1 -1 -1 -1 -1 -1 -1 -1 -1 -1 -1 -1 -1 -1 -1 -1 -1 -1 -1 0.0332 0.0332 0.1755 0.1755 0.1755 0.27 0.27 0.289 0.289 0.232 0.232 0.232 0.225 0.225 0.2195 0.2195 0.19 0.19 0.2025 0.2025 0.2025 0.194 0.194 0.264 0.264 0.264 0.264 0.264 0.2355 0.2355 0.237 0.237 0.2275 0.2275 0.2275 0.2235 0.2235 0.2275 0.2275 0.234
-1 -1 -1 -1 -1 -1 -1 -1 -1 -1 -1 -1 -1 -1 -1 -1 -1 -1 -1 -1 -1 -1 -1 -1 -1 -1 -1 -1 -1 -1 -1 -1 -1 -1 -1 -1 -1 -0.0013 -0.0013 0.16 0.16 0.16 0.27 0.27 0.2765 0.2765 0.2365 0.2365 0.2365 0.2375 0.2375 0.2235 0.2235 0.218 0.218 0.232 0.232 0.232 0.231 0.231 0.234 0.234 0.234 0.234 0.234 0.237 0.237 0.238 0.238 0.221 0.221 0.221 0.2105 0.2105 0.216 0.216 0.219
-1 -1 -1 -1 -1 -1 -1 -1 -1 -1 -1 -1 -1 -1 -1 -1 -1 -1 -1 -1 -1 -1 -1 -1 -1 -1 -1 -1 -1 -1 -1 -1 -1 -1 -1 -1 -1 -0.0013 -0.0013 0.16 0.16 0.16 0.27 0.27 0.2765 0.2765 0.2365 0.2365 0.2365 0.2375 0.2375 0.2235 0.2235 0.218 0.218 0.232 0.232 0.232 0.231 0.231 0.234 0.234 0.234 0.234 0.234 0.237 0.237 0.238 0.238 0.221 0.221 0.221 0.2105 0.2105 0.216 0.216 0.219
-1 -1 -1 -1 -1 -1 -1 -1 -1 -1 -1 -1 -1 -1 -1 -1 -1 -1 -1 -1 -1 -1 -1 -1 -1 -1 -1 -1 -1 -1 -1 -1 -1 -1 -1 -1 -1 0.0182 0.0182 0.2 0.2 0.2 0.2375 0.2375 0.2555 0.2555 0.2345 0.2345 0.2345 0.2355 0.2355 0.219 0.219 0.2385 0.2385 0.237 0.237 0.237 0.22 0.22 0.212 0.212 0.212 0.212 0.212 0.23 0.23 0.2255 0.2255 0.2195 0.2195 0.2195 0.2125 0.2125 0.2115 0.2115 0.2075
-1 -1 -1 -1 -1 -1 -1 -1 -1 -1 -1 -1 -1 -1 -1 -1 -1 -1 -1 -1 -1 -1 -1 -1 -1 -1 -1 -1 -1 -1 -1 -1 -1 -1 -1 -1 -1 0.0182 0.0182 0.2 0.2 0.2 0.2375 0.2375 0.2555 0.2555 0.2345 0.2345 0.2345 0.2355 0.2355 0.219 0.219 0.2385 0.2385 0.237 0.237 0.237 0.22 0.22 0.212 0.212 0.212 0.212 0.212 0.23 0.23 0.2255 0.2255 0.2195 0.2195 0.2195 0.2125 0.2125 0.2115 0.2115 0.2075
-1 -1 -1 -1 -1 -1 -1 -1 -1 -1 -1 -1 -1 -1 -1 -1 -1 -1 -1 -1 -1 -1 -1 -1 -1 -1 -1 -1 -1 -1 -1 -1 -1 -1 -1 -1 -1 0.0582 0.0582 0.1965 0.1965 0.1965 0.259 0.259 0.241 0.241 0.234 0.234 0.234 0.224 0.224 0.2315 0.2315 0.2345 0.2345 0.2385 0.2385 0.2385 0.216 0.216 0.2155 0.2155 0.2155 0.2155 0.2155 0.2055 0.2055 0.2205 0.2205 0.2215 0.2215 0.2215 0.22 0.22 0.2255 0.2255 0.203
-1 -1 -1 -1 -1 -1 -1 -1 -1 -1 -1 -1 -1 -1 -1 -1 -1 -1 -1 -1 -1 -1 -1 -1 -1 -1 -1 -1 -1 -1 -1 -1 -1 -1 -1 -1 -1 0.0582 0.0582 0.1965 0.1965 0.1965 0.259 0.259 0.241 0.241 0.234 0.234 0.234 0.224 0.224 0.2315 0.2315 0.2345 0.2345 0.2385 0.2385 0.2385 0.216 0.216 0.2155 0.2155 0.2155 0.2155 0.2155 0.2055 0.2055 0.2205 0.2205 0.2215 0.2215 0.2215 0.22 0.22 0.2255 0.2255 0.203
-1 -1 -1 -1 -1 -1 -1 -1 -1 -1 -1 -1 -1 -1 -1 -1 -1 -1 -1 -1 -1 -1 -1 -1 -1 -1 -1 -1 -1 -1 -1 -1 -1 -1 -1 -1 -1 0.0582 0.0582 0.1965 0.1965 0.1965 0.259 0.259 0.241 0.241 0.234 0.234 0.234 0.224 0.224 0.2315 0.2315 0.2345 0.2345 0.2385 0.2385 0.2385 0.216 0.216 0.2155 0.2155 0.2155 0.2155 0.2155 0.2055 0.2055 0.2205 0.2205 0.2215 0.2215 0.2215 0.22 0.22 0.2255 0.2255 0.203
-1 -1 -1 -1 -1 -1 -1 -1 -1 -1 -1 -1 -1 -1 -1 -1 -1 -1 -1 -1 -1 -1 -1 -1 -1 -1 -1 -1 -1 -1 -1 -1 -1 -1 -1 -1 -1 0.059 0.059 0.2145 0.2145 0.2145 0.2485 0.2485 0.225 0.225 0.2195 0.2195 0.2195 0.216 0.216 0.224 0.224 0.222 0.222 0.228 0.228 0.228 0.216 0.216 0.2205 0.2205 0.2205 0.2205 0.2205 0.2185 0.2185 0.2155 0.2155 0.219 0.219 0.219 0.225 0.225 0.221 0.221 0.2125
-1 -1 -1 -1 -1 -1 -1 -1 -1 -1 -1 -1 -1 -1 -1 -1 -1 -1 -1 -1 -1 -1 -1 -1 -1 -1 -1 -1 -1 -1 -1 -1 -1 -1 -1 -1 -1 0.059 0.059 0.2145 0.2145 0.2145 0.2485 0.2485 0.225 0.225 0.2195 0.2195 0.2195 0.216 0.216 0.224 0.224 0.222 0.222 0.228 0.228 0.228 0.216 0.216 0.2205 0.2205 0.2205 0.2205 0.2205 0.2185 0.2185 0.2155 0.2155 0.219 0.219 0.219 0.225 0.225 0.221 0.221 0.2125
-1 -1 -1 -1 -1 -1 -1 -1 -1 -1 -1 -1 -1 -1 -1 -1 -1 -1 -1 -1 -1 -1 -1 -1 -1 -1 -1 -1 -1 -1 -1 -1 -1 -1 -1 -1 -1 0.08750001 0.08750001 0.2575 0.2575 0.2575 0.252 0.252 0.2195 0.2195 0.2205 0.2205 0.2205 0.218 0.218 0.22 0.22 0.2495 0.2495 0.2195 0.2195 0.2195 0.221 0.221 0.226 0.226 0.226 0.226 0.226 0.223 0.223 0.2305 0.2305 0.2165 0.2165 0.2165 0.2275 0.2275 0.235 0.235 0.225
-1 -1 -1 -1 -1 -1 -1 -1 -1 -1 -1 -1 -1 -1 -1 -1 -1 -1 -1 -1 -1 -1 -1 -1 -1 -1 -1 -1 -1 -1 -1 -1 -1 -1 -1 -1 -1 0.08750001 0.08750001 0.2575 0.2575 0.2575 0.252 0.252 0.2195 0.2195 0.2205 0.2205 0.2205 0.218 0.218 0.22 0.22 0.2495 0.2495 0.2195 0.2195 0.2195 0.221 0.221 0.226 0.226 0.226 0.226 0.226 0.223 0.223 0.2305 0.2305 0.2165 0.2165 0.2165 0.2275 0.2275 0.235 0.235 0.225
-1 -1 -1 -1 -1 -1 -1 -1 -1 -1 -1 -1 -1 -1 -1 -1 -1 -1 -1 -1 -1 -1 -1 -1 -1 -1 -1 -1 -1 -1 -1 -1 -1 -1 -1 0.0132 0.0132 0.2206 0.2206 0.2535 0.2535 0.2535 0.234 0.234 0.223 0.223 0.2185 0.2185 0.2185 0.2125 0.2125 0.214 0.214 0.216 0.216 0.231 0.231 0.231 0.229 0.229 0.2235 0.2235 0.2235 0.2235 0.2235 0.2235 0.2235 0.2335 0.2335 0.2205 0.2205 0.2205 0.233 0.233 0.236 0.236 0.2345
-1 -1 -1 -1 -1 -1 -1 -1 -1 -1 -1 -1 -1 -1 -1 -1 -1 -1 -1 -1 -1 -1 -1 -1 -1 -1 -1 -1 -1 -1 -1 -1 -1 -1 -1 0.0132 0.0132 0.2206 0.2206 0.2535 0.2535 0.2535 0.234 0.234 0.223 0.223 0.2185 0.2185 0.2185 0.2125 0.2125 0.214 0.214 0.216 0.216 0.231 0.231 0.231 0.229 0.229 0.2235 0.2235 0.2235 0.2235 0.2235 0.2235 0.2235 0.2335 0.2335 0.2205 0.2205 0.2205 0.233 0.233 0.236 0.236 0.2345
-1 -1 -1 -1 -1 -1 -1 -1 -1 -1 -1 -1 -1 -1 -1 -1 -1 -1 -1 -1 -1 -1 -1 -1 -1 -1 -1 -1 -1 -1 -1 -1 -1 -1 -1 0.0132 0.0132 0.2206 0.2206 0.2535 0.2535 0.2535 0.234 0.234 0.223 0.223 0.2185 0.2185 0.2185 0.2125 0.2125 0.214 0.214 0.216 0.216 0.231 0.231 0.231 0.229 0.229 0.2235 0.2235 0.2235 0.2235 0.2235 0.2235 0.2235 0.2335 0.2335 0.2205 0.2205 0.2205 0.233 0.233 0.236 0.236 0.2345
-1 -1 -1 -1 -1 -1 -1 -1 -1 -1 -1 -1 -1 -1 -1 -1 -1 -1 -1 -1 -1 -1 -1 -1 -1 -1 -1 -1 -1 -1 -1 -1 -1 -1 -1 0.101 0.101 0.2485 0.2485 0.234 0.234 0.234 0.227 0.227 0.2185 0.2185 0.2225 0.2225 0.2225 0.226 0.226 0.2335 0.2335 0.238 0.238 0.2295 0.2295 0.2295 0.217 0.217 0.206 0.206 0.206 0.206 0.206 0.233 0.233 0.247 0.247 0.2565 0.2565 0.2565 0.2425 0.2425 0.2355 0.2355 0.2345
-1 -1 -1 -1 -1 -1 -1 -1 -1 -1 -1 -1 -1 -1 -1 -1 -1 -1 -1 -1 -1 -1 -1 -1 -1 -1 -1 -1 -1 -1 -1 -1 -1 -1 -1 0.101 0.101 0.2485 0.2485 0.234 0.234 0.234 0.227 0.227 0.2185 0.2185 0.2225 0.2225 0.2225 0.226 0.226 0.2335 0.2335 0.238 0.238 0.2295 0.2295 0.2295 0.217 0.217 0.206 0.206 0.206 0.206 0.206 0.233 0.233 0.247 0.247 0.2565 0.2565 0.2565 0.2425 0.2425 0.2355 0.2355 0.2345
-1 -1 -1 -1 -1 -1 -1 -1 -1 -1 -1 -1 -1 -1 -1 -1 -1 -1 -1 -1 -1 -1 -1 -1 -1 -1 -1 -1 -1 -1 -1 -1 0.0562 0.0562 0.0562 0.215 0.215 0.2375 0.2375 0.221 0.221 0.221 0.2125 0.2125 0.216 0.216 0.235 0.235 0.235 0.227 0.227 0.233 0.233 0.2375 0.2375 0.234 0.234 0.234 0.2455 0.2455 0.2505 0.2505 0.2505 0.2505 0.2505 0.2625 0.2625 0.2695 0.2695 0.26 0.26 0.26 0.237 0.237 0.239 0.239 0.2435
-1 -1 -1 -1 -1 -1 -1 -1 -1 -1 -1 -1 -1 -1 -1 -1 -1 -1 -1 -1 -1 -1 -1 -1 -1 -1 -1 -1 -1 -1 -1 -1 0.0562 0.0562 0.0562 0.215 0.215 0.2375 0.2375 0.221 0.221 0.221 0.2125 0.2125 0.216 0.216 0.235 0.235 0.235 0.227 0.227 0.233 0.233 0.2375 0.2375 0.234 0.234 0.234 0.2455 0.2455 0.2505 0.2505 0.2505 0.2505 0.2505 0.2625 0.2625 0.2695 0.2695 0.26 0.26 0.26 0.237 0.237 0.239 0.239 0.2435
-1 -1 -1 -1 -1 -1 -1 -1 -1 -1 -1 -1 -1 -1 -1 -1 -1 -1 -1 -1 -1 -1 -1 -1 -1 -1 -1 -1 -1 -1 0.0287 0.0287 0.185 0.185 0.185 0.2405 0.2405 0.219 0.219 0.21 0.21 0.21 0.206 0.206 0.216 0.216 0.249 0.249 0.249 0.226 0.226 0.23 0.23 0.2425 0.2425 0.2395 0.2395 0.2395 0.2475 0.2475 0.2565 0.2565 0.2565 0.2565 0.2565 0.265 0.265 0.2525 0.2525 0.255 0.255 0.255 0.242 0.242 0.251 0.251 0.2275
-1 -1 -1 -1 -1 -1 -1 -1 -1 -1 -1 -1 -1 -1 -1 -1 -1 -1 -1 -1 -1 -1 -1 -1 -1 -1 -1 -1 -1 -1 0.0287 0.0287 0.185 0.185 0.185 0.2405 0.2405 0.219 0.219 0.21 0.21 0.21 0.206 0.206 0.216 0.216 0.249 0.249 0.249 0.226 0.226 0.23 0.23 0.2425 0.2425 0.2395 0.2395 0.2395 0.2475 0.2475 0.2565 0.2565 0.2565 0.2565 0.2565 0.265 0.265 0.2525 0.2525 0.255 0.255 0.255 0.242 0.242 0.251 0.251 0.2275
-1 -1 -1 -1 -1 -1 -1 -1 -1 -1 -1 -1 -1 -1 -1 -1 -1 -1 -1 -1 -1 -1 -1 -1 -1 -1 -1 -1 -1 -1 0.0287 0.0287 0.185 0.185 0.185 0.2405 0.2405 0.219 0.219 0.21 0.21 0.21 0.206 0.206 0.216 0.216 0.249 0.249 0.249 0.226 0.226 0.23 0.23 0.2425 0.2425 0.2395 0.2395 0.2395 0.2475 0.2475 0.2565 0.2565 0.2565 0.2565 0.2565 0.265 0.265 0.2525 0.2525 0.255 0.255 0.255 0.242 0.242 0.251 0.251 0.2275
-1 -1 -1 -1 -1 -1 -1 -1 -1 -1 -1 -1 -1 -1 -1 -1 -1 -1 -1 -1 -1 -1 -1 -1 -1 -1 -1 -1 -1 -1 0.0937 0.0937 0.256 0.256 0.256 0.2435 0.2435 0.2255 0.2255 0.216 0.216 0.216 0.2105 0.2105 0.221 0.221 0.233 0.233 0.233 0.233 0.233 0.229 0.229 0.23 0.23 0.2415 0.2415 0.2415 0.2395 0.2395 0.252 0.252 0.252 0.252 0.252 0.257 0.257 0.2465 0.2465 0.247 0.247 0.247 0.235 0.235 0.222 0.222 0.2315
-1 -1 -1 -1 -1 -1 -1 -1 -1 -1 -1 -1 -1 -1 -1 -1 -1 -1 -1 -1 -1 -1 -1 -1 -1 -1 -1 -1 -1 -1 0.0937 0.0937 0.256 0.256 0.256 0.2435 0.2435 0.2255 0.2255 0.216 0.216 0.216 0.2105 0.2105 0.221 0.221 0.233 0.233 0.233 0.233 0.233 0.229 0.229 0.23 0.23 0.2415 0.2415 0.2415 0.2395 0.2395 0.252 0.252 0.252 0.252 0.252 0.257 0.257 0.2465 0.2465 0.247 0.247 0.247 0.235 0.235 0.222 0.222 0.2315
-1 -1 -1 -1 -1 -1 -1 -1 -1 -1 -1 -1 -1 -1 -1 -1 -1 -1 -1 -1 -1 -1 -1 -1 -1 -1 -1 -1 0.0337 0.0337 0.239 0.239 0.2665 0.2665 0.2665 0.256 0.256 0.2315 0.2315 0.2215 0.2215 0.2215 0.2215 0.2215 0.2315 0.2315 0.2265 0.2265 0.2265 0.2325 0.2325 0.2325 0.2325 0.2425 0.2425 0.2505 0.2505 0.2505 0.2525 0.2525 0.2635 0.2635 0.2635 0.2635 0.2635 0.261 0.261 0.234 0.234 0.2455 0.2455 0.2455 0.223 0.223 0.2095 0.2095 0.2305
-1 -1 -1 -1 -1 -1 -1 -1 -1 -1 -1 -1 -1 -1 -1 -1 -1 -1 -1 -1 -1 -1 -1 -1 -1 -1 -1 -1 0.0337 0.0337 0.239 0.239 0.2665 0.2665 0.2665 0.256 0.256 0.2315 0.2315 0.2215 0.2215 0.2215 0.2215 0.2215 0.2315 0.2315 0.2265 0.2265 0.2265 0.2325 0.2325 0.2325 0.2325 0.2425 0.2425 0.2505 0.2505 0.2505 0.2525 0.2525 0.2635 0.2635 0.2635 0.2635 0.2635 0.261 0.261 0.234 0.234 0.2455 0.2455 0.2455 0.223 0.223 0.2095 0.2095 0.2305
-1 -1 -1 -1 -1 -1 -1 -1 -1 -1 -1 -1 -1 -1 -1 -1 -1 -1 -1 -1 -1 -1 -1 -1 -1 0.0507 0.0507 0.0507 0.1408 0.1408 0.2785 0.2785 0.2645 0.2645 0.2645 0.2425 0.2425 0.218 0.218 0.2275 0.2275 0.2275 0.227 0.227 0.2425 0.2425 0.238 0.238 0.238 0.246 0.246 0.251 0.251 0.2525 0.2525 0.256 0.256 0.256 0.2565 0.2565 0.254 0.254 0.254 0.254 0.254 0.252 0.252 0.2555 0.2555 0.24 0.24 0.24 0.214 0.214 0.213 0.213 0.211
