ndvi/NOAA-264.asc
ncols         252
nrows         154
xllcorner     -18.017974
yllcorner     13.481982
cellsize      0.035948
NODATA_value  -9999
[rows 0 to 33 of 154, columns 77 to 153 of 252]
0.101 0.101 0.101 0.101 0.1005 0.1005 0.099 0.099 0.099 0.112 0.112 0.107 0.107 0.099 0.099 0.1045 0.1045 0.1045 0.1045 0.1045 0.1015 0.1015 0.0965 0.0965 0.0965 0.094 0.094 0.094 0.094 0.094 0.094 0.094 0.09 0.09 0.087 0.087 0.09 0.09 0.09 0.093 0.093 0.09450001 0.09450001 0.089 0.089 0.089 0.079 0.079 0.082 0.082 0.088 0.088 0.0905 0.0905 0.0905 0.089 0.089 0.105 0.105 0.105 0.105 0.105 0.102 0.102 0.1115 0.1115 0.107 0.107 0.107 0.089 0.089 0.0895 0.0895 0.0905 0.0905 0.0905 0.0915
0.101 0.101 0.101 0.101 0.1005 0.1005 0.099 0.099 0.099 0.112 0.112 0.107 0.107 0.099 0.099 0.1045 0.1045 0.1045 0.1045 0.1045 0.1015 0.1015 0.0965 0.0965 0.0965 0.094 0.094 0.094 0.094 0.094 0.094 0.094 0.09 0.09 0.087 0.087 0.09 0.09 0.09 0.093 0.093 0.09450001 0.09450001 0.089 0.089 0.089 0.079 0.079 0.082 0.082 0.088 0.088 0.0905 0.0905 0.0905 0.089 0.089 0.105 0.105 0.105 0.105 0.105 0.102 0.102 0.1115 0.1115 0.107 0.107 0.107 0.089 0.089 0.0895 0.0895 0.0905 0.0905 0.0905 0.0915
0.1065 0.1065 0.1125 0.1125 0.104 0.104 0.1015 0.1015 0.1015 0.101 0.101 0.1025 0.1025 0.107 0.107 0.1095 0.1095 0.1095 0.102 0.102 0.104 0.104 0.0955 0.0955 0.0955 0.09100001 0.09100001 0.092 0.092 0.08750001 0.08750001 0.08750001 0.087 0.087 0.0885 0.0885 0.0955 0.0955 0.0955 0.099 0.099 0.08 0.08 0.0795 0.0795 0.0795 0.0845 0.0845 0.092 0.092 0.094 0.094 0.105 0.105 0.105 0.103 0.103 0.109 0.109 0.1135 0.1135 0.1135 0.1095 0.1095 0.1165 0.1165 0.1175 0.1175 0.1175 0.0975 0.0975 0.0925 0.0925 0.09100001 0.09100001 0.09100001 0.095
0.1065 0.1065 0.1125 0.1125 0.104 0.104 0.1015 0.1015 0.1015 0.101 0.101 0.1025 0.1025 0.107 0.107 0.1095 0.1095 0.1095 0.102 0.102 0.104 0.104 0.0955 0.0955 0.0955 0.09100001 0.09100001 0.092 0.092 0.08750001 0.08750001 0.08750001 0.087 0.087 0.0885 0.0885 0.0955 0.0955 0.0955 0.099 0.099 0.08 0.08 0.0795 0.0795 0.0795 0.0845 0.0845 0.092 0.092 0.094 0.094 0.105 0.105 0.105 0.103 0.103 0.109 0.109 0.1135 0.1135 0.1135 0.1095 0.1095 0.1165 0.1165 0.1175 0.1175 0.1175 0.0975 0.0975 0.0925 0.0925 0.09100001 0.09100001 0.09100001 0.095
0.1065 0.1065 0.1125 0.1125 0.104 0.104 0.1015 0.1015 0.1015 0.101 0.101 0.1025 0.1025 0.107 0.107 0.1095 0.1095 0.1095 0.102 0.102 0.104 0.104 0.0955 0.0955 0.0955 0.09100001 0.09100001 0.092 0.092 0.08750001 0.08750001 0.08750001 0.087 0.087 0.0885 0.0885 0.0955 0.0955 0.0955 0.099 0.099 0.08 0.08 0.0795 0.0795 0.0795 0.0845 0.0845 0.092 0.092 0.094 0.094 0.105 0.105 0.105 0.103 0.103 0.109 0.109 0.1135 0.1135 0.1135 0.1095 0.1095 0.1165 0.1165 0.1175 0.1175 0.1175 0.0975 0.0975 0.0925 0.0925 0.09100001 0.09100001 0.09100001 0.095
0.1125 0.1125 0.1135 0.1135 0.115 0.115 0.102 0.102 0.102 0.1005 0.1005 0.1025 0.1025 0.1045 0.1045 0.101 0.101 0.101 0.1005 0.1005 0.0965 0.0965 0.098 0.098 0.098 0.0935 0.0935 0.0945 0.0945 0.089 0.089 0.089 0.087 0.087 0.0805 0.0805 0.096 0.096 0.096 0.1015 0.1015 0.09450001 0.09450001 0.0895 0.0895 0.0895 0.0885 0.0885 0.099 0.099 0.106 0.106 0.1045 0.1045 0.1045 0.1105 0.1105 0.1115 0.1115 0.112 0.112 0.112 0.121 0.121 0.122 0.122 0.115 0.115 0.115 0.098 0.098 0.0995 0.0995 0.1035 0.1035 0.1035 0.1045
0.1125 0.1125 0.1135 0.1135 0.115 0.115 0.102 0.102 0.102 0.1005 0.1005 0.1025 0.1025 0.1045 0.1045 0.101 0.101 0.101 0.1005 0.1005 0.0965 0.0965 0.098 0.098 0.098 0.0935 0.0935 0.0945 0.0945 0.089 0.089 0.089 0.087 0.087 0.0805 0.0805 0.096 0.096 0.096 0.1015 0.1015 0.09450001 0.09450001 0.0895 0.0895 0.0895 0.0885 0.0885 0.099 0.099 0.106 0.106 0.1045 0.1045 0.1045 0.1105 0.1105 0.1115 0.1115 0.112 0.112 0.112 0.121 0.121 0.122 0.122 0.115 0.115 0.115 0.098 0.098 0.0995 0.0995 0.1035 0.1035 0.1035 0.1045
0.125 0.125 0.1075 0.1075 0.1025 0.1025 0.1065 0.1065 0.1065 0.104 0.104 0.1115 0.1115 0.099 0.099 0.1045 0.1045 0.1045 0.103 0.103 0.0985 0.0985 0.104 0.104 0.104 0.107 0.107 0.095 0.095 0.0895 0.0895 0.0895 0.1125 0.1125 0.096 0.096 0.11 0.11 0.11 0.1205 0.1205 0.1235 0.1235 0.11 0.11 0.11 0.1095 0.1095 0.1225 0.1225 0.127 0.127 0.1295 0.1295 0.1295 0.116 0.116 0.11 0.11 0.114 0.114 0.114 0.1075 0.1075 0.11 0.11 0.103 0.103 0.103 0.1 0.1 0.0965 0.0965 0.096 0.096 0.096 0.0995
0.125 0.125 0.1075 0.1075 0.1025 0.1025 0.1065 0.1065 0.1065 0.104 0.104 0.1115 0.1115 0.099 0.099 0.1045 0.1045 0.1045 0.103 0.103 0.0985 0.0985 0.104 0.104 0.104 0.107 0.107 0.095 0.095 0.0895 0.0895 0.0895 0.1125 0.1125 0.096 0.096 0.11 0.11 0.11 0.1205 0.1205 0.1235 0.1235 0.11 0.11 0.11 0.1095 0.1095 0.1225 0.1225 0.127 0.127 0.1295 0.1295 0.1295 0.116 0.116 0.11 0.11 0.114 0.114 0.114 0.1075 0.1075 0.11 0.11 0.103 0.103 0.103 0.1 0.1 0.0965 0.0965 0.096 0.096 0.096 0.0995
0.111 0.111 0.109 0.109 0.1075 0.1075 0.1085 0.1085 0.1085 0.101 0.101 0.1025 0.1025 0.1085 0.1085 0.111 0.111 0.111 0.1015 0.1015 0.1015 0.1015 0.1015 0.1015 0.1015 0.103 0.103 0.106 0.106 0.1055 0.1055 0.1055 0.105 0.105 0.108 0.108 0.128 0.128 0.128 0.144 0.144 0.1495 0.1495 0.1235 0.1235 0.1235 0.137 0.137 0.149 0.149 0.1305 0.1305 0.1365 0.1365 0.1365 0.127 0.127 0.119 0.119 0.11 0.11 0.11 0.111 0.111 0.106 0.106 0.1135 0.1135 0.1135 0.0985 0.0985 0.0995 0.0995 0.0985 0.0985 0.0985 0.1005
0.111 0.111 0.109 0.109 0.1075 0.1075 0.1085 0.1085 0.1085 0.101 0.101 0.1025 0.1025 0.1085 0.1085 0.111 0.111 0.111 0.1015 0.1015 0.1015 0.1015 0.1015 0.1015 0.1015 0.103 0.103 0.106 0.106 0.1055 0.1055 0.1055 0.105 0.105 0.108 0.108 0.128 0.128 0.128 0.144 0.144 0.1495 0.1495 0.1235 0.1235 0.1235 0.137 0.137 0.149 0.149 0.1305 0.1305 0.1365 0.1365 0.1365 0.127 0.127 0.119 0.119 0.11 0.11 0.11 0.111 0.111 0.106 0.106 0.1135 0.1135 0.1135 0.0985 0.0985 0.0995 0.0995 0.0985 0.0985 0.0985 0.1005
0.119 0.119 0.119 0.119 0.1065 0.1065 0.1015 0.1015 0.1015 0.107 0.107 0.114 0.114 0.109 0.109 0.1125 0.1125 0.1125 0.1095 0.1095 0.1045 0.1045 0.1095 0.1095 0.1095 0.109 0.109 0.109 0.109 0.1085 0.1085 0.1085 0.1055 0.1055 0.1145 0.1145 0.116 0.116 0.116 0.137 0.137 0.133 0.133 0.1445 0.1445 0.1445 0.1455 0.1455 0.1415 0.1415 0.1545 0.1545 0.1395 0.1395 0.1395 0.143 0.143 0.128 0.128 0.122 0.122 0.122 0.115 0.115 0.1245 0.1245 0.1185 0.1185 0.1185 0.1045 0.1045 0.1045 0.1045 0.101 0.101 0.101 0.1065
0.119 0.119 0.119 0.119 0.1065 0.1065 0.1015 0.1015 0.1015 0.107 0.107 0.114 0.114 0.109 0.109 0.1125 0.1125 0.1125 0.1095 0.1095 0.1045 0.1045 0.1095 0.1095 0.1095 0.109 0.109 0.109 0.109 0.1085 0.1085 0.1085 0.1055 0.1055 0.1145 0.1145 0.116 0.116 0.116 0.137 0.137 0.133 0.133 0.1445 0.1445 0.1445 0.1455 0.1455 0.1415 0.1415 0.1545 0.1545 0.1395 0.1395 0.1395 0.143 0.143 0.128 0.128 0.122 0.122 0.122 0.115 0.115 0.1245 0.1245 0.1185 0.1185 0.1185 0.1045 0.1045 0.1045 0.1045 0.101 0.101 0.101 0.1065
0.119 0.119 0.119 0.119 0.1065 0.1065 0.1015 0.1015 0.1015 0.107 0.107 0.114 0.114 0.109 0.109 0.1125 0.1125 0.1125 0.1095 0.1095 0.1045 0.1045 0.1095 0.1095 0.1095 0.109 0.109 0.109 0.109 0.1085 0.1085 0.1085 0.1055 0.1055 0.1145 0.1145 0.116 0.116 0.116 0.137 0.137 0.133 0.133 0.1445 0.1445 0.1445 0.1455 0.1455 0.1415 0.1415 0.1545 0.1545 0.1395 0.1395 0.1395 0.143 0.143 0.128 0.128 0.122 0.122 0.122 0.115 0.115 0.1245 0.1245 0.1185 0.1185 0.1185 0.1045 0.1045 0.1045 0.1045 0.101 0.101 0.101 0.1065
0.1155 0.1155 0.1105 0.1105 0.1045 0.1045 0.108 0.108 0.108 0.114 0.114 0.1125 0.1125 0.116 0.116 0.114 0.114 0.114 0.1145 0.1145 0.1145 0.1145 0.1165 0.1165 0.1165 0.1205 0.1205 0.1115 0.1115 0.1095 0.1095 0.1095 0.1085 0.1085 0.1055 0.1055 0.114 0.114 0.114 0.1135 0.1135 0.137 0.137 0.1485 0.1485 0.1485 0.1595 0.1595 0.167 0.167 0.167 0.167 0.1575 0.1575 0.1575 0.1535 0.1535 0.151 0.151 0.14 0.14 0.14 0.131 0.131 0.1295 0.1295 0.111 0.111 0.111 0.1 0.1 0.107 0.107 0.106 0.106 0.106 0.1125
0.1155 0.1155 0.1105 0.1105 0.1045 0.1045 0.108 0.108 0.108 0.114 0.114 0.1125 0.1125 0.116 0.116 0.114 0.114 0.114 0.1145 0.1145 0.1145 0.1145 0.1165 0.1165 0.1165 0.1205 0.1205 0.1115 0.1115 0.1095 0.1095 0.1095 0.1085 0.1085 0.1055 0.1055 0.114 0.114 0.114 0.1135 0.1135 0.137 0.137 0.1485 0.1485 0.1485 0.1595 0.1595 0.167 0.167 0.167 0.167 0.1575 0.1575 0.1575 0.1535 0.1535 0.151 0.151 0.14 0.14 0.14 0.131 0.131 0.1295 0.1295 0.111 0.111 0.111 0.1 0.1 0.107 0.107 0.106 0.106 0.106 0.1125
0.1085 0.1085 0.1125 0.1125 0.1055 0.1055 0.106 0.106 0.106 0.11 0.11 0.1115 0.1115 0.1275 0.1275 0.1215 0.1215 0.1215 0.117 0.117 0.119 0.119 0.12 0.12 0.12 0.1175 0.1175 0.117 0.117 0.1105 0.1105 0.1105 0.1055 0.1055 0.1135 0.1135 0.1075 0.1075 0.1075 0.1065 0.1065 0.1425 0.1425 0.142 0.142 0.142 0.15 0.15 0.166 0.166 0.16 0.16 0.1525 0.1525 0.1525 0.142 0.142 0.14 0.14 0.14 0.14 0.14 0.1405 0.1405 0.124 0.124 0.119 0.119 0.119 0.1045 0.1045 0.1085 0.1085 0.1165 0.1165 0.1165 0.119
0.1085 0.1085 0.1125 0.1125 0.1055 0.1055 0.106 0.106 0.106 0.11 0.11 0.1115 0.1115 0.1275 0.1275 0.1215 0.1215 0.1215 0.117 0.117 0.119 0.119 0.12 0.12 0.12 0.1175 0.1175 0.117 0.117 0.1105 0.1105 0.1105 0.1055 0.1055 0.1135 0.1135 0.1075 0.1075 0.1075 0.1065 0.1065 0.1425 0.1425 0.142 0.142 0.142 0.15 0.15 0.166 0.166 0.16 0.16 0.1525 0.1525 0.1525 0.142 0.142 0.14 0.14 0.14 0.14 0.14 0.1405 0.1405 0.124 0.124 0.119 0.119 0.119 0.1045 0.1045 0.1085 0.1085 0.1165 0.1165 0.1165 0.119
0.113 0.113 0.112 0.112 0.108 0.108 0.1135 0.1135 0.1135 0.113 0.113 0.1195 0.1195 0.119 0.119 0.12 0.12 0.12 0.1165 0.1165 0.1135 0.1135 0.115 0.115 0.115 0.1155 0.1155 0.118 0.118 0.121 0.121 0.121 0.112 0.112 0.1225 0.1225 0.1215 0.1215 0.1215 0.11 0.11 0.137 0.137 0.1525 0.1525 0.1525 0.1575 0.1575 0.1495 0.1495 0.1475 0.1475 0.154 0.154 0.154 0.1415 0.1415 0.1415 0.1415 0.151 0.151 0.151 0.1435 0.1435 0.142 0.142 0.1285 0.1285 0.1285 0.123 0.123 0.1225 0.1225 0.1035 0.1035 0.1035 0.137
0.113 0.113 0.112 0.112 0.108 0.108 0.1135 0.1135 0.1135 0.113 0.113 0.1195 0.1195 0.119 0.119 0.12 0.12 0.12 0.1165 0.1165 0.1135 0.1135 0.115 0.115 0.115 0.1155 0.1155 0.118 0.118 0.121 0.121 0.121 0.112 0.112 0.1225 0.1225 0.1215 0.1215 0.1215 0.11 0.11 0.137 0.137 0.1525 0.1525 0.1525 0.1575 0.1575 0.1495 0.1495 0.1475 0.1475 0.154 0.154 0.154 0.1415 0.1415 0.1415 0.1415 0.151 0.151 0.151 0.1435 0.1435 0.142 0.142 0.1285 0.1285 0.1285 0.123 0.123 0.1225 0.1225 0.1035 0.1035 0.1035 0.137
0.113 0.113 0.112 0.112 0.108 0.108 0.1135 0.1135 0.1135 0.113 0.113 0.1195 0.1195 0.119 0.119 0.12 0.12 0.12 0.1165 0.1165 0.1135 0.1135 0.115 0.115 0.115 0.1155 0.1155 0.118 0.118 0.121 0.121 0.121 0.112 0.112 0.1225 0.1225 0.1215 0.1215 0.1215 0.11 0.11 0.137 0.137 0.1525 0.1525 0.1525 0.1575 0.1575 0.1495 0.1495 0.1475 0.1475 0.154 0.154 0.154 0.1415 0.1415 0.1415 0.1415 0.151 0.151 0.151 0.1435 0.1435 0.142 0.142 0.1285 0.1285 0.1285 0.123 0.123 0.1225 0.1225 0.1035 0.1035 0.1035 0.137
0.108 0.108 0.112 0.112 0.1145 0.1145 0.116 0.116 0.116 0.12 0.12 0.117 0.117 0.1175 0.1175 0.114 0.114 0.114 0.116 0.116 0.112 0.112 0.1155 0.1155 0.1155 0.1215 0.1215 0.1215 0.1215 0.1345 0.1345 0.1345 0.1385 0.1385 0.13 0.13 0.1135 0.1135 0.1135 0.1165 0.1165 0.183 0.183 0.1915 0.1915 0.1915 0.1865 0.1865 0.1765 0.1765 0.1475 0.1475 0.1415 0.1415 0.1415 0.127 0.127 0.136 0.136 0.149 0.149 0.149 0.153 0.153 0.141 0.141 0.1315 0.1315 0.1315 0.1305 0.1305 0.1305 0.1305 0.1215 0.1215 0.1215 0.1585
0.108 0.108 0.112 0.112 0.1145 0.1145 0.116 0.116 0.116 0.12 0.12 0.117 0.117 0.1175 0.1175 0.114 0.114 0.114 0.116 0.116 0.112 0.112 0.1155 0.1155 0.1155 0.1215 0.1215 0.1215 0.1215 0.1345 0.1345 0.1345 0.1385 0.1385 0.13 0.13 0.1135 0.1135 0.1135 0.1165 0.1165 0.183 0.183 0.1915 0.1915 0.1915 0.1865 0.1865 0.1765 0.1765 0.1475 0.1475 0.1415 0.1415 0.1415 0.127 0.127 0.136 0.136 0.149 0.149 0.149 0.153 0.153 0.141 0.141 0.1315 0.1315 0.1315 0.1305 0.1305 0.1305 0.1305 0.1215 0.1215 0.1215 0.1585
0.113 0.113 0.1095 0.1095 0.1195 0.1195 0.123 0.123 0.123 0.1295 0.1295 0.133 0.133 0.1335 0.1335 0.135 0.135 0.135 0.136 0.136 0.1305 0.1305 0.127 0.127 0.127 0.1285 0.1285 0.1415 0.1415 0.1375 0.1375 0.1375 0.134 0.134 0.126 0.126 0.118 0.118 0.118 0.125 0.125 0.1905 0.1905 0.1965 0.1965 0.1965 0.168 0.168 0.1895 0.1895 0.175 0.175 0.142 0.142 0.142 0.1275 0.1275 0.141 0.141 0.1445 0.1445 0.1445 0.1455 0.1455 0.1435 0.1435 0.1415 0.1415 0.1415 0.126 0.126 0.1245 0.1245 0.132 0.132 0.132 0.119
0.113 0.113 0.1095 0.1095 0.1195 0.1195 0.123 0.123 0.123 0.1295 0.1295 0.133 0.133 0.1335 0.1335 0.135 0.135 0.135 0.136 0.136 0.1305 0.1305 0.127 0.127 0.127 0.1285 0.1285 0.1415 0.1415 0.1375 0.1375 0.1375 0.134 0.134 0.126 0.126 0.118 0.118 0.118 0.125 0.125 0.1905 0.1905 0.1965 0.1965 0.1965 0.168 0.168 0.1895 0.1895 0.175 0.175 0.142 0.142 0.142 0.1275 0.1275 0.141 0.141 0.1445 0.1445 0.1445 0.1455 0.1455 0.1435 0.1435 0.1415 0.1415 0.1415 0.126 0.126 0.1245 0.1245 0.132 0.132 0.132 0.119
0.121 0.121 0.1195 0.1195 0.1255 0.1255 0.138 0.138 0.138 0.143 0.143 0.138 0.138 0.1365 0.1365 0.134 0.134 0.134 0.1305 0.1305 0.1215 0.1215 0.1215 0.1215 0.1215 0.1385 0.1385 0.1465 0.1465 0.143 0.143 0.143 0.1455 0.1455 0.1305 0.1305 0.118 0.118 0.118 0.122 0.122 0.204 0.204 0.179 0.179 0.179 0.169 0.169 0.1705 0.1705 0.156 0.156 0.1505 0.1505 0.1505 0.1355 0.1355 0.133 0.133 0.1415 0.1415 0.1415 0.144 0.144 0.1445 0.1445 0.1385 0.1385 0.1385 0.124 0.124 0.121 0.121 0.1185 0.1185 0.1185 0.121
0.121 0.121 0.1195 0.1195 0.1255 0.1255 0.138 0.138 0.138 0.143 0.143 0.138 0.138 0.1365 0.1365 0.134 0.134 0.134 0.1305 0.1305 0.1215 0.1215 0.1215 0.1215 0.1215 0.1385 0.1385 0.1465 0.1465 0.143 0.143 0.143 0.1455 0.1455 0.1305 0.1305 0.118 0.118 0.118 0.122 0.122 0.204 0.204 0.179 0.179 0.179 0.169 0.169 0.1705 0.1705 0.156 0.156 0.1505 0.1505 0.1505 0.1355 0.1355 0.133 0.133 0.1415 0.1415 0.1415 0.144 0.144 0.1445 0.1445 0.1385 0.1385 0.1385 0.124 0.124 0.121 0.121 0.1185 0.1185 0.1185 0.121
0.121 0.121 0.1195 0.1195 0.1255 0.1255 0.138 0.138 0.138 0.143 0.143 0.138 0.138 0.1365 0.1365 0.134 0.134 0.134 0.1305 0.1305 0.1215 0.1215 0.1215 0.1215 0.1215 0.1385 0.1385 0.1465 0.1465 0.143 0.143 0.143 0.1455 0.1455 0.1305 0.1305 0.118 0.118 0.118 0.122 0.122 0.204 0.204 0.179 0.179 0.179 0.169 0.169 0.1705 0.1705 0.156 0.156 0.1505 0.1505 0.1505 0.1355 0.1355 0.133 0.133 0.1415 0.1415 0.1415 0.144 0.144 0.1445 0.1445 0.1385 0.1385 0.1385 0.124 0.124 0.121 0.121 0.1185 0.1185 0.1185 0.121
0.1175 0.1175 0.146 0.146 0.145 0.145 0.15 0.15 0.15 0.1505 0.1505 0.1475 0.1475 0.147 0.147 0.146 0.146 0.146 0.1365 0.1365 0.132 0.132 0.126 0.126 0.126 0.125 0.125 0.1345 0.1345 0.1335 0.1335 0.1335 0.132 0.132 0.1245 0.1245 0.123 0.123 0.123 0.154 0.154 0.174 0.174 0.1645 0.1645 0.1645 0.158 0.158 0.16 0.16 0.147 0.147 0.165 0.165 0.165 0.1435 0.1435 0.1345 0.1345 0.143 0.143 0.143 0.144 0.144 0.142 0.142 0.146 0.146 0.146 0.1365 0.1365 0.116 0.116 0.113 0.113 0.113 0.1165
0.1175 0.1175 0.146 0.146 0.145 0.145 0.15 0.15 0.15 0.1505 0.1505 0.1475 0.1475 0.147 0.147 0.146 0.146 0.146 0.1365 0.1365 0.132 0.132 0.126 0.126 0.126 0.125 0.125 0.1345 0.1345 0.1335 0.1335 0.1335 0.132 0.132 0.1245 0.1245 0.123 0.123 0.123 0.154 0.154 0.174 0.174 0.1645 0.1645 0.1645 0.158 0.158 0.16 0.16 0.147 0.147 0.165 0.165 0.165 0.1435 0.1435 0.1345 0.1345 0.143 0.143 0.143 0.144 0.144 0.142 0.142 0.146 0.146 0.146 0.1365 0.1365 0.116 0.116 0.113 0.113 0.113 0.1165
0.137 0.137 0.1465 0.1465 0.146 0.146 0.141 0.141 0.141 0.143 0.143 0.151 0.151 0.1615 0.1615 0.1535 0.1535 0.1535 0.147 0.147 0.1395 0.1395 0.1325 0.1325 0.1325 0.1365 0.1365 0.138 0.138 0.132 0.132 0.132 0.1295 0.1295 0.1365 0.1365 0.1375 0.1375 0.1375 0.14 0.14 0.1475 0.1475 0.1465 0.1465 0.1465 0.146 0.146 0.1475 0.1475 0.144 0.144 0.15 0.15 0.15 0.1585 0.1585 0.1455 0.1455 0.15 0.15 0.15 0.149 0.149 0.1495 0.1495 0.15 0.15 0.15 0.144 0.144 0.1145 0.1145 0.119 0.119 0.119 0.1225
0.137 0.137 0.1465 0.1465 0.146 0.146 0.141 0.141 0.141 0.143 0.143 0.151 0.151 0.1615 0.1615 0.1535 0.1535 0.1535 0.147 0.147 0.1395 0.1395 0.1325 0.1325 0.1325 0.1365 0.1365 0.138 0.138 0.132 0.132 0.132 0.1295 0.1295 0.1365 0.1365 0.1375 0.1375 0.1375 0.14 0.14 0.1475 0.1475 0.1465 0.1465 0.1465 0.146 0.146 0.1475 0.1475 0.144 0.144 0.15 0.15 0.15 0.1585 0.1585 0.1455 0.1455 0.15 0.15 0.15 0.149 0.149 0.1495 0.1495 0.15 0.15 0.15 0.144 0.144 0.1145 0.1145 0.119 0.119 0.119 0.1225
0.1455 0.1455 0.14 0.14 0.1285 0.1285 0.135 0.135 0.135 0.1445 0.1445 0.153 0.153 0.1605 0.1605 0.1525 0.1525 0.1525 0.1445 0.1445 0.1475 0.1475 0.153 0.153 0.153 0.153 0.153 0.15 0.15 0.143 0.143 0.143 0.1435 0.1435 0.1465 0.1465 0.1415 0.1415 0.1415 0.1395 0.1395 0.142 0.142 0.1585 0.1585 0.1585 0.1495 0.1495 0.1465 0.1465 0.148 0.148 0.151 0.151 0.151 0.1455 0.1455 0.148 0.148 0.1555 0.1555 0.1555 0.153 0.153 0.157 0.157 0.157 0.157 0.157 0.142 0.142 0.13 0.13 0.1275 0.1275 0.1275 0.1275
0.1455 0.1455 0.14 0.14 0.1285 0.1285 0.135 0.135 0.135 0.1445 0.1445 0.153 0.153 0.1605 0.1605 0.1525 0.1525 0.1525 0.1445 0.1445 0.1475 0.1475 0.153 0.153 0.153 0.153 0.153 0.15 0.15 0.143 0.143 0.143 0.1435 0.1435 0.1465 0.1465 0.1415 0.1415 0.1415 0.1395 0.1395 0.142 0.142 0.1585 0.1585 0.1585 0.1495 0.1495 0.1465 0.1465 0.148 0.148 0.151 0.151 0.151 0.1455 0.1455 0.148 0.148 0.1555 0.1555 0.1555 0.153 0.153 0.157 0.157 0.157 0.157 0.157 0.142 0.142 0.13 0.13 0.1275 0.1275 0.1275 0.1275
