ndvi/NOAA-94.asc
ncols         252
nrows         154
xllcorner     -18.017974
yllcorner     13.481982
cellsize      0.035948
NODATA_value  -9999
[rows 34 to 67 of 154, columns 77 to 153 of 252]
0.1355 0.1355 0.134 0.134 0.131 0.131 0.13 0.13 0.13 0.125 0.125 0.132 0.132 0.135 0.135 0.1395 0.1395 0.1395 0.1465 0.1465 0.1405 0.1405 0.144 0.144 0.144 0.1545 0.1545 0.15 0.15 0.153 0.153 0.153 0.1505 0.1505 0.1475 0.1475 0.1405 0.1405 0.1405 0.143 0.143 0.136 0.136 0.1535 0.1535 0.1535 0.153 0.153 0.146 0.146 0.147 0.147 0.1485 0.1485 0.1485 0.1445 0.1445 0.149 0.149 0.147 0.147 0.147 0.1505 0.1505 0.157 0.157 0.151 0.151 0.151 0.146 0.146 0.1325 0.1325 0.1105 0.1105 0.1105 0.1245
0.1355 0.1355 0.134 0.134 0.131 0.131 0.13 0.13 0.13 0.125 0.125 0.132 0.132 0.135 0.135 0.1395 0.1395 0.1395 0.1465 0.1465 0.1405 0.1405 0.144 0.144 0.144 0.1545 0.1545 0.15 0.15 0.153 0.153 0.153 0.1505 0.1505 0.1475 0.1475 0.1405 0.1405 0.1405 0.143 0.143 0.136 0.136 0.1535 0.1535 0.1535 0.153 0.153 0.146 0.146 0.147 0.147 0.1485 0.1485 0.1485 0.1445 0.1445 0.149 0.149 0.147 0.147 0.147 0.1505 0.1505 0.157 0.157 0.151 0.151 0.151 0.146 0.146 0.1325 0.1325 0.1105 0.1105 0.1105 0.1245
0.1355 0.1355 0.134 0.134 0.131 0.131 0.13 0.13 0.13 0.125 0.125 0.132 0.132 0.135 0.135 0.1395 0.1395 0.1395 0.1465 0.1465 0.1405 0.1405 0.144 0.144 0.144 0.1545 0.1545 0.15 0.15 0.153 0.153 0.153 0.1505 0.1505 0.1475 0.1475 0.1405 0.1405 0.1405 0.143 0.143 0.136 0.136 0.1535 0.1535 0.1535 0.153 0.153 0.146 0.146 0.147 0.147 0.1485 0.1485 0.1485 0.1445 0.1445 0.149 0.149 0.147 0.147 0.147 0.1505 0.1505 0.157 0.157 0.151 0.151 0.151 0.146 0.146 0.1325 0.1325 0.1105 0.1105 0.1105 0.1245
0.15 0.15 0.148 0.148 0.138 0.138 0.141 0.141 0.141 0.141 0.141 0.145 0.145 0.145 0.145 0.1385 0.1385 0.1385 0.1565 0.1565 0.1525 0.1525 0.1585 0.1585 0.1585 0.167 0.167 0.1615 0.1615 0.1565 0.1565 0.1565 0.169 0.169 0.165 0.165 0.147 0.147 0.147 0.1465 0.1465 0.149 0.149 0.1565 0.1565 0.1565 0.159 0.159 0.154 0.154 0.1575 0.1575 0.158 0.158 0.158 0.169 0.169 0.1785 0.1785 0.174 0.174 0.174 0.177 0.177 0.1535 0.1535 0.157 0.157 0.157 0.15 0.15 0.1415 0.1415 0.144 0.144 0.144 0.1325
0.15 0.15 0.148 0.148 0.138 0.138 0.141 0.141 0.141 0.141 0.141 0.145 0.145 0.145 0.145 0.1385 0.1385 0.1385 0.1565 0.1565 0.1525 0.1525 0.1585 0.1585 0.1585 0.167 0.167 0.1615 0.1615 0.1565 0.1565 0.1565 0.169 0.169 0.165 0.165 0.147 0.147 0.147 0.1465 0.1465 0.149 0.149 0.1565 0.1565 0.1565 0.159 0.159 0.154 0.154 0.1575 0.1575 0.158 0.158 0.158 0.169 0.169 0.1785 0.1785 0.174 0.174 0.174 0.177 0.177 0.1535 0.1535 0.157 0.157 0.157 0.15 0.15 0.1415 0.1415 0.144 0.144 0.144 0.1325
0.1645 0.1645 0.1625 0.1625 0.148 0.148 0.143 0.143 0.143 0.1435 0.1435 0.1435 0.1435 0.156 0.156 0.1555 0.1555 0.1555 0.1595 0.1595 0.1645 0.1645 0.163 0.163 0.163 0.1625 0.1625 0.162 0.162 0.1745 0.1745 0.1745 0.1745 0.1745 0.1625 0.1625 0.159 0.159 0.159 0.156 0.156 0.158 0.158 0.177 0.177 0.177 0.17 0.17 0.176 0.176 0.185 0.185 0.2195 0.2195 0.2195 0.225 0.225 0.182 0.182 0.1915 0.1915 0.1915 0.175 0.175 0.1695 0.1695 0.151 0.151 0.151 0.149 0.149 0.1175 0.1175 0.134 0.134 0.134 0.1375
0.1645 0.1645 0.1625 0.1625 0.148 0.148 0.143 0.143 0.143 0.1435 0.1435 0.1435 0.1435 0.156 0.156 0.1555 0.1555 0.1555 0.1595 0.1595 0.1645 0.1645 0.163 0.163 0.163 0.1625 0.1625 0.162 0.162 0.1745 0.1745 0.1745 0.1745 0.1745 0.1625 0.1625 0.159 0.159 0.159 0.156 0.156 0.158 0.158 0.177 0.177 0.177 0.17 0.17 0.176 0.176 0.185 0.185 0.2195 0.2195 0.2195 0.225 0.225 0.182 0.182 0.1915 0.1915 0.1915 0.175 0.175 0.1695 0.1695 0.151 0.151 0.151 0.149 0.149 0.1175 0.1175 0.134 0.134 0.134 0.1375
0.175 0.175 0.164 0.164 0.158 0.158 0.153 0.153 0.153 0.149 0.149 0.148 0.148 0.163 0.163 0.1615 0.1615 0.1615 0.1525 0.1525 0.1585 0.1585 0.1635 0.1635 0.1635 0.168 0.168 0.1725 0.1725 0.1835 0.1835 0.1835 0.176 0.176 0.1605 0.1605 0.1625 0.1625 0.1625 0.168 0.168 0.18 0.18 0.186 0.186 0.186 0.178 0.178 0.1755 0.1755 0.1875 0.1875 0.2225 0.2225 0.2225 0.246 0.246 0.1865 0.1865 0.1815 0.1815 0.1815 0.171 0.171 0.1625 0.1625 0.126 0.126 0.126 0.136 0.136 0.127 0.127 0.137 0.137 0.137 0.134
0.175 0.175 0.164 0.164 0.158 0.158 0.153 0.153 0.153 0.149 0.149 0.148 0.148 0.163 0.163 0.1615 0.1615 0.1615 0.1525 0.1525 0.1585 0.1585 0.1635 0.1635 0.1635 0.168 0.168 0.1725 0.1725 0.1835 0.1835 0.1835 0.176 0.176 0.1605 0.1605 0.1625 0.1625 0.1625 0.168 0.168 0.18 0.18 0.186 0.186 0.186 0.178 0.178 0.1755 0.1755 0.1875 0.1875 0.2225 0.2225 0.2225 0.246 0.246 0.1865 0.1865 0.1815 0.1815 0.1815 0.171 0.171 0.1625 0.1625 0.126 0.126 0.126 0.136 0.136 0.127 0.127 0.137 0.137 0.137 0.134
0.175 0.175 0.164 0.164 0.158 0.158 0.153 0.153 0.153 0.149 0.149 0.148 0.148 0.163 0.163 0.1615 0.1615 0.1615 0.1525 0.1525 0.1585 0.1585 0.1635 0.1635 0.1635 0.168 0.168 0.1725 0.1725 0.1835 0.1835 0.1835 0.176 0.176 0.1605 0.1605 0.1625 0.1625 0.1625 0.168 0.168 0.18 0.18 0.186 0.186 0.186 0.178 0.178 0.1755 0.1755 0.1875 0.1875 0.2225 0.2225 0.2225 0.246 0.246 0.1865 0.1865 0.1815 0.1815 0.1815 0.171 0.171 0.1625 0.1625 0.126 0.126 0.126 0.136 0.136 0.127 0.127 0.137 0.137 0.137 0.134
0.1695 0.1695 0.165 0.165 0.154 0.154 0.152 0.152 0.152 0.151 0.151 0.141 0.141 0.1625 0.1625 0.1715 0.1715 0.1715 0.1705 0.1705 0.153 0.153 0.1465 0.1465 0.1465 0.166 0.166 0.1915 0.1915 0.1945 0.1945 0.1945 0.2035 0.2035 0.1885 0.1885 0.1925 0.1925 0.1925 0.1875 0.1875 0.1905 0.1905 0.178 0.178 0.178 0.1625 0.1625 0.1585 0.1585 0.158 0.158 0.195 0.195 0.195 0.2635 0.2635 0.19 0.19 0.1825 0.1825 0.1825 0.171 0.171 0.138 0.138 0.127 0.127 0.127 0.129 0.129 0.113 0.113 0.1095 0.1095 0.1095 0.108
0.1695 0.1695 0.165 0.165 0.154 0.154 0.152 0.152 0.152 0.151 0.151 0.141 0.141 0.1625 0.1625 0.1715 0.1715 0.1715 0.1705 0.1705 0.153 0.153 0.1465 0.1465 0.1465 0.166 0.166 0.1915 0.1915 0.1945 0.1945 0.1945 0.2035 0.2035 0.1885 0.1885 0.1925 0.1925 0.1925 0.1875 0.1875 0.1905 0.1905 0.178 0.178 0.178 0.1625 0.1625 0.1585 0.1585 0.158 0.158 0.195 0.195 0.195 0.2635 0.2635 0.19 0.19 0.1825 0.1825 0.1825 0.171 0.171 0.138 0.138 0.127 0.127 0.127 0.129 0.129 0.113 0.113 0.1095 0.1095 0.1095 0.108
0.168 0.168 0.163 0.163 0.152 0.152 0.1585 0.1585 0.1585 0.153 0.153 0.1515 0.1515 0.148 0.148 0.156 0.156 0.156 0.1615 0.1615 0.168 0.168 0.1605 0.1605 0.1605 0.168 0.168 0.1895 0.1895 0.203 0.203 0.203 0.23 0.23 0.2465 0.2465 0.2125 0.2125 0.2125 0.1585 0.1585 0.177 0.177 0.182 0.182 0.182 0.174 0.174 0.1985 0.1985 0.189 0.189 0.1935 0.1935 0.1935 0.173 0.173 0.168 0.168 0.159 0.159 0.159 0.163 0.163 0.1505 0.1505 0.133 0.133 0.133 0.1355 0.1355 0.134 0.134 0.1325 0.1325 0.1325 0.1775
0.168 0.168 0.163 0.163 0.152 0.152 0.1585 0.1585 0.1585 0.153 0.153 0.1515 0.1515 0.148 0.148 0.156 0.156 0.156 0.1615 0.1615 0.168 0.168 0.1605 0.1605 0.1605 0.168 0.168 0.1895 0.1895 0.203 0.203 0.203 0.23 0.23 0.2465 0.2465 0.2125 0.2125 0.2125 0.1585 0.1585 0.177 0.177 0.182 0.182 0.182 0.174 0.174 0.1985 0.1985 0.189 0.189 0.1935 0.1935 0.1935 0.173 0.173 0.168 0.168 0.159 0.159 0.159 0.163 0.163 0.1505 0.1505 0.133 0.133 0.133 0.1355 0.1355 0.134 0.134 0.1325 0.1325 0.1325 0.1775
0.185 0.185 0.166 0.166 0.1755 0.1755 0.1625 0.1625 0.1625 0.1645 0.1645 0.1595 0.1595 0.1725 0.1725 0.1875 0.1875 0.1875 0.2 0.2 0.199 0.199 0.195 0.195 0.195 0.196 0.196 0.2235 0.2235 0.232 0.232 0.232 0.289 0.289 0.3165 0.3165 0.196 0.196 0.196 0.1615 0.1615 0.162 0.162 0.1845 0.1845 0.1845 0.2025 0.2025 0.1785 0.1785 0.1795 0.1795 0.1755 0.1755 0.1755 0.158 0.158 0.158 0.158 0.1665 0.1665 0.1665 0.168 0.168 0.1675 0.1675 0.16 0.16 0.16 0.17 0.17 0.18 0.18 0.1495 0.1495 0.1495 0.1375
0.185 0.185 0.166 0.166 0.1755 0.1755 0.1625 0.1625 0.1625 0.1645 0.1645 0.1595 0.1595 0.1725 0.1725 0.1875 0.1875 0.1875 0.2 0.2 0.199 0.199 0.195 0.195 0.195 0.196 0.196 0.2235 0.2235 0.232 0.232 0.232 0.289 0.289 0.3165 0.3165 0.196 0.196 0.196 0.1615 0.1615 0.162 0.162 0.1845 0.1845 0.1845 0.2025 0.2025 0.1785 0.1785 0.1795 0.1795 0.1755 0.1755 0.1755 0.158 0.158 0.158 0.158 0.1665 0.1665 0.1665 0.168 0.168 0.1675 0.1675 0.16 0.16 0.16 0.17 0.17 0.18 0.18 0.1495 0.1495 0.1495 0.1375
0.185 0.185 0.166 0.166 0.1755 0.1755 0.1625 0.1625 0.1625 0.1645 0.1645 0.1595 0.1595 0.1725 0.1725 0.1875 0.1875 0.1875 0.2 0.2 0.199 0.199 0.195 0.195 0.195 0.196 0.196 0.2235 0.2235 0.232 0.232 0.232 0.289 0.289 0.3165 0.3165 0.196 0.196 0.196 0.1615 0.1615 0.162 0.162 0.1845 0.1845 0.1845 0.2025 0.2025 0.1785 0.1785 0.1795 0.1795 0.1755 0.1755 0.1755 0.158 0.158 0.158 0.158 0.1665 0.1665 0.1665 0.168 0.168 0.1675 0.1675 0.16 0.16 0.16 0.17 0.17 0.18 0.18 0.1495 0.1495 0.1495 0.1375
0.2 0.2 0.179 0.179 0.1875 0.1875 0.1875 0.1875 0.1875 0.2035 0.2035 0.1945 0.1945 0.2055 0.2055 0.2165 0.2165 0.2165 0.208 0.208 0.211 0.211 0.2235 0.2235 0.2235 0.221 0.221 0.2215 0.2215 0.2045 0.2045 0.2045 0.2645 0.2645 0.327 0.327 0.2295 0.2295 0.2295 0.161 0.161 0.1335 0.1335 0.151 0.151 0.151 0.1745 0.1745 0.1545 0.1545 0.167 0.167 0.1695 0.1695 0.1695 0.1665 0.1665 0.167 0.167 0.171 0.171 0.171 0.191 0.191 0.206 0.206 0.1645 0.1645 0.1645 0.19 0.19 0.183 0.183 0.171 0.171 0.171 0.111
0.2 0.2 0.179 0.179 0.1875 0.1875 0.1875 0.1875 0.1875 0.2035 0.2035 0.1945 0.1945 0.2055 0.2055 0.2165 0.2165 0.2165 0.208 0.208 0.211 0.211 0.2235 0.2235 0.2235 0.221 0.221 0.2215 0.2215 0.2045 0.2045 0.2045 0.2645 0.2645 0.327 0.327 0.2295 0.2295 0.2295 0.161 0.161 0.1335 0.1335 0.151 0.151 0.151 0.1745 0.1745 0.1545 0.1545 0.167 0.167 0.1695 0.1695 0.1695 0.1665 0.1665 0.167 0.167 0.171 0.171 0.171 0.191 0.191 0.206 0.206 0.1645 0.1645 0.1645 0.19 0.19 0.183 0.183 0.171 0.171 0.171 0.111
0.195 0.195 0.1885 0.1885 0.1835 0.1835 0.1855 0.1855 0.1855 0.2055 0.2055 0.2195 0.2195 0.227 0.227 0.2525 0.2525 0.2525 0.232 0.232 0.214 0.214 0.217 0.217 0.217 0.2115 0.2115 0.209 0.209 0.2035 0.2035 0.2035 0.228 0.228 0.3085 0.3085 0.224 0.224 0.224 0.176 0.176 0.15 0.15 0.162 0.162 0.162 0.1525 0.1525 0.1325 0.1325 0.1855 0.1855 0.214 0.214 0.214 0.19 0.19 0.194 0.194 0.214 0.214 0.214 0.2215 0.2215 0.217 0.217 0.1895 0.1895 0.1895 0.189 0.189 0.1825 0.1825 0.1695 0.1695 0.1695 0.11
0.195 0.195 0.1885 0.1885 0.1835 0.1835 0.1855 0.1855 0.1855 0.2055 0.2055 0.2195 0.2195 0.227 0.227 0.2525 0.2525 0.2525 0.232 0.232 0.214 0.214 0.217 0.217 0.217 0.2115 0.2115 0.209 0.209 0.2035 0.2035 0.2035 0.228 0.228 0.3085 0.3085 0.224 0.224 0.224 0.176 0.176 0.15 0.15 0.162 0.162 0.162 0.1525 0.1525 0.1325 0.1325 0.1855 0.1855 0.214 0.214 0.214 0.19 0.19 0.194 0.194 0.214 0.214 0.214 0.2215 0.2215 0.217 0.217 0.1895 0.1895 0.1895 0.189 0.189 0.1825 0.1825 0.1695 0.1695 0.1695 0.11
0.2235 0.2235 0.2125 0.2125 0.216 0.216 0.21 0.21 0.21 0.225 0.225 0.2475 0.2475 0.227 0.227 0.2375 0.2375 0.2375 0.2355 0.2355 0.2125 0.2125 0.215 0.215 0.215 0.209 0.209 0.204 0.204 0.185 0.185 0.185 0.1735 0.1735 0.174 0.174 0.1945 0.1945 0.1945 0.19 0.19 0.138 0.138 0.14 0.14 0.14 0.1425 0.1425 0.1435 0.1435 0.1745 0.1745 0.205 0.205 0.205 0.2125 0.2125 0.2155 0.2155 0.2295 0.2295 0.2295 0.2385 0.2385 0.235 0.235 0.2135 0.2135 0.2135 0.1835 0.1835 0.173 0.173 0.1665 0.1665 0.1665 0.114
0.2235 0.2235 0.2125 0.2125 0.216 0.216 0.21 0.21 0.21 0.225 0.225 0.2475 0.2475 0.227 0.227 0.2375 0.2375 0.2375 0.2355 0.2355 0.2125 0.2125 0.215 0.215 0.215 0.209 0.209 0.204 0.204 0.185 0.185 0.185 0.1735 0.1735 0.174 0.174 0.1945 0.1945 0.1945 0.19 0.19 0.138 0.138 0.14 0.14 0.14 0.1425 0.1425 0.1435 0.1435 0.1745 0.1745 0.205 0.205 0.205 0.2125 0.2125 0.2155 0.2155 0.2295 0.2295 0.2295 0.2385 0.2385 0.235 0.235 0.2135 0.2135 0.2135 0.1835 0.1835 0.173 0.173 0.1665 0.1665 0.1665 0.114
0.209 0.209 0.222 0.222 0.22 0.22 0.214 0.214 0.214 0.2345 0.2345 0.25 0.25 0.2515 0.2515 0.255 0.255 0.255 0.275 0.275 0.2275 0.2275 0.214 0.214 0.214 0.2255 0.2255 0.2045 0.2045 0.1985 0.1985 0.1985 0.19 0.19 0.191 0.191 0.184 0.184 0.184 0.17 0.17 0.1655 0.1655 0.1845 0.1845 0.1845 0.136 0.136 0.136 0.136 0.164 0.164 0.1805 0.1805 0.1805 0.2235 0.2235 0.223 0.223 0.2445 0.2445 0.2445 0.2415 0.2415 0.238 0.238 0.21 0.21 0.21 0.1645 0.1645 0.1655 0.1655 0.1435 0.1435 0.1435 0.1075
0.209 0.209 0.222 0.222 0.22 0.22 0.214 0.214 0.214 0.2345 0.2345 0.25 0.25 0.2515 0.2515 0.255 0.255 0.255 0.275 0.275 0.2275 0.2275 0.214 0.214 0.214 0.2255 0.2255 0.2045 0.2045 0.1985 0.1985 0.1985 0.19 0.19 0.191 0.191 0.184 0.184 0.184 0.17 0.17 0.1655 0.1655 0.1845 0.1845 0.1845 0.136 0.136 0.136 0.136 0.164 0.164 0.1805 0.1805 0.1805 0.2235 0.2235 0.223 0.223 0.2445 0.2445 0.2445 0.2415 0.2415 0.238 0.238 0.21 0.21 0.21 0.1645 0.1645 0.1655 0.1655 0.1435 0.1435 0.1435 0.1075
0.209 0.209 0.222 0.222 0.22 0.22 0.214 0.214 0.214 0.2345 0.2345 0.25 0.25 0.2515 0.2515 0.255 0.255 0.255 0.275 0.275 0.2275 0.2275 0.214 0.214 0.214 0.2255 0.2255 0.2045 0.2045 0.1985 0.1985 0.1985 0.19 0.19 0.191 0.191 0.184 0.184 0.184 0.17 0.17 0.1655 0.1655 0.1845 0.1845 0.1845 0.136 0.136 0.136 0.136 0.164 0.164 0.1805 0.1805 0.1805 0.2235 0.2235 0.223 0.223 0.2445 0.2445 0.2445 0.2415 0.2415 0.238 0.238 0.21 0.21 0.21 0.1645 0.1645 0.1655 0.1655 0.1435 0.1435 0.1435 0.1075
0.233 0.233 0.211 0.211 0.228 0.228 0.23 0.23 0.23 0.238 0.238 0.2245 0.2245 0.2305 0.2305 0.237 0.237 0.237 0.182 0.182 0.21 0.21 0.2175 0.2175 0.2175 0.2165 0.2165 0.216 0.216 0.21 0.21 0.21 0.2305 0.2305 0.214 0.214 0.1985 0.1985 0.1985 0.1645 0.1645 0.164 0.164 0.18 0.18 0.18 0.1745 0.1745 0.12 0.12 0.112 0.112 0.1345 0.1345 0.1345 0.134 0.134 0.2045 0.2045 0.238 0.238 0.238 0.2465 0.2465 0.225 0.225 0.2285 0.2285 0.2285 0.205 0.205 0.208 0.208 0.1485 0.1485 0.1485 0.122
0.233 0.233 0.211 0.211 0.228 0.228 0.23 0.23 0.23 0.238 0.238 0.2245 0.2245 0.2305 0.2305 0.237 0.237 0.237 0.182 0.182 0.21 0.21 0.2175 0.2175 0.2175 0.2165 0.2165 0.216 0.216 0.21 0.21 0.21 0.2305 0.2305 0.214 0.214 0.1985 0.1985 0.1985 0.1645 0.1645 0.164 0.164 0.18 0.18 0.18 0.1745 0.1745 0.12 0.12 0.112 0.112 0.1345 0.1345 0.1345 0.134 0.134 0.2045 0.2045 0.238 0.238 0.238 0.2465 0.2465 0.225 0.225 0.2285 0.2285 0.2285 0.205 0.205 0.208 0.208 0.1485 0.1485 0.1485 0.122
0.246 0.246 0.2395 0.2395 0.2505 0.2505 0.305 0.305 0.305 0.274 0.274 0.2355 0.2355 0.2135 0.2135 0.1955 0.1955 0.1955 0.188 0.188 0.1955 0.1955 0.187 0.187 0.187 0.2215 0.2215 0.2335 0.2335 0.224 0.224 0.224 0.2155 0.2155 0.215 0.215 0.2105 0.2105 0.2105 0.2075 0.2075 0.1525 0.1525 0.1755 0.1755 0.1755 0.1705 0.1705 0.135 0.135 0.1175 0.1175 0.1125 0.1125 0.1125 0.1355 0.1355 0.1835 0.1835 0.226 0.226 0.226 0.229 0.229 0.2225 0.2225 0.24 0.24 0.24 0.243 0.243 0.2515 0.2515 0.165 0.165 0.165 0.1255
0.246 0.246 0.2395 0.2395 0.2505 0.2505 0.305 0.305 0.305 0.274 0.274 0.2355 0.2355 0.2135 0.2135 0.1955 0.1955 0.1955 0.188 0.188 0.1955 0.1955 0.187 0.187 0.187 0.2215 0.2215 0.2335 0.2335 0.224 0.224 0.224 0.2155 0.2155 0.215 0.215 0.2105 0.2105 0.2105 0.2075 0.2075 0.1525 0.1525 0.1755 0.1755 0.1755 0.1705 0.1705 0.135 0.135 0.1175 0.1175 0.1125 0.1125 0.1125 0.1355 0.1355 0.1835 0.1835 0.226 0.226 0.226 0.229 0.229 0.2225 0.2225 0.24 0.24 0.24 0.243 0.243 0.2515 0.2515 0.165 0.165 0.165 0.1255
0.248 0.248 0.23 0.23 0.2305 0.2305 0.259 0.259 0.259 0.2595 0.2595 0.2775 0.2775 0.284 0.284 0.2485 0.2485 0.2485 0.238 0.238 0.2105 0.2105 0.208 0.208 0.208 0.225 0.225 0.238 0.238 0.23 0.23 0.23 0.231 0.231 0.214 0.214 0.218 0.218 0.218 0.2415 0.2415 0.1735 0.1735 0.1505 0.1505 0.1505 0.138 0.138 0.1095 0.1095 0.118 0.118 0.161 0.161 0.161 0.163 0.163 0.175 0.175 0.2325 0.2325 0.2325 0.215 0.215 0.226 0.226 0.221 0.221 0.221 0.2385 0.2385 0.227 0.227 0.1535 0.1535 0.1535 0.1485
0.248 0.248 0.23 0.23 0.2305 0.2305 0.259 0.259 0.259 0.2595 0.2595 0.2775 0.2775 0.284 0.284 0.2485 0.2485 0.2485 0.238 0.238 0.2105 0.2105 0.208 0.208 0.208 0.225 0.225 0.238 0.238 0.23 0.23 0.23 0.231 0.231 0.214 0.214 0.218 0.218 0.218 0.2415 0.2415 0.1735 0.1735 0.1505 0.1505 0.1505 0.138 0.138 0.1095 0.1095 0.118 0.118 0.161 0.161 0.161 0.163 0.163 0.175 0.175 0.2325 0.2325 0.2325 0.215 0.215 0.226 0.226 0.221 0.221 0.221 0.2385 0.2385 0.227 0.227 0.1535 0.1535 0.1535 0.1485
0.248 0.248 0.23 0.23 0.2305 0.2305 0.259 0.259 0.259 0.2595 0.2595 0.2775 0.2775 0.284 0.284 0.2485 0.2485 0.2485 0.238 0.238 0.2105 0.2105 0.208 0.208 0.208 0.225 0.225 0.238 0.238 0.23 0.23 0.23 0.231 0.231 0.214 0.214 0.218 0.218 0.218 0.2415 0.2415 0.1735 0.1735 0.1505 0.1505 0.1505 0.138 0.138 0.1095 0.1095 0.118 0.118 0.161 0.161 0.161 0.163 0.163 0.175 0.175 0.2325 0.2325 0.2325 0.215 0.215 0.226 0.226 0.221 0.221 0.221 0.2385 0.2385 0.227 0.227 0.1535 0.1535 0.1535 0.1485
0.252 0.252 0.2625 0.2625 0.216 0.216 0.4165 0.4165 0.4165 0.327 0.327 0.246 0.246 0.3345 0.3345 0.2725 0.2725 0.2725 0.254 0.254 0.287 0.287 0.218 0.218 0.218 0.2475 0.2475 0.23 0.23 0.242 0.242 0.242 0.23 0.23 0.216 0.216 0.2005 0.2005 0.2005 0.1915 0.1915 0.2045 0.2045 0.184 0.184 0.184 0.146 0.146 0.169 0.169 0.1615 0.1615 0.1775 0.1775 0.1775 0.176 0.176 0.1745 0.1745 0.2205 0.2205 0.2205 0.216 0.216 0.216 0.216 0.2005 0.2005 0.2005 0.237 0.237 0.213 0.213 0.159 0.159 0.159 0.121
