ndvi/NOAA-90.asc
ncols         252
nrows         154
xllcorner     -18.017974
yllcorner     13.481982
cellsize      0.035948
NODATA_value  -9999
[rows 0 to 34 of 154, columns 154 to 230 of 252]
0.0975 0.1025 0.1025 0.1125 0.1125 0.1125 0.106 0.106 0.1085 0.1085 0.1065 0.1065 0.103 0.103 0.103 0.1055 0.1055 0.108 0.108 0.102 0.102 0.102 0.1095 0.1095 0.1055 0.1055 0.11 0.11 0.11 0.0995 0.0995 0.104 0.104 0.108 0.108 0.108 0.103 0.103 0.1015 0.1015 0.1025 0.1025 0.1025 0.107 0.107 0.1045 0.1045 0.1045 0.1045 0.1095 0.1095 0.1095 0.108 0.108 0.101 0.101 0.0985 0.0985 0.0985 0.1 0.1 0.0945 0.0945 0.0995 0.0995 0.0995 0.099 0.099 0.08750001 0.08750001 0.0895 0.0895 0.0895 0.092 0.092 0.085 0.085
0.0975 0.1025 0.1025 0.1125 0.1125 0.1125 0.106 0.106 0.1085 0.1085 0.1065 0.1065 0.103 0.103 0.103 0.1055 0.1055 0.108 0.108 0.102 0.102 0.102 0.1095 0.1095 0.1055 0.1055 0.11 0.11 0.11 0.0995 0.0995 0.104 0.104 0.108 0.108 0.108 0.103 0.103 0.1015 0.1015 0.1025 0.1025 0.1025 0.107 0.107 0.1045 0.1045 0.1045 0.1045 0.1095 0.1095 0.1095 0.108 0.108 0.101 0.101 0.0985 0.0985 0.0985 0.1 0.1 0.0945 0.0945 0.0995 0.0995 0.0995 0.099 0.099 0.08750001 0.08750001 0.0895 0.0895 0.0895 0.092 0.092 0.085 0.085
0.11 0.0865 0.0865 0.101 0.101 0.101 0.103 0.103 0.108 0.108 0.1045 0.1045 0.103 0.103 0.103 0.111 0.111 0.111 0.111 0.1105 0.1105 0.1105 0.104 0.104 0.111 0.111 0.11 0.11 0.11 0.1135 0.1135 0.112 0.112 0.109 0.109 0.109 0.115 0.115 0.1095 0.1095 0.106 0.106 0.106 0.1095 0.1095 0.114 0.114 0.1105 0.1105 0.1095 0.1095 0.1095 0.109 0.109 0.1045 0.1045 0.107 0.107 0.107 0.1095 0.1095 0.1085 0.1085 0.1025 0.1025 0.1025 0.102 0.102 0.0995 0.0995 0.097 0.097 0.097 0.0915 0.0915 0.0895 0.0895
0.11 0.0865 0.0865 0.101 0.101 0.101 0.103 0.103 0.108 0.108 0.1045 0.1045 0.103 0.103 0.103 0.111 0.111 0.111 0.111 0.1105 0.1105 0.1105 0.104 0.104 0.111 0.111 0.11 0.11 0.11 0.1135 0.1135 0.112 0.112 0.109 0.109 0.109 0.115 0.115 0.1095 0.1095 0.106 0.106 0.106 0.1095 0.1095 0.114 0.114 0.1105 0.1105 0.1095 0.1095 0.1095 0.109 0.109 0.1045 0.1045 0.107 0.107 0.107 0.1095 0.1095 0.1085 0.1085 0.1025 0.1025 0.1025 0.102 0.102 0.0995 0.0995 0.097 0.097 0.097 0.0915 0.0915 0.0895 0.0895
0.11 0.0865 0.0865 0.101 0.101 0.101 0.103 0.103 0.108 0.108 0.1045 0.1045 0.103 0.103 0.103 0.111 0.111 0.111 0.111 0.1105 0.1105 0.1105 0.104 0.104 0.111 0.111 0.11 0.11 0.11 0.1135 0.1135 0.112 0.112 0.109 0.109 0.109 0.115 0.115 0.1095 0.1095 0.106 0.106 0.106 0.1095 0.1095 0.114 0.114 0.1105 0.1105 0.1095 0.1095 0.1095 0.109 0.109 0.1045 0.1045 0.107 0.107 0.107 0.1095 0.1095 0.1085 0.1085 0.1025 0.1025 0.1025 0.102 0.102 0.0995 0.0995 0.097 0.097 0.097 0.0915 0.0915 0.0895 0.0895
0.105 0.1065 0.1065 0.109 0.109 0.109 0.1085 0.1085 0.116 0.116 0.115 0.115 0.1145 0.1145 0.1145 0.115 0.115 0.1105 0.1105 0.1145 0.1145 0.1145 0.114 0.114 0.115 0.115 0.117 0.117 0.117 0.1165 0.1165 0.1175 0.1175 0.1165 0.1165 0.1165 0.1145 0.1145 0.1115 0.1115 0.113 0.113 0.113 0.1095 0.1095 0.1125 0.1125 0.1025 0.1025 0.1075 0.1075 0.1075 0.108 0.108 0.106 0.106 0.1075 0.1075 0.1075 0.105 0.105 0.103 0.103 0.1035 0.1035 0.1035 0.09999999 0.09999999 0.09450001 0.09450001 0.094 0.094 0.094 0.0955 0.0955 0.092 0.092
0.105 0.1065 0.1065 0.109 0.109 0.109 0.1085 0.1085 0.116 0.116 0.115 0.115 0.1145 0.1145 0.1145 0.115 0.115 0.1105 0.1105 0.1145 0.1145 0.1145 0.114 0.114 0.115 0.115 0.117 0.117 0.117 0.1165 0.1165 0.1175 0.1175 0.1165 0.1165 0.1165 0.1145 0.1145 0.1115 0.1115 0.113 0.113 0.113 0.1095 0.1095 0.1125 0.1125 0.1025 0.1025 0.1075 0.1075 0.1075 0.108 0.108 0.106 0.106 0.1075 0.1075 0.1075 0.105 0.105 0.103 0.103 0.1035 0.1035 0.1035 0.09999999 0.09999999 0.09450001 0.09450001 0.094 0.094 0.094 0.0955 0.0955 0.092 0.092
0.112 0.114 0.114 0.112 0.112 0.112 0.111 0.111 0.1195 0.1195 0.115 0.115 0.112 0.112 0.112 0.117 0.117 0.118 0.118 0.1195 0.1195 0.1195 0.117 0.117 0.117 0.117 0.1135 0.1135 0.1135 0.115 0.115 0.1155 0.1155 0.1165 0.1165 0.1165 0.1165 0.1165 0.112 0.112 0.1115 0.1115 0.1115 0.1085 0.1085 0.1145 0.1145 0.11 0.11 0.1145 0.1145 0.1145 0.109 0.109 0.1065 0.1065 0.1055 0.1055 0.1055 0.109 0.109 0.105 0.105 0.1055 0.1055 0.1055 0.1005 0.1005 0.1015 0.1015 0.1025 0.1025 0.1025 0.098 0.098 0.099 0.099
0.112 0.114 0.114 0.112 0.112 0.112 0.111 0.111 0.1195 0.1195 0.115 0.115 0.112 0.112 0.112 0.117 0.117 0.118 0.118 0.1195 0.1195 0.1195 0.117 0.117 0.117 0.117 0.1135 0.1135 0.1135 0.115 0.115 0.1155 0.1155 0.1165 0.1165 0.1165 0.1165 0.1165 0.112 0.112 0.1115 0.1115 0.1115 0.1085 0.1085 0.1145 0.1145 0.11 0.11 0.1145 0.1145 0.1145 0.109 0.109 0.1065 0.1065 0.1055 0.1055 0.1055 0.109 0.109 0.105 0.105 0.1055 0.1055 0.1055 0.1005 0.1005 0.1015 0.1015 0.1025 0.1025 0.1025 0.098 0.098 0.099 0.099
0.12 0.11 0.11 0.1115 0.1115 0.1115 0.1185 0.1185 0.1245 0.1245 0.1215 0.1215 0.1205 0.1205 0.1205 0.118 0.118 0.1235 0.1235 0.1205 0.1205 0.1205 0.1185 0.1185 0.117 0.117 0.115 0.115 0.115 0.1165 0.1165 0.1165 0.1165 0.1135 0.1135 0.1135 0.11 0.11 0.104 0.104 0.1025 0.1025 0.1025 0.1035 0.1035 0.1125 0.1125 0.1155 0.1155 0.108 0.108 0.108 0.1065 0.1065 0.1075 0.1075 0.1045 0.1045 0.1045 0.103 0.103 0.1045 0.1045 0.1075 0.1075 0.1075 0.1005 0.1005 0.1005 0.1005 0.1005 0.1005 0.1005 0.096 0.096 0.098 0.098
0.12 0.11 0.11 0.1115 0.1115 0.1115 0.1185 0.1185 0.1245 0.1245 0.1215 0.1215 0.1205 0.1205 0.1205 0.118 0.118 0.1235 0.1235 0.1205 0.1205 0.1205 0.1185 0.1185 0.117 0.117 0.115 0.115 0.115 0.1165 0.1165 0.1165 0.1165 0.1135 0.1135 0.1135 0.11 0.11 0.104 0.104 0.1025 0.1025 0.1025 0.1035 0.1035 0.1125 0.1125 0.1155 0.1155 0.108 0.108 0.108 0.1065 0.1065 0.1075 0.1075 0.1045 0.1045 0.1045 0.103 0.103 0.1045 0.1045 0.1075 0.1075 0.1075 0.1005 0.1005 0.1005 0.1005 0.1005 0.1005 0.1005 0.096 0.096 0.098 0.098
0.1205 0.1085 0.1085 0.124 0.124 0.124 0.115 0.115 0.1285 0.1285 0.1255 0.1255 0.1195 0.1195 0.1195 0.126 0.126 0.1175 0.1175 0.1215 0.1215 0.1215 0.119 0.119 0.114 0.114 0.1185 0.1185 0.1185 0.1145 0.1145 0.1085 0.1085 0.116 0.116 0.116 0.11 0.11 0.1125 0.1125 0.1175 0.1175 0.1175 0.11 0.11 0.101 0.101 0.117 0.117 0.1115 0.1115 0.1115 0.1105 0.1105 0.1075 0.1075 0.111 0.111 0.111 0.105 0.105 0.1015 0.1015 0.09450001 0.09450001 0.09450001 0.096 0.096 0.097 0.097 0.096 0.096 0.096 0.09299999 0.09299999 0.097 0.097
0.1205 0.1085 0.1085 0.124 0.124 0.124 0.115 0.115 0.1285 0.1285 0.1255 0.1255 0.1195 0.1195 0.1195 0.126 0.126 0.1175 0.1175 0.1215 0.1215 0.1215 0.119 0.119 0.114 0.114 0.1185 0.1185 0.1185 0.1145 0.1145 0.1085 0.1085 0.116 0.116 0.116 0.11 0.11 0.1125 0.1125 0.1175 0.1175 0.1175 0.11 0.11 0.101 0.101 0.117 0.117 0.1115 0.1115 0.1115 0.1105 0.1105 0.1075 0.1075 0.111 0.111 0.111 0.105 0.105 0.1015 0.1015 0.09450001 0.09450001 0.09450001 0.096 0.096 0.097 0.097 0.096 0.096 0.096 0.09299999 0.09299999 0.097 0.097
0.1205 0.1085 0.1085 0.124 0.124 0.124 0.115 0.115 0.1285 0.1285 0.1255 0.1255 0.1195 0.1195 0.1195 0.126 0.126 0.1175 0.1175 0.1215 0.1215 0.1215 0.119 0.119 0.114 0.114 0.1185 0.1185 0.1185 0.1145 0.1145 0.1085 0.1085 0.116 0.116 0.116 0.11 0.11 0.1125 0.1125 0.1175 0.1175 0.1175 0.11 0.11 0.101 0.101 0.117 0.117 0.1115 0.1115 0.1115 0.1105 0.1105 0.1075 0.1075 0.111 0.111 0.111 0.105 0.105 0.1015 0.1015 0.09450001 0.09450001 0.09450001 0.096 0.096 0.097 0.097 0.096 0.096 0.096 0.09299999 0.09299999 0.097 0.097
0.1215 0.1295 0.1295 0.135 0.135 0.135 0.114 0.114 0.13 0.13 0.1285 0.1285 0.1335 0.1335 0.1335 0.125 0.125 0.1265 0.1265 0.1235 0.1235 0.1235 0.118 0.118 0.1165 0.1165 0.13 0.13 0.13 0.1135 0.1135 0.109 0.109 0.105 0.105 0.105 0.1045 0.1045 0.0985 0.0985 0.102 0.102 0.102 0.1015 0.1015 0.1095 0.1095 0.1085 0.1085 0.096 0.096 0.096 0.1045 0.1045 0.0935 0.0935 0.1025 0.1025 0.1025 0.0985 0.0985 0.108 0.108 0.097 0.097 0.097 0.0905 0.0905 0.097 0.097 0.089 0.089 0.089 0.092 0.092 0.092 0.092
0.1215 0.1295 0.1295 0.135 0.135 0.135 0.114 0.114 0.13 0.13 0.1285 0.1285 0.1335 0.1335 0.1335 0.125 0.125 0.1265 0.1265 0.1235 0.1235 0.1235 0.118 0.118 0.1165 0.1165 0.13 0.13 0.13 0.1135 0.1135 0.109 0.109 0.105 0.105 0.105 0.1045 0.1045 0.0985 0.0985 0.102 0.102 0.102 0.1015 0.1015 0.1095 0.1095 0.1085 0.1085 0.096 0.096 0.096 0.1045 0.1045 0.0935 0.0935 0.1025 0.1025 0.1025 0.0985 0.0985 0.108 0.108 0.097 0.097 0.097 0.0905 0.0905 0.097 0.097 0.089 0.089 0.089 0.092 0.092 0.092 0.092
0.122 0.1215 0.1215 0.124 0.124 0.124 0.1315 0.1315 0.131 0.131 0.125 0.125 0.1285 0.1285 0.1285 0.121 0.121 0.1205 0.1205 0.1215 0.1215 0.1215 0.118 0.118 0.1105 0.1105 0.1055 0.1055 0.1055 0.101 0.101 0.098 0.098 0.0995 0.0995 0.0995 0.0955 0.0955 0.1035 0.1035 0.1045 0.1045 0.1045 0.099 0.099 0.099 0.099 0.1055 0.1055 0.0855 0.0855 0.0855 0.09100001 0.09100001 0.1015 0.1015 0.0995 0.0995 0.0995 0.102 0.102 0.095 0.095 0.099 0.099 0.099 0.09450001 0.09450001 0.092 0.092 0.09 0.09 0.09 0.09100001 0.09100001 0.09649999 0.09649999
0.122 0.1215 0.1215 0.124 0.124 0.124 0.1315 0.1315 0.131 0.131 0.125 0.125 0.1285 0.1285 0.1285 0.121 0.121 0.1205 0.1205 0.1215 0.1215 0.1215 0.118 0.118 0.1105 0.1105 0.1055 0.1055 0.1055 0.101 0.101 0.098 0.098 0.0995 0.0995 0.0995 0.0955 0.0955 0.1035 0.1035 0.1045 0.1045 0.1045 0.099 0.099 0.099 0.099 0.1055 0.1055 0.0855 0.0855 0.0855 0.09100001 0.09100001 0.1015 0.1015 0.0995 0.0995 0.0995 0.102 0.102 0.095 0.095 0.099 0.099 0.099 0.09450001 0.09450001 0.092 0.092 0.09 0.09 0.09 0.09100001 0.09100001 0.09649999 0.09649999
0.12 0.1085 0.1085 0.132 0.132 0.132 0.1225 0.1225 0.1145 0.1145 0.1175 0.1175 0.1155 0.1155 0.1155 0.1185 0.1185 0.1085 0.1085 0.118 0.118 0.118 0.109 0.109 0.1045 0.1045 0.102 0.102 0.102 0.09550001 0.09550001 0.0925 0.0925 0.089 0.089 0.089 0.1 0.1 0.1135 0.1135 0.1075 0.1075 0.1075 0.096 0.096 0.09100001 0.09100001 0.082 0.082 0.0865 0.0865 0.0865 0.082 0.082 0.09 0.09 0.0965 0.0965 0.0965 0.0995 0.0995 0.1005 0.1005 0.1 0.1 0.1 0.094 0.094 0.092 0.092 0.091 0.091 0.091 0.0945 0.0945 0.0965 0.0965
0.12 0.1085 0.1085 0.132 0.132 0.132 0.1225 0.1225 0.1145 0.1145 0.1175 0.1175 0.1155 0.1155 0.1155 0.1185 0.1185 0.1085 0.1085 0.118 0.118 0.118 0.109 0.109 0.1045 0.1045 0.102 0.102 0.102 0.09550001 0.09550001 0.0925 0.0925 0.089 0.089 0.089 0.1 0.1 0.1135 0.1135 0.1075 0.1075 0.1075 0.096 0.096 0.09100001 0.09100001 0.082 0.082 0.0865 0.0865 0.0865 0.082 0.082 0.09 0.09 0.0965 0.0965 0.0965 0.0995 0.0995 0.1005 0.1005 0.1 0.1 0.1 0.094 0.094 0.092 0.092 0.091 0.091 0.091 0.0945 0.0945 0.0965 0.0965
0.12 0.1085 0.1085 0.132 0.132 0.132 0.1225 0.1225 0.1145 0.1145 0.1175 0.1175 0.1155 0.1155 0.1155 0.1185 0.1185 0.1085 0.1085 0.118 0.118 0.118 0.109 0.109 0.1045 0.1045 0.102 0.102 0.102 0.09550001 0.09550001 0.0925 0.0925 0.089 0.089 0.089 0.1 0.1 0.1135 0.1135 0.1075 0.1075 0.1075 0.096 0.096 0.09100001 0.09100001 0.082 0.082 0.0865 0.0865 0.0865 0.082 0.082 0.09 0.09 0.0965 0.0965 0.0965 0.0995 0.0995 0.1005 0.1005 0.1 0.1 0.1 0.094 0.094 0.092 0.092 0.091 0.091 0.091 0.0945 0.0945 0.0965 0.0965
0.113 0.122 0.122 0.123 0.123 0.123 0.1155 0.1155 0.0995 0.0995 0.113 0.113 0.1135 0.1135 0.1135 0.115 0.115 0.1155 0.1155 0.1145 0.1145 0.1145 0.11 0.11 0.115 0.115 0.105 0.105 0.105 0.103 0.103 0.101 0.101 0.092 0.092 0.092 0.098 0.098 0.111 0.111 0.1095 0.1095 0.1095 0.109 0.109 0.108 0.108 0.109 0.109 0.09900001 0.09900001 0.09900001 0.0985 0.0985 0.09649999 0.09649999 0.098 0.098 0.098 0.09649999 0.09649999 0.098 0.098 0.095 0.095 0.095 0.0955 0.0955 0.0915 0.0915 0.09450001 0.09450001 0.09450001 0.0915 0.0915 0.101 0.101
0.113 0.122 0.122 0.123 0.123 0.123 0.1155 0.1155 0.0995 0.0995 0.113 0.113 0.1135 0.1135 0.1135 0.115 0.115 0.1155 0.1155 0.1145 0.1145 0.1145 0.11 0.11 0.115 0.115 0.105 0.105 0.105 0.103 0.103 0.101 0.101 0.092 0.092 0.092 0.098 0.098 0.111 0.111 0.1095 0.1095 0.1095 0.109 0.109 0.108 0.108 0.109 0.109 0.09900001 0.09900001 0.09900001 0.0985 0.0985 0.09649999 0.09649999 0.098 0.098 0.098 0.09649999 0.09649999 0.098 0.098 0.095 0.095 0.095 0.0955 0.0955 0.0915 0.0915 0.09450001 0.09450001 0.09450001 0.0915 0.0915 0.101 0.101
0.1235 0.1275 0.1275 0.1355 0.1355 0.1355 0.1275 0.1275 0.1305 0.1305 0.1225 0.1225 0.1195 0.1195 0.1195 0.1085 0.1085 0.113 0.113 0.132 0.132 0.132 0.124 0.124 0.124 0.124 0.1245 0.1245 0.1245 0.1225 0.1225 0.1275 0.1275 0.111 0.111 0.111 0.1215 0.1215 0.118 0.118 0.114 0.114 0.114 0.113 0.113 0.109 0.109 0.1135 0.1135 0.098 0.098 0.098 0.097 0.097 0.09299999 0.09299999 0.097 0.097 0.097 0.0965 0.0965 0.103 0.103 0.1045 0.1045 0.1045 0.098 0.098 0.096 0.096 0.1005 0.1005 0.1005 0.09649999 0.09649999 0.1035 0.1035
0.1235 0.1275 0.1275 0.1355 0.1355 0.1355 0.1275 0.1275 0.1305 0.1305 0.1225 0.1225 0.1195 0.1195 0.1195 0.1085 0.1085 0.113 0.113 0.132 0.132 0.132 0.124 0.124 0.124 0.124 0.1245 0.1245 0.1245 0.1225 0.1225 0.1275 0.1275 0.111 0.111 0.111 0.1215 0.1215 0.118 0.118 0.114 0.114 0.114 0.113 0.113 0.109 0.109 0.1135 0.1135 0.098 0.098 0.098 0.097 0.097 0.09299999 0.09299999 0.097 0.097 0.097 0.0965 0.0965 0.103 0.103 0.1045 0.1045 0.1045 0.098 0.098 0.096 0.096 0.1005 0.1005 0.1005 0.09649999 0.09649999 0.1035 0.1035
0.135 0.132 0.132 0.1395 0.1395 0.1395 0.151 0.151 0.1335 0.1335 0.1385 0.1385 0.141 0.141 0.141 0.14 0.14 0.133 0.133 0.1335 0.1335 0.1335 0.1375 0.1375 0.122 0.122 0.1115 0.1115 0.1115 0.1125 0.1125 0.109 0.109 0.127 0.127 0.127 0.127 0.127 0.1195 0.1195 0.1115 0.1115 0.1115 0.1085 0.1085 0.107 0.107 0.1025 0.1025 0.1045 0.1045 0.1045 0.101 0.101 0.096 0.096 0.097 0.097 0.097 0.1005 0.1005 0.1095 0.1095 0.103 0.103 0.103 0.1045 0.1045 0.101 0.101 0.1015 0.1015 0.1015 0.09999999 0.09999999 0.093 0.093
0.135 0.132 0.132 0.1395 0.1395 0.1395 0.151 0.151 0.1335 0.1335 0.1385 0.1385 0.141 0.141 0.141 0.14 0.14 0.133 0.133 0.1335 0.1335 0.1335 0.1375 0.1375 0.122 0.122 0.1115 0.1115 0.1115 0.1125 0.1125 0.109 0.109 0.127 0.127 0.127 0.127 0.127 0.1195 0.1195 0.1115 0.1115 0.1115 0.1085 0.1085 0.107 0.107 0.1025 0.1025 0.1045 0.1045 0.1045 0.101 0.101 0.096 0.096 0.097 0.097 0.097 0.1005 0.1005 0.1095 0.1095 0.103 0.103 0.103 0.1045 0.1045 0.101 0.101 0.1015 0.1015 0.1015 0.09999999 0.09999999 0.093 0.093
0.135 0.132 0.132 0.1395 0.1395 0.1395 0.151 0.151 0.1335 0.1335 0.1385 0.1385 0.141 0.141 0.141 0.14 0.14 0.133 0.133 0.1335 0.1335 0.1335 0.1375 0.1375 0.122 0.122 0.1115 0.1115 0.1115 0.1125 0.1125 0.109 0.109 0.127 0.127 0.127 0.127 0.127 0.1195 0.1195 0.1115 0.1115 0.1115 0.1085 0.1085 0.107 0.107 0.1025 0.1025 0.1045 0.1045 0.1045 0.101 0.101 0.096 0.096 0.097 0.097 0.097 0.1005 0.1005 0.1095 0.1095 0.103 0.103 0.103 0.1045 0.1045 0.101 0.101 0.1015 0.1015 0.1015 0.09999999 0.09999999 0.093 0.093
0.1335 0.125 0.125 0.1465 0.1465 0.1465 0.1465 0.1465 0.1465 0.1465 0.137 0.137 0.14 0.14 0.14 0.1505 0.1505 0.1345 0.1345 0.1295 0.1295 0.1295 0.133 0.133 0.131 0.131 0.1295 0.1295 0.1295 0.1335 0.1335 0.1375 0.1375 0.1415 0.1415 0.1415 0.126 0.126 0.122 0.122 0.112 0.112 0.112 0.11 0.11 0.112 0.112 0.1135 0.1135 0.1105 0.1105 0.1105 0.105 0.105 0.099 0.099 0.0985 0.0985 0.0985 0.1015 0.1015 0.109 0.109 0.1095 0.1095 0.1095 0.1115 0.1115 0.1055 0.1055 0.102 0.102 0.102 0.105 0.105 0.106 0.106
0.1335 0.125 0.125 0.1465 0.1465 0.1465 0.1465 0.1465 0.1465 0.1465 0.137 0.137 0.14 0.14 0.14 0.1505 0.1505 0.1345 0.1345 0.1295 0.1295 0.1295 0.133 0.133 0.131 0.131 0.1295 0.1295 0.1295 0.1335 0.1335 0.1375 0.1375 0.1415 0.1415 0.1415 0.126 0.126 0.122 0.122 0.112 0.112 0.112 0.11 0.11 0.112 0.112 0.1135 0.1135 0.1105 0.1105 0.1105 0.105 0.105 0.099 0.099 0.0985 0.0985 0.0985 0.1015 0.1015 0.109 0.109 0.1095 0.1095 0.1095 0.1115 0.1115 0.1055 0.1055 0.102 0.102 0.102 0.105 0.105 0.106 0.106
0.154 0.131 0.131 0.1415 0.1415 0.1415 0.1325 0.1325 0.1485 0.1485 0.138 0.138 0.131 0.131 0.131 0.1435 0.1435 0.132 0.132 0.141 0.141 0.141 0.1295 0.1295 0.1315 0.1315 0.1225 0.1225 0.1225 0.125 0.125 0.1255 0.1255 0.1255 0.1255 0.1255 0.1255 0.1255 0.124 0.124 0.122 0.122 0.122 0.118 0.118 0.1165 0.1165 0.117 0.117 0.116 0.116 0.116 0.1165 0.1165 0.1145 0.1145 0.107 0.107 0.107 0.1095 0.1095 0.111 0.111 0.1135 0.1135 0.1135 0.118 0.118 0.118 0.118 0.111 0.111 0.111 0.114 0.114 0.104 0.104
0.154 0.131 0.131 0.1415 0.1415 0.1415 0.1325 0.1325 0.1485 0.1485 0.138 0.138 0.131 0.131 0.131 0.1435 0.1435 0.132 0.132 0.141 0.141 0.141 0.1295 0.1295 0.1315 0.1315 0.1225 0.1225 0.1225 0.125 0.125 0.1255 0.1255 0.1255 0.1255 0.1255 0.1255 0.1255 0.124 0.124 0.122 0.122 0.122 0.118 0.118 0.1165 0.1165 0.117 0.117 0.116 0.116 0.116 0.1165 0.1165 0.1145 0.1145 0.107 0.107 0.107 0.1095 0.1095 0.111 0.111 0.1135 0.1135 0.1135 0.118 0.118 0.118 0.118 0.111 0.111 0.111 0.114 0.114 0.104 0.104
0.1425 0.1345 0.1345 0.143 0.143 0.143 0.172 0.172 0.1455 0.1455 0.1315 0.1315 0.1165 0.1165 0.1165 0.125 0.125 0.121 0.121 0.13 0.13 0.13 0.1185 0.1185 0.124 0.124 0.1185 0.1185 0.1185 0.1325 0.1325 0.1405 0.1405 0.1235 0.1235 0.1235 0.1305 0.1305 0.1215 0.1215 0.119 0.119 0.119 0.119 0.119 0.1195 0.1195 0.1345 0.1345 0.133 0.133 0.133 0.1285 0.1285 0.118 0.118 0.112 0.112 0.112 0.1165 0.1165 0.1165 0.1165 0.117 0.117 0.117 0.118 0.118 0.1145 0.1145 0.113 0.113 0.113 0.11 0.11 0.105 0.105
0.1425 0.1345 0.1345 0.143 0.143 0.143 0.172 0.172 0.1455 0.1455 0.1315 0.1315 0.1165 0.1165 0.1165 0.125 0.125 0.121 0.121 0.13 0.13 0.13 0.1185 0.1185 0.124 0.124 0.1185 0.1185 0.1185 0.1325 0.1325 0.1405 0.1405 0.1235 0.1235 0.1235 0.1305 0.1305 0.1215 0.1215 0.119 0.119 0.119 0.119 0.119 0.1195 0.1195 0.1345 0.1345 0.133 0.133 0.133 0.1285 0.1285 0.118 0.118 0.112 0.112 0.112 0.1165 0.1165 0.1165 0.1165 0.117 0.117 0.117 0.118 0.118 0.1145 0.1145 0.113 0.113 0.113 0.11 0.11 0.105 0.105
0.1455 0.149 0.149 0.143 0.143 0.143 0.1575 0.1575 0.1395 0.1395 0.131 0.131 0.121 0.121 0.121 0.118 0.118 0.124 0.124 0.1205 0.1205 0.1205 0.114 0.114 0.131 0.131 0.1335 0.1335 0.1335 0.1415 0.1415 0.142 0.142 0.1355 0.1355 0.1355 0.122 0.122 0.1255 0.1255 0.1295 0.1295 0.1295 0.1165 0.1165 0.117 0.117 0.133 0.133 0.1385 0.1385 0.1385 0.139 0.139 0.134 0.134 0.1315 0.1315 0.1315 0.124 0.124 0.122 0.122 0.119 0.119 0.119 0.1175 0.1175 0.1215 0.1215 0.1215 0.1215 0.1215 0.115 0.115 0.111 0.111
