ndvi/NOAA-246.asc
ncols         252
nrows         154
xllcorner     -18.017974
yllcorner     13.481982
cellsize      0.035948
NODATA_value  -9999
[rows 68 to 101 of 154, columns 154 to 230 of 252]
0.139 0.157 0.157 0.1565 0.1565 0.1565 0.156 0.156 0.1935 0.1935 0.1935 0.1935 0.1995 0.1995 0.1995 0.2235 0.2235 0.2335 0.2335 0.2215 0.2215 0.2215 0.2215 0.2215 0.2195 0.2195 0.1915 0.1915 0.1915 0.2125 0.2125 0.221 0.221 0.2245 0.2245 0.2245 0.2105 0.2105 0.21 0.21 0.2095 0.2095 0.2095 0.223 0.223 0.203 0.203 0.197 0.197 0.2135 0.2135 0.2135 0.21 0.21 0.23 0.23 0.218 0.218 0.218 0.2395 0.2395 0.2215 0.2215 0.222 0.222 0.222 0.201 0.201 0.212 0.212 0.232 0.232 0.232 0.22 0.22 0.2115 0.2115
0.177 0.177 0.177 0.175 0.175 0.175 0.187 0.187 0.1855 0.1855 0.185 0.185 0.212 0.212 0.212 0.2335 0.2335 0.23 0.23 0.214 0.214 0.214 0.2135 0.2135 0.2115 0.2115 0.222 0.222 0.222 0.223 0.223 0.223 0.223 0.204 0.204 0.204 0.21 0.21 0.2045 0.2045 0.2225 0.2225 0.2225 0.199 0.199 0.193 0.193 0.202 0.202 0.2065 0.2065 0.2065 0.1955 0.1955 0.239 0.239 0.2255 0.2255 0.2255 0.2315 0.2315 0.223 0.223 0.201 0.201 0.201 0.206 0.206 0.2175 0.2175 0.2235 0.2235 0.2235 0.209 0.209 0.2065 0.2065
0.177 0.177 0.177 0.175 0.175 0.175 0.187 0.187 0.1855 0.1855 0.185 0.185 0.212 0.212 0.212 0.2335 0.2335 0.23 0.23 0.214 0.214 0.214 0.2135 0.2135 0.2115 0.2115 0.222 0.222 0.222 0.223 0.223 0.223 0.223 0.204 0.204 0.204 0.21 0.21 0.2045 0.2045 0.2225 0.2225 0.2225 0.199 0.199 0.193 0.193 0.202 0.202 0.2065 0.2065 0.2065 0.1955 0.1955 0.239 0.239 0.2255 0.2255 0.2255 0.2315 0.2315 0.223 0.223 0.201 0.201 0.201 0.206 0.206 0.2175 0.2175 0.2235 0.2235 0.2235 0.209 0.209 0.2065 0.2065
0.1785 0.1885 0.1885 0.2125 0.2125 0.2125 0.205 0.205 0.1885 0.1885 0.1815 0.1815 0.202 0.202 0.202 0.2185 0.2185 0.2145 0.2145 0.199 0.199 0.199 0.1985 0.1985 0.2025 0.2025 0.216 0.216 0.216 0.224 0.224 0.23 0.23 0.2105 0.2105 0.2105 0.212 0.212 0.205 0.205 0.215 0.215 0.215 0.208 0.208 0.193 0.193 0.2215 0.2215 0.2295 0.2295 0.2295 0.232 0.232 0.2415 0.2415 0.233 0.233 0.233 0.2325 0.2325 0.2205 0.2205 0.224 0.224 0.224 0.2175 0.2175 0.199 0.199 0.2005 0.2005 0.2005 0.2185 0.2185 0.2285 0.2285
0.1785 0.1885 0.1885 0.2125 0.2125 0.2125 0.205 0.205 0.1885 0.1885 0.1815 0.1815 0.202 0.202 0.202 0.2185 0.2185 0.2145 0.2145 0.199 0.199 0.199 0.1985 0.1985 0.2025 0.2025 0.216 0.216 0.216 0.224 0.224 0.23 0.23 0.2105 0.2105 0.2105 0.212 0.212 0.205 0.205 0.215 0.215 0.215 0.208 0.208 0.193 0.193 0.2215 0.2215 0.2295 0.2295 0.2295 0.232 0.232 0.2415 0.2415 0.233 0.233 0.233 0.2325 0.2325 0.2205 0.2205 0.224 0.224 0.224 0.2175 0.2175 0.199 0.199 0.2005 0.2005 0.2005 0.2185 0.2185 0.2285 0.2285
0.1785 0.1885 0.1885 0.2125 0.2125 0.2125 0.205 0.205 0.1885 0.1885 0.1815 0.1815 0.202 0.202 0.202 0.2185 0.2185 0.2145 0.2145 0.199 0.199 0.199 0.1985 0.1985 0.2025 0.2025 0.216 0.216 0.216 0.224 0.224 0.23 0.23 0.2105 0.2105 0.2105 0.212 0.212 0.205 0.205 0.215 0.215 0.215 0.208 0.208 0.193 0.193 0.2215 0.2215 0.2295 0.2295 0.2295 0.232 0.232 0.2415 0.2415 0.233 0.233 0.233 0.2325 0.2325 0.2205 0.2205 0.224 0.224 0.224 0.2175 0.2175 0.199 0.199 0.2005 0.2005 0.2005 0.2185 0.2185 0.2285 0.2285
0.1685 0.1875 0.1875 0.185 0.185 0.185 0.1825 0.1825 0.1765 0.1765 0.1785 0.1785 0.1895 0.1895 0.1895 0.2045 0.2045 0.212 0.212 0.1935 0.1935 0.1935 0.1975 0.1975 0.2065 0.2065 0.2045 0.2045 0.2045 0.2075 0.2075 0.213 0.213 0.2265 0.2265 0.2265 0.238 0.238 0.2315 0.2315 0.24 0.24 0.24 0.2405 0.2405 0.241 0.241 0.247 0.247 0.237 0.237 0.237 0.243 0.243 0.2475 0.2475 0.234 0.234 0.234 0.241 0.241 0.2375 0.2375 0.2235 0.2235 0.2235 0.2285 0.2285 0.2115 0.2115 0.22 0.22 0.22 0.2185 0.2185 0.234 0.234
0.1685 0.1875 0.1875 0.185 0.185 0.185 0.1825 0.1825 0.1765 0.1765 0.1785 0.1785 0.1895 0.1895 0.1895 0.2045 0.2045 0.212 0.212 0.1935 0.1935 0.1935 0.1975 0.1975 0.2065 0.2065 0.2045 0.2045 0.2045 0.2075 0.2075 0.213 0.213 0.2265 0.2265 0.2265 0.238 0.238 0.2315 0.2315 0.24 0.24 0.24 0.2405 0.2405 0.241 0.241 0.247 0.247 0.237 0.237 0.237 0.243 0.243 0.2475 0.2475 0.234 0.234 0.234 0.241 0.241 0.2375 0.2375 0.2235 0.2235 0.2235 0.2285 0.2285 0.2115 0.2115 0.22 0.22 0.22 0.2185 0.2185 0.234 0.234
0.128 0.175 0.175 0.187 0.187 0.187 0.152 0.152 0.17 0.17 0.1585 0.1585 0.194 0.194 0.194 0.2115 0.2115 0.215 0.215 0.209 0.209 0.209 0.2065 0.2065 0.2065 0.2065 0.1975 0.1975 0.1975 0.2235 0.2235 0.2235 0.2235 0.237 0.237 0.237 0.2355 0.2355 0.2255 0.2255 0.24 0.24 0.24 0.2395 0.2395 0.2355 0.2355 0.2395 0.2395 0.247 0.247 0.247 0.2505 0.2505 0.24 0.24 0.2395 0.2395 0.2395 0.227 0.227 0.241 0.241 0.2495 0.2495 0.2495 0.226 0.226 0.2025 0.2025 0.1965 0.1965 0.1965 0.211 0.211 0.222 0.222
0.128 0.175 0.175 0.187 0.187 0.187 0.152 0.152 0.17 0.17 0.1585 0.1585 0.194 0.194 0.194 0.2115 0.2115 0.215 0.215 0.209 0.209 0.209 0.2065 0.2065 0.2065 0.2065 0.1975 0.1975 0.1975 0.2235 0.2235 0.2235 0.2235 0.237 0.237 0.237 0.2355 0.2355 0.2255 0.2255 0.24 0.24 0.24 0.2395 0.2395 0.2355 0.2355 0.2395 0.2395 0.247 0.247 0.247 0.2505 0.2505 0.24 0.24 0.2395 0.2395 0.2395 0.227 0.227 0.241 0.241 0.2495 0.2495 0.2495 0.226 0.226 0.2025 0.2025 0.1965 0.1965 0.1965 0.211 0.211 0.222 0.222
0.1215 0.131 0.131 0.1415 0.1415 0.1415 0.144 0.144 0.1485 0.1485 0.16 0.16 0.192 0.192 0.192 0.2025 0.2025 0.221 0.221 0.2055 0.2055 0.2055 0.1985 0.1985 0.211 0.211 0.2035 0.2035 0.2035 0.2175 0.2175 0.2135 0.2135 0.2255 0.2255 0.2255 0.229 0.229 0.2165 0.2165 0.224 0.224 0.224 0.23 0.23 0.232 0.232 0.208 0.208 0.2345 0.2345 0.2345 0.2365 0.2365 0.2235 0.2235 0.2335 0.2335 0.2335 0.2545 0.2545 0.247 0.247 0.2555 0.2555 0.2555 0.261 0.261 0.2425 0.2425 0.2295 0.2295 0.2295 0.2155 0.2155 0.2085 0.2085
0.1215 0.131 0.131 0.1415 0.1415 0.1415 0.144 0.144 0.1485 0.1485 0.16 0.16 0.192 0.192 0.192 0.2025 0.2025 0.221 0.221 0.2055 0.2055 0.2055 0.1985 0.1985 0.211 0.211 0.2035 0.2035 0.2035 0.2175 0.2175 0.2135 0.2135 0.2255 0.2255 0.2255 0.229 0.229 0.2165 0.2165 0.224 0.224 0.224 0.23 0.23 0.232 0.232 0.208 0.208 0.2345 0.2345 0.2345 0.2365 0.2365 0.2235 0.2235 0.2335 0.2335 0.2335 0.2545 0.2545 0.247 0.247 0.2555 0.2555 0.2555 0.261 0.261 0.2425 0.2425 0.2295 0.2295 0.2295 0.2155 0.2155 0.2085 0.2085
0.1175 0.1215 0.1215 0.1275 0.1275 0.1275 0.1395 0.1395 0.137 0.137 0.1595 0.1595 0.203 0.203 0.203 0.209 0.209 0.224 0.224 0.2265 0.2265 0.2265 0.2335 0.2335 0.225 0.225 0.2225 0.2225 0.2225 0.2125 0.2125 0.2065 0.2065 0.215 0.215 0.215 0.224 0.224 0.2105 0.2105 0.2245 0.2245 0.2245 0.238 0.238 0.2215 0.2215 0.212 0.212 0.219 0.219 0.219 0.225 0.225 0.2365 0.2365 0.2605 0.2605 0.2605 0.249 0.249 0.2515 0.2515 0.258 0.258 0.258 0.268 0.268 0.246 0.246 0.25 0.25 0.25 0.2465 0.2465 0.245 0.245
0.1175 0.1215 0.1215 0.1275 0.1275 0.1275 0.1395 0.1395 0.137 0.137 0.1595 0.1595 0.203 0.203 0.203 0.209 0.209 0.224 0.224 0.2265 0.2265 0.2265 0.2335 0.2335 0.225 0.225 0.2225 0.2225 0.2225 0.2125 0.2125 0.2065 0.2065 0.215 0.215 0.215 0.224 0.224 0.2105 0.2105 0.2245 0.2245 0.2245 0.238 0.238 0.2215 0.2215 0.212 0.212 0.219 0.219 0.219 0.225 0.225 0.2365 0.2365 0.2605 0.2605 0.2605 0.249 0.249 0.2515 0.2515 0.258 0.258 0.258 0.268 0.268 0.246 0.246 0.25 0.25 0.25 0.2465 0.2465 0.245 0.245
0.1175 0.1215 0.1215 0.1275 0.1275 0.1275 0.1395 0.1395 0.137 0.137 0.1595 0.1595 0.203 0.203 0.203 0.209 0.209 0.224 0.224 0.2265 0.2265 0.2265 0.2335 0.2335 0.225 0.225 0.2225 0.2225 0.2225 0.2125 0.2125 0.2065 0.2065 0.215 0.215 0.215 0.224 0.224 0.2105 0.2105 0.2245 0.2245 0.2245 0.238 0.238 0.2215 0.2215 0.212 0.212 0.219 0.219 0.219 0.225 0.225 0.2365 0.2365 0.2605 0.2605 0.2605 0.249 0.249 0.2515 0.2515 0.258 0.258 0.258 0.268 0.268 0.246 0.246 0.25 0.25 0.25 0.2465 0.2465 0.245 0.245
0.1325 0.143 0.143 0.139 0.139 0.139 0.1285 0.1285 0.1565 0.1565 0.1985 0.1985 0.2065 0.2065 0.2065 0.224 0.224 0.229 0.229 0.2365 0.2365 0.2365 0.2425 0.2425 0.244 0.244 0.215 0.215 0.215 0.213 0.213 0.1975 0.1975 0.2125 0.2125 0.2125 0.2155 0.2155 0.2205 0.2205 0.207 0.207 0.207 0.2195 0.2195 0.217 0.217 0.2205 0.2205 0.242 0.242 0.242 0.255 0.255 0.252 0.252 0.2625 0.2625 0.2625 0.26 0.26 0.254 0.254 0.2405 0.2405 0.2405 0.2485 0.2485 0.244 0.244 0.2475 0.2475 0.2475 0.2525 0.2525 0.262 0.262
0.1325 0.143 0.143 0.139 0.139 0.139 0.1285 0.1285 0.1565 0.1565 0.1985 0.1985 0.2065 0.2065 0.2065 0.224 0.224 0.229 0.229 0.2365 0.2365 0.2365 0.2425 0.2425 0.244 0.244 0.215 0.215 0.215 0.213 0.213 0.1975 0.1975 0.2125 0.2125 0.2125 0.2155 0.2155 0.2205 0.2205 0.207 0.207 0.207 0.2195 0.2195 0.217 0.217 0.2205 0.2205 0.242 0.242 0.242 0.255 0.255 0.252 0.252 0.2625 0.2625 0.2625 0.26 0.26 0.254 0.254 0.2405 0.2405 0.2405 0.2485 0.2485 0.244 0.244 0.2475 0.2475 0.2475 0.2525 0.2525 0.262 0.262
0.148 0.15 0.15 0.149 0.149 0.149 0.15 0.15 0.1915 0.1915 0.202 0.202 0.2125 0.2125 0.2125 0.2205 0.2205 0.24 0.24 0.247 0.247 0.247 0.2425 0.2425 0.234 0.234 0.212 0.212 0.212 0.2285 0.2285 0.23 0.23 0.2235 0.2235 0.2235 0.221 0.221 0.2195 0.2195 0.2155 0.2155 0.2155 0.2375 0.2375 0.232 0.232 0.239 0.239 0.241 0.241 0.241 0.2485 0.2485 0.251 0.251 0.255 0.255 0.255 0.2545 0.2545 0.239 0.239 0.2335 0.2335 0.2335 0.2355 0.2355 0.246 0.246 0.264 0.264 0.264 0.258 0.258 0.257 0.257
0.148 0.15 0.15 0.149 0.149 0.149 0.15 0.15 0.1915 0.1915 0.202 0.202 0.2125 0.2125 0.2125 0.2205 0.2205 0.24 0.24 0.247 0.247 0.247 0.2425 0.2425 0.234 0.234 0.212 0.212 0.212 0.2285 0.2285 0.23 0.23 0.2235 0.2235 0.2235 0.221 0.221 0.2195 0.2195 0.2155 0.2155 0.2155 0.2375 0.2375 0.232 0.232 0.239 0.239 0.241 0.241 0.241 0.2485 0.2485 0.251 0.251 0.255 0.255 0.255 0.2545 0.2545 0.239 0.239 0.2335 0.2335 0.2335 0.2355 0.2355 0.246 0.246 0.264 0.264 0.264 0.258 0.258 0.257 0.257
0.1665 0.166 0.166 0.18 0.18 0.18 0.1705 0.1705 0.1805 0.1805 0.206 0.206 0.2235 0.2235 0.2235 0.245 0.245 0.239 0.239 0.245 0.245 0.245 0.237 0.237 0.219 0.219 0.2195 0.2195 0.2195 0.2165 0.2165 0.212 0.212 0.2065 0.2065 0.2065 0.1875 0.1875 0.2065 0.2065 0.2215 0.2215 0.2215 0.2285 0.2285 0.2245 0.2245 0.221 0.221 0.2225 0.2225 0.2225 0.226 0.226 0.235 0.235 0.2405 0.2405 0.2405 0.239 0.239 0.218 0.218 0.225 0.225 0.225 0.245 0.245 0.2485 0.2485 0.2565 0.2565 0.2565 0.278 0.278 0.261 0.261
0.1665 0.166 0.166 0.18 0.18 0.18 0.1705 0.1705 0.1805 0.1805 0.206 0.206 0.2235 0.2235 0.2235 0.245 0.245 0.239 0.239 0.245 0.245 0.245 0.237 0.237 0.219 0.219 0.2195 0.2195 0.2195 0.2165 0.2165 0.212 0.212 0.2065 0.2065 0.2065 0.1875 0.1875 0.2065 0.2065 0.2215 0.2215 0.2215 0.2285 0.2285 0.2245 0.2245 0.221 0.221 0.2225 0.2225 0.2225 0.226 0.226 0.235 0.235 0.2405 0.2405 0.2405 0.239 0.239 0.218 0.218 0.225 0.225 0.225 0.245 0.245 0.2485 0.2485 0.2565 0.2565 0.2565 0.278 0.278 0.261 0.261
0.1665 0.166 0.166 0.18 0.18 0.18 0.1705 0.1705 0.1805 0.1805 0.206 0.206 0.2235 0.2235 0.2235 0.245 0.245 0.239 0.239 0.245 0.245 0.245 0.237 0.237 0.219 0.219 0.2195 0.2195 0.2195 0.2165 0.2165 0.212 0.212 0.2065 0.2065 0.2065 0.1875 0.1875 0.2065 0.2065 0.2215 0.2215 0.2215 0.2285 0.2285 0.2245 0.2245 0.221 0.221 0.2225 0.2225 0.2225 0.226 0.226 0.235 0.235 0.2405 0.2405 0.2405 0.239 0.239 0.218 0.218 0.225 0.225 0.225 0.245 0.245 0.2485 0.2485 0.2565 0.2565 0.2565 0.278 0.278 0.261 0.261
0.179 0.187 0.187 0.1815 0.1815 0.1815 0.177 0.177 0.1995 0.1995 0.224 0.224 0.2355 0.2355 0.2355 0.2505 0.2505 0.249 0.249 0.233 0.233 0.233 0.2235 0.2235 0.2 0.2 0.1915 0.1915 0.1915 0.216 0.216 0.2065 0.2065 0.207 0.207 0.207 0.2245 0.2245 0.2435 0.2435 0.239 0.239 0.239 0.2355 0.2355 0.232 0.232 0.2285 0.2285 0.2275 0.2275 0.2275 0.2335 0.2335 0.2405 0.2405 0.236 0.236 0.236 0.2255 0.2255 0.2235 0.2235 0.2265 0.2265 0.2265 0.2465 0.2465 0.2435 0.2435 0.257 0.257 0.257 0.256 0.256 0.2495 0.2495
0.179 0.187 0.187 0.1815 0.1815 0.1815 0.177 0.177 0.1995 0.1995 0.224 0.224 0.2355 0.2355 0.2355 0.2505 0.2505 0.249 0.249 0.233 0.233 0.233 0.2235 0.2235 0.2 0.2 0.1915 0.1915 0.1915 0.216 0.216 0.2065 0.2065 0.207 0.207 0.207 0.2245 0.2245 0.2435 0.2435 0.239 0.239 0.239 0.2355 0.2355 0.232 0.232 0.2285 0.2285 0.2275 0.2275 0.2275 0.2335 0.2335 0.2405 0.2405 0.236 0.236 0.236 0.2255 0.2255 0.2235 0.2235 0.2265 0.2265 0.2265 0.2465 0.2465 0.2435 0.2435 0.257 0.257 0.257 0.256 0.256 0.2495 0.2495
0.2 0.1895 0.1895 0.194 0.194 0.194 0.2065 0.2065 0.2055 0.2055 0.216 0.216 0.2305 0.2305 0.2305 0.242 0.242 0.248 0.248 0.242 0.242 0.242 0.223 0.223 0.181 0.181 0.191 0.191 0.191 0.221 0.221 0.2145 0.2145 0.229 0.229 0.229 0.255 0.255 0.242 0.242 0.221 0.221 0.221 0.2145 0.2145 0.237 0.237 0.2455 0.2455 0.2315 0.2315 0.2315 0.23 0.23 0.228 0.228 0.2345 0.2345 0.2345 0.218 0.218 0.226 0.226 0.2265 0.2265 0.2265 0.2365 0.2365 0.249 0.249 0.2435 0.2435 0.2435 0.243 0.243 0.2325 0.2325
0.2 0.1895 0.1895 0.194 0.194 0.194 0.2065 0.2065 0.2055 0.2055 0.216 0.216 0.2305 0.2305 0.2305 0.242 0.242 0.248 0.248 0.242 0.242 0.242 0.223 0.223 0.181 0.181 0.191 0.191 0.191 0.221 0.221 0.2145 0.2145 0.229 0.229 0.229 0.255 0.255 0.242 0.242 0.221 0.221 0.221 0.2145 0.2145 0.237 0.237 0.2455 0.2455 0.2315 0.2315 0.2315 0.23 0.23 0.228 0.228 0.2345 0.2345 0.2345 0.218 0.218 0.226 0.226 0.2265 0.2265 0.2265 0.2365 0.2365 0.249 0.249 0.2435 0.2435 0.2435 0.243 0.243 0.2325 0.2325
0.1915 0.1735 0.1735 0.1935 0.1935 0.1935 0.2055 0.2055 0.1865 0.1865 0.2255 0.2255 0.235 0.235 0.235 0.249 0.249 0.2345 0.2345 0.2115 0.2115 0.2115 0.183 0.183 0.1815 0.1815 0.2225 0.2225 0.2225 0.2165 0.2165 0.213 0.213 0.245 0.245 0.245 0.238 0.238 0.2075 0.2075 0.217 0.217 0.217 0.209 0.209 0.2385 0.2385 0.25 0.25 0.211 0.211 0.211 0.2165 0.2165 0.2175 0.2175 0.231 0.231 0.231 0.221 0.221 0.231 0.231 0.2315 0.2315 0.2315 0.2405 0.2405 0.238 0.238 0.238 0.238 0.238 0.2385 0.2385 0.259 0.259
0.1915 0.1735 0.1735 0.1935 0.1935 0.1935 0.2055 0.2055 0.1865 0.1865 0.2255 0.2255 0.235 0.235 0.235 0.249 0.249 0.2345 0.2345 0.2115 0.2115 0.2115 0.183 0.183 0.1815 0.1815 0.2225 0.2225 0.2225 0.2165 0.2165 0.213 0.213 0.245 0.245 0.245 0.238 0.238 0.2075 0.2075 0.217 0.217 0.217 0.209 0.209 0.2385 0.2385 0.25 0.25 0.211 0.211 0.211 0.2165 0.2165 0.2175 0.2175 0.231 0.231 0.231 0.221 0.221 0.231 0.231 0.2315 0.2315 0.2315 0.2405 0.2405 0.238 0.238 0.238 0.238 0.238 0.2385 0.2385 0.259 0.259
0.1915 0.1735 0.1735 0.1935 0.1935 0.1935 0.2055 0.2055 0.1865 0.1865 0.2255 0.2255 0.235 0.235 0.235 0.249 0.249 0.2345 0.2345 0.2115 0.2115 0.2115 0.183 0.183 0.1815 0.1815 0.2225 0.2225 0.2225 0.2165 0.2165 0.213 0.213 0.245 0.245 0.245 0.238 0.238 0.2075 0.2075 0.217 0.217 0.217 0.209 0.209 0.2385 0.2385 0.25 0.25 0.211 0.211 0.211 0.2165 0.2165 0.2175 0.2175 0.231 0.231 0.231 0.221 0.221 0.231 0.231 0.2315 0.2315 0.2315 0.2405 0.2405 0.238 0.238 0.238 0.238 0.238 0.2385 0.2385 0.259 0.259
0.2 0.214 0.214 0.197 0.197 0.197 0.191 0.191 0.192 0.192 0.2055 0.2055 0.2435 0.2435 0.2435 0.2175 0.2175 0.234 0.234 0.201 0.201 0.201 0.1925 0.1925 0.186 0.186 0.2005 0.2005 0.2005 0.214 0.214 0.2305 0.2305 0.228 0.228 0.228 0.2355 0.2355 0.2305 0.2305 0.2255 0.2255 0.2255 0.2185 0.2185 0.2165 0.2165 0.244 0.244 0.2175 0.2175 0.2175 0.215 0.215 0.1755 0.1755 0.218 0.218 0.218 0.221 0.221 0.226 0.226 0.2225 0.2225 0.2225 0.2235 0.2235 0.22 0.22 0.236 0.236 0.236 0.243 0.243 0.2495 0.2495
0.2 0.214 0.214 0.197 0.197 0.197 0.191 0.191 0.192 0.192 0.2055 0.2055 0.2435 0.2435 0.2435 0.2175 0.2175 0.234 0.234 0.201 0.201 0.201 0.1925 0.1925 0.186 0.186 0.2005 0.2005 0.2005 0.214 0.214 0.2305 0.2305 0.228 0.228 0.228 0.2355 0.2355 0.2305 0.2305 0.2255 0.2255 0.2255 0.2185 0.2185 0.2165 0.2165 0.244 0.244 0.2175 0.2175 0.2175 0.215 0.215 0.1755 0.1755 0.218 0.218 0.218 0.221 0.221 0.226 0.226 0.2225 0.2225 0.2225 0.2235 0.2235 0.22 0.22 0.236 0.236 0.236 0.243 0.243 0.2495 0.2495
0.23 0.228 0.228 0.2055 0.2055 0.2055 0.2 0.2 0.2115 0.2115 0.223 0.223 0.215 0.215 0.215 0.2345 0.2345 0.2425 0.2425 0.2285 0.2285 0.2285 0.2155 0.2155 0.198 0.198 0.2165 0.2165 0.2165 0.214 0.214 0.2265 0.2265 0.2275 0.2275 0.2275 0.2245 0.2245 0.232 0.232 0.2275 0.2275 0.2275 0.2335 0.2335 0.2245 0.2245 0.2125 0.2125 0.227 0.227 0.227 0.2115 0.2115 0.204 0.204 0.22 0.22 0.22 0.225 0.225 0.2165 0.2165 0.217 0.217 0.217 0.2205 0.2205 0.203 0.203 0.224 0.224 0.224 0.2405 0.2405 0.241 0.241
0.23 0.228 0.228 0.2055 0.2055 0.2055 0.2 0.2 0.2115 0.2115 0.223 0.223 0.215 0.215 0.215 0.2345 0.2345 0.2425 0.2425 0.2285 0.2285 0.2285 0.2155 0.2155 0.198 0.198 0.2165 0.2165 0.2165 0.214 0.214 0.2265 0.2265 0.2275 0.2275 0.2275 0.2245 0.2245 0.232 0.232 0.2275 0.2275 0.2275 0.2335 0.2335 0.2245 0.2245 0.2125 0.2125 0.227 0.227 0.227 0.2115 0.2115 0.204 0.204 0.22 0.22 0.22 0.225 0.225 0.2165 0.2165 0.217 0.217 0.217 0.2205 0.2205 0.203 0.203 0.224 0.224 0.224 0.2405 0.2405 0.241 0.241
0.259 0.2415 0.2415 0.231 0.231 0.231 0.1845 0.1845 0.209 0.209 0.214 0.214 0.236 0.236 0.236 0.237 0.237 0.236 0.236 0.229 0.229 0.229 0.238 0.238 0.248 0.248 0.231 0.231 0.231 0.222 0.222 0.2425 0.2425 0.2355 0.2355 0.2355 0.227 0.227 0.238 0.238 0.228 0.228 0.228 0.2295 0.2295 0.2295 0.2295 0.219 0.219 0.208 0.208 0.208 0.209 0.209 0.2025 0.2025 0.2285 0.2285 0.2285 0.226 0.226 0.229 0.229 0.2295 0.2295 0.2295 0.2265 0.2265 0.2075 0.2075 0.206 0.206 0.206 0.205 0.205 0.222 0.222
