ndvi/NOAA-337.asc
ncols         252
nrows         154
xllcorner     -18.017974
yllcorner     13.481982
cellsize      0.035948
NODATA_value  -9999
[rows 105 to 139 of 154, columns 77 to 153 of 252]
0.287 0.287 0.278 0.278 0.2945 0.2945 0.3165 0.3165 0.3165 0.305 0.305 0.301 0.301 0.2815 0.2815 0.2795 0.2795 0.2795 0.2825 0.2825 0.3035 0.3035 0.3115 0.3115 0.3115 0.322 0.322 0.323 0.323 0.31 0.31 0.31 0.327 0.327 0.3015 0.3015 0.309 0.309 0.309 0.3085 0.3085 0.3795 0.3795 0.3355 0.3355 0.3355 0.3865 0.3865 0.371 0.371 0.3645 0.3645 0.371 0.371 0.371 0.339 0.339 0.3065 0.3065 0.3145 0.3145 0.3145 0.315 0.315 0.3575 0.3575 0.336 0.336 0.336 0.316 0.316 0.339 0.339 0.3275 0.3275 0.3275 0.293
0.302 0.302 0.321 0.321 0.3035 0.3035 0.3125 0.3125 0.3125 0.328 0.328 0.3115 0.3115 0.2915 0.2915 0.2835 0.2835 0.2835 0.3055 0.3055 0.305 0.305 0.351 0.351 0.351 0.347 0.347 0.3615 0.3615 0.331 0.331 0.331 0.3225 0.3225 0.301 0.301 0.304 0.304 0.304 0.302 0.302 0.335 0.335 0.341 0.341 0.341 0.3485 0.3485 0.3765 0.3765 0.3835 0.3835 0.381 0.381 0.381 0.338 0.338 0.327 0.327 0.314 0.314 0.314 0.321 0.321 0.348 0.348 0.3745 0.3745 0.3745 0.3355 0.3355 0.3135 0.3135 0.2845 0.2845 0.2845 0.2895
0.302 0.302 0.321 0.321 0.3035 0.3035 0.3125 0.3125 0.3125 0.328 0.328 0.3115 0.3115 0.2915 0.2915 0.2835 0.2835 0.2835 0.3055 0.3055 0.305 0.305 0.351 0.351 0.351 0.347 0.347 0.3615 0.3615 0.331 0.331 0.331 0.3225 0.3225 0.301 0.301 0.304 0.304 0.304 0.302 0.302 0.335 0.335 0.341 0.341 0.341 0.3485 0.3485 0.3765 0.3765 0.3835 0.3835 0.381 0.381 0.381 0.338 0.338 0.327 0.327 0.314 0.314 0.314 0.321 0.321 0.348 0.348 0.3745 0.3745 0.3745 0.3355 0.3355 0.3135 0.3135 0.2845 0.2845 0.2845 0.2895
0.3245 0.3245 0.343 0.343 0.314 0.314 0.3165 0.3165 0.3165 0.3135 0.3135 0.296 0.296 0.3325 0.3325 0.326 0.326 0.326 0.327 0.327 0.3345 0.3345 0.3205 0.3205 0.3205 0.3655 0.3655 0.3645 0.3645 0.356 0.356 0.356 0.327 0.327 0.311 0.311 0.2745 0.2745 0.2745 0.3 0.3 0.3495 0.3495 0.3415 0.3415 0.3415 0.366 0.366 0.3825 0.3825 0.3735 0.3735 0.3645 0.3645 0.3645 0.333 0.333 0.3605 0.3605 0.36 0.36 0.36 0.352 0.352 0.3345 0.3345 0.345 0.345 0.345 0.3325 0.3325 0.349 0.349 0.313 0.313 0.313 0.3
0.3245 0.3245 0.343 0.343 0.314 0.314 0.3165 0.3165 0.3165 0.3135 0.3135 0.296 0.296 0.3325 0.3325 0.326 0.326 0.326 0.327 0.327 0.3345 0.3345 0.3205 0.3205 0.3205 0.3655 0.3655 0.3645 0.3645 0.356 0.356 0.356 0.327 0.327 0.311 0.311 0.2745 0.2745 0.2745 0.3 0.3 0.3495 0.3495 0.3415 0.3415 0.3415 0.366 0.366 0.3825 0.3825 0.3735 0.3735 0.3645 0.3645 0.3645 0.333 0.333 0.3605 0.3605 0.36 0.36 0.36 0.352 0.352 0.3345 0.3345 0.345 0.345 0.345 0.3325 0.3325 0.349 0.349 0.313 0.313 0.313 0.3
0.3175 0.3175 0.331 0.331 0.312 0.312 0.316 0.316 0.316 0.328 0.328 0.2775 0.2775 0.305 0.305 0.3205 0.3205 0.3205 0.323 0.323 0.326 0.326 0.3115 0.3115 0.3115 0.325 0.325 0.337 0.337 0.3145 0.3145 0.3145 0.326 0.326 0.3675 0.3675 0.3385 0.3385 0.3385 0.2625 0.2625 0.3 0.3 0.3495 0.3495 0.3495 0.364 0.364 0.353 0.353 0.366 0.366 0.374 0.374 0.374 0.4035 0.4035 0.403 0.403 0.3695 0.3695 0.3695 0.382 0.382 0.3545 0.3545 0.3595 0.3595 0.3595 0.3265 0.3265 0.329 0.329 0.3185 0.3185 0.3185 0.295
0.3175 0.3175 0.331 0.331 0.312 0.312 0.316 0.316 0.316 0.328 0.328 0.2775 0.2775 0.305 0.305 0.3205 0.3205 0.3205 0.323 0.323 0.326 0.326 0.3115 0.3115 0.3115 0.325 0.325 0.337 0.337 0.3145 0.3145 0.3145 0.326 0.326 0.3675 0.3675 0.3385 0.3385 0.3385 0.2625 0.2625 0.3 0.3 0.3495 0.3495 0.3495 0.364 0.364 0.353 0.353 0.366 0.366 0.374 0.374 0.374 0.4035 0.4035 0.403 0.403 0.3695 0.3695 0.3695 0.382 0.382 0.3545 0.3545 0.3595 0.3595 0.3595 0.3265 0.3265 0.329 0.329 0.3185 0.3185 0.3185 0.295
0.3175 0.3175 0.331 0.331 0.312 0.312 0.316 0.316 0.316 0.328 0.328 0.2775 0.2775 0.305 0.305 0.3205 0.3205 0.3205 0.323 0.323 0.326 0.326 0.3115 0.3115 0.3115 0.325 0.325 0.337 0.337 0.3145 0.3145 0.3145 0.326 0.326 0.3675 0.3675 0.3385 0.3385 0.3385 0.2625 0.2625 0.3 0.3 0.3495 0.3495 0.3495 0.364 0.364 0.353 0.353 0.366 0.366 0.374 0.374 0.374 0.4035 0.4035 0.403 0.403 0.3695 0.3695 0.3695 0.382 0.382 0.3545 0.3545 0.3595 0.3595 0.3595 0.3265 0.3265 0.329 0.329 0.3185 0.3185 0.3185 0.295
0.3085 0.3085 0.3295 0.3295 0.316 0.316 0.3195 0.3195 0.3195 0.3415 0.3415 0.3215 0.3215 0.3105 0.3105 0.32 0.32 0.32 0.307 0.307 0.323 0.323 0.3 0.3 0.3 0.3055 0.3055 0.3125 0.3125 0.3175 0.3175 0.3175 0.291 0.291 0.299 0.299 0.349 0.349 0.349 0.2735 0.2735 0.232 0.232 0.3485 0.3485 0.3485 0.313 0.313 0.357 0.357 0.3975 0.3975 0.373 0.373 0.373 0.404 0.404 0.395 0.395 0.392 0.392 0.392 0.362 0.362 0.356 0.356 0.3685 0.3685 0.3685 0.367 0.367 0.324 0.324 0.299 0.299 0.299 0.3155
0.3085 0.3085 0.3295 0.3295 0.316 0.316 0.3195 0.3195 0.3195 0.3415 0.3415 0.3215 0.3215 0.3105 0.3105 0.32 0.32 0.32 0.307 0.307 0.323 0.323 0.3 0.3 0.3 0.3055 0.3055 0.3125 0.3125 0.3175 0.3175 0.3175 0.291 0.291 0.299 0.299 0.349 0.349 0.349 0.2735 0.2735 0.232 0.232 0.3485 0.3485 0.3485 0.313 0.313 0.357 0.357 0.3975 0.3975 0.373 0.373 0.373 0.404 0.404 0.395 0.395 0.392 0.392 0.392 0.362 0.362 0.356 0.356 0.3685 0.3685 0.3685 0.367 0.367 0.324 0.324 0.299 0.299 0.299 0.3155
0.3385 0.3385 0.3245 0.3245 0.3005 0.3005 0.33 0.33 0.33 0.328 0.328 0.329 0.329 0.342 0.342 0.3075 0.3075 0.3075 0.3045 0.3045 0.302 0.302 0.3115 0.3115 0.3115 0.3215 0.3215 0.298 0.298 0.282 0.282 0.282 0.283 0.283 0.284 0.284 0.2535 0.2535 0.2535 0.286 0.286 0.345 0.345 0.3095 0.3095 0.3095 0.3225 0.3225 0.271 0.271 0.3145 0.3145 0.4075 0.4075 0.4075 0.406 0.406 0.4025 0.4025 0.398 0.398 0.398 0.351 0.351 0.3645 0.3645 0.387 0.387 0.387 0.3545 0.3545 0.3095 0.3095 0.306 0.306 0.306 0.289
0.3385 0.3385 0.3245 0.3245 0.3005 0.3005 0.33 0.33 0.33 0.328 0.328 0.329 0.329 0.342 0.342 0.3075 0.3075 0.3075 0.3045 0.3045 0.302 0.302 0.3115 0.3115 0.3115 0.3215 0.3215 0.298 0.298 0.282 0.282 0.282 0.283 0.283 0.284 0.284 0.2535 0.2535 0.2535 0.286 0.286 0.345 0.345 0.3095 0.3095 0.3095 0.3225 0.3225 0.271 0.271 0.3145 0.3145 0.4075 0.4075 0.4075 0.406 0.406 0.4025 0.4025 0.398 0.398 0.398 0.351 0.351 0.3645 0.3645 0.387 0.387 0.387 0.3545 0.3545 0.3095 0.3095 0.306 0.306 0.306 0.289
0.3135 0.3135 0.3185 0.3185 0.3155 0.3155 0.3255 0.3255 0.3255 0.3155 0.3155 0.2835 0.2835 0.283 0.283 0.2745 0.2745 0.2745 0.3015 0.3015 0.292 0.292 0.326 0.326 0.326 0.3485 0.3485 0.327 0.327 0.3165 0.3165 0.3165 0.339 0.339 0.3495 0.3495 0.3045 0.3045 0.3045 0.279 0.279 0.3435 0.3435 0.348 0.348 0.348 0.306 0.306 0.3775 0.3775 0.352 0.352 0.4135 0.4135 0.4135 0.4195 0.4195 0.3975 0.3975 0.385 0.385 0.385 0.41 0.41 0.389 0.389 0.338 0.338 0.338 0.3675 0.3675 0.3455 0.3455 0.327 0.327 0.327 0.3025
0.3135 0.3135 0.3185 0.3185 0.3155 0.3155 0.3255 0.3255 0.3255 0.3155 0.3155 0.2835 0.2835 0.283 0.283 0.2745 0.2745 0.2745 0.3015 0.3015 0.292 0.292 0.326 0.326 0.326 0.3485 0.3485 0.327 0.327 0.3165 0.3165 0.3165 0.339 0.339 0.3495 0.3495 0.3045 0.3045 0.3045 0.279 0.279 0.3435 0.3435 0.348 0.348 0.348 0.306 0.306 0.3775 0.3775 0.352 0.352 0.4135 0.4135 0.4135 0.4195 0.4195 0.3975 0.3975 0.385 0.385 0.385 0.41 0.41 0.389 0.389 0.338 0.338 0.338 0.3675 0.3675 0.3455 0.3455 0.327 0.327 0.327 0.3025
0.3135 0.3135 0.3185 0.3185 0.3155 0.3155 0.3255 0.3255 0.3255 0.3155 0.3155 0.2835 0.2835 0.283 0.283 0.2745 0.2745 0.2745 0.3015 0.3015 0.292 0.292 0.326 0.326 0.326 0.3485 0.3485 0.327 0.327 0.3165 0.3165 0.3165 0.339 0.339 0.3495 0.3495 0.3045 0.3045 0.3045 0.279 0.279 0.3435 0.3435 0.348 0.348 0.348 0.306 0.306 0.3775 0.3775 0.352 0.352 0.4135 0.4135 0.4135 0.4195 0.4195 0.3975 0.3975 0.385 0.385 0.385 0.41 0.41 0.389 0.389 0.338 0.338 0.338 0.3675 0.3675 0.3455 0.3455 0.327 0.327 0.327 0.3025
0.306 0.306 0.304 0.304 0.29 0.29 0.306 0.306 0.306 0.3095 0.3095 0.321 0.321 0.32 0.32 0.298 0.298 0.298 0.339 0.339 0.3495 0.3495 0.335 0.335 0.335 0.3375 0.3375 0.34 0.34 0.3295 0.3295 0.3295 0.35 0.35 0.3445 0.3445 0.334 0.334 0.334 0.3585 0.3585 0.358 0.358 0.361 0.361 0.361 0.3655 0.3655 0.4005 0.4005 0.39 0.39 0.418 0.418 0.418 0.3865 0.3865 0.387 0.387 0.388 0.388 0.388 0.383 0.383 0.3475 0.3475 0.3565 0.3565 0.3565 0.346 0.346 0.3615 0.3615 0.3685 0.3685 0.3685 0.338
0.306 0.306 0.304 0.304 0.29 0.29 0.306 0.306 0.306 0.3095 0.3095 0.321 0.321 0.32 0.32 0.298 0.298 0.298 0.339 0.339 0.3495 0.3495 0.335 0.335 0.335 0.3375 0.3375 0.34 0.34 0.3295 0.3295 0.3295 0.35 0.35 0.3445 0.3445 0.334 0.334 0.334 0.3585 0.3585 0.358 0.358 0.361 0.361 0.361 0.3655 0.3655 0.4005 0.4005 0.39 0.39 0.418 0.418 0.418 0.3865 0.3865 0.387 0.387 0.388 0.388 0.388 0.383 0.383 0.3475 0.3475 0.3565 0.3565 0.3565 0.346 0.346 0.3615 0.3615 0.3685 0.3685 0.3685 0.338
0.291 0.291 0.272 0.272 0.3055 0.3055 0.283 0.283 0.283 0.2875 0.2875 0.302 0.302 0.307 0.307 0.324 0.324 0.324 0.301 0.301 0.3265 0.3265 0.3345 0.3345 0.3345 0.339 0.339 0.349 0.349 0.347 0.347 0.347 0.3145 0.3145 0.345 0.345 0.3525 0.3525 0.3525 0.3925 0.3925 0.3615 0.3615 0.39 0.39 0.39 0.423 0.423 0.405 0.405 0.402 0.402 0.4015 0.4015 0.4015 0.3935 0.3935 0.3865 0.3865 0.405 0.405 0.405 0.414 0.414 0.3735 0.3735 0.3645 0.3645 0.3645 0.354 0.354 0.3795 0.3795 0.356 0.356 0.356 0.339
0.291 0.291 0.272 0.272 0.3055 0.3055 0.283 0.283 0.283 0.2875 0.2875 0.302 0.302 0.307 0.307 0.324 0.324 0.324 0.301 0.301 0.3265 0.3265 0.3345 0.3345 0.3345 0.339 0.339 0.349 0.349 0.347 0.347 0.347 0.3145 0.3145 0.345 0.345 0.3525 0.3525 0.3525 0.3925 0.3925 0.3615 0.3615 0.39 0.39 0.39 0.423 0.423 0.405 0.405 0.402 0.402 0.4015 0.4015 0.4015 0.3935 0.3935 0.3865 0.3865 0.405 0.405 0.405 0.414 0.414 0.3735 0.3735 0.3645 0.3645 0.3645 0.354 0.354 0.3795 0.3795 0.356 0.356 0.356 0.339
0.3005 0.3005 0.293 0.293 0.267 0.267 0.272 0.272 0.272 0.275 0.275 0.289 0.289 0.317 0.317 0.308 0.308 0.308 0.317 0.317 0.316 0.316 0.336 0.336 0.336 0.313 0.313 0.34 0.34 0.3345 0.3345 0.3345 0.353 0.353 0.3665 0.3665 0.383 0.383 0.383 0.381 0.381 0.3685 0.3685 0.3725 0.3725 0.3725 0.403 0.403 0.4125 0.4125 0.393 0.393 0.412 0.412 0.412 0.362 0.362 0.368 0.368 0.372 0.372 0.372 0.39 0.39 0.388 0.388 0.3755 0.3755 0.3755 0.3645 0.3645 0.341 0.341 0.341 0.341 0.341 0.347
0.3005 0.3005 0.293 0.293 0.267 0.267 0.272 0.272 0.272 0.275 0.275 0.289 0.289 0.317 0.317 0.308 0.308 0.308 0.317 0.317 0.316 0.316 0.336 0.336 0.336 0.313 0.313 0.34 0.34 0.3345 0.3345 0.3345 0.353 0.353 0.3665 0.3665 0.383 0.383 0.383 0.381 0.381 0.3685 0.3685 0.3725 0.3725 0.3725 0.403 0.403 0.4125 0.4125 0.393 0.393 0.412 0.412 0.412 0.362 0.362 0.368 0.368 0.372 0.372 0.372 0.39 0.39 0.388 0.388 0.3755 0.3755 0.3755 0.3645 0.3645 0.341 0.341 0.341 0.341 0.341 0.347
0.3155 0.3155 0.287 0.287 0.2975 0.2975 0.2895 0.2895 0.2895 0.2935 0.2935 0.3135 0.3135 0.292 0.292 0.311 0.311 0.311 0.3055 0.3055 0.3305 0.3305 0.3525 0.3525 0.3525 0.333 0.333 0.3325 0.3325 0.3255 0.3255 0.3255 0.3675 0.3675 0.37 0.37 0.344 0.344 0.344 0.3335 0.3335 0.3665 0.3665 0.377 0.377 0.377 0.4 0.4 0.3885 0.3885 0.397 0.397 0.388 0.388 0.388 0.3575 0.3575 0.386 0.386 0.382 0.382 0.382 0.3865 0.3865 0.3815 0.3815 0.362 0.362 0.362 0.3805 0.3805 0.3535 0.3535 0.337 0.337 0.337 0.319
0.3155 0.3155 0.287 0.287 0.2975 0.2975 0.2895 0.2895 0.2895 0.2935 0.2935 0.3135 0.3135 0.292 0.292 0.311 0.311 0.311 0.3055 0.3055 0.3305 0.3305 0.3525 0.3525 0.3525 0.333 0.333 0.3325 0.3325 0.3255 0.3255 0.3255 0.3675 0.3675 0.37 0.37 0.344 0.344 0.344 0.3335 0.3335 0.3665 0.3665 0.377 0.377 0.377 0.4 0.4 0.3885 0.3885 0.397 0.397 0.388 0.388 0.388 0.3575 0.3575 0.386 0.386 0.382 0.382 0.382 0.3865 0.3865 0.3815 0.3815 0.362 0.362 0.362 0.3805 0.3805 0.3535 0.3535 0.337 0.337 0.337 0.319
0.3155 0.3155 0.287 0.287 0.2975 0.2975 0.2895 0.2895 0.2895 0.2935 0.2935 0.3135 0.3135 0.292 0.292 0.311 0.311 0.311 0.3055 0.3055 0.3305 0.3305 0.3525 0.3525 0.3525 0.333 0.333 0.3325 0.3325 0.3255 0.3255 0.3255 0.3675 0.3675 0.37 0.37 0.344 0.344 0.344 0.3335 0.3335 0.3665 0.3665 0.377 0.377 0.377 0.4 0.4 0.3885 0.3885 0.397 0.397 0.388 0.388 0.388 0.3575 0.3575 0.386 0.386 0.382 0.382 0.382 0.3865 0.3865 0.3815 0.3815 0.362 0.362 0.362 0.3805 0.3805 0.3535 0.3535 0.337 0.337 0.337 0.319
0.3135 0.3135 0.3175 0.3175 0.296 0.296 0.3185 0.3185 0.3185 0.316 0.316 0.3045 0.3045 0.312 0.312 0.304 0.304 0.304 0.3035 0.3035 0.2895 0.2895 0.304 0.304 0.304 0.3045 0.3045 0.303 0.303 0.339 0.339 0.339 0.3395 0.3395 0.348 0.348 0.3755 0.3755 0.3755 0.352 0.352 0.3675 0.3675 0.363 0.363 0.363 0.3755 0.3755 0.38 0.38 0.4005 0.4005 0.395 0.395 0.395 0.353 0.353 0.356 0.356 0.4015 0.4015 0.4015 0.3925 0.3925 0.3645 0.3645 0.3875 0.3875 0.3875 0.378 0.378 0.365 0.365 0.335 0.335 0.335 0.3205
0.3135 0.3135 0.3175 0.3175 0.296 0.296 0.3185 0.3185 0.3185 0.316 0.316 0.3045 0.3045 0.312 0.312 0.304 0.304 0.304 0.3035 0.3035 0.2895 0.2895 0.304 0.304 0.304 0.3045 0.3045 0.303 0.303 0.339 0.339 0.339 0.3395 0.3395 0.348 0.348 0.3755 0.3755 0.3755 0.352 0.352 0.3675 0.3675 0.363 0.363 0.363 0.3755 0.3755 0.38 0.38 0.4005 0.4005 0.395 0.395 0.395 0.353 0.353 0.356 0.356 0.4015 0.4015 0.4015 0.3925 0.3925 0.3645 0.3645 0.3875 0.3875 0.3875 0.378 0.378 0.365 0.365 0.335 0.335 0.335 0.3205
0.3295 0.3295 0.332 0.332 0.311 0.311 0.3175 0.3175 0.3175 0.3335 0.3335 0.3065 0.3065 0.315 0.315 0.3265 0.3265 0.3265 0.305 0.305 0.3085 0.3085 0.3085 0.3085 0.3085 0.3467 0.3467 0.334 0.334 0.3385 0.3385 0.3385 0.3325 0.3325 0.347 0.347 0.341 0.341 0.341 0.3615 0.3615 0.3645 0.3645 0.354 0.354 0.354 0.3615 0.3615 0.3695 0.3695 0.384 0.384 0.3725 0.3725 0.3725 0.355 0.355 0.361 0.361 0.3635 0.3635 0.3635 0.374 0.374 0.3775 0.3775 0.366 0.366 0.366 0.386 0.386 0.362 0.362 0.3585 0.3585 0.3585 0.3715
0.3295 0.3295 0.332 0.332 0.311 0.311 0.3175 0.3175 0.3175 0.3335 0.3335 0.3065 0.3065 0.315 0.315 0.3265 0.3265 0.3265 0.305 0.305 0.3085 0.3085 0.3085 0.3085 0.3085 0.3467 0.3467 0.334 0.334 0.3385 0.3385 0.3385 0.3325 0.3325 0.347 0.347 0.341 0.341 0.341 0.3615 0.3615 0.3645 0.3645 0.354 0.354 0.354 0.3615 0.3615 0.3695 0.3695 0.384 0.384 0.3725 0.3725 0.3725 0.355 0.355 0.361 0.361 0.3635 0.3635 0.3635 0.374 0.374 0.3775 0.3775 0.366 0.366 0.366 0.386 0.386 0.362 0.362 0.3585 0.3585 0.3585 0.3715
0.308 0.308 0.308 0.308 0.321 0.321 0.309 0.309 0.309 0.3165 0.3165 0.3075 0.3075 0.295 0.295 0.3125 0.3125 0.3125 0.3115 0.3115 0.326 0.326 0.336 0.336 0.336 0.34 0.34 0.339 0.339 0.3265 0.3265 0.3265 0.3535 0.3535 0.353 0.353 0.3605 0.3605 0.3605 0.3745 0.3745 0.3645 0.3645 0.366 0.366 0.366 0.3655 0.3655 0.3905 0.3905 0.406 0.406 0.4 0.4 0.4 0.3835 0.3835 0.387 0.387 0.394 0.394 0.394 0.395 0.395 0.4145 0.4145 0.4155 0.4155 0.4155 0.4235 0.4235 0.4195 0.4195 0.3805 0.3805 0.3805 0.394
0.308 0.308 0.308 0.308 0.321 0.321 0.309 0.309 0.309 0.3165 0.3165 0.3075 0.3075 0.295 0.295 0.3125 0.3125 0.3125 0.3115 0.3115 0.326 0.326 0.336 0.336 0.336 0.34 0.34 0.339 0.339 0.3265 0.3265 0.3265 0.3535 0.3535 0.353 0.353 0.3605 0.3605 0.3605 0.3745 0.3745 0.3645 0.3645 0.366 0.366 0.366 0.3655 0.3655 0.3905 0.3905 0.406 0.406 0.4 0.4 0.4 0.3835 0.3835 0.387 0.387 0.394 0.394 0.394 0.395 0.395 0.4145 0.4145 0.4155 0.4155 0.4155 0.4235 0.4235 0.4195 0.4195 0.3805 0.3805 0.3805 0.394
0.308 0.308 0.308 0.308 0.321 0.321 0.309 0.309 0.309 0.3165 0.3165 0.3075 0.3075 0.295 0.295 0.3125 0.3125 0.3125 0.3115 0.3115 0.326 0.326 0.336 0.336 0.336 0.34 0.34 0.339 0.339 0.3265 0.3265 0.3265 0.3535 0.3535 0.353 0.353 0.3605 0.3605 0.3605 0.3745 0.3745 0.3645 0.3645 0.366 0.366 0.366 0.3655 0.3655 0.3905 0.3905 0.406 0.406 0.4 0.4 0.4 0.3835 0.3835 0.387 0.387 0.394 0.394 0.394 0.395 0.395 0.4145 0.4145 0.4155 0.4155 0.4155 0.4235 0.4235 0.4195 0.4195 0.3805 0.3805 0.3805 0.394
0.298 0.298 0.2855 0.2855 0.3545 0.3545 0.3485 0.3485 0.3485 0.324 0.324 0.303 0.303 0.2985 0.2985 0.322 0.322 0.322 0.3555 0.3555 0.364 0.364 0.364 0.364 0.364 0.367 0.367 0.3655 0.3655 0.3745 0.3745 0.3745 0.354 0.354 0.395 0.395 0.3865 0.3865 0.3865 0.399 0.399 0.4005 0.4005 0.375 0.375 0.375 0.3645 0.3645 0.37 0.37 0.374 0.374 0.3825 0.3825 0.3825 0.4055 0.4055 0.3885 0.3885 0.4115 0.4115 0.4115 0.421 0.421 0.435 0.435 0.409 0.409 0.409 0.406 0.406 0.423 0.423 0.415 0.415 0.415 0.391
0.298 0.298 0.2855 0.2855 0.3545 0.3545 0.3485 0.3485 0.3485 0.324 0.324 0.303 0.303 0.2985 0.2985 0.322 0.322 0.322 0.3555 0.3555 0.364 0.364 0.364 0.364 0.364 0.367 0.367 0.3655 0.3655 0.3745 0.3745 0.3745 0.354 0.354 0.395 0.395 0.3865 0.3865 0.3865 0.399 0.399 0.4005 0.4005 0.375 0.375 0.375 0.3645 0.3645 0.37 0.37 0.374 0.374 0.3825 0.3825 0.3825 0.4055 0.4055 0.3885 0.3885 0.4115 0.4115 0.4115 0.421 0.421 0.435 0.435 0.409 0.409 0.409 0.406 0.406 0.423 0.423 0.415 0.415 0.415 0.391
0.302 0.302 0.329 0.329 0.3525 0.3525 0.356 0.356 0.356 0.34 0.34 0.2965 0.2965 0.3155 0.3155 0.3345 0.3345 0.3345 0.3565 0.3565 0.35 0.35 0.349 0.349 0.349 0.3715 0.3715 0.3505 0.3505 0.3625 0.3625 0.3625 0.3775 0.3775 0.378 0.378 0.361 0.361 0.361 0.406 0.406 0.388 0.388 0.3775 0.3775 0.3775 0.383 0.383 0.362 0.362 0.3785 0.3785 0.3885 0.3885 0.3885 0.3885 0.3885 0.406 0.406 0.4445 0.4445 0.4445 0.443 0.443 0.4435 0.4435 0.442 0.442 0.442 0.3965 0.3965 0.4165 0.4165 0.3835 0.3835 0.3835 0.394
0.302 0.302 0.329 0.329 0.3525 0.3525 0.356 0.356 0.356 0.34 0.34 0.2965 0.2965 0.3155 0.3155 0.3345 0.3345 0.3345 0.3565 0.3565 0.35 0.35 0.349 0.349 0.349 0.3715 0.3715 0.3505 0.3505 0.3625 0.3625 0.3625 0.3775 0.3775 0.378 0.378 0.361 0.361 0.361 0.406 0.406 0.388 0.388 0.3775 0.3775 0.3775 0.383 0.383 0.362 0.362 0.3785 0.3785 0.3885 0.3885 0.3885 0.3885 0.3885 0.406 0.406 0.4445 0.4445 0.4445 0.443 0.443 0.4435 0.4435 0.442 0.442 0.442 0.3965 0.3965 0.4165 0.4165 0.3835 0.3835 0.3835 0.394
