ndvi/NOAA-180.asc
ncols         252
nrows         154
xllcorner     -18.017974
yllcorner     13.481982
cellsize      0.035948
NODATA_value  -9999
[rows 102 to 135 of 154, columns 154 to 230 of 252]
0.2465 0.2345 0.2345 0.2475 0.2475 0.2475 0.235 0.235 0.2585 0.2585 0.2655 0.2655 0.2685 0.2685 0.2685 0.255 0.255 0.2655 0.2655 0.258 0.258 0.258 0.253 0.253 0.2495 0.2495 0.2665 0.2665 0.2665 0.263 0.263 0.2685 0.2685 0.273 0.273 0.273 0.2885 0.2885 0.2835 0.2835 0.2735 0.2735 0.2735 0.288 0.288 0.2675 0.2675 0.268 0.268 0.283 0.283 0.283 0.2515 0.2515 0.2405 0.2405 0.2435 0.2435 0.2435 0.259 0.259 0.2665 0.2665 0.2575 0.2575 0.2575 0.2555 0.2555 0.26 0.26 0.264 0.264 0.264 0.2645 0.2645 0.256 0.256
0.238 0.2445 0.2445 0.273 0.273 0.273 0.23 0.23 0.268 0.268 0.286 0.286 0.257 0.257 0.257 0.2565 0.2565 0.2675 0.2675 0.262 0.262 0.262 0.26 0.26 0.263 0.263 0.2565 0.2565 0.2565 0.293 0.293 0.2765 0.2765 0.288 0.288 0.288 0.265 0.265 0.279 0.279 0.275 0.275 0.275 0.3005 0.3005 0.286 0.286 0.3105 0.3105 0.3015 0.3015 0.3015 0.2875 0.2875 0.2525 0.2525 0.241 0.241 0.241 0.237 0.237 0.256 0.256 0.265 0.265 0.265 0.2725 0.2725 0.2685 0.2685 0.2795 0.2795 0.2795 0.248 0.248 0.25 0.25
0.238 0.2445 0.2445 0.273 0.273 0.273 0.23 0.23 0.268 0.268 0.286 0.286 0.257 0.257 0.257 0.2565 0.2565 0.2675 0.2675 0.262 0.262 0.262 0.26 0.26 0.263 0.263 0.2565 0.2565 0.2565 0.293 0.293 0.2765 0.2765 0.288 0.288 0.288 0.265 0.265 0.279 0.279 0.275 0.275 0.275 0.3005 0.3005 0.286 0.286 0.3105 0.3105 0.3015 0.3015 0.3015 0.2875 0.2875 0.2525 0.2525 0.241 0.241 0.241 0.237 0.237 0.256 0.256 0.265 0.265 0.265 0.2725 0.2725 0.2685 0.2685 0.2795 0.2795 0.2795 0.248 0.248 0.25 0.25
0.238 0.2445 0.2445 0.273 0.273 0.273 0.23 0.23 0.268 0.268 0.286 0.286 0.257 0.257 0.257 0.2565 0.2565 0.2675 0.2675 0.262 0.262 0.262 0.26 0.26 0.263 0.263 0.2565 0.2565 0.2565 0.293 0.293 0.2765 0.2765 0.288 0.288 0.288 0.265 0.265 0.279 0.279 0.275 0.275 0.275 0.3005 0.3005 0.286 0.286 0.3105 0.3105 0.3015 0.3015 0.3015 0.2875 0.2875 0.2525 0.2525 0.241 0.241 0.241 0.237 0.237 0.256 0.256 0.265 0.265 0.265 0.2725 0.2725 0.2685 0.2685 0.2795 0.2795 0.2795 0.248 0.248 0.25 0.25
0.2535 0.2625 0.2625 0.2535 0.2535 0.2535 0.258 0.258 0.2365 0.2365 0.269 0.269 0.262 0.262 0.262 0.272 0.272 0.285 0.285 0.2425 0.2425 0.2425 0.2465 0.2465 0.2515 0.2515 0.281 0.281 0.281 0.2695 0.2695 0.2835 0.2835 0.28 0.28 0.28 0.288 0.288 0.297 0.297 0.301 0.301 0.301 0.311 0.311 0.321 0.321 0.3375 0.3375 0.3325 0.3325 0.3325 0.319 0.319 0.3025 0.3025 0.2965 0.2965 0.2965 0.259 0.259 0.272 0.272 0.241 0.241 0.241 0.2595 0.2595 0.259 0.259 0.2425 0.2425 0.2425 0.3115 0.3115 0.292 0.292
0.2535 0.2625 0.2625 0.2535 0.2535 0.2535 0.258 0.258 0.2365 0.2365 0.269 0.269 0.262 0.262 0.262 0.272 0.272 0.285 0.285 0.2425 0.2425 0.2425 0.2465 0.2465 0.2515 0.2515 0.281 0.281 0.281 0.2695 0.2695 0.2835 0.2835 0.28 0.28 0.28 0.288 0.288 0.297 0.297 0.301 0.301 0.301 0.311 0.311 0.321 0.321 0.3375 0.3375 0.3325 0.3325 0.3325 0.319 0.319 0.3025 0.3025 0.2965 0.2965 0.2965 0.259 0.259 0.272 0.272 0.241 0.241 0.241 0.2595 0.2595 0.259 0.259 0.2425 0.2425 0.2425 0.3115 0.3115 0.292 0.292
0.2655 0.265 0.265 0.2625 0.2625 0.2625 0.2545 0.2545 0.2605 0.2605 0.271 0.271 0.258 0.258 0.258 0.267 0.267 0.2755 0.2755 0.2895 0.2895 0.2895 0.256 0.256 0.254 0.254 0.2655 0.2655 0.2655 0.297 0.297 0.2805 0.2805 0.2915 0.2915 0.2915 0.302 0.302 0.2965 0.2965 0.316 0.316 0.316 0.3405 0.3405 0.2865 0.2865 0.2955 0.2955 0.2995 0.2995 0.2995 0.318 0.318 0.305 0.305 0.275 0.275 0.275 0.2825 0.2825 0.28 0.28 0.2885 0.2885 0.2885 0.2885 0.2885 0.271 0.271 0.28 0.28 0.28 0.297 0.297 0.3005 0.3005
0.2655 0.265 0.265 0.2625 0.2625 0.2625 0.2545 0.2545 0.2605 0.2605 0.271 0.271 0.258 0.258 0.258 0.267 0.267 0.2755 0.2755 0.2895 0.2895 0.2895 0.256 0.256 0.254 0.254 0.2655 0.2655 0.2655 0.297 0.297 0.2805 0.2805 0.2915 0.2915 0.2915 0.302 0.302 0.2965 0.2965 0.316 0.316 0.316 0.3405 0.3405 0.2865 0.2865 0.2955 0.2955 0.2995 0.2995 0.2995 0.318 0.318 0.305 0.305 0.275 0.275 0.275 0.2825 0.2825 0.28 0.28 0.2885 0.2885 0.2885 0.2885 0.2885 0.271 0.271 0.28 0.28 0.28 0.297 0.297 0.3005 0.3005
0.264 0.271 0.271 0.288 0.288 0.288 0.271 0.271 0.258 0.258 0.264 0.264 0.257 0.257 0.257 0.261 0.261 0.2515 0.2515 0.251 0.251 0.251 0.269 0.269 0.2815 0.2815 0.266 0.266 0.266 0.2645 0.2645 0.292 0.292 0.306 0.306 0.306 0.3225 0.3225 0.3105 0.3105 0.3005 0.3005 0.3005 0.3065 0.3065 0.28 0.28 0.2675 0.2675 0.268 0.268 0.268 0.2925 0.2925 0.3325 0.3325 0.36 0.36 0.36 0.278 0.278 0.2765 0.2765 0.284 0.284 0.284 0.281 0.281 0.2835 0.2835 0.2955 0.2955 0.2955 0.299 0.299 0.3075 0.3075
0.264 0.271 0.271 0.288 0.288 0.288 0.271 0.271 0.258 0.258 0.264 0.264 0.257 0.257 0.257 0.261 0.261 0.2515 0.2515 0.251 0.251 0.251 0.269 0.269 0.2815 0.2815 0.266 0.266 0.266 0.2645 0.2645 0.292 0.292 0.306 0.306 0.306 0.3225 0.3225 0.3105 0.3105 0.3005 0.3005 0.3005 0.3065 0.3065 0.28 0.28 0.2675 0.2675 0.268 0.268 0.268 0.2925 0.2925 0.3325 0.3325 0.36 0.36 0.36 0.278 0.278 0.2765 0.2765 0.284 0.284 0.284 0.281 0.281 0.2835 0.2835 0.2955 0.2955 0.2955 0.299 0.299 0.3075 0.3075
0.264 0.271 0.271 0.288 0.288 0.288 0.271 0.271 0.258 0.258 0.264 0.264 0.257 0.257 0.257 0.261 0.261 0.2515 0.2515 0.251 0.251 0.251 0.269 0.269 0.2815 0.2815 0.266 0.266 0.266 0.2645 0.2645 0.292 0.292 0.306 0.306 0.306 0.3225 0.3225 0.3105 0.3105 0.3005 0.3005 0.3005 0.3065 0.3065 0.28 0.28 0.2675 0.2675 0.268 0.268 0.268 0.2925 0.2925 0.3325 0.3325 0.36 0.36 0.36 0.278 0.278 0.2765 0.2765 0.284 0.284 0.284 0.281 0.281 0.2835 0.2835 0.2955 0.2955 0.2955 0.299 0.299 0.3075 0.3075
0.262 0.2735 0.2735 0.2755 0.2755 0.2755 0.28 0.28 0.273 0.273 0.2635 0.2635 0.265 0.265 0.265 0.2805 0.2805 0.278 0.278 0.26 0.26 0.26 0.268 0.268 0.2615 0.2615 0.2885 0.2885 0.2885 0.2705 0.2705 0.2695 0.2695 0.305 0.305 0.305 0.308 0.308 0.2745 0.2745 0.2805 0.2805 0.2805 0.299 0.299 0.2905 0.2905 0.292 0.292 0.292 0.292 0.292 0.3015 0.3015 0.2875 0.2875 0.29 0.29 0.29 0.2845 0.2845 0.292 0.292 0.2785 0.2785 0.2785 0.281 0.281 0.2845 0.2845 0.311 0.311 0.311 0.2995 0.2995 0.311 0.311
0.262 0.2735 0.2735 0.2755 0.2755 0.2755 0.28 0.28 0.273 0.273 0.2635 0.2635 0.265 0.265 0.265 0.2805 0.2805 0.278 0.278 0.26 0.26 0.26 0.268 0.268 0.2615 0.2615 0.2885 0.2885 0.2885 0.2705 0.2705 0.2695 0.2695 0.305 0.305 0.305 0.308 0.308 0.2745 0.2745 0.2805 0.2805 0.2805 0.299 0.299 0.2905 0.2905 0.292 0.292 0.292 0.292 0.292 0.3015 0.3015 0.2875 0.2875 0.29 0.29 0.29 0.2845 0.2845 0.292 0.292 0.2785 0.2785 0.2785 0.281 0.281 0.2845 0.2845 0.311 0.311 0.311 0.2995 0.2995 0.311 0.311
0.2645 0.2715 0.2715 0.272 0.272 0.272 0.274 0.274 0.263 0.263 0.251 0.251 0.2665 0.2665 0.2665 0.2805 0.2805 0.277 0.277 0.274 0.274 0.274 0.277 0.277 0.278 0.278 0.2775 0.2775 0.2775 0.271 0.271 0.2805 0.2805 0.2945 0.2945 0.2945 0.2915 0.2915 0.262 0.262 0.274 0.274 0.274 0.2855 0.2855 0.2815 0.2815 0.275 0.275 0.286 0.286 0.286 0.2885 0.2885 0.2905 0.2905 0.317 0.317 0.317 0.311 0.311 0.2845 0.2845 0.298 0.298 0.298 0.3115 0.3115 0.304 0.304 0.3015 0.3015 0.3015 0.3025 0.3025 0.3025 0.3025
0.2645 0.2715 0.2715 0.272 0.272 0.272 0.274 0.274 0.263 0.263 0.251 0.251 0.2665 0.2665 0.2665 0.2805 0.2805 0.277 0.277 0.274 0.274 0.274 0.277 0.277 0.278 0.278 0.2775 0.2775 0.2775 0.271 0.271 0.2805 0.2805 0.2945 0.2945 0.2945 0.2915 0.2915 0.262 0.262 0.274 0.274 0.274 0.2855 0.2855 0.2815 0.2815 0.275 0.275 0.286 0.286 0.286 0.2885 0.2885 0.2905 0.2905 0.317 0.317 0.317 0.311 0.311 0.2845 0.2845 0.298 0.298 0.298 0.3115 0.3115 0.304 0.304 0.3015 0.3015 0.3015 0.3025 0.3025 0.3025 0.3025
0.2865 0.2705 0.2705 0.275 0.275 0.275 0.2785 0.2785 0.2595 0.2595 0.287 0.287 0.291 0.291 0.291 0.277 0.277 0.292 0.292 0.271 0.271 0.271 0.2925 0.2925 0.267 0.267 0.2855 0.2855 0.2855 0.265 0.265 0.293 0.293 0.295 0.295 0.295 0.27 0.27 0.275 0.275 0.2945 0.2945 0.2945 0.3 0.3 0.2875 0.2875 0.27 0.27 0.2995 0.2995 0.2995 0.305 0.305 0.322 0.322 0.3285 0.3285 0.3285 0.319 0.319 0.3165 0.3165 0.318 0.318 0.318 0.3005 0.3005 0.312 0.312 0.326 0.326 0.326 0.306 0.306 0.2975 0.2975
0.2865 0.2705 0.2705 0.275 0.275 0.275 0.2785 0.2785 0.2595 0.2595 0.287 0.287 0.291 0.291 0.291 0.277 0.277 0.292 0.292 0.271 0.271 0.271 0.2925 0.2925 0.267 0.267 0.2855 0.2855 0.2855 0.265 0.265 0.293 0.293 0.295 0.295 0.295 0.27 0.27 0.275 0.275 0.2945 0.2945 0.2945 0.3 0.3 0.2875 0.2875 0.27 0.27 0.2995 0.2995 0.2995 0.305 0.305 0.322 0.322 0.3285 0.3285 0.3285 0.319 0.319 0.3165 0.3165 0.318 0.318 0.318 0.3005 0.3005 0.312 0.312 0.326 0.326 0.326 0.306 0.306 0.2975 0.2975
0.2865 0.2705 0.2705 0.275 0.275 0.275 0.2785 0.2785 0.2595 0.2595 0.287 0.287 0.291 0.291 0.291 0.277 0.277 0.292 0.292 0.271 0.271 0.271 0.2925 0.2925 0.267 0.267 0.2855 0.2855 0.2855 0.265 0.265 0.293 0.293 0.295 0.295 0.295 0.27 0.27 0.275 0.275 0.2945 0.2945 0.2945 0.3 0.3 0.2875 0.2875 0.27 0.27 0.2995 0.2995 0.2995 0.305 0.305 0.322 0.322 0.3285 0.3285 0.3285 0.319 0.319 0.3165 0.3165 0.318 0.318 0.318 0.3005 0.3005 0.312 0.312 0.326 0.326 0.326 0.306 0.306 0.2975 0.2975
0.279 0.277 0.277 0.2775 0.2775 0.2775 0.2815 0.2815 0.275 0.275 0.278 0.278 0.287 0.287 0.287 0.2885 0.2885 0.291 0.291 0.307 0.307 0.307 0.3005 0.3005 0.2935 0.2935 0.2795 0.2795 0.2795 0.264 0.264 0.2675 0.2675 0.2785 0.2785 0.2785 0.2635 0.2635 0.291 0.291 0.3145 0.3145 0.3145 0.3595 0.3595 0.36 0.36 0.311 0.311 0.3025 0.3025 0.3025 0.303 0.303 0.3145 0.3145 0.3045 0.3045 0.3045 0.3235 0.3235 0.3125 0.3125 0.314 0.314 0.314 0.326 0.326 0.3145 0.3145 0.3195 0.3195 0.3195 0.301 0.301 0.2955 0.2955
0.279 0.277 0.277 0.2775 0.2775 0.2775 0.2815 0.2815 0.275 0.275 0.278 0.278 0.287 0.287 0.287 0.2885 0.2885 0.291 0.291 0.307 0.307 0.307 0.3005 0.3005 0.2935 0.2935 0.2795 0.2795 0.2795 0.264 0.264 0.2675 0.2675 0.2785 0.2785 0.2785 0.2635 0.2635 0.291 0.291 0.3145 0.3145 0.3145 0.3595 0.3595 0.36 0.36 0.311 0.311 0.3025 0.3025 0.3025 0.303 0.303 0.3145 0.3145 0.3045 0.3045 0.3045 0.3235 0.3235 0.3125 0.3125 0.314 0.314 0.314 0.326 0.326 0.3145 0.3145 0.3195 0.3195 0.3195 0.301 0.301 0.2955 0.2955
0.3005 0.2915 0.2915 0.2835 0.2835 0.2835 0.286 0.286 0.278 0.278 0.2905 0.2905 0.296 0.296 0.296 0.311 0.311 0.308 0.308 0.306 0.306 0.306 0.321 0.321 0.3085 0.3085 0.2725 0.2725 0.2725 0.272 0.272 0.2845 0.2845 0.295 0.295 0.295 0.3215 0.3215 0.3045 0.3045 0.318 0.318 0.318 0.3275 0.3275 0.3275 0.3275 0.325 0.325 0.32 0.32 0.32 0.33 0.33 0.3365 0.3365 0.335 0.335 0.335 0.329 0.329 0.337 0.337 0.3455 0.3455 0.3455 0.3105 0.3105 0.3 0.3 0.316 0.316 0.316 0.3135 0.3135 0.3145 0.3145
0.3005 0.2915 0.2915 0.2835 0.2835 0.2835 0.286 0.286 0.278 0.278 0.2905 0.2905 0.296 0.296 0.296 0.311 0.311 0.308 0.308 0.306 0.306 0.306 0.321 0.321 0.3085 0.3085 0.2725 0.2725 0.2725 0.272 0.272 0.2845 0.2845 0.295 0.295 0.295 0.3215 0.3215 0.3045 0.3045 0.318 0.318 0.318 0.3275 0.3275 0.3275 0.3275 0.325 0.325 0.32 0.32 0.32 0.33 0.33 0.3365 0.3365 0.335 0.335 0.335 0.329 0.329 0.337 0.337 0.3455 0.3455 0.3455 0.3105 0.3105 0.3 0.3 0.316 0.316 0.316 0.3135 0.3135 0.3145 0.3145
0.3005 0.304 0.304 0.2915 0.2915 0.2915 0.2755 0.2755 0.2945 0.2945 0.3225 0.3225 0.313 0.313 0.313 0.318 0.318 0.3125 0.3125 0.308 0.308 0.308 0.309 0.309 0.3165 0.3165 0.2875 0.2875 0.2875 0.257 0.257 0.3005 0.3005 0.311 0.311 0.311 0.2865 0.2865 0.291 0.291 0.3055 0.3055 0.3055 0.301 0.301 0.3215 0.3215 0.3245 0.3245 0.328 0.328 0.328 0.3435 0.3435 0.3195 0.3195 0.33 0.33 0.33 0.327 0.327 0.3305 0.3305 0.33 0.33 0.33 0.307 0.307 0.3155 0.3155 0.3155 0.3155 0.3155 0.3225 0.3225 0.3155 0.3155
0.3005 0.304 0.304 0.2915 0.2915 0.2915 0.2755 0.2755 0.2945 0.2945 0.3225 0.3225 0.313 0.313 0.313 0.318 0.318 0.3125 0.3125 0.308 0.308 0.308 0.309 0.309 0.3165 0.3165 0.2875 0.2875 0.2875 0.257 0.257 0.3005 0.3005 0.311 0.311 0.311 0.2865 0.2865 0.291 0.291 0.3055 0.3055 0.3055 0.301 0.301 0.3215 0.3215 0.3245 0.3245 0.328 0.328 0.328 0.3435 0.3435 0.3195 0.3195 0.33 0.33 0.33 0.327 0.327 0.3305 0.3305 0.33 0.33 0.33 0.307 0.307 0.3155 0.3155 0.3155 0.3155 0.3155 0.3225 0.3225 0.3155 0.3155
0.2955 0.314 0.314 0.29 0.29 0.29 0.285 0.285 0.3025 0.3025 0.2965 0.2965 0.308 0.308 0.308 0.3115 0.3115 0.306 0.306 0.3 0.3 0.3 0.308 0.308 0.3035 0.3035 0.3105 0.3105 0.3105 0.3145 0.3145 0.303 0.303 0.2895 0.2895 0.2895 0.284 0.284 0.292 0.292 0.2995 0.2995 0.2995 0.3045 0.3045 0.3725 0.3725 0.338 0.338 0.349 0.349 0.349 0.3255 0.3255 0.332 0.332 0.3485 0.3485 0.3485 0.3475 0.3475 0.3305 0.3305 0.324 0.324 0.324 0.311 0.311 0.3325 0.3325 0.3105 0.3105 0.3105 0.302 0.302 0.3 0.3
0.2955 0.314 0.314 0.29 0.29 0.29 0.285 0.285 0.3025 0.3025 0.2965 0.2965 0.308 0.308 0.308 0.3115 0.3115 0.306 0.306 0.3 0.3 0.3 0.308 0.308 0.3035 0.3035 0.3105 0.3105 0.3105 0.3145 0.3145 0.303 0.303 0.2895 0.2895 0.2895 0.284 0.284 0.292 0.292 0.2995 0.2995 0.2995 0.3045 0.3045 0.3725 0.3725 0.338 0.338 0.349 0.349 0.349 0.3255 0.3255 0.332 0.332 0.3485 0.3485 0.3485 0.3475 0.3475 0.3305 0.3305 0.324 0.324 0.324 0.311 0.311 0.3325 0.3325 0.3105 0.3105 0.3105 0.302 0.302 0.3 0.3
0.2955 0.314 0.314 0.29 0.29 0.29 0.285 0.285 0.3025 0.3025 0.2965 0.2965 0.308 0.308 0.308 0.3115 0.3115 0.306 0.306 0.3 0.3 0.3 0.308 0.308 0.3035 0.3035 0.3105 0.3105 0.3105 0.3145 0.3145 0.303 0.303 0.2895 0.2895 0.2895 0.284 0.284 0.292 0.292 0.2995 0.2995 0.2995 0.3045 0.3045 0.3725 0.3725 0.338 0.338 0.349 0.349 0.349 0.3255 0.3255 0.332 0.332 0.3485 0.3485 0.3485 0.3475 0.3475 0.3305 0.3305 0.324 0.324 0.324 0.311 0.311 0.3325 0.3325 0.3105 0.3105 0.3105 0.302 0.302 0.3 0.3
0.311 0.3235 0.3235 0.3135 0.3135 0.3135 0.276 0.276 0.297 0.297 0.323 0.323 0.3085 0.3085 0.3085 0.3165 0.3165 0.297 0.297 0.294 0.294 0.294 0.3 0.3 0.3115 0.3115 0.3125 0.3125 0.3125 0.302 0.302 0.334 0.334 0.2975 0.2975 0.2975 0.2935 0.2935 0.309 0.309 0.3015 0.3015 0.3015 0.3365 0.3365 0.353 0.353 0.3855 0.3855 0.3515 0.3515 0.3515 0.3605 0.3605 0.342 0.342 0.3545 0.3545 0.3545 0.392 0.392 0.345 0.345 0.351 0.351 0.351 0.37 0.37 0.356 0.356 0.3435 0.3435 0.3435 0.32 0.32 0.3155 0.3155
0.311 0.3235 0.3235 0.3135 0.3135 0.3135 0.276 0.276 0.297 0.297 0.323 0.323 0.3085 0.3085 0.3085 0.3165 0.3165 0.297 0.297 0.294 0.294 0.294 0.3 0.3 0.3115 0.3115 0.3125 0.3125 0.3125 0.302 0.302 0.334 0.334 0.2975 0.2975 0.2975 0.2935 0.2935 0.309 0.309 0.3015 0.3015 0.3015 0.3365 0.3365 0.353 0.353 0.3855 0.3855 0.3515 0.3515 0.3515 0.3605 0.3605 0.342 0.342 0.3545 0.3545 0.3545 0.392 0.392 0.345 0.345 0.351 0.351 0.351 0.37 0.37 0.356 0.356 0.3435 0.3435 0.3435 0.32 0.32 0.3155 0.3155
0.3255 0.3285 0.3285 0.345 0.345 0.345 0.3 0.3 0.3065 0.3065 0.303 0.303 0.307 0.307 0.307 0.3235 0.3235 0.3245 0.3245 0.3095 0.3095 0.3095 0.324 0.324 0.373 0.373 0.3375 0.3375 0.3375 0.3545 0.3545 0.3545 0.3545 0.3115 0.3115 0.3115 0.3505 0.3505 0.3385 0.3385 0.3435 0.3435 0.3435 0.371 0.371 0.3915 0.3915 0.3635 0.3635 0.3975 0.3975 0.3975 0.3795 0.3795 0.3785 0.3785 0.3935 0.3935 0.3935 0.4225 0.4225 0.412 0.412 0.3855 0.3855 0.3855 0.3715 0.3715 0.366 0.366 0.364 0.364 0.364 0.3325 0.3325 0.332 0.332
0.3255 0.3285 0.3285 0.345 0.345 0.345 0.3 0.3 0.3065 0.3065 0.303 0.303 0.307 0.307 0.307 0.3235 0.3235 0.3245 0.3245 0.3095 0.3095 0.3095 0.324 0.324 0.373 0.373 0.3375 0.3375 0.3375 0.3545 0.3545 0.3545 0.3545 0.3115 0.3115 0.3115 0.3505 0.3505 0.3385 0.3385 0.3435 0.3435 0.3435 0.371 0.371 0.3915 0.3915 0.3635 0.3635 0.3975 0.3975 0.3975 0.3795 0.3795 0.3785 0.3785 0.3935 0.3935 0.3935 0.4225 0.4225 0.412 0.412 0.3855 0.3855 0.3855 0.3715 0.3715 0.366 0.366 0.364 0.364 0.364 0.3325 0.3325 0.332 0.332
0.3205 0.33 0.33 0.33 0.33 0.33 0.295 0.295 0.317 0.317 0.314 0.314 0.3465 0.3465 0.3465 0.3385 0.3385 0.317 0.317 0.313 0.313 0.313 0.3155 0.3155 0.351 0.351 0.353 0.353 0.353 0.33 0.33 0.3375 0.3375 0.307 0.307 0.307 0.3735 0.3735 0.345 0.345 0.352 0.352 0.352 0.34 0.34 0.38 0.38 0.3945 0.3945 0.372 0.372 0.372 0.3895 0.3895 0.414 0.414 0.4 0.4 0.4 0.4545 0.4545 0.429 0.429 0.395 0.395 0.395 0.3845 0.3845 0.368 0.368 0.33 0.33 0.33 0.3625 0.3625 0.351 0.351
0.3205 0.33 0.33 0.33 0.33 0.33 0.295 0.295 0.317 0.317 0.314 0.314 0.3465 0.3465 0.3465 0.3385 0.3385 0.317 0.317 0.313 0.313 0.313 0.3155 0.3155 0.351 0.351 0.353 0.353 0.353 0.33 0.33 0.3375 0.3375 0.307 0.307 0.307 0.3735 0.3735 0.345 0.345 0.352 0.352 0.352 0.34 0.34 0.38 0.38 0.3945 0.3945 0.372 0.372 0.372 0.3895 0.3895 0.414 0.414 0.4 0.4 0.4 0.4545 0.4545 0.429 0.429 0.395 0.395 0.395 0.3845 0.3845 0.368 0.368 0.33 0.33 0.33 0.3625 0.3625 0.351 0.351
0.3205 0.33 0.33 0.33 0.33 0.33 0.295 0.295 0.317 0.317 0.314 0.314 0.3465 0.3465 0.3465 0.3385 0.3385 0.317 0.317 0.313 0.313 0.313 0.3155 0.3155 0.351 0.351 0.353 0.353 0.353 0.33 0.33 0.3375 0.3375 0.307 0.307 0.307 0.3735 0.3735 0.345 0.345 0.352 0.352 0.352 0.34 0.34 0.38 0.38 0.3945 0.3945 0.372 0.372 0.372 0.3895 0.3895 0.414 0.414 0.4 0.4 0.4 0.4545 0.4545 0.429 0.429 0.395 0.395 0.395 0.3845 0.3845 0.368 0.368 0.33 0.33 0.33 0.3625 0.3625 0.351 0.351
