ndvi/NOAA-86.asc
ncols         252
nrows         154
xllcorner     -18.017974
yllcorner     13.481982
cellsize      0.035948
NODATA_value  -9999
[rows 34 to 67 of 154, columns 77 to 153 of 252]
0.147 0.147 0.14 0.14 0.138 0.138 0.138 0.138 0.138 0.137 0.137 0.1425 0.1425 0.143 0.143 0.144 0.144 0.144 0.1465 0.1465 0.145 0.145 0.151 0.151 0.151 0.149 0.149 0.1525 0.1525 0.1515 0.1515 0.1515 0.1505 0.1505 0.1485 0.1485 0.144 0.144 0.144 0.1445 0.1445 0.145 0.145 0.1575 0.1575 0.1575 0.156 0.156 0.1525 0.1525 0.15 0.15 0.1555 0.1555 0.1555 0.1425 0.1425 0.1545 0.1545 0.149 0.149 0.149 0.1595 0.1595 0.1615 0.1615 0.164 0.164 0.164 0.1535 0.1535 0.1435 0.1435 0.117 0.117 0.117 0.135
0.147 0.147 0.14 0.14 0.138 0.138 0.138 0.138 0.138 0.137 0.137 0.1425 0.1425 0.143 0.143 0.144 0.144 0.144 0.1465 0.1465 0.145 0.145 0.151 0.151 0.151 0.149 0.149 0.1525 0.1525 0.1515 0.1515 0.1515 0.1505 0.1505 0.1485 0.1485 0.144 0.144 0.144 0.1445 0.1445 0.145 0.145 0.1575 0.1575 0.1575 0.156 0.156 0.1525 0.1525 0.15 0.15 0.1555 0.1555 0.1555 0.1425 0.1425 0.1545 0.1545 0.149 0.149 0.149 0.1595 0.1595 0.1615 0.1615 0.164 0.164 0.164 0.1535 0.1535 0.1435 0.1435 0.117 0.117 0.117 0.135
0.147 0.147 0.14 0.14 0.138 0.138 0.138 0.138 0.138 0.137 0.137 0.1425 0.1425 0.143 0.143 0.144 0.144 0.144 0.1465 0.1465 0.145 0.145 0.151 0.151 0.151 0.149 0.149 0.1525 0.1525 0.1515 0.1515 0.1515 0.1505 0.1505 0.1485 0.1485 0.144 0.144 0.144 0.1445 0.1445 0.145 0.145 0.1575 0.1575 0.1575 0.156 0.156 0.1525 0.1525 0.15 0.15 0.1555 0.1555 0.1555 0.1425 0.1425 0.1545 0.1545 0.149 0.149 0.149 0.1595 0.1595 0.1615 0.1615 0.164 0.164 0.164 0.1535 0.1535 0.1435 0.1435 0.117 0.117 0.117 0.135
0.1545 0.1545 0.151 0.151 0.149 0.149 0.147 0.147 0.147 0.144 0.144 0.1525 0.1525 0.1555 0.1555 0.1435 0.1435 0.1435 0.146 0.146 0.143 0.143 0.1475 0.1475 0.1475 0.155 0.155 0.159 0.159 0.154 0.154 0.154 0.157 0.157 0.158 0.158 0.1535 0.1535 0.1535 0.1535 0.1535 0.149 0.149 0.1615 0.1615 0.1615 0.1625 0.1625 0.161 0.161 0.16 0.16 0.1615 0.1615 0.1615 0.168 0.168 0.1835 0.1835 0.182 0.182 0.182 0.176 0.176 0.166 0.166 0.1685 0.1685 0.1685 0.1635 0.1635 0.13 0.13 0.1285 0.1285 0.1285 0.1375
0.1545 0.1545 0.151 0.151 0.149 0.149 0.147 0.147 0.147 0.144 0.144 0.1525 0.1525 0.1555 0.1555 0.1435 0.1435 0.1435 0.146 0.146 0.143 0.143 0.1475 0.1475 0.1475 0.155 0.155 0.159 0.159 0.154 0.154 0.154 0.157 0.157 0.158 0.158 0.1535 0.1535 0.1535 0.1535 0.1535 0.149 0.149 0.1615 0.1615 0.1615 0.1625 0.1625 0.161 0.161 0.16 0.16 0.1615 0.1615 0.1615 0.168 0.168 0.1835 0.1835 0.182 0.182 0.182 0.176 0.176 0.166 0.166 0.1685 0.1685 0.1685 0.1635 0.1635 0.13 0.13 0.1285 0.1285 0.1285 0.1375
0.1565 0.1565 0.1495 0.1495 0.1445 0.1445 0.142 0.142 0.142 0.149 0.149 0.151 0.151 0.154 0.154 0.1525 0.1525 0.1525 0.1475 0.1475 0.1485 0.1485 0.1555 0.1555 0.1555 0.1555 0.1555 0.161 0.161 0.1735 0.1735 0.1735 0.17 0.17 0.164 0.164 0.164 0.164 0.164 0.1575 0.1575 0.1595 0.1595 0.175 0.175 0.175 0.1805 0.1805 0.178 0.178 0.1805 0.1805 0.2235 0.2235 0.2235 0.1865 0.1865 0.188 0.188 0.19 0.19 0.19 0.1755 0.1755 0.172 0.172 0.157 0.157 0.157 0.162 0.162 0.128 0.128 0.1185 0.1185 0.1185 0.1425
0.1565 0.1565 0.1495 0.1495 0.1445 0.1445 0.142 0.142 0.142 0.149 0.149 0.151 0.151 0.154 0.154 0.1525 0.1525 0.1525 0.1475 0.1475 0.1485 0.1485 0.1555 0.1555 0.1555 0.1555 0.1555 0.161 0.161 0.1735 0.1735 0.1735 0.17 0.17 0.164 0.164 0.164 0.164 0.164 0.1575 0.1575 0.1595 0.1595 0.175 0.175 0.175 0.1805 0.1805 0.178 0.178 0.1805 0.1805 0.2235 0.2235 0.2235 0.1865 0.1865 0.188 0.188 0.19 0.19 0.19 0.1755 0.1755 0.172 0.172 0.157 0.157 0.157 0.162 0.162 0.128 0.128 0.1185 0.1185 0.1185 0.1425
0.1655 0.1655 0.156 0.156 0.1515 0.1515 0.1475 0.1475 0.1475 0.147 0.147 0.149 0.149 0.1545 0.1545 0.1565 0.1565 0.1565 0.142 0.142 0.1435 0.1435 0.149 0.149 0.149 0.163 0.163 0.1705 0.1705 0.1725 0.1725 0.1725 0.168 0.168 0.1625 0.1625 0.168 0.168 0.168 0.165 0.165 0.1815 0.1815 0.186 0.186 0.186 0.1785 0.1785 0.183 0.183 0.189 0.189 0.208 0.208 0.208 0.191 0.191 0.178 0.178 0.175 0.175 0.175 0.1635 0.1635 0.1605 0.1605 0.13 0.13 0.13 0.1495 0.1495 0.137 0.137 0.125 0.125 0.125 0.1335
0.1655 0.1655 0.156 0.156 0.1515 0.1515 0.1475 0.1475 0.1475 0.147 0.147 0.149 0.149 0.1545 0.1545 0.1565 0.1565 0.1565 0.142 0.142 0.1435 0.1435 0.149 0.149 0.149 0.163 0.163 0.1705 0.1705 0.1725 0.1725 0.1725 0.168 0.168 0.1625 0.1625 0.168 0.168 0.168 0.165 0.165 0.1815 0.1815 0.186 0.186 0.186 0.1785 0.1785 0.183 0.183 0.189 0.189 0.208 0.208 0.208 0.191 0.191 0.178 0.178 0.175 0.175 0.175 0.1635 0.1635 0.1605 0.1605 0.13 0.13 0.13 0.1495 0.1495 0.137 0.137 0.125 0.125 0.125 0.1335
0.1655 0.1655 0.156 0.156 0.1515 0.1515 0.1475 0.1475 0.1475 0.147 0.147 0.149 0.149 0.1545 0.1545 0.1565 0.1565 0.1565 0.142 0.142 0.1435 0.1435 0.149 0.149 0.149 0.163 0.163 0.1705 0.1705 0.1725 0.1725 0.1725 0.168 0.168 0.1625 0.1625 0.168 0.168 0.168 0.165 0.165 0.1815 0.1815 0.186 0.186 0.186 0.1785 0.1785 0.183 0.183 0.189 0.189 0.208 0.208 0.208 0.191 0.191 0.178 0.178 0.175 0.175 0.175 0.1635 0.1635 0.1605 0.1605 0.13 0.13 0.13 0.1495 0.1495 0.137 0.137 0.125 0.125 0.125 0.1335
0.169 0.169 0.1635 0.1635 0.1595 0.1595 0.1535 0.1535 0.1535 0.1475 0.1475 0.145 0.145 0.155 0.155 0.162 0.162 0.162 0.159 0.159 0.1455 0.1455 0.155 0.155 0.155 0.161 0.161 0.171 0.171 0.169 0.169 0.169 0.1865 0.1865 0.1885 0.1885 0.1885 0.1885 0.1885 0.1905 0.1905 0.1875 0.1875 0.1805 0.1805 0.1805 0.167 0.167 0.173 0.173 0.1565 0.1565 0.181 0.181 0.181 0.1765 0.1765 0.189 0.189 0.152 0.152 0.152 0.166 0.166 0.132 0.132 0.136 0.136 0.136 0.1355 0.1355 0.124 0.124 0.106 0.106 0.106 0.1135
0.169 0.169 0.1635 0.1635 0.1595 0.1595 0.1535 0.1535 0.1535 0.1475 0.1475 0.145 0.145 0.155 0.155 0.162 0.162 0.162 0.159 0.159 0.1455 0.1455 0.155 0.155 0.155 0.161 0.161 0.171 0.171 0.169 0.169 0.169 0.1865 0.1865 0.1885 0.1885 0.1885 0.1885 0.1885 0.1905 0.1905 0.1875 0.1875 0.1805 0.1805 0.1805 0.167 0.167 0.173 0.173 0.1565 0.1565 0.181 0.181 0.181 0.1765 0.1765 0.189 0.189 0.152 0.152 0.152 0.166 0.166 0.132 0.132 0.136 0.136 0.136 0.1355 0.1355 0.124 0.124 0.106 0.106 0.106 0.1135
0.172 0.172 0.168 0.168 0.1565 0.1565 0.1595 0.1595 0.1595 0.152 0.152 0.1425 0.1425 0.1475 0.1475 0.156 0.156 0.156 0.156 0.156 0.1615 0.1615 0.167 0.167 0.167 0.1615 0.1615 0.169 0.169 0.184 0.184 0.184 0.212 0.212 0.224 0.224 0.1915 0.1915 0.1915 0.153 0.153 0.157 0.157 0.154 0.154 0.154 0.159 0.159 0.204 0.204 0.186 0.186 0.183 0.183 0.183 0.169 0.169 0.175 0.175 0.165 0.165 0.165 0.159 0.159 0.145 0.145 0.143 0.143 0.143 0.1455 0.1455 0.142 0.142 0.122 0.122 0.122 0.1355
0.172 0.172 0.168 0.168 0.1565 0.1565 0.1595 0.1595 0.1595 0.152 0.152 0.1425 0.1425 0.1475 0.1475 0.156 0.156 0.156 0.156 0.156 0.1615 0.1615 0.167 0.167 0.167 0.1615 0.1615 0.169 0.169 0.184 0.184 0.184 0.212 0.212 0.224 0.224 0.1915 0.1915 0.1915 0.153 0.153 0.157 0.157 0.154 0.154 0.154 0.159 0.159 0.204 0.204 0.186 0.186 0.183 0.183 0.183 0.169 0.169 0.175 0.175 0.165 0.165 0.165 0.159 0.159 0.145 0.145 0.143 0.143 0.143 0.1455 0.1455 0.142 0.142 0.122 0.122 0.122 0.1355
0.1905 0.1905 0.1745 0.1745 0.183 0.183 0.162 0.162 0.162 0.16 0.16 0.1545 0.1545 0.1645 0.1645 0.183 0.183 0.183 0.183 0.183 0.1995 0.1995 0.1905 0.1905 0.1905 0.19 0.19 0.2135 0.2135 0.206 0.206 0.206 0.2285 0.2285 0.2335 0.2335 0.176 0.176 0.176 0.1615 0.1615 0.1535 0.1535 0.177 0.177 0.177 0.1915 0.1915 0.1835 0.1835 0.1785 0.1785 0.174 0.174 0.174 0.164 0.164 0.1645 0.1645 0.158 0.158 0.158 0.17 0.17 0.153 0.153 0.157 0.157 0.157 0.169 0.169 0.167 0.167 0.132 0.132 0.132 0.131
0.1905 0.1905 0.1745 0.1745 0.183 0.183 0.162 0.162 0.162 0.16 0.16 0.1545 0.1545 0.1645 0.1645 0.183 0.183 0.183 0.183 0.183 0.1995 0.1995 0.1905 0.1905 0.1905 0.19 0.19 0.2135 0.2135 0.206 0.206 0.206 0.2285 0.2285 0.2335 0.2335 0.176 0.176 0.176 0.1615 0.1615 0.1535 0.1535 0.177 0.177 0.177 0.1915 0.1915 0.1835 0.1835 0.1785 0.1785 0.174 0.174 0.174 0.164 0.164 0.1645 0.1645 0.158 0.158 0.158 0.17 0.17 0.153 0.153 0.157 0.157 0.157 0.169 0.169 0.167 0.167 0.132 0.132 0.132 0.131
0.1905 0.1905 0.1745 0.1745 0.183 0.183 0.162 0.162 0.162 0.16 0.16 0.1545 0.1545 0.1645 0.1645 0.183 0.183 0.183 0.183 0.183 0.1995 0.1995 0.1905 0.1905 0.1905 0.19 0.19 0.2135 0.2135 0.206 0.206 0.206 0.2285 0.2285 0.2335 0.2335 0.176 0.176 0.176 0.1615 0.1615 0.1535 0.1535 0.177 0.177 0.177 0.1915 0.1915 0.1835 0.1835 0.1785 0.1785 0.174 0.174 0.174 0.164 0.164 0.1645 0.1645 0.158 0.158 0.158 0.17 0.17 0.153 0.153 0.157 0.157 0.157 0.169 0.169 0.167 0.167 0.132 0.132 0.132 0.131
0.2005 0.2005 0.192 0.192 0.1905 0.1905 0.195 0.195 0.195 0.195 0.195 0.1935 0.1935 0.195 0.195 0.195 0.195 0.195 0.197 0.197 0.2035 0.2035 0.201 0.201 0.201 0.205 0.205 0.203 0.203 0.198 0.198 0.198 0.1865 0.1865 0.2255 0.2255 0.1925 0.1925 0.1925 0.1415 0.1415 0.14 0.14 0.148 0.148 0.148 0.1755 0.1755 0.152 0.152 0.178 0.178 0.174 0.174 0.174 0.169 0.169 0.167 0.167 0.1685 0.1685 0.1685 0.184 0.184 0.1845 0.1845 0.194 0.194 0.194 0.204 0.204 0.202 0.202 0.165 0.165 0.165 0.1185
0.2005 0.2005 0.192 0.192 0.1905 0.1905 0.195 0.195 0.195 0.195 0.195 0.1935 0.1935 0.195 0.195 0.195 0.195 0.195 0.197 0.197 0.2035 0.2035 0.201 0.201 0.201 0.205 0.205 0.203 0.203 0.198 0.198 0.198 0.1865 0.1865 0.2255 0.2255 0.1925 0.1925 0.1925 0.1415 0.1415 0.14 0.14 0.148 0.148 0.148 0.1755 0.1755 0.152 0.152 0.178 0.178 0.174 0.174 0.174 0.169 0.169 0.167 0.167 0.1685 0.1685 0.1685 0.184 0.184 0.1845 0.1845 0.194 0.194 0.194 0.204 0.204 0.202 0.202 0.165 0.165 0.165 0.1185
0.2 0.2 0.1905 0.1905 0.2035 0.2035 0.194 0.194 0.194 0.204 0.204 0.205 0.205 0.2055 0.2055 0.207 0.207 0.207 0.203 0.203 0.203 0.203 0.2015 0.2015 0.2015 0.201 0.201 0.198 0.198 0.1895 0.1895 0.1895 0.172 0.172 0.227 0.227 0.193 0.193 0.193 0.1925 0.1925 0.1565 0.1565 0.1505 0.1505 0.1505 0.146 0.146 0.133 0.133 0.181 0.181 0.1845 0.1845 0.1845 0.194 0.194 0.2035 0.2035 0.217 0.217 0.217 0.2215 0.2215 0.221 0.221 0.2025 0.2025 0.2025 0.1875 0.1875 0.191 0.191 0.1735 0.1735 0.1735 0.111
0.2 0.2 0.1905 0.1905 0.2035 0.2035 0.194 0.194 0.194 0.204 0.204 0.205 0.205 0.2055 0.2055 0.207 0.207 0.207 0.203 0.203 0.203 0.203 0.2015 0.2015 0.2015 0.201 0.201 0.198 0.198 0.1895 0.1895 0.1895 0.172 0.172 0.227 0.227 0.193 0.193 0.193 0.1925 0.1925 0.1565 0.1565 0.1505 0.1505 0.1505 0.146 0.146 0.133 0.133 0.181 0.181 0.1845 0.1845 0.1845 0.194 0.194 0.2035 0.2035 0.217 0.217 0.217 0.2215 0.2215 0.221 0.221 0.2025 0.2025 0.2025 0.1875 0.1875 0.191 0.191 0.1735 0.1735 0.1735 0.111
0.2465 0.2465 0.229 0.229 0.2305 0.2305 0.21 0.21 0.21 0.2135 0.2135 0.213 0.213 0.2155 0.2155 0.215 0.215 0.215 0.21 0.21 0.201 0.201 0.1995 0.1995 0.1995 0.1915 0.1915 0.1965 0.1965 0.189 0.189 0.189 0.1725 0.1725 0.1805 0.1805 0.181 0.181 0.181 0.184 0.184 0.1405 0.1405 0.1475 0.1475 0.1475 0.143 0.143 0.163 0.163 0.187 0.187 0.1985 0.1985 0.1985 0.2215 0.2215 0.207 0.207 0.2295 0.2295 0.2295 0.2205 0.2205 0.2215 0.2215 0.1985 0.1985 0.1985 0.1845 0.1845 0.176 0.176 0.169 0.169 0.169 0.1225
0.2465 0.2465 0.229 0.229 0.2305 0.2305 0.21 0.21 0.21 0.2135 0.2135 0.213 0.213 0.2155 0.2155 0.215 0.215 0.215 0.21 0.21 0.201 0.201 0.1995 0.1995 0.1995 0.1915 0.1915 0.1965 0.1965 0.189 0.189 0.189 0.1725 0.1725 0.1805 0.1805 0.181 0.181 0.181 0.184 0.184 0.1405 0.1405 0.1475 0.1475 0.1475 0.143 0.143 0.163 0.163 0.187 0.187 0.1985 0.1985 0.1985 0.2215 0.2215 0.207 0.207 0.2295 0.2295 0.2295 0.2205 0.2205 0.2215 0.2215 0.1985 0.1985 0.1985 0.1845 0.1845 0.176 0.176 0.169 0.169 0.169 0.1225
0.3025 0.3025 0.2305 0.2305 0.228 0.228 0.211 0.211 0.211 0.2195 0.2195 0.2225 0.2225 0.2165 0.2165 0.2195 0.2195 0.2195 0.2115 0.2115 0.209 0.209 0.1995 0.1995 0.1995 0.201 0.201 0.1985 0.1985 0.2 0.2 0.2 0.1755 0.1755 0.1895 0.1895 0.1755 0.1755 0.1755 0.182 0.182 0.1695 0.1695 0.1865 0.1865 0.1865 0.1685 0.1685 0.1485 0.1485 0.154 0.154 0.1805 0.1805 0.1805 0.2115 0.2115 0.2075 0.2075 0.2265 0.2265 0.2265 0.2245 0.2245 0.2235 0.2235 0.2095 0.2095 0.2095 0.184 0.184 0.162 0.162 0.1445 0.1445 0.1445 0.115
0.3025 0.3025 0.2305 0.2305 0.228 0.228 0.211 0.211 0.211 0.2195 0.2195 0.2225 0.2225 0.2165 0.2165 0.2195 0.2195 0.2195 0.2115 0.2115 0.209 0.209 0.1995 0.1995 0.1995 0.201 0.201 0.1985 0.1985 0.2 0.2 0.2 0.1755 0.1755 0.1895 0.1895 0.1755 0.1755 0.1755 0.182 0.182 0.1695 0.1695 0.1865 0.1865 0.1865 0.1685 0.1685 0.1485 0.1485 0.154 0.154 0.1805 0.1805 0.1805 0.2115 0.2115 0.2075 0.2075 0.2265 0.2265 0.2265 0.2245 0.2245 0.2235 0.2235 0.2095 0.2095 0.2095 0.184 0.184 0.162 0.162 0.1445 0.1445 0.1445 0.115
0.3025 0.3025 0.2305 0.2305 0.228 0.228 0.211 0.211 0.211 0.2195 0.2195 0.2225 0.2225 0.2165 0.2165 0.2195 0.2195 0.2195 0.2115 0.2115 0.209 0.209 0.1995 0.1995 0.1995 0.201 0.201 0.1985 0.1985 0.2 0.2 0.2 0.1755 0.1755 0.1895 0.1895 0.1755 0.1755 0.1755 0.182 0.182 0.1695 0.1695 0.1865 0.1865 0.1865 0.1685 0.1685 0.1485 0.1485 0.154 0.154 0.1805 0.1805 0.1805 0.2115 0.2115 0.2075 0.2075 0.2265 0.2265 0.2265 0.2245 0.2245 0.2235 0.2235 0.2095 0.2095 0.2095 0.184 0.184 0.162 0.162 0.1445 0.1445 0.1445 0.115
0.226 0.226 0.21 0.21 0.228 0.228 0.2215 0.2215 0.2215 0.227 0.227 0.207 0.207 0.209 0.209 0.2095 0.2095 0.2095 0.174 0.174 0.203 0.203 0.213 0.213 0.213 0.2055 0.2055 0.214 0.214 0.212 0.212 0.212 0.2125 0.2125 0.2115 0.2115 0.195 0.195 0.195 0.175 0.175 0.164 0.164 0.1855 0.1855 0.1855 0.18 0.18 0.131 0.131 0.1335 0.1335 0.119 0.119 0.119 0.131 0.131 0.1865 0.1865 0.2175 0.2175 0.2175 0.2215 0.2215 0.2215 0.2215 0.2205 0.2205 0.2205 0.2105 0.2105 0.1995 0.1995 0.158 0.158 0.158 0.1405
0.226 0.226 0.21 0.21 0.228 0.228 0.2215 0.2215 0.2215 0.227 0.227 0.207 0.207 0.209 0.209 0.2095 0.2095 0.2095 0.174 0.174 0.203 0.203 0.213 0.213 0.213 0.2055 0.2055 0.214 0.214 0.212 0.212 0.212 0.2125 0.2125 0.2115 0.2115 0.195 0.195 0.195 0.175 0.175 0.164 0.164 0.1855 0.1855 0.1855 0.18 0.18 0.131 0.131 0.1335 0.1335 0.119 0.119 0.119 0.131 0.131 0.1865 0.1865 0.2175 0.2175 0.2175 0.2215 0.2215 0.2215 0.2215 0.2205 0.2205 0.2205 0.2105 0.2105 0.1995 0.1995 0.158 0.158 0.158 0.1405
0.237 0.237 0.2245 0.2245 0.2595 0.2595 0.2625 0.2625 0.2625 0.2445 0.2445 0.235 0.235 0.2055 0.2055 0.1905 0.1905 0.1905 0.1625 0.1625 0.193 0.193 0.2085 0.2085 0.2085 0.221 0.221 0.2155 0.2155 0.209 0.209 0.209 0.2105 0.2105 0.2095 0.2095 0.201 0.201 0.201 0.2 0.2 0.1595 0.1595 0.1665 0.1665 0.1665 0.157 0.157 0.1245 0.1245 0.127 0.127 0.1245 0.1245 0.1245 0.155 0.155 0.183 0.183 0.2155 0.2155 0.2155 0.2165 0.2165 0.2115 0.2115 0.215 0.215 0.215 0.193 0.193 0.1855 0.1855 0.1625 0.1625 0.1625 0.1285
0.237 0.237 0.2245 0.2245 0.2595 0.2595 0.2625 0.2625 0.2625 0.2445 0.2445 0.235 0.235 0.2055 0.2055 0.1905 0.1905 0.1905 0.1625 0.1625 0.193 0.193 0.2085 0.2085 0.2085 0.221 0.221 0.2155 0.2155 0.209 0.209 0.209 0.2105 0.2105 0.2095 0.2095 0.201 0.201 0.201 0.2 0.2 0.1595 0.1595 0.1665 0.1665 0.1665 0.157 0.157 0.1245 0.1245 0.127 0.127 0.1245 0.1245 0.1245 0.155 0.155 0.183 0.183 0.2155 0.2155 0.2155 0.2165 0.2165 0.2115 0.2115 0.215 0.215 0.215 0.193 0.193 0.1855 0.1855 0.1625 0.1625 0.1625 0.1285
0.227 0.227 0.2185 0.2185 0.213 0.213 0.2435 0.2435 0.2435 0.24 0.24 0.2555 0.2555 0.2465 0.2465 0.235 0.235 0.235 0.2265 0.2265 0.2535 0.2535 0.213 0.213 0.213 0.2045 0.2045 0.234 0.234 0.2105 0.2105 0.2105 0.2195 0.2195 0.21 0.21 0.2115 0.2115 0.2115 0.21 0.21 0.179 0.179 0.1355 0.1355 0.1355 0.1465 0.1465 0.1385 0.1385 0.143 0.143 0.181 0.181 0.181 0.171 0.171 0.185 0.185 0.2315 0.2315 0.2315 0.223 0.223 0.221 0.221 0.208 0.208 0.208 0.207 0.207 0.2025 0.2025 0.165 0.165 0.165 0.1345
0.227 0.227 0.2185 0.2185 0.213 0.213 0.2435 0.2435 0.2435 0.24 0.24 0.2555 0.2555 0.2465 0.2465 0.235 0.235 0.235 0.2265 0.2265 0.2535 0.2535 0.213 0.213 0.213 0.2045 0.2045 0.234 0.234 0.2105 0.2105 0.2105 0.2195 0.2195 0.21 0.21 0.2115 0.2115 0.2115 0.21 0.21 0.179 0.179 0.1355 0.1355 0.1355 0.1465 0.1465 0.1385 0.1385 0.143 0.143 0.181 0.181 0.181 0.171 0.171 0.185 0.185 0.2315 0.2315 0.2315 0.223 0.223 0.221 0.221 0.208 0.208 0.208 0.207 0.207 0.2025 0.2025 0.165 0.165 0.165 0.1345
0.227 0.227 0.2185 0.2185 0.213 0.213 0.2435 0.2435 0.2435 0.24 0.24 0.2555 0.2555 0.2465 0.2465 0.235 0.235 0.235 0.2265 0.2265 0.2535 0.2535 0.213 0.213 0.213 0.2045 0.2045 0.234 0.234 0.2105 0.2105 0.2105 0.2195 0.2195 0.21 0.21 0.2115 0.2115 0.2115 0.21 0.21 0.179 0.179 0.1355 0.1355 0.1355 0.1465 0.1465 0.1385 0.1385 0.143 0.143 0.181 0.181 0.181 0.171 0.171 0.185 0.185 0.2315 0.2315 0.2315 0.223 0.223 0.221 0.221 0.208 0.208 0.208 0.207 0.207 0.2025 0.2025 0.165 0.165 0.165 0.1345
0.2065 0.2065 0.2235 0.2235 0.2115 0.2115 0.193 0.193 0.193 0.215 0.215 0.2235 0.2235 0.2455 0.2455 0.2405 0.2405 0.2405 0.241 0.241 0.2515 0.2515 0.2625 0.2625 0.2625 0.25 0.25 0.2245 0.2245 0.217 0.217 0.217 0.212 0.212 0.2055 0.2055 0.198 0.198 0.198 0.1995 0.1995 0.1995 0.1995 0.1825 0.1825 0.1825 0.141 0.141 0.18 0.18 0.179 0.179 0.189 0.189 0.189 0.1925 0.1925 0.185 0.185 0.2205 0.2205 0.2205 0.222 0.222 0.2235 0.2235 0.218 0.218 0.218 0.2145 0.2145 0.199 0.199 0.1815 0.1815 0.1815 0.136
