ndvi/NOAA-378.asc
ncols         252
nrows         154
xllcorner     -18.017974
yllcorner     13.481982
cellsize      0.035948
NODATA_value  -9999
[rows 102 to 135 of 154, columns 0 to 76 of 252]
-1 -1 -1 -1 -1 -1 -1 -1 -1 -1 -1 -1 -1 -1 -1 -1 -1 -1 -1 -1 -1 -1 -1 -1 -1 0.0467 0.0467 0.0467 0.1125 0.1125 0.2175 0.2175 0.2065 0.2065 0.2065 0.211 0.211 0.204 0.204 0.2045 0.2045 0.2045 0.212 0.212 0.2145 0.2145 0.2165 0.2165 0.2165 0.2305 0.2305 0.231 0.231 0.2755 0.2755 0.294 0.294 0.294 0.2725 0.2725 0.261 0.261 0.261 0.261 0.261 0.259 0.259 0.2645 0.2645 0.261 0.261 0.261 0.238 0.238 0.228 0.228 0.2155
-1 -1 -1 -1 -1 -1 -1 -1 -1 -1 -1 -1 -1 -1 -1 -1 -1 -1 -1 -1 -1 -1 -1 0.034 0.034 0.145 0.145 0.145 0.2445 0.2445 0.2015 0.2015 0.198 0.198 0.198 0.207 0.207 0.2275 0.2275 0.237 0.237 0.237 0.2285 0.2285 0.2365 0.2365 0.237 0.237 0.237 0.2505 0.2505 0.25 0.25 0.2555 0.2555 0.2545 0.2545 0.2545 0.258 0.258 0.2595 0.2595 0.2595 0.2595 0.2595 0.2425 0.2425 0.259 0.259 0.2625 0.2625 0.2625 0.2375 0.2375 0.2295 0.2295 0.2555
-1 -1 -1 -1 -1 -1 -1 -1 -1 -1 -1 -1 -1 -1 -1 -1 -1 -1 -1 -1 -1 -1 -1 0.034 0.034 0.145 0.145 0.145 0.2445 0.2445 0.2015 0.2015 0.198 0.198 0.198 0.207 0.207 0.2275 0.2275 0.237 0.237 0.237 0.2285 0.2285 0.2365 0.2365 0.237 0.237 0.237 0.2505 0.2505 0.25 0.25 0.2555 0.2555 0.2545 0.2545 0.2545 0.258 0.258 0.2595 0.2595 0.2595 0.2595 0.2595 0.2425 0.2425 0.259 0.259 0.2625 0.2625 0.2625 0.2375 0.2375 0.2295 0.2295 0.2555
-1 -1 -1 -1 -1 -1 -1 -1 -1 -1 -1 -1 -1 -1 -1 -1 -1 -1 -1 -1 -1 -1 -1 0.034 0.034 0.145 0.145 0.145 0.2445 0.2445 0.2015 0.2015 0.198 0.198 0.198 0.207 0.207 0.2275 0.2275 0.237 0.237 0.237 0.2285 0.2285 0.2365 0.2365 0.237 0.237 0.237 0.2505 0.2505 0.25 0.25 0.2555 0.2555 0.2545 0.2545 0.2545 0.258 0.258 0.2595 0.2595 0.2595 0.2595 0.2595 0.2425 0.2425 0.259 0.259 0.2625 0.2625 0.2625 0.2375 0.2375 0.2295 0.2295 0.2555
-1 -1 -1 -1 -1 -1 -1 -1 -1 -1 -1 -1 -1 -1 -1 -1 -1 -1 -1 -1 -1 0.051 0.051 0.1125 0.1125 0.219 0.219 0.219 0.233 0.233 0.2155 0.2155 0.209 0.209 0.209 0.2485 0.2485 0.24 0.24 0.241 0.241 0.241 0.234 0.234 0.226 0.226 0.243 0.243 0.243 0.2605 0.2605 0.2605 0.2605 0.267 0.267 0.269 0.269 0.269 0.2575 0.2575 0.2565 0.2565 0.2565 0.2565 0.2565 0.267 0.267 0.2825 0.2825 0.2685 0.2685 0.2685 0.281 0.281 0.2705 0.2705 0.262
-1 -1 -1 -1 -1 -1 -1 -1 -1 -1 -1 -1 -1 -1 -1 -1 -1 -1 -1 -1 -1 0.051 0.051 0.1125 0.1125 0.219 0.219 0.219 0.233 0.233 0.2155 0.2155 0.209 0.209 0.209 0.2485 0.2485 0.24 0.24 0.241 0.241 0.241 0.234 0.234 0.226 0.226 0.243 0.243 0.243 0.2605 0.2605 0.2605 0.2605 0.267 0.267 0.269 0.269 0.269 0.2575 0.2575 0.2565 0.2565 0.2565 0.2565 0.2565 0.267 0.267 0.2825 0.2825 0.2685 0.2685 0.2685 0.281 0.281 0.2705 0.2705 0.262
-1 -1 -1 -1 -1 -1 -1 -1 -1 -1 -1 -1 -1 -1 -1 -1 -1 -1 -1 -1 -1 0.084 0.084 0.224 0.224 0.2675 0.2675 0.2675 0.224 0.224 0.2145 0.2145 0.2295 0.2295 0.2295 0.2525 0.2525 0.2355 0.2355 0.245 0.245 0.245 0.2545 0.2545 0.2225 0.2225 0.242 0.242 0.242 0.2615 0.2615 0.275 0.275 0.267 0.267 0.2555 0.2555 0.2555 0.265 0.265 0.2675 0.2675 0.2675 0.2675 0.2675 0.266 0.266 0.285 0.285 0.284 0.284 0.284 0.2845 0.2845 0.2865 0.2865 0.2745
-1 -1 -1 -1 -1 -1 -1 -1 -1 -1 -1 -1 -1 -1 -1 -1 -1 -1 -1 -1 -1 0.084 0.084 0.224 0.224 0.2675 0.2675 0.2675 0.224 0.224 0.2145 0.2145 0.2295 0.2295 0.2295 0.2525 0.2525 0.2355 0.2355 0.245 0.245 0.245 0.2545 0.2545 0.2225 0.2225 0.242 0.242 0.242 0.2615 0.2615 0.275 0.275 0.267 0.267 0.2555 0.2555 0.2555 0.265 0.265 0.2675 0.2675 0.2675 0.2675 0.2675 0.266 0.266 0.285 0.285 0.284 0.284 0.284 0.2845 0.2845 0.2865 0.2865 0.2745
-1 -1 -1 -1 -1 -1 -1 -1 -1 -1 -1 -1 -1 -1 -1 -1 -1 -1 0.0755 0.0755 0.0755 0.2545 0.2545 0.241 0.241 0.242 0.242 0.242 0.232 0.232 0.2325 0.2325 0.236 0.236 0.236 0.2345 0.2345 0.2325 0.2325 0.2515 0.2515 0.2515 0.2675 0.2675 0.243 0.243 0.246 0.246 0.246 0.2645 0.2645 0.262 0.262 0.2565 0.2565 0.2415 0.2415 0.2415 0.231 0.231 0.2485 0.2485 0.2485 0.2485 0.2485 0.248 0.248 0.2675 0.2675 0.281 0.281 0.281 0.273 0.273 0.282 0.282 0.2555
-1 -1 -1 -1 -1 -1 -1 -1 -1 -1 -1 -1 -1 -1 -1 -1 -1 -1 0.0755 0.0755 0.0755 0.2545 0.2545 0.241 0.241 0.242 0.242 0.242 0.232 0.232 0.2325 0.2325 0.236 0.236 0.236 0.2345 0.2345 0.2325 0.2325 0.2515 0.2515 0.2515 0.2675 0.2675 0.243 0.243 0.246 0.246 0.246 0.2645 0.2645 0.262 0.262 0.2565 0.2565 0.2415 0.2415 0.2415 0.231 0.231 0.2485 0.2485 0.2485 0.2485 0.2485 0.248 0.248 0.2675 0.2675 0.281 0.281 0.281 0.273 0.273 0.282 0.282 0.2555
-1 -1 -1 -1 -1 -1 -1 -1 -1 -1 -1 -1 -1 -1 -1 -1 -1 -1 0.0755 0.0755 0.0755 0.2545 0.2545 0.241 0.241 0.242 0.242 0.242 0.232 0.232 0.2325 0.2325 0.236 0.236 0.236 0.2345 0.2345 0.2325 0.2325 0.2515 0.2515 0.2515 0.2675 0.2675 0.243 0.243 0.246 0.246 0.246 0.2645 0.2645 0.262 0.262 0.2565 0.2565 0.2415 0.2415 0.2415 0.231 0.231 0.2485 0.2485 0.2485 0.2485 0.2485 0.248 0.248 0.2675 0.2675 0.281 0.281 0.281 0.273 0.273 0.282 0.282 0.2555
-1 -1 -1 -1 -1 -1 -1 -1 -1 -1 -1 -1 -1 -1 -1 -1 0.1635 0.1635 0.278 0.278 0.278 0.2635 0.2635 0.2435 0.2435 0.2355 0.2355 0.2355 0.2365 0.2365 0.2395 0.2395 0.2335 0.2335 0.2335 0.219 0.219 0.212 0.212 0.2265 0.2265 0.2265 0.2485 0.2485 0.2295 0.2295 0.241 0.241 0.241 0.2575 0.2575 0.259 0.259 0.231 0.231 0.2305 0.2305 0.2305 0.2475 0.2475 0.2485 0.2485 0.2485 0.2485 0.2485 0.243 0.243 0.2425 0.2425 0.251 0.251 0.251 0.253 0.253 0.2475 0.2475 0.2725
-1 -1 -1 -1 -1 -1 -1 -1 -1 -1 -1 -1 -1 -1 -1 -1 0.1635 0.1635 0.278 0.278 0.278 0.2635 0.2635 0.2435 0.2435 0.2355 0.2355 0.2355 0.2365 0.2365 0.2395 0.2395 0.2335 0.2335 0.2335 0.219 0.219 0.212 0.212 0.2265 0.2265 0.2265 0.2485 0.2485 0.2295 0.2295 0.241 0.241 0.241 0.2575 0.2575 0.259 0.259 0.231 0.231 0.2305 0.2305 0.2305 0.2475 0.2475 0.2485 0.2485 0.2485 0.2485 0.2485 0.243 0.243 0.2425 0.2425 0.251 0.251 0.251 0.253 0.253 0.2475 0.2475 0.2725
-1 -1 -1 -1 -1 -1 -1 -1 -1 -1 -1 -1 0.0615 0.0615 0.114 0.114 0.075 0.075 0.2545 0.2545 0.2545 0.256 0.256 0.2495 0.2495 0.2375 0.2375 0.2375 0.247 0.247 0.2485 0.2485 0.2245 0.2245 0.2245 0.2115 0.2115 0.2095 0.2095 0.2255 0.2255 0.2255 0.233 0.233 0.2375 0.2375 0.223 0.223 0.223 0.2415 0.2415 0.241 0.241 0.2515 0.2515 0.2495 0.2495 0.2495 0.261 0.261 0.238 0.238 0.238 0.238 0.238 0.2265 0.2265 0.229 0.229 0.241 0.241 0.241 0.232 0.232 0.242 0.242 0.276
-1 -1 -1 -1 -1 -1 -1 -1 -1 -1 -1 -1 0.0615 0.0615 0.114 0.114 0.075 0.075 0.2545 0.2545 0.2545 0.256 0.256 0.2495 0.2495 0.2375 0.2375 0.2375 0.247 0.247 0.2485 0.2485 0.2245 0.2245 0.2245 0.2115 0.2115 0.2095 0.2095 0.2255 0.2255 0.2255 0.233 0.233 0.2375 0.2375 0.223 0.223 0.223 0.2415 0.2415 0.241 0.241 0.2515 0.2515 0.2495 0.2495 0.2495 0.261 0.261 0.238 0.238 0.238 0.238 0.238 0.2265 0.2265 0.229 0.229 0.241 0.241 0.241 0.232 0.232 0.242 0.242 0.276
-1 -1 -1 -1 -1 -1 -1 -1 -1 0.0879 0.0879 0.0879 0.08050001 0.08050001 0.1224 0.1224 0.1052 0.1052 0.027 0.027 0.027 0.2335 0.2335 0.2365 0.2365 0.2555 0.2555 0.2555 0.229 0.229 0.223 0.223 0.228 0.228 0.228 0.217 0.217 0.1965 0.1965 0.2185 0.2185 0.2185 0.2345 0.2345 0.218 0.218 0.2505 0.2505 0.2505 0.234 0.234 0.2505 0.2505 0.2525 0.2525 0.239 0.239 0.239 0.2465 0.2465 0.2335 0.2335 0.2335 0.2335 0.2335 0.2405 0.2405 0.231 0.231 0.244 0.244 0.244 0.2365 0.2365 0.2375 0.2375 0.2255
-1 -1 -1 -1 -1 -1 -1 -1 -1 0.0879 0.0879 0.0879 0.08050001 0.08050001 0.1224 0.1224 0.1052 0.1052 0.027 0.027 0.027 0.2335 0.2335 0.2365 0.2365 0.2555 0.2555 0.2555 0.229 0.229 0.223 0.223 0.228 0.228 0.228 0.217 0.217 0.1965 0.1965 0.2185 0.2185 0.2185 0.2345 0.2345 0.218 0.218 0.2505 0.2505 0.2505 0.234 0.234 0.2505 0.2505 0.2525 0.2525 0.239 0.239 0.239 0.2465 0.2465 0.2335 0.2335 0.2335 0.2335 0.2335 0.2405 0.2405 0.231 0.231 0.244 0.244 0.244 0.2365 0.2365 0.2375 0.2375 0.2255
-1 -1 -1 -1 -1 -1 -1 -1 -1 0.0879 0.0879 0.0879 0.08050001 0.08050001 0.1224 0.1224 0.1052 0.1052 0.027 0.027 0.027 0.2335 0.2335 0.2365 0.2365 0.2555 0.2555 0.2555 0.229 0.229 0.223 0.223 0.228 0.228 0.228 0.217 0.217 0.1965 0.1965 0.2185 0.2185 0.2185 0.2345 0.2345 0.218 0.218 0.2505 0.2505 0.2505 0.234 0.234 0.2505 0.2505 0.2525 0.2525 0.239 0.239 0.239 0.2465 0.2465 0.2335 0.2335 0.2335 0.2335 0.2335 0.2405 0.2405 0.231 0.231 0.244 0.244 0.244 0.2365 0.2365 0.2375 0.2375 0.2255
-1 -1 -1 -1 -1 -1 -1 -1 -1 -1 -1 -1 0.0929 0.0929 0.1019 0.1019 0.1684 0.1684 0.0965 0.0965 0.0965 0.1765 0.1765 0.225 0.225 0.2655 0.2655 0.2655 0.237 0.237 0.2395 0.2395 0.2335 0.2335 0.2335 0.208 0.208 0.2075 0.2075 0.218 0.218 0.218 0.226 0.226 0.2245 0.2245 0.22 0.22 0.22 0.224 0.224 0.229 0.229 0.234 0.234 0.239 0.239 0.239 0.23 0.23 0.2145 0.2145 0.2145 0.2145 0.2145 0.209 0.209 0.196 0.196 0.223 0.223 0.223 0.2515 0.2515 0.256 0.256 0.233
-1 -1 -1 -1 -1 -1 -1 -1 -1 -1 -1 -1 0.0929 0.0929 0.1019 0.1019 0.1684 0.1684 0.0965 0.0965 0.0965 0.1765 0.1765 0.225 0.225 0.2655 0.2655 0.2655 0.237 0.237 0.2395 0.2395 0.2335 0.2335 0.2335 0.208 0.208 0.2075 0.2075 0.218 0.218 0.218 0.226 0.226 0.2245 0.2245 0.22 0.22 0.22 0.224 0.224 0.229 0.229 0.234 0.234 0.239 0.239 0.239 0.23 0.23 0.2145 0.2145 0.2145 0.2145 0.2145 0.209 0.209 0.196 0.196 0.223 0.223 0.223 0.2515 0.2515 0.256 0.256 0.233
-1 -1 -1 -1 -1 -1 -1 -1 -1 -1 -1 -1 -1 -1 -1 -1 -1 -1 0.0889 0.0889 0.0889 0.1575 0.1575 0.216 0.216 0.2075 0.2075 0.2075 0.2315 0.2315 0.2095 0.2095 0.22 0.22 0.22 0.208 0.208 0.2255 0.2255 0.235 0.235 0.235 0.2225 0.2225 0.22 0.22 0.2145 0.2145 0.2145 0.2255 0.2255 0.2395 0.2395 0.24 0.24 0.235 0.235 0.235 0.2205 0.2205 0.2015 0.2015 0.2015 0.2015 0.2015 0.191 0.191 0.215 0.215 0.256 0.256 0.256 0.264 0.264 0.281 0.281 0.2385
-1 -1 -1 -1 -1 -1 -1 -1 -1 -1 -1 -1 -1 -1 -1 -1 -1 -1 0.0889 0.0889 0.0889 0.1575 0.1575 0.216 0.216 0.2075 0.2075 0.2075 0.2315 0.2315 0.2095 0.2095 0.22 0.22 0.22 0.208 0.208 0.2255 0.2255 0.235 0.235 0.235 0.2225 0.2225 0.22 0.22 0.2145 0.2145 0.2145 0.2255 0.2255 0.2395 0.2395 0.24 0.24 0.235 0.235 0.235 0.2205 0.2205 0.2015 0.2015 0.2015 0.2015 0.2015 0.191 0.191 0.215 0.215 0.256 0.256 0.256 0.264 0.264 0.281 0.281 0.2385
-1 -1 -1 -1 -1 -1 -1 -1 -1 -1 -1 -1 -1 -1 -1 -1 -1 -1 -1 -1 -1 0.1145 0.1145 0.0965 0.0965 0.215 0.215 0.215 0.2445 0.2445 0.2505 0.2505 0.2375 0.2375 0.2375 0.232 0.232 0.221 0.221 0.207 0.207 0.207 0.222 0.222 0.2365 0.2365 0.2455 0.2455 0.2455 0.2105 0.2105 0.2215 0.2215 0.2235 0.2235 0.2175 0.2175 0.2175 0.214 0.214 0.2215 0.2215 0.2215 0.2215 0.2215 0.206 0.206 0.2175 0.2175 0.242 0.242 0.242 0.2395 0.2395 0.2435 0.2435 0.2365
-1 -1 -1 -1 -1 -1 -1 -1 -1 -1 -1 -1 -1 -1 -1 -1 -1 -1 -1 -1 -1 0.1145 0.1145 0.0965 0.0965 0.215 0.215 0.215 0.2445 0.2445 0.2505 0.2505 0.2375 0.2375 0.2375 0.232 0.232 0.221 0.221 0.207 0.207 0.207 0.222 0.222 0.2365 0.2365 0.2455 0.2455 0.2455 0.2105 0.2105 0.2215 0.2215 0.2235 0.2235 0.2175 0.2175 0.2175 0.214 0.214 0.2215 0.2215 0.2215 0.2215 0.2215 0.206 0.206 0.2175 0.2175 0.242 0.242 0.242 0.2395 0.2395 0.2435 0.2435 0.2365
-1 -1 -1 -1 -1 -1 -1 -1 -1 -1 -1 -1 -1 -1 -1 -1 -1 -1 -1 -1 -1 0.1609 0.1609 0.1775 0.1775 0.158 0.158 0.158 0.233 0.233 0.27 0.27 0.264 0.264 0.264 0.2515 0.2515 0.237 0.237 0.1965 0.1965 0.1965 0.21 0.21 0.214 0.214 0.248 0.248 0.248 0.2355 0.2355 0.2235 0.2235 0.2305 0.2305 0.2285 0.2285 0.2285 0.223 0.223 0.2205 0.2205 0.2205 0.2205 0.2205 0.1995 0.1995 0.231 0.231 0.241 0.241 0.241 0.216 0.216 0.24 0.24 0.224
-1 -1 -1 -1 -1 -1 -1 -1 -1 -1 -1 -1 -1 -1 -1 -1 -1 -1 -1 -1 -1 0.1609 0.1609 0.1775 0.1775 0.158 0.158 0.158 0.233 0.233 0.27 0.27 0.264 0.264 0.264 0.2515 0.2515 0.237 0.237 0.1965 0.1965 0.1965 0.21 0.21 0.214 0.214 0.248 0.248 0.248 0.2355 0.2355 0.2235 0.2235 0.2305 0.2305 0.2285 0.2285 0.2285 0.223 0.223 0.2205 0.2205 0.2205 0.2205 0.2205 0.1995 0.1995 0.231 0.231 0.241 0.241 0.241 0.216 0.216 0.24 0.24 0.224
-1 -1 -1 -1 -1 -1 -1 -1 -1 -1 -1 -1 -1 -1 -1 -1 -1 -1 -1 -1 -1 0.1609 0.1609 0.1775 0.1775 0.158 0.158 0.158 0.233 0.233 0.27 0.27 0.264 0.264 0.264 0.2515 0.2515 0.237 0.237 0.1965 0.1965 0.1965 0.21 0.21 0.214 0.214 0.248 0.248 0.248 0.2355 0.2355 0.2235 0.2235 0.2305 0.2305 0.2285 0.2285 0.2285 0.223 0.223 0.2205 0.2205 0.2205 0.2205 0.2205 0.1995 0.1995 0.231 0.231 0.241 0.241 0.241 0.216 0.216 0.24 0.24 0.224
-1 -1 -1 -1 -1 -1 -1 -1 -1 -1 -1 -1 -1 -1 -1 -1 -1 -1 -1 -1 -1 -1 -1 0.1702 0.1702 0.021 0.021 0.021 0.2085 0.2085 0.2805 0.2805 0.2535 0.2535 0.2535 0.2635 0.2635 0.094 0.094 0.1425 0.1425 0.1425 0.185 0.185 0.1955 0.1955 0.2005 0.2005 0.2005 0.221 0.221 0.2265 0.2265 0.256 0.256 0.2835 0.2835 0.2835 0.248 0.248 0.221 0.221 0.221 0.221 0.221 0.195 0.195 0.2245 0.2245 0.2395 0.2395 0.2395 0.2415 0.2415 0.2215 0.2215 0.233
-1 -1 -1 -1 -1 -1 -1 -1 -1 -1 -1 -1 -1 -1 -1 -1 -1 -1 -1 -1 -1 -1 -1 0.1702 0.1702 0.021 0.021 0.021 0.2085 0.2085 0.2805 0.2805 0.2535 0.2535 0.2535 0.2635 0.2635 0.094 0.094 0.1425 0.1425 0.1425 0.185 0.185 0.1955 0.1955 0.2005 0.2005 0.2005 0.221 0.221 0.2265 0.2265 0.256 0.256 0.2835 0.2835 0.2835 0.248 0.248 0.221 0.221 0.221 0.221 0.221 0.195 0.195 0.2245 0.2245 0.2395 0.2395 0.2395 0.2415 0.2415 0.2215 0.2215 0.233
-1 -1 -1 -1 -1 -1 -1 -1 -1 -1 -1 -1 -1 -1 -1 -1 -1 -1 -1 -1 -1 -1 -1 -1 -1 0.065 0.065 0.065 0.0995 0.0995 0.186 0.186 0.1895 0.1895 0.1895 0.0915 0.0915 0.101 0.101 0.0875 0.0875 0.0875 0.247 0.247 0.2015 0.2015 0.264 0.264 0.264 0.2175 0.2175 0.231 0.231 0.2315 0.2315 0.248 0.248 0.248 0.2425 0.2425 0.248 0.248 0.248 0.248 0.248 0.226 0.226 0.233 0.233 0.225 0.225 0.225 0.2485 0.2485 0.2205 0.2205 0.2145
-1 -1 -1 -1 -1 -1 -1 -1 -1 -1 -1 -1 -1 -1 -1 -1 -1 -1 -1 -1 -1 -1 -1 -1 -1 0.065 0.065 0.065 0.0995 0.0995 0.186 0.186 0.1895 0.1895 0.1895 0.0915 0.0915 0.101 0.101 0.0875 0.0875 0.0875 0.247 0.247 0.2015 0.2015 0.264 0.264 0.264 0.2175 0.2175 0.231 0.231 0.2315 0.2315 0.248 0.248 0.248 0.2425 0.2425 0.248 0.248 0.248 0.248 0.248 0.226 0.226 0.233 0.233 0.225 0.225 0.225 0.2485 0.2485 0.2205 0.2205 0.2145
-1 -1 -1 -1 -1 -1 -1 -1 -1 -1 -1 -1 -1 -1 -1 -1 -1 -1 -1 -1 -1 -1 -1 -1 -1 0.0874 0.0874 0.0874 0.0825 0.0825 0.1865 0.1865 0.197 0.197 0.197 0.136 0.136 0.126 0.126 0.2145 0.2145 0.2145 0.1875 0.1875 0.2665 0.2665 0.2805 0.2805 0.2805 0.2225 0.2225 0.236 0.236 0.2205 0.2205 0.2315 0.2315 0.2315 0.25 0.25 0.2515 0.2515 0.2515 0.2515 0.2515 0.226 0.226 0.189 0.189 0.1815 0.1815 0.1815 0.2175 0.2175 0.2295 0.2295 0.2155
-1 -1 -1 -1 -1 -1 -1 -1 -1 -1 -1 -1 -1 -1 -1 -1 -1 -1 -1 -1 -1 -1 -1 -1 -1 0.0874 0.0874 0.0874 0.0825 0.0825 0.1865 0.1865 0.197 0.197 0.197 0.136 0.136 0.126 0.126 0.2145 0.2145 0.2145 0.1875 0.1875 0.2665 0.2665 0.2805 0.2805 0.2805 0.2225 0.2225 0.236 0.236 0.2205 0.2205 0.2315 0.2315 0.2315 0.25 0.25 0.2515 0.2515 0.2515 0.2515 0.2515 0.226 0.226 0.189 0.189 0.1815 0.1815 0.1815 0.2175 0.2175 0.2295 0.2295 0.2155
-1 -1 -1 -1 -1 -1 -1 -1 -1 -1 -1 -1 -1 -1 -1 -1 -1 -1 -1 -1 -1 -1 -1 -1 -1 0.0874 0.0874 0.0874 0.0825 0.0825 0.1865 0.1865 0.197 0.197 0.197 0.136 0.136 0.126 0.126 0.2145 0.2145 0.2145 0.1875 0.1875 0.2665 0.2665 0.2805 0.2805 0.2805 0.2225 0.2225 0.236 0.236 0.2205 0.2205 0.2315 0.2315 0.2315 0.25 0.25 0.2515 0.2515 0.2515 0.2515 0.2515 0.226 0.226 0.189 0.189 0.1815 0.1815 0.1815 0.2175 0.2175 0.2295 0.2295 0.2155
