ndvi/NOAA-255.asc
ncols         252
nrows         154
xllcorner     -18.017974
yllcorner     13.481982
cellsize      0.035948
NODATA_value  -9999
[rows 102 to 135 of 154, columns 77 to 153 of 252]
0.211 0.211 0.22 0.22 0.2275 0.2275 0.2325 0.2325 0.2325 0.231 0.231 0.2185 0.2185 0.214 0.214 0.218 0.218 0.218 0.2145 0.2145 0.2205 0.2205 0.24 0.24 0.24 0.228 0.228 0.229 0.229 0.222 0.222 0.222 0.231 0.231 0.228 0.228 0.2305 0.2305 0.2305 0.233 0.233 0.245 0.245 0.2435 0.2435 0.2435 0.246 0.246 0.244 0.244 0.2575 0.2575 0.2515 0.2515 0.2515 0.252 0.252 0.2175 0.2175 0.213 0.213 0.213 0.211 0.211 0.2255 0.2255 0.2455 0.2455 0.2455 0.253 0.253 0.24 0.24 0.2295 0.2295 0.2295 0.219
0.2315 0.2315 0.229 0.229 0.224 0.224 0.226 0.226 0.226 0.224 0.224 0.2255 0.2255 0.212 0.212 0.221 0.221 0.221 0.222 0.222 0.224 0.224 0.2255 0.2255 0.2255 0.238 0.238 0.225 0.225 0.2275 0.2275 0.2275 0.232 0.232 0.2345 0.2345 0.25 0.25 0.25 0.237 0.237 0.2355 0.2355 0.2325 0.2325 0.2325 0.233 0.233 0.2475 0.2475 0.2485 0.2485 0.2525 0.2525 0.2525 0.233 0.233 0.2375 0.2375 0.22 0.22 0.22 0.236 0.236 0.245 0.245 0.2385 0.2385 0.2385 0.234 0.234 0.2295 0.2295 0.2215 0.2215 0.2215 0.212
0.2315 0.2315 0.229 0.229 0.224 0.224 0.226 0.226 0.226 0.224 0.224 0.2255 0.2255 0.212 0.212 0.221 0.221 0.221 0.222 0.222 0.224 0.224 0.2255 0.2255 0.2255 0.238 0.238 0.225 0.225 0.2275 0.2275 0.2275 0.232 0.232 0.2345 0.2345 0.25 0.25 0.25 0.237 0.237 0.2355 0.2355 0.2325 0.2325 0.2325 0.233 0.233 0.2475 0.2475 0.2485 0.2485 0.2525 0.2525 0.2525 0.233 0.233 0.2375 0.2375 0.22 0.22 0.22 0.236 0.236 0.245 0.245 0.2385 0.2385 0.2385 0.234 0.234 0.2295 0.2295 0.2215 0.2215 0.2215 0.212
0.2315 0.2315 0.229 0.229 0.224 0.224 0.226 0.226 0.226 0.224 0.224 0.2255 0.2255 0.212 0.212 0.221 0.221 0.221 0.222 0.222 0.224 0.224 0.2255 0.2255 0.2255 0.238 0.238 0.225 0.225 0.2275 0.2275 0.2275 0.232 0.232 0.2345 0.2345 0.25 0.25 0.25 0.237 0.237 0.2355 0.2355 0.2325 0.2325 0.2325 0.233 0.233 0.2475 0.2475 0.2485 0.2485 0.2525 0.2525 0.2525 0.233 0.233 0.2375 0.2375 0.22 0.22 0.22 0.236 0.236 0.245 0.245 0.2385 0.2385 0.2385 0.234 0.234 0.2295 0.2295 0.2215 0.2215 0.2215 0.212
0.24 0.24 0.2185 0.2185 0.2195 0.2195 0.232 0.232 0.232 0.2135 0.2135 0.2185 0.2185 0.232 0.232 0.2135 0.2135 0.2135 0.2205 0.2205 0.2265 0.2265 0.247 0.247 0.247 0.2495 0.2495 0.2415 0.2415 0.2295 0.2295 0.2295 0.234 0.234 0.2365 0.2365 0.2425 0.2425 0.2425 0.245 0.245 0.2385 0.2385 0.2435 0.2435 0.2435 0.241 0.241 0.245 0.245 0.2445 0.2445 0.249 0.249 0.249 0.241 0.241 0.2285 0.2285 0.232 0.232 0.232 0.219 0.219 0.215 0.215 0.231 0.231 0.231 0.2315 0.2315 0.2235 0.2235 0.222 0.222 0.222 0.2235
0.24 0.24 0.2185 0.2185 0.2195 0.2195 0.232 0.232 0.232 0.2135 0.2135 0.2185 0.2185 0.232 0.232 0.2135 0.2135 0.2135 0.2205 0.2205 0.2265 0.2265 0.247 0.247 0.247 0.2495 0.2495 0.2415 0.2415 0.2295 0.2295 0.2295 0.234 0.234 0.2365 0.2365 0.2425 0.2425 0.2425 0.245 0.245 0.2385 0.2385 0.2435 0.2435 0.2435 0.241 0.241 0.245 0.245 0.2445 0.2445 0.249 0.249 0.249 0.241 0.241 0.2285 0.2285 0.232 0.232 0.232 0.219 0.219 0.215 0.215 0.231 0.231 0.231 0.2315 0.2315 0.2235 0.2235 0.222 0.222 0.222 0.2235
0.2385 0.2385 0.2335 0.2335 0.23 0.23 0.2255 0.2255 0.2255 0.2195 0.2195 0.2255 0.2255 0.2345 0.2345 0.228 0.228 0.228 0.233 0.233 0.244 0.244 0.2505 0.2505 0.2505 0.2545 0.2545 0.253 0.253 0.238 0.238 0.238 0.2465 0.2465 0.2425 0.2425 0.246 0.246 0.246 0.248 0.248 0.2425 0.2425 0.245 0.245 0.245 0.2335 0.2335 0.2395 0.2395 0.229 0.229 0.2385 0.2385 0.2385 0.2465 0.2465 0.2395 0.2395 0.2215 0.2215 0.2215 0.238 0.238 0.2385 0.2385 0.246 0.246 0.246 0.2175 0.2175 0.2215 0.2215 0.22 0.22 0.22 0.2175
0.2385 0.2385 0.2335 0.2335 0.23 0.23 0.2255 0.2255 0.2255 0.2195 0.2195 0.2255 0.2255 0.2345 0.2345 0.228 0.228 0.228 0.233 0.233 0.244 0.244 0.2505 0.2505 0.2505 0.2545 0.2545 0.253 0.253 0.238 0.238 0.238 0.2465 0.2465 0.2425 0.2425 0.246 0.246 0.246 0.248 0.248 0.2425 0.2425 0.245 0.245 0.245 0.2335 0.2335 0.2395 0.2395 0.229 0.229 0.2385 0.2385 0.2385 0.2465 0.2465 0.2395 0.2395 0.2215 0.2215 0.2215 0.238 0.238 0.2385 0.2385 0.246 0.246 0.246 0.2175 0.2175 0.2215 0.2215 0.22 0.22 0.22 0.2175
0.253 0.253 0.246 0.246 0.2385 0.2385 0.2265 0.2265 0.2265 0.226 0.226 0.2305 0.2305 0.2515 0.2515 0.2495 0.2495 0.2495 0.246 0.246 0.2385 0.2385 0.24 0.24 0.24 0.247 0.247 0.2435 0.2435 0.245 0.245 0.245 0.244 0.244 0.2525 0.2525 0.242 0.242 0.242 0.2355 0.2355 0.239 0.239 0.2285 0.2285 0.2285 0.219 0.219 0.238 0.238 0.2385 0.2385 0.2485 0.2485 0.2485 0.244 0.244 0.245 0.245 0.2395 0.2395 0.2395 0.2405 0.2405 0.235 0.235 0.2485 0.2485 0.2485 0.249 0.249 0.2565 0.2565 0.2295 0.2295 0.2295 0.219
0.253 0.253 0.246 0.246 0.2385 0.2385 0.2265 0.2265 0.2265 0.226 0.226 0.2305 0.2305 0.2515 0.2515 0.2495 0.2495 0.2495 0.246 0.246 0.2385 0.2385 0.24 0.24 0.24 0.247 0.247 0.2435 0.2435 0.245 0.245 0.245 0.244 0.244 0.2525 0.2525 0.242 0.242 0.242 0.2355 0.2355 0.239 0.239 0.2285 0.2285 0.2285 0.219 0.219 0.238 0.238 0.2385 0.2385 0.2485 0.2485 0.2485 0.244 0.244 0.245 0.245 0.2395 0.2395 0.2395 0.2405 0.2405 0.235 0.235 0.2485 0.2485 0.2485 0.249 0.249 0.2565 0.2565 0.2295 0.2295 0.2295 0.219
0.253 0.253 0.246 0.246 0.2385 0.2385 0.2265 0.2265 0.2265 0.226 0.226 0.2305 0.2305 0.2515 0.2515 0.2495 0.2495 0.2495 0.246 0.246 0.2385 0.2385 0.24 0.24 0.24 0.247 0.247 0.2435 0.2435 0.245 0.245 0.245 0.244 0.244 0.2525 0.2525 0.242 0.242 0.242 0.2355 0.2355 0.239 0.239 0.2285 0.2285 0.2285 0.219 0.219 0.238 0.238 0.2385 0.2385 0.2485 0.2485 0.2485 0.244 0.244 0.245 0.245 0.2395 0.2395 0.2395 0.2405 0.2405 0.235 0.235 0.2485 0.2485 0.2485 0.249 0.249 0.2565 0.2565 0.2295 0.2295 0.2295 0.219
0.2315 0.2315 0.26 0.26 0.2585 0.2585 0.2495 0.2495 0.2495 0.239 0.239 0.2325 0.2325 0.23 0.23 0.2405 0.2405 0.2405 0.237 0.237 0.2485 0.2485 0.2395 0.2395 0.2395 0.252 0.252 0.2485 0.2485 0.246 0.246 0.246 0.241 0.241 0.2545 0.2545 0.2545 0.2545 0.2545 0.2595 0.2595 0.2505 0.2505 0.2485 0.2485 0.2485 0.239 0.239 0.2495 0.2495 0.257 0.257 0.251 0.251 0.251 0.259 0.259 0.248 0.248 0.2395 0.2395 0.2395 0.243 0.243 0.238 0.238 0.2475 0.2475 0.2475 0.2585 0.2585 0.2635 0.2635 0.23 0.23 0.23 0.2145
0.2315 0.2315 0.26 0.26 0.2585 0.2585 0.2495 0.2495 0.2495 0.239 0.239 0.2325 0.2325 0.23 0.23 0.2405 0.2405 0.2405 0.237 0.237 0.2485 0.2485 0.2395 0.2395 0.2395 0.252 0.252 0.2485 0.2485 0.246 0.246 0.246 0.241 0.241 0.2545 0.2545 0.2545 0.2545 0.2545 0.2595 0.2595 0.2505 0.2505 0.2485 0.2485 0.2485 0.239 0.239 0.2495 0.2495 0.257 0.257 0.251 0.251 0.251 0.259 0.259 0.248 0.248 0.2395 0.2395 0.2395 0.243 0.243 0.238 0.238 0.2475 0.2475 0.2475 0.2585 0.2585 0.2635 0.2635 0.23 0.23 0.23 0.2145
0.226 0.226 0.2405 0.2405 0.242 0.242 0.2375 0.2375 0.2375 0.232 0.232 0.238 0.238 0.248 0.248 0.2385 0.2385 0.2385 0.2455 0.2455 0.241 0.241 0.24 0.24 0.24 0.2455 0.2455 0.245 0.245 0.253 0.253 0.253 0.2525 0.2525 0.2475 0.2475 0.2515 0.2515 0.2515 0.254 0.254 0.2355 0.2355 0.253 0.253 0.253 0.2435 0.2435 0.258 0.258 0.2595 0.2595 0.257 0.257 0.257 0.2495 0.2495 0.247 0.247 0.25 0.25 0.25 0.2485 0.2485 0.2335 0.2335 0.2385 0.2385 0.2385 0.235 0.235 0.2485 0.2485 0.2405 0.2405 0.2405 0.207
0.226 0.226 0.2405 0.2405 0.242 0.242 0.2375 0.2375 0.2375 0.232 0.232 0.238 0.238 0.248 0.248 0.2385 0.2385 0.2385 0.2455 0.2455 0.241 0.241 0.24 0.24 0.24 0.2455 0.2455 0.245 0.245 0.253 0.253 0.253 0.2525 0.2525 0.2475 0.2475 0.2515 0.2515 0.2515 0.254 0.254 0.2355 0.2355 0.253 0.253 0.253 0.2435 0.2435 0.258 0.258 0.2595 0.2595 0.257 0.257 0.257 0.2495 0.2495 0.247 0.247 0.25 0.25 0.25 0.2485 0.2485 0.2335 0.2335 0.2385 0.2385 0.2385 0.235 0.235 0.2485 0.2485 0.2405 0.2405 0.2405 0.207
0.2125 0.2125 0.2135 0.2135 0.236 0.236 0.2265 0.2265 0.2265 0.237 0.237 0.24 0.24 0.242 0.242 0.2475 0.2475 0.2475 0.236 0.236 0.2365 0.2365 0.2625 0.2625 0.2625 0.2475 0.2475 0.2445 0.2445 0.236 0.236 0.236 0.23 0.23 0.2495 0.2495 0.233 0.233 0.233 0.2425 0.2425 0.2455 0.2455 0.253 0.253 0.253 0.2445 0.2445 0.251 0.251 0.2655 0.2655 0.263 0.263 0.263 0.266 0.266 0.248 0.248 0.254 0.254 0.254 0.249 0.249 0.241 0.241 0.236 0.236 0.236 0.245 0.245 0.24 0.24 0.235 0.235 0.235 0.24
0.2125 0.2125 0.2135 0.2135 0.236 0.236 0.2265 0.2265 0.2265 0.237 0.237 0.24 0.24 0.242 0.242 0.2475 0.2475 0.2475 0.236 0.236 0.2365 0.2365 0.2625 0.2625 0.2625 0.2475 0.2475 0.2445 0.2445 0.236 0.236 0.236 0.23 0.23 0.2495 0.2495 0.233 0.233 0.233 0.2425 0.2425 0.2455 0.2455 0.253 0.253 0.253 0.2445 0.2445 0.251 0.251 0.2655 0.2655 0.263 0.263 0.263 0.266 0.266 0.248 0.248 0.254 0.254 0.254 0.249 0.249 0.241 0.241 0.236 0.236 0.236 0.245 0.245 0.24 0.24 0.235 0.235 0.235 0.24
0.2125 0.2125 0.2135 0.2135 0.236 0.236 0.2265 0.2265 0.2265 0.237 0.237 0.24 0.24 0.242 0.242 0.2475 0.2475 0.2475 0.236 0.236 0.2365 0.2365 0.2625 0.2625 0.2625 0.2475 0.2475 0.2445 0.2445 0.236 0.236 0.236 0.23 0.23 0.2495 0.2495 0.233 0.233 0.233 0.2425 0.2425 0.2455 0.2455 0.253 0.253 0.253 0.2445 0.2445 0.251 0.251 0.2655 0.2655 0.263 0.263 0.263 0.266 0.266 0.248 0.248 0.254 0.254 0.254 0.249 0.249 0.241 0.241 0.236 0.236 0.236 0.245 0.245 0.24 0.24 0.235 0.235 0.235 0.24
0.218 0.218 0.221 0.221 0.232 0.232 0.233 0.233 0.233 0.227 0.227 0.2455 0.2455 0.2475 0.2475 0.246 0.246 0.246 0.2585 0.2585 0.26 0.26 0.248 0.248 0.248 0.2555 0.2555 0.2525 0.2525 0.2365 0.2365 0.2365 0.2385 0.2385 0.2505 0.2505 0.2585 0.2585 0.2585 0.264 0.264 0.2535 0.2535 0.2655 0.2655 0.2655 0.2585 0.2585 0.26 0.26 0.2635 0.2635 0.2595 0.2595 0.2595 0.2495 0.2495 0.257 0.257 0.2495 0.2495 0.2495 0.2575 0.2575 0.2425 0.2425 0.2395 0.2395 0.2395 0.227 0.227 0.2275 0.2275 0.2295 0.2295 0.2295 0.238
0.218 0.218 0.221 0.221 0.232 0.232 0.233 0.233 0.233 0.227 0.227 0.2455 0.2455 0.2475 0.2475 0.246 0.246 0.246 0.2585 0.2585 0.26 0.26 0.248 0.248 0.248 0.2555 0.2555 0.2525 0.2525 0.2365 0.2365 0.2365 0.2385 0.2385 0.2505 0.2505 0.2585 0.2585 0.2585 0.264 0.264 0.2535 0.2535 0.2655 0.2655 0.2655 0.2585 0.2585 0.26 0.26 0.2635 0.2635 0.2595 0.2595 0.2595 0.2495 0.2495 0.257 0.257 0.2495 0.2495 0.2495 0.2575 0.2575 0.2425 0.2425 0.2395 0.2395 0.2395 0.227 0.227 0.2275 0.2275 0.2295 0.2295 0.2295 0.238
0.2365 0.2365 0.2235 0.2235 0.222 0.222 0.233 0.233 0.233 0.2515 0.2515 0.2395 0.2395 0.2465 0.2465 0.249 0.249 0.249 0.247 0.247 0.25 0.25 0.2505 0.2505 0.2505 0.257 0.257 0.256 0.256 0.256 0.256 0.256 0.259 0.259 0.276 0.276 0.272 0.272 0.272 0.2825 0.2825 0.266 0.266 0.2625 0.2625 0.2625 0.2715 0.2715 0.276 0.276 0.264 0.264 0.2545 0.2545 0.2545 0.255 0.255 0.253 0.253 0.2615 0.2615 0.2615 0.263 0.263 0.256 0.256 0.2465 0.2465 0.2465 0.241 0.241 0.238 0.238 0.233 0.233 0.233 0.2405
0.2365 0.2365 0.2235 0.2235 0.222 0.222 0.233 0.233 0.233 0.2515 0.2515 0.2395 0.2395 0.2465 0.2465 0.249 0.249 0.249 0.247 0.247 0.25 0.25 0.2505 0.2505 0.2505 0.257 0.257 0.256 0.256 0.256 0.256 0.256 0.259 0.259 0.276 0.276 0.272 0.272 0.272 0.2825 0.2825 0.266 0.266 0.2625 0.2625 0.2625 0.2715 0.2715 0.276 0.276 0.264 0.264 0.2545 0.2545 0.2545 0.255 0.255 0.253 0.253 0.2615 0.2615 0.2615 0.263 0.263 0.256 0.256 0.2465 0.2465 0.2465 0.241 0.241 0.238 0.238 0.233 0.233 0.233 0.2405
0.26 0.26 0.2385 0.2385 0.231 0.231 0.2395 0.2395 0.2395 0.2455 0.2455 0.252 0.252 0.2425 0.2425 0.2555 0.2555 0.2555 0.2515 0.2515 0.2565 0.2565 0.2625 0.2625 0.2625 0.234 0.234 0.2505 0.2505 0.2635 0.2635 0.2635 0.264 0.264 0.2695 0.2695 0.265 0.265 0.265 0.2765 0.2765 0.2655 0.2655 0.266 0.266 0.266 0.264 0.264 0.267 0.267 0.265 0.265 0.2765 0.2765 0.2765 0.2515 0.2515 0.2565 0.2565 0.262 0.262 0.262 0.2505 0.2505 0.256 0.256 0.242 0.242 0.242 0.235 0.235 0.223 0.223 0.237 0.237 0.237 0.2605
0.26 0.26 0.2385 0.2385 0.231 0.231 0.2395 0.2395 0.2395 0.2455 0.2455 0.252 0.252 0.2425 0.2425 0.2555 0.2555 0.2555 0.2515 0.2515 0.2565 0.2565 0.2625 0.2625 0.2625 0.234 0.234 0.2505 0.2505 0.2635 0.2635 0.2635 0.264 0.264 0.2695 0.2695 0.265 0.265 0.265 0.2765 0.2765 0.2655 0.2655 0.266 0.266 0.266 0.264 0.264 0.267 0.267 0.265 0.265 0.2765 0.2765 0.2765 0.2515 0.2515 0.2565 0.2565 0.262 0.262 0.262 0.2505 0.2505 0.256 0.256 0.242 0.242 0.242 0.235 0.235 0.223 0.223 0.237 0.237 0.237 0.2605
0.2695 0.2695 0.248 0.248 0.238 0.238 0.2515 0.2515 0.2515 0.2485 0.2485 0.25 0.25 0.2575 0.2575 0.2525 0.2525 0.2525 0.253 0.253 0.2645 0.2645 0.2565 0.2565 0.2565 0.248 0.248 0.262 0.262 0.247 0.247 0.247 0.2625 0.2625 0.274 0.274 0.27 0.27 0.27 0.267 0.267 0.2575 0.2575 0.264 0.264 0.264 0.267 0.267 0.259 0.259 0.263 0.263 0.265 0.265 0.265 0.2555 0.2555 0.2585 0.2585 0.248 0.248 0.248 0.2555 0.2555 0.2355 0.2355 0.235 0.235 0.235 0.24 0.24 0.233 0.233 0.2345 0.2345 0.2345 0.2435
0.2695 0.2695 0.248 0.248 0.238 0.238 0.2515 0.2515 0.2515 0.2485 0.2485 0.25 0.25 0.2575 0.2575 0.2525 0.2525 0.2525 0.253 0.253 0.2645 0.2645 0.2565 0.2565 0.2565 0.248 0.248 0.262 0.262 0.247 0.247 0.247 0.2625 0.2625 0.274 0.274 0.27 0.27 0.27 0.267 0.267 0.2575 0.2575 0.264 0.264 0.264 0.267 0.267 0.259 0.259 0.263 0.263 0.265 0.265 0.265 0.2555 0.2555 0.2585 0.2585 0.248 0.248 0.248 0.2555 0.2555 0.2355 0.2355 0.235 0.235 0.235 0.24 0.24 0.233 0.233 0.2345 0.2345 0.2345 0.2435
0.2695 0.2695 0.248 0.248 0.238 0.238 0.2515 0.2515 0.2515 0.2485 0.2485 0.25 0.25 0.2575 0.2575 0.2525 0.2525 0.2525 0.253 0.253 0.2645 0.2645 0.2565 0.2565 0.2565 0.248 0.248 0.262 0.262 0.247 0.247 0.247 0.2625 0.2625 0.274 0.274 0.27 0.27 0.27 0.267 0.267 0.2575 0.2575 0.264 0.264 0.264 0.267 0.267 0.259 0.259 0.263 0.263 0.265 0.265 0.265 0.2555 0.2555 0.2585 0.2585 0.248 0.248 0.248 0.2555 0.2555 0.2355 0.2355 0.235 0.235 0.235 0.24 0.24 0.233 0.233 0.2345 0.2345 0.2345 0.2435
0.267 0.267 0.2625 0.2625 0.259 0.259 0.2555 0.2555 0.2555 0.2665 0.2665 0.252 0.252 0.2445 0.2445 0.253 0.253 0.253 0.2495 0.2495 0.249 0.249 0.2555 0.2555 0.2555 0.2505 0.2505 0.264 0.264 0.2505 0.2505 0.2505 0.247 0.247 0.2595 0.2595 0.259 0.259 0.259 0.2635 0.2635 0.2685 0.2685 0.2545 0.2545 0.2545 0.269 0.269 0.262 0.262 0.273 0.273 0.2705 0.2705 0.2705 0.2605 0.2605 0.2605 0.2605 0.244 0.244 0.244 0.2275 0.2275 0.2455 0.2455 0.249 0.249 0.249 0.251 0.251 0.244 0.244 0.25 0.25 0.25 0.252
0.267 0.267 0.2625 0.2625 0.259 0.259 0.2555 0.2555 0.2555 0.2665 0.2665 0.252 0.252 0.2445 0.2445 0.253 0.253 0.253 0.2495 0.2495 0.249 0.249 0.2555 0.2555 0.2555 0.2505 0.2505 0.264 0.264 0.2505 0.2505 0.2505 0.247 0.247 0.2595 0.2595 0.259 0.259 0.259 0.2635 0.2635 0.2685 0.2685 0.2545 0.2545 0.2545 0.269 0.269 0.262 0.262 0.273 0.273 0.2705 0.2705 0.2705 0.2605 0.2605 0.2605 0.2605 0.244 0.244 0.244 0.2275 0.2275 0.2455 0.2455 0.249 0.249 0.249 0.251 0.251 0.244 0.244 0.25 0.25 0.25 0.252
0.2615 0.2615 0.2735 0.2735 0.2645 0.2645 0.258 0.258 0.258 0.269 0.269 0.258 0.258 0.265 0.265 0.275 0.275 0.275 0.2685 0.2685 0.2595 0.2595 0.2505 0.2505 0.2505 0.265 0.265 0.2675 0.2675 0.259 0.259 0.259 0.2665 0.2665 0.2635 0.2635 0.2655 0.2655 0.2655 0.2665 0.2665 0.271 0.271 0.2705 0.2705 0.2705 0.28 0.28 0.257 0.257 0.2665 0.2665 0.2495 0.2495 0.2495 0.2455 0.2455 0.257 0.257 0.2545 0.2545 0.2545 0.252 0.252 0.2405 0.2405 0.2445 0.2445 0.2445 0.251 0.251 0.244 0.244 0.25 0.25 0.25 0.2695
0.2615 0.2615 0.2735 0.2735 0.2645 0.2645 0.258 0.258 0.258 0.269 0.269 0.258 0.258 0.265 0.265 0.275 0.275 0.275 0.2685 0.2685 0.2595 0.2595 0.2505 0.2505 0.2505 0.265 0.265 0.2675 0.2675 0.259 0.259 0.259 0.2665 0.2665 0.2635 0.2635 0.2655 0.2655 0.2655 0.2665 0.2665 0.271 0.271 0.2705 0.2705 0.2705 0.28 0.28 0.257 0.257 0.2665 0.2665 0.2495 0.2495 0.2495 0.2455 0.2455 0.257 0.257 0.2545 0.2545 0.2545 0.252 0.252 0.2405 0.2405 0.2445 0.2445 0.2445 0.251 0.251 0.244 0.244 0.25 0.25 0.25 0.2695
0.259 0.259 0.255 0.255 0.271 0.271 0.2665 0.2665 0.2665 0.2755 0.2755 0.252 0.252 0.2625 0.2625 0.279 0.279 0.279 0.269 0.269 0.266 0.266 0.2815 0.2815 0.2815 0.2685 0.2685 0.273 0.273 0.248 0.248 0.248 0.268 0.268 0.2685 0.2685 0.2695 0.2695 0.2695 0.262 0.262 0.284 0.284 0.281 0.281 0.281 0.282 0.282 0.283 0.283 0.2835 0.2835 0.272 0.272 0.272 0.2745 0.2745 0.2855 0.2855 0.272 0.272 0.272 0.2615 0.2615 0.262 0.262 0.2645 0.2645 0.2645 0.279 0.279 0.263 0.263 0.257 0.257 0.257 0.258
0.259 0.259 0.255 0.255 0.271 0.271 0.2665 0.2665 0.2665 0.2755 0.2755 0.252 0.252 0.2625 0.2625 0.279 0.279 0.279 0.269 0.269 0.266 0.266 0.2815 0.2815 0.2815 0.2685 0.2685 0.273 0.273 0.248 0.248 0.248 0.268 0.268 0.2685 0.2685 0.2695 0.2695 0.2695 0.262 0.262 0.284 0.284 0.281 0.281 0.281 0.282 0.282 0.283 0.283 0.2835 0.2835 0.272 0.272 0.272 0.2745 0.2745 0.2855 0.2855 0.272 0.272 0.272 0.2615 0.2615 0.262 0.262 0.2645 0.2645 0.2645 0.279 0.279 0.263 0.263 0.257 0.257 0.257 0.258
0.259 0.259 0.255 0.255 0.271 0.271 0.2665 0.2665 0.2665 0.2755 0.2755 0.252 0.252 0.2625 0.2625 0.279 0.279 0.279 0.269 0.269 0.266 0.266 0.2815 0.2815 0.2815 0.2685 0.2685 0.273 0.273 0.248 0.248 0.248 0.268 0.268 0.2685 0.2685 0.2695 0.2695 0.2695 0.262 0.262 0.284 0.284 0.281 0.281 0.281 0.282 0.282 0.283 0.283 0.2835 0.2835 0.272 0.272 0.272 0.2745 0.2745 0.2855 0.2855 0.272 0.272 0.272 0.2615 0.2615 0.262 0.262 0.2645 0.2645 0.2645 0.279 0.279 0.263 0.263 0.257 0.257 0.257 0.258
