ndvi/NOAA-275.asc
ncols         252
nrows         154
xllcorner     -18.017974
yllcorner     13.481982
cellsize      0.035948
NODATA_value  -9999
[rows 102 to 135 of 154, columns 154 to 230 of 252]
0.2605 0.259 0.259 0.2235 0.2235 0.2235 0.2015 0.2015 0.2855 0.2855 0.255 0.255 0.258 0.258 0.258 0.2625 0.2625 0.2635 0.2635 0.2855 0.2855 0.2855 0.246 0.246 0.2455 0.2455 0.229 0.229 0.229 0.2515 0.2515 0.262 0.262 0.2345 0.2345 0.2345 0.2285 0.2285 0.222 0.222 0.238 0.238 0.238 0.255 0.255 0.2525 0.2525 0.244 0.244 0.234 0.234 0.234 0.1995 0.1995 0.2215 0.2215 0.225 0.225 0.225 0.2365 0.2365 0.243 0.243 0.245 0.245 0.245 0.25 0.25 0.224 0.224 0.2125 0.2125 0.2125 0.2375 0.2375 0.2415 0.2415
0.262 0.248 0.248 0.2875 0.2875 0.2875 0.225 0.225 0.257 0.257 0.241 0.241 0.258 0.258 0.258 0.266 0.266 0.251 0.251 0.26 0.26 0.26 0.2425 0.2425 0.239 0.239 0.2585 0.2585 0.2585 0.2845 0.2845 0.2565 0.2565 0.221 0.221 0.221 0.2245 0.2245 0.217 0.217 0.2415 0.2415 0.2415 0.2435 0.2435 0.2745 0.2745 0.33 0.33 0.2595 0.2595 0.2595 0.2975 0.2975 0.2485 0.2485 0.212 0.212 0.212 0.238 0.238 0.2465 0.2465 0.259 0.259 0.259 0.2725 0.2725 0.266 0.266 0.2475 0.2475 0.2475 0.2505 0.2505 0.2295 0.2295
0.262 0.248 0.248 0.2875 0.2875 0.2875 0.225 0.225 0.257 0.257 0.241 0.241 0.258 0.258 0.258 0.266 0.266 0.251 0.251 0.26 0.26 0.26 0.2425 0.2425 0.239 0.239 0.2585 0.2585 0.2585 0.2845 0.2845 0.2565 0.2565 0.221 0.221 0.221 0.2245 0.2245 0.217 0.217 0.2415 0.2415 0.2415 0.2435 0.2435 0.2745 0.2745 0.33 0.33 0.2595 0.2595 0.2595 0.2975 0.2975 0.2485 0.2485 0.212 0.212 0.212 0.238 0.238 0.2465 0.2465 0.259 0.259 0.259 0.2725 0.2725 0.266 0.266 0.2475 0.2475 0.2475 0.2505 0.2505 0.2295 0.2295
0.262 0.248 0.248 0.2875 0.2875 0.2875 0.225 0.225 0.257 0.257 0.241 0.241 0.258 0.258 0.258 0.266 0.266 0.251 0.251 0.26 0.26 0.26 0.2425 0.2425 0.239 0.239 0.2585 0.2585 0.2585 0.2845 0.2845 0.2565 0.2565 0.221 0.221 0.221 0.2245 0.2245 0.217 0.217 0.2415 0.2415 0.2415 0.2435 0.2435 0.2745 0.2745 0.33 0.33 0.2595 0.2595 0.2595 0.2975 0.2975 0.2485 0.2485 0.212 0.212 0.212 0.238 0.238 0.2465 0.2465 0.259 0.259 0.259 0.2725 0.2725 0.266 0.266 0.2475 0.2475 0.2475 0.2505 0.2505 0.2295 0.2295
0.2595 0.2805 0.2805 0.2805 0.2805 0.2805 0.267 0.267 0.2485 0.2485 0.258 0.258 0.259 0.259 0.259 0.2335 0.2335 0.2455 0.2455 0.257 0.257 0.257 0.226 0.226 0.226 0.226 0.2435 0.2435 0.2435 0.2285 0.2285 0.273 0.273 0.2435 0.2435 0.2435 0.288 0.288 0.2455 0.2455 0.2735 0.2735 0.2735 0.342 0.342 0.2785 0.2785 0.286 0.286 0.2945 0.2945 0.2945 0.3525 0.3525 0.384 0.384 0.2965 0.2965 0.2965 0.246 0.246 0.275 0.275 0.2825 0.2825 0.2825 0.273 0.273 0.2985 0.2985 0.256 0.256 0.256 0.2655 0.2655 0.2635 0.2635
0.2595 0.2805 0.2805 0.2805 0.2805 0.2805 0.267 0.267 0.2485 0.2485 0.258 0.258 0.259 0.259 0.259 0.2335 0.2335 0.2455 0.2455 0.257 0.257 0.257 0.226 0.226 0.226 0.226 0.2435 0.2435 0.2435 0.2285 0.2285 0.273 0.273 0.2435 0.2435 0.2435 0.288 0.288 0.2455 0.2455 0.2735 0.2735 0.2735 0.342 0.342 0.2785 0.2785 0.286 0.286 0.2945 0.2945 0.2945 0.3525 0.3525 0.384 0.384 0.2965 0.2965 0.2965 0.246 0.246 0.275 0.275 0.2825 0.2825 0.2825 0.273 0.273 0.2985 0.2985 0.256 0.256 0.256 0.2655 0.2655 0.2635 0.2635
0.286 0.3005 0.3005 0.2535 0.2535 0.2535 0.2805 0.2805 0.255 0.255 0.247 0.247 0.2375 0.2375 0.2375 0.2535 0.2535 0.2475 0.2475 0.2805 0.2805 0.2805 0.2625 0.2625 0.2745 0.2745 0.231 0.231 0.231 0.2785 0.2785 0.279 0.279 0.2705 0.2705 0.2705 0.3625 0.3625 0.3055 0.3055 0.2635 0.2635 0.2635 0.242 0.242 0.2495 0.2495 0.251 0.251 0.2495 0.2495 0.2495 0.326 0.326 0.356 0.356 0.334 0.334 0.334 0.267 0.267 0.3215 0.3215 0.3395 0.3395 0.3395 0.3595 0.3595 0.3075 0.3075 0.294 0.294 0.294 0.284 0.284 0.289 0.289
0.286 0.3005 0.3005 0.2535 0.2535 0.2535 0.2805 0.2805 0.255 0.255 0.247 0.247 0.2375 0.2375 0.2375 0.2535 0.2535 0.2475 0.2475 0.2805 0.2805 0.2805 0.2625 0.2625 0.2745 0.2745 0.231 0.231 0.231 0.2785 0.2785 0.279 0.279 0.2705 0.2705 0.2705 0.3625 0.3625 0.3055 0.3055 0.2635 0.2635 0.2635 0.242 0.242 0.2495 0.2495 0.251 0.251 0.2495 0.2495 0.2495 0.326 0.326 0.356 0.356 0.334 0.334 0.334 0.267 0.267 0.3215 0.3215 0.3395 0.3395 0.3395 0.3595 0.3595 0.3075 0.3075 0.294 0.294 0.294 0.284 0.284 0.289 0.289
0.2965 0.2615 0.2615 0.29 0.29 0.29 0.2875 0.2875 0.282 0.282 0.269 0.269 0.2455 0.2455 0.2455 0.263 0.263 0.2795 0.2795 0.251 0.251 0.251 0.258 0.258 0.2415 0.2415 0.253 0.253 0.253 0.258 0.258 0.2585 0.2585 0.2975 0.2975 0.2975 0.3125 0.3125 0.285 0.285 0.2555 0.2555 0.2555 0.259 0.259 0.2515 0.2515 0.2875 0.2875 0.2805 0.2805 0.2805 0.2605 0.2605 0.339 0.339 0.293 0.293 0.293 0.3005 0.3005 0.297 0.297 0.314 0.314 0.314 0.317 0.317 0.3095 0.3095 0.288 0.288 0.288 0.2755 0.2755 0.2935 0.2935
0.2965 0.2615 0.2615 0.29 0.29 0.29 0.2875 0.2875 0.282 0.282 0.269 0.269 0.2455 0.2455 0.2455 0.263 0.263 0.2795 0.2795 0.251 0.251 0.251 0.258 0.258 0.2415 0.2415 0.253 0.253 0.253 0.258 0.258 0.2585 0.2585 0.2975 0.2975 0.2975 0.3125 0.3125 0.285 0.285 0.2555 0.2555 0.2555 0.259 0.259 0.2515 0.2515 0.2875 0.2875 0.2805 0.2805 0.2805 0.2605 0.2605 0.339 0.339 0.293 0.293 0.293 0.3005 0.3005 0.297 0.297 0.314 0.314 0.314 0.317 0.317 0.3095 0.3095 0.288 0.288 0.288 0.2755 0.2755 0.2935 0.2935
0.2965 0.2615 0.2615 0.29 0.29 0.29 0.2875 0.2875 0.282 0.282 0.269 0.269 0.2455 0.2455 0.2455 0.263 0.263 0.2795 0.2795 0.251 0.251 0.251 0.258 0.258 0.2415 0.2415 0.253 0.253 0.253 0.258 0.258 0.2585 0.2585 0.2975 0.2975 0.2975 0.3125 0.3125 0.285 0.285 0.2555 0.2555 0.2555 0.259 0.259 0.2515 0.2515 0.2875 0.2875 0.2805 0.2805 0.2805 0.2605 0.2605 0.339 0.339 0.293 0.293 0.293 0.3005 0.3005 0.297 0.297 0.314 0.314 0.314 0.317 0.317 0.3095 0.3095 0.288 0.288 0.288 0.2755 0.2755 0.2935 0.2935
0.286 0.276 0.276 0.268 0.268 0.268 0.276 0.276 0.256 0.256 0.251 0.251 0.263 0.263 0.263 0.276 0.276 0.2525 0.2525 0.2365 0.2365 0.2365 0.2435 0.2435 0.269 0.269 0.2895 0.2895 0.2895 0.2605 0.2605 0.2775 0.2775 0.307 0.307 0.307 0.3725 0.3725 0.2895 0.2895 0.2585 0.2585 0.2585 0.251 0.251 0.248 0.248 0.221 0.221 0.294 0.294 0.294 0.246 0.246 0.2755 0.2755 0.3115 0.3115 0.3115 0.29 0.29 0.342 0.342 0.333 0.333 0.333 0.3115 0.3115 0.2785 0.2785 0.302 0.302 0.302 0.323 0.323 0.312 0.312
0.286 0.276 0.276 0.268 0.268 0.268 0.276 0.276 0.256 0.256 0.251 0.251 0.263 0.263 0.263 0.276 0.276 0.2525 0.2525 0.2365 0.2365 0.2365 0.2435 0.2435 0.269 0.269 0.2895 0.2895 0.2895 0.2605 0.2605 0.2775 0.2775 0.307 0.307 0.307 0.3725 0.3725 0.2895 0.2895 0.2585 0.2585 0.2585 0.251 0.251 0.248 0.248 0.221 0.221 0.294 0.294 0.294 0.246 0.246 0.2755 0.2755 0.3115 0.3115 0.3115 0.29 0.29 0.342 0.342 0.333 0.333 0.333 0.3115 0.3115 0.2785 0.2785 0.302 0.302 0.302 0.323 0.323 0.312 0.312
0.2555 0.2665 0.2665 0.253 0.253 0.253 0.3085 0.3085 0.261 0.261 0.275 0.275 0.292 0.292 0.292 0.289 0.289 0.2585 0.2585 0.253 0.253 0.253 0.241 0.241 0.2285 0.2285 0.25 0.25 0.25 0.252 0.252 0.2735 0.2735 0.2875 0.2875 0.2875 0.3605 0.3605 0.2425 0.2425 0.269 0.269 0.269 0.24 0.24 0.2685 0.2685 0.219 0.219 0.287 0.287 0.287 0.2755 0.2755 0.31 0.31 0.3385 0.3385 0.3385 0.357 0.357 0.342 0.342 0.3465 0.3465 0.3465 0.293 0.293 0.2795 0.2795 0.3125 0.3125 0.3125 0.3185 0.3185 0.2835 0.2835
0.2555 0.2665 0.2665 0.253 0.253 0.253 0.3085 0.3085 0.261 0.261 0.275 0.275 0.292 0.292 0.292 0.289 0.289 0.2585 0.2585 0.253 0.253 0.253 0.241 0.241 0.2285 0.2285 0.25 0.25 0.25 0.252 0.252 0.2735 0.2735 0.2875 0.2875 0.2875 0.3605 0.3605 0.2425 0.2425 0.269 0.269 0.269 0.24 0.24 0.2685 0.2685 0.219 0.219 0.287 0.287 0.287 0.2755 0.2755 0.31 0.31 0.3385 0.3385 0.3385 0.357 0.357 0.342 0.342 0.3465 0.3465 0.3465 0.293 0.293 0.2795 0.2795 0.3125 0.3125 0.3125 0.3185 0.3185 0.2835 0.2835
0.2655 0.2705 0.2705 0.265 0.265 0.265 0.264 0.264 0.262 0.262 0.288 0.288 0.2805 0.2805 0.2805 0.282 0.282 0.2805 0.2805 0.2775 0.2775 0.2775 0.2715 0.2715 0.2505 0.2505 0.237 0.237 0.237 0.26 0.26 0.2555 0.2555 0.226 0.226 0.226 0.2305 0.2305 0.2925 0.2925 0.2735 0.2735 0.2735 0.2885 0.2885 0.3185 0.3185 0.3125 0.3125 0.3555 0.3555 0.3555 0.3 0.3 0.366 0.366 0.33 0.33 0.33 0.3 0.3 0.4325 0.4325 0.3905 0.3905 0.3905 0.338 0.338 0.346 0.346 0.3525 0.3525 0.3525 0.2995 0.2995 0.297 0.297
0.2655 0.2705 0.2705 0.265 0.265 0.265 0.264 0.264 0.262 0.262 0.288 0.288 0.2805 0.2805 0.2805 0.282 0.282 0.2805 0.2805 0.2775 0.2775 0.2775 0.2715 0.2715 0.2505 0.2505 0.237 0.237 0.237 0.26 0.26 0.2555 0.2555 0.226 0.226 0.226 0.2305 0.2305 0.2925 0.2925 0.2735 0.2735 0.2735 0.2885 0.2885 0.3185 0.3185 0.3125 0.3125 0.3555 0.3555 0.3555 0.3 0.3 0.366 0.366 0.33 0.33 0.33 0.3 0.3 0.4325 0.4325 0.3905 0.3905 0.3905 0.338 0.338 0.346 0.346 0.3525 0.3525 0.3525 0.2995 0.2995 0.297 0.297
0.2655 0.2705 0.2705 0.265 0.265 0.265 0.264 0.264 0.262 0.262 0.288 0.288 0.2805 0.2805 0.2805 0.282 0.282 0.2805 0.2805 0.2775 0.2775 0.2775 0.2715 0.2715 0.2505 0.2505 0.237 0.237 0.237 0.26 0.26 0.2555 0.2555 0.226 0.226 0.226 0.2305 0.2305 0.2925 0.2925 0.2735 0.2735 0.2735 0.2885 0.2885 0.3185 0.3185 0.3125 0.3125 0.3555 0.3555 0.3555 0.3 0.3 0.366 0.366 0.33 0.33 0.33 0.3 0.3 0.4325 0.4325 0.3905 0.3905 0.3905 0.338 0.338 0.346 0.346 0.3525 0.3525 0.3525 0.2995 0.2995 0.297 0.297
0.266 0.282 0.282 0.2685 0.2685 0.2685 0.2605 0.2605 0.253 0.253 0.281 0.281 0.305 0.305 0.305 0.298 0.298 0.3275 0.3275 0.3215 0.3215 0.3215 0.3405 0.3405 0.2925 0.2925 0.2875 0.2875 0.2875 0.2565 0.2565 0.253 0.253 0.3255 0.3255 0.3255 0.305 0.305 0.28 0.28 0.276 0.276 0.276 0.302 0.302 0.3375 0.3375 0.3135 0.3135 0.367 0.367 0.367 0.3005 0.3005 0.3005 0.3005 0.305 0.305 0.305 0.2965 0.2965 0.369 0.369 0.396 0.396 0.396 0.344 0.344 0.363 0.363 0.379 0.379 0.379 0.325 0.325 0.3195 0.3195
0.266 0.282 0.282 0.2685 0.2685 0.2685 0.2605 0.2605 0.253 0.253 0.281 0.281 0.305 0.305 0.305 0.298 0.298 0.3275 0.3275 0.3215 0.3215 0.3215 0.3405 0.3405 0.2925 0.2925 0.2875 0.2875 0.2875 0.2565 0.2565 0.253 0.253 0.3255 0.3255 0.3255 0.305 0.305 0.28 0.28 0.276 0.276 0.276 0.302 0.302 0.3375 0.3375 0.3135 0.3135 0.367 0.367 0.367 0.3005 0.3005 0.3005 0.3005 0.305 0.305 0.305 0.2965 0.2965 0.369 0.369 0.396 0.396 0.396 0.344 0.344 0.363 0.363 0.379 0.379 0.379 0.325 0.325 0.3195 0.3195
0.299 0.288 0.288 0.279 0.279 0.279 0.301 0.301 0.2825 0.2825 0.2675 0.2675 0.295 0.295 0.295 0.3555 0.3555 0.3395 0.3395 0.377 0.377 0.377 0.377 0.377 0.379 0.379 0.3205 0.3205 0.3205 0.269 0.269 0.2525 0.2525 0.276 0.276 0.276 0.3295 0.3295 0.275 0.275 0.281 0.281 0.281 0.305 0.305 0.4005 0.4005 0.3965 0.3965 0.351 0.351 0.351 0.338 0.338 0.342 0.342 0.346 0.346 0.346 0.3645 0.3645 0.349 0.349 0.3375 0.3375 0.3375 0.3365 0.3365 0.374 0.374 0.37 0.37 0.37 0.333 0.333 0.3565 0.3565
0.299 0.288 0.288 0.279 0.279 0.279 0.301 0.301 0.2825 0.2825 0.2675 0.2675 0.295 0.295 0.295 0.3555 0.3555 0.3395 0.3395 0.377 0.377 0.377 0.377 0.377 0.379 0.379 0.3205 0.3205 0.3205 0.269 0.269 0.2525 0.2525 0.276 0.276 0.276 0.3295 0.3295 0.275 0.275 0.281 0.281 0.281 0.305 0.305 0.4005 0.4005 0.3965 0.3965 0.351 0.351 0.351 0.338 0.338 0.342 0.342 0.346 0.346 0.346 0.3645 0.3645 0.349 0.349 0.3375 0.3375 0.3375 0.3365 0.3365 0.374 0.374 0.37 0.37 0.37 0.333 0.333 0.3565 0.3565
0.317 0.323 0.323 0.309 0.309 0.309 0.273 0.273 0.283 0.283 0.2595 0.2595 0.314 0.314 0.314 0.3335 0.3335 0.3025 0.3025 0.335 0.335 0.335 0.3395 0.3395 0.3525 0.3525 0.368 0.368 0.368 0.3065 0.3065 0.3365 0.3365 0.2985 0.2985 0.2985 0.2965 0.2965 0.288 0.288 0.2925 0.2925 0.2925 0.3315 0.3315 0.4335 0.4335 0.3715 0.3715 0.373 0.373 0.373 0.3915 0.3915 0.3335 0.3335 0.3145 0.3145 0.3145 0.3825 0.3825 0.3695 0.3695 0.366 0.366 0.366 0.36 0.36 0.381 0.381 0.38 0.38 0.38 0.371 0.371 0.328 0.328
0.317 0.323 0.323 0.309 0.309 0.309 0.273 0.273 0.283 0.283 0.2595 0.2595 0.314 0.314 0.314 0.3335 0.3335 0.3025 0.3025 0.335 0.335 0.335 0.3395 0.3395 0.3525 0.3525 0.368 0.368 0.368 0.3065 0.3065 0.3365 0.3365 0.2985 0.2985 0.2985 0.2965 0.2965 0.288 0.288 0.2925 0.2925 0.2925 0.3315 0.3315 0.4335 0.4335 0.3715 0.3715 0.373 0.373 0.373 0.3915 0.3915 0.3335 0.3335 0.3145 0.3145 0.3145 0.3825 0.3825 0.3695 0.3695 0.366 0.366 0.366 0.36 0.36 0.381 0.381 0.38 0.38 0.38 0.371 0.371 0.328 0.328
0.3255 0.361 0.361 0.283 0.283 0.283 0.2695 0.2695 0.3195 0.3195 0.348 0.348 0.318 0.318 0.318 0.309 0.309 0.288 0.288 0.322 0.322 0.322 0.326 0.326 0.297 0.297 0.286 0.286 0.286 0.3125 0.3125 0.386 0.386 0.35 0.35 0.35 0.282 0.282 0.3095 0.3095 0.2785 0.2785 0.2785 0.4205 0.4205 0.4245 0.4245 0.461 0.461 0.3925 0.3925 0.3925 0.3895 0.3895 0.389 0.389 0.3855 0.3855 0.3855 0.3315 0.3315 0.3765 0.3765 0.375 0.375 0.375 0.315 0.315 0.343 0.343 0.353 0.353 0.353 0.309 0.309 0.3155 0.3155
0.3255 0.361 0.361 0.283 0.283 0.283 0.2695 0.2695 0.3195 0.3195 0.348 0.348 0.318 0.318 0.318 0.309 0.309 0.288 0.288 0.322 0.322 0.322 0.326 0.326 0.297 0.297 0.286 0.286 0.286 0.3125 0.3125 0.386 0.386 0.35 0.35 0.35 0.282 0.282 0.3095 0.3095 0.2785 0.2785 0.2785 0.4205 0.4205 0.4245 0.4245 0.461 0.461 0.3925 0.3925 0.3925 0.3895 0.3895 0.389 0.389 0.3855 0.3855 0.3855 0.3315 0.3315 0.3765 0.3765 0.375 0.375 0.375 0.315 0.315 0.343 0.343 0.353 0.353 0.353 0.309 0.309 0.3155 0.3155
0.3255 0.361 0.361 0.283 0.283 0.283 0.2695 0.2695 0.3195 0.3195 0.348 0.348 0.318 0.318 0.318 0.309 0.309 0.288 0.288 0.322 0.322 0.322 0.326 0.326 0.297 0.297 0.286 0.286 0.286 0.3125 0.3125 0.386 0.386 0.35 0.35 0.35 0.282 0.282 0.3095 0.3095 0.2785 0.2785 0.2785 0.4205 0.4205 0.4245 0.4245 0.461 0.461 0.3925 0.3925 0.3925 0.3895 0.3895 0.389 0.389 0.3855 0.3855 0.3855 0.3315 0.3315 0.3765 0.3765 0.375 0.375 0.375 0.315 0.315 0.343 0.343 0.353 0.353 0.353 0.309 0.309 0.3155 0.3155
0.3385 0.3135 0.3135 0.312 0.312 0.312 0.2935 0.2935 0.363 0.363 0.39 0.39 0.353 0.353 0.353 0.3095 0.3095 0.2865 0.2865 0.3135 0.3135 0.3135 0.3605 0.3605 0.3785 0.3785 0.3475 0.3475 0.3475 0.33 0.33 0.362 0.362 0.323 0.323 0.323 0.33 0.33 0.308 0.308 0.4035 0.4035 0.4035 0.4285 0.4285 0.4665 0.4665 0.5035 0.5035 0.4555 0.4555 0.4555 0.4135 0.4135 0.3655 0.3655 0.3835 0.3835 0.3835 0.4015 0.4015 0.5275 0.5275 0.484 0.484 0.484 0.3505 0.3505 0.3305 0.3305 0.3165 0.3165 0.3165 0.339 0.339 0.308 0.308
0.3385 0.3135 0.3135 0.312 0.312 0.312 0.2935 0.2935 0.363 0.363 0.39 0.39 0.353 0.353 0.353 0.3095 0.3095 0.2865 0.2865 0.3135 0.3135 0.3135 0.3605 0.3605 0.3785 0.3785 0.3475 0.3475 0.3475 0.33 0.33 0.362 0.362 0.323 0.323 0.323 0.33 0.33 0.308 0.308 0.4035 0.4035 0.4035 0.4285 0.4285 0.4665 0.4665 0.5035 0.5035 0.4555 0.4555 0.4555 0.4135 0.4135 0.3655 0.3655 0.3835 0.3835 0.3835 0.4015 0.4015 0.5275 0.5275 0.484 0.484 0.484 0.3505 0.3505 0.3305 0.3305 0.3165 0.3165 0.3165 0.339 0.339 0.308 0.308
0.3055 0.3135 0.3135 0.3425 0.3425 0.3425 0.329 0.329 0.3375 0.3375 0.355 0.355 0.316 0.316 0.316 0.402 0.402 0.3725 0.3725 0.3125 0.3125 0.3125 0.3145 0.3145 0.366 0.366 0.413 0.413 0.413 0.363 0.363 0.3025 0.3025 0.3915 0.3915 0.3915 0.3515 0.3515 0.303 0.303 0.358 0.358 0.358 0.413 0.413 0.47 0.47 0.4415 0.4415 0.4415 0.4415 0.4415 0.407 0.407 0.47 0.47 0.439 0.439 0.439 0.4705 0.4705 0.3655 0.3655 0.438 0.438 0.438 0.4085 0.4085 0.366 0.366 0.325 0.325 0.325 0.3105 0.3105 0.3245 0.3245
0.3055 0.3135 0.3135 0.3425 0.3425 0.3425 0.329 0.329 0.3375 0.3375 0.355 0.355 0.316 0.316 0.316 0.402 0.402 0.3725 0.3725 0.3125 0.3125 0.3125 0.3145 0.3145 0.366 0.366 0.413 0.413 0.413 0.363 0.363 0.3025 0.3025 0.3915 0.3915 0.3915 0.3515 0.3515 0.303 0.303 0.358 0.358 0.358 0.413 0.413 0.47 0.47 0.4415 0.4415 0.4415 0.4415 0.4415 0.407 0.407 0.47 0.47 0.439 0.439 0.439 0.4705 0.4705 0.3655 0.3655 0.438 0.438 0.438 0.4085 0.4085 0.366 0.366 0.325 0.325 0.325 0.3105 0.3105 0.3245 0.3245
0.306 0.3445 0.3445 0.347 0.347 0.347 0.3605 0.3605 0.35 0.35 0.3345 0.3345 0.3545 0.3545 0.3545 0.3345 0.3345 0.393 0.393 0.3355 0.3355 0.3355 0.337 0.337 0.435 0.435 0.39 0.39 0.39 0.444 0.444 0.42 0.42 0.337 0.337 0.337 0.313 0.313 0.347 0.347 0.401 0.401 0.401 0.413 0.413 0.4645 0.4645 0.4315 0.4315 0.4375 0.4375 0.4375 0.472 0.472 0.439 0.439 0.492 0.492 0.492 0.4905 0.4905 0.458 0.458 0.4945 0.4945 0.4945 0.3655 0.3655 0.3825 0.3825 0.3235 0.3235 0.3235 0.343 0.343 0.335 0.335
0.306 0.3445 0.3445 0.347 0.347 0.347 0.3605 0.3605 0.35 0.35 0.3345 0.3345 0.3545 0.3545 0.3545 0.3345 0.3345 0.393 0.393 0.3355 0.3355 0.3355 0.337 0.337 0.435 0.435 0.39 0.39 0.39 0.444 0.444 0.42 0.42 0.337 0.337 0.337 0.313 0.313 0.347 0.347 0.401 0.401 0.401 0.413 0.413 0.4645 0.4645 0.4315 0.4315 0.4375 0.4375 0.4375 0.472 0.472 0.439 0.439 0.492 0.492 0.492 0.4905 0.4905 0.458 0.458 0.4945 0.4945 0.4945 0.3655 0.3655 0.3825 0.3825 0.3235 0.3235 0.3235 0.343 0.343 0.335 0.335
0.306 0.3445 0.3445 0.347 0.347 0.347 0.3605 0.3605 0.35 0.35 0.3345 0.3345 0.3545 0.3545 0.3545 0.3345 0.3345 0.393 0.393 0.3355 0.3355 0.3355 0.337 0.337 0.435 0.435 0.39 0.39 0.39 0.444 0.444 0.42 0.42 0.337 0.337 0.337 0.313 0.313 0.347 0.347 0.401 0.401 0.401 0.413 0.413 0.4645 0.4645 0.4315 0.4315 0.4375 0.4375 0.4375 0.472 0.472 0.439 0.439 0.492 0.492 0.492 0.4905 0.4905 0.458 0.458 0.4945 0.4945 0.4945 0.3655 0.3655 0.3825 0.3825 0.3235 0.3235 0.3235 0.343 0.343 0.335 0.335
