ndvi/NOAA-302.asc
ncols         252
nrows         154
xllcorner     -18.017974
yllcorner     13.481982
cellsize      0.035948
NODATA_value  -9999
[rows 68 to 101 of 154, columns 0 to 76 of 252]
-1 -1 -1 -1 -1 -1 -1 -1 -1 -1 -1 -1 -1 -1 -1 -1 -1 -1 -1 -1 -1 -1 -1 -1 -1 -1 -1 -1 -1 -1 -1 -1 -1 -1 -1 -1 -1 -1 -1 0.2315 0.2315 0.2315 0.2625 0.2625 0.361 0.361 0.37 0.37 0.37 0.4145 0.4145 0.299 0.299 0.314 0.314 0.2815 0.2815 0.2815 0.2645 0.2645 0.325 0.325 0.325 0.325 0.325 0.409 0.409 0.2655 0.2655 0.3355 0.3355 0.3355 0.2655 0.2655 0.243 0.243 0.252
-1 -1 -1 -1 -1 -1 -1 -1 -1 -1 -1 -1 -1 -1 -1 -1 -1 -1 -1 -1 -1 -1 -1 -1 -1 -1 -1 -1 -1 -1 -1 -1 -1 -1 -1 -1 -1 -1 -1 0.258 0.258 0.258 0.2575 0.2575 0.403 0.403 0.4605 0.4605 0.4605 0.3015 0.3015 0.285 0.285 0.297 0.297 0.259 0.259 0.259 0.3985 0.3985 0.355 0.355 0.355 0.355 0.355 0.366 0.366 0.2855 0.2855 0.257 0.257 0.257 0.215 0.215 0.218 0.218 0.226
-1 -1 -1 -1 -1 -1 -1 -1 -1 -1 -1 -1 -1 -1 -1 -1 -1 -1 -1 -1 -1 -1 -1 -1 -1 -1 -1 -1 -1 -1 -1 -1 -1 -1 -1 -1 -1 -1 -1 0.258 0.258 0.258 0.2575 0.2575 0.403 0.403 0.4605 0.4605 0.4605 0.3015 0.3015 0.285 0.285 0.297 0.297 0.259 0.259 0.259 0.3985 0.3985 0.355 0.355 0.355 0.355 0.355 0.366 0.366 0.2855 0.2855 0.257 0.257 0.257 0.215 0.215 0.218 0.218 0.226
-1 -1 -1 -1 -1 -1 -1 -1 -1 -1 -1 -1 -1 -1 -1 -1 -1 -1 -1 -1 -1 -1 -1 -1 -1 -1 -1 -1 -1 -1 -1 -1 -1 -1 -1 -1 -1 0.0897 0.0897 0.166 0.166 0.166 0.3555 0.3555 0.3165 0.3165 0.3145 0.3145 0.3145 0.253 0.253 0.2585 0.2585 0.268 0.268 0.28 0.28 0.28 0.2765 0.2765 0.3735 0.3735 0.3735 0.3735 0.3735 0.2605 0.2605 0.265 0.265 0.2505 0.2505 0.2505 0.2595 0.2595 0.233 0.233 0.2495
-1 -1 -1 -1 -1 -1 -1 -1 -1 -1 -1 -1 -1 -1 -1 -1 -1 -1 -1 -1 -1 -1 -1 -1 -1 -1 -1 -1 -1 -1 -1 -1 -1 -1 -1 -1 -1 0.0897 0.0897 0.166 0.166 0.166 0.3555 0.3555 0.3165 0.3165 0.3145 0.3145 0.3145 0.253 0.253 0.2585 0.2585 0.268 0.268 0.28 0.28 0.28 0.2765 0.2765 0.3735 0.3735 0.3735 0.3735 0.3735 0.2605 0.2605 0.265 0.265 0.2505 0.2505 0.2505 0.2595 0.2595 0.233 0.233 0.2495
-1 -1 -1 -1 -1 -1 -1 -1 -1 -1 -1 -1 -1 -1 -1 -1 -1 -1 -1 -1 -1 -1 -1 -1 -1 -1 -1 -1 -1 -1 -1 -1 -1 -1 -1 -1 -1 0.0897 0.0897 0.166 0.166 0.166 0.3555 0.3555 0.3165 0.3165 0.3145 0.3145 0.3145 0.253 0.253 0.2585 0.2585 0.268 0.268 0.28 0.28 0.28 0.2765 0.2765 0.3735 0.3735 0.3735 0.3735 0.3735 0.2605 0.2605 0.265 0.265 0.2505 0.2505 0.2505 0.2595 0.2595 0.233 0.233 0.2495
-1 -1 -1 -1 -1 -1 -1 -1 -1 -1 -1 -1 -1 -1 -1 -1 -1 -1 -1 -1 -1 -1 -1 -1 -1 -1 -1 -1 -1 -1 -1 -1 -1 -1 -1 -1 -1 0.0321 0.0321 0.1975 0.1975 0.1975 0.38 0.38 0.2915 0.2915 0.2655 0.2655 0.2655 0.223 0.223 0.279 0.279 0.2185 0.2185 0.2765 0.2765 0.2765 0.273 0.273 0.256 0.256 0.256 0.256 0.256 0.2625 0.2625 0.27 0.27 0.2585 0.2585 0.2585 0.2495 0.2495 0.242 0.242 0.25
-1 -1 -1 -1 -1 -1 -1 -1 -1 -1 -1 -1 -1 -1 -1 -1 -1 -1 -1 -1 -1 -1 -1 -1 -1 -1 -1 -1 -1 -1 -1 -1 -1 -1 -1 -1 -1 0.0321 0.0321 0.1975 0.1975 0.1975 0.38 0.38 0.2915 0.2915 0.2655 0.2655 0.2655 0.223 0.223 0.279 0.279 0.2185 0.2185 0.2765 0.2765 0.2765 0.273 0.273 0.256 0.256 0.256 0.256 0.256 0.2625 0.2625 0.27 0.27 0.2585 0.2585 0.2585 0.2495 0.2495 0.242 0.242 0.25
-1 -1 -1 -1 -1 -1 -1 -1 -1 -1 -1 -1 -1 -1 -1 -1 -1 -1 -1 -1 -1 -1 -1 -1 -1 -1 -1 -1 -1 -1 -1 -1 -1 -1 -1 -1 -1 0.0046 0.0046 0.226 0.226 0.226 0.313 0.313 0.2885 0.2885 0.273 0.273 0.273 0.26 0.26 0.233 0.233 0.203 0.203 0.262 0.262 0.262 0.2595 0.2595 0.2635 0.2635 0.2635 0.2635 0.2635 0.2625 0.2625 0.257 0.257 0.249 0.249 0.249 0.2465 0.2465 0.2505 0.2505 0.244
-1 -1 -1 -1 -1 -1 -1 -1 -1 -1 -1 -1 -1 -1 -1 -1 -1 -1 -1 -1 -1 -1 -1 -1 -1 -1 -1 -1 -1 -1 -1 -1 -1 -1 -1 -1 -1 0.0046 0.0046 0.226 0.226 0.226 0.313 0.313 0.2885 0.2885 0.273 0.273 0.273 0.26 0.26 0.233 0.233 0.203 0.203 0.262 0.262 0.262 0.2595 0.2595 0.2635 0.2635 0.2635 0.2635 0.2635 0.2625 0.2625 0.257 0.257 0.249 0.249 0.249 0.2465 0.2465 0.2505 0.2505 0.244
-1 -1 -1 -1 -1 -1 -1 -1 -1 -1 -1 -1 -1 -1 -1 -1 -1 -1 -1 -1 -1 -1 -1 -1 -1 -1 -1 -1 -1 -1 -1 -1 -1 -1 -1 -1 -1 0.0327 0.0327 0.288 0.288 0.288 0.306 0.306 0.2785 0.2785 0.2635 0.2635 0.2635 0.2595 0.2595 0.2675 0.2675 0.295 0.295 0.2585 0.2585 0.2585 0.2625 0.2625 0.2585 0.2585 0.2585 0.2585 0.2585 0.252 0.252 0.2475 0.2475 0.2425 0.2425 0.2425 0.257 0.257 0.255 0.255 0.234
-1 -1 -1 -1 -1 -1 -1 -1 -1 -1 -1 -1 -1 -1 -1 -1 -1 -1 -1 -1 -1 -1 -1 -1 -1 -1 -1 -1 -1 -1 -1 -1 -1 -1 -1 -1 -1 0.0327 0.0327 0.288 0.288 0.288 0.306 0.306 0.2785 0.2785 0.2635 0.2635 0.2635 0.2595 0.2595 0.2675 0.2675 0.295 0.295 0.2585 0.2585 0.2585 0.2625 0.2625 0.2585 0.2585 0.2585 0.2585 0.2585 0.252 0.252 0.2475 0.2475 0.2425 0.2425 0.2425 0.257 0.257 0.255 0.255 0.234
-1 -1 -1 -1 -1 -1 -1 -1 -1 -1 -1 -1 -1 -1 -1 -1 -1 -1 -1 -1 -1 -1 -1 -1 -1 -1 -1 -1 -1 -1 -1 -1 -1 -1 -1 -1 -1 0.0652 0.0652 0.253 0.253 0.253 0.2615 0.2615 0.2705 0.2705 0.256 0.256 0.256 0.265 0.265 0.2575 0.2575 0.288 0.288 0.267 0.267 0.267 0.253 0.253 0.2505 0.2505 0.2505 0.2505 0.2505 0.244 0.244 0.2455 0.2455 0.2385 0.2385 0.2385 0.246 0.246 0.2375 0.2375 0.233
-1 -1 -1 -1 -1 -1 -1 -1 -1 -1 -1 -1 -1 -1 -1 -1 -1 -1 -1 -1 -1 -1 -1 -1 -1 -1 -1 -1 -1 -1 -1 -1 -1 -1 -1 -1 -1 0.0652 0.0652 0.253 0.253 0.253 0.2615 0.2615 0.2705 0.2705 0.256 0.256 0.256 0.265 0.265 0.2575 0.2575 0.288 0.288 0.267 0.267 0.267 0.253 0.253 0.2505 0.2505 0.2505 0.2505 0.2505 0.244 0.244 0.2455 0.2455 0.2385 0.2385 0.2385 0.246 0.246 0.2375 0.2375 0.233
-1 -1 -1 -1 -1 -1 -1 -1 -1 -1 -1 -1 -1 -1 -1 -1 -1 -1 -1 -1 -1 -1 -1 -1 -1 -1 -1 -1 -1 -1 -1 -1 -1 -1 -1 -1 -1 0.0652 0.0652 0.253 0.253 0.253 0.2615 0.2615 0.2705 0.2705 0.256 0.256 0.256 0.265 0.265 0.2575 0.2575 0.288 0.288 0.267 0.267 0.267 0.253 0.253 0.2505 0.2505 0.2505 0.2505 0.2505 0.244 0.244 0.2455 0.2455 0.2385 0.2385 0.2385 0.246 0.246 0.2375 0.2375 0.233
-1 -1 -1 -1 -1 -1 -1 -1 -1 -1 -1 -1 -1 -1 -1 -1 -1 -1 -1 -1 -1 -1 -1 -1 -1 -1 -1 -1 -1 -1 -1 -1 -1 -1 -1 -1 -1 0.0602 0.0602 0.2365 0.2365 0.2365 0.2685 0.2685 0.259 0.259 0.2505 0.2505 0.2505 0.241 0.241 0.283 0.283 0.2285 0.2285 0.233 0.233 0.233 0.246 0.246 0.255 0.255 0.255 0.255 0.255 0.2655 0.2655 0.2535 0.2535 0.2565 0.2565 0.2565 0.2555 0.2555 0.2495 0.2495 0.237
-1 -1 -1 -1 -1 -1 -1 -1 -1 -1 -1 -1 -1 -1 -1 -1 -1 -1 -1 -1 -1 -1 -1 -1 -1 -1 -1 -1 -1 -1 -1 -1 -1 -1 -1 -1 -1 0.0602 0.0602 0.2365 0.2365 0.2365 0.2685 0.2685 0.259 0.259 0.2505 0.2505 0.2505 0.241 0.241 0.283 0.283 0.2285 0.2285 0.233 0.233 0.233 0.246 0.246 0.255 0.255 0.255 0.255 0.255 0.2655 0.2655 0.2535 0.2535 0.2565 0.2565 0.2565 0.2555 0.2555 0.2495 0.2495 0.237
-1 -1 -1 -1 -1 -1 -1 -1 -1 -1 -1 -1 -1 -1 -1 -1 -1 -1 -1 -1 -1 -1 -1 -1 -1 -1 -1 -1 -1 -1 -1 -1 -1 -1 -1 -1 -1 0.1101 0.1101 0.3115 0.3115 0.3115 0.2815 0.2815 0.257 0.257 0.2505 0.2505 0.2505 0.2495 0.2495 0.2585 0.2585 0.274 0.274 0.2805 0.2805 0.2805 0.252 0.252 0.2625 0.2625 0.2625 0.2625 0.2625 0.261 0.261 0.2535 0.2535 0.2415 0.2415 0.2415 0.255 0.255 0.262 0.262 0.239
-1 -1 -1 -1 -1 -1 -1 -1 -1 -1 -1 -1 -1 -1 -1 -1 -1 -1 -1 -1 -1 -1 -1 -1 -1 -1 -1 -1 -1 -1 -1 -1 -1 -1 -1 -1 -1 0.1101 0.1101 0.3115 0.3115 0.3115 0.2815 0.2815 0.257 0.257 0.2505 0.2505 0.2505 0.2495 0.2495 0.2585 0.2585 0.274 0.274 0.2805 0.2805 0.2805 0.252 0.252 0.2625 0.2625 0.2625 0.2625 0.2625 0.261 0.261 0.2535 0.2535 0.2415 0.2415 0.2415 0.255 0.255 0.262 0.262 0.239
-1 -1 -1 -1 -1 -1 -1 -1 -1 -1 -1 -1 -1 -1 -1 -1 -1 -1 -1 -1 -1 -1 -1 -1 -1 -1 -1 -1 -1 -1 -1 -1 -1 -1 -1 0.0337 0.0337 0.351 0.351 0.305 0.305 0.305 0.276 0.276 0.2615 0.2615 0.2505 0.2505 0.2505 0.2525 0.2525 0.263 0.263 0.2595 0.2595 0.265 0.265 0.265 0.2795 0.2795 0.279 0.279 0.279 0.279 0.279 0.267 0.267 0.2735 0.2735 0.268 0.268 0.268 0.2825 0.2825 0.265 0.265 0.2795
-1 -1 -1 -1 -1 -1 -1 -1 -1 -1 -1 -1 -1 -1 -1 -1 -1 -1 -1 -1 -1 -1 -1 -1 -1 -1 -1 -1 -1 -1 -1 -1 -1 -1 -1 0.0337 0.0337 0.351 0.351 0.305 0.305 0.305 0.276 0.276 0.2615 0.2615 0.2505 0.2505 0.2505 0.2525 0.2525 0.263 0.263 0.2595 0.2595 0.265 0.265 0.265 0.2795 0.2795 0.279 0.279 0.279 0.279 0.279 0.267 0.267 0.2735 0.2735 0.268 0.268 0.268 0.2825 0.2825 0.265 0.265 0.2795
-1 -1 -1 -1 -1 -1 -1 -1 -1 -1 -1 -1 -1 -1 -1 -1 -1 -1 -1 -1 -1 -1 -1 -1 -1 -1 -1 -1 -1 -1 -1 -1 -1 -1 -1 0.0337 0.0337 0.351 0.351 0.305 0.305 0.305 0.276 0.276 0.2615 0.2615 0.2505 0.2505 0.2505 0.2525 0.2525 0.263 0.263 0.2595 0.2595 0.265 0.265 0.265 0.2795 0.2795 0.279 0.279 0.279 0.279 0.279 0.267 0.267 0.2735 0.2735 0.268 0.268 0.268 0.2825 0.2825 0.265 0.265 0.2795
-1 -1 -1 -1 -1 -1 -1 -1 -1 -1 -1 -1 -1 -1 -1 -1 -1 -1 -1 -1 -1 -1 -1 -1 -1 -1 -1 -1 -1 -1 -1 -1 -1 -1 -1 0.152 0.152 0.284 0.284 0.2675 0.2675 0.2675 0.249 0.249 0.245 0.245 0.2585 0.2585 0.2585 0.27 0.27 0.2755 0.2755 0.272 0.272 0.2735 0.2735 0.2735 0.272 0.272 0.275 0.275 0.275 0.275 0.275 0.2745 0.2745 0.277 0.277 0.2695 0.2695 0.2695 0.2575 0.2575 0.247 0.247 0.2315
-1 -1 -1 -1 -1 -1 -1 -1 -1 -1 -1 -1 -1 -1 -1 -1 -1 -1 -1 -1 -1 -1 -1 -1 -1 -1 -1 -1 -1 -1 -1 -1 -1 -1 -1 0.152 0.152 0.284 0.284 0.2675 0.2675 0.2675 0.249 0.249 0.245 0.245 0.2585 0.2585 0.2585 0.27 0.27 0.2755 0.2755 0.272 0.272 0.2735 0.2735 0.2735 0.272 0.272 0.275 0.275 0.275 0.275 0.275 0.2745 0.2745 0.277 0.277 0.2695 0.2695 0.2695 0.2575 0.2575 0.247 0.247 0.2315
-1 -1 -1 -1 -1 -1 -1 -1 -1 -1 -1 -1 -1 -1 -1 -1 -1 -1 -1 -1 -1 -1 -1 -1 -1 -1 -1 -1 -1 -1 -1 -1 0.0722 0.0722 0.0722 0.2935 0.2935 0.2805 0.2805 0.254 0.254 0.254 0.256 0.256 0.2605 0.2605 0.265 0.265 0.265 0.2705 0.2705 0.2795 0.2795 0.277 0.277 0.278 0.278 0.278 0.2765 0.2765 0.2825 0.2825 0.2825 0.2825 0.2825 0.2955 0.2955 0.27 0.27 0.2705 0.2705 0.2705 0.2545 0.2545 0.254 0.254 0.2505
-1 -1 -1 -1 -1 -1 -1 -1 -1 -1 -1 -1 -1 -1 -1 -1 -1 -1 -1 -1 -1 -1 -1 -1 -1 -1 -1 -1 -1 -1 -1 -1 0.0722 0.0722 0.0722 0.2935 0.2935 0.2805 0.2805 0.254 0.254 0.254 0.256 0.256 0.2605 0.2605 0.265 0.265 0.265 0.2705 0.2705 0.2795 0.2795 0.277 0.277 0.278 0.278 0.278 0.2765 0.2765 0.2825 0.2825 0.2825 0.2825 0.2825 0.2955 0.2955 0.27 0.27 0.2705 0.2705 0.2705 0.2545 0.2545 0.254 0.254 0.2505
-1 -1 -1 -1 -1 -1 -1 -1 -1 -1 -1 -1 -1 -1 -1 -1 -1 -1 -1 -1 -1 -1 -1 -1 -1 -1 -1 -1 -1 -1 0.0237 0.0237 0.2695 0.2695 0.2695 0.2575 0.2575 0.2905 0.2905 0.248 0.248 0.248 0.2595 0.2595 0.2545 0.2545 0.272 0.272 0.272 0.2745 0.2745 0.274 0.274 0.269 0.269 0.2695 0.2695 0.2695 0.2865 0.2865 0.299 0.299 0.299 0.299 0.299 0.292 0.292 0.275 0.275 0.2605 0.2605 0.2605 0.263 0.263 0.254 0.254 0.2565
-1 -1 -1 -1 -1 -1 -1 -1 -1 -1 -1 -1 -1 -1 -1 -1 -1 -1 -1 -1 -1 -1 -1 -1 -1 -1 -1 -1 -1 -1 0.0237 0.0237 0.2695 0.2695 0.2695 0.2575 0.2575 0.2905 0.2905 0.248 0.248 0.248 0.2595 0.2595 0.2545 0.2545 0.272 0.272 0.272 0.2745 0.2745 0.274 0.274 0.269 0.269 0.2695 0.2695 0.2695 0.2865 0.2865 0.299 0.299 0.299 0.299 0.299 0.292 0.292 0.275 0.275 0.2605 0.2605 0.2605 0.263 0.263 0.254 0.254 0.2565
-1 -1 -1 -1 -1 -1 -1 -1 -1 -1 -1 -1 -1 -1 -1 -1 -1 -1 -1 -1 -1 -1 -1 -1 -1 -1 -1 -1 -1 -1 0.0237 0.0237 0.2695 0.2695 0.2695 0.2575 0.2575 0.2905 0.2905 0.248 0.248 0.248 0.2595 0.2595 0.2545 0.2545 0.272 0.272 0.272 0.2745 0.2745 0.274 0.274 0.269 0.269 0.2695 0.2695 0.2695 0.2865 0.2865 0.299 0.299 0.299 0.299 0.299 0.292 0.292 0.275 0.275 0.2605 0.2605 0.2605 0.263 0.263 0.254 0.254 0.2565
-1 -1 -1 -1 -1 -1 -1 -1 -1 -1 -1 -1 -1 -1 -1 -1 -1 -1 -1 -1 -1 -1 -1 -1 -1 -1 -1 -1 -1 -1 0.1575 0.1575 0.3 0.3 0.3 0.2755 0.2755 0.267 0.267 0.2495 0.2495 0.2495 0.2595 0.2595 0.2665 0.2665 0.2715 0.2715 0.2715 0.27 0.27 0.275 0.275 0.2625 0.2625 0.281 0.281 0.281 0.289 0.289 0.297 0.297 0.297 0.297 0.297 0.286 0.286 0.2775 0.2775 0.261 0.261 0.261 0.2515 0.2515 0.2405 0.2405 0.241
-1 -1 -1 -1 -1 -1 -1 -1 -1 -1 -1 -1 -1 -1 -1 -1 -1 -1 -1 -1 -1 -1 -1 -1 -1 -1 -1 -1 -1 -1 0.1575 0.1575 0.3 0.3 0.3 0.2755 0.2755 0.267 0.267 0.2495 0.2495 0.2495 0.2595 0.2595 0.2665 0.2665 0.2715 0.2715 0.2715 0.27 0.27 0.275 0.275 0.2625 0.2625 0.281 0.281 0.281 0.289 0.289 0.297 0.297 0.297 0.297 0.297 0.286 0.286 0.2775 0.2775 0.261 0.261 0.261 0.2515 0.2515 0.2405 0.2405 0.241
-1 -1 -1 -1 -1 -1 -1 -1 -1 -1 -1 -1 -1 -1 -1 -1 -1 -1 -1 -1 -1 -1 -1 -1 -1 -1 -1 -1 0.0327 0.0327 0.289 0.289 0.304 0.304 0.304 0.2905 0.2905 0.2785 0.2785 0.261 0.261 0.261 0.2635 0.2635 0.2675 0.2675 0.26 0.26 0.26 0.2575 0.2575 0.2625 0.2625 0.271 0.271 0.2895 0.2895 0.2895 0.285 0.285 0.283 0.283 0.283 0.283 0.283 0.281 0.281 0.2685 0.2685 0.2695 0.2695 0.2695 0.263 0.263 0.236 0.236 0.2295
-1 -1 -1 -1 -1 -1 -1 -1 -1 -1 -1 -1 -1 -1 -1 -1 -1 -1 -1 -1 -1 -1 -1 -1 -1 -1 -1 -1 0.0327 0.0327 0.289 0.289 0.304 0.304 0.304 0.2905 0.2905 0.2785 0.2785 0.261 0.261 0.261 0.2635 0.2635 0.2675 0.2675 0.26 0.26 0.26 0.2575 0.2575 0.2625 0.2625 0.271 0.271 0.2895 0.2895 0.2895 0.285 0.285 0.283 0.283 0.283 0.283 0.283 0.281 0.281 0.2685 0.2685 0.2695 0.2695 0.2695 0.263 0.263 0.236 0.236 0.2295
-1 -1 -1 -1 -1 -1 -1 -1 -1 -1 -1 -1 -1 -1 -1 -1 -1 -1 -1 -1 -1 -1 -1 -1 -1 0.0297 0.0297 0.0297 0.212 0.212 0.3135 0.3135 0.3025 0.3025 0.3025 0.299 0.299 0.2735 0.2735 0.265 0.265 0.265 0.267 0.267 0.2675 0.2675 0.27 0.27 0.27 0.274 0.274 0.2725 0.2725 0.298 0.298 0.289 0.289 0.289 0.283 0.283 0.2835 0.2835 0.2835 0.2835 0.2835 0.2675 0.2675 0.274 0.274 0.2665 0.2665 0.2665 0.2495 0.2495 0.243 0.243 0.23
