ndvi/NOAA-249.asc
ncols         252
nrows         154
xllcorner     -18.017974
yllcorner     13.481982
cellsize      0.035948
NODATA_value  -9999
[rows 0 to 33 of 154, columns 154 to 230 of 252]
0.08 0.074 0.074 0.087 0.087 0.087 0.0895 0.0895 0.0895 0.0895 0.0895 0.0895 0.088 0.088 0.088 0.089 0.089 0.088 0.088 0.084 0.084 0.084 0.088 0.088 0.0905 0.0905 0.0895 0.0895 0.0895 0.0865 0.0865 0.0885 0.0885 0.09100001 0.09100001 0.09100001 0.088 0.088 0.084 0.084 0.0855 0.0855 0.0855 0.088 0.088 0.0865 0.0865 0.0905 0.0905 0.082 0.082 0.082 0.087 0.087 0.094 0.094 0.0935 0.0935 0.0935 0.094 0.094 0.094 0.094 0.0935 0.0935 0.0935 0.078 0.078 0.07700001 0.07700001 0.0765 0.0765 0.0765 0.0765 0.0765 0.074 0.074
0.08 0.074 0.074 0.087 0.087 0.087 0.0895 0.0895 0.0895 0.0895 0.0895 0.0895 0.088 0.088 0.088 0.089 0.089 0.088 0.088 0.084 0.084 0.084 0.088 0.088 0.0905 0.0905 0.0895 0.0895 0.0895 0.0865 0.0865 0.0885 0.0885 0.09100001 0.09100001 0.09100001 0.088 0.088 0.084 0.084 0.0855 0.0855 0.0855 0.088 0.088 0.0865 0.0865 0.0905 0.0905 0.082 0.082 0.082 0.087 0.087 0.094 0.094 0.0935 0.0935 0.0935 0.094 0.094 0.094 0.094 0.0935 0.0935 0.0935 0.078 0.078 0.07700001 0.07700001 0.0765 0.0765 0.0765 0.0765 0.0765 0.074 0.074
0.0835 0.0855 0.0855 0.089 0.089 0.089 0.0895 0.0895 0.0885 0.0885 0.088 0.088 0.088 0.088 0.088 0.088 0.088 0.0865 0.0865 0.0845 0.0845 0.0845 0.0875 0.0875 0.09 0.09 0.094 0.094 0.094 0.092 0.092 0.09 0.09 0.0965 0.0965 0.0965 0.098 0.098 0.0975 0.0975 0.09999999 0.09999999 0.09999999 0.101 0.101 0.0995 0.0995 0.094 0.094 0.091 0.091 0.091 0.0875 0.0875 0.0865 0.0865 0.0945 0.0945 0.0945 0.095 0.095 0.0875 0.0875 0.084 0.084 0.084 0.082 0.082 0.083 0.083 0.08 0.08 0.08 0.0805 0.0805 0.074 0.074
0.0835 0.0855 0.0855 0.089 0.089 0.089 0.0895 0.0895 0.0885 0.0885 0.088 0.088 0.088 0.088 0.088 0.088 0.088 0.0865 0.0865 0.0845 0.0845 0.0845 0.0875 0.0875 0.09 0.09 0.094 0.094 0.094 0.092 0.092 0.09 0.09 0.0965 0.0965 0.0965 0.098 0.098 0.0975 0.0975 0.09999999 0.09999999 0.09999999 0.101 0.101 0.0995 0.0995 0.094 0.094 0.091 0.091 0.091 0.0875 0.0875 0.0865 0.0865 0.0945 0.0945 0.0945 0.095 0.095 0.0875 0.0875 0.084 0.084 0.084 0.082 0.082 0.083 0.083 0.08 0.08 0.08 0.0805 0.0805 0.074 0.074
0.0835 0.0855 0.0855 0.089 0.089 0.089 0.0895 0.0895 0.0885 0.0885 0.088 0.088 0.088 0.088 0.088 0.088 0.088 0.0865 0.0865 0.0845 0.0845 0.0845 0.0875 0.0875 0.09 0.09 0.094 0.094 0.094 0.092 0.092 0.09 0.09 0.0965 0.0965 0.0965 0.098 0.098 0.0975 0.0975 0.09999999 0.09999999 0.09999999 0.101 0.101 0.0995 0.0995 0.094 0.094 0.091 0.091 0.091 0.0875 0.0875 0.0865 0.0865 0.0945 0.0945 0.0945 0.095 0.095 0.0875 0.0875 0.084 0.084 0.084 0.082 0.082 0.083 0.083 0.08 0.08 0.08 0.0805 0.0805 0.074 0.074
0.084 0.09 0.09 0.0905 0.0905 0.0905 0.09 0.09 0.0905 0.0905 0.0905 0.0905 0.0905 0.0905 0.0905 0.0885 0.0885 0.095 0.095 0.096 0.096 0.096 0.096 0.096 0.101 0.101 0.1035 0.1035 0.1035 0.1085 0.1085 0.1085 0.1085 0.109 0.109 0.109 0.0995 0.0995 0.098 0.098 0.1055 0.1055 0.1055 0.1025 0.1025 0.1 0.1 0.085 0.085 0.0885 0.0885 0.0885 0.094 0.094 0.0895 0.0895 0.0955 0.0955 0.0955 0.0935 0.0935 0.0925 0.0925 0.0855 0.0855 0.0855 0.086 0.086 0.0815 0.0815 0.0785 0.0785 0.0785 0.079 0.079 0.079 0.079
0.084 0.09 0.09 0.0905 0.0905 0.0905 0.09 0.09 0.0905 0.0905 0.0905 0.0905 0.0905 0.0905 0.0905 0.0885 0.0885 0.095 0.095 0.096 0.096 0.096 0.096 0.096 0.101 0.101 0.1035 0.1035 0.1035 0.1085 0.1085 0.1085 0.1085 0.109 0.109 0.109 0.0995 0.0995 0.098 0.098 0.1055 0.1055 0.1055 0.1025 0.1025 0.1 0.1 0.085 0.085 0.0885 0.0885 0.0885 0.094 0.094 0.0895 0.0895 0.0955 0.0955 0.0955 0.0935 0.0935 0.0925 0.0925 0.0855 0.0855 0.0855 0.086 0.086 0.0815 0.0815 0.0785 0.0785 0.0785 0.079 0.079 0.079 0.079
0.08 0.0925 0.0925 0.0915 0.0915 0.0915 0.0925 0.0925 0.097 0.097 0.096 0.096 0.1005 0.1005 0.1005 0.1015 0.1015 0.09999999 0.09999999 0.0965 0.0965 0.0965 0.097 0.097 0.09999999 0.09999999 0.1035 0.1035 0.1035 0.1055 0.1055 0.11 0.11 0.1015 0.1015 0.1015 0.098 0.098 0.09649999 0.09649999 0.104 0.104 0.104 0.1015 0.1015 0.1015 0.1015 0.101 0.101 0.099 0.099 0.099 0.089 0.089 0.095 0.095 0.0925 0.0925 0.0925 0.0945 0.0945 0.092 0.092 0.089 0.089 0.089 0.083 0.083 0.082 0.082 0.079 0.079 0.079 0.0805 0.0805 0.0825 0.0825
0.08 0.0925 0.0925 0.0915 0.0915 0.0915 0.0925 0.0925 0.097 0.097 0.096 0.096 0.1005 0.1005 0.1005 0.1015 0.1015 0.09999999 0.09999999 0.0965 0.0965 0.0965 0.097 0.097 0.09999999 0.09999999 0.1035 0.1035 0.1035 0.1055 0.1055 0.11 0.11 0.1015 0.1015 0.1015 0.098 0.098 0.09649999 0.09649999 0.104 0.104 0.104 0.1015 0.1015 0.1015 0.1015 0.101 0.101 0.099 0.099 0.099 0.089 0.089 0.095 0.095 0.0925 0.0925 0.0925 0.0945 0.0945 0.092 0.092 0.089 0.089 0.089 0.083 0.083 0.082 0.082 0.079 0.079 0.079 0.0805 0.0805 0.0825 0.0825
0.093 0.0905 0.0905 0.09100001 0.09100001 0.09100001 0.0935 0.0935 0.0965 0.0965 0.102 0.102 0.105 0.105 0.105 0.106 0.106 0.105 0.105 0.104 0.104 0.104 0.1015 0.1015 0.1025 0.1025 0.101 0.101 0.101 0.102 0.102 0.097 0.097 0.1015 0.1015 0.1015 0.0895 0.0895 0.09 0.09 0.077 0.077 0.077 0.088 0.088 0.097 0.097 0.1035 0.1035 0.09649999 0.09649999 0.09649999 0.095 0.095 0.0985 0.0985 0.088 0.088 0.088 0.092 0.092 0.0845 0.0845 0.0845 0.0845 0.0845 0.0835 0.0835 0.0825 0.0825 0.077 0.077 0.077 0.0795 0.0795 0.08499999 0.08499999
0.093 0.0905 0.0905 0.09100001 0.09100001 0.09100001 0.0935 0.0935 0.0965 0.0965 0.102 0.102 0.105 0.105 0.105 0.106 0.106 0.105 0.105 0.104 0.104 0.104 0.1015 0.1015 0.1025 0.1025 0.101 0.101 0.101 0.102 0.102 0.097 0.097 0.1015 0.1015 0.1015 0.0895 0.0895 0.09 0.09 0.077 0.077 0.077 0.088 0.088 0.097 0.097 0.1035 0.1035 0.09649999 0.09649999 0.09649999 0.095 0.095 0.0985 0.0985 0.088 0.088 0.088 0.092 0.092 0.0845 0.0845 0.0845 0.0845 0.0845 0.0835 0.0835 0.0825 0.0825 0.077 0.077 0.077 0.0795 0.0795 0.08499999 0.08499999
0.097 0.09299999 0.09299999 0.095 0.095 0.095 0.0925 0.0925 0.099 0.099 0.107 0.107 0.1055 0.1055 0.1055 0.111 0.111 0.1105 0.1105 0.1085 0.1085 0.1085 0.1085 0.1085 0.103 0.103 0.103 0.103 0.103 0.1035 0.1035 0.099 0.099 0.0955 0.0955 0.0955 0.092 0.092 0.09450001 0.09450001 0.0895 0.0895 0.0895 0.0845 0.0845 0.0855 0.0855 0.106 0.106 0.095 0.095 0.095 0.09649999 0.09649999 0.0905 0.0905 0.0925 0.0925 0.0925 0.0895 0.0895 0.0905 0.0905 0.078 0.078 0.078 0.079 0.079 0.072 0.072 0.0755 0.0755 0.0755 0.0725 0.0725 0.083 0.083
0.097 0.09299999 0.09299999 0.095 0.095 0.095 0.0925 0.0925 0.099 0.099 0.107 0.107 0.1055 0.1055 0.1055 0.111 0.111 0.1105 0.1105 0.1085 0.1085 0.1085 0.1085 0.1085 0.103 0.103 0.103 0.103 0.103 0.1035 0.1035 0.099 0.099 0.0955 0.0955 0.0955 0.092 0.092 0.09450001 0.09450001 0.0895 0.0895 0.0895 0.0845 0.0845 0.0855 0.0855 0.106 0.106 0.095 0.095 0.095 0.09649999 0.09649999 0.0905 0.0905 0.0925 0.0925 0.0925 0.0895 0.0895 0.0905 0.0905 0.078 0.078 0.078 0.079 0.079 0.072 0.072 0.0755 0.0755 0.0755 0.0725 0.0725 0.083 0.083
0.097 0.09299999 0.09299999 0.095 0.095 0.095 0.0925 0.0925 0.099 0.099 0.107 0.107 0.1055 0.1055 0.1055 0.111 0.111 0.1105 0.1105 0.1085 0.1085 0.1085 0.1085 0.1085 0.103 0.103 0.103 0.103 0.103 0.1035 0.1035 0.099 0.099 0.0955 0.0955 0.0955 0.092 0.092 0.09450001 0.09450001 0.0895 0.0895 0.0895 0.0845 0.0845 0.0855 0.0855 0.106 0.106 0.095 0.095 0.095 0.09649999 0.09649999 0.0905 0.0905 0.0925 0.0925 0.0925 0.0895 0.0895 0.0905 0.0905 0.078 0.078 0.078 0.079 0.079 0.072 0.072 0.0755 0.0755 0.0755 0.0725 0.0725 0.083 0.083
0.095 0.09450001 0.09450001 0.094 0.094 0.094 0.097 0.097 0.1045 0.1045 0.1045 0.1045 0.107 0.107 0.107 0.112 0.112 0.1165 0.1165 0.11 0.11 0.11 0.1045 0.1045 0.1055 0.1055 0.1005 0.1005 0.1005 0.1015 0.1015 0.099 0.099 0.107 0.107 0.107 0.0955 0.0955 0.086 0.086 0.084 0.084 0.084 0.091 0.091 0.088 0.088 0.0875 0.0875 0.0795 0.0795 0.0795 0.08400001 0.08400001 0.088 0.088 0.082 0.082 0.082 0.0865 0.0865 0.082 0.082 0.06900001 0.06900001 0.06900001 0.08050001 0.08050001 0.07250001 0.07250001 0.07799999 0.07799999 0.07799999 0.0715 0.0715 0.0835 0.0835
0.095 0.09450001 0.09450001 0.094 0.094 0.094 0.097 0.097 0.1045 0.1045 0.1045 0.1045 0.107 0.107 0.107 0.112 0.112 0.1165 0.1165 0.11 0.11 0.11 0.1045 0.1045 0.1055 0.1055 0.1005 0.1005 0.1005 0.1015 0.1015 0.099 0.099 0.107 0.107 0.107 0.0955 0.0955 0.086 0.086 0.084 0.084 0.084 0.091 0.091 0.088 0.088 0.0875 0.0875 0.0795 0.0795 0.0795 0.08400001 0.08400001 0.088 0.088 0.082 0.082 0.082 0.0865 0.0865 0.082 0.082 0.06900001 0.06900001 0.06900001 0.08050001 0.08050001 0.07250001 0.07250001 0.07799999 0.07799999 0.07799999 0.0715 0.0715 0.0835 0.0835
0.09450001 0.094 0.094 0.0965 0.0965 0.0965 0.0985 0.0985 0.104 0.104 0.114 0.114 0.111 0.111 0.111 0.1155 0.1155 0.1095 0.1095 0.1015 0.1015 0.1015 0.0955 0.0955 0.0935 0.0935 0.0995 0.0995 0.0995 0.087 0.087 0.096 0.096 0.1145 0.1145 0.1145 0.0885 0.0885 0.083 0.083 0.08400001 0.08400001 0.08400001 0.0765 0.0765 0.0685 0.0685 0.058 0.058 0.063 0.063 0.063 0.072 0.072 0.078 0.078 0.078 0.078 0.078 0.074 0.074 0.08 0.08 0.0785 0.0785 0.0785 0.079 0.079 0.0845 0.0845 0.0785 0.0785 0.0785 0.08 0.08 0.08050001 0.08050001
0.09450001 0.094 0.094 0.0965 0.0965 0.0965 0.0985 0.0985 0.104 0.104 0.114 0.114 0.111 0.111 0.111 0.1155 0.1155 0.1095 0.1095 0.1015 0.1015 0.1015 0.0955 0.0955 0.0935 0.0935 0.0995 0.0995 0.0995 0.087 0.087 0.096 0.096 0.1145 0.1145 0.1145 0.0885 0.0885 0.083 0.083 0.08400001 0.08400001 0.08400001 0.0765 0.0765 0.0685 0.0685 0.058 0.058 0.063 0.063 0.063 0.072 0.072 0.078 0.078 0.078 0.078 0.078 0.074 0.074 0.08 0.08 0.0785 0.0785 0.0785 0.079 0.079 0.0845 0.0845 0.0785 0.0785 0.0785 0.08 0.08 0.08050001 0.08050001
0.096 0.0915 0.0915 0.0965 0.0965 0.0965 0.09649999 0.09649999 0.09 0.09 0.092 0.092 0.094 0.094 0.094 0.09 0.09 0.093 0.093 0.094 0.094 0.094 0.092 0.092 0.0855 0.0855 0.08400001 0.08400001 0.08400001 0.079 0.079 0.0881 0.0881 0.07099999 0.07099999 0.07099999 0.07250001 0.07250001 0.0805 0.0805 0.088 0.088 0.088 0.086 0.086 0.088 0.088 0.0805 0.0805 0.0795 0.0795 0.0795 0.077 0.077 0.08499999 0.08499999 0.0845 0.0845 0.0845 0.0845 0.0845 0.083 0.083 0.081 0.081 0.081 0.0805 0.0805 0.074 0.074 0.0795 0.0795 0.0795 0.075 0.075 0.0795 0.0795
0.096 0.0915 0.0915 0.0965 0.0965 0.0965 0.09649999 0.09649999 0.09 0.09 0.092 0.092 0.094 0.094 0.094 0.09 0.09 0.093 0.093 0.094 0.094 0.094 0.092 0.092 0.0855 0.0855 0.08400001 0.08400001 0.08400001 0.079 0.079 0.0881 0.0881 0.07099999 0.07099999 0.07099999 0.07250001 0.07250001 0.0805 0.0805 0.088 0.088 0.088 0.086 0.086 0.088 0.088 0.0805 0.0805 0.0795 0.0795 0.0795 0.077 0.077 0.08499999 0.08499999 0.0845 0.0845 0.0845 0.0845 0.0845 0.083 0.083 0.081 0.081 0.081 0.0805 0.0805 0.074 0.074 0.0795 0.0795 0.0795 0.075 0.075 0.0795 0.0795
0.096 0.0915 0.0915 0.0965 0.0965 0.0965 0.09649999 0.09649999 0.09 0.09 0.092 0.092 0.094 0.094 0.094 0.09 0.09 0.093 0.093 0.094 0.094 0.094 0.092 0.092 0.0855 0.0855 0.08400001 0.08400001 0.08400001 0.079 0.079 0.0881 0.0881 0.07099999 0.07099999 0.07099999 0.07250001 0.07250001 0.0805 0.0805 0.088 0.088 0.088 0.086 0.086 0.088 0.088 0.0805 0.0805 0.0795 0.0795 0.0795 0.077 0.077 0.08499999 0.08499999 0.0845 0.0845 0.0845 0.0845 0.0845 0.083 0.083 0.081 0.081 0.081 0.0805 0.0805 0.074 0.074 0.0795 0.0795 0.0795 0.075 0.075 0.0795 0.0795
0.101 0.1041 0.1041 0.0935 0.0935 0.0935 0.094 0.094 0.0805 0.0805 0.0925 0.0925 0.095 0.095 0.095 0.112 0.112 0.107 0.107 0.1015 0.1015 0.1015 0.094 0.094 0.094 0.094 0.087 0.087 0.087 0.084 0.084 0.083 0.083 0.07350001 0.07350001 0.07350001 0.089 0.089 0.0885 0.0885 0.086 0.086 0.086 0.082 0.082 0.088 0.088 0.0885 0.0885 0.07600001 0.07600001 0.07600001 0.082 0.082 0.075 0.075 0.086 0.086 0.086 0.074 0.074 0.0845 0.0845 0.083 0.083 0.083 0.0785 0.0785 0.082 0.082 0.085 0.085 0.085 0.0785 0.0785 0.08 0.08
0.101 0.1041 0.1041 0.0935 0.0935 0.0935 0.094 0.094 0.0805 0.0805 0.0925 0.0925 0.095 0.095 0.095 0.112 0.112 0.107 0.107 0.1015 0.1015 0.1015 0.094 0.094 0.094 0.094 0.087 0.087 0.087 0.084 0.084 0.083 0.083 0.07350001 0.07350001 0.07350001 0.089 0.089 0.0885 0.0885 0.086 0.086 0.086 0.082 0.082 0.088 0.088 0.0885 0.0885 0.07600001 0.07600001 0.07600001 0.082 0.082 0.075 0.075 0.086 0.086 0.086 0.074 0.074 0.0845 0.0845 0.083 0.083 0.083 0.0785 0.0785 0.082 0.082 0.085 0.085 0.085 0.0785 0.0785 0.08 0.08
0.097 0.0995 0.0995 0.0975 0.0975 0.0975 0.0971 0.0971 0.0935 0.0935 0.096 0.096 0.1125 0.1125 0.1125 0.108 0.108 0.106 0.106 0.119 0.119 0.119 0.111 0.111 0.1125 0.1125 0.1105 0.1105 0.1105 0.115 0.115 0.1015 0.1015 0.1015 0.1015 0.1015 0.095 0.095 0.096 0.096 0.0895 0.0895 0.0895 0.089 0.089 0.088 0.088 0.0885 0.0885 0.082 0.082 0.082 0.0805 0.0805 0.0765 0.0765 0.077 0.077 0.077 0.077 0.077 0.085 0.085 0.0805 0.0805 0.0805 0.0905 0.0905 0.086 0.086 0.08050001 0.08050001 0.08050001 0.078 0.078 0.07700001 0.07700001
0.097 0.0995 0.0995 0.0975 0.0975 0.0975 0.0971 0.0971 0.0935 0.0935 0.096 0.096 0.1125 0.1125 0.1125 0.108 0.108 0.106 0.106 0.119 0.119 0.119 0.111 0.111 0.1125 0.1125 0.1105 0.1105 0.1105 0.115 0.115 0.1015 0.1015 0.1015 0.1015 0.1015 0.095 0.095 0.096 0.096 0.0895 0.0895 0.0895 0.089 0.089 0.088 0.088 0.0885 0.0885 0.082 0.082 0.082 0.0805 0.0805 0.0765 0.0765 0.077 0.077 0.077 0.077 0.077 0.085 0.085 0.0805 0.0805 0.0805 0.0905 0.0905 0.086 0.086 0.08050001 0.08050001 0.08050001 0.078 0.078 0.07700001 0.07700001
0.1015 0.105 0.105 0.112 0.112 0.112 0.127 0.127 0.12 0.12 0.102 0.102 0.1125 0.1125 0.1125 0.116 0.116 0.109 0.109 0.1255 0.1255 0.1255 0.1205 0.1205 0.1115 0.1115 0.111 0.111 0.111 0.0975 0.0975 0.099 0.099 0.101 0.101 0.101 0.0995 0.0995 0.0925 0.0925 0.087 0.087 0.087 0.09 0.09 0.0895 0.0895 0.082 0.082 0.0905 0.0905 0.0905 0.0875 0.0875 0.0795 0.0795 0.0795 0.0795 0.0795 0.0805 0.0805 0.087 0.087 0.088 0.088 0.088 0.0875 0.0875 0.0815 0.0815 0.0905 0.0905 0.0905 0.079 0.079 0.07600001 0.07600001
0.1015 0.105 0.105 0.112 0.112 0.112 0.127 0.127 0.12 0.12 0.102 0.102 0.1125 0.1125 0.1125 0.116 0.116 0.109 0.109 0.1255 0.1255 0.1255 0.1205 0.1205 0.1115 0.1115 0.111 0.111 0.111 0.0975 0.0975 0.099 0.099 0.101 0.101 0.101 0.0995 0.0995 0.0925 0.0925 0.087 0.087 0.087 0.09 0.09 0.0895 0.0895 0.082 0.082 0.0905 0.0905 0.0905 0.0875 0.0875 0.0795 0.0795 0.0795 0.0795 0.0795 0.0805 0.0805 0.087 0.087 0.088 0.088 0.088 0.0875 0.0875 0.0815 0.0815 0.0905 0.0905 0.0905 0.079 0.079 0.07600001 0.07600001
0.1015 0.105 0.105 0.112 0.112 0.112 0.127 0.127 0.12 0.12 0.102 0.102 0.1125 0.1125 0.1125 0.116 0.116 0.109 0.109 0.1255 0.1255 0.1255 0.1205 0.1205 0.1115 0.1115 0.111 0.111 0.111 0.0975 0.0975 0.099 0.099 0.101 0.101 0.101 0.0995 0.0995 0.0925 0.0925 0.087 0.087 0.087 0.09 0.09 0.0895 0.0895 0.082 0.082 0.0905 0.0905 0.0905 0.0875 0.0875 0.0795 0.0795 0.0795 0.0795 0.0795 0.0805 0.0805 0.087 0.087 0.088 0.088 0.088 0.0875 0.0875 0.0815 0.0815 0.0905 0.0905 0.0905 0.079 0.079 0.07600001 0.07600001
0.102 0.1085 0.1085 0.1195 0.1195 0.1195 0.139 0.139 0.108 0.108 0.101 0.101 0.1 0.1 0.1 0.1205 0.1205 0.1105 0.1105 0.109 0.109 0.109 0.1075 0.1075 0.1095 0.1095 0.1075 0.1075 0.1075 0.1145 0.1145 0.11 0.11 0.1035 0.1035 0.1035 0.103 0.103 0.09450001 0.09450001 0.08750001 0.08750001 0.08750001 0.088 0.088 0.0935 0.0935 0.101 0.101 0.09 0.09 0.09 0.09 0.09 0.082 0.082 0.0815 0.0815 0.0815 0.0825 0.0825 0.0885 0.0885 0.088 0.088 0.088 0.088 0.088 0.0885 0.0885 0.0925 0.0925 0.0925 0.0915 0.0915 0.0865 0.0865
0.102 0.1085 0.1085 0.1195 0.1195 0.1195 0.139 0.139 0.108 0.108 0.101 0.101 0.1 0.1 0.1 0.1205 0.1205 0.1105 0.1105 0.109 0.109 0.109 0.1075 0.1075 0.1095 0.1095 0.1075 0.1075 0.1075 0.1145 0.1145 0.11 0.11 0.1035 0.1035 0.1035 0.103 0.103 0.09450001 0.09450001 0.08750001 0.08750001 0.08750001 0.088 0.088 0.0935 0.0935 0.101 0.101 0.09 0.09 0.09 0.09 0.09 0.082 0.082 0.0815 0.0815 0.0815 0.0825 0.0825 0.0885 0.0885 0.088 0.088 0.088 0.088 0.088 0.0885 0.0885 0.0925 0.0925 0.0925 0.0915 0.0915 0.0865 0.0865
0.1075 0.107 0.107 0.1045 0.1045 0.1045 0.107 0.107 0.0975 0.0975 0.088 0.088 0.096 0.096 0.096 0.103 0.103 0.097 0.097 0.102 0.102 0.102 0.1005 0.1005 0.1145 0.1145 0.1105 0.1105 0.1105 0.109 0.109 0.109 0.109 0.105 0.105 0.105 0.0995 0.0995 0.103 0.103 0.106 0.106 0.106 0.104 0.104 0.1045 0.1045 0.1015 0.1015 0.103 0.103 0.103 0.1035 0.1035 0.096 0.096 0.08750001 0.08750001 0.08750001 0.088 0.088 0.095 0.095 0.0925 0.0925 0.0925 0.1045 0.1045 0.0975 0.0975 0.095 0.095 0.095 0.088 0.088 0.096 0.096
0.1075 0.107 0.107 0.1045 0.1045 0.1045 0.107 0.107 0.0975 0.0975 0.088 0.088 0.096 0.096 0.096 0.103 0.103 0.097 0.097 0.102 0.102 0.102 0.1005 0.1005 0.1145 0.1145 0.1105 0.1105 0.1105 0.109 0.109 0.109 0.109 0.105 0.105 0.105 0.0995 0.0995 0.103 0.103 0.106 0.106 0.106 0.104 0.104 0.1045 0.1045 0.1015 0.1015 0.103 0.103 0.103 0.1035 0.1035 0.096 0.096 0.08750001 0.08750001 0.08750001 0.088 0.088 0.095 0.095 0.0925 0.0925 0.0925 0.1045 0.1045 0.0975 0.0975 0.095 0.095 0.095 0.088 0.088 0.096 0.096
0.1095 0.096 0.096 0.101 0.101 0.101 0.11 0.11 0.0935 0.0935 0.1105 0.1105 0.105 0.105 0.105 0.1135 0.1135 0.0855 0.0855 0.121 0.121 0.121 0.125 0.125 0.116 0.116 0.1105 0.1105 0.1105 0.1125 0.1125 0.112 0.112 0.089 0.089 0.089 0.115 0.115 0.096 0.096 0.097 0.097 0.097 0.0995 0.0995 0.1025 0.1025 0.118 0.118 0.1185 0.1185 0.1185 0.1185 0.1185 0.103 0.103 0.098 0.098 0.098 0.105 0.105 0.11 0.11 0.1045 0.1045 0.1045 0.1025 0.1025 0.1 0.1 0.098 0.098 0.098 0.0945 0.0945 0.096 0.096
0.1095 0.096 0.096 0.101 0.101 0.101 0.11 0.11 0.0935 0.0935 0.1105 0.1105 0.105 0.105 0.105 0.1135 0.1135 0.0855 0.0855 0.121 0.121 0.121 0.125 0.125 0.116 0.116 0.1105 0.1105 0.1105 0.1125 0.1125 0.112 0.112 0.089 0.089 0.089 0.115 0.115 0.096 0.096 0.097 0.097 0.097 0.0995 0.0995 0.1025 0.1025 0.118 0.118 0.1185 0.1185 0.1185 0.1185 0.1185 0.103 0.103 0.098 0.098 0.098 0.105 0.105 0.11 0.11 0.1045 0.1045 0.1045 0.1025 0.1025 0.1 0.1 0.098 0.098 0.098 0.0945 0.0945 0.096 0.096
