ndvi/NOAA-8.asc
ncols         252
nrows         154
xllcorner     -18.017974
yllcorner     13.481982
cellsize      0.035948
NODATA_value  -9999
[rows 34 to 67 of 154, columns 154 to 230 of 252]
0.1415 0.137 0.137 0.136 0.136 0.136 0.1515 0.1515 0.1285 0.1285 0.125 0.125 0.119 0.119 0.119 0.1215 0.1215 0.1205 0.1205 0.123 0.123 0.123 0.117 0.117 0.1345 0.1345 0.1235 0.1235 0.1235 0.135 0.135 0.1365 0.1365 0.128 0.128 0.128 0.1205 0.1205 0.1185 0.1185 0.122 0.122 0.122 0.118 0.118 0.1145 0.1145 0.1255 0.1255 0.1235 0.1235 0.1235 0.129 0.129 0.125 0.125 0.1255 0.1255 0.1255 0.107 0.107 0.103 0.103 0.099 0.099 0.099 0.106 0.106 0.1005 0.1005 0.103 0.103 0.103 0.1075 0.1075 0.0965 0.0965
0.1415 0.137 0.137 0.136 0.136 0.136 0.1515 0.1515 0.1285 0.1285 0.125 0.125 0.119 0.119 0.119 0.1215 0.1215 0.1205 0.1205 0.123 0.123 0.123 0.117 0.117 0.1345 0.1345 0.1235 0.1235 0.1235 0.135 0.135 0.1365 0.1365 0.128 0.128 0.128 0.1205 0.1205 0.1185 0.1185 0.122 0.122 0.122 0.118 0.118 0.1145 0.1145 0.1255 0.1255 0.1235 0.1235 0.1235 0.129 0.129 0.125 0.125 0.1255 0.1255 0.1255 0.107 0.107 0.103 0.103 0.099 0.099 0.099 0.106 0.106 0.1005 0.1005 0.103 0.103 0.103 0.1075 0.1075 0.0965 0.0965
0.1415 0.137 0.137 0.136 0.136 0.136 0.1515 0.1515 0.1285 0.1285 0.125 0.125 0.119 0.119 0.119 0.1215 0.1215 0.1205 0.1205 0.123 0.123 0.123 0.117 0.117 0.1345 0.1345 0.1235 0.1235 0.1235 0.135 0.135 0.1365 0.1365 0.128 0.128 0.128 0.1205 0.1205 0.1185 0.1185 0.122 0.122 0.122 0.118 0.118 0.1145 0.1145 0.1255 0.1255 0.1235 0.1235 0.1235 0.129 0.129 0.125 0.125 0.1255 0.1255 0.1255 0.107 0.107 0.103 0.103 0.099 0.099 0.099 0.106 0.106 0.1005 0.1005 0.103 0.103 0.103 0.1075 0.1075 0.0965 0.0965
0.1325 0.137 0.137 0.1405 0.1405 0.1405 0.124 0.124 0.1335 0.1335 0.1295 0.1295 0.126 0.126 0.126 0.115 0.115 0.119 0.119 0.1185 0.1185 0.1185 0.115 0.115 0.1305 0.1305 0.142 0.142 0.142 0.1505 0.1505 0.138 0.138 0.1385 0.1385 0.1385 0.1245 0.1245 0.118 0.118 0.116 0.116 0.116 0.117 0.117 0.1265 0.1265 0.138 0.138 0.126 0.126 0.126 0.123 0.123 0.1245 0.1245 0.1255 0.1255 0.1255 0.125 0.125 0.114 0.114 0.1065 0.1065 0.1065 0.104 0.104 0.109 0.109 0.1135 0.1135 0.1135 0.1075 0.1075 0.112 0.112
0.1325 0.137 0.137 0.1405 0.1405 0.1405 0.124 0.124 0.1335 0.1335 0.1295 0.1295 0.126 0.126 0.126 0.115 0.115 0.119 0.119 0.1185 0.1185 0.1185 0.115 0.115 0.1305 0.1305 0.142 0.142 0.142 0.1505 0.1505 0.138 0.138 0.1385 0.1385 0.1385 0.1245 0.1245 0.118 0.118 0.116 0.116 0.116 0.117 0.117 0.1265 0.1265 0.138 0.138 0.126 0.126 0.126 0.123 0.123 0.1245 0.1245 0.1255 0.1255 0.1255 0.125 0.125 0.114 0.114 0.1065 0.1065 0.1065 0.104 0.104 0.109 0.109 0.1135 0.1135 0.1135 0.1075 0.1075 0.112 0.112
0.138 0.1305 0.1305 0.123 0.123 0.123 0.125 0.125 0.126 0.126 0.123 0.123 0.13 0.13 0.13 0.1225 0.1225 0.121 0.121 0.1175 0.1175 0.1175 0.126 0.126 0.1505 0.1505 0.141 0.141 0.141 0.148 0.148 0.146 0.146 0.149 0.149 0.149 0.136 0.136 0.1255 0.1255 0.119 0.119 0.119 0.121 0.121 0.1365 0.1365 0.136 0.136 0.138 0.138 0.138 0.1245 0.1245 0.1275 0.1275 0.132 0.132 0.132 0.1295 0.1295 0.13 0.13 0.111 0.111 0.111 0.102 0.102 0.1035 0.1035 0.1125 0.1125 0.1125 0.112 0.112 0.1075 0.1075
0.138 0.1305 0.1305 0.123 0.123 0.123 0.125 0.125 0.126 0.126 0.123 0.123 0.13 0.13 0.13 0.1225 0.1225 0.121 0.121 0.1175 0.1175 0.1175 0.126 0.126 0.1505 0.1505 0.141 0.141 0.141 0.148 0.148 0.146 0.146 0.149 0.149 0.149 0.136 0.136 0.1255 0.1255 0.119 0.119 0.119 0.121 0.121 0.1365 0.1365 0.136 0.136 0.138 0.138 0.138 0.1245 0.1245 0.1275 0.1275 0.132 0.132 0.132 0.1295 0.1295 0.13 0.13 0.111 0.111 0.111 0.102 0.102 0.1035 0.1035 0.1125 0.1125 0.1125 0.112 0.112 0.1075 0.1075
0.13 0.1295 0.1295 0.125 0.125 0.125 0.1275 0.1275 0.1245 0.1245 0.124 0.124 0.1235 0.1235 0.1235 0.1225 0.1225 0.131 0.131 0.1345 0.1345 0.1345 0.1395 0.1395 0.1495 0.1495 0.1515 0.1515 0.1515 0.1575 0.1575 0.163 0.163 0.1485 0.1485 0.1485 0.152 0.152 0.1455 0.1455 0.144 0.144 0.144 0.139 0.139 0.1365 0.1365 0.1405 0.1405 0.136 0.136 0.136 0.1325 0.1325 0.1355 0.1355 0.1355 0.1355 0.1355 0.1365 0.1365 0.1425 0.1425 0.1435 0.1435 0.1435 0.1325 0.1325 0.1265 0.1265 0.1195 0.1195 0.1195 0.1165 0.1165 0.1095 0.1095
0.13 0.1295 0.1295 0.125 0.125 0.125 0.1275 0.1275 0.1245 0.1245 0.124 0.124 0.1235 0.1235 0.1235 0.1225 0.1225 0.131 0.131 0.1345 0.1345 0.1345 0.1395 0.1395 0.1495 0.1495 0.1515 0.1515 0.1515 0.1575 0.1575 0.163 0.163 0.1485 0.1485 0.1485 0.152 0.152 0.1455 0.1455 0.144 0.144 0.144 0.139 0.139 0.1365 0.1365 0.1405 0.1405 0.136 0.136 0.136 0.1325 0.1325 0.1355 0.1355 0.1355 0.1355 0.1355 0.1365 0.1365 0.1425 0.1425 0.1435 0.1435 0.1435 0.1325 0.1325 0.1265 0.1265 0.1195 0.1195 0.1195 0.1165 0.1165 0.1095 0.1095
0.13 0.1295 0.1295 0.125 0.125 0.125 0.1275 0.1275 0.1245 0.1245 0.124 0.124 0.1235 0.1235 0.1235 0.1225 0.1225 0.131 0.131 0.1345 0.1345 0.1345 0.1395 0.1395 0.1495 0.1495 0.1515 0.1515 0.1515 0.1575 0.1575 0.163 0.163 0.1485 0.1485 0.1485 0.152 0.152 0.1455 0.1455 0.144 0.144 0.144 0.139 0.139 0.1365 0.1365 0.1405 0.1405 0.136 0.136 0.136 0.1325 0.1325 0.1355 0.1355 0.1355 0.1355 0.1355 0.1365 0.1365 0.1425 0.1425 0.1435 0.1435 0.1435 0.1325 0.1325 0.1265 0.1265 0.1195 0.1195 0.1195 0.1165 0.1165 0.1095 0.1095
0.118 0.159 0.159 0.1585 0.1585 0.1585 0.133 0.133 0.131 0.131 0.1445 0.1445 0.1435 0.1435 0.1435 0.142 0.142 0.202 0.202 0.175 0.175 0.175 0.1725 0.1725 0.165 0.165 0.1715 0.1715 0.1715 0.1765 0.1765 0.184 0.184 0.1725 0.1725 0.1725 0.1575 0.1575 0.1475 0.1475 0.14 0.14 0.14 0.1455 0.1455 0.151 0.151 0.157 0.157 0.154 0.154 0.154 0.1475 0.1475 0.1385 0.1385 0.1345 0.1345 0.1345 0.1445 0.1445 0.139 0.139 0.1435 0.1435 0.1435 0.1335 0.1335 0.13 0.13 0.126 0.126 0.126 0.1265 0.1265 0.1215 0.1215
0.118 0.159 0.159 0.1585 0.1585 0.1585 0.133 0.133 0.131 0.131 0.1445 0.1445 0.1435 0.1435 0.1435 0.142 0.142 0.202 0.202 0.175 0.175 0.175 0.1725 0.1725 0.165 0.165 0.1715 0.1715 0.1715 0.1765 0.1765 0.184 0.184 0.1725 0.1725 0.1725 0.1575 0.1575 0.1475 0.1475 0.14 0.14 0.14 0.1455 0.1455 0.151 0.151 0.157 0.157 0.154 0.154 0.154 0.1475 0.1475 0.1385 0.1385 0.1345 0.1345 0.1345 0.1445 0.1445 0.139 0.139 0.1435 0.1435 0.1435 0.1335 0.1335 0.13 0.13 0.126 0.126 0.126 0.1265 0.1265 0.1215 0.1215
0.147 0.1785 0.1785 0.186 0.186 0.186 0.1965 0.1965 0.213 0.213 0.207 0.207 0.21 0.21 0.21 0.2205 0.2205 0.213 0.213 0.201 0.201 0.201 0.1915 0.1915 0.166 0.166 0.187 0.187 0.187 0.2025 0.2025 0.193 0.193 0.1925 0.1925 0.1925 0.173 0.173 0.162 0.162 0.1645 0.1645 0.1645 0.168 0.168 0.1665 0.1665 0.1595 0.1595 0.1595 0.1595 0.1595 0.151 0.151 0.156 0.156 0.157 0.157 0.157 0.146 0.146 0.1475 0.1475 0.152 0.152 0.152 0.1445 0.1445 0.132 0.132 0.1325 0.1325 0.1325 0.139 0.139 0.1345 0.1345
0.147 0.1785 0.1785 0.186 0.186 0.186 0.1965 0.1965 0.213 0.213 0.207 0.207 0.21 0.21 0.21 0.2205 0.2205 0.213 0.213 0.201 0.201 0.201 0.1915 0.1915 0.166 0.166 0.187 0.187 0.187 0.2025 0.2025 0.193 0.193 0.1925 0.1925 0.1925 0.173 0.173 0.162 0.162 0.1645 0.1645 0.1645 0.168 0.168 0.1665 0.1665 0.1595 0.1595 0.1595 0.1595 0.1595 0.151 0.151 0.156 0.156 0.157 0.157 0.157 0.146 0.146 0.1475 0.1475 0.152 0.152 0.152 0.1445 0.1445 0.132 0.132 0.1325 0.1325 0.1325 0.139 0.139 0.1345 0.1345
0.158 0.1655 0.1655 0.1895 0.1895 0.1895 0.224 0.224 0.2565 0.2565 0.2155 0.2155 0.209 0.209 0.209 0.213 0.213 0.223 0.223 0.192 0.192 0.192 0.1985 0.1985 0.2165 0.2165 0.2285 0.2285 0.2285 0.2115 0.2115 0.197 0.197 0.1935 0.1935 0.1935 0.1775 0.1775 0.166 0.166 0.184 0.184 0.184 0.1835 0.1835 0.1725 0.1725 0.156 0.156 0.1595 0.1595 0.1595 0.1495 0.1495 0.151 0.151 0.156 0.156 0.156 0.1585 0.1585 0.156 0.156 0.1505 0.1505 0.1505 0.151 0.151 0.1375 0.1375 0.136 0.136 0.136 0.1385 0.1385 0.1375 0.1375
0.158 0.1655 0.1655 0.1895 0.1895 0.1895 0.224 0.224 0.2565 0.2565 0.2155 0.2155 0.209 0.209 0.209 0.213 0.213 0.223 0.223 0.192 0.192 0.192 0.1985 0.1985 0.2165 0.2165 0.2285 0.2285 0.2285 0.2115 0.2115 0.197 0.197 0.1935 0.1935 0.1935 0.1775 0.1775 0.166 0.166 0.184 0.184 0.184 0.1835 0.1835 0.1725 0.1725 0.156 0.156 0.1595 0.1595 0.1595 0.1495 0.1495 0.151 0.151 0.156 0.156 0.156 0.1585 0.1585 0.156 0.156 0.1505 0.1505 0.1505 0.151 0.151 0.1375 0.1375 0.136 0.136 0.136 0.1385 0.1385 0.1375 0.1375
0.158 0.1655 0.1655 0.1895 0.1895 0.1895 0.224 0.224 0.2565 0.2565 0.2155 0.2155 0.209 0.209 0.209 0.213 0.213 0.223 0.223 0.192 0.192 0.192 0.1985 0.1985 0.2165 0.2165 0.2285 0.2285 0.2285 0.2115 0.2115 0.197 0.197 0.1935 0.1935 0.1935 0.1775 0.1775 0.166 0.166 0.184 0.184 0.184 0.1835 0.1835 0.1725 0.1725 0.156 0.156 0.1595 0.1595 0.1595 0.1495 0.1495 0.151 0.151 0.156 0.156 0.156 0.1585 0.1585 0.156 0.156 0.1505 0.1505 0.1505 0.151 0.151 0.1375 0.1375 0.136 0.136 0.136 0.1385 0.1385 0.1375 0.1375
0.15 0.15 0.15 0.1935 0.1935 0.1935 0.2255 0.2255 0.2365 0.2365 0.219 0.219 0.2095 0.2095 0.2095 0.193 0.193 0.181 0.181 0.184 0.184 0.184 0.1885 0.1885 0.201 0.201 0.2135 0.2135 0.2135 0.227 0.227 0.212 0.212 0.2015 0.2015 0.2015 0.179 0.179 0.179 0.179 0.191 0.191 0.191 0.179 0.179 0.171 0.171 0.171 0.171 0.147 0.147 0.147 0.145 0.145 0.1585 0.1585 0.1765 0.1765 0.1765 0.191 0.191 0.184 0.184 0.1705 0.1705 0.1705 0.1615 0.1615 0.148 0.148 0.142 0.142 0.142 0.147 0.147 0.1375 0.1375
0.15 0.15 0.15 0.1935 0.1935 0.1935 0.2255 0.2255 0.2365 0.2365 0.219 0.219 0.2095 0.2095 0.2095 0.193 0.193 0.181 0.181 0.184 0.184 0.184 0.1885 0.1885 0.201 0.201 0.2135 0.2135 0.2135 0.227 0.227 0.212 0.212 0.2015 0.2015 0.2015 0.179 0.179 0.179 0.179 0.191 0.191 0.191 0.179 0.179 0.171 0.171 0.171 0.171 0.147 0.147 0.147 0.145 0.145 0.1585 0.1585 0.1765 0.1765 0.1765 0.191 0.191 0.184 0.184 0.1705 0.1705 0.1705 0.1615 0.1615 0.148 0.148 0.142 0.142 0.142 0.147 0.147 0.1375 0.1375
0.1245 0.135 0.135 0.207 0.207 0.207 0.2065 0.2065 0.2265 0.2265 0.215 0.215 0.2185 0.2185 0.2185 0.202 0.202 0.1795 0.1795 0.1755 0.1755 0.1755 0.192 0.192 0.2195 0.2195 0.218 0.218 0.218 0.235 0.235 0.2305 0.2305 0.237 0.237 0.237 0.2255 0.2255 0.1945 0.1945 0.181 0.181 0.181 0.17 0.17 0.1585 0.1585 0.1645 0.1645 0.152 0.152 0.152 0.165 0.165 0.188 0.188 0.199 0.199 0.199 0.1965 0.1965 0.1975 0.1975 0.21 0.21 0.21 0.18 0.18 0.1975 0.1975 0.1965 0.1965 0.1965 0.1915 0.1915 0.188 0.188
0.1245 0.135 0.135 0.207 0.207 0.207 0.2065 0.2065 0.2265 0.2265 0.215 0.215 0.2185 0.2185 0.2185 0.202 0.202 0.1795 0.1795 0.1755 0.1755 0.1755 0.192 0.192 0.2195 0.2195 0.218 0.218 0.218 0.235 0.235 0.2305 0.2305 0.237 0.237 0.237 0.2255 0.2255 0.1945 0.1945 0.181 0.181 0.181 0.17 0.17 0.1585 0.1585 0.1645 0.1645 0.152 0.152 0.152 0.165 0.165 0.188 0.188 0.199 0.199 0.199 0.1965 0.1965 0.1975 0.1975 0.21 0.21 0.21 0.18 0.18 0.1975 0.1975 0.1965 0.1965 0.1965 0.1915 0.1915 0.188 0.188
0.115 0.1325 0.1325 0.1865 0.1865 0.1865 0.1865 0.1865 0.209 0.209 0.2205 0.2205 0.2245 0.2245 0.2245 0.245 0.245 0.2525 0.2525 0.259 0.259 0.259 0.2325 0.2325 0.2515 0.2515 0.2495 0.2495 0.2495 0.2385 0.2385 0.23 0.23 0.2195 0.2195 0.2195 0.22 0.22 0.211 0.211 0.204 0.204 0.204 0.177 0.177 0.169 0.169 0.1745 0.1745 0.184 0.184 0.184 0.184 0.184 0.1755 0.1755 0.201 0.201 0.201 0.2065 0.2065 0.2115 0.2115 0.2005 0.2005 0.2005 0.1965 0.1965 0.2015 0.2015 0.197 0.197 0.197 0.187 0.187 0.1835 0.1835
0.115 0.1325 0.1325 0.1865 0.1865 0.1865 0.1865 0.1865 0.209 0.209 0.2205 0.2205 0.2245 0.2245 0.2245 0.245 0.245 0.2525 0.2525 0.259 0.259 0.259 0.2325 0.2325 0.2515 0.2515 0.2495 0.2495 0.2495 0.2385 0.2385 0.23 0.23 0.2195 0.2195 0.2195 0.22 0.22 0.211 0.211 0.204 0.204 0.204 0.177 0.177 0.169 0.169 0.1745 0.1745 0.184 0.184 0.184 0.184 0.184 0.1755 0.1755 0.201 0.201 0.201 0.2065 0.2065 0.2115 0.2115 0.2005 0.2005 0.2005 0.1965 0.1965 0.2015 0.2015 0.197 0.197 0.197 0.187 0.187 0.1835 0.1835
0.1155 0.137 0.137 0.151 0.151 0.151 0.2035 0.2035 0.215 0.215 0.224 0.224 0.24 0.24 0.24 0.2295 0.2295 0.264 0.264 0.2585 0.2585 0.2585 0.262 0.262 0.2765 0.2765 0.2465 0.2465 0.2465 0.2345 0.2345 0.2265 0.2265 0.1995 0.1995 0.1995 0.1955 0.1955 0.187 0.187 0.1965 0.1965 0.1965 0.1705 0.1705 0.174 0.174 0.161 0.161 0.174 0.174 0.174 0.175 0.175 0.1905 0.1905 0.1825 0.1825 0.1825 0.1835 0.1835 0.1945 0.1945 0.197 0.197 0.197 0.1905 0.1905 0.1925 0.1925 0.1935 0.1935 0.1935 0.191 0.191 0.1965 0.1965
0.1155 0.137 0.137 0.151 0.151 0.151 0.2035 0.2035 0.215 0.215 0.224 0.224 0.24 0.24 0.24 0.2295 0.2295 0.264 0.264 0.2585 0.2585 0.2585 0.262 0.262 0.2765 0.2765 0.2465 0.2465 0.2465 0.2345 0.2345 0.2265 0.2265 0.1995 0.1995 0.1995 0.1955 0.1955 0.187 0.187 0.1965 0.1965 0.1965 0.1705 0.1705 0.174 0.174 0.161 0.161 0.174 0.174 0.174 0.175 0.175 0.1905 0.1905 0.1825 0.1825 0.1825 0.1835 0.1835 0.1945 0.1945 0.197 0.197 0.197 0.1905 0.1905 0.1925 0.1925 0.1935 0.1935 0.1935 0.191 0.191 0.1965 0.1965
0.1155 0.137 0.137 0.151 0.151 0.151 0.2035 0.2035 0.215 0.215 0.224 0.224 0.24 0.24 0.24 0.2295 0.2295 0.264 0.264 0.2585 0.2585 0.2585 0.262 0.262 0.2765 0.2765 0.2465 0.2465 0.2465 0.2345 0.2345 0.2265 0.2265 0.1995 0.1995 0.1995 0.1955 0.1955 0.187 0.187 0.1965 0.1965 0.1965 0.1705 0.1705 0.174 0.174 0.161 0.161 0.174 0.174 0.174 0.175 0.175 0.1905 0.1905 0.1825 0.1825 0.1825 0.1835 0.1835 0.1945 0.1945 0.197 0.197 0.197 0.1905 0.1905 0.1925 0.1925 0.1935 0.1935 0.1935 0.191 0.191 0.1965 0.1965
0.138 0.1575 0.1575 0.1395 0.1395 0.1395 0.1555 0.1555 0.1925 0.1925 0.218 0.218 0.2415 0.2415 0.2415 0.239 0.239 0.251 0.251 0.245 0.245 0.245 0.2485 0.2485 0.2325 0.2325 0.2135 0.2135 0.2135 0.2045 0.2045 0.2155 0.2155 0.202 0.202 0.202 0.2025 0.2025 0.1995 0.1995 0.2085 0.2085 0.2085 0.188 0.188 0.165 0.165 0.1585 0.1585 0.168 0.168 0.168 0.181 0.181 0.182 0.182 0.177 0.177 0.177 0.175 0.175 0.179 0.179 0.2035 0.2035 0.2035 0.2085 0.2085 0.208 0.208 0.195 0.195 0.195 0.176 0.176 0.183 0.183
0.138 0.1575 0.1575 0.1395 0.1395 0.1395 0.1555 0.1555 0.1925 0.1925 0.218 0.218 0.2415 0.2415 0.2415 0.239 0.239 0.251 0.251 0.245 0.245 0.245 0.2485 0.2485 0.2325 0.2325 0.2135 0.2135 0.2135 0.2045 0.2045 0.2155 0.2155 0.202 0.202 0.202 0.2025 0.2025 0.1995 0.1995 0.2085 0.2085 0.2085 0.188 0.188 0.165 0.165 0.1585 0.1585 0.168 0.168 0.168 0.181 0.181 0.182 0.182 0.177 0.177 0.177 0.175 0.175 0.179 0.179 0.2035 0.2035 0.2035 0.2085 0.2085 0.208 0.208 0.195 0.195 0.195 0.176 0.176 0.183 0.183
0.155 0.1615 0.1615 0.1635 0.1635 0.1635 0.168 0.168 0.1785 0.1785 0.1985 0.1985 0.23 0.23 0.23 0.2705 0.2705 0.2625 0.2625 0.2635 0.2635 0.2635 0.249 0.249 0.2475 0.2475 0.1945 0.1945 0.1945 0.2095 0.2095 0.22 0.22 0.2145 0.2145 0.2145 0.229 0.229 0.2225 0.2225 0.217 0.217 0.217 0.21 0.21 0.1955 0.1955 0.2055 0.2055 0.208 0.208 0.208 0.2125 0.2125 0.1975 0.1975 0.186 0.186 0.186 0.186 0.186 0.1755 0.1755 0.196 0.196 0.196 0.194 0.194 0.182 0.182 0.172 0.172 0.172 0.1775 0.1775 0.1965 0.1965
0.155 0.1615 0.1615 0.1635 0.1635 0.1635 0.168 0.168 0.1785 0.1785 0.1985 0.1985 0.23 0.23 0.23 0.2705 0.2705 0.2625 0.2625 0.2635 0.2635 0.2635 0.249 0.249 0.2475 0.2475 0.1945 0.1945 0.1945 0.2095 0.2095 0.22 0.22 0.2145 0.2145 0.2145 0.229 0.229 0.2225 0.2225 0.217 0.217 0.217 0.21 0.21 0.1955 0.1955 0.2055 0.2055 0.208 0.208 0.208 0.2125 0.2125 0.1975 0.1975 0.186 0.186 0.186 0.186 0.186 0.1755 0.1755 0.196 0.196 0.196 0.194 0.194 0.182 0.182 0.172 0.172 0.172 0.1775 0.1775 0.1965 0.1965
0.1625 0.175 0.175 0.1505 0.1505 0.1505 0.167 0.167 0.1845 0.1845 0.2195 0.2195 0.227 0.227 0.227 0.257 0.257 0.308 0.308 0.307 0.307 0.307 0.2525 0.2525 0.237 0.237 0.2165 0.2165 0.2165 0.2005 0.2005 0.217 0.217 0.231 0.231 0.231 0.256 0.256 0.243 0.243 0.249 0.249 0.249 0.247 0.247 0.214 0.214 0.233 0.233 0.226 0.226 0.226 0.2385 0.2385 0.2625 0.2625 0.2495 0.2495 0.2495 0.213 0.213 0.223 0.223 0.232 0.232 0.232 0.2265 0.2265 0.196 0.196 0.183 0.183 0.183 0.192 0.192 0.207 0.207
0.1625 0.175 0.175 0.1505 0.1505 0.1505 0.167 0.167 0.1845 0.1845 0.2195 0.2195 0.227 0.227 0.227 0.257 0.257 0.308 0.308 0.307 0.307 0.307 0.2525 0.2525 0.237 0.237 0.2165 0.2165 0.2165 0.2005 0.2005 0.217 0.217 0.231 0.231 0.231 0.256 0.256 0.243 0.243 0.249 0.249 0.249 0.247 0.247 0.214 0.214 0.233 0.233 0.226 0.226 0.226 0.2385 0.2385 0.2625 0.2625 0.2495 0.2495 0.2495 0.213 0.213 0.223 0.223 0.232 0.232 0.232 0.2265 0.2265 0.196 0.196 0.183 0.183 0.183 0.192 0.192 0.207 0.207
0.1625 0.175 0.175 0.1505 0.1505 0.1505 0.167 0.167 0.1845 0.1845 0.2195 0.2195 0.227 0.227 0.227 0.257 0.257 0.308 0.308 0.307 0.307 0.307 0.2525 0.2525 0.237 0.237 0.2165 0.2165 0.2165 0.2005 0.2005 0.217 0.217 0.231 0.231 0.231 0.256 0.256 0.243 0.243 0.249 0.249 0.249 0.247 0.247 0.214 0.214 0.233 0.233 0.226 0.226 0.226 0.2385 0.2385 0.2625 0.2625 0.2495 0.2495 0.2495 0.213 0.213 0.223 0.223 0.232 0.232 0.232 0.2265 0.2265 0.196 0.196 0.183 0.183 0.183 0.192 0.192 0.207 0.207
0.147 0.16 0.16 0.164 0.164 0.164 0.1655 0.1655 0.206 0.206 0.228 0.228 0.2445 0.2445 0.2445 0.266 0.266 0.29 0.29 0.3265 0.3265 0.3265 0.275 0.275 0.2575 0.2575 0.229 0.229 0.229 0.2565 0.2565 0.247 0.247 0.2465 0.2465 0.2465 0.242 0.242 0.248 0.248 0.2575 0.2575 0.2575 0.265 0.265 0.2525 0.2525 0.2555 0.2555 0.2815 0.2815 0.2815 0.2945 0.2945 0.2805 0.2805 0.2695 0.2695 0.2695 0.3345 0.3345 0.3135 0.3135 0.273 0.273 0.273 0.267 0.267 0.2585 0.2585 0.2675 0.2675 0.2675 0.2745 0.2745 0.277 0.277
