ndvi/NOAA-115.asc
ncols         252
nrows         154
xllcorner     -18.017974
yllcorner     13.481982
cellsize      0.035948
NODATA_value  -9999
[rows 68 to 101 of 154, columns 77 to 153 of 252]
0.2025 0.2025 0.1975 0.1975 0.2015 0.2015 0.2245 0.2245 0.2245 0.2805 0.2805 0.2335 0.2335 0.249 0.249 0.2165 0.2165 0.2165 0.255 0.255 0.235 0.235 0.2175 0.2175 0.2175 0.1745 0.1745 0.185 0.185 0.1735 0.1735 0.1735 0.208 0.208 0.217 0.217 0.2135 0.2135 0.2135 0.22 0.22 0.2275 0.2275 0.1985 0.1985 0.1985 0.145 0.145 0.1585 0.1585 0.1645 0.1645 0.1925 0.1925 0.1925 0.193 0.193 0.1815 0.1815 0.2085 0.2085 0.2085 0.228 0.228 0.2335 0.2335 0.2185 0.2185 0.2185 0.2265 0.2265 0.226 0.226 0.1905 0.1905 0.1905 0.127
0.1785 0.1785 0.2 0.2 0.206 0.206 0.1965 0.1965 0.1965 0.214 0.214 0.2175 0.2175 0.212 0.212 0.216 0.216 0.216 0.204 0.204 0.1975 0.1975 0.236 0.236 0.236 0.1925 0.1925 0.171 0.171 0.176 0.176 0.176 0.186 0.186 0.2105 0.2105 0.203 0.203 0.203 0.2215 0.2215 0.2285 0.2285 0.1915 0.1915 0.1915 0.169 0.169 0.1845 0.1845 0.178 0.178 0.184 0.184 0.184 0.197 0.197 0.1985 0.1985 0.226 0.226 0.226 0.2485 0.2485 0.2595 0.2595 0.2285 0.2285 0.2285 0.2115 0.2115 0.2215 0.2215 0.2325 0.2325 0.2325 0.1705
0.1785 0.1785 0.2 0.2 0.206 0.206 0.1965 0.1965 0.1965 0.214 0.214 0.2175 0.2175 0.212 0.212 0.216 0.216 0.216 0.204 0.204 0.1975 0.1975 0.236 0.236 0.236 0.1925 0.1925 0.171 0.171 0.176 0.176 0.176 0.186 0.186 0.2105 0.2105 0.203 0.203 0.203 0.2215 0.2215 0.2285 0.2285 0.1915 0.1915 0.1915 0.169 0.169 0.1845 0.1845 0.178 0.178 0.184 0.184 0.184 0.197 0.197 0.1985 0.1985 0.226 0.226 0.226 0.2485 0.2485 0.2595 0.2595 0.2285 0.2285 0.2285 0.2115 0.2115 0.2215 0.2215 0.2325 0.2325 0.2325 0.1705
0.1885 0.1885 0.195 0.195 0.1955 0.1955 0.19 0.19 0.19 0.191 0.191 0.1905 0.1905 0.1965 0.1965 0.2035 0.2035 0.2035 0.1815 0.1815 0.1885 0.1885 0.1825 0.1825 0.1825 0.2295 0.2295 0.244 0.244 0.1885 0.1885 0.1885 0.1855 0.1855 0.194 0.194 0.2005 0.2005 0.2005 0.1975 0.1975 0.239 0.239 0.2025 0.2025 0.2025 0.16 0.16 0.152 0.152 0.161 0.161 0.191 0.191 0.191 0.2045 0.2045 0.1835 0.1835 0.207 0.207 0.207 0.2405 0.2405 0.2295 0.2295 0.214 0.214 0.214 0.2065 0.2065 0.207 0.207 0.233 0.233 0.233 0.154
0.1885 0.1885 0.195 0.195 0.1955 0.1955 0.19 0.19 0.19 0.191 0.191 0.1905 0.1905 0.1965 0.1965 0.2035 0.2035 0.2035 0.1815 0.1815 0.1885 0.1885 0.1825 0.1825 0.1825 0.2295 0.2295 0.244 0.244 0.1885 0.1885 0.1885 0.1855 0.1855 0.194 0.194 0.2005 0.2005 0.2005 0.1975 0.1975 0.239 0.239 0.2025 0.2025 0.2025 0.16 0.16 0.152 0.152 0.161 0.161 0.191 0.191 0.191 0.2045 0.2045 0.1835 0.1835 0.207 0.207 0.207 0.2405 0.2405 0.2295 0.2295 0.214 0.214 0.214 0.2065 0.2065 0.207 0.207 0.233 0.233 0.233 0.154
0.1885 0.1885 0.195 0.195 0.1955 0.1955 0.19 0.19 0.19 0.191 0.191 0.1905 0.1905 0.1965 0.1965 0.2035 0.2035 0.2035 0.1815 0.1815 0.1885 0.1885 0.1825 0.1825 0.1825 0.2295 0.2295 0.244 0.244 0.1885 0.1885 0.1885 0.1855 0.1855 0.194 0.194 0.2005 0.2005 0.2005 0.1975 0.1975 0.239 0.239 0.2025 0.2025 0.2025 0.16 0.16 0.152 0.152 0.161 0.161 0.191 0.191 0.191 0.2045 0.2045 0.1835 0.1835 0.207 0.207 0.207 0.2405 0.2405 0.2295 0.2295 0.214 0.214 0.214 0.2065 0.2065 0.207 0.207 0.233 0.233 0.233 0.154
0.199 0.199 0.217 0.217 0.2015 0.2015 0.1965 0.1965 0.1965 0.206 0.206 0.185 0.185 0.1635 0.1635 0.1575 0.1575 0.1575 0.191 0.191 0.1795 0.1795 0.1885 0.1885 0.1885 0.202 0.202 0.1985 0.1985 0.2325 0.2325 0.2325 0.248 0.248 0.199 0.199 0.1875 0.1875 0.1875 0.1885 0.1885 0.193 0.193 0.142 0.142 0.142 0.1635 0.1635 0.2115 0.2115 0.206 0.206 0.2085 0.2085 0.2085 0.201 0.201 0.1935 0.1935 0.1895 0.1895 0.1895 0.205 0.205 0.2045 0.2045 0.203 0.203 0.203 0.213 0.213 0.181 0.181 0.167 0.167 0.167 0.162
0.199 0.199 0.217 0.217 0.2015 0.2015 0.1965 0.1965 0.1965 0.206 0.206 0.185 0.185 0.1635 0.1635 0.1575 0.1575 0.1575 0.191 0.191 0.1795 0.1795 0.1885 0.1885 0.1885 0.202 0.202 0.1985 0.1985 0.2325 0.2325 0.2325 0.248 0.248 0.199 0.199 0.1875 0.1875 0.1875 0.1885 0.1885 0.193 0.193 0.142 0.142 0.142 0.1635 0.1635 0.2115 0.2115 0.206 0.206 0.2085 0.2085 0.2085 0.201 0.201 0.1935 0.1935 0.1895 0.1895 0.1895 0.205 0.205 0.2045 0.2045 0.203 0.203 0.203 0.213 0.213 0.181 0.181 0.167 0.167 0.167 0.162
0.187 0.187 0.2105 0.2105 0.212 0.212 0.1885 0.1885 0.1885 0.183 0.183 0.134 0.134 0.175 0.175 0.1665 0.1665 0.1665 0.1295 0.1295 0.1415 0.1415 0.1775 0.1775 0.1775 0.192 0.192 0.1905 0.1905 0.216 0.216 0.216 0.242 0.242 0.2695 0.2695 0.231 0.231 0.231 0.1985 0.1985 0.176 0.176 0.146 0.146 0.146 0.1605 0.1605 0.2115 0.2115 0.193 0.193 0.1895 0.1895 0.1895 0.1885 0.1885 0.1955 0.1955 0.176 0.176 0.176 0.185 0.185 0.2055 0.2055 0.2205 0.2205 0.2205 0.197 0.197 0.198 0.198 0.096 0.096 0.096 0.1205
0.187 0.187 0.2105 0.2105 0.212 0.212 0.1885 0.1885 0.1885 0.183 0.183 0.134 0.134 0.175 0.175 0.1665 0.1665 0.1665 0.1295 0.1295 0.1415 0.1415 0.1775 0.1775 0.1775 0.192 0.192 0.1905 0.1905 0.216 0.216 0.216 0.242 0.242 0.2695 0.2695 0.231 0.231 0.231 0.1985 0.1985 0.176 0.176 0.146 0.146 0.146 0.1605 0.1605 0.2115 0.2115 0.193 0.193 0.1895 0.1895 0.1895 0.1885 0.1885 0.1955 0.1955 0.176 0.176 0.176 0.185 0.185 0.2055 0.2055 0.2205 0.2205 0.2205 0.197 0.197 0.198 0.198 0.096 0.096 0.096 0.1205
0.173 0.173 0.1865 0.1865 0.1605 0.1605 0.159 0.159 0.159 0.1795 0.1795 0.1745 0.1745 0.1445 0.1445 0.146 0.146 0.146 0.1525 0.1525 0.136 0.136 0.145 0.145 0.145 0.19 0.19 0.189 0.189 0.2055 0.2055 0.2055 0.217 0.217 0.2105 0.2105 0.242 0.242 0.242 0.232 0.232 0.2115 0.2115 0.169 0.169 0.169 0.167 0.167 0.197 0.197 0.2035 0.2035 0.1765 0.1765 0.1765 0.179 0.179 0.166 0.166 0.161 0.161 0.161 0.1785 0.1785 0.155 0.155 0.1925 0.1925 0.1925 0.1845 0.1845 0.2025 0.2025 0.1515 0.1515 0.1515 0.119
0.173 0.173 0.1865 0.1865 0.1605 0.1605 0.159 0.159 0.159 0.1795 0.1795 0.1745 0.1745 0.1445 0.1445 0.146 0.146 0.146 0.1525 0.1525 0.136 0.136 0.145 0.145 0.145 0.19 0.19 0.189 0.189 0.2055 0.2055 0.2055 0.217 0.217 0.2105 0.2105 0.242 0.242 0.242 0.232 0.232 0.2115 0.2115 0.169 0.169 0.169 0.167 0.167 0.197 0.197 0.2035 0.2035 0.1765 0.1765 0.1765 0.179 0.179 0.166 0.166 0.161 0.161 0.161 0.1785 0.1785 0.155 0.155 0.1925 0.1925 0.1925 0.1845 0.1845 0.2025 0.2025 0.1515 0.1515 0.1515 0.119
0.1995 0.1995 0.1985 0.1985 0.185 0.185 0.1815 0.1815 0.1815 0.155 0.155 0.1665 0.1665 0.159 0.159 0.1565 0.1565 0.1565 0.1475 0.1475 0.1215 0.1215 0.169 0.169 0.169 0.188 0.188 0.193 0.193 0.1815 0.1815 0.1815 0.205 0.205 0.225 0.225 0.1915 0.1915 0.1915 0.194 0.194 0.2025 0.2025 0.2075 0.2075 0.2075 0.22 0.22 0.1985 0.1985 0.1795 0.1795 0.1805 0.1805 0.1805 0.1425 0.1425 0.1585 0.1585 0.1795 0.1795 0.1795 0.198 0.198 0.177 0.177 0.178 0.178 0.178 0.1605 0.1605 0.173 0.173 0.1605 0.1605 0.1605 0.118
0.1995 0.1995 0.1985 0.1985 0.185 0.185 0.1815 0.1815 0.1815 0.155 0.155 0.1665 0.1665 0.159 0.159 0.1565 0.1565 0.1565 0.1475 0.1475 0.1215 0.1215 0.169 0.169 0.169 0.188 0.188 0.193 0.193 0.1815 0.1815 0.1815 0.205 0.205 0.225 0.225 0.1915 0.1915 0.1915 0.194 0.194 0.2025 0.2025 0.2075 0.2075 0.2075 0.22 0.22 0.1985 0.1985 0.1795 0.1795 0.1805 0.1805 0.1805 0.1425 0.1425 0.1585 0.1585 0.1795 0.1795 0.1795 0.198 0.198 0.177 0.177 0.178 0.178 0.178 0.1605 0.1605 0.173 0.173 0.1605 0.1605 0.1605 0.118
0.1995 0.1995 0.1985 0.1985 0.185 0.185 0.1815 0.1815 0.1815 0.155 0.155 0.1665 0.1665 0.159 0.159 0.1565 0.1565 0.1565 0.1475 0.1475 0.1215 0.1215 0.169 0.169 0.169 0.188 0.188 0.193 0.193 0.1815 0.1815 0.1815 0.205 0.205 0.225 0.225 0.1915 0.1915 0.1915 0.194 0.194 0.2025 0.2025 0.2075 0.2075 0.2075 0.22 0.22 0.1985 0.1985 0.1795 0.1795 0.1805 0.1805 0.1805 0.1425 0.1425 0.1585 0.1585 0.1795 0.1795 0.1795 0.198 0.198 0.177 0.177 0.178 0.178 0.178 0.1605 0.1605 0.173 0.173 0.1605 0.1605 0.1605 0.118
0.2005 0.2005 0.2005 0.2005 0.1835 0.1835 0.188 0.188 0.188 0.1865 0.1865 0.1725 0.1725 0.1885 0.1885 0.1985 0.1985 0.1985 0.1625 0.1625 0.1675 0.1675 0.1815 0.1815 0.1815 0.1875 0.1875 0.2015 0.2015 0.1855 0.1855 0.1855 0.196 0.196 0.1775 0.1775 0.1715 0.1715 0.1715 0.1885 0.1885 0.176 0.176 0.208 0.208 0.208 0.238 0.238 0.231 0.231 0.189 0.189 0.182 0.182 0.182 0.1775 0.1775 0.178 0.178 0.1895 0.1895 0.1895 0.197 0.197 0.1685 0.1685 0.1705 0.1705 0.1705 0.173 0.173 0.188 0.188 0.164 0.164 0.164 0.1265
0.2005 0.2005 0.2005 0.2005 0.1835 0.1835 0.188 0.188 0.188 0.1865 0.1865 0.1725 0.1725 0.1885 0.1885 0.1985 0.1985 0.1985 0.1625 0.1625 0.1675 0.1675 0.1815 0.1815 0.1815 0.1875 0.1875 0.2015 0.2015 0.1855 0.1855 0.1855 0.196 0.196 0.1775 0.1775 0.1715 0.1715 0.1715 0.1885 0.1885 0.176 0.176 0.208 0.208 0.208 0.238 0.238 0.231 0.231 0.189 0.189 0.182 0.182 0.182 0.1775 0.1775 0.178 0.178 0.1895 0.1895 0.1895 0.197 0.197 0.1685 0.1685 0.1705 0.1705 0.1705 0.173 0.173 0.188 0.188 0.164 0.164 0.164 0.1265
0.2095 0.2095 0.193 0.193 0.1915 0.1915 0.2035 0.2035 0.2035 0.213 0.213 0.2145 0.2145 0.196 0.196 0.2035 0.2035 0.2035 0.2045 0.2045 0.1925 0.1925 0.189 0.189 0.189 0.185 0.185 0.196 0.196 0.1885 0.1885 0.1885 0.1755 0.1755 0.1825 0.1825 0.1755 0.1755 0.1755 0.173 0.173 0.1765 0.1765 0.1695 0.1695 0.1695 0.157 0.157 0.1885 0.1885 0.1755 0.1755 0.1975 0.1975 0.1975 0.2045 0.2045 0.1905 0.1905 0.2005 0.2005 0.2005 0.2125 0.2125 0.2285 0.2285 0.1815 0.1815 0.1815 0.172 0.172 0.182 0.182 0.157 0.157 0.157 0.1435
0.2095 0.2095 0.193 0.193 0.1915 0.1915 0.2035 0.2035 0.2035 0.213 0.213 0.2145 0.2145 0.196 0.196 0.2035 0.2035 0.2035 0.2045 0.2045 0.1925 0.1925 0.189 0.189 0.189 0.185 0.185 0.196 0.196 0.1885 0.1885 0.1885 0.1755 0.1755 0.1825 0.1825 0.1755 0.1755 0.1755 0.173 0.173 0.1765 0.1765 0.1695 0.1695 0.1695 0.157 0.157 0.1885 0.1885 0.1755 0.1755 0.1975 0.1975 0.1975 0.2045 0.2045 0.1905 0.1905 0.2005 0.2005 0.2005 0.2125 0.2125 0.2285 0.2285 0.1815 0.1815 0.1815 0.172 0.172 0.182 0.182 0.157 0.157 0.157 0.1435
0.2455 0.2455 0.266 0.266 0.253 0.253 0.2445 0.2445 0.2445 0.228 0.228 0.227 0.227 0.232 0.232 0.2225 0.2225 0.2225 0.2105 0.2105 0.203 0.203 0.209 0.209 0.209 0.204 0.204 0.2015 0.2015 0.195 0.195 0.195 0.2055 0.2055 0.2245 0.2245 0.189 0.189 0.189 0.187 0.187 0.201 0.201 0.1755 0.1755 0.1755 0.1395 0.1395 0.1865 0.1865 0.1855 0.1855 0.1825 0.1825 0.1825 0.1975 0.1975 0.205 0.205 0.211 0.211 0.211 0.2275 0.2275 0.2465 0.2465 0.1695 0.1695 0.1695 0.1975 0.1975 0.1795 0.1795 0.185 0.185 0.185 0.159
0.2455 0.2455 0.266 0.266 0.253 0.253 0.2445 0.2445 0.2445 0.228 0.228 0.227 0.227 0.232 0.232 0.2225 0.2225 0.2225 0.2105 0.2105 0.203 0.203 0.209 0.209 0.209 0.204 0.204 0.2015 0.2015 0.195 0.195 0.195 0.2055 0.2055 0.2245 0.2245 0.189 0.189 0.189 0.187 0.187 0.201 0.201 0.1755 0.1755 0.1755 0.1395 0.1395 0.1865 0.1865 0.1855 0.1855 0.1825 0.1825 0.1825 0.1975 0.1975 0.205 0.205 0.211 0.211 0.211 0.2275 0.2275 0.2465 0.2465 0.1695 0.1695 0.1695 0.1975 0.1975 0.1795 0.1795 0.185 0.185 0.185 0.159
0.2455 0.2455 0.266 0.266 0.253 0.253 0.2445 0.2445 0.2445 0.228 0.228 0.227 0.227 0.232 0.232 0.2225 0.2225 0.2225 0.2105 0.2105 0.203 0.203 0.209 0.209 0.209 0.204 0.204 0.2015 0.2015 0.195 0.195 0.195 0.2055 0.2055 0.2245 0.2245 0.189 0.189 0.189 0.187 0.187 0.201 0.201 0.1755 0.1755 0.1755 0.1395 0.1395 0.1865 0.1865 0.1855 0.1855 0.1825 0.1825 0.1825 0.1975 0.1975 0.205 0.205 0.211 0.211 0.211 0.2275 0.2275 0.2465 0.2465 0.1695 0.1695 0.1695 0.1975 0.1975 0.1795 0.1795 0.185 0.185 0.185 0.159
0.2725 0.2725 0.274 0.274 0.2425 0.2425 0.2055 0.2055 0.2055 0.1955 0.1955 0.2135 0.2135 0.1925 0.1925 0.203 0.203 0.203 0.2155 0.2155 0.208 0.208 0.209 0.209 0.209 0.2175 0.2175 0.188 0.188 0.182 0.182 0.182 0.18 0.18 0.209 0.209 0.21 0.21 0.21 0.2065 0.2065 0.2145 0.2145 0.2045 0.2045 0.2045 0.2 0.2 0.2075 0.2075 0.1945 0.1945 0.192 0.192 0.192 0.2065 0.2065 0.2265 0.2265 0.221 0.221 0.221 0.2255 0.2255 0.214 0.214 0.226 0.226 0.226 0.198 0.198 0.1905 0.1905 0.163 0.163 0.163 0.165
0.2725 0.2725 0.274 0.274 0.2425 0.2425 0.2055 0.2055 0.2055 0.1955 0.1955 0.2135 0.2135 0.1925 0.1925 0.203 0.203 0.203 0.2155 0.2155 0.208 0.208 0.209 0.209 0.209 0.2175 0.2175 0.188 0.188 0.182 0.182 0.182 0.18 0.18 0.209 0.209 0.21 0.21 0.21 0.2065 0.2065 0.2145 0.2145 0.2045 0.2045 0.2045 0.2 0.2 0.2075 0.2075 0.1945 0.1945 0.192 0.192 0.192 0.2065 0.2065 0.2265 0.2265 0.221 0.221 0.221 0.2255 0.2255 0.214 0.214 0.226 0.226 0.226 0.198 0.198 0.1905 0.1905 0.163 0.163 0.163 0.165
0.2485 0.2485 0.2495 0.2495 0.217 0.217 0.212 0.212 0.212 0.2235 0.2235 0.2085 0.2085 0.205 0.205 0.2025 0.2025 0.2025 0.2025 0.2025 0.2125 0.2125 0.2325 0.2325 0.2325 0.2095 0.2095 0.2215 0.2215 0.2005 0.2005 0.2005 0.2065 0.2065 0.236 0.236 0.2215 0.2215 0.2215 0.2145 0.2145 0.2225 0.2225 0.2385 0.2385 0.2385 0.254 0.254 0.241 0.241 0.2195 0.2195 0.22 0.22 0.22 0.1965 0.1965 0.1965 0.1965 0.227 0.227 0.227 0.223 0.223 0.227 0.227 0.2395 0.2395 0.2395 0.2465 0.2465 0.2335 0.2335 0.233 0.233 0.233 0.181
0.2485 0.2485 0.2495 0.2495 0.217 0.217 0.212 0.212 0.212 0.2235 0.2235 0.2085 0.2085 0.205 0.205 0.2025 0.2025 0.2025 0.2025 0.2025 0.2125 0.2125 0.2325 0.2325 0.2325 0.2095 0.2095 0.2215 0.2215 0.2005 0.2005 0.2005 0.2065 0.2065 0.236 0.236 0.2215 0.2215 0.2215 0.2145 0.2145 0.2225 0.2225 0.2385 0.2385 0.2385 0.254 0.254 0.241 0.241 0.2195 0.2195 0.22 0.22 0.22 0.1965 0.1965 0.1965 0.1965 0.227 0.227 0.227 0.223 0.223 0.227 0.227 0.2395 0.2395 0.2395 0.2465 0.2465 0.2335 0.2335 0.233 0.233 0.233 0.181
0.256 0.256 0.2365 0.2365 0.2175 0.2175 0.227 0.227 0.227 0.213 0.213 0.236 0.236 0.2005 0.2005 0.2135 0.2135 0.2135 0.197 0.197 0.2195 0.2195 0.243 0.243 0.243 0.238 0.238 0.222 0.222 0.2475 0.2475 0.2475 0.2675 0.2675 0.2485 0.2485 0.2465 0.2465 0.2465 0.24 0.24 0.245 0.245 0.24 0.24 0.24 0.272 0.272 0.254 0.254 0.23 0.23 0.2435 0.2435 0.2435 0.2335 0.2335 0.196 0.196 0.201 0.201 0.201 0.165 0.165 0.2195 0.2195 0.224 0.224 0.224 0.2385 0.2385 0.2275 0.2275 0.2305 0.2305 0.2305 0.2025
0.256 0.256 0.2365 0.2365 0.2175 0.2175 0.227 0.227 0.227 0.213 0.213 0.236 0.236 0.2005 0.2005 0.2135 0.2135 0.2135 0.197 0.197 0.2195 0.2195 0.243 0.243 0.243 0.238 0.238 0.222 0.222 0.2475 0.2475 0.2475 0.2675 0.2675 0.2485 0.2485 0.2465 0.2465 0.2465 0.24 0.24 0.245 0.245 0.24 0.24 0.24 0.272 0.272 0.254 0.254 0.23 0.23 0.2435 0.2435 0.2435 0.2335 0.2335 0.196 0.196 0.201 0.201 0.201 0.165 0.165 0.2195 0.2195 0.224 0.224 0.224 0.2385 0.2385 0.2275 0.2275 0.2305 0.2305 0.2305 0.2025
0.256 0.256 0.2365 0.2365 0.2175 0.2175 0.227 0.227 0.227 0.213 0.213 0.236 0.236 0.2005 0.2005 0.2135 0.2135 0.2135 0.197 0.197 0.2195 0.2195 0.243 0.243 0.243 0.238 0.238 0.222 0.222 0.2475 0.2475 0.2475 0.2675 0.2675 0.2485 0.2485 0.2465 0.2465 0.2465 0.24 0.24 0.245 0.245 0.24 0.24 0.24 0.272 0.272 0.254 0.254 0.23 0.23 0.2435 0.2435 0.2435 0.2335 0.2335 0.196 0.196 0.201 0.201 0.201 0.165 0.165 0.2195 0.2195 0.224 0.224 0.224 0.2385 0.2385 0.2275 0.2275 0.2305 0.2305 0.2305 0.2025
0.251 0.251 0.27 0.27 0.2405 0.2405 0.2185 0.2185 0.2185 0.252 0.252 0.2205 0.2205 0.215 0.215 0.206 0.206 0.206 0.209 0.209 0.2165 0.2165 0.227 0.227 0.227 0.225 0.225 0.2755 0.2755 0.274 0.274 0.274 0.2685 0.2685 0.269 0.269 0.251 0.251 0.251 0.277 0.277 0.2645 0.2645 0.2645 0.2645 0.2645 0.24 0.24 0.2345 0.2345 0.2525 0.2525 0.241 0.241 0.241 0.2395 0.2395 0.2545 0.2545 0.211 0.211 0.211 0.1745 0.1745 0.1835 0.1835 0.253 0.253 0.253 0.271 0.271 0.1895 0.1895 0.194 0.194 0.194 0.2065
0.251 0.251 0.27 0.27 0.2405 0.2405 0.2185 0.2185 0.2185 0.252 0.252 0.2205 0.2205 0.215 0.215 0.206 0.206 0.206 0.209 0.209 0.2165 0.2165 0.227 0.227 0.227 0.225 0.225 0.2755 0.2755 0.274 0.274 0.274 0.2685 0.2685 0.269 0.269 0.251 0.251 0.251 0.277 0.277 0.2645 0.2645 0.2645 0.2645 0.2645 0.24 0.24 0.2345 0.2345 0.2525 0.2525 0.241 0.241 0.241 0.2395 0.2395 0.2545 0.2545 0.211 0.211 0.211 0.1745 0.1745 0.1835 0.1835 0.253 0.253 0.253 0.271 0.271 0.1895 0.1895 0.194 0.194 0.194 0.2065
0.2525 0.2525 0.2415 0.2415 0.253 0.253 0.249 0.249 0.249 0.267 0.267 0.218 0.218 0.213 0.213 0.2175 0.2175 0.2175 0.2235 0.2235 0.2235 0.2235 0.1985 0.1985 0.1985 0.212 0.212 0.2315 0.2315 0.256 0.256 0.256 0.2615 0.2615 0.2465 0.2465 0.2495 0.2495 0.2495 0.2715 0.2715 0.2715 0.2715 0.2845 0.2845 0.2845 0.2565 0.2565 0.258 0.258 0.2835 0.2835 0.29 0.29 0.29 0.221 0.221 0.247 0.247 0.257 0.257 0.257 0.2395 0.2395 0.2225 0.2225 0.248 0.248 0.248 0.282 0.282 0.2665 0.2665 0.2605 0.2605 0.2605 0.239
0.2525 0.2525 0.2415 0.2415 0.253 0.253 0.249 0.249 0.249 0.267 0.267 0.218 0.218 0.213 0.213 0.2175 0.2175 0.2175 0.2235 0.2235 0.2235 0.2235 0.1985 0.1985 0.1985 0.212 0.212 0.2315 0.2315 0.256 0.256 0.256 0.2615 0.2615 0.2465 0.2465 0.2495 0.2495 0.2495 0.2715 0.2715 0.2715 0.2715 0.2845 0.2845 0.2845 0.2565 0.2565 0.258 0.258 0.2835 0.2835 0.29 0.29 0.29 0.221 0.221 0.247 0.247 0.257 0.257 0.257 0.2395 0.2395 0.2225 0.2225 0.248 0.248 0.248 0.282 0.282 0.2665 0.2665 0.2605 0.2605 0.2605 0.239
0.239 0.239 0.2525 0.2525 0.2635 0.2635 0.2785 0.2785 0.2785 0.2785 0.2785 0.2415 0.2415 0.2355 0.2355 0.236 0.236 0.236 0.251 0.251 0.236 0.236 0.247 0.247 0.247 0.257 0.257 0.239 0.239 0.2505 0.2505 0.2505 0.272 0.272 0.287 0.287 0.265 0.265 0.265 0.28 0.28 0.278 0.278 0.2815 0.2815 0.2815 0.27 0.27 0.2795 0.2795 0.2775 0.2775 0.288 0.288 0.288 0.256 0.256 0.238 0.238 0.232 0.232 0.232 0.26 0.26 0.232 0.232 0.2735 0.2735 0.2735 0.282 0.282 0.288 0.288 0.25 0.25 0.25 0.2065
