ndvi/NOAA-156.asc
ncols         252
nrows         154
xllcorner     -18.017974
yllcorner     13.481982
cellsize      0.035948
NODATA_value  -9999
[rows 102 to 135 of 154, columns 154 to 230 of 252]
0.2585 0.225 0.225 0.2655 0.2655 0.2655 0.2275 0.2275 0.237 0.237 0.2595 0.2595 0.2785 0.2785 0.2785 0.254 0.254 0.264 0.264 0.282 0.282 0.282 0.29 0.29 0.2995 0.2995 0.2925 0.2925 0.2925 0.2645 0.2645 0.2775 0.2775 0.269 0.269 0.269 0.2675 0.2675 0.272 0.272 0.2775 0.2775 0.2775 0.2685 0.2685 0.2635 0.2635 0.277 0.277 0.287 0.287 0.287 0.2705 0.2705 0.269 0.269 0.245 0.245 0.245 0.2575 0.2575 0.267 0.267 0.271 0.271 0.271 0.255 0.255 0.264 0.264 0.232 0.232 0.232 0.255 0.255 0.2615 0.2615
0.258 0.2435 0.2435 0.278 0.278 0.278 0.2265 0.2265 0.244 0.244 0.276 0.276 0.256 0.256 0.256 0.2665 0.2665 0.2615 0.2615 0.272 0.272 0.272 0.2725 0.2725 0.2625 0.2625 0.2835 0.2835 0.2835 0.283 0.283 0.301 0.301 0.278 0.278 0.278 0.248 0.248 0.2745 0.2745 0.2775 0.2775 0.2775 0.3015 0.3015 0.284 0.284 0.3395 0.3395 0.3225 0.3225 0.3225 0.3135 0.3135 0.2575 0.2575 0.266 0.266 0.266 0.261 0.261 0.2375 0.2375 0.248 0.248 0.248 0.281 0.281 0.2965 0.2965 0.255 0.255 0.255 0.271 0.271 0.2855 0.2855
0.258 0.2435 0.2435 0.278 0.278 0.278 0.2265 0.2265 0.244 0.244 0.276 0.276 0.256 0.256 0.256 0.2665 0.2665 0.2615 0.2615 0.272 0.272 0.272 0.2725 0.2725 0.2625 0.2625 0.2835 0.2835 0.2835 0.283 0.283 0.301 0.301 0.278 0.278 0.278 0.248 0.248 0.2745 0.2745 0.2775 0.2775 0.2775 0.3015 0.3015 0.284 0.284 0.3395 0.3395 0.3225 0.3225 0.3225 0.3135 0.3135 0.2575 0.2575 0.266 0.266 0.266 0.261 0.261 0.2375 0.2375 0.248 0.248 0.248 0.281 0.281 0.2965 0.2965 0.255 0.255 0.255 0.271 0.271 0.2855 0.2855
0.258 0.2435 0.2435 0.278 0.278 0.278 0.2265 0.2265 0.244 0.244 0.276 0.276 0.256 0.256 0.256 0.2665 0.2665 0.2615 0.2615 0.272 0.272 0.272 0.2725 0.2725 0.2625 0.2625 0.2835 0.2835 0.2835 0.283 0.283 0.301 0.301 0.278 0.278 0.278 0.248 0.248 0.2745 0.2745 0.2775 0.2775 0.2775 0.3015 0.3015 0.284 0.284 0.3395 0.3395 0.3225 0.3225 0.3225 0.3135 0.3135 0.2575 0.2575 0.266 0.266 0.266 0.261 0.261 0.2375 0.2375 0.248 0.248 0.248 0.281 0.281 0.2965 0.2965 0.255 0.255 0.255 0.271 0.271 0.2855 0.2855
0.2585 0.264 0.264 0.269 0.269 0.269 0.2825 0.2825 0.25 0.25 0.2585 0.2585 0.257 0.257 0.257 0.302 0.302 0.28 0.28 0.255 0.255 0.255 0.2715 0.2715 0.272 0.272 0.2625 0.2625 0.2625 0.2795 0.2795 0.283 0.283 0.2995 0.2995 0.2995 0.283 0.283 0.289 0.289 0.2955 0.2955 0.2955 0.3155 0.3155 0.351 0.351 0.321 0.321 0.355 0.355 0.355 0.3205 0.3205 0.4245 0.4245 0.399 0.399 0.399 0.246 0.246 0.253 0.253 0.24 0.24 0.24 0.2805 0.2805 0.287 0.287 0.2395 0.2395 0.2395 0.2975 0.2975 0.3265 0.3265
0.2585 0.264 0.264 0.269 0.269 0.269 0.2825 0.2825 0.25 0.25 0.2585 0.2585 0.257 0.257 0.257 0.302 0.302 0.28 0.28 0.255 0.255 0.255 0.2715 0.2715 0.272 0.272 0.2625 0.2625 0.2625 0.2795 0.2795 0.283 0.283 0.2995 0.2995 0.2995 0.283 0.283 0.289 0.289 0.2955 0.2955 0.2955 0.3155 0.3155 0.351 0.351 0.321 0.321 0.355 0.355 0.355 0.3205 0.3205 0.4245 0.4245 0.399 0.399 0.399 0.246 0.246 0.253 0.253 0.24 0.24 0.24 0.2805 0.2805 0.287 0.287 0.2395 0.2395 0.2395 0.2975 0.2975 0.3265 0.3265
0.271 0.3025 0.3025 0.2795 0.2795 0.2795 0.276 0.276 0.289 0.289 0.2715 0.2715 0.276 0.276 0.276 0.259 0.259 0.271 0.271 0.318 0.318 0.318 0.248 0.248 0.2835 0.2835 0.268 0.268 0.268 0.263 0.263 0.2895 0.2895 0.2995 0.2995 0.2995 0.282 0.282 0.3065 0.3065 0.3245 0.3245 0.3245 0.302 0.302 0.337 0.337 0.304 0.304 0.3085 0.3085 0.3085 0.2995 0.2995 0.325 0.325 0.4255 0.4255 0.4255 0.2815 0.2815 0.2845 0.2845 0.285 0.285 0.285 0.322 0.322 0.295 0.295 0.277 0.277 0.277 0.3045 0.3045 0.31 0.31
0.271 0.3025 0.3025 0.2795 0.2795 0.2795 0.276 0.276 0.289 0.289 0.2715 0.2715 0.276 0.276 0.276 0.259 0.259 0.271 0.271 0.318 0.318 0.318 0.248 0.248 0.2835 0.2835 0.268 0.268 0.268 0.263 0.263 0.2895 0.2895 0.2995 0.2995 0.2995 0.282 0.282 0.3065 0.3065 0.3245 0.3245 0.3245 0.302 0.302 0.337 0.337 0.304 0.304 0.3085 0.3085 0.3085 0.2995 0.2995 0.325 0.325 0.4255 0.4255 0.4255 0.2815 0.2815 0.2845 0.2845 0.285 0.285 0.285 0.322 0.322 0.295 0.295 0.277 0.277 0.277 0.3045 0.3045 0.31 0.31
0.2615 0.297 0.297 0.318 0.318 0.318 0.287 0.287 0.2695 0.2695 0.284 0.284 0.26 0.26 0.26 0.2805 0.2805 0.282 0.282 0.261 0.261 0.261 0.256 0.256 0.2745 0.2745 0.282 0.282 0.282 0.284 0.284 0.2895 0.2895 0.3005 0.3005 0.3005 0.286 0.286 0.3215 0.3215 0.31 0.31 0.31 0.2845 0.2845 0.27 0.27 0.3005 0.3005 0.2835 0.2835 0.2835 0.302 0.302 0.321 0.321 0.4175 0.4175 0.4175 0.33 0.33 0.2825 0.2825 0.3135 0.3135 0.3135 0.3075 0.3075 0.3055 0.3055 0.3065 0.3065 0.3065 0.295 0.295 0.2935 0.2935
0.2615 0.297 0.297 0.318 0.318 0.318 0.287 0.287 0.2695 0.2695 0.284 0.284 0.26 0.26 0.26 0.2805 0.2805 0.282 0.282 0.261 0.261 0.261 0.256 0.256 0.2745 0.2745 0.282 0.282 0.282 0.284 0.284 0.2895 0.2895 0.3005 0.3005 0.3005 0.286 0.286 0.3215 0.3215 0.31 0.31 0.31 0.2845 0.2845 0.27 0.27 0.3005 0.3005 0.2835 0.2835 0.2835 0.302 0.302 0.321 0.321 0.4175 0.4175 0.4175 0.33 0.33 0.2825 0.2825 0.3135 0.3135 0.3135 0.3075 0.3075 0.3055 0.3055 0.3065 0.3065 0.3065 0.295 0.295 0.2935 0.2935
0.2615 0.297 0.297 0.318 0.318 0.318 0.287 0.287 0.2695 0.2695 0.284 0.284 0.26 0.26 0.26 0.2805 0.2805 0.282 0.282 0.261 0.261 0.261 0.256 0.256 0.2745 0.2745 0.282 0.282 0.282 0.284 0.284 0.2895 0.2895 0.3005 0.3005 0.3005 0.286 0.286 0.3215 0.3215 0.31 0.31 0.31 0.2845 0.2845 0.27 0.27 0.3005 0.3005 0.2835 0.2835 0.2835 0.302 0.302 0.321 0.321 0.4175 0.4175 0.4175 0.33 0.33 0.2825 0.2825 0.3135 0.3135 0.3135 0.3075 0.3075 0.3055 0.3055 0.3065 0.3065 0.3065 0.295 0.295 0.2935 0.2935
0.317 0.291 0.291 0.2995 0.2995 0.2995 0.2955 0.2955 0.2875 0.2875 0.2785 0.2785 0.2915 0.2915 0.2915 0.286 0.286 0.308 0.308 0.2795 0.2795 0.2795 0.265 0.265 0.266 0.266 0.271 0.271 0.271 0.279 0.279 0.2865 0.2865 0.313 0.313 0.313 0.3125 0.3125 0.413 0.413 0.2745 0.2745 0.2745 0.2835 0.2835 0.2835 0.2835 0.3045 0.3045 0.2995 0.2995 0.2995 0.3155 0.3155 0.3235 0.3235 0.3145 0.3145 0.3145 0.3295 0.3295 0.2945 0.2945 0.2845 0.2845 0.2845 0.3045 0.3045 0.3065 0.3065 0.308 0.308 0.308 0.288 0.288 0.292 0.292
0.317 0.291 0.291 0.2995 0.2995 0.2995 0.2955 0.2955 0.2875 0.2875 0.2785 0.2785 0.2915 0.2915 0.2915 0.286 0.286 0.308 0.308 0.2795 0.2795 0.2795 0.265 0.265 0.266 0.266 0.271 0.271 0.271 0.279 0.279 0.2865 0.2865 0.313 0.313 0.313 0.3125 0.3125 0.413 0.413 0.2745 0.2745 0.2745 0.2835 0.2835 0.2835 0.2835 0.3045 0.3045 0.2995 0.2995 0.2995 0.3155 0.3155 0.3235 0.3235 0.3145 0.3145 0.3145 0.3295 0.3295 0.2945 0.2945 0.2845 0.2845 0.2845 0.3045 0.3045 0.3065 0.3065 0.308 0.308 0.308 0.288 0.288 0.292 0.292
0.274 0.294 0.294 0.2635 0.2635 0.2635 0.3 0.3 0.28 0.28 0.2625 0.2625 0.275 0.275 0.275 0.3045 0.3045 0.2815 0.2815 0.2735 0.2735 0.2735 0.2765 0.2765 0.268 0.268 0.276 0.276 0.276 0.274 0.274 0.2805 0.2805 0.2955 0.2955 0.2955 0.297 0.297 0.366 0.366 0.308 0.308 0.308 0.303 0.303 0.2975 0.2975 0.3065 0.3065 0.3045 0.3045 0.3045 0.303 0.303 0.3015 0.3015 0.3495 0.3495 0.3495 0.3335 0.3335 0.2915 0.2915 0.299 0.299 0.299 0.309 0.309 0.3145 0.3145 0.3005 0.3005 0.3005 0.2655 0.2655 0.306 0.306
0.274 0.294 0.294 0.2635 0.2635 0.2635 0.3 0.3 0.28 0.28 0.2625 0.2625 0.275 0.275 0.275 0.3045 0.3045 0.2815 0.2815 0.2735 0.2735 0.2735 0.2765 0.2765 0.268 0.268 0.276 0.276 0.276 0.274 0.274 0.2805 0.2805 0.2955 0.2955 0.2955 0.297 0.297 0.366 0.366 0.308 0.308 0.308 0.303 0.303 0.2975 0.2975 0.3065 0.3065 0.3045 0.3045 0.3045 0.303 0.303 0.3015 0.3015 0.3495 0.3495 0.3495 0.3335 0.3335 0.2915 0.2915 0.299 0.299 0.299 0.309 0.309 0.3145 0.3145 0.3005 0.3005 0.3005 0.2655 0.2655 0.306 0.306
0.3035 0.2985 0.2985 0.3045 0.3045 0.3045 0.294 0.294 0.2695 0.2695 0.2945 0.2945 0.306 0.306 0.306 0.296 0.296 0.276 0.276 0.2805 0.2805 0.2805 0.286 0.286 0.2775 0.2775 0.2855 0.2855 0.2855 0.2575 0.2575 0.285 0.285 0.2975 0.2975 0.2975 0.2505 0.2505 0.337 0.337 0.413 0.413 0.413 0.3185 0.3185 0.32 0.32 0.322 0.322 0.3195 0.3195 0.3195 0.327 0.327 0.3205 0.3205 0.3075 0.3075 0.3075 0.3115 0.3115 0.354 0.354 0.3305 0.3305 0.3305 0.3465 0.3465 0.297 0.297 0.296 0.296 0.296 0.282 0.282 0.2995 0.2995
0.3035 0.2985 0.2985 0.3045 0.3045 0.3045 0.294 0.294 0.2695 0.2695 0.2945 0.2945 0.306 0.306 0.306 0.296 0.296 0.276 0.276 0.2805 0.2805 0.2805 0.286 0.286 0.2775 0.2775 0.2855 0.2855 0.2855 0.2575 0.2575 0.285 0.285 0.2975 0.2975 0.2975 0.2505 0.2505 0.337 0.337 0.413 0.413 0.413 0.3185 0.3185 0.32 0.32 0.322 0.322 0.3195 0.3195 0.3195 0.327 0.327 0.3205 0.3205 0.3075 0.3075 0.3075 0.3115 0.3115 0.354 0.354 0.3305 0.3305 0.3305 0.3465 0.3465 0.297 0.297 0.296 0.296 0.296 0.282 0.282 0.2995 0.2995
0.3035 0.2985 0.2985 0.3045 0.3045 0.3045 0.294 0.294 0.2695 0.2695 0.2945 0.2945 0.306 0.306 0.306 0.296 0.296 0.276 0.276 0.2805 0.2805 0.2805 0.286 0.286 0.2775 0.2775 0.2855 0.2855 0.2855 0.2575 0.2575 0.285 0.285 0.2975 0.2975 0.2975 0.2505 0.2505 0.337 0.337 0.413 0.413 0.413 0.3185 0.3185 0.32 0.32 0.322 0.322 0.3195 0.3195 0.3195 0.327 0.327 0.3205 0.3205 0.3075 0.3075 0.3075 0.3115 0.3115 0.354 0.354 0.3305 0.3305 0.3305 0.3465 0.3465 0.297 0.297 0.296 0.296 0.296 0.282 0.282 0.2995 0.2995
0.282 0.2795 0.2795 0.2895 0.2895 0.2895 0.2765 0.2765 0.276 0.276 0.2795 0.2795 0.2935 0.2935 0.2935 0.303 0.303 0.307 0.307 0.3125 0.3125 0.3125 0.3125 0.3125 0.305 0.305 0.3005 0.3005 0.3005 0.2635 0.2635 0.261 0.261 0.3105 0.3105 0.3105 0.2975 0.2975 0.3535 0.3535 0.343 0.343 0.343 0.356 0.356 0.374 0.374 0.357 0.357 0.34 0.34 0.34 0.3175 0.3175 0.3325 0.3325 0.303 0.303 0.303 0.322 0.322 0.342 0.342 0.3205 0.3205 0.3205 0.3365 0.3365 0.331 0.331 0.3185 0.3185 0.3185 0.2945 0.2945 0.298 0.298
0.282 0.2795 0.2795 0.2895 0.2895 0.2895 0.2765 0.2765 0.276 0.276 0.2795 0.2795 0.2935 0.2935 0.2935 0.303 0.303 0.307 0.307 0.3125 0.3125 0.3125 0.3125 0.3125 0.305 0.305 0.3005 0.3005 0.3005 0.2635 0.2635 0.261 0.261 0.3105 0.3105 0.3105 0.2975 0.2975 0.3535 0.3535 0.343 0.343 0.343 0.356 0.356 0.374 0.374 0.357 0.357 0.34 0.34 0.34 0.3175 0.3175 0.3325 0.3325 0.303 0.303 0.303 0.322 0.322 0.342 0.342 0.3205 0.3205 0.3205 0.3365 0.3365 0.331 0.331 0.3185 0.3185 0.3185 0.2945 0.2945 0.298 0.298
0.286 0.289 0.289 0.2955 0.2955 0.2955 0.2815 0.2815 0.282 0.282 0.288 0.288 0.2785 0.2785 0.2785 0.302 0.302 0.3275 0.3275 0.3105 0.3105 0.3105 0.3295 0.3295 0.318 0.318 0.293 0.293 0.293 0.2925 0.2925 0.2805 0.2805 0.334 0.334 0.334 0.3545 0.3545 0.3275 0.3275 0.331 0.331 0.331 0.344 0.344 0.366 0.366 0.3605 0.3605 0.326 0.326 0.326 0.346 0.346 0.3285 0.3285 0.319 0.319 0.319 0.3315 0.3315 0.32 0.32 0.3385 0.3385 0.3385 0.3155 0.3155 0.307 0.307 0.3225 0.3225 0.3225 0.3175 0.3175 0.3205 0.3205
0.286 0.289 0.289 0.2955 0.2955 0.2955 0.2815 0.2815 0.282 0.282 0.288 0.288 0.2785 0.2785 0.2785 0.302 0.302 0.3275 0.3275 0.3105 0.3105 0.3105 0.3295 0.3295 0.318 0.318 0.293 0.293 0.293 0.2925 0.2925 0.2805 0.2805 0.334 0.334 0.334 0.3545 0.3545 0.3275 0.3275 0.331 0.331 0.331 0.344 0.344 0.366 0.366 0.3605 0.3605 0.326 0.326 0.326 0.346 0.346 0.3285 0.3285 0.319 0.319 0.319 0.3315 0.3315 0.32 0.32 0.3385 0.3385 0.3385 0.3155 0.3155 0.307 0.307 0.3225 0.3225 0.3225 0.3175 0.3175 0.3205 0.3205
0.3065 0.329 0.329 0.3175 0.3175 0.3175 0.275 0.275 0.2855 0.2855 0.2985 0.2985 0.2825 0.2825 0.2825 0.304 0.304 0.3195 0.3195 0.2975 0.2975 0.2975 0.3215 0.3215 0.338 0.338 0.316 0.316 0.316 0.283 0.283 0.341 0.341 0.3 0.3 0.3 0.299 0.299 0.304 0.304 0.346 0.346 0.346 0.306 0.306 0.3335 0.3335 0.342 0.342 0.333 0.333 0.333 0.373 0.373 0.316 0.316 0.32 0.32 0.32 0.3265 0.3265 0.3255 0.3255 0.3405 0.3405 0.3405 0.3195 0.3195 0.3165 0.3165 0.3395 0.3395 0.3395 0.332 0.332 0.327 0.327
0.3065 0.329 0.329 0.3175 0.3175 0.3175 0.275 0.275 0.2855 0.2855 0.2985 0.2985 0.2825 0.2825 0.2825 0.304 0.304 0.3195 0.3195 0.2975 0.2975 0.2975 0.3215 0.3215 0.338 0.338 0.316 0.316 0.316 0.283 0.283 0.341 0.341 0.3 0.3 0.3 0.299 0.299 0.304 0.304 0.346 0.346 0.346 0.306 0.306 0.3335 0.3335 0.342 0.342 0.333 0.333 0.333 0.373 0.373 0.316 0.316 0.32 0.32 0.32 0.3265 0.3265 0.3255 0.3255 0.3405 0.3405 0.3405 0.3195 0.3195 0.3165 0.3165 0.3395 0.3395 0.3395 0.332 0.332 0.327 0.327
0.2935 0.318 0.318 0.296 0.296 0.296 0.291 0.291 0.306 0.306 0.318 0.318 0.296 0.296 0.296 0.3145 0.3145 0.31 0.31 0.304 0.304 0.304 0.32 0.32 0.309 0.309 0.339 0.339 0.339 0.3205 0.3205 0.3085 0.3085 0.295 0.295 0.295 0.2825 0.2825 0.2835 0.2835 0.295 0.295 0.295 0.304 0.304 0.3285 0.3285 0.351 0.351 0.355 0.355 0.355 0.319 0.319 0.337 0.337 0.3615 0.3615 0.3615 0.3505 0.3505 0.3375 0.3375 0.341 0.341 0.341 0.3125 0.3125 0.3265 0.3265 0.3595 0.3595 0.3595 0.3065 0.3065 0.3135 0.3135
0.2935 0.318 0.318 0.296 0.296 0.296 0.291 0.291 0.306 0.306 0.318 0.318 0.296 0.296 0.296 0.3145 0.3145 0.31 0.31 0.304 0.304 0.304 0.32 0.32 0.309 0.309 0.339 0.339 0.339 0.3205 0.3205 0.3085 0.3085 0.295 0.295 0.295 0.2825 0.2825 0.2835 0.2835 0.295 0.295 0.295 0.304 0.304 0.3285 0.3285 0.351 0.351 0.355 0.355 0.355 0.319 0.319 0.337 0.337 0.3615 0.3615 0.3615 0.3505 0.3505 0.3375 0.3375 0.341 0.341 0.341 0.3125 0.3125 0.3265 0.3265 0.3595 0.3595 0.3595 0.3065 0.3065 0.3135 0.3135
0.2935 0.318 0.318 0.296 0.296 0.296 0.291 0.291 0.306 0.306 0.318 0.318 0.296 0.296 0.296 0.3145 0.3145 0.31 0.31 0.304 0.304 0.304 0.32 0.32 0.309 0.309 0.339 0.339 0.339 0.3205 0.3205 0.3085 0.3085 0.295 0.295 0.295 0.2825 0.2825 0.2835 0.2835 0.295 0.295 0.295 0.304 0.304 0.3285 0.3285 0.351 0.351 0.355 0.355 0.355 0.319 0.319 0.337 0.337 0.3615 0.3615 0.3615 0.3505 0.3505 0.3375 0.3375 0.341 0.341 0.341 0.3125 0.3125 0.3265 0.3265 0.3595 0.3595 0.3595 0.3065 0.3065 0.3135 0.3135
0.2995 0.3395 0.3395 0.3295 0.3295 0.3295 0.2885 0.2885 0.3025 0.3025 0.3335 0.3335 0.3195 0.3195 0.3195 0.331 0.331 0.3235 0.3235 0.3115 0.3115 0.3115 0.3085 0.3085 0.316 0.316 0.321 0.321 0.321 0.322 0.322 0.319 0.319 0.302 0.302 0.302 0.2875 0.2875 0.2985 0.2985 0.3505 0.3505 0.3505 0.3465 0.3465 0.368 0.368 0.3715 0.3715 0.3595 0.3595 0.3595 0.3945 0.3945 0.3495 0.3495 0.3625 0.3625 0.3625 0.35 0.35 0.3855 0.3855 0.3515 0.3515 0.3515 0.376 0.376 0.375 0.375 0.3785 0.3785 0.3785 0.3545 0.3545 0.3285 0.3285
0.2995 0.3395 0.3395 0.3295 0.3295 0.3295 0.2885 0.2885 0.3025 0.3025 0.3335 0.3335 0.3195 0.3195 0.3195 0.331 0.331 0.3235 0.3235 0.3115 0.3115 0.3115 0.3085 0.3085 0.316 0.316 0.321 0.321 0.321 0.322 0.322 0.319 0.319 0.302 0.302 0.302 0.2875 0.2875 0.2985 0.2985 0.3505 0.3505 0.3505 0.3465 0.3465 0.368 0.368 0.3715 0.3715 0.3595 0.3595 0.3595 0.3945 0.3945 0.3495 0.3495 0.3625 0.3625 0.3625 0.35 0.35 0.3855 0.3855 0.3515 0.3515 0.3515 0.376 0.376 0.375 0.375 0.3785 0.3785 0.3785 0.3545 0.3545 0.3285 0.3285
0.321 0.3465 0.3465 0.338 0.338 0.338 0.328 0.328 0.29 0.29 0.2965 0.2965 0.307 0.307 0.307 0.346 0.346 0.317 0.317 0.3235 0.3235 0.3235 0.3035 0.3035 0.3205 0.3205 0.3265 0.3265 0.3265 0.322 0.322 0.314 0.314 0.333 0.333 0.333 0.3085 0.3085 0.3345 0.3345 0.337 0.337 0.337 0.3465 0.3465 0.3645 0.3645 0.3545 0.3545 0.378 0.378 0.378 0.3795 0.3795 0.361 0.361 0.4195 0.4195 0.4195 0.3815 0.3815 0.4065 0.4065 0.41 0.41 0.41 0.3915 0.3915 0.3585 0.3585 0.3815 0.3815 0.3815 0.324 0.324 0.3335 0.3335
0.321 0.3465 0.3465 0.338 0.338 0.338 0.328 0.328 0.29 0.29 0.2965 0.2965 0.307 0.307 0.307 0.346 0.346 0.317 0.317 0.3235 0.3235 0.3235 0.3035 0.3035 0.3205 0.3205 0.3265 0.3265 0.3265 0.322 0.322 0.314 0.314 0.333 0.333 0.333 0.3085 0.3085 0.3345 0.3345 0.337 0.337 0.337 0.3465 0.3465 0.3645 0.3645 0.3545 0.3545 0.378 0.378 0.378 0.3795 0.3795 0.361 0.361 0.4195 0.4195 0.4195 0.3815 0.3815 0.4065 0.4065 0.41 0.41 0.41 0.3915 0.3915 0.3585 0.3585 0.3815 0.3815 0.3815 0.324 0.324 0.3335 0.3335
0.3025 0.3245 0.3245 0.32 0.32 0.32 0.2925 0.2925 0.2895 0.2895 0.301 0.301 0.316 0.316 0.316 0.3215 0.3215 0.343 0.343 0.362 0.362 0.362 0.3305 0.3305 0.318 0.318 0.321 0.321 0.321 0.332 0.332 0.34 0.34 0.314 0.314 0.314 0.3345 0.3345 0.3255 0.3255 0.3385 0.3385 0.3385 0.3345 0.3345 0.3935 0.3935 0.374 0.374 0.404 0.404 0.404 0.3915 0.3915 0.3895 0.3895 0.4315 0.4315 0.4315 0.463 0.463 0.4025 0.4025 0.3675 0.3675 0.3675 0.3975 0.3975 0.4335 0.4335 0.312 0.312 0.312 0.3405 0.3405 0.375 0.375
0.3025 0.3245 0.3245 0.32 0.32 0.32 0.2925 0.2925 0.2895 0.2895 0.301 0.301 0.316 0.316 0.316 0.3215 0.3215 0.343 0.343 0.362 0.362 0.362 0.3305 0.3305 0.318 0.318 0.321 0.321 0.321 0.332 0.332 0.34 0.34 0.314 0.314 0.314 0.3345 0.3345 0.3255 0.3255 0.3385 0.3385 0.3385 0.3345 0.3345 0.3935 0.3935 0.374 0.374 0.404 0.404 0.404 0.3915 0.3915 0.3895 0.3895 0.4315 0.4315 0.4315 0.463 0.463 0.4025 0.4025 0.3675 0.3675 0.3675 0.3975 0.3975 0.4335 0.4335 0.312 0.312 0.312 0.3405 0.3405 0.375 0.375
0.3025 0.3245 0.3245 0.32 0.32 0.32 0.2925 0.2925 0.2895 0.2895 0.301 0.301 0.316 0.316 0.316 0.3215 0.3215 0.343 0.343 0.362 0.362 0.362 0.3305 0.3305 0.318 0.318 0.321 0.321 0.321 0.332 0.332 0.34 0.34 0.314 0.314 0.314 0.3345 0.3345 0.3255 0.3255 0.3385 0.3385 0.3385 0.3345 0.3345 0.3935 0.3935 0.374 0.374 0.404 0.404 0.404 0.3915 0.3915 0.3895 0.3895 0.4315 0.4315 0.4315 0.463 0.463 0.4025 0.4025 0.3675 0.3675 0.3675 0.3975 0.3975 0.4335 0.4335 0.312 0.312 0.312 0.3405 0.3405 0.375 0.375
