ndvi/NOAA-73.asc
ncols         252
nrows         154
xllcorner     -18.017974
yllcorner     13.481982
cellsize      0.035948
NODATA_value  -9999
[rows 102 to 135 of 154, columns 0 to 77 of 252]
-1 -1 -1 -1 -1 -1 -1 -1 -1 -1 -1 -1 -1 -1 -1 -1 -1 -1 -1 -1 -1 -1 -1 -1 -1 0.0182 0.0182 0.0182 0.1825 0.1825 0.332 0.332 0.309 0.309 0.309 0.2995 0.2995 0.3 0.3 0.309 0.309 0.309 0.3055 0.3055 0.3005 0.3005 0.289 0.289 0.289 0.302 0.302 0.3145 0.3145 0.2965 0.2965 0.293 0.293 0.293 0.3005 0.3005 0.2965 0.2965 0.2965 0.2965 0.2965 0.305 0.305 0.303 0.303 0.2945 0.2945 0.2945 0.276 0.276 0.27 0.27 0.2865 0.2865
-1 -1 -1 -1 -1 -1 -1 -1 -1 -1 -1 -1 -1 -1 -1 -1 -1 -1 -1 -1 -1 -1 -1 0.0102 0.0102 0.2315 0.2315 0.2315 0.3255 0.3255 0.3035 0.3035 0.29 0.29 0.29 0.3175 0.3175 0.309 0.309 0.32 0.32 0.32 0.3125 0.3125 0.3065 0.3065 0.309 0.309 0.309 0.3135 0.3135 0.304 0.304 0.312 0.312 0.304 0.304 0.304 0.308 0.308 0.293 0.293 0.293 0.293 0.293 0.303 0.303 0.3045 0.3045 0.302 0.302 0.302 0.2915 0.2915 0.2915 0.2915 0.282 0.282
-1 -1 -1 -1 -1 -1 -1 -1 -1 -1 -1 -1 -1 -1 -1 -1 -1 -1 -1 -1 -1 -1 -1 0.0102 0.0102 0.2315 0.2315 0.2315 0.3255 0.3255 0.3035 0.3035 0.29 0.29 0.29 0.3175 0.3175 0.309 0.309 0.32 0.32 0.32 0.3125 0.3125 0.3065 0.3065 0.309 0.309 0.309 0.3135 0.3135 0.304 0.304 0.312 0.312 0.304 0.304 0.304 0.308 0.308 0.293 0.293 0.293 0.293 0.293 0.303 0.303 0.3045 0.3045 0.302 0.302 0.302 0.2915 0.2915 0.2915 0.2915 0.282 0.282
-1 -1 -1 -1 -1 -1 -1 -1 -1 -1 -1 -1 -1 -1 -1 -1 -1 -1 -1 -1 -1 -1 -1 0.0102 0.0102 0.2315 0.2315 0.2315 0.3255 0.3255 0.3035 0.3035 0.29 0.29 0.29 0.3175 0.3175 0.309 0.309 0.32 0.32 0.32 0.3125 0.3125 0.3065 0.3065 0.309 0.309 0.309 0.3135 0.3135 0.304 0.304 0.312 0.312 0.304 0.304 0.304 0.308 0.308 0.293 0.293 0.293 0.293 0.293 0.303 0.303 0.3045 0.3045 0.302 0.302 0.302 0.2915 0.2915 0.2915 0.2915 0.282 0.282
-1 -1 -1 -1 -1 -1 -1 -1 -1 -1 -1 -1 -1 -1 -1 -1 -1 -1 -1 -1 -1 0.0197 0.0197 0.2 0.2 0.3495 0.3495 0.3495 0.3095 0.3095 0.302 0.302 0.3185 0.3185 0.3185 0.329 0.329 0.3235 0.3235 0.3275 0.3275 0.3275 0.328 0.328 0.303 0.303 0.299 0.299 0.299 0.299 0.299 0.3065 0.3065 0.301 0.301 0.293 0.293 0.293 0.302 0.302 0.301 0.301 0.301 0.301 0.301 0.299 0.299 0.3265 0.3265 0.3335 0.3335 0.3335 0.3045 0.3045 0.291 0.291 0.279 0.279
-1 -1 -1 -1 -1 -1 -1 -1 -1 -1 -1 -1 -1 -1 -1 -1 -1 -1 -1 -1 -1 0.0197 0.0197 0.2 0.2 0.3495 0.3495 0.3495 0.3095 0.3095 0.302 0.302 0.3185 0.3185 0.3185 0.329 0.329 0.3235 0.3235 0.3275 0.3275 0.3275 0.328 0.328 0.303 0.303 0.299 0.299 0.299 0.299 0.299 0.3065 0.3065 0.301 0.301 0.293 0.293 0.293 0.302 0.302 0.301 0.301 0.301 0.301 0.301 0.299 0.299 0.3265 0.3265 0.3335 0.3335 0.3335 0.3045 0.3045 0.291 0.291 0.279 0.279
-1 -1 -1 -1 -1 -1 -1 -1 -1 -1 -1 -1 -1 -1 -1 -1 -1 -1 -1 -1 -1 0.173 0.173 0.3495 0.3495 0.3365 0.3365 0.3365 0.34 0.34 0.341 0.341 0.3305 0.3305 0.3305 0.3375 0.3375 0.3315 0.3315 0.336 0.336 0.336 0.343 0.343 0.3495 0.3495 0.3275 0.3275 0.3275 0.3135 0.3135 0.32 0.32 0.3005 0.3005 0.2905 0.2905 0.2905 0.2805 0.2805 0.305 0.305 0.305 0.305 0.305 0.309 0.309 0.331 0.331 0.3165 0.3165 0.3165 0.303 0.303 0.298 0.298 0.289 0.289
-1 -1 -1 -1 -1 -1 -1 -1 -1 -1 -1 -1 -1 -1 -1 -1 -1 -1 -1 -1 -1 0.173 0.173 0.3495 0.3495 0.3365 0.3365 0.3365 0.34 0.34 0.341 0.341 0.3305 0.3305 0.3305 0.3375 0.3375 0.3315 0.3315 0.336 0.336 0.336 0.343 0.343 0.3495 0.3495 0.3275 0.3275 0.3275 0.3135 0.3135 0.32 0.32 0.3005 0.3005 0.2905 0.2905 0.2905 0.2805 0.2805 0.305 0.305 0.305 0.305 0.305 0.309 0.309 0.331 0.331 0.3165 0.3165 0.3165 0.303 0.303 0.298 0.298 0.289 0.289
-1 -1 -1 -1 -1 -1 -1 -1 -1 -1 -1 -1 -1 -1 -1 -1 -1 -1 0.1591 0.1591 0.1591 0.3545 0.3545 0.353 0.353 0.347 0.347 0.347 0.364 0.364 0.3435 0.3435 0.326 0.326 0.326 0.3195 0.3195 0.3325 0.3325 0.329 0.329 0.329 0.3215 0.3215 0.3255 0.3255 0.322 0.322 0.322 0.3265 0.3265 0.315 0.315 0.2975 0.2975 0.2935 0.2935 0.2935 0.282 0.282 0.2875 0.2875 0.2875 0.2875 0.2875 0.283 0.283 0.285 0.285 0.2995 0.2995 0.2995 0.2805 0.2805 0.2505 0.2505 0.3115 0.3115
-1 -1 -1 -1 -1 -1 -1 -1 -1 -1 -1 -1 -1 -1 -1 -1 -1 -1 0.1591 0.1591 0.1591 0.3545 0.3545 0.353 0.353 0.347 0.347 0.347 0.364 0.364 0.3435 0.3435 0.326 0.326 0.326 0.3195 0.3195 0.3325 0.3325 0.329 0.329 0.329 0.3215 0.3215 0.3255 0.3255 0.322 0.322 0.322 0.3265 0.3265 0.315 0.315 0.2975 0.2975 0.2935 0.2935 0.2935 0.282 0.282 0.2875 0.2875 0.2875 0.2875 0.2875 0.283 0.283 0.285 0.285 0.2995 0.2995 0.2995 0.2805 0.2805 0.2505 0.2505 0.3115 0.3115
-1 -1 -1 -1 -1 -1 -1 -1 -1 -1 -1 -1 -1 -1 -1 -1 -1 -1 0.1591 0.1591 0.1591 0.3545 0.3545 0.353 0.353 0.347 0.347 0.347 0.364 0.364 0.3435 0.3435 0.326 0.326 0.326 0.3195 0.3195 0.3325 0.3325 0.329 0.329 0.329 0.3215 0.3215 0.3255 0.3255 0.322 0.322 0.322 0.3265 0.3265 0.315 0.315 0.2975 0.2975 0.2935 0.2935 0.2935 0.282 0.282 0.2875 0.2875 0.2875 0.2875 0.2875 0.283 0.283 0.285 0.285 0.2995 0.2995 0.2995 0.2805 0.2805 0.2505 0.2505 0.3115 0.3115
-1 -1 -1 -1 -1 -1 -1 -1 -1 -1 -1 -1 -1 -1 -1 -1 0.2637 0.2637 0.3785 0.3785 0.3785 0.376 0.376 0.3415 0.3415 0.356 0.356 0.356 0.362 0.362 0.349 0.349 0.33 0.33 0.33 0.317 0.317 0.3125 0.3125 0.3115 0.3115 0.3115 0.3005 0.3005 0.313 0.313 0.312 0.312 0.312 0.312 0.312 0.295 0.295 0.304 0.304 0.289 0.289 0.289 0.297 0.297 0.2965 0.2965 0.2965 0.2965 0.2965 0.2965 0.2965 0.279 0.279 0.2665 0.2665 0.2665 0.2795 0.2795 0.282 0.282 0.284 0.284
-1 -1 -1 -1 -1 -1 -1 -1 -1 -1 -1 -1 -1 -1 -1 -1 0.2637 0.2637 0.3785 0.3785 0.3785 0.376 0.376 0.3415 0.3415 0.356 0.356 0.356 0.362 0.362 0.349 0.349 0.33 0.33 0.33 0.317 0.317 0.3125 0.3125 0.3115 0.3115 0.3115 0.3005 0.3005 0.313 0.313 0.312 0.312 0.312 0.312 0.312 0.295 0.295 0.304 0.304 0.289 0.289 0.289 0.297 0.297 0.2965 0.2965 0.2965 0.2965 0.2965 0.2965 0.2965 0.279 0.279 0.2665 0.2665 0.2665 0.2795 0.2795 0.282 0.282 0.284 0.284
-1 -1 -1 -1 -1 -1 -1 -1 -1 -1 -1 -1 0.2057 0.2057 0.1965 0.1965 0.2025 0.2025 0.366 0.366 0.366 0.357 0.357 0.3645 0.3645 0.3605 0.3605 0.3605 0.358 0.358 0.366 0.366 0.3505 0.3505 0.3505 0.3375 0.3375 0.331 0.331 0.3185 0.3185 0.3185 0.323 0.323 0.3275 0.3275 0.3 0.3 0.3 0.306 0.306 0.298 0.298 0.302 0.302 0.2975 0.2975 0.2975 0.2885 0.2885 0.3025 0.3025 0.3025 0.3025 0.3025 0.3055 0.3055 0.29 0.29 0.2755 0.2755 0.2755 0.2825 0.2825 0.2795 0.2795 0.279 0.279
-1 -1 -1 -1 -1 -1 -1 -1 -1 -1 -1 -1 0.2057 0.2057 0.1965 0.1965 0.2025 0.2025 0.366 0.366 0.366 0.357 0.357 0.3645 0.3645 0.3605 0.3605 0.3605 0.358 0.358 0.366 0.366 0.3505 0.3505 0.3505 0.3375 0.3375 0.331 0.331 0.3185 0.3185 0.3185 0.323 0.323 0.3275 0.3275 0.3 0.3 0.3 0.306 0.306 0.298 0.298 0.302 0.302 0.2975 0.2975 0.2975 0.2885 0.2885 0.3025 0.3025 0.3025 0.3025 0.3025 0.3055 0.3055 0.29 0.29 0.2755 0.2755 0.2755 0.2825 0.2825 0.2795 0.2795 0.279 0.279
-1 -1 -1 -1 -1 -1 -1 -1 -1 0.1795 0.1795 0.1795 0.166 0.166 0.1015 0.1015 0.1606 0.1606 0.1095 0.1095 0.1095 0.3315 0.3315 0.338 0.338 0.367 0.367 0.367 0.353 0.353 0.354 0.354 0.34 0.34 0.34 0.3405 0.3405 0.3395 0.3395 0.325 0.325 0.325 0.319 0.319 0.318 0.318 0.31 0.31 0.31 0.3055 0.3055 0.2915 0.2915 0.2875 0.2875 0.2885 0.2885 0.2885 0.286 0.286 0.295 0.295 0.295 0.295 0.295 0.298 0.298 0.288 0.288 0.294 0.294 0.294 0.2805 0.2805 0.2885 0.2885 0.2825 0.2825
-1 -1 -1 -1 -1 -1 -1 -1 -1 0.1795 0.1795 0.1795 0.166 0.166 0.1015 0.1015 0.1606 0.1606 0.1095 0.1095 0.1095 0.3315 0.3315 0.338 0.338 0.367 0.367 0.367 0.353 0.353 0.354 0.354 0.34 0.34 0.34 0.3405 0.3405 0.3395 0.3395 0.325 0.325 0.325 0.319 0.319 0.318 0.318 0.31 0.31 0.31 0.3055 0.3055 0.2915 0.2915 0.2875 0.2875 0.2885 0.2885 0.2885 0.286 0.286 0.295 0.295 0.295 0.295 0.295 0.298 0.298 0.288 0.288 0.294 0.294 0.294 0.2805 0.2805 0.2885 0.2885 0.2825 0.2825
-1 -1 -1 -1 -1 -1 -1 -1 -1 0.1795 0.1795 0.1795 0.166 0.166 0.1015 0.1015 0.1606 0.1606 0.1095 0.1095 0.1095 0.3315 0.3315 0.338 0.338 0.367 0.367 0.367 0.353 0.353 0.354 0.354 0.34 0.34 0.34 0.3405 0.3405 0.3395 0.3395 0.325 0.325 0.325 0.319 0.319 0.318 0.318 0.31 0.31 0.31 0.3055 0.3055 0.2915 0.2915 0.2875 0.2875 0.2885 0.2885 0.2885 0.286 0.286 0.295 0.295 0.295 0.295 0.295 0.298 0.298 0.288 0.288 0.294 0.294 0.294 0.2805 0.2805 0.2885 0.2885 0.2825 0.2825
-1 -1 -1 -1 -1 -1 -1 -1 -1 -1 -1 -1 0.1107 0.1107 0.1762 0.1762 0.1842 0.1842 0.1681 0.1681 0.1681 0.297 0.297 0.311 0.311 0.3505 0.3505 0.3505 0.3485 0.3485 0.347 0.347 0.335 0.335 0.335 0.3315 0.3315 0.34 0.34 0.3205 0.3205 0.3205 0.317 0.317 0.3275 0.3275 0.331 0.331 0.331 0.3085 0.3085 0.2925 0.2925 0.2975 0.2975 0.3025 0.3025 0.3025 0.29 0.29 0.282 0.282 0.282 0.282 0.282 0.289 0.289 0.279 0.279 0.2885 0.2885 0.2885 0.3055 0.3055 0.2885 0.2885 0.2965 0.2965
-1 -1 -1 -1 -1 -1 -1 -1 -1 -1 -1 -1 0.1107 0.1107 0.1762 0.1762 0.1842 0.1842 0.1681 0.1681 0.1681 0.297 0.297 0.311 0.311 0.3505 0.3505 0.3505 0.3485 0.3485 0.347 0.347 0.335 0.335 0.335 0.3315 0.3315 0.34 0.34 0.3205 0.3205 0.3205 0.317 0.317 0.3275 0.3275 0.331 0.331 0.331 0.3085 0.3085 0.2925 0.2925 0.2975 0.2975 0.3025 0.3025 0.3025 0.29 0.29 0.282 0.282 0.282 0.282 0.282 0.289 0.289 0.279 0.279 0.2885 0.2885 0.2885 0.3055 0.3055 0.2885 0.2885 0.2965 0.2965
-1 -1 -1 -1 -1 -1 -1 -1 -1 -1 -1 -1 -1 -1 -1 -1 -1 -1 0.2531 0.2531 0.2531 0.15 0.15 0.3065 0.3065 0.3405 0.3405 0.3405 0.3395 0.3395 0.339 0.339 0.3225 0.3225 0.3225 0.311 0.311 0.3175 0.3175 0.3285 0.3285 0.3285 0.325 0.325 0.336 0.336 0.3345 0.3345 0.3345 0.332 0.332 0.326 0.326 0.318 0.318 0.3025 0.3025 0.3025 0.294 0.294 0.293 0.293 0.293 0.293 0.293 0.2825 0.2825 0.29 0.29 0.302 0.302 0.302 0.328 0.328 0.303 0.303 0.288 0.288
-1 -1 -1 -1 -1 -1 -1 -1 -1 -1 -1 -1 -1 -1 -1 -1 -1 -1 0.2531 0.2531 0.2531 0.15 0.15 0.3065 0.3065 0.3405 0.3405 0.3405 0.3395 0.3395 0.339 0.339 0.3225 0.3225 0.3225 0.311 0.311 0.3175 0.3175 0.3285 0.3285 0.3285 0.325 0.325 0.336 0.336 0.3345 0.3345 0.3345 0.332 0.332 0.326 0.326 0.318 0.318 0.3025 0.3025 0.3025 0.294 0.294 0.293 0.293 0.293 0.293 0.293 0.2825 0.2825 0.29 0.29 0.302 0.302 0.302 0.328 0.328 0.303 0.303 0.288 0.288
-1 -1 -1 -1 -1 -1 -1 -1 -1 -1 -1 -1 -1 -1 -1 -1 -1 -1 -1 -1 -1 0.1831 0.1831 0.2035 0.2035 0.345 0.345 0.345 0.343 0.343 0.3465 0.3465 0.324 0.324 0.324 0.3125 0.3125 0.316 0.316 0.3235 0.3235 0.3235 0.318 0.318 0.328 0.328 0.3345 0.3345 0.3345 0.3255 0.3255 0.3305 0.3305 0.3405 0.3405 0.338 0.338 0.338 0.3245 0.3245 0.325 0.325 0.325 0.325 0.325 0.298 0.298 0.3 0.3 0.2985 0.2985 0.2985 0.248 0.248 0.3045 0.3045 0.314 0.314
-1 -1 -1 -1 -1 -1 -1 -1 -1 -1 -1 -1 -1 -1 -1 -1 -1 -1 -1 -1 -1 0.1831 0.1831 0.2035 0.2035 0.345 0.345 0.345 0.343 0.343 0.3465 0.3465 0.324 0.324 0.324 0.3125 0.3125 0.316 0.316 0.3235 0.3235 0.3235 0.318 0.318 0.328 0.328 0.3345 0.3345 0.3345 0.3255 0.3255 0.3305 0.3305 0.3405 0.3405 0.338 0.338 0.338 0.3245 0.3245 0.325 0.325 0.325 0.325 0.325 0.298 0.298 0.3 0.3 0.2985 0.2985 0.2985 0.248 0.248 0.3045 0.3045 0.314 0.314
-1 -1 -1 -1 -1 -1 -1 -1 -1 -1 -1 -1 -1 -1 -1 -1 -1 -1 -1 -1 -1 0.1287 0.1287 0.1546 0.1546 0.2545 0.2545 0.2545 0.316 0.316 0.339 0.339 0.3345 0.3345 0.3345 0.324 0.324 0.2955 0.2955 0.273 0.273 0.273 0.2845 0.2845 0.3 0.3 0.32 0.32 0.32 0.3265 0.3265 0.3305 0.3305 0.337 0.337 0.3365 0.3365 0.3365 0.331 0.331 0.3215 0.3215 0.3215 0.3215 0.3215 0.3125 0.3125 0.302 0.302 0.3105 0.3105 0.3105 0.308 0.308 0.299 0.299 0.3195 0.3195
-1 -1 -1 -1 -1 -1 -1 -1 -1 -1 -1 -1 -1 -1 -1 -1 -1 -1 -1 -1 -1 0.1287 0.1287 0.1546 0.1546 0.2545 0.2545 0.2545 0.316 0.316 0.339 0.339 0.3345 0.3345 0.3345 0.324 0.324 0.2955 0.2955 0.273 0.273 0.273 0.2845 0.2845 0.3 0.3 0.32 0.32 0.32 0.3265 0.3265 0.3305 0.3305 0.337 0.337 0.3365 0.3365 0.3365 0.331 0.331 0.3215 0.3215 0.3215 0.3215 0.3215 0.3125 0.3125 0.302 0.302 0.3105 0.3105 0.3105 0.308 0.308 0.299 0.299 0.3195 0.3195
-1 -1 -1 -1 -1 -1 -1 -1 -1 -1 -1 -1 -1 -1 -1 -1 -1 -1 -1 -1 -1 0.1287 0.1287 0.1546 0.1546 0.2545 0.2545 0.2545 0.316 0.316 0.339 0.339 0.3345 0.3345 0.3345 0.324 0.324 0.2955 0.2955 0.273 0.273 0.273 0.2845 0.2845 0.3 0.3 0.32 0.32 0.32 0.3265 0.3265 0.3305 0.3305 0.337 0.337 0.3365 0.3365 0.3365 0.331 0.331 0.3215 0.3215 0.3215 0.3215 0.3215 0.3125 0.3125 0.302 0.302 0.3105 0.3105 0.3105 0.308 0.308 0.299 0.299 0.3195 0.3195
-1 -1 -1 -1 -1 -1 -1 -1 -1 -1 -1 -1 -1 -1 -1 -1 -1 -1 -1 -1 -1 -1 -1 0.2007 0.2007 0.114 0.114 0.114 0.315 0.315 0.3325 0.3325 0.333 0.333 0.333 0.336 0.336 0.2285 0.2285 0.173 0.173 0.173 0.2395 0.2395 0.28 0.28 0.308 0.308 0.308 0.319 0.319 0.334 0.334 0.3395 0.3395 0.3385 0.3385 0.3385 0.32 0.32 0.313 0.313 0.313 0.313 0.313 0.309 0.309 0.313 0.313 0.322 0.322 0.322 0.317 0.317 0.322 0.322 0.31 0.31
-1 -1 -1 -1 -1 -1 -1 -1 -1 -1 -1 -1 -1 -1 -1 -1 -1 -1 -1 -1 -1 -1 -1 0.2007 0.2007 0.114 0.114 0.114 0.315 0.315 0.3325 0.3325 0.333 0.333 0.333 0.336 0.336 0.2285 0.2285 0.173 0.173 0.173 0.2395 0.2395 0.28 0.28 0.308 0.308 0.308 0.319 0.319 0.334 0.334 0.3395 0.3395 0.3385 0.3385 0.3385 0.32 0.32 0.313 0.313 0.313 0.313 0.313 0.309 0.309 0.313 0.313 0.322 0.322 0.322 0.317 0.317 0.322 0.322 0.31 0.31
-1 -1 -1 -1 -1 -1 -1 -1 -1 -1 -1 -1 -1 -1 -1 -1 -1 -1 -1 -1 -1 -1 -1 -1 -1 0.1336 0.1336 0.1336 0.2225 0.2225 0.3145 0.3145 0.317 0.317 0.317 0.217 0.217 0.158 0.158 0.1845 0.1845 0.1845 0.274 0.274 0.2735 0.2735 0.334 0.334 0.334 0.296 0.296 0.318 0.318 0.3175 0.3175 0.3135 0.3135 0.3135 0.304 0.304 0.3145 0.3145 0.3145 0.3145 0.3145 0.29 0.29 0.304 0.304 0.3065 0.3065 0.3065 0.319 0.319 0.3245 0.3245 0.2995 0.2995
-1 -1 -1 -1 -1 -1 -1 -1 -1 -1 -1 -1 -1 -1 -1 -1 -1 -1 -1 -1 -1 -1 -1 -1 -1 0.1336 0.1336 0.1336 0.2225 0.2225 0.3145 0.3145 0.317 0.317 0.317 0.217 0.217 0.158 0.158 0.1845 0.1845 0.1845 0.274 0.274 0.2735 0.2735 0.334 0.334 0.334 0.296 0.296 0.318 0.318 0.3175 0.3175 0.3135 0.3135 0.3135 0.304 0.304 0.3145 0.3145 0.3145 0.3145 0.3145 0.29 0.29 0.304 0.304 0.3065 0.3065 0.3065 0.319 0.319 0.3245 0.3245 0.2995 0.2995
-1 -1 -1 -1 -1 -1 -1 -1 -1 -1 -1 -1 -1 -1 -1 -1 -1 -1 -1 -1 -1 -1 -1 -1 -1 0.1331 0.1331 0.1331 0.1365 0.1365 0.2595 0.2595 0.258 0.258 0.258 0.2625 0.2625 0.2145 0.2145 0.283 0.283 0.283 0.3135 0.3135 0.3195 0.3195 0.309 0.309 0.309 0.2855 0.2855 0.309 0.309 0.316 0.316 0.312 0.312 0.312 0.3085 0.3085 0.309 0.309 0.309 0.309 0.309 0.2935 0.2935 0.3075 0.3075 0.2965 0.2965 0.2965 0.3055 0.3055 0.289 0.289 0.2835 0.2835
-1 -1 -1 -1 -1 -1 -1 -1 -1 -1 -1 -1 -1 -1 -1 -1 -1 -1 -1 -1 -1 -1 -1 -1 -1 0.1331 0.1331 0.1331 0.1365 0.1365 0.2595 0.2595 0.258 0.258 0.258 0.2625 0.2625 0.2145 0.2145 0.283 0.283 0.283 0.3135 0.3135 0.3195 0.3195 0.309 0.309 0.309 0.2855 0.2855 0.309 0.309 0.316 0.316 0.312 0.312 0.312 0.3085 0.3085 0.309 0.309 0.309 0.309 0.309 0.2935 0.2935 0.3075 0.3075 0.2965 0.2965 0.2965 0.3055 0.3055 0.289 0.289 0.2835 0.2835
-1 -1 -1 -1 -1 -1 -1 -1 -1 -1 -1 -1 -1 -1 -1 -1 -1 -1 -1 -1 -1 -1 -1 -1 -1 0.1331 0.1331 0.1331 0.1365 0.1365 0.2595 0.2595 0.258 0.258 0.258 0.2625 0.2625 0.2145 0.2145 0.283 0.283 0.283 0.3135 0.3135 0.3195 0.3195 0.309 0.309 0.309 0.2855 0.2855 0.309 0.309 0.316 0.316 0.312 0.312 0.312 0.3085 0.3085 0.309 0.309 0.309 0.309 0.309 0.2935 0.2935 0.3075 0.3075 0.2965 0.2965 0.2965 0.3055 0.3055 0.289 0.289 0.2835 0.2835
