ndvi/NOAA-306.asc
ncols         252
nrows         154
xllcorner     -18.017974
yllcorner     13.481982
cellsize      0.035948
NODATA_value  -9999
[rows 34 to 67 of 154, columns 77 to 153 of 252]
0.153 0.153 0.123 0.123 0.14 0.14 0.1435 0.1435 0.1435 0.119 0.119 0.1275 0.1275 0.119 0.119 0.141 0.141 0.141 0.132 0.132 0.144 0.144 0.14 0.14 0.14 0.138 0.138 0.151 0.151 0.151 0.151 0.151 0.155 0.155 0.164 0.164 0.1475 0.1475 0.1475 0.1475 0.1475 0.16 0.16 0.151 0.151 0.151 0.1415 0.1415 0.1375 0.1375 0.15 0.15 0.145 0.145 0.145 0.1425 0.1425 0.1285 0.1285 0.125 0.125 0.125 0.116 0.116 0.1375 0.1375 0.135 0.135 0.135 0.133 0.133 0.139 0.139 0.1317 0.1317 0.1317 0.1425
0.153 0.153 0.123 0.123 0.14 0.14 0.1435 0.1435 0.1435 0.119 0.119 0.1275 0.1275 0.119 0.119 0.141 0.141 0.141 0.132 0.132 0.144 0.144 0.14 0.14 0.14 0.138 0.138 0.151 0.151 0.151 0.151 0.151 0.155 0.155 0.164 0.164 0.1475 0.1475 0.1475 0.1475 0.1475 0.16 0.16 0.151 0.151 0.151 0.1415 0.1415 0.1375 0.1375 0.15 0.15 0.145 0.145 0.145 0.1425 0.1425 0.1285 0.1285 0.125 0.125 0.125 0.116 0.116 0.1375 0.1375 0.135 0.135 0.135 0.133 0.133 0.139 0.139 0.1317 0.1317 0.1317 0.1425
0.153 0.153 0.123 0.123 0.14 0.14 0.1435 0.1435 0.1435 0.119 0.119 0.1275 0.1275 0.119 0.119 0.141 0.141 0.141 0.132 0.132 0.144 0.144 0.14 0.14 0.14 0.138 0.138 0.151 0.151 0.151 0.151 0.151 0.155 0.155 0.164 0.164 0.1475 0.1475 0.1475 0.1475 0.1475 0.16 0.16 0.151 0.151 0.151 0.1415 0.1415 0.1375 0.1375 0.15 0.15 0.145 0.145 0.145 0.1425 0.1425 0.1285 0.1285 0.125 0.125 0.125 0.116 0.116 0.1375 0.1375 0.135 0.135 0.135 0.133 0.133 0.139 0.139 0.1317 0.1317 0.1317 0.1425
0.1635 0.1635 0.1545 0.1545 0.163 0.163 0.1385 0.1385 0.1385 0.156 0.156 0.1515 0.1515 0.1555 0.1555 0.1285 0.1285 0.1285 0.1425 0.1425 0.1435 0.1435 0.164 0.164 0.164 0.1625 0.1625 0.169 0.169 0.171 0.171 0.171 0.19 0.19 0.1525 0.1525 0.1525 0.1525 0.1525 0.162 0.162 0.1765 0.1765 0.1915 0.1915 0.1915 0.166 0.166 0.156 0.156 0.156 0.156 0.1595 0.1595 0.1595 0.169 0.169 0.166 0.166 0.1675 0.1675 0.1675 0.14 0.14 0.1415 0.1415 0.14 0.14 0.14 0.15 0.15 0.0935 0.0935 0.109 0.109 0.109 0.142
0.1635 0.1635 0.1545 0.1545 0.163 0.163 0.1385 0.1385 0.1385 0.156 0.156 0.1515 0.1515 0.1555 0.1555 0.1285 0.1285 0.1285 0.1425 0.1425 0.1435 0.1435 0.164 0.164 0.164 0.1625 0.1625 0.169 0.169 0.171 0.171 0.171 0.19 0.19 0.1525 0.1525 0.1525 0.1525 0.1525 0.162 0.162 0.1765 0.1765 0.1915 0.1915 0.1915 0.166 0.166 0.156 0.156 0.156 0.156 0.1595 0.1595 0.1595 0.169 0.169 0.166 0.166 0.1675 0.1675 0.1675 0.14 0.14 0.1415 0.1415 0.14 0.14 0.14 0.15 0.15 0.0935 0.0935 0.109 0.109 0.109 0.142
0.1565 0.1565 0.153 0.153 0.1595 0.1595 0.156 0.156 0.156 0.1565 0.1565 0.162 0.162 0.17 0.17 0.1555 0.1555 0.1555 0.142 0.142 0.153 0.153 0.159 0.159 0.159 0.1655 0.1655 0.176 0.176 0.1715 0.1715 0.1715 0.1735 0.1735 0.1765 0.1765 0.166 0.166 0.166 0.1775 0.1775 0.1825 0.1825 0.1985 0.1985 0.1985 0.18 0.18 0.1635 0.1635 0.1615 0.1615 0.253 0.253 0.253 0.1965 0.1965 0.1915 0.1915 0.1845 0.1845 0.1845 0.152 0.152 0.1725 0.1725 0.142 0.142 0.142 0.151 0.151 0.135 0.135 0.119 0.119 0.119 0.1395
0.1565 0.1565 0.153 0.153 0.1595 0.1595 0.156 0.156 0.156 0.1565 0.1565 0.162 0.162 0.17 0.17 0.1555 0.1555 0.1555 0.142 0.142 0.153 0.153 0.159 0.159 0.159 0.1655 0.1655 0.176 0.176 0.1715 0.1715 0.1715 0.1735 0.1735 0.1765 0.1765 0.166 0.166 0.166 0.1775 0.1775 0.1825 0.1825 0.1985 0.1985 0.1985 0.18 0.18 0.1635 0.1635 0.1615 0.1615 0.253 0.253 0.253 0.1965 0.1965 0.1915 0.1915 0.1845 0.1845 0.1845 0.152 0.152 0.1725 0.1725 0.142 0.142 0.142 0.151 0.151 0.135 0.135 0.119 0.119 0.119 0.1395
0.177 0.177 0.162 0.162 0.151 0.151 0.154 0.154 0.154 0.1655 0.1655 0.172 0.172 0.1725 0.1725 0.1865 0.1865 0.1865 0.1545 0.1545 0.15 0.15 0.16 0.16 0.16 0.1715 0.1715 0.1905 0.1905 0.1905 0.1905 0.1905 0.191 0.191 0.181 0.181 0.1845 0.1845 0.1845 0.195 0.195 0.192 0.192 0.206 0.206 0.206 0.187 0.187 0.1865 0.1865 0.1845 0.1845 0.218 0.218 0.218 0.202 0.202 0.192 0.192 0.1745 0.1745 0.1745 0.139 0.139 0.132 0.132 0.133 0.133 0.133 0.1255 0.1255 0.1125 0.1125 0.1385 0.1385 0.1385 0.124
0.177 0.177 0.162 0.162 0.151 0.151 0.154 0.154 0.154 0.1655 0.1655 0.172 0.172 0.1725 0.1725 0.1865 0.1865 0.1865 0.1545 0.1545 0.15 0.15 0.16 0.16 0.16 0.1715 0.1715 0.1905 0.1905 0.1905 0.1905 0.1905 0.191 0.191 0.181 0.181 0.1845 0.1845 0.1845 0.195 0.195 0.192 0.192 0.206 0.206 0.206 0.187 0.187 0.1865 0.1865 0.1845 0.1845 0.218 0.218 0.218 0.202 0.202 0.192 0.192 0.1745 0.1745 0.1745 0.139 0.139 0.132 0.132 0.133 0.133 0.133 0.1255 0.1255 0.1125 0.1125 0.1385 0.1385 0.1385 0.124
0.177 0.177 0.162 0.162 0.151 0.151 0.154 0.154 0.154 0.1655 0.1655 0.172 0.172 0.1725 0.1725 0.1865 0.1865 0.1865 0.1545 0.1545 0.15 0.15 0.16 0.16 0.16 0.1715 0.1715 0.1905 0.1905 0.1905 0.1905 0.1905 0.191 0.191 0.181 0.181 0.1845 0.1845 0.1845 0.195 0.195 0.192 0.192 0.206 0.206 0.206 0.187 0.187 0.1865 0.1865 0.1845 0.1845 0.218 0.218 0.218 0.202 0.202 0.192 0.192 0.1745 0.1745 0.1745 0.139 0.139 0.132 0.132 0.133 0.133 0.133 0.1255 0.1255 0.1125 0.1125 0.1385 0.1385 0.1385 0.124
0.1645 0.1645 0.1535 0.1535 0.1615 0.1615 0.1685 0.1685 0.1685 0.1695 0.1695 0.1595 0.1595 0.1685 0.1685 0.1795 0.1795 0.1795 0.207 0.207 0.1775 0.1775 0.1595 0.1595 0.1595 0.177 0.177 0.1855 0.1855 0.1905 0.1905 0.1905 0.217 0.217 0.2015 0.2015 0.2065 0.2065 0.2065 0.207 0.207 0.1905 0.1905 0.1975 0.1975 0.1975 0.184 0.184 0.2005 0.2005 0.1725 0.1725 0.1915 0.1915 0.1915 0.1845 0.1845 0.171 0.171 0.1605 0.1605 0.1605 0.1552 0.1552 0.1445 0.1445 0.1435 0.1435 0.1435 0.126 0.126 0.109 0.109 0.1 0.1 0.1 0.1255
0.1645 0.1645 0.1535 0.1535 0.1615 0.1615 0.1685 0.1685 0.1685 0.1695 0.1695 0.1595 0.1595 0.1685 0.1685 0.1795 0.1795 0.1795 0.207 0.207 0.1775 0.1775 0.1595 0.1595 0.1595 0.177 0.177 0.1855 0.1855 0.1905 0.1905 0.1905 0.217 0.217 0.2015 0.2015 0.2065 0.2065 0.2065 0.207 0.207 0.1905 0.1905 0.1975 0.1975 0.1975 0.184 0.184 0.2005 0.2005 0.1725 0.1725 0.1915 0.1915 0.1915 0.1845 0.1845 0.171 0.171 0.1605 0.1605 0.1605 0.1552 0.1552 0.1445 0.1445 0.1435 0.1435 0.1435 0.126 0.126 0.109 0.109 0.1 0.1 0.1 0.1255
0.191 0.191 0.187 0.187 0.191 0.191 0.174 0.174 0.174 0.166 0.166 0.1485 0.1485 0.165 0.165 0.1785 0.1785 0.1785 0.18 0.18 0.1802 0.1802 0.214 0.214 0.214 0.184 0.184 0.1895 0.1895 0.2075 0.2075 0.2075 0.208 0.208 0.2465 0.2465 0.216 0.216 0.216 0.194 0.194 0.1862 0.1862 0.2187 0.2187 0.2187 0.1997 0.1997 0.2037 0.2037 0.1825 0.1825 0.1906 0.1906 0.1906 0.1645 0.1645 0.1635 0.1635 0.168 0.168 0.168 0.1435 0.1435 0.129 0.129 0.148 0.148 0.148 0.1455 0.1455 0.1445 0.1445 0.103 0.103 0.103 0.1535
0.191 0.191 0.187 0.187 0.191 0.191 0.174 0.174 0.174 0.166 0.166 0.1485 0.1485 0.165 0.165 0.1785 0.1785 0.1785 0.18 0.18 0.1802 0.1802 0.214 0.214 0.214 0.184 0.184 0.1895 0.1895 0.2075 0.2075 0.2075 0.208 0.208 0.2465 0.2465 0.216 0.216 0.216 0.194 0.194 0.1862 0.1862 0.2187 0.2187 0.2187 0.1997 0.1997 0.2037 0.2037 0.1825 0.1825 0.1906 0.1906 0.1906 0.1645 0.1645 0.1635 0.1635 0.168 0.168 0.168 0.1435 0.1435 0.129 0.129 0.148 0.148 0.148 0.1455 0.1455 0.1445 0.1445 0.103 0.103 0.103 0.1535
0.2105 0.2105 0.1985 0.1985 0.2125 0.2125 0.1775 0.1775 0.1775 0.175 0.175 0.153 0.153 0.2115 0.2115 0.1985 0.1985 0.1985 0.2035 0.2035 0.2082 0.2082 0.209 0.209 0.209 0.1965 0.1965 0.206 0.206 0.2135 0.2135 0.2135 0.221 0.221 0.2265 0.2265 0.2052 0.2052 0.2052 0.2152 0.2152 0.2117 0.2117 0.2042 0.2042 0.2042 0.1902 0.1902 0.229 0.229 0.181 0.181 0.192 0.192 0.192 0.1935 0.1935 0.1645 0.1645 0.1475 0.1475 0.1475 0.1755 0.1755 0.1585 0.1585 0.1665 0.1665 0.1665 0.186 0.186 0.1555 0.1555 0.1545 0.1545 0.1545 0.1595
0.2105 0.2105 0.1985 0.1985 0.2125 0.2125 0.1775 0.1775 0.1775 0.175 0.175 0.153 0.153 0.2115 0.2115 0.1985 0.1985 0.1985 0.2035 0.2035 0.2082 0.2082 0.209 0.209 0.209 0.1965 0.1965 0.206 0.206 0.2135 0.2135 0.2135 0.221 0.221 0.2265 0.2265 0.2052 0.2052 0.2052 0.2152 0.2152 0.2117 0.2117 0.2042 0.2042 0.2042 0.1902 0.1902 0.229 0.229 0.181 0.181 0.192 0.192 0.192 0.1935 0.1935 0.1645 0.1645 0.1475 0.1475 0.1475 0.1755 0.1755 0.1585 0.1585 0.1665 0.1665 0.1665 0.186 0.186 0.1555 0.1555 0.1545 0.1545 0.1545 0.1595
0.2105 0.2105 0.1985 0.1985 0.2125 0.2125 0.1775 0.1775 0.1775 0.175 0.175 0.153 0.153 0.2115 0.2115 0.1985 0.1985 0.1985 0.2035 0.2035 0.2082 0.2082 0.209 0.209 0.209 0.1965 0.1965 0.206 0.206 0.2135 0.2135 0.2135 0.221 0.221 0.2265 0.2265 0.2052 0.2052 0.2052 0.2152 0.2152 0.2117 0.2117 0.2042 0.2042 0.2042 0.1902 0.1902 0.229 0.229 0.181 0.181 0.192 0.192 0.192 0.1935 0.1935 0.1645 0.1645 0.1475 0.1475 0.1475 0.1755 0.1755 0.1585 0.1585 0.1665 0.1665 0.1665 0.186 0.186 0.1555 0.1555 0.1545 0.1545 0.1545 0.1595
0.207 0.207 0.2035 0.2035 0.1962 0.1962 0.1985 0.1985 0.1985 0.208 0.208 0.205 0.205 0.2205 0.2205 0.2065 0.2065 0.2065 0.208 0.208 0.23 0.23 0.206 0.206 0.206 0.202 0.202 0.204 0.204 0.2002 0.2002 0.2002 0.2186 0.2186 0.2237 0.2237 0.2332 0.2332 0.2332 0.1822 0.1822 0.2111 0.2111 0.1965 0.1965 0.1965 0.2127 0.2127 0.15 0.15 0.1786 0.1786 0.2105 0.2105 0.2105 0.216 0.216 0.206 0.206 0.1895 0.1895 0.1895 0.1865 0.1865 0.212 0.212 0.222 0.222 0.222 0.2175 0.2175 0.2115 0.2115 0.1555 0.1555 0.1555 0.1535
0.207 0.207 0.2035 0.2035 0.1962 0.1962 0.1985 0.1985 0.1985 0.208 0.208 0.205 0.205 0.2205 0.2205 0.2065 0.2065 0.2065 0.208 0.208 0.23 0.23 0.206 0.206 0.206 0.202 0.202 0.204 0.204 0.2002 0.2002 0.2002 0.2186 0.2186 0.2237 0.2237 0.2332 0.2332 0.2332 0.1822 0.1822 0.2111 0.2111 0.1965 0.1965 0.1965 0.2127 0.2127 0.15 0.15 0.1786 0.1786 0.2105 0.2105 0.2105 0.216 0.216 0.206 0.206 0.1895 0.1895 0.1895 0.1865 0.1865 0.212 0.212 0.222 0.222 0.222 0.2175 0.2175 0.2115 0.2115 0.1555 0.1555 0.1555 0.1535
0.2055 0.2055 0.2 0.2 0.2105 0.2105 0.21 0.21 0.21 0.219 0.219 0.223 0.223 0.2165 0.2165 0.212 0.212 0.212 0.208 0.208 0.204 0.204 0.2025 0.2025 0.2025 0.2005 0.2005 0.1942 0.1942 0.2247 0.2247 0.2247 0.185 0.185 0.2246 0.2246 0.2277 0.2277 0.2277 0.2092 0.2092 0.2052 0.2052 0.2005 0.2005 0.2005 0.183 0.183 0.1592 0.1592 0.2176 0.2176 0.1915 0.1915 0.1915 0.1827 0.1827 0.2345 0.2345 0.2145 0.2145 0.2145 0.205 0.205 0.202 0.202 0.2245 0.2245 0.2245 0.217 0.217 0.21 0.21 0.2275 0.2275 0.2275 0.147
0.2055 0.2055 0.2 0.2 0.2105 0.2105 0.21 0.21 0.21 0.219 0.219 0.223 0.223 0.2165 0.2165 0.212 0.212 0.212 0.208 0.208 0.204 0.204 0.2025 0.2025 0.2025 0.2005 0.2005 0.1942 0.1942 0.2247 0.2247 0.2247 0.185 0.185 0.2246 0.2246 0.2277 0.2277 0.2277 0.2092 0.2092 0.2052 0.2052 0.2005 0.2005 0.2005 0.183 0.183 0.1592 0.1592 0.2176 0.2176 0.1915 0.1915 0.1915 0.1827 0.1827 0.2345 0.2345 0.2145 0.2145 0.2145 0.205 0.205 0.202 0.202 0.2245 0.2245 0.2245 0.217 0.217 0.21 0.21 0.2275 0.2275 0.2275 0.147
0.2065 0.2065 0.212 0.212 0.2185 0.2185 0.2265 0.2265 0.2265 0.2365 0.2365 0.237 0.237 0.224 0.224 0.2265 0.2265 0.2265 0.2255 0.2255 0.224 0.224 0.1937 0.1937 0.1937 0.1937 0.1937 0.1972 0.1972 0.2177 0.2177 0.2177 0.1902 0.1902 0.2122 0.2122 0.2107 0.2107 0.2107 0.2052 0.2052 0.1842 0.1842 0.1902 0.1902 0.1902 0.1882 0.1882 0.1626 0.1626 0.1805 0.1805 0.1901 0.1901 0.1901 0.2055 0.2055 0.2186 0.2186 0.226 0.226 0.226 0.2045 0.2045 0.2225 0.2225 0.199 0.199 0.199 0.189 0.189 0.1742 0.1742 0.171 0.171 0.171 0.136
0.2065 0.2065 0.212 0.212 0.2185 0.2185 0.2265 0.2265 0.2265 0.2365 0.2365 0.237 0.237 0.224 0.224 0.2265 0.2265 0.2265 0.2255 0.2255 0.224 0.224 0.1937 0.1937 0.1937 0.1937 0.1937 0.1972 0.1972 0.2177 0.2177 0.2177 0.1902 0.1902 0.2122 0.2122 0.2107 0.2107 0.2107 0.2052 0.2052 0.1842 0.1842 0.1902 0.1902 0.1902 0.1882 0.1882 0.1626 0.1626 0.1805 0.1805 0.1901 0.1901 0.1901 0.2055 0.2055 0.2186 0.2186 0.226 0.226 0.226 0.2045 0.2045 0.2225 0.2225 0.199 0.199 0.199 0.189 0.189 0.1742 0.1742 0.171 0.171 0.171 0.136
0.2185 0.2185 0.223 0.223 0.2335 0.2335 0.2395 0.2395 0.2395 0.231 0.231 0.233 0.233 0.233 0.233 0.2395 0.2395 0.2395 0.2305 0.2305 0.2237 0.2237 0.2077 0.2077 0.2077 0.2016 0.2016 0.1812 0.1812 0.2162 0.2162 0.2162 0.2032 0.2032 0.1982 0.1982 0.2077 0.2077 0.2077 0.2232 0.2232 0.2022 0.2022 0.2102 0.2102 0.2102 0.1821 0.1821 0.14 0.14 0.1465 0.1465 0.1861 0.1861 0.1861 0.198 0.198 0.2035 0.2035 0.2115 0.2115 0.2115 0.2185 0.2185 0.2191 0.2191 0.1917 0.1917 0.1917 0.2181 0.2181 0.1492 0.1492 0.1647 0.1647 0.1647 0.124
0.2185 0.2185 0.223 0.223 0.2335 0.2335 0.2395 0.2395 0.2395 0.231 0.231 0.233 0.233 0.233 0.233 0.2395 0.2395 0.2395 0.2305 0.2305 0.2237 0.2237 0.2077 0.2077 0.2077 0.2016 0.2016 0.1812 0.1812 0.2162 0.2162 0.2162 0.2032 0.2032 0.1982 0.1982 0.2077 0.2077 0.2077 0.2232 0.2232 0.2022 0.2022 0.2102 0.2102 0.2102 0.1821 0.1821 0.14 0.14 0.1465 0.1465 0.1861 0.1861 0.1861 0.198 0.198 0.2035 0.2035 0.2115 0.2115 0.2115 0.2185 0.2185 0.2191 0.2191 0.1917 0.1917 0.1917 0.2181 0.2181 0.1492 0.1492 0.1647 0.1647 0.1647 0.124
0.2185 0.2185 0.223 0.223 0.2335 0.2335 0.2395 0.2395 0.2395 0.231 0.231 0.233 0.233 0.233 0.233 0.2395 0.2395 0.2395 0.2305 0.2305 0.2237 0.2237 0.2077 0.2077 0.2077 0.2016 0.2016 0.1812 0.1812 0.2162 0.2162 0.2162 0.2032 0.2032 0.1982 0.1982 0.2077 0.2077 0.2077 0.2232 0.2232 0.2022 0.2022 0.2102 0.2102 0.2102 0.1821 0.1821 0.14 0.14 0.1465 0.1465 0.1861 0.1861 0.1861 0.198 0.198 0.2035 0.2035 0.2115 0.2115 0.2115 0.2185 0.2185 0.2191 0.2191 0.1917 0.1917 0.1917 0.2181 0.2181 0.1492 0.1492 0.1647 0.1647 0.1647 0.124
0.209 0.209 0.2115 0.2115 0.219 0.219 0.218 0.218 0.218 0.206 0.206 0.204 0.204 0.2085 0.2085 0.2165 0.2165 0.2165 0.1917 0.1917 0.1927 0.1927 0.2171 0.2171 0.2171 0.2052 0.2052 0.2002 0.2002 0.1937 0.1937 0.1937 0.2047 0.2047 0.2157 0.2157 0.1947 0.1947 0.1947 0.2027 0.2027 0.1642 0.1642 0.2205 0.2205 0.2205 0.1725 0.1725 0.1435 0.1435 0.141 0.141 0.1474 0.1474 0.1474 0.157 0.157 0.1895 0.1895 0.2141 0.2141 0.2141 0.218 0.218 0.1977 0.1977 0.2285 0.2285 0.2285 0.193 0.193 0.181 0.181 0.163 0.163 0.163 0.148
0.209 0.209 0.2115 0.2115 0.219 0.219 0.218 0.218 0.218 0.206 0.206 0.204 0.204 0.2085 0.2085 0.2165 0.2165 0.2165 0.1917 0.1917 0.1927 0.1927 0.2171 0.2171 0.2171 0.2052 0.2052 0.2002 0.2002 0.1937 0.1937 0.1937 0.2047 0.2047 0.2157 0.2157 0.1947 0.1947 0.1947 0.2027 0.2027 0.1642 0.1642 0.2205 0.2205 0.2205 0.1725 0.1725 0.1435 0.1435 0.141 0.141 0.1474 0.1474 0.1474 0.157 0.157 0.1895 0.1895 0.2141 0.2141 0.2141 0.218 0.218 0.1977 0.1977 0.2285 0.2285 0.2285 0.193 0.193 0.181 0.181 0.163 0.163 0.163 0.148
0.2325 0.2325 0.203 0.203 0.218 0.218 0.2195 0.2195 0.2195 0.2105 0.2105 0.2045 0.2045 0.2087 0.2087 0.2095 0.2095 0.2095 0.1975 0.1975 0.2175 0.2175 0.1872 0.1872 0.1872 0.1995 0.1995 0.1967 0.1967 0.2022 0.2022 0.2022 0.2177 0.2177 0.2212 0.2212 0.1837 0.1837 0.1837 0.2142 0.2142 0.1896 0.1896 0.1967 0.1967 0.1967 0.146 0.146 0.144 0.144 0.1676 0.1676 0.166 0.166 0.166 0.2116 0.2116 0.197 0.197 0.2296 0.2296 0.2296 0.2231 0.2231 0.2075 0.2075 0.1951 0.1951 0.1951 0.231 0.231 0.1935 0.1935 0.1455 0.1455 0.1455 0.1335
0.2325 0.2325 0.203 0.203 0.218 0.218 0.2195 0.2195 0.2195 0.2105 0.2105 0.2045 0.2045 0.2087 0.2087 0.2095 0.2095 0.2095 0.1975 0.1975 0.2175 0.2175 0.1872 0.1872 0.1872 0.1995 0.1995 0.1967 0.1967 0.2022 0.2022 0.2022 0.2177 0.2177 0.2212 0.2212 0.1837 0.1837 0.1837 0.2142 0.2142 0.1896 0.1896 0.1967 0.1967 0.1967 0.146 0.146 0.144 0.144 0.1676 0.1676 0.166 0.166 0.166 0.2116 0.2116 0.197 0.197 0.2296 0.2296 0.2296 0.2231 0.2231 0.2075 0.2075 0.1951 0.1951 0.1951 0.231 0.231 0.1935 0.1935 0.1455 0.1455 0.1455 0.1335
0.2265 0.2265 0.2445 0.2445 0.216 0.216 0.289 0.289 0.289 0.27 0.27 0.247 0.247 0.2682 0.2682 0.2462 0.2462 0.2462 0.2205 0.2205 0.235 0.235 0.1967 0.1967 0.1967 0.1975 0.1975 0.2132 0.2132 0.1942 0.1942 0.1942 0.2147 0.2147 0.2332 0.2332 0.2337 0.2337 0.2337 0.2472 0.2472 0.1827 0.1827 0.1496 0.1496 0.1496 0.1386 0.1386 0.1487 0.1487 0.1762 0.1762 0.2202 0.2202 0.2202 0.1992 0.1992 0.2111 0.2111 0.2266 0.2266 0.2266 0.2151 0.2151 0.2156 0.2156 0.2127 0.2127 0.2127 0.1977 0.1977 0.2217 0.2217 0.1865 0.1865 0.1865 0.1665
0.2265 0.2265 0.2445 0.2445 0.216 0.216 0.289 0.289 0.289 0.27 0.27 0.247 0.247 0.2682 0.2682 0.2462 0.2462 0.2462 0.2205 0.2205 0.235 0.235 0.1967 0.1967 0.1967 0.1975 0.1975 0.2132 0.2132 0.1942 0.1942 0.1942 0.2147 0.2147 0.2332 0.2332 0.2337 0.2337 0.2337 0.2472 0.2472 0.1827 0.1827 0.1496 0.1496 0.1496 0.1386 0.1386 0.1487 0.1487 0.1762 0.1762 0.2202 0.2202 0.2202 0.1992 0.1992 0.2111 0.2111 0.2266 0.2266 0.2266 0.2151 0.2151 0.2156 0.2156 0.2127 0.2127 0.2127 0.1977 0.1977 0.2217 0.2217 0.1865 0.1865 0.1865 0.1665
0.2265 0.2265 0.2445 0.2445 0.216 0.216 0.289 0.289 0.289 0.27 0.27 0.247 0.247 0.2682 0.2682 0.2462 0.2462 0.2462 0.2205 0.2205 0.235 0.235 0.1967 0.1967 0.1967 0.1975 0.1975 0.2132 0.2132 0.1942 0.1942 0.1942 0.2147 0.2147 0.2332 0.2332 0.2337 0.2337 0.2337 0.2472 0.2472 0.1827 0.1827 0.1496 0.1496 0.1496 0.1386 0.1386 0.1487 0.1487 0.1762 0.1762 0.2202 0.2202 0.2202 0.1992 0.1992 0.2111 0.2111 0.2266 0.2266 0.2266 0.2151 0.2151 0.2156 0.2156 0.2127 0.2127 0.2127 0.1977 0.1977 0.2217 0.2217 0.1865 0.1865 0.1865 0.1665
0.2022 0.2022 0.2166 0.2166 0.2161 0.2161 0.2447 0.2447 0.2447 0.2611 0.2611 0.2657 0.2657 0.2542 0.2542 0.2462 0.2462 0.2462 0.2532 0.2532 0.2622 0.2622 0.259 0.259 0.259 0.2165 0.2165 0.1847 0.1847 0.2172 0.2172 0.2172 0.2077 0.2077 0.2192 0.2192 0.2232 0.2232 0.2232 0.2152 0.2152 0.2332 0.2332 0.2214 0.2214 0.2214 0.1765 0.1765 0.1995 0.1995 0.2132 0.2132 0.2305 0.2305 0.2305 0.1902 0.1902 0.1982 0.1982 0.203 0.203 0.203 0.2191 0.2191 0.215 0.215 0.2041 0.2041 0.2041 0.2022 0.2022 0.2307 0.2307 0.1787 0.1787 0.1787 0.1265
