ndvi/NOAA-277.asc
ncols         252
nrows         154
xllcorner     -18.017974
yllcorner     13.481982
cellsize      0.035948
NODATA_value  -9999
[rows 70 to 104 of 154, columns 154 to 230 of 252]
0.164 0.1595 0.1595 0.1445 0.1445 0.1445 0.1545 0.1545 0.167 0.167 0.1565 0.1565 0.2095 0.2095 0.2095 0.2005 0.2005 0.2065 0.2065 0.2125 0.2125 0.2125 0.2105 0.2105 0.2275 0.2275 0.222 0.222 0.222 0.215 0.215 0.2115 0.2115 0.209 0.209 0.209 0.1945 0.1945 0.2035 0.2035 0.2095 0.2095 0.2095 0.2005 0.2005 0.2015 0.2015 0.2105 0.2105 0.2245 0.2245 0.2245 0.227 0.227 0.252 0.252 0.2295 0.2295 0.2295 0.2125 0.2125 0.227 0.227 0.2305 0.2305 0.2305 0.195 0.195 0.1985 0.1985 0.206 0.206 0.206 0.191 0.191 0.197 0.197
0.1625 0.1575 0.1575 0.154 0.154 0.154 0.14 0.14 0.154 0.154 0.1565 0.1565 0.1865 0.1865 0.1865 0.189 0.189 0.201 0.201 0.2065 0.2065 0.2065 0.211 0.211 0.209 0.209 0.206 0.206 0.206 0.2105 0.2105 0.2115 0.2115 0.2095 0.2095 0.2095 0.2025 0.2025 0.1985 0.1985 0.222 0.222 0.222 0.2005 0.2005 0.2445 0.2445 0.2635 0.2635 0.2575 0.2575 0.2575 0.2315 0.2315 0.2555 0.2555 0.2425 0.2425 0.2425 0.234 0.234 0.2295 0.2295 0.214 0.214 0.214 0.203 0.203 0.224 0.224 0.2025 0.2025 0.2025 0.2025 0.2025 0.207 0.207
0.1625 0.1575 0.1575 0.154 0.154 0.154 0.14 0.14 0.154 0.154 0.1565 0.1565 0.1865 0.1865 0.1865 0.189 0.189 0.201 0.201 0.2065 0.2065 0.2065 0.211 0.211 0.209 0.209 0.206 0.206 0.206 0.2105 0.2105 0.2115 0.2115 0.2095 0.2095 0.2095 0.2025 0.2025 0.1985 0.1985 0.222 0.222 0.222 0.2005 0.2005 0.2445 0.2445 0.2635 0.2635 0.2575 0.2575 0.2575 0.2315 0.2315 0.2555 0.2555 0.2425 0.2425 0.2425 0.234 0.234 0.2295 0.2295 0.214 0.214 0.214 0.203 0.203 0.224 0.224 0.2025 0.2025 0.2025 0.2025 0.2025 0.207 0.207
0.1625 0.1575 0.1575 0.154 0.154 0.154 0.14 0.14 0.154 0.154 0.1565 0.1565 0.1865 0.1865 0.1865 0.189 0.189 0.201 0.201 0.2065 0.2065 0.2065 0.211 0.211 0.209 0.209 0.206 0.206 0.206 0.2105 0.2105 0.2115 0.2115 0.2095 0.2095 0.2095 0.2025 0.2025 0.1985 0.1985 0.222 0.222 0.222 0.2005 0.2005 0.2445 0.2445 0.2635 0.2635 0.2575 0.2575 0.2575 0.2315 0.2315 0.2555 0.2555 0.2425 0.2425 0.2425 0.234 0.234 0.2295 0.2295 0.214 0.214 0.214 0.203 0.203 0.224 0.224 0.2025 0.2025 0.2025 0.2025 0.2025 0.207 0.207
0.199 0.161 0.161 0.156 0.156 0.156 0.16 0.16 0.1545 0.1545 0.154 0.154 0.187 0.187 0.187 0.2015 0.2015 0.212 0.212 0.212 0.212 0.212 0.207 0.207 0.214 0.214 0.212 0.212 0.212 0.212 0.212 0.21 0.21 0.2125 0.2125 0.2125 0.222 0.222 0.2075 0.2075 0.2075 0.2075 0.2075 0.227 0.227 0.2375 0.2375 0.247 0.247 0.2595 0.2595 0.2595 0.2495 0.2495 0.2345 0.2345 0.2405 0.2405 0.2405 0.2425 0.2425 0.231 0.231 0.2245 0.2245 0.2245 0.213 0.213 0.2015 0.2015 0.2015 0.2015 0.2015 0.2365 0.2365 0.2145 0.2145
0.199 0.161 0.161 0.156 0.156 0.156 0.16 0.16 0.1545 0.1545 0.154 0.154 0.187 0.187 0.187 0.2015 0.2015 0.212 0.212 0.212 0.212 0.212 0.207 0.207 0.214 0.214 0.212 0.212 0.212 0.212 0.212 0.21 0.21 0.2125 0.2125 0.2125 0.222 0.222 0.2075 0.2075 0.2075 0.2075 0.2075 0.227 0.227 0.2375 0.2375 0.247 0.247 0.2595 0.2595 0.2595 0.2495 0.2495 0.2345 0.2345 0.2405 0.2405 0.2405 0.2425 0.2425 0.231 0.231 0.2245 0.2245 0.2245 0.213 0.213 0.2015 0.2015 0.2015 0.2015 0.2015 0.2365 0.2365 0.2145 0.2145
0.121 0.1655 0.1655 0.1655 0.1655 0.1655 0.1505 0.1505 0.182 0.182 0.159 0.159 0.189 0.189 0.189 0.207 0.207 0.2075 0.2075 0.2225 0.2225 0.2225 0.2195 0.2195 0.222 0.222 0.2015 0.2015 0.2015 0.2005 0.2005 0.206 0.206 0.2225 0.2225 0.2225 0.215 0.215 0.221 0.221 0.2405 0.2405 0.2405 0.2485 0.2485 0.2495 0.2495 0.243 0.243 0.2545 0.2545 0.2545 0.2545 0.2545 0.23 0.23 0.2475 0.2475 0.2475 0.2365 0.2365 0.2345 0.2345 0.2225 0.2225 0.2225 0.2145 0.2145 0.2125 0.2125 0.195 0.195 0.195 0.212 0.212 0.211 0.211
0.121 0.1655 0.1655 0.1655 0.1655 0.1655 0.1505 0.1505 0.182 0.182 0.159 0.159 0.189 0.189 0.189 0.207 0.207 0.2075 0.2075 0.2225 0.2225 0.2225 0.2195 0.2195 0.222 0.222 0.2015 0.2015 0.2015 0.2005 0.2005 0.206 0.206 0.2225 0.2225 0.2225 0.215 0.215 0.221 0.221 0.2405 0.2405 0.2405 0.2485 0.2485 0.2495 0.2495 0.243 0.243 0.2545 0.2545 0.2545 0.2545 0.2545 0.23 0.23 0.2475 0.2475 0.2475 0.2365 0.2365 0.2345 0.2345 0.2225 0.2225 0.2225 0.2145 0.2145 0.2125 0.2125 0.195 0.195 0.195 0.212 0.212 0.211 0.211
0.136 0.127 0.127 0.1575 0.1575 0.1575 0.158 0.158 0.1505 0.1505 0.152 0.152 0.1745 0.1745 0.1745 0.194 0.194 0.204 0.204 0.2095 0.2095 0.2095 0.207 0.207 0.1965 0.1965 0.2075 0.2075 0.2075 0.211 0.211 0.208 0.208 0.234 0.234 0.234 0.231 0.231 0.2275 0.2275 0.241 0.241 0.241 0.236 0.236 0.239 0.239 0.237 0.237 0.258 0.258 0.258 0.2505 0.2505 0.277 0.277 0.275 0.275 0.275 0.258 0.258 0.252 0.252 0.255 0.255 0.255 0.2345 0.2345 0.217 0.217 0.211 0.211 0.211 0.201 0.201 0.207 0.207
0.136 0.127 0.127 0.1575 0.1575 0.1575 0.158 0.158 0.1505 0.1505 0.152 0.152 0.1745 0.1745 0.1745 0.194 0.194 0.204 0.204 0.2095 0.2095 0.2095 0.207 0.207 0.1965 0.1965 0.2075 0.2075 0.2075 0.211 0.211 0.208 0.208 0.234 0.234 0.234 0.231 0.231 0.2275 0.2275 0.241 0.241 0.241 0.236 0.236 0.239 0.239 0.237 0.237 0.258 0.258 0.258 0.2505 0.2505 0.277 0.277 0.275 0.275 0.275 0.258 0.258 0.252 0.252 0.255 0.255 0.255 0.2345 0.2345 0.217 0.217 0.211 0.211 0.211 0.201 0.201 0.207 0.207
0.1305 0.1205 0.1205 0.1375 0.1375 0.1375 0.1365 0.1365 0.1215 0.1215 0.153 0.153 0.1905 0.1905 0.1905 0.2 0.2 0.215 0.215 0.1985 0.1985 0.1985 0.2105 0.2105 0.2165 0.2165 0.22 0.22 0.22 0.2195 0.2195 0.2145 0.2145 0.212 0.212 0.212 0.2285 0.2285 0.2345 0.2345 0.2425 0.2425 0.2425 0.2525 0.2525 0.2525 0.2525 0.234 0.234 0.24 0.24 0.24 0.2425 0.2425 0.264 0.264 0.235 0.235 0.235 0.234 0.234 0.2435 0.2435 0.2275 0.2275 0.2275 0.209 0.209 0.2315 0.2315 0.2125 0.2125 0.2125 0.235 0.235 0.2105 0.2105
0.1305 0.1205 0.1205 0.1375 0.1375 0.1375 0.1365 0.1365 0.1215 0.1215 0.153 0.153 0.1905 0.1905 0.1905 0.2 0.2 0.215 0.215 0.1985 0.1985 0.1985 0.2105 0.2105 0.2165 0.2165 0.22 0.22 0.22 0.2195 0.2195 0.2145 0.2145 0.212 0.212 0.212 0.2285 0.2285 0.2345 0.2345 0.2425 0.2425 0.2425 0.2525 0.2525 0.2525 0.2525 0.234 0.234 0.24 0.24 0.24 0.2425 0.2425 0.264 0.264 0.235 0.235 0.235 0.234 0.234 0.2435 0.2435 0.2275 0.2275 0.2275 0.209 0.209 0.2315 0.2315 0.2125 0.2125 0.2125 0.235 0.235 0.2105 0.2105
0.1305 0.1205 0.1205 0.1375 0.1375 0.1375 0.1365 0.1365 0.1215 0.1215 0.153 0.153 0.1905 0.1905 0.1905 0.2 0.2 0.215 0.215 0.1985 0.1985 0.1985 0.2105 0.2105 0.2165 0.2165 0.22 0.22 0.22 0.2195 0.2195 0.2145 0.2145 0.212 0.212 0.212 0.2285 0.2285 0.2345 0.2345 0.2425 0.2425 0.2425 0.2525 0.2525 0.2525 0.2525 0.234 0.234 0.24 0.24 0.24 0.2425 0.2425 0.264 0.264 0.235 0.235 0.235 0.234 0.234 0.2435 0.2435 0.2275 0.2275 0.2275 0.209 0.209 0.2315 0.2315 0.2125 0.2125 0.2125 0.235 0.235 0.2105 0.2105
0.118 0.148 0.148 0.152 0.152 0.152 0.148 0.148 0.161 0.161 0.1915 0.1915 0.223 0.223 0.223 0.2345 0.2345 0.262 0.262 0.2475 0.2475 0.2475 0.23 0.23 0.2075 0.2075 0.2305 0.2305 0.2305 0.237 0.237 0.204 0.204 0.206 0.206 0.206 0.224 0.224 0.239 0.239 0.2445 0.2445 0.2445 0.2385 0.2385 0.252 0.252 0.2515 0.2515 0.2625 0.2625 0.2625 0.2625 0.2625 0.246 0.246 0.257 0.257 0.257 0.2545 0.2545 0.2415 0.2415 0.2185 0.2185 0.2185 0.2255 0.2255 0.2235 0.2235 0.216 0.216 0.216 0.215 0.215 0.219 0.219
0.118 0.148 0.148 0.152 0.152 0.152 0.148 0.148 0.161 0.161 0.1915 0.1915 0.223 0.223 0.223 0.2345 0.2345 0.262 0.262 0.2475 0.2475 0.2475 0.23 0.23 0.2075 0.2075 0.2305 0.2305 0.2305 0.237 0.237 0.204 0.204 0.206 0.206 0.206 0.224 0.224 0.239 0.239 0.2445 0.2445 0.2445 0.2385 0.2385 0.252 0.252 0.2515 0.2515 0.2625 0.2625 0.2625 0.2625 0.2625 0.246 0.246 0.257 0.257 0.257 0.2545 0.2545 0.2415 0.2415 0.2185 0.2185 0.2185 0.2255 0.2255 0.2235 0.2235 0.216 0.216 0.216 0.215 0.215 0.219 0.219
0.1385 0.154 0.154 0.1665 0.1665 0.1665 0.1495 0.1495 0.1615 0.1615 0.216 0.216 0.24 0.24 0.24 0.2345 0.2345 0.27 0.27 0.273 0.273 0.273 0.2475 0.2475 0.25 0.25 0.239 0.239 0.239 0.2275 0.2275 0.225 0.225 0.223 0.223 0.223 0.2205 0.2205 0.2225 0.2225 0.243 0.243 0.243 0.2545 0.2545 0.275 0.275 0.271 0.271 0.2395 0.2395 0.2395 0.2295 0.2295 0.2405 0.2405 0.25 0.25 0.25 0.2305 0.2305 0.255 0.255 0.25 0.25 0.25 0.2535 0.2535 0.2395 0.2395 0.222 0.222 0.222 0.228 0.228 0.2185 0.2185
0.1385 0.154 0.154 0.1665 0.1665 0.1665 0.1495 0.1495 0.1615 0.1615 0.216 0.216 0.24 0.24 0.24 0.2345 0.2345 0.27 0.27 0.273 0.273 0.273 0.2475 0.2475 0.25 0.25 0.239 0.239 0.239 0.2275 0.2275 0.225 0.225 0.223 0.223 0.223 0.2205 0.2205 0.2225 0.2225 0.243 0.243 0.243 0.2545 0.2545 0.275 0.275 0.271 0.271 0.2395 0.2395 0.2395 0.2295 0.2295 0.2405 0.2405 0.25 0.25 0.25 0.2305 0.2305 0.255 0.255 0.25 0.25 0.25 0.2535 0.2535 0.2395 0.2395 0.222 0.222 0.222 0.228 0.228 0.2185 0.2185
0.1795 0.1775 0.1775 0.187 0.187 0.187 0.15 0.15 0.2 0.2 0.221 0.221 0.247 0.247 0.247 0.272 0.272 0.2545 0.2545 0.2485 0.2485 0.2485 0.248 0.248 0.251 0.251 0.2175 0.2175 0.2175 0.2165 0.2165 0.2145 0.2145 0.213 0.213 0.213 0.212 0.212 0.2165 0.2165 0.2395 0.2395 0.2395 0.2515 0.2515 0.264 0.264 0.276 0.276 0.2265 0.2265 0.2265 0.224 0.224 0.2165 0.2165 0.2225 0.2225 0.2225 0.2355 0.2355 0.242 0.242 0.2395 0.2395 0.2395 0.243 0.243 0.248 0.248 0.2265 0.2265 0.2265 0.2275 0.2275 0.2335 0.2335
0.1795 0.1775 0.1775 0.187 0.187 0.187 0.15 0.15 0.2 0.2 0.221 0.221 0.247 0.247 0.247 0.272 0.272 0.2545 0.2545 0.2485 0.2485 0.2485 0.248 0.248 0.251 0.251 0.2175 0.2175 0.2175 0.2165 0.2165 0.2145 0.2145 0.213 0.213 0.213 0.212 0.212 0.2165 0.2165 0.2395 0.2395 0.2395 0.2515 0.2515 0.264 0.264 0.276 0.276 0.2265 0.2265 0.2265 0.224 0.224 0.2165 0.2165 0.2225 0.2225 0.2225 0.2355 0.2355 0.242 0.242 0.2395 0.2395 0.2395 0.243 0.243 0.248 0.248 0.2265 0.2265 0.2265 0.2275 0.2275 0.2335 0.2335
0.1795 0.1775 0.1775 0.187 0.187 0.187 0.15 0.15 0.2 0.2 0.221 0.221 0.247 0.247 0.247 0.272 0.272 0.2545 0.2545 0.2485 0.2485 0.2485 0.248 0.248 0.251 0.251 0.2175 0.2175 0.2175 0.2165 0.2165 0.2145 0.2145 0.213 0.213 0.213 0.212 0.212 0.2165 0.2165 0.2395 0.2395 0.2395 0.2515 0.2515 0.264 0.264 0.276 0.276 0.2265 0.2265 0.2265 0.224 0.224 0.2165 0.2165 0.2225 0.2225 0.2225 0.2355 0.2355 0.242 0.242 0.2395 0.2395 0.2395 0.243 0.243 0.248 0.248 0.2265 0.2265 0.2265 0.2275 0.2275 0.2335 0.2335
0.144 0.1575 0.1575 0.1755 0.1755 0.1755 0.1625 0.1625 0.198 0.198 0.2365 0.2365 0.27 0.27 0.27 0.2785 0.2785 0.258 0.258 0.2515 0.2515 0.2515 0.2365 0.2365 0.208 0.208 0.21 0.21 0.21 0.208 0.208 0.202 0.202 0.212 0.212 0.212 0.229 0.229 0.238 0.238 0.2345 0.2345 0.2345 0.245 0.245 0.2465 0.2465 0.255 0.255 0.247 0.247 0.247 0.2325 0.2325 0.227 0.227 0.2195 0.2195 0.2195 0.225 0.225 0.223 0.223 0.233 0.233 0.233 0.2395 0.2395 0.2495 0.2495 0.228 0.228 0.228 0.2395 0.2395 0.2435 0.2435
0.144 0.1575 0.1575 0.1755 0.1755 0.1755 0.1625 0.1625 0.198 0.198 0.2365 0.2365 0.27 0.27 0.27 0.2785 0.2785 0.258 0.258 0.2515 0.2515 0.2515 0.2365 0.2365 0.208 0.208 0.21 0.21 0.21 0.208 0.208 0.202 0.202 0.212 0.212 0.212 0.229 0.229 0.238 0.238 0.2345 0.2345 0.2345 0.245 0.245 0.2465 0.2465 0.255 0.255 0.247 0.247 0.247 0.2325 0.2325 0.227 0.227 0.2195 0.2195 0.2195 0.225 0.225 0.223 0.223 0.233 0.233 0.233 0.2395 0.2395 0.2495 0.2495 0.228 0.228 0.228 0.2395 0.2395 0.2435 0.2435
0.205 0.177 0.177 0.1795 0.1795 0.1795 0.17 0.17 0.228 0.228 0.2135 0.2135 0.268 0.268 0.268 0.263 0.263 0.2435 0.2435 0.2255 0.2255 0.2255 0.242 0.242 0.218 0.218 0.2015 0.2015 0.2015 0.219 0.219 0.2345 0.2345 0.222 0.222 0.222 0.268 0.268 0.2615 0.2615 0.2615 0.2615 0.2615 0.263 0.263 0.2555 0.2555 0.233 0.233 0.24 0.24 0.24 0.2475 0.2475 0.227 0.227 0.223 0.223 0.223 0.211 0.211 0.2155 0.2155 0.218 0.218 0.218 0.2125 0.2125 0.221 0.221 0.236 0.236 0.236 0.237 0.237 0.2385 0.2385
0.205 0.177 0.177 0.1795 0.1795 0.1795 0.17 0.17 0.228 0.228 0.2135 0.2135 0.268 0.268 0.268 0.263 0.263 0.2435 0.2435 0.2255 0.2255 0.2255 0.242 0.242 0.218 0.218 0.2015 0.2015 0.2015 0.219 0.219 0.2345 0.2345 0.222 0.222 0.222 0.268 0.268 0.2615 0.2615 0.2615 0.2615 0.2615 0.263 0.263 0.2555 0.2555 0.233 0.233 0.24 0.24 0.24 0.2475 0.2475 0.227 0.227 0.223 0.223 0.223 0.211 0.211 0.2155 0.2155 0.218 0.218 0.218 0.2125 0.2125 0.221 0.221 0.236 0.236 0.236 0.237 0.237 0.2385 0.2385
0.19 0.184 0.184 0.1965 0.1965 0.1965 0.1925 0.1925 0.203 0.203 0.206 0.206 0.236 0.236 0.236 0.236 0.236 0.248 0.248 0.2315 0.2315 0.2315 0.2245 0.2245 0.2155 0.2155 0.215 0.215 0.215 0.206 0.206 0.2565 0.2565 0.2705 0.2705 0.2705 0.2585 0.2585 0.255 0.255 0.247 0.247 0.247 0.246 0.246 0.261 0.261 0.2515 0.2515 0.224 0.224 0.224 0.207 0.207 0.221 0.221 0.211 0.211 0.211 0.219 0.219 0.216 0.216 0.219 0.219 0.219 0.223 0.223 0.2325 0.2325 0.2495 0.2495 0.2495 0.246 0.246 0.246 0.246
0.19 0.184 0.184 0.1965 0.1965 0.1965 0.1925 0.1925 0.203 0.203 0.206 0.206 0.236 0.236 0.236 0.236 0.236 0.248 0.248 0.2315 0.2315 0.2315 0.2245 0.2245 0.2155 0.2155 0.215 0.215 0.215 0.206 0.206 0.2565 0.2565 0.2705 0.2705 0.2705 0.2585 0.2585 0.255 0.255 0.247 0.247 0.247 0.246 0.246 0.261 0.261 0.2515 0.2515 0.224 0.224 0.224 0.207 0.207 0.221 0.221 0.211 0.211 0.211 0.219 0.219 0.216 0.216 0.219 0.219 0.219 0.223 0.223 0.2325 0.2325 0.2495 0.2495 0.2495 0.246 0.246 0.246 0.246
0.19 0.184 0.184 0.1965 0.1965 0.1965 0.1925 0.1925 0.203 0.203 0.206 0.206 0.236 0.236 0.236 0.236 0.236 0.248 0.248 0.2315 0.2315 0.2315 0.2245 0.2245 0.2155 0.2155 0.215 0.215 0.215 0.206 0.206 0.2565 0.2565 0.2705 0.2705 0.2705 0.2585 0.2585 0.255 0.255 0.247 0.247 0.247 0.246 0.246 0.261 0.261 0.2515 0.2515 0.224 0.224 0.224 0.207 0.207 0.221 0.221 0.211 0.211 0.211 0.219 0.219 0.216 0.216 0.219 0.219 0.219 0.223 0.223 0.2325 0.2325 0.2495 0.2495 0.2495 0.246 0.246 0.246 0.246
0.209 0.255 0.255 0.186 0.186 0.186 0.204 0.204 0.2205 0.2205 0.2525 0.2525 0.2415 0.2415 0.2415 0.211 0.211 0.189 0.189 0.196 0.196 0.196 0.198 0.198 0.1995 0.1995 0.2055 0.2055 0.2055 0.2295 0.2295 0.222 0.222 0.252 0.252 0.252 0.2175 0.2175 0.235 0.235 0.2285 0.2285 0.2285 0.2155 0.2155 0.242 0.242 0.244 0.244 0.2275 0.2275 0.2275 0.2095 0.2095 0.2125 0.2125 0.2065 0.2065 0.2065 0.2135 0.2135 0.2125 0.2125 0.2025 0.2025 0.2025 0.215 0.215 0.23 0.23 0.2355 0.2355 0.2355 0.227 0.227 0.238 0.238
0.209 0.255 0.255 0.186 0.186 0.186 0.204 0.204 0.2205 0.2205 0.2525 0.2525 0.2415 0.2415 0.2415 0.211 0.211 0.189 0.189 0.196 0.196 0.196 0.198 0.198 0.1995 0.1995 0.2055 0.2055 0.2055 0.2295 0.2295 0.222 0.222 0.252 0.252 0.252 0.2175 0.2175 0.235 0.235 0.2285 0.2285 0.2285 0.2155 0.2155 0.242 0.242 0.244 0.244 0.2275 0.2275 0.2275 0.2095 0.2095 0.2125 0.2125 0.2065 0.2065 0.2065 0.2135 0.2135 0.2125 0.2125 0.2025 0.2025 0.2025 0.215 0.215 0.23 0.23 0.2355 0.2355 0.2355 0.227 0.227 0.238 0.238
0.241 0.238 0.238 0.2005 0.2005 0.2005 0.199 0.199 0.2265 0.2265 0.2265 0.2265 0.218 0.218 0.218 0.1985 0.1985 0.2085 0.2085 0.2225 0.2225 0.2225 0.219 0.219 0.203 0.203 0.214 0.214 0.214 0.236 0.236 0.2415 0.2415 0.2315 0.2315 0.2315 0.236 0.236 0.233 0.233 0.232 0.232 0.232 0.2155 0.2155 0.213 0.213 0.211 0.211 0.23 0.23 0.23 0.2015 0.2015 0.224 0.224 0.1975 0.1975 0.1975 0.202 0.202 0.214 0.214 0.2085 0.2085 0.2085 0.202 0.202 0.2045 0.2045 0.217 0.217 0.217 0.2035 0.2035 0.212 0.212
0.241 0.238 0.238 0.2005 0.2005 0.2005 0.199 0.199 0.2265 0.2265 0.2265 0.2265 0.218 0.218 0.218 0.1985 0.1985 0.2085 0.2085 0.2225 0.2225 0.2225 0.219 0.219 0.203 0.203 0.214 0.214 0.214 0.236 0.236 0.2415 0.2415 0.2315 0.2315 0.2315 0.236 0.236 0.233 0.233 0.232 0.232 0.232 0.2155 0.2155 0.213 0.213 0.211 0.211 0.23 0.23 0.23 0.2015 0.2015 0.224 0.224 0.1975 0.1975 0.1975 0.202 0.202 0.214 0.214 0.2085 0.2085 0.2085 0.202 0.202 0.2045 0.2045 0.217 0.217 0.217 0.2035 0.2035 0.212 0.212
0.217 0.2235 0.2235 0.2075 0.2075 0.2075 0.188 0.188 0.215 0.215 0.2215 0.2215 0.2235 0.2235 0.2235 0.2145 0.2145 0.2175 0.2175 0.236 0.236 0.236 0.209 0.209 0.209 0.209 0.2225 0.2225 0.2225 0.236 0.236 0.245 0.245 0.235 0.235 0.235 0.2295 0.2295 0.2245 0.2245 0.23 0.23 0.23 0.2255 0.2255 0.218 0.218 0.2215 0.2215 0.2235 0.2235 0.2235 0.204 0.204 0.1975 0.1975 0.1845 0.1845 0.1845 0.2045 0.2045 0.2095 0.2095 0.2125 0.2125 0.2125 0.2025 0.2025 0.1955 0.1955 0.192 0.192 0.192 0.1985 0.1985 0.1985 0.1985
0.217 0.2235 0.2235 0.2075 0.2075 0.2075 0.188 0.188 0.215 0.215 0.2215 0.2215 0.2235 0.2235 0.2235 0.2145 0.2145 0.2175 0.2175 0.236 0.236 0.236 0.209 0.209 0.209 0.209 0.2225 0.2225 0.2225 0.236 0.236 0.245 0.245 0.235 0.235 0.235 0.2295 0.2295 0.2245 0.2245 0.23 0.23 0.23 0.2255 0.2255 0.218 0.218 0.2215 0.2215 0.2235 0.2235 0.2235 0.204 0.204 0.1975 0.1975 0.1845 0.1845 0.1845 0.2045 0.2045 0.2095 0.2095 0.2125 0.2125 0.2125 0.2025 0.2025 0.1955 0.1955 0.192 0.192 0.192 0.1985 0.1985 0.1985 0.1985
0.233 0.214 0.214 0.203 0.203 0.203 0.202 0.202 0.2075 0.2075 0.228 0.228 0.227 0.227 0.227 0.227 0.227 0.2115 0.2115 0.2255 0.2255 0.2255 0.2295 0.2295 0.2135 0.2135 0.225 0.225 0.225 0.249 0.249 0.226 0.226 0.223 0.223 0.223 0.216 0.216 0.211 0.211 0.214 0.214 0.214 0.2265 0.2265 0.239 0.239 0.268 0.268 0.2515 0.2515 0.2515 0.2435 0.2435 0.209 0.209 0.211 0.211 0.211 0.2045 0.2045 0.2 0.2 0.2005 0.2005 0.2005 0.195 0.195 0.199 0.199 0.1815 0.1815 0.1815 0.1895 0.1895 0.183 0.183
0.233 0.214 0.214 0.203 0.203 0.203 0.202 0.202 0.2075 0.2075 0.228 0.228 0.227 0.227 0.227 0.227 0.227 0.2115 0.2115 0.2255 0.2255 0.2255 0.2295 0.2295 0.2135 0.2135 0.225 0.225 0.225 0.249 0.249 0.226 0.226 0.223 0.223 0.223 0.216 0.216 0.211 0.211 0.214 0.214 0.214 0.2265 0.2265 0.239 0.239 0.268 0.268 0.2515 0.2515 0.2515 0.2435 0.2435 0.209 0.209 0.211 0.211 0.211 0.2045 0.2045 0.2 0.2 0.2005 0.2005 0.2005 0.195 0.195 0.199 0.199 0.1815 0.1815 0.1815 0.1895 0.1895 0.183 0.183
