ndvi/NOAA-69.asc
ncols         252
nrows         154
xllcorner     -18.017974
yllcorner     13.481982
cellsize      0.035948
NODATA_value  -9999
[rows 105 to 139 of 154, columns 77 to 153 of 252]
0.493 0.493 0.466 0.466 0.4675 0.4675 0.5415 0.5415 0.5415 0.5195 0.5195 0.5245 0.5245 0.5295 0.5295 0.551 0.551 0.551 0.5615 0.5615 0.545 0.545 0.551 0.551 0.551 0.5295 0.5295 0.498 0.498 0.512 0.512 0.512 0.5319999 0.5319999 0.536 0.536 0.5125 0.5125 0.5125 0.4615 0.4615 0.455 0.455 0.516 0.516 0.516 0.5395 0.5395 0.5655 0.5655 0.5725 0.5725 0.5735 0.5735 0.5735 0.556 0.556 0.522 0.522 0.449 0.449 0.449 0.4555 0.4555 0.433 0.433 0.4145 0.4145 0.4145 0.3815 0.3815 0.4435 0.4435 0.386 0.386 0.386 0.3385
0.4965 0.4965 0.521 0.521 0.497 0.497 0.5835 0.5835 0.5835 0.5415 0.5415 0.561 0.561 0.557 0.557 0.5915 0.5915 0.5915 0.593 0.593 0.5955 0.5955 0.585 0.585 0.585 0.573 0.573 0.5455 0.5455 0.5775 0.5775 0.5775 0.556 0.556 0.4925 0.4925 0.4825 0.4825 0.4825 0.4605 0.4605 0.457 0.457 0.5165 0.5165 0.5165 0.518 0.518 0.549 0.549 0.5225 0.5225 0.5765 0.5765 0.5765 0.5685 0.5685 0.5395 0.5395 0.4965 0.4965 0.4965 0.47 0.47 0.5395 0.5395 0.443 0.443 0.443 0.375 0.375 0.3865 0.3865 0.3605 0.3605 0.3605 0.336
0.4965 0.4965 0.521 0.521 0.497 0.497 0.5835 0.5835 0.5835 0.5415 0.5415 0.561 0.561 0.557 0.557 0.5915 0.5915 0.5915 0.593 0.593 0.5955 0.5955 0.585 0.585 0.585 0.573 0.573 0.5455 0.5455 0.5775 0.5775 0.5775 0.556 0.556 0.4925 0.4925 0.4825 0.4825 0.4825 0.4605 0.4605 0.457 0.457 0.5165 0.5165 0.5165 0.518 0.518 0.549 0.549 0.5225 0.5225 0.5765 0.5765 0.5765 0.5685 0.5685 0.5395 0.5395 0.4965 0.4965 0.4965 0.47 0.47 0.5395 0.5395 0.443 0.443 0.443 0.375 0.375 0.3865 0.3865 0.3605 0.3605 0.3605 0.336
0.5285 0.5285 0.5285 0.5285 0.539 0.539 0.5375 0.5375 0.5375 0.5585 0.5585 0.6035 0.6035 0.593 0.593 0.5695 0.5695 0.5695 0.601 0.601 0.547 0.547 0.5635 0.5635 0.5635 0.565 0.565 0.538 0.538 0.513 0.513 0.513 0.513 0.513 0.5035 0.5035 0.477 0.477 0.477 0.493 0.493 0.4975 0.4975 0.493 0.493 0.493 0.501 0.501 0.5705 0.5705 0.545 0.545 0.5375 0.5375 0.5375 0.579 0.579 0.554 0.554 0.5265 0.5265 0.5265 0.5075 0.5075 0.4925 0.4925 0.482 0.482 0.482 0.4445 0.4445 0.378 0.378 0.3915 0.3915 0.3915 0.3825
0.5285 0.5285 0.5285 0.5285 0.539 0.539 0.5375 0.5375 0.5375 0.5585 0.5585 0.6035 0.6035 0.593 0.593 0.5695 0.5695 0.5695 0.601 0.601 0.547 0.547 0.5635 0.5635 0.5635 0.565 0.565 0.538 0.538 0.513 0.513 0.513 0.513 0.513 0.5035 0.5035 0.477 0.477 0.477 0.493 0.493 0.4975 0.4975 0.493 0.493 0.493 0.501 0.501 0.5705 0.5705 0.545 0.545 0.5375 0.5375 0.5375 0.579 0.579 0.554 0.554 0.5265 0.5265 0.5265 0.5075 0.5075 0.4925 0.4925 0.482 0.482 0.482 0.4445 0.4445 0.378 0.378 0.3915 0.3915 0.3915 0.3825
0.6005 0.6005 0.5595 0.5595 0.5445 0.5445 0.552 0.552 0.552 0.569 0.569 0.5335 0.5335 0.5985 0.5985 0.5445 0.5445 0.5445 0.597 0.597 0.5875 0.5875 0.605 0.605 0.605 0.6075 0.6075 0.544 0.544 0.5385 0.5385 0.5385 0.558 0.558 0.5645 0.5645 0.4495 0.4495 0.4495 0.5175 0.5175 0.56 0.56 0.568 0.568 0.568 0.5785 0.5785 0.578 0.578 0.574 0.574 0.5555 0.5555 0.5555 0.5525 0.5525 0.5875 0.5875 0.6015 0.6015 0.6015 0.5825 0.5825 0.5745 0.5745 0.5695 0.5695 0.5695 0.577 0.577 0.509 0.509 0.4925 0.4925 0.4925 0.442
0.6005 0.6005 0.5595 0.5595 0.5445 0.5445 0.552 0.552 0.552 0.569 0.569 0.5335 0.5335 0.5985 0.5985 0.5445 0.5445 0.5445 0.597 0.597 0.5875 0.5875 0.605 0.605 0.605 0.6075 0.6075 0.544 0.544 0.5385 0.5385 0.5385 0.558 0.558 0.5645 0.5645 0.4495 0.4495 0.4495 0.5175 0.5175 0.56 0.56 0.568 0.568 0.568 0.5785 0.5785 0.578 0.578 0.574 0.574 0.5555 0.5555 0.5555 0.5525 0.5525 0.5875 0.5875 0.6015 0.6015 0.6015 0.5825 0.5825 0.5745 0.5745 0.5695 0.5695 0.5695 0.577 0.577 0.509 0.509 0.4925 0.4925 0.4925 0.442
0.6005 0.6005 0.5595 0.5595 0.5445 0.5445 0.552 0.552 0.552 0.569 0.569 0.5335 0.5335 0.5985 0.5985 0.5445 0.5445 0.5445 0.597 0.597 0.5875 0.5875 0.605 0.605 0.605 0.6075 0.6075 0.544 0.544 0.5385 0.5385 0.5385 0.558 0.558 0.5645 0.5645 0.4495 0.4495 0.4495 0.5175 0.5175 0.56 0.56 0.568 0.568 0.568 0.5785 0.5785 0.578 0.578 0.574 0.574 0.5555 0.5555 0.5555 0.5525 0.5525 0.5875 0.5875 0.6015 0.6015 0.6015 0.5825 0.5825 0.5745 0.5745 0.5695 0.5695 0.5695 0.577 0.577 0.509 0.509 0.4925 0.4925 0.4925 0.442
0.595 0.595 0.631 0.631 0.622 0.622 0.607 0.607 0.607 0.5835 0.5835 0.619 0.619 0.5015 0.5015 0.504 0.504 0.504 0.5015 0.5015 0.593 0.593 0.5905 0.5905 0.5905 0.64 0.64 0.567 0.567 0.572 0.572 0.572 0.6045 0.6045 0.6185 0.6185 0.5905 0.5905 0.5905 0.5085 0.5085 0.573 0.573 0.5805 0.5805 0.5805 0.572 0.572 0.584 0.584 0.573 0.573 0.581 0.581 0.581 0.586 0.586 0.59 0.59 0.596 0.596 0.596 0.5585001 0.5585001 0.553 0.553 0.5535 0.5535 0.5535 0.5625 0.5625 0.577 0.577 0.5435 0.5435 0.5435 0.457
0.595 0.595 0.631 0.631 0.622 0.622 0.607 0.607 0.607 0.5835 0.5835 0.619 0.619 0.5015 0.5015 0.504 0.504 0.504 0.5015 0.5015 0.593 0.593 0.5905 0.5905 0.5905 0.64 0.64 0.567 0.567 0.572 0.572 0.572 0.6045 0.6045 0.6185 0.6185 0.5905 0.5905 0.5905 0.5085 0.5085 0.573 0.573 0.5805 0.5805 0.5805 0.572 0.572 0.584 0.584 0.573 0.573 0.581 0.581 0.581 0.586 0.586 0.59 0.59 0.596 0.596 0.596 0.5585001 0.5585001 0.553 0.553 0.5535 0.5535 0.5535 0.5625 0.5625 0.577 0.577 0.5435 0.5435 0.5435 0.457
0.5805 0.5805 0.618 0.618 0.611 0.611 0.625 0.625 0.625 0.607 0.607 0.6025 0.6025 0.5565 0.5565 0.5485 0.5485 0.5485 0.532 0.532 0.5465 0.5465 0.5915 0.5915 0.5915 0.6345 0.6345 0.593 0.593 0.604 0.604 0.604 0.614 0.614 0.5905 0.5905 0.5455 0.5455 0.5455 0.5205 0.5205 0.559 0.559 0.5475 0.5475 0.5475 0.565 0.565 0.596 0.596 0.594 0.594 0.6125 0.6125 0.6125 0.5845 0.5845 0.572 0.572 0.561 0.561 0.561 0.558 0.558 0.533 0.533 0.587 0.587 0.587 0.5755 0.5755 0.583 0.583 0.5855 0.5855 0.5855 0.5035
0.5805 0.5805 0.618 0.618 0.611 0.611 0.625 0.625 0.625 0.607 0.607 0.6025 0.6025 0.5565 0.5565 0.5485 0.5485 0.5485 0.532 0.532 0.5465 0.5465 0.5915 0.5915 0.5915 0.6345 0.6345 0.593 0.593 0.604 0.604 0.604 0.614 0.614 0.5905 0.5905 0.5455 0.5455 0.5455 0.5205 0.5205 0.559 0.559 0.5475 0.5475 0.5475 0.565 0.565 0.596 0.596 0.594 0.594 0.6125 0.6125 0.6125 0.5845 0.5845 0.572 0.572 0.561 0.561 0.561 0.558 0.558 0.533 0.533 0.587 0.587 0.587 0.5755 0.5755 0.583 0.583 0.5855 0.5855 0.5855 0.5035
0.528 0.528 0.546 0.546 0.5365 0.5365 0.598 0.598 0.598 0.6255 0.6255 0.5595 0.5595 0.5745 0.5745 0.5675 0.5675 0.5675 0.539 0.539 0.5745 0.5745 0.6165 0.6165 0.6165 0.607 0.607 0.557 0.557 0.583 0.583 0.583 0.5995 0.5995 0.618 0.618 0.614 0.614 0.614 0.489 0.489 0.534 0.534 0.564 0.564 0.564 0.5665 0.5665 0.5975 0.5975 0.602 0.602 0.598 0.598 0.598 0.5515 0.5515 0.539 0.539 0.5095 0.5095 0.5095 0.5495 0.5495 0.544 0.544 0.5375 0.5375 0.5375 0.5735 0.5735 0.5664999 0.5664999 0.6025 0.6025 0.6025 0.62
0.528 0.528 0.546 0.546 0.5365 0.5365 0.598 0.598 0.598 0.6255 0.6255 0.5595 0.5595 0.5745 0.5745 0.5675 0.5675 0.5675 0.539 0.539 0.5745 0.5745 0.6165 0.6165 0.6165 0.607 0.607 0.557 0.557 0.583 0.583 0.583 0.5995 0.5995 0.618 0.618 0.614 0.614 0.614 0.489 0.489 0.534 0.534 0.564 0.564 0.564 0.5665 0.5665 0.5975 0.5975 0.602 0.602 0.598 0.598 0.598 0.5515 0.5515 0.539 0.539 0.5095 0.5095 0.5095 0.5495 0.5495 0.544 0.544 0.5375 0.5375 0.5375 0.5735 0.5735 0.5664999 0.5664999 0.6025 0.6025 0.6025 0.62
0.528 0.528 0.546 0.546 0.5365 0.5365 0.598 0.598 0.598 0.6255 0.6255 0.5595 0.5595 0.5745 0.5745 0.5675 0.5675 0.5675 0.539 0.539 0.5745 0.5745 0.6165 0.6165 0.6165 0.607 0.607 0.557 0.557 0.583 0.583 0.583 0.5995 0.5995 0.618 0.618 0.614 0.614 0.614 0.489 0.489 0.534 0.534 0.564 0.564 0.564 0.5665 0.5665 0.5975 0.5975 0.602 0.602 0.598 0.598 0.598 0.5515 0.5515 0.539 0.539 0.5095 0.5095 0.5095 0.5495 0.5495 0.544 0.544 0.5375 0.5375 0.5375 0.5735 0.5735 0.5664999 0.5664999 0.6025 0.6025 0.6025 0.62
0.5465 0.5465 0.505 0.505 0.6095 0.6095 0.5965 0.5965 0.5965 0.621 0.621 0.5735 0.5735 0.5725 0.5725 0.564 0.564 0.564 0.6195 0.6195 0.615 0.615 0.59 0.59 0.59 0.613 0.613 0.5825 0.5825 0.603 0.603 0.603 0.641 0.641 0.6325001 0.6325001 0.6175 0.6175 0.6175 0.5895 0.5895 0.578 0.578 0.5705 0.5705 0.5705 0.5525 0.5525 0.584 0.584 0.618 0.618 0.615 0.615 0.615 0.6125 0.6125 0.6365 0.6365 0.5925 0.5925 0.5925 0.5735 0.5735 0.572 0.572 0.5815 0.5815 0.5815 0.5505 0.5505 0.6085 0.6085 0.5825 0.5825 0.5825 0.587
0.5465 0.5465 0.505 0.505 0.6095 0.6095 0.5965 0.5965 0.5965 0.621 0.621 0.5735 0.5735 0.5725 0.5725 0.564 0.564 0.564 0.6195 0.6195 0.615 0.615 0.59 0.59 0.59 0.613 0.613 0.5825 0.5825 0.603 0.603 0.603 0.641 0.641 0.6325001 0.6325001 0.6175 0.6175 0.6175 0.5895 0.5895 0.578 0.578 0.5705 0.5705 0.5705 0.5525 0.5525 0.584 0.584 0.618 0.618 0.615 0.615 0.615 0.6125 0.6125 0.6365 0.6365 0.5925 0.5925 0.5925 0.5735 0.5735 0.572 0.572 0.5815 0.5815 0.5815 0.5505 0.5505 0.6085 0.6085 0.5825 0.5825 0.5825 0.587
0.5882 0.5882 0.5475 0.5475 0.5815 0.5815 0.5965 0.5965 0.5965 0.608 0.608 0.5745 0.5745 0.5425 0.5425 0.5895 0.5895 0.5895 0.5995 0.5995 0.6155 0.6155 0.5905 0.5905 0.5905 0.5975 0.5975 0.6185 0.6185 0.665 0.665 0.665 0.611 0.611 0.6345 0.6345 0.653 0.653 0.653 0.639 0.639 0.598 0.598 0.579 0.579 0.579 0.5335 0.5335 0.587 0.587 0.592 0.592 0.618 0.618 0.618 0.6515 0.6515 0.641 0.641 0.611 0.611 0.611 0.6295 0.6295 0.6115 0.6115 0.595 0.595 0.595 0.6225 0.6225 0.612 0.612 0.597 0.597 0.597 0.608
0.5882 0.5882 0.5475 0.5475 0.5815 0.5815 0.5965 0.5965 0.5965 0.608 0.608 0.5745 0.5745 0.5425 0.5425 0.5895 0.5895 0.5895 0.5995 0.5995 0.6155 0.6155 0.5905 0.5905 0.5905 0.5975 0.5975 0.6185 0.6185 0.665 0.665 0.665 0.611 0.611 0.6345 0.6345 0.653 0.653 0.653 0.639 0.639 0.598 0.598 0.579 0.579 0.579 0.5335 0.5335 0.587 0.587 0.592 0.592 0.618 0.618 0.618 0.6515 0.6515 0.641 0.641 0.611 0.611 0.611 0.6295 0.6295 0.6115 0.6115 0.595 0.595 0.595 0.6225 0.6225 0.612 0.612 0.597 0.597 0.597 0.608
0.637 0.637 0.5895 0.5895 0.571 0.571 0.6255 0.6255 0.6255 0.5695 0.5695 0.6105 0.6105 0.5965 0.5965 0.583 0.583 0.583 0.5945 0.5945 0.645 0.645 0.652 0.652 0.652 0.601 0.601 0.649 0.649 0.643 0.643 0.643 0.6445 0.6445 0.6545 0.6545 0.657 0.657 0.657 0.602 0.602 0.5895 0.5895 0.587 0.587 0.587 0.5945 0.5945 0.5725 0.5725 0.62 0.62 0.629 0.629 0.629 0.5995 0.5995 0.595 0.595 0.602 0.602 0.602 0.5925 0.5925 0.555 0.555 0.5935 0.5935 0.5935 0.602 0.602 0.565 0.565 0.62 0.62 0.62 0.633
0.637 0.637 0.5895 0.5895 0.571 0.571 0.6255 0.6255 0.6255 0.5695 0.5695 0.6105 0.6105 0.5965 0.5965 0.583 0.583 0.583 0.5945 0.5945 0.645 0.645 0.652 0.652 0.652 0.601 0.601 0.649 0.649 0.643 0.643 0.643 0.6445 0.6445 0.6545 0.6545 0.657 0.657 0.657 0.602 0.602 0.5895 0.5895 0.587 0.587 0.587 0.5945 0.5945 0.5725 0.5725 0.62 0.62 0.629 0.629 0.629 0.5995 0.5995 0.595 0.595 0.602 0.602 0.602 0.5925 0.5925 0.555 0.555 0.5935 0.5935 0.5935 0.602 0.602 0.565 0.565 0.62 0.62 0.62 0.633
0.551 0.551 0.5745 0.5745 0.6025 0.6025 0.613 0.613 0.613 0.601 0.601 0.586 0.586 0.6095 0.6095 0.5855 0.5855 0.5855 0.6345 0.6345 0.6835001 0.6835001 0.642 0.642 0.642 0.641 0.641 0.63 0.63 0.645 0.645 0.645 0.6615 0.6615 0.6735 0.6735 0.6665 0.6665 0.6665 0.6205 0.6205 0.618 0.618 0.636 0.636 0.636 0.6185 0.6185 0.592 0.592 0.58 0.58 0.6435 0.6435 0.6435 0.6195 0.6195 0.5925 0.5925 0.5875 0.5875 0.5875 0.5675 0.5675 0.5735 0.5735 0.5775 0.5775 0.5775 0.5805 0.5805 0.5655 0.5655 0.6015 0.6015 0.6015 0.631
0.551 0.551 0.5745 0.5745 0.6025 0.6025 0.613 0.613 0.613 0.601 0.601 0.586 0.586 0.6095 0.6095 0.5855 0.5855 0.5855 0.6345 0.6345 0.6835001 0.6835001 0.642 0.642 0.642 0.641 0.641 0.63 0.63 0.645 0.645 0.645 0.6615 0.6615 0.6735 0.6735 0.6665 0.6665 0.6665 0.6205 0.6205 0.618 0.618 0.636 0.636 0.636 0.6185 0.6185 0.592 0.592 0.58 0.58 0.6435 0.6435 0.6435 0.6195 0.6195 0.5925 0.5925 0.5875 0.5875 0.5875 0.5675 0.5675 0.5735 0.5735 0.5775 0.5775 0.5775 0.5805 0.5805 0.5655 0.5655 0.6015 0.6015 0.6015 0.631
0.551 0.551 0.5745 0.5745 0.6025 0.6025 0.613 0.613 0.613 0.601 0.601 0.586 0.586 0.6095 0.6095 0.5855 0.5855 0.5855 0.6345 0.6345 0.6835001 0.6835001 0.642 0.642 0.642 0.641 0.641 0.63 0.63 0.645 0.645 0.645 0.6615 0.6615 0.6735 0.6735 0.6665 0.6665 0.6665 0.6205 0.6205 0.618 0.618 0.636 0.636 0.636 0.6185 0.6185 0.592 0.592 0.58 0.58 0.6435 0.6435 0.6435 0.6195 0.6195 0.5925 0.5925 0.5875 0.5875 0.5875 0.5675 0.5675 0.5735 0.5735 0.5775 0.5775 0.5775 0.5805 0.5805 0.5655 0.5655 0.6015 0.6015 0.6015 0.631
0.572 0.572 0.6235 0.6235 0.618 0.618 0.628 0.628 0.628 0.621 0.621 0.608 0.608 0.627 0.627 0.6355 0.6355 0.6355 0.643 0.643 0.6025 0.6025 0.6755 0.6755 0.6755 0.7185 0.7185 0.7 0.7 0.6635 0.6635 0.6635 0.6605 0.6605 0.635 0.635 0.646 0.646 0.646 0.6395 0.6395 0.6385 0.6385 0.6355 0.6355 0.6355 0.619 0.619 0.6125 0.6125 0.6005 0.6005 0.654 0.654 0.654 0.6225 0.6225 0.594 0.594 0.638 0.638 0.638 0.6085 0.6085 0.6125 0.6125 0.631 0.631 0.631 0.624 0.624 0.62 0.62 0.6225 0.6225 0.6225 0.61
0.572 0.572 0.6235 0.6235 0.618 0.618 0.628 0.628 0.628 0.621 0.621 0.608 0.608 0.627 0.627 0.6355 0.6355 0.6355 0.643 0.643 0.6025 0.6025 0.6755 0.6755 0.6755 0.7185 0.7185 0.7 0.7 0.6635 0.6635 0.6635 0.6605 0.6605 0.635 0.635 0.646 0.646 0.646 0.6395 0.6395 0.6385 0.6385 0.6355 0.6355 0.6355 0.619 0.619 0.6125 0.6125 0.6005 0.6005 0.654 0.654 0.654 0.6225 0.6225 0.594 0.594 0.638 0.638 0.638 0.6085 0.6085 0.6125 0.6125 0.631 0.631 0.631 0.624 0.624 0.62 0.62 0.6225 0.6225 0.6225 0.61
0.5955 0.5955 0.5885 0.5885 0.6145 0.6145 0.631 0.631 0.631 0.6404999 0.6404999 0.6575 0.6575 0.6495 0.6495 0.665 0.665 0.665 0.647 0.647 0.6605 0.6605 0.675 0.675 0.675 0.682 0.682 0.689 0.689 0.6695 0.6695 0.6695 0.6815 0.6815 0.642 0.642 0.6315 0.6315 0.6315 0.621 0.621 0.6455 0.6455 0.6075 0.6075 0.6075 0.6355 0.6355 0.639 0.639 0.6755 0.6755 0.674 0.674 0.674 0.641 0.641 0.641 0.641 0.666 0.666 0.666 0.6585 0.6585 0.6685 0.6685 0.68 0.68 0.68 0.673 0.673 0.6685 0.6685 0.676 0.676 0.676 0.6684999
0.5955 0.5955 0.5885 0.5885 0.6145 0.6145 0.631 0.631 0.631 0.6404999 0.6404999 0.6575 0.6575 0.6495 0.6495 0.665 0.665 0.665 0.647 0.647 0.6605 0.6605 0.675 0.675 0.675 0.682 0.682 0.689 0.689 0.6695 0.6695 0.6695 0.6815 0.6815 0.642 0.642 0.6315 0.6315 0.6315 0.621 0.621 0.6455 0.6455 0.6075 0.6075 0.6075 0.6355 0.6355 0.639 0.639 0.6755 0.6755 0.674 0.674 0.674 0.641 0.641 0.641 0.641 0.666 0.666 0.666 0.6585 0.6585 0.6685 0.6685 0.68 0.68 0.68 0.673 0.673 0.6685 0.6685 0.676 0.676 0.676 0.6684999
0.56 0.56 0.595 0.595 0.658 0.658 0.6475 0.6475 0.6475 0.66 0.66 0.6305 0.6305 0.642 0.642 0.6289999 0.6289999 0.6289999 0.612 0.612 0.695 0.695 0.7045 0.7045 0.7045 0.693 0.693 0.684 0.684 0.6635 0.6635 0.6635 0.7 0.7 0.639 0.639 0.6975 0.6975 0.6975 0.646 0.646 0.647 0.647 0.6125 0.6125 0.6125 0.6055 0.6055 0.655 0.655 0.664 0.664 0.693 0.693 0.693 0.7035 0.7035 0.7205 0.7205 0.675 0.675 0.675 0.691 0.691 0.666 0.666 0.6885 0.6885 0.6885 0.7045 0.7045 0.682 0.682 0.6655 0.6655 0.6655 0.6395
0.56 0.56 0.595 0.595 0.658 0.658 0.6475 0.6475 0.6475 0.66 0.66 0.6305 0.6305 0.642 0.642 0.6289999 0.6289999 0.6289999 0.612 0.612 0.695 0.695 0.7045 0.7045 0.7045 0.693 0.693 0.684 0.684 0.6635 0.6635 0.6635 0.7 0.7 0.639 0.639 0.6975 0.6975 0.6975 0.646 0.646 0.647 0.647 0.6125 0.6125 0.6125 0.6055 0.6055 0.655 0.655 0.664 0.664 0.693 0.693 0.693 0.7035 0.7035 0.7205 0.7205 0.675 0.675 0.675 0.691 0.691 0.666 0.666 0.6885 0.6885 0.6885 0.7045 0.7045 0.682 0.682 0.6655 0.6655 0.6655 0.6395
0.56 0.56 0.595 0.595 0.658 0.658 0.6475 0.6475 0.6475 0.66 0.66 0.6305 0.6305 0.642 0.642 0.6289999 0.6289999 0.6289999 0.612 0.612 0.695 0.695 0.7045 0.7045 0.7045 0.693 0.693 0.684 0.684 0.6635 0.6635 0.6635 0.7 0.7 0.639 0.639 0.6975 0.6975 0.6975 0.646 0.646 0.647 0.647 0.6125 0.6125 0.6125 0.6055 0.6055 0.655 0.655 0.664 0.664 0.693 0.693 0.693 0.7035 0.7035 0.7205 0.7205 0.675 0.675 0.675 0.691 0.691 0.666 0.666 0.6885 0.6885 0.6885 0.7045 0.7045 0.682 0.682 0.6655 0.6655 0.6655 0.6395
0.555 0.555 0.609 0.609 0.6855 0.6855 0.649 0.649 0.649 0.617 0.617 0.5875 0.5875 0.5845 0.5845 0.595 0.595 0.595 0.6355 0.6355 0.6355 0.6355 0.6755 0.6755 0.6755 0.682 0.682 0.7025 0.7025 0.657 0.657 0.657 0.69 0.69 0.659 0.659 0.686 0.686 0.686 0.691 0.691 0.6845 0.6845 0.661 0.661 0.661 0.6305 0.6305 0.628 0.628 0.6735 0.6735 0.7035 0.7035 0.7035 0.722 0.722 0.7355 0.7355 0.731 0.731 0.731 0.695 0.695 0.688 0.688 0.669 0.669 0.669 0.6625 0.6625 0.675 0.675 0.679 0.679 0.679 0.625
0.555 0.555 0.609 0.609 0.6855 0.6855 0.649 0.649 0.649 0.617 0.617 0.5875 0.5875 0.5845 0.5845 0.595 0.595 0.595 0.6355 0.6355 0.6355 0.6355 0.6755 0.6755 0.6755 0.682 0.682 0.7025 0.7025 0.657 0.657 0.657 0.69 0.69 0.659 0.659 0.686 0.686 0.686 0.691 0.691 0.6845 0.6845 0.661 0.661 0.661 0.6305 0.6305 0.628 0.628 0.6735 0.6735 0.7035 0.7035 0.7035 0.722 0.722 0.7355 0.7355 0.731 0.731 0.731 0.695 0.695 0.688 0.688 0.669 0.669 0.669 0.6625 0.6625 0.675 0.675 0.679 0.679 0.679 0.625
0.614 0.614 0.638 0.638 0.609 0.609 0.611 0.611 0.611 0.613 0.613 0.548 0.548 0.584 0.584 0.62 0.62 0.62 0.654 0.654 0.634 0.634 0.6595 0.6595 0.6595 0.6755 0.6755 0.6955 0.6955 0.664 0.664 0.664 0.663 0.663 0.6965 0.6965 0.7105 0.7105 0.7105 0.6725 0.6725 0.6585 0.6585 0.671 0.671 0.671 0.6165 0.6165 0.659 0.659 0.678 0.678 0.692 0.692 0.692 0.7585 0.7585 0.762 0.762 0.7215 0.7215 0.7215 0.7075 0.7075 0.669 0.669 0.6075 0.6075 0.6075 0.6425 0.6425 0.6545 0.6545 0.685 0.685 0.685 0.6675
0.614 0.614 0.638 0.638 0.609 0.609 0.611 0.611 0.611 0.613 0.613 0.548 0.548 0.584 0.584 0.62 0.62 0.62 0.654 0.654 0.634 0.634 0.6595 0.6595 0.6595 0.6755 0.6755 0.6955 0.6955 0.664 0.664 0.664 0.663 0.663 0.6965 0.6965 0.7105 0.7105 0.7105 0.6725 0.6725 0.6585 0.6585 0.671 0.671 0.671 0.6165 0.6165 0.659 0.659 0.678 0.678 0.692 0.692 0.692 0.7585 0.7585 0.762 0.762 0.7215 0.7215 0.7215 0.7075 0.7075 0.669 0.669 0.6075 0.6075 0.6075 0.6425 0.6425 0.6545 0.6545 0.685 0.685 0.685 0.6675
