ndvi/NOAA-317.asc
ncols         252
nrows         154
xllcorner     -18.017974
yllcorner     13.481982
cellsize      0.035948
NODATA_value  -9999
[rows 34 to 67 of 154, columns 156 to 233 of 252]
0.1245 0.1325 0.1325 0.1325 0.128 0.128 0.116 0.116 0.1285 0.1285 0.101 0.101 0.101 0.12 0.12 0.12 0.12 0.115 0.115 0.115 0.0995 0.0995 0.1075 0.1075 0.131 0.131 0.131 0.116 0.116 0.1105 0.1105 0.1145 0.1145 0.1145 0.115 0.115 0.1315 0.1315 0.113 0.113 0.113 0.094 0.094 0.1115 0.1115 0.1175 0.1175 0.137 0.137 0.137 0.115 0.115 0.131 0.131 0.111 0.111 0.111 0.115 0.115 0.112 0.112 0.121 0.121 0.121 0.12 0.12 0.116 0.116 0.1105 0.1105 0.1105 0.1035 0.1035 0.109 0.109 0.108 0.108 0.108
0.1245 0.1325 0.1325 0.1325 0.128 0.128 0.116 0.116 0.1285 0.1285 0.101 0.101 0.101 0.12 0.12 0.12 0.12 0.115 0.115 0.115 0.0995 0.0995 0.1075 0.1075 0.131 0.131 0.131 0.116 0.116 0.1105 0.1105 0.1145 0.1145 0.1145 0.115 0.115 0.1315 0.1315 0.113 0.113 0.113 0.094 0.094 0.1115 0.1115 0.1175 0.1175 0.137 0.137 0.137 0.115 0.115 0.131 0.131 0.111 0.111 0.111 0.115 0.115 0.112 0.112 0.121 0.121 0.121 0.12 0.12 0.116 0.116 0.1105 0.1105 0.1105 0.1035 0.1035 0.109 0.109 0.108 0.108 0.108
0.1245 0.1325 0.1325 0.1325 0.128 0.128 0.116 0.116 0.1285 0.1285 0.101 0.101 0.101 0.12 0.12 0.12 0.12 0.115 0.115 0.115 0.0995 0.0995 0.1075 0.1075 0.131 0.131 0.131 0.116 0.116 0.1105 0.1105 0.1145 0.1145 0.1145 0.115 0.115 0.1315 0.1315 0.113 0.113 0.113 0.094 0.094 0.1115 0.1115 0.1175 0.1175 0.137 0.137 0.137 0.115 0.115 0.131 0.131 0.111 0.111 0.111 0.115 0.115 0.112 0.112 0.121 0.121 0.121 0.12 0.12 0.116 0.116 0.1105 0.1105 0.1105 0.1035 0.1035 0.109 0.109 0.108 0.108 0.108
0.1215 0.106 0.106 0.106 0.107 0.107 0.124 0.124 0.111 0.111 0.119 0.119 0.119 0.102 0.102 0.111 0.111 0.111 0.111 0.111 0.1105 0.1105 0.114 0.114 0.1295 0.1295 0.1295 0.129 0.129 0.1135 0.1135 0.1095 0.1095 0.1095 0.1465 0.1465 0.1225 0.1225 0.1285 0.1285 0.1285 0.115 0.115 0.1155 0.1155 0.128 0.128 0.138 0.138 0.138 0.111 0.111 0.124 0.124 0.125 0.125 0.125 0.1295 0.1295 0.122 0.122 0.1185 0.1185 0.1185 0.1155 0.1155 0.111 0.111 0.122 0.122 0.122 0.1185 0.1185 0.115 0.115 0.1065 0.1065 0.1065
0.1215 0.106 0.106 0.106 0.107 0.107 0.124 0.124 0.111 0.111 0.119 0.119 0.119 0.102 0.102 0.111 0.111 0.111 0.111 0.111 0.1105 0.1105 0.114 0.114 0.1295 0.1295 0.1295 0.129 0.129 0.1135 0.1135 0.1095 0.1095 0.1095 0.1465 0.1465 0.1225 0.1225 0.1285 0.1285 0.1285 0.115 0.115 0.1155 0.1155 0.128 0.128 0.138 0.138 0.138 0.111 0.111 0.124 0.124 0.125 0.125 0.125 0.1295 0.1295 0.122 0.122 0.1185 0.1185 0.1185 0.1155 0.1155 0.111 0.111 0.122 0.122 0.122 0.1185 0.1185 0.115 0.115 0.1065 0.1065 0.1065
0.12 0.122 0.122 0.122 0.1195 0.1195 0.1315 0.1315 0.1205 0.1205 0.12 0.12 0.12 0.1245 0.1245 0.1075 0.1075 0.1135 0.1135 0.1135 0.1075 0.1075 0.1265 0.1265 0.122 0.122 0.122 0.118 0.118 0.129 0.129 0.1225 0.1225 0.1225 0.1275 0.1275 0.1375 0.1375 0.1315 0.1315 0.1315 0.117 0.117 0.1225 0.1225 0.1465 0.1465 0.1335 0.1335 0.1335 0.1315 0.1315 0.1205 0.1205 0.1215 0.1215 0.1215 0.135 0.135 0.145 0.145 0.1295 0.1295 0.1295 0.118 0.118 0.118 0.118 0.1265 0.1265 0.1265 0.1325 0.1325 0.123 0.123 0.114 0.114 0.114
0.12 0.122 0.122 0.122 0.1195 0.1195 0.1315 0.1315 0.1205 0.1205 0.12 0.12 0.12 0.1245 0.1245 0.1075 0.1075 0.1135 0.1135 0.1135 0.1075 0.1075 0.1265 0.1265 0.122 0.122 0.122 0.118 0.118 0.129 0.129 0.1225 0.1225 0.1225 0.1275 0.1275 0.1375 0.1375 0.1315 0.1315 0.1315 0.117 0.117 0.1225 0.1225 0.1465 0.1465 0.1335 0.1335 0.1335 0.1315 0.1315 0.1205 0.1205 0.1215 0.1215 0.1215 0.135 0.135 0.145 0.145 0.1295 0.1295 0.1295 0.118 0.118 0.118 0.118 0.1265 0.1265 0.1265 0.1325 0.1325 0.123 0.123 0.114 0.114 0.114
0.1285 0.1305 0.1305 0.1305 0.1215 0.1215 0.126 0.126 0.1035 0.1035 0.1305 0.1305 0.1305 0.124 0.124 0.1185 0.1185 0.136 0.136 0.136 0.142 0.142 0.1465 0.1465 0.1415 0.1415 0.1415 0.147 0.147 0.142 0.142 0.1325 0.1325 0.1325 0.134 0.134 0.15 0.15 0.1475 0.1475 0.1475 0.146 0.146 0.138 0.138 0.123 0.123 0.1435 0.1435 0.1435 0.123 0.123 0.128 0.128 0.1265 0.1265 0.1265 0.136 0.136 0.139 0.139 0.1395 0.1395 0.1395 0.1355 0.1355 0.1555 0.1555 0.13 0.13 0.13 0.1285 0.1285 0.1305 0.1305 0.12 0.12 0.12
0.1285 0.1305 0.1305 0.1305 0.1215 0.1215 0.126 0.126 0.1035 0.1035 0.1305 0.1305 0.1305 0.124 0.124 0.1185 0.1185 0.136 0.136 0.136 0.142 0.142 0.1465 0.1465 0.1415 0.1415 0.1415 0.147 0.147 0.142 0.142 0.1325 0.1325 0.1325 0.134 0.134 0.15 0.15 0.1475 0.1475 0.1475 0.146 0.146 0.138 0.138 0.123 0.123 0.1435 0.1435 0.1435 0.123 0.123 0.128 0.128 0.1265 0.1265 0.1265 0.136 0.136 0.139 0.139 0.1395 0.1395 0.1395 0.1355 0.1355 0.1555 0.1555 0.13 0.13 0.13 0.1285 0.1285 0.1305 0.1305 0.12 0.12 0.12
0.1285 0.1305 0.1305 0.1305 0.1215 0.1215 0.126 0.126 0.1035 0.1035 0.1305 0.1305 0.1305 0.124 0.124 0.1185 0.1185 0.136 0.136 0.136 0.142 0.142 0.1465 0.1465 0.1415 0.1415 0.1415 0.147 0.147 0.142 0.142 0.1325 0.1325 0.1325 0.134 0.134 0.15 0.15 0.1475 0.1475 0.1475 0.146 0.146 0.138 0.138 0.123 0.123 0.1435 0.1435 0.1435 0.123 0.123 0.128 0.128 0.1265 0.1265 0.1265 0.136 0.136 0.139 0.139 0.1395 0.1395 0.1395 0.1355 0.1355 0.1555 0.1555 0.13 0.13 0.13 0.1285 0.1285 0.1305 0.1305 0.12 0.12 0.12
0.1305 0.134 0.134 0.134 0.113 0.113 0.123 0.123 0.1315 0.1315 0.1485 0.1485 0.1485 0.1325 0.1325 0.1855 0.1855 0.1495 0.1495 0.1495 0.143 0.143 0.137 0.137 0.154 0.154 0.154 0.1445 0.1445 0.1515 0.1515 0.1485 0.1485 0.1485 0.1425 0.1425 0.1315 0.1315 0.138 0.138 0.138 0.1315 0.1315 0.1355 0.1355 0.141 0.141 0.136 0.136 0.136 0.1445 0.1445 0.1335 0.1335 0.1315 0.1315 0.1315 0.1375 0.1375 0.1465 0.1465 0.1525 0.1525 0.1525 0.141 0.141 0.1435 0.1435 0.133 0.133 0.133 0.1395 0.1395 0.136 0.136 0.126 0.126 0.126
0.1305 0.134 0.134 0.134 0.113 0.113 0.123 0.123 0.1315 0.1315 0.1485 0.1485 0.1485 0.1325 0.1325 0.1855 0.1855 0.1495 0.1495 0.1495 0.143 0.143 0.137 0.137 0.154 0.154 0.154 0.1445 0.1445 0.1515 0.1515 0.1485 0.1485 0.1485 0.1425 0.1425 0.1315 0.1315 0.138 0.138 0.138 0.1315 0.1315 0.1355 0.1355 0.141 0.141 0.136 0.136 0.136 0.1445 0.1445 0.1335 0.1335 0.1315 0.1315 0.1315 0.1375 0.1375 0.1465 0.1465 0.1525 0.1525 0.1525 0.141 0.141 0.1435 0.1435 0.133 0.133 0.133 0.1395 0.1395 0.136 0.136 0.126 0.126 0.126
0.1745 0.1765 0.1765 0.1765 0.1755 0.1755 0.1995 0.1995 0.195 0.195 0.1735 0.1735 0.1735 0.195 0.195 0.1785 0.1785 0.18 0.18 0.18 0.1695 0.1695 0.1385 0.1385 0.149 0.149 0.149 0.152 0.152 0.1485 0.1485 0.148 0.148 0.148 0.1465 0.1465 0.146 0.146 0.1545 0.1545 0.1545 0.1595 0.1595 0.1685 0.1685 0.1735 0.1735 0.147 0.147 0.147 0.144 0.144 0.141 0.141 0.151 0.151 0.151 0.166 0.166 0.1665 0.1665 0.183 0.183 0.183 0.169 0.169 0.1395 0.1395 0.141 0.141 0.141 0.1335 0.1335 0.1475 0.1475 0.1445 0.1445 0.1445
0.1745 0.1765 0.1765 0.1765 0.1755 0.1755 0.1995 0.1995 0.195 0.195 0.1735 0.1735 0.1735 0.195 0.195 0.1785 0.1785 0.18 0.18 0.18 0.1695 0.1695 0.1385 0.1385 0.149 0.149 0.149 0.152 0.152 0.1485 0.1485 0.148 0.148 0.148 0.1465 0.1465 0.146 0.146 0.1545 0.1545 0.1545 0.1595 0.1595 0.1685 0.1685 0.1735 0.1735 0.147 0.147 0.147 0.144 0.144 0.141 0.141 0.151 0.151 0.151 0.166 0.166 0.1665 0.1665 0.183 0.183 0.183 0.169 0.169 0.1395 0.1395 0.141 0.141 0.141 0.1335 0.1335 0.1475 0.1475 0.1445 0.1445 0.1445
0.1555 0.184 0.184 0.184 0.201 0.201 0.2155 0.2155 0.2095 0.2095 0.195 0.195 0.195 0.179 0.179 0.19 0.19 0.159 0.159 0.159 0.172 0.172 0.1685 0.1685 0.1645 0.1645 0.1645 0.16 0.16 0.1395 0.1395 0.163 0.163 0.163 0.1645 0.1645 0.1735 0.1735 0.1755 0.1755 0.1755 0.1525 0.1525 0.148 0.148 0.151 0.151 0.147 0.147 0.147 0.12 0.12 0.1495 0.1495 0.179 0.179 0.179 0.154 0.154 0.166 0.166 0.1475 0.1475 0.1475 0.146 0.146 0.145 0.145 0.15 0.15 0.15 0.138 0.138 0.1415 0.1415 0.155 0.155 0.155
0.1555 0.184 0.184 0.184 0.201 0.201 0.2155 0.2155 0.2095 0.2095 0.195 0.195 0.195 0.179 0.179 0.19 0.19 0.159 0.159 0.159 0.172 0.172 0.1685 0.1685 0.1645 0.1645 0.1645 0.16 0.16 0.1395 0.1395 0.163 0.163 0.163 0.1645 0.1645 0.1735 0.1735 0.1755 0.1755 0.1755 0.1525 0.1525 0.148 0.148 0.151 0.151 0.147 0.147 0.147 0.12 0.12 0.1495 0.1495 0.179 0.179 0.179 0.154 0.154 0.166 0.166 0.1475 0.1475 0.1475 0.146 0.146 0.145 0.145 0.15 0.15 0.15 0.138 0.138 0.1415 0.1415 0.155 0.155 0.155
0.1555 0.184 0.184 0.184 0.201 0.201 0.2155 0.2155 0.2095 0.2095 0.195 0.195 0.195 0.179 0.179 0.19 0.19 0.159 0.159 0.159 0.172 0.172 0.1685 0.1685 0.1645 0.1645 0.1645 0.16 0.16 0.1395 0.1395 0.163 0.163 0.163 0.1645 0.1645 0.1735 0.1735 0.1755 0.1755 0.1755 0.1525 0.1525 0.148 0.148 0.151 0.151 0.147 0.147 0.147 0.12 0.12 0.1495 0.1495 0.179 0.179 0.179 0.154 0.154 0.166 0.166 0.1475 0.1475 0.1475 0.146 0.146 0.145 0.145 0.15 0.15 0.15 0.138 0.138 0.1415 0.1415 0.155 0.155 0.155
0.1525 0.1925 0.1925 0.1925 0.197 0.197 0.215 0.215 0.212 0.212 0.197 0.197 0.197 0.1815 0.1815 0.168 0.168 0.1505 0.1505 0.1505 0.1585 0.1585 0.18 0.18 0.1645 0.1645 0.1645 0.1755 0.1755 0.163 0.163 0.153 0.153 0.153 0.1445 0.1445 0.1575 0.1575 0.176 0.176 0.176 0.1475 0.1475 0.1495 0.1495 0.146 0.146 0.122 0.122 0.122 0.115 0.115 0.1415 0.1415 0.1515 0.1515 0.1515 0.174 0.174 0.15 0.15 0.1545 0.1545 0.1545 0.1645 0.1645 0.146 0.146 0.159 0.159 0.159 0.147 0.147 0.147 0.147 0.1585 0.1585 0.1585
0.1525 0.1925 0.1925 0.1925 0.197 0.197 0.215 0.215 0.212 0.212 0.197 0.197 0.197 0.1815 0.1815 0.168 0.168 0.1505 0.1505 0.1505 0.1585 0.1585 0.18 0.18 0.1645 0.1645 0.1645 0.1755 0.1755 0.163 0.163 0.153 0.153 0.153 0.1445 0.1445 0.1575 0.1575 0.176 0.176 0.176 0.1475 0.1475 0.1495 0.1495 0.146 0.146 0.122 0.122 0.122 0.115 0.115 0.1415 0.1415 0.1515 0.1515 0.1515 0.174 0.174 0.15 0.15 0.1545 0.1545 0.1545 0.1645 0.1645 0.146 0.146 0.159 0.159 0.159 0.147 0.147 0.147 0.147 0.1585 0.1585 0.1585
0.153 0.195 0.195 0.195 0.194 0.194 0.2 0.2 0.215 0.215 0.217 0.217 0.217 0.183 0.183 0.187 0.187 0.172 0.172 0.172 0.18 0.18 0.2005 0.2005 0.205 0.205 0.205 0.2195 0.2195 0.1945 0.1945 0.22 0.22 0.22 0.1955 0.1955 0.188 0.188 0.176 0.176 0.176 0.166 0.166 0.1465 0.1465 0.1595 0.1595 0.1275 0.1275 0.1275 0.129 0.129 0.175 0.175 0.187 0.187 0.187 0.1705 0.1705 0.1555 0.1555 0.2115 0.2115 0.2115 0.1695 0.1695 0.1845 0.1845 0.1745 0.1745 0.1745 0.1835 0.1835 0.174 0.174 0.183 0.183 0.183
0.153 0.195 0.195 0.195 0.194 0.194 0.2 0.2 0.215 0.215 0.217 0.217 0.217 0.183 0.183 0.187 0.187 0.172 0.172 0.172 0.18 0.18 0.2005 0.2005 0.205 0.205 0.205 0.2195 0.2195 0.1945 0.1945 0.22 0.22 0.22 0.1955 0.1955 0.188 0.188 0.176 0.176 0.176 0.166 0.166 0.1465 0.1465 0.1595 0.1595 0.1275 0.1275 0.1275 0.129 0.129 0.175 0.175 0.187 0.187 0.187 0.1705 0.1705 0.1555 0.1555 0.2115 0.2115 0.2115 0.1695 0.1695 0.1845 0.1845 0.1745 0.1745 0.1745 0.1835 0.1835 0.174 0.174 0.183 0.183 0.183
0.1535 0.204 0.204 0.204 0.19 0.19 0.213 0.213 0.209 0.209 0.201 0.201 0.201 0.212 0.212 0.21 0.21 0.223 0.223 0.223 0.2175 0.2175 0.2425 0.2425 0.2165 0.2165 0.2165 0.2205 0.2205 0.213 0.213 0.209 0.209 0.209 0.186 0.186 0.187 0.187 0.1795 0.1795 0.1795 0.155 0.155 0.149 0.149 0.154 0.154 0.152 0.152 0.152 0.144 0.144 0.1535 0.1535 0.1625 0.1625 0.1625 0.1825 0.1825 0.1875 0.1875 0.185 0.185 0.185 0.184 0.184 0.1685 0.1685 0.1715 0.1715 0.1715 0.17 0.17 0.1695 0.1695 0.1695 0.1695 0.1695
0.1535 0.204 0.204 0.204 0.19 0.19 0.213 0.213 0.209 0.209 0.201 0.201 0.201 0.212 0.212 0.21 0.21 0.223 0.223 0.223 0.2175 0.2175 0.2425 0.2425 0.2165 0.2165 0.2165 0.2205 0.2205 0.213 0.213 0.209 0.209 0.209 0.186 0.186 0.187 0.187 0.1795 0.1795 0.1795 0.155 0.155 0.149 0.149 0.154 0.154 0.152 0.152 0.152 0.144 0.144 0.1535 0.1535 0.1625 0.1625 0.1625 0.1825 0.1825 0.1875 0.1875 0.185 0.185 0.185 0.184 0.184 0.1685 0.1685 0.1715 0.1715 0.1715 0.17 0.17 0.1695 0.1695 0.1695 0.1695 0.1695
0.1525 0.1515 0.1515 0.1515 0.195 0.195 0.2015 0.2015 0.191 0.191 0.199 0.199 0.199 0.205 0.205 0.2155 0.2155 0.2175 0.2175 0.2175 0.2155 0.2155 0.2285 0.2285 0.213 0.213 0.213 0.21 0.21 0.1895 0.1895 0.1895 0.1895 0.1895 0.179 0.179 0.177 0.177 0.1795 0.1795 0.1795 0.1445 0.1445 0.1565 0.1565 0.138 0.138 0.1425 0.1425 0.1425 0.1485 0.1485 0.1435 0.1435 0.1515 0.1515 0.1515 0.155 0.155 0.1775 0.1775 0.1855 0.1855 0.1855 0.186 0.186 0.175 0.175 0.169 0.169 0.169 0.175 0.175 0.182 0.182 0.1785 0.1785 0.1785
0.1525 0.1515 0.1515 0.1515 0.195 0.195 0.2015 0.2015 0.191 0.191 0.199 0.199 0.199 0.205 0.205 0.2155 0.2155 0.2175 0.2175 0.2175 0.2155 0.2155 0.2285 0.2285 0.213 0.213 0.213 0.21 0.21 0.1895 0.1895 0.1895 0.1895 0.1895 0.179 0.179 0.177 0.177 0.1795 0.1795 0.1795 0.1445 0.1445 0.1565 0.1565 0.138 0.138 0.1425 0.1425 0.1425 0.1485 0.1485 0.1435 0.1435 0.1515 0.1515 0.1515 0.155 0.155 0.1775 0.1775 0.1855 0.1855 0.1855 0.186 0.186 0.175 0.175 0.169 0.169 0.169 0.175 0.175 0.182 0.182 0.1785 0.1785 0.1785
0.1525 0.1515 0.1515 0.1515 0.195 0.195 0.2015 0.2015 0.191 0.191 0.199 0.199 0.199 0.205 0.205 0.2155 0.2155 0.2175 0.2175 0.2175 0.2155 0.2155 0.2285 0.2285 0.213 0.213 0.213 0.21 0.21 0.1895 0.1895 0.1895 0.1895 0.1895 0.179 0.179 0.177 0.177 0.1795 0.1795 0.1795 0.1445 0.1445 0.1565 0.1565 0.138 0.138 0.1425 0.1425 0.1425 0.1485 0.1485 0.1435 0.1435 0.1515 0.1515 0.1515 0.155 0.155 0.1775 0.1775 0.1855 0.1855 0.1855 0.186 0.186 0.175 0.175 0.169 0.169 0.169 0.175 0.175 0.182 0.182 0.1785 0.1785 0.1785
0.164 0.171 0.171 0.171 0.1505 0.1505 0.166 0.166 0.197 0.197 0.1965 0.1965 0.1965 0.195 0.195 0.208 0.208 0.215 0.215 0.215 0.2135 0.2135 0.215 0.215 0.202 0.202 0.202 0.1755 0.1755 0.1785 0.1785 0.174 0.174 0.174 0.1795 0.1795 0.1925 0.1925 0.179 0.179 0.179 0.1905 0.1905 0.147 0.147 0.1505 0.1505 0.161 0.161 0.161 0.1645 0.1645 0.155 0.155 0.162 0.162 0.162 0.157 0.157 0.163 0.163 0.166 0.166 0.166 0.1665 0.1665 0.167 0.167 0.1605 0.1605 0.1605 0.164 0.164 0.178 0.178 0.175 0.175 0.175
0.164 0.171 0.171 0.171 0.1505 0.1505 0.166 0.166 0.197 0.197 0.1965 0.1965 0.1965 0.195 0.195 0.208 0.208 0.215 0.215 0.215 0.2135 0.2135 0.215 0.215 0.202 0.202 0.202 0.1755 0.1755 0.1785 0.1785 0.174 0.174 0.174 0.1795 0.1795 0.1925 0.1925 0.179 0.179 0.179 0.1905 0.1905 0.147 0.147 0.1505 0.1505 0.161 0.161 0.161 0.1645 0.1645 0.155 0.155 0.162 0.162 0.162 0.157 0.157 0.163 0.163 0.166 0.166 0.166 0.1665 0.1665 0.167 0.167 0.1605 0.1605 0.1605 0.164 0.164 0.178 0.178 0.175 0.175 0.175
0.1435 0.1575 0.1575 0.1575 0.159 0.159 0.157 0.157 0.1825 0.1825 0.2005 0.2005 0.2005 0.208 0.208 0.222 0.222 0.2185 0.2185 0.2185 0.2215 0.2215 0.214 0.214 0.1865 0.1865 0.1865 0.176 0.176 0.1875 0.1875 0.1755 0.1755 0.1755 0.1985 0.1985 0.183 0.183 0.167 0.167 0.167 0.173 0.173 0.1595 0.1595 0.1725 0.1725 0.1605 0.1605 0.1605 0.195 0.195 0.17 0.17 0.16 0.16 0.16 0.165 0.165 0.165 0.165 0.1665 0.1665 0.1665 0.1815 0.1815 0.16 0.16 0.1565 0.1565 0.1565 0.1545 0.1545 0.1685 0.1685 0.164 0.164 0.164
0.1435 0.1575 0.1575 0.1575 0.159 0.159 0.157 0.157 0.1825 0.1825 0.2005 0.2005 0.2005 0.208 0.208 0.222 0.222 0.2185 0.2185 0.2185 0.2215 0.2215 0.214 0.214 0.1865 0.1865 0.1865 0.176 0.176 0.1875 0.1875 0.1755 0.1755 0.1755 0.1985 0.1985 0.183 0.183 0.167 0.167 0.167 0.173 0.173 0.1595 0.1595 0.1725 0.1725 0.1605 0.1605 0.1605 0.195 0.195 0.17 0.17 0.16 0.16 0.16 0.165 0.165 0.165 0.165 0.1665 0.1665 0.1665 0.1815 0.1815 0.16 0.16 0.1565 0.1565 0.1565 0.1545 0.1545 0.1685 0.1685 0.164 0.164 0.164
0.179 0.151 0.151 0.151 0.1775 0.1775 0.159 0.159 0.1945 0.1945 0.206 0.206 0.206 0.2105 0.2105 0.217 0.217 0.2185 0.2185 0.2185 0.2155 0.2155 0.205 0.205 0.2035 0.2035 0.2035 0.1745 0.1745 0.1875 0.1875 0.19 0.19 0.19 0.1865 0.1865 0.189 0.189 0.203 0.203 0.203 0.1935 0.1935 0.1655 0.1655 0.1715 0.1715 0.178 0.178 0.178 0.1795 0.1795 0.2165 0.2165 0.1945 0.1945 0.1945 0.176 0.176 0.199 0.199 0.187 0.187 0.187 0.195 0.195 0.168 0.168 0.1665 0.1665 0.1665 0.1725 0.1725 0.173 0.173 0.1695 0.1695 0.1695
0.179 0.151 0.151 0.151 0.1775 0.1775 0.159 0.159 0.1945 0.1945 0.206 0.206 0.206 0.2105 0.2105 0.217 0.217 0.2185 0.2185 0.2185 0.2155 0.2155 0.205 0.205 0.2035 0.2035 0.2035 0.1745 0.1745 0.1875 0.1875 0.19 0.19 0.19 0.1865 0.1865 0.189 0.189 0.203 0.203 0.203 0.1935 0.1935 0.1655 0.1655 0.1715 0.1715 0.178 0.178 0.178 0.1795 0.1795 0.2165 0.2165 0.1945 0.1945 0.1945 0.176 0.176 0.199 0.199 0.187 0.187 0.187 0.195 0.195 0.168 0.168 0.1665 0.1665 0.1665 0.1725 0.1725 0.173 0.173 0.1695 0.1695 0.1695
0.179 0.151 0.151 0.151 0.1775 0.1775 0.159 0.159 0.1945 0.1945 0.206 0.206 0.206 0.2105 0.2105 0.217 0.217 0.2185 0.2185 0.2185 0.2155 0.2155 0.205 0.205 0.2035 0.2035 0.2035 0.1745 0.1745 0.1875 0.1875 0.19 0.19 0.19 0.1865 0.1865 0.189 0.189 0.203 0.203 0.203 0.1935 0.1935 0.1655 0.1655 0.1715 0.1715 0.178 0.178 0.178 0.1795 0.1795 0.2165 0.2165 0.1945 0.1945 0.1945 0.176 0.176 0.199 0.199 0.187 0.187 0.187 0.195 0.195 0.168 0.168 0.1665 0.1665 0.1665 0.1725 0.1725 0.173 0.173 0.1695 0.1695 0.1695
0.166 0.156 0.156 0.156 0.15 0.15 0.2005 0.2005 0.191 0.191 0.21 0.21 0.21 0.2315 0.2315 0.229 0.229 0.2255 0.2255 0.2255 0.209 0.209 0.2225 0.2225 0.185 0.185 0.185 0.193 0.193 0.202 0.202 0.198 0.198 0.198 0.1935 0.1935 0.1895 0.1895 0.1955 0.1955 0.1955 0.1995 0.1995 0.1935 0.1935 0.189 0.189 0.206 0.206 0.206 0.2035 0.2035 0.205 0.205 0.213 0.213 0.213 0.2105 0.2105 0.199 0.199 0.2 0.2 0.2 0.202 0.202 0.202 0.202 0.213 0.213 0.213 0.1985 0.1985 0.1985 0.1985 0.1935 0.1935 0.1935
