ndvi/NOAA-353.asc
ncols         252
nrows         154
xllcorner     -18.017974
yllcorner     13.481982
cellsize      0.035948
NODATA_value  -9999
[rows 35 to 69 of 154, columns 77 to 153 of 252]
0.1465 0.1465 0.1615 0.1615 0.1615 0.1615 0.144 0.144 0.144 0.157 0.157 0.1485 0.1485 0.1315 0.1315 0.145 0.145 0.145 0.1375 0.1375 0.1515 0.1515 0.161 0.161 0.161 0.1625 0.1625 0.165 0.165 0.153 0.153 0.153 0.149 0.149 0.149 0.149 0.16 0.16 0.16 0.1445 0.1445 0.1475 0.1475 0.1555 0.1555 0.1555 0.1425 0.1425 0.1415 0.1415 0.1405 0.1405 0.142 0.142 0.142 0.1525 0.1525 0.1395 0.1395 0.1405 0.1405 0.1405 0.123 0.123 0.1455 0.1455 0.156 0.156 0.156 0.1435 0.1435 0.126 0.126 0.138 0.138 0.138 0.131
0.1465 0.1465 0.1615 0.1615 0.1615 0.1615 0.144 0.144 0.144 0.157 0.157 0.1485 0.1485 0.1315 0.1315 0.145 0.145 0.145 0.1375 0.1375 0.1515 0.1515 0.161 0.161 0.161 0.1625 0.1625 0.165 0.165 0.153 0.153 0.153 0.149 0.149 0.149 0.149 0.16 0.16 0.16 0.1445 0.1445 0.1475 0.1475 0.1555 0.1555 0.1555 0.1425 0.1425 0.1415 0.1415 0.1405 0.1405 0.142 0.142 0.142 0.1525 0.1525 0.1395 0.1395 0.1405 0.1405 0.1405 0.123 0.123 0.1455 0.1455 0.156 0.156 0.156 0.1435 0.1435 0.126 0.126 0.138 0.138 0.138 0.131
0.1565 0.1565 0.1815 0.1815 0.1655 0.1655 0.153 0.153 0.153 0.1615 0.1615 0.1575 0.1575 0.185 0.185 0.128 0.128 0.128 0.1505 0.1505 0.1505 0.1505 0.174 0.174 0.174 0.1825 0.1825 0.163 0.163 0.1655 0.1655 0.1655 0.159 0.159 0.1515 0.1515 0.1605 0.1605 0.1605 0.1415 0.1415 0.155 0.155 0.1755 0.1755 0.1755 0.1545 0.1545 0.1525 0.1525 0.149 0.149 0.152 0.152 0.152 0.152 0.152 0.1855 0.1855 0.1485 0.1485 0.1485 0.1375 0.1375 0.1455 0.1455 0.145 0.145 0.145 0.1185 0.1185 0.063 0.063 0.141 0.141 0.141 0.141
0.1565 0.1565 0.1815 0.1815 0.1655 0.1655 0.153 0.153 0.153 0.1615 0.1615 0.1575 0.1575 0.185 0.185 0.128 0.128 0.128 0.1505 0.1505 0.1505 0.1505 0.174 0.174 0.174 0.1825 0.1825 0.163 0.163 0.1655 0.1655 0.1655 0.159 0.159 0.1515 0.1515 0.1605 0.1605 0.1605 0.1415 0.1415 0.155 0.155 0.1755 0.1755 0.1755 0.1545 0.1545 0.1525 0.1525 0.149 0.149 0.152 0.152 0.152 0.152 0.152 0.1855 0.1855 0.1485 0.1485 0.1485 0.1375 0.1375 0.1455 0.1455 0.145 0.145 0.145 0.1185 0.1185 0.063 0.063 0.141 0.141 0.141 0.141
0.1515 0.1515 0.1535 0.1535 0.18 0.18 0.165 0.165 0.165 0.1485 0.1485 0.158 0.158 0.161 0.161 0.1455 0.1455 0.1455 0.1335 0.1335 0.152 0.152 0.159 0.159 0.159 0.1615 0.1615 0.1625 0.1625 0.1635 0.1635 0.1635 0.168 0.168 0.1805 0.1805 0.1625 0.1625 0.1625 0.167 0.167 0.1625 0.1625 0.188 0.188 0.188 0.164 0.164 0.1565 0.1565 0.175 0.175 0.1895 0.1895 0.1895 0.1905 0.1905 0.1705 0.1705 0.1745 0.1745 0.1745 0.1425 0.1425 0.1315 0.1315 0.1335 0.1335 0.1335 0.0995 0.0995 0.0865 0.0865 0.1135 0.1135 0.1135 0.1015
0.1515 0.1515 0.1535 0.1535 0.18 0.18 0.165 0.165 0.165 0.1485 0.1485 0.158 0.158 0.161 0.161 0.1455 0.1455 0.1455 0.1335 0.1335 0.152 0.152 0.159 0.159 0.159 0.1615 0.1615 0.1625 0.1625 0.1635 0.1635 0.1635 0.168 0.168 0.1805 0.1805 0.1625 0.1625 0.1625 0.167 0.167 0.1625 0.1625 0.188 0.188 0.188 0.164 0.164 0.1565 0.1565 0.175 0.175 0.1895 0.1895 0.1895 0.1905 0.1905 0.1705 0.1705 0.1745 0.1745 0.1745 0.1425 0.1425 0.1315 0.1315 0.1335 0.1335 0.1335 0.0995 0.0995 0.0865 0.0865 0.1135 0.1135 0.1135 0.1015
0.1655 0.1655 0.1515 0.1515 0.156 0.156 0.148 0.148 0.148 0.1565 0.1565 0.1595 0.1595 0.1565 0.1565 0.1715 0.1715 0.1715 0.1535 0.1535 0.1455 0.1455 0.1605 0.1605 0.1605 0.1735 0.1735 0.1785 0.1785 0.177 0.177 0.177 0.176 0.176 0.1805 0.1805 0.167 0.167 0.167 0.17 0.17 0.176 0.176 0.1905 0.1905 0.1905 0.187 0.187 0.184 0.184 0.1765 0.1765 0.2305 0.2305 0.2305 0.1935 0.1935 0.191 0.191 0.1685 0.1685 0.1685 0.132 0.132 0.119 0.119 0.138 0.138 0.138 0.14 0.14 0.115 0.115 0.1345 0.1345 0.1345 0.1465
0.1655 0.1655 0.1515 0.1515 0.156 0.156 0.148 0.148 0.148 0.1565 0.1565 0.1595 0.1595 0.1565 0.1565 0.1715 0.1715 0.1715 0.1535 0.1535 0.1455 0.1455 0.1605 0.1605 0.1605 0.1735 0.1735 0.1785 0.1785 0.177 0.177 0.177 0.176 0.176 0.1805 0.1805 0.167 0.167 0.167 0.17 0.17 0.176 0.176 0.1905 0.1905 0.1905 0.187 0.187 0.184 0.184 0.1765 0.1765 0.2305 0.2305 0.2305 0.1935 0.1935 0.191 0.191 0.1685 0.1685 0.1685 0.132 0.132 0.119 0.119 0.138 0.138 0.138 0.14 0.14 0.115 0.115 0.1345 0.1345 0.1345 0.1465
0.1655 0.1655 0.1515 0.1515 0.156 0.156 0.148 0.148 0.148 0.1565 0.1565 0.1595 0.1595 0.1565 0.1565 0.1715 0.1715 0.1715 0.1535 0.1535 0.1455 0.1455 0.1605 0.1605 0.1605 0.1735 0.1735 0.1785 0.1785 0.177 0.177 0.177 0.176 0.176 0.1805 0.1805 0.167 0.167 0.167 0.17 0.17 0.176 0.176 0.1905 0.1905 0.1905 0.187 0.187 0.184 0.184 0.1765 0.1765 0.2305 0.2305 0.2305 0.1935 0.1935 0.191 0.191 0.1685 0.1685 0.1685 0.132 0.132 0.119 0.119 0.138 0.138 0.138 0.14 0.14 0.115 0.115 0.1345 0.1345 0.1345 0.1465
0.174 0.174 0.1595 0.1595 0.162 0.162 0.1625 0.1625 0.1625 0.161 0.161 0.1485 0.1485 0.1595 0.1595 0.171 0.171 0.171 0.1565 0.1565 0.157 0.157 0.1575 0.1575 0.1575 0.169 0.169 0.171 0.171 0.1755 0.1755 0.1755 0.1835 0.1835 0.2005 0.2005 0.1915 0.1915 0.1915 0.189 0.189 0.1815 0.1815 0.1775 0.1775 0.1775 0.176 0.176 0.166 0.166 0.166 0.166 0.187 0.187 0.187 0.1955 0.1955 0.161 0.161 0.1575 0.1575 0.1575 0.1335 0.1335 0.1315 0.1315 0.1315 0.1315 0.1315 0.128 0.128 0.1245 0.1245 0.12 0.12 0.12 0.1345
0.174 0.174 0.1595 0.1595 0.162 0.162 0.1625 0.1625 0.1625 0.161 0.161 0.1485 0.1485 0.1595 0.1595 0.171 0.171 0.171 0.1565 0.1565 0.157 0.157 0.1575 0.1575 0.1575 0.169 0.169 0.171 0.171 0.1755 0.1755 0.1755 0.1835 0.1835 0.2005 0.2005 0.1915 0.1915 0.1915 0.189 0.189 0.1815 0.1815 0.1775 0.1775 0.1775 0.176 0.176 0.166 0.166 0.166 0.166 0.187 0.187 0.187 0.1955 0.1955 0.161 0.161 0.1575 0.1575 0.1575 0.1335 0.1335 0.1315 0.1315 0.1315 0.1315 0.1315 0.128 0.128 0.1245 0.1245 0.12 0.12 0.12 0.1345
0.1955 0.1955 0.197 0.197 0.172 0.172 0.17 0.17 0.17 0.1675 0.1675 0.138 0.138 0.15 0.15 0.1695 0.1695 0.1695 0.177 0.177 0.1965 0.1965 0.169 0.169 0.169 0.1755 0.1755 0.1755 0.1755 0.182 0.182 0.182 0.1945 0.1945 0.189 0.189 0.174 0.174 0.174 0.1675 0.1675 0.1625 0.1625 0.0935 0.0935 0.0935 0.1155 0.1155 0.187 0.187 0.1725 0.1725 0.167 0.167 0.167 0.175 0.175 0.1805 0.1805 0.163 0.163 0.163 0.14 0.14 0.137 0.137 0.1245 0.1245 0.1245 0.125 0.125 0.1195 0.1195 0.1195 0.1195 0.1195 0.1155
0.1955 0.1955 0.197 0.197 0.172 0.172 0.17 0.17 0.17 0.1675 0.1675 0.138 0.138 0.15 0.15 0.1695 0.1695 0.1695 0.177 0.177 0.1965 0.1965 0.169 0.169 0.169 0.1755 0.1755 0.1755 0.1755 0.182 0.182 0.182 0.1945 0.1945 0.189 0.189 0.174 0.174 0.174 0.1675 0.1675 0.1625 0.1625 0.0935 0.0935 0.0935 0.1155 0.1155 0.187 0.187 0.1725 0.1725 0.167 0.167 0.167 0.175 0.175 0.1805 0.1805 0.163 0.163 0.163 0.14 0.14 0.137 0.137 0.1245 0.1245 0.1245 0.125 0.125 0.1195 0.1195 0.1195 0.1195 0.1195 0.1155
0.202 0.202 0.2025 0.2025 0.1955 0.1955 0.1625 0.1625 0.1625 0.1705 0.1705 0.159 0.159 0.185 0.185 0.188 0.188 0.188 0.1875 0.1875 0.1965 0.1965 0.187 0.187 0.187 0.1725 0.1725 0.1935 0.1935 0.264 0.264 0.264 0.2975 0.2975 0.2075 0.2075 0.114 0.114 0.114 0.115 0.115 0.112 0.112 0.1525 0.1525 0.1525 0.179 0.179 0.1805 0.1805 0.176 0.176 0.17 0.17 0.17 0.191 0.191 0.172 0.172 0.178 0.178 0.178 0.15 0.15 0.148 0.148 0.136 0.136 0.136 0.1195 0.1195 0.1335 0.1335 0.1185 0.1185 0.1185 0.1015
0.202 0.202 0.2025 0.2025 0.1955 0.1955 0.1625 0.1625 0.1625 0.1705 0.1705 0.159 0.159 0.185 0.185 0.188 0.188 0.188 0.1875 0.1875 0.1965 0.1965 0.187 0.187 0.187 0.1725 0.1725 0.1935 0.1935 0.264 0.264 0.264 0.2975 0.2975 0.2075 0.2075 0.114 0.114 0.114 0.115 0.115 0.112 0.112 0.1525 0.1525 0.1525 0.179 0.179 0.1805 0.1805 0.176 0.176 0.17 0.17 0.17 0.191 0.191 0.172 0.172 0.178 0.178 0.178 0.15 0.15 0.148 0.148 0.136 0.136 0.136 0.1195 0.1195 0.1335 0.1335 0.1185 0.1185 0.1185 0.1015
0.202 0.202 0.2025 0.2025 0.1955 0.1955 0.1625 0.1625 0.1625 0.1705 0.1705 0.159 0.159 0.185 0.185 0.188 0.188 0.188 0.1875 0.1875 0.1965 0.1965 0.187 0.187 0.187 0.1725 0.1725 0.1935 0.1935 0.264 0.264 0.264 0.2975 0.2975 0.2075 0.2075 0.114 0.114 0.114 0.115 0.115 0.112 0.112 0.1525 0.1525 0.1525 0.179 0.179 0.1805 0.1805 0.176 0.176 0.17 0.17 0.17 0.191 0.191 0.172 0.172 0.178 0.178 0.178 0.15 0.15 0.148 0.148 0.136 0.136 0.136 0.1195 0.1195 0.1335 0.1335 0.1185 0.1185 0.1185 0.1015
0.196 0.196 0.189 0.189 0.189 0.189 0.1945 0.1945 0.1945 0.196 0.196 0.2 0.2 0.2115 0.2115 0.203 0.203 0.203 0.197 0.197 0.1775 0.1775 0.1935 0.1935 0.1935 0.1825 0.1825 0.183 0.183 0.2105 0.2105 0.2105 0.2425 0.2425 0.1985 0.1985 0.1645 0.1645 0.1645 0.156 0.156 0.152 0.152 0.1595 0.1595 0.1595 0.1415 0.1415 0.1275 0.1275 0.177 0.177 0.1635 0.1635 0.1635 0.1865 0.1865 0.192 0.192 0.156 0.156 0.156 0.1775 0.1775 0.192 0.192 0.199 0.199 0.199 0.195 0.195 0.1915 0.1915 0.1375 0.1375 0.1375 0.1225
0.196 0.196 0.189 0.189 0.189 0.189 0.1945 0.1945 0.1945 0.196 0.196 0.2 0.2 0.2115 0.2115 0.203 0.203 0.203 0.197 0.197 0.1775 0.1775 0.1935 0.1935 0.1935 0.1825 0.1825 0.183 0.183 0.2105 0.2105 0.2105 0.2425 0.2425 0.1985 0.1985 0.1645 0.1645 0.1645 0.156 0.156 0.152 0.152 0.1595 0.1595 0.1595 0.1415 0.1415 0.1275 0.1275 0.177 0.177 0.1635 0.1635 0.1635 0.1865 0.1865 0.192 0.192 0.156 0.156 0.156 0.1775 0.1775 0.192 0.192 0.199 0.199 0.199 0.195 0.195 0.1915 0.1915 0.1375 0.1375 0.1375 0.1225
0.1855 0.1855 0.199 0.199 0.211 0.211 0.2075 0.2075 0.2075 0.2075 0.2075 0.209 0.209 0.2065 0.2065 0.2045 0.2045 0.2045 0.2025 0.2025 0.183 0.183 0.192 0.192 0.192 0.177 0.177 0.178 0.178 0.174 0.174 0.174 0.166 0.166 0.1945 0.1945 0.1735 0.1735 0.1735 0.1705 0.1705 0.1455 0.1455 0.1435 0.1435 0.1435 0.1125 0.1125 0.125 0.125 0.1645 0.1645 0.187 0.187 0.187 0.1735 0.1735 0.192 0.192 0.1995 0.1995 0.1995 0.2065 0.2065 0.203 0.203 0.2 0.2 0.2 0.1955 0.1955 0.1845 0.1845 0.188 0.188 0.188 0.127
0.1855 0.1855 0.199 0.199 0.211 0.211 0.2075 0.2075 0.2075 0.2075 0.2075 0.209 0.209 0.2065 0.2065 0.2045 0.2045 0.2045 0.2025 0.2025 0.183 0.183 0.192 0.192 0.192 0.177 0.177 0.178 0.178 0.174 0.174 0.174 0.166 0.166 0.1945 0.1945 0.1735 0.1735 0.1735 0.1705 0.1705 0.1455 0.1455 0.1435 0.1435 0.1435 0.1125 0.1125 0.125 0.125 0.1645 0.1645 0.187 0.187 0.187 0.1735 0.1735 0.192 0.192 0.1995 0.1995 0.1995 0.2065 0.2065 0.203 0.203 0.2 0.2 0.2 0.1955 0.1955 0.1845 0.1845 0.188 0.188 0.188 0.127
0.222 0.222 0.2195 0.2195 0.2345 0.2345 0.223 0.223 0.223 0.2255 0.2255 0.2235 0.2235 0.2165 0.2165 0.2225 0.2225 0.2225 0.2185 0.2185 0.1865 0.1865 0.1765 0.1765 0.1765 0.176 0.176 0.187 0.187 0.1785 0.1785 0.1785 0.1575 0.1575 0.1495 0.1495 0.166 0.166 0.166 0.139 0.139 0.1275 0.1275 0.1175 0.1175 0.1175 0.123 0.123 0.1625 0.1625 0.1745 0.1745 0.1875 0.1875 0.1875 0.2005 0.2005 0.216 0.216 0.2345 0.2345 0.2345 0.2115 0.2115 0.218 0.218 0.213 0.213 0.213 0.1865 0.1865 0.1625 0.1625 0.1385 0.1385 0.1385 0.1415
0.222 0.222 0.2195 0.2195 0.2345 0.2345 0.223 0.223 0.223 0.2255 0.2255 0.2235 0.2235 0.2165 0.2165 0.2225 0.2225 0.2225 0.2185 0.2185 0.1865 0.1865 0.1765 0.1765 0.1765 0.176 0.176 0.187 0.187 0.1785 0.1785 0.1785 0.1575 0.1575 0.1495 0.1495 0.166 0.166 0.166 0.139 0.139 0.1275 0.1275 0.1175 0.1175 0.1175 0.123 0.123 0.1625 0.1625 0.1745 0.1745 0.1875 0.1875 0.1875 0.2005 0.2005 0.216 0.216 0.2345 0.2345 0.2345 0.2115 0.2115 0.218 0.218 0.213 0.213 0.213 0.1865 0.1865 0.1625 0.1625 0.1385 0.1385 0.1385 0.1415
0.233 0.233 0.224 0.224 0.2265 0.2265 0.229 0.229 0.229 0.2255 0.2255 0.221 0.221 0.216 0.216 0.2215 0.2215 0.2215 0.219 0.219 0.2105 0.2105 0.1865 0.1865 0.1865 0.186 0.186 0.163 0.163 0.175 0.175 0.175 0.1595 0.1595 0.161 0.161 0.138 0.138 0.138 0.1455 0.1455 0.1315 0.1315 0.131 0.131 0.131 0.16 0.16 0.1205 0.1205 0.147 0.147 0.171 0.171 0.171 0.185 0.185 0.2 0.2 0.212 0.212 0.212 0.223 0.223 0.2285 0.2285 0.1945 0.1945 0.1945 0.142 0.142 0.161 0.161 0.1225 0.1225 0.1225 0.1245
0.233 0.233 0.224 0.224 0.2265 0.2265 0.229 0.229 0.229 0.2255 0.2255 0.221 0.221 0.216 0.216 0.2215 0.2215 0.2215 0.219 0.219 0.2105 0.2105 0.1865 0.1865 0.1865 0.186 0.186 0.163 0.163 0.175 0.175 0.175 0.1595 0.1595 0.161 0.161 0.138 0.138 0.138 0.1455 0.1455 0.1315 0.1315 0.131 0.131 0.131 0.16 0.16 0.1205 0.1205 0.147 0.147 0.171 0.171 0.171 0.185 0.185 0.2 0.2 0.212 0.212 0.212 0.223 0.223 0.2285 0.2285 0.1945 0.1945 0.1945 0.142 0.142 0.161 0.161 0.1225 0.1225 0.1225 0.1245
0.233 0.233 0.224 0.224 0.2265 0.2265 0.229 0.229 0.229 0.2255 0.2255 0.221 0.221 0.216 0.216 0.2215 0.2215 0.2215 0.219 0.219 0.2105 0.2105 0.1865 0.1865 0.1865 0.186 0.186 0.163 0.163 0.175 0.175 0.175 0.1595 0.1595 0.161 0.161 0.138 0.138 0.138 0.1455 0.1455 0.1315 0.1315 0.131 0.131 0.131 0.16 0.16 0.1205 0.1205 0.147 0.147 0.171 0.171 0.171 0.185 0.185 0.2 0.2 0.212 0.212 0.212 0.223 0.223 0.2285 0.2285 0.1945 0.1945 0.1945 0.142 0.142 0.161 0.161 0.1225 0.1225 0.1225 0.1245
0.213 0.213 0.2165 0.2165 0.209 0.209 0.2115 0.2115 0.2115 0.197 0.197 0.1945 0.1945 0.192 0.192 0.2165 0.2165 0.2165 0.138 0.138 0.192 0.192 0.19 0.19 0.19 0.1985 0.1985 0.186 0.186 0.183 0.183 0.183 0.195 0.195 0.1725 0.1725 0.183 0.183 0.183 0.1375 0.1375 0.1475 0.1475 0.162 0.162 0.162 0.166 0.166 0.112 0.112 0.101 0.101 0.1255 0.1255 0.1255 0.124 0.124 0.1905 0.1905 0.222 0.222 0.222 0.2235 0.2235 0.1945 0.1945 0.198 0.198 0.198 0.1705 0.1705 0.1745 0.1745 0.183 0.183 0.183 0.0885
0.213 0.213 0.2165 0.2165 0.209 0.209 0.2115 0.2115 0.2115 0.197 0.197 0.1945 0.1945 0.192 0.192 0.2165 0.2165 0.2165 0.138 0.138 0.192 0.192 0.19 0.19 0.19 0.1985 0.1985 0.186 0.186 0.183 0.183 0.183 0.195 0.195 0.1725 0.1725 0.183 0.183 0.183 0.1375 0.1375 0.1475 0.1475 0.162 0.162 0.162 0.166 0.166 0.112 0.112 0.101 0.101 0.1255 0.1255 0.1255 0.124 0.124 0.1905 0.1905 0.222 0.222 0.222 0.2235 0.2235 0.1945 0.1945 0.198 0.198 0.198 0.1705 0.1705 0.1745 0.1745 0.183 0.183 0.183 0.0885
0.267 0.267 0.2545 0.2545 0.262 0.262 0.2485 0.2485 0.2485 0.3175 0.3175 0.287 0.287 0.197 0.197 0.1915 0.1915 0.1915 0.18 0.18 0.19 0.19 0.1955 0.1955 0.1955 0.1935 0.1935 0.202 0.202 0.205 0.205 0.205 0.23 0.23 0.215 0.215 0.1795 0.1795 0.1795 0.1565 0.1565 0.117 0.117 0.1565 0.1565 0.1565 0.161 0.161 0.1085 0.1085 0.112 0.112 0.1315 0.1315 0.1315 0.1655 0.1655 0.191 0.191 0.2305 0.2305 0.2305 0.2205 0.2205 0.214 0.214 0.196 0.196 0.196 0.1875 0.1875 0.184 0.184 0.148 0.148 0.148 0.127
0.267 0.267 0.2545 0.2545 0.262 0.262 0.2485 0.2485 0.2485 0.3175 0.3175 0.287 0.287 0.197 0.197 0.1915 0.1915 0.1915 0.18 0.18 0.19 0.19 0.1955 0.1955 0.1955 0.1935 0.1935 0.202 0.202 0.205 0.205 0.205 0.23 0.23 0.215 0.215 0.1795 0.1795 0.1795 0.1565 0.1565 0.117 0.117 0.1565 0.1565 0.1565 0.161 0.161 0.1085 0.1085 0.112 0.112 0.1315 0.1315 0.1315 0.1655 0.1655 0.191 0.191 0.2305 0.2305 0.2305 0.2205 0.2205 0.214 0.214 0.196 0.196 0.196 0.1875 0.1875 0.184 0.184 0.148 0.148 0.148 0.127
0.271 0.271 0.2965 0.2965 0.2625 0.2625 0.2905 0.2905 0.2905 0.2515 0.2515 0.2725 0.2725 0.2335 0.2335 0.267 0.267 0.267 0.259 0.259 0.2095 0.2095 0.1765 0.1765 0.1765 0.1775 0.1775 0.189 0.189 0.199 0.199 0.199 0.218 0.218 0.1885 0.1885 0.16 0.16 0.16 0.1755 0.1755 0.1905 0.1905 0.1285 0.1285 0.1285 0.126 0.126 0.096 0.096 0.107 0.107 0.1625 0.1625 0.1625 0.1725 0.1725 0.2135 0.2135 0.238 0.238 0.238 0.23 0.23 0.2045 0.2045 0.2195 0.2195 0.2195 0.2285 0.2285 0.228 0.228 0.234 0.234 0.234 0.1195
0.271 0.271 0.2965 0.2965 0.2625 0.2625 0.2905 0.2905 0.2905 0.2515 0.2515 0.2725 0.2725 0.2335 0.2335 0.267 0.267 0.267 0.259 0.259 0.2095 0.2095 0.1765 0.1765 0.1765 0.1775 0.1775 0.189 0.189 0.199 0.199 0.199 0.218 0.218 0.1885 0.1885 0.16 0.16 0.16 0.1755 0.1755 0.1905 0.1905 0.1285 0.1285 0.1285 0.126 0.126 0.096 0.096 0.107 0.107 0.1625 0.1625 0.1625 0.1725 0.1725 0.2135 0.2135 0.238 0.238 0.238 0.23 0.23 0.2045 0.2045 0.2195 0.2195 0.2195 0.2285 0.2285 0.228 0.228 0.234 0.234 0.234 0.1195
0.271 0.271 0.2965 0.2965 0.2625 0.2625 0.2905 0.2905 0.2905 0.2515 0.2515 0.2725 0.2725 0.2335 0.2335 0.267 0.267 0.267 0.259 0.259 0.2095 0.2095 0.1765 0.1765 0.1765 0.1775 0.1775 0.189 0.189 0.199 0.199 0.199 0.218 0.218 0.1885 0.1885 0.16 0.16 0.16 0.1755 0.1755 0.1905 0.1905 0.1285 0.1285 0.1285 0.126 0.126 0.096 0.096 0.107 0.107 0.1625 0.1625 0.1625 0.1725 0.1725 0.2135 0.2135 0.238 0.238 0.238 0.23 0.23 0.2045 0.2045 0.2195 0.2195 0.2195 0.2285 0.2285 0.228 0.228 0.234 0.234 0.234 0.1195
0.258 0.258 0.265 0.265 0.2495 0.2495 0.2625 0.2625 0.2625 0.278 0.278 0.2745 0.2745 0.257 0.257 0.2835 0.2835 0.2835 0.263 0.263 0.2575 0.2575 0.2145 0.2145 0.2145 0.202 0.202 0.185 0.185 0.191 0.191 0.191 0.2115 0.2115 0.2205 0.2205 0.2265 0.2265 0.2265 0.216 0.216 0.198 0.198 0.1987 0.1987 0.1987 0.0955 0.0955 0.1375 0.1375 0.1675 0.1675 0.201 0.201 0.201 0.2045 0.2045 0.2015 0.2015 0.1965 0.1965 0.1965 0.1975 0.1975 0.212 0.212 0.2115 0.2115 0.2115 0.2155 0.2155 0.1825 0.1825 0.163 0.163 0.163 0.1175
0.258 0.258 0.265 0.265 0.2495 0.2495 0.2625 0.2625 0.2625 0.278 0.278 0.2745 0.2745 0.257 0.257 0.2835 0.2835 0.2835 0.263 0.263 0.2575 0.2575 0.2145 0.2145 0.2145 0.202 0.202 0.185 0.185 0.191 0.191 0.191 0.2115 0.2115 0.2205 0.2205 0.2265 0.2265 0.2265 0.216 0.216 0.198 0.198 0.1987 0.1987 0.1987 0.0955 0.0955 0.1375 0.1375 0.1675 0.1675 0.201 0.201 0.201 0.2045 0.2045 0.2015 0.2015 0.1965 0.1965 0.1965 0.1975 0.1975 0.212 0.212 0.2115 0.2115 0.2115 0.2155 0.2155 0.1825 0.1825 0.163 0.163 0.163 0.1175
0.204 0.204 0.21 0.21 0.2205 0.2205 0.2415 0.2415 0.2415 0.2475 0.2475 0.2465 0.2465 0.245 0.245 0.237 0.237 0.237 0.226 0.226 0.2545 0.2545 0.267 0.267 0.267 0.275 0.275 0.217 0.217 0.1935 0.1935 0.1935 0.1985 0.1985 0.2245 0.2245 0.2175 0.2175 0.2175 0.2105 0.2105 0.187 0.187 0.172 0.172 0.172 0.167 0.167 0.187 0.187 0.185 0.185 0.1685 0.1685 0.1685 0.2075 0.2075 0.182 0.182 0.213 0.213 0.213 0.224 0.224 0.226 0.226 0.217 0.217 0.217 0.217 0.217 0.201 0.201 0.209 0.209 0.209 0.1505
