ndvi/NOAA-288.asc
ncols         252
nrows         154
xllcorner     -18.017974
yllcorner     13.481982
cellsize      0.035948
NODATA_value  -9999
[rows 68 to 101 of 154, columns 154 to 230 of 252]
0.1295 0.1485 0.1485 0.1375 0.1375 0.1375 0.1725 0.1725 0.155 0.155 0.1965 0.1965 0.197 0.197 0.197 0.222 0.222 0.21 0.21 0.2095 0.2095 0.2095 0.2145 0.2145 0.198 0.198 0.2145 0.2145 0.2145 0.2285 0.2285 0.236 0.236 0.246 0.246 0.246 0.2345 0.2345 0.2185 0.2185 0.2245 0.2245 0.2245 0.237 0.237 0.217 0.217 0.2185 0.2185 0.2205 0.2205 0.2205 0.2125 0.2125 0.253 0.253 0.247 0.247 0.247 0.244 0.244 0.1945 0.1945 0.1975 0.1975 0.1975 0.201 0.201 0.208 0.208 0.198 0.198 0.198 0.189 0.189 0.193 0.193
0.1565 0.1375 0.1375 0.1595 0.1595 0.1595 0.1505 0.1505 0.1665 0.1665 0.1645 0.1645 0.219 0.219 0.219 0.207 0.207 0.2035 0.2035 0.1985 0.1985 0.1985 0.209 0.209 0.219 0.219 0.23 0.23 0.23 0.2295 0.2295 0.232 0.232 0.2325 0.2325 0.2325 0.254 0.254 0.2135 0.2135 0.225 0.225 0.225 0.231 0.231 0.2285 0.2285 0.228 0.228 0.2085 0.2085 0.2085 0.216 0.216 0.2115 0.2115 0.22 0.22 0.22 0.2445 0.2445 0.229 0.229 0.216 0.216 0.216 0.1925 0.1925 0.1915 0.1915 0.1965 0.1965 0.1965 0.1935 0.1935 0.185 0.185
0.1565 0.1375 0.1375 0.1595 0.1595 0.1595 0.1505 0.1505 0.1665 0.1665 0.1645 0.1645 0.219 0.219 0.219 0.207 0.207 0.2035 0.2035 0.1985 0.1985 0.1985 0.209 0.209 0.219 0.219 0.23 0.23 0.23 0.2295 0.2295 0.232 0.232 0.2325 0.2325 0.2325 0.254 0.254 0.2135 0.2135 0.225 0.225 0.225 0.231 0.231 0.2285 0.2285 0.228 0.228 0.2085 0.2085 0.2085 0.216 0.216 0.2115 0.2115 0.22 0.22 0.22 0.2445 0.2445 0.229 0.229 0.216 0.216 0.216 0.1925 0.1925 0.1915 0.1915 0.1965 0.1965 0.1965 0.1935 0.1935 0.185 0.185
0.1745 0.165 0.165 0.163 0.163 0.163 0.139 0.139 0.1625 0.1625 0.1735 0.1735 0.2165 0.2165 0.2165 0.204 0.204 0.219 0.219 0.2075 0.2075 0.2075 0.208 0.208 0.207 0.207 0.2125 0.2125 0.2125 0.223 0.223 0.236 0.236 0.271 0.271 0.271 0.2185 0.2185 0.2385 0.2385 0.2575 0.2575 0.2575 0.227 0.227 0.232 0.232 0.232 0.232 0.2385 0.2385 0.2385 0.247 0.247 0.2135 0.2135 0.2055 0.2055 0.2055 0.214 0.214 0.2255 0.2255 0.2125 0.2125 0.2125 0.1885 0.1885 0.1765 0.1765 0.1785 0.1785 0.1785 0.1885 0.1885 0.182 0.182
0.1745 0.165 0.165 0.163 0.163 0.163 0.139 0.139 0.1625 0.1625 0.1735 0.1735 0.2165 0.2165 0.2165 0.204 0.204 0.219 0.219 0.2075 0.2075 0.2075 0.208 0.208 0.207 0.207 0.2125 0.2125 0.2125 0.223 0.223 0.236 0.236 0.271 0.271 0.271 0.2185 0.2185 0.2385 0.2385 0.2575 0.2575 0.2575 0.227 0.227 0.232 0.232 0.232 0.232 0.2385 0.2385 0.2385 0.247 0.247 0.2135 0.2135 0.2055 0.2055 0.2055 0.214 0.214 0.2255 0.2255 0.2125 0.2125 0.2125 0.1885 0.1885 0.1765 0.1765 0.1785 0.1785 0.1785 0.1885 0.1885 0.182 0.182
0.1745 0.165 0.165 0.163 0.163 0.163 0.139 0.139 0.1625 0.1625 0.1735 0.1735 0.2165 0.2165 0.2165 0.204 0.204 0.219 0.219 0.2075 0.2075 0.2075 0.208 0.208 0.207 0.207 0.2125 0.2125 0.2125 0.223 0.223 0.236 0.236 0.271 0.271 0.271 0.2185 0.2185 0.2385 0.2385 0.2575 0.2575 0.2575 0.227 0.227 0.232 0.232 0.232 0.232 0.2385 0.2385 0.2385 0.247 0.247 0.2135 0.2135 0.2055 0.2055 0.2055 0.214 0.214 0.2255 0.2255 0.2125 0.2125 0.2125 0.1885 0.1885 0.1765 0.1765 0.1785 0.1785 0.1785 0.1885 0.1885 0.182 0.182
0.167 0.1885 0.1885 0.17 0.17 0.17 0.1695 0.1695 0.154 0.154 0.173 0.173 0.2135 0.2135 0.2135 0.2175 0.2175 0.229 0.229 0.217 0.217 0.217 0.1985 0.1985 0.2085 0.2085 0.224 0.224 0.224 0.2165 0.2165 0.2195 0.2195 0.241 0.241 0.241 0.258 0.258 0.244 0.244 0.2325 0.2325 0.2325 0.2295 0.2295 0.254 0.254 0.262 0.262 0.243 0.243 0.243 0.2475 0.2475 0.216 0.216 0.203 0.203 0.203 0.2105 0.2105 0.2075 0.2075 0.2165 0.2165 0.2165 0.21 0.21 0.176 0.176 0.195 0.195 0.195 0.1845 0.1845 0.195 0.195
0.167 0.1885 0.1885 0.17 0.17 0.17 0.1695 0.1695 0.154 0.154 0.173 0.173 0.2135 0.2135 0.2135 0.2175 0.2175 0.229 0.229 0.217 0.217 0.217 0.1985 0.1985 0.2085 0.2085 0.224 0.224 0.224 0.2165 0.2165 0.2195 0.2195 0.241 0.241 0.241 0.258 0.258 0.244 0.244 0.2325 0.2325 0.2325 0.2295 0.2295 0.254 0.254 0.262 0.262 0.243 0.243 0.243 0.2475 0.2475 0.216 0.216 0.203 0.203 0.203 0.2105 0.2105 0.2075 0.2075 0.2165 0.2165 0.2165 0.21 0.21 0.176 0.176 0.195 0.195 0.195 0.1845 0.1845 0.195 0.195
0.1485 0.1635 0.1635 0.185 0.185 0.185 0.154 0.154 0.199 0.199 0.1755 0.1755 0.217 0.217 0.217 0.232 0.232 0.242 0.242 0.2135 0.2135 0.2135 0.213 0.213 0.2145 0.2145 0.211 0.211 0.211 0.2105 0.2105 0.2295 0.2295 0.24 0.24 0.24 0.2495 0.2495 0.239 0.239 0.239 0.239 0.239 0.242 0.242 0.2445 0.2445 0.242 0.242 0.251 0.251 0.251 0.238 0.238 0.2075 0.2075 0.2165 0.2165 0.2165 0.2095 0.2095 0.202 0.202 0.2035 0.2035 0.2035 0.195 0.195 0.2195 0.2195 0.1915 0.1915 0.1915 0.1835 0.1835 0.199 0.199
0.1485 0.1635 0.1635 0.185 0.185 0.185 0.154 0.154 0.199 0.199 0.1755 0.1755 0.217 0.217 0.217 0.232 0.232 0.242 0.242 0.2135 0.2135 0.2135 0.213 0.213 0.2145 0.2145 0.211 0.211 0.211 0.2105 0.2105 0.2295 0.2295 0.24 0.24 0.24 0.2495 0.2495 0.239 0.239 0.239 0.239 0.239 0.242 0.242 0.2445 0.2445 0.242 0.242 0.251 0.251 0.251 0.238 0.238 0.2075 0.2075 0.2165 0.2165 0.2165 0.2095 0.2095 0.202 0.202 0.2035 0.2035 0.2035 0.195 0.195 0.2195 0.2195 0.1915 0.1915 0.1915 0.1835 0.1835 0.199 0.199
0.153 0.146 0.146 0.171 0.171 0.171 0.1675 0.1675 0.1665 0.1665 0.1715 0.1715 0.2045 0.2045 0.2045 0.2185 0.2185 0.211 0.211 0.1945 0.1945 0.1945 0.2005 0.2005 0.211 0.211 0.22 0.22 0.22 0.223 0.223 0.2205 0.2205 0.2335 0.2335 0.2335 0.247 0.247 0.251 0.251 0.246 0.246 0.246 0.2435 0.2435 0.2375 0.2375 0.2265 0.2265 0.23 0.23 0.23 0.228 0.228 0.248 0.248 0.211 0.211 0.211 0.2205 0.2205 0.222 0.222 0.2185 0.2185 0.2185 0.217 0.217 0.219 0.219 0.2085 0.2085 0.2085 0.191 0.191 0.1935 0.1935
0.153 0.146 0.146 0.171 0.171 0.171 0.1675 0.1675 0.1665 0.1665 0.1715 0.1715 0.2045 0.2045 0.2045 0.2185 0.2185 0.211 0.211 0.1945 0.1945 0.1945 0.2005 0.2005 0.211 0.211 0.22 0.22 0.22 0.223 0.223 0.2205 0.2205 0.2335 0.2335 0.2335 0.247 0.247 0.251 0.251 0.246 0.246 0.246 0.2435 0.2435 0.2375 0.2375 0.2265 0.2265 0.23 0.23 0.23 0.228 0.228 0.248 0.248 0.211 0.211 0.211 0.2205 0.2205 0.222 0.222 0.2185 0.2185 0.2185 0.217 0.217 0.219 0.219 0.2085 0.2085 0.2085 0.191 0.191 0.1935 0.1935
0.1245 0.1365 0.1365 0.1445 0.1445 0.1445 0.153 0.153 0.138 0.138 0.174 0.174 0.217 0.217 0.217 0.209 0.209 0.2155 0.2155 0.2085 0.2085 0.2085 0.2035 0.2035 0.2045 0.2045 0.216 0.216 0.216 0.218 0.218 0.2155 0.2155 0.2265 0.2265 0.2265 0.2445 0.2445 0.2465 0.2465 0.2475 0.2475 0.2475 0.2305 0.2305 0.2245 0.2245 0.2265 0.2265 0.24 0.24 0.24 0.231 0.231 0.2465 0.2465 0.256 0.256 0.256 0.25 0.25 0.2295 0.2295 0.2315 0.2315 0.2315 0.2395 0.2395 0.2615 0.2615 0.208 0.208 0.208 0.206 0.206 0.211 0.211
0.1245 0.1365 0.1365 0.1445 0.1445 0.1445 0.153 0.153 0.138 0.138 0.174 0.174 0.217 0.217 0.217 0.209 0.209 0.2155 0.2155 0.2085 0.2085 0.2085 0.2035 0.2035 0.2045 0.2045 0.216 0.216 0.216 0.218 0.218 0.2155 0.2155 0.2265 0.2265 0.2265 0.2445 0.2445 0.2465 0.2465 0.2475 0.2475 0.2475 0.2305 0.2305 0.2245 0.2245 0.2265 0.2265 0.24 0.24 0.24 0.231 0.231 0.2465 0.2465 0.256 0.256 0.256 0.25 0.25 0.2295 0.2295 0.2315 0.2315 0.2315 0.2395 0.2395 0.2615 0.2615 0.208 0.208 0.208 0.206 0.206 0.211 0.211
0.1245 0.1365 0.1365 0.1445 0.1445 0.1445 0.153 0.153 0.138 0.138 0.174 0.174 0.217 0.217 0.217 0.209 0.209 0.2155 0.2155 0.2085 0.2085 0.2085 0.2035 0.2035 0.2045 0.2045 0.216 0.216 0.216 0.218 0.218 0.2155 0.2155 0.2265 0.2265 0.2265 0.2445 0.2445 0.2465 0.2465 0.2475 0.2475 0.2475 0.2305 0.2305 0.2245 0.2245 0.2265 0.2265 0.24 0.24 0.24 0.231 0.231 0.2465 0.2465 0.256 0.256 0.256 0.25 0.25 0.2295 0.2295 0.2315 0.2315 0.2315 0.2395 0.2395 0.2615 0.2615 0.208 0.208 0.208 0.206 0.206 0.211 0.211
0.1355 0.155 0.155 0.1585 0.1585 0.1585 0.1545 0.1545 0.175 0.175 0.217 0.217 0.2215 0.2215 0.2215 0.221 0.221 0.21 0.21 0.2235 0.2235 0.2235 0.232 0.232 0.218 0.218 0.222 0.222 0.222 0.2 0.2 0.2025 0.2025 0.2195 0.2195 0.2195 0.2155 0.2155 0.2245 0.2245 0.2335 0.2335 0.2335 0.231 0.231 0.2285 0.2285 0.2125 0.2125 0.2565 0.2565 0.2565 0.254 0.254 0.2495 0.2495 0.262 0.262 0.262 0.245 0.245 0.2415 0.2415 0.2425 0.2425 0.2425 0.247 0.247 0.2155 0.2155 0.231 0.231 0.231 0.2195 0.2195 0.217 0.217
0.1355 0.155 0.155 0.1585 0.1585 0.1585 0.1545 0.1545 0.175 0.175 0.217 0.217 0.2215 0.2215 0.2215 0.221 0.221 0.21 0.21 0.2235 0.2235 0.2235 0.232 0.232 0.218 0.218 0.222 0.222 0.222 0.2 0.2 0.2025 0.2025 0.2195 0.2195 0.2195 0.2155 0.2155 0.2245 0.2245 0.2335 0.2335 0.2335 0.231 0.231 0.2285 0.2285 0.2125 0.2125 0.2565 0.2565 0.2565 0.254 0.254 0.2495 0.2495 0.262 0.262 0.262 0.245 0.245 0.2415 0.2415 0.2425 0.2425 0.2425 0.247 0.247 0.2155 0.2155 0.231 0.231 0.231 0.2195 0.2195 0.217 0.217
0.142 0.166 0.166 0.165 0.165 0.165 0.1505 0.1505 0.224 0.224 0.2435 0.2435 0.235 0.235 0.235 0.223 0.223 0.227 0.227 0.252 0.252 0.252 0.24 0.24 0.2185 0.2185 0.2005 0.2005 0.2005 0.2015 0.2015 0.209 0.209 0.2275 0.2275 0.2275 0.2195 0.2195 0.229 0.229 0.2545 0.2545 0.2545 0.25 0.25 0.256 0.256 0.2625 0.2625 0.2755 0.2755 0.2755 0.2705 0.2705 0.261 0.261 0.2715 0.2715 0.2715 0.2465 0.2465 0.25 0.25 0.2495 0.2495 0.2495 0.254 0.254 0.226 0.226 0.234 0.234 0.234 0.224 0.224 0.2245 0.2245
0.142 0.166 0.166 0.165 0.165 0.165 0.1505 0.1505 0.224 0.224 0.2435 0.2435 0.235 0.235 0.235 0.223 0.223 0.227 0.227 0.252 0.252 0.252 0.24 0.24 0.2185 0.2185 0.2005 0.2005 0.2005 0.2015 0.2015 0.209 0.209 0.2275 0.2275 0.2275 0.2195 0.2195 0.229 0.229 0.2545 0.2545 0.2545 0.25 0.25 0.256 0.256 0.2625 0.2625 0.2755 0.2755 0.2755 0.2705 0.2705 0.261 0.261 0.2715 0.2715 0.2715 0.2465 0.2465 0.25 0.25 0.2495 0.2495 0.2495 0.254 0.254 0.226 0.226 0.234 0.234 0.234 0.224 0.224 0.2245 0.2245
0.171 0.167 0.167 0.21 0.21 0.21 0.1425 0.1425 0.217 0.217 0.238 0.238 0.2385 0.2385 0.2385 0.2445 0.2445 0.2565 0.2565 0.241 0.241 0.241 0.2365 0.2365 0.2105 0.2105 0.284 0.284 0.284 0.2035 0.2035 0.204 0.204 0.2225 0.2225 0.2225 0.233 0.233 0.239 0.239 0.2485 0.2485 0.2485 0.2595 0.2595 0.2845 0.2845 0.2715 0.2715 0.274 0.274 0.274 0.273 0.273 0.2525 0.2525 0.2465 0.2465 0.2465 0.222 0.222 0.2375 0.2375 0.2415 0.2415 0.2415 0.2385 0.2385 0.233 0.233 0.242 0.242 0.242 0.238 0.238 0.216 0.216
0.171 0.167 0.167 0.21 0.21 0.21 0.1425 0.1425 0.217 0.217 0.238 0.238 0.2385 0.2385 0.2385 0.2445 0.2445 0.2565 0.2565 0.241 0.241 0.241 0.2365 0.2365 0.2105 0.2105 0.284 0.284 0.284 0.2035 0.2035 0.204 0.204 0.2225 0.2225 0.2225 0.233 0.233 0.239 0.239 0.2485 0.2485 0.2485 0.2595 0.2595 0.2845 0.2845 0.2715 0.2715 0.274 0.274 0.274 0.273 0.273 0.2525 0.2525 0.2465 0.2465 0.2465 0.222 0.222 0.2375 0.2375 0.2415 0.2415 0.2415 0.2385 0.2385 0.233 0.233 0.242 0.242 0.242 0.238 0.238 0.216 0.216
0.171 0.167 0.167 0.21 0.21 0.21 0.1425 0.1425 0.217 0.217 0.238 0.238 0.2385 0.2385 0.2385 0.2445 0.2445 0.2565 0.2565 0.241 0.241 0.241 0.2365 0.2365 0.2105 0.2105 0.284 0.284 0.284 0.2035 0.2035 0.204 0.204 0.2225 0.2225 0.2225 0.233 0.233 0.239 0.239 0.2485 0.2485 0.2485 0.2595 0.2595 0.2845 0.2845 0.2715 0.2715 0.274 0.274 0.274 0.273 0.273 0.2525 0.2525 0.2465 0.2465 0.2465 0.222 0.222 0.2375 0.2375 0.2415 0.2415 0.2415 0.2385 0.2385 0.233 0.233 0.242 0.242 0.242 0.238 0.238 0.216 0.216
0.1675 0.1955 0.1955 0.1765 0.1765 0.1765 0.214 0.214 0.2215 0.2215 0.248 0.248 0.2435 0.2435 0.2435 0.238 0.238 0.215 0.215 0.216 0.216 0.216 0.2205 0.2205 0.2005 0.2005 0.201 0.201 0.201 0.2195 0.2195 0.223 0.223 0.2315 0.2315 0.2315 0.2575 0.2575 0.259 0.259 0.272 0.272 0.272 0.2925 0.2925 0.27 0.27 0.2805 0.2805 0.2535 0.2535 0.2535 0.2335 0.2335 0.2445 0.2445 0.242 0.242 0.242 0.227 0.227 0.221 0.221 0.212 0.212 0.212 0.227 0.227 0.2425 0.2425 0.2425 0.2425 0.2425 0.2425 0.2425 0.2425 0.2425
0.1675 0.1955 0.1955 0.1765 0.1765 0.1765 0.214 0.214 0.2215 0.2215 0.248 0.248 0.2435 0.2435 0.2435 0.238 0.238 0.215 0.215 0.216 0.216 0.216 0.2205 0.2205 0.2005 0.2005 0.201 0.201 0.201 0.2195 0.2195 0.223 0.223 0.2315 0.2315 0.2315 0.2575 0.2575 0.259 0.259 0.272 0.272 0.272 0.2925 0.2925 0.27 0.27 0.2805 0.2805 0.2535 0.2535 0.2535 0.2335 0.2335 0.2445 0.2445 0.242 0.242 0.242 0.227 0.227 0.221 0.221 0.212 0.212 0.212 0.227 0.227 0.2425 0.2425 0.2425 0.2425 0.2425 0.2425 0.2425 0.2425 0.2425
0.254 0.191 0.191 0.1645 0.1645 0.1645 0.1845 0.1845 0.2105 0.2105 0.208 0.208 0.248 0.248 0.248 0.2115 0.2115 0.2155 0.2155 0.237 0.237 0.237 0.2465 0.2465 0.2265 0.2265 0.2335 0.2335 0.2335 0.1985 0.1985 0.2235 0.2235 0.229 0.229 0.229 0.269 0.269 0.291 0.291 0.2765 0.2765 0.2765 0.2715 0.2715 0.268 0.268 0.2615 0.2615 0.2435 0.2435 0.2435 0.233 0.233 0.248 0.248 0.247 0.247 0.247 0.231 0.231 0.229 0.229 0.233 0.233 0.233 0.2325 0.2325 0.226 0.226 0.235 0.235 0.235 0.231 0.231 0.2485 0.2485
0.254 0.191 0.191 0.1645 0.1645 0.1645 0.1845 0.1845 0.2105 0.2105 0.208 0.208 0.248 0.248 0.248 0.2115 0.2115 0.2155 0.2155 0.237 0.237 0.237 0.2465 0.2465 0.2265 0.2265 0.2335 0.2335 0.2335 0.1985 0.1985 0.2235 0.2235 0.229 0.229 0.229 0.269 0.269 0.291 0.291 0.2765 0.2765 0.2765 0.2715 0.2715 0.268 0.268 0.2615 0.2615 0.2435 0.2435 0.2435 0.233 0.233 0.248 0.248 0.247 0.247 0.247 0.231 0.231 0.229 0.229 0.233 0.233 0.233 0.2325 0.2325 0.226 0.226 0.235 0.235 0.235 0.231 0.231 0.2485 0.2485
0.2075 0.1905 0.1905 0.199 0.199 0.199 0.209 0.209 0.2285 0.2285 0.222 0.222 0.2405 0.2405 0.2405 0.227 0.227 0.2235 0.2235 0.2155 0.2155 0.2155 0.2275 0.2275 0.208 0.208 0.1995 0.1995 0.1995 0.2105 0.2105 0.2335 0.2335 0.2495 0.2495 0.2495 0.2525 0.2525 0.278 0.278 0.306 0.306 0.306 0.288 0.288 0.2895 0.2895 0.2765 0.2765 0.263 0.263 0.263 0.225 0.225 0.2365 0.2365 0.242 0.242 0.242 0.232 0.232 0.238 0.238 0.2245 0.2245 0.2245 0.2165 0.2165 0.2165 0.2165 0.2395 0.2395 0.2395 0.297 0.297 0.2385 0.2385
0.2075 0.1905 0.1905 0.199 0.199 0.199 0.209 0.209 0.2285 0.2285 0.222 0.222 0.2405 0.2405 0.2405 0.227 0.227 0.2235 0.2235 0.2155 0.2155 0.2155 0.2275 0.2275 0.208 0.208 0.1995 0.1995 0.1995 0.2105 0.2105 0.2335 0.2335 0.2495 0.2495 0.2495 0.2525 0.2525 0.278 0.278 0.306 0.306 0.306 0.288 0.288 0.2895 0.2895 0.2765 0.2765 0.263 0.263 0.263 0.225 0.225 0.2365 0.2365 0.242 0.242 0.242 0.232 0.232 0.238 0.238 0.2245 0.2245 0.2245 0.2165 0.2165 0.2165 0.2165 0.2395 0.2395 0.2395 0.297 0.297 0.2385 0.2385
0.2075 0.1905 0.1905 0.199 0.199 0.199 0.209 0.209 0.2285 0.2285 0.222 0.222 0.2405 0.2405 0.2405 0.227 0.227 0.2235 0.2235 0.2155 0.2155 0.2155 0.2275 0.2275 0.208 0.208 0.1995 0.1995 0.1995 0.2105 0.2105 0.2335 0.2335 0.2495 0.2495 0.2495 0.2525 0.2525 0.278 0.278 0.306 0.306 0.306 0.288 0.288 0.2895 0.2895 0.2765 0.2765 0.263 0.263 0.263 0.225 0.225 0.2365 0.2365 0.242 0.242 0.242 0.232 0.232 0.238 0.238 0.2245 0.2245 0.2245 0.2165 0.2165 0.2165 0.2165 0.2395 0.2395 0.2395 0.297 0.297 0.2385 0.2385
0.19 0.2435 0.2435 0.235 0.235 0.235 0.2145 0.2145 0.232 0.232 0.214 0.214 0.214 0.214 0.214 0.201 0.201 0.2505 0.2505 0.236 0.236 0.236 0.201 0.201 0.205 0.205 0.212 0.212 0.212 0.2175 0.2175 0.24 0.24 0.252 0.252 0.252 0.256 0.256 0.2635 0.2635 0.303 0.303 0.303 0.2945 0.2945 0.284 0.284 0.2665 0.2665 0.2655 0.2655 0.2655 0.26 0.26 0.2275 0.2275 0.22 0.22 0.22 0.2295 0.2295 0.2225 0.2225 0.2315 0.2315 0.2315 0.2145 0.2145 0.22 0.22 0.214 0.214 0.214 0.247 0.247 0.3485 0.3485
0.19 0.2435 0.2435 0.235 0.235 0.235 0.2145 0.2145 0.232 0.232 0.214 0.214 0.214 0.214 0.214 0.201 0.201 0.2505 0.2505 0.236 0.236 0.236 0.201 0.201 0.205 0.205 0.212 0.212 0.212 0.2175 0.2175 0.24 0.24 0.252 0.252 0.252 0.256 0.256 0.2635 0.2635 0.303 0.303 0.303 0.2945 0.2945 0.284 0.284 0.2665 0.2665 0.2655 0.2655 0.2655 0.26 0.26 0.2275 0.2275 0.22 0.22 0.22 0.2295 0.2295 0.2225 0.2225 0.2315 0.2315 0.2315 0.2145 0.2145 0.22 0.22 0.214 0.214 0.214 0.247 0.247 0.3485 0.3485
0.2285 0.2265 0.2265 0.237 0.237 0.237 0.226 0.226 0.2145 0.2145 0.2245 0.2245 0.2025 0.2025 0.2025 0.2105 0.2105 0.258 0.258 0.2195 0.2195 0.2195 0.226 0.226 0.2095 0.2095 0.222 0.222 0.222 0.2255 0.2255 0.2405 0.2405 0.2345 0.2345 0.2345 0.2405 0.2405 0.2755 0.2755 0.274 0.274 0.274 0.298 0.298 0.2845 0.2845 0.263 0.263 0.253 0.253 0.253 0.254 0.254 0.2485 0.2485 0.2205 0.2205 0.2205 0.21 0.21 0.2125 0.2125 0.206 0.206 0.206 0.201 0.201 0.196 0.196 0.2135 0.2135 0.2135 0.2175 0.2175 0.226 0.226
0.2285 0.2265 0.2265 0.237 0.237 0.237 0.226 0.226 0.2145 0.2145 0.2245 0.2245 0.2025 0.2025 0.2025 0.2105 0.2105 0.258 0.258 0.2195 0.2195 0.2195 0.226 0.226 0.2095 0.2095 0.222 0.222 0.222 0.2255 0.2255 0.2405 0.2405 0.2345 0.2345 0.2345 0.2405 0.2405 0.2755 0.2755 0.274 0.274 0.274 0.298 0.298 0.2845 0.2845 0.263 0.263 0.253 0.253 0.253 0.254 0.254 0.2485 0.2485 0.2205 0.2205 0.2205 0.21 0.21 0.2125 0.2125 0.206 0.206 0.206 0.201 0.201 0.196 0.196 0.2135 0.2135 0.2135 0.2175 0.2175 0.226 0.226
0.2385 0.2525 0.2525 0.252 0.252 0.252 0.19 0.19 0.2295 0.2295 0.2395 0.2395 0.215 0.215 0.215 0.237 0.237 0.2565 0.2565 0.2305 0.2305 0.2305 0.2215 0.2215 0.2315 0.2315 0.226 0.226 0.226 0.2225 0.2225 0.229 0.229 0.237 0.237 0.237 0.25 0.25 0.2465 0.2465 0.262 0.262 0.262 0.2655 0.2655 0.258 0.258 0.2565 0.2565 0.222 0.222 0.222 0.203 0.203 0.2055 0.2055 0.211 0.211 0.211 0.2045 0.2045 0.2005 0.2005 0.199 0.199 0.199 0.202 0.202 0.2015 0.2015 0.2085 0.2085 0.2085 0.231 0.231 0.225 0.225
