ndvi/NOAA-219.asc
ncols         252
nrows         154
xllcorner     -18.017974
yllcorner     13.481982
cellsize      0.035948
NODATA_value  -9999
[rows 0 to 34 of 154, columns 154 to 230 of 252]
0.1105 0.104 0.104 0.107 0.107 0.107 0.1125 0.1125 0.1125 0.1125 0.1145 0.1145 0.112 0.112 0.112 0.116 0.116 0.117 0.117 0.1115 0.1115 0.1115 0.1175 0.1175 0.115 0.115 0.114 0.114 0.114 0.1115 0.1115 0.1105 0.1105 0.115 0.115 0.115 0.1085 0.1085 0.1075 0.1075 0.105 0.105 0.105 0.1215 0.1215 0.122 0.122 0.115 0.115 0.1165 0.1165 0.1165 0.128 0.128 0.1265 0.1265 0.124 0.124 0.124 0.1265 0.1265 0.1175 0.1175 0.1135 0.1135 0.1135 0.1165 0.1165 0.1115 0.1115 0.109 0.109 0.109 0.1065 0.1065 0.105 0.105
0.1105 0.104 0.104 0.107 0.107 0.107 0.1125 0.1125 0.1125 0.1125 0.1145 0.1145 0.112 0.112 0.112 0.116 0.116 0.117 0.117 0.1115 0.1115 0.1115 0.1175 0.1175 0.115 0.115 0.114 0.114 0.114 0.1115 0.1115 0.1105 0.1105 0.115 0.115 0.115 0.1085 0.1085 0.1075 0.1075 0.105 0.105 0.105 0.1215 0.1215 0.122 0.122 0.115 0.115 0.1165 0.1165 0.1165 0.128 0.128 0.1265 0.1265 0.124 0.124 0.124 0.1265 0.1265 0.1175 0.1175 0.1135 0.1135 0.1135 0.1165 0.1165 0.1115 0.1115 0.109 0.109 0.109 0.1065 0.1065 0.105 0.105
0.101 0.1125 0.1125 0.1105 0.1105 0.1105 0.1155 0.1155 0.114 0.114 0.1165 0.1165 0.114 0.114 0.114 0.1155 0.1155 0.1195 0.1195 0.115 0.115 0.115 0.114 0.114 0.112 0.112 0.1185 0.1185 0.1185 0.113 0.113 0.1145 0.1145 0.1175 0.1175 0.1175 0.1215 0.1215 0.13 0.13 0.1275 0.1275 0.1275 0.1465 0.1465 0.138 0.138 0.136 0.136 0.14 0.14 0.14 0.137 0.137 0.1375 0.1375 0.149 0.149 0.149 0.145 0.145 0.13 0.13 0.112 0.112 0.112 0.1135 0.1135 0.1115 0.1115 0.1115 0.1115 0.1115 0.1165 0.1165 0.106 0.106
0.101 0.1125 0.1125 0.1105 0.1105 0.1105 0.1155 0.1155 0.114 0.114 0.1165 0.1165 0.114 0.114 0.114 0.1155 0.1155 0.1195 0.1195 0.115 0.115 0.115 0.114 0.114 0.112 0.112 0.1185 0.1185 0.1185 0.113 0.113 0.1145 0.1145 0.1175 0.1175 0.1175 0.1215 0.1215 0.13 0.13 0.1275 0.1275 0.1275 0.1465 0.1465 0.138 0.138 0.136 0.136 0.14 0.14 0.14 0.137 0.137 0.1375 0.1375 0.149 0.149 0.149 0.145 0.145 0.13 0.13 0.112 0.112 0.112 0.1135 0.1135 0.1115 0.1115 0.1115 0.1115 0.1115 0.1165 0.1165 0.106 0.106
0.101 0.1125 0.1125 0.1105 0.1105 0.1105 0.1155 0.1155 0.114 0.114 0.1165 0.1165 0.114 0.114 0.114 0.1155 0.1155 0.1195 0.1195 0.115 0.115 0.115 0.114 0.114 0.112 0.112 0.1185 0.1185 0.1185 0.113 0.113 0.1145 0.1145 0.1175 0.1175 0.1175 0.1215 0.1215 0.13 0.13 0.1275 0.1275 0.1275 0.1465 0.1465 0.138 0.138 0.136 0.136 0.14 0.14 0.14 0.137 0.137 0.1375 0.1375 0.149 0.149 0.149 0.145 0.145 0.13 0.13 0.112 0.112 0.112 0.1135 0.1135 0.1115 0.1115 0.1115 0.1115 0.1115 0.1165 0.1165 0.106 0.106
0.1155 0.1125 0.1125 0.118 0.118 0.118 0.1195 0.1195 0.12 0.12 0.1265 0.1265 0.126 0.126 0.126 0.1295 0.1295 0.121 0.121 0.1235 0.1235 0.1235 0.1265 0.1265 0.1285 0.1285 0.133 0.133 0.133 0.132 0.132 0.1385 0.1385 0.1415 0.1415 0.1415 0.137 0.137 0.1395 0.1395 0.1425 0.1425 0.1425 0.1375 0.1375 0.1365 0.1365 0.1465 0.1465 0.143 0.143 0.143 0.1435 0.1435 0.141 0.141 0.137 0.137 0.137 0.134 0.134 0.129 0.129 0.1245 0.1245 0.1245 0.119 0.119 0.1165 0.1165 0.114 0.114 0.114 0.118 0.118 0.1105 0.1105
0.1155 0.1125 0.1125 0.118 0.118 0.118 0.1195 0.1195 0.12 0.12 0.1265 0.1265 0.126 0.126 0.126 0.1295 0.1295 0.121 0.121 0.1235 0.1235 0.1235 0.1265 0.1265 0.1285 0.1285 0.133 0.133 0.133 0.132 0.132 0.1385 0.1385 0.1415 0.1415 0.1415 0.137 0.137 0.1395 0.1395 0.1425 0.1425 0.1425 0.1375 0.1375 0.1365 0.1365 0.1465 0.1465 0.143 0.143 0.143 0.1435 0.1435 0.141 0.141 0.137 0.137 0.137 0.134 0.134 0.129 0.129 0.1245 0.1245 0.1245 0.119 0.119 0.1165 0.1165 0.114 0.114 0.114 0.118 0.118 0.1105 0.1105
0.1115 0.1115 0.1115 0.121 0.121 0.121 0.126 0.126 0.1285 0.1285 0.1255 0.1255 0.121 0.121 0.121 0.121 0.121 0.1315 0.1315 0.1235 0.1235 0.1235 0.13 0.13 0.1265 0.1265 0.1245 0.1245 0.1245 0.124 0.124 0.13 0.13 0.127 0.127 0.127 0.1345 0.1345 0.1355 0.1355 0.129 0.129 0.129 0.1375 0.1375 0.1305 0.1305 0.144 0.144 0.143 0.143 0.143 0.1465 0.1465 0.1345 0.1345 0.133 0.133 0.133 0.132 0.132 0.1335 0.1335 0.1245 0.1245 0.1245 0.121 0.121 0.1175 0.1175 0.1185 0.1185 0.1185 0.1155 0.1155 0.114 0.114
0.1115 0.1115 0.1115 0.121 0.121 0.121 0.126 0.126 0.1285 0.1285 0.1255 0.1255 0.121 0.121 0.121 0.121 0.121 0.1315 0.1315 0.1235 0.1235 0.1235 0.13 0.13 0.1265 0.1265 0.1245 0.1245 0.1245 0.124 0.124 0.13 0.13 0.127 0.127 0.127 0.1345 0.1345 0.1355 0.1355 0.129 0.129 0.129 0.1375 0.1375 0.1305 0.1305 0.144 0.144 0.143 0.143 0.143 0.1465 0.1465 0.1345 0.1345 0.133 0.133 0.133 0.132 0.132 0.1335 0.1335 0.1245 0.1245 0.1245 0.121 0.121 0.1175 0.1175 0.1185 0.1185 0.1185 0.1155 0.1155 0.114 0.114
0.1135 0.131 0.131 0.1185 0.1185 0.1185 0.121 0.121 0.122 0.122 0.122 0.122 0.128 0.128 0.128 0.1265 0.1265 0.129 0.129 0.13 0.13 0.13 0.1235 0.1235 0.13 0.13 0.123 0.123 0.123 0.126 0.126 0.119 0.119 0.1225 0.1225 0.1225 0.134 0.134 0.1285 0.1285 0.122 0.122 0.122 0.122 0.122 0.126 0.126 0.144 0.144 0.15 0.15 0.15 0.1325 0.1325 0.1295 0.1295 0.1355 0.1355 0.1355 0.1305 0.1305 0.128 0.128 0.126 0.126 0.126 0.122 0.122 0.1195 0.1195 0.118 0.118 0.118 0.1175 0.1175 0.1135 0.1135
0.1135 0.131 0.131 0.1185 0.1185 0.1185 0.121 0.121 0.122 0.122 0.122 0.122 0.128 0.128 0.128 0.1265 0.1265 0.129 0.129 0.13 0.13 0.13 0.1235 0.1235 0.13 0.13 0.123 0.123 0.123 0.126 0.126 0.119 0.119 0.1225 0.1225 0.1225 0.134 0.134 0.1285 0.1285 0.122 0.122 0.122 0.122 0.122 0.126 0.126 0.144 0.144 0.15 0.15 0.15 0.1325 0.1325 0.1295 0.1295 0.1355 0.1355 0.1355 0.1305 0.1305 0.128 0.128 0.126 0.126 0.126 0.122 0.122 0.1195 0.1195 0.118 0.118 0.118 0.1175 0.1175 0.1135 0.1135
0.124 0.1215 0.1215 0.1185 0.1185 0.1185 0.1155 0.1155 0.1115 0.1115 0.1265 0.1265 0.1235 0.1235 0.1235 0.1315 0.1315 0.129 0.129 0.124 0.124 0.124 0.1155 0.1155 0.1245 0.1245 0.126 0.126 0.126 0.122 0.122 0.122 0.122 0.119 0.119 0.119 0.122 0.122 0.1165 0.1165 0.1225 0.1225 0.1225 0.1325 0.1325 0.1405 0.1405 0.1515 0.1515 0.1455 0.1455 0.1455 0.1355 0.1355 0.1225 0.1225 0.1225 0.1225 0.1225 0.1265 0.1265 0.114 0.114 0.1025 0.1025 0.1025 0.1025 0.1025 0.1015 0.1015 0.107 0.107 0.107 0.1065 0.1065 0.1185 0.1185
0.124 0.1215 0.1215 0.1185 0.1185 0.1185 0.1155 0.1155 0.1115 0.1115 0.1265 0.1265 0.1235 0.1235 0.1235 0.1315 0.1315 0.129 0.129 0.124 0.124 0.124 0.1155 0.1155 0.1245 0.1245 0.126 0.126 0.126 0.122 0.122 0.122 0.122 0.119 0.119 0.119 0.122 0.122 0.1165 0.1165 0.1225 0.1225 0.1225 0.1325 0.1325 0.1405 0.1405 0.1515 0.1515 0.1455 0.1455 0.1455 0.1355 0.1355 0.1225 0.1225 0.1225 0.1225 0.1225 0.1265 0.1265 0.114 0.114 0.1025 0.1025 0.1025 0.1025 0.1025 0.1015 0.1015 0.107 0.107 0.107 0.1065 0.1065 0.1185 0.1185
0.124 0.1215 0.1215 0.1185 0.1185 0.1185 0.1155 0.1155 0.1115 0.1115 0.1265 0.1265 0.1235 0.1235 0.1235 0.1315 0.1315 0.129 0.129 0.124 0.124 0.124 0.1155 0.1155 0.1245 0.1245 0.126 0.126 0.126 0.122 0.122 0.122 0.122 0.119 0.119 0.119 0.122 0.122 0.1165 0.1165 0.1225 0.1225 0.1225 0.1325 0.1325 0.1405 0.1405 0.1515 0.1515 0.1455 0.1455 0.1455 0.1355 0.1355 0.1225 0.1225 0.1225 0.1225 0.1225 0.1265 0.1265 0.114 0.114 0.1025 0.1025 0.1025 0.1025 0.1025 0.1015 0.1015 0.107 0.107 0.107 0.1065 0.1065 0.1185 0.1185
0.121 0.126 0.126 0.1285 0.1285 0.1285 0.129 0.129 0.1305 0.1305 0.1215 0.1215 0.1235 0.1235 0.1235 0.1325 0.1325 0.125 0.125 0.131 0.131 0.131 0.1175 0.1175 0.1115 0.1115 0.118 0.118 0.118 0.121 0.121 0.1235 0.1235 0.1205 0.1205 0.1205 0.126 0.126 0.135 0.135 0.126 0.126 0.126 0.1355 0.1355 0.135 0.135 0.131 0.131 0.1115 0.1115 0.1115 0.1125 0.1125 0.134 0.134 0.1305 0.1305 0.1305 0.1125 0.1125 0.103 0.103 0.1055 0.1055 0.1055 0.09999999 0.09999999 0.1035 0.1035 0.105 0.105 0.105 0.1035 0.1035 0.1195 0.1195
0.121 0.126 0.126 0.1285 0.1285 0.1285 0.129 0.129 0.1305 0.1305 0.1215 0.1215 0.1235 0.1235 0.1235 0.1325 0.1325 0.125 0.125 0.131 0.131 0.131 0.1175 0.1175 0.1115 0.1115 0.118 0.118 0.118 0.121 0.121 0.1235 0.1235 0.1205 0.1205 0.1205 0.126 0.126 0.135 0.135 0.126 0.126 0.126 0.1355 0.1355 0.135 0.135 0.131 0.131 0.1115 0.1115 0.1115 0.1125 0.1125 0.134 0.134 0.1305 0.1305 0.1305 0.1125 0.1125 0.103 0.103 0.1055 0.1055 0.1055 0.09999999 0.09999999 0.1035 0.1035 0.105 0.105 0.105 0.1035 0.1035 0.1195 0.1195
0.1285 0.1295 0.1295 0.12 0.12 0.12 0.1265 0.1265 0.13 0.13 0.137 0.137 0.1335 0.1335 0.1335 0.141 0.141 0.1355 0.1355 0.1255 0.1255 0.1255 0.1275 0.1275 0.1285 0.1285 0.127 0.127 0.127 0.12 0.12 0.118 0.118 0.12 0.12 0.12 0.1165 0.1165 0.1085 0.1085 0.107 0.107 0.107 0.1045 0.1045 0.086 0.086 0.083 0.083 0.0785 0.0785 0.0785 0.104 0.104 0.1025 0.1025 0.1035 0.1035 0.1035 0.107 0.107 0.1095 0.1095 0.1015 0.1015 0.1015 0.104 0.104 0.103 0.103 0.11 0.11 0.11 0.11 0.11 0.1135 0.1135
0.1285 0.1295 0.1295 0.12 0.12 0.12 0.1265 0.1265 0.13 0.13 0.137 0.137 0.1335 0.1335 0.1335 0.141 0.141 0.1355 0.1355 0.1255 0.1255 0.1255 0.1275 0.1275 0.1285 0.1285 0.127 0.127 0.127 0.12 0.12 0.118 0.118 0.12 0.12 0.12 0.1165 0.1165 0.1085 0.1085 0.107 0.107 0.107 0.1045 0.1045 0.086 0.086 0.083 0.083 0.0785 0.0785 0.0785 0.104 0.104 0.1025 0.1025 0.1035 0.1035 0.1035 0.107 0.107 0.1095 0.1095 0.1015 0.1015 0.1015 0.104 0.104 0.103 0.103 0.11 0.11 0.11 0.11 0.11 0.1135 0.1135
0.125 0.131 0.131 0.1635 0.1635 0.1635 0.114 0.114 0.1095 0.1095 0.109 0.109 0.1145 0.1145 0.1145 0.1105 0.1105 0.1155 0.1155 0.1155 0.1155 0.1155 0.108 0.108 0.1075 0.1075 0.1055 0.1055 0.1055 0.0915 0.0915 0.0975 0.0975 0.0975 0.0975 0.0975 0.099 0.099 0.1225 0.1225 0.1415 0.1415 0.1415 0.1395 0.1395 0.1355 0.1355 0.1265 0.1265 0.1215 0.1215 0.1215 0.115 0.115 0.1105 0.1105 0.105 0.105 0.105 0.108 0.108 0.1105 0.1105 0.1105 0.1105 0.1105 0.1065 0.1065 0.1085 0.1085 0.107 0.107 0.107 0.1155 0.1155 0.1145 0.1145
0.125 0.131 0.131 0.1635 0.1635 0.1635 0.114 0.114 0.1095 0.1095 0.109 0.109 0.1145 0.1145 0.1145 0.1105 0.1105 0.1155 0.1155 0.1155 0.1155 0.1155 0.108 0.108 0.1075 0.1075 0.1055 0.1055 0.1055 0.0915 0.0915 0.0975 0.0975 0.0975 0.0975 0.0975 0.099 0.099 0.1225 0.1225 0.1415 0.1415 0.1415 0.1395 0.1395 0.1355 0.1355 0.1265 0.1265 0.1215 0.1215 0.1215 0.115 0.115 0.1105 0.1105 0.105 0.105 0.105 0.108 0.108 0.1105 0.1105 0.1105 0.1105 0.1105 0.1065 0.1065 0.1085 0.1085 0.107 0.107 0.107 0.1155 0.1155 0.1145 0.1145
0.125 0.131 0.131 0.1635 0.1635 0.1635 0.114 0.114 0.1095 0.1095 0.109 0.109 0.1145 0.1145 0.1145 0.1105 0.1105 0.1155 0.1155 0.1155 0.1155 0.1155 0.108 0.108 0.1075 0.1075 0.1055 0.1055 0.1055 0.0915 0.0915 0.0975 0.0975 0.0975 0.0975 0.0975 0.099 0.099 0.1225 0.1225 0.1415 0.1415 0.1415 0.1395 0.1395 0.1355 0.1355 0.1265 0.1265 0.1215 0.1215 0.1215 0.115 0.115 0.1105 0.1105 0.105 0.105 0.105 0.108 0.108 0.1105 0.1105 0.1105 0.1105 0.1105 0.1065 0.1065 0.1085 0.1085 0.107 0.107 0.107 0.1155 0.1155 0.1145 0.1145
0.1355 0.1445 0.1445 0.1485 0.1485 0.1485 0.1175 0.1175 0.1085 0.1085 0.1185 0.1185 0.1175 0.1175 0.1175 0.1375 0.1375 0.123 0.123 0.1185 0.1185 0.1185 0.1175 0.1175 0.1075 0.1075 0.1065 0.1065 0.1065 0.106 0.106 0.1015 0.1015 0.132 0.132 0.132 0.1415 0.1415 0.138 0.138 0.1285 0.1285 0.1285 0.127 0.127 0.1275 0.1275 0.1265 0.1265 0.124 0.124 0.124 0.1155 0.1155 0.114 0.114 0.11 0.11 0.11 0.1215 0.1215 0.1185 0.1185 0.1135 0.1135 0.1135 0.1185 0.1185 0.12 0.12 0.12 0.12 0.12 0.121 0.121 0.1045 0.1045
0.1355 0.1445 0.1445 0.1485 0.1485 0.1485 0.1175 0.1175 0.1085 0.1085 0.1185 0.1185 0.1175 0.1175 0.1175 0.1375 0.1375 0.123 0.123 0.1185 0.1185 0.1185 0.1175 0.1175 0.1075 0.1075 0.1065 0.1065 0.1065 0.106 0.106 0.1015 0.1015 0.132 0.132 0.132 0.1415 0.1415 0.138 0.138 0.1285 0.1285 0.1285 0.127 0.127 0.1275 0.1275 0.1265 0.1265 0.124 0.124 0.124 0.1155 0.1155 0.114 0.114 0.11 0.11 0.11 0.1215 0.1215 0.1185 0.1185 0.1135 0.1135 0.1135 0.1185 0.1185 0.12 0.12 0.12 0.12 0.12 0.121 0.121 0.1045 0.1045
0.124 0.128 0.128 0.152 0.152 0.152 0.139 0.139 0.1255 0.1255 0.131 0.131 0.131 0.131 0.131 0.1175 0.1175 0.12 0.12 0.1375 0.1375 0.1375 0.1395 0.1395 0.138 0.138 0.136 0.136 0.136 0.1405 0.1405 0.1695 0.1695 0.157 0.157 0.157 0.1395 0.1395 0.1295 0.1295 0.1275 0.1275 0.1275 0.13 0.13 0.126 0.126 0.134 0.134 0.123 0.123 0.123 0.121 0.121 0.121 0.121 0.1185 0.1185 0.1185 0.125 0.125 0.1215 0.1215 0.1215 0.1215 0.1215 0.125 0.125 0.12 0.12 0.12 0.12 0.12 0.116 0.116 0.1045 0.1045
0.124 0.128 0.128 0.152 0.152 0.152 0.139 0.139 0.1255 0.1255 0.131 0.131 0.131 0.131 0.131 0.1175 0.1175 0.12 0.12 0.1375 0.1375 0.1375 0.1395 0.1395 0.138 0.138 0.136 0.136 0.136 0.1405 0.1405 0.1695 0.1695 0.157 0.157 0.157 0.1395 0.1395 0.1295 0.1295 0.1275 0.1275 0.1275 0.13 0.13 0.126 0.126 0.134 0.134 0.123 0.123 0.123 0.121 0.121 0.121 0.121 0.1185 0.1185 0.1185 0.125 0.125 0.1215 0.1215 0.1215 0.1215 0.1215 0.125 0.125 0.12 0.12 0.12 0.12 0.12 0.116 0.116 0.1045 0.1045
0.131 0.133 0.133 0.169 0.169 0.169 0.1945 0.1945 0.1665 0.1665 0.144 0.144 0.1315 0.1315 0.1315 0.1335 0.1335 0.1385 0.1385 0.1395 0.1395 0.1395 0.14 0.14 0.1505 0.1505 0.1535 0.1535 0.1535 0.1545 0.1545 0.1485 0.1485 0.1365 0.1365 0.1365 0.1315 0.1315 0.1265 0.1265 0.1325 0.1325 0.1325 0.1285 0.1285 0.1305 0.1305 0.1415 0.1415 0.1355 0.1355 0.1355 0.13 0.13 0.123 0.123 0.1265 0.1265 0.1265 0.1205 0.1205 0.122 0.122 0.129 0.129 0.129 0.12 0.12 0.1165 0.1165 0.1175 0.1175 0.1175 0.126 0.126 0.1235 0.1235
0.131 0.133 0.133 0.169 0.169 0.169 0.1945 0.1945 0.1665 0.1665 0.144 0.144 0.1315 0.1315 0.1315 0.1335 0.1335 0.1385 0.1385 0.1395 0.1395 0.1395 0.14 0.14 0.1505 0.1505 0.1535 0.1535 0.1535 0.1545 0.1545 0.1485 0.1485 0.1365 0.1365 0.1365 0.1315 0.1315 0.1265 0.1265 0.1325 0.1325 0.1325 0.1285 0.1285 0.1305 0.1305 0.1415 0.1415 0.1355 0.1355 0.1355 0.13 0.13 0.123 0.123 0.1265 0.1265 0.1265 0.1205 0.1205 0.122 0.122 0.129 0.129 0.129 0.12 0.12 0.1165 0.1165 0.1175 0.1175 0.1175 0.126 0.126 0.1235 0.1235
0.131 0.133 0.133 0.169 0.169 0.169 0.1945 0.1945 0.1665 0.1665 0.144 0.144 0.1315 0.1315 0.1315 0.1335 0.1335 0.1385 0.1385 0.1395 0.1395 0.1395 0.14 0.14 0.1505 0.1505 0.1535 0.1535 0.1535 0.1545 0.1545 0.1485 0.1485 0.1365 0.1365 0.1365 0.1315 0.1315 0.1265 0.1265 0.1325 0.1325 0.1325 0.1285 0.1285 0.1305 0.1305 0.1415 0.1415 0.1355 0.1355 0.1355 0.13 0.13 0.123 0.123 0.1265 0.1265 0.1265 0.1205 0.1205 0.122 0.122 0.129 0.129 0.129 0.12 0.12 0.1165 0.1165 0.1175 0.1175 0.1175 0.126 0.126 0.1235 0.1235
0.12 0.1235 0.1235 0.1575 0.1575 0.1575 0.1785 0.1785 0.1735 0.1735 0.142 0.142 0.136 0.136 0.136 0.1345 0.1345 0.135 0.135 0.1375 0.1375 0.1375 0.135 0.135 0.1395 0.1395 0.14 0.14 0.14 0.131 0.131 0.131 0.131 0.1285 0.1285 0.1285 0.132 0.132 0.134 0.134 0.127 0.127 0.127 0.1325 0.1325 0.1335 0.1335 0.1455 0.1455 0.142 0.142 0.142 0.137 0.137 0.134 0.134 0.1225 0.1225 0.1225 0.12 0.12 0.132 0.132 0.1315 0.1315 0.1315 0.129 0.129 0.134 0.134 0.1315 0.1315 0.1315 0.1295 0.1295 0.1205 0.1205
0.12 0.1235 0.1235 0.1575 0.1575 0.1575 0.1785 0.1785 0.1735 0.1735 0.142 0.142 0.136 0.136 0.136 0.1345 0.1345 0.135 0.135 0.1375 0.1375 0.1375 0.135 0.135 0.1395 0.1395 0.14 0.14 0.14 0.131 0.131 0.131 0.131 0.1285 0.1285 0.1285 0.132 0.132 0.134 0.134 0.127 0.127 0.127 0.1325 0.1325 0.1335 0.1335 0.1455 0.1455 0.142 0.142 0.142 0.137 0.137 0.134 0.134 0.1225 0.1225 0.1225 0.12 0.12 0.132 0.132 0.1315 0.1315 0.1315 0.129 0.129 0.134 0.134 0.1315 0.1315 0.1315 0.1295 0.1295 0.1205 0.1205
0.125 0.126 0.126 0.135 0.135 0.135 0.147 0.147 0.1535 0.1535 0.128 0.128 0.123 0.123 0.123 0.128 0.128 0.1375 0.1375 0.14 0.14 0.14 0.1345 0.1345 0.144 0.144 0.145 0.145 0.145 0.157 0.157 0.1355 0.1355 0.129 0.129 0.129 0.1315 0.1315 0.1365 0.1365 0.1385 0.1385 0.1385 0.142 0.142 0.143 0.143 0.143 0.143 0.147 0.147 0.147 0.146 0.146 0.149 0.149 0.143 0.143 0.143 0.135 0.135 0.146 0.146 0.1395 0.1395 0.1395 0.1455 0.1455 0.14 0.14 0.14 0.14 0.14 0.1305 0.1305 0.1285 0.1285
0.125 0.126 0.126 0.135 0.135 0.135 0.147 0.147 0.1535 0.1535 0.128 0.128 0.123 0.123 0.123 0.128 0.128 0.1375 0.1375 0.14 0.14 0.14 0.1345 0.1345 0.144 0.144 0.145 0.145 0.145 0.157 0.157 0.1355 0.1355 0.129 0.129 0.129 0.1315 0.1315 0.1365 0.1365 0.1385 0.1385 0.1385 0.142 0.142 0.143 0.143 0.143 0.143 0.147 0.147 0.147 0.146 0.146 0.149 0.149 0.143 0.143 0.143 0.135 0.135 0.146 0.146 0.1395 0.1395 0.1395 0.1455 0.1455 0.14 0.14 0.14 0.14 0.14 0.1305 0.1305 0.1285 0.1285
0.1335 0.13 0.13 0.133 0.133 0.133 0.131 0.131 0.1375 0.1375 0.121 0.121 0.1095 0.1095 0.1095 0.122 0.122 0.1245 0.1245 0.123 0.123 0.123 0.1165 0.1165 0.138 0.138 0.1405 0.1405 0.1405 0.147 0.147 0.14 0.14 0.1285 0.1285 0.1285 0.1335 0.1335 0.131 0.131 0.1385 0.1385 0.1385 0.1335 0.1335 0.133 0.133 0.1485 0.1485 0.141 0.141 0.141 0.159 0.159 0.154 0.154 0.153 0.153 0.153 0.1575 0.1575 0.1505 0.1505 0.1475 0.1475 0.1475 0.152 0.152 0.1485 0.1485 0.142 0.142 0.142 0.1405 0.1405 0.139 0.139
0.1335 0.13 0.13 0.133 0.133 0.133 0.131 0.131 0.1375 0.1375 0.121 0.121 0.1095 0.1095 0.1095 0.122 0.122 0.1245 0.1245 0.123 0.123 0.123 0.1165 0.1165 0.138 0.138 0.1405 0.1405 0.1405 0.147 0.147 0.14 0.14 0.1285 0.1285 0.1285 0.1335 0.1335 0.131 0.131 0.1385 0.1385 0.1385 0.1335 0.1335 0.133 0.133 0.1485 0.1485 0.141 0.141 0.141 0.159 0.159 0.154 0.154 0.153 0.153 0.153 0.1575 0.1575 0.1505 0.1505 0.1475 0.1475 0.1475 0.152 0.152 0.1485 0.1485 0.142 0.142 0.142 0.1405 0.1405 0.139 0.139
0.1335 0.134 0.134 0.1345 0.1345 0.1345 0.1285 0.1285 0.1195 0.1195 0.119 0.119 0.114 0.114 0.114 0.1145 0.1145 0.12 0.12 0.1175 0.1175 0.1175 0.1165 0.1165 0.141 0.141 0.156 0.156 0.156 0.1455 0.1455 0.143 0.143 0.136 0.136 0.136 0.1365 0.1365 0.1345 0.1345 0.134 0.134 0.134 0.131 0.131 0.1335 0.1335 0.146 0.146 0.143 0.143 0.143 0.1455 0.1455 0.1435 0.1435 0.1405 0.1405 0.1405 0.152 0.152 0.1425 0.1425 0.142 0.142 0.142 0.1395 0.1395 0.142 0.142 0.143 0.143 0.143 0.1435 0.1435 0.141 0.141
