ndvi/NOAA-269.asc
ncols         252
nrows         154
xllcorner     -18.017974
yllcorner     13.481982
cellsize      0.035948
NODATA_value  -9999
[rows 0 to 33 of 154, columns 154 to 230 of 252]
0.07600001 0.079 0.079 0.079 0.079 0.079 0.091 0.091 0.1025 0.1025 0.098 0.098 0.0935 0.0935 0.0935 0.1015 0.1015 0.097 0.097 0.0945 0.0945 0.0945 0.0995 0.0995 0.096 0.096 0.094 0.094 0.094 0.099 0.099 0.0955 0.0955 0.092 0.092 0.092 0.089 0.089 0.0835 0.0835 0.08750001 0.08750001 0.08750001 0.092 0.092 0.0955 0.0955 0.1 0.1 0.098 0.098 0.098 0.0905 0.0905 0.09 0.09 0.09 0.09 0.09 0.0915 0.0915 0.092 0.092 0.091 0.091 0.091 0.0875 0.0875 0.084 0.084 0.091 0.091 0.091 0.0845 0.0845 0.078 0.078
0.07600001 0.079 0.079 0.079 0.079 0.079 0.091 0.091 0.1025 0.1025 0.098 0.098 0.0935 0.0935 0.0935 0.1015 0.1015 0.097 0.097 0.0945 0.0945 0.0945 0.0995 0.0995 0.096 0.096 0.094 0.094 0.094 0.099 0.099 0.0955 0.0955 0.092 0.092 0.092 0.089 0.089 0.0835 0.0835 0.08750001 0.08750001 0.08750001 0.092 0.092 0.0955 0.0955 0.1 0.1 0.098 0.098 0.098 0.0905 0.0905 0.09 0.09 0.09 0.09 0.09 0.0915 0.0915 0.092 0.092 0.091 0.091 0.091 0.0875 0.0875 0.084 0.084 0.091 0.091 0.091 0.0845 0.0845 0.078 0.078
0.0825 0.0845 0.0845 0.085 0.085 0.085 0.101 0.101 0.1 0.1 0.1 0.1 0.0995 0.0995 0.0995 0.0975 0.0975 0.09100001 0.09100001 0.09100001 0.09100001 0.09100001 0.09100001 0.09100001 0.095 0.095 0.0955 0.0955 0.0955 0.092 0.092 0.1 0.1 0.0995 0.0995 0.0995 0.107 0.107 0.107 0.107 0.1055 0.1055 0.1055 0.114 0.114 0.1155 0.1155 0.107 0.107 0.1085 0.1085 0.1085 0.1105 0.1105 0.1055 0.1055 0.1065 0.1065 0.1065 0.1015 0.1015 0.099 0.099 0.097 0.097 0.097 0.0955 0.0955 0.094 0.094 0.0855 0.0855 0.0855 0.087 0.087 0.083 0.083
0.0825 0.0845 0.0845 0.085 0.085 0.085 0.101 0.101 0.1 0.1 0.1 0.1 0.0995 0.0995 0.0995 0.0975 0.0975 0.09100001 0.09100001 0.09100001 0.09100001 0.09100001 0.09100001 0.09100001 0.095 0.095 0.0955 0.0955 0.0955 0.092 0.092 0.1 0.1 0.0995 0.0995 0.0995 0.107 0.107 0.107 0.107 0.1055 0.1055 0.1055 0.114 0.114 0.1155 0.1155 0.107 0.107 0.1085 0.1085 0.1085 0.1105 0.1105 0.1055 0.1055 0.1065 0.1065 0.1065 0.1015 0.1015 0.099 0.099 0.097 0.097 0.097 0.0955 0.0955 0.094 0.094 0.0855 0.0855 0.0855 0.087 0.087 0.083 0.083
0.0825 0.0845 0.0845 0.085 0.085 0.085 0.101 0.101 0.1 0.1 0.1 0.1 0.0995 0.0995 0.0995 0.0975 0.0975 0.09100001 0.09100001 0.09100001 0.09100001 0.09100001 0.09100001 0.09100001 0.095 0.095 0.0955 0.0955 0.0955 0.092 0.092 0.1 0.1 0.0995 0.0995 0.0995 0.107 0.107 0.107 0.107 0.1055 0.1055 0.1055 0.114 0.114 0.1155 0.1155 0.107 0.107 0.1085 0.1085 0.1085 0.1105 0.1105 0.1055 0.1055 0.1065 0.1065 0.1065 0.1015 0.1015 0.099 0.099 0.097 0.097 0.097 0.0955 0.0955 0.094 0.094 0.0855 0.0855 0.0855 0.087 0.087 0.083 0.083
0.09450001 0.095 0.095 0.0975 0.0975 0.0975 0.097 0.097 0.1115 0.1115 0.099 0.099 0.104 0.104 0.104 0.107 0.107 0.101 0.101 0.1 0.1 0.1 0.102 0.102 0.104 0.104 0.1045 0.1045 0.1045 0.109 0.109 0.1185 0.1185 0.1145 0.1145 0.1145 0.1105 0.1105 0.111 0.111 0.1185 0.1185 0.1185 0.1195 0.1195 0.118 0.118 0.107 0.107 0.1065 0.1065 0.1065 0.108 0.108 0.1045 0.1045 0.101 0.101 0.101 0.107 0.107 0.101 0.101 0.102 0.102 0.102 0.095 0.095 0.0985 0.0985 0.0915 0.0915 0.0915 0.0845 0.0845 0.0855 0.0855
0.09450001 0.095 0.095 0.0975 0.0975 0.0975 0.097 0.097 0.1115 0.1115 0.099 0.099 0.104 0.104 0.104 0.107 0.107 0.101 0.101 0.1 0.1 0.1 0.102 0.102 0.104 0.104 0.1045 0.1045 0.1045 0.109 0.109 0.1185 0.1185 0.1145 0.1145 0.1145 0.1105 0.1105 0.111 0.111 0.1185 0.1185 0.1185 0.1195 0.1195 0.118 0.118 0.107 0.107 0.1065 0.1065 0.1065 0.108 0.108 0.1045 0.1045 0.101 0.101 0.101 0.107 0.107 0.101 0.101 0.102 0.102 0.102 0.095 0.095 0.0985 0.0985 0.0915 0.0915 0.0915 0.0845 0.0845 0.0855 0.0855
0.0935 0.09450001 0.09450001 0.096 0.096 0.096 0.108 0.108 0.115 0.115 0.1055 0.1055 0.1045 0.1045 0.1045 0.105 0.105 0.1125 0.1125 0.113 0.113 0.113 0.1055 0.1055 0.1105 0.1105 0.107 0.107 0.107 0.102 0.102 0.1105 0.1105 0.1035 0.1035 0.1035 0.11 0.11 0.1085 0.1085 0.1175 0.1175 0.1175 0.1145 0.1145 0.113 0.113 0.113 0.113 0.111 0.111 0.111 0.1015 0.1015 0.104 0.104 0.103 0.103 0.103 0.104 0.104 0.1035 0.1035 0.102 0.102 0.102 0.096 0.096 0.0915 0.0915 0.092 0.092 0.092 0.0885 0.0885 0.0905 0.0905
0.0935 0.09450001 0.09450001 0.096 0.096 0.096 0.108 0.108 0.115 0.115 0.1055 0.1055 0.1045 0.1045 0.1045 0.105 0.105 0.1125 0.1125 0.113 0.113 0.113 0.1055 0.1055 0.1105 0.1105 0.107 0.107 0.107 0.102 0.102 0.1105 0.1105 0.1035 0.1035 0.1035 0.11 0.11 0.1085 0.1085 0.1175 0.1175 0.1175 0.1145 0.1145 0.113 0.113 0.113 0.113 0.111 0.111 0.111 0.1015 0.1015 0.104 0.104 0.103 0.103 0.103 0.104 0.104 0.1035 0.1035 0.102 0.102 0.102 0.096 0.096 0.0915 0.0915 0.092 0.092 0.092 0.0885 0.0885 0.0905 0.0905
0.096 0.0995 0.0995 0.1055 0.1055 0.1055 0.1075 0.1075 0.107 0.107 0.1085 0.1085 0.102 0.102 0.102 0.1015 0.1015 0.1035 0.1035 0.1105 0.1105 0.1105 0.1105 0.1105 0.1135 0.1135 0.1105 0.1105 0.1105 0.105 0.105 0.099 0.099 0.102 0.102 0.102 0.103 0.103 0.1085 0.1085 0.098 0.098 0.098 0.097 0.097 0.0965 0.0965 0.113 0.113 0.1075 0.1075 0.1075 0.1045 0.1045 0.103 0.103 0.0985 0.0985 0.0985 0.097 0.097 0.103 0.103 0.096 0.096 0.096 0.09 0.09 0.0895 0.0895 0.0895 0.0895 0.0895 0.0875 0.0875 0.088 0.088
0.096 0.0995 0.0995 0.1055 0.1055 0.1055 0.1075 0.1075 0.107 0.107 0.1085 0.1085 0.102 0.102 0.102 0.1015 0.1015 0.1035 0.1035 0.1105 0.1105 0.1105 0.1105 0.1105 0.1135 0.1135 0.1105 0.1105 0.1105 0.105 0.105 0.099 0.099 0.102 0.102 0.102 0.103 0.103 0.1085 0.1085 0.098 0.098 0.098 0.097 0.097 0.0965 0.0965 0.113 0.113 0.1075 0.1075 0.1075 0.1045 0.1045 0.103 0.103 0.0985 0.0985 0.0985 0.097 0.097 0.103 0.103 0.096 0.096 0.096 0.09 0.09 0.0895 0.0895 0.0895 0.0895 0.0895 0.0875 0.0875 0.088 0.088
0.103 0.1075 0.1075 0.1105 0.1105 0.1105 0.109 0.109 0.1035 0.1035 0.107 0.107 0.1025 0.1025 0.1025 0.1065 0.1065 0.1065 0.1065 0.11 0.11 0.11 0.1 0.1 0.109 0.109 0.1125 0.1125 0.1125 0.1065 0.1065 0.102 0.102 0.099 0.099 0.099 0.1015 0.1015 0.097 0.097 0.09299999 0.09299999 0.09299999 0.0985 0.0985 0.1065 0.1065 0.12 0.12 0.113 0.113 0.113 0.1035 0.1035 0.103 0.103 0.093 0.093 0.093 0.09 0.09 0.095 0.095 0.0845 0.0845 0.0845 0.0765 0.0765 0.07799999 0.07799999 0.08499999 0.08499999 0.08499999 0.0805 0.0805 0.0905 0.0905
0.103 0.1075 0.1075 0.1105 0.1105 0.1105 0.109 0.109 0.1035 0.1035 0.107 0.107 0.1025 0.1025 0.1025 0.1065 0.1065 0.1065 0.1065 0.11 0.11 0.11 0.1 0.1 0.109 0.109 0.1125 0.1125 0.1125 0.1065 0.1065 0.102 0.102 0.099 0.099 0.099 0.1015 0.1015 0.097 0.097 0.09299999 0.09299999 0.09299999 0.0985 0.0985 0.1065 0.1065 0.12 0.12 0.113 0.113 0.113 0.1035 0.1035 0.103 0.103 0.093 0.093 0.093 0.09 0.09 0.095 0.095 0.0845 0.0845 0.0845 0.0765 0.0765 0.07799999 0.07799999 0.08499999 0.08499999 0.08499999 0.0805 0.0805 0.0905 0.0905
0.103 0.1075 0.1075 0.1105 0.1105 0.1105 0.109 0.109 0.1035 0.1035 0.107 0.107 0.1025 0.1025 0.1025 0.1065 0.1065 0.1065 0.1065 0.11 0.11 0.11 0.1 0.1 0.109 0.109 0.1125 0.1125 0.1125 0.1065 0.1065 0.102 0.102 0.099 0.099 0.099 0.1015 0.1015 0.097 0.097 0.09299999 0.09299999 0.09299999 0.0985 0.0985 0.1065 0.1065 0.12 0.12 0.113 0.113 0.113 0.1035 0.1035 0.103 0.103 0.093 0.093 0.093 0.09 0.09 0.095 0.095 0.0845 0.0845 0.0845 0.0765 0.0765 0.07799999 0.07799999 0.08499999 0.08499999 0.08499999 0.0805 0.0805 0.0905 0.0905
0.1015 0.109 0.109 0.105 0.105 0.105 0.114 0.114 0.118 0.118 0.1155 0.1155 0.1125 0.1125 0.1125 0.1045 0.1045 0.1095 0.1095 0.1095 0.1095 0.1095 0.102 0.102 0.101 0.101 0.1065 0.1065 0.1065 0.1045 0.1045 0.1005 0.1005 0.0975 0.0975 0.0975 0.094 0.094 0.1035 0.1035 0.1015 0.1015 0.1015 0.097 0.097 0.105 0.105 0.096 0.096 0.086 0.086 0.086 0.0875 0.0875 0.109 0.109 0.104 0.104 0.104 0.0875 0.0875 0.08 0.08 0.08149999 0.08149999 0.08149999 0.0775 0.0775 0.074 0.074 0.0815 0.0815 0.0815 0.081 0.081 0.0985 0.0985
0.1015 0.109 0.109 0.105 0.105 0.105 0.114 0.114 0.118 0.118 0.1155 0.1155 0.1125 0.1125 0.1125 0.1045 0.1045 0.1095 0.1095 0.1095 0.1095 0.1095 0.102 0.102 0.101 0.101 0.1065 0.1065 0.1065 0.1045 0.1045 0.1005 0.1005 0.0975 0.0975 0.0975 0.094 0.094 0.1035 0.1035 0.1015 0.1015 0.1015 0.097 0.097 0.105 0.105 0.096 0.096 0.086 0.086 0.086 0.0875 0.0875 0.109 0.109 0.104 0.104 0.104 0.0875 0.0875 0.08 0.08 0.08149999 0.08149999 0.08149999 0.0775 0.0775 0.074 0.074 0.0815 0.0815 0.0815 0.081 0.081 0.0985 0.0985
0.1105 0.1035 0.1035 0.1045 0.1045 0.1045 0.111 0.111 0.11 0.11 0.1095 0.1095 0.105 0.105 0.105 0.1155 0.1155 0.12 0.12 0.1155 0.1155 0.1155 0.103 0.103 0.103 0.103 0.103 0.103 0.103 0.1035 0.1035 0.092 0.092 0.091 0.091 0.091 0.086 0.086 0.0835 0.0835 0.0735 0.0735 0.0735 0.064 0.064 0.06 0.06 0.0455 0.0455 0.0351 0.0351 0.0351 0.06900001 0.06900001 0.081 0.081 0.0835 0.0835 0.0835 0.081 0.081 0.082 0.082 0.081 0.081 0.081 0.08149999 0.08149999 0.0755 0.0755 0.0785 0.0785 0.0785 0.07600001 0.07600001 0.092 0.092
0.1105 0.1035 0.1035 0.1045 0.1045 0.1045 0.111 0.111 0.11 0.11 0.1095 0.1095 0.105 0.105 0.105 0.1155 0.1155 0.12 0.12 0.1155 0.1155 0.1155 0.103 0.103 0.103 0.103 0.103 0.103 0.103 0.1035 0.1035 0.092 0.092 0.091 0.091 0.091 0.086 0.086 0.0835 0.0835 0.0735 0.0735 0.0735 0.064 0.064 0.06 0.06 0.0455 0.0455 0.0351 0.0351 0.0351 0.06900001 0.06900001 0.081 0.081 0.0835 0.0835 0.0835 0.081 0.081 0.082 0.082 0.081 0.081 0.081 0.08149999 0.08149999 0.0755 0.0755 0.0785 0.0785 0.0785 0.07600001 0.07600001 0.092 0.092
0.1085 0.087 0.087 0.0975 0.0975 0.0975 0.087 0.087 0.0845 0.0845 0.09649999 0.09649999 0.098 0.098 0.098 0.0985 0.0985 0.09450001 0.09450001 0.0955 0.0955 0.0955 0.091 0.091 0.0905 0.0905 0.089 0.089 0.089 0.079 0.079 0.0745 0.0745 0.07 0.07 0.07 0.072 0.072 0.086 0.086 0.0895 0.0895 0.0895 0.0865 0.0865 0.087 0.087 0.09 0.09 0.088 0.088 0.088 0.082 0.082 0.082 0.082 0.081 0.081 0.081 0.081 0.081 0.084 0.084 0.08 0.08 0.08 0.072 0.072 0.0715 0.0715 0.072 0.072 0.072 0.084 0.084 0.0905 0.0905
0.1085 0.087 0.087 0.0975 0.0975 0.0975 0.087 0.087 0.0845 0.0845 0.09649999 0.09649999 0.098 0.098 0.098 0.0985 0.0985 0.09450001 0.09450001 0.0955 0.0955 0.0955 0.091 0.091 0.0905 0.0905 0.089 0.089 0.089 0.079 0.079 0.0745 0.0745 0.07 0.07 0.07 0.072 0.072 0.086 0.086 0.0895 0.0895 0.0895 0.0865 0.0865 0.087 0.087 0.09 0.09 0.088 0.088 0.088 0.082 0.082 0.082 0.082 0.081 0.081 0.081 0.081 0.081 0.084 0.084 0.08 0.08 0.08 0.072 0.072 0.0715 0.0715 0.072 0.072 0.072 0.084 0.084 0.0905 0.0905
0.1085 0.087 0.087 0.0975 0.0975 0.0975 0.087 0.087 0.0845 0.0845 0.09649999 0.09649999 0.098 0.098 0.098 0.0985 0.0985 0.09450001 0.09450001 0.0955 0.0955 0.0955 0.091 0.091 0.0905 0.0905 0.089 0.089 0.089 0.079 0.079 0.0745 0.0745 0.07 0.07 0.07 0.072 0.072 0.086 0.086 0.0895 0.0895 0.0895 0.0865 0.0865 0.087 0.087 0.09 0.09 0.088 0.088 0.088 0.082 0.082 0.082 0.082 0.081 0.081 0.081 0.081 0.081 0.084 0.084 0.08 0.08 0.08 0.072 0.072 0.0715 0.0715 0.072 0.072 0.072 0.084 0.084 0.0905 0.0905
0.0965 0.13 0.13 0.101 0.101 0.101 0.0925 0.0925 0.08050001 0.08050001 0.0955 0.0955 0.0995 0.0995 0.0995 0.1005 0.1005 0.1015 0.1015 0.0995 0.0995 0.0995 0.095 0.095 0.102 0.102 0.0845 0.0845 0.0845 0.08499999 0.08499999 0.0815 0.0815 0.099 0.099 0.099 0.111 0.111 0.104 0.104 0.098 0.098 0.098 0.09 0.09 0.0915 0.0915 0.09 0.09 0.0835 0.0835 0.0835 0.083 0.083 0.0815 0.0815 0.082 0.082 0.082 0.082 0.082 0.0855 0.0855 0.08050001 0.08050001 0.08050001 0.0785 0.0785 0.0825 0.0825 0.0825 0.0825 0.0825 0.083 0.083 0.08750001 0.08750001
0.0965 0.13 0.13 0.101 0.101 0.101 0.0925 0.0925 0.08050001 0.08050001 0.0955 0.0955 0.0995 0.0995 0.0995 0.1005 0.1005 0.1015 0.1015 0.0995 0.0995 0.0995 0.095 0.095 0.102 0.102 0.0845 0.0845 0.0845 0.08499999 0.08499999 0.0815 0.0815 0.099 0.099 0.099 0.111 0.111 0.104 0.104 0.098 0.098 0.098 0.09 0.09 0.0915 0.0915 0.09 0.09 0.0835 0.0835 0.0835 0.083 0.083 0.0815 0.0815 0.082 0.082 0.082 0.082 0.082 0.0855 0.0855 0.08050001 0.08050001 0.08050001 0.0785 0.0785 0.0825 0.0825 0.0825 0.0825 0.0825 0.083 0.083 0.08750001 0.08750001
0.101 0.1145 0.1145 0.104 0.104 0.104 0.104 0.104 0.0935 0.0935 0.098 0.098 0.1075 0.1075 0.1075 0.099 0.099 0.103 0.103 0.0995 0.0995 0.0995 0.113 0.113 0.114 0.114 0.1125 0.1125 0.1125 0.1085 0.1085 0.108 0.108 0.127 0.127 0.127 0.1185 0.1185 0.1005 0.1005 0.0935 0.0935 0.0935 0.0915 0.0915 0.087 0.087 0.0845 0.0845 0.0795 0.0795 0.0795 0.077 0.077 0.0775 0.0775 0.0835 0.0835 0.0835 0.0835 0.0835 0.0875 0.0875 0.0895 0.0895 0.0895 0.083 0.083 0.087 0.087 0.083 0.083 0.083 0.08050001 0.08050001 0.0755 0.0755
0.101 0.1145 0.1145 0.104 0.104 0.104 0.104 0.104 0.0935 0.0935 0.098 0.098 0.1075 0.1075 0.1075 0.099 0.099 0.103 0.103 0.0995 0.0995 0.0995 0.113 0.113 0.114 0.114 0.1125 0.1125 0.1125 0.1085 0.1085 0.108 0.108 0.127 0.127 0.127 0.1185 0.1185 0.1005 0.1005 0.0935 0.0935 0.0935 0.0915 0.0915 0.087 0.087 0.0845 0.0845 0.0795 0.0795 0.0795 0.077 0.077 0.0775 0.0775 0.0835 0.0835 0.0835 0.0835 0.0835 0.0875 0.0875 0.0895 0.0895 0.0895 0.083 0.083 0.087 0.087 0.083 0.083 0.083 0.08050001 0.08050001 0.0755 0.0755
0.1045 0.109 0.109 0.1335 0.1335 0.1335 0.125 0.125 0.12 0.12 0.1055 0.1055 0.1145 0.1145 0.1145 0.1105 0.1105 0.111 0.111 0.114 0.114 0.114 0.1135 0.1135 0.12 0.12 0.1235 0.1235 0.1235 0.1255 0.1255 0.131 0.131 0.126 0.126 0.126 0.1185 0.1185 0.0985 0.0985 0.0955 0.0955 0.0955 0.092 0.092 0.0925 0.0925 0.0845 0.0845 0.0875 0.0875 0.0875 0.083 0.083 0.0825 0.0825 0.0865 0.0865 0.0865 0.086 0.086 0.086 0.086 0.087 0.087 0.087 0.0905 0.0905 0.0825 0.0825 0.0835 0.0835 0.0835 0.081 0.081 0.0835 0.0835
0.1045 0.109 0.109 0.1335 0.1335 0.1335 0.125 0.125 0.12 0.12 0.1055 0.1055 0.1145 0.1145 0.1145 0.1105 0.1105 0.111 0.111 0.114 0.114 0.114 0.1135 0.1135 0.12 0.12 0.1235 0.1235 0.1235 0.1255 0.1255 0.131 0.131 0.126 0.126 0.126 0.1185 0.1185 0.0985 0.0985 0.0955 0.0955 0.0955 0.092 0.092 0.0925 0.0925 0.0845 0.0845 0.0875 0.0875 0.0875 0.083 0.083 0.0825 0.0825 0.0865 0.0865 0.0865 0.086 0.086 0.086 0.086 0.087 0.087 0.087 0.0905 0.0905 0.0825 0.0825 0.0835 0.0835 0.0835 0.081 0.081 0.0835 0.0835
0.1045 0.109 0.109 0.1335 0.1335 0.1335 0.125 0.125 0.12 0.12 0.1055 0.1055 0.1145 0.1145 0.1145 0.1105 0.1105 0.111 0.111 0.114 0.114 0.114 0.1135 0.1135 0.12 0.12 0.1235 0.1235 0.1235 0.1255 0.1255 0.131 0.131 0.126 0.126 0.126 0.1185 0.1185 0.0985 0.0985 0.0955 0.0955 0.0955 0.092 0.092 0.0925 0.0925 0.0845 0.0845 0.0875 0.0875 0.0875 0.083 0.083 0.0825 0.0825 0.0865 0.0865 0.0865 0.086 0.086 0.086 0.086 0.087 0.087 0.087 0.0905 0.0905 0.0825 0.0825 0.0835 0.0835 0.0835 0.081 0.081 0.0835 0.0835
0.1045 0.0975 0.0975 0.126 0.126 0.126 0.1175 0.1175 0.1115 0.1115 0.1135 0.1135 0.1105 0.1105 0.1105 0.1175 0.1175 0.12 0.12 0.1105 0.1105 0.1105 0.11 0.11 0.1265 0.1265 0.1165 0.1165 0.1165 0.131 0.131 0.122 0.122 0.113 0.113 0.113 0.11 0.11 0.101 0.101 0.09450001 0.09450001 0.09450001 0.095 0.095 0.0925 0.0925 0.092 0.092 0.094 0.094 0.094 0.0895 0.0895 0.0885 0.0885 0.0865 0.0865 0.0865 0.08750001 0.08750001 0.099 0.099 0.095 0.095 0.095 0.093 0.093 0.101 0.101 0.105 0.105 0.105 0.1055 0.1055 0.092 0.092
0.1045 0.0975 0.0975 0.126 0.126 0.126 0.1175 0.1175 0.1115 0.1115 0.1135 0.1135 0.1105 0.1105 0.1105 0.1175 0.1175 0.12 0.12 0.1105 0.1105 0.1105 0.11 0.11 0.1265 0.1265 0.1165 0.1165 0.1165 0.131 0.131 0.122 0.122 0.113 0.113 0.113 0.11 0.11 0.101 0.101 0.09450001 0.09450001 0.09450001 0.095 0.095 0.0925 0.0925 0.092 0.092 0.094 0.094 0.094 0.0895 0.0895 0.0885 0.0885 0.0865 0.0865 0.0865 0.08750001 0.08750001 0.099 0.099 0.095 0.095 0.095 0.093 0.093 0.101 0.101 0.105 0.105 0.105 0.1055 0.1055 0.092 0.092
0.119 0.1065 0.1065 0.129 0.129 0.129 0.125 0.125 0.114 0.114 0.117 0.117 0.1085 0.1085 0.1085 0.115 0.115 0.103 0.103 0.0985 0.0985 0.0985 0.119 0.119 0.133 0.133 0.125 0.125 0.125 0.1285 0.1285 0.112 0.112 0.105 0.105 0.105 0.11 0.11 0.1035 0.1035 0.1005 0.1005 0.1005 0.0995 0.0995 0.103 0.103 0.1035 0.1035 0.107 0.107 0.107 0.103 0.103 0.098 0.098 0.1005 0.1005 0.1005 0.1005 0.1005 0.101 0.101 0.1025 0.1025 0.1025 0.112 0.112 0.1115 0.1115 0.1005 0.1005 0.1005 0.0955 0.0955 0.09299999 0.09299999
0.119 0.1065 0.1065 0.129 0.129 0.129 0.125 0.125 0.114 0.114 0.117 0.117 0.1085 0.1085 0.1085 0.115 0.115 0.103 0.103 0.0985 0.0985 0.0985 0.119 0.119 0.133 0.133 0.125 0.125 0.125 0.1285 0.1285 0.112 0.112 0.105 0.105 0.105 0.11 0.11 0.1035 0.1035 0.1005 0.1005 0.1005 0.0995 0.0995 0.103 0.103 0.1035 0.1035 0.107 0.107 0.107 0.103 0.103 0.098 0.098 0.1005 0.1005 0.1005 0.1005 0.1005 0.101 0.101 0.1025 0.1025 0.1025 0.112 0.112 0.1115 0.1115 0.1005 0.1005 0.1005 0.0955 0.0955 0.09299999 0.09299999
0.1335 0.098 0.098 0.1155 0.1155 0.1155 0.115 0.115 0.112 0.112 0.099 0.099 0.098 0.098 0.098 0.1085 0.1085 0.104 0.104 0.0915 0.0915 0.0915 0.1045 0.1045 0.108 0.108 0.117 0.117 0.117 0.133 0.133 0.1215 0.1215 0.1 0.1 0.1 0.1115 0.1115 0.1045 0.1045 0.117 0.117 0.117 0.1045 0.1045 0.1085 0.1085 0.138 0.138 0.1235 0.1235 0.1235 0.122 0.122 0.1085 0.1085 0.1075 0.1075 0.1075 0.106 0.106 0.1145 0.1145 0.112 0.112 0.112 0.1135 0.1135 0.111 0.111 0.1185 0.1185 0.1185 0.1125 0.1125 0.101 0.101
0.1335 0.098 0.098 0.1155 0.1155 0.1155 0.115 0.115 0.112 0.112 0.099 0.099 0.098 0.098 0.098 0.1085 0.1085 0.104 0.104 0.0915 0.0915 0.0915 0.1045 0.1045 0.108 0.108 0.117 0.117 0.117 0.133 0.133 0.1215 0.1215 0.1 0.1 0.1 0.1115 0.1115 0.1045 0.1045 0.117 0.117 0.117 0.1045 0.1045 0.1085 0.1085 0.138 0.138 0.1235 0.1235 0.1235 0.122 0.122 0.1085 0.1085 0.1075 0.1075 0.1075 0.106 0.106 0.1145 0.1145 0.112 0.112 0.112 0.1135 0.1135 0.111 0.111 0.1185 0.1185 0.1185 0.1125 0.1125 0.101 0.101
