ndvi/NOAA-265.asc
ncols         252
nrows         154
xllcorner     -18.017974
yllcorner     13.481982
cellsize      0.035948
NODATA_value  -9999
[rows 34 to 67 of 154, columns 154 to 230 of 252]
0.156 0.143 0.143 0.1265 0.1265 0.1265 0.1495 0.1495 0.139 0.139 0.145 0.145 0.131 0.131 0.131 0.136 0.136 0.1335 0.1335 0.1175 0.1175 0.1175 0.1115 0.1115 0.1435 0.1435 0.168 0.168 0.168 0.1555 0.1555 0.1555 0.1555 0.153 0.153 0.153 0.1495 0.1495 0.1485 0.1485 0.146 0.146 0.146 0.141 0.141 0.141 0.141 0.148 0.148 0.147 0.147 0.147 0.1365 0.1365 0.143 0.143 0.148 0.148 0.148 0.157 0.157 0.1395 0.1395 0.132 0.132 0.132 0.134 0.134 0.1345 0.1345 0.1445 0.1445 0.1445 0.1295 0.1295 0.1255 0.1255
0.156 0.143 0.143 0.1265 0.1265 0.1265 0.1495 0.1495 0.139 0.139 0.145 0.145 0.131 0.131 0.131 0.136 0.136 0.1335 0.1335 0.1175 0.1175 0.1175 0.1115 0.1115 0.1435 0.1435 0.168 0.168 0.168 0.1555 0.1555 0.1555 0.1555 0.153 0.153 0.153 0.1495 0.1495 0.1485 0.1485 0.146 0.146 0.146 0.141 0.141 0.141 0.141 0.148 0.148 0.147 0.147 0.147 0.1365 0.1365 0.143 0.143 0.148 0.148 0.148 0.157 0.157 0.1395 0.1395 0.132 0.132 0.132 0.134 0.134 0.1345 0.1345 0.1445 0.1445 0.1445 0.1295 0.1295 0.1255 0.1255
0.156 0.143 0.143 0.1265 0.1265 0.1265 0.1495 0.1495 0.139 0.139 0.145 0.145 0.131 0.131 0.131 0.136 0.136 0.1335 0.1335 0.1175 0.1175 0.1175 0.1115 0.1115 0.1435 0.1435 0.168 0.168 0.168 0.1555 0.1555 0.1555 0.1555 0.153 0.153 0.153 0.1495 0.1495 0.1485 0.1485 0.146 0.146 0.146 0.141 0.141 0.141 0.141 0.148 0.148 0.147 0.147 0.147 0.1365 0.1365 0.143 0.143 0.148 0.148 0.148 0.157 0.157 0.1395 0.1395 0.132 0.132 0.132 0.134 0.134 0.1345 0.1345 0.1445 0.1445 0.1445 0.1295 0.1295 0.1255 0.1255
0.154 0.1495 0.1495 0.135 0.135 0.135 0.1515 0.1515 0.1365 0.1365 0.1285 0.1285 0.13 0.13 0.13 0.111 0.111 0.1305 0.1305 0.126 0.126 0.126 0.1275 0.1275 0.1545 0.1545 0.16 0.16 0.16 0.181 0.181 0.1635 0.1635 0.172 0.172 0.172 0.1635 0.1635 0.1525 0.1525 0.1445 0.1445 0.1445 0.1475 0.1475 0.147 0.147 0.1445 0.1445 0.1445 0.1445 0.1445 0.161 0.161 0.157 0.157 0.1445 0.1445 0.1445 0.1505 0.1505 0.162 0.162 0.1505 0.1505 0.1505 0.1415 0.1415 0.141 0.141 0.134 0.134 0.134 0.132 0.132 0.135 0.135
0.154 0.1495 0.1495 0.135 0.135 0.135 0.1515 0.1515 0.1365 0.1365 0.1285 0.1285 0.13 0.13 0.13 0.111 0.111 0.1305 0.1305 0.126 0.126 0.126 0.1275 0.1275 0.1545 0.1545 0.16 0.16 0.16 0.181 0.181 0.1635 0.1635 0.172 0.172 0.172 0.1635 0.1635 0.1525 0.1525 0.1445 0.1445 0.1445 0.1475 0.1475 0.147 0.147 0.1445 0.1445 0.1445 0.1445 0.1445 0.161 0.161 0.157 0.157 0.1445 0.1445 0.1445 0.1505 0.1505 0.162 0.162 0.1505 0.1505 0.1505 0.1415 0.1415 0.141 0.141 0.134 0.134 0.134 0.132 0.132 0.135 0.135
0.1485 0.1295 0.1295 0.1115 0.1115 0.1115 0.1175 0.1175 0.122 0.122 0.129 0.129 0.129 0.129 0.129 0.13 0.13 0.1185 0.1185 0.1035 0.1035 0.1035 0.117 0.117 0.1655 0.1655 0.1835 0.1835 0.1835 0.172 0.172 0.1795 0.1795 0.176 0.176 0.176 0.168 0.168 0.164 0.164 0.1505 0.1505 0.1505 0.143 0.143 0.152 0.152 0.145 0.145 0.142 0.142 0.142 0.138 0.138 0.141 0.141 0.1495 0.1495 0.1495 0.1695 0.1695 0.171 0.171 0.153 0.153 0.153 0.151 0.151 0.144 0.144 0.1445 0.1445 0.1445 0.147 0.147 0.148 0.148
0.1485 0.1295 0.1295 0.1115 0.1115 0.1115 0.1175 0.1175 0.122 0.122 0.129 0.129 0.129 0.129 0.129 0.13 0.13 0.1185 0.1185 0.1035 0.1035 0.1035 0.117 0.117 0.1655 0.1655 0.1835 0.1835 0.1835 0.172 0.172 0.1795 0.1795 0.176 0.176 0.176 0.168 0.168 0.164 0.164 0.1505 0.1505 0.1505 0.143 0.143 0.152 0.152 0.145 0.145 0.142 0.142 0.142 0.138 0.138 0.141 0.141 0.1495 0.1495 0.1495 0.1695 0.1695 0.171 0.171 0.153 0.153 0.153 0.151 0.151 0.144 0.144 0.1445 0.1445 0.1445 0.147 0.147 0.148 0.148
0.149 0.136 0.136 0.1155 0.1155 0.1155 0.108 0.108 0.124 0.124 0.12 0.12 0.1275 0.1275 0.1275 0.1305 0.1305 0.116 0.116 0.1235 0.1235 0.1235 0.1445 0.1445 0.1585 0.1585 0.163 0.163 0.163 0.1935 0.1935 0.1745 0.1745 0.1695 0.1695 0.1695 0.166 0.166 0.1585 0.1585 0.1475 0.1475 0.1475 0.1555 0.1555 0.1615 0.1615 0.153 0.153 0.1655 0.1655 0.1655 0.1545 0.1545 0.16 0.16 0.1685 0.1685 0.1685 0.1685 0.1685 0.1625 0.1625 0.1615 0.1615 0.1615 0.166 0.166 0.153 0.153 0.1625 0.1625 0.1625 0.1465 0.1465 0.1565 0.1565
0.149 0.136 0.136 0.1155 0.1155 0.1155 0.108 0.108 0.124 0.124 0.12 0.12 0.1275 0.1275 0.1275 0.1305 0.1305 0.116 0.116 0.1235 0.1235 0.1235 0.1445 0.1445 0.1585 0.1585 0.163 0.163 0.163 0.1935 0.1935 0.1745 0.1745 0.1695 0.1695 0.1695 0.166 0.166 0.1585 0.1585 0.1475 0.1475 0.1475 0.1555 0.1555 0.1615 0.1615 0.153 0.153 0.1655 0.1655 0.1655 0.1545 0.1545 0.16 0.16 0.1685 0.1685 0.1685 0.1685 0.1685 0.1625 0.1625 0.1615 0.1615 0.1615 0.166 0.166 0.153 0.153 0.1625 0.1625 0.1625 0.1465 0.1465 0.1565 0.1565
0.149 0.136 0.136 0.1155 0.1155 0.1155 0.108 0.108 0.124 0.124 0.12 0.12 0.1275 0.1275 0.1275 0.1305 0.1305 0.116 0.116 0.1235 0.1235 0.1235 0.1445 0.1445 0.1585 0.1585 0.163 0.163 0.163 0.1935 0.1935 0.1745 0.1745 0.1695 0.1695 0.1695 0.166 0.166 0.1585 0.1585 0.1475 0.1475 0.1475 0.1555 0.1555 0.1615 0.1615 0.153 0.153 0.1655 0.1655 0.1655 0.1545 0.1545 0.16 0.16 0.1685 0.1685 0.1685 0.1685 0.1685 0.1625 0.1625 0.1615 0.1615 0.1615 0.166 0.166 0.153 0.153 0.1625 0.1625 0.1625 0.1465 0.1465 0.1565 0.1565
0.1445 0.1525 0.1525 0.1535 0.1535 0.1535 0.128 0.128 0.1265 0.1265 0.1365 0.1365 0.148 0.148 0.148 0.129 0.129 0.157 0.157 0.1815 0.1815 0.1815 0.1515 0.1515 0.1615 0.1615 0.173 0.173 0.173 0.1705 0.1705 0.169 0.169 0.178 0.178 0.178 0.17 0.17 0.153 0.153 0.169 0.169 0.169 0.171 0.171 0.1655 0.1655 0.1595 0.1595 0.1695 0.1695 0.1695 0.1545 0.1545 0.159 0.159 0.159 0.159 0.159 0.1675 0.1675 0.171 0.171 0.181 0.181 0.181 0.168 0.168 0.161 0.161 0.172 0.172 0.172 0.156 0.156 0.166 0.166
0.1445 0.1525 0.1525 0.1535 0.1535 0.1535 0.128 0.128 0.1265 0.1265 0.1365 0.1365 0.148 0.148 0.148 0.129 0.129 0.157 0.157 0.1815 0.1815 0.1815 0.1515 0.1515 0.1615 0.1615 0.173 0.173 0.173 0.1705 0.1705 0.169 0.169 0.178 0.178 0.178 0.17 0.17 0.153 0.153 0.169 0.169 0.169 0.171 0.171 0.1655 0.1655 0.1595 0.1595 0.1695 0.1695 0.1695 0.1545 0.1545 0.159 0.159 0.159 0.159 0.159 0.1675 0.1675 0.171 0.171 0.181 0.181 0.181 0.168 0.168 0.161 0.161 0.172 0.172 0.172 0.156 0.156 0.166 0.166
0.1575 0.1565 0.1565 0.1755 0.1755 0.1755 0.2045 0.2045 0.1965 0.1965 0.177 0.177 0.1885 0.1885 0.1885 0.175 0.175 0.1885 0.1885 0.1645 0.1645 0.1645 0.1785 0.1785 0.1755 0.1755 0.168 0.168 0.168 0.171 0.171 0.1685 0.1685 0.1735 0.1735 0.1735 0.156 0.156 0.1675 0.1675 0.173 0.173 0.173 0.1605 0.1605 0.176 0.176 0.178 0.178 0.179 0.179 0.179 0.164 0.164 0.157 0.157 0.1685 0.1685 0.1685 0.172 0.172 0.171 0.171 0.174 0.174 0.174 0.1715 0.1715 0.169 0.169 0.1715 0.1715 0.1715 0.174 0.174 0.1705 0.1705
0.1575 0.1565 0.1565 0.1755 0.1755 0.1755 0.2045 0.2045 0.1965 0.1965 0.177 0.177 0.1885 0.1885 0.1885 0.175 0.175 0.1885 0.1885 0.1645 0.1645 0.1645 0.1785 0.1785 0.1755 0.1755 0.168 0.168 0.168 0.171 0.171 0.1685 0.1685 0.1735 0.1735 0.1735 0.156 0.156 0.1675 0.1675 0.173 0.173 0.173 0.1605 0.1605 0.176 0.176 0.178 0.178 0.179 0.179 0.179 0.164 0.164 0.157 0.157 0.1685 0.1685 0.1685 0.172 0.172 0.171 0.171 0.174 0.174 0.174 0.1715 0.1715 0.169 0.169 0.1715 0.1715 0.1715 0.174 0.174 0.1705 0.1705
0.14 0.157 0.157 0.182 0.182 0.182 0.1835 0.1835 0.201 0.201 0.1845 0.1845 0.183 0.183 0.183 0.1815 0.1815 0.185 0.185 0.1775 0.1775 0.1775 0.1705 0.1705 0.1945 0.1945 0.175 0.175 0.175 0.165 0.165 0.1595 0.1595 0.168 0.168 0.168 0.177 0.177 0.175 0.175 0.1895 0.1895 0.1895 0.175 0.175 0.182 0.182 0.18 0.18 0.171 0.171 0.171 0.1725 0.1725 0.178 0.178 0.1895 0.1895 0.1895 0.178 0.178 0.1715 0.1715 0.1705 0.1705 0.1705 0.1655 0.1655 0.1815 0.1815 0.173 0.173 0.173 0.161 0.161 0.1745 0.1745
0.14 0.157 0.157 0.182 0.182 0.182 0.1835 0.1835 0.201 0.201 0.1845 0.1845 0.183 0.183 0.183 0.1815 0.1815 0.185 0.185 0.1775 0.1775 0.1775 0.1705 0.1705 0.1945 0.1945 0.175 0.175 0.175 0.165 0.165 0.1595 0.1595 0.168 0.168 0.168 0.177 0.177 0.175 0.175 0.1895 0.1895 0.1895 0.175 0.175 0.182 0.182 0.18 0.18 0.171 0.171 0.171 0.1725 0.1725 0.178 0.178 0.1895 0.1895 0.1895 0.178 0.178 0.1715 0.1715 0.1705 0.1705 0.1705 0.1655 0.1655 0.1815 0.1815 0.173 0.173 0.173 0.161 0.161 0.1745 0.1745
0.14 0.157 0.157 0.182 0.182 0.182 0.1835 0.1835 0.201 0.201 0.1845 0.1845 0.183 0.183 0.183 0.1815 0.1815 0.185 0.185 0.1775 0.1775 0.1775 0.1705 0.1705 0.1945 0.1945 0.175 0.175 0.175 0.165 0.165 0.1595 0.1595 0.168 0.168 0.168 0.177 0.177 0.175 0.175 0.1895 0.1895 0.1895 0.175 0.175 0.182 0.182 0.18 0.18 0.171 0.171 0.171 0.1725 0.1725 0.178 0.178 0.1895 0.1895 0.1895 0.178 0.178 0.1715 0.1715 0.1705 0.1705 0.1705 0.1655 0.1655 0.1815 0.1815 0.173 0.173 0.173 0.161 0.161 0.1745 0.1745
0.149 0.138 0.138 0.1835 0.1835 0.1835 0.193 0.193 0.2035 0.2035 0.1975 0.1975 0.1765 0.1765 0.1765 0.17 0.17 0.173 0.173 0.18 0.18 0.18 0.1885 0.1885 0.1955 0.1955 0.197 0.197 0.197 0.179 0.179 0.1805 0.1805 0.1735 0.1735 0.1735 0.186 0.186 0.1885 0.1885 0.1775 0.1775 0.1775 0.2055 0.2055 0.171 0.171 0.1735 0.1735 0.1745 0.1745 0.1745 0.1665 0.1665 0.176 0.176 0.182 0.182 0.182 0.178 0.178 0.1785 0.1785 0.1715 0.1715 0.1715 0.1695 0.1695 0.1665 0.1665 0.1555 0.1555 0.1555 0.162 0.162 0.165 0.165
0.149 0.138 0.138 0.1835 0.1835 0.1835 0.193 0.193 0.2035 0.2035 0.1975 0.1975 0.1765 0.1765 0.1765 0.17 0.17 0.173 0.173 0.18 0.18 0.18 0.1885 0.1885 0.1955 0.1955 0.197 0.197 0.197 0.179 0.179 0.1805 0.1805 0.1735 0.1735 0.1735 0.186 0.186 0.1885 0.1885 0.1775 0.1775 0.1775 0.2055 0.2055 0.171 0.171 0.1735 0.1735 0.1745 0.1745 0.1745 0.1665 0.1665 0.176 0.176 0.182 0.182 0.182 0.178 0.178 0.1785 0.1785 0.1715 0.1715 0.1715 0.1695 0.1695 0.1665 0.1665 0.1555 0.1555 0.1555 0.162 0.162 0.165 0.165
0.1255 0.1295 0.1295 0.182 0.182 0.182 0.216 0.216 0.2125 0.2125 0.1995 0.1995 0.1945 0.1945 0.1945 0.1995 0.1995 0.2005 0.2005 0.2025 0.2025 0.2025 0.192 0.192 0.2235 0.2235 0.2225 0.2225 0.2225 0.214 0.214 0.2015 0.2015 0.2115 0.2115 0.2115 0.216 0.216 0.2315 0.2315 0.188 0.188 0.188 0.1555 0.1555 0.151 0.151 0.191 0.191 0.178 0.178 0.178 0.175 0.175 0.1675 0.1675 0.18 0.18 0.18 0.1905 0.1905 0.1855 0.1855 0.1885 0.1885 0.1885 0.172 0.172 0.1705 0.1705 0.1805 0.1805 0.1805 0.1835 0.1835 0.1875 0.1875
0.1255 0.1295 0.1295 0.182 0.182 0.182 0.216 0.216 0.2125 0.2125 0.1995 0.1995 0.1945 0.1945 0.1945 0.1995 0.1995 0.2005 0.2005 0.2025 0.2025 0.2025 0.192 0.192 0.2235 0.2235 0.2225 0.2225 0.2225 0.214 0.214 0.2015 0.2015 0.2115 0.2115 0.2115 0.216 0.216 0.2315 0.2315 0.188 0.188 0.188 0.1555 0.1555 0.151 0.151 0.191 0.191 0.178 0.178 0.178 0.175 0.175 0.1675 0.1675 0.18 0.18 0.18 0.1905 0.1905 0.1855 0.1855 0.1885 0.1885 0.1885 0.172 0.172 0.1705 0.1705 0.1805 0.1805 0.1805 0.1835 0.1835 0.1875 0.1875
0.1315 0.116 0.116 0.188 0.188 0.188 0.1975 0.1975 0.2065 0.2065 0.2125 0.2125 0.196 0.196 0.196 0.2075 0.2075 0.206 0.206 0.2195 0.2195 0.2195 0.2425 0.2425 0.2415 0.2415 0.2295 0.2295 0.2295 0.2095 0.2095 0.2075 0.2075 0.217 0.217 0.217 0.228 0.228 0.198 0.198 0.2 0.2 0.2 0.177 0.177 0.178 0.178 0.1855 0.1855 0.1825 0.1825 0.1825 0.1665 0.1665 0.1635 0.1635 0.1765 0.1765 0.1765 0.182 0.182 0.1825 0.1825 0.1805 0.1805 0.1805 0.181 0.181 0.176 0.176 0.176 0.176 0.176 0.178 0.178 0.187 0.187
0.1315 0.116 0.116 0.188 0.188 0.188 0.1975 0.1975 0.2065 0.2065 0.2125 0.2125 0.196 0.196 0.196 0.2075 0.2075 0.206 0.206 0.2195 0.2195 0.2195 0.2425 0.2425 0.2415 0.2415 0.2295 0.2295 0.2295 0.2095 0.2095 0.2075 0.2075 0.217 0.217 0.217 0.228 0.228 0.198 0.198 0.2 0.2 0.2 0.177 0.177 0.178 0.178 0.1855 0.1855 0.1825 0.1825 0.1825 0.1665 0.1665 0.1635 0.1635 0.1765 0.1765 0.1765 0.182 0.182 0.1825 0.1825 0.1805 0.1805 0.1805 0.181 0.181 0.176 0.176 0.176 0.176 0.176 0.178 0.178 0.187 0.187
0.1205 0.1265 0.1265 0.1575 0.1575 0.1575 0.18 0.18 0.1965 0.1965 0.186 0.186 0.1945 0.1945 0.1945 0.193 0.193 0.2235 0.2235 0.225 0.225 0.225 0.233 0.233 0.226 0.226 0.216 0.216 0.216 0.21 0.21 0.202 0.202 0.198 0.198 0.198 0.218 0.218 0.1985 0.1985 0.1815 0.1815 0.1815 0.187 0.187 0.1755 0.1755 0.1805 0.1805 0.1795 0.1795 0.1795 0.1565 0.1565 0.1475 0.1475 0.161 0.161 0.161 0.181 0.181 0.181 0.181 0.1855 0.1855 0.1855 0.194 0.194 0.1715 0.1715 0.1925 0.1925 0.1925 0.183 0.183 0.1815 0.1815
0.1205 0.1265 0.1265 0.1575 0.1575 0.1575 0.18 0.18 0.1965 0.1965 0.186 0.186 0.1945 0.1945 0.1945 0.193 0.193 0.2235 0.2235 0.225 0.225 0.225 0.233 0.233 0.226 0.226 0.216 0.216 0.216 0.21 0.21 0.202 0.202 0.198 0.198 0.198 0.218 0.218 0.1985 0.1985 0.1815 0.1815 0.1815 0.187 0.187 0.1755 0.1755 0.1805 0.1805 0.1795 0.1795 0.1795 0.1565 0.1565 0.1475 0.1475 0.161 0.161 0.161 0.181 0.181 0.181 0.181 0.1855 0.1855 0.1855 0.194 0.194 0.1715 0.1715 0.1925 0.1925 0.1925 0.183 0.183 0.1815 0.1815
0.1205 0.1265 0.1265 0.1575 0.1575 0.1575 0.18 0.18 0.1965 0.1965 0.186 0.186 0.1945 0.1945 0.1945 0.193 0.193 0.2235 0.2235 0.225 0.225 0.225 0.233 0.233 0.226 0.226 0.216 0.216 0.216 0.21 0.21 0.202 0.202 0.198 0.198 0.198 0.218 0.218 0.1985 0.1985 0.1815 0.1815 0.1815 0.187 0.187 0.1755 0.1755 0.1805 0.1805 0.1795 0.1795 0.1795 0.1565 0.1565 0.1475 0.1475 0.161 0.161 0.161 0.181 0.181 0.181 0.181 0.1855 0.1855 0.1855 0.194 0.194 0.1715 0.1715 0.1925 0.1925 0.1925 0.183 0.183 0.1815 0.1815
0.1325 0.1605 0.1605 0.132 0.132 0.132 0.173 0.173 0.1825 0.1825 0.1835 0.1835 0.186 0.186 0.186 0.1995 0.1995 0.2345 0.2345 0.22 0.22 0.22 0.2405 0.2405 0.2395 0.2395 0.197 0.197 0.197 0.2035 0.2035 0.2035 0.2035 0.2145 0.2145 0.2145 0.1985 0.1985 0.203 0.203 0.197 0.197 0.197 0.177 0.177 0.16 0.16 0.169 0.169 0.2135 0.2135 0.2135 0.177 0.177 0.1495 0.1495 0.16 0.16 0.16 0.1655 0.1655 0.1745 0.1745 0.207 0.207 0.207 0.213 0.213 0.1625 0.1625 0.1765 0.1765 0.1765 0.1675 0.1675 0.1815 0.1815
0.1325 0.1605 0.1605 0.132 0.132 0.132 0.173 0.173 0.1825 0.1825 0.1835 0.1835 0.186 0.186 0.186 0.1995 0.1995 0.2345 0.2345 0.22 0.22 0.22 0.2405 0.2405 0.2395 0.2395 0.197 0.197 0.197 0.2035 0.2035 0.2035 0.2035 0.2145 0.2145 0.2145 0.1985 0.1985 0.203 0.203 0.197 0.197 0.197 0.177 0.177 0.16 0.16 0.169 0.169 0.2135 0.2135 0.2135 0.177 0.177 0.1495 0.1495 0.16 0.16 0.16 0.1655 0.1655 0.1745 0.1745 0.207 0.207 0.207 0.213 0.213 0.1625 0.1625 0.1765 0.1765 0.1765 0.1675 0.1675 0.1815 0.1815
0.138 0.141 0.141 0.1475 0.1475 0.1475 0.1105 0.1105 0.1315 0.1315 0.1835 0.1835 0.1995 0.1995 0.1995 0.2205 0.2205 0.2295 0.2295 0.2295 0.2295 0.2295 0.2175 0.2175 0.2235 0.2235 0.211 0.211 0.211 0.2045 0.2045 0.2065 0.2065 0.21 0.21 0.21 0.237 0.237 0.2315 0.2315 0.2085 0.2085 0.2085 0.1945 0.1945 0.166 0.166 0.1685 0.1685 0.1745 0.1745 0.1745 0.177 0.177 0.169 0.169 0.1745 0.1745 0.1745 0.1715 0.1715 0.194 0.194 0.211 0.211 0.211 0.2105 0.2105 0.1975 0.1975 0.1955 0.1955 0.1955 0.1685 0.1685 0.1725 0.1725
0.138 0.141 0.141 0.1475 0.1475 0.1475 0.1105 0.1105 0.1315 0.1315 0.1835 0.1835 0.1995 0.1995 0.1995 0.2205 0.2205 0.2295 0.2295 0.2295 0.2295 0.2295 0.2175 0.2175 0.2235 0.2235 0.211 0.211 0.211 0.2045 0.2045 0.2065 0.2065 0.21 0.21 0.21 0.237 0.237 0.2315 0.2315 0.2085 0.2085 0.2085 0.1945 0.1945 0.166 0.166 0.1685 0.1685 0.1745 0.1745 0.1745 0.177 0.177 0.169 0.169 0.1745 0.1745 0.1745 0.1715 0.1715 0.194 0.194 0.211 0.211 0.211 0.2105 0.2105 0.1975 0.1975 0.1955 0.1955 0.1955 0.1685 0.1685 0.1725 0.1725
0.167 0.1565 0.1565 0.141 0.141 0.141 0.1425 0.1425 0.184 0.184 0.225 0.225 0.192 0.192 0.192 0.218 0.218 0.2255 0.2255 0.2265 0.2265 0.2265 0.23 0.23 0.226 0.226 0.198 0.198 0.198 0.187 0.187 0.2125 0.2125 0.2185 0.2185 0.2185 0.2175 0.2175 0.224 0.224 0.218 0.218 0.218 0.2125 0.2125 0.217 0.217 0.21 0.21 0.212 0.212 0.212 0.2025 0.2025 0.249 0.249 0.2195 0.2195 0.2195 0.197 0.197 0.2025 0.2025 0.215 0.215 0.215 0.212 0.212 0.214 0.214 0.187 0.187 0.187 0.202 0.202 0.202 0.202
0.167 0.1565 0.1565 0.141 0.141 0.141 0.1425 0.1425 0.184 0.184 0.225 0.225 0.192 0.192 0.192 0.218 0.218 0.2255 0.2255 0.2265 0.2265 0.2265 0.23 0.23 0.226 0.226 0.198 0.198 0.198 0.187 0.187 0.2125 0.2125 0.2185 0.2185 0.2185 0.2175 0.2175 0.224 0.224 0.218 0.218 0.218 0.2125 0.2125 0.217 0.217 0.21 0.21 0.212 0.212 0.212 0.2025 0.2025 0.249 0.249 0.2195 0.2195 0.2195 0.197 0.197 0.2025 0.2025 0.215 0.215 0.215 0.212 0.212 0.214 0.214 0.187 0.187 0.187 0.202 0.202 0.202 0.202
0.167 0.1565 0.1565 0.141 0.141 0.141 0.1425 0.1425 0.184 0.184 0.225 0.225 0.192 0.192 0.192 0.218 0.218 0.2255 0.2255 0.2265 0.2265 0.2265 0.23 0.23 0.226 0.226 0.198 0.198 0.198 0.187 0.187 0.2125 0.2125 0.2185 0.2185 0.2185 0.2175 0.2175 0.224 0.224 0.218 0.218 0.218 0.2125 0.2125 0.217 0.217 0.21 0.21 0.212 0.212 0.212 0.2025 0.2025 0.249 0.249 0.2195 0.2195 0.2195 0.197 0.197 0.2025 0.2025 0.215 0.215 0.215 0.212 0.212 0.214 0.214 0.187 0.187 0.187 0.202 0.202 0.202 0.202
0.1725 0.1695 0.1695 0.173 0.173 0.173 0.1655 0.1655 0.1695 0.1695 0.2045 0.2045 0.202 0.202 0.202 0.2345 0.2345 0.226 0.226 0.2225 0.2225 0.2225 0.239 0.239 0.228 0.228 0.222 0.222 0.222 0.21 0.21 0.219 0.219 0.2385 0.2385 0.2385 0.2365 0.2365 0.218 0.218 0.227 0.227 0.227 0.236 0.236 0.2245 0.2245 0.25 0.25 0.2535 0.2535 0.2535 0.256 0.256 0.234 0.234 0.248 0.248 0.248 0.256 0.256 0.2435 0.2435 0.2255 0.2255 0.2255 0.219 0.219 0.211 0.211 0.2415 0.2415 0.2415 0.2195 0.2195 0.2105 0.2105
