ndvi/NOAA-374.asc
ncols         252
nrows         154
xllcorner     -18.017974
yllcorner     13.481982
cellsize      0.035948
NODATA_value  -9999
[rows 102 to 135 of 154, columns 0 to 76 of 252]
-1 -1 -1 -1 -1 -1 -1 -1 -1 -1 -1 -1 -1 -1 -1 -1 -1 -1 -1 -1 -1 -1 -1 -1 -1 0.0405 0.0405 0.0405 0.187 0.187 0.324 0.324 0.274 0.274 0.274 0.2575 0.2575 0.2505 0.2505 0.2445 0.2445 0.2445 0.24 0.24 0.2465 0.2465 0.25 0.25 0.25 0.258 0.258 0.25 0.25 0.2825 0.2825 0.3045 0.3045 0.3045 0.284 0.284 0.273 0.273 0.273 0.273 0.273 0.283 0.283 0.3225 0.3225 0.3005 0.3005 0.3005 0.2465 0.2465 0.257 0.257 0.2405
-1 -1 -1 -1 -1 -1 -1 -1 -1 -1 -1 -1 -1 -1 -1 -1 -1 -1 -1 -1 -1 -1 -1 0.025 0.025 0.2465 0.2465 0.2465 0.3245 0.3245 0.279 0.279 0.26 0.26 0.26 0.2525 0.2525 0.2575 0.2575 0.2715 0.2715 0.2715 0.272 0.272 0.26 0.26 0.264 0.264 0.264 0.305 0.305 0.3015 0.3015 0.2725 0.2725 0.2875 0.2875 0.2875 0.291 0.291 0.285 0.285 0.285 0.285 0.285 0.2855 0.2855 0.3105 0.3105 0.307 0.307 0.307 0.2725 0.2725 0.278 0.278 0.2905
-1 -1 -1 -1 -1 -1 -1 -1 -1 -1 -1 -1 -1 -1 -1 -1 -1 -1 -1 -1 -1 -1 -1 0.025 0.025 0.2465 0.2465 0.2465 0.3245 0.3245 0.279 0.279 0.26 0.26 0.26 0.2525 0.2525 0.2575 0.2575 0.2715 0.2715 0.2715 0.272 0.272 0.26 0.26 0.264 0.264 0.264 0.305 0.305 0.3015 0.3015 0.2725 0.2725 0.2875 0.2875 0.2875 0.291 0.291 0.285 0.285 0.285 0.285 0.285 0.2855 0.2855 0.3105 0.3105 0.307 0.307 0.307 0.2725 0.2725 0.278 0.278 0.2905
-1 -1 -1 -1 -1 -1 -1 -1 -1 -1 -1 -1 -1 -1 -1 -1 -1 -1 -1 -1 -1 -1 -1 0.025 0.025 0.2465 0.2465 0.2465 0.3245 0.3245 0.279 0.279 0.26 0.26 0.26 0.2525 0.2525 0.2575 0.2575 0.2715 0.2715 0.2715 0.272 0.272 0.26 0.26 0.264 0.264 0.264 0.305 0.305 0.3015 0.3015 0.2725 0.2725 0.2875 0.2875 0.2875 0.291 0.291 0.285 0.285 0.285 0.285 0.285 0.2855 0.2855 0.3105 0.3105 0.307 0.307 0.307 0.2725 0.2725 0.278 0.278 0.2905
-1 -1 -1 -1 -1 -1 -1 -1 -1 -1 -1 -1 -1 -1 -1 -1 -1 -1 -1 -1 -1 0.0385 0.0385 0.198 0.198 0.37 0.37 0.37 0.351 0.351 0.294 0.294 0.283 0.283 0.283 0.275 0.275 0.2775 0.2775 0.286 0.286 0.286 0.2765 0.2765 0.273 0.273 0.274 0.274 0.274 0.2825 0.2825 0.284 0.284 0.2785 0.2785 0.3045 0.3045 0.3045 0.2805 0.2805 0.3145 0.3145 0.3145 0.3145 0.3145 0.3095 0.3095 0.339 0.339 0.3405 0.3405 0.3405 0.325 0.325 0.3375 0.3375 0.3375
-1 -1 -1 -1 -1 -1 -1 -1 -1 -1 -1 -1 -1 -1 -1 -1 -1 -1 -1 -1 -1 0.0385 0.0385 0.198 0.198 0.37 0.37 0.37 0.351 0.351 0.294 0.294 0.283 0.283 0.283 0.275 0.275 0.2775 0.2775 0.286 0.286 0.286 0.2765 0.2765 0.273 0.273 0.274 0.274 0.274 0.2825 0.2825 0.284 0.284 0.2785 0.2785 0.3045 0.3045 0.3045 0.2805 0.2805 0.3145 0.3145 0.3145 0.3145 0.3145 0.3095 0.3095 0.339 0.339 0.3405 0.3405 0.3405 0.325 0.325 0.3375 0.3375 0.3375
-1 -1 -1 -1 -1 -1 -1 -1 -1 -1 -1 -1 -1 -1 -1 -1 -1 -1 -1 -1 -1 0.1705 0.1705 0.3315 0.3315 0.3205 0.3205 0.3205 0.322 0.322 0.297 0.297 0.273 0.273 0.273 0.2705 0.2705 0.2765 0.2765 0.2845 0.2845 0.2845 0.2745 0.2745 0.272 0.272 0.2855 0.2855 0.2855 0.301 0.301 0.303 0.303 0.2775 0.2775 0.285 0.285 0.285 0.277 0.277 0.305 0.305 0.305 0.305 0.305 0.3005 0.3005 0.322 0.322 0.3395 0.3395 0.3395 0.3365 0.3365 0.347 0.347 0.346
-1 -1 -1 -1 -1 -1 -1 -1 -1 -1 -1 -1 -1 -1 -1 -1 -1 -1 -1 -1 -1 0.1705 0.1705 0.3315 0.3315 0.3205 0.3205 0.3205 0.322 0.322 0.297 0.297 0.273 0.273 0.273 0.2705 0.2705 0.2765 0.2765 0.2845 0.2845 0.2845 0.2745 0.2745 0.272 0.272 0.2855 0.2855 0.2855 0.301 0.301 0.303 0.303 0.2775 0.2775 0.285 0.285 0.285 0.277 0.277 0.305 0.305 0.305 0.305 0.305 0.3005 0.3005 0.322 0.322 0.3395 0.3395 0.3395 0.3365 0.3365 0.347 0.347 0.346
-1 -1 -1 -1 -1 -1 -1 -1 -1 -1 -1 -1 -1 -1 -1 -1 -1 -1 0.1455 0.1455 0.1455 0.3345 0.3345 0.3265 0.3265 0.3365 0.3365 0.3365 0.3205 0.3205 0.312 0.312 0.2735 0.2735 0.2735 0.265 0.265 0.2705 0.2705 0.273 0.273 0.273 0.285 0.285 0.262 0.262 0.2725 0.2725 0.2725 0.288 0.288 0.2935 0.2935 0.2805 0.2805 0.294 0.294 0.294 0.2745 0.2745 0.265 0.265 0.265 0.265 0.265 0.265 0.265 0.2975 0.2975 0.331 0.331 0.331 0.3515 0.3515 0.352 0.352 0.3165
-1 -1 -1 -1 -1 -1 -1 -1 -1 -1 -1 -1 -1 -1 -1 -1 -1 -1 0.1455 0.1455 0.1455 0.3345 0.3345 0.3265 0.3265 0.3365 0.3365 0.3365 0.3205 0.3205 0.312 0.312 0.2735 0.2735 0.2735 0.265 0.265 0.2705 0.2705 0.273 0.273 0.273 0.285 0.285 0.262 0.262 0.2725 0.2725 0.2725 0.288 0.288 0.2935 0.2935 0.2805 0.2805 0.294 0.294 0.294 0.2745 0.2745 0.265 0.265 0.265 0.265 0.265 0.265 0.265 0.2975 0.2975 0.331 0.331 0.331 0.3515 0.3515 0.352 0.352 0.3165
-1 -1 -1 -1 -1 -1 -1 -1 -1 -1 -1 -1 -1 -1 -1 -1 -1 -1 0.1455 0.1455 0.1455 0.3345 0.3345 0.3265 0.3265 0.3365 0.3365 0.3365 0.3205 0.3205 0.312 0.312 0.2735 0.2735 0.2735 0.265 0.265 0.2705 0.2705 0.273 0.273 0.273 0.285 0.285 0.262 0.262 0.2725 0.2725 0.2725 0.288 0.288 0.2935 0.2935 0.2805 0.2805 0.294 0.294 0.294 0.2745 0.2745 0.265 0.265 0.265 0.265 0.265 0.265 0.265 0.2975 0.2975 0.331 0.331 0.331 0.3515 0.3515 0.352 0.352 0.3165
-1 -1 -1 -1 -1 -1 -1 -1 -1 -1 -1 -1 -1 -1 -1 -1 0.2275 0.2275 0.349 0.349 0.349 0.351 0.351 0.331 0.331 0.361 0.361 0.361 0.341 0.341 0.312 0.312 0.29 0.29 0.29 0.2675 0.2675 0.261 0.261 0.2655 0.2655 0.2655 0.2735 0.2735 0.268 0.268 0.274 0.274 0.274 0.271 0.271 0.269 0.269 0.274 0.274 0.2825 0.2825 0.2825 0.2785 0.2785 0.2875 0.2875 0.2875 0.2875 0.2875 0.284 0.284 0.2715 0.2715 0.285 0.285 0.285 0.2945 0.2945 0.281 0.281 0.28
-1 -1 -1 -1 -1 -1 -1 -1 -1 -1 -1 -1 -1 -1 -1 -1 0.2275 0.2275 0.349 0.349 0.349 0.351 0.351 0.331 0.331 0.361 0.361 0.361 0.341 0.341 0.312 0.312 0.29 0.29 0.29 0.2675 0.2675 0.261 0.261 0.2655 0.2655 0.2655 0.2735 0.2735 0.268 0.268 0.274 0.274 0.274 0.271 0.271 0.269 0.269 0.274 0.274 0.2825 0.2825 0.2825 0.2785 0.2785 0.2875 0.2875 0.2875 0.2875 0.2875 0.284 0.284 0.2715 0.2715 0.285 0.285 0.285 0.2945 0.2945 0.281 0.281 0.28
-1 -1 -1 -1 -1 -1 -1 -1 -1 -1 -1 -1 0.1875 0.1875 0.182 0.182 0.197 0.197 0.332 0.332 0.332 0.328 0.328 0.3605 0.3605 0.341 0.341 0.341 0.334 0.334 0.315 0.315 0.282 0.282 0.282 0.2845 0.2845 0.29 0.29 0.2765 0.2765 0.2765 0.2745 0.2745 0.2775 0.2775 0.2755 0.2755 0.2755 0.278 0.278 0.2805 0.2805 0.284 0.284 0.28 0.28 0.28 0.2775 0.2775 0.285 0.285 0.285 0.285 0.285 0.2675 0.2675 0.2655 0.2655 0.2685 0.2685 0.2685 0.267 0.267 0.2775 0.2775 0.2985
-1 -1 -1 -1 -1 -1 -1 -1 -1 -1 -1 -1 0.1875 0.1875 0.182 0.182 0.197 0.197 0.332 0.332 0.332 0.328 0.328 0.3605 0.3605 0.341 0.341 0.341 0.334 0.334 0.315 0.315 0.282 0.282 0.282 0.2845 0.2845 0.29 0.29 0.2765 0.2765 0.2765 0.2745 0.2745 0.2775 0.2775 0.2755 0.2755 0.2755 0.278 0.278 0.2805 0.2805 0.284 0.284 0.28 0.28 0.28 0.2775 0.2775 0.285 0.285 0.285 0.285 0.285 0.2675 0.2675 0.2655 0.2655 0.2685 0.2685 0.2685 0.267 0.267 0.2775 0.2775 0.2985
-1 -1 -1 -1 -1 -1 -1 -1 -1 0.1474 0.1474 0.1474 0.0915 0.0915 0.1374 0.1374 0.1227 0.1227 0.075 0.075 0.075 0.3195 0.3195 0.3115 0.3115 0.365 0.365 0.365 0.339 0.339 0.309 0.309 0.2885 0.2885 0.2885 0.2815 0.2815 0.2885 0.2885 0.276 0.276 0.276 0.279 0.279 0.2845 0.2845 0.285 0.285 0.285 0.2845 0.2845 0.2855 0.2855 0.276 0.276 0.272 0.272 0.272 0.293 0.293 0.28 0.28 0.28 0.28 0.28 0.283 0.283 0.2615 0.2615 0.262 0.262 0.262 0.257 0.257 0.259 0.259 0.2625
-1 -1 -1 -1 -1 -1 -1 -1 -1 0.1474 0.1474 0.1474 0.0915 0.0915 0.1374 0.1374 0.1227 0.1227 0.075 0.075 0.075 0.3195 0.3195 0.3115 0.3115 0.365 0.365 0.365 0.339 0.339 0.309 0.309 0.2885 0.2885 0.2885 0.2815 0.2815 0.2885 0.2885 0.276 0.276 0.276 0.279 0.279 0.2845 0.2845 0.285 0.285 0.285 0.2845 0.2845 0.2855 0.2855 0.276 0.276 0.272 0.272 0.272 0.293 0.293 0.28 0.28 0.28 0.28 0.28 0.283 0.283 0.2615 0.2615 0.262 0.262 0.262 0.257 0.257 0.259 0.259 0.2625
-1 -1 -1 -1 -1 -1 -1 -1 -1 0.1474 0.1474 0.1474 0.0915 0.0915 0.1374 0.1374 0.1227 0.1227 0.075 0.075 0.075 0.3195 0.3195 0.3115 0.3115 0.365 0.365 0.365 0.339 0.339 0.309 0.309 0.2885 0.2885 0.2885 0.2815 0.2815 0.2885 0.2885 0.276 0.276 0.276 0.279 0.279 0.2845 0.2845 0.285 0.285 0.285 0.2845 0.2845 0.2855 0.2855 0.276 0.276 0.272 0.272 0.272 0.293 0.293 0.28 0.28 0.28 0.28 0.28 0.283 0.283 0.2615 0.2615 0.262 0.262 0.262 0.257 0.257 0.259 0.259 0.2625
-1 -1 -1 -1 -1 -1 -1 -1 -1 -1 -1 -1 0.1234 0.1234 0.1744 0.1744 0.1924 0.1924 0.137 0.137 0.137 0.315 0.315 0.308 0.308 0.3335 0.3335 0.3335 0.3615 0.3615 0.317 0.317 0.3 0.3 0.3 0.28 0.28 0.2825 0.2825 0.279 0.279 0.279 0.292 0.292 0.281 0.281 0.285 0.285 0.285 0.2925 0.2925 0.289 0.289 0.284 0.284 0.2675 0.2675 0.2675 0.276 0.276 0.285 0.285 0.285 0.285 0.285 0.2585 0.2585 0.213 0.213 0.255 0.255 0.255 0.282 0.282 0.251 0.251 0.2515
-1 -1 -1 -1 -1 -1 -1 -1 -1 -1 -1 -1 0.1234 0.1234 0.1744 0.1744 0.1924 0.1924 0.137 0.137 0.137 0.315 0.315 0.308 0.308 0.3335 0.3335 0.3335 0.3615 0.3615 0.317 0.317 0.3 0.3 0.3 0.28 0.28 0.2825 0.2825 0.279 0.279 0.279 0.292 0.292 0.281 0.281 0.285 0.285 0.285 0.2925 0.2925 0.289 0.289 0.284 0.284 0.2675 0.2675 0.2675 0.276 0.276 0.285 0.285 0.285 0.285 0.285 0.2585 0.2585 0.213 0.213 0.255 0.255 0.255 0.282 0.282 0.251 0.251 0.2515
-1 -1 -1 -1 -1 -1 -1 -1 -1 -1 -1 -1 -1 -1 -1 -1 -1 -1 0.2089 0.2089 0.2089 0.2115 0.2115 0.3215 0.3215 0.3045 0.3045 0.3045 0.313 0.313 0.313 0.313 0.3265 0.3265 0.3265 0.2895 0.2895 0.282 0.282 0.285 0.285 0.285 0.283 0.283 0.2755 0.2755 0.2795 0.2795 0.2795 0.2835 0.2835 0.2895 0.2895 0.2905 0.2905 0.2815 0.2815 0.2815 0.2725 0.2725 0.2525 0.2525 0.2525 0.2525 0.2525 0.218 0.218 0.2395 0.2395 0.273 0.273 0.273 0.2945 0.2945 0.2825 0.2825 0.262
-1 -1 -1 -1 -1 -1 -1 -1 -1 -1 -1 -1 -1 -1 -1 -1 -1 -1 0.2089 0.2089 0.2089 0.2115 0.2115 0.3215 0.3215 0.3045 0.3045 0.3045 0.313 0.313 0.313 0.313 0.3265 0.3265 0.3265 0.2895 0.2895 0.282 0.282 0.285 0.285 0.285 0.283 0.283 0.2755 0.2755 0.2795 0.2795 0.2795 0.2835 0.2835 0.2895 0.2895 0.2905 0.2905 0.2815 0.2815 0.2815 0.2725 0.2725 0.2525 0.2525 0.2525 0.2525 0.2525 0.218 0.218 0.2395 0.2395 0.273 0.273 0.273 0.2945 0.2945 0.2825 0.2825 0.262
-1 -1 -1 -1 -1 -1 -1 -1 -1 -1 -1 -1 -1 -1 -1 -1 -1 -1 -1 -1 -1 0.1672 0.1672 0.164 0.164 0.308 0.308 0.308 0.3155 0.3155 0.3255 0.3255 0.3155 0.3155 0.3155 0.303 0.303 0.281 0.281 0.2785 0.2785 0.2785 0.2805 0.2805 0.277 0.277 0.291 0.291 0.291 0.2965 0.2965 0.276 0.276 0.2785 0.2785 0.2705 0.2705 0.2705 0.27 0.27 0.2695 0.2695 0.2695 0.2695 0.2695 0.261 0.261 0.268 0.268 0.2605 0.2605 0.2605 0.237 0.237 0.266 0.266 0.28
-1 -1 -1 -1 -1 -1 -1 -1 -1 -1 -1 -1 -1 -1 -1 -1 -1 -1 -1 -1 -1 0.1672 0.1672 0.164 0.164 0.308 0.308 0.308 0.3155 0.3155 0.3255 0.3255 0.3155 0.3155 0.3155 0.303 0.303 0.281 0.281 0.2785 0.2785 0.2785 0.2805 0.2805 0.277 0.277 0.291 0.291 0.291 0.2965 0.2965 0.276 0.276 0.2785 0.2785 0.2705 0.2705 0.2705 0.27 0.27 0.2695 0.2695 0.2695 0.2695 0.2695 0.261 0.261 0.268 0.268 0.2605 0.2605 0.2605 0.237 0.237 0.266 0.266 0.28
-1 -1 -1 -1 -1 -1 -1 -1 -1 -1 -1 -1 -1 -1 -1 -1 -1 -1 -1 -1 -1 0.1509 0.1509 0.3885 0.3885 0.2495 0.2495 0.2495 0.2945 0.2945 0.306 0.306 0.299 0.299 0.299 0.332 0.332 0.291 0.291 0.264 0.264 0.264 0.2355 0.2355 0.27 0.27 0.28 0.28 0.28 0.281 0.281 0.2895 0.2895 0.279 0.279 0.281 0.281 0.281 0.308 0.308 0.28 0.28 0.28 0.28 0.28 0.2725 0.2725 0.273 0.273 0.275 0.275 0.275 0.2555 0.2555 0.278 0.278 0.2735
-1 -1 -1 -1 -1 -1 -1 -1 -1 -1 -1 -1 -1 -1 -1 -1 -1 -1 -1 -1 -1 0.1509 0.1509 0.3885 0.3885 0.2495 0.2495 0.2495 0.2945 0.2945 0.306 0.306 0.299 0.299 0.299 0.332 0.332 0.291 0.291 0.264 0.264 0.264 0.2355 0.2355 0.27 0.27 0.28 0.28 0.28 0.281 0.281 0.2895 0.2895 0.279 0.279 0.281 0.281 0.281 0.308 0.308 0.28 0.28 0.28 0.28 0.28 0.2725 0.2725 0.273 0.273 0.275 0.275 0.275 0.2555 0.2555 0.278 0.278 0.2735
-1 -1 -1 -1 -1 -1 -1 -1 -1 -1 -1 -1 -1 -1 -1 -1 -1 -1 -1 -1 -1 0.1509 0.1509 0.3885 0.3885 0.2495 0.2495 0.2495 0.2945 0.2945 0.306 0.306 0.299 0.299 0.299 0.332 0.332 0.291 0.291 0.264 0.264 0.264 0.2355 0.2355 0.27 0.27 0.28 0.28 0.28 0.281 0.281 0.2895 0.2895 0.279 0.279 0.281 0.281 0.281 0.308 0.308 0.28 0.28 0.28 0.28 0.28 0.2725 0.2725 0.273 0.273 0.275 0.275 0.275 0.2555 0.2555 0.278 0.278 0.2735
-1 -1 -1 -1 -1 -1 -1 -1 -1 -1 -1 -1 -1 -1 -1 -1 -1 -1 -1 -1 -1 -1 -1 0.2044 0.2044 0.095 0.095 0.095 0.315 0.315 0.327 0.327 0.3235 0.3235 0.3235 0.4065 0.4065 0.2235 0.2235 0.1635 0.1635 0.1635 0.225 0.225 0.2475 0.2475 0.2605 0.2605 0.2605 0.289 0.289 0.306 0.306 0.336 0.336 0.3715 0.3715 0.3715 0.3635 0.3635 0.2575 0.2575 0.2575 0.2575 0.2575 0.2545 0.2545 0.288 0.288 0.265 0.265 0.265 0.2735 0.2735 0.275 0.275 0.2805
-1 -1 -1 -1 -1 -1 -1 -1 -1 -1 -1 -1 -1 -1 -1 -1 -1 -1 -1 -1 -1 -1 -1 0.2044 0.2044 0.095 0.095 0.095 0.315 0.315 0.327 0.327 0.3235 0.3235 0.3235 0.4065 0.4065 0.2235 0.2235 0.1635 0.1635 0.1635 0.225 0.225 0.2475 0.2475 0.2605 0.2605 0.2605 0.289 0.289 0.306 0.306 0.336 0.336 0.3715 0.3715 0.3715 0.3635 0.3635 0.2575 0.2575 0.2575 0.2575 0.2575 0.2545 0.2545 0.288 0.288 0.265 0.265 0.265 0.2735 0.2735 0.275 0.275 0.2805
-1 -1 -1 -1 -1 -1 -1 -1 -1 -1 -1 -1 -1 -1 -1 -1 -1 -1 -1 -1 -1 -1 -1 -1 -1 0.1565 0.1565 0.1565 0.2175 0.2175 0.3215 0.3215 0.3305 0.3305 0.3305 0.2045 0.2045 0.095 0.095 0.128 0.128 0.128 0.223 0.223 0.221 0.221 0.285 0.285 0.285 0.2635 0.2635 0.289 0.289 0.3055 0.3055 0.3565 0.3565 0.3565 0.322 0.322 0.2925 0.2925 0.2925 0.2925 0.2925 0.265 0.265 0.2875 0.2875 0.2795 0.2795 0.2795 0.276 0.276 0.2715 0.2715 0.264
-1 -1 -1 -1 -1 -1 -1 -1 -1 -1 -1 -1 -1 -1 -1 -1 -1 -1 -1 -1 -1 -1 -1 -1 -1 0.1565 0.1565 0.1565 0.2175 0.2175 0.3215 0.3215 0.3305 0.3305 0.3305 0.2045 0.2045 0.095 0.095 0.128 0.128 0.128 0.223 0.223 0.221 0.221 0.285 0.285 0.285 0.2635 0.2635 0.289 0.289 0.3055 0.3055 0.3565 0.3565 0.3565 0.322 0.322 0.2925 0.2925 0.2925 0.2925 0.2925 0.265 0.265 0.2875 0.2875 0.2795 0.2795 0.2795 0.276 0.276 0.2715 0.2715 0.264
-1 -1 -1 -1 -1 -1 -1 -1 -1 -1 -1 -1 -1 -1 -1 -1 -1 -1 -1 -1 -1 -1 -1 -1 -1 0.1114 0.1114 0.1114 0.119 0.119 0.252 0.252 0.2525 0.2525 0.2525 0.307 0.307 0.1715 0.1715 0.249 0.249 0.249 0.2465 0.2465 0.284 0.284 0.2575 0.2575 0.2575 0.222 0.222 0.283 0.283 0.2945 0.2945 0.299 0.299 0.299 0.298 0.298 0.318 0.318 0.318 0.318 0.318 0.307 0.307 0.275 0.275 0.258 0.258 0.258 0.2655 0.2655 0.27 0.27 0.2725
-1 -1 -1 -1 -1 -1 -1 -1 -1 -1 -1 -1 -1 -1 -1 -1 -1 -1 -1 -1 -1 -1 -1 -1 -1 0.1114 0.1114 0.1114 0.119 0.119 0.252 0.252 0.2525 0.2525 0.2525 0.307 0.307 0.1715 0.1715 0.249 0.249 0.249 0.2465 0.2465 0.284 0.284 0.2575 0.2575 0.2575 0.222 0.222 0.283 0.283 0.2945 0.2945 0.299 0.299 0.299 0.298 0.298 0.318 0.318 0.318 0.318 0.318 0.307 0.307 0.275 0.275 0.258 0.258 0.258 0.2655 0.2655 0.27 0.27 0.2725
-1 -1 -1 -1 -1 -1 -1 -1 -1 -1 -1 -1 -1 -1 -1 -1 -1 -1 -1 -1 -1 -1 -1 -1 -1 0.1114 0.1114 0.1114 0.119 0.119 0.252 0.252 0.2525 0.2525 0.2525 0.307 0.307 0.1715 0.1715 0.249 0.249 0.249 0.2465 0.2465 0.284 0.284 0.2575 0.2575 0.2575 0.222 0.222 0.283 0.283 0.2945 0.2945 0.299 0.299 0.299 0.298 0.298 0.318 0.318 0.318 0.318 0.318 0.307 0.307 0.275 0.275 0.258 0.258 0.258 0.2655 0.2655 0.27 0.27 0.2725
