ndvi/NOAA-369.asc
ncols         252
nrows         154
xllcorner     -18.017974
yllcorner     13.481982
cellsize      0.035948
NODATA_value  -9999
[rows 68 to 101 of 154, columns 0 to 76 of 252]
-1 -1 -1 -1 -1 -1 -1 -1 -1 -1 -1 -1 -1 -1 -1 -1 -1 -1 -1 -1 -1 -1 -1 -1 -1 -1 -1 -1 -1 -1 -1 -1 -1 -1 -1 -1 -1 -1 -1 0.3085 0.3085 0.3085 0.306 0.306 0.51 0.51 0.612 0.612 0.612 0.3505 0.3505 0.4625 0.4625 0.364 0.364 0.3885 0.3885 0.3885 0.455 0.455 0.5335 0.5335 0.5335 0.5335 0.5335 0.428 0.428 0.5765 0.5765 0.4595 0.4595 0.4595 0.464 0.464 0.441 0.441 0.4925
-1 -1 -1 -1 -1 -1 -1 -1 -1 -1 -1 -1 -1 -1 -1 -1 -1 -1 -1 -1 -1 -1 -1 -1 -1 -1 -1 -1 -1 -1 -1 -1 -1 -1 -1 -1 -1 -1 -1 0.28 0.28 0.28 0.475 0.475 0.5915 0.5915 0.4065 0.4065 0.4065 0.3095 0.3095 0.3355 0.3355 0.479 0.479 0.387 0.387 0.387 0.5035 0.5035 0.6701 0.6701 0.6701 0.6701 0.6701 0.6916 0.6916 0.4975 0.4975 0.5635 0.5635 0.5635 0.566 0.566 0.447 0.447 0.424
-1 -1 -1 -1 -1 -1 -1 -1 -1 -1 -1 -1 -1 -1 -1 -1 -1 -1 -1 -1 -1 -1 -1 -1 -1 -1 -1 -1 -1 -1 -1 -1 -1 -1 -1 -1 -1 -1 -1 0.28 0.28 0.28 0.475 0.475 0.5915 0.5915 0.4065 0.4065 0.4065 0.3095 0.3095 0.3355 0.3355 0.479 0.479 0.387 0.387 0.387 0.5035 0.5035 0.6701 0.6701 0.6701 0.6701 0.6701 0.6916 0.6916 0.4975 0.4975 0.5635 0.5635 0.5635 0.566 0.566 0.447 0.447 0.424
-1 -1 -1 -1 -1 -1 -1 -1 -1 -1 -1 -1 -1 -1 -1 -1 -1 -1 -1 -1 -1 -1 -1 -1 -1 -1 -1 -1 -1 -1 -1 -1 -1 -1 -1 -1 -1 0.142 0.142 0.224 0.224 0.224 0.4115 0.4115 0.456 0.456 0.39 0.39 0.39 0.371 0.371 0.368 0.368 0.365 0.365 0.306 0.306 0.306 0.477 0.477 0.583 0.583 0.583 0.583 0.583 0.6005 0.6005 0.5385 0.5385 0.576 0.576 0.576 0.583 0.583 0.52 0.52 0.5575
-1 -1 -1 -1 -1 -1 -1 -1 -1 -1 -1 -1 -1 -1 -1 -1 -1 -1 -1 -1 -1 -1 -1 -1 -1 -1 -1 -1 -1 -1 -1 -1 -1 -1 -1 -1 -1 0.142 0.142 0.224 0.224 0.224 0.4115 0.4115 0.456 0.456 0.39 0.39 0.39 0.371 0.371 0.368 0.368 0.365 0.365 0.306 0.306 0.306 0.477 0.477 0.583 0.583 0.583 0.583 0.583 0.6005 0.6005 0.5385 0.5385 0.576 0.576 0.576 0.583 0.583 0.52 0.52 0.5575
-1 -1 -1 -1 -1 -1 -1 -1 -1 -1 -1 -1 -1 -1 -1 -1 -1 -1 -1 -1 -1 -1 -1 -1 -1 -1 -1 -1 -1 -1 -1 -1 -1 -1 -1 -1 -1 0.142 0.142 0.224 0.224 0.224 0.4115 0.4115 0.456 0.456 0.39 0.39 0.39 0.371 0.371 0.368 0.368 0.365 0.365 0.306 0.306 0.306 0.477 0.477 0.583 0.583 0.583 0.583 0.583 0.6005 0.6005 0.5385 0.5385 0.576 0.576 0.576 0.583 0.583 0.52 0.52 0.5575
-1 -1 -1 -1 -1 -1 -1 -1 -1 -1 -1 -1 -1 -1 -1 -1 -1 -1 -1 -1 -1 -1 -1 -1 -1 -1 -1 -1 -1 -1 -1 -1 -1 -1 -1 -1 -1 0.0845 0.0845 0.2085 0.2085 0.2085 0.445 0.445 0.452 0.452 0.3715 0.3715 0.3715 0.362 0.362 0.2935 0.2935 0.371 0.371 0.3285 0.3285 0.3285 0.408 0.408 0.516 0.516 0.516 0.516 0.516 0.5695 0.5695 0.4805 0.4805 0.4045 0.4045 0.4045 0.443 0.443 0.4945 0.4945 0.514
-1 -1 -1 -1 -1 -1 -1 -1 -1 -1 -1 -1 -1 -1 -1 -1 -1 -1 -1 -1 -1 -1 -1 -1 -1 -1 -1 -1 -1 -1 -1 -1 -1 -1 -1 -1 -1 0.0845 0.0845 0.2085 0.2085 0.2085 0.445 0.445 0.452 0.452 0.3715 0.3715 0.3715 0.362 0.362 0.2935 0.2935 0.371 0.371 0.3285 0.3285 0.3285 0.408 0.408 0.516 0.516 0.516 0.516 0.516 0.5695 0.5695 0.4805 0.4805 0.4045 0.4045 0.4045 0.443 0.443 0.4945 0.4945 0.514
-1 -1 -1 -1 -1 -1 -1 -1 -1 -1 -1 -1 -1 -1 -1 -1 -1 -1 -1 -1 -1 -1 -1 -1 -1 -1 -1 -1 -1 -1 -1 -1 -1 -1 -1 -1 -1 0.0235 0.0235 0.2325 0.2325 0.2325 0.422 0.422 0.4405 0.4405 0.4425 0.4425 0.4425 0.4955 0.4955 0.5055 0.5055 0.4801 0.4801 0.451 0.451 0.451 0.6005 0.6005 0.5975 0.5975 0.5975 0.5975 0.5975 0.5671 0.5671 0.679 0.679 0.6225 0.6225 0.6225 0.535 0.535 0.447 0.447 0.451
-1 -1 -1 -1 -1 -1 -1 -1 -1 -1 -1 -1 -1 -1 -1 -1 -1 -1 -1 -1 -1 -1 -1 -1 -1 -1 -1 -1 -1 -1 -1 -1 -1 -1 -1 -1 -1 0.0235 0.0235 0.2325 0.2325 0.2325 0.422 0.422 0.4405 0.4405 0.4425 0.4425 0.4425 0.4955 0.4955 0.5055 0.5055 0.4801 0.4801 0.451 0.451 0.451 0.6005 0.6005 0.5975 0.5975 0.5975 0.5975 0.5975 0.5671 0.5671 0.679 0.679 0.6225 0.6225 0.6225 0.535 0.535 0.447 0.447 0.451
-1 -1 -1 -1 -1 -1 -1 -1 -1 -1 -1 -1 -1 -1 -1 -1 -1 -1 -1 -1 -1 -1 -1 -1 -1 -1 -1 -1 -1 -1 -1 -1 -1 -1 -1 -1 -1 0.0587 0.0587 0.254 0.254 0.254 0.3545 0.3545 0.4875 0.4875 0.475 0.475 0.475 0.4885 0.4885 0.5 0.5 0.5585001 0.5585001 0.486 0.486 0.486 0.4825 0.4825 0.555 0.555 0.555 0.555 0.555 0.5495 0.5495 0.524 0.524 0.5975 0.5975 0.5975 0.5355 0.5355 0.474 0.474 0.531
-1 -1 -1 -1 -1 -1 -1 -1 -1 -1 -1 -1 -1 -1 -1 -1 -1 -1 -1 -1 -1 -1 -1 -1 -1 -1 -1 -1 -1 -1 -1 -1 -1 -1 -1 -1 -1 0.0587 0.0587 0.254 0.254 0.254 0.3545 0.3545 0.4875 0.4875 0.475 0.475 0.475 0.4885 0.4885 0.5 0.5 0.5585001 0.5585001 0.486 0.486 0.486 0.4825 0.4825 0.555 0.555 0.555 0.555 0.555 0.5495 0.5495 0.524 0.524 0.5975 0.5975 0.5975 0.5355 0.5355 0.474 0.474 0.531
-1 -1 -1 -1 -1 -1 -1 -1 -1 -1 -1 -1 -1 -1 -1 -1 -1 -1 -1 -1 -1 -1 -1 -1 -1 -1 -1 -1 -1 -1 -1 -1 -1 -1 -1 -1 -1 0.1042 0.1042 0.299 0.299 0.299 0.449 0.449 0.5085 0.5085 0.469 0.469 0.469 0.5021 0.5021 0.4855 0.4855 0.4975 0.4975 0.538 0.538 0.538 0.476 0.476 0.497 0.497 0.497 0.497 0.497 0.5035 0.5035 0.5025 0.5025 0.6396 0.6396 0.6396 0.529 0.529 0.5915 0.5915 0.49
-1 -1 -1 -1 -1 -1 -1 -1 -1 -1 -1 -1 -1 -1 -1 -1 -1 -1 -1 -1 -1 -1 -1 -1 -1 -1 -1 -1 -1 -1 -1 -1 -1 -1 -1 -1 -1 0.1042 0.1042 0.299 0.299 0.299 0.449 0.449 0.5085 0.5085 0.469 0.469 0.469 0.5021 0.5021 0.4855 0.4855 0.4975 0.4975 0.538 0.538 0.538 0.476 0.476 0.497 0.497 0.497 0.497 0.497 0.5035 0.5035 0.5025 0.5025 0.6396 0.6396 0.6396 0.529 0.529 0.5915 0.5915 0.49
-1 -1 -1 -1 -1 -1 -1 -1 -1 -1 -1 -1 -1 -1 -1 -1 -1 -1 -1 -1 -1 -1 -1 -1 -1 -1 -1 -1 -1 -1 -1 -1 -1 -1 -1 -1 -1 0.1042 0.1042 0.299 0.299 0.299 0.449 0.449 0.5085 0.5085 0.469 0.469 0.469 0.5021 0.5021 0.4855 0.4855 0.4975 0.4975 0.538 0.538 0.538 0.476 0.476 0.497 0.497 0.497 0.497 0.497 0.5035 0.5035 0.5025 0.5025 0.6396 0.6396 0.6396 0.529 0.529 0.5915 0.5915 0.49
-1 -1 -1 -1 -1 -1 -1 -1 -1 -1 -1 -1 -1 -1 -1 -1 -1 -1 -1 -1 -1 -1 -1 -1 -1 -1 -1 -1 -1 -1 -1 -1 -1 -1 -1 -1 -1 0.0645 0.0645 0.3865 0.3865 0.3865 0.4885 0.4885 0.4595 0.4595 0.484 0.484 0.484 0.5365 0.5365 0.4675 0.4675 0.482 0.482 0.5156 0.5156 0.5156 0.4405 0.4405 0.445 0.445 0.445 0.445 0.445 0.527 0.527 0.5695 0.5695 0.549 0.549 0.549 0.502 0.502 0.6876 0.6876 0.5145
-1 -1 -1 -1 -1 -1 -1 -1 -1 -1 -1 -1 -1 -1 -1 -1 -1 -1 -1 -1 -1 -1 -1 -1 -1 -1 -1 -1 -1 -1 -1 -1 -1 -1 -1 -1 -1 0.0645 0.0645 0.3865 0.3865 0.3865 0.4885 0.4885 0.4595 0.4595 0.484 0.484 0.484 0.5365 0.5365 0.4675 0.4675 0.482 0.482 0.5156 0.5156 0.5156 0.4405 0.4405 0.445 0.445 0.445 0.445 0.445 0.527 0.527 0.5695 0.5695 0.549 0.549 0.549 0.502 0.502 0.6876 0.6876 0.5145
-1 -1 -1 -1 -1 -1 -1 -1 -1 -1 -1 -1 -1 -1 -1 -1 -1 -1 -1 -1 -1 -1 -1 -1 -1 -1 -1 -1 -1 -1 -1 -1 -1 -1 -1 -1 -1 0.1985 0.1985 0.459 0.459 0.459 0.4945 0.4945 0.4755 0.4755 0.5635 0.5635 0.5635 0.5226 0.5226 0.561 0.561 0.555 0.555 0.421 0.421 0.421 0.4505 0.4505 0.481 0.481 0.481 0.481 0.481 0.494 0.494 0.5205 0.5205 0.487 0.487 0.487 0.5186 0.5186 0.572 0.572 0.4901
-1 -1 -1 -1 -1 -1 -1 -1 -1 -1 -1 -1 -1 -1 -1 -1 -1 -1 -1 -1 -1 -1 -1 -1 -1 -1 -1 -1 -1 -1 -1 -1 -1 -1 -1 -1 -1 0.1985 0.1985 0.459 0.459 0.459 0.4945 0.4945 0.4755 0.4755 0.5635 0.5635 0.5635 0.5226 0.5226 0.561 0.561 0.555 0.555 0.421 0.421 0.421 0.4505 0.4505 0.481 0.481 0.481 0.481 0.481 0.494 0.494 0.5205 0.5205 0.487 0.487 0.487 0.5186 0.5186 0.572 0.572 0.4901
-1 -1 -1 -1 -1 -1 -1 -1 -1 -1 -1 -1 -1 -1 -1 -1 -1 -1 -1 -1 -1 -1 -1 -1 -1 -1 -1 -1 -1 -1 -1 -1 -1 -1 -1 0.0275 0.0275 0.458 0.458 0.503 0.503 0.503 0.4736 0.4736 0.5145 0.5145 0.454 0.454 0.454 0.5235 0.5235 0.576 0.576 0.4595 0.4595 0.4285 0.4285 0.4285 0.5095 0.5095 0.472 0.472 0.472 0.472 0.472 0.502 0.502 0.566 0.566 0.436 0.436 0.436 0.547 0.547 0.5305 0.5305 0.5866
-1 -1 -1 -1 -1 -1 -1 -1 -1 -1 -1 -1 -1 -1 -1 -1 -1 -1 -1 -1 -1 -1 -1 -1 -1 -1 -1 -1 -1 -1 -1 -1 -1 -1 -1 0.0275 0.0275 0.458 0.458 0.503 0.503 0.503 0.4736 0.4736 0.5145 0.5145 0.454 0.454 0.454 0.5235 0.5235 0.576 0.576 0.4595 0.4595 0.4285 0.4285 0.4285 0.5095 0.5095 0.472 0.472 0.472 0.472 0.472 0.502 0.502 0.566 0.566 0.436 0.436 0.436 0.547 0.547 0.5305 0.5305 0.5866
-1 -1 -1 -1 -1 -1 -1 -1 -1 -1 -1 -1 -1 -1 -1 -1 -1 -1 -1 -1 -1 -1 -1 -1 -1 -1 -1 -1 -1 -1 -1 -1 -1 -1 -1 0.0275 0.0275 0.458 0.458 0.503 0.503 0.503 0.4736 0.4736 0.5145 0.5145 0.454 0.454 0.454 0.5235 0.5235 0.576 0.576 0.4595 0.4595 0.4285 0.4285 0.4285 0.5095 0.5095 0.472 0.472 0.472 0.472 0.472 0.502 0.502 0.566 0.566 0.436 0.436 0.436 0.547 0.547 0.5305 0.5305 0.5866
-1 -1 -1 -1 -1 -1 -1 -1 -1 -1 -1 -1 -1 -1 -1 -1 -1 -1 -1 -1 -1 -1 -1 -1 -1 -1 -1 -1 -1 -1 -1 -1 -1 -1 -1 0.2285 0.2285 0.447 0.447 0.4725 0.4725 0.4725 0.4505 0.4505 0.423 0.423 0.411 0.411 0.411 0.473 0.473 0.4685 0.4685 0.405 0.405 0.4955 0.4955 0.4955 0.573 0.573 0.5175 0.5175 0.5175 0.5175 0.5175 0.5035 0.5035 0.4905 0.4905 0.47 0.47 0.47 0.4545 0.4545 0.5045 0.5045 0.5545
-1 -1 -1 -1 -1 -1 -1 -1 -1 -1 -1 -1 -1 -1 -1 -1 -1 -1 -1 -1 -1 -1 -1 -1 -1 -1 -1 -1 -1 -1 -1 -1 -1 -1 -1 0.2285 0.2285 0.447 0.447 0.4725 0.4725 0.4725 0.4505 0.4505 0.423 0.423 0.411 0.411 0.411 0.473 0.473 0.4685 0.4685 0.405 0.405 0.4955 0.4955 0.4955 0.573 0.573 0.5175 0.5175 0.5175 0.5175 0.5175 0.5035 0.5035 0.4905 0.4905 0.47 0.47 0.47 0.4545 0.4545 0.5045 0.5045 0.5545
-1 -1 -1 -1 -1 -1 -1 -1 -1 -1 -1 -1 -1 -1 -1 -1 -1 -1 -1 -1 -1 -1 -1 -1 -1 -1 -1 -1 -1 -1 -1 -1 0.121 0.121 0.121 0.4655 0.4655 0.4551 0.4551 0.4795 0.4795 0.4795 0.4825 0.4825 0.4185 0.4185 0.458 0.458 0.458 0.522 0.522 0.498 0.498 0.552 0.552 0.5495 0.5495 0.5495 0.559 0.559 0.4835 0.4835 0.4835 0.4835 0.4835 0.5225 0.5225 0.5665 0.5665 0.5865 0.5865 0.5865 0.6646 0.6646 0.4655 0.4655 0.6006
-1 -1 -1 -1 -1 -1 -1 -1 -1 -1 -1 -1 -1 -1 -1 -1 -1 -1 -1 -1 -1 -1 -1 -1 -1 -1 -1 -1 -1 -1 -1 -1 0.121 0.121 0.121 0.4655 0.4655 0.4551 0.4551 0.4795 0.4795 0.4795 0.4825 0.4825 0.4185 0.4185 0.458 0.458 0.458 0.522 0.522 0.498 0.498 0.552 0.552 0.5495 0.5495 0.5495 0.559 0.559 0.4835 0.4835 0.4835 0.4835 0.4835 0.5225 0.5225 0.5665 0.5665 0.5865 0.5865 0.5865 0.6646 0.6646 0.4655 0.4655 0.6006
-1 -1 -1 -1 -1 -1 -1 -1 -1 -1 -1 -1 -1 -1 -1 -1 -1 -1 -1 -1 -1 -1 -1 -1 -1 -1 -1 -1 -1 -1 0.0225 0.0225 0.293 0.293 0.293 0.453 0.453 0.3925 0.3925 0.435 0.435 0.435 0.392 0.392 0.4695 0.4695 0.4665 0.4665 0.4665 0.5505 0.5505 0.5255 0.5255 0.585 0.585 0.5345 0.5345 0.5345 0.505 0.505 0.4685 0.4685 0.4685 0.4685 0.4685 0.5735 0.5735 0.539 0.539 0.5625 0.5625 0.5625 0.6375 0.6375 0.5325 0.5325 0.6086
-1 -1 -1 -1 -1 -1 -1 -1 -1 -1 -1 -1 -1 -1 -1 -1 -1 -1 -1 -1 -1 -1 -1 -1 -1 -1 -1 -1 -1 -1 0.0225 0.0225 0.293 0.293 0.293 0.453 0.453 0.3925 0.3925 0.435 0.435 0.435 0.392 0.392 0.4695 0.4695 0.4665 0.4665 0.4665 0.5505 0.5505 0.5255 0.5255 0.585 0.585 0.5345 0.5345 0.5345 0.505 0.505 0.4685 0.4685 0.4685 0.4685 0.4685 0.5735 0.5735 0.539 0.539 0.5625 0.5625 0.5625 0.6375 0.6375 0.5325 0.5325 0.6086
-1 -1 -1 -1 -1 -1 -1 -1 -1 -1 -1 -1 -1 -1 -1 -1 -1 -1 -1 -1 -1 -1 -1 -1 -1 -1 -1 -1 -1 -1 0.0225 0.0225 0.293 0.293 0.293 0.453 0.453 0.3925 0.3925 0.435 0.435 0.435 0.392 0.392 0.4695 0.4695 0.4665 0.4665 0.4665 0.5505 0.5505 0.5255 0.5255 0.585 0.585 0.5345 0.5345 0.5345 0.505 0.505 0.4685 0.4685 0.4685 0.4685 0.4685 0.5735 0.5735 0.539 0.539 0.5625 0.5625 0.5625 0.6375 0.6375 0.5325 0.5325 0.6086
-1 -1 -1 -1 -1 -1 -1 -1 -1 -1 -1 -1 -1 -1 -1 -1 -1 -1 -1 -1 -1 -1 -1 -1 -1 -1 -1 -1 -1 -1 0.3205 0.3205 0.4881 0.4881 0.4881 0.4605 0.4605 0.4365 0.4365 0.4335 0.4335 0.4335 0.4565 0.4565 0.493 0.493 0.443 0.443 0.443 0.4705 0.4705 0.548 0.548 0.5135 0.5135 0.5495 0.5495 0.5495 0.5041 0.5041 0.6245 0.6245 0.6245 0.6245 0.6245 0.5765 0.5765 0.551 0.551 0.5065 0.5065 0.5065 0.5435 0.5435 0.537 0.537 0.5935
-1 -1 -1 -1 -1 -1 -1 -1 -1 -1 -1 -1 -1 -1 -1 -1 -1 -1 -1 -1 -1 -1 -1 -1 -1 -1 -1 -1 -1 -1 0.3205 0.3205 0.4881 0.4881 0.4881 0.4605 0.4605 0.4365 0.4365 0.4335 0.4335 0.4335 0.4565 0.4565 0.493 0.493 0.443 0.443 0.443 0.4705 0.4705 0.548 0.548 0.5135 0.5135 0.5495 0.5495 0.5495 0.5041 0.5041 0.6245 0.6245 0.6245 0.6245 0.6245 0.5765 0.5765 0.551 0.551 0.5065 0.5065 0.5065 0.5435 0.5435 0.537 0.537 0.5935
-1 -1 -1 -1 -1 -1 -1 -1 -1 -1 -1 -1 -1 -1 -1 -1 -1 -1 -1 -1 -1 -1 -1 -1 -1 -1 -1 -1 0.0525 0.0525 0.424 0.424 0.468 0.468 0.468 0.407 0.407 0.394 0.394 0.4025 0.4025 0.4025 0.485 0.485 0.447 0.447 0.4725 0.4725 0.4725 0.458 0.458 0.4865 0.4865 0.5695 0.5695 0.6575 0.6575 0.6575 0.683 0.683 0.6325 0.6325 0.6325 0.6325 0.6325 0.6796 0.6796 0.601 0.601 0.581 0.581 0.581 0.5331 0.5331 0.49 0.49 0.5395
-1 -1 -1 -1 -1 -1 -1 -1 -1 -1 -1 -1 -1 -1 -1 -1 -1 -1 -1 -1 -1 -1 -1 -1 -1 -1 -1 -1 0.0525 0.0525 0.424 0.424 0.468 0.468 0.468 0.407 0.407 0.394 0.394 0.4025 0.4025 0.4025 0.485 0.485 0.447 0.447 0.4725 0.4725 0.4725 0.458 0.458 0.4865 0.4865 0.5695 0.5695 0.6575 0.6575 0.6575 0.683 0.683 0.6325 0.6325 0.6325 0.6325 0.6325 0.6796 0.6796 0.601 0.601 0.581 0.581 0.581 0.5331 0.5331 0.49 0.49 0.5395
-1 -1 -1 -1 -1 -1 -1 -1 -1 -1 -1 -1 -1 -1 -1 -1 -1 -1 -1 -1 -1 -1 -1 -1 -1 0.0335 0.0335 0.0335 0.251 0.251 0.4355 0.4355 0.4365 0.4365 0.4365 0.39 0.39 0.443 0.443 0.4465 0.4465 0.4465 0.45 0.45 0.4895 0.4895 0.452 0.452 0.452 0.481 0.481 0.466 0.466 0.622 0.622 0.6815 0.6815 0.6815 0.5805 0.5805 0.643 0.643 0.643 0.643 0.643 0.628 0.628 0.669 0.669 0.6635 0.6635 0.6635 0.5845 0.5845 0.607 0.607 0.5471
