ndvi/NOAA-297.asc
ncols         252
nrows         154
xllcorner     -18.017974
yllcorner     13.481982
cellsize      0.035948
NODATA_value  -9999
[rows 34 to 67 of 154, columns 154 to 230 of 252]
0.1455 0.1865 0.1865 0.2005 0.2005 0.2005 0.1795 0.1795 0.1655 0.1655 0.146 0.146 0.151 0.151 0.151 0.1485 0.1485 0.1405 0.1405 0.1505 0.1505 0.1505 0.1745 0.1745 0.171 0.171 0.138 0.138 0.138 0.1335 0.1335 0.1635 0.1635 0.149 0.149 0.149 0.127 0.127 0.119 0.119 0.1335 0.1335 0.1335 0.1305 0.1305 0.131 0.131 0.1855 0.1855 0.1595 0.1595 0.1595 0.1305 0.1305 0.133 0.133 0.1205 0.1205 0.1205 0.1065 0.1065 0.1055 0.1055 0.1105 0.1105 0.1105 0.112 0.112 0.1125 0.1125 0.0995 0.0995 0.0995 0.094 0.094 0.0925 0.0925
0.1455 0.1865 0.1865 0.2005 0.2005 0.2005 0.1795 0.1795 0.1655 0.1655 0.146 0.146 0.151 0.151 0.151 0.1485 0.1485 0.1405 0.1405 0.1505 0.1505 0.1505 0.1745 0.1745 0.171 0.171 0.138 0.138 0.138 0.1335 0.1335 0.1635 0.1635 0.149 0.149 0.149 0.127 0.127 0.119 0.119 0.1335 0.1335 0.1335 0.1305 0.1305 0.131 0.131 0.1855 0.1855 0.1595 0.1595 0.1595 0.1305 0.1305 0.133 0.133 0.1205 0.1205 0.1205 0.1065 0.1065 0.1055 0.1055 0.1105 0.1105 0.1105 0.112 0.112 0.1125 0.1125 0.0995 0.0995 0.0995 0.094 0.094 0.0925 0.0925
0.1455 0.1865 0.1865 0.2005 0.2005 0.2005 0.1795 0.1795 0.1655 0.1655 0.146 0.146 0.151 0.151 0.151 0.1485 0.1485 0.1405 0.1405 0.1505 0.1505 0.1505 0.1745 0.1745 0.171 0.171 0.138 0.138 0.138 0.1335 0.1335 0.1635 0.1635 0.149 0.149 0.149 0.127 0.127 0.119 0.119 0.1335 0.1335 0.1335 0.1305 0.1305 0.131 0.131 0.1855 0.1855 0.1595 0.1595 0.1595 0.1305 0.1305 0.133 0.133 0.1205 0.1205 0.1205 0.1065 0.1065 0.1055 0.1055 0.1105 0.1105 0.1105 0.112 0.112 0.1125 0.1125 0.0995 0.0995 0.0995 0.094 0.094 0.0925 0.0925
0.171 0.2145 0.2145 0.2075 0.2075 0.2075 0.1745 0.1745 0.1625 0.1625 0.15 0.15 0.1625 0.1625 0.1625 0.144 0.144 0.1635 0.1635 0.1385 0.1385 0.1385 0.152 0.152 0.179 0.179 0.1755 0.1755 0.1755 0.18 0.18 0.1575 0.1575 0.164 0.164 0.164 0.1365 0.1365 0.147 0.147 0.131 0.131 0.131 0.1325 0.1325 0.1955 0.1955 0.209 0.209 0.169 0.169 0.169 0.136 0.136 0.1605 0.1605 0.1595 0.1595 0.1595 0.1335 0.1335 0.114 0.114 0.1025 0.1025 0.1025 0.1025 0.1025 0.1 0.1 0.1095 0.1095 0.1095 0.109 0.109 0.1075 0.1075
0.171 0.2145 0.2145 0.2075 0.2075 0.2075 0.1745 0.1745 0.1625 0.1625 0.15 0.15 0.1625 0.1625 0.1625 0.144 0.144 0.1635 0.1635 0.1385 0.1385 0.1385 0.152 0.152 0.179 0.179 0.1755 0.1755 0.1755 0.18 0.18 0.1575 0.1575 0.164 0.164 0.164 0.1365 0.1365 0.147 0.147 0.131 0.131 0.131 0.1325 0.1325 0.1955 0.1955 0.209 0.209 0.169 0.169 0.169 0.136 0.136 0.1605 0.1605 0.1595 0.1595 0.1595 0.1335 0.1335 0.114 0.114 0.1025 0.1025 0.1025 0.1025 0.1025 0.1 0.1 0.1095 0.1095 0.1095 0.109 0.109 0.1075 0.1075
0.184 0.1915 0.1915 0.1585 0.1585 0.1585 0.177 0.177 0.1515 0.1515 0.154 0.154 0.1425 0.1425 0.1425 0.1445 0.1445 0.153 0.153 0.148 0.148 0.148 0.1555 0.1555 0.189 0.189 0.1735 0.1735 0.1735 0.1755 0.1755 0.1875 0.1875 0.1965 0.1965 0.1965 0.1655 0.1655 0.1745 0.1745 0.186 0.186 0.186 0.1415 0.1415 0.1915 0.1915 0.2055 0.2055 0.1565 0.1565 0.1565 0.155 0.155 0.1705 0.1705 0.161 0.161 0.161 0.135 0.135 0.12 0.12 0.11 0.11 0.11 0.1035 0.1035 0.105 0.105 0.1225 0.1225 0.1225 0.1305 0.1305 0.113 0.113
0.184 0.1915 0.1915 0.1585 0.1585 0.1585 0.177 0.177 0.1515 0.1515 0.154 0.154 0.1425 0.1425 0.1425 0.1445 0.1445 0.153 0.153 0.148 0.148 0.148 0.1555 0.1555 0.189 0.189 0.1735 0.1735 0.1735 0.1755 0.1755 0.1875 0.1875 0.1965 0.1965 0.1965 0.1655 0.1655 0.1745 0.1745 0.186 0.186 0.186 0.1415 0.1415 0.1915 0.1915 0.2055 0.2055 0.1565 0.1565 0.1565 0.155 0.155 0.1705 0.1705 0.161 0.161 0.161 0.135 0.135 0.12 0.12 0.11 0.11 0.11 0.1035 0.1035 0.105 0.105 0.1225 0.1225 0.1225 0.1305 0.1305 0.113 0.113
0.1765 0.17 0.17 0.171 0.171 0.171 0.1345 0.1345 0.141 0.141 0.1445 0.1445 0.1445 0.1445 0.1445 0.162 0.162 0.17 0.17 0.1585 0.1585 0.1585 0.1815 0.1815 0.1595 0.1595 0.1955 0.1955 0.1955 0.183 0.183 0.1805 0.1805 0.203 0.203 0.203 0.181 0.181 0.167 0.167 0.2 0.2 0.2 0.1605 0.1605 0.1845 0.1845 0.195 0.195 0.141 0.141 0.141 0.177 0.177 0.149 0.149 0.144 0.144 0.144 0.1685 0.1685 0.173 0.173 0.159 0.159 0.159 0.1585 0.1585 0.1525 0.1525 0.1605 0.1605 0.1605 0.153 0.153 0.124 0.124
0.1765 0.17 0.17 0.171 0.171 0.171 0.1345 0.1345 0.141 0.141 0.1445 0.1445 0.1445 0.1445 0.1445 0.162 0.162 0.17 0.17 0.1585 0.1585 0.1585 0.1815 0.1815 0.1595 0.1595 0.1955 0.1955 0.1955 0.183 0.183 0.1805 0.1805 0.203 0.203 0.203 0.181 0.181 0.167 0.167 0.2 0.2 0.2 0.1605 0.1605 0.1845 0.1845 0.195 0.195 0.141 0.141 0.141 0.177 0.177 0.149 0.149 0.144 0.144 0.144 0.1685 0.1685 0.173 0.173 0.159 0.159 0.159 0.1585 0.1585 0.1525 0.1525 0.1605 0.1605 0.1605 0.153 0.153 0.124 0.124
0.1765 0.17 0.17 0.171 0.171 0.171 0.1345 0.1345 0.141 0.141 0.1445 0.1445 0.1445 0.1445 0.1445 0.162 0.162 0.17 0.17 0.1585 0.1585 0.1585 0.1815 0.1815 0.1595 0.1595 0.1955 0.1955 0.1955 0.183 0.183 0.1805 0.1805 0.203 0.203 0.203 0.181 0.181 0.167 0.167 0.2 0.2 0.2 0.1605 0.1605 0.1845 0.1845 0.195 0.195 0.141 0.141 0.141 0.177 0.177 0.149 0.149 0.144 0.144 0.144 0.1685 0.1685 0.173 0.173 0.159 0.159 0.159 0.1585 0.1585 0.1525 0.1525 0.1605 0.1605 0.1605 0.153 0.153 0.124 0.124
0.1585 0.199 0.199 0.192 0.192 0.192 0.1885 0.1885 0.164 0.164 0.181 0.181 0.1835 0.1835 0.1835 0.1745 0.1745 0.2255 0.2255 0.2105 0.2105 0.2105 0.1935 0.1935 0.1825 0.1825 0.1815 0.1815 0.1815 0.24 0.24 0.233 0.233 0.231 0.231 0.231 0.1835 0.1835 0.175 0.175 0.1825 0.1825 0.1825 0.183 0.183 0.186 0.186 0.188 0.188 0.1535 0.1535 0.1535 0.178 0.178 0.1695 0.1695 0.1575 0.1575 0.1575 0.195 0.195 0.201 0.201 0.179 0.179 0.179 0.1945 0.1945 0.17 0.17 0.1585 0.1585 0.1585 0.1395 0.1395 0.1425 0.1425
0.1585 0.199 0.199 0.192 0.192 0.192 0.1885 0.1885 0.164 0.164 0.181 0.181 0.1835 0.1835 0.1835 0.1745 0.1745 0.2255 0.2255 0.2105 0.2105 0.2105 0.1935 0.1935 0.1825 0.1825 0.1815 0.1815 0.1815 0.24 0.24 0.233 0.233 0.231 0.231 0.231 0.1835 0.1835 0.175 0.175 0.1825 0.1825 0.1825 0.183 0.183 0.186 0.186 0.188 0.188 0.1535 0.1535 0.1535 0.178 0.178 0.1695 0.1695 0.1575 0.1575 0.1575 0.195 0.195 0.201 0.201 0.179 0.179 0.179 0.1945 0.1945 0.17 0.17 0.1585 0.1585 0.1585 0.1395 0.1395 0.1425 0.1425
0.1995 0.211 0.211 0.2645 0.2645 0.2645 0.2495 0.2495 0.217 0.217 0.244 0.244 0.2535 0.2535 0.2535 0.239 0.239 0.2165 0.2165 0.255 0.255 0.255 0.203 0.203 0.2225 0.2225 0.26 0.26 0.26 0.2555 0.2555 0.2715 0.2715 0.2395 0.2395 0.2395 0.2035 0.2035 0.197 0.197 0.2025 0.2025 0.2025 0.2015 0.2015 0.174 0.174 0.171 0.171 0.1715 0.1715 0.1715 0.2085 0.2085 0.201 0.201 0.199 0.199 0.199 0.2135 0.2135 0.188 0.188 0.191 0.191 0.191 0.183 0.183 0.1525 0.1525 0.1575 0.1575 0.1575 0.146 0.146 0.1655 0.1655
0.1995 0.211 0.211 0.2645 0.2645 0.2645 0.2495 0.2495 0.217 0.217 0.244 0.244 0.2535 0.2535 0.2535 0.239 0.239 0.2165 0.2165 0.255 0.255 0.255 0.203 0.203 0.2225 0.2225 0.26 0.26 0.26 0.2555 0.2555 0.2715 0.2715 0.2395 0.2395 0.2395 0.2035 0.2035 0.197 0.197 0.2025 0.2025 0.2025 0.2015 0.2015 0.174 0.174 0.171 0.171 0.1715 0.1715 0.1715 0.2085 0.2085 0.201 0.201 0.199 0.199 0.199 0.2135 0.2135 0.188 0.188 0.191 0.191 0.191 0.183 0.183 0.1525 0.1525 0.1575 0.1575 0.1575 0.146 0.146 0.1655 0.1655
0.2355 0.209 0.209 0.2255 0.2255 0.2255 0.2875 0.2875 0.267 0.267 0.244 0.244 0.253 0.253 0.253 0.231 0.231 0.239 0.239 0.2535 0.2535 0.2535 0.2495 0.2495 0.2835 0.2835 0.274 0.274 0.274 0.242 0.242 0.2205 0.2205 0.2265 0.2265 0.2265 0.208 0.208 0.1985 0.1985 0.236 0.236 0.236 0.2365 0.2365 0.2375 0.2375 0.2385 0.2385 0.214 0.214 0.214 0.2005 0.2005 0.2145 0.2145 0.235 0.235 0.235 0.205 0.205 0.2145 0.2145 0.2125 0.2125 0.2125 0.1965 0.1965 0.1435 0.1435 0.1375 0.1375 0.1375 0.1685 0.1685 0.169 0.169
0.2355 0.209 0.209 0.2255 0.2255 0.2255 0.2875 0.2875 0.267 0.267 0.244 0.244 0.253 0.253 0.253 0.231 0.231 0.239 0.239 0.2535 0.2535 0.2535 0.2495 0.2495 0.2835 0.2835 0.274 0.274 0.274 0.242 0.242 0.2205 0.2205 0.2265 0.2265 0.2265 0.208 0.208 0.1985 0.1985 0.236 0.236 0.236 0.2365 0.2365 0.2375 0.2375 0.2385 0.2385 0.214 0.214 0.214 0.2005 0.2005 0.2145 0.2145 0.235 0.235 0.235 0.205 0.205 0.2145 0.2145 0.2125 0.2125 0.2125 0.1965 0.1965 0.1435 0.1435 0.1375 0.1375 0.1375 0.1685 0.1685 0.169 0.169
0.2355 0.209 0.209 0.2255 0.2255 0.2255 0.2875 0.2875 0.267 0.267 0.244 0.244 0.253 0.253 0.253 0.231 0.231 0.239 0.239 0.2535 0.2535 0.2535 0.2495 0.2495 0.2835 0.2835 0.274 0.274 0.274 0.242 0.242 0.2205 0.2205 0.2265 0.2265 0.2265 0.208 0.208 0.1985 0.1985 0.236 0.236 0.236 0.2365 0.2365 0.2375 0.2375 0.2385 0.2385 0.214 0.214 0.214 0.2005 0.2005 0.2145 0.2145 0.235 0.235 0.235 0.205 0.205 0.2145 0.2145 0.2125 0.2125 0.2125 0.1965 0.1965 0.1435 0.1435 0.1375 0.1375 0.1375 0.1685 0.1685 0.169 0.169
0.204 0.209 0.209 0.2515 0.2515 0.2515 0.2955 0.2955 0.303 0.303 0.2765 0.2765 0.273 0.273 0.273 0.234 0.234 0.2395 0.2395 0.2205 0.2205 0.2205 0.25 0.25 0.2645 0.2645 0.2395 0.2395 0.2395 0.251 0.251 0.235 0.235 0.2445 0.2445 0.2445 0.2345 0.2345 0.2195 0.2195 0.2565 0.2565 0.2565 0.257 0.257 0.252 0.252 0.2605 0.2605 0.211 0.211 0.211 0.1965 0.1965 0.203 0.203 0.222 0.222 0.222 0.232 0.232 0.208 0.208 0.2055 0.2055 0.2055 0.2115 0.2115 0.157 0.157 0.193 0.193 0.193 0.177 0.177 0.176 0.176
0.204 0.209 0.209 0.2515 0.2515 0.2515 0.2955 0.2955 0.303 0.303 0.2765 0.2765 0.273 0.273 0.273 0.234 0.234 0.2395 0.2395 0.2205 0.2205 0.2205 0.25 0.25 0.2645 0.2645 0.2395 0.2395 0.2395 0.251 0.251 0.235 0.235 0.2445 0.2445 0.2445 0.2345 0.2345 0.2195 0.2195 0.2565 0.2565 0.2565 0.257 0.257 0.252 0.252 0.2605 0.2605 0.211 0.211 0.211 0.1965 0.1965 0.203 0.203 0.222 0.222 0.222 0.232 0.232 0.208 0.208 0.2055 0.2055 0.2055 0.2115 0.2115 0.157 0.157 0.193 0.193 0.193 0.177 0.177 0.176 0.176
0.168 0.209 0.209 0.2545 0.2545 0.2545 0.303 0.303 0.291 0.291 0.297 0.297 0.2885 0.2885 0.2885 0.2835 0.2835 0.2095 0.2095 0.224 0.224 0.224 0.2805 0.2805 0.3015 0.3015 0.296 0.296 0.296 0.2955 0.2955 0.264 0.264 0.2815 0.2815 0.2815 0.258 0.258 0.254 0.254 0.279 0.279 0.279 0.2385 0.2385 0.2825 0.2825 0.22 0.22 0.204 0.204 0.204 0.2235 0.2235 0.2555 0.2555 0.237 0.237 0.237 0.2505 0.2505 0.2095 0.2095 0.2315 0.2315 0.2315 0.253 0.253 0.267 0.267 0.239 0.239 0.239 0.2185 0.2185 0.206 0.206
0.168 0.209 0.209 0.2545 0.2545 0.2545 0.303 0.303 0.291 0.291 0.297 0.297 0.2885 0.2885 0.2885 0.2835 0.2835 0.2095 0.2095 0.224 0.224 0.224 0.2805 0.2805 0.3015 0.3015 0.296 0.296 0.296 0.2955 0.2955 0.264 0.264 0.2815 0.2815 0.2815 0.258 0.258 0.254 0.254 0.279 0.279 0.279 0.2385 0.2385 0.2825 0.2825 0.22 0.22 0.204 0.204 0.204 0.2235 0.2235 0.2555 0.2555 0.237 0.237 0.237 0.2505 0.2505 0.2095 0.2095 0.2315 0.2315 0.2315 0.253 0.253 0.267 0.267 0.239 0.239 0.239 0.2185 0.2185 0.206 0.206
0.158 0.209 0.209 0.244 0.244 0.244 0.277 0.277 0.301 0.301 0.313 0.313 0.315 0.315 0.315 0.305 0.305 0.2775 0.2775 0.288 0.288 0.288 0.3275 0.3275 0.379 0.379 0.294 0.294 0.294 0.2745 0.2745 0.28 0.28 0.2855 0.2855 0.2855 0.271 0.271 0.273 0.273 0.2605 0.2605 0.2605 0.2665 0.2665 0.2445 0.2445 0.244 0.244 0.2505 0.2505 0.2505 0.222 0.222 0.2055 0.2055 0.2455 0.2455 0.2455 0.274 0.274 0.2525 0.2525 0.2355 0.2355 0.2355 0.272 0.272 0.2795 0.2795 0.2865 0.2865 0.2865 0.2735 0.2735 0.27 0.27
0.158 0.209 0.209 0.244 0.244 0.244 0.277 0.277 0.301 0.301 0.313 0.313 0.315 0.315 0.315 0.305 0.305 0.2775 0.2775 0.288 0.288 0.288 0.3275 0.3275 0.379 0.379 0.294 0.294 0.294 0.2745 0.2745 0.28 0.28 0.2855 0.2855 0.2855 0.271 0.271 0.273 0.273 0.2605 0.2605 0.2605 0.2665 0.2665 0.2445 0.2445 0.244 0.244 0.2505 0.2505 0.2505 0.222 0.222 0.2055 0.2055 0.2455 0.2455 0.2455 0.274 0.274 0.2525 0.2525 0.2355 0.2355 0.2355 0.272 0.272 0.2795 0.2795 0.2865 0.2865 0.2865 0.2735 0.2735 0.27 0.27
0.1465 0.1955 0.1955 0.2295 0.2295 0.2295 0.2985 0.2985 0.2645 0.2645 0.2725 0.2725 0.287 0.287 0.287 0.323 0.323 0.272 0.272 0.309 0.309 0.309 0.335 0.335 0.3355 0.3355 0.3325 0.3325 0.3325 0.281 0.281 0.268 0.268 0.2425 0.2425 0.2425 0.286 0.286 0.2705 0.2705 0.2665 0.2665 0.2665 0.232 0.232 0.241 0.241 0.2215 0.2215 0.2195 0.2195 0.2195 0.2045 0.2045 0.2185 0.2185 0.21 0.21 0.21 0.2425 0.2425 0.31 0.31 0.277 0.277 0.277 0.308 0.308 0.2985 0.2985 0.2795 0.2795 0.2795 0.246 0.246 0.276 0.276
0.1465 0.1955 0.1955 0.2295 0.2295 0.2295 0.2985 0.2985 0.2645 0.2645 0.2725 0.2725 0.287 0.287 0.287 0.323 0.323 0.272 0.272 0.309 0.309 0.309 0.335 0.335 0.3355 0.3355 0.3325 0.3325 0.3325 0.281 0.281 0.268 0.268 0.2425 0.2425 0.2425 0.286 0.286 0.2705 0.2705 0.2665 0.2665 0.2665 0.232 0.232 0.241 0.241 0.2215 0.2215 0.2195 0.2195 0.2195 0.2045 0.2045 0.2185 0.2185 0.21 0.21 0.21 0.2425 0.2425 0.31 0.31 0.277 0.277 0.277 0.308 0.308 0.2985 0.2985 0.2795 0.2795 0.2795 0.246 0.246 0.276 0.276
0.1465 0.1955 0.1955 0.2295 0.2295 0.2295 0.2985 0.2985 0.2645 0.2645 0.2725 0.2725 0.287 0.287 0.287 0.323 0.323 0.272 0.272 0.309 0.309 0.309 0.335 0.335 0.3355 0.3355 0.3325 0.3325 0.3325 0.281 0.281 0.268 0.268 0.2425 0.2425 0.2425 0.286 0.286 0.2705 0.2705 0.2665 0.2665 0.2665 0.232 0.232 0.241 0.241 0.2215 0.2215 0.2195 0.2195 0.2195 0.2045 0.2045 0.2185 0.2185 0.21 0.21 0.21 0.2425 0.2425 0.31 0.31 0.277 0.277 0.277 0.308 0.308 0.2985 0.2985 0.2795 0.2795 0.2795 0.246 0.246 0.276 0.276
0.165 0.211 0.211 0.2075 0.2075 0.2075 0.24 0.24 0.256 0.256 0.3125 0.3125 0.301 0.301 0.301 0.318 0.318 0.3185 0.3185 0.329 0.329 0.329 0.3325 0.3325 0.34 0.34 0.3205 0.3205 0.3205 0.293 0.293 0.269 0.269 0.2475 0.2475 0.2475 0.284 0.284 0.276 0.276 0.2705 0.2705 0.2705 0.234 0.234 0.197 0.197 0.2215 0.2215 0.195 0.195 0.195 0.217 0.217 0.221 0.221 0.2125 0.2125 0.2125 0.2475 0.2475 0.2745 0.2745 0.2665 0.2665 0.2665 0.309 0.309 0.3035 0.3035 0.2825 0.2825 0.2825 0.2375 0.2375 0.242 0.242
0.165 0.211 0.211 0.2075 0.2075 0.2075 0.24 0.24 0.256 0.256 0.3125 0.3125 0.301 0.301 0.301 0.318 0.318 0.3185 0.3185 0.329 0.329 0.329 0.3325 0.3325 0.34 0.34 0.3205 0.3205 0.3205 0.293 0.293 0.269 0.269 0.2475 0.2475 0.2475 0.284 0.284 0.276 0.276 0.2705 0.2705 0.2705 0.234 0.234 0.197 0.197 0.2215 0.2215 0.195 0.195 0.195 0.217 0.217 0.221 0.221 0.2125 0.2125 0.2125 0.2475 0.2475 0.2745 0.2745 0.2665 0.2665 0.2665 0.309 0.309 0.3035 0.3035 0.2825 0.2825 0.2825 0.2375 0.2375 0.242 0.242
0.2285 0.2435 0.2435 0.217 0.217 0.217 0.2315 0.2315 0.2545 0.2545 0.2745 0.2745 0.2745 0.2745 0.2745 0.3275 0.3275 0.367 0.367 0.3605 0.3605 0.3605 0.3265 0.3265 0.331 0.331 0.308 0.308 0.308 0.264 0.264 0.28 0.28 0.258 0.258 0.258 0.2845 0.2845 0.2645 0.2645 0.2645 0.2645 0.2645 0.2745 0.2745 0.293 0.293 0.258 0.258 0.255 0.255 0.255 0.294 0.294 0.2515 0.2515 0.242 0.242 0.242 0.2685 0.2685 0.2685 0.2685 0.2625 0.2625 0.2625 0.2541 0.2541 0.258 0.258 0.244 0.244 0.244 0.209 0.209 0.2245 0.2245
0.2285 0.2435 0.2435 0.217 0.217 0.217 0.2315 0.2315 0.2545 0.2545 0.2745 0.2745 0.2745 0.2745 0.2745 0.3275 0.3275 0.367 0.367 0.3605 0.3605 0.3605 0.3265 0.3265 0.331 0.331 0.308 0.308 0.308 0.264 0.264 0.28 0.28 0.258 0.258 0.258 0.2845 0.2845 0.2645 0.2645 0.2645 0.2645 0.2645 0.2745 0.2745 0.293 0.293 0.258 0.258 0.255 0.255 0.255 0.294 0.294 0.2515 0.2515 0.242 0.242 0.242 0.2685 0.2685 0.2685 0.2685 0.2625 0.2625 0.2625 0.2541 0.2541 0.258 0.258 0.244 0.244 0.244 0.209 0.209 0.2245 0.2245
0.237 0.2355 0.2355 0.2305 0.2305 0.2305 0.1885 0.1885 0.2555 0.2555 0.2845 0.2845 0.3215 0.3215 0.3215 0.346 0.346 0.3535 0.3535 0.369 0.369 0.369 0.342 0.342 0.3365 0.3365 0.3085 0.3085 0.3085 0.2725 0.2725 0.3065 0.3065 0.323 0.323 0.323 0.3155 0.3155 0.3145 0.3145 0.286 0.286 0.286 0.2875 0.2875 0.2845 0.2845 0.2965 0.2965 0.3385 0.3385 0.3385 0.378 0.378 0.37 0.37 0.3215 0.3215 0.3215 0.298 0.298 0.335 0.335 0.371 0.371 0.371 0.339 0.339 0.2555 0.2555 0.251 0.251 0.251 0.2035 0.2035 0.2225 0.2225
0.237 0.2355 0.2355 0.2305 0.2305 0.2305 0.1885 0.1885 0.2555 0.2555 0.2845 0.2845 0.3215 0.3215 0.3215 0.346 0.346 0.3535 0.3535 0.369 0.369 0.369 0.342 0.342 0.3365 0.3365 0.3085 0.3085 0.3085 0.2725 0.2725 0.3065 0.3065 0.323 0.323 0.323 0.3155 0.3155 0.3145 0.3145 0.286 0.286 0.286 0.2875 0.2875 0.2845 0.2845 0.2965 0.2965 0.3385 0.3385 0.3385 0.378 0.378 0.37 0.37 0.3215 0.3215 0.3215 0.298 0.298 0.335 0.335 0.371 0.371 0.371 0.339 0.339 0.2555 0.2555 0.251 0.251 0.251 0.2035 0.2035 0.2225 0.2225
0.237 0.2355 0.2355 0.2305 0.2305 0.2305 0.1885 0.1885 0.2555 0.2555 0.2845 0.2845 0.3215 0.3215 0.3215 0.346 0.346 0.3535 0.3535 0.369 0.369 0.369 0.342 0.342 0.3365 0.3365 0.3085 0.3085 0.3085 0.2725 0.2725 0.3065 0.3065 0.323 0.323 0.323 0.3155 0.3155 0.3145 0.3145 0.286 0.286 0.286 0.2875 0.2875 0.2845 0.2845 0.2965 0.2965 0.3385 0.3385 0.3385 0.378 0.378 0.37 0.37 0.3215 0.3215 0.3215 0.298 0.298 0.335 0.335 0.371 0.371 0.371 0.339 0.339 0.2555 0.2555 0.251 0.251 0.251 0.2035 0.2035 0.2225 0.2225
0.196 0.2195 0.2195 0.2265 0.2265 0.2265 0.2255 0.2255 0.281 0.281 0.315 0.315 0.3375 0.3375 0.3375 0.3705 0.3705 0.42 0.42 0.4475 0.4475 0.4475 0.406 0.406 0.345 0.345 0.3325 0.3325 0.3325 0.3315 0.3315 0.3165 0.3165 0.3035 0.3035 0.3035 0.291 0.291 0.3065 0.3065 0.304 0.304 0.304 0.3245 0.3245 0.3235 0.3235 0.327 0.327 0.3505 0.3505 0.3505 0.3685 0.3685 0.3615 0.3615 0.4205 0.4205 0.4205 0.396 0.396 0.3975 0.3975 0.378 0.378 0.378 0.394 0.394 0.354 0.354 0.3425 0.3425 0.3425 0.3865 0.3865 0.3975 0.3975
