ndvi/NOAA-170.asc
ncols         252
nrows         154
xllcorner     -18.017974
yllcorner     13.481982
cellsize      0.035948
NODATA_value  -9999
[rows 34 to 67 of 154, columns 154 to 230 of 252]
0.1365 0.133 0.133 0.131 0.131 0.131 0.1305 0.1305 0.1215 0.1215 0.115 0.115 0.1085 0.1085 0.1085 0.1095 0.1095 0.1125 0.1125 0.113 0.113 0.113 0.1165 0.1165 0.14 0.14 0.155 0.155 0.155 0.1425 0.1425 0.1425 0.1425 0.134 0.134 0.134 0.131 0.131 0.133 0.133 0.133 0.133 0.133 0.134 0.134 0.1345 0.1345 0.1395 0.1395 0.1385 0.1385 0.1385 0.142 0.142 0.143 0.143 0.1355 0.1355 0.1355 0.1435 0.1435 0.132 0.132 0.1395 0.1395 0.1395 0.1345 0.1345 0.1395 0.1395 0.152 0.152 0.152 0.143 0.143 0.134 0.134
0.1365 0.133 0.133 0.131 0.131 0.131 0.1305 0.1305 0.1215 0.1215 0.115 0.115 0.1085 0.1085 0.1085 0.1095 0.1095 0.1125 0.1125 0.113 0.113 0.113 0.1165 0.1165 0.14 0.14 0.155 0.155 0.155 0.1425 0.1425 0.1425 0.1425 0.134 0.134 0.134 0.131 0.131 0.133 0.133 0.133 0.133 0.133 0.134 0.134 0.1345 0.1345 0.1395 0.1395 0.1385 0.1385 0.1385 0.142 0.142 0.143 0.143 0.1355 0.1355 0.1355 0.1435 0.1435 0.132 0.132 0.1395 0.1395 0.1395 0.1345 0.1345 0.1395 0.1395 0.152 0.152 0.152 0.143 0.143 0.134 0.134
0.1365 0.133 0.133 0.131 0.131 0.131 0.1305 0.1305 0.1215 0.1215 0.115 0.115 0.1085 0.1085 0.1085 0.1095 0.1095 0.1125 0.1125 0.113 0.113 0.113 0.1165 0.1165 0.14 0.14 0.155 0.155 0.155 0.1425 0.1425 0.1425 0.1425 0.134 0.134 0.134 0.131 0.131 0.133 0.133 0.133 0.133 0.133 0.134 0.134 0.1345 0.1345 0.1395 0.1395 0.1385 0.1385 0.1385 0.142 0.142 0.143 0.143 0.1355 0.1355 0.1355 0.1435 0.1435 0.132 0.132 0.1395 0.1395 0.1395 0.1345 0.1345 0.1395 0.1395 0.152 0.152 0.152 0.143 0.143 0.134 0.134
0.1385 0.129 0.129 0.1285 0.1285 0.1285 0.1275 0.1275 0.1175 0.1175 0.109 0.109 0.1135 0.1135 0.1135 0.1125 0.1125 0.1135 0.1135 0.105 0.105 0.105 0.118 0.118 0.1465 0.1465 0.146 0.146 0.146 0.1585 0.1585 0.147 0.147 0.1415 0.1415 0.1415 0.133 0.133 0.136 0.136 0.1295 0.1295 0.1295 0.133 0.133 0.1355 0.1355 0.1395 0.1395 0.135 0.135 0.135 0.1355 0.1355 0.1315 0.1315 0.1325 0.1325 0.1325 0.1375 0.1375 0.146 0.146 0.135 0.135 0.135 0.136 0.136 0.15 0.15 0.1455 0.1455 0.1455 0.157 0.157 0.1535 0.1535
0.1385 0.129 0.129 0.1285 0.1285 0.1285 0.1275 0.1275 0.1175 0.1175 0.109 0.109 0.1135 0.1135 0.1135 0.1125 0.1125 0.1135 0.1135 0.105 0.105 0.105 0.118 0.118 0.1465 0.1465 0.146 0.146 0.146 0.1585 0.1585 0.147 0.147 0.1415 0.1415 0.1415 0.133 0.133 0.136 0.136 0.1295 0.1295 0.1295 0.133 0.133 0.1355 0.1355 0.1395 0.1395 0.135 0.135 0.135 0.1355 0.1355 0.1315 0.1315 0.1325 0.1325 0.1325 0.1375 0.1375 0.146 0.146 0.135 0.135 0.135 0.136 0.136 0.15 0.15 0.1455 0.1455 0.1455 0.157 0.157 0.1535 0.1535
0.1445 0.1205 0.1205 0.1085 0.1085 0.1085 0.1085 0.1085 0.115 0.115 0.1115 0.1115 0.1125 0.1125 0.1125 0.113 0.113 0.111 0.111 0.101 0.101 0.101 0.112 0.112 0.1565 0.1565 0.16 0.16 0.16 0.1665 0.1665 0.1625 0.1625 0.1495 0.1495 0.1495 0.1435 0.1435 0.135 0.135 0.133 0.133 0.133 0.1325 0.1325 0.138 0.138 0.1335 0.1335 0.135 0.135 0.135 0.1325 0.1325 0.136 0.136 0.144 0.144 0.144 0.152 0.152 0.1465 0.1465 0.144 0.144 0.144 0.142 0.142 0.148 0.148 0.158 0.158 0.158 0.156 0.156 0.145 0.145
0.1445 0.1205 0.1205 0.1085 0.1085 0.1085 0.1085 0.1085 0.115 0.115 0.1115 0.1115 0.1125 0.1125 0.1125 0.113 0.113 0.111 0.111 0.101 0.101 0.101 0.112 0.112 0.1565 0.1565 0.16 0.16 0.16 0.1665 0.1665 0.1625 0.1625 0.1495 0.1495 0.1495 0.1435 0.1435 0.135 0.135 0.133 0.133 0.133 0.1325 0.1325 0.138 0.138 0.1335 0.1335 0.135 0.135 0.135 0.1325 0.1325 0.136 0.136 0.144 0.144 0.144 0.152 0.152 0.1465 0.1465 0.144 0.144 0.144 0.142 0.142 0.148 0.148 0.158 0.158 0.158 0.156 0.156 0.145 0.145
0.1325 0.1315 0.1315 0.1125 0.1125 0.1125 0.1105 0.1105 0.121 0.121 0.106 0.106 0.111 0.111 0.111 0.118 0.118 0.115 0.115 0.118 0.118 0.118 0.1165 0.1165 0.1525 0.1525 0.15 0.15 0.15 0.164 0.164 0.1645 0.1645 0.157 0.157 0.157 0.151 0.151 0.1425 0.1425 0.1415 0.1415 0.1415 0.1395 0.1395 0.141 0.141 0.143 0.143 0.132 0.132 0.132 0.1325 0.1325 0.1425 0.1425 0.153 0.153 0.153 0.151 0.151 0.1565 0.1565 0.1545 0.1545 0.1545 0.16 0.16 0.159 0.159 0.151 0.151 0.151 0.147 0.147 0.1545 0.1545
0.1325 0.1315 0.1315 0.1125 0.1125 0.1125 0.1105 0.1105 0.121 0.121 0.106 0.106 0.111 0.111 0.111 0.118 0.118 0.115 0.115 0.118 0.118 0.118 0.1165 0.1165 0.1525 0.1525 0.15 0.15 0.15 0.164 0.164 0.1645 0.1645 0.157 0.157 0.157 0.151 0.151 0.1425 0.1425 0.1415 0.1415 0.1415 0.1395 0.1395 0.141 0.141 0.143 0.143 0.132 0.132 0.132 0.1325 0.1325 0.1425 0.1425 0.153 0.153 0.153 0.151 0.151 0.1565 0.1565 0.1545 0.1545 0.1545 0.16 0.16 0.159 0.159 0.151 0.151 0.151 0.147 0.147 0.1545 0.1545
0.1325 0.1315 0.1315 0.1125 0.1125 0.1125 0.1105 0.1105 0.121 0.121 0.106 0.106 0.111 0.111 0.111 0.118 0.118 0.115 0.115 0.118 0.118 0.118 0.1165 0.1165 0.1525 0.1525 0.15 0.15 0.15 0.164 0.164 0.1645 0.1645 0.157 0.157 0.157 0.151 0.151 0.1425 0.1425 0.1415 0.1415 0.1415 0.1395 0.1395 0.141 0.141 0.143 0.143 0.132 0.132 0.132 0.1325 0.1325 0.1425 0.1425 0.153 0.153 0.153 0.151 0.151 0.1565 0.1565 0.1545 0.1545 0.1545 0.16 0.16 0.159 0.159 0.151 0.151 0.151 0.147 0.147 0.1545 0.1545
0.1165 0.149 0.149 0.137 0.137 0.137 0.126 0.126 0.121 0.121 0.125 0.125 0.1265 0.1265 0.1265 0.1155 0.1155 0.168 0.168 0.1715 0.1715 0.1715 0.1535 0.1535 0.1405 0.1405 0.153 0.153 0.153 0.1535 0.1535 0.16 0.16 0.1615 0.1615 0.1615 0.148 0.148 0.146 0.146 0.143 0.143 0.143 0.1425 0.1425 0.1425 0.1425 0.1405 0.1405 0.154 0.154 0.154 0.132 0.132 0.144 0.144 0.1455 0.1455 0.1455 0.1515 0.1515 0.159 0.159 0.154 0.154 0.154 0.163 0.163 0.161 0.161 0.156 0.156 0.156 0.1535 0.1535 0.153 0.153
0.1165 0.149 0.149 0.137 0.137 0.137 0.126 0.126 0.121 0.121 0.125 0.125 0.1265 0.1265 0.1265 0.1155 0.1155 0.168 0.168 0.1715 0.1715 0.1715 0.1535 0.1535 0.1405 0.1405 0.153 0.153 0.153 0.1535 0.1535 0.16 0.16 0.1615 0.1615 0.1615 0.148 0.148 0.146 0.146 0.143 0.143 0.143 0.1425 0.1425 0.1425 0.1425 0.1405 0.1405 0.154 0.154 0.154 0.132 0.132 0.144 0.144 0.1455 0.1455 0.1455 0.1515 0.1515 0.159 0.159 0.154 0.154 0.154 0.163 0.163 0.161 0.161 0.156 0.156 0.156 0.1535 0.1535 0.153 0.153
0.1405 0.1295 0.1295 0.1625 0.1625 0.1625 0.2 0.2 0.1615 0.1615 0.16 0.16 0.164 0.164 0.164 0.1865 0.1865 0.169 0.169 0.161 0.161 0.161 0.164 0.164 0.1575 0.1575 0.146 0.146 0.146 0.153 0.153 0.1525 0.1525 0.151 0.151 0.151 0.153 0.153 0.1415 0.1415 0.1485 0.1485 0.1485 0.1445 0.1445 0.1455 0.1455 0.147 0.147 0.156 0.156 0.156 0.139 0.139 0.1445 0.1445 0.158 0.158 0.158 0.1655 0.1655 0.1655 0.1655 0.1595 0.1595 0.1595 0.1565 0.1565 0.159 0.159 0.156 0.156 0.156 0.1555 0.1555 0.153 0.153
0.1405 0.1295 0.1295 0.1625 0.1625 0.1625 0.2 0.2 0.1615 0.1615 0.16 0.16 0.164 0.164 0.164 0.1865 0.1865 0.169 0.169 0.161 0.161 0.161 0.164 0.164 0.1575 0.1575 0.146 0.146 0.146 0.153 0.153 0.1525 0.1525 0.151 0.151 0.151 0.153 0.153 0.1415 0.1415 0.1485 0.1485 0.1485 0.1445 0.1445 0.1455 0.1455 0.147 0.147 0.156 0.156 0.156 0.139 0.139 0.1445 0.1445 0.158 0.158 0.158 0.1655 0.1655 0.1655 0.1655 0.1595 0.1595 0.1595 0.1565 0.1565 0.159 0.159 0.156 0.156 0.156 0.1555 0.1555 0.153 0.153
0.128 0.135 0.135 0.1555 0.1555 0.1555 0.1665 0.1665 0.1895 0.1895 0.1665 0.1665 0.1695 0.1695 0.1695 0.1665 0.1665 0.1575 0.1575 0.147 0.147 0.147 0.1485 0.1485 0.166 0.166 0.147 0.147 0.147 0.143 0.143 0.146 0.146 0.1605 0.1605 0.1605 0.157 0.157 0.158 0.158 0.153 0.153 0.153 0.1505 0.1505 0.145 0.145 0.15 0.15 0.14 0.14 0.14 0.141 0.141 0.153 0.153 0.164 0.164 0.164 0.1625 0.1625 0.154 0.154 0.158 0.158 0.158 0.153 0.153 0.1495 0.1495 0.159 0.159 0.159 0.1575 0.1575 0.1555 0.1555
0.128 0.135 0.135 0.1555 0.1555 0.1555 0.1665 0.1665 0.1895 0.1895 0.1665 0.1665 0.1695 0.1695 0.1695 0.1665 0.1665 0.1575 0.1575 0.147 0.147 0.147 0.1485 0.1485 0.166 0.166 0.147 0.147 0.147 0.143 0.143 0.146 0.146 0.1605 0.1605 0.1605 0.157 0.157 0.158 0.158 0.153 0.153 0.153 0.1505 0.1505 0.145 0.145 0.15 0.15 0.14 0.14 0.14 0.141 0.141 0.153 0.153 0.164 0.164 0.164 0.1625 0.1625 0.154 0.154 0.158 0.158 0.158 0.153 0.153 0.1495 0.1495 0.159 0.159 0.159 0.1575 0.1575 0.1555 0.1555
0.128 0.135 0.135 0.1555 0.1555 0.1555 0.1665 0.1665 0.1895 0.1895 0.1665 0.1665 0.1695 0.1695 0.1695 0.1665 0.1665 0.1575 0.1575 0.147 0.147 0.147 0.1485 0.1485 0.166 0.166 0.147 0.147 0.147 0.143 0.143 0.146 0.146 0.1605 0.1605 0.1605 0.157 0.157 0.158 0.158 0.153 0.153 0.153 0.1505 0.1505 0.145 0.145 0.15 0.15 0.14 0.14 0.14 0.141 0.141 0.153 0.153 0.164 0.164 0.164 0.1625 0.1625 0.154 0.154 0.158 0.158 0.158 0.153 0.153 0.1495 0.1495 0.159 0.159 0.159 0.1575 0.1575 0.1555 0.1555
0.12 0.1325 0.1325 0.171 0.171 0.171 0.185 0.185 0.2 0.2 0.183 0.183 0.1695 0.1695 0.1695 0.15 0.15 0.154 0.154 0.1575 0.1575 0.1575 0.17 0.17 0.1805 0.1805 0.163 0.163 0.163 0.165 0.165 0.158 0.158 0.1585 0.1585 0.1585 0.169 0.169 0.173 0.173 0.1685 0.1685 0.1685 0.1615 0.1615 0.1535 0.1535 0.137 0.137 0.1395 0.1395 0.1395 0.143 0.143 0.1455 0.1455 0.1715 0.1715 0.1715 0.166 0.166 0.161 0.161 0.167 0.167 0.167 0.1605 0.1605 0.159 0.159 0.173 0.173 0.173 0.1605 0.1605 0.1525 0.1525
0.12 0.1325 0.1325 0.171 0.171 0.171 0.185 0.185 0.2 0.2 0.183 0.183 0.1695 0.1695 0.1695 0.15 0.15 0.154 0.154 0.1575 0.1575 0.1575 0.17 0.17 0.1805 0.1805 0.163 0.163 0.163 0.165 0.165 0.158 0.158 0.1585 0.1585 0.1585 0.169 0.169 0.173 0.173 0.1685 0.1685 0.1685 0.1615 0.1615 0.1535 0.1535 0.137 0.137 0.1395 0.1395 0.1395 0.143 0.143 0.1455 0.1455 0.1715 0.1715 0.1715 0.166 0.166 0.161 0.161 0.167 0.167 0.167 0.1605 0.1605 0.159 0.159 0.173 0.173 0.173 0.1605 0.1605 0.1525 0.1525
0.108 0.1215 0.1215 0.1615 0.1615 0.1615 0.1925 0.1925 0.1925 0.1925 0.1845 0.1845 0.1805 0.1805 0.1805 0.1585 0.1585 0.1625 0.1625 0.1575 0.1575 0.1575 0.1685 0.1685 0.1895 0.1895 0.187 0.187 0.187 0.186 0.186 0.1815 0.1815 0.179 0.179 0.179 0.1795 0.1795 0.174 0.174 0.1535 0.1535 0.1535 0.1515 0.1515 0.1505 0.1505 0.161 0.161 0.1415 0.1415 0.1415 0.142 0.142 0.157 0.157 0.1675 0.1675 0.1675 0.1695 0.1695 0.173 0.173 0.172 0.172 0.172 0.1835 0.1835 0.1805 0.1805 0.172 0.172 0.172 0.1715 0.1715 0.1675 0.1675
0.108 0.1215 0.1215 0.1615 0.1615 0.1615 0.1925 0.1925 0.1925 0.1925 0.1845 0.1845 0.1805 0.1805 0.1805 0.1585 0.1585 0.1625 0.1625 0.1575 0.1575 0.1575 0.1685 0.1685 0.1895 0.1895 0.187 0.187 0.187 0.186 0.186 0.1815 0.1815 0.179 0.179 0.179 0.1795 0.1795 0.174 0.174 0.1535 0.1535 0.1535 0.1515 0.1515 0.1505 0.1505 0.161 0.161 0.1415 0.1415 0.1415 0.142 0.142 0.157 0.157 0.1675 0.1675 0.1675 0.1695 0.1695 0.173 0.173 0.172 0.172 0.172 0.1835 0.1835 0.1805 0.1805 0.172 0.172 0.172 0.1715 0.1715 0.1675 0.1675
0.118 0.1225 0.1225 0.1715 0.1715 0.1715 0.17 0.17 0.1815 0.1815 0.179 0.179 0.1795 0.1795 0.1795 0.1885 0.1885 0.176 0.176 0.2005 0.2005 0.2005 0.1995 0.1995 0.1925 0.1925 0.184 0.184 0.184 0.188 0.188 0.1695 0.1695 0.1785 0.1785 0.1785 0.169 0.169 0.1655 0.1655 0.1605 0.1605 0.1605 0.158 0.158 0.166 0.166 0.1675 0.1675 0.1545 0.1545 0.1545 0.1445 0.1445 0.1445 0.1445 0.1445 0.1445 0.1445 0.1535 0.1535 0.1725 0.1725 0.178 0.178 0.178 0.186 0.186 0.176 0.176 0.179 0.179 0.179 0.1745 0.1745 0.1685 0.1685
0.118 0.1225 0.1225 0.1715 0.1715 0.1715 0.17 0.17 0.1815 0.1815 0.179 0.179 0.1795 0.1795 0.1795 0.1885 0.1885 0.176 0.176 0.2005 0.2005 0.2005 0.1995 0.1995 0.1925 0.1925 0.184 0.184 0.184 0.188 0.188 0.1695 0.1695 0.1785 0.1785 0.1785 0.169 0.169 0.1655 0.1655 0.1605 0.1605 0.1605 0.158 0.158 0.166 0.166 0.1675 0.1675 0.1545 0.1545 0.1545 0.1445 0.1445 0.1445 0.1445 0.1445 0.1445 0.1445 0.1535 0.1535 0.1725 0.1725 0.178 0.178 0.178 0.186 0.186 0.176 0.176 0.179 0.179 0.179 0.1745 0.1745 0.1685 0.1685
0.12 0.128 0.128 0.1305 0.1305 0.1305 0.1555 0.1555 0.17 0.17 0.166 0.166 0.175 0.175 0.175 0.1815 0.1815 0.202 0.202 0.2135 0.2135 0.2135 0.2075 0.2075 0.2105 0.2105 0.1735 0.1735 0.1735 0.1745 0.1745 0.191 0.191 0.1765 0.1765 0.1765 0.1755 0.1755 0.17 0.17 0.1545 0.1545 0.1545 0.15 0.15 0.1475 0.1475 0.1505 0.1505 0.1535 0.1535 0.1535 0.1365 0.1365 0.126 0.126 0.136 0.136 0.136 0.1455 0.1455 0.169 0.169 0.163 0.163 0.163 0.166 0.166 0.161 0.161 0.1725 0.1725 0.1725 0.1605 0.1605 0.173 0.173
0.12 0.128 0.128 0.1305 0.1305 0.1305 0.1555 0.1555 0.17 0.17 0.166 0.166 0.175 0.175 0.175 0.1815 0.1815 0.202 0.202 0.2135 0.2135 0.2135 0.2075 0.2075 0.2105 0.2105 0.1735 0.1735 0.1735 0.1745 0.1745 0.191 0.191 0.1765 0.1765 0.1765 0.1755 0.1755 0.17 0.17 0.1545 0.1545 0.1545 0.15 0.15 0.1475 0.1475 0.1505 0.1505 0.1535 0.1535 0.1535 0.1365 0.1365 0.126 0.126 0.136 0.136 0.136 0.1455 0.1455 0.169 0.169 0.163 0.163 0.163 0.166 0.166 0.161 0.161 0.1725 0.1725 0.1725 0.1605 0.1605 0.173 0.173
0.12 0.128 0.128 0.1305 0.1305 0.1305 0.1555 0.1555 0.17 0.17 0.166 0.166 0.175 0.175 0.175 0.1815 0.1815 0.202 0.202 0.2135 0.2135 0.2135 0.2075 0.2075 0.2105 0.2105 0.1735 0.1735 0.1735 0.1745 0.1745 0.191 0.191 0.1765 0.1765 0.1765 0.1755 0.1755 0.17 0.17 0.1545 0.1545 0.1545 0.15 0.15 0.1475 0.1475 0.1505 0.1505 0.1535 0.1535 0.1535 0.1365 0.1365 0.126 0.126 0.136 0.136 0.136 0.1455 0.1455 0.169 0.169 0.163 0.163 0.163 0.166 0.166 0.161 0.161 0.1725 0.1725 0.1725 0.1605 0.1605 0.173 0.173
0.143 0.1395 0.1395 0.1305 0.1305 0.1305 0.1325 0.1325 0.1625 0.1625 0.1645 0.1645 0.158 0.158 0.158 0.1765 0.1765 0.2045 0.2045 0.201 0.201 0.201 0.2145 0.2145 0.2115 0.2115 0.186 0.186 0.186 0.1855 0.1855 0.1795 0.1795 0.171 0.171 0.171 0.1725 0.1725 0.1715 0.1715 0.1765 0.1765 0.1765 0.149 0.149 0.1375 0.1375 0.1395 0.1395 0.1615 0.1615 0.1615 0.1365 0.1365 0.1105 0.1105 0.1315 0.1315 0.1315 0.139 0.139 0.153 0.153 0.1445 0.1445 0.1445 0.16 0.16 0.154 0.154 0.1545 0.1545 0.1545 0.1475 0.1475 0.155 0.155
0.143 0.1395 0.1395 0.1305 0.1305 0.1305 0.1325 0.1325 0.1625 0.1625 0.1645 0.1645 0.158 0.158 0.158 0.1765 0.1765 0.2045 0.2045 0.201 0.201 0.201 0.2145 0.2145 0.2115 0.2115 0.186 0.186 0.186 0.1855 0.1855 0.1795 0.1795 0.171 0.171 0.171 0.1725 0.1725 0.1715 0.1715 0.1765 0.1765 0.1765 0.149 0.149 0.1375 0.1375 0.1395 0.1395 0.1615 0.1615 0.1615 0.1365 0.1365 0.1105 0.1105 0.1315 0.1315 0.1315 0.139 0.139 0.153 0.153 0.1445 0.1445 0.1445 0.16 0.16 0.154 0.154 0.1545 0.1545 0.1545 0.1475 0.1475 0.155 0.155
0.128 0.1305 0.1305 0.119 0.119 0.119 0.101 0.101 0.1235 0.1235 0.1615 0.1615 0.1795 0.1795 0.1795 0.1995 0.1995 0.217 0.217 0.217 0.217 0.217 0.2085 0.2085 0.21 0.21 0.2045 0.2045 0.2045 0.179 0.179 0.1755 0.1755 0.1845 0.1845 0.1845 0.208 0.208 0.19 0.19 0.184 0.184 0.184 0.18 0.18 0.163 0.163 0.1495 0.1495 0.1435 0.1435 0.1435 0.1635 0.1635 0.16 0.16 0.147 0.147 0.147 0.147 0.147 0.146 0.146 0.1585 0.1585 0.1585 0.156 0.156 0.148 0.148 0.148 0.148 0.148 0.1305 0.1305 0.1495 0.1495
0.128 0.1305 0.1305 0.119 0.119 0.119 0.101 0.101 0.1235 0.1235 0.1615 0.1615 0.1795 0.1795 0.1795 0.1995 0.1995 0.217 0.217 0.217 0.217 0.217 0.2085 0.2085 0.21 0.21 0.2045 0.2045 0.2045 0.179 0.179 0.1755 0.1755 0.1845 0.1845 0.1845 0.208 0.208 0.19 0.19 0.184 0.184 0.184 0.18 0.18 0.163 0.163 0.1495 0.1495 0.1435 0.1435 0.1435 0.1635 0.1635 0.16 0.16 0.147 0.147 0.147 0.147 0.147 0.146 0.146 0.1585 0.1585 0.1585 0.156 0.156 0.148 0.148 0.148 0.148 0.148 0.1305 0.1305 0.1495 0.1495
0.131 0.139 0.139 0.1425 0.1425 0.1425 0.1385 0.1385 0.1515 0.1515 0.1855 0.1855 0.191 0.191 0.191 0.213 0.213 0.2245 0.2245 0.221 0.221 0.221 0.2035 0.2035 0.208 0.208 0.178 0.178 0.178 0.183 0.183 0.193 0.193 0.1985 0.1985 0.1985 0.2045 0.2045 0.2145 0.2145 0.207 0.207 0.207 0.192 0.192 0.2005 0.2005 0.1905 0.1905 0.184 0.184 0.184 0.199 0.199 0.217 0.217 0.182 0.182 0.182 0.163 0.163 0.166 0.166 0.1805 0.1805 0.1805 0.1845 0.1845 0.1665 0.1665 0.1735 0.1735 0.1735 0.1845 0.1845 0.1805 0.1805
0.131 0.139 0.139 0.1425 0.1425 0.1425 0.1385 0.1385 0.1515 0.1515 0.1855 0.1855 0.191 0.191 0.191 0.213 0.213 0.2245 0.2245 0.221 0.221 0.221 0.2035 0.2035 0.208 0.208 0.178 0.178 0.178 0.183 0.183 0.193 0.193 0.1985 0.1985 0.1985 0.2045 0.2045 0.2145 0.2145 0.207 0.207 0.207 0.192 0.192 0.2005 0.2005 0.1905 0.1905 0.184 0.184 0.184 0.199 0.199 0.217 0.217 0.182 0.182 0.182 0.163 0.163 0.166 0.166 0.1805 0.1805 0.1805 0.1845 0.1845 0.1665 0.1665 0.1735 0.1735 0.1735 0.1845 0.1845 0.1805 0.1805
0.131 0.139 0.139 0.1425 0.1425 0.1425 0.1385 0.1385 0.1515 0.1515 0.1855 0.1855 0.191 0.191 0.191 0.213 0.213 0.2245 0.2245 0.221 0.221 0.221 0.2035 0.2035 0.208 0.208 0.178 0.178 0.178 0.183 0.183 0.193 0.193 0.1985 0.1985 0.1985 0.2045 0.2045 0.2145 0.2145 0.207 0.207 0.207 0.192 0.192 0.2005 0.2005 0.1905 0.1905 0.184 0.184 0.184 0.199 0.199 0.217 0.217 0.182 0.182 0.182 0.163 0.163 0.166 0.166 0.1805 0.1805 0.1805 0.1845 0.1845 0.1665 0.1665 0.1735 0.1735 0.1735 0.1845 0.1845 0.1805 0.1805
0.1365 0.1595 0.1595 0.1485 0.1485 0.1485 0.1545 0.1545 0.151 0.151 0.179 0.179 0.1905 0.1905 0.1905 0.2105 0.2105 0.2125 0.2125 0.207 0.207 0.207 0.214 0.214 0.196 0.196 0.19 0.19 0.19 0.1945 0.1945 0.2145 0.2145 0.2075 0.2075 0.2075 0.2065 0.2065 0.2035 0.2035 0.2085 0.2085 0.2085 0.189 0.189 0.192 0.192 0.1895 0.1895 0.1875 0.1875 0.1875 0.195 0.195 0.201 0.201 0.204 0.204 0.204 0.2215 0.2215 0.2135 0.2135 0.2055 0.2055 0.2055 0.191 0.191 0.229 0.229 0.2135 0.2135 0.2135 0.1985 0.1985 0.191 0.191
