ndvi/NOAA-148.asc
ncols         252
nrows         154
xllcorner     -18.017974
yllcorner     13.481982
cellsize      0.035948
NODATA_value  -9999
[rows 34 to 67 of 154, columns 77 to 153 of 252]
0.1325 0.1325 0.125 0.125 0.1205 0.1205 0.121 0.121 0.121 0.119 0.119 0.129 0.129 0.1325 0.1325 0.1355 0.1355 0.1355 0.134 0.134 0.128 0.128 0.132 0.132 0.132 0.135 0.135 0.1375 0.1375 0.139 0.139 0.139 0.141 0.141 0.139 0.139 0.134 0.134 0.134 0.1325 0.1325 0.13 0.13 0.149 0.149 0.149 0.1405 0.1405 0.1375 0.1375 0.137 0.137 0.1435 0.1435 0.1435 0.1385 0.1385 0.1455 0.1455 0.1435 0.1435 0.1435 0.153 0.153 0.1505 0.1505 0.1525 0.1525 0.1525 0.1445 0.1445 0.1345 0.1345 0.105 0.105 0.105 0.1245
0.1325 0.1325 0.125 0.125 0.1205 0.1205 0.121 0.121 0.121 0.119 0.119 0.129 0.129 0.1325 0.1325 0.1355 0.1355 0.1355 0.134 0.134 0.128 0.128 0.132 0.132 0.132 0.135 0.135 0.1375 0.1375 0.139 0.139 0.139 0.141 0.141 0.139 0.139 0.134 0.134 0.134 0.1325 0.1325 0.13 0.13 0.149 0.149 0.149 0.1405 0.1405 0.1375 0.1375 0.137 0.137 0.1435 0.1435 0.1435 0.1385 0.1385 0.1455 0.1455 0.1435 0.1435 0.1435 0.153 0.153 0.1505 0.1505 0.1525 0.1525 0.1525 0.1445 0.1445 0.1345 0.1345 0.105 0.105 0.105 0.1245
0.1325 0.1325 0.125 0.125 0.1205 0.1205 0.121 0.121 0.121 0.119 0.119 0.129 0.129 0.1325 0.1325 0.1355 0.1355 0.1355 0.134 0.134 0.128 0.128 0.132 0.132 0.132 0.135 0.135 0.1375 0.1375 0.139 0.139 0.139 0.141 0.141 0.139 0.139 0.134 0.134 0.134 0.1325 0.1325 0.13 0.13 0.149 0.149 0.149 0.1405 0.1405 0.1375 0.1375 0.137 0.137 0.1435 0.1435 0.1435 0.1385 0.1385 0.1455 0.1455 0.1435 0.1435 0.1435 0.153 0.153 0.1505 0.1505 0.1525 0.1525 0.1525 0.1445 0.1445 0.1345 0.1345 0.105 0.105 0.105 0.1245
0.1355 0.1355 0.1245 0.1245 0.133 0.133 0.129 0.129 0.129 0.129 0.129 0.1325 0.1325 0.1405 0.1405 0.133 0.133 0.133 0.131 0.131 0.128 0.128 0.133 0.133 0.133 0.1365 0.1365 0.144 0.144 0.141 0.141 0.141 0.1465 0.1465 0.1465 0.1465 0.1355 0.1355 0.1355 0.1435 0.1435 0.143 0.143 0.1505 0.1505 0.1505 0.149 0.149 0.1515 0.1515 0.1525 0.1525 0.148 0.148 0.148 0.157 0.157 0.1715 0.1715 0.175 0.175 0.175 0.1685 0.1685 0.1615 0.1615 0.1555 0.1555 0.1555 0.1495 0.1495 0.1115 0.1115 0.108 0.108 0.108 0.1275
0.1355 0.1355 0.1245 0.1245 0.133 0.133 0.129 0.129 0.129 0.129 0.129 0.1325 0.1325 0.1405 0.1405 0.133 0.133 0.133 0.131 0.131 0.128 0.128 0.133 0.133 0.133 0.1365 0.1365 0.144 0.144 0.141 0.141 0.141 0.1465 0.1465 0.1465 0.1465 0.1355 0.1355 0.1355 0.1435 0.1435 0.143 0.143 0.1505 0.1505 0.1505 0.149 0.149 0.1515 0.1515 0.1525 0.1525 0.148 0.148 0.148 0.157 0.157 0.1715 0.1715 0.175 0.175 0.175 0.1685 0.1685 0.1615 0.1615 0.1555 0.1555 0.1555 0.1495 0.1495 0.1115 0.1115 0.108 0.108 0.108 0.1275
0.141 0.141 0.1355 0.1355 0.1305 0.1305 0.1295 0.1295 0.1295 0.1365 0.1365 0.135 0.135 0.1435 0.1435 0.1445 0.1445 0.1445 0.134 0.134 0.122 0.122 0.142 0.142 0.142 0.14 0.14 0.1485 0.1485 0.159 0.159 0.159 0.151 0.151 0.149 0.149 0.15 0.15 0.15 0.1435 0.1435 0.149 0.149 0.1645 0.1645 0.1645 0.1705 0.1705 0.1745 0.1745 0.169 0.169 0.206 0.206 0.206 0.169 0.169 0.1775 0.1775 0.177 0.177 0.177 0.1575 0.1575 0.154 0.154 0.144 0.144 0.144 0.146 0.146 0.111 0.111 0.1065 0.1065 0.1065 0.1235
0.141 0.141 0.1355 0.1355 0.1305 0.1305 0.1295 0.1295 0.1295 0.1365 0.1365 0.135 0.135 0.1435 0.1435 0.1445 0.1445 0.1445 0.134 0.134 0.122 0.122 0.142 0.142 0.142 0.14 0.14 0.1485 0.1485 0.159 0.159 0.159 0.151 0.151 0.149 0.149 0.15 0.15 0.15 0.1435 0.1435 0.149 0.149 0.1645 0.1645 0.1645 0.1705 0.1705 0.1745 0.1745 0.169 0.169 0.206 0.206 0.206 0.169 0.169 0.1775 0.1775 0.177 0.177 0.177 0.1575 0.1575 0.154 0.154 0.144 0.144 0.144 0.146 0.146 0.111 0.111 0.1065 0.1065 0.1065 0.1235
0.143 0.143 0.132 0.132 0.124 0.124 0.1305 0.1305 0.1305 0.131 0.131 0.138 0.138 0.1405 0.1405 0.1385 0.1385 0.1385 0.122 0.122 0.131 0.131 0.1365 0.1365 0.1365 0.1415 0.1415 0.1515 0.1515 0.159 0.159 0.159 0.157 0.157 0.151 0.151 0.151 0.151 0.151 0.153 0.153 0.1675 0.1675 0.1775 0.1775 0.1775 0.165 0.165 0.1635 0.1635 0.179 0.179 0.2015 0.2015 0.2015 0.169 0.169 0.1715 0.1715 0.1655 0.1655 0.1655 0.1515 0.1515 0.154 0.154 0.1175 0.1175 0.1175 0.1365 0.1365 0.1265 0.1265 0.1125 0.1125 0.1125 0.1115
0.143 0.143 0.132 0.132 0.124 0.124 0.1305 0.1305 0.1305 0.131 0.131 0.138 0.138 0.1405 0.1405 0.1385 0.1385 0.1385 0.122 0.122 0.131 0.131 0.1365 0.1365 0.1365 0.1415 0.1415 0.1515 0.1515 0.159 0.159 0.159 0.157 0.157 0.151 0.151 0.151 0.151 0.151 0.153 0.153 0.1675 0.1675 0.1775 0.1775 0.1775 0.165 0.165 0.1635 0.1635 0.179 0.179 0.2015 0.2015 0.2015 0.169 0.169 0.1715 0.1715 0.1655 0.1655 0.1655 0.1515 0.1515 0.154 0.154 0.1175 0.1175 0.1175 0.1365 0.1365 0.1265 0.1265 0.1125 0.1125 0.1125 0.1115
0.143 0.143 0.132 0.132 0.124 0.124 0.1305 0.1305 0.1305 0.131 0.131 0.138 0.138 0.1405 0.1405 0.1385 0.1385 0.1385 0.122 0.122 0.131 0.131 0.1365 0.1365 0.1365 0.1415 0.1415 0.1515 0.1515 0.159 0.159 0.159 0.157 0.157 0.151 0.151 0.151 0.151 0.151 0.153 0.153 0.1675 0.1675 0.1775 0.1775 0.1775 0.165 0.165 0.1635 0.1635 0.179 0.179 0.2015 0.2015 0.2015 0.169 0.169 0.1715 0.1715 0.1655 0.1655 0.1655 0.1515 0.1515 0.154 0.154 0.1175 0.1175 0.1175 0.1365 0.1365 0.1265 0.1265 0.1125 0.1125 0.1125 0.1115
0.151 0.151 0.134 0.134 0.129 0.129 0.128 0.128 0.128 0.131 0.131 0.1325 0.1325 0.1425 0.1425 0.146 0.146 0.146 0.145 0.145 0.1285 0.1285 0.137 0.137 0.137 0.1505 0.1505 0.1525 0.1525 0.1585 0.1585 0.1585 0.175 0.175 0.1755 0.1755 0.1715 0.1715 0.1715 0.174 0.174 0.1635 0.1635 0.163 0.163 0.163 0.157 0.157 0.149 0.149 0.155 0.155 0.182 0.182 0.182 0.1685 0.1685 0.1745 0.1745 0.14 0.14 0.14 0.132 0.132 0.1235 0.1235 0.118 0.118 0.118 0.128 0.128 0.1175 0.1175 0.089 0.089 0.089 0.09450001
0.151 0.151 0.134 0.134 0.129 0.129 0.128 0.128 0.128 0.131 0.131 0.1325 0.1325 0.1425 0.1425 0.146 0.146 0.146 0.145 0.145 0.1285 0.1285 0.137 0.137 0.137 0.1505 0.1505 0.1525 0.1525 0.1585 0.1585 0.1585 0.175 0.175 0.1755 0.1755 0.1715 0.1715 0.1715 0.174 0.174 0.1635 0.1635 0.163 0.163 0.163 0.157 0.157 0.149 0.149 0.155 0.155 0.182 0.182 0.182 0.1685 0.1685 0.1745 0.1745 0.14 0.14 0.14 0.132 0.132 0.1235 0.1235 0.118 0.118 0.118 0.128 0.128 0.1175 0.1175 0.089 0.089 0.089 0.09450001
0.148 0.148 0.1385 0.1385 0.136 0.136 0.134 0.134 0.134 0.131 0.131 0.131 0.131 0.137 0.137 0.1455 0.1455 0.1455 0.144 0.144 0.1525 0.1525 0.132 0.132 0.132 0.146 0.146 0.1505 0.1505 0.1695 0.1695 0.1695 0.198 0.198 0.207 0.207 0.1695 0.1695 0.1695 0.137 0.137 0.147 0.147 0.1425 0.1425 0.1425 0.158 0.158 0.1785 0.1785 0.184 0.184 0.166 0.166 0.166 0.16 0.16 0.164 0.164 0.1565 0.1565 0.1565 0.1535 0.1535 0.1325 0.1325 0.135 0.135 0.135 0.1335 0.1335 0.131 0.131 0.102 0.102 0.102 0.1125
0.148 0.148 0.1385 0.1385 0.136 0.136 0.134 0.134 0.134 0.131 0.131 0.131 0.131 0.137 0.137 0.1455 0.1455 0.1455 0.144 0.144 0.1525 0.1525 0.132 0.132 0.132 0.146 0.146 0.1505 0.1505 0.1695 0.1695 0.1695 0.198 0.198 0.207 0.207 0.1695 0.1695 0.1695 0.137 0.137 0.147 0.147 0.1425 0.1425 0.1425 0.158 0.158 0.1785 0.1785 0.184 0.184 0.166 0.166 0.166 0.16 0.16 0.164 0.164 0.1565 0.1565 0.1565 0.1535 0.1535 0.1325 0.1325 0.135 0.135 0.135 0.1335 0.1335 0.131 0.131 0.102 0.102 0.102 0.1125
0.164 0.164 0.15 0.15 0.152 0.152 0.137 0.137 0.137 0.1325 0.1325 0.1285 0.1285 0.1435 0.1435 0.1695 0.1695 0.1695 0.1715 0.1715 0.1775 0.1775 0.177 0.177 0.177 0.173 0.173 0.191 0.191 0.1865 0.1865 0.1865 0.2185 0.2185 0.226 0.226 0.1525 0.1525 0.1525 0.138 0.138 0.1485 0.1485 0.156 0.156 0.156 0.1735 0.1735 0.171 0.171 0.171 0.171 0.173 0.173 0.173 0.159 0.159 0.1605 0.1605 0.151 0.151 0.151 0.1635 0.1635 0.1495 0.1495 0.1475 0.1475 0.1475 0.1535 0.1535 0.157 0.157 0.1255 0.1255 0.1255 0.1205
0.164 0.164 0.15 0.15 0.152 0.152 0.137 0.137 0.137 0.1325 0.1325 0.1285 0.1285 0.1435 0.1435 0.1695 0.1695 0.1695 0.1715 0.1715 0.1775 0.1775 0.177 0.177 0.177 0.173 0.173 0.191 0.191 0.1865 0.1865 0.1865 0.2185 0.2185 0.226 0.226 0.1525 0.1525 0.1525 0.138 0.138 0.1485 0.1485 0.156 0.156 0.156 0.1735 0.1735 0.171 0.171 0.171 0.171 0.173 0.173 0.173 0.159 0.159 0.1605 0.1605 0.151 0.151 0.151 0.1635 0.1635 0.1495 0.1495 0.1475 0.1475 0.1475 0.1535 0.1535 0.157 0.157 0.1255 0.1255 0.1255 0.1205
0.164 0.164 0.15 0.15 0.152 0.152 0.137 0.137 0.137 0.1325 0.1325 0.1285 0.1285 0.1435 0.1435 0.1695 0.1695 0.1695 0.1715 0.1715 0.1775 0.1775 0.177 0.177 0.177 0.173 0.173 0.191 0.191 0.1865 0.1865 0.1865 0.2185 0.2185 0.226 0.226 0.1525 0.1525 0.1525 0.138 0.138 0.1485 0.1485 0.156 0.156 0.156 0.1735 0.1735 0.171 0.171 0.171 0.171 0.173 0.173 0.173 0.159 0.159 0.1605 0.1605 0.151 0.151 0.151 0.1635 0.1635 0.1495 0.1495 0.1475 0.1475 0.1475 0.1535 0.1535 0.157 0.157 0.1255 0.1255 0.1255 0.1205
0.174 0.174 0.1665 0.1665 0.171 0.171 0.174 0.174 0.174 0.178 0.178 0.177 0.177 0.173 0.173 0.18 0.18 0.18 0.185 0.185 0.185 0.185 0.184 0.184 0.184 0.184 0.184 0.188 0.188 0.1795 0.1795 0.1795 0.183 0.183 0.213 0.213 0.1655 0.1655 0.1655 0.1325 0.1325 0.122 0.122 0.147 0.147 0.147 0.1525 0.1525 0.136 0.136 0.1585 0.1585 0.173 0.173 0.173 0.1735 0.1735 0.1595 0.1595 0.1605 0.1605 0.1605 0.1735 0.1735 0.17 0.17 0.157 0.157 0.157 0.1705 0.1705 0.179 0.179 0.154 0.154 0.154 0.089
0.174 0.174 0.1665 0.1665 0.171 0.171 0.174 0.174 0.174 0.178 0.178 0.177 0.177 0.173 0.173 0.18 0.18 0.18 0.185 0.185 0.185 0.185 0.184 0.184 0.184 0.184 0.184 0.188 0.188 0.1795 0.1795 0.1795 0.183 0.183 0.213 0.213 0.1655 0.1655 0.1655 0.1325 0.1325 0.122 0.122 0.147 0.147 0.147 0.1525 0.1525 0.136 0.136 0.1585 0.1585 0.173 0.173 0.173 0.1735 0.1735 0.1595 0.1595 0.1605 0.1605 0.1605 0.1735 0.1735 0.17 0.17 0.157 0.157 0.157 0.1705 0.1705 0.179 0.179 0.154 0.154 0.154 0.089
0.173 0.173 0.1765 0.1765 0.1805 0.1805 0.1795 0.1795 0.1795 0.188 0.188 0.1915 0.1915 0.1915 0.1915 0.1955 0.1955 0.1955 0.1865 0.1865 0.1875 0.1875 0.18 0.18 0.18 0.181 0.181 0.179 0.179 0.18 0.18 0.18 0.144 0.144 0.1975 0.1975 0.176 0.176 0.176 0.179 0.179 0.1395 0.1395 0.145 0.145 0.145 0.1415 0.1415 0.119 0.119 0.177 0.177 0.17 0.17 0.17 0.187 0.187 0.187 0.187 0.186 0.186 0.186 0.2055 0.2055 0.1995 0.1995 0.175 0.175 0.175 0.1685 0.1685 0.1765 0.1765 0.1615 0.1615 0.1615 0.1025
0.173 0.173 0.1765 0.1765 0.1805 0.1805 0.1795 0.1795 0.1795 0.188 0.188 0.1915 0.1915 0.1915 0.1915 0.1955 0.1955 0.1955 0.1865 0.1865 0.1875 0.1875 0.18 0.18 0.18 0.181 0.181 0.179 0.179 0.18 0.18 0.18 0.144 0.144 0.1975 0.1975 0.176 0.176 0.176 0.179 0.179 0.1395 0.1395 0.145 0.145 0.145 0.1415 0.1415 0.119 0.119 0.177 0.177 0.17 0.17 0.17 0.187 0.187 0.187 0.187 0.186 0.186 0.186 0.2055 0.2055 0.1995 0.1995 0.175 0.175 0.175 0.1685 0.1685 0.1765 0.1765 0.1615 0.1615 0.1615 0.1025
0.251 0.251 0.1995 0.1995 0.192 0.192 0.197 0.197 0.197 0.2015 0.2015 0.199 0.199 0.2005 0.2005 0.2005 0.2005 0.2005 0.2 0.2 0.1885 0.1885 0.188 0.188 0.188 0.172 0.172 0.167 0.167 0.157 0.157 0.157 0.157 0.157 0.169 0.169 0.1715 0.1715 0.1715 0.167 0.167 0.125 0.125 0.136 0.136 0.136 0.14 0.14 0.1415 0.1415 0.1745 0.1745 0.1815 0.1815 0.1815 0.21 0.21 0.2015 0.2015 0.2185 0.2185 0.2185 0.206 0.206 0.211 0.211 0.1825 0.1825 0.1825 0.1705 0.1705 0.1485 0.1485 0.1445 0.1445 0.1445 0.112
0.251 0.251 0.1995 0.1995 0.192 0.192 0.197 0.197 0.197 0.2015 0.2015 0.199 0.199 0.2005 0.2005 0.2005 0.2005 0.2005 0.2 0.2 0.1885 0.1885 0.188 0.188 0.188 0.172 0.172 0.167 0.167 0.157 0.157 0.157 0.157 0.157 0.169 0.169 0.1715 0.1715 0.1715 0.167 0.167 0.125 0.125 0.136 0.136 0.136 0.14 0.14 0.1415 0.1415 0.1745 0.1745 0.1815 0.1815 0.1815 0.21 0.21 0.2015 0.2015 0.2185 0.2185 0.2185 0.206 0.206 0.211 0.211 0.1825 0.1825 0.1825 0.1705 0.1705 0.1485 0.1485 0.1445 0.1445 0.1445 0.112
0.2275 0.2275 0.202 0.202 0.1995 0.1995 0.2015 0.2015 0.2015 0.208 0.208 0.197 0.197 0.2045 0.2045 0.204 0.204 0.204 0.199 0.199 0.19 0.19 0.184 0.184 0.184 0.181 0.181 0.181 0.181 0.1835 0.1835 0.1835 0.157 0.157 0.1625 0.1625 0.155 0.155 0.155 0.1685 0.1685 0.1595 0.1595 0.171 0.171 0.171 0.134 0.134 0.134 0.134 0.149 0.149 0.174 0.174 0.174 0.1945 0.1945 0.196 0.196 0.214 0.214 0.214 0.217 0.217 0.2065 0.2065 0.1855 0.1855 0.1855 0.1595 0.1595 0.157 0.157 0.1315 0.1315 0.1315 0.1075
0.2275 0.2275 0.202 0.202 0.1995 0.1995 0.2015 0.2015 0.2015 0.208 0.208 0.197 0.197 0.2045 0.2045 0.204 0.204 0.204 0.199 0.199 0.19 0.19 0.184 0.184 0.184 0.181 0.181 0.181 0.181 0.1835 0.1835 0.1835 0.157 0.157 0.1625 0.1625 0.155 0.155 0.155 0.1685 0.1685 0.1595 0.1595 0.171 0.171 0.171 0.134 0.134 0.134 0.134 0.149 0.149 0.174 0.174 0.174 0.1945 0.1945 0.196 0.196 0.214 0.214 0.214 0.217 0.217 0.2065 0.2065 0.1855 0.1855 0.1855 0.1595 0.1595 0.157 0.157 0.1315 0.1315 0.1315 0.1075
0.2275 0.2275 0.202 0.202 0.1995 0.1995 0.2015 0.2015 0.2015 0.208 0.208 0.197 0.197 0.2045 0.2045 0.204 0.204 0.204 0.199 0.199 0.19 0.19 0.184 0.184 0.184 0.181 0.181 0.181 0.181 0.1835 0.1835 0.1835 0.157 0.157 0.1625 0.1625 0.155 0.155 0.155 0.1685 0.1685 0.1595 0.1595 0.171 0.171 0.171 0.134 0.134 0.134 0.134 0.149 0.149 0.174 0.174 0.174 0.1945 0.1945 0.196 0.196 0.214 0.214 0.214 0.217 0.217 0.2065 0.2065 0.1855 0.1855 0.1855 0.1595 0.1595 0.157 0.157 0.1315 0.1315 0.1315 0.1075
0.1995 0.1995 0.1945 0.1945 0.202 0.202 0.2095 0.2095 0.2095 0.217 0.217 0.1915 0.1915 0.192 0.192 0.1945 0.1945 0.1945 0.158 0.158 0.193 0.193 0.2115 0.2115 0.2115 0.2125 0.2125 0.21 0.21 0.203 0.203 0.203 0.1935 0.1935 0.1865 0.1865 0.1725 0.1725 0.1725 0.1655 0.1655 0.1485 0.1485 0.1675 0.1675 0.1675 0.1645 0.1645 0.114 0.114 0.1175 0.1175 0.0865 0.0865 0.0865 0.118 0.118 0.1705 0.1705 0.203 0.203 0.203 0.2075 0.2075 0.207 0.207 0.192 0.192 0.192 0.197 0.197 0.188 0.188 0.131 0.131 0.131 0.123
0.1995 0.1995 0.1945 0.1945 0.202 0.202 0.2095 0.2095 0.2095 0.217 0.217 0.1915 0.1915 0.192 0.192 0.1945 0.1945 0.1945 0.158 0.158 0.193 0.193 0.2115 0.2115 0.2115 0.2125 0.2125 0.21 0.21 0.203 0.203 0.203 0.1935 0.1935 0.1865 0.1865 0.1725 0.1725 0.1725 0.1655 0.1655 0.1485 0.1485 0.1675 0.1675 0.1675 0.1645 0.1645 0.114 0.114 0.1175 0.1175 0.0865 0.0865 0.0865 0.118 0.118 0.1705 0.1705 0.203 0.203 0.203 0.2075 0.2075 0.207 0.207 0.192 0.192 0.192 0.197 0.197 0.188 0.188 0.131 0.131 0.131 0.123
0.1885 0.1885 0.1995 0.1995 0.2295 0.2295 0.2335 0.2335 0.2335 0.238 0.238 0.2255 0.2255 0.2005 0.2005 0.184 0.184 0.184 0.163 0.163 0.2085 0.2085 0.2 0.2 0.2 0.209 0.209 0.2025 0.2025 0.2165 0.2165 0.2165 0.1905 0.1905 0.191 0.191 0.194 0.194 0.194 0.181 0.181 0.138 0.138 0.1545 0.1545 0.1545 0.144 0.144 0.116 0.116 0.118 0.118 0.111 0.111 0.111 0.1355 0.1355 0.1615 0.1615 0.198 0.198 0.198 0.2035 0.2035 0.206 0.206 0.1995 0.1995 0.1995 0.183 0.183 0.1675 0.1675 0.149 0.149 0.149 0.119
0.1885 0.1885 0.1995 0.1995 0.2295 0.2295 0.2335 0.2335 0.2335 0.238 0.238 0.2255 0.2255 0.2005 0.2005 0.184 0.184 0.184 0.163 0.163 0.2085 0.2085 0.2 0.2 0.2 0.209 0.209 0.2025 0.2025 0.2165 0.2165 0.2165 0.1905 0.1905 0.191 0.191 0.194 0.194 0.194 0.181 0.181 0.138 0.138 0.1545 0.1545 0.1545 0.144 0.144 0.116 0.116 0.118 0.118 0.111 0.111 0.111 0.1355 0.1355 0.1615 0.1615 0.198 0.198 0.198 0.2035 0.2035 0.206 0.206 0.1995 0.1995 0.1995 0.183 0.183 0.1675 0.1675 0.149 0.149 0.149 0.119
0.208 0.208 0.207 0.207 0.1985 0.1985 0.242 0.242 0.242 0.239 0.239 0.2285 0.2285 0.222 0.222 0.2175 0.2175 0.2175 0.2065 0.2065 0.221 0.221 0.2045 0.2045 0.2045 0.1965 0.1965 0.2135 0.2135 0.2 0.2 0.2 0.195 0.195 0.2025 0.2025 0.1905 0.1905 0.1905 0.19 0.19 0.1655 0.1655 0.125 0.125 0.125 0.127 0.127 0.1225 0.1225 0.112 0.112 0.139 0.139 0.139 0.156 0.156 0.1675 0.1675 0.211 0.211 0.211 0.1995 0.1995 0.205 0.205 0.2005 0.2005 0.2005 0.193 0.193 0.1805 0.1805 0.148 0.148 0.148 0.135
0.208 0.208 0.207 0.207 0.1985 0.1985 0.242 0.242 0.242 0.239 0.239 0.2285 0.2285 0.222 0.222 0.2175 0.2175 0.2175 0.2065 0.2065 0.221 0.221 0.2045 0.2045 0.2045 0.1965 0.1965 0.2135 0.2135 0.2 0.2 0.2 0.195 0.195 0.2025 0.2025 0.1905 0.1905 0.1905 0.19 0.19 0.1655 0.1655 0.125 0.125 0.125 0.127 0.127 0.1225 0.1225 0.112 0.112 0.139 0.139 0.139 0.156 0.156 0.1675 0.1675 0.211 0.211 0.211 0.1995 0.1995 0.205 0.205 0.2005 0.2005 0.2005 0.193 0.193 0.1805 0.1805 0.148 0.148 0.148 0.135
0.208 0.208 0.207 0.207 0.1985 0.1985 0.242 0.242 0.242 0.239 0.239 0.2285 0.2285 0.222 0.222 0.2175 0.2175 0.2175 0.2065 0.2065 0.221 0.221 0.2045 0.2045 0.2045 0.1965 0.1965 0.2135 0.2135 0.2 0.2 0.2 0.195 0.195 0.2025 0.2025 0.1905 0.1905 0.1905 0.19 0.19 0.1655 0.1655 0.125 0.125 0.125 0.127 0.127 0.1225 0.1225 0.112 0.112 0.139 0.139 0.139 0.156 0.156 0.1675 0.1675 0.211 0.211 0.211 0.1995 0.1995 0.205 0.205 0.2005 0.2005 0.2005 0.193 0.193 0.1805 0.1805 0.148 0.148 0.148 0.135
0.195 0.195 0.1975 0.1975 0.1845 0.1845 0.197 0.197 0.197 0.204 0.204 0.207 0.207 0.207 0.207 0.2065 0.2065 0.2065 0.23 0.23 0.2245 0.2245 0.216 0.216 0.216 0.2165 0.2165 0.214 0.214 0.204 0.204 0.204 0.195 0.195 0.192 0.192 0.1855 0.1855 0.1855 0.184 0.184 0.184 0.184 0.168 0.168 0.168 0.1335 0.1335 0.161 0.161 0.154 0.154 0.171 0.171 0.171 0.182 0.182 0.163 0.163 0.207 0.207 0.207 0.1915 0.1915 0.203 0.203 0.1885 0.1885 0.1885 0.189 0.189 0.1735 0.1735 0.159 0.159 0.159 0.1195
