ndvi/NOAA-252.asc
ncols         252
nrows         154
xllcorner     -18.017974
yllcorner     13.481982
cellsize      0.035948
NODATA_value  -9999
[rows 102 to 135 of 154, columns 78 to 155 of 252]
0.233 0.2345 0.2345 0.249 0.249 0.252 0.252 0.252 0.243 0.243 0.2395 0.2395 0.2385 0.2385 0.251 0.251 0.251 0.2465 0.2465 0.237 0.237 0.2495 0.2495 0.2495 0.249 0.249 0.2555 0.2555 0.2485 0.2485 0.2485 0.2605 0.2605 0.281 0.281 0.264 0.264 0.264 0.28 0.28 0.2845 0.2845 0.286 0.286 0.286 0.2845 0.2845 0.287 0.287 0.309 0.309 0.3125 0.3125 0.3125 0.2785 0.2785 0.2425 0.2425 0.24 0.24 0.24 0.2575 0.2575 0.315 0.315 0.279 0.279 0.279 0.287 0.287 0.2685 0.2685 0.2655 0.2655 0.2655 0.269 0.269 0.2645
0.247 0.2525 0.2525 0.241 0.241 0.2485 0.2485 0.2485 0.25 0.25 0.2425 0.2425 0.2365 0.2365 0.2515 0.2515 0.2515 0.264 0.264 0.263 0.263 0.2685 0.2685 0.2685 0.278 0.278 0.2635 0.2635 0.256 0.256 0.256 0.2715 0.2715 0.265 0.265 0.28 0.28 0.28 0.282 0.282 0.276 0.276 0.2735 0.2735 0.2735 0.291 0.291 0.2965 0.2965 0.299 0.299 0.303 0.303 0.303 0.296 0.296 0.2815 0.2815 0.247 0.247 0.247 0.2485 0.2485 0.305 0.305 0.286 0.286 0.286 0.289 0.289 0.286 0.286 0.249 0.249 0.249 0.25 0.25 0.247
0.247 0.2525 0.2525 0.241 0.241 0.2485 0.2485 0.2485 0.25 0.25 0.2425 0.2425 0.2365 0.2365 0.2515 0.2515 0.2515 0.264 0.264 0.263 0.263 0.2685 0.2685 0.2685 0.278 0.278 0.2635 0.2635 0.256 0.256 0.256 0.2715 0.2715 0.265 0.265 0.28 0.28 0.28 0.282 0.282 0.276 0.276 0.2735 0.2735 0.2735 0.291 0.291 0.2965 0.2965 0.299 0.299 0.303 0.303 0.303 0.296 0.296 0.2815 0.2815 0.247 0.247 0.247 0.2485 0.2485 0.305 0.305 0.286 0.286 0.286 0.289 0.289 0.286 0.286 0.249 0.249 0.249 0.25 0.25 0.247
0.247 0.2525 0.2525 0.241 0.241 0.2485 0.2485 0.2485 0.25 0.25 0.2425 0.2425 0.2365 0.2365 0.2515 0.2515 0.2515 0.264 0.264 0.263 0.263 0.2685 0.2685 0.2685 0.278 0.278 0.2635 0.2635 0.256 0.256 0.256 0.2715 0.2715 0.265 0.265 0.28 0.28 0.28 0.282 0.282 0.276 0.276 0.2735 0.2735 0.2735 0.291 0.291 0.2965 0.2965 0.299 0.299 0.303 0.303 0.303 0.296 0.296 0.2815 0.2815 0.247 0.247 0.247 0.2485 0.2485 0.305 0.305 0.286 0.286 0.286 0.289 0.289 0.286 0.286 0.249 0.249 0.249 0.25 0.25 0.247
0.2665 0.2625 0.2625 0.253 0.253 0.2555 0.2555 0.2555 0.253 0.253 0.2505 0.2505 0.2605 0.2605 0.2595 0.2595 0.2595 0.2515 0.2515 0.2745 0.2745 0.3045 0.3045 0.3045 0.2995 0.2995 0.291 0.291 0.266 0.266 0.266 0.2605 0.2605 0.2795 0.2795 0.281 0.281 0.281 0.294 0.294 0.274 0.274 0.2805 0.2805 0.2805 0.282 0.282 0.2865 0.2865 0.299 0.299 0.2955 0.2955 0.2955 0.2975 0.2975 0.283 0.283 0.2625 0.2625 0.2625 0.2505 0.2505 0.2635 0.2635 0.2945 0.2945 0.2945 0.2595 0.2595 0.26 0.26 0.2485 0.2485 0.2485 0.262 0.262 0.2715
0.2665 0.2625 0.2625 0.253 0.253 0.2555 0.2555 0.2555 0.253 0.253 0.2505 0.2505 0.2605 0.2605 0.2595 0.2595 0.2595 0.2515 0.2515 0.2745 0.2745 0.3045 0.3045 0.3045 0.2995 0.2995 0.291 0.291 0.266 0.266 0.266 0.2605 0.2605 0.2795 0.2795 0.281 0.281 0.281 0.294 0.294 0.274 0.274 0.2805 0.2805 0.2805 0.282 0.282 0.2865 0.2865 0.299 0.299 0.2955 0.2955 0.2955 0.2975 0.2975 0.283 0.283 0.2625 0.2625 0.2625 0.2505 0.2505 0.2635 0.2635 0.2945 0.2945 0.2945 0.2595 0.2595 0.26 0.26 0.2485 0.2485 0.2485 0.262 0.262 0.2715
0.2645 0.268 0.268 0.266 0.266 0.261 0.261 0.261 0.2735 0.2735 0.259 0.259 0.2625 0.2625 0.259 0.259 0.259 0.279 0.279 0.2775 0.2775 0.298 0.298 0.298 0.3245 0.3245 0.305 0.305 0.299 0.299 0.299 0.277 0.277 0.282 0.282 0.2865 0.2865 0.2865 0.293 0.293 0.2925 0.2925 0.283 0.283 0.283 0.2805 0.2805 0.29 0.29 0.2935 0.2935 0.3075 0.3075 0.3075 0.2885 0.2885 0.301 0.301 0.275 0.275 0.275 0.285 0.285 0.296 0.296 0.277 0.277 0.277 0.3035 0.3035 0.281 0.281 0.2735 0.2735 0.2735 0.2765 0.2765 0.2815
0.2645 0.268 0.268 0.266 0.266 0.261 0.261 0.261 0.2735 0.2735 0.259 0.259 0.2625 0.2625 0.259 0.259 0.259 0.279 0.279 0.2775 0.2775 0.298 0.298 0.298 0.3245 0.3245 0.305 0.305 0.299 0.299 0.299 0.277 0.277 0.282 0.282 0.2865 0.2865 0.2865 0.293 0.293 0.2925 0.2925 0.283 0.283 0.283 0.2805 0.2805 0.29 0.29 0.2935 0.2935 0.3075 0.3075 0.3075 0.2885 0.2885 0.301 0.301 0.275 0.275 0.275 0.285 0.285 0.296 0.296 0.277 0.277 0.277 0.3035 0.3035 0.281 0.281 0.2735 0.2735 0.2735 0.2765 0.2765 0.2815
0.2825 0.2705 0.2705 0.2855 0.2855 0.266 0.266 0.266 0.2735 0.2735 0.2675 0.2675 0.2855 0.2855 0.294 0.294 0.294 0.2895 0.2895 0.276 0.276 0.2845 0.2845 0.2845 0.3045 0.3045 0.3095 0.3095 0.2925 0.2925 0.2925 0.2955 0.2955 0.312 0.312 0.2975 0.2975 0.2975 0.2865 0.2865 0.287 0.287 0.271 0.271 0.271 0.2835 0.2835 0.299 0.299 0.3135 0.3135 0.3165 0.3165 0.3165 0.302 0.302 0.307 0.307 0.3055 0.3055 0.3055 0.317 0.317 0.306 0.306 0.316 0.316 0.316 0.338 0.338 0.296 0.296 0.263 0.263 0.263 0.2765 0.2765 0.2875
0.2825 0.2705 0.2705 0.2855 0.2855 0.266 0.266 0.266 0.2735 0.2735 0.2675 0.2675 0.2855 0.2855 0.294 0.294 0.294 0.2895 0.2895 0.276 0.276 0.2845 0.2845 0.2845 0.3045 0.3045 0.3095 0.3095 0.2925 0.2925 0.2925 0.2955 0.2955 0.312 0.312 0.2975 0.2975 0.2975 0.2865 0.2865 0.287 0.287 0.271 0.271 0.271 0.2835 0.2835 0.299 0.299 0.3135 0.3135 0.3165 0.3165 0.3165 0.302 0.302 0.307 0.307 0.3055 0.3055 0.3055 0.317 0.317 0.306 0.306 0.316 0.316 0.316 0.338 0.338 0.296 0.296 0.263 0.263 0.263 0.2765 0.2765 0.2875
0.2825 0.2705 0.2705 0.2855 0.2855 0.266 0.266 0.266 0.2735 0.2735 0.2675 0.2675 0.2855 0.2855 0.294 0.294 0.294 0.2895 0.2895 0.276 0.276 0.2845 0.2845 0.2845 0.3045 0.3045 0.3095 0.3095 0.2925 0.2925 0.2925 0.2955 0.2955 0.312 0.312 0.2975 0.2975 0.2975 0.2865 0.2865 0.287 0.287 0.271 0.271 0.271 0.2835 0.2835 0.299 0.299 0.3135 0.3135 0.3165 0.3165 0.3165 0.302 0.302 0.307 0.307 0.3055 0.3055 0.3055 0.317 0.317 0.306 0.306 0.316 0.316 0.316 0.338 0.338 0.296 0.296 0.263 0.263 0.263 0.2765 0.2765 0.2875
0.271 0.298 0.298 0.291 0.291 0.281 0.281 0.281 0.28 0.28 0.2805 0.2805 0.2805 0.2805 0.298 0.298 0.298 0.2755 0.2755 0.281 0.281 0.2975 0.2975 0.2975 0.298 0.298 0.295 0.295 0.3115 0.3115 0.3115 0.285 0.285 0.3 0.3 0.3025 0.3025 0.3025 0.3 0.3 0.3045 0.3045 0.294 0.294 0.294 0.286 0.286 0.3155 0.3155 0.3245 0.3245 0.323 0.323 0.323 0.3205 0.3205 0.3115 0.3115 0.316 0.316 0.316 0.318 0.318 0.32 0.32 0.323 0.323 0.323 0.33 0.33 0.3145 0.3145 0.279 0.279 0.279 0.275 0.275 0.292
0.271 0.298 0.298 0.291 0.291 0.281 0.281 0.281 0.28 0.28 0.2805 0.2805 0.2805 0.2805 0.298 0.298 0.298 0.2755 0.2755 0.281 0.281 0.2975 0.2975 0.2975 0.298 0.298 0.295 0.295 0.3115 0.3115 0.3115 0.285 0.285 0.3 0.3 0.3025 0.3025 0.3025 0.3 0.3 0.3045 0.3045 0.294 0.294 0.294 0.286 0.286 0.3155 0.3155 0.3245 0.3245 0.323 0.323 0.323 0.3205 0.3205 0.3115 0.3115 0.316 0.316 0.316 0.318 0.318 0.32 0.32 0.323 0.323 0.323 0.33 0.33 0.3145 0.3145 0.279 0.279 0.279 0.275 0.275 0.292
0.254 0.2625 0.2625 0.296 0.296 0.2755 0.2755 0.2755 0.2745 0.2745 0.277 0.277 0.274 0.274 0.275 0.275 0.275 0.289 0.289 0.2815 0.2815 0.284 0.284 0.284 0.296 0.296 0.303 0.303 0.3025 0.3025 0.3025 0.2865 0.2865 0.301 0.301 0.306 0.306 0.306 0.3145 0.3145 0.296 0.296 0.3065 0.3065 0.3065 0.294 0.294 0.299 0.299 0.333 0.333 0.3175 0.3175 0.3175 0.3125 0.3125 0.322 0.322 0.3275 0.3275 0.3275 0.3235 0.3235 0.3115 0.3115 0.309 0.309 0.309 0.3145 0.3145 0.3085 0.3085 0.297 0.297 0.297 0.2665 0.2665 0.259
0.254 0.2625 0.2625 0.296 0.296 0.2755 0.2755 0.2755 0.2745 0.2745 0.277 0.277 0.274 0.274 0.275 0.275 0.275 0.289 0.289 0.2815 0.2815 0.284 0.284 0.284 0.296 0.296 0.303 0.303 0.3025 0.3025 0.3025 0.2865 0.2865 0.301 0.301 0.306 0.306 0.306 0.3145 0.3145 0.296 0.296 0.3065 0.3065 0.3065 0.294 0.294 0.299 0.299 0.333 0.333 0.3175 0.3175 0.3175 0.3125 0.3125 0.322 0.322 0.3275 0.3275 0.3275 0.3235 0.3235 0.3115 0.3115 0.309 0.309 0.309 0.3145 0.3145 0.3085 0.3085 0.297 0.297 0.297 0.2665 0.2665 0.259
0.24 0.249 0.249 0.276 0.276 0.2635 0.2635 0.2635 0.2835 0.2835 0.2935 0.2935 0.29 0.29 0.2865 0.2865 0.2865 0.2765 0.2765 0.28 0.28 0.306 0.306 0.306 0.303 0.303 0.2915 0.2915 0.288 0.288 0.288 0.286 0.286 0.301 0.301 0.303 0.303 0.303 0.3175 0.3175 0.318 0.318 0.315 0.315 0.315 0.3075 0.3075 0.3295 0.3295 0.3395 0.3395 0.336 0.336 0.336 0.334 0.334 0.3185 0.3185 0.3295 0.3295 0.3295 0.307 0.307 0.3135 0.3135 0.316 0.316 0.316 0.309 0.309 0.2965 0.2965 0.291 0.291 0.291 0.278 0.278 0.2685
0.24 0.249 0.249 0.276 0.276 0.2635 0.2635 0.2635 0.2835 0.2835 0.2935 0.2935 0.29 0.29 0.2865 0.2865 0.2865 0.2765 0.2765 0.28 0.28 0.306 0.306 0.306 0.303 0.303 0.2915 0.2915 0.288 0.288 0.288 0.286 0.286 0.301 0.301 0.303 0.303 0.303 0.3175 0.3175 0.318 0.318 0.315 0.315 0.315 0.3075 0.3075 0.3295 0.3295 0.3395 0.3395 0.336 0.336 0.336 0.334 0.334 0.3185 0.3185 0.3295 0.3295 0.3295 0.307 0.307 0.3135 0.3135 0.316 0.316 0.316 0.309 0.309 0.2965 0.2965 0.291 0.291 0.291 0.278 0.278 0.2685
0.24 0.249 0.249 0.276 0.276 0.2635 0.2635 0.2635 0.2835 0.2835 0.2935 0.2935 0.29 0.29 0.2865 0.2865 0.2865 0.2765 0.2765 0.28 0.28 0.306 0.306 0.306 0.303 0.303 0.2915 0.2915 0.288 0.288 0.288 0.286 0.286 0.301 0.301 0.303 0.303 0.303 0.3175 0.3175 0.318 0.318 0.315 0.315 0.315 0.3075 0.3075 0.3295 0.3295 0.3395 0.3395 0.336 0.336 0.336 0.334 0.334 0.3185 0.3185 0.3295 0.3295 0.3295 0.307 0.307 0.3135 0.3135 0.316 0.316 0.316 0.309 0.309 0.2965 0.2965 0.291 0.291 0.291 0.278 0.278 0.2685
0.252 0.2635 0.2635 0.267 0.267 0.267 0.267 0.267 0.2685 0.2685 0.302 0.302 0.3025 0.3025 0.2695 0.2695 0.2695 0.298 0.298 0.3115 0.3115 0.302 0.302 0.302 0.338 0.338 0.3155 0.3155 0.302 0.302 0.302 0.297 0.297 0.307 0.307 0.3375 0.3375 0.3375 0.334 0.334 0.329 0.329 0.3315 0.3315 0.3315 0.3305 0.3305 0.352 0.352 0.34 0.34 0.3305 0.3305 0.3305 0.3085 0.3085 0.323 0.323 0.3135 0.3135 0.3135 0.3225 0.3225 0.3235 0.3235 0.319 0.319 0.319 0.314 0.314 0.3045 0.3045 0.295 0.295 0.295 0.297 0.297 0.2915
0.252 0.2635 0.2635 0.267 0.267 0.267 0.267 0.267 0.2685 0.2685 0.302 0.302 0.3025 0.3025 0.2695 0.2695 0.2695 0.298 0.298 0.3115 0.3115 0.302 0.302 0.302 0.338 0.338 0.3155 0.3155 0.302 0.302 0.302 0.297 0.297 0.307 0.307 0.3375 0.3375 0.3375 0.334 0.334 0.329 0.329 0.3315 0.3315 0.3315 0.3305 0.3305 0.352 0.352 0.34 0.34 0.3305 0.3305 0.3305 0.3085 0.3085 0.323 0.323 0.3135 0.3135 0.3135 0.3225 0.3225 0.3235 0.3235 0.319 0.319 0.319 0.314 0.314 0.3045 0.3045 0.295 0.295 0.295 0.297 0.297 0.2915
0.2755 0.2625 0.2625 0.268 0.268 0.2805 0.2805 0.2805 0.289 0.289 0.31 0.31 0.3275 0.3275 0.323 0.323 0.323 0.3125 0.3125 0.3115 0.3115 0.308 0.308 0.308 0.3165 0.3165 0.311 0.311 0.321 0.321 0.321 0.3175 0.3175 0.3295 0.3295 0.339 0.339 0.339 0.352 0.352 0.34 0.34 0.337 0.337 0.337 0.3765 0.3765 0.3795 0.3795 0.3435 0.3435 0.301 0.301 0.301 0.319 0.319 0.325 0.325 0.343 0.343 0.343 0.3355 0.3355 0.3305 0.3305 0.332 0.332 0.332 0.322 0.322 0.305 0.305 0.293 0.293 0.293 0.297 0.297 0.3015
0.2755 0.2625 0.2625 0.268 0.268 0.2805 0.2805 0.2805 0.289 0.289 0.31 0.31 0.3275 0.3275 0.323 0.323 0.323 0.3125 0.3125 0.3115 0.3115 0.308 0.308 0.308 0.3165 0.3165 0.311 0.311 0.321 0.321 0.321 0.3175 0.3175 0.3295 0.3295 0.339 0.339 0.339 0.352 0.352 0.34 0.34 0.337 0.337 0.337 0.3765 0.3765 0.3795 0.3795 0.3435 0.3435 0.301 0.301 0.301 0.319 0.319 0.325 0.325 0.343 0.343 0.343 0.3355 0.3355 0.3305 0.3305 0.332 0.332 0.332 0.322 0.322 0.305 0.305 0.293 0.293 0.293 0.297 0.297 0.3015
0.319 0.2985 0.2985 0.283 0.283 0.2875 0.2875 0.2875 0.2885 0.2885 0.321 0.321 0.31 0.31 0.325 0.325 0.325 0.3195 0.3195 0.303 0.303 0.3125 0.3125 0.3125 0.3135 0.3135 0.299 0.299 0.307 0.307 0.307 0.316 0.316 0.329 0.329 0.3385 0.3385 0.3385 0.318 0.318 0.3155 0.3155 0.322 0.322 0.322 0.3535 0.3535 0.37 0.37 0.346 0.346 0.3295 0.3295 0.3295 0.3135 0.3135 0.3235 0.3235 0.336 0.336 0.336 0.3485 0.3485 0.34 0.34 0.3345 0.3345 0.3345 0.3095 0.3095 0.291 0.291 0.2855 0.2855 0.2855 0.3155 0.3155 0.314
0.319 0.2985 0.2985 0.283 0.283 0.2875 0.2875 0.2875 0.2885 0.2885 0.321 0.321 0.31 0.31 0.325 0.325 0.325 0.3195 0.3195 0.303 0.303 0.3125 0.3125 0.3125 0.3135 0.3135 0.299 0.299 0.307 0.307 0.307 0.316 0.316 0.329 0.329 0.3385 0.3385 0.3385 0.318 0.318 0.3155 0.3155 0.322 0.322 0.322 0.3535 0.3535 0.37 0.37 0.346 0.346 0.3295 0.3295 0.3295 0.3135 0.3135 0.3235 0.3235 0.336 0.336 0.336 0.3485 0.3485 0.34 0.34 0.3345 0.3345 0.3345 0.3095 0.3095 0.291 0.291 0.2855 0.2855 0.2855 0.3155 0.3155 0.314
0.339 0.3055 0.3055 0.3 0.3 0.312 0.312 0.312 0.304 0.304 0.303 0.303 0.3045 0.3045 0.3145 0.3145 0.3145 0.302 0.302 0.315 0.315 0.3055 0.3055 0.3055 0.288 0.288 0.3145 0.3145 0.315 0.315 0.315 0.3095 0.3095 0.3315 0.3315 0.35 0.35 0.35 0.342 0.342 0.3285 0.3285 0.333 0.333 0.333 0.3555 0.3555 0.341 0.341 0.3175 0.3175 0.319 0.319 0.319 0.318 0.318 0.3245 0.3245 0.3305 0.3305 0.3305 0.345 0.345 0.313 0.313 0.3125 0.3125 0.3125 0.3165 0.3165 0.3 0.3 0.2875 0.2875 0.2875 0.3065 0.3065 0.3045
0.339 0.3055 0.3055 0.3 0.3 0.312 0.312 0.312 0.304 0.304 0.303 0.303 0.3045 0.3045 0.3145 0.3145 0.3145 0.302 0.302 0.315 0.315 0.3055 0.3055 0.3055 0.288 0.288 0.3145 0.3145 0.315 0.315 0.315 0.3095 0.3095 0.3315 0.3315 0.35 0.35 0.35 0.342 0.342 0.3285 0.3285 0.333 0.333 0.333 0.3555 0.3555 0.341 0.341 0.3175 0.3175 0.319 0.319 0.319 0.318 0.318 0.3245 0.3245 0.3305 0.3305 0.3305 0.345 0.345 0.313 0.313 0.3125 0.3125 0.3125 0.3165 0.3165 0.3 0.3 0.2875 0.2875 0.2875 0.3065 0.3065 0.3045
0.339 0.3055 0.3055 0.3 0.3 0.312 0.312 0.312 0.304 0.304 0.303 0.303 0.3045 0.3045 0.3145 0.3145 0.3145 0.302 0.302 0.315 0.315 0.3055 0.3055 0.3055 0.288 0.288 0.3145 0.3145 0.315 0.315 0.315 0.3095 0.3095 0.3315 0.3315 0.35 0.35 0.35 0.342 0.342 0.3285 0.3285 0.333 0.333 0.333 0.3555 0.3555 0.341 0.341 0.3175 0.3175 0.319 0.319 0.319 0.318 0.318 0.3245 0.3245 0.3305 0.3305 0.3305 0.345 0.345 0.313 0.313 0.3125 0.3125 0.3125 0.3165 0.3165 0.3 0.3 0.2875 0.2875 0.2875 0.3065 0.3065 0.3045
0.3415 0.3285 0.3285 0.3255 0.3255 0.3255 0.3255 0.3255 0.3325 0.3325 0.3095 0.3095 0.296 0.296 0.3105 0.3105 0.3105 0.3005 0.3005 0.301 0.301 0.3145 0.3145 0.3145 0.2935 0.2935 0.329 0.329 0.3125 0.3125 0.3125 0.305 0.305 0.32 0.32 0.3275 0.3275 0.3275 0.3425 0.3425 0.3555 0.3555 0.3555 0.3555 0.3555 0.352 0.352 0.325 0.325 0.335 0.335 0.312 0.312 0.312 0.309 0.309 0.329 0.329 0.3165 0.3165 0.3165 0.3085 0.3085 0.327 0.327 0.352 0.352 0.352 0.325 0.325 0.3245 0.3245 0.299 0.299 0.299 0.3075 0.3075 0.3165
0.3415 0.3285 0.3285 0.3255 0.3255 0.3255 0.3255 0.3255 0.3325 0.3325 0.3095 0.3095 0.296 0.296 0.3105 0.3105 0.3105 0.3005 0.3005 0.301 0.301 0.3145 0.3145 0.3145 0.2935 0.2935 0.329 0.329 0.3125 0.3125 0.3125 0.305 0.305 0.32 0.32 0.3275 0.3275 0.3275 0.3425 0.3425 0.3555 0.3555 0.3555 0.3555 0.3555 0.352 0.352 0.325 0.325 0.335 0.335 0.312 0.312 0.312 0.309 0.309 0.329 0.329 0.3165 0.3165 0.3165 0.3085 0.3085 0.327 0.327 0.352 0.352 0.352 0.325 0.325 0.3245 0.3245 0.299 0.299 0.299 0.3075 0.3075 0.3165
0.309 0.336 0.336 0.311 0.311 0.3125 0.3125 0.3125 0.3275 0.3275 0.3295 0.3295 0.3255 0.3255 0.344 0.344 0.344 0.318 0.318 0.3095 0.3095 0.3295 0.3295 0.3295 0.342 0.342 0.3425 0.3425 0.3185 0.3185 0.3185 0.31 0.31 0.3105 0.3105 0.314 0.314 0.314 0.327 0.327 0.339 0.339 0.345 0.345 0.345 0.331 0.331 0.329 0.329 0.325 0.325 0.3165 0.3165 0.3165 0.3005 0.3005 0.318 0.318 0.328 0.328 0.328 0.324 0.324 0.3545 0.3545 0.34 0.34 0.34 0.3565 0.3565 0.334 0.334 0.33 0.33 0.33 0.3535 0.3535 0.3395
0.309 0.336 0.336 0.311 0.311 0.3125 0.3125 0.3125 0.3275 0.3275 0.3295 0.3295 0.3255 0.3255 0.344 0.344 0.344 0.318 0.318 0.3095 0.3095 0.3295 0.3295 0.3295 0.342 0.342 0.3425 0.3425 0.3185 0.3185 0.3185 0.31 0.31 0.3105 0.3105 0.314 0.314 0.314 0.327 0.327 0.339 0.339 0.345 0.345 0.345 0.331 0.331 0.329 0.329 0.325 0.325 0.3165 0.3165 0.3165 0.3005 0.3005 0.318 0.318 0.328 0.328 0.328 0.324 0.324 0.3545 0.3545 0.34 0.34 0.34 0.3565 0.3565 0.334 0.334 0.33 0.33 0.33 0.3535 0.3535 0.3395
0.3125 0.3305 0.3305 0.333 0.333 0.3345 0.3345 0.3345 0.3335 0.3335 0.322 0.322 0.334 0.334 0.332 0.332 0.332 0.329 0.329 0.3295 0.3295 0.3465 0.3465 0.3465 0.353 0.353 0.3365 0.3365 0.342 0.342 0.342 0.329 0.329 0.3235 0.3235 0.351 0.351 0.351 0.3465 0.3465 0.3595 0.3595 0.3545 0.3545 0.3545 0.3535 0.3535 0.343 0.343 0.3385 0.3385 0.3385 0.3385 0.3385 0.3415 0.3415 0.352 0.352 0.3705 0.3705 0.3705 0.3695 0.3695 0.3685 0.3685 0.386 0.386 0.386 0.3615 0.3615 0.3615 0.3615 0.343 0.343 0.343 0.3585 0.3585 0.342
0.3125 0.3305 0.3305 0.333 0.333 0.3345 0.3345 0.3345 0.3335 0.3335 0.322 0.322 0.334 0.334 0.332 0.332 0.332 0.329 0.329 0.3295 0.3295 0.3465 0.3465 0.3465 0.353 0.353 0.3365 0.3365 0.342 0.342 0.342 0.329 0.329 0.3235 0.3235 0.351 0.351 0.351 0.3465 0.3465 0.3595 0.3595 0.3545 0.3545 0.3545 0.3535 0.3535 0.343 0.343 0.3385 0.3385 0.3385 0.3385 0.3385 0.3415 0.3415 0.352 0.352 0.3705 0.3705 0.3705 0.3695 0.3695 0.3685 0.3685 0.386 0.386 0.386 0.3615 0.3615 0.3615 0.3615 0.343 0.343 0.343 0.3585 0.3585 0.342
0.3125 0.3305 0.3305 0.333 0.333 0.3345 0.3345 0.3345 0.3335 0.3335 0.322 0.322 0.334 0.334 0.332 0.332 0.332 0.329 0.329 0.3295 0.3295 0.3465 0.3465 0.3465 0.353 0.353 0.3365 0.3365 0.342 0.342 0.342 0.329 0.329 0.3235 0.3235 0.351 0.351 0.351 0.3465 0.3465 0.3595 0.3595 0.3545 0.3545 0.3545 0.3535 0.3535 0.343 0.343 0.3385 0.3385 0.3385 0.3385 0.3385 0.3415 0.3415 0.352 0.352 0.3705 0.3705 0.3705 0.3695 0.3695 0.3685 0.3685 0.386 0.386 0.386 0.3615 0.3615 0.3615 0.3615 0.343 0.343 0.343 0.3585 0.3585 0.342
