ndvi/NOAA-149.asc
ncols         252
nrows         154
xllcorner     -18.017974
yllcorner     13.481982
cellsize      0.035948
NODATA_value  -9999
[rows 0 to 34 of 154, columns 154 to 230 of 252]
0.119 0.109 0.109 0.1045 0.1045 0.1045 0.1045 0.1045 0.116 0.116 0.1045 0.1045 0.102 0.102 0.102 0.1055 0.1055 0.1035 0.1035 0.1015 0.1015 0.1015 0.1065 0.1065 0.102 0.102 0.1055 0.1055 0.1055 0.0975 0.0975 0.1045 0.1045 0.1135 0.1135 0.1135 0.103 0.103 0.099 0.099 0.103 0.103 0.103 0.106 0.106 0.101 0.101 0.105 0.105 0.1045 0.1045 0.1045 0.105 0.105 0.1065 0.1065 0.108 0.108 0.108 0.106 0.106 0.09550001 0.09550001 0.105 0.105 0.105 0.1045 0.1045 0.0925 0.0925 0.09 0.09 0.09 0.0945 0.0945 0.0865 0.0865
0.119 0.109 0.109 0.1045 0.1045 0.1045 0.1045 0.1045 0.116 0.116 0.1045 0.1045 0.102 0.102 0.102 0.1055 0.1055 0.1035 0.1035 0.1015 0.1015 0.1015 0.1065 0.1065 0.102 0.102 0.1055 0.1055 0.1055 0.0975 0.0975 0.1045 0.1045 0.1135 0.1135 0.1135 0.103 0.103 0.099 0.099 0.103 0.103 0.103 0.106 0.106 0.101 0.101 0.105 0.105 0.1045 0.1045 0.1045 0.105 0.105 0.1065 0.1065 0.108 0.108 0.108 0.106 0.106 0.09550001 0.09550001 0.105 0.105 0.105 0.1045 0.1045 0.0925 0.0925 0.09 0.09 0.09 0.0945 0.0945 0.0865 0.0865
0.1155 0.0935 0.0935 0.107 0.107 0.107 0.1105 0.1105 0.106 0.106 0.107 0.107 0.105 0.105 0.105 0.113 0.113 0.1055 0.1055 0.1005 0.1005 0.1005 0.1045 0.1045 0.1055 0.1055 0.1125 0.1125 0.1125 0.105 0.105 0.1085 0.1085 0.108 0.108 0.108 0.1175 0.1175 0.1165 0.1165 0.116 0.116 0.116 0.12 0.12 0.1225 0.1225 0.111 0.111 0.11 0.11 0.11 0.1155 0.1155 0.1105 0.1105 0.1125 0.1125 0.1125 0.113 0.113 0.1065 0.1065 0.1015 0.1015 0.1015 0.0995 0.0995 0.1 0.1 0.094 0.094 0.094 0.09450001 0.09450001 0.087 0.087
0.1155 0.0935 0.0935 0.107 0.107 0.107 0.1105 0.1105 0.106 0.106 0.107 0.107 0.105 0.105 0.105 0.113 0.113 0.1055 0.1055 0.1005 0.1005 0.1005 0.1045 0.1045 0.1055 0.1055 0.1125 0.1125 0.1125 0.105 0.105 0.1085 0.1085 0.108 0.108 0.108 0.1175 0.1175 0.1165 0.1165 0.116 0.116 0.116 0.12 0.12 0.1225 0.1225 0.111 0.111 0.11 0.11 0.11 0.1155 0.1155 0.1105 0.1105 0.1125 0.1125 0.1125 0.113 0.113 0.1065 0.1065 0.1015 0.1015 0.1015 0.0995 0.0995 0.1 0.1 0.094 0.094 0.094 0.09450001 0.09450001 0.087 0.087
0.1155 0.0935 0.0935 0.107 0.107 0.107 0.1105 0.1105 0.106 0.106 0.107 0.107 0.105 0.105 0.105 0.113 0.113 0.1055 0.1055 0.1005 0.1005 0.1005 0.1045 0.1045 0.1055 0.1055 0.1125 0.1125 0.1125 0.105 0.105 0.1085 0.1085 0.108 0.108 0.108 0.1175 0.1175 0.1165 0.1165 0.116 0.116 0.116 0.12 0.12 0.1225 0.1225 0.111 0.111 0.11 0.11 0.11 0.1155 0.1155 0.1105 0.1105 0.1125 0.1125 0.1125 0.113 0.113 0.1065 0.1065 0.1015 0.1015 0.1015 0.0995 0.0995 0.1 0.1 0.094 0.094 0.094 0.09450001 0.09450001 0.087 0.087
0.109 0.1135 0.1135 0.1095 0.1095 0.1095 0.111 0.111 0.115 0.115 0.1075 0.1075 0.112 0.112 0.112 0.116 0.116 0.115 0.115 0.119 0.119 0.119 0.1215 0.1215 0.1175 0.1175 0.1155 0.1155 0.1155 0.1225 0.1225 0.1255 0.1255 0.1185 0.1185 0.1185 0.1165 0.1165 0.125 0.125 0.122 0.122 0.122 0.1175 0.1175 0.119 0.119 0.109 0.109 0.117 0.117 0.117 0.1125 0.1125 0.11 0.11 0.1145 0.1145 0.1145 0.109 0.109 0.1 0.1 0.106 0.106 0.106 0.1015 0.1015 0.0955 0.0955 0.093 0.093 0.093 0.0955 0.0955 0.0935 0.0935
0.109 0.1135 0.1135 0.1095 0.1095 0.1095 0.111 0.111 0.115 0.115 0.1075 0.1075 0.112 0.112 0.112 0.116 0.116 0.115 0.115 0.119 0.119 0.119 0.1215 0.1215 0.1175 0.1175 0.1155 0.1155 0.1155 0.1225 0.1225 0.1255 0.1255 0.1185 0.1185 0.1185 0.1165 0.1165 0.125 0.125 0.122 0.122 0.122 0.1175 0.1175 0.119 0.119 0.109 0.109 0.117 0.117 0.117 0.1125 0.1125 0.11 0.11 0.1145 0.1145 0.1145 0.109 0.109 0.1 0.1 0.106 0.106 0.106 0.1015 0.1015 0.0955 0.0955 0.093 0.093 0.093 0.0955 0.0955 0.0935 0.0935
0.1115 0.107 0.107 0.11 0.11 0.11 0.1135 0.1135 0.118 0.118 0.113 0.113 0.1165 0.1165 0.1165 0.123 0.123 0.125 0.125 0.115 0.115 0.115 0.1145 0.1145 0.1135 0.1135 0.1215 0.1215 0.1215 0.1175 0.1175 0.1135 0.1135 0.115 0.115 0.115 0.117 0.117 0.1185 0.1185 0.1215 0.1215 0.1215 0.1225 0.1225 0.1185 0.1185 0.1195 0.1195 0.124 0.124 0.124 0.106 0.106 0.1095 0.1095 0.106 0.106 0.106 0.1025 0.1025 0.105 0.105 0.106 0.106 0.106 0.1015 0.1015 0.0965 0.0965 0.096 0.096 0.096 0.094 0.094 0.0985 0.0985
0.1115 0.107 0.107 0.11 0.11 0.11 0.1135 0.1135 0.118 0.118 0.113 0.113 0.1165 0.1165 0.1165 0.123 0.123 0.125 0.125 0.115 0.115 0.115 0.1145 0.1145 0.1135 0.1135 0.1215 0.1215 0.1215 0.1175 0.1175 0.1135 0.1135 0.115 0.115 0.115 0.117 0.117 0.1185 0.1185 0.1215 0.1215 0.1215 0.1225 0.1225 0.1185 0.1185 0.1195 0.1195 0.124 0.124 0.124 0.106 0.106 0.1095 0.1095 0.106 0.106 0.106 0.1025 0.1025 0.105 0.105 0.106 0.106 0.106 0.1015 0.1015 0.0965 0.0965 0.096 0.096 0.096 0.094 0.094 0.0985 0.0985
0.1105 0.11 0.11 0.119 0.119 0.119 0.114 0.114 0.116 0.116 0.1175 0.1175 0.108 0.108 0.108 0.117 0.117 0.1145 0.1145 0.128 0.128 0.128 0.119 0.119 0.121 0.121 0.1165 0.1165 0.1165 0.1215 0.1215 0.124 0.124 0.11 0.11 0.11 0.1115 0.1115 0.1035 0.1035 0.112 0.112 0.112 0.1065 0.1065 0.1165 0.1165 0.1215 0.1215 0.1155 0.1155 0.1155 0.11 0.11 0.109 0.109 0.102 0.102 0.102 0.1085 0.1085 0.104 0.104 0.105 0.105 0.105 0.0985 0.0985 0.099 0.099 0.09450001 0.09450001 0.09450001 0.095 0.095 0.0975 0.0975
0.1105 0.11 0.11 0.119 0.119 0.119 0.114 0.114 0.116 0.116 0.1175 0.1175 0.108 0.108 0.108 0.117 0.117 0.1145 0.1145 0.128 0.128 0.128 0.119 0.119 0.121 0.121 0.1165 0.1165 0.1165 0.1215 0.1215 0.124 0.124 0.11 0.11 0.11 0.1115 0.1115 0.1035 0.1035 0.112 0.112 0.112 0.1065 0.1065 0.1165 0.1165 0.1215 0.1215 0.1155 0.1155 0.1155 0.11 0.11 0.109 0.109 0.102 0.102 0.102 0.1085 0.1085 0.104 0.104 0.105 0.105 0.105 0.0985 0.0985 0.099 0.099 0.09450001 0.09450001 0.09450001 0.095 0.095 0.0975 0.0975
0.1175 0.112 0.112 0.122 0.122 0.122 0.1125 0.1125 0.125 0.125 0.117 0.117 0.1155 0.1155 0.1155 0.122 0.122 0.1235 0.1235 0.1225 0.1225 0.1225 0.1225 0.1225 0.1175 0.1175 0.1255 0.1255 0.1255 0.124 0.124 0.1215 0.1215 0.1145 0.1145 0.1145 0.1145 0.1145 0.1095 0.1095 0.1095 0.1095 0.1095 0.108 0.108 0.1105 0.1105 0.126 0.126 0.1145 0.1145 0.1145 0.1085 0.1085 0.104 0.104 0.1085 0.1085 0.1085 0.1125 0.1125 0.103 0.103 0.09100001 0.09100001 0.09100001 0.0915 0.0915 0.095 0.095 0.09 0.09 0.09 0.091 0.091 0.104 0.104
0.1175 0.112 0.112 0.122 0.122 0.122 0.1125 0.1125 0.125 0.125 0.117 0.117 0.1155 0.1155 0.1155 0.122 0.122 0.1235 0.1235 0.1225 0.1225 0.1225 0.1225 0.1225 0.1175 0.1175 0.1255 0.1255 0.1255 0.124 0.124 0.1215 0.1215 0.1145 0.1145 0.1145 0.1145 0.1145 0.1095 0.1095 0.1095 0.1095 0.1095 0.108 0.108 0.1105 0.1105 0.126 0.126 0.1145 0.1145 0.1145 0.1085 0.1085 0.104 0.104 0.1085 0.1085 0.1085 0.1125 0.1125 0.103 0.103 0.09100001 0.09100001 0.09100001 0.0915 0.0915 0.095 0.095 0.09 0.09 0.09 0.091 0.091 0.104 0.104
0.1175 0.112 0.112 0.122 0.122 0.122 0.1125 0.1125 0.125 0.125 0.117 0.117 0.1155 0.1155 0.1155 0.122 0.122 0.1235 0.1235 0.1225 0.1225 0.1225 0.1225 0.1225 0.1175 0.1175 0.1255 0.1255 0.1255 0.124 0.124 0.1215 0.1215 0.1145 0.1145 0.1145 0.1145 0.1145 0.1095 0.1095 0.1095 0.1095 0.1095 0.108 0.108 0.1105 0.1105 0.126 0.126 0.1145 0.1145 0.1145 0.1085 0.1085 0.104 0.104 0.1085 0.1085 0.1085 0.1125 0.1125 0.103 0.103 0.09100001 0.09100001 0.09100001 0.0915 0.0915 0.095 0.095 0.09 0.09 0.09 0.091 0.091 0.104 0.104
0.1245 0.122 0.122 0.12 0.12 0.12 0.124 0.124 0.126 0.126 0.1295 0.1295 0.128 0.128 0.128 0.123 0.123 0.1235 0.1235 0.1225 0.1225 0.1225 0.1215 0.1215 0.121 0.121 0.12 0.12 0.12 0.118 0.118 0.1165 0.1165 0.114 0.114 0.114 0.115 0.115 0.117 0.117 0.1035 0.1035 0.1035 0.1065 0.1065 0.115 0.115 0.1105 0.1105 0.1005 0.1005 0.1005 0.0985 0.0985 0.106 0.106 0.1035 0.1035 0.1035 0.1065 0.1065 0.0955 0.0955 0.0915 0.0915 0.0915 0.0915 0.0915 0.0995 0.0995 0.095 0.095 0.095 0.094 0.094 0.0925 0.0925
0.1245 0.122 0.122 0.12 0.12 0.12 0.124 0.124 0.126 0.126 0.1295 0.1295 0.128 0.128 0.128 0.123 0.123 0.1235 0.1235 0.1225 0.1225 0.1225 0.1215 0.1215 0.121 0.121 0.12 0.12 0.12 0.118 0.118 0.1165 0.1165 0.114 0.114 0.114 0.115 0.115 0.117 0.117 0.1035 0.1035 0.1035 0.1065 0.1065 0.115 0.115 0.1105 0.1105 0.1005 0.1005 0.1005 0.0985 0.0985 0.106 0.106 0.1035 0.1035 0.1035 0.1065 0.1065 0.0955 0.0955 0.0915 0.0915 0.0915 0.0915 0.0915 0.0995 0.0995 0.095 0.095 0.095 0.094 0.094 0.0925 0.0925
0.119 0.118 0.118 0.123 0.123 0.123 0.1275 0.1275 0.1295 0.1295 0.1255 0.1255 0.128 0.128 0.128 0.1295 0.1295 0.1315 0.1315 0.1235 0.1235 0.1235 0.1185 0.1185 0.124 0.124 0.1145 0.1145 0.1145 0.1175 0.1175 0.1115 0.1115 0.107 0.107 0.107 0.1025 0.1025 0.1045 0.1045 0.1045 0.1045 0.1045 0.0955 0.0955 0.09 0.09 0.0825 0.0825 0.0715 0.0715 0.0715 0.0925 0.0925 0.096 0.096 0.0885 0.0885 0.0885 0.0975 0.0975 0.09649999 0.09649999 0.099 0.099 0.099 0.0995 0.0995 0.0985 0.0985 0.0955 0.0955 0.0955 0.094 0.094 0.0945 0.0945
0.119 0.118 0.118 0.123 0.123 0.123 0.1275 0.1275 0.1295 0.1295 0.1255 0.1255 0.128 0.128 0.128 0.1295 0.1295 0.1315 0.1315 0.1235 0.1235 0.1235 0.1185 0.1185 0.124 0.124 0.1145 0.1145 0.1145 0.1175 0.1175 0.1115 0.1115 0.107 0.107 0.107 0.1025 0.1025 0.1045 0.1045 0.1045 0.1045 0.1045 0.0955 0.0955 0.09 0.09 0.0825 0.0825 0.0715 0.0715 0.0715 0.0925 0.0925 0.096 0.096 0.0885 0.0885 0.0885 0.0975 0.0975 0.09649999 0.09649999 0.099 0.099 0.099 0.0995 0.0995 0.0985 0.0985 0.0955 0.0955 0.0955 0.094 0.094 0.0945 0.0945
0.1195 0.103 0.103 0.113 0.113 0.113 0.1105 0.1105 0.107 0.107 0.108 0.108 0.1125 0.1125 0.1125 0.1135 0.1135 0.109 0.109 0.116 0.116 0.116 0.1075 0.1075 0.1105 0.1105 0.1055 0.1055 0.1055 0.099 0.099 0.096 0.096 0.0905 0.0905 0.0905 0.1015 0.1015 0.0975 0.0975 0.101 0.101 0.101 0.1015 0.1015 0.115 0.115 0.1095 0.1095 0.11 0.11 0.11 0.1075 0.1075 0.0965 0.0965 0.096 0.096 0.096 0.1015 0.1015 0.104 0.104 0.097 0.097 0.097 0.1005 0.1005 0.1 0.1 0.092 0.092 0.092 0.098 0.098 0.1005 0.1005
0.1195 0.103 0.103 0.113 0.113 0.113 0.1105 0.1105 0.107 0.107 0.108 0.108 0.1125 0.1125 0.1125 0.1135 0.1135 0.109 0.109 0.116 0.116 0.116 0.1075 0.1075 0.1105 0.1105 0.1055 0.1055 0.1055 0.099 0.099 0.096 0.096 0.0905 0.0905 0.0905 0.1015 0.1015 0.0975 0.0975 0.101 0.101 0.101 0.1015 0.1015 0.115 0.115 0.1095 0.1095 0.11 0.11 0.11 0.1075 0.1075 0.0965 0.0965 0.096 0.096 0.096 0.1015 0.1015 0.104 0.104 0.097 0.097 0.097 0.1005 0.1005 0.1 0.1 0.092 0.092 0.092 0.098 0.098 0.1005 0.1005
0.1195 0.103 0.103 0.113 0.113 0.113 0.1105 0.1105 0.107 0.107 0.108 0.108 0.1125 0.1125 0.1125 0.1135 0.1135 0.109 0.109 0.116 0.116 0.116 0.1075 0.1075 0.1105 0.1105 0.1055 0.1055 0.1055 0.099 0.099 0.096 0.096 0.0905 0.0905 0.0905 0.1015 0.1015 0.0975 0.0975 0.101 0.101 0.101 0.1015 0.1015 0.115 0.115 0.1095 0.1095 0.11 0.11 0.11 0.1075 0.1075 0.0965 0.0965 0.096 0.096 0.096 0.1015 0.1015 0.104 0.104 0.097 0.097 0.097 0.1005 0.1005 0.1 0.1 0.092 0.092 0.092 0.098 0.098 0.1005 0.1005
0.1155 0.123 0.123 0.1245 0.1245 0.1245 0.108 0.108 0.1005 0.1005 0.1125 0.1125 0.1155 0.1155 0.1155 0.114 0.114 0.12 0.12 0.1215 0.1215 0.1215 0.116 0.116 0.1195 0.1195 0.106 0.106 0.106 0.1125 0.1125 0.1045 0.1045 0.0995 0.0995 0.0995 0.122 0.122 0.1195 0.1195 0.1145 0.1145 0.1145 0.114 0.114 0.11 0.11 0.107 0.107 0.1045 0.1045 0.1045 0.104 0.104 0.1005 0.1005 0.1055 0.1055 0.1055 0.103 0.103 0.101 0.101 0.101 0.101 0.101 0.1055 0.1055 0.1035 0.1035 0.1015 0.1015 0.1015 0.1 0.1 0.0975 0.0975
0.1155 0.123 0.123 0.1245 0.1245 0.1245 0.108 0.108 0.1005 0.1005 0.1125 0.1125 0.1155 0.1155 0.1155 0.114 0.114 0.12 0.12 0.1215 0.1215 0.1215 0.116 0.116 0.1195 0.1195 0.106 0.106 0.106 0.1125 0.1125 0.1045 0.1045 0.0995 0.0995 0.0995 0.122 0.122 0.1195 0.1195 0.1145 0.1145 0.1145 0.114 0.114 0.11 0.11 0.107 0.107 0.1045 0.1045 0.1045 0.104 0.104 0.1005 0.1005 0.1055 0.1055 0.1055 0.103 0.103 0.101 0.101 0.101 0.101 0.101 0.1055 0.1055 0.1035 0.1035 0.1015 0.1015 0.1015 0.1 0.1 0.0975 0.0975
0.121 0.122 0.122 0.1285 0.1285 0.1285 0.129 0.129 0.1265 0.1265 0.1215 0.1215 0.123 0.123 0.123 0.118 0.118 0.117 0.117 0.126 0.126 0.126 0.1225 0.1225 0.128 0.128 0.135 0.135 0.135 0.133 0.133 0.133 0.133 0.1255 0.1255 0.1255 0.1265 0.1265 0.118 0.118 0.115 0.115 0.115 0.1115 0.1115 0.11 0.11 0.1085 0.1085 0.1035 0.1035 0.1035 0.101 0.101 0.098 0.098 0.1045 0.1045 0.1045 0.1005 0.1005 0.102 0.102 0.1095 0.1095 0.1095 0.1075 0.1075 0.105 0.105 0.107 0.107 0.107 0.1025 0.1025 0.106 0.106
0.121 0.122 0.122 0.1285 0.1285 0.1285 0.129 0.129 0.1265 0.1265 0.1215 0.1215 0.123 0.123 0.123 0.118 0.118 0.117 0.117 0.126 0.126 0.126 0.1225 0.1225 0.128 0.128 0.135 0.135 0.135 0.133 0.133 0.133 0.133 0.1255 0.1255 0.1255 0.1265 0.1265 0.118 0.118 0.115 0.115 0.115 0.1115 0.1115 0.11 0.11 0.1085 0.1085 0.1035 0.1035 0.1035 0.101 0.101 0.098 0.098 0.1045 0.1045 0.1045 0.1005 0.1005 0.102 0.102 0.1095 0.1095 0.1095 0.1075 0.1075 0.105 0.105 0.107 0.107 0.107 0.1025 0.1025 0.106 0.106
0.1285 0.134 0.134 0.1445 0.1445 0.1445 0.1525 0.1525 0.137 0.137 0.1405 0.1405 0.1405 0.1405 0.1405 0.148 0.148 0.131 0.131 0.1365 0.1365 0.1365 0.141 0.141 0.1275 0.1275 0.134 0.134 0.134 0.126 0.126 0.133 0.133 0.1395 0.1395 0.1395 0.1245 0.1245 0.1225 0.1225 0.1185 0.1185 0.1185 0.109 0.109 0.109 0.109 0.1095 0.1095 0.112 0.112 0.112 0.107 0.107 0.1005 0.1005 0.098 0.098 0.098 0.102 0.102 0.1045 0.1045 0.1075 0.1075 0.1075 0.107 0.107 0.1035 0.1035 0.106 0.106 0.106 0.106 0.106 0.1 0.1
0.1285 0.134 0.134 0.1445 0.1445 0.1445 0.1525 0.1525 0.137 0.137 0.1405 0.1405 0.1405 0.1405 0.1405 0.148 0.148 0.131 0.131 0.1365 0.1365 0.1365 0.141 0.141 0.1275 0.1275 0.134 0.134 0.134 0.126 0.126 0.133 0.133 0.1395 0.1395 0.1395 0.1245 0.1245 0.1225 0.1225 0.1185 0.1185 0.1185 0.109 0.109 0.109 0.109 0.1095 0.1095 0.112 0.112 0.112 0.107 0.107 0.1005 0.1005 0.098 0.098 0.098 0.102 0.102 0.1045 0.1045 0.1075 0.1075 0.1075 0.107 0.107 0.1035 0.1035 0.106 0.106 0.106 0.106 0.106 0.1 0.1
0.1285 0.134 0.134 0.1445 0.1445 0.1445 0.1525 0.1525 0.137 0.137 0.1405 0.1405 0.1405 0.1405 0.1405 0.148 0.148 0.131 0.131 0.1365 0.1365 0.1365 0.141 0.141 0.1275 0.1275 0.134 0.134 0.134 0.126 0.126 0.133 0.133 0.1395 0.1395 0.1395 0.1245 0.1245 0.1225 0.1225 0.1185 0.1185 0.1185 0.109 0.109 0.109 0.109 0.1095 0.1095 0.112 0.112 0.112 0.107 0.107 0.1005 0.1005 0.098 0.098 0.098 0.102 0.102 0.1045 0.1045 0.1075 0.1075 0.1075 0.107 0.107 0.1035 0.1035 0.106 0.106 0.106 0.106 0.106 0.1 0.1
0.127 0.1225 0.1225 0.1475 0.1475 0.1475 0.1545 0.1545 0.191 0.191 0.1435 0.1435 0.149 0.149 0.149 0.155 0.155 0.141 0.141 0.1355 0.1355 0.1355 0.132 0.132 0.1275 0.1275 0.128 0.128 0.128 0.137 0.137 0.139 0.139 0.1365 0.1365 0.1365 0.128 0.128 0.121 0.121 0.112 0.112 0.112 0.111 0.111 0.112 0.112 0.114 0.114 0.11 0.11 0.11 0.1075 0.1075 0.106 0.106 0.1045 0.1045 0.1045 0.102 0.102 0.11 0.11 0.11 0.11 0.11 0.114 0.114 0.1165 0.1165 0.112 0.112 0.112 0.1155 0.1155 0.1085 0.1085
0.127 0.1225 0.1225 0.1475 0.1475 0.1475 0.1545 0.1545 0.191 0.191 0.1435 0.1435 0.149 0.149 0.149 0.155 0.155 0.141 0.141 0.1355 0.1355 0.1355 0.132 0.132 0.1275 0.1275 0.128 0.128 0.128 0.137 0.137 0.139 0.139 0.1365 0.1365 0.1365 0.128 0.128 0.121 0.121 0.112 0.112 0.112 0.111 0.111 0.112 0.112 0.114 0.114 0.11 0.11 0.11 0.1075 0.1075 0.106 0.106 0.1045 0.1045 0.1045 0.102 0.102 0.11 0.11 0.11 0.11 0.11 0.114 0.114 0.1165 0.1165 0.112 0.112 0.112 0.1155 0.1155 0.1085 0.1085
0.1455 0.1245 0.1245 0.1395 0.1395 0.1395 0.1265 0.1265 0.1465 0.1465 0.13 0.13 0.128 0.128 0.128 0.149 0.149 0.134 0.134 0.1395 0.1395 0.1395 0.1345 0.1345 0.145 0.145 0.1315 0.1315 0.1315 0.132 0.132 0.128 0.128 0.13 0.13 0.13 0.135 0.135 0.131 0.131 0.123 0.123 0.123 0.121 0.121 0.1215 0.1215 0.1175 0.1175 0.1135 0.1135 0.1135 0.119 0.119 0.116 0.116 0.1105 0.1105 0.1105 0.114 0.114 0.1145 0.1145 0.1145 0.1145 0.1145 0.124 0.124 0.125 0.125 0.1205 0.1205 0.1205 0.1175 0.1175 0.105 0.105
0.1455 0.1245 0.1245 0.1395 0.1395 0.1395 0.1265 0.1265 0.1465 0.1465 0.13 0.13 0.128 0.128 0.128 0.149 0.149 0.134 0.134 0.1395 0.1395 0.1395 0.1345 0.1345 0.145 0.145 0.1315 0.1315 0.1315 0.132 0.132 0.128 0.128 0.13 0.13 0.13 0.135 0.135 0.131 0.131 0.123 0.123 0.123 0.121 0.121 0.1215 0.1215 0.1175 0.1175 0.1135 0.1135 0.1135 0.119 0.119 0.116 0.116 0.1105 0.1105 0.1105 0.114 0.114 0.1145 0.1145 0.1145 0.1145 0.1145 0.124 0.124 0.125 0.125 0.1205 0.1205 0.1205 0.1175 0.1175 0.105 0.105
0.137 0.1295 0.1295 0.13 0.13 0.13 0.153 0.153 0.1355 0.1355 0.1335 0.1335 0.1205 0.1205 0.1205 0.1335 0.1335 0.121 0.121 0.1305 0.1305 0.1305 0.124 0.124 0.1285 0.1285 0.131 0.131 0.131 0.141 0.141 0.135 0.135 0.1365 0.1365 0.1365 0.138 0.138 0.1445 0.1445 0.14 0.14 0.14 0.128 0.128 0.125 0.125 0.1325 0.1325 0.13 0.13 0.13 0.1335 0.1335 0.123 0.123 0.12 0.12 0.12 0.12 0.12 0.117 0.117 0.124 0.124 0.124 0.123 0.123 0.1245 0.1245 0.1275 0.1275 0.1275 0.1285 0.1285 0.1135 0.1135
0.137 0.1295 0.1295 0.13 0.13 0.13 0.153 0.153 0.1355 0.1355 0.1335 0.1335 0.1205 0.1205 0.1205 0.1335 0.1335 0.121 0.121 0.1305 0.1305 0.1305 0.124 0.124 0.1285 0.1285 0.131 0.131 0.131 0.141 0.141 0.135 0.135 0.1365 0.1365 0.1365 0.138 0.138 0.1445 0.1445 0.14 0.14 0.14 0.128 0.128 0.125 0.125 0.1325 0.1325 0.13 0.13 0.13 0.1335 0.1335 0.123 0.123 0.12 0.12 0.12 0.12 0.12 0.117 0.117 0.124 0.124 0.124 0.123 0.123 0.1245 0.1245 0.1275 0.1275 0.1275 0.1285 0.1285 0.1135 0.1135
0.1365 0.1365 0.1365 0.1355 0.1355 0.1355 0.1555 0.1555 0.1345 0.1345 0.1255 0.1255 0.1255 0.1255 0.1255 0.122 0.122 0.1295 0.1295 0.12 0.12 0.12 0.115 0.115 0.1315 0.1315 0.124 0.124 0.124 0.138 0.138 0.1525 0.1525 0.1515 0.1515 0.1515 0.144 0.144 0.1455 0.1455 0.1385 0.1385 0.1385 0.135 0.135 0.1295 0.1295 0.1365 0.1365 0.1325 0.1325 0.1325 0.1365 0.1365 0.1355 0.1355 0.1325 0.1325 0.1325 0.1245 0.1245 0.1225 0.1225 0.1275 0.1275 0.1275 0.1265 0.1265 0.1265 0.1265 0.1305 0.1305 0.1305 0.1255 0.1255 0.1235 0.1235
