ndvi/NOAA-79.asc
ncols         252
nrows         154
xllcorner     -18.017974
yllcorner     13.481982
cellsize      0.035948
NODATA_value  -9999
[rows 34 to 67 of 154, columns 154 to 230 of 252]
0.1175 0.1185 0.1185 0.1225 0.1225 0.1225 0.1195 0.1195 0.104 0.104 0.09649999 0.09649999 0.09649999 0.09649999 0.09649999 0.0895 0.0895 0.097 0.097 0.1005 0.1005 0.1005 0.1025 0.1025 0.114 0.114 0.122 0.122 0.122 0.1205 0.1205 0.123 0.123 0.119 0.119 0.119 0.1125 0.1125 0.114 0.114 0.1165 0.1165 0.1165 0.113 0.113 0.1085 0.1085 0.1215 0.1215 0.12 0.12 0.12 0.125 0.125 0.121 0.121 0.1205 0.1205 0.1205 0.1045 0.1045 0.1035 0.1035 0.1005 0.1005 0.1005 0.0995 0.0995 0.101 0.101 0.1045 0.1045 0.1045 0.1005 0.1005 0.1015 0.1015
0.1175 0.1185 0.1185 0.1225 0.1225 0.1225 0.1195 0.1195 0.104 0.104 0.09649999 0.09649999 0.09649999 0.09649999 0.09649999 0.0895 0.0895 0.097 0.097 0.1005 0.1005 0.1005 0.1025 0.1025 0.114 0.114 0.122 0.122 0.122 0.1205 0.1205 0.123 0.123 0.119 0.119 0.119 0.1125 0.1125 0.114 0.114 0.1165 0.1165 0.1165 0.113 0.113 0.1085 0.1085 0.1215 0.1215 0.12 0.12 0.12 0.125 0.125 0.121 0.121 0.1205 0.1205 0.1205 0.1045 0.1045 0.1035 0.1035 0.1005 0.1005 0.1005 0.0995 0.0995 0.101 0.101 0.1045 0.1045 0.1045 0.1005 0.1005 0.1015 0.1015
0.1175 0.1185 0.1185 0.1225 0.1225 0.1225 0.1195 0.1195 0.104 0.104 0.09649999 0.09649999 0.09649999 0.09649999 0.09649999 0.0895 0.0895 0.097 0.097 0.1005 0.1005 0.1005 0.1025 0.1025 0.114 0.114 0.122 0.122 0.122 0.1205 0.1205 0.123 0.123 0.119 0.119 0.119 0.1125 0.1125 0.114 0.114 0.1165 0.1165 0.1165 0.113 0.113 0.1085 0.1085 0.1215 0.1215 0.12 0.12 0.12 0.125 0.125 0.121 0.121 0.1205 0.1205 0.1205 0.1045 0.1045 0.1035 0.1035 0.1005 0.1005 0.1005 0.0995 0.0995 0.101 0.101 0.1045 0.1045 0.1045 0.1005 0.1005 0.1015 0.1015
0.112 0.1205 0.1205 0.1115 0.1115 0.1115 0.1095 0.1095 0.1085 0.1085 0.1005 0.1005 0.097 0.097 0.097 0.098 0.098 0.09900001 0.09900001 0.093 0.093 0.093 0.0915 0.0915 0.1185 0.1185 0.1215 0.1215 0.1215 0.136 0.136 0.124 0.124 0.1245 0.1245 0.1245 0.1155 0.1155 0.114 0.114 0.116 0.116 0.116 0.1125 0.1125 0.118 0.118 0.133 0.133 0.1175 0.1175 0.1175 0.114 0.114 0.121 0.121 0.123 0.123 0.123 0.12 0.12 0.108 0.108 0.1035 0.1035 0.1035 0.0985 0.0985 0.1035 0.1035 0.1085 0.1085 0.1085 0.1085 0.1085 0.107 0.107
0.112 0.1205 0.1205 0.1115 0.1115 0.1115 0.1095 0.1095 0.1085 0.1085 0.1005 0.1005 0.097 0.097 0.097 0.098 0.098 0.09900001 0.09900001 0.093 0.093 0.093 0.0915 0.0915 0.1185 0.1185 0.1215 0.1215 0.1215 0.136 0.136 0.124 0.124 0.1245 0.1245 0.1245 0.1155 0.1155 0.114 0.114 0.116 0.116 0.116 0.1125 0.1125 0.118 0.118 0.133 0.133 0.1175 0.1175 0.1175 0.114 0.114 0.121 0.121 0.123 0.123 0.123 0.12 0.12 0.108 0.108 0.1035 0.1035 0.1035 0.0985 0.0985 0.1035 0.1035 0.1085 0.1085 0.1085 0.1085 0.1085 0.107 0.107
0.1185 0.112 0.112 0.103 0.103 0.103 0.099 0.099 0.103 0.103 0.104 0.104 0.1045 0.1045 0.1045 0.1 0.1 0.095 0.095 0.0965 0.0965 0.0965 0.1075 0.1075 0.1265 0.1265 0.122 0.122 0.122 0.136 0.136 0.1305 0.1305 0.1325 0.1325 0.1325 0.1275 0.1275 0.1195 0.1195 0.1155 0.1155 0.1155 0.1185 0.1185 0.1315 0.1315 0.131 0.131 0.1225 0.1225 0.1225 0.122 0.122 0.126 0.126 0.122 0.122 0.122 0.1225 0.1225 0.12 0.12 0.108 0.108 0.108 0.1055 0.1055 0.106 0.106 0.1095 0.1095 0.1095 0.1095 0.1095 0.1055 0.1055
0.1185 0.112 0.112 0.103 0.103 0.103 0.099 0.099 0.103 0.103 0.104 0.104 0.1045 0.1045 0.1045 0.1 0.1 0.095 0.095 0.0965 0.0965 0.0965 0.1075 0.1075 0.1265 0.1265 0.122 0.122 0.122 0.136 0.136 0.1305 0.1305 0.1325 0.1325 0.1325 0.1275 0.1275 0.1195 0.1195 0.1155 0.1155 0.1155 0.1185 0.1185 0.1315 0.1315 0.131 0.131 0.1225 0.1225 0.1225 0.122 0.122 0.126 0.126 0.122 0.122 0.122 0.1225 0.1225 0.12 0.12 0.108 0.108 0.108 0.1055 0.1055 0.106 0.106 0.1095 0.1095 0.1095 0.1095 0.1095 0.1055 0.1055
0.1095 0.1045 0.1045 0.097 0.097 0.097 0.0975 0.0975 0.104 0.104 0.1005 0.1005 0.102 0.102 0.102 0.097 0.097 0.1015 0.1015 0.1005 0.1005 0.1005 0.1125 0.1125 0.127 0.127 0.1245 0.1245 0.1245 0.149 0.149 0.1495 0.1495 0.1435 0.1435 0.1435 0.138 0.138 0.1365 0.1365 0.133 0.133 0.133 0.1375 0.1375 0.1335 0.1335 0.129 0.129 0.131 0.131 0.131 0.1245 0.1245 0.129 0.129 0.132 0.132 0.132 0.13 0.13 0.1375 0.1375 0.1375 0.1375 0.1375 0.118 0.118 0.123 0.123 0.114 0.114 0.114 0.1065 0.1065 0.1015 0.1015
0.1095 0.1045 0.1045 0.097 0.097 0.097 0.0975 0.0975 0.104 0.104 0.1005 0.1005 0.102 0.102 0.102 0.097 0.097 0.1015 0.1015 0.1005 0.1005 0.1005 0.1125 0.1125 0.127 0.127 0.1245 0.1245 0.1245 0.149 0.149 0.1495 0.1495 0.1435 0.1435 0.1435 0.138 0.138 0.1365 0.1365 0.133 0.133 0.133 0.1375 0.1375 0.1335 0.1335 0.129 0.129 0.131 0.131 0.131 0.1245 0.1245 0.129 0.129 0.132 0.132 0.132 0.13 0.13 0.1375 0.1375 0.1375 0.1375 0.1375 0.118 0.118 0.123 0.123 0.114 0.114 0.114 0.1065 0.1065 0.1015 0.1015
0.1095 0.1045 0.1045 0.097 0.097 0.097 0.0975 0.0975 0.104 0.104 0.1005 0.1005 0.102 0.102 0.102 0.097 0.097 0.1015 0.1015 0.1005 0.1005 0.1005 0.1125 0.1125 0.127 0.127 0.1245 0.1245 0.1245 0.149 0.149 0.1495 0.1495 0.1435 0.1435 0.1435 0.138 0.138 0.1365 0.1365 0.133 0.133 0.133 0.1375 0.1375 0.1335 0.1335 0.129 0.129 0.131 0.131 0.131 0.1245 0.1245 0.129 0.129 0.132 0.132 0.132 0.13 0.13 0.1375 0.1375 0.1375 0.1375 0.1375 0.118 0.118 0.123 0.123 0.114 0.114 0.114 0.1065 0.1065 0.1015 0.1015
0.1075 0.1315 0.1315 0.132 0.132 0.132 0.1145 0.1145 0.1065 0.1065 0.1185 0.1185 0.1165 0.1165 0.1165 0.1125 0.1125 0.175 0.175 0.154 0.154 0.154 0.146 0.146 0.138 0.138 0.1435 0.1435 0.1435 0.153 0.153 0.162 0.162 0.161 0.161 0.161 0.143 0.143 0.1375 0.1375 0.132 0.132 0.132 0.136 0.136 0.141 0.141 0.148 0.148 0.1465 0.1465 0.1465 0.137 0.137 0.1255 0.1255 0.124 0.124 0.124 0.128 0.128 0.133 0.133 0.132 0.132 0.132 0.121 0.121 0.1165 0.1165 0.113 0.113 0.113 0.108 0.108 0.111 0.111
0.1075 0.1315 0.1315 0.132 0.132 0.132 0.1145 0.1145 0.1065 0.1065 0.1185 0.1185 0.1165 0.1165 0.1165 0.1125 0.1125 0.175 0.175 0.154 0.154 0.154 0.146 0.146 0.138 0.138 0.1435 0.1435 0.1435 0.153 0.153 0.162 0.162 0.161 0.161 0.161 0.143 0.143 0.1375 0.1375 0.132 0.132 0.132 0.136 0.136 0.141 0.141 0.148 0.148 0.1465 0.1465 0.1465 0.137 0.137 0.1255 0.1255 0.124 0.124 0.124 0.128 0.128 0.133 0.133 0.132 0.132 0.132 0.121 0.121 0.1165 0.1165 0.113 0.113 0.113 0.108 0.108 0.111 0.111
0.146 0.1475 0.1475 0.1575 0.1575 0.1575 0.1695 0.1695 0.176 0.176 0.1765 0.1765 0.171 0.171 0.171 0.171 0.171 0.178 0.178 0.1605 0.1605 0.1605 0.145 0.145 0.148 0.148 0.164 0.164 0.164 0.1665 0.1665 0.164 0.164 0.1575 0.1575 0.1575 0.1515 0.1515 0.145 0.145 0.1535 0.1535 0.1535 0.161 0.161 0.161 0.161 0.152 0.152 0.148 0.148 0.148 0.1415 0.1415 0.1485 0.1485 0.1445 0.1445 0.1445 0.126 0.126 0.1325 0.1325 0.134 0.134 0.134 0.13 0.13 0.1145 0.1145 0.117 0.117 0.117 0.1125 0.1125 0.117 0.117
0.146 0.1475 0.1475 0.1575 0.1575 0.1575 0.1695 0.1695 0.176 0.176 0.1765 0.1765 0.171 0.171 0.171 0.171 0.171 0.178 0.178 0.1605 0.1605 0.1605 0.145 0.145 0.148 0.148 0.164 0.164 0.164 0.1665 0.1665 0.164 0.164 0.1575 0.1575 0.1575 0.1515 0.1515 0.145 0.145 0.1535 0.1535 0.1535 0.161 0.161 0.161 0.161 0.152 0.152 0.148 0.148 0.148 0.1415 0.1415 0.1485 0.1485 0.1445 0.1445 0.1445 0.126 0.126 0.1325 0.1325 0.134 0.134 0.134 0.13 0.13 0.1145 0.1145 0.117 0.117 0.117 0.1125 0.1125 0.117 0.117
0.1535 0.1485 0.1485 0.153 0.153 0.153 0.1785 0.1785 0.1875 0.1875 0.185 0.185 0.18 0.18 0.18 0.1705 0.1705 0.168 0.168 0.156 0.156 0.156 0.1675 0.1675 0.18 0.18 0.19 0.19 0.19 0.1785 0.1785 0.164 0.164 0.163 0.163 0.163 0.175 0.175 0.157 0.157 0.177 0.177 0.177 0.169 0.169 0.1625 0.1625 0.15 0.15 0.1505 0.1505 0.1505 0.136 0.136 0.138 0.138 0.139 0.139 0.139 0.1485 0.1485 0.1375 0.1375 0.133 0.133 0.133 0.1305 0.1305 0.119 0.119 0.114 0.114 0.114 0.1185 0.1185 0.1225 0.1225
0.1535 0.1485 0.1485 0.153 0.153 0.153 0.1785 0.1785 0.1875 0.1875 0.185 0.185 0.18 0.18 0.18 0.1705 0.1705 0.168 0.168 0.156 0.156 0.156 0.1675 0.1675 0.18 0.18 0.19 0.19 0.19 0.1785 0.1785 0.164 0.164 0.163 0.163 0.163 0.175 0.175 0.157 0.157 0.177 0.177 0.177 0.169 0.169 0.1625 0.1625 0.15 0.15 0.1505 0.1505 0.1505 0.136 0.136 0.138 0.138 0.139 0.139 0.139 0.1485 0.1485 0.1375 0.1375 0.133 0.133 0.133 0.1305 0.1305 0.119 0.119 0.114 0.114 0.114 0.1185 0.1185 0.1225 0.1225
0.1535 0.1485 0.1485 0.153 0.153 0.153 0.1785 0.1785 0.1875 0.1875 0.185 0.185 0.18 0.18 0.18 0.1705 0.1705 0.168 0.168 0.156 0.156 0.156 0.1675 0.1675 0.18 0.18 0.19 0.19 0.19 0.1785 0.1785 0.164 0.164 0.163 0.163 0.163 0.175 0.175 0.157 0.157 0.177 0.177 0.177 0.169 0.169 0.1625 0.1625 0.15 0.15 0.1505 0.1505 0.1505 0.136 0.136 0.138 0.138 0.139 0.139 0.139 0.1485 0.1485 0.1375 0.1375 0.133 0.133 0.133 0.1305 0.1305 0.119 0.119 0.114 0.114 0.114 0.1185 0.1185 0.1225 0.1225
0.138 0.1425 0.1425 0.1675 0.1675 0.1675 0.1865 0.1865 0.195 0.195 0.201 0.201 0.185 0.185 0.185 0.178 0.178 0.161 0.161 0.164 0.164 0.164 0.1655 0.1655 0.1805 0.1805 0.1915 0.1915 0.1915 0.1915 0.1915 0.1845 0.1845 0.185 0.185 0.185 0.1635 0.1635 0.1525 0.1525 0.171 0.171 0.171 0.1615 0.1615 0.1555 0.1555 0.151 0.151 0.1285 0.1285 0.1285 0.127 0.127 0.144 0.144 0.1585 0.1585 0.1585 0.1645 0.1645 0.163 0.163 0.151 0.151 0.151 0.141 0.141 0.128 0.128 0.1145 0.1145 0.1145 0.1235 0.1235 0.1265 0.1265
0.138 0.1425 0.1425 0.1675 0.1675 0.1675 0.1865 0.1865 0.195 0.195 0.201 0.201 0.185 0.185 0.185 0.178 0.178 0.161 0.161 0.164 0.164 0.164 0.1655 0.1655 0.1805 0.1805 0.1915 0.1915 0.1915 0.1915 0.1915 0.1845 0.1845 0.185 0.185 0.185 0.1635 0.1635 0.1525 0.1525 0.171 0.171 0.171 0.1615 0.1615 0.1555 0.1555 0.151 0.151 0.1285 0.1285 0.1285 0.127 0.127 0.144 0.144 0.1585 0.1585 0.1585 0.1645 0.1645 0.163 0.163 0.151 0.151 0.151 0.141 0.141 0.128 0.128 0.1145 0.1145 0.1145 0.1235 0.1235 0.1265 0.1265
0.116 0.137 0.137 0.182 0.182 0.182 0.1905 0.1905 0.187 0.187 0.1975 0.1975 0.191 0.191 0.191 0.178 0.178 0.159 0.159 0.151 0.151 0.151 0.1685 0.1685 0.1945 0.1945 0.2 0.2 0.2 0.21 0.21 0.2175 0.2175 0.2225 0.2225 0.2225 0.2035 0.2035 0.175 0.175 0.1605 0.1605 0.1605 0.1505 0.1505 0.1485 0.1485 0.154 0.154 0.1375 0.1375 0.1375 0.1415 0.1415 0.174 0.174 0.177 0.177 0.177 0.174 0.174 0.174 0.174 0.1775 0.1775 0.1775 0.1525 0.1525 0.1705 0.1705 0.1765 0.1765 0.1765 0.165 0.165 0.165 0.165
0.116 0.137 0.137 0.182 0.182 0.182 0.1905 0.1905 0.187 0.187 0.1975 0.1975 0.191 0.191 0.191 0.178 0.178 0.159 0.159 0.151 0.151 0.151 0.1685 0.1685 0.1945 0.1945 0.2 0.2 0.2 0.21 0.21 0.2175 0.2175 0.2225 0.2225 0.2225 0.2035 0.2035 0.175 0.175 0.1605 0.1605 0.1605 0.1505 0.1505 0.1485 0.1485 0.154 0.154 0.1375 0.1375 0.1375 0.1415 0.1415 0.174 0.174 0.177 0.177 0.177 0.174 0.174 0.174 0.174 0.1775 0.1775 0.1775 0.1525 0.1525 0.1705 0.1705 0.1765 0.1765 0.1765 0.165 0.165 0.165 0.165
0.118 0.1395 0.1395 0.1725 0.1725 0.1725 0.1685 0.1685 0.183 0.183 0.1905 0.1905 0.197 0.197 0.197 0.2005 0.2005 0.194 0.194 0.196 0.196 0.196 0.197 0.197 0.221 0.221 0.2205 0.2205 0.2205 0.2045 0.2045 0.211 0.211 0.1955 0.1955 0.1955 0.189 0.189 0.1955 0.1955 0.1755 0.1755 0.1755 0.15 0.15 0.151 0.151 0.1535 0.1535 0.1625 0.1625 0.1625 0.1575 0.1575 0.158 0.158 0.172 0.172 0.172 0.1775 0.1775 0.185 0.185 0.1835 0.1835 0.1835 0.179 0.179 0.1775 0.1775 0.1815 0.1815 0.1815 0.168 0.168 0.164 0.164
0.118 0.1395 0.1395 0.1725 0.1725 0.1725 0.1685 0.1685 0.183 0.183 0.1905 0.1905 0.197 0.197 0.197 0.2005 0.2005 0.194 0.194 0.196 0.196 0.196 0.197 0.197 0.221 0.221 0.2205 0.2205 0.2205 0.2045 0.2045 0.211 0.211 0.1955 0.1955 0.1955 0.189 0.189 0.1955 0.1955 0.1755 0.1755 0.1755 0.15 0.15 0.151 0.151 0.1535 0.1535 0.1625 0.1625 0.1625 0.1575 0.1575 0.158 0.158 0.172 0.172 0.172 0.1775 0.1775 0.185 0.185 0.1835 0.1835 0.1835 0.179 0.179 0.1775 0.1775 0.1815 0.1815 0.1815 0.168 0.168 0.164 0.164
0.1 0.1195 0.1195 0.1275 0.1275 0.1275 0.159 0.159 0.1795 0.1795 0.179 0.179 0.176 0.176 0.176 0.179 0.179 0.206 0.206 0.182 0.182 0.182 0.2 0.2 0.202 0.202 0.206 0.206 0.206 0.2075 0.2075 0.1915 0.1915 0.1865 0.1865 0.1865 0.18 0.18 0.1815 0.1815 0.1755 0.1755 0.1755 0.1565 0.1565 0.146 0.146 0.1415 0.1415 0.148 0.148 0.148 0.148 0.148 0.1395 0.1395 0.1475 0.1475 0.1475 0.1615 0.1615 0.182 0.182 0.183 0.183 0.183 0.1785 0.1785 0.175 0.175 0.1725 0.1725 0.1725 0.166 0.166 0.1685 0.1685
0.1 0.1195 0.1195 0.1275 0.1275 0.1275 0.159 0.159 0.1795 0.1795 0.179 0.179 0.176 0.176 0.176 0.179 0.179 0.206 0.206 0.182 0.182 0.182 0.2 0.2 0.202 0.202 0.206 0.206 0.206 0.2075 0.2075 0.1915 0.1915 0.1865 0.1865 0.1865 0.18 0.18 0.1815 0.1815 0.1755 0.1755 0.1755 0.1565 0.1565 0.146 0.146 0.1415 0.1415 0.148 0.148 0.148 0.148 0.148 0.1395 0.1395 0.1475 0.1475 0.1475 0.1615 0.1615 0.182 0.182 0.183 0.183 0.183 0.1785 0.1785 0.175 0.175 0.1725 0.1725 0.1725 0.166 0.166 0.1685 0.1685
0.1 0.1195 0.1195 0.1275 0.1275 0.1275 0.159 0.159 0.1795 0.1795 0.179 0.179 0.176 0.176 0.176 0.179 0.179 0.206 0.206 0.182 0.182 0.182 0.2 0.2 0.202 0.202 0.206 0.206 0.206 0.2075 0.2075 0.1915 0.1915 0.1865 0.1865 0.1865 0.18 0.18 0.1815 0.1815 0.1755 0.1755 0.1755 0.1565 0.1565 0.146 0.146 0.1415 0.1415 0.148 0.148 0.148 0.148 0.148 0.1395 0.1395 0.1475 0.1475 0.1475 0.1615 0.1615 0.182 0.182 0.183 0.183 0.183 0.1785 0.1785 0.175 0.175 0.1725 0.1725 0.1725 0.166 0.166 0.1685 0.1685
0.1155 0.135 0.135 0.1345 0.1345 0.1345 0.117 0.117 0.1575 0.1575 0.1695 0.1695 0.165 0.165 0.165 0.1725 0.1725 0.1955 0.1955 0.2005 0.2005 0.2005 0.2185 0.2185 0.209 0.209 0.2025 0.2025 0.2025 0.196 0.196 0.1955 0.1955 0.192 0.192 0.192 0.182 0.182 0.203 0.203 0.1915 0.1915 0.1915 0.1715 0.1715 0.14 0.14 0.136 0.136 0.1425 0.1425 0.1425 0.148 0.148 0.1395 0.1395 0.1565 0.1565 0.1565 0.167 0.167 0.169 0.169 0.1815 0.1815 0.1815 0.178 0.178 0.1645 0.1645 0.147 0.147 0.147 0.1245 0.1245 0.148 0.148
0.1155 0.135 0.135 0.1345 0.1345 0.1345 0.117 0.117 0.1575 0.1575 0.1695 0.1695 0.165 0.165 0.165 0.1725 0.1725 0.1955 0.1955 0.2005 0.2005 0.2005 0.2185 0.2185 0.209 0.209 0.2025 0.2025 0.2025 0.196 0.196 0.1955 0.1955 0.192 0.192 0.192 0.182 0.182 0.203 0.203 0.1915 0.1915 0.1915 0.1715 0.1715 0.14 0.14 0.136 0.136 0.1425 0.1425 0.1425 0.148 0.148 0.1395 0.1395 0.1565 0.1565 0.1565 0.167 0.167 0.169 0.169 0.1815 0.1815 0.1815 0.178 0.178 0.1645 0.1645 0.147 0.147 0.147 0.1245 0.1245 0.148 0.148
0.1385 0.14 0.14 0.128 0.128 0.128 0.1335 0.1335 0.129 0.129 0.153 0.153 0.149 0.149 0.149 0.189 0.189 0.205 0.205 0.206 0.206 0.206 0.2185 0.2185 0.199 0.199 0.207 0.207 0.207 0.2115 0.2115 0.2095 0.2095 0.2035 0.2035 0.2035 0.204 0.204 0.203 0.203 0.183 0.183 0.183 0.1795 0.1795 0.176 0.176 0.176 0.176 0.18 0.18 0.18 0.1885 0.1885 0.172 0.172 0.1645 0.1645 0.1645 0.169 0.169 0.1615 0.1615 0.177 0.177 0.177 0.178 0.178 0.169 0.169 0.1465 0.1465 0.1465 0.151 0.151 0.166 0.166
0.1385 0.14 0.14 0.128 0.128 0.128 0.1335 0.1335 0.129 0.129 0.153 0.153 0.149 0.149 0.149 0.189 0.189 0.205 0.205 0.206 0.206 0.206 0.2185 0.2185 0.199 0.199 0.207 0.207 0.207 0.2115 0.2115 0.2095 0.2095 0.2035 0.2035 0.2035 0.204 0.204 0.203 0.203 0.183 0.183 0.183 0.1795 0.1795 0.176 0.176 0.176 0.176 0.18 0.18 0.18 0.1885 0.1885 0.172 0.172 0.1645 0.1645 0.1645 0.169 0.169 0.1615 0.1615 0.177 0.177 0.177 0.178 0.178 0.169 0.169 0.1465 0.1465 0.1465 0.151 0.151 0.166 0.166
0.144 0.1565 0.1565 0.132 0.132 0.132 0.1515 0.1515 0.1445 0.1445 0.16 0.16 0.162 0.162 0.162 0.178 0.178 0.1955 0.1955 0.21 0.21 0.21 0.209 0.209 0.2015 0.2015 0.193 0.193 0.193 0.1875 0.1875 0.207 0.207 0.2115 0.2115 0.2115 0.2075 0.2075 0.203 0.203 0.2035 0.2035 0.2035 0.2095 0.2095 0.1895 0.1895 0.1965 0.1965 0.1945 0.1945 0.1945 0.2075 0.2075 0.2155 0.2155 0.206 0.206 0.206 0.178 0.178 0.2125 0.2125 0.182 0.182 0.182 0.1915 0.1915 0.171 0.171 0.1725 0.1725 0.1725 0.167 0.167 0.169 0.169
0.144 0.1565 0.1565 0.132 0.132 0.132 0.1515 0.1515 0.1445 0.1445 0.16 0.16 0.162 0.162 0.162 0.178 0.178 0.1955 0.1955 0.21 0.21 0.21 0.209 0.209 0.2015 0.2015 0.193 0.193 0.193 0.1875 0.1875 0.207 0.207 0.2115 0.2115 0.2115 0.2075 0.2075 0.203 0.203 0.2035 0.2035 0.2035 0.2095 0.2095 0.1895 0.1895 0.1965 0.1965 0.1945 0.1945 0.1945 0.2075 0.2075 0.2155 0.2155 0.206 0.206 0.206 0.178 0.178 0.2125 0.2125 0.182 0.182 0.182 0.1915 0.1915 0.171 0.171 0.1725 0.1725 0.1725 0.167 0.167 0.169 0.169
0.144 0.1565 0.1565 0.132 0.132 0.132 0.1515 0.1515 0.1445 0.1445 0.16 0.16 0.162 0.162 0.162 0.178 0.178 0.1955 0.1955 0.21 0.21 0.21 0.209 0.209 0.2015 0.2015 0.193 0.193 0.193 0.1875 0.1875 0.207 0.207 0.2115 0.2115 0.2115 0.2075 0.2075 0.203 0.203 0.2035 0.2035 0.2035 0.2095 0.2095 0.1895 0.1895 0.1965 0.1965 0.1945 0.1945 0.1945 0.2075 0.2075 0.2155 0.2155 0.206 0.206 0.206 0.178 0.178 0.2125 0.2125 0.182 0.182 0.182 0.1915 0.1915 0.171 0.171 0.1725 0.1725 0.1725 0.167 0.167 0.169 0.169
0.124 0.143 0.143 0.141 0.141 0.141 0.1425 0.1425 0.1735 0.1735 0.1605 0.1605 0.153 0.153 0.153 0.193 0.193 0.229 0.229 0.2195 0.2195 0.2195 0.22 0.22 0.217 0.217 0.2095 0.2095 0.2095 0.2275 0.2275 0.223 0.223 0.224 0.224 0.224 0.211 0.211 0.198 0.198 0.205 0.205 0.205 0.2205 0.2205 0.2095 0.2095 0.206 0.206 0.215 0.215 0.215 0.2105 0.2105 0.218 0.218 0.2185 0.2185 0.2185 0.2335 0.2335 0.2215 0.2215 0.211 0.211 0.211 0.181 0.181 0.172 0.172 0.2245 0.2245 0.2245 0.2145 0.2145 0.215 0.215
