ndvi/NOAA-1.asc
ncols         252
nrows         154
xllcorner     -18.017974
yllcorner     13.481982
cellsize      0.035948
NODATA_value  -9999
[rows 105 to 139 of 154, columns 77 to 153 of 252]
0.282 0.282 0.2655 0.2655 0.2605 0.2605 0.26 0.26 0.26 0.2665 0.2665 0.279 0.279 0.267 0.267 0.2755 0.2755 0.2755 0.2755 0.2755 0.2635 0.2635 0.272 0.272 0.272 0.2705 0.2705 0.277 0.277 0.261 0.261 0.261 0.2735 0.2735 0.27 0.27 0.2895 0.2895 0.2895 0.3 0.3 0.3105 0.3105 0.3045 0.3045 0.3045 0.317 0.317 0.282 0.282 0.2905 0.2905 0.2875 0.2875 0.2875 0.297 0.297 0.2955 0.2955 0.2845 0.2845 0.2845 0.293 0.293 0.285 0.285 0.2865 0.2865 0.2865 0.2745 0.2745 0.2395 0.2395 0.243 0.243 0.243 0.243
0.273 0.273 0.277 0.277 0.274 0.274 0.2775 0.2775 0.2775 0.292 0.292 0.2795 0.2795 0.283 0.283 0.2685 0.2685 0.2685 0.2505 0.2505 0.278 0.278 0.296 0.296 0.296 0.2825 0.2825 0.301 0.301 0.2825 0.2825 0.2825 0.2925 0.2925 0.2825 0.2825 0.334 0.334 0.334 0.3265 0.3265 0.3185 0.3185 0.294 0.294 0.294 0.294 0.294 0.303 0.303 0.3275 0.3275 0.3165 0.3165 0.3165 0.2845 0.2845 0.3025 0.3025 0.3355 0.3355 0.3355 0.2975 0.2975 0.31 0.31 0.317 0.317 0.317 0.2685 0.2685 0.2605 0.2605 0.276 0.276 0.276 0.275
0.273 0.273 0.277 0.277 0.274 0.274 0.2775 0.2775 0.2775 0.292 0.292 0.2795 0.2795 0.283 0.283 0.2685 0.2685 0.2685 0.2505 0.2505 0.278 0.278 0.296 0.296 0.296 0.2825 0.2825 0.301 0.301 0.2825 0.2825 0.2825 0.2925 0.2925 0.2825 0.2825 0.334 0.334 0.334 0.3265 0.3265 0.3185 0.3185 0.294 0.294 0.294 0.294 0.294 0.303 0.303 0.3275 0.3275 0.3165 0.3165 0.3165 0.2845 0.2845 0.3025 0.3025 0.3355 0.3355 0.3355 0.2975 0.2975 0.31 0.31 0.317 0.317 0.317 0.2685 0.2685 0.2605 0.2605 0.276 0.276 0.276 0.275
0.2815 0.2815 0.275 0.275 0.2735 0.2735 0.262 0.262 0.262 0.2605 0.2605 0.2975 0.2975 0.2735 0.2735 0.2655 0.2655 0.2655 0.282 0.282 0.3275 0.3275 0.282 0.282 0.282 0.3025 0.3025 0.3055 0.3055 0.2885 0.2885 0.2885 0.31 0.31 0.3405 0.3405 0.3405 0.3405 0.3405 0.3255 0.3255 0.333 0.333 0.3005 0.3005 0.3005 0.2845 0.2845 0.3285 0.3285 0.3185 0.3185 0.329 0.329 0.329 0.315 0.315 0.302 0.302 0.3095 0.3095 0.3095 0.2965 0.2965 0.2805 0.2805 0.3175 0.3175 0.3175 0.288 0.288 0.27 0.27 0.263 0.263 0.263 0.269
0.2815 0.2815 0.275 0.275 0.2735 0.2735 0.262 0.262 0.262 0.2605 0.2605 0.2975 0.2975 0.2735 0.2735 0.2655 0.2655 0.2655 0.282 0.282 0.3275 0.3275 0.282 0.282 0.282 0.3025 0.3025 0.3055 0.3055 0.2885 0.2885 0.2885 0.31 0.31 0.3405 0.3405 0.3405 0.3405 0.3405 0.3255 0.3255 0.333 0.333 0.3005 0.3005 0.3005 0.2845 0.2845 0.3285 0.3285 0.3185 0.3185 0.329 0.329 0.329 0.315 0.315 0.302 0.302 0.3095 0.3095 0.3095 0.2965 0.2965 0.2805 0.2805 0.3175 0.3175 0.3175 0.288 0.288 0.27 0.27 0.263 0.263 0.263 0.269
0.3025 0.3025 0.285 0.285 0.27 0.27 0.274 0.274 0.274 0.2805 0.2805 0.283 0.283 0.282 0.282 0.291 0.291 0.291 0.309 0.309 0.2905 0.2905 0.282 0.282 0.282 0.286 0.286 0.2875 0.2875 0.283 0.283 0.283 0.2735 0.2735 0.2875 0.2875 0.297 0.297 0.297 0.2695 0.2695 0.2795 0.2795 0.2885 0.2885 0.2885 0.283 0.283 0.3085 0.3085 0.2935 0.2935 0.3265 0.3265 0.3265 0.338 0.338 0.333 0.333 0.3155 0.3155 0.3155 0.305 0.305 0.301 0.301 0.293 0.293 0.293 0.33 0.33 0.373 0.373 0.3005 0.3005 0.3005 0.279
0.3025 0.3025 0.285 0.285 0.27 0.27 0.274 0.274 0.274 0.2805 0.2805 0.283 0.283 0.282 0.282 0.291 0.291 0.291 0.309 0.309 0.2905 0.2905 0.282 0.282 0.282 0.286 0.286 0.2875 0.2875 0.283 0.283 0.283 0.2735 0.2735 0.2875 0.2875 0.297 0.297 0.297 0.2695 0.2695 0.2795 0.2795 0.2885 0.2885 0.2885 0.283 0.283 0.3085 0.3085 0.2935 0.2935 0.3265 0.3265 0.3265 0.338 0.338 0.333 0.333 0.3155 0.3155 0.3155 0.305 0.305 0.301 0.301 0.293 0.293 0.293 0.33 0.33 0.373 0.373 0.3005 0.3005 0.3005 0.279
0.3025 0.3025 0.285 0.285 0.27 0.27 0.274 0.274 0.274 0.2805 0.2805 0.283 0.283 0.282 0.282 0.291 0.291 0.291 0.309 0.309 0.2905 0.2905 0.282 0.282 0.282 0.286 0.286 0.2875 0.2875 0.283 0.283 0.283 0.2735 0.2735 0.2875 0.2875 0.297 0.297 0.297 0.2695 0.2695 0.2795 0.2795 0.2885 0.2885 0.2885 0.283 0.283 0.3085 0.3085 0.2935 0.2935 0.3265 0.3265 0.3265 0.338 0.338 0.333 0.333 0.3155 0.3155 0.3155 0.305 0.305 0.301 0.301 0.293 0.293 0.293 0.33 0.33 0.373 0.373 0.3005 0.3005 0.3005 0.279
0.3065 0.3065 0.323 0.323 0.315 0.315 0.311 0.311 0.311 0.3035 0.3035 0.3025 0.3025 0.287 0.287 0.2995 0.2995 0.2995 0.301 0.301 0.2955 0.2955 0.289 0.289 0.289 0.3105 0.3105 0.2945 0.2945 0.305 0.305 0.305 0.283 0.283 0.2875 0.2875 0.2955 0.2955 0.2955 0.3055 0.3055 0.3165 0.3165 0.304 0.304 0.304 0.3155 0.3155 0.3165 0.3165 0.3195 0.3195 0.314 0.314 0.314 0.322 0.322 0.3305 0.3305 0.3085 0.3085 0.3085 0.283 0.283 0.286 0.286 0.292 0.292 0.292 0.2865 0.2865 0.3205 0.3205 0.3105 0.3105 0.3105 0.317
0.3065 0.3065 0.323 0.323 0.315 0.315 0.311 0.311 0.311 0.3035 0.3035 0.3025 0.3025 0.287 0.287 0.2995 0.2995 0.2995 0.301 0.301 0.2955 0.2955 0.289 0.289 0.289 0.3105 0.3105 0.2945 0.2945 0.305 0.305 0.305 0.283 0.283 0.2875 0.2875 0.2955 0.2955 0.2955 0.3055 0.3055 0.3165 0.3165 0.304 0.304 0.304 0.3155 0.3155 0.3165 0.3165 0.3195 0.3195 0.314 0.314 0.314 0.322 0.322 0.3305 0.3305 0.3085 0.3085 0.3085 0.283 0.283 0.286 0.286 0.292 0.292 0.292 0.2865 0.2865 0.3205 0.3205 0.3105 0.3105 0.3105 0.317
0.3155 0.3155 0.2985 0.2985 0.264 0.264 0.295 0.295 0.295 0.2795 0.2795 0.293 0.293 0.2955 0.2955 0.302 0.302 0.302 0.3255 0.3255 0.2965 0.2965 0.308 0.308 0.308 0.333 0.333 0.2965 0.2965 0.302 0.302 0.302 0.3075 0.3075 0.2875 0.2875 0.3275 0.3275 0.3275 0.3065 0.3065 0.3115 0.3115 0.3135 0.3135 0.3135 0.2935 0.2935 0.3 0.3 0.324 0.324 0.315 0.315 0.315 0.3015 0.3015 0.31 0.31 0.3045 0.3045 0.3045 0.297 0.297 0.2835 0.2835 0.306 0.306 0.306 0.31 0.31 0.3095 0.3095 0.3185 0.3185 0.3185 0.2715
0.3155 0.3155 0.2985 0.2985 0.264 0.264 0.295 0.295 0.295 0.2795 0.2795 0.293 0.293 0.2955 0.2955 0.302 0.302 0.302 0.3255 0.3255 0.2965 0.2965 0.308 0.308 0.308 0.333 0.333 0.2965 0.2965 0.302 0.302 0.302 0.3075 0.3075 0.2875 0.2875 0.3275 0.3275 0.3275 0.3065 0.3065 0.3115 0.3115 0.3135 0.3135 0.3135 0.2935 0.2935 0.3 0.3 0.324 0.324 0.315 0.315 0.315 0.3015 0.3015 0.31 0.31 0.3045 0.3045 0.3045 0.297 0.297 0.2835 0.2835 0.306 0.306 0.306 0.31 0.31 0.3095 0.3095 0.3185 0.3185 0.3185 0.2715
0.283 0.283 0.2725 0.2725 0.2675 0.2675 0.283 0.283 0.283 0.2955 0.2955 0.3175 0.3175 0.33 0.33 0.307 0.307 0.307 0.3155 0.3155 0.3025 0.3025 0.3 0.3 0.3 0.286 0.286 0.292 0.292 0.305 0.305 0.305 0.305 0.305 0.2895 0.2895 0.294 0.294 0.294 0.3155 0.3155 0.308 0.308 0.3275 0.3275 0.3275 0.2945 0.2945 0.2995 0.2995 0.304 0.304 0.332 0.332 0.332 0.2995 0.2995 0.2925 0.2925 0.3135 0.3135 0.3135 0.326 0.326 0.3 0.3 0.3265 0.3265 0.3265 0.316 0.316 0.292 0.292 0.351 0.351 0.351 0.2905
0.283 0.283 0.2725 0.2725 0.2675 0.2675 0.283 0.283 0.283 0.2955 0.2955 0.3175 0.3175 0.33 0.33 0.307 0.307 0.307 0.3155 0.3155 0.3025 0.3025 0.3 0.3 0.3 0.286 0.286 0.292 0.292 0.305 0.305 0.305 0.305 0.305 0.2895 0.2895 0.294 0.294 0.294 0.3155 0.3155 0.308 0.308 0.3275 0.3275 0.3275 0.2945 0.2945 0.2995 0.2995 0.304 0.304 0.332 0.332 0.332 0.2995 0.2995 0.2925 0.2925 0.3135 0.3135 0.3135 0.326 0.326 0.3 0.3 0.3265 0.3265 0.3265 0.316 0.316 0.292 0.292 0.351 0.351 0.351 0.2905
0.283 0.283 0.2725 0.2725 0.2675 0.2675 0.283 0.283 0.283 0.2955 0.2955 0.3175 0.3175 0.33 0.33 0.307 0.307 0.307 0.3155 0.3155 0.3025 0.3025 0.3 0.3 0.3 0.286 0.286 0.292 0.292 0.305 0.305 0.305 0.305 0.305 0.2895 0.2895 0.294 0.294 0.294 0.3155 0.3155 0.308 0.308 0.3275 0.3275 0.3275 0.2945 0.2945 0.2995 0.2995 0.304 0.304 0.332 0.332 0.332 0.2995 0.2995 0.2925 0.2925 0.3135 0.3135 0.3135 0.326 0.326 0.3 0.3 0.3265 0.3265 0.3265 0.316 0.316 0.292 0.292 0.351 0.351 0.351 0.2905
0.266 0.266 0.2645 0.2645 0.267 0.267 0.2695 0.2695 0.2695 0.326 0.326 0.308 0.308 0.2995 0.2995 0.3245 0.3245 0.3245 0.3055 0.3055 0.3285 0.3285 0.318 0.318 0.318 0.319 0.319 0.281 0.281 0.2965 0.2965 0.2965 0.301 0.301 0.3205 0.3205 0.3035 0.3035 0.3035 0.3155 0.3155 0.31 0.31 0.322 0.322 0.322 0.2975 0.2975 0.3005 0.3005 0.3075 0.3075 0.314 0.314 0.314 0.284 0.284 0.2865 0.2865 0.297 0.297 0.297 0.3205 0.3205 0.318 0.318 0.3195 0.3195 0.3195 0.308 0.308 0.2805 0.2805 0.313 0.313 0.313 0.2925
0.266 0.266 0.2645 0.2645 0.267 0.267 0.2695 0.2695 0.2695 0.326 0.326 0.308 0.308 0.2995 0.2995 0.3245 0.3245 0.3245 0.3055 0.3055 0.3285 0.3285 0.318 0.318 0.318 0.319 0.319 0.281 0.281 0.2965 0.2965 0.2965 0.301 0.301 0.3205 0.3205 0.3035 0.3035 0.3035 0.3155 0.3155 0.31 0.31 0.322 0.322 0.322 0.2975 0.2975 0.3005 0.3005 0.3075 0.3075 0.314 0.314 0.314 0.284 0.284 0.2865 0.2865 0.297 0.297 0.297 0.3205 0.3205 0.318 0.318 0.3195 0.3195 0.3195 0.308 0.308 0.2805 0.2805 0.313 0.313 0.313 0.2925
0.2775 0.2775 0.2605 0.2605 0.261 0.261 0.265 0.265 0.265 0.3005 0.3005 0.276 0.276 0.2845 0.2845 0.3225 0.3225 0.3225 0.32 0.32 0.313 0.313 0.298 0.298 0.298 0.312 0.312 0.2895 0.2895 0.3165 0.3165 0.3165 0.2985 0.2985 0.306 0.306 0.3115 0.3115 0.3115 0.322 0.322 0.302 0.302 0.3215 0.3215 0.3215 0.332 0.332 0.315 0.315 0.3385 0.3385 0.324 0.324 0.324 0.334 0.334 0.356 0.356 0.352 0.352 0.352 0.35 0.35 0.3605 0.3605 0.3365 0.3365 0.3365 0.298 0.298 0.297 0.297 0.307 0.307 0.307 0.301
0.2775 0.2775 0.2605 0.2605 0.261 0.261 0.265 0.265 0.265 0.3005 0.3005 0.276 0.276 0.2845 0.2845 0.3225 0.3225 0.3225 0.32 0.32 0.313 0.313 0.298 0.298 0.298 0.312 0.312 0.2895 0.2895 0.3165 0.3165 0.3165 0.2985 0.2985 0.306 0.306 0.3115 0.3115 0.3115 0.322 0.322 0.302 0.302 0.3215 0.3215 0.3215 0.332 0.332 0.315 0.315 0.3385 0.3385 0.324 0.324 0.324 0.334 0.334 0.356 0.356 0.352 0.352 0.352 0.35 0.35 0.3605 0.3605 0.3365 0.3365 0.3365 0.298 0.298 0.297 0.297 0.307 0.307 0.307 0.301
0.3 0.3 0.289 0.289 0.2885 0.2885 0.283 0.283 0.283 0.2715 0.2715 0.2935 0.2935 0.2995 0.2995 0.3055 0.3055 0.3055 0.2895 0.2895 0.2955 0.2955 0.308 0.308 0.308 0.295 0.295 0.2965 0.2965 0.3145 0.3145 0.3145 0.3095 0.3095 0.317 0.317 0.322 0.322 0.322 0.3085 0.3085 0.3145 0.3145 0.307 0.307 0.307 0.2955 0.2955 0.3145 0.3145 0.3425 0.3425 0.325 0.325 0.325 0.3645 0.3645 0.361 0.361 0.384 0.384 0.384 0.382 0.382 0.346 0.346 0.31 0.31 0.31 0.328 0.328 0.3075 0.3075 0.315 0.315 0.315 0.3255
0.3 0.3 0.289 0.289 0.2885 0.2885 0.283 0.283 0.283 0.2715 0.2715 0.2935 0.2935 0.2995 0.2995 0.3055 0.3055 0.3055 0.2895 0.2895 0.2955 0.2955 0.308 0.308 0.308 0.295 0.295 0.2965 0.2965 0.3145 0.3145 0.3145 0.3095 0.3095 0.317 0.317 0.322 0.322 0.322 0.3085 0.3085 0.3145 0.3145 0.307 0.307 0.307 0.2955 0.2955 0.3145 0.3145 0.3425 0.3425 0.325 0.325 0.325 0.3645 0.3645 0.361 0.361 0.384 0.384 0.384 0.382 0.382 0.346 0.346 0.31 0.31 0.31 0.328 0.328 0.3075 0.3075 0.315 0.315 0.315 0.3255
0.2985 0.2985 0.329 0.329 0.2925 0.2925 0.2915 0.2915 0.2915 0.2945 0.2945 0.305 0.305 0.3035 0.3035 0.3075 0.3075 0.3075 0.324 0.324 0.306 0.306 0.2945 0.2945 0.2945 0.275 0.275 0.313 0.313 0.3085 0.3085 0.3085 0.329 0.329 0.3155 0.3155 0.303 0.303 0.303 0.317 0.317 0.307 0.307 0.304 0.304 0.304 0.328 0.328 0.321 0.321 0.32 0.32 0.3275 0.3275 0.3275 0.3305 0.3305 0.3875 0.3875 0.337 0.337 0.337 0.339 0.339 0.3625 0.3625 0.3635 0.3635 0.3635 0.3285 0.3285 0.313 0.313 0.3165 0.3165 0.3165 0.33
0.2985 0.2985 0.329 0.329 0.2925 0.2925 0.2915 0.2915 0.2915 0.2945 0.2945 0.305 0.305 0.3035 0.3035 0.3075 0.3075 0.3075 0.324 0.324 0.306 0.306 0.2945 0.2945 0.2945 0.275 0.275 0.313 0.313 0.3085 0.3085 0.3085 0.329 0.329 0.3155 0.3155 0.303 0.303 0.303 0.317 0.317 0.307 0.307 0.304 0.304 0.304 0.328 0.328 0.321 0.321 0.32 0.32 0.3275 0.3275 0.3275 0.3305 0.3305 0.3875 0.3875 0.337 0.337 0.337 0.339 0.339 0.3625 0.3625 0.3635 0.3635 0.3635 0.3285 0.3285 0.313 0.313 0.3165 0.3165 0.3165 0.33
0.2985 0.2985 0.329 0.329 0.2925 0.2925 0.2915 0.2915 0.2915 0.2945 0.2945 0.305 0.305 0.3035 0.3035 0.3075 0.3075 0.3075 0.324 0.324 0.306 0.306 0.2945 0.2945 0.2945 0.275 0.275 0.313 0.313 0.3085 0.3085 0.3085 0.329 0.329 0.3155 0.3155 0.303 0.303 0.303 0.317 0.317 0.307 0.307 0.304 0.304 0.304 0.328 0.328 0.321 0.321 0.32 0.32 0.3275 0.3275 0.3275 0.3305 0.3305 0.3875 0.3875 0.337 0.337 0.337 0.339 0.339 0.3625 0.3625 0.3635 0.3635 0.3635 0.3285 0.3285 0.313 0.313 0.3165 0.3165 0.3165 0.33
0.308 0.308 0.334 0.334 0.3335 0.3335 0.303 0.303 0.303 0.31 0.31 0.295 0.295 0.2895 0.2895 0.2925 0.2925 0.2925 0.281 0.281 0.3095 0.3095 0.295 0.295 0.295 0.299 0.299 0.314 0.314 0.3175 0.3175 0.3175 0.3115 0.3115 0.2915 0.2915 0.3065 0.3065 0.3065 0.322 0.322 0.3145 0.3145 0.328 0.328 0.328 0.32 0.32 0.343 0.343 0.342 0.342 0.3405 0.3405 0.3405 0.371 0.371 0.3625 0.3625 0.3575 0.3575 0.3575 0.3565 0.3565 0.3245 0.3245 0.38 0.38 0.38 0.343 0.343 0.33 0.33 0.32 0.32 0.32 0.321
0.308 0.308 0.334 0.334 0.3335 0.3335 0.303 0.303 0.303 0.31 0.31 0.295 0.295 0.2895 0.2895 0.2925 0.2925 0.2925 0.281 0.281 0.3095 0.3095 0.295 0.295 0.295 0.299 0.299 0.314 0.314 0.3175 0.3175 0.3175 0.3115 0.3115 0.2915 0.2915 0.3065 0.3065 0.3065 0.322 0.322 0.3145 0.3145 0.328 0.328 0.328 0.32 0.32 0.343 0.343 0.342 0.342 0.3405 0.3405 0.3405 0.371 0.371 0.3625 0.3625 0.3575 0.3575 0.3575 0.3565 0.3565 0.3245 0.3245 0.38 0.38 0.38 0.343 0.343 0.33 0.33 0.32 0.32 0.32 0.321
0.323 0.323 0.349 0.349 0.327 0.327 0.31 0.31 0.31 0.3225 0.3225 0.3005 0.3005 0.322 0.322 0.3215 0.3215 0.3215 0.324 0.324 0.3285 0.3285 0.33 0.33 0.33 0.3195 0.3195 0.346 0.346 0.3095 0.3095 0.3095 0.3095 0.3095 0.3195 0.3195 0.337 0.337 0.337 0.3055 0.3055 0.3395 0.3395 0.321 0.321 0.321 0.3255 0.3255 0.326 0.326 0.36 0.36 0.316 0.316 0.316 0.3595 0.3595 0.34 0.34 0.351 0.351 0.351 0.3295 0.3295 0.297 0.297 0.303 0.303 0.303 0.3465 0.3465 0.3535 0.3535 0.358 0.358 0.358 0.337
0.323 0.323 0.349 0.349 0.327 0.327 0.31 0.31 0.31 0.3225 0.3225 0.3005 0.3005 0.322 0.322 0.3215 0.3215 0.3215 0.324 0.324 0.3285 0.3285 0.33 0.33 0.33 0.3195 0.3195 0.346 0.346 0.3095 0.3095 0.3095 0.3095 0.3095 0.3195 0.3195 0.337 0.337 0.337 0.3055 0.3055 0.3395 0.3395 0.321 0.321 0.321 0.3255 0.3255 0.326 0.326 0.36 0.36 0.316 0.316 0.316 0.3595 0.3595 0.34 0.34 0.351 0.351 0.351 0.3295 0.3295 0.297 0.297 0.303 0.303 0.303 0.3465 0.3465 0.3535 0.3535 0.358 0.358 0.358 0.337
0.3175 0.3175 0.311 0.311 0.3235 0.3235 0.2895 0.2895 0.2895 0.2865 0.2865 0.314 0.314 0.3235 0.3235 0.317 0.317 0.317 0.34 0.34 0.3315 0.3315 0.382 0.382 0.382 0.3425 0.3425 0.327 0.327 0.293 0.293 0.293 0.3015 0.3015 0.3355 0.3355 0.317 0.317 0.317 0.323 0.323 0.334 0.334 0.353 0.353 0.353 0.3635 0.3635 0.3405 0.3405 0.349 0.349 0.328 0.328 0.328 0.3535 0.3535 0.338 0.338 0.34 0.34 0.34 0.3635 0.3635 0.3655 0.3655 0.357 0.357 0.357 0.336 0.336 0.3345 0.3345 0.336 0.336 0.336 0.34
0.3175 0.3175 0.311 0.311 0.3235 0.3235 0.2895 0.2895 0.2895 0.2865 0.2865 0.314 0.314 0.3235 0.3235 0.317 0.317 0.317 0.34 0.34 0.3315 0.3315 0.382 0.382 0.382 0.3425 0.3425 0.327 0.327 0.293 0.293 0.293 0.3015 0.3015 0.3355 0.3355 0.317 0.317 0.317 0.323 0.323 0.334 0.334 0.353 0.353 0.353 0.3635 0.3635 0.3405 0.3405 0.349 0.349 0.328 0.328 0.328 0.3535 0.3535 0.338 0.338 0.34 0.34 0.34 0.3635 0.3635 0.3655 0.3655 0.357 0.357 0.357 0.336 0.336 0.3345 0.3345 0.336 0.336 0.336 0.34
0.3175 0.3175 0.311 0.311 0.3235 0.3235 0.2895 0.2895 0.2895 0.2865 0.2865 0.314 0.314 0.3235 0.3235 0.317 0.317 0.317 0.34 0.34 0.3315 0.3315 0.382 0.382 0.382 0.3425 0.3425 0.327 0.327 0.293 0.293 0.293 0.3015 0.3015 0.3355 0.3355 0.317 0.317 0.317 0.323 0.323 0.334 0.334 0.353 0.353 0.353 0.3635 0.3635 0.3405 0.3405 0.349 0.349 0.328 0.328 0.328 0.3535 0.3535 0.338 0.338 0.34 0.34 0.34 0.3635 0.3635 0.3655 0.3655 0.357 0.357 0.357 0.336 0.336 0.3345 0.3345 0.336 0.336 0.336 0.34
0.324 0.324 0.3075 0.3075 0.347 0.347 0.3305 0.3305 0.3305 0.3065 0.3065 0.2815 0.2815 0.3225 0.3225 0.316 0.316 0.316 0.327 0.327 0.3085 0.3085 0.311 0.311 0.311 0.3355 0.3355 0.3155 0.3155 0.332 0.332 0.332 0.3165 0.3165 0.315 0.315 0.314 0.314 0.314 0.3285 0.3285 0.3555 0.3555 0.3255 0.3255 0.3255 0.3395 0.3395 0.342 0.342 0.3265 0.3265 0.3415 0.3415 0.3415 0.341 0.341 0.3565 0.3565 0.365 0.365 0.365 0.383 0.383 0.378 0.378 0.3435 0.3435 0.3435 0.367 0.367 0.337 0.337 0.31 0.31 0.31 0.335
0.324 0.324 0.3075 0.3075 0.347 0.347 0.3305 0.3305 0.3305 0.3065 0.3065 0.2815 0.2815 0.3225 0.3225 0.316 0.316 0.316 0.327 0.327 0.3085 0.3085 0.311 0.311 0.311 0.3355 0.3355 0.3155 0.3155 0.332 0.332 0.332 0.3165 0.3165 0.315 0.315 0.314 0.314 0.314 0.3285 0.3285 0.3555 0.3555 0.3255 0.3255 0.3255 0.3395 0.3395 0.342 0.342 0.3265 0.3265 0.3415 0.3415 0.3415 0.341 0.341 0.3565 0.3565 0.365 0.365 0.365 0.383 0.383 0.378 0.378 0.3435 0.3435 0.3435 0.367 0.367 0.337 0.337 0.31 0.31 0.31 0.335
0.307 0.307 0.3265 0.3265 0.335 0.335 0.376 0.376 0.376 0.32 0.32 0.354 0.354 0.3345 0.3345 0.3275 0.3275 0.3275 0.3325 0.3325 0.3475 0.3475 0.312 0.312 0.312 0.308 0.308 0.3285 0.3285 0.322 0.322 0.322 0.332 0.332 0.3135 0.3135 0.3385 0.3385 0.3385 0.3465 0.3465 0.3375 0.3375 0.3545 0.3545 0.3545 0.3305 0.3305 0.335 0.335 0.34 0.34 0.3385 0.3385 0.3385 0.3425 0.3425 0.3795 0.3795 0.4275 0.4275 0.4275 0.4235 0.4235 0.348 0.348 0.344 0.344 0.344 0.3405 0.3405 0.3195 0.3195 0.3195 0.3195 0.3195 0.302
0.307 0.307 0.3265 0.3265 0.335 0.335 0.376 0.376 0.376 0.32 0.32 0.354 0.354 0.3345 0.3345 0.3275 0.3275 0.3275 0.3325 0.3325 0.3475 0.3475 0.312 0.312 0.312 0.308 0.308 0.3285 0.3285 0.322 0.322 0.322 0.332 0.332 0.3135 0.3135 0.3385 0.3385 0.3385 0.3465 0.3465 0.3375 0.3375 0.3545 0.3545 0.3545 0.3305 0.3305 0.335 0.335 0.34 0.34 0.3385 0.3385 0.3385 0.3425 0.3425 0.3795 0.3795 0.4275 0.4275 0.4275 0.4235 0.4235 0.348 0.348 0.344 0.344 0.344 0.3405 0.3405 0.3195 0.3195 0.3195 0.3195 0.3195 0.302
