ndvi/NOAA-273.asc
ncols         252
nrows         154
xllcorner     -18.017974
yllcorner     13.481982
cellsize      0.035948
NODATA_value  -9999
[rows 0 to 33 of 154, columns 77 to 153 of 252]
0.0745 0.0745 0.074 0.074 0.074 0.074 0.0775 0.0775 0.0775 0.07449999 0.07449999 0.066 0.066 0.0735 0.0735 0.082 0.082 0.082 0.0755 0.0755 0.075 0.075 0.07 0.07 0.07 0.072 0.072 0.07449999 0.07449999 0.0715 0.0715 0.0715 0.07250001 0.07250001 0.0705 0.0705 0.061 0.061 0.061 0.063 0.063 0.0585 0.0585 0.0635 0.0635 0.0635 0.0521 0.0521 0.0505 0.0505 0.0695 0.0695 0.075 0.075 0.075 0.07 0.07 0.079 0.079 0.083 0.083 0.083 0.088 0.088 0.088 0.088 0.088 0.088 0.088 0.0765 0.0765 0.0715 0.0715 0.079 0.079 0.079 0.0625
0.0745 0.0745 0.074 0.074 0.074 0.074 0.0775 0.0775 0.0775 0.07449999 0.07449999 0.066 0.066 0.0735 0.0735 0.082 0.082 0.082 0.0755 0.0755 0.075 0.075 0.07 0.07 0.07 0.072 0.072 0.07449999 0.07449999 0.0715 0.0715 0.0715 0.07250001 0.07250001 0.0705 0.0705 0.061 0.061 0.061 0.063 0.063 0.0585 0.0585 0.0635 0.0635 0.0635 0.0521 0.0521 0.0505 0.0505 0.0695 0.0695 0.075 0.075 0.075 0.07 0.07 0.079 0.079 0.083 0.083 0.083 0.088 0.088 0.088 0.088 0.088 0.088 0.088 0.0765 0.0765 0.0715 0.0715 0.079 0.079 0.079 0.0625
0.075 0.075 0.0775 0.0775 0.0755 0.0755 0.075 0.075 0.075 0.072 0.072 0.0755 0.0755 0.081 0.081 0.0835 0.0835 0.0835 0.0815 0.0815 0.073 0.073 0.07 0.07 0.07 0.0785 0.0785 0.0785 0.0785 0.069 0.069 0.069 0.06550001 0.06550001 0.0675 0.0675 0.062 0.062 0.062 0.0565 0.0565 0.055 0.055 0.07250001 0.07250001 0.07250001 0.072 0.072 0.0795 0.0795 0.082 0.082 0.08750001 0.08750001 0.08750001 0.0925 0.0925 0.0925 0.0925 0.0895 0.0895 0.0895 0.0905 0.0905 0.08400001 0.08400001 0.085 0.085 0.085 0.07600001 0.07600001 0.0625 0.0625 0.07 0.07 0.07 0.0675
0.075 0.075 0.0775 0.0775 0.0755 0.0755 0.075 0.075 0.075 0.072 0.072 0.0755 0.0755 0.081 0.081 0.0835 0.0835 0.0835 0.0815 0.0815 0.073 0.073 0.07 0.07 0.07 0.0785 0.0785 0.0785 0.0785 0.069 0.069 0.069 0.06550001 0.06550001 0.0675 0.0675 0.062 0.062 0.062 0.0565 0.0565 0.055 0.055 0.07250001 0.07250001 0.07250001 0.072 0.072 0.0795 0.0795 0.082 0.082 0.08750001 0.08750001 0.08750001 0.0925 0.0925 0.0925 0.0925 0.0895 0.0895 0.0895 0.0905 0.0905 0.08400001 0.08400001 0.085 0.085 0.085 0.07600001 0.07600001 0.0625 0.0625 0.07 0.07 0.07 0.0675
0.075 0.075 0.0775 0.0775 0.0755 0.0755 0.075 0.075 0.075 0.072 0.072 0.0755 0.0755 0.081 0.081 0.0835 0.0835 0.0835 0.0815 0.0815 0.073 0.073 0.07 0.07 0.07 0.0785 0.0785 0.0785 0.0785 0.069 0.069 0.069 0.06550001 0.06550001 0.0675 0.0675 0.062 0.062 0.062 0.0565 0.0565 0.055 0.055 0.07250001 0.07250001 0.07250001 0.072 0.072 0.0795 0.0795 0.082 0.082 0.08750001 0.08750001 0.08750001 0.0925 0.0925 0.0925 0.0925 0.0895 0.0895 0.0895 0.0905 0.0905 0.08400001 0.08400001 0.085 0.085 0.085 0.07600001 0.07600001 0.0625 0.0625 0.07 0.07 0.07 0.0675
0.0795 0.0795 0.0775 0.0775 0.0765 0.0765 0.076 0.076 0.076 0.078 0.078 0.0805 0.0805 0.083 0.083 0.083 0.083 0.083 0.0785 0.0785 0.074 0.074 0.079 0.079 0.079 0.074 0.074 0.0675 0.0675 0.0555 0.0555 0.0555 0.053 0.053 0.066 0.066 0.0665 0.0665 0.0665 0.0675 0.0675 0.0575 0.0575 0.082 0.082 0.082 0.0795 0.0795 0.0875 0.0875 0.093 0.093 0.092 0.092 0.092 0.0885 0.0885 0.0885 0.0885 0.0885 0.0885 0.0885 0.085 0.085 0.0985 0.0985 0.0895 0.0895 0.0895 0.0865 0.0865 0.086 0.086 0.0765 0.0765 0.0765 0.08400001
0.0795 0.0795 0.0775 0.0775 0.0765 0.0765 0.076 0.076 0.076 0.078 0.078 0.0805 0.0805 0.083 0.083 0.083 0.083 0.083 0.0785 0.0785 0.074 0.074 0.079 0.079 0.079 0.074 0.074 0.0675 0.0675 0.0555 0.0555 0.0555 0.053 0.053 0.066 0.066 0.0665 0.0665 0.0665 0.0675 0.0675 0.0575 0.0575 0.082 0.082 0.082 0.0795 0.0795 0.0875 0.0875 0.093 0.093 0.092 0.092 0.092 0.0885 0.0885 0.0885 0.0885 0.0885 0.0885 0.0885 0.085 0.085 0.0985 0.0985 0.0895 0.0895 0.0895 0.0865 0.0865 0.086 0.086 0.0765 0.0765 0.0765 0.08400001
0.07700001 0.07700001 0.07250001 0.07250001 0.07099999 0.07099999 0.0805 0.0805 0.0805 0.081 0.081 0.0805 0.0805 0.08050001 0.08050001 0.0825 0.0825 0.0825 0.0825 0.0825 0.08400001 0.08400001 0.0785 0.0785 0.0785 0.0556 0.0556 0.056 0.056 0.0521 0.0521 0.0521 0.074 0.074 0.0745 0.0745 0.074 0.074 0.074 0.0745 0.0745 0.0735 0.0735 0.0925 0.0925 0.0925 0.0955 0.0955 0.0925 0.0925 0.0885 0.0885 0.096 0.096 0.096 0.098 0.098 0.092 0.092 0.092 0.092 0.092 0.092 0.092 0.089 0.089 0.09 0.09 0.09 0.093 0.093 0.0925 0.0925 0.0855 0.0855 0.0855 0.0815
0.07700001 0.07700001 0.07250001 0.07250001 0.07099999 0.07099999 0.0805 0.0805 0.0805 0.081 0.081 0.0805 0.0805 0.08050001 0.08050001 0.0825 0.0825 0.0825 0.0825 0.0825 0.08400001 0.08400001 0.0785 0.0785 0.0785 0.0556 0.0556 0.056 0.056 0.0521 0.0521 0.0521 0.074 0.074 0.0745 0.0745 0.074 0.074 0.074 0.0745 0.0745 0.0735 0.0735 0.0925 0.0925 0.0925 0.0955 0.0955 0.0925 0.0925 0.0885 0.0885 0.096 0.096 0.096 0.098 0.098 0.092 0.092 0.092 0.092 0.092 0.092 0.092 0.089 0.089 0.09 0.09 0.09 0.093 0.093 0.0925 0.0925 0.0855 0.0855 0.0855 0.0815
0.075 0.075 0.086 0.086 0.0795 0.0795 0.0825 0.0825 0.0825 0.079 0.079 0.082 0.082 0.0805 0.0805 0.077 0.077 0.077 0.0665 0.0665 0.074 0.074 0.083 0.083 0.083 0.087 0.087 0.0835 0.0835 0.0855 0.0855 0.0855 0.089 0.089 0.0895 0.0895 0.0845 0.0845 0.0845 0.0755 0.0755 0.0785 0.0785 0.104 0.104 0.104 0.103 0.103 0.093 0.093 0.1005 0.1005 0.099 0.099 0.099 0.0985 0.0985 0.0975 0.0975 0.0905 0.0905 0.0905 0.091 0.091 0.092 0.092 0.09 0.09 0.09 0.095 0.095 0.09 0.09 0.0885 0.0885 0.0885 0.088
0.075 0.075 0.086 0.086 0.0795 0.0795 0.0825 0.0825 0.0825 0.079 0.079 0.082 0.082 0.0805 0.0805 0.077 0.077 0.077 0.0665 0.0665 0.074 0.074 0.083 0.083 0.083 0.087 0.087 0.0835 0.0835 0.0855 0.0855 0.0855 0.089 0.089 0.0895 0.0895 0.0845 0.0845 0.0845 0.0755 0.0755 0.0785 0.0785 0.104 0.104 0.104 0.103 0.103 0.093 0.093 0.1005 0.1005 0.099 0.099 0.099 0.0985 0.0985 0.0975 0.0975 0.0905 0.0905 0.0905 0.091 0.091 0.092 0.092 0.09 0.09 0.09 0.095 0.095 0.09 0.09 0.0885 0.0885 0.0885 0.088
0.0885 0.0885 0.0845 0.0845 0.0845 0.0845 0.084 0.084 0.084 0.083 0.083 0.085 0.085 0.087 0.087 0.0865 0.0865 0.0865 0.089 0.089 0.0855 0.0855 0.086 0.086 0.086 0.0885 0.0885 0.0915 0.0915 0.09 0.09 0.09 0.0935 0.0935 0.092 0.092 0.0885 0.0885 0.0885 0.092 0.092 0.0975 0.0975 0.091 0.091 0.091 0.094 0.094 0.0965 0.0965 0.09999999 0.09999999 0.1085 0.1085 0.1085 0.097 0.097 0.1015 0.1015 0.09900001 0.09900001 0.09900001 0.101 0.101 0.092 0.092 0.089 0.089 0.089 0.093 0.093 0.0925 0.0925 0.09550001 0.09550001 0.09550001 0.096
0.0885 0.0885 0.0845 0.0845 0.0845 0.0845 0.084 0.084 0.084 0.083 0.083 0.085 0.085 0.087 0.087 0.0865 0.0865 0.0865 0.089 0.089 0.0855 0.0855 0.086 0.086 0.086 0.0885 0.0885 0.0915 0.0915 0.09 0.09 0.09 0.0935 0.0935 0.092 0.092 0.0885 0.0885 0.0885 0.092 0.092 0.0975 0.0975 0.091 0.091 0.091 0.094 0.094 0.0965 0.0965 0.09999999 0.09999999 0.1085 0.1085 0.1085 0.097 0.097 0.1015 0.1015 0.09900001 0.09900001 0.09900001 0.101 0.101 0.092 0.092 0.089 0.089 0.089 0.093 0.093 0.0925 0.0925 0.09550001 0.09550001 0.09550001 0.096
0.0885 0.0885 0.0845 0.0845 0.0845 0.0845 0.084 0.084 0.084 0.083 0.083 0.085 0.085 0.087 0.087 0.0865 0.0865 0.0865 0.089 0.089 0.0855 0.0855 0.086 0.086 0.086 0.0885 0.0885 0.0915 0.0915 0.09 0.09 0.09 0.0935 0.0935 0.092 0.092 0.0885 0.0885 0.0885 0.092 0.092 0.0975 0.0975 0.091 0.091 0.091 0.094 0.094 0.0965 0.0965 0.09999999 0.09999999 0.1085 0.1085 0.1085 0.097 0.097 0.1015 0.1015 0.09900001 0.09900001 0.09900001 0.101 0.101 0.092 0.092 0.089 0.089 0.089 0.093 0.093 0.0925 0.0925 0.09550001 0.09550001 0.09550001 0.096
0.09 0.09 0.09100001 0.09100001 0.0865 0.0865 0.0835 0.0835 0.0835 0.082 0.082 0.084 0.084 0.0925 0.0925 0.0915 0.0915 0.0915 0.09299999 0.09299999 0.089 0.089 0.0875 0.0875 0.0875 0.0905 0.0905 0.087 0.087 0.087 0.087 0.087 0.0865 0.0865 0.0865 0.0865 0.085 0.085 0.085 0.093 0.093 0.0955 0.0955 0.0955 0.0955 0.0955 0.09900001 0.09900001 0.102 0.102 0.1015 0.1015 0.1015 0.1015 0.1015 0.1025 0.1025 0.1015 0.1015 0.0995 0.0995 0.0995 0.101 0.101 0.104 0.104 0.0955 0.0955 0.0955 0.0895 0.0895 0.0895 0.0895 0.0985 0.0985 0.0985 0.087
0.09 0.09 0.09100001 0.09100001 0.0865 0.0865 0.0835 0.0835 0.0835 0.082 0.082 0.084 0.084 0.0925 0.0925 0.0915 0.0915 0.0915 0.09299999 0.09299999 0.089 0.089 0.0875 0.0875 0.0875 0.0905 0.0905 0.087 0.087 0.087 0.087 0.087 0.0865 0.0865 0.0865 0.0865 0.085 0.085 0.085 0.093 0.093 0.0955 0.0955 0.0955 0.0955 0.0955 0.09900001 0.09900001 0.102 0.102 0.1015 0.1015 0.1015 0.1015 0.1015 0.1025 0.1025 0.1015 0.1015 0.0995 0.0995 0.0995 0.101 0.101 0.104 0.104 0.0955 0.0955 0.0955 0.0895 0.0895 0.0895 0.0895 0.0985 0.0985 0.0985 0.087
0.087 0.087 0.0895 0.0895 0.085 0.085 0.086 0.086 0.086 0.0845 0.0845 0.08750001 0.08750001 0.101 0.101 0.097 0.097 0.097 0.091 0.091 0.088 0.088 0.0875 0.0875 0.0875 0.089 0.089 0.09 0.09 0.08849999 0.08849999 0.08849999 0.0855 0.0855 0.0835 0.0835 0.086 0.086 0.086 0.091 0.091 0.09 0.09 0.09550001 0.09550001 0.09550001 0.106 0.106 0.0955 0.0955 0.093 0.093 0.1 0.1 0.1 0.1025 0.1025 0.117 0.117 0.109 0.109 0.109 0.1005 0.1005 0.087 0.087 0.096 0.096 0.096 0.0835 0.0835 0.096 0.096 0.09 0.09 0.09 0.098
0.087 0.087 0.0895 0.0895 0.085 0.085 0.086 0.086 0.086 0.0845 0.0845 0.08750001 0.08750001 0.101 0.101 0.097 0.097 0.097 0.091 0.091 0.088 0.088 0.0875 0.0875 0.0875 0.089 0.089 0.09 0.09 0.08849999 0.08849999 0.08849999 0.0855 0.0855 0.0835 0.0835 0.086 0.086 0.086 0.091 0.091 0.09 0.09 0.09550001 0.09550001 0.09550001 0.106 0.106 0.0955 0.0955 0.093 0.093 0.1 0.1 0.1 0.1025 0.1025 0.117 0.117 0.109 0.109 0.109 0.1005 0.1005 0.087 0.087 0.096 0.096 0.096 0.0835 0.0835 0.096 0.096 0.09 0.09 0.09 0.098
0.09 0.09 0.0935 0.0935 0.0885 0.0885 0.0865 0.0865 0.0865 0.0925 0.0925 0.093 0.093 0.09450001 0.09450001 0.089 0.089 0.089 0.0885 0.0885 0.092 0.092 0.083 0.083 0.083 0.0865 0.0865 0.0935 0.0935 0.102 0.102 0.102 0.101 0.101 0.0905 0.0905 0.08849999 0.08849999 0.08849999 0.0965 0.0965 0.09649999 0.09649999 0.1045 0.1045 0.1045 0.1065 0.1065 0.1015 0.1015 0.094 0.094 0.0985 0.0985 0.0985 0.0935 0.0935 0.1085 0.1085 0.1175 0.1175 0.1175 0.109 0.109 0.1075 0.1075 0.105 0.105 0.105 0.0985 0.0985 0.103 0.103 0.0855 0.0855 0.0855 0.0935
0.09 0.09 0.0935 0.0935 0.0885 0.0885 0.0865 0.0865 0.0865 0.0925 0.0925 0.093 0.093 0.09450001 0.09450001 0.089 0.089 0.089 0.0885 0.0885 0.092 0.092 0.083 0.083 0.083 0.0865 0.0865 0.0935 0.0935 0.102 0.102 0.102 0.101 0.101 0.0905 0.0905 0.08849999 0.08849999 0.08849999 0.0965 0.0965 0.09649999 0.09649999 0.1045 0.1045 0.1045 0.1065 0.1065 0.1015 0.1015 0.094 0.094 0.0985 0.0985 0.0985 0.0935 0.0935 0.1085 0.1085 0.1175 0.1175 0.1175 0.109 0.109 0.1075 0.1075 0.105 0.105 0.105 0.0985 0.0985 0.103 0.103 0.0855 0.0855 0.0855 0.0935
0.09 0.09 0.0935 0.0935 0.0885 0.0885 0.0865 0.0865 0.0865 0.0925 0.0925 0.093 0.093 0.09450001 0.09450001 0.089 0.089 0.089 0.0885 0.0885 0.092 0.092 0.083 0.083 0.083 0.0865 0.0865 0.0935 0.0935 0.102 0.102 0.102 0.101 0.101 0.0905 0.0905 0.08849999 0.08849999 0.08849999 0.0965 0.0965 0.09649999 0.09649999 0.1045 0.1045 0.1045 0.1065 0.1065 0.1015 0.1015 0.094 0.094 0.0985 0.0985 0.0985 0.0935 0.0935 0.1085 0.1085 0.1175 0.1175 0.1175 0.109 0.109 0.1075 0.1075 0.105 0.105 0.105 0.0985 0.0985 0.103 0.103 0.0855 0.0855 0.0855 0.0935
0.094 0.094 0.095 0.095 0.095 0.095 0.09 0.09 0.09 0.094 0.094 0.0935 0.0935 0.0955 0.0955 0.095 0.095 0.095 0.092 0.092 0.093 0.093 0.0925 0.0925 0.0925 0.0955 0.0955 0.106 0.106 0.1165 0.1165 0.1165 0.11 0.11 0.1135 0.1135 0.09999999 0.09999999 0.09999999 0.0935 0.0935 0.1035 0.1035 0.1095 0.1095 0.1095 0.103 0.103 0.1 0.1 0.1085 0.1085 0.107 0.107 0.107 0.0975 0.0975 0.1275 0.1275 0.132 0.132 0.132 0.1255 0.1255 0.1005 0.1005 0.1045 0.1045 0.1045 0.1005 0.1005 0.096 0.096 0.0905 0.0905 0.0905 0.094
0.094 0.094 0.095 0.095 0.095 0.095 0.09 0.09 0.09 0.094 0.094 0.0935 0.0935 0.0955 0.0955 0.095 0.095 0.095 0.092 0.092 0.093 0.093 0.0925 0.0925 0.0925 0.0955 0.0955 0.106 0.106 0.1165 0.1165 0.1165 0.11 0.11 0.1135 0.1135 0.09999999 0.09999999 0.09999999 0.0935 0.0935 0.1035 0.1035 0.1095 0.1095 0.1095 0.103 0.103 0.1 0.1 0.1085 0.1085 0.107 0.107 0.107 0.0975 0.0975 0.1275 0.1275 0.132 0.132 0.132 0.1255 0.1255 0.1005 0.1005 0.1045 0.1045 0.1045 0.1005 0.1005 0.096 0.096 0.0905 0.0905 0.0905 0.094
0.09450001 0.09450001 0.093 0.093 0.0995 0.0995 0.108 0.108 0.108 0.117 0.117 0.1255 0.1255 0.1305 0.1305 0.122 0.122 0.122 0.1135 0.1135 0.1125 0.1125 0.0995 0.0995 0.0995 0.1025 0.1025 0.1135 0.1135 0.1315 0.1315 0.1315 0.1155 0.1155 0.1085 0.1085 0.101 0.101 0.101 0.098 0.098 0.1065 0.1065 0.111 0.111 0.111 0.1265 0.1265 0.1085 0.1085 0.0995 0.0995 0.099 0.099 0.099 0.097 0.097 0.111 0.111 0.13 0.13 0.13 0.1275 0.1275 0.1095 0.1095 0.1145 0.1145 0.1145 0.1075 0.1075 0.1025 0.1025 0.0945 0.0945 0.0945 0.0865
0.09450001 0.09450001 0.093 0.093 0.0995 0.0995 0.108 0.108 0.108 0.117 0.117 0.1255 0.1255 0.1305 0.1305 0.122 0.122 0.122 0.1135 0.1135 0.1125 0.1125 0.0995 0.0995 0.0995 0.1025 0.1025 0.1135 0.1135 0.1315 0.1315 0.1315 0.1155 0.1155 0.1085 0.1085 0.101 0.101 0.101 0.098 0.098 0.1065 0.1065 0.111 0.111 0.111 0.1265 0.1265 0.1085 0.1085 0.0995 0.0995 0.099 0.099 0.099 0.097 0.097 0.111 0.111 0.13 0.13 0.13 0.1275 0.1275 0.1095 0.1095 0.1145 0.1145 0.1145 0.1075 0.1075 0.1025 0.1025 0.0945 0.0945 0.0945 0.0865
0.0975 0.0975 0.102 0.102 0.1055 0.1055 0.1165 0.1165 0.1165 0.133 0.133 0.1305 0.1305 0.1315 0.1315 0.128 0.128 0.128 0.116 0.116 0.1165 0.1165 0.108 0.108 0.108 0.1125 0.1125 0.11 0.11 0.1115 0.1115 0.1115 0.109 0.109 0.113 0.113 0.09450001 0.09450001 0.09450001 0.101 0.101 0.106 0.106 0.1235 0.1235 0.1235 0.1255 0.1255 0.123 0.123 0.1095 0.1095 0.109 0.109 0.109 0.1045 0.1045 0.1105 0.1105 0.1335 0.1335 0.1335 0.1375 0.1375 0.131 0.131 0.117 0.117 0.117 0.1025 0.1025 0.1105 0.1105 0.108 0.108 0.108 0.09450001
0.0975 0.0975 0.102 0.102 0.1055 0.1055 0.1165 0.1165 0.1165 0.133 0.133 0.1305 0.1305 0.1315 0.1315 0.128 0.128 0.128 0.116 0.116 0.1165 0.1165 0.108 0.108 0.108 0.1125 0.1125 0.11 0.11 0.1115 0.1115 0.1115 0.109 0.109 0.113 0.113 0.09450001 0.09450001 0.09450001 0.101 0.101 0.106 0.106 0.1235 0.1235 0.1235 0.1255 0.1255 0.123 0.123 0.1095 0.1095 0.109 0.109 0.109 0.1045 0.1045 0.1105 0.1105 0.1335 0.1335 0.1335 0.1375 0.1375 0.131 0.131 0.117 0.117 0.117 0.1025 0.1025 0.1105 0.1105 0.108 0.108 0.108 0.09450001
0.0975 0.0975 0.102 0.102 0.1055 0.1055 0.1165 0.1165 0.1165 0.133 0.133 0.1305 0.1305 0.1315 0.1315 0.128 0.128 0.128 0.116 0.116 0.1165 0.1165 0.108 0.108 0.108 0.1125 0.1125 0.11 0.11 0.1115 0.1115 0.1115 0.109 0.109 0.113 0.113 0.09450001 0.09450001 0.09450001 0.101 0.101 0.106 0.106 0.1235 0.1235 0.1235 0.1255 0.1255 0.123 0.123 0.1095 0.1095 0.109 0.109 0.109 0.1045 0.1045 0.1105 0.1105 0.1335 0.1335 0.1335 0.1375 0.1375 0.131 0.131 0.117 0.117 0.117 0.1025 0.1025 0.1105 0.1105 0.108 0.108 0.108 0.09450001
0.1095 0.1095 0.118 0.118 0.131 0.131 0.1295 0.1295 0.1295 0.1435 0.1435 0.129 0.129 0.136 0.136 0.151 0.151 0.151 0.1345 0.1345 0.124 0.124 0.1165 0.1165 0.1165 0.115 0.115 0.1135 0.1135 0.111 0.111 0.111 0.108 0.108 0.12 0.12 0.1105 0.1105 0.1105 0.1055 0.1055 0.106 0.106 0.1275 0.1275 0.1275 0.1165 0.1165 0.1155 0.1155 0.1135 0.1135 0.1015 0.1015 0.1015 0.111 0.111 0.1305 0.1305 0.1365 0.1365 0.1365 0.129 0.129 0.1165 0.1165 0.113 0.113 0.113 0.113 0.113 0.1035 0.1035 0.105 0.105 0.105 0.09
0.1095 0.1095 0.118 0.118 0.131 0.131 0.1295 0.1295 0.1295 0.1435 0.1435 0.129 0.129 0.136 0.136 0.151 0.151 0.151 0.1345 0.1345 0.124 0.124 0.1165 0.1165 0.1165 0.115 0.115 0.1135 0.1135 0.111 0.111 0.111 0.108 0.108 0.12 0.12 0.1105 0.1105 0.1105 0.1055 0.1055 0.106 0.106 0.1275 0.1275 0.1275 0.1165 0.1165 0.1155 0.1155 0.1135 0.1135 0.1015 0.1015 0.1015 0.111 0.111 0.1305 0.1305 0.1365 0.1365 0.1365 0.129 0.129 0.1165 0.1165 0.113 0.113 0.113 0.113 0.113 0.1035 0.1035 0.105 0.105 0.105 0.09
0.1345 0.1345 0.1215 0.1215 0.118 0.118 0.119 0.119 0.119 0.1245 0.1245 0.137 0.137 0.1415 0.1415 0.148 0.148 0.148 0.1465 0.1465 0.134 0.134 0.1345 0.1345 0.1345 0.131 0.131 0.127 0.127 0.1275 0.1275 0.1275 0.127 0.127 0.1225 0.1225 0.1245 0.1245 0.1245 0.1155 0.1155 0.1305 0.1305 0.1235 0.1235 0.1235 0.1365 0.1365 0.122 0.122 0.141 0.141 0.1325 0.1325 0.1325 0.131 0.131 0.1305 0.1305 0.1345 0.1345 0.1345 0.133 0.133 0.132 0.132 0.1075 0.1075 0.1075 0.1045 0.1045 0.1 0.1 0.1015 0.1015 0.1015 0.099
0.1345 0.1345 0.1215 0.1215 0.118 0.118 0.119 0.119 0.119 0.1245 0.1245 0.137 0.137 0.1415 0.1415 0.148 0.148 0.148 0.1465 0.1465 0.134 0.134 0.1345 0.1345 0.1345 0.131 0.131 0.127 0.127 0.1275 0.1275 0.1275 0.127 0.127 0.1225 0.1225 0.1245 0.1245 0.1245 0.1155 0.1155 0.1305 0.1305 0.1235 0.1235 0.1235 0.1365 0.1365 0.122 0.122 0.141 0.141 0.1325 0.1325 0.1325 0.131 0.131 0.1305 0.1305 0.1345 0.1345 0.1345 0.133 0.133 0.132 0.132 0.1075 0.1075 0.1075 0.1045 0.1045 0.1 0.1 0.1015 0.1015 0.1015 0.099
0.143 0.143 0.127 0.127 0.1215 0.1215 0.1125 0.1125 0.1125 0.1205 0.1205 0.125 0.125 0.136 0.136 0.147 0.147 0.147 0.135 0.135 0.1415 0.1415 0.155 0.155 0.155 0.1375 0.1375 0.1295 0.1295 0.138 0.138 0.138 0.137 0.137 0.135 0.135 0.126 0.126 0.126 0.1215 0.1215 0.1305 0.1305 0.156 0.156 0.156 0.1545 0.1545 0.1525 0.1525 0.1485 0.1485 0.1485 0.1485 0.1485 0.133 0.133 0.1345 0.1345 0.1115 0.1115 0.1115 0.14 0.14 0.127 0.127 0.131 0.131 0.131 0.129 0.129 0.126 0.126 0.122 0.122 0.122 0.135
0.143 0.143 0.127 0.127 0.1215 0.1215 0.1125 0.1125 0.1125 0.1205 0.1205 0.125 0.125 0.136 0.136 0.147 0.147 0.147 0.135 0.135 0.1415 0.1415 0.155 0.155 0.155 0.1375 0.1375 0.1295 0.1295 0.138 0.138 0.138 0.137 0.137 0.135 0.135 0.126 0.126 0.126 0.1215 0.1215 0.1305 0.1305 0.156 0.156 0.156 0.1545 0.1545 0.1525 0.1525 0.1485 0.1485 0.1485 0.1485 0.1485 0.133 0.133 0.1345 0.1345 0.1115 0.1115 0.1115 0.14 0.14 0.127 0.127 0.131 0.131 0.131 0.129 0.129 0.126 0.126 0.122 0.122 0.122 0.135
