ndvi/NOAA-269.asc
ncols         252
nrows         154
xllcorner     -18.017974
yllcorner     13.481982
cellsize      0.035948
NODATA_value  -9999
[rows 102 to 135 of 154, columns 0 to 76 of 252]
-1 -1 -1 -1 -1 -1 -1 -1 -1 -1 -1 -1 -1 -1 -1 -1 -1 -1 -1 -1 -1 -1 -1 -1 -1 0.0612 0.0612 0.0612 0.0825 0.0825 0.2355 0.2355 0.223 0.223 0.223 0.2195 0.2195 0.2345 0.2345 0.2366 0.2366 0.2366 0.2501 0.2501 0.2595 0.2595 0.239 0.239 0.239 0.241 0.241 0.2435 0.2435 0.263 0.263 0.2675 0.2675 0.2675 0.266 0.266 0.262 0.262 0.262 0.262 0.262 0.243 0.243 0.2455 0.2455 0.253 0.253 0.253 0.239 0.239 0.235 0.235 0.2095
-1 -1 -1 -1 -1 -1 -1 -1 -1 -1 -1 -1 -1 -1 -1 -1 -1 -1 -1 -1 -1 -1 -1 0.0027 0.0027 0.1685 0.1685 0.1685 0.2395 0.2395 0.206 0.206 0.2232 0.2232 0.2232 0.2432 0.2432 0.2632 0.2632 0.2615 0.2615 0.2615 0.2635 0.2635 0.247 0.247 0.2415 0.2415 0.2415 0.2365 0.2365 0.2395 0.2395 0.249 0.249 0.2435 0.2435 0.2435 0.2505 0.2505 0.2535 0.2535 0.2535 0.2535 0.2535 0.241 0.241 0.241 0.241 0.254 0.254 0.254 0.2445 0.2445 0.2295 0.2295 0.2335
-1 -1 -1 -1 -1 -1 -1 -1 -1 -1 -1 -1 -1 -1 -1 -1 -1 -1 -1 -1 -1 -1 -1 0.0027 0.0027 0.1685 0.1685 0.1685 0.2395 0.2395 0.206 0.206 0.2232 0.2232 0.2232 0.2432 0.2432 0.2632 0.2632 0.2615 0.2615 0.2615 0.2635 0.2635 0.247 0.247 0.2415 0.2415 0.2415 0.2365 0.2365 0.2395 0.2395 0.249 0.249 0.2435 0.2435 0.2435 0.2505 0.2505 0.2535 0.2535 0.2535 0.2535 0.2535 0.241 0.241 0.241 0.241 0.254 0.254 0.254 0.2445 0.2445 0.2295 0.2295 0.2335
-1 -1 -1 -1 -1 -1 -1 -1 -1 -1 -1 -1 -1 -1 -1 -1 -1 -1 -1 -1 -1 -1 -1 0.0027 0.0027 0.1685 0.1685 0.1685 0.2395 0.2395 0.206 0.206 0.2232 0.2232 0.2232 0.2432 0.2432 0.2632 0.2632 0.2615 0.2615 0.2615 0.2635 0.2635 0.247 0.247 0.2415 0.2415 0.2415 0.2365 0.2365 0.2395 0.2395 0.249 0.249 0.2435 0.2435 0.2435 0.2505 0.2505 0.2535 0.2535 0.2535 0.2535 0.2535 0.241 0.241 0.241 0.241 0.254 0.254 0.254 0.2445 0.2445 0.2295 0.2295 0.2335
-1 -1 -1 -1 -1 -1 -1 -1 -1 -1 -1 -1 -1 -1 -1 -1 -1 -1 -1 -1 -1 0.0362 0.0362 0.1175 0.1175 0.208 0.208 0.208 0.2005 0.2005 0.203 0.203 0.223 0.223 0.223 0.263 0.263 0.256 0.256 0.254 0.254 0.254 0.254 0.254 0.2285 0.2285 0.2285 0.2285 0.2285 0.248 0.248 0.2465 0.2465 0.26 0.26 0.2545 0.2545 0.2545 0.256 0.256 0.2405 0.2405 0.2405 0.2405 0.2405 0.2415 0.2415 0.255 0.255 0.265 0.265 0.265 0.2565 0.2565 0.2455 0.2455 0.229
-1 -1 -1 -1 -1 -1 -1 -1 -1 -1 -1 -1 -1 -1 -1 -1 -1 -1 -1 -1 -1 0.0362 0.0362 0.1175 0.1175 0.208 0.208 0.208 0.2005 0.2005 0.203 0.203 0.223 0.223 0.223 0.263 0.263 0.256 0.256 0.254 0.254 0.254 0.254 0.254 0.2285 0.2285 0.2285 0.2285 0.2285 0.248 0.248 0.2465 0.2465 0.26 0.26 0.2545 0.2545 0.2545 0.256 0.256 0.2405 0.2405 0.2405 0.2405 0.2405 0.2415 0.2415 0.255 0.255 0.265 0.265 0.265 0.2565 0.2565 0.2455 0.2455 0.229
-1 -1 -1 -1 -1 -1 -1 -1 -1 -1 -1 -1 -1 -1 -1 -1 -1 -1 -1 -1 -1 0.105 0.105 0.2235 0.2235 0.2295 0.2295 0.2295 0.2265 0.2265 0.231 0.231 0.2505 0.2505 0.2505 0.2655 0.2655 0.2685 0.2685 0.265 0.265 0.265 0.2745 0.2745 0.2525 0.2525 0.2325 0.2325 0.2325 0.236 0.236 0.262 0.262 0.257 0.257 0.255 0.255 0.255 0.255 0.255 0.2435 0.2435 0.2435 0.2435 0.2435 0.2405 0.2405 0.2625 0.2625 0.2575 0.2575 0.2575 0.2615 0.2615 0.2385 0.2385 0.242
-1 -1 -1 -1 -1 -1 -1 -1 -1 -1 -1 -1 -1 -1 -1 -1 -1 -1 -1 -1 -1 0.105 0.105 0.2235 0.2235 0.2295 0.2295 0.2295 0.2265 0.2265 0.231 0.231 0.2505 0.2505 0.2505 0.2655 0.2655 0.2685 0.2685 0.265 0.265 0.265 0.2745 0.2745 0.2525 0.2525 0.2325 0.2325 0.2325 0.236 0.236 0.262 0.262 0.257 0.257 0.255 0.255 0.255 0.255 0.255 0.2435 0.2435 0.2435 0.2435 0.2435 0.2405 0.2405 0.2625 0.2625 0.2575 0.2575 0.2575 0.2615 0.2615 0.2385 0.2385 0.242
-1 -1 -1 -1 -1 -1 -1 -1 -1 -1 -1 -1 -1 -1 -1 -1 -1 -1 0.07099999 0.07099999 0.07099999 0.2445 0.2445 0.236 0.236 0.2235 0.2235 0.2235 0.2365 0.2365 0.2395 0.2395 0.246 0.246 0.246 0.259 0.259 0.2515 0.2515 0.27 0.27 0.27 0.2875 0.2875 0.26 0.26 0.2375 0.2375 0.2375 0.252 0.252 0.2535 0.2535 0.261 0.261 0.245 0.245 0.245 0.2395 0.2395 0.2425 0.2425 0.2425 0.2425 0.2425 0.25 0.25 0.267 0.267 0.266 0.266 0.266 0.238 0.238 0.241 0.241 0.2395
-1 -1 -1 -1 -1 -1 -1 -1 -1 -1 -1 -1 -1 -1 -1 -1 -1 -1 0.07099999 0.07099999 0.07099999 0.2445 0.2445 0.236 0.236 0.2235 0.2235 0.2235 0.2365 0.2365 0.2395 0.2395 0.246 0.246 0.246 0.259 0.259 0.2515 0.2515 0.27 0.27 0.27 0.2875 0.2875 0.26 0.26 0.2375 0.2375 0.2375 0.252 0.252 0.2535 0.2535 0.261 0.261 0.245 0.245 0.245 0.2395 0.2395 0.2425 0.2425 0.2425 0.2425 0.2425 0.25 0.25 0.267 0.267 0.266 0.266 0.266 0.238 0.238 0.241 0.241 0.2395
-1 -1 -1 -1 -1 -1 -1 -1 -1 -1 -1 -1 -1 -1 -1 -1 -1 -1 0.07099999 0.07099999 0.07099999 0.2445 0.2445 0.236 0.236 0.2235 0.2235 0.2235 0.2365 0.2365 0.2395 0.2395 0.246 0.246 0.246 0.259 0.259 0.2515 0.2515 0.27 0.27 0.27 0.2875 0.2875 0.26 0.26 0.2375 0.2375 0.2375 0.252 0.252 0.2535 0.2535 0.261 0.261 0.245 0.245 0.245 0.2395 0.2395 0.2425 0.2425 0.2425 0.2425 0.2425 0.25 0.25 0.267 0.267 0.266 0.266 0.266 0.238 0.238 0.241 0.241 0.2395
-1 -1 -1 -1 -1 -1 -1 -1 -1 -1 -1 -1 -1 -1 -1 -1 0.1577 0.1577 0.2965 0.2965 0.2965 0.2695 0.2695 0.231 0.231 0.233 0.233 0.233 0.243 0.243 0.246 0.246 0.251 0.251 0.251 0.251 0.251 0.2295 0.2295 0.254 0.254 0.254 0.2655 0.2655 0.24 0.24 0.2385 0.2385 0.2385 0.257 0.257 0.252 0.252 0.243 0.243 0.234 0.234 0.234 0.2345 0.2345 0.242 0.242 0.242 0.242 0.242 0.243 0.243 0.246 0.246 0.251 0.251 0.251 0.258 0.258 0.2435 0.2435 0.251
-1 -1 -1 -1 -1 -1 -1 -1 -1 -1 -1 -1 -1 -1 -1 -1 0.1577 0.1577 0.2965 0.2965 0.2965 0.2695 0.2695 0.231 0.231 0.233 0.233 0.233 0.243 0.243 0.246 0.246 0.251 0.251 0.251 0.251 0.251 0.2295 0.2295 0.254 0.254 0.254 0.2655 0.2655 0.24 0.24 0.2385 0.2385 0.2385 0.257 0.257 0.252 0.252 0.243 0.243 0.234 0.234 0.234 0.2345 0.2345 0.242 0.242 0.242 0.242 0.242 0.243 0.243 0.246 0.246 0.251 0.251 0.251 0.258 0.258 0.2435 0.2435 0.251
-1 -1 -1 -1 -1 -1 -1 -1 -1 -1 -1 -1 0.1102 0.1102 0.1725 0.1725 0.096 0.096 0.2595 0.2595 0.2595 0.2715 0.2715 0.2505 0.2505 0.2555 0.2555 0.2555 0.241 0.241 0.2615 0.2615 0.2465 0.2465 0.2465 0.2395 0.2395 0.2435 0.2435 0.238 0.238 0.238 0.2415 0.2415 0.242 0.242 0.227 0.227 0.227 0.233 0.233 0.243 0.243 0.246 0.246 0.2495 0.2495 0.2495 0.26 0.26 0.2425 0.2425 0.2425 0.2425 0.2425 0.2375 0.2375 0.2415 0.2415 0.256 0.256 0.256 0.245 0.245 0.244 0.244 0.272
-1 -1 -1 -1 -1 -1 -1 -1 -1 -1 -1 -1 0.1102 0.1102 0.1725 0.1725 0.096 0.096 0.2595 0.2595 0.2595 0.2715 0.2715 0.2505 0.2505 0.2555 0.2555 0.2555 0.241 0.241 0.2615 0.2615 0.2465 0.2465 0.2465 0.2395 0.2395 0.2435 0.2435 0.238 0.238 0.238 0.2415 0.2415 0.242 0.242 0.227 0.227 0.227 0.233 0.233 0.243 0.243 0.246 0.246 0.2495 0.2495 0.2495 0.26 0.26 0.2425 0.2425 0.2425 0.2425 0.2425 0.2375 0.2375 0.2415 0.2415 0.256 0.256 0.256 0.245 0.245 0.244 0.244 0.272
-1 -1 -1 -1 -1 -1 -1 -1 -1 0.1197 0.1197 0.1197 0.085 0.085 0.1442 0.1442 0.1427 0.1427 0.0545 0.0545 0.0545 0.2615 0.2615 0.2575 0.2575 0.268 0.268 0.268 0.247 0.247 0.2345 0.2345 0.239 0.239 0.239 0.232 0.232 0.241 0.241 0.237 0.237 0.237 0.2465 0.2465 0.2335 0.2335 0.237 0.237 0.237 0.2315 0.2315 0.2375 0.2375 0.25 0.25 0.243 0.243 0.243 0.238 0.238 0.234 0.234 0.234 0.234 0.234 0.2495 0.2495 0.254 0.254 0.259 0.259 0.259 0.2575 0.2575 0.2515 0.2515 0.211
-1 -1 -1 -1 -1 -1 -1 -1 -1 0.1197 0.1197 0.1197 0.085 0.085 0.1442 0.1442 0.1427 0.1427 0.0545 0.0545 0.0545 0.2615 0.2615 0.2575 0.2575 0.268 0.268 0.268 0.247 0.247 0.2345 0.2345 0.239 0.239 0.239 0.232 0.232 0.241 0.241 0.237 0.237 0.237 0.2465 0.2465 0.2335 0.2335 0.237 0.237 0.237 0.2315 0.2315 0.2375 0.2375 0.25 0.25 0.243 0.243 0.243 0.238 0.238 0.234 0.234 0.234 0.234 0.234 0.2495 0.2495 0.254 0.254 0.259 0.259 0.259 0.2575 0.2575 0.2515 0.2515 0.211
-1 -1 -1 -1 -1 -1 -1 -1 -1 0.1197 0.1197 0.1197 0.085 0.085 0.1442 0.1442 0.1427 0.1427 0.0545 0.0545 0.0545 0.2615 0.2615 0.2575 0.2575 0.268 0.268 0.268 0.247 0.247 0.2345 0.2345 0.239 0.239 0.239 0.232 0.232 0.241 0.241 0.237 0.237 0.237 0.2465 0.2465 0.2335 0.2335 0.237 0.237 0.237 0.2315 0.2315 0.2375 0.2375 0.25 0.25 0.243 0.243 0.243 0.238 0.238 0.234 0.234 0.234 0.234 0.234 0.2495 0.2495 0.254 0.254 0.259 0.259 0.259 0.2575 0.2575 0.2515 0.2515 0.211
-1 -1 -1 -1 -1 -1 -1 -1 -1 -1 -1 -1 0.1242 0.1242 0.1142 0.1142 0.1772 0.1772 0.1437 0.1437 0.1437 0.1795 0.1795 0.2555 0.2555 0.265 0.265 0.265 0.251 0.251 0.2435 0.2435 0.241 0.241 0.241 0.2375 0.2375 0.228 0.228 0.2225 0.2225 0.2225 0.2355 0.2355 0.232 0.232 0.219 0.219 0.219 0.2532 0.2532 0.242 0.242 0.2325 0.2325 0.232 0.232 0.232 0.2325 0.2325 0.2315 0.2315 0.2315 0.2315 0.2315 0.2335 0.2335 0.223 0.223 0.2215 0.2215 0.2215 0.2415 0.2415 0.255 0.255 0.213
-1 -1 -1 -1 -1 -1 -1 -1 -1 -1 -1 -1 0.1242 0.1242 0.1142 0.1142 0.1772 0.1772 0.1437 0.1437 0.1437 0.1795 0.1795 0.2555 0.2555 0.265 0.265 0.265 0.251 0.251 0.2435 0.2435 0.241 0.241 0.241 0.2375 0.2375 0.228 0.228 0.2225 0.2225 0.2225 0.2355 0.2355 0.232 0.232 0.219 0.219 0.219 0.2532 0.2532 0.242 0.242 0.2325 0.2325 0.232 0.232 0.232 0.2325 0.2325 0.2315 0.2315 0.2315 0.2315 0.2315 0.2335 0.2335 0.223 0.223 0.2215 0.2215 0.2215 0.2415 0.2415 0.255 0.255 0.213
-1 -1 -1 -1 -1 -1 -1 -1 -1 -1 -1 -1 -1 -1 -1 -1 -1 -1 0.1042 0.1042 0.1042 0.1662 0.1662 0.226 0.226 0.268 0.268 0.268 0.245 0.245 0.2335 0.2335 0.2345 0.2345 0.2345 0.221 0.221 0.2375 0.2375 0.2325 0.2325 0.2325 0.24 0.24 0.2365 0.2365 0.2185 0.2185 0.2185 0.221 0.221 0.243 0.243 0.2475 0.2475 0.2395 0.2395 0.2395 0.2285 0.2285 0.2175 0.2175 0.2175 0.2175 0.2175 0.2155 0.2155 0.2005 0.2005 0.238 0.238 0.238 0.236 0.236 0.2555 0.2555 0.2295
-1 -1 -1 -1 -1 -1 -1 -1 -1 -1 -1 -1 -1 -1 -1 -1 -1 -1 0.1042 0.1042 0.1042 0.1662 0.1662 0.226 0.226 0.268 0.268 0.268 0.245 0.245 0.2335 0.2335 0.2345 0.2345 0.2345 0.221 0.221 0.2375 0.2375 0.2325 0.2325 0.2325 0.24 0.24 0.2365 0.2365 0.2185 0.2185 0.2185 0.221 0.221 0.243 0.243 0.2475 0.2475 0.2395 0.2395 0.2395 0.2285 0.2285 0.2175 0.2175 0.2175 0.2175 0.2175 0.2155 0.2155 0.2005 0.2005 0.238 0.238 0.238 0.236 0.236 0.2555 0.2555 0.2295
-1 -1 -1 -1 -1 -1 -1 -1 -1 -1 -1 -1 -1 -1 -1 -1 -1 -1 -1 -1 -1 0.1697 0.1697 0.1245 0.1245 0.2435 0.2435 0.2435 0.2625 0.2625 0.269 0.269 0.238 0.238 0.238 0.232 0.232 0.232 0.232 0.2145 0.2145 0.2145 0.2395 0.2395 0.242 0.242 0.245 0.245 0.245 0.217 0.217 0.229 0.229 0.2435 0.2435 0.236 0.236 0.236 0.2375 0.2375 0.2415 0.2415 0.2415 0.2415 0.2415 0.216 0.216 0.2315 0.2315 0.235 0.235 0.235 0.2705 0.2705 0.2635 0.2635 0.2705
-1 -1 -1 -1 -1 -1 -1 -1 -1 -1 -1 -1 -1 -1 -1 -1 -1 -1 -1 -1 -1 0.1697 0.1697 0.1245 0.1245 0.2435 0.2435 0.2435 0.2625 0.2625 0.269 0.269 0.238 0.238 0.238 0.232 0.232 0.232 0.232 0.2145 0.2145 0.2145 0.2395 0.2395 0.242 0.242 0.245 0.245 0.245 0.217 0.217 0.229 0.229 0.2435 0.2435 0.236 0.236 0.236 0.2375 0.2375 0.2415 0.2415 0.2415 0.2415 0.2415 0.216 0.216 0.2315 0.2315 0.235 0.235 0.235 0.2705 0.2705 0.2635 0.2635 0.2705
-1 -1 -1 -1 -1 -1 -1 -1 -1 -1 -1 -1 -1 -1 -1 -1 -1 -1 -1 -1 -1 0.1627 0.1627 0.0742 0.0742 0.152 0.152 0.152 0.2265 0.2265 0.272 0.272 0.247 0.247 0.247 0.242 0.242 0.2185 0.2185 0.1995 0.1995 0.1995 0.232 0.232 0.208 0.208 0.239 0.239 0.239 0.238 0.238 0.244 0.244 0.2635 0.2635 0.2515 0.2515 0.2515 0.243 0.243 0.242 0.242 0.242 0.242 0.242 0.2395 0.2395 0.239 0.239 0.261 0.261 0.261 0.2465 0.2465 0.248 0.248 0.2355
-1 -1 -1 -1 -1 -1 -1 -1 -1 -1 -1 -1 -1 -1 -1 -1 -1 -1 -1 -1 -1 0.1627 0.1627 0.0742 0.0742 0.152 0.152 0.152 0.2265 0.2265 0.272 0.272 0.247 0.247 0.247 0.242 0.242 0.2185 0.2185 0.1995 0.1995 0.1995 0.232 0.232 0.208 0.208 0.239 0.239 0.239 0.238 0.238 0.244 0.244 0.2635 0.2635 0.2515 0.2515 0.2515 0.243 0.243 0.242 0.242 0.242 0.242 0.242 0.2395 0.2395 0.239 0.239 0.261 0.261 0.261 0.2465 0.2465 0.248 0.248 0.2355
-1 -1 -1 -1 -1 -1 -1 -1 -1 -1 -1 -1 -1 -1 -1 -1 -1 -1 -1 -1 -1 0.1627 0.1627 0.0742 0.0742 0.152 0.152 0.152 0.2265 0.2265 0.272 0.272 0.247 0.247 0.247 0.242 0.242 0.2185 0.2185 0.1995 0.1995 0.1995 0.232 0.232 0.208 0.208 0.239 0.239 0.239 0.238 0.238 0.244 0.244 0.2635 0.2635 0.2515 0.2515 0.2515 0.243 0.243 0.242 0.242 0.242 0.242 0.242 0.2395 0.2395 0.239 0.239 0.261 0.261 0.261 0.2465 0.2465 0.248 0.248 0.2355
-1 -1 -1 -1 -1 -1 -1 -1 -1 -1 -1 -1 -1 -1 -1 -1 -1 -1 -1 -1 -1 -1 -1 0.1687 0.1687 0.09 0.09 0.09 0.206 0.206 0.268 0.268 0.2465 0.2465 0.2465 0.2105 0.2105 0.2082 0.2082 0.1877 0.1877 0.1877 0.208 0.208 0.206 0.206 0.208 0.208 0.208 0.2305 0.2305 0.2545 0.2545 0.2825 0.2825 0.2785 0.2785 0.2785 0.245 0.245 0.2435 0.2435 0.2435 0.2435 0.2435 0.2305 0.2305 0.253 0.253 0.2495 0.2495 0.2495 0.2495 0.2495 0.2495 0.2495 0.2455
-1 -1 -1 -1 -1 -1 -1 -1 -1 -1 -1 -1 -1 -1 -1 -1 -1 -1 -1 -1 -1 -1 -1 0.1687 0.1687 0.09 0.09 0.09 0.206 0.206 0.268 0.268 0.2465 0.2465 0.2465 0.2105 0.2105 0.2082 0.2082 0.1877 0.1877 0.1877 0.208 0.208 0.206 0.206 0.208 0.208 0.208 0.2305 0.2305 0.2545 0.2545 0.2825 0.2825 0.2785 0.2785 0.2785 0.245 0.245 0.2435 0.2435 0.2435 0.2435 0.2435 0.2305 0.2305 0.253 0.253 0.2495 0.2495 0.2495 0.2495 0.2495 0.2495 0.2495 0.2455
-1 -1 -1 -1 -1 -1 -1 -1 -1 -1 -1 -1 -1 -1 -1 -1 -1 -1 -1 -1 -1 -1 -1 -1 -1 0.0459 0.0459 0.0459 0.1115 0.1115 0.1915 0.1915 0.1725 0.1725 0.1725 0.178 0.178 0.1779 0.1779 0.1861 0.1861 0.1861 0.234 0.234 0.203 0.203 0.2415 0.2415 0.2415 0.2105 0.2105 0.244 0.244 0.2555 0.2555 0.2645 0.2645 0.2645 0.2685 0.2685 0.26 0.26 0.26 0.26 0.26 0.2545 0.2545 0.2785 0.2785 0.242 0.242 0.242 0.2605 0.2605 0.2635 0.2635 0.2285
-1 -1 -1 -1 -1 -1 -1 -1 -1 -1 -1 -1 -1 -1 -1 -1 -1 -1 -1 -1 -1 -1 -1 -1 -1 0.0459 0.0459 0.0459 0.1115 0.1115 0.1915 0.1915 0.1725 0.1725 0.1725 0.178 0.178 0.1779 0.1779 0.1861 0.1861 0.1861 0.234 0.234 0.203 0.203 0.2415 0.2415 0.2415 0.2105 0.2105 0.244 0.244 0.2555 0.2555 0.2645 0.2645 0.2645 0.2685 0.2685 0.26 0.26 0.26 0.26 0.26 0.2545 0.2545 0.2785 0.2785 0.242 0.242 0.242 0.2605 0.2605 0.2635 0.2635 0.2285
-1 -1 -1 -1 -1 -1 -1 -1 -1 -1 -1 -1 -1 -1 -1 -1 -1 -1 -1 -1 -1 -1 -1 -1 -1 0.1092 0.1092 0.1092 0.1044 0.1044 0.1695 0.1695 0.171 0.171 0.171 0.2154 0.2154 0.1796 0.1796 0.223 0.223 0.223 0.2175 0.2175 0.2535 0.2535 0.2655 0.2655 0.2655 0.2542 0.2542 0.2445 0.2445 0.2345 0.2345 0.2515 0.2515 0.2515 0.256 0.256 0.2505 0.2505 0.2505 0.2505 0.2505 0.2425 0.2425 0.225 0.225 0.2155 0.2155 0.2155 0.211 0.211 0.233 0.233 0.231
-1 -1 -1 -1 -1 -1 -1 -1 -1 -1 -1 -1 -1 -1 -1 -1 -1 -1 -1 -1 -1 -1 -1 -1 -1 0.1092 0.1092 0.1092 0.1044 0.1044 0.1695 0.1695 0.171 0.171 0.171 0.2154 0.2154 0.1796 0.1796 0.223 0.223 0.223 0.2175 0.2175 0.2535 0.2535 0.2655 0.2655 0.2655 0.2542 0.2542 0.2445 0.2445 0.2345 0.2345 0.2515 0.2515 0.2515 0.256 0.256 0.2505 0.2505 0.2505 0.2505 0.2505 0.2425 0.2425 0.225 0.225 0.2155 0.2155 0.2155 0.211 0.211 0.233 0.233 0.231
-1 -1 -1 -1 -1 -1 -1 -1 -1 -1 -1 -1 -1 -1 -1 -1 -1 -1 -1 -1 -1 -1 -1 -1 -1 0.1092 0.1092 0.1092 0.1044 0.1044 0.1695 0.1695 0.171 0.171 0.171 0.2154 0.2154 0.1796 0.1796 0.223 0.223 0.223 0.2175 0.2175 0.2535 0.2535 0.2655 0.2655 0.2655 0.2542 0.2542 0.2445 0.2445 0.2345 0.2345 0.2515 0.2515 0.2515 0.256 0.256 0.2505 0.2505 0.2505 0.2505 0.2505 0.2425 0.2425 0.225 0.225 0.2155 0.2155 0.2155 0.211 0.211 0.233 0.233 0.231
