ndvi/NOAA-261.asc
ncols         252
nrows         154
xllcorner     -18.017974
yllcorner     13.481982
cellsize      0.035948
NODATA_value  -9999
[rows 0 to 34 of 154, columns 77 to 153 of 252]
0.08750001 0.08750001 0.088 0.088 0.08849999 0.08849999 0.089 0.089 0.089 0.0845 0.0845 0.0885 0.0885 0.089 0.089 0.0895 0.0895 0.0895 0.087 0.087 0.0845 0.0845 0.086 0.086 0.086 0.087 0.087 0.0875 0.0875 0.084 0.084 0.084 0.0835 0.0835 0.0795 0.0795 0.0805 0.0805 0.0805 0.07600001 0.07600001 0.078 0.078 0.07600001 0.07600001 0.07600001 0.075 0.075 0.0785 0.0785 0.0805 0.0805 0.082 0.082 0.082 0.0865 0.0865 0.092 0.092 0.0925 0.0925 0.0925 0.088 0.088 0.1005 0.1005 0.0945 0.0945 0.0945 0.08750001 0.08750001 0.0885 0.0885 0.0925 0.0925 0.0925 0.087
0.08750001 0.08750001 0.088 0.088 0.08849999 0.08849999 0.089 0.089 0.089 0.0845 0.0845 0.0885 0.0885 0.089 0.089 0.0895 0.0895 0.0895 0.087 0.087 0.0845 0.0845 0.086 0.086 0.086 0.087 0.087 0.0875 0.0875 0.084 0.084 0.084 0.0835 0.0835 0.0795 0.0795 0.0805 0.0805 0.0805 0.07600001 0.07600001 0.078 0.078 0.07600001 0.07600001 0.07600001 0.075 0.075 0.0785 0.0785 0.0805 0.0805 0.082 0.082 0.082 0.0865 0.0865 0.092 0.092 0.0925 0.0925 0.0925 0.088 0.088 0.1005 0.1005 0.0945 0.0945 0.0945 0.08750001 0.08750001 0.0885 0.0885 0.0925 0.0925 0.0925 0.087
0.09100001 0.09100001 0.0905 0.0905 0.0885 0.0885 0.087 0.087 0.087 0.0895 0.0895 0.09 0.09 0.094 0.094 0.0925 0.0925 0.0925 0.0895 0.0895 0.08750001 0.08750001 0.0855 0.0855 0.0855 0.0875 0.0875 0.0865 0.0865 0.082 0.082 0.082 0.082 0.082 0.075 0.075 0.079 0.079 0.079 0.07600001 0.07600001 0.0755 0.0755 0.082 0.082 0.082 0.083 0.083 0.087 0.087 0.0895 0.0895 0.1035 0.1035 0.1035 0.09450001 0.09450001 0.09 0.09 0.09100001 0.09100001 0.09100001 0.096 0.096 0.0995 0.0995 0.0975 0.0975 0.0975 0.09 0.09 0.08849999 0.08849999 0.0905 0.0905 0.0905 0.0935
0.09100001 0.09100001 0.0905 0.0905 0.0885 0.0885 0.087 0.087 0.087 0.0895 0.0895 0.09 0.09 0.094 0.094 0.0925 0.0925 0.0925 0.0895 0.0895 0.08750001 0.08750001 0.0855 0.0855 0.0855 0.0875 0.0875 0.0865 0.0865 0.082 0.082 0.082 0.082 0.082 0.075 0.075 0.079 0.079 0.079 0.07600001 0.07600001 0.0755 0.0755 0.082 0.082 0.082 0.083 0.083 0.087 0.087 0.0895 0.0895 0.1035 0.1035 0.1035 0.09450001 0.09450001 0.09 0.09 0.09100001 0.09100001 0.09100001 0.096 0.096 0.0995 0.0995 0.0975 0.0975 0.0975 0.09 0.09 0.08849999 0.08849999 0.0905 0.0905 0.0905 0.0935
0.09100001 0.09100001 0.0905 0.0905 0.0885 0.0885 0.087 0.087 0.087 0.0895 0.0895 0.09 0.09 0.094 0.094 0.0925 0.0925 0.0925 0.0895 0.0895 0.08750001 0.08750001 0.0855 0.0855 0.0855 0.0875 0.0875 0.0865 0.0865 0.082 0.082 0.082 0.082 0.082 0.075 0.075 0.079 0.079 0.079 0.07600001 0.07600001 0.0755 0.0755 0.082 0.082 0.082 0.083 0.083 0.087 0.087 0.0895 0.0895 0.1035 0.1035 0.1035 0.09450001 0.09450001 0.09 0.09 0.09100001 0.09100001 0.09100001 0.096 0.096 0.0995 0.0995 0.0975 0.0975 0.0975 0.09 0.09 0.08849999 0.08849999 0.0905 0.0905 0.0905 0.0935
0.0885 0.0885 0.0895 0.0895 0.089 0.089 0.089 0.089 0.089 0.092 0.092 0.0915 0.0915 0.094 0.094 0.0915 0.0915 0.0915 0.089 0.089 0.08849999 0.08849999 0.087 0.087 0.087 0.081 0.081 0.081 0.081 0.07 0.07 0.07 0.079 0.079 0.0785 0.0785 0.0805 0.0805 0.0805 0.0795 0.0795 0.075 0.075 0.083 0.083 0.083 0.079 0.079 0.0935 0.0935 0.09450001 0.09450001 0.0985 0.0985 0.0985 0.098 0.098 0.097 0.097 0.0955 0.0955 0.0955 0.099 0.099 0.1035 0.1035 0.0985 0.0985 0.0985 0.094 0.094 0.09649999 0.09649999 0.1015 0.1015 0.1015 0.0985
0.0885 0.0885 0.0895 0.0895 0.089 0.089 0.089 0.089 0.089 0.092 0.092 0.0915 0.0915 0.094 0.094 0.0915 0.0915 0.0915 0.089 0.089 0.08849999 0.08849999 0.087 0.087 0.087 0.081 0.081 0.081 0.081 0.07 0.07 0.07 0.079 0.079 0.0785 0.0785 0.0805 0.0805 0.0805 0.0795 0.0795 0.075 0.075 0.083 0.083 0.083 0.079 0.079 0.0935 0.0935 0.09450001 0.09450001 0.0985 0.0985 0.0985 0.098 0.098 0.097 0.097 0.0955 0.0955 0.0955 0.099 0.099 0.1035 0.1035 0.0985 0.0985 0.0985 0.094 0.094 0.09649999 0.09649999 0.1015 0.1015 0.1015 0.0985
0.0885 0.0885 0.0895 0.0895 0.086 0.086 0.0925 0.0925 0.0925 0.091 0.091 0.093 0.093 0.089 0.089 0.0905 0.0905 0.0905 0.088 0.088 0.08750001 0.08750001 0.084 0.084 0.084 0.07600001 0.07600001 0.0795 0.0795 0.081 0.081 0.081 0.09100001 0.09100001 0.087 0.087 0.0855 0.0855 0.0855 0.0845 0.0845 0.087 0.087 0.09649999 0.09649999 0.09649999 0.0955 0.0955 0.098 0.098 0.1 0.1 0.1085 0.1085 0.1085 0.101 0.101 0.098 0.098 0.0985 0.0985 0.0985 0.096 0.096 0.0975 0.0975 0.0995 0.0995 0.0995 0.0985 0.0985 0.1025 0.1025 0.107 0.107 0.107 0.0985
0.0885 0.0885 0.0895 0.0895 0.086 0.086 0.0925 0.0925 0.0925 0.091 0.091 0.093 0.093 0.089 0.089 0.0905 0.0905 0.0905 0.088 0.088 0.08750001 0.08750001 0.084 0.084 0.084 0.07600001 0.07600001 0.0795 0.0795 0.081 0.081 0.081 0.09100001 0.09100001 0.087 0.087 0.0855 0.0855 0.0855 0.0845 0.0845 0.087 0.087 0.09649999 0.09649999 0.09649999 0.0955 0.0955 0.098 0.098 0.1 0.1 0.1085 0.1085 0.1085 0.101 0.101 0.098 0.098 0.0985 0.0985 0.0985 0.096 0.096 0.0975 0.0975 0.0995 0.0995 0.0995 0.0985 0.0985 0.1025 0.1025 0.107 0.107 0.107 0.0985
0.0885 0.0885 0.094 0.094 0.09 0.09 0.091 0.091 0.091 0.0915 0.0915 0.09100001 0.09100001 0.0905 0.0905 0.092 0.092 0.092 0.0845 0.0845 0.081 0.081 0.085 0.085 0.085 0.0895 0.0895 0.09100001 0.09100001 0.095 0.095 0.095 0.093 0.093 0.0935 0.0935 0.09450001 0.09450001 0.09450001 0.0905 0.0905 0.09649999 0.09649999 0.101 0.101 0.101 0.1015 0.1015 0.107 0.107 0.1035 0.1035 0.1055 0.1055 0.1055 0.101 0.101 0.103 0.103 0.1005 0.1005 0.1005 0.1015 0.1015 0.098 0.098 0.1005 0.1005 0.1005 0.1045 0.1045 0.1005 0.1005 0.101 0.101 0.101 0.104
0.0885 0.0885 0.094 0.094 0.09 0.09 0.091 0.091 0.091 0.0915 0.0915 0.09100001 0.09100001 0.0905 0.0905 0.092 0.092 0.092 0.0845 0.0845 0.081 0.081 0.085 0.085 0.085 0.0895 0.0895 0.09100001 0.09100001 0.095 0.095 0.095 0.093 0.093 0.0935 0.0935 0.09450001 0.09450001 0.09450001 0.0905 0.0905 0.09649999 0.09649999 0.101 0.101 0.101 0.1015 0.1015 0.107 0.107 0.1035 0.1035 0.1055 0.1055 0.1055 0.101 0.101 0.103 0.103 0.1005 0.1005 0.1005 0.1015 0.1015 0.098 0.098 0.1005 0.1005 0.1005 0.1045 0.1045 0.1005 0.1005 0.101 0.101 0.101 0.104
0.0955 0.0955 0.088 0.088 0.0935 0.0935 0.093 0.093 0.093 0.0905 0.0905 0.091 0.091 0.0915 0.0915 0.09 0.09 0.09 0.094 0.094 0.0895 0.0895 0.09299999 0.09299999 0.09299999 0.0935 0.0935 0.095 0.095 0.0935 0.0935 0.0935 0.095 0.095 0.0975 0.0975 0.096 0.096 0.096 0.099 0.099 0.1065 0.1065 0.1015 0.1015 0.1015 0.1065 0.1065 0.111 0.111 0.1075 0.1075 0.1125 0.1125 0.1125 0.1065 0.1065 0.1095 0.1095 0.1085 0.1085 0.1085 0.107 0.107 0.101 0.101 0.102 0.102 0.102 0.1025 0.1025 0.0995 0.0995 0.104 0.104 0.104 0.1095
0.0955 0.0955 0.088 0.088 0.0935 0.0935 0.093 0.093 0.093 0.0905 0.0905 0.091 0.091 0.0915 0.0915 0.09 0.09 0.09 0.094 0.094 0.0895 0.0895 0.09299999 0.09299999 0.09299999 0.0935 0.0935 0.095 0.095 0.0935 0.0935 0.0935 0.095 0.095 0.0975 0.0975 0.096 0.096 0.096 0.099 0.099 0.1065 0.1065 0.1015 0.1015 0.1015 0.1065 0.1065 0.111 0.111 0.1075 0.1075 0.1125 0.1125 0.1125 0.1065 0.1065 0.1095 0.1095 0.1085 0.1085 0.1085 0.107 0.107 0.101 0.101 0.102 0.102 0.102 0.1025 0.1025 0.0995 0.0995 0.104 0.104 0.104 0.1095
0.0955 0.0955 0.088 0.088 0.0935 0.0935 0.093 0.093 0.093 0.0905 0.0905 0.091 0.091 0.0915 0.0915 0.09 0.09 0.09 0.094 0.094 0.0895 0.0895 0.09299999 0.09299999 0.09299999 0.0935 0.0935 0.095 0.095 0.0935 0.0935 0.0935 0.095 0.095 0.0975 0.0975 0.096 0.096 0.096 0.099 0.099 0.1065 0.1065 0.1015 0.1015 0.1015 0.1065 0.1065 0.111 0.111 0.1075 0.1075 0.1125 0.1125 0.1125 0.1065 0.1065 0.1095 0.1095 0.1085 0.1085 0.1085 0.107 0.107 0.101 0.101 0.102 0.102 0.102 0.1025 0.1025 0.0995 0.0995 0.104 0.104 0.104 0.1095
0.0895 0.0895 0.09100001 0.09100001 0.0905 0.0905 0.092 0.092 0.092 0.092 0.092 0.094 0.094 0.0965 0.0965 0.0915 0.0915 0.0915 0.0925 0.0925 0.0935 0.0935 0.093 0.093 0.093 0.095 0.095 0.0935 0.0935 0.0925 0.0925 0.0925 0.093 0.093 0.094 0.094 0.09649999 0.09649999 0.09649999 0.1 0.1 0.101 0.101 0.106 0.106 0.106 0.116 0.116 0.118 0.118 0.1175 0.1175 0.118 0.118 0.118 0.115 0.115 0.117 0.117 0.1095 0.1095 0.1095 0.1065 0.1065 0.1145 0.1145 0.1055 0.1055 0.1055 0.099 0.099 0.1055 0.1055 0.112 0.112 0.112 0.109
0.0895 0.0895 0.09100001 0.09100001 0.0905 0.0905 0.092 0.092 0.092 0.092 0.092 0.094 0.094 0.0965 0.0965 0.0915 0.0915 0.0915 0.0925 0.0925 0.0935 0.0935 0.093 0.093 0.093 0.095 0.095 0.0935 0.0935 0.0925 0.0925 0.0925 0.093 0.093 0.094 0.094 0.09649999 0.09649999 0.09649999 0.1 0.1 0.101 0.101 0.106 0.106 0.106 0.116 0.116 0.118 0.118 0.1175 0.1175 0.118 0.118 0.118 0.115 0.115 0.117 0.117 0.1095 0.1095 0.1095 0.1065 0.1065 0.1145 0.1145 0.1055 0.1055 0.1055 0.099 0.099 0.1055 0.1055 0.112 0.112 0.112 0.109
0.09550001 0.09550001 0.0955 0.0955 0.0965 0.0965 0.097 0.097 0.097 0.095 0.095 0.0915 0.0915 0.1035 0.1035 0.0985 0.0985 0.0985 0.0925 0.0925 0.091 0.091 0.0895 0.0895 0.0895 0.094 0.094 0.0975 0.0975 0.095 0.095 0.095 0.091 0.091 0.09299999 0.09299999 0.0905 0.0905 0.0905 0.0915 0.0915 0.1015 0.1015 0.1065 0.1065 0.1065 0.114 0.114 0.1175 0.1175 0.12 0.12 0.118 0.118 0.118 0.1115 0.1115 0.117 0.117 0.1165 0.1165 0.1165 0.1155 0.1155 0.1145 0.1145 0.109 0.109 0.109 0.1035 0.1035 0.108 0.108 0.105 0.105 0.105 0.1295
0.09550001 0.09550001 0.0955 0.0955 0.0965 0.0965 0.097 0.097 0.097 0.095 0.095 0.0915 0.0915 0.1035 0.1035 0.0985 0.0985 0.0985 0.0925 0.0925 0.091 0.091 0.0895 0.0895 0.0895 0.094 0.094 0.0975 0.0975 0.095 0.095 0.095 0.091 0.091 0.09299999 0.09299999 0.0905 0.0905 0.0905 0.0915 0.0915 0.1015 0.1015 0.1065 0.1065 0.1065 0.114 0.114 0.1175 0.1175 0.12 0.12 0.118 0.118 0.118 0.1115 0.1115 0.117 0.117 0.1165 0.1165 0.1165 0.1155 0.1155 0.1145 0.1145 0.109 0.109 0.109 0.1035 0.1035 0.108 0.108 0.105 0.105 0.105 0.1295
0.096 0.096 0.0965 0.0965 0.097 0.097 0.095 0.095 0.095 0.094 0.094 0.098 0.098 0.095 0.095 0.095 0.095 0.095 0.0925 0.0925 0.095 0.095 0.096 0.096 0.096 0.09550001 0.09550001 0.1005 0.1005 0.0995 0.0995 0.0995 0.0995 0.0995 0.0915 0.0915 0.0985 0.0985 0.0985 0.097 0.097 0.0975 0.0975 0.1115 0.1115 0.1115 0.1155 0.1155 0.117 0.117 0.117 0.117 0.1175 0.1175 0.1175 0.1185 0.1185 0.118 0.118 0.125 0.125 0.125 0.1445 0.1445 0.1295 0.1295 0.117 0.117 0.117 0.1215 0.1215 0.1135 0.1135 0.1105 0.1105 0.1105 0.132
0.096 0.096 0.0965 0.0965 0.097 0.097 0.095 0.095 0.095 0.094 0.094 0.098 0.098 0.095 0.095 0.095 0.095 0.095 0.0925 0.0925 0.095 0.095 0.096 0.096 0.096 0.09550001 0.09550001 0.1005 0.1005 0.0995 0.0995 0.0995 0.0995 0.0995 0.0915 0.0915 0.0985 0.0985 0.0985 0.097 0.097 0.0975 0.0975 0.1115 0.1115 0.1115 0.1155 0.1155 0.117 0.117 0.117 0.117 0.1175 0.1175 0.1175 0.1185 0.1185 0.118 0.118 0.125 0.125 0.125 0.1445 0.1445 0.1295 0.1295 0.117 0.117 0.117 0.1215 0.1215 0.1135 0.1135 0.1105 0.1105 0.1105 0.132
0.096 0.096 0.0965 0.0965 0.097 0.097 0.095 0.095 0.095 0.094 0.094 0.098 0.098 0.095 0.095 0.095 0.095 0.095 0.0925 0.0925 0.095 0.095 0.096 0.096 0.096 0.09550001 0.09550001 0.1005 0.1005 0.0995 0.0995 0.0995 0.0995 0.0995 0.0915 0.0915 0.0985 0.0985 0.0985 0.097 0.097 0.0975 0.0975 0.1115 0.1115 0.1115 0.1155 0.1155 0.117 0.117 0.117 0.117 0.1175 0.1175 0.1175 0.1185 0.1185 0.118 0.118 0.125 0.125 0.125 0.1445 0.1445 0.1295 0.1295 0.117 0.117 0.117 0.1215 0.1215 0.1135 0.1135 0.1105 0.1105 0.1105 0.132
0.09450001 0.09450001 0.095 0.095 0.0985 0.0985 0.0955 0.0955 0.0955 0.0985 0.0985 0.0975 0.0975 0.097 0.097 0.0925 0.0925 0.0925 0.095 0.095 0.1015 0.1015 0.098 0.098 0.098 0.1005 0.1005 0.107 0.107 0.1175 0.1175 0.1175 0.1105 0.1105 0.11 0.11 0.106 0.106 0.106 0.1025 0.1025 0.108 0.108 0.1135 0.1135 0.1135 0.1145 0.1145 0.1095 0.1095 0.112 0.112 0.115 0.115 0.115 0.107 0.107 0.1195 0.1195 0.1325 0.1325 0.1325 0.14 0.14 0.12 0.12 0.135 0.135 0.135 0.1255 0.1255 0.1285 0.1285 0.131 0.131 0.131 0.1435
0.09450001 0.09450001 0.095 0.095 0.0985 0.0985 0.0955 0.0955 0.0955 0.0985 0.0985 0.0975 0.0975 0.097 0.097 0.0925 0.0925 0.0925 0.095 0.095 0.1015 0.1015 0.098 0.098 0.098 0.1005 0.1005 0.107 0.107 0.1175 0.1175 0.1175 0.1105 0.1105 0.11 0.11 0.106 0.106 0.106 0.1025 0.1025 0.108 0.108 0.1135 0.1135 0.1135 0.1145 0.1145 0.1095 0.1095 0.112 0.112 0.115 0.115 0.115 0.107 0.107 0.1195 0.1195 0.1325 0.1325 0.1325 0.14 0.14 0.12 0.12 0.135 0.135 0.135 0.1255 0.1255 0.1285 0.1285 0.131 0.131 0.131 0.1435
0.093 0.093 0.091 0.091 0.1025 0.1025 0.1115 0.1115 0.1115 0.118 0.118 0.12 0.12 0.1165 0.1165 0.117 0.117 0.117 0.113 0.113 0.1135 0.1135 0.112 0.112 0.112 0.1115 0.1115 0.1115 0.1115 0.118 0.118 0.118 0.1185 0.1185 0.1165 0.1165 0.1025 0.1025 0.1025 0.0995 0.0995 0.114 0.114 0.115 0.115 0.115 0.1265 0.1265 0.1175 0.1175 0.111 0.111 0.107 0.107 0.107 0.1075 0.1075 0.116 0.116 0.13 0.13 0.13 0.141 0.141 0.1375 0.1375 0.137 0.137 0.137 0.139 0.139 0.1185 0.1185 0.122 0.122 0.122 0.124
0.093 0.093 0.091 0.091 0.1025 0.1025 0.1115 0.1115 0.1115 0.118 0.118 0.12 0.12 0.1165 0.1165 0.117 0.117 0.117 0.113 0.113 0.1135 0.1135 0.112 0.112 0.112 0.1115 0.1115 0.1115 0.1115 0.118 0.118 0.118 0.1185 0.1185 0.1165 0.1165 0.1025 0.1025 0.1025 0.0995 0.0995 0.114 0.114 0.115 0.115 0.115 0.1265 0.1265 0.1175 0.1175 0.111 0.111 0.107 0.107 0.107 0.1075 0.1075 0.116 0.116 0.13 0.13 0.13 0.141 0.141 0.1375 0.1375 0.137 0.137 0.137 0.139 0.139 0.1185 0.1185 0.122 0.122 0.122 0.124
0.092 0.092 0.103 0.103 0.1105 0.1105 0.128 0.128 0.128 0.1355 0.1355 0.1295 0.1295 0.123 0.123 0.123 0.123 0.123 0.1105 0.1105 0.1145 0.1145 0.111 0.111 0.111 0.116 0.116 0.119 0.119 0.126 0.126 0.126 0.118 0.118 0.115 0.115 0.1015 0.1015 0.1015 0.1035 0.1035 0.1115 0.1115 0.121 0.121 0.121 0.122 0.122 0.1185 0.1185 0.115 0.115 0.127 0.127 0.127 0.1165 0.1165 0.1205 0.1205 0.132 0.132 0.132 0.134 0.134 0.141 0.141 0.139 0.139 0.139 0.133 0.133 0.123 0.123 0.114 0.114 0.114 0.144
0.092 0.092 0.103 0.103 0.1105 0.1105 0.128 0.128 0.128 0.1355 0.1355 0.1295 0.1295 0.123 0.123 0.123 0.123 0.123 0.1105 0.1105 0.1145 0.1145 0.111 0.111 0.111 0.116 0.116 0.119 0.119 0.126 0.126 0.126 0.118 0.118 0.115 0.115 0.1015 0.1015 0.1015 0.1035 0.1035 0.1115 0.1115 0.121 0.121 0.121 0.122 0.122 0.1185 0.1185 0.115 0.115 0.127 0.127 0.127 0.1165 0.1165 0.1205 0.1205 0.132 0.132 0.132 0.134 0.134 0.141 0.141 0.139 0.139 0.139 0.133 0.133 0.123 0.123 0.114 0.114 0.114 0.144
0.092 0.092 0.103 0.103 0.1105 0.1105 0.128 0.128 0.128 0.1355 0.1355 0.1295 0.1295 0.123 0.123 0.123 0.123 0.123 0.1105 0.1105 0.1145 0.1145 0.111 0.111 0.111 0.116 0.116 0.119 0.119 0.126 0.126 0.126 0.118 0.118 0.115 0.115 0.1015 0.1015 0.1015 0.1035 0.1035 0.1115 0.1115 0.121 0.121 0.121 0.122 0.122 0.1185 0.1185 0.115 0.115 0.127 0.127 0.127 0.1165 0.1165 0.1205 0.1205 0.132 0.132 0.132 0.134 0.134 0.141 0.141 0.139 0.139 0.139 0.133 0.133 0.123 0.123 0.114 0.114 0.114 0.144
0.1015 0.1015 0.12 0.12 0.1305 0.1305 0.1345 0.1345 0.1345 0.139 0.139 0.132 0.132 0.1325 0.1325 0.146 0.146 0.146 0.126 0.126 0.1185 0.1185 0.1145 0.1145 0.1145 0.115 0.115 0.1185 0.1185 0.1185 0.1185 0.1185 0.1215 0.1215 0.113 0.113 0.111 0.111 0.111 0.1045 0.1045 0.118 0.118 0.1165 0.1165 0.1165 0.114 0.114 0.115 0.115 0.112 0.112 0.1135 0.1135 0.1135 0.129 0.129 0.1345 0.1345 0.137 0.137 0.137 0.1385 0.1385 0.1465 0.1465 0.149 0.149 0.149 0.127 0.127 0.1135 0.1135 0.116 0.116 0.116 0.163
0.1015 0.1015 0.12 0.12 0.1305 0.1305 0.1345 0.1345 0.1345 0.139 0.139 0.132 0.132 0.1325 0.1325 0.146 0.146 0.146 0.126 0.126 0.1185 0.1185 0.1145 0.1145 0.1145 0.115 0.115 0.1185 0.1185 0.1185 0.1185 0.1185 0.1215 0.1215 0.113 0.113 0.111 0.111 0.111 0.1045 0.1045 0.118 0.118 0.1165 0.1165 0.1165 0.114 0.114 0.115 0.115 0.112 0.112 0.1135 0.1135 0.1135 0.129 0.129 0.1345 0.1345 0.137 0.137 0.137 0.1385 0.1385 0.1465 0.1465 0.149 0.149 0.149 0.127 0.127 0.1135 0.1135 0.116 0.116 0.116 0.163
0.135 0.135 0.144 0.144 0.126 0.126 0.1225 0.1225 0.1225 0.135 0.135 0.1445 0.1445 0.157 0.157 0.16 0.16 0.16 0.148 0.148 0.1345 0.1345 0.1225 0.1225 0.1225 0.1245 0.1245 0.1245 0.1245 0.12 0.12 0.12 0.1225 0.1225 0.1235 0.1235 0.123 0.123 0.123 0.1175 0.1175 0.1205 0.1205 0.1265 0.1265 0.1265 0.1265 0.1265 0.131 0.131 0.1335 0.1335 0.1335 0.1335 0.1335 0.1525 0.1525 0.1565 0.1565 0.16 0.16 0.16 0.154 0.154 0.153 0.153 0.1525 0.1525 0.1525 0.1545 0.1545 0.114 0.114 0.113 0.113 0.113 0.1345
0.135 0.135 0.144 0.144 0.126 0.126 0.1225 0.1225 0.1225 0.135 0.135 0.1445 0.1445 0.157 0.157 0.16 0.16 0.16 0.148 0.148 0.1345 0.1345 0.1225 0.1225 0.1225 0.1245 0.1245 0.1245 0.1245 0.12 0.12 0.12 0.1225 0.1225 0.1235 0.1235 0.123 0.123 0.123 0.1175 0.1175 0.1205 0.1205 0.1265 0.1265 0.1265 0.1265 0.1265 0.131 0.131 0.1335 0.1335 0.1335 0.1335 0.1335 0.1525 0.1525 0.1565 0.1565 0.16 0.16 0.16 0.154 0.154 0.153 0.153 0.1525 0.1525 0.1525 0.1545 0.1545 0.114 0.114 0.113 0.113 0.113 0.1345
0.151 0.151 0.1415 0.1415 0.115 0.115 0.117 0.117 0.117 0.127 0.127 0.143 0.143 0.152 0.152 0.145 0.145 0.145 0.1425 0.1425 0.1515 0.1515 0.154 0.154 0.154 0.15 0.15 0.139 0.139 0.138 0.138 0.138 0.1335 0.1335 0.1315 0.1315 0.13 0.13 0.13 0.13 0.13 0.1265 0.1265 0.1605 0.1605 0.1605 0.1655 0.1655 0.1515 0.1515 0.1435 0.1435 0.1405 0.1405 0.1405 0.1455 0.1455 0.153 0.153 0.137 0.137 0.137 0.1535 0.1535 0.162 0.162 0.171 0.171 0.171 0.1525 0.1525 0.154 0.154 0.1315 0.1315 0.1315 0.1335
0.151 0.151 0.1415 0.1415 0.115 0.115 0.117 0.117 0.117 0.127 0.127 0.143 0.143 0.152 0.152 0.145 0.145 0.145 0.1425 0.1425 0.1515 0.1515 0.154 0.154 0.154 0.15 0.15 0.139 0.139 0.138 0.138 0.138 0.1335 0.1335 0.1315 0.1315 0.13 0.13 0.13 0.13 0.13 0.1265 0.1265 0.1605 0.1605 0.1605 0.1655 0.1655 0.1515 0.1515 0.1435 0.1435 0.1405 0.1405 0.1405 0.1455 0.1455 0.153 0.153 0.137 0.137 0.137 0.1535 0.1535 0.162 0.162 0.171 0.171 0.171 0.1525 0.1525 0.154 0.154 0.1315 0.1315 0.1315 0.1335
0.169 0.169 0.1555 0.1555 0.144 0.144 0.1255 0.1255 0.1255 0.129 0.129 0.138 0.138 0.133 0.133 0.143 0.143 0.143 0.144 0.144 0.151 0.151 0.159 0.159 0.159 0.1725 0.1725 0.172 0.172 0.169 0.169 0.169 0.1825 0.1825 0.1735 0.1735 0.156 0.156 0.156 0.1645 0.1645 0.1835 0.1835 0.1855 0.1855 0.1855 0.1615 0.1615 0.1585 0.1585 0.1555 0.1555 0.147 0.147 0.147 0.1385 0.1385 0.1395 0.1395 0.145 0.145 0.145 0.149 0.149 0.1715 0.1715 0.1785 0.1785 0.1785 0.183 0.183 0.1635 0.1635 0.1425 0.1425 0.1425 0.1405
