ndvi/NOAA-87.asc
ncols         252
nrows         154
xllcorner     -18.017974
yllcorner     13.481982
cellsize      0.035948
NODATA_value  -9999
[rows 34 to 67 of 154, columns 77 to 153 of 252]
0.1545 0.1545 0.148 0.148 0.147 0.147 0.142 0.142 0.142 0.1395 0.1395 0.1455 0.1455 0.148 0.148 0.146 0.146 0.146 0.1535 0.1535 0.144 0.144 0.1535 0.1535 0.1535 0.1585 0.1585 0.1555 0.1555 0.1585 0.1585 0.1585 0.1565 0.1565 0.155 0.155 0.1515 0.1515 0.1515 0.1525 0.1525 0.15 0.15 0.1655 0.1655 0.1655 0.1645 0.1645 0.155 0.155 0.1565 0.1565 0.1615 0.1615 0.1615 0.1475 0.1475 0.156 0.156 0.1585 0.1585 0.1585 0.164 0.164 0.17 0.17 0.173 0.173 0.173 0.163 0.163 0.1415 0.1415 0.1195 0.1195 0.1195 0.1365
0.1545 0.1545 0.148 0.148 0.147 0.147 0.142 0.142 0.142 0.1395 0.1395 0.1455 0.1455 0.148 0.148 0.146 0.146 0.146 0.1535 0.1535 0.144 0.144 0.1535 0.1535 0.1535 0.1585 0.1585 0.1555 0.1555 0.1585 0.1585 0.1585 0.1565 0.1565 0.155 0.155 0.1515 0.1515 0.1515 0.1525 0.1525 0.15 0.15 0.1655 0.1655 0.1655 0.1645 0.1645 0.155 0.155 0.1565 0.1565 0.1615 0.1615 0.1615 0.1475 0.1475 0.156 0.156 0.1585 0.1585 0.1585 0.164 0.164 0.17 0.17 0.173 0.173 0.173 0.163 0.163 0.1415 0.1415 0.1195 0.1195 0.1195 0.1365
0.1545 0.1545 0.148 0.148 0.147 0.147 0.142 0.142 0.142 0.1395 0.1395 0.1455 0.1455 0.148 0.148 0.146 0.146 0.146 0.1535 0.1535 0.144 0.144 0.1535 0.1535 0.1535 0.1585 0.1585 0.1555 0.1555 0.1585 0.1585 0.1585 0.1565 0.1565 0.155 0.155 0.1515 0.1515 0.1515 0.1525 0.1525 0.15 0.15 0.1655 0.1655 0.1655 0.1645 0.1645 0.155 0.155 0.1565 0.1565 0.1615 0.1615 0.1615 0.1475 0.1475 0.156 0.156 0.1585 0.1585 0.1585 0.164 0.164 0.17 0.17 0.173 0.173 0.173 0.163 0.163 0.1415 0.1415 0.1195 0.1195 0.1195 0.1365
0.1565 0.1565 0.158 0.158 0.1555 0.1555 0.152 0.152 0.152 0.152 0.152 0.157 0.157 0.1645 0.1645 0.1525 0.1525 0.1525 0.151 0.151 0.1495 0.1495 0.151 0.151 0.151 0.16 0.16 0.161 0.161 0.163 0.163 0.163 0.1655 0.1655 0.164 0.164 0.1585 0.1585 0.1585 0.158 0.158 0.1595 0.1595 0.165 0.165 0.165 0.1665 0.1665 0.1675 0.1675 0.169 0.169 0.165 0.165 0.165 0.1725 0.1725 0.1915 0.1915 0.1895 0.1895 0.1895 0.1855 0.1855 0.177 0.177 0.168 0.168 0.168 0.1585 0.1585 0.1295 0.1295 0.1505 0.1505 0.1505 0.1485
0.1565 0.1565 0.158 0.158 0.1555 0.1555 0.152 0.152 0.152 0.152 0.152 0.157 0.157 0.1645 0.1645 0.1525 0.1525 0.1525 0.151 0.151 0.1495 0.1495 0.151 0.151 0.151 0.16 0.16 0.161 0.161 0.163 0.163 0.163 0.1655 0.1655 0.164 0.164 0.1585 0.1585 0.1585 0.158 0.158 0.1595 0.1595 0.165 0.165 0.165 0.1665 0.1665 0.1675 0.1675 0.169 0.169 0.165 0.165 0.165 0.1725 0.1725 0.1915 0.1915 0.1895 0.1895 0.1895 0.1855 0.1855 0.177 0.177 0.168 0.168 0.168 0.1585 0.1585 0.1295 0.1295 0.1505 0.1505 0.1505 0.1485
0.1645 0.1645 0.152 0.152 0.1445 0.1445 0.1415 0.1415 0.1415 0.155 0.155 0.1635 0.1635 0.163 0.163 0.1555 0.1555 0.1555 0.15 0.15 0.1575 0.1575 0.1565 0.1565 0.1565 0.156 0.156 0.1645 0.1645 0.174 0.174 0.174 0.1755 0.1755 0.168 0.168 0.171 0.171 0.171 0.1635 0.1635 0.1645 0.1645 0.1805 0.1805 0.1805 0.184 0.184 0.184 0.184 0.187 0.187 0.227 0.227 0.227 0.1935 0.1935 0.194 0.194 0.1885 0.1885 0.1885 0.1795 0.1795 0.1655 0.1655 0.1575 0.1575 0.1575 0.1625 0.1625 0.1275 0.1275 0.121 0.121 0.121 0.144
0.1645 0.1645 0.152 0.152 0.1445 0.1445 0.1415 0.1415 0.1415 0.155 0.155 0.1635 0.1635 0.163 0.163 0.1555 0.1555 0.1555 0.15 0.15 0.1575 0.1575 0.1565 0.1565 0.1565 0.156 0.156 0.1645 0.1645 0.174 0.174 0.174 0.1755 0.1755 0.168 0.168 0.171 0.171 0.171 0.1635 0.1635 0.1645 0.1645 0.1805 0.1805 0.1805 0.184 0.184 0.184 0.184 0.187 0.187 0.227 0.227 0.227 0.1935 0.1935 0.194 0.194 0.1885 0.1885 0.1885 0.1795 0.1795 0.1655 0.1655 0.1575 0.1575 0.1575 0.1625 0.1625 0.1275 0.1275 0.121 0.121 0.121 0.144
0.1695 0.1695 0.1625 0.1625 0.161 0.161 0.1505 0.1505 0.1505 0.1525 0.1525 0.1565 0.1565 0.16 0.16 0.1625 0.1625 0.1625 0.145 0.145 0.146 0.146 0.1535 0.1535 0.1535 0.1685 0.1685 0.1795 0.1795 0.1745 0.1745 0.1745 0.1745 0.1745 0.1665 0.1665 0.17 0.17 0.17 0.1685 0.1685 0.1845 0.1845 0.1935 0.1935 0.1935 0.184 0.184 0.183 0.183 0.192 0.192 0.2095 0.2095 0.2095 0.1915 0.1915 0.183 0.183 0.175 0.175 0.175 0.1655 0.1655 0.167 0.167 0.1375 0.1375 0.1375 0.1545 0.1545 0.1425 0.1425 0.1295 0.1295 0.1295 0.144
0.1695 0.1695 0.1625 0.1625 0.161 0.161 0.1505 0.1505 0.1505 0.1525 0.1525 0.1565 0.1565 0.16 0.16 0.1625 0.1625 0.1625 0.145 0.145 0.146 0.146 0.1535 0.1535 0.1535 0.1685 0.1685 0.1795 0.1795 0.1745 0.1745 0.1745 0.1745 0.1745 0.1665 0.1665 0.17 0.17 0.17 0.1685 0.1685 0.1845 0.1845 0.1935 0.1935 0.1935 0.184 0.184 0.183 0.183 0.192 0.192 0.2095 0.2095 0.2095 0.1915 0.1915 0.183 0.183 0.175 0.175 0.175 0.1655 0.1655 0.167 0.167 0.1375 0.1375 0.1375 0.1545 0.1545 0.1425 0.1425 0.1295 0.1295 0.1295 0.144
0.1695 0.1695 0.1625 0.1625 0.161 0.161 0.1505 0.1505 0.1505 0.1525 0.1525 0.1565 0.1565 0.16 0.16 0.1625 0.1625 0.1625 0.145 0.145 0.146 0.146 0.1535 0.1535 0.1535 0.1685 0.1685 0.1795 0.1795 0.1745 0.1745 0.1745 0.1745 0.1745 0.1665 0.1665 0.17 0.17 0.17 0.1685 0.1685 0.1845 0.1845 0.1935 0.1935 0.1935 0.184 0.184 0.183 0.183 0.192 0.192 0.2095 0.2095 0.2095 0.1915 0.1915 0.183 0.183 0.175 0.175 0.175 0.1655 0.1655 0.167 0.167 0.1375 0.1375 0.1375 0.1545 0.1545 0.1425 0.1425 0.1295 0.1295 0.1295 0.144
0.1735 0.1735 0.1665 0.1665 0.153 0.153 0.1535 0.1535 0.1535 0.155 0.155 0.1475 0.1475 0.164 0.164 0.1645 0.1645 0.1645 0.1595 0.1595 0.145 0.145 0.158 0.158 0.158 0.1665 0.1665 0.176 0.176 0.1755 0.1755 0.1755 0.1895 0.1895 0.1905 0.1905 0.189 0.189 0.189 0.1905 0.1905 0.1875 0.1875 0.188 0.188 0.188 0.17 0.17 0.164 0.164 0.17 0.17 0.1895 0.1895 0.1895 0.1915 0.1915 0.1965 0.1965 0.168 0.168 0.168 0.1665 0.1665 0.136 0.136 0.1415 0.1415 0.1415 0.1405 0.1405 0.13 0.13 0.118 0.118 0.118 0.115
0.1735 0.1735 0.1665 0.1665 0.153 0.153 0.1535 0.1535 0.1535 0.155 0.155 0.1475 0.1475 0.164 0.164 0.1645 0.1645 0.1645 0.1595 0.1595 0.145 0.145 0.158 0.158 0.158 0.1665 0.1665 0.176 0.176 0.1755 0.1755 0.1755 0.1895 0.1895 0.1905 0.1905 0.189 0.189 0.189 0.1905 0.1905 0.1875 0.1875 0.188 0.188 0.188 0.17 0.17 0.164 0.164 0.17 0.17 0.1895 0.1895 0.1895 0.1915 0.1915 0.1965 0.1965 0.168 0.168 0.168 0.1665 0.1665 0.136 0.136 0.1415 0.1415 0.1415 0.1405 0.1405 0.13 0.13 0.118 0.118 0.118 0.115
0.1765 0.1765 0.1725 0.1725 0.1625 0.1625 0.1605 0.1605 0.1605 0.1545 0.1545 0.1475 0.1475 0.1495 0.1495 0.159 0.159 0.159 0.168 0.168 0.1735 0.1735 0.1715 0.1715 0.1715 0.1665 0.1665 0.181 0.181 0.188 0.188 0.188 0.213 0.213 0.219 0.219 0.1925 0.1925 0.1925 0.151 0.151 0.1525 0.1525 0.1645 0.1645 0.1645 0.165 0.165 0.2075 0.2075 0.195 0.195 0.198 0.198 0.198 0.1755 0.1755 0.178 0.178 0.168 0.168 0.168 0.165 0.165 0.1555 0.1555 0.151 0.151 0.151 0.151 0.151 0.1515 0.1515 0.1325 0.1325 0.1325 0.1525
0.1765 0.1765 0.1725 0.1725 0.1625 0.1625 0.1605 0.1605 0.1605 0.1545 0.1545 0.1475 0.1475 0.1495 0.1495 0.159 0.159 0.159 0.168 0.168 0.1735 0.1735 0.1715 0.1715 0.1715 0.1665 0.1665 0.181 0.181 0.188 0.188 0.188 0.213 0.213 0.219 0.219 0.1925 0.1925 0.1925 0.151 0.151 0.1525 0.1525 0.1645 0.1645 0.1645 0.165 0.165 0.2075 0.2075 0.195 0.195 0.198 0.198 0.198 0.1755 0.1755 0.178 0.178 0.168 0.168 0.168 0.165 0.165 0.1555 0.1555 0.151 0.151 0.151 0.151 0.151 0.1515 0.1515 0.1325 0.1325 0.1325 0.1525
0.194 0.194 0.1745 0.1745 0.181 0.181 0.1725 0.1725 0.1725 0.1695 0.1695 0.1665 0.1665 0.168 0.168 0.1825 0.1825 0.1825 0.1915 0.1915 0.198 0.198 0.1975 0.1975 0.1975 0.195 0.195 0.213 0.213 0.206 0.206 0.206 0.2365 0.2365 0.232 0.232 0.1705 0.1705 0.1705 0.1605 0.1605 0.1535 0.1535 0.185 0.185 0.185 0.194 0.194 0.186 0.186 0.1875 0.1875 0.184 0.184 0.184 0.173 0.173 0.1745 0.1745 0.1655 0.1655 0.1655 0.175 0.175 0.16 0.16 0.162 0.162 0.162 0.17 0.17 0.1765 0.1765 0.1415 0.1415 0.1415 0.1325
0.194 0.194 0.1745 0.1745 0.181 0.181 0.1725 0.1725 0.1725 0.1695 0.1695 0.1665 0.1665 0.168 0.168 0.1825 0.1825 0.1825 0.1915 0.1915 0.198 0.198 0.1975 0.1975 0.1975 0.195 0.195 0.213 0.213 0.206 0.206 0.206 0.2365 0.2365 0.232 0.232 0.1705 0.1705 0.1705 0.1605 0.1605 0.1535 0.1535 0.185 0.185 0.185 0.194 0.194 0.186 0.186 0.1875 0.1875 0.184 0.184 0.184 0.173 0.173 0.1745 0.1745 0.1655 0.1655 0.1655 0.175 0.175 0.16 0.16 0.162 0.162 0.162 0.17 0.17 0.1765 0.1765 0.1415 0.1415 0.1415 0.1325
0.194 0.194 0.1745 0.1745 0.181 0.181 0.1725 0.1725 0.1725 0.1695 0.1695 0.1665 0.1665 0.168 0.168 0.1825 0.1825 0.1825 0.1915 0.1915 0.198 0.198 0.1975 0.1975 0.1975 0.195 0.195 0.213 0.213 0.206 0.206 0.206 0.2365 0.2365 0.232 0.232 0.1705 0.1705 0.1705 0.1605 0.1605 0.1535 0.1535 0.185 0.185 0.185 0.194 0.194 0.186 0.186 0.1875 0.1875 0.184 0.184 0.184 0.173 0.173 0.1745 0.1745 0.1655 0.1655 0.1655 0.175 0.175 0.16 0.16 0.162 0.162 0.162 0.17 0.17 0.1765 0.1765 0.1415 0.1415 0.1415 0.1325
0.195 0.195 0.189 0.189 0.185 0.185 0.1985 0.1985 0.1985 0.2025 0.2025 0.1975 0.1975 0.2015 0.2015 0.2025 0.2025 0.2025 0.201 0.201 0.2045 0.2045 0.2085 0.2085 0.2085 0.2095 0.2095 0.202 0.202 0.194 0.194 0.194 0.192 0.192 0.225 0.225 0.203 0.203 0.203 0.1475 0.1475 0.1615 0.1615 0.1535 0.1535 0.1535 0.1745 0.1745 0.157 0.157 0.1785 0.1785 0.1825 0.1825 0.1825 0.1805 0.1805 0.175 0.175 0.1775 0.1775 0.1775 0.195 0.195 0.195 0.195 0.2055 0.2055 0.2055 0.2105 0.2105 0.2065 0.2065 0.174 0.174 0.174 0.13
0.195 0.195 0.189 0.189 0.185 0.185 0.1985 0.1985 0.1985 0.2025 0.2025 0.1975 0.1975 0.2015 0.2015 0.2025 0.2025 0.2025 0.201 0.201 0.2045 0.2045 0.2085 0.2085 0.2085 0.2095 0.2095 0.202 0.202 0.194 0.194 0.194 0.192 0.192 0.225 0.225 0.203 0.203 0.203 0.1475 0.1475 0.1615 0.1615 0.1535 0.1535 0.1535 0.1745 0.1745 0.157 0.157 0.1785 0.1785 0.1825 0.1825 0.1825 0.1805 0.1805 0.175 0.175 0.1775 0.1775 0.1775 0.195 0.195 0.195 0.195 0.2055 0.2055 0.2055 0.2105 0.2105 0.2065 0.2065 0.174 0.174 0.174 0.13
0.2005 0.2005 0.1955 0.1955 0.2095 0.2095 0.198 0.198 0.198 0.2065 0.2065 0.21 0.21 0.205 0.205 0.2085 0.2085 0.2085 0.209 0.209 0.2065 0.2065 0.2085 0.2085 0.2085 0.2005 0.2005 0.1965 0.1965 0.1925 0.1925 0.1925 0.1825 0.1825 0.2135 0.2135 0.191 0.191 0.191 0.184 0.184 0.155 0.155 0.154 0.154 0.154 0.148 0.148 0.15 0.15 0.201 0.201 0.204 0.204 0.204 0.202 0.202 0.217 0.217 0.239 0.239 0.239 0.2265 0.2265 0.2185 0.2185 0.2075 0.2075 0.2075 0.1895 0.1895 0.201 0.201 0.177 0.177 0.177 0.121
0.2005 0.2005 0.1955 0.1955 0.2095 0.2095 0.198 0.198 0.198 0.2065 0.2065 0.21 0.21 0.205 0.205 0.2085 0.2085 0.2085 0.209 0.209 0.2065 0.2065 0.2085 0.2085 0.2085 0.2005 0.2005 0.1965 0.1965 0.1925 0.1925 0.1925 0.1825 0.1825 0.2135 0.2135 0.191 0.191 0.191 0.184 0.184 0.155 0.155 0.154 0.154 0.154 0.148 0.148 0.15 0.15 0.201 0.201 0.204 0.204 0.204 0.202 0.202 0.217 0.217 0.239 0.239 0.239 0.2265 0.2265 0.2185 0.2185 0.2075 0.2075 0.2075 0.1895 0.1895 0.201 0.201 0.177 0.177 0.177 0.121
0.282 0.282 0.2305 0.2305 0.238 0.238 0.215 0.215 0.215 0.216 0.216 0.217 0.217 0.223 0.223 0.213 0.213 0.213 0.21 0.21 0.202 0.202 0.2025 0.2025 0.2025 0.1945 0.1945 0.2025 0.2025 0.192 0.192 0.192 0.1695 0.1695 0.1805 0.1805 0.1785 0.1785 0.1785 0.18 0.18 0.144 0.144 0.149 0.149 0.149 0.145 0.145 0.18 0.18 0.2085 0.2085 0.2035 0.2035 0.2035 0.2275 0.2275 0.228 0.228 0.2305 0.2305 0.2305 0.2205 0.2205 0.222 0.222 0.2 0.2 0.2 0.188 0.188 0.1715 0.1715 0.162 0.162 0.162 0.1225
0.282 0.282 0.2305 0.2305 0.238 0.238 0.215 0.215 0.215 0.216 0.216 0.217 0.217 0.223 0.223 0.213 0.213 0.213 0.21 0.21 0.202 0.202 0.2025 0.2025 0.2025 0.1945 0.1945 0.2025 0.2025 0.192 0.192 0.192 0.1695 0.1695 0.1805 0.1805 0.1785 0.1785 0.1785 0.18 0.18 0.144 0.144 0.149 0.149 0.149 0.145 0.145 0.18 0.18 0.2085 0.2085 0.2035 0.2035 0.2035 0.2275 0.2275 0.228 0.228 0.2305 0.2305 0.2305 0.2205 0.2205 0.222 0.222 0.2 0.2 0.2 0.188 0.188 0.1715 0.1715 0.162 0.162 0.162 0.1225
0.264 0.264 0.237 0.237 0.249 0.249 0.216 0.216 0.216 0.2245 0.2245 0.2265 0.2265 0.2245 0.2245 0.2225 0.2225 0.2225 0.2115 0.2115 0.2055 0.2055 0.1955 0.1955 0.1955 0.201 0.201 0.199 0.199 0.2 0.2 0.2 0.1785 0.1785 0.1925 0.1925 0.17 0.17 0.17 0.18 0.18 0.1635 0.1635 0.191 0.191 0.191 0.1895 0.1895 0.1465 0.1465 0.154 0.154 0.1855 0.1855 0.1855 0.2095 0.2095 0.2035 0.2035 0.223 0.223 0.223 0.2295 0.2295 0.217 0.217 0.2195 0.2195 0.2195 0.1795 0.1795 0.1645 0.1645 0.158 0.158 0.158 0.125
0.264 0.264 0.237 0.237 0.249 0.249 0.216 0.216 0.216 0.2245 0.2245 0.2265 0.2265 0.2245 0.2245 0.2225 0.2225 0.2225 0.2115 0.2115 0.2055 0.2055 0.1955 0.1955 0.1955 0.201 0.201 0.199 0.199 0.2 0.2 0.2 0.1785 0.1785 0.1925 0.1925 0.17 0.17 0.17 0.18 0.18 0.1635 0.1635 0.191 0.191 0.191 0.1895 0.1895 0.1465 0.1465 0.154 0.154 0.1855 0.1855 0.1855 0.2095 0.2095 0.2035 0.2035 0.223 0.223 0.223 0.2295 0.2295 0.217 0.217 0.2195 0.2195 0.2195 0.1795 0.1795 0.1645 0.1645 0.158 0.158 0.158 0.125
0.264 0.264 0.237 0.237 0.249 0.249 0.216 0.216 0.216 0.2245 0.2245 0.2265 0.2265 0.2245 0.2245 0.2225 0.2225 0.2225 0.2115 0.2115 0.2055 0.2055 0.1955 0.1955 0.1955 0.201 0.201 0.199 0.199 0.2 0.2 0.2 0.1785 0.1785 0.1925 0.1925 0.17 0.17 0.17 0.18 0.18 0.1635 0.1635 0.191 0.191 0.191 0.1895 0.1895 0.1465 0.1465 0.154 0.154 0.1855 0.1855 0.1855 0.2095 0.2095 0.2035 0.2035 0.223 0.223 0.223 0.2295 0.2295 0.217 0.217 0.2195 0.2195 0.2195 0.1795 0.1795 0.1645 0.1645 0.158 0.158 0.158 0.125
0.2235 0.2235 0.212 0.212 0.2305 0.2305 0.22 0.22 0.22 0.2315 0.2315 0.2085 0.2085 0.21 0.21 0.208 0.208 0.208 0.1805 0.1805 0.197 0.197 0.218 0.218 0.218 0.204 0.204 0.2095 0.2095 0.208 0.208 0.208 0.216 0.216 0.216 0.216 0.2075 0.2075 0.2075 0.176 0.176 0.1595 0.1595 0.182 0.182 0.182 0.178 0.178 0.1345 0.1345 0.1275 0.1275 0.1395 0.1395 0.1395 0.133 0.133 0.1865 0.1865 0.219 0.219 0.219 0.228 0.228 0.234 0.234 0.2295 0.2295 0.2295 0.21 0.21 0.205 0.205 0.1695 0.1695 0.1695 0.148
0.2235 0.2235 0.212 0.212 0.2305 0.2305 0.22 0.22 0.22 0.2315 0.2315 0.2085 0.2085 0.21 0.21 0.208 0.208 0.208 0.1805 0.1805 0.197 0.197 0.218 0.218 0.218 0.204 0.204 0.2095 0.2095 0.208 0.208 0.208 0.216 0.216 0.216 0.216 0.2075 0.2075 0.2075 0.176 0.176 0.1595 0.1595 0.182 0.182 0.182 0.178 0.178 0.1345 0.1345 0.1275 0.1275 0.1395 0.1395 0.1395 0.133 0.133 0.1865 0.1865 0.219 0.219 0.219 0.228 0.228 0.234 0.234 0.2295 0.2295 0.2295 0.21 0.21 0.205 0.205 0.1695 0.1695 0.1695 0.148
0.222 0.222 0.2195 0.2195 0.257 0.257 0.2545 0.2545 0.2545 0.252 0.252 0.237 0.237 0.206 0.206 0.1865 0.1865 0.1865 0.1695 0.1695 0.21 0.21 0.2095 0.2095 0.2095 0.214 0.214 0.213 0.213 0.213 0.213 0.213 0.203 0.203 0.2055 0.2055 0.1975 0.1975 0.1975 0.2035 0.2035 0.157 0.157 0.1645 0.1645 0.1645 0.1575 0.1575 0.1225 0.1225 0.1295 0.1295 0.1295 0.1295 0.1295 0.1555 0.1555 0.1885 0.1885 0.22 0.22 0.22 0.226 0.226 0.2175 0.2175 0.2205 0.2205 0.2205 0.196 0.196 0.1915 0.1915 0.1765 0.1765 0.1765 0.1295
0.222 0.222 0.2195 0.2195 0.257 0.257 0.2545 0.2545 0.2545 0.252 0.252 0.237 0.237 0.206 0.206 0.1865 0.1865 0.1865 0.1695 0.1695 0.21 0.21 0.2095 0.2095 0.2095 0.214 0.214 0.213 0.213 0.213 0.213 0.213 0.203 0.203 0.2055 0.2055 0.1975 0.1975 0.1975 0.2035 0.2035 0.157 0.157 0.1645 0.1645 0.1645 0.1575 0.1575 0.1225 0.1225 0.1295 0.1295 0.1295 0.1295 0.1295 0.1555 0.1555 0.1885 0.1885 0.22 0.22 0.22 0.226 0.226 0.2175 0.2175 0.2205 0.2205 0.2205 0.196 0.196 0.1915 0.1915 0.1765 0.1765 0.1765 0.1295
0.2235 0.2235 0.219 0.219 0.2095 0.2095 0.2415 0.2415 0.2415 0.232 0.232 0.255 0.255 0.2385 0.2385 0.234 0.234 0.234 0.223 0.223 0.2375 0.2375 0.215 0.215 0.215 0.2125 0.2125 0.2275 0.2275 0.2105 0.2105 0.2105 0.2145 0.2145 0.207 0.207 0.2 0.2 0.2 0.2195 0.2195 0.18 0.18 0.1355 0.1355 0.1355 0.1475 0.1475 0.1405 0.1405 0.1455 0.1455 0.192 0.192 0.192 0.172 0.172 0.1845 0.1845 0.2375 0.2375 0.2375 0.2255 0.2255 0.224 0.224 0.2185 0.2185 0.2185 0.203 0.203 0.2095 0.2095 0.161 0.161 0.161 0.1365
0.2235 0.2235 0.219 0.219 0.2095 0.2095 0.2415 0.2415 0.2415 0.232 0.232 0.255 0.255 0.2385 0.2385 0.234 0.234 0.234 0.223 0.223 0.2375 0.2375 0.215 0.215 0.215 0.2125 0.2125 0.2275 0.2275 0.2105 0.2105 0.2105 0.2145 0.2145 0.207 0.207 0.2 0.2 0.2 0.2195 0.2195 0.18 0.18 0.1355 0.1355 0.1355 0.1475 0.1475 0.1405 0.1405 0.1455 0.1455 0.192 0.192 0.192 0.172 0.172 0.1845 0.1845 0.2375 0.2375 0.2375 0.2255 0.2255 0.224 0.224 0.2185 0.2185 0.2185 0.203 0.203 0.2095 0.2095 0.161 0.161 0.161 0.1365
0.2235 0.2235 0.219 0.219 0.2095 0.2095 0.2415 0.2415 0.2415 0.232 0.232 0.255 0.255 0.2385 0.2385 0.234 0.234 0.234 0.223 0.223 0.2375 0.2375 0.215 0.215 0.215 0.2125 0.2125 0.2275 0.2275 0.2105 0.2105 0.2105 0.2145 0.2145 0.207 0.207 0.2 0.2 0.2 0.2195 0.2195 0.18 0.18 0.1355 0.1355 0.1355 0.1475 0.1475 0.1405 0.1405 0.1455 0.1455 0.192 0.192 0.192 0.172 0.172 0.1845 0.1845 0.2375 0.2375 0.2375 0.2255 0.2255 0.224 0.224 0.2185 0.2185 0.2185 0.203 0.203 0.2095 0.2095 0.161 0.161 0.161 0.1365
0.208 0.208 0.222 0.222 0.2025 0.2025 0.204 0.204 0.204 0.225 0.225 0.2225 0.2225 0.273 0.273 0.2255 0.2255 0.2255 0.2415 0.2415 0.2405 0.2405 0.2465 0.2465 0.2465 0.237 0.237 0.23 0.23 0.216 0.216 0.216 0.2115 0.2115 0.1985 0.1985 0.201 0.201 0.201 0.1995 0.1995 0.201 0.201 0.18 0.18 0.18 0.1415 0.1415 0.187 0.187 0.1845 0.1845 0.188 0.188 0.188 0.201 0.201 0.194 0.194 0.2225 0.2225 0.2225 0.2225 0.2225 0.234 0.234 0.2225 0.2225 0.2225 0.215 0.215 0.205 0.205 0.1965 0.1965 0.1965 0.1415
