ndvi/NOAA-39.asc
ncols         252
nrows         154
xllcorner     -18.017974
yllcorner     13.481982
cellsize      0.035948
NODATA_value  -9999
[rows 68 to 101 of 154, columns 154 to 230 of 252]
0.137 0.142 0.142 0.138 0.138 0.138 0.1305 0.1305 0.1465 0.1465 0.1695 0.1695 0.191 0.191 0.191 0.214 0.214 0.2175 0.2175 0.2135 0.2135 0.2135 0.216 0.216 0.2055 0.2055 0.21 0.21 0.21 0.2015 0.2015 0.2115 0.2115 0.205 0.205 0.205 0.198 0.198 0.1955 0.1955 0.2 0.2 0.2 0.2035 0.2035 0.1995 0.1995 0.184 0.184 0.198 0.198 0.198 0.1915 0.1915 0.195 0.195 0.1995 0.1995 0.1995 0.2 0.2 0.1935 0.1935 0.1925 0.1925 0.1925 0.1695 0.1695 0.162 0.162 0.2025 0.2025 0.2025 0.197 0.197 0.189 0.189
0.132 0.144 0.144 0.139 0.139 0.139 0.1445 0.1445 0.1495 0.1495 0.152 0.152 0.1975 0.1975 0.1975 0.2075 0.2075 0.204 0.204 0.205 0.205 0.205 0.2005 0.2005 0.2075 0.2075 0.213 0.213 0.213 0.1885 0.1885 0.203 0.203 0.1925 0.1925 0.1925 0.188 0.188 0.1955 0.1955 0.1925 0.1925 0.1925 0.184 0.184 0.2005 0.2005 0.192 0.192 0.2065 0.2065 0.2065 0.199 0.199 0.2125 0.2125 0.194 0.194 0.194 0.203 0.203 0.199 0.199 0.1895 0.1895 0.1895 0.1625 0.1625 0.1845 0.1845 0.198 0.198 0.198 0.192 0.192 0.1845 0.1845
0.132 0.144 0.144 0.139 0.139 0.139 0.1445 0.1445 0.1495 0.1495 0.152 0.152 0.1975 0.1975 0.1975 0.2075 0.2075 0.204 0.204 0.205 0.205 0.205 0.2005 0.2005 0.2075 0.2075 0.213 0.213 0.213 0.1885 0.1885 0.203 0.203 0.1925 0.1925 0.1925 0.188 0.188 0.1955 0.1955 0.1925 0.1925 0.1925 0.184 0.184 0.2005 0.2005 0.192 0.192 0.2065 0.2065 0.2065 0.199 0.199 0.2125 0.2125 0.194 0.194 0.194 0.203 0.203 0.199 0.199 0.1895 0.1895 0.1895 0.1625 0.1625 0.1845 0.1845 0.198 0.198 0.198 0.192 0.192 0.1845 0.1845
0.1645 0.165 0.165 0.1605 0.1605 0.1605 0.1445 0.1445 0.1545 0.1545 0.155 0.155 0.193 0.193 0.193 0.196 0.196 0.217 0.217 0.1985 0.1985 0.1985 0.196 0.196 0.1865 0.1865 0.196 0.196 0.196 0.1905 0.1905 0.1975 0.1975 0.1945 0.1945 0.1945 0.174 0.174 0.1965 0.1965 0.1875 0.1875 0.1875 0.179 0.179 0.1795 0.1795 0.1915 0.1915 0.2045 0.2045 0.2045 0.2025 0.2025 0.203 0.203 0.2015 0.2015 0.2015 0.2105 0.2105 0.201 0.201 0.199 0.199 0.199 0.1945 0.1945 0.191 0.191 0.1955 0.1955 0.1955 0.191 0.191 0.22 0.22
0.1645 0.165 0.165 0.1605 0.1605 0.1605 0.1445 0.1445 0.1545 0.1545 0.155 0.155 0.193 0.193 0.193 0.196 0.196 0.217 0.217 0.1985 0.1985 0.1985 0.196 0.196 0.1865 0.1865 0.196 0.196 0.196 0.1905 0.1905 0.1975 0.1975 0.1945 0.1945 0.1945 0.174 0.174 0.1965 0.1965 0.1875 0.1875 0.1875 0.179 0.179 0.1795 0.1795 0.1915 0.1915 0.2045 0.2045 0.2045 0.2025 0.2025 0.203 0.203 0.2015 0.2015 0.2015 0.2105 0.2105 0.201 0.201 0.199 0.199 0.199 0.1945 0.1945 0.191 0.191 0.1955 0.1955 0.1955 0.191 0.191 0.22 0.22
0.1645 0.165 0.165 0.1605 0.1605 0.1605 0.1445 0.1445 0.1545 0.1545 0.155 0.155 0.193 0.193 0.193 0.196 0.196 0.217 0.217 0.1985 0.1985 0.1985 0.196 0.196 0.1865 0.1865 0.196 0.196 0.196 0.1905 0.1905 0.1975 0.1975 0.1945 0.1945 0.1945 0.174 0.174 0.1965 0.1965 0.1875 0.1875 0.1875 0.179 0.179 0.1795 0.1795 0.1915 0.1915 0.2045 0.2045 0.2045 0.2025 0.2025 0.203 0.203 0.2015 0.2015 0.2015 0.2105 0.2105 0.201 0.201 0.199 0.199 0.199 0.1945 0.1945 0.191 0.191 0.1955 0.1955 0.1955 0.191 0.191 0.22 0.22
0.1535 0.1605 0.1605 0.166 0.166 0.166 0.163 0.163 0.164 0.164 0.151 0.151 0.1885 0.1885 0.1885 0.1975 0.1975 0.2105 0.2105 0.1995 0.1995 0.1995 0.1995 0.1995 0.188 0.188 0.1995 0.1995 0.1995 0.199 0.199 0.209 0.209 0.192 0.192 0.192 0.1905 0.1905 0.192 0.192 0.203 0.203 0.203 0.2065 0.2065 0.2105 0.2105 0.2065 0.2065 0.199 0.199 0.199 0.208 0.208 0.196 0.196 0.192 0.192 0.192 0.1975 0.1975 0.203 0.203 0.2045 0.2045 0.2045 0.2 0.2 0.1815 0.1815 0.195 0.195 0.195 0.201 0.201 0.218 0.218
0.1535 0.1605 0.1605 0.166 0.166 0.166 0.163 0.163 0.164 0.164 0.151 0.151 0.1885 0.1885 0.1885 0.1975 0.1975 0.2105 0.2105 0.1995 0.1995 0.1995 0.1995 0.1995 0.188 0.188 0.1995 0.1995 0.1995 0.199 0.199 0.209 0.209 0.192 0.192 0.192 0.1905 0.1905 0.192 0.192 0.203 0.203 0.203 0.2065 0.2065 0.2105 0.2105 0.2065 0.2065 0.199 0.199 0.199 0.208 0.208 0.196 0.196 0.192 0.192 0.192 0.1975 0.1975 0.203 0.203 0.2045 0.2045 0.2045 0.2 0.2 0.1815 0.1815 0.195 0.195 0.195 0.201 0.201 0.218 0.218
0.129 0.1595 0.1595 0.175 0.175 0.175 0.1445 0.1445 0.1595 0.1595 0.153 0.153 0.186 0.186 0.186 0.204 0.204 0.2055 0.2055 0.212 0.212 0.212 0.2 0.2 0.189 0.189 0.198 0.198 0.198 0.2045 0.2045 0.21 0.21 0.1965 0.1965 0.1965 0.1855 0.1855 0.206 0.206 0.2095 0.2095 0.2095 0.1985 0.1985 0.205 0.205 0.196 0.196 0.2015 0.2015 0.2015 0.205 0.205 0.188 0.188 0.2055 0.2055 0.2055 0.192 0.192 0.191 0.191 0.202 0.202 0.202 0.2055 0.2055 0.2 0.2 0.2065 0.2065 0.2065 0.207 0.207 0.206 0.206
0.129 0.1595 0.1595 0.175 0.175 0.175 0.1445 0.1445 0.1595 0.1595 0.153 0.153 0.186 0.186 0.186 0.204 0.204 0.2055 0.2055 0.212 0.212 0.212 0.2 0.2 0.189 0.189 0.198 0.198 0.198 0.2045 0.2045 0.21 0.21 0.1965 0.1965 0.1965 0.1855 0.1855 0.206 0.206 0.2095 0.2095 0.2095 0.1985 0.1985 0.205 0.205 0.196 0.196 0.2015 0.2015 0.2015 0.205 0.205 0.188 0.188 0.2055 0.2055 0.2055 0.192 0.192 0.191 0.191 0.202 0.202 0.202 0.2055 0.2055 0.2 0.2 0.2065 0.2065 0.2065 0.207 0.207 0.206 0.206
0.1295 0.1325 0.1325 0.145 0.145 0.145 0.1435 0.1435 0.1595 0.1595 0.147 0.147 0.1815 0.1815 0.1815 0.194 0.194 0.206 0.206 0.196 0.196 0.196 0.2015 0.2015 0.1915 0.1915 0.1905 0.1905 0.1905 0.187 0.187 0.1895 0.1895 0.1845 0.1845 0.1845 0.188 0.188 0.1945 0.1945 0.203 0.203 0.203 0.199 0.199 0.198 0.198 0.192 0.192 0.2005 0.2005 0.2005 0.2025 0.2025 0.2015 0.2015 0.202 0.202 0.202 0.1975 0.1975 0.202 0.202 0.2085 0.2085 0.2085 0.225 0.225 0.223 0.223 0.217 0.217 0.217 0.2045 0.2045 0.215 0.215
0.1295 0.1325 0.1325 0.145 0.145 0.145 0.1435 0.1435 0.1595 0.1595 0.147 0.147 0.1815 0.1815 0.1815 0.194 0.194 0.206 0.206 0.196 0.196 0.196 0.2015 0.2015 0.1915 0.1915 0.1905 0.1905 0.1905 0.187 0.187 0.1895 0.1895 0.1845 0.1845 0.1845 0.188 0.188 0.1945 0.1945 0.203 0.203 0.203 0.199 0.199 0.198 0.198 0.192 0.192 0.2005 0.2005 0.2005 0.2025 0.2025 0.2015 0.2015 0.202 0.202 0.202 0.1975 0.1975 0.202 0.202 0.2085 0.2085 0.2085 0.225 0.225 0.223 0.223 0.217 0.217 0.217 0.2045 0.2045 0.215 0.215
0.124 0.1255 0.1255 0.137 0.137 0.137 0.135 0.135 0.1315 0.1315 0.1475 0.1475 0.1795 0.1795 0.1795 0.19 0.19 0.201 0.201 0.1965 0.1965 0.1965 0.203 0.203 0.2085 0.2085 0.1985 0.1985 0.1985 0.199 0.199 0.188 0.188 0.1855 0.1855 0.1855 0.18 0.18 0.198 0.198 0.193 0.193 0.193 0.1845 0.1845 0.1875 0.1875 0.1855 0.1855 0.1915 0.1915 0.1915 0.195 0.195 0.2125 0.2125 0.2125 0.2125 0.2125 0.211 0.211 0.217 0.217 0.225 0.225 0.225 0.226 0.226 0.2175 0.2175 0.215 0.215 0.215 0.2255 0.2255 0.2185 0.2185
0.124 0.1255 0.1255 0.137 0.137 0.137 0.135 0.135 0.1315 0.1315 0.1475 0.1475 0.1795 0.1795 0.1795 0.19 0.19 0.201 0.201 0.1965 0.1965 0.1965 0.203 0.203 0.2085 0.2085 0.1985 0.1985 0.1985 0.199 0.199 0.188 0.188 0.1855 0.1855 0.1855 0.18 0.18 0.198 0.198 0.193 0.193 0.193 0.1845 0.1845 0.1875 0.1875 0.1855 0.1855 0.1915 0.1915 0.1915 0.195 0.195 0.2125 0.2125 0.2125 0.2125 0.2125 0.211 0.211 0.217 0.217 0.225 0.225 0.225 0.226 0.226 0.2175 0.2175 0.215 0.215 0.215 0.2255 0.2255 0.2185 0.2185
0.124 0.1255 0.1255 0.137 0.137 0.137 0.135 0.135 0.1315 0.1315 0.1475 0.1475 0.1795 0.1795 0.1795 0.19 0.19 0.201 0.201 0.1965 0.1965 0.1965 0.203 0.203 0.2085 0.2085 0.1985 0.1985 0.1985 0.199 0.199 0.188 0.188 0.1855 0.1855 0.1855 0.18 0.18 0.198 0.198 0.193 0.193 0.193 0.1845 0.1845 0.1875 0.1875 0.1855 0.1855 0.1915 0.1915 0.1915 0.195 0.195 0.2125 0.2125 0.2125 0.2125 0.2125 0.211 0.211 0.217 0.217 0.225 0.225 0.225 0.226 0.226 0.2175 0.2175 0.215 0.215 0.215 0.2255 0.2255 0.2185 0.2185
0.13 0.1465 0.1465 0.145 0.145 0.145 0.13 0.13 0.135 0.135 0.183 0.183 0.19 0.19 0.19 0.1985 0.1985 0.2135 0.2135 0.214 0.214 0.214 0.205 0.205 0.2015 0.2015 0.186 0.186 0.186 0.17 0.17 0.18 0.18 0.1905 0.1905 0.1905 0.174 0.174 0.1855 0.1855 0.2055 0.2055 0.2055 0.1905 0.1905 0.188 0.188 0.208 0.208 0.2125 0.2125 0.2125 0.2215 0.2215 0.204 0.204 0.214 0.214 0.214 0.2165 0.2165 0.2155 0.2155 0.226 0.226 0.226 0.221 0.221 0.2265 0.2265 0.227 0.227 0.227 0.2215 0.2215 0.2185 0.2185
0.13 0.1465 0.1465 0.145 0.145 0.145 0.13 0.13 0.135 0.135 0.183 0.183 0.19 0.19 0.19 0.1985 0.1985 0.2135 0.2135 0.214 0.214 0.214 0.205 0.205 0.2015 0.2015 0.186 0.186 0.186 0.17 0.17 0.18 0.18 0.1905 0.1905 0.1905 0.174 0.174 0.1855 0.1855 0.2055 0.2055 0.2055 0.1905 0.1905 0.188 0.188 0.208 0.208 0.2125 0.2125 0.2125 0.2215 0.2215 0.204 0.204 0.214 0.214 0.214 0.2165 0.2165 0.2155 0.2155 0.226 0.226 0.226 0.221 0.221 0.2265 0.2265 0.227 0.227 0.227 0.2215 0.2215 0.2185 0.2185
0.14 0.145 0.145 0.146 0.146 0.146 0.133 0.133 0.1635 0.1635 0.19 0.19 0.1915 0.1915 0.1915 0.207 0.207 0.2205 0.2205 0.2135 0.2135 0.2135 0.2125 0.2125 0.2055 0.2055 0.189 0.189 0.189 0.1915 0.1915 0.1875 0.1875 0.178 0.178 0.178 0.188 0.188 0.1855 0.1855 0.2175 0.2175 0.2175 0.21 0.21 0.219 0.219 0.2135 0.2135 0.2145 0.2145 0.2145 0.206 0.206 0.2165 0.2165 0.205 0.205 0.205 0.2155 0.2155 0.214 0.214 0.2295 0.2295 0.2295 0.232 0.232 0.237 0.237 0.2315 0.2315 0.2315 0.23 0.23 0.2275 0.2275
0.14 0.145 0.145 0.146 0.146 0.146 0.133 0.133 0.1635 0.1635 0.19 0.19 0.1915 0.1915 0.1915 0.207 0.207 0.2205 0.2205 0.2135 0.2135 0.2135 0.2125 0.2125 0.2055 0.2055 0.189 0.189 0.189 0.1915 0.1915 0.1875 0.1875 0.178 0.178 0.178 0.188 0.188 0.1855 0.1855 0.2175 0.2175 0.2175 0.21 0.21 0.219 0.219 0.2135 0.2135 0.2145 0.2145 0.2145 0.206 0.206 0.2165 0.2165 0.205 0.205 0.205 0.2155 0.2155 0.214 0.214 0.2295 0.2295 0.2295 0.232 0.232 0.237 0.237 0.2315 0.2315 0.2315 0.23 0.23 0.2275 0.2275
0.158 0.1615 0.1615 0.16 0.16 0.16 0.1345 0.1345 0.156 0.156 0.186 0.186 0.195 0.195 0.195 0.201 0.201 0.205 0.205 0.215 0.215 0.215 0.2245 0.2245 0.216 0.216 0.2055 0.2055 0.2055 0.185 0.185 0.185 0.185 0.1845 0.1845 0.1845 0.187 0.187 0.1885 0.1885 0.212 0.212 0.212 0.2095 0.2095 0.215 0.215 0.212 0.212 0.212 0.212 0.212 0.213 0.213 0.2095 0.2095 0.203 0.203 0.203 0.207 0.207 0.2095 0.2095 0.2275 0.2275 0.2275 0.229 0.229 0.2295 0.2295 0.2295 0.2295 0.2295 0.2385 0.2385 0.2165 0.2165
0.158 0.1615 0.1615 0.16 0.16 0.16 0.1345 0.1345 0.156 0.156 0.186 0.186 0.195 0.195 0.195 0.201 0.201 0.205 0.205 0.215 0.215 0.215 0.2245 0.2245 0.216 0.216 0.2055 0.2055 0.2055 0.185 0.185 0.185 0.185 0.1845 0.1845 0.1845 0.187 0.187 0.1885 0.1885 0.212 0.212 0.212 0.2095 0.2095 0.215 0.215 0.212 0.212 0.212 0.212 0.212 0.213 0.213 0.2095 0.2095 0.203 0.203 0.203 0.207 0.207 0.2095 0.2095 0.2275 0.2275 0.2275 0.229 0.229 0.2295 0.2295 0.2295 0.2295 0.2295 0.2385 0.2385 0.2165 0.2165
0.158 0.1615 0.1615 0.16 0.16 0.16 0.1345 0.1345 0.156 0.156 0.186 0.186 0.195 0.195 0.195 0.201 0.201 0.205 0.205 0.215 0.215 0.215 0.2245 0.2245 0.216 0.216 0.2055 0.2055 0.2055 0.185 0.185 0.185 0.185 0.1845 0.1845 0.1845 0.187 0.187 0.1885 0.1885 0.212 0.212 0.212 0.2095 0.2095 0.215 0.215 0.212 0.212 0.212 0.212 0.212 0.213 0.213 0.2095 0.2095 0.203 0.203 0.203 0.207 0.207 0.2095 0.2095 0.2275 0.2275 0.2275 0.229 0.229 0.2295 0.2295 0.2295 0.2295 0.2295 0.2385 0.2385 0.2165 0.2165
0.1485 0.161 0.161 0.164 0.164 0.164 0.16 0.16 0.18 0.18 0.182 0.182 0.1905 0.1905 0.1905 0.2085 0.2085 0.215 0.215 0.224 0.224 0.224 0.207 0.207 0.198 0.198 0.189 0.189 0.189 0.1875 0.1875 0.195 0.195 0.184 0.184 0.184 0.212 0.212 0.2105 0.2105 0.214 0.214 0.214 0.213 0.213 0.2105 0.2105 0.216 0.216 0.222 0.222 0.222 0.2215 0.2215 0.211 0.211 0.2165 0.2165 0.2165 0.202 0.202 0.2105 0.2105 0.2145 0.2145 0.2145 0.2235 0.2235 0.2315 0.2315 0.2265 0.2265 0.2265 0.2335 0.2335 0.2325 0.2325
0.1485 0.161 0.161 0.164 0.164 0.164 0.16 0.16 0.18 0.18 0.182 0.182 0.1905 0.1905 0.1905 0.2085 0.2085 0.215 0.215 0.224 0.224 0.224 0.207 0.207 0.198 0.198 0.189 0.189 0.189 0.1875 0.1875 0.195 0.195 0.184 0.184 0.184 0.212 0.212 0.2105 0.2105 0.214 0.214 0.214 0.213 0.213 0.2105 0.2105 0.216 0.216 0.222 0.222 0.222 0.2215 0.2215 0.211 0.211 0.2165 0.2165 0.2165 0.202 0.202 0.2105 0.2105 0.2145 0.2145 0.2145 0.2235 0.2235 0.2315 0.2315 0.2265 0.2265 0.2265 0.2335 0.2335 0.2325 0.2325
0.162 0.1675 0.1675 0.1555 0.1555 0.1555 0.16 0.16 0.169 0.169 0.179 0.179 0.194 0.194 0.194 0.2155 0.2155 0.224 0.224 0.223 0.223 0.223 0.203 0.203 0.2075 0.2075 0.1815 0.1815 0.1815 0.189 0.189 0.188 0.188 0.1895 0.1895 0.1895 0.2165 0.2165 0.2205 0.2205 0.209 0.209 0.209 0.214 0.214 0.2185 0.2185 0.222 0.222 0.2165 0.2165 0.2165 0.212 0.212 0.2115 0.2115 0.211 0.211 0.211 0.2185 0.2185 0.21 0.21 0.228 0.228 0.228 0.2265 0.2265 0.225 0.225 0.233 0.233 0.233 0.238 0.238 0.241 0.241
0.162 0.1675 0.1675 0.1555 0.1555 0.1555 0.16 0.16 0.169 0.169 0.179 0.179 0.194 0.194 0.194 0.2155 0.2155 0.224 0.224 0.223 0.223 0.223 0.203 0.203 0.2075 0.2075 0.1815 0.1815 0.1815 0.189 0.189 0.188 0.188 0.1895 0.1895 0.1895 0.2165 0.2165 0.2205 0.2205 0.209 0.209 0.209 0.214 0.214 0.2185 0.2185 0.222 0.222 0.2165 0.2165 0.2165 0.212 0.212 0.2115 0.2115 0.211 0.211 0.211 0.2185 0.2185 0.21 0.21 0.228 0.228 0.228 0.2265 0.2265 0.225 0.225 0.233 0.233 0.233 0.238 0.238 0.241 0.241
0.1755 0.1635 0.1635 0.1785 0.1785 0.1785 0.192 0.192 0.191 0.191 0.1905 0.1905 0.2075 0.2075 0.2075 0.2035 0.2035 0.201 0.201 0.201 0.201 0.201 0.1865 0.1865 0.193 0.193 0.1855 0.1855 0.1855 0.1905 0.1905 0.202 0.202 0.217 0.217 0.217 0.207 0.207 0.2265 0.2265 0.2235 0.2235 0.2235 0.2305 0.2305 0.2325 0.2325 0.23 0.23 0.211 0.211 0.211 0.208 0.208 0.2005 0.2005 0.212 0.212 0.212 0.214 0.214 0.211 0.211 0.228 0.228 0.228 0.2245 0.2245 0.224 0.224 0.2305 0.2305 0.2305 0.224 0.224 0.259 0.259
0.1755 0.1635 0.1635 0.1785 0.1785 0.1785 0.192 0.192 0.191 0.191 0.1905 0.1905 0.2075 0.2075 0.2075 0.2035 0.2035 0.201 0.201 0.201 0.201 0.201 0.1865 0.1865 0.193 0.193 0.1855 0.1855 0.1855 0.1905 0.1905 0.202 0.202 0.217 0.217 0.217 0.207 0.207 0.2265 0.2265 0.2235 0.2235 0.2235 0.2305 0.2305 0.2325 0.2325 0.23 0.23 0.211 0.211 0.211 0.208 0.208 0.2005 0.2005 0.212 0.212 0.212 0.214 0.214 0.211 0.211 0.228 0.228 0.228 0.2245 0.2245 0.224 0.224 0.2305 0.2305 0.2305 0.224 0.224 0.259 0.259
0.1755 0.1635 0.1635 0.1785 0.1785 0.1785 0.192 0.192 0.191 0.191 0.1905 0.1905 0.2075 0.2075 0.2075 0.2035 0.2035 0.201 0.201 0.201 0.201 0.201 0.1865 0.1865 0.193 0.193 0.1855 0.1855 0.1855 0.1905 0.1905 0.202 0.202 0.217 0.217 0.217 0.207 0.207 0.2265 0.2265 0.2235 0.2235 0.2235 0.2305 0.2305 0.2325 0.2325 0.23 0.23 0.211 0.211 0.211 0.208 0.208 0.2005 0.2005 0.212 0.212 0.212 0.214 0.214 0.211 0.211 0.228 0.228 0.228 0.2245 0.2245 0.224 0.224 0.2305 0.2305 0.2305 0.224 0.224 0.259 0.259
0.165 0.17 0.17 0.171 0.171 0.171 0.1935 0.1935 0.185 0.185 0.187 0.187 0.192 0.192 0.192 0.186 0.186 0.1895 0.1895 0.1975 0.1975 0.1975 0.187 0.187 0.1805 0.1805 0.1895 0.1895 0.1895 0.1985 0.1985 0.2095 0.2095 0.209 0.209 0.209 0.2085 0.2085 0.214 0.214 0.2255 0.2255 0.2255 0.2325 0.2325 0.2335 0.2335 0.225 0.225 0.2165 0.2165 0.2165 0.234 0.234 0.1915 0.1915 0.1905 0.1905 0.1905 0.2195 0.2195 0.2195 0.2195 0.2265 0.2265 0.2265 0.2115 0.2115 0.2155 0.2155 0.2195 0.2195 0.2195 0.2195 0.2195 0.241 0.241
0.165 0.17 0.17 0.171 0.171 0.171 0.1935 0.1935 0.185 0.185 0.187 0.187 0.192 0.192 0.192 0.186 0.186 0.1895 0.1895 0.1975 0.1975 0.1975 0.187 0.187 0.1805 0.1805 0.1895 0.1895 0.1895 0.1985 0.1985 0.2095 0.2095 0.209 0.209 0.209 0.2085 0.2085 0.214 0.214 0.2255 0.2255 0.2255 0.2325 0.2325 0.2335 0.2335 0.225 0.225 0.2165 0.2165 0.2165 0.234 0.234 0.1915 0.1915 0.1905 0.1905 0.1905 0.2195 0.2195 0.2195 0.2195 0.2265 0.2265 0.2265 0.2115 0.2115 0.2155 0.2155 0.2195 0.2195 0.2195 0.2195 0.2195 0.241 0.241
0.2005 0.1795 0.1795 0.1855 0.1855 0.1855 0.174 0.174 0.185 0.185 0.175 0.175 0.1715 0.1715 0.1715 0.18 0.18 0.208 0.208 0.223 0.223 0.223 0.208 0.208 0.1935 0.1935 0.201 0.201 0.201 0.2065 0.2065 0.2265 0.2265 0.2175 0.2175 0.2175 0.216 0.216 0.2075 0.2075 0.2315 0.2315 0.2315 0.229 0.229 0.2205 0.2205 0.2295 0.2295 0.2265 0.2265 0.2265 0.2055 0.2055 0.1915 0.1915 0.1955 0.1955 0.1955 0.198 0.198 0.201 0.201 0.1915 0.1915 0.1915 0.1925 0.1925 0.189 0.189 0.2075 0.2075 0.2075 0.217 0.217 0.223 0.223
0.2005 0.1795 0.1795 0.1855 0.1855 0.1855 0.174 0.174 0.185 0.185 0.175 0.175 0.1715 0.1715 0.1715 0.18 0.18 0.208 0.208 0.223 0.223 0.223 0.208 0.208 0.1935 0.1935 0.201 0.201 0.201 0.2065 0.2065 0.2265 0.2265 0.2175 0.2175 0.2175 0.216 0.216 0.2075 0.2075 0.2315 0.2315 0.2315 0.229 0.229 0.2205 0.2205 0.2295 0.2295 0.2265 0.2265 0.2265 0.2055 0.2055 0.1915 0.1915 0.1955 0.1955 0.1955 0.198 0.198 0.201 0.201 0.1915 0.1915 0.1915 0.1925 0.1925 0.189 0.189 0.2075 0.2075 0.2075 0.217 0.217 0.223 0.223
0.1895 0.1765 0.1765 0.1505 0.1505 0.1505 0.164 0.164 0.1695 0.1695 0.1995 0.1995 0.205 0.205 0.205 0.211 0.211 0.2165 0.2165 0.229 0.229 0.229 0.2145 0.2145 0.203 0.203 0.216 0.216 0.216 0.2045 0.2045 0.214 0.214 0.2095 0.2095 0.2095 0.2125 0.2125 0.216 0.216 0.214 0.214 0.214 0.2175 0.2175 0.214 0.214 0.222 0.222 0.2095 0.2095 0.2095 0.204 0.204 0.2025 0.2025 0.1975 0.1975 0.1975 0.1895 0.1895 0.1975 0.1975 0.193 0.193 0.193 0.1985 0.1985 0.1995 0.1995 0.195 0.195 0.195 0.2005 0.2005 0.215 0.215
