ndvi/NOAA-307.asc
ncols         252
nrows         154
xllcorner     -18.017974
yllcorner     13.481982
cellsize      0.035948
NODATA_value  -9999
[rows 102 to 135 of 154, columns 77 to 153 of 252]
0.2245 0.2245 0.212 0.212 0.2346 0.2346 0.2406 0.2406 0.2406 0.2075 0.2075 0.1965 0.1965 0.216 0.216 0.243 0.243 0.243 0.271 0.271 0.2365 0.2365 0.2346 0.2346 0.2346 0.2015 0.2015 0.2416 0.2416 0.2105 0.2105 0.2105 0.2085 0.2085 0.2165 0.2165 0.2285 0.2285 0.2285 0.2115 0.2115 0.2205 0.2205 0.2355 0.2355 0.2355 0.269 0.269 0.2535 0.2535 0.228 0.228 0.2795 0.2795 0.2795 0.256 0.256 0.2295 0.2295 0.2295 0.2295 0.2295 0.225 0.225 0.229 0.229 0.266 0.266 0.266 0.271 0.271 0.295 0.295 0.2735 0.2735 0.2735 0.2905
0.2145 0.2145 0.2065 0.2065 0.2401 0.2401 0.2301 0.2301 0.2301 0.212 0.212 0.2346 0.2346 0.2265 0.2265 0.2665 0.2665 0.2665 0.2476 0.2476 0.228 0.228 0.24 0.24 0.24 0.236 0.236 0.2055 0.2055 0.208 0.208 0.208 0.242 0.242 0.2457 0.2457 0.2045 0.2045 0.2045 0.201 0.201 0.238 0.238 0.227 0.227 0.227 0.263 0.263 0.311 0.311 0.3195 0.3195 0.2485 0.2485 0.2485 0.266 0.266 0.216 0.216 0.2095 0.2095 0.2095 0.2385 0.2385 0.2396 0.2396 0.217 0.217 0.217 0.215 0.215 0.278 0.278 0.218 0.218 0.218 0.2135
0.2145 0.2145 0.2065 0.2065 0.2401 0.2401 0.2301 0.2301 0.2301 0.212 0.212 0.2346 0.2346 0.2265 0.2265 0.2665 0.2665 0.2665 0.2476 0.2476 0.228 0.228 0.24 0.24 0.24 0.236 0.236 0.2055 0.2055 0.208 0.208 0.208 0.242 0.242 0.2457 0.2457 0.2045 0.2045 0.2045 0.201 0.201 0.238 0.238 0.227 0.227 0.227 0.263 0.263 0.311 0.311 0.3195 0.3195 0.2485 0.2485 0.2485 0.266 0.266 0.216 0.216 0.2095 0.2095 0.2095 0.2385 0.2385 0.2396 0.2396 0.217 0.217 0.217 0.215 0.215 0.278 0.278 0.218 0.218 0.218 0.2135
0.2145 0.2145 0.2065 0.2065 0.2401 0.2401 0.2301 0.2301 0.2301 0.212 0.212 0.2346 0.2346 0.2265 0.2265 0.2665 0.2665 0.2665 0.2476 0.2476 0.228 0.228 0.24 0.24 0.24 0.236 0.236 0.2055 0.2055 0.208 0.208 0.208 0.242 0.242 0.2457 0.2457 0.2045 0.2045 0.2045 0.201 0.201 0.238 0.238 0.227 0.227 0.227 0.263 0.263 0.311 0.311 0.3195 0.3195 0.2485 0.2485 0.2485 0.266 0.266 0.216 0.216 0.2095 0.2095 0.2095 0.2385 0.2385 0.2396 0.2396 0.217 0.217 0.217 0.215 0.215 0.278 0.278 0.218 0.218 0.218 0.2135
0.2155 0.2155 0.2145 0.2145 0.2165 0.2165 0.2175 0.2175 0.2175 0.204 0.204 0.2346 0.2346 0.2571 0.2571 0.2305 0.2305 0.2305 0.243 0.243 0.2225 0.2225 0.2505 0.2505 0.2505 0.3038 0.3038 0.1795 0.1795 0.1815 0.1815 0.1815 0.2245 0.2245 0.2005 0.2005 0.237 0.237 0.237 0.212 0.212 0.2035 0.2035 0.278 0.278 0.278 0.2875 0.2875 0.288 0.288 0.3037 0.3037 0.2875 0.2875 0.2875 0.3 0.3 0.2715 0.2715 0.2515 0.2515 0.2515 0.2265 0.2265 0.2165 0.2165 0.2215 0.2215 0.2215 0.19 0.19 0.2425 0.2425 0.2315 0.2315 0.2315 0.257
0.2155 0.2155 0.2145 0.2145 0.2165 0.2165 0.2175 0.2175 0.2175 0.204 0.204 0.2346 0.2346 0.2571 0.2571 0.2305 0.2305 0.2305 0.243 0.243 0.2225 0.2225 0.2505 0.2505 0.2505 0.3038 0.3038 0.1795 0.1795 0.1815 0.1815 0.1815 0.2245 0.2245 0.2005 0.2005 0.237 0.237 0.237 0.212 0.212 0.2035 0.2035 0.278 0.278 0.278 0.2875 0.2875 0.288 0.288 0.3037 0.3037 0.2875 0.2875 0.2875 0.3 0.3 0.2715 0.2715 0.2515 0.2515 0.2515 0.2265 0.2265 0.2165 0.2165 0.2215 0.2215 0.2215 0.19 0.19 0.2425 0.2425 0.2315 0.2315 0.2315 0.257
0.2185 0.2185 0.2417 0.2417 0.2095 0.2095 0.2231 0.2231 0.2231 0.2115 0.2115 0.1995 0.1995 0.228 0.228 0.2535 0.2535 0.2535 0.2505 0.2505 0.235 0.235 0.2285 0.2285 0.2285 0.219 0.219 0.3169 0.3169 0.3174 0.3174 0.3174 0.1965 0.1965 0.2686 0.2686 0.22 0.22 0.22 0.2585 0.2585 0.258 0.258 0.217 0.217 0.217 0.2595 0.2595 0.2725 0.2725 0.2785 0.2785 0.2375 0.2375 0.2375 0.293 0.293 0.3115 0.3115 0.2895 0.2895 0.2895 0.2605 0.2605 0.252 0.252 0.23 0.23 0.23 0.207 0.207 0.185 0.185 0.192 0.192 0.192 0.226
0.2185 0.2185 0.2417 0.2417 0.2095 0.2095 0.2231 0.2231 0.2231 0.2115 0.2115 0.1995 0.1995 0.228 0.228 0.2535 0.2535 0.2535 0.2505 0.2505 0.235 0.235 0.2285 0.2285 0.2285 0.219 0.219 0.3169 0.3169 0.3174 0.3174 0.3174 0.1965 0.1965 0.2686 0.2686 0.22 0.22 0.22 0.2585 0.2585 0.258 0.258 0.217 0.217 0.217 0.2595 0.2595 0.2725 0.2725 0.2785 0.2785 0.2375 0.2375 0.2375 0.293 0.293 0.3115 0.3115 0.2895 0.2895 0.2895 0.2605 0.2605 0.252 0.252 0.23 0.23 0.23 0.207 0.207 0.185 0.185 0.192 0.192 0.192 0.226
0.2335 0.2335 0.2065 0.2065 0.213 0.213 0.2275 0.2275 0.2275 0.216 0.216 0.247 0.247 0.2655 0.2655 0.2575 0.2575 0.2575 0.261 0.261 0.2605 0.2605 0.239 0.239 0.239 0.2455 0.2455 0.2266 0.2266 0.3489 0.3489 0.3489 0.3529 0.3529 0.2656 0.2656 0.2096 0.2096 0.2096 0.2031 0.2031 0.2226 0.2226 0.2306 0.2306 0.2306 0.2125 0.2125 0.2882 0.2882 0.2805 0.2805 0.3255 0.3255 0.3255 0.2975 0.2975 0.2675 0.2675 0.313 0.313 0.313 0.276 0.276 0.307 0.307 0.2845 0.2845 0.2845 0.2405 0.2405 0.2195 0.2195 0.2195 0.2195 0.2195 0.226
0.2335 0.2335 0.2065 0.2065 0.213 0.213 0.2275 0.2275 0.2275 0.216 0.216 0.247 0.247 0.2655 0.2655 0.2575 0.2575 0.2575 0.261 0.261 0.2605 0.2605 0.239 0.239 0.239 0.2455 0.2455 0.2266 0.2266 0.3489 0.3489 0.3489 0.3529 0.3529 0.2656 0.2656 0.2096 0.2096 0.2096 0.2031 0.2031 0.2226 0.2226 0.2306 0.2306 0.2306 0.2125 0.2125 0.2882 0.2882 0.2805 0.2805 0.3255 0.3255 0.3255 0.2975 0.2975 0.2675 0.2675 0.313 0.313 0.313 0.276 0.276 0.307 0.307 0.2845 0.2845 0.2845 0.2405 0.2405 0.2195 0.2195 0.2195 0.2195 0.2195 0.226
0.2335 0.2335 0.2065 0.2065 0.213 0.213 0.2275 0.2275 0.2275 0.216 0.216 0.247 0.247 0.2655 0.2655 0.2575 0.2575 0.2575 0.261 0.261 0.2605 0.2605 0.239 0.239 0.239 0.2455 0.2455 0.2266 0.2266 0.3489 0.3489 0.3489 0.3529 0.3529 0.2656 0.2656 0.2096 0.2096 0.2096 0.2031 0.2031 0.2226 0.2226 0.2306 0.2306 0.2306 0.2125 0.2125 0.2882 0.2882 0.2805 0.2805 0.3255 0.3255 0.3255 0.2975 0.2975 0.2675 0.2675 0.313 0.313 0.313 0.276 0.276 0.307 0.307 0.2845 0.2845 0.2845 0.2405 0.2405 0.2195 0.2195 0.2195 0.2195 0.2195 0.226
0.2806 0.2806 0.297 0.297 0.278 0.278 0.244 0.244 0.244 0.2575 0.2575 0.2701 0.2701 0.235 0.235 0.2645 0.2645 0.2645 0.3036 0.3036 0.3091 0.3091 0.2575 0.2575 0.2575 0.3017 0.3017 0.2335 0.2335 0.2866 0.2866 0.2866 0.2906 0.2906 0.3594 0.3594 0.3489 0.3489 0.3489 0.2401 0.2401 0.2231 0.2231 0.2636 0.2636 0.2636 0.2631 0.2631 0.257 0.257 0.284 0.284 0.3485 0.3485 0.3485 0.3125 0.3125 0.3145 0.3145 0.238 0.238 0.238 0.269 0.269 0.261 0.261 0.2315 0.2315 0.2315 0.2972 0.2972 0.252 0.252 0.2645 0.2645 0.2645 0.258
0.2806 0.2806 0.297 0.297 0.278 0.278 0.244 0.244 0.244 0.2575 0.2575 0.2701 0.2701 0.235 0.235 0.2645 0.2645 0.2645 0.3036 0.3036 0.3091 0.3091 0.2575 0.2575 0.2575 0.3017 0.3017 0.2335 0.2335 0.2866 0.2866 0.2866 0.2906 0.2906 0.3594 0.3594 0.3489 0.3489 0.3489 0.2401 0.2401 0.2231 0.2231 0.2636 0.2636 0.2636 0.2631 0.2631 0.257 0.257 0.284 0.284 0.3485 0.3485 0.3485 0.3125 0.3125 0.3145 0.3145 0.238 0.238 0.238 0.269 0.269 0.261 0.261 0.2315 0.2315 0.2315 0.2972 0.2972 0.252 0.252 0.2645 0.2645 0.2645 0.258
0.3161 0.3161 0.3256 0.3256 0.276 0.276 0.235 0.235 0.235 0.25 0.25 0.3121 0.3121 0.3 0.3 0.278 0.278 0.278 0.2855 0.2855 0.3406 0.3406 0.3696 0.3696 0.3696 0.3217 0.3217 0.2725 0.2725 0.3047 0.3047 0.3047 0.2656 0.2656 0.3283 0.3283 0.3639 0.3639 0.3639 0.2446 0.2446 0.2291 0.2291 0.2306 0.2306 0.2306 0.2365 0.2365 0.305 0.305 0.278 0.278 0.2945 0.2945 0.2945 0.2655 0.2655 0.278 0.278 0.2345 0.2345 0.2345 0.3062 0.3062 0.2405 0.2405 0.3499 0.3499 0.3499 0.3539 0.3539 0.2827 0.2827 0.239 0.239 0.239 0.2185
0.3161 0.3161 0.3256 0.3256 0.276 0.276 0.235 0.235 0.235 0.25 0.25 0.3121 0.3121 0.3 0.3 0.278 0.278 0.278 0.2855 0.2855 0.3406 0.3406 0.3696 0.3696 0.3696 0.3217 0.3217 0.2725 0.2725 0.3047 0.3047 0.3047 0.2656 0.2656 0.3283 0.3283 0.3639 0.3639 0.3639 0.2446 0.2446 0.2291 0.2291 0.2306 0.2306 0.2306 0.2365 0.2365 0.305 0.305 0.278 0.278 0.2945 0.2945 0.2945 0.2655 0.2655 0.278 0.278 0.2345 0.2345 0.2345 0.3062 0.3062 0.2405 0.2405 0.3499 0.3499 0.3499 0.3539 0.3539 0.2827 0.2827 0.239 0.239 0.239 0.2185
0.3026 0.3026 0.3031 0.3031 0.2836 0.2836 0.2861 0.2861 0.2861 0.269 0.269 0.269 0.269 0.2926 0.2926 0.2875 0.2875 0.2875 0.2905 0.2905 0.324 0.324 0.3095 0.3095 0.3095 0.2295 0.2295 0.2625 0.2625 0.2835 0.2835 0.2835 0.2781 0.2781 0.2931 0.2931 0.22 0.22 0.22 0.3178 0.3178 0.3183 0.3183 0.1955 0.1955 0.1955 0.226 0.226 0.3025 0.3025 0.2895 0.2895 0.2445 0.2445 0.2445 0.212 0.212 0.2912 0.2912 0.2155 0.2155 0.2155 0.2807 0.2807 0.2932 0.2932 0.2285 0.2285 0.2285 0.3554 0.3554 0.3147 0.3147 0.2901 0.2901 0.2901 0.2455
0.3026 0.3026 0.3031 0.3031 0.2836 0.2836 0.2861 0.2861 0.2861 0.269 0.269 0.269 0.269 0.2926 0.2926 0.2875 0.2875 0.2875 0.2905 0.2905 0.324 0.324 0.3095 0.3095 0.3095 0.2295 0.2295 0.2625 0.2625 0.2835 0.2835 0.2835 0.2781 0.2781 0.2931 0.2931 0.22 0.22 0.22 0.3178 0.3178 0.3183 0.3183 0.1955 0.1955 0.1955 0.226 0.226 0.3025 0.3025 0.2895 0.2895 0.2445 0.2445 0.2445 0.212 0.212 0.2912 0.2912 0.2155 0.2155 0.2155 0.2807 0.2807 0.2932 0.2932 0.2285 0.2285 0.2285 0.3554 0.3554 0.3147 0.3147 0.2901 0.2901 0.2901 0.2455
0.3026 0.3026 0.3031 0.3031 0.2836 0.2836 0.2861 0.2861 0.2861 0.269 0.269 0.269 0.269 0.2926 0.2926 0.2875 0.2875 0.2875 0.2905 0.2905 0.324 0.324 0.3095 0.3095 0.3095 0.2295 0.2295 0.2625 0.2625 0.2835 0.2835 0.2835 0.2781 0.2781 0.2931 0.2931 0.22 0.22 0.22 0.3178 0.3178 0.3183 0.3183 0.1955 0.1955 0.1955 0.226 0.226 0.3025 0.3025 0.2895 0.2895 0.2445 0.2445 0.2445 0.212 0.212 0.2912 0.2912 0.2155 0.2155 0.2155 0.2807 0.2807 0.2932 0.2932 0.2285 0.2285 0.2285 0.3554 0.3554 0.3147 0.3147 0.2901 0.2901 0.2901 0.2455
0.2926 0.2926 0.245 0.245 0.2776 0.2776 0.2551 0.2551 0.2551 0.2666 0.2666 0.3086 0.3086 0.2951 0.2951 0.2615 0.2615 0.2615 0.311 0.311 0.3556 0.3556 0.3491 0.3491 0.3491 0.3156 0.3156 0.308 0.308 0.3255 0.3255 0.3255 0.322 0.322 0.305 0.305 0.2465 0.2465 0.2465 0.2765 0.2765 0.2795 0.2795 0.284 0.284 0.284 0.2855 0.2855 0.3337 0.3337 0.3642 0.3642 0.253 0.253 0.253 0.3614 0.3614 0.3569 0.3569 0.3082 0.3082 0.3082 0.2425 0.2425 0.3182 0.3182 0.2992 0.2992 0.2992 0.264 0.264 0.234 0.234 0.2871 0.2871 0.2871 0.272
0.2926 0.2926 0.245 0.245 0.2776 0.2776 0.2551 0.2551 0.2551 0.2666 0.2666 0.3086 0.3086 0.2951 0.2951 0.2615 0.2615 0.2615 0.311 0.311 0.3556 0.3556 0.3491 0.3491 0.3491 0.3156 0.3156 0.308 0.308 0.3255 0.3255 0.3255 0.322 0.322 0.305 0.305 0.2465 0.2465 0.2465 0.2765 0.2765 0.2795 0.2795 0.284 0.284 0.284 0.2855 0.2855 0.3337 0.3337 0.3642 0.3642 0.253 0.253 0.253 0.3614 0.3614 0.3569 0.3569 0.3082 0.3082 0.3082 0.2425 0.2425 0.3182 0.3182 0.2992 0.2992 0.2992 0.264 0.264 0.234 0.234 0.2871 0.2871 0.2871 0.272
0.265 0.265 0.2735 0.2735 0.2776 0.2776 0.2991 0.2991 0.2991 0.2876 0.2876 0.2225 0.2225 0.2756 0.2756 0.3107 0.3107 0.3107 0.2986 0.2986 0.3226 0.3226 0.3421 0.3421 0.3421 0.2771 0.2771 0.281 0.281 0.2765 0.2765 0.2765 0.286 0.286 0.333 0.333 0.334 0.334 0.334 0.3175 0.3175 0.3475 0.3475 0.33 0.33 0.33 0.317 0.317 0.3675 0.3675 0.336 0.336 0.307 0.307 0.307 0.2925 0.2925 0.295 0.295 0.318 0.318 0.318 0.306 0.306 0.3015 0.3015 0.3225 0.3225 0.3225 0.299 0.299 0.3015 0.3015 0.272 0.272 0.272 0.3456
0.265 0.265 0.2735 0.2735 0.2776 0.2776 0.2991 0.2991 0.2991 0.2876 0.2876 0.2225 0.2225 0.2756 0.2756 0.3107 0.3107 0.3107 0.2986 0.2986 0.3226 0.3226 0.3421 0.3421 0.3421 0.2771 0.2771 0.281 0.281 0.2765 0.2765 0.2765 0.286 0.286 0.333 0.333 0.334 0.334 0.334 0.3175 0.3175 0.3475 0.3475 0.33 0.33 0.33 0.317 0.317 0.3675 0.3675 0.336 0.336 0.307 0.307 0.307 0.2925 0.2925 0.295 0.295 0.318 0.318 0.318 0.306 0.306 0.3015 0.3015 0.3225 0.3225 0.3225 0.299 0.299 0.3015 0.3015 0.272 0.272 0.272 0.3456
0.2924 0.2924 0.2526 0.2526 0.2691 0.2691 0.3066 0.3066 0.3066 0.2731 0.2731 0.2991 0.2991 0.265 0.265 0.2731 0.2731 0.2731 0.2961 0.2961 0.298 0.298 0.3476 0.3476 0.3476 0.329 0.329 0.2755 0.2755 0.2735 0.2735 0.2735 0.2885 0.2885 0.327 0.327 0.301 0.301 0.301 0.3045 0.3045 0.366 0.366 0.39 0.39 0.39 0.3425 0.3425 0.356 0.356 0.343 0.343 0.3185 0.3185 0.3185 0.355 0.355 0.325 0.325 0.3195 0.3195 0.3195 0.3155 0.3155 0.307 0.307 0.3395 0.3395 0.3395 0.351 0.351 0.366 0.366 0.3805 0.3805 0.3805 0.43
0.2924 0.2924 0.2526 0.2526 0.2691 0.2691 0.3066 0.3066 0.3066 0.2731 0.2731 0.2991 0.2991 0.265 0.265 0.2731 0.2731 0.2731 0.2961 0.2961 0.298 0.298 0.3476 0.3476 0.3476 0.329 0.329 0.2755 0.2755 0.2735 0.2735 0.2735 0.2885 0.2885 0.327 0.327 0.301 0.301 0.301 0.3045 0.3045 0.366 0.366 0.39 0.39 0.39 0.3425 0.3425 0.356 0.356 0.343 0.343 0.3185 0.3185 0.3185 0.355 0.355 0.325 0.325 0.3195 0.3195 0.3195 0.3155 0.3155 0.307 0.307 0.3395 0.3395 0.3395 0.351 0.351 0.366 0.366 0.3805 0.3805 0.3805 0.43
0.2737 0.2737 0.2481 0.2481 0.2491 0.2491 0.2716 0.2716 0.2716 0.3342 0.3342 0.3597 0.3597 0.3301 0.3301 0.2965 0.2965 0.2965 0.3165 0.3165 0.37 0.37 0.4071 0.4071 0.4071 0.3796 0.3796 0.2905 0.2905 0.3597 0.3597 0.3597 0.308 0.308 0.3345 0.3345 0.3465 0.3465 0.3465 0.3795 0.3795 0.39 0.39 0.3955 0.3955 0.3955 0.377 0.377 0.3705 0.3705 0.372 0.372 0.354 0.354 0.354 0.335 0.335 0.3225 0.3225 0.3895 0.3895 0.3895 0.324 0.324 0.387 0.387 0.3595 0.3595 0.3595 0.3565 0.3565 0.3915 0.3915 0.4475 0.4475 0.4475 0.4835
0.2737 0.2737 0.2481 0.2481 0.2491 0.2491 0.2716 0.2716 0.2716 0.3342 0.3342 0.3597 0.3597 0.3301 0.3301 0.2965 0.2965 0.2965 0.3165 0.3165 0.37 0.37 0.4071 0.4071 0.4071 0.3796 0.3796 0.2905 0.2905 0.3597 0.3597 0.3597 0.308 0.308 0.3345 0.3345 0.3465 0.3465 0.3465 0.3795 0.3795 0.39 0.39 0.3955 0.3955 0.3955 0.377 0.377 0.3705 0.3705 0.372 0.372 0.354 0.354 0.354 0.335 0.335 0.3225 0.3225 0.3895 0.3895 0.3895 0.324 0.324 0.387 0.387 0.3595 0.3595 0.3595 0.3565 0.3565 0.3915 0.3915 0.4475 0.4475 0.4475 0.4835
0.2737 0.2737 0.2481 0.2481 0.2491 0.2491 0.2716 0.2716 0.2716 0.3342 0.3342 0.3597 0.3597 0.3301 0.3301 0.2965 0.2965 0.2965 0.3165 0.3165 0.37 0.37 0.4071 0.4071 0.4071 0.3796 0.3796 0.2905 0.2905 0.3597 0.3597 0.3597 0.308 0.308 0.3345 0.3345 0.3465 0.3465 0.3465 0.3795 0.3795 0.39 0.39 0.3955 0.3955 0.3955 0.377 0.377 0.3705 0.3705 0.372 0.372 0.354 0.354 0.354 0.335 0.335 0.3225 0.3225 0.3895 0.3895 0.3895 0.324 0.324 0.387 0.387 0.3595 0.3595 0.3595 0.3565 0.3565 0.3915 0.3915 0.4475 0.4475 0.4475 0.4835
0.2221 0.2221 0.2591 0.2591 0.239 0.239 0.3067 0.3067 0.3067 0.3347 0.3347 0.3297 0.3297 0.3372 0.3372 0.3587 0.3587 0.3587 0.3441 0.3441 0.3815 0.3815 0.37 0.37 0.37 0.3856 0.3856 0.3611 0.3611 0.299 0.299 0.299 0.319 0.319 0.294 0.294 0.349 0.349 0.349 0.3895 0.3895 0.426 0.426 0.4165 0.4165 0.4165 0.411 0.411 0.4041 0.4041 0.3735 0.3735 0.4051 0.4051 0.4051 0.344 0.344 0.362 0.362 0.3795 0.3795 0.3795 0.328 0.328 0.3995 0.3995 0.3895 0.3895 0.3895 0.3645 0.3645 0.399 0.399 0.4865 0.4865 0.4865 0.498
0.2221 0.2221 0.2591 0.2591 0.239 0.239 0.3067 0.3067 0.3067 0.3347 0.3347 0.3297 0.3297 0.3372 0.3372 0.3587 0.3587 0.3587 0.3441 0.3441 0.3815 0.3815 0.37 0.37 0.37 0.3856 0.3856 0.3611 0.3611 0.299 0.299 0.299 0.319 0.319 0.294 0.294 0.349 0.349 0.349 0.3895 0.3895 0.426 0.426 0.4165 0.4165 0.4165 0.411 0.411 0.4041 0.4041 0.3735 0.3735 0.4051 0.4051 0.4051 0.344 0.344 0.362 0.362 0.3795 0.3795 0.3795 0.328 0.328 0.3995 0.3995 0.3895 0.3895 0.3895 0.3645 0.3645 0.399 0.399 0.4865 0.4865 0.4865 0.498
0.3019 0.3019 0.3117 0.3117 0.2625 0.2625 0.3287 0.3287 0.3287 0.3552 0.3552 0.3562 0.3562 0.3533 0.3533 0.3552 0.3552 0.3552 0.3271 0.3271 0.3661 0.3661 0.3601 0.3601 0.3601 0.3871 0.3871 0.3346 0.3346 0.2945 0.2945 0.2945 0.323 0.323 0.3105 0.3105 0.3505 0.3505 0.3505 0.37 0.37 0.355 0.355 0.3535 0.3535 0.3535 0.3686 0.3686 0.3605 0.3605 0.342 0.342 0.3425 0.3425 0.3425 0.403 0.403 0.4165 0.4165 0.4315 0.4315 0.4315 0.362 0.362 0.404 0.404 0.413 0.413 0.413 0.453 0.453 0.4875 0.4875 0.4951 0.4951 0.4951 0.4
0.3019 0.3019 0.3117 0.3117 0.2625 0.2625 0.3287 0.3287 0.3287 0.3552 0.3552 0.3562 0.3562 0.3533 0.3533 0.3552 0.3552 0.3552 0.3271 0.3271 0.3661 0.3661 0.3601 0.3601 0.3601 0.3871 0.3871 0.3346 0.3346 0.2945 0.2945 0.2945 0.323 0.323 0.3105 0.3105 0.3505 0.3505 0.3505 0.37 0.37 0.355 0.355 0.3535 0.3535 0.3535 0.3686 0.3686 0.3605 0.3605 0.342 0.342 0.3425 0.3425 0.3425 0.403 0.403 0.4165 0.4165 0.4315 0.4315 0.4315 0.362 0.362 0.404 0.404 0.413 0.413 0.413 0.453 0.453 0.4875 0.4875 0.4951 0.4951 0.4951 0.4
0.2281 0.2281 0.3339 0.3339 0.3408 0.3408 0.2836 0.2836 0.2836 0.3111 0.3111 0.3542 0.3542 0.3452 0.3452 0.3522 0.3522 0.3522 0.3265 0.3265 0.3867 0.3867 0.3756 0.3756 0.3756 0.4102 0.4102 0.3156 0.3156 0.337 0.337 0.337 0.333 0.333 0.344 0.344 0.318 0.318 0.318 0.3345 0.3345 0.3425 0.3425 0.4035 0.4035 0.4035 0.369 0.369 0.3295 0.3295 0.351 0.351 0.362 0.362 0.362 0.387 0.387 0.4845 0.4845 0.398 0.398 0.398 0.4635 0.4635 0.4535 0.4535 0.497 0.497 0.497 0.418 0.418 0.4665 0.4665 0.4725 0.4725 0.4725 0.445
0.2281 0.2281 0.3339 0.3339 0.3408 0.3408 0.2836 0.2836 0.2836 0.3111 0.3111 0.3542 0.3542 0.3452 0.3452 0.3522 0.3522 0.3522 0.3265 0.3265 0.3867 0.3867 0.3756 0.3756 0.3756 0.4102 0.4102 0.3156 0.3156 0.337 0.337 0.337 0.333 0.333 0.344 0.344 0.318 0.318 0.318 0.3345 0.3345 0.3425 0.3425 0.4035 0.4035 0.4035 0.369 0.369 0.3295 0.3295 0.351 0.351 0.362 0.362 0.362 0.387 0.387 0.4845 0.4845 0.398 0.398 0.398 0.4635 0.4635 0.4535 0.4535 0.497 0.497 0.497 0.418 0.418 0.4665 0.4665 0.4725 0.4725 0.4725 0.445
0.2281 0.2281 0.3339 0.3339 0.3408 0.3408 0.2836 0.2836 0.2836 0.3111 0.3111 0.3542 0.3542 0.3452 0.3452 0.3522 0.3522 0.3522 0.3265 0.3265 0.3867 0.3867 0.3756 0.3756 0.3756 0.4102 0.4102 0.3156 0.3156 0.337 0.337 0.337 0.333 0.333 0.344 0.344 0.318 0.318 0.318 0.3345 0.3345 0.3425 0.3425 0.4035 0.4035 0.4035 0.369 0.369 0.3295 0.3295 0.351 0.351 0.362 0.362 0.362 0.387 0.387 0.4845 0.4845 0.398 0.398 0.398 0.4635 0.4635 0.4535 0.4535 0.497 0.497 0.497 0.418 0.418 0.4665 0.4665 0.4725 0.4725 0.4725 0.445
