ndvi/NOAA-295.asc
ncols         252
nrows         154
xllcorner     -18.017974
yllcorner     13.481982
cellsize      0.035948
NODATA_value  -9999
[rows 102 to 135 of 154, columns 152 to 227 of 252]
0.255 0.255 0.255 0.254 0.254 0.268 0.268 0.268 0.196 0.196 0.2185 0.2185 0.229 0.229 0.2095 0.2095 0.2095 0.228 0.228 0.254 0.254 0.266 0.266 0.266 0.282 0.282 0.2936 0.2936 0.2946 0.2946 0.2946 0.2701 0.2701 0.2536 0.2536 0.2621 0.2621 0.2621 0.2921 0.2921 0.253 0.253 0.2835 0.2835 0.2835 0.284 0.284 0.3011 0.3011 0.2225 0.2225 0.2355 0.2355 0.2355 0.2211 0.2211 0.23 0.23 0.3161 0.3161 0.3161 0.2375 0.2375 0.267 0.267 0.2855 0.2855 0.2855 0.2776 0.2776 0.2721 0.2721 0.289 0.289 0.289 0.288
0.2245 0.2345 0.2345 0.2165 0.2165 0.2255 0.2255 0.2255 0.217 0.217 0.226 0.226 0.252 0.252 0.241 0.241 0.241 0.239 0.239 0.2475 0.2475 0.245 0.245 0.245 0.247 0.247 0.2876 0.2876 0.269 0.269 0.269 0.3026 0.3026 0.2842 0.2842 0.2832 0.2832 0.2832 0.3017 0.3017 0.245 0.245 0.3166 0.3166 0.3166 0.297 0.297 0.3091 0.3091 0.2776 0.2776 0.24 0.24 0.24 0.2575 0.2575 0.3527 0.3527 0.273 0.273 0.273 0.2726 0.2726 0.3097 0.3097 0.2776 0.2776 0.2776 0.2816 0.2816 0.294 0.294 0.252 0.252 0.252 0.282
0.2245 0.2345 0.2345 0.2165 0.2165 0.2255 0.2255 0.2255 0.217 0.217 0.226 0.226 0.252 0.252 0.241 0.241 0.241 0.239 0.239 0.2475 0.2475 0.245 0.245 0.245 0.247 0.247 0.2876 0.2876 0.269 0.269 0.269 0.3026 0.3026 0.2842 0.2842 0.2832 0.2832 0.2832 0.3017 0.3017 0.245 0.245 0.3166 0.3166 0.3166 0.297 0.297 0.3091 0.3091 0.2776 0.2776 0.24 0.24 0.24 0.2575 0.2575 0.3527 0.3527 0.273 0.273 0.273 0.2726 0.2726 0.3097 0.3097 0.2776 0.2776 0.2776 0.2816 0.2816 0.294 0.294 0.252 0.252 0.252 0.282
0.2245 0.2345 0.2345 0.2165 0.2165 0.2255 0.2255 0.2255 0.217 0.217 0.226 0.226 0.252 0.252 0.241 0.241 0.241 0.239 0.239 0.2475 0.2475 0.245 0.245 0.245 0.247 0.247 0.2876 0.2876 0.269 0.269 0.269 0.3026 0.3026 0.2842 0.2842 0.2832 0.2832 0.2832 0.3017 0.3017 0.245 0.245 0.3166 0.3166 0.3166 0.297 0.297 0.3091 0.3091 0.2776 0.2776 0.24 0.24 0.24 0.2575 0.2575 0.3527 0.3527 0.273 0.273 0.273 0.2726 0.2726 0.3097 0.3097 0.2776 0.2776 0.2776 0.2816 0.2816 0.294 0.294 0.252 0.252 0.252 0.282
0.243 0.2185 0.2185 0.2405 0.2405 0.2246 0.2246 0.2246 0.212 0.212 0.2345 0.2345 0.3066 0.3066 0.2771 0.2771 0.2771 0.226 0.226 0.2361 0.2361 0.2405 0.2405 0.2405 0.2471 0.2471 0.21 0.21 0.242 0.242 0.242 0.3402 0.3402 0.2986 0.2986 0.3316 0.3316 0.3316 0.3352 0.3352 0.2866 0.2866 0.3361 0.3361 0.3361 0.3331 0.3331 0.3126 0.3126 0.2966 0.2966 0.3151 0.3151 0.3151 0.3741 0.3741 0.4066 0.4066 0.4041 0.4041 0.4041 0.3356 0.3356 0.3071 0.3071 0.2425 0.2425 0.2425 0.3225 0.3225 0.2971 0.2971 0.292 0.292 0.292 0.3246
0.243 0.2185 0.2185 0.2405 0.2405 0.2246 0.2246 0.2246 0.212 0.212 0.2345 0.2345 0.3066 0.3066 0.2771 0.2771 0.2771 0.226 0.226 0.2361 0.2361 0.2405 0.2405 0.2405 0.2471 0.2471 0.21 0.21 0.242 0.242 0.242 0.3402 0.3402 0.2986 0.2986 0.3316 0.3316 0.3316 0.3352 0.3352 0.2866 0.2866 0.3361 0.3361 0.3361 0.3331 0.3331 0.3126 0.3126 0.2966 0.2966 0.3151 0.3151 0.3151 0.3741 0.3741 0.4066 0.4066 0.4041 0.4041 0.4041 0.3356 0.3356 0.3071 0.3071 0.2425 0.2425 0.2425 0.3225 0.3225 0.2971 0.2971 0.292 0.292 0.292 0.3246
0.2035 0.241 0.241 0.244 0.244 0.2721 0.2721 0.2721 0.2826 0.2826 0.3047 0.3047 0.3001 0.3001 0.258 0.258 0.258 0.2326 0.2326 0.222 0.222 0.2395 0.2395 0.2395 0.22 0.22 0.251 0.251 0.3246 0.3246 0.3246 0.272 0.272 0.3 0.3 0.3612 0.3612 0.3612 0.3301 0.3301 0.3486 0.3486 0.3611 0.3611 0.3611 0.3602 0.3602 0.3517 0.3517 0.3242 0.3242 0.265 0.265 0.265 0.4126 0.4126 0.4672 0.4672 0.4186 0.4186 0.4186 0.3631 0.3631 0.3571 0.3571 0.3556 0.3556 0.3556 0.322 0.322 0.3245 0.3245 0.3525 0.3525 0.3525 0.3616
0.2035 0.241 0.241 0.244 0.244 0.2721 0.2721 0.2721 0.2826 0.2826 0.3047 0.3047 0.3001 0.3001 0.258 0.258 0.258 0.2326 0.2326 0.222 0.222 0.2395 0.2395 0.2395 0.22 0.22 0.251 0.251 0.3246 0.3246 0.3246 0.272 0.272 0.3 0.3 0.3612 0.3612 0.3612 0.3301 0.3301 0.3486 0.3486 0.3611 0.3611 0.3611 0.3602 0.3602 0.3517 0.3517 0.3242 0.3242 0.265 0.265 0.265 0.4126 0.4126 0.4672 0.4672 0.4186 0.4186 0.4186 0.3631 0.3631 0.3571 0.3571 0.3556 0.3556 0.3556 0.322 0.322 0.3245 0.3245 0.3525 0.3525 0.3525 0.3616
0.2415 0.2485 0.2485 0.2641 0.2641 0.2345 0.2345 0.2345 0.3017 0.3017 0.2942 0.2942 0.2626 0.2626 0.2817 0.2817 0.2817 0.2761 0.2761 0.2571 0.2571 0.2806 0.2806 0.2806 0.2435 0.2435 0.2735 0.2735 0.3386 0.3386 0.3386 0.3416 0.3416 0.3235 0.3235 0.3872 0.3872 0.3872 0.3501 0.3501 0.3431 0.3431 0.3687 0.3687 0.3687 0.3767 0.3767 0.3592 0.3592 0.3672 0.3672 0.2935 0.2935 0.2935 0.4496 0.4496 0.4572 0.4572 0.4402 0.4402 0.4402 0.4142 0.4142 0.3291 0.3291 0.341 0.341 0.341 0.3616 0.3616 0.376 0.376 0.388 0.388 0.388 0.4025
0.2415 0.2485 0.2485 0.2641 0.2641 0.2345 0.2345 0.2345 0.3017 0.3017 0.2942 0.2942 0.2626 0.2626 0.2817 0.2817 0.2817 0.2761 0.2761 0.2571 0.2571 0.2806 0.2806 0.2806 0.2435 0.2435 0.2735 0.2735 0.3386 0.3386 0.3386 0.3416 0.3416 0.3235 0.3235 0.3872 0.3872 0.3872 0.3501 0.3501 0.3431 0.3431 0.3687 0.3687 0.3687 0.3767 0.3767 0.3592 0.3592 0.3672 0.3672 0.2935 0.2935 0.2935 0.4496 0.4496 0.4572 0.4572 0.4402 0.4402 0.4402 0.4142 0.4142 0.3291 0.3291 0.341 0.341 0.341 0.3616 0.3616 0.376 0.376 0.388 0.388 0.388 0.4025
0.2415 0.2485 0.2485 0.2641 0.2641 0.2345 0.2345 0.2345 0.3017 0.3017 0.2942 0.2942 0.2626 0.2626 0.2817 0.2817 0.2817 0.2761 0.2761 0.2571 0.2571 0.2806 0.2806 0.2806 0.2435 0.2435 0.2735 0.2735 0.3386 0.3386 0.3386 0.3416 0.3416 0.3235 0.3235 0.3872 0.3872 0.3872 0.3501 0.3501 0.3431 0.3431 0.3687 0.3687 0.3687 0.3767 0.3767 0.3592 0.3592 0.3672 0.3672 0.2935 0.2935 0.2935 0.4496 0.4496 0.4572 0.4572 0.4402 0.4402 0.4402 0.4142 0.4142 0.3291 0.3291 0.341 0.341 0.341 0.3616 0.3616 0.376 0.376 0.388 0.388 0.388 0.4025
0.2455 0.2576 0.2576 0.2491 0.2491 0.2535 0.2535 0.2535 0.3072 0.3072 0.2867 0.2867 0.2661 0.2661 0.2806 0.2806 0.2806 0.3151 0.3151 0.3366 0.3366 0.3356 0.3356 0.3356 0.3341 0.3341 0.3431 0.3431 0.3466 0.3466 0.3466 0.3501 0.3501 0.3551 0.3551 0.266 0.266 0.266 0.3292 0.3292 0.3006 0.3006 0.3381 0.3381 0.3381 0.3396 0.3396 0.3792 0.3792 0.3676 0.3676 0.3911 0.3911 0.3911 0.4706 0.4706 0.4552 0.4552 0.4252 0.4252 0.4252 0.3806 0.3806 0.346 0.346 0.3845 0.3845 0.3845 0.3925 0.3925 0.3945 0.3945 0.413 0.413 0.413 0.4015
0.2455 0.2576 0.2576 0.2491 0.2491 0.2535 0.2535 0.2535 0.3072 0.3072 0.2867 0.2867 0.2661 0.2661 0.2806 0.2806 0.2806 0.3151 0.3151 0.3366 0.3366 0.3356 0.3356 0.3356 0.3341 0.3341 0.3431 0.3431 0.3466 0.3466 0.3466 0.3501 0.3501 0.3551 0.3551 0.266 0.266 0.266 0.3292 0.3292 0.3006 0.3006 0.3381 0.3381 0.3381 0.3396 0.3396 0.3792 0.3792 0.3676 0.3676 0.3911 0.3911 0.3911 0.4706 0.4706 0.4552 0.4552 0.4252 0.4252 0.4252 0.3806 0.3806 0.346 0.346 0.3845 0.3845 0.3845 0.3925 0.3925 0.3945 0.3945 0.413 0.413 0.413 0.4015
0.275 0.2751 0.2751 0.3076 0.3076 0.2991 0.2991 0.2991 0.2966 0.2966 0.2165 0.2165 0.3026 0.3026 0.2681 0.2681 0.2681 0.3342 0.3342 0.3527 0.3527 0.3497 0.3497 0.3497 0.3407 0.3407 0.3462 0.3462 0.3526 0.3526 0.3526 0.3371 0.3371 0.3391 0.3391 0.3396 0.3396 0.3396 0.3472 0.3472 0.3111 0.3111 0.3532 0.3532 0.3532 0.3782 0.3782 0.425 0.425 0.4426 0.4426 0.5137 0.5137 0.5137 0.4691 0.4691 0.4547 0.4547 0.424 0.424 0.424 0.4031 0.4031 0.326 0.326 0.3541 0.3541 0.3541 0.393 0.393 0.395 0.395 0.4135 0.4135 0.4135 0.409
0.275 0.2751 0.2751 0.3076 0.3076 0.2991 0.2991 0.2991 0.2966 0.2966 0.2165 0.2165 0.3026 0.3026 0.2681 0.2681 0.2681 0.3342 0.3342 0.3527 0.3527 0.3497 0.3497 0.3497 0.3407 0.3407 0.3462 0.3462 0.3526 0.3526 0.3526 0.3371 0.3371 0.3391 0.3391 0.3396 0.3396 0.3396 0.3472 0.3472 0.3111 0.3111 0.3532 0.3532 0.3532 0.3782 0.3782 0.425 0.425 0.4426 0.4426 0.5137 0.5137 0.5137 0.4691 0.4691 0.4547 0.4547 0.424 0.424 0.424 0.4031 0.4031 0.326 0.326 0.3541 0.3541 0.3541 0.393 0.393 0.395 0.395 0.4135 0.4135 0.4135 0.409
0.3647 0.3407 0.3407 0.3361 0.3361 0.3366 0.3366 0.3366 0.2495 0.2495 0.3206 0.3206 0.3272 0.3272 0.3327 0.3327 0.3327 0.3642 0.3642 0.3637 0.3637 0.3532 0.3532 0.3532 0.3352 0.3352 0.3276 0.3276 0.3407 0.3407 0.3407 0.3327 0.3327 0.3372 0.3372 0.3321 0.3321 0.3321 0.3036 0.3036 0.3466 0.3466 0.296 0.296 0.296 0.402 0.402 0.469 0.469 0.4635 0.4635 0.5315 0.5315 0.5315 0.49 0.49 0.472 0.472 0.498 0.498 0.498 0.4155 0.4155 0.4565 0.4565 0.4685 0.4685 0.4685 0.4515 0.4515 0.453 0.453 0.4455 0.4455 0.4455 0.4225
0.3647 0.3407 0.3407 0.3361 0.3361 0.3366 0.3366 0.3366 0.2495 0.2495 0.3206 0.3206 0.3272 0.3272 0.3327 0.3327 0.3327 0.3642 0.3642 0.3637 0.3637 0.3532 0.3532 0.3532 0.3352 0.3352 0.3276 0.3276 0.3407 0.3407 0.3407 0.3327 0.3327 0.3372 0.3372 0.3321 0.3321 0.3321 0.3036 0.3036 0.3466 0.3466 0.296 0.296 0.296 0.402 0.402 0.469 0.469 0.4635 0.4635 0.5315 0.5315 0.5315 0.49 0.49 0.472 0.472 0.498 0.498 0.498 0.4155 0.4155 0.4565 0.4565 0.4685 0.4685 0.4685 0.4515 0.4515 0.453 0.453 0.4455 0.4455 0.4455 0.4225
0.3647 0.3407 0.3407 0.3361 0.3361 0.3366 0.3366 0.3366 0.2495 0.2495 0.3206 0.3206 0.3272 0.3272 0.3327 0.3327 0.3327 0.3642 0.3642 0.3637 0.3637 0.3532 0.3532 0.3532 0.3352 0.3352 0.3276 0.3276 0.3407 0.3407 0.3407 0.3327 0.3327 0.3372 0.3372 0.3321 0.3321 0.3321 0.3036 0.3036 0.3466 0.3466 0.296 0.296 0.296 0.402 0.402 0.469 0.469 0.4635 0.4635 0.5315 0.5315 0.5315 0.49 0.49 0.472 0.472 0.498 0.498 0.498 0.4155 0.4155 0.4565 0.4565 0.4685 0.4685 0.4685 0.4515 0.4515 0.453 0.453 0.4455 0.4455 0.4455 0.4225
0.3916 0.3906 0.3906 0.3801 0.3801 0.3656 0.3656 0.3656 0.3961 0.3961 0.3791 0.3791 0.3681 0.3681 0.4042 0.4042 0.4042 0.4021 0.4021 0.4222 0.4222 0.3987 0.3987 0.3987 0.3406 0.3406 0.3202 0.3202 0.3407 0.3407 0.3407 0.3152 0.3152 0.3231 0.3231 0.2795 0.2795 0.2795 0.313 0.313 0.3145 0.3145 0.4081 0.4081 0.4081 0.436 0.436 0.4905 0.4905 0.517 0.517 0.5215 0.5215 0.5215 0.5075 0.5075 0.4805 0.4805 0.4201 0.4201 0.4201 0.3545 0.3545 0.468 0.468 0.5155 0.5155 0.5155 0.5205 0.5205 0.4745 0.4745 0.461 0.461 0.461 0.449
0.3916 0.3906 0.3906 0.3801 0.3801 0.3656 0.3656 0.3656 0.3961 0.3961 0.3791 0.3791 0.3681 0.3681 0.4042 0.4042 0.4042 0.4021 0.4021 0.4222 0.4222 0.3987 0.3987 0.3987 0.3406 0.3406 0.3202 0.3202 0.3407 0.3407 0.3407 0.3152 0.3152 0.3231 0.3231 0.2795 0.2795 0.2795 0.313 0.313 0.3145 0.3145 0.4081 0.4081 0.4081 0.436 0.436 0.4905 0.4905 0.517 0.517 0.5215 0.5215 0.5215 0.5075 0.5075 0.4805 0.4805 0.4201 0.4201 0.4201 0.3545 0.3545 0.468 0.468 0.5155 0.5155 0.5155 0.5205 0.5205 0.4745 0.4745 0.461 0.461 0.461 0.449
0.4356 0.4316 0.4316 0.3861 0.3861 0.3826 0.3826 0.3826 0.3531 0.3531 0.4177 0.4177 0.3971 0.3971 0.4372 0.4372 0.4372 0.4246 0.4246 0.4191 0.4191 0.4347 0.4347 0.4347 0.3806 0.3806 0.3652 0.3652 0.3382 0.3382 0.3382 0.242 0.242 0.3056 0.3056 0.4211 0.4211 0.4211 0.3951 0.3951 0.3936 0.3936 0.4495 0.4495 0.4495 0.5105 0.5105 0.529 0.529 0.531 0.531 0.533 0.533 0.533 0.494 0.494 0.4881 0.4881 0.4715 0.4715 0.4715 0.419 0.419 0.4485 0.4485 0.449 0.449 0.449 0.4195 0.4195 0.459 0.459 0.4815 0.4815 0.4815 0.439
0.4356 0.4316 0.4316 0.3861 0.3861 0.3826 0.3826 0.3826 0.3531 0.3531 0.4177 0.4177 0.3971 0.3971 0.4372 0.4372 0.4372 0.4246 0.4246 0.4191 0.4191 0.4347 0.4347 0.4347 0.3806 0.3806 0.3652 0.3652 0.3382 0.3382 0.3382 0.242 0.242 0.3056 0.3056 0.4211 0.4211 0.4211 0.3951 0.3951 0.3936 0.3936 0.4495 0.4495 0.4495 0.5105 0.5105 0.529 0.529 0.531 0.531 0.533 0.533 0.533 0.494 0.494 0.4881 0.4881 0.4715 0.4715 0.4715 0.419 0.419 0.4485 0.4485 0.449 0.449 0.449 0.4195 0.4195 0.459 0.459 0.4815 0.4815 0.4815 0.439
0.4141 0.4246 0.4246 0.3776 0.3776 0.3631 0.3631 0.3631 0.4016 0.4016 0.4196 0.4196 0.4331 0.4331 0.4226 0.4226 0.4226 0.345 0.345 0.4041 0.4041 0.4311 0.4311 0.4311 0.4427 0.4427 0.3516 0.3516 0.273 0.273 0.273 0.2825 0.2825 0.3215 0.3215 0.4026 0.4026 0.4026 0.3425 0.3425 0.4191 0.4191 0.423 0.423 0.423 0.5105 0.5105 0.515 0.515 0.526 0.526 0.5395 0.5395 0.5395 0.4876 0.4876 0.5065 0.5065 0.474 0.474 0.474 0.452 0.452 0.4185 0.4185 0.445 0.445 0.445 0.396 0.396 0.4131 0.4131 0.4125 0.4125 0.4125 0.447
0.4141 0.4246 0.4246 0.3776 0.3776 0.3631 0.3631 0.3631 0.4016 0.4016 0.4196 0.4196 0.4331 0.4331 0.4226 0.4226 0.4226 0.345 0.345 0.4041 0.4041 0.4311 0.4311 0.4311 0.4427 0.4427 0.3516 0.3516 0.273 0.273 0.273 0.2825 0.2825 0.3215 0.3215 0.4026 0.4026 0.4026 0.3425 0.3425 0.4191 0.4191 0.423 0.423 0.423 0.5105 0.5105 0.515 0.515 0.526 0.526 0.5395 0.5395 0.5395 0.4876 0.4876 0.5065 0.5065 0.474 0.474 0.474 0.452 0.452 0.4185 0.4185 0.445 0.445 0.445 0.396 0.396 0.4131 0.4131 0.4125 0.4125 0.4125 0.447
0.3925 0.3771 0.3771 0.3931 0.3931 0.3586 0.3586 0.3586 0.3801 0.3801 0.4021 0.4021 0.4381 0.4381 0.435 0.435 0.435 0.4601 0.4601 0.4601 0.4601 0.4275 0.4275 0.4275 0.418 0.418 0.3655 0.3655 0.3915 0.3915 0.3915 0.3335 0.3335 0.4096 0.4096 0.371 0.371 0.371 0.4486 0.4486 0.4462 0.4462 0.4526 0.4526 0.4526 0.488 0.488 0.5351 0.5351 0.4635 0.4635 0.5185 0.5185 0.5185 0.484 0.484 0.499 0.499 0.4775 0.4775 0.4775 0.4515 0.4515 0.4755 0.4755 0.4885 0.4885 0.4885 0.4426 0.4426 0.331 0.331 0.4001 0.4001 0.4001 0.455
0.3925 0.3771 0.3771 0.3931 0.3931 0.3586 0.3586 0.3586 0.3801 0.3801 0.4021 0.4021 0.4381 0.4381 0.435 0.435 0.435 0.4601 0.4601 0.4601 0.4601 0.4275 0.4275 0.4275 0.418 0.418 0.3655 0.3655 0.3915 0.3915 0.3915 0.3335 0.3335 0.4096 0.4096 0.371 0.371 0.371 0.4486 0.4486 0.4462 0.4462 0.4526 0.4526 0.4526 0.488 0.488 0.5351 0.5351 0.4635 0.4635 0.5185 0.5185 0.5185 0.484 0.484 0.499 0.499 0.4775 0.4775 0.4775 0.4515 0.4515 0.4755 0.4755 0.4885 0.4885 0.4885 0.4426 0.4426 0.331 0.331 0.4001 0.4001 0.4001 0.455
0.3925 0.3771 0.3771 0.3931 0.3931 0.3586 0.3586 0.3586 0.3801 0.3801 0.4021 0.4021 0.4381 0.4381 0.435 0.435 0.435 0.4601 0.4601 0.4601 0.4601 0.4275 0.4275 0.4275 0.418 0.418 0.3655 0.3655 0.3915 0.3915 0.3915 0.3335 0.3335 0.4096 0.4096 0.371 0.371 0.371 0.4486 0.4486 0.4462 0.4462 0.4526 0.4526 0.4526 0.488 0.488 0.5351 0.5351 0.4635 0.4635 0.5185 0.5185 0.5185 0.484 0.484 0.499 0.499 0.4775 0.4775 0.4775 0.4515 0.4515 0.4755 0.4755 0.4885 0.4885 0.4885 0.4426 0.4426 0.331 0.331 0.4001 0.4001 0.4001 0.455
0.4191 0.4326 0.4326 0.4281 0.4281 0.4276 0.4276 0.4276 0.4106 0.4106 0.4136 0.4136 0.4401 0.4401 0.4166 0.4166 0.4166 0.427 0.427 0.4661 0.4661 0.4666 0.4666 0.4666 0.424 0.424 0.4075 0.4075 0.396 0.396 0.396 0.4075 0.4075 0.365 0.365 0.418 0.418 0.418 0.4395 0.4395 0.4871 0.4871 0.4605 0.4605 0.4605 0.5065 0.5065 0.509 0.509 0.5225 0.5225 0.52 0.52 0.52 0.519 0.519 0.477 0.477 0.4495 0.4495 0.4495 0.4875 0.4875 0.5241 0.5241 0.4865 0.4865 0.4865 0.455 0.455 0.4885 0.4885 0.506 0.506 0.506 0.4805
0.4191 0.4326 0.4326 0.4281 0.4281 0.4276 0.4276 0.4276 0.4106 0.4106 0.4136 0.4136 0.4401 0.4401 0.4166 0.4166 0.4166 0.427 0.427 0.4661 0.4661 0.4666 0.4666 0.4666 0.424 0.424 0.4075 0.4075 0.396 0.396 0.396 0.4075 0.4075 0.365 0.365 0.418 0.418 0.418 0.4395 0.4395 0.4871 0.4871 0.4605 0.4605 0.4605 0.5065 0.5065 0.509 0.509 0.5225 0.5225 0.52 0.52 0.52 0.519 0.519 0.477 0.477 0.4495 0.4495 0.4495 0.4875 0.4875 0.5241 0.5241 0.4865 0.4865 0.4865 0.455 0.455 0.4885 0.4885 0.506 0.506 0.506 0.4805
0.5101 0.5316 0.5316 0.4866 0.4866 0.4786 0.4786 0.4786 0.4491 0.4491 0.4971 0.4971 0.4916 0.4916 0.4976 0.4976 0.4976 0.4931 0.4931 0.5161 0.5161 0.4606 0.4606 0.4606 0.4135 0.4135 0.5011 0.5011 0.4656 0.4656 0.4656 0.4521 0.4521 0.4741 0.4741 0.537 0.537 0.537 0.5075 0.5075 0.4991 0.4991 0.4715 0.4715 0.4715 0.5335 0.5335 0.5495 0.5495 0.563 0.563 0.556 0.556 0.556 0.543 0.543 0.5655 0.5655 0.5615 0.5615 0.5615 0.609 0.609 0.5376 0.5376 0.5345 0.5345 0.5345 0.5445 0.5445 0.5005 0.5005 0.516 0.516 0.516 0.5015
0.5101 0.5316 0.5316 0.4866 0.4866 0.4786 0.4786 0.4786 0.4491 0.4491 0.4971 0.4971 0.4916 0.4916 0.4976 0.4976 0.4976 0.4931 0.4931 0.5161 0.5161 0.4606 0.4606 0.4606 0.4135 0.4135 0.5011 0.5011 0.4656 0.4656 0.4656 0.4521 0.4521 0.4741 0.4741 0.537 0.537 0.537 0.5075 0.5075 0.4991 0.4991 0.4715 0.4715 0.4715 0.5335 0.5335 0.5495 0.5495 0.563 0.563 0.556 0.556 0.556 0.543 0.543 0.5655 0.5655 0.5615 0.5615 0.5615 0.609 0.609 0.5376 0.5376 0.5345 0.5345 0.5345 0.5445 0.5445 0.5005 0.5005 0.516 0.516 0.516 0.5015
0.5136 0.4886 0.4886 0.4626 0.4626 0.4522 0.4522 0.4522 0.4452 0.4452 0.4426 0.4426 0.4956 0.4956 0.43 0.43 0.43 0.4641 0.4641 0.4751 0.4751 0.378 0.378 0.378 0.5036 0.5036 0.5356 0.5356 0.5591 0.5591 0.5591 0.5876 0.5876 0.5006 0.5006 0.4835 0.4835 0.4835 0.4881 0.4881 0.4415 0.4415 0.4935 0.4935 0.4935 0.5125 0.5125 0.5305 0.5305 0.5075 0.5075 0.536 0.536 0.536 0.5435 0.5435 0.5375 0.5375 0.559 0.559 0.559 0.5725 0.5725 0.5775 0.5775 0.5445 0.5445 0.5445 0.5125 0.5125 0.5295 0.5295 0.589 0.589 0.589 0.5215
0.5136 0.4886 0.4886 0.4626 0.4626 0.4522 0.4522 0.4522 0.4452 0.4452 0.4426 0.4426 0.4956 0.4956 0.43 0.43 0.43 0.4641 0.4641 0.4751 0.4751 0.378 0.378 0.378 0.5036 0.5036 0.5356 0.5356 0.5591 0.5591 0.5591 0.5876 0.5876 0.5006 0.5006 0.4835 0.4835 0.4835 0.4881 0.4881 0.4415 0.4415 0.4935 0.4935 0.4935 0.5125 0.5125 0.5305 0.5305 0.5075 0.5075 0.536 0.536 0.536 0.5435 0.5435 0.5375 0.5375 0.559 0.559 0.559 0.5725 0.5725 0.5775 0.5775 0.5445 0.5445 0.5445 0.5125 0.5125 0.5295 0.5295 0.589 0.589 0.589 0.5215
0.5136 0.4886 0.4886 0.4626 0.4626 0.4522 0.4522 0.4522 0.4452 0.4452 0.4426 0.4426 0.4956 0.4956 0.43 0.43 0.43 0.4641 0.4641 0.4751 0.4751 0.378 0.378 0.378 0.5036 0.5036 0.5356 0.5356 0.5591 0.5591 0.5591 0.5876 0.5876 0.5006 0.5006 0.4835 0.4835 0.4835 0.4881 0.4881 0.4415 0.4415 0.4935 0.4935 0.4935 0.5125 0.5125 0.5305 0.5305 0.5075 0.5075 0.536 0.536 0.536 0.5435 0.5435 0.5375 0.5375 0.559 0.559 0.559 0.5725 0.5725 0.5775 0.5775 0.5445 0.5445 0.5445 0.5125 0.5125 0.5295 0.5295 0.589 0.589 0.589 0.5215
