ndvi/NOAA-35.asc
ncols         252
nrows         154
xllcorner     -18.017974
yllcorner     13.481982
cellsize      0.035948
NODATA_value  -9999
[rows 102 to 135 of 154, columns 0 to 76 of 252]
-1 -1 -1 -1 -1 -1 -1 -1 -1 -1 -1 -1 -1 -1 -1 -1 -1 -1 -1 -1 -1 -1 -1 -1 -1 0.0117 0.0117 0.0117 0.121 0.121 0.2935 0.2935 0.2795 0.2795 0.2795 0.2505 0.2505 0.253 0.253 0.2855 0.2855 0.2855 0.28 0.28 0.2645 0.2645 0.243 0.243 0.243 0.2535 0.2535 0.258 0.258 0.27 0.27 0.2895 0.2895 0.2895 0.2635 0.2635 0.2565 0.2565 0.2565 0.2565 0.2565 0.2525 0.2525 0.246 0.246 0.2295 0.2295 0.2295 0.2365 0.2365 0.207 0.207 0.2145
-1 -1 -1 -1 -1 -1 -1 -1 -1 -1 -1 -1 -1 -1 -1 -1 -1 -1 -1 -1 -1 -1 -1 0.0177 0.0177 0.2035 0.2035 0.2035 0.3085 0.3085 0.282 0.282 0.2535 0.2535 0.2535 0.2965 0.2965 0.272 0.272 0.2875 0.2875 0.2875 0.2465 0.2465 0.255 0.255 0.256 0.256 0.256 0.2745 0.2745 0.2775 0.2775 0.2765 0.2765 0.263 0.263 0.263 0.2655 0.2655 0.2565 0.2565 0.2565 0.2565 0.2565 0.271 0.271 0.259 0.259 0.246 0.246 0.246 0.2265 0.2265 0.225 0.225 0.2355
-1 -1 -1 -1 -1 -1 -1 -1 -1 -1 -1 -1 -1 -1 -1 -1 -1 -1 -1 -1 -1 -1 -1 0.0177 0.0177 0.2035 0.2035 0.2035 0.3085 0.3085 0.282 0.282 0.2535 0.2535 0.2535 0.2965 0.2965 0.272 0.272 0.2875 0.2875 0.2875 0.2465 0.2465 0.255 0.255 0.256 0.256 0.256 0.2745 0.2745 0.2775 0.2775 0.2765 0.2765 0.263 0.263 0.263 0.2655 0.2655 0.2565 0.2565 0.2565 0.2565 0.2565 0.271 0.271 0.259 0.259 0.246 0.246 0.246 0.2265 0.2265 0.225 0.225 0.2355
-1 -1 -1 -1 -1 -1 -1 -1 -1 -1 -1 -1 -1 -1 -1 -1 -1 -1 -1 -1 -1 -1 -1 0.0177 0.0177 0.2035 0.2035 0.2035 0.3085 0.3085 0.282 0.282 0.2535 0.2535 0.2535 0.2965 0.2965 0.272 0.272 0.2875 0.2875 0.2875 0.2465 0.2465 0.255 0.255 0.256 0.256 0.256 0.2745 0.2745 0.2775 0.2775 0.2765 0.2765 0.263 0.263 0.263 0.2655 0.2655 0.2565 0.2565 0.2565 0.2565 0.2565 0.271 0.271 0.259 0.259 0.246 0.246 0.246 0.2265 0.2265 0.225 0.225 0.2355
-1 -1 -1 -1 -1 -1 -1 -1 -1 -1 -1 -1 -1 -1 -1 -1 -1 -1 -1 -1 -1 0.0197 0.0197 0.1435 0.1435 0.319 0.319 0.319 0.278 0.278 0.303 0.303 0.2995 0.2995 0.2995 0.2755 0.2755 0.2875 0.2875 0.2875 0.2875 0.2875 0.267 0.267 0.266 0.266 0.2645 0.2645 0.2645 0.2815 0.2815 0.2765 0.2765 0.2625 0.2625 0.2695 0.2695 0.2695 0.265 0.265 0.2635 0.2635 0.2635 0.2635 0.2635 0.269 0.269 0.302 0.302 0.302 0.302 0.302 0.2815 0.2815 0.244 0.244 0.246
-1 -1 -1 -1 -1 -1 -1 -1 -1 -1 -1 -1 -1 -1 -1 -1 -1 -1 -1 -1 -1 0.0197 0.0197 0.1435 0.1435 0.319 0.319 0.319 0.278 0.278 0.303 0.303 0.2995 0.2995 0.2995 0.2755 0.2755 0.2875 0.2875 0.2875 0.2875 0.2875 0.267 0.267 0.266 0.266 0.2645 0.2645 0.2645 0.2815 0.2815 0.2765 0.2765 0.2625 0.2625 0.2695 0.2695 0.2695 0.265 0.265 0.2635 0.2635 0.2635 0.2635 0.2635 0.269 0.269 0.302 0.302 0.302 0.302 0.302 0.2815 0.2815 0.244 0.244 0.246
-1 -1 -1 -1 -1 -1 -1 -1 -1 -1 -1 -1 -1 -1 -1 -1 -1 -1 -1 -1 -1 0.1221 0.1221 0.3165 0.3165 0.3045 0.3045 0.3045 0.337 0.337 0.3095 0.3095 0.303 0.303 0.303 0.29 0.29 0.285 0.285 0.27 0.27 0.27 0.2655 0.2655 0.2845 0.2845 0.3075 0.3075 0.3075 0.3065 0.3065 0.292 0.292 0.262 0.262 0.274 0.274 0.274 0.2625 0.2625 0.284 0.284 0.284 0.284 0.284 0.2755 0.2755 0.285 0.285 0.293 0.293 0.293 0.286 0.286 0.26 0.26 0.2585
-1 -1 -1 -1 -1 -1 -1 -1 -1 -1 -1 -1 -1 -1 -1 -1 -1 -1 -1 -1 -1 0.1221 0.1221 0.3165 0.3165 0.3045 0.3045 0.3045 0.337 0.337 0.3095 0.3095 0.303 0.303 0.303 0.29 0.29 0.285 0.285 0.27 0.27 0.27 0.2655 0.2655 0.2845 0.2845 0.3075 0.3075 0.3075 0.3065 0.3065 0.292 0.292 0.262 0.262 0.274 0.274 0.274 0.2625 0.2625 0.284 0.284 0.284 0.284 0.284 0.2755 0.2755 0.285 0.285 0.293 0.293 0.293 0.286 0.286 0.26 0.26 0.2585
-1 -1 -1 -1 -1 -1 -1 -1 -1 -1 -1 -1 -1 -1 -1 -1 -1 -1 0.1477 0.1477 0.1477 0.327 0.327 0.3385 0.3385 0.316 0.316 0.316 0.322 0.322 0.3435 0.3435 0.3145 0.3145 0.3145 0.28 0.28 0.2705 0.2705 0.2835 0.2835 0.2835 0.2865 0.2865 0.283 0.283 0.2985 0.2985 0.2985 0.3015 0.3015 0.295 0.295 0.298 0.298 0.275 0.275 0.275 0.2925 0.2925 0.2875 0.2875 0.2875 0.2875 0.2875 0.28 0.28 0.3005 0.3005 0.2685 0.2685 0.2685 0.2665 0.2665 0.26 0.26 0.2685
-1 -1 -1 -1 -1 -1 -1 -1 -1 -1 -1 -1 -1 -1 -1 -1 -1 -1 0.1477 0.1477 0.1477 0.327 0.327 0.3385 0.3385 0.316 0.316 0.316 0.322 0.322 0.3435 0.3435 0.3145 0.3145 0.3145 0.28 0.28 0.2705 0.2705 0.2835 0.2835 0.2835 0.2865 0.2865 0.283 0.283 0.2985 0.2985 0.2985 0.3015 0.3015 0.295 0.295 0.298 0.298 0.275 0.275 0.275 0.2925 0.2925 0.2875 0.2875 0.2875 0.2875 0.2875 0.28 0.28 0.3005 0.3005 0.2685 0.2685 0.2685 0.2665 0.2665 0.26 0.26 0.2685
-1 -1 -1 -1 -1 -1 -1 -1 -1 -1 -1 -1 -1 -1 -1 -1 -1 -1 0.1477 0.1477 0.1477 0.327 0.327 0.3385 0.3385 0.316 0.316 0.316 0.322 0.322 0.3435 0.3435 0.3145 0.3145 0.3145 0.28 0.28 0.2705 0.2705 0.2835 0.2835 0.2835 0.2865 0.2865 0.283 0.283 0.2985 0.2985 0.2985 0.3015 0.3015 0.295 0.295 0.298 0.298 0.275 0.275 0.275 0.2925 0.2925 0.2875 0.2875 0.2875 0.2875 0.2875 0.28 0.28 0.3005 0.3005 0.2685 0.2685 0.2685 0.2665 0.2665 0.26 0.26 0.2685
-1 -1 -1 -1 -1 -1 -1 -1 -1 -1 -1 -1 -1 -1 -1 -1 0.2382 0.2382 0.352 0.352 0.352 0.3735 0.3735 0.341 0.341 0.327 0.327 0.327 0.3165 0.3165 0.312 0.312 0.29 0.29 0.29 0.276 0.276 0.2965 0.2965 0.3095 0.3095 0.3095 0.2915 0.2915 0.297 0.297 0.2865 0.2865 0.2865 0.287 0.287 0.298 0.298 0.3215 0.3215 0.295 0.295 0.295 0.3195 0.3195 0.2995 0.2995 0.2995 0.2995 0.2995 0.2875 0.2875 0.2745 0.2745 0.2865 0.2865 0.2865 0.2885 0.2885 0.2885 0.2885 0.2785
-1 -1 -1 -1 -1 -1 -1 -1 -1 -1 -1 -1 -1 -1 -1 -1 0.2382 0.2382 0.352 0.352 0.352 0.3735 0.3735 0.341 0.341 0.327 0.327 0.327 0.3165 0.3165 0.312 0.312 0.29 0.29 0.29 0.276 0.276 0.2965 0.2965 0.3095 0.3095 0.3095 0.2915 0.2915 0.297 0.297 0.2865 0.2865 0.2865 0.287 0.287 0.298 0.298 0.3215 0.3215 0.295 0.295 0.295 0.3195 0.3195 0.2995 0.2995 0.2995 0.2995 0.2995 0.2875 0.2875 0.2745 0.2745 0.2865 0.2865 0.2865 0.2885 0.2885 0.2885 0.2885 0.2785
-1 -1 -1 -1 -1 -1 -1 -1 -1 -1 -1 -1 0.1772 0.1772 0.1755 0.1755 0.202 0.202 0.3515 0.3515 0.3515 0.381 0.381 0.381 0.381 0.3375 0.3375 0.3375 0.36 0.36 0.346 0.346 0.3085 0.3085 0.3085 0.323 0.323 0.348 0.348 0.335 0.335 0.335 0.309 0.309 0.2975 0.2975 0.298 0.298 0.298 0.2915 0.2915 0.302 0.302 0.324 0.324 0.3155 0.3155 0.3155 0.319 0.319 0.304 0.304 0.304 0.304 0.304 0.299 0.299 0.2855 0.2855 0.295 0.295 0.295 0.275 0.275 0.285 0.285 0.2885
-1 -1 -1 -1 -1 -1 -1 -1 -1 -1 -1 -1 0.1772 0.1772 0.1755 0.1755 0.202 0.202 0.3515 0.3515 0.3515 0.381 0.381 0.381 0.381 0.3375 0.3375 0.3375 0.36 0.36 0.346 0.346 0.3085 0.3085 0.3085 0.323 0.323 0.348 0.348 0.335 0.335 0.335 0.309 0.309 0.2975 0.2975 0.298 0.298 0.298 0.2915 0.2915 0.302 0.302 0.324 0.324 0.3155 0.3155 0.3155 0.319 0.319 0.304 0.304 0.304 0.304 0.304 0.299 0.299 0.2855 0.2855 0.295 0.295 0.295 0.275 0.275 0.285 0.285 0.2885
-1 -1 -1 -1 -1 -1 -1 -1 -1 0.1225 0.1225 0.1225 0.1645 0.1645 0.1331 0.1331 0.074 0.074 0.023 0.023 0.023 0.3305 0.3305 0.3665 0.3665 0.333 0.333 0.333 0.362 0.362 0.357 0.357 0.3155 0.3155 0.3155 0.3245 0.3245 0.3295 0.3295 0.332 0.332 0.332 0.3005 0.3005 0.296 0.296 0.288 0.288 0.288 0.3205 0.3205 0.311 0.311 0.3065 0.3065 0.303 0.303 0.303 0.314 0.314 0.3045 0.3045 0.3045 0.3045 0.3045 0.3075 0.3075 0.2995 0.2995 0.2795 0.2795 0.2795 0.2805 0.2805 0.2745 0.2745 0.267
-1 -1 -1 -1 -1 -1 -1 -1 -1 0.1225 0.1225 0.1225 0.1645 0.1645 0.1331 0.1331 0.074 0.074 0.023 0.023 0.023 0.3305 0.3305 0.3665 0.3665 0.333 0.333 0.333 0.362 0.362 0.357 0.357 0.3155 0.3155 0.3155 0.3245 0.3245 0.3295 0.3295 0.332 0.332 0.332 0.3005 0.3005 0.296 0.296 0.288 0.288 0.288 0.3205 0.3205 0.311 0.311 0.3065 0.3065 0.303 0.303 0.303 0.314 0.314 0.3045 0.3045 0.3045 0.3045 0.3045 0.3075 0.3075 0.2995 0.2995 0.2795 0.2795 0.2795 0.2805 0.2805 0.2745 0.2745 0.267
-1 -1 -1 -1 -1 -1 -1 -1 -1 0.1225 0.1225 0.1225 0.1645 0.1645 0.1331 0.1331 0.074 0.074 0.023 0.023 0.023 0.3305 0.3305 0.3665 0.3665 0.333 0.333 0.333 0.362 0.362 0.357 0.357 0.3155 0.3155 0.3155 0.3245 0.3245 0.3295 0.3295 0.332 0.332 0.332 0.3005 0.3005 0.296 0.296 0.288 0.288 0.288 0.3205 0.3205 0.311 0.311 0.3065 0.3065 0.303 0.303 0.303 0.314 0.314 0.3045 0.3045 0.3045 0.3045 0.3045 0.3075 0.3075 0.2995 0.2995 0.2795 0.2795 0.2795 0.2805 0.2805 0.2745 0.2745 0.267
-1 -1 -1 -1 -1 -1 -1 -1 -1 -1 -1 -1 0.08769999 0.08769999 0.0907 0.0907 0.0757 0.0757 0.09460001 0.09460001 0.09460001 0.29 0.29 0.302 0.302 0.349 0.349 0.349 0.3435 0.3435 0.3375 0.3375 0.3425 0.3425 0.3425 0.3315 0.3315 0.324 0.324 0.306 0.306 0.306 0.305 0.305 0.3365 0.3365 0.337 0.337 0.337 0.3125 0.3125 0.298 0.298 0.2945 0.2945 0.316 0.316 0.316 0.2905 0.2905 0.3015 0.3015 0.3015 0.3015 0.3015 0.286 0.286 0.274 0.274 0.265 0.265 0.265 0.278 0.278 0.2905 0.2905 0.32
-1 -1 -1 -1 -1 -1 -1 -1 -1 -1 -1 -1 0.08769999 0.08769999 0.0907 0.0907 0.0757 0.0757 0.09460001 0.09460001 0.09460001 0.29 0.29 0.302 0.302 0.349 0.349 0.349 0.3435 0.3435 0.3375 0.3375 0.3425 0.3425 0.3425 0.3315 0.3315 0.324 0.324 0.306 0.306 0.306 0.305 0.305 0.3365 0.3365 0.337 0.337 0.337 0.3125 0.3125 0.298 0.298 0.2945 0.2945 0.316 0.316 0.316 0.2905 0.2905 0.3015 0.3015 0.3015 0.3015 0.3015 0.286 0.286 0.274 0.274 0.265 0.265 0.265 0.278 0.278 0.2905 0.2905 0.32
-1 -1 -1 -1 -1 -1 -1 -1 -1 -1 -1 -1 -1 -1 -1 -1 -1 -1 0.0442 0.0442 0.0442 0.154 0.154 0.2785 0.2785 0.353 0.353 0.353 0.371 0.371 0.3585 0.3585 0.3355 0.3355 0.3355 0.301 0.301 0.307 0.307 0.297 0.297 0.297 0.296 0.296 0.3295 0.3295 0.3345 0.3345 0.3345 0.3105 0.3105 0.296 0.296 0.301 0.301 0.305 0.305 0.305 0.313 0.313 0.319 0.319 0.319 0.319 0.319 0.303 0.303 0.298 0.298 0.315 0.315 0.315 0.331 0.331 0.304 0.304 0.314
-1 -1 -1 -1 -1 -1 -1 -1 -1 -1 -1 -1 -1 -1 -1 -1 -1 -1 0.0442 0.0442 0.0442 0.154 0.154 0.2785 0.2785 0.353 0.353 0.353 0.371 0.371 0.3585 0.3585 0.3355 0.3355 0.3355 0.301 0.301 0.307 0.307 0.297 0.297 0.297 0.296 0.296 0.3295 0.3295 0.3345 0.3345 0.3345 0.3105 0.3105 0.296 0.296 0.301 0.301 0.305 0.305 0.305 0.313 0.313 0.319 0.319 0.319 0.319 0.319 0.303 0.303 0.298 0.298 0.315 0.315 0.315 0.331 0.331 0.304 0.304 0.314
-1 -1 -1 -1 -1 -1 -1 -1 -1 -1 -1 -1 -1 -1 -1 -1 -1 -1 -1 -1 -1 0.0741 0.0741 0.205 0.205 0.3455 0.3455 0.3455 0.38 0.38 0.376 0.376 0.3305 0.3305 0.3305 0.317 0.317 0.3105 0.3105 0.3015 0.3015 0.3015 0.3035 0.3035 0.3295 0.3295 0.334 0.334 0.334 0.3055 0.3055 0.353 0.353 0.3575 0.3575 0.3385 0.3385 0.3385 0.3285 0.3285 0.338 0.338 0.338 0.338 0.338 0.315 0.315 0.33 0.33 0.3305 0.3305 0.3305 0.31 0.31 0.311 0.311 0.3135
-1 -1 -1 -1 -1 -1 -1 -1 -1 -1 -1 -1 -1 -1 -1 -1 -1 -1 -1 -1 -1 0.0741 0.0741 0.205 0.205 0.3455 0.3455 0.3455 0.38 0.38 0.376 0.376 0.3305 0.3305 0.3305 0.317 0.317 0.3105 0.3105 0.3015 0.3015 0.3015 0.3035 0.3035 0.3295 0.3295 0.334 0.334 0.334 0.3055 0.3055 0.353 0.353 0.3575 0.3575 0.3385 0.3385 0.3385 0.3285 0.3285 0.338 0.338 0.338 0.338 0.338 0.315 0.315 0.33 0.33 0.3305 0.3305 0.3305 0.31 0.31 0.311 0.311 0.3135
-1 -1 -1 -1 -1 -1 -1 -1 -1 -1 -1 -1 -1 -1 -1 -1 -1 -1 -1 -1 -1 0.0912 0.0912 0.1702 0.1702 0.246 0.246 0.246 0.366 0.366 0.3655 0.3655 0.3595 0.3595 0.3595 0.3405 0.3405 0.2915 0.2915 0.271 0.271 0.271 0.265 0.265 0.3245 0.3245 0.3435 0.3435 0.3435 0.375 0.375 0.3735 0.3735 0.3915 0.3915 0.3605 0.3605 0.3605 0.344 0.344 0.323 0.323 0.323 0.323 0.323 0.304 0.304 0.3195 0.3195 0.332 0.332 0.332 0.3115 0.3115 0.312 0.312 0.3155
-1 -1 -1 -1 -1 -1 -1 -1 -1 -1 -1 -1 -1 -1 -1 -1 -1 -1 -1 -1 -1 0.0912 0.0912 0.1702 0.1702 0.246 0.246 0.246 0.366 0.366 0.3655 0.3655 0.3595 0.3595 0.3595 0.3405 0.3405 0.2915 0.2915 0.271 0.271 0.271 0.265 0.265 0.3245 0.3245 0.3435 0.3435 0.3435 0.375 0.375 0.3735 0.3735 0.3915 0.3915 0.3605 0.3605 0.3605 0.344 0.344 0.323 0.323 0.323 0.323 0.323 0.304 0.304 0.3195 0.3195 0.332 0.332 0.332 0.3115 0.3115 0.312 0.312 0.3155
-1 -1 -1 -1 -1 -1 -1 -1 -1 -1 -1 -1 -1 -1 -1 -1 -1 -1 -1 -1 -1 0.0912 0.0912 0.1702 0.1702 0.246 0.246 0.246 0.366 0.366 0.3655 0.3655 0.3595 0.3595 0.3595 0.3405 0.3405 0.2915 0.2915 0.271 0.271 0.271 0.265 0.265 0.3245 0.3245 0.3435 0.3435 0.3435 0.375 0.375 0.3735 0.3735 0.3915 0.3915 0.3605 0.3605 0.3605 0.344 0.344 0.323 0.323 0.323 0.323 0.323 0.304 0.304 0.3195 0.3195 0.332 0.332 0.332 0.3115 0.3115 0.312 0.312 0.3155
-1 -1 -1 -1 -1 -1 -1 -1 -1 -1 -1 -1 -1 -1 -1 -1 -1 -1 -1 -1 -1 -1 -1 0.0672 0.0672 0.13 0.13 0.13 0.369 0.369 0.3835 0.3835 0.3785 0.3785 0.3785 0.3765 0.3765 0.2245 0.2245 0.16 0.16 0.16 0.2275 0.2275 0.295 0.295 0.359 0.359 0.359 0.3855 0.3855 0.384 0.384 0.3965 0.3965 0.3645 0.3645 0.3645 0.335 0.335 0.3365 0.3365 0.3365 0.3365 0.3365 0.3225 0.3225 0.333 0.333 0.3235 0.3235 0.3235 0.2965 0.2965 0.3115 0.3115 0.3275
-1 -1 -1 -1 -1 -1 -1 -1 -1 -1 -1 -1 -1 -1 -1 -1 -1 -1 -1 -1 -1 -1 -1 0.0672 0.0672 0.13 0.13 0.13 0.369 0.369 0.3835 0.3835 0.3785 0.3785 0.3785 0.3765 0.3765 0.2245 0.2245 0.16 0.16 0.16 0.2275 0.2275 0.295 0.295 0.359 0.359 0.359 0.3855 0.3855 0.384 0.384 0.3965 0.3965 0.3645 0.3645 0.3645 0.335 0.335 0.3365 0.3365 0.3365 0.3365 0.3365 0.3225 0.3225 0.333 0.333 0.3235 0.3235 0.3235 0.2965 0.2965 0.3115 0.3115 0.3275
-1 -1 -1 -1 -1 -1 -1 -1 -1 -1 -1 -1 -1 -1 -1 -1 -1 -1 -1 -1 -1 -1 -1 -1 -1 0.1552 0.1552 0.1552 0.2615 0.2615 0.3845 0.3845 0.356 0.356 0.356 0.329 0.329 0.1505 0.1505 0.14 0.14 0.14 0.2375 0.2375 0.3155 0.3155 0.384 0.384 0.384 0.3245 0.3245 0.3865 0.3865 0.349 0.349 0.353 0.353 0.353 0.3485 0.3485 0.3265 0.3265 0.3265 0.3265 0.3265 0.3375 0.3375 0.3275 0.3275 0.314 0.314 0.314 0.3125 0.3125 0.3185 0.3185 0.3425
-1 -1 -1 -1 -1 -1 -1 -1 -1 -1 -1 -1 -1 -1 -1 -1 -1 -1 -1 -1 -1 -1 -1 -1 -1 0.1552 0.1552 0.1552 0.2615 0.2615 0.3845 0.3845 0.356 0.356 0.356 0.329 0.329 0.1505 0.1505 0.14 0.14 0.14 0.2375 0.2375 0.3155 0.3155 0.384 0.384 0.384 0.3245 0.3245 0.3865 0.3865 0.349 0.349 0.353 0.353 0.353 0.3485 0.3485 0.3265 0.3265 0.3265 0.3265 0.3265 0.3375 0.3375 0.3275 0.3275 0.314 0.314 0.314 0.3125 0.3125 0.3185 0.3185 0.3425
-1 -1 -1 -1 -1 -1 -1 -1 -1 -1 -1 -1 -1 -1 -1 -1 -1 -1 -1 -1 -1 -1 -1 -1 -1 0.06820001 0.06820001 0.06820001 0.1106 0.1106 0.2875 0.2875 0.2915 0.2915 0.2915 0.262 0.262 0.202 0.202 0.324 0.324 0.324 0.425 0.425 0.3615 0.3615 0.36 0.36 0.36 0.2555 0.2555 0.3395 0.3395 0.331 0.331 0.3205 0.3205 0.3205 0.324 0.324 0.3325 0.3325 0.3325 0.3325 0.3325 0.308 0.308 0.297 0.297 0.3 0.3 0.3 0.29 0.29 0.3025 0.3025 0.3015
-1 -1 -1 -1 -1 -1 -1 -1 -1 -1 -1 -1 -1 -1 -1 -1 -1 -1 -1 -1 -1 -1 -1 -1 -1 0.06820001 0.06820001 0.06820001 0.1106 0.1106 0.2875 0.2875 0.2915 0.2915 0.2915 0.262 0.262 0.202 0.202 0.324 0.324 0.324 0.425 0.425 0.3615 0.3615 0.36 0.36 0.36 0.2555 0.2555 0.3395 0.3395 0.331 0.331 0.3205 0.3205 0.3205 0.324 0.324 0.3325 0.3325 0.3325 0.3325 0.3325 0.308 0.308 0.297 0.297 0.3 0.3 0.3 0.29 0.29 0.3025 0.3025 0.3015
-1 -1 -1 -1 -1 -1 -1 -1 -1 -1 -1 -1 -1 -1 -1 -1 -1 -1 -1 -1 -1 -1 -1 -1 -1 0.06820001 0.06820001 0.06820001 0.1106 0.1106 0.2875 0.2875 0.2915 0.2915 0.2915 0.262 0.262 0.202 0.202 0.324 0.324 0.324 0.425 0.425 0.3615 0.3615 0.36 0.36 0.36 0.2555 0.2555 0.3395 0.3395 0.331 0.331 0.3205 0.3205 0.3205 0.324 0.324 0.3325 0.3325 0.3325 0.3325 0.3325 0.308 0.308 0.297 0.297 0.3 0.3 0.3 0.29 0.29 0.3025 0.3025 0.3015
