ndvi/NOAA-202.asc
ncols         252
nrows         154
xllcorner     -18.017974
yllcorner     13.481982
cellsize      0.035948
NODATA_value  -9999
[rows 68 to 101 of 154, columns 78 to 155 of 252]
0.305 0.2595 0.2595 0.3555 0.3555 0.314 0.314 0.314 0.3 0.3 0.3225 0.3225 0.3285 0.3285 0.2525 0.2525 0.2525 0.2535 0.2535 0.2205 0.2205 0.213 0.213 0.213 0.2185 0.2185 0.244 0.244 0.2505 0.2505 0.2505 0.23 0.23 0.219 0.219 0.231 0.231 0.231 0.2115 0.2115 0.203 0.203 0.1975 0.1975 0.1975 0.1705 0.1705 0.1905 0.1905 0.179 0.179 0.1985 0.1985 0.1985 0.1995 0.1995 0.211 0.211 0.241 0.241 0.241 0.266 0.266 0.273 0.273 0.2945 0.2945 0.2945 0.2805 0.2805 0.206 0.206 0.1815 0.1815 0.1815 0.149 0.149 0.1325
0.3105 0.312 0.312 0.3015 0.3015 0.301 0.301 0.301 0.311 0.311 0.305 0.305 0.3635 0.3635 0.31 0.31 0.31 0.2965 0.2965 0.283 0.283 0.24 0.24 0.24 0.231 0.231 0.251 0.251 0.248 0.248 0.248 0.235 0.235 0.22 0.22 0.2405 0.2405 0.2405 0.235 0.235 0.2215 0.2215 0.1795 0.1795 0.1795 0.174 0.174 0.181 0.181 0.1985 0.1985 0.2045 0.2045 0.2045 0.2015 0.2015 0.213 0.213 0.2345 0.2345 0.2345 0.2595 0.2595 0.2675 0.2675 0.2625 0.2625 0.2625 0.259 0.259 0.231 0.231 0.198 0.198 0.198 0.166 0.166 0.176
0.3105 0.312 0.312 0.3015 0.3015 0.301 0.301 0.301 0.311 0.311 0.305 0.305 0.3635 0.3635 0.31 0.31 0.31 0.2965 0.2965 0.283 0.283 0.24 0.24 0.24 0.231 0.231 0.251 0.251 0.248 0.248 0.248 0.235 0.235 0.22 0.22 0.2405 0.2405 0.2405 0.235 0.235 0.2215 0.2215 0.1795 0.1795 0.1795 0.174 0.174 0.181 0.181 0.1985 0.1985 0.2045 0.2045 0.2045 0.2015 0.2015 0.213 0.213 0.2345 0.2345 0.2345 0.2595 0.2595 0.2675 0.2675 0.2625 0.2625 0.2625 0.259 0.259 0.231 0.231 0.198 0.198 0.198 0.166 0.166 0.176
0.2995 0.301 0.301 0.297 0.297 0.318 0.318 0.318 0.317 0.317 0.3565 0.3565 0.3645 0.3645 0.3675 0.3675 0.3675 0.3485 0.3485 0.3435 0.3435 0.349 0.349 0.349 0.2375 0.2375 0.2355 0.2355 0.2455 0.2455 0.2455 0.2405 0.2405 0.25 0.25 0.2465 0.2465 0.2465 0.2445 0.2445 0.219 0.219 0.1955 0.1955 0.1955 0.173 0.173 0.188 0.188 0.203 0.203 0.2315 0.2315 0.2315 0.227 0.227 0.2455 0.2455 0.233 0.233 0.233 0.2625 0.2625 0.247 0.247 0.215 0.215 0.215 0.2095 0.2095 0.2095 0.2095 0.2175 0.2175 0.2175 0.1885 0.1885 0.2035
0.2995 0.301 0.301 0.297 0.297 0.318 0.318 0.318 0.317 0.317 0.3565 0.3565 0.3645 0.3645 0.3675 0.3675 0.3675 0.3485 0.3485 0.3435 0.3435 0.349 0.349 0.349 0.2375 0.2375 0.2355 0.2355 0.2455 0.2455 0.2455 0.2405 0.2405 0.25 0.25 0.2465 0.2465 0.2465 0.2445 0.2445 0.219 0.219 0.1955 0.1955 0.1955 0.173 0.173 0.188 0.188 0.203 0.203 0.2315 0.2315 0.2315 0.227 0.227 0.2455 0.2455 0.233 0.233 0.233 0.2625 0.2625 0.247 0.247 0.215 0.215 0.215 0.2095 0.2095 0.2095 0.2095 0.2175 0.2175 0.2175 0.1885 0.1885 0.2035
0.2995 0.301 0.301 0.297 0.297 0.318 0.318 0.318 0.317 0.317 0.3565 0.3565 0.3645 0.3645 0.3675 0.3675 0.3675 0.3485 0.3485 0.3435 0.3435 0.349 0.349 0.349 0.2375 0.2375 0.2355 0.2355 0.2455 0.2455 0.2455 0.2405 0.2405 0.25 0.25 0.2465 0.2465 0.2465 0.2445 0.2445 0.219 0.219 0.1955 0.1955 0.1955 0.173 0.173 0.188 0.188 0.203 0.203 0.2315 0.2315 0.2315 0.227 0.227 0.2455 0.2455 0.233 0.233 0.233 0.2625 0.2625 0.247 0.247 0.215 0.215 0.215 0.2095 0.2095 0.2095 0.2095 0.2175 0.2175 0.2175 0.1885 0.1885 0.2035
0.3585 0.324 0.324 0.292 0.292 0.297 0.297 0.297 0.291 0.291 0.3285 0.3285 0.385 0.385 0.416 0.416 0.416 0.41 0.41 0.3495 0.3495 0.355 0.355 0.355 0.338 0.338 0.3015 0.3015 0.2635 0.2635 0.2635 0.2525 0.2525 0.238 0.238 0.238 0.238 0.238 0.2345 0.2345 0.2175 0.2175 0.193 0.193 0.193 0.1925 0.1925 0.2675 0.2675 0.247 0.247 0.258 0.258 0.258 0.238 0.238 0.261 0.261 0.2475 0.2475 0.2475 0.233 0.233 0.2435 0.2435 0.2395 0.2395 0.2395 0.2355 0.2355 0.238 0.238 0.181 0.181 0.181 0.198 0.198 0.209
0.3585 0.324 0.324 0.292 0.292 0.297 0.297 0.297 0.291 0.291 0.3285 0.3285 0.385 0.385 0.416 0.416 0.416 0.41 0.41 0.3495 0.3495 0.355 0.355 0.355 0.338 0.338 0.3015 0.3015 0.2635 0.2635 0.2635 0.2525 0.2525 0.238 0.238 0.238 0.238 0.238 0.2345 0.2345 0.2175 0.2175 0.193 0.193 0.193 0.1925 0.1925 0.2675 0.2675 0.247 0.247 0.258 0.258 0.258 0.238 0.238 0.261 0.261 0.2475 0.2475 0.2475 0.233 0.233 0.2435 0.2435 0.2395 0.2395 0.2395 0.2355 0.2355 0.238 0.238 0.181 0.181 0.181 0.198 0.198 0.209
0.3655 0.323 0.323 0.3225 0.3225 0.3005 0.3005 0.3005 0.299 0.299 0.3155 0.3155 0.3425 0.3425 0.3545 0.3545 0.3545 0.346 0.346 0.3425 0.3425 0.347 0.347 0.347 0.3295 0.3295 0.2675 0.2675 0.2775 0.2775 0.2775 0.281 0.281 0.2755 0.2755 0.271 0.271 0.271 0.2325 0.2325 0.2175 0.2175 0.211 0.211 0.211 0.2375 0.2375 0.289 0.289 0.288 0.288 0.2735 0.2735 0.2735 0.24 0.24 0.2415 0.2415 0.238 0.238 0.238 0.237 0.237 0.2335 0.2335 0.233 0.233 0.233 0.243 0.243 0.199 0.199 0.12 0.12 0.12 0.1735 0.1735 0.204
0.3655 0.323 0.323 0.3225 0.3225 0.3005 0.3005 0.3005 0.299 0.299 0.3155 0.3155 0.3425 0.3425 0.3545 0.3545 0.3545 0.346 0.346 0.3425 0.3425 0.347 0.347 0.347 0.3295 0.3295 0.2675 0.2675 0.2775 0.2775 0.2775 0.281 0.281 0.2755 0.2755 0.271 0.271 0.271 0.2325 0.2325 0.2175 0.2175 0.211 0.211 0.211 0.2375 0.2375 0.289 0.289 0.288 0.288 0.2735 0.2735 0.2735 0.24 0.24 0.2415 0.2415 0.238 0.238 0.238 0.237 0.237 0.2335 0.2335 0.233 0.233 0.233 0.243 0.243 0.199 0.199 0.12 0.12 0.12 0.1735 0.1735 0.204
0.2875 0.3015 0.3015 0.307 0.307 0.3025 0.3025 0.3025 0.3165 0.3165 0.3125 0.3125 0.356 0.356 0.368 0.368 0.368 0.3505 0.3505 0.339 0.339 0.321 0.321 0.321 0.2725 0.2725 0.2595 0.2595 0.2765 0.2765 0.2765 0.282 0.282 0.2755 0.2755 0.248 0.248 0.248 0.2675 0.2675 0.222 0.222 0.213 0.213 0.213 0.2655 0.2655 0.317 0.317 0.271 0.271 0.244 0.244 0.244 0.225 0.225 0.2135 0.2135 0.221 0.221 0.221 0.219 0.219 0.231 0.231 0.264 0.264 0.264 0.272 0.272 0.221 0.221 0.168 0.168 0.168 0.1615 0.1615 0.1745
0.2875 0.3015 0.3015 0.307 0.307 0.3025 0.3025 0.3025 0.3165 0.3165 0.3125 0.3125 0.356 0.356 0.368 0.368 0.368 0.3505 0.3505 0.339 0.339 0.321 0.321 0.321 0.2725 0.2725 0.2595 0.2595 0.2765 0.2765 0.2765 0.282 0.282 0.2755 0.2755 0.248 0.248 0.248 0.2675 0.2675 0.222 0.222 0.213 0.213 0.213 0.2655 0.2655 0.317 0.317 0.271 0.271 0.244 0.244 0.244 0.225 0.225 0.2135 0.2135 0.221 0.221 0.221 0.219 0.219 0.231 0.231 0.264 0.264 0.264 0.272 0.272 0.221 0.221 0.168 0.168 0.168 0.1615 0.1615 0.1745
0.3065 0.279 0.279 0.294 0.294 0.312 0.312 0.312 0.3035 0.3035 0.328 0.328 0.334 0.334 0.342 0.342 0.342 0.3315 0.3315 0.3165 0.3165 0.3165 0.3165 0.3165 0.2785 0.2785 0.2585 0.2585 0.2405 0.2405 0.2405 0.265 0.265 0.3025 0.3025 0.286 0.286 0.286 0.2735 0.2735 0.2345 0.2345 0.241 0.241 0.241 0.236 0.236 0.2445 0.2445 0.261 0.261 0.237 0.237 0.237 0.1935 0.1935 0.2155 0.2155 0.217 0.217 0.217 0.2325 0.2325 0.206 0.206 0.1945 0.1945 0.1945 0.1735 0.1735 0.2 0.2 0.167 0.167 0.167 0.1495 0.1495 0.155
0.3065 0.279 0.279 0.294 0.294 0.312 0.312 0.312 0.3035 0.3035 0.328 0.328 0.334 0.334 0.342 0.342 0.342 0.3315 0.3315 0.3165 0.3165 0.3165 0.3165 0.3165 0.2785 0.2785 0.2585 0.2585 0.2405 0.2405 0.2405 0.265 0.265 0.3025 0.3025 0.286 0.286 0.286 0.2735 0.2735 0.2345 0.2345 0.241 0.241 0.241 0.236 0.236 0.2445 0.2445 0.261 0.261 0.237 0.237 0.237 0.1935 0.1935 0.2155 0.2155 0.217 0.217 0.217 0.2325 0.2325 0.206 0.206 0.1945 0.1945 0.1945 0.1735 0.1735 0.2 0.2 0.167 0.167 0.167 0.1495 0.1495 0.155
0.3065 0.279 0.279 0.294 0.294 0.312 0.312 0.312 0.3035 0.3035 0.328 0.328 0.334 0.334 0.342 0.342 0.342 0.3315 0.3315 0.3165 0.3165 0.3165 0.3165 0.3165 0.2785 0.2785 0.2585 0.2585 0.2405 0.2405 0.2405 0.265 0.265 0.3025 0.3025 0.286 0.286 0.286 0.2735 0.2735 0.2345 0.2345 0.241 0.241 0.241 0.236 0.236 0.2445 0.2445 0.261 0.261 0.237 0.237 0.237 0.1935 0.1935 0.2155 0.2155 0.217 0.217 0.217 0.2325 0.2325 0.206 0.206 0.1945 0.1945 0.1945 0.1735 0.1735 0.2 0.2 0.167 0.167 0.167 0.1495 0.1495 0.155
0.296 0.294 0.294 0.2885 0.2885 0.297 0.297 0.297 0.3375 0.3375 0.3515 0.3515 0.3625 0.3625 0.337 0.337 0.337 0.325 0.325 0.3255 0.3255 0.329 0.329 0.329 0.2975 0.2975 0.3015 0.3015 0.29 0.29 0.29 0.284 0.284 0.2675 0.2675 0.2955 0.2955 0.2955 0.301 0.301 0.281 0.281 0.261 0.261 0.261 0.2675 0.2675 0.2515 0.2515 0.2795 0.2795 0.2505 0.2505 0.2505 0.236 0.236 0.213 0.213 0.2225 0.2225 0.2225 0.2245 0.2245 0.207 0.207 0.1885 0.1885 0.1885 0.1905 0.1905 0.1625 0.1625 0.1545 0.1545 0.1545 0.1355 0.1355 0.196
0.296 0.294 0.294 0.2885 0.2885 0.297 0.297 0.297 0.3375 0.3375 0.3515 0.3515 0.3625 0.3625 0.337 0.337 0.337 0.325 0.325 0.3255 0.3255 0.329 0.329 0.329 0.2975 0.2975 0.3015 0.3015 0.29 0.29 0.29 0.284 0.284 0.2675 0.2675 0.2955 0.2955 0.2955 0.301 0.301 0.281 0.281 0.261 0.261 0.261 0.2675 0.2675 0.2515 0.2515 0.2795 0.2795 0.2505 0.2505 0.2505 0.236 0.236 0.213 0.213 0.2225 0.2225 0.2225 0.2245 0.2245 0.207 0.207 0.1885 0.1885 0.1885 0.1905 0.1905 0.1625 0.1625 0.1545 0.1545 0.1545 0.1355 0.1355 0.196
0.3295 0.3175 0.3175 0.3095 0.3095 0.3355 0.3355 0.3355 0.355 0.355 0.3865 0.3865 0.3725 0.3725 0.3555 0.3555 0.3555 0.3395 0.3395 0.3655 0.3655 0.339 0.339 0.339 0.3235 0.3235 0.343 0.343 0.3005 0.3005 0.3005 0.2845 0.2845 0.338 0.338 0.323 0.323 0.323 0.3225 0.3225 0.313 0.313 0.297 0.297 0.297 0.2855 0.2855 0.2895 0.2895 0.2725 0.2725 0.2465 0.2465 0.2465 0.2745 0.2745 0.254 0.254 0.2625 0.2625 0.2625 0.2585 0.2585 0.244 0.244 0.209 0.209 0.209 0.1955 0.1955 0.203 0.203 0.169 0.169 0.169 0.1565 0.1565 0.2035
0.3295 0.3175 0.3175 0.3095 0.3095 0.3355 0.3355 0.3355 0.355 0.355 0.3865 0.3865 0.3725 0.3725 0.3555 0.3555 0.3555 0.3395 0.3395 0.3655 0.3655 0.339 0.339 0.339 0.3235 0.3235 0.343 0.343 0.3005 0.3005 0.3005 0.2845 0.2845 0.338 0.338 0.323 0.323 0.323 0.3225 0.3225 0.313 0.313 0.297 0.297 0.297 0.2855 0.2855 0.2895 0.2895 0.2725 0.2725 0.2465 0.2465 0.2465 0.2745 0.2745 0.254 0.254 0.2625 0.2625 0.2625 0.2585 0.2585 0.244 0.244 0.209 0.209 0.209 0.1955 0.1955 0.203 0.203 0.169 0.169 0.169 0.1565 0.1565 0.2035
0.344 0.3345 0.3345 0.343 0.343 0.335 0.335 0.335 0.351 0.351 0.394 0.394 0.392 0.392 0.3625 0.3625 0.3625 0.356 0.356 0.3355 0.3355 0.3305 0.3305 0.3305 0.333 0.333 0.3225 0.3225 0.32 0.32 0.32 0.323 0.323 0.33 0.33 0.3465 0.3465 0.3465 0.377 0.377 0.3685 0.3685 0.35 0.35 0.35 0.321 0.321 0.317 0.317 0.285 0.285 0.273 0.273 0.273 0.2775 0.2775 0.285 0.285 0.27 0.27 0.27 0.252 0.252 0.2675 0.2675 0.245 0.245 0.245 0.2335 0.2335 0.2135 0.2135 0.19 0.19 0.19 0.196 0.196 0.234
0.344 0.3345 0.3345 0.343 0.343 0.335 0.335 0.335 0.351 0.351 0.394 0.394 0.392 0.392 0.3625 0.3625 0.3625 0.356 0.356 0.3355 0.3355 0.3305 0.3305 0.3305 0.333 0.333 0.3225 0.3225 0.32 0.32 0.32 0.323 0.323 0.33 0.33 0.3465 0.3465 0.3465 0.377 0.377 0.3685 0.3685 0.35 0.35 0.35 0.321 0.321 0.317 0.317 0.285 0.285 0.273 0.273 0.273 0.2775 0.2775 0.285 0.285 0.27 0.27 0.27 0.252 0.252 0.2675 0.2675 0.245 0.245 0.245 0.2335 0.2335 0.2135 0.2135 0.19 0.19 0.19 0.196 0.196 0.234
0.344 0.3345 0.3345 0.343 0.343 0.335 0.335 0.335 0.351 0.351 0.394 0.394 0.392 0.392 0.3625 0.3625 0.3625 0.356 0.356 0.3355 0.3355 0.3305 0.3305 0.3305 0.333 0.333 0.3225 0.3225 0.32 0.32 0.32 0.323 0.323 0.33 0.33 0.3465 0.3465 0.3465 0.377 0.377 0.3685 0.3685 0.35 0.35 0.35 0.321 0.321 0.317 0.317 0.285 0.285 0.273 0.273 0.273 0.2775 0.2775 0.285 0.285 0.27 0.27 0.27 0.252 0.252 0.2675 0.2675 0.245 0.245 0.245 0.2335 0.2335 0.2135 0.2135 0.19 0.19 0.19 0.196 0.196 0.234
0.355 0.333 0.333 0.33 0.33 0.34 0.34 0.34 0.332 0.332 0.336 0.336 0.326 0.326 0.3185 0.3185 0.3185 0.288 0.288 0.306 0.306 0.309 0.309 0.309 0.3305 0.3305 0.294 0.294 0.3055 0.3055 0.3055 0.322 0.322 0.3325 0.3325 0.348 0.348 0.348 0.3585 0.3585 0.3565 0.3565 0.368 0.368 0.368 0.346 0.346 0.3565 0.3565 0.341 0.341 0.245 0.245 0.245 0.266 0.266 0.281 0.281 0.2835 0.2835 0.2835 0.295 0.295 0.2865 0.2865 0.303 0.303 0.303 0.224 0.224 0.2185 0.2185 0.206 0.206 0.206 0.2095 0.2095 0.243
0.355 0.333 0.333 0.33 0.33 0.34 0.34 0.34 0.332 0.332 0.336 0.336 0.326 0.326 0.3185 0.3185 0.3185 0.288 0.288 0.306 0.306 0.309 0.309 0.309 0.3305 0.3305 0.294 0.294 0.3055 0.3055 0.3055 0.322 0.322 0.3325 0.3325 0.348 0.348 0.348 0.3585 0.3585 0.3565 0.3565 0.368 0.368 0.368 0.346 0.346 0.3565 0.3565 0.341 0.341 0.245 0.245 0.245 0.266 0.266 0.281 0.281 0.2835 0.2835 0.2835 0.295 0.295 0.2865 0.2865 0.303 0.303 0.303 0.224 0.224 0.2185 0.2185 0.206 0.206 0.206 0.2095 0.2095 0.243
0.3265 0.3275 0.3275 0.326 0.326 0.3155 0.3155 0.3155 0.3215 0.3215 0.324 0.324 0.3005 0.3005 0.285 0.285 0.285 0.285 0.285 0.307 0.307 0.3105 0.3105 0.3105 0.285 0.285 0.2865 0.2865 0.283 0.283 0.283 0.3245 0.3245 0.3215 0.3215 0.332 0.332 0.332 0.338 0.338 0.352 0.352 0.353 0.353 0.353 0.371 0.371 0.359 0.359 0.3805 0.3805 0.252 0.252 0.252 0.25 0.25 0.262 0.262 0.2705 0.2705 0.2705 0.2905 0.2905 0.3315 0.3315 0.3185 0.3185 0.3185 0.303 0.303 0.3005 0.3005 0.277 0.277 0.277 0.2705 0.2705 0.2055
0.3265 0.3275 0.3275 0.326 0.326 0.3155 0.3155 0.3155 0.3215 0.3215 0.324 0.324 0.3005 0.3005 0.285 0.285 0.285 0.285 0.285 0.307 0.307 0.3105 0.3105 0.3105 0.285 0.285 0.2865 0.2865 0.283 0.283 0.283 0.3245 0.3245 0.3215 0.3215 0.332 0.332 0.332 0.338 0.338 0.352 0.352 0.353 0.353 0.353 0.371 0.371 0.359 0.359 0.3805 0.3805 0.252 0.252 0.252 0.25 0.25 0.262 0.262 0.2705 0.2705 0.2705 0.2905 0.2905 0.3315 0.3315 0.3185 0.3185 0.3185 0.303 0.303 0.3005 0.3005 0.277 0.277 0.277 0.2705 0.2705 0.2055
0.358 0.3805 0.3805 0.3275 0.3275 0.349 0.349 0.349 0.384 0.384 0.371 0.371 0.318 0.318 0.315 0.315 0.315 0.3355 0.3355 0.359 0.359 0.3485 0.3485 0.3485 0.3325 0.3325 0.305 0.305 0.304 0.304 0.304 0.329 0.329 0.3345 0.3345 0.333 0.333 0.333 0.324 0.324 0.312 0.312 0.3395 0.3395 0.3395 0.351 0.351 0.3315 0.3315 0.358 0.358 0.296 0.296 0.296 0.2205 0.2205 0.2515 0.2515 0.2995 0.2995 0.2995 0.32 0.32 0.3535 0.3535 0.34 0.34 0.34 0.282 0.282 0.286 0.286 0.273 0.273 0.273 0.2605 0.2605 0.247
0.358 0.3805 0.3805 0.3275 0.3275 0.349 0.349 0.349 0.384 0.384 0.371 0.371 0.318 0.318 0.315 0.315 0.315 0.3355 0.3355 0.359 0.359 0.3485 0.3485 0.3485 0.3325 0.3325 0.305 0.305 0.304 0.304 0.304 0.329 0.329 0.3345 0.3345 0.333 0.333 0.333 0.324 0.324 0.312 0.312 0.3395 0.3395 0.3395 0.351 0.351 0.3315 0.3315 0.358 0.358 0.296 0.296 0.296 0.2205 0.2205 0.2515 0.2515 0.2995 0.2995 0.2995 0.32 0.32 0.3535 0.3535 0.34 0.34 0.34 0.282 0.282 0.286 0.286 0.273 0.273 0.273 0.2605 0.2605 0.247
0.358 0.3805 0.3805 0.3275 0.3275 0.349 0.349 0.349 0.384 0.384 0.371 0.371 0.318 0.318 0.315 0.315 0.315 0.3355 0.3355 0.359 0.359 0.3485 0.3485 0.3485 0.3325 0.3325 0.305 0.305 0.304 0.304 0.304 0.329 0.329 0.3345 0.3345 0.333 0.333 0.333 0.324 0.324 0.312 0.312 0.3395 0.3395 0.3395 0.351 0.351 0.3315 0.3315 0.358 0.358 0.296 0.296 0.296 0.2205 0.2205 0.2515 0.2515 0.2995 0.2995 0.2995 0.32 0.32 0.3535 0.3535 0.34 0.34 0.34 0.282 0.282 0.286 0.286 0.273 0.273 0.273 0.2605 0.2605 0.247
0.444 0.4285 0.4285 0.4025 0.4025 0.3725 0.3725 0.3725 0.369 0.369 0.358 0.358 0.3395 0.3395 0.323 0.323 0.323 0.3665 0.3665 0.37 0.37 0.3515 0.3515 0.3515 0.329 0.329 0.3415 0.3415 0.38 0.38 0.38 0.3845 0.3845 0.3865 0.3865 0.356 0.356 0.356 0.366 0.366 0.345 0.345 0.3495 0.3495 0.3495 0.3275 0.3275 0.3055 0.3055 0.2845 0.2845 0.296 0.296 0.296 0.3295 0.3295 0.324 0.324 0.2725 0.2725 0.2725 0.2545 0.2545 0.3305 0.3305 0.3165 0.3165 0.3165 0.2785 0.2785 0.261 0.261 0.2685 0.2685 0.2685 0.2795 0.2795 0.285
0.444 0.4285 0.4285 0.4025 0.4025 0.3725 0.3725 0.3725 0.369 0.369 0.358 0.358 0.3395 0.3395 0.323 0.323 0.323 0.3665 0.3665 0.37 0.37 0.3515 0.3515 0.3515 0.329 0.329 0.3415 0.3415 0.38 0.38 0.38 0.3845 0.3845 0.3865 0.3865 0.356 0.356 0.356 0.366 0.366 0.345 0.345 0.3495 0.3495 0.3495 0.3275 0.3275 0.3055 0.3055 0.2845 0.2845 0.296 0.296 0.296 0.3295 0.3295 0.324 0.324 0.2725 0.2725 0.2725 0.2545 0.2545 0.3305 0.3305 0.3165 0.3165 0.3165 0.2785 0.2785 0.261 0.261 0.2685 0.2685 0.2685 0.2795 0.2795 0.285
0.447 0.486 0.486 0.438 0.438 0.362 0.362 0.362 0.3585 0.3585 0.35 0.35 0.324 0.324 0.3515 0.3515 0.3515 0.3205 0.3205 0.319 0.319 0.3525 0.3525 0.3525 0.3645 0.3645 0.391 0.391 0.3725 0.3725 0.3725 0.374 0.374 0.4015 0.4015 0.3875 0.3875 0.3875 0.3895 0.3895 0.395 0.395 0.384 0.384 0.384 0.354 0.354 0.326 0.326 0.346 0.346 0.3555 0.3555 0.3555 0.35 0.35 0.3445 0.3445 0.313 0.313 0.313 0.291 0.291 0.331 0.331 0.3205 0.3205 0.3205 0.3395 0.3395 0.29 0.29 0.3085 0.3085 0.3085 0.3385 0.3385 0.333
0.447 0.486 0.486 0.438 0.438 0.362 0.362 0.362 0.3585 0.3585 0.35 0.35 0.324 0.324 0.3515 0.3515 0.3515 0.3205 0.3205 0.319 0.319 0.3525 0.3525 0.3525 0.3645 0.3645 0.391 0.391 0.3725 0.3725 0.3725 0.374 0.374 0.4015 0.4015 0.3875 0.3875 0.3875 0.3895 0.3895 0.395 0.395 0.384 0.384 0.384 0.354 0.354 0.326 0.326 0.346 0.346 0.3555 0.3555 0.3555 0.35 0.35 0.3445 0.3445 0.313 0.313 0.313 0.291 0.291 0.331 0.331 0.3205 0.3205 0.3205 0.3395 0.3395 0.29 0.29 0.3085 0.3085 0.3085 0.3385 0.3385 0.333
0.4455 0.445 0.445 0.406 0.406 0.373 0.373 0.373 0.378 0.378 0.3445 0.3445 0.362 0.362 0.3605 0.3605 0.3605 0.3865 0.3865 0.3545 0.3545 0.3515 0.3515 0.3515 0.368 0.368 0.388 0.388 0.381 0.381 0.381 0.378 0.378 0.4095 0.4095 0.415 0.415 0.415 0.421 0.421 0.4025 0.4025 0.4115 0.4115 0.4115 0.3795 0.3795 0.3575 0.3575 0.4115 0.4115 0.416 0.416 0.416 0.3875 0.3875 0.36 0.36 0.3335 0.3335 0.3335 0.3115 0.3115 0.344 0.344 0.36 0.36 0.36 0.3905 0.3905 0.385 0.385 0.384 0.384 0.384 0.366 0.366 0.3305
