ndvi/NOAA-305.asc
ncols         252
nrows         154
xllcorner     -18.017974
yllcorner     13.481982
cellsize      0.035948
NODATA_value  -9999
[rows 34 to 67 of 154, columns 154 to 230 of 252]
0.135 0.14 0.14 0.1335 0.1335 0.1335 0.1345 0.1345 0.1265 0.1265 0.126 0.126 0.1025 0.1025 0.1025 0.1185 0.1185 0.1295 0.1295 0.122 0.122 0.122 0.1135 0.1135 0.124 0.124 0.1495 0.1495 0.1495 0.1485 0.1485 0.13 0.13 0.1175 0.1175 0.1175 0.1335 0.1335 0.133 0.133 0.1255 0.1255 0.1255 0.108 0.108 0.125 0.125 0.128 0.128 0.1345 0.1345 0.1345 0.1395 0.1395 0.134 0.134 0.1465 0.1465 0.1465 0.117 0.117 0.117 0.117 0.117 0.117 0.117 0.1195 0.1195 0.1135 0.1135 0.1125 0.1125 0.1125 0.111 0.111 0.115 0.115
0.135 0.14 0.14 0.1335 0.1335 0.1335 0.1345 0.1345 0.1265 0.1265 0.126 0.126 0.1025 0.1025 0.1025 0.1185 0.1185 0.1295 0.1295 0.122 0.122 0.122 0.1135 0.1135 0.124 0.124 0.1495 0.1495 0.1495 0.1485 0.1485 0.13 0.13 0.1175 0.1175 0.1175 0.1335 0.1335 0.133 0.133 0.1255 0.1255 0.1255 0.108 0.108 0.125 0.125 0.128 0.128 0.1345 0.1345 0.1345 0.1395 0.1395 0.134 0.134 0.1465 0.1465 0.1465 0.117 0.117 0.117 0.117 0.117 0.117 0.117 0.1195 0.1195 0.1135 0.1135 0.1125 0.1125 0.1125 0.111 0.111 0.115 0.115
0.135 0.14 0.14 0.1335 0.1335 0.1335 0.1345 0.1345 0.1265 0.1265 0.126 0.126 0.1025 0.1025 0.1025 0.1185 0.1185 0.1295 0.1295 0.122 0.122 0.122 0.1135 0.1135 0.124 0.124 0.1495 0.1495 0.1495 0.1485 0.1485 0.13 0.13 0.1175 0.1175 0.1175 0.1335 0.1335 0.133 0.133 0.1255 0.1255 0.1255 0.108 0.108 0.125 0.125 0.128 0.128 0.1345 0.1345 0.1345 0.1395 0.1395 0.134 0.134 0.1465 0.1465 0.1465 0.117 0.117 0.117 0.117 0.117 0.117 0.117 0.1195 0.1195 0.1135 0.1135 0.1125 0.1125 0.1125 0.111 0.111 0.115 0.115
0.1485 0.127 0.127 0.1225 0.1225 0.1225 0.1235 0.1235 0.1245 0.1245 0.1235 0.1235 0.1185 0.1185 0.1185 0.1115 0.1115 0.125 0.125 0.1225 0.1225 0.1225 0.1245 0.1245 0.1265 0.1265 0.1575 0.1575 0.1575 0.1465 0.1465 0.1335 0.1335 0.1275 0.1275 0.1275 0.159 0.159 0.1215 0.1215 0.127 0.127 0.127 0.1165 0.1165 0.1065 0.1065 0.1315 0.1315 0.133 0.133 0.133 0.1345 0.1345 0.1265 0.1265 0.1435 0.1435 0.1435 0.1405 0.1405 0.1205 0.1205 0.12 0.12 0.12 0.114 0.114 0.1165 0.1165 0.122 0.122 0.122 0.116 0.116 0.1175 0.1175
0.1485 0.127 0.127 0.1225 0.1225 0.1225 0.1235 0.1235 0.1245 0.1245 0.1235 0.1235 0.1185 0.1185 0.1185 0.1115 0.1115 0.125 0.125 0.1225 0.1225 0.1225 0.1245 0.1245 0.1265 0.1265 0.1575 0.1575 0.1575 0.1465 0.1465 0.1335 0.1335 0.1275 0.1275 0.1275 0.159 0.159 0.1215 0.1215 0.127 0.127 0.127 0.1165 0.1165 0.1065 0.1065 0.1315 0.1315 0.133 0.133 0.133 0.1345 0.1345 0.1265 0.1265 0.1435 0.1435 0.1435 0.1405 0.1405 0.1205 0.1205 0.12 0.12 0.12 0.114 0.114 0.1165 0.1165 0.122 0.122 0.122 0.116 0.116 0.1175 0.1175
0.129 0.1285 0.1285 0.1135 0.1135 0.1135 0.122 0.122 0.1195 0.1195 0.1255 0.1255 0.138 0.138 0.138 0.1195 0.1195 0.1165 0.1165 0.121 0.121 0.121 0.1095 0.1095 0.1335 0.1335 0.137 0.137 0.137 0.1345 0.1345 0.1425 0.1425 0.1365 0.1365 0.1365 0.1365 0.1365 0.131 0.131 0.127 0.127 0.127 0.1285 0.1285 0.134 0.134 0.139 0.139 0.142 0.142 0.142 0.146 0.146 0.1445 0.1445 0.142 0.142 0.142 0.1395 0.1395 0.145 0.145 0.1385 0.1385 0.1385 0.1165 0.1165 0.1145 0.1145 0.1345 0.1345 0.1345 0.136 0.136 0.1325 0.1325
0.129 0.1285 0.1285 0.1135 0.1135 0.1135 0.122 0.122 0.1195 0.1195 0.1255 0.1255 0.138 0.138 0.138 0.1195 0.1195 0.1165 0.1165 0.121 0.121 0.121 0.1095 0.1095 0.1335 0.1335 0.137 0.137 0.137 0.1345 0.1345 0.1425 0.1425 0.1365 0.1365 0.1365 0.1365 0.1365 0.131 0.131 0.127 0.127 0.127 0.1285 0.1285 0.134 0.134 0.139 0.139 0.142 0.142 0.142 0.146 0.146 0.1445 0.1445 0.142 0.142 0.142 0.1395 0.1395 0.145 0.145 0.1385 0.1385 0.1385 0.1165 0.1165 0.1145 0.1145 0.1345 0.1345 0.1345 0.136 0.136 0.1325 0.1325
0.132 0.1375 0.1375 0.141 0.141 0.141 0.135 0.135 0.137 0.137 0.109 0.109 0.127 0.127 0.127 0.123 0.123 0.1205 0.1205 0.1405 0.1405 0.1405 0.139 0.139 0.149 0.149 0.145 0.145 0.145 0.169 0.169 0.1615 0.1615 0.1425 0.1425 0.1425 0.132 0.132 0.146 0.146 0.143 0.143 0.143 0.138 0.138 0.139 0.139 0.146 0.146 0.145 0.145 0.145 0.1325 0.1325 0.135 0.135 0.139 0.139 0.139 0.139 0.139 0.1465 0.1465 0.1565 0.1565 0.1565 0.1485 0.1485 0.144 0.144 0.1365 0.1365 0.1365 0.1405 0.1405 0.138 0.138
0.132 0.1375 0.1375 0.141 0.141 0.141 0.135 0.135 0.137 0.137 0.109 0.109 0.127 0.127 0.127 0.123 0.123 0.1205 0.1205 0.1405 0.1405 0.1405 0.139 0.139 0.149 0.149 0.145 0.145 0.145 0.169 0.169 0.1615 0.1615 0.1425 0.1425 0.1425 0.132 0.132 0.146 0.146 0.143 0.143 0.143 0.138 0.138 0.139 0.139 0.146 0.146 0.145 0.145 0.145 0.1325 0.1325 0.135 0.135 0.139 0.139 0.139 0.139 0.139 0.1465 0.1465 0.1565 0.1565 0.1565 0.1485 0.1485 0.144 0.144 0.1365 0.1365 0.1365 0.1405 0.1405 0.138 0.138
0.132 0.1375 0.1375 0.141 0.141 0.141 0.135 0.135 0.137 0.137 0.109 0.109 0.127 0.127 0.127 0.123 0.123 0.1205 0.1205 0.1405 0.1405 0.1405 0.139 0.139 0.149 0.149 0.145 0.145 0.145 0.169 0.169 0.1615 0.1615 0.1425 0.1425 0.1425 0.132 0.132 0.146 0.146 0.143 0.143 0.143 0.138 0.138 0.139 0.139 0.146 0.146 0.145 0.145 0.145 0.1325 0.1325 0.135 0.135 0.139 0.139 0.139 0.139 0.139 0.1465 0.1465 0.1565 0.1565 0.1565 0.1485 0.1485 0.144 0.144 0.1365 0.1365 0.1365 0.1405 0.1405 0.138 0.138
0.1435 0.139 0.139 0.137 0.137 0.137 0.1225 0.1225 0.119 0.119 0.1245 0.1245 0.1405 0.1405 0.1405 0.1455 0.1455 0.1885 0.1885 0.1425 0.1425 0.1425 0.159 0.159 0.16 0.16 0.1585 0.1585 0.1585 0.1575 0.1575 0.1625 0.1625 0.1635 0.1635 0.1635 0.1595 0.1595 0.1475 0.1475 0.1465 0.1465 0.1465 0.1465 0.1465 0.1425 0.1425 0.157 0.157 0.1405 0.1405 0.1405 0.146 0.146 0.1605 0.1605 0.15 0.15 0.15 0.151 0.151 0.1415 0.1415 0.1565 0.1565 0.1565 0.15 0.15 0.1475 0.1475 0.146 0.146 0.146 0.147 0.147 0.1455 0.1455
0.1435 0.139 0.139 0.137 0.137 0.137 0.1225 0.1225 0.119 0.119 0.1245 0.1245 0.1405 0.1405 0.1405 0.1455 0.1455 0.1885 0.1885 0.1425 0.1425 0.1425 0.159 0.159 0.16 0.16 0.1585 0.1585 0.1585 0.1575 0.1575 0.1625 0.1625 0.1635 0.1635 0.1635 0.1595 0.1595 0.1475 0.1475 0.1465 0.1465 0.1465 0.1465 0.1465 0.1425 0.1425 0.157 0.157 0.1405 0.1405 0.1405 0.146 0.146 0.1605 0.1605 0.15 0.15 0.15 0.151 0.151 0.1415 0.1415 0.1565 0.1565 0.1565 0.15 0.15 0.1475 0.1475 0.146 0.146 0.146 0.147 0.147 0.1455 0.1455
0.1605 0.1715 0.1715 0.182 0.182 0.182 0.1865 0.1865 0.2075 0.2075 0.1905 0.1905 0.1845 0.1845 0.1845 0.193 0.193 0.199 0.199 0.1865 0.1865 0.1865 0.194 0.194 0.148 0.148 0.1635 0.1635 0.1635 0.164 0.164 0.16 0.16 0.16 0.16 0.16 0.1425 0.1425 0.153 0.153 0.1535 0.1535 0.1535 0.171 0.171 0.168 0.168 0.178 0.178 0.1625 0.1625 0.1625 0.1505 0.1505 0.1465 0.1465 0.1595 0.1595 0.1595 0.1705 0.1705 0.1575 0.1575 0.1705 0.1705 0.1705 0.1605 0.1605 0.136 0.136 0.148 0.148 0.148 0.157 0.157 0.1585 0.1585
0.1605 0.1715 0.1715 0.182 0.182 0.182 0.1865 0.1865 0.2075 0.2075 0.1905 0.1905 0.1845 0.1845 0.1845 0.193 0.193 0.199 0.199 0.1865 0.1865 0.1865 0.194 0.194 0.148 0.148 0.1635 0.1635 0.1635 0.164 0.164 0.16 0.16 0.16 0.16 0.16 0.1425 0.1425 0.153 0.153 0.1535 0.1535 0.1535 0.171 0.171 0.168 0.168 0.178 0.178 0.1625 0.1625 0.1625 0.1505 0.1505 0.1465 0.1465 0.1595 0.1595 0.1595 0.1705 0.1705 0.1575 0.1575 0.1705 0.1705 0.1705 0.1605 0.1605 0.136 0.136 0.148 0.148 0.148 0.157 0.157 0.1585 0.1585
0.1655 0.162 0.162 0.1975 0.1975 0.1975 0.2 0.2 0.2145 0.2145 0.2235 0.2235 0.1975 0.1975 0.1975 0.1825 0.1825 0.1865 0.1865 0.175 0.175 0.175 0.1795 0.1795 0.184 0.184 0.1725 0.1725 0.1725 0.173 0.173 0.1585 0.1585 0.171 0.171 0.171 0.162 0.162 0.1985 0.1985 0.183 0.183 0.183 0.162 0.162 0.158 0.158 0.1565 0.1565 0.159 0.159 0.159 0.133 0.133 0.15 0.15 0.1715 0.1715 0.1715 0.1585 0.1585 0.1645 0.1645 0.1545 0.1545 0.1545 0.151 0.151 0.142 0.142 0.1705 0.1705 0.1705 0.1575 0.1575 0.141 0.141
0.1655 0.162 0.162 0.1975 0.1975 0.1975 0.2 0.2 0.2145 0.2145 0.2235 0.2235 0.1975 0.1975 0.1975 0.1825 0.1825 0.1865 0.1865 0.175 0.175 0.175 0.1795 0.1795 0.184 0.184 0.1725 0.1725 0.1725 0.173 0.173 0.1585 0.1585 0.171 0.171 0.171 0.162 0.162 0.1985 0.1985 0.183 0.183 0.183 0.162 0.162 0.158 0.158 0.1565 0.1565 0.159 0.159 0.159 0.133 0.133 0.15 0.15 0.1715 0.1715 0.1715 0.1585 0.1585 0.1645 0.1645 0.1545 0.1545 0.1545 0.151 0.151 0.142 0.142 0.1705 0.1705 0.1705 0.1575 0.1575 0.141 0.141
0.1655 0.162 0.162 0.1975 0.1975 0.1975 0.2 0.2 0.2145 0.2145 0.2235 0.2235 0.1975 0.1975 0.1975 0.1825 0.1825 0.1865 0.1865 0.175 0.175 0.175 0.1795 0.1795 0.184 0.184 0.1725 0.1725 0.1725 0.173 0.173 0.1585 0.1585 0.171 0.171 0.171 0.162 0.162 0.1985 0.1985 0.183 0.183 0.183 0.162 0.162 0.158 0.158 0.1565 0.1565 0.159 0.159 0.159 0.133 0.133 0.15 0.15 0.1715 0.1715 0.1715 0.1585 0.1585 0.1645 0.1645 0.1545 0.1545 0.1545 0.151 0.151 0.142 0.142 0.1705 0.1705 0.1705 0.1575 0.1575 0.141 0.141
0.1525 0.1675 0.1675 0.183 0.183 0.183 0.2015 0.2015 0.2035 0.2035 0.2215 0.2215 0.2015 0.2015 0.2015 0.1915 0.1915 0.1775 0.1775 0.159 0.159 0.159 0.1745 0.1745 0.1735 0.1735 0.1745 0.1745 0.1745 0.1855 0.1855 0.1785 0.1785 0.181 0.181 0.181 0.1555 0.1555 0.1545 0.1545 0.177 0.177 0.177 0.159 0.159 0.1605 0.1605 0.164 0.164 0.1355 0.1355 0.1355 0.135 0.135 0.147 0.147 0.1565 0.1565 0.1565 0.1965 0.1965 0.168 0.168 0.1475 0.1475 0.1475 0.164 0.164 0.1475 0.1475 0.1525 0.1525 0.1525 0.1535 0.1535 0.152 0.152
0.1525 0.1675 0.1675 0.183 0.183 0.183 0.2015 0.2015 0.2035 0.2035 0.2215 0.2215 0.2015 0.2015 0.2015 0.1915 0.1915 0.1775 0.1775 0.159 0.159 0.159 0.1745 0.1745 0.1735 0.1735 0.1745 0.1745 0.1745 0.1855 0.1855 0.1785 0.1785 0.181 0.181 0.181 0.1555 0.1555 0.1545 0.1545 0.177 0.177 0.177 0.159 0.159 0.1605 0.1605 0.164 0.164 0.1355 0.1355 0.1355 0.135 0.135 0.147 0.147 0.1565 0.1565 0.1565 0.1965 0.1965 0.168 0.168 0.1475 0.1475 0.1475 0.164 0.164 0.1475 0.1475 0.1525 0.1525 0.1525 0.1535 0.1535 0.152 0.152
0.1565 0.154 0.154 0.201 0.201 0.201 0.205 0.205 0.216 0.216 0.216 0.216 0.2206 0.2206 0.2206 0.203 0.203 0.194 0.194 0.178 0.178 0.178 0.186 0.186 0.2145 0.2145 0.2115 0.2115 0.2115 0.2165 0.2165 0.215 0.215 0.2175 0.2175 0.2175 0.215 0.215 0.197 0.197 0.1795 0.1795 0.1795 0.1655 0.1655 0.158 0.158 0.183 0.183 0.1465 0.1465 0.1465 0.1495 0.1495 0.1825 0.1825 0.196 0.196 0.196 0.1825 0.1825 0.1665 0.1665 0.2155 0.2155 0.2155 0.191 0.191 0.19 0.19 0.1865 0.1865 0.1865 0.1925 0.1925 0.174 0.174
0.1565 0.154 0.154 0.201 0.201 0.201 0.205 0.205 0.216 0.216 0.216 0.216 0.2206 0.2206 0.2206 0.203 0.203 0.194 0.194 0.178 0.178 0.178 0.186 0.186 0.2145 0.2145 0.2115 0.2115 0.2115 0.2165 0.2165 0.215 0.215 0.2175 0.2175 0.2175 0.215 0.215 0.197 0.197 0.1795 0.1795 0.1795 0.1655 0.1655 0.158 0.158 0.183 0.183 0.1465 0.1465 0.1465 0.1495 0.1495 0.1825 0.1825 0.196 0.196 0.196 0.1825 0.1825 0.1665 0.1665 0.2155 0.2155 0.2155 0.191 0.191 0.19 0.19 0.1865 0.1865 0.1865 0.1925 0.1925 0.174 0.174
0.1495 0.1455 0.1455 0.2005 0.2005 0.2005 0.1935 0.1935 0.2015 0.2015 0.206 0.206 0.201 0.201 0.201 0.218 0.218 0.206 0.206 0.2245 0.2245 0.2245 0.2105 0.2105 0.229 0.229 0.22 0.22 0.22 0.2225 0.2225 0.2015 0.2015 0.204 0.204 0.204 0.194 0.194 0.189 0.189 0.1805 0.1805 0.1805 0.1565 0.1565 0.1515 0.1515 0.162 0.162 0.1585 0.1585 0.1585 0.1605 0.1605 0.1555 0.1555 0.1745 0.1745 0.1745 0.174 0.174 0.202 0.202 0.1945 0.1945 0.1945 0.1905 0.1905 0.178 0.178 0.1815 0.1815 0.1815 0.1785 0.1785 0.173 0.173
0.1495 0.1455 0.1455 0.2005 0.2005 0.2005 0.1935 0.1935 0.2015 0.2015 0.206 0.206 0.201 0.201 0.201 0.218 0.218 0.206 0.206 0.2245 0.2245 0.2245 0.2105 0.2105 0.229 0.229 0.22 0.22 0.22 0.2225 0.2225 0.2015 0.2015 0.204 0.204 0.204 0.194 0.194 0.189 0.189 0.1805 0.1805 0.1805 0.1565 0.1565 0.1515 0.1515 0.162 0.162 0.1585 0.1585 0.1585 0.1605 0.1605 0.1555 0.1555 0.1745 0.1745 0.1745 0.174 0.174 0.202 0.202 0.1945 0.1945 0.1945 0.1905 0.1905 0.178 0.178 0.1815 0.1815 0.1815 0.1785 0.1785 0.173 0.173
0.1335 0.158 0.158 0.153 0.153 0.153 0.1975 0.1975 0.1965 0.1965 0.1945 0.1945 0.193 0.193 0.193 0.215 0.215 0.226 0.226 0.22 0.22 0.22 0.2255 0.2255 0.216 0.216 0.222 0.222 0.222 0.206 0.206 0.1961 0.1961 0.193 0.193 0.193 0.1925 0.1925 0.1885 0.1885 0.1875 0.1875 0.1875 0.148 0.148 0.166 0.166 0.1375 0.1375 0.1515 0.1515 0.1515 0.1525 0.1525 0.1515 0.1515 0.147 0.147 0.147 0.158 0.158 0.1805 0.1805 0.178 0.178 0.178 0.191 0.191 0.1825 0.1825 0.1795 0.1795 0.1795 0.1825 0.1825 0.1805 0.1805
0.1335 0.158 0.158 0.153 0.153 0.153 0.1975 0.1975 0.1965 0.1965 0.1945 0.1945 0.193 0.193 0.193 0.215 0.215 0.226 0.226 0.22 0.22 0.22 0.2255 0.2255 0.216 0.216 0.222 0.222 0.222 0.206 0.206 0.1961 0.1961 0.193 0.193 0.193 0.1925 0.1925 0.1885 0.1885 0.1875 0.1875 0.1875 0.148 0.148 0.166 0.166 0.1375 0.1375 0.1515 0.1515 0.1515 0.1525 0.1525 0.1515 0.1515 0.147 0.147 0.147 0.158 0.158 0.1805 0.1805 0.178 0.178 0.178 0.191 0.191 0.1825 0.1825 0.1795 0.1795 0.1795 0.1825 0.1825 0.1805 0.1805
0.1335 0.158 0.158 0.153 0.153 0.153 0.1975 0.1975 0.1965 0.1965 0.1945 0.1945 0.193 0.193 0.193 0.215 0.215 0.226 0.226 0.22 0.22 0.22 0.2255 0.2255 0.216 0.216 0.222 0.222 0.222 0.206 0.206 0.1961 0.1961 0.193 0.193 0.193 0.1925 0.1925 0.1885 0.1885 0.1875 0.1875 0.1875 0.148 0.148 0.166 0.166 0.1375 0.1375 0.1515 0.1515 0.1515 0.1525 0.1525 0.1515 0.1515 0.147 0.147 0.147 0.158 0.158 0.1805 0.1805 0.178 0.178 0.178 0.191 0.191 0.1825 0.1825 0.1795 0.1795 0.1795 0.1825 0.1825 0.1805 0.1805
0.157 0.18 0.18 0.1745 0.1745 0.1745 0.1515 0.1515 0.1785 0.1785 0.188 0.188 0.193 0.193 0.193 0.199 0.199 0.215 0.215 0.2255 0.2255 0.2255 0.2305 0.2305 0.2345 0.2345 0.197 0.197 0.197 0.183 0.183 0.185 0.185 0.1845 0.1845 0.1845 0.191 0.191 0.205 0.205 0.193 0.193 0.193 0.1865 0.1865 0.1645 0.1645 0.161 0.161 0.164 0.164 0.164 0.176 0.176 0.164 0.164 0.167 0.167 0.167 0.151 0.151 0.165 0.165 0.1665 0.1665 0.1665 0.172 0.172 0.1655 0.1655 0.1695 0.1695 0.1695 0.171 0.171 0.185 0.185
0.157 0.18 0.18 0.1745 0.1745 0.1745 0.1515 0.1515 0.1785 0.1785 0.188 0.188 0.193 0.193 0.193 0.199 0.199 0.215 0.215 0.2255 0.2255 0.2255 0.2305 0.2305 0.2345 0.2345 0.197 0.197 0.197 0.183 0.183 0.185 0.185 0.1845 0.1845 0.1845 0.191 0.191 0.205 0.205 0.193 0.193 0.193 0.1865 0.1865 0.1645 0.1645 0.161 0.161 0.164 0.164 0.164 0.176 0.176 0.164 0.164 0.167 0.167 0.167 0.151 0.151 0.165 0.165 0.1665 0.1665 0.1665 0.172 0.172 0.1655 0.1655 0.1695 0.1695 0.1695 0.171 0.171 0.185 0.185
0.15 0.147 0.147 0.161 0.161 0.161 0.1801 0.1801 0.1555 0.1555 0.177 0.177 0.2075 0.2075 0.2075 0.2105 0.2105 0.2305 0.2305 0.231 0.231 0.231 0.2385 0.2385 0.229 0.229 0.195 0.195 0.195 0.1895 0.1895 0.197 0.197 0.204 0.204 0.204 0.2115 0.2115 0.1865 0.1865 0.18 0.18 0.18 0.1785 0.1785 0.167 0.167 0.176 0.176 0.1675 0.1675 0.1675 0.1995 0.1995 0.1745 0.1745 0.1575 0.1575 0.1575 0.168 0.168 0.167 0.167 0.1755 0.1755 0.1755 0.1885 0.1885 0.1665 0.1665 0.1735 0.1735 0.1735 0.159 0.159 0.178 0.178
0.15 0.147 0.147 0.161 0.161 0.161 0.1801 0.1801 0.1555 0.1555 0.177 0.177 0.2075 0.2075 0.2075 0.2105 0.2105 0.2305 0.2305 0.231 0.231 0.231 0.2385 0.2385 0.229 0.229 0.195 0.195 0.195 0.1895 0.1895 0.197 0.197 0.204 0.204 0.204 0.2115 0.2115 0.1865 0.1865 0.18 0.18 0.18 0.1785 0.1785 0.167 0.167 0.176 0.176 0.1675 0.1675 0.1675 0.1995 0.1995 0.1745 0.1745 0.1575 0.1575 0.1575 0.168 0.168 0.167 0.167 0.1755 0.1755 0.1755 0.1885 0.1885 0.1665 0.1665 0.1735 0.1735 0.1735 0.159 0.159 0.178 0.178
0.1605 0.1795 0.1795 0.1605 0.1605 0.1605 0.166 0.166 0.163 0.163 0.1855 0.1855 0.2055 0.2055 0.2055 0.21 0.21 0.24 0.24 0.235 0.235 0.235 0.222 0.222 0.211 0.211 0.2215 0.2215 0.2215 0.19 0.19 0.198 0.198 0.1955 0.1955 0.1955 0.203 0.203 0.2015 0.2015 0.209 0.209 0.209 0.1985 0.1985 0.1805 0.1805 0.198 0.198 0.1915 0.1915 0.1915 0.189 0.189 0.2085 0.2085 0.1975 0.1975 0.1975 0.179 0.179 0.1985 0.1985 0.1965 0.1965 0.1965 0.1955 0.1955 0.1775 0.1775 0.1745 0.1745 0.1745 0.183 0.183 0.183 0.183
0.1605 0.1795 0.1795 0.1605 0.1605 0.1605 0.166 0.166 0.163 0.163 0.1855 0.1855 0.2055 0.2055 0.2055 0.21 0.21 0.24 0.24 0.235 0.235 0.235 0.222 0.222 0.211 0.211 0.2215 0.2215 0.2215 0.19 0.19 0.198 0.198 0.1955 0.1955 0.1955 0.203 0.203 0.2015 0.2015 0.209 0.209 0.209 0.1985 0.1985 0.1805 0.1805 0.198 0.198 0.1915 0.1915 0.1915 0.189 0.189 0.2085 0.2085 0.1975 0.1975 0.1975 0.179 0.179 0.1985 0.1985 0.1965 0.1965 0.1965 0.1955 0.1955 0.1775 0.1775 0.1745 0.1745 0.1745 0.183 0.183 0.183 0.183
0.1605 0.1795 0.1795 0.1605 0.1605 0.1605 0.166 0.166 0.163 0.163 0.1855 0.1855 0.2055 0.2055 0.2055 0.21 0.21 0.24 0.24 0.235 0.235 0.235 0.222 0.222 0.211 0.211 0.2215 0.2215 0.2215 0.19 0.19 0.198 0.198 0.1955 0.1955 0.1955 0.203 0.203 0.2015 0.2015 0.209 0.209 0.209 0.1985 0.1985 0.1805 0.1805 0.198 0.198 0.1915 0.1915 0.1915 0.189 0.189 0.2085 0.2085 0.1975 0.1975 0.1975 0.179 0.179 0.1985 0.1985 0.1965 0.1965 0.1965 0.1955 0.1955 0.1775 0.1775 0.1745 0.1745 0.1745 0.183 0.183 0.183 0.183
0.1455 0.175 0.175 0.158 0.158 0.158 0.157 0.157 0.198 0.198 0.1985 0.1985 0.1975 0.1975 0.1975 0.2345 0.2345 0.238 0.238 0.2265 0.2265 0.2265 0.2165 0.2165 0.212 0.212 0.197 0.197 0.197 0.2 0.2 0.204 0.204 0.2115 0.2115 0.2115 0.21 0.21 0.1995 0.1995 0.202 0.202 0.202 0.2 0.2 0.211 0.211 0.186 0.186 0.199 0.199 0.199 0.2 0.2 0.2055 0.2055 0.2215 0.2215 0.2215 0.2215 0.2215 0.196 0.196 0.2025 0.2025 0.2025 0.205 0.205 0.2135 0.2135 0.21 0.21 0.21 0.1975 0.1975 0.204 0.204
