ndvi/NOAA-206.asc
ncols         252
nrows         154
xllcorner     -18.017974
yllcorner     13.481982
cellsize      0.035948
NODATA_value  -9999
[rows 68 to 101 of 154, columns 0 to 76 of 252]
-1 -1 -1 -1 -1 -1 -1 -1 -1 -1 -1 -1 -1 -1 -1 -1 -1 -1 -1 -1 -1 -1 -1 -1 -1 -1 -1 -1 -1 -1 -1 -1 -1 -1 -1 -1 -1 -1 -1 0.231 0.231 0.231 0.2825 0.2825 0.408 0.408 0.4255 0.4255 0.4255 0.3195 0.3195 0.307 0.307 0.288 0.288 0.2955 0.2955 0.2955 0.394 0.394 0.4015 0.4015 0.4015 0.4015 0.4015 0.377 0.377 0.328 0.328 0.238 0.238 0.238 0.2345 0.2345 0.2205 0.2205 0.232
-1 -1 -1 -1 -1 -1 -1 -1 -1 -1 -1 -1 -1 -1 -1 -1 -1 -1 -1 -1 -1 -1 -1 -1 -1 -1 -1 -1 -1 -1 -1 -1 -1 -1 -1 -1 -1 -1 -1 0.2495 0.2495 0.2495 0.308 0.308 0.396 0.396 0.342 0.342 0.342 0.316 0.316 0.282 0.282 0.27 0.27 0.249 0.249 0.249 0.4185 0.4185 0.408 0.408 0.408 0.408 0.408 0.3345 0.3345 0.2585 0.2585 0.23 0.23 0.23 0.22 0.22 0.2275 0.2275 0.221
-1 -1 -1 -1 -1 -1 -1 -1 -1 -1 -1 -1 -1 -1 -1 -1 -1 -1 -1 -1 -1 -1 -1 -1 -1 -1 -1 -1 -1 -1 -1 -1 -1 -1 -1 -1 -1 -1 -1 0.2495 0.2495 0.2495 0.308 0.308 0.396 0.396 0.342 0.342 0.342 0.316 0.316 0.282 0.282 0.27 0.27 0.249 0.249 0.249 0.4185 0.4185 0.408 0.408 0.408 0.408 0.408 0.3345 0.3345 0.2585 0.2585 0.23 0.23 0.23 0.22 0.22 0.2275 0.2275 0.221
-1 -1 -1 -1 -1 -1 -1 -1 -1 -1 -1 -1 -1 -1 -1 -1 -1 -1 -1 -1 -1 -1 -1 -1 -1 -1 -1 -1 -1 -1 -1 -1 -1 -1 -1 -1 -1 0.095 0.095 0.2055 0.2055 0.2055 0.362 0.362 0.329 0.329 0.2915 0.2915 0.2915 0.265 0.265 0.2455 0.2455 0.254 0.254 0.2425 0.2425 0.2425 0.2355 0.2355 0.284 0.284 0.284 0.284 0.284 0.2495 0.2495 0.249 0.249 0.236 0.236 0.236 0.229 0.229 0.236 0.236 0.2235
-1 -1 -1 -1 -1 -1 -1 -1 -1 -1 -1 -1 -1 -1 -1 -1 -1 -1 -1 -1 -1 -1 -1 -1 -1 -1 -1 -1 -1 -1 -1 -1 -1 -1 -1 -1 -1 0.095 0.095 0.2055 0.2055 0.2055 0.362 0.362 0.329 0.329 0.2915 0.2915 0.2915 0.265 0.265 0.2455 0.2455 0.254 0.254 0.2425 0.2425 0.2425 0.2355 0.2355 0.284 0.284 0.284 0.284 0.284 0.2495 0.2495 0.249 0.249 0.236 0.236 0.236 0.229 0.229 0.236 0.236 0.2235
-1 -1 -1 -1 -1 -1 -1 -1 -1 -1 -1 -1 -1 -1 -1 -1 -1 -1 -1 -1 -1 -1 -1 -1 -1 -1 -1 -1 -1 -1 -1 -1 -1 -1 -1 -1 -1 0.095 0.095 0.2055 0.2055 0.2055 0.362 0.362 0.329 0.329 0.2915 0.2915 0.2915 0.265 0.265 0.2455 0.2455 0.254 0.254 0.2425 0.2425 0.2425 0.2355 0.2355 0.284 0.284 0.284 0.284 0.284 0.2495 0.2495 0.249 0.249 0.236 0.236 0.236 0.229 0.229 0.236 0.236 0.2235
-1 -1 -1 -1 -1 -1 -1 -1 -1 -1 -1 -1 -1 -1 -1 -1 -1 -1 -1 -1 -1 -1 -1 -1 -1 -1 -1 -1 -1 -1 -1 -1 -1 -1 -1 -1 -1 0.0395 0.0395 0.194 0.194 0.194 0.4235 0.4235 0.363 0.363 0.258 0.258 0.258 0.2495 0.2495 0.253 0.253 0.22 0.22 0.248 0.248 0.248 0.2875 0.2875 0.258 0.258 0.258 0.258 0.258 0.247 0.247 0.246 0.246 0.253 0.253 0.253 0.2315 0.2315 0.237 0.237 0.2395
-1 -1 -1 -1 -1 -1 -1 -1 -1 -1 -1 -1 -1 -1 -1 -1 -1 -1 -1 -1 -1 -1 -1 -1 -1 -1 -1 -1 -1 -1 -1 -1 -1 -1 -1 -1 -1 0.0395 0.0395 0.194 0.194 0.194 0.4235 0.4235 0.363 0.363 0.258 0.258 0.258 0.2495 0.2495 0.253 0.253 0.22 0.22 0.248 0.248 0.248 0.2875 0.2875 0.258 0.258 0.258 0.258 0.258 0.247 0.247 0.246 0.246 0.253 0.253 0.253 0.2315 0.2315 0.237 0.237 0.2395
-1 -1 -1 -1 -1 -1 -1 -1 -1 -1 -1 -1 -1 -1 -1 -1 -1 -1 -1 -1 -1 -1 -1 -1 -1 -1 -1 -1 -1 -1 -1 -1 -1 -1 -1 -1 -1 0.032 0.032 0.2125 0.2125 0.2125 0.298 0.298 0.303 0.303 0.2615 0.2615 0.2615 0.2515 0.2515 0.235 0.235 0.2365 0.2365 0.25 0.25 0.25 0.242 0.242 0.2475 0.2475 0.2475 0.2475 0.2475 0.253 0.253 0.247 0.247 0.2455 0.2455 0.2455 0.232 0.232 0.2345 0.2345 0.2335
-1 -1 -1 -1 -1 -1 -1 -1 -1 -1 -1 -1 -1 -1 -1 -1 -1 -1 -1 -1 -1 -1 -1 -1 -1 -1 -1 -1 -1 -1 -1 -1 -1 -1 -1 -1 -1 0.032 0.032 0.2125 0.2125 0.2125 0.298 0.298 0.303 0.303 0.2615 0.2615 0.2615 0.2515 0.2515 0.235 0.235 0.2365 0.2365 0.25 0.25 0.25 0.242 0.242 0.2475 0.2475 0.2475 0.2475 0.2475 0.253 0.253 0.247 0.247 0.2455 0.2455 0.2455 0.232 0.232 0.2345 0.2345 0.2335
-1 -1 -1 -1 -1 -1 -1 -1 -1 -1 -1 -1 -1 -1 -1 -1 -1 -1 -1 -1 -1 -1 -1 -1 -1 -1 -1 -1 -1 -1 -1 -1 -1 -1 -1 -1 -1 0.0327 0.0327 0.269 0.269 0.269 0.288 0.288 0.283 0.283 0.2395 0.2395 0.2395 0.2355 0.2355 0.2295 0.2295 0.2725 0.2725 0.251 0.251 0.251 0.233 0.233 0.2405 0.2405 0.2405 0.2405 0.2405 0.2405 0.2405 0.245 0.245 0.241 0.241 0.241 0.2345 0.2345 0.234 0.234 0.2235
-1 -1 -1 -1 -1 -1 -1 -1 -1 -1 -1 -1 -1 -1 -1 -1 -1 -1 -1 -1 -1 -1 -1 -1 -1 -1 -1 -1 -1 -1 -1 -1 -1 -1 -1 -1 -1 0.0327 0.0327 0.269 0.269 0.269 0.288 0.288 0.283 0.283 0.2395 0.2395 0.2395 0.2355 0.2355 0.2295 0.2295 0.2725 0.2725 0.251 0.251 0.251 0.233 0.233 0.2405 0.2405 0.2405 0.2405 0.2405 0.2405 0.2405 0.245 0.245 0.241 0.241 0.241 0.2345 0.2345 0.234 0.234 0.2235
-1 -1 -1 -1 -1 -1 -1 -1 -1 -1 -1 -1 -1 -1 -1 -1 -1 -1 -1 -1 -1 -1 -1 -1 -1 -1 -1 -1 -1 -1 -1 -1 -1 -1 -1 -1 -1 0.0652 0.0652 0.246 0.246 0.246 0.3065 0.3065 0.2625 0.2625 0.232 0.232 0.232 0.2355 0.2355 0.2445 0.2445 0.2735 0.2735 0.248 0.248 0.248 0.2275 0.2275 0.2395 0.2395 0.2395 0.2395 0.2395 0.236 0.236 0.237 0.237 0.234 0.234 0.234 0.236 0.236 0.241 0.241 0.2295
-1 -1 -1 -1 -1 -1 -1 -1 -1 -1 -1 -1 -1 -1 -1 -1 -1 -1 -1 -1 -1 -1 -1 -1 -1 -1 -1 -1 -1 -1 -1 -1 -1 -1 -1 -1 -1 0.0652 0.0652 0.246 0.246 0.246 0.3065 0.3065 0.2625 0.2625 0.232 0.232 0.232 0.2355 0.2355 0.2445 0.2445 0.2735 0.2735 0.248 0.248 0.248 0.2275 0.2275 0.2395 0.2395 0.2395 0.2395 0.2395 0.236 0.236 0.237 0.237 0.234 0.234 0.234 0.236 0.236 0.241 0.241 0.2295
-1 -1 -1 -1 -1 -1 -1 -1 -1 -1 -1 -1 -1 -1 -1 -1 -1 -1 -1 -1 -1 -1 -1 -1 -1 -1 -1 -1 -1 -1 -1 -1 -1 -1 -1 -1 -1 0.0652 0.0652 0.246 0.246 0.246 0.3065 0.3065 0.2625 0.2625 0.232 0.232 0.232 0.2355 0.2355 0.2445 0.2445 0.2735 0.2735 0.248 0.248 0.248 0.2275 0.2275 0.2395 0.2395 0.2395 0.2395 0.2395 0.236 0.236 0.237 0.237 0.234 0.234 0.234 0.236 0.236 0.241 0.241 0.2295
-1 -1 -1 -1 -1 -1 -1 -1 -1 -1 -1 -1 -1 -1 -1 -1 -1 -1 -1 -1 -1 -1 -1 -1 -1 -1 -1 -1 -1 -1 -1 -1 -1 -1 -1 -1 -1 0.1325 0.1325 0.237 0.237 0.237 0.263 0.263 0.2415 0.2415 0.23 0.23 0.23 0.2325 0.2325 0.2455 0.2455 0.251 0.251 0.246 0.246 0.246 0.2415 0.2415 0.245 0.245 0.245 0.245 0.245 0.239 0.239 0.24 0.24 0.2395 0.2395 0.2395 0.24 0.24 0.2305 0.2305 0.232
-1 -1 -1 -1 -1 -1 -1 -1 -1 -1 -1 -1 -1 -1 -1 -1 -1 -1 -1 -1 -1 -1 -1 -1 -1 -1 -1 -1 -1 -1 -1 -1 -1 -1 -1 -1 -1 0.1325 0.1325 0.237 0.237 0.237 0.263 0.263 0.2415 0.2415 0.23 0.23 0.23 0.2325 0.2325 0.2455 0.2455 0.251 0.251 0.246 0.246 0.246 0.2415 0.2415 0.245 0.245 0.245 0.245 0.245 0.239 0.239 0.24 0.24 0.2395 0.2395 0.2395 0.24 0.24 0.2305 0.2305 0.232
-1 -1 -1 -1 -1 -1 -1 -1 -1 -1 -1 -1 -1 -1 -1 -1 -1 -1 -1 -1 -1 -1 -1 -1 -1 -1 -1 -1 -1 -1 -1 -1 -1 -1 -1 -1 -1 0.1275 0.1275 0.2815 0.2815 0.2815 0.272 0.272 0.242 0.242 0.2355 0.2355 0.2355 0.248 0.248 0.239 0.239 0.24 0.24 0.2415 0.2415 0.2415 0.2475 0.2475 0.2565 0.2565 0.2565 0.2565 0.2565 0.249 0.249 0.2515 0.2515 0.2295 0.2295 0.2295 0.2415 0.2415 0.255 0.255 0.2525
-1 -1 -1 -1 -1 -1 -1 -1 -1 -1 -1 -1 -1 -1 -1 -1 -1 -1 -1 -1 -1 -1 -1 -1 -1 -1 -1 -1 -1 -1 -1 -1 -1 -1 -1 -1 -1 0.1275 0.1275 0.2815 0.2815 0.2815 0.272 0.272 0.242 0.242 0.2355 0.2355 0.2355 0.248 0.248 0.239 0.239 0.24 0.24 0.2415 0.2415 0.2415 0.2475 0.2475 0.2565 0.2565 0.2565 0.2565 0.2565 0.249 0.249 0.2515 0.2515 0.2295 0.2295 0.2295 0.2415 0.2415 0.255 0.255 0.2525
-1 -1 -1 -1 -1 -1 -1 -1 -1 -1 -1 -1 -1 -1 -1 -1 -1 -1 -1 -1 -1 -1 -1 -1 -1 -1 -1 -1 -1 -1 -1 -1 -1 -1 -1 0.0337 0.0337 0.281 0.281 0.2715 0.2715 0.2715 0.246 0.246 0.2375 0.2375 0.231 0.231 0.231 0.2425 0.2425 0.236 0.236 0.2405 0.2405 0.257 0.257 0.257 0.253 0.253 0.2595 0.2595 0.2595 0.2595 0.2595 0.2475 0.2475 0.2405 0.2405 0.2455 0.2455 0.2455 0.2515 0.2515 0.249 0.249 0.253
-1 -1 -1 -1 -1 -1 -1 -1 -1 -1 -1 -1 -1 -1 -1 -1 -1 -1 -1 -1 -1 -1 -1 -1 -1 -1 -1 -1 -1 -1 -1 -1 -1 -1 -1 0.0337 0.0337 0.281 0.281 0.2715 0.2715 0.2715 0.246 0.246 0.2375 0.2375 0.231 0.231 0.231 0.2425 0.2425 0.236 0.236 0.2405 0.2405 0.257 0.257 0.257 0.253 0.253 0.2595 0.2595 0.2595 0.2595 0.2595 0.2475 0.2475 0.2405 0.2405 0.2455 0.2455 0.2455 0.2515 0.2515 0.249 0.249 0.253
-1 -1 -1 -1 -1 -1 -1 -1 -1 -1 -1 -1 -1 -1 -1 -1 -1 -1 -1 -1 -1 -1 -1 -1 -1 -1 -1 -1 -1 -1 -1 -1 -1 -1 -1 0.0337 0.0337 0.281 0.281 0.2715 0.2715 0.2715 0.246 0.246 0.2375 0.2375 0.231 0.231 0.231 0.2425 0.2425 0.236 0.236 0.2405 0.2405 0.257 0.257 0.257 0.253 0.253 0.2595 0.2595 0.2595 0.2595 0.2595 0.2475 0.2475 0.2405 0.2405 0.2455 0.2455 0.2455 0.2515 0.2515 0.249 0.249 0.253
-1 -1 -1 -1 -1 -1 -1 -1 -1 -1 -1 -1 -1 -1 -1 -1 -1 -1 -1 -1 -1 -1 -1 -1 -1 -1 -1 -1 -1 -1 -1 -1 -1 -1 -1 0.1435 0.1435 0.2715 0.2715 0.255 0.255 0.255 0.2355 0.2355 0.236 0.236 0.249 0.249 0.249 0.2465 0.2465 0.255 0.255 0.267 0.267 0.2645 0.2645 0.2645 0.256 0.256 0.264 0.264 0.264 0.264 0.264 0.269 0.269 0.2655 0.2655 0.261 0.261 0.261 0.251 0.251 0.246 0.246 0.2565
-1 -1 -1 -1 -1 -1 -1 -1 -1 -1 -1 -1 -1 -1 -1 -1 -1 -1 -1 -1 -1 -1 -1 -1 -1 -1 -1 -1 -1 -1 -1 -1 -1 -1 -1 0.1435 0.1435 0.2715 0.2715 0.255 0.255 0.255 0.2355 0.2355 0.236 0.236 0.249 0.249 0.249 0.2465 0.2465 0.255 0.255 0.267 0.267 0.2645 0.2645 0.2645 0.256 0.256 0.264 0.264 0.264 0.264 0.264 0.269 0.269 0.2655 0.2655 0.261 0.261 0.261 0.251 0.251 0.246 0.246 0.2565
-1 -1 -1 -1 -1 -1 -1 -1 -1 -1 -1 -1 -1 -1 -1 -1 -1 -1 -1 -1 -1 -1 -1 -1 -1 -1 -1 -1 -1 -1 -1 -1 0.07449999 0.07449999 0.07449999 0.2555 0.2555 0.269 0.269 0.252 0.252 0.252 0.244 0.244 0.2425 0.2425 0.256 0.256 0.256 0.258 0.258 0.259 0.259 0.2605 0.2605 0.2635 0.2635 0.2635 0.267 0.267 0.2685 0.2685 0.2685 0.2685 0.2685 0.274 0.274 0.271 0.271 0.262 0.262 0.262 0.2515 0.2515 0.246 0.246 0.2625
-1 -1 -1 -1 -1 -1 -1 -1 -1 -1 -1 -1 -1 -1 -1 -1 -1 -1 -1 -1 -1 -1 -1 -1 -1 -1 -1 -1 -1 -1 -1 -1 0.07449999 0.07449999 0.07449999 0.2555 0.2555 0.269 0.269 0.252 0.252 0.252 0.244 0.244 0.2425 0.2425 0.256 0.256 0.256 0.258 0.258 0.259 0.259 0.2605 0.2605 0.2635 0.2635 0.2635 0.267 0.267 0.2685 0.2685 0.2685 0.2685 0.2685 0.274 0.274 0.271 0.271 0.262 0.262 0.262 0.2515 0.2515 0.246 0.246 0.2625
-1 -1 -1 -1 -1 -1 -1 -1 -1 -1 -1 -1 -1 -1 -1 -1 -1 -1 -1 -1 -1 -1 -1 -1 -1 -1 -1 -1 -1 -1 0.0237 0.0237 0.2575 0.2575 0.2575 0.269 0.269 0.27 0.27 0.247 0.247 0.247 0.239 0.239 0.2515 0.2515 0.264 0.264 0.264 0.2515 0.2515 0.2555 0.2555 0.2555 0.2555 0.262 0.262 0.262 0.27 0.27 0.2795 0.2795 0.2795 0.2795 0.2795 0.2795 0.2795 0.282 0.282 0.274 0.274 0.274 0.2675 0.2675 0.269 0.269 0.253
-1 -1 -1 -1 -1 -1 -1 -1 -1 -1 -1 -1 -1 -1 -1 -1 -1 -1 -1 -1 -1 -1 -1 -1 -1 -1 -1 -1 -1 -1 0.0237 0.0237 0.2575 0.2575 0.2575 0.269 0.269 0.27 0.27 0.247 0.247 0.247 0.239 0.239 0.2515 0.2515 0.264 0.264 0.264 0.2515 0.2515 0.2555 0.2555 0.2555 0.2555 0.262 0.262 0.262 0.27 0.27 0.2795 0.2795 0.2795 0.2795 0.2795 0.2795 0.2795 0.282 0.282 0.274 0.274 0.274 0.2675 0.2675 0.269 0.269 0.253
-1 -1 -1 -1 -1 -1 -1 -1 -1 -1 -1 -1 -1 -1 -1 -1 -1 -1 -1 -1 -1 -1 -1 -1 -1 -1 -1 -1 -1 -1 0.0237 0.0237 0.2575 0.2575 0.2575 0.269 0.269 0.27 0.27 0.247 0.247 0.247 0.239 0.239 0.2515 0.2515 0.264 0.264 0.264 0.2515 0.2515 0.2555 0.2555 0.2555 0.2555 0.262 0.262 0.262 0.27 0.27 0.2795 0.2795 0.2795 0.2795 0.2795 0.2795 0.2795 0.282 0.282 0.274 0.274 0.274 0.2675 0.2675 0.269 0.269 0.253
-1 -1 -1 -1 -1 -1 -1 -1 -1 -1 -1 -1 -1 -1 -1 -1 -1 -1 -1 -1 -1 -1 -1 -1 -1 -1 -1 -1 -1 -1 0.118 0.118 0.28 0.28 0.28 0.2795 0.2795 0.244 0.244 0.2415 0.2415 0.2415 0.243 0.243 0.2555 0.2555 0.2585 0.2585 0.2585 0.2585 0.2585 0.258 0.258 0.248 0.248 0.263 0.263 0.263 0.267 0.267 0.2855 0.2855 0.2855 0.2855 0.2855 0.2805 0.2805 0.285 0.285 0.2655 0.2655 0.2655 0.258 0.258 0.2445 0.2445 0.2455
-1 -1 -1 -1 -1 -1 -1 -1 -1 -1 -1 -1 -1 -1 -1 -1 -1 -1 -1 -1 -1 -1 -1 -1 -1 -1 -1 -1 -1 -1 0.118 0.118 0.28 0.28 0.28 0.2795 0.2795 0.244 0.244 0.2415 0.2415 0.2415 0.243 0.243 0.2555 0.2555 0.2585 0.2585 0.2585 0.2585 0.2585 0.258 0.258 0.248 0.248 0.263 0.263 0.263 0.267 0.267 0.2855 0.2855 0.2855 0.2855 0.2855 0.2805 0.2805 0.285 0.285 0.2655 0.2655 0.2655 0.258 0.258 0.2445 0.2445 0.2455
-1 -1 -1 -1 -1 -1 -1 -1 -1 -1 -1 -1 -1 -1 -1 -1 -1 -1 -1 -1 -1 -1 -1 -1 -1 -1 -1 -1 0.0526 0.0526 0.2875 0.2875 0.303 0.303 0.303 0.2915 0.2915 0.2515 0.2515 0.2415 0.2415 0.2415 0.243 0.243 0.256 0.256 0.2585 0.2585 0.2585 0.248 0.248 0.2635 0.2635 0.2675 0.2675 0.272 0.272 0.272 0.267 0.267 0.275 0.275 0.275 0.275 0.275 0.274 0.274 0.272 0.272 0.266 0.266 0.266 0.241 0.241 0.233 0.233 0.2545
-1 -1 -1 -1 -1 -1 -1 -1 -1 -1 -1 -1 -1 -1 -1 -1 -1 -1 -1 -1 -1 -1 -1 -1 -1 -1 -1 -1 0.0526 0.0526 0.2875 0.2875 0.303 0.303 0.303 0.2915 0.2915 0.2515 0.2515 0.2415 0.2415 0.2415 0.243 0.243 0.256 0.256 0.2585 0.2585 0.2585 0.248 0.248 0.2635 0.2635 0.2675 0.2675 0.272 0.272 0.272 0.267 0.267 0.275 0.275 0.275 0.275 0.275 0.274 0.274 0.272 0.272 0.266 0.266 0.266 0.241 0.241 0.233 0.233 0.2545
-1 -1 -1 -1 -1 -1 -1 -1 -1 -1 -1 -1 -1 -1 -1 -1 -1 -1 -1 -1 -1 -1 -1 -1 -1 0.0297 0.0297 0.0297 0.1635 0.1635 0.324 0.324 0.302 0.302 0.302 0.269 0.269 0.251 0.251 0.262 0.262 0.262 0.2545 0.2545 0.2615 0.2615 0.252 0.252 0.252 0.2625 0.2625 0.275 0.275 0.278 0.278 0.279 0.279 0.279 0.2835 0.2835 0.275 0.275 0.275 0.275 0.275 0.273 0.273 0.2745 0.2745 0.2625 0.2625 0.2625 0.2585 0.2585 0.259 0.259 0.2645
