ndvi/NOAA-355.asc
ncols         252
nrows         154
xllcorner     -18.017974
yllcorner     13.481982
cellsize      0.035948
NODATA_value  -9999
[rows 0 to 33 of 154, columns 154 to 230 of 252]
0.0835 0.0885 0.0885 0.101 0.101 0.101 0.0995 0.0995 0.099 0.099 0.094 0.094 0.0955 0.0955 0.0955 0.096 0.096 0.0965 0.0965 0.0945 0.0945 0.0945 0.102 0.102 0.098 0.098 0.0985 0.0985 0.0985 0.099 0.099 0.1005 0.1005 0.0975 0.0975 0.0975 0.096 0.096 0.0905 0.0905 0.0905 0.0905 0.0905 0.0945 0.0945 0.097 0.097 0.09649999 0.09649999 0.09450001 0.09450001 0.09450001 0.09299999 0.09299999 0.094 0.094 0.097 0.097 0.097 0.0955 0.0955 0.096 0.096 0.093 0.093 0.093 0.0925 0.0925 0.0865 0.0865 0.0895 0.0895 0.0895 0.088 0.088 0.0845 0.0845
0.0835 0.0885 0.0885 0.101 0.101 0.101 0.0995 0.0995 0.099 0.099 0.094 0.094 0.0955 0.0955 0.0955 0.096 0.096 0.0965 0.0965 0.0945 0.0945 0.0945 0.102 0.102 0.098 0.098 0.0985 0.0985 0.0985 0.099 0.099 0.1005 0.1005 0.0975 0.0975 0.0975 0.096 0.096 0.0905 0.0905 0.0905 0.0905 0.0905 0.0945 0.0945 0.097 0.097 0.09649999 0.09649999 0.09450001 0.09450001 0.09450001 0.09299999 0.09299999 0.094 0.094 0.097 0.097 0.097 0.0955 0.0955 0.096 0.096 0.093 0.093 0.093 0.0925 0.0925 0.0865 0.0865 0.0895 0.0895 0.0895 0.088 0.088 0.0845 0.0845
0.09 0.0935 0.0935 0.103 0.103 0.103 0.09649999 0.09649999 0.1 0.1 0.102 0.102 0.1 0.1 0.1 0.09649999 0.09649999 0.095 0.095 0.091 0.091 0.091 0.0975 0.0975 0.103 0.103 0.0975 0.0975 0.0975 0.103 0.103 0.099 0.099 0.1025 0.1025 0.1025 0.108 0.108 0.1075 0.1075 0.1055 0.1055 0.1055 0.1135 0.1135 0.111 0.111 0.1075 0.1075 0.106 0.106 0.106 0.1105 0.1105 0.114 0.114 0.11 0.11 0.11 0.111 0.111 0.1045 0.1045 0.0985 0.0985 0.0985 0.096 0.096 0.095 0.095 0.092 0.092 0.092 0.0895 0.0895 0.082 0.082
0.09 0.0935 0.0935 0.103 0.103 0.103 0.09649999 0.09649999 0.1 0.1 0.102 0.102 0.1 0.1 0.1 0.09649999 0.09649999 0.095 0.095 0.091 0.091 0.091 0.0975 0.0975 0.103 0.103 0.0975 0.0975 0.0975 0.103 0.103 0.099 0.099 0.1025 0.1025 0.1025 0.108 0.108 0.1075 0.1075 0.1055 0.1055 0.1055 0.1135 0.1135 0.111 0.111 0.1075 0.1075 0.106 0.106 0.106 0.1105 0.1105 0.114 0.114 0.11 0.11 0.11 0.111 0.111 0.1045 0.1045 0.0985 0.0985 0.0985 0.096 0.096 0.095 0.095 0.092 0.092 0.092 0.0895 0.0895 0.082 0.082
0.09 0.0935 0.0935 0.103 0.103 0.103 0.09649999 0.09649999 0.1 0.1 0.102 0.102 0.1 0.1 0.1 0.09649999 0.09649999 0.095 0.095 0.091 0.091 0.091 0.0975 0.0975 0.103 0.103 0.0975 0.0975 0.0975 0.103 0.103 0.099 0.099 0.1025 0.1025 0.1025 0.108 0.108 0.1075 0.1075 0.1055 0.1055 0.1055 0.1135 0.1135 0.111 0.111 0.1075 0.1075 0.106 0.106 0.106 0.1105 0.1105 0.114 0.114 0.11 0.11 0.11 0.111 0.111 0.1045 0.1045 0.0985 0.0985 0.0985 0.096 0.096 0.095 0.095 0.092 0.092 0.092 0.0895 0.0895 0.082 0.082
0.0975 0.102 0.102 0.102 0.102 0.102 0.0985 0.0985 0.1035 0.1035 0.099 0.099 0.098 0.098 0.098 0.105 0.105 0.102 0.102 0.105 0.105 0.105 0.1055 0.1055 0.1115 0.1115 0.1125 0.1125 0.1125 0.1145 0.1145 0.1185 0.1185 0.122 0.122 0.122 0.1135 0.1135 0.1145 0.1145 0.116 0.116 0.116 0.1135 0.1135 0.1115 0.1115 0.1085 0.1085 0.1085 0.1085 0.1085 0.111 0.111 0.1105 0.1105 0.109 0.109 0.109 0.1075 0.1075 0.099 0.099 0.102 0.102 0.102 0.1005 0.1005 0.09649999 0.09649999 0.0925 0.0925 0.0925 0.091 0.091 0.088 0.088
0.0975 0.102 0.102 0.102 0.102 0.102 0.0985 0.0985 0.1035 0.1035 0.099 0.099 0.098 0.098 0.098 0.105 0.105 0.102 0.102 0.105 0.105 0.105 0.1055 0.1055 0.1115 0.1115 0.1125 0.1125 0.1125 0.1145 0.1145 0.1185 0.1185 0.122 0.122 0.122 0.1135 0.1135 0.1145 0.1145 0.116 0.116 0.116 0.1135 0.1135 0.1115 0.1115 0.1085 0.1085 0.1085 0.1085 0.1085 0.111 0.111 0.1105 0.1105 0.109 0.109 0.109 0.1075 0.1075 0.099 0.099 0.102 0.102 0.102 0.1005 0.1005 0.09649999 0.09649999 0.0925 0.0925 0.0925 0.091 0.091 0.088 0.088
0.09999999 0.097 0.097 0.1035 0.1035 0.1035 0.11 0.11 0.109 0.109 0.1045 0.1045 0.1065 0.1065 0.1065 0.0995 0.0995 0.1115 0.1115 0.112 0.112 0.112 0.112 0.112 0.1165 0.1165 0.117 0.117 0.117 0.1115 0.1115 0.119 0.119 0.114 0.114 0.114 0.1105 0.1105 0.114 0.114 0.117 0.117 0.117 0.1175 0.1175 0.1155 0.1155 0.1155 0.1155 0.1095 0.1095 0.1095 0.1095 0.1095 0.1075 0.1075 0.1025 0.1025 0.1025 0.1035 0.1035 0.1015 0.1015 0.0975 0.0975 0.0975 0.0955 0.0955 0.0945 0.0945 0.094 0.094 0.094 0.095 0.095 0.0925 0.0925
0.09999999 0.097 0.097 0.1035 0.1035 0.1035 0.11 0.11 0.109 0.109 0.1045 0.1045 0.1065 0.1065 0.1065 0.0995 0.0995 0.1115 0.1115 0.112 0.112 0.112 0.112 0.112 0.1165 0.1165 0.117 0.117 0.117 0.1115 0.1115 0.119 0.119 0.114 0.114 0.114 0.1105 0.1105 0.114 0.114 0.117 0.117 0.117 0.1175 0.1175 0.1155 0.1155 0.1155 0.1155 0.1095 0.1095 0.1095 0.1095 0.1095 0.1075 0.1075 0.1025 0.1025 0.1025 0.1035 0.1035 0.1015 0.1015 0.0975 0.0975 0.0975 0.0955 0.0955 0.0945 0.0945 0.094 0.094 0.094 0.095 0.095 0.0925 0.0925
0.1025 0.104 0.104 0.103 0.103 0.103 0.106 0.106 0.107 0.107 0.108 0.108 0.1005 0.1005 0.1005 0.107 0.107 0.11 0.11 0.1135 0.1135 0.1135 0.114 0.114 0.112 0.112 0.112 0.112 0.112 0.1105 0.1105 0.1125 0.1125 0.111 0.111 0.111 0.105 0.105 0.1065 0.1065 0.097 0.097 0.097 0.1035 0.1035 0.098 0.098 0.115 0.115 0.1065 0.1065 0.1065 0.103 0.103 0.0995 0.0995 0.095 0.095 0.095 0.1 0.1 0.0995 0.0995 0.097 0.097 0.097 0.0965 0.0965 0.095 0.095 0.092 0.092 0.092 0.093 0.093 0.093 0.093
0.1025 0.104 0.104 0.103 0.103 0.103 0.106 0.106 0.107 0.107 0.108 0.108 0.1005 0.1005 0.1005 0.107 0.107 0.11 0.11 0.1135 0.1135 0.1135 0.114 0.114 0.112 0.112 0.112 0.112 0.112 0.1105 0.1105 0.1125 0.1125 0.111 0.111 0.111 0.105 0.105 0.1065 0.1065 0.097 0.097 0.097 0.1035 0.1035 0.098 0.098 0.115 0.115 0.1065 0.1065 0.1065 0.103 0.103 0.0995 0.0995 0.095 0.095 0.095 0.1 0.1 0.0995 0.0995 0.097 0.097 0.097 0.0965 0.0965 0.095 0.095 0.092 0.092 0.092 0.093 0.093 0.093 0.093
0.1085 0.1095 0.1095 0.103 0.103 0.103 0.11 0.11 0.104 0.104 0.113 0.113 0.106 0.106 0.106 0.1125 0.1125 0.112 0.112 0.1115 0.1115 0.1115 0.1095 0.1095 0.1155 0.1155 0.1145 0.1145 0.1145 0.1165 0.1165 0.112 0.112 0.105 0.105 0.105 0.1035 0.1035 0.1035 0.1035 0.096 0.096 0.096 0.097 0.097 0.1065 0.1065 0.1195 0.1195 0.1085 0.1085 0.1085 0.1005 0.1005 0.0985 0.0985 0.097 0.097 0.097 0.0935 0.0935 0.0975 0.0975 0.0875 0.0875 0.0875 0.085 0.085 0.083 0.083 0.09 0.09 0.09 0.09 0.09 0.091 0.091
0.1085 0.1095 0.1095 0.103 0.103 0.103 0.11 0.11 0.104 0.104 0.113 0.113 0.106 0.106 0.106 0.1125 0.1125 0.112 0.112 0.1115 0.1115 0.1115 0.1095 0.1095 0.1155 0.1155 0.1145 0.1145 0.1145 0.1165 0.1165 0.112 0.112 0.105 0.105 0.105 0.1035 0.1035 0.1035 0.1035 0.096 0.096 0.096 0.097 0.097 0.1065 0.1065 0.1195 0.1195 0.1085 0.1085 0.1085 0.1005 0.1005 0.0985 0.0985 0.097 0.097 0.097 0.0935 0.0935 0.0975 0.0975 0.0875 0.0875 0.0875 0.085 0.085 0.083 0.083 0.09 0.09 0.09 0.09 0.09 0.091 0.091
0.1085 0.1095 0.1095 0.103 0.103 0.103 0.11 0.11 0.104 0.104 0.113 0.113 0.106 0.106 0.106 0.1125 0.1125 0.112 0.112 0.1115 0.1115 0.1115 0.1095 0.1095 0.1155 0.1155 0.1145 0.1145 0.1145 0.1165 0.1165 0.112 0.112 0.105 0.105 0.105 0.1035 0.1035 0.1035 0.1035 0.096 0.096 0.096 0.097 0.097 0.1065 0.1065 0.1195 0.1195 0.1085 0.1085 0.1085 0.1005 0.1005 0.0985 0.0985 0.097 0.097 0.097 0.0935 0.0935 0.0975 0.0975 0.0875 0.0875 0.0875 0.085 0.085 0.083 0.083 0.09 0.09 0.09 0.09 0.09 0.091 0.091
0.098 0.118 0.118 0.1125 0.1125 0.1125 0.112 0.112 0.1125 0.1125 0.1135 0.1135 0.1135 0.1135 0.1135 0.1105 0.1105 0.113 0.113 0.11 0.11 0.11 0.1045 0.1045 0.1075 0.1075 0.11 0.11 0.11 0.107 0.107 0.1045 0.1045 0.103 0.103 0.103 0.1065 0.1065 0.105 0.105 0.098 0.098 0.098 0.1 0.1 0.105 0.105 0.1035 0.1035 0.0885 0.0885 0.0885 0.0945 0.0945 0.1015 0.1015 0.101 0.101 0.101 0.0855 0.0855 0.08400001 0.08400001 0.086 0.086 0.086 0.085 0.085 0.0785 0.0785 0.0875 0.0875 0.0875 0.08499999 0.08499999 0.0935 0.0935
0.098 0.118 0.118 0.1125 0.1125 0.1125 0.112 0.112 0.1125 0.1125 0.1135 0.1135 0.1135 0.1135 0.1135 0.1105 0.1105 0.113 0.113 0.11 0.11 0.11 0.1045 0.1045 0.1075 0.1075 0.11 0.11 0.11 0.107 0.107 0.1045 0.1045 0.103 0.103 0.103 0.1065 0.1065 0.105 0.105 0.098 0.098 0.098 0.1 0.1 0.105 0.105 0.1035 0.1035 0.0885 0.0885 0.0885 0.0945 0.0945 0.1015 0.1015 0.101 0.101 0.101 0.0855 0.0855 0.08400001 0.08400001 0.086 0.086 0.086 0.085 0.085 0.0785 0.0785 0.0875 0.0875 0.0875 0.08499999 0.08499999 0.0935 0.0935
0.109 0.116 0.116 0.109 0.109 0.109 0.1095 0.1095 0.1125 0.1125 0.112 0.112 0.1115 0.1115 0.1115 0.1245 0.1245 0.1145 0.1145 0.111 0.111 0.111 0.109 0.109 0.1095 0.1095 0.1075 0.1075 0.1075 0.1025 0.1025 0.094 0.094 0.098 0.098 0.098 0.0935 0.0935 0.0755 0.0755 0.0855 0.0855 0.0855 0.083 0.083 0.057 0.057 0.053 0.053 0.07 0.07 0.07 0.0825 0.0825 0.09 0.09 0.086 0.086 0.086 0.086 0.086 0.088 0.088 0.09 0.09 0.09 0.0865 0.0865 0.0835 0.0835 0.0855 0.0855 0.0855 0.087 0.087 0.0965 0.0965
0.109 0.116 0.116 0.109 0.109 0.109 0.1095 0.1095 0.1125 0.1125 0.112 0.112 0.1115 0.1115 0.1115 0.1245 0.1245 0.1145 0.1145 0.111 0.111 0.111 0.109 0.109 0.1095 0.1095 0.1075 0.1075 0.1075 0.1025 0.1025 0.094 0.094 0.098 0.098 0.098 0.0935 0.0935 0.0755 0.0755 0.0855 0.0855 0.0855 0.083 0.083 0.057 0.057 0.053 0.053 0.07 0.07 0.07 0.0825 0.0825 0.09 0.09 0.086 0.086 0.086 0.086 0.086 0.088 0.088 0.09 0.09 0.09 0.0865 0.0865 0.0835 0.0835 0.0855 0.0855 0.0855 0.087 0.087 0.0965 0.0965
0.09999999 0.109 0.109 0.103 0.103 0.103 0.091 0.091 0.086 0.086 0.094 0.094 0.099 0.099 0.099 0.096 0.096 0.09450001 0.09450001 0.0975 0.0975 0.0975 0.097 0.097 0.0965 0.0965 0.0865 0.0865 0.0865 0.082 0.082 0.0735 0.0735 0.0735 0.0735 0.0735 0.066 0.066 0.0985 0.0985 0.0935 0.0935 0.0935 0.0975 0.0975 0.099 0.099 0.094 0.094 0.0925 0.0925 0.0925 0.0895 0.0895 0.0885 0.0885 0.087 0.087 0.087 0.085 0.085 0.0885 0.0885 0.086 0.086 0.086 0.086 0.086 0.086 0.086 0.0865 0.0865 0.0865 0.08750001 0.08750001 0.0935 0.0935
0.09999999 0.109 0.109 0.103 0.103 0.103 0.091 0.091 0.086 0.086 0.094 0.094 0.099 0.099 0.099 0.096 0.096 0.09450001 0.09450001 0.0975 0.0975 0.0975 0.097 0.097 0.0965 0.0965 0.0865 0.0865 0.0865 0.082 0.082 0.0735 0.0735 0.0735 0.0735 0.0735 0.066 0.066 0.0985 0.0985 0.0935 0.0935 0.0935 0.0975 0.0975 0.099 0.099 0.094 0.094 0.0925 0.0925 0.0925 0.0895 0.0895 0.0885 0.0885 0.087 0.087 0.087 0.085 0.085 0.0885 0.0885 0.086 0.086 0.086 0.086 0.086 0.086 0.086 0.0865 0.0865 0.0865 0.08750001 0.08750001 0.0935 0.0935
0.09999999 0.109 0.109 0.103 0.103 0.103 0.091 0.091 0.086 0.086 0.094 0.094 0.099 0.099 0.099 0.096 0.096 0.09450001 0.09450001 0.0975 0.0975 0.0975 0.097 0.097 0.0965 0.0965 0.0865 0.0865 0.0865 0.082 0.082 0.0735 0.0735 0.0735 0.0735 0.0735 0.066 0.066 0.0985 0.0985 0.0935 0.0935 0.0935 0.0975 0.0975 0.099 0.099 0.094 0.094 0.0925 0.0925 0.0925 0.0895 0.0895 0.0885 0.0885 0.087 0.087 0.087 0.085 0.085 0.0885 0.0885 0.086 0.086 0.086 0.086 0.086 0.086 0.086 0.0865 0.0865 0.0865 0.08750001 0.08750001 0.0935 0.0935
0.117 0.1015 0.1015 0.0975 0.0975 0.0975 0.092 0.092 0.0845 0.0845 0.0925 0.0925 0.095 0.095 0.095 0.11 0.11 0.1055 0.1055 0.108 0.108 0.108 0.1015 0.1015 0.101 0.101 0.093 0.093 0.093 0.086 0.086 0.082 0.082 0.09649999 0.09649999 0.09649999 0.112 0.112 0.1055 0.1055 0.103 0.103 0.103 0.0995 0.0995 0.099 0.099 0.0965 0.0965 0.0875 0.0875 0.0875 0.088 0.088 0.09 0.09 0.088 0.088 0.088 0.0855 0.0855 0.09100001 0.09100001 0.088 0.088 0.088 0.09 0.09 0.089 0.089 0.091 0.091 0.091 0.0885 0.0885 0.0895 0.0895
0.117 0.1015 0.1015 0.0975 0.0975 0.0975 0.092 0.092 0.0845 0.0845 0.0925 0.0925 0.095 0.095 0.095 0.11 0.11 0.1055 0.1055 0.108 0.108 0.108 0.1015 0.1015 0.101 0.101 0.093 0.093 0.093 0.086 0.086 0.082 0.082 0.09649999 0.09649999 0.09649999 0.112 0.112 0.1055 0.1055 0.103 0.103 0.103 0.0995 0.0995 0.099 0.099 0.0965 0.0965 0.0875 0.0875 0.0875 0.088 0.088 0.09 0.09 0.088 0.088 0.088 0.0855 0.0855 0.09100001 0.09100001 0.088 0.088 0.088 0.09 0.09 0.089 0.089 0.091 0.091 0.091 0.0885 0.0885 0.0895 0.0895
0.1025 0.1075 0.1075 0.1025 0.1025 0.1025 0.103 0.103 0.109 0.109 0.108 0.108 0.096 0.096 0.096 0.098 0.098 0.1025 0.1025 0.1185 0.1185 0.1185 0.117 0.117 0.119 0.119 0.113 0.113 0.113 0.115 0.115 0.1225 0.1225 0.125 0.125 0.125 0.1195 0.1195 0.1035 0.1035 0.1005 0.1005 0.1005 0.098 0.098 0.0925 0.0925 0.0925 0.0925 0.088 0.088 0.088 0.087 0.087 0.086 0.086 0.0895 0.0895 0.0895 0.0905 0.0905 0.09299999 0.09299999 0.0945 0.0945 0.0945 0.09 0.09 0.094 0.094 0.08750001 0.08750001 0.08750001 0.0885 0.0885 0.088 0.088
0.1025 0.1075 0.1075 0.1025 0.1025 0.1025 0.103 0.103 0.109 0.109 0.108 0.108 0.096 0.096 0.096 0.098 0.098 0.1025 0.1025 0.1185 0.1185 0.1185 0.117 0.117 0.119 0.119 0.113 0.113 0.113 0.115 0.115 0.1225 0.1225 0.125 0.125 0.125 0.1195 0.1195 0.1035 0.1035 0.1005 0.1005 0.1005 0.098 0.098 0.0925 0.0925 0.0925 0.0925 0.088 0.088 0.088 0.087 0.087 0.086 0.086 0.0895 0.0895 0.0895 0.0905 0.0905 0.09299999 0.09299999 0.0945 0.0945 0.0945 0.09 0.09 0.094 0.094 0.08750001 0.08750001 0.08750001 0.0885 0.0885 0.088 0.088
0.1055 0.0995 0.0995 0.1105 0.1105 0.1105 0.0925 0.0925 0.107 0.107 0.1265 0.1265 0.1155 0.1155 0.1155 0.1175 0.1175 0.1205 0.1205 0.118 0.118 0.118 0.1335 0.1335 0.123 0.123 0.122 0.122 0.122 0.1245 0.1245 0.126 0.126 0.1265 0.1265 0.1265 0.113 0.113 0.1035 0.1035 0.099 0.099 0.099 0.0965 0.0965 0.1025 0.1025 0.09550001 0.09550001 0.097 0.097 0.097 0.09450001 0.09450001 0.0875 0.0875 0.0905 0.0905 0.0905 0.093 0.093 0.089 0.089 0.09450001 0.09450001 0.09450001 0.096 0.096 0.088 0.088 0.0865 0.0865 0.0865 0.086 0.086 0.092 0.092
0.1055 0.0995 0.0995 0.1105 0.1105 0.1105 0.0925 0.0925 0.107 0.107 0.1265 0.1265 0.1155 0.1155 0.1155 0.1175 0.1175 0.1205 0.1205 0.118 0.118 0.118 0.1335 0.1335 0.123 0.123 0.122 0.122 0.122 0.1245 0.1245 0.126 0.126 0.1265 0.1265 0.1265 0.113 0.113 0.1035 0.1035 0.099 0.099 0.099 0.0965 0.0965 0.1025 0.1025 0.09550001 0.09550001 0.097 0.097 0.097 0.09450001 0.09450001 0.0875 0.0875 0.0905 0.0905 0.0905 0.093 0.093 0.089 0.089 0.09450001 0.09450001 0.09450001 0.096 0.096 0.088 0.088 0.0865 0.0865 0.0865 0.086 0.086 0.092 0.092
0.1055 0.0995 0.0995 0.1105 0.1105 0.1105 0.0925 0.0925 0.107 0.107 0.1265 0.1265 0.1155 0.1155 0.1155 0.1175 0.1175 0.1205 0.1205 0.118 0.118 0.118 0.1335 0.1335 0.123 0.123 0.122 0.122 0.122 0.1245 0.1245 0.126 0.126 0.1265 0.1265 0.1265 0.113 0.113 0.1035 0.1035 0.099 0.099 0.099 0.0965 0.0965 0.1025 0.1025 0.09550001 0.09550001 0.097 0.097 0.097 0.09450001 0.09450001 0.0875 0.0875 0.0905 0.0905 0.0905 0.093 0.093 0.089 0.089 0.09450001 0.09450001 0.09450001 0.096 0.096 0.088 0.088 0.0865 0.0865 0.0865 0.086 0.086 0.092 0.092
0.0985 0.101 0.101 0.126 0.126 0.126 0.1015 0.1015 0.0625 0.0625 0.112 0.112 0.129 0.129 0.129 0.11 0.11 0.1265 0.1265 0.118 0.118 0.118 0.1235 0.1235 0.117 0.117 0.1285 0.1285 0.1285 0.125 0.125 0.1225 0.1225 0.112 0.112 0.112 0.1105 0.1105 0.107 0.107 0.09999999 0.09999999 0.09999999 0.1005 0.1005 0.1025 0.1025 0.1015 0.1015 0.1005 0.1005 0.1005 0.099 0.099 0.0935 0.0935 0.09299999 0.09299999 0.09299999 0.093 0.093 0.1055 0.1055 0.1035 0.1035 0.1035 0.0985 0.0985 0.105 0.105 0.1035 0.1035 0.1035 0.107 0.107 0.092 0.092
0.0985 0.101 0.101 0.126 0.126 0.126 0.1015 0.1015 0.0625 0.0625 0.112 0.112 0.129 0.129 0.129 0.11 0.11 0.1265 0.1265 0.118 0.118 0.118 0.1235 0.1235 0.117 0.117 0.1285 0.1285 0.1285 0.125 0.125 0.1225 0.1225 0.112 0.112 0.112 0.1105 0.1105 0.107 0.107 0.09999999 0.09999999 0.09999999 0.1005 0.1005 0.1025 0.1025 0.1015 0.1015 0.1005 0.1005 0.1005 0.099 0.099 0.0935 0.0935 0.09299999 0.09299999 0.09299999 0.093 0.093 0.1055 0.1055 0.1035 0.1035 0.1035 0.0985 0.0985 0.105 0.105 0.1035 0.1035 0.1035 0.107 0.107 0.092 0.092
0.108 0.103 0.103 0.12 0.12 0.12 0.1205 0.1205 0.083 0.083 0.109 0.109 0.107 0.107 0.107 0.1205 0.1205 0.119 0.119 0.123 0.123 0.123 0.13 0.13 0.1285 0.1285 0.1175 0.1175 0.1175 0.1225 0.1225 0.1165 0.1165 0.112 0.112 0.112 0.1115 0.1115 0.105 0.105 0.1055 0.1055 0.1055 0.107 0.107 0.1095 0.1095 0.1035 0.1035 0.109 0.109 0.109 0.105 0.105 0.1015 0.1015 0.104 0.104 0.104 0.1035 0.1035 0.1045 0.1045 0.103 0.103 0.103 0.117 0.117 0.111 0.111 0.1 0.1 0.1 0.095 0.095 0.0925 0.0925
0.108 0.103 0.103 0.12 0.12 0.12 0.1205 0.1205 0.083 0.083 0.109 0.109 0.107 0.107 0.107 0.1205 0.1205 0.119 0.119 0.123 0.123 0.123 0.13 0.13 0.1285 0.1285 0.1175 0.1175 0.1175 0.1225 0.1225 0.1165 0.1165 0.112 0.112 0.112 0.1115 0.1115 0.105 0.105 0.1055 0.1055 0.1055 0.107 0.107 0.1095 0.1095 0.1035 0.1035 0.109 0.109 0.109 0.105 0.105 0.1015 0.1015 0.104 0.104 0.104 0.1035 0.1035 0.1045 0.1045 0.103 0.103 0.103 0.117 0.117 0.111 0.111 0.1 0.1 0.1 0.095 0.095 0.0925 0.0925
0.1515 0.0915 0.0915 0.124 0.124 0.124 0.1025 0.1025 0.1 0.1 0.092 0.092 0.0905 0.0905 0.0905 0.106 0.106 0.112 0.112 0.106 0.106 0.106 0.1115 0.1115 0.115 0.115 0.123 0.123 0.123 0.122 0.122 0.1185 0.1185 0.1255 0.1255 0.1255 0.114 0.114 0.132 0.132 0.118 0.118 0.118 0.117 0.117 0.118 0.118 0.1215 0.1215 0.119 0.119 0.119 0.118 0.118 0.1085 0.1085 0.108 0.108 0.108 0.1105 0.1105 0.1135 0.1135 0.1145 0.1145 0.1145 0.116 0.116 0.111 0.111 0.1115 0.1115 0.1115 0.1085 0.1085 0.104 0.104
0.1515 0.0915 0.0915 0.124 0.124 0.124 0.1025 0.1025 0.1 0.1 0.092 0.092 0.0905 0.0905 0.0905 0.106 0.106 0.112 0.112 0.106 0.106 0.106 0.1115 0.1115 0.115 0.115 0.123 0.123 0.123 0.122 0.122 0.1185 0.1185 0.1255 0.1255 0.1255 0.114 0.114 0.132 0.132 0.118 0.118 0.118 0.117 0.117 0.118 0.118 0.1215 0.1215 0.119 0.119 0.119 0.118 0.118 0.1085 0.1085 0.108 0.108 0.108 0.1105 0.1105 0.1135 0.1135 0.1145 0.1145 0.1145 0.116 0.116 0.111 0.111 0.1115 0.1115 0.1115 0.1085 0.1085 0.104 0.104
