ndvi/NOAA-203.asc
ncols         252
nrows         154
xllcorner     -18.017974
yllcorner     13.481982
cellsize      0.035948
NODATA_value  -9999
[rows 35 to 69 of 154, columns 77 to 153 of 252]
0.155 0.155 0.1455 0.1455 0.1445 0.1445 0.142 0.142 0.142 0.1405 0.1405 0.1505 0.1505 0.1555 0.1555 0.156 0.156 0.156 0.159 0.159 0.1555 0.1555 0.1625 0.1625 0.1625 0.1595 0.1595 0.158 0.158 0.157 0.157 0.157 0.16 0.16 0.1525 0.1525 0.153 0.153 0.153 0.1505 0.1505 0.156 0.156 0.169 0.169 0.169 0.1655 0.1655 0.1605 0.1605 0.1555 0.1555 0.156 0.156 0.156 0.1615 0.1615 0.178 0.178 0.161 0.161 0.161 0.175 0.175 0.177 0.177 0.1745 0.1745 0.1745 0.1605 0.1605 0.134 0.134 0.121 0.121 0.121 0.127
0.155 0.155 0.1455 0.1455 0.1445 0.1445 0.142 0.142 0.142 0.1405 0.1405 0.1505 0.1505 0.1555 0.1555 0.156 0.156 0.156 0.159 0.159 0.1555 0.1555 0.1625 0.1625 0.1625 0.1595 0.1595 0.158 0.158 0.157 0.157 0.157 0.16 0.16 0.1525 0.1525 0.153 0.153 0.153 0.1505 0.1505 0.156 0.156 0.169 0.169 0.169 0.1655 0.1655 0.1605 0.1605 0.1555 0.1555 0.156 0.156 0.156 0.1615 0.1615 0.178 0.178 0.161 0.161 0.161 0.175 0.175 0.177 0.177 0.1745 0.1745 0.1745 0.1605 0.1605 0.134 0.134 0.121 0.121 0.121 0.127
0.166 0.166 0.165 0.165 0.164 0.164 0.16 0.16 0.16 0.158 0.158 0.1635 0.1635 0.166 0.166 0.1565 0.1565 0.1565 0.167 0.167 0.165 0.165 0.164 0.164 0.164 0.1675 0.1675 0.1635 0.1635 0.169 0.169 0.169 0.169 0.169 0.163 0.163 0.155 0.155 0.155 0.1655 0.1655 0.1715 0.1715 0.172 0.172 0.172 0.171 0.171 0.169 0.169 0.176 0.176 0.1735 0.1735 0.1735 0.1755 0.1755 0.189 0.189 0.1905 0.1905 0.1905 0.1805 0.1805 0.185 0.185 0.1695 0.1695 0.1695 0.171 0.171 0.126 0.126 0.1385 0.1385 0.1385 0.131
0.166 0.166 0.165 0.165 0.164 0.164 0.16 0.16 0.16 0.158 0.158 0.1635 0.1635 0.166 0.166 0.1565 0.1565 0.1565 0.167 0.167 0.165 0.165 0.164 0.164 0.164 0.1675 0.1675 0.1635 0.1635 0.169 0.169 0.169 0.169 0.169 0.163 0.163 0.155 0.155 0.155 0.1655 0.1655 0.1715 0.1715 0.172 0.172 0.172 0.171 0.171 0.169 0.169 0.176 0.176 0.1735 0.1735 0.1735 0.1755 0.1755 0.189 0.189 0.1905 0.1905 0.1905 0.1805 0.1805 0.185 0.185 0.1695 0.1695 0.1695 0.171 0.171 0.126 0.126 0.1385 0.1385 0.1385 0.131
0.163 0.163 0.166 0.166 0.1625 0.1625 0.161 0.161 0.161 0.1665 0.1665 0.173 0.173 0.1745 0.1745 0.165 0.165 0.165 0.162 0.162 0.161 0.161 0.17 0.17 0.17 0.1725 0.1725 0.183 0.183 0.1895 0.1895 0.1895 0.1895 0.1895 0.1805 0.1805 0.1795 0.1795 0.1795 0.174 0.174 0.1735 0.1735 0.1955 0.1955 0.1955 0.1885 0.1885 0.1905 0.1905 0.192 0.192 0.23 0.23 0.23 0.216 0.216 0.2285 0.2285 0.214 0.214 0.214 0.1905 0.1905 0.173 0.173 0.1675 0.1675 0.1675 0.1615 0.1615 0.1295 0.1295 0.1225 0.1225 0.1225 0.142
0.163 0.163 0.166 0.166 0.1625 0.1625 0.161 0.161 0.161 0.1665 0.1665 0.173 0.173 0.1745 0.1745 0.165 0.165 0.165 0.162 0.162 0.161 0.161 0.17 0.17 0.17 0.1725 0.1725 0.183 0.183 0.1895 0.1895 0.1895 0.1895 0.1895 0.1805 0.1805 0.1795 0.1795 0.1795 0.174 0.174 0.1735 0.1735 0.1955 0.1955 0.1955 0.1885 0.1885 0.1905 0.1905 0.192 0.192 0.23 0.23 0.23 0.216 0.216 0.2285 0.2285 0.214 0.214 0.214 0.1905 0.1905 0.173 0.173 0.1675 0.1675 0.1675 0.1615 0.1615 0.1295 0.1295 0.1225 0.1225 0.1225 0.142
0.1785 0.1785 0.1675 0.1675 0.166 0.166 0.168 0.168 0.168 0.17 0.17 0.172 0.172 0.1845 0.1845 0.186 0.186 0.186 0.1645 0.1645 0.161 0.161 0.169 0.169 0.169 0.188 0.188 0.1945 0.1945 0.2005 0.2005 0.2005 0.194 0.194 0.186 0.186 0.1895 0.1895 0.1895 0.1875 0.1875 0.1905 0.1905 0.2135 0.2135 0.2135 0.1945 0.1945 0.1895 0.1895 0.202 0.202 0.218 0.218 0.218 0.224 0.224 0.21 0.21 0.1895 0.1895 0.1895 0.1845 0.1845 0.172 0.172 0.1455 0.1455 0.1455 0.1485 0.1485 0.1375 0.1375 0.1375 0.1375 0.1375 0.133
0.1785 0.1785 0.1675 0.1675 0.166 0.166 0.168 0.168 0.168 0.17 0.17 0.172 0.172 0.1845 0.1845 0.186 0.186 0.186 0.1645 0.1645 0.161 0.161 0.169 0.169 0.169 0.188 0.188 0.1945 0.1945 0.2005 0.2005 0.2005 0.194 0.194 0.186 0.186 0.1895 0.1895 0.1895 0.1875 0.1875 0.1905 0.1905 0.2135 0.2135 0.2135 0.1945 0.1945 0.1895 0.1895 0.202 0.202 0.218 0.218 0.218 0.224 0.224 0.21 0.21 0.1895 0.1895 0.1895 0.1845 0.1845 0.172 0.172 0.1455 0.1455 0.1455 0.1485 0.1485 0.1375 0.1375 0.1375 0.1375 0.1375 0.133
0.1785 0.1785 0.1675 0.1675 0.166 0.166 0.168 0.168 0.168 0.17 0.17 0.172 0.172 0.1845 0.1845 0.186 0.186 0.186 0.1645 0.1645 0.161 0.161 0.169 0.169 0.169 0.188 0.188 0.1945 0.1945 0.2005 0.2005 0.2005 0.194 0.194 0.186 0.186 0.1895 0.1895 0.1895 0.1875 0.1875 0.1905 0.1905 0.2135 0.2135 0.2135 0.1945 0.1945 0.1895 0.1895 0.202 0.202 0.218 0.218 0.218 0.224 0.224 0.21 0.21 0.1895 0.1895 0.1895 0.1845 0.1845 0.172 0.172 0.1455 0.1455 0.1455 0.1485 0.1485 0.1375 0.1375 0.1375 0.1375 0.1375 0.133
0.189 0.189 0.1685 0.1685 0.165 0.165 0.168 0.168 0.168 0.1735 0.1735 0.175 0.175 0.186 0.186 0.188 0.188 0.188 0.187 0.187 0.1595 0.1595 0.173 0.173 0.173 0.182 0.182 0.1945 0.1945 0.2005 0.2005 0.2005 0.207 0.207 0.213 0.213 0.2205 0.2205 0.2205 0.216 0.216 0.2095 0.2095 0.2075 0.2075 0.2075 0.1735 0.1735 0.1795 0.1795 0.185 0.185 0.1985 0.1985 0.1985 0.2095 0.2095 0.192 0.192 0.1815 0.1815 0.1815 0.1655 0.1655 0.147 0.147 0.146 0.146 0.146 0.14 0.14 0.132 0.132 0.116 0.116 0.116 0.1245
0.189 0.189 0.1685 0.1685 0.165 0.165 0.168 0.168 0.168 0.1735 0.1735 0.175 0.175 0.186 0.186 0.188 0.188 0.188 0.187 0.187 0.1595 0.1595 0.173 0.173 0.173 0.182 0.182 0.1945 0.1945 0.2005 0.2005 0.2005 0.207 0.207 0.213 0.213 0.2205 0.2205 0.2205 0.216 0.216 0.2095 0.2095 0.2075 0.2075 0.2075 0.1735 0.1735 0.1795 0.1795 0.185 0.185 0.1985 0.1985 0.1985 0.2095 0.2095 0.192 0.192 0.1815 0.1815 0.1815 0.1655 0.1655 0.147 0.147 0.146 0.146 0.146 0.14 0.14 0.132 0.132 0.116 0.116 0.116 0.1245
0.1885 0.1885 0.1835 0.1835 0.173 0.173 0.1685 0.1685 0.1685 0.168 0.168 0.1695 0.1695 0.1745 0.1745 0.194 0.194 0.194 0.192 0.192 0.1785 0.1785 0.1755 0.1755 0.1755 0.181 0.181 0.1945 0.1945 0.2035 0.2035 0.2035 0.2315 0.2315 0.24 0.24 0.215 0.215 0.215 0.182 0.182 0.169 0.169 0.1775 0.1775 0.1775 0.176 0.176 0.218 0.218 0.2155 0.2155 0.203 0.203 0.203 0.1895 0.1895 0.1995 0.1995 0.174 0.174 0.174 0.1725 0.1725 0.154 0.154 0.1585 0.1585 0.1585 0.158 0.158 0.138 0.138 0.1325 0.1325 0.1325 0.159
0.1885 0.1885 0.1835 0.1835 0.173 0.173 0.1685 0.1685 0.1685 0.168 0.168 0.1695 0.1695 0.1745 0.1745 0.194 0.194 0.194 0.192 0.192 0.1785 0.1785 0.1755 0.1755 0.1755 0.181 0.181 0.1945 0.1945 0.2035 0.2035 0.2035 0.2315 0.2315 0.24 0.24 0.215 0.215 0.215 0.182 0.182 0.169 0.169 0.1775 0.1775 0.1775 0.176 0.176 0.218 0.218 0.2155 0.2155 0.203 0.203 0.203 0.1895 0.1895 0.1995 0.1995 0.174 0.174 0.174 0.1725 0.1725 0.154 0.154 0.1585 0.1585 0.1585 0.158 0.158 0.138 0.138 0.1325 0.1325 0.1325 0.159
0.198 0.198 0.1885 0.1885 0.195 0.195 0.166 0.166 0.166 0.1755 0.1755 0.169 0.169 0.1825 0.1825 0.202 0.202 0.202 0.205 0.205 0.2095 0.2095 0.2095 0.2095 0.2095 0.2135 0.2135 0.232 0.232 0.2525 0.2525 0.2525 0.288 0.288 0.263 0.263 0.206 0.206 0.206 0.172 0.172 0.1745 0.1745 0.1915 0.1915 0.1915 0.218 0.218 0.211 0.211 0.1955 0.1955 0.1925 0.1925 0.1925 0.1865 0.1865 0.188 0.188 0.181 0.181 0.181 0.175 0.175 0.1585 0.1585 0.171 0.171 0.171 0.1655 0.1655 0.1625 0.1625 0.144 0.144 0.144 0.1365
0.198 0.198 0.1885 0.1885 0.195 0.195 0.166 0.166 0.166 0.1755 0.1755 0.169 0.169 0.1825 0.1825 0.202 0.202 0.202 0.205 0.205 0.2095 0.2095 0.2095 0.2095 0.2095 0.2135 0.2135 0.232 0.232 0.2525 0.2525 0.2525 0.288 0.288 0.263 0.263 0.206 0.206 0.206 0.172 0.172 0.1745 0.1745 0.1915 0.1915 0.1915 0.218 0.218 0.211 0.211 0.1955 0.1955 0.1925 0.1925 0.1925 0.1865 0.1865 0.188 0.188 0.181 0.181 0.181 0.175 0.175 0.1585 0.1585 0.171 0.171 0.171 0.1655 0.1655 0.1625 0.1625 0.144 0.144 0.144 0.1365
0.198 0.198 0.1885 0.1885 0.195 0.195 0.166 0.166 0.166 0.1755 0.1755 0.169 0.169 0.1825 0.1825 0.202 0.202 0.202 0.205 0.205 0.2095 0.2095 0.2095 0.2095 0.2095 0.2135 0.2135 0.232 0.232 0.2525 0.2525 0.2525 0.288 0.288 0.263 0.263 0.206 0.206 0.206 0.172 0.172 0.1745 0.1745 0.1915 0.1915 0.1915 0.218 0.218 0.211 0.211 0.1955 0.1955 0.1925 0.1925 0.1925 0.1865 0.1865 0.188 0.188 0.181 0.181 0.181 0.175 0.175 0.1585 0.1585 0.171 0.171 0.171 0.1655 0.1655 0.1625 0.1625 0.144 0.144 0.144 0.1365
0.21 0.21 0.2055 0.2055 0.2105 0.2105 0.2185 0.2185 0.2185 0.2175 0.2175 0.2255 0.2255 0.2275 0.2275 0.2335 0.2335 0.2335 0.2155 0.2155 0.2165 0.2165 0.224 0.224 0.224 0.2245 0.2245 0.2175 0.2175 0.2165 0.2165 0.2165 0.3015 0.3015 0.265 0.265 0.236 0.236 0.236 0.1705 0.1705 0.158 0.158 0.1685 0.1685 0.1685 0.19 0.19 0.171 0.171 0.1865 0.1865 0.184 0.184 0.184 0.187 0.187 0.193 0.193 0.1895 0.1895 0.1895 0.203 0.203 0.2045 0.2045 0.192 0.192 0.192 0.2035 0.2035 0.192 0.192 0.164 0.164 0.164 0.1225
0.21 0.21 0.2055 0.2055 0.2105 0.2105 0.2185 0.2185 0.2185 0.2175 0.2175 0.2255 0.2255 0.2275 0.2275 0.2335 0.2335 0.2335 0.2155 0.2155 0.2165 0.2165 0.224 0.224 0.224 0.2245 0.2245 0.2175 0.2175 0.2165 0.2165 0.2165 0.3015 0.3015 0.265 0.265 0.236 0.236 0.236 0.1705 0.1705 0.158 0.158 0.1685 0.1685 0.1685 0.19 0.19 0.171 0.171 0.1865 0.1865 0.184 0.184 0.184 0.187 0.187 0.193 0.193 0.1895 0.1895 0.1895 0.203 0.203 0.2045 0.2045 0.192 0.192 0.192 0.2035 0.2035 0.192 0.192 0.164 0.164 0.164 0.1225
0.2135 0.2135 0.2195 0.2195 0.2285 0.2285 0.224 0.224 0.224 0.223 0.223 0.2235 0.2235 0.2175 0.2175 0.2415 0.2415 0.2415 0.223 0.223 0.227 0.227 0.2075 0.2075 0.2075 0.209 0.209 0.204 0.204 0.219 0.219 0.219 0.236 0.236 0.242 0.242 0.242 0.242 0.242 0.2 0.2 0.1755 0.1755 0.16 0.16 0.16 0.147 0.147 0.1435 0.1435 0.1965 0.1965 0.194 0.194 0.194 0.2155 0.2155 0.222 0.222 0.2305 0.2305 0.2305 0.2325 0.2325 0.223 0.223 0.193 0.193 0.193 0.1825 0.1825 0.182 0.182 0.167 0.167 0.167 0.12
0.2135 0.2135 0.2195 0.2195 0.2285 0.2285 0.224 0.224 0.224 0.223 0.223 0.2235 0.2235 0.2175 0.2175 0.2415 0.2415 0.2415 0.223 0.223 0.227 0.227 0.2075 0.2075 0.2075 0.209 0.209 0.204 0.204 0.219 0.219 0.219 0.236 0.236 0.242 0.242 0.242 0.242 0.242 0.2 0.2 0.1755 0.1755 0.16 0.16 0.16 0.147 0.147 0.1435 0.1435 0.1965 0.1965 0.194 0.194 0.194 0.2155 0.2155 0.222 0.222 0.2305 0.2305 0.2305 0.2325 0.2325 0.223 0.223 0.193 0.193 0.193 0.1825 0.1825 0.182 0.182 0.167 0.167 0.167 0.12
0.278 0.278 0.274 0.274 0.2645 0.2645 0.246 0.246 0.246 0.235 0.235 0.2405 0.2405 0.227 0.227 0.229 0.229 0.229 0.2275 0.2275 0.204 0.204 0.201 0.201 0.201 0.2135 0.2135 0.206 0.206 0.1995 0.1995 0.1995 0.1755 0.1755 0.2185 0.2185 0.208 0.208 0.208 0.1945 0.1945 0.17 0.17 0.1545 0.1545 0.1545 0.1475 0.1475 0.1775 0.1775 0.2045 0.2045 0.2205 0.2205 0.2205 0.2215 0.2215 0.2295 0.2295 0.2345 0.2345 0.2345 0.2205 0.2205 0.227 0.227 0.2005 0.2005 0.2005 0.1785 0.1785 0.166 0.166 0.1525 0.1525 0.1525 0.1145
0.278 0.278 0.274 0.274 0.2645 0.2645 0.246 0.246 0.246 0.235 0.235 0.2405 0.2405 0.227 0.227 0.229 0.229 0.229 0.2275 0.2275 0.204 0.204 0.201 0.201 0.201 0.2135 0.2135 0.206 0.206 0.1995 0.1995 0.1995 0.1755 0.1755 0.2185 0.2185 0.208 0.208 0.208 0.1945 0.1945 0.17 0.17 0.1545 0.1545 0.1545 0.1475 0.1475 0.1775 0.1775 0.2045 0.2045 0.2205 0.2205 0.2205 0.2215 0.2215 0.2295 0.2295 0.2345 0.2345 0.2345 0.2205 0.2205 0.227 0.227 0.2005 0.2005 0.2005 0.1785 0.1785 0.166 0.166 0.1525 0.1525 0.1525 0.1145
0.2905 0.2905 0.2785 0.2785 0.2875 0.2875 0.261 0.261 0.261 0.2455 0.2455 0.2515 0.2515 0.237 0.237 0.2365 0.2365 0.2365 0.223 0.223 0.2135 0.2135 0.203 0.203 0.203 0.2095 0.2095 0.2095 0.2095 0.2045 0.2045 0.2045 0.1905 0.1905 0.2045 0.2045 0.1995 0.1995 0.1995 0.1935 0.1935 0.179 0.179 0.1855 0.1855 0.1855 0.1765 0.1765 0.1655 0.1655 0.17 0.17 0.193 0.193 0.193 0.2155 0.2155 0.212 0.212 0.2265 0.2265 0.2265 0.23 0.23 0.219 0.219 0.214 0.214 0.214 0.176 0.176 0.1655 0.1655 0.145 0.145 0.145 0.115
0.2905 0.2905 0.2785 0.2785 0.2875 0.2875 0.261 0.261 0.261 0.2455 0.2455 0.2515 0.2515 0.237 0.237 0.2365 0.2365 0.2365 0.223 0.223 0.2135 0.2135 0.203 0.203 0.203 0.2095 0.2095 0.2095 0.2095 0.2045 0.2045 0.2045 0.1905 0.1905 0.2045 0.2045 0.1995 0.1995 0.1995 0.1935 0.1935 0.179 0.179 0.1855 0.1855 0.1855 0.1765 0.1765 0.1655 0.1655 0.17 0.17 0.193 0.193 0.193 0.2155 0.2155 0.212 0.212 0.2265 0.2265 0.2265 0.23 0.23 0.219 0.219 0.214 0.214 0.214 0.176 0.176 0.1655 0.1655 0.145 0.145 0.145 0.115
0.2905 0.2905 0.2785 0.2785 0.2875 0.2875 0.261 0.261 0.261 0.2455 0.2455 0.2515 0.2515 0.237 0.237 0.2365 0.2365 0.2365 0.223 0.223 0.2135 0.2135 0.203 0.203 0.203 0.2095 0.2095 0.2095 0.2095 0.2045 0.2045 0.2045 0.1905 0.1905 0.2045 0.2045 0.1995 0.1995 0.1995 0.1935 0.1935 0.179 0.179 0.1855 0.1855 0.1855 0.1765 0.1765 0.1655 0.1655 0.17 0.17 0.193 0.193 0.193 0.2155 0.2155 0.212 0.212 0.2265 0.2265 0.2265 0.23 0.23 0.219 0.219 0.214 0.214 0.214 0.176 0.176 0.1655 0.1655 0.145 0.145 0.145 0.115
0.273 0.273 0.272 0.272 0.284 0.284 0.263 0.263 0.263 0.26 0.26 0.2335 0.2335 0.227 0.227 0.225 0.225 0.225 0.178 0.178 0.207 0.207 0.2235 0.2235 0.2235 0.213 0.213 0.222 0.222 0.216 0.216 0.216 0.2155 0.2155 0.2215 0.2215 0.2195 0.2195 0.2195 0.185 0.185 0.164 0.164 0.2045 0.2045 0.2045 0.1955 0.1955 0.13 0.13 0.1275 0.1275 0.134 0.134 0.134 0.1375 0.1375 0.1955 0.1955 0.2195 0.2195 0.2195 0.219 0.219 0.222 0.222 0.2335 0.2335 0.2335 0.2215 0.2215 0.208 0.208 0.15 0.15 0.15 0.1325
0.273 0.273 0.272 0.272 0.284 0.284 0.263 0.263 0.263 0.26 0.26 0.2335 0.2335 0.227 0.227 0.225 0.225 0.225 0.178 0.178 0.207 0.207 0.2235 0.2235 0.2235 0.213 0.213 0.222 0.222 0.216 0.216 0.216 0.2155 0.2155 0.2215 0.2215 0.2195 0.2195 0.2195 0.185 0.185 0.164 0.164 0.2045 0.2045 0.2045 0.1955 0.1955 0.13 0.13 0.1275 0.1275 0.134 0.134 0.134 0.1375 0.1375 0.1955 0.1955 0.2195 0.2195 0.2195 0.219 0.219 0.222 0.222 0.2335 0.2335 0.2335 0.2215 0.2215 0.208 0.208 0.15 0.15 0.15 0.1325
0.276 0.276 0.2515 0.2515 0.2685 0.2685 0.2565 0.2565 0.2565 0.272 0.272 0.257 0.257 0.211 0.211 0.209 0.209 0.209 0.1785 0.1785 0.2075 0.2075 0.2155 0.2155 0.2155 0.2285 0.2285 0.235 0.235 0.2275 0.2275 0.2275 0.2095 0.2095 0.207 0.207 0.2055 0.2055 0.2055 0.1945 0.1945 0.154 0.154 0.1805 0.1805 0.1805 0.1645 0.1645 0.126 0.126 0.124 0.124 0.1305 0.1305 0.1305 0.1655 0.1655 0.1965 0.1965 0.2225 0.2225 0.2225 0.216 0.216 0.219 0.219 0.2315 0.2315 0.2315 0.222 0.222 0.1975 0.1975 0.156 0.156 0.156 0.13
0.276 0.276 0.2515 0.2515 0.2685 0.2685 0.2565 0.2565 0.2565 0.272 0.272 0.257 0.257 0.211 0.211 0.209 0.209 0.209 0.1785 0.1785 0.2075 0.2075 0.2155 0.2155 0.2155 0.2285 0.2285 0.235 0.235 0.2275 0.2275 0.2275 0.2095 0.2095 0.207 0.207 0.2055 0.2055 0.2055 0.1945 0.1945 0.154 0.154 0.1805 0.1805 0.1805 0.1645 0.1645 0.126 0.126 0.124 0.124 0.1305 0.1305 0.1305 0.1655 0.1655 0.1965 0.1965 0.2225 0.2225 0.2225 0.216 0.216 0.219 0.219 0.2315 0.2315 0.2315 0.222 0.222 0.1975 0.1975 0.156 0.156 0.156 0.13
0.295 0.295 0.2525 0.2525 0.329 0.329 0.3085 0.3085 0.3085 0.2405 0.2405 0.2615 0.2615 0.2585 0.2585 0.2345 0.2345 0.2345 0.238 0.238 0.255 0.255 0.2355 0.2355 0.2355 0.276 0.276 0.2365 0.2365 0.215 0.215 0.215 0.212 0.212 0.203 0.203 0.202 0.202 0.202 0.1975 0.1975 0.17 0.17 0.155 0.155 0.155 0.1355 0.1355 0.1345 0.1345 0.1285 0.1285 0.168 0.168 0.168 0.17 0.17 0.189 0.189 0.2335 0.2335 0.2335 0.222 0.222 0.2265 0.2265 0.23 0.23 0.23 0.2465 0.2465 0.2015 0.2015 0.161 0.161 0.161 0.1305
0.295 0.295 0.2525 0.2525 0.329 0.329 0.3085 0.3085 0.3085 0.2405 0.2405 0.2615 0.2615 0.2585 0.2585 0.2345 0.2345 0.2345 0.238 0.238 0.255 0.255 0.2355 0.2355 0.2355 0.276 0.276 0.2365 0.2365 0.215 0.215 0.215 0.212 0.212 0.203 0.203 0.202 0.202 0.202 0.1975 0.1975 0.17 0.17 0.155 0.155 0.155 0.1355 0.1355 0.1345 0.1345 0.1285 0.1285 0.168 0.168 0.168 0.17 0.17 0.189 0.189 0.2335 0.2335 0.2335 0.222 0.222 0.2265 0.2265 0.23 0.23 0.23 0.2465 0.2465 0.2015 0.2015 0.161 0.161 0.161 0.1305
0.295 0.295 0.2525 0.2525 0.329 0.329 0.3085 0.3085 0.3085 0.2405 0.2405 0.2615 0.2615 0.2585 0.2585 0.2345 0.2345 0.2345 0.238 0.238 0.255 0.255 0.2355 0.2355 0.2355 0.276 0.276 0.2365 0.2365 0.215 0.215 0.215 0.212 0.212 0.203 0.203 0.202 0.202 0.202 0.1975 0.1975 0.17 0.17 0.155 0.155 0.155 0.1355 0.1355 0.1345 0.1345 0.1285 0.1285 0.168 0.168 0.168 0.17 0.17 0.189 0.189 0.2335 0.2335 0.2335 0.222 0.222 0.2265 0.2265 0.23 0.23 0.23 0.2465 0.2465 0.2015 0.2015 0.161 0.161 0.161 0.1305
0.244 0.244 0.2425 0.2425 0.239 0.239 0.262 0.262 0.262 0.2685 0.2685 0.258 0.258 0.26 0.26 0.28 0.28 0.28 0.29 0.29 0.2295 0.2295 0.2375 0.2375 0.2375 0.2165 0.2165 0.226 0.226 0.2125 0.2125 0.2125 0.207 0.207 0.2005 0.2005 0.1965 0.1965 0.1965 0.1965 0.1965 0.1895 0.1895 0.164 0.164 0.164 0.139 0.139 0.1745 0.1745 0.172 0.172 0.1885 0.1885 0.1885 0.1865 0.1865 0.202 0.202 0.223 0.223 0.223 0.22 0.22 0.242 0.242 0.238 0.238 0.238 0.2325 0.2325 0.205 0.205 0.1725 0.1725 0.1725 0.14
0.244 0.244 0.2425 0.2425 0.239 0.239 0.262 0.262 0.262 0.2685 0.2685 0.258 0.258 0.26 0.26 0.28 0.28 0.28 0.29 0.29 0.2295 0.2295 0.2375 0.2375 0.2375 0.2165 0.2165 0.226 0.226 0.2125 0.2125 0.2125 0.207 0.207 0.2005 0.2005 0.1965 0.1965 0.1965 0.1965 0.1965 0.1895 0.1895 0.164 0.164 0.164 0.139 0.139 0.1745 0.1745 0.172 0.172 0.1885 0.1885 0.1885 0.1865 0.1865 0.202 0.202 0.223 0.223 0.223 0.22 0.22 0.242 0.242 0.238 0.238 0.238 0.2325 0.2325 0.205 0.205 0.1725 0.1725 0.1725 0.14
0.228 0.228 0.243 0.243 0.228 0.228 0.2235 0.2235 0.2235 0.2335 0.2335 0.2395 0.2395 0.26 0.26 0.2515 0.2515 0.2515 0.2465 0.2465 0.2605 0.2605 0.314 0.314 0.314 0.263 0.263 0.2225 0.2225 0.214 0.214 0.214 0.2075 0.2075 0.2035 0.2035 0.2065 0.2065 0.2065 0.214 0.214 0.1865 0.1865 0.191 0.191 0.191 0.178 0.178 0.1625 0.1625 0.168 0.168 0.184 0.184 0.184 0.191 0.191 0.2045 0.2045 0.2145 0.2145 0.2145 0.235 0.235 0.2395 0.2395 0.235 0.235 0.235 0.2415 0.2415 0.207 0.207 0.186 0.186 0.186 0.154
