ndvi/NOAA-152.asc
ncols         252
nrows         154
xllcorner     -18.017974
yllcorner     13.481982
cellsize      0.035948
NODATA_value  -9999
[rows 102 to 135 of 154, columns 77 to 153 of 252]
0.2225 0.2225 0.2435 0.2435 0.271 0.271 0.2805 0.2805 0.2805 0.258 0.258 0.2405 0.2405 0.238 0.238 0.242 0.242 0.242 0.271 0.271 0.2825 0.2825 0.2875 0.2875 0.2875 0.314 0.314 0.2635 0.2635 0.2725 0.2725 0.2725 0.2945 0.2945 0.3175 0.3175 0.2945 0.2945 0.2945 0.3265 0.3265 0.3265 0.3265 0.3535 0.3535 0.3535 0.317 0.317 0.3135 0.3135 0.315 0.315 0.322 0.322 0.322 0.329 0.329 0.3515 0.3515 0.298 0.298 0.298 0.347 0.347 0.281 0.281 0.2965 0.2965 0.2965 0.314 0.314 0.2955 0.2955 0.309 0.309 0.309 0.2965
0.259 0.259 0.278 0.278 0.268 0.268 0.266 0.266 0.266 0.256 0.256 0.2455 0.2455 0.224 0.224 0.25 0.25 0.25 0.2605 0.2605 0.283 0.283 0.2665 0.2665 0.2665 0.2985 0.2985 0.2895 0.2895 0.298 0.298 0.298 0.326 0.326 0.3165 0.3165 0.316 0.316 0.316 0.349 0.349 0.3525 0.3525 0.3555 0.3555 0.3555 0.344 0.344 0.3385 0.3385 0.3355 0.3355 0.3645 0.3645 0.3645 0.348 0.348 0.349 0.349 0.3695 0.3695 0.3695 0.406 0.406 0.485 0.485 0.3085 0.3085 0.3085 0.2855 0.2855 0.2865 0.2865 0.303 0.303 0.303 0.2845
0.259 0.259 0.278 0.278 0.268 0.268 0.266 0.266 0.266 0.256 0.256 0.2455 0.2455 0.224 0.224 0.25 0.25 0.25 0.2605 0.2605 0.283 0.283 0.2665 0.2665 0.2665 0.2985 0.2985 0.2895 0.2895 0.298 0.298 0.298 0.326 0.326 0.3165 0.3165 0.316 0.316 0.316 0.349 0.349 0.3525 0.3525 0.3555 0.3555 0.3555 0.344 0.344 0.3385 0.3385 0.3355 0.3355 0.3645 0.3645 0.3645 0.348 0.348 0.349 0.349 0.3695 0.3695 0.3695 0.406 0.406 0.485 0.485 0.3085 0.3085 0.3085 0.2855 0.2855 0.2865 0.2865 0.303 0.303 0.303 0.2845
0.259 0.259 0.278 0.278 0.268 0.268 0.266 0.266 0.266 0.256 0.256 0.2455 0.2455 0.224 0.224 0.25 0.25 0.25 0.2605 0.2605 0.283 0.283 0.2665 0.2665 0.2665 0.2985 0.2985 0.2895 0.2895 0.298 0.298 0.298 0.326 0.326 0.3165 0.3165 0.316 0.316 0.316 0.349 0.349 0.3525 0.3525 0.3555 0.3555 0.3555 0.344 0.344 0.3385 0.3385 0.3355 0.3355 0.3645 0.3645 0.3645 0.348 0.348 0.349 0.349 0.3695 0.3695 0.3695 0.406 0.406 0.485 0.485 0.3085 0.3085 0.3085 0.2855 0.2855 0.2865 0.2865 0.303 0.303 0.303 0.2845
0.2565 0.2565 0.2595 0.2595 0.2865 0.2865 0.285 0.285 0.285 0.272 0.272 0.286 0.286 0.258 0.258 0.249 0.249 0.249 0.2635 0.2635 0.2905 0.2905 0.3025 0.3025 0.3025 0.3095 0.3095 0.3145 0.3145 0.3355 0.3355 0.3355 0.342 0.342 0.3335 0.3335 0.347 0.347 0.347 0.3105 0.3105 0.3375 0.3375 0.3465 0.3465 0.3465 0.3415 0.3415 0.3385 0.3385 0.3295 0.3295 0.337 0.337 0.337 0.337 0.337 0.3465 0.3465 0.4045 0.4045 0.4045 0.33 0.33 0.456 0.456 0.3595 0.3595 0.3595 0.27 0.27 0.3015 0.3015 0.3035 0.3035 0.3035 0.284
0.2565 0.2565 0.2595 0.2595 0.2865 0.2865 0.285 0.285 0.285 0.272 0.272 0.286 0.286 0.258 0.258 0.249 0.249 0.249 0.2635 0.2635 0.2905 0.2905 0.3025 0.3025 0.3025 0.3095 0.3095 0.3145 0.3145 0.3355 0.3355 0.3355 0.342 0.342 0.3335 0.3335 0.347 0.347 0.347 0.3105 0.3105 0.3375 0.3375 0.3465 0.3465 0.3465 0.3415 0.3415 0.3385 0.3385 0.3295 0.3295 0.337 0.337 0.337 0.337 0.337 0.3465 0.3465 0.4045 0.4045 0.4045 0.33 0.33 0.456 0.456 0.3595 0.3595 0.3595 0.27 0.27 0.3015 0.3015 0.3035 0.3035 0.3035 0.284
0.2495 0.2495 0.2545 0.2545 0.2845 0.2845 0.275 0.275 0.275 0.287 0.287 0.29 0.29 0.301 0.301 0.253 0.253 0.253 0.2715 0.2715 0.299 0.299 0.305 0.305 0.305 0.3355 0.3355 0.3295 0.3295 0.3535 0.3535 0.3535 0.363 0.363 0.356 0.356 0.3215 0.3215 0.3215 0.323 0.323 0.3165 0.3165 0.342 0.342 0.342 0.3185 0.3185 0.316 0.316 0.331 0.331 0.3605 0.3605 0.3605 0.336 0.336 0.33 0.33 0.3395 0.3395 0.3395 0.3065 0.3065 0.3505 0.3505 0.342 0.342 0.342 0.33 0.33 0.259 0.259 0.2535 0.2535 0.2535 0.2725
0.2495 0.2495 0.2545 0.2545 0.2845 0.2845 0.275 0.275 0.275 0.287 0.287 0.29 0.29 0.301 0.301 0.253 0.253 0.253 0.2715 0.2715 0.299 0.299 0.305 0.305 0.305 0.3355 0.3355 0.3295 0.3295 0.3535 0.3535 0.3535 0.363 0.363 0.356 0.356 0.3215 0.3215 0.3215 0.323 0.323 0.3165 0.3165 0.342 0.342 0.342 0.3185 0.3185 0.316 0.316 0.331 0.331 0.3605 0.3605 0.3605 0.336 0.336 0.33 0.33 0.3395 0.3395 0.3395 0.3065 0.3065 0.3505 0.3505 0.342 0.342 0.342 0.33 0.33 0.259 0.259 0.2535 0.2535 0.2535 0.2725
0.2485 0.2485 0.2655 0.2655 0.276 0.276 0.279 0.279 0.279 0.3155 0.3155 0.324 0.324 0.342 0.342 0.3375 0.3375 0.3375 0.3475 0.3475 0.342 0.342 0.3215 0.3215 0.3215 0.319 0.319 0.3575 0.3575 0.4005 0.4005 0.4005 0.4175 0.4175 0.3715 0.3715 0.345 0.345 0.345 0.307 0.307 0.3245 0.3245 0.3185 0.3185 0.3185 0.306 0.306 0.3185 0.3185 0.3555 0.3555 0.3745 0.3745 0.3745 0.368 0.368 0.3385 0.3385 0.323 0.323 0.323 0.3245 0.3245 0.3345 0.3345 0.343 0.343 0.343 0.3575 0.3575 0.342 0.342 0.315 0.315 0.315 0.255
0.2485 0.2485 0.2655 0.2655 0.276 0.276 0.279 0.279 0.279 0.3155 0.3155 0.324 0.324 0.342 0.342 0.3375 0.3375 0.3375 0.3475 0.3475 0.342 0.342 0.3215 0.3215 0.3215 0.319 0.319 0.3575 0.3575 0.4005 0.4005 0.4005 0.4175 0.4175 0.3715 0.3715 0.345 0.345 0.345 0.307 0.307 0.3245 0.3245 0.3185 0.3185 0.3185 0.306 0.306 0.3185 0.3185 0.3555 0.3555 0.3745 0.3745 0.3745 0.368 0.368 0.3385 0.3385 0.323 0.323 0.323 0.3245 0.3245 0.3345 0.3345 0.343 0.343 0.343 0.3575 0.3575 0.342 0.342 0.315 0.315 0.315 0.255
0.2485 0.2485 0.2655 0.2655 0.276 0.276 0.279 0.279 0.279 0.3155 0.3155 0.324 0.324 0.342 0.342 0.3375 0.3375 0.3375 0.3475 0.3475 0.342 0.342 0.3215 0.3215 0.3215 0.319 0.319 0.3575 0.3575 0.4005 0.4005 0.4005 0.4175 0.4175 0.3715 0.3715 0.345 0.345 0.345 0.307 0.307 0.3245 0.3245 0.3185 0.3185 0.3185 0.306 0.306 0.3185 0.3185 0.3555 0.3555 0.3745 0.3745 0.3745 0.368 0.368 0.3385 0.3385 0.323 0.323 0.323 0.3245 0.3245 0.3345 0.3345 0.343 0.343 0.343 0.3575 0.3575 0.342 0.342 0.315 0.315 0.315 0.255
0.3115 0.3115 0.289 0.289 0.2605 0.2605 0.2935 0.2935 0.2935 0.307 0.307 0.329 0.329 0.3385 0.3385 0.365 0.365 0.365 0.329 0.329 0.3385 0.3385 0.337 0.337 0.337 0.3625 0.3625 0.439 0.439 0.405 0.405 0.405 0.4275 0.4275 0.4265 0.4265 0.359 0.359 0.359 0.3885 0.3885 0.3535 0.3535 0.3785 0.3785 0.3785 0.371 0.371 0.3725 0.3725 0.367 0.367 0.3455 0.3455 0.3455 0.375 0.375 0.3245 0.3245 0.3315 0.3315 0.3315 0.313 0.313 0.322 0.322 0.3245 0.3245 0.3245 0.324 0.324 0.309 0.309 0.3065 0.3065 0.3065 0.2695
0.3115 0.3115 0.289 0.289 0.2605 0.2605 0.2935 0.2935 0.2935 0.307 0.307 0.329 0.329 0.3385 0.3385 0.365 0.365 0.365 0.329 0.329 0.3385 0.3385 0.337 0.337 0.337 0.3625 0.3625 0.439 0.439 0.405 0.405 0.405 0.4275 0.4275 0.4265 0.4265 0.359 0.359 0.359 0.3885 0.3885 0.3535 0.3535 0.3785 0.3785 0.3785 0.371 0.371 0.3725 0.3725 0.367 0.367 0.3455 0.3455 0.3455 0.375 0.375 0.3245 0.3245 0.3315 0.3315 0.3315 0.313 0.313 0.322 0.322 0.3245 0.3245 0.3245 0.324 0.324 0.309 0.309 0.3065 0.3065 0.3065 0.2695
0.2965 0.2965 0.297 0.297 0.27 0.27 0.2705 0.2705 0.2705 0.3 0.3 0.3285 0.3285 0.3445 0.3445 0.3515 0.3515 0.3515 0.383 0.383 0.373 0.373 0.3505 0.3505 0.3505 0.4045 0.4045 0.414 0.414 0.409 0.409 0.409 0.4085 0.4085 0.418 0.418 0.4235 0.4235 0.4235 0.454 0.454 0.4135 0.4135 0.382 0.382 0.382 0.372 0.372 0.3355 0.3355 0.3295 0.3295 0.3375 0.3375 0.3375 0.3575 0.3575 0.327 0.327 0.3265 0.3265 0.3265 0.321 0.321 0.317 0.317 0.321 0.321 0.321 0.3265 0.3265 0.342 0.342 0.3255 0.3255 0.3255 0.3
0.2965 0.2965 0.297 0.297 0.27 0.27 0.2705 0.2705 0.2705 0.3 0.3 0.3285 0.3285 0.3445 0.3445 0.3515 0.3515 0.3515 0.383 0.383 0.373 0.373 0.3505 0.3505 0.3505 0.4045 0.4045 0.414 0.414 0.409 0.409 0.409 0.4085 0.4085 0.418 0.418 0.4235 0.4235 0.4235 0.454 0.454 0.4135 0.4135 0.382 0.382 0.382 0.372 0.372 0.3355 0.3355 0.3295 0.3295 0.3375 0.3375 0.3375 0.3575 0.3575 0.327 0.327 0.3265 0.3265 0.3265 0.321 0.321 0.317 0.317 0.321 0.321 0.321 0.3265 0.3265 0.342 0.342 0.3255 0.3255 0.3255 0.3
0.292 0.292 0.2645 0.2645 0.2985 0.2985 0.2935 0.2935 0.2935 0.3045 0.3045 0.3045 0.3045 0.3245 0.3245 0.384 0.384 0.384 0.377 0.377 0.3985 0.3985 0.373 0.373 0.373 0.3845 0.3845 0.4325 0.4325 0.4285 0.4285 0.4285 0.4155 0.4155 0.452 0.452 0.424 0.424 0.424 0.424 0.424 0.382 0.382 0.3925 0.3925 0.3925 0.3365 0.3365 0.3625 0.3625 0.355 0.355 0.34 0.34 0.34 0.3225 0.3225 0.3185 0.3185 0.3445 0.3445 0.3445 0.311 0.311 0.3225 0.3225 0.303 0.303 0.303 0.3325 0.3325 0.334 0.334 0.375 0.375 0.375 0.3275
0.292 0.292 0.2645 0.2645 0.2985 0.2985 0.2935 0.2935 0.2935 0.3045 0.3045 0.3045 0.3045 0.3245 0.3245 0.384 0.384 0.384 0.377 0.377 0.3985 0.3985 0.373 0.373 0.373 0.3845 0.3845 0.4325 0.4325 0.4285 0.4285 0.4285 0.4155 0.4155 0.452 0.452 0.424 0.424 0.424 0.424 0.424 0.382 0.382 0.3925 0.3925 0.3925 0.3365 0.3365 0.3625 0.3625 0.355 0.355 0.34 0.34 0.34 0.3225 0.3225 0.3185 0.3185 0.3445 0.3445 0.3445 0.311 0.311 0.3225 0.3225 0.303 0.303 0.303 0.3325 0.3325 0.334 0.334 0.375 0.375 0.375 0.3275
0.292 0.292 0.2645 0.2645 0.2985 0.2985 0.2935 0.2935 0.2935 0.3045 0.3045 0.3045 0.3045 0.3245 0.3245 0.384 0.384 0.384 0.377 0.377 0.3985 0.3985 0.373 0.373 0.373 0.3845 0.3845 0.4325 0.4325 0.4285 0.4285 0.4285 0.4155 0.4155 0.452 0.452 0.424 0.424 0.424 0.424 0.424 0.382 0.382 0.3925 0.3925 0.3925 0.3365 0.3365 0.3625 0.3625 0.355 0.355 0.34 0.34 0.34 0.3225 0.3225 0.3185 0.3185 0.3445 0.3445 0.3445 0.311 0.311 0.3225 0.3225 0.303 0.303 0.303 0.3325 0.3325 0.334 0.334 0.375 0.375 0.375 0.3275
0.3095 0.3095 0.284 0.284 0.288 0.288 0.2755 0.2755 0.2755 0.307 0.307 0.3465 0.3465 0.343 0.343 0.379 0.379 0.379 0.4155 0.4155 0.379 0.379 0.376 0.376 0.376 0.356 0.356 0.436 0.436 0.4415 0.4415 0.4415 0.458 0.458 0.458 0.458 0.4325 0.4325 0.4325 0.399 0.399 0.3965 0.3965 0.4105 0.4105 0.4105 0.3775 0.3775 0.4065 0.4065 0.389 0.389 0.3815 0.3815 0.3815 0.3455 0.3455 0.3775 0.3775 0.3565 0.3565 0.3565 0.3375 0.3375 0.344 0.344 0.3415 0.3415 0.3415 0.346 0.346 0.3625 0.3625 0.3805 0.3805 0.3805 0.411
0.3095 0.3095 0.284 0.284 0.288 0.288 0.2755 0.2755 0.2755 0.307 0.307 0.3465 0.3465 0.343 0.343 0.379 0.379 0.379 0.4155 0.4155 0.379 0.379 0.376 0.376 0.376 0.356 0.356 0.436 0.436 0.4415 0.4415 0.4415 0.458 0.458 0.458 0.458 0.4325 0.4325 0.4325 0.399 0.399 0.3965 0.3965 0.4105 0.4105 0.4105 0.3775 0.3775 0.4065 0.4065 0.389 0.389 0.3815 0.3815 0.3815 0.3455 0.3455 0.3775 0.3775 0.3565 0.3565 0.3565 0.3375 0.3375 0.344 0.344 0.3415 0.3415 0.3415 0.346 0.346 0.3625 0.3625 0.3805 0.3805 0.3805 0.411
0.292 0.292 0.293 0.293 0.295 0.295 0.3565 0.3565 0.3565 0.3565 0.3565 0.3605 0.3605 0.378 0.378 0.376 0.376 0.376 0.3645 0.3645 0.3855 0.3855 0.4475 0.4475 0.4475 0.397 0.397 0.431 0.431 0.4515 0.4515 0.4515 0.4165 0.4165 0.4775 0.4775 0.4555 0.4555 0.4555 0.4395 0.4395 0.4055 0.4055 0.402 0.402 0.402 0.403 0.403 0.422 0.422 0.451 0.451 0.4495 0.4495 0.4495 0.3945 0.3945 0.3585 0.3585 0.355 0.355 0.355 0.3765 0.3765 0.373 0.373 0.359 0.359 0.359 0.3585 0.3585 0.383 0.383 0.395 0.395 0.395 0.423
0.292 0.292 0.293 0.293 0.295 0.295 0.3565 0.3565 0.3565 0.3565 0.3565 0.3605 0.3605 0.378 0.378 0.376 0.376 0.376 0.3645 0.3645 0.3855 0.3855 0.4475 0.4475 0.4475 0.397 0.397 0.431 0.431 0.4515 0.4515 0.4515 0.4165 0.4165 0.4775 0.4775 0.4555 0.4555 0.4555 0.4395 0.4395 0.4055 0.4055 0.402 0.402 0.402 0.403 0.403 0.422 0.422 0.451 0.451 0.4495 0.4495 0.4495 0.3945 0.3945 0.3585 0.3585 0.355 0.355 0.355 0.3765 0.3765 0.373 0.373 0.359 0.359 0.359 0.3585 0.3585 0.383 0.383 0.395 0.395 0.395 0.423
0.2995 0.2995 0.2915 0.2915 0.3095 0.3095 0.3405 0.3405 0.3405 0.3415 0.3415 0.344 0.344 0.374 0.374 0.3455 0.3455 0.3455 0.3475 0.3475 0.376 0.376 0.3825 0.3825 0.3825 0.368 0.368 0.3535 0.3535 0.3915 0.3915 0.3915 0.411 0.411 0.4 0.4 0.4165 0.4165 0.4165 0.4185 0.4185 0.4125 0.4125 0.4125 0.4125 0.4125 0.3865 0.3865 0.391 0.391 0.442 0.442 0.4155 0.4155 0.4155 0.397 0.397 0.3805 0.3805 0.3735 0.3735 0.3735 0.379 0.379 0.376 0.376 0.39 0.39 0.39 0.408 0.408 0.4235 0.4235 0.4601 0.4601 0.4601 0.466
0.2995 0.2995 0.2915 0.2915 0.3095 0.3095 0.3405 0.3405 0.3405 0.3415 0.3415 0.344 0.344 0.374 0.374 0.3455 0.3455 0.3455 0.3475 0.3475 0.376 0.376 0.3825 0.3825 0.3825 0.368 0.368 0.3535 0.3535 0.3915 0.3915 0.3915 0.411 0.411 0.4 0.4 0.4165 0.4165 0.4165 0.4185 0.4185 0.4125 0.4125 0.4125 0.4125 0.4125 0.3865 0.3865 0.391 0.391 0.442 0.442 0.4155 0.4155 0.4155 0.397 0.397 0.3805 0.3805 0.3735 0.3735 0.3735 0.379 0.379 0.376 0.376 0.39 0.39 0.39 0.408 0.408 0.4235 0.4235 0.4601 0.4601 0.4601 0.466
0.336 0.336 0.3125 0.3125 0.344 0.344 0.3395 0.3395 0.3395 0.334 0.334 0.3655 0.3655 0.3755 0.3755 0.381 0.381 0.381 0.3555 0.3555 0.4055 0.4055 0.396 0.396 0.396 0.3525 0.3525 0.3845 0.3845 0.3685 0.3685 0.3685 0.404 0.404 0.44 0.44 0.4325 0.4325 0.4325 0.434 0.434 0.4435 0.4435 0.4075 0.4075 0.4075 0.403 0.403 0.443 0.443 0.4475 0.4475 0.4535 0.4535 0.4535 0.422 0.422 0.4085 0.4085 0.4365 0.4365 0.4365 0.425 0.425 0.4265 0.4265 0.4225 0.4225 0.4225 0.4205 0.4205 0.4315 0.4315 0.4825 0.4825 0.4825 0.51
0.336 0.336 0.3125 0.3125 0.344 0.344 0.3395 0.3395 0.3395 0.334 0.334 0.3655 0.3655 0.3755 0.3755 0.381 0.381 0.381 0.3555 0.3555 0.4055 0.4055 0.396 0.396 0.396 0.3525 0.3525 0.3845 0.3845 0.3685 0.3685 0.3685 0.404 0.404 0.44 0.44 0.4325 0.4325 0.4325 0.434 0.434 0.4435 0.4435 0.4075 0.4075 0.4075 0.403 0.403 0.443 0.443 0.4475 0.4475 0.4535 0.4535 0.4535 0.422 0.422 0.4085 0.4085 0.4365 0.4365 0.4365 0.425 0.425 0.4265 0.4265 0.4225 0.4225 0.4225 0.4205 0.4205 0.4315 0.4315 0.4825 0.4825 0.4825 0.51
0.336 0.336 0.3125 0.3125 0.344 0.344 0.3395 0.3395 0.3395 0.334 0.334 0.3655 0.3655 0.3755 0.3755 0.381 0.381 0.381 0.3555 0.3555 0.4055 0.4055 0.396 0.396 0.396 0.3525 0.3525 0.3845 0.3845 0.3685 0.3685 0.3685 0.404 0.404 0.44 0.44 0.4325 0.4325 0.4325 0.434 0.434 0.4435 0.4435 0.4075 0.4075 0.4075 0.403 0.403 0.443 0.443 0.4475 0.4475 0.4535 0.4535 0.4535 0.422 0.422 0.4085 0.4085 0.4365 0.4365 0.4365 0.425 0.425 0.4265 0.4265 0.4225 0.4225 0.4225 0.4205 0.4205 0.4315 0.4315 0.4825 0.4825 0.4825 0.51
0.314 0.314 0.31 0.31 0.3545 0.3545 0.3635 0.3635 0.3635 0.347 0.347 0.3655 0.3655 0.3785 0.3785 0.4015 0.4015 0.4015 0.3525 0.3525 0.391 0.391 0.4 0.4 0.4 0.413 0.413 0.388 0.388 0.398 0.398 0.398 0.3901 0.3901 0.461 0.461 0.445 0.445 0.445 0.462 0.462 0.468 0.468 0.4095 0.4095 0.4095 0.428 0.428 0.439 0.439 0.44 0.44 0.469 0.469 0.469 0.434 0.434 0.4255 0.4255 0.4665 0.4665 0.4665 0.437 0.437 0.437 0.437 0.4451 0.4451 0.4451 0.436 0.436 0.4415 0.4415 0.466 0.466 0.466 0.484
0.314 0.314 0.31 0.31 0.3545 0.3545 0.3635 0.3635 0.3635 0.347 0.347 0.3655 0.3655 0.3785 0.3785 0.4015 0.4015 0.4015 0.3525 0.3525 0.391 0.391 0.4 0.4 0.4 0.413 0.413 0.388 0.388 0.398 0.398 0.398 0.3901 0.3901 0.461 0.461 0.445 0.445 0.445 0.462 0.462 0.468 0.468 0.4095 0.4095 0.4095 0.428 0.428 0.439 0.439 0.44 0.44 0.469 0.469 0.469 0.434 0.434 0.4255 0.4255 0.4665 0.4665 0.4665 0.437 0.437 0.437 0.437 0.4451 0.4451 0.4451 0.436 0.436 0.4415 0.4415 0.466 0.466 0.466 0.484
0.3485 0.3485 0.3465 0.3465 0.3245 0.3245 0.3805 0.3805 0.3805 0.3835 0.3835 0.3975 0.3975 0.3505 0.3505 0.3965 0.3965 0.3965 0.3805 0.3805 0.394 0.394 0.4335 0.4335 0.4335 0.424 0.424 0.4125 0.4125 0.388 0.388 0.388 0.386 0.386 0.4715 0.4715 0.4615 0.4615 0.4615 0.4885 0.4885 0.489 0.489 0.4645 0.4645 0.4645 0.4435 0.4435 0.4835 0.4835 0.4715 0.4715 0.4915 0.4915 0.4915 0.491 0.491 0.4895 0.4895 0.4705 0.4705 0.4705 0.408 0.408 0.4385 0.4385 0.4611 0.4611 0.4611 0.428 0.428 0.438 0.438 0.4595 0.4595 0.4595 0.4955
0.3485 0.3485 0.3465 0.3465 0.3245 0.3245 0.3805 0.3805 0.3805 0.3835 0.3835 0.3975 0.3975 0.3505 0.3505 0.3965 0.3965 0.3965 0.3805 0.3805 0.394 0.394 0.4335 0.4335 0.4335 0.424 0.424 0.4125 0.4125 0.388 0.388 0.388 0.386 0.386 0.4715 0.4715 0.4615 0.4615 0.4615 0.4885 0.4885 0.489 0.489 0.4645 0.4645 0.4645 0.4435 0.4435 0.4835 0.4835 0.4715 0.4715 0.4915 0.4915 0.4915 0.491 0.491 0.4895 0.4895 0.4705 0.4705 0.4705 0.408 0.408 0.4385 0.4385 0.4611 0.4611 0.4611 0.428 0.428 0.438 0.438 0.4595 0.4595 0.4595 0.4955
0.3275 0.3275 0.3615 0.3615 0.36 0.36 0.3935 0.3935 0.3935 0.3625 0.3625 0.3505 0.3505 0.328 0.328 0.325 0.325 0.325 0.3845 0.3845 0.3995 0.3995 0.442 0.442 0.442 0.434 0.434 0.407 0.407 0.3965 0.3965 0.3965 0.44 0.44 0.4545 0.4545 0.49 0.49 0.49 0.497 0.497 0.486 0.486 0.486 0.486 0.486 0.476 0.476 0.4776 0.4776 0.4195 0.4195 0.4645 0.4645 0.4645 0.4825 0.4825 0.5415 0.5415 0.516 0.516 0.516 0.4611 0.4611 0.4716 0.4716 0.4776 0.4776 0.4776 0.4665 0.4665 0.4535 0.4535 0.448 0.448 0.448 0.4585
0.3275 0.3275 0.3615 0.3615 0.36 0.36 0.3935 0.3935 0.3935 0.3625 0.3625 0.3505 0.3505 0.328 0.328 0.325 0.325 0.325 0.3845 0.3845 0.3995 0.3995 0.442 0.442 0.442 0.434 0.434 0.407 0.407 0.3965 0.3965 0.3965 0.44 0.44 0.4545 0.4545 0.49 0.49 0.49 0.497 0.497 0.486 0.486 0.486 0.486 0.486 0.476 0.476 0.4776 0.4776 0.4195 0.4195 0.4645 0.4645 0.4645 0.4825 0.4825 0.5415 0.5415 0.516 0.516 0.516 0.4611 0.4611 0.4716 0.4716 0.4776 0.4776 0.4776 0.4665 0.4665 0.4535 0.4535 0.448 0.448 0.448 0.4585
0.3275 0.3275 0.3615 0.3615 0.36 0.36 0.3935 0.3935 0.3935 0.3625 0.3625 0.3505 0.3505 0.328 0.328 0.325 0.325 0.325 0.3845 0.3845 0.3995 0.3995 0.442 0.442 0.442 0.434 0.434 0.407 0.407 0.3965 0.3965 0.3965 0.44 0.44 0.4545 0.4545 0.49 0.49 0.49 0.497 0.497 0.486 0.486 0.486 0.486 0.486 0.476 0.476 0.4776 0.4776 0.4195 0.4195 0.4645 0.4645 0.4645 0.4825 0.4825 0.5415 0.5415 0.516 0.516 0.516 0.4611 0.4611 0.4716 0.4716 0.4776 0.4776 0.4776 0.4665 0.4665 0.4535 0.4535 0.448 0.448 0.448 0.4585
