ndvi/NOAA-367.asc
ncols         252
nrows         154
xllcorner     -18.017974
yllcorner     13.481982
cellsize      0.035948
NODATA_value  -9999
[rows 0 to 33 of 154, columns 156 to 233 of 252]
0.08050001 0.086 0.086 0.086 0.088 0.088 0.0865 0.0865 0.084 0.084 0.0845 0.0845 0.0845 0.0865 0.0865 0.0855 0.0855 0.0845 0.0845 0.0845 0.08750001 0.08750001 0.089 0.089 0.087 0.087 0.087 0.0895 0.0895 0.0885 0.0885 0.087 0.087 0.087 0.0855 0.0855 0.083 0.083 0.0845 0.0845 0.0845 0.087 0.087 0.092 0.092 0.0925 0.0925 0.09 0.09 0.09 0.09 0.09 0.091 0.091 0.0905 0.0905 0.0905 0.09 0.09 0.091 0.091 0.0875 0.0875 0.0875 0.0875 0.0875 0.0825 0.0825 0.0845 0.0845 0.0845 0.083 0.083 0.079 0.079 0.07250001 0.07250001 0.07250001
0.08050001 0.086 0.086 0.086 0.088 0.088 0.0865 0.0865 0.084 0.084 0.0845 0.0845 0.0845 0.0865 0.0865 0.0855 0.0855 0.0845 0.0845 0.0845 0.08750001 0.08750001 0.089 0.089 0.087 0.087 0.087 0.0895 0.0895 0.0885 0.0885 0.087 0.087 0.087 0.0855 0.0855 0.083 0.083 0.0845 0.0845 0.0845 0.087 0.087 0.092 0.092 0.0925 0.0925 0.09 0.09 0.09 0.09 0.09 0.091 0.091 0.0905 0.0905 0.0905 0.09 0.09 0.091 0.091 0.0875 0.0875 0.0875 0.0875 0.0875 0.0825 0.0825 0.0845 0.0845 0.0845 0.083 0.083 0.079 0.079 0.07250001 0.07250001 0.07250001
0.082 0.0865 0.0865 0.0865 0.084 0.084 0.086 0.086 0.0895 0.0895 0.087 0.087 0.087 0.085 0.085 0.0845 0.0845 0.083 0.083 0.083 0.088 0.088 0.089 0.089 0.08849999 0.08849999 0.08849999 0.0925 0.0925 0.0935 0.0935 0.092 0.092 0.092 0.0965 0.0965 0.0995 0.0995 0.0995 0.0995 0.0995 0.106 0.106 0.105 0.105 0.101 0.101 0.0985 0.0985 0.0985 0.101 0.101 0.102 0.102 0.1015 0.1015 0.1015 0.102 0.102 0.09649999 0.09649999 0.092 0.092 0.092 0.0895 0.0895 0.0885 0.0885 0.08400001 0.08400001 0.08400001 0.0825 0.0825 0.07449999 0.07449999 0.073 0.073 0.073
0.082 0.0865 0.0865 0.0865 0.084 0.084 0.086 0.086 0.0895 0.0895 0.087 0.087 0.087 0.085 0.085 0.0845 0.0845 0.083 0.083 0.083 0.088 0.088 0.089 0.089 0.08849999 0.08849999 0.08849999 0.0925 0.0925 0.0935 0.0935 0.092 0.092 0.092 0.0965 0.0965 0.0995 0.0995 0.0995 0.0995 0.0995 0.106 0.106 0.105 0.105 0.101 0.101 0.0985 0.0985 0.0985 0.101 0.101 0.102 0.102 0.1015 0.1015 0.1015 0.102 0.102 0.09649999 0.09649999 0.092 0.092 0.092 0.0895 0.0895 0.0885 0.0885 0.08400001 0.08400001 0.08400001 0.0825 0.0825 0.07449999 0.07449999 0.073 0.073 0.073
0.082 0.0865 0.0865 0.0865 0.084 0.084 0.086 0.086 0.0895 0.0895 0.087 0.087 0.087 0.085 0.085 0.0845 0.0845 0.083 0.083 0.083 0.088 0.088 0.089 0.089 0.08849999 0.08849999 0.08849999 0.0925 0.0925 0.0935 0.0935 0.092 0.092 0.092 0.0965 0.0965 0.0995 0.0995 0.0995 0.0995 0.0995 0.106 0.106 0.105 0.105 0.101 0.101 0.0985 0.0985 0.0985 0.101 0.101 0.102 0.102 0.1015 0.1015 0.1015 0.102 0.102 0.09649999 0.09649999 0.092 0.092 0.092 0.0895 0.0895 0.0885 0.0885 0.08400001 0.08400001 0.08400001 0.0825 0.0825 0.07449999 0.07449999 0.073 0.073 0.073
0.0875 0.0895 0.0895 0.0895 0.086 0.086 0.08849999 0.08849999 0.08849999 0.08849999 0.0895 0.0895 0.0895 0.092 0.092 0.092 0.092 0.0935 0.0935 0.0935 0.09450001 0.09450001 0.0965 0.0965 0.0995 0.0995 0.0995 0.1015 0.1015 0.106 0.106 0.1065 0.1065 0.1065 0.105 0.105 0.107 0.107 0.109 0.109 0.109 0.1055 0.1055 0.104 0.104 0.099 0.099 0.0995 0.0995 0.0995 0.098 0.098 0.101 0.101 0.101 0.101 0.101 0.101 0.101 0.0935 0.0935 0.09450001 0.09450001 0.09450001 0.0905 0.0905 0.0905 0.0905 0.0855 0.0855 0.0855 0.0835 0.0835 0.08 0.08 0.07449999 0.07449999 0.07449999
0.0875 0.0895 0.0895 0.0895 0.086 0.086 0.08849999 0.08849999 0.08849999 0.08849999 0.0895 0.0895 0.0895 0.092 0.092 0.092 0.092 0.0935 0.0935 0.0935 0.09450001 0.09450001 0.0965 0.0965 0.0995 0.0995 0.0995 0.1015 0.1015 0.106 0.106 0.1065 0.1065 0.1065 0.105 0.105 0.107 0.107 0.109 0.109 0.109 0.1055 0.1055 0.104 0.104 0.099 0.099 0.0995 0.0995 0.0995 0.098 0.098 0.101 0.101 0.101 0.101 0.101 0.101 0.101 0.0935 0.0935 0.09450001 0.09450001 0.09450001 0.0905 0.0905 0.0905 0.0905 0.0855 0.0855 0.0855 0.0835 0.0835 0.08 0.08 0.07449999 0.07449999 0.07449999
0.087 0.092 0.092 0.092 0.09450001 0.09450001 0.096 0.096 0.0915 0.0915 0.093 0.093 0.093 0.094 0.094 0.1005 0.1005 0.102 0.102 0.102 0.09649999 0.09649999 0.1005 0.1005 0.1015 0.1015 0.1015 0.0995 0.0995 0.1035 0.1035 0.101 0.101 0.101 0.1015 0.1015 0.1035 0.1035 0.105 0.105 0.105 0.105 0.105 0.105 0.105 0.106 0.106 0.0995 0.0995 0.0995 0.098 0.098 0.09649999 0.09649999 0.0955 0.0955 0.0955 0.092 0.092 0.0925 0.0925 0.092 0.092 0.092 0.09 0.09 0.088 0.088 0.087 0.087 0.087 0.08499999 0.08499999 0.084 0.084 0.081 0.081 0.081
0.087 0.092 0.092 0.092 0.09450001 0.09450001 0.096 0.096 0.0915 0.0915 0.093 0.093 0.093 0.094 0.094 0.1005 0.1005 0.102 0.102 0.102 0.09649999 0.09649999 0.1005 0.1005 0.1015 0.1015 0.1015 0.0995 0.0995 0.1035 0.1035 0.101 0.101 0.101 0.1015 0.1015 0.1035 0.1035 0.105 0.105 0.105 0.105 0.105 0.105 0.105 0.106 0.106 0.0995 0.0995 0.0995 0.098 0.098 0.09649999 0.09649999 0.0955 0.0955 0.0955 0.092 0.092 0.0925 0.0925 0.092 0.092 0.092 0.09 0.09 0.088 0.088 0.087 0.087 0.087 0.08499999 0.08499999 0.084 0.084 0.081 0.081 0.081
0.095 0.089 0.089 0.089 0.0915 0.0915 0.09299999 0.09299999 0.096 0.096 0.089 0.089 0.089 0.0955 0.0955 0.098 0.098 0.1015 0.1015 0.1015 0.103 0.103 0.099 0.099 0.0965 0.0965 0.0965 0.096 0.096 0.097 0.097 0.098 0.098 0.098 0.096 0.096 0.095 0.095 0.088 0.088 0.088 0.094 0.094 0.094 0.094 0.1045 0.1045 0.1005 0.1005 0.1005 0.0955 0.0955 0.0905 0.0905 0.086 0.086 0.086 0.089 0.089 0.0925 0.0925 0.0895 0.0895 0.0895 0.0895 0.0895 0.087 0.087 0.084 0.084 0.084 0.0835 0.0835 0.0845 0.0845 0.0855 0.0855 0.0855
0.095 0.089 0.089 0.089 0.0915 0.0915 0.09299999 0.09299999 0.096 0.096 0.089 0.089 0.089 0.0955 0.0955 0.098 0.098 0.1015 0.1015 0.1015 0.103 0.103 0.099 0.099 0.0965 0.0965 0.0965 0.096 0.096 0.097 0.097 0.098 0.098 0.098 0.096 0.096 0.095 0.095 0.088 0.088 0.088 0.094 0.094 0.094 0.094 0.1045 0.1045 0.1005 0.1005 0.1005 0.0955 0.0955 0.0905 0.0905 0.086 0.086 0.086 0.089 0.089 0.0925 0.0925 0.0895 0.0895 0.0895 0.0895 0.0895 0.087 0.087 0.084 0.084 0.084 0.0835 0.0835 0.0845 0.0845 0.0855 0.0855 0.0855
0.0975 0.0915 0.0915 0.0915 0.09550001 0.09550001 0.097 0.097 0.0975 0.0975 0.0955 0.0955 0.0955 0.103 0.103 0.101 0.101 0.0995 0.0995 0.0995 0.099 0.099 0.103 0.103 0.1005 0.1005 0.1005 0.0975 0.0975 0.09550001 0.09550001 0.0935 0.0935 0.0935 0.0935 0.0935 0.09550001 0.09550001 0.087 0.087 0.087 0.0835 0.0835 0.0975 0.0975 0.1065 0.1065 0.0995 0.0995 0.0995 0.0935 0.0935 0.093 0.093 0.09 0.09 0.09 0.086 0.086 0.0885 0.0885 0.0835 0.0835 0.0835 0.079 0.079 0.081 0.081 0.083 0.083 0.083 0.0815 0.0815 0.081 0.081 0.0845 0.0845 0.0845
0.0975 0.0915 0.0915 0.0915 0.09550001 0.09550001 0.097 0.097 0.0975 0.0975 0.0955 0.0955 0.0955 0.103 0.103 0.101 0.101 0.0995 0.0995 0.0995 0.099 0.099 0.103 0.103 0.1005 0.1005 0.1005 0.0975 0.0975 0.09550001 0.09550001 0.0935 0.0935 0.0935 0.0935 0.0935 0.09550001 0.09550001 0.087 0.087 0.087 0.0835 0.0835 0.0975 0.0975 0.1065 0.1065 0.0995 0.0995 0.0995 0.0935 0.0935 0.093 0.093 0.09 0.09 0.09 0.086 0.086 0.0885 0.0885 0.0835 0.0835 0.0835 0.079 0.079 0.081 0.081 0.083 0.083 0.083 0.0815 0.0815 0.081 0.081 0.0845 0.0845 0.0845
0.0975 0.0915 0.0915 0.0915 0.09550001 0.09550001 0.097 0.097 0.0975 0.0975 0.0955 0.0955 0.0955 0.103 0.103 0.101 0.101 0.0995 0.0995 0.0995 0.099 0.099 0.103 0.103 0.1005 0.1005 0.1005 0.0975 0.0975 0.09550001 0.09550001 0.0935 0.0935 0.0935 0.0935 0.0935 0.09550001 0.09550001 0.087 0.087 0.087 0.0835 0.0835 0.0975 0.0975 0.1065 0.1065 0.0995 0.0995 0.0995 0.0935 0.0935 0.093 0.093 0.09 0.09 0.09 0.086 0.086 0.0885 0.0885 0.0835 0.0835 0.0835 0.079 0.079 0.081 0.081 0.083 0.083 0.083 0.0815 0.0815 0.081 0.081 0.0845 0.0845 0.0845
0.098 0.09100001 0.09100001 0.09100001 0.0995 0.0995 0.101 0.101 0.1065 0.1065 0.1025 0.1025 0.1025 0.1005 0.1005 0.1035 0.1035 0.09999999 0.09999999 0.09999999 0.092 0.092 0.0965 0.0965 0.094 0.094 0.094 0.09299999 0.09299999 0.09450001 0.09450001 0.0905 0.0905 0.0905 0.093 0.093 0.0955 0.0955 0.086 0.086 0.086 0.09 0.09 0.0935 0.0935 0.09649999 0.09649999 0.082 0.082 0.082 0.082 0.082 0.0915 0.0915 0.0895 0.0895 0.0895 0.082 0.082 0.0765 0.0765 0.076 0.076 0.076 0.07600001 0.07600001 0.0705 0.0705 0.0775 0.0775 0.0775 0.0745 0.0745 0.084 0.084 0.0875 0.0875 0.0875
0.098 0.09100001 0.09100001 0.09100001 0.0995 0.0995 0.101 0.101 0.1065 0.1065 0.1025 0.1025 0.1025 0.1005 0.1005 0.1035 0.1035 0.09999999 0.09999999 0.09999999 0.092 0.092 0.0965 0.0965 0.094 0.094 0.094 0.09299999 0.09299999 0.09450001 0.09450001 0.0905 0.0905 0.0905 0.093 0.093 0.0955 0.0955 0.086 0.086 0.086 0.09 0.09 0.0935 0.0935 0.09649999 0.09649999 0.082 0.082 0.082 0.082 0.082 0.0915 0.0915 0.0895 0.0895 0.0895 0.082 0.082 0.0765 0.0765 0.076 0.076 0.076 0.07600001 0.07600001 0.0705 0.0705 0.0775 0.0775 0.0775 0.0745 0.0745 0.084 0.084 0.0875 0.0875 0.0875
0.097 0.0955 0.0955 0.0955 0.097 0.097 0.094 0.094 0.097 0.097 0.0985 0.0985 0.0985 0.1055 0.1055 0.1045 0.1045 0.096 0.096 0.096 0.091 0.091 0.0895 0.0895 0.0925 0.0925 0.0925 0.09100001 0.09100001 0.081 0.081 0.0845 0.0845 0.0845 0.082 0.082 0.0725 0.0725 0.07600001 0.07600001 0.07600001 0.0785 0.0785 0.06 0.06 0.053 0.053 0.0655 0.0655 0.0655 0.084 0.084 0.0835 0.0835 0.08 0.08 0.08 0.07700001 0.07700001 0.078 0.078 0.0795 0.0795 0.0795 0.079 0.079 0.0735 0.0735 0.076 0.076 0.076 0.0775 0.0775 0.0865 0.0865 0.0825 0.0825 0.0825
0.097 0.0955 0.0955 0.0955 0.097 0.097 0.094 0.094 0.097 0.097 0.0985 0.0985 0.0985 0.1055 0.1055 0.1045 0.1045 0.096 0.096 0.096 0.091 0.091 0.0895 0.0895 0.0925 0.0925 0.0925 0.09100001 0.09100001 0.081 0.081 0.0845 0.0845 0.0845 0.082 0.082 0.0725 0.0725 0.07600001 0.07600001 0.07600001 0.0785 0.0785 0.06 0.06 0.053 0.053 0.0655 0.0655 0.0655 0.084 0.084 0.0835 0.0835 0.08 0.08 0.08 0.07700001 0.07700001 0.078 0.078 0.0795 0.0795 0.0795 0.079 0.079 0.0735 0.0735 0.076 0.076 0.076 0.0775 0.0775 0.0865 0.0865 0.0825 0.0825 0.0825
0.1035 0.0915 0.0915 0.0915 0.085 0.085 0.0785 0.0785 0.091 0.091 0.0895 0.0895 0.0895 0.092 0.092 0.08750001 0.08750001 0.0945 0.0945 0.0945 0.086 0.086 0.0825 0.0825 0.0835 0.0835 0.0835 0.07799999 0.07799999 0.068 0.068 0.0685 0.0685 0.0685 0.0665 0.0665 0.07600001 0.07600001 0.0765 0.0765 0.0765 0.0845 0.0845 0.085 0.085 0.0855 0.0855 0.0835 0.0835 0.0835 0.082 0.082 0.0785 0.0785 0.0775 0.0775 0.0775 0.075 0.075 0.078 0.078 0.0765 0.0765 0.0765 0.0775 0.0775 0.0765 0.0765 0.0755 0.0755 0.0755 0.076 0.076 0.083 0.083 0.085 0.085 0.085
0.1035 0.0915 0.0915 0.0915 0.085 0.085 0.0785 0.0785 0.091 0.091 0.0895 0.0895 0.0895 0.092 0.092 0.08750001 0.08750001 0.0945 0.0945 0.0945 0.086 0.086 0.0825 0.0825 0.0835 0.0835 0.0835 0.07799999 0.07799999 0.068 0.068 0.0685 0.0685 0.0685 0.0665 0.0665 0.07600001 0.07600001 0.0765 0.0765 0.0765 0.0845 0.0845 0.085 0.085 0.0855 0.0855 0.0835 0.0835 0.0835 0.082 0.082 0.0785 0.0785 0.0775 0.0775 0.0775 0.075 0.075 0.078 0.078 0.0765 0.0765 0.0765 0.0775 0.0775 0.0765 0.0765 0.0755 0.0755 0.0755 0.076 0.076 0.083 0.083 0.085 0.085 0.085
0.1035 0.0915 0.0915 0.0915 0.085 0.085 0.0785 0.0785 0.091 0.091 0.0895 0.0895 0.0895 0.092 0.092 0.08750001 0.08750001 0.0945 0.0945 0.0945 0.086 0.086 0.0825 0.0825 0.0835 0.0835 0.0835 0.07799999 0.07799999 0.068 0.068 0.0685 0.0685 0.0685 0.0665 0.0665 0.07600001 0.07600001 0.0765 0.0765 0.0765 0.0845 0.0845 0.085 0.085 0.0855 0.0855 0.0835 0.0835 0.0835 0.082 0.082 0.0785 0.0785 0.0775 0.0775 0.0775 0.075 0.075 0.078 0.078 0.0765 0.0765 0.0765 0.0775 0.0775 0.0765 0.0765 0.0755 0.0755 0.0755 0.076 0.076 0.083 0.083 0.085 0.085 0.085
0.101 0.0935 0.0935 0.0935 0.0875 0.0875 0.08149999 0.08149999 0.087 0.087 0.088 0.088 0.088 0.102 0.102 0.098 0.098 0.0995 0.0995 0.0995 0.089 0.089 0.092 0.092 0.0845 0.0845 0.0845 0.079 0.079 0.072 0.072 0.085 0.085 0.085 0.101 0.101 0.09299999 0.09299999 0.08849999 0.08849999 0.08849999 0.0845 0.0845 0.08400001 0.08400001 0.0855 0.0855 0.0795 0.0795 0.0795 0.0785 0.0785 0.08 0.08 0.078 0.078 0.078 0.0755 0.0755 0.08 0.08 0.076 0.076 0.076 0.077 0.077 0.0775 0.0775 0.079 0.079 0.079 0.0775 0.0775 0.07799999 0.07799999 0.071 0.071 0.071
0.101 0.0935 0.0935 0.0935 0.0875 0.0875 0.08149999 0.08149999 0.087 0.087 0.088 0.088 0.088 0.102 0.102 0.098 0.098 0.0995 0.0995 0.0995 0.089 0.089 0.092 0.092 0.0845 0.0845 0.0845 0.079 0.079 0.072 0.072 0.085 0.085 0.085 0.101 0.101 0.09299999 0.09299999 0.08849999 0.08849999 0.08849999 0.0845 0.0845 0.08400001 0.08400001 0.0855 0.0855 0.0795 0.0795 0.0795 0.0785 0.0785 0.08 0.08 0.078 0.078 0.078 0.0755 0.0755 0.08 0.08 0.076 0.076 0.076 0.077 0.077 0.0775 0.0775 0.079 0.079 0.079 0.0775 0.0775 0.07799999 0.07799999 0.071 0.071 0.071
0.1045 0.099 0.099 0.099 0.1015 0.1015 0.1015 0.1015 0.1055 0.1055 0.09100001 0.09100001 0.09100001 0.094 0.094 0.097 0.097 0.1055 0.1055 0.1055 0.1055 0.1055 0.11 0.11 0.1055 0.1055 0.1055 0.1005 0.1005 0.0995 0.0995 0.108 0.108 0.108 0.1025 0.1025 0.089 0.089 0.0855 0.0855 0.0855 0.085 0.085 0.082 0.082 0.083 0.083 0.0785 0.0785 0.0785 0.0765 0.0765 0.0765 0.0765 0.0775 0.0775 0.0775 0.0795 0.0795 0.08 0.08 0.08 0.08 0.08 0.0765 0.0765 0.0825 0.0825 0.076 0.076 0.076 0.0775 0.0775 0.0755 0.0755 0.068 0.068 0.068
0.1045 0.099 0.099 0.099 0.1015 0.1015 0.1015 0.1015 0.1055 0.1055 0.09100001 0.09100001 0.09100001 0.094 0.094 0.097 0.097 0.1055 0.1055 0.1055 0.1055 0.1055 0.11 0.11 0.1055 0.1055 0.1055 0.1005 0.1005 0.0995 0.0995 0.108 0.108 0.108 0.1025 0.1025 0.089 0.089 0.0855 0.0855 0.0855 0.085 0.085 0.082 0.082 0.083 0.083 0.0785 0.0785 0.0785 0.0765 0.0765 0.0765 0.0765 0.0775 0.0775 0.0775 0.0795 0.0795 0.08 0.08 0.08 0.08 0.08 0.0765 0.0765 0.0825 0.0825 0.076 0.076 0.076 0.0775 0.0775 0.0755 0.0755 0.068 0.068 0.068
0.092 0.0995 0.0995 0.0995 0.09 0.09 0.1 0.1 0.118 0.118 0.108 0.108 0.108 0.106 0.106 0.1065 0.1065 0.1055 0.1055 0.1055 0.112 0.112 0.106 0.106 0.1055 0.1055 0.1055 0.1085 0.1085 0.1145 0.1145 0.109 0.109 0.109 0.1025 0.1025 0.0895 0.0895 0.086 0.086 0.086 0.081 0.081 0.087 0.087 0.082 0.082 0.0825 0.0825 0.0825 0.0785 0.0785 0.075 0.075 0.0775 0.0775 0.0775 0.081 0.081 0.081 0.081 0.08 0.08 0.08 0.0825 0.0825 0.078 0.078 0.0745 0.0745 0.0745 0.0725 0.0725 0.0785 0.0785 0.076 0.076 0.076
0.092 0.0995 0.0995 0.0995 0.09 0.09 0.1 0.1 0.118 0.118 0.108 0.108 0.108 0.106 0.106 0.1065 0.1065 0.1055 0.1055 0.1055 0.112 0.112 0.106 0.106 0.1055 0.1055 0.1055 0.1085 0.1085 0.1145 0.1145 0.109 0.109 0.109 0.1025 0.1025 0.0895 0.0895 0.086 0.086 0.086 0.081 0.081 0.087 0.087 0.082 0.082 0.0825 0.0825 0.0825 0.0785 0.0785 0.075 0.075 0.0775 0.0775 0.0775 0.081 0.081 0.081 0.081 0.08 0.08 0.08 0.0825 0.0825 0.078 0.078 0.0745 0.0745 0.0745 0.0725 0.0725 0.0785 0.0785 0.076 0.076 0.076
0.092 0.0995 0.0995 0.0995 0.09 0.09 0.1 0.1 0.118 0.118 0.108 0.108 0.108 0.106 0.106 0.1065 0.1065 0.1055 0.1055 0.1055 0.112 0.112 0.106 0.106 0.1055 0.1055 0.1055 0.1085 0.1085 0.1145 0.1145 0.109 0.109 0.109 0.1025 0.1025 0.0895 0.0895 0.086 0.086 0.086 0.081 0.081 0.087 0.087 0.082 0.082 0.0825 0.0825 0.0825 0.0785 0.0785 0.075 0.075 0.0775 0.0775 0.0775 0.081 0.081 0.081 0.081 0.08 0.08 0.08 0.0825 0.0825 0.078 0.078 0.0745 0.0745 0.0745 0.0725 0.0725 0.0785 0.0785 0.076 0.076 0.076
0.0935 0.1185 0.1185 0.1185 0.0945 0.0945 0.055 0.055 0.109 0.109 0.1175 0.1175 0.1175 0.094 0.094 0.112 0.112 0.0985 0.0985 0.0985 0.104 0.104 0.1015 0.1015 0.1075 0.1075 0.1075 0.114 0.114 0.114 0.114 0.1 0.1 0.1 0.0975 0.0975 0.09450001 0.09450001 0.0865 0.0865 0.0865 0.086 0.086 0.085 0.085 0.085 0.085 0.0855 0.0855 0.0855 0.082 0.082 0.08 0.08 0.08149999 0.08149999 0.08149999 0.0815 0.0815 0.0915 0.0915 0.087 0.087 0.087 0.085 0.085 0.0855 0.0855 0.086 0.086 0.086 0.0905 0.0905 0.0795 0.0795 0.0795 0.0795 0.0795
0.0935 0.1185 0.1185 0.1185 0.0945 0.0945 0.055 0.055 0.109 0.109 0.1175 0.1175 0.1175 0.094 0.094 0.112 0.112 0.0985 0.0985 0.0985 0.104 0.104 0.1015 0.1015 0.1075 0.1075 0.1075 0.114 0.114 0.114 0.114 0.1 0.1 0.1 0.0975 0.0975 0.09450001 0.09450001 0.0865 0.0865 0.0865 0.086 0.086 0.085 0.085 0.085 0.085 0.0855 0.0855 0.0855 0.082 0.082 0.08 0.08 0.08149999 0.08149999 0.08149999 0.0815 0.0815 0.0915 0.0915 0.087 0.087 0.087 0.085 0.085 0.0855 0.0855 0.086 0.086 0.086 0.0905 0.0905 0.0795 0.0795 0.0795 0.0795 0.0795
0.0995 0.116 0.116 0.116 0.119 0.119 0.081 0.081 0.1105 0.1105 0.106 0.106 0.106 0.116 0.116 0.0965 0.0965 0.108 0.108 0.108 0.1055 0.1055 0.1055 0.1055 0.1025 0.1025 0.1025 0.1085 0.1085 0.104 0.104 0.1 0.1 0.1 0.096 0.096 0.09 0.09 0.0895 0.0895 0.0895 0.0895 0.0895 0.092 0.092 0.089 0.089 0.0905 0.0905 0.0905 0.0865 0.0865 0.0815 0.0815 0.0855 0.0855 0.0855 0.0895 0.0895 0.0915 0.0915 0.09299999 0.09299999 0.09299999 0.099 0.099 0.0955 0.0955 0.085 0.085 0.085 0.0815 0.0815 0.082 0.082 0.083 0.083 0.083
0.0995 0.116 0.116 0.116 0.119 0.119 0.081 0.081 0.1105 0.1105 0.106 0.106 0.106 0.116 0.116 0.0965 0.0965 0.108 0.108 0.108 0.1055 0.1055 0.1055 0.1055 0.1025 0.1025 0.1025 0.1085 0.1085 0.104 0.104 0.1 0.1 0.1 0.096 0.096 0.09 0.09 0.0895 0.0895 0.0895 0.0895 0.0895 0.092 0.092 0.089 0.089 0.0905 0.0905 0.0905 0.0865 0.0865 0.0815 0.0815 0.0855 0.0855 0.0855 0.0895 0.0895 0.0915 0.0915 0.09299999 0.09299999 0.09299999 0.099 0.099 0.0955 0.0955 0.085 0.085 0.085 0.0815 0.0815 0.082 0.082 0.083 0.083 0.083
0.092 0.0935 0.0935 0.0935 0.0975 0.0975 0.099 0.099 0.09299999 0.09299999 0.085 0.085 0.085 0.1005 0.1005 0.097 0.097 0.0885 0.0885 0.0885 0.1 0.1 0.104 0.104 0.107 0.107 0.107 0.1115 0.1115 0.105 0.105 0.111 0.111 0.111 0.1025 0.1025 0.118 0.118 0.1045 0.1045 0.1045 0.103 0.103 0.1025 0.1025 0.1015 0.1015 0.1015 0.1015 0.1015 0.098 0.098 0.087 0.087 0.089 0.089 0.089 0.09450001 0.09450001 0.0975 0.0975 0.1005 0.1005 0.1005 0.096 0.096 0.095 0.095 0.097 0.097 0.097 0.09550001 0.09550001 0.0915 0.0915 0.088 0.088 0.088
0.092 0.0935 0.0935 0.0935 0.0975 0.0975 0.099 0.099 0.09299999 0.09299999 0.085 0.085 0.085 0.1005 0.1005 0.097 0.097 0.0885 0.0885 0.0885 0.1 0.1 0.104 0.104 0.107 0.107 0.107 0.1115 0.1115 0.105 0.105 0.111 0.111 0.111 0.1025 0.1025 0.118 0.118 0.1045 0.1045 0.1045 0.103 0.103 0.1025 0.1025 0.1015 0.1015 0.1015 0.1015 0.1015 0.098 0.098 0.087 0.087 0.089 0.089 0.089 0.09450001 0.09450001 0.0975 0.0975 0.1005 0.1005 0.1005 0.096 0.096 0.095 0.095 0.097 0.097 0.097 0.09550001 0.09550001 0.0915 0.0915 0.088 0.088 0.088
