ndvi/NOAA-36.asc
ncols         252
nrows         154
xllcorner     -18.017974
yllcorner     13.481982
cellsize      0.035948
NODATA_value  -9999
[rows 102 to 135 of 154, columns 77 to 153 of 252]
0.214 0.214 0.217 0.217 0.238 0.238 0.239 0.239 0.239 0.2505 0.2505 0.2175 0.2175 0.2305 0.2305 0.2265 0.2265 0.2265 0.229 0.229 0.22 0.22 0.233 0.233 0.233 0.213 0.213 0.2365 0.2365 0.2455 0.2455 0.2455 0.2495 0.2495 0.268 0.268 0.2755 0.2755 0.2755 0.268 0.268 0.283 0.283 0.302 0.302 0.302 0.31 0.31 0.29 0.29 0.284 0.284 0.2845 0.2845 0.2845 0.2705 0.2705 0.2485 0.2485 0.238 0.238 0.238 0.252 0.252 0.2685 0.2685 0.2765 0.2765 0.2765 0.2755 0.2755 0.25 0.25 0.2455 0.2455 0.2455 0.2275
0.234 0.234 0.239 0.239 0.248 0.248 0.245 0.245 0.245 0.2425 0.2425 0.247 0.247 0.246 0.246 0.2425 0.2425 0.2425 0.225 0.225 0.218 0.218 0.2225 0.2225 0.2225 0.2455 0.2455 0.2285 0.2285 0.241 0.241 0.241 0.259 0.259 0.2755 0.2755 0.2895 0.2895 0.2895 0.281 0.281 0.293 0.293 0.305 0.305 0.305 0.2915 0.2915 0.2705 0.2705 0.2795 0.2795 0.2935 0.2935 0.2935 0.2745 0.2745 0.2675 0.2675 0.258 0.258 0.258 0.259 0.259 0.273 0.273 0.261 0.261 0.261 0.254 0.254 0.248 0.248 0.2515 0.2515 0.2515 0.2145
0.234 0.234 0.239 0.239 0.248 0.248 0.245 0.245 0.245 0.2425 0.2425 0.247 0.247 0.246 0.246 0.2425 0.2425 0.2425 0.225 0.225 0.218 0.218 0.2225 0.2225 0.2225 0.2455 0.2455 0.2285 0.2285 0.241 0.241 0.241 0.259 0.259 0.2755 0.2755 0.2895 0.2895 0.2895 0.281 0.281 0.293 0.293 0.305 0.305 0.305 0.2915 0.2915 0.2705 0.2705 0.2795 0.2795 0.2935 0.2935 0.2935 0.2745 0.2745 0.2675 0.2675 0.258 0.258 0.258 0.259 0.259 0.273 0.273 0.261 0.261 0.261 0.254 0.254 0.248 0.248 0.2515 0.2515 0.2515 0.2145
0.234 0.234 0.239 0.239 0.248 0.248 0.245 0.245 0.245 0.2425 0.2425 0.247 0.247 0.246 0.246 0.2425 0.2425 0.2425 0.225 0.225 0.218 0.218 0.2225 0.2225 0.2225 0.2455 0.2455 0.2285 0.2285 0.241 0.241 0.241 0.259 0.259 0.2755 0.2755 0.2895 0.2895 0.2895 0.281 0.281 0.293 0.293 0.305 0.305 0.305 0.2915 0.2915 0.2705 0.2705 0.2795 0.2795 0.2935 0.2935 0.2935 0.2745 0.2745 0.2675 0.2675 0.258 0.258 0.258 0.259 0.259 0.273 0.273 0.261 0.261 0.261 0.254 0.254 0.248 0.248 0.2515 0.2515 0.2515 0.2145
0.2325 0.2325 0.2315 0.2315 0.253 0.253 0.256 0.256 0.256 0.2525 0.2525 0.252 0.252 0.2445 0.2445 0.2385 0.2385 0.2385 0.23 0.23 0.237 0.237 0.241 0.241 0.241 0.277 0.277 0.277 0.277 0.265 0.265 0.265 0.284 0.284 0.2705 0.2705 0.2765 0.2765 0.2765 0.2525 0.2525 0.2665 0.2665 0.2855 0.2855 0.2855 0.2775 0.2775 0.288 0.288 0.288 0.288 0.2815 0.2815 0.2815 0.296 0.296 0.28 0.28 0.2905 0.2905 0.2905 0.262 0.262 0.272 0.272 0.291 0.291 0.291 0.243 0.243 0.23 0.23 0.219 0.219 0.219 0.2205
0.2325 0.2325 0.2315 0.2315 0.253 0.253 0.256 0.256 0.256 0.2525 0.2525 0.252 0.252 0.2445 0.2445 0.2385 0.2385 0.2385 0.23 0.23 0.237 0.237 0.241 0.241 0.241 0.277 0.277 0.277 0.277 0.265 0.265 0.265 0.284 0.284 0.2705 0.2705 0.2765 0.2765 0.2765 0.2525 0.2525 0.2665 0.2665 0.2855 0.2855 0.2855 0.2775 0.2775 0.288 0.288 0.288 0.288 0.2815 0.2815 0.2815 0.296 0.296 0.28 0.28 0.2905 0.2905 0.2905 0.262 0.262 0.272 0.272 0.291 0.291 0.291 0.243 0.243 0.23 0.23 0.219 0.219 0.219 0.2205
0.247 0.247 0.2425 0.2425 0.266 0.266 0.2565 0.2565 0.2565 0.2665 0.2665 0.2665 0.2665 0.2605 0.2605 0.246 0.246 0.246 0.2735 0.2735 0.29 0.29 0.284 0.284 0.284 0.2905 0.2905 0.2975 0.2975 0.2745 0.2745 0.2745 0.286 0.286 0.264 0.264 0.2585 0.2585 0.2585 0.2545 0.2545 0.264 0.264 0.257 0.257 0.257 0.2665 0.2665 0.291 0.291 0.297 0.297 0.306 0.306 0.306 0.3075 0.3075 0.2905 0.2905 0.296 0.296 0.296 0.2865 0.2865 0.2835 0.2835 0.2935 0.2935 0.2935 0.26 0.26 0.249 0.249 0.2155 0.2155 0.2155 0.2585
0.247 0.247 0.2425 0.2425 0.266 0.266 0.2565 0.2565 0.2565 0.2665 0.2665 0.2665 0.2665 0.2605 0.2605 0.246 0.246 0.246 0.2735 0.2735 0.29 0.29 0.284 0.284 0.284 0.2905 0.2905 0.2975 0.2975 0.2745 0.2745 0.2745 0.286 0.286 0.264 0.264 0.2585 0.2585 0.2585 0.2545 0.2545 0.264 0.264 0.257 0.257 0.257 0.2665 0.2665 0.291 0.291 0.297 0.297 0.306 0.306 0.306 0.3075 0.3075 0.2905 0.2905 0.296 0.296 0.296 0.2865 0.2865 0.2835 0.2835 0.2935 0.2935 0.2935 0.26 0.26 0.249 0.249 0.2155 0.2155 0.2155 0.2585
0.257 0.257 0.265 0.265 0.2615 0.2615 0.2455 0.2455 0.2455 0.2665 0.2665 0.281 0.281 0.2995 0.2995 0.2775 0.2775 0.2775 0.2755 0.2755 0.2855 0.2855 0.2915 0.2915 0.2915 0.2805 0.2805 0.2935 0.2935 0.298 0.298 0.298 0.2985 0.2985 0.2815 0.2815 0.272 0.272 0.272 0.264 0.264 0.272 0.272 0.2675 0.2675 0.2675 0.2745 0.2745 0.2955 0.2955 0.3085 0.3085 0.318 0.318 0.318 0.316 0.316 0.308 0.308 0.3005 0.3005 0.3005 0.302 0.302 0.2995 0.2995 0.28 0.28 0.28 0.267 0.267 0.26 0.26 0.231 0.231 0.231 0.226
0.257 0.257 0.265 0.265 0.2615 0.2615 0.2455 0.2455 0.2455 0.2665 0.2665 0.281 0.281 0.2995 0.2995 0.2775 0.2775 0.2775 0.2755 0.2755 0.2855 0.2855 0.2915 0.2915 0.2915 0.2805 0.2805 0.2935 0.2935 0.298 0.298 0.298 0.2985 0.2985 0.2815 0.2815 0.272 0.272 0.272 0.264 0.264 0.272 0.272 0.2675 0.2675 0.2675 0.2745 0.2745 0.2955 0.2955 0.3085 0.3085 0.318 0.318 0.318 0.316 0.316 0.308 0.308 0.3005 0.3005 0.3005 0.302 0.302 0.2995 0.2995 0.28 0.28 0.28 0.267 0.267 0.26 0.26 0.231 0.231 0.231 0.226
0.257 0.257 0.265 0.265 0.2615 0.2615 0.2455 0.2455 0.2455 0.2665 0.2665 0.281 0.281 0.2995 0.2995 0.2775 0.2775 0.2775 0.2755 0.2755 0.2855 0.2855 0.2915 0.2915 0.2915 0.2805 0.2805 0.2935 0.2935 0.298 0.298 0.298 0.2985 0.2985 0.2815 0.2815 0.272 0.272 0.272 0.264 0.264 0.272 0.272 0.2675 0.2675 0.2675 0.2745 0.2745 0.2955 0.2955 0.3085 0.3085 0.318 0.318 0.318 0.316 0.316 0.308 0.308 0.3005 0.3005 0.3005 0.302 0.302 0.2995 0.2995 0.28 0.28 0.28 0.267 0.267 0.26 0.26 0.231 0.231 0.231 0.226
0.257 0.257 0.266 0.266 0.284 0.284 0.311 0.311 0.311 0.301 0.301 0.2865 0.2865 0.28 0.28 0.2775 0.2775 0.2775 0.279 0.279 0.271 0.271 0.2735 0.2735 0.2735 0.2625 0.2625 0.288 0.288 0.309 0.309 0.309 0.31 0.31 0.2855 0.2855 0.2975 0.2975 0.2975 0.296 0.296 0.295 0.295 0.3015 0.3015 0.3015 0.2945 0.2945 0.32 0.32 0.3175 0.3175 0.3055 0.3055 0.3055 0.293 0.293 0.2805 0.2805 0.286 0.286 0.286 0.302 0.302 0.28 0.28 0.279 0.279 0.279 0.2685 0.2685 0.2785 0.2785 0.2555 0.2555 0.2555 0.1915
0.257 0.257 0.266 0.266 0.284 0.284 0.311 0.311 0.311 0.301 0.301 0.2865 0.2865 0.28 0.28 0.2775 0.2775 0.2775 0.279 0.279 0.271 0.271 0.2735 0.2735 0.2735 0.2625 0.2625 0.288 0.288 0.309 0.309 0.309 0.31 0.31 0.2855 0.2855 0.2975 0.2975 0.2975 0.296 0.296 0.295 0.295 0.3015 0.3015 0.3015 0.2945 0.2945 0.32 0.32 0.3175 0.3175 0.3055 0.3055 0.3055 0.293 0.293 0.2805 0.2805 0.286 0.286 0.286 0.302 0.302 0.28 0.28 0.279 0.279 0.279 0.2685 0.2685 0.2785 0.2785 0.2555 0.2555 0.2555 0.1915
0.284 0.284 0.2745 0.2745 0.2545 0.2545 0.2915 0.2915 0.2915 0.283 0.283 0.2685 0.2685 0.2775 0.2775 0.269 0.269 0.269 0.2645 0.2645 0.25 0.25 0.265 0.265 0.265 0.28 0.28 0.2785 0.2785 0.2755 0.2755 0.2755 0.2875 0.2875 0.282 0.282 0.29 0.29 0.29 0.2795 0.2795 0.2875 0.2875 0.2995 0.2995 0.2995 0.291 0.291 0.308 0.308 0.332 0.332 0.3115 0.3115 0.3115 0.2945 0.2945 0.2925 0.2925 0.303 0.303 0.303 0.305 0.305 0.273 0.273 0.298 0.298 0.298 0.2975 0.2975 0.282 0.282 0.261 0.261 0.261 0.239
0.284 0.284 0.2745 0.2745 0.2545 0.2545 0.2915 0.2915 0.2915 0.283 0.283 0.2685 0.2685 0.2775 0.2775 0.269 0.269 0.269 0.2645 0.2645 0.25 0.25 0.265 0.265 0.265 0.28 0.28 0.2785 0.2785 0.2755 0.2755 0.2755 0.2875 0.2875 0.282 0.282 0.29 0.29 0.29 0.2795 0.2795 0.2875 0.2875 0.2995 0.2995 0.2995 0.291 0.291 0.308 0.308 0.332 0.332 0.3115 0.3115 0.3115 0.2945 0.2945 0.2925 0.2925 0.303 0.303 0.303 0.305 0.305 0.273 0.273 0.298 0.298 0.298 0.2975 0.2975 0.282 0.282 0.261 0.261 0.261 0.239
0.261 0.261 0.262 0.262 0.233 0.233 0.266 0.266 0.266 0.2715 0.2715 0.27 0.27 0.2795 0.2795 0.285 0.285 0.285 0.275 0.275 0.2595 0.2595 0.2485 0.2485 0.2485 0.2785 0.2785 0.261 0.261 0.265 0.265 0.265 0.2835 0.2835 0.287 0.287 0.292 0.292 0.292 0.2895 0.2895 0.306 0.306 0.311 0.311 0.311 0.294 0.294 0.2985 0.2985 0.2965 0.2965 0.3145 0.3145 0.3145 0.3095 0.3095 0.3045 0.3045 0.3065 0.3065 0.3065 0.3165 0.3165 0.2975 0.2975 0.289 0.289 0.289 0.295 0.295 0.272 0.272 0.2585 0.2585 0.2585 0.257
0.261 0.261 0.262 0.262 0.233 0.233 0.266 0.266 0.266 0.2715 0.2715 0.27 0.27 0.2795 0.2795 0.285 0.285 0.285 0.275 0.275 0.2595 0.2595 0.2485 0.2485 0.2485 0.2785 0.2785 0.261 0.261 0.265 0.265 0.265 0.2835 0.2835 0.287 0.287 0.292 0.292 0.292 0.2895 0.2895 0.306 0.306 0.311 0.311 0.311 0.294 0.294 0.2985 0.2985 0.2965 0.2965 0.3145 0.3145 0.3145 0.3095 0.3095 0.3045 0.3045 0.3065 0.3065 0.3065 0.3165 0.3165 0.2975 0.2975 0.289 0.289 0.289 0.295 0.295 0.272 0.272 0.2585 0.2585 0.2585 0.257
0.261 0.261 0.262 0.262 0.233 0.233 0.266 0.266 0.266 0.2715 0.2715 0.27 0.27 0.2795 0.2795 0.285 0.285 0.285 0.275 0.275 0.2595 0.2595 0.2485 0.2485 0.2485 0.2785 0.2785 0.261 0.261 0.265 0.265 0.265 0.2835 0.2835 0.287 0.287 0.292 0.292 0.292 0.2895 0.2895 0.306 0.306 0.311 0.311 0.311 0.294 0.294 0.2985 0.2985 0.2965 0.2965 0.3145 0.3145 0.3145 0.3095 0.3095 0.3045 0.3045 0.3065 0.3065 0.3065 0.3165 0.3165 0.2975 0.2975 0.289 0.289 0.289 0.295 0.295 0.272 0.272 0.2585 0.2585 0.2585 0.257
0.281 0.281 0.2595 0.2595 0.248 0.248 0.254 0.254 0.254 0.2605 0.2605 0.2625 0.2625 0.2665 0.2665 0.257 0.257 0.257 0.257 0.257 0.2545 0.2545 0.2625 0.2625 0.2625 0.2555 0.2555 0.2705 0.2705 0.2765 0.2765 0.2765 0.29 0.29 0.2965 0.2965 0.309 0.309 0.309 0.3075 0.3075 0.3045 0.3045 0.3185 0.3185 0.3185 0.312 0.312 0.3035 0.3035 0.3015 0.3015 0.298 0.298 0.298 0.3 0.3 0.3035 0.3035 0.31 0.31 0.31 0.3215 0.3215 0.295 0.295 0.288 0.288 0.288 0.2855 0.2855 0.25 0.25 0.2375 0.2375 0.2375 0.251
0.281 0.281 0.2595 0.2595 0.248 0.248 0.254 0.254 0.254 0.2605 0.2605 0.2625 0.2625 0.2665 0.2665 0.257 0.257 0.257 0.257 0.257 0.2545 0.2545 0.2625 0.2625 0.2625 0.2555 0.2555 0.2705 0.2705 0.2765 0.2765 0.2765 0.29 0.29 0.2965 0.2965 0.309 0.309 0.309 0.3075 0.3075 0.3045 0.3045 0.3185 0.3185 0.3185 0.312 0.312 0.3035 0.3035 0.3015 0.3015 0.298 0.298 0.298 0.3 0.3 0.3035 0.3035 0.31 0.31 0.31 0.3215 0.3215 0.295 0.295 0.288 0.288 0.288 0.2855 0.2855 0.25 0.25 0.2375 0.2375 0.2375 0.251
0.2835 0.2835 0.2635 0.2635 0.2685 0.2685 0.247 0.247 0.247 0.2715 0.2715 0.2575 0.2575 0.243 0.243 0.2395 0.2395 0.2395 0.251 0.251 0.267 0.267 0.266 0.266 0.266 0.2785 0.2785 0.292 0.292 0.308 0.308 0.308 0.306 0.306 0.3015 0.3015 0.301 0.301 0.301 0.3075 0.3075 0.3045 0.3045 0.3045 0.3045 0.3045 0.3215 0.3215 0.314 0.314 0.3005 0.3005 0.3125 0.3125 0.3125 0.282 0.282 0.2855 0.2855 0.3065 0.3065 0.3065 0.3245 0.3245 0.308 0.308 0.291 0.291 0.291 0.2795 0.2795 0.2495 0.2495 0.231 0.231 0.231 0.265
0.2835 0.2835 0.2635 0.2635 0.2685 0.2685 0.247 0.247 0.247 0.2715 0.2715 0.2575 0.2575 0.243 0.243 0.2395 0.2395 0.2395 0.251 0.251 0.267 0.267 0.266 0.266 0.266 0.2785 0.2785 0.292 0.292 0.308 0.308 0.308 0.306 0.306 0.3015 0.3015 0.301 0.301 0.301 0.3075 0.3075 0.3045 0.3045 0.3045 0.3045 0.3045 0.3215 0.3215 0.314 0.314 0.3005 0.3005 0.3125 0.3125 0.3125 0.282 0.282 0.2855 0.2855 0.3065 0.3065 0.3065 0.3245 0.3245 0.308 0.308 0.291 0.291 0.291 0.2795 0.2795 0.2495 0.2495 0.231 0.231 0.231 0.265
0.2895 0.2895 0.2565 0.2565 0.244 0.244 0.238 0.238 0.238 0.2365 0.2365 0.264 0.264 0.255 0.255 0.2595 0.2595 0.2595 0.2725 0.2725 0.269 0.269 0.2845 0.2845 0.2845 0.284 0.284 0.279 0.279 0.305 0.305 0.305 0.3085 0.3085 0.3035 0.3035 0.3005 0.3005 0.3005 0.3075 0.3075 0.315 0.315 0.3135 0.3135 0.3135 0.302 0.302 0.311 0.311 0.3195 0.3195 0.319 0.319 0.319 0.2625 0.2625 0.2995 0.2995 0.3215 0.3215 0.3215 0.301 0.301 0.2885 0.2885 0.278 0.278 0.278 0.285 0.285 0.298 0.298 0.2575 0.2575 0.2575 0.2585
0.2895 0.2895 0.2565 0.2565 0.244 0.244 0.238 0.238 0.238 0.2365 0.2365 0.264 0.264 0.255 0.255 0.2595 0.2595 0.2595 0.2725 0.2725 0.269 0.269 0.2845 0.2845 0.2845 0.284 0.284 0.279 0.279 0.305 0.305 0.305 0.3085 0.3085 0.3035 0.3035 0.3005 0.3005 0.3005 0.3075 0.3075 0.315 0.315 0.3135 0.3135 0.3135 0.302 0.302 0.311 0.311 0.3195 0.3195 0.319 0.319 0.319 0.2625 0.2625 0.2995 0.2995 0.3215 0.3215 0.3215 0.301 0.301 0.2885 0.2885 0.278 0.278 0.278 0.285 0.285 0.298 0.298 0.2575 0.2575 0.2575 0.2585
0.286 0.286 0.2755 0.2755 0.251 0.251 0.2555 0.2555 0.2555 0.2565 0.2565 0.2595 0.2595 0.245 0.245 0.274 0.274 0.274 0.275 0.275 0.2845 0.2845 0.2825 0.2825 0.2825 0.27 0.27 0.28 0.28 0.2775 0.2775 0.2775 0.3045 0.3045 0.3155 0.3155 0.313 0.313 0.313 0.3045 0.3045 0.3005 0.3005 0.307 0.307 0.307 0.296 0.296 0.3085 0.3085 0.3155 0.3155 0.314 0.314 0.314 0.2805 0.2805 0.311 0.311 0.3045 0.3045 0.3045 0.304 0.304 0.291 0.291 0.3015 0.3015 0.3015 0.284 0.284 0.266 0.266 0.2465 0.2465 0.2465 0.2485
0.286 0.286 0.2755 0.2755 0.251 0.251 0.2555 0.2555 0.2555 0.2565 0.2565 0.2595 0.2595 0.245 0.245 0.274 0.274 0.274 0.275 0.275 0.2845 0.2845 0.2825 0.2825 0.2825 0.27 0.27 0.28 0.28 0.2775 0.2775 0.2775 0.3045 0.3045 0.3155 0.3155 0.313 0.313 0.313 0.3045 0.3045 0.3005 0.3005 0.307 0.307 0.307 0.296 0.296 0.3085 0.3085 0.3155 0.3155 0.314 0.314 0.314 0.2805 0.2805 0.311 0.311 0.3045 0.3045 0.3045 0.304 0.304 0.291 0.291 0.3015 0.3015 0.3015 0.284 0.284 0.266 0.266 0.2465 0.2465 0.2465 0.2485
0.286 0.286 0.2755 0.2755 0.251 0.251 0.2555 0.2555 0.2555 0.2565 0.2565 0.2595 0.2595 0.245 0.245 0.274 0.274 0.274 0.275 0.275 0.2845 0.2845 0.2825 0.2825 0.2825 0.27 0.27 0.28 0.28 0.2775 0.2775 0.2775 0.3045 0.3045 0.3155 0.3155 0.313 0.313 0.313 0.3045 0.3045 0.3005 0.3005 0.307 0.307 0.307 0.296 0.296 0.3085 0.3085 0.3155 0.3155 0.314 0.314 0.314 0.2805 0.2805 0.311 0.311 0.3045 0.3045 0.3045 0.304 0.304 0.291 0.291 0.3015 0.3015 0.3015 0.284 0.284 0.266 0.266 0.2465 0.2465 0.2465 0.2485
0.288 0.288 0.289 0.289 0.2875 0.2875 0.277 0.277 0.277 0.2815 0.2815 0.2515 0.2515 0.265 0.265 0.276 0.276 0.276 0.2725 0.2725 0.3055 0.3055 0.291 0.291 0.291 0.2915 0.2915 0.288 0.288 0.2845 0.2845 0.2845 0.3 0.3 0.286 0.286 0.299 0.299 0.299 0.298 0.298 0.312 0.312 0.2995 0.2995 0.2995 0.296 0.296 0.287 0.287 0.3085 0.3085 0.313 0.313 0.313 0.311 0.311 0.3135 0.3135 0.318 0.318 0.318 0.308 0.308 0.2845 0.2845 0.279 0.279 0.279 0.268 0.268 0.2655 0.2655 0.2785 0.2785 0.2785 0.276
0.288 0.288 0.289 0.289 0.2875 0.2875 0.277 0.277 0.277 0.2815 0.2815 0.2515 0.2515 0.265 0.265 0.276 0.276 0.276 0.2725 0.2725 0.3055 0.3055 0.291 0.291 0.291 0.2915 0.2915 0.288 0.288 0.2845 0.2845 0.2845 0.3 0.3 0.286 0.286 0.299 0.299 0.299 0.298 0.298 0.312 0.312 0.2995 0.2995 0.2995 0.296 0.296 0.287 0.287 0.3085 0.3085 0.313 0.313 0.313 0.311 0.311 0.3135 0.3135 0.318 0.318 0.318 0.308 0.308 0.2845 0.2845 0.279 0.279 0.279 0.268 0.268 0.2655 0.2655 0.2785 0.2785 0.2785 0.276
0.309 0.309 0.3 0.3 0.294 0.294 0.2795 0.2795 0.2795 0.305 0.305 0.287 0.287 0.281 0.281 0.292 0.292 0.292 0.294 0.294 0.3 0.3 0.2885 0.2885 0.2885 0.2975 0.2975 0.295 0.295 0.285 0.285 0.285 0.304 0.304 0.301 0.301 0.275 0.275 0.275 0.2935 0.2935 0.2985 0.2985 0.276 0.276 0.276 0.2805 0.2805 0.247 0.247 0.2885 0.2885 0.269 0.269 0.269 0.3105 0.3105 0.299 0.299 0.2865 0.2865 0.2865 0.289 0.289 0.2635 0.2635 0.2525 0.2525 0.2525 0.2985 0.2985 0.284 0.284 0.2745 0.2745 0.2745 0.2885
0.309 0.309 0.3 0.3 0.294 0.294 0.2795 0.2795 0.2795 0.305 0.305 0.287 0.287 0.281 0.281 0.292 0.292 0.292 0.294 0.294 0.3 0.3 0.2885 0.2885 0.2885 0.2975 0.2975 0.295 0.295 0.285 0.285 0.285 0.304 0.304 0.301 0.301 0.275 0.275 0.275 0.2935 0.2935 0.2985 0.2985 0.276 0.276 0.276 0.2805 0.2805 0.247 0.247 0.2885 0.2885 0.269 0.269 0.269 0.3105 0.3105 0.299 0.299 0.2865 0.2865 0.2865 0.289 0.289 0.2635 0.2635 0.2525 0.2525 0.2525 0.2985 0.2985 0.284 0.284 0.2745 0.2745 0.2745 0.2885
0.284 0.284 0.29 0.29 0.2905 0.2905 0.2515 0.2515 0.2515 0.2525 0.2525 0.273 0.273 0.271 0.271 0.2775 0.2775 0.2775 0.2955 0.2955 0.304 0.304 0.3125 0.3125 0.3125 0.304 0.304 0.2535 0.2535 0.283 0.283 0.283 0.3035 0.3035 0.296 0.296 0.2945 0.2945 0.2945 0.3025 0.3025 0.294 0.294 0.299 0.299 0.299 0.3095 0.3095 0.311 0.311 0.324 0.324 0.3135 0.3135 0.3135 0.314 0.314 0.323 0.323 0.3015 0.3015 0.3015 0.3025 0.3025 0.294 0.294 0.286 0.286 0.286 0.311 0.311 0.3135 0.3135 0.248 0.248 0.248 0.2795
0.284 0.284 0.29 0.29 0.2905 0.2905 0.2515 0.2515 0.2515 0.2525 0.2525 0.273 0.273 0.271 0.271 0.2775 0.2775 0.2775 0.2955 0.2955 0.304 0.304 0.3125 0.3125 0.3125 0.304 0.304 0.2535 0.2535 0.283 0.283 0.283 0.3035 0.3035 0.296 0.296 0.2945 0.2945 0.2945 0.3025 0.3025 0.294 0.294 0.299 0.299 0.299 0.3095 0.3095 0.311 0.311 0.324 0.324 0.3135 0.3135 0.3135 0.314 0.314 0.323 0.323 0.3015 0.3015 0.3015 0.3025 0.3025 0.294 0.294 0.286 0.286 0.286 0.311 0.311 0.3135 0.3135 0.248 0.248 0.248 0.2795
0.284 0.284 0.29 0.29 0.2905 0.2905 0.2515 0.2515 0.2515 0.2525 0.2525 0.273 0.273 0.271 0.271 0.2775 0.2775 0.2775 0.2955 0.2955 0.304 0.304 0.3125 0.3125 0.3125 0.304 0.304 0.2535 0.2535 0.283 0.283 0.283 0.3035 0.3035 0.296 0.296 0.2945 0.2945 0.2945 0.3025 0.3025 0.294 0.294 0.299 0.299 0.299 0.3095 0.3095 0.311 0.311 0.324 0.324 0.3135 0.3135 0.3135 0.314 0.314 0.323 0.323 0.3015 0.3015 0.3015 0.3025 0.3025 0.294 0.294 0.286 0.286 0.286 0.311 0.311 0.3135 0.3135 0.248 0.248 0.248 0.2795
