ndvi/NOAA-85.asc
ncols         252
nrows         154
xllcorner     -18.017974
yllcorner     13.481982
cellsize      0.035948
NODATA_value  -9999
[rows 34 to 67 of 154, columns 154 to 230 of 252]
0.147 0.1375 0.1375 0.1295 0.1295 0.1295 0.1355 0.1355 0.125 0.125 0.1235 0.1235 0.108 0.108 0.108 0.1115 0.1115 0.111 0.111 0.118 0.118 0.118 0.118 0.118 0.1455 0.1455 0.1345 0.1345 0.1345 0.145 0.145 0.1495 0.1495 0.1475 0.1475 0.1475 0.141 0.141 0.143 0.143 0.145 0.145 0.145 0.1305 0.1305 0.1355 0.1355 0.1405 0.1405 0.1465 0.1465 0.1465 0.1415 0.1415 0.144 0.144 0.136 0.136 0.136 0.1455 0.1455 0.1365 0.1365 0.1345 0.1345 0.1345 0.129 0.129 0.1315 0.1315 0.129 0.129 0.129 0.1315 0.1315 0.1235 0.1235
0.147 0.1375 0.1375 0.1295 0.1295 0.1295 0.1355 0.1355 0.125 0.125 0.1235 0.1235 0.108 0.108 0.108 0.1115 0.1115 0.111 0.111 0.118 0.118 0.118 0.118 0.118 0.1455 0.1455 0.1345 0.1345 0.1345 0.145 0.145 0.1495 0.1495 0.1475 0.1475 0.1475 0.141 0.141 0.143 0.143 0.145 0.145 0.145 0.1305 0.1305 0.1355 0.1355 0.1405 0.1405 0.1465 0.1465 0.1465 0.1415 0.1415 0.144 0.144 0.136 0.136 0.136 0.1455 0.1455 0.1365 0.1365 0.1345 0.1345 0.1345 0.129 0.129 0.1315 0.1315 0.129 0.129 0.129 0.1315 0.1315 0.1235 0.1235
0.147 0.1375 0.1375 0.1295 0.1295 0.1295 0.1355 0.1355 0.125 0.125 0.1235 0.1235 0.108 0.108 0.108 0.1115 0.1115 0.111 0.111 0.118 0.118 0.118 0.118 0.118 0.1455 0.1455 0.1345 0.1345 0.1345 0.145 0.145 0.1495 0.1495 0.1475 0.1475 0.1475 0.141 0.141 0.143 0.143 0.145 0.145 0.145 0.1305 0.1305 0.1355 0.1355 0.1405 0.1405 0.1465 0.1465 0.1465 0.1415 0.1415 0.144 0.144 0.136 0.136 0.136 0.1455 0.1455 0.1365 0.1365 0.1345 0.1345 0.1345 0.129 0.129 0.1315 0.1315 0.129 0.129 0.129 0.1315 0.1315 0.1235 0.1235
0.1525 0.128 0.128 0.1275 0.1275 0.1275 0.1175 0.1175 0.123 0.123 0.1085 0.1085 0.1215 0.1215 0.1215 0.118 0.118 0.1155 0.1155 0.114 0.114 0.114 0.1105 0.1105 0.144 0.144 0.1455 0.1455 0.1455 0.1595 0.1595 0.1545 0.1545 0.148 0.148 0.148 0.1405 0.1405 0.1355 0.1355 0.1345 0.1345 0.1345 0.139 0.139 0.1335 0.1335 0.1415 0.1415 0.1415 0.1415 0.1415 0.131 0.131 0.138 0.138 0.139 0.139 0.139 0.149 0.149 0.14 0.14 0.135 0.135 0.135 0.1295 0.1295 0.1375 0.1375 0.13 0.13 0.13 0.1395 0.1395 0.1335 0.1335
0.1525 0.128 0.128 0.1275 0.1275 0.1275 0.1175 0.1175 0.123 0.123 0.1085 0.1085 0.1215 0.1215 0.1215 0.118 0.118 0.1155 0.1155 0.114 0.114 0.114 0.1105 0.1105 0.144 0.144 0.1455 0.1455 0.1455 0.1595 0.1595 0.1545 0.1545 0.148 0.148 0.148 0.1405 0.1405 0.1355 0.1355 0.1345 0.1345 0.1345 0.139 0.139 0.1335 0.1335 0.1415 0.1415 0.1415 0.1415 0.1415 0.131 0.131 0.138 0.138 0.139 0.139 0.139 0.149 0.149 0.14 0.14 0.135 0.135 0.135 0.1295 0.1295 0.1375 0.1375 0.13 0.13 0.13 0.1395 0.1395 0.1335 0.1335
0.155 0.1225 0.1225 0.114 0.114 0.114 0.1245 0.1245 0.1175 0.1175 0.1175 0.1175 0.1205 0.1205 0.1205 0.1185 0.1185 0.1145 0.1145 0.1095 0.1095 0.1095 0.1065 0.1065 0.147 0.147 0.1645 0.1645 0.1645 0.1715 0.1715 0.167 0.167 0.1655 0.1655 0.1655 0.1555 0.1555 0.1385 0.1385 0.1335 0.1335 0.1335 0.1355 0.1355 0.1415 0.1415 0.1365 0.1365 0.1545 0.1545 0.1545 0.152 0.152 0.137 0.137 0.1435 0.1435 0.1435 0.152 0.152 0.152 0.152 0.1375 0.1375 0.1375 0.134 0.134 0.138 0.138 0.143 0.143 0.143 0.1435 0.1435 0.1415 0.1415
0.155 0.1225 0.1225 0.114 0.114 0.114 0.1245 0.1245 0.1175 0.1175 0.1175 0.1175 0.1205 0.1205 0.1205 0.1185 0.1185 0.1145 0.1145 0.1095 0.1095 0.1095 0.1065 0.1065 0.147 0.147 0.1645 0.1645 0.1645 0.1715 0.1715 0.167 0.167 0.1655 0.1655 0.1655 0.1555 0.1555 0.1385 0.1385 0.1335 0.1335 0.1335 0.1355 0.1355 0.1415 0.1415 0.1365 0.1365 0.1545 0.1545 0.1545 0.152 0.152 0.137 0.137 0.1435 0.1435 0.1435 0.152 0.152 0.152 0.152 0.1375 0.1375 0.1375 0.134 0.134 0.138 0.138 0.143 0.143 0.143 0.1435 0.1435 0.1415 0.1415
0.1375 0.134 0.134 0.109 0.109 0.109 0.102 0.102 0.1125 0.1125 0.117 0.117 0.123 0.123 0.123 0.119 0.119 0.122 0.122 0.1255 0.1255 0.1255 0.1315 0.1315 0.1435 0.1435 0.1535 0.1535 0.1535 0.1775 0.1775 0.1905 0.1905 0.1775 0.1775 0.1775 0.1675 0.1675 0.1495 0.1495 0.147 0.147 0.147 0.1465 0.1465 0.1475 0.1475 0.1475 0.1475 0.1405 0.1405 0.1405 0.1365 0.1365 0.149 0.149 0.146 0.146 0.146 0.1475 0.1475 0.15 0.15 0.161 0.161 0.161 0.1585 0.1585 0.1495 0.1495 0.147 0.147 0.147 0.1485 0.1485 0.1415 0.1415
0.1375 0.134 0.134 0.109 0.109 0.109 0.102 0.102 0.1125 0.1125 0.117 0.117 0.123 0.123 0.123 0.119 0.119 0.122 0.122 0.1255 0.1255 0.1255 0.1315 0.1315 0.1435 0.1435 0.1535 0.1535 0.1535 0.1775 0.1775 0.1905 0.1905 0.1775 0.1775 0.1775 0.1675 0.1675 0.1495 0.1495 0.147 0.147 0.147 0.1465 0.1465 0.1475 0.1475 0.1475 0.1475 0.1405 0.1405 0.1405 0.1365 0.1365 0.149 0.149 0.146 0.146 0.146 0.1475 0.1475 0.15 0.15 0.161 0.161 0.161 0.1585 0.1585 0.1495 0.1495 0.147 0.147 0.147 0.1485 0.1485 0.1415 0.1415
0.1375 0.134 0.134 0.109 0.109 0.109 0.102 0.102 0.1125 0.1125 0.117 0.117 0.123 0.123 0.123 0.119 0.119 0.122 0.122 0.1255 0.1255 0.1255 0.1315 0.1315 0.1435 0.1435 0.1535 0.1535 0.1535 0.1775 0.1775 0.1905 0.1905 0.1775 0.1775 0.1775 0.1675 0.1675 0.1495 0.1495 0.147 0.147 0.147 0.1465 0.1465 0.1475 0.1475 0.1475 0.1475 0.1405 0.1405 0.1405 0.1365 0.1365 0.149 0.149 0.146 0.146 0.146 0.1475 0.1475 0.15 0.15 0.161 0.161 0.161 0.1585 0.1585 0.1495 0.1495 0.147 0.147 0.147 0.1485 0.1485 0.1415 0.1415
0.1175 0.159 0.159 0.1355 0.1355 0.1355 0.1225 0.1225 0.1185 0.1185 0.136 0.136 0.1365 0.1365 0.1365 0.127 0.127 0.168 0.168 0.16 0.16 0.16 0.1475 0.1475 0.1485 0.1485 0.159 0.159 0.159 0.1615 0.1615 0.1595 0.1595 0.169 0.169 0.169 0.1735 0.1735 0.154 0.154 0.156 0.156 0.156 0.157 0.157 0.153 0.153 0.148 0.148 0.169 0.169 0.169 0.145 0.145 0.152 0.152 0.1605 0.1605 0.1605 0.157 0.157 0.1575 0.1575 0.1615 0.1615 0.1615 0.159 0.159 0.153 0.153 0.155 0.155 0.155 0.15 0.15 0.1445 0.1445
0.1175 0.159 0.159 0.1355 0.1355 0.1355 0.1225 0.1225 0.1185 0.1185 0.136 0.136 0.1365 0.1365 0.1365 0.127 0.127 0.168 0.168 0.16 0.16 0.16 0.1475 0.1475 0.1485 0.1485 0.159 0.159 0.159 0.1615 0.1615 0.1595 0.1595 0.169 0.169 0.169 0.1735 0.1735 0.154 0.154 0.156 0.156 0.156 0.157 0.157 0.153 0.153 0.148 0.148 0.169 0.169 0.169 0.145 0.145 0.152 0.152 0.1605 0.1605 0.1605 0.157 0.157 0.1575 0.1575 0.1615 0.1615 0.1615 0.159 0.159 0.153 0.153 0.155 0.155 0.155 0.15 0.15 0.1445 0.1445
0.139 0.128 0.128 0.156 0.156 0.156 0.1805 0.1805 0.176 0.176 0.16 0.16 0.1725 0.1725 0.1725 0.1815 0.1815 0.1685 0.1685 0.1565 0.1565 0.1565 0.167 0.167 0.1655 0.1655 0.1655 0.1655 0.1655 0.1735 0.1735 0.1625 0.1625 0.1715 0.1715 0.1715 0.1775 0.1775 0.161 0.161 0.1565 0.1565 0.1565 0.158 0.158 0.1635 0.1635 0.1535 0.1535 0.17 0.17 0.17 0.1485 0.1485 0.1425 0.1425 0.1535 0.1535 0.1535 0.163 0.163 0.162 0.162 0.1605 0.1605 0.1605 0.157 0.157 0.1495 0.1495 0.154 0.154 0.154 0.16 0.16 0.15 0.15
0.139 0.128 0.128 0.156 0.156 0.156 0.1805 0.1805 0.176 0.176 0.16 0.16 0.1725 0.1725 0.1725 0.1815 0.1815 0.1685 0.1685 0.1565 0.1565 0.1565 0.167 0.167 0.1655 0.1655 0.1655 0.1655 0.1655 0.1735 0.1735 0.1625 0.1625 0.1715 0.1715 0.1715 0.1775 0.1775 0.161 0.161 0.1565 0.1565 0.1565 0.158 0.158 0.1635 0.1635 0.1535 0.1535 0.17 0.17 0.17 0.1485 0.1485 0.1425 0.1425 0.1535 0.1535 0.1535 0.163 0.163 0.162 0.162 0.1605 0.1605 0.1605 0.157 0.157 0.1495 0.1495 0.154 0.154 0.154 0.16 0.16 0.15 0.15
0.135 0.1565 0.1565 0.1635 0.1635 0.1635 0.175 0.175 0.2105 0.2105 0.1795 0.1795 0.162 0.162 0.162 0.1665 0.1665 0.1775 0.1775 0.168 0.168 0.168 0.1665 0.1665 0.181 0.181 0.1815 0.1815 0.1815 0.1675 0.1675 0.163 0.163 0.1765 0.1765 0.1765 0.18 0.18 0.1735 0.1735 0.1705 0.1705 0.1705 0.18 0.18 0.1695 0.1695 0.166 0.166 0.157 0.157 0.157 0.15 0.15 0.1515 0.1515 0.158 0.158 0.158 0.1585 0.1585 0.1675 0.1675 0.1665 0.1665 0.1665 0.1525 0.1525 0.147 0.147 0.158 0.158 0.158 0.154 0.154 0.155 0.155
0.135 0.1565 0.1565 0.1635 0.1635 0.1635 0.175 0.175 0.2105 0.2105 0.1795 0.1795 0.162 0.162 0.162 0.1665 0.1665 0.1775 0.1775 0.168 0.168 0.168 0.1665 0.1665 0.181 0.181 0.1815 0.1815 0.1815 0.1675 0.1675 0.163 0.163 0.1765 0.1765 0.1765 0.18 0.18 0.1735 0.1735 0.1705 0.1705 0.1705 0.18 0.18 0.1695 0.1695 0.166 0.166 0.157 0.157 0.157 0.15 0.15 0.1515 0.1515 0.158 0.158 0.158 0.1585 0.1585 0.1675 0.1675 0.1665 0.1665 0.1665 0.1525 0.1525 0.147 0.147 0.158 0.158 0.158 0.154 0.154 0.155 0.155
0.135 0.1565 0.1565 0.1635 0.1635 0.1635 0.175 0.175 0.2105 0.2105 0.1795 0.1795 0.162 0.162 0.162 0.1665 0.1665 0.1775 0.1775 0.168 0.168 0.168 0.1665 0.1665 0.181 0.181 0.1815 0.1815 0.1815 0.1675 0.1675 0.163 0.163 0.1765 0.1765 0.1765 0.18 0.18 0.1735 0.1735 0.1705 0.1705 0.1705 0.18 0.18 0.1695 0.1695 0.166 0.166 0.157 0.157 0.157 0.15 0.15 0.1515 0.1515 0.158 0.158 0.158 0.1585 0.1585 0.1675 0.1675 0.1665 0.1665 0.1665 0.1525 0.1525 0.147 0.147 0.158 0.158 0.158 0.154 0.154 0.155 0.155
0.114 0.166 0.166 0.1615 0.1615 0.1615 0.188 0.188 0.2255 0.2255 0.1915 0.1915 0.179 0.179 0.179 0.167 0.167 0.1605 0.1605 0.1665 0.1665 0.1665 0.175 0.175 0.175 0.175 0.181 0.181 0.181 0.184 0.184 0.175 0.175 0.1815 0.1815 0.1815 0.195 0.195 0.179 0.179 0.1805 0.1805 0.1805 0.1755 0.1755 0.1675 0.1675 0.1605 0.1605 0.155 0.155 0.155 0.1445 0.1445 0.1565 0.1565 0.1625 0.1625 0.1625 0.1705 0.1705 0.1665 0.1665 0.1665 0.1665 0.1665 0.157 0.157 0.162 0.162 0.1595 0.1595 0.1595 0.1605 0.1605 0.157 0.157
0.114 0.166 0.166 0.1615 0.1615 0.1615 0.188 0.188 0.2255 0.2255 0.1915 0.1915 0.179 0.179 0.179 0.167 0.167 0.1605 0.1605 0.1665 0.1665 0.1665 0.175 0.175 0.175 0.175 0.181 0.181 0.181 0.184 0.184 0.175 0.175 0.1815 0.1815 0.1815 0.195 0.195 0.179 0.179 0.1805 0.1805 0.1805 0.1755 0.1755 0.1675 0.1675 0.1605 0.1605 0.155 0.155 0.155 0.1445 0.1445 0.1565 0.1565 0.1625 0.1625 0.1625 0.1705 0.1705 0.1665 0.1665 0.1665 0.1665 0.1665 0.157 0.157 0.162 0.162 0.1595 0.1595 0.1595 0.1605 0.1605 0.157 0.157
0.1225 0.137 0.137 0.163 0.163 0.163 0.1935 0.1935 0.216 0.216 0.1985 0.1985 0.191 0.191 0.191 0.161 0.161 0.178 0.178 0.1745 0.1745 0.1745 0.18 0.18 0.206 0.206 0.1975 0.1975 0.1975 0.185 0.185 0.197 0.197 0.209 0.209 0.209 0.2165 0.2165 0.1935 0.1935 0.179 0.179 0.179 0.1635 0.1635 0.1605 0.1605 0.163 0.163 0.15 0.15 0.15 0.1585 0.1585 0.1585 0.1585 0.1645 0.1645 0.1645 0.1725 0.1725 0.1745 0.1745 0.17 0.17 0.17 0.1665 0.1665 0.168 0.168 0.168 0.168 0.168 0.168 0.168 0.1755 0.1755
0.1225 0.137 0.137 0.163 0.163 0.163 0.1935 0.1935 0.216 0.216 0.1985 0.1985 0.191 0.191 0.191 0.161 0.161 0.178 0.178 0.1745 0.1745 0.1745 0.18 0.18 0.206 0.206 0.1975 0.1975 0.1975 0.185 0.185 0.197 0.197 0.209 0.209 0.209 0.2165 0.2165 0.1935 0.1935 0.179 0.179 0.179 0.1635 0.1635 0.1605 0.1605 0.163 0.163 0.15 0.15 0.15 0.1585 0.1585 0.1585 0.1585 0.1645 0.1645 0.1645 0.1725 0.1725 0.1745 0.1745 0.17 0.17 0.17 0.1665 0.1665 0.168 0.168 0.168 0.168 0.168 0.168 0.168 0.1755 0.1755
0.127 0.132 0.132 0.1715 0.1715 0.1715 0.172 0.172 0.19 0.19 0.195 0.195 0.1915 0.1915 0.1915 0.217 0.217 0.1915 0.1915 0.208 0.208 0.208 0.215 0.215 0.212 0.212 0.206 0.206 0.206 0.1955 0.1955 0.2 0.2 0.1915 0.1915 0.1915 0.2005 0.2005 0.1835 0.1835 0.1825 0.1825 0.1825 0.163 0.163 0.172 0.172 0.159 0.159 0.162 0.162 0.162 0.164 0.164 0.147 0.147 0.1605 0.1605 0.1605 0.168 0.168 0.168 0.168 0.163 0.163 0.163 0.1655 0.1655 0.1715 0.1715 0.173 0.173 0.173 0.1685 0.1685 0.1675 0.1675
0.127 0.132 0.132 0.1715 0.1715 0.1715 0.172 0.172 0.19 0.19 0.195 0.195 0.1915 0.1915 0.1915 0.217 0.217 0.1915 0.1915 0.208 0.208 0.208 0.215 0.215 0.212 0.212 0.206 0.206 0.206 0.1955 0.1955 0.2 0.2 0.1915 0.1915 0.1915 0.2005 0.2005 0.1835 0.1835 0.1825 0.1825 0.1825 0.163 0.163 0.172 0.172 0.159 0.159 0.162 0.162 0.162 0.164 0.164 0.147 0.147 0.1605 0.1605 0.1605 0.168 0.168 0.168 0.168 0.163 0.163 0.163 0.1655 0.1655 0.1715 0.1715 0.173 0.173 0.173 0.1685 0.1685 0.1675 0.1675
0.124 0.1455 0.1455 0.135 0.135 0.135 0.1705 0.1705 0.1755 0.1755 0.17 0.17 0.171 0.171 0.171 0.187 0.187 0.2205 0.2205 0.22 0.22 0.22 0.2205 0.2205 0.231 0.231 0.2065 0.2065 0.2065 0.2 0.2 0.208 0.208 0.1865 0.1865 0.1865 0.205 0.205 0.1975 0.1975 0.1715 0.1715 0.1715 0.1695 0.1695 0.168 0.168 0.157 0.157 0.166 0.166 0.166 0.1535 0.1535 0.135 0.135 0.1565 0.1565 0.1565 0.1555 0.1555 0.179 0.179 0.169 0.169 0.169 0.1745 0.1745 0.1675 0.1675 0.1765 0.1765 0.1765 0.1685 0.1685 0.1685 0.1685
0.124 0.1455 0.1455 0.135 0.135 0.135 0.1705 0.1705 0.1755 0.1755 0.17 0.17 0.171 0.171 0.171 0.187 0.187 0.2205 0.2205 0.22 0.22 0.22 0.2205 0.2205 0.231 0.231 0.2065 0.2065 0.2065 0.2 0.2 0.208 0.208 0.1865 0.1865 0.1865 0.205 0.205 0.1975 0.1975 0.1715 0.1715 0.1715 0.1695 0.1695 0.168 0.168 0.157 0.157 0.166 0.166 0.166 0.1535 0.1535 0.135 0.135 0.1565 0.1565 0.1565 0.1555 0.1555 0.179 0.179 0.169 0.169 0.169 0.1745 0.1745 0.1675 0.1675 0.1765 0.1765 0.1765 0.1685 0.1685 0.1685 0.1685
0.124 0.1455 0.1455 0.135 0.135 0.135 0.1705 0.1705 0.1755 0.1755 0.17 0.17 0.171 0.171 0.171 0.187 0.187 0.2205 0.2205 0.22 0.22 0.22 0.2205 0.2205 0.231 0.231 0.2065 0.2065 0.2065 0.2 0.2 0.208 0.208 0.1865 0.1865 0.1865 0.205 0.205 0.1975 0.1975 0.1715 0.1715 0.1715 0.1695 0.1695 0.168 0.168 0.157 0.157 0.166 0.166 0.166 0.1535 0.1535 0.135 0.135 0.1565 0.1565 0.1565 0.1555 0.1555 0.179 0.179 0.169 0.169 0.169 0.1745 0.1745 0.1675 0.1675 0.1765 0.1765 0.1765 0.1685 0.1685 0.1685 0.1685
0.152 0.149 0.149 0.1205 0.1205 0.1205 0.13 0.13 0.1835 0.1835 0.166 0.166 0.1685 0.1685 0.1685 0.191 0.191 0.234 0.234 0.234 0.234 0.234 0.241 0.241 0.235 0.235 0.2255 0.2255 0.2255 0.2125 0.2125 0.194 0.194 0.2025 0.2025 0.2025 0.204 0.204 0.1885 0.1885 0.2045 0.2045 0.2045 0.1805 0.1805 0.1655 0.1655 0.158 0.158 0.1585 0.1585 0.1585 0.1735 0.1735 0.138 0.138 0.137 0.137 0.137 0.139 0.139 0.1635 0.1635 0.165 0.165 0.165 0.175 0.175 0.1595 0.1595 0.155 0.155 0.155 0.1475 0.1475 0.1595 0.1595
0.152 0.149 0.149 0.1205 0.1205 0.1205 0.13 0.13 0.1835 0.1835 0.166 0.166 0.1685 0.1685 0.1685 0.191 0.191 0.234 0.234 0.234 0.234 0.234 0.241 0.241 0.235 0.235 0.2255 0.2255 0.2255 0.2125 0.2125 0.194 0.194 0.2025 0.2025 0.2025 0.204 0.204 0.1885 0.1885 0.2045 0.2045 0.2045 0.1805 0.1805 0.1655 0.1655 0.158 0.158 0.1585 0.1585 0.1585 0.1735 0.1735 0.138 0.138 0.137 0.137 0.137 0.139 0.139 0.1635 0.1635 0.165 0.165 0.165 0.175 0.175 0.1595 0.1595 0.155 0.155 0.155 0.1475 0.1475 0.1595 0.1595
0.125 0.1335 0.1335 0.139 0.139 0.139 0.128 0.128 0.14 0.14 0.1685 0.1685 0.1815 0.1815 0.1815 0.2115 0.2115 0.2335 0.2335 0.249 0.249 0.249 0.2405 0.2405 0.231 0.231 0.2105 0.2105 0.2105 0.2035 0.2035 0.2145 0.2145 0.202 0.202 0.202 0.2145 0.2145 0.1995 0.1995 0.198 0.198 0.198 0.206 0.206 0.1725 0.1725 0.1595 0.1595 0.1575 0.1575 0.1575 0.17 0.17 0.1605 0.1605 0.1505 0.1505 0.1505 0.1445 0.1445 0.1605 0.1605 0.177 0.177 0.177 0.176 0.176 0.1695 0.1695 0.171 0.171 0.171 0.148 0.148 0.162 0.162
0.125 0.1335 0.1335 0.139 0.139 0.139 0.128 0.128 0.14 0.14 0.1685 0.1685 0.1815 0.1815 0.1815 0.2115 0.2115 0.2335 0.2335 0.249 0.249 0.249 0.2405 0.2405 0.231 0.231 0.2105 0.2105 0.2105 0.2035 0.2035 0.2145 0.2145 0.202 0.202 0.202 0.2145 0.2145 0.1995 0.1995 0.198 0.198 0.198 0.206 0.206 0.1725 0.1725 0.1595 0.1595 0.1575 0.1575 0.1575 0.17 0.17 0.1605 0.1605 0.1505 0.1505 0.1505 0.1445 0.1445 0.1605 0.1605 0.177 0.177 0.177 0.176 0.176 0.1695 0.1695 0.171 0.171 0.171 0.148 0.148 0.162 0.162
0.148 0.151 0.151 0.154 0.154 0.154 0.1355 0.1355 0.143 0.143 0.1835 0.1835 0.2015 0.2015 0.2015 0.2195 0.2195 0.2295 0.2295 0.2245 0.2245 0.2245 0.2295 0.2295 0.237 0.237 0.2125 0.2125 0.2125 0.1985 0.1985 0.207 0.207 0.225 0.225 0.225 0.233 0.233 0.232 0.232 0.214 0.214 0.214 0.2065 0.2065 0.202 0.202 0.196 0.196 0.1985 0.1985 0.1985 0.206 0.206 0.222 0.222 0.191 0.191 0.191 0.17 0.17 0.176 0.176 0.2 0.2 0.2 0.1895 0.1895 0.177 0.177 0.18 0.18 0.18 0.1715 0.1715 0.173 0.173
0.148 0.151 0.151 0.154 0.154 0.154 0.1355 0.1355 0.143 0.143 0.1835 0.1835 0.2015 0.2015 0.2015 0.2195 0.2195 0.2295 0.2295 0.2245 0.2245 0.2245 0.2295 0.2295 0.237 0.237 0.2125 0.2125 0.2125 0.1985 0.1985 0.207 0.207 0.225 0.225 0.225 0.233 0.233 0.232 0.232 0.214 0.214 0.214 0.2065 0.2065 0.202 0.202 0.196 0.196 0.1985 0.1985 0.1985 0.206 0.206 0.222 0.222 0.191 0.191 0.191 0.17 0.17 0.176 0.176 0.2 0.2 0.2 0.1895 0.1895 0.177 0.177 0.18 0.18 0.18 0.1715 0.1715 0.173 0.173
0.148 0.151 0.151 0.154 0.154 0.154 0.1355 0.1355 0.143 0.143 0.1835 0.1835 0.2015 0.2015 0.2015 0.2195 0.2195 0.2295 0.2295 0.2245 0.2245 0.2245 0.2295 0.2295 0.237 0.237 0.2125 0.2125 0.2125 0.1985 0.1985 0.207 0.207 0.225 0.225 0.225 0.233 0.233 0.232 0.232 0.214 0.214 0.214 0.2065 0.2065 0.202 0.202 0.196 0.196 0.1985 0.1985 0.1985 0.206 0.206 0.222 0.222 0.191 0.191 0.191 0.17 0.17 0.176 0.176 0.2 0.2 0.2 0.1895 0.1895 0.177 0.177 0.18 0.18 0.18 0.1715 0.1715 0.173 0.173
0.1445 0.169 0.169 0.1475 0.1475 0.1475 0.1495 0.1495 0.146 0.146 0.194 0.194 0.208 0.208 0.208 0.234 0.234 0.2215 0.2215 0.2475 0.2475 0.2475 0.2365 0.2365 0.237 0.237 0.2105 0.2105 0.2105 0.222 0.222 0.226 0.226 0.2375 0.2375 0.2375 0.2335 0.2335 0.2315 0.2315 0.212 0.212 0.212 0.2345 0.2345 0.2205 0.2205 0.212 0.212 0.2205 0.2205 0.2205 0.2265 0.2265 0.2245 0.2245 0.2195 0.2195 0.2195 0.237 0.237 0.2175 0.2175 0.21 0.21 0.21 0.195 0.195 0.2275 0.2275 0.212 0.212 0.212 0.201 0.201 0.1925 0.1925
