ndvi/NOAA-231.asc
ncols         252
nrows         154
xllcorner     -18.017974
yllcorner     13.481982
cellsize      0.035948
NODATA_value  -9999
[rows 105 to 139 of 154, columns 77 to 153 of 252]
0.25 0.25 0.258 0.258 0.251 0.251 0.247 0.247 0.247 0.2445 0.2445 0.2395 0.2395 0.2375 0.2375 0.238 0.238 0.238 0.242 0.242 0.2545 0.2545 0.275 0.275 0.275 0.273 0.273 0.257 0.257 0.2565 0.2565 0.2565 0.2535 0.2535 0.2405 0.2405 0.258 0.258 0.258 0.2565 0.2565 0.261 0.261 0.26 0.26 0.26 0.2625 0.2625 0.2865 0.2865 0.2845 0.2845 0.277 0.277 0.277 0.269 0.269 0.2645 0.2645 0.2675 0.2675 0.2675 0.2575 0.2575 0.271 0.271 0.27 0.27 0.27 0.266 0.266 0.2665 0.2665 0.242 0.242 0.242 0.2405
0.2675 0.2675 0.256 0.256 0.2575 0.2575 0.273 0.273 0.273 0.2475 0.2475 0.2455 0.2455 0.261 0.261 0.256 0.256 0.256 0.2445 0.2445 0.2505 0.2505 0.274 0.274 0.274 0.267 0.267 0.2605 0.2605 0.281 0.281 0.281 0.2595 0.2595 0.2385 0.2385 0.257 0.257 0.257 0.257 0.257 0.2625 0.2625 0.2815 0.2815 0.2815 0.2735 0.2735 0.2865 0.2865 0.2915 0.2915 0.285 0.285 0.285 0.264 0.264 0.242 0.242 0.2765 0.2765 0.2765 0.2515 0.2515 0.2625 0.2625 0.2735 0.2735 0.2735 0.2545 0.2545 0.248 0.248 0.2405 0.2405 0.2405 0.247
0.2675 0.2675 0.256 0.256 0.2575 0.2575 0.273 0.273 0.273 0.2475 0.2475 0.2455 0.2455 0.261 0.261 0.256 0.256 0.256 0.2445 0.2445 0.2505 0.2505 0.274 0.274 0.274 0.267 0.267 0.2605 0.2605 0.281 0.281 0.281 0.2595 0.2595 0.2385 0.2385 0.257 0.257 0.257 0.257 0.257 0.2625 0.2625 0.2815 0.2815 0.2815 0.2735 0.2735 0.2865 0.2865 0.2915 0.2915 0.285 0.285 0.285 0.264 0.264 0.242 0.242 0.2765 0.2765 0.2765 0.2515 0.2515 0.2625 0.2625 0.2735 0.2735 0.2735 0.2545 0.2545 0.248 0.248 0.2405 0.2405 0.2405 0.247
0.278 0.278 0.2815 0.2815 0.2625 0.2625 0.245 0.245 0.245 0.241 0.241 0.2505 0.2505 0.259 0.259 0.2485 0.2485 0.2485 0.267 0.267 0.271 0.271 0.29 0.29 0.29 0.3025 0.3025 0.28 0.28 0.253 0.253 0.253 0.255 0.255 0.2735 0.2735 0.2575 0.2575 0.2575 0.2545 0.2545 0.2575 0.2575 0.271 0.271 0.271 0.2675 0.2675 0.2885 0.2885 0.2815 0.2815 0.278 0.278 0.278 0.2865 0.2865 0.2625 0.2625 0.261 0.261 0.261 0.2665 0.2665 0.258 0.258 0.2605 0.2605 0.2605 0.2595 0.2595 0.2615 0.2615 0.247 0.247 0.247 0.232
0.278 0.278 0.2815 0.2815 0.2625 0.2625 0.245 0.245 0.245 0.241 0.241 0.2505 0.2505 0.259 0.259 0.2485 0.2485 0.2485 0.267 0.267 0.271 0.271 0.29 0.29 0.29 0.3025 0.3025 0.28 0.28 0.253 0.253 0.253 0.255 0.255 0.2735 0.2735 0.2575 0.2575 0.2575 0.2545 0.2545 0.2575 0.2575 0.271 0.271 0.271 0.2675 0.2675 0.2885 0.2885 0.2815 0.2815 0.278 0.278 0.278 0.2865 0.2865 0.2625 0.2625 0.261 0.261 0.261 0.2665 0.2665 0.258 0.258 0.2605 0.2605 0.2605 0.2595 0.2595 0.2615 0.2615 0.247 0.247 0.247 0.232
0.2855 0.2855 0.2805 0.2805 0.265 0.265 0.2475 0.2475 0.2475 0.2555 0.2555 0.263 0.263 0.2795 0.2795 0.287 0.287 0.287 0.281 0.281 0.286 0.286 0.2775 0.2775 0.2775 0.272 0.272 0.2885 0.2885 0.286 0.286 0.286 0.2885 0.2885 0.288 0.288 0.2645 0.2645 0.2645 0.266 0.266 0.258 0.258 0.263 0.263 0.263 0.251 0.251 0.267 0.267 0.281 0.281 0.2925 0.2925 0.2925 0.291 0.291 0.2895 0.2895 0.275 0.275 0.275 0.2655 0.2655 0.2825 0.2825 0.2725 0.2725 0.2725 0.266 0.266 0.277 0.277 0.242 0.242 0.242 0.234
0.2855 0.2855 0.2805 0.2805 0.265 0.265 0.2475 0.2475 0.2475 0.2555 0.2555 0.263 0.263 0.2795 0.2795 0.287 0.287 0.287 0.281 0.281 0.286 0.286 0.2775 0.2775 0.2775 0.272 0.272 0.2885 0.2885 0.286 0.286 0.286 0.2885 0.2885 0.288 0.288 0.2645 0.2645 0.2645 0.266 0.266 0.258 0.258 0.263 0.263 0.263 0.251 0.251 0.267 0.267 0.281 0.281 0.2925 0.2925 0.2925 0.291 0.291 0.2895 0.2895 0.275 0.275 0.275 0.2655 0.2655 0.2825 0.2825 0.2725 0.2725 0.2725 0.266 0.266 0.277 0.277 0.242 0.242 0.242 0.234
0.2855 0.2855 0.2805 0.2805 0.265 0.265 0.2475 0.2475 0.2475 0.2555 0.2555 0.263 0.263 0.2795 0.2795 0.287 0.287 0.287 0.281 0.281 0.286 0.286 0.2775 0.2775 0.2775 0.272 0.272 0.2885 0.2885 0.286 0.286 0.286 0.2885 0.2885 0.288 0.288 0.2645 0.2645 0.2645 0.266 0.266 0.258 0.258 0.263 0.263 0.263 0.251 0.251 0.267 0.267 0.281 0.281 0.2925 0.2925 0.2925 0.291 0.291 0.2895 0.2895 0.275 0.275 0.275 0.2655 0.2655 0.2825 0.2825 0.2725 0.2725 0.2725 0.266 0.266 0.277 0.277 0.242 0.242 0.242 0.234
0.277 0.277 0.295 0.295 0.255 0.255 0.278 0.278 0.278 0.245 0.245 0.268 0.268 0.2615 0.2615 0.2545 0.2545 0.2545 0.2605 0.2605 0.286 0.286 0.2835 0.2835 0.2835 0.2705 0.2705 0.281 0.281 0.266 0.266 0.266 0.284 0.284 0.2845 0.2845 0.293 0.293 0.293 0.289 0.289 0.2695 0.2695 0.283 0.283 0.283 0.277 0.277 0.269 0.269 0.291 0.291 0.283 0.283 0.283 0.2715 0.2715 0.2515 0.2515 0.2645 0.2645 0.2645 0.2695 0.2695 0.2685 0.2685 0.2675 0.2675 0.2675 0.267 0.267 0.273 0.273 0.2385 0.2385 0.2385 0.222
0.277 0.277 0.295 0.295 0.255 0.255 0.278 0.278 0.278 0.245 0.245 0.268 0.268 0.2615 0.2615 0.2545 0.2545 0.2545 0.2605 0.2605 0.286 0.286 0.2835 0.2835 0.2835 0.2705 0.2705 0.281 0.281 0.266 0.266 0.266 0.284 0.284 0.2845 0.2845 0.293 0.293 0.293 0.289 0.289 0.2695 0.2695 0.283 0.283 0.283 0.277 0.277 0.269 0.269 0.291 0.291 0.283 0.283 0.283 0.2715 0.2715 0.2515 0.2515 0.2645 0.2645 0.2645 0.2695 0.2695 0.2685 0.2685 0.2675 0.2675 0.2675 0.267 0.267 0.273 0.273 0.2385 0.2385 0.2385 0.222
0.286 0.286 0.301 0.301 0.2445 0.2445 0.2625 0.2625 0.2625 0.2495 0.2495 0.2675 0.2675 0.262 0.262 0.267 0.267 0.267 0.261 0.261 0.279 0.279 0.278 0.278 0.278 0.2655 0.2655 0.278 0.278 0.2655 0.2655 0.2655 0.2905 0.2905 0.3005 0.3005 0.293 0.293 0.293 0.2885 0.2885 0.2695 0.2695 0.291 0.291 0.291 0.2815 0.2815 0.2945 0.2945 0.299 0.299 0.2935 0.2935 0.2935 0.2715 0.2715 0.274 0.274 0.2825 0.2825 0.2825 0.2765 0.2765 0.2565 0.2565 0.259 0.259 0.259 0.256 0.256 0.2505 0.2505 0.241 0.241 0.241 0.227
0.286 0.286 0.301 0.301 0.2445 0.2445 0.2625 0.2625 0.2625 0.2495 0.2495 0.2675 0.2675 0.262 0.262 0.267 0.267 0.267 0.261 0.261 0.279 0.279 0.278 0.278 0.278 0.2655 0.2655 0.278 0.278 0.2655 0.2655 0.2655 0.2905 0.2905 0.3005 0.3005 0.293 0.293 0.293 0.2885 0.2885 0.2695 0.2695 0.291 0.291 0.291 0.2815 0.2815 0.2945 0.2945 0.299 0.299 0.2935 0.2935 0.2935 0.2715 0.2715 0.274 0.274 0.2825 0.2825 0.2825 0.2765 0.2765 0.2565 0.2565 0.259 0.259 0.259 0.256 0.256 0.2505 0.2505 0.241 0.241 0.241 0.227
0.2685 0.2685 0.273 0.273 0.2705 0.2705 0.2505 0.2505 0.2505 0.2675 0.2675 0.254 0.254 0.2615 0.2615 0.256 0.256 0.256 0.274 0.274 0.258 0.258 0.269 0.269 0.269 0.2545 0.2545 0.301 0.301 0.282 0.282 0.282 0.2785 0.2785 0.297 0.297 0.2835 0.2835 0.2835 0.2855 0.2855 0.2805 0.2805 0.28 0.28 0.28 0.3035 0.3035 0.2875 0.2875 0.296 0.296 0.298 0.298 0.298 0.2705 0.2705 0.2665 0.2665 0.29 0.29 0.29 0.271 0.271 0.265 0.265 0.2615 0.2615 0.2615 0.266 0.266 0.2565 0.2565 0.2525 0.2525 0.2525 0.2455
0.2685 0.2685 0.273 0.273 0.2705 0.2705 0.2505 0.2505 0.2505 0.2675 0.2675 0.254 0.254 0.2615 0.2615 0.256 0.256 0.256 0.274 0.274 0.258 0.258 0.269 0.269 0.269 0.2545 0.2545 0.301 0.301 0.282 0.282 0.282 0.2785 0.2785 0.297 0.297 0.2835 0.2835 0.2835 0.2855 0.2855 0.2805 0.2805 0.28 0.28 0.28 0.3035 0.3035 0.2875 0.2875 0.296 0.296 0.298 0.298 0.298 0.2705 0.2705 0.2665 0.2665 0.29 0.29 0.29 0.271 0.271 0.265 0.265 0.2615 0.2615 0.2615 0.266 0.266 0.2565 0.2565 0.2525 0.2525 0.2525 0.2455
0.2685 0.2685 0.273 0.273 0.2705 0.2705 0.2505 0.2505 0.2505 0.2675 0.2675 0.254 0.254 0.2615 0.2615 0.256 0.256 0.256 0.274 0.274 0.258 0.258 0.269 0.269 0.269 0.2545 0.2545 0.301 0.301 0.282 0.282 0.282 0.2785 0.2785 0.297 0.297 0.2835 0.2835 0.2835 0.2855 0.2855 0.2805 0.2805 0.28 0.28 0.28 0.3035 0.3035 0.2875 0.2875 0.296 0.296 0.298 0.298 0.298 0.2705 0.2705 0.2665 0.2665 0.29 0.29 0.29 0.271 0.271 0.265 0.265 0.2615 0.2615 0.2615 0.266 0.266 0.2565 0.2565 0.2525 0.2525 0.2525 0.2455
0.29 0.29 0.2475 0.2475 0.253 0.253 0.249 0.249 0.249 0.25 0.25 0.2585 0.2585 0.262 0.262 0.282 0.282 0.282 0.3085 0.3085 0.277 0.277 0.283 0.283 0.283 0.288 0.288 0.3075 0.3075 0.28 0.28 0.28 0.296 0.296 0.2885 0.2885 0.2935 0.2935 0.2935 0.3 0.3 0.274 0.274 0.2985 0.2985 0.2985 0.293 0.293 0.2825 0.2825 0.2885 0.2885 0.3105 0.3105 0.3105 0.284 0.284 0.2775 0.2775 0.27 0.27 0.27 0.2795 0.2795 0.2695 0.2695 0.2675 0.2675 0.2675 0.2615 0.2615 0.239 0.239 0.2535 0.2535 0.2535 0.258
0.29 0.29 0.2475 0.2475 0.253 0.253 0.249 0.249 0.249 0.25 0.25 0.2585 0.2585 0.262 0.262 0.282 0.282 0.282 0.3085 0.3085 0.277 0.277 0.283 0.283 0.283 0.288 0.288 0.3075 0.3075 0.28 0.28 0.28 0.296 0.296 0.2885 0.2885 0.2935 0.2935 0.2935 0.3 0.3 0.274 0.274 0.2985 0.2985 0.2985 0.293 0.293 0.2825 0.2825 0.2885 0.2885 0.3105 0.3105 0.3105 0.284 0.284 0.2775 0.2775 0.27 0.27 0.27 0.2795 0.2795 0.2695 0.2695 0.2675 0.2675 0.2675 0.2615 0.2615 0.239 0.239 0.2535 0.2535 0.2535 0.258
0.283 0.283 0.252 0.252 0.2625 0.2625 0.256 0.256 0.256 0.261 0.261 0.249 0.249 0.2805 0.2805 0.289 0.289 0.289 0.3055 0.3055 0.2975 0.2975 0.2955 0.2955 0.2955 0.262 0.262 0.279 0.279 0.2765 0.2765 0.2765 0.304 0.304 0.2765 0.2765 0.293 0.293 0.293 0.292 0.292 0.28 0.28 0.2735 0.2735 0.2735 0.273 0.273 0.2765 0.2765 0.2765 0.2765 0.288 0.288 0.288 0.2695 0.2695 0.2795 0.2795 0.299 0.299 0.299 0.28 0.28 0.286 0.286 0.28 0.28 0.28 0.2805 0.2805 0.257 0.257 0.258 0.258 0.258 0.2635
0.283 0.283 0.252 0.252 0.2625 0.2625 0.256 0.256 0.256 0.261 0.261 0.249 0.249 0.2805 0.2805 0.289 0.289 0.289 0.3055 0.3055 0.2975 0.2975 0.2955 0.2955 0.2955 0.262 0.262 0.279 0.279 0.2765 0.2765 0.2765 0.304 0.304 0.2765 0.2765 0.293 0.293 0.293 0.292 0.292 0.28 0.28 0.2735 0.2735 0.2735 0.273 0.273 0.2765 0.2765 0.2765 0.2765 0.288 0.288 0.288 0.2695 0.2695 0.2795 0.2795 0.299 0.299 0.299 0.28 0.28 0.286 0.286 0.28 0.28 0.28 0.2805 0.2805 0.257 0.257 0.258 0.258 0.258 0.2635
0.2875 0.2875 0.267 0.267 0.2675 0.2675 0.2725 0.2725 0.2725 0.271 0.271 0.2765 0.2765 0.2785 0.2785 0.276 0.276 0.276 0.266 0.266 0.281 0.281 0.294 0.294 0.294 0.27 0.27 0.2635 0.2635 0.2745 0.2745 0.2745 0.298 0.298 0.2925 0.2925 0.3085 0.3085 0.3085 0.311 0.311 0.2975 0.2975 0.3055 0.3055 0.3055 0.2615 0.2615 0.2975 0.2975 0.291 0.291 0.2975 0.2975 0.2975 0.292 0.292 0.2685 0.2685 0.273 0.273 0.273 0.275 0.275 0.2735 0.2735 0.279 0.279 0.279 0.306 0.306 0.272 0.272 0.2655 0.2655 0.2655 0.2715
0.2875 0.2875 0.267 0.267 0.2675 0.2675 0.2725 0.2725 0.2725 0.271 0.271 0.2765 0.2765 0.2785 0.2785 0.276 0.276 0.276 0.266 0.266 0.281 0.281 0.294 0.294 0.294 0.27 0.27 0.2635 0.2635 0.2745 0.2745 0.2745 0.298 0.298 0.2925 0.2925 0.3085 0.3085 0.3085 0.311 0.311 0.2975 0.2975 0.3055 0.3055 0.3055 0.2615 0.2615 0.2975 0.2975 0.291 0.291 0.2975 0.2975 0.2975 0.292 0.292 0.2685 0.2685 0.273 0.273 0.273 0.275 0.275 0.2735 0.2735 0.279 0.279 0.279 0.306 0.306 0.272 0.272 0.2655 0.2655 0.2655 0.2715
0.2785 0.2785 0.2975 0.2975 0.255 0.255 0.2645 0.2645 0.2645 0.29 0.29 0.2805 0.2805 0.279 0.279 0.2875 0.2875 0.2875 0.2845 0.2845 0.279 0.279 0.288 0.288 0.288 0.3015 0.3015 0.2715 0.2715 0.292 0.292 0.292 0.283 0.283 0.2835 0.2835 0.282 0.282 0.282 0.294 0.294 0.2975 0.2975 0.2875 0.2875 0.2875 0.28 0.28 0.292 0.292 0.291 0.291 0.295 0.295 0.295 0.293 0.293 0.274 0.274 0.267 0.267 0.267 0.2895 0.2895 0.291 0.291 0.2935 0.2935 0.2935 0.276 0.276 0.2665 0.2665 0.268 0.268 0.268 0.26
0.2785 0.2785 0.2975 0.2975 0.255 0.255 0.2645 0.2645 0.2645 0.29 0.29 0.2805 0.2805 0.279 0.279 0.2875 0.2875 0.2875 0.2845 0.2845 0.279 0.279 0.288 0.288 0.288 0.3015 0.3015 0.2715 0.2715 0.292 0.292 0.292 0.283 0.283 0.2835 0.2835 0.282 0.282 0.282 0.294 0.294 0.2975 0.2975 0.2875 0.2875 0.2875 0.28 0.28 0.292 0.292 0.291 0.291 0.295 0.295 0.295 0.293 0.293 0.274 0.274 0.267 0.267 0.267 0.2895 0.2895 0.291 0.291 0.2935 0.2935 0.2935 0.276 0.276 0.2665 0.2665 0.268 0.268 0.268 0.26
0.2785 0.2785 0.2975 0.2975 0.255 0.255 0.2645 0.2645 0.2645 0.29 0.29 0.2805 0.2805 0.279 0.279 0.2875 0.2875 0.2875 0.2845 0.2845 0.279 0.279 0.288 0.288 0.288 0.3015 0.3015 0.2715 0.2715 0.292 0.292 0.292 0.283 0.283 0.2835 0.2835 0.282 0.282 0.282 0.294 0.294 0.2975 0.2975 0.2875 0.2875 0.2875 0.28 0.28 0.292 0.292 0.291 0.291 0.295 0.295 0.295 0.293 0.293 0.274 0.274 0.267 0.267 0.267 0.2895 0.2895 0.291 0.291 0.2935 0.2935 0.2935 0.276 0.276 0.2665 0.2665 0.268 0.268 0.268 0.26
0.282 0.282 0.2805 0.2805 0.27 0.27 0.2955 0.2955 0.2955 0.289 0.289 0.285 0.285 0.2875 0.2875 0.267 0.267 0.267 0.2755 0.2755 0.275 0.275 0.276 0.276 0.276 0.304 0.304 0.288 0.288 0.2865 0.2865 0.2865 0.3095 0.3095 0.2885 0.2885 0.28 0.28 0.28 0.268 0.268 0.2855 0.2855 0.28 0.28 0.28 0.2915 0.2915 0.2935 0.2935 0.29 0.29 0.3115 0.3115 0.3115 0.298 0.298 0.2845 0.2845 0.2905 0.2905 0.2905 0.2795 0.2795 0.279 0.279 0.299 0.299 0.299 0.3065 0.3065 0.28 0.28 0.2755 0.2755 0.2755 0.261
0.282 0.282 0.2805 0.2805 0.27 0.27 0.2955 0.2955 0.2955 0.289 0.289 0.285 0.285 0.2875 0.2875 0.267 0.267 0.267 0.2755 0.2755 0.275 0.275 0.276 0.276 0.276 0.304 0.304 0.288 0.288 0.2865 0.2865 0.2865 0.3095 0.3095 0.2885 0.2885 0.28 0.28 0.28 0.268 0.268 0.2855 0.2855 0.28 0.28 0.28 0.2915 0.2915 0.2935 0.2935 0.29 0.29 0.3115 0.3115 0.3115 0.298 0.298 0.2845 0.2845 0.2905 0.2905 0.2905 0.2795 0.2795 0.279 0.279 0.299 0.299 0.299 0.3065 0.3065 0.28 0.28 0.2755 0.2755 0.2755 0.261
0.2805 0.2805 0.275 0.275 0.2795 0.2795 0.2875 0.2875 0.2875 0.297 0.297 0.273 0.273 0.2925 0.2925 0.286 0.286 0.286 0.291 0.291 0.2975 0.2975 0.3025 0.3025 0.3025 0.311 0.311 0.331 0.331 0.2875 0.2875 0.2875 0.314 0.314 0.319 0.319 0.3025 0.3025 0.3025 0.299 0.299 0.3005 0.3005 0.298 0.298 0.298 0.2925 0.2925 0.284 0.284 0.3035 0.3035 0.298 0.298 0.298 0.3015 0.3015 0.301 0.301 0.2965 0.2965 0.2965 0.2925 0.2925 0.2785 0.2785 0.3 0.3 0.3 0.3 0.3 0.29 0.29 0.2875 0.2875 0.2875 0.2825
0.2805 0.2805 0.275 0.275 0.2795 0.2795 0.2875 0.2875 0.2875 0.297 0.297 0.273 0.273 0.2925 0.2925 0.286 0.286 0.286 0.291 0.291 0.2975 0.2975 0.3025 0.3025 0.3025 0.311 0.311 0.331 0.331 0.2875 0.2875 0.2875 0.314 0.314 0.319 0.319 0.3025 0.3025 0.3025 0.299 0.299 0.3005 0.3005 0.298 0.298 0.298 0.2925 0.2925 0.284 0.284 0.3035 0.3035 0.298 0.298 0.298 0.3015 0.3015 0.301 0.301 0.2965 0.2965 0.2965 0.2925 0.2925 0.2785 0.2785 0.3 0.3 0.3 0.3 0.3 0.29 0.29 0.2875 0.2875 0.2875 0.2825
0.2825 0.2825 0.283 0.283 0.291 0.291 0.2805 0.2805 0.2805 0.294 0.294 0.285 0.285 0.29 0.29 0.289 0.289 0.289 0.297 0.297 0.2885 0.2885 0.303 0.303 0.303 0.3185 0.3185 0.3155 0.3155 0.267 0.267 0.267 0.305 0.305 0.305 0.305 0.3125 0.3125 0.3125 0.296 0.296 0.2985 0.2985 0.304 0.304 0.304 0.32 0.32 0.311 0.311 0.3175 0.3175 0.3095 0.3095 0.3095 0.3175 0.3175 0.3095 0.3095 0.317 0.317 0.317 0.3105 0.3105 0.2835 0.2835 0.3075 0.3075 0.3075 0.3235 0.3235 0.3145 0.3145 0.3095 0.3095 0.3095 0.2905
0.2825 0.2825 0.283 0.283 0.291 0.291 0.2805 0.2805 0.2805 0.294 0.294 0.285 0.285 0.29 0.29 0.289 0.289 0.289 0.297 0.297 0.2885 0.2885 0.303 0.303 0.303 0.3185 0.3185 0.3155 0.3155 0.267 0.267 0.267 0.305 0.305 0.305 0.305 0.3125 0.3125 0.3125 0.296 0.296 0.2985 0.2985 0.304 0.304 0.304 0.32 0.32 0.311 0.311 0.3175 0.3175 0.3095 0.3095 0.3095 0.3175 0.3175 0.3095 0.3095 0.317 0.317 0.317 0.3105 0.3105 0.2835 0.2835 0.3075 0.3075 0.3075 0.3235 0.3235 0.3145 0.3145 0.3095 0.3095 0.3095 0.2905
0.2825 0.2825 0.283 0.283 0.291 0.291 0.2805 0.2805 0.2805 0.294 0.294 0.285 0.285 0.29 0.29 0.289 0.289 0.289 0.297 0.297 0.2885 0.2885 0.303 0.303 0.303 0.3185 0.3185 0.3155 0.3155 0.267 0.267 0.267 0.305 0.305 0.305 0.305 0.3125 0.3125 0.3125 0.296 0.296 0.2985 0.2985 0.304 0.304 0.304 0.32 0.32 0.311 0.311 0.3175 0.3175 0.3095 0.3095 0.3095 0.3175 0.3175 0.3095 0.3095 0.317 0.317 0.317 0.3105 0.3105 0.2835 0.2835 0.3075 0.3075 0.3075 0.3235 0.3235 0.3145 0.3145 0.3095 0.3095 0.3095 0.2905
0.267 0.267 0.2695 0.2695 0.3305 0.3305 0.314 0.314 0.314 0.2925 0.2925 0.291 0.291 0.2865 0.2865 0.2755 0.2755 0.2755 0.298 0.298 0.295 0.295 0.312 0.312 0.312 0.3115 0.3115 0.318 0.318 0.296 0.296 0.296 0.3285 0.3285 0.317 0.317 0.316 0.316 0.316 0.3065 0.3065 0.3135 0.3135 0.3025 0.3025 0.3025 0.3195 0.3195 0.325 0.325 0.2995 0.2995 0.3185 0.3185 0.3185 0.322 0.322 0.3165 0.3165 0.304 0.304 0.304 0.312 0.312 0.302 0.302 0.2895 0.2895 0.2895 0.3055 0.3055 0.3215 0.3215 0.314 0.314 0.314 0.293
0.267 0.267 0.2695 0.2695 0.3305 0.3305 0.314 0.314 0.314 0.2925 0.2925 0.291 0.291 0.2865 0.2865 0.2755 0.2755 0.2755 0.298 0.298 0.295 0.295 0.312 0.312 0.312 0.3115 0.3115 0.318 0.318 0.296 0.296 0.296 0.3285 0.3285 0.317 0.317 0.316 0.316 0.316 0.3065 0.3065 0.3135 0.3135 0.3025 0.3025 0.3025 0.3195 0.3195 0.325 0.325 0.2995 0.2995 0.3185 0.3185 0.3185 0.322 0.322 0.3165 0.3165 0.304 0.304 0.304 0.312 0.312 0.302 0.302 0.2895 0.2895 0.2895 0.3055 0.3055 0.3215 0.3215 0.314 0.314 0.314 0.293
0.289 0.289 0.308 0.308 0.326 0.326 0.3205 0.3205 0.3205 0.309 0.309 0.3055 0.3055 0.2935 0.2935 0.301 0.301 0.301 0.285 0.285 0.305 0.305 0.307 0.307 0.307 0.3085 0.3085 0.306 0.306 0.311 0.311 0.311 0.2885 0.2885 0.3145 0.3145 0.301 0.301 0.301 0.3105 0.3105 0.3085 0.3085 0.307 0.307 0.307 0.31 0.31 0.3145 0.3145 0.317 0.317 0.312 0.312 0.312 0.324 0.324 0.344 0.344 0.347 0.347 0.347 0.3275 0.3275 0.362 0.362 0.342 0.342 0.342 0.3115 0.3115 0.34 0.34 0.3325 0.3325 0.3325 0.3
0.289 0.289 0.308 0.308 0.326 0.326 0.3205 0.3205 0.3205 0.309 0.309 0.3055 0.3055 0.2935 0.2935 0.301 0.301 0.301 0.285 0.285 0.305 0.305 0.307 0.307 0.307 0.3085 0.3085 0.306 0.306 0.311 0.311 0.311 0.2885 0.2885 0.3145 0.3145 0.301 0.301 0.301 0.3105 0.3105 0.3085 0.3085 0.307 0.307 0.307 0.31 0.31 0.3145 0.3145 0.317 0.317 0.312 0.312 0.312 0.324 0.324 0.344 0.344 0.347 0.347 0.347 0.3275 0.3275 0.362 0.362 0.342 0.342 0.342 0.3115 0.3115 0.34 0.34 0.3325 0.3325 0.3325 0.3
