ndvi/NOAA-311.asc
ncols         252
nrows         154
xllcorner     -18.017974
yllcorner     13.481982
cellsize      0.035948
NODATA_value  -9999
[rows 102 to 135 of 154, columns 154 to 230 of 252]
0.291 0.303 0.303 0.285 0.285 0.285 0.269 0.269 0.3015 0.3015 0.28 0.28 0.2905 0.2905 0.2905 0.313 0.313 0.3215 0.3215 0.3185 0.3185 0.3185 0.319 0.319 0.3275 0.3275 0.313 0.313 0.313 0.32 0.32 0.279 0.279 0.29 0.29 0.29 0.247 0.247 0.278 0.278 0.2855 0.2855 0.2855 0.304 0.304 0.332 0.332 0.334 0.334 0.3015 0.3015 0.3015 0.284 0.284 0.2635 0.2635 0.285 0.285 0.285 0.2815 0.2815 0.274 0.274 0.2945 0.2945 0.2945 0.3105 0.3105 0.2795 0.2795 0.3115 0.3115 0.3115 0.3165 0.3165 0.338 0.338
0.3415 0.326 0.326 0.332 0.332 0.332 0.2825 0.2825 0.291 0.291 0.3025 0.3025 0.3055 0.3055 0.3055 0.318 0.318 0.291 0.291 0.333 0.333 0.333 0.2935 0.2935 0.3175 0.3175 0.3095 0.3095 0.3095 0.328 0.328 0.3055 0.3055 0.284 0.284 0.284 0.2885 0.2885 0.295 0.295 0.313 0.313 0.313 0.3305 0.3305 0.357 0.357 0.365 0.365 0.3415 0.3415 0.3415 0.3045 0.3045 0.2625 0.2625 0.2865 0.2865 0.2865 0.2775 0.2775 0.309 0.309 0.3125 0.3125 0.3125 0.3 0.3 0.315 0.315 0.3105 0.3105 0.3105 0.3045 0.3045 0.347 0.347
0.3415 0.326 0.326 0.332 0.332 0.332 0.2825 0.2825 0.291 0.291 0.3025 0.3025 0.3055 0.3055 0.3055 0.318 0.318 0.291 0.291 0.333 0.333 0.333 0.2935 0.2935 0.3175 0.3175 0.3095 0.3095 0.3095 0.328 0.328 0.3055 0.3055 0.284 0.284 0.284 0.2885 0.2885 0.295 0.295 0.313 0.313 0.313 0.3305 0.3305 0.357 0.357 0.365 0.365 0.3415 0.3415 0.3415 0.3045 0.3045 0.2625 0.2625 0.2865 0.2865 0.2865 0.2775 0.2775 0.309 0.309 0.3125 0.3125 0.3125 0.3 0.3 0.315 0.315 0.3105 0.3105 0.3105 0.3045 0.3045 0.347 0.347
0.3415 0.326 0.326 0.332 0.332 0.332 0.2825 0.2825 0.291 0.291 0.3025 0.3025 0.3055 0.3055 0.3055 0.318 0.318 0.291 0.291 0.333 0.333 0.333 0.2935 0.2935 0.3175 0.3175 0.3095 0.3095 0.3095 0.328 0.328 0.3055 0.3055 0.284 0.284 0.284 0.2885 0.2885 0.295 0.295 0.313 0.313 0.313 0.3305 0.3305 0.357 0.357 0.365 0.365 0.3415 0.3415 0.3415 0.3045 0.3045 0.2625 0.2625 0.2865 0.2865 0.2865 0.2775 0.2775 0.309 0.309 0.3125 0.3125 0.3125 0.3 0.3 0.315 0.315 0.3105 0.3105 0.3105 0.3045 0.3045 0.347 0.347
0.3365 0.3385 0.3385 0.32 0.32 0.32 0.316 0.316 0.3065 0.3065 0.317 0.317 0.2975 0.2975 0.2975 0.311 0.311 0.298 0.298 0.3145 0.3145 0.3145 0.3045 0.3045 0.314 0.314 0.3235 0.3235 0.3235 0.369 0.369 0.3515 0.3515 0.339 0.339 0.339 0.3325 0.3325 0.3195 0.3195 0.414 0.414 0.414 0.372 0.372 0.359 0.359 0.3835 0.3835 0.35 0.35 0.35 0.4275 0.4275 0.3835 0.3835 0.3685 0.3685 0.3685 0.3115 0.3115 0.3315 0.3315 0.301 0.301 0.301 0.314 0.314 0.333 0.333 0.3095 0.3095 0.3095 0.351 0.351 0.348 0.348
0.3365 0.3385 0.3385 0.32 0.32 0.32 0.316 0.316 0.3065 0.3065 0.317 0.317 0.2975 0.2975 0.2975 0.311 0.311 0.298 0.298 0.3145 0.3145 0.3145 0.3045 0.3045 0.314 0.314 0.3235 0.3235 0.3235 0.369 0.369 0.3515 0.3515 0.339 0.339 0.339 0.3325 0.3325 0.3195 0.3195 0.414 0.414 0.414 0.372 0.372 0.359 0.359 0.3835 0.3835 0.35 0.35 0.35 0.4275 0.4275 0.3835 0.3835 0.3685 0.3685 0.3685 0.3115 0.3115 0.3315 0.3315 0.301 0.301 0.301 0.314 0.314 0.333 0.333 0.3095 0.3095 0.3095 0.351 0.351 0.348 0.348
0.376 0.358 0.358 0.3145 0.3145 0.3145 0.361 0.361 0.3015 0.3015 0.32 0.32 0.3025 0.3025 0.3025 0.302 0.302 0.314 0.314 0.3215 0.3215 0.3215 0.2885 0.2885 0.304 0.304 0.3235 0.3235 0.3235 0.386 0.386 0.39 0.39 0.3815 0.3815 0.3815 0.4455 0.4455 0.3685 0.3685 0.36 0.36 0.36 0.335 0.335 0.3385 0.3385 0.324 0.324 0.3555 0.3555 0.3555 0.382 0.382 0.396 0.396 0.4155 0.4155 0.4155 0.3525 0.3525 0.396 0.396 0.386 0.386 0.386 0.367 0.367 0.411 0.411 0.3675 0.3675 0.3675 0.3755 0.3755 0.376 0.376
0.376 0.358 0.358 0.3145 0.3145 0.3145 0.361 0.361 0.3015 0.3015 0.32 0.32 0.3025 0.3025 0.3025 0.302 0.302 0.314 0.314 0.3215 0.3215 0.3215 0.2885 0.2885 0.304 0.304 0.3235 0.3235 0.3235 0.386 0.386 0.39 0.39 0.3815 0.3815 0.3815 0.4455 0.4455 0.3685 0.3685 0.36 0.36 0.36 0.335 0.335 0.3385 0.3385 0.324 0.324 0.3555 0.3555 0.3555 0.382 0.382 0.396 0.396 0.4155 0.4155 0.4155 0.3525 0.3525 0.396 0.396 0.386 0.386 0.386 0.367 0.367 0.411 0.411 0.3675 0.3675 0.3675 0.3755 0.3755 0.376 0.376
0.3465 0.373 0.373 0.375 0.375 0.375 0.3205 0.3205 0.304 0.304 0.2925 0.2925 0.298 0.298 0.298 0.3495 0.3495 0.351 0.351 0.3215 0.3215 0.3215 0.3305 0.3305 0.3305 0.3305 0.343 0.343 0.343 0.383 0.383 0.373 0.373 0.368 0.368 0.368 0.4135 0.4135 0.382 0.382 0.36 0.36 0.36 0.352 0.352 0.3415 0.3415 0.3465 0.3465 0.353 0.353 0.353 0.3885 0.3885 0.4145 0.4145 0.3905 0.3905 0.3905 0.393 0.393 0.3695 0.3695 0.3455 0.3455 0.3455 0.3975 0.3975 0.394 0.394 0.3875 0.3875 0.3875 0.369 0.369 0.369 0.369
0.3465 0.373 0.373 0.375 0.375 0.375 0.3205 0.3205 0.304 0.304 0.2925 0.2925 0.298 0.298 0.298 0.3495 0.3495 0.351 0.351 0.3215 0.3215 0.3215 0.3305 0.3305 0.3305 0.3305 0.343 0.343 0.343 0.383 0.383 0.373 0.373 0.368 0.368 0.368 0.4135 0.4135 0.382 0.382 0.36 0.36 0.36 0.352 0.352 0.3415 0.3415 0.3465 0.3465 0.353 0.353 0.353 0.3885 0.3885 0.4145 0.4145 0.3905 0.3905 0.3905 0.393 0.393 0.3695 0.3695 0.3455 0.3455 0.3455 0.3975 0.3975 0.394 0.394 0.3875 0.3875 0.3875 0.369 0.369 0.369 0.369
0.3465 0.373 0.373 0.375 0.375 0.375 0.3205 0.3205 0.304 0.304 0.2925 0.2925 0.298 0.298 0.298 0.3495 0.3495 0.351 0.351 0.3215 0.3215 0.3215 0.3305 0.3305 0.3305 0.3305 0.343 0.343 0.343 0.383 0.383 0.373 0.373 0.368 0.368 0.368 0.4135 0.4135 0.382 0.382 0.36 0.36 0.36 0.352 0.352 0.3415 0.3415 0.3465 0.3465 0.353 0.353 0.353 0.3885 0.3885 0.4145 0.4145 0.3905 0.3905 0.3905 0.393 0.393 0.3695 0.3695 0.3455 0.3455 0.3455 0.3975 0.3975 0.394 0.394 0.3875 0.3875 0.3875 0.369 0.369 0.369 0.369
0.325 0.3265 0.3265 0.32 0.32 0.32 0.316 0.316 0.313 0.313 0.2975 0.2975 0.31 0.31 0.31 0.3345 0.3345 0.3145 0.3145 0.3095 0.3095 0.3095 0.324 0.324 0.309 0.309 0.3535 0.3535 0.3535 0.3805 0.3805 0.3505 0.3505 0.4385 0.4385 0.4385 0.4125 0.4125 0.3955 0.3955 0.3355 0.3355 0.3355 0.33 0.33 0.352 0.352 0.337 0.337 0.4415 0.4415 0.4415 0.4205 0.4205 0.4255 0.4255 0.3965 0.3965 0.3965 0.384 0.384 0.4135 0.4135 0.406 0.406 0.406 0.3955 0.3955 0.3575 0.3575 0.372 0.372 0.372 0.3705 0.3705 0.3675 0.3675
0.325 0.3265 0.3265 0.32 0.32 0.32 0.316 0.316 0.313 0.313 0.2975 0.2975 0.31 0.31 0.31 0.3345 0.3345 0.3145 0.3145 0.3095 0.3095 0.3095 0.324 0.324 0.309 0.309 0.3535 0.3535 0.3535 0.3805 0.3805 0.3505 0.3505 0.4385 0.4385 0.4385 0.4125 0.4125 0.3955 0.3955 0.3355 0.3355 0.3355 0.33 0.33 0.352 0.352 0.337 0.337 0.4415 0.4415 0.4415 0.4205 0.4205 0.4255 0.4255 0.3965 0.3965 0.3965 0.384 0.384 0.4135 0.4135 0.406 0.406 0.406 0.3955 0.3955 0.3575 0.3575 0.372 0.372 0.372 0.3705 0.3705 0.3675 0.3675
0.357 0.3325 0.3325 0.3905 0.3905 0.3905 0.344 0.344 0.294 0.294 0.323 0.323 0.3015 0.3015 0.3015 0.295 0.295 0.321 0.321 0.3015 0.3015 0.3015 0.298 0.298 0.3195 0.3195 0.3115 0.3115 0.3115 0.354 0.354 0.3645 0.3645 0.385 0.385 0.385 0.396 0.396 0.359 0.359 0.354 0.354 0.354 0.3425 0.3425 0.328 0.328 0.3535 0.3535 0.393 0.393 0.393 0.3935 0.3935 0.4575 0.4575 0.4485 0.4485 0.4485 0.445 0.445 0.41 0.41 0.4215 0.4215 0.4215 0.3925 0.3925 0.373 0.373 0.3585 0.3585 0.3585 0.3595 0.3595 0.351 0.351
0.357 0.3325 0.3325 0.3905 0.3905 0.3905 0.344 0.344 0.294 0.294 0.323 0.323 0.3015 0.3015 0.3015 0.295 0.295 0.321 0.321 0.3015 0.3015 0.3015 0.298 0.298 0.3195 0.3195 0.3115 0.3115 0.3115 0.354 0.354 0.3645 0.3645 0.385 0.385 0.385 0.396 0.396 0.359 0.359 0.354 0.354 0.354 0.3425 0.3425 0.328 0.328 0.3535 0.3535 0.393 0.393 0.393 0.3935 0.3935 0.4575 0.4575 0.4485 0.4485 0.4485 0.445 0.445 0.41 0.41 0.4215 0.4215 0.4215 0.3925 0.3925 0.373 0.373 0.3585 0.3585 0.3585 0.3595 0.3595 0.351 0.351
0.3505 0.317 0.317 0.302 0.302 0.302 0.3525 0.3525 0.3145 0.3145 0.314 0.314 0.349 0.349 0.349 0.321 0.321 0.322 0.322 0.326 0.326 0.326 0.3195 0.3195 0.3115 0.3115 0.298 0.298 0.298 0.3205 0.3205 0.3545 0.3545 0.384 0.384 0.384 0.3205 0.3205 0.2905 0.2905 0.354 0.354 0.354 0.4045 0.4045 0.414 0.414 0.415 0.415 0.4195 0.4195 0.4195 0.433 0.433 0.4375 0.4375 0.4305 0.4305 0.4305 0.4245 0.4245 0.4025 0.4025 0.401 0.401 0.401 0.3965 0.3965 0.3845 0.3845 0.41 0.41 0.41 0.361 0.361 0.406 0.406
0.3505 0.317 0.317 0.302 0.302 0.302 0.3525 0.3525 0.3145 0.3145 0.314 0.314 0.349 0.349 0.349 0.321 0.321 0.322 0.322 0.326 0.326 0.326 0.3195 0.3195 0.3115 0.3115 0.298 0.298 0.298 0.3205 0.3205 0.3545 0.3545 0.384 0.384 0.384 0.3205 0.3205 0.2905 0.2905 0.354 0.354 0.354 0.4045 0.4045 0.414 0.414 0.415 0.415 0.4195 0.4195 0.4195 0.433 0.433 0.4375 0.4375 0.4305 0.4305 0.4305 0.4245 0.4245 0.4025 0.4025 0.401 0.401 0.401 0.3965 0.3965 0.3845 0.3845 0.41 0.41 0.41 0.361 0.361 0.406 0.406
0.3505 0.317 0.317 0.302 0.302 0.302 0.3525 0.3525 0.3145 0.3145 0.314 0.314 0.349 0.349 0.349 0.321 0.321 0.322 0.322 0.326 0.326 0.326 0.3195 0.3195 0.3115 0.3115 0.298 0.298 0.298 0.3205 0.3205 0.3545 0.3545 0.384 0.384 0.384 0.3205 0.3205 0.2905 0.2905 0.354 0.354 0.354 0.4045 0.4045 0.414 0.414 0.415 0.415 0.4195 0.4195 0.4195 0.433 0.433 0.4375 0.4375 0.4305 0.4305 0.4305 0.4245 0.4245 0.4025 0.4025 0.401 0.401 0.401 0.3965 0.3965 0.3845 0.3845 0.41 0.41 0.41 0.361 0.361 0.406 0.406
0.351 0.359 0.359 0.335 0.335 0.335 0.331 0.331 0.3245 0.3245 0.3675 0.3675 0.366 0.366 0.366 0.3405 0.3405 0.364 0.364 0.38 0.38 0.38 0.3965 0.3965 0.359 0.359 0.3635 0.3635 0.3635 0.3675 0.3675 0.3545 0.3545 0.2865 0.2865 0.2865 0.3775 0.3775 0.4125 0.4125 0.3875 0.3875 0.3875 0.4125 0.4125 0.4531 0.4531 0.391 0.391 0.4085 0.4085 0.4085 0.3965 0.3965 0.436 0.436 0.4305 0.4305 0.4305 0.4055 0.4055 0.447 0.447 0.415 0.415 0.415 0.389 0.389 0.402 0.402 0.421 0.421 0.421 0.416 0.416 0.384 0.384
0.351 0.359 0.359 0.335 0.335 0.335 0.331 0.331 0.3245 0.3245 0.3675 0.3675 0.366 0.366 0.366 0.3405 0.3405 0.364 0.364 0.38 0.38 0.38 0.3965 0.3965 0.359 0.359 0.3635 0.3635 0.3635 0.3675 0.3675 0.3545 0.3545 0.2865 0.2865 0.2865 0.3775 0.3775 0.4125 0.4125 0.3875 0.3875 0.3875 0.4125 0.4125 0.4531 0.4531 0.391 0.391 0.4085 0.4085 0.4085 0.3965 0.3965 0.436 0.436 0.4305 0.4305 0.4305 0.4055 0.4055 0.447 0.447 0.415 0.415 0.415 0.389 0.389 0.402 0.402 0.421 0.421 0.421 0.416 0.416 0.384 0.384
0.4005 0.4155 0.4155 0.3725 0.3725 0.3725 0.3175 0.3175 0.3335 0.3335 0.346 0.346 0.362 0.362 0.362 0.4155 0.4155 0.429 0.429 0.3895 0.3895 0.3895 0.4385 0.4385 0.4225 0.4225 0.3725 0.3725 0.3725 0.336 0.336 0.336 0.336 0.3415 0.3415 0.3415 0.4025 0.4025 0.38 0.38 0.3635 0.3635 0.3635 0.4095 0.4095 0.435 0.435 0.4305 0.4305 0.472 0.472 0.472 0.436 0.436 0.4245 0.4245 0.463 0.463 0.463 0.392 0.392 0.4265 0.4265 0.4415 0.4415 0.4415 0.395 0.395 0.457 0.457 0.4515 0.4515 0.4515 0.4185 0.4185 0.4295 0.4295
0.4005 0.4155 0.4155 0.3725 0.3725 0.3725 0.3175 0.3175 0.3335 0.3335 0.346 0.346 0.362 0.362 0.362 0.4155 0.4155 0.429 0.429 0.3895 0.3895 0.3895 0.4385 0.4385 0.4225 0.4225 0.3725 0.3725 0.3725 0.336 0.336 0.336 0.336 0.3415 0.3415 0.3415 0.4025 0.4025 0.38 0.38 0.3635 0.3635 0.3635 0.4095 0.4095 0.435 0.435 0.4305 0.4305 0.472 0.472 0.472 0.436 0.436 0.4245 0.4245 0.463 0.463 0.463 0.392 0.392 0.4265 0.4265 0.4415 0.4415 0.4415 0.395 0.395 0.457 0.457 0.4515 0.4515 0.4515 0.4185 0.4185 0.4295 0.4295
0.364 0.405 0.405 0.3615 0.3615 0.3615 0.3335 0.3335 0.4075 0.4075 0.3755 0.3755 0.4075 0.4075 0.4075 0.437 0.437 0.399 0.399 0.3805 0.3805 0.3805 0.3795 0.3795 0.379 0.379 0.3395 0.3395 0.3395 0.322 0.322 0.3695 0.3695 0.347 0.347 0.347 0.392 0.392 0.3885 0.3885 0.3925 0.3925 0.3925 0.3995 0.3995 0.4135 0.4135 0.4505 0.4505 0.443 0.443 0.443 0.4635 0.4635 0.436 0.436 0.4455 0.4455 0.4455 0.44 0.44 0.414 0.414 0.4405 0.4405 0.4405 0.433 0.433 0.4245 0.4245 0.425 0.425 0.425 0.3985 0.3985 0.4285 0.4285
0.364 0.405 0.405 0.3615 0.3615 0.3615 0.3335 0.3335 0.4075 0.4075 0.3755 0.3755 0.4075 0.4075 0.4075 0.437 0.437 0.399 0.399 0.3805 0.3805 0.3805 0.3795 0.3795 0.379 0.379 0.3395 0.3395 0.3395 0.322 0.322 0.3695 0.3695 0.347 0.347 0.347 0.392 0.392 0.3885 0.3885 0.3925 0.3925 0.3925 0.3995 0.3995 0.4135 0.4135 0.4505 0.4505 0.443 0.443 0.443 0.4635 0.4635 0.436 0.436 0.4455 0.4455 0.4455 0.44 0.44 0.414 0.414 0.4405 0.4405 0.4405 0.433 0.433 0.4245 0.4245 0.425 0.425 0.425 0.3985 0.3985 0.4285 0.4285
0.37 0.4425 0.4425 0.391 0.391 0.391 0.3765 0.3765 0.419 0.419 0.385 0.385 0.4095 0.4095 0.4095 0.4135 0.4135 0.407 0.407 0.4175 0.4175 0.4175 0.3685 0.3685 0.35 0.35 0.36 0.36 0.36 0.3375 0.3375 0.3645 0.3645 0.35 0.35 0.35 0.35 0.35 0.3855 0.3855 0.3485 0.3485 0.3485 0.4285 0.4285 0.4845 0.4845 0.456 0.456 0.467 0.467 0.467 0.4425 0.4425 0.4335 0.4335 0.425 0.425 0.425 0.4555 0.4555 0.4455 0.4455 0.4695 0.4695 0.4695 0.479 0.479 0.447 0.447 0.423 0.423 0.423 0.4 0.4 0.415 0.415
0.37 0.4425 0.4425 0.391 0.391 0.391 0.3765 0.3765 0.419 0.419 0.385 0.385 0.4095 0.4095 0.4095 0.4135 0.4135 0.407 0.407 0.4175 0.4175 0.4175 0.3685 0.3685 0.35 0.35 0.36 0.36 0.36 0.3375 0.3375 0.3645 0.3645 0.35 0.35 0.35 0.35 0.35 0.3855 0.3855 0.3485 0.3485 0.3485 0.4285 0.4285 0.4845 0.4845 0.456 0.456 0.467 0.467 0.467 0.4425 0.4425 0.4335 0.4335 0.425 0.425 0.425 0.4555 0.4555 0.4455 0.4455 0.4695 0.4695 0.4695 0.479 0.479 0.447 0.447 0.423 0.423 0.423 0.4 0.4 0.415 0.415
0.37 0.4425 0.4425 0.391 0.391 0.391 0.3765 0.3765 0.419 0.419 0.385 0.385 0.4095 0.4095 0.4095 0.4135 0.4135 0.407 0.407 0.4175 0.4175 0.4175 0.3685 0.3685 0.35 0.35 0.36 0.36 0.36 0.3375 0.3375 0.3645 0.3645 0.35 0.35 0.35 0.35 0.35 0.3855 0.3855 0.3485 0.3485 0.3485 0.4285 0.4285 0.4845 0.4845 0.456 0.456 0.467 0.467 0.467 0.4425 0.4425 0.4335 0.4335 0.425 0.425 0.425 0.4555 0.4555 0.4455 0.4455 0.4695 0.4695 0.4695 0.479 0.479 0.447 0.447 0.423 0.423 0.423 0.4 0.4 0.415 0.415
0.4205 0.44 0.44 0.3935 0.3935 0.3935 0.3415 0.3415 0.408 0.408 0.424 0.424 0.444 0.444 0.444 0.4025 0.4025 0.3785 0.3785 0.3705 0.3705 0.3705 0.4115 0.4115 0.363 0.363 0.3335 0.3335 0.3335 0.337 0.337 0.3205 0.3205 0.3495 0.3495 0.3495 0.3475 0.3475 0.3765 0.3765 0.4195 0.4195 0.4195 0.4425 0.4425 0.4585 0.4585 0.4605 0.4605 0.4635 0.4635 0.4635 0.471 0.471 0.442 0.442 0.4935 0.4935 0.4935 0.474 0.474 0.4815 0.4815 0.451 0.451 0.451 0.4745 0.4745 0.4915 0.4915 0.43 0.43 0.43 0.4245 0.4245 0.4355 0.4355
0.4205 0.44 0.44 0.3935 0.3935 0.3935 0.3415 0.3415 0.408 0.408 0.424 0.424 0.444 0.444 0.444 0.4025 0.4025 0.3785 0.3785 0.3705 0.3705 0.3705 0.4115 0.4115 0.363 0.363 0.3335 0.3335 0.3335 0.337 0.337 0.3205 0.3205 0.3495 0.3495 0.3495 0.3475 0.3475 0.3765 0.3765 0.4195 0.4195 0.4195 0.4425 0.4425 0.4585 0.4585 0.4605 0.4605 0.4635 0.4635 0.4635 0.471 0.471 0.442 0.442 0.4935 0.4935 0.4935 0.474 0.474 0.4815 0.4815 0.451 0.451 0.451 0.4745 0.4745 0.4915 0.4915 0.43 0.43 0.43 0.4245 0.4245 0.4355 0.4355
0.424 0.433 0.433 0.3875 0.3875 0.3875 0.36 0.36 0.3585 0.3585 0.394 0.394 0.3995 0.3995 0.3995 0.3605 0.3605 0.356 0.356 0.3535 0.3535 0.3535 0.365 0.365 0.401 0.401 0.3845 0.3845 0.3845 0.3825 0.3825 0.31 0.31 0.351 0.351 0.351 0.366 0.366 0.3365 0.3365 0.381 0.381 0.381 0.478 0.478 0.511 0.511 0.478 0.478 0.494 0.494 0.494 0.5305 0.5305 0.5275 0.5275 0.538 0.538 0.538 0.5255 0.5255 0.4945 0.4945 0.469 0.469 0.469 0.471 0.471 0.462 0.462 0.427 0.427 0.427 0.4325 0.4325 0.455 0.455
0.424 0.433 0.433 0.3875 0.3875 0.3875 0.36 0.36 0.3585 0.3585 0.394 0.394 0.3995 0.3995 0.3995 0.3605 0.3605 0.356 0.356 0.3535 0.3535 0.3535 0.365 0.365 0.401 0.401 0.3845 0.3845 0.3845 0.3825 0.3825 0.31 0.31 0.351 0.351 0.351 0.366 0.366 0.3365 0.3365 0.381 0.381 0.381 0.478 0.478 0.511 0.511 0.478 0.478 0.494 0.494 0.494 0.5305 0.5305 0.5275 0.5275 0.538 0.538 0.538 0.5255 0.5255 0.4945 0.4945 0.469 0.469 0.469 0.471 0.471 0.462 0.462 0.427 0.427 0.427 0.4325 0.4325 0.455 0.455
0.4375 0.4615 0.4615 0.3995 0.3995 0.3995 0.3945 0.3945 0.411 0.411 0.391 0.391 0.395 0.395 0.395 0.398 0.398 0.3795 0.3795 0.358 0.358 0.358 0.3715 0.3715 0.37 0.37 0.403 0.403 0.403 0.368 0.368 0.3945 0.3945 0.372 0.372 0.372 0.3785 0.3785 0.354 0.354 0.3815 0.3815 0.3815 0.4215 0.4215 0.513 0.513 0.5445 0.5445 0.5105 0.5105 0.5105 0.5265 0.5265 0.5305 0.5305 0.585 0.585 0.585 0.5605 0.5605 0.5145 0.5145 0.507 0.507 0.507 0.5025 0.5025 0.427 0.427 0.4505 0.4505 0.4505 0.4495 0.4495 0.484 0.484
0.4375 0.4615 0.4615 0.3995 0.3995 0.3995 0.3945 0.3945 0.411 0.411 0.391 0.391 0.395 0.395 0.395 0.398 0.398 0.3795 0.3795 0.358 0.358 0.358 0.3715 0.3715 0.37 0.37 0.403 0.403 0.403 0.368 0.368 0.3945 0.3945 0.372 0.372 0.372 0.3785 0.3785 0.354 0.354 0.3815 0.3815 0.3815 0.4215 0.4215 0.513 0.513 0.5445 0.5445 0.5105 0.5105 0.5105 0.5265 0.5265 0.5305 0.5305 0.585 0.585 0.585 0.5605 0.5605 0.5145 0.5145 0.507 0.507 0.507 0.5025 0.5025 0.427 0.427 0.4505 0.4505 0.4505 0.4495 0.4495 0.484 0.484
0.4375 0.4615 0.4615 0.3995 0.3995 0.3995 0.3945 0.3945 0.411 0.411 0.391 0.391 0.395 0.395 0.395 0.398 0.398 0.3795 0.3795 0.358 0.358 0.358 0.3715 0.3715 0.37 0.37 0.403 0.403 0.403 0.368 0.368 0.3945 0.3945 0.372 0.372 0.372 0.3785 0.3785 0.354 0.354 0.3815 0.3815 0.3815 0.4215 0.4215 0.513 0.513 0.5445 0.5445 0.5105 0.5105 0.5105 0.5265 0.5265 0.5305 0.5305 0.585 0.585 0.585 0.5605 0.5605 0.5145 0.5145 0.507 0.507 0.507 0.5025 0.5025 0.427 0.427 0.4505 0.4505 0.4505 0.4495 0.4495 0.484 0.484
