ndvi/NOAA-233.asc
ncols         252
nrows         154
xllcorner     -18.017974
yllcorner     13.481982
cellsize      0.035948
NODATA_value  -9999
[rows 0 to 33 of 154, columns 77 to 153 of 252]
0.1415 0.1415 0.141 0.141 0.1375 0.1375 0.1385 0.1385 0.1385 0.129 0.129 0.1355 0.1355 0.141 0.141 0.1325 0.1325 0.1325 0.141 0.141 0.1385 0.1385 0.135 0.135 0.135 0.1375 0.1375 0.1335 0.1335 0.131 0.131 0.131 0.125 0.125 0.126 0.126 0.126 0.126 0.126 0.1165 0.1165 0.1175 0.1175 0.122 0.122 0.122 0.12 0.12 0.1255 0.1255 0.117 0.117 0.123 0.123 0.123 0.1275 0.1275 0.1295 0.1295 0.1335 0.1335 0.1335 0.1345 0.1345 0.1345 0.1345 0.1355 0.1355 0.1355 0.131 0.131 0.126 0.126 0.1275 0.1275 0.1275 0.1265
0.1415 0.1415 0.141 0.141 0.1375 0.1375 0.1385 0.1385 0.1385 0.129 0.129 0.1355 0.1355 0.141 0.141 0.1325 0.1325 0.1325 0.141 0.141 0.1385 0.1385 0.135 0.135 0.135 0.1375 0.1375 0.1335 0.1335 0.131 0.131 0.131 0.125 0.125 0.126 0.126 0.126 0.126 0.126 0.1165 0.1165 0.1175 0.1175 0.122 0.122 0.122 0.12 0.12 0.1255 0.1255 0.117 0.117 0.123 0.123 0.123 0.1275 0.1275 0.1295 0.1295 0.1335 0.1335 0.1335 0.1345 0.1345 0.1345 0.1345 0.1355 0.1355 0.1355 0.131 0.131 0.126 0.126 0.1275 0.1275 0.1275 0.1265
0.14 0.14 0.1435 0.1435 0.1355 0.1355 0.141 0.141 0.141 0.14 0.14 0.1465 0.1465 0.1435 0.1435 0.147 0.147 0.147 0.1315 0.1315 0.1425 0.1425 0.138 0.138 0.138 0.1365 0.1365 0.135 0.135 0.131 0.131 0.131 0.1225 0.1225 0.1195 0.1195 0.1185 0.1185 0.1185 0.117 0.117 0.122 0.122 0.1225 0.1225 0.1225 0.1275 0.1275 0.1285 0.1285 0.1335 0.1335 0.141 0.141 0.141 0.1405 0.1405 0.1375 0.1375 0.1375 0.1375 0.1375 0.1345 0.1345 0.136 0.136 0.1355 0.1355 0.1355 0.132 0.132 0.127 0.127 0.1255 0.1255 0.1255 0.1425
0.14 0.14 0.1435 0.1435 0.1355 0.1355 0.141 0.141 0.141 0.14 0.14 0.1465 0.1465 0.1435 0.1435 0.147 0.147 0.147 0.1315 0.1315 0.1425 0.1425 0.138 0.138 0.138 0.1365 0.1365 0.135 0.135 0.131 0.131 0.131 0.1225 0.1225 0.1195 0.1195 0.1185 0.1185 0.1185 0.117 0.117 0.122 0.122 0.1225 0.1225 0.1225 0.1275 0.1275 0.1285 0.1285 0.1335 0.1335 0.141 0.141 0.141 0.1405 0.1405 0.1375 0.1375 0.1375 0.1375 0.1375 0.1345 0.1345 0.136 0.136 0.1355 0.1355 0.1355 0.132 0.132 0.127 0.127 0.1255 0.1255 0.1255 0.1425
0.14 0.14 0.1435 0.1435 0.1355 0.1355 0.141 0.141 0.141 0.14 0.14 0.1465 0.1465 0.1435 0.1435 0.147 0.147 0.147 0.1315 0.1315 0.1425 0.1425 0.138 0.138 0.138 0.1365 0.1365 0.135 0.135 0.131 0.131 0.131 0.1225 0.1225 0.1195 0.1195 0.1185 0.1185 0.1185 0.117 0.117 0.122 0.122 0.1225 0.1225 0.1225 0.1275 0.1275 0.1285 0.1285 0.1335 0.1335 0.141 0.141 0.141 0.1405 0.1405 0.1375 0.1375 0.1375 0.1375 0.1375 0.1345 0.1345 0.136 0.136 0.1355 0.1355 0.1355 0.132 0.132 0.127 0.127 0.1255 0.1255 0.1255 0.1425
0.14 0.14 0.142 0.142 0.1385 0.1385 0.1415 0.1415 0.1415 0.145 0.145 0.148 0.148 0.149 0.149 0.1445 0.1445 0.1445 0.139 0.139 0.143 0.143 0.137 0.137 0.137 0.1295 0.1295 0.121 0.121 0.1175 0.1175 0.1175 0.121 0.121 0.121 0.121 0.1225 0.1225 0.1225 0.124 0.124 0.1135 0.1135 0.1255 0.1255 0.1255 0.137 0.137 0.1445 0.1445 0.1375 0.1375 0.142 0.142 0.142 0.141 0.141 0.1425 0.1425 0.145 0.145 0.145 0.139 0.139 0.141 0.141 0.1375 0.1375 0.1375 0.1355 0.1355 0.137 0.137 0.1355 0.1355 0.1355 0.135
0.14 0.14 0.142 0.142 0.1385 0.1385 0.1415 0.1415 0.1415 0.145 0.145 0.148 0.148 0.149 0.149 0.1445 0.1445 0.1445 0.139 0.139 0.143 0.143 0.137 0.137 0.137 0.1295 0.1295 0.121 0.121 0.1175 0.1175 0.1175 0.121 0.121 0.121 0.121 0.1225 0.1225 0.1225 0.124 0.124 0.1135 0.1135 0.1255 0.1255 0.1255 0.137 0.137 0.1445 0.1445 0.1375 0.1375 0.142 0.142 0.142 0.141 0.141 0.1425 0.1425 0.145 0.145 0.145 0.139 0.139 0.141 0.141 0.1375 0.1375 0.1375 0.1355 0.1355 0.137 0.137 0.1355 0.1355 0.1355 0.135
0.132 0.132 0.142 0.142 0.1415 0.1415 0.1455 0.1455 0.1455 0.147 0.147 0.1435 0.1435 0.1425 0.1425 0.1455 0.1455 0.1455 0.1485 0.1485 0.1435 0.1435 0.124 0.124 0.124 0.123 0.123 0.1265 0.1265 0.1325 0.1325 0.1325 0.135 0.135 0.1345 0.1345 0.125 0.125 0.125 0.131 0.131 0.128 0.128 0.1325 0.1325 0.1325 0.1435 0.1435 0.144 0.144 0.138 0.138 0.1445 0.1445 0.1445 0.146 0.146 0.1445 0.1445 0.1395 0.1395 0.1395 0.138 0.138 0.1365 0.1365 0.1405 0.1405 0.1405 0.139 0.139 0.1415 0.1415 0.1395 0.1395 0.1395 0.137
0.132 0.132 0.142 0.142 0.1415 0.1415 0.1455 0.1455 0.1455 0.147 0.147 0.1435 0.1435 0.1425 0.1425 0.1455 0.1455 0.1455 0.1485 0.1485 0.1435 0.1435 0.124 0.124 0.124 0.123 0.123 0.1265 0.1265 0.1325 0.1325 0.1325 0.135 0.135 0.1345 0.1345 0.125 0.125 0.125 0.131 0.131 0.128 0.128 0.1325 0.1325 0.1325 0.1435 0.1435 0.144 0.144 0.138 0.138 0.1445 0.1445 0.1445 0.146 0.146 0.1445 0.1445 0.1395 0.1395 0.1395 0.138 0.138 0.1365 0.1365 0.1405 0.1405 0.1405 0.139 0.139 0.1415 0.1415 0.1395 0.1395 0.1395 0.137
0.1475 0.1475 0.1465 0.1465 0.1475 0.1475 0.1485 0.1485 0.1485 0.1485 0.1485 0.1445 0.1445 0.1435 0.1435 0.1475 0.1475 0.1475 0.148 0.148 0.141 0.141 0.139 0.139 0.139 0.1445 0.1445 0.144 0.144 0.147 0.147 0.147 0.1445 0.1445 0.144 0.144 0.143 0.143 0.143 0.136 0.136 0.1325 0.1325 0.145 0.145 0.145 0.1425 0.1425 0.1485 0.1485 0.1445 0.1445 0.1445 0.1445 0.1445 0.1465 0.1465 0.1465 0.1465 0.1415 0.1415 0.1415 0.143 0.143 0.141 0.141 0.1365 0.1365 0.1365 0.144 0.144 0.1485 0.1485 0.137 0.137 0.137 0.138
0.1475 0.1475 0.1465 0.1465 0.1475 0.1475 0.1485 0.1485 0.1485 0.1485 0.1485 0.1445 0.1445 0.1435 0.1435 0.1475 0.1475 0.1475 0.148 0.148 0.141 0.141 0.139 0.139 0.139 0.1445 0.1445 0.144 0.144 0.147 0.147 0.147 0.1445 0.1445 0.144 0.144 0.143 0.143 0.143 0.136 0.136 0.1325 0.1325 0.145 0.145 0.145 0.1425 0.1425 0.1485 0.1485 0.1445 0.1445 0.1445 0.1445 0.1445 0.1465 0.1465 0.1465 0.1465 0.1415 0.1415 0.1415 0.143 0.143 0.141 0.141 0.1365 0.1365 0.1365 0.144 0.144 0.1485 0.1485 0.137 0.137 0.137 0.138
0.147 0.147 0.149 0.149 0.148 0.148 0.1485 0.1485 0.1485 0.1515 0.1515 0.149 0.149 0.1535 0.1535 0.149 0.149 0.149 0.148 0.148 0.148 0.148 0.149 0.149 0.149 0.1475 0.1475 0.147 0.147 0.146 0.146 0.146 0.1445 0.1445 0.1465 0.1465 0.144 0.144 0.144 0.143 0.143 0.1445 0.1445 0.144 0.144 0.144 0.146 0.146 0.148 0.148 0.15 0.15 0.1565 0.1565 0.1565 0.153 0.153 0.1495 0.1495 0.1515 0.1515 0.1515 0.1505 0.1505 0.1505 0.1505 0.142 0.142 0.142 0.1415 0.1415 0.139 0.139 0.147 0.147 0.147 0.1495
0.147 0.147 0.149 0.149 0.148 0.148 0.1485 0.1485 0.1485 0.1515 0.1515 0.149 0.149 0.1535 0.1535 0.149 0.149 0.149 0.148 0.148 0.148 0.148 0.149 0.149 0.149 0.1475 0.1475 0.147 0.147 0.146 0.146 0.146 0.1445 0.1445 0.1465 0.1465 0.144 0.144 0.144 0.143 0.143 0.1445 0.1445 0.144 0.144 0.144 0.146 0.146 0.148 0.148 0.15 0.15 0.1565 0.1565 0.1565 0.153 0.153 0.1495 0.1495 0.1515 0.1515 0.1515 0.1505 0.1505 0.1505 0.1505 0.142 0.142 0.142 0.1415 0.1415 0.139 0.139 0.147 0.147 0.147 0.1495
0.147 0.147 0.149 0.149 0.148 0.148 0.1485 0.1485 0.1485 0.1515 0.1515 0.149 0.149 0.1535 0.1535 0.149 0.149 0.149 0.148 0.148 0.148 0.148 0.149 0.149 0.149 0.1475 0.1475 0.147 0.147 0.146 0.146 0.146 0.1445 0.1445 0.1465 0.1465 0.144 0.144 0.144 0.143 0.143 0.1445 0.1445 0.144 0.144 0.144 0.146 0.146 0.148 0.148 0.15 0.15 0.1565 0.1565 0.1565 0.153 0.153 0.1495 0.1495 0.1515 0.1515 0.1515 0.1505 0.1505 0.1505 0.1505 0.142 0.142 0.142 0.1415 0.1415 0.139 0.139 0.147 0.147 0.147 0.1495
0.1505 0.1505 0.1515 0.1515 0.1525 0.1525 0.1495 0.1495 0.1495 0.151 0.151 0.147 0.147 0.156 0.156 0.1575 0.1575 0.1575 0.153 0.153 0.1515 0.1515 0.1505 0.1505 0.1505 0.1515 0.1515 0.147 0.147 0.1415 0.1415 0.1415 0.1485 0.1485 0.143 0.143 0.14 0.14 0.14 0.145 0.145 0.1455 0.1455 0.15 0.15 0.15 0.1535 0.1535 0.1565 0.1565 0.159 0.159 0.1595 0.1595 0.1595 0.1555 0.1555 0.156 0.156 0.1575 0.1575 0.1575 0.152 0.152 0.1505 0.1505 0.1455 0.1455 0.1455 0.1405 0.1405 0.1435 0.1435 0.1415 0.1415 0.1415 0.149
0.1505 0.1505 0.1515 0.1515 0.1525 0.1525 0.1495 0.1495 0.1495 0.151 0.151 0.147 0.147 0.156 0.156 0.1575 0.1575 0.1575 0.153 0.153 0.1515 0.1515 0.1505 0.1505 0.1505 0.1515 0.1515 0.147 0.147 0.1415 0.1415 0.1415 0.1485 0.1485 0.143 0.143 0.14 0.14 0.14 0.145 0.145 0.1455 0.1455 0.15 0.15 0.15 0.1535 0.1535 0.1565 0.1565 0.159 0.159 0.1595 0.1595 0.1595 0.1555 0.1555 0.156 0.156 0.1575 0.1575 0.1575 0.152 0.152 0.1505 0.1505 0.1455 0.1455 0.1455 0.1405 0.1405 0.1435 0.1435 0.1415 0.1415 0.1415 0.149
0.152 0.152 0.1515 0.1515 0.1515 0.1515 0.1515 0.1515 0.1515 0.153 0.153 0.1605 0.1605 0.1585 0.1585 0.152 0.152 0.152 0.15 0.15 0.1525 0.1525 0.148 0.148 0.148 0.152 0.152 0.147 0.147 0.1475 0.1475 0.1475 0.1485 0.1485 0.144 0.144 0.144 0.144 0.144 0.145 0.145 0.148 0.148 0.145 0.145 0.145 0.1535 0.1535 0.159 0.159 0.16 0.16 0.1615 0.1615 0.1615 0.135 0.135 0.136 0.136 0.136 0.136 0.136 0.157 0.157 0.1505 0.1505 0.1495 0.1495 0.1495 0.1355 0.1355 0.1395 0.1395 0.142 0.142 0.142 0.1355
0.152 0.152 0.1515 0.1515 0.1515 0.1515 0.1515 0.1515 0.1515 0.153 0.153 0.1605 0.1605 0.1585 0.1585 0.152 0.152 0.152 0.15 0.15 0.1525 0.1525 0.148 0.148 0.148 0.152 0.152 0.147 0.147 0.1475 0.1475 0.1475 0.1485 0.1485 0.144 0.144 0.144 0.144 0.144 0.145 0.145 0.148 0.148 0.145 0.145 0.145 0.1535 0.1535 0.159 0.159 0.16 0.16 0.1615 0.1615 0.1615 0.135 0.135 0.136 0.136 0.136 0.136 0.136 0.157 0.157 0.1505 0.1505 0.1495 0.1495 0.1495 0.1355 0.1355 0.1395 0.1395 0.142 0.142 0.142 0.1355
0.1495 0.1495 0.1545 0.1545 0.1525 0.1525 0.1595 0.1595 0.1595 0.159 0.159 0.152 0.152 0.1535 0.1535 0.1545 0.1545 0.1545 0.152 0.152 0.149 0.149 0.1515 0.1515 0.1515 0.151 0.151 0.152 0.152 0.158 0.158 0.158 0.1595 0.1595 0.157 0.157 0.1475 0.1475 0.1475 0.148 0.148 0.1475 0.1475 0.159 0.159 0.159 0.1625 0.1625 0.165 0.165 0.1565 0.1565 0.154 0.154 0.154 0.1505 0.1505 0.1425 0.1425 0.145 0.145 0.145 0.1585 0.1585 0.158 0.158 0.151 0.151 0.151 0.154 0.154 0.147 0.147 0.1535 0.1535 0.1535 0.169
0.1495 0.1495 0.1545 0.1545 0.1525 0.1525 0.1595 0.1595 0.1595 0.159 0.159 0.152 0.152 0.1535 0.1535 0.1545 0.1545 0.1545 0.152 0.152 0.149 0.149 0.1515 0.1515 0.1515 0.151 0.151 0.152 0.152 0.158 0.158 0.158 0.1595 0.1595 0.157 0.157 0.1475 0.1475 0.1475 0.148 0.148 0.1475 0.1475 0.159 0.159 0.159 0.1625 0.1625 0.165 0.165 0.1565 0.1565 0.154 0.154 0.154 0.1505 0.1505 0.1425 0.1425 0.145 0.145 0.145 0.1585 0.1585 0.158 0.158 0.151 0.151 0.151 0.154 0.154 0.147 0.147 0.1535 0.1535 0.1535 0.169
0.1495 0.1495 0.1545 0.1545 0.1525 0.1525 0.1595 0.1595 0.1595 0.159 0.159 0.152 0.152 0.1535 0.1535 0.1545 0.1545 0.1545 0.152 0.152 0.149 0.149 0.1515 0.1515 0.1515 0.151 0.151 0.152 0.152 0.158 0.158 0.158 0.1595 0.1595 0.157 0.157 0.1475 0.1475 0.1475 0.148 0.148 0.1475 0.1475 0.159 0.159 0.159 0.1625 0.1625 0.165 0.165 0.1565 0.1565 0.154 0.154 0.154 0.1505 0.1505 0.1425 0.1425 0.145 0.145 0.145 0.1585 0.1585 0.158 0.158 0.151 0.151 0.151 0.154 0.154 0.147 0.147 0.1535 0.1535 0.1535 0.169
0.1525 0.1525 0.158 0.158 0.1575 0.1575 0.1565 0.1565 0.1565 0.154 0.154 0.1555 0.1555 0.1585 0.1585 0.157 0.157 0.157 0.156 0.156 0.154 0.154 0.155 0.155 0.155 0.1565 0.1565 0.1585 0.1585 0.169 0.169 0.169 0.167 0.167 0.168 0.168 0.1605 0.1605 0.1605 0.1515 0.1515 0.166 0.166 0.174 0.174 0.174 0.172 0.172 0.168 0.168 0.1495 0.1495 0.1555 0.1555 0.1555 0.157 0.157 0.145 0.145 0.1485 0.1485 0.1485 0.15 0.15 0.1585 0.1585 0.1515 0.1515 0.1515 0.156 0.156 0.1595 0.1595 0.1475 0.1475 0.1475 0.14
0.1525 0.1525 0.158 0.158 0.1575 0.1575 0.1565 0.1565 0.1565 0.154 0.154 0.1555 0.1555 0.1585 0.1585 0.157 0.157 0.157 0.156 0.156 0.154 0.154 0.155 0.155 0.155 0.1565 0.1565 0.1585 0.1585 0.169 0.169 0.169 0.167 0.167 0.168 0.168 0.1605 0.1605 0.1605 0.1515 0.1515 0.166 0.166 0.174 0.174 0.174 0.172 0.172 0.168 0.168 0.1495 0.1495 0.1555 0.1555 0.1555 0.157 0.157 0.145 0.145 0.1485 0.1485 0.1485 0.15 0.15 0.1585 0.1585 0.1515 0.1515 0.1515 0.156 0.156 0.1595 0.1595 0.1475 0.1475 0.1475 0.14
0.1575 0.1575 0.158 0.158 0.158 0.158 0.1635 0.1635 0.1635 0.1665 0.1665 0.1645 0.1645 0.139 0.139 0.14 0.14 0.14 0.1625 0.1625 0.1625 0.1625 0.164 0.164 0.164 0.163 0.163 0.1705 0.1705 0.147 0.147 0.147 0.1425 0.1425 0.1435 0.1435 0.1585 0.1585 0.1585 0.1505 0.1505 0.174 0.174 0.175 0.175 0.175 0.1585 0.1585 0.18 0.18 0.169 0.169 0.1605 0.1605 0.1605 0.158 0.158 0.1615 0.1615 0.155 0.155 0.155 0.1535 0.1535 0.145 0.145 0.1545 0.1545 0.1545 0.151 0.151 0.153 0.153 0.1515 0.1515 0.1515 0.176
0.1575 0.1575 0.158 0.158 0.158 0.158 0.1635 0.1635 0.1635 0.1665 0.1665 0.1645 0.1645 0.139 0.139 0.14 0.14 0.14 0.1625 0.1625 0.1625 0.1625 0.164 0.164 0.164 0.163 0.163 0.1705 0.1705 0.147 0.147 0.147 0.1425 0.1425 0.1435 0.1435 0.1585 0.1585 0.1585 0.1505 0.1505 0.174 0.174 0.175 0.175 0.175 0.1585 0.1585 0.18 0.18 0.169 0.169 0.1605 0.1605 0.1605 0.158 0.158 0.1615 0.1615 0.155 0.155 0.155 0.1535 0.1535 0.145 0.145 0.1545 0.1545 0.1545 0.151 0.151 0.153 0.153 0.1515 0.1515 0.1515 0.176
0.161 0.161 0.164 0.164 0.1595 0.1595 0.1475 0.1475 0.1475 0.152 0.152 0.151 0.151 0.147 0.147 0.1465 0.1465 0.1465 0.163 0.163 0.173 0.173 0.1675 0.1675 0.1675 0.1695 0.1695 0.163 0.163 0.1475 0.1475 0.1475 0.169 0.169 0.169 0.169 0.161 0.161 0.161 0.1625 0.1625 0.1645 0.1645 0.1495 0.1495 0.1495 0.1545 0.1545 0.156 0.156 0.1745 0.1745 0.1675 0.1675 0.1675 0.161 0.161 0.135 0.135 0.156 0.156 0.156 0.1535 0.1535 0.154 0.154 0.1485 0.1485 0.1485 0.153 0.153 0.1535 0.1535 0.1485 0.1485 0.1485 0.143
0.161 0.161 0.164 0.164 0.1595 0.1595 0.1475 0.1475 0.1475 0.152 0.152 0.151 0.151 0.147 0.147 0.1465 0.1465 0.1465 0.163 0.163 0.173 0.173 0.1675 0.1675 0.1675 0.1695 0.1695 0.163 0.163 0.1475 0.1475 0.1475 0.169 0.169 0.169 0.169 0.161 0.161 0.161 0.1625 0.1625 0.1645 0.1645 0.1495 0.1495 0.1495 0.1545 0.1545 0.156 0.156 0.1745 0.1745 0.1675 0.1675 0.1675 0.161 0.161 0.135 0.135 0.156 0.156 0.156 0.1535 0.1535 0.154 0.154 0.1485 0.1485 0.1485 0.153 0.153 0.1535 0.1535 0.1485 0.1485 0.1485 0.143
0.161 0.161 0.164 0.164 0.1595 0.1595 0.1475 0.1475 0.1475 0.152 0.152 0.151 0.151 0.147 0.147 0.1465 0.1465 0.1465 0.163 0.163 0.173 0.173 0.1675 0.1675 0.1675 0.1695 0.1695 0.163 0.163 0.1475 0.1475 0.1475 0.169 0.169 0.169 0.169 0.161 0.161 0.161 0.1625 0.1625 0.1645 0.1645 0.1495 0.1495 0.1495 0.1545 0.1545 0.156 0.156 0.1745 0.1745 0.1675 0.1675 0.1675 0.161 0.161 0.135 0.135 0.156 0.156 0.156 0.1535 0.1535 0.154 0.154 0.1485 0.1485 0.1485 0.153 0.153 0.1535 0.1535 0.1485 0.1485 0.1485 0.143
0.166 0.166 0.1725 0.1725 0.1435 0.1435 0.153 0.153 0.153 0.157 0.157 0.1555 0.1555 0.153 0.153 0.1695 0.1695 0.1695 0.15 0.15 0.17 0.17 0.168 0.168 0.168 0.1725 0.1725 0.1725 0.1725 0.1755 0.1755 0.1755 0.148 0.148 0.174 0.174 0.17 0.17 0.17 0.162 0.162 0.1785 0.1785 0.146 0.146 0.146 0.149 0.149 0.1515 0.1515 0.1735 0.1735 0.164 0.164 0.164 0.1625 0.1625 0.14 0.14 0.148 0.148 0.148 0.1505 0.1505 0.1515 0.1515 0.151 0.151 0.151 0.1405 0.1405 0.149 0.149 0.156 0.156 0.156 0.145
0.166 0.166 0.1725 0.1725 0.1435 0.1435 0.153 0.153 0.153 0.157 0.157 0.1555 0.1555 0.153 0.153 0.1695 0.1695 0.1695 0.15 0.15 0.17 0.17 0.168 0.168 0.168 0.1725 0.1725 0.1725 0.1725 0.1755 0.1755 0.1755 0.148 0.148 0.174 0.174 0.17 0.17 0.17 0.162 0.162 0.1785 0.1785 0.146 0.146 0.146 0.149 0.149 0.1515 0.1515 0.1735 0.1735 0.164 0.164 0.164 0.1625 0.1625 0.14 0.14 0.148 0.148 0.148 0.1505 0.1505 0.1515 0.1515 0.151 0.151 0.151 0.1405 0.1405 0.149 0.149 0.156 0.156 0.156 0.145
0.1575 0.1575 0.178 0.178 0.1455 0.1455 0.1445 0.1445 0.1445 0.157 0.157 0.162 0.162 0.169 0.169 0.181 0.181 0.181 0.169 0.169 0.1565 0.1565 0.1475 0.1475 0.1475 0.1465 0.1465 0.187 0.187 0.1815 0.1815 0.1815 0.1795 0.1795 0.1525 0.1525 0.153 0.153 0.153 0.177 0.177 0.148 0.148 0.1535 0.1535 0.1535 0.1505 0.1505 0.158 0.158 0.162 0.162 0.164 0.164 0.164 0.1565 0.1565 0.1495 0.1495 0.154 0.154 0.154 0.152 0.152 0.1565 0.1565 0.1575 0.1575 0.1575 0.1505 0.1505 0.149 0.149 0.143 0.143 0.143 0.149
0.1575 0.1575 0.178 0.178 0.1455 0.1455 0.1445 0.1445 0.1445 0.157 0.157 0.162 0.162 0.169 0.169 0.181 0.181 0.181 0.169 0.169 0.1565 0.1565 0.1475 0.1475 0.1475 0.1465 0.1465 0.187 0.187 0.1815 0.1815 0.1815 0.1795 0.1795 0.1525 0.1525 0.153 0.153 0.153 0.177 0.177 0.148 0.148 0.1535 0.1535 0.1535 0.1505 0.1505 0.158 0.158 0.162 0.162 0.164 0.164 0.164 0.1565 0.1565 0.1495 0.1495 0.154 0.154 0.154 0.152 0.152 0.1565 0.1565 0.1575 0.1575 0.1575 0.1505 0.1505 0.149 0.149 0.143 0.143 0.143 0.149
0.1615 0.1615 0.1595 0.1595 0.1755 0.1755 0.17 0.17 0.17 0.142 0.142 0.1505 0.1505 0.17 0.17 0.1725 0.1725 0.1725 0.167 0.167 0.1665 0.1665 0.173 0.173 0.173 0.1685 0.1685 0.1625 0.1625 0.16 0.16 0.16 0.158 0.158 0.157 0.157 0.1595 0.1595 0.1595 0.159 0.159 0.1615 0.1615 0.1785 0.1785 0.1785 0.174 0.174 0.167 0.167 0.168 0.168 0.1635 0.1635 0.1635 0.1605 0.1605 0.1615 0.1615 0.1635 0.1635 0.1635 0.1675 0.1675 0.1635 0.1635 0.175 0.175 0.175 0.162 0.162 0.144 0.144 0.136 0.136 0.136 0.143
0.1615 0.1615 0.1595 0.1595 0.1755 0.1755 0.17 0.17 0.17 0.142 0.142 0.1505 0.1505 0.17 0.17 0.1725 0.1725 0.1725 0.167 0.167 0.1665 0.1665 0.173 0.173 0.173 0.1685 0.1685 0.1625 0.1625 0.16 0.16 0.16 0.158 0.158 0.157 0.157 0.1595 0.1595 0.1595 0.159 0.159 0.1615 0.1615 0.1785 0.1785 0.1785 0.174 0.174 0.167 0.167 0.168 0.168 0.1635 0.1635 0.1635 0.1605 0.1605 0.1615 0.1615 0.1635 0.1635 0.1635 0.1675 0.1675 0.1635 0.1635 0.175 0.175 0.175 0.162 0.162 0.144 0.144 0.136 0.136 0.136 0.143
