ndvi/NOAA-304.asc
ncols         252
nrows         154
xllcorner     -18.017974
yllcorner     13.481982
cellsize      0.035948
NODATA_value  -9999
[rows 35 to 69 of 154, columns 77 to 153 of 252]
0.1315 0.1315 0.135 0.135 0.1265 0.1265 0.126 0.126 0.126 0.1255 0.1255 0.141 0.141 0.1295 0.1295 0.1355 0.1355 0.1355 0.133 0.133 0.1345 0.1345 0.128 0.128 0.128 0.137 0.137 0.138 0.138 0.1355 0.1355 0.1355 0.146 0.146 0.1425 0.1425 0.138 0.138 0.138 0.1375 0.1375 0.1465 0.1465 0.145 0.145 0.145 0.141 0.141 0.1245 0.1245 0.1295 0.1295 0.1295 0.1295 0.1295 0.128 0.128 0.14 0.14 0.1255 0.1255 0.1255 0.128 0.128 0.1445 0.1445 0.138 0.138 0.138 0.13 0.13 0.113 0.113 0.104 0.104 0.104 0.102
0.1315 0.1315 0.135 0.135 0.1265 0.1265 0.126 0.126 0.126 0.1255 0.1255 0.141 0.141 0.1295 0.1295 0.1355 0.1355 0.1355 0.133 0.133 0.1345 0.1345 0.128 0.128 0.128 0.137 0.137 0.138 0.138 0.1355 0.1355 0.1355 0.146 0.146 0.1425 0.1425 0.138 0.138 0.138 0.1375 0.1375 0.1465 0.1465 0.145 0.145 0.145 0.141 0.141 0.1245 0.1245 0.1295 0.1295 0.1295 0.1295 0.1295 0.128 0.128 0.14 0.14 0.1255 0.1255 0.1255 0.128 0.128 0.1445 0.1445 0.138 0.138 0.138 0.13 0.13 0.113 0.113 0.104 0.104 0.104 0.102
0.148 0.148 0.139 0.139 0.142 0.142 0.1455 0.1455 0.1455 0.1325 0.1325 0.1425 0.1425 0.1385 0.1385 0.143 0.143 0.143 0.135 0.135 0.1355 0.1355 0.1385 0.1385 0.1385 0.1525 0.1525 0.1395 0.1395 0.141 0.141 0.141 0.1355 0.1355 0.144 0.144 0.137 0.137 0.137 0.1505 0.1505 0.1585 0.1585 0.1605 0.1605 0.1605 0.1425 0.1425 0.157 0.157 0.139 0.139 0.148 0.148 0.148 0.138 0.138 0.1565 0.1565 0.151 0.151 0.151 0.144 0.144 0.148 0.148 0.133 0.133 0.133 0.1515 0.1515 0.117 0.117 0.1095 0.1095 0.1095 0.097
0.148 0.148 0.139 0.139 0.142 0.142 0.1455 0.1455 0.1455 0.1325 0.1325 0.1425 0.1425 0.1385 0.1385 0.143 0.143 0.143 0.135 0.135 0.1355 0.1355 0.1385 0.1385 0.1385 0.1525 0.1525 0.1395 0.1395 0.141 0.141 0.141 0.1355 0.1355 0.144 0.144 0.137 0.137 0.137 0.1505 0.1505 0.1585 0.1585 0.1605 0.1605 0.1605 0.1425 0.1425 0.157 0.157 0.139 0.139 0.148 0.148 0.148 0.138 0.138 0.1565 0.1565 0.151 0.151 0.151 0.144 0.144 0.148 0.148 0.133 0.133 0.133 0.1515 0.1515 0.117 0.117 0.1095 0.1095 0.1095 0.097
0.149 0.149 0.1385 0.1385 0.1405 0.1405 0.141 0.141 0.141 0.149 0.149 0.146 0.146 0.1435 0.1435 0.145 0.145 0.145 0.138 0.138 0.1355 0.1355 0.156 0.156 0.156 0.1485 0.1485 0.1485 0.1485 0.155 0.155 0.155 0.1515 0.1515 0.1485 0.1485 0.154 0.154 0.154 0.157 0.157 0.154 0.154 0.1685 0.1685 0.1685 0.1655 0.1655 0.158 0.158 0.16 0.16 0.1765 0.1765 0.1765 0.16 0.16 0.1655 0.1655 0.156 0.156 0.156 0.1485 0.1485 0.146 0.146 0.1395 0.1395 0.1395 0.126 0.126 0.106 0.106 0.121 0.121 0.121 0.1135
0.149 0.149 0.1385 0.1385 0.1405 0.1405 0.141 0.141 0.141 0.149 0.149 0.146 0.146 0.1435 0.1435 0.145 0.145 0.145 0.138 0.138 0.1355 0.1355 0.156 0.156 0.156 0.1485 0.1485 0.1485 0.1485 0.155 0.155 0.155 0.1515 0.1515 0.1485 0.1485 0.154 0.154 0.154 0.157 0.157 0.154 0.154 0.1685 0.1685 0.1685 0.1655 0.1655 0.158 0.158 0.16 0.16 0.1765 0.1765 0.1765 0.16 0.16 0.1655 0.1655 0.156 0.156 0.156 0.1485 0.1485 0.146 0.146 0.1395 0.1395 0.1395 0.126 0.126 0.106 0.106 0.121 0.121 0.121 0.1135
0.144 0.144 0.1395 0.1395 0.147 0.147 0.1485 0.1485 0.1485 0.154 0.154 0.155 0.155 0.1585 0.1585 0.1525 0.1525 0.1525 0.1235 0.1235 0.1355 0.1355 0.1465 0.1465 0.1465 0.153 0.153 0.1575 0.1575 0.158 0.158 0.158 0.1585 0.1585 0.1635 0.1635 0.155 0.155 0.155 0.165 0.165 0.168 0.168 0.184 0.184 0.184 0.1755 0.1755 0.156 0.156 0.162 0.162 0.197 0.197 0.197 0.1755 0.1755 0.1675 0.1675 0.1545 0.1545 0.1545 0.1395 0.1395 0.1295 0.1295 0.1135 0.1135 0.1135 0.1255 0.1255 0.121 0.121 0.1235 0.1235 0.1235 0.1085
0.144 0.144 0.1395 0.1395 0.147 0.147 0.1485 0.1485 0.1485 0.154 0.154 0.155 0.155 0.1585 0.1585 0.1525 0.1525 0.1525 0.1235 0.1235 0.1355 0.1355 0.1465 0.1465 0.1465 0.153 0.153 0.1575 0.1575 0.158 0.158 0.158 0.1585 0.1585 0.1635 0.1635 0.155 0.155 0.155 0.165 0.165 0.168 0.168 0.184 0.184 0.184 0.1755 0.1755 0.156 0.156 0.162 0.162 0.197 0.197 0.197 0.1755 0.1755 0.1675 0.1675 0.1545 0.1545 0.1545 0.1395 0.1395 0.1295 0.1295 0.1135 0.1135 0.1135 0.1255 0.1255 0.121 0.121 0.1235 0.1235 0.1235 0.1085
0.144 0.144 0.1395 0.1395 0.147 0.147 0.1485 0.1485 0.1485 0.154 0.154 0.155 0.155 0.1585 0.1585 0.1525 0.1525 0.1525 0.1235 0.1235 0.1355 0.1355 0.1465 0.1465 0.1465 0.153 0.153 0.1575 0.1575 0.158 0.158 0.158 0.1585 0.1585 0.1635 0.1635 0.155 0.155 0.155 0.165 0.165 0.168 0.168 0.184 0.184 0.184 0.1755 0.1755 0.156 0.156 0.162 0.162 0.197 0.197 0.197 0.1755 0.1755 0.1675 0.1675 0.1545 0.1545 0.1545 0.1395 0.1395 0.1295 0.1295 0.1135 0.1135 0.1135 0.1255 0.1255 0.121 0.121 0.1235 0.1235 0.1235 0.1085
0.149 0.149 0.1435 0.1435 0.14 0.14 0.1515 0.1515 0.1515 0.152 0.152 0.159 0.159 0.1555 0.1555 0.158 0.158 0.158 0.1435 0.1435 0.1215 0.1215 0.147 0.147 0.147 0.156 0.156 0.163 0.163 0.163 0.163 0.163 0.1685 0.1685 0.171 0.171 0.191 0.191 0.191 0.186 0.186 0.1745 0.1745 0.167 0.167 0.167 0.151 0.151 0.18 0.18 0.1615 0.1615 0.1775 0.1775 0.1775 0.16 0.16 0.1475 0.1475 0.1335 0.1335 0.1335 0.131 0.131 0.126 0.126 0.1195 0.1195 0.1195 0.1285 0.1285 0.1085 0.1085 0.1115 0.1115 0.1115 0.095
0.149 0.149 0.1435 0.1435 0.14 0.14 0.1515 0.1515 0.1515 0.152 0.152 0.159 0.159 0.1555 0.1555 0.158 0.158 0.158 0.1435 0.1435 0.1215 0.1215 0.147 0.147 0.147 0.156 0.156 0.163 0.163 0.163 0.163 0.163 0.1685 0.1685 0.171 0.171 0.191 0.191 0.191 0.186 0.186 0.1745 0.1745 0.167 0.167 0.167 0.151 0.151 0.18 0.18 0.1615 0.1615 0.1775 0.1775 0.1775 0.16 0.16 0.1475 0.1475 0.1335 0.1335 0.1335 0.131 0.131 0.126 0.126 0.1195 0.1195 0.1195 0.1285 0.1285 0.1085 0.1085 0.1115 0.1115 0.1115 0.095
0.151 0.151 0.151 0.151 0.152 0.152 0.1565 0.1565 0.1565 0.1545 0.1545 0.15 0.15 0.148 0.148 0.146 0.146 0.146 0.145 0.145 0.151 0.151 0.1385 0.1385 0.1385 0.1495 0.1495 0.155 0.155 0.177 0.177 0.177 0.193 0.193 0.1975 0.1975 0.1855 0.1855 0.1855 0.151 0.151 0.131 0.131 0.14 0.14 0.14 0.15 0.15 0.161 0.161 0.162 0.162 0.1385 0.1385 0.1385 0.148 0.148 0.159 0.159 0.142 0.142 0.142 0.139 0.139 0.1265 0.1265 0.12 0.12 0.12 0.1235 0.1235 0.1055 0.1055 0.1075 0.1075 0.1075 0.0905
0.151 0.151 0.151 0.151 0.152 0.152 0.1565 0.1565 0.1565 0.1545 0.1545 0.15 0.15 0.148 0.148 0.146 0.146 0.146 0.145 0.145 0.151 0.151 0.1385 0.1385 0.1385 0.1495 0.1495 0.155 0.155 0.177 0.177 0.177 0.193 0.193 0.1975 0.1975 0.1855 0.1855 0.1855 0.151 0.151 0.131 0.131 0.14 0.14 0.14 0.15 0.15 0.161 0.161 0.162 0.162 0.1385 0.1385 0.1385 0.148 0.148 0.159 0.159 0.142 0.142 0.142 0.139 0.139 0.1265 0.1265 0.12 0.12 0.12 0.1235 0.1235 0.1055 0.1055 0.1075 0.1075 0.1075 0.0905
0.1675 0.1675 0.1595 0.1595 0.172 0.172 0.1535 0.1535 0.1535 0.1355 0.1355 0.13 0.13 0.138 0.138 0.1655 0.1655 0.1655 0.1685 0.1685 0.1725 0.1725 0.1755 0.1755 0.1755 0.168 0.168 0.171 0.171 0.178 0.178 0.178 0.206 0.206 0.181 0.181 0.1445 0.1445 0.1445 0.1275 0.1275 0.1385 0.1385 0.142 0.142 0.142 0.152 0.152 0.1585 0.1585 0.164 0.164 0.1565 0.1565 0.1565 0.1415 0.1415 0.155 0.155 0.1395 0.1395 0.1395 0.161 0.161 0.138 0.138 0.144 0.144 0.144 0.169 0.169 0.1335 0.1335 0.1035 0.1035 0.1035 0.108
0.1675 0.1675 0.1595 0.1595 0.172 0.172 0.1535 0.1535 0.1535 0.1355 0.1355 0.13 0.13 0.138 0.138 0.1655 0.1655 0.1655 0.1685 0.1685 0.1725 0.1725 0.1755 0.1755 0.1755 0.168 0.168 0.171 0.171 0.178 0.178 0.178 0.206 0.206 0.181 0.181 0.1445 0.1445 0.1445 0.1275 0.1275 0.1385 0.1385 0.142 0.142 0.142 0.152 0.152 0.1585 0.1585 0.164 0.164 0.1565 0.1565 0.1565 0.1415 0.1415 0.155 0.155 0.1395 0.1395 0.1395 0.161 0.161 0.138 0.138 0.144 0.144 0.144 0.169 0.169 0.1335 0.1335 0.1035 0.1035 0.1035 0.108
0.1675 0.1675 0.1595 0.1595 0.172 0.172 0.1535 0.1535 0.1535 0.1355 0.1355 0.13 0.13 0.138 0.138 0.1655 0.1655 0.1655 0.1685 0.1685 0.1725 0.1725 0.1755 0.1755 0.1755 0.168 0.168 0.171 0.171 0.178 0.178 0.178 0.206 0.206 0.181 0.181 0.1445 0.1445 0.1445 0.1275 0.1275 0.1385 0.1385 0.142 0.142 0.142 0.152 0.152 0.1585 0.1585 0.164 0.164 0.1565 0.1565 0.1565 0.1415 0.1415 0.155 0.155 0.1395 0.1395 0.1395 0.161 0.161 0.138 0.138 0.144 0.144 0.144 0.169 0.169 0.1335 0.1335 0.1035 0.1035 0.1035 0.108
0.172 0.172 0.1705 0.1705 0.1675 0.1675 0.17 0.17 0.17 0.1755 0.1755 0.178 0.178 0.184 0.184 0.187 0.187 0.187 0.195 0.195 0.187 0.187 0.186 0.186 0.186 0.1805 0.1805 0.1815 0.1815 0.1705 0.1705 0.1705 0.193 0.193 0.167 0.167 0.1315 0.1315 0.1315 0.102 0.102 0.1085 0.1085 0.1225 0.1225 0.1225 0.162 0.162 0.133 0.133 0.163 0.163 0.1545 0.1545 0.1545 0.151 0.151 0.1655 0.1655 0.1555 0.1555 0.1555 0.1465 0.1465 0.149 0.149 0.1665 0.1665 0.1665 0.1615 0.1615 0.155 0.155 0.1335 0.1335 0.1335 0.0925
0.172 0.172 0.1705 0.1705 0.1675 0.1675 0.17 0.17 0.17 0.1755 0.1755 0.178 0.178 0.184 0.184 0.187 0.187 0.187 0.195 0.195 0.187 0.187 0.186 0.186 0.186 0.1805 0.1805 0.1815 0.1815 0.1705 0.1705 0.1705 0.193 0.193 0.167 0.167 0.1315 0.1315 0.1315 0.102 0.102 0.1085 0.1085 0.1225 0.1225 0.1225 0.162 0.162 0.133 0.133 0.163 0.163 0.1545 0.1545 0.1545 0.151 0.151 0.1655 0.1655 0.1555 0.1555 0.1555 0.1465 0.1465 0.149 0.149 0.1665 0.1665 0.1665 0.1615 0.1615 0.155 0.155 0.1335 0.1335 0.1335 0.0925
0.195 0.195 0.179 0.179 0.175 0.175 0.1745 0.1745 0.1745 0.1855 0.1855 0.191 0.191 0.196 0.196 0.186 0.186 0.186 0.188 0.188 0.1795 0.1795 0.184 0.184 0.184 0.185 0.185 0.178 0.178 0.159 0.159 0.159 0.1545 0.1545 0.187 0.187 0.147 0.147 0.147 0.157 0.157 0.136 0.136 0.1275 0.1275 0.1275 0.126 0.126 0.121 0.121 0.1575 0.1575 0.171 0.171 0.171 0.1765 0.1765 0.1725 0.1725 0.1745 0.1745 0.1745 0.1795 0.1795 0.1755 0.1755 0.1525 0.1525 0.1525 0.154 0.154 0.16 0.16 0.1515 0.1515 0.1515 0.0885
0.195 0.195 0.179 0.179 0.175 0.175 0.1745 0.1745 0.1745 0.1855 0.1855 0.191 0.191 0.196 0.196 0.186 0.186 0.186 0.188 0.188 0.1795 0.1795 0.184 0.184 0.184 0.185 0.185 0.178 0.178 0.159 0.159 0.159 0.1545 0.1545 0.187 0.187 0.147 0.147 0.147 0.157 0.157 0.136 0.136 0.1275 0.1275 0.1275 0.126 0.126 0.121 0.121 0.1575 0.1575 0.171 0.171 0.171 0.1765 0.1765 0.1725 0.1725 0.1745 0.1745 0.1745 0.1795 0.1795 0.1755 0.1755 0.1525 0.1525 0.1525 0.154 0.154 0.16 0.16 0.1515 0.1515 0.1515 0.0885
0.2035 0.2035 0.2025 0.2025 0.1935 0.1935 0.19 0.19 0.19 0.1955 0.1955 0.1925 0.1925 0.196 0.196 0.197 0.197 0.197 0.197 0.197 0.186 0.186 0.179 0.179 0.179 0.168 0.168 0.1555 0.1555 0.144 0.144 0.144 0.1485 0.1485 0.173 0.173 0.1635 0.1635 0.1635 0.137 0.137 0.1175 0.1175 0.123 0.123 0.123 0.1315 0.1315 0.142 0.142 0.16 0.16 0.1685 0.1685 0.1685 0.1905 0.1905 0.1815 0.1815 0.199 0.199 0.199 0.187 0.187 0.19 0.19 0.1695 0.1695 0.1695 0.1575 0.1575 0.1545 0.1545 0.1515 0.1515 0.1515 0.1075
0.2035 0.2035 0.2025 0.2025 0.1935 0.1935 0.19 0.19 0.19 0.1955 0.1955 0.1925 0.1925 0.196 0.196 0.197 0.197 0.197 0.197 0.197 0.186 0.186 0.179 0.179 0.179 0.168 0.168 0.1555 0.1555 0.144 0.144 0.144 0.1485 0.1485 0.173 0.173 0.1635 0.1635 0.1635 0.137 0.137 0.1175 0.1175 0.123 0.123 0.123 0.1315 0.1315 0.142 0.142 0.16 0.16 0.1685 0.1685 0.1685 0.1905 0.1905 0.1815 0.1815 0.199 0.199 0.199 0.187 0.187 0.19 0.19 0.1695 0.1695 0.1695 0.1575 0.1575 0.1545 0.1545 0.1515 0.1515 0.1515 0.1075
0.2045 0.2045 0.2075 0.2075 0.1955 0.1955 0.1935 0.1935 0.1935 0.2025 0.2025 0.1875 0.1875 0.197 0.197 0.1965 0.1965 0.1965 0.1975 0.1975 0.19 0.19 0.1745 0.1745 0.1745 0.1625 0.1625 0.173 0.173 0.1605 0.1605 0.1605 0.1375 0.1375 0.1485 0.1485 0.1535 0.1535 0.1535 0.1655 0.1655 0.141 0.141 0.146 0.146 0.146 0.1185 0.1185 0.13 0.13 0.1575 0.1575 0.1645 0.1645 0.1645 0.1895 0.1895 0.186 0.186 0.2 0.2 0.2 0.1965 0.1965 0.1895 0.1895 0.163 0.163 0.163 0.1795 0.1795 0.151 0.151 0.113 0.113 0.113 0.094
0.2045 0.2045 0.2075 0.2075 0.1955 0.1955 0.1935 0.1935 0.1935 0.2025 0.2025 0.1875 0.1875 0.197 0.197 0.1965 0.1965 0.1965 0.1975 0.1975 0.19 0.19 0.1745 0.1745 0.1745 0.1625 0.1625 0.173 0.173 0.1605 0.1605 0.1605 0.1375 0.1375 0.1485 0.1485 0.1535 0.1535 0.1535 0.1655 0.1655 0.141 0.141 0.146 0.146 0.146 0.1185 0.1185 0.13 0.13 0.1575 0.1575 0.1645 0.1645 0.1645 0.1895 0.1895 0.186 0.186 0.2 0.2 0.2 0.1965 0.1965 0.1895 0.1895 0.163 0.163 0.163 0.1795 0.1795 0.151 0.151 0.113 0.113 0.113 0.094
0.2045 0.2045 0.2075 0.2075 0.1955 0.1955 0.1935 0.1935 0.1935 0.2025 0.2025 0.1875 0.1875 0.197 0.197 0.1965 0.1965 0.1965 0.1975 0.1975 0.19 0.19 0.1745 0.1745 0.1745 0.1625 0.1625 0.173 0.173 0.1605 0.1605 0.1605 0.1375 0.1375 0.1485 0.1485 0.1535 0.1535 0.1535 0.1655 0.1655 0.141 0.141 0.146 0.146 0.146 0.1185 0.1185 0.13 0.13 0.1575 0.1575 0.1645 0.1645 0.1645 0.1895 0.1895 0.186 0.186 0.2 0.2 0.2 0.1965 0.1965 0.1895 0.1895 0.163 0.163 0.163 0.1795 0.1795 0.151 0.151 0.113 0.113 0.113 0.094
0.203 0.203 0.197 0.197 0.2065 0.2065 0.212 0.212 0.212 0.1975 0.1975 0.191 0.191 0.198 0.198 0.1965 0.1965 0.1965 0.152 0.152 0.178 0.178 0.198 0.198 0.198 0.1935 0.1935 0.185 0.185 0.179 0.179 0.179 0.185 0.185 0.1695 0.1695 0.149 0.149 0.149 0.15 0.15 0.14 0.14 0.171 0.171 0.171 0.155 0.155 0.09900001 0.09900001 0.084 0.084 0.088 0.088 0.088 0.1175 0.1175 0.1785 0.1785 0.2115 0.2115 0.2115 0.2125 0.2125 0.197 0.197 0.1825 0.1825 0.1825 0.1785 0.1785 0.1845 0.1845 0.1225 0.1225 0.1225 0.106
0.203 0.203 0.197 0.197 0.2065 0.2065 0.212 0.212 0.212 0.1975 0.1975 0.191 0.191 0.198 0.198 0.1965 0.1965 0.1965 0.152 0.152 0.178 0.178 0.198 0.198 0.198 0.1935 0.1935 0.185 0.185 0.179 0.179 0.179 0.185 0.185 0.1695 0.1695 0.149 0.149 0.149 0.15 0.15 0.14 0.14 0.171 0.171 0.171 0.155 0.155 0.09900001 0.09900001 0.084 0.084 0.088 0.088 0.088 0.1175 0.1175 0.1785 0.1785 0.2115 0.2115 0.2115 0.2125 0.2125 0.197 0.197 0.1825 0.1825 0.1825 0.1785 0.1785 0.1845 0.1845 0.1225 0.1225 0.1225 0.106
0.1845 0.1845 0.1905 0.1905 0.223 0.223 0.2035 0.2035 0.2035 0.1895 0.1895 0.1905 0.1905 0.157 0.157 0.1555 0.1555 0.1555 0.1355 0.1355 0.1705 0.1705 0.187 0.187 0.187 0.1705 0.1705 0.1895 0.1895 0.1775 0.1775 0.1775 0.179 0.179 0.182 0.182 0.163 0.163 0.163 0.133 0.133 0.1365 0.1365 0.144 0.144 0.144 0.1315 0.1315 0.1165 0.1165 0.1075 0.1075 0.102 0.102 0.102 0.1465 0.1465 0.159 0.159 0.202 0.202 0.202 0.203 0.203 0.1915 0.1915 0.185 0.185 0.185 0.1635 0.1635 0.1485 0.1485 0.1185 0.1185 0.1185 0.116
0.1845 0.1845 0.1905 0.1905 0.223 0.223 0.2035 0.2035 0.2035 0.1895 0.1895 0.1905 0.1905 0.157 0.157 0.1555 0.1555 0.1555 0.1355 0.1355 0.1705 0.1705 0.187 0.187 0.187 0.1705 0.1705 0.1895 0.1895 0.1775 0.1775 0.1775 0.179 0.179 0.182 0.182 0.163 0.163 0.163 0.133 0.133 0.1365 0.1365 0.144 0.144 0.144 0.1315 0.1315 0.1165 0.1165 0.1075 0.1075 0.102 0.102 0.102 0.1465 0.1465 0.159 0.159 0.202 0.202 0.202 0.203 0.203 0.1915 0.1915 0.185 0.185 0.185 0.1635 0.1635 0.1485 0.1485 0.1185 0.1185 0.1185 0.116
0.199 0.199 0.2095 0.2095 0.194 0.194 0.2185 0.2185 0.2185 0.2055 0.2055 0.2045 0.2045 0.192 0.192 0.1725 0.1725 0.1725 0.1845 0.1845 0.2 0.2 0.1925 0.1925 0.1925 0.193 0.193 0.201 0.201 0.189 0.189 0.189 0.1805 0.1805 0.1545 0.1545 0.157 0.157 0.157 0.1315 0.1315 0.1455 0.1455 0.1205 0.1205 0.1205 0.103 0.103 0.1045 0.1045 0.078 0.078 0.143 0.143 0.143 0.149 0.149 0.1775 0.1775 0.2 0.2 0.2 0.191 0.191 0.1895 0.1895 0.1765 0.1765 0.1765 0.174 0.174 0.179 0.179 0.145 0.145 0.145 0.1185
0.199 0.199 0.2095 0.2095 0.194 0.194 0.2185 0.2185 0.2185 0.2055 0.2055 0.2045 0.2045 0.192 0.192 0.1725 0.1725 0.1725 0.1845 0.1845 0.2 0.2 0.1925 0.1925 0.1925 0.193 0.193 0.201 0.201 0.189 0.189 0.189 0.1805 0.1805 0.1545 0.1545 0.157 0.157 0.157 0.1315 0.1315 0.1455 0.1455 0.1205 0.1205 0.1205 0.103 0.103 0.1045 0.1045 0.078 0.078 0.143 0.143 0.143 0.149 0.149 0.1775 0.1775 0.2 0.2 0.2 0.191 0.191 0.1895 0.1895 0.1765 0.1765 0.1765 0.174 0.174 0.179 0.179 0.145 0.145 0.145 0.1185
0.199 0.199 0.2095 0.2095 0.194 0.194 0.2185 0.2185 0.2185 0.2055 0.2055 0.2045 0.2045 0.192 0.192 0.1725 0.1725 0.1725 0.1845 0.1845 0.2 0.2 0.1925 0.1925 0.1925 0.193 0.193 0.201 0.201 0.189 0.189 0.189 0.1805 0.1805 0.1545 0.1545 0.157 0.157 0.157 0.1315 0.1315 0.1455 0.1455 0.1205 0.1205 0.1205 0.103 0.103 0.1045 0.1045 0.078 0.078 0.143 0.143 0.143 0.149 0.149 0.1775 0.1775 0.2 0.2 0.2 0.191 0.191 0.1895 0.1895 0.1765 0.1765 0.1765 0.174 0.174 0.179 0.179 0.145 0.145 0.145 0.1185
0.1985 0.1985 0.213 0.213 0.1865 0.1865 0.2135 0.2135 0.2135 0.1955 0.1955 0.2145 0.2145 0.1895 0.1895 0.181 0.181 0.181 0.1755 0.1755 0.1745 0.1745 0.2 0.2 0.2 0.187 0.187 0.1785 0.1785 0.184 0.184 0.184 0.1645 0.1645 0.1585 0.1585 0.174 0.174 0.174 0.179 0.179 0.161 0.161 0.163 0.163 0.163 0.1205 0.1205 0.126 0.126 0.129 0.129 0.1555 0.1555 0.1555 0.156 0.156 0.1635 0.1635 0.1795 0.1795 0.1795 0.1785 0.1785 0.184 0.184 0.1825 0.1825 0.1825 0.1775 0.1775 0.1645 0.1645 0.149 0.149 0.149 0.109
0.1985 0.1985 0.213 0.213 0.1865 0.1865 0.2135 0.2135 0.2135 0.1955 0.1955 0.2145 0.2145 0.1895 0.1895 0.181 0.181 0.181 0.1755 0.1755 0.1745 0.1745 0.2 0.2 0.2 0.187 0.187 0.1785 0.1785 0.184 0.184 0.184 0.1645 0.1645 0.1585 0.1585 0.174 0.174 0.174 0.179 0.179 0.161 0.161 0.163 0.163 0.163 0.1205 0.1205 0.126 0.126 0.129 0.129 0.1555 0.1555 0.1555 0.156 0.156 0.1635 0.1635 0.1795 0.1795 0.1795 0.1785 0.1785 0.184 0.184 0.1825 0.1825 0.1825 0.1775 0.1775 0.1645 0.1645 0.149 0.149 0.149 0.109
0.178 0.178 0.1775 0.1775 0.19 0.19 0.1935 0.1935 0.1935 0.1825 0.1825 0.185 0.185 0.184 0.184 0.185 0.185 0.185 0.183 0.183 0.195 0.195 0.195 0.195 0.195 0.16 0.16 0.1825 0.1825 0.16 0.16 0.16 0.1605 0.1605 0.1825 0.1825 0.171 0.171 0.171 0.188 0.188 0.173 0.173 0.1685 0.1685 0.1685 0.1325 0.1325 0.1325 0.1325 0.146 0.146 0.1365 0.1365 0.1365 0.1525 0.1525 0.163 0.163 0.1765 0.1765 0.1765 0.1955 0.1955 0.193 0.193 0.188 0.188 0.188 0.1705 0.1705 0.181 0.181 0.161 0.161 0.161 0.1245
