ndvi/NOAA-96.asc
ncols         252
nrows         154
xllcorner     -18.017974
yllcorner     13.481982
cellsize      0.035948
NODATA_value  -9999
[rows 102 to 135 of 154, columns 0 to 76 of 252]
-1 -1 -1 -1 -1 -1 -1 -1 -1 -1 -1 -1 -1 -1 -1 -1 -1 -1 -1 -1 -1 -1 -1 -1 -1 0.0107 0.0107 0.0107 0.1485 0.1485 0.317 0.317 0.306 0.306 0.306 0.2795 0.2795 0.2735 0.2735 0.2795 0.2795 0.2795 0.2745 0.2745 0.2785 0.2785 0.2685 0.2685 0.2685 0.2865 0.2865 0.2915 0.2915 0.292 0.292 0.2825 0.2825 0.2825 0.289 0.289 0.2695 0.2695 0.2695 0.2695 0.2695 0.2745 0.2745 0.2785 0.2785 0.27 0.27 0.27 0.228 0.228 0.2505 0.2505 0.2415
-1 -1 -1 -1 -1 -1 -1 -1 -1 -1 -1 -1 -1 -1 -1 -1 -1 -1 -1 -1 -1 -1 -1 0.0152 0.0152 0.1955 0.1955 0.1955 0.337 0.337 0.289 0.289 0.2755 0.2755 0.2755 0.3035 0.3035 0.2905 0.2905 0.3 0.3 0.3 0.3 0.3 0.291 0.291 0.2985 0.2985 0.2985 0.313 0.313 0.2885 0.2885 0.288 0.288 0.289 0.289 0.289 0.294 0.294 0.2645 0.2645 0.2645 0.2645 0.2645 0.274 0.274 0.283 0.283 0.2815 0.2815 0.2815 0.2615 0.2615 0.2665 0.2665 0.271
-1 -1 -1 -1 -1 -1 -1 -1 -1 -1 -1 -1 -1 -1 -1 -1 -1 -1 -1 -1 -1 -1 -1 0.0152 0.0152 0.1955 0.1955 0.1955 0.337 0.337 0.289 0.289 0.2755 0.2755 0.2755 0.3035 0.3035 0.2905 0.2905 0.3 0.3 0.3 0.3 0.3 0.291 0.291 0.2985 0.2985 0.2985 0.313 0.313 0.2885 0.2885 0.288 0.288 0.289 0.289 0.289 0.294 0.294 0.2645 0.2645 0.2645 0.2645 0.2645 0.274 0.274 0.283 0.283 0.2815 0.2815 0.2815 0.2615 0.2615 0.2665 0.2665 0.271
-1 -1 -1 -1 -1 -1 -1 -1 -1 -1 -1 -1 -1 -1 -1 -1 -1 -1 -1 -1 -1 -1 -1 0.0152 0.0152 0.1955 0.1955 0.1955 0.337 0.337 0.289 0.289 0.2755 0.2755 0.2755 0.3035 0.3035 0.2905 0.2905 0.3 0.3 0.3 0.3 0.3 0.291 0.291 0.2985 0.2985 0.2985 0.313 0.313 0.2885 0.2885 0.288 0.288 0.289 0.289 0.289 0.294 0.294 0.2645 0.2645 0.2645 0.2645 0.2645 0.274 0.274 0.283 0.283 0.2815 0.2815 0.2815 0.2615 0.2615 0.2665 0.2665 0.271
-1 -1 -1 -1 -1 -1 -1 -1 -1 -1 -1 -1 -1 -1 -1 -1 -1 -1 -1 -1 -1 0.0157 0.0157 0.1987 0.1987 0.333 0.333 0.333 0.309 0.309 0.3 0.3 0.317 0.317 0.317 0.3095 0.3095 0.3235 0.3235 0.3105 0.3105 0.3105 0.3085 0.3085 0.289 0.289 0.2995 0.2995 0.2995 0.3025 0.3025 0.3065 0.3065 0.2885 0.2885 0.285 0.285 0.285 0.2815 0.2815 0.286 0.286 0.286 0.286 0.286 0.2725 0.2725 0.2675 0.2675 0.273 0.273 0.273 0.2795 0.2795 0.2745 0.2745 0.271
-1 -1 -1 -1 -1 -1 -1 -1 -1 -1 -1 -1 -1 -1 -1 -1 -1 -1 -1 -1 -1 0.0157 0.0157 0.1987 0.1987 0.333 0.333 0.333 0.309 0.309 0.3 0.3 0.317 0.317 0.317 0.3095 0.3095 0.3235 0.3235 0.3105 0.3105 0.3105 0.3085 0.3085 0.289 0.289 0.2995 0.2995 0.2995 0.3025 0.3025 0.3065 0.3065 0.2885 0.2885 0.285 0.285 0.285 0.2815 0.2815 0.286 0.286 0.286 0.286 0.286 0.2725 0.2725 0.2675 0.2675 0.273 0.273 0.273 0.2795 0.2795 0.2745 0.2745 0.271
-1 -1 -1 -1 -1 -1 -1 -1 -1 -1 -1 -1 -1 -1 -1 -1 -1 -1 -1 -1 -1 0.1195 0.1195 0.353 0.353 0.3625 0.3625 0.3625 0.368 0.368 0.3465 0.3465 0.3425 0.3425 0.3425 0.318 0.318 0.3095 0.3095 0.3115 0.3115 0.3115 0.314 0.314 0.3385 0.3385 0.327 0.327 0.327 0.314 0.314 0.316 0.316 0.289 0.289 0.2815 0.2815 0.2815 0.2785 0.2785 0.3105 0.3105 0.3105 0.3105 0.3105 0.283 0.283 0.284 0.284 0.266 0.266 0.266 0.274 0.274 0.277 0.277 0.2845
-1 -1 -1 -1 -1 -1 -1 -1 -1 -1 -1 -1 -1 -1 -1 -1 -1 -1 -1 -1 -1 0.1195 0.1195 0.353 0.353 0.3625 0.3625 0.3625 0.368 0.368 0.3465 0.3465 0.3425 0.3425 0.3425 0.318 0.318 0.3095 0.3095 0.3115 0.3115 0.3115 0.314 0.314 0.3385 0.3385 0.327 0.327 0.327 0.314 0.314 0.316 0.316 0.289 0.289 0.2815 0.2815 0.2815 0.2785 0.2785 0.3105 0.3105 0.3105 0.3105 0.3105 0.283 0.283 0.284 0.284 0.266 0.266 0.266 0.274 0.274 0.277 0.277 0.2845
-1 -1 -1 -1 -1 -1 -1 -1 -1 -1 -1 -1 -1 -1 -1 -1 -1 -1 0.1632 0.1632 0.1632 0.308 0.308 0.3735 0.3735 0.351 0.351 0.351 0.372 0.372 0.3515 0.3515 0.34 0.34 0.34 0.323 0.323 0.321 0.321 0.3265 0.3265 0.3265 0.312 0.312 0.312 0.312 0.319 0.319 0.319 0.3145 0.3145 0.312 0.312 0.293 0.293 0.2955 0.2955 0.2955 0.2985 0.2985 0.289 0.289 0.289 0.289 0.289 0.283 0.283 0.269 0.269 0.258 0.258 0.258 0.2575 0.2575 0.263 0.263 0.293
-1 -1 -1 -1 -1 -1 -1 -1 -1 -1 -1 -1 -1 -1 -1 -1 -1 -1 0.1632 0.1632 0.1632 0.308 0.308 0.3735 0.3735 0.351 0.351 0.351 0.372 0.372 0.3515 0.3515 0.34 0.34 0.34 0.323 0.323 0.321 0.321 0.3265 0.3265 0.3265 0.312 0.312 0.312 0.312 0.319 0.319 0.319 0.3145 0.3145 0.312 0.312 0.293 0.293 0.2955 0.2955 0.2955 0.2985 0.2985 0.289 0.289 0.289 0.289 0.289 0.283 0.283 0.269 0.269 0.258 0.258 0.258 0.2575 0.2575 0.263 0.263 0.293
-1 -1 -1 -1 -1 -1 -1 -1 -1 -1 -1 -1 -1 -1 -1 -1 -1 -1 0.1632 0.1632 0.1632 0.308 0.308 0.3735 0.3735 0.351 0.351 0.351 0.372 0.372 0.3515 0.3515 0.34 0.34 0.34 0.323 0.323 0.321 0.321 0.3265 0.3265 0.3265 0.312 0.312 0.312 0.312 0.319 0.319 0.319 0.3145 0.3145 0.312 0.312 0.293 0.293 0.2955 0.2955 0.2955 0.2985 0.2985 0.289 0.289 0.289 0.289 0.289 0.283 0.283 0.269 0.269 0.258 0.258 0.258 0.2575 0.2575 0.263 0.263 0.293
-1 -1 -1 -1 -1 -1 -1 -1 -1 -1 -1 -1 -1 -1 -1 -1 0.2362 0.2362 0.3895 0.3895 0.3895 0.394 0.394 0.3525 0.3525 0.357 0.357 0.357 0.3705 0.3705 0.3565 0.3565 0.337 0.337 0.337 0.3185 0.3185 0.3135 0.3135 0.3215 0.3215 0.3215 0.322 0.322 0.3145 0.3145 0.3285 0.3285 0.3285 0.319 0.319 0.297 0.297 0.3155 0.3155 0.291 0.291 0.291 0.304 0.304 0.3055 0.3055 0.3055 0.3055 0.3055 0.3025 0.3025 0.273 0.273 0.267 0.267 0.267 0.284 0.284 0.2885 0.2885 0.2865
-1 -1 -1 -1 -1 -1 -1 -1 -1 -1 -1 -1 -1 -1 -1 -1 0.2362 0.2362 0.3895 0.3895 0.3895 0.394 0.394 0.3525 0.3525 0.357 0.357 0.357 0.3705 0.3705 0.3565 0.3565 0.337 0.337 0.337 0.3185 0.3185 0.3135 0.3135 0.3215 0.3215 0.3215 0.322 0.322 0.3145 0.3145 0.3285 0.3285 0.3285 0.319 0.319 0.297 0.297 0.3155 0.3155 0.291 0.291 0.291 0.304 0.304 0.3055 0.3055 0.3055 0.3055 0.3055 0.3025 0.3025 0.273 0.273 0.267 0.267 0.267 0.284 0.284 0.2885 0.2885 0.2865
-1 -1 -1 -1 -1 -1 -1 -1 -1 -1 -1 -1 0.1732 0.1732 0.1845 0.1845 0.208 0.208 0.3965 0.3965 0.3965 0.397 0.397 0.425 0.425 0.3445 0.3445 0.3445 0.386 0.386 0.382 0.382 0.342 0.342 0.342 0.3505 0.3505 0.3515 0.3515 0.343 0.343 0.343 0.3355 0.3355 0.3295 0.3295 0.3065 0.3065 0.3065 0.3115 0.3115 0.3085 0.3085 0.3095 0.3095 0.303 0.303 0.303 0.3175 0.3175 0.3115 0.3115 0.3115 0.3115 0.3115 0.299 0.299 0.2795 0.2795 0.2885 0.2885 0.2885 0.285 0.285 0.29 0.29 0.295
-1 -1 -1 -1 -1 -1 -1 -1 -1 -1 -1 -1 0.1732 0.1732 0.1845 0.1845 0.208 0.208 0.3965 0.3965 0.3965 0.397 0.397 0.425 0.425 0.3445 0.3445 0.3445 0.386 0.386 0.382 0.382 0.342 0.342 0.342 0.3505 0.3505 0.3515 0.3515 0.343 0.343 0.343 0.3355 0.3355 0.3295 0.3295 0.3065 0.3065 0.3065 0.3115 0.3115 0.3085 0.3085 0.3095 0.3095 0.303 0.303 0.303 0.3175 0.3175 0.3115 0.3115 0.3115 0.3115 0.3115 0.299 0.299 0.2795 0.2795 0.2885 0.2885 0.2885 0.285 0.285 0.29 0.29 0.295
-1 -1 -1 -1 -1 -1 -1 -1 -1 0.1391 0.1391 0.1391 0.1505 0.1505 0.14 0.14 0.0761 0.0761 0.066 0.066 0.066 0.3445 0.3445 0.3675 0.3675 0.356 0.356 0.356 0.3705 0.3705 0.358 0.358 0.337 0.337 0.337 0.35 0.35 0.3425 0.3425 0.343 0.343 0.343 0.331 0.331 0.3155 0.3155 0.3085 0.3085 0.3085 0.3115 0.3115 0.295 0.295 0.2885 0.2885 0.3005 0.3005 0.3005 0.3075 0.3075 0.3085 0.3085 0.3085 0.3085 0.3085 0.31 0.31 0.3125 0.3125 0.3295 0.3295 0.3295 0.2865 0.2865 0.2825 0.2825 0.2995
-1 -1 -1 -1 -1 -1 -1 -1 -1 0.1391 0.1391 0.1391 0.1505 0.1505 0.14 0.14 0.0761 0.0761 0.066 0.066 0.066 0.3445 0.3445 0.3675 0.3675 0.356 0.356 0.356 0.3705 0.3705 0.358 0.358 0.337 0.337 0.337 0.35 0.35 0.3425 0.3425 0.343 0.343 0.343 0.331 0.331 0.3155 0.3155 0.3085 0.3085 0.3085 0.3115 0.3115 0.295 0.295 0.2885 0.2885 0.3005 0.3005 0.3005 0.3075 0.3075 0.3085 0.3085 0.3085 0.3085 0.3085 0.31 0.31 0.3125 0.3125 0.3295 0.3295 0.3295 0.2865 0.2865 0.2825 0.2825 0.2995
-1 -1 -1 -1 -1 -1 -1 -1 -1 0.1391 0.1391 0.1391 0.1505 0.1505 0.14 0.14 0.0761 0.0761 0.066 0.066 0.066 0.3445 0.3445 0.3675 0.3675 0.356 0.356 0.356 0.3705 0.3705 0.358 0.358 0.337 0.337 0.337 0.35 0.35 0.3425 0.3425 0.343 0.343 0.343 0.331 0.331 0.3155 0.3155 0.3085 0.3085 0.3085 0.3115 0.3115 0.295 0.295 0.2885 0.2885 0.3005 0.3005 0.3005 0.3075 0.3075 0.3085 0.3085 0.3085 0.3085 0.3085 0.31 0.31 0.3125 0.3125 0.3295 0.3295 0.3295 0.2865 0.2865 0.2825 0.2825 0.2995
-1 -1 -1 -1 -1 -1 -1 -1 -1 -1 -1 -1 0.1136 0.1136 0.1541 0.1541 0.1732 0.1732 0.1252 0.1252 0.1252 0.3205 0.3205 0.3375 0.3375 0.363 0.363 0.363 0.34 0.34 0.354 0.354 0.3335 0.3335 0.3335 0.3125 0.3125 0.314 0.314 0.309 0.309 0.309 0.312 0.312 0.3195 0.3195 0.3095 0.3095 0.3095 0.3195 0.3195 0.2925 0.2925 0.2795 0.2795 0.2935 0.2935 0.2935 0.3095 0.3095 0.298 0.298 0.298 0.298 0.298 0.3015 0.3015 0.304 0.304 0.281 0.281 0.281 0.3075 0.3075 0.2855 0.2855 0.31
-1 -1 -1 -1 -1 -1 -1 -1 -1 -1 -1 -1 0.1136 0.1136 0.1541 0.1541 0.1732 0.1732 0.1252 0.1252 0.1252 0.3205 0.3205 0.3375 0.3375 0.363 0.363 0.363 0.34 0.34 0.354 0.354 0.3335 0.3335 0.3335 0.3125 0.3125 0.314 0.314 0.309 0.309 0.309 0.312 0.312 0.3195 0.3195 0.3095 0.3095 0.3095 0.3195 0.3195 0.2925 0.2925 0.2795 0.2795 0.2935 0.2935 0.2935 0.3095 0.3095 0.298 0.298 0.298 0.298 0.298 0.3015 0.3015 0.304 0.304 0.281 0.281 0.281 0.3075 0.3075 0.2855 0.2855 0.31
-1 -1 -1 -1 -1 -1 -1 -1 -1 -1 -1 -1 -1 -1 -1 -1 -1 -1 0.1392 0.1392 0.1392 0.1515 0.1515 0.294 0.294 0.3315 0.3315 0.3315 0.343 0.343 0.349 0.349 0.3405 0.3405 0.3405 0.309 0.309 0.309 0.309 0.2945 0.2945 0.2945 0.302 0.302 0.3015 0.3015 0.316 0.316 0.316 0.311 0.311 0.306 0.306 0.2945 0.2945 0.2855 0.2855 0.2855 0.2995 0.2995 0.3135 0.3135 0.3135 0.3135 0.3135 0.2915 0.2915 0.3075 0.3075 0.3155 0.3155 0.3155 0.327 0.327 0.342 0.342 0.287
-1 -1 -1 -1 -1 -1 -1 -1 -1 -1 -1 -1 -1 -1 -1 -1 -1 -1 0.1392 0.1392 0.1392 0.1515 0.1515 0.294 0.294 0.3315 0.3315 0.3315 0.343 0.343 0.349 0.349 0.3405 0.3405 0.3405 0.309 0.309 0.309 0.309 0.2945 0.2945 0.2945 0.302 0.302 0.3015 0.3015 0.316 0.316 0.316 0.311 0.311 0.306 0.306 0.2945 0.2945 0.2855 0.2855 0.2855 0.2995 0.2995 0.3135 0.3135 0.3135 0.3135 0.3135 0.2915 0.2915 0.3075 0.3075 0.3155 0.3155 0.3155 0.327 0.327 0.342 0.342 0.287
-1 -1 -1 -1 -1 -1 -1 -1 -1 -1 -1 -1 -1 -1 -1 -1 -1 -1 -1 -1 -1 0.1237 0.1237 0.1685 0.1685 0.32 0.32 0.32 0.3335 0.3335 0.3435 0.3435 0.337 0.337 0.337 0.3275 0.3275 0.309 0.309 0.3055 0.3055 0.3055 0.3125 0.3125 0.3015 0.3015 0.3285 0.3285 0.3285 0.3105 0.3105 0.314 0.314 0.3035 0.3035 0.3155 0.3155 0.3155 0.332 0.332 0.301 0.301 0.301 0.301 0.301 0.294 0.294 0.318 0.318 0.3335 0.3335 0.3335 0.29 0.29 0.2785 0.2785 0.3305
-1 -1 -1 -1 -1 -1 -1 -1 -1 -1 -1 -1 -1 -1 -1 -1 -1 -1 -1 -1 -1 0.1237 0.1237 0.1685 0.1685 0.32 0.32 0.32 0.3335 0.3335 0.3435 0.3435 0.337 0.337 0.337 0.3275 0.3275 0.309 0.309 0.3055 0.3055 0.3055 0.3125 0.3125 0.3015 0.3015 0.3285 0.3285 0.3285 0.3105 0.3105 0.314 0.314 0.3035 0.3035 0.3155 0.3155 0.3155 0.332 0.332 0.301 0.301 0.301 0.301 0.301 0.294 0.294 0.318 0.318 0.3335 0.3335 0.3335 0.29 0.29 0.2785 0.2785 0.3305
-1 -1 -1 -1 -1 -1 -1 -1 -1 -1 -1 -1 -1 -1 -1 -1 -1 -1 -1 -1 -1 0.1037 0.1037 0.1782 0.1782 0.2315 0.2315 0.2315 0.3445 0.3445 0.377 0.377 0.3655 0.3655 0.3655 0.3455 0.3455 0.2835 0.2835 0.263 0.263 0.263 0.2605 0.2605 0.3105 0.3105 0.319 0.319 0.319 0.312 0.312 0.333 0.333 0.3345 0.3345 0.314 0.314 0.314 0.2945 0.2945 0.298 0.298 0.298 0.298 0.298 0.3045 0.3045 0.3025 0.3025 0.315 0.315 0.315 0.296 0.296 0.2995 0.2995 0.3475
-1 -1 -1 -1 -1 -1 -1 -1 -1 -1 -1 -1 -1 -1 -1 -1 -1 -1 -1 -1 -1 0.1037 0.1037 0.1782 0.1782 0.2315 0.2315 0.2315 0.3445 0.3445 0.377 0.377 0.3655 0.3655 0.3655 0.3455 0.3455 0.2835 0.2835 0.263 0.263 0.263 0.2605 0.2605 0.3105 0.3105 0.319 0.319 0.319 0.312 0.312 0.333 0.333 0.3345 0.3345 0.314 0.314 0.314 0.2945 0.2945 0.298 0.298 0.298 0.298 0.298 0.3045 0.3045 0.3025 0.3025 0.315 0.315 0.315 0.296 0.296 0.2995 0.2995 0.3475
-1 -1 -1 -1 -1 -1 -1 -1 -1 -1 -1 -1 -1 -1 -1 -1 -1 -1 -1 -1 -1 0.1037 0.1037 0.1782 0.1782 0.2315 0.2315 0.2315 0.3445 0.3445 0.377 0.377 0.3655 0.3655 0.3655 0.3455 0.3455 0.2835 0.2835 0.263 0.263 0.263 0.2605 0.2605 0.3105 0.3105 0.319 0.319 0.319 0.312 0.312 0.333 0.333 0.3345 0.3345 0.314 0.314 0.314 0.2945 0.2945 0.298 0.298 0.298 0.298 0.298 0.3045 0.3045 0.3025 0.3025 0.315 0.315 0.315 0.296 0.296 0.2995 0.2995 0.3475
-1 -1 -1 -1 -1 -1 -1 -1 -1 -1 -1 -1 -1 -1 -1 -1 -1 -1 -1 -1 -1 -1 -1 0.2142 0.2142 0.0635 0.0635 0.0635 0.379 0.379 0.405 0.405 0.3755 0.3755 0.3755 0.3885 0.3885 0.2265 0.2265 0.1425 0.1425 0.1425 0.205 0.205 0.2865 0.2865 0.3095 0.3095 0.3095 0.3235 0.3235 0.3405 0.3405 0.326 0.326 0.325 0.325 0.325 0.316 0.316 0.3055 0.3055 0.3055 0.3055 0.3055 0.313 0.313 0.337 0.337 0.338 0.338 0.338 0.334 0.334 0.3315 0.3315 0.3235
-1 -1 -1 -1 -1 -1 -1 -1 -1 -1 -1 -1 -1 -1 -1 -1 -1 -1 -1 -1 -1 -1 -1 0.2142 0.2142 0.0635 0.0635 0.0635 0.379 0.379 0.405 0.405 0.3755 0.3755 0.3755 0.3885 0.3885 0.2265 0.2265 0.1425 0.1425 0.1425 0.205 0.205 0.2865 0.2865 0.3095 0.3095 0.3095 0.3235 0.3235 0.3405 0.3405 0.326 0.326 0.325 0.325 0.325 0.316 0.316 0.3055 0.3055 0.3055 0.3055 0.3055 0.313 0.313 0.337 0.337 0.338 0.338 0.338 0.334 0.334 0.3315 0.3315 0.3235
-1 -1 -1 -1 -1 -1 -1 -1 -1 -1 -1 -1 -1 -1 -1 -1 -1 -1 -1 -1 -1 -1 -1 -1 -1 0.1329 0.1329 0.1329 0.2545 0.2545 0.359 0.359 0.3525 0.3525 0.3525 0.292 0.292 0.142 0.142 0.1695 0.1695 0.1695 0.2305 0.2305 0.2915 0.2915 0.328 0.328 0.328 0.2895 0.2895 0.328 0.328 0.3255 0.3255 0.324 0.324 0.324 0.3335 0.3335 0.3165 0.3165 0.3165 0.3165 0.3165 0.315 0.315 0.3185 0.3185 0.3185 0.3185 0.3185 0.3405 0.3405 0.339 0.339 0.3665
-1 -1 -1 -1 -1 -1 -1 -1 -1 -1 -1 -1 -1 -1 -1 -1 -1 -1 -1 -1 -1 -1 -1 -1 -1 0.1329 0.1329 0.1329 0.2545 0.2545 0.359 0.359 0.3525 0.3525 0.3525 0.292 0.292 0.142 0.142 0.1695 0.1695 0.1695 0.2305 0.2305 0.2915 0.2915 0.328 0.328 0.328 0.2895 0.2895 0.328 0.328 0.3255 0.3255 0.324 0.324 0.324 0.3335 0.3335 0.3165 0.3165 0.3165 0.3165 0.3165 0.315 0.315 0.3185 0.3185 0.3185 0.3185 0.3185 0.3405 0.3405 0.339 0.339 0.3665
-1 -1 -1 -1 -1 -1 -1 -1 -1 -1 -1 -1 -1 -1 -1 -1 -1 -1 -1 -1 -1 -1 -1 -1 -1 0.0907 0.0907 0.0907 0.09450001 0.09450001 0.242 0.242 0.2765 0.2765 0.2765 0.316 0.316 0.202 0.202 0.31 0.31 0.31 0.439 0.439 0.367 0.367 0.3575 0.3575 0.3575 0.2665 0.2665 0.333 0.333 0.313 0.313 0.2965 0.2965 0.2965 0.3125 0.3125 0.324 0.324 0.324 0.324 0.324 0.2955 0.2955 0.2965 0.2965 0.3025 0.3025 0.3025 0.3305 0.3305 0.2945 0.2945 0.304
-1 -1 -1 -1 -1 -1 -1 -1 -1 -1 -1 -1 -1 -1 -1 -1 -1 -1 -1 -1 -1 -1 -1 -1 -1 0.0907 0.0907 0.0907 0.09450001 0.09450001 0.242 0.242 0.2765 0.2765 0.2765 0.316 0.316 0.202 0.202 0.31 0.31 0.31 0.439 0.439 0.367 0.367 0.3575 0.3575 0.3575 0.2665 0.2665 0.333 0.333 0.313 0.313 0.2965 0.2965 0.2965 0.3125 0.3125 0.324 0.324 0.324 0.324 0.324 0.2955 0.2955 0.2965 0.2965 0.3025 0.3025 0.3025 0.3305 0.3305 0.2945 0.2945 0.304
-1 -1 -1 -1 -1 -1 -1 -1 -1 -1 -1 -1 -1 -1 -1 -1 -1 -1 -1 -1 -1 -1 -1 -1 -1 0.0907 0.0907 0.0907 0.09450001 0.09450001 0.242 0.242 0.2765 0.2765 0.2765 0.316 0.316 0.202 0.202 0.31 0.31 0.31 0.439 0.439 0.367 0.367 0.3575 0.3575 0.3575 0.2665 0.2665 0.333 0.333 0.313 0.313 0.2965 0.2965 0.2965 0.3125 0.3125 0.324 0.324 0.324 0.324 0.324 0.2955 0.2955 0.2965 0.2965 0.3025 0.3025 0.3025 0.3305 0.3305 0.2945 0.2945 0.304
