ndvi/NOAA-354.asc
ncols         252
nrows         154
xllcorner     -18.017974
yllcorner     13.481982
cellsize      0.035948
NODATA_value  -9999
[rows 0 to 33 of 154, columns 154 to 230 of 252]
0.085 0.087 0.087 0.098 0.098 0.098 0.098 0.098 0.098 0.098 0.0915 0.0915 0.094 0.094 0.094 0.0955 0.0955 0.09450001 0.09450001 0.091 0.091 0.091 0.09550001 0.09550001 0.096 0.096 0.092 0.092 0.092 0.097 0.097 0.1005 0.1005 0.0975 0.0975 0.0975 0.094 0.094 0.08849999 0.08849999 0.0875 0.0875 0.0875 0.0915 0.0915 0.096 0.096 0.093 0.093 0.092 0.092 0.092 0.093 0.093 0.091 0.091 0.093 0.093 0.093 0.09 0.09 0.088 0.088 0.087 0.087 0.087 0.08750001 0.08750001 0.08149999 0.08149999 0.085 0.085 0.085 0.083 0.083 0.07600001 0.07600001
0.085 0.087 0.087 0.098 0.098 0.098 0.098 0.098 0.098 0.098 0.0915 0.0915 0.094 0.094 0.094 0.0955 0.0955 0.09450001 0.09450001 0.091 0.091 0.091 0.09550001 0.09550001 0.096 0.096 0.092 0.092 0.092 0.097 0.097 0.1005 0.1005 0.0975 0.0975 0.0975 0.094 0.094 0.08849999 0.08849999 0.0875 0.0875 0.0875 0.0915 0.0915 0.096 0.096 0.093 0.093 0.092 0.092 0.092 0.093 0.093 0.091 0.091 0.093 0.093 0.093 0.09 0.09 0.088 0.088 0.087 0.087 0.087 0.08750001 0.08750001 0.08149999 0.08149999 0.085 0.085 0.085 0.083 0.083 0.07600001 0.07600001
0.08750001 0.091 0.091 0.0985 0.0985 0.0985 0.0905 0.0905 0.099 0.099 0.097 0.097 0.09550001 0.09550001 0.09550001 0.094 0.094 0.0915 0.0915 0.0895 0.0895 0.0895 0.096 0.096 0.0975 0.0975 0.09649999 0.09649999 0.09649999 0.101 0.101 0.0985 0.0985 0.1015 0.1015 0.1015 0.104 0.104 0.106 0.106 0.1015 0.1015 0.1015 0.109 0.109 0.105 0.105 0.1055 0.1055 0.103 0.103 0.103 0.106 0.106 0.1055 0.1055 0.1055 0.1055 0.1055 0.1025 0.1025 0.0965 0.0965 0.0935 0.0935 0.0935 0.0925 0.0925 0.0925 0.0925 0.087 0.087 0.087 0.0835 0.0835 0.0745 0.0745
0.08750001 0.091 0.091 0.0985 0.0985 0.0985 0.0905 0.0905 0.099 0.099 0.097 0.097 0.09550001 0.09550001 0.09550001 0.094 0.094 0.0915 0.0915 0.0895 0.0895 0.0895 0.096 0.096 0.0975 0.0975 0.09649999 0.09649999 0.09649999 0.101 0.101 0.0985 0.0985 0.1015 0.1015 0.1015 0.104 0.104 0.106 0.106 0.1015 0.1015 0.1015 0.109 0.109 0.105 0.105 0.1055 0.1055 0.103 0.103 0.103 0.106 0.106 0.1055 0.1055 0.1055 0.1055 0.1055 0.1025 0.1025 0.0965 0.0965 0.0935 0.0935 0.0935 0.0925 0.0925 0.0925 0.0925 0.087 0.087 0.087 0.0835 0.0835 0.0745 0.0745
0.08750001 0.091 0.091 0.0985 0.0985 0.0985 0.0905 0.0905 0.099 0.099 0.097 0.097 0.09550001 0.09550001 0.09550001 0.094 0.094 0.0915 0.0915 0.0895 0.0895 0.0895 0.096 0.096 0.0975 0.0975 0.09649999 0.09649999 0.09649999 0.101 0.101 0.0985 0.0985 0.1015 0.1015 0.1015 0.104 0.104 0.106 0.106 0.1015 0.1015 0.1015 0.109 0.109 0.105 0.105 0.1055 0.1055 0.103 0.103 0.103 0.106 0.106 0.1055 0.1055 0.1055 0.1055 0.1055 0.1025 0.1025 0.0965 0.0965 0.0935 0.0935 0.0935 0.0925 0.0925 0.0925 0.0925 0.087 0.087 0.087 0.0835 0.0835 0.0745 0.0745
0.0995 0.099 0.099 0.097 0.097 0.097 0.0985 0.0985 0.1015 0.1015 0.096 0.096 0.0995 0.0995 0.0995 0.097 0.097 0.095 0.095 0.09900001 0.09900001 0.09900001 0.103 0.103 0.104 0.104 0.11 0.11 0.11 0.111 0.111 0.1135 0.1135 0.119 0.119 0.119 0.1115 0.1115 0.1115 0.1115 0.1125 0.1125 0.1125 0.1085 0.1085 0.1085 0.1085 0.1025 0.1025 0.1025 0.1025 0.1025 0.1035 0.1035 0.104 0.104 0.1005 0.1005 0.1005 0.101 0.101 0.09299999 0.09299999 0.097 0.097 0.097 0.094 0.094 0.0925 0.0925 0.087 0.087 0.087 0.085 0.085 0.0805 0.0805
0.0995 0.099 0.099 0.097 0.097 0.097 0.0985 0.0985 0.1015 0.1015 0.096 0.096 0.0995 0.0995 0.0995 0.097 0.097 0.095 0.095 0.09900001 0.09900001 0.09900001 0.103 0.103 0.104 0.104 0.11 0.11 0.11 0.111 0.111 0.1135 0.1135 0.119 0.119 0.119 0.1115 0.1115 0.1115 0.1115 0.1125 0.1125 0.1125 0.1085 0.1085 0.1085 0.1085 0.1025 0.1025 0.1025 0.1025 0.1025 0.1035 0.1035 0.104 0.104 0.1005 0.1005 0.1005 0.101 0.101 0.09299999 0.09299999 0.097 0.097 0.097 0.094 0.094 0.0925 0.0925 0.087 0.087 0.087 0.085 0.085 0.0805 0.0805
0.0955 0.09550001 0.09550001 0.101 0.101 0.101 0.106 0.106 0.1015 0.1015 0.099 0.099 0.101 0.101 0.101 0.1015 0.1015 0.105 0.105 0.11 0.11 0.11 0.1095 0.1095 0.1105 0.1105 0.1095 0.1095 0.1095 0.1065 0.1065 0.1145 0.1145 0.11 0.11 0.11 0.1065 0.1065 0.1135 0.1135 0.1125 0.1125 0.1125 0.1115 0.1115 0.109 0.109 0.111 0.111 0.102 0.102 0.102 0.0995 0.0995 0.0985 0.0985 0.09649999 0.09649999 0.09649999 0.0925 0.0925 0.094 0.094 0.0925 0.0925 0.0925 0.0905 0.0905 0.0895 0.0895 0.086 0.086 0.086 0.08499999 0.08499999 0.084 0.084
0.0955 0.09550001 0.09550001 0.101 0.101 0.101 0.106 0.106 0.1015 0.1015 0.099 0.099 0.101 0.101 0.101 0.1015 0.1015 0.105 0.105 0.11 0.11 0.11 0.1095 0.1095 0.1105 0.1105 0.1095 0.1095 0.1095 0.1065 0.1065 0.1145 0.1145 0.11 0.11 0.11 0.1065 0.1065 0.1135 0.1135 0.1125 0.1125 0.1125 0.1115 0.1115 0.109 0.109 0.111 0.111 0.102 0.102 0.102 0.0995 0.0995 0.0985 0.0985 0.09649999 0.09649999 0.09649999 0.0925 0.0925 0.094 0.094 0.0925 0.0925 0.0925 0.0905 0.0905 0.0895 0.0895 0.086 0.086 0.086 0.08499999 0.08499999 0.084 0.084
0.1045 0.106 0.106 0.0995 0.0995 0.0995 0.1005 0.1005 0.1025 0.1025 0.1065 0.1065 0.0985 0.0985 0.0985 0.1015 0.1015 0.1005 0.1005 0.1105 0.1105 0.1105 0.11 0.11 0.1095 0.1095 0.107 0.107 0.107 0.104 0.104 0.108 0.108 0.1065 0.1065 0.1065 0.104 0.104 0.104 0.104 0.09450001 0.09450001 0.09450001 0.0985 0.0985 0.099 0.099 0.105 0.105 0.099 0.099 0.099 0.09649999 0.09649999 0.092 0.092 0.0865 0.0865 0.0865 0.092 0.092 0.0925 0.0925 0.0895 0.0895 0.0895 0.09100001 0.09100001 0.087 0.087 0.085 0.085 0.085 0.0855 0.0855 0.08499999 0.08499999
0.1045 0.106 0.106 0.0995 0.0995 0.0995 0.1005 0.1005 0.1025 0.1025 0.1065 0.1065 0.0985 0.0985 0.0985 0.1015 0.1015 0.1005 0.1005 0.1105 0.1105 0.1105 0.11 0.11 0.1095 0.1095 0.107 0.107 0.107 0.104 0.104 0.108 0.108 0.1065 0.1065 0.1065 0.104 0.104 0.104 0.104 0.09450001 0.09450001 0.09450001 0.0985 0.0985 0.099 0.099 0.105 0.105 0.099 0.099 0.099 0.09649999 0.09649999 0.092 0.092 0.0865 0.0865 0.0865 0.092 0.092 0.0925 0.0925 0.0895 0.0895 0.0895 0.09100001 0.09100001 0.087 0.087 0.085 0.085 0.085 0.0855 0.0855 0.08499999 0.08499999
0.1045 0.105 0.105 0.099 0.099 0.099 0.101 0.101 0.104 0.104 0.105 0.105 0.0995 0.0995 0.0995 0.106 0.106 0.105 0.105 0.1065 0.1065 0.1065 0.104 0.104 0.108 0.108 0.1075 0.1075 0.1075 0.109 0.109 0.103 0.103 0.102 0.102 0.102 0.0995 0.0995 0.0985 0.0985 0.0935 0.0935 0.0935 0.092 0.092 0.0995 0.0995 0.1125 0.1125 0.1025 0.1025 0.1025 0.094 0.094 0.092 0.092 0.0895 0.0895 0.0895 0.086 0.086 0.088 0.088 0.081 0.081 0.081 0.0795 0.0795 0.078 0.078 0.0825 0.0825 0.0825 0.08050001 0.08050001 0.0805 0.0805
0.1045 0.105 0.105 0.099 0.099 0.099 0.101 0.101 0.104 0.104 0.105 0.105 0.0995 0.0995 0.0995 0.106 0.106 0.105 0.105 0.1065 0.1065 0.1065 0.104 0.104 0.108 0.108 0.1075 0.1075 0.1075 0.109 0.109 0.103 0.103 0.102 0.102 0.102 0.0995 0.0995 0.0985 0.0985 0.0935 0.0935 0.0935 0.092 0.092 0.0995 0.0995 0.1125 0.1125 0.1025 0.1025 0.1025 0.094 0.094 0.092 0.092 0.0895 0.0895 0.0895 0.086 0.086 0.088 0.088 0.081 0.081 0.081 0.0795 0.0795 0.078 0.078 0.0825 0.0825 0.0825 0.08050001 0.08050001 0.0805 0.0805
0.1045 0.105 0.105 0.099 0.099 0.099 0.101 0.101 0.104 0.104 0.105 0.105 0.0995 0.0995 0.0995 0.106 0.106 0.105 0.105 0.1065 0.1065 0.1065 0.104 0.104 0.108 0.108 0.1075 0.1075 0.1075 0.109 0.109 0.103 0.103 0.102 0.102 0.102 0.0995 0.0995 0.0985 0.0985 0.0935 0.0935 0.0935 0.092 0.092 0.0995 0.0995 0.1125 0.1125 0.1025 0.1025 0.1025 0.094 0.094 0.092 0.092 0.0895 0.0895 0.0895 0.086 0.086 0.088 0.088 0.081 0.081 0.081 0.0795 0.0795 0.078 0.078 0.0825 0.0825 0.0825 0.08050001 0.08050001 0.0805 0.0805
0.09999999 0.11 0.11 0.103 0.103 0.103 0.1045 0.1045 0.1075 0.1075 0.1115 0.1115 0.106 0.106 0.106 0.104 0.104 0.107 0.107 0.1045 0.1045 0.1045 0.0975 0.0975 0.1045 0.1045 0.102 0.102 0.102 0.1 0.1 0.0995 0.0995 0.09999999 0.09999999 0.09999999 0.1005 0.1005 0.1025 0.1025 0.094 0.094 0.094 0.09550001 0.09550001 0.096 0.096 0.0975 0.0975 0.084 0.084 0.084 0.0885 0.0885 0.09649999 0.09649999 0.094 0.094 0.094 0.079 0.079 0.0735 0.0735 0.0765 0.0765 0.0765 0.074 0.074 0.0725 0.0725 0.081 0.081 0.081 0.0795 0.0795 0.091 0.091
0.09999999 0.11 0.11 0.103 0.103 0.103 0.1045 0.1045 0.1075 0.1075 0.1115 0.1115 0.106 0.106 0.106 0.104 0.104 0.107 0.107 0.1045 0.1045 0.1045 0.0975 0.0975 0.1045 0.1045 0.102 0.102 0.102 0.1 0.1 0.0995 0.0995 0.09999999 0.09999999 0.09999999 0.1005 0.1005 0.1025 0.1025 0.094 0.094 0.094 0.09550001 0.09550001 0.096 0.096 0.0975 0.0975 0.084 0.084 0.084 0.0885 0.0885 0.09649999 0.09649999 0.094 0.094 0.094 0.079 0.079 0.0735 0.0735 0.0765 0.0765 0.0765 0.074 0.074 0.0725 0.0725 0.081 0.081 0.081 0.0795 0.0795 0.091 0.091
0.1025 0.104 0.104 0.1035 0.1035 0.1035 0.1035 0.1035 0.1085 0.1085 0.106 0.106 0.107 0.107 0.107 0.117 0.117 0.1115 0.1115 0.105 0.105 0.105 0.1 0.1 0.0995 0.0995 0.1015 0.1015 0.1015 0.1005 0.1005 0.089 0.089 0.096 0.096 0.096 0.0905 0.0905 0.072 0.072 0.0745 0.0745 0.0745 0.077 0.077 0.0555 0.0555 0.0545 0.0545 0.0615 0.0615 0.0615 0.082 0.082 0.08149999 0.08149999 0.077 0.077 0.077 0.078 0.078 0.0775 0.0775 0.0795 0.0795 0.0795 0.0795 0.0795 0.077 0.077 0.0785 0.0785 0.0785 0.082 0.082 0.088 0.088
0.1025 0.104 0.104 0.1035 0.1035 0.1035 0.1035 0.1035 0.1085 0.1085 0.106 0.106 0.107 0.107 0.107 0.117 0.117 0.1115 0.1115 0.105 0.105 0.105 0.1 0.1 0.0995 0.0995 0.1015 0.1015 0.1015 0.1005 0.1005 0.089 0.089 0.096 0.096 0.096 0.0905 0.0905 0.072 0.072 0.0745 0.0745 0.0745 0.077 0.077 0.0555 0.0555 0.0545 0.0545 0.0615 0.0615 0.0615 0.082 0.082 0.08149999 0.08149999 0.077 0.077 0.077 0.078 0.078 0.0775 0.0775 0.0795 0.0795 0.0795 0.0795 0.0795 0.077 0.077 0.0785 0.0785 0.0785 0.082 0.082 0.088 0.088
0.121 0.1045 0.1045 0.0975 0.0975 0.0975 0.088 0.088 0.0795 0.0795 0.0905 0.0905 0.0955 0.0955 0.0955 0.092 0.092 0.0855 0.0855 0.092 0.092 0.092 0.0905 0.0905 0.091 0.091 0.0915 0.0915 0.0915 0.083 0.083 0.073 0.073 0.0735 0.0735 0.0735 0.075 0.075 0.0905 0.0905 0.08849999 0.08849999 0.08849999 0.0935 0.0935 0.093 0.093 0.088 0.088 0.086 0.086 0.086 0.0815 0.0815 0.079 0.079 0.0785 0.0785 0.0785 0.0765 0.0765 0.0795 0.0795 0.079 0.079 0.079 0.079 0.079 0.0805 0.0805 0.078 0.078 0.078 0.081 0.081 0.087 0.087
0.121 0.1045 0.1045 0.0975 0.0975 0.0975 0.088 0.088 0.0795 0.0795 0.0905 0.0905 0.0955 0.0955 0.0955 0.092 0.092 0.0855 0.0855 0.092 0.092 0.092 0.0905 0.0905 0.091 0.091 0.0915 0.0915 0.0915 0.083 0.083 0.073 0.073 0.0735 0.0735 0.0735 0.075 0.075 0.0905 0.0905 0.08849999 0.08849999 0.08849999 0.0935 0.0935 0.093 0.093 0.088 0.088 0.086 0.086 0.086 0.0815 0.0815 0.079 0.079 0.0785 0.0785 0.0785 0.0765 0.0765 0.0795 0.0795 0.079 0.079 0.079 0.079 0.079 0.0805 0.0805 0.078 0.078 0.078 0.081 0.081 0.087 0.087
0.121 0.1045 0.1045 0.0975 0.0975 0.0975 0.088 0.088 0.0795 0.0795 0.0905 0.0905 0.0955 0.0955 0.0955 0.092 0.092 0.0855 0.0855 0.092 0.092 0.092 0.0905 0.0905 0.091 0.091 0.0915 0.0915 0.0915 0.083 0.083 0.073 0.073 0.0735 0.0735 0.0735 0.075 0.075 0.0905 0.0905 0.08849999 0.08849999 0.08849999 0.0935 0.0935 0.093 0.093 0.088 0.088 0.086 0.086 0.086 0.0815 0.0815 0.079 0.079 0.0785 0.0785 0.0785 0.0765 0.0765 0.0795 0.0795 0.079 0.079 0.079 0.079 0.079 0.0805 0.0805 0.078 0.078 0.078 0.081 0.081 0.087 0.087
0.1145 0.107 0.107 0.0955 0.0955 0.0955 0.087 0.087 0.085 0.085 0.089 0.089 0.088 0.088 0.088 0.097 0.097 0.095 0.095 0.098 0.098 0.098 0.095 0.095 0.098 0.098 0.092 0.092 0.092 0.086 0.086 0.0785 0.0785 0.0955 0.0955 0.0955 0.108 0.108 0.1025 0.1025 0.095 0.095 0.095 0.0925 0.0925 0.0925 0.0925 0.0865 0.0865 0.082 0.082 0.082 0.08 0.08 0.08 0.08 0.0805 0.0805 0.0805 0.079 0.079 0.0855 0.0855 0.08 0.08 0.08 0.0835 0.0835 0.0825 0.0825 0.082 0.082 0.082 0.08149999 0.08149999 0.0815 0.0815
0.1145 0.107 0.107 0.0955 0.0955 0.0955 0.087 0.087 0.085 0.085 0.089 0.089 0.088 0.088 0.088 0.097 0.097 0.095 0.095 0.098 0.098 0.098 0.095 0.095 0.098 0.098 0.092 0.092 0.092 0.086 0.086 0.0785 0.0785 0.0955 0.0955 0.0955 0.108 0.108 0.1025 0.1025 0.095 0.095 0.095 0.0925 0.0925 0.0925 0.0925 0.0865 0.0865 0.082 0.082 0.082 0.08 0.08 0.08 0.08 0.0805 0.0805 0.0805 0.079 0.079 0.0855 0.0855 0.08 0.08 0.08 0.0835 0.0835 0.0825 0.0825 0.082 0.082 0.082 0.08149999 0.08149999 0.0815 0.0815
0.106 0.11 0.11 0.1005 0.1005 0.1005 0.098 0.098 0.107 0.107 0.1095 0.1095 0.089 0.089 0.089 0.0935 0.0935 0.096 0.096 0.1115 0.1115 0.1115 0.112 0.112 0.1135 0.1135 0.112 0.112 0.112 0.1145 0.1145 0.113 0.113 0.1215 0.1215 0.1215 0.1135 0.1135 0.0985 0.0985 0.09299999 0.09299999 0.09299999 0.0915 0.0915 0.0875 0.0875 0.0855 0.0855 0.082 0.082 0.082 0.079 0.079 0.07799999 0.07799999 0.0825 0.0825 0.0825 0.085 0.085 0.0855 0.0855 0.084 0.084 0.084 0.082 0.082 0.0855 0.0855 0.0805 0.0805 0.0805 0.081 0.081 0.08 0.08
0.106 0.11 0.11 0.1005 0.1005 0.1005 0.098 0.098 0.107 0.107 0.1095 0.1095 0.089 0.089 0.089 0.0935 0.0935 0.096 0.096 0.1115 0.1115 0.1115 0.112 0.112 0.1135 0.1135 0.112 0.112 0.112 0.1145 0.1145 0.113 0.113 0.1215 0.1215 0.1215 0.1135 0.1135 0.0985 0.0985 0.09299999 0.09299999 0.09299999 0.0915 0.0915 0.0875 0.0875 0.0855 0.0855 0.082 0.082 0.082 0.079 0.079 0.07799999 0.07799999 0.0825 0.0825 0.0825 0.085 0.085 0.0855 0.0855 0.084 0.084 0.084 0.082 0.082 0.0855 0.0855 0.0805 0.0805 0.0805 0.081 0.081 0.08 0.08
0.1065 0.104 0.104 0.115 0.115 0.115 0.0955 0.0955 0.1055 0.1055 0.124 0.124 0.1095 0.1095 0.1095 0.111 0.111 0.114 0.114 0.114 0.114 0.114 0.122 0.122 0.115 0.115 0.119 0.119 0.119 0.119 0.119 0.1245 0.1245 0.1225 0.1225 0.1225 0.1125 0.1125 0.0985 0.0985 0.0935 0.0935 0.0935 0.088 0.088 0.094 0.094 0.0865 0.0865 0.0895 0.0895 0.0895 0.0875 0.0875 0.0805 0.0805 0.0845 0.0845 0.0845 0.08400001 0.08400001 0.0825 0.0825 0.085 0.085 0.085 0.0885 0.0885 0.0795 0.0795 0.0755 0.0755 0.0755 0.0805 0.0805 0.086 0.086
0.1065 0.104 0.104 0.115 0.115 0.115 0.0955 0.0955 0.1055 0.1055 0.124 0.124 0.1095 0.1095 0.1095 0.111 0.111 0.114 0.114 0.114 0.114 0.114 0.122 0.122 0.115 0.115 0.119 0.119 0.119 0.119 0.119 0.1245 0.1245 0.1225 0.1225 0.1225 0.1125 0.1125 0.0985 0.0985 0.0935 0.0935 0.0935 0.088 0.088 0.094 0.094 0.0865 0.0865 0.0895 0.0895 0.0895 0.0875 0.0875 0.0805 0.0805 0.0845 0.0845 0.0845 0.08400001 0.08400001 0.0825 0.0825 0.085 0.085 0.085 0.0885 0.0885 0.0795 0.0795 0.0755 0.0755 0.0755 0.0805 0.0805 0.086 0.086
0.1065 0.104 0.104 0.115 0.115 0.115 0.0955 0.0955 0.1055 0.1055 0.124 0.124 0.1095 0.1095 0.1095 0.111 0.111 0.114 0.114 0.114 0.114 0.114 0.122 0.122 0.115 0.115 0.119 0.119 0.119 0.119 0.119 0.1245 0.1245 0.1225 0.1225 0.1225 0.1125 0.1125 0.0985 0.0985 0.0935 0.0935 0.0935 0.088 0.088 0.094 0.094 0.0865 0.0865 0.0895 0.0895 0.0895 0.0875 0.0875 0.0805 0.0805 0.0845 0.0845 0.0845 0.08400001 0.08400001 0.0825 0.0825 0.085 0.085 0.085 0.0885 0.0885 0.0795 0.0795 0.0755 0.0755 0.0755 0.0805 0.0805 0.086 0.086
0.0995 0.1035 0.1035 0.1285 0.1285 0.1285 0.1115 0.1115 0.0765 0.0765 0.1085 0.1085 0.1275 0.1275 0.1275 0.107 0.107 0.1205 0.1205 0.1095 0.1095 0.1095 0.118 0.118 0.114 0.114 0.123 0.123 0.123 0.124 0.124 0.1175 0.1175 0.1065 0.1065 0.1065 0.105 0.105 0.1015 0.1015 0.092 0.092 0.092 0.0935 0.0935 0.0955 0.0955 0.0935 0.0935 0.0935 0.0935 0.0935 0.0915 0.0915 0.0855 0.0855 0.086 0.086 0.086 0.085 0.085 0.0965 0.0965 0.095 0.095 0.095 0.0955 0.0955 0.095 0.095 0.098 0.098 0.098 0.0995 0.0995 0.0835 0.0835
0.0995 0.1035 0.1035 0.1285 0.1285 0.1285 0.1115 0.1115 0.0765 0.0765 0.1085 0.1085 0.1275 0.1275 0.1275 0.107 0.107 0.1205 0.1205 0.1095 0.1095 0.1095 0.118 0.118 0.114 0.114 0.123 0.123 0.123 0.124 0.124 0.1175 0.1175 0.1065 0.1065 0.1065 0.105 0.105 0.1015 0.1015 0.092 0.092 0.092 0.0935 0.0935 0.0955 0.0955 0.0935 0.0935 0.0935 0.0935 0.0935 0.0915 0.0915 0.0855 0.0855 0.086 0.086 0.086 0.085 0.085 0.0965 0.0965 0.095 0.095 0.095 0.0955 0.0955 0.095 0.095 0.098 0.098 0.098 0.0995 0.0995 0.0835 0.0835
0.1105 0.1085 0.1085 0.1295 0.1295 0.1295 0.1235 0.1235 0.09450001 0.09450001 0.1105 0.1105 0.1045 0.1045 0.1045 0.1195 0.1195 0.11 0.11 0.1205 0.1205 0.1205 0.1245 0.1245 0.122 0.122 0.1165 0.1165 0.1165 0.1135 0.1135 0.109 0.109 0.105 0.105 0.105 0.1075 0.1075 0.1015 0.1015 0.0995 0.0995 0.0995 0.0995 0.0995 0.102 0.102 0.094 0.094 0.1005 0.1005 0.1005 0.097 0.097 0.09299999 0.09299999 0.096 0.096 0.096 0.097 0.097 0.099 0.099 0.103 0.103 0.103 0.1115 0.1115 0.1015 0.1015 0.0915 0.0915 0.0915 0.09 0.09 0.087 0.087
0.1105 0.1085 0.1085 0.1295 0.1295 0.1295 0.1235 0.1235 0.09450001 0.09450001 0.1105 0.1105 0.1045 0.1045 0.1045 0.1195 0.1195 0.11 0.11 0.1205 0.1205 0.1205 0.1245 0.1245 0.122 0.122 0.1165 0.1165 0.1165 0.1135 0.1135 0.109 0.109 0.105 0.105 0.105 0.1075 0.1075 0.1015 0.1015 0.0995 0.0995 0.0995 0.0995 0.0995 0.102 0.102 0.094 0.094 0.1005 0.1005 0.1005 0.097 0.097 0.09299999 0.09299999 0.096 0.096 0.096 0.097 0.097 0.099 0.099 0.103 0.103 0.103 0.1115 0.1115 0.1015 0.1015 0.0915 0.0915 0.0915 0.09 0.09 0.087 0.087
0.1605 0.099 0.099 0.1275 0.1275 0.1275 0.107 0.107 0.11 0.11 0.09299999 0.09299999 0.08750001 0.08750001 0.08750001 0.106 0.106 0.1055 0.1055 0.1005 0.1005 0.1005 0.103 0.103 0.109 0.109 0.116 0.116 0.116 0.1185 0.1185 0.114 0.114 0.1165 0.1165 0.1165 0.1105 0.1105 0.126 0.126 0.112 0.112 0.112 0.108 0.108 0.111 0.111 0.116 0.116 0.1115 0.1115 0.1115 0.1115 0.1115 0.1065 0.1065 0.101 0.101 0.101 0.1025 0.1025 0.108 0.108 0.1135 0.1135 0.1135 0.11 0.11 0.101 0.101 0.1035 0.1035 0.1035 0.0995 0.0995 0.0985 0.0985
0.1605 0.099 0.099 0.1275 0.1275 0.1275 0.107 0.107 0.11 0.11 0.09299999 0.09299999 0.08750001 0.08750001 0.08750001 0.106 0.106 0.1055 0.1055 0.1005 0.1005 0.1005 0.103 0.103 0.109 0.109 0.116 0.116 0.116 0.1185 0.1185 0.114 0.114 0.1165 0.1165 0.1165 0.1105 0.1105 0.126 0.126 0.112 0.112 0.112 0.108 0.108 0.111 0.111 0.116 0.116 0.1115 0.1115 0.1115 0.1115 0.1115 0.1065 0.1065 0.101 0.101 0.101 0.1025 0.1025 0.108 0.108 0.1135 0.1135 0.1135 0.11 0.11 0.101 0.101 0.1035 0.1035 0.1035 0.0995 0.0995 0.0985 0.0985
