ndvi/NOAA-220.asc
ncols         252
nrows         154
xllcorner     -18.017974
yllcorner     13.481982
cellsize      0.035948
NODATA_value  -9999
[rows 102 to 135 of 154, columns 0 to 76 of 252]
-1 -1 -1 -1 -1 -1 -1 -1 -1 -1 -1 -1 -1 -1 -1 -1 -1 -1 -1 -1 -1 -1 -1 -1 -1 0.0527 0.0527 0.0527 0.117 0.117 0.2705 0.2705 0.2525 0.2525 0.2525 0.2325 0.2325 0.2175 0.2175 0.2265 0.2265 0.2265 0.226 0.226 0.232 0.232 0.22 0.22 0.22 0.2275 0.2275 0.2345 0.2345 0.244 0.244 0.2455 0.2455 0.2455 0.2405 0.2405 0.247 0.247 0.247 0.247 0.247 0.245 0.245 0.2465 0.2465 0.231 0.231 0.231 0.212 0.212 0.207 0.207 0.208
-1 -1 -1 -1 -1 -1 -1 -1 -1 -1 -1 -1 -1 -1 -1 -1 -1 -1 -1 -1 -1 -1 -1 0.0031 0.0031 0.192 0.192 0.192 0.277 0.277 0.256 0.256 0.2245 0.2245 0.2245 0.219 0.219 0.2395 0.2395 0.2465 0.2465 0.2465 0.2325 0.2325 0.2305 0.2305 0.2285 0.2285 0.2285 0.2345 0.2345 0.231 0.231 0.232 0.232 0.235 0.235 0.235 0.25 0.25 0.2455 0.2455 0.2455 0.2455 0.2455 0.242 0.242 0.2425 0.2425 0.2345 0.2345 0.2345 0.231 0.231 0.228 0.228 0.227
-1 -1 -1 -1 -1 -1 -1 -1 -1 -1 -1 -1 -1 -1 -1 -1 -1 -1 -1 -1 -1 -1 -1 0.0031 0.0031 0.192 0.192 0.192 0.277 0.277 0.256 0.256 0.2245 0.2245 0.2245 0.219 0.219 0.2395 0.2395 0.2465 0.2465 0.2465 0.2325 0.2325 0.2305 0.2305 0.2285 0.2285 0.2285 0.2345 0.2345 0.231 0.231 0.232 0.232 0.235 0.235 0.235 0.25 0.25 0.2455 0.2455 0.2455 0.2455 0.2455 0.242 0.242 0.2425 0.2425 0.2345 0.2345 0.2345 0.231 0.231 0.228 0.228 0.227
-1 -1 -1 -1 -1 -1 -1 -1 -1 -1 -1 -1 -1 -1 -1 -1 -1 -1 -1 -1 -1 -1 -1 0.0031 0.0031 0.192 0.192 0.192 0.277 0.277 0.256 0.256 0.2245 0.2245 0.2245 0.219 0.219 0.2395 0.2395 0.2465 0.2465 0.2465 0.2325 0.2325 0.2305 0.2305 0.2285 0.2285 0.2285 0.2345 0.2345 0.231 0.231 0.232 0.232 0.235 0.235 0.235 0.25 0.25 0.2455 0.2455 0.2455 0.2455 0.2455 0.242 0.242 0.2425 0.2425 0.2345 0.2345 0.2345 0.231 0.231 0.228 0.228 0.227
-1 -1 -1 -1 -1 -1 -1 -1 -1 -1 -1 -1 -1 -1 -1 -1 -1 -1 -1 -1 -1 0.0331 0.0331 0.1495 0.1495 0.2845 0.2845 0.2845 0.285 0.285 0.2405 0.2405 0.2445 0.2445 0.2445 0.238 0.238 0.242 0.242 0.248 0.248 0.248 0.24 0.24 0.2365 0.2365 0.233 0.233 0.233 0.225 0.225 0.2365 0.2365 0.2275 0.2275 0.235 0.235 0.235 0.24 0.24 0.246 0.246 0.246 0.246 0.246 0.244 0.244 0.245 0.245 0.2425 0.2425 0.2425 0.2425 0.2425 0.2275 0.2275 0.2215
-1 -1 -1 -1 -1 -1 -1 -1 -1 -1 -1 -1 -1 -1 -1 -1 -1 -1 -1 -1 -1 0.0331 0.0331 0.1495 0.1495 0.2845 0.2845 0.2845 0.285 0.285 0.2405 0.2405 0.2445 0.2445 0.2445 0.238 0.238 0.242 0.242 0.248 0.248 0.248 0.24 0.24 0.2365 0.2365 0.233 0.233 0.233 0.225 0.225 0.2365 0.2365 0.2275 0.2275 0.235 0.235 0.235 0.24 0.24 0.246 0.246 0.246 0.246 0.246 0.244 0.244 0.245 0.245 0.2425 0.2425 0.2425 0.2425 0.2425 0.2275 0.2275 0.2215
-1 -1 -1 -1 -1 -1 -1 -1 -1 -1 -1 -1 -1 -1 -1 -1 -1 -1 -1 -1 -1 0.119 0.119 0.2795 0.2795 0.2655 0.2655 0.2655 0.2575 0.2575 0.2445 0.2445 0.2405 0.2405 0.2405 0.2475 0.2475 0.239 0.239 0.2365 0.2365 0.2365 0.246 0.246 0.2505 0.2505 0.2525 0.2525 0.2525 0.2395 0.2395 0.241 0.241 0.224 0.224 0.2285 0.2285 0.2285 0.233 0.233 0.249 0.249 0.249 0.249 0.249 0.241 0.241 0.25 0.25 0.251 0.251 0.251 0.2415 0.2415 0.2335 0.2335 0.2315
-1 -1 -1 -1 -1 -1 -1 -1 -1 -1 -1 -1 -1 -1 -1 -1 -1 -1 -1 -1 -1 0.119 0.119 0.2795 0.2795 0.2655 0.2655 0.2655 0.2575 0.2575 0.2445 0.2445 0.2405 0.2405 0.2405 0.2475 0.2475 0.239 0.239 0.2365 0.2365 0.2365 0.246 0.246 0.2505 0.2505 0.2525 0.2525 0.2525 0.2395 0.2395 0.241 0.241 0.224 0.224 0.2285 0.2285 0.2285 0.233 0.233 0.249 0.249 0.249 0.249 0.249 0.241 0.241 0.25 0.25 0.251 0.251 0.251 0.2415 0.2415 0.2335 0.2335 0.2315
-1 -1 -1 -1 -1 -1 -1 -1 -1 -1 -1 -1 -1 -1 -1 -1 -1 -1 0.1675 0.1675 0.1675 0.2665 0.2665 0.2835 0.2835 0.2805 0.2805 0.2805 0.2605 0.2605 0.262 0.262 0.243 0.243 0.243 0.2495 0.2495 0.2385 0.2385 0.245 0.245 0.245 0.2505 0.2505 0.2455 0.2455 0.248 0.248 0.248 0.248 0.248 0.2525 0.2525 0.235 0.235 0.2345 0.2345 0.2345 0.238 0.238 0.238 0.238 0.238 0.238 0.238 0.239 0.239 0.2435 0.2435 0.2515 0.2515 0.2515 0.233 0.233 0.232 0.232 0.2505
-1 -1 -1 -1 -1 -1 -1 -1 -1 -1 -1 -1 -1 -1 -1 -1 -1 -1 0.1675 0.1675 0.1675 0.2665 0.2665 0.2835 0.2835 0.2805 0.2805 0.2805 0.2605 0.2605 0.262 0.262 0.243 0.243 0.243 0.2495 0.2495 0.2385 0.2385 0.245 0.245 0.245 0.2505 0.2505 0.2455 0.2455 0.248 0.248 0.248 0.248 0.248 0.2525 0.2525 0.235 0.235 0.2345 0.2345 0.2345 0.238 0.238 0.238 0.238 0.238 0.238 0.238 0.239 0.239 0.2435 0.2435 0.2515 0.2515 0.2515 0.233 0.233 0.232 0.232 0.2505
-1 -1 -1 -1 -1 -1 -1 -1 -1 -1 -1 -1 -1 -1 -1 -1 -1 -1 0.1675 0.1675 0.1675 0.2665 0.2665 0.2835 0.2835 0.2805 0.2805 0.2805 0.2605 0.2605 0.262 0.262 0.243 0.243 0.243 0.2495 0.2495 0.2385 0.2385 0.245 0.245 0.245 0.2505 0.2505 0.2455 0.2455 0.248 0.248 0.248 0.248 0.248 0.2525 0.2525 0.235 0.235 0.2345 0.2345 0.2345 0.238 0.238 0.238 0.238 0.238 0.238 0.238 0.239 0.239 0.2435 0.2435 0.2515 0.2515 0.2515 0.233 0.233 0.232 0.232 0.2505
-1 -1 -1 -1 -1 -1 -1 -1 -1 -1 -1 -1 -1 -1 -1 -1 0.2486 0.2486 0.2955 0.2955 0.2955 0.293 0.293 0.2715 0.2715 0.269 0.269 0.269 0.28 0.28 0.2635 0.2635 0.258 0.258 0.258 0.2545 0.2545 0.241 0.241 0.2515 0.2515 0.2515 0.244 0.244 0.236 0.236 0.2355 0.2355 0.2355 0.244 0.244 0.235 0.235 0.2295 0.2295 0.2385 0.2385 0.2385 0.2485 0.2485 0.2455 0.2455 0.2455 0.2455 0.2455 0.2405 0.2405 0.2315 0.2315 0.2325 0.2325 0.2325 0.25 0.25 0.247 0.247 0.2365
-1 -1 -1 -1 -1 -1 -1 -1 -1 -1 -1 -1 -1 -1 -1 -1 0.2486 0.2486 0.2955 0.2955 0.2955 0.293 0.293 0.2715 0.2715 0.269 0.269 0.269 0.28 0.28 0.2635 0.2635 0.258 0.258 0.258 0.2545 0.2545 0.241 0.241 0.2515 0.2515 0.2515 0.244 0.244 0.236 0.236 0.2355 0.2355 0.2355 0.244 0.244 0.235 0.235 0.2295 0.2295 0.2385 0.2385 0.2385 0.2485 0.2485 0.2455 0.2455 0.2455 0.2455 0.2455 0.2405 0.2405 0.2315 0.2315 0.2325 0.2325 0.2325 0.25 0.25 0.247 0.247 0.2365
-1 -1 -1 -1 -1 -1 -1 -1 -1 -1 -1 -1 0.1646 0.1646 0.154 0.154 0.1785 0.1785 0.285 0.285 0.285 0.2805 0.2805 0.287 0.287 0.282 0.282 0.282 0.2875 0.2875 0.2865 0.2865 0.2535 0.2535 0.2535 0.2565 0.2565 0.2585 0.2585 0.258 0.258 0.258 0.256 0.256 0.249 0.249 0.234 0.234 0.234 0.232 0.232 0.2285 0.2285 0.2385 0.2385 0.247 0.247 0.247 0.2435 0.2435 0.247 0.247 0.247 0.247 0.247 0.246 0.246 0.2365 0.2365 0.2215 0.2215 0.2215 0.236 0.236 0.237 0.237 0.2445
-1 -1 -1 -1 -1 -1 -1 -1 -1 -1 -1 -1 0.1646 0.1646 0.154 0.154 0.1785 0.1785 0.285 0.285 0.285 0.2805 0.2805 0.287 0.287 0.282 0.282 0.282 0.2875 0.2875 0.2865 0.2865 0.2535 0.2535 0.2535 0.2565 0.2565 0.2585 0.2585 0.258 0.258 0.258 0.256 0.256 0.249 0.249 0.234 0.234 0.234 0.232 0.232 0.2285 0.2285 0.2385 0.2385 0.247 0.247 0.247 0.2435 0.2435 0.247 0.247 0.247 0.247 0.247 0.246 0.246 0.2365 0.2365 0.2215 0.2215 0.2215 0.236 0.236 0.237 0.237 0.2445
-1 -1 -1 -1 -1 -1 -1 -1 -1 0.157 0.157 0.157 0.126 0.126 0.1551 0.1551 0.1295 0.1295 0.0475 0.0475 0.0475 0.251 0.251 0.2815 0.2815 0.3095 0.3095 0.3095 0.294 0.294 0.2795 0.2795 0.262 0.262 0.262 0.257 0.257 0.2605 0.2605 0.2545 0.2545 0.2545 0.2515 0.2515 0.24 0.24 0.2315 0.2315 0.2315 0.239 0.239 0.234 0.234 0.2325 0.2325 0.2335 0.2335 0.2335 0.242 0.242 0.2435 0.2435 0.2435 0.2435 0.2435 0.237 0.237 0.242 0.242 0.2385 0.2385 0.2385 0.2355 0.2355 0.234 0.234 0.2485
-1 -1 -1 -1 -1 -1 -1 -1 -1 0.157 0.157 0.157 0.126 0.126 0.1551 0.1551 0.1295 0.1295 0.0475 0.0475 0.0475 0.251 0.251 0.2815 0.2815 0.3095 0.3095 0.3095 0.294 0.294 0.2795 0.2795 0.262 0.262 0.262 0.257 0.257 0.2605 0.2605 0.2545 0.2545 0.2545 0.2515 0.2515 0.24 0.24 0.2315 0.2315 0.2315 0.239 0.239 0.234 0.234 0.2325 0.2325 0.2335 0.2335 0.2335 0.242 0.242 0.2435 0.2435 0.2435 0.2435 0.2435 0.237 0.237 0.242 0.242 0.2385 0.2385 0.2385 0.2355 0.2355 0.234 0.234 0.2485
-1 -1 -1 -1 -1 -1 -1 -1 -1 0.157 0.157 0.157 0.126 0.126 0.1551 0.1551 0.1295 0.1295 0.0475 0.0475 0.0475 0.251 0.251 0.2815 0.2815 0.3095 0.3095 0.3095 0.294 0.294 0.2795 0.2795 0.262 0.262 0.262 0.257 0.257 0.2605 0.2605 0.2545 0.2545 0.2545 0.2515 0.2515 0.24 0.24 0.2315 0.2315 0.2315 0.239 0.239 0.234 0.234 0.2325 0.2325 0.2335 0.2335 0.2335 0.242 0.242 0.2435 0.2435 0.2435 0.2435 0.2435 0.237 0.237 0.242 0.242 0.2385 0.2385 0.2385 0.2355 0.2355 0.234 0.234 0.2485
-1 -1 -1 -1 -1 -1 -1 -1 -1 -1 -1 -1 0.1187 0.1187 0.1487 0.1487 0.1702 0.1702 0.1676 0.1676 0.1676 0.227 0.227 0.257 0.257 0.287 0.287 0.287 0.2845 0.2845 0.2785 0.2785 0.2565 0.2565 0.2565 0.2395 0.2395 0.246 0.246 0.239 0.239 0.239 0.241 0.241 0.24 0.24 0.2565 0.2565 0.2565 0.246 0.246 0.234 0.234 0.2345 0.2345 0.2375 0.2375 0.2375 0.2355 0.2355 0.2275 0.2275 0.2275 0.2275 0.2275 0.2325 0.2325 0.2145 0.2145 0.238 0.238 0.238 0.257 0.257 0.241 0.241 0.2585
-1 -1 -1 -1 -1 -1 -1 -1 -1 -1 -1 -1 0.1187 0.1187 0.1487 0.1487 0.1702 0.1702 0.1676 0.1676 0.1676 0.227 0.227 0.257 0.257 0.287 0.287 0.287 0.2845 0.2845 0.2785 0.2785 0.2565 0.2565 0.2565 0.2395 0.2395 0.246 0.246 0.239 0.239 0.239 0.241 0.241 0.24 0.24 0.2565 0.2565 0.2565 0.246 0.246 0.234 0.234 0.2345 0.2345 0.2375 0.2375 0.2375 0.2355 0.2355 0.2275 0.2275 0.2275 0.2275 0.2275 0.2325 0.2325 0.2145 0.2145 0.238 0.238 0.238 0.257 0.257 0.241 0.241 0.2585
-1 -1 -1 -1 -1 -1 -1 -1 -1 -1 -1 -1 -1 -1 -1 -1 -1 -1 0.3221 0.3221 0.3221 0.098 0.098 0.266 0.266 0.2795 0.2795 0.2795 0.278 0.278 0.281 0.281 0.256 0.256 0.256 0.2525 0.2525 0.2415 0.2415 0.2365 0.2365 0.2365 0.239 0.239 0.2465 0.2465 0.2555 0.2555 0.2555 0.259 0.259 0.257 0.257 0.2435 0.2435 0.243 0.243 0.243 0.243 0.243 0.241 0.241 0.241 0.241 0.241 0.221 0.221 0.2255 0.2255 0.2425 0.2425 0.2425 0.2675 0.2675 0.256 0.256 0.267
-1 -1 -1 -1 -1 -1 -1 -1 -1 -1 -1 -1 -1 -1 -1 -1 -1 -1 0.3221 0.3221 0.3221 0.098 0.098 0.266 0.266 0.2795 0.2795 0.2795 0.278 0.278 0.281 0.281 0.256 0.256 0.256 0.2525 0.2525 0.2415 0.2415 0.2365 0.2365 0.2365 0.239 0.239 0.2465 0.2465 0.2555 0.2555 0.2555 0.259 0.259 0.257 0.257 0.2435 0.2435 0.243 0.243 0.243 0.243 0.243 0.241 0.241 0.241 0.241 0.241 0.221 0.221 0.2255 0.2255 0.2425 0.2425 0.2425 0.2675 0.2675 0.256 0.256 0.267
-1 -1 -1 -1 -1 -1 -1 -1 -1 -1 -1 -1 -1 -1 -1 -1 -1 -1 -1 -1 -1 0.1731 0.1731 0.1155 0.1155 0.27 0.27 0.27 0.2745 0.2745 0.273 0.273 0.262 0.262 0.262 0.256 0.256 0.25 0.25 0.236 0.236 0.236 0.243 0.243 0.2455 0.2455 0.254 0.254 0.254 0.2575 0.2575 0.2505 0.2505 0.258 0.258 0.261 0.261 0.261 0.25 0.25 0.2425 0.2425 0.2425 0.2425 0.2425 0.2235 0.2235 0.2345 0.2345 0.2365 0.2365 0.2365 0.262 0.262 0.246 0.246 0.2445
-1 -1 -1 -1 -1 -1 -1 -1 -1 -1 -1 -1 -1 -1 -1 -1 -1 -1 -1 -1 -1 0.1731 0.1731 0.1155 0.1155 0.27 0.27 0.27 0.2745 0.2745 0.273 0.273 0.262 0.262 0.262 0.256 0.256 0.25 0.25 0.236 0.236 0.236 0.243 0.243 0.2455 0.2455 0.254 0.254 0.254 0.2575 0.2575 0.2505 0.2505 0.258 0.258 0.261 0.261 0.261 0.25 0.25 0.2425 0.2425 0.2425 0.2425 0.2425 0.2235 0.2235 0.2345 0.2345 0.2365 0.2365 0.2365 0.262 0.262 0.246 0.246 0.2445
-1 -1 -1 -1 -1 -1 -1 -1 -1 -1 -1 -1 -1 -1 -1 -1 -1 -1 -1 -1 -1 0.1467 0.1467 0.0995 0.0995 0.198 0.198 0.198 0.265 0.265 0.276 0.276 0.2655 0.2655 0.2655 0.2665 0.2665 0.249 0.249 0.2185 0.2185 0.2185 0.2145 0.2145 0.225 0.225 0.244 0.244 0.244 0.245 0.245 0.258 0.258 0.27 0.27 0.276 0.276 0.276 0.265 0.265 0.243 0.243 0.243 0.243 0.243 0.2355 0.2355 0.2395 0.2395 0.262 0.262 0.262 0.2665 0.2665 0.2685 0.2685 0.253
-1 -1 -1 -1 -1 -1 -1 -1 -1 -1 -1 -1 -1 -1 -1 -1 -1 -1 -1 -1 -1 0.1467 0.1467 0.0995 0.0995 0.198 0.198 0.198 0.265 0.265 0.276 0.276 0.2655 0.2655 0.2655 0.2665 0.2665 0.249 0.249 0.2185 0.2185 0.2185 0.2145 0.2145 0.225 0.225 0.244 0.244 0.244 0.245 0.245 0.258 0.258 0.27 0.27 0.276 0.276 0.276 0.265 0.265 0.243 0.243 0.243 0.243 0.243 0.2355 0.2355 0.2395 0.2395 0.262 0.262 0.262 0.2665 0.2665 0.2685 0.2685 0.253
-1 -1 -1 -1 -1 -1 -1 -1 -1 -1 -1 -1 -1 -1 -1 -1 -1 -1 -1 -1 -1 0.1467 0.1467 0.0995 0.0995 0.198 0.198 0.198 0.265 0.265 0.276 0.276 0.2655 0.2655 0.2655 0.2665 0.2665 0.249 0.249 0.2185 0.2185 0.2185 0.2145 0.2145 0.225 0.225 0.244 0.244 0.244 0.245 0.245 0.258 0.258 0.27 0.27 0.276 0.276 0.276 0.265 0.265 0.243 0.243 0.243 0.243 0.243 0.2355 0.2355 0.2395 0.2395 0.262 0.262 0.262 0.2665 0.2665 0.2685 0.2685 0.253
-1 -1 -1 -1 -1 -1 -1 -1 -1 -1 -1 -1 -1 -1 -1 -1 -1 -1 -1 -1 -1 -1 -1 0.1567 0.1567 0.063 0.063 0.063 0.2695 0.2695 0.279 0.279 0.2745 0.2745 0.2745 0.2815 0.2815 0.2005 0.2005 0.154 0.154 0.154 0.2225 0.2225 0.228 0.228 0.225 0.225 0.225 0.2475 0.2475 0.267 0.267 0.265 0.265 0.2735 0.2735 0.2735 0.2665 0.2665 0.2445 0.2445 0.2445 0.2445 0.2445 0.2425 0.2425 0.2615 0.2615 0.2515 0.2515 0.2515 0.2475 0.2475 0.257 0.257 0.268
-1 -1 -1 -1 -1 -1 -1 -1 -1 -1 -1 -1 -1 -1 -1 -1 -1 -1 -1 -1 -1 -1 -1 0.1567 0.1567 0.063 0.063 0.063 0.2695 0.2695 0.279 0.279 0.2745 0.2745 0.2745 0.2815 0.2815 0.2005 0.2005 0.154 0.154 0.154 0.2225 0.2225 0.228 0.228 0.225 0.225 0.225 0.2475 0.2475 0.267 0.267 0.265 0.265 0.2735 0.2735 0.2735 0.2665 0.2665 0.2445 0.2445 0.2445 0.2445 0.2445 0.2425 0.2425 0.2615 0.2615 0.2515 0.2515 0.2515 0.2475 0.2475 0.257 0.257 0.268
-1 -1 -1 -1 -1 -1 -1 -1 -1 -1 -1 -1 -1 -1 -1 -1 -1 -1 -1 -1 -1 -1 -1 -1 -1 0.1025 0.1025 0.1025 0.1685 0.1685 0.265 0.265 0.2865 0.2865 0.2865 0.2075 0.2075 0.1455 0.1455 0.1345 0.1345 0.1345 0.224 0.224 0.214 0.214 0.2645 0.2645 0.2645 0.2225 0.2225 0.2615 0.2615 0.2675 0.2675 0.257 0.257 0.257 0.268 0.268 0.2595 0.2595 0.2595 0.2595 0.2595 0.243 0.243 0.2735 0.2735 0.2585 0.2585 0.2585 0.266 0.266 0.2725 0.2725 0.2785
-1 -1 -1 -1 -1 -1 -1 -1 -1 -1 -1 -1 -1 -1 -1 -1 -1 -1 -1 -1 -1 -1 -1 -1 -1 0.1025 0.1025 0.1025 0.1685 0.1685 0.265 0.265 0.2865 0.2865 0.2865 0.2075 0.2075 0.1455 0.1455 0.1345 0.1345 0.1345 0.224 0.224 0.214 0.214 0.2645 0.2645 0.2645 0.2225 0.2225 0.2615 0.2615 0.2675 0.2675 0.257 0.257 0.257 0.268 0.268 0.2595 0.2595 0.2595 0.2595 0.2595 0.243 0.243 0.2735 0.2735 0.2585 0.2585 0.2585 0.266 0.266 0.2725 0.2725 0.2785
-1 -1 -1 -1 -1 -1 -1 -1 -1 -1 -1 -1 -1 -1 -1 -1 -1 -1 -1 -1 -1 -1 -1 -1 -1 0.1026 0.1026 0.1026 0.107 0.107 0.202 0.202 0.2195 0.2195 0.2195 0.2305 0.2305 0.1785 0.1785 0.237 0.237 0.237 0.2565 0.2565 0.272 0.272 0.248 0.248 0.248 0.1945 0.1945 0.2665 0.2665 0.265 0.265 0.2445 0.2445 0.2445 0.256 0.256 0.2525 0.2525 0.2525 0.2525 0.2525 0.2625 0.2625 0.248 0.248 0.2345 0.2345 0.2345 0.2585 0.2585 0.2555 0.2555 0.2735
-1 -1 -1 -1 -1 -1 -1 -1 -1 -1 -1 -1 -1 -1 -1 -1 -1 -1 -1 -1 -1 -1 -1 -1 -1 0.1026 0.1026 0.1026 0.107 0.107 0.202 0.202 0.2195 0.2195 0.2195 0.2305 0.2305 0.1785 0.1785 0.237 0.237 0.237 0.2565 0.2565 0.272 0.272 0.248 0.248 0.248 0.1945 0.1945 0.2665 0.2665 0.265 0.265 0.2445 0.2445 0.2445 0.256 0.256 0.2525 0.2525 0.2525 0.2525 0.2525 0.2625 0.2625 0.248 0.248 0.2345 0.2345 0.2345 0.2585 0.2585 0.2555 0.2555 0.2735
-1 -1 -1 -1 -1 -1 -1 -1 -1 -1 -1 -1 -1 -1 -1 -1 -1 -1 -1 -1 -1 -1 -1 -1 -1 0.1026 0.1026 0.1026 0.107 0.107 0.202 0.202 0.2195 0.2195 0.2195 0.2305 0.2305 0.1785 0.1785 0.237 0.237 0.237 0.2565 0.2565 0.272 0.272 0.248 0.248 0.248 0.1945 0.1945 0.2665 0.2665 0.265 0.265 0.2445 0.2445 0.2445 0.256 0.256 0.2525 0.2525 0.2525 0.2525 0.2525 0.2625 0.2625 0.248 0.248 0.2345 0.2345 0.2345 0.2585 0.2585 0.2555 0.2555 0.2735
