ndvi/NOAA-290.asc
ncols         252
nrows         154
xllcorner     -18.017974
yllcorner     13.481982
cellsize      0.035948
NODATA_value  -9999
[rows 68 to 101 of 154, columns 154 to 230 of 252]
0.1435 0.159 0.159 0.1405 0.1405 0.1405 0.127 0.127 0.1415 0.1415 0.18 0.18 0.183 0.183 0.183 0.204 0.204 0.208 0.208 0.189 0.189 0.189 0.2115 0.2115 0.2075 0.2075 0.2 0.2 0.2 0.214 0.214 0.2105 0.2105 0.213 0.213 0.213 0.2145 0.2145 0.2045 0.2045 0.1985 0.1985 0.1985 0.192 0.192 0.23 0.23 0.198 0.198 0.1975 0.1975 0.1975 0.1965 0.1965 0.202 0.202 0.1925 0.1925 0.1925 0.205 0.205 0.2 0.2 0.1995 0.1995 0.1995 0.1915 0.1915 0.192 0.192 0.205 0.205 0.205 0.188 0.188 0.177 0.177
0.133 0.161 0.161 0.144 0.144 0.144 0.137 0.137 0.1685 0.1685 0.148 0.148 0.1995 0.1995 0.1995 0.196 0.196 0.197 0.197 0.2095 0.2095 0.2095 0.2025 0.2025 0.215 0.215 0.199 0.199 0.199 0.211 0.211 0.2015 0.2015 0.203 0.203 0.203 0.2065 0.2065 0.19 0.19 0.1895 0.1895 0.1895 0.1925 0.1925 0.2 0.2 0.191 0.191 0.1925 0.1925 0.1925 0.1925 0.1925 0.214 0.214 0.206 0.206 0.206 0.2035 0.2035 0.2185 0.2185 0.2115 0.2115 0.2115 0.185 0.185 0.184 0.184 0.1925 0.1925 0.1925 0.185 0.185 0.184 0.184
0.133 0.161 0.161 0.144 0.144 0.144 0.137 0.137 0.1685 0.1685 0.148 0.148 0.1995 0.1995 0.1995 0.196 0.196 0.197 0.197 0.2095 0.2095 0.2095 0.2025 0.2025 0.215 0.215 0.199 0.199 0.199 0.211 0.211 0.2015 0.2015 0.203 0.203 0.203 0.2065 0.2065 0.19 0.19 0.1895 0.1895 0.1895 0.1925 0.1925 0.2 0.2 0.191 0.191 0.1925 0.1925 0.1925 0.1925 0.1925 0.214 0.214 0.206 0.206 0.206 0.2035 0.2035 0.2185 0.2185 0.2115 0.2115 0.2115 0.185 0.185 0.184 0.184 0.1925 0.1925 0.1925 0.185 0.185 0.184 0.184
0.158 0.161 0.161 0.167 0.167 0.167 0.1605 0.1605 0.167 0.167 0.152 0.152 0.196 0.196 0.196 0.188 0.188 0.205 0.205 0.2085 0.2085 0.2085 0.2015 0.2015 0.1995 0.1995 0.2045 0.2045 0.2045 0.1965 0.1965 0.197 0.197 0.2 0.2 0.2 0.193 0.193 0.1935 0.1935 0.22 0.22 0.22 0.198 0.198 0.2165 0.2165 0.194 0.194 0.2 0.2 0.2 0.21 0.21 0.2 0.2 0.2015 0.2015 0.2015 0.2075 0.2075 0.2015 0.2015 0.19 0.19 0.19 0.184 0.184 0.175 0.175 0.1825 0.1825 0.1825 0.184 0.184 0.191 0.191
0.158 0.161 0.161 0.167 0.167 0.167 0.1605 0.1605 0.167 0.167 0.152 0.152 0.196 0.196 0.196 0.188 0.188 0.205 0.205 0.2085 0.2085 0.2085 0.2015 0.2015 0.1995 0.1995 0.2045 0.2045 0.2045 0.1965 0.1965 0.197 0.197 0.2 0.2 0.2 0.193 0.193 0.1935 0.1935 0.22 0.22 0.22 0.198 0.198 0.2165 0.2165 0.194 0.194 0.2 0.2 0.2 0.21 0.21 0.2 0.2 0.2015 0.2015 0.2015 0.2075 0.2075 0.2015 0.2015 0.19 0.19 0.19 0.184 0.184 0.175 0.175 0.1825 0.1825 0.1825 0.184 0.184 0.191 0.191
0.158 0.161 0.161 0.167 0.167 0.167 0.1605 0.1605 0.167 0.167 0.152 0.152 0.196 0.196 0.196 0.188 0.188 0.205 0.205 0.2085 0.2085 0.2085 0.2015 0.2015 0.1995 0.1995 0.2045 0.2045 0.2045 0.1965 0.1965 0.197 0.197 0.2 0.2 0.2 0.193 0.193 0.1935 0.1935 0.22 0.22 0.22 0.198 0.198 0.2165 0.2165 0.194 0.194 0.2 0.2 0.2 0.21 0.21 0.2 0.2 0.2015 0.2015 0.2015 0.2075 0.2075 0.2015 0.2015 0.19 0.19 0.19 0.184 0.184 0.175 0.175 0.1825 0.1825 0.1825 0.184 0.184 0.191 0.191
0.1645 0.17 0.17 0.158 0.158 0.158 0.169 0.169 0.1725 0.1725 0.153 0.153 0.1875 0.1875 0.1875 0.204 0.204 0.2025 0.2025 0.1985 0.1985 0.1985 0.198 0.198 0.2045 0.2045 0.212 0.212 0.212 0.2085 0.2085 0.1995 0.1995 0.199 0.199 0.199 0.2045 0.2045 0.206 0.206 0.21 0.21 0.21 0.2105 0.2105 0.214 0.214 0.201 0.201 0.214 0.214 0.214 0.215 0.215 0.206 0.206 0.2065 0.2065 0.2065 0.1965 0.1965 0.2075 0.2075 0.2195 0.2195 0.2195 0.185 0.185 0.18 0.18 0.1735 0.1735 0.1735 0.191 0.191 0.1995 0.1995
0.1645 0.17 0.17 0.158 0.158 0.158 0.169 0.169 0.1725 0.1725 0.153 0.153 0.1875 0.1875 0.1875 0.204 0.204 0.2025 0.2025 0.1985 0.1985 0.1985 0.198 0.198 0.2045 0.2045 0.212 0.212 0.212 0.2085 0.2085 0.1995 0.1995 0.199 0.199 0.199 0.2045 0.2045 0.206 0.206 0.21 0.21 0.21 0.2105 0.2105 0.214 0.214 0.201 0.201 0.214 0.214 0.214 0.215 0.215 0.206 0.206 0.2065 0.2065 0.2065 0.1965 0.1965 0.2075 0.2075 0.2195 0.2195 0.2195 0.185 0.185 0.18 0.18 0.1735 0.1735 0.1735 0.191 0.191 0.1995 0.1995
0.1325 0.167 0.167 0.184 0.184 0.184 0.1585 0.1585 0.1645 0.1645 0.1545 0.1545 0.186 0.186 0.186 0.203 0.203 0.196 0.196 0.216 0.216 0.216 0.209 0.209 0.206 0.206 0.206 0.206 0.206 0.1905 0.1905 0.1925 0.1925 0.2035 0.2035 0.2035 0.2065 0.2065 0.217 0.217 0.2145 0.2145 0.2145 0.219 0.219 0.2145 0.2145 0.205 0.205 0.218 0.218 0.218 0.216 0.216 0.211 0.211 0.215 0.215 0.215 0.213 0.213 0.1935 0.1935 0.197 0.197 0.197 0.1875 0.1875 0.19 0.19 0.19 0.19 0.19 0.188 0.188 0.195 0.195
0.1325 0.167 0.167 0.184 0.184 0.184 0.1585 0.1585 0.1645 0.1645 0.1545 0.1545 0.186 0.186 0.186 0.203 0.203 0.196 0.196 0.216 0.216 0.216 0.209 0.209 0.206 0.206 0.206 0.206 0.206 0.1905 0.1905 0.1925 0.1925 0.2035 0.2035 0.2035 0.2065 0.2065 0.217 0.217 0.2145 0.2145 0.2145 0.219 0.219 0.2145 0.2145 0.205 0.205 0.218 0.218 0.218 0.216 0.216 0.211 0.211 0.215 0.215 0.215 0.213 0.213 0.1935 0.1935 0.197 0.197 0.197 0.1875 0.1875 0.19 0.19 0.19 0.19 0.19 0.188 0.188 0.195 0.195
0.128 0.138 0.138 0.152 0.152 0.152 0.159 0.159 0.1495 0.1495 0.1575 0.1575 0.1795 0.1795 0.1795 0.1925 0.1925 0.1885 0.1885 0.188 0.188 0.188 0.2 0.2 0.2065 0.2065 0.198 0.198 0.198 0.2065 0.2065 0.1935 0.1935 0.202 0.202 0.202 0.2105 0.2105 0.215 0.215 0.215 0.215 0.215 0.212 0.212 0.207 0.207 0.195 0.195 0.203 0.203 0.203 0.204 0.204 0.2015 0.2015 0.217 0.217 0.217 0.215 0.215 0.209 0.209 0.2125 0.2125 0.2125 0.207 0.207 0.1955 0.1955 0.193 0.193 0.193 0.188 0.188 0.196 0.196
0.128 0.138 0.138 0.152 0.152 0.152 0.159 0.159 0.1495 0.1495 0.1575 0.1575 0.1795 0.1795 0.1795 0.1925 0.1925 0.1885 0.1885 0.188 0.188 0.188 0.2 0.2 0.2065 0.2065 0.198 0.198 0.198 0.2065 0.2065 0.1935 0.1935 0.202 0.202 0.202 0.2105 0.2105 0.215 0.215 0.215 0.215 0.215 0.212 0.212 0.207 0.207 0.195 0.195 0.203 0.203 0.203 0.204 0.204 0.2015 0.2015 0.217 0.217 0.217 0.215 0.215 0.209 0.209 0.2125 0.2125 0.2125 0.207 0.207 0.1955 0.1955 0.193 0.193 0.193 0.188 0.188 0.196 0.196
0.14 0.1515 0.1515 0.1525 0.1525 0.1525 0.1455 0.1455 0.1375 0.1375 0.152 0.152 0.187 0.187 0.187 0.2 0.2 0.192 0.192 0.1785 0.1785 0.1785 0.191 0.191 0.2085 0.2085 0.196 0.196 0.196 0.204 0.204 0.1975 0.1975 0.197 0.197 0.197 0.214 0.214 0.213 0.213 0.206 0.206 0.206 0.2075 0.2075 0.1945 0.1945 0.203 0.203 0.207 0.207 0.207 0.2175 0.2175 0.2315 0.2315 0.221 0.221 0.221 0.2135 0.2135 0.2235 0.2235 0.2115 0.2115 0.2115 0.2285 0.2285 0.223 0.223 0.2125 0.2125 0.2125 0.1985 0.1985 0.203 0.203
0.14 0.1515 0.1515 0.1525 0.1525 0.1525 0.1455 0.1455 0.1375 0.1375 0.152 0.152 0.187 0.187 0.187 0.2 0.2 0.192 0.192 0.1785 0.1785 0.1785 0.191 0.191 0.2085 0.2085 0.196 0.196 0.196 0.204 0.204 0.1975 0.1975 0.197 0.197 0.197 0.214 0.214 0.213 0.213 0.206 0.206 0.206 0.2075 0.2075 0.1945 0.1945 0.203 0.203 0.207 0.207 0.207 0.2175 0.2175 0.2315 0.2315 0.221 0.221 0.221 0.2135 0.2135 0.2235 0.2235 0.2115 0.2115 0.2115 0.2285 0.2285 0.223 0.223 0.2125 0.2125 0.2125 0.1985 0.1985 0.203 0.203
0.14 0.1515 0.1515 0.1525 0.1525 0.1525 0.1455 0.1455 0.1375 0.1375 0.152 0.152 0.187 0.187 0.187 0.2 0.2 0.192 0.192 0.1785 0.1785 0.1785 0.191 0.191 0.2085 0.2085 0.196 0.196 0.196 0.204 0.204 0.1975 0.1975 0.197 0.197 0.197 0.214 0.214 0.213 0.213 0.206 0.206 0.206 0.2075 0.2075 0.1945 0.1945 0.203 0.203 0.207 0.207 0.207 0.2175 0.2175 0.2315 0.2315 0.221 0.221 0.221 0.2135 0.2135 0.2235 0.2235 0.2115 0.2115 0.2115 0.2285 0.2285 0.223 0.223 0.2125 0.2125 0.2125 0.1985 0.1985 0.203 0.203
0.152 0.1675 0.1675 0.1675 0.1675 0.1675 0.143 0.143 0.1525 0.1525 0.2095 0.2095 0.208 0.208 0.208 0.1975 0.1975 0.22 0.22 0.2365 0.2365 0.2365 0.245 0.245 0.203 0.203 0.2085 0.2085 0.2085 0.1895 0.1895 0.19 0.19 0.1955 0.1955 0.1955 0.199 0.199 0.1915 0.1915 0.1905 0.1905 0.1905 0.2055 0.2055 0.226 0.226 0.205 0.205 0.2225 0.2225 0.2225 0.2445 0.2445 0.244 0.244 0.238 0.238 0.238 0.2335 0.2335 0.236 0.236 0.2275 0.2275 0.2275 0.2265 0.2265 0.212 0.212 0.209 0.209 0.209 0.2075 0.2075 0.2155 0.2155
0.152 0.1675 0.1675 0.1675 0.1675 0.1675 0.143 0.143 0.1525 0.1525 0.2095 0.2095 0.208 0.208 0.208 0.1975 0.1975 0.22 0.22 0.2365 0.2365 0.2365 0.245 0.245 0.203 0.203 0.2085 0.2085 0.2085 0.1895 0.1895 0.19 0.19 0.1955 0.1955 0.1955 0.199 0.199 0.1915 0.1915 0.1905 0.1905 0.1905 0.2055 0.2055 0.226 0.226 0.205 0.205 0.2225 0.2225 0.2225 0.2445 0.2445 0.244 0.244 0.238 0.238 0.238 0.2335 0.2335 0.236 0.236 0.2275 0.2275 0.2275 0.2265 0.2265 0.212 0.212 0.209 0.209 0.209 0.2075 0.2075 0.2155 0.2155
0.1615 0.1625 0.1625 0.1825 0.1825 0.1825 0.1745 0.1745 0.1865 0.1865 0.205 0.205 0.214 0.214 0.214 0.201 0.201 0.231 0.231 0.232 0.232 0.232 0.2255 0.2255 0.2175 0.2175 0.2055 0.2055 0.2055 0.197 0.197 0.1955 0.1955 0.201 0.201 0.201 0.2045 0.2045 0.209 0.209 0.217 0.217 0.217 0.233 0.233 0.2375 0.2375 0.225 0.225 0.247 0.247 0.247 0.2455 0.2455 0.244 0.244 0.24 0.24 0.24 0.2425 0.2425 0.246 0.246 0.2195 0.2195 0.2195 0.2285 0.2285 0.215 0.215 0.224 0.224 0.224 0.224 0.224 0.216 0.216
0.1615 0.1625 0.1625 0.1825 0.1825 0.1825 0.1745 0.1745 0.1865 0.1865 0.205 0.205 0.214 0.214 0.214 0.201 0.201 0.231 0.231 0.232 0.232 0.232 0.2255 0.2255 0.2175 0.2175 0.2055 0.2055 0.2055 0.197 0.197 0.1955 0.1955 0.201 0.201 0.201 0.2045 0.2045 0.209 0.209 0.217 0.217 0.217 0.233 0.233 0.2375 0.2375 0.225 0.225 0.247 0.247 0.247 0.2455 0.2455 0.244 0.244 0.24 0.24 0.24 0.2425 0.2425 0.246 0.246 0.2195 0.2195 0.2195 0.2285 0.2285 0.215 0.215 0.224 0.224 0.224 0.224 0.224 0.216 0.216
0.1915 0.191 0.191 0.201 0.201 0.201 0.162 0.162 0.202 0.202 0.2115 0.2115 0.204 0.204 0.204 0.211 0.211 0.228 0.228 0.2305 0.2305 0.2305 0.239 0.239 0.222 0.222 0.2015 0.2015 0.2015 0.2025 0.2025 0.193 0.193 0.205 0.205 0.205 0.205 0.205 0.203 0.203 0.2205 0.2205 0.2205 0.2305 0.2305 0.249 0.249 0.2275 0.2275 0.245 0.245 0.245 0.247 0.247 0.2405 0.2405 0.2235 0.2235 0.2235 0.219 0.219 0.2315 0.2315 0.227 0.227 0.227 0.22 0.22 0.2215 0.2215 0.2245 0.2245 0.2245 0.2315 0.2315 0.221 0.221
0.1915 0.191 0.191 0.201 0.201 0.201 0.162 0.162 0.202 0.202 0.2115 0.2115 0.204 0.204 0.204 0.211 0.211 0.228 0.228 0.2305 0.2305 0.2305 0.239 0.239 0.222 0.222 0.2015 0.2015 0.2015 0.2025 0.2025 0.193 0.193 0.205 0.205 0.205 0.205 0.205 0.203 0.203 0.2205 0.2205 0.2205 0.2305 0.2305 0.249 0.249 0.2275 0.2275 0.245 0.245 0.245 0.247 0.247 0.2405 0.2405 0.2235 0.2235 0.2235 0.219 0.219 0.2315 0.2315 0.227 0.227 0.227 0.22 0.22 0.2215 0.2215 0.2245 0.2245 0.2245 0.2315 0.2315 0.221 0.221
0.1915 0.191 0.191 0.201 0.201 0.201 0.162 0.162 0.202 0.202 0.2115 0.2115 0.204 0.204 0.204 0.211 0.211 0.228 0.228 0.2305 0.2305 0.2305 0.239 0.239 0.222 0.222 0.2015 0.2015 0.2015 0.2025 0.2025 0.193 0.193 0.205 0.205 0.205 0.205 0.205 0.203 0.203 0.2205 0.2205 0.2205 0.2305 0.2305 0.249 0.249 0.2275 0.2275 0.245 0.245 0.245 0.247 0.247 0.2405 0.2405 0.2235 0.2235 0.2235 0.219 0.219 0.2315 0.2315 0.227 0.227 0.227 0.22 0.22 0.2215 0.2215 0.2245 0.2245 0.2245 0.2315 0.2315 0.221 0.221
0.1615 0.1715 0.1715 0.191 0.191 0.191 0.175 0.175 0.1895 0.1895 0.209 0.209 0.206 0.206 0.206 0.207 0.207 0.2235 0.2235 0.227 0.227 0.227 0.2295 0.2295 0.21 0.21 0.192 0.192 0.192 0.194 0.194 0.1905 0.1905 0.2005 0.2005 0.2005 0.2175 0.2175 0.2235 0.2235 0.237 0.237 0.237 0.219 0.219 0.2395 0.2395 0.2325 0.2325 0.2175 0.2175 0.2175 0.2205 0.2205 0.2265 0.2265 0.2285 0.2285 0.2285 0.214 0.214 0.2125 0.2125 0.204 0.204 0.204 0.2165 0.2165 0.2205 0.2205 0.225 0.225 0.225 0.233 0.233 0.2195 0.2195
0.1615 0.1715 0.1715 0.191 0.191 0.191 0.175 0.175 0.1895 0.1895 0.209 0.209 0.206 0.206 0.206 0.207 0.207 0.2235 0.2235 0.227 0.227 0.227 0.2295 0.2295 0.21 0.21 0.192 0.192 0.192 0.194 0.194 0.1905 0.1905 0.2005 0.2005 0.2005 0.2175 0.2175 0.2235 0.2235 0.237 0.237 0.237 0.219 0.219 0.2395 0.2395 0.2325 0.2325 0.2175 0.2175 0.2175 0.2205 0.2205 0.2265 0.2265 0.2285 0.2285 0.2285 0.214 0.214 0.2125 0.2125 0.204 0.204 0.204 0.2165 0.2165 0.2205 0.2205 0.225 0.225 0.225 0.233 0.233 0.2195 0.2195
0.2225 0.1965 0.1965 0.2045 0.2045 0.2045 0.2015 0.2015 0.205 0.205 0.2065 0.2065 0.23 0.23 0.23 0.2405 0.2405 0.25 0.25 0.232 0.232 0.232 0.236 0.236 0.2235 0.2235 0.195 0.195 0.195 0.2025 0.2025 0.2005 0.2005 0.199 0.199 0.199 0.232 0.232 0.242 0.242 0.2235 0.2235 0.2235 0.235 0.235 0.2245 0.2245 0.2225 0.2225 0.227 0.227 0.227 0.222 0.222 0.224 0.224 0.2175 0.2175 0.2175 0.218 0.218 0.213 0.213 0.2165 0.2165 0.2165 0.211 0.211 0.219 0.219 0.2225 0.2225 0.2225 0.2335 0.2335 0.233 0.233
0.2225 0.1965 0.1965 0.2045 0.2045 0.2045 0.2015 0.2015 0.205 0.205 0.2065 0.2065 0.23 0.23 0.23 0.2405 0.2405 0.25 0.25 0.232 0.232 0.232 0.236 0.236 0.2235 0.2235 0.195 0.195 0.195 0.2025 0.2025 0.2005 0.2005 0.199 0.199 0.199 0.232 0.232 0.242 0.242 0.2235 0.2235 0.2235 0.235 0.235 0.2245 0.2245 0.2225 0.2225 0.227 0.227 0.227 0.222 0.222 0.224 0.224 0.2175 0.2175 0.2175 0.218 0.218 0.213 0.213 0.2165 0.2165 0.2165 0.211 0.211 0.219 0.219 0.2225 0.2225 0.2225 0.2335 0.2335 0.233 0.233
0.2045 0.2045 0.2045 0.2035 0.2035 0.2035 0.2085 0.2085 0.205 0.205 0.203 0.203 0.2095 0.2095 0.2095 0.23 0.23 0.227 0.227 0.235 0.235 0.235 0.216 0.216 0.2085 0.2085 0.202 0.202 0.202 0.2045 0.2045 0.204 0.204 0.2115 0.2115 0.2115 0.22 0.22 0.244 0.244 0.253 0.253 0.253 0.248 0.248 0.255 0.255 0.2535 0.2535 0.2275 0.2275 0.2275 0.26 0.26 0.2295 0.2295 0.224 0.224 0.224 0.2215 0.2215 0.2095 0.2095 0.2135 0.2135 0.2135 0.215 0.215 0.226 0.226 0.226 0.226 0.226 0.227 0.227 0.241 0.241
0.2045 0.2045 0.2045 0.2035 0.2035 0.2035 0.2085 0.2085 0.205 0.205 0.203 0.203 0.2095 0.2095 0.2095 0.23 0.23 0.227 0.227 0.235 0.235 0.235 0.216 0.216 0.2085 0.2085 0.202 0.202 0.202 0.2045 0.2045 0.204 0.204 0.2115 0.2115 0.2115 0.22 0.22 0.244 0.244 0.253 0.253 0.253 0.248 0.248 0.255 0.255 0.2535 0.2535 0.2275 0.2275 0.2275 0.26 0.26 0.2295 0.2295 0.224 0.224 0.224 0.2215 0.2215 0.2095 0.2095 0.2135 0.2135 0.2135 0.215 0.215 0.226 0.226 0.226 0.226 0.226 0.227 0.227 0.241 0.241
0.2045 0.2045 0.2045 0.2035 0.2035 0.2035 0.2085 0.2085 0.205 0.205 0.203 0.203 0.2095 0.2095 0.2095 0.23 0.23 0.227 0.227 0.235 0.235 0.235 0.216 0.216 0.2085 0.2085 0.202 0.202 0.202 0.2045 0.2045 0.204 0.204 0.2115 0.2115 0.2115 0.22 0.22 0.244 0.244 0.253 0.253 0.253 0.248 0.248 0.255 0.255 0.2535 0.2535 0.2275 0.2275 0.2275 0.26 0.26 0.2295 0.2295 0.224 0.224 0.224 0.2215 0.2215 0.2095 0.2095 0.2135 0.2135 0.2135 0.215 0.215 0.226 0.226 0.226 0.226 0.226 0.227 0.227 0.241 0.241
0.2185 0.216 0.216 0.2015 0.2015 0.2015 0.2105 0.2105 0.222 0.222 0.2075 0.2075 0.208 0.208 0.208 0.2075 0.2075 0.197 0.197 0.2135 0.2135 0.2135 0.2185 0.2185 0.2055 0.2055 0.2125 0.2125 0.2125 0.2095 0.2095 0.2125 0.2125 0.206 0.206 0.206 0.219 0.219 0.234 0.234 0.246 0.246 0.246 0.25 0.25 0.2725 0.2725 0.2365 0.2365 0.216 0.216 0.216 0.227 0.227 0.2 0.2 0.2045 0.2045 0.2045 0.2095 0.2095 0.217 0.217 0.201 0.201 0.201 0.2025 0.2025 0.212 0.212 0.223 0.223 0.223 0.2035 0.2035 0.211 0.211
0.2185 0.216 0.216 0.2015 0.2015 0.2015 0.2105 0.2105 0.222 0.222 0.2075 0.2075 0.208 0.208 0.208 0.2075 0.2075 0.197 0.197 0.2135 0.2135 0.2135 0.2185 0.2185 0.2055 0.2055 0.2125 0.2125 0.2125 0.2095 0.2095 0.2125 0.2125 0.206 0.206 0.206 0.219 0.219 0.234 0.234 0.246 0.246 0.246 0.25 0.25 0.2725 0.2725 0.2365 0.2365 0.216 0.216 0.216 0.227 0.227 0.2 0.2 0.2045 0.2045 0.2045 0.2095 0.2095 0.217 0.217 0.201 0.201 0.201 0.2025 0.2025 0.212 0.212 0.223 0.223 0.223 0.2035 0.2035 0.211 0.211
0.234 0.2395 0.2395 0.1985 0.1985 0.1985 0.195 0.195 0.21 0.21 0.209 0.209 0.216 0.216 0.216 0.213 0.213 0.2175 0.2175 0.2295 0.2295 0.2295 0.2155 0.2155 0.2075 0.2075 0.2105 0.2105 0.2105 0.2115 0.2115 0.219 0.219 0.215 0.215 0.215 0.215 0.215 0.235 0.235 0.243 0.243 0.243 0.2375 0.2375 0.255 0.255 0.2255 0.2255 0.211 0.211 0.211 0.2045 0.2045 0.2085 0.2085 0.197 0.197 0.197 0.192 0.192 0.217 0.217 0.202 0.202 0.202 0.195 0.195 0.1965 0.1965 0.21 0.21 0.21 0.227 0.227 0.2265 0.2265
0.234 0.2395 0.2395 0.1985 0.1985 0.1985 0.195 0.195 0.21 0.21 0.209 0.209 0.216 0.216 0.216 0.213 0.213 0.2175 0.2175 0.2295 0.2295 0.2295 0.2155 0.2155 0.2075 0.2075 0.2105 0.2105 0.2105 0.2115 0.2115 0.219 0.219 0.215 0.215 0.215 0.215 0.215 0.235 0.235 0.243 0.243 0.243 0.2375 0.2375 0.255 0.255 0.2255 0.2255 0.211 0.211 0.211 0.2045 0.2045 0.2085 0.2085 0.197 0.197 0.197 0.192 0.192 0.217 0.217 0.202 0.202 0.202 0.195 0.195 0.1965 0.1965 0.21 0.21 0.21 0.227 0.227 0.2265 0.2265
0.211 0.207 0.207 0.194 0.194 0.194 0.213 0.213 0.214 0.214 0.2115 0.2115 0.214 0.214 0.214 0.212 0.212 0.2365 0.2365 0.2315 0.2315 0.2315 0.2095 0.2095 0.2115 0.2115 0.2245 0.2245 0.2245 0.221 0.221 0.216 0.216 0.222 0.222 0.222 0.2205 0.2205 0.222 0.222 0.224 0.224 0.224 0.222 0.222 0.2345 0.2345 0.2175 0.2175 0.2165 0.2165 0.2165 0.197 0.197 0.1975 0.1975 0.191 0.191 0.191 0.1905 0.1905 0.221 0.221 0.2025 0.2025 0.2025 0.199 0.199 0.205 0.205 0.1955 0.1955 0.1955 0.205 0.205 0.2125 0.2125
