ndvi/NOAA-163.asc
ncols         252
nrows         154
xllcorner     -18.017974
yllcorner     13.481982
cellsize      0.035948
NODATA_value  -9999
[rows 68 to 101 of 154, columns 0 to 76 of 252]
-1 -1 -1 -1 -1 -1 -1 -1 -1 -1 -1 -1 -1 -1 -1 -1 -1 -1 -1 -1 -1 -1 -1 -1 -1 -1 -1 -1 -1 -1 -1 -1 -1 -1 -1 -1 -1 -1 -1 0.148 0.148 0.148 0.1615 0.1615 0.2905 0.2905 0.2825 0.2825 0.2825 0.2605 0.2605 0.29 0.29 0.2625 0.2625 0.2715 0.2715 0.2715 0.368 0.368 0.363 0.363 0.363 0.363 0.363 0.4025 0.4025 0.4195 0.4195 0.2185 0.2185 0.2185 0.2305 0.2305 0.237 0.237 0.2315
-1 -1 -1 -1 -1 -1 -1 -1 -1 -1 -1 -1 -1 -1 -1 -1 -1 -1 -1 -1 -1 -1 -1 -1 -1 -1 -1 -1 -1 -1 -1 -1 -1 -1 -1 -1 -1 -1 -1 0.2165 0.2165 0.2165 0.2625 0.2625 0.297 0.297 0.239 0.239 0.239 0.2525 0.2525 0.2865 0.2865 0.2695 0.2695 0.304 0.304 0.304 0.375 0.375 0.3735 0.3735 0.3735 0.3735 0.3735 0.2945 0.2945 0.2215 0.2215 0.215 0.215 0.215 0.2325 0.2325 0.225 0.225 0.2275
-1 -1 -1 -1 -1 -1 -1 -1 -1 -1 -1 -1 -1 -1 -1 -1 -1 -1 -1 -1 -1 -1 -1 -1 -1 -1 -1 -1 -1 -1 -1 -1 -1 -1 -1 -1 -1 -1 -1 0.2165 0.2165 0.2165 0.2625 0.2625 0.297 0.297 0.239 0.239 0.239 0.2525 0.2525 0.2865 0.2865 0.2695 0.2695 0.304 0.304 0.304 0.375 0.375 0.3735 0.3735 0.3735 0.3735 0.3735 0.2945 0.2945 0.2215 0.2215 0.215 0.215 0.215 0.2325 0.2325 0.225 0.225 0.2275
-1 -1 -1 -1 -1 -1 -1 -1 -1 -1 -1 -1 -1 -1 -1 -1 -1 -1 -1 -1 -1 -1 -1 -1 -1 -1 -1 -1 -1 -1 -1 -1 -1 -1 -1 -1 -1 0.0496 0.0496 0.151 0.151 0.151 0.3155 0.3155 0.324 0.324 0.252 0.252 0.252 0.2315 0.2315 0.2495 0.2495 0.219 0.219 0.218 0.218 0.218 0.2525 0.2525 0.253 0.253 0.253 0.253 0.253 0.3125 0.3125 0.262 0.262 0.2465 0.2465 0.2465 0.2365 0.2365 0.234 0.234 0.214
-1 -1 -1 -1 -1 -1 -1 -1 -1 -1 -1 -1 -1 -1 -1 -1 -1 -1 -1 -1 -1 -1 -1 -1 -1 -1 -1 -1 -1 -1 -1 -1 -1 -1 -1 -1 -1 0.0496 0.0496 0.151 0.151 0.151 0.3155 0.3155 0.324 0.324 0.252 0.252 0.252 0.2315 0.2315 0.2495 0.2495 0.219 0.219 0.218 0.218 0.218 0.2525 0.2525 0.253 0.253 0.253 0.253 0.253 0.3125 0.3125 0.262 0.262 0.2465 0.2465 0.2465 0.2365 0.2365 0.234 0.234 0.214
-1 -1 -1 -1 -1 -1 -1 -1 -1 -1 -1 -1 -1 -1 -1 -1 -1 -1 -1 -1 -1 -1 -1 -1 -1 -1 -1 -1 -1 -1 -1 -1 -1 -1 -1 -1 -1 0.0496 0.0496 0.151 0.151 0.151 0.3155 0.3155 0.324 0.324 0.252 0.252 0.252 0.2315 0.2315 0.2495 0.2495 0.219 0.219 0.218 0.218 0.218 0.2525 0.2525 0.253 0.253 0.253 0.253 0.253 0.3125 0.3125 0.262 0.262 0.2465 0.2465 0.2465 0.2365 0.2365 0.234 0.234 0.214
-1 -1 -1 -1 -1 -1 -1 -1 -1 -1 -1 -1 -1 -1 -1 -1 -1 -1 -1 -1 -1 -1 -1 -1 -1 -1 -1 -1 -1 -1 -1 -1 -1 -1 -1 -1 -1 0.032 0.032 0.1445 0.1445 0.1445 0.2765 0.2765 0.2675 0.2675 0.2415 0.2415 0.2415 0.196 0.196 0.22 0.22 0.214 0.214 0.2055 0.2055 0.2055 0.234 0.234 0.3025 0.3025 0.3025 0.3025 0.3025 0.335 0.335 0.301 0.301 0.2535 0.2535 0.2535 0.2425 0.2425 0.2395 0.2395 0.2415
-1 -1 -1 -1 -1 -1 -1 -1 -1 -1 -1 -1 -1 -1 -1 -1 -1 -1 -1 -1 -1 -1 -1 -1 -1 -1 -1 -1 -1 -1 -1 -1 -1 -1 -1 -1 -1 0.032 0.032 0.1445 0.1445 0.1445 0.2765 0.2765 0.2675 0.2675 0.2415 0.2415 0.2415 0.196 0.196 0.22 0.22 0.214 0.214 0.2055 0.2055 0.2055 0.234 0.234 0.3025 0.3025 0.3025 0.3025 0.3025 0.335 0.335 0.301 0.301 0.2535 0.2535 0.2535 0.2425 0.2425 0.2395 0.2395 0.2415
-1 -1 -1 -1 -1 -1 -1 -1 -1 -1 -1 -1 -1 -1 -1 -1 -1 -1 -1 -1 -1 -1 -1 -1 -1 -1 -1 -1 -1 -1 -1 -1 -1 -1 -1 -1 -1 0.01 0.01 0.1195 0.1195 0.1195 0.2435 0.2435 0.2315 0.2315 0.234 0.234 0.234 0.226 0.226 0.236 0.236 0.248 0.248 0.303 0.303 0.303 0.3345 0.3345 0.2605 0.2605 0.2605 0.2605 0.2605 0.309 0.309 0.3355 0.3355 0.2585 0.2585 0.2585 0.297 0.297 0.2335 0.2335 0.241
-1 -1 -1 -1 -1 -1 -1 -1 -1 -1 -1 -1 -1 -1 -1 -1 -1 -1 -1 -1 -1 -1 -1 -1 -1 -1 -1 -1 -1 -1 -1 -1 -1 -1 -1 -1 -1 0.01 0.01 0.1195 0.1195 0.1195 0.2435 0.2435 0.2315 0.2315 0.234 0.234 0.234 0.226 0.226 0.236 0.236 0.248 0.248 0.303 0.303 0.303 0.3345 0.3345 0.2605 0.2605 0.2605 0.2605 0.2605 0.309 0.309 0.3355 0.3355 0.2585 0.2585 0.2585 0.297 0.297 0.2335 0.2335 0.241
-1 -1 -1 -1 -1 -1 -1 -1 -1 -1 -1 -1 -1 -1 -1 -1 -1 -1 -1 -1 -1 -1 -1 -1 -1 -1 -1 -1 -1 -1 -1 -1 -1 -1 -1 -1 -1 0.1237 0.1237 0.1455 0.1455 0.1455 0.2065 0.2065 0.245 0.245 0.2565 0.2565 0.2565 0.243 0.243 0.2465 0.2465 0.2455 0.2455 0.2865 0.2865 0.2865 0.2635 0.2635 0.263 0.263 0.263 0.263 0.263 0.3225 0.3225 0.2735 0.2735 0.234 0.234 0.234 0.3005 0.3005 0.247 0.247 0.2545
-1 -1 -1 -1 -1 -1 -1 -1 -1 -1 -1 -1 -1 -1 -1 -1 -1 -1 -1 -1 -1 -1 -1 -1 -1 -1 -1 -1 -1 -1 -1 -1 -1 -1 -1 -1 -1 0.1237 0.1237 0.1455 0.1455 0.1455 0.2065 0.2065 0.245 0.245 0.2565 0.2565 0.2565 0.243 0.243 0.2465 0.2465 0.2455 0.2455 0.2865 0.2865 0.2865 0.2635 0.2635 0.263 0.263 0.263 0.263 0.263 0.3225 0.3225 0.2735 0.2735 0.234 0.234 0.234 0.3005 0.3005 0.247 0.247 0.2545
-1 -1 -1 -1 -1 -1 -1 -1 -1 -1 -1 -1 -1 -1 -1 -1 -1 -1 -1 -1 -1 -1 -1 -1 -1 -1 -1 -1 -1 -1 -1 -1 -1 -1 -1 -1 -1 -0.0068 -0.0068 0.1875 0.1875 0.1875 0.263 0.263 0.2595 0.2595 0.2615 0.2615 0.2615 0.2535 0.2535 0.3 0.3 0.262 0.262 0.278 0.278 0.278 0.249 0.249 0.245 0.245 0.245 0.245 0.245 0.3235 0.3235 0.3205 0.3205 0.2995 0.2995 0.2995 0.269 0.269 0.329 0.329 0.305
-1 -1 -1 -1 -1 -1 -1 -1 -1 -1 -1 -1 -1 -1 -1 -1 -1 -1 -1 -1 -1 -1 -1 -1 -1 -1 -1 -1 -1 -1 -1 -1 -1 -1 -1 -1 -1 -0.0068 -0.0068 0.1875 0.1875 0.1875 0.263 0.263 0.2595 0.2595 0.2615 0.2615 0.2615 0.2535 0.2535 0.3 0.3 0.262 0.262 0.278 0.278 0.278 0.249 0.249 0.245 0.245 0.245 0.245 0.245 0.3235 0.3235 0.3205 0.3205 0.2995 0.2995 0.2995 0.269 0.269 0.329 0.329 0.305
-1 -1 -1 -1 -1 -1 -1 -1 -1 -1 -1 -1 -1 -1 -1 -1 -1 -1 -1 -1 -1 -1 -1 -1 -1 -1 -1 -1 -1 -1 -1 -1 -1 -1 -1 -1 -1 -0.0068 -0.0068 0.1875 0.1875 0.1875 0.263 0.263 0.2595 0.2595 0.2615 0.2615 0.2615 0.2535 0.2535 0.3 0.3 0.262 0.262 0.278 0.278 0.278 0.249 0.249 0.245 0.245 0.245 0.245 0.245 0.3235 0.3235 0.3205 0.3205 0.2995 0.2995 0.2995 0.269 0.269 0.329 0.329 0.305
-1 -1 -1 -1 -1 -1 -1 -1 -1 -1 -1 -1 -1 -1 -1 -1 -1 -1 -1 -1 -1 -1 -1 -1 -1 -1 -1 -1 -1 -1 -1 -1 -1 -1 -1 -1 -1 0.039 0.039 0.2295 0.2295 0.2295 0.282 0.282 0.2465 0.2465 0.28 0.28 0.28 0.281 0.281 0.2755 0.2755 0.259 0.259 0.2695 0.2695 0.2695 0.322 0.322 0.353 0.353 0.353 0.353 0.353 0.353 0.353 0.299 0.299 0.2825 0.2825 0.2825 0.3005 0.3005 0.276 0.276 0.258
-1 -1 -1 -1 -1 -1 -1 -1 -1 -1 -1 -1 -1 -1 -1 -1 -1 -1 -1 -1 -1 -1 -1 -1 -1 -1 -1 -1 -1 -1 -1 -1 -1 -1 -1 -1 -1 0.039 0.039 0.2295 0.2295 0.2295 0.282 0.282 0.2465 0.2465 0.28 0.28 0.28 0.281 0.281 0.2755 0.2755 0.259 0.259 0.2695 0.2695 0.2695 0.322 0.322 0.353 0.353 0.353 0.353 0.353 0.353 0.353 0.299 0.299 0.2825 0.2825 0.2825 0.3005 0.3005 0.276 0.276 0.258
-1 -1 -1 -1 -1 -1 -1 -1 -1 -1 -1 -1 -1 -1 -1 -1 -1 -1 -1 -1 -1 -1 -1 -1 -1 -1 -1 -1 -1 -1 -1 -1 -1 -1 -1 -1 -1 0.1085 0.1085 0.3115 0.3115 0.3115 0.2655 0.2655 0.2485 0.2485 0.263 0.263 0.263 0.2885 0.2885 0.2675 0.2675 0.283 0.283 0.3115 0.3115 0.3115 0.3095 0.3095 0.3755 0.3755 0.3755 0.3755 0.3755 0.3835 0.3835 0.2855 0.2855 0.331 0.331 0.331 0.2725 0.2725 0.345 0.345 0.24
-1 -1 -1 -1 -1 -1 -1 -1 -1 -1 -1 -1 -1 -1 -1 -1 -1 -1 -1 -1 -1 -1 -1 -1 -1 -1 -1 -1 -1 -1 -1 -1 -1 -1 -1 -1 -1 0.1085 0.1085 0.3115 0.3115 0.3115 0.2655 0.2655 0.2485 0.2485 0.263 0.263 0.263 0.2885 0.2885 0.2675 0.2675 0.283 0.283 0.3115 0.3115 0.3115 0.3095 0.3095 0.3755 0.3755 0.3755 0.3755 0.3755 0.3835 0.3835 0.2855 0.2855 0.331 0.331 0.331 0.2725 0.2725 0.345 0.345 0.24
-1 -1 -1 -1 -1 -1 -1 -1 -1 -1 -1 -1 -1 -1 -1 -1 -1 -1 -1 -1 -1 -1 -1 -1 -1 -1 -1 -1 -1 -1 -1 -1 -1 -1 -1 0.0406 0.0406 0.246 0.246 0.2745 0.2745 0.2745 0.2765 0.2765 0.2485 0.2485 0.2825 0.2825 0.2825 0.2865 0.2865 0.307 0.307 0.282 0.282 0.301 0.301 0.301 0.3665 0.3665 0.352 0.352 0.352 0.352 0.352 0.3115 0.3115 0.3155 0.3155 0.3515 0.3515 0.3515 0.3565 0.3565 0.364 0.364 0.275
-1 -1 -1 -1 -1 -1 -1 -1 -1 -1 -1 -1 -1 -1 -1 -1 -1 -1 -1 -1 -1 -1 -1 -1 -1 -1 -1 -1 -1 -1 -1 -1 -1 -1 -1 0.0406 0.0406 0.246 0.246 0.2745 0.2745 0.2745 0.2765 0.2765 0.2485 0.2485 0.2825 0.2825 0.2825 0.2865 0.2865 0.307 0.307 0.282 0.282 0.301 0.301 0.301 0.3665 0.3665 0.352 0.352 0.352 0.352 0.352 0.3115 0.3115 0.3155 0.3155 0.3515 0.3515 0.3515 0.3565 0.3565 0.364 0.364 0.275
-1 -1 -1 -1 -1 -1 -1 -1 -1 -1 -1 -1 -1 -1 -1 -1 -1 -1 -1 -1 -1 -1 -1 -1 -1 -1 -1 -1 -1 -1 -1 -1 -1 -1 -1 0.0406 0.0406 0.246 0.246 0.2745 0.2745 0.2745 0.2765 0.2765 0.2485 0.2485 0.2825 0.2825 0.2825 0.2865 0.2865 0.307 0.307 0.282 0.282 0.301 0.301 0.301 0.3665 0.3665 0.352 0.352 0.352 0.352 0.352 0.3115 0.3115 0.3155 0.3155 0.3515 0.3515 0.3515 0.3565 0.3565 0.364 0.364 0.275
-1 -1 -1 -1 -1 -1 -1 -1 -1 -1 -1 -1 -1 -1 -1 -1 -1 -1 -1 -1 -1 -1 -1 -1 -1 -1 -1 -1 -1 -1 -1 -1 -1 -1 -1 0.0605 0.0605 0.245 0.245 0.2395 0.2395 0.2395 0.226 0.226 0.2235 0.2235 0.241 0.241 0.241 0.2545 0.2545 0.252 0.252 0.265 0.265 0.2975 0.2975 0.2975 0.297 0.297 0.312 0.312 0.312 0.312 0.312 0.314 0.314 0.3465 0.3465 0.3575 0.3575 0.3575 0.343 0.343 0.31 0.31 0.3065
-1 -1 -1 -1 -1 -1 -1 -1 -1 -1 -1 -1 -1 -1 -1 -1 -1 -1 -1 -1 -1 -1 -1 -1 -1 -1 -1 -1 -1 -1 -1 -1 -1 -1 -1 0.0605 0.0605 0.245 0.245 0.2395 0.2395 0.2395 0.226 0.226 0.2235 0.2235 0.241 0.241 0.241 0.2545 0.2545 0.252 0.252 0.265 0.265 0.2975 0.2975 0.2975 0.297 0.297 0.312 0.312 0.312 0.312 0.312 0.314 0.314 0.3465 0.3465 0.3575 0.3575 0.3575 0.343 0.343 0.31 0.31 0.3065
-1 -1 -1 -1 -1 -1 -1 -1 -1 -1 -1 -1 -1 -1 -1 -1 -1 -1 -1 -1 -1 -1 -1 -1 -1 -1 -1 -1 -1 -1 -1 -1 0.0575 0.0575 0.0575 0.2505 0.2505 0.2285 0.2285 0.216 0.216 0.216 0.2235 0.2235 0.2345 0.2345 0.2535 0.2535 0.2535 0.2625 0.2625 0.2505 0.2505 0.281 0.281 0.2875 0.2875 0.2875 0.2805 0.2805 0.2785 0.2785 0.2785 0.2785 0.2785 0.3065 0.3065 0.316 0.316 0.3625 0.3625 0.3625 0.3565 0.3565 0.294 0.294 0.3065
-1 -1 -1 -1 -1 -1 -1 -1 -1 -1 -1 -1 -1 -1 -1 -1 -1 -1 -1 -1 -1 -1 -1 -1 -1 -1 -1 -1 -1 -1 -1 -1 0.0575 0.0575 0.0575 0.2505 0.2505 0.2285 0.2285 0.216 0.216 0.216 0.2235 0.2235 0.2345 0.2345 0.2535 0.2535 0.2535 0.2625 0.2625 0.2505 0.2505 0.281 0.281 0.2875 0.2875 0.2875 0.2805 0.2805 0.2785 0.2785 0.2785 0.2785 0.2785 0.3065 0.3065 0.316 0.316 0.3625 0.3625 0.3625 0.3565 0.3565 0.294 0.294 0.3065
-1 -1 -1 -1 -1 -1 -1 -1 -1 -1 -1 -1 -1 -1 -1 -1 -1 -1 -1 -1 -1 -1 -1 -1 -1 -1 -1 -1 -1 -1 0.0021 0.0021 0.2725 0.2725 0.2725 0.2365 0.2365 0.2235 0.2235 0.2205 0.2205 0.2205 0.216 0.216 0.223 0.223 0.2605 0.2605 0.2605 0.2435 0.2435 0.2315 0.2315 0.259 0.259 0.253 0.253 0.253 0.2865 0.2865 0.313 0.313 0.313 0.313 0.313 0.317 0.317 0.301 0.301 0.301 0.301 0.301 0.289 0.289 0.2675 0.2675 0.2545
-1 -1 -1 -1 -1 -1 -1 -1 -1 -1 -1 -1 -1 -1 -1 -1 -1 -1 -1 -1 -1 -1 -1 -1 -1 -1 -1 -1 -1 -1 0.0021 0.0021 0.2725 0.2725 0.2725 0.2365 0.2365 0.2235 0.2235 0.2205 0.2205 0.2205 0.216 0.216 0.223 0.223 0.2605 0.2605 0.2605 0.2435 0.2435 0.2315 0.2315 0.259 0.259 0.253 0.253 0.253 0.2865 0.2865 0.313 0.313 0.313 0.313 0.313 0.317 0.317 0.301 0.301 0.301 0.301 0.301 0.289 0.289 0.2675 0.2675 0.2545
-1 -1 -1 -1 -1 -1 -1 -1 -1 -1 -1 -1 -1 -1 -1 -1 -1 -1 -1 -1 -1 -1 -1 -1 -1 -1 -1 -1 -1 -1 0.0021 0.0021 0.2725 0.2725 0.2725 0.2365 0.2365 0.2235 0.2235 0.2205 0.2205 0.2205 0.216 0.216 0.223 0.223 0.2605 0.2605 0.2605 0.2435 0.2435 0.2315 0.2315 0.259 0.259 0.253 0.253 0.253 0.2865 0.2865 0.313 0.313 0.313 0.313 0.313 0.317 0.317 0.301 0.301 0.301 0.301 0.301 0.289 0.289 0.2675 0.2675 0.2545
-1 -1 -1 -1 -1 -1 -1 -1 -1 -1 -1 -1 -1 -1 -1 -1 -1 -1 -1 -1 -1 -1 -1 -1 -1 -1 -1 -1 -1 -1 0.1145 0.1145 0.25 0.25 0.25 0.2395 0.2395 0.234 0.234 0.2245 0.2245 0.2245 0.2345 0.2345 0.242 0.242 0.2515 0.2515 0.2515 0.2645 0.2645 0.2845 0.2845 0.287 0.287 0.271 0.271 0.271 0.2915 0.2915 0.315 0.315 0.315 0.315 0.315 0.302 0.302 0.2945 0.2945 0.2915 0.2915 0.2915 0.295 0.295 0.2685 0.2685 0.2415
-1 -1 -1 -1 -1 -1 -1 -1 -1 -1 -1 -1 -1 -1 -1 -1 -1 -1 -1 -1 -1 -1 -1 -1 -1 -1 -1 -1 -1 -1 0.1145 0.1145 0.25 0.25 0.25 0.2395 0.2395 0.234 0.234 0.2245 0.2245 0.2245 0.2345 0.2345 0.242 0.242 0.2515 0.2515 0.2515 0.2645 0.2645 0.2845 0.2845 0.287 0.287 0.271 0.271 0.271 0.2915 0.2915 0.315 0.315 0.315 0.315 0.315 0.302 0.302 0.2945 0.2945 0.2915 0.2915 0.2915 0.295 0.295 0.2685 0.2685 0.2415
-1 -1 -1 -1 -1 -1 -1 -1 -1 -1 -1 -1 -1 -1 -1 -1 -1 -1 -1 -1 -1 -1 -1 -1 -1 -1 -1 -1 0.0077 0.0077 0.2235 0.2235 0.2615 0.2615 0.2615 0.2425 0.2425 0.2275 0.2275 0.226 0.226 0.226 0.2455 0.2455 0.2715 0.2715 0.2665 0.2665 0.2665 0.271 0.271 0.2715 0.2715 0.3055 0.3055 0.289 0.289 0.289 0.307 0.307 0.301 0.301 0.301 0.301 0.301 0.314 0.314 0.302 0.302 0.3105 0.3105 0.3105 0.2935 0.2935 0.254 0.254 0.252
-1 -1 -1 -1 -1 -1 -1 -1 -1 -1 -1 -1 -1 -1 -1 -1 -1 -1 -1 -1 -1 -1 -1 -1 -1 -1 -1 -1 0.0077 0.0077 0.2235 0.2235 0.2615 0.2615 0.2615 0.2425 0.2425 0.2275 0.2275 0.226 0.226 0.226 0.2455 0.2455 0.2715 0.2715 0.2665 0.2665 0.2665 0.271 0.271 0.2715 0.2715 0.3055 0.3055 0.289 0.289 0.289 0.307 0.307 0.301 0.301 0.301 0.301 0.301 0.314 0.314 0.302 0.302 0.3105 0.3105 0.3105 0.2935 0.2935 0.254 0.254 0.252
-1 -1 -1 -1 -1 -1 -1 -1 -1 -1 -1 -1 -1 -1 -1 -1 -1 -1 -1 -1 -1 -1 -1 -1 -1 0.0541 0.0541 0.0541 0.1445 0.1445 0.2715 0.2715 0.251 0.251 0.251 0.252 0.252 0.2535 0.2535 0.236 0.236 0.236 0.267 0.267 0.2835 0.2835 0.263 0.263 0.263 0.285 0.285 0.3 0.3 0.3075 0.3075 0.3035 0.3035 0.3035 0.316 0.316 0.34 0.34 0.34 0.34 0.34 0.314 0.314 0.3345 0.3345 0.295 0.295 0.295 0.2885 0.2885 0.2915 0.2915 0.251
