ndvi/NOAA-143.asc
ncols         252
nrows         154
xllcorner     -18.017974
yllcorner     13.481982
cellsize      0.035948
NODATA_value  -9999
[rows 68 to 101 of 154, columns 154 to 230 of 252]
0.1025 0.1035 0.1035 0.091 0.091 0.091 0.0885 0.0885 0.109 0.109 0.154 0.154 0.158 0.158 0.158 0.2095 0.2095 0.1885 0.1885 0.174 0.174 0.174 0.1965 0.1965 0.1635 0.1635 0.16 0.16 0.16 0.1735 0.1735 0.184 0.184 0.158 0.158 0.158 0.1655 0.1655 0.166 0.166 0.1695 0.1695 0.1695 0.1485 0.1485 0.1585 0.1585 0.161 0.161 0.1675 0.1675 0.1675 0.1625 0.1625 0.175 0.175 0.178 0.178 0.178 0.187 0.187 0.168 0.168 0.164 0.164 0.164 0.125 0.125 0.1115 0.1115 0.178 0.178 0.178 0.1775 0.1775 0.1555 0.1555
0.1145 0.1185 0.1185 0.111 0.111 0.111 0.1245 0.1245 0.1295 0.1295 0.152 0.152 0.2335 0.2335 0.2335 0.2025 0.2025 0.182 0.182 0.1715 0.1715 0.1715 0.206 0.206 0.193 0.193 0.1955 0.1955 0.1955 0.1565 0.1565 0.1805 0.1805 0.1695 0.1695 0.1695 0.1475 0.1475 0.1595 0.1595 0.166 0.166 0.166 0.157 0.157 0.1585 0.1585 0.1585 0.1585 0.1575 0.1575 0.1575 0.19 0.19 0.16 0.16 0.146 0.146 0.146 0.1745 0.1745 0.1415 0.1415 0.146 0.146 0.146 0.15 0.15 0.1685 0.1685 0.1865 0.1865 0.1865 0.1555 0.1555 0.166 0.166
0.1145 0.1185 0.1185 0.111 0.111 0.111 0.1245 0.1245 0.1295 0.1295 0.152 0.152 0.2335 0.2335 0.2335 0.2025 0.2025 0.182 0.182 0.1715 0.1715 0.1715 0.206 0.206 0.193 0.193 0.1955 0.1955 0.1955 0.1565 0.1565 0.1805 0.1805 0.1695 0.1695 0.1695 0.1475 0.1475 0.1595 0.1595 0.166 0.166 0.166 0.157 0.157 0.1585 0.1585 0.1585 0.1585 0.1575 0.1575 0.1575 0.19 0.19 0.16 0.16 0.146 0.146 0.146 0.1745 0.1745 0.1415 0.1415 0.146 0.146 0.146 0.15 0.15 0.1685 0.1685 0.1865 0.1865 0.1865 0.1555 0.1555 0.166 0.166
0.149 0.1595 0.1595 0.137 0.137 0.137 0.1205 0.1205 0.133 0.133 0.1305 0.1305 0.206 0.206 0.206 0.205 0.205 0.168 0.168 0.186 0.186 0.186 0.1995 0.1995 0.1695 0.1695 0.1695 0.1695 0.1695 0.168 0.168 0.1705 0.1705 0.175 0.175 0.175 0.158 0.158 0.1635 0.1635 0.1565 0.1565 0.1565 0.1665 0.1665 0.164 0.164 0.174 0.174 0.1935 0.1935 0.1935 0.1915 0.1915 0.173 0.173 0.177 0.177 0.177 0.169 0.169 0.1475 0.1475 0.176 0.176 0.176 0.1695 0.1695 0.1585 0.1585 0.1635 0.1635 0.1635 0.1435 0.1435 0.179 0.179
0.149 0.1595 0.1595 0.137 0.137 0.137 0.1205 0.1205 0.133 0.133 0.1305 0.1305 0.206 0.206 0.206 0.205 0.205 0.168 0.168 0.186 0.186 0.186 0.1995 0.1995 0.1695 0.1695 0.1695 0.1695 0.1695 0.168 0.168 0.1705 0.1705 0.175 0.175 0.175 0.158 0.158 0.1635 0.1635 0.1565 0.1565 0.1565 0.1665 0.1665 0.164 0.164 0.174 0.174 0.1935 0.1935 0.1935 0.1915 0.1915 0.173 0.173 0.177 0.177 0.177 0.169 0.169 0.1475 0.1475 0.176 0.176 0.176 0.1695 0.1695 0.1585 0.1585 0.1635 0.1635 0.1635 0.1435 0.1435 0.179 0.179
0.149 0.1595 0.1595 0.137 0.137 0.137 0.1205 0.1205 0.133 0.133 0.1305 0.1305 0.206 0.206 0.206 0.205 0.205 0.168 0.168 0.186 0.186 0.186 0.1995 0.1995 0.1695 0.1695 0.1695 0.1695 0.1695 0.168 0.168 0.1705 0.1705 0.175 0.175 0.175 0.158 0.158 0.1635 0.1635 0.1565 0.1565 0.1565 0.1665 0.1665 0.164 0.164 0.174 0.174 0.1935 0.1935 0.1935 0.1915 0.1915 0.173 0.173 0.177 0.177 0.177 0.169 0.169 0.1475 0.1475 0.176 0.176 0.176 0.1695 0.1695 0.1585 0.1585 0.1635 0.1635 0.1635 0.1435 0.1435 0.179 0.179
0.1585 0.1605 0.1605 0.1805 0.1805 0.1805 0.1405 0.1405 0.131 0.131 0.138 0.138 0.198 0.198 0.198 0.2145 0.2145 0.2085 0.2085 0.1865 0.1865 0.1865 0.18 0.18 0.1765 0.1765 0.177 0.177 0.177 0.171 0.171 0.1695 0.1695 0.175 0.175 0.175 0.1825 0.1825 0.1755 0.1755 0.1795 0.1795 0.1795 0.1895 0.1895 0.1955 0.1955 0.199 0.199 0.1755 0.1755 0.1755 0.187 0.187 0.1615 0.1615 0.1605 0.1605 0.1605 0.166 0.166 0.1845 0.1845 0.171 0.171 0.171 0.1605 0.1605 0.1565 0.1565 0.161 0.161 0.161 0.18 0.18 0.1815 0.1815
0.1585 0.1605 0.1605 0.1805 0.1805 0.1805 0.1405 0.1405 0.131 0.131 0.138 0.138 0.198 0.198 0.198 0.2145 0.2145 0.2085 0.2085 0.1865 0.1865 0.1865 0.18 0.18 0.1765 0.1765 0.177 0.177 0.177 0.171 0.171 0.1695 0.1695 0.175 0.175 0.175 0.1825 0.1825 0.1755 0.1755 0.1795 0.1795 0.1795 0.1895 0.1895 0.1955 0.1955 0.199 0.199 0.1755 0.1755 0.1755 0.187 0.187 0.1615 0.1615 0.1605 0.1605 0.1605 0.166 0.166 0.1845 0.1845 0.171 0.171 0.171 0.1605 0.1605 0.1565 0.1565 0.161 0.161 0.161 0.18 0.18 0.1815 0.1815
0.1365 0.139 0.139 0.1405 0.1405 0.1405 0.1515 0.1515 0.131 0.131 0.151 0.151 0.1785 0.1785 0.1785 0.206 0.206 0.21 0.21 0.1815 0.1815 0.1815 0.173 0.173 0.1595 0.1595 0.1885 0.1885 0.1885 0.1965 0.1965 0.1805 0.1805 0.1845 0.1845 0.1845 0.1865 0.1865 0.2025 0.2025 0.21 0.21 0.21 0.194 0.194 0.2015 0.2015 0.183 0.183 0.1775 0.1775 0.1775 0.1825 0.1825 0.1505 0.1505 0.183 0.183 0.183 0.1695 0.1695 0.179 0.179 0.1825 0.1825 0.1825 0.179 0.179 0.166 0.166 0.165 0.165 0.165 0.1685 0.1685 0.173 0.173
0.1365 0.139 0.139 0.1405 0.1405 0.1405 0.1515 0.1515 0.131 0.131 0.151 0.151 0.1785 0.1785 0.1785 0.206 0.206 0.21 0.21 0.1815 0.1815 0.1815 0.173 0.173 0.1595 0.1595 0.1885 0.1885 0.1885 0.1965 0.1965 0.1805 0.1805 0.1845 0.1845 0.1845 0.1865 0.1865 0.2025 0.2025 0.21 0.21 0.21 0.194 0.194 0.2015 0.2015 0.183 0.183 0.1775 0.1775 0.1775 0.1825 0.1825 0.1505 0.1505 0.183 0.183 0.183 0.1695 0.1695 0.179 0.179 0.1825 0.1825 0.1825 0.179 0.179 0.166 0.166 0.165 0.165 0.165 0.1685 0.1685 0.173 0.173
0.1265 0.1405 0.1405 0.1315 0.1315 0.1315 0.143 0.143 0.13 0.13 0.158 0.158 0.1715 0.1715 0.1715 0.1795 0.1795 0.181 0.181 0.1405 0.1405 0.1405 0.173 0.173 0.153 0.153 0.1725 0.1725 0.1725 0.1755 0.1755 0.1865 0.1865 0.1955 0.1955 0.1955 0.182 0.182 0.1955 0.1955 0.1915 0.1915 0.1915 0.198 0.198 0.192 0.192 0.1745 0.1745 0.184 0.184 0.184 0.191 0.191 0.1725 0.1725 0.184 0.184 0.184 0.1905 0.1905 0.1935 0.1935 0.208 0.208 0.208 0.191 0.191 0.166 0.166 0.1935 0.1935 0.1935 0.1715 0.1715 0.1745 0.1745
0.1265 0.1405 0.1405 0.1315 0.1315 0.1315 0.143 0.143 0.13 0.13 0.158 0.158 0.1715 0.1715 0.1715 0.1795 0.1795 0.181 0.181 0.1405 0.1405 0.1405 0.173 0.173 0.153 0.153 0.1725 0.1725 0.1725 0.1755 0.1755 0.1865 0.1865 0.1955 0.1955 0.1955 0.182 0.182 0.1955 0.1955 0.1915 0.1915 0.1915 0.198 0.198 0.192 0.192 0.1745 0.1745 0.184 0.184 0.184 0.191 0.191 0.1725 0.1725 0.184 0.184 0.184 0.1905 0.1905 0.1935 0.1935 0.208 0.208 0.208 0.191 0.191 0.166 0.166 0.1935 0.1935 0.1935 0.1715 0.1715 0.1745 0.1745
0.112 0.112 0.112 0.108 0.108 0.108 0.1185 0.1185 0.117 0.117 0.1445 0.1445 0.2125 0.2125 0.2125 0.2085 0.2085 0.207 0.207 0.177 0.177 0.177 0.17 0.17 0.185 0.185 0.186 0.186 0.186 0.1905 0.1905 0.192 0.192 0.19 0.19 0.19 0.1875 0.1875 0.1795 0.1795 0.1885 0.1885 0.1885 0.191 0.191 0.1715 0.1715 0.189 0.189 0.164 0.164 0.164 0.1815 0.1815 0.185 0.185 0.1985 0.1985 0.1985 0.1945 0.1945 0.1985 0.1985 0.205 0.205 0.205 0.1935 0.1935 0.16 0.16 0.1815 0.1815 0.1815 0.182 0.182 0.179 0.179
0.112 0.112 0.112 0.108 0.108 0.108 0.1185 0.1185 0.117 0.117 0.1445 0.1445 0.2125 0.2125 0.2125 0.2085 0.2085 0.207 0.207 0.177 0.177 0.177 0.17 0.17 0.185 0.185 0.186 0.186 0.186 0.1905 0.1905 0.192 0.192 0.19 0.19 0.19 0.1875 0.1875 0.1795 0.1795 0.1885 0.1885 0.1885 0.191 0.191 0.1715 0.1715 0.189 0.189 0.164 0.164 0.164 0.1815 0.1815 0.185 0.185 0.1985 0.1985 0.1985 0.1945 0.1945 0.1985 0.1985 0.205 0.205 0.205 0.1935 0.1935 0.16 0.16 0.1815 0.1815 0.1815 0.182 0.182 0.179 0.179
0.112 0.112 0.112 0.108 0.108 0.108 0.1185 0.1185 0.117 0.117 0.1445 0.1445 0.2125 0.2125 0.2125 0.2085 0.2085 0.207 0.207 0.177 0.177 0.177 0.17 0.17 0.185 0.185 0.186 0.186 0.186 0.1905 0.1905 0.192 0.192 0.19 0.19 0.19 0.1875 0.1875 0.1795 0.1795 0.1885 0.1885 0.1885 0.191 0.191 0.1715 0.1715 0.189 0.189 0.164 0.164 0.164 0.1815 0.1815 0.185 0.185 0.1985 0.1985 0.1985 0.1945 0.1945 0.1985 0.1985 0.205 0.205 0.205 0.1935 0.1935 0.16 0.16 0.1815 0.1815 0.1815 0.182 0.182 0.179 0.179
0.109 0.144 0.144 0.1525 0.1525 0.1525 0.133 0.133 0.125 0.125 0.214 0.214 0.189 0.189 0.189 0.203 0.203 0.217 0.217 0.204 0.204 0.204 0.197 0.197 0.1795 0.1795 0.188 0.188 0.188 0.163 0.163 0.1845 0.1845 0.1945 0.1945 0.1945 0.168 0.168 0.188 0.188 0.1915 0.1915 0.1915 0.188 0.188 0.1995 0.1995 0.197 0.197 0.195 0.195 0.195 0.2085 0.2085 0.193 0.193 0.212 0.212 0.212 0.2165 0.2165 0.2245 0.2245 0.2425 0.2425 0.2425 0.222 0.222 0.175 0.175 0.1895 0.1895 0.1895 0.198 0.198 0.191 0.191
0.109 0.144 0.144 0.1525 0.1525 0.1525 0.133 0.133 0.125 0.125 0.214 0.214 0.189 0.189 0.189 0.203 0.203 0.217 0.217 0.204 0.204 0.204 0.197 0.197 0.1795 0.1795 0.188 0.188 0.188 0.163 0.163 0.1845 0.1845 0.1945 0.1945 0.1945 0.168 0.168 0.188 0.188 0.1915 0.1915 0.1915 0.188 0.188 0.1995 0.1995 0.197 0.197 0.195 0.195 0.195 0.2085 0.2085 0.193 0.193 0.212 0.212 0.212 0.2165 0.2165 0.2245 0.2245 0.2425 0.2425 0.2425 0.222 0.222 0.175 0.175 0.1895 0.1895 0.1895 0.198 0.198 0.191 0.191
0.1175 0.1595 0.1595 0.1365 0.1365 0.1365 0.0865 0.0865 0.1675 0.1675 0.213 0.213 0.206 0.206 0.206 0.203 0.203 0.2155 0.2155 0.2145 0.2145 0.2145 0.2115 0.2115 0.207 0.207 0.1635 0.1635 0.1635 0.1795 0.1795 0.197 0.197 0.206 0.206 0.206 0.1815 0.1815 0.195 0.195 0.221 0.221 0.221 0.2055 0.2055 0.211 0.211 0.2115 0.2115 0.194 0.194 0.194 0.181 0.181 0.2015 0.2015 0.2035 0.2035 0.2035 0.209 0.209 0.2095 0.2095 0.2095 0.2095 0.2095 0.2325 0.2325 0.219 0.219 0.21 0.21 0.21 0.208 0.208 0.2075 0.2075
0.1175 0.1595 0.1595 0.1365 0.1365 0.1365 0.0865 0.0865 0.1675 0.1675 0.213 0.213 0.206 0.206 0.206 0.203 0.203 0.2155 0.2155 0.2145 0.2145 0.2145 0.2115 0.2115 0.207 0.207 0.1635 0.1635 0.1635 0.1795 0.1795 0.197 0.197 0.206 0.206 0.206 0.1815 0.1815 0.195 0.195 0.221 0.221 0.221 0.2055 0.2055 0.211 0.211 0.2115 0.2115 0.194 0.194 0.194 0.181 0.181 0.2015 0.2015 0.2035 0.2035 0.2035 0.209 0.209 0.2095 0.2095 0.2095 0.2095 0.2095 0.2325 0.2325 0.219 0.219 0.21 0.21 0.21 0.208 0.208 0.2075 0.2075
0.1445 0.1695 0.1695 0.1485 0.1485 0.1485 0.145 0.145 0.139 0.139 0.223 0.223 0.2085 0.2085 0.2085 0.2015 0.2015 0.195 0.195 0.1895 0.1895 0.1895 0.2055 0.2055 0.211 0.211 0.1925 0.1925 0.1925 0.1775 0.1775 0.1835 0.1835 0.197 0.197 0.197 0.192 0.192 0.175 0.175 0.204 0.204 0.204 0.191 0.191 0.206 0.206 0.2115 0.2115 0.197 0.197 0.197 0.209 0.209 0.2075 0.2075 0.1915 0.1915 0.1915 0.207 0.207 0.1955 0.1955 0.1805 0.1805 0.1805 0.222 0.222 0.2345 0.2345 0.236 0.236 0.236 0.2325 0.2325 0.1965 0.1965
0.1445 0.1695 0.1695 0.1485 0.1485 0.1485 0.145 0.145 0.139 0.139 0.223 0.223 0.2085 0.2085 0.2085 0.2015 0.2015 0.195 0.195 0.1895 0.1895 0.1895 0.2055 0.2055 0.211 0.211 0.1925 0.1925 0.1925 0.1775 0.1775 0.1835 0.1835 0.197 0.197 0.197 0.192 0.192 0.175 0.175 0.204 0.204 0.204 0.191 0.191 0.206 0.206 0.2115 0.2115 0.197 0.197 0.197 0.209 0.209 0.2075 0.2075 0.1915 0.1915 0.1915 0.207 0.207 0.1955 0.1955 0.1805 0.1805 0.1805 0.222 0.222 0.2345 0.2345 0.236 0.236 0.236 0.2325 0.2325 0.1965 0.1965
0.1445 0.1695 0.1695 0.1485 0.1485 0.1485 0.145 0.145 0.139 0.139 0.223 0.223 0.2085 0.2085 0.2085 0.2015 0.2015 0.195 0.195 0.1895 0.1895 0.1895 0.2055 0.2055 0.211 0.211 0.1925 0.1925 0.1925 0.1775 0.1775 0.1835 0.1835 0.197 0.197 0.197 0.192 0.192 0.175 0.175 0.204 0.204 0.204 0.191 0.191 0.206 0.206 0.2115 0.2115 0.197 0.197 0.197 0.209 0.209 0.2075 0.2075 0.1915 0.1915 0.1915 0.207 0.207 0.1955 0.1955 0.1805 0.1805 0.1805 0.222 0.222 0.2345 0.2345 0.236 0.236 0.236 0.2325 0.2325 0.1965 0.1965
0.168 0.171 0.171 0.1595 0.1595 0.1595 0.1645 0.1645 0.186 0.186 0.2285 0.2285 0.2125 0.2125 0.2125 0.219 0.219 0.2085 0.2085 0.214 0.214 0.214 0.2045 0.2045 0.1915 0.1915 0.198 0.198 0.198 0.1785 0.1785 0.181 0.181 0.18 0.18 0.18 0.22 0.22 0.2235 0.2235 0.2115 0.2115 0.2115 0.206 0.206 0.2085 0.2085 0.217 0.217 0.217 0.217 0.217 0.2065 0.2065 0.198 0.198 0.2085 0.2085 0.2085 0.2195 0.2195 0.206 0.206 0.1875 0.1875 0.1875 0.2205 0.2205 0.2325 0.2325 0.222 0.222 0.222 0.2285 0.2285 0.238 0.238
0.168 0.171 0.171 0.1595 0.1595 0.1595 0.1645 0.1645 0.186 0.186 0.2285 0.2285 0.2125 0.2125 0.2125 0.219 0.219 0.2085 0.2085 0.214 0.214 0.214 0.2045 0.2045 0.1915 0.1915 0.198 0.198 0.198 0.1785 0.1785 0.181 0.181 0.18 0.18 0.18 0.22 0.22 0.2235 0.2235 0.2115 0.2115 0.2115 0.206 0.206 0.2085 0.2085 0.217 0.217 0.217 0.217 0.217 0.2065 0.2065 0.198 0.198 0.2085 0.2085 0.2085 0.2195 0.2195 0.206 0.206 0.1875 0.1875 0.1875 0.2205 0.2205 0.2325 0.2325 0.222 0.222 0.222 0.2285 0.2285 0.238 0.238
0.2 0.181 0.181 0.149 0.149 0.149 0.152 0.152 0.177 0.177 0.223 0.223 0.209 0.209 0.209 0.2395 0.2395 0.234 0.234 0.21 0.21 0.21 0.2105 0.2105 0.2135 0.2135 0.1875 0.1875 0.1875 0.184 0.184 0.1915 0.1915 0.1905 0.1905 0.1905 0.2275 0.2275 0.2315 0.2315 0.209 0.209 0.209 0.218 0.218 0.2145 0.2145 0.213 0.213 0.201 0.201 0.201 0.204 0.204 0.205 0.205 0.2105 0.2105 0.2105 0.226 0.226 0.2285 0.2285 0.2375 0.2375 0.2375 0.2145 0.2145 0.237 0.237 0.2405 0.2405 0.2405 0.2535 0.2535 0.2265 0.2265
0.2 0.181 0.181 0.149 0.149 0.149 0.152 0.152 0.177 0.177 0.223 0.223 0.209 0.209 0.209 0.2395 0.2395 0.234 0.234 0.21 0.21 0.21 0.2105 0.2105 0.2135 0.2135 0.1875 0.1875 0.1875 0.184 0.184 0.1915 0.1915 0.1905 0.1905 0.1905 0.2275 0.2275 0.2315 0.2315 0.209 0.209 0.209 0.218 0.218 0.2145 0.2145 0.213 0.213 0.201 0.201 0.201 0.204 0.204 0.205 0.205 0.2105 0.2105 0.2105 0.226 0.226 0.2285 0.2285 0.2375 0.2375 0.2375 0.2145 0.2145 0.237 0.237 0.2405 0.2405 0.2405 0.2535 0.2535 0.2265 0.2265
0.207 0.173 0.173 0.1755 0.1755 0.1755 0.199 0.199 0.1885 0.1885 0.221 0.221 0.212 0.212 0.212 0.215 0.215 0.204 0.204 0.2075 0.2075 0.2075 0.1785 0.1785 0.204 0.204 0.2125 0.2125 0.2125 0.2015 0.2015 0.2175 0.2175 0.233 0.233 0.233 0.2235 0.2235 0.2505 0.2505 0.2545 0.2545 0.2545 0.237 0.237 0.242 0.242 0.2255 0.2255 0.205 0.205 0.205 0.2365 0.2365 0.215 0.215 0.229 0.229 0.229 0.232 0.232 0.216 0.216 0.2505 0.2505 0.2505 0.2285 0.2285 0.2255 0.2255 0.239 0.239 0.239 0.2685 0.2685 0.269 0.269
0.207 0.173 0.173 0.1755 0.1755 0.1755 0.199 0.199 0.1885 0.1885 0.221 0.221 0.212 0.212 0.212 0.215 0.215 0.204 0.204 0.2075 0.2075 0.2075 0.1785 0.1785 0.204 0.204 0.2125 0.2125 0.2125 0.2015 0.2015 0.2175 0.2175 0.233 0.233 0.233 0.2235 0.2235 0.2505 0.2505 0.2545 0.2545 0.2545 0.237 0.237 0.242 0.242 0.2255 0.2255 0.205 0.205 0.205 0.2365 0.2365 0.215 0.215 0.229 0.229 0.229 0.232 0.232 0.216 0.216 0.2505 0.2505 0.2505 0.2285 0.2285 0.2255 0.2255 0.239 0.239 0.239 0.2685 0.2685 0.269 0.269
0.207 0.173 0.173 0.1755 0.1755 0.1755 0.199 0.199 0.1885 0.1885 0.221 0.221 0.212 0.212 0.212 0.215 0.215 0.204 0.204 0.2075 0.2075 0.2075 0.1785 0.1785 0.204 0.204 0.2125 0.2125 0.2125 0.2015 0.2015 0.2175 0.2175 0.233 0.233 0.233 0.2235 0.2235 0.2505 0.2505 0.2545 0.2545 0.2545 0.237 0.237 0.242 0.242 0.2255 0.2255 0.205 0.205 0.205 0.2365 0.2365 0.215 0.215 0.229 0.229 0.229 0.232 0.232 0.216 0.216 0.2505 0.2505 0.2505 0.2285 0.2285 0.2255 0.2255 0.239 0.239 0.239 0.2685 0.2685 0.269 0.269
0.1925 0.1805 0.1805 0.217 0.217 0.217 0.2295 0.2295 0.2425 0.2425 0.19 0.19 0.192 0.192 0.192 0.2035 0.2035 0.1795 0.1795 0.213 0.213 0.213 0.1935 0.1935 0.187 0.187 0.207 0.207 0.207 0.2025 0.2025 0.237 0.237 0.2225 0.2225 0.2225 0.23 0.23 0.242 0.242 0.2475 0.2475 0.2475 0.243 0.243 0.2285 0.2285 0.227 0.227 0.221 0.221 0.221 0.2625 0.2625 0.2155 0.2155 0.245 0.245 0.245 0.2555 0.2555 0.234 0.234 0.2275 0.2275 0.2275 0.214 0.214 0.2295 0.2295 0.2525 0.2525 0.2525 0.2305 0.2305 0.3095 0.3095
0.1925 0.1805 0.1805 0.217 0.217 0.217 0.2295 0.2295 0.2425 0.2425 0.19 0.19 0.192 0.192 0.192 0.2035 0.2035 0.1795 0.1795 0.213 0.213 0.213 0.1935 0.1935 0.187 0.187 0.207 0.207 0.207 0.2025 0.2025 0.237 0.237 0.2225 0.2225 0.2225 0.23 0.23 0.242 0.242 0.2475 0.2475 0.2475 0.243 0.243 0.2285 0.2285 0.227 0.227 0.221 0.221 0.221 0.2625 0.2625 0.2155 0.2155 0.245 0.245 0.245 0.2555 0.2555 0.234 0.234 0.2275 0.2275 0.2275 0.214 0.214 0.2295 0.2295 0.2525 0.2525 0.2525 0.2305 0.2305 0.3095 0.3095
0.2305 0.2105 0.2105 0.246 0.246 0.246 0.1875 0.1875 0.2265 0.2265 0.1955 0.1955 0.1825 0.1825 0.1825 0.2005 0.2005 0.2295 0.2295 0.224 0.224 0.224 0.2325 0.2325 0.2355 0.2355 0.203 0.203 0.203 0.2165 0.2165 0.2305 0.2305 0.2375 0.2375 0.2375 0.23 0.23 0.2215 0.2215 0.24 0.24 0.24 0.2335 0.2335 0.2285 0.2285 0.216 0.216 0.2075 0.2075 0.2075 0.194 0.194 0.193 0.193 0.204 0.204 0.204 0.215 0.215 0.2075 0.2075 0.189 0.189 0.189 0.191 0.191 0.1975 0.1975 0.2175 0.2175 0.2175 0.2205 0.2205 0.229 0.229
0.2305 0.2105 0.2105 0.246 0.246 0.246 0.1875 0.1875 0.2265 0.2265 0.1955 0.1955 0.1825 0.1825 0.1825 0.2005 0.2005 0.2295 0.2295 0.224 0.224 0.224 0.2325 0.2325 0.2355 0.2355 0.203 0.203 0.203 0.2165 0.2165 0.2305 0.2305 0.2375 0.2375 0.2375 0.23 0.23 0.2215 0.2215 0.24 0.24 0.24 0.2335 0.2335 0.2285 0.2285 0.216 0.216 0.2075 0.2075 0.2075 0.194 0.194 0.193 0.193 0.204 0.204 0.204 0.215 0.215 0.2075 0.2075 0.189 0.189 0.189 0.191 0.191 0.1975 0.1975 0.2175 0.2175 0.2175 0.2205 0.2205 0.229 0.229
0.2245 0.2275 0.2275 0.2075 0.2075 0.2075 0.176 0.176 0.199 0.199 0.2315 0.2315 0.229 0.229 0.229 0.242 0.242 0.2315 0.2315 0.2445 0.2445 0.2445 0.2375 0.2375 0.2295 0.2295 0.2545 0.2545 0.2545 0.207 0.207 0.2165 0.2165 0.211 0.211 0.211 0.2445 0.2445 0.229 0.229 0.225 0.225 0.225 0.2215 0.2215 0.221 0.221 0.2275 0.2275 0.214 0.214 0.214 0.228 0.228 0.2165 0.2165 0.205 0.205 0.205 0.1935 0.1935 0.207 0.207 0.2175 0.2175 0.2175 0.2015 0.2015 0.1825 0.1825 0.2 0.2 0.2 0.214 0.214 0.22 0.22
