ndvi/NOAA-57.asc
ncols         252
nrows         154
xllcorner     -18.017974
yllcorner     13.481982
cellsize      0.035948
NODATA_value  -9999
[rows 102 to 135 of 154, columns 154 to 230 of 252]
0.458 0.352 0.352 0.3606 0.3606 0.3606 0.281 0.281 0.307 0.307 0.3355 0.3355 0.338 0.338 0.338 0.3485 0.3485 0.32 0.32 0.3995 0.3995 0.3995 0.419 0.419 0.4125 0.4125 0.3805 0.3805 0.3805 0.4075 0.4075 0.445 0.445 0.447 0.447 0.447 0.4635 0.4635 0.447 0.447 0.4615 0.4615 0.4615 0.4835 0.4835 0.4465 0.4465 0.3855 0.3855 0.4035 0.4035 0.4035 0.389 0.389 0.381 0.381 0.51 0.51 0.51 0.436 0.436 0.3985 0.3985 0.4145 0.4145 0.4145 0.4115 0.4115 0.342 0.342 0.303 0.303 0.303 0.3595 0.3595 0.355 0.355
0.391 0.354 0.354 0.3475 0.3475 0.3475 0.3065 0.3065 0.3305 0.3305 0.338 0.338 0.351 0.351 0.351 0.359 0.359 0.402 0.402 0.406 0.406 0.406 0.4355 0.4355 0.401 0.401 0.415 0.415 0.415 0.4205 0.4205 0.488 0.488 0.444 0.444 0.444 0.4825 0.4825 0.432 0.432 0.4675 0.4675 0.4675 0.408 0.408 0.42 0.42 0.4045 0.4045 0.4665 0.4665 0.4665 0.4475 0.4475 0.537 0.537 0.54 0.54 0.54 0.478 0.478 0.417 0.417 0.433 0.433 0.433 0.4795 0.4795 0.412 0.412 0.4015 0.4015 0.4015 0.378 0.378 0.343 0.343
0.391 0.354 0.354 0.3475 0.3475 0.3475 0.3065 0.3065 0.3305 0.3305 0.338 0.338 0.351 0.351 0.351 0.359 0.359 0.402 0.402 0.406 0.406 0.406 0.4355 0.4355 0.401 0.401 0.415 0.415 0.415 0.4205 0.4205 0.488 0.488 0.444 0.444 0.444 0.4825 0.4825 0.432 0.432 0.4675 0.4675 0.4675 0.408 0.408 0.42 0.42 0.4045 0.4045 0.4665 0.4665 0.4665 0.4475 0.4475 0.537 0.537 0.54 0.54 0.54 0.478 0.478 0.417 0.417 0.433 0.433 0.433 0.4795 0.4795 0.412 0.412 0.4015 0.4015 0.4015 0.378 0.378 0.343 0.343
0.391 0.354 0.354 0.3475 0.3475 0.3475 0.3065 0.3065 0.3305 0.3305 0.338 0.338 0.351 0.351 0.351 0.359 0.359 0.402 0.402 0.406 0.406 0.406 0.4355 0.4355 0.401 0.401 0.415 0.415 0.415 0.4205 0.4205 0.488 0.488 0.444 0.444 0.444 0.4825 0.4825 0.432 0.432 0.4675 0.4675 0.4675 0.408 0.408 0.42 0.42 0.4045 0.4045 0.4665 0.4665 0.4665 0.4475 0.4475 0.537 0.537 0.54 0.54 0.54 0.478 0.478 0.417 0.417 0.433 0.433 0.433 0.4795 0.4795 0.412 0.412 0.4015 0.4015 0.4015 0.378 0.378 0.343 0.343
0.4 0.3725 0.3725 0.401 0.401 0.401 0.3205 0.3205 0.315 0.315 0.382 0.382 0.398 0.398 0.398 0.3225 0.3225 0.3675 0.3675 0.336 0.336 0.336 0.3985 0.3985 0.4425 0.4425 0.445 0.445 0.445 0.5375 0.5375 0.541 0.541 0.538 0.538 0.538 0.491 0.491 0.4505 0.4505 0.485 0.485 0.485 0.507 0.507 0.512 0.512 0.4805 0.4805 0.5005 0.5005 0.5005 0.592 0.592 0.573 0.573 0.577 0.577 0.577 0.4585 0.4585 0.4265 0.4265 0.411 0.411 0.411 0.427 0.427 0.4435 0.4435 0.4375 0.4375 0.4375 0.43 0.43 0.4335 0.4335
0.4 0.3725 0.3725 0.401 0.401 0.401 0.3205 0.3205 0.315 0.315 0.382 0.382 0.398 0.398 0.398 0.3225 0.3225 0.3675 0.3675 0.336 0.336 0.336 0.3985 0.3985 0.4425 0.4425 0.445 0.445 0.445 0.5375 0.5375 0.541 0.541 0.538 0.538 0.538 0.491 0.491 0.4505 0.4505 0.485 0.485 0.485 0.507 0.507 0.512 0.512 0.4805 0.4805 0.5005 0.5005 0.5005 0.592 0.592 0.573 0.573 0.577 0.577 0.577 0.4585 0.4585 0.4265 0.4265 0.411 0.411 0.411 0.427 0.427 0.4435 0.4435 0.4375 0.4375 0.4375 0.43 0.43 0.4335 0.4335
0.427 0.457 0.457 0.476 0.476 0.476 0.448 0.448 0.444 0.444 0.4025 0.4025 0.3805 0.3805 0.3805 0.3855 0.3855 0.391 0.391 0.357 0.357 0.357 0.3705 0.3705 0.38 0.38 0.4735 0.4735 0.4735 0.5195 0.5195 0.5395 0.5395 0.566 0.566 0.566 0.5715 0.5715 0.498 0.498 0.5265 0.5265 0.5265 0.5585001 0.5585001 0.511 0.511 0.512 0.512 0.536 0.536 0.536 0.5545 0.5545 0.65 0.65 0.5635 0.5635 0.5635 0.488 0.488 0.444 0.444 0.4205 0.4205 0.4205 0.4275 0.4275 0.439 0.439 0.468 0.468 0.468 0.4345 0.4345 0.4385 0.4385
0.427 0.457 0.457 0.476 0.476 0.476 0.448 0.448 0.444 0.444 0.4025 0.4025 0.3805 0.3805 0.3805 0.3855 0.3855 0.391 0.391 0.357 0.357 0.357 0.3705 0.3705 0.38 0.38 0.4735 0.4735 0.4735 0.5195 0.5195 0.5395 0.5395 0.566 0.566 0.566 0.5715 0.5715 0.498 0.498 0.5265 0.5265 0.5265 0.5585001 0.5585001 0.511 0.511 0.512 0.512 0.536 0.536 0.536 0.5545 0.5545 0.65 0.65 0.5635 0.5635 0.5635 0.488 0.488 0.444 0.444 0.4205 0.4205 0.4205 0.4275 0.4275 0.439 0.439 0.468 0.468 0.468 0.4345 0.4345 0.4385 0.4385
0.4675 0.463 0.463 0.482 0.482 0.482 0.4865 0.4865 0.435 0.435 0.423 0.423 0.4085 0.4085 0.4085 0.4155 0.4155 0.3905 0.3905 0.406 0.406 0.406 0.4295 0.4295 0.491 0.491 0.5039999 0.5039999 0.5039999 0.552 0.552 0.5785 0.5785 0.615 0.615 0.615 0.573 0.573 0.535 0.535 0.548 0.548 0.548 0.612 0.612 0.5495 0.5495 0.5625 0.5625 0.529 0.529 0.529 0.636 0.636 0.6075 0.6075 0.5685 0.5685 0.5685 0.4955 0.4955 0.4755 0.4755 0.4695 0.4695 0.4695 0.4945 0.4945 0.4775 0.4775 0.4495 0.4495 0.4495 0.444 0.444 0.505 0.505
0.4675 0.463 0.463 0.482 0.482 0.482 0.4865 0.4865 0.435 0.435 0.423 0.423 0.4085 0.4085 0.4085 0.4155 0.4155 0.3905 0.3905 0.406 0.406 0.406 0.4295 0.4295 0.491 0.491 0.5039999 0.5039999 0.5039999 0.552 0.552 0.5785 0.5785 0.615 0.615 0.615 0.573 0.573 0.535 0.535 0.548 0.548 0.548 0.612 0.612 0.5495 0.5495 0.5625 0.5625 0.529 0.529 0.529 0.636 0.636 0.6075 0.6075 0.5685 0.5685 0.5685 0.4955 0.4955 0.4755 0.4755 0.4695 0.4695 0.4695 0.4945 0.4945 0.4775 0.4775 0.4495 0.4495 0.4495 0.444 0.444 0.505 0.505
0.4675 0.463 0.463 0.482 0.482 0.482 0.4865 0.4865 0.435 0.435 0.423 0.423 0.4085 0.4085 0.4085 0.4155 0.4155 0.3905 0.3905 0.406 0.406 0.406 0.4295 0.4295 0.491 0.491 0.5039999 0.5039999 0.5039999 0.552 0.552 0.5785 0.5785 0.615 0.615 0.615 0.573 0.573 0.535 0.535 0.548 0.548 0.548 0.612 0.612 0.5495 0.5495 0.5625 0.5625 0.529 0.529 0.529 0.636 0.636 0.6075 0.6075 0.5685 0.5685 0.5685 0.4955 0.4955 0.4755 0.4755 0.4695 0.4695 0.4695 0.4945 0.4945 0.4775 0.4775 0.4495 0.4495 0.4495 0.444 0.444 0.505 0.505
0.519 0.469 0.469 0.4785 0.4785 0.4785 0.507 0.507 0.4465 0.4465 0.4385 0.4385 0.4815 0.4815 0.4815 0.509 0.509 0.491 0.491 0.5085 0.5085 0.5085 0.509 0.509 0.535 0.535 0.5655 0.5655 0.5655 0.609 0.609 0.572 0.572 0.5785 0.5785 0.5785 0.538 0.538 0.537 0.537 0.5255001 0.5255001 0.5255001 0.572 0.572 0.55 0.55 0.5545 0.5545 0.6105 0.6105 0.6105 0.5975 0.5975 0.5905 0.5905 0.5715 0.5715 0.5715 0.523 0.523 0.479 0.479 0.4955 0.4955 0.4955 0.5470001 0.5470001 0.5365 0.5365 0.5025 0.5025 0.5025 0.517 0.517 0.5345 0.5345
0.519 0.469 0.469 0.4785 0.4785 0.4785 0.507 0.507 0.4465 0.4465 0.4385 0.4385 0.4815 0.4815 0.4815 0.509 0.509 0.491 0.491 0.5085 0.5085 0.5085 0.509 0.509 0.535 0.535 0.5655 0.5655 0.5655 0.609 0.609 0.572 0.572 0.5785 0.5785 0.5785 0.538 0.538 0.537 0.537 0.5255001 0.5255001 0.5255001 0.572 0.572 0.55 0.55 0.5545 0.5545 0.6105 0.6105 0.6105 0.5975 0.5975 0.5905 0.5905 0.5715 0.5715 0.5715 0.523 0.523 0.479 0.479 0.4955 0.4955 0.4955 0.5470001 0.5470001 0.5365 0.5365 0.5025 0.5025 0.5025 0.517 0.517 0.5345 0.5345
0.508 0.6085 0.6085 0.5185 0.5185 0.5185 0.536 0.536 0.5015 0.5015 0.5065 0.5065 0.5385 0.5385 0.5385 0.553 0.553 0.55 0.55 0.532 0.532 0.532 0.567 0.567 0.5655 0.5655 0.594 0.594 0.594 0.561 0.561 0.5595 0.5595 0.56 0.56 0.56 0.6195 0.6195 0.492 0.492 0.5195 0.5195 0.5195 0.5595 0.5595 0.542 0.542 0.5585001 0.5585001 0.591 0.591 0.591 0.6295 0.6295 0.6185 0.6185 0.5735 0.5735 0.5735 0.552 0.552 0.509 0.509 0.501 0.501 0.501 0.5475 0.5475 0.521 0.521 0.517 0.517 0.517 0.5385 0.5385 0.5445 0.5445
0.508 0.6085 0.6085 0.5185 0.5185 0.5185 0.536 0.536 0.5015 0.5015 0.5065 0.5065 0.5385 0.5385 0.5385 0.553 0.553 0.55 0.55 0.532 0.532 0.532 0.567 0.567 0.5655 0.5655 0.594 0.594 0.594 0.561 0.561 0.5595 0.5595 0.56 0.56 0.56 0.6195 0.6195 0.492 0.492 0.5195 0.5195 0.5195 0.5595 0.5595 0.542 0.542 0.5585001 0.5585001 0.591 0.591 0.591 0.6295 0.6295 0.6185 0.6185 0.5735 0.5735 0.5735 0.552 0.552 0.509 0.509 0.501 0.501 0.501 0.5475 0.5475 0.521 0.521 0.517 0.517 0.517 0.5385 0.5385 0.5445 0.5445
0.6454999 0.593 0.593 0.6235 0.6235 0.6235 0.554 0.554 0.5615 0.5615 0.558 0.558 0.58 0.58 0.58 0.5535 0.5535 0.5715 0.5715 0.5485 0.5485 0.5485 0.5705 0.5705 0.558 0.558 0.5685 0.5685 0.5685 0.561 0.561 0.5735 0.5735 0.5755 0.5755 0.5755 0.548 0.548 0.564 0.564 0.5705 0.5705 0.5705 0.5805 0.5805 0.605 0.605 0.6295 0.6295 0.649 0.649 0.649 0.6325 0.6325 0.584 0.584 0.585 0.585 0.585 0.5725 0.5725 0.5925 0.5925 0.5795 0.5795 0.5795 0.6215 0.6215 0.5715 0.5715 0.5585 0.5585 0.5585 0.5625 0.5625 0.586 0.586
0.6454999 0.593 0.593 0.6235 0.6235 0.6235 0.554 0.554 0.5615 0.5615 0.558 0.558 0.58 0.58 0.58 0.5535 0.5535 0.5715 0.5715 0.5485 0.5485 0.5485 0.5705 0.5705 0.558 0.558 0.5685 0.5685 0.5685 0.561 0.561 0.5735 0.5735 0.5755 0.5755 0.5755 0.548 0.548 0.564 0.564 0.5705 0.5705 0.5705 0.5805 0.5805 0.605 0.605 0.6295 0.6295 0.649 0.649 0.649 0.6325 0.6325 0.584 0.584 0.585 0.585 0.585 0.5725 0.5725 0.5925 0.5925 0.5795 0.5795 0.5795 0.6215 0.6215 0.5715 0.5715 0.5585 0.5585 0.5585 0.5625 0.5625 0.586 0.586
0.6454999 0.593 0.593 0.6235 0.6235 0.6235 0.554 0.554 0.5615 0.5615 0.558 0.558 0.58 0.58 0.58 0.5535 0.5535 0.5715 0.5715 0.5485 0.5485 0.5485 0.5705 0.5705 0.558 0.558 0.5685 0.5685 0.5685 0.561 0.561 0.5735 0.5735 0.5755 0.5755 0.5755 0.548 0.548 0.564 0.564 0.5705 0.5705 0.5705 0.5805 0.5805 0.605 0.605 0.6295 0.6295 0.649 0.649 0.649 0.6325 0.6325 0.584 0.584 0.585 0.585 0.585 0.5725 0.5725 0.5925 0.5925 0.5795 0.5795 0.5795 0.6215 0.6215 0.5715 0.5715 0.5585 0.5585 0.5585 0.5625 0.5625 0.586 0.586
0.591 0.602 0.602 0.608 0.608 0.608 0.566 0.566 0.658 0.658 0.6695 0.6695 0.6135 0.6135 0.6135 0.6855 0.6855 0.6289999 0.6289999 0.6075 0.6075 0.6075 0.5875 0.5875 0.5675 0.5675 0.5885 0.5885 0.5885 0.547 0.547 0.55 0.55 0.574 0.574 0.574 0.5475 0.5475 0.577 0.577 0.5645 0.5645 0.5645 0.6015 0.6015 0.622 0.622 0.6165 0.6165 0.606 0.606 0.606 0.6225 0.6225 0.605 0.605 0.6265 0.6265 0.6265 0.5775 0.5775 0.6015 0.6015 0.5955 0.5955 0.5955 0.6265 0.6265 0.563 0.563 0.5595 0.5595 0.5595 0.5695 0.5695 0.585 0.585
0.591 0.602 0.602 0.608 0.608 0.608 0.566 0.566 0.658 0.658 0.6695 0.6695 0.6135 0.6135 0.6135 0.6855 0.6855 0.6289999 0.6289999 0.6075 0.6075 0.6075 0.5875 0.5875 0.5675 0.5675 0.5885 0.5885 0.5885 0.547 0.547 0.55 0.55 0.574 0.574 0.574 0.5475 0.5475 0.577 0.577 0.5645 0.5645 0.5645 0.6015 0.6015 0.622 0.622 0.6165 0.6165 0.606 0.606 0.606 0.6225 0.6225 0.605 0.605 0.6265 0.6265 0.6265 0.5775 0.5775 0.6015 0.6015 0.5955 0.5955 0.5955 0.6265 0.6265 0.563 0.563 0.5595 0.5595 0.5595 0.5695 0.5695 0.585 0.585
0.618 0.606 0.606 0.582 0.582 0.582 0.549 0.549 0.6245 0.6245 0.642 0.642 0.643 0.643 0.643 0.614 0.614 0.623 0.623 0.609 0.609 0.609 0.5945 0.5945 0.5895 0.5895 0.5705 0.5705 0.5705 0.5415 0.5415 0.533 0.533 0.612 0.612 0.612 0.5765 0.5765 0.6005 0.6005 0.591 0.591 0.591 0.6175 0.6175 0.6455 0.6455 0.6525 0.6525 0.6255 0.6255 0.6255 0.6595 0.6595 0.6275 0.6275 0.617 0.617 0.617 0.61 0.61 0.5735 0.5735 0.593 0.593 0.593 0.5735 0.5735 0.5435 0.5435 0.567 0.567 0.567 0.602 0.602 0.601 0.601
0.618 0.606 0.606 0.582 0.582 0.582 0.549 0.549 0.6245 0.6245 0.642 0.642 0.643 0.643 0.643 0.614 0.614 0.623 0.623 0.609 0.609 0.609 0.5945 0.5945 0.5895 0.5895 0.5705 0.5705 0.5705 0.5415 0.5415 0.533 0.533 0.612 0.612 0.612 0.5765 0.5765 0.6005 0.6005 0.591 0.591 0.591 0.6175 0.6175 0.6455 0.6455 0.6525 0.6525 0.6255 0.6255 0.6255 0.6595 0.6595 0.6275 0.6275 0.617 0.617 0.617 0.61 0.61 0.5735 0.5735 0.593 0.593 0.593 0.5735 0.5735 0.5435 0.5435 0.567 0.567 0.567 0.602 0.602 0.601 0.601
0.626 0.601 0.601 0.6145 0.6145 0.6145 0.5925 0.5925 0.6145 0.6145 0.6405 0.6405 0.6465 0.6465 0.6465 0.6425 0.6425 0.623 0.623 0.619 0.619 0.619 0.609 0.609 0.573 0.573 0.5765 0.5765 0.5765 0.517 0.517 0.5875 0.5875 0.5475 0.5475 0.5475 0.565 0.565 0.5935 0.5935 0.5915 0.5915 0.5915 0.598 0.598 0.6155 0.6155 0.637 0.637 0.6545 0.6545 0.6545 0.6855 0.6855 0.654 0.654 0.6265 0.6265 0.6265 0.633 0.633 0.5895 0.5895 0.582 0.582 0.582 0.5985 0.5985 0.5595 0.5595 0.58 0.58 0.58 0.5755 0.5755 0.5575 0.5575
0.626 0.601 0.601 0.6145 0.6145 0.6145 0.5925 0.5925 0.6145 0.6145 0.6405 0.6405 0.6465 0.6465 0.6465 0.6425 0.6425 0.623 0.623 0.619 0.619 0.619 0.609 0.609 0.573 0.573 0.5765 0.5765 0.5765 0.517 0.517 0.5875 0.5875 0.5475 0.5475 0.5475 0.565 0.565 0.5935 0.5935 0.5915 0.5915 0.5915 0.598 0.598 0.6155 0.6155 0.637 0.637 0.6545 0.6545 0.6545 0.6855 0.6855 0.654 0.654 0.6265 0.6265 0.6265 0.633 0.633 0.5895 0.5895 0.582 0.582 0.582 0.5985 0.5985 0.5595 0.5595 0.58 0.58 0.58 0.5755 0.5755 0.5575 0.5575
0.5845 0.6075 0.6075 0.577 0.577 0.577 0.59 0.59 0.628 0.628 0.64 0.64 0.6295 0.6295 0.6295 0.6485 0.6485 0.6465 0.6465 0.62 0.62 0.62 0.571 0.571 0.589 0.589 0.5695 0.5695 0.5695 0.5525 0.5525 0.622 0.622 0.571 0.571 0.571 0.5735 0.5735 0.572 0.572 0.613 0.613 0.613 0.6225 0.6225 0.636 0.636 0.609 0.609 0.6365 0.6365 0.6365 0.636 0.636 0.654 0.654 0.6205 0.6205 0.6205 0.6435 0.6435 0.614 0.614 0.6205 0.6205 0.6205 0.626 0.626 0.5965 0.5965 0.6 0.6 0.6 0.6105 0.6105 0.6035 0.6035
0.5845 0.6075 0.6075 0.577 0.577 0.577 0.59 0.59 0.628 0.628 0.64 0.64 0.6295 0.6295 0.6295 0.6485 0.6485 0.6465 0.6465 0.62 0.62 0.62 0.571 0.571 0.589 0.589 0.5695 0.5695 0.5695 0.5525 0.5525 0.622 0.622 0.571 0.571 0.571 0.5735 0.5735 0.572 0.572 0.613 0.613 0.613 0.6225 0.6225 0.636 0.636 0.609 0.609 0.6365 0.6365 0.6365 0.636 0.636 0.654 0.654 0.6205 0.6205 0.6205 0.6435 0.6435 0.614 0.614 0.6205 0.6205 0.6205 0.626 0.626 0.5965 0.5965 0.6 0.6 0.6 0.6105 0.6105 0.6035 0.6035
0.5845 0.6075 0.6075 0.577 0.577 0.577 0.59 0.59 0.628 0.628 0.64 0.64 0.6295 0.6295 0.6295 0.6485 0.6485 0.6465 0.6465 0.62 0.62 0.62 0.571 0.571 0.589 0.589 0.5695 0.5695 0.5695 0.5525 0.5525 0.622 0.622 0.571 0.571 0.571 0.5735 0.5735 0.572 0.572 0.613 0.613 0.613 0.6225 0.6225 0.636 0.636 0.609 0.609 0.6365 0.6365 0.6365 0.636 0.636 0.654 0.654 0.6205 0.6205 0.6205 0.6435 0.6435 0.614 0.614 0.6205 0.6205 0.6205 0.626 0.626 0.5965 0.5965 0.6 0.6 0.6 0.6105 0.6105 0.6035 0.6035
0.569 0.592 0.592 0.5805 0.5805 0.5805 0.617 0.617 0.625 0.625 0.6395 0.6395 0.635 0.635 0.635 0.669 0.669 0.641 0.641 0.6015 0.6015 0.6015 0.6255 0.6255 0.597 0.597 0.601 0.601 0.601 0.5845 0.5845 0.5935 0.5935 0.5885 0.5885 0.5885 0.598 0.598 0.637 0.637 0.661 0.661 0.661 0.6525 0.6525 0.647 0.647 0.638 0.638 0.669 0.669 0.669 0.6535 0.6535 0.6535 0.6535 0.627 0.627 0.627 0.6225 0.6225 0.625 0.625 0.602 0.602 0.602 0.6025 0.6025 0.579 0.579 0.5935 0.5935 0.5935 0.5785 0.5785 0.584 0.584
0.569 0.592 0.592 0.5805 0.5805 0.5805 0.617 0.617 0.625 0.625 0.6395 0.6395 0.635 0.635 0.635 0.669 0.669 0.641 0.641 0.6015 0.6015 0.6015 0.6255 0.6255 0.597 0.597 0.601 0.601 0.601 0.5845 0.5845 0.5935 0.5935 0.5885 0.5885 0.5885 0.598 0.598 0.637 0.637 0.661 0.661 0.661 0.6525 0.6525 0.647 0.647 0.638 0.638 0.669 0.669 0.669 0.6535 0.6535 0.6535 0.6535 0.627 0.627 0.627 0.6225 0.6225 0.625 0.625 0.602 0.602 0.602 0.6025 0.6025 0.579 0.579 0.5935 0.5935 0.5935 0.5785 0.5785 0.584 0.584
0.606 0.638 0.638 0.613 0.613 0.613 0.5985 0.5985 0.619 0.619 0.5895 0.5895 0.618 0.618 0.618 0.659 0.659 0.646 0.646 0.6435 0.6435 0.6435 0.5835 0.5835 0.625 0.625 0.684 0.684 0.684 0.684 0.684 0.638 0.638 0.6191 0.6191 0.6191 0.637 0.637 0.6635 0.6635 0.651 0.651 0.651 0.69 0.69 0.6799999 0.6799999 0.7006 0.7006 0.717 0.717 0.717 0.673 0.673 0.6815 0.6815 0.6895 0.6895 0.6895 0.724 0.724 0.64 0.64 0.6085 0.6085 0.6085 0.6055 0.6055 0.578 0.578 0.567 0.567 0.567 0.5855 0.5855 0.5795 0.5795
0.606 0.638 0.638 0.613 0.613 0.613 0.5985 0.5985 0.619 0.619 0.5895 0.5895 0.618 0.618 0.618 0.659 0.659 0.646 0.646 0.6435 0.6435 0.6435 0.5835 0.5835 0.625 0.625 0.684 0.684 0.684 0.684 0.684 0.638 0.638 0.6191 0.6191 0.6191 0.637 0.637 0.6635 0.6635 0.651 0.651 0.651 0.69 0.69 0.6799999 0.6799999 0.7006 0.7006 0.717 0.717 0.717 0.673 0.673 0.6815 0.6815 0.6895 0.6895 0.6895 0.724 0.724 0.64 0.64 0.6085 0.6085 0.6085 0.6055 0.6055 0.578 0.578 0.567 0.567 0.567 0.5855 0.5855 0.5795 0.5795
0.6935 0.6825 0.6825 0.6435 0.6435 0.6435 0.6185 0.6185 0.6395 0.6395 0.61 0.61 0.6815 0.6815 0.6815 0.6445 0.6445 0.633 0.633 0.6305 0.6305 0.6305 0.6655 0.6655 0.7171 0.7171 0.7286 0.7286 0.7286 0.6825 0.6825 0.622 0.622 0.6485 0.6485 0.6485 0.652 0.652 0.643 0.643 0.663 0.663 0.663 0.67 0.67 0.7356 0.7356 0.7041 0.7041 0.7065 0.7065 0.7065 0.6966 0.6966 0.6931 0.6931 0.7085 0.7085 0.7085 0.6900001 0.6900001 0.654 0.654 0.6406 0.6406 0.6406 0.605 0.605 0.5765 0.5765 0.632 0.632 0.632 0.605 0.605 0.5895 0.5895
0.6935 0.6825 0.6825 0.6435 0.6435 0.6435 0.6185 0.6185 0.6395 0.6395 0.61 0.61 0.6815 0.6815 0.6815 0.6445 0.6445 0.633 0.633 0.6305 0.6305 0.6305 0.6655 0.6655 0.7171 0.7171 0.7286 0.7286 0.7286 0.6825 0.6825 0.622 0.622 0.6485 0.6485 0.6485 0.652 0.652 0.643 0.643 0.663 0.663 0.663 0.67 0.67 0.7356 0.7356 0.7041 0.7041 0.7065 0.7065 0.7065 0.6966 0.6966 0.6931 0.6931 0.7085 0.7085 0.7085 0.6900001 0.6900001 0.654 0.654 0.6406 0.6406 0.6406 0.605 0.605 0.5765 0.5765 0.632 0.632 0.632 0.605 0.605 0.5895 0.5895
0.6935 0.6825 0.6825 0.6435 0.6435 0.6435 0.6185 0.6185 0.6395 0.6395 0.61 0.61 0.6815 0.6815 0.6815 0.6445 0.6445 0.633 0.633 0.6305 0.6305 0.6305 0.6655 0.6655 0.7171 0.7171 0.7286 0.7286 0.7286 0.6825 0.6825 0.622 0.622 0.6485 0.6485 0.6485 0.652 0.652 0.643 0.643 0.663 0.663 0.663 0.67 0.67 0.7356 0.7356 0.7041 0.7041 0.7065 0.7065 0.7065 0.6966 0.6966 0.6931 0.6931 0.7085 0.7085 0.7085 0.6900001 0.6900001 0.654 0.654 0.6406 0.6406 0.6406 0.605 0.605 0.5765 0.5765 0.632 0.632 0.632 0.605 0.605 0.5895 0.5895
