ndvi/NOAA-315.asc
ncols         252
nrows         154
xllcorner     -18.017974
yllcorner     13.481982
cellsize      0.035948
NODATA_value  -9999
[rows 105 to 139 of 154, columns 0 to 76 of 252]
-1 -1 -1 -1 -1 -1 -1 -1 -1 -1 -1 -1 -1 -1 -1 -1 -1 -1 -1 -1 -1 -1 -1 -0.0083 -0.0083 0.1905 0.1905 0.1905 0.2435 0.2435 0.23 0.23 0.209 0.209 0.209 0.2115 0.2115 0.21 0.21 0.223 0.223 0.223 0.218 0.218 0.2195 0.2195 0.215 0.215 0.215 0.2145 0.2145 0.2215 0.2215 0.237 0.237 0.2445 0.2445 0.2445 0.2475 0.2475 0.248 0.248 0.248 0.248 0.248 0.2565 0.2565 0.2415 0.2415 0.2365 0.2365 0.2365 0.218 0.218 0.205 0.205 0.199
-1 -1 -1 -1 -1 -1 -1 -1 -1 -1 -1 -1 -1 -1 -1 -1 -1 -1 -1 -1 -1 0.0102 0.0102 0.144 0.144 0.281 0.281 0.281 0.257 0.257 0.225 0.225 0.231 0.231 0.231 0.227 0.227 0.221 0.221 0.2275 0.2275 0.2275 0.2265 0.2265 0.236 0.236 0.226 0.226 0.226 0.2275 0.2275 0.229 0.229 0.2295 0.2295 0.256 0.256 0.256 0.2455 0.2455 0.2445 0.2445 0.2445 0.2445 0.2445 0.257 0.257 0.2465 0.2465 0.238 0.238 0.238 0.2295 0.2295 0.2085 0.2085 0.2065
-1 -1 -1 -1 -1 -1 -1 -1 -1 -1 -1 -1 -1 -1 -1 -1 -1 -1 -1 -1 -1 0.0102 0.0102 0.144 0.144 0.281 0.281 0.281 0.257 0.257 0.225 0.225 0.231 0.231 0.231 0.227 0.227 0.221 0.221 0.2275 0.2275 0.2275 0.2265 0.2265 0.236 0.236 0.226 0.226 0.226 0.2275 0.2275 0.229 0.229 0.2295 0.2295 0.256 0.256 0.256 0.2455 0.2455 0.2445 0.2445 0.2445 0.2445 0.2445 0.257 0.257 0.2465 0.2465 0.238 0.238 0.238 0.2295 0.2295 0.2085 0.2085 0.2065
-1 -1 -1 -1 -1 -1 -1 -1 -1 -1 -1 -1 -1 -1 -1 -1 -1 -1 -1 -1 -1 0.11 0.11 0.2625 0.2625 0.24 0.24 0.24 0.2435 0.2435 0.23 0.23 0.225 0.225 0.225 0.2375 0.2375 0.2345 0.2345 0.2345 0.2345 0.2345 0.229 0.229 0.225 0.225 0.2395 0.2395 0.2395 0.2345 0.2345 0.2405 0.2405 0.2205 0.2205 0.228 0.228 0.228 0.23 0.23 0.2475 0.2475 0.2475 0.2475 0.2475 0.2335 0.2335 0.2285 0.2285 0.2415 0.2415 0.2415 0.241 0.241 0.2065 0.2065 0.2075
-1 -1 -1 -1 -1 -1 -1 -1 -1 -1 -1 -1 -1 -1 -1 -1 -1 -1 -1 -1 -1 0.11 0.11 0.2625 0.2625 0.24 0.24 0.24 0.2435 0.2435 0.23 0.23 0.225 0.225 0.225 0.2375 0.2375 0.2345 0.2345 0.2345 0.2345 0.2345 0.229 0.229 0.225 0.225 0.2395 0.2395 0.2395 0.2345 0.2345 0.2405 0.2405 0.2205 0.2205 0.228 0.228 0.228 0.23 0.23 0.2475 0.2475 0.2475 0.2475 0.2475 0.2335 0.2335 0.2285 0.2285 0.2415 0.2415 0.2415 0.241 0.241 0.2065 0.2065 0.2075
-1 -1 -1 -1 -1 -1 -1 -1 -1 -1 -1 -1 -1 -1 -1 -1 -1 -1 0.121 0.121 0.121 0.279 0.279 0.266 0.266 0.274 0.274 0.274 0.256 0.256 0.2305 0.2305 0.235 0.235 0.235 0.2355 0.2355 0.238 0.238 0.2385 0.2385 0.2385 0.2475 0.2475 0.236 0.236 0.2405 0.2405 0.2405 0.2385 0.2385 0.238 0.238 0.2235 0.2235 0.225 0.225 0.225 0.219 0.219 0.2265 0.2265 0.2265 0.2265 0.2265 0.2305 0.2305 0.224 0.224 0.23 0.23 0.23 0.2255 0.2255 0.22 0.22 0.209
-1 -1 -1 -1 -1 -1 -1 -1 -1 -1 -1 -1 -1 -1 -1 -1 -1 -1 0.121 0.121 0.121 0.279 0.279 0.266 0.266 0.274 0.274 0.274 0.256 0.256 0.2305 0.2305 0.235 0.235 0.235 0.2355 0.2355 0.238 0.238 0.2385 0.2385 0.2385 0.2475 0.2475 0.236 0.236 0.2405 0.2405 0.2405 0.2385 0.2385 0.238 0.238 0.2235 0.2235 0.225 0.225 0.225 0.219 0.219 0.2265 0.2265 0.2265 0.2265 0.2265 0.2305 0.2305 0.224 0.224 0.23 0.23 0.23 0.2255 0.2255 0.22 0.22 0.209
-1 -1 -1 -1 -1 -1 -1 -1 -1 -1 -1 -1 -1 -1 -1 -1 -1 -1 0.121 0.121 0.121 0.279 0.279 0.266 0.266 0.274 0.274 0.274 0.256 0.256 0.2305 0.2305 0.235 0.235 0.235 0.2355 0.2355 0.238 0.238 0.2385 0.2385 0.2385 0.2475 0.2475 0.236 0.236 0.2405 0.2405 0.2405 0.2385 0.2385 0.238 0.238 0.2235 0.2235 0.225 0.225 0.225 0.219 0.219 0.2265 0.2265 0.2265 0.2265 0.2265 0.2305 0.2305 0.224 0.224 0.23 0.23 0.23 0.2255 0.2255 0.22 0.22 0.209
-1 -1 -1 -1 -1 -1 -1 -1 -1 -1 -1 -1 -1 -1 -1 -1 0.2232 0.2232 0.296 0.296 0.296 0.2865 0.2865 0.279 0.279 0.257 0.257 0.257 0.2625 0.2625 0.2485 0.2485 0.2365 0.2365 0.2365 0.241 0.241 0.2445 0.2445 0.2435 0.2435 0.2435 0.2335 0.2335 0.2255 0.2255 0.219 0.219 0.219 0.232 0.232 0.2255 0.2255 0.2175 0.2175 0.2205 0.2205 0.2205 0.228 0.228 0.2325 0.2325 0.2325 0.2325 0.2325 0.24 0.24 0.2405 0.2405 0.243 0.243 0.243 0.2415 0.2415 0.2525 0.2525 0.2065
-1 -1 -1 -1 -1 -1 -1 -1 -1 -1 -1 -1 -1 -1 -1 -1 0.2232 0.2232 0.296 0.296 0.296 0.2865 0.2865 0.279 0.279 0.257 0.257 0.257 0.2625 0.2625 0.2485 0.2485 0.2365 0.2365 0.2365 0.241 0.241 0.2445 0.2445 0.2435 0.2435 0.2435 0.2335 0.2335 0.2255 0.2255 0.219 0.219 0.219 0.232 0.232 0.2255 0.2255 0.2175 0.2175 0.2205 0.2205 0.2205 0.228 0.228 0.2325 0.2325 0.2325 0.2325 0.2325 0.24 0.24 0.2405 0.2405 0.243 0.243 0.243 0.2415 0.2415 0.2525 0.2525 0.2065
-1 -1 -1 -1 -1 -1 -1 -1 -1 -1 -1 -1 0.1597 0.1597 0.1335 0.1335 0.1745 0.1745 0.2775 0.2775 0.2775 0.3295 0.3295 0.272 0.272 0.2695 0.2695 0.2695 0.2715 0.2715 0.2665 0.2665 0.229 0.229 0.229 0.232 0.232 0.241 0.241 0.224 0.224 0.224 0.2385 0.2385 0.226 0.226 0.22 0.22 0.22 0.2225 0.2225 0.217 0.217 0.2135 0.2135 0.219 0.219 0.219 0.226 0.226 0.247 0.247 0.247 0.247 0.247 0.2335 0.2335 0.2345 0.2345 0.221 0.221 0.221 0.2415 0.2415 0.233 0.233 0.228
-1 -1 -1 -1 -1 -1 -1 -1 -1 -1 -1 -1 0.1597 0.1597 0.1335 0.1335 0.1745 0.1745 0.2775 0.2775 0.2775 0.3295 0.3295 0.272 0.272 0.2695 0.2695 0.2695 0.2715 0.2715 0.2665 0.2665 0.229 0.229 0.229 0.232 0.232 0.241 0.241 0.224 0.224 0.224 0.2385 0.2385 0.226 0.226 0.22 0.22 0.22 0.2225 0.2225 0.217 0.217 0.2135 0.2135 0.219 0.219 0.219 0.226 0.226 0.247 0.247 0.247 0.247 0.247 0.2335 0.2335 0.2345 0.2345 0.221 0.221 0.221 0.2415 0.2415 0.233 0.233 0.228
-1 -1 -1 -1 -1 -1 -1 -1 -1 0.1772 0.1772 0.1772 0.11 0.11 0.1722 0.1722 0.1442 0.1442 0.0555 0.0555 0.0555 0.251 0.251 0.2575 0.2575 0.272 0.272 0.272 0.2675 0.2675 0.2575 0.2575 0.2395 0.2395 0.2395 0.233 0.233 0.2415 0.2415 0.235 0.235 0.235 0.2265 0.2265 0.22 0.22 0.214 0.214 0.214 0.222 0.222 0.2165 0.2165 0.213 0.213 0.2225 0.2225 0.2225 0.236 0.236 0.2565 0.2565 0.2565 0.2565 0.2565 0.2365 0.2365 0.2255 0.2255 0.213 0.213 0.213 0.2185 0.2185 0.231 0.231 0.2085
-1 -1 -1 -1 -1 -1 -1 -1 -1 0.1772 0.1772 0.1772 0.11 0.11 0.1722 0.1722 0.1442 0.1442 0.0555 0.0555 0.0555 0.251 0.251 0.2575 0.2575 0.272 0.272 0.272 0.2675 0.2675 0.2575 0.2575 0.2395 0.2395 0.2395 0.233 0.233 0.2415 0.2415 0.235 0.235 0.235 0.2265 0.2265 0.22 0.22 0.214 0.214 0.214 0.222 0.222 0.2165 0.2165 0.213 0.213 0.2225 0.2225 0.2225 0.236 0.236 0.2565 0.2565 0.2565 0.2565 0.2565 0.2365 0.2365 0.2255 0.2255 0.213 0.213 0.213 0.2185 0.2185 0.231 0.231 0.2085
-1 -1 -1 -1 -1 -1 -1 -1 -1 0.1772 0.1772 0.1772 0.11 0.11 0.1722 0.1722 0.1442 0.1442 0.0555 0.0555 0.0555 0.251 0.251 0.2575 0.2575 0.272 0.272 0.272 0.2675 0.2675 0.2575 0.2575 0.2395 0.2395 0.2395 0.233 0.233 0.2415 0.2415 0.235 0.235 0.235 0.2265 0.2265 0.22 0.22 0.214 0.214 0.214 0.222 0.222 0.2165 0.2165 0.213 0.213 0.2225 0.2225 0.2225 0.236 0.236 0.2565 0.2565 0.2565 0.2565 0.2565 0.2365 0.2365 0.2255 0.2255 0.213 0.213 0.213 0.2185 0.2185 0.231 0.231 0.2085
-1 -1 -1 -1 -1 -1 -1 -1 -1 -1 -1 -1 0.1437 0.1437 0.1622 0.1622 0.1807 0.1807 0.1697 0.1697 0.1697 0.215 0.215 0.2775 0.2775 0.3025 0.3025 0.3025 0.2595 0.2595 0.2555 0.2555 0.2355 0.2355 0.2355 0.2285 0.2285 0.238 0.238 0.232 0.232 0.232 0.2345 0.2345 0.222 0.222 0.227 0.227 0.227 0.223 0.223 0.2105 0.2105 0.2245 0.2245 0.2275 0.2275 0.2275 0.2395 0.2395 0.2425 0.2425 0.2425 0.2425 0.2425 0.235 0.235 0.2135 0.2135 0.213 0.213 0.213 0.252 0.252 0.2415 0.2415 0.2115
-1 -1 -1 -1 -1 -1 -1 -1 -1 -1 -1 -1 0.1437 0.1437 0.1622 0.1622 0.1807 0.1807 0.1697 0.1697 0.1697 0.215 0.215 0.2775 0.2775 0.3025 0.3025 0.3025 0.2595 0.2595 0.2555 0.2555 0.2355 0.2355 0.2355 0.2285 0.2285 0.238 0.238 0.232 0.232 0.232 0.2345 0.2345 0.222 0.222 0.227 0.227 0.227 0.223 0.223 0.2105 0.2105 0.2245 0.2245 0.2275 0.2275 0.2275 0.2395 0.2395 0.2425 0.2425 0.2425 0.2425 0.2425 0.235 0.235 0.2135 0.2135 0.213 0.213 0.213 0.252 0.252 0.2415 0.2415 0.2115
-1 -1 -1 -1 -1 -1 -1 -1 -1 -1 -1 -1 -1 -1 -1 -1 -1 -1 0.1682 0.1682 0.1682 0.2006 0.2006 0.2755 0.2755 0.2695 0.2695 0.2695 0.266 0.266 0.262 0.262 0.249 0.249 0.249 0.2435 0.2435 0.234 0.234 0.2335 0.2335 0.2335 0.2275 0.2275 0.22 0.22 0.224 0.224 0.224 0.242 0.242 0.23 0.23 0.2215 0.2215 0.2275 0.2275 0.2275 0.233 0.233 0.232 0.232 0.232 0.232 0.232 0.231 0.231 0.2245 0.2245 0.255 0.255 0.255 0.2725 0.2725 0.2555 0.2555 0.2055
-1 -1 -1 -1 -1 -1 -1 -1 -1 -1 -1 -1 -1 -1 -1 -1 -1 -1 0.1682 0.1682 0.1682 0.2006 0.2006 0.2755 0.2755 0.2695 0.2695 0.2695 0.266 0.266 0.262 0.262 0.249 0.249 0.249 0.2435 0.2435 0.234 0.234 0.2335 0.2335 0.2335 0.2275 0.2275 0.22 0.22 0.224 0.224 0.224 0.242 0.242 0.23 0.23 0.2215 0.2215 0.2275 0.2275 0.2275 0.233 0.233 0.232 0.232 0.232 0.232 0.232 0.231 0.231 0.2245 0.2245 0.255 0.255 0.255 0.2725 0.2725 0.2555 0.2555 0.2055
-1 -1 -1 -1 -1 -1 -1 -1 -1 -1 -1 -1 -1 -1 -1 -1 -1 -1 -1 -1 -1 0.2237 0.2237 0.1205 0.1205 0.2765 0.2765 0.2765 0.277 0.277 0.266 0.266 0.247 0.247 0.247 0.243 0.243 0.2325 0.2325 0.2165 0.2165 0.2165 0.2245 0.2245 0.225 0.225 0.2255 0.2255 0.2255 0.237 0.237 0.2285 0.2285 0.2305 0.2305 0.223 0.223 0.223 0.23 0.23 0.2335 0.2335 0.2335 0.2335 0.2335 0.2185 0.2185 0.2255 0.2255 0.234 0.234 0.234 0.224 0.224 0.2495 0.2495 0.2335
-1 -1 -1 -1 -1 -1 -1 -1 -1 -1 -1 -1 -1 -1 -1 -1 -1 -1 -1 -1 -1 0.2237 0.2237 0.1205 0.1205 0.2765 0.2765 0.2765 0.277 0.277 0.266 0.266 0.247 0.247 0.247 0.243 0.243 0.2325 0.2325 0.2165 0.2165 0.2165 0.2245 0.2245 0.225 0.225 0.2255 0.2255 0.2255 0.237 0.237 0.2285 0.2285 0.2305 0.2305 0.223 0.223 0.223 0.23 0.23 0.2335 0.2335 0.2335 0.2335 0.2335 0.2185 0.2185 0.2255 0.2255 0.234 0.234 0.234 0.224 0.224 0.2495 0.2495 0.2335
-1 -1 -1 -1 -1 -1 -1 -1 -1 -1 -1 -1 -1 -1 -1 -1 -1 -1 -1 -1 -1 0.1512 0.1512 0.1027 0.1027 0.2085 0.2085 0.2085 0.2475 0.2475 0.248 0.248 0.259 0.259 0.259 0.2585 0.2585 0.2435 0.2435 0.202 0.202 0.202 0.189 0.189 0.208 0.208 0.223 0.223 0.223 0.2305 0.2305 0.231 0.231 0.2295 0.2295 0.2265 0.2265 0.2265 0.2275 0.2275 0.244 0.244 0.244 0.244 0.244 0.2255 0.2255 0.2385 0.2385 0.253 0.253 0.253 0.236 0.236 0.242 0.242 0.252
-1 -1 -1 -1 -1 -1 -1 -1 -1 -1 -1 -1 -1 -1 -1 -1 -1 -1 -1 -1 -1 0.1512 0.1512 0.1027 0.1027 0.2085 0.2085 0.2085 0.2475 0.2475 0.248 0.248 0.259 0.259 0.259 0.2585 0.2585 0.2435 0.2435 0.202 0.202 0.202 0.189 0.189 0.208 0.208 0.223 0.223 0.223 0.2305 0.2305 0.231 0.231 0.2295 0.2295 0.2265 0.2265 0.2265 0.2275 0.2275 0.244 0.244 0.244 0.244 0.244 0.2255 0.2255 0.2385 0.2385 0.253 0.253 0.253 0.236 0.236 0.242 0.242 0.252
-1 -1 -1 -1 -1 -1 -1 -1 -1 -1 -1 -1 -1 -1 -1 -1 -1 -1 -1 -1 -1 0.1512 0.1512 0.1027 0.1027 0.2085 0.2085 0.2085 0.2475 0.2475 0.248 0.248 0.259 0.259 0.259 0.2585 0.2585 0.2435 0.2435 0.202 0.202 0.202 0.189 0.189 0.208 0.208 0.223 0.223 0.223 0.2305 0.2305 0.231 0.231 0.2295 0.2295 0.2265 0.2265 0.2265 0.2275 0.2275 0.244 0.244 0.244 0.244 0.244 0.2255 0.2255 0.2385 0.2385 0.253 0.253 0.253 0.236 0.236 0.242 0.242 0.252
-1 -1 -1 -1 -1 -1 -1 -1 -1 -1 -1 -1 -1 -1 -1 -1 -1 -1 -1 -1 -1 -1 -1 0.1967 0.1967 0.093 0.093 0.093 0.263 0.263 0.271 0.271 0.2475 0.2475 0.2475 0.288 0.288 0.2045 0.2045 0.164 0.164 0.164 0.2015 0.2015 0.2095 0.2095 0.213 0.213 0.213 0.216 0.216 0.231 0.231 0.2225 0.2225 0.2495 0.2495 0.2495 0.2495 0.2495 0.2175 0.2175 0.2175 0.2175 0.2175 0.249 0.249 0.2475 0.2475 0.2475 0.2475 0.2475 0.249 0.249 0.2535 0.2535 0.2535
-1 -1 -1 -1 -1 -1 -1 -1 -1 -1 -1 -1 -1 -1 -1 -1 -1 -1 -1 -1 -1 -1 -1 0.1967 0.1967 0.093 0.093 0.093 0.263 0.263 0.271 0.271 0.2475 0.2475 0.2475 0.288 0.288 0.2045 0.2045 0.164 0.164 0.164 0.2015 0.2015 0.2095 0.2095 0.213 0.213 0.213 0.216 0.216 0.231 0.231 0.2225 0.2225 0.2495 0.2495 0.2495 0.2495 0.2495 0.2175 0.2175 0.2175 0.2175 0.2175 0.249 0.249 0.2475 0.2475 0.2475 0.2475 0.2475 0.249 0.249 0.2535 0.2535 0.2535
-1 -1 -1 -1 -1 -1 -1 -1 -1 -1 -1 -1 -1 -1 -1 -1 -1 -1 -1 -1 -1 -1 -1 -1 -1 0.002999999 0.002999999 0.002999999 0.1505 0.1505 0.2575 0.2575 0.2625 0.2625 0.2625 0.192 0.192 0.147 0.147 0.133 0.133 0.133 0.215 0.215 0.1955 0.1955 0.2305 0.2305 0.2305 0.217 0.217 0.2265 0.2265 0.236 0.236 0.231 0.231 0.231 0.245 0.245 0.2665 0.2665 0.2665 0.2665 0.2665 0.257 0.257 0.2585 0.2585 0.2505 0.2505 0.2505 0.243 0.243 0.253 0.253 0.242
-1 -1 -1 -1 -1 -1 -1 -1 -1 -1 -1 -1 -1 -1 -1 -1 -1 -1 -1 -1 -1 -1 -1 -1 -1 0.002999999 0.002999999 0.002999999 0.1505 0.1505 0.2575 0.2575 0.2625 0.2625 0.2625 0.192 0.192 0.147 0.147 0.133 0.133 0.133 0.215 0.215 0.1955 0.1955 0.2305 0.2305 0.2305 0.217 0.217 0.2265 0.2265 0.236 0.236 0.231 0.231 0.231 0.245 0.245 0.2665 0.2665 0.2665 0.2665 0.2665 0.257 0.257 0.2585 0.2585 0.2505 0.2505 0.2505 0.243 0.243 0.253 0.253 0.242
-1 -1 -1 -1 -1 -1 -1 -1 -1 -1 -1 -1 -1 -1 -1 -1 -1 -1 -1 -1 -1 -1 -1 -1 -1 0.1142 0.1142 0.1142 0.164 0.164 0.206 0.206 0.2075 0.2075 0.2075 0.1815 0.1815 0.1535 0.1535 0.216 0.216 0.216 0.212 0.212 0.242 0.242 0.228 0.228 0.228 0.168 0.168 0.245 0.245 0.242 0.242 0.2365 0.2365 0.2365 0.237 0.237 0.241 0.241 0.241 0.241 0.241 0.238 0.238 0.237 0.237 0.2425 0.2425 0.2425 0.2195 0.2195 0.2305 0.2305 0.2325
-1 -1 -1 -1 -1 -1 -1 -1 -1 -1 -1 -1 -1 -1 -1 -1 -1 -1 -1 -1 -1 -1 -1 -1 -1 0.1142 0.1142 0.1142 0.164 0.164 0.206 0.206 0.2075 0.2075 0.2075 0.1815 0.1815 0.1535 0.1535 0.216 0.216 0.216 0.212 0.212 0.242 0.242 0.228 0.228 0.228 0.168 0.168 0.245 0.245 0.242 0.242 0.2365 0.2365 0.2365 0.237 0.237 0.241 0.241 0.241 0.241 0.241 0.238 0.238 0.237 0.237 0.2425 0.2425 0.2425 0.2195 0.2195 0.2305 0.2305 0.2325
-1 -1 -1 -1 -1 -1 -1 -1 -1 -1 -1 -1 -1 -1 -1 -1 -1 -1 -1 -1 -1 -1 -1 -1 -1 0.1142 0.1142 0.1142 0.164 0.164 0.206 0.206 0.2075 0.2075 0.2075 0.1815 0.1815 0.1535 0.1535 0.216 0.216 0.216 0.212 0.212 0.242 0.242 0.228 0.228 0.228 0.168 0.168 0.245 0.245 0.242 0.242 0.2365 0.2365 0.2365 0.237 0.237 0.241 0.241 0.241 0.241 0.241 0.238 0.238 0.237 0.237 0.2425 0.2425 0.2425 0.2195 0.2195 0.2305 0.2305 0.2325
-1 -1 -1 -1 -1 -1 -1 -1 -1 -1 -1 -1 -1 -1 -1 -1 -1 -1 -1 -1 -1 -1 -1 -1 -1 -1 -1 -1 0.0697 0.0697 0.215 0.215 0.208 0.208 0.208 0.328 0.328 0.3315 0.3315 0.273 0.273 0.273 0.2525 0.2525 0.241 0.241 0.2405 0.2405 0.2405 0.2315 0.2315 0.262 0.262 0.2755 0.2755 0.2655 0.2655 0.2655 0.252 0.252 0.2425 0.2425 0.2425 0.2425 0.2425 0.252 0.252 0.2375 0.2375 0.252 0.252 0.252 0.238 0.238 0.2255 0.2255 0.2335
-1 -1 -1 -1 -1 -1 -1 -1 -1 -1 -1 -1 -1 -1 -1 -1 -1 -1 -1 -1 -1 -1 -1 -1 -1 -1 -1 -1 0.0697 0.0697 0.215 0.215 0.208 0.208 0.208 0.328 0.328 0.3315 0.3315 0.273 0.273 0.273 0.2525 0.2525 0.241 0.241 0.2405 0.2405 0.2405 0.2315 0.2315 0.262 0.262 0.2755 0.2755 0.2655 0.2655 0.2655 0.252 0.252 0.2425 0.2425 0.2425 0.2425 0.2425 0.252 0.252 0.2375 0.2375 0.252 0.252 0.252 0.238 0.238 0.2255 0.2255 0.2335
-1 -1 -1 -1 -1 -1 -1 -1 -1 -1 -1 -1 -1 -1 -1 -1 -1 -1 -1 -1 -1 -1 -1 -1 -1 -1 -1 -1 0.0167 0.0167 0.4135 0.4135 0.4125 0.4125 0.4125 0.398 0.398 0.387 0.387 0.315 0.315 0.315 0.304 0.304 0.2365 0.2365 0.2475 0.2475 0.2475 0.2465 0.2465 0.2385 0.2385 0.263 0.263 0.2645 0.2645 0.2645 0.247 0.247 0.253 0.253 0.253 0.253 0.253 0.2495 0.2495 0.284 0.284 0.2675 0.2675 0.2675 0.266 0.266 0.265 0.265 0.244
-1 -1 -1 -1 -1 -1 -1 -1 -1 -1 -1 -1 -1 -1 -1 -1 -1 -1 -1 -1 -1 -1 -1 -1 -1 -1 -1 -1 0.0167 0.0167 0.4135 0.4135 0.4125 0.4125 0.4125 0.398 0.398 0.387 0.387 0.315 0.315 0.315 0.304 0.304 0.2365 0.2365 0.2475 0.2475 0.2475 0.2465 0.2465 0.2385 0.2385 0.263 0.263 0.2645 0.2645 0.2645 0.247 0.247 0.253 0.253 0.253 0.253 0.253 0.2495 0.2495 0.284 0.284 0.2675 0.2675 0.2675 0.266 0.266 0.265 0.265 0.244
