ndvi/NOAA-46.asc
ncols         252
nrows         154
xllcorner     -18.017974
yllcorner     13.481982
cellsize      0.035948
NODATA_value  -9999
[rows 70 to 104 of 154, columns 77 to 153 of 252]
0.2375 0.2375 0.246 0.246 0.2095 0.2095 0.2185 0.2185 0.2185 0.216 0.216 0.2455 0.2455 0.2435 0.2435 0.2355 0.2355 0.2355 0.227 0.227 0.1955 0.1955 0.177 0.177 0.177 0.216 0.216 0.188 0.188 0.2135 0.2135 0.2135 0.2275 0.2275 0.211 0.211 0.217 0.217 0.217 0.2125 0.2125 0.1885 0.1885 0.1695 0.1695 0.1695 0.1635 0.1635 0.1575 0.1575 0.169 0.169 0.1705 0.1705 0.1705 0.1865 0.1865 0.2015 0.2015 0.2285 0.2285 0.2285 0.2655 0.2655 0.2385 0.2385 0.2485 0.2485 0.2485 0.2215 0.2215 0.206 0.206 0.1935 0.1935 0.1935 0.1465
0.2695 0.2695 0.247 0.247 0.231 0.231 0.238 0.238 0.238 0.2185 0.2185 0.23 0.23 0.2405 0.2405 0.258 0.258 0.258 0.22 0.22 0.2045 0.2045 0.1895 0.1895 0.1895 0.2075 0.2075 0.227 0.227 0.221 0.221 0.221 0.206 0.206 0.2165 0.2165 0.2245 0.2245 0.2245 0.2205 0.2205 0.217 0.217 0.1835 0.1835 0.1835 0.1535 0.1535 0.156 0.156 0.1775 0.1775 0.2055 0.2055 0.2055 0.2225 0.2225 0.219 0.219 0.2235 0.2235 0.2235 0.239 0.239 0.239 0.239 0.1965 0.1965 0.1965 0.2125 0.2125 0.205 0.205 0.2105 0.2105 0.2105 0.167
0.2695 0.2695 0.247 0.247 0.231 0.231 0.238 0.238 0.238 0.2185 0.2185 0.23 0.23 0.2405 0.2405 0.258 0.258 0.258 0.22 0.22 0.2045 0.2045 0.1895 0.1895 0.1895 0.2075 0.2075 0.227 0.227 0.221 0.221 0.221 0.206 0.206 0.2165 0.2165 0.2245 0.2245 0.2245 0.2205 0.2205 0.217 0.217 0.1835 0.1835 0.1835 0.1535 0.1535 0.156 0.156 0.1775 0.1775 0.2055 0.2055 0.2055 0.2225 0.2225 0.219 0.219 0.2235 0.2235 0.2235 0.239 0.239 0.239 0.239 0.1965 0.1965 0.1965 0.2125 0.2125 0.205 0.205 0.2105 0.2105 0.2105 0.167
0.2695 0.2695 0.247 0.247 0.231 0.231 0.238 0.238 0.238 0.2185 0.2185 0.23 0.23 0.2405 0.2405 0.258 0.258 0.258 0.22 0.22 0.2045 0.2045 0.1895 0.1895 0.1895 0.2075 0.2075 0.227 0.227 0.221 0.221 0.221 0.206 0.206 0.2165 0.2165 0.2245 0.2245 0.2245 0.2205 0.2205 0.217 0.217 0.1835 0.1835 0.1835 0.1535 0.1535 0.156 0.156 0.1775 0.1775 0.2055 0.2055 0.2055 0.2225 0.2225 0.219 0.219 0.2235 0.2235 0.2235 0.239 0.239 0.239 0.239 0.1965 0.1965 0.1965 0.2125 0.2125 0.205 0.205 0.2105 0.2105 0.2105 0.167
0.2635 0.2635 0.24 0.24 0.2615 0.2615 0.265 0.265 0.265 0.2475 0.2475 0.2595 0.2595 0.2345 0.2345 0.2315 0.2315 0.2315 0.231 0.231 0.234 0.234 0.2235 0.2235 0.2235 0.2305 0.2305 0.2515 0.2515 0.213 0.213 0.213 0.2025 0.2025 0.2045 0.2045 0.215 0.215 0.215 0.2115 0.2115 0.189 0.189 0.1605 0.1605 0.1605 0.1705 0.1705 0.223 0.223 0.201 0.201 0.2235 0.2235 0.2235 0.2205 0.2205 0.247 0.247 0.24 0.24 0.24 0.254 0.254 0.2225 0.2225 0.2065 0.2065 0.2065 0.2145 0.2145 0.202 0.202 0.1545 0.1545 0.1545 0.175
0.2635 0.2635 0.24 0.24 0.2615 0.2615 0.265 0.265 0.265 0.2475 0.2475 0.2595 0.2595 0.2345 0.2345 0.2315 0.2315 0.2315 0.231 0.231 0.234 0.234 0.2235 0.2235 0.2235 0.2305 0.2305 0.2515 0.2515 0.213 0.213 0.213 0.2025 0.2025 0.2045 0.2045 0.215 0.215 0.215 0.2115 0.2115 0.189 0.189 0.1605 0.1605 0.1605 0.1705 0.1705 0.223 0.223 0.201 0.201 0.2235 0.2235 0.2235 0.2205 0.2205 0.247 0.247 0.24 0.24 0.24 0.254 0.254 0.2225 0.2225 0.2065 0.2065 0.2065 0.2145 0.2145 0.202 0.202 0.1545 0.1545 0.1545 0.175
0.2525 0.2525 0.262 0.262 0.3255 0.3255 0.2885 0.2885 0.2885 0.2615 0.2615 0.2485 0.2485 0.2305 0.2305 0.2205 0.2205 0.2205 0.2215 0.2215 0.2145 0.2145 0.2195 0.2195 0.2195 0.223 0.223 0.2165 0.2165 0.2225 0.2225 0.2225 0.222 0.222 0.2115 0.2115 0.22 0.22 0.22 0.216 0.216 0.2015 0.2015 0.1885 0.1885 0.1885 0.1865 0.1865 0.199 0.199 0.2075 0.2075 0.201 0.201 0.201 0.205 0.205 0.2 0.2 0.2145 0.2145 0.2145 0.2235 0.2235 0.1745 0.1745 0.1985 0.1985 0.1985 0.1865 0.1865 0.154 0.154 0.098 0.098 0.098 0.1545
0.2525 0.2525 0.262 0.262 0.3255 0.3255 0.2885 0.2885 0.2885 0.2615 0.2615 0.2485 0.2485 0.2305 0.2305 0.2205 0.2205 0.2205 0.2215 0.2215 0.2145 0.2145 0.2195 0.2195 0.2195 0.223 0.223 0.2165 0.2165 0.2225 0.2225 0.2225 0.222 0.222 0.2115 0.2115 0.22 0.22 0.22 0.216 0.216 0.2015 0.2015 0.1885 0.1885 0.1885 0.1865 0.1865 0.199 0.199 0.2075 0.2075 0.201 0.201 0.201 0.205 0.205 0.2 0.2 0.2145 0.2145 0.2145 0.2235 0.2235 0.1745 0.1745 0.1985 0.1985 0.1985 0.1865 0.1865 0.154 0.154 0.098 0.098 0.098 0.1545
0.2685 0.2685 0.297 0.297 0.3325 0.3325 0.315 0.315 0.315 0.302 0.302 0.2435 0.2435 0.232 0.232 0.211 0.211 0.211 0.206 0.206 0.212 0.212 0.2135 0.2135 0.2135 0.2185 0.2185 0.2035 0.2035 0.2125 0.2125 0.2125 0.2235 0.2235 0.2415 0.2415 0.222 0.222 0.222 0.207 0.207 0.2085 0.2085 0.1955 0.1955 0.1955 0.275 0.275 0.2455 0.2455 0.2065 0.2065 0.1955 0.1955 0.1955 0.197 0.197 0.193 0.193 0.196 0.196 0.196 0.2175 0.2175 0.218 0.218 0.2065 0.2065 0.2065 0.179 0.179 0.2085 0.2085 0.1415 0.1415 0.1415 0.1515
0.2685 0.2685 0.297 0.297 0.3325 0.3325 0.315 0.315 0.315 0.302 0.302 0.2435 0.2435 0.232 0.232 0.211 0.211 0.211 0.206 0.206 0.212 0.212 0.2135 0.2135 0.2135 0.2185 0.2185 0.2035 0.2035 0.2125 0.2125 0.2125 0.2235 0.2235 0.2415 0.2415 0.222 0.222 0.222 0.207 0.207 0.2085 0.2085 0.1955 0.1955 0.1955 0.275 0.275 0.2455 0.2455 0.2065 0.2065 0.1955 0.1955 0.1955 0.197 0.197 0.193 0.193 0.196 0.196 0.196 0.2175 0.2175 0.218 0.218 0.2065 0.2065 0.2065 0.179 0.179 0.2085 0.2085 0.1415 0.1415 0.1415 0.1515
0.297 0.297 0.2775 0.2775 0.2775 0.2775 0.321 0.321 0.321 0.301 0.301 0.2715 0.2715 0.24 0.24 0.2135 0.2135 0.2135 0.222 0.222 0.176 0.176 0.204 0.204 0.204 0.2155 0.2155 0.2055 0.2055 0.203 0.203 0.203 0.227 0.227 0.2755 0.2755 0.2875 0.2875 0.2875 0.2295 0.2295 0.198 0.198 0.222 0.222 0.222 0.224 0.224 0.2425 0.2425 0.2275 0.2275 0.2095 0.2095 0.2095 0.201 0.201 0.221 0.221 0.214 0.214 0.214 0.2015 0.2015 0.161 0.161 0.163 0.163 0.163 0.1405 0.1405 0.1875 0.1875 0.1585 0.1585 0.1585 0.1455
0.297 0.297 0.2775 0.2775 0.2775 0.2775 0.321 0.321 0.321 0.301 0.301 0.2715 0.2715 0.24 0.24 0.2135 0.2135 0.2135 0.222 0.222 0.176 0.176 0.204 0.204 0.204 0.2155 0.2155 0.2055 0.2055 0.203 0.203 0.203 0.227 0.227 0.2755 0.2755 0.2875 0.2875 0.2875 0.2295 0.2295 0.198 0.198 0.222 0.222 0.222 0.224 0.224 0.2425 0.2425 0.2275 0.2275 0.2095 0.2095 0.2095 0.201 0.201 0.221 0.221 0.214 0.214 0.214 0.2015 0.2015 0.161 0.161 0.163 0.163 0.163 0.1405 0.1405 0.1875 0.1875 0.1585 0.1585 0.1585 0.1455
0.297 0.297 0.2775 0.2775 0.2775 0.2775 0.321 0.321 0.321 0.301 0.301 0.2715 0.2715 0.24 0.24 0.2135 0.2135 0.2135 0.222 0.222 0.176 0.176 0.204 0.204 0.204 0.2155 0.2155 0.2055 0.2055 0.203 0.203 0.203 0.227 0.227 0.2755 0.2755 0.2875 0.2875 0.2875 0.2295 0.2295 0.198 0.198 0.222 0.222 0.222 0.224 0.224 0.2425 0.2425 0.2275 0.2275 0.2095 0.2095 0.2095 0.201 0.201 0.221 0.221 0.214 0.214 0.214 0.2015 0.2015 0.161 0.161 0.163 0.163 0.163 0.1405 0.1405 0.1875 0.1875 0.1585 0.1585 0.1585 0.1455
0.271 0.271 0.277 0.277 0.272 0.272 0.273 0.273 0.273 0.255 0.255 0.2515 0.2515 0.2395 0.2395 0.2225 0.2225 0.2225 0.204 0.204 0.221 0.221 0.2305 0.2305 0.2305 0.2275 0.2275 0.216 0.216 0.2325 0.2325 0.2325 0.217 0.217 0.2375 0.2375 0.251 0.251 0.251 0.2485 0.2485 0.2435 0.2435 0.215 0.215 0.215 0.24 0.24 0.2365 0.2365 0.248 0.248 0.215 0.215 0.215 0.235 0.235 0.222 0.222 0.21 0.21 0.21 0.2015 0.2015 0.167 0.167 0.1635 0.1635 0.1635 0.165 0.165 0.156 0.156 0.136 0.136 0.136 0.129
0.271 0.271 0.277 0.277 0.272 0.272 0.273 0.273 0.273 0.255 0.255 0.2515 0.2515 0.2395 0.2395 0.2225 0.2225 0.2225 0.204 0.204 0.221 0.221 0.2305 0.2305 0.2305 0.2275 0.2275 0.216 0.216 0.2325 0.2325 0.2325 0.217 0.217 0.2375 0.2375 0.251 0.251 0.251 0.2485 0.2485 0.2435 0.2435 0.215 0.215 0.215 0.24 0.24 0.2365 0.2365 0.248 0.248 0.215 0.215 0.215 0.235 0.235 0.222 0.222 0.21 0.21 0.21 0.2015 0.2015 0.167 0.167 0.1635 0.1635 0.1635 0.165 0.165 0.156 0.156 0.136 0.136 0.136 0.129
0.302 0.302 0.315 0.315 0.3045 0.3045 0.2615 0.2615 0.2615 0.295 0.295 0.277 0.277 0.255 0.255 0.246 0.246 0.246 0.2525 0.2525 0.239 0.239 0.256 0.256 0.256 0.23 0.23 0.2685 0.2685 0.2395 0.2395 0.2395 0.2175 0.2175 0.2845 0.2845 0.2545 0.2545 0.2545 0.2485 0.2485 0.249 0.249 0.2935 0.2935 0.2935 0.258 0.258 0.251 0.251 0.2725 0.2725 0.253 0.253 0.253 0.2635 0.2635 0.254 0.254 0.238 0.238 0.238 0.232 0.232 0.217 0.217 0.1795 0.1795 0.1795 0.175 0.175 0.1725 0.1725 0.1515 0.1515 0.1515 0.142
0.302 0.302 0.315 0.315 0.3045 0.3045 0.2615 0.2615 0.2615 0.295 0.295 0.277 0.277 0.255 0.255 0.246 0.246 0.246 0.2525 0.2525 0.239 0.239 0.256 0.256 0.256 0.23 0.23 0.2685 0.2685 0.2395 0.2395 0.2395 0.2175 0.2175 0.2845 0.2845 0.2545 0.2545 0.2545 0.2485 0.2485 0.249 0.249 0.2935 0.2935 0.2935 0.258 0.258 0.251 0.251 0.2725 0.2725 0.253 0.253 0.253 0.2635 0.2635 0.254 0.254 0.238 0.238 0.238 0.232 0.232 0.217 0.217 0.1795 0.1795 0.1795 0.175 0.175 0.1725 0.1725 0.1515 0.1515 0.1515 0.142
0.3195 0.3195 0.3075 0.3075 0.287 0.287 0.2755 0.2755 0.2755 0.314 0.314 0.2965 0.2965 0.2615 0.2615 0.2625 0.2625 0.2625 0.2425 0.2425 0.2265 0.2265 0.2585 0.2585 0.2585 0.242 0.242 0.261 0.261 0.253 0.253 0.253 0.2545 0.2545 0.264 0.264 0.291 0.291 0.291 0.2755 0.2755 0.263 0.263 0.2625 0.2625 0.2625 0.302 0.302 0.263 0.263 0.2445 0.2445 0.235 0.235 0.235 0.228 0.228 0.2505 0.2505 0.2385 0.2385 0.2385 0.2495 0.2495 0.255 0.255 0.1885 0.1885 0.1885 0.189 0.189 0.1845 0.1845 0.1715 0.1715 0.1715 0.172
0.3195 0.3195 0.3075 0.3075 0.287 0.287 0.2755 0.2755 0.2755 0.314 0.314 0.2965 0.2965 0.2615 0.2615 0.2625 0.2625 0.2625 0.2425 0.2425 0.2265 0.2265 0.2585 0.2585 0.2585 0.242 0.242 0.261 0.261 0.253 0.253 0.253 0.2545 0.2545 0.264 0.264 0.291 0.291 0.291 0.2755 0.2755 0.263 0.263 0.2625 0.2625 0.2625 0.302 0.302 0.263 0.263 0.2445 0.2445 0.235 0.235 0.235 0.228 0.228 0.2505 0.2505 0.2385 0.2385 0.2385 0.2495 0.2495 0.255 0.255 0.1885 0.1885 0.1885 0.189 0.189 0.1845 0.1845 0.1715 0.1715 0.1715 0.172
0.3195 0.3195 0.3075 0.3075 0.287 0.287 0.2755 0.2755 0.2755 0.314 0.314 0.2965 0.2965 0.2615 0.2615 0.2625 0.2625 0.2625 0.2425 0.2425 0.2265 0.2265 0.2585 0.2585 0.2585 0.242 0.242 0.261 0.261 0.253 0.253 0.253 0.2545 0.2545 0.264 0.264 0.291 0.291 0.291 0.2755 0.2755 0.263 0.263 0.2625 0.2625 0.2625 0.302 0.302 0.263 0.263 0.2445 0.2445 0.235 0.235 0.235 0.228 0.228 0.2505 0.2505 0.2385 0.2385 0.2385 0.2495 0.2495 0.255 0.255 0.1885 0.1885 0.1885 0.189 0.189 0.1845 0.1845 0.1715 0.1715 0.1715 0.172
0.293 0.293 0.2725 0.2725 0.271 0.271 0.2465 0.2465 0.2465 0.275 0.275 0.269 0.269 0.243 0.243 0.233 0.233 0.233 0.2395 0.2395 0.219 0.219 0.234 0.234 0.234 0.2295 0.2295 0.2395 0.2395 0.244 0.244 0.244 0.22 0.22 0.258 0.258 0.239 0.239 0.239 0.228 0.228 0.2525 0.2525 0.263 0.263 0.263 0.2815 0.2815 0.2585 0.2585 0.256 0.256 0.2305 0.2305 0.2305 0.231 0.231 0.251 0.251 0.2535 0.2535 0.2535 0.2535 0.2535 0.2485 0.2485 0.218 0.218 0.218 0.1885 0.1885 0.175 0.175 0.205 0.205 0.205 0.1945
0.293 0.293 0.2725 0.2725 0.271 0.271 0.2465 0.2465 0.2465 0.275 0.275 0.269 0.269 0.243 0.243 0.233 0.233 0.233 0.2395 0.2395 0.219 0.219 0.234 0.234 0.234 0.2295 0.2295 0.2395 0.2395 0.244 0.244 0.244 0.22 0.22 0.258 0.258 0.239 0.239 0.239 0.228 0.228 0.2525 0.2525 0.263 0.263 0.263 0.2815 0.2815 0.2585 0.2585 0.256 0.256 0.2305 0.2305 0.2305 0.231 0.231 0.251 0.251 0.2535 0.2535 0.2535 0.2535 0.2535 0.2485 0.2485 0.218 0.218 0.218 0.1885 0.1885 0.175 0.175 0.205 0.205 0.205 0.1945
0.2905 0.2905 0.2755 0.2755 0.2605 0.2605 0.25 0.25 0.25 0.2505 0.2505 0.2575 0.2575 0.2245 0.2245 0.2325 0.2325 0.2325 0.2225 0.2225 0.2415 0.2415 0.257 0.257 0.257 0.22 0.22 0.2225 0.2225 0.219 0.219 0.219 0.214 0.214 0.225 0.225 0.2375 0.2375 0.2375 0.2305 0.2305 0.2565 0.2565 0.259 0.259 0.259 0.291 0.291 0.2695 0.2695 0.277 0.277 0.2305 0.2305 0.2305 0.2285 0.2285 0.2455 0.2455 0.241 0.241 0.241 0.2495 0.2495 0.2685 0.2685 0.257 0.257 0.257 0.251 0.251 0.236 0.236 0.272 0.272 0.272 0.2825
0.2905 0.2905 0.2755 0.2755 0.2605 0.2605 0.25 0.25 0.25 0.2505 0.2505 0.2575 0.2575 0.2245 0.2245 0.2325 0.2325 0.2325 0.2225 0.2225 0.2415 0.2415 0.257 0.257 0.257 0.22 0.22 0.2225 0.2225 0.219 0.219 0.219 0.214 0.214 0.225 0.225 0.2375 0.2375 0.2375 0.2305 0.2305 0.2565 0.2565 0.259 0.259 0.259 0.291 0.291 0.2695 0.2695 0.277 0.277 0.2305 0.2305 0.2305 0.2285 0.2285 0.2455 0.2455 0.241 0.241 0.241 0.2495 0.2495 0.2685 0.2685 0.257 0.257 0.257 0.251 0.251 0.236 0.236 0.272 0.272 0.272 0.2825
0.2765 0.2765 0.2615 0.2615 0.3 0.3 0.284 0.284 0.284 0.2825 0.2825 0.2675 0.2675 0.247 0.247 0.213 0.213 0.213 0.2285 0.2285 0.2365 0.2365 0.2385 0.2385 0.2385 0.2675 0.2675 0.2255 0.2255 0.2395 0.2395 0.2395 0.2695 0.2695 0.2475 0.2475 0.2545 0.2545 0.2545 0.247 0.247 0.237 0.237 0.2715 0.2715 0.2715 0.28 0.28 0.277 0.277 0.292 0.292 0.2645 0.2645 0.2645 0.21 0.21 0.25 0.25 0.2665 0.2665 0.2665 0.2965 0.2965 0.2885 0.2885 0.303 0.303 0.303 0.266 0.266 0.285 0.285 0.2535 0.2535 0.2535 0.25
0.2765 0.2765 0.2615 0.2615 0.3 0.3 0.284 0.284 0.284 0.2825 0.2825 0.2675 0.2675 0.247 0.247 0.213 0.213 0.213 0.2285 0.2285 0.2365 0.2365 0.2385 0.2385 0.2385 0.2675 0.2675 0.2255 0.2255 0.2395 0.2395 0.2395 0.2695 0.2695 0.2475 0.2475 0.2545 0.2545 0.2545 0.247 0.247 0.237 0.237 0.2715 0.2715 0.2715 0.28 0.28 0.277 0.277 0.292 0.292 0.2645 0.2645 0.2645 0.21 0.21 0.25 0.25 0.2665 0.2665 0.2665 0.2965 0.2965 0.2885 0.2885 0.303 0.303 0.303 0.266 0.266 0.285 0.285 0.2535 0.2535 0.2535 0.25
0.2765 0.2765 0.2615 0.2615 0.3 0.3 0.284 0.284 0.284 0.2825 0.2825 0.2675 0.2675 0.247 0.247 0.213 0.213 0.213 0.2285 0.2285 0.2365 0.2365 0.2385 0.2385 0.2385 0.2675 0.2675 0.2255 0.2255 0.2395 0.2395 0.2395 0.2695 0.2695 0.2475 0.2475 0.2545 0.2545 0.2545 0.247 0.247 0.237 0.237 0.2715 0.2715 0.2715 0.28 0.28 0.277 0.277 0.292 0.292 0.2645 0.2645 0.2645 0.21 0.21 0.25 0.25 0.2665 0.2665 0.2665 0.2965 0.2965 0.2885 0.2885 0.303 0.303 0.303 0.266 0.266 0.285 0.285 0.2535 0.2535 0.2535 0.25
0.3085 0.3085 0.2775 0.2775 0.2785 0.2785 0.242 0.242 0.242 0.26 0.26 0.246 0.246 0.244 0.244 0.2265 0.2265 0.2265 0.23 0.23 0.2315 0.2315 0.2535 0.2535 0.2535 0.294 0.294 0.2695 0.2695 0.2875 0.2875 0.2875 0.2705 0.2705 0.259 0.259 0.247 0.247 0.247 0.2845 0.2845 0.274 0.274 0.443 0.443 0.443 0.269 0.269 0.2755 0.2755 0.261 0.261 0.282 0.282 0.282 0.2805 0.2805 0.2605 0.2605 0.2745 0.2745 0.2745 0.259 0.259 0.2865 0.2865 0.2815 0.2815 0.2815 0.254 0.254 0.2305 0.2305 0.2325 0.2325 0.2325 0.2695
0.3085 0.3085 0.2775 0.2775 0.2785 0.2785 0.242 0.242 0.242 0.26 0.26 0.246 0.246 0.244 0.244 0.2265 0.2265 0.2265 0.23 0.23 0.2315 0.2315 0.2535 0.2535 0.2535 0.294 0.294 0.2695 0.2695 0.2875 0.2875 0.2875 0.2705 0.2705 0.259 0.259 0.247 0.247 0.247 0.2845 0.2845 0.274 0.274 0.443 0.443 0.443 0.269 0.269 0.2755 0.2755 0.261 0.261 0.282 0.282 0.282 0.2805 0.2805 0.2605 0.2605 0.2745 0.2745 0.2745 0.259 0.259 0.2865 0.2865 0.2815 0.2815 0.2815 0.254 0.254 0.2305 0.2305 0.2325 0.2325 0.2325 0.2695
0.2925 0.2925 0.2655 0.2655 0.2315 0.2315 0.2385 0.2385 0.2385 0.257 0.257 0.2665 0.2665 0.251 0.251 0.264 0.264 0.264 0.2525 0.2525 0.258 0.258 0.2785 0.2785 0.2785 0.314 0.314 0.2985 0.2985 0.296 0.296 0.296 0.275 0.275 0.286 0.286 0.277 0.277 0.277 0.266 0.266 0.295 0.295 0.286 0.286 0.286 0.289 0.289 0.2835 0.2835 0.2785 0.2785 0.293 0.293 0.293 0.2785 0.2785 0.3 0.3 0.268 0.268 0.268 0.286 0.286 0.2505 0.2505 0.2735 0.2735 0.2735 0.296 0.296 0.3005 0.3005 0.272 0.272 0.272 0.254
0.2925 0.2925 0.2655 0.2655 0.2315 0.2315 0.2385 0.2385 0.2385 0.257 0.257 0.2665 0.2665 0.251 0.251 0.264 0.264 0.264 0.2525 0.2525 0.258 0.258 0.2785 0.2785 0.2785 0.314 0.314 0.2985 0.2985 0.296 0.296 0.296 0.275 0.275 0.286 0.286 0.277 0.277 0.277 0.266 0.266 0.295 0.295 0.286 0.286 0.286 0.289 0.289 0.2835 0.2835 0.2785 0.2785 0.293 0.293 0.293 0.2785 0.2785 0.3 0.3 0.268 0.268 0.268 0.286 0.286 0.2505 0.2505 0.2735 0.2735 0.2735 0.296 0.296 0.3005 0.3005 0.272 0.272 0.272 0.254
0.298 0.298 0.3265 0.3265 0.2955 0.2955 0.2655 0.2655 0.2655 0.287 0.287 0.2575 0.2575 0.274 0.274 0.266 0.266 0.266 0.2895 0.2895 0.3025 0.3025 0.318 0.318 0.318 0.3335 0.3335 0.303 0.303 0.3025 0.3025 0.3025 0.3005 0.3005 0.3265 0.3265 0.3265 0.3265 0.3265 0.3335 0.3335 0.304 0.304 0.311 0.311 0.311 0.325 0.325 0.304 0.304 0.319 0.319 0.318 0.318 0.318 0.316 0.316 0.2875 0.2875 0.2865 0.2865 0.2865 0.315 0.315 0.3175 0.3175 0.3205 0.3205 0.3205 0.332 0.332 0.3545 0.3545 0.311 0.311 0.311 0.323
0.298 0.298 0.3265 0.3265 0.2955 0.2955 0.2655 0.2655 0.2655 0.287 0.287 0.2575 0.2575 0.274 0.274 0.266 0.266 0.266 0.2895 0.2895 0.3025 0.3025 0.318 0.318 0.318 0.3335 0.3335 0.303 0.303 0.3025 0.3025 0.3025 0.3005 0.3005 0.3265 0.3265 0.3265 0.3265 0.3265 0.3335 0.3335 0.304 0.304 0.311 0.311 0.311 0.325 0.325 0.304 0.304 0.319 0.319 0.318 0.318 0.318 0.316 0.316 0.2875 0.2875 0.2865 0.2865 0.2865 0.315 0.315 0.3175 0.3175 0.3205 0.3205 0.3205 0.332 0.332 0.3545 0.3545 0.311 0.311 0.311 0.323
0.313 0.313 0.2915 0.2915 0.283 0.283 0.2755 0.2755 0.2755 0.2905 0.2905 0.305 0.305 0.295 0.295 0.2905 0.2905 0.2905 0.2885 0.2885 0.293 0.293 0.323 0.323 0.323 0.3075 0.3075 0.292 0.292 0.298 0.298 0.298 0.3315 0.3315 0.3355 0.3355 0.3665 0.3665 0.3665 0.347 0.347 0.3285 0.3285 0.338 0.338 0.338 0.321 0.321 0.3205 0.3205 0.344 0.344 0.35 0.35 0.35 0.3125 0.3125 0.3 0.3 0.279 0.279 0.279 0.297 0.297 0.3025 0.3025 0.3025 0.3025 0.3025 0.336 0.336 0.332 0.332 0.2465 0.2465 0.2465 0.2535
0.313 0.313 0.2915 0.2915 0.283 0.283 0.2755 0.2755 0.2755 0.2905 0.2905 0.305 0.305 0.295 0.295 0.2905 0.2905 0.2905 0.2885 0.2885 0.293 0.293 0.323 0.323 0.323 0.3075 0.3075 0.292 0.292 0.298 0.298 0.298 0.3315 0.3315 0.3355 0.3355 0.3665 0.3665 0.3665 0.347 0.347 0.3285 0.3285 0.338 0.338 0.338 0.321 0.321 0.3205 0.3205 0.344 0.344 0.35 0.35 0.35 0.3125 0.3125 0.3 0.3 0.279 0.279 0.279 0.297 0.297 0.3025 0.3025 0.3025 0.3025 0.3025 0.336 0.336 0.332 0.332 0.2465 0.2465 0.2465 0.2535
