ndvi/NOAA-330.asc
ncols         252
nrows         154
xllcorner     -18.017974
yllcorner     13.481982
cellsize      0.035948
NODATA_value  -9999
[rows 34 to 67 of 154, columns 78 to 155 of 252]
0.1212 0.0645 0.0645 0.0515 0.0515 0.0565 0.0565 0.0565 0.1195 0.1195 0.0545 0.0545 0.0765 0.0765 0.0765 0.0765 0.0765 0.0885 0.0885 0.096 0.096 0.094 0.094 0.094 0.09 0.09 0.093 0.093 0.0885 0.0885 0.0885 0.094 0.094 0.1045 0.1045 0.0975 0.0975 0.0975 0.098 0.098 0.1085 0.1085 0.089 0.089 0.089 0.0905 0.0905 0.092 0.092 0.068 0.068 0.077 0.077 0.077 0.076 0.076 0.08149999 0.08149999 0.078 0.078 0.078 0.058 0.058 0.09299999 0.09299999 0.097 0.097 0.097 0.06900001 0.06900001 0.0575 0.0575 0.0305 0.0305 0.0305 0.0625 0.0625 0.083
0.1212 0.0645 0.0645 0.0515 0.0515 0.0565 0.0565 0.0565 0.1195 0.1195 0.0545 0.0545 0.0765 0.0765 0.0765 0.0765 0.0765 0.0885 0.0885 0.096 0.096 0.094 0.094 0.094 0.09 0.09 0.093 0.093 0.0885 0.0885 0.0885 0.094 0.094 0.1045 0.1045 0.0975 0.0975 0.0975 0.098 0.098 0.1085 0.1085 0.089 0.089 0.089 0.0905 0.0905 0.092 0.092 0.068 0.068 0.077 0.077 0.077 0.076 0.076 0.08149999 0.08149999 0.078 0.078 0.078 0.058 0.058 0.09299999 0.09299999 0.097 0.097 0.097 0.06900001 0.06900001 0.0575 0.0575 0.0305 0.0305 0.0305 0.0625 0.0625 0.083
0.1212 0.0645 0.0645 0.0515 0.0515 0.0565 0.0565 0.0565 0.1195 0.1195 0.0545 0.0545 0.0765 0.0765 0.0765 0.0765 0.0765 0.0885 0.0885 0.096 0.096 0.094 0.094 0.094 0.09 0.09 0.093 0.093 0.0885 0.0885 0.0885 0.094 0.094 0.1045 0.1045 0.0975 0.0975 0.0975 0.098 0.098 0.1085 0.1085 0.089 0.089 0.089 0.0905 0.0905 0.092 0.092 0.068 0.068 0.077 0.077 0.077 0.076 0.076 0.08149999 0.08149999 0.078 0.078 0.078 0.058 0.058 0.09299999 0.09299999 0.097 0.097 0.097 0.06900001 0.06900001 0.0575 0.0575 0.0305 0.0305 0.0305 0.0625 0.0625 0.083
0.1085 0.0925 0.0925 0.072 0.072 0.098 0.098 0.098 0.1045 0.1045 0.0925 0.0925 0.0805 0.0805 0.08 0.08 0.08 0.1025 0.1025 0.1025 0.1025 0.1145 0.1145 0.1145 0.115 0.115 0.1155 0.1155 0.1135 0.1135 0.1135 0.125 0.125 0.114 0.114 0.116 0.116 0.116 0.1095 0.1095 0.134 0.134 0.1385 0.1385 0.1385 0.1175 0.1175 0.1235 0.1235 0.112 0.112 0.08750001 0.08750001 0.08750001 0.0605 0.0605 0.07099999 0.07099999 0.0945 0.0945 0.0945 0.073 0.073 0.0925 0.0925 0.073 0.073 0.073 0.0685 0.0685 0.1007 0.1007 0.048 0.048 0.048 0.029 0.029 0.0755
0.1085 0.0925 0.0925 0.072 0.072 0.098 0.098 0.098 0.1045 0.1045 0.0925 0.0925 0.0805 0.0805 0.08 0.08 0.08 0.1025 0.1025 0.1025 0.1025 0.1145 0.1145 0.1145 0.115 0.115 0.1155 0.1155 0.1135 0.1135 0.1135 0.125 0.125 0.114 0.114 0.116 0.116 0.116 0.1095 0.1095 0.134 0.134 0.1385 0.1385 0.1385 0.1175 0.1175 0.1235 0.1235 0.112 0.112 0.08750001 0.08750001 0.08750001 0.0605 0.0605 0.07099999 0.07099999 0.0945 0.0945 0.0945 0.073 0.073 0.0925 0.0925 0.073 0.073 0.073 0.0685 0.0685 0.1007 0.1007 0.048 0.048 0.048 0.029 0.029 0.0755
0.0965 0.087 0.087 0.115 0.115 0.114 0.114 0.114 0.115 0.115 0.1185 0.1185 0.1095 0.1095 0.1015 0.1015 0.1015 0.097 0.097 0.121 0.121 0.1205 0.1205 0.1205 0.1235 0.1235 0.135 0.135 0.1355 0.1355 0.1355 0.1255 0.1255 0.131 0.131 0.13 0.13 0.13 0.1225 0.1225 0.1405 0.1405 0.1545 0.1545 0.1545 0.1395 0.1395 0.128 0.128 0.103 0.103 0.156 0.156 0.156 0.15 0.15 0.1445 0.1445 0.139 0.139 0.139 0.119 0.119 0.0635 0.0635 0.0565 0.0565 0.0565 0.1339 0.1339 0.029 0.029 0.032 0.032 0.032 0.0445 0.0445 0.0575
0.0965 0.087 0.087 0.115 0.115 0.114 0.114 0.114 0.115 0.115 0.1185 0.1185 0.1095 0.1095 0.1015 0.1015 0.1015 0.097 0.097 0.121 0.121 0.1205 0.1205 0.1205 0.1235 0.1235 0.135 0.135 0.1355 0.1355 0.1355 0.1255 0.1255 0.131 0.131 0.13 0.13 0.13 0.1225 0.1225 0.1405 0.1405 0.1545 0.1545 0.1545 0.1395 0.1395 0.128 0.128 0.103 0.103 0.156 0.156 0.156 0.15 0.15 0.1445 0.1445 0.139 0.139 0.139 0.119 0.119 0.0635 0.0635 0.0565 0.0565 0.0565 0.1339 0.1339 0.029 0.029 0.032 0.032 0.032 0.0445 0.0445 0.0575
0.0795 0.096 0.096 0.103 0.103 0.104 0.104 0.104 0.1115 0.1115 0.121 0.121 0.119 0.119 0.134 0.134 0.134 0.1205 0.1205 0.1035 0.1035 0.1155 0.1155 0.1155 0.128 0.128 0.1485 0.1485 0.151 0.151 0.151 0.148 0.148 0.1465 0.1465 0.146 0.146 0.146 0.1555 0.1555 0.1575 0.1575 0.1685 0.1685 0.1685 0.1485 0.1485 0.1395 0.1395 0.155 0.155 0.201 0.201 0.201 0.146 0.146 0.158 0.158 0.137 0.137 0.137 0.07600001 0.07600001 0.04 0.04 0.015 0.015 0.015 0.0615 0.0615 0.047 0.047 0.0155 0.0155 0.0155 0.1249 0.1249 0.1234
0.0795 0.096 0.096 0.103 0.103 0.104 0.104 0.104 0.1115 0.1115 0.121 0.121 0.119 0.119 0.134 0.134 0.134 0.1205 0.1205 0.1035 0.1035 0.1155 0.1155 0.1155 0.128 0.128 0.1485 0.1485 0.151 0.151 0.151 0.148 0.148 0.1465 0.1465 0.146 0.146 0.146 0.1555 0.1555 0.1575 0.1575 0.1685 0.1685 0.1685 0.1485 0.1485 0.1395 0.1395 0.155 0.155 0.201 0.201 0.201 0.146 0.146 0.158 0.158 0.137 0.137 0.137 0.07600001 0.07600001 0.04 0.04 0.015 0.015 0.015 0.0615 0.0615 0.047 0.047 0.0155 0.0155 0.0155 0.1249 0.1249 0.1234
0.0795 0.096 0.096 0.103 0.103 0.104 0.104 0.104 0.1115 0.1115 0.121 0.121 0.119 0.119 0.134 0.134 0.134 0.1205 0.1205 0.1035 0.1035 0.1155 0.1155 0.1155 0.128 0.128 0.1485 0.1485 0.151 0.151 0.151 0.148 0.148 0.1465 0.1465 0.146 0.146 0.146 0.1555 0.1555 0.1575 0.1575 0.1685 0.1685 0.1685 0.1485 0.1485 0.1395 0.1395 0.155 0.155 0.201 0.201 0.201 0.146 0.146 0.158 0.158 0.137 0.137 0.137 0.07600001 0.07600001 0.04 0.04 0.015 0.015 0.015 0.0615 0.0615 0.047 0.047 0.0155 0.0155 0.0155 0.1249 0.1249 0.1234
0.095 0.113 0.113 0.118 0.118 0.115 0.115 0.115 0.116 0.116 0.113 0.113 0.126 0.126 0.1365 0.1365 0.1365 0.121 0.121 0.0955 0.0955 0.1145 0.1145 0.1145 0.1315 0.1315 0.141 0.141 0.1545 0.1545 0.1545 0.1635 0.1635 0.1815 0.1815 0.165 0.165 0.165 0.1635 0.1635 0.1595 0.1595 0.162 0.162 0.162 0.125 0.125 0.101 0.101 0.144 0.144 0.1495 0.1495 0.1495 0.1355 0.1355 0.108 0.108 0.07 0.07 0.07 0.1524 0.1524 0.065 0.065 0.045 0.045 0.045 0.043 0.043 0.04 0.04 0.09299999 0.09299999 0.09299999 0.0495 0.0495 0.052
0.095 0.113 0.113 0.118 0.118 0.115 0.115 0.115 0.116 0.116 0.113 0.113 0.126 0.126 0.1365 0.1365 0.1365 0.121 0.121 0.0955 0.0955 0.1145 0.1145 0.1145 0.1315 0.1315 0.141 0.141 0.1545 0.1545 0.1545 0.1635 0.1635 0.1815 0.1815 0.165 0.165 0.165 0.1635 0.1635 0.1595 0.1595 0.162 0.162 0.162 0.125 0.125 0.101 0.101 0.144 0.144 0.1495 0.1495 0.1495 0.1355 0.1355 0.108 0.108 0.07 0.07 0.07 0.1524 0.1524 0.065 0.065 0.045 0.045 0.045 0.043 0.043 0.04 0.04 0.09299999 0.09299999 0.09299999 0.0495 0.0495 0.052
0.1365 0.139 0.139 0.13 0.13 0.127 0.127 0.127 0.125 0.125 0.085 0.085 0.1155 0.1155 0.1305 0.1305 0.1305 0.1255 0.1255 0.1295 0.1295 0.1015 0.1015 0.1015 0.136 0.136 0.1485 0.1485 0.1615 0.1615 0.1615 0.172 0.172 0.1605 0.1605 0.1335 0.1335 0.1335 0.145 0.145 0.138 0.138 0.0385 0.0385 0.0385 0.058 0.058 0.164 0.164 0.1415 0.1415 0.1395 0.1395 0.1395 0.1265 0.1265 0.0955 0.0955 0.037 0.037 0.037 0.063 0.063 0.038 0.038 0.0345 0.0345 0.0345 0.0395 0.0395 0.017 0.017 0.0937 0.0937 0.0937 0.0895 0.0895 0.088
0.1365 0.139 0.139 0.13 0.13 0.127 0.127 0.127 0.125 0.125 0.085 0.085 0.1155 0.1155 0.1305 0.1305 0.1305 0.1255 0.1255 0.1295 0.1295 0.1015 0.1015 0.1015 0.136 0.136 0.1485 0.1485 0.1615 0.1615 0.1615 0.172 0.172 0.1605 0.1605 0.1335 0.1335 0.1335 0.145 0.145 0.138 0.138 0.0385 0.0385 0.0385 0.058 0.058 0.164 0.164 0.1415 0.1415 0.1395 0.1395 0.1395 0.1265 0.1265 0.0955 0.0955 0.037 0.037 0.037 0.063 0.063 0.038 0.038 0.0345 0.0345 0.0345 0.0395 0.0395 0.017 0.017 0.0937 0.0937 0.0937 0.0895 0.0895 0.088
0.167 0.1675 0.1675 0.165 0.165 0.12 0.12 0.12 0.1195 0.1195 0.108 0.108 0.148 0.148 0.1475 0.1475 0.1475 0.155 0.155 0.1655 0.1655 0.159 0.159 0.159 0.148 0.148 0.178 0.178 0.16 0.16 0.16 0.136 0.136 0.172 0.172 0.077 0.077 0.077 0.0805 0.0805 0.099 0.099 0.128 0.128 0.128 0.1535 0.1535 0.1375 0.1375 0.132 0.132 0.125 0.125 0.125 0.1075 0.1075 0.101 0.101 0.08149999 0.08149999 0.08149999 0.0835 0.0835 0.0285 0.0285 0.0885 0.0885 0.0885 0.071 0.071 0.0975 0.0975 0.0857 0.0857 0.0857 0.073 0.073 0.0882
0.167 0.1675 0.1675 0.165 0.165 0.12 0.12 0.12 0.1195 0.1195 0.108 0.108 0.148 0.148 0.1475 0.1475 0.1475 0.155 0.155 0.1655 0.1655 0.159 0.159 0.159 0.148 0.148 0.178 0.178 0.16 0.16 0.16 0.136 0.136 0.172 0.172 0.077 0.077 0.077 0.0805 0.0805 0.099 0.099 0.128 0.128 0.128 0.1535 0.1535 0.1375 0.1375 0.132 0.132 0.125 0.125 0.125 0.1075 0.1075 0.101 0.101 0.08149999 0.08149999 0.08149999 0.0835 0.0835 0.0285 0.0285 0.0885 0.0885 0.0885 0.071 0.071 0.0975 0.0975 0.0857 0.0857 0.0857 0.073 0.073 0.0882
0.167 0.1675 0.1675 0.165 0.165 0.12 0.12 0.12 0.1195 0.1195 0.108 0.108 0.148 0.148 0.1475 0.1475 0.1475 0.155 0.155 0.1655 0.1655 0.159 0.159 0.159 0.148 0.148 0.178 0.178 0.16 0.16 0.16 0.136 0.136 0.172 0.172 0.077 0.077 0.077 0.0805 0.0805 0.099 0.099 0.128 0.128 0.128 0.1535 0.1535 0.1375 0.1375 0.132 0.132 0.125 0.125 0.125 0.1075 0.1075 0.101 0.101 0.08149999 0.08149999 0.08149999 0.0835 0.0835 0.0285 0.0285 0.0885 0.0885 0.0885 0.071 0.071 0.0975 0.0975 0.0857 0.0857 0.0857 0.073 0.073 0.0882
0.162 0.171 0.171 0.1575 0.1575 0.1555 0.1555 0.1555 0.1625 0.1625 0.169 0.169 0.1775 0.1775 0.172 0.172 0.172 0.171 0.171 0.153 0.153 0.161 0.161 0.161 0.1645 0.1645 0.16 0.16 0.1925 0.1925 0.1925 0.1945 0.1945 0.1885 0.1885 0.1445 0.1445 0.1445 0.141 0.141 0.1365 0.1365 0.1325 0.1325 0.1325 0.082 0.082 0.083 0.083 0.1185 0.1185 0.108 0.108 0.108 0.1155 0.1155 0.104 0.104 0.106 0.106 0.106 0.1405 0.1405 0.139 0.139 0.1815 0.1815 0.1815 0.1535 0.1535 0.166 0.166 0.1195 0.1195 0.1195 0.0905 0.0905 0.0665
0.162 0.171 0.171 0.1575 0.1575 0.1555 0.1555 0.1555 0.1625 0.1625 0.169 0.169 0.1775 0.1775 0.172 0.172 0.172 0.171 0.171 0.153 0.153 0.161 0.161 0.161 0.1645 0.1645 0.16 0.16 0.1925 0.1925 0.1925 0.1945 0.1945 0.1885 0.1885 0.1445 0.1445 0.1445 0.141 0.141 0.1365 0.1365 0.1325 0.1325 0.1325 0.082 0.082 0.083 0.083 0.1185 0.1185 0.108 0.108 0.108 0.1155 0.1155 0.104 0.104 0.106 0.106 0.106 0.1405 0.1405 0.139 0.139 0.1815 0.1815 0.1815 0.1535 0.1535 0.166 0.166 0.1195 0.1195 0.1195 0.0905 0.0905 0.0665
0.1465 0.172 0.172 0.1825 0.1825 0.1735 0.1735 0.1735 0.1745 0.1745 0.182 0.182 0.1805 0.1805 0.183 0.183 0.183 0.1815 0.1815 0.1605 0.1605 0.1575 0.1575 0.1575 0.1545 0.1545 0.144 0.144 0.1455 0.1455 0.1455 0.141 0.141 0.1755 0.1755 0.1235 0.1235 0.1235 0.1285 0.1285 0.126 0.126 0.134 0.134 0.134 0.108 0.108 0.0855 0.0855 0.141 0.141 0.1575 0.1575 0.1575 0.157 0.157 0.1595 0.1595 0.1725 0.1725 0.1725 0.1665 0.1665 0.1805 0.1805 0.165 0.165 0.165 0.1625 0.1625 0.152 0.152 0.125 0.125 0.125 0.0315 0.0315 0.07449999
0.1465 0.172 0.172 0.1825 0.1825 0.1735 0.1735 0.1735 0.1745 0.1745 0.182 0.182 0.1805 0.1805 0.183 0.183 0.183 0.1815 0.1815 0.1605 0.1605 0.1575 0.1575 0.1575 0.1545 0.1545 0.144 0.144 0.1455 0.1455 0.1455 0.141 0.141 0.1755 0.1755 0.1235 0.1235 0.1235 0.1285 0.1285 0.126 0.126 0.134 0.134 0.134 0.108 0.108 0.0855 0.0855 0.141 0.141 0.1575 0.1575 0.1575 0.157 0.157 0.1595 0.1595 0.1725 0.1725 0.1725 0.1665 0.1665 0.1805 0.1805 0.165 0.165 0.165 0.1625 0.1625 0.152 0.152 0.125 0.125 0.125 0.0315 0.0315 0.07449999
0.181 0.1835 0.1835 0.2015 0.2015 0.194 0.194 0.194 0.185 0.185 0.196 0.196 0.2005 0.2005 0.201 0.201 0.201 0.1955 0.1955 0.17 0.17 0.1545 0.1545 0.1545 0.143 0.143 0.152 0.152 0.14 0.14 0.14 0.113 0.113 0.133 0.133 0.139 0.139 0.139 0.1145 0.1145 0.1145 0.1145 0.094 0.094 0.094 0.09649999 0.09649999 0.1 0.1 0.1055 0.1055 0.148 0.148 0.148 0.179 0.179 0.185 0.185 0.209 0.209 0.209 0.1895 0.1895 0.1885 0.1885 0.1675 0.1675 0.1675 0.1455 0.1455 0.1275 0.1275 0.1559 0.1559 0.1559 0.0657 0.0657 0.048
0.181 0.1835 0.1835 0.2015 0.2015 0.194 0.194 0.194 0.185 0.185 0.196 0.196 0.2005 0.2005 0.201 0.201 0.201 0.1955 0.1955 0.17 0.17 0.1545 0.1545 0.1545 0.143 0.143 0.152 0.152 0.14 0.14 0.14 0.113 0.113 0.133 0.133 0.139 0.139 0.139 0.1145 0.1145 0.1145 0.1145 0.094 0.094 0.094 0.09649999 0.09649999 0.1 0.1 0.1055 0.1055 0.148 0.148 0.148 0.179 0.179 0.185 0.185 0.209 0.209 0.209 0.1895 0.1895 0.1885 0.1885 0.1675 0.1675 0.1675 0.1455 0.1455 0.1275 0.1275 0.1559 0.1559 0.1559 0.0657 0.0657 0.048
0.195 0.1985 0.1985 0.202 0.202 0.193 0.193 0.193 0.198 0.198 0.195 0.195 0.194 0.194 0.203 0.203 0.203 0.2045 0.2045 0.1855 0.1855 0.1635 0.1635 0.1635 0.157 0.157 0.1385 0.1385 0.141 0.141 0.141 0.1115 0.1115 0.1325 0.1325 0.094 0.094 0.094 0.098 0.098 0.106 0.106 0.1045 0.1045 0.1045 0.1415 0.1415 0.0825 0.0825 0.11 0.11 0.144 0.144 0.144 0.1585 0.1585 0.1765 0.1765 0.1775 0.1775 0.1775 0.2005 0.2005 0.1965 0.1965 0.13 0.13 0.13 0.108 0.108 0.097 0.097 0.0817 0.0817 0.0817 0.1119 0.1119 0.0365
0.195 0.1985 0.1985 0.202 0.202 0.193 0.193 0.193 0.198 0.198 0.195 0.195 0.194 0.194 0.203 0.203 0.203 0.2045 0.2045 0.1855 0.1855 0.1635 0.1635 0.1635 0.157 0.157 0.1385 0.1385 0.141 0.141 0.141 0.1115 0.1115 0.1325 0.1325 0.094 0.094 0.094 0.098 0.098 0.106 0.106 0.1045 0.1045 0.1045 0.1415 0.1415 0.0825 0.0825 0.11 0.11 0.144 0.144 0.144 0.1585 0.1585 0.1765 0.1765 0.1775 0.1775 0.1775 0.2005 0.2005 0.1965 0.1965 0.13 0.13 0.13 0.108 0.108 0.097 0.097 0.0817 0.0817 0.0817 0.1119 0.1119 0.0365
0.195 0.1985 0.1985 0.202 0.202 0.193 0.193 0.193 0.198 0.198 0.195 0.195 0.194 0.194 0.203 0.203 0.203 0.2045 0.2045 0.1855 0.1855 0.1635 0.1635 0.1635 0.157 0.157 0.1385 0.1385 0.141 0.141 0.141 0.1115 0.1115 0.1325 0.1325 0.094 0.094 0.094 0.098 0.098 0.106 0.106 0.1045 0.1045 0.1045 0.1415 0.1415 0.0825 0.0825 0.11 0.11 0.144 0.144 0.144 0.1585 0.1585 0.1765 0.1765 0.1775 0.1775 0.1775 0.2005 0.2005 0.1965 0.1965 0.13 0.13 0.13 0.108 0.108 0.097 0.097 0.0817 0.0817 0.0817 0.1119 0.1119 0.0365
0.1845 0.189 0.189 0.1755 0.1755 0.178 0.178 0.178 0.162 0.162 0.1695 0.1695 0.1645 0.1645 0.1925 0.1925 0.1925 0.108 0.108 0.166 0.166 0.166 0.166 0.166 0.168 0.168 0.1545 0.1545 0.155 0.155 0.155 0.158 0.158 0.137 0.137 0.1625 0.1625 0.1625 0.1065 0.1065 0.1355 0.1355 0.1375 0.1375 0.1375 0.124 0.124 0.0885 0.0885 0.0805 0.0805 0.0315 0.0315 0.0315 0.1245 0.1245 0.1615 0.1615 0.1855 0.1855 0.1855 0.181 0.181 0.1635 0.1635 0.1575 0.1575 0.1575 0.1375 0.1375 0.1285 0.1285 0.086 0.086 0.086 0.0155 0.0155 0.0455
0.1845 0.189 0.189 0.1755 0.1755 0.178 0.178 0.178 0.162 0.162 0.1695 0.1695 0.1645 0.1645 0.1925 0.1925 0.1925 0.108 0.108 0.166 0.166 0.166 0.166 0.166 0.168 0.168 0.1545 0.1545 0.155 0.155 0.155 0.158 0.158 0.137 0.137 0.1625 0.1625 0.1625 0.1065 0.1065 0.1355 0.1355 0.1375 0.1375 0.1375 0.124 0.124 0.0885 0.0885 0.0805 0.0805 0.0315 0.0315 0.0315 0.1245 0.1245 0.1615 0.1615 0.1855 0.1855 0.1855 0.181 0.181 0.1635 0.1635 0.1575 0.1575 0.1575 0.1375 0.1375 0.1285 0.1285 0.086 0.086 0.086 0.0155 0.0155 0.0455
0.1635 0.177 0.177 0.29 0.29 0.276 0.276 0.276 0.1755 0.1755 0.1795 0.1795 0.1185 0.1185 0.1075 0.1075 0.1075 0.114 0.114 0.1505 0.1505 0.1485 0.1485 0.1485 0.1595 0.1595 0.173 0.173 0.174 0.174 0.174 0.199 0.199 0.1855 0.1855 0.1485 0.1485 0.1485 0.109 0.109 0.0925 0.0925 0.135 0.135 0.135 0.1105 0.1105 0.065 0.065 0.052 0.052 0.085 0.085 0.085 0.1405 0.1405 0.169 0.169 0.199 0.199 0.199 0.2025 0.2025 0.183 0.183 0.18 0.18 0.18 0.1725 0.1725 0.146 0.146 0.1105 0.1105 0.1105 0.096 0.096 0.0735
0.1635 0.177 0.177 0.29 0.29 0.276 0.276 0.276 0.1755 0.1755 0.1795 0.1795 0.1185 0.1185 0.1075 0.1075 0.1075 0.114 0.114 0.1505 0.1505 0.1485 0.1485 0.1485 0.1595 0.1595 0.173 0.173 0.174 0.174 0.174 0.199 0.199 0.1855 0.1855 0.1485 0.1485 0.1485 0.109 0.109 0.0925 0.0925 0.135 0.135 0.135 0.1105 0.1105 0.065 0.065 0.052 0.052 0.085 0.085 0.085 0.1405 0.1405 0.169 0.169 0.199 0.199 0.199 0.2025 0.2025 0.183 0.183 0.18 0.18 0.18 0.1725 0.1725 0.146 0.146 0.1105 0.1105 0.1105 0.096 0.096 0.0735
0.2005 0.1955 0.1955 0.2735 0.2735 0.2125 0.2125 0.2125 0.186 0.186 0.1865 0.1865 0.1665 0.1665 0.206 0.206 0.206 0.16 0.16 0.1405 0.1405 0.1375 0.1375 0.1375 0.159 0.159 0.1725 0.1725 0.175 0.175 0.175 0.1995 0.1995 0.1855 0.1855 0.175 0.175 0.175 0.1555 0.1555 0.153 0.153 0.1155 0.1155 0.1155 0.0855 0.0855 0.0445 0.0445 0.0575 0.0575 0.131 0.131 0.131 0.1445 0.1445 0.1905 0.1905 0.216 0.216 0.216 0.2055 0.2055 0.1785 0.1785 0.1825 0.1825 0.1825 0.1555 0.1555 0.147 0.147 0.0905 0.0905 0.0905 0.082 0.082 0.09320001
0.2005 0.1955 0.1955 0.2735 0.2735 0.2125 0.2125 0.2125 0.186 0.186 0.1865 0.1865 0.1665 0.1665 0.206 0.206 0.206 0.16 0.16 0.1405 0.1405 0.1375 0.1375 0.1375 0.159 0.159 0.1725 0.1725 0.175 0.175 0.175 0.1995 0.1995 0.1855 0.1855 0.175 0.175 0.175 0.1555 0.1555 0.153 0.153 0.1155 0.1155 0.1155 0.0855 0.0855 0.0445 0.0445 0.0575 0.0575 0.131 0.131 0.131 0.1445 0.1445 0.1905 0.1905 0.216 0.216 0.216 0.2055 0.2055 0.1785 0.1785 0.1825 0.1825 0.1825 0.1555 0.1555 0.147 0.147 0.0905 0.0905 0.0905 0.082 0.082 0.09320001
0.2005 0.1955 0.1955 0.2735 0.2735 0.2125 0.2125 0.2125 0.186 0.186 0.1865 0.1865 0.1665 0.1665 0.206 0.206 0.206 0.16 0.16 0.1405 0.1405 0.1375 0.1375 0.1375 0.159 0.159 0.1725 0.1725 0.175 0.175 0.175 0.1995 0.1995 0.1855 0.1855 0.175 0.175 0.175 0.1555 0.1555 0.153 0.153 0.1155 0.1155 0.1155 0.0855 0.0855 0.0445 0.0445 0.0575 0.0575 0.131 0.131 0.131 0.1445 0.1445 0.1905 0.1905 0.216 0.216 0.216 0.2055 0.2055 0.1785 0.1785 0.1825 0.1825 0.1825 0.1555 0.1555 0.147 0.147 0.0905 0.0905 0.0905 0.082 0.082 0.09320001
0.186 0.197 0.197 0.195 0.195 0.213 0.213 0.213 0.2325 0.2325 0.2265 0.2265 0.2205 0.2205 0.2265 0.2265 0.2265 0.2325 0.2325 0.2005 0.2005 0.119 0.119 0.119 0.154 0.154 0.171 0.171 0.1775 0.1775 0.1775 0.2005 0.2005 0.2125 0.2125 0.217 0.217 0.217 0.1945 0.1945 0.137 0.137 0.1342 0.1342 0.1342 0.162 0.162 0.114 0.114 0.1435 0.1435 0.172 0.172 0.172 0.1615 0.1615 0.183 0.183 0.178 0.178 0.178 0.188 0.188 0.1895 0.1895 0.1705 0.1705 0.1705 0.18 0.18 0.1565 0.1565 0.1465 0.1465 0.1465 0.098 0.098 0.0775
