ndvi/NOAA-254.asc
ncols         252
nrows         154
xllcorner     -18.017974
yllcorner     13.481982
cellsize      0.035948
NODATA_value  -9999
[rows 68 to 101 of 154, columns 0 to 77 of 252]
-1 -1 -1 -1 -1 -1 -1 -1 -1 -1 -1 -1 -1 -1 -1 -1 -1 -1 -1 -1 -1 -1 -1 -1 -1 -1 -1 -1 -1 -1 -1 -1 -1 -1 -1 -1 -1 -1 -1 0.2095 0.2095 0.2095 0.236 0.236 0.387 0.387 0.4005 0.4005 0.4005 0.3225 0.3225 0.304 0.304 0.272 0.272 0.288 0.288 0.288 0.3855 0.3855 0.3535 0.3535 0.3535 0.3535 0.3535 0.3515 0.3515 0.312 0.312 0.215 0.215 0.215 0.208 0.208 0.212 0.212 0.202 0.202
-1 -1 -1 -1 -1 -1 -1 -1 -1 -1 -1 -1 -1 -1 -1 -1 -1 -1 -1 -1 -1 -1 -1 -1 -1 -1 -1 -1 -1 -1 -1 -1 -1 -1 -1 -1 -1 -1 -1 0.2285 0.2285 0.2285 0.2745 0.2745 0.3925 0.3925 0.314 0.314 0.314 0.321 0.321 0.3025 0.3025 0.2555 0.2555 0.2075 0.2075 0.2075 0.356 0.356 0.3555 0.3555 0.3555 0.3555 0.3555 0.295 0.295 0.2365 0.2365 0.211 0.211 0.211 0.1975 0.1975 0.196 0.196 0.2005 0.2005
-1 -1 -1 -1 -1 -1 -1 -1 -1 -1 -1 -1 -1 -1 -1 -1 -1 -1 -1 -1 -1 -1 -1 -1 -1 -1 -1 -1 -1 -1 -1 -1 -1 -1 -1 -1 -1 -1 -1 0.2285 0.2285 0.2285 0.2745 0.2745 0.3925 0.3925 0.314 0.314 0.314 0.321 0.321 0.3025 0.3025 0.2555 0.2555 0.2075 0.2075 0.2075 0.356 0.356 0.3555 0.3555 0.3555 0.3555 0.3555 0.295 0.295 0.2365 0.2365 0.211 0.211 0.211 0.1975 0.1975 0.196 0.196 0.2005 0.2005
-1 -1 -1 -1 -1 -1 -1 -1 -1 -1 -1 -1 -1 -1 -1 -1 -1 -1 -1 -1 -1 -1 -1 -1 -1 -1 -1 -1 -1 -1 -1 -1 -1 -1 -1 -1 -1 0.09900001 0.09900001 0.1685 0.1685 0.1685 0.4115 0.4115 0.2805 0.2805 0.2815 0.2815 0.2815 0.2755 0.2755 0.2435 0.2435 0.2265 0.2265 0.2465 0.2465 0.2465 0.256 0.256 0.276 0.276 0.276 0.276 0.276 0.2295 0.2295 0.2345 0.2345 0.2155 0.2155 0.2155 0.2195 0.2195 0.222 0.222 0.214 0.214
-1 -1 -1 -1 -1 -1 -1 -1 -1 -1 -1 -1 -1 -1 -1 -1 -1 -1 -1 -1 -1 -1 -1 -1 -1 -1 -1 -1 -1 -1 -1 -1 -1 -1 -1 -1 -1 0.09900001 0.09900001 0.1685 0.1685 0.1685 0.4115 0.4115 0.2805 0.2805 0.2815 0.2815 0.2815 0.2755 0.2755 0.2435 0.2435 0.2265 0.2265 0.2465 0.2465 0.2465 0.256 0.256 0.276 0.276 0.276 0.276 0.276 0.2295 0.2295 0.2345 0.2345 0.2155 0.2155 0.2155 0.2195 0.2195 0.222 0.222 0.214 0.214
-1 -1 -1 -1 -1 -1 -1 -1 -1 -1 -1 -1 -1 -1 -1 -1 -1 -1 -1 -1 -1 -1 -1 -1 -1 -1 -1 -1 -1 -1 -1 -1 -1 -1 -1 -1 -1 0.09900001 0.09900001 0.1685 0.1685 0.1685 0.4115 0.4115 0.2805 0.2805 0.2815 0.2815 0.2815 0.2755 0.2755 0.2435 0.2435 0.2265 0.2265 0.2465 0.2465 0.2465 0.256 0.256 0.276 0.276 0.276 0.276 0.276 0.2295 0.2295 0.2345 0.2345 0.2155 0.2155 0.2155 0.2195 0.2195 0.222 0.222 0.214 0.214
-1 -1 -1 -1 -1 -1 -1 -1 -1 -1 -1 -1 -1 -1 -1 -1 -1 -1 -1 -1 -1 -1 -1 -1 -1 -1 -1 -1 -1 -1 -1 -1 -1 -1 -1 -1 -1 0.0245 0.0245 0.1835 0.1835 0.1835 0.299 0.299 0.2995 0.2995 0.245 0.245 0.245 0.2395 0.2395 0.222 0.222 0.168 0.168 0.2165 0.2165 0.2165 0.2385 0.2385 0.234 0.234 0.234 0.234 0.234 0.228 0.228 0.234 0.234 0.217 0.217 0.217 0.215 0.215 0.224 0.224 0.2225 0.2225
-1 -1 -1 -1 -1 -1 -1 -1 -1 -1 -1 -1 -1 -1 -1 -1 -1 -1 -1 -1 -1 -1 -1 -1 -1 -1 -1 -1 -1 -1 -1 -1 -1 -1 -1 -1 -1 0.0245 0.0245 0.1835 0.1835 0.1835 0.299 0.299 0.2995 0.2995 0.245 0.245 0.245 0.2395 0.2395 0.222 0.222 0.168 0.168 0.2165 0.2165 0.2165 0.2385 0.2385 0.234 0.234 0.234 0.234 0.234 0.228 0.228 0.234 0.234 0.217 0.217 0.217 0.215 0.215 0.224 0.224 0.2225 0.2225
-1 -1 -1 -1 -1 -1 -1 -1 -1 -1 -1 -1 -1 -1 -1 -1 -1 -1 -1 -1 -1 -1 -1 -1 -1 -1 -1 -1 -1 -1 -1 -1 -1 -1 -1 -1 -1 0.0175 0.0175 0.187 0.187 0.187 0.2685 0.2685 0.267 0.267 0.224 0.224 0.224 0.2195 0.2195 0.233 0.233 0.238 0.238 0.244 0.244 0.244 0.236 0.236 0.228 0.228 0.228 0.228 0.228 0.2335 0.2335 0.225 0.225 0.2265 0.2265 0.2265 0.218 0.218 0.2215 0.2215 0.2135 0.2135
-1 -1 -1 -1 -1 -1 -1 -1 -1 -1 -1 -1 -1 -1 -1 -1 -1 -1 -1 -1 -1 -1 -1 -1 -1 -1 -1 -1 -1 -1 -1 -1 -1 -1 -1 -1 -1 0.0175 0.0175 0.187 0.187 0.187 0.2685 0.2685 0.267 0.267 0.224 0.224 0.224 0.2195 0.2195 0.233 0.233 0.238 0.238 0.244 0.244 0.244 0.236 0.236 0.228 0.228 0.228 0.228 0.228 0.2335 0.2335 0.225 0.225 0.2265 0.2265 0.2265 0.218 0.218 0.2215 0.2215 0.2135 0.2135
-1 -1 -1 -1 -1 -1 -1 -1 -1 -1 -1 -1 -1 -1 -1 -1 -1 -1 -1 -1 -1 -1 -1 -1 -1 -1 -1 -1 -1 -1 -1 -1 -1 -1 -1 -1 -1 0.0635 0.0635 0.2235 0.2235 0.2235 0.2415 0.2415 0.244 0.244 0.233 0.233 0.233 0.2315 0.2315 0.226 0.226 0.229 0.229 0.25 0.25 0.25 0.2295 0.2295 0.213 0.213 0.213 0.213 0.213 0.2125 0.2125 0.223 0.223 0.226 0.226 0.226 0.2235 0.2235 0.2115 0.2115 0.218 0.218
-1 -1 -1 -1 -1 -1 -1 -1 -1 -1 -1 -1 -1 -1 -1 -1 -1 -1 -1 -1 -1 -1 -1 -1 -1 -1 -1 -1 -1 -1 -1 -1 -1 -1 -1 -1 -1 0.0635 0.0635 0.2235 0.2235 0.2235 0.2415 0.2415 0.244 0.244 0.233 0.233 0.233 0.2315 0.2315 0.226 0.226 0.229 0.229 0.25 0.25 0.25 0.2295 0.2295 0.213 0.213 0.213 0.213 0.213 0.2125 0.2125 0.223 0.223 0.226 0.226 0.226 0.2235 0.2235 0.2115 0.2115 0.218 0.218
-1 -1 -1 -1 -1 -1 -1 -1 -1 -1 -1 -1 -1 -1 -1 -1 -1 -1 -1 -1 -1 -1 -1 -1 -1 -1 -1 -1 -1 -1 -1 -1 -1 -1 -1 -1 -1 0.07799999 0.07799999 0.206 0.206 0.206 0.2455 0.2455 0.236 0.236 0.2255 0.2255 0.2255 0.216 0.216 0.2245 0.2245 0.2395 0.2395 0.2405 0.2405 0.2405 0.2225 0.2225 0.215 0.215 0.215 0.215 0.215 0.2085 0.2085 0.2225 0.2225 0.22 0.22 0.22 0.2295 0.2295 0.2275 0.2275 0.2115 0.2115
-1 -1 -1 -1 -1 -1 -1 -1 -1 -1 -1 -1 -1 -1 -1 -1 -1 -1 -1 -1 -1 -1 -1 -1 -1 -1 -1 -1 -1 -1 -1 -1 -1 -1 -1 -1 -1 0.07799999 0.07799999 0.206 0.206 0.206 0.2455 0.2455 0.236 0.236 0.2255 0.2255 0.2255 0.216 0.216 0.2245 0.2245 0.2395 0.2395 0.2405 0.2405 0.2405 0.2225 0.2225 0.215 0.215 0.215 0.215 0.215 0.2085 0.2085 0.2225 0.2225 0.22 0.22 0.22 0.2295 0.2295 0.2275 0.2275 0.2115 0.2115
-1 -1 -1 -1 -1 -1 -1 -1 -1 -1 -1 -1 -1 -1 -1 -1 -1 -1 -1 -1 -1 -1 -1 -1 -1 -1 -1 -1 -1 -1 -1 -1 -1 -1 -1 -1 -1 0.07799999 0.07799999 0.206 0.206 0.206 0.2455 0.2455 0.236 0.236 0.2255 0.2255 0.2255 0.216 0.216 0.2245 0.2245 0.2395 0.2395 0.2405 0.2405 0.2405 0.2225 0.2225 0.215 0.215 0.215 0.215 0.215 0.2085 0.2085 0.2225 0.2225 0.22 0.22 0.22 0.2295 0.2295 0.2275 0.2275 0.2115 0.2115
-1 -1 -1 -1 -1 -1 -1 -1 -1 -1 -1 -1 -1 -1 -1 -1 -1 -1 -1 -1 -1 -1 -1 -1 -1 -1 -1 -1 -1 -1 -1 -1 -1 -1 -1 -1 -1 0.0885 0.0885 0.2115 0.2115 0.2115 0.25 0.25 0.222 0.222 0.224 0.224 0.224 0.226 0.226 0.2365 0.2365 0.237 0.237 0.239 0.239 0.239 0.231 0.231 0.222 0.222 0.222 0.222 0.222 0.213 0.213 0.2205 0.2205 0.226 0.226 0.226 0.2295 0.2295 0.235 0.235 0.225 0.225
-1 -1 -1 -1 -1 -1 -1 -1 -1 -1 -1 -1 -1 -1 -1 -1 -1 -1 -1 -1 -1 -1 -1 -1 -1 -1 -1 -1 -1 -1 -1 -1 -1 -1 -1 -1 -1 0.0885 0.0885 0.2115 0.2115 0.2115 0.25 0.25 0.222 0.222 0.224 0.224 0.224 0.226 0.226 0.2365 0.2365 0.237 0.237 0.239 0.239 0.239 0.231 0.231 0.222 0.222 0.222 0.222 0.222 0.213 0.213 0.2205 0.2205 0.226 0.226 0.226 0.2295 0.2295 0.235 0.235 0.225 0.225
-1 -1 -1 -1 -1 -1 -1 -1 -1 -1 -1 -1 -1 -1 -1 -1 -1 -1 -1 -1 -1 -1 -1 -1 -1 -1 -1 -1 -1 -1 -1 -1 -1 -1 -1 -1 -1 0.1135 0.1135 0.26 0.26 0.26 0.2475 0.2475 0.2195 0.2195 0.222 0.222 0.222 0.217 0.217 0.226 0.226 0.24 0.24 0.2315 0.2315 0.2315 0.2325 0.2325 0.236 0.236 0.236 0.236 0.236 0.23 0.23 0.236 0.236 0.226 0.226 0.226 0.2285 0.2285 0.2435 0.2435 0.2245 0.2245
-1 -1 -1 -1 -1 -1 -1 -1 -1 -1 -1 -1 -1 -1 -1 -1 -1 -1 -1 -1 -1 -1 -1 -1 -1 -1 -1 -1 -1 -1 -1 -1 -1 -1 -1 -1 -1 0.1135 0.1135 0.26 0.26 0.26 0.2475 0.2475 0.2195 0.2195 0.222 0.222 0.222 0.217 0.217 0.226 0.226 0.24 0.24 0.2315 0.2315 0.2315 0.2325 0.2325 0.236 0.236 0.236 0.236 0.236 0.23 0.23 0.236 0.236 0.226 0.226 0.226 0.2285 0.2285 0.2435 0.2435 0.2245 0.2245
-1 -1 -1 -1 -1 -1 -1 -1 -1 -1 -1 -1 -1 -1 -1 -1 -1 -1 -1 -1 -1 -1 -1 -1 -1 -1 -1 -1 -1 -1 -1 -1 -1 -1 -1 0.0241 0.0241 0.251 0.251 0.2565 0.2565 0.2565 0.2355 0.2355 0.2235 0.2235 0.224 0.224 0.224 0.226 0.226 0.2245 0.2245 0.23 0.23 0.235 0.235 0.235 0.2455 0.2455 0.245 0.245 0.245 0.245 0.245 0.25 0.25 0.248 0.248 0.245 0.245 0.245 0.2375 0.2375 0.241 0.241 0.2355 0.2355
-1 -1 -1 -1 -1 -1 -1 -1 -1 -1 -1 -1 -1 -1 -1 -1 -1 -1 -1 -1 -1 -1 -1 -1 -1 -1 -1 -1 -1 -1 -1 -1 -1 -1 -1 0.0241 0.0241 0.251 0.251 0.2565 0.2565 0.2565 0.2355 0.2355 0.2235 0.2235 0.224 0.224 0.224 0.226 0.226 0.2245 0.2245 0.23 0.23 0.235 0.235 0.235 0.2455 0.2455 0.245 0.245 0.245 0.245 0.245 0.25 0.25 0.248 0.248 0.245 0.245 0.245 0.2375 0.2375 0.241 0.241 0.2355 0.2355
-1 -1 -1 -1 -1 -1 -1 -1 -1 -1 -1 -1 -1 -1 -1 -1 -1 -1 -1 -1 -1 -1 -1 -1 -1 -1 -1 -1 -1 -1 -1 -1 -1 -1 -1 0.0241 0.0241 0.251 0.251 0.2565 0.2565 0.2565 0.2355 0.2355 0.2235 0.2235 0.224 0.224 0.224 0.226 0.226 0.2245 0.2245 0.23 0.23 0.235 0.235 0.235 0.2455 0.2455 0.245 0.245 0.245 0.245 0.245 0.25 0.25 0.248 0.248 0.245 0.245 0.245 0.2375 0.2375 0.241 0.241 0.2355 0.2355
-1 -1 -1 -1 -1 -1 -1 -1 -1 -1 -1 -1 -1 -1 -1 -1 -1 -1 -1 -1 -1 -1 -1 -1 -1 -1 -1 -1 -1 -1 -1 -1 -1 -1 -1 0.1235 0.1235 0.2415 0.2415 0.241 0.241 0.241 0.233 0.233 0.224 0.224 0.227 0.227 0.227 0.242 0.242 0.2385 0.2385 0.236 0.236 0.235 0.235 0.235 0.244 0.244 0.2395 0.2395 0.2395 0.2395 0.2395 0.2435 0.2435 0.239 0.239 0.2375 0.2375 0.2375 0.2195 0.2195 0.2195 0.2195 0.2215 0.2215
-1 -1 -1 -1 -1 -1 -1 -1 -1 -1 -1 -1 -1 -1 -1 -1 -1 -1 -1 -1 -1 -1 -1 -1 -1 -1 -1 -1 -1 -1 -1 -1 -1 -1 -1 0.1235 0.1235 0.2415 0.2415 0.241 0.241 0.241 0.233 0.233 0.224 0.224 0.227 0.227 0.227 0.242 0.242 0.2385 0.2385 0.236 0.236 0.235 0.235 0.235 0.244 0.244 0.2395 0.2395 0.2395 0.2395 0.2395 0.2435 0.2435 0.239 0.239 0.2375 0.2375 0.2375 0.2195 0.2195 0.2195 0.2195 0.2215 0.2215
-1 -1 -1 -1 -1 -1 -1 -1 -1 -1 -1 -1 -1 -1 -1 -1 -1 -1 -1 -1 -1 -1 -1 -1 -1 -1 -1 -1 -1 -1 -1 -1 0.0645 0.0645 0.0645 0.241 0.241 0.2395 0.2395 0.2335 0.2335 0.2335 0.2295 0.2295 0.219 0.219 0.2325 0.2325 0.2325 0.2405 0.2405 0.243 0.243 0.2375 0.2375 0.239 0.239 0.239 0.2465 0.2465 0.253 0.253 0.253 0.253 0.253 0.2575 0.2575 0.2475 0.2475 0.235 0.235 0.235 0.2315 0.2315 0.2255 0.2255 0.234 0.234
-1 -1 -1 -1 -1 -1 -1 -1 -1 -1 -1 -1 -1 -1 -1 -1 -1 -1 -1 -1 -1 -1 -1 -1 -1 -1 -1 -1 -1 -1 -1 -1 0.0645 0.0645 0.0645 0.241 0.241 0.2395 0.2395 0.2335 0.2335 0.2335 0.2295 0.2295 0.219 0.219 0.2325 0.2325 0.2325 0.2405 0.2405 0.243 0.243 0.2375 0.2375 0.239 0.239 0.239 0.2465 0.2465 0.253 0.253 0.253 0.253 0.253 0.2575 0.2575 0.2475 0.2475 0.235 0.235 0.235 0.2315 0.2315 0.2255 0.2255 0.234 0.234
-1 -1 -1 -1 -1 -1 -1 -1 -1 -1 -1 -1 -1 -1 -1 -1 -1 -1 -1 -1 -1 -1 -1 -1 -1 -1 -1 -1 -1 -1 0.0316 0.0316 0.243 0.243 0.243 0.2435 0.2435 0.2275 0.2275 0.2255 0.2255 0.2255 0.222 0.222 0.235 0.235 0.248 0.248 0.248 0.24 0.24 0.2435 0.2435 0.2515 0.2515 0.248 0.248 0.248 0.254 0.254 0.2605 0.2605 0.2605 0.2605 0.2605 0.2635 0.2635 0.2585 0.2585 0.2515 0.2515 0.2515 0.2365 0.2365 0.228 0.228 0.2085 0.2085
-1 -1 -1 -1 -1 -1 -1 -1 -1 -1 -1 -1 -1 -1 -1 -1 -1 -1 -1 -1 -1 -1 -1 -1 -1 -1 -1 -1 -1 -1 0.0316 0.0316 0.243 0.243 0.243 0.2435 0.2435 0.2275 0.2275 0.2255 0.2255 0.2255 0.222 0.222 0.235 0.235 0.248 0.248 0.248 0.24 0.24 0.2435 0.2435 0.2515 0.2515 0.248 0.248 0.248 0.254 0.254 0.2605 0.2605 0.2605 0.2605 0.2605 0.2635 0.2635 0.2585 0.2585 0.2515 0.2515 0.2515 0.2365 0.2365 0.228 0.228 0.2085 0.2085
-1 -1 -1 -1 -1 -1 -1 -1 -1 -1 -1 -1 -1 -1 -1 -1 -1 -1 -1 -1 -1 -1 -1 -1 -1 -1 -1 -1 -1 -1 0.0316 0.0316 0.243 0.243 0.243 0.2435 0.2435 0.2275 0.2275 0.2255 0.2255 0.2255 0.222 0.222 0.235 0.235 0.248 0.248 0.248 0.24 0.24 0.2435 0.2435 0.2515 0.2515 0.248 0.248 0.248 0.254 0.254 0.2605 0.2605 0.2605 0.2605 0.2605 0.2635 0.2635 0.2585 0.2585 0.2515 0.2515 0.2515 0.2365 0.2365 0.228 0.228 0.2085 0.2085
-1 -1 -1 -1 -1 -1 -1 -1 -1 -1 -1 -1 -1 -1 -1 -1 -1 -1 -1 -1 -1 -1 -1 -1 -1 -1 -1 -1 -1 -1 0.12 0.12 0.252 0.252 0.252 0.254 0.254 0.237 0.237 0.2265 0.2265 0.2265 0.229 0.229 0.242 0.242 0.241 0.241 0.241 0.238 0.238 0.235 0.235 0.2455 0.2455 0.2355 0.2355 0.2355 0.2385 0.2385 0.251 0.251 0.251 0.251 0.251 0.256 0.256 0.243 0.243 0.236 0.236 0.236 0.236 0.236 0.2265 0.2265 0.221 0.221
-1 -1 -1 -1 -1 -1 -1 -1 -1 -1 -1 -1 -1 -1 -1 -1 -1 -1 -1 -1 -1 -1 -1 -1 -1 -1 -1 -1 -1 -1 0.12 0.12 0.252 0.252 0.252 0.254 0.254 0.237 0.237 0.2265 0.2265 0.2265 0.229 0.229 0.242 0.242 0.241 0.241 0.241 0.238 0.238 0.235 0.235 0.2455 0.2455 0.2355 0.2355 0.2355 0.2385 0.2385 0.251 0.251 0.251 0.251 0.251 0.256 0.256 0.243 0.243 0.236 0.236 0.236 0.236 0.236 0.2265 0.2265 0.221 0.221
-1 -1 -1 -1 -1 -1 -1 -1 -1 -1 -1 -1 -1 -1 -1 -1 -1 -1 -1 -1 -1 -1 -1 -1 -1 -1 -1 -1 0.0255 0.0255 0.2655 0.2655 0.2665 0.2665 0.2665 0.263 0.263 0.2455 0.2455 0.2405 0.2405 0.2405 0.24 0.24 0.241 0.241 0.245 0.245 0.245 0.236 0.236 0.2485 0.2485 0.258 0.258 0.261 0.261 0.261 0.2585 0.2585 0.2595 0.2595 0.2595 0.2595 0.2595 0.255 0.255 0.2435 0.2435 0.2335 0.2335 0.2335 0.2165 0.2165 0.2145 0.2145 0.2245 0.2245
-1 -1 -1 -1 -1 -1 -1 -1 -1 -1 -1 -1 -1 -1 -1 -1 -1 -1 -1 -1 -1 -1 -1 -1 -1 -1 -1 -1 0.0255 0.0255 0.2655 0.2655 0.2665 0.2665 0.2665 0.263 0.263 0.2455 0.2455 0.2405 0.2405 0.2405 0.24 0.24 0.241 0.241 0.245 0.245 0.245 0.236 0.236 0.2485 0.2485 0.258 0.258 0.261 0.261 0.261 0.2585 0.2585 0.2595 0.2595 0.2595 0.2595 0.2595 0.255 0.255 0.2435 0.2435 0.2335 0.2335 0.2335 0.2165 0.2165 0.2145 0.2145 0.2245 0.2245
-1 -1 -1 -1 -1 -1 -1 -1 -1 -1 -1 -1 -1 -1 -1 -1 -1 -1 -1 -1 -1 -1 -1 -1 -1 0.0275 0.0275 0.0275 0.164 0.164 0.2745 0.2745 0.2715 0.2715 0.2715 0.254 0.254 0.2475 0.2475 0.2515 0.2515 0.2515 0.2505 0.2505 0.25 0.25 0.2425 0.2425 0.2425 0.243 0.243 0.2475 0.2475 0.234 0.234 0.247 0.247 0.247 0.2365 0.2365 0.2525 0.2525 0.2525 0.2525 0.2525 0.2595 0.2595 0.26 0.26 0.2305 0.2305 0.2305 0.2265 0.2265 0.2215 0.2215 0.207 0.207
