ndvi/NOAA-195.asc
ncols         252
nrows         154
xllcorner     -18.017974
yllcorner     13.481982
cellsize      0.035948
NODATA_value  -9999
[rows 34 to 67 of 154, columns 77 to 153 of 252]
0.125 0.125 0.127 0.127 0.126 0.126 0.1255 0.1255 0.1255 0.1255 0.1255 0.1315 0.1315 0.1315 0.1315 0.141 0.141 0.141 0.138 0.138 0.134 0.134 0.1345 0.1345 0.1345 0.136 0.136 0.1385 0.1385 0.1385 0.1385 0.1385 0.1445 0.1445 0.142 0.142 0.1405 0.1405 0.1405 0.1455 0.1455 0.14 0.14 0.1465 0.1465 0.1465 0.1465 0.1465 0.145 0.145 0.145 0.145 0.146 0.146 0.146 0.141 0.141 0.148 0.148 0.1455 0.1455 0.1455 0.1575 0.1575 0.1575 0.1575 0.154 0.154 0.154 0.149 0.149 0.1315 0.1315 0.1125 0.1125 0.1125 0.121
0.125 0.125 0.127 0.127 0.126 0.126 0.1255 0.1255 0.1255 0.1255 0.1255 0.1315 0.1315 0.1315 0.1315 0.141 0.141 0.141 0.138 0.138 0.134 0.134 0.1345 0.1345 0.1345 0.136 0.136 0.1385 0.1385 0.1385 0.1385 0.1385 0.1445 0.1445 0.142 0.142 0.1405 0.1405 0.1405 0.1455 0.1455 0.14 0.14 0.1465 0.1465 0.1465 0.1465 0.1465 0.145 0.145 0.145 0.145 0.146 0.146 0.146 0.141 0.141 0.148 0.148 0.1455 0.1455 0.1455 0.1575 0.1575 0.1575 0.1575 0.154 0.154 0.154 0.149 0.149 0.1315 0.1315 0.1125 0.1125 0.1125 0.121
0.125 0.125 0.127 0.127 0.126 0.126 0.1255 0.1255 0.1255 0.1255 0.1255 0.1315 0.1315 0.1315 0.1315 0.141 0.141 0.141 0.138 0.138 0.134 0.134 0.1345 0.1345 0.1345 0.136 0.136 0.1385 0.1385 0.1385 0.1385 0.1385 0.1445 0.1445 0.142 0.142 0.1405 0.1405 0.1405 0.1455 0.1455 0.14 0.14 0.1465 0.1465 0.1465 0.1465 0.1465 0.145 0.145 0.145 0.145 0.146 0.146 0.146 0.141 0.141 0.148 0.148 0.1455 0.1455 0.1455 0.1575 0.1575 0.1575 0.1575 0.154 0.154 0.154 0.149 0.149 0.1315 0.1315 0.1125 0.1125 0.1125 0.121
0.1315 0.1315 0.1335 0.1335 0.1375 0.1375 0.135 0.135 0.135 0.1345 0.1345 0.1415 0.1415 0.139 0.139 0.141 0.141 0.141 0.137 0.137 0.1395 0.1395 0.138 0.138 0.138 0.141 0.141 0.14 0.14 0.148 0.148 0.148 0.1455 0.1455 0.1495 0.1495 0.1445 0.1445 0.1445 0.147 0.147 0.1475 0.1475 0.152 0.152 0.152 0.1465 0.1465 0.151 0.151 0.154 0.154 0.1545 0.1545 0.1545 0.16 0.16 0.1845 0.1845 0.176 0.176 0.176 0.164 0.164 0.171 0.171 0.16 0.16 0.16 0.1505 0.1505 0.1295 0.1295 0.121 0.121 0.121 0.1165
0.1315 0.1315 0.1335 0.1335 0.1375 0.1375 0.135 0.135 0.135 0.1345 0.1345 0.1415 0.1415 0.139 0.139 0.141 0.141 0.141 0.137 0.137 0.1395 0.1395 0.138 0.138 0.138 0.141 0.141 0.14 0.14 0.148 0.148 0.148 0.1455 0.1455 0.1495 0.1495 0.1445 0.1445 0.1445 0.147 0.147 0.1475 0.1475 0.152 0.152 0.152 0.1465 0.1465 0.151 0.151 0.154 0.154 0.1545 0.1545 0.1545 0.16 0.16 0.1845 0.1845 0.176 0.176 0.176 0.164 0.164 0.171 0.171 0.16 0.16 0.16 0.1505 0.1505 0.1295 0.1295 0.121 0.121 0.121 0.1165
0.133 0.133 0.1315 0.1315 0.133 0.133 0.1315 0.1315 0.1315 0.1345 0.1345 0.1375 0.1375 0.1515 0.1515 0.148 0.148 0.148 0.1305 0.1305 0.132 0.132 0.147 0.147 0.147 0.1515 0.1515 0.15 0.15 0.1565 0.1565 0.1565 0.154 0.154 0.155 0.155 0.1545 0.1545 0.1545 0.1505 0.1505 0.1485 0.1485 0.169 0.169 0.169 0.1695 0.1695 0.171 0.171 0.1695 0.1695 0.2075 0.2075 0.2075 0.179 0.179 0.182 0.182 0.173 0.173 0.173 0.1695 0.1695 0.1595 0.1595 0.1495 0.1495 0.1495 0.146 0.146 0.1065 0.1065 0.1095 0.1095 0.1095 0.129
0.133 0.133 0.1315 0.1315 0.133 0.133 0.1315 0.1315 0.1315 0.1345 0.1345 0.1375 0.1375 0.1515 0.1515 0.148 0.148 0.148 0.1305 0.1305 0.132 0.132 0.147 0.147 0.147 0.1515 0.1515 0.15 0.15 0.1565 0.1565 0.1565 0.154 0.154 0.155 0.155 0.1545 0.1545 0.1545 0.1505 0.1505 0.1485 0.1485 0.169 0.169 0.169 0.1695 0.1695 0.171 0.171 0.1695 0.1695 0.2075 0.2075 0.2075 0.179 0.179 0.182 0.182 0.173 0.173 0.173 0.1695 0.1695 0.1595 0.1595 0.1495 0.1495 0.1495 0.146 0.146 0.1065 0.1065 0.1095 0.1095 0.1095 0.129
0.137 0.137 0.132 0.132 0.129 0.129 0.1365 0.1365 0.1365 0.1345 0.1345 0.142 0.142 0.1465 0.1465 0.1545 0.1545 0.1545 0.133 0.133 0.135 0.135 0.142 0.142 0.142 0.1565 0.1565 0.164 0.164 0.1645 0.1645 0.1645 0.1605 0.1605 0.1585 0.1585 0.1605 0.1605 0.1605 0.157 0.157 0.171 0.171 0.181 0.181 0.181 0.1705 0.1705 0.1655 0.1655 0.1805 0.1805 0.2075 0.2075 0.2075 0.181 0.181 0.1915 0.1915 0.168 0.168 0.168 0.1595 0.1595 0.151 0.151 0.123 0.123 0.123 0.1365 0.1365 0.1245 0.1245 0.1185 0.1185 0.1185 0.1235
0.137 0.137 0.132 0.132 0.129 0.129 0.1365 0.1365 0.1365 0.1345 0.1345 0.142 0.142 0.1465 0.1465 0.1545 0.1545 0.1545 0.133 0.133 0.135 0.135 0.142 0.142 0.142 0.1565 0.1565 0.164 0.164 0.1645 0.1645 0.1645 0.1605 0.1605 0.1585 0.1585 0.1605 0.1605 0.1605 0.157 0.157 0.171 0.171 0.181 0.181 0.181 0.1705 0.1705 0.1655 0.1655 0.1805 0.1805 0.2075 0.2075 0.2075 0.181 0.181 0.1915 0.1915 0.168 0.168 0.168 0.1595 0.1595 0.151 0.151 0.123 0.123 0.123 0.1365 0.1365 0.1245 0.1245 0.1185 0.1185 0.1185 0.1235
0.137 0.137 0.132 0.132 0.129 0.129 0.1365 0.1365 0.1365 0.1345 0.1345 0.142 0.142 0.1465 0.1465 0.1545 0.1545 0.1545 0.133 0.133 0.135 0.135 0.142 0.142 0.142 0.1565 0.1565 0.164 0.164 0.1645 0.1645 0.1645 0.1605 0.1605 0.1585 0.1585 0.1605 0.1605 0.1605 0.157 0.157 0.171 0.171 0.181 0.181 0.181 0.1705 0.1705 0.1655 0.1655 0.1805 0.1805 0.2075 0.2075 0.2075 0.181 0.181 0.1915 0.1915 0.168 0.168 0.168 0.1595 0.1595 0.151 0.151 0.123 0.123 0.123 0.1365 0.1365 0.1245 0.1245 0.1185 0.1185 0.1185 0.1235
0.1525 0.1525 0.1395 0.1395 0.1345 0.1345 0.1345 0.1345 0.1345 0.1335 0.1335 0.137 0.137 0.1485 0.1485 0.1535 0.1535 0.1535 0.1535 0.1535 0.1345 0.1345 0.1445 0.1445 0.1445 0.156 0.156 0.1605 0.1605 0.1655 0.1655 0.1655 0.1775 0.1775 0.1735 0.1735 0.1835 0.1835 0.1835 0.182 0.182 0.1695 0.1695 0.164 0.164 0.164 0.1615 0.1615 0.162 0.162 0.156 0.156 0.182 0.182 0.182 0.18 0.18 0.1665 0.1665 0.149 0.149 0.149 0.147 0.147 0.128 0.128 0.125 0.125 0.125 0.1275 0.1275 0.1085 0.1085 0.1065 0.1065 0.1065 0.1
0.1525 0.1525 0.1395 0.1395 0.1345 0.1345 0.1345 0.1345 0.1345 0.1335 0.1335 0.137 0.137 0.1485 0.1485 0.1535 0.1535 0.1535 0.1535 0.1535 0.1345 0.1345 0.1445 0.1445 0.1445 0.156 0.156 0.1605 0.1605 0.1655 0.1655 0.1655 0.1775 0.1775 0.1735 0.1735 0.1835 0.1835 0.1835 0.182 0.182 0.1695 0.1695 0.164 0.164 0.164 0.1615 0.1615 0.162 0.162 0.156 0.156 0.182 0.182 0.182 0.18 0.18 0.1665 0.1665 0.149 0.149 0.149 0.147 0.147 0.128 0.128 0.125 0.125 0.125 0.1275 0.1275 0.1085 0.1085 0.1065 0.1065 0.1065 0.1
0.1525 0.1525 0.1525 0.1525 0.1445 0.1445 0.1375 0.1375 0.1375 0.1355 0.1355 0.133 0.133 0.1375 0.1375 0.1465 0.1465 0.1465 0.156 0.156 0.1545 0.1545 0.1455 0.1455 0.1455 0.152 0.152 0.1635 0.1635 0.1765 0.1765 0.1765 0.2075 0.2075 0.215 0.215 0.186 0.186 0.186 0.1405 0.1405 0.137 0.137 0.1535 0.1535 0.1535 0.166 0.166 0.182 0.182 0.177 0.177 0.1665 0.1665 0.1665 0.16 0.16 0.1605 0.1605 0.1525 0.1525 0.1525 0.1495 0.1495 0.142 0.142 0.1365 0.1365 0.1365 0.136 0.136 0.1325 0.1325 0.1125 0.1125 0.1125 0.1095
0.1525 0.1525 0.1525 0.1525 0.1445 0.1445 0.1375 0.1375 0.1375 0.1355 0.1355 0.133 0.133 0.1375 0.1375 0.1465 0.1465 0.1465 0.156 0.156 0.1545 0.1545 0.1455 0.1455 0.1455 0.152 0.152 0.1635 0.1635 0.1765 0.1765 0.1765 0.2075 0.2075 0.215 0.215 0.186 0.186 0.186 0.1405 0.1405 0.137 0.137 0.1535 0.1535 0.1535 0.166 0.166 0.182 0.182 0.177 0.177 0.1665 0.1665 0.1665 0.16 0.16 0.1605 0.1605 0.1525 0.1525 0.1525 0.1495 0.1495 0.142 0.142 0.1365 0.1365 0.1365 0.136 0.136 0.1325 0.1325 0.1125 0.1125 0.1125 0.1095
0.172 0.172 0.1515 0.1515 0.151 0.151 0.143 0.143 0.143 0.1385 0.1385 0.1295 0.1295 0.143 0.143 0.17 0.17 0.17 0.169 0.169 0.1735 0.1735 0.1755 0.1755 0.1755 0.1805 0.1805 0.196 0.196 0.1935 0.1935 0.1935 0.2155 0.2155 0.2135 0.2135 0.16 0.16 0.16 0.1455 0.1455 0.1455 0.1455 0.1595 0.1595 0.1595 0.1715 0.1715 0.1715 0.1715 0.166 0.166 0.169 0.169 0.169 0.1545 0.1545 0.1575 0.1575 0.15 0.15 0.15 0.1585 0.1585 0.152 0.152 0.1525 0.1525 0.1525 0.157 0.157 0.1535 0.1535 0.117 0.117 0.117 0.1185
0.172 0.172 0.1515 0.1515 0.151 0.151 0.143 0.143 0.143 0.1385 0.1385 0.1295 0.1295 0.143 0.143 0.17 0.17 0.17 0.169 0.169 0.1735 0.1735 0.1755 0.1755 0.1755 0.1805 0.1805 0.196 0.196 0.1935 0.1935 0.1935 0.2155 0.2155 0.2135 0.2135 0.16 0.16 0.16 0.1455 0.1455 0.1455 0.1455 0.1595 0.1595 0.1595 0.1715 0.1715 0.1715 0.1715 0.166 0.166 0.169 0.169 0.169 0.1545 0.1545 0.1575 0.1575 0.15 0.15 0.15 0.1585 0.1585 0.152 0.152 0.1525 0.1525 0.1525 0.157 0.157 0.1535 0.1535 0.117 0.117 0.117 0.1185
0.172 0.172 0.1515 0.1515 0.151 0.151 0.143 0.143 0.143 0.1385 0.1385 0.1295 0.1295 0.143 0.143 0.17 0.17 0.17 0.169 0.169 0.1735 0.1735 0.1755 0.1755 0.1755 0.1805 0.1805 0.196 0.196 0.1935 0.1935 0.1935 0.2155 0.2155 0.2135 0.2135 0.16 0.16 0.16 0.1455 0.1455 0.1455 0.1455 0.1595 0.1595 0.1595 0.1715 0.1715 0.1715 0.1715 0.166 0.166 0.169 0.169 0.169 0.1545 0.1545 0.1575 0.1575 0.15 0.15 0.15 0.1585 0.1585 0.152 0.152 0.1525 0.1525 0.1525 0.157 0.157 0.1535 0.1535 0.117 0.117 0.117 0.1185
0.161 0.161 0.1675 0.1675 0.172 0.172 0.176 0.176 0.176 0.171 0.171 0.182 0.182 0.1865 0.1865 0.1835 0.1835 0.1835 0.186 0.186 0.1885 0.1885 0.1885 0.1885 0.1885 0.1865 0.1865 0.19 0.19 0.1845 0.1845 0.1845 0.169 0.169 0.186 0.186 0.1755 0.1755 0.1755 0.131 0.131 0.1315 0.1315 0.136 0.136 0.136 0.1635 0.1635 0.138 0.138 0.1605 0.1605 0.1675 0.1675 0.1675 0.165 0.165 0.158 0.158 0.1605 0.1605 0.1605 0.177 0.177 0.173 0.173 0.1655 0.1655 0.1655 0.178 0.178 0.1835 0.1835 0.149 0.149 0.149 0.108
0.161 0.161 0.1675 0.1675 0.172 0.172 0.176 0.176 0.176 0.171 0.171 0.182 0.182 0.1865 0.1865 0.1835 0.1835 0.1835 0.186 0.186 0.1885 0.1885 0.1885 0.1885 0.1885 0.1865 0.1865 0.19 0.19 0.1845 0.1845 0.1845 0.169 0.169 0.186 0.186 0.1755 0.1755 0.1755 0.131 0.131 0.1315 0.1315 0.136 0.136 0.136 0.1635 0.1635 0.138 0.138 0.1605 0.1605 0.1675 0.1675 0.1675 0.165 0.165 0.158 0.158 0.1605 0.1605 0.1605 0.177 0.177 0.173 0.173 0.1655 0.1655 0.1655 0.178 0.178 0.1835 0.1835 0.149 0.149 0.149 0.108
0.172 0.172 0.1715 0.1715 0.182 0.182 0.1795 0.1795 0.1795 0.19 0.19 0.191 0.191 0.192 0.192 0.1935 0.1935 0.1935 0.1915 0.1915 0.1965 0.1965 0.191 0.191 0.191 0.192 0.192 0.182 0.182 0.1775 0.1775 0.1775 0.1465 0.1465 0.2065 0.2065 0.183 0.183 0.183 0.1725 0.1725 0.1345 0.1345 0.1365 0.1365 0.1365 0.1275 0.1275 0.132 0.132 0.166 0.166 0.1725 0.1725 0.1725 0.1795 0.1795 0.193 0.193 0.208 0.208 0.208 0.2135 0.2135 0.207 0.207 0.1835 0.1835 0.1835 0.1785 0.1785 0.182 0.182 0.1595 0.1595 0.1595 0.0995
0.172 0.172 0.1715 0.1715 0.182 0.182 0.1795 0.1795 0.1795 0.19 0.19 0.191 0.191 0.192 0.192 0.1935 0.1935 0.1935 0.1915 0.1915 0.1965 0.1965 0.191 0.191 0.191 0.192 0.192 0.182 0.182 0.1775 0.1775 0.1775 0.1465 0.1465 0.2065 0.2065 0.183 0.183 0.183 0.1725 0.1725 0.1345 0.1345 0.1365 0.1365 0.1365 0.1275 0.1275 0.132 0.132 0.166 0.166 0.1725 0.1725 0.1725 0.1795 0.1795 0.193 0.193 0.208 0.208 0.208 0.2135 0.2135 0.207 0.207 0.1835 0.1835 0.1835 0.1785 0.1785 0.182 0.182 0.1595 0.1595 0.1595 0.0995
0.1985 0.1985 0.203 0.203 0.1905 0.1905 0.1935 0.1935 0.1935 0.1985 0.1985 0.198 0.198 0.207 0.207 0.2085 0.2085 0.2085 0.2015 0.2015 0.193 0.193 0.1935 0.1935 0.1935 0.181 0.181 0.1775 0.1775 0.173 0.173 0.173 0.1615 0.1615 0.1745 0.1745 0.1685 0.1685 0.1685 0.1595 0.1595 0.1255 0.1255 0.128 0.128 0.128 0.135 0.135 0.1405 0.1405 0.1745 0.1745 0.1845 0.1845 0.1845 0.2115 0.2115 0.2135 0.2135 0.223 0.223 0.223 0.218 0.218 0.219 0.219 0.192 0.192 0.192 0.1725 0.1725 0.1465 0.1465 0.142 0.142 0.142 0.1085
0.1985 0.1985 0.203 0.203 0.1905 0.1905 0.1935 0.1935 0.1935 0.1985 0.1985 0.198 0.198 0.207 0.207 0.2085 0.2085 0.2085 0.2015 0.2015 0.193 0.193 0.1935 0.1935 0.1935 0.181 0.181 0.1775 0.1775 0.173 0.173 0.173 0.1615 0.1615 0.1745 0.1745 0.1685 0.1685 0.1685 0.1595 0.1595 0.1255 0.1255 0.128 0.128 0.128 0.135 0.135 0.1405 0.1405 0.1745 0.1745 0.1845 0.1845 0.1845 0.2115 0.2115 0.2135 0.2135 0.223 0.223 0.223 0.218 0.218 0.219 0.219 0.192 0.192 0.192 0.1725 0.1725 0.1465 0.1465 0.142 0.142 0.142 0.1085
0.1985 0.1985 0.2025 0.2025 0.2075 0.2075 0.2 0.2 0.2 0.2025 0.2025 0.1975 0.1975 0.2055 0.2055 0.2115 0.2115 0.2115 0.205 0.205 0.1935 0.1935 0.1885 0.1885 0.1885 0.1765 0.1765 0.188 0.188 0.1795 0.1795 0.1795 0.1565 0.1565 0.1755 0.1755 0.1605 0.1605 0.1605 0.161 0.161 0.1495 0.1495 0.156 0.156 0.156 0.134 0.134 0.127 0.127 0.145 0.145 0.176 0.176 0.176 0.2015 0.2015 0.2095 0.2095 0.2285 0.2285 0.2285 0.2265 0.2265 0.2195 0.2195 0.1865 0.1865 0.1865 0.1615 0.1615 0.1535 0.1535 0.1275 0.1275 0.1275 0.099
0.1985 0.1985 0.2025 0.2025 0.2075 0.2075 0.2 0.2 0.2 0.2025 0.2025 0.1975 0.1975 0.2055 0.2055 0.2115 0.2115 0.2115 0.205 0.205 0.1935 0.1935 0.1885 0.1885 0.1885 0.1765 0.1765 0.188 0.188 0.1795 0.1795 0.1795 0.1565 0.1565 0.1755 0.1755 0.1605 0.1605 0.1605 0.161 0.161 0.1495 0.1495 0.156 0.156 0.156 0.134 0.134 0.127 0.127 0.145 0.145 0.176 0.176 0.176 0.2015 0.2015 0.2095 0.2095 0.2285 0.2285 0.2285 0.2265 0.2265 0.2195 0.2195 0.1865 0.1865 0.1865 0.1615 0.1615 0.1535 0.1535 0.1275 0.1275 0.1275 0.099
0.1985 0.1985 0.2025 0.2025 0.2075 0.2075 0.2 0.2 0.2 0.2025 0.2025 0.1975 0.1975 0.2055 0.2055 0.2115 0.2115 0.2115 0.205 0.205 0.1935 0.1935 0.1885 0.1885 0.1885 0.1765 0.1765 0.188 0.188 0.1795 0.1795 0.1795 0.1565 0.1565 0.1755 0.1755 0.1605 0.1605 0.1605 0.161 0.161 0.1495 0.1495 0.156 0.156 0.156 0.134 0.134 0.127 0.127 0.145 0.145 0.176 0.176 0.176 0.2015 0.2015 0.2095 0.2095 0.2285 0.2285 0.2285 0.2265 0.2265 0.2195 0.2195 0.1865 0.1865 0.1865 0.1615 0.1615 0.1535 0.1535 0.1275 0.1275 0.1275 0.099
0.2035 0.2035 0.1955 0.1955 0.2045 0.2045 0.2045 0.2045 0.2045 0.203 0.203 0.1935 0.1935 0.1895 0.1895 0.199 0.199 0.199 0.1465 0.1465 0.1865 0.1865 0.202 0.202 0.202 0.2035 0.2035 0.2065 0.2065 0.197 0.197 0.197 0.1985 0.1985 0.1975 0.1975 0.1865 0.1865 0.1865 0.1655 0.1655 0.1405 0.1405 0.1685 0.1685 0.1685 0.161 0.161 0.1205 0.1205 0.106 0.106 0.0985 0.0985 0.0985 0.123 0.123 0.18 0.18 0.2155 0.2155 0.2155 0.217 0.217 0.2115 0.2115 0.205 0.205 0.205 0.1945 0.1945 0.1905 0.1905 0.132 0.132 0.132 0.111
0.2035 0.2035 0.1955 0.1955 0.2045 0.2045 0.2045 0.2045 0.2045 0.203 0.203 0.1935 0.1935 0.1895 0.1895 0.199 0.199 0.199 0.1465 0.1465 0.1865 0.1865 0.202 0.202 0.202 0.2035 0.2035 0.2065 0.2065 0.197 0.197 0.197 0.1985 0.1985 0.1975 0.1975 0.1865 0.1865 0.1865 0.1655 0.1655 0.1405 0.1405 0.1685 0.1685 0.1685 0.161 0.161 0.1205 0.1205 0.106 0.106 0.0985 0.0985 0.0985 0.123 0.123 0.18 0.18 0.2155 0.2155 0.2155 0.217 0.217 0.2115 0.2115 0.205 0.205 0.205 0.1945 0.1945 0.1905 0.1905 0.132 0.132 0.132 0.111
0.1875 0.1875 0.202 0.202 0.2305 0.2305 0.234 0.234 0.234 0.2195 0.2195 0.217 0.217 0.195 0.195 0.166 0.166 0.166 0.1495 0.1495 0.1675 0.1675 0.1745 0.1745 0.1745 0.199 0.199 0.2115 0.2115 0.2075 0.2075 0.2075 0.203 0.203 0.206 0.206 0.1915 0.1915 0.1915 0.174 0.174 0.1255 0.1255 0.1445 0.1445 0.1445 0.1425 0.1425 0.1155 0.1155 0.1105 0.1105 0.115 0.115 0.115 0.1485 0.1485 0.17 0.17 0.211 0.211 0.211 0.21 0.21 0.205 0.205 0.2005 0.2005 0.2005 0.186 0.186 0.1755 0.1755 0.144 0.144 0.144 0.1195
0.1875 0.1875 0.202 0.202 0.2305 0.2305 0.234 0.234 0.234 0.2195 0.2195 0.217 0.217 0.195 0.195 0.166 0.166 0.166 0.1495 0.1495 0.1675 0.1675 0.1745 0.1745 0.1745 0.199 0.199 0.2115 0.2115 0.2075 0.2075 0.2075 0.203 0.203 0.206 0.206 0.1915 0.1915 0.1915 0.174 0.174 0.1255 0.1255 0.1445 0.1445 0.1445 0.1425 0.1425 0.1155 0.1155 0.1105 0.1105 0.115 0.115 0.115 0.1485 0.1485 0.17 0.17 0.211 0.211 0.211 0.21 0.21 0.205 0.205 0.2005 0.2005 0.2005 0.186 0.186 0.1755 0.1755 0.144 0.144 0.144 0.1195
0.194 0.194 0.217 0.217 0.203 0.203 0.2245 0.2245 0.2245 0.211 0.211 0.222 0.222 0.2055 0.2055 0.207 0.207 0.207 0.2015 0.2015 0.2095 0.2095 0.1965 0.1965 0.1965 0.1945 0.1945 0.2185 0.2185 0.201 0.201 0.201 0.204 0.204 0.1915 0.1915 0.184 0.184 0.184 0.162 0.162 0.1655 0.1655 0.121 0.121 0.121 0.1165 0.1165 0.1085 0.1085 0.103 0.103 0.1335 0.1335 0.1335 0.158 0.158 0.1675 0.1675 0.2135 0.2135 0.2135 0.208 0.208 0.212 0.212 0.2045 0.2045 0.2045 0.191 0.191 0.186 0.186 0.1485 0.1485 0.1485 0.125
0.194 0.194 0.217 0.217 0.203 0.203 0.2245 0.2245 0.2245 0.211 0.211 0.222 0.222 0.2055 0.2055 0.207 0.207 0.207 0.2015 0.2015 0.2095 0.2095 0.1965 0.1965 0.1965 0.1945 0.1945 0.2185 0.2185 0.201 0.201 0.201 0.204 0.204 0.1915 0.1915 0.184 0.184 0.184 0.162 0.162 0.1655 0.1655 0.121 0.121 0.121 0.1165 0.1165 0.1085 0.1085 0.103 0.103 0.1335 0.1335 0.1335 0.158 0.158 0.1675 0.1675 0.2135 0.2135 0.2135 0.208 0.208 0.212 0.212 0.2045 0.2045 0.2045 0.191 0.191 0.186 0.186 0.1485 0.1485 0.1485 0.125
0.194 0.194 0.217 0.217 0.203 0.203 0.2245 0.2245 0.2245 0.211 0.211 0.222 0.222 0.2055 0.2055 0.207 0.207 0.207 0.2015 0.2015 0.2095 0.2095 0.1965 0.1965 0.1965 0.1945 0.1945 0.2185 0.2185 0.201 0.201 0.201 0.204 0.204 0.1915 0.1915 0.184 0.184 0.184 0.162 0.162 0.1655 0.1655 0.121 0.121 0.121 0.1165 0.1165 0.1085 0.1085 0.103 0.103 0.1335 0.1335 0.1335 0.158 0.158 0.1675 0.1675 0.2135 0.2135 0.2135 0.208 0.208 0.212 0.212 0.2045 0.2045 0.2045 0.191 0.191 0.186 0.186 0.1485 0.1485 0.1485 0.125
0.171 0.171 0.185 0.185 0.1855 0.1855 0.1915 0.1915 0.1915 0.1975 0.1975 0.209 0.209 0.205 0.205 0.2215 0.2215 0.2215 0.1925 0.1925 0.2125 0.2125 0.215 0.215 0.215 0.195 0.195 0.2115 0.2115 0.2 0.2 0.2 0.194 0.194 0.1915 0.1915 0.19 0.19 0.19 0.182 0.182 0.172 0.172 0.157 0.157 0.157 0.1265 0.1265 0.1595 0.1595 0.156 0.156 0.1755 0.1755 0.1755 0.1685 0.1685 0.1715 0.1715 0.2005 0.2005 0.2005 0.1985 0.1985 0.206 0.206 0.183 0.183 0.183 0.189 0.189 0.173 0.173 0.155 0.155 0.155 0.1155
