ndvi/NOAA-20.asc
ncols         252
nrows         154
xllcorner     -18.017974
yllcorner     13.481982
cellsize      0.035948
NODATA_value  -9999
[rows 102 to 135 of 154, columns 0 to 76 of 252]
-1 -1 -1 -1 -1 -1 -1 -1 -1 -1 -1 -1 -1 -1 -1 -1 -1 -1 -1 -1 -1 -1 -1 -1 -1 0.0466 0.0466 0.0466 0.0985 0.0985 0.2785 0.2785 0.279 0.279 0.279 0.261 0.261 0.2515 0.2515 0.2515 0.2515 0.2515 0.261 0.261 0.252 0.252 0.2555 0.2555 0.2555 0.311 0.311 0.339 0.339 0.372 0.372 0.3525 0.3525 0.3525 0.349 0.349 0.366 0.366 0.366 0.366 0.366 0.3645 0.3645 0.3545 0.3545 0.3335 0.3335 0.3335 0.32 0.32 0.3115 0.3115 0.292
-1 -1 -1 -1 -1 -1 -1 -1 -1 -1 -1 -1 -1 -1 -1 -1 -1 -1 -1 -1 -1 -1 -1 0.0147 0.0147 0.156 0.156 0.156 0.292 0.292 0.2565 0.2565 0.242 0.242 0.242 0.245 0.245 0.271 0.271 0.267 0.267 0.267 0.284 0.284 0.301 0.301 0.2955 0.2955 0.2955 0.2825 0.2825 0.3015 0.3015 0.317 0.317 0.2835 0.2835 0.2835 0.3105 0.3105 0.349 0.349 0.349 0.349 0.349 0.352 0.352 0.374 0.374 0.3715 0.3715 0.3715 0.3415 0.3415 0.305 0.305 0.3215
-1 -1 -1 -1 -1 -1 -1 -1 -1 -1 -1 -1 -1 -1 -1 -1 -1 -1 -1 -1 -1 -1 -1 0.0147 0.0147 0.156 0.156 0.156 0.292 0.292 0.2565 0.2565 0.242 0.242 0.242 0.245 0.245 0.271 0.271 0.267 0.267 0.267 0.284 0.284 0.301 0.301 0.2955 0.2955 0.2955 0.2825 0.2825 0.3015 0.3015 0.317 0.317 0.2835 0.2835 0.2835 0.3105 0.3105 0.349 0.349 0.349 0.349 0.349 0.352 0.352 0.374 0.374 0.3715 0.3715 0.3715 0.3415 0.3415 0.305 0.305 0.3215
-1 -1 -1 -1 -1 -1 -1 -1 -1 -1 -1 -1 -1 -1 -1 -1 -1 -1 -1 -1 -1 -1 -1 0.0147 0.0147 0.156 0.156 0.156 0.292 0.292 0.2565 0.2565 0.242 0.242 0.242 0.245 0.245 0.271 0.271 0.267 0.267 0.267 0.284 0.284 0.301 0.301 0.2955 0.2955 0.2955 0.2825 0.2825 0.3015 0.3015 0.317 0.317 0.2835 0.2835 0.2835 0.3105 0.3105 0.349 0.349 0.349 0.349 0.349 0.352 0.352 0.374 0.374 0.3715 0.3715 0.3715 0.3415 0.3415 0.305 0.305 0.3215
-1 -1 -1 -1 -1 -1 -1 -1 -1 -1 -1 -1 -1 -1 -1 -1 -1 -1 -1 -1 -1 0.0532 0.0532 0.134 0.134 0.279 0.279 0.279 0.258 0.258 0.257 0.257 0.223 0.223 0.223 0.2565 0.2565 0.275 0.275 0.2835 0.2835 0.2835 0.2825 0.2825 0.2805 0.2805 0.2895 0.2895 0.2895 0.291 0.291 0.3065 0.3065 0.296 0.296 0.3115 0.3115 0.3115 0.326 0.326 0.336 0.336 0.336 0.336 0.336 0.3395 0.3395 0.3285 0.3285 0.3295 0.3295 0.3295 0.339 0.339 0.3225 0.3225 0.2795
-1 -1 -1 -1 -1 -1 -1 -1 -1 -1 -1 -1 -1 -1 -1 -1 -1 -1 -1 -1 -1 0.0532 0.0532 0.134 0.134 0.279 0.279 0.279 0.258 0.258 0.257 0.257 0.223 0.223 0.223 0.2565 0.2565 0.275 0.275 0.2835 0.2835 0.2835 0.2825 0.2825 0.2805 0.2805 0.2895 0.2895 0.2895 0.291 0.291 0.3065 0.3065 0.296 0.296 0.3115 0.3115 0.3115 0.326 0.326 0.336 0.336 0.336 0.336 0.336 0.3395 0.3395 0.3285 0.3285 0.3295 0.3295 0.3295 0.339 0.339 0.3225 0.3225 0.2795
-1 -1 -1 -1 -1 -1 -1 -1 -1 -1 -1 -1 -1 -1 -1 -1 -1 -1 -1 -1 -1 0.111 0.111 0.3 0.3 0.3495 0.3495 0.3495 0.312 0.312 0.2525 0.2525 0.2585 0.2585 0.2585 0.271 0.271 0.274 0.274 0.287 0.287 0.287 0.307 0.307 0.3115 0.3115 0.2965 0.2965 0.2965 0.29 0.29 0.325 0.325 0.3215 0.3215 0.305 0.305 0.305 0.321 0.321 0.331 0.331 0.331 0.331 0.331 0.33 0.33 0.371 0.371 0.3565 0.3565 0.3565 0.3245 0.3245 0.3055 0.3055 0.291
-1 -1 -1 -1 -1 -1 -1 -1 -1 -1 -1 -1 -1 -1 -1 -1 -1 -1 -1 -1 -1 0.111 0.111 0.3 0.3 0.3495 0.3495 0.3495 0.312 0.312 0.2525 0.2525 0.2585 0.2585 0.2585 0.271 0.271 0.274 0.274 0.287 0.287 0.287 0.307 0.307 0.3115 0.3115 0.2965 0.2965 0.2965 0.29 0.29 0.325 0.325 0.3215 0.3215 0.305 0.305 0.305 0.321 0.321 0.331 0.331 0.331 0.331 0.331 0.33 0.33 0.371 0.371 0.3565 0.3565 0.3565 0.3245 0.3245 0.3055 0.3055 0.291
-1 -1 -1 -1 -1 -1 -1 -1 -1 -1 -1 -1 -1 -1 -1 -1 -1 -1 0.1432 0.1432 0.1432 0.289 0.289 0.2905 0.2905 0.32 0.32 0.32 0.32 0.32 0.2935 0.2935 0.28 0.28 0.28 0.3045 0.3045 0.313 0.313 0.2975 0.2975 0.2975 0.3165 0.3165 0.3615 0.3615 0.343 0.343 0.343 0.3265 0.3265 0.332 0.332 0.3175 0.3175 0.299 0.299 0.299 0.316 0.316 0.3525 0.3525 0.3525 0.3525 0.3525 0.3405 0.3405 0.3545 0.3545 0.3455 0.3455 0.3455 0.314 0.314 0.311 0.311 0.3345
-1 -1 -1 -1 -1 -1 -1 -1 -1 -1 -1 -1 -1 -1 -1 -1 -1 -1 0.1432 0.1432 0.1432 0.289 0.289 0.2905 0.2905 0.32 0.32 0.32 0.32 0.32 0.2935 0.2935 0.28 0.28 0.28 0.3045 0.3045 0.313 0.313 0.2975 0.2975 0.2975 0.3165 0.3165 0.3615 0.3615 0.343 0.343 0.343 0.3265 0.3265 0.332 0.332 0.3175 0.3175 0.299 0.299 0.299 0.316 0.316 0.3525 0.3525 0.3525 0.3525 0.3525 0.3405 0.3405 0.3545 0.3545 0.3455 0.3455 0.3455 0.314 0.314 0.311 0.311 0.3345
-1 -1 -1 -1 -1 -1 -1 -1 -1 -1 -1 -1 -1 -1 -1 -1 -1 -1 0.1432 0.1432 0.1432 0.289 0.289 0.2905 0.2905 0.32 0.32 0.32 0.32 0.32 0.2935 0.2935 0.28 0.28 0.28 0.3045 0.3045 0.313 0.313 0.2975 0.2975 0.2975 0.3165 0.3165 0.3615 0.3615 0.343 0.343 0.343 0.3265 0.3265 0.332 0.332 0.3175 0.3175 0.299 0.299 0.299 0.316 0.316 0.3525 0.3525 0.3525 0.3525 0.3525 0.3405 0.3405 0.3545 0.3545 0.3455 0.3455 0.3455 0.314 0.314 0.311 0.311 0.3345
-1 -1 -1 -1 -1 -1 -1 -1 -1 -1 -1 -1 -1 -1 -1 -1 0.2102 0.2102 0.339 0.339 0.339 0.3325 0.3325 0.325 0.325 0.278 0.278 0.278 0.269 0.269 0.342 0.342 0.348 0.348 0.348 0.344 0.344 0.312 0.312 0.302 0.302 0.302 0.308 0.308 0.303 0.303 0.3185 0.3185 0.3185 0.309 0.309 0.3125 0.3125 0.294 0.294 0.314 0.314 0.314 0.3035 0.3035 0.297 0.297 0.297 0.297 0.297 0.305 0.305 0.3485 0.3485 0.314 0.314 0.314 0.3235 0.3235 0.3055 0.3055 0.3215
-1 -1 -1 -1 -1 -1 -1 -1 -1 -1 -1 -1 -1 -1 -1 -1 0.2102 0.2102 0.339 0.339 0.339 0.3325 0.3325 0.325 0.325 0.278 0.278 0.278 0.269 0.269 0.342 0.342 0.348 0.348 0.348 0.344 0.344 0.312 0.312 0.302 0.302 0.302 0.308 0.308 0.303 0.303 0.3185 0.3185 0.3185 0.309 0.309 0.3125 0.3125 0.294 0.294 0.314 0.314 0.314 0.3035 0.3035 0.297 0.297 0.297 0.297 0.297 0.305 0.305 0.3485 0.3485 0.314 0.314 0.314 0.3235 0.3235 0.3055 0.3055 0.3215
-1 -1 -1 -1 -1 -1 -1 -1 -1 -1 -1 -1 0.1542 0.1542 0.2012 0.2012 0.1355 0.1355 0.375 0.375 0.375 0.3715 0.3715 0.3785 0.3785 0.3545 0.3545 0.3545 0.31 0.31 0.3015 0.3015 0.3105 0.3105 0.3105 0.3385 0.3385 0.3815 0.3815 0.3465 0.3465 0.3465 0.3335 0.3335 0.3 0.3 0.289 0.289 0.289 0.289 0.289 0.2665 0.2665 0.281 0.281 0.2835 0.2835 0.2835 0.2895 0.2895 0.2845 0.2845 0.2845 0.2845 0.2845 0.301 0.301 0.323 0.323 0.3325 0.3325 0.3325 0.305 0.305 0.3315 0.3315 0.39
-1 -1 -1 -1 -1 -1 -1 -1 -1 -1 -1 -1 0.1542 0.1542 0.2012 0.2012 0.1355 0.1355 0.375 0.375 0.375 0.3715 0.3715 0.3785 0.3785 0.3545 0.3545 0.3545 0.31 0.31 0.3015 0.3015 0.3105 0.3105 0.3105 0.3385 0.3385 0.3815 0.3815 0.3465 0.3465 0.3465 0.3335 0.3335 0.3 0.3 0.289 0.289 0.289 0.289 0.289 0.2665 0.2665 0.281 0.281 0.2835 0.2835 0.2835 0.2895 0.2895 0.2845 0.2845 0.2845 0.2845 0.2845 0.301 0.301 0.323 0.323 0.3325 0.3325 0.3325 0.305 0.305 0.3315 0.3315 0.39
-1 -1 -1 -1 -1 -1 -1 -1 -1 0.094 0.094 0.094 0.1175 0.1175 0.1151 0.1151 0.1075 0.1075 0.0845 0.0845 0.0845 0.379 0.379 0.414 0.414 0.3265 0.3265 0.3265 0.304 0.304 0.312 0.312 0.3115 0.3115 0.3115 0.326 0.326 0.365 0.365 0.397 0.397 0.397 0.3555 0.3555 0.3415 0.3415 0.272 0.272 0.272 0.2945 0.2945 0.2725 0.2725 0.2845 0.2845 0.274 0.274 0.274 0.279 0.279 0.2635 0.2635 0.2635 0.2635 0.2635 0.3195 0.3195 0.3005 0.3005 0.302 0.302 0.302 0.297 0.297 0.3215 0.3215 0.422
-1 -1 -1 -1 -1 -1 -1 -1 -1 0.094 0.094 0.094 0.1175 0.1175 0.1151 0.1151 0.1075 0.1075 0.0845 0.0845 0.0845 0.379 0.379 0.414 0.414 0.3265 0.3265 0.3265 0.304 0.304 0.312 0.312 0.3115 0.3115 0.3115 0.326 0.326 0.365 0.365 0.397 0.397 0.397 0.3555 0.3555 0.3415 0.3415 0.272 0.272 0.272 0.2945 0.2945 0.2725 0.2725 0.2845 0.2845 0.274 0.274 0.274 0.279 0.279 0.2635 0.2635 0.2635 0.2635 0.2635 0.3195 0.3195 0.3005 0.3005 0.302 0.302 0.302 0.297 0.297 0.3215 0.3215 0.422
-1 -1 -1 -1 -1 -1 -1 -1 -1 0.094 0.094 0.094 0.1175 0.1175 0.1151 0.1151 0.1075 0.1075 0.0845 0.0845 0.0845 0.379 0.379 0.414 0.414 0.3265 0.3265 0.3265 0.304 0.304 0.312 0.312 0.3115 0.3115 0.3115 0.326 0.326 0.365 0.365 0.397 0.397 0.397 0.3555 0.3555 0.3415 0.3415 0.272 0.272 0.272 0.2945 0.2945 0.2725 0.2725 0.2845 0.2845 0.274 0.274 0.274 0.279 0.279 0.2635 0.2635 0.2635 0.2635 0.2635 0.3195 0.3195 0.3005 0.3005 0.302 0.302 0.302 0.297 0.297 0.3215 0.3215 0.422
-1 -1 -1 -1 -1 -1 -1 -1 -1 -1 -1 -1 0.0782 0.0782 0.0782 0.0782 0.1042 0.1042 0.0601 0.0601 0.0601 0.274 0.274 0.3965 0.3965 0.391 0.391 0.391 0.3 0.3 0.294 0.294 0.294 0.294 0.294 0.3045 0.3045 0.3215 0.3215 0.4215 0.4215 0.4215 0.3615 0.3615 0.3235 0.3235 0.3345 0.3345 0.3345 0.273 0.273 0.269 0.269 0.263 0.263 0.2615 0.2615 0.2615 0.284 0.284 0.279 0.279 0.279 0.279 0.279 0.2835 0.2835 0.3135 0.3135 0.3275 0.3275 0.3275 0.294 0.294 0.3405 0.3405 0.3925
-1 -1 -1 -1 -1 -1 -1 -1 -1 -1 -1 -1 0.0782 0.0782 0.0782 0.0782 0.1042 0.1042 0.0601 0.0601 0.0601 0.274 0.274 0.3965 0.3965 0.391 0.391 0.391 0.3 0.3 0.294 0.294 0.294 0.294 0.294 0.3045 0.3045 0.3215 0.3215 0.4215 0.4215 0.4215 0.3615 0.3615 0.3235 0.3235 0.3345 0.3345 0.3345 0.273 0.273 0.269 0.269 0.263 0.263 0.2615 0.2615 0.2615 0.284 0.284 0.279 0.279 0.279 0.279 0.279 0.2835 0.2835 0.3135 0.3135 0.3275 0.3275 0.3275 0.294 0.294 0.3405 0.3405 0.3925
-1 -1 -1 -1 -1 -1 -1 -1 -1 -1 -1 -1 -1 -1 -1 -1 -1 -1 0.0737 0.0737 0.0737 0.1665 0.1665 0.3305 0.3305 0.378 0.378 0.378 0.3405 0.3405 0.352 0.352 0.3215 0.3215 0.3215 0.3235 0.3235 0.385 0.385 0.383 0.383 0.383 0.358 0.358 0.34 0.34 0.36 0.36 0.36 0.2715 0.2715 0.268 0.268 0.2705 0.2705 0.287 0.287 0.287 0.307 0.307 0.2775 0.2775 0.2775 0.2775 0.2775 0.3095 0.3095 0.312 0.312 0.297 0.297 0.297 0.2765 0.2765 0.3125 0.3125 0.3585
-1 -1 -1 -1 -1 -1 -1 -1 -1 -1 -1 -1 -1 -1 -1 -1 -1 -1 0.0737 0.0737 0.0737 0.1665 0.1665 0.3305 0.3305 0.378 0.378 0.378 0.3405 0.3405 0.352 0.352 0.3215 0.3215 0.3215 0.3235 0.3235 0.385 0.385 0.383 0.383 0.383 0.358 0.358 0.34 0.34 0.36 0.36 0.36 0.2715 0.2715 0.268 0.268 0.2705 0.2705 0.287 0.287 0.287 0.307 0.307 0.2775 0.2775 0.2775 0.2775 0.2775 0.3095 0.3095 0.312 0.312 0.297 0.297 0.297 0.2765 0.2765 0.3125 0.3125 0.3585
-1 -1 -1 -1 -1 -1 -1 -1 -1 -1 -1 -1 -1 -1 -1 -1 -1 -1 -1 -1 -1 0.1171 0.1171 0.2215 0.2215 0.3345 0.3345 0.3345 0.3575 0.3575 0.3795 0.3795 0.3445 0.3445 0.3445 0.3565 0.3565 0.381 0.381 0.4075 0.4075 0.4075 0.3555 0.3555 0.324 0.324 0.3075 0.3075 0.3075 0.2865 0.2865 0.289 0.289 0.303 0.303 0.3395 0.3395 0.3395 0.3505 0.3505 0.3675 0.3675 0.3675 0.3675 0.3675 0.3635 0.3635 0.3715 0.3715 0.398 0.398 0.398 0.302 0.302 0.3075 0.3075 0.266
-1 -1 -1 -1 -1 -1 -1 -1 -1 -1 -1 -1 -1 -1 -1 -1 -1 -1 -1 -1 -1 0.1171 0.1171 0.2215 0.2215 0.3345 0.3345 0.3345 0.3575 0.3575 0.3795 0.3795 0.3445 0.3445 0.3445 0.3565 0.3565 0.381 0.381 0.4075 0.4075 0.4075 0.3555 0.3555 0.324 0.324 0.3075 0.3075 0.3075 0.2865 0.2865 0.289 0.289 0.303 0.303 0.3395 0.3395 0.3395 0.3505 0.3505 0.3675 0.3675 0.3675 0.3675 0.3675 0.3635 0.3635 0.3715 0.3715 0.398 0.398 0.398 0.302 0.302 0.3075 0.3075 0.266
-1 -1 -1 -1 -1 -1 -1 -1 -1 -1 -1 -1 -1 -1 -1 -1 -1 -1 -1 -1 -1 0.0927 0.0927 0.2082 0.2082 0.268 0.268 0.268 0.4395 0.4395 0.439 0.439 0.3915 0.3915 0.3915 0.3695 0.3695 0.3145 0.3145 0.2915 0.2915 0.2915 0.324 0.324 0.283 0.283 0.333 0.333 0.333 0.2915 0.2915 0.3065 0.3065 0.3265 0.3265 0.354 0.354 0.354 0.403 0.403 0.3885 0.3885 0.3885 0.3885 0.3885 0.3395 0.3395 0.39 0.39 0.386 0.386 0.386 0.2825 0.2825 0.2665 0.2665 0.2965
-1 -1 -1 -1 -1 -1 -1 -1 -1 -1 -1 -1 -1 -1 -1 -1 -1 -1 -1 -1 -1 0.0927 0.0927 0.2082 0.2082 0.268 0.268 0.268 0.4395 0.4395 0.439 0.439 0.3915 0.3915 0.3915 0.3695 0.3695 0.3145 0.3145 0.2915 0.2915 0.2915 0.324 0.324 0.283 0.283 0.333 0.333 0.333 0.2915 0.2915 0.3065 0.3065 0.3265 0.3265 0.354 0.354 0.354 0.403 0.403 0.3885 0.3885 0.3885 0.3885 0.3885 0.3395 0.3395 0.39 0.39 0.386 0.386 0.386 0.2825 0.2825 0.2665 0.2665 0.2965
-1 -1 -1 -1 -1 -1 -1 -1 -1 -1 -1 -1 -1 -1 -1 -1 -1 -1 -1 -1 -1 0.0927 0.0927 0.2082 0.2082 0.268 0.268 0.268 0.4395 0.4395 0.439 0.439 0.3915 0.3915 0.3915 0.3695 0.3695 0.3145 0.3145 0.2915 0.2915 0.2915 0.324 0.324 0.283 0.283 0.333 0.333 0.333 0.2915 0.2915 0.3065 0.3065 0.3265 0.3265 0.354 0.354 0.354 0.403 0.403 0.3885 0.3885 0.3885 0.3885 0.3885 0.3395 0.3395 0.39 0.39 0.386 0.386 0.386 0.2825 0.2825 0.2665 0.2665 0.2965
-1 -1 -1 -1 -1 -1 -1 -1 -1 -1 -1 -1 -1 -1 -1 -1 -1 -1 -1 -1 -1 -1 -1 0.1062 0.1062 0.1685 0.1685 0.1685 0.3395 0.3395 0.439 0.439 0.399 0.399 0.399 0.3115 0.3115 0.175 0.175 0.207 0.207 0.207 0.2315 0.2315 0.295 0.295 0.3295 0.3295 0.3295 0.323 0.323 0.3595 0.3595 0.368 0.368 0.3685 0.3685 0.3685 0.3715 0.3715 0.3615 0.3615 0.3615 0.3615 0.3615 0.3255 0.3255 0.3665 0.3665 0.3745 0.3745 0.3745 0.319 0.319 0.3135 0.3135 0.2995
-1 -1 -1 -1 -1 -1 -1 -1 -1 -1 -1 -1 -1 -1 -1 -1 -1 -1 -1 -1 -1 -1 -1 0.1062 0.1062 0.1685 0.1685 0.1685 0.3395 0.3395 0.439 0.439 0.399 0.399 0.399 0.3115 0.3115 0.175 0.175 0.207 0.207 0.207 0.2315 0.2315 0.295 0.295 0.3295 0.3295 0.3295 0.323 0.323 0.3595 0.3595 0.368 0.368 0.3685 0.3685 0.3685 0.3715 0.3715 0.3615 0.3615 0.3615 0.3615 0.3615 0.3255 0.3255 0.3665 0.3665 0.3745 0.3745 0.3745 0.319 0.319 0.3135 0.3135 0.2995
-1 -1 -1 -1 -1 -1 -1 -1 -1 -1 -1 -1 -1 -1 -1 -1 -1 -1 -1 -1 -1 -1 -1 -1 -1 0.1413 0.1413 0.1413 0.2075 0.2075 0.327 0.327 0.302 0.302 0.302 0.2165 0.2165 0.1525 0.1525 0.125 0.125 0.125 0.2355 0.2355 0.2295 0.2295 0.28 0.28 0.28 0.2765 0.2765 0.355 0.355 0.394 0.394 0.3625 0.3625 0.3625 0.379 0.379 0.384 0.384 0.384 0.384 0.384 0.351 0.351 0.346 0.346 0.38 0.38 0.38 0.359 0.359 0.329 0.329 0.2955
-1 -1 -1 -1 -1 -1 -1 -1 -1 -1 -1 -1 -1 -1 -1 -1 -1 -1 -1 -1 -1 -1 -1 -1 -1 0.1413 0.1413 0.1413 0.2075 0.2075 0.327 0.327 0.302 0.302 0.302 0.2165 0.2165 0.1525 0.1525 0.125 0.125 0.125 0.2355 0.2355 0.2295 0.2295 0.28 0.28 0.28 0.2765 0.2765 0.355 0.355 0.394 0.394 0.3625 0.3625 0.3625 0.379 0.379 0.384 0.384 0.384 0.384 0.384 0.351 0.351 0.346 0.346 0.38 0.38 0.38 0.359 0.359 0.329 0.329 0.2955
-1 -1 -1 -1 -1 -1 -1 -1 -1 -1 -1 -1 -1 -1 -1 -1 -1 -1 -1 -1 -1 -1 -1 -1 -1 0.0697 0.0697 0.0697 0.137 0.137 0.2795 0.2795 0.297 0.297 0.297 0.2785 0.2785 0.1245 0.1245 0.3125 0.3125 0.3125 0.323 0.323 0.328 0.328 0.391 0.391 0.391 0.262 0.262 0.3835 0.3835 0.3845 0.3845 0.394 0.394 0.394 0.378 0.378 0.414 0.414 0.414 0.414 0.414 0.384 0.384 0.345 0.345 0.3515 0.3515 0.3515 0.3335 0.3335 0.336 0.336 0.3445
-1 -1 -1 -1 -1 -1 -1 -1 -1 -1 -1 -1 -1 -1 -1 -1 -1 -1 -1 -1 -1 -1 -1 -1 -1 0.0697 0.0697 0.0697 0.137 0.137 0.2795 0.2795 0.297 0.297 0.297 0.2785 0.2785 0.1245 0.1245 0.3125 0.3125 0.3125 0.323 0.323 0.328 0.328 0.391 0.391 0.391 0.262 0.262 0.3835 0.3835 0.3845 0.3845 0.394 0.394 0.394 0.378 0.378 0.414 0.414 0.414 0.414 0.414 0.384 0.384 0.345 0.345 0.3515 0.3515 0.3515 0.3335 0.3335 0.336 0.336 0.3445
-1 -1 -1 -1 -1 -1 -1 -1 -1 -1 -1 -1 -1 -1 -1 -1 -1 -1 -1 -1 -1 -1 -1 -1 -1 0.0697 0.0697 0.0697 0.137 0.137 0.2795 0.2795 0.297 0.297 0.297 0.2785 0.2785 0.1245 0.1245 0.3125 0.3125 0.3125 0.323 0.323 0.328 0.328 0.391 0.391 0.391 0.262 0.262 0.3835 0.3835 0.3845 0.3845 0.394 0.394 0.394 0.378 0.378 0.414 0.414 0.414 0.414 0.414 0.384 0.384 0.345 0.345 0.3515 0.3515 0.3515 0.3335 0.3335 0.336 0.336 0.3445
