ndvi/NOAA-336.asc
ncols         252
nrows         154
xllcorner     -18.017974
yllcorner     13.481982
cellsize      0.035948
NODATA_value  -9999
[rows 102 to 135 of 154, columns 154 to 230 of 252]
0.28 0.38 0.38 0.2635 0.2635 0.2635 0.205 0.205 0.2395 0.2395 0.247 0.247 0.235 0.235 0.235 0.2835 0.2835 0.293 0.293 0.2755 0.2755 0.2755 0.2765 0.2765 0.258 0.258 0.2645 0.2645 0.2645 0.2605 0.2605 0.291 0.291 0.2385 0.2385 0.2385 0.2365 0.2365 0.226 0.226 0.2395 0.2395 0.2395 0.243 0.243 0.258 0.258 0.2205 0.2205 0.225 0.225 0.225 0.2095 0.2095 0.2065 0.2065 0.2055 0.2055 0.2055 0.236 0.236 0.2425 0.2425 0.254 0.254 0.254 0.292 0.292 0.217 0.217 0.2405 0.2405 0.2405 0.2485 0.2485 0.24 0.24
0.2965 0.2645 0.2645 0.253 0.253 0.253 0.2575 0.2575 0.2325 0.2325 0.2415 0.2415 0.2485 0.2485 0.2485 0.273 0.273 0.2825 0.2825 0.289 0.289 0.289 0.269 0.269 0.264 0.264 0.2455 0.2455 0.2455 0.281 0.281 0.2665 0.2665 0.2475 0.2475 0.2475 0.228 0.228 0.2325 0.2325 0.258 0.258 0.258 0.247 0.247 0.265 0.265 0.282 0.282 0.2585 0.2585 0.2585 0.246 0.246 0.2465 0.2465 0.2405 0.2405 0.2405 0.247 0.247 0.2425 0.2425 0.2325 0.2325 0.2325 0.236 0.236 0.2605 0.2605 0.228 0.228 0.228 0.221 0.221 0.2515 0.2515
0.2965 0.2645 0.2645 0.253 0.253 0.253 0.2575 0.2575 0.2325 0.2325 0.2415 0.2415 0.2485 0.2485 0.2485 0.273 0.273 0.2825 0.2825 0.289 0.289 0.289 0.269 0.269 0.264 0.264 0.2455 0.2455 0.2455 0.281 0.281 0.2665 0.2665 0.2475 0.2475 0.2475 0.228 0.228 0.2325 0.2325 0.258 0.258 0.258 0.247 0.247 0.265 0.265 0.282 0.282 0.2585 0.2585 0.2585 0.246 0.246 0.2465 0.2465 0.2405 0.2405 0.2405 0.247 0.247 0.2425 0.2425 0.2325 0.2325 0.2325 0.236 0.236 0.2605 0.2605 0.228 0.228 0.228 0.221 0.221 0.2515 0.2515
0.2965 0.2645 0.2645 0.253 0.253 0.253 0.2575 0.2575 0.2325 0.2325 0.2415 0.2415 0.2485 0.2485 0.2485 0.273 0.273 0.2825 0.2825 0.289 0.289 0.289 0.269 0.269 0.264 0.264 0.2455 0.2455 0.2455 0.281 0.281 0.2665 0.2665 0.2475 0.2475 0.2475 0.228 0.228 0.2325 0.2325 0.258 0.258 0.258 0.247 0.247 0.265 0.265 0.282 0.282 0.2585 0.2585 0.2585 0.246 0.246 0.2465 0.2465 0.2405 0.2405 0.2405 0.247 0.247 0.2425 0.2425 0.2325 0.2325 0.2325 0.236 0.236 0.2605 0.2605 0.228 0.228 0.228 0.221 0.221 0.2515 0.2515
0.2635 0.2925 0.2925 0.2765 0.2765 0.2765 0.2445 0.2445 0.2485 0.2485 0.278 0.278 0.254 0.254 0.254 0.269 0.269 0.291 0.291 0.2695 0.2695 0.2695 0.2385 0.2385 0.2715 0.2715 0.3045 0.3045 0.3045 0.297 0.297 0.304 0.304 0.311 0.311 0.311 0.2755 0.2755 0.266 0.266 0.258 0.258 0.258 0.251 0.251 0.259 0.259 0.2705 0.2705 0.3085 0.3085 0.3085 0.342 0.342 0.3535 0.3535 0.295 0.295 0.295 0.254 0.254 0.277 0.277 0.263 0.263 0.263 0.2505 0.2505 0.2815 0.2815 0.2665 0.2665 0.2665 0.2765 0.2765 0.267 0.267
0.2635 0.2925 0.2925 0.2765 0.2765 0.2765 0.2445 0.2445 0.2485 0.2485 0.278 0.278 0.254 0.254 0.254 0.269 0.269 0.291 0.291 0.2695 0.2695 0.2695 0.2385 0.2385 0.2715 0.2715 0.3045 0.3045 0.3045 0.297 0.297 0.304 0.304 0.311 0.311 0.311 0.2755 0.2755 0.266 0.266 0.258 0.258 0.258 0.251 0.251 0.259 0.259 0.2705 0.2705 0.3085 0.3085 0.3085 0.342 0.342 0.3535 0.3535 0.295 0.295 0.295 0.254 0.254 0.277 0.277 0.263 0.263 0.263 0.2505 0.2505 0.2815 0.2815 0.2665 0.2665 0.2665 0.2765 0.2765 0.267 0.267
0.277 0.294 0.294 0.3045 0.3045 0.3045 0.28 0.28 0.262 0.262 0.266 0.266 0.2705 0.2705 0.2705 0.3185 0.3185 0.2825 0.2825 0.2455 0.2455 0.2455 0.247 0.247 0.2345 0.2345 0.2845 0.2845 0.2845 0.328 0.328 0.3035 0.3035 0.288 0.288 0.288 0.3025 0.3025 0.2895 0.2895 0.277 0.277 0.277 0.27 0.27 0.2245 0.2245 0.247 0.247 0.2675 0.2675 0.2675 0.3395 0.3395 0.343 0.343 0.294 0.294 0.294 0.2715 0.2715 0.28 0.28 0.2765 0.2765 0.2765 0.304 0.304 0.308 0.308 0.3065 0.3065 0.3065 0.32 0.32 0.3055 0.3055
0.277 0.294 0.294 0.3045 0.3045 0.3045 0.28 0.28 0.262 0.262 0.266 0.266 0.2705 0.2705 0.2705 0.3185 0.3185 0.2825 0.2825 0.2455 0.2455 0.2455 0.247 0.247 0.2345 0.2345 0.2845 0.2845 0.2845 0.328 0.328 0.3035 0.3035 0.288 0.288 0.288 0.3025 0.3025 0.2895 0.2895 0.277 0.277 0.277 0.27 0.27 0.2245 0.2245 0.247 0.247 0.2675 0.2675 0.2675 0.3395 0.3395 0.343 0.343 0.294 0.294 0.294 0.2715 0.2715 0.28 0.28 0.2765 0.2765 0.2765 0.304 0.304 0.308 0.308 0.3065 0.3065 0.3065 0.32 0.32 0.3055 0.3055
0.2795 0.295 0.295 0.278 0.278 0.278 0.288 0.288 0.2885 0.2885 0.2735 0.2735 0.2935 0.2935 0.2935 0.337 0.337 0.315 0.315 0.292 0.292 0.292 0.2665 0.2665 0.2735 0.2735 0.2965 0.2965 0.2965 0.2895 0.2895 0.2965 0.2965 0.272 0.272 0.272 0.3075 0.3075 0.2895 0.2895 0.2655 0.2655 0.2655 0.2885 0.2885 0.275 0.275 0.2415 0.2415 0.2515 0.2515 0.2515 0.247 0.247 0.2475 0.2475 0.2925 0.2925 0.2925 0.283 0.283 0.3045 0.3045 0.2975 0.2975 0.2975 0.295 0.295 0.32 0.32 0.3205 0.3205 0.3205 0.3455 0.3455 0.3295 0.3295
0.2795 0.295 0.295 0.278 0.278 0.278 0.288 0.288 0.2885 0.2885 0.2735 0.2735 0.2935 0.2935 0.2935 0.337 0.337 0.315 0.315 0.292 0.292 0.292 0.2665 0.2665 0.2735 0.2735 0.2965 0.2965 0.2965 0.2895 0.2895 0.2965 0.2965 0.272 0.272 0.272 0.3075 0.3075 0.2895 0.2895 0.2655 0.2655 0.2655 0.2885 0.2885 0.275 0.275 0.2415 0.2415 0.2515 0.2515 0.2515 0.247 0.247 0.2475 0.2475 0.2925 0.2925 0.2925 0.283 0.283 0.3045 0.3045 0.2975 0.2975 0.2975 0.295 0.295 0.32 0.32 0.3205 0.3205 0.3205 0.3455 0.3455 0.3295 0.3295
0.2795 0.295 0.295 0.278 0.278 0.278 0.288 0.288 0.2885 0.2885 0.2735 0.2735 0.2935 0.2935 0.2935 0.337 0.337 0.315 0.315 0.292 0.292 0.292 0.2665 0.2665 0.2735 0.2735 0.2965 0.2965 0.2965 0.2895 0.2895 0.2965 0.2965 0.272 0.272 0.272 0.3075 0.3075 0.2895 0.2895 0.2655 0.2655 0.2655 0.2885 0.2885 0.275 0.275 0.2415 0.2415 0.2515 0.2515 0.2515 0.247 0.247 0.2475 0.2475 0.2925 0.2925 0.2925 0.283 0.283 0.3045 0.3045 0.2975 0.2975 0.2975 0.295 0.295 0.32 0.32 0.3205 0.3205 0.3205 0.3455 0.3455 0.3295 0.3295
0.3035 0.3415 0.3415 0.295 0.295 0.295 0.2925 0.2925 0.295 0.295 0.281 0.281 0.279 0.279 0.279 0.2865 0.2865 0.2795 0.2795 0.273 0.273 0.273 0.2875 0.2875 0.291 0.291 0.3035 0.3035 0.3035 0.303 0.303 0.2805 0.2805 0.3365 0.3365 0.3365 0.348 0.348 0.2835 0.2835 0.275 0.275 0.275 0.279 0.279 0.274 0.274 0.2945 0.2945 0.2835 0.2835 0.2835 0.2775 0.2775 0.307 0.307 0.3005 0.3005 0.3005 0.2805 0.2805 0.2635 0.2635 0.272 0.272 0.272 0.309 0.309 0.3075 0.3075 0.307 0.307 0.307 0.3205 0.3205 0.328 0.328
0.3035 0.3415 0.3415 0.295 0.295 0.295 0.2925 0.2925 0.295 0.295 0.281 0.281 0.279 0.279 0.279 0.2865 0.2865 0.2795 0.2795 0.273 0.273 0.273 0.2875 0.2875 0.291 0.291 0.3035 0.3035 0.3035 0.303 0.303 0.2805 0.2805 0.3365 0.3365 0.3365 0.348 0.348 0.2835 0.2835 0.275 0.275 0.275 0.279 0.279 0.274 0.274 0.2945 0.2945 0.2835 0.2835 0.2835 0.2775 0.2775 0.307 0.307 0.3005 0.3005 0.3005 0.2805 0.2805 0.2635 0.2635 0.272 0.272 0.272 0.309 0.309 0.3075 0.3075 0.307 0.307 0.307 0.3205 0.3205 0.328 0.328
0.267 0.266 0.266 0.28 0.28 0.28 0.326 0.326 0.2925 0.2925 0.2565 0.2565 0.288 0.288 0.288 0.2835 0.2835 0.281 0.281 0.274 0.274 0.274 0.2905 0.2905 0.3095 0.3095 0.301 0.301 0.301 0.301 0.301 0.295 0.295 0.353 0.353 0.353 0.366 0.366 0.28 0.28 0.276 0.276 0.276 0.305 0.305 0.261 0.261 0.286 0.286 0.308 0.308 0.308 0.322 0.322 0.335 0.335 0.3115 0.3115 0.3115 0.3495 0.3495 0.2935 0.2935 0.3055 0.3055 0.3055 0.318 0.318 0.2995 0.2995 0.312 0.312 0.312 0.295 0.295 0.3225 0.3225
0.267 0.266 0.266 0.28 0.28 0.28 0.326 0.326 0.2925 0.2925 0.2565 0.2565 0.288 0.288 0.288 0.2835 0.2835 0.281 0.281 0.274 0.274 0.274 0.2905 0.2905 0.3095 0.3095 0.301 0.301 0.301 0.301 0.301 0.295 0.295 0.353 0.353 0.353 0.366 0.366 0.28 0.28 0.276 0.276 0.276 0.305 0.305 0.261 0.261 0.286 0.286 0.308 0.308 0.308 0.322 0.322 0.335 0.335 0.3115 0.3115 0.3115 0.3495 0.3495 0.2935 0.2935 0.3055 0.3055 0.3055 0.318 0.318 0.2995 0.2995 0.312 0.312 0.312 0.295 0.295 0.3225 0.3225
0.2865 0.276 0.276 0.28 0.28 0.28 0.297 0.297 0.2945 0.2945 0.309 0.309 0.3045 0.3045 0.3045 0.3285 0.3285 0.29 0.29 0.28 0.28 0.28 0.296 0.296 0.2765 0.2765 0.2725 0.2725 0.2725 0.2875 0.2875 0.3135 0.3135 0.319 0.319 0.319 0.271 0.271 0.2775 0.2775 0.308 0.308 0.308 0.372 0.372 0.3555 0.3555 0.2815 0.2815 0.343 0.343 0.343 0.3405 0.3405 0.3035 0.3035 0.3015 0.3015 0.3015 0.32 0.32 0.3145 0.3145 0.322 0.322 0.322 0.328 0.328 0.3085 0.3085 0.336 0.336 0.336 0.3205 0.3205 0.33 0.33
0.2865 0.276 0.276 0.28 0.28 0.28 0.297 0.297 0.2945 0.2945 0.309 0.309 0.3045 0.3045 0.3045 0.3285 0.3285 0.29 0.29 0.28 0.28 0.28 0.296 0.296 0.2765 0.2765 0.2725 0.2725 0.2725 0.2875 0.2875 0.3135 0.3135 0.319 0.319 0.319 0.271 0.271 0.2775 0.2775 0.308 0.308 0.308 0.372 0.372 0.3555 0.3555 0.2815 0.2815 0.343 0.343 0.343 0.3405 0.3405 0.3035 0.3035 0.3015 0.3015 0.3015 0.32 0.32 0.3145 0.3145 0.322 0.322 0.322 0.328 0.328 0.3085 0.3085 0.336 0.336 0.336 0.3205 0.3205 0.33 0.33
0.2865 0.276 0.276 0.28 0.28 0.28 0.297 0.297 0.2945 0.2945 0.309 0.309 0.3045 0.3045 0.3045 0.3285 0.3285 0.29 0.29 0.28 0.28 0.28 0.296 0.296 0.2765 0.2765 0.2725 0.2725 0.2725 0.2875 0.2875 0.3135 0.3135 0.319 0.319 0.319 0.271 0.271 0.2775 0.2775 0.308 0.308 0.308 0.372 0.372 0.3555 0.3555 0.2815 0.2815 0.343 0.343 0.343 0.3405 0.3405 0.3035 0.3035 0.3015 0.3015 0.3015 0.32 0.32 0.3145 0.3145 0.322 0.322 0.322 0.328 0.328 0.3085 0.3085 0.336 0.336 0.336 0.3205 0.3205 0.33 0.33
0.3375 0.3195 0.3195 0.3125 0.3125 0.3125 0.2795 0.2795 0.277 0.277 0.3195 0.3195 0.311 0.311 0.311 0.332 0.332 0.338 0.338 0.3255 0.3255 0.3255 0.309 0.309 0.279 0.279 0.3215 0.3215 0.3215 0.2695 0.2695 0.3035 0.3035 0.3075 0.3075 0.3075 0.336 0.336 0.3745 0.3745 0.356 0.356 0.356 0.4085 0.4085 0.358 0.358 0.3445 0.3445 0.3395 0.3395 0.3395 0.332 0.332 0.328 0.328 0.331 0.331 0.331 0.3255 0.3255 0.319 0.319 0.3295 0.3295 0.3295 0.3595 0.3595 0.35 0.35 0.363 0.363 0.363 0.3165 0.3165 0.293 0.293
0.3375 0.3195 0.3195 0.3125 0.3125 0.3125 0.2795 0.2795 0.277 0.277 0.3195 0.3195 0.311 0.311 0.311 0.332 0.332 0.338 0.338 0.3255 0.3255 0.3255 0.309 0.309 0.279 0.279 0.3215 0.3215 0.3215 0.2695 0.2695 0.3035 0.3035 0.3075 0.3075 0.3075 0.336 0.336 0.3745 0.3745 0.356 0.356 0.356 0.4085 0.4085 0.358 0.358 0.3445 0.3445 0.3395 0.3395 0.3395 0.332 0.332 0.328 0.328 0.331 0.331 0.331 0.3255 0.3255 0.319 0.319 0.3295 0.3295 0.3295 0.3595 0.3595 0.35 0.35 0.363 0.363 0.363 0.3165 0.3165 0.293 0.293
0.33 0.3525 0.3525 0.339 0.339 0.339 0.286 0.286 0.2915 0.2915 0.3085 0.3085 0.297 0.297 0.297 0.33 0.33 0.338 0.338 0.3435 0.3435 0.3435 0.3395 0.3395 0.3115 0.3115 0.2705 0.2705 0.2705 0.282 0.282 0.286 0.286 0.3285 0.3285 0.3285 0.295 0.295 0.322 0.322 0.35 0.35 0.35 0.3605 0.3605 0.3545 0.3545 0.3545 0.3545 0.3525 0.3525 0.3525 0.347 0.347 0.348 0.348 0.364 0.364 0.364 0.3385 0.3385 0.3255 0.3255 0.319 0.319 0.319 0.368 0.368 0.3765 0.3765 0.3705 0.3705 0.3705 0.3455 0.3455 0.3515 0.3515
0.33 0.3525 0.3525 0.339 0.339 0.339 0.286 0.286 0.2915 0.2915 0.3085 0.3085 0.297 0.297 0.297 0.33 0.33 0.338 0.338 0.3435 0.3435 0.3435 0.3395 0.3395 0.3115 0.3115 0.2705 0.2705 0.2705 0.282 0.282 0.286 0.286 0.3285 0.3285 0.3285 0.295 0.295 0.322 0.322 0.35 0.35 0.35 0.3605 0.3605 0.3545 0.3545 0.3545 0.3545 0.3525 0.3525 0.3525 0.347 0.347 0.348 0.348 0.364 0.364 0.364 0.3385 0.3385 0.3255 0.3255 0.319 0.319 0.319 0.368 0.368 0.3765 0.3765 0.3705 0.3705 0.3705 0.3455 0.3455 0.3515 0.3515
0.347 0.3245 0.3245 0.313 0.313 0.313 0.311 0.311 0.348 0.348 0.317 0.317 0.347 0.347 0.347 0.323 0.323 0.327 0.327 0.362 0.362 0.362 0.329 0.329 0.3175 0.3175 0.295 0.295 0.295 0.29 0.29 0.321 0.321 0.3245 0.3245 0.3245 0.343 0.343 0.3185 0.3185 0.318 0.318 0.318 0.352 0.352 0.344 0.344 0.3965 0.3965 0.369 0.369 0.369 0.3735 0.3735 0.36 0.36 0.354 0.354 0.354 0.355 0.355 0.3415 0.3415 0.344 0.344 0.344 0.382 0.382 0.36 0.36 0.355 0.355 0.355 0.363 0.363 0.361 0.361
0.347 0.3245 0.3245 0.313 0.313 0.313 0.311 0.311 0.348 0.348 0.317 0.317 0.347 0.347 0.347 0.323 0.323 0.327 0.327 0.362 0.362 0.362 0.329 0.329 0.3175 0.3175 0.295 0.295 0.295 0.29 0.29 0.321 0.321 0.3245 0.3245 0.3245 0.343 0.343 0.3185 0.3185 0.318 0.318 0.318 0.352 0.352 0.344 0.344 0.3965 0.3965 0.369 0.369 0.369 0.3735 0.3735 0.36 0.36 0.354 0.354 0.354 0.355 0.355 0.3415 0.3415 0.344 0.344 0.344 0.382 0.382 0.36 0.36 0.355 0.355 0.355 0.363 0.363 0.361 0.361
0.317 0.3425 0.3425 0.3435 0.3435 0.3435 0.3245 0.3245 0.3455 0.3455 0.33 0.33 0.3685 0.3685 0.3685 0.3395 0.3395 0.3405 0.3405 0.3465 0.3465 0.3465 0.326 0.326 0.324 0.324 0.3205 0.3205 0.3205 0.297 0.297 0.323 0.323 0.297 0.297 0.297 0.322 0.322 0.301 0.301 0.3295 0.3295 0.3295 0.37 0.37 0.379 0.379 0.3905 0.3905 0.411 0.411 0.411 0.3675 0.3675 0.3685 0.3685 0.3855 0.3855 0.3855 0.3855 0.3855 0.347 0.347 0.3845 0.3845 0.3845 0.358 0.358 0.3505 0.3505 0.3725 0.3725 0.3725 0.356 0.356 0.379 0.379
0.317 0.3425 0.3425 0.3435 0.3435 0.3435 0.3245 0.3245 0.3455 0.3455 0.33 0.33 0.3685 0.3685 0.3685 0.3395 0.3395 0.3405 0.3405 0.3465 0.3465 0.3465 0.326 0.326 0.324 0.324 0.3205 0.3205 0.3205 0.297 0.297 0.323 0.323 0.297 0.297 0.297 0.322 0.322 0.301 0.301 0.3295 0.3295 0.3295 0.37 0.37 0.379 0.379 0.3905 0.3905 0.411 0.411 0.411 0.3675 0.3675 0.3685 0.3685 0.3855 0.3855 0.3855 0.3855 0.3855 0.347 0.347 0.3845 0.3845 0.3845 0.358 0.358 0.3505 0.3505 0.3725 0.3725 0.3725 0.356 0.356 0.379 0.379
0.317 0.3425 0.3425 0.3435 0.3435 0.3435 0.3245 0.3245 0.3455 0.3455 0.33 0.33 0.3685 0.3685 0.3685 0.3395 0.3395 0.3405 0.3405 0.3465 0.3465 0.3465 0.326 0.326 0.324 0.324 0.3205 0.3205 0.3205 0.297 0.297 0.323 0.323 0.297 0.297 0.297 0.322 0.322 0.301 0.301 0.3295 0.3295 0.3295 0.37 0.37 0.379 0.379 0.3905 0.3905 0.411 0.411 0.411 0.3675 0.3675 0.3685 0.3685 0.3855 0.3855 0.3855 0.3855 0.3855 0.347 0.347 0.3845 0.3845 0.3845 0.358 0.358 0.3505 0.3505 0.3725 0.3725 0.3725 0.356 0.356 0.379 0.379
0.3075 0.321 0.321 0.333 0.333 0.333 0.318 0.318 0.3455 0.3455 0.3575 0.3575 0.3315 0.3315 0.3315 0.3235 0.3235 0.3405 0.3405 0.321 0.321 0.321 0.348 0.348 0.339 0.339 0.327 0.327 0.327 0.322 0.322 0.3285 0.3285 0.326 0.326 0.326 0.3095 0.3095 0.376 0.376 0.387 0.387 0.387 0.364 0.364 0.393 0.393 0.3855 0.3855 0.375 0.375 0.375 0.4055 0.4055 0.4015 0.4015 0.4245 0.4245 0.4245 0.4 0.4 0.351 0.351 0.372 0.372 0.372 0.3555 0.3555 0.394 0.394 0.3345 0.3345 0.3345 0.3055 0.3055 0.3125 0.3125
0.3075 0.321 0.321 0.333 0.333 0.333 0.318 0.318 0.3455 0.3455 0.3575 0.3575 0.3315 0.3315 0.3315 0.3235 0.3235 0.3405 0.3405 0.321 0.321 0.321 0.348 0.348 0.339 0.339 0.327 0.327 0.327 0.322 0.322 0.3285 0.3285 0.326 0.326 0.326 0.3095 0.3095 0.376 0.376 0.387 0.387 0.387 0.364 0.364 0.393 0.393 0.3855 0.3855 0.375 0.375 0.375 0.4055 0.4055 0.4015 0.4015 0.4245 0.4245 0.4245 0.4 0.4 0.351 0.351 0.372 0.372 0.372 0.3555 0.3555 0.394 0.394 0.3345 0.3345 0.3345 0.3055 0.3055 0.3125 0.3125
0.329 0.3395 0.3395 0.325 0.325 0.325 0.3055 0.3055 0.328 0.328 0.333 0.333 0.3535 0.3535 0.3535 0.32 0.32 0.328 0.328 0.3145 0.3145 0.3145 0.3365 0.3365 0.3135 0.3135 0.338 0.338 0.338 0.3355 0.3355 0.3445 0.3445 0.333 0.333 0.333 0.3495 0.3495 0.347 0.347 0.374 0.374 0.374 0.402 0.402 0.414 0.414 0.416 0.416 0.372 0.372 0.372 0.3675 0.3675 0.39 0.39 0.4165 0.4165 0.4165 0.4605 0.4605 0.431 0.431 0.4025 0.4025 0.4025 0.4235 0.4235 0.369 0.369 0.3525 0.3525 0.3525 0.3435 0.3435 0.3095 0.3095
0.329 0.3395 0.3395 0.325 0.325 0.325 0.3055 0.3055 0.328 0.328 0.333 0.333 0.3535 0.3535 0.3535 0.32 0.32 0.328 0.328 0.3145 0.3145 0.3145 0.3365 0.3365 0.3135 0.3135 0.338 0.338 0.338 0.3355 0.3355 0.3445 0.3445 0.333 0.333 0.333 0.3495 0.3495 0.347 0.347 0.374 0.374 0.374 0.402 0.402 0.414 0.414 0.416 0.416 0.372 0.372 0.372 0.3675 0.3675 0.39 0.39 0.4165 0.4165 0.4165 0.4605 0.4605 0.431 0.431 0.4025 0.4025 0.4025 0.4235 0.4235 0.369 0.369 0.3525 0.3525 0.3525 0.3435 0.3435 0.3095 0.3095
0.3795 0.3695 0.3695 0.3275 0.3275 0.3275 0.3225 0.3225 0.333 0.333 0.348 0.348 0.3335 0.3335 0.3335 0.339 0.339 0.318 0.318 0.3405 0.3405 0.3405 0.3465 0.3465 0.3115 0.3115 0.3595 0.3595 0.3595 0.337 0.337 0.3785 0.3785 0.3455 0.3455 0.3455 0.331 0.331 0.3255 0.3255 0.353 0.353 0.353 0.354 0.354 0.4215 0.4215 0.3755 0.3755 0.38 0.38 0.38 0.4182 0.4182 0.4145 0.4145 0.429 0.429 0.429 0.434 0.434 0.4315 0.4315 0.4665 0.4665 0.4665 0.3905 0.3905 0.3675 0.3675 0.3345 0.3345 0.3345 0.3505 0.3505 0.3275 0.3275
0.3795 0.3695 0.3695 0.3275 0.3275 0.3275 0.3225 0.3225 0.333 0.333 0.348 0.348 0.3335 0.3335 0.3335 0.339 0.339 0.318 0.318 0.3405 0.3405 0.3405 0.3465 0.3465 0.3115 0.3115 0.3595 0.3595 0.3595 0.337 0.337 0.3785 0.3785 0.3455 0.3455 0.3455 0.331 0.331 0.3255 0.3255 0.353 0.353 0.353 0.354 0.354 0.4215 0.4215 0.3755 0.3755 0.38 0.38 0.38 0.4182 0.4182 0.4145 0.4145 0.429 0.429 0.429 0.434 0.434 0.4315 0.4315 0.4665 0.4665 0.4665 0.3905 0.3905 0.3675 0.3675 0.3345 0.3345 0.3345 0.3505 0.3505 0.3275 0.3275
0.3795 0.3695 0.3695 0.3275 0.3275 0.3275 0.3225 0.3225 0.333 0.333 0.348 0.348 0.3335 0.3335 0.3335 0.339 0.339 0.318 0.318 0.3405 0.3405 0.3405 0.3465 0.3465 0.3115 0.3115 0.3595 0.3595 0.3595 0.337 0.337 0.3785 0.3785 0.3455 0.3455 0.3455 0.331 0.331 0.3255 0.3255 0.353 0.353 0.353 0.354 0.354 0.4215 0.4215 0.3755 0.3755 0.38 0.38 0.38 0.4182 0.4182 0.4145 0.4145 0.429 0.429 0.429 0.434 0.434 0.4315 0.4315 0.4665 0.4665 0.4665 0.3905 0.3905 0.3675 0.3675 0.3345 0.3345 0.3345 0.3505 0.3505 0.3275 0.3275
