ndvi/NOAA-294.asc
ncols         252
nrows         154
xllcorner     -18.017974
yllcorner     13.481982
cellsize      0.035948
NODATA_value  -9999
[rows 0 to 33 of 154, columns 154 to 230 of 252]
0.0745 0.0735 0.0735 0.075 0.075 0.075 0.0815 0.0815 0.095 0.095 0.0955 0.0955 0.0975 0.0975 0.0975 0.1035 0.1035 0.102 0.102 0.0985 0.0985 0.0985 0.0985 0.0985 0.096 0.096 0.1005 0.1005 0.1005 0.0955 0.0955 0.0985 0.0985 0.1015 0.1015 0.1015 0.0985 0.0985 0.09100001 0.09100001 0.091 0.091 0.091 0.0955 0.0955 0.104 0.104 0.102 0.102 0.0995 0.0995 0.0995 0.095 0.095 0.0925 0.0925 0.094 0.094 0.094 0.096 0.096 0.099 0.099 0.0985 0.0985 0.0985 0.09100001 0.09100001 0.087 0.087 0.0865 0.0865 0.0865 0.0865 0.0865 0.0755 0.0755
0.0745 0.0735 0.0735 0.075 0.075 0.075 0.0815 0.0815 0.095 0.095 0.0955 0.0955 0.0975 0.0975 0.0975 0.1035 0.1035 0.102 0.102 0.0985 0.0985 0.0985 0.0985 0.0985 0.096 0.096 0.1005 0.1005 0.1005 0.0955 0.0955 0.0985 0.0985 0.1015 0.1015 0.1015 0.0985 0.0985 0.09100001 0.09100001 0.091 0.091 0.091 0.0955 0.0955 0.104 0.104 0.102 0.102 0.0995 0.0995 0.0995 0.095 0.095 0.0925 0.0925 0.094 0.094 0.094 0.096 0.096 0.099 0.099 0.0985 0.0985 0.0985 0.09100001 0.09100001 0.087 0.087 0.0865 0.0865 0.0865 0.0865 0.0865 0.0755 0.0755
0.0785 0.0855 0.0855 0.081 0.081 0.081 0.0955 0.0955 0.0925 0.0925 0.0985 0.0985 0.0955 0.0955 0.0955 0.1005 0.1005 0.0985 0.0985 0.09299999 0.09299999 0.09299999 0.0935 0.0935 0.09649999 0.09649999 0.0975 0.0975 0.0975 0.0995 0.0995 0.09999999 0.09999999 0.104 0.104 0.104 0.1115 0.1115 0.1145 0.1145 0.1075 0.1075 0.1075 0.113 0.113 0.1145 0.1145 0.1145 0.1145 0.1125 0.1125 0.1125 0.1165 0.1165 0.109 0.109 0.108 0.108 0.108 0.1095 0.1095 0.1035 0.1035 0.1025 0.1025 0.1025 0.0975 0.0975 0.097 0.097 0.089 0.089 0.089 0.09 0.09 0.08050001 0.08050001
0.0785 0.0855 0.0855 0.081 0.081 0.081 0.0955 0.0955 0.0925 0.0925 0.0985 0.0985 0.0955 0.0955 0.0955 0.1005 0.1005 0.0985 0.0985 0.09299999 0.09299999 0.09299999 0.0935 0.0935 0.09649999 0.09649999 0.0975 0.0975 0.0975 0.0995 0.0995 0.09999999 0.09999999 0.104 0.104 0.104 0.1115 0.1115 0.1145 0.1145 0.1075 0.1075 0.1075 0.113 0.113 0.1145 0.1145 0.1145 0.1145 0.1125 0.1125 0.1125 0.1165 0.1165 0.109 0.109 0.108 0.108 0.108 0.1095 0.1095 0.1035 0.1035 0.1025 0.1025 0.1025 0.0975 0.0975 0.097 0.097 0.089 0.089 0.089 0.09 0.09 0.08050001 0.08050001
0.0785 0.0855 0.0855 0.081 0.081 0.081 0.0955 0.0955 0.0925 0.0925 0.0985 0.0985 0.0955 0.0955 0.0955 0.1005 0.1005 0.0985 0.0985 0.09299999 0.09299999 0.09299999 0.0935 0.0935 0.09649999 0.09649999 0.0975 0.0975 0.0975 0.0995 0.0995 0.09999999 0.09999999 0.104 0.104 0.104 0.1115 0.1115 0.1145 0.1145 0.1075 0.1075 0.1075 0.113 0.113 0.1145 0.1145 0.1145 0.1145 0.1125 0.1125 0.1125 0.1165 0.1165 0.109 0.109 0.108 0.108 0.108 0.1095 0.1095 0.1035 0.1035 0.1025 0.1025 0.1025 0.0975 0.0975 0.097 0.097 0.089 0.089 0.089 0.09 0.09 0.08050001 0.08050001
0.094 0.094 0.094 0.096 0.096 0.096 0.098 0.098 0.1085 0.1085 0.0995 0.0995 0.1025 0.1025 0.1025 0.106 0.106 0.105 0.105 0.103 0.103 0.103 0.105 0.105 0.105 0.105 0.107 0.107 0.107 0.1055 0.1055 0.116 0.116 0.115 0.115 0.115 0.1125 0.1125 0.117 0.117 0.123 0.123 0.123 0.118 0.118 0.1185 0.1185 0.1155 0.1155 0.1135 0.1135 0.1135 0.112 0.112 0.113 0.113 0.1115 0.1115 0.1115 0.11 0.11 0.1025 0.1025 0.1045 0.1045 0.1045 0.1005 0.1005 0.0975 0.0975 0.0945 0.0945 0.0945 0.089 0.089 0.086 0.086
0.094 0.094 0.094 0.096 0.096 0.096 0.098 0.098 0.1085 0.1085 0.0995 0.0995 0.1025 0.1025 0.1025 0.106 0.106 0.105 0.105 0.103 0.103 0.103 0.105 0.105 0.105 0.105 0.107 0.107 0.107 0.1055 0.1055 0.116 0.116 0.115 0.115 0.115 0.1125 0.1125 0.117 0.117 0.123 0.123 0.123 0.118 0.118 0.1185 0.1185 0.1155 0.1155 0.1135 0.1135 0.1135 0.112 0.112 0.113 0.113 0.1115 0.1115 0.1115 0.11 0.11 0.1025 0.1025 0.1045 0.1045 0.1045 0.1005 0.1005 0.0975 0.0975 0.0945 0.0945 0.0945 0.089 0.089 0.086 0.086
0.095 0.0925 0.0925 0.0945 0.0945 0.0945 0.1105 0.1105 0.111 0.111 0.1035 0.1035 0.106 0.106 0.106 0.108 0.108 0.1185 0.1185 0.1135 0.1135 0.1135 0.1085 0.1085 0.1135 0.1135 0.1075 0.1075 0.1075 0.1075 0.1075 0.1145 0.1145 0.11 0.11 0.11 0.109 0.109 0.115 0.115 0.1215 0.1215 0.1215 0.1155 0.1155 0.114 0.114 0.117 0.117 0.111 0.111 0.111 0.1185 0.1185 0.1135 0.1135 0.109 0.109 0.109 0.1065 0.1065 0.1065 0.1065 0.1065 0.1065 0.1065 0.097 0.097 0.096 0.096 0.0915 0.0915 0.0915 0.0915 0.0915 0.0905 0.0905
0.095 0.0925 0.0925 0.0945 0.0945 0.0945 0.1105 0.1105 0.111 0.111 0.1035 0.1035 0.106 0.106 0.106 0.108 0.108 0.1185 0.1185 0.1135 0.1135 0.1135 0.1085 0.1085 0.1135 0.1135 0.1075 0.1075 0.1075 0.1075 0.1075 0.1145 0.1145 0.11 0.11 0.11 0.109 0.109 0.115 0.115 0.1215 0.1215 0.1215 0.1155 0.1155 0.114 0.114 0.117 0.117 0.111 0.111 0.111 0.1185 0.1185 0.1135 0.1135 0.109 0.109 0.109 0.1065 0.1065 0.1065 0.1065 0.1065 0.1065 0.1065 0.097 0.097 0.096 0.096 0.0915 0.0915 0.0915 0.0915 0.0915 0.0905 0.0905
0.095 0.1015 0.1015 0.103 0.103 0.103 0.101 0.101 0.1045 0.1045 0.1055 0.1055 0.1005 0.1005 0.1005 0.106 0.106 0.1075 0.1075 0.1155 0.1155 0.1155 0.112 0.112 0.1175 0.1175 0.1145 0.1145 0.1145 0.113 0.113 0.105 0.105 0.105 0.105 0.105 0.101 0.101 0.105 0.105 0.103 0.103 0.103 0.101 0.101 0.1055 0.1055 0.1155 0.1155 0.1095 0.1095 0.1095 0.1115 0.1115 0.111 0.111 0.104 0.104 0.104 0.104 0.104 0.108 0.108 0.103 0.103 0.103 0.0935 0.0935 0.0925 0.0925 0.0915 0.0915 0.0915 0.0895 0.0895 0.089 0.089
0.095 0.1015 0.1015 0.103 0.103 0.103 0.101 0.101 0.1045 0.1045 0.1055 0.1055 0.1005 0.1005 0.1005 0.106 0.106 0.1075 0.1075 0.1155 0.1155 0.1155 0.112 0.112 0.1175 0.1175 0.1145 0.1145 0.1145 0.113 0.113 0.105 0.105 0.105 0.105 0.105 0.101 0.101 0.105 0.105 0.103 0.103 0.103 0.101 0.101 0.1055 0.1055 0.1155 0.1155 0.1095 0.1095 0.1095 0.1115 0.1115 0.111 0.111 0.104 0.104 0.104 0.104 0.104 0.108 0.108 0.103 0.103 0.103 0.0935 0.0935 0.0925 0.0925 0.0915 0.0915 0.0915 0.0895 0.0895 0.089 0.089
0.1055 0.105 0.105 0.1065 0.1065 0.1065 0.1105 0.1105 0.1065 0.1065 0.1065 0.1065 0.104 0.104 0.104 0.1045 0.1045 0.1135 0.1135 0.1105 0.1105 0.1105 0.1135 0.1135 0.1135 0.1135 0.118 0.118 0.118 0.1155 0.1155 0.103 0.103 0.1105 0.1105 0.1105 0.1095 0.1095 0.1005 0.1005 0.096 0.096 0.096 0.102 0.102 0.115 0.115 0.1195 0.1195 0.111 0.111 0.111 0.1105 0.1105 0.11 0.11 0.09450001 0.09450001 0.09450001 0.0965 0.0965 0.098 0.098 0.0835 0.0835 0.0835 0.082 0.082 0.077 0.077 0.08750001 0.08750001 0.08750001 0.0845 0.0845 0.091 0.091
0.1055 0.105 0.105 0.1065 0.1065 0.1065 0.1105 0.1105 0.1065 0.1065 0.1065 0.1065 0.104 0.104 0.104 0.1045 0.1045 0.1135 0.1135 0.1105 0.1105 0.1105 0.1135 0.1135 0.1135 0.1135 0.118 0.118 0.118 0.1155 0.1155 0.103 0.103 0.1105 0.1105 0.1105 0.1095 0.1095 0.1005 0.1005 0.096 0.096 0.096 0.102 0.102 0.115 0.115 0.1195 0.1195 0.111 0.111 0.111 0.1105 0.1105 0.11 0.11 0.09450001 0.09450001 0.09450001 0.0965 0.0965 0.098 0.098 0.0835 0.0835 0.0835 0.082 0.082 0.077 0.077 0.08750001 0.08750001 0.08750001 0.0845 0.0845 0.091 0.091
0.1055 0.105 0.105 0.1065 0.1065 0.1065 0.1105 0.1105 0.1065 0.1065 0.1065 0.1065 0.104 0.104 0.104 0.1045 0.1045 0.1135 0.1135 0.1105 0.1105 0.1105 0.1135 0.1135 0.1135 0.1135 0.118 0.118 0.118 0.1155 0.1155 0.103 0.103 0.1105 0.1105 0.1105 0.1095 0.1095 0.1005 0.1005 0.096 0.096 0.096 0.102 0.102 0.115 0.115 0.1195 0.1195 0.111 0.111 0.111 0.1105 0.1105 0.11 0.11 0.09450001 0.09450001 0.09450001 0.0965 0.0965 0.098 0.098 0.0835 0.0835 0.0835 0.082 0.082 0.077 0.077 0.08750001 0.08750001 0.08750001 0.0845 0.0845 0.091 0.091
0.094 0.103 0.103 0.101 0.101 0.101 0.112 0.112 0.1145 0.1145 0.107 0.107 0.108 0.108 0.108 0.1095 0.1095 0.114 0.114 0.1135 0.1135 0.1135 0.1165 0.1165 0.123 0.123 0.1165 0.1165 0.1165 0.1185 0.1185 0.104 0.104 0.1015 0.1015 0.1015 0.094 0.094 0.107 0.107 0.103 0.103 0.103 0.1035 0.1035 0.1045 0.1045 0.1085 0.1085 0.09 0.09 0.09 0.0955 0.0955 0.107 0.107 0.1085 0.1085 0.1085 0.09450001 0.09450001 0.0845 0.0845 0.084 0.084 0.084 0.08050001 0.08050001 0.0755 0.0755 0.0835 0.0835 0.0835 0.078 0.078 0.094 0.094
0.094 0.103 0.103 0.101 0.101 0.101 0.112 0.112 0.1145 0.1145 0.107 0.107 0.108 0.108 0.108 0.1095 0.1095 0.114 0.114 0.1135 0.1135 0.1135 0.1165 0.1165 0.123 0.123 0.1165 0.1165 0.1165 0.1185 0.1185 0.104 0.104 0.1015 0.1015 0.1015 0.094 0.094 0.107 0.107 0.103 0.103 0.103 0.1035 0.1035 0.1045 0.1045 0.1085 0.1085 0.09 0.09 0.09 0.0955 0.0955 0.107 0.107 0.1085 0.1085 0.1085 0.09450001 0.09450001 0.0845 0.0845 0.084 0.084 0.084 0.08050001 0.08050001 0.0755 0.0755 0.0835 0.0835 0.0835 0.078 0.078 0.094 0.094
0.1045 0.097 0.097 0.0955 0.0955 0.0955 0.1005 0.1005 0.1015 0.1015 0.101 0.101 0.106 0.106 0.106 0.1175 0.1175 0.1265 0.1265 0.1105 0.1105 0.1105 0.111 0.111 0.1115 0.1115 0.1105 0.1105 0.1105 0.1125 0.1125 0.097 0.097 0.094 0.094 0.094 0.08750001 0.08750001 0.0835 0.0835 0.0725 0.0725 0.0725 0.0625 0.0625 0.0625 0.0625 0.0495 0.0495 0.0591 0.0591 0.0591 0.0585 0.0585 0.084 0.084 0.086 0.086 0.086 0.0875 0.0875 0.0855 0.0855 0.0835 0.0835 0.0835 0.08400001 0.08400001 0.078 0.078 0.0795 0.0795 0.0795 0.07099999 0.07099999 0.094 0.094
0.1045 0.097 0.097 0.0955 0.0955 0.0955 0.1005 0.1005 0.1015 0.1015 0.101 0.101 0.106 0.106 0.106 0.1175 0.1175 0.1265 0.1265 0.1105 0.1105 0.1105 0.111 0.111 0.1115 0.1115 0.1105 0.1105 0.1105 0.1125 0.1125 0.097 0.097 0.094 0.094 0.094 0.08750001 0.08750001 0.0835 0.0835 0.0725 0.0725 0.0725 0.0625 0.0625 0.0625 0.0625 0.0495 0.0495 0.0591 0.0591 0.0591 0.0585 0.0585 0.084 0.084 0.086 0.086 0.086 0.0875 0.0875 0.0855 0.0855 0.0835 0.0835 0.0835 0.08400001 0.08400001 0.078 0.078 0.0795 0.0795 0.0795 0.07099999 0.07099999 0.094 0.094
0.098 0.092 0.092 0.085 0.085 0.085 0.077 0.077 0.0725 0.0725 0.089 0.089 0.095 0.095 0.095 0.1035 0.1035 0.098 0.098 0.1055 0.1055 0.1055 0.094 0.094 0.097 0.097 0.097 0.097 0.097 0.0835 0.0835 0.06550001 0.06550001 0.0815 0.0815 0.0815 0.0815 0.0815 0.07449999 0.07449999 0.09450001 0.09450001 0.09450001 0.0945 0.0945 0.0955 0.0955 0.0915 0.0915 0.092 0.092 0.092 0.0875 0.0875 0.086 0.086 0.0865 0.0865 0.0865 0.087 0.087 0.0875 0.0875 0.079 0.079 0.079 0.0695 0.0695 0.07 0.07 0.071 0.071 0.071 0.0825 0.0825 0.0915 0.0915
0.098 0.092 0.092 0.085 0.085 0.085 0.077 0.077 0.0725 0.0725 0.089 0.089 0.095 0.095 0.095 0.1035 0.1035 0.098 0.098 0.1055 0.1055 0.1055 0.094 0.094 0.097 0.097 0.097 0.097 0.097 0.0835 0.0835 0.06550001 0.06550001 0.0815 0.0815 0.0815 0.0815 0.0815 0.07449999 0.07449999 0.09450001 0.09450001 0.09450001 0.0945 0.0945 0.0955 0.0955 0.0915 0.0915 0.092 0.092 0.092 0.0875 0.0875 0.086 0.086 0.0865 0.0865 0.0865 0.087 0.087 0.0875 0.0875 0.079 0.079 0.079 0.0695 0.0695 0.07 0.07 0.071 0.071 0.071 0.0825 0.0825 0.0915 0.0915
0.098 0.092 0.092 0.085 0.085 0.085 0.077 0.077 0.0725 0.0725 0.089 0.089 0.095 0.095 0.095 0.1035 0.1035 0.098 0.098 0.1055 0.1055 0.1055 0.094 0.094 0.097 0.097 0.097 0.097 0.097 0.0835 0.0835 0.06550001 0.06550001 0.0815 0.0815 0.0815 0.0815 0.0815 0.07449999 0.07449999 0.09450001 0.09450001 0.09450001 0.0945 0.0945 0.0955 0.0955 0.0915 0.0915 0.092 0.092 0.092 0.0875 0.0875 0.086 0.086 0.0865 0.0865 0.0865 0.087 0.087 0.0875 0.0875 0.079 0.079 0.079 0.0695 0.0695 0.07 0.07 0.071 0.071 0.071 0.0825 0.0825 0.0915 0.0915
0.0905 0.119 0.119 0.0895 0.0895 0.0895 0.0815 0.0815 0.0705 0.0705 0.0915 0.0915 0.101 0.101 0.101 0.1005 0.1005 0.11 0.11 0.103 0.103 0.103 0.107 0.107 0.1085 0.1085 0.0905 0.0905 0.0905 0.0855 0.0855 0.0835 0.0835 0.089 0.089 0.089 0.119 0.119 0.107 0.107 0.101 0.101 0.101 0.0955 0.0955 0.096 0.096 0.093 0.093 0.088 0.088 0.088 0.0855 0.0855 0.0865 0.0865 0.0865 0.0865 0.0865 0.0855 0.0855 0.0895 0.0895 0.0835 0.0835 0.0835 0.082 0.082 0.0855 0.0855 0.08400001 0.08400001 0.08400001 0.08400001 0.08400001 0.0855 0.0855
0.0905 0.119 0.119 0.0895 0.0895 0.0895 0.0815 0.0815 0.0705 0.0705 0.0915 0.0915 0.101 0.101 0.101 0.1005 0.1005 0.11 0.11 0.103 0.103 0.103 0.107 0.107 0.1085 0.1085 0.0905 0.0905 0.0905 0.0855 0.0855 0.0835 0.0835 0.089 0.089 0.089 0.119 0.119 0.107 0.107 0.101 0.101 0.101 0.0955 0.0955 0.096 0.096 0.093 0.093 0.088 0.088 0.088 0.0855 0.0855 0.0865 0.0865 0.0865 0.0865 0.0865 0.0855 0.0855 0.0895 0.0895 0.0835 0.0835 0.0835 0.082 0.082 0.0855 0.0855 0.08400001 0.08400001 0.08400001 0.08400001 0.08400001 0.0855 0.0855
0.092 0.099 0.099 0.09100001 0.09100001 0.09100001 0.086 0.086 0.0825 0.0825 0.089 0.089 0.103 0.103 0.103 0.091 0.091 0.104 0.104 0.103 0.103 0.103 0.1205 0.1205 0.1245 0.1245 0.1235 0.1235 0.1235 0.118 0.118 0.1135 0.1135 0.1295 0.1295 0.1295 0.1235 0.1235 0.1065 0.1065 0.0995 0.0995 0.0995 0.099 0.099 0.0935 0.0935 0.09100001 0.09100001 0.086 0.086 0.086 0.0845 0.0845 0.086 0.086 0.0865 0.0865 0.0865 0.09100001 0.09100001 0.091 0.091 0.091 0.091 0.091 0.085 0.085 0.09 0.09 0.087 0.087 0.087 0.086 0.086 0.0705 0.0705
0.092 0.099 0.099 0.09100001 0.09100001 0.09100001 0.086 0.086 0.0825 0.0825 0.089 0.089 0.103 0.103 0.103 0.091 0.091 0.104 0.104 0.103 0.103 0.103 0.1205 0.1205 0.1245 0.1245 0.1235 0.1235 0.1235 0.118 0.118 0.1135 0.1135 0.1295 0.1295 0.1295 0.1235 0.1235 0.1065 0.1065 0.0995 0.0995 0.0995 0.099 0.099 0.0935 0.0935 0.09100001 0.09100001 0.086 0.086 0.086 0.0845 0.0845 0.086 0.086 0.0865 0.0865 0.0865 0.09100001 0.09100001 0.091 0.091 0.091 0.091 0.091 0.085 0.085 0.09 0.09 0.087 0.087 0.087 0.086 0.086 0.0705 0.0705
0.0925 0.094 0.094 0.106 0.106 0.106 0.12 0.12 0.1115 0.1115 0.096 0.096 0.11 0.11 0.11 0.1045 0.1045 0.1065 0.1065 0.118 0.118 0.118 0.1205 0.1205 0.137 0.137 0.136 0.136 0.136 0.134 0.134 0.134 0.134 0.1335 0.1335 0.1335 0.1235 0.1235 0.1055 0.1055 0.0985 0.0985 0.0985 0.098 0.098 0.098 0.098 0.0935 0.0935 0.098 0.098 0.098 0.0935 0.0935 0.0865 0.0865 0.088 0.088 0.088 0.0905 0.0905 0.087 0.087 0.0885 0.0885 0.0885 0.09299999 0.09299999 0.088 0.088 0.085 0.085 0.085 0.083 0.083 0.0765 0.0765
0.0925 0.094 0.094 0.106 0.106 0.106 0.12 0.12 0.1115 0.1115 0.096 0.096 0.11 0.11 0.11 0.1045 0.1045 0.1065 0.1065 0.118 0.118 0.118 0.1205 0.1205 0.137 0.137 0.136 0.136 0.136 0.134 0.134 0.134 0.134 0.1335 0.1335 0.1335 0.1235 0.1235 0.1055 0.1055 0.0985 0.0985 0.0985 0.098 0.098 0.098 0.098 0.0935 0.0935 0.098 0.098 0.098 0.0935 0.0935 0.0865 0.0865 0.088 0.088 0.088 0.0905 0.0905 0.087 0.087 0.0885 0.0885 0.0885 0.09299999 0.09299999 0.088 0.088 0.085 0.085 0.085 0.083 0.083 0.0765 0.0765
0.0925 0.094 0.094 0.106 0.106 0.106 0.12 0.12 0.1115 0.1115 0.096 0.096 0.11 0.11 0.11 0.1045 0.1045 0.1065 0.1065 0.118 0.118 0.118 0.1205 0.1205 0.137 0.137 0.136 0.136 0.136 0.134 0.134 0.134 0.134 0.1335 0.1335 0.1335 0.1235 0.1235 0.1055 0.1055 0.0985 0.0985 0.0985 0.098 0.098 0.098 0.098 0.0935 0.0935 0.098 0.098 0.098 0.0935 0.0935 0.0865 0.0865 0.088 0.088 0.088 0.0905 0.0905 0.087 0.087 0.0885 0.0885 0.0885 0.09299999 0.09299999 0.088 0.088 0.085 0.085 0.085 0.083 0.083 0.0765 0.0765
0.095 0.079 0.079 0.1075 0.1075 0.1075 0.108 0.108 0.1065 0.1065 0.1025 0.1025 0.1085 0.1085 0.1085 0.1155 0.1155 0.1175 0.1175 0.119 0.119 0.119 0.1325 0.1325 0.1265 0.1265 0.1265 0.1265 0.1265 0.1305 0.1305 0.129 0.129 0.1175 0.1175 0.1175 0.1145 0.1145 0.1065 0.1065 0.0995 0.0995 0.0995 0.103 0.103 0.101 0.101 0.102 0.102 0.104 0.104 0.104 0.0975 0.0975 0.09299999 0.09299999 0.09 0.09 0.09 0.092 0.092 0.1045 0.1045 0.0995 0.0995 0.0995 0.099 0.099 0.104 0.104 0.106 0.106 0.106 0.1025 0.1025 0.0925 0.0925
0.095 0.079 0.079 0.1075 0.1075 0.1075 0.108 0.108 0.1065 0.1065 0.1025 0.1025 0.1085 0.1085 0.1085 0.1155 0.1155 0.1175 0.1175 0.119 0.119 0.119 0.1325 0.1325 0.1265 0.1265 0.1265 0.1265 0.1265 0.1305 0.1305 0.129 0.129 0.1175 0.1175 0.1175 0.1145 0.1145 0.1065 0.1065 0.0995 0.0995 0.0995 0.103 0.103 0.101 0.101 0.102 0.102 0.104 0.104 0.104 0.0975 0.0975 0.09299999 0.09299999 0.09 0.09 0.09 0.092 0.092 0.1045 0.1045 0.0995 0.0995 0.0995 0.099 0.099 0.104 0.104 0.106 0.106 0.106 0.1025 0.1025 0.0925 0.0925
0.105 0.098 0.098 0.123 0.123 0.123 0.107 0.107 0.104 0.104 0.1045 0.1045 0.101 0.101 0.101 0.115 0.115 0.099 0.099 0.112 0.112 0.112 0.1155 0.1155 0.136 0.136 0.133 0.133 0.133 0.1345 0.1345 0.1195 0.1195 0.1115 0.1115 0.1115 0.116 0.116 0.1095 0.1095 0.107 0.107 0.107 0.0985 0.0985 0.11 0.11 0.1115 0.1115 0.1175 0.1175 0.1175 0.11 0.11 0.1 0.1 0.106 0.106 0.106 0.106 0.106 0.11 0.11 0.1085 0.1085 0.1085 0.1175 0.1175 0.1145 0.1145 0.1025 0.1025 0.1025 0.101 0.101 0.09550001 0.09550001
0.105 0.098 0.098 0.123 0.123 0.123 0.107 0.107 0.104 0.104 0.1045 0.1045 0.101 0.101 0.101 0.115 0.115 0.099 0.099 0.112 0.112 0.112 0.1155 0.1155 0.136 0.136 0.133 0.133 0.133 0.1345 0.1345 0.1195 0.1195 0.1115 0.1115 0.1115 0.116 0.116 0.1095 0.1095 0.107 0.107 0.107 0.0985 0.0985 0.11 0.11 0.1115 0.1115 0.1175 0.1175 0.1175 0.11 0.11 0.1 0.1 0.106 0.106 0.106 0.106 0.106 0.11 0.11 0.1085 0.1085 0.1085 0.1175 0.1175 0.1145 0.1145 0.1025 0.1025 0.1025 0.101 0.101 0.09550001 0.09550001
0.1335 0.11 0.11 0.114 0.114 0.114 0.128 0.128 0.0995 0.0995 0.08149999 0.08149999 0.094 0.094 0.094 0.1035 0.1035 0.097 0.097 0.1065 0.1065 0.1065 0.103 0.103 0.105 0.105 0.118 0.118 0.118 0.1335 0.1335 0.126 0.126 0.112 0.112 0.112 0.1165 0.1165 0.111 0.111 0.109 0.109 0.109 0.1085 0.1085 0.113 0.113 0.1465 0.1465 0.1435 0.1435 0.1435 0.131 0.131 0.1115 0.1115 0.113 0.113 0.113 0.113 0.113 0.12 0.12 0.1185 0.1185 0.1185 0.121 0.121 0.116 0.116 0.119 0.119 0.119 0.118 0.118 0.103 0.103
0.1335 0.11 0.11 0.114 0.114 0.114 0.128 0.128 0.0995 0.0995 0.08149999 0.08149999 0.094 0.094 0.094 0.1035 0.1035 0.097 0.097 0.1065 0.1065 0.1065 0.103 0.103 0.105 0.105 0.118 0.118 0.118 0.1335 0.1335 0.126 0.126 0.112 0.112 0.112 0.1165 0.1165 0.111 0.111 0.109 0.109 0.109 0.1085 0.1085 0.113 0.113 0.1465 0.1465 0.1435 0.1435 0.1435 0.131 0.131 0.1115 0.1115 0.113 0.113 0.113 0.113 0.113 0.12 0.12 0.1185 0.1185 0.1185 0.121 0.121 0.116 0.116 0.119 0.119 0.119 0.118 0.118 0.103 0.103
