ndvi/NOAA-76.asc
ncols         252
nrows         154
xllcorner     -18.017974
yllcorner     13.481982
cellsize      0.035948
NODATA_value  -9999
[rows 70 to 104 of 154, columns 154 to 230 of 252]
0.1435 0.1515 0.1515 0.143 0.143 0.143 0.1455 0.1455 0.1645 0.1645 0.156 0.156 0.2085 0.2085 0.2085 0.2045 0.2045 0.204 0.204 0.216 0.216 0.216 0.2 0.2 0.21 0.21 0.2115 0.2115 0.2115 0.205 0.205 0.2035 0.2035 0.2 0.2 0.2 0.194 0.194 0.197 0.197 0.201 0.201 0.201 0.2 0.2 0.201 0.201 0.199 0.199 0.1995 0.1995 0.1995 0.2035 0.2035 0.2105 0.2105 0.2045 0.2045 0.2045 0.207 0.207 0.2055 0.2055 0.194 0.194 0.194 0.18 0.18 0.183 0.183 0.1945 0.1945 0.1945 0.186 0.186 0.1885 0.1885
0.159 0.1825 0.1825 0.175 0.175 0.175 0.1715 0.1715 0.164 0.164 0.1605 0.1605 0.209 0.209 0.209 0.2095 0.2095 0.215 0.215 0.215 0.215 0.215 0.198 0.198 0.196 0.196 0.203 0.203 0.203 0.205 0.205 0.1965 0.1965 0.1985 0.1985 0.1985 0.1985 0.1985 0.198 0.198 0.196 0.196 0.196 0.1995 0.1995 0.1995 0.1995 0.1975 0.1975 0.2045 0.2045 0.2045 0.214 0.214 0.2085 0.2085 0.204 0.204 0.204 0.205 0.205 0.204 0.204 0.2025 0.2025 0.2025 0.1895 0.1895 0.186 0.186 0.189 0.189 0.189 0.1915 0.1915 0.204 0.204
0.159 0.1825 0.1825 0.175 0.175 0.175 0.1715 0.1715 0.164 0.164 0.1605 0.1605 0.209 0.209 0.209 0.2095 0.2095 0.215 0.215 0.215 0.215 0.215 0.198 0.198 0.196 0.196 0.203 0.203 0.203 0.205 0.205 0.1965 0.1965 0.1985 0.1985 0.1985 0.1985 0.1985 0.198 0.198 0.196 0.196 0.196 0.1995 0.1995 0.1995 0.1995 0.1975 0.1975 0.2045 0.2045 0.2045 0.214 0.214 0.2085 0.2085 0.204 0.204 0.204 0.205 0.205 0.204 0.204 0.2025 0.2025 0.2025 0.1895 0.1895 0.186 0.186 0.189 0.189 0.189 0.1915 0.1915 0.204 0.204
0.159 0.1825 0.1825 0.175 0.175 0.175 0.1715 0.1715 0.164 0.164 0.1605 0.1605 0.209 0.209 0.209 0.2095 0.2095 0.215 0.215 0.215 0.215 0.215 0.198 0.198 0.196 0.196 0.203 0.203 0.203 0.205 0.205 0.1965 0.1965 0.1985 0.1985 0.1985 0.1985 0.1985 0.198 0.198 0.196 0.196 0.196 0.1995 0.1995 0.1995 0.1995 0.1975 0.1975 0.2045 0.2045 0.2045 0.214 0.214 0.2085 0.2085 0.204 0.204 0.204 0.205 0.205 0.204 0.204 0.2025 0.2025 0.2025 0.1895 0.1895 0.186 0.186 0.189 0.189 0.189 0.1915 0.1915 0.204 0.204
0.161 0.172 0.172 0.18 0.18 0.18 0.1705 0.1705 0.1655 0.1655 0.1635 0.1635 0.19 0.19 0.19 0.206 0.206 0.199 0.199 0.209 0.209 0.209 0.1985 0.1985 0.204 0.204 0.209 0.209 0.209 0.2135 0.2135 0.21 0.21 0.201 0.201 0.201 0.204 0.204 0.2055 0.2055 0.2085 0.2085 0.2085 0.2145 0.2145 0.2135 0.2135 0.2075 0.2075 0.2115 0.2115 0.2115 0.215 0.215 0.2045 0.2045 0.199 0.199 0.199 0.207 0.207 0.2115 0.2115 0.208 0.208 0.208 0.2005 0.2005 0.1795 0.1795 0.1865 0.1865 0.1865 0.198 0.198 0.204 0.204
0.161 0.172 0.172 0.18 0.18 0.18 0.1705 0.1705 0.1655 0.1655 0.1635 0.1635 0.19 0.19 0.19 0.206 0.206 0.199 0.199 0.209 0.209 0.209 0.1985 0.1985 0.204 0.204 0.209 0.209 0.209 0.2135 0.2135 0.21 0.21 0.201 0.201 0.201 0.204 0.204 0.2055 0.2055 0.2085 0.2085 0.2085 0.2145 0.2145 0.2135 0.2135 0.2075 0.2075 0.2115 0.2115 0.2115 0.215 0.215 0.2045 0.2045 0.199 0.199 0.199 0.207 0.207 0.2115 0.2115 0.208 0.208 0.208 0.2005 0.2005 0.1795 0.1795 0.1865 0.1865 0.1865 0.198 0.198 0.204 0.204
0.143 0.171 0.171 0.1775 0.1775 0.1775 0.1555 0.1555 0.1605 0.1605 0.157 0.157 0.1895 0.1895 0.1895 0.204 0.204 0.2035 0.2035 0.2235 0.2235 0.2235 0.207 0.207 0.209 0.209 0.2095 0.2095 0.2095 0.2115 0.2115 0.2125 0.2125 0.2135 0.2135 0.2135 0.2065 0.2065 0.2175 0.2175 0.219 0.219 0.219 0.2155 0.2155 0.214 0.214 0.2075 0.2075 0.215 0.215 0.215 0.2165 0.2165 0.1965 0.1965 0.21 0.21 0.21 0.2025 0.2025 0.207 0.207 0.2115 0.2115 0.2115 0.208 0.208 0.194 0.194 0.202 0.202 0.202 0.2 0.2 0.2135 0.2135
0.143 0.171 0.171 0.1775 0.1775 0.1775 0.1555 0.1555 0.1605 0.1605 0.157 0.157 0.1895 0.1895 0.1895 0.204 0.204 0.2035 0.2035 0.2235 0.2235 0.2235 0.207 0.207 0.209 0.209 0.2095 0.2095 0.2095 0.2115 0.2115 0.2125 0.2125 0.2135 0.2135 0.2135 0.2065 0.2065 0.2175 0.2175 0.219 0.219 0.219 0.2155 0.2155 0.214 0.214 0.2075 0.2075 0.215 0.215 0.215 0.2165 0.2165 0.1965 0.1965 0.21 0.21 0.21 0.2025 0.2025 0.207 0.207 0.2115 0.2115 0.2115 0.208 0.208 0.194 0.194 0.202 0.202 0.202 0.2 0.2 0.2135 0.2135
0.14 0.146 0.146 0.1505 0.1505 0.1505 0.1485 0.1485 0.1475 0.1475 0.1635 0.1635 0.1805 0.1805 0.1805 0.1955 0.1955 0.1985 0.1985 0.206 0.206 0.206 0.201 0.201 0.211 0.211 0.2095 0.2095 0.2095 0.199 0.199 0.2 0.2 0.206 0.206 0.206 0.2105 0.2105 0.2135 0.2135 0.214 0.214 0.214 0.212 0.212 0.214 0.214 0.2075 0.2075 0.212 0.212 0.212 0.2155 0.2155 0.207 0.207 0.2115 0.2115 0.2115 0.212 0.212 0.2175 0.2175 0.224 0.224 0.224 0.223 0.223 0.205 0.205 0.213 0.213 0.213 0.191 0.191 0.198 0.198
0.14 0.146 0.146 0.1505 0.1505 0.1505 0.1485 0.1485 0.1475 0.1475 0.1635 0.1635 0.1805 0.1805 0.1805 0.1955 0.1955 0.1985 0.1985 0.206 0.206 0.206 0.201 0.201 0.211 0.211 0.2095 0.2095 0.2095 0.199 0.199 0.2 0.2 0.206 0.206 0.206 0.2105 0.2105 0.2135 0.2135 0.214 0.214 0.214 0.212 0.212 0.214 0.214 0.2075 0.2075 0.212 0.212 0.212 0.2155 0.2155 0.207 0.207 0.2115 0.2115 0.2115 0.212 0.212 0.2175 0.2175 0.224 0.224 0.224 0.223 0.223 0.205 0.205 0.213 0.213 0.213 0.191 0.191 0.198 0.198
0.1355 0.1345 0.1345 0.146 0.146 0.146 0.144 0.144 0.145 0.145 0.1585 0.1585 0.1915 0.1915 0.1915 0.198 0.198 0.2085 0.2085 0.2075 0.2075 0.2075 0.1975 0.1975 0.211 0.211 0.212 0.212 0.212 0.2185 0.2185 0.21 0.21 0.206 0.206 0.206 0.2075 0.2075 0.2135 0.2135 0.213 0.213 0.213 0.2055 0.2055 0.2025 0.2025 0.196 0.196 0.202 0.202 0.202 0.2045 0.2045 0.228 0.228 0.2225 0.2225 0.2225 0.215 0.215 0.2235 0.2235 0.223 0.223 0.223 0.2185 0.2185 0.2155 0.2155 0.2085 0.2085 0.2085 0.21 0.21 0.197 0.197
0.1355 0.1345 0.1345 0.146 0.146 0.146 0.144 0.144 0.145 0.145 0.1585 0.1585 0.1915 0.1915 0.1915 0.198 0.198 0.2085 0.2085 0.2075 0.2075 0.2075 0.1975 0.1975 0.211 0.211 0.212 0.212 0.212 0.2185 0.2185 0.21 0.21 0.206 0.206 0.206 0.2075 0.2075 0.2135 0.2135 0.213 0.213 0.213 0.2055 0.2055 0.2025 0.2025 0.196 0.196 0.202 0.202 0.202 0.2045 0.2045 0.228 0.228 0.2225 0.2225 0.2225 0.215 0.215 0.2235 0.2235 0.223 0.223 0.223 0.2185 0.2185 0.2155 0.2155 0.2085 0.2085 0.2085 0.21 0.21 0.197 0.197
0.1355 0.1345 0.1345 0.146 0.146 0.146 0.144 0.144 0.145 0.145 0.1585 0.1585 0.1915 0.1915 0.1915 0.198 0.198 0.2085 0.2085 0.2075 0.2075 0.2075 0.1975 0.1975 0.211 0.211 0.212 0.212 0.212 0.2185 0.2185 0.21 0.21 0.206 0.206 0.206 0.2075 0.2075 0.2135 0.2135 0.213 0.213 0.213 0.2055 0.2055 0.2025 0.2025 0.196 0.196 0.202 0.202 0.202 0.2045 0.2045 0.228 0.228 0.2225 0.2225 0.2225 0.215 0.215 0.2235 0.2235 0.223 0.223 0.223 0.2185 0.2185 0.2155 0.2155 0.2085 0.2085 0.2085 0.21 0.21 0.197 0.197
0.136 0.154 0.154 0.1555 0.1555 0.1555 0.1445 0.1445 0.1385 0.1385 0.1945 0.1945 0.2005 0.2005 0.2005 0.2105 0.2105 0.2265 0.2265 0.217 0.217 0.217 0.213 0.213 0.2165 0.2165 0.2125 0.2125 0.2125 0.2075 0.2075 0.194 0.194 0.202 0.202 0.202 0.1945 0.1945 0.21 0.21 0.2005 0.2005 0.2005 0.205 0.205 0.1985 0.1985 0.21 0.21 0.2205 0.2205 0.2205 0.2305 0.2305 0.224 0.224 0.223 0.223 0.223 0.2215 0.2215 0.2215 0.2215 0.2205 0.2205 0.2205 0.228 0.228 0.2185 0.2185 0.2195 0.2195 0.2195 0.21 0.21 0.2065 0.2065
0.136 0.154 0.154 0.1555 0.1555 0.1555 0.1445 0.1445 0.1385 0.1385 0.1945 0.1945 0.2005 0.2005 0.2005 0.2105 0.2105 0.2265 0.2265 0.217 0.217 0.217 0.213 0.213 0.2165 0.2165 0.2125 0.2125 0.2125 0.2075 0.2075 0.194 0.194 0.202 0.202 0.202 0.1945 0.1945 0.21 0.21 0.2005 0.2005 0.2005 0.205 0.205 0.1985 0.1985 0.21 0.21 0.2205 0.2205 0.2205 0.2305 0.2305 0.224 0.224 0.223 0.223 0.223 0.2215 0.2215 0.2215 0.2215 0.2205 0.2205 0.2205 0.228 0.228 0.2185 0.2185 0.2195 0.2195 0.2195 0.21 0.21 0.2065 0.2065
0.15 0.1665 0.1665 0.1685 0.1685 0.1685 0.1475 0.1475 0.1785 0.1785 0.209 0.209 0.21 0.21 0.21 0.208 0.208 0.219 0.219 0.228 0.228 0.228 0.224 0.224 0.2205 0.2205 0.2045 0.2045 0.2045 0.2075 0.2075 0.1945 0.1945 0.2005 0.2005 0.2005 0.1965 0.1965 0.201 0.201 0.214 0.214 0.214 0.2165 0.2165 0.2235 0.2235 0.2235 0.2235 0.2285 0.2285 0.2285 0.213 0.213 0.2295 0.2295 0.229 0.229 0.229 0.224 0.224 0.218 0.218 0.2295 0.2295 0.2295 0.227 0.227 0.2245 0.2245 0.2215 0.2215 0.2215 0.225 0.225 0.2235 0.2235
0.15 0.1665 0.1665 0.1685 0.1685 0.1685 0.1475 0.1475 0.1785 0.1785 0.209 0.209 0.21 0.21 0.21 0.208 0.208 0.219 0.219 0.228 0.228 0.228 0.224 0.224 0.2205 0.2205 0.2045 0.2045 0.2045 0.2075 0.2075 0.1945 0.1945 0.2005 0.2005 0.2005 0.1965 0.1965 0.201 0.201 0.214 0.214 0.214 0.2165 0.2165 0.2235 0.2235 0.2235 0.2235 0.2285 0.2285 0.2285 0.213 0.213 0.2295 0.2295 0.229 0.229 0.229 0.224 0.224 0.218 0.218 0.2295 0.2295 0.2295 0.227 0.227 0.2245 0.2245 0.2215 0.2215 0.2215 0.225 0.225 0.2235 0.2235
0.1805 0.1745 0.1745 0.165 0.165 0.165 0.1475 0.1475 0.1655 0.1655 0.221 0.221 0.2105 0.2105 0.2105 0.2065 0.2065 0.2185 0.2185 0.2235 0.2235 0.2235 0.2315 0.2315 0.224 0.224 0.219 0.219 0.219 0.2085 0.2085 0.195 0.195 0.196 0.196 0.196 0.193 0.193 0.1955 0.1955 0.211 0.211 0.211 0.2225 0.2225 0.2175 0.2175 0.2225 0.2225 0.22 0.22 0.22 0.225 0.225 0.222 0.222 0.2205 0.2205 0.2205 0.2175 0.2175 0.214 0.214 0.2285 0.2285 0.2285 0.228 0.228 0.2205 0.2205 0.219 0.219 0.219 0.231 0.231 0.2225 0.2225
0.1805 0.1745 0.1745 0.165 0.165 0.165 0.1475 0.1475 0.1655 0.1655 0.221 0.221 0.2105 0.2105 0.2105 0.2065 0.2065 0.2185 0.2185 0.2235 0.2235 0.2235 0.2315 0.2315 0.224 0.224 0.219 0.219 0.219 0.2085 0.2085 0.195 0.195 0.196 0.196 0.196 0.193 0.193 0.1955 0.1955 0.211 0.211 0.211 0.2225 0.2225 0.2175 0.2175 0.2225 0.2225 0.22 0.22 0.22 0.225 0.225 0.222 0.222 0.2205 0.2205 0.2205 0.2175 0.2175 0.214 0.214 0.2285 0.2285 0.2285 0.228 0.228 0.2205 0.2205 0.219 0.219 0.219 0.231 0.231 0.2225 0.2225
0.1805 0.1745 0.1745 0.165 0.165 0.165 0.1475 0.1475 0.1655 0.1655 0.221 0.221 0.2105 0.2105 0.2105 0.2065 0.2065 0.2185 0.2185 0.2235 0.2235 0.2235 0.2315 0.2315 0.224 0.224 0.219 0.219 0.219 0.2085 0.2085 0.195 0.195 0.196 0.196 0.196 0.193 0.193 0.1955 0.1955 0.211 0.211 0.211 0.2225 0.2225 0.2175 0.2175 0.2225 0.2225 0.22 0.22 0.22 0.225 0.225 0.222 0.222 0.2205 0.2205 0.2205 0.2175 0.2175 0.214 0.214 0.2285 0.2285 0.2285 0.228 0.228 0.2205 0.2205 0.219 0.219 0.219 0.231 0.231 0.2225 0.2225
0.1635 0.166 0.166 0.1825 0.1825 0.1825 0.166 0.166 0.2 0.2 0.215 0.215 0.2125 0.2125 0.2125 0.2185 0.2185 0.2265 0.2265 0.2235 0.2235 0.2235 0.218 0.218 0.2155 0.2155 0.2115 0.2115 0.2115 0.2015 0.2015 0.1995 0.1995 0.1985 0.1985 0.1985 0.2205 0.2205 0.2165 0.2165 0.219 0.219 0.219 0.215 0.215 0.2225 0.2225 0.2285 0.2285 0.224 0.224 0.224 0.2215 0.2215 0.2165 0.2165 0.221 0.221 0.221 0.2105 0.2105 0.2095 0.2095 0.2185 0.2185 0.2185 0.226 0.226 0.221 0.221 0.2155 0.2155 0.2155 0.2275 0.2275 0.226 0.226
0.1635 0.166 0.166 0.1825 0.1825 0.1825 0.166 0.166 0.2 0.2 0.215 0.215 0.2125 0.2125 0.2125 0.2185 0.2185 0.2265 0.2265 0.2235 0.2235 0.2235 0.218 0.218 0.2155 0.2155 0.2115 0.2115 0.2115 0.2015 0.2015 0.1995 0.1995 0.1985 0.1985 0.1985 0.2205 0.2205 0.2165 0.2165 0.219 0.219 0.219 0.215 0.215 0.2225 0.2225 0.2285 0.2285 0.224 0.224 0.224 0.2215 0.2215 0.2165 0.2165 0.221 0.221 0.221 0.2105 0.2105 0.2095 0.2095 0.2185 0.2185 0.2185 0.226 0.226 0.221 0.221 0.2155 0.2155 0.2155 0.2275 0.2275 0.226 0.226
0.2065 0.188 0.188 0.1825 0.1825 0.1825 0.1795 0.1795 0.1885 0.1885 0.204 0.204 0.2025 0.2025 0.2025 0.2165 0.2165 0.2245 0.2245 0.2285 0.2285 0.2285 0.232 0.232 0.235 0.235 0.197 0.197 0.197 0.19 0.19 0.198 0.198 0.2 0.2 0.2 0.226 0.226 0.224 0.224 0.223 0.223 0.223 0.226 0.226 0.224 0.224 0.2265 0.2265 0.223 0.223 0.223 0.2185 0.2185 0.217 0.217 0.2165 0.2165 0.2165 0.2155 0.2155 0.2195 0.2195 0.226 0.226 0.226 0.2235 0.2235 0.2175 0.2175 0.2275 0.2275 0.2275 0.232 0.232 0.2305 0.2305
0.2065 0.188 0.188 0.1825 0.1825 0.1825 0.1795 0.1795 0.1885 0.1885 0.204 0.204 0.2025 0.2025 0.2025 0.2165 0.2165 0.2245 0.2245 0.2285 0.2285 0.2285 0.232 0.232 0.235 0.235 0.197 0.197 0.197 0.19 0.19 0.198 0.198 0.2 0.2 0.2 0.226 0.226 0.224 0.224 0.223 0.223 0.223 0.226 0.226 0.224 0.224 0.2265 0.2265 0.223 0.223 0.223 0.2185 0.2185 0.217 0.217 0.2165 0.2165 0.2165 0.2155 0.2155 0.2195 0.2195 0.226 0.226 0.226 0.2235 0.2235 0.2175 0.2175 0.2275 0.2275 0.2275 0.232 0.232 0.2305 0.2305
0.192 0.1945 0.1945 0.181 0.181 0.181 0.2055 0.2055 0.192 0.192 0.2025 0.2025 0.2185 0.2185 0.2185 0.2115 0.2115 0.221 0.221 0.222 0.222 0.222 0.215 0.215 0.2025 0.2025 0.2005 0.2005 0.2005 0.2 0.2 0.2095 0.2095 0.2235 0.2235 0.2235 0.2185 0.2185 0.233 0.233 0.228 0.228 0.228 0.2325 0.2325 0.2375 0.2375 0.2375 0.2375 0.22 0.22 0.22 0.214 0.214 0.2045 0.2045 0.2215 0.2215 0.2215 0.22 0.22 0.2105 0.2105 0.227 0.227 0.227 0.219 0.219 0.218 0.218 0.215 0.215 0.215 0.2155 0.2155 0.2435 0.2435
0.192 0.1945 0.1945 0.181 0.181 0.181 0.2055 0.2055 0.192 0.192 0.2025 0.2025 0.2185 0.2185 0.2185 0.2115 0.2115 0.221 0.221 0.222 0.222 0.222 0.215 0.215 0.2025 0.2025 0.2005 0.2005 0.2005 0.2 0.2 0.2095 0.2095 0.2235 0.2235 0.2235 0.2185 0.2185 0.233 0.233 0.228 0.228 0.228 0.2325 0.2325 0.2375 0.2375 0.2375 0.2375 0.22 0.22 0.22 0.214 0.214 0.2045 0.2045 0.2215 0.2215 0.2215 0.22 0.22 0.2105 0.2105 0.227 0.227 0.227 0.219 0.219 0.218 0.218 0.215 0.215 0.215 0.2155 0.2155 0.2435 0.2435
0.192 0.1945 0.1945 0.181 0.181 0.181 0.2055 0.2055 0.192 0.192 0.2025 0.2025 0.2185 0.2185 0.2185 0.2115 0.2115 0.221 0.221 0.222 0.222 0.222 0.215 0.215 0.2025 0.2025 0.2005 0.2005 0.2005 0.2 0.2 0.2095 0.2095 0.2235 0.2235 0.2235 0.2185 0.2185 0.233 0.233 0.228 0.228 0.228 0.2325 0.2325 0.2375 0.2375 0.2375 0.2375 0.22 0.22 0.22 0.214 0.214 0.2045 0.2045 0.2215 0.2215 0.2215 0.22 0.22 0.2105 0.2105 0.227 0.227 0.227 0.219 0.219 0.218 0.218 0.215 0.215 0.215 0.2155 0.2155 0.2435 0.2435
0.195 0.1855 0.1855 0.2045 0.2045 0.2045 0.1995 0.1995 0.206 0.206 0.1985 0.1985 0.2005 0.2005 0.2005 0.211 0.211 0.192 0.192 0.2235 0.2235 0.2235 0.2265 0.2265 0.1975 0.1975 0.206 0.206 0.206 0.21 0.21 0.209 0.209 0.213 0.213 0.213 0.2105 0.2105 0.223 0.223 0.226 0.226 0.226 0.2355 0.2355 0.238 0.238 0.2305 0.2305 0.219 0.219 0.219 0.23 0.23 0.1975 0.1975 0.1925 0.1925 0.1925 0.223 0.223 0.215 0.215 0.2195 0.2195 0.2195 0.209 0.209 0.211 0.211 0.207 0.207 0.207 0.197 0.197 0.225 0.225
0.195 0.1855 0.1855 0.2045 0.2045 0.2045 0.1995 0.1995 0.206 0.206 0.1985 0.1985 0.2005 0.2005 0.2005 0.211 0.211 0.192 0.192 0.2235 0.2235 0.2235 0.2265 0.2265 0.1975 0.1975 0.206 0.206 0.206 0.21 0.21 0.209 0.209 0.213 0.213 0.213 0.2105 0.2105 0.223 0.223 0.226 0.226 0.226 0.2355 0.2355 0.238 0.238 0.2305 0.2305 0.219 0.219 0.219 0.23 0.23 0.1975 0.1975 0.1925 0.1925 0.1925 0.223 0.223 0.215 0.215 0.2195 0.2195 0.2195 0.209 0.209 0.211 0.211 0.207 0.207 0.207 0.197 0.197 0.225 0.225
0.2105 0.1995 0.1995 0.1995 0.1995 0.1995 0.184 0.184 0.203 0.203 0.194 0.194 0.1985 0.1985 0.1985 0.187 0.187 0.2175 0.2175 0.232 0.232 0.232 0.2175 0.2175 0.2035 0.2035 0.213 0.213 0.213 0.21 0.21 0.2235 0.2235 0.2175 0.2175 0.2175 0.2135 0.2135 0.213 0.213 0.2235 0.2235 0.2235 0.2235 0.2235 0.2305 0.2305 0.2275 0.2275 0.231 0.231 0.231 0.215 0.215 0.21 0.21 0.193 0.193 0.193 0.1895 0.1895 0.199 0.199 0.1975 0.1975 0.1975 0.1885 0.1885 0.1885 0.1885 0.207 0.207 0.207 0.2075 0.2075 0.201 0.201
0.2105 0.1995 0.1995 0.1995 0.1995 0.1995 0.184 0.184 0.203 0.203 0.194 0.194 0.1985 0.1985 0.1985 0.187 0.187 0.2175 0.2175 0.232 0.232 0.232 0.2175 0.2175 0.2035 0.2035 0.213 0.213 0.213 0.21 0.21 0.2235 0.2235 0.2175 0.2175 0.2175 0.2135 0.2135 0.213 0.213 0.2235 0.2235 0.2235 0.2235 0.2235 0.2305 0.2305 0.2275 0.2275 0.231 0.231 0.231 0.215 0.215 0.21 0.21 0.193 0.193 0.193 0.1895 0.1895 0.199 0.199 0.1975 0.1975 0.1975 0.1885 0.1885 0.1885 0.1885 0.207 0.207 0.207 0.2075 0.2075 0.201 0.201
0.2115 0.191 0.191 0.1875 0.1875 0.1875 0.188 0.188 0.1865 0.1865 0.206 0.206 0.2125 0.2125 0.2125 0.2135 0.2135 0.222 0.222 0.2375 0.2375 0.2375 0.2245 0.2245 0.215 0.215 0.2215 0.2215 0.2215 0.2145 0.2145 0.2115 0.2115 0.202 0.202 0.202 0.209 0.209 0.213 0.213 0.2185 0.2185 0.2185 0.219 0.219 0.2185 0.2185 0.2275 0.2275 0.209 0.209 0.209 0.2015 0.2015 0.2035 0.2035 0.2015 0.2015 0.2015 0.1925 0.1925 0.201 0.201 0.191 0.191 0.191 0.1945 0.1945 0.2005 0.2005 0.1885 0.1885 0.1885 0.194 0.194 0.1995 0.1995
0.2115 0.191 0.191 0.1875 0.1875 0.1875 0.188 0.188 0.1865 0.1865 0.206 0.206 0.2125 0.2125 0.2125 0.2135 0.2135 0.222 0.222 0.2375 0.2375 0.2375 0.2245 0.2245 0.215 0.215 0.2215 0.2215 0.2215 0.2145 0.2145 0.2115 0.2115 0.202 0.202 0.202 0.209 0.209 0.213 0.213 0.2185 0.2185 0.2185 0.219 0.219 0.2185 0.2185 0.2275 0.2275 0.209 0.209 0.209 0.2015 0.2015 0.2035 0.2035 0.2015 0.2015 0.2015 0.1925 0.1925 0.201 0.201 0.191 0.191 0.191 0.1945 0.1945 0.2005 0.2005 0.1885 0.1885 0.1885 0.194 0.194 0.1995 0.1995
0.2045 0.198 0.198 0.195 0.195 0.195 0.1995 0.1995 0.196 0.196 0.2135 0.2135 0.213 0.213 0.213 0.206 0.206 0.208 0.208 0.228 0.228 0.228 0.22 0.22 0.211 0.211 0.216 0.216 0.216 0.222 0.222 0.2165 0.2165 0.2175 0.2175 0.2175 0.205 0.205 0.2155 0.2155 0.2165 0.2165 0.2165 0.2265 0.2265 0.2245 0.2245 0.2435 0.2435 0.2535 0.2535 0.2535 0.217 0.217 0.2105 0.2105 0.213 0.213 0.213 0.1925 0.1925 0.1925 0.1925 0.2025 0.2025 0.2025 0.202 0.202 0.2095 0.2095 0.204 0.204 0.204 0.1905 0.1905 0.193 0.193
0.2045 0.198 0.198 0.195 0.195 0.195 0.1995 0.1995 0.196 0.196 0.2135 0.2135 0.213 0.213 0.213 0.206 0.206 0.208 0.208 0.228 0.228 0.228 0.22 0.22 0.211 0.211 0.216 0.216 0.216 0.222 0.222 0.2165 0.2165 0.2175 0.2175 0.2175 0.205 0.205 0.2155 0.2155 0.2165 0.2165 0.2165 0.2265 0.2265 0.2245 0.2245 0.2435 0.2435 0.2535 0.2535 0.2535 0.217 0.217 0.2105 0.2105 0.213 0.213 0.213 0.1925 0.1925 0.1925 0.1925 0.2025 0.2025 0.2025 0.202 0.202 0.2095 0.2095 0.204 0.204 0.204 0.1905 0.1905 0.193 0.193
