ndvi/NOAA-22.asc
ncols         252
nrows         154
xllcorner     -18.017974
yllcorner     13.481982
cellsize      0.035948
NODATA_value  -9999
[rows 102 to 135 of 154, columns 77 to 153 of 252]
0.28 0.28 0.2765 0.2765 0.2775 0.2775 0.259 0.259 0.259 0.2725 0.2725 0.261 0.261 0.258 0.258 0.2715 0.2715 0.2715 0.2805 0.2805 0.2925 0.2925 0.297 0.297 0.297 0.3185 0.3185 0.301 0.301 0.2585 0.2585 0.2585 0.274 0.274 0.3055 0.3055 0.3265 0.3265 0.3265 0.325 0.325 0.3395 0.3395 0.341 0.341 0.341 0.366 0.366 0.3285 0.3285 0.3455 0.3455 0.35 0.35 0.35 0.342 0.342 0.386 0.386 0.2775 0.2775 0.2775 0.3135 0.3135 0.3545 0.3545 0.3185 0.3185 0.3185 0.3465 0.3465 0.3345 0.3345 0.3595 0.3595 0.3595 0.3205
0.305 0.305 0.285 0.285 0.2735 0.2735 0.271 0.271 0.271 0.29 0.29 0.3215 0.3215 0.319 0.319 0.3165 0.3165 0.3165 0.326 0.326 0.3265 0.3265 0.3905 0.3905 0.3905 0.357 0.357 0.3065 0.3065 0.2805 0.2805 0.2805 0.2985 0.2985 0.3065 0.3065 0.329 0.329 0.329 0.332 0.332 0.326 0.326 0.341 0.341 0.341 0.3475 0.3475 0.337 0.337 0.3265 0.3265 0.3325 0.3325 0.3325 0.355 0.355 0.3535 0.3535 0.3435 0.3435 0.3435 0.3045 0.3045 0.305 0.305 0.3095 0.3095 0.3095 0.3245 0.3245 0.308 0.308 0.2805 0.2805 0.2805 0.263
0.305 0.305 0.285 0.285 0.2735 0.2735 0.271 0.271 0.271 0.29 0.29 0.3215 0.3215 0.319 0.319 0.3165 0.3165 0.3165 0.326 0.326 0.3265 0.3265 0.3905 0.3905 0.3905 0.357 0.357 0.3065 0.3065 0.2805 0.2805 0.2805 0.2985 0.2985 0.3065 0.3065 0.329 0.329 0.329 0.332 0.332 0.326 0.326 0.341 0.341 0.341 0.3475 0.3475 0.337 0.337 0.3265 0.3265 0.3325 0.3325 0.3325 0.355 0.355 0.3535 0.3535 0.3435 0.3435 0.3435 0.3045 0.3045 0.305 0.305 0.3095 0.3095 0.3095 0.3245 0.3245 0.308 0.308 0.2805 0.2805 0.2805 0.263
0.305 0.305 0.285 0.285 0.2735 0.2735 0.271 0.271 0.271 0.29 0.29 0.3215 0.3215 0.319 0.319 0.3165 0.3165 0.3165 0.326 0.326 0.3265 0.3265 0.3905 0.3905 0.3905 0.357 0.357 0.3065 0.3065 0.2805 0.2805 0.2805 0.2985 0.2985 0.3065 0.3065 0.329 0.329 0.329 0.332 0.332 0.326 0.326 0.341 0.341 0.341 0.3475 0.3475 0.337 0.337 0.3265 0.3265 0.3325 0.3325 0.3325 0.355 0.355 0.3535 0.3535 0.3435 0.3435 0.3435 0.3045 0.3045 0.305 0.305 0.3095 0.3095 0.3095 0.3245 0.3245 0.308 0.308 0.2805 0.2805 0.2805 0.263
0.2865 0.2865 0.268 0.268 0.296 0.296 0.2935 0.2935 0.2935 0.3195 0.3195 0.3505 0.3505 0.348 0.348 0.3415 0.3415 0.3415 0.364 0.364 0.371 0.371 0.385 0.385 0.385 0.3805 0.3805 0.315 0.315 0.326 0.326 0.326 0.3285 0.3285 0.328 0.328 0.314 0.314 0.314 0.3115 0.3115 0.3165 0.3165 0.349 0.349 0.349 0.371 0.371 0.344 0.344 0.3465 0.3465 0.363 0.363 0.363 0.3585 0.3585 0.345 0.345 0.4411 0.4411 0.4411 0.3165 0.3165 0.3991 0.3991 0.3005 0.3005 0.3005 0.2765 0.2765 0.253 0.253 0.266 0.266 0.266 0.297
0.2865 0.2865 0.268 0.268 0.296 0.296 0.2935 0.2935 0.2935 0.3195 0.3195 0.3505 0.3505 0.348 0.348 0.3415 0.3415 0.3415 0.364 0.364 0.371 0.371 0.385 0.385 0.385 0.3805 0.3805 0.315 0.315 0.326 0.326 0.326 0.3285 0.3285 0.328 0.328 0.314 0.314 0.314 0.3115 0.3115 0.3165 0.3165 0.349 0.349 0.349 0.371 0.371 0.344 0.344 0.3465 0.3465 0.363 0.363 0.363 0.3585 0.3585 0.345 0.345 0.4411 0.4411 0.4411 0.3165 0.3165 0.3991 0.3991 0.3005 0.3005 0.3005 0.2765 0.2765 0.253 0.253 0.266 0.266 0.266 0.297
0.3075 0.3075 0.3335 0.3335 0.323 0.323 0.328 0.328 0.328 0.3215 0.3215 0.3465 0.3465 0.3415 0.3415 0.3585 0.3585 0.3585 0.357 0.357 0.4005 0.4005 0.368 0.368 0.368 0.3955 0.3955 0.339 0.339 0.338 0.338 0.338 0.3655 0.3655 0.345 0.345 0.374 0.374 0.374 0.3305 0.3305 0.3305 0.3305 0.3395 0.3395 0.3395 0.3705 0.3705 0.3735 0.3735 0.3585 0.3585 0.363 0.363 0.363 0.378 0.378 0.3495 0.3495 0.372 0.372 0.372 0.3645 0.3645 0.333 0.333 0.346 0.346 0.346 0.3195 0.3195 0.315 0.315 0.252 0.252 0.252 0.311
0.3075 0.3075 0.3335 0.3335 0.323 0.323 0.328 0.328 0.328 0.3215 0.3215 0.3465 0.3465 0.3415 0.3415 0.3585 0.3585 0.3585 0.357 0.357 0.4005 0.4005 0.368 0.368 0.368 0.3955 0.3955 0.339 0.339 0.338 0.338 0.338 0.3655 0.3655 0.345 0.345 0.374 0.374 0.374 0.3305 0.3305 0.3305 0.3305 0.3395 0.3395 0.3395 0.3705 0.3705 0.3735 0.3735 0.3585 0.3585 0.363 0.363 0.363 0.378 0.378 0.3495 0.3495 0.372 0.372 0.372 0.3645 0.3645 0.333 0.333 0.346 0.346 0.346 0.3195 0.3195 0.315 0.315 0.252 0.252 0.252 0.311
0.4075 0.4075 0.3365 0.3365 0.3175 0.3175 0.3265 0.3265 0.3265 0.3695 0.3695 0.366 0.366 0.379 0.379 0.369 0.369 0.369 0.341 0.341 0.3815 0.3815 0.3615 0.3615 0.3615 0.358 0.358 0.348 0.348 0.3475 0.3475 0.3475 0.3685 0.3685 0.377 0.377 0.3905 0.3905 0.3905 0.3575 0.3575 0.3355 0.3355 0.3155 0.3155 0.3155 0.3245 0.3245 0.3485 0.3485 0.3915 0.3915 0.3995 0.3995 0.3995 0.4 0.4 0.3885 0.3885 0.3865 0.3865 0.3865 0.4005 0.4005 0.3955 0.3955 0.409 0.409 0.409 0.421 0.421 0.3455 0.3455 0.309 0.309 0.309 0.2905
0.4075 0.4075 0.3365 0.3365 0.3175 0.3175 0.3265 0.3265 0.3265 0.3695 0.3695 0.366 0.366 0.379 0.379 0.369 0.369 0.369 0.341 0.341 0.3815 0.3815 0.3615 0.3615 0.3615 0.358 0.358 0.348 0.348 0.3475 0.3475 0.3475 0.3685 0.3685 0.377 0.377 0.3905 0.3905 0.3905 0.3575 0.3575 0.3355 0.3355 0.3155 0.3155 0.3155 0.3245 0.3245 0.3485 0.3485 0.3915 0.3915 0.3995 0.3995 0.3995 0.4 0.4 0.3885 0.3885 0.3865 0.3865 0.3865 0.4005 0.4005 0.3955 0.3955 0.409 0.409 0.409 0.421 0.421 0.3455 0.3455 0.309 0.309 0.309 0.2905
0.4075 0.4075 0.3365 0.3365 0.3175 0.3175 0.3265 0.3265 0.3265 0.3695 0.3695 0.366 0.366 0.379 0.379 0.369 0.369 0.369 0.341 0.341 0.3815 0.3815 0.3615 0.3615 0.3615 0.358 0.358 0.348 0.348 0.3475 0.3475 0.3475 0.3685 0.3685 0.377 0.377 0.3905 0.3905 0.3905 0.3575 0.3575 0.3355 0.3355 0.3155 0.3155 0.3155 0.3245 0.3245 0.3485 0.3485 0.3915 0.3915 0.3995 0.3995 0.3995 0.4 0.4 0.3885 0.3885 0.3865 0.3865 0.3865 0.4005 0.4005 0.3955 0.3955 0.409 0.409 0.409 0.421 0.421 0.3455 0.3455 0.309 0.309 0.309 0.2905
0.4005 0.4005 0.46 0.46 0.451 0.451 0.4875 0.4875 0.4875 0.4295 0.4295 0.4 0.4 0.3715 0.3715 0.378 0.378 0.378 0.361 0.361 0.37 0.37 0.388 0.388 0.388 0.357 0.357 0.3505 0.3505 0.3615 0.3615 0.3615 0.3465 0.3465 0.3715 0.3715 0.3545 0.3545 0.3545 0.3665 0.3665 0.3775 0.3775 0.3705 0.3705 0.3705 0.3495 0.3495 0.3715 0.3715 0.39 0.39 0.4065 0.4065 0.4065 0.433 0.433 0.4315 0.4315 0.4105 0.4105 0.4105 0.4055 0.4055 0.382 0.382 0.3755 0.3755 0.3755 0.376 0.376 0.369 0.369 0.3285 0.3285 0.3285 0.319
0.4005 0.4005 0.46 0.46 0.451 0.451 0.4875 0.4875 0.4875 0.4295 0.4295 0.4 0.4 0.3715 0.3715 0.378 0.378 0.378 0.361 0.361 0.37 0.37 0.388 0.388 0.388 0.357 0.357 0.3505 0.3505 0.3615 0.3615 0.3615 0.3465 0.3465 0.3715 0.3715 0.3545 0.3545 0.3545 0.3665 0.3665 0.3775 0.3775 0.3705 0.3705 0.3705 0.3495 0.3495 0.3715 0.3715 0.39 0.39 0.4065 0.4065 0.4065 0.433 0.433 0.4315 0.4315 0.4105 0.4105 0.4105 0.4055 0.4055 0.382 0.382 0.3755 0.3755 0.3755 0.376 0.376 0.369 0.369 0.3285 0.3285 0.3285 0.319
0.4095 0.4095 0.3845 0.3845 0.409 0.409 0.4565 0.4565 0.4565 0.3555 0.3555 0.3845 0.3845 0.3565 0.3565 0.346 0.346 0.346 0.3455 0.3455 0.369 0.369 0.376 0.376 0.376 0.3635 0.3635 0.3515 0.3515 0.3455 0.3455 0.3455 0.353 0.353 0.362 0.362 0.374 0.374 0.374 0.353 0.353 0.3715 0.3715 0.387 0.387 0.387 0.388 0.388 0.4005 0.4005 0.402 0.402 0.431 0.431 0.431 0.4435 0.4435 0.432 0.432 0.421 0.421 0.421 0.4035 0.4035 0.381 0.381 0.3635 0.3635 0.3635 0.362 0.362 0.3685 0.3685 0.3585 0.3585 0.3585 0.3225
0.4095 0.4095 0.3845 0.3845 0.409 0.409 0.4565 0.4565 0.4565 0.3555 0.3555 0.3845 0.3845 0.3565 0.3565 0.346 0.346 0.346 0.3455 0.3455 0.369 0.369 0.376 0.376 0.376 0.3635 0.3635 0.3515 0.3515 0.3455 0.3455 0.3455 0.353 0.353 0.362 0.362 0.374 0.374 0.374 0.353 0.353 0.3715 0.3715 0.387 0.387 0.387 0.388 0.388 0.4005 0.4005 0.402 0.402 0.431 0.431 0.431 0.4435 0.4435 0.432 0.432 0.421 0.421 0.421 0.4035 0.4035 0.381 0.381 0.3635 0.3635 0.3635 0.362 0.362 0.3685 0.3685 0.3585 0.3585 0.3585 0.3225
0.4385 0.4385 0.4145 0.4145 0.397 0.397 0.411 0.411 0.411 0.3165 0.3165 0.3285 0.3285 0.3545 0.3545 0.334 0.334 0.334 0.348 0.348 0.361 0.361 0.337 0.337 0.337 0.3655 0.3655 0.3575 0.3575 0.362 0.362 0.362 0.3545 0.3545 0.3525 0.3525 0.3725 0.3725 0.3725 0.377 0.377 0.3975 0.3975 0.407 0.407 0.407 0.3835 0.3835 0.378 0.378 0.3995 0.3995 0.409 0.409 0.409 0.399 0.399 0.4115 0.4115 0.3935 0.3935 0.3935 0.394 0.394 0.3665 0.3665 0.38 0.38 0.38 0.38 0.38 0.3715 0.3715 0.3985 0.3985 0.3985 0.331
0.4385 0.4385 0.4145 0.4145 0.397 0.397 0.411 0.411 0.411 0.3165 0.3165 0.3285 0.3285 0.3545 0.3545 0.334 0.334 0.334 0.348 0.348 0.361 0.361 0.337 0.337 0.337 0.3655 0.3655 0.3575 0.3575 0.362 0.362 0.362 0.3545 0.3545 0.3525 0.3525 0.3725 0.3725 0.3725 0.377 0.377 0.3975 0.3975 0.407 0.407 0.407 0.3835 0.3835 0.378 0.378 0.3995 0.3995 0.409 0.409 0.409 0.399 0.399 0.4115 0.4115 0.3935 0.3935 0.3935 0.394 0.394 0.3665 0.3665 0.38 0.38 0.38 0.38 0.38 0.3715 0.3715 0.3985 0.3985 0.3985 0.331
0.4385 0.4385 0.4145 0.4145 0.397 0.397 0.411 0.411 0.411 0.3165 0.3165 0.3285 0.3285 0.3545 0.3545 0.334 0.334 0.334 0.348 0.348 0.361 0.361 0.337 0.337 0.337 0.3655 0.3655 0.3575 0.3575 0.362 0.362 0.362 0.3545 0.3545 0.3525 0.3525 0.3725 0.3725 0.3725 0.377 0.377 0.3975 0.3975 0.407 0.407 0.407 0.3835 0.3835 0.378 0.378 0.3995 0.3995 0.409 0.409 0.409 0.399 0.399 0.4115 0.4115 0.3935 0.3935 0.3935 0.394 0.394 0.3665 0.3665 0.38 0.38 0.38 0.38 0.38 0.3715 0.3715 0.3985 0.3985 0.3985 0.331
0.422 0.422 0.4275 0.4275 0.37 0.37 0.353 0.353 0.353 0.323 0.323 0.3165 0.3165 0.325 0.325 0.369 0.369 0.369 0.3905 0.3905 0.3735 0.3735 0.335 0.335 0.335 0.362 0.362 0.3215 0.3215 0.3485 0.3485 0.3485 0.3505 0.3505 0.3705 0.3705 0.39 0.39 0.39 0.359 0.359 0.424 0.424 0.4305 0.4305 0.4305 0.392 0.392 0.3735 0.3735 0.3875 0.3875 0.3985 0.3985 0.3985 0.401 0.401 0.396 0.396 0.381 0.381 0.381 0.3865 0.3865 0.3675 0.3675 0.3845 0.3845 0.3845 0.3555 0.3555 0.394 0.394 0.402 0.402 0.402 0.4075
0.422 0.422 0.4275 0.4275 0.37 0.37 0.353 0.353 0.353 0.323 0.323 0.3165 0.3165 0.325 0.325 0.369 0.369 0.369 0.3905 0.3905 0.3735 0.3735 0.335 0.335 0.335 0.362 0.362 0.3215 0.3215 0.3485 0.3485 0.3485 0.3505 0.3505 0.3705 0.3705 0.39 0.39 0.39 0.359 0.359 0.424 0.424 0.4305 0.4305 0.4305 0.392 0.392 0.3735 0.3735 0.3875 0.3875 0.3985 0.3985 0.3985 0.401 0.401 0.396 0.396 0.381 0.381 0.381 0.3865 0.3865 0.3675 0.3675 0.3845 0.3845 0.3845 0.3555 0.3555 0.394 0.394 0.402 0.402 0.402 0.4075
0.3745 0.3745 0.341 0.341 0.3305 0.3305 0.312 0.312 0.312 0.3545 0.3545 0.322 0.322 0.3305 0.3305 0.3695 0.3695 0.3695 0.411 0.411 0.403 0.403 0.356 0.356 0.356 0.357 0.357 0.344 0.344 0.347 0.347 0.347 0.3535 0.3535 0.367 0.367 0.3735 0.3735 0.3735 0.4175 0.4175 0.372 0.372 0.3915 0.3915 0.3915 0.404 0.404 0.414 0.414 0.429 0.429 0.4 0.4 0.4 0.379 0.379 0.3775 0.3775 0.373 0.373 0.373 0.3825 0.3825 0.368 0.368 0.379 0.379 0.379 0.385 0.385 0.385 0.385 0.4165 0.4165 0.4165 0.4085
0.3745 0.3745 0.341 0.341 0.3305 0.3305 0.312 0.312 0.312 0.3545 0.3545 0.322 0.322 0.3305 0.3305 0.3695 0.3695 0.3695 0.411 0.411 0.403 0.403 0.356 0.356 0.356 0.357 0.357 0.344 0.344 0.347 0.347 0.347 0.3535 0.3535 0.367 0.367 0.3735 0.3735 0.3735 0.4175 0.4175 0.372 0.372 0.3915 0.3915 0.3915 0.404 0.404 0.414 0.414 0.429 0.429 0.4 0.4 0.4 0.379 0.379 0.3775 0.3775 0.373 0.373 0.373 0.3825 0.3825 0.368 0.368 0.379 0.379 0.379 0.385 0.385 0.385 0.385 0.4165 0.4165 0.4165 0.4085
0.394 0.394 0.3845 0.3845 0.3575 0.3575 0.3505 0.3505 0.3505 0.344 0.344 0.359 0.359 0.3665 0.3665 0.366 0.366 0.366 0.356 0.356 0.359 0.359 0.326 0.326 0.326 0.3545 0.3545 0.3755 0.3755 0.3825 0.3825 0.3825 0.4015 0.4015 0.377 0.377 0.379 0.379 0.379 0.396 0.396 0.388 0.388 0.4025 0.4025 0.4025 0.42 0.42 0.425 0.425 0.427 0.427 0.3905 0.3905 0.3905 0.3845 0.3845 0.366 0.366 0.3815 0.3815 0.3815 0.385 0.385 0.368 0.368 0.3415 0.3415 0.3415 0.3465 0.3465 0.3485 0.3485 0.3635 0.3635 0.3635 0.385
0.394 0.394 0.3845 0.3845 0.3575 0.3575 0.3505 0.3505 0.3505 0.344 0.344 0.359 0.359 0.3665 0.3665 0.366 0.366 0.366 0.356 0.356 0.359 0.359 0.326 0.326 0.326 0.3545 0.3545 0.3755 0.3755 0.3825 0.3825 0.3825 0.4015 0.4015 0.377 0.377 0.379 0.379 0.379 0.396 0.396 0.388 0.388 0.4025 0.4025 0.4025 0.42 0.42 0.425 0.425 0.427 0.427 0.3905 0.3905 0.3905 0.3845 0.3845 0.366 0.366 0.3815 0.3815 0.3815 0.385 0.385 0.368 0.368 0.3415 0.3415 0.3415 0.3465 0.3465 0.3485 0.3485 0.3635 0.3635 0.3635 0.385
0.363 0.363 0.379 0.379 0.3615 0.3615 0.356 0.356 0.356 0.3715 0.3715 0.3805 0.3805 0.3475 0.3475 0.3645 0.3645 0.3645 0.366 0.366 0.349 0.349 0.34 0.34 0.34 0.3695 0.3695 0.3495 0.3495 0.37 0.37 0.37 0.3725 0.3725 0.4351 0.4351 0.4045 0.4045 0.4045 0.429 0.429 0.3875 0.3875 0.3895 0.3895 0.3895 0.3845 0.3845 0.389 0.389 0.406 0.406 0.4205 0.4205 0.4205 0.394 0.394 0.374 0.374 0.411 0.411 0.411 0.3985 0.3985 0.3585 0.3585 0.3795 0.3795 0.3795 0.371 0.371 0.3195 0.3195 0.3285 0.3285 0.3285 0.3335
0.363 0.363 0.379 0.379 0.3615 0.3615 0.356 0.356 0.356 0.3715 0.3715 0.3805 0.3805 0.3475 0.3475 0.3645 0.3645 0.3645 0.366 0.366 0.349 0.349 0.34 0.34 0.34 0.3695 0.3695 0.3495 0.3495 0.37 0.37 0.37 0.3725 0.3725 0.4351 0.4351 0.4045 0.4045 0.4045 0.429 0.429 0.3875 0.3875 0.3895 0.3895 0.3895 0.3845 0.3845 0.389 0.389 0.406 0.406 0.4205 0.4205 0.4205 0.394 0.394 0.374 0.374 0.411 0.411 0.411 0.3985 0.3985 0.3585 0.3585 0.3795 0.3795 0.3795 0.371 0.371 0.3195 0.3195 0.3285 0.3285 0.3285 0.3335
0.363 0.363 0.379 0.379 0.3615 0.3615 0.356 0.356 0.356 0.3715 0.3715 0.3805 0.3805 0.3475 0.3475 0.3645 0.3645 0.3645 0.366 0.366 0.349 0.349 0.34 0.34 0.34 0.3695 0.3695 0.3495 0.3495 0.37 0.37 0.37 0.3725 0.3725 0.4351 0.4351 0.4045 0.4045 0.4045 0.429 0.429 0.3875 0.3875 0.3895 0.3895 0.3895 0.3845 0.3845 0.389 0.389 0.406 0.406 0.4205 0.4205 0.4205 0.394 0.394 0.374 0.374 0.411 0.411 0.411 0.3985 0.3985 0.3585 0.3585 0.3795 0.3795 0.3795 0.371 0.371 0.3195 0.3195 0.3285 0.3285 0.3285 0.3335
0.346 0.346 0.3535 0.3535 0.4085 0.4085 0.391 0.391 0.391 0.393 0.393 0.38 0.38 0.393 0.393 0.3895 0.3895 0.3895 0.362 0.362 0.329 0.329 0.322 0.322 0.322 0.33 0.33 0.3695 0.3695 0.4275 0.4275 0.4275 0.4485 0.4485 0.375 0.375 0.414 0.414 0.414 0.396 0.396 0.3905 0.3905 0.4225 0.4225 0.4225 0.43 0.43 0.424 0.424 0.432 0.432 0.409 0.409 0.409 0.397 0.397 0.3975 0.3975 0.4095 0.4095 0.4095 0.4215 0.4215 0.3895 0.3895 0.4005 0.4005 0.4005 0.3575 0.3575 0.327 0.327 0.3135 0.3135 0.3135 0.337
0.346 0.346 0.3535 0.3535 0.4085 0.4085 0.391 0.391 0.391 0.393 0.393 0.38 0.38 0.393 0.393 0.3895 0.3895 0.3895 0.362 0.362 0.329 0.329 0.322 0.322 0.322 0.33 0.33 0.3695 0.3695 0.4275 0.4275 0.4275 0.4485 0.4485 0.375 0.375 0.414 0.414 0.414 0.396 0.396 0.3905 0.3905 0.4225 0.4225 0.4225 0.43 0.43 0.424 0.424 0.432 0.432 0.409 0.409 0.409 0.397 0.397 0.3975 0.3975 0.4095 0.4095 0.4095 0.4215 0.4215 0.3895 0.3895 0.4005 0.4005 0.4005 0.3575 0.3575 0.327 0.327 0.3135 0.3135 0.3135 0.337
0.3725 0.3725 0.3815 0.3815 0.421 0.421 0.388 0.388 0.388 0.3935 0.3935 0.368 0.368 0.3855 0.3855 0.3325 0.3325 0.3325 0.312 0.312 0.3525 0.3525 0.3315 0.3315 0.3315 0.34 0.34 0.398 0.398 0.4426 0.4426 0.4426 0.3845 0.3845 0.359 0.359 0.377 0.377 0.377 0.4125 0.4125 0.4025 0.4025 0.3955 0.3955 0.3955 0.422 0.422 0.435 0.435 0.4375 0.4375 0.369 0.369 0.369 0.416 0.416 0.371 0.371 0.4385 0.4385 0.4385 0.408 0.408 0.409 0.409 0.393 0.393 0.393 0.41 0.41 0.412 0.412 0.371 0.371 0.371 0.3995
0.3725 0.3725 0.3815 0.3815 0.421 0.421 0.388 0.388 0.388 0.3935 0.3935 0.368 0.368 0.3855 0.3855 0.3325 0.3325 0.3325 0.312 0.312 0.3525 0.3525 0.3315 0.3315 0.3315 0.34 0.34 0.398 0.398 0.4426 0.4426 0.4426 0.3845 0.3845 0.359 0.359 0.377 0.377 0.377 0.4125 0.4125 0.4025 0.4025 0.3955 0.3955 0.3955 0.422 0.422 0.435 0.435 0.4375 0.4375 0.369 0.369 0.369 0.416 0.416 0.371 0.371 0.4385 0.4385 0.4385 0.408 0.408 0.409 0.409 0.393 0.393 0.393 0.41 0.41 0.412 0.412 0.371 0.371 0.371 0.3995
0.3585 0.3585 0.442 0.442 0.3865 0.3865 0.3805 0.3805 0.3805 0.3915 0.3915 0.3995 0.3995 0.3975 0.3975 0.3665 0.3665 0.3665 0.3715 0.3715 0.3635 0.3635 0.376 0.376 0.376 0.379 0.379 0.405 0.405 0.4415 0.4415 0.4415 0.36 0.36 0.381 0.381 0.3425 0.3425 0.3425 0.3835 0.3835 0.388 0.388 0.3945 0.3945 0.3945 0.379 0.379 0.4785 0.4785 0.428 0.428 0.4595 0.4595 0.4595 0.423 0.423 0.422 0.422 0.433 0.433 0.433 0.4555 0.4555 0.4255 0.4255 0.411 0.411 0.411 0.454 0.454 0.4375 0.4375 0.3765 0.3765 0.3765 0.4315
0.3585 0.3585 0.442 0.442 0.3865 0.3865 0.3805 0.3805 0.3805 0.3915 0.3915 0.3995 0.3995 0.3975 0.3975 0.3665 0.3665 0.3665 0.3715 0.3715 0.3635 0.3635 0.376 0.376 0.376 0.379 0.379 0.405 0.405 0.4415 0.4415 0.4415 0.36 0.36 0.381 0.381 0.3425 0.3425 0.3425 0.3835 0.3835 0.388 0.388 0.3945 0.3945 0.3945 0.379 0.379 0.4785 0.4785 0.428 0.428 0.4595 0.4595 0.4595 0.423 0.423 0.422 0.422 0.433 0.433 0.433 0.4555 0.4555 0.4255 0.4255 0.411 0.411 0.411 0.454 0.454 0.4375 0.4375 0.3765 0.3765 0.3765 0.4315
0.3585 0.3585 0.442 0.442 0.3865 0.3865 0.3805 0.3805 0.3805 0.3915 0.3915 0.3995 0.3995 0.3975 0.3975 0.3665 0.3665 0.3665 0.3715 0.3715 0.3635 0.3635 0.376 0.376 0.376 0.379 0.379 0.405 0.405 0.4415 0.4415 0.4415 0.36 0.36 0.381 0.381 0.3425 0.3425 0.3425 0.3835 0.3835 0.388 0.388 0.3945 0.3945 0.3945 0.379 0.379 0.4785 0.4785 0.428 0.428 0.4595 0.4595 0.4595 0.423 0.423 0.422 0.422 0.433 0.433 0.433 0.4555 0.4555 0.4255 0.4255 0.411 0.411 0.411 0.454 0.454 0.4375 0.4375 0.3765 0.3765 0.3765 0.4315
