ndvi/NOAA-177.asc
ncols         252
nrows         154
xllcorner     -18.017974
yllcorner     13.481982
cellsize      0.035948
NODATA_value  -9999
[rows 102 to 135 of 154, columns 77 to 153 of 252]
0.461 0.461 0.459 0.459 0.5155 0.5155 0.542 0.542 0.542 0.518 0.518 0.493 0.493 0.4995 0.4995 0.45 0.45 0.45 0.526 0.526 0.5875 0.5875 0.5405 0.5405 0.5405 0.543 0.543 0.5485 0.5485 0.528 0.528 0.528 0.5515 0.5515 0.59 0.59 0.5255 0.5255 0.5255 0.514 0.514 0.481 0.481 0.502 0.502 0.502 0.498 0.498 0.5015 0.5015 0.4905 0.4905 0.508 0.508 0.508 0.4855 0.4855 0.454 0.454 0.4175 0.4175 0.4175 0.4205 0.4205 0.375 0.375 0.428 0.428 0.428 0.4645 0.4645 0.505 0.505 0.5005 0.5005 0.5005 0.4565
0.549 0.549 0.558 0.558 0.5855 0.5855 0.592 0.592 0.592 0.507 0.507 0.5115 0.5115 0.491 0.491 0.487 0.487 0.487 0.513 0.513 0.5225 0.5225 0.5345 0.5345 0.5345 0.541 0.541 0.508 0.508 0.51 0.51 0.51 0.535 0.535 0.5725 0.5725 0.532 0.532 0.532 0.501 0.501 0.4525 0.4525 0.487 0.487 0.487 0.483 0.483 0.518 0.518 0.5535 0.5535 0.527 0.527 0.527 0.516 0.516 0.5215 0.5215 0.4455 0.4455 0.4455 0.478 0.478 0.5655 0.5655 0.394 0.394 0.394 0.4035 0.4035 0.47 0.47 0.4385 0.4385 0.4385 0.4335
0.549 0.549 0.558 0.558 0.5855 0.5855 0.592 0.592 0.592 0.507 0.507 0.5115 0.5115 0.491 0.491 0.487 0.487 0.487 0.513 0.513 0.5225 0.5225 0.5345 0.5345 0.5345 0.541 0.541 0.508 0.508 0.51 0.51 0.51 0.535 0.535 0.5725 0.5725 0.532 0.532 0.532 0.501 0.501 0.4525 0.4525 0.487 0.487 0.487 0.483 0.483 0.518 0.518 0.5535 0.5535 0.527 0.527 0.527 0.516 0.516 0.5215 0.5215 0.4455 0.4455 0.4455 0.478 0.478 0.5655 0.5655 0.394 0.394 0.394 0.4035 0.4035 0.47 0.47 0.4385 0.4385 0.4385 0.4335
0.549 0.549 0.558 0.558 0.5855 0.5855 0.592 0.592 0.592 0.507 0.507 0.5115 0.5115 0.491 0.491 0.487 0.487 0.487 0.513 0.513 0.5225 0.5225 0.5345 0.5345 0.5345 0.541 0.541 0.508 0.508 0.51 0.51 0.51 0.535 0.535 0.5725 0.5725 0.532 0.532 0.532 0.501 0.501 0.4525 0.4525 0.487 0.487 0.487 0.483 0.483 0.518 0.518 0.5535 0.5535 0.527 0.527 0.527 0.516 0.516 0.5215 0.5215 0.4455 0.4455 0.4455 0.478 0.478 0.5655 0.5655 0.394 0.394 0.394 0.4035 0.4035 0.47 0.47 0.4385 0.4385 0.4385 0.4335
0.573 0.573 0.57 0.57 0.566 0.566 0.5375 0.5375 0.5375 0.5195 0.5195 0.5375 0.5375 0.562 0.562 0.528 0.528 0.528 0.5415 0.5415 0.507 0.507 0.518 0.518 0.518 0.579 0.579 0.567 0.567 0.571 0.571 0.571 0.5855 0.5855 0.549 0.549 0.523 0.523 0.523 0.535 0.535 0.5475 0.5475 0.491 0.491 0.491 0.492 0.492 0.5 0.5 0.5115 0.5115 0.5365 0.5365 0.5365 0.509 0.509 0.512 0.512 0.572 0.572 0.572 0.4995 0.4995 0.597 0.597 0.4265 0.4265 0.4265 0.4075 0.4075 0.366 0.366 0.4035 0.4035 0.4035 0.41
0.573 0.573 0.57 0.57 0.566 0.566 0.5375 0.5375 0.5375 0.5195 0.5195 0.5375 0.5375 0.562 0.562 0.528 0.528 0.528 0.5415 0.5415 0.507 0.507 0.518 0.518 0.518 0.579 0.579 0.567 0.567 0.571 0.571 0.571 0.5855 0.5855 0.549 0.549 0.523 0.523 0.523 0.535 0.535 0.5475 0.5475 0.491 0.491 0.491 0.492 0.492 0.5 0.5 0.5115 0.5115 0.5365 0.5365 0.5365 0.509 0.509 0.512 0.512 0.572 0.572 0.572 0.4995 0.4995 0.597 0.597 0.4265 0.4265 0.4265 0.4075 0.4075 0.366 0.366 0.4035 0.4035 0.4035 0.41
0.581 0.581 0.5835 0.5835 0.589 0.589 0.519 0.519 0.519 0.5325 0.5325 0.5525 0.5525 0.58 0.58 0.6375 0.6375 0.6375 0.5955 0.5955 0.542 0.542 0.5215 0.5215 0.5215 0.535 0.535 0.5495 0.5495 0.539 0.539 0.539 0.55 0.55 0.5855 0.5855 0.538 0.538 0.538 0.5495 0.5495 0.516 0.516 0.489 0.489 0.489 0.4655 0.4655 0.507 0.507 0.5025 0.5025 0.525 0.525 0.525 0.5205 0.5205 0.542 0.542 0.513 0.513 0.513 0.505 0.505 0.5075 0.5075 0.538 0.538 0.538 0.4255 0.4255 0.3725 0.3725 0.3965 0.3965 0.3965 0.422
0.581 0.581 0.5835 0.5835 0.589 0.589 0.519 0.519 0.519 0.5325 0.5325 0.5525 0.5525 0.58 0.58 0.6375 0.6375 0.6375 0.5955 0.5955 0.542 0.542 0.5215 0.5215 0.5215 0.535 0.535 0.5495 0.5495 0.539 0.539 0.539 0.55 0.55 0.5855 0.5855 0.538 0.538 0.538 0.5495 0.5495 0.516 0.516 0.489 0.489 0.489 0.4655 0.4655 0.507 0.507 0.5025 0.5025 0.525 0.525 0.525 0.5205 0.5205 0.542 0.542 0.513 0.513 0.513 0.505 0.505 0.5075 0.5075 0.538 0.538 0.538 0.4255 0.4255 0.3725 0.3725 0.3965 0.3965 0.3965 0.422
0.6185 0.6185 0.561 0.561 0.6035 0.6035 0.529 0.529 0.529 0.6135 0.6135 0.61 0.61 0.619 0.619 0.612 0.612 0.612 0.601 0.601 0.557 0.557 0.573 0.573 0.573 0.579 0.579 0.518 0.518 0.5375 0.5375 0.5375 0.548 0.548 0.526 0.526 0.5345 0.5345 0.5345 0.5185 0.5185 0.567 0.567 0.5355 0.5355 0.5355 0.546 0.546 0.5395 0.5395 0.5395 0.5395 0.544 0.544 0.544 0.5335 0.5335 0.5955 0.5955 0.573 0.573 0.573 0.572 0.572 0.5685 0.5685 0.6 0.6 0.6 0.591 0.591 0.52 0.52 0.439 0.439 0.439 0.444
0.6185 0.6185 0.561 0.561 0.6035 0.6035 0.529 0.529 0.529 0.6135 0.6135 0.61 0.61 0.619 0.619 0.612 0.612 0.612 0.601 0.601 0.557 0.557 0.573 0.573 0.573 0.579 0.579 0.518 0.518 0.5375 0.5375 0.5375 0.548 0.548 0.526 0.526 0.5345 0.5345 0.5345 0.5185 0.5185 0.567 0.567 0.5355 0.5355 0.5355 0.546 0.546 0.5395 0.5395 0.5395 0.5395 0.544 0.544 0.544 0.5335 0.5335 0.5955 0.5955 0.573 0.573 0.573 0.572 0.572 0.5685 0.5685 0.6 0.6 0.6 0.591 0.591 0.52 0.52 0.439 0.439 0.439 0.444
0.6185 0.6185 0.561 0.561 0.6035 0.6035 0.529 0.529 0.529 0.6135 0.6135 0.61 0.61 0.619 0.619 0.612 0.612 0.612 0.601 0.601 0.557 0.557 0.573 0.573 0.573 0.579 0.579 0.518 0.518 0.5375 0.5375 0.5375 0.548 0.548 0.526 0.526 0.5345 0.5345 0.5345 0.5185 0.5185 0.567 0.567 0.5355 0.5355 0.5355 0.546 0.546 0.5395 0.5395 0.5395 0.5395 0.544 0.544 0.544 0.5335 0.5335 0.5955 0.5955 0.573 0.573 0.573 0.572 0.572 0.5685 0.5685 0.6 0.6 0.6 0.591 0.591 0.52 0.52 0.439 0.439 0.439 0.444
0.617 0.617 0.6765 0.6765 0.6695 0.6695 0.6275 0.6275 0.6275 0.637 0.637 0.6435 0.6435 0.6 0.6 0.6085 0.6085 0.6085 0.626 0.626 0.618 0.618 0.5885 0.5885 0.5885 0.6005 0.6005 0.619 0.619 0.5505 0.5505 0.5505 0.5265 0.5265 0.526 0.526 0.5175 0.5175 0.5175 0.554 0.554 0.539 0.539 0.5505 0.5505 0.5505 0.538 0.538 0.563 0.563 0.5515 0.5515 0.5745 0.5745 0.5745 0.537 0.537 0.5255 0.5255 0.5375 0.5375 0.5375 0.5635 0.5635 0.5395 0.5395 0.5735 0.5735 0.5735 0.5955 0.5955 0.6155 0.6155 0.564 0.564 0.564 0.529
0.617 0.617 0.6765 0.6765 0.6695 0.6695 0.6275 0.6275 0.6275 0.637 0.637 0.6435 0.6435 0.6 0.6 0.6085 0.6085 0.6085 0.626 0.626 0.618 0.618 0.5885 0.5885 0.5885 0.6005 0.6005 0.619 0.619 0.5505 0.5505 0.5505 0.5265 0.5265 0.526 0.526 0.5175 0.5175 0.5175 0.554 0.554 0.539 0.539 0.5505 0.5505 0.5505 0.538 0.538 0.563 0.563 0.5515 0.5515 0.5745 0.5745 0.5745 0.537 0.537 0.5255 0.5255 0.5375 0.5375 0.5375 0.5635 0.5635 0.5395 0.5395 0.5735 0.5735 0.5735 0.5955 0.5955 0.6155 0.6155 0.564 0.564 0.564 0.529
0.639 0.639 0.645 0.645 0.6435 0.6435 0.616 0.616 0.616 0.618 0.618 0.6005 0.6005 0.616 0.616 0.595 0.595 0.595 0.5975 0.5975 0.595 0.595 0.6195 0.6195 0.6195 0.6125 0.6125 0.6035 0.6035 0.616 0.616 0.616 0.613 0.613 0.563 0.563 0.5445 0.5445 0.5445 0.5295 0.5295 0.533 0.533 0.502 0.502 0.502 0.492 0.492 0.5195 0.5195 0.5345 0.5345 0.505 0.505 0.505 0.5115 0.5115 0.497 0.497 0.5405 0.5405 0.5405 0.59 0.59 0.534 0.534 0.561 0.561 0.561 0.574 0.574 0.5955 0.5955 0.582 0.582 0.582 0.5095
0.639 0.639 0.645 0.645 0.6435 0.6435 0.616 0.616 0.616 0.618 0.618 0.6005 0.6005 0.616 0.616 0.595 0.595 0.595 0.5975 0.5975 0.595 0.595 0.6195 0.6195 0.6195 0.6125 0.6125 0.6035 0.6035 0.616 0.616 0.616 0.613 0.613 0.563 0.563 0.5445 0.5445 0.5445 0.5295 0.5295 0.533 0.533 0.502 0.502 0.502 0.492 0.492 0.5195 0.5195 0.5345 0.5345 0.505 0.505 0.505 0.5115 0.5115 0.497 0.497 0.5405 0.5405 0.5405 0.59 0.59 0.534 0.534 0.561 0.561 0.561 0.574 0.574 0.5955 0.5955 0.582 0.582 0.582 0.5095
0.594 0.594 0.5995 0.5995 0.592 0.592 0.6075 0.6075 0.6075 0.607 0.607 0.6055 0.6055 0.606 0.606 0.584 0.584 0.584 0.5885 0.5885 0.632 0.632 0.619 0.619 0.619 0.615 0.615 0.564 0.564 0.589 0.589 0.589 0.566 0.566 0.561 0.561 0.5265 0.5265 0.5265 0.553 0.553 0.523 0.523 0.5245 0.5245 0.5245 0.5155 0.5155 0.546 0.546 0.567 0.567 0.5545 0.5545 0.5545 0.5475 0.5475 0.521 0.521 0.5375 0.5375 0.5375 0.5065 0.5065 0.552 0.552 0.5395 0.5395 0.5395 0.577 0.577 0.581 0.581 0.626 0.626 0.626 0.593
0.594 0.594 0.5995 0.5995 0.592 0.592 0.6075 0.6075 0.6075 0.607 0.607 0.6055 0.6055 0.606 0.606 0.584 0.584 0.584 0.5885 0.5885 0.632 0.632 0.619 0.619 0.619 0.615 0.615 0.564 0.564 0.589 0.589 0.589 0.566 0.566 0.561 0.561 0.5265 0.5265 0.5265 0.553 0.553 0.523 0.523 0.5245 0.5245 0.5245 0.5155 0.5155 0.546 0.546 0.567 0.567 0.5545 0.5545 0.5545 0.5475 0.5475 0.521 0.521 0.5375 0.5375 0.5375 0.5065 0.5065 0.552 0.552 0.5395 0.5395 0.5395 0.577 0.577 0.581 0.581 0.626 0.626 0.626 0.593
0.594 0.594 0.5995 0.5995 0.592 0.592 0.6075 0.6075 0.6075 0.607 0.607 0.6055 0.6055 0.606 0.606 0.584 0.584 0.584 0.5885 0.5885 0.632 0.632 0.619 0.619 0.619 0.615 0.615 0.564 0.564 0.589 0.589 0.589 0.566 0.566 0.561 0.561 0.5265 0.5265 0.5265 0.553 0.553 0.523 0.523 0.5245 0.5245 0.5245 0.5155 0.5155 0.546 0.546 0.567 0.567 0.5545 0.5545 0.5545 0.5475 0.5475 0.521 0.521 0.5375 0.5375 0.5375 0.5065 0.5065 0.552 0.552 0.5395 0.5395 0.5395 0.577 0.577 0.581 0.581 0.626 0.626 0.626 0.593
0.5865 0.5865 0.5475 0.5475 0.5995 0.5995 0.5955 0.5955 0.5955 0.6135 0.6135 0.5905 0.5905 0.6035 0.6035 0.5875 0.5875 0.5875 0.602 0.602 0.606 0.606 0.6335 0.6335 0.6335 0.6035 0.6035 0.5895 0.5895 0.6059999 0.6059999 0.6059999 0.573 0.573 0.564 0.564 0.569 0.569 0.569 0.54 0.54 0.516 0.516 0.5485 0.5485 0.5485 0.5395 0.5395 0.589 0.589 0.62 0.62 0.6135 0.6135 0.6135 0.588 0.588 0.595 0.595 0.573 0.573 0.573 0.561 0.561 0.568 0.568 0.592 0.592 0.592 0.558 0.558 0.572 0.572 0.5515 0.5515 0.5515 0.6145
0.5865 0.5865 0.5475 0.5475 0.5995 0.5995 0.5955 0.5955 0.5955 0.6135 0.6135 0.5905 0.5905 0.6035 0.6035 0.5875 0.5875 0.5875 0.602 0.602 0.606 0.606 0.6335 0.6335 0.6335 0.6035 0.6035 0.5895 0.5895 0.6059999 0.6059999 0.6059999 0.573 0.573 0.564 0.564 0.569 0.569 0.569 0.54 0.54 0.516 0.516 0.5485 0.5485 0.5485 0.5395 0.5395 0.589 0.589 0.62 0.62 0.6135 0.6135 0.6135 0.588 0.588 0.595 0.595 0.573 0.573 0.573 0.561 0.561 0.568 0.568 0.592 0.592 0.592 0.558 0.558 0.572 0.572 0.5515 0.5515 0.5515 0.6145
0.5966001 0.5966001 0.6065 0.6065 0.6595 0.6595 0.6075 0.6075 0.6075 0.634 0.634 0.6125 0.6125 0.5965 0.5965 0.604 0.604 0.604 0.615 0.615 0.642 0.642 0.6345 0.6345 0.6345 0.613 0.613 0.612 0.612 0.602 0.602 0.602 0.5765 0.5765 0.6095 0.6095 0.615 0.615 0.615 0.6315 0.6315 0.5855 0.5855 0.613 0.613 0.613 0.6425 0.6425 0.6950001 0.6950001 0.6705 0.6705 0.643 0.643 0.643 0.646 0.646 0.6635 0.6635 0.6375 0.6375 0.6375 0.6645 0.6645 0.61 0.61 0.599 0.599 0.599 0.5975 0.5975 0.5765 0.5765 0.6085 0.6085 0.6085 0.6095
0.5966001 0.5966001 0.6065 0.6065 0.6595 0.6595 0.6075 0.6075 0.6075 0.634 0.634 0.6125 0.6125 0.5965 0.5965 0.604 0.604 0.604 0.615 0.615 0.642 0.642 0.6345 0.6345 0.6345 0.613 0.613 0.612 0.612 0.602 0.602 0.602 0.5765 0.5765 0.6095 0.6095 0.615 0.615 0.615 0.6315 0.6315 0.5855 0.5855 0.613 0.613 0.613 0.6425 0.6425 0.6950001 0.6950001 0.6705 0.6705 0.643 0.643 0.643 0.646 0.646 0.6635 0.6635 0.6375 0.6375 0.6375 0.6645 0.6645 0.61 0.61 0.599 0.599 0.599 0.5975 0.5975 0.5765 0.5765 0.6085 0.6085 0.6085 0.6095
0.6235 0.6235 0.5725 0.5725 0.5795 0.5795 0.6224999 0.6224999 0.6224999 0.581 0.581 0.5855 0.5855 0.628 0.628 0.611 0.611 0.611 0.618 0.618 0.645 0.645 0.683 0.683 0.683 0.652 0.652 0.6404999 0.6404999 0.661 0.661 0.661 0.646 0.646 0.653 0.653 0.6125 0.6125 0.6125 0.6585 0.6585 0.6635 0.6635 0.669 0.669 0.669 0.6135 0.6135 0.6145 0.6145 0.6365 0.6365 0.624 0.624 0.624 0.6075 0.6075 0.6475 0.6475 0.6495 0.6495 0.6495 0.643 0.643 0.5915 0.5915 0.5995 0.5995 0.5995 0.6055 0.6055 0.6035 0.6035 0.6585 0.6585 0.6585 0.659
0.6235 0.6235 0.5725 0.5725 0.5795 0.5795 0.6224999 0.6224999 0.6224999 0.581 0.581 0.5855 0.5855 0.628 0.628 0.611 0.611 0.611 0.618 0.618 0.645 0.645 0.683 0.683 0.683 0.652 0.652 0.6404999 0.6404999 0.661 0.661 0.661 0.646 0.646 0.653 0.653 0.6125 0.6125 0.6125 0.6585 0.6585 0.6635 0.6635 0.669 0.669 0.669 0.6135 0.6135 0.6145 0.6145 0.6365 0.6365 0.624 0.624 0.624 0.6075 0.6075 0.6475 0.6475 0.6495 0.6495 0.6495 0.643 0.643 0.5915 0.5915 0.5995 0.5995 0.5995 0.6055 0.6055 0.6035 0.6035 0.6585 0.6585 0.6585 0.659
0.526 0.526 0.563 0.563 0.5765 0.5765 0.577 0.577 0.577 0.5905 0.5905 0.585 0.585 0.549 0.549 0.5745 0.5745 0.5745 0.6185 0.6185 0.724 0.724 0.7045 0.7045 0.7045 0.6735 0.6735 0.6465 0.6465 0.6295 0.6295 0.6295 0.643 0.643 0.667 0.667 0.6295 0.6295 0.6295 0.653 0.653 0.6255 0.6255 0.6245 0.6245 0.6245 0.615 0.615 0.599 0.599 0.6045001 0.6045001 0.611 0.611 0.611 0.621 0.621 0.6395 0.6395 0.6275 0.6275 0.6275 0.6205 0.6205 0.594 0.594 0.6075 0.6075 0.6075 0.6045001 0.6045001 0.601 0.601 0.6665 0.6665 0.6665 0.684
0.526 0.526 0.563 0.563 0.5765 0.5765 0.577 0.577 0.577 0.5905 0.5905 0.585 0.585 0.549 0.549 0.5745 0.5745 0.5745 0.6185 0.6185 0.724 0.724 0.7045 0.7045 0.7045 0.6735 0.6735 0.6465 0.6465 0.6295 0.6295 0.6295 0.643 0.643 0.667 0.667 0.6295 0.6295 0.6295 0.653 0.653 0.6255 0.6255 0.6245 0.6245 0.6245 0.615 0.615 0.599 0.599 0.6045001 0.6045001 0.611 0.611 0.611 0.621 0.621 0.6395 0.6395 0.6275 0.6275 0.6275 0.6205 0.6205 0.594 0.594 0.6075 0.6075 0.6075 0.6045001 0.6045001 0.601 0.601 0.6665 0.6665 0.6665 0.684
0.526 0.526 0.563 0.563 0.5765 0.5765 0.577 0.577 0.577 0.5905 0.5905 0.585 0.585 0.549 0.549 0.5745 0.5745 0.5745 0.6185 0.6185 0.724 0.724 0.7045 0.7045 0.7045 0.6735 0.6735 0.6465 0.6465 0.6295 0.6295 0.6295 0.643 0.643 0.667 0.667 0.6295 0.6295 0.6295 0.653 0.653 0.6255 0.6255 0.6245 0.6245 0.6245 0.615 0.615 0.599 0.599 0.6045001 0.6045001 0.611 0.611 0.611 0.621 0.621 0.6395 0.6395 0.6275 0.6275 0.6275 0.6205 0.6205 0.594 0.594 0.6075 0.6075 0.6075 0.6045001 0.6045001 0.601 0.601 0.6665 0.6665 0.6665 0.684
0.5485 0.5485 0.6035 0.6035 0.5915 0.5915 0.604 0.604 0.604 0.6055 0.6055 0.5605 0.5605 0.6015 0.6015 0.6125 0.6125 0.6125 0.5705 0.5705 0.6635 0.6635 0.6885 0.6885 0.6885 0.6805 0.6805 0.668 0.668 0.6115 0.6115 0.6115 0.656 0.656 0.674 0.674 0.6585 0.6585 0.6585 0.6225 0.6225 0.677 0.677 0.6605 0.6605 0.6605 0.72 0.72 0.6815 0.6815 0.6815 0.6815 0.656 0.656 0.656 0.6695 0.6695 0.655 0.655 0.6435 0.6435 0.6435 0.626 0.626 0.6205 0.6205 0.6495 0.6495 0.6495 0.6395 0.6395 0.638 0.638 0.648 0.648 0.648 0.651
0.5485 0.5485 0.6035 0.6035 0.5915 0.5915 0.604 0.604 0.604 0.6055 0.6055 0.5605 0.5605 0.6015 0.6015 0.6125 0.6125 0.6125 0.5705 0.5705 0.6635 0.6635 0.6885 0.6885 0.6885 0.6805 0.6805 0.668 0.668 0.6115 0.6115 0.6115 0.656 0.656 0.674 0.674 0.6585 0.6585 0.6585 0.6225 0.6225 0.677 0.677 0.6605 0.6605 0.6605 0.72 0.72 0.6815 0.6815 0.6815 0.6815 0.656 0.656 0.656 0.6695 0.6695 0.655 0.655 0.6435 0.6435 0.6435 0.626 0.626 0.6205 0.6205 0.6495 0.6495 0.6495 0.6395 0.6395 0.638 0.638 0.648 0.648 0.648 0.651
0.6175 0.6175 0.6210001 0.6210001 0.5965 0.5965 0.596 0.596 0.596 0.6215 0.6215 0.6265 0.6265 0.6075 0.6075 0.639 0.639 0.639 0.6135 0.6135 0.617 0.617 0.712 0.712 0.712 0.666 0.666 0.6525 0.6525 0.655 0.655 0.655 0.6495 0.6495 0.6799999 0.6799999 0.6565 0.6565 0.6565 0.6565 0.6565 0.676 0.676 0.708 0.708 0.708 0.712 0.712 0.7205 0.7205 0.719 0.719 0.6985 0.6985 0.6985 0.707 0.707 0.6925 0.6925 0.667 0.667 0.667 0.6765 0.6765 0.672 0.672 0.705 0.705 0.705 0.7175 0.7175 0.684 0.684 0.693 0.693 0.693 0.6755
0.6175 0.6175 0.6210001 0.6210001 0.5965 0.5965 0.596 0.596 0.596 0.6215 0.6215 0.6265 0.6265 0.6075 0.6075 0.639 0.639 0.639 0.6135 0.6135 0.617 0.617 0.712 0.712 0.712 0.666 0.666 0.6525 0.6525 0.655 0.655 0.655 0.6495 0.6495 0.6799999 0.6799999 0.6565 0.6565 0.6565 0.6565 0.6565 0.676 0.676 0.708 0.708 0.708 0.712 0.712 0.7205 0.7205 0.719 0.719 0.6985 0.6985 0.6985 0.707 0.707 0.6925 0.6925 0.667 0.667 0.667 0.6765 0.6765 0.672 0.672 0.705 0.705 0.705 0.7175 0.7175 0.684 0.684 0.693 0.693 0.693 0.6755
0.5305 0.5305 0.608 0.608 0.616 0.616 0.6355 0.6355 0.6355 0.6035 0.6035 0.609 0.609 0.5945 0.5945 0.583 0.583 0.583 0.648 0.648 0.668 0.668 0.6955 0.6955 0.6955 0.685 0.685 0.6655 0.6655 0.6605 0.6605 0.6605 0.6765 0.6765 0.6455 0.6455 0.7005 0.7005 0.7005 0.689 0.689 0.7095 0.7095 0.721 0.721 0.721 0.7505 0.7505 0.751 0.751 0.695 0.695 0.6925 0.6925 0.6925 0.7525 0.7525 0.756 0.756 0.7375 0.7375 0.7375 0.7225 0.7225 0.7085 0.7085 0.7195 0.7195 0.7195 0.7305 0.7305 0.702 0.702 0.713 0.713 0.713 0.7175
0.5305 0.5305 0.608 0.608 0.616 0.616 0.6355 0.6355 0.6355 0.6035 0.6035 0.609 0.609 0.5945 0.5945 0.583 0.583 0.583 0.648 0.648 0.668 0.668 0.6955 0.6955 0.6955 0.685 0.685 0.6655 0.6655 0.6605 0.6605 0.6605 0.6765 0.6765 0.6455 0.6455 0.7005 0.7005 0.7005 0.689 0.689 0.7095 0.7095 0.721 0.721 0.721 0.7505 0.7505 0.751 0.751 0.695 0.695 0.6925 0.6925 0.6925 0.7525 0.7525 0.756 0.756 0.7375 0.7375 0.7375 0.7225 0.7225 0.7085 0.7085 0.7195 0.7195 0.7195 0.7305 0.7305 0.702 0.702 0.713 0.713 0.713 0.7175
0.5305 0.5305 0.608 0.608 0.616 0.616 0.6355 0.6355 0.6355 0.6035 0.6035 0.609 0.609 0.5945 0.5945 0.583 0.583 0.583 0.648 0.648 0.668 0.668 0.6955 0.6955 0.6955 0.685 0.685 0.6655 0.6655 0.6605 0.6605 0.6605 0.6765 0.6765 0.6455 0.6455 0.7005 0.7005 0.7005 0.689 0.689 0.7095 0.7095 0.721 0.721 0.721 0.7505 0.7505 0.751 0.751 0.695 0.695 0.6925 0.6925 0.6925 0.7525 0.7525 0.756 0.756 0.7375 0.7375 0.7375 0.7225 0.7225 0.7085 0.7085 0.7195 0.7195 0.7195 0.7305 0.7305 0.702 0.702 0.713 0.713 0.713 0.7175
