ndvi/NOAA-150.asc
ncols         252
nrows         154
xllcorner     -18.017974
yllcorner     13.481982
cellsize      0.035948
NODATA_value  -9999
[rows 68 to 101 of 154, columns 77 to 153 of 252]
0.1895 0.1895 0.196 0.196 0.197 0.197 0.222 0.222 0.222 0.251 0.251 0.2485 0.2485 0.23 0.23 0.2555 0.2555 0.2555 0.2405 0.2405 0.2845 0.2845 0.219 0.219 0.219 0.1685 0.1685 0.165 0.165 0.1685 0.1685 0.1685 0.193 0.193 0.203 0.203 0.204 0.204 0.204 0.2115 0.2115 0.2295 0.2295 0.2 0.2 0.2 0.1405 0.1405 0.167 0.167 0.1625 0.1625 0.1935 0.1935 0.1935 0.191 0.191 0.1805 0.1805 0.2 0.2 0.2 0.223 0.223 0.2285 0.2285 0.1995 0.1995 0.1995 0.194 0.194 0.2055 0.2055 0.179 0.179 0.179 0.1175
0.1785 0.1785 0.2005 0.2005 0.2055 0.2055 0.1985 0.1985 0.1985 0.2035 0.2035 0.2185 0.2185 0.1985 0.1985 0.2075 0.2075 0.2075 0.1805 0.1805 0.199 0.199 0.268 0.268 0.268 0.2025 0.2025 0.1675 0.1675 0.164 0.164 0.164 0.17 0.17 0.1995 0.1995 0.202 0.202 0.202 0.212 0.212 0.2215 0.2215 0.2125 0.2125 0.2125 0.173 0.173 0.1755 0.1755 0.17 0.17 0.1835 0.1835 0.1835 0.2085 0.2085 0.1945 0.1945 0.219 0.219 0.219 0.242 0.242 0.254 0.254 0.204 0.204 0.204 0.2125 0.2125 0.1945 0.1945 0.213 0.213 0.213 0.136
0.1785 0.1785 0.2005 0.2005 0.2055 0.2055 0.1985 0.1985 0.1985 0.2035 0.2035 0.2185 0.2185 0.1985 0.1985 0.2075 0.2075 0.2075 0.1805 0.1805 0.199 0.199 0.268 0.268 0.268 0.2025 0.2025 0.1675 0.1675 0.164 0.164 0.164 0.17 0.17 0.1995 0.1995 0.202 0.202 0.202 0.212 0.212 0.2215 0.2215 0.2125 0.2125 0.2125 0.173 0.173 0.1755 0.1755 0.17 0.17 0.1835 0.1835 0.1835 0.2085 0.2085 0.1945 0.1945 0.219 0.219 0.219 0.242 0.242 0.254 0.254 0.204 0.204 0.204 0.2125 0.2125 0.1945 0.1945 0.213 0.213 0.213 0.136
0.187 0.187 0.1945 0.1945 0.201 0.201 0.1995 0.1995 0.1995 0.193 0.193 0.1865 0.1865 0.1865 0.1865 0.1925 0.1925 0.1925 0.177 0.177 0.182 0.182 0.1735 0.1735 0.1735 0.226 0.226 0.2205 0.2205 0.1755 0.1755 0.1755 0.1765 0.1765 0.173 0.173 0.193 0.193 0.193 0.198 0.198 0.227 0.227 0.22 0.22 0.22 0.168 0.168 0.1415 0.1415 0.159 0.159 0.196 0.196 0.196 0.2065 0.2065 0.173 0.173 0.2005 0.2005 0.2005 0.234 0.234 0.221 0.221 0.2 0.2 0.2 0.201 0.201 0.199 0.199 0.2185 0.2185 0.2185 0.143
0.187 0.187 0.1945 0.1945 0.201 0.201 0.1995 0.1995 0.1995 0.193 0.193 0.1865 0.1865 0.1865 0.1865 0.1925 0.1925 0.1925 0.177 0.177 0.182 0.182 0.1735 0.1735 0.1735 0.226 0.226 0.2205 0.2205 0.1755 0.1755 0.1755 0.1765 0.1765 0.173 0.173 0.193 0.193 0.193 0.198 0.198 0.227 0.227 0.22 0.22 0.22 0.168 0.168 0.1415 0.1415 0.159 0.159 0.196 0.196 0.196 0.2065 0.2065 0.173 0.173 0.2005 0.2005 0.2005 0.234 0.234 0.221 0.221 0.2 0.2 0.2 0.201 0.201 0.199 0.199 0.2185 0.2185 0.2185 0.143
0.187 0.187 0.1945 0.1945 0.201 0.201 0.1995 0.1995 0.1995 0.193 0.193 0.1865 0.1865 0.1865 0.1865 0.1925 0.1925 0.1925 0.177 0.177 0.182 0.182 0.1735 0.1735 0.1735 0.226 0.226 0.2205 0.2205 0.1755 0.1755 0.1755 0.1765 0.1765 0.173 0.173 0.193 0.193 0.193 0.198 0.198 0.227 0.227 0.22 0.22 0.22 0.168 0.168 0.1415 0.1415 0.159 0.159 0.196 0.196 0.196 0.2065 0.2065 0.173 0.173 0.2005 0.2005 0.2005 0.234 0.234 0.221 0.221 0.2 0.2 0.2 0.201 0.201 0.199 0.199 0.2185 0.2185 0.2185 0.143
0.1935 0.1935 0.2155 0.2155 0.205 0.205 0.196 0.196 0.196 0.21 0.21 0.195 0.195 0.1655 0.1655 0.1605 0.1605 0.1605 0.1705 0.1705 0.1765 0.1765 0.1825 0.1825 0.1825 0.1905 0.1905 0.2005 0.2005 0.2275 0.2275 0.2275 0.2455 0.2455 0.1925 0.1925 0.1835 0.1835 0.1835 0.1775 0.1775 0.191 0.191 0.136 0.136 0.136 0.163 0.163 0.208 0.208 0.1975 0.1975 0.1975 0.1975 0.1975 0.1825 0.1825 0.1805 0.1805 0.1835 0.1835 0.1835 0.197 0.197 0.193 0.193 0.1815 0.1815 0.1815 0.2015 0.2015 0.151 0.151 0.1395 0.1395 0.1395 0.1645
0.1935 0.1935 0.2155 0.2155 0.205 0.205 0.196 0.196 0.196 0.21 0.21 0.195 0.195 0.1655 0.1655 0.1605 0.1605 0.1605 0.1705 0.1705 0.1765 0.1765 0.1825 0.1825 0.1825 0.1905 0.1905 0.2005 0.2005 0.2275 0.2275 0.2275 0.2455 0.2455 0.1925 0.1925 0.1835 0.1835 0.1835 0.1775 0.1775 0.191 0.191 0.136 0.136 0.136 0.163 0.163 0.208 0.208 0.1975 0.1975 0.1975 0.1975 0.1975 0.1825 0.1825 0.1805 0.1805 0.1835 0.1835 0.1835 0.197 0.197 0.193 0.193 0.1815 0.1815 0.1815 0.2015 0.2015 0.151 0.151 0.1395 0.1395 0.1395 0.1645
0.1825 0.1825 0.2085 0.2085 0.223 0.223 0.195 0.195 0.195 0.189 0.189 0.149 0.149 0.19 0.19 0.1675 0.1675 0.1675 0.1355 0.1355 0.143 0.143 0.178 0.178 0.178 0.1825 0.1825 0.184 0.184 0.2125 0.2125 0.2125 0.235 0.235 0.2565 0.2565 0.213 0.213 0.213 0.17 0.17 0.178 0.178 0.1395 0.1395 0.1395 0.1695 0.1695 0.1995 0.1995 0.185 0.185 0.181 0.181 0.181 0.162 0.162 0.187 0.187 0.167 0.167 0.167 0.1745 0.1745 0.199 0.199 0.2095 0.2095 0.2095 0.1995 0.1995 0.1915 0.1915 0.097 0.097 0.097 0.128
0.1825 0.1825 0.2085 0.2085 0.223 0.223 0.195 0.195 0.195 0.189 0.189 0.149 0.149 0.19 0.19 0.1675 0.1675 0.1675 0.1355 0.1355 0.143 0.143 0.178 0.178 0.178 0.1825 0.1825 0.184 0.184 0.2125 0.2125 0.2125 0.235 0.235 0.2565 0.2565 0.213 0.213 0.213 0.17 0.17 0.178 0.178 0.1395 0.1395 0.1395 0.1695 0.1695 0.1995 0.1995 0.185 0.185 0.181 0.181 0.181 0.162 0.162 0.187 0.187 0.167 0.167 0.167 0.1745 0.1745 0.199 0.199 0.2095 0.2095 0.2095 0.1995 0.1995 0.1915 0.1915 0.097 0.097 0.097 0.128
0.172 0.172 0.184 0.184 0.159 0.159 0.1595 0.1595 0.1595 0.1745 0.1745 0.1705 0.1705 0.1575 0.1575 0.1645 0.1645 0.1645 0.166 0.166 0.1415 0.1415 0.1545 0.1545 0.1545 0.1805 0.1805 0.1785 0.1785 0.1885 0.1885 0.1885 0.211 0.211 0.189 0.189 0.2245 0.2245 0.2245 0.2105 0.2105 0.185 0.185 0.167 0.167 0.167 0.164 0.164 0.175 0.175 0.192 0.192 0.167 0.167 0.167 0.162 0.162 0.164 0.164 0.16 0.16 0.16 0.1545 0.1545 0.1435 0.1435 0.1795 0.1795 0.1795 0.1895 0.1895 0.197 0.197 0.1475 0.1475 0.1475 0.1165
0.172 0.172 0.184 0.184 0.159 0.159 0.1595 0.1595 0.1595 0.1745 0.1745 0.1705 0.1705 0.1575 0.1575 0.1645 0.1645 0.1645 0.166 0.166 0.1415 0.1415 0.1545 0.1545 0.1545 0.1805 0.1805 0.1785 0.1785 0.1885 0.1885 0.1885 0.211 0.211 0.189 0.189 0.2245 0.2245 0.2245 0.2105 0.2105 0.185 0.185 0.167 0.167 0.167 0.164 0.164 0.175 0.175 0.192 0.192 0.167 0.167 0.167 0.162 0.162 0.164 0.164 0.16 0.16 0.16 0.1545 0.1545 0.1435 0.1435 0.1795 0.1795 0.1795 0.1895 0.1895 0.197 0.197 0.1475 0.1475 0.1475 0.1165
0.2025 0.2025 0.1985 0.1985 0.1815 0.1815 0.1715 0.1715 0.1715 0.144 0.144 0.1645 0.1645 0.159 0.159 0.163 0.163 0.163 0.151 0.151 0.128 0.128 0.175 0.175 0.175 0.186 0.186 0.1855 0.1855 0.1855 0.1855 0.1855 0.2035 0.2035 0.2095 0.2095 0.1845 0.1845 0.1845 0.199 0.199 0.1975 0.1975 0.1935 0.1935 0.1935 0.207 0.207 0.186 0.186 0.17 0.17 0.1775 0.1775 0.1775 0.1475 0.1475 0.1485 0.1485 0.1755 0.1755 0.1755 0.1895 0.1895 0.1645 0.1645 0.1715 0.1715 0.1715 0.1565 0.1565 0.1705 0.1705 0.1585 0.1585 0.1585 0.1085
0.2025 0.2025 0.1985 0.1985 0.1815 0.1815 0.1715 0.1715 0.1715 0.144 0.144 0.1645 0.1645 0.159 0.159 0.163 0.163 0.163 0.151 0.151 0.128 0.128 0.175 0.175 0.175 0.186 0.186 0.1855 0.1855 0.1855 0.1855 0.1855 0.2035 0.2035 0.2095 0.2095 0.1845 0.1845 0.1845 0.199 0.199 0.1975 0.1975 0.1935 0.1935 0.1935 0.207 0.207 0.186 0.186 0.17 0.17 0.1775 0.1775 0.1775 0.1475 0.1475 0.1485 0.1485 0.1755 0.1755 0.1755 0.1895 0.1895 0.1645 0.1645 0.1715 0.1715 0.1715 0.1565 0.1565 0.1705 0.1705 0.1585 0.1585 0.1585 0.1085
0.2025 0.2025 0.1985 0.1985 0.1815 0.1815 0.1715 0.1715 0.1715 0.144 0.144 0.1645 0.1645 0.159 0.159 0.163 0.163 0.163 0.151 0.151 0.128 0.128 0.175 0.175 0.175 0.186 0.186 0.1855 0.1855 0.1855 0.1855 0.1855 0.2035 0.2035 0.2095 0.2095 0.1845 0.1845 0.1845 0.199 0.199 0.1975 0.1975 0.1935 0.1935 0.1935 0.207 0.207 0.186 0.186 0.17 0.17 0.1775 0.1775 0.1775 0.1475 0.1475 0.1485 0.1485 0.1755 0.1755 0.1755 0.1895 0.1895 0.1645 0.1645 0.1715 0.1715 0.1715 0.1565 0.1565 0.1705 0.1705 0.1585 0.1585 0.1585 0.1085
0.2015 0.2015 0.1995 0.1995 0.1765 0.1765 0.1775 0.1775 0.1775 0.1775 0.1775 0.169 0.169 0.181 0.181 0.195 0.195 0.195 0.158 0.158 0.17 0.17 0.183 0.183 0.183 0.189 0.189 0.1995 0.1995 0.185 0.185 0.185 0.188 0.188 0.172 0.172 0.1615 0.1615 0.1615 0.183 0.183 0.1675 0.1675 0.194 0.194 0.194 0.2175 0.2175 0.2195 0.2195 0.185 0.185 0.187 0.187 0.187 0.168 0.168 0.174 0.174 0.1895 0.1895 0.1895 0.201 0.201 0.1925 0.1925 0.1655 0.1655 0.1655 0.1655 0.1655 0.179 0.179 0.1625 0.1625 0.1625 0.1265
0.2015 0.2015 0.1995 0.1995 0.1765 0.1765 0.1775 0.1775 0.1775 0.1775 0.1775 0.169 0.169 0.181 0.181 0.195 0.195 0.195 0.158 0.158 0.17 0.17 0.183 0.183 0.183 0.189 0.189 0.1995 0.1995 0.185 0.185 0.185 0.188 0.188 0.172 0.172 0.1615 0.1615 0.1615 0.183 0.183 0.1675 0.1675 0.194 0.194 0.194 0.2175 0.2175 0.2195 0.2195 0.185 0.185 0.187 0.187 0.187 0.168 0.168 0.174 0.174 0.1895 0.1895 0.1895 0.201 0.201 0.1925 0.1925 0.1655 0.1655 0.1655 0.1655 0.1655 0.179 0.179 0.1625 0.1625 0.1625 0.1265
0.21 0.21 0.1955 0.1955 0.1965 0.1965 0.202 0.202 0.202 0.2085 0.2085 0.2125 0.2125 0.196 0.196 0.1975 0.1975 0.1975 0.1805 0.1805 0.189 0.189 0.1885 0.1885 0.1885 0.18 0.18 0.19 0.19 0.178 0.178 0.178 0.1695 0.1695 0.171 0.171 0.1665 0.1665 0.1665 0.1645 0.1645 0.163 0.163 0.1495 0.1495 0.1495 0.147 0.147 0.1745 0.1745 0.1575 0.1575 0.198 0.198 0.198 0.2025 0.2025 0.192 0.192 0.21 0.21 0.21 0.2165 0.2165 0.24 0.24 0.1765 0.1765 0.1765 0.175 0.175 0.172 0.172 0.1525 0.1525 0.1525 0.14
0.21 0.21 0.1955 0.1955 0.1965 0.1965 0.202 0.202 0.202 0.2085 0.2085 0.2125 0.2125 0.196 0.196 0.1975 0.1975 0.1975 0.1805 0.1805 0.189 0.189 0.1885 0.1885 0.1885 0.18 0.18 0.19 0.19 0.178 0.178 0.178 0.1695 0.1695 0.171 0.171 0.1665 0.1665 0.1665 0.1645 0.1645 0.163 0.163 0.1495 0.1495 0.1495 0.147 0.147 0.1745 0.1745 0.1575 0.1575 0.198 0.198 0.198 0.2025 0.2025 0.192 0.192 0.21 0.21 0.21 0.2165 0.2165 0.24 0.24 0.1765 0.1765 0.1765 0.175 0.175 0.172 0.172 0.1525 0.1525 0.1525 0.14
0.242 0.242 0.2595 0.2595 0.2425 0.2425 0.2335 0.2335 0.2335 0.226 0.226 0.2165 0.2165 0.2315 0.2315 0.2185 0.2185 0.2185 0.2085 0.2085 0.2065 0.2065 0.1975 0.1975 0.1975 0.2025 0.2025 0.1945 0.1945 0.1855 0.1855 0.1855 0.194 0.194 0.2195 0.2195 0.194 0.194 0.194 0.173 0.173 0.2025 0.2025 0.181 0.181 0.181 0.1395 0.1395 0.185 0.185 0.178 0.178 0.172 0.172 0.172 0.196 0.196 0.203 0.203 0.2165 0.2165 0.2165 0.226 0.226 0.245 0.245 0.165 0.165 0.165 0.189 0.189 0.1815 0.1815 0.18 0.18 0.18 0.1475
0.242 0.242 0.2595 0.2595 0.2425 0.2425 0.2335 0.2335 0.2335 0.226 0.226 0.2165 0.2165 0.2315 0.2315 0.2185 0.2185 0.2185 0.2085 0.2085 0.2065 0.2065 0.1975 0.1975 0.1975 0.2025 0.2025 0.1945 0.1945 0.1855 0.1855 0.1855 0.194 0.194 0.2195 0.2195 0.194 0.194 0.194 0.173 0.173 0.2025 0.2025 0.181 0.181 0.181 0.1395 0.1395 0.185 0.185 0.178 0.178 0.172 0.172 0.172 0.196 0.196 0.203 0.203 0.2165 0.2165 0.2165 0.226 0.226 0.245 0.245 0.165 0.165 0.165 0.189 0.189 0.1815 0.1815 0.18 0.18 0.18 0.1475
0.242 0.242 0.2595 0.2595 0.2425 0.2425 0.2335 0.2335 0.2335 0.226 0.226 0.2165 0.2165 0.2315 0.2315 0.2185 0.2185 0.2185 0.2085 0.2085 0.2065 0.2065 0.1975 0.1975 0.1975 0.2025 0.2025 0.1945 0.1945 0.1855 0.1855 0.1855 0.194 0.194 0.2195 0.2195 0.194 0.194 0.194 0.173 0.173 0.2025 0.2025 0.181 0.181 0.181 0.1395 0.1395 0.185 0.185 0.178 0.178 0.172 0.172 0.172 0.196 0.196 0.203 0.203 0.2165 0.2165 0.2165 0.226 0.226 0.245 0.245 0.165 0.165 0.165 0.189 0.189 0.1815 0.1815 0.18 0.18 0.18 0.1475
0.2485 0.2485 0.261 0.261 0.233 0.233 0.1715 0.1715 0.1715 0.184 0.184 0.206 0.206 0.183 0.183 0.1925 0.1925 0.1925 0.205 0.205 0.194 0.194 0.2 0.2 0.2 0.2105 0.2105 0.1825 0.1825 0.1655 0.1655 0.1655 0.173 0.173 0.2 0.2 0.2025 0.2025 0.2025 0.203 0.203 0.2165 0.2165 0.208 0.208 0.208 0.203 0.203 0.2025 0.2025 0.196 0.196 0.1825 0.1825 0.1825 0.21 0.21 0.222 0.222 0.209 0.209 0.209 0.2135 0.2135 0.2165 0.2165 0.227 0.227 0.227 0.192 0.192 0.1735 0.1735 0.1545 0.1545 0.1545 0.1505
0.2485 0.2485 0.261 0.261 0.233 0.233 0.1715 0.1715 0.1715 0.184 0.184 0.206 0.206 0.183 0.183 0.1925 0.1925 0.1925 0.205 0.205 0.194 0.194 0.2 0.2 0.2 0.2105 0.2105 0.1825 0.1825 0.1655 0.1655 0.1655 0.173 0.173 0.2 0.2 0.2025 0.2025 0.2025 0.203 0.203 0.2165 0.2165 0.208 0.208 0.208 0.203 0.203 0.2025 0.2025 0.196 0.196 0.1825 0.1825 0.1825 0.21 0.21 0.222 0.222 0.209 0.209 0.209 0.2135 0.2135 0.2165 0.2165 0.227 0.227 0.227 0.192 0.192 0.1735 0.1735 0.1545 0.1545 0.1545 0.1505
0.234 0.234 0.2375 0.2375 0.1955 0.1955 0.1915 0.1915 0.1915 0.2115 0.2115 0.1955 0.1955 0.191 0.191 0.1905 0.1905 0.1905 0.1955 0.1955 0.2015 0.2015 0.215 0.215 0.215 0.1855 0.1855 0.2115 0.2115 0.185 0.185 0.185 0.197 0.197 0.22 0.22 0.214 0.214 0.214 0.2005 0.2005 0.2085 0.2085 0.2355 0.2355 0.2355 0.243 0.243 0.2295 0.2295 0.213 0.213 0.1835 0.1835 0.1835 0.202 0.202 0.192 0.192 0.2205 0.2205 0.2205 0.222 0.222 0.211 0.211 0.2285 0.2285 0.2285 0.236 0.236 0.22 0.22 0.2275 0.2275 0.2275 0.1715
0.234 0.234 0.2375 0.2375 0.1955 0.1955 0.1915 0.1915 0.1915 0.2115 0.2115 0.1955 0.1955 0.191 0.191 0.1905 0.1905 0.1905 0.1955 0.1955 0.2015 0.2015 0.215 0.215 0.215 0.1855 0.1855 0.2115 0.2115 0.185 0.185 0.185 0.197 0.197 0.22 0.22 0.214 0.214 0.214 0.2005 0.2005 0.2085 0.2085 0.2355 0.2355 0.2355 0.243 0.243 0.2295 0.2295 0.213 0.213 0.1835 0.1835 0.1835 0.202 0.202 0.192 0.192 0.2205 0.2205 0.2205 0.222 0.222 0.211 0.211 0.2285 0.2285 0.2285 0.236 0.236 0.22 0.22 0.2275 0.2275 0.2275 0.1715
0.236 0.236 0.2095 0.2095 0.1985 0.1985 0.2025 0.2025 0.2025 0.1905 0.1905 0.2155 0.2155 0.198 0.198 0.2 0.2 0.2 0.1895 0.1895 0.2095 0.2095 0.227 0.227 0.227 0.2165 0.2165 0.2055 0.2055 0.2275 0.2275 0.2275 0.2325 0.2325 0.235 0.235 0.2195 0.2195 0.2195 0.216 0.216 0.2325 0.2325 0.2295 0.2295 0.2295 0.237 0.237 0.231 0.231 0.2285 0.2285 0.2095 0.2095 0.2095 0.222 0.222 0.196 0.196 0.203 0.203 0.203 0.18 0.18 0.2225 0.2225 0.2255 0.2255 0.2255 0.228 0.228 0.2275 0.2275 0.228 0.228 0.228 0.189
0.236 0.236 0.2095 0.2095 0.1985 0.1985 0.2025 0.2025 0.2025 0.1905 0.1905 0.2155 0.2155 0.198 0.198 0.2 0.2 0.2 0.1895 0.1895 0.2095 0.2095 0.227 0.227 0.227 0.2165 0.2165 0.2055 0.2055 0.2275 0.2275 0.2275 0.2325 0.2325 0.235 0.235 0.2195 0.2195 0.2195 0.216 0.216 0.2325 0.2325 0.2295 0.2295 0.2295 0.237 0.237 0.231 0.231 0.2285 0.2285 0.2095 0.2095 0.2095 0.222 0.222 0.196 0.196 0.203 0.203 0.203 0.18 0.18 0.2225 0.2225 0.2255 0.2255 0.2255 0.228 0.228 0.2275 0.2275 0.228 0.228 0.228 0.189
0.236 0.236 0.2095 0.2095 0.1985 0.1985 0.2025 0.2025 0.2025 0.1905 0.1905 0.2155 0.2155 0.198 0.198 0.2 0.2 0.2 0.1895 0.1895 0.2095 0.2095 0.227 0.227 0.227 0.2165 0.2165 0.2055 0.2055 0.2275 0.2275 0.2275 0.2325 0.2325 0.235 0.235 0.2195 0.2195 0.2195 0.216 0.216 0.2325 0.2325 0.2295 0.2295 0.2295 0.237 0.237 0.231 0.231 0.2285 0.2285 0.2095 0.2095 0.2095 0.222 0.222 0.196 0.196 0.203 0.203 0.203 0.18 0.18 0.2225 0.2225 0.2255 0.2255 0.2255 0.228 0.228 0.2275 0.2275 0.228 0.228 0.228 0.189
0.2185 0.2185 0.246 0.246 0.2085 0.2085 0.201 0.201 0.201 0.2395 0.2395 0.216 0.216 0.202 0.202 0.1975 0.1975 0.1975 0.2005 0.2005 0.2085 0.2085 0.217 0.217 0.217 0.21 0.21 0.2405 0.2405 0.238 0.238 0.238 0.2345 0.2345 0.2455 0.2455 0.2125 0.2125 0.2125 0.235 0.235 0.2325 0.2325 0.2305 0.2305 0.2305 0.2195 0.2195 0.2235 0.2235 0.2335 0.2335 0.2375 0.2375 0.2375 0.235 0.235 0.236 0.236 0.1945 0.1945 0.1945 0.142 0.142 0.1895 0.1895 0.2445 0.2445 0.2445 0.2915 0.2915 0.1895 0.1895 0.1825 0.1825 0.1825 0.1945
0.2185 0.2185 0.246 0.246 0.2085 0.2085 0.201 0.201 0.201 0.2395 0.2395 0.216 0.216 0.202 0.202 0.1975 0.1975 0.1975 0.2005 0.2005 0.2085 0.2085 0.217 0.217 0.217 0.21 0.21 0.2405 0.2405 0.238 0.238 0.238 0.2345 0.2345 0.2455 0.2455 0.2125 0.2125 0.2125 0.235 0.235 0.2325 0.2325 0.2305 0.2305 0.2305 0.2195 0.2195 0.2235 0.2235 0.2335 0.2335 0.2375 0.2375 0.2375 0.235 0.235 0.236 0.236 0.1945 0.1945 0.1945 0.142 0.142 0.1895 0.1895 0.2445 0.2445 0.2445 0.2915 0.2915 0.1895 0.1895 0.1825 0.1825 0.1825 0.1945
0.2155 0.2155 0.212 0.212 0.225 0.225 0.233 0.233 0.233 0.2345 0.2345 0.1875 0.1875 0.196 0.196 0.2005 0.2005 0.2005 0.216 0.216 0.2105 0.2105 0.1995 0.1995 0.1995 0.196 0.196 0.204 0.204 0.2265 0.2265 0.2265 0.241 0.241 0.236 0.236 0.235 0.235 0.235 0.241 0.241 0.25 0.25 0.247 0.247 0.247 0.231 0.231 0.235 0.235 0.252 0.252 0.2655 0.2655 0.2655 0.199 0.199 0.2195 0.2195 0.2495 0.2495 0.2495 0.2255 0.2255 0.2265 0.2265 0.2465 0.2465 0.2465 0.268 0.268 0.273 0.273 0.259 0.259 0.259 0.2455
0.2155 0.2155 0.212 0.212 0.225 0.225 0.233 0.233 0.233 0.2345 0.2345 0.1875 0.1875 0.196 0.196 0.2005 0.2005 0.2005 0.216 0.216 0.2105 0.2105 0.1995 0.1995 0.1995 0.196 0.196 0.204 0.204 0.2265 0.2265 0.2265 0.241 0.241 0.236 0.236 0.235 0.235 0.235 0.241 0.241 0.25 0.25 0.247 0.247 0.247 0.231 0.231 0.235 0.235 0.252 0.252 0.2655 0.2655 0.2655 0.199 0.199 0.2195 0.2195 0.2495 0.2495 0.2495 0.2255 0.2255 0.2265 0.2265 0.2465 0.2465 0.2465 0.268 0.268 0.273 0.273 0.259 0.259 0.259 0.2455
0.1995 0.1995 0.216 0.216 0.251 0.251 0.2635 0.2635 0.2635 0.2345 0.2345 0.21 0.21 0.224 0.224 0.226 0.226 0.226 0.2395 0.2395 0.2185 0.2185 0.229 0.229 0.229 0.243 0.243 0.2265 0.2265 0.244 0.244 0.244 0.2635 0.2635 0.2725 0.2725 0.2525 0.2525 0.2525 0.251 0.251 0.246 0.246 0.251 0.251 0.251 0.2465 0.2465 0.2465 0.2465 0.25 0.25 0.262 0.262 0.262 0.261 0.261 0.238 0.238 0.2255 0.2255 0.2255 0.244 0.244 0.2315 0.2315 0.263 0.263 0.263 0.2595 0.2595 0.259 0.259 0.221 0.221 0.221 0.209
