ndvi/NOAA-104.asc
ncols         252
nrows         154
xllcorner     -18.017974
yllcorner     13.481982
cellsize      0.035948
NODATA_value  -9999
[rows 68 to 101 of 154, columns 77 to 153 of 252]
0.247 0.247 0.249 0.249 0.239 0.239 0.2645 0.2645 0.2645 0.3065 0.3065 0.289 0.289 0.3335 0.3335 0.341 0.341 0.341 0.3095 0.3095 0.289 0.289 0.248 0.248 0.248 0.198 0.198 0.2055 0.2055 0.196 0.196 0.196 0.246 0.246 0.282 0.282 0.3025 0.3025 0.3025 0.319 0.319 0.2985 0.2985 0.2405 0.2405 0.2405 0.155 0.155 0.1945 0.1945 0.2535 0.2535 0.247 0.247 0.247 0.2745 0.2745 0.2315 0.2315 0.27 0.27 0.27 0.2715 0.2715 0.2635 0.2635 0.2485 0.2485 0.2485 0.2635 0.2635 0.276 0.276 0.2165 0.2165 0.2165 0.1615
0.2465 0.2465 0.2675 0.2675 0.2555 0.2555 0.255 0.255 0.255 0.2635 0.2635 0.258 0.258 0.283 0.283 0.3235 0.3235 0.3235 0.293 0.293 0.2575 0.2575 0.2705 0.2705 0.2705 0.246 0.246 0.2145 0.2145 0.193 0.193 0.193 0.2115 0.2115 0.249 0.249 0.2965 0.2965 0.2965 0.295 0.295 0.301 0.301 0.269 0.269 0.269 0.196 0.196 0.2215 0.2215 0.239 0.239 0.227 0.227 0.227 0.26 0.26 0.2455 0.2455 0.248 0.248 0.248 0.271 0.271 0.2825 0.2825 0.2415 0.2415 0.2415 0.2395 0.2395 0.2425 0.2425 0.261 0.261 0.261 0.2305
0.2465 0.2465 0.2675 0.2675 0.2555 0.2555 0.255 0.255 0.255 0.2635 0.2635 0.258 0.258 0.283 0.283 0.3235 0.3235 0.3235 0.293 0.293 0.2575 0.2575 0.2705 0.2705 0.2705 0.246 0.246 0.2145 0.2145 0.193 0.193 0.193 0.2115 0.2115 0.249 0.249 0.2965 0.2965 0.2965 0.295 0.295 0.301 0.301 0.269 0.269 0.269 0.196 0.196 0.2215 0.2215 0.239 0.239 0.227 0.227 0.227 0.26 0.26 0.2455 0.2455 0.248 0.248 0.248 0.271 0.271 0.2825 0.2825 0.2415 0.2415 0.2415 0.2395 0.2395 0.2425 0.2425 0.261 0.261 0.261 0.2305
0.2645 0.2645 0.243 0.243 0.2715 0.2715 0.268 0.268 0.268 0.261 0.261 0.2605 0.2605 0.2735 0.2735 0.2915 0.2915 0.2915 0.2405 0.2405 0.257 0.257 0.2975 0.2975 0.2975 0.335 0.335 0.346 0.346 0.3425 0.3425 0.3425 0.2395 0.2395 0.278 0.278 0.3215 0.3215 0.3215 0.3715 0.3715 0.3895 0.3895 0.3025 0.3025 0.3025 0.185 0.185 0.2015 0.2015 0.254 0.254 0.275 0.275 0.275 0.2825 0.2825 0.35 0.35 0.306 0.306 0.306 0.279 0.279 0.2935 0.2935 0.3225 0.3225 0.3225 0.2435 0.2435 0.297 0.297 0.3065 0.3065 0.3065 0.2015
0.2645 0.2645 0.243 0.243 0.2715 0.2715 0.268 0.268 0.268 0.261 0.261 0.2605 0.2605 0.2735 0.2735 0.2915 0.2915 0.2915 0.2405 0.2405 0.257 0.257 0.2975 0.2975 0.2975 0.335 0.335 0.346 0.346 0.3425 0.3425 0.3425 0.2395 0.2395 0.278 0.278 0.3215 0.3215 0.3215 0.3715 0.3715 0.3895 0.3895 0.3025 0.3025 0.3025 0.185 0.185 0.2015 0.2015 0.254 0.254 0.275 0.275 0.275 0.2825 0.2825 0.35 0.35 0.306 0.306 0.306 0.279 0.279 0.2935 0.2935 0.3225 0.3225 0.3225 0.2435 0.2435 0.297 0.297 0.3065 0.3065 0.3065 0.2015
0.2645 0.2645 0.243 0.243 0.2715 0.2715 0.268 0.268 0.268 0.261 0.261 0.2605 0.2605 0.2735 0.2735 0.2915 0.2915 0.2915 0.2405 0.2405 0.257 0.257 0.2975 0.2975 0.2975 0.335 0.335 0.346 0.346 0.3425 0.3425 0.3425 0.2395 0.2395 0.278 0.278 0.3215 0.3215 0.3215 0.3715 0.3715 0.3895 0.3895 0.3025 0.3025 0.3025 0.185 0.185 0.2015 0.2015 0.254 0.254 0.275 0.275 0.275 0.2825 0.2825 0.35 0.35 0.306 0.306 0.306 0.279 0.279 0.2935 0.2935 0.3225 0.3225 0.3225 0.2435 0.2435 0.297 0.297 0.3065 0.3065 0.3065 0.2015
0.3305 0.3305 0.26 0.26 0.2695 0.2695 0.2875 0.2875 0.2875 0.274 0.274 0.265 0.265 0.231 0.231 0.2315 0.2315 0.2315 0.2455 0.2455 0.267 0.267 0.3035 0.3035 0.3035 0.3535 0.3535 0.323 0.323 0.3605 0.3605 0.3605 0.412 0.412 0.3495 0.3495 0.3155 0.3155 0.3155 0.411 0.411 0.29 0.29 0.198 0.198 0.198 0.1955 0.1955 0.3345 0.3345 0.3155 0.3155 0.3215 0.3215 0.3215 0.352 0.352 0.307 0.307 0.2905 0.2905 0.2905 0.2755 0.2755 0.2755 0.2755 0.3165 0.3165 0.3165 0.241 0.241 0.2265 0.2265 0.1885 0.1885 0.1885 0.223
0.3305 0.3305 0.26 0.26 0.2695 0.2695 0.2875 0.2875 0.2875 0.274 0.274 0.265 0.265 0.231 0.231 0.2315 0.2315 0.2315 0.2455 0.2455 0.267 0.267 0.3035 0.3035 0.3035 0.3535 0.3535 0.323 0.323 0.3605 0.3605 0.3605 0.412 0.412 0.3495 0.3495 0.3155 0.3155 0.3155 0.411 0.411 0.29 0.29 0.198 0.198 0.198 0.1955 0.1955 0.3345 0.3345 0.3155 0.3155 0.3215 0.3215 0.3215 0.352 0.352 0.307 0.307 0.2905 0.2905 0.2905 0.2755 0.2755 0.2755 0.2755 0.3165 0.3165 0.3165 0.241 0.241 0.2265 0.2265 0.1885 0.1885 0.1885 0.223
0.3325 0.3325 0.261 0.261 0.2625 0.2625 0.2745 0.2745 0.2745 0.2785 0.2785 0.308 0.308 0.293 0.293 0.2675 0.2675 0.2675 0.25 0.25 0.2535 0.2535 0.3135 0.3135 0.3135 0.3315 0.3315 0.3505 0.3505 0.3925 0.3925 0.3925 0.3905 0.3905 0.44 0.44 0.387 0.387 0.387 0.368 0.368 0.262 0.262 0.2105 0.2105 0.2105 0.235 0.235 0.3 0.3 0.3185 0.3185 0.267 0.267 0.267 0.323 0.323 0.2875 0.2875 0.2475 0.2475 0.2475 0.281 0.281 0.2775 0.2775 0.2785 0.2785 0.2785 0.2305 0.2305 0.2225 0.2225 0.127 0.127 0.127 0.172
0.3325 0.3325 0.261 0.261 0.2625 0.2625 0.2745 0.2745 0.2745 0.2785 0.2785 0.308 0.308 0.293 0.293 0.2675 0.2675 0.2675 0.25 0.25 0.2535 0.2535 0.3135 0.3135 0.3135 0.3315 0.3315 0.3505 0.3505 0.3925 0.3925 0.3925 0.3905 0.3905 0.44 0.44 0.387 0.387 0.387 0.368 0.368 0.262 0.262 0.2105 0.2105 0.2105 0.235 0.235 0.3 0.3 0.3185 0.3185 0.267 0.267 0.267 0.323 0.323 0.2875 0.2875 0.2475 0.2475 0.2475 0.281 0.281 0.2775 0.2775 0.2785 0.2785 0.2785 0.2305 0.2305 0.2225 0.2225 0.127 0.127 0.127 0.172
0.2745 0.2745 0.32 0.32 0.3395 0.3395 0.2365 0.2365 0.2365 0.266 0.266 0.2475 0.2475 0.215 0.215 0.205 0.205 0.205 0.224 0.224 0.2135 0.2135 0.3005 0.3005 0.3005 0.3755 0.3755 0.377 0.377 0.3745 0.3745 0.3745 0.3345 0.3345 0.525 0.525 0.434 0.434 0.434 0.3495 0.3495 0.324 0.324 0.2155 0.2155 0.2155 0.1955 0.1955 0.2985 0.2985 0.315 0.315 0.3345 0.3345 0.3345 0.2855 0.2855 0.2675 0.2675 0.2525 0.2525 0.2525 0.2625 0.2625 0.2805 0.2805 0.3045 0.3045 0.3045 0.2565 0.2565 0.2315 0.2315 0.1885 0.1885 0.1885 0.1505
0.2745 0.2745 0.32 0.32 0.3395 0.3395 0.2365 0.2365 0.2365 0.266 0.266 0.2475 0.2475 0.215 0.215 0.205 0.205 0.205 0.224 0.224 0.2135 0.2135 0.3005 0.3005 0.3005 0.3755 0.3755 0.377 0.377 0.3745 0.3745 0.3745 0.3345 0.3345 0.525 0.525 0.434 0.434 0.434 0.3495 0.3495 0.324 0.324 0.2155 0.2155 0.2155 0.1955 0.1955 0.2985 0.2985 0.315 0.315 0.3345 0.3345 0.3345 0.2855 0.2855 0.2675 0.2675 0.2525 0.2525 0.2525 0.2625 0.2625 0.2805 0.2805 0.3045 0.3045 0.3045 0.2565 0.2565 0.2315 0.2315 0.1885 0.1885 0.1885 0.1505
0.3115 0.3115 0.3225 0.3225 0.346 0.346 0.3816 0.3816 0.3816 0.2955 0.2955 0.275 0.275 0.2905 0.2905 0.231 0.231 0.231 0.2165 0.2165 0.227 0.227 0.274 0.274 0.274 0.3145 0.3145 0.372 0.372 0.3405 0.3405 0.3405 0.371 0.371 0.3905 0.3905 0.375 0.375 0.375 0.3645 0.3645 0.3955 0.3955 0.299 0.299 0.299 0.3055 0.3055 0.2375 0.2375 0.289 0.289 0.306 0.306 0.306 0.283 0.283 0.2735 0.2735 0.2745 0.2745 0.2745 0.2585 0.2585 0.2275 0.2275 0.23 0.23 0.23 0.2145 0.2145 0.218 0.218 0.2425 0.2425 0.2425 0.1455
0.3115 0.3115 0.3225 0.3225 0.346 0.346 0.3816 0.3816 0.3816 0.2955 0.2955 0.275 0.275 0.2905 0.2905 0.231 0.231 0.231 0.2165 0.2165 0.227 0.227 0.274 0.274 0.274 0.3145 0.3145 0.372 0.372 0.3405 0.3405 0.3405 0.371 0.371 0.3905 0.3905 0.375 0.375 0.375 0.3645 0.3645 0.3955 0.3955 0.299 0.299 0.299 0.3055 0.3055 0.2375 0.2375 0.289 0.289 0.306 0.306 0.306 0.283 0.283 0.2735 0.2735 0.2745 0.2745 0.2745 0.2585 0.2585 0.2275 0.2275 0.23 0.23 0.23 0.2145 0.2145 0.218 0.218 0.2425 0.2425 0.2425 0.1455
0.3115 0.3115 0.3225 0.3225 0.346 0.346 0.3816 0.3816 0.3816 0.2955 0.2955 0.275 0.275 0.2905 0.2905 0.231 0.231 0.231 0.2165 0.2165 0.227 0.227 0.274 0.274 0.274 0.3145 0.3145 0.372 0.372 0.3405 0.3405 0.3405 0.371 0.371 0.3905 0.3905 0.375 0.375 0.375 0.3645 0.3645 0.3955 0.3955 0.299 0.299 0.299 0.3055 0.3055 0.2375 0.2375 0.289 0.289 0.306 0.306 0.306 0.283 0.283 0.2735 0.2735 0.2745 0.2745 0.2745 0.2585 0.2585 0.2275 0.2275 0.23 0.23 0.23 0.2145 0.2145 0.218 0.218 0.2425 0.2425 0.2425 0.1455
0.3475 0.3475 0.337 0.337 0.3895 0.3895 0.406 0.406 0.406 0.351 0.351 0.2895 0.2895 0.3255 0.3255 0.3305 0.3305 0.3305 0.259 0.259 0.2285 0.2285 0.233 0.233 0.233 0.279 0.279 0.305 0.305 0.2895 0.2895 0.2895 0.313 0.313 0.281 0.281 0.3085 0.3085 0.3085 0.286 0.286 0.3285 0.3285 0.315 0.315 0.315 0.3645 0.3645 0.3145 0.3145 0.2755 0.2755 0.277 0.277 0.277 0.274 0.274 0.2865 0.2865 0.284 0.284 0.284 0.311 0.311 0.278 0.278 0.2085 0.2085 0.2085 0.2205 0.2205 0.2245 0.2245 0.1865 0.1865 0.1865 0.156
0.3475 0.3475 0.337 0.337 0.3895 0.3895 0.406 0.406 0.406 0.351 0.351 0.2895 0.2895 0.3255 0.3255 0.3305 0.3305 0.3305 0.259 0.259 0.2285 0.2285 0.233 0.233 0.233 0.279 0.279 0.305 0.305 0.2895 0.2895 0.2895 0.313 0.313 0.281 0.281 0.3085 0.3085 0.3085 0.286 0.286 0.3285 0.3285 0.315 0.315 0.315 0.3645 0.3645 0.3145 0.3145 0.2755 0.2755 0.277 0.277 0.277 0.274 0.274 0.2865 0.2865 0.284 0.284 0.284 0.311 0.311 0.278 0.278 0.2085 0.2085 0.2085 0.2205 0.2205 0.2245 0.2245 0.1865 0.1865 0.1865 0.156
0.4505 0.4505 0.371 0.371 0.357 0.357 0.398 0.398 0.398 0.4395 0.4395 0.4675 0.4675 0.421 0.421 0.3795 0.3795 0.3795 0.347 0.347 0.2875 0.2875 0.2465 0.2465 0.2465 0.25 0.25 0.275 0.275 0.264 0.264 0.264 0.259 0.259 0.3365 0.3365 0.2865 0.2865 0.2865 0.321 0.321 0.3175 0.3175 0.241 0.241 0.241 0.2805 0.2805 0.315 0.315 0.2115 0.2115 0.2805 0.2805 0.2805 0.31 0.31 0.289 0.289 0.2915 0.2915 0.2915 0.3165 0.3165 0.329 0.329 0.2345 0.2345 0.2345 0.2295 0.2295 0.2545 0.2545 0.1835 0.1835 0.1835 0.1765
0.4505 0.4505 0.371 0.371 0.357 0.357 0.398 0.398 0.398 0.4395 0.4395 0.4675 0.4675 0.421 0.421 0.3795 0.3795 0.3795 0.347 0.347 0.2875 0.2875 0.2465 0.2465 0.2465 0.25 0.25 0.275 0.275 0.264 0.264 0.264 0.259 0.259 0.3365 0.3365 0.2865 0.2865 0.2865 0.321 0.321 0.3175 0.3175 0.241 0.241 0.241 0.2805 0.2805 0.315 0.315 0.2115 0.2115 0.2805 0.2805 0.2805 0.31 0.31 0.289 0.289 0.2915 0.2915 0.2915 0.3165 0.3165 0.329 0.329 0.2345 0.2345 0.2345 0.2295 0.2295 0.2545 0.2545 0.1835 0.1835 0.1835 0.1765
0.531 0.531 0.5065 0.5065 0.4455 0.4455 0.42 0.42 0.42 0.37 0.37 0.3675 0.3675 0.3995 0.3995 0.432 0.432 0.432 0.461 0.461 0.392 0.392 0.322 0.322 0.322 0.3105 0.3105 0.3295 0.3295 0.298 0.298 0.298 0.3275 0.3275 0.296 0.296 0.2745 0.2745 0.2745 0.259 0.259 0.252 0.252 0.2335 0.2335 0.2335 0.245 0.245 0.264 0.264 0.2235 0.2235 0.232 0.232 0.232 0.2595 0.2595 0.3125 0.3125 0.3205 0.3205 0.3205 0.3395 0.3395 0.386 0.386 0.3005 0.3005 0.3005 0.2475 0.2475 0.2285 0.2285 0.236 0.236 0.236 0.205
0.531 0.531 0.5065 0.5065 0.4455 0.4455 0.42 0.42 0.42 0.37 0.37 0.3675 0.3675 0.3995 0.3995 0.432 0.432 0.432 0.461 0.461 0.392 0.392 0.322 0.322 0.322 0.3105 0.3105 0.3295 0.3295 0.298 0.298 0.298 0.3275 0.3275 0.296 0.296 0.2745 0.2745 0.2745 0.259 0.259 0.252 0.252 0.2335 0.2335 0.2335 0.245 0.245 0.264 0.264 0.2235 0.2235 0.232 0.232 0.232 0.2595 0.2595 0.3125 0.3125 0.3205 0.3205 0.3205 0.3395 0.3395 0.386 0.386 0.3005 0.3005 0.3005 0.2475 0.2475 0.2285 0.2285 0.236 0.236 0.236 0.205
0.531 0.531 0.5065 0.5065 0.4455 0.4455 0.42 0.42 0.42 0.37 0.37 0.3675 0.3675 0.3995 0.3995 0.432 0.432 0.432 0.461 0.461 0.392 0.392 0.322 0.322 0.322 0.3105 0.3105 0.3295 0.3295 0.298 0.298 0.298 0.3275 0.3275 0.296 0.296 0.2745 0.2745 0.2745 0.259 0.259 0.252 0.252 0.2335 0.2335 0.2335 0.245 0.245 0.264 0.264 0.2235 0.2235 0.232 0.232 0.232 0.2595 0.2595 0.3125 0.3125 0.3205 0.3205 0.3205 0.3395 0.3395 0.386 0.386 0.3005 0.3005 0.3005 0.2475 0.2475 0.2285 0.2285 0.236 0.236 0.236 0.205
0.522 0.522 0.473 0.473 0.453 0.453 0.3965 0.3965 0.3965 0.3895 0.3895 0.347 0.347 0.345 0.345 0.375 0.375 0.375 0.4095 0.4095 0.3755 0.3755 0.346 0.346 0.346 0.3115 0.3115 0.2995 0.2995 0.2905 0.2905 0.2905 0.2915 0.2915 0.287 0.287 0.28 0.28 0.28 0.289 0.289 0.274 0.274 0.2915 0.2915 0.2915 0.2995 0.2995 0.2775 0.2775 0.2675 0.2675 0.225 0.225 0.225 0.28 0.28 0.324 0.324 0.341 0.341 0.341 0.3255 0.3255 0.369 0.369 0.366 0.366 0.366 0.2675 0.2675 0.3015 0.3015 0.2385 0.2385 0.2385 0.2705
0.522 0.522 0.473 0.473 0.453 0.453 0.3965 0.3965 0.3965 0.3895 0.3895 0.347 0.347 0.345 0.345 0.375 0.375 0.375 0.4095 0.4095 0.3755 0.3755 0.346 0.346 0.346 0.3115 0.3115 0.2995 0.2995 0.2905 0.2905 0.2905 0.2915 0.2915 0.287 0.287 0.28 0.28 0.28 0.289 0.289 0.274 0.274 0.2915 0.2915 0.2915 0.2995 0.2995 0.2775 0.2775 0.2675 0.2675 0.225 0.225 0.225 0.28 0.28 0.324 0.324 0.341 0.341 0.341 0.3255 0.3255 0.369 0.369 0.366 0.366 0.366 0.2675 0.2675 0.3015 0.3015 0.2385 0.2385 0.2385 0.2705
0.4895 0.4895 0.4565 0.4565 0.437 0.437 0.4645 0.4645 0.4645 0.465 0.465 0.3835 0.3835 0.321 0.321 0.3655 0.3655 0.3655 0.384 0.384 0.4325 0.4325 0.3475 0.3475 0.3475 0.3305 0.3305 0.3475 0.3475 0.3115 0.3115 0.3115 0.326 0.326 0.3305 0.3305 0.3235 0.3235 0.3235 0.357 0.357 0.349 0.349 0.305 0.305 0.305 0.345 0.345 0.328 0.328 0.2955 0.2955 0.239 0.239 0.239 0.2905 0.2905 0.3065 0.3065 0.3435 0.3435 0.3435 0.3195 0.3195 0.326 0.326 0.3715 0.3715 0.3715 0.3785 0.3785 0.3595 0.3595 0.3245 0.3245 0.3245 0.2935
0.4895 0.4895 0.4565 0.4565 0.437 0.437 0.4645 0.4645 0.4645 0.465 0.465 0.3835 0.3835 0.321 0.321 0.3655 0.3655 0.3655 0.384 0.384 0.4325 0.4325 0.3475 0.3475 0.3475 0.3305 0.3305 0.3475 0.3475 0.3115 0.3115 0.3115 0.326 0.326 0.3305 0.3305 0.3235 0.3235 0.3235 0.357 0.357 0.349 0.349 0.305 0.305 0.305 0.345 0.345 0.328 0.328 0.2955 0.2955 0.239 0.239 0.239 0.2905 0.2905 0.3065 0.3065 0.3435 0.3435 0.3435 0.3195 0.3195 0.326 0.326 0.3715 0.3715 0.3715 0.3785 0.3785 0.3595 0.3595 0.3245 0.3245 0.3245 0.2935
0.483 0.483 0.481 0.481 0.4455 0.4455 0.4455 0.4455 0.4455 0.47 0.47 0.3895 0.3895 0.4585 0.4585 0.365 0.365 0.365 0.3585 0.3585 0.361 0.361 0.3395 0.3395 0.3395 0.362 0.362 0.391 0.391 0.375 0.375 0.375 0.4326 0.4326 0.3355 0.3355 0.3455 0.3455 0.3455 0.355 0.355 0.3335 0.3335 0.318 0.318 0.318 0.323 0.323 0.2705 0.2705 0.243 0.243 0.269 0.269 0.269 0.2445 0.2445 0.2365 0.2365 0.294 0.294 0.294 0.261 0.261 0.3185 0.3185 0.349 0.349 0.349 0.3755 0.3755 0.363 0.363 0.3625 0.3625 0.3625 0.317
0.483 0.483 0.481 0.481 0.4455 0.4455 0.4455 0.4455 0.4455 0.47 0.47 0.3895 0.3895 0.4585 0.4585 0.365 0.365 0.365 0.3585 0.3585 0.361 0.361 0.3395 0.3395 0.3395 0.362 0.362 0.391 0.391 0.375 0.375 0.375 0.4326 0.4326 0.3355 0.3355 0.3455 0.3455 0.3455 0.355 0.355 0.3335 0.3335 0.318 0.318 0.318 0.323 0.323 0.2705 0.2705 0.243 0.243 0.269 0.269 0.269 0.2445 0.2445 0.2365 0.2365 0.294 0.294 0.294 0.261 0.261 0.3185 0.3185 0.349 0.349 0.349 0.3755 0.3755 0.363 0.363 0.3625 0.3625 0.3625 0.317
0.483 0.483 0.481 0.481 0.4455 0.4455 0.4455 0.4455 0.4455 0.47 0.47 0.3895 0.3895 0.4585 0.4585 0.365 0.365 0.365 0.3585 0.3585 0.361 0.361 0.3395 0.3395 0.3395 0.362 0.362 0.391 0.391 0.375 0.375 0.375 0.4326 0.4326 0.3355 0.3355 0.3455 0.3455 0.3455 0.355 0.355 0.3335 0.3335 0.318 0.318 0.318 0.323 0.323 0.2705 0.2705 0.243 0.243 0.269 0.269 0.269 0.2445 0.2445 0.2365 0.2365 0.294 0.294 0.294 0.261 0.261 0.3185 0.3185 0.349 0.349 0.349 0.3755 0.3755 0.363 0.363 0.3625 0.3625 0.3625 0.317
0.4115 0.4115 0.409 0.409 0.458 0.458 0.408 0.408 0.408 0.4405 0.4405 0.4355 0.4355 0.4305 0.4305 0.385 0.385 0.385 0.3345 0.3345 0.348 0.348 0.3925 0.3925 0.3925 0.3875 0.3875 0.445 0.445 0.3655 0.3655 0.3655 0.3515 0.3515 0.329 0.329 0.3215 0.3215 0.3215 0.3495 0.3495 0.3315 0.3315 0.3525 0.3525 0.3525 0.3105 0.3105 0.307 0.307 0.3025 0.3025 0.294 0.294 0.294 0.312 0.312 0.3355 0.3355 0.263 0.263 0.263 0.2535 0.2535 0.243 0.243 0.339 0.339 0.339 0.4235 0.4235 0.3435 0.3435 0.313 0.313 0.313 0.318
0.4115 0.4115 0.409 0.409 0.458 0.458 0.408 0.408 0.408 0.4405 0.4405 0.4355 0.4355 0.4305 0.4305 0.385 0.385 0.385 0.3345 0.3345 0.348 0.348 0.3925 0.3925 0.3925 0.3875 0.3875 0.445 0.445 0.3655 0.3655 0.3655 0.3515 0.3515 0.329 0.329 0.3215 0.3215 0.3215 0.3495 0.3495 0.3315 0.3315 0.3525 0.3525 0.3525 0.3105 0.3105 0.307 0.307 0.3025 0.3025 0.294 0.294 0.294 0.312 0.312 0.3355 0.3355 0.263 0.263 0.263 0.2535 0.2535 0.243 0.243 0.339 0.339 0.339 0.4235 0.4235 0.3435 0.3435 0.313 0.313 0.313 0.318
0.37 0.37 0.363 0.363 0.384 0.384 0.4235 0.4235 0.4235 0.404 0.404 0.4215 0.4215 0.4255 0.4255 0.435 0.435 0.435 0.422 0.422 0.4385 0.4385 0.377 0.377 0.377 0.3675 0.3675 0.4615 0.4615 0.441 0.441 0.441 0.375 0.375 0.39 0.39 0.3985 0.3985 0.3985 0.4125 0.4125 0.347 0.347 0.3625 0.3625 0.3625 0.424 0.424 0.3665 0.3665 0.3765 0.3765 0.3475 0.3475 0.3475 0.3415 0.3415 0.331 0.331 0.316 0.316 0.316 0.299 0.299 0.2835 0.2835 0.352 0.352 0.352 0.453 0.453 0.484 0.484 0.4705 0.4705 0.4705 0.4755
0.37 0.37 0.363 0.363 0.384 0.384 0.4235 0.4235 0.4235 0.404 0.404 0.4215 0.4215 0.4255 0.4255 0.435 0.435 0.435 0.422 0.422 0.4385 0.4385 0.377 0.377 0.377 0.3675 0.3675 0.4615 0.4615 0.441 0.441 0.441 0.375 0.375 0.39 0.39 0.3985 0.3985 0.3985 0.4125 0.4125 0.347 0.347 0.3625 0.3625 0.3625 0.424 0.424 0.3665 0.3665 0.3765 0.3765 0.3475 0.3475 0.3475 0.3415 0.3415 0.331 0.331 0.316 0.316 0.316 0.299 0.299 0.2835 0.2835 0.352 0.352 0.352 0.453 0.453 0.484 0.484 0.4705 0.4705 0.4705 0.4755
0.301 0.301 0.3355 0.3355 0.364 0.364 0.411 0.411 0.411 0.3925 0.3925 0.4025 0.4025 0.388 0.388 0.3885 0.3885 0.3885 0.4525 0.4525 0.5 0.5 0.5175 0.5175 0.5175 0.452 0.452 0.421 0.421 0.431 0.431 0.431 0.4045 0.4045 0.398 0.398 0.385 0.385 0.385 0.399 0.399 0.3815 0.3815 0.3895 0.3895 0.3895 0.4115 0.4115 0.387 0.387 0.3865 0.3865 0.382 0.382 0.382 0.386 0.386 0.4435 0.4435 0.3445 0.3445 0.3445 0.391 0.391 0.298 0.298 0.3805 0.3805 0.3805 0.445 0.445 0.4465 0.4465 0.4315 0.4315 0.4315 0.416
