ndvi/NOAA-20.asc
ncols         252
nrows         154
xllcorner     -18.017974
yllcorner     13.481982
cellsize      0.035948
NODATA_value  -9999
[rows 68 to 101 of 154, columns 0 to 76 of 252]
-1 -1 -1 -1 -1 -1 -1 -1 -1 -1 -1 -1 -1 -1 -1 -1 -1 -1 -1 -1 -1 -1 -1 -1 -1 -1 -1 -1 -1 -1 -1 -1 -1 -1 -1 -1 -1 -1 -1 0.136 0.136 0.136 0.155 0.155 0.289 0.289 0.281 0.281 0.281 0.252 0.252 0.2405 0.2405 0.2415 0.2415 0.272 0.272 0.272 0.3335 0.3335 0.333 0.333 0.333 0.333 0.333 0.23 0.23 0.2115 0.2115 0.229 0.229 0.229 0.205 0.205 0.218 0.218 0.1945
-1 -1 -1 -1 -1 -1 -1 -1 -1 -1 -1 -1 -1 -1 -1 -1 -1 -1 -1 -1 -1 -1 -1 -1 -1 -1 -1 -1 -1 -1 -1 -1 -1 -1 -1 -1 -1 -1 -1 0.207 0.207 0.207 0.2605 0.2605 0.304 0.304 0.222 0.222 0.222 0.236 0.236 0.2155 0.2155 0.226 0.226 0.2355 0.2355 0.2355 0.3635 0.3635 0.387 0.387 0.387 0.387 0.387 0.3205 0.3205 0.413 0.413 0.203 0.203 0.203 0.2055 0.2055 0.197 0.197 0.1945
-1 -1 -1 -1 -1 -1 -1 -1 -1 -1 -1 -1 -1 -1 -1 -1 -1 -1 -1 -1 -1 -1 -1 -1 -1 -1 -1 -1 -1 -1 -1 -1 -1 -1 -1 -1 -1 -1 -1 0.207 0.207 0.207 0.2605 0.2605 0.304 0.304 0.222 0.222 0.222 0.236 0.236 0.2155 0.2155 0.226 0.226 0.2355 0.2355 0.2355 0.3635 0.3635 0.387 0.387 0.387 0.387 0.387 0.3205 0.3205 0.413 0.413 0.203 0.203 0.203 0.2055 0.2055 0.197 0.197 0.1945
-1 -1 -1 -1 -1 -1 -1 -1 -1 -1 -1 -1 -1 -1 -1 -1 -1 -1 -1 -1 -1 -1 -1 -1 -1 -1 -1 -1 -1 -1 -1 -1 -1 -1 -1 -1 -1 0.0582 0.0582 0.139 0.139 0.139 0.273 0.273 0.2765 0.2765 0.224 0.224 0.224 0.216 0.216 0.1695 0.1695 0.2065 0.2065 0.1525 0.1525 0.1525 0.336 0.336 0.337 0.337 0.337 0.337 0.337 0.244 0.244 0.2555 0.2555 0.254 0.254 0.254 0.2255 0.2255 0.2315 0.2315 0.2095
-1 -1 -1 -1 -1 -1 -1 -1 -1 -1 -1 -1 -1 -1 -1 -1 -1 -1 -1 -1 -1 -1 -1 -1 -1 -1 -1 -1 -1 -1 -1 -1 -1 -1 -1 -1 -1 0.0582 0.0582 0.139 0.139 0.139 0.273 0.273 0.2765 0.2765 0.224 0.224 0.224 0.216 0.216 0.1695 0.1695 0.2065 0.2065 0.1525 0.1525 0.1525 0.336 0.336 0.337 0.337 0.337 0.337 0.337 0.244 0.244 0.2555 0.2555 0.254 0.254 0.254 0.2255 0.2255 0.2315 0.2315 0.2095
-1 -1 -1 -1 -1 -1 -1 -1 -1 -1 -1 -1 -1 -1 -1 -1 -1 -1 -1 -1 -1 -1 -1 -1 -1 -1 -1 -1 -1 -1 -1 -1 -1 -1 -1 -1 -1 0.0582 0.0582 0.139 0.139 0.139 0.273 0.273 0.2765 0.2765 0.224 0.224 0.224 0.216 0.216 0.1695 0.1695 0.2065 0.2065 0.1525 0.1525 0.1525 0.336 0.336 0.337 0.337 0.337 0.337 0.337 0.244 0.244 0.2555 0.2555 0.254 0.254 0.254 0.2255 0.2255 0.2315 0.2315 0.2095
-1 -1 -1 -1 -1 -1 -1 -1 -1 -1 -1 -1 -1 -1 -1 -1 -1 -1 -1 -1 -1 -1 -1 -1 -1 -1 -1 -1 -1 -1 -1 -1 -1 -1 -1 -1 -1 0.022 0.022 0.1585 0.1585 0.1585 0.23 0.23 0.2135 0.2135 0.218 0.218 0.218 0.15 0.15 0.204 0.204 0.2225 0.2225 0.246 0.246 0.246 0.221 0.221 0.269 0.269 0.269 0.269 0.269 0.26 0.26 0.262 0.262 0.2725 0.2725 0.2725 0.253 0.253 0.286 0.286 0.3065
-1 -1 -1 -1 -1 -1 -1 -1 -1 -1 -1 -1 -1 -1 -1 -1 -1 -1 -1 -1 -1 -1 -1 -1 -1 -1 -1 -1 -1 -1 -1 -1 -1 -1 -1 -1 -1 0.022 0.022 0.1585 0.1585 0.1585 0.23 0.23 0.2135 0.2135 0.218 0.218 0.218 0.15 0.15 0.204 0.204 0.2225 0.2225 0.246 0.246 0.246 0.221 0.221 0.269 0.269 0.269 0.269 0.269 0.26 0.26 0.262 0.262 0.2725 0.2725 0.2725 0.253 0.253 0.286 0.286 0.3065
-1 -1 -1 -1 -1 -1 -1 -1 -1 -1 -1 -1 -1 -1 -1 -1 -1 -1 -1 -1 -1 -1 -1 -1 -1 -1 -1 -1 -1 -1 -1 -1 -1 -1 -1 -1 -1 0.008099999 0.008099999 0.14 0.14 0.14 0.2555 0.2555 0.2825 0.2825 0.2805 0.2805 0.2805 0.2615 0.2615 0.2535 0.2535 0.26 0.26 0.275 0.275 0.275 0.293 0.293 0.2725 0.2725 0.2725 0.2725 0.2725 0.3215 0.3215 0.343 0.343 0.3065 0.3065 0.3065 0.284 0.284 0.2855 0.2855 0.286
-1 -1 -1 -1 -1 -1 -1 -1 -1 -1 -1 -1 -1 -1 -1 -1 -1 -1 -1 -1 -1 -1 -1 -1 -1 -1 -1 -1 -1 -1 -1 -1 -1 -1 -1 -1 -1 0.008099999 0.008099999 0.14 0.14 0.14 0.2555 0.2555 0.2825 0.2825 0.2805 0.2805 0.2805 0.2615 0.2615 0.2535 0.2535 0.26 0.26 0.275 0.275 0.275 0.293 0.293 0.2725 0.2725 0.2725 0.2725 0.2725 0.3215 0.3215 0.343 0.343 0.3065 0.3065 0.3065 0.284 0.284 0.2855 0.2855 0.286
-1 -1 -1 -1 -1 -1 -1 -1 -1 -1 -1 -1 -1 -1 -1 -1 -1 -1 -1 -1 -1 -1 -1 -1 -1 -1 -1 -1 -1 -1 -1 -1 -1 -1 -1 -1 -1 0.0872 0.0872 0.122 0.122 0.122 0.211 0.211 0.277 0.277 0.287 0.287 0.287 0.3025 0.3025 0.275 0.275 0.2525 0.2525 0.281 0.281 0.281 0.2675 0.2675 0.2955 0.2955 0.2955 0.2955 0.2955 0.3235 0.3235 0.3235 0.3235 0.276 0.276 0.276 0.2435 0.2435 0.234 0.234 0.2345
-1 -1 -1 -1 -1 -1 -1 -1 -1 -1 -1 -1 -1 -1 -1 -1 -1 -1 -1 -1 -1 -1 -1 -1 -1 -1 -1 -1 -1 -1 -1 -1 -1 -1 -1 -1 -1 0.0872 0.0872 0.122 0.122 0.122 0.211 0.211 0.277 0.277 0.287 0.287 0.287 0.3025 0.3025 0.275 0.275 0.2525 0.2525 0.281 0.281 0.281 0.2675 0.2675 0.2955 0.2955 0.2955 0.2955 0.2955 0.3235 0.3235 0.3235 0.3235 0.276 0.276 0.276 0.2435 0.2435 0.234 0.234 0.2345
-1 -1 -1 -1 -1 -1 -1 -1 -1 -1 -1 -1 -1 -1 -1 -1 -1 -1 -1 -1 -1 -1 -1 -1 -1 -1 -1 -1 -1 -1 -1 -1 -1 -1 -1 -1 -1 0.0037 0.0037 0.297 0.297 0.297 0.2355 0.2355 0.2515 0.2515 0.2905 0.2905 0.2905 0.2815 0.2815 0.326 0.326 0.3385 0.3385 0.321 0.321 0.321 0.2865 0.2865 0.2775 0.2775 0.2775 0.2775 0.2775 0.288 0.288 0.289 0.289 0.26 0.26 0.26 0.2575 0.2575 0.2365 0.2365 0.2435
-1 -1 -1 -1 -1 -1 -1 -1 -1 -1 -1 -1 -1 -1 -1 -1 -1 -1 -1 -1 -1 -1 -1 -1 -1 -1 -1 -1 -1 -1 -1 -1 -1 -1 -1 -1 -1 0.0037 0.0037 0.297 0.297 0.297 0.2355 0.2355 0.2515 0.2515 0.2905 0.2905 0.2905 0.2815 0.2815 0.326 0.326 0.3385 0.3385 0.321 0.321 0.321 0.2865 0.2865 0.2775 0.2775 0.2775 0.2775 0.2775 0.288 0.288 0.289 0.289 0.26 0.26 0.26 0.2575 0.2575 0.2365 0.2365 0.2435
-1 -1 -1 -1 -1 -1 -1 -1 -1 -1 -1 -1 -1 -1 -1 -1 -1 -1 -1 -1 -1 -1 -1 -1 -1 -1 -1 -1 -1 -1 -1 -1 -1 -1 -1 -1 -1 0.0037 0.0037 0.297 0.297 0.297 0.2355 0.2355 0.2515 0.2515 0.2905 0.2905 0.2905 0.2815 0.2815 0.326 0.326 0.3385 0.3385 0.321 0.321 0.321 0.2865 0.2865 0.2775 0.2775 0.2775 0.2775 0.2775 0.288 0.288 0.289 0.289 0.26 0.26 0.26 0.2575 0.2575 0.2365 0.2365 0.2435
-1 -1 -1 -1 -1 -1 -1 -1 -1 -1 -1 -1 -1 -1 -1 -1 -1 -1 -1 -1 -1 -1 -1 -1 -1 -1 -1 -1 -1 -1 -1 -1 -1 -1 -1 -1 -1 0.0356 0.0356 0.1725 0.1725 0.1725 0.2225 0.2225 0.218 0.218 0.2655 0.2655 0.2655 0.273 0.273 0.3105 0.3105 0.303 0.303 0.264 0.264 0.264 0.247 0.247 0.2775 0.2775 0.2775 0.2775 0.2775 0.301 0.301 0.279 0.279 0.252 0.252 0.252 0.2365 0.2365 0.2375 0.2375 0.2475
-1 -1 -1 -1 -1 -1 -1 -1 -1 -1 -1 -1 -1 -1 -1 -1 -1 -1 -1 -1 -1 -1 -1 -1 -1 -1 -1 -1 -1 -1 -1 -1 -1 -1 -1 -1 -1 0.0356 0.0356 0.1725 0.1725 0.1725 0.2225 0.2225 0.218 0.218 0.2655 0.2655 0.2655 0.273 0.273 0.3105 0.3105 0.303 0.303 0.264 0.264 0.264 0.247 0.247 0.2775 0.2775 0.2775 0.2775 0.2775 0.301 0.301 0.279 0.279 0.252 0.252 0.252 0.2365 0.2365 0.2375 0.2375 0.2475
-1 -1 -1 -1 -1 -1 -1 -1 -1 -1 -1 -1 -1 -1 -1 -1 -1 -1 -1 -1 -1 -1 -1 -1 -1 -1 -1 -1 -1 -1 -1 -1 -1 -1 -1 -1 -1 0.0897 0.0897 0.237 0.237 0.237 0.2265 0.2265 0.2165 0.2165 0.209 0.209 0.209 0.25 0.25 0.2565 0.2565 0.2275 0.2275 0.2545 0.2545 0.2545 0.27 0.27 0.2855 0.2855 0.2855 0.2855 0.2855 0.2685 0.2685 0.2595 0.2595 0.2655 0.2655 0.2655 0.262 0.262 0.264 0.264 0.247
-1 -1 -1 -1 -1 -1 -1 -1 -1 -1 -1 -1 -1 -1 -1 -1 -1 -1 -1 -1 -1 -1 -1 -1 -1 -1 -1 -1 -1 -1 -1 -1 -1 -1 -1 -1 -1 0.0897 0.0897 0.237 0.237 0.237 0.2265 0.2265 0.2165 0.2165 0.209 0.209 0.209 0.25 0.25 0.2565 0.2565 0.2275 0.2275 0.2545 0.2545 0.2545 0.27 0.27 0.2855 0.2855 0.2855 0.2855 0.2855 0.2685 0.2685 0.2595 0.2595 0.2655 0.2655 0.2655 0.262 0.262 0.264 0.264 0.247
-1 -1 -1 -1 -1 -1 -1 -1 -1 -1 -1 -1 -1 -1 -1 -1 -1 -1 -1 -1 -1 -1 -1 -1 -1 -1 -1 -1 -1 -1 -1 -1 -1 -1 -1 0.0382 0.0382 0.1755 0.1755 0.2435 0.2435 0.2435 0.2195 0.2195 0.2285 0.2285 0.2165 0.2165 0.2165 0.221 0.221 0.245 0.245 0.227 0.227 0.2525 0.2525 0.2525 0.2365 0.2365 0.256 0.256 0.256 0.256 0.256 0.283 0.283 0.2885 0.2885 0.2255 0.2255 0.2255 0.2765 0.2765 0.2645 0.2645 0.2585
-1 -1 -1 -1 -1 -1 -1 -1 -1 -1 -1 -1 -1 -1 -1 -1 -1 -1 -1 -1 -1 -1 -1 -1 -1 -1 -1 -1 -1 -1 -1 -1 -1 -1 -1 0.0382 0.0382 0.1755 0.1755 0.2435 0.2435 0.2435 0.2195 0.2195 0.2285 0.2285 0.2165 0.2165 0.2165 0.221 0.221 0.245 0.245 0.227 0.227 0.2525 0.2525 0.2525 0.2365 0.2365 0.256 0.256 0.256 0.256 0.256 0.283 0.283 0.2885 0.2885 0.2255 0.2255 0.2255 0.2765 0.2765 0.2645 0.2645 0.2585
-1 -1 -1 -1 -1 -1 -1 -1 -1 -1 -1 -1 -1 -1 -1 -1 -1 -1 -1 -1 -1 -1 -1 -1 -1 -1 -1 -1 -1 -1 -1 -1 -1 -1 -1 0.0382 0.0382 0.1755 0.1755 0.2435 0.2435 0.2435 0.2195 0.2195 0.2285 0.2285 0.2165 0.2165 0.2165 0.221 0.221 0.245 0.245 0.227 0.227 0.2525 0.2525 0.2525 0.2365 0.2365 0.256 0.256 0.256 0.256 0.256 0.283 0.283 0.2885 0.2885 0.2255 0.2255 0.2255 0.2765 0.2765 0.2645 0.2645 0.2585
-1 -1 -1 -1 -1 -1 -1 -1 -1 -1 -1 -1 -1 -1 -1 -1 -1 -1 -1 -1 -1 -1 -1 -1 -1 -1 -1 -1 -1 -1 -1 -1 -1 -1 -1 0.0635 0.0635 0.2395 0.2395 0.2335 0.2335 0.2335 0.2245 0.2245 0.2025 0.2025 0.2345 0.2345 0.2345 0.2285 0.2285 0.236 0.236 0.231 0.231 0.2445 0.2445 0.2445 0.219 0.219 0.2575 0.2575 0.2575 0.2575 0.2575 0.274 0.274 0.298 0.298 0.268 0.268 0.268 0.27 0.27 0.269 0.269 0.2911
-1 -1 -1 -1 -1 -1 -1 -1 -1 -1 -1 -1 -1 -1 -1 -1 -1 -1 -1 -1 -1 -1 -1 -1 -1 -1 -1 -1 -1 -1 -1 -1 -1 -1 -1 0.0635 0.0635 0.2395 0.2395 0.2335 0.2335 0.2335 0.2245 0.2245 0.2025 0.2025 0.2345 0.2345 0.2345 0.2285 0.2285 0.236 0.236 0.231 0.231 0.2445 0.2445 0.2445 0.219 0.219 0.2575 0.2575 0.2575 0.2575 0.2575 0.274 0.274 0.298 0.298 0.268 0.268 0.268 0.27 0.27 0.269 0.269 0.2911
-1 -1 -1 -1 -1 -1 -1 -1 -1 -1 -1 -1 -1 -1 -1 -1 -1 -1 -1 -1 -1 -1 -1 -1 -1 -1 -1 -1 -1 -1 -1 -1 0.0717 0.0717 0.0717 0.2465 0.2465 0.2445 0.2445 0.218 0.218 0.218 0.206 0.206 0.2185 0.2185 0.2515 0.2515 0.2515 0.2675 0.2675 0.233 0.233 0.2545 0.2545 0.2395 0.2395 0.2395 0.251 0.251 0.2565 0.2565 0.2565 0.2565 0.2565 0.295 0.295 0.3035 0.3035 0.307 0.307 0.307 0.2715 0.2715 0.261 0.261 0.267
-1 -1 -1 -1 -1 -1 -1 -1 -1 -1 -1 -1 -1 -1 -1 -1 -1 -1 -1 -1 -1 -1 -1 -1 -1 -1 -1 -1 -1 -1 -1 -1 0.0717 0.0717 0.0717 0.2465 0.2465 0.2445 0.2445 0.218 0.218 0.218 0.206 0.206 0.2185 0.2185 0.2515 0.2515 0.2515 0.2675 0.2675 0.233 0.233 0.2545 0.2545 0.2395 0.2395 0.2395 0.251 0.251 0.2565 0.2565 0.2565 0.2565 0.2565 0.295 0.295 0.3035 0.3035 0.307 0.307 0.307 0.2715 0.2715 0.261 0.261 0.267
-1 -1 -1 -1 -1 -1 -1 -1 -1 -1 -1 -1 -1 -1 -1 -1 -1 -1 -1 -1 -1 -1 -1 -1 -1 -1 -1 -1 -1 -1 0.0217 0.0217 0.2655 0.2655 0.2655 0.249 0.249 0.2385 0.2385 0.216 0.216 0.216 0.2085 0.2085 0.223 0.223 0.2635 0.2635 0.2635 0.2495 0.2495 0.2335 0.2335 0.2525 0.2525 0.249 0.249 0.249 0.2565 0.2565 0.263 0.263 0.263 0.263 0.263 0.2855 0.2855 0.276 0.276 0.2865 0.2865 0.2865 0.248 0.248 0.2565 0.2565 0.258
-1 -1 -1 -1 -1 -1 -1 -1 -1 -1 -1 -1 -1 -1 -1 -1 -1 -1 -1 -1 -1 -1 -1 -1 -1 -1 -1 -1 -1 -1 0.0217 0.0217 0.2655 0.2655 0.2655 0.249 0.249 0.2385 0.2385 0.216 0.216 0.216 0.2085 0.2085 0.223 0.223 0.2635 0.2635 0.2635 0.2495 0.2495 0.2335 0.2335 0.2525 0.2525 0.249 0.249 0.249 0.2565 0.2565 0.263 0.263 0.263 0.263 0.263 0.2855 0.2855 0.276 0.276 0.2865 0.2865 0.2865 0.248 0.248 0.2565 0.2565 0.258
-1 -1 -1 -1 -1 -1 -1 -1 -1 -1 -1 -1 -1 -1 -1 -1 -1 -1 -1 -1 -1 -1 -1 -1 -1 -1 -1 -1 -1 -1 0.0217 0.0217 0.2655 0.2655 0.2655 0.249 0.249 0.2385 0.2385 0.216 0.216 0.216 0.2085 0.2085 0.223 0.223 0.2635 0.2635 0.2635 0.2495 0.2495 0.2335 0.2335 0.2525 0.2525 0.249 0.249 0.249 0.2565 0.2565 0.263 0.263 0.263 0.263 0.263 0.2855 0.2855 0.276 0.276 0.2865 0.2865 0.2865 0.248 0.248 0.2565 0.2565 0.258
-1 -1 -1 -1 -1 -1 -1 -1 -1 -1 -1 -1 -1 -1 -1 -1 -1 -1 -1 -1 -1 -1 -1 -1 -1 -1 -1 -1 -1 -1 0.1147 0.1147 0.247 0.247 0.247 0.2545 0.2545 0.2325 0.2325 0.2195 0.2195 0.2195 0.2335 0.2335 0.252 0.252 0.259 0.259 0.259 0.272 0.272 0.2545 0.2545 0.2615 0.2615 0.2615 0.2615 0.2615 0.2785 0.2785 0.2995 0.2995 0.2995 0.2995 0.2995 0.308 0.308 0.261 0.261 0.275 0.275 0.275 0.275 0.275 0.298 0.298 0.2575
-1 -1 -1 -1 -1 -1 -1 -1 -1 -1 -1 -1 -1 -1 -1 -1 -1 -1 -1 -1 -1 -1 -1 -1 -1 -1 -1 -1 -1 -1 0.1147 0.1147 0.247 0.247 0.247 0.2545 0.2545 0.2325 0.2325 0.2195 0.2195 0.2195 0.2335 0.2335 0.252 0.252 0.259 0.259 0.259 0.272 0.272 0.2545 0.2545 0.2615 0.2615 0.2615 0.2615 0.2615 0.2785 0.2785 0.2995 0.2995 0.2995 0.2995 0.2995 0.308 0.308 0.261 0.261 0.275 0.275 0.275 0.275 0.275 0.298 0.298 0.2575
-1 -1 -1 -1 -1 -1 -1 -1 -1 -1 -1 -1 -1 -1 -1 -1 -1 -1 -1 -1 -1 -1 -1 -1 -1 -1 -1 -1 0.0376 0.0376 0.239 0.239 0.279 0.279 0.279 0.2685 0.2685 0.2345 0.2345 0.214 0.214 0.214 0.238 0.238 0.2465 0.2465 0.2545 0.2545 0.2545 0.313 0.313 0.279 0.279 0.345 0.345 0.303 0.303 0.303 0.2965 0.2965 0.2945 0.2945 0.2945 0.2945 0.2945 0.302 0.302 0.2815 0.2815 0.2665 0.2665 0.2665 0.2435 0.2435 0.233 0.233 0.2705
-1 -1 -1 -1 -1 -1 -1 -1 -1 -1 -1 -1 -1 -1 -1 -1 -1 -1 -1 -1 -1 -1 -1 -1 -1 -1 -1 -1 0.0376 0.0376 0.239 0.239 0.279 0.279 0.279 0.2685 0.2685 0.2345 0.2345 0.214 0.214 0.214 0.238 0.238 0.2465 0.2465 0.2545 0.2545 0.2545 0.313 0.313 0.279 0.279 0.345 0.345 0.303 0.303 0.303 0.2965 0.2965 0.2945 0.2945 0.2945 0.2945 0.2945 0.302 0.302 0.2815 0.2815 0.2665 0.2665 0.2665 0.2435 0.2435 0.233 0.233 0.2705
-1 -1 -1 -1 -1 -1 -1 -1 -1 -1 -1 -1 -1 -1 -1 -1 -1 -1 -1 -1 -1 -1 -1 -1 -1 0.0466 0.0466 0.0466 0.0985 0.0985 0.2785 0.2785 0.279 0.279 0.279 0.261 0.261 0.2515 0.2515 0.2515 0.2515 0.2515 0.261 0.261 0.252 0.252 0.2555 0.2555 0.2555 0.311 0.311 0.339 0.339 0.372 0.372 0.3525 0.3525 0.3525 0.349 0.349 0.366 0.366 0.366 0.366 0.366 0.3645 0.3645 0.3545 0.3545 0.3335 0.3335 0.3335 0.32 0.32 0.3115 0.3115 0.292
