ndvi/NOAA-293.asc
ncols         252
nrows         154
xllcorner     -18.017974
yllcorner     13.481982
cellsize      0.035948
NODATA_value  -9999
[rows 102 to 135 of 154, columns 0 to 76 of 252]
-1 -1 -1 -1 -1 -1 -1 -1 -1 -1 -1 -1 -1 -1 -1 -1 -1 -1 -1 -1 -1 -1 -1 -1 -1 0.0612 0.0612 0.0612 0.124 0.124 0.241 0.241 0.2385 0.2385 0.2385 0.2255 0.2255 0.233 0.233 0.235 0.235 0.235 0.2465 0.2465 0.264 0.264 0.245 0.245 0.245 0.2535 0.2535 0.266 0.266 0.2935 0.2935 0.293 0.293 0.293 0.2885 0.2885 0.3 0.3 0.3 0.3 0.3 0.2815 0.2815 0.268 0.268 0.2795 0.2795 0.2795 0.2715 0.2715 0.281 0.281 0.2515
-1 -1 -1 -1 -1 -1 -1 -1 -1 -1 -1 -1 -1 -1 -1 -1 -1 -1 -1 -1 -1 -1 -1 0.0027 0.0027 0.1665 0.1665 0.1665 0.2695 0.2695 0.2185 0.2185 0.2225 0.2225 0.2225 0.251 0.251 0.2671 0.2671 0.2665 0.2665 0.2665 0.2635 0.2635 0.2475 0.2475 0.25 0.25 0.25 0.2485 0.2485 0.263 0.263 0.275 0.275 0.265 0.265 0.265 0.2705 0.2705 0.281 0.281 0.281 0.281 0.281 0.262 0.262 0.265 0.265 0.277 0.277 0.277 0.2705 0.2705 0.2575 0.2575 0.26
-1 -1 -1 -1 -1 -1 -1 -1 -1 -1 -1 -1 -1 -1 -1 -1 -1 -1 -1 -1 -1 -1 -1 0.0027 0.0027 0.1665 0.1665 0.1665 0.2695 0.2695 0.2185 0.2185 0.2225 0.2225 0.2225 0.251 0.251 0.2671 0.2671 0.2665 0.2665 0.2665 0.2635 0.2635 0.2475 0.2475 0.25 0.25 0.25 0.2485 0.2485 0.263 0.263 0.275 0.275 0.265 0.265 0.265 0.2705 0.2705 0.281 0.281 0.281 0.281 0.281 0.262 0.262 0.265 0.265 0.277 0.277 0.277 0.2705 0.2705 0.2575 0.2575 0.26
-1 -1 -1 -1 -1 -1 -1 -1 -1 -1 -1 -1 -1 -1 -1 -1 -1 -1 -1 -1 -1 -1 -1 0.0027 0.0027 0.1665 0.1665 0.1665 0.2695 0.2695 0.2185 0.2185 0.2225 0.2225 0.2225 0.251 0.251 0.2671 0.2671 0.2665 0.2665 0.2665 0.2635 0.2635 0.2475 0.2475 0.25 0.25 0.25 0.2485 0.2485 0.263 0.263 0.275 0.275 0.265 0.265 0.265 0.2705 0.2705 0.281 0.281 0.281 0.281 0.281 0.262 0.262 0.265 0.265 0.277 0.277 0.277 0.2705 0.2705 0.2575 0.2575 0.26
-1 -1 -1 -1 -1 -1 -1 -1 -1 -1 -1 -1 -1 -1 -1 -1 -1 -1 -1 -1 -1 0.0362 0.0362 0.135 0.135 0.227 0.227 0.227 0.203 0.203 0.2105 0.2105 0.2405 0.2405 0.2405 0.256 0.256 0.253 0.253 0.257 0.257 0.257 0.2525 0.2525 0.2275 0.2275 0.239 0.239 0.239 0.2715 0.2715 0.2655 0.2655 0.278 0.278 0.2705 0.2705 0.2705 0.273 0.273 0.2565 0.2565 0.2565 0.2565 0.2565 0.2645 0.2645 0.2845 0.2845 0.2865 0.2865 0.2865 0.284 0.284 0.2855 0.2855 0.255
-1 -1 -1 -1 -1 -1 -1 -1 -1 -1 -1 -1 -1 -1 -1 -1 -1 -1 -1 -1 -1 0.0362 0.0362 0.135 0.135 0.227 0.227 0.227 0.203 0.203 0.2105 0.2105 0.2405 0.2405 0.2405 0.256 0.256 0.253 0.253 0.257 0.257 0.257 0.2525 0.2525 0.2275 0.2275 0.239 0.239 0.239 0.2715 0.2715 0.2655 0.2655 0.278 0.278 0.2705 0.2705 0.2705 0.273 0.273 0.2565 0.2565 0.2565 0.2565 0.2565 0.2645 0.2645 0.2845 0.2845 0.2865 0.2865 0.2865 0.284 0.284 0.2855 0.2855 0.255
-1 -1 -1 -1 -1 -1 -1 -1 -1 -1 -1 -1 -1 -1 -1 -1 -1 -1 -1 -1 -1 0.1055 0.1055 0.252 0.252 0.2525 0.2525 0.2525 0.234 0.234 0.2535 0.2535 0.252 0.252 0.252 0.269 0.269 0.2665 0.2665 0.2695 0.2695 0.2695 0.277 0.277 0.259 0.259 0.2525 0.2525 0.2525 0.268 0.268 0.2855 0.2855 0.278 0.278 0.278 0.278 0.278 0.2835 0.2835 0.2655 0.2655 0.2655 0.2655 0.2655 0.267 0.267 0.29 0.29 0.2795 0.2795 0.2795 0.285 0.285 0.278 0.278 0.262
-1 -1 -1 -1 -1 -1 -1 -1 -1 -1 -1 -1 -1 -1 -1 -1 -1 -1 -1 -1 -1 0.1055 0.1055 0.252 0.252 0.2525 0.2525 0.2525 0.234 0.234 0.2535 0.2535 0.252 0.252 0.252 0.269 0.269 0.2665 0.2665 0.2695 0.2695 0.2695 0.277 0.277 0.259 0.259 0.2525 0.2525 0.2525 0.268 0.268 0.2855 0.2855 0.278 0.278 0.278 0.278 0.278 0.2835 0.2835 0.2655 0.2655 0.2655 0.2655 0.2655 0.267 0.267 0.29 0.29 0.2795 0.2795 0.2795 0.285 0.285 0.278 0.278 0.262
-1 -1 -1 -1 -1 -1 -1 -1 -1 -1 -1 -1 -1 -1 -1 -1 -1 -1 0.139 0.139 0.139 0.257 0.257 0.248 0.248 0.231 0.231 0.231 0.252 0.252 0.256 0.256 0.25 0.25 0.25 0.2575 0.2575 0.2515 0.2515 0.2605 0.2605 0.2605 0.2935 0.2935 0.272 0.272 0.2645 0.2645 0.2645 0.278 0.278 0.28 0.28 0.2825 0.2825 0.264 0.264 0.264 0.261 0.261 0.2695 0.2695 0.2695 0.2695 0.2695 0.2735 0.2735 0.2805 0.2805 0.283 0.283 0.283 0.2575 0.2575 0.2675 0.2675 0.2545
-1 -1 -1 -1 -1 -1 -1 -1 -1 -1 -1 -1 -1 -1 -1 -1 -1 -1 0.139 0.139 0.139 0.257 0.257 0.248 0.248 0.231 0.231 0.231 0.252 0.252 0.256 0.256 0.25 0.25 0.25 0.2575 0.2575 0.2515 0.2515 0.2605 0.2605 0.2605 0.2935 0.2935 0.272 0.272 0.2645 0.2645 0.2645 0.278 0.278 0.28 0.28 0.2825 0.2825 0.264 0.264 0.264 0.261 0.261 0.2695 0.2695 0.2695 0.2695 0.2695 0.2735 0.2735 0.2805 0.2805 0.283 0.283 0.283 0.2575 0.2575 0.2675 0.2675 0.2545
-1 -1 -1 -1 -1 -1 -1 -1 -1 -1 -1 -1 -1 -1 -1 -1 -1 -1 0.139 0.139 0.139 0.257 0.257 0.248 0.248 0.231 0.231 0.231 0.252 0.252 0.256 0.256 0.25 0.25 0.25 0.2575 0.2575 0.2515 0.2515 0.2605 0.2605 0.2605 0.2935 0.2935 0.272 0.272 0.2645 0.2645 0.2645 0.278 0.278 0.28 0.28 0.2825 0.2825 0.264 0.264 0.264 0.261 0.261 0.2695 0.2695 0.2695 0.2695 0.2695 0.2735 0.2735 0.2805 0.2805 0.283 0.283 0.283 0.2575 0.2575 0.2675 0.2675 0.2545
-1 -1 -1 -1 -1 -1 -1 -1 -1 -1 -1 -1 -1 -1 -1 -1 0.1602 0.1602 0.3045 0.3045 0.3045 0.281 0.281 0.2535 0.2535 0.2525 0.2525 0.2525 0.2595 0.2595 0.267 0.267 0.263 0.263 0.263 0.246 0.246 0.2355 0.2355 0.253 0.253 0.253 0.27 0.27 0.249 0.249 0.2715 0.2715 0.2715 0.277 0.277 0.2735 0.2735 0.2765 0.2765 0.2615 0.2615 0.2615 0.2615 0.2615 0.2725 0.2725 0.2725 0.2725 0.2725 0.2645 0.2645 0.2655 0.2655 0.2715 0.2715 0.2715 0.273 0.273 0.2525 0.2525 0.286
-1 -1 -1 -1 -1 -1 -1 -1 -1 -1 -1 -1 -1 -1 -1 -1 0.1602 0.1602 0.3045 0.3045 0.3045 0.281 0.281 0.2535 0.2535 0.2525 0.2525 0.2525 0.2595 0.2595 0.267 0.267 0.263 0.263 0.263 0.246 0.246 0.2355 0.2355 0.253 0.253 0.253 0.27 0.27 0.249 0.249 0.2715 0.2715 0.2715 0.277 0.277 0.2735 0.2735 0.2765 0.2765 0.2615 0.2615 0.2615 0.2615 0.2615 0.2725 0.2725 0.2725 0.2725 0.2725 0.2645 0.2645 0.2655 0.2655 0.2715 0.2715 0.2715 0.273 0.273 0.2525 0.2525 0.286
-1 -1 -1 -1 -1 -1 -1 -1 -1 -1 -1 -1 0.1467 0.1467 0.179 0.179 0.0975 0.0975 0.293 0.293 0.293 0.283 0.283 0.264 0.264 0.281 0.281 0.281 0.263 0.263 0.27 0.27 0.255 0.255 0.255 0.247 0.247 0.254 0.254 0.266 0.266 0.266 0.2565 0.2565 0.2665 0.2665 0.248 0.248 0.248 0.265 0.265 0.2715 0.2715 0.2755 0.2755 0.2805 0.2805 0.2805 0.2835 0.2835 0.283 0.283 0.283 0.283 0.283 0.2605 0.2605 0.2595 0.2595 0.2745 0.2745 0.2745 0.2565 0.2565 0.253 0.253 0.287
-1 -1 -1 -1 -1 -1 -1 -1 -1 -1 -1 -1 0.1467 0.1467 0.179 0.179 0.0975 0.0975 0.293 0.293 0.293 0.283 0.283 0.264 0.264 0.281 0.281 0.281 0.263 0.263 0.27 0.27 0.255 0.255 0.255 0.247 0.247 0.254 0.254 0.266 0.266 0.266 0.2565 0.2565 0.2665 0.2665 0.248 0.248 0.248 0.265 0.265 0.2715 0.2715 0.2755 0.2755 0.2805 0.2805 0.2805 0.2835 0.2835 0.283 0.283 0.283 0.283 0.283 0.2605 0.2605 0.2595 0.2595 0.2745 0.2745 0.2745 0.2565 0.2565 0.253 0.253 0.287
-1 -1 -1 -1 -1 -1 -1 -1 -1 0.1197 0.1197 0.1197 0.1007 0.1007 0.1442 0.1442 0.1427 0.1427 0.0815 0.0815 0.0815 0.286 0.286 0.282 0.282 0.284 0.284 0.284 0.2635 0.2635 0.2515 0.2515 0.2555 0.2555 0.2555 0.2425 0.2425 0.2485 0.2485 0.2515 0.2515 0.2515 0.26 0.26 0.2485 0.2485 0.2595 0.2595 0.2595 0.2555 0.2555 0.268 0.268 0.276 0.276 0.263 0.263 0.263 0.257 0.257 0.2525 0.2525 0.2525 0.2525 0.2525 0.267 0.267 0.265 0.265 0.2625 0.2625 0.2625 0.258 0.258 0.2845 0.2845 0.262
-1 -1 -1 -1 -1 -1 -1 -1 -1 0.1197 0.1197 0.1197 0.1007 0.1007 0.1442 0.1442 0.1427 0.1427 0.0815 0.0815 0.0815 0.286 0.286 0.282 0.282 0.284 0.284 0.284 0.2635 0.2635 0.2515 0.2515 0.2555 0.2555 0.2555 0.2425 0.2425 0.2485 0.2485 0.2515 0.2515 0.2515 0.26 0.26 0.2485 0.2485 0.2595 0.2595 0.2595 0.2555 0.2555 0.268 0.268 0.276 0.276 0.263 0.263 0.263 0.257 0.257 0.2525 0.2525 0.2525 0.2525 0.2525 0.267 0.267 0.265 0.265 0.2625 0.2625 0.2625 0.258 0.258 0.2845 0.2845 0.262
-1 -1 -1 -1 -1 -1 -1 -1 -1 0.1197 0.1197 0.1197 0.1007 0.1007 0.1442 0.1442 0.1427 0.1427 0.0815 0.0815 0.0815 0.286 0.286 0.282 0.282 0.284 0.284 0.284 0.2635 0.2635 0.2515 0.2515 0.2555 0.2555 0.2555 0.2425 0.2425 0.2485 0.2485 0.2515 0.2515 0.2515 0.26 0.26 0.2485 0.2485 0.2595 0.2595 0.2595 0.2555 0.2555 0.268 0.268 0.276 0.276 0.263 0.263 0.263 0.257 0.257 0.2525 0.2525 0.2525 0.2525 0.2525 0.267 0.267 0.265 0.265 0.2625 0.2625 0.2625 0.258 0.258 0.2845 0.2845 0.262
-1 -1 -1 -1 -1 -1 -1 -1 -1 -1 -1 -1 0.1242 0.1242 0.1142 0.1142 0.1772 0.1772 0.1437 0.1437 0.1437 0.1955 0.1955 0.2865 0.2865 0.2865 0.2865 0.2865 0.266 0.266 0.2555 0.2555 0.2475 0.2475 0.2475 0.2505 0.2505 0.239 0.239 0.233 0.233 0.233 0.2485 0.2485 0.2445 0.2445 0.236 0.236 0.236 0.2511 0.2511 0.252 0.252 0.2505 0.2505 0.238 0.238 0.238 0.2455 0.2455 0.2375 0.2375 0.2375 0.2375 0.2375 0.237 0.237 0.232 0.232 0.265 0.265 0.265 0.2745 0.2745 0.2825 0.2825 0.2775
-1 -1 -1 -1 -1 -1 -1 -1 -1 -1 -1 -1 0.1242 0.1242 0.1142 0.1142 0.1772 0.1772 0.1437 0.1437 0.1437 0.1955 0.1955 0.2865 0.2865 0.2865 0.2865 0.2865 0.266 0.266 0.2555 0.2555 0.2475 0.2475 0.2475 0.2505 0.2505 0.239 0.239 0.233 0.233 0.233 0.2485 0.2485 0.2445 0.2445 0.236 0.236 0.236 0.2511 0.2511 0.252 0.252 0.2505 0.2505 0.238 0.238 0.238 0.2455 0.2455 0.2375 0.2375 0.2375 0.2375 0.2375 0.237 0.237 0.232 0.232 0.265 0.265 0.265 0.2745 0.2745 0.2825 0.2825 0.2775
-1 -1 -1 -1 -1 -1 -1 -1 -1 -1 -1 -1 -1 -1 -1 -1 -1 -1 0.1042 0.1042 0.1042 0.1675 0.1675 0.2385 0.2385 0.2835 0.2835 0.2835 0.2535 0.2535 0.244 0.244 0.247 0.247 0.247 0.2285 0.2285 0.241 0.241 0.2395 0.2395 0.2395 0.245 0.245 0.247 0.247 0.2355 0.2355 0.2355 0.233 0.233 0.256 0.256 0.253 0.253 0.2465 0.2465 0.2465 0.2295 0.2295 0.2315 0.2315 0.2315 0.2315 0.2315 0.2075 0.2075 0.2145 0.2145 0.2555 0.2555 0.2555 0.263 0.263 0.277 0.277 0.2755
-1 -1 -1 -1 -1 -1 -1 -1 -1 -1 -1 -1 -1 -1 -1 -1 -1 -1 0.1042 0.1042 0.1042 0.1675 0.1675 0.2385 0.2385 0.2835 0.2835 0.2835 0.2535 0.2535 0.244 0.244 0.247 0.247 0.247 0.2285 0.2285 0.241 0.241 0.2395 0.2395 0.2395 0.245 0.245 0.247 0.247 0.2355 0.2355 0.2355 0.233 0.233 0.256 0.256 0.253 0.253 0.2465 0.2465 0.2465 0.2295 0.2295 0.2315 0.2315 0.2315 0.2315 0.2315 0.2075 0.2075 0.2145 0.2145 0.2555 0.2555 0.2555 0.263 0.263 0.277 0.277 0.2755
-1 -1 -1 -1 -1 -1 -1 -1 -1 -1 -1 -1 -1 -1 -1 -1 -1 -1 -1 -1 -1 0.1697 0.1697 0.144 0.144 0.246 0.246 0.246 0.268 0.268 0.2775 0.2775 0.2535 0.2535 0.2535 0.242 0.242 0.2425 0.2425 0.2285 0.2285 0.2285 0.2475 0.2475 0.2525 0.2525 0.254 0.254 0.254 0.227 0.227 0.2285 0.2285 0.234 0.234 0.227 0.227 0.227 0.231 0.231 0.238 0.238 0.238 0.238 0.238 0.2115 0.2115 0.237 0.237 0.254 0.254 0.254 0.2425 0.2425 0.2435 0.2435 0.255
-1 -1 -1 -1 -1 -1 -1 -1 -1 -1 -1 -1 -1 -1 -1 -1 -1 -1 -1 -1 -1 0.1697 0.1697 0.144 0.144 0.246 0.246 0.246 0.268 0.268 0.2775 0.2775 0.2535 0.2535 0.2535 0.242 0.242 0.2425 0.2425 0.2285 0.2285 0.2285 0.2475 0.2475 0.2525 0.2525 0.254 0.254 0.254 0.227 0.227 0.2285 0.2285 0.234 0.234 0.227 0.227 0.227 0.231 0.231 0.238 0.238 0.238 0.238 0.238 0.2115 0.2115 0.237 0.237 0.254 0.254 0.254 0.2425 0.2425 0.2435 0.2435 0.255
-1 -1 -1 -1 -1 -1 -1 -1 -1 -1 -1 -1 -1 -1 -1 -1 -1 -1 -1 -1 -1 0.1627 0.1627 0.0742 0.0742 0.162 0.162 0.162 0.2575 0.2575 0.291 0.291 0.274 0.274 0.274 0.2585 0.2585 0.23 0.23 0.2095 0.2095 0.2095 0.252 0.252 0.226 0.226 0.2505 0.2505 0.2505 0.2455 0.2455 0.231 0.231 0.2425 0.2425 0.241 0.241 0.241 0.2415 0.2415 0.244 0.244 0.244 0.244 0.244 0.2425 0.2425 0.2445 0.2445 0.264 0.264 0.264 0.256 0.256 0.2665 0.2665 0.247
-1 -1 -1 -1 -1 -1 -1 -1 -1 -1 -1 -1 -1 -1 -1 -1 -1 -1 -1 -1 -1 0.1627 0.1627 0.0742 0.0742 0.162 0.162 0.162 0.2575 0.2575 0.291 0.291 0.274 0.274 0.274 0.2585 0.2585 0.23 0.23 0.2095 0.2095 0.2095 0.252 0.252 0.226 0.226 0.2505 0.2505 0.2505 0.2455 0.2455 0.231 0.231 0.2425 0.2425 0.241 0.241 0.241 0.2415 0.2415 0.244 0.244 0.244 0.244 0.244 0.2425 0.2425 0.2445 0.2445 0.264 0.264 0.264 0.256 0.256 0.2665 0.2665 0.247
-1 -1 -1 -1 -1 -1 -1 -1 -1 -1 -1 -1 -1 -1 -1 -1 -1 -1 -1 -1 -1 0.1627 0.1627 0.0742 0.0742 0.162 0.162 0.162 0.2575 0.2575 0.291 0.291 0.274 0.274 0.274 0.2585 0.2585 0.23 0.23 0.2095 0.2095 0.2095 0.252 0.252 0.226 0.226 0.2505 0.2505 0.2505 0.2455 0.2455 0.231 0.231 0.2425 0.2425 0.241 0.241 0.241 0.2415 0.2415 0.244 0.244 0.244 0.244 0.244 0.2425 0.2425 0.2445 0.2445 0.264 0.264 0.264 0.256 0.256 0.2665 0.2665 0.247
-1 -1 -1 -1 -1 -1 -1 -1 -1 -1 -1 -1 -1 -1 -1 -1 -1 -1 -1 -1 -1 -1 -1 0.1687 0.1687 0.0705 0.0705 0.0705 0.21 0.21 0.28 0.28 0.2595 0.2595 0.2595 0.229 0.229 0.205 0.205 0.1925 0.1925 0.1925 0.2095 0.2095 0.2185 0.2185 0.224 0.224 0.224 0.2335 0.2335 0.256 0.256 0.26 0.26 0.242 0.242 0.242 0.2215 0.2215 0.232 0.232 0.232 0.232 0.232 0.2185 0.2185 0.2445 0.2445 0.256 0.256 0.256 0.2515 0.2515 0.2565 0.2565 0.2655
-1 -1 -1 -1 -1 -1 -1 -1 -1 -1 -1 -1 -1 -1 -1 -1 -1 -1 -1 -1 -1 -1 -1 0.1687 0.1687 0.0705 0.0705 0.0705 0.21 0.21 0.28 0.28 0.2595 0.2595 0.2595 0.229 0.229 0.205 0.205 0.1925 0.1925 0.1925 0.2095 0.2095 0.2185 0.2185 0.224 0.224 0.224 0.2335 0.2335 0.256 0.256 0.26 0.26 0.242 0.242 0.242 0.2215 0.2215 0.232 0.232 0.232 0.232 0.232 0.2185 0.2185 0.2445 0.2445 0.256 0.256 0.256 0.2515 0.2515 0.2565 0.2565 0.2655
-1 -1 -1 -1 -1 -1 -1 -1 -1 -1 -1 -1 -1 -1 -1 -1 -1 -1 -1 -1 -1 -1 -1 -1 -1 0.063 0.063 0.063 0.1155 0.1155 0.2005 0.2005 0.1895 0.1895 0.1895 0.1695 0.1695 0.179 0.179 0.2 0.2 0.2 0.242 0.242 0.2105 0.2105 0.238 0.238 0.238 0.229 0.229 0.254 0.254 0.2535 0.2535 0.2625 0.2625 0.2625 0.248 0.248 0.2565 0.2565 0.2565 0.2565 0.2565 0.2275 0.2275 0.2505 0.2505 0.2555 0.2555 0.2555 0.257 0.257 0.265 0.265 0.267
-1 -1 -1 -1 -1 -1 -1 -1 -1 -1 -1 -1 -1 -1 -1 -1 -1 -1 -1 -1 -1 -1 -1 -1 -1 0.063 0.063 0.063 0.1155 0.1155 0.2005 0.2005 0.1895 0.1895 0.1895 0.1695 0.1695 0.179 0.179 0.2 0.2 0.2 0.242 0.242 0.2105 0.2105 0.238 0.238 0.238 0.229 0.229 0.254 0.254 0.2535 0.2535 0.2625 0.2625 0.2625 0.248 0.248 0.2565 0.2565 0.2565 0.2565 0.2565 0.2275 0.2275 0.2505 0.2505 0.2555 0.2555 0.2555 0.257 0.257 0.265 0.265 0.267
-1 -1 -1 -1 -1 -1 -1 -1 -1 -1 -1 -1 -1 -1 -1 -1 -1 -1 -1 -1 -1 -1 -1 -1 -1 0.1092 0.1092 0.1092 0.1025 0.1025 0.1635 0.1635 0.188 0.188 0.188 0.256 0.256 0.172 0.172 0.23 0.23 0.23 0.239 0.239 0.2595 0.2595 0.267 0.267 0.267 0.2691 0.2691 0.2655 0.2655 0.251 0.251 0.258 0.258 0.258 0.25 0.25 0.252 0.252 0.252 0.252 0.252 0.245 0.245 0.233 0.233 0.2135 0.2135 0.2135 0.249 0.249 0.252 0.252 0.265
-1 -1 -1 -1 -1 -1 -1 -1 -1 -1 -1 -1 -1 -1 -1 -1 -1 -1 -1 -1 -1 -1 -1 -1 -1 0.1092 0.1092 0.1092 0.1025 0.1025 0.1635 0.1635 0.188 0.188 0.188 0.256 0.256 0.172 0.172 0.23 0.23 0.23 0.239 0.239 0.2595 0.2595 0.267 0.267 0.267 0.2691 0.2691 0.2655 0.2655 0.251 0.251 0.258 0.258 0.258 0.25 0.25 0.252 0.252 0.252 0.252 0.252 0.245 0.245 0.233 0.233 0.2135 0.2135 0.2135 0.249 0.249 0.252 0.252 0.265
-1 -1 -1 -1 -1 -1 -1 -1 -1 -1 -1 -1 -1 -1 -1 -1 -1 -1 -1 -1 -1 -1 -1 -1 -1 0.1092 0.1092 0.1092 0.1025 0.1025 0.1635 0.1635 0.188 0.188 0.188 0.256 0.256 0.172 0.172 0.23 0.23 0.23 0.239 0.239 0.2595 0.2595 0.267 0.267 0.267 0.2691 0.2691 0.2655 0.2655 0.251 0.251 0.258 0.258 0.258 0.25 0.25 0.252 0.252 0.252 0.252 0.252 0.245 0.245 0.233 0.233 0.2135 0.2135 0.2135 0.249 0.249 0.252 0.252 0.265
