ndvi/NOAA-366.asc
ncols         252
nrows         154
xllcorner     -18.017974
yllcorner     13.481982
cellsize      0.035948
NODATA_value  -9999
[rows 70 to 104 of 154, columns 0 to 76 of 252]
-1 -1 -1 -1 -1 -1 -1 -1 -1 -1 -1 -1 -1 -1 -1 -1 -1 -1 -1 -1 -1 -1 -1 -1 -1 -1 -1 -1 -1 -1 -1 -1 -1 -1 -1 -1 -1 -1 -1 0.146 0.146 0.146 0.222 0.222 0.2565 0.2565 0.408 0.408 0.408 0.375 0.375 0.3175 0.3175 0.519 0.519 0.2415 0.2415 0.2415 0.2975 0.2975 0.333 0.333 0.333 0.333 0.333 0.2575 0.2575 0.239 0.239 0.2105 0.2105 0.2105 0.1885 0.1885 0.19 0.19 0.1785
-1 -1 -1 -1 -1 -1 -1 -1 -1 -1 -1 -1 -1 -1 -1 -1 -1 -1 -1 -1 -1 -1 -1 -1 -1 -1 -1 -1 -1 -1 -1 -1 -1 -1 -1 -1 -1 0.0695 0.0695 0.09 0.09 0.09 0.3615 0.3615 0.3315 0.3315 0.3965 0.3965 0.3965 0.3475 0.3475 0.287 0.287 0.1555 0.1555 0.3265 0.3265 0.3265 0.3375 0.3375 0.2705 0.2705 0.2705 0.2705 0.2705 0.237 0.237 0.2175 0.2175 0.204 0.204 0.204 0.199 0.199 0.2055 0.2055 0.197
-1 -1 -1 -1 -1 -1 -1 -1 -1 -1 -1 -1 -1 -1 -1 -1 -1 -1 -1 -1 -1 -1 -1 -1 -1 -1 -1 -1 -1 -1 -1 -1 -1 -1 -1 -1 -1 0.0695 0.0695 0.09 0.09 0.09 0.3615 0.3615 0.3315 0.3315 0.3965 0.3965 0.3965 0.3475 0.3475 0.287 0.287 0.1555 0.1555 0.3265 0.3265 0.3265 0.3375 0.3375 0.2705 0.2705 0.2705 0.2705 0.2705 0.237 0.237 0.2175 0.2175 0.204 0.204 0.204 0.199 0.199 0.2055 0.2055 0.197
-1 -1 -1 -1 -1 -1 -1 -1 -1 -1 -1 -1 -1 -1 -1 -1 -1 -1 -1 -1 -1 -1 -1 -1 -1 -1 -1 -1 -1 -1 -1 -1 -1 -1 -1 -1 -1 0.0695 0.0695 0.09 0.09 0.09 0.3615 0.3615 0.3315 0.3315 0.3965 0.3965 0.3965 0.3475 0.3475 0.287 0.287 0.1555 0.1555 0.3265 0.3265 0.3265 0.3375 0.3375 0.2705 0.2705 0.2705 0.2705 0.2705 0.237 0.237 0.2175 0.2175 0.204 0.204 0.204 0.199 0.199 0.2055 0.2055 0.197
-1 -1 -1 -1 -1 -1 -1 -1 -1 -1 -1 -1 -1 -1 -1 -1 -1 -1 -1 -1 -1 -1 -1 -1 -1 -1 -1 -1 -1 -1 -1 -1 -1 -1 -1 -1 -1 0.04 0.04 0.11 0.11 0.11 0.2205 0.2205 0.426 0.426 0.38 0.38 0.38 0.4885 0.4885 0.1415 0.1415 0.1695 0.1695 0.194 0.194 0.194 0.1955 0.1955 0.232 0.232 0.232 0.232 0.232 0.232 0.232 0.2185 0.2185 0.1985 0.1985 0.1985 0.2015 0.2015 0.2115 0.2115 0.223
-1 -1 -1 -1 -1 -1 -1 -1 -1 -1 -1 -1 -1 -1 -1 -1 -1 -1 -1 -1 -1 -1 -1 -1 -1 -1 -1 -1 -1 -1 -1 -1 -1 -1 -1 -1 -1 0.04 0.04 0.11 0.11 0.11 0.2205 0.2205 0.426 0.426 0.38 0.38 0.38 0.4885 0.4885 0.1415 0.1415 0.1695 0.1695 0.194 0.194 0.194 0.1955 0.1955 0.232 0.232 0.232 0.232 0.232 0.232 0.232 0.2185 0.2185 0.1985 0.1985 0.1985 0.2015 0.2015 0.2115 0.2115 0.223
-1 -1 -1 -1 -1 -1 -1 -1 -1 -1 -1 -1 -1 -1 -1 -1 -1 -1 -1 -1 -1 -1 -1 -1 -1 -1 -1 -1 -1 -1 -1 -1 -1 -1 -1 -1 -1 0.011 0.011 0.106 0.106 0.106 0.251 0.251 0.2225 0.2225 0.212 0.212 0.212 0.1965 0.1965 0.185 0.185 0.201 0.201 0.1995 0.1995 0.1995 0.22 0.22 0.1995 0.1995 0.1995 0.1995 0.1995 0.215 0.215 0.216 0.216 0.2025 0.2025 0.2025 0.2235 0.2235 0.228 0.228 0.236
-1 -1 -1 -1 -1 -1 -1 -1 -1 -1 -1 -1 -1 -1 -1 -1 -1 -1 -1 -1 -1 -1 -1 -1 -1 -1 -1 -1 -1 -1 -1 -1 -1 -1 -1 -1 -1 0.011 0.011 0.106 0.106 0.106 0.251 0.251 0.2225 0.2225 0.212 0.212 0.212 0.1965 0.1965 0.185 0.185 0.201 0.201 0.1995 0.1995 0.1995 0.22 0.22 0.1995 0.1995 0.1995 0.1995 0.1995 0.215 0.215 0.216 0.216 0.2025 0.2025 0.2025 0.2235 0.2235 0.228 0.228 0.236
-1 -1 -1 -1 -1 -1 -1 -1 -1 -1 -1 -1 -1 -1 -1 -1 -1 -1 -1 -1 -1 -1 -1 -1 -1 -1 -1 -1 -1 -1 -1 -1 -1 -1 -1 -1 -1 0.3195 0.3195 0.1275 0.1275 0.1275 0.1865 0.1865 0.196 0.196 0.225 0.225 0.225 0.211 0.211 0.2445 0.2445 0.198 0.198 0.2105 0.2105 0.2105 0.215 0.215 0.202 0.202 0.202 0.202 0.202 0.2125 0.2125 0.216 0.216 0.2015 0.2015 0.2015 0.2285 0.2285 0.2255 0.2255 0.2335
-1 -1 -1 -1 -1 -1 -1 -1 -1 -1 -1 -1 -1 -1 -1 -1 -1 -1 -1 -1 -1 -1 -1 -1 -1 -1 -1 -1 -1 -1 -1 -1 -1 -1 -1 -1 -1 0.3195 0.3195 0.1275 0.1275 0.1275 0.1865 0.1865 0.196 0.196 0.225 0.225 0.225 0.211 0.211 0.2445 0.2445 0.198 0.198 0.2105 0.2105 0.2105 0.215 0.215 0.202 0.202 0.202 0.202 0.202 0.2125 0.2125 0.216 0.216 0.2015 0.2015 0.2015 0.2285 0.2285 0.2255 0.2255 0.2335
-1 -1 -1 -1 -1 -1 -1 -1 -1 -1 -1 -1 -1 -1 -1 -1 -1 -1 -1 -1 -1 -1 -1 -1 -1 -1 -1 -1 -1 -1 -1 -1 -1 -1 -1 -1 -1 0.084 0.084 0.1485 0.1485 0.1485 0.189 0.189 0.215 0.215 0.2225 0.2225 0.2225 0.215 0.215 0.2055 0.2055 0.2385 0.2385 0.2225 0.2225 0.2225 0.218 0.218 0.21 0.21 0.21 0.21 0.21 0.2175 0.2175 0.223 0.223 0.22 0.22 0.22 0.2285 0.2285 0.23 0.23 0.2305
-1 -1 -1 -1 -1 -1 -1 -1 -1 -1 -1 -1 -1 -1 -1 -1 -1 -1 -1 -1 -1 -1 -1 -1 -1 -1 -1 -1 -1 -1 -1 -1 -1 -1 -1 -1 -1 0.084 0.084 0.1485 0.1485 0.1485 0.189 0.189 0.215 0.215 0.2225 0.2225 0.2225 0.215 0.215 0.2055 0.2055 0.2385 0.2385 0.2225 0.2225 0.2225 0.218 0.218 0.21 0.21 0.21 0.21 0.21 0.2175 0.2175 0.223 0.223 0.22 0.22 0.22 0.2285 0.2285 0.23 0.23 0.2305
-1 -1 -1 -1 -1 -1 -1 -1 -1 -1 -1 -1 -1 -1 -1 -1 -1 -1 -1 -1 -1 -1 -1 -1 -1 -1 -1 -1 -1 -1 -1 -1 -1 -1 -1 -1 -1 0.084 0.084 0.1485 0.1485 0.1485 0.189 0.189 0.215 0.215 0.2225 0.2225 0.2225 0.215 0.215 0.2055 0.2055 0.2385 0.2385 0.2225 0.2225 0.2225 0.218 0.218 0.21 0.21 0.21 0.21 0.21 0.2175 0.2175 0.223 0.223 0.22 0.22 0.22 0.2285 0.2285 0.23 0.23 0.2305
-1 -1 -1 -1 -1 -1 -1 -1 -1 -1 -1 -1 -1 -1 -1 -1 -1 -1 -1 -1 -1 -1 -1 -1 -1 -1 -1 -1 -1 -1 -1 -1 -1 -1 -1 -1 -1 0.037 0.037 0.1575 0.1575 0.1575 0.2015 0.2015 0.2 0.2 0.2025 0.2025 0.2025 0.212 0.212 0.227 0.227 0.2505 0.2505 0.223 0.223 0.223 0.219 0.219 0.2115 0.2115 0.2115 0.2115 0.2115 0.2145 0.2145 0.209 0.209 0.218 0.218 0.218 0.2045 0.2045 0.212 0.212 0.2105
-1 -1 -1 -1 -1 -1 -1 -1 -1 -1 -1 -1 -1 -1 -1 -1 -1 -1 -1 -1 -1 -1 -1 -1 -1 -1 -1 -1 -1 -1 -1 -1 -1 -1 -1 -1 -1 0.037 0.037 0.1575 0.1575 0.1575 0.2015 0.2015 0.2 0.2 0.2025 0.2025 0.2025 0.212 0.212 0.227 0.227 0.2505 0.2505 0.223 0.223 0.223 0.219 0.219 0.2115 0.2115 0.2115 0.2115 0.2115 0.2145 0.2145 0.209 0.209 0.218 0.218 0.218 0.2045 0.2045 0.212 0.212 0.2105
-1 -1 -1 -1 -1 -1 -1 -1 -1 -1 -1 -1 -1 -1 -1 -1 -1 -1 -1 -1 -1 -1 -1 -1 -1 -1 -1 -1 -1 -1 -1 -1 -1 -1 -1 -1 -1 0.101 0.101 0.204 0.204 0.204 0.2065 0.2065 0.1875 0.1875 0.182 0.182 0.182 0.209 0.209 0.222 0.222 0.214 0.214 0.222 0.222 0.222 0.214 0.214 0.2285 0.2285 0.2285 0.2285 0.2285 0.206 0.206 0.2055 0.2055 0.2085 0.2085 0.2085 0.195 0.195 0.201 0.201 0.204
-1 -1 -1 -1 -1 -1 -1 -1 -1 -1 -1 -1 -1 -1 -1 -1 -1 -1 -1 -1 -1 -1 -1 -1 -1 -1 -1 -1 -1 -1 -1 -1 -1 -1 -1 -1 -1 0.101 0.101 0.204 0.204 0.204 0.2065 0.2065 0.1875 0.1875 0.182 0.182 0.182 0.209 0.209 0.222 0.222 0.214 0.214 0.222 0.222 0.222 0.214 0.214 0.2285 0.2285 0.2285 0.2285 0.2285 0.206 0.206 0.2055 0.2055 0.2085 0.2085 0.2085 0.195 0.195 0.201 0.201 0.204
-1 -1 -1 -1 -1 -1 -1 -1 -1 -1 -1 -1 -1 -1 -1 -1 -1 -1 -1 -1 -1 -1 -1 -1 -1 -1 -1 -1 -1 -1 -1 -1 -1 -1 -1 0.0307 0.0307 0.1495 0.1495 0.216 0.216 0.216 0.208 0.208 0.2065 0.2065 0.1825 0.1825 0.1825 0.204 0.204 0.206 0.206 0.1985 0.1985 0.1955 0.1955 0.1955 0.2215 0.2215 0.222 0.222 0.222 0.222 0.222 0.206 0.206 0.2025 0.2025 0.1955 0.1955 0.1955 0.2065 0.2065 0.214 0.214 0.214
-1 -1 -1 -1 -1 -1 -1 -1 -1 -1 -1 -1 -1 -1 -1 -1 -1 -1 -1 -1 -1 -1 -1 -1 -1 -1 -1 -1 -1 -1 -1 -1 -1 -1 -1 0.0307 0.0307 0.1495 0.1495 0.216 0.216 0.216 0.208 0.208 0.2065 0.2065 0.1825 0.1825 0.1825 0.204 0.204 0.206 0.206 0.1985 0.1985 0.1955 0.1955 0.1955 0.2215 0.2215 0.222 0.222 0.222 0.222 0.222 0.206 0.206 0.2025 0.2025 0.1955 0.1955 0.1955 0.2065 0.2065 0.214 0.214 0.214
-1 -1 -1 -1 -1 -1 -1 -1 -1 -1 -1 -1 -1 -1 -1 -1 -1 -1 -1 -1 -1 -1 -1 -1 -1 -1 -1 -1 -1 -1 -1 -1 -1 -1 -1 0.0307 0.0307 0.1495 0.1495 0.216 0.216 0.216 0.208 0.208 0.2065 0.2065 0.1825 0.1825 0.1825 0.204 0.204 0.206 0.206 0.1985 0.1985 0.1955 0.1955 0.1955 0.2215 0.2215 0.222 0.222 0.222 0.222 0.222 0.206 0.206 0.2025 0.2025 0.1955 0.1955 0.1955 0.2065 0.2065 0.214 0.214 0.214
-1 -1 -1 -1 -1 -1 -1 -1 -1 -1 -1 -1 -1 -1 -1 -1 -1 -1 -1 -1 -1 -1 -1 -1 -1 -1 -1 -1 -1 -1 -1 -1 -1 -1 -1 0.075 0.075 0.2155 0.2155 0.2095 0.2095 0.2095 0.193 0.193 0.2015 0.2015 0.1905 0.1905 0.1905 0.195 0.195 0.19 0.19 0.202 0.202 0.2285 0.2285 0.2285 0.2115 0.2115 0.218 0.218 0.218 0.218 0.218 0.2175 0.2175 0.233 0.233 0.211 0.211 0.211 0.2185 0.2185 0.216 0.216 0.2155
-1 -1 -1 -1 -1 -1 -1 -1 -1 -1 -1 -1 -1 -1 -1 -1 -1 -1 -1 -1 -1 -1 -1 -1 -1 -1 -1 -1 -1 -1 -1 -1 -1 -1 -1 0.075 0.075 0.2155 0.2155 0.2095 0.2095 0.2095 0.193 0.193 0.2015 0.2015 0.1905 0.1905 0.1905 0.195 0.195 0.19 0.19 0.202 0.202 0.2285 0.2285 0.2285 0.2115 0.2115 0.218 0.218 0.218 0.218 0.218 0.2175 0.2175 0.233 0.233 0.211 0.211 0.211 0.2185 0.2185 0.216 0.216 0.2155
-1 -1 -1 -1 -1 -1 -1 -1 -1 -1 -1 -1 -1 -1 -1 -1 -1 -1 -1 -1 -1 -1 -1 -1 -1 -1 -1 -1 -1 -1 -1 -1 0.077 0.077 0.077 0.187 0.187 0.1845 0.1845 0.1675 0.1675 0.1675 0.1895 0.1895 0.187 0.187 0.194 0.194 0.194 0.1875 0.1875 0.191 0.191 0.208 0.208 0.211 0.211 0.211 0.217 0.217 0.2395 0.2395 0.2395 0.2395 0.2395 0.2355 0.2355 0.231 0.231 0.242 0.242 0.242 0.229 0.229 0.2345 0.2345 0.2205
-1 -1 -1 -1 -1 -1 -1 -1 -1 -1 -1 -1 -1 -1 -1 -1 -1 -1 -1 -1 -1 -1 -1 -1 -1 -1 -1 -1 -1 -1 -1 -1 0.077 0.077 0.077 0.187 0.187 0.1845 0.1845 0.1675 0.1675 0.1675 0.1895 0.1895 0.187 0.187 0.194 0.194 0.194 0.1875 0.1875 0.191 0.191 0.208 0.208 0.211 0.211 0.211 0.217 0.217 0.2395 0.2395 0.2395 0.2395 0.2395 0.2355 0.2355 0.231 0.231 0.242 0.242 0.242 0.229 0.229 0.2345 0.2345 0.2205
-1 -1 -1 -1 -1 -1 -1 -1 -1 -1 -1 -1 -1 -1 -1 -1 -1 -1 -1 -1 -1 -1 -1 -1 -1 -1 -1 -1 -1 -1 0.012 0.012 0.042 0.042 0.042 0.176 0.176 0.165 0.165 0.16 0.16 0.16 0.1555 0.1555 0.1945 0.1945 0.205 0.205 0.205 0.1845 0.1845 0.1875 0.1875 0.211 0.211 0.1985 0.1985 0.1985 0.208 0.208 0.2185 0.2185 0.2185 0.2185 0.2185 0.2325 0.2325 0.2485 0.2485 0.2565 0.2565 0.2565 0.23 0.23 0.2255 0.2255 0.203
-1 -1 -1 -1 -1 -1 -1 -1 -1 -1 -1 -1 -1 -1 -1 -1 -1 -1 -1 -1 -1 -1 -1 -1 -1 -1 -1 -1 -1 -1 0.012 0.012 0.042 0.042 0.042 0.176 0.176 0.165 0.165 0.16 0.16 0.16 0.1555 0.1555 0.1945 0.1945 0.205 0.205 0.205 0.1845 0.1845 0.1875 0.1875 0.211 0.211 0.1985 0.1985 0.1985 0.208 0.208 0.2185 0.2185 0.2185 0.2185 0.2185 0.2325 0.2325 0.2485 0.2485 0.2565 0.2565 0.2565 0.23 0.23 0.2255 0.2255 0.203
-1 -1 -1 -1 -1 -1 -1 -1 -1 -1 -1 -1 -1 -1 -1 -1 -1 -1 -1 -1 -1 -1 -1 -1 -1 -1 -1 -1 -1 -1 0.012 0.012 0.042 0.042 0.042 0.176 0.176 0.165 0.165 0.16 0.16 0.16 0.1555 0.1555 0.1945 0.1945 0.205 0.205 0.205 0.1845 0.1845 0.1875 0.1875 0.211 0.211 0.1985 0.1985 0.1985 0.208 0.208 0.2185 0.2185 0.2185 0.2185 0.2185 0.2325 0.2325 0.2485 0.2485 0.2565 0.2565 0.2565 0.23 0.23 0.2255 0.2255 0.203
-1 -1 -1 -1 -1 -1 -1 -1 -1 -1 -1 -1 -1 -1 -1 -1 -1 -1 -1 -1 -1 -1 -1 -1 -1 -1 -1 -1 -1 -1 0.078 0.078 0.182 0.182 0.182 0.163 0.163 0.163 0.163 0.1725 0.1725 0.1725 0.1755 0.1755 0.2015 0.2015 0.196 0.196 0.196 0.21 0.21 0.2125 0.2125 0.219 0.219 0.216 0.216 0.216 0.238 0.238 0.2415 0.2415 0.2415 0.2415 0.2415 0.2445 0.2445 0.2265 0.2265 0.2485 0.2485 0.2485 0.2335 0.2335 0.23 0.23 0.205
-1 -1 -1 -1 -1 -1 -1 -1 -1 -1 -1 -1 -1 -1 -1 -1 -1 -1 -1 -1 -1 -1 -1 -1 -1 -1 -1 -1 -1 -1 0.078 0.078 0.182 0.182 0.182 0.163 0.163 0.163 0.163 0.1725 0.1725 0.1725 0.1755 0.1755 0.2015 0.2015 0.196 0.196 0.196 0.21 0.21 0.2125 0.2125 0.219 0.219 0.216 0.216 0.216 0.238 0.238 0.2415 0.2415 0.2415 0.2415 0.2415 0.2445 0.2445 0.2265 0.2265 0.2485 0.2485 0.2485 0.2335 0.2335 0.23 0.23 0.205
-1 -1 -1 -1 -1 -1 -1 -1 -1 -1 -1 -1 -1 -1 -1 -1 -1 -1 -1 -1 -1 -1 -1 -1 -1 -1 -1 -1 0.0225 0.0225 0.136 0.136 0.1745 0.1745 0.1745 0.1755 0.1755 0.1755 0.1755 0.182 0.182 0.182 0.191 0.191 0.1895 0.1895 0.204 0.204 0.204 0.2095 0.2095 0.2125 0.2125 0.225 0.225 0.237 0.237 0.237 0.241 0.241 0.223 0.223 0.223 0.223 0.223 0.256 0.256 0.2415 0.2415 0.2495 0.2495 0.2495 0.223 0.223 0.2115 0.2115 0.2025
-1 -1 -1 -1 -1 -1 -1 -1 -1 -1 -1 -1 -1 -1 -1 -1 -1 -1 -1 -1 -1 -1 -1 -1 -1 -1 -1 -1 0.0225 0.0225 0.136 0.136 0.1745 0.1745 0.1745 0.1755 0.1755 0.1755 0.1755 0.182 0.182 0.182 0.191 0.191 0.1895 0.1895 0.204 0.204 0.204 0.2095 0.2095 0.2125 0.2125 0.225 0.225 0.237 0.237 0.237 0.241 0.241 0.223 0.223 0.223 0.223 0.223 0.256 0.256 0.2415 0.2415 0.2495 0.2495 0.2495 0.223 0.223 0.2115 0.2115 0.2025
-1 -1 -1 -1 -1 -1 -1 -1 -1 -1 -1 -1 -1 -1 -1 -1 -1 -1 -1 -1 -1 -1 -1 -1 -1 0.0412 0.0412 0.0412 0.0775 0.0775 0.186 0.186 0.181 0.181 0.181 0.2 0.2 0.192 0.192 0.2015 0.2015 0.2015 0.1975 0.1975 0.1995 0.1995 0.2015 0.2015 0.2015 0.2145 0.2145 0.218 0.218 0.2545 0.2545 0.2615 0.2615 0.2615 0.2535 0.2535 0.246 0.246 0.246 0.246 0.246 0.2415 0.2415 0.247 0.247 0.2375 0.2375 0.2375 0.2295 0.2295 0.213 0.213 0.203
-1 -1 -1 -1 -1 -1 -1 -1 -1 -1 -1 -1 -1 -1 -1 -1 -1 -1 -1 -1 -1 -1 -1 -1 -1 0.0412 0.0412 0.0412 0.0775 0.0775 0.186 0.186 0.181 0.181 0.181 0.2 0.2 0.192 0.192 0.2015 0.2015 0.2015 0.1975 0.1975 0.1995 0.1995 0.2015 0.2015 0.2015 0.2145 0.2145 0.218 0.218 0.2545 0.2545 0.2615 0.2615 0.2615 0.2535 0.2535 0.246 0.246 0.246 0.246 0.246 0.2415 0.2415 0.247 0.247 0.2375 0.2375 0.2375 0.2295 0.2295 0.213 0.213 0.203
-1 -1 -1 -1 -1 -1 -1 -1 -1 -1 -1 -1 -1 -1 -1 -1 -1 -1 -1 -1 -1 -1 -1 0.037 0.037 0.115 0.115 0.115 0.205 0.205 0.1855 0.1855 0.181 0.181 0.181 0.1965 0.1965 0.216 0.216 0.2215 0.2215 0.2215 0.221 0.221 0.217 0.217 0.2235 0.2235 0.2235 0.2295 0.2295 0.236 0.236 0.241 0.241 0.2385 0.2385 0.2385 0.2365 0.2365 0.242 0.242 0.242 0.242 0.242 0.2295 0.2295 0.246 0.246 0.2605 0.2605 0.2605 0.223 0.223 0.2155 0.2155 0.226
-1 -1 -1 -1 -1 -1 -1 -1 -1 -1 -1 -1 -1 -1 -1 -1 -1 -1 -1 -1 -1 -1 -1 0.037 0.037 0.115 0.115 0.115 0.205 0.205 0.1855 0.1855 0.181 0.181 0.181 0.1965 0.1965 0.216 0.216 0.2215 0.2215 0.2215 0.221 0.221 0.217 0.217 0.2235 0.2235 0.2235 0.2295 0.2295 0.236 0.236 0.241 0.241 0.2385 0.2385 0.2385 0.2365 0.2365 0.242 0.242 0.242 0.242 0.242 0.2295 0.2295 0.246 0.246 0.2605 0.2605 0.2605 0.223 0.223 0.2155 0.2155 0.226
