ndvi/NOAA-280.asc
ncols         252
nrows         154
xllcorner     -18.017974
yllcorner     13.481982
cellsize      0.035948
NODATA_value  -9999
[rows 0 to 34 of 154, columns 154 to 230 of 252]
0.1035 0.1025 0.1025 0.1045 0.1045 0.1045 0.106 0.106 0.1075 0.1075 0.111 0.111 0.105 0.105 0.105 0.11 0.11 0.111 0.111 0.106 0.106 0.106 0.111 0.111 0.1135 0.1135 0.107 0.107 0.107 0.107 0.107 0.0985 0.0985 0.101 0.101 0.101 0.0995 0.0995 0.09999999 0.09999999 0.107 0.107 0.107 0.115 0.115 0.108 0.108 0.1145 0.1145 0.117 0.117 0.117 0.114 0.114 0.11 0.11 0.1105 0.1105 0.1105 0.112 0.112 0.111 0.111 0.1105 0.1105 0.1105 0.1085 0.1085 0.105 0.105 0.1025 0.1025 0.1025 0.101 0.101 0.0925 0.0925
0.1035 0.1025 0.1025 0.1045 0.1045 0.1045 0.106 0.106 0.1075 0.1075 0.111 0.111 0.105 0.105 0.105 0.11 0.11 0.111 0.111 0.106 0.106 0.106 0.111 0.111 0.1135 0.1135 0.107 0.107 0.107 0.107 0.107 0.0985 0.0985 0.101 0.101 0.101 0.0995 0.0995 0.09999999 0.09999999 0.107 0.107 0.107 0.115 0.115 0.108 0.108 0.1145 0.1145 0.117 0.117 0.117 0.114 0.114 0.11 0.11 0.1105 0.1105 0.1105 0.112 0.112 0.111 0.111 0.1105 0.1105 0.1105 0.1085 0.1085 0.105 0.105 0.1025 0.1025 0.1025 0.101 0.101 0.0925 0.0925
0.1055 0.103 0.103 0.107 0.107 0.107 0.1105 0.1105 0.1095 0.1095 0.111 0.111 0.112 0.112 0.112 0.1095 0.1095 0.117 0.117 0.111 0.111 0.111 0.1135 0.1135 0.1095 0.1095 0.118 0.118 0.118 0.1125 0.1125 0.1055 0.1055 0.1105 0.1105 0.1105 0.117 0.117 0.122 0.122 0.121 0.121 0.121 0.1375 0.1375 0.127 0.127 0.1225 0.1225 0.124 0.124 0.124 0.1215 0.1215 0.124 0.124 0.1255 0.1255 0.1255 0.1285 0.1285 0.123 0.123 0.116 0.116 0.116 0.117 0.117 0.107 0.107 0.1025 0.1025 0.1025 0.1015 0.1015 0.09450001 0.09450001
0.1055 0.103 0.103 0.107 0.107 0.107 0.1105 0.1105 0.1095 0.1095 0.111 0.111 0.112 0.112 0.112 0.1095 0.1095 0.117 0.117 0.111 0.111 0.111 0.1135 0.1135 0.1095 0.1095 0.118 0.118 0.118 0.1125 0.1125 0.1055 0.1055 0.1105 0.1105 0.1105 0.117 0.117 0.122 0.122 0.121 0.121 0.121 0.1375 0.1375 0.127 0.127 0.1225 0.1225 0.124 0.124 0.124 0.1215 0.1215 0.124 0.124 0.1255 0.1255 0.1255 0.1285 0.1285 0.123 0.123 0.116 0.116 0.116 0.117 0.117 0.107 0.107 0.1025 0.1025 0.1025 0.1015 0.1015 0.09450001 0.09450001
0.1055 0.103 0.103 0.107 0.107 0.107 0.1105 0.1105 0.1095 0.1095 0.111 0.111 0.112 0.112 0.112 0.1095 0.1095 0.117 0.117 0.111 0.111 0.111 0.1135 0.1135 0.1095 0.1095 0.118 0.118 0.118 0.1125 0.1125 0.1055 0.1055 0.1105 0.1105 0.1105 0.117 0.117 0.122 0.122 0.121 0.121 0.121 0.1375 0.1375 0.127 0.127 0.1225 0.1225 0.124 0.124 0.124 0.1215 0.1215 0.124 0.124 0.1255 0.1255 0.1255 0.1285 0.1285 0.123 0.123 0.116 0.116 0.116 0.117 0.117 0.107 0.107 0.1025 0.1025 0.1025 0.1015 0.1015 0.09450001 0.09450001
0.1115 0.108 0.108 0.111 0.111 0.111 0.1195 0.1195 0.11 0.11 0.12 0.12 0.1175 0.1175 0.1175 0.1225 0.1225 0.12 0.12 0.1165 0.1165 0.1165 0.1185 0.1185 0.122 0.122 0.1215 0.1215 0.1215 0.124 0.124 0.1195 0.1195 0.128 0.128 0.128 0.1295 0.1295 0.1245 0.1245 0.1335 0.1335 0.1335 0.131 0.131 0.1245 0.1245 0.132 0.132 0.132 0.132 0.132 0.129 0.129 0.1255 0.1255 0.123 0.123 0.123 0.1135 0.1135 0.115 0.115 0.1195 0.1195 0.1195 0.112 0.112 0.109 0.109 0.105 0.105 0.105 0.1025 0.1025 0.1005 0.1005
0.1115 0.108 0.108 0.111 0.111 0.111 0.1195 0.1195 0.11 0.11 0.12 0.12 0.1175 0.1175 0.1175 0.1225 0.1225 0.12 0.12 0.1165 0.1165 0.1165 0.1185 0.1185 0.122 0.122 0.1215 0.1215 0.1215 0.124 0.124 0.1195 0.1195 0.128 0.128 0.128 0.1295 0.1295 0.1245 0.1245 0.1335 0.1335 0.1335 0.131 0.131 0.1245 0.1245 0.132 0.132 0.132 0.132 0.132 0.129 0.129 0.1255 0.1255 0.123 0.123 0.123 0.1135 0.1135 0.115 0.115 0.1195 0.1195 0.1195 0.112 0.112 0.109 0.109 0.105 0.105 0.105 0.1025 0.1025 0.1005 0.1005
0.1095 0.1115 0.1115 0.1125 0.1125 0.1125 0.125 0.125 0.1225 0.1225 0.1235 0.1235 0.124 0.124 0.124 0.1185 0.1185 0.125 0.125 0.1255 0.1255 0.1255 0.1225 0.1225 0.1265 0.1265 0.121 0.121 0.121 0.121 0.121 0.1305 0.1305 0.1275 0.1275 0.1275 0.127 0.127 0.127 0.127 0.125 0.125 0.125 0.1245 0.1245 0.126 0.126 0.1335 0.1335 0.1275 0.1275 0.1275 0.131 0.131 0.1235 0.1235 0.1195 0.1195 0.1195 0.1155 0.1155 0.1155 0.1155 0.1165 0.1165 0.1165 0.1105 0.1105 0.109 0.109 0.107 0.107 0.107 0.104 0.104 0.107 0.107
0.1095 0.1115 0.1115 0.1125 0.1125 0.1125 0.125 0.125 0.1225 0.1225 0.1235 0.1235 0.124 0.124 0.124 0.1185 0.1185 0.125 0.125 0.1255 0.1255 0.1255 0.1225 0.1225 0.1265 0.1265 0.121 0.121 0.121 0.121 0.121 0.1305 0.1305 0.1275 0.1275 0.1275 0.127 0.127 0.127 0.127 0.125 0.125 0.125 0.1245 0.1245 0.126 0.126 0.1335 0.1335 0.1275 0.1275 0.1275 0.131 0.131 0.1235 0.1235 0.1195 0.1195 0.1195 0.1155 0.1155 0.1155 0.1155 0.1165 0.1165 0.1165 0.1105 0.1105 0.109 0.109 0.107 0.107 0.107 0.104 0.104 0.107 0.107
0.1185 0.116 0.116 0.122 0.122 0.122 0.119 0.119 0.1235 0.1235 0.12 0.12 0.127 0.127 0.127 0.123 0.123 0.123 0.123 0.1325 0.1325 0.1325 0.12 0.12 0.124 0.124 0.126 0.126 0.126 0.1285 0.1285 0.1175 0.1175 0.1215 0.1215 0.1215 0.126 0.126 0.1205 0.1205 0.118 0.118 0.118 0.1195 0.1195 0.1245 0.1245 0.131 0.131 0.1285 0.1285 0.1285 0.127 0.127 0.123 0.123 0.125 0.125 0.125 0.116 0.116 0.1175 0.1175 0.1165 0.1165 0.1165 0.114 0.114 0.1125 0.1125 0.1105 0.1105 0.1105 0.1065 0.1065 0.107 0.107
0.1185 0.116 0.116 0.122 0.122 0.122 0.119 0.119 0.1235 0.1235 0.12 0.12 0.127 0.127 0.127 0.123 0.123 0.123 0.123 0.1325 0.1325 0.1325 0.12 0.12 0.124 0.124 0.126 0.126 0.126 0.1285 0.1285 0.1175 0.1175 0.1215 0.1215 0.1215 0.126 0.126 0.1205 0.1205 0.118 0.118 0.118 0.1195 0.1195 0.1245 0.1245 0.131 0.131 0.1285 0.1285 0.1285 0.127 0.127 0.123 0.123 0.125 0.125 0.125 0.116 0.116 0.1175 0.1175 0.1165 0.1165 0.1165 0.114 0.114 0.1125 0.1125 0.1105 0.1105 0.1105 0.1065 0.1065 0.107 0.107
0.1255 0.1235 0.1235 0.1235 0.1235 0.1235 0.1185 0.1185 0.1155 0.1155 0.1215 0.1215 0.1235 0.1235 0.1235 0.124 0.124 0.125 0.125 0.1255 0.1255 0.1255 0.1235 0.1235 0.1255 0.1255 0.127 0.127 0.127 0.123 0.123 0.118 0.118 0.1245 0.1245 0.1245 0.127 0.127 0.116 0.116 0.1225 0.1225 0.1225 0.1195 0.1195 0.1175 0.1175 0.1395 0.1395 0.1295 0.1295 0.1295 0.1185 0.1185 0.1235 0.1235 0.118 0.118 0.118 0.127 0.127 0.116 0.116 0.113 0.113 0.113 0.0965 0.0965 0.0995 0.0995 0.0935 0.0935 0.0935 0.102 0.102 0.1035 0.1035
0.1255 0.1235 0.1235 0.1235 0.1235 0.1235 0.1185 0.1185 0.1155 0.1155 0.1215 0.1215 0.1235 0.1235 0.1235 0.124 0.124 0.125 0.125 0.1255 0.1255 0.1255 0.1235 0.1235 0.1255 0.1255 0.127 0.127 0.127 0.123 0.123 0.118 0.118 0.1245 0.1245 0.1245 0.127 0.127 0.116 0.116 0.1225 0.1225 0.1225 0.1195 0.1195 0.1175 0.1175 0.1395 0.1395 0.1295 0.1295 0.1295 0.1185 0.1185 0.1235 0.1235 0.118 0.118 0.118 0.127 0.127 0.116 0.116 0.113 0.113 0.113 0.0965 0.0965 0.0995 0.0995 0.0935 0.0935 0.0935 0.102 0.102 0.1035 0.1035
0.1255 0.1235 0.1235 0.1235 0.1235 0.1235 0.1185 0.1185 0.1155 0.1155 0.1215 0.1215 0.1235 0.1235 0.1235 0.124 0.124 0.125 0.125 0.1255 0.1255 0.1255 0.1235 0.1235 0.1255 0.1255 0.127 0.127 0.127 0.123 0.123 0.118 0.118 0.1245 0.1245 0.1245 0.127 0.127 0.116 0.116 0.1225 0.1225 0.1225 0.1195 0.1195 0.1175 0.1175 0.1395 0.1395 0.1295 0.1295 0.1295 0.1185 0.1185 0.1235 0.1235 0.118 0.118 0.118 0.127 0.127 0.116 0.116 0.113 0.113 0.113 0.0965 0.0965 0.0995 0.0995 0.0935 0.0935 0.0935 0.102 0.102 0.1035 0.1035
0.1255 0.131 0.131 0.133 0.133 0.133 0.1275 0.1275 0.1315 0.1315 0.1275 0.1275 0.13 0.13 0.13 0.1235 0.1235 0.1255 0.1255 0.1365 0.1365 0.1365 0.1245 0.1245 0.1205 0.1205 0.1165 0.1165 0.1165 0.116 0.116 0.1175 0.1175 0.114 0.114 0.114 0.1235 0.1235 0.1235 0.1235 0.1145 0.1145 0.1145 0.119 0.119 0.125 0.125 0.1185 0.1185 0.1125 0.1125 0.1125 0.1095 0.1095 0.1215 0.1215 0.117 0.117 0.117 0.1055 0.1055 0.101 0.101 0.096 0.096 0.096 0.08750001 0.08750001 0.0835 0.0835 0.089 0.089 0.089 0.091 0.091 0.1085 0.1085
0.1255 0.131 0.131 0.133 0.133 0.133 0.1275 0.1275 0.1315 0.1315 0.1275 0.1275 0.13 0.13 0.13 0.1235 0.1235 0.1255 0.1255 0.1365 0.1365 0.1365 0.1245 0.1245 0.1205 0.1205 0.1165 0.1165 0.1165 0.116 0.116 0.1175 0.1175 0.114 0.114 0.114 0.1235 0.1235 0.1235 0.1235 0.1145 0.1145 0.1145 0.119 0.119 0.125 0.125 0.1185 0.1185 0.1125 0.1125 0.1125 0.1095 0.1095 0.1215 0.1215 0.117 0.117 0.117 0.1055 0.1055 0.101 0.101 0.096 0.096 0.096 0.08750001 0.08750001 0.0835 0.0835 0.089 0.089 0.089 0.091 0.091 0.1085 0.1085
0.126 0.1255 0.1255 0.1235 0.1235 0.1235 0.122 0.122 0.134 0.134 0.1425 0.1425 0.121 0.121 0.121 0.1195 0.1195 0.1255 0.1255 0.12 0.12 0.12 0.1155 0.1155 0.119 0.119 0.112 0.112 0.112 0.1075 0.1075 0.1155 0.1155 0.1135 0.1135 0.1135 0.121 0.121 0.114 0.114 0.1145 0.1145 0.1145 0.1045 0.1045 0.087 0.087 0.07 0.07 0.06550001 0.06550001 0.06550001 0.079 0.079 0.0985 0.0985 0.102 0.102 0.102 0.1035 0.1035 0.0975 0.0975 0.0855 0.0855 0.0855 0.0865 0.0865 0.089 0.089 0.0915 0.0915 0.0915 0.0915 0.0915 0.108 0.108
0.126 0.1255 0.1255 0.1235 0.1235 0.1235 0.122 0.122 0.134 0.134 0.1425 0.1425 0.121 0.121 0.121 0.1195 0.1195 0.1255 0.1255 0.12 0.12 0.12 0.1155 0.1155 0.119 0.119 0.112 0.112 0.112 0.1075 0.1075 0.1155 0.1155 0.1135 0.1135 0.1135 0.121 0.121 0.114 0.114 0.1145 0.1145 0.1145 0.1045 0.1045 0.087 0.087 0.07 0.07 0.06550001 0.06550001 0.06550001 0.079 0.079 0.0985 0.0985 0.102 0.102 0.102 0.1035 0.1035 0.0975 0.0975 0.0855 0.0855 0.0855 0.0865 0.0865 0.089 0.089 0.0915 0.0915 0.0915 0.0915 0.0915 0.108 0.108
0.1295 0.1335 0.1335 0.164 0.164 0.164 0.1135 0.1135 0.1055 0.1055 0.1115 0.1115 0.12 0.12 0.12 0.113 0.113 0.1235 0.1235 0.12 0.12 0.12 0.109 0.109 0.112 0.112 0.107 0.107 0.107 0.0955 0.0955 0.099 0.099 0.102 0.102 0.102 0.09649999 0.09649999 0.1115 0.1115 0.114 0.114 0.114 0.109 0.109 0.1125 0.1125 0.1115 0.1115 0.1035 0.1035 0.1035 0.1015 0.1015 0.1 0.1 0.0985 0.0985 0.0985 0.102 0.102 0.09999999 0.09999999 0.0935 0.0935 0.0935 0.08750001 0.08750001 0.08750001 0.08750001 0.09 0.09 0.09 0.0955 0.0955 0.103 0.103
0.1295 0.1335 0.1335 0.164 0.164 0.164 0.1135 0.1135 0.1055 0.1055 0.1115 0.1115 0.12 0.12 0.12 0.113 0.113 0.1235 0.1235 0.12 0.12 0.12 0.109 0.109 0.112 0.112 0.107 0.107 0.107 0.0955 0.0955 0.099 0.099 0.102 0.102 0.102 0.09649999 0.09649999 0.1115 0.1115 0.114 0.114 0.114 0.109 0.109 0.1125 0.1125 0.1115 0.1115 0.1035 0.1035 0.1035 0.1015 0.1015 0.1 0.1 0.0985 0.0985 0.0985 0.102 0.102 0.09999999 0.09999999 0.0935 0.0935 0.0935 0.08750001 0.08750001 0.08750001 0.08750001 0.09 0.09 0.09 0.0955 0.0955 0.103 0.103
0.1295 0.1335 0.1335 0.164 0.164 0.164 0.1135 0.1135 0.1055 0.1055 0.1115 0.1115 0.12 0.12 0.12 0.113 0.113 0.1235 0.1235 0.12 0.12 0.12 0.109 0.109 0.112 0.112 0.107 0.107 0.107 0.0955 0.0955 0.099 0.099 0.102 0.102 0.102 0.09649999 0.09649999 0.1115 0.1115 0.114 0.114 0.114 0.109 0.109 0.1125 0.1125 0.1115 0.1115 0.1035 0.1035 0.1035 0.1015 0.1015 0.1 0.1 0.0985 0.0985 0.0985 0.102 0.102 0.09999999 0.09999999 0.0935 0.0935 0.0935 0.08750001 0.08750001 0.08750001 0.08750001 0.09 0.09 0.09 0.0955 0.0955 0.103 0.103
0.1135 0.106 0.106 0.139 0.139 0.139 0.1195 0.1195 0.119 0.119 0.113 0.113 0.112 0.112 0.112 0.125 0.125 0.125 0.125 0.1205 0.1205 0.1205 0.119 0.119 0.116 0.116 0.107 0.107 0.107 0.1085 0.1085 0.097 0.097 0.1125 0.1125 0.1125 0.134 0.134 0.1315 0.1315 0.122 0.122 0.122 0.1145 0.1145 0.1165 0.1165 0.118 0.118 0.111 0.111 0.111 0.104 0.104 0.1065 0.1065 0.105 0.105 0.105 0.1035 0.1035 0.101 0.101 0.0955 0.0955 0.0955 0.0955 0.0955 0.0915 0.0915 0.09299999 0.09299999 0.09299999 0.096 0.096 0.098 0.098
0.1135 0.106 0.106 0.139 0.139 0.139 0.1195 0.1195 0.119 0.119 0.113 0.113 0.112 0.112 0.112 0.125 0.125 0.125 0.125 0.1205 0.1205 0.1205 0.119 0.119 0.116 0.116 0.107 0.107 0.107 0.1085 0.1085 0.097 0.097 0.1125 0.1125 0.1125 0.134 0.134 0.1315 0.1315 0.122 0.122 0.122 0.1145 0.1145 0.1165 0.1165 0.118 0.118 0.111 0.111 0.111 0.104 0.104 0.1065 0.1065 0.105 0.105 0.105 0.1035 0.1035 0.101 0.101 0.0955 0.0955 0.0955 0.0955 0.0955 0.0915 0.0915 0.09299999 0.09299999 0.09299999 0.096 0.096 0.098 0.098
0.1265 0.111 0.111 0.1355 0.1355 0.1355 0.139 0.139 0.122 0.122 0.124 0.124 0.1155 0.1155 0.1155 0.117 0.117 0.127 0.127 0.1295 0.1295 0.1295 0.145 0.145 0.1395 0.1395 0.1435 0.1435 0.1435 0.132 0.132 0.12 0.12 0.1455 0.1455 0.1455 0.142 0.142 0.125 0.125 0.1285 0.1285 0.1285 0.1225 0.1225 0.1105 0.1105 0.121 0.121 0.1085 0.1085 0.1085 0.1035 0.1035 0.1025 0.1025 0.1025 0.1025 0.1025 0.1085 0.1085 0.1 0.1 0.105 0.105 0.105 0.094 0.094 0.0935 0.0935 0.096 0.096 0.096 0.0995 0.0995 0.0935 0.0935
0.1265 0.111 0.111 0.1355 0.1355 0.1355 0.139 0.139 0.122 0.122 0.124 0.124 0.1155 0.1155 0.1155 0.117 0.117 0.127 0.127 0.1295 0.1295 0.1295 0.145 0.145 0.1395 0.1395 0.1435 0.1435 0.1435 0.132 0.132 0.12 0.12 0.1455 0.1455 0.1455 0.142 0.142 0.125 0.125 0.1285 0.1285 0.1285 0.1225 0.1225 0.1105 0.1105 0.121 0.121 0.1085 0.1085 0.1085 0.1035 0.1035 0.1025 0.1025 0.1025 0.1025 0.1025 0.1085 0.1085 0.1 0.1 0.105 0.105 0.105 0.094 0.094 0.0935 0.0935 0.096 0.096 0.096 0.0995 0.0995 0.0935 0.0935
0.1325 0.1365 0.1365 0.1485 0.1485 0.1485 0.1795 0.1795 0.1605 0.1605 0.1185 0.1185 0.116 0.116 0.116 0.111 0.111 0.1295 0.1295 0.1425 0.1425 0.1425 0.1365 0.1365 0.1375 0.1375 0.1405 0.1405 0.1405 0.1415 0.1415 0.1455 0.1455 0.1395 0.1395 0.1395 0.1445 0.1445 0.1315 0.1315 0.127 0.127 0.127 0.1145 0.1145 0.122 0.122 0.117 0.117 0.1135 0.1135 0.1135 0.113 0.113 0.1045 0.1045 0.1035 0.1035 0.1035 0.1035 0.1035 0.099 0.099 0.1065 0.1065 0.1065 0.0995 0.0995 0.0995 0.0995 0.0965 0.0965 0.0965 0.0955 0.0955 0.1035 0.1035
0.1325 0.1365 0.1365 0.1485 0.1485 0.1485 0.1795 0.1795 0.1605 0.1605 0.1185 0.1185 0.116 0.116 0.116 0.111 0.111 0.1295 0.1295 0.1425 0.1425 0.1425 0.1365 0.1365 0.1375 0.1375 0.1405 0.1405 0.1405 0.1415 0.1415 0.1455 0.1455 0.1395 0.1395 0.1395 0.1445 0.1445 0.1315 0.1315 0.127 0.127 0.127 0.1145 0.1145 0.122 0.122 0.117 0.117 0.1135 0.1135 0.1135 0.113 0.113 0.1045 0.1045 0.1035 0.1035 0.1035 0.1035 0.1035 0.099 0.099 0.1065 0.1065 0.1065 0.0995 0.0995 0.0995 0.0995 0.0965 0.0965 0.0965 0.0955 0.0955 0.1035 0.1035
0.1325 0.1365 0.1365 0.1485 0.1485 0.1485 0.1795 0.1795 0.1605 0.1605 0.1185 0.1185 0.116 0.116 0.116 0.111 0.111 0.1295 0.1295 0.1425 0.1425 0.1425 0.1365 0.1365 0.1375 0.1375 0.1405 0.1405 0.1405 0.1415 0.1415 0.1455 0.1455 0.1395 0.1395 0.1395 0.1445 0.1445 0.1315 0.1315 0.127 0.127 0.127 0.1145 0.1145 0.122 0.122 0.117 0.117 0.1135 0.1135 0.1135 0.113 0.113 0.1045 0.1045 0.1035 0.1035 0.1035 0.1035 0.1035 0.099 0.099 0.1065 0.1065 0.1065 0.0995 0.0995 0.0995 0.0995 0.0965 0.0965 0.0965 0.0955 0.0955 0.1035 0.1035
0.123 0.123 0.123 0.1415 0.1415 0.1415 0.1525 0.1525 0.1655 0.1655 0.117 0.117 0.121 0.121 0.121 0.1185 0.1185 0.127 0.127 0.131 0.131 0.131 0.134 0.134 0.1285 0.1285 0.1455 0.1455 0.1455 0.1485 0.1485 0.141 0.141 0.139 0.139 0.139 0.132 0.132 0.126 0.126 0.1235 0.1235 0.1235 0.1155 0.1155 0.12 0.12 0.1265 0.1265 0.122 0.122 0.122 0.1175 0.1175 0.111 0.111 0.105 0.105 0.105 0.1075 0.1075 0.1155 0.1155 0.116 0.116 0.116 0.1135 0.1135 0.1175 0.1175 0.1145 0.1145 0.1145 0.1145 0.1145 0.1115 0.1115
0.123 0.123 0.123 0.1415 0.1415 0.1415 0.1525 0.1525 0.1655 0.1655 0.117 0.117 0.121 0.121 0.121 0.1185 0.1185 0.127 0.127 0.131 0.131 0.131 0.134 0.134 0.1285 0.1285 0.1455 0.1455 0.1455 0.1485 0.1485 0.141 0.141 0.139 0.139 0.139 0.132 0.132 0.126 0.126 0.1235 0.1235 0.1235 0.1155 0.1155 0.12 0.12 0.1265 0.1265 0.122 0.122 0.122 0.1175 0.1175 0.111 0.111 0.105 0.105 0.105 0.1075 0.1075 0.1155 0.1155 0.116 0.116 0.116 0.1135 0.1135 0.1175 0.1175 0.1145 0.1145 0.1145 0.1145 0.1145 0.1115 0.1115
0.135 0.1295 0.1295 0.148 0.148 0.148 0.115 0.115 0.1095 0.1095 0.1255 0.1255 0.1095 0.1095 0.1095 0.122 0.122 0.116 0.116 0.124 0.124 0.124 0.1425 0.1425 0.1405 0.1405 0.15 0.15 0.15 0.163 0.163 0.1375 0.1375 0.1395 0.1395 0.1395 0.1305 0.1305 0.132 0.132 0.1225 0.1225 0.1225 0.122 0.122 0.129 0.129 0.12 0.12 0.118 0.118 0.118 0.1275 0.1275 0.1315 0.1315 0.1305 0.1305 0.1305 0.121 0.121 0.124 0.124 0.121 0.121 0.121 0.127 0.127 0.129 0.129 0.125 0.125 0.125 0.1195 0.1195 0.112 0.112
0.135 0.1295 0.1295 0.148 0.148 0.148 0.115 0.115 0.1095 0.1095 0.1255 0.1255 0.1095 0.1095 0.1095 0.122 0.122 0.116 0.116 0.124 0.124 0.124 0.1425 0.1425 0.1405 0.1405 0.15 0.15 0.15 0.163 0.163 0.1375 0.1375 0.1395 0.1395 0.1395 0.1305 0.1305 0.132 0.132 0.1225 0.1225 0.1225 0.122 0.122 0.129 0.129 0.12 0.12 0.118 0.118 0.118 0.1275 0.1275 0.1315 0.1315 0.1305 0.1305 0.1305 0.121 0.121 0.124 0.124 0.121 0.121 0.121 0.127 0.127 0.129 0.129 0.125 0.125 0.125 0.1195 0.1195 0.112 0.112
0.1315 0.1235 0.1235 0.111 0.111 0.111 0.1165 0.1165 0.121 0.121 0.1165 0.1165 0.1135 0.1135 0.1135 0.1185 0.1185 0.1115 0.1115 0.1125 0.1125 0.1125 0.1045 0.1045 0.142 0.142 0.143 0.143 0.143 0.15 0.15 0.136 0.136 0.112 0.112 0.112 0.1265 0.1265 0.112 0.112 0.1065 0.1065 0.1065 0.1135 0.1135 0.116 0.116 0.1125 0.1125 0.111 0.111 0.111 0.136 0.136 0.1315 0.1315 0.1305 0.1305 0.1305 0.13 0.13 0.124 0.124 0.126 0.126 0.126 0.131 0.131 0.131 0.131 0.128 0.128 0.128 0.126 0.126 0.1185 0.1185
0.1315 0.1235 0.1235 0.111 0.111 0.111 0.1165 0.1165 0.121 0.121 0.1165 0.1165 0.1135 0.1135 0.1135 0.1185 0.1185 0.1115 0.1115 0.1125 0.1125 0.1125 0.1045 0.1045 0.142 0.142 0.143 0.143 0.143 0.15 0.15 0.136 0.136 0.112 0.112 0.112 0.1265 0.1265 0.112 0.112 0.1065 0.1065 0.1065 0.1135 0.1135 0.116 0.116 0.1125 0.1125 0.111 0.111 0.111 0.136 0.136 0.1315 0.1315 0.1305 0.1305 0.1305 0.13 0.13 0.124 0.124 0.126 0.126 0.126 0.131 0.131 0.131 0.131 0.128 0.128 0.128 0.126 0.126 0.1185 0.1185
0.1185 0.117 0.117 0.0995 0.0995 0.0995 0.1065 0.1065 0.1105 0.1105 0.0895 0.0895 0.114 0.114 0.114 0.106 0.106 0.1115 0.1115 0.1045 0.1045 0.1045 0.0965 0.0965 0.1305 0.1305 0.1555 0.1555 0.1555 0.147 0.147 0.1255 0.1255 0.114 0.114 0.114 0.1135 0.1135 0.1175 0.1175 0.1115 0.1115 0.1115 0.113 0.113 0.123 0.123 0.1215 0.1215 0.114 0.114 0.114 0.1175 0.1175 0.1235 0.1235 0.1205 0.1205 0.1205 0.132 0.132 0.124 0.124 0.1175 0.1175 0.1175 0.121 0.121 0.124 0.124 0.1225 0.1225 0.1225 0.124 0.124 0.122 0.122
