ndvi/NOAA-108.asc
ncols         252
nrows         154
xllcorner     -18.017974
yllcorner     13.481982
cellsize      0.035948
NODATA_value  -9999
[rows 0 to 34 of 154, columns 77 to 153 of 252]
0.1075 0.1075 0.106 0.106 0.1085 0.1085 0.1075 0.1075 0.1075 0.1105 0.1105 0.112 0.112 0.1105 0.1105 0.108 0.108 0.108 0.1085 0.1085 0.1055 0.1055 0.111 0.111 0.111 0.1075 0.1075 0.112 0.112 0.111 0.111 0.111 0.1045 0.1045 0.104 0.104 0.099 0.099 0.099 0.097 0.097 0.102 0.102 0.1045 0.1045 0.1045 0.11 0.11 0.092 0.092 0.094 0.094 0.09649999 0.09649999 0.09649999 0.0995 0.0995 0.1055 0.1055 0.1005 0.1005 0.1005 0.1095 0.1095 0.106 0.106 0.11 0.11 0.11 0.101 0.101 0.104 0.104 0.108 0.108 0.108 0.1065
0.1075 0.1075 0.106 0.106 0.1085 0.1085 0.1075 0.1075 0.1075 0.1105 0.1105 0.112 0.112 0.1105 0.1105 0.108 0.108 0.108 0.1085 0.1085 0.1055 0.1055 0.111 0.111 0.111 0.1075 0.1075 0.112 0.112 0.111 0.111 0.111 0.1045 0.1045 0.104 0.104 0.099 0.099 0.099 0.097 0.097 0.102 0.102 0.1045 0.1045 0.1045 0.11 0.11 0.092 0.092 0.094 0.094 0.09649999 0.09649999 0.09649999 0.0995 0.0995 0.1055 0.1055 0.1005 0.1005 0.1005 0.1095 0.1095 0.106 0.106 0.11 0.11 0.11 0.101 0.101 0.104 0.104 0.108 0.108 0.108 0.1065
0.1095 0.1095 0.1095 0.1095 0.1085 0.1085 0.1115 0.1115 0.1115 0.114 0.114 0.1055 0.1055 0.109 0.109 0.1115 0.1115 0.1115 0.1105 0.1105 0.11 0.11 0.1125 0.1125 0.1125 0.1075 0.1075 0.107 0.107 0.105 0.105 0.105 0.101 0.101 0.0975 0.0975 0.1015 0.1015 0.1015 0.101 0.101 0.0965 0.0965 0.099 0.099 0.099 0.0985 0.0985 0.1085 0.1085 0.103 0.103 0.115 0.115 0.115 0.1105 0.1105 0.11 0.11 0.1105 0.1105 0.1105 0.111 0.111 0.1085 0.1085 0.107 0.107 0.107 0.1045 0.1045 0.1065 0.1065 0.1005 0.1005 0.1005 0.106
0.1095 0.1095 0.1095 0.1095 0.1085 0.1085 0.1115 0.1115 0.1115 0.114 0.114 0.1055 0.1055 0.109 0.109 0.1115 0.1115 0.1115 0.1105 0.1105 0.11 0.11 0.1125 0.1125 0.1125 0.1075 0.1075 0.107 0.107 0.105 0.105 0.105 0.101 0.101 0.0975 0.0975 0.1015 0.1015 0.1015 0.101 0.101 0.0965 0.0965 0.099 0.099 0.099 0.0985 0.0985 0.1085 0.1085 0.103 0.103 0.115 0.115 0.115 0.1105 0.1105 0.11 0.11 0.1105 0.1105 0.1105 0.111 0.111 0.1085 0.1085 0.107 0.107 0.107 0.1045 0.1045 0.1065 0.1065 0.1005 0.1005 0.1005 0.106
0.1095 0.1095 0.1095 0.1095 0.1085 0.1085 0.1115 0.1115 0.1115 0.114 0.114 0.1055 0.1055 0.109 0.109 0.1115 0.1115 0.1115 0.1105 0.1105 0.11 0.11 0.1125 0.1125 0.1125 0.1075 0.1075 0.107 0.107 0.105 0.105 0.105 0.101 0.101 0.0975 0.0975 0.1015 0.1015 0.1015 0.101 0.101 0.0965 0.0965 0.099 0.099 0.099 0.0985 0.0985 0.1085 0.1085 0.103 0.103 0.115 0.115 0.115 0.1105 0.1105 0.11 0.11 0.1105 0.1105 0.1105 0.111 0.111 0.1085 0.1085 0.107 0.107 0.107 0.1045 0.1045 0.1065 0.1065 0.1005 0.1005 0.1005 0.106
0.1065 0.1065 0.1115 0.1115 0.116 0.116 0.1145 0.1145 0.1145 0.113 0.113 0.113 0.113 0.1105 0.1105 0.1125 0.1125 0.1125 0.109 0.109 0.1075 0.1075 0.111 0.111 0.111 0.103 0.103 0.1035 0.1035 0.09999999 0.09999999 0.09999999 0.1025 0.1025 0.0935 0.0935 0.107 0.107 0.107 0.1075 0.1075 0.0975 0.0975 0.1025 0.1025 0.1025 0.106 0.106 0.106 0.106 0.11 0.11 0.113 0.113 0.113 0.113 0.113 0.114 0.114 0.1135 0.1135 0.1135 0.1095 0.1095 0.1075 0.1075 0.112 0.112 0.112 0.1105 0.1105 0.115 0.115 0.1075 0.1075 0.1075 0.111
0.1065 0.1065 0.1115 0.1115 0.116 0.116 0.1145 0.1145 0.1145 0.113 0.113 0.113 0.113 0.1105 0.1105 0.1125 0.1125 0.1125 0.109 0.109 0.1075 0.1075 0.111 0.111 0.111 0.103 0.103 0.1035 0.1035 0.09999999 0.09999999 0.09999999 0.1025 0.1025 0.0935 0.0935 0.107 0.107 0.107 0.1075 0.1075 0.0975 0.0975 0.1025 0.1025 0.1025 0.106 0.106 0.106 0.106 0.11 0.11 0.113 0.113 0.113 0.113 0.113 0.114 0.114 0.1135 0.1135 0.1135 0.1095 0.1095 0.1075 0.1075 0.112 0.112 0.112 0.1105 0.1105 0.115 0.115 0.1075 0.1075 0.1075 0.111
0.1105 0.1105 0.113 0.113 0.114 0.114 0.1135 0.1135 0.1135 0.113 0.113 0.1135 0.1135 0.1155 0.1155 0.108 0.108 0.108 0.111 0.111 0.108 0.108 0.1085 0.1085 0.1085 0.112 0.112 0.1055 0.1055 0.1045 0.1045 0.1045 0.111 0.111 0.1105 0.1105 0.1055 0.1055 0.1055 0.1085 0.1085 0.108 0.108 0.112 0.112 0.112 0.118 0.118 0.1205 0.1205 0.1195 0.1195 0.113 0.113 0.113 0.114 0.114 0.118 0.118 0.116 0.116 0.116 0.1175 0.1175 0.113 0.113 0.1175 0.1175 0.1175 0.112 0.112 0.118 0.118 0.115 0.115 0.115 0.113
0.1105 0.1105 0.113 0.113 0.114 0.114 0.1135 0.1135 0.1135 0.113 0.113 0.1135 0.1135 0.1155 0.1155 0.108 0.108 0.108 0.111 0.111 0.108 0.108 0.1085 0.1085 0.1085 0.112 0.112 0.1055 0.1055 0.1045 0.1045 0.1045 0.111 0.111 0.1105 0.1105 0.1055 0.1055 0.1055 0.1085 0.1085 0.108 0.108 0.112 0.112 0.112 0.118 0.118 0.1205 0.1205 0.1195 0.1195 0.113 0.113 0.113 0.114 0.114 0.118 0.118 0.116 0.116 0.116 0.1175 0.1175 0.113 0.113 0.1175 0.1175 0.1175 0.112 0.112 0.118 0.118 0.115 0.115 0.115 0.113
0.109 0.109 0.113 0.113 0.1125 0.1125 0.121 0.121 0.121 0.1165 0.1165 0.1125 0.1125 0.1135 0.1135 0.11 0.11 0.11 0.1125 0.1125 0.112 0.112 0.1095 0.1095 0.1095 0.1165 0.1165 0.1195 0.1195 0.118 0.118 0.118 0.117 0.117 0.1205 0.1205 0.1165 0.1165 0.1165 0.111 0.111 0.1165 0.1165 0.12 0.12 0.12 0.1265 0.1265 0.1255 0.1255 0.1195 0.1195 0.1185 0.1185 0.1185 0.119 0.119 0.1215 0.1215 0.12 0.12 0.12 0.119 0.119 0.116 0.116 0.1175 0.1175 0.1175 0.1135 0.1135 0.1185 0.1185 0.1195 0.1195 0.1195 0.115
0.109 0.109 0.113 0.113 0.1125 0.1125 0.121 0.121 0.121 0.1165 0.1165 0.1125 0.1125 0.1135 0.1135 0.11 0.11 0.11 0.1125 0.1125 0.112 0.112 0.1095 0.1095 0.1095 0.1165 0.1165 0.1195 0.1195 0.118 0.118 0.118 0.117 0.117 0.1205 0.1205 0.1165 0.1165 0.1165 0.111 0.111 0.1165 0.1165 0.12 0.12 0.12 0.1265 0.1265 0.1255 0.1255 0.1195 0.1195 0.1185 0.1185 0.1185 0.119 0.119 0.1215 0.1215 0.12 0.12 0.12 0.119 0.119 0.116 0.116 0.1175 0.1175 0.1175 0.1135 0.1135 0.1185 0.1185 0.1195 0.1195 0.1195 0.115
0.1145 0.1145 0.124 0.124 0.1165 0.1165 0.1195 0.1195 0.1195 0.118 0.118 0.115 0.115 0.1185 0.1185 0.116 0.116 0.116 0.1185 0.1185 0.1135 0.1135 0.116 0.116 0.116 0.12 0.12 0.1185 0.1185 0.1155 0.1155 0.1155 0.1185 0.1185 0.1175 0.1175 0.12 0.12 0.12 0.1225 0.1225 0.128 0.128 0.123 0.123 0.123 0.1315 0.1315 0.125 0.125 0.126 0.126 0.1275 0.1275 0.1275 0.127 0.127 0.1235 0.1235 0.1225 0.1225 0.1225 0.125 0.125 0.1265 0.1265 0.1255 0.1255 0.1255 0.117 0.117 0.1215 0.1215 0.1175 0.1175 0.1175 0.128
0.1145 0.1145 0.124 0.124 0.1165 0.1165 0.1195 0.1195 0.1195 0.118 0.118 0.115 0.115 0.1185 0.1185 0.116 0.116 0.116 0.1185 0.1185 0.1135 0.1135 0.116 0.116 0.116 0.12 0.12 0.1185 0.1185 0.1155 0.1155 0.1155 0.1185 0.1185 0.1175 0.1175 0.12 0.12 0.12 0.1225 0.1225 0.128 0.128 0.123 0.123 0.123 0.1315 0.1315 0.125 0.125 0.126 0.126 0.1275 0.1275 0.1275 0.127 0.127 0.1235 0.1235 0.1225 0.1225 0.1225 0.125 0.125 0.1265 0.1265 0.1255 0.1255 0.1255 0.117 0.117 0.1215 0.1215 0.1175 0.1175 0.1175 0.128
0.1145 0.1145 0.124 0.124 0.1165 0.1165 0.1195 0.1195 0.1195 0.118 0.118 0.115 0.115 0.1185 0.1185 0.116 0.116 0.116 0.1185 0.1185 0.1135 0.1135 0.116 0.116 0.116 0.12 0.12 0.1185 0.1185 0.1155 0.1155 0.1155 0.1185 0.1185 0.1175 0.1175 0.12 0.12 0.12 0.1225 0.1225 0.128 0.128 0.123 0.123 0.123 0.1315 0.1315 0.125 0.125 0.126 0.126 0.1275 0.1275 0.1275 0.127 0.127 0.1235 0.1235 0.1225 0.1225 0.1225 0.125 0.125 0.1265 0.1265 0.1255 0.1255 0.1255 0.117 0.117 0.1215 0.1215 0.1175 0.1175 0.1175 0.128
0.1205 0.1205 0.1205 0.1205 0.1215 0.1215 0.122 0.122 0.122 0.1175 0.1175 0.114 0.114 0.12 0.12 0.119 0.119 0.119 0.122 0.122 0.123 0.123 0.123 0.123 0.123 0.12 0.12 0.12 0.12 0.1185 0.1185 0.1185 0.119 0.119 0.116 0.116 0.1175 0.1175 0.1175 0.121 0.121 0.128 0.128 0.133 0.133 0.133 0.137 0.137 0.1365 0.1365 0.13 0.13 0.1355 0.1355 0.1355 0.134 0.134 0.1295 0.1295 0.1295 0.1295 0.1295 0.1275 0.1275 0.1275 0.1275 0.1245 0.1245 0.1245 0.1185 0.1185 0.1185 0.1185 0.126 0.126 0.126 0.129
0.1205 0.1205 0.1205 0.1205 0.1215 0.1215 0.122 0.122 0.122 0.1175 0.1175 0.114 0.114 0.12 0.12 0.119 0.119 0.119 0.122 0.122 0.123 0.123 0.123 0.123 0.123 0.12 0.12 0.12 0.12 0.1185 0.1185 0.1185 0.119 0.119 0.116 0.116 0.1175 0.1175 0.1175 0.121 0.121 0.128 0.128 0.133 0.133 0.133 0.137 0.137 0.1365 0.1365 0.13 0.13 0.1355 0.1355 0.1355 0.134 0.134 0.1295 0.1295 0.1295 0.1295 0.1295 0.1275 0.1275 0.1275 0.1275 0.1245 0.1245 0.1245 0.1185 0.1185 0.1185 0.1185 0.126 0.126 0.126 0.129
0.122 0.122 0.122 0.122 0.1215 0.1215 0.121 0.121 0.121 0.1215 0.1215 0.122 0.122 0.122 0.122 0.1245 0.1245 0.1245 0.123 0.123 0.1265 0.1265 0.1215 0.1215 0.1215 0.124 0.124 0.122 0.122 0.121 0.121 0.121 0.1185 0.1185 0.122 0.122 0.117 0.117 0.117 0.1195 0.1195 0.128 0.128 0.1305 0.1305 0.1305 0.1395 0.1395 0.139 0.139 0.1295 0.1295 0.133 0.133 0.133 0.131 0.131 0.131 0.131 0.135 0.135 0.135 0.1355 0.1355 0.1325 0.1325 0.1275 0.1275 0.1275 0.119 0.119 0.118 0.118 0.1225 0.1225 0.1225 0.1235
0.122 0.122 0.122 0.122 0.1215 0.1215 0.121 0.121 0.121 0.1215 0.1215 0.122 0.122 0.122 0.122 0.1245 0.1245 0.1245 0.123 0.123 0.1265 0.1265 0.1215 0.1215 0.1215 0.124 0.124 0.122 0.122 0.121 0.121 0.121 0.1185 0.1185 0.122 0.122 0.117 0.117 0.117 0.1195 0.1195 0.128 0.128 0.1305 0.1305 0.1305 0.1395 0.1395 0.139 0.139 0.1295 0.1295 0.133 0.133 0.133 0.131 0.131 0.131 0.131 0.135 0.135 0.135 0.1355 0.1355 0.1325 0.1325 0.1275 0.1275 0.1275 0.119 0.119 0.118 0.118 0.1225 0.1225 0.1225 0.1235
0.1205 0.1205 0.1225 0.1225 0.123 0.123 0.123 0.123 0.123 0.1255 0.1255 0.123 0.123 0.1245 0.1245 0.1235 0.1235 0.1235 0.125 0.125 0.124 0.124 0.126 0.126 0.126 0.122 0.122 0.1205 0.1205 0.1285 0.1285 0.1285 0.125 0.125 0.1215 0.1215 0.1215 0.1215 0.1215 0.1205 0.1205 0.124 0.124 0.137 0.137 0.137 0.1385 0.1385 0.1345 0.1345 0.132 0.132 0.13 0.13 0.13 0.1255 0.1255 0.1335 0.1335 0.137 0.137 0.137 0.1395 0.1395 0.1355 0.1355 0.13 0.13 0.13 0.129 0.129 0.1295 0.1295 0.1185 0.1185 0.1185 0.123
0.1205 0.1205 0.1225 0.1225 0.123 0.123 0.123 0.123 0.123 0.1255 0.1255 0.123 0.123 0.1245 0.1245 0.1235 0.1235 0.1235 0.125 0.125 0.124 0.124 0.126 0.126 0.126 0.122 0.122 0.1205 0.1205 0.1285 0.1285 0.1285 0.125 0.125 0.1215 0.1215 0.1215 0.1215 0.1215 0.1205 0.1205 0.124 0.124 0.137 0.137 0.137 0.1385 0.1385 0.1345 0.1345 0.132 0.132 0.13 0.13 0.13 0.1255 0.1255 0.1335 0.1335 0.137 0.137 0.137 0.1395 0.1395 0.1355 0.1355 0.13 0.13 0.13 0.129 0.129 0.1295 0.1295 0.1185 0.1185 0.1185 0.123
0.1205 0.1205 0.1225 0.1225 0.123 0.123 0.123 0.123 0.123 0.1255 0.1255 0.123 0.123 0.1245 0.1245 0.1235 0.1235 0.1235 0.125 0.125 0.124 0.124 0.126 0.126 0.126 0.122 0.122 0.1205 0.1205 0.1285 0.1285 0.1285 0.125 0.125 0.1215 0.1215 0.1215 0.1215 0.1215 0.1205 0.1205 0.124 0.124 0.137 0.137 0.137 0.1385 0.1385 0.1345 0.1345 0.132 0.132 0.13 0.13 0.13 0.1255 0.1255 0.1335 0.1335 0.137 0.137 0.137 0.1395 0.1395 0.1355 0.1355 0.13 0.13 0.13 0.129 0.129 0.1295 0.1295 0.1185 0.1185 0.1185 0.123
0.1215 0.1215 0.123 0.123 0.1265 0.1265 0.1235 0.1235 0.1235 0.1275 0.1275 0.127 0.127 0.1275 0.1275 0.127 0.127 0.127 0.1265 0.1265 0.1255 0.1255 0.1235 0.1235 0.1235 0.1255 0.1255 0.1325 0.1325 0.1315 0.1315 0.1315 0.1315 0.1315 0.1315 0.1315 0.1295 0.1295 0.1295 0.128 0.128 0.1455 0.1455 0.1505 0.1505 0.1505 0.1525 0.1525 0.146 0.146 0.1325 0.1325 0.13 0.13 0.13 0.1275 0.1275 0.1305 0.1305 0.1385 0.1385 0.1385 0.152 0.152 0.1345 0.1345 0.135 0.135 0.135 0.132 0.132 0.134 0.134 0.1325 0.1325 0.1325 0.1195
0.1215 0.1215 0.123 0.123 0.1265 0.1265 0.1235 0.1235 0.1235 0.1275 0.1275 0.127 0.127 0.1275 0.1275 0.127 0.127 0.127 0.1265 0.1265 0.1255 0.1255 0.1235 0.1235 0.1235 0.1255 0.1255 0.1325 0.1325 0.1315 0.1315 0.1315 0.1315 0.1315 0.1315 0.1315 0.1295 0.1295 0.1295 0.128 0.128 0.1455 0.1455 0.1505 0.1505 0.1505 0.1525 0.1525 0.146 0.146 0.1325 0.1325 0.13 0.13 0.13 0.1275 0.1275 0.1305 0.1305 0.1385 0.1385 0.1385 0.152 0.152 0.1345 0.1345 0.135 0.135 0.135 0.132 0.132 0.134 0.134 0.1325 0.1325 0.1325 0.1195
0.1275 0.1275 0.1245 0.1245 0.1285 0.1285 0.134 0.134 0.134 0.1355 0.1355 0.1375 0.1375 0.1345 0.1345 0.134 0.134 0.134 0.136 0.136 0.131 0.131 0.133 0.133 0.133 0.131 0.131 0.1365 0.1365 0.139 0.139 0.139 0.1345 0.1345 0.1315 0.1315 0.13 0.13 0.13 0.1325 0.1325 0.144 0.144 0.1515 0.1515 0.1515 0.1535 0.1535 0.156 0.156 0.1545 0.1545 0.1185 0.1185 0.1185 0.122 0.122 0.126 0.126 0.1385 0.1385 0.1385 0.145 0.145 0.1435 0.1435 0.1375 0.1375 0.1375 0.1325 0.1325 0.134 0.134 0.135 0.135 0.135 0.1285
0.1275 0.1275 0.1245 0.1245 0.1285 0.1285 0.134 0.134 0.134 0.1355 0.1355 0.1375 0.1375 0.1345 0.1345 0.134 0.134 0.134 0.136 0.136 0.131 0.131 0.133 0.133 0.133 0.131 0.131 0.1365 0.1365 0.139 0.139 0.139 0.1345 0.1345 0.1315 0.1315 0.13 0.13 0.13 0.1325 0.1325 0.144 0.144 0.1515 0.1515 0.1515 0.1535 0.1535 0.156 0.156 0.1545 0.1545 0.1185 0.1185 0.1185 0.122 0.122 0.126 0.126 0.1385 0.1385 0.1385 0.145 0.145 0.1435 0.1435 0.1375 0.1375 0.1375 0.1325 0.1325 0.134 0.134 0.135 0.135 0.135 0.1285
0.135 0.135 0.134 0.134 0.1335 0.1335 0.134 0.134 0.134 0.139 0.139 0.143 0.143 0.1425 0.1425 0.144 0.144 0.144 0.141 0.141 0.137 0.137 0.136 0.136 0.136 0.1405 0.1405 0.1385 0.1385 0.1335 0.1335 0.1335 0.138 0.138 0.14 0.14 0.1335 0.1335 0.1335 0.1315 0.1315 0.142 0.142 0.158 0.158 0.158 0.1545 0.1545 0.154 0.154 0.1455 0.1455 0.141 0.141 0.141 0.1325 0.1325 0.131 0.131 0.1365 0.1365 0.1365 0.1455 0.1455 0.1475 0.1475 0.1415 0.1415 0.1415 0.13 0.13 0.1205 0.1205 0.129 0.129 0.129 0.13
0.135 0.135 0.134 0.134 0.1335 0.1335 0.134 0.134 0.134 0.139 0.139 0.143 0.143 0.1425 0.1425 0.144 0.144 0.144 0.141 0.141 0.137 0.137 0.136 0.136 0.136 0.1405 0.1405 0.1385 0.1385 0.1335 0.1335 0.1335 0.138 0.138 0.14 0.14 0.1335 0.1335 0.1335 0.1315 0.1315 0.142 0.142 0.158 0.158 0.158 0.1545 0.1545 0.154 0.154 0.1455 0.1455 0.141 0.141 0.141 0.1325 0.1325 0.131 0.131 0.1365 0.1365 0.1365 0.1455 0.1455 0.1475 0.1475 0.1415 0.1415 0.1415 0.13 0.13 0.1205 0.1205 0.129 0.129 0.129 0.13
0.135 0.135 0.134 0.134 0.1335 0.1335 0.134 0.134 0.134 0.139 0.139 0.143 0.143 0.1425 0.1425 0.144 0.144 0.144 0.141 0.141 0.137 0.137 0.136 0.136 0.136 0.1405 0.1405 0.1385 0.1385 0.1335 0.1335 0.1335 0.138 0.138 0.14 0.14 0.1335 0.1335 0.1335 0.1315 0.1315 0.142 0.142 0.158 0.158 0.158 0.1545 0.1545 0.154 0.154 0.1455 0.1455 0.141 0.141 0.141 0.1325 0.1325 0.131 0.131 0.1365 0.1365 0.1365 0.1455 0.1455 0.1475 0.1475 0.1415 0.1415 0.1415 0.13 0.13 0.1205 0.1205 0.129 0.129 0.129 0.13
0.1315 0.1315 0.1435 0.1435 0.1375 0.1375 0.143 0.143 0.143 0.148 0.148 0.156 0.156 0.149 0.149 0.1485 0.1485 0.1485 0.142 0.142 0.137 0.137 0.1365 0.1365 0.1365 0.14 0.14 0.1425 0.1425 0.1435 0.1435 0.1435 0.139 0.139 0.1425 0.1425 0.1415 0.1415 0.1415 0.136 0.136 0.1475 0.1475 0.144 0.144 0.144 0.1395 0.1395 0.153 0.153 0.1415 0.1415 0.149 0.149 0.149 0.138 0.138 0.1345 0.1345 0.1315 0.1315 0.1315 0.143 0.143 0.1415 0.1415 0.149 0.149 0.149 0.1365 0.1365 0.124 0.124 0.126 0.126 0.126 0.125
0.1315 0.1315 0.1435 0.1435 0.1375 0.1375 0.143 0.143 0.143 0.148 0.148 0.156 0.156 0.149 0.149 0.1485 0.1485 0.1485 0.142 0.142 0.137 0.137 0.1365 0.1365 0.1365 0.14 0.14 0.1425 0.1425 0.1435 0.1435 0.1435 0.139 0.139 0.1425 0.1425 0.1415 0.1415 0.1415 0.136 0.136 0.1475 0.1475 0.144 0.144 0.144 0.1395 0.1395 0.153 0.153 0.1415 0.1415 0.149 0.149 0.149 0.138 0.138 0.1345 0.1345 0.1315 0.1315 0.1315 0.143 0.143 0.1415 0.1415 0.149 0.149 0.149 0.1365 0.1365 0.124 0.124 0.126 0.126 0.126 0.125
0.1455 0.1455 0.149 0.149 0.142 0.142 0.1525 0.1525 0.1525 0.145 0.145 0.1565 0.1565 0.159 0.159 0.1605 0.1605 0.1605 0.1525 0.1525 0.149 0.149 0.141 0.141 0.141 0.1445 0.1445 0.144 0.144 0.1445 0.1445 0.1445 0.1405 0.1405 0.146 0.146 0.146 0.146 0.146 0.147 0.147 0.143 0.143 0.149 0.149 0.149 0.138 0.138 0.139 0.139 0.151 0.151 0.1535 0.1535 0.1535 0.1525 0.1525 0.151 0.151 0.1535 0.1535 0.1535 0.151 0.151 0.154 0.154 0.151 0.151 0.151 0.138 0.138 0.1305 0.1305 0.126 0.126 0.126 0.1415
0.1455 0.1455 0.149 0.149 0.142 0.142 0.1525 0.1525 0.1525 0.145 0.145 0.1565 0.1565 0.159 0.159 0.1605 0.1605 0.1605 0.1525 0.1525 0.149 0.149 0.141 0.141 0.141 0.1445 0.1445 0.144 0.144 0.1445 0.1445 0.1445 0.1405 0.1405 0.146 0.146 0.146 0.146 0.146 0.147 0.147 0.143 0.143 0.149 0.149 0.149 0.138 0.138 0.139 0.139 0.151 0.151 0.1535 0.1535 0.1535 0.1525 0.1525 0.151 0.151 0.1535 0.1535 0.1535 0.151 0.151 0.154 0.154 0.151 0.151 0.151 0.138 0.138 0.1305 0.1305 0.126 0.126 0.126 0.1415
0.1485 0.1485 0.1455 0.1455 0.142 0.142 0.1425 0.1425 0.1425 0.1445 0.1445 0.154 0.154 0.166 0.166 0.1595 0.1595 0.1595 0.151 0.151 0.15 0.15 0.151 0.151 0.151 0.151 0.151 0.149 0.149 0.1465 0.1465 0.1465 0.155 0.155 0.153 0.153 0.1475 0.1475 0.1475 0.151 0.151 0.1465 0.1465 0.158 0.158 0.158 0.166 0.166 0.16 0.16 0.1595 0.1595 0.155 0.155 0.155 0.151 0.151 0.161 0.161 0.17 0.17 0.17 0.1675 0.1675 0.1735 0.1735 0.166 0.166 0.166 0.161 0.161 0.1355 0.1355 0.146 0.146 0.146 0.1415
0.1485 0.1485 0.1455 0.1455 0.142 0.142 0.1425 0.1425 0.1425 0.1445 0.1445 0.154 0.154 0.166 0.166 0.1595 0.1595 0.1595 0.151 0.151 0.15 0.15 0.151 0.151 0.151 0.151 0.151 0.149 0.149 0.1465 0.1465 0.1465 0.155 0.155 0.153 0.153 0.1475 0.1475 0.1475 0.151 0.151 0.1465 0.1465 0.158 0.158 0.158 0.166 0.166 0.16 0.16 0.1595 0.1595 0.155 0.155 0.155 0.151 0.151 0.161 0.161 0.17 0.17 0.17 0.1675 0.1675 0.1735 0.1735 0.166 0.166 0.166 0.161 0.161 0.1355 0.1355 0.146 0.146 0.146 0.1415
0.149 0.149 0.149 0.149 0.145 0.145 0.1435 0.1435 0.1435 0.148 0.148 0.1505 0.1505 0.154 0.154 0.1535 0.1535 0.1535 0.1555 0.1555 0.153 0.153 0.1575 0.1575 0.1575 0.1655 0.1655 0.1585 0.1585 0.161 0.161 0.161 0.1575 0.1575 0.1595 0.1595 0.153 0.153 0.153 0.1565 0.1565 0.1495 0.1495 0.167 0.167 0.167 0.1625 0.1625 0.1535 0.1535 0.155 0.155 0.1575 0.1575 0.1575 0.1535 0.1535 0.165 0.165 0.1655 0.1655 0.1655 0.1705 0.1705 0.171 0.171 0.176 0.176 0.176 0.1655 0.1655 0.1495 0.1495 0.119 0.119 0.119 0.1425
