ndvi/NOAA-235.asc
ncols         252
nrows         154
xllcorner     -18.017974
yllcorner     13.481982
cellsize      0.035948
NODATA_value  -9999
[rows 68 to 101 of 154, columns 156 to 233 of 252]
0.1875 0.17 0.17 0.17 0.1615 0.1615 0.194 0.194 0.2 0.2 0.221 0.221 0.221 0.2455 0.2455 0.273 0.273 0.2505 0.2505 0.2505 0.252 0.252 0.255 0.255 0.241 0.241 0.241 0.261 0.261 0.2505 0.2505 0.269 0.269 0.269 0.247 0.247 0.2355 0.2355 0.2485 0.2485 0.2485 0.2615 0.2615 0.257 0.257 0.2435 0.2435 0.25 0.25 0.25 0.2505 0.2505 0.276 0.276 0.241 0.241 0.241 0.2415 0.2415 0.2265 0.2265 0.2305 0.2305 0.2305 0.2235 0.2235 0.2515 0.2515 0.252 0.252 0.252 0.236 0.236 0.239 0.239 0.208 0.208 0.208
0.1945 0.189 0.189 0.189 0.214 0.214 0.1885 0.1885 0.193 0.193 0.2565 0.2565 0.2565 0.2745 0.2745 0.232 0.232 0.234 0.234 0.234 0.236 0.236 0.245 0.245 0.242 0.242 0.242 0.2455 0.2455 0.24 0.24 0.2175 0.2175 0.2175 0.2225 0.2225 0.238 0.238 0.2465 0.2465 0.2465 0.2545 0.2545 0.225 0.225 0.2245 0.2245 0.242 0.242 0.242 0.261 0.261 0.2895 0.2895 0.3005 0.3005 0.3005 0.2485 0.2485 0.2335 0.2335 0.209 0.209 0.209 0.216 0.216 0.2635 0.2635 0.2665 0.2665 0.2665 0.276 0.276 0.2405 0.2405 0.2135 0.2135 0.2135
0.1945 0.189 0.189 0.189 0.214 0.214 0.1885 0.1885 0.193 0.193 0.2565 0.2565 0.2565 0.2745 0.2745 0.232 0.232 0.234 0.234 0.234 0.236 0.236 0.245 0.245 0.242 0.242 0.242 0.2455 0.2455 0.24 0.24 0.2175 0.2175 0.2175 0.2225 0.2225 0.238 0.238 0.2465 0.2465 0.2465 0.2545 0.2545 0.225 0.225 0.2245 0.2245 0.242 0.242 0.242 0.261 0.261 0.2895 0.2895 0.3005 0.3005 0.3005 0.2485 0.2485 0.2335 0.2335 0.209 0.209 0.209 0.216 0.216 0.2635 0.2635 0.2665 0.2665 0.2665 0.276 0.276 0.2405 0.2405 0.2135 0.2135 0.2135
0.203 0.2145 0.2145 0.2145 0.2225 0.2225 0.1925 0.1925 0.214 0.214 0.254 0.254 0.254 0.2465 0.2465 0.248 0.248 0.211 0.211 0.211 0.219 0.219 0.226 0.226 0.2375 0.2375 0.2375 0.239 0.239 0.2545 0.2545 0.245 0.245 0.245 0.2615 0.2615 0.2725 0.2725 0.269 0.269 0.269 0.247 0.247 0.2675 0.2675 0.272 0.272 0.274 0.274 0.274 0.3165 0.3165 0.32 0.32 0.356 0.356 0.356 0.2955 0.2955 0.2875 0.2875 0.239 0.239 0.239 0.2675 0.2675 0.2535 0.2535 0.2875 0.2875 0.2875 0.2715 0.2715 0.247 0.247 0.269 0.269 0.269
0.203 0.2145 0.2145 0.2145 0.2225 0.2225 0.1925 0.1925 0.214 0.214 0.254 0.254 0.254 0.2465 0.2465 0.248 0.248 0.211 0.211 0.211 0.219 0.219 0.226 0.226 0.2375 0.2375 0.2375 0.239 0.239 0.2545 0.2545 0.245 0.245 0.245 0.2615 0.2615 0.2725 0.2725 0.269 0.269 0.269 0.247 0.247 0.2675 0.2675 0.272 0.272 0.274 0.274 0.274 0.3165 0.3165 0.32 0.32 0.356 0.356 0.356 0.2955 0.2955 0.2875 0.2875 0.239 0.239 0.239 0.2675 0.2675 0.2535 0.2535 0.2875 0.2875 0.2875 0.2715 0.2715 0.247 0.247 0.269 0.269 0.269
0.203 0.2145 0.2145 0.2145 0.2225 0.2225 0.1925 0.1925 0.214 0.214 0.254 0.254 0.254 0.2465 0.2465 0.248 0.248 0.211 0.211 0.211 0.219 0.219 0.226 0.226 0.2375 0.2375 0.2375 0.239 0.239 0.2545 0.2545 0.245 0.245 0.245 0.2615 0.2615 0.2725 0.2725 0.269 0.269 0.269 0.247 0.247 0.2675 0.2675 0.272 0.272 0.274 0.274 0.274 0.3165 0.3165 0.32 0.32 0.356 0.356 0.356 0.2955 0.2955 0.2875 0.2875 0.239 0.239 0.239 0.2675 0.2675 0.2535 0.2535 0.2875 0.2875 0.2875 0.2715 0.2715 0.247 0.247 0.269 0.269 0.269
0.193 0.2035 0.2035 0.2035 0.188 0.188 0.1865 0.1865 0.193 0.193 0.2135 0.2135 0.2135 0.2585 0.2585 0.2305 0.2305 0.2145 0.2145 0.2145 0.217 0.217 0.212 0.212 0.2325 0.2325 0.2325 0.254 0.254 0.256 0.256 0.2985 0.2985 0.2985 0.335 0.335 0.3285 0.3285 0.2985 0.2985 0.2985 0.2865 0.2865 0.308 0.308 0.306 0.306 0.321 0.321 0.321 0.3535 0.3535 0.3295 0.3295 0.31 0.31 0.31 0.323 0.323 0.3085 0.3085 0.275 0.275 0.275 0.282 0.282 0.2455 0.2455 0.2775 0.2775 0.2775 0.266 0.266 0.256 0.256 0.2855 0.2855 0.2855
0.193 0.2035 0.2035 0.2035 0.188 0.188 0.1865 0.1865 0.193 0.193 0.2135 0.2135 0.2135 0.2585 0.2585 0.2305 0.2305 0.2145 0.2145 0.2145 0.217 0.217 0.212 0.212 0.2325 0.2325 0.2325 0.254 0.254 0.256 0.256 0.2985 0.2985 0.2985 0.335 0.335 0.3285 0.3285 0.2985 0.2985 0.2985 0.2865 0.2865 0.308 0.308 0.306 0.306 0.321 0.321 0.321 0.3535 0.3535 0.3295 0.3295 0.31 0.31 0.31 0.323 0.323 0.3085 0.3085 0.275 0.275 0.275 0.282 0.282 0.2455 0.2455 0.2775 0.2775 0.2775 0.266 0.266 0.256 0.256 0.2855 0.2855 0.2855
0.1875 0.211 0.211 0.211 0.159 0.159 0.1815 0.1815 0.1795 0.1795 0.229 0.229 0.229 0.259 0.259 0.236 0.236 0.2395 0.2395 0.2395 0.236 0.236 0.2155 0.2155 0.2535 0.2535 0.2535 0.296 0.296 0.303 0.303 0.3275 0.3275 0.3275 0.3105 0.3105 0.326 0.326 0.328 0.328 0.328 0.339 0.339 0.3045 0.3045 0.313 0.313 0.328 0.328 0.328 0.3345 0.3345 0.3495 0.3495 0.3415 0.3415 0.3415 0.3255 0.3255 0.307 0.307 0.324 0.324 0.324 0.3065 0.3065 0.276 0.276 0.2745 0.2745 0.2745 0.2705 0.2705 0.2675 0.2675 0.291 0.291 0.291
0.1875 0.211 0.211 0.211 0.159 0.159 0.1815 0.1815 0.1795 0.1795 0.229 0.229 0.229 0.259 0.259 0.236 0.236 0.2395 0.2395 0.2395 0.236 0.236 0.2155 0.2155 0.2535 0.2535 0.2535 0.296 0.296 0.303 0.303 0.3275 0.3275 0.3275 0.3105 0.3105 0.326 0.326 0.328 0.328 0.328 0.339 0.339 0.3045 0.3045 0.313 0.313 0.328 0.328 0.328 0.3345 0.3345 0.3495 0.3495 0.3415 0.3415 0.3415 0.3255 0.3255 0.307 0.307 0.324 0.324 0.324 0.3065 0.3065 0.276 0.276 0.2745 0.2745 0.2745 0.2705 0.2705 0.2675 0.2675 0.291 0.291 0.291
0.134 0.1555 0.1555 0.1555 0.157 0.157 0.174 0.174 0.19 0.19 0.2275 0.2275 0.2275 0.2635 0.2635 0.245 0.245 0.228 0.228 0.228 0.221 0.221 0.244 0.244 0.273 0.273 0.273 0.315 0.315 0.281 0.281 0.292 0.292 0.292 0.2905 0.2905 0.2955 0.2955 0.2805 0.2805 0.2805 0.2795 0.2795 0.329 0.329 0.291 0.291 0.2905 0.2905 0.2905 0.31 0.31 0.2815 0.2815 0.3165 0.3165 0.3165 0.333 0.333 0.353 0.353 0.384 0.384 0.384 0.357 0.357 0.3465 0.3465 0.3185 0.3185 0.3185 0.3095 0.3095 0.305 0.305 0.28 0.28 0.28
0.134 0.1555 0.1555 0.1555 0.157 0.157 0.174 0.174 0.19 0.19 0.2275 0.2275 0.2275 0.2635 0.2635 0.245 0.245 0.228 0.228 0.228 0.221 0.221 0.244 0.244 0.273 0.273 0.273 0.315 0.315 0.281 0.281 0.292 0.292 0.292 0.2905 0.2905 0.2955 0.2955 0.2805 0.2805 0.2805 0.2795 0.2795 0.329 0.329 0.291 0.291 0.2905 0.2905 0.2905 0.31 0.31 0.2815 0.2815 0.3165 0.3165 0.3165 0.333 0.333 0.353 0.353 0.384 0.384 0.384 0.357 0.357 0.3465 0.3465 0.3185 0.3185 0.3185 0.3095 0.3095 0.305 0.305 0.28 0.28 0.28
0.152 0.1395 0.1395 0.1395 0.15 0.15 0.175 0.175 0.201 0.201 0.25 0.25 0.25 0.253 0.253 0.258 0.258 0.2735 0.2735 0.2735 0.268 0.268 0.2715 0.2715 0.317 0.317 0.317 0.317 0.317 0.28 0.28 0.2835 0.2835 0.2835 0.2575 0.2575 0.2335 0.2335 0.2525 0.2525 0.2525 0.2845 0.2845 0.2755 0.2755 0.3055 0.3055 0.2915 0.2915 0.2915 0.319 0.319 0.3365 0.3365 0.313 0.313 0.313 0.297 0.297 0.3005 0.3005 0.3185 0.3185 0.3185 0.3535 0.3535 0.3405 0.3405 0.37 0.37 0.37 0.4 0.4 0.3605 0.3605 0.3675 0.3675 0.3675
0.152 0.1395 0.1395 0.1395 0.15 0.15 0.175 0.175 0.201 0.201 0.25 0.25 0.25 0.253 0.253 0.258 0.258 0.2735 0.2735 0.2735 0.268 0.268 0.2715 0.2715 0.317 0.317 0.317 0.317 0.317 0.28 0.28 0.2835 0.2835 0.2835 0.2575 0.2575 0.2335 0.2335 0.2525 0.2525 0.2525 0.2845 0.2845 0.2755 0.2755 0.3055 0.3055 0.2915 0.2915 0.2915 0.319 0.319 0.3365 0.3365 0.313 0.313 0.313 0.297 0.297 0.3005 0.3005 0.3185 0.3185 0.3185 0.3535 0.3535 0.3405 0.3405 0.37 0.37 0.37 0.4 0.4 0.3605 0.3605 0.3675 0.3675 0.3675
0.152 0.1395 0.1395 0.1395 0.15 0.15 0.175 0.175 0.201 0.201 0.25 0.25 0.25 0.253 0.253 0.258 0.258 0.2735 0.2735 0.2735 0.268 0.268 0.2715 0.2715 0.317 0.317 0.317 0.317 0.317 0.28 0.28 0.2835 0.2835 0.2835 0.2575 0.2575 0.2335 0.2335 0.2525 0.2525 0.2525 0.2845 0.2845 0.2755 0.2755 0.3055 0.3055 0.2915 0.2915 0.2915 0.319 0.319 0.3365 0.3365 0.313 0.313 0.313 0.297 0.297 0.3005 0.3005 0.3185 0.3185 0.3185 0.3535 0.3535 0.3405 0.3405 0.37 0.37 0.37 0.4 0.4 0.3605 0.3605 0.3675 0.3675 0.3675
0.173 0.15 0.15 0.15 0.157 0.157 0.197 0.197 0.248 0.248 0.263 0.263 0.263 0.3005 0.3005 0.3335 0.3335 0.3275 0.3275 0.3275 0.375 0.375 0.33 0.33 0.277 0.277 0.277 0.2625 0.2625 0.2245 0.2245 0.236 0.236 0.236 0.2505 0.2505 0.2445 0.2445 0.25 0.25 0.25 0.2715 0.2715 0.277 0.277 0.2685 0.2685 0.313 0.313 0.313 0.329 0.329 0.337 0.337 0.3615 0.3615 0.3615 0.3785 0.3785 0.3285 0.3285 0.355 0.355 0.355 0.3555 0.3555 0.375 0.375 0.373 0.373 0.373 0.4165 0.4165 0.3965 0.3965 0.3575 0.3575 0.3575
0.173 0.15 0.15 0.15 0.157 0.157 0.197 0.197 0.248 0.248 0.263 0.263 0.263 0.3005 0.3005 0.3335 0.3335 0.3275 0.3275 0.3275 0.375 0.375 0.33 0.33 0.277 0.277 0.277 0.2625 0.2625 0.2245 0.2245 0.236 0.236 0.236 0.2505 0.2505 0.2445 0.2445 0.25 0.25 0.25 0.2715 0.2715 0.277 0.277 0.2685 0.2685 0.313 0.313 0.313 0.329 0.329 0.337 0.337 0.3615 0.3615 0.3615 0.3785 0.3785 0.3285 0.3285 0.355 0.355 0.355 0.3555 0.3555 0.375 0.375 0.373 0.373 0.373 0.4165 0.4165 0.3965 0.3965 0.3575 0.3575 0.3575
0.1765 0.206 0.206 0.206 0.161 0.161 0.2505 0.2505 0.2505 0.2505 0.273 0.273 0.273 0.3485 0.3485 0.3705 0.3705 0.3615 0.3615 0.3615 0.3535 0.3535 0.3395 0.3395 0.279 0.279 0.279 0.2745 0.2745 0.2605 0.2605 0.231 0.231 0.231 0.275 0.275 0.261 0.261 0.284 0.284 0.284 0.2945 0.2945 0.2705 0.2705 0.2815 0.2815 0.296 0.296 0.296 0.324 0.324 0.3185 0.3185 0.3735 0.3735 0.3735 0.354 0.354 0.328 0.328 0.3695 0.3695 0.3695 0.3635 0.3635 0.3565 0.3565 0.3915 0.3915 0.3915 0.381 0.381 0.3815 0.3815 0.3305 0.3305 0.3305
0.1765 0.206 0.206 0.206 0.161 0.161 0.2505 0.2505 0.2505 0.2505 0.273 0.273 0.273 0.3485 0.3485 0.3705 0.3705 0.3615 0.3615 0.3615 0.3535 0.3535 0.3395 0.3395 0.279 0.279 0.279 0.2745 0.2745 0.2605 0.2605 0.231 0.231 0.231 0.275 0.275 0.261 0.261 0.284 0.284 0.284 0.2945 0.2945 0.2705 0.2705 0.2815 0.2815 0.296 0.296 0.296 0.324 0.324 0.3185 0.3185 0.3735 0.3735 0.3735 0.354 0.354 0.328 0.328 0.3695 0.3695 0.3695 0.3635 0.3635 0.3565 0.3565 0.3915 0.3915 0.3915 0.381 0.381 0.3815 0.3815 0.3305 0.3305 0.3305
0.188 0.208 0.208 0.208 0.215 0.215 0.2375 0.2375 0.2825 0.2825 0.3115 0.3115 0.3115 0.3335 0.3335 0.3755 0.3755 0.3765 0.3765 0.3765 0.3755 0.3755 0.358 0.358 0.291 0.291 0.291 0.248 0.248 0.249 0.249 0.2705 0.2705 0.2705 0.269 0.269 0.262 0.262 0.286 0.286 0.286 0.3045 0.3045 0.258 0.258 0.264 0.264 0.2935 0.2935 0.2935 0.3525 0.3525 0.3325 0.3325 0.349 0.349 0.349 0.3525 0.3525 0.3115 0.3115 0.33 0.33 0.33 0.367 0.367 0.335 0.335 0.313 0.313 0.313 0.3395 0.3395 0.336 0.336 0.2865 0.2865 0.2865
0.188 0.208 0.208 0.208 0.215 0.215 0.2375 0.2375 0.2825 0.2825 0.3115 0.3115 0.3115 0.3335 0.3335 0.3755 0.3755 0.3765 0.3765 0.3765 0.3755 0.3755 0.358 0.358 0.291 0.291 0.291 0.248 0.248 0.249 0.249 0.2705 0.2705 0.2705 0.269 0.269 0.262 0.262 0.286 0.286 0.286 0.3045 0.3045 0.258 0.258 0.264 0.264 0.2935 0.2935 0.2935 0.3525 0.3525 0.3325 0.3325 0.349 0.349 0.349 0.3525 0.3525 0.3115 0.3115 0.33 0.33 0.33 0.367 0.367 0.335 0.335 0.313 0.313 0.313 0.3395 0.3395 0.336 0.336 0.2865 0.2865 0.2865
0.188 0.208 0.208 0.208 0.215 0.215 0.2375 0.2375 0.2825 0.2825 0.3115 0.3115 0.3115 0.3335 0.3335 0.3755 0.3755 0.3765 0.3765 0.3765 0.3755 0.3755 0.358 0.358 0.291 0.291 0.291 0.248 0.248 0.249 0.249 0.2705 0.2705 0.2705 0.269 0.269 0.262 0.262 0.286 0.286 0.286 0.3045 0.3045 0.258 0.258 0.264 0.264 0.2935 0.2935 0.2935 0.3525 0.3525 0.3325 0.3325 0.349 0.349 0.349 0.3525 0.3525 0.3115 0.3115 0.33 0.33 0.33 0.367 0.367 0.335 0.335 0.313 0.313 0.313 0.3395 0.3395 0.336 0.336 0.2865 0.2865 0.2865
0.232 0.2035 0.2035 0.2035 0.21 0.21 0.256 0.256 0.293 0.293 0.361 0.361 0.361 0.4145 0.4145 0.3985 0.3985 0.3915 0.3915 0.3915 0.3595 0.3595 0.2775 0.2775 0.239 0.239 0.239 0.2625 0.2625 0.2895 0.2895 0.284 0.284 0.284 0.2835 0.2835 0.3195 0.3195 0.2605 0.2605 0.2605 0.2685 0.2685 0.243 0.243 0.3005 0.3005 0.3415 0.3415 0.3415 0.3385 0.3385 0.2595 0.2595 0.3335 0.3335 0.3335 0.338 0.338 0.314 0.314 0.335 0.335 0.335 0.3295 0.3295 0.3015 0.3015 0.2835 0.2835 0.2835 0.3425 0.3425 0.336 0.336 0.3185 0.3185 0.3185
0.232 0.2035 0.2035 0.2035 0.21 0.21 0.256 0.256 0.293 0.293 0.361 0.361 0.361 0.4145 0.4145 0.3985 0.3985 0.3915 0.3915 0.3915 0.3595 0.3595 0.2775 0.2775 0.239 0.239 0.239 0.2625 0.2625 0.2895 0.2895 0.284 0.284 0.284 0.2835 0.2835 0.3195 0.3195 0.2605 0.2605 0.2605 0.2685 0.2685 0.243 0.243 0.3005 0.3005 0.3415 0.3415 0.3415 0.3385 0.3385 0.2595 0.2595 0.3335 0.3335 0.3335 0.338 0.338 0.314 0.314 0.335 0.335 0.335 0.3295 0.3295 0.3015 0.3015 0.2835 0.2835 0.2835 0.3425 0.3425 0.336 0.336 0.3185 0.3185 0.3185
0.2305 0.229 0.229 0.229 0.225 0.225 0.3145 0.3145 0.3495 0.3495 0.394 0.394 0.394 0.392 0.392 0.3895 0.3895 0.3685 0.3685 0.3685 0.3535 0.3535 0.3245 0.3245 0.2915 0.2915 0.2915 0.2715 0.2715 0.2645 0.2645 0.285 0.285 0.285 0.3605 0.3605 0.3175 0.3175 0.2535 0.2535 0.2535 0.259 0.259 0.2625 0.2625 0.311 0.311 0.323 0.323 0.323 0.2515 0.2515 0.239 0.239 0.317 0.317 0.317 0.304 0.304 0.318 0.318 0.324 0.324 0.324 0.3935 0.3935 0.36 0.36 0.2865 0.2865 0.2865 0.329 0.329 0.2985 0.2985 0.328 0.328 0.328
0.2305 0.229 0.229 0.229 0.225 0.225 0.3145 0.3145 0.3495 0.3495 0.394 0.394 0.394 0.392 0.392 0.3895 0.3895 0.3685 0.3685 0.3685 0.3535 0.3535 0.3245 0.3245 0.2915 0.2915 0.2915 0.2715 0.2715 0.2645 0.2645 0.285 0.285 0.285 0.3605 0.3605 0.3175 0.3175 0.2535 0.2535 0.2535 0.259 0.259 0.2625 0.2625 0.311 0.311 0.323 0.323 0.323 0.2515 0.2515 0.239 0.239 0.317 0.317 0.317 0.304 0.304 0.318 0.318 0.324 0.324 0.324 0.3935 0.3935 0.36 0.36 0.2865 0.2865 0.2865 0.329 0.329 0.2985 0.2985 0.328 0.328 0.328
0.27 0.23 0.23 0.23 0.241 0.241 0.288 0.288 0.304 0.304 0.3835 0.3835 0.3835 0.4055 0.4055 0.36 0.36 0.3635 0.3635 0.3635 0.3465 0.3465 0.3155 0.3155 0.2485 0.2485 0.2485 0.268 0.268 0.265 0.265 0.2595 0.2595 0.2595 0.249 0.249 0.246 0.246 0.2875 0.2875 0.2875 0.291 0.291 0.3295 0.3295 0.28 0.28 0.2835 0.2835 0.2835 0.306 0.306 0.285 0.285 0.302 0.302 0.302 0.319 0.319 0.3485 0.3485 0.354 0.354 0.354 0.354 0.354 0.3285 0.3285 0.3235 0.3235 0.3235 0.3035 0.3035 0.3215 0.3215 0.308 0.308 0.308
0.27 0.23 0.23 0.23 0.241 0.241 0.288 0.288 0.304 0.304 0.3835 0.3835 0.3835 0.4055 0.4055 0.36 0.36 0.3635 0.3635 0.3635 0.3465 0.3465 0.3155 0.3155 0.2485 0.2485 0.2485 0.268 0.268 0.265 0.265 0.2595 0.2595 0.2595 0.249 0.249 0.246 0.246 0.2875 0.2875 0.2875 0.291 0.291 0.3295 0.3295 0.28 0.28 0.2835 0.2835 0.2835 0.306 0.306 0.285 0.285 0.302 0.302 0.302 0.319 0.319 0.3485 0.3485 0.354 0.354 0.354 0.354 0.354 0.3285 0.3285 0.3235 0.3235 0.3235 0.3035 0.3035 0.3215 0.3215 0.308 0.308 0.308
0.27 0.23 0.23 0.23 0.241 0.241 0.288 0.288 0.304 0.304 0.3835 0.3835 0.3835 0.4055 0.4055 0.36 0.36 0.3635 0.3635 0.3635 0.3465 0.3465 0.3155 0.3155 0.2485 0.2485 0.2485 0.268 0.268 0.265 0.265 0.2595 0.2595 0.2595 0.249 0.249 0.246 0.246 0.2875 0.2875 0.2875 0.291 0.291 0.3295 0.3295 0.28 0.28 0.2835 0.2835 0.2835 0.306 0.306 0.285 0.285 0.302 0.302 0.302 0.319 0.319 0.3485 0.3485 0.354 0.354 0.354 0.354 0.354 0.3285 0.3285 0.3235 0.3235 0.3235 0.3035 0.3035 0.3215 0.3215 0.308 0.308 0.308
0.266 0.234 0.234 0.234 0.2395 0.2395 0.256 0.256 0.2665 0.2665 0.3225 0.3225 0.3225 0.292 0.292 0.2985 0.2985 0.2915 0.2915 0.2915 0.256 0.256 0.241 0.241 0.2605 0.2605 0.2605 0.3 0.3 0.2975 0.2975 0.282 0.282 0.282 0.353 0.353 0.304 0.304 0.312 0.312 0.312 0.263 0.263 0.259 0.259 0.2895 0.2895 0.268 0.268 0.268 0.32 0.32 0.2385 0.2385 0.288 0.288 0.288 0.274 0.274 0.318 0.318 0.295 0.295 0.295 0.298 0.298 0.289 0.289 0.329 0.329 0.329 0.315 0.315 0.317 0.317 0.278 0.278 0.278
0.266 0.234 0.234 0.234 0.2395 0.2395 0.256 0.256 0.2665 0.2665 0.3225 0.3225 0.3225 0.292 0.292 0.2985 0.2985 0.2915 0.2915 0.2915 0.256 0.256 0.241 0.241 0.2605 0.2605 0.2605 0.3 0.3 0.2975 0.2975 0.282 0.282 0.282 0.353 0.353 0.304 0.304 0.312 0.312 0.312 0.263 0.263 0.259 0.259 0.2895 0.2895 0.268 0.268 0.268 0.32 0.32 0.2385 0.2385 0.288 0.288 0.288 0.274 0.274 0.318 0.318 0.295 0.295 0.295 0.298 0.298 0.289 0.289 0.329 0.329 0.329 0.315 0.315 0.317 0.317 0.278 0.278 0.278
0.3055 0.2435 0.2435 0.2435 0.2275 0.2275 0.261 0.261 0.274 0.274 0.3395 0.3395 0.3395 0.327 0.327 0.3135 0.3135 0.331 0.331 0.331 0.284 0.284 0.249 0.249 0.3065 0.3065 0.3065 0.2865 0.2865 0.303 0.303 0.2815 0.2815 0.2815 0.311 0.311 0.3155 0.3155 0.3465 0.3465 0.3465 0.35 0.35 0.299 0.299 0.252 0.252 0.27 0.27 0.27 0.2745 0.2745 0.2585 0.2585 0.295 0.295 0.295 0.269 0.269 0.304 0.304 0.2895 0.2895 0.2895 0.282 0.282 0.2585 0.2585 0.3025 0.3025 0.3025 0.329 0.329 0.349 0.349 0.328 0.328 0.328
0.3055 0.2435 0.2435 0.2435 0.2275 0.2275 0.261 0.261 0.274 0.274 0.3395 0.3395 0.3395 0.327 0.327 0.3135 0.3135 0.331 0.331 0.331 0.284 0.284 0.249 0.249 0.3065 0.3065 0.3065 0.2865 0.2865 0.303 0.303 0.2815 0.2815 0.2815 0.311 0.311 0.3155 0.3155 0.3465 0.3465 0.3465 0.35 0.35 0.299 0.299 0.252 0.252 0.27 0.27 0.27 0.2745 0.2745 0.2585 0.2585 0.295 0.295 0.295 0.269 0.269 0.304 0.304 0.2895 0.2895 0.2895 0.282 0.282 0.2585 0.2585 0.3025 0.3025 0.3025 0.329 0.329 0.349 0.349 0.328 0.328 0.328
0.276 0.2685 0.2685 0.2685 0.223 0.223 0.2425 0.2425 0.3625 0.3625 0.3075 0.3075 0.3075 0.3275 0.3275 0.377 0.377 0.3115 0.3115 0.3115 0.296 0.296 0.278 0.278 0.294 0.294 0.294 0.2965 0.2965 0.3685 0.3685 0.3415 0.3415 0.3415 0.331 0.331 0.288 0.288 0.314 0.314 0.314 0.343 0.343 0.3185 0.3185 0.308 0.308 0.2905 0.2905 0.2905 0.2345 0.2345 0.288 0.288 0.3155 0.3155 0.3155 0.325 0.325 0.265 0.265 0.258 0.258 0.258 0.263 0.263 0.289 0.289 0.296 0.296 0.296 0.291 0.291 0.2885 0.2885 0.2715 0.2715 0.2715
