ndvi/NOAA-144.asc
ncols         252
nrows         154
xllcorner     -18.017974
yllcorner     13.481982
cellsize      0.035948
NODATA_value  -9999
[rows 68 to 101 of 154, columns 154 to 230 of 252]
0.13 0.1625 0.1625 0.145 0.145 0.145 0.1425 0.1425 0.1505 0.1505 0.195 0.195 0.1985 0.1985 0.1985 0.2285 0.2285 0.218 0.218 0.2055 0.2055 0.2055 0.222 0.222 0.209 0.209 0.197 0.197 0.197 0.2025 0.2025 0.2095 0.2095 0.198 0.198 0.198 0.2 0.2 0.198 0.198 0.203 0.203 0.203 0.1905 0.1905 0.1995 0.1995 0.1985 0.1985 0.207 0.207 0.207 0.2065 0.2065 0.203 0.203 0.2125 0.2125 0.2125 0.226 0.226 0.2145 0.2145 0.1875 0.1875 0.1875 0.18 0.18 0.1925 0.1925 0.214 0.214 0.214 0.196 0.196 0.177 0.177
0.1445 0.1445 0.1445 0.1425 0.1425 0.1425 0.151 0.151 0.1705 0.1705 0.167 0.167 0.2285 0.2285 0.2285 0.223 0.223 0.2055 0.2055 0.209 0.209 0.209 0.215 0.215 0.223 0.223 0.217 0.217 0.217 0.211 0.211 0.2055 0.2055 0.212 0.212 0.212 0.205 0.205 0.2055 0.2055 0.2005 0.2005 0.2005 0.2065 0.2065 0.2055 0.2055 0.201 0.201 0.1955 0.1955 0.1955 0.2165 0.2165 0.2205 0.2205 0.2145 0.2145 0.2145 0.209 0.209 0.213 0.213 0.201 0.201 0.201 0.18 0.18 0.1965 0.1965 0.203 0.203 0.203 0.1935 0.1935 0.1895 0.1895
0.1445 0.1445 0.1445 0.1425 0.1425 0.1425 0.151 0.151 0.1705 0.1705 0.167 0.167 0.2285 0.2285 0.2285 0.223 0.223 0.2055 0.2055 0.209 0.209 0.209 0.215 0.215 0.223 0.223 0.217 0.217 0.217 0.211 0.211 0.2055 0.2055 0.212 0.212 0.212 0.205 0.205 0.2055 0.2055 0.2005 0.2005 0.2005 0.2065 0.2065 0.2055 0.2055 0.201 0.201 0.1955 0.1955 0.1955 0.2165 0.2165 0.2205 0.2205 0.2145 0.2145 0.2145 0.209 0.209 0.213 0.213 0.201 0.201 0.201 0.18 0.18 0.1965 0.1965 0.203 0.203 0.203 0.1935 0.1935 0.1895 0.1895
0.1775 0.1735 0.1735 0.1645 0.1645 0.1645 0.1515 0.1515 0.157 0.157 0.161 0.161 0.2135 0.2135 0.2135 0.2155 0.2155 0.19 0.19 0.2145 0.2145 0.2145 0.216 0.216 0.2105 0.2105 0.208 0.208 0.208 0.205 0.205 0.212 0.212 0.222 0.222 0.222 0.218 0.218 0.201 0.201 0.2015 0.2015 0.2015 0.2045 0.2045 0.2165 0.2165 0.218 0.218 0.225 0.225 0.225 0.2255 0.2255 0.221 0.221 0.211 0.211 0.211 0.22 0.22 0.198 0.198 0.209 0.209 0.209 0.1985 0.1985 0.1765 0.1765 0.1895 0.1895 0.1895 0.2055 0.2055 0.228 0.228
0.1775 0.1735 0.1735 0.1645 0.1645 0.1645 0.1515 0.1515 0.157 0.157 0.161 0.161 0.2135 0.2135 0.2135 0.2155 0.2155 0.19 0.19 0.2145 0.2145 0.2145 0.216 0.216 0.2105 0.2105 0.208 0.208 0.208 0.205 0.205 0.212 0.212 0.222 0.222 0.222 0.218 0.218 0.201 0.201 0.2015 0.2015 0.2015 0.2045 0.2045 0.2165 0.2165 0.218 0.218 0.225 0.225 0.225 0.2255 0.2255 0.221 0.221 0.211 0.211 0.211 0.22 0.22 0.198 0.198 0.209 0.209 0.209 0.1985 0.1985 0.1765 0.1765 0.1895 0.1895 0.1895 0.2055 0.2055 0.228 0.228
0.1775 0.1735 0.1735 0.1645 0.1645 0.1645 0.1515 0.1515 0.157 0.157 0.161 0.161 0.2135 0.2135 0.2135 0.2155 0.2155 0.19 0.19 0.2145 0.2145 0.2145 0.216 0.216 0.2105 0.2105 0.208 0.208 0.208 0.205 0.205 0.212 0.212 0.222 0.222 0.222 0.218 0.218 0.201 0.201 0.2015 0.2015 0.2015 0.2045 0.2045 0.2165 0.2165 0.218 0.218 0.225 0.225 0.225 0.2255 0.2255 0.221 0.221 0.211 0.211 0.211 0.22 0.22 0.198 0.198 0.209 0.209 0.209 0.1985 0.1985 0.1765 0.1765 0.1895 0.1895 0.1895 0.2055 0.2055 0.228 0.228
0.184 0.1825 0.1825 0.204 0.204 0.204 0.176 0.176 0.1685 0.1685 0.1495 0.1495 0.1945 0.1945 0.1945 0.206 0.206 0.2265 0.2265 0.207 0.207 0.207 0.215 0.215 0.224 0.224 0.211 0.211 0.211 0.2145 0.2145 0.2075 0.2075 0.217 0.217 0.217 0.2245 0.2245 0.2105 0.2105 0.223 0.223 0.223 0.2245 0.2245 0.234 0.234 0.231 0.231 0.23 0.23 0.23 0.2285 0.2285 0.209 0.209 0.2 0.2 0.2 0.201 0.201 0.21 0.21 0.2115 0.2115 0.2115 0.2065 0.2065 0.187 0.187 0.198 0.198 0.198 0.216 0.216 0.216 0.216
0.184 0.1825 0.1825 0.204 0.204 0.204 0.176 0.176 0.1685 0.1685 0.1495 0.1495 0.1945 0.1945 0.1945 0.206 0.206 0.2265 0.2265 0.207 0.207 0.207 0.215 0.215 0.224 0.224 0.211 0.211 0.211 0.2145 0.2145 0.2075 0.2075 0.217 0.217 0.217 0.2245 0.2245 0.2105 0.2105 0.223 0.223 0.223 0.2245 0.2245 0.234 0.234 0.231 0.231 0.23 0.23 0.23 0.2285 0.2285 0.209 0.209 0.2 0.2 0.2 0.201 0.201 0.21 0.21 0.2115 0.2115 0.2115 0.2065 0.2065 0.187 0.187 0.198 0.198 0.198 0.216 0.216 0.216 0.216
0.1445 0.169 0.169 0.177 0.177 0.177 0.158 0.158 0.1345 0.1345 0.1685 0.1685 0.2095 0.2095 0.2095 0.234 0.234 0.247 0.247 0.2255 0.2255 0.2255 0.2115 0.2115 0.232 0.232 0.2285 0.2285 0.2285 0.2305 0.2305 0.224 0.224 0.218 0.218 0.218 0.22 0.22 0.2365 0.2365 0.2415 0.2415 0.2415 0.2385 0.2385 0.2305 0.2305 0.2215 0.2215 0.2305 0.2305 0.2305 0.2265 0.2265 0.2105 0.2105 0.213 0.213 0.213 0.2015 0.2015 0.209 0.209 0.2135 0.2135 0.2135 0.2155 0.2155 0.214 0.214 0.2085 0.2085 0.2085 0.205 0.205 0.2135 0.2135
0.1445 0.169 0.169 0.177 0.177 0.177 0.158 0.158 0.1345 0.1345 0.1685 0.1685 0.2095 0.2095 0.2095 0.234 0.234 0.247 0.247 0.2255 0.2255 0.2255 0.2115 0.2115 0.232 0.232 0.2285 0.2285 0.2285 0.2305 0.2305 0.224 0.224 0.218 0.218 0.218 0.22 0.22 0.2365 0.2365 0.2415 0.2415 0.2415 0.2385 0.2385 0.2305 0.2305 0.2215 0.2215 0.2305 0.2305 0.2305 0.2265 0.2265 0.2105 0.2105 0.213 0.213 0.213 0.2015 0.2015 0.209 0.209 0.2135 0.2135 0.2135 0.2155 0.2155 0.214 0.214 0.2085 0.2085 0.2085 0.205 0.205 0.2135 0.2135
0.1375 0.15 0.15 0.1615 0.1615 0.1615 0.1575 0.1575 0.1575 0.1575 0.1745 0.1745 0.2125 0.2125 0.2125 0.2165 0.2165 0.2145 0.2145 0.207 0.207 0.207 0.204 0.204 0.2165 0.2165 0.218 0.218 0.218 0.221 0.221 0.2285 0.2285 0.223 0.223 0.223 0.236 0.236 0.238 0.238 0.2295 0.2295 0.2295 0.239 0.239 0.2325 0.2325 0.216 0.216 0.2305 0.2305 0.2305 0.239 0.239 0.223 0.223 0.2245 0.2245 0.2245 0.225 0.225 0.2275 0.2275 0.2355 0.2355 0.2355 0.229 0.229 0.2195 0.2195 0.231 0.231 0.231 0.2085 0.2085 0.2055 0.2055
0.1375 0.15 0.15 0.1615 0.1615 0.1615 0.1575 0.1575 0.1575 0.1575 0.1745 0.1745 0.2125 0.2125 0.2125 0.2165 0.2165 0.2145 0.2145 0.207 0.207 0.207 0.204 0.204 0.2165 0.2165 0.218 0.218 0.218 0.221 0.221 0.2285 0.2285 0.223 0.223 0.223 0.236 0.236 0.238 0.238 0.2295 0.2295 0.2295 0.239 0.239 0.2325 0.2325 0.216 0.216 0.2305 0.2305 0.2305 0.239 0.239 0.223 0.223 0.2245 0.2245 0.2245 0.225 0.225 0.2275 0.2275 0.2355 0.2355 0.2355 0.229 0.229 0.2195 0.2195 0.231 0.231 0.231 0.2085 0.2085 0.2055 0.2055
0.134 0.127 0.127 0.156 0.156 0.156 0.1515 0.1515 0.149 0.149 0.163 0.163 0.213 0.213 0.213 0.2135 0.2135 0.233 0.233 0.2085 0.2085 0.2085 0.2045 0.2045 0.227 0.227 0.2275 0.2275 0.2275 0.231 0.231 0.223 0.223 0.2265 0.2265 0.2265 0.234 0.234 0.228 0.228 0.235 0.235 0.235 0.2405 0.2405 0.2305 0.2305 0.213 0.213 0.229 0.229 0.229 0.227 0.227 0.251 0.251 0.243 0.243 0.243 0.236 0.236 0.24 0.24 0.2425 0.2425 0.2425 0.233 0.233 0.217 0.217 0.219 0.219 0.219 0.2195 0.2195 0.2165 0.2165
0.134 0.127 0.127 0.156 0.156 0.156 0.1515 0.1515 0.149 0.149 0.163 0.163 0.213 0.213 0.213 0.2135 0.2135 0.233 0.233 0.2085 0.2085 0.2085 0.2045 0.2045 0.227 0.227 0.2275 0.2275 0.2275 0.231 0.231 0.223 0.223 0.2265 0.2265 0.2265 0.234 0.234 0.228 0.228 0.235 0.235 0.235 0.2405 0.2405 0.2305 0.2305 0.213 0.213 0.229 0.229 0.229 0.227 0.227 0.251 0.251 0.243 0.243 0.243 0.236 0.236 0.24 0.24 0.2425 0.2425 0.2425 0.233 0.233 0.217 0.217 0.219 0.219 0.219 0.2195 0.2195 0.2165 0.2165
0.134 0.127 0.127 0.156 0.156 0.156 0.1515 0.1515 0.149 0.149 0.163 0.163 0.213 0.213 0.213 0.2135 0.2135 0.233 0.233 0.2085 0.2085 0.2085 0.2045 0.2045 0.227 0.227 0.2275 0.2275 0.2275 0.231 0.231 0.223 0.223 0.2265 0.2265 0.2265 0.234 0.234 0.228 0.228 0.235 0.235 0.235 0.2405 0.2405 0.2305 0.2305 0.213 0.213 0.229 0.229 0.229 0.227 0.227 0.251 0.251 0.243 0.243 0.243 0.236 0.236 0.24 0.24 0.2425 0.2425 0.2425 0.233 0.233 0.217 0.217 0.219 0.219 0.219 0.2195 0.2195 0.2165 0.2165
0.138 0.15 0.15 0.1565 0.1565 0.1565 0.1595 0.1595 0.1545 0.1545 0.234 0.234 0.212 0.212 0.212 0.219 0.219 0.2245 0.2245 0.242 0.242 0.242 0.228 0.228 0.2255 0.2255 0.2175 0.2175 0.2175 0.244 0.244 0.2145 0.2145 0.22 0.22 0.22 0.222 0.222 0.2285 0.2285 0.244 0.244 0.244 0.2385 0.2385 0.2555 0.2555 0.244 0.244 0.2465 0.2465 0.2465 0.2545 0.2545 0.241 0.241 0.2515 0.2515 0.2515 0.2505 0.2505 0.247 0.247 0.238 0.238 0.238 0.232 0.232 0.2355 0.2355 0.2325 0.2325 0.2325 0.229 0.229 0.23 0.23
0.138 0.15 0.15 0.1565 0.1565 0.1565 0.1595 0.1595 0.1545 0.1545 0.234 0.234 0.212 0.212 0.212 0.219 0.219 0.2245 0.2245 0.242 0.242 0.242 0.228 0.228 0.2255 0.2255 0.2175 0.2175 0.2175 0.244 0.244 0.2145 0.2145 0.22 0.22 0.22 0.222 0.222 0.2285 0.2285 0.244 0.244 0.244 0.2385 0.2385 0.2555 0.2555 0.244 0.244 0.2465 0.2465 0.2465 0.2545 0.2545 0.241 0.241 0.2515 0.2515 0.2515 0.2505 0.2505 0.247 0.247 0.238 0.238 0.238 0.232 0.232 0.2355 0.2355 0.2325 0.2325 0.2325 0.229 0.229 0.23 0.23
0.1465 0.169 0.169 0.162 0.162 0.162 0.1375 0.1375 0.1755 0.1755 0.2505 0.2505 0.2105 0.2105 0.2105 0.2215 0.2215 0.236 0.236 0.244 0.244 0.244 0.245 0.245 0.246 0.246 0.2225 0.2225 0.2225 0.2375 0.2375 0.2365 0.2365 0.2315 0.2315 0.2315 0.237 0.237 0.2325 0.2325 0.252 0.252 0.252 0.253 0.253 0.2495 0.2495 0.25 0.25 0.253 0.253 0.253 0.2575 0.2575 0.2575 0.2575 0.2535 0.2535 0.2535 0.2385 0.2385 0.245 0.245 0.2365 0.2365 0.2365 0.2475 0.2475 0.2575 0.2575 0.2435 0.2435 0.2435 0.2455 0.2455 0.24 0.24
0.1465 0.169 0.169 0.162 0.162 0.162 0.1375 0.1375 0.1755 0.1755 0.2505 0.2505 0.2105 0.2105 0.2105 0.2215 0.2215 0.236 0.236 0.244 0.244 0.244 0.245 0.245 0.246 0.246 0.2225 0.2225 0.2225 0.2375 0.2375 0.2365 0.2365 0.2315 0.2315 0.2315 0.237 0.237 0.2325 0.2325 0.252 0.252 0.252 0.253 0.253 0.2495 0.2495 0.25 0.25 0.253 0.253 0.253 0.2575 0.2575 0.2575 0.2575 0.2535 0.2535 0.2535 0.2385 0.2385 0.245 0.245 0.2365 0.2365 0.2365 0.2475 0.2475 0.2575 0.2575 0.2435 0.2435 0.2435 0.2455 0.2455 0.24 0.24
0.186 0.2115 0.2115 0.185 0.185 0.185 0.1635 0.1635 0.167 0.167 0.23 0.23 0.2515 0.2515 0.2515 0.228 0.228 0.2235 0.2235 0.234 0.234 0.234 0.24 0.24 0.252 0.252 0.2525 0.2525 0.2525 0.229 0.229 0.2165 0.2165 0.2405 0.2405 0.2405 0.231 0.231 0.2415 0.2415 0.24 0.24 0.24 0.2475 0.2475 0.267 0.267 0.26 0.26 0.24 0.24 0.24 0.2435 0.2435 0.243 0.243 0.242 0.242 0.242 0.2445 0.2445 0.235 0.235 0.242 0.242 0.242 0.259 0.259 0.26 0.26 0.257 0.257 0.257 0.259 0.259 0.246 0.246
0.186 0.2115 0.2115 0.185 0.185 0.185 0.1635 0.1635 0.167 0.167 0.23 0.23 0.2515 0.2515 0.2515 0.228 0.228 0.2235 0.2235 0.234 0.234 0.234 0.24 0.24 0.252 0.252 0.2525 0.2525 0.2525 0.229 0.229 0.2165 0.2165 0.2405 0.2405 0.2405 0.231 0.231 0.2415 0.2415 0.24 0.24 0.24 0.2475 0.2475 0.267 0.267 0.26 0.26 0.24 0.24 0.24 0.2435 0.2435 0.243 0.243 0.242 0.242 0.242 0.2445 0.2445 0.235 0.235 0.242 0.242 0.242 0.259 0.259 0.26 0.26 0.257 0.257 0.257 0.259 0.259 0.246 0.246
0.186 0.2115 0.2115 0.185 0.185 0.185 0.1635 0.1635 0.167 0.167 0.23 0.23 0.2515 0.2515 0.2515 0.228 0.228 0.2235 0.2235 0.234 0.234 0.234 0.24 0.24 0.252 0.252 0.2525 0.2525 0.2525 0.229 0.229 0.2165 0.2165 0.2405 0.2405 0.2405 0.231 0.231 0.2415 0.2415 0.24 0.24 0.24 0.2475 0.2475 0.267 0.267 0.26 0.26 0.24 0.24 0.24 0.2435 0.2435 0.243 0.243 0.242 0.242 0.242 0.2445 0.2445 0.235 0.235 0.242 0.242 0.242 0.259 0.259 0.26 0.26 0.257 0.257 0.257 0.259 0.259 0.246 0.246
0.199 0.1795 0.1795 0.1805 0.1805 0.1805 0.188 0.188 0.201 0.201 0.238 0.238 0.26 0.26 0.26 0.2555 0.2555 0.2435 0.2435 0.2555 0.2555 0.2555 0.2395 0.2395 0.24 0.24 0.236 0.236 0.236 0.222 0.222 0.223 0.223 0.231 0.231 0.231 0.2565 0.2565 0.26 0.26 0.2495 0.2495 0.2495 0.2325 0.2325 0.2545 0.2545 0.266 0.266 0.2405 0.2405 0.2405 0.237 0.237 0.2365 0.2365 0.2435 0.2435 0.2435 0.2325 0.2325 0.2315 0.2315 0.2305 0.2305 0.2305 0.2535 0.2535 0.2485 0.2485 0.251 0.251 0.251 0.2565 0.2565 0.251 0.251
0.199 0.1795 0.1795 0.1805 0.1805 0.1805 0.188 0.188 0.201 0.201 0.238 0.238 0.26 0.26 0.26 0.2555 0.2555 0.2435 0.2435 0.2555 0.2555 0.2555 0.2395 0.2395 0.24 0.24 0.236 0.236 0.236 0.222 0.222 0.223 0.223 0.231 0.231 0.231 0.2565 0.2565 0.26 0.26 0.2495 0.2495 0.2495 0.2325 0.2325 0.2545 0.2545 0.266 0.266 0.2405 0.2405 0.2405 0.237 0.237 0.2365 0.2365 0.2435 0.2435 0.2435 0.2325 0.2325 0.2315 0.2315 0.2305 0.2305 0.2305 0.2535 0.2535 0.2485 0.2485 0.251 0.251 0.251 0.2565 0.2565 0.251 0.251
0.204 0.186 0.186 0.1785 0.1785 0.1785 0.192 0.192 0.186 0.186 0.222 0.222 0.2505 0.2505 0.2505 0.254 0.254 0.249 0.249 0.2505 0.2505 0.2505 0.253 0.253 0.253 0.253 0.218 0.218 0.218 0.2155 0.2155 0.2245 0.2245 0.2365 0.2365 0.2365 0.274 0.274 0.251 0.251 0.256 0.256 0.256 0.2675 0.2675 0.2575 0.2575 0.267 0.267 0.254 0.254 0.254 0.2435 0.2435 0.2495 0.2495 0.2385 0.2385 0.2385 0.243 0.243 0.241 0.241 0.257 0.257 0.257 0.2465 0.2465 0.2435 0.2435 0.2595 0.2595 0.2595 0.261 0.261 0.256 0.256
0.204 0.186 0.186 0.1785 0.1785 0.1785 0.192 0.192 0.186 0.186 0.222 0.222 0.2505 0.2505 0.2505 0.254 0.254 0.249 0.249 0.2505 0.2505 0.2505 0.253 0.253 0.253 0.253 0.218 0.218 0.218 0.2155 0.2155 0.2245 0.2245 0.2365 0.2365 0.2365 0.274 0.274 0.251 0.251 0.256 0.256 0.256 0.2675 0.2675 0.2575 0.2575 0.267 0.267 0.254 0.254 0.254 0.2435 0.2435 0.2495 0.2495 0.2385 0.2385 0.2385 0.243 0.243 0.241 0.241 0.257 0.257 0.257 0.2465 0.2465 0.2435 0.2435 0.2595 0.2595 0.2595 0.261 0.261 0.256 0.256
0.212 0.185 0.185 0.2015 0.2015 0.2015 0.2135 0.2135 0.201 0.201 0.219 0.219 0.241 0.241 0.241 0.2405 0.2405 0.235 0.235 0.2285 0.2285 0.2285 0.2375 0.2375 0.228 0.228 0.2225 0.2225 0.2225 0.233 0.233 0.249 0.249 0.2635 0.2635 0.2635 0.2765 0.2765 0.276 0.276 0.28 0.28 0.28 0.2765 0.2765 0.269 0.269 0.2675 0.2675 0.2605 0.2605 0.2605 0.2535 0.2535 0.237 0.237 0.245 0.245 0.245 0.2485 0.2485 0.237 0.237 0.257 0.257 0.257 0.2445 0.2445 0.247 0.247 0.2545 0.2545 0.2545 0.27 0.27 0.2805 0.2805
0.212 0.185 0.185 0.2015 0.2015 0.2015 0.2135 0.2135 0.201 0.201 0.219 0.219 0.241 0.241 0.241 0.2405 0.2405 0.235 0.235 0.2285 0.2285 0.2285 0.2375 0.2375 0.228 0.228 0.2225 0.2225 0.2225 0.233 0.233 0.249 0.249 0.2635 0.2635 0.2635 0.2765 0.2765 0.276 0.276 0.28 0.28 0.28 0.2765 0.2765 0.269 0.269 0.2675 0.2675 0.2605 0.2605 0.2605 0.2535 0.2535 0.237 0.237 0.245 0.245 0.245 0.2485 0.2485 0.237 0.237 0.257 0.257 0.257 0.2445 0.2445 0.247 0.247 0.2545 0.2545 0.2545 0.27 0.27 0.2805 0.2805
0.212 0.185 0.185 0.2015 0.2015 0.2015 0.2135 0.2135 0.201 0.201 0.219 0.219 0.241 0.241 0.241 0.2405 0.2405 0.235 0.235 0.2285 0.2285 0.2285 0.2375 0.2375 0.228 0.228 0.2225 0.2225 0.2225 0.233 0.233 0.249 0.249 0.2635 0.2635 0.2635 0.2765 0.2765 0.276 0.276 0.28 0.28 0.28 0.2765 0.2765 0.269 0.269 0.2675 0.2675 0.2605 0.2605 0.2605 0.2535 0.2535 0.237 0.237 0.245 0.245 0.245 0.2485 0.2485 0.237 0.237 0.257 0.257 0.257 0.2445 0.2445 0.247 0.247 0.2545 0.2545 0.2545 0.27 0.27 0.2805 0.2805
0.2025 0.194 0.194 0.238 0.238 0.238 0.216 0.216 0.235 0.235 0.2155 0.2155 0.2175 0.2175 0.2175 0.209 0.209 0.2005 0.2005 0.2375 0.2375 0.2375 0.2255 0.2255 0.2095 0.2095 0.2125 0.2125 0.2125 0.234 0.234 0.255 0.255 0.2585 0.2585 0.2585 0.2525 0.2525 0.2675 0.2675 0.2715 0.2715 0.2715 0.274 0.274 0.28 0.28 0.264 0.264 0.257 0.257 0.257 0.262 0.262 0.2275 0.2275 0.2625 0.2625 0.2625 0.2865 0.2865 0.249 0.249 0.249 0.249 0.249 0.231 0.231 0.2465 0.2465 0.25 0.25 0.25 0.2675 0.2675 0.3095 0.3095
0.2025 0.194 0.194 0.238 0.238 0.238 0.216 0.216 0.235 0.235 0.2155 0.2155 0.2175 0.2175 0.2175 0.209 0.209 0.2005 0.2005 0.2375 0.2375 0.2375 0.2255 0.2255 0.2095 0.2095 0.2125 0.2125 0.2125 0.234 0.234 0.255 0.255 0.2585 0.2585 0.2585 0.2525 0.2525 0.2675 0.2675 0.2715 0.2715 0.2715 0.274 0.274 0.28 0.28 0.264 0.264 0.257 0.257 0.257 0.262 0.262 0.2275 0.2275 0.2625 0.2625 0.2625 0.2865 0.2865 0.249 0.249 0.249 0.249 0.249 0.231 0.231 0.2465 0.2465 0.25 0.25 0.25 0.2675 0.2675 0.3095 0.3095
0.232 0.214 0.214 0.222 0.222 0.222 0.202 0.202 0.2265 0.2265 0.222 0.222 0.2055 0.2055 0.2055 0.187 0.187 0.253 0.253 0.266 0.266 0.266 0.249 0.249 0.2365 0.2365 0.2345 0.2345 0.2345 0.243 0.243 0.2495 0.2495 0.2585 0.2585 0.2585 0.2475 0.2475 0.254 0.254 0.274 0.274 0.274 0.274 0.274 0.259 0.259 0.2625 0.2625 0.2545 0.2545 0.2545 0.2285 0.2285 0.218 0.218 0.2185 0.2185 0.2185 0.2125 0.2125 0.222 0.222 0.216 0.216 0.216 0.219 0.219 0.216 0.216 0.2375 0.2375 0.2375 0.2365 0.2365 0.2435 0.2435
0.232 0.214 0.214 0.222 0.222 0.222 0.202 0.202 0.2265 0.2265 0.222 0.222 0.2055 0.2055 0.2055 0.187 0.187 0.253 0.253 0.266 0.266 0.266 0.249 0.249 0.2365 0.2365 0.2345 0.2345 0.2345 0.243 0.243 0.2495 0.2495 0.2585 0.2585 0.2585 0.2475 0.2475 0.254 0.254 0.274 0.274 0.274 0.274 0.274 0.259 0.259 0.2625 0.2625 0.2545 0.2545 0.2545 0.2285 0.2285 0.218 0.218 0.2185 0.2185 0.2185 0.2125 0.2125 0.222 0.222 0.216 0.216 0.216 0.219 0.219 0.216 0.216 0.2375 0.2375 0.2375 0.2365 0.2365 0.2435 0.2435
0.235 0.216 0.216 0.206 0.206 0.206 0.197 0.197 0.221 0.221 0.237 0.237 0.241 0.241 0.241 0.2335 0.2335 0.253 0.253 0.259 0.259 0.259 0.2505 0.2505 0.241 0.241 0.2475 0.2475 0.2475 0.244 0.244 0.247 0.247 0.242 0.242 0.242 0.2475 0.2475 0.2455 0.2455 0.255 0.255 0.255 0.2615 0.2615 0.259 0.259 0.272 0.272 0.245 0.245 0.245 0.221 0.221 0.215 0.215 0.198 0.198 0.198 0.1975 0.1975 0.199 0.199 0.232 0.232 0.232 0.2325 0.2325 0.2335 0.2335 0.2195 0.2195 0.2195 0.234 0.234 0.237 0.237
