ndvi/NOAA-70.asc
ncols         252
nrows         154
xllcorner     -18.017974
yllcorner     13.481982
cellsize      0.035948
NODATA_value  -9999
[rows 102 to 135 of 154, columns 154 to 230 of 252]
0.2885 0.2415 0.2415 0.304 0.304 0.304 0.284 0.284 0.244 0.244 0.263 0.263 0.2405 0.2405 0.2405 0.2535 0.2535 0.266 0.266 0.2675 0.2675 0.2675 0.2755 0.2755 0.2795 0.2795 0.271 0.271 0.271 0.263 0.263 0.3005 0.3005 0.276 0.276 0.276 0.278 0.278 0.3115 0.3115 0.289 0.289 0.289 0.2985 0.2985 0.2815 0.2815 0.2785 0.2785 0.3075 0.3075 0.3075 0.2795 0.2795 0.2655 0.2655 0.2485 0.2485 0.2485 0.2975 0.2975 0.2775 0.2775 0.2715 0.2715 0.2715 0.2835 0.2835 0.2735 0.2735 0.264 0.264 0.264 0.228 0.228 0.2425 0.2425
0.323 0.277 0.277 0.259 0.259 0.259 0.2235 0.2235 0.244 0.244 0.2555 0.2555 0.2445 0.2445 0.2445 0.2555 0.2555 0.257 0.257 0.2645 0.2645 0.2645 0.298 0.298 0.302 0.302 0.28 0.28 0.28 0.2985 0.2985 0.308 0.308 0.3 0.3 0.3 0.2725 0.2725 0.286 0.286 0.293 0.293 0.293 0.299 0.299 0.2735 0.2735 0.3165 0.3165 0.3405 0.3405 0.3405 0.3 0.3 0.2905 0.2905 0.3235 0.3235 0.3235 0.2785 0.2785 0.2775 0.2775 0.269 0.269 0.269 0.2695 0.2695 0.257 0.257 0.267 0.267 0.267 0.267 0.267 0.249 0.249
0.323 0.277 0.277 0.259 0.259 0.259 0.2235 0.2235 0.244 0.244 0.2555 0.2555 0.2445 0.2445 0.2445 0.2555 0.2555 0.257 0.257 0.2645 0.2645 0.2645 0.298 0.298 0.302 0.302 0.28 0.28 0.28 0.2985 0.2985 0.308 0.308 0.3 0.3 0.3 0.2725 0.2725 0.286 0.286 0.293 0.293 0.293 0.299 0.299 0.2735 0.2735 0.3165 0.3165 0.3405 0.3405 0.3405 0.3 0.3 0.2905 0.2905 0.3235 0.3235 0.3235 0.2785 0.2785 0.2775 0.2775 0.269 0.269 0.269 0.2695 0.2695 0.257 0.257 0.267 0.267 0.267 0.267 0.267 0.249 0.249
0.323 0.277 0.277 0.259 0.259 0.259 0.2235 0.2235 0.244 0.244 0.2555 0.2555 0.2445 0.2445 0.2445 0.2555 0.2555 0.257 0.257 0.2645 0.2645 0.2645 0.298 0.298 0.302 0.302 0.28 0.28 0.28 0.2985 0.2985 0.308 0.308 0.3 0.3 0.3 0.2725 0.2725 0.286 0.286 0.293 0.293 0.293 0.299 0.299 0.2735 0.2735 0.3165 0.3165 0.3405 0.3405 0.3405 0.3 0.3 0.2905 0.2905 0.3235 0.3235 0.3235 0.2785 0.2785 0.2775 0.2775 0.269 0.269 0.269 0.2695 0.2695 0.257 0.257 0.267 0.267 0.267 0.267 0.267 0.249 0.249
0.233 0.269 0.269 0.2565 0.2565 0.2565 0.2885 0.2885 0.239 0.239 0.2665 0.2665 0.253 0.253 0.253 0.241 0.241 0.2425 0.2425 0.237 0.237 0.237 0.2425 0.2425 0.2645 0.2645 0.278 0.278 0.278 0.361 0.361 0.358 0.358 0.3435 0.3435 0.3435 0.326 0.326 0.306 0.306 0.329 0.329 0.329 0.357 0.357 0.3635 0.3635 0.352 0.352 0.362 0.362 0.362 0.3295 0.3295 0.33 0.33 0.3675 0.3675 0.3675 0.249 0.249 0.2925 0.2925 0.2535 0.2535 0.2535 0.2645 0.2645 0.269 0.269 0.246 0.246 0.246 0.2845 0.2845 0.2915 0.2915
0.233 0.269 0.269 0.2565 0.2565 0.2565 0.2885 0.2885 0.239 0.239 0.2665 0.2665 0.253 0.253 0.253 0.241 0.241 0.2425 0.2425 0.237 0.237 0.237 0.2425 0.2425 0.2645 0.2645 0.278 0.278 0.278 0.361 0.361 0.358 0.358 0.3435 0.3435 0.3435 0.326 0.326 0.306 0.306 0.329 0.329 0.329 0.357 0.357 0.3635 0.3635 0.352 0.352 0.362 0.362 0.362 0.3295 0.3295 0.33 0.33 0.3675 0.3675 0.3675 0.249 0.249 0.2925 0.2925 0.2535 0.2535 0.2535 0.2645 0.2645 0.269 0.269 0.246 0.246 0.246 0.2845 0.2845 0.2915 0.2915
0.302 0.3165 0.3165 0.3005 0.3005 0.3005 0.2655 0.2655 0.273 0.273 0.273 0.273 0.263 0.263 0.263 0.273 0.273 0.276 0.276 0.3045 0.3045 0.3045 0.3155 0.3155 0.2655 0.2655 0.3735 0.3735 0.3735 0.383 0.383 0.3485 0.3485 0.346 0.346 0.346 0.332 0.332 0.36 0.36 0.389 0.389 0.389 0.455 0.455 0.378 0.378 0.348 0.348 0.33 0.33 0.33 0.441 0.441 0.342 0.342 0.3425 0.3425 0.3425 0.286 0.286 0.2815 0.2815 0.294 0.294 0.294 0.2745 0.2745 0.244 0.244 0.2665 0.2665 0.2665 0.2835 0.2835 0.2745 0.2745
0.302 0.3165 0.3165 0.3005 0.3005 0.3005 0.2655 0.2655 0.273 0.273 0.273 0.273 0.263 0.263 0.263 0.273 0.273 0.276 0.276 0.3045 0.3045 0.3045 0.3155 0.3155 0.2655 0.2655 0.3735 0.3735 0.3735 0.383 0.383 0.3485 0.3485 0.346 0.346 0.346 0.332 0.332 0.36 0.36 0.389 0.389 0.389 0.455 0.455 0.378 0.378 0.348 0.348 0.33 0.33 0.33 0.441 0.441 0.342 0.342 0.3425 0.3425 0.3425 0.286 0.286 0.2815 0.2815 0.294 0.294 0.294 0.2745 0.2745 0.244 0.244 0.2665 0.2665 0.2665 0.2835 0.2835 0.2745 0.2745
0.319 0.319 0.319 0.345 0.345 0.345 0.2865 0.2865 0.304 0.304 0.2955 0.2955 0.28 0.28 0.28 0.291 0.291 0.267 0.267 0.2855 0.2855 0.2855 0.2905 0.2905 0.326 0.326 0.334 0.334 0.334 0.395 0.395 0.3995 0.3995 0.3765 0.3765 0.3765 0.3925 0.3925 0.39 0.39 0.394 0.394 0.394 0.3455 0.3455 0.3495 0.3495 0.3395 0.3395 0.327 0.327 0.327 0.3805 0.3805 0.3815 0.3815 0.344 0.344 0.344 0.3335 0.3335 0.301 0.301 0.277 0.277 0.277 0.277 0.277 0.2925 0.2925 0.268 0.268 0.268 0.2915 0.2915 0.297 0.297
0.319 0.319 0.319 0.345 0.345 0.345 0.2865 0.2865 0.304 0.304 0.2955 0.2955 0.28 0.28 0.28 0.291 0.291 0.267 0.267 0.2855 0.2855 0.2855 0.2905 0.2905 0.326 0.326 0.334 0.334 0.334 0.395 0.395 0.3995 0.3995 0.3765 0.3765 0.3765 0.3925 0.3925 0.39 0.39 0.394 0.394 0.394 0.3455 0.3455 0.3495 0.3495 0.3395 0.3395 0.327 0.327 0.327 0.3805 0.3805 0.3815 0.3815 0.344 0.344 0.344 0.3335 0.3335 0.301 0.301 0.277 0.277 0.277 0.277 0.277 0.2925 0.2925 0.268 0.268 0.268 0.2915 0.2915 0.297 0.297
0.319 0.319 0.319 0.345 0.345 0.345 0.2865 0.2865 0.304 0.304 0.2955 0.2955 0.28 0.28 0.28 0.291 0.291 0.267 0.267 0.2855 0.2855 0.2855 0.2905 0.2905 0.326 0.326 0.334 0.334 0.334 0.395 0.395 0.3995 0.3995 0.3765 0.3765 0.3765 0.3925 0.3925 0.39 0.39 0.394 0.394 0.394 0.3455 0.3455 0.3495 0.3495 0.3395 0.3395 0.327 0.327 0.327 0.3805 0.3805 0.3815 0.3815 0.344 0.344 0.344 0.3335 0.3335 0.301 0.301 0.277 0.277 0.277 0.277 0.277 0.2925 0.2925 0.268 0.268 0.268 0.2915 0.2915 0.297 0.297
0.3915 0.347 0.347 0.3305 0.3305 0.3305 0.3485 0.3485 0.298 0.298 0.2985 0.2985 0.3045 0.3045 0.3045 0.2795 0.2795 0.3285 0.3285 0.3305 0.3305 0.3305 0.325 0.325 0.348 0.348 0.387 0.387 0.387 0.4575 0.4575 0.4285 0.4285 0.4185 0.4185 0.4185 0.369 0.369 0.362 0.362 0.3585 0.3585 0.3585 0.4105 0.4105 0.376 0.376 0.397 0.397 0.37 0.37 0.37 0.4266 0.4266 0.4305 0.4305 0.417 0.417 0.417 0.377 0.377 0.329 0.329 0.275 0.275 0.275 0.2755 0.2755 0.29 0.29 0.2835 0.2835 0.2835 0.2925 0.2925 0.357 0.357
0.3915 0.347 0.347 0.3305 0.3305 0.3305 0.3485 0.3485 0.298 0.298 0.2985 0.2985 0.3045 0.3045 0.3045 0.2795 0.2795 0.3285 0.3285 0.3305 0.3305 0.3305 0.325 0.325 0.348 0.348 0.387 0.387 0.387 0.4575 0.4575 0.4285 0.4285 0.4185 0.4185 0.4185 0.369 0.369 0.362 0.362 0.3585 0.3585 0.3585 0.4105 0.4105 0.376 0.376 0.397 0.397 0.37 0.37 0.37 0.4266 0.4266 0.4305 0.4305 0.417 0.417 0.417 0.377 0.377 0.329 0.329 0.275 0.275 0.275 0.2755 0.2755 0.29 0.29 0.2835 0.2835 0.2835 0.2925 0.2925 0.357 0.357
0.374 0.3725 0.3725 0.385 0.385 0.385 0.331 0.331 0.3155 0.3155 0.2955 0.2955 0.302 0.302 0.302 0.312 0.312 0.3215 0.3215 0.3405 0.3405 0.3405 0.3865 0.3865 0.4245 0.4245 0.4395 0.4395 0.4395 0.423 0.423 0.4305 0.4305 0.3645 0.3645 0.3645 0.367 0.367 0.335 0.335 0.363 0.363 0.363 0.4005 0.4005 0.382 0.382 0.3665 0.3665 0.431 0.431 0.431 0.4631 0.4631 0.4205 0.4205 0.384 0.384 0.384 0.354 0.354 0.299 0.299 0.3175 0.3175 0.3175 0.312 0.312 0.282 0.282 0.288 0.288 0.288 0.2825 0.2825 0.3165 0.3165
0.374 0.3725 0.3725 0.385 0.385 0.385 0.331 0.331 0.3155 0.3155 0.2955 0.2955 0.302 0.302 0.302 0.312 0.312 0.3215 0.3215 0.3405 0.3405 0.3405 0.3865 0.3865 0.4245 0.4245 0.4395 0.4395 0.4395 0.423 0.423 0.4305 0.4305 0.3645 0.3645 0.3645 0.367 0.367 0.335 0.335 0.363 0.363 0.363 0.4005 0.4005 0.382 0.382 0.3665 0.3665 0.431 0.431 0.431 0.4631 0.4631 0.4205 0.4205 0.384 0.384 0.384 0.354 0.354 0.299 0.299 0.3175 0.3175 0.3175 0.312 0.312 0.282 0.282 0.288 0.288 0.288 0.2825 0.2825 0.3165 0.3165
0.3965 0.412 0.412 0.4105 0.4105 0.4105 0.3345 0.3345 0.344 0.344 0.333 0.333 0.3475 0.3475 0.3475 0.3445 0.3445 0.362 0.362 0.3615 0.3615 0.3615 0.3885 0.3885 0.406 0.406 0.4105 0.4105 0.4105 0.3855 0.3855 0.4075 0.4075 0.3955 0.3955 0.3955 0.3735 0.3735 0.376 0.376 0.448 0.448 0.448 0.434 0.434 0.483 0.483 0.495 0.495 0.4375 0.4375 0.4375 0.4705 0.4705 0.4375 0.4375 0.407 0.407 0.407 0.3705 0.3705 0.338 0.338 0.3225 0.3225 0.3225 0.36 0.36 0.3495 0.3495 0.3165 0.3165 0.3165 0.2885 0.2885 0.2695 0.2695
0.3965 0.412 0.412 0.4105 0.4105 0.4105 0.3345 0.3345 0.344 0.344 0.333 0.333 0.3475 0.3475 0.3475 0.3445 0.3445 0.362 0.362 0.3615 0.3615 0.3615 0.3885 0.3885 0.406 0.406 0.4105 0.4105 0.4105 0.3855 0.3855 0.4075 0.4075 0.3955 0.3955 0.3955 0.3735 0.3735 0.376 0.376 0.448 0.448 0.448 0.434 0.434 0.483 0.483 0.495 0.495 0.4375 0.4375 0.4375 0.4705 0.4705 0.4375 0.4375 0.407 0.407 0.407 0.3705 0.3705 0.338 0.338 0.3225 0.3225 0.3225 0.36 0.36 0.3495 0.3495 0.3165 0.3165 0.3165 0.2885 0.2885 0.2695 0.2695
0.3965 0.412 0.412 0.4105 0.4105 0.4105 0.3345 0.3345 0.344 0.344 0.333 0.333 0.3475 0.3475 0.3475 0.3445 0.3445 0.362 0.362 0.3615 0.3615 0.3615 0.3885 0.3885 0.406 0.406 0.4105 0.4105 0.4105 0.3855 0.3855 0.4075 0.4075 0.3955 0.3955 0.3955 0.3735 0.3735 0.376 0.376 0.448 0.448 0.448 0.434 0.434 0.483 0.483 0.495 0.495 0.4375 0.4375 0.4375 0.4705 0.4705 0.4375 0.4375 0.407 0.407 0.407 0.3705 0.3705 0.338 0.338 0.3225 0.3225 0.3225 0.36 0.36 0.3495 0.3495 0.3165 0.3165 0.3165 0.2885 0.2885 0.2695 0.2695
0.398 0.3785 0.3785 0.438 0.438 0.438 0.3455 0.3455 0.3835 0.3835 0.3845 0.3845 0.3945 0.3945 0.3945 0.399 0.399 0.4265 0.4265 0.443 0.443 0.443 0.423 0.423 0.4155 0.4155 0.379 0.379 0.379 0.3755 0.3755 0.384 0.384 0.399 0.399 0.399 0.3995 0.3995 0.382 0.382 0.4135 0.4135 0.4135 0.4425 0.4425 0.473 0.473 0.483 0.483 0.5331 0.5331 0.5331 0.475 0.475 0.483 0.483 0.4135 0.4135 0.4135 0.3695 0.3695 0.379 0.379 0.3835 0.3835 0.3835 0.398 0.398 0.362 0.362 0.3335 0.3335 0.3335 0.283 0.283 0.294 0.294
0.398 0.3785 0.3785 0.438 0.438 0.438 0.3455 0.3455 0.3835 0.3835 0.3845 0.3845 0.3945 0.3945 0.3945 0.399 0.399 0.4265 0.4265 0.443 0.443 0.443 0.423 0.423 0.4155 0.4155 0.379 0.379 0.379 0.3755 0.3755 0.384 0.384 0.399 0.399 0.399 0.3995 0.3995 0.382 0.382 0.4135 0.4135 0.4135 0.4425 0.4425 0.473 0.473 0.483 0.483 0.5331 0.5331 0.5331 0.475 0.475 0.483 0.483 0.4135 0.4135 0.4135 0.3695 0.3695 0.379 0.379 0.3835 0.3835 0.3835 0.398 0.398 0.362 0.362 0.3335 0.3335 0.3335 0.283 0.283 0.294 0.294
0.4205 0.371 0.371 0.4015 0.4015 0.4015 0.379 0.379 0.443 0.443 0.4475 0.4475 0.4635 0.4635 0.4635 0.451 0.451 0.477 0.477 0.4215 0.4215 0.4215 0.403 0.403 0.3925 0.3925 0.364 0.364 0.364 0.428 0.428 0.433 0.433 0.4065 0.4065 0.4065 0.439 0.439 0.421 0.421 0.468 0.468 0.468 0.4935 0.4935 0.5195 0.5195 0.5926 0.5926 0.5621 0.5621 0.5621 0.513 0.513 0.448 0.448 0.457 0.457 0.457 0.455 0.455 0.4706 0.4706 0.445 0.445 0.445 0.3995 0.3995 0.371 0.371 0.306 0.306 0.306 0.3065 0.3065 0.3575 0.3575
0.4205 0.371 0.371 0.4015 0.4015 0.4015 0.379 0.379 0.443 0.443 0.4475 0.4475 0.4635 0.4635 0.4635 0.451 0.451 0.477 0.477 0.4215 0.4215 0.4215 0.403 0.403 0.3925 0.3925 0.364 0.364 0.364 0.428 0.428 0.433 0.433 0.4065 0.4065 0.4065 0.439 0.439 0.421 0.421 0.468 0.468 0.468 0.4935 0.4935 0.5195 0.5195 0.5926 0.5926 0.5621 0.5621 0.5621 0.513 0.513 0.448 0.448 0.457 0.457 0.457 0.455 0.455 0.4706 0.4706 0.445 0.445 0.445 0.3995 0.3995 0.371 0.371 0.306 0.306 0.306 0.3065 0.3065 0.3575 0.3575
0.421 0.4155 0.4155 0.3885 0.3885 0.3885 0.377 0.377 0.4515 0.4515 0.4925 0.4925 0.481 0.481 0.481 0.492 0.492 0.479 0.479 0.4035 0.4035 0.4035 0.413 0.413 0.4175 0.4175 0.445 0.445 0.445 0.389 0.389 0.4445 0.4445 0.4695 0.4695 0.4695 0.429 0.429 0.4675 0.4675 0.5571001 0.5571001 0.5571001 0.5026 0.5026 0.5470001 0.5470001 0.519 0.519 0.5205 0.5205 0.5205 0.4995 0.4995 0.395 0.395 0.4335 0.4335 0.4335 0.406 0.406 0.4315 0.4315 0.4801 0.4801 0.4801 0.431 0.431 0.39 0.39 0.394 0.394 0.394 0.3635 0.3635 0.368 0.368
0.421 0.4155 0.4155 0.3885 0.3885 0.3885 0.377 0.377 0.4515 0.4515 0.4925 0.4925 0.481 0.481 0.481 0.492 0.492 0.479 0.479 0.4035 0.4035 0.4035 0.413 0.413 0.4175 0.4175 0.445 0.445 0.445 0.389 0.389 0.4445 0.4445 0.4695 0.4695 0.4695 0.429 0.429 0.4675 0.4675 0.5571001 0.5571001 0.5571001 0.5026 0.5026 0.5470001 0.5470001 0.519 0.519 0.5205 0.5205 0.5205 0.4995 0.4995 0.395 0.395 0.4335 0.4335 0.4335 0.406 0.406 0.4315 0.4315 0.4801 0.4801 0.4801 0.431 0.431 0.39 0.39 0.394 0.394 0.394 0.3635 0.3635 0.368 0.368
0.4295 0.468 0.468 0.4155 0.4155 0.4155 0.4015 0.4015 0.4515 0.4515 0.488 0.488 0.4645 0.4645 0.4645 0.46 0.46 0.4645 0.4645 0.4905 0.4905 0.4905 0.482 0.482 0.4225 0.4225 0.407 0.407 0.407 0.412 0.412 0.435 0.435 0.457 0.457 0.457 0.4325 0.4325 0.449 0.449 0.505 0.505 0.505 0.5765 0.5765 0.536 0.536 0.5655 0.5655 0.538 0.538 0.538 0.498 0.498 0.5081 0.5081 0.4915 0.4915 0.4915 0.49 0.49 0.513 0.513 0.4685 0.4685 0.4685 0.4065 0.4065 0.407 0.407 0.4155 0.4155 0.4155 0.399 0.399 0.3965 0.3965
0.4295 0.468 0.468 0.4155 0.4155 0.4155 0.4015 0.4015 0.4515 0.4515 0.488 0.488 0.4645 0.4645 0.4645 0.46 0.46 0.4645 0.4645 0.4905 0.4905 0.4905 0.482 0.482 0.4225 0.4225 0.407 0.407 0.407 0.412 0.412 0.435 0.435 0.457 0.457 0.457 0.4325 0.4325 0.449 0.449 0.505 0.505 0.505 0.5765 0.5765 0.536 0.536 0.5655 0.5655 0.538 0.538 0.538 0.498 0.498 0.5081 0.5081 0.4915 0.4915 0.4915 0.49 0.49 0.513 0.513 0.4685 0.4685 0.4685 0.4065 0.4065 0.407 0.407 0.4155 0.4155 0.4155 0.399 0.399 0.3965 0.3965
0.4295 0.468 0.468 0.4155 0.4155 0.4155 0.4015 0.4015 0.4515 0.4515 0.488 0.488 0.4645 0.4645 0.4645 0.46 0.46 0.4645 0.4645 0.4905 0.4905 0.4905 0.482 0.482 0.4225 0.4225 0.407 0.407 0.407 0.412 0.412 0.435 0.435 0.457 0.457 0.457 0.4325 0.4325 0.449 0.449 0.505 0.505 0.505 0.5765 0.5765 0.536 0.536 0.5655 0.5655 0.538 0.538 0.538 0.498 0.498 0.5081 0.5081 0.4915 0.4915 0.4915 0.49 0.49 0.513 0.513 0.4685 0.4685 0.4685 0.4065 0.4065 0.407 0.407 0.4155 0.4155 0.4155 0.399 0.399 0.3965 0.3965
0.429 0.4635 0.4635 0.46 0.46 0.46 0.458 0.458 0.4695 0.4695 0.51 0.51 0.453 0.453 0.453 0.452 0.452 0.4565 0.4565 0.4625 0.4625 0.4625 0.4965 0.4965 0.4265 0.4265 0.47 0.47 0.47 0.4405 0.4405 0.405 0.405 0.4145 0.4145 0.4145 0.423 0.423 0.4505 0.4505 0.483 0.483 0.483 0.491 0.491 0.5535 0.5535 0.54 0.54 0.5571 0.5571 0.5571 0.4765 0.4765 0.478 0.478 0.4371 0.4371 0.4371 0.4996 0.4996 0.512 0.512 0.4951 0.4951 0.4951 0.458 0.458 0.457 0.457 0.4205 0.4205 0.4205 0.4415 0.4415 0.4445 0.4445
0.429 0.4635 0.4635 0.46 0.46 0.46 0.458 0.458 0.4695 0.4695 0.51 0.51 0.453 0.453 0.453 0.452 0.452 0.4565 0.4565 0.4625 0.4625 0.4625 0.4965 0.4965 0.4265 0.4265 0.47 0.47 0.47 0.4405 0.4405 0.405 0.405 0.4145 0.4145 0.4145 0.423 0.423 0.4505 0.4505 0.483 0.483 0.483 0.491 0.491 0.5535 0.5535 0.54 0.54 0.5571 0.5571 0.5571 0.4765 0.4765 0.478 0.478 0.4371 0.4371 0.4371 0.4996 0.4996 0.512 0.512 0.4951 0.4951 0.4951 0.458 0.458 0.457 0.457 0.4205 0.4205 0.4205 0.4415 0.4415 0.4445 0.4445
0.482 0.5115 0.5115 0.482 0.482 0.482 0.466 0.466 0.4285 0.4285 0.4455 0.4455 0.4705 0.4705 0.4705 0.458 0.458 0.482 0.482 0.505 0.505 0.505 0.4855 0.4855 0.4805 0.4805 0.49 0.49 0.49 0.532 0.532 0.505 0.505 0.3965 0.3965 0.3965 0.42 0.42 0.4225 0.4225 0.435 0.435 0.435 0.518 0.518 0.517 0.517 0.505 0.505 0.5315 0.5315 0.5315 0.4745 0.4745 0.5431 0.5431 0.5566 0.5566 0.5566 0.5811 0.5811 0.5141 0.5141 0.47 0.47 0.47 0.432 0.432 0.412 0.412 0.4475 0.4475 0.4475 0.434 0.434 0.48 0.48
0.482 0.5115 0.5115 0.482 0.482 0.482 0.466 0.466 0.4285 0.4285 0.4455 0.4455 0.4705 0.4705 0.4705 0.458 0.458 0.482 0.482 0.505 0.505 0.505 0.4855 0.4855 0.4805 0.4805 0.49 0.49 0.49 0.532 0.532 0.505 0.505 0.3965 0.3965 0.3965 0.42 0.42 0.4225 0.4225 0.435 0.435 0.435 0.518 0.518 0.517 0.517 0.505 0.505 0.5315 0.5315 0.5315 0.4745 0.4745 0.5431 0.5431 0.5566 0.5566 0.5566 0.5811 0.5811 0.5141 0.5141 0.47 0.47 0.47 0.432 0.432 0.412 0.412 0.4475 0.4475 0.4475 0.434 0.434 0.48 0.48
0.5105 0.5325 0.5325 0.4995 0.4995 0.4995 0.4625 0.4625 0.4405 0.4405 0.489 0.489 0.4545 0.4545 0.4545 0.4455 0.4455 0.4275 0.4275 0.4715 0.4715 0.4715 0.516 0.516 0.5575 0.5575 0.5345 0.5345 0.5345 0.521 0.521 0.454 0.454 0.4265 0.4265 0.4265 0.437 0.437 0.412 0.412 0.4575 0.4575 0.4575 0.5301 0.5301 0.5325 0.5325 0.51 0.51 0.482 0.482 0.482 0.5526 0.5526 0.5526 0.5526 0.6106 0.6106 0.6106 0.5996 0.5996 0.5281 0.5281 0.4696 0.4696 0.4696 0.457 0.457 0.4435 0.4435 0.498 0.498 0.498 0.48 0.48 0.5361 0.5361
0.5105 0.5325 0.5325 0.4995 0.4995 0.4995 0.4625 0.4625 0.4405 0.4405 0.489 0.489 0.4545 0.4545 0.4545 0.4455 0.4455 0.4275 0.4275 0.4715 0.4715 0.4715 0.516 0.516 0.5575 0.5575 0.5345 0.5345 0.5345 0.521 0.521 0.454 0.454 0.4265 0.4265 0.4265 0.437 0.437 0.412 0.412 0.4575 0.4575 0.4575 0.5301 0.5301 0.5325 0.5325 0.51 0.51 0.482 0.482 0.482 0.5526 0.5526 0.5526 0.5526 0.6106 0.6106 0.6106 0.5996 0.5996 0.5281 0.5281 0.4696 0.4696 0.4696 0.457 0.457 0.4435 0.4435 0.498 0.498 0.498 0.48 0.48 0.5361 0.5361
0.5105 0.5325 0.5325 0.4995 0.4995 0.4995 0.4625 0.4625 0.4405 0.4405 0.489 0.489 0.4545 0.4545 0.4545 0.4455 0.4455 0.4275 0.4275 0.4715 0.4715 0.4715 0.516 0.516 0.5575 0.5575 0.5345 0.5345 0.5345 0.521 0.521 0.454 0.454 0.4265 0.4265 0.4265 0.437 0.437 0.412 0.412 0.4575 0.4575 0.4575 0.5301 0.5301 0.5325 0.5325 0.51 0.51 0.482 0.482 0.482 0.5526 0.5526 0.5526 0.5526 0.6106 0.6106 0.6106 0.5996 0.5996 0.5281 0.5281 0.4696 0.4696 0.4696 0.457 0.457 0.4435 0.4435 0.498 0.498 0.498 0.48 0.48 0.5361 0.5361
