ndvi/NOAA-102.asc
ncols         252
nrows         154
xllcorner     -18.017974
yllcorner     13.481982
cellsize      0.035948
NODATA_value  -9999
[rows 105 to 139 of 154, columns 77 to 153 of 252]
0.234 0.234 0.2395 0.2395 0.242 0.242 0.2415 0.2415 0.2415 0.237 0.237 0.227 0.227 0.217 0.217 0.2165 0.2165 0.2165 0.213 0.213 0.2225 0.2225 0.2255 0.2255 0.2255 0.25 0.25 0.2495 0.2495 0.2475 0.2475 0.2475 0.2605 0.2605 0.265 0.265 0.2575 0.2575 0.2575 0.263 0.263 0.259 0.259 0.259 0.259 0.259 0.2645 0.2645 0.2645 0.2645 0.2545 0.2545 0.2625 0.2625 0.2625 0.248 0.248 0.272 0.272 0.2515 0.2515 0.2515 0.257 0.257 0.2835 0.2835 0.258 0.258 0.258 0.2535 0.2535 0.252 0.252 0.247 0.247 0.247 0.2285
0.2245 0.2245 0.2365 0.2365 0.242 0.242 0.2405 0.2405 0.2405 0.2225 0.2225 0.2285 0.2285 0.229 0.229 0.22 0.22 0.22 0.211 0.211 0.224 0.224 0.243 0.243 0.243 0.246 0.246 0.2555 0.2555 0.241 0.241 0.241 0.2665 0.2665 0.2725 0.2725 0.2735 0.2735 0.2735 0.245 0.245 0.246 0.246 0.257 0.257 0.257 0.253 0.253 0.2775 0.2775 0.2545 0.2545 0.247 0.247 0.247 0.2505 0.2505 0.2645 0.2645 0.255 0.255 0.255 0.248 0.248 0.2875 0.2875 0.2745 0.2745 0.2745 0.2495 0.2495 0.2455 0.2455 0.2565 0.2565 0.2565 0.234
0.2245 0.2245 0.2365 0.2365 0.242 0.242 0.2405 0.2405 0.2405 0.2225 0.2225 0.2285 0.2285 0.229 0.229 0.22 0.22 0.22 0.211 0.211 0.224 0.224 0.243 0.243 0.243 0.246 0.246 0.2555 0.2555 0.241 0.241 0.241 0.2665 0.2665 0.2725 0.2725 0.2735 0.2735 0.2735 0.245 0.245 0.246 0.246 0.257 0.257 0.257 0.253 0.253 0.2775 0.2775 0.2545 0.2545 0.247 0.247 0.247 0.2505 0.2505 0.2645 0.2645 0.255 0.255 0.255 0.248 0.248 0.2875 0.2875 0.2745 0.2745 0.2745 0.2495 0.2495 0.2455 0.2455 0.2565 0.2565 0.2565 0.234
0.246 0.246 0.237 0.237 0.2475 0.2475 0.245 0.245 0.245 0.2455 0.2455 0.2295 0.2295 0.242 0.242 0.234 0.234 0.234 0.24 0.24 0.25 0.25 0.2565 0.2565 0.2565 0.252 0.252 0.257 0.257 0.2495 0.2495 0.2495 0.272 0.272 0.2655 0.2655 0.2615 0.2615 0.2615 0.251 0.251 0.2385 0.2385 0.243 0.243 0.243 0.2355 0.2355 0.2615 0.2615 0.2565 0.2565 0.256 0.256 0.256 0.2475 0.2475 0.254 0.254 0.249 0.249 0.249 0.2595 0.2595 0.2695 0.2695 0.2875 0.2875 0.2875 0.262 0.262 0.2315 0.2315 0.2165 0.2165 0.2165 0.229
0.246 0.246 0.237 0.237 0.2475 0.2475 0.245 0.245 0.245 0.2455 0.2455 0.2295 0.2295 0.242 0.242 0.234 0.234 0.234 0.24 0.24 0.25 0.25 0.2565 0.2565 0.2565 0.252 0.252 0.257 0.257 0.2495 0.2495 0.2495 0.272 0.272 0.2655 0.2655 0.2615 0.2615 0.2615 0.251 0.251 0.2385 0.2385 0.243 0.243 0.243 0.2355 0.2355 0.2615 0.2615 0.2565 0.2565 0.256 0.256 0.256 0.2475 0.2475 0.254 0.254 0.249 0.249 0.249 0.2595 0.2595 0.2695 0.2695 0.2875 0.2875 0.2875 0.262 0.262 0.2315 0.2315 0.2165 0.2165 0.2165 0.229
0.243 0.243 0.242 0.242 0.238 0.238 0.238 0.238 0.238 0.2365 0.2365 0.241 0.241 0.2505 0.2505 0.273 0.273 0.273 0.2645 0.2645 0.25 0.25 0.2465 0.2465 0.2465 0.2545 0.2545 0.249 0.249 0.2645 0.2645 0.2645 0.2845 0.2845 0.2535 0.2535 0.255 0.255 0.255 0.2375 0.2375 0.232 0.232 0.2125 0.2125 0.2125 0.2365 0.2365 0.2395 0.2395 0.248 0.248 0.27 0.27 0.27 0.2475 0.2475 0.2405 0.2405 0.2385 0.2385 0.2385 0.2625 0.2625 0.2545 0.2545 0.284 0.284 0.284 0.295 0.295 0.2845 0.2845 0.269 0.269 0.269 0.2175
0.243 0.243 0.242 0.242 0.238 0.238 0.238 0.238 0.238 0.2365 0.2365 0.241 0.241 0.2505 0.2505 0.273 0.273 0.273 0.2645 0.2645 0.25 0.25 0.2465 0.2465 0.2465 0.2545 0.2545 0.249 0.249 0.2645 0.2645 0.2645 0.2845 0.2845 0.2535 0.2535 0.255 0.255 0.255 0.2375 0.2375 0.232 0.232 0.2125 0.2125 0.2125 0.2365 0.2365 0.2395 0.2395 0.248 0.248 0.27 0.27 0.27 0.2475 0.2475 0.2405 0.2405 0.2385 0.2385 0.2385 0.2625 0.2625 0.2545 0.2545 0.284 0.284 0.284 0.295 0.295 0.2845 0.2845 0.269 0.269 0.269 0.2175
0.243 0.243 0.242 0.242 0.238 0.238 0.238 0.238 0.238 0.2365 0.2365 0.241 0.241 0.2505 0.2505 0.273 0.273 0.273 0.2645 0.2645 0.25 0.25 0.2465 0.2465 0.2465 0.2545 0.2545 0.249 0.249 0.2645 0.2645 0.2645 0.2845 0.2845 0.2535 0.2535 0.255 0.255 0.255 0.2375 0.2375 0.232 0.232 0.2125 0.2125 0.2125 0.2365 0.2365 0.2395 0.2395 0.248 0.248 0.27 0.27 0.27 0.2475 0.2475 0.2405 0.2405 0.2385 0.2385 0.2385 0.2625 0.2625 0.2545 0.2545 0.284 0.284 0.284 0.295 0.295 0.2845 0.2845 0.269 0.269 0.269 0.2175
0.2505 0.2505 0.244 0.244 0.2555 0.2555 0.2585 0.2585 0.2585 0.261 0.261 0.252 0.252 0.2455 0.2455 0.265 0.265 0.265 0.2675 0.2675 0.2695 0.2695 0.265 0.265 0.265 0.266 0.266 0.266 0.266 0.256 0.256 0.256 0.2645 0.2645 0.2635 0.2635 0.246 0.246 0.246 0.253 0.253 0.2585 0.2585 0.249 0.249 0.249 0.2675 0.2675 0.271 0.271 0.263 0.263 0.267 0.267 0.267 0.276 0.276 0.251 0.251 0.2775 0.2775 0.2775 0.252 0.252 0.252 0.252 0.2655 0.2655 0.2655 0.276 0.276 0.2615 0.2615 0.261 0.261 0.261 0.229
0.2505 0.2505 0.244 0.244 0.2555 0.2555 0.2585 0.2585 0.2585 0.261 0.261 0.252 0.252 0.2455 0.2455 0.265 0.265 0.265 0.2675 0.2675 0.2695 0.2695 0.265 0.265 0.265 0.266 0.266 0.266 0.266 0.256 0.256 0.256 0.2645 0.2645 0.2635 0.2635 0.246 0.246 0.246 0.253 0.253 0.2585 0.2585 0.249 0.249 0.249 0.2675 0.2675 0.271 0.271 0.263 0.263 0.267 0.267 0.267 0.276 0.276 0.251 0.251 0.2775 0.2775 0.2775 0.252 0.252 0.252 0.252 0.2655 0.2655 0.2655 0.276 0.276 0.2615 0.2615 0.261 0.261 0.261 0.229
0.2585 0.2585 0.2525 0.2525 0.2525 0.2525 0.248 0.248 0.248 0.2405 0.2405 0.236 0.236 0.2605 0.2605 0.273 0.273 0.273 0.287 0.287 0.2735 0.2735 0.2645 0.2645 0.2645 0.2765 0.2765 0.265 0.265 0.2515 0.2515 0.2515 0.2635 0.2635 0.2755 0.2755 0.266 0.266 0.266 0.258 0.258 0.2605 0.2605 0.2495 0.2495 0.2495 0.272 0.272 0.2665 0.2665 0.2695 0.2695 0.29 0.29 0.29 0.2575 0.2575 0.2605 0.2605 0.2575 0.2575 0.2575 0.253 0.253 0.246 0.246 0.2515 0.2515 0.2515 0.2625 0.2625 0.265 0.265 0.255 0.255 0.255 0.2225
0.2585 0.2585 0.2525 0.2525 0.2525 0.2525 0.248 0.248 0.248 0.2405 0.2405 0.236 0.236 0.2605 0.2605 0.273 0.273 0.273 0.287 0.287 0.2735 0.2735 0.2645 0.2645 0.2645 0.2765 0.2765 0.265 0.265 0.2515 0.2515 0.2515 0.2635 0.2635 0.2755 0.2755 0.266 0.266 0.266 0.258 0.258 0.2605 0.2605 0.2495 0.2495 0.2495 0.272 0.272 0.2665 0.2665 0.2695 0.2695 0.29 0.29 0.29 0.2575 0.2575 0.2605 0.2605 0.2575 0.2575 0.2575 0.253 0.253 0.246 0.246 0.2515 0.2515 0.2515 0.2625 0.2625 0.265 0.265 0.255 0.255 0.255 0.2225
0.242 0.242 0.2255 0.2255 0.2265 0.2265 0.243 0.243 0.243 0.2655 0.2655 0.2505 0.2505 0.2575 0.2575 0.2735 0.2735 0.2735 0.2885 0.2885 0.2815 0.2815 0.2775 0.2775 0.2775 0.279 0.279 0.2725 0.2725 0.2525 0.2525 0.2525 0.2555 0.2555 0.278 0.278 0.2635 0.2635 0.2635 0.2585 0.2585 0.2465 0.2465 0.267 0.267 0.267 0.26 0.26 0.2795 0.2795 0.2915 0.2915 0.289 0.289 0.289 0.2495 0.2495 0.256 0.256 0.271 0.271 0.271 0.2635 0.2635 0.2515 0.2515 0.2465 0.2465 0.2465 0.2685 0.2685 0.2645 0.2645 0.2755 0.2755 0.2755 0.2465
0.242 0.242 0.2255 0.2255 0.2265 0.2265 0.243 0.243 0.243 0.2655 0.2655 0.2505 0.2505 0.2575 0.2575 0.2735 0.2735 0.2735 0.2885 0.2885 0.2815 0.2815 0.2775 0.2775 0.2775 0.279 0.279 0.2725 0.2725 0.2525 0.2525 0.2525 0.2555 0.2555 0.278 0.278 0.2635 0.2635 0.2635 0.2585 0.2585 0.2465 0.2465 0.267 0.267 0.267 0.26 0.26 0.2795 0.2795 0.2915 0.2915 0.289 0.289 0.289 0.2495 0.2495 0.256 0.256 0.271 0.271 0.271 0.2635 0.2635 0.2515 0.2515 0.2465 0.2465 0.2465 0.2685 0.2685 0.2645 0.2645 0.2755 0.2755 0.2755 0.2465
0.242 0.242 0.2255 0.2255 0.2265 0.2265 0.243 0.243 0.243 0.2655 0.2655 0.2505 0.2505 0.2575 0.2575 0.2735 0.2735 0.2735 0.2885 0.2885 0.2815 0.2815 0.2775 0.2775 0.2775 0.279 0.279 0.2725 0.2725 0.2525 0.2525 0.2525 0.2555 0.2555 0.278 0.278 0.2635 0.2635 0.2635 0.2585 0.2585 0.2465 0.2465 0.267 0.267 0.267 0.26 0.26 0.2795 0.2795 0.2915 0.2915 0.289 0.289 0.289 0.2495 0.2495 0.256 0.256 0.271 0.271 0.271 0.2635 0.2635 0.2515 0.2515 0.2465 0.2465 0.2465 0.2685 0.2685 0.2645 0.2645 0.2755 0.2755 0.2755 0.2465
0.2515 0.2515 0.212 0.212 0.223 0.223 0.216 0.216 0.216 0.233 0.233 0.2505 0.2505 0.2535 0.2535 0.2635 0.2635 0.2635 0.298 0.298 0.289 0.289 0.2755 0.2755 0.2755 0.2605 0.2605 0.278 0.278 0.2755 0.2755 0.2755 0.276 0.276 0.288 0.288 0.2725 0.2725 0.2725 0.272 0.272 0.28 0.28 0.294 0.294 0.294 0.2965 0.2965 0.286 0.286 0.3055 0.3055 0.3135 0.3135 0.3135 0.2745 0.2745 0.2745 0.2745 0.2605 0.2605 0.2605 0.2495 0.2495 0.26 0.26 0.2585 0.2585 0.2585 0.2585 0.2585 0.262 0.262 0.2785 0.2785 0.2785 0.2745
0.2515 0.2515 0.212 0.212 0.223 0.223 0.216 0.216 0.216 0.233 0.233 0.2505 0.2505 0.2535 0.2535 0.2635 0.2635 0.2635 0.298 0.298 0.289 0.289 0.2755 0.2755 0.2755 0.2605 0.2605 0.278 0.278 0.2755 0.2755 0.2755 0.276 0.276 0.288 0.288 0.2725 0.2725 0.2725 0.272 0.272 0.28 0.28 0.294 0.294 0.294 0.2965 0.2965 0.286 0.286 0.3055 0.3055 0.3135 0.3135 0.3135 0.2745 0.2745 0.2745 0.2745 0.2605 0.2605 0.2605 0.2495 0.2495 0.26 0.26 0.2585 0.2585 0.2585 0.2585 0.2585 0.262 0.262 0.2785 0.2785 0.2785 0.2745
0.2135 0.2135 0.2205 0.2205 0.2125 0.2125 0.2605 0.2605 0.2605 0.2455 0.2455 0.254 0.254 0.265 0.265 0.259 0.259 0.259 0.275 0.275 0.2665 0.2665 0.2715 0.2715 0.2715 0.2765 0.2765 0.281 0.281 0.271 0.271 0.271 0.2715 0.2715 0.2835 0.2835 0.2815 0.2815 0.2815 0.297 0.297 0.311 0.311 0.307 0.307 0.307 0.299 0.299 0.318 0.318 0.3205 0.3205 0.325 0.325 0.325 0.317 0.317 0.3075 0.3075 0.293 0.293 0.293 0.3 0.3 0.278 0.278 0.2675 0.2675 0.2675 0.2745 0.2745 0.281 0.281 0.3005 0.3005 0.3005 0.291
0.2135 0.2135 0.2205 0.2205 0.2125 0.2125 0.2605 0.2605 0.2605 0.2455 0.2455 0.254 0.254 0.265 0.265 0.259 0.259 0.259 0.275 0.275 0.2665 0.2665 0.2715 0.2715 0.2715 0.2765 0.2765 0.281 0.281 0.271 0.271 0.271 0.2715 0.2715 0.2835 0.2835 0.2815 0.2815 0.2815 0.297 0.297 0.311 0.311 0.307 0.307 0.307 0.299 0.299 0.318 0.318 0.3205 0.3205 0.325 0.325 0.325 0.317 0.317 0.3075 0.3075 0.293 0.293 0.293 0.3 0.3 0.278 0.278 0.2675 0.2675 0.2675 0.2745 0.2745 0.281 0.281 0.3005 0.3005 0.3005 0.291
0.234 0.234 0.231 0.231 0.237 0.237 0.262 0.262 0.262 0.246 0.246 0.25 0.25 0.266 0.266 0.2415 0.2415 0.2415 0.2665 0.2665 0.2695 0.2695 0.2805 0.2805 0.2805 0.2775 0.2775 0.274 0.274 0.293 0.293 0.293 0.309 0.309 0.304 0.304 0.321 0.321 0.321 0.317 0.317 0.3175 0.3175 0.324 0.324 0.324 0.3085 0.3085 0.31 0.31 0.3205 0.3205 0.3325 0.3325 0.3325 0.3175 0.3175 0.319 0.319 0.313 0.313 0.313 0.2935 0.2935 0.2885 0.2885 0.296 0.296 0.296 0.301 0.301 0.3025 0.3025 0.3135 0.3135 0.3135 0.315
0.234 0.234 0.231 0.231 0.237 0.237 0.262 0.262 0.262 0.246 0.246 0.25 0.25 0.266 0.266 0.2415 0.2415 0.2415 0.2665 0.2665 0.2695 0.2695 0.2805 0.2805 0.2805 0.2775 0.2775 0.274 0.274 0.293 0.293 0.293 0.309 0.309 0.304 0.304 0.321 0.321 0.321 0.317 0.317 0.3175 0.3175 0.324 0.324 0.324 0.3085 0.3085 0.31 0.31 0.3205 0.3205 0.3325 0.3325 0.3325 0.3175 0.3175 0.319 0.319 0.313 0.313 0.313 0.2935 0.2935 0.2885 0.2885 0.296 0.296 0.296 0.301 0.301 0.3025 0.3025 0.3135 0.3135 0.3135 0.315
0.259 0.259 0.2335 0.2335 0.2595 0.2595 0.252 0.252 0.252 0.2615 0.2615 0.26 0.26 0.25 0.25 0.248 0.248 0.248 0.2755 0.2755 0.306 0.306 0.294 0.294 0.294 0.291 0.291 0.301 0.301 0.3085 0.3085 0.3085 0.3135 0.3135 0.3205 0.3205 0.3145 0.3145 0.3145 0.3195 0.3195 0.322 0.322 0.3175 0.3175 0.3175 0.324 0.324 0.3295 0.3295 0.3195 0.3195 0.321 0.321 0.321 0.313 0.313 0.3165 0.3165 0.3195 0.3195 0.3195 0.3125 0.3125 0.312 0.312 0.318 0.318 0.318 0.316 0.316 0.306 0.306 0.3205 0.3205 0.3205 0.3255
0.259 0.259 0.2335 0.2335 0.2595 0.2595 0.252 0.252 0.252 0.2615 0.2615 0.26 0.26 0.25 0.25 0.248 0.248 0.248 0.2755 0.2755 0.306 0.306 0.294 0.294 0.294 0.291 0.291 0.301 0.301 0.3085 0.3085 0.3085 0.3135 0.3135 0.3205 0.3205 0.3145 0.3145 0.3145 0.3195 0.3195 0.322 0.322 0.3175 0.3175 0.3175 0.324 0.324 0.3295 0.3295 0.3195 0.3195 0.321 0.321 0.321 0.313 0.313 0.3165 0.3165 0.3195 0.3195 0.3195 0.3125 0.3125 0.312 0.312 0.318 0.318 0.318 0.316 0.316 0.306 0.306 0.3205 0.3205 0.3205 0.3255
0.259 0.259 0.2335 0.2335 0.2595 0.2595 0.252 0.252 0.252 0.2615 0.2615 0.26 0.26 0.25 0.25 0.248 0.248 0.248 0.2755 0.2755 0.306 0.306 0.294 0.294 0.294 0.291 0.291 0.301 0.301 0.3085 0.3085 0.3085 0.3135 0.3135 0.3205 0.3205 0.3145 0.3145 0.3145 0.3195 0.3195 0.322 0.322 0.3175 0.3175 0.3175 0.324 0.324 0.3295 0.3295 0.3195 0.3195 0.321 0.321 0.321 0.313 0.313 0.3165 0.3165 0.3195 0.3195 0.3195 0.3125 0.3125 0.312 0.312 0.318 0.318 0.318 0.316 0.316 0.306 0.306 0.3205 0.3205 0.3205 0.3255
0.2525 0.2525 0.26 0.26 0.273 0.273 0.2645 0.2645 0.2645 0.2745 0.2745 0.2595 0.2595 0.2575 0.2575 0.265 0.265 0.265 0.276 0.276 0.2965 0.2965 0.2985 0.2985 0.2985 0.313 0.313 0.3035 0.3035 0.3125 0.3125 0.3125 0.3215 0.3215 0.3235 0.3235 0.3345 0.3345 0.3345 0.339 0.339 0.328 0.328 0.311 0.311 0.311 0.315 0.315 0.33 0.33 0.33 0.33 0.3305 0.3305 0.3305 0.3055 0.3055 0.316 0.316 0.313 0.313 0.313 0.3165 0.3165 0.3255 0.3255 0.332 0.332 0.332 0.3275 0.3275 0.3335 0.3335 0.334 0.334 0.334 0.328
0.2525 0.2525 0.26 0.26 0.273 0.273 0.2645 0.2645 0.2645 0.2745 0.2745 0.2595 0.2595 0.2575 0.2575 0.265 0.265 0.265 0.276 0.276 0.2965 0.2965 0.2985 0.2985 0.2985 0.313 0.313 0.3035 0.3035 0.3125 0.3125 0.3125 0.3215 0.3215 0.3235 0.3235 0.3345 0.3345 0.3345 0.339 0.339 0.328 0.328 0.311 0.311 0.311 0.315 0.315 0.33 0.33 0.33 0.33 0.3305 0.3305 0.3305 0.3055 0.3055 0.316 0.316 0.313 0.313 0.313 0.3165 0.3165 0.3255 0.3255 0.332 0.332 0.332 0.3275 0.3275 0.3335 0.3335 0.334 0.334 0.334 0.328
0.246 0.246 0.2635 0.2635 0.264 0.264 0.2695 0.2695 0.2695 0.2805 0.2805 0.282 0.282 0.28 0.28 0.2935 0.2935 0.2935 0.2995 0.2995 0.3025 0.3025 0.2925 0.2925 0.2925 0.3115 0.3115 0.3075 0.3075 0.31 0.31 0.31 0.33 0.33 0.337 0.337 0.3645 0.3645 0.3645 0.3485 0.3485 0.356 0.356 0.3185 0.3185 0.3185 0.3095 0.3095 0.3505 0.3505 0.3595 0.3595 0.3385 0.3385 0.3385 0.3395 0.3395 0.312 0.312 0.337 0.337 0.337 0.331 0.331 0.335 0.335 0.334 0.334 0.334 0.336 0.336 0.353 0.353 0.361 0.361 0.361 0.3685
0.246 0.246 0.2635 0.2635 0.264 0.264 0.2695 0.2695 0.2695 0.2805 0.2805 0.282 0.282 0.28 0.28 0.2935 0.2935 0.2935 0.2995 0.2995 0.3025 0.3025 0.2925 0.2925 0.2925 0.3115 0.3115 0.3075 0.3075 0.31 0.31 0.31 0.33 0.33 0.337 0.337 0.3645 0.3645 0.3645 0.3485 0.3485 0.356 0.356 0.3185 0.3185 0.3185 0.3095 0.3095 0.3505 0.3505 0.3595 0.3595 0.3385 0.3385 0.3385 0.3395 0.3395 0.312 0.312 0.337 0.337 0.337 0.331 0.331 0.335 0.335 0.334 0.334 0.334 0.336 0.336 0.353 0.353 0.361 0.361 0.361 0.3685
0.2425 0.2425 0.2535 0.2535 0.2735 0.2735 0.2825 0.2825 0.2825 0.28 0.28 0.2855 0.2855 0.283 0.283 0.279 0.279 0.279 0.3155 0.3155 0.316 0.316 0.3205 0.3205 0.3205 0.324 0.324 0.3125 0.3125 0.327 0.327 0.327 0.3305 0.3305 0.349 0.349 0.375 0.375 0.375 0.368 0.368 0.349 0.349 0.3615 0.3615 0.3615 0.364 0.364 0.353 0.353 0.3435 0.3435 0.339 0.339 0.339 0.364 0.364 0.34 0.34 0.34 0.34 0.34 0.36 0.36 0.352 0.352 0.363 0.363 0.363 0.3555 0.3555 0.3675 0.3675 0.356 0.356 0.356 0.3745
0.2425 0.2425 0.2535 0.2535 0.2735 0.2735 0.2825 0.2825 0.2825 0.28 0.28 0.2855 0.2855 0.283 0.283 0.279 0.279 0.279 0.3155 0.3155 0.316 0.316 0.3205 0.3205 0.3205 0.324 0.324 0.3125 0.3125 0.327 0.327 0.327 0.3305 0.3305 0.349 0.349 0.375 0.375 0.375 0.368 0.368 0.349 0.349 0.3615 0.3615 0.3615 0.364 0.364 0.353 0.353 0.3435 0.3435 0.339 0.339 0.339 0.364 0.364 0.34 0.34 0.34 0.34 0.34 0.36 0.36 0.352 0.352 0.363 0.363 0.363 0.3555 0.3555 0.3675 0.3675 0.356 0.356 0.356 0.3745
0.2425 0.2425 0.2535 0.2535 0.2735 0.2735 0.2825 0.2825 0.2825 0.28 0.28 0.2855 0.2855 0.283 0.283 0.279 0.279 0.279 0.3155 0.3155 0.316 0.316 0.3205 0.3205 0.3205 0.324 0.324 0.3125 0.3125 0.327 0.327 0.327 0.3305 0.3305 0.349 0.349 0.375 0.375 0.375 0.368 0.368 0.349 0.349 0.3615 0.3615 0.3615 0.364 0.364 0.353 0.353 0.3435 0.3435 0.339 0.339 0.339 0.364 0.364 0.34 0.34 0.34 0.34 0.34 0.36 0.36 0.352 0.352 0.363 0.363 0.363 0.3555 0.3555 0.3675 0.3675 0.356 0.356 0.356 0.3745
0.238 0.238 0.2465 0.2465 0.288 0.288 0.2905 0.2905 0.2905 0.2785 0.2785 0.273 0.273 0.278 0.278 0.283 0.283 0.283 0.309 0.309 0.3155 0.3155 0.3205 0.3205 0.3205 0.3345 0.3345 0.342 0.342 0.335 0.335 0.335 0.3415 0.3415 0.3475 0.3475 0.3545 0.3545 0.3545 0.3465 0.3465 0.3455 0.3455 0.3505 0.3505 0.3505 0.358 0.358 0.369 0.369 0.377 0.377 0.3555 0.3555 0.3555 0.383 0.383 0.3845 0.3845 0.3841 0.3841 0.3841 0.374 0.374 0.365 0.365 0.3741 0.3741 0.3741 0.3465 0.3465 0.354 0.354 0.364 0.364 0.364 0.372
0.238 0.238 0.2465 0.2465 0.288 0.288 0.2905 0.2905 0.2905 0.2785 0.2785 0.273 0.273 0.278 0.278 0.283 0.283 0.283 0.309 0.309 0.3155 0.3155 0.3205 0.3205 0.3205 0.3345 0.3345 0.342 0.342 0.335 0.335 0.335 0.3415 0.3415 0.3475 0.3475 0.3545 0.3545 0.3545 0.3465 0.3465 0.3455 0.3455 0.3505 0.3505 0.3505 0.358 0.358 0.369 0.369 0.377 0.377 0.3555 0.3555 0.3555 0.383 0.383 0.3845 0.3845 0.3841 0.3841 0.3841 0.374 0.374 0.365 0.365 0.3741 0.3741 0.3741 0.3465 0.3465 0.354 0.354 0.364 0.364 0.364 0.372
0.2525 0.2525 0.2725 0.2725 0.284 0.284 0.2865 0.2865 0.2865 0.2795 0.2795 0.2805 0.2805 0.275 0.275 0.303 0.303 0.303 0.3075 0.3075 0.308 0.308 0.328 0.328 0.328 0.3245 0.3245 0.328 0.328 0.339 0.339 0.339 0.359 0.359 0.3535 0.3535 0.3705 0.3705 0.3705 0.3535 0.3535 0.353 0.353 0.344 0.344 0.344 0.343 0.343 0.364 0.364 0.357 0.357 0.3995 0.3995 0.3995 0.422 0.422 0.4376 0.4376 0.4475 0.4475 0.4475 0.4415 0.4415 0.3745 0.3745 0.3861 0.3861 0.3861 0.348 0.348 0.3765 0.3765 0.3645 0.3645 0.3645 0.361
0.2525 0.2525 0.2725 0.2725 0.284 0.284 0.2865 0.2865 0.2865 0.2795 0.2795 0.2805 0.2805 0.275 0.275 0.303 0.303 0.303 0.3075 0.3075 0.308 0.308 0.328 0.328 0.328 0.3245 0.3245 0.328 0.328 0.339 0.339 0.339 0.359 0.359 0.3535 0.3535 0.3705 0.3705 0.3705 0.3535 0.3535 0.353 0.353 0.344 0.344 0.344 0.343 0.343 0.364 0.364 0.357 0.357 0.3995 0.3995 0.3995 0.422 0.422 0.4376 0.4376 0.4475 0.4475 0.4475 0.4415 0.4415 0.3745 0.3745 0.3861 0.3861 0.3861 0.348 0.348 0.3765 0.3765 0.3645 0.3645 0.3645 0.361
