ndvi/NOAA-90.asc
ncols         252
nrows         154
xllcorner     -18.017974
yllcorner     13.481982
cellsize      0.035948
NODATA_value  -9999
[rows 35 to 69 of 154, columns 154 to 230 of 252]
0.1455 0.149 0.149 0.143 0.143 0.143 0.1575 0.1575 0.1395 0.1395 0.131 0.131 0.121 0.121 0.121 0.118 0.118 0.124 0.124 0.1205 0.1205 0.1205 0.114 0.114 0.131 0.131 0.1335 0.1335 0.1335 0.1415 0.1415 0.142 0.142 0.1355 0.1355 0.1355 0.122 0.122 0.1255 0.1255 0.1295 0.1295 0.1295 0.1165 0.1165 0.117 0.117 0.133 0.133 0.1385 0.1385 0.1385 0.139 0.139 0.134 0.134 0.1315 0.1315 0.1315 0.124 0.124 0.122 0.122 0.119 0.119 0.119 0.1175 0.1175 0.1215 0.1215 0.1215 0.1215 0.1215 0.115 0.115 0.111 0.111
0.1455 0.149 0.149 0.143 0.143 0.143 0.1575 0.1575 0.1395 0.1395 0.131 0.131 0.121 0.121 0.121 0.118 0.118 0.124 0.124 0.1205 0.1205 0.1205 0.114 0.114 0.131 0.131 0.1335 0.1335 0.1335 0.1415 0.1415 0.142 0.142 0.1355 0.1355 0.1355 0.122 0.122 0.1255 0.1255 0.1295 0.1295 0.1295 0.1165 0.1165 0.117 0.117 0.133 0.133 0.1385 0.1385 0.1385 0.139 0.139 0.134 0.134 0.1315 0.1315 0.1315 0.124 0.124 0.122 0.122 0.119 0.119 0.119 0.1175 0.1175 0.1215 0.1215 0.1215 0.1215 0.1215 0.115 0.115 0.111 0.111
0.1525 0.1485 0.1485 0.145 0.145 0.145 0.1375 0.1375 0.142 0.142 0.124 0.124 0.137 0.137 0.137 0.1335 0.1335 0.1265 0.1265 0.1195 0.1195 0.1195 0.12 0.12 0.1315 0.1315 0.148 0.148 0.148 0.1605 0.1605 0.143 0.143 0.1365 0.1365 0.1365 0.126 0.126 0.13 0.13 0.124 0.124 0.124 0.127 0.127 0.1275 0.1275 0.1405 0.1405 0.135 0.135 0.135 0.1335 0.1335 0.13 0.13 0.1365 0.1365 0.1365 0.1345 0.1345 0.1285 0.1285 0.1215 0.1215 0.1215 0.117 0.117 0.121 0.121 0.124 0.124 0.124 0.128 0.128 0.1195 0.1195
0.1525 0.1485 0.1485 0.145 0.145 0.145 0.1375 0.1375 0.142 0.142 0.124 0.124 0.137 0.137 0.137 0.1335 0.1335 0.1265 0.1265 0.1195 0.1195 0.1195 0.12 0.12 0.1315 0.1315 0.148 0.148 0.148 0.1605 0.1605 0.143 0.143 0.1365 0.1365 0.1365 0.126 0.126 0.13 0.13 0.124 0.124 0.124 0.127 0.127 0.1275 0.1275 0.1405 0.1405 0.135 0.135 0.135 0.1335 0.1335 0.13 0.13 0.1365 0.1365 0.1365 0.1345 0.1345 0.1285 0.1285 0.1215 0.1215 0.1215 0.117 0.117 0.121 0.121 0.124 0.124 0.124 0.128 0.128 0.1195 0.1195
0.158 0.1325 0.1325 0.133 0.133 0.133 0.1335 0.1335 0.136 0.136 0.131 0.131 0.131 0.131 0.131 0.1305 0.1305 0.128 0.128 0.1245 0.1245 0.1245 0.1215 0.1215 0.1355 0.1355 0.1425 0.1425 0.1425 0.1585 0.1585 0.1475 0.1475 0.1515 0.1515 0.1515 0.142 0.142 0.127 0.127 0.125 0.125 0.125 0.128 0.128 0.145 0.145 0.1445 0.1445 0.1465 0.1465 0.1465 0.1365 0.1365 0.139 0.139 0.1405 0.1405 0.1405 0.1385 0.1385 0.139 0.139 0.1285 0.1285 0.1285 0.1235 0.1235 0.123 0.123 0.127 0.127 0.127 0.1285 0.1285 0.126 0.126
0.158 0.1325 0.1325 0.133 0.133 0.133 0.1335 0.1335 0.136 0.136 0.131 0.131 0.131 0.131 0.131 0.1305 0.1305 0.128 0.128 0.1245 0.1245 0.1245 0.1215 0.1215 0.1355 0.1355 0.1425 0.1425 0.1425 0.1585 0.1585 0.1475 0.1475 0.1515 0.1515 0.1515 0.142 0.142 0.127 0.127 0.125 0.125 0.125 0.128 0.128 0.145 0.145 0.1445 0.1445 0.1465 0.1465 0.1465 0.1365 0.1365 0.139 0.139 0.1405 0.1405 0.1405 0.1385 0.1385 0.139 0.139 0.1285 0.1285 0.1285 0.1235 0.1235 0.123 0.123 0.127 0.127 0.127 0.1285 0.1285 0.126 0.126
0.15 0.1475 0.1475 0.138 0.138 0.138 0.129 0.129 0.133 0.133 0.136 0.136 0.133 0.133 0.133 0.13 0.13 0.128 0.128 0.1435 0.1435 0.1435 0.132 0.132 0.151 0.151 0.1435 0.1435 0.1435 0.159 0.159 0.1665 0.1665 0.1555 0.1555 0.1555 0.1595 0.1595 0.1575 0.1575 0.1535 0.1535 0.1535 0.1455 0.1455 0.151 0.151 0.1525 0.1525 0.1435 0.1435 0.1435 0.1375 0.1375 0.137 0.137 0.14 0.14 0.14 0.1405 0.1405 0.146 0.146 0.1515 0.1515 0.1515 0.1435 0.1435 0.135 0.135 0.1295 0.1295 0.1295 0.1335 0.1335 0.125 0.125
0.15 0.1475 0.1475 0.138 0.138 0.138 0.129 0.129 0.133 0.133 0.136 0.136 0.133 0.133 0.133 0.13 0.13 0.128 0.128 0.1435 0.1435 0.1435 0.132 0.132 0.151 0.151 0.1435 0.1435 0.1435 0.159 0.159 0.1665 0.1665 0.1555 0.1555 0.1555 0.1595 0.1595 0.1575 0.1575 0.1535 0.1535 0.1535 0.1455 0.1455 0.151 0.151 0.1525 0.1525 0.1435 0.1435 0.1435 0.1375 0.1375 0.137 0.137 0.14 0.14 0.14 0.1405 0.1405 0.146 0.146 0.1515 0.1515 0.1515 0.1435 0.1435 0.135 0.135 0.1295 0.1295 0.1295 0.1335 0.1335 0.125 0.125
0.15 0.1475 0.1475 0.138 0.138 0.138 0.129 0.129 0.133 0.133 0.136 0.136 0.133 0.133 0.133 0.13 0.13 0.128 0.128 0.1435 0.1435 0.1435 0.132 0.132 0.151 0.151 0.1435 0.1435 0.1435 0.159 0.159 0.1665 0.1665 0.1555 0.1555 0.1555 0.1595 0.1595 0.1575 0.1575 0.1535 0.1535 0.1535 0.1455 0.1455 0.151 0.151 0.1525 0.1525 0.1435 0.1435 0.1435 0.1375 0.1375 0.137 0.137 0.14 0.14 0.14 0.1405 0.1405 0.146 0.146 0.1515 0.1515 0.1515 0.1435 0.1435 0.135 0.135 0.1295 0.1295 0.1295 0.1335 0.1335 0.125 0.125
0.139 0.162 0.162 0.167 0.167 0.167 0.1415 0.1415 0.1415 0.1415 0.1475 0.1475 0.1585 0.1585 0.1585 0.1485 0.1485 0.192 0.192 0.166 0.166 0.166 0.1585 0.1585 0.1625 0.1625 0.165 0.165 0.165 0.169 0.169 0.1695 0.1695 0.18 0.18 0.18 0.156 0.156 0.142 0.142 0.1445 0.1445 0.1445 0.1575 0.1575 0.1605 0.1605 0.158 0.158 0.171 0.171 0.171 0.1495 0.1495 0.15 0.15 0.1395 0.1395 0.1395 0.151 0.151 0.15 0.15 0.1495 0.1495 0.1495 0.146 0.146 0.138 0.138 0.139 0.139 0.139 0.14 0.14 0.132 0.132
0.139 0.162 0.162 0.167 0.167 0.167 0.1415 0.1415 0.1415 0.1415 0.1475 0.1475 0.1585 0.1585 0.1585 0.1485 0.1485 0.192 0.192 0.166 0.166 0.166 0.1585 0.1585 0.1625 0.1625 0.165 0.165 0.165 0.169 0.169 0.1695 0.1695 0.18 0.18 0.18 0.156 0.156 0.142 0.142 0.1445 0.1445 0.1445 0.1575 0.1575 0.1605 0.1605 0.158 0.158 0.171 0.171 0.171 0.1495 0.1495 0.15 0.15 0.1395 0.1395 0.1395 0.151 0.151 0.15 0.15 0.1495 0.1495 0.1495 0.146 0.146 0.138 0.138 0.139 0.139 0.139 0.14 0.14 0.132 0.132
0.158 0.171 0.171 0.179 0.179 0.179 0.191 0.191 0.1995 0.1995 0.2005 0.2005 0.2035 0.2035 0.2035 0.1915 0.1915 0.184 0.184 0.182 0.182 0.182 0.188 0.188 0.1625 0.1625 0.175 0.175 0.175 0.1805 0.1805 0.173 0.173 0.178 0.178 0.178 0.1775 0.1775 0.1585 0.1585 0.167 0.167 0.167 0.1845 0.1845 0.1825 0.1825 0.1645 0.1645 0.158 0.158 0.158 0.168 0.168 0.1525 0.1525 0.1595 0.1595 0.1595 0.165 0.165 0.154 0.154 0.158 0.158 0.158 0.1535 0.1535 0.1405 0.1405 0.137 0.137 0.137 0.1455 0.1455 0.147 0.147
0.158 0.171 0.171 0.179 0.179 0.179 0.191 0.191 0.1995 0.1995 0.2005 0.2005 0.2035 0.2035 0.2035 0.1915 0.1915 0.184 0.184 0.182 0.182 0.182 0.188 0.188 0.1625 0.1625 0.175 0.175 0.175 0.1805 0.1805 0.173 0.173 0.178 0.178 0.178 0.1775 0.1775 0.1585 0.1585 0.167 0.167 0.167 0.1845 0.1845 0.1825 0.1825 0.1645 0.1645 0.158 0.158 0.158 0.168 0.168 0.1525 0.1525 0.1595 0.1595 0.1595 0.165 0.165 0.154 0.154 0.158 0.158 0.158 0.1535 0.1535 0.1405 0.1405 0.137 0.137 0.137 0.1455 0.1455 0.147 0.147
0.1655 0.175 0.175 0.193 0.193 0.193 0.204 0.204 0.221 0.221 0.1965 0.1965 0.1915 0.1915 0.1915 0.1795 0.1795 0.1945 0.1945 0.193 0.193 0.193 0.195 0.195 0.183 0.183 0.1935 0.1935 0.1935 0.1905 0.1905 0.172 0.172 0.186 0.186 0.186 0.1955 0.1955 0.1735 0.1735 0.181 0.181 0.181 0.1785 0.1785 0.1715 0.1715 0.152 0.152 0.1645 0.1645 0.1645 0.143 0.143 0.1485 0.1485 0.161 0.161 0.161 0.1595 0.1595 0.1595 0.1595 0.155 0.155 0.155 0.1655 0.1655 0.1475 0.1475 0.1435 0.1435 0.1435 0.142 0.142 0.144 0.144
0.1655 0.175 0.175 0.193 0.193 0.193 0.204 0.204 0.221 0.221 0.1965 0.1965 0.1915 0.1915 0.1915 0.1795 0.1795 0.1945 0.1945 0.193 0.193 0.193 0.195 0.195 0.183 0.183 0.1935 0.1935 0.1935 0.1905 0.1905 0.172 0.172 0.186 0.186 0.186 0.1955 0.1955 0.1735 0.1735 0.181 0.181 0.181 0.1785 0.1785 0.1715 0.1715 0.152 0.152 0.1645 0.1645 0.1645 0.143 0.143 0.1485 0.1485 0.161 0.161 0.161 0.1595 0.1595 0.1595 0.1595 0.155 0.155 0.155 0.1655 0.1655 0.1475 0.1475 0.1435 0.1435 0.1435 0.142 0.142 0.144 0.144
0.1655 0.175 0.175 0.193 0.193 0.193 0.204 0.204 0.221 0.221 0.1965 0.1965 0.1915 0.1915 0.1915 0.1795 0.1795 0.1945 0.1945 0.193 0.193 0.193 0.195 0.195 0.183 0.183 0.1935 0.1935 0.1935 0.1905 0.1905 0.172 0.172 0.186 0.186 0.186 0.1955 0.1955 0.1735 0.1735 0.181 0.181 0.181 0.1785 0.1785 0.1715 0.1715 0.152 0.152 0.1645 0.1645 0.1645 0.143 0.143 0.1485 0.1485 0.161 0.161 0.161 0.1595 0.1595 0.1595 0.1595 0.155 0.155 0.155 0.1655 0.1655 0.1475 0.1475 0.1435 0.1435 0.1435 0.142 0.142 0.144 0.144
0.151 0.1685 0.1685 0.185 0.185 0.185 0.207 0.207 0.2215 0.2215 0.2245 0.2245 0.2 0.2 0.2 0.188 0.188 0.1685 0.1685 0.17 0.17 0.17 0.1845 0.1845 0.18 0.18 0.1965 0.1965 0.1965 0.194 0.194 0.188 0.188 0.194 0.194 0.194 0.18 0.18 0.1805 0.1805 0.185 0.185 0.185 0.171 0.171 0.17 0.17 0.1695 0.1695 0.145 0.145 0.145 0.133 0.133 0.1445 0.1445 0.1605 0.1605 0.1605 0.1795 0.1795 0.167 0.167 0.1665 0.1665 0.1665 0.1685 0.1685 0.1595 0.1595 0.1545 0.1545 0.1545 0.1525 0.1525 0.148 0.148
0.151 0.1685 0.1685 0.185 0.185 0.185 0.207 0.207 0.2215 0.2215 0.2245 0.2245 0.2 0.2 0.2 0.188 0.188 0.1685 0.1685 0.17 0.17 0.17 0.1845 0.1845 0.18 0.18 0.1965 0.1965 0.1965 0.194 0.194 0.188 0.188 0.194 0.194 0.194 0.18 0.18 0.1805 0.1805 0.185 0.185 0.185 0.171 0.171 0.17 0.17 0.1695 0.1695 0.145 0.145 0.145 0.133 0.133 0.1445 0.1445 0.1605 0.1605 0.1605 0.1795 0.1795 0.167 0.167 0.1665 0.1665 0.1665 0.1685 0.1685 0.1595 0.1595 0.1545 0.1545 0.1545 0.1525 0.1525 0.148 0.148
0.1365 0.1645 0.1645 0.2 0.2 0.2 0.212 0.212 0.221 0.221 0.2295 0.2295 0.2385 0.2385 0.2385 0.203 0.203 0.17 0.17 0.1665 0.1665 0.1665 0.1845 0.1845 0.201 0.201 0.205 0.205 0.205 0.201 0.201 0.213 0.213 0.2165 0.2165 0.2165 0.222 0.222 0.205 0.205 0.1855 0.1855 0.1855 0.1655 0.1655 0.1695 0.1695 0.1625 0.1625 0.1525 0.1525 0.1525 0.1595 0.1595 0.1885 0.1885 0.181 0.181 0.181 0.186 0.186 0.183 0.183 0.1965 0.1965 0.1965 0.1635 0.1635 0.1805 0.1805 0.1785 0.1785 0.1785 0.19 0.19 0.192 0.192
0.1365 0.1645 0.1645 0.2 0.2 0.2 0.212 0.212 0.221 0.221 0.2295 0.2295 0.2385 0.2385 0.2385 0.203 0.203 0.17 0.17 0.1665 0.1665 0.1665 0.1845 0.1845 0.201 0.201 0.205 0.205 0.205 0.201 0.201 0.213 0.213 0.2165 0.2165 0.2165 0.222 0.222 0.205 0.205 0.1855 0.1855 0.1855 0.1655 0.1655 0.1695 0.1695 0.1625 0.1625 0.1525 0.1525 0.1525 0.1595 0.1595 0.1885 0.1885 0.181 0.181 0.181 0.186 0.186 0.183 0.183 0.1965 0.1965 0.1965 0.1635 0.1635 0.1805 0.1805 0.1785 0.1785 0.1785 0.19 0.19 0.192 0.192
0.1305 0.1645 0.1645 0.184 0.184 0.184 0.195 0.195 0.216 0.216 0.207 0.207 0.2165 0.2165 0.2165 0.2275 0.2275 0.2055 0.2055 0.216 0.216 0.216 0.205 0.205 0.227 0.227 0.22 0.22 0.22 0.215 0.215 0.216 0.216 0.2145 0.2145 0.2145 0.216 0.216 0.2015 0.2015 0.186 0.186 0.186 0.17 0.17 0.1545 0.1545 0.1595 0.1595 0.1605 0.1605 0.1605 0.1725 0.1725 0.156 0.156 0.176 0.176 0.176 0.179 0.179 0.1815 0.1815 0.1855 0.1855 0.1855 0.179 0.179 0.19 0.19 0.187 0.187 0.187 0.186 0.186 0.1735 0.1735
0.1305 0.1645 0.1645 0.184 0.184 0.184 0.195 0.195 0.216 0.216 0.207 0.207 0.2165 0.2165 0.2165 0.2275 0.2275 0.2055 0.2055 0.216 0.216 0.216 0.205 0.205 0.227 0.227 0.22 0.22 0.22 0.215 0.215 0.216 0.216 0.2145 0.2145 0.2145 0.216 0.216 0.2015 0.2015 0.186 0.186 0.186 0.17 0.17 0.1545 0.1545 0.1595 0.1595 0.1605 0.1605 0.1605 0.1725 0.1725 0.156 0.156 0.176 0.176 0.176 0.179 0.179 0.1815 0.1815 0.1855 0.1855 0.1855 0.179 0.179 0.19 0.19 0.187 0.187 0.187 0.186 0.186 0.1735 0.1735
0.123 0.139 0.139 0.141 0.141 0.141 0.193 0.193 0.19 0.19 0.1885 0.1885 0.1925 0.1925 0.1925 0.206 0.206 0.2235 0.2235 0.2155 0.2155 0.2155 0.236 0.236 0.2345 0.2345 0.221 0.221 0.221 0.2245 0.2245 0.218 0.218 0.2025 0.2025 0.2025 0.1885 0.1885 0.187 0.187 0.1875 0.1875 0.1875 0.1665 0.1665 0.1665 0.1665 0.1545 0.1545 0.1575 0.1575 0.1575 0.1605 0.1605 0.1485 0.1485 0.1575 0.1575 0.1575 0.1635 0.1635 0.1785 0.1785 0.184 0.184 0.184 0.194 0.194 0.1865 0.1865 0.1885 0.1885 0.1885 0.1855 0.1855 0.1855 0.1855
0.123 0.139 0.139 0.141 0.141 0.141 0.193 0.193 0.19 0.19 0.1885 0.1885 0.1925 0.1925 0.1925 0.206 0.206 0.2235 0.2235 0.2155 0.2155 0.2155 0.236 0.236 0.2345 0.2345 0.221 0.221 0.221 0.2245 0.2245 0.218 0.218 0.2025 0.2025 0.2025 0.1885 0.1885 0.187 0.187 0.1875 0.1875 0.1875 0.1665 0.1665 0.1665 0.1665 0.1545 0.1545 0.1575 0.1575 0.1575 0.1605 0.1605 0.1485 0.1485 0.1575 0.1575 0.1575 0.1635 0.1635 0.1785 0.1785 0.184 0.184 0.184 0.194 0.194 0.1865 0.1865 0.1885 0.1885 0.1885 0.1855 0.1855 0.1855 0.1855
0.123 0.139 0.139 0.141 0.141 0.141 0.193 0.193 0.19 0.19 0.1885 0.1885 0.1925 0.1925 0.1925 0.206 0.206 0.2235 0.2235 0.2155 0.2155 0.2155 0.236 0.236 0.2345 0.2345 0.221 0.221 0.221 0.2245 0.2245 0.218 0.218 0.2025 0.2025 0.2025 0.1885 0.1885 0.187 0.187 0.1875 0.1875 0.1875 0.1665 0.1665 0.1665 0.1665 0.1545 0.1545 0.1575 0.1575 0.1575 0.1605 0.1605 0.1485 0.1485 0.1575 0.1575 0.1575 0.1635 0.1635 0.1785 0.1785 0.184 0.184 0.184 0.194 0.194 0.1865 0.1865 0.1885 0.1885 0.1885 0.1855 0.1855 0.1855 0.1855
0.1375 0.162 0.162 0.143 0.143 0.143 0.1535 0.1535 0.167 0.167 0.1815 0.1815 0.187 0.187 0.187 0.1895 0.1895 0.222 0.222 0.2385 0.2385 0.2385 0.2485 0.2485 0.243 0.243 0.2225 0.2225 0.2225 0.2045 0.2045 0.2125 0.2125 0.2005 0.2005 0.2005 0.2015 0.2015 0.205 0.205 0.2015 0.2015 0.2015 0.181 0.181 0.158 0.158 0.1475 0.1475 0.154 0.154 0.154 0.152 0.152 0.151 0.151 0.1645 0.1645 0.1645 0.17 0.17 0.1715 0.1715 0.1935 0.1935 0.1935 0.1785 0.1785 0.1655 0.1655 0.1645 0.1645 0.1645 0.1615 0.1615 0.1915 0.1915
0.1375 0.162 0.162 0.143 0.143 0.143 0.1535 0.1535 0.167 0.167 0.1815 0.1815 0.187 0.187 0.187 0.1895 0.1895 0.222 0.222 0.2385 0.2385 0.2385 0.2485 0.2485 0.243 0.243 0.2225 0.2225 0.2225 0.2045 0.2045 0.2125 0.2125 0.2005 0.2005 0.2005 0.2015 0.2015 0.205 0.205 0.2015 0.2015 0.2015 0.181 0.181 0.158 0.158 0.1475 0.1475 0.154 0.154 0.154 0.152 0.152 0.151 0.151 0.1645 0.1645 0.1645 0.17 0.17 0.1715 0.1715 0.1935 0.1935 0.1935 0.1785 0.1785 0.1655 0.1655 0.1645 0.1645 0.1645 0.1615 0.1615 0.1915 0.1915
0.1465 0.15 0.15 0.1455 0.1455 0.1455 0.1635 0.1635 0.173 0.173 0.1745 0.1745 0.185 0.185 0.185 0.2095 0.2095 0.248 0.248 0.251 0.251 0.251 0.2505 0.2505 0.243 0.243 0.2055 0.2055 0.2055 0.21 0.21 0.2195 0.2195 0.2115 0.2115 0.2115 0.213 0.213 0.2 0.2 0.196 0.196 0.196 0.18 0.18 0.18 0.18 0.175 0.175 0.178 0.178 0.178 0.185 0.185 0.167 0.167 0.168 0.168 0.168 0.1715 0.1715 0.172 0.172 0.1915 0.1915 0.1915 0.188 0.188 0.1745 0.1745 0.1695 0.1695 0.1695 0.1755 0.1755 0.186 0.186
0.1465 0.15 0.15 0.1455 0.1455 0.1455 0.1635 0.1635 0.173 0.173 0.1745 0.1745 0.185 0.185 0.185 0.2095 0.2095 0.248 0.248 0.251 0.251 0.251 0.2505 0.2505 0.243 0.243 0.2055 0.2055 0.2055 0.21 0.21 0.2195 0.2195 0.2115 0.2115 0.2115 0.213 0.213 0.2 0.2 0.196 0.196 0.196 0.18 0.18 0.18 0.18 0.175 0.175 0.178 0.178 0.178 0.185 0.185 0.167 0.167 0.168 0.168 0.168 0.1715 0.1715 0.172 0.172 0.1915 0.1915 0.1915 0.188 0.188 0.1745 0.1745 0.1695 0.1695 0.1695 0.1755 0.1755 0.186 0.186
0.1605 0.167 0.167 0.1605 0.1605 0.1605 0.1605 0.1605 0.158 0.158 0.189 0.189 0.191 0.191 0.191 0.201 0.201 0.222 0.222 0.2315 0.2315 0.2315 0.231 0.231 0.2475 0.2475 0.223 0.223 0.223 0.199 0.199 0.2035 0.2035 0.2175 0.2175 0.2175 0.231 0.231 0.2105 0.2105 0.2075 0.2075 0.2075 0.206 0.206 0.1875 0.1875 0.197 0.197 0.1955 0.1955 0.1955 0.195 0.195 0.207 0.207 0.2095 0.2095 0.2095 0.181 0.181 0.2125 0.2125 0.206 0.206 0.206 0.2 0.2 0.1765 0.1765 0.175 0.175 0.175 0.167 0.167 0.1725 0.1725
0.1605 0.167 0.167 0.1605 0.1605 0.1605 0.1605 0.1605 0.158 0.158 0.189 0.189 0.191 0.191 0.191 0.201 0.201 0.222 0.222 0.2315 0.2315 0.2315 0.231 0.231 0.2475 0.2475 0.223 0.223 0.223 0.199 0.199 0.2035 0.2035 0.2175 0.2175 0.2175 0.231 0.231 0.2105 0.2105 0.2075 0.2075 0.2075 0.206 0.206 0.1875 0.1875 0.197 0.197 0.1955 0.1955 0.1955 0.195 0.195 0.207 0.207 0.2095 0.2095 0.2095 0.181 0.181 0.2125 0.2125 0.206 0.206 0.206 0.2 0.2 0.1765 0.1765 0.175 0.175 0.175 0.167 0.167 0.1725 0.1725
0.1605 0.167 0.167 0.1605 0.1605 0.1605 0.1605 0.1605 0.158 0.158 0.189 0.189 0.191 0.191 0.191 0.201 0.201 0.222 0.222 0.2315 0.2315 0.2315 0.231 0.231 0.2475 0.2475 0.223 0.223 0.223 0.199 0.199 0.2035 0.2035 0.2175 0.2175 0.2175 0.231 0.231 0.2105 0.2105 0.2075 0.2075 0.2075 0.206 0.206 0.1875 0.1875 0.197 0.197 0.1955 0.1955 0.1955 0.195 0.195 0.207 0.207 0.2095 0.2095 0.2095 0.181 0.181 0.2125 0.2125 0.206 0.206 0.206 0.2 0.2 0.1765 0.1765 0.175 0.175 0.175 0.167 0.167 0.1725 0.1725
0.1375 0.1705 0.1705 0.152 0.152 0.152 0.1585 0.1585 0.184 0.184 0.1935 0.1935 0.1925 0.1925 0.1925 0.223 0.223 0.2495 0.2495 0.24 0.24 0.24 0.246 0.246 0.2585 0.2585 0.22 0.22 0.22 0.2305 0.2305 0.2375 0.2375 0.2355 0.2355 0.2355 0.2255 0.2255 0.21 0.21 0.214 0.214 0.214 0.252 0.252 0.235 0.235 0.212 0.212 0.222 0.222 0.222 0.229 0.229 0.2255 0.2255 0.228 0.228 0.228 0.2195 0.2195 0.228 0.228 0.2235 0.2235 0.2235 0.197 0.197 0.212 0.212 0.2315 0.2315 0.2315 0.221 0.221 0.218 0.218
0.1375 0.1705 0.1705 0.152 0.152 0.152 0.1585 0.1585 0.184 0.184 0.1935 0.1935 0.1925 0.1925 0.1925 0.223 0.223 0.2495 0.2495 0.24 0.24 0.24 0.246 0.246 0.2585 0.2585 0.22 0.22 0.22 0.2305 0.2305 0.2375 0.2375 0.2355 0.2355 0.2355 0.2255 0.2255 0.21 0.21 0.214 0.214 0.214 0.252 0.252 0.235 0.235 0.212 0.212 0.222 0.222 0.222 0.229 0.229 0.2255 0.2255 0.228 0.228 0.228 0.2195 0.2195 0.228 0.228 0.2235 0.2235 0.2235 0.197 0.197 0.212 0.212 0.2315 0.2315 0.2315 0.221 0.221 0.218 0.218
0.1715 0.1765 0.1765 0.1695 0.1695 0.1695 0.187 0.187 0.194 0.194 0.1855 0.1855 0.2145 0.2145 0.2145 0.249 0.249 0.239 0.239 0.2395 0.2395 0.2395 0.243 0.243 0.243 0.243 0.257 0.257 0.257 0.2495 0.2495 0.234 0.234 0.2235 0.2235 0.2235 0.2305 0.2305 0.2135 0.2135 0.2455 0.2455 0.2455 0.238 0.238 0.231 0.231 0.2275 0.2275 0.2285 0.2285 0.2285 0.208 0.208 0.243 0.243 0.2275 0.2275 0.2275 0.2385 0.2385 0.2245 0.2245 0.2 0.2 0.2 0.2075 0.2075 0.2155 0.2155 0.2305 0.2305 0.2305 0.253 0.253 0.218 0.218
