ndvi/NOAA-309.asc
ncols         252
nrows         154
xllcorner     -18.017974
yllcorner     13.481982
cellsize      0.035948
NODATA_value  -9999
[rows 34 to 67 of 154, columns 154 to 230 of 252]
0.207 0.2055 0.2055 0.229 0.229 0.229 0.2105 0.2105 0.1915 0.1915 0.1505 0.1505 0.154 0.154 0.154 0.166 0.166 0.1775 0.1775 0.1785 0.1785 0.1785 0.201 0.201 0.1865 0.1865 0.1245 0.1245 0.1245 0.131 0.131 0.1535 0.1535 0.1815 0.1815 0.1815 0.1525 0.1525 0.1525 0.1525 0.1665 0.1665 0.1665 0.1845 0.1845 0.178 0.178 0.199 0.199 0.1815 0.1815 0.1815 0.183 0.183 0.182 0.182 0.166 0.166 0.166 0.152 0.152 0.1185 0.1185 0.1345 0.1345 0.1345 0.127 0.127 0.131 0.131 0.117 0.117 0.117 0.1025 0.1025 0.111 0.111
0.207 0.2055 0.2055 0.229 0.229 0.229 0.2105 0.2105 0.1915 0.1915 0.1505 0.1505 0.154 0.154 0.154 0.166 0.166 0.1775 0.1775 0.1785 0.1785 0.1785 0.201 0.201 0.1865 0.1865 0.1245 0.1245 0.1245 0.131 0.131 0.1535 0.1535 0.1815 0.1815 0.1815 0.1525 0.1525 0.1525 0.1525 0.1665 0.1665 0.1665 0.1845 0.1845 0.178 0.178 0.199 0.199 0.1815 0.1815 0.1815 0.183 0.183 0.182 0.182 0.166 0.166 0.166 0.152 0.152 0.1185 0.1185 0.1345 0.1345 0.1345 0.127 0.127 0.131 0.131 0.117 0.117 0.117 0.1025 0.1025 0.111 0.111
0.207 0.2055 0.2055 0.229 0.229 0.229 0.2105 0.2105 0.1915 0.1915 0.1505 0.1505 0.154 0.154 0.154 0.166 0.166 0.1775 0.1775 0.1785 0.1785 0.1785 0.201 0.201 0.1865 0.1865 0.1245 0.1245 0.1245 0.131 0.131 0.1535 0.1535 0.1815 0.1815 0.1815 0.1525 0.1525 0.1525 0.1525 0.1665 0.1665 0.1665 0.1845 0.1845 0.178 0.178 0.199 0.199 0.1815 0.1815 0.1815 0.183 0.183 0.182 0.182 0.166 0.166 0.166 0.152 0.152 0.1185 0.1185 0.1345 0.1345 0.1345 0.127 0.127 0.131 0.131 0.117 0.117 0.117 0.1025 0.1025 0.111 0.111
0.1525 0.219 0.219 0.1855 0.1855 0.1855 0.196 0.196 0.168 0.168 0.1595 0.1595 0.1605 0.1605 0.1605 0.156 0.156 0.179 0.179 0.1315 0.1315 0.1315 0.147 0.147 0.1605 0.1605 0.156 0.156 0.156 0.169 0.169 0.169 0.169 0.163 0.163 0.163 0.1525 0.1525 0.183 0.183 0.184 0.184 0.184 0.2105 0.2105 0.1635 0.1635 0.185 0.185 0.186 0.186 0.186 0.173 0.173 0.1815 0.1815 0.187 0.187 0.187 0.171 0.171 0.1555 0.1555 0.1565 0.1565 0.1565 0.153 0.153 0.1345 0.1345 0.128 0.128 0.128 0.126 0.126 0.1275 0.1275
0.1525 0.219 0.219 0.1855 0.1855 0.1855 0.196 0.196 0.168 0.168 0.1595 0.1595 0.1605 0.1605 0.1605 0.156 0.156 0.179 0.179 0.1315 0.1315 0.1315 0.147 0.147 0.1605 0.1605 0.156 0.156 0.156 0.169 0.169 0.169 0.169 0.163 0.163 0.163 0.1525 0.1525 0.183 0.183 0.184 0.184 0.184 0.2105 0.2105 0.1635 0.1635 0.185 0.185 0.186 0.186 0.186 0.173 0.173 0.1815 0.1815 0.187 0.187 0.187 0.171 0.171 0.1555 0.1555 0.1565 0.1565 0.1565 0.153 0.153 0.1345 0.1345 0.128 0.128 0.128 0.126 0.126 0.1275 0.1275
0.1805 0.2025 0.2025 0.191 0.191 0.191 0.194 0.194 0.1595 0.1595 0.177 0.177 0.161 0.161 0.161 0.1565 0.1565 0.177 0.177 0.1545 0.1545 0.1545 0.169 0.169 0.2165 0.2165 0.1745 0.1745 0.1745 0.185 0.185 0.17 0.17 0.176 0.176 0.176 0.152 0.152 0.1845 0.1845 0.19 0.19 0.19 0.2035 0.2035 0.2135 0.2135 0.1735 0.1735 0.2105 0.2105 0.2105 0.1815 0.1815 0.2115 0.2115 0.22 0.22 0.22 0.1895 0.1895 0.1855 0.1855 0.1515 0.1515 0.1515 0.142 0.142 0.1445 0.1445 0.1595 0.1595 0.1595 0.1885 0.1885 0.159 0.159
0.1805 0.2025 0.2025 0.191 0.191 0.191 0.194 0.194 0.1595 0.1595 0.177 0.177 0.161 0.161 0.161 0.1565 0.1565 0.177 0.177 0.1545 0.1545 0.1545 0.169 0.169 0.2165 0.2165 0.1745 0.1745 0.1745 0.185 0.185 0.17 0.17 0.176 0.176 0.176 0.152 0.152 0.1845 0.1845 0.19 0.19 0.19 0.2035 0.2035 0.2135 0.2135 0.1735 0.1735 0.2105 0.2105 0.2105 0.1815 0.1815 0.2115 0.2115 0.22 0.22 0.22 0.1895 0.1895 0.1855 0.1855 0.1515 0.1515 0.1515 0.142 0.142 0.1445 0.1445 0.1595 0.1595 0.1595 0.1885 0.1885 0.159 0.159
0.1865 0.19 0.19 0.1975 0.1975 0.1975 0.166 0.166 0.172 0.172 0.2005 0.2005 0.166 0.166 0.166 0.186 0.186 0.1775 0.1775 0.198 0.198 0.198 0.197 0.197 0.199 0.199 0.179 0.179 0.179 0.175 0.175 0.1675 0.1675 0.18 0.18 0.18 0.1665 0.1665 0.2075 0.2075 0.218 0.218 0.218 0.1885 0.1885 0.213 0.213 0.209 0.209 0.231 0.231 0.231 0.247 0.247 0.219 0.219 0.2315 0.2315 0.2315 0.2325 0.2325 0.218 0.218 0.2135 0.2135 0.2135 0.177 0.177 0.172 0.172 0.177 0.177 0.177 0.169 0.169 0.1765 0.1765
0.1865 0.19 0.19 0.1975 0.1975 0.1975 0.166 0.166 0.172 0.172 0.2005 0.2005 0.166 0.166 0.166 0.186 0.186 0.1775 0.1775 0.198 0.198 0.198 0.197 0.197 0.199 0.199 0.179 0.179 0.179 0.175 0.175 0.1675 0.1675 0.18 0.18 0.18 0.1665 0.1665 0.2075 0.2075 0.218 0.218 0.218 0.1885 0.1885 0.213 0.213 0.209 0.209 0.231 0.231 0.231 0.247 0.247 0.219 0.219 0.2315 0.2315 0.2315 0.2325 0.2325 0.218 0.218 0.2135 0.2135 0.2135 0.177 0.177 0.172 0.172 0.177 0.177 0.177 0.169 0.169 0.1765 0.1765
0.1865 0.19 0.19 0.1975 0.1975 0.1975 0.166 0.166 0.172 0.172 0.2005 0.2005 0.166 0.166 0.166 0.186 0.186 0.1775 0.1775 0.198 0.198 0.198 0.197 0.197 0.199 0.199 0.179 0.179 0.179 0.175 0.175 0.1675 0.1675 0.18 0.18 0.18 0.1665 0.1665 0.2075 0.2075 0.218 0.218 0.218 0.1885 0.1885 0.213 0.213 0.209 0.209 0.231 0.231 0.231 0.247 0.247 0.219 0.219 0.2315 0.2315 0.2315 0.2325 0.2325 0.218 0.218 0.2135 0.2135 0.2135 0.177 0.177 0.172 0.172 0.177 0.177 0.177 0.169 0.169 0.1765 0.1765
0.176 0.2135 0.2135 0.2235 0.2235 0.2235 0.191 0.191 0.2445 0.2445 0.2335 0.2335 0.228 0.228 0.228 0.185 0.185 0.249 0.249 0.2285 0.2285 0.2285 0.232 0.232 0.1985 0.1985 0.251 0.251 0.251 0.2375 0.2375 0.2105 0.2105 0.2105 0.2105 0.2105 0.207 0.207 0.187 0.187 0.2065 0.2065 0.2065 0.2 0.2 0.22 0.22 0.209 0.209 0.2245 0.2245 0.2245 0.2795 0.2795 0.24 0.24 0.233 0.233 0.233 0.2395 0.2395 0.2445 0.2445 0.2375 0.2375 0.2375 0.2245 0.2245 0.1915 0.1915 0.186 0.186 0.186 0.1795 0.1795 0.182 0.182
0.176 0.2135 0.2135 0.2235 0.2235 0.2235 0.191 0.191 0.2445 0.2445 0.2335 0.2335 0.228 0.228 0.228 0.185 0.185 0.249 0.249 0.2285 0.2285 0.2285 0.232 0.232 0.1985 0.1985 0.251 0.251 0.251 0.2375 0.2375 0.2105 0.2105 0.2105 0.2105 0.2105 0.207 0.207 0.187 0.187 0.2065 0.2065 0.2065 0.2 0.2 0.22 0.22 0.209 0.209 0.2245 0.2245 0.2245 0.2795 0.2795 0.24 0.24 0.233 0.233 0.233 0.2395 0.2395 0.2445 0.2445 0.2375 0.2375 0.2375 0.2245 0.2245 0.1915 0.1915 0.186 0.186 0.186 0.1795 0.1795 0.182 0.182
0.203 0.2165 0.2165 0.259 0.259 0.259 0.283 0.283 0.258 0.258 0.282 0.282 0.303 0.303 0.303 0.312 0.312 0.2975 0.2975 0.2675 0.2675 0.2675 0.2485 0.2485 0.2035 0.2035 0.2825 0.2825 0.2825 0.286 0.286 0.246 0.246 0.239 0.239 0.239 0.252 0.252 0.2285 0.2285 0.234 0.234 0.234 0.251 0.251 0.2335 0.2335 0.2155 0.2155 0.194 0.194 0.194 0.249 0.249 0.235 0.235 0.2455 0.2455 0.2455 0.267 0.267 0.343 0.343 0.34 0.34 0.34 0.2465 0.2465 0.1975 0.1975 0.209 0.209 0.209 0.2 0.2 0.223 0.223
0.203 0.2165 0.2165 0.259 0.259 0.259 0.283 0.283 0.258 0.258 0.282 0.282 0.303 0.303 0.303 0.312 0.312 0.2975 0.2975 0.2675 0.2675 0.2675 0.2485 0.2485 0.2035 0.2035 0.2825 0.2825 0.2825 0.286 0.286 0.246 0.246 0.239 0.239 0.239 0.252 0.252 0.2285 0.2285 0.234 0.234 0.234 0.251 0.251 0.2335 0.2335 0.2155 0.2155 0.194 0.194 0.194 0.249 0.249 0.235 0.235 0.2455 0.2455 0.2455 0.267 0.267 0.343 0.343 0.34 0.34 0.34 0.2465 0.2465 0.1975 0.1975 0.209 0.209 0.209 0.2 0.2 0.223 0.223
0.2345 0.25 0.25 0.2435 0.2435 0.2435 0.3055 0.3055 0.275 0.275 0.2745 0.2745 0.2535 0.2535 0.2535 0.294 0.294 0.2875 0.2875 0.214 0.214 0.214 0.1705 0.1705 0.257 0.257 0.315 0.315 0.315 0.343 0.343 0.3655 0.3655 0.248 0.248 0.248 0.264 0.264 0.2135 0.2135 0.25 0.25 0.25 0.2785 0.2785 0.285 0.285 0.274 0.274 0.2465 0.2465 0.2465 0.23 0.23 0.2955 0.2955 0.335 0.335 0.335 0.315 0.315 0.3205 0.3205 0.263 0.263 0.263 0.208 0.208 0.2145 0.2145 0.1945 0.1945 0.1945 0.2175 0.2175 0.2145 0.2145
0.2345 0.25 0.25 0.2435 0.2435 0.2435 0.3055 0.3055 0.275 0.275 0.2745 0.2745 0.2535 0.2535 0.2535 0.294 0.294 0.2875 0.2875 0.214 0.214 0.214 0.1705 0.1705 0.257 0.257 0.315 0.315 0.315 0.343 0.343 0.3655 0.3655 0.248 0.248 0.248 0.264 0.264 0.2135 0.2135 0.25 0.25 0.25 0.2785 0.2785 0.285 0.285 0.274 0.274 0.2465 0.2465 0.2465 0.23 0.23 0.2955 0.2955 0.335 0.335 0.335 0.315 0.315 0.3205 0.3205 0.263 0.263 0.263 0.208 0.208 0.2145 0.2145 0.1945 0.1945 0.1945 0.2175 0.2175 0.2145 0.2145
0.2345 0.25 0.25 0.2435 0.2435 0.2435 0.3055 0.3055 0.275 0.275 0.2745 0.2745 0.2535 0.2535 0.2535 0.294 0.294 0.2875 0.2875 0.214 0.214 0.214 0.1705 0.1705 0.257 0.257 0.315 0.315 0.315 0.343 0.343 0.3655 0.3655 0.248 0.248 0.248 0.264 0.264 0.2135 0.2135 0.25 0.25 0.25 0.2785 0.2785 0.285 0.285 0.274 0.274 0.2465 0.2465 0.2465 0.23 0.23 0.2955 0.2955 0.335 0.335 0.335 0.315 0.315 0.3205 0.3205 0.263 0.263 0.263 0.208 0.208 0.2145 0.2145 0.1945 0.1945 0.1945 0.2175 0.2175 0.2145 0.2145
0.1875 0.209 0.209 0.2355 0.2355 0.2355 0.279 0.279 0.286 0.286 0.2665 0.2665 0.2255 0.2255 0.2255 0.271 0.271 0.26 0.26 0.245 0.245 0.245 0.22 0.22 0.214 0.214 0.349 0.349 0.349 0.388 0.388 0.379 0.379 0.3595 0.3595 0.3595 0.304 0.304 0.2595 0.2595 0.3095 0.3095 0.3095 0.321 0.321 0.321 0.321 0.261 0.261 0.238 0.238 0.238 0.2375 0.2375 0.2945 0.2945 0.362 0.362 0.362 0.3195 0.3195 0.303 0.303 0.301 0.301 0.301 0.2515 0.2515 0.231 0.231 0.256 0.256 0.256 0.257 0.257 0.227 0.227
0.1875 0.209 0.209 0.2355 0.2355 0.2355 0.279 0.279 0.286 0.286 0.2665 0.2665 0.2255 0.2255 0.2255 0.271 0.271 0.26 0.26 0.245 0.245 0.245 0.22 0.22 0.214 0.214 0.349 0.349 0.349 0.388 0.388 0.379 0.379 0.3595 0.3595 0.3595 0.304 0.304 0.2595 0.2595 0.3095 0.3095 0.3095 0.321 0.321 0.321 0.321 0.261 0.261 0.238 0.238 0.238 0.2375 0.2375 0.2945 0.2945 0.362 0.362 0.362 0.3195 0.3195 0.303 0.303 0.301 0.301 0.301 0.2515 0.2515 0.231 0.231 0.256 0.256 0.256 0.257 0.257 0.227 0.227
0.183 0.2065 0.2065 0.2575 0.2575 0.2575 0.287 0.287 0.284 0.284 0.3025 0.3025 0.305 0.305 0.305 0.29 0.29 0.216 0.216 0.272 0.272 0.272 0.308 0.308 0.326 0.326 0.3315 0.3315 0.3315 0.4065 0.4065 0.4575 0.4575 0.4795 0.4795 0.4795 0.412 0.412 0.333 0.333 0.3275 0.3275 0.3275 0.341 0.341 0.3515 0.3515 0.319 0.319 0.2345 0.2345 0.2345 0.2945 0.2945 0.3015 0.3015 0.319 0.319 0.319 0.3405 0.3405 0.314 0.314 0.374 0.374 0.374 0.3055 0.3055 0.3335 0.3335 0.3165 0.3165 0.3165 0.303 0.303 0.283 0.283
0.183 0.2065 0.2065 0.2575 0.2575 0.2575 0.287 0.287 0.284 0.284 0.3025 0.3025 0.305 0.305 0.305 0.29 0.29 0.216 0.216 0.272 0.272 0.272 0.308 0.308 0.326 0.326 0.3315 0.3315 0.3315 0.4065 0.4065 0.4575 0.4575 0.4795 0.4795 0.4795 0.412 0.412 0.333 0.333 0.3275 0.3275 0.3275 0.341 0.341 0.3515 0.3515 0.319 0.319 0.2345 0.2345 0.2345 0.2945 0.2945 0.3015 0.3015 0.319 0.319 0.319 0.3405 0.3405 0.314 0.314 0.374 0.374 0.374 0.3055 0.3055 0.3335 0.3335 0.3165 0.3165 0.3165 0.303 0.303 0.283 0.283
0.145 0.2095 0.2095 0.2515 0.2515 0.2515 0.247 0.247 0.2975 0.2975 0.2785 0.2785 0.3395 0.3395 0.3395 0.3255 0.3255 0.277 0.277 0.3125 0.3125 0.3125 0.3315 0.3315 0.3725 0.3725 0.4185 0.4185 0.4185 0.3455 0.3455 0.3595 0.3595 0.359 0.359 0.359 0.3265 0.3265 0.3335 0.3335 0.32 0.32 0.32 0.327 0.327 0.306 0.306 0.3135 0.3135 0.306 0.306 0.306 0.31 0.31 0.31 0.31 0.327 0.327 0.327 0.334 0.334 0.3825 0.3825 0.37 0.37 0.37 0.384 0.384 0.352 0.352 0.304 0.304 0.304 0.317 0.317 0.305 0.305
0.145 0.2095 0.2095 0.2515 0.2515 0.2515 0.247 0.247 0.2975 0.2975 0.2785 0.2785 0.3395 0.3395 0.3395 0.3255 0.3255 0.277 0.277 0.3125 0.3125 0.3125 0.3315 0.3315 0.3725 0.3725 0.4185 0.4185 0.4185 0.3455 0.3455 0.3595 0.3595 0.359 0.359 0.359 0.3265 0.3265 0.3335 0.3335 0.32 0.32 0.32 0.327 0.327 0.306 0.306 0.3135 0.3135 0.306 0.306 0.306 0.31 0.31 0.31 0.31 0.327 0.327 0.327 0.334 0.334 0.3825 0.3825 0.37 0.37 0.37 0.384 0.384 0.352 0.352 0.304 0.304 0.304 0.317 0.317 0.305 0.305
0.164 0.1815 0.1815 0.2575 0.2575 0.2575 0.282 0.282 0.2725 0.2725 0.284 0.284 0.2945 0.2945 0.2945 0.314 0.314 0.281 0.281 0.324 0.324 0.324 0.336 0.336 0.3275 0.3275 0.325 0.325 0.325 0.356 0.356 0.3665 0.3665 0.33 0.33 0.33 0.3235 0.3235 0.3 0.3 0.313 0.313 0.313 0.2835 0.2835 0.289 0.289 0.279 0.279 0.2935 0.2935 0.2935 0.289 0.289 0.29 0.29 0.282 0.282 0.282 0.352 0.352 0.4405 0.4405 0.3895 0.3895 0.3895 0.4105 0.4105 0.373 0.373 0.329 0.329 0.329 0.3235 0.3235 0.404 0.404
0.164 0.1815 0.1815 0.2575 0.2575 0.2575 0.282 0.282 0.2725 0.2725 0.284 0.284 0.2945 0.2945 0.2945 0.314 0.314 0.281 0.281 0.324 0.324 0.324 0.336 0.336 0.3275 0.3275 0.325 0.325 0.325 0.356 0.356 0.3665 0.3665 0.33 0.33 0.33 0.3235 0.3235 0.3 0.3 0.313 0.313 0.313 0.2835 0.2835 0.289 0.289 0.279 0.279 0.2935 0.2935 0.2935 0.289 0.289 0.29 0.29 0.282 0.282 0.282 0.352 0.352 0.4405 0.4405 0.3895 0.3895 0.3895 0.4105 0.4105 0.373 0.373 0.329 0.329 0.329 0.3235 0.3235 0.404 0.404
0.164 0.1815 0.1815 0.2575 0.2575 0.2575 0.282 0.282 0.2725 0.2725 0.284 0.284 0.2945 0.2945 0.2945 0.314 0.314 0.281 0.281 0.324 0.324 0.324 0.336 0.336 0.3275 0.3275 0.325 0.325 0.325 0.356 0.356 0.3665 0.3665 0.33 0.33 0.33 0.3235 0.3235 0.3 0.3 0.313 0.313 0.313 0.2835 0.2835 0.289 0.289 0.279 0.279 0.2935 0.2935 0.2935 0.289 0.289 0.29 0.29 0.282 0.282 0.282 0.352 0.352 0.4405 0.4405 0.3895 0.3895 0.3895 0.4105 0.4105 0.373 0.373 0.329 0.329 0.329 0.3235 0.3235 0.404 0.404
0.178 0.217 0.217 0.2255 0.2255 0.2255 0.2465 0.2465 0.2685 0.2685 0.299 0.299 0.2765 0.2765 0.2765 0.2815 0.2815 0.306 0.306 0.3305 0.3305 0.3305 0.343 0.343 0.334 0.334 0.41 0.41 0.41 0.3885 0.3885 0.396 0.396 0.331 0.331 0.331 0.338 0.338 0.2845 0.2845 0.3015 0.3015 0.3015 0.2575 0.2575 0.279 0.279 0.2785 0.2785 0.2205 0.2205 0.2205 0.249 0.249 0.296 0.296 0.2885 0.2885 0.2885 0.3535 0.3535 0.3835 0.3835 0.401 0.401 0.401 0.388 0.388 0.399 0.399 0.434 0.434 0.434 0.404 0.404 0.3835 0.3835
0.178 0.217 0.217 0.2255 0.2255 0.2255 0.2465 0.2465 0.2685 0.2685 0.299 0.299 0.2765 0.2765 0.2765 0.2815 0.2815 0.306 0.306 0.3305 0.3305 0.3305 0.343 0.343 0.334 0.334 0.41 0.41 0.41 0.3885 0.3885 0.396 0.396 0.331 0.331 0.331 0.338 0.338 0.2845 0.2845 0.3015 0.3015 0.3015 0.2575 0.2575 0.279 0.279 0.2785 0.2785 0.2205 0.2205 0.2205 0.249 0.249 0.296 0.296 0.2885 0.2885 0.2885 0.3535 0.3535 0.3835 0.3835 0.401 0.401 0.401 0.388 0.388 0.399 0.399 0.434 0.434 0.434 0.404 0.404 0.3835 0.3835
0.236 0.237 0.237 0.241 0.241 0.241 0.2365 0.2365 0.2305 0.2305 0.2755 0.2755 0.324 0.324 0.324 0.326 0.326 0.362 0.362 0.3525 0.3525 0.3525 0.363 0.363 0.349 0.349 0.3685 0.3685 0.3685 0.35 0.35 0.3845 0.3845 0.356 0.356 0.356 0.4395 0.4395 0.335 0.335 0.3655 0.3655 0.3655 0.322 0.322 0.3345 0.3345 0.346 0.346 0.2855 0.2855 0.2855 0.319 0.319 0.3315 0.3315 0.3075 0.3075 0.3075 0.3755 0.3755 0.3875 0.3875 0.424 0.424 0.424 0.3435 0.3435 0.327 0.327 0.32 0.32 0.32 0.34 0.34 0.323 0.323
0.236 0.237 0.237 0.241 0.241 0.241 0.2365 0.2365 0.2305 0.2305 0.2755 0.2755 0.324 0.324 0.324 0.326 0.326 0.362 0.362 0.3525 0.3525 0.3525 0.363 0.363 0.349 0.349 0.3685 0.3685 0.3685 0.35 0.35 0.3845 0.3845 0.356 0.356 0.356 0.4395 0.4395 0.335 0.335 0.3655 0.3655 0.3655 0.322 0.322 0.3345 0.3345 0.346 0.346 0.2855 0.2855 0.2855 0.319 0.319 0.3315 0.3315 0.3075 0.3075 0.3075 0.3755 0.3755 0.3875 0.3875 0.424 0.424 0.424 0.3435 0.3435 0.327 0.327 0.32 0.32 0.32 0.34 0.34 0.323 0.323
0.2485 0.2485 0.2485 0.2415 0.2415 0.2415 0.2555 0.2555 0.2445 0.2445 0.304 0.304 0.309 0.309 0.309 0.3375 0.3375 0.3865 0.3865 0.3895 0.3895 0.3895 0.4095 0.4095 0.4025 0.4025 0.3435 0.3435 0.3435 0.326 0.326 0.385 0.385 0.4475 0.4475 0.4475 0.423 0.423 0.4085 0.4085 0.356 0.356 0.356 0.315 0.315 0.317 0.317 0.33 0.33 0.3435 0.3435 0.3435 0.4145 0.4145 0.413 0.413 0.383 0.383 0.383 0.395 0.395 0.4585 0.4585 0.5415 0.5415 0.5415 0.4255 0.4255 0.3885 0.3885 0.3555 0.3555 0.3555 0.377 0.377 0.3435 0.3435
0.2485 0.2485 0.2485 0.2415 0.2415 0.2415 0.2555 0.2555 0.2445 0.2445 0.304 0.304 0.309 0.309 0.309 0.3375 0.3375 0.3865 0.3865 0.3895 0.3895 0.3895 0.4095 0.4095 0.4025 0.4025 0.3435 0.3435 0.3435 0.326 0.326 0.385 0.385 0.4475 0.4475 0.4475 0.423 0.423 0.4085 0.4085 0.356 0.356 0.356 0.315 0.315 0.317 0.317 0.33 0.33 0.3435 0.3435 0.3435 0.4145 0.4145 0.413 0.413 0.383 0.383 0.383 0.395 0.395 0.4585 0.4585 0.5415 0.5415 0.5415 0.4255 0.4255 0.3885 0.3885 0.3555 0.3555 0.3555 0.377 0.377 0.3435 0.3435
0.2485 0.2485 0.2485 0.2415 0.2415 0.2415 0.2555 0.2555 0.2445 0.2445 0.304 0.304 0.309 0.309 0.309 0.3375 0.3375 0.3865 0.3865 0.3895 0.3895 0.3895 0.4095 0.4095 0.4025 0.4025 0.3435 0.3435 0.3435 0.326 0.326 0.385 0.385 0.4475 0.4475 0.4475 0.423 0.423 0.4085 0.4085 0.356 0.356 0.356 0.315 0.315 0.317 0.317 0.33 0.33 0.3435 0.3435 0.3435 0.4145 0.4145 0.413 0.413 0.383 0.383 0.383 0.395 0.395 0.4585 0.4585 0.5415 0.5415 0.5415 0.4255 0.4255 0.3885 0.3885 0.3555 0.3555 0.3555 0.377 0.377 0.3435 0.3435
0.2285 0.299 0.299 0.2635 0.2635 0.2635 0.235 0.235 0.279 0.279 0.2985 0.2985 0.327 0.327 0.327 0.3765 0.3765 0.4385 0.4385 0.4845 0.4845 0.4845 0.4495 0.4495 0.4185 0.4185 0.4855 0.4855 0.4855 0.5015 0.5015 0.426 0.426 0.4545 0.4545 0.4545 0.3855 0.3855 0.386 0.386 0.4395 0.4395 0.4395 0.4495 0.4495 0.391 0.391 0.424 0.424 0.4905 0.4905 0.4905 0.533 0.533 0.445 0.445 0.5105 0.5105 0.5105 0.4705 0.4705 0.499 0.499 0.4645 0.4645 0.4645 0.455 0.455 0.3885 0.3885 0.4715 0.4715 0.4715 0.5485 0.5485 0.492 0.492
