ndvi/NOAA-321.asc
ncols         252
nrows         154
xllcorner     -18.017974
yllcorner     13.481982
cellsize      0.035948
NODATA_value  -9999
[rows 68 to 101 of 154, columns 0 to 76 of 252]
-1 -1 -1 -1 -1 -1 -1 -1 -1 -1 -1 -1 -1 -1 -1 -1 -1 -1 -1 -1 -1 -1 -1 -1 -1 -1 -1 -1 -1 -1 -1 -1 -1 -1 -1 -1 -1 -1 -1 0.1635 0.1635 0.1635 0.306 0.306 0.387 0.387 0.41 0.41 0.41 0.3185 0.3185 0.3675 0.3675 0.416 0.416 0.351 0.351 0.351 0.4915 0.4915 0.3685 0.3685 0.3685 0.3685 0.3685 0.437 0.437 0.379 0.379 0.347 0.347 0.347 0.311 0.311 0.279 0.279 0.3015
-1 -1 -1 -1 -1 -1 -1 -1 -1 -1 -1 -1 -1 -1 -1 -1 -1 -1 -1 -1 -1 -1 -1 -1 -1 -1 -1 -1 -1 -1 -1 -1 -1 -1 -1 -1 -1 -1 -1 0.2335 0.2335 0.2335 0.3055 0.3055 0.361 0.361 0.334 0.334 0.334 0.364 0.364 0.3905 0.3905 0.3665 0.3665 0.426 0.426 0.426 0.44 0.44 0.469 0.469 0.469 0.469 0.469 0.41 0.41 0.3805 0.3805 0.2895 0.2895 0.2895 0.2825 0.2825 0.264 0.264 0.285
-1 -1 -1 -1 -1 -1 -1 -1 -1 -1 -1 -1 -1 -1 -1 -1 -1 -1 -1 -1 -1 -1 -1 -1 -1 -1 -1 -1 -1 -1 -1 -1 -1 -1 -1 -1 -1 -1 -1 0.2335 0.2335 0.2335 0.3055 0.3055 0.361 0.361 0.334 0.334 0.334 0.364 0.364 0.3905 0.3905 0.3665 0.3665 0.426 0.426 0.426 0.44 0.44 0.469 0.469 0.469 0.469 0.469 0.41 0.41 0.3805 0.3805 0.2895 0.2895 0.2895 0.2825 0.2825 0.264 0.264 0.285
-1 -1 -1 -1 -1 -1 -1 -1 -1 -1 -1 -1 -1 -1 -1 -1 -1 -1 -1 -1 -1 -1 -1 -1 -1 -1 -1 -1 -1 -1 -1 -1 -1 -1 -1 -1 -1 0.0917 0.0917 0.1765 0.1765 0.1765 0.3805 0.3805 0.282 0.282 0.317 0.317 0.317 0.322 0.322 0.319 0.319 0.259 0.259 0.3005 0.3005 0.3005 0.395 0.395 0.3845 0.3845 0.3845 0.3845 0.3845 0.4345 0.4345 0.378 0.378 0.3505 0.3505 0.3505 0.313 0.313 0.3085 0.3085 0.3075
-1 -1 -1 -1 -1 -1 -1 -1 -1 -1 -1 -1 -1 -1 -1 -1 -1 -1 -1 -1 -1 -1 -1 -1 -1 -1 -1 -1 -1 -1 -1 -1 -1 -1 -1 -1 -1 0.0917 0.0917 0.1765 0.1765 0.1765 0.3805 0.3805 0.282 0.282 0.317 0.317 0.317 0.322 0.322 0.319 0.319 0.259 0.259 0.3005 0.3005 0.3005 0.395 0.395 0.3845 0.3845 0.3845 0.3845 0.3845 0.4345 0.4345 0.378 0.378 0.3505 0.3505 0.3505 0.313 0.313 0.3085 0.3085 0.3075
-1 -1 -1 -1 -1 -1 -1 -1 -1 -1 -1 -1 -1 -1 -1 -1 -1 -1 -1 -1 -1 -1 -1 -1 -1 -1 -1 -1 -1 -1 -1 -1 -1 -1 -1 -1 -1 0.0917 0.0917 0.1765 0.1765 0.1765 0.3805 0.3805 0.282 0.282 0.317 0.317 0.317 0.322 0.322 0.319 0.319 0.259 0.259 0.3005 0.3005 0.3005 0.395 0.395 0.3845 0.3845 0.3845 0.3845 0.3845 0.4345 0.4345 0.378 0.378 0.3505 0.3505 0.3505 0.313 0.313 0.3085 0.3085 0.3075
-1 -1 -1 -1 -1 -1 -1 -1 -1 -1 -1 -1 -1 -1 -1 -1 -1 -1 -1 -1 -1 -1 -1 -1 -1 -1 -1 -1 -1 -1 -1 -1 -1 -1 -1 -1 -1 0.0482 0.0482 0.1825 0.1825 0.1825 0.3175 0.3175 0.381 0.381 0.2825 0.2825 0.2825 0.316 0.316 0.291 0.291 0.2995 0.2995 0.336 0.336 0.336 0.3245 0.3245 0.406 0.406 0.406 0.406 0.406 0.4145 0.4145 0.41 0.41 0.363 0.363 0.363 0.3465 0.3465 0.409 0.409 0.3885
-1 -1 -1 -1 -1 -1 -1 -1 -1 -1 -1 -1 -1 -1 -1 -1 -1 -1 -1 -1 -1 -1 -1 -1 -1 -1 -1 -1 -1 -1 -1 -1 -1 -1 -1 -1 -1 0.0482 0.0482 0.1825 0.1825 0.1825 0.3175 0.3175 0.381 0.381 0.2825 0.2825 0.2825 0.316 0.316 0.291 0.291 0.2995 0.2995 0.336 0.336 0.336 0.3245 0.3245 0.406 0.406 0.406 0.406 0.406 0.4145 0.4145 0.41 0.41 0.363 0.363 0.363 0.3465 0.3465 0.409 0.409 0.3885
-1 -1 -1 -1 -1 -1 -1 -1 -1 -1 -1 -1 -1 -1 -1 -1 -1 -1 -1 -1 -1 -1 -1 -1 -1 -1 -1 -1 -1 -1 -1 -1 -1 -1 -1 -1 -1 0.0007 0.0007 0.172 0.172 0.172 0.3615 0.3615 0.385 0.385 0.3695 0.3695 0.3695 0.3035 0.3035 0.3595 0.3595 0.3665 0.3665 0.399 0.399 0.399 0.416 0.416 0.414 0.414 0.414 0.414 0.414 0.4155 0.4155 0.4185 0.4185 0.395 0.395 0.395 0.4125 0.4125 0.3745 0.3745 0.341
-1 -1 -1 -1 -1 -1 -1 -1 -1 -1 -1 -1 -1 -1 -1 -1 -1 -1 -1 -1 -1 -1 -1 -1 -1 -1 -1 -1 -1 -1 -1 -1 -1 -1 -1 -1 -1 0.0007 0.0007 0.172 0.172 0.172 0.3615 0.3615 0.385 0.385 0.3695 0.3695 0.3695 0.3035 0.3035 0.3595 0.3595 0.3665 0.3665 0.399 0.399 0.399 0.416 0.416 0.414 0.414 0.414 0.414 0.414 0.4155 0.4155 0.4185 0.4185 0.395 0.395 0.395 0.4125 0.4125 0.3745 0.3745 0.341
-1 -1 -1 -1 -1 -1 -1 -1 -1 -1 -1 -1 -1 -1 -1 -1 -1 -1 -1 -1 -1 -1 -1 -1 -1 -1 -1 -1 -1 -1 -1 -1 -1 -1 -1 -1 -1 0.0392 0.0392 0.2075 0.2075 0.2075 0.312 0.312 0.3925 0.3925 0.3955 0.3955 0.3955 0.3815 0.3815 0.359 0.359 0.331 0.331 0.3805 0.3805 0.3805 0.408 0.408 0.41 0.41 0.41 0.41 0.41 0.4165 0.4165 0.4155 0.4155 0.409 0.409 0.409 0.4055 0.4055 0.3675 0.3675 0.3905
-1 -1 -1 -1 -1 -1 -1 -1 -1 -1 -1 -1 -1 -1 -1 -1 -1 -1 -1 -1 -1 -1 -1 -1 -1 -1 -1 -1 -1 -1 -1 -1 -1 -1 -1 -1 -1 0.0392 0.0392 0.2075 0.2075 0.2075 0.312 0.312 0.3925 0.3925 0.3955 0.3955 0.3955 0.3815 0.3815 0.359 0.359 0.331 0.331 0.3805 0.3805 0.3805 0.408 0.408 0.41 0.41 0.41 0.41 0.41 0.4165 0.4165 0.4155 0.4155 0.409 0.409 0.409 0.4055 0.4055 0.3675 0.3675 0.3905
-1 -1 -1 -1 -1 -1 -1 -1 -1 -1 -1 -1 -1 -1 -1 -1 -1 -1 -1 -1 -1 -1 -1 -1 -1 -1 -1 -1 -1 -1 -1 -1 -1 -1 -1 -1 -1 0.0157 0.0157 0.2875 0.2875 0.2875 0.3935 0.3935 0.391 0.391 0.448 0.448 0.448 0.408 0.408 0.43 0.43 0.3845 0.3845 0.4215 0.4215 0.4215 0.3835 0.3835 0.411 0.411 0.411 0.411 0.411 0.449 0.449 0.5035 0.5035 0.497 0.497 0.497 0.436 0.436 0.4275 0.4275 0.384
-1 -1 -1 -1 -1 -1 -1 -1 -1 -1 -1 -1 -1 -1 -1 -1 -1 -1 -1 -1 -1 -1 -1 -1 -1 -1 -1 -1 -1 -1 -1 -1 -1 -1 -1 -1 -1 0.0157 0.0157 0.2875 0.2875 0.2875 0.3935 0.3935 0.391 0.391 0.448 0.448 0.448 0.408 0.408 0.43 0.43 0.3845 0.3845 0.4215 0.4215 0.4215 0.3835 0.3835 0.411 0.411 0.411 0.411 0.411 0.449 0.449 0.5035 0.5035 0.497 0.497 0.497 0.436 0.436 0.4275 0.4275 0.384
-1 -1 -1 -1 -1 -1 -1 -1 -1 -1 -1 -1 -1 -1 -1 -1 -1 -1 -1 -1 -1 -1 -1 -1 -1 -1 -1 -1 -1 -1 -1 -1 -1 -1 -1 -1 -1 0.0157 0.0157 0.2875 0.2875 0.2875 0.3935 0.3935 0.391 0.391 0.448 0.448 0.448 0.408 0.408 0.43 0.43 0.3845 0.3845 0.4215 0.4215 0.4215 0.3835 0.3835 0.411 0.411 0.411 0.411 0.411 0.449 0.449 0.5035 0.5035 0.497 0.497 0.497 0.436 0.436 0.4275 0.4275 0.384
-1 -1 -1 -1 -1 -1 -1 -1 -1 -1 -1 -1 -1 -1 -1 -1 -1 -1 -1 -1 -1 -1 -1 -1 -1 -1 -1 -1 -1 -1 -1 -1 -1 -1 -1 -1 -1 0.0492 0.0492 0.312 0.312 0.312 0.349 0.349 0.373 0.373 0.411 0.411 0.411 0.441 0.441 0.43 0.43 0.433 0.433 0.4485 0.4485 0.4485 0.4615 0.4615 0.454 0.454 0.454 0.454 0.454 0.4605 0.4605 0.4815 0.4815 0.4535 0.4535 0.4535 0.4075 0.4075 0.4495 0.4495 0.3765
-1 -1 -1 -1 -1 -1 -1 -1 -1 -1 -1 -1 -1 -1 -1 -1 -1 -1 -1 -1 -1 -1 -1 -1 -1 -1 -1 -1 -1 -1 -1 -1 -1 -1 -1 -1 -1 0.0492 0.0492 0.312 0.312 0.312 0.349 0.349 0.373 0.373 0.411 0.411 0.411 0.441 0.441 0.43 0.43 0.433 0.433 0.4485 0.4485 0.4485 0.4615 0.4615 0.454 0.454 0.454 0.454 0.454 0.4605 0.4605 0.4815 0.4815 0.4535 0.4535 0.4535 0.4075 0.4075 0.4495 0.4495 0.3765
-1 -1 -1 -1 -1 -1 -1 -1 -1 -1 -1 -1 -1 -1 -1 -1 -1 -1 -1 -1 -1 -1 -1 -1 -1 -1 -1 -1 -1 -1 -1 -1 -1 -1 -1 -1 -1 0.1435 0.1435 0.3775 0.3775 0.3775 0.3775 0.3775 0.373 0.373 0.4385 0.4385 0.4385 0.406 0.406 0.448 0.448 0.4675 0.4675 0.4265 0.4265 0.4265 0.4555 0.4555 0.4545 0.4545 0.4545 0.4545 0.4545 0.4715 0.4715 0.4975 0.4975 0.427 0.427 0.427 0.4885 0.4885 0.399 0.399 0.381
-1 -1 -1 -1 -1 -1 -1 -1 -1 -1 -1 -1 -1 -1 -1 -1 -1 -1 -1 -1 -1 -1 -1 -1 -1 -1 -1 -1 -1 -1 -1 -1 -1 -1 -1 -1 -1 0.1435 0.1435 0.3775 0.3775 0.3775 0.3775 0.3775 0.373 0.373 0.4385 0.4385 0.4385 0.406 0.406 0.448 0.448 0.4675 0.4675 0.4265 0.4265 0.4265 0.4555 0.4555 0.4545 0.4545 0.4545 0.4545 0.4545 0.4715 0.4715 0.4975 0.4975 0.427 0.427 0.427 0.4885 0.4885 0.399 0.399 0.381
-1 -1 -1 -1 -1 -1 -1 -1 -1 -1 -1 -1 -1 -1 -1 -1 -1 -1 -1 -1 -1 -1 -1 -1 -1 -1 -1 -1 -1 -1 -1 -1 -1 -1 -1 0.0282 0.0282 0.476 0.476 0.3985 0.3985 0.3985 0.412 0.412 0.394 0.394 0.4025 0.4025 0.4025 0.423 0.423 0.4475 0.4475 0.4305 0.4305 0.451 0.451 0.451 0.534 0.534 0.509 0.509 0.509 0.509 0.509 0.505 0.505 0.5095 0.5095 0.493 0.493 0.493 0.4845 0.4845 0.4345 0.4345 0.443
-1 -1 -1 -1 -1 -1 -1 -1 -1 -1 -1 -1 -1 -1 -1 -1 -1 -1 -1 -1 -1 -1 -1 -1 -1 -1 -1 -1 -1 -1 -1 -1 -1 -1 -1 0.0282 0.0282 0.476 0.476 0.3985 0.3985 0.3985 0.412 0.412 0.394 0.394 0.4025 0.4025 0.4025 0.423 0.423 0.4475 0.4475 0.4305 0.4305 0.451 0.451 0.451 0.534 0.534 0.509 0.509 0.509 0.509 0.509 0.505 0.505 0.5095 0.5095 0.493 0.493 0.493 0.4845 0.4845 0.4345 0.4345 0.443
-1 -1 -1 -1 -1 -1 -1 -1 -1 -1 -1 -1 -1 -1 -1 -1 -1 -1 -1 -1 -1 -1 -1 -1 -1 -1 -1 -1 -1 -1 -1 -1 -1 -1 -1 0.0282 0.0282 0.476 0.476 0.3985 0.3985 0.3985 0.412 0.412 0.394 0.394 0.4025 0.4025 0.4025 0.423 0.423 0.4475 0.4475 0.4305 0.4305 0.451 0.451 0.451 0.534 0.534 0.509 0.509 0.509 0.509 0.509 0.505 0.505 0.5095 0.5095 0.493 0.493 0.493 0.4845 0.4845 0.4345 0.4345 0.443
-1 -1 -1 -1 -1 -1 -1 -1 -1 -1 -1 -1 -1 -1 -1 -1 -1 -1 -1 -1 -1 -1 -1 -1 -1 -1 -1 -1 -1 -1 -1 -1 -1 -1 -1 0.337 0.337 0.4725 0.4725 0.4475 0.4475 0.4475 0.4215 0.4215 0.381 0.381 0.416 0.416 0.416 0.443 0.443 0.4645 0.4645 0.421 0.421 0.4745 0.4745 0.4745 0.504 0.504 0.493 0.493 0.493 0.493 0.493 0.5155 0.5155 0.4875 0.4875 0.4945 0.4945 0.4945 0.482 0.482 0.5045 0.5045 0.4275
-1 -1 -1 -1 -1 -1 -1 -1 -1 -1 -1 -1 -1 -1 -1 -1 -1 -1 -1 -1 -1 -1 -1 -1 -1 -1 -1 -1 -1 -1 -1 -1 -1 -1 -1 0.337 0.337 0.4725 0.4725 0.4475 0.4475 0.4475 0.4215 0.4215 0.381 0.381 0.416 0.416 0.416 0.443 0.443 0.4645 0.4645 0.421 0.421 0.4745 0.4745 0.4745 0.504 0.504 0.493 0.493 0.493 0.493 0.493 0.5155 0.5155 0.4875 0.4875 0.4945 0.4945 0.4945 0.482 0.482 0.5045 0.5045 0.4275
-1 -1 -1 -1 -1 -1 -1 -1 -1 -1 -1 -1 -1 -1 -1 -1 -1 -1 -1 -1 -1 -1 -1 -1 -1 -1 -1 -1 -1 -1 -1 -1 0.1102 0.1102 0.1102 0.528 0.528 0.4715 0.4715 0.4525 0.4525 0.4525 0.429 0.429 0.415 0.415 0.415 0.415 0.415 0.422 0.422 0.396 0.396 0.431 0.431 0.49 0.49 0.49 0.4675 0.4675 0.49 0.49 0.49 0.49 0.49 0.5215 0.5215 0.561 0.561 0.5795 0.5795 0.5795 0.571 0.571 0.5135 0.5135 0.5015
-1 -1 -1 -1 -1 -1 -1 -1 -1 -1 -1 -1 -1 -1 -1 -1 -1 -1 -1 -1 -1 -1 -1 -1 -1 -1 -1 -1 -1 -1 -1 -1 0.1102 0.1102 0.1102 0.528 0.528 0.4715 0.4715 0.4525 0.4525 0.4525 0.429 0.429 0.415 0.415 0.415 0.415 0.415 0.422 0.422 0.396 0.396 0.431 0.431 0.49 0.49 0.49 0.4675 0.4675 0.49 0.49 0.49 0.49 0.49 0.5215 0.5215 0.561 0.561 0.5795 0.5795 0.5795 0.571 0.571 0.5135 0.5135 0.5015
-1 -1 -1 -1 -1 -1 -1 -1 -1 -1 -1 -1 -1 -1 -1 -1 -1 -1 -1 -1 -1 -1 -1 -1 -1 -1 -1 -1 -1 -1 0.0267 0.0267 0.3325 0.3325 0.3325 0.431 0.431 0.3975 0.3975 0.406 0.406 0.406 0.396 0.396 0.4195 0.4195 0.42 0.42 0.42 0.428 0.428 0.451 0.451 0.4845 0.4845 0.444 0.444 0.444 0.5215 0.5215 0.457 0.457 0.457 0.457 0.457 0.5055 0.5055 0.534 0.534 0.528 0.528 0.528 0.538 0.538 0.543 0.543 0.4676
-1 -1 -1 -1 -1 -1 -1 -1 -1 -1 -1 -1 -1 -1 -1 -1 -1 -1 -1 -1 -1 -1 -1 -1 -1 -1 -1 -1 -1 -1 0.0267 0.0267 0.3325 0.3325 0.3325 0.431 0.431 0.3975 0.3975 0.406 0.406 0.406 0.396 0.396 0.4195 0.4195 0.42 0.42 0.42 0.428 0.428 0.451 0.451 0.4845 0.4845 0.444 0.444 0.444 0.5215 0.5215 0.457 0.457 0.457 0.457 0.457 0.5055 0.5055 0.534 0.534 0.528 0.528 0.528 0.538 0.538 0.543 0.543 0.4676
-1 -1 -1 -1 -1 -1 -1 -1 -1 -1 -1 -1 -1 -1 -1 -1 -1 -1 -1 -1 -1 -1 -1 -1 -1 -1 -1 -1 -1 -1 0.0267 0.0267 0.3325 0.3325 0.3325 0.431 0.431 0.3975 0.3975 0.406 0.406 0.406 0.396 0.396 0.4195 0.4195 0.42 0.42 0.42 0.428 0.428 0.451 0.451 0.4845 0.4845 0.444 0.444 0.444 0.5215 0.5215 0.457 0.457 0.457 0.457 0.457 0.5055 0.5055 0.534 0.534 0.528 0.528 0.528 0.538 0.538 0.543 0.543 0.4676
-1 -1 -1 -1 -1 -1 -1 -1 -1 -1 -1 -1 -1 -1 -1 -1 -1 -1 -1 -1 -1 -1 -1 -1 -1 -1 -1 -1 -1 -1 0.2061 0.2061 0.475 0.475 0.475 0.4485 0.4485 0.449 0.449 0.418 0.418 0.418 0.4125 0.4125 0.435 0.435 0.445 0.445 0.445 0.4735 0.4735 0.505 0.505 0.532 0.532 0.4765 0.4765 0.4765 0.548 0.548 0.447 0.447 0.447 0.447 0.447 0.523 0.523 0.4945 0.4945 0.497 0.497 0.497 0.5255 0.5255 0.5785 0.5785 0.542
-1 -1 -1 -1 -1 -1 -1 -1 -1 -1 -1 -1 -1 -1 -1 -1 -1 -1 -1 -1 -1 -1 -1 -1 -1 -1 -1 -1 -1 -1 0.2061 0.2061 0.475 0.475 0.475 0.4485 0.4485 0.449 0.449 0.418 0.418 0.418 0.4125 0.4125 0.435 0.435 0.445 0.445 0.445 0.4735 0.4735 0.505 0.505 0.532 0.532 0.4765 0.4765 0.4765 0.548 0.548 0.447 0.447 0.447 0.447 0.447 0.523 0.523 0.4945 0.4945 0.497 0.497 0.497 0.5255 0.5255 0.5785 0.5785 0.542
-1 -1 -1 -1 -1 -1 -1 -1 -1 -1 -1 -1 -1 -1 -1 -1 -1 -1 -1 -1 -1 -1 -1 -1 -1 -1 -1 -1 0.07269999 0.07269999 0.3825 0.3825 0.4295 0.4295 0.4295 0.43 0.43 0.422 0.422 0.3995 0.3995 0.3995 0.47 0.47 0.423 0.423 0.467 0.467 0.467 0.507 0.507 0.513 0.513 0.507 0.507 0.5495 0.5495 0.5495 0.531 0.531 0.487 0.487 0.487 0.487 0.487 0.525 0.525 0.4895 0.4895 0.543 0.543 0.543 0.547 0.547 0.5425 0.5425 0.546
-1 -1 -1 -1 -1 -1 -1 -1 -1 -1 -1 -1 -1 -1 -1 -1 -1 -1 -1 -1 -1 -1 -1 -1 -1 -1 -1 -1 0.07269999 0.07269999 0.3825 0.3825 0.4295 0.4295 0.4295 0.43 0.43 0.422 0.422 0.3995 0.3995 0.3995 0.47 0.47 0.423 0.423 0.467 0.467 0.467 0.507 0.507 0.513 0.513 0.507 0.507 0.5495 0.5495 0.5495 0.531 0.531 0.487 0.487 0.487 0.487 0.487 0.525 0.525 0.4895 0.4895 0.543 0.543 0.543 0.547 0.547 0.5425 0.5425 0.546
-1 -1 -1 -1 -1 -1 -1 -1 -1 -1 -1 -1 -1 -1 -1 -1 -1 -1 -1 -1 -1 -1 -1 -1 -1 0.0207 0.0207 0.0207 0.2125 0.2125 0.4465 0.4465 0.4315 0.4315 0.4315 0.4075 0.4075 0.46 0.46 0.46 0.46 0.46 0.4615 0.4615 0.4545 0.4545 0.4675 0.4675 0.4675 0.5055 0.5055 0.548 0.548 0.554 0.554 0.5715 0.5715 0.5715 0.5685 0.5685 0.5675 0.5675 0.5675 0.5675 0.5675 0.5625 0.5625 0.5805 0.5805 0.5665 0.5665 0.5665 0.5641 0.5641 0.603 0.603 0.5285
