ndvi/NOAA-229.asc
ncols         252
nrows         154
xllcorner     -18.017974
yllcorner     13.481982
cellsize      0.035948
NODATA_value  -9999
[rows 35 to 69 of 154, columns 154 to 230 of 252]
0.1655 0.1675 0.1675 0.1815 0.1815 0.1815 0.168 0.168 0.143 0.143 0.1305 0.1305 0.123 0.123 0.123 0.129 0.129 0.1295 0.1295 0.1335 0.1335 0.1335 0.138 0.138 0.143 0.143 0.1655 0.1655 0.1655 0.154 0.154 0.163 0.163 0.1405 0.1405 0.1405 0.147 0.147 0.142 0.142 0.155 0.155 0.155 0.143 0.143 0.1425 0.1425 0.1475 0.1475 0.148 0.148 0.148 0.149 0.149 0.16 0.16 0.145 0.145 0.145 0.1605 0.1605 0.148 0.148 0.1435 0.1435 0.1435 0.1395 0.1395 0.1495 0.1495 0.159 0.159 0.159 0.1585 0.1585 0.143 0.143
0.1655 0.1675 0.1675 0.1815 0.1815 0.1815 0.168 0.168 0.143 0.143 0.1305 0.1305 0.123 0.123 0.123 0.129 0.129 0.1295 0.1295 0.1335 0.1335 0.1335 0.138 0.138 0.143 0.143 0.1655 0.1655 0.1655 0.154 0.154 0.163 0.163 0.1405 0.1405 0.1405 0.147 0.147 0.142 0.142 0.155 0.155 0.155 0.143 0.143 0.1425 0.1425 0.1475 0.1475 0.148 0.148 0.148 0.149 0.149 0.16 0.16 0.145 0.145 0.145 0.1605 0.1605 0.148 0.148 0.1435 0.1435 0.1435 0.1395 0.1395 0.1495 0.1495 0.159 0.159 0.159 0.1585 0.1585 0.143 0.143
0.1565 0.146 0.146 0.168 0.168 0.168 0.1765 0.1765 0.1495 0.1495 0.1345 0.1345 0.1365 0.1365 0.1365 0.1375 0.1375 0.137 0.137 0.133 0.133 0.133 0.133 0.133 0.1555 0.1555 0.168 0.168 0.168 0.1715 0.1715 0.162 0.162 0.158 0.158 0.158 0.154 0.154 0.1425 0.1425 0.1465 0.1465 0.1465 0.1405 0.1405 0.142 0.142 0.1505 0.1505 0.1505 0.1505 0.1505 0.1485 0.1485 0.152 0.152 0.154 0.154 0.154 0.15 0.15 0.159 0.159 0.1535 0.1535 0.1535 0.1505 0.1505 0.1585 0.1585 0.172 0.172 0.172 0.1695 0.1695 0.167 0.167
0.1565 0.146 0.146 0.168 0.168 0.168 0.1765 0.1765 0.1495 0.1495 0.1345 0.1345 0.1365 0.1365 0.1365 0.1375 0.1375 0.137 0.137 0.133 0.133 0.133 0.133 0.133 0.1555 0.1555 0.168 0.168 0.168 0.1715 0.1715 0.162 0.162 0.158 0.158 0.158 0.154 0.154 0.1425 0.1425 0.1465 0.1465 0.1465 0.1405 0.1405 0.142 0.142 0.1505 0.1505 0.1505 0.1505 0.1505 0.1485 0.1485 0.152 0.152 0.154 0.154 0.154 0.15 0.15 0.159 0.159 0.1535 0.1535 0.1535 0.1505 0.1505 0.1585 0.1585 0.172 0.172 0.172 0.1695 0.1695 0.167 0.167
0.1565 0.134 0.134 0.1355 0.1355 0.1355 0.126 0.126 0.138 0.138 0.135 0.135 0.1465 0.1465 0.1465 0.146 0.146 0.1245 0.1245 0.1305 0.1305 0.1305 0.1275 0.1275 0.1605 0.1605 0.1695 0.1695 0.1695 0.181 0.181 0.1725 0.1725 0.162 0.162 0.162 0.15 0.15 0.1505 0.1505 0.143 0.143 0.143 0.142 0.142 0.151 0.151 0.152 0.152 0.1535 0.1535 0.1535 0.1505 0.1505 0.157 0.157 0.154 0.154 0.154 0.157 0.157 0.1615 0.1615 0.1555 0.1555 0.1555 0.159 0.159 0.1675 0.1675 0.174 0.174 0.174 0.167 0.167 0.1555 0.1555
0.1565 0.134 0.134 0.1355 0.1355 0.1355 0.126 0.126 0.138 0.138 0.135 0.135 0.1465 0.1465 0.1465 0.146 0.146 0.1245 0.1245 0.1305 0.1305 0.1305 0.1275 0.1275 0.1605 0.1605 0.1695 0.1695 0.1695 0.181 0.181 0.1725 0.1725 0.162 0.162 0.162 0.15 0.15 0.1505 0.1505 0.143 0.143 0.143 0.142 0.142 0.151 0.151 0.152 0.152 0.1535 0.1535 0.1535 0.1505 0.1505 0.157 0.157 0.154 0.154 0.154 0.157 0.157 0.1615 0.1615 0.1555 0.1555 0.1555 0.159 0.159 0.1675 0.1675 0.174 0.174 0.174 0.167 0.167 0.1555 0.1555
0.1725 0.167 0.167 0.154 0.154 0.154 0.1325 0.1325 0.1455 0.1455 0.1435 0.1435 0.1435 0.1435 0.1435 0.144 0.144 0.1235 0.1235 0.1295 0.1295 0.1295 0.1235 0.1235 0.154 0.154 0.166 0.166 0.166 0.185 0.185 0.192 0.192 0.1655 0.1655 0.1655 0.166 0.166 0.1525 0.1525 0.1525 0.1525 0.1525 0.1545 0.1545 0.1565 0.1565 0.158 0.158 0.146 0.146 0.146 0.1475 0.1475 0.15 0.15 0.1545 0.1545 0.1545 0.1605 0.1605 0.1635 0.1635 0.1735 0.1735 0.1735 0.1765 0.1765 0.1755 0.1755 0.1645 0.1645 0.1645 0.158 0.158 0.1595 0.1595
0.1725 0.167 0.167 0.154 0.154 0.154 0.1325 0.1325 0.1455 0.1455 0.1435 0.1435 0.1435 0.1435 0.1435 0.144 0.144 0.1235 0.1235 0.1295 0.1295 0.1295 0.1235 0.1235 0.154 0.154 0.166 0.166 0.166 0.185 0.185 0.192 0.192 0.1655 0.1655 0.1655 0.166 0.166 0.1525 0.1525 0.1525 0.1525 0.1525 0.1545 0.1545 0.1565 0.1565 0.158 0.158 0.146 0.146 0.146 0.1475 0.1475 0.15 0.15 0.1545 0.1545 0.1545 0.1605 0.1605 0.1635 0.1635 0.1735 0.1735 0.1735 0.1765 0.1765 0.1755 0.1755 0.1645 0.1645 0.1645 0.158 0.158 0.1595 0.1595
0.1725 0.167 0.167 0.154 0.154 0.154 0.1325 0.1325 0.1455 0.1455 0.1435 0.1435 0.1435 0.1435 0.1435 0.144 0.144 0.1235 0.1235 0.1295 0.1295 0.1295 0.1235 0.1235 0.154 0.154 0.166 0.166 0.166 0.185 0.185 0.192 0.192 0.1655 0.1655 0.1655 0.166 0.166 0.1525 0.1525 0.1525 0.1525 0.1525 0.1545 0.1545 0.1565 0.1565 0.158 0.158 0.146 0.146 0.146 0.1475 0.1475 0.15 0.15 0.1545 0.1545 0.1545 0.1605 0.1605 0.1635 0.1635 0.1735 0.1735 0.1735 0.1765 0.1765 0.1755 0.1755 0.1645 0.1645 0.1645 0.158 0.158 0.1595 0.1595
0.1635 0.174 0.174 0.1585 0.1585 0.1585 0.1475 0.1475 0.1475 0.1475 0.1535 0.1535 0.1495 0.1495 0.1495 0.146 0.146 0.1765 0.1765 0.175 0.175 0.175 0.164 0.164 0.167 0.167 0.159 0.159 0.159 0.1715 0.1715 0.1655 0.1655 0.175 0.175 0.175 0.1705 0.1705 0.1635 0.1635 0.1545 0.1545 0.1545 0.1525 0.1525 0.154 0.154 0.1675 0.1675 0.1685 0.1685 0.1685 0.152 0.152 0.156 0.156 0.1605 0.1605 0.1605 0.1615 0.1615 0.17 0.17 0.1775 0.1775 0.1775 0.1805 0.1805 0.182 0.182 0.1705 0.1705 0.1705 0.167 0.167 0.1635 0.1635
0.1635 0.174 0.174 0.1585 0.1585 0.1585 0.1475 0.1475 0.1475 0.1475 0.1535 0.1535 0.1495 0.1495 0.1495 0.146 0.146 0.1765 0.1765 0.175 0.175 0.175 0.164 0.164 0.167 0.167 0.159 0.159 0.159 0.1715 0.1715 0.1655 0.1655 0.175 0.175 0.175 0.1705 0.1705 0.1635 0.1635 0.1545 0.1545 0.1545 0.1525 0.1525 0.154 0.154 0.1675 0.1675 0.1685 0.1685 0.1685 0.152 0.152 0.156 0.156 0.1605 0.1605 0.1605 0.1615 0.1615 0.17 0.17 0.1775 0.1775 0.1775 0.1805 0.1805 0.182 0.182 0.1705 0.1705 0.1705 0.167 0.167 0.1635 0.1635
0.161 0.239 0.239 0.2045 0.2045 0.2045 0.207 0.207 0.1875 0.1875 0.1845 0.1845 0.19 0.19 0.19 0.213 0.213 0.1895 0.1895 0.193 0.193 0.193 0.181 0.181 0.167 0.167 0.1655 0.1655 0.1655 0.16 0.16 0.167 0.167 0.1785 0.1785 0.1785 0.1745 0.1745 0.17 0.17 0.167 0.167 0.167 0.1675 0.1675 0.1695 0.1695 0.179 0.179 0.161 0.161 0.161 0.1505 0.1505 0.153 0.153 0.166 0.166 0.166 0.1665 0.1665 0.17 0.17 0.1755 0.1755 0.1755 0.178 0.178 0.168 0.168 0.1655 0.1655 0.1655 0.169 0.169 0.166 0.166
0.161 0.239 0.239 0.2045 0.2045 0.2045 0.207 0.207 0.1875 0.1875 0.1845 0.1845 0.19 0.19 0.19 0.213 0.213 0.1895 0.1895 0.193 0.193 0.193 0.181 0.181 0.167 0.167 0.1655 0.1655 0.1655 0.16 0.16 0.167 0.167 0.1785 0.1785 0.1785 0.1745 0.1745 0.17 0.17 0.167 0.167 0.167 0.1675 0.1675 0.1695 0.1695 0.179 0.179 0.161 0.161 0.161 0.1505 0.1505 0.153 0.153 0.166 0.166 0.166 0.1665 0.1665 0.17 0.17 0.1755 0.1755 0.1755 0.178 0.178 0.168 0.168 0.1655 0.1655 0.1655 0.169 0.169 0.166 0.166
0.1435 0.1595 0.1595 0.1825 0.1825 0.1825 0.1885 0.1885 0.201 0.201 0.1945 0.1945 0.195 0.195 0.195 0.185 0.185 0.2065 0.2065 0.1775 0.1775 0.1775 0.1815 0.1815 0.1785 0.1785 0.165 0.165 0.165 0.173 0.173 0.176 0.176 0.171 0.171 0.171 0.181 0.181 0.1735 0.1735 0.175 0.175 0.175 0.177 0.177 0.1705 0.1705 0.1715 0.1715 0.1765 0.1765 0.1765 0.1645 0.1645 0.1695 0.1695 0.1725 0.1725 0.1725 0.1725 0.1725 0.175 0.175 0.182 0.182 0.182 0.168 0.168 0.1585 0.1585 0.178 0.178 0.178 0.1735 0.1735 0.1625 0.1625
0.1435 0.1595 0.1595 0.1825 0.1825 0.1825 0.1885 0.1885 0.201 0.201 0.1945 0.1945 0.195 0.195 0.195 0.185 0.185 0.2065 0.2065 0.1775 0.1775 0.1775 0.1815 0.1815 0.1785 0.1785 0.165 0.165 0.165 0.173 0.173 0.176 0.176 0.171 0.171 0.171 0.181 0.181 0.1735 0.1735 0.175 0.175 0.175 0.177 0.177 0.1705 0.1705 0.1715 0.1715 0.1765 0.1765 0.1765 0.1645 0.1645 0.1695 0.1695 0.1725 0.1725 0.1725 0.1725 0.1725 0.175 0.175 0.182 0.182 0.182 0.168 0.168 0.1585 0.1585 0.178 0.178 0.178 0.1735 0.1735 0.1625 0.1625
0.1435 0.1595 0.1595 0.1825 0.1825 0.1825 0.1885 0.1885 0.201 0.201 0.1945 0.1945 0.195 0.195 0.195 0.185 0.185 0.2065 0.2065 0.1775 0.1775 0.1775 0.1815 0.1815 0.1785 0.1785 0.165 0.165 0.165 0.173 0.173 0.176 0.176 0.171 0.171 0.171 0.181 0.181 0.1735 0.1735 0.175 0.175 0.175 0.177 0.177 0.1705 0.1705 0.1715 0.1715 0.1765 0.1765 0.1765 0.1645 0.1645 0.1695 0.1695 0.1725 0.1725 0.1725 0.1725 0.1725 0.175 0.175 0.182 0.182 0.182 0.168 0.168 0.1585 0.1585 0.178 0.178 0.178 0.1735 0.1735 0.1625 0.1625
0.156 0.1605 0.1605 0.185 0.185 0.185 0.2125 0.2125 0.2345 0.2345 0.2065 0.2065 0.1965 0.1965 0.1965 0.1945 0.1945 0.1835 0.1835 0.1865 0.1865 0.1865 0.194 0.194 0.184 0.184 0.183 0.183 0.183 0.1825 0.1825 0.1695 0.1695 0.172 0.172 0.172 0.191 0.191 0.2165 0.2165 0.205 0.205 0.205 0.192 0.192 0.186 0.186 0.1805 0.1805 0.173 0.173 0.173 0.1535 0.1535 0.166 0.166 0.181 0.181 0.181 0.181 0.181 0.1735 0.1735 0.1725 0.1725 0.1725 0.1725 0.1725 0.178 0.178 0.1765 0.1765 0.1765 0.1685 0.1685 0.167 0.167
0.156 0.1605 0.1605 0.185 0.185 0.185 0.2125 0.2125 0.2345 0.2345 0.2065 0.2065 0.1965 0.1965 0.1965 0.1945 0.1945 0.1835 0.1835 0.1865 0.1865 0.1865 0.194 0.194 0.184 0.184 0.183 0.183 0.183 0.1825 0.1825 0.1695 0.1695 0.172 0.172 0.172 0.191 0.191 0.2165 0.2165 0.205 0.205 0.205 0.192 0.192 0.186 0.186 0.1805 0.1805 0.173 0.173 0.173 0.1535 0.1535 0.166 0.166 0.181 0.181 0.181 0.181 0.181 0.1735 0.1735 0.1725 0.1725 0.1725 0.1725 0.1725 0.178 0.178 0.1765 0.1765 0.1765 0.1685 0.1685 0.167 0.167
0.137 0.1485 0.1485 0.1945 0.1945 0.1945 0.2085 0.2085 0.2225 0.2225 0.209 0.209 0.2085 0.2085 0.2085 0.2085 0.2085 0.2025 0.2025 0.1805 0.1805 0.1805 0.1795 0.1795 0.2025 0.2025 0.217 0.217 0.217 0.203 0.203 0.2085 0.2085 0.205 0.205 0.205 0.203 0.203 0.2145 0.2145 0.1885 0.1885 0.1885 0.179 0.179 0.173 0.173 0.1835 0.1835 0.17 0.17 0.17 0.1605 0.1605 0.18 0.18 0.19 0.19 0.19 0.194 0.194 0.186 0.186 0.189 0.189 0.189 0.208 0.208 0.186 0.186 0.1845 0.1845 0.1845 0.194 0.194 0.1905 0.1905
0.137 0.1485 0.1485 0.1945 0.1945 0.1945 0.2085 0.2085 0.2225 0.2225 0.209 0.209 0.2085 0.2085 0.2085 0.2085 0.2085 0.2025 0.2025 0.1805 0.1805 0.1805 0.1795 0.1795 0.2025 0.2025 0.217 0.217 0.217 0.203 0.203 0.2085 0.2085 0.205 0.205 0.205 0.203 0.203 0.2145 0.2145 0.1885 0.1885 0.1885 0.179 0.179 0.173 0.173 0.1835 0.1835 0.17 0.17 0.17 0.1605 0.1605 0.18 0.18 0.19 0.19 0.19 0.194 0.194 0.186 0.186 0.189 0.189 0.189 0.208 0.208 0.186 0.186 0.1845 0.1845 0.1845 0.194 0.194 0.1905 0.1905
0.1345 0.141 0.141 0.1945 0.1945 0.1945 0.207 0.207 0.2135 0.2135 0.2095 0.2095 0.2155 0.2155 0.2155 0.229 0.229 0.221 0.221 0.214 0.214 0.214 0.2095 0.2095 0.222 0.222 0.2065 0.2065 0.2065 0.2195 0.2195 0.2135 0.2135 0.2155 0.2155 0.2155 0.222 0.222 0.194 0.194 0.1965 0.1965 0.1965 0.1845 0.1845 0.194 0.194 0.1775 0.1775 0.1795 0.1795 0.1795 0.1735 0.1735 0.1755 0.1755 0.178 0.178 0.178 0.1815 0.1815 0.196 0.196 0.1855 0.1855 0.1855 0.189 0.189 0.1845 0.1845 0.1865 0.1865 0.1865 0.1845 0.1845 0.1905 0.1905
0.1345 0.141 0.141 0.1945 0.1945 0.1945 0.207 0.207 0.2135 0.2135 0.2095 0.2095 0.2155 0.2155 0.2155 0.229 0.229 0.221 0.221 0.214 0.214 0.214 0.2095 0.2095 0.222 0.222 0.2065 0.2065 0.2065 0.2195 0.2195 0.2135 0.2135 0.2155 0.2155 0.2155 0.222 0.222 0.194 0.194 0.1965 0.1965 0.1965 0.1845 0.1845 0.194 0.194 0.1775 0.1775 0.1795 0.1795 0.1795 0.1735 0.1735 0.1755 0.1755 0.178 0.178 0.178 0.1815 0.1815 0.196 0.196 0.1855 0.1855 0.1855 0.189 0.189 0.1845 0.1845 0.1865 0.1865 0.1865 0.1845 0.1845 0.1905 0.1905
0.142 0.151 0.151 0.1625 0.1625 0.1625 0.213 0.213 0.2095 0.2095 0.2045 0.2045 0.203 0.203 0.203 0.2155 0.2155 0.222 0.222 0.235 0.235 0.235 0.2265 0.2265 0.226 0.226 0.2125 0.2125 0.2125 0.2185 0.2185 0.23 0.23 0.218 0.218 0.218 0.213 0.213 0.221 0.221 0.1955 0.1955 0.1955 0.192 0.192 0.2185 0.2185 0.1885 0.1885 0.184 0.184 0.184 0.163 0.163 0.1565 0.1565 0.1675 0.1675 0.1675 0.1805 0.1805 0.199 0.199 0.1975 0.1975 0.1975 0.1935 0.1935 0.1795 0.1795 0.205 0.205 0.205 0.203 0.203 0.194 0.194
0.142 0.151 0.151 0.1625 0.1625 0.1625 0.213 0.213 0.2095 0.2095 0.2045 0.2045 0.203 0.203 0.203 0.2155 0.2155 0.222 0.222 0.235 0.235 0.235 0.2265 0.2265 0.226 0.226 0.2125 0.2125 0.2125 0.2185 0.2185 0.23 0.23 0.218 0.218 0.218 0.213 0.213 0.221 0.221 0.1955 0.1955 0.1955 0.192 0.192 0.2185 0.2185 0.1885 0.1885 0.184 0.184 0.184 0.163 0.163 0.1565 0.1565 0.1675 0.1675 0.1675 0.1805 0.1805 0.199 0.199 0.1975 0.1975 0.1975 0.1935 0.1935 0.1795 0.1795 0.205 0.205 0.205 0.203 0.203 0.194 0.194
0.142 0.151 0.151 0.1625 0.1625 0.1625 0.213 0.213 0.2095 0.2095 0.2045 0.2045 0.203 0.203 0.203 0.2155 0.2155 0.222 0.222 0.235 0.235 0.235 0.2265 0.2265 0.226 0.226 0.2125 0.2125 0.2125 0.2185 0.2185 0.23 0.23 0.218 0.218 0.218 0.213 0.213 0.221 0.221 0.1955 0.1955 0.1955 0.192 0.192 0.2185 0.2185 0.1885 0.1885 0.184 0.184 0.184 0.163 0.163 0.1565 0.1565 0.1675 0.1675 0.1675 0.1805 0.1805 0.199 0.199 0.1975 0.1975 0.1975 0.1935 0.1935 0.1795 0.1795 0.205 0.205 0.205 0.203 0.203 0.194 0.194
0.1685 0.163 0.163 0.175 0.175 0.175 0.2095 0.2095 0.1925 0.1925 0.1885 0.1885 0.1935 0.1935 0.1935 0.2145 0.2145 0.249 0.249 0.249 0.249 0.249 0.246 0.246 0.2295 0.2295 0.2455 0.2455 0.2455 0.2515 0.2515 0.2305 0.2305 0.2335 0.2335 0.2335 0.22 0.22 0.2235 0.2235 0.2565 0.2565 0.2565 0.201 0.201 0.187 0.187 0.1875 0.1875 0.2005 0.2005 0.2005 0.1655 0.1655 0.154 0.154 0.164 0.164 0.164 0.161 0.161 0.1725 0.1725 0.175 0.175 0.175 0.1885 0.1885 0.167 0.167 0.167 0.167 0.167 0.186 0.186 0.191 0.191
0.1685 0.163 0.163 0.175 0.175 0.175 0.2095 0.2095 0.1925 0.1925 0.1885 0.1885 0.1935 0.1935 0.1935 0.2145 0.2145 0.249 0.249 0.249 0.249 0.249 0.246 0.246 0.2295 0.2295 0.2455 0.2455 0.2455 0.2515 0.2515 0.2305 0.2305 0.2335 0.2335 0.2335 0.22 0.22 0.2235 0.2235 0.2565 0.2565 0.2565 0.201 0.201 0.187 0.187 0.1875 0.1875 0.2005 0.2005 0.2005 0.1655 0.1655 0.154 0.154 0.164 0.164 0.164 0.161 0.161 0.1725 0.1725 0.175 0.175 0.175 0.1885 0.1885 0.167 0.167 0.167 0.167 0.167 0.186 0.186 0.191 0.191
0.1455 0.1495 0.1495 0.152 0.152 0.152 0.1435 0.1435 0.16 0.16 0.191 0.191 0.1925 0.1925 0.1925 0.2245 0.2245 0.246 0.246 0.253 0.253 0.253 0.261 0.261 0.2395 0.2395 0.2255 0.2255 0.2255 0.2125 0.2125 0.2455 0.2455 0.217 0.217 0.217 0.2525 0.2525 0.2285 0.2285 0.223 0.223 0.223 0.2135 0.2135 0.1915 0.1915 0.1775 0.1775 0.2035 0.2035 0.2035 0.2165 0.2165 0.177 0.177 0.1675 0.1675 0.1675 0.184 0.184 0.19 0.19 0.1845 0.1845 0.1845 0.1905 0.1905 0.1735 0.1735 0.1735 0.1735 0.1735 0.166 0.166 0.174 0.174
0.1455 0.1495 0.1495 0.152 0.152 0.152 0.1435 0.1435 0.16 0.16 0.191 0.191 0.1925 0.1925 0.1925 0.2245 0.2245 0.246 0.246 0.253 0.253 0.253 0.261 0.261 0.2395 0.2395 0.2255 0.2255 0.2255 0.2125 0.2125 0.2455 0.2455 0.217 0.217 0.217 0.2525 0.2525 0.2285 0.2285 0.223 0.223 0.223 0.2135 0.2135 0.1915 0.1915 0.1775 0.1775 0.2035 0.2035 0.2035 0.2165 0.2165 0.177 0.177 0.1675 0.1675 0.1675 0.184 0.184 0.19 0.19 0.1845 0.1845 0.1845 0.1905 0.1905 0.1735 0.1735 0.1735 0.1735 0.1735 0.166 0.166 0.174 0.174
0.17 0.1735 0.1735 0.1745 0.1745 0.1745 0.158 0.158 0.1955 0.1955 0.223 0.223 0.221 0.221 0.221 0.225 0.225 0.2415 0.2415 0.2425 0.2425 0.2425 0.243 0.243 0.2395 0.2395 0.23 0.23 0.23 0.206 0.206 0.235 0.235 0.2275 0.2275 0.2275 0.2425 0.2425 0.2565 0.2565 0.2525 0.2525 0.2525 0.217 0.217 0.2085 0.2085 0.2135 0.2135 0.228 0.228 0.228 0.2265 0.2265 0.2555 0.2555 0.213 0.213 0.213 0.177 0.177 0.192 0.192 0.2065 0.2065 0.2065 0.1935 0.1935 0.1825 0.1825 0.1795 0.1795 0.1795 0.187 0.187 0.188 0.188
0.17 0.1735 0.1735 0.1745 0.1745 0.1745 0.158 0.158 0.1955 0.1955 0.223 0.223 0.221 0.221 0.221 0.225 0.225 0.2415 0.2415 0.2425 0.2425 0.2425 0.243 0.243 0.2395 0.2395 0.23 0.23 0.23 0.206 0.206 0.235 0.235 0.2275 0.2275 0.2275 0.2425 0.2425 0.2565 0.2565 0.2525 0.2525 0.2525 0.217 0.217 0.2085 0.2085 0.2135 0.2135 0.228 0.228 0.228 0.2265 0.2265 0.2555 0.2555 0.213 0.213 0.213 0.177 0.177 0.192 0.192 0.2065 0.2065 0.2065 0.1935 0.1935 0.1825 0.1825 0.1795 0.1795 0.1795 0.187 0.187 0.188 0.188
0.17 0.1735 0.1735 0.1745 0.1745 0.1745 0.158 0.158 0.1955 0.1955 0.223 0.223 0.221 0.221 0.221 0.225 0.225 0.2415 0.2415 0.2425 0.2425 0.2425 0.243 0.243 0.2395 0.2395 0.23 0.23 0.23 0.206 0.206 0.235 0.235 0.2275 0.2275 0.2275 0.2425 0.2425 0.2565 0.2565 0.2525 0.2525 0.2525 0.217 0.217 0.2085 0.2085 0.2135 0.2135 0.228 0.228 0.228 0.2265 0.2265 0.2555 0.2555 0.213 0.213 0.213 0.177 0.177 0.192 0.192 0.2065 0.2065 0.2065 0.1935 0.1935 0.1825 0.1825 0.1795 0.1795 0.1795 0.187 0.187 0.188 0.188
0.17 0.205 0.205 0.1765 0.1765 0.1765 0.165 0.165 0.171 0.171 0.1975 0.1975 0.2085 0.2085 0.2085 0.2385 0.2385 0.2265 0.2265 0.239 0.239 0.239 0.2395 0.2395 0.2425 0.2425 0.231 0.231 0.231 0.236 0.236 0.23 0.23 0.239 0.239 0.239 0.2405 0.2405 0.2235 0.2235 0.237 0.237 0.237 0.2315 0.2315 0.221 0.221 0.225 0.225 0.237 0.237 0.237 0.2395 0.2395 0.251 0.251 0.2405 0.2405 0.2405 0.256 0.256 0.2335 0.2335 0.229 0.229 0.229 0.2265 0.2265 0.2485 0.2485 0.228 0.228 0.228 0.2185 0.2185 0.207 0.207
0.17 0.205 0.205 0.1765 0.1765 0.1765 0.165 0.165 0.171 0.171 0.1975 0.1975 0.2085 0.2085 0.2085 0.2385 0.2385 0.2265 0.2265 0.239 0.239 0.239 0.2395 0.2395 0.2425 0.2425 0.231 0.231 0.231 0.236 0.236 0.23 0.23 0.239 0.239 0.239 0.2405 0.2405 0.2235 0.2235 0.237 0.237 0.237 0.2315 0.2315 0.221 0.221 0.225 0.225 0.237 0.237 0.237 0.2395 0.2395 0.251 0.251 0.2405 0.2405 0.2405 0.256 0.256 0.2335 0.2335 0.229 0.229 0.229 0.2265 0.2265 0.2485 0.2485 0.228 0.228 0.228 0.2185 0.2185 0.207 0.207
0.182 0.1685 0.1685 0.1755 0.1755 0.1755 0.1815 0.1815 0.1725 0.1725 0.183 0.183 0.2305 0.2305 0.2305 0.222 0.222 0.2205 0.2205 0.218 0.218 0.218 0.224 0.224 0.2325 0.2325 0.233 0.233 0.233 0.2395 0.2395 0.2375 0.2375 0.2445 0.2445 0.2445 0.23 0.23 0.2305 0.2305 0.236 0.236 0.236 0.232 0.232 0.2235 0.2235 0.221 0.221 0.2295 0.2295 0.2295 0.228 0.228 0.2445 0.2445 0.251 0.251 0.251 0.2395 0.2395 0.2615 0.2615 0.218 0.218 0.218 0.2025 0.2025 0.2155 0.2155 0.216 0.216 0.216 0.223 0.223 0.248 0.248
