ndvi/NOAA-242.asc
ncols         252
nrows         154
xllcorner     -18.017974
yllcorner     13.481982
cellsize      0.035948
NODATA_value  -9999
[rows 102 to 135 of 154, columns 77 to 153 of 252]
0.226 0.226 0.2155 0.2155 0.2335 0.2335 0.2365 0.2365 0.2365 0.2295 0.2295 0.2265 0.2265 0.219 0.219 0.228 0.228 0.228 0.23 0.23 0.2345 0.2345 0.243 0.243 0.243 0.2315 0.2315 0.2415 0.2415 0.23 0.23 0.23 0.2225 0.2225 0.2345 0.2345 0.2285 0.2285 0.2285 0.2375 0.2375 0.243 0.243 0.2545 0.2545 0.2545 0.249 0.249 0.251 0.251 0.2435 0.2435 0.2495 0.2495 0.2495 0.259 0.259 0.2205 0.2205 0.225 0.225 0.225 0.225 0.225 0.28 0.28 0.254 0.254 0.254 0.2725 0.2725 0.242 0.242 0.246 0.246 0.246 0.2355
0.238 0.238 0.2315 0.2315 0.239 0.239 0.2385 0.2385 0.2385 0.234 0.234 0.2255 0.2255 0.2125 0.2125 0.226 0.226 0.226 0.237 0.237 0.233 0.233 0.232 0.232 0.232 0.231 0.231 0.2305 0.2305 0.2335 0.2335 0.2335 0.2345 0.2345 0.2395 0.2395 0.2545 0.2545 0.2545 0.2485 0.2485 0.242 0.242 0.253 0.253 0.253 0.2525 0.2525 0.25 0.25 0.2515 0.2515 0.261 0.261 0.261 0.252 0.252 0.2345 0.2345 0.222 0.222 0.222 0.239 0.239 0.253 0.253 0.2635 0.2635 0.2635 0.259 0.259 0.2805 0.2805 0.2425 0.2425 0.2425 0.241
0.238 0.238 0.2315 0.2315 0.239 0.239 0.2385 0.2385 0.2385 0.234 0.234 0.2255 0.2255 0.2125 0.2125 0.226 0.226 0.226 0.237 0.237 0.233 0.233 0.232 0.232 0.232 0.231 0.231 0.2305 0.2305 0.2335 0.2335 0.2335 0.2345 0.2345 0.2395 0.2395 0.2545 0.2545 0.2545 0.2485 0.2485 0.242 0.242 0.253 0.253 0.253 0.2525 0.2525 0.25 0.25 0.2515 0.2515 0.261 0.261 0.261 0.252 0.252 0.2345 0.2345 0.222 0.222 0.222 0.239 0.239 0.253 0.253 0.2635 0.2635 0.2635 0.259 0.259 0.2805 0.2805 0.2425 0.2425 0.2425 0.241
0.238 0.238 0.2315 0.2315 0.239 0.239 0.2385 0.2385 0.2385 0.234 0.234 0.2255 0.2255 0.2125 0.2125 0.226 0.226 0.226 0.237 0.237 0.233 0.233 0.232 0.232 0.232 0.231 0.231 0.2305 0.2305 0.2335 0.2335 0.2335 0.2345 0.2345 0.2395 0.2395 0.2545 0.2545 0.2545 0.2485 0.2485 0.242 0.242 0.253 0.253 0.253 0.2525 0.2525 0.25 0.25 0.2515 0.2515 0.261 0.261 0.261 0.252 0.252 0.2345 0.2345 0.222 0.222 0.222 0.239 0.239 0.253 0.253 0.2635 0.2635 0.2635 0.259 0.259 0.2805 0.2805 0.2425 0.2425 0.2425 0.241
0.2475 0.2475 0.241 0.241 0.227 0.227 0.2545 0.2545 0.2545 0.2325 0.2325 0.2315 0.2315 0.234 0.234 0.22 0.22 0.22 0.224 0.224 0.226 0.226 0.2305 0.2305 0.2305 0.2525 0.2525 0.2335 0.2335 0.234 0.234 0.234 0.246 0.246 0.2505 0.2505 0.256 0.256 0.256 0.2375 0.2375 0.2395 0.2395 0.248 0.248 0.248 0.2405 0.2405 0.2475 0.2475 0.243 0.243 0.2465 0.2465 0.2465 0.248 0.248 0.237 0.237 0.2435 0.2435 0.2435 0.234 0.234 0.2545 0.2545 0.262 0.262 0.262 0.2685 0.2685 0.2645 0.2645 0.253 0.253 0.253 0.261
0.2475 0.2475 0.241 0.241 0.227 0.227 0.2545 0.2545 0.2545 0.2325 0.2325 0.2315 0.2315 0.234 0.234 0.22 0.22 0.22 0.224 0.224 0.226 0.226 0.2305 0.2305 0.2305 0.2525 0.2525 0.2335 0.2335 0.234 0.234 0.234 0.246 0.246 0.2505 0.2505 0.256 0.256 0.256 0.2375 0.2375 0.2395 0.2395 0.248 0.248 0.248 0.2405 0.2405 0.2475 0.2475 0.243 0.243 0.2465 0.2465 0.2465 0.248 0.248 0.237 0.237 0.2435 0.2435 0.2435 0.234 0.234 0.2545 0.2545 0.262 0.262 0.262 0.2685 0.2685 0.2645 0.2645 0.253 0.253 0.253 0.261
0.256 0.256 0.241 0.241 0.244 0.244 0.2435 0.2435 0.2435 0.229 0.229 0.2295 0.2295 0.246 0.246 0.2365 0.2365 0.2365 0.244 0.244 0.2435 0.2435 0.2465 0.2465 0.2465 0.263 0.263 0.2445 0.2445 0.2495 0.2495 0.2495 0.26 0.26 0.2545 0.2545 0.252 0.252 0.252 0.248 0.248 0.2445 0.2445 0.2365 0.2365 0.2365 0.2365 0.2365 0.239 0.239 0.242 0.242 0.2435 0.2435 0.2435 0.2745 0.2745 0.2605 0.2605 0.24 0.24 0.24 0.24 0.24 0.2525 0.2525 0.264 0.264 0.264 0.257 0.257 0.262 0.262 0.239 0.239 0.239 0.256
0.256 0.256 0.241 0.241 0.244 0.244 0.2435 0.2435 0.2435 0.229 0.229 0.2295 0.2295 0.246 0.246 0.2365 0.2365 0.2365 0.244 0.244 0.2435 0.2435 0.2465 0.2465 0.2465 0.263 0.263 0.2445 0.2445 0.2495 0.2495 0.2495 0.26 0.26 0.2545 0.2545 0.252 0.252 0.252 0.248 0.248 0.2445 0.2445 0.2365 0.2365 0.2365 0.2365 0.2365 0.239 0.239 0.242 0.242 0.2435 0.2435 0.2435 0.2745 0.2745 0.2605 0.2605 0.24 0.24 0.24 0.24 0.24 0.2525 0.2525 0.264 0.264 0.264 0.257 0.257 0.262 0.262 0.239 0.239 0.239 0.256
0.257 0.257 0.2545 0.2545 0.2525 0.2525 0.248 0.248 0.248 0.241 0.241 0.233 0.233 0.2365 0.2365 0.2575 0.2575 0.2575 0.26 0.26 0.257 0.257 0.2785 0.2785 0.2785 0.271 0.271 0.2655 0.2655 0.2645 0.2645 0.2645 0.268 0.268 0.285 0.285 0.267 0.267 0.267 0.2505 0.2505 0.253 0.253 0.2465 0.2465 0.2465 0.2325 0.2325 0.248 0.248 0.2495 0.2495 0.2635 0.2635 0.2635 0.269 0.269 0.2685 0.2685 0.262 0.262 0.262 0.2635 0.2635 0.2625 0.2625 0.2635 0.2635 0.2635 0.269 0.269 0.2965 0.2965 0.2565 0.2565 0.2565 0.25
0.257 0.257 0.2545 0.2545 0.2525 0.2525 0.248 0.248 0.248 0.241 0.241 0.233 0.233 0.2365 0.2365 0.2575 0.2575 0.2575 0.26 0.26 0.257 0.257 0.2785 0.2785 0.2785 0.271 0.271 0.2655 0.2655 0.2645 0.2645 0.2645 0.268 0.268 0.285 0.285 0.267 0.267 0.267 0.2505 0.2505 0.253 0.253 0.2465 0.2465 0.2465 0.2325 0.2325 0.248 0.248 0.2495 0.2495 0.2635 0.2635 0.2635 0.269 0.269 0.2685 0.2685 0.262 0.262 0.262 0.2635 0.2635 0.2625 0.2625 0.2635 0.2635 0.2635 0.269 0.269 0.2965 0.2965 0.2565 0.2565 0.2565 0.25
0.257 0.257 0.2545 0.2545 0.2525 0.2525 0.248 0.248 0.248 0.241 0.241 0.233 0.233 0.2365 0.2365 0.2575 0.2575 0.2575 0.26 0.26 0.257 0.257 0.2785 0.2785 0.2785 0.271 0.271 0.2655 0.2655 0.2645 0.2645 0.2645 0.268 0.268 0.285 0.285 0.267 0.267 0.267 0.2505 0.2505 0.253 0.253 0.2465 0.2465 0.2465 0.2325 0.2325 0.248 0.248 0.2495 0.2495 0.2635 0.2635 0.2635 0.269 0.269 0.2685 0.2685 0.262 0.262 0.262 0.2635 0.2635 0.2625 0.2625 0.2635 0.2635 0.2635 0.269 0.269 0.2965 0.2965 0.2565 0.2565 0.2565 0.25
0.23 0.23 0.266 0.266 0.249 0.249 0.2565 0.2565 0.2565 0.241 0.241 0.2345 0.2345 0.2355 0.2355 0.245 0.245 0.245 0.252 0.252 0.2625 0.2625 0.259 0.259 0.259 0.269 0.269 0.2665 0.2665 0.2615 0.2615 0.2615 0.2655 0.2655 0.2775 0.2775 0.264 0.264 0.264 0.2755 0.2755 0.2615 0.2615 0.2595 0.2595 0.2595 0.2595 0.2595 0.27 0.27 0.2675 0.2675 0.2645 0.2645 0.2645 0.2735 0.2735 0.262 0.262 0.2615 0.2615 0.2615 0.261 0.261 0.255 0.255 0.264 0.264 0.264 0.26 0.26 0.282 0.282 0.256 0.256 0.256 0.2365
0.23 0.23 0.266 0.266 0.249 0.249 0.2565 0.2565 0.2565 0.241 0.241 0.2345 0.2345 0.2355 0.2355 0.245 0.245 0.245 0.252 0.252 0.2625 0.2625 0.259 0.259 0.259 0.269 0.269 0.2665 0.2665 0.2615 0.2615 0.2615 0.2655 0.2655 0.2775 0.2775 0.264 0.264 0.264 0.2755 0.2755 0.2615 0.2615 0.2595 0.2595 0.2595 0.2595 0.2595 0.27 0.27 0.2675 0.2675 0.2645 0.2645 0.2645 0.2735 0.2735 0.262 0.262 0.2615 0.2615 0.2615 0.261 0.261 0.255 0.255 0.264 0.264 0.264 0.26 0.26 0.282 0.282 0.256 0.256 0.256 0.2365
0.2395 0.2395 0.2575 0.2575 0.239 0.239 0.233 0.233 0.233 0.2225 0.2225 0.2385 0.2385 0.2605 0.2605 0.26 0.26 0.26 0.26 0.26 0.258 0.258 0.2835 0.2835 0.2835 0.2585 0.2585 0.259 0.259 0.26 0.26 0.26 0.28 0.28 0.274 0.274 0.2705 0.2705 0.2705 0.268 0.268 0.2585 0.2585 0.2695 0.2695 0.2695 0.2575 0.2575 0.271 0.271 0.2815 0.2815 0.2865 0.2865 0.2865 0.266 0.266 0.2675 0.2675 0.2725 0.2725 0.2725 0.268 0.268 0.2605 0.2605 0.26 0.26 0.26 0.2645 0.2645 0.2655 0.2655 0.2595 0.2595 0.2595 0.239
0.2395 0.2395 0.2575 0.2575 0.239 0.239 0.233 0.233 0.233 0.2225 0.2225 0.2385 0.2385 0.2605 0.2605 0.26 0.26 0.26 0.26 0.26 0.258 0.258 0.2835 0.2835 0.2835 0.2585 0.2585 0.259 0.259 0.26 0.26 0.26 0.28 0.28 0.274 0.274 0.2705 0.2705 0.2705 0.268 0.268 0.2585 0.2585 0.2695 0.2695 0.2695 0.2575 0.2575 0.271 0.271 0.2815 0.2815 0.2865 0.2865 0.2865 0.266 0.266 0.2675 0.2675 0.2725 0.2725 0.2725 0.268 0.268 0.2605 0.2605 0.26 0.26 0.26 0.2645 0.2645 0.2655 0.2655 0.2595 0.2595 0.2595 0.239
0.233 0.233 0.2365 0.2365 0.2485 0.2485 0.2385 0.2385 0.2385 0.2375 0.2375 0.234 0.234 0.254 0.254 0.259 0.259 0.259 0.2765 0.2765 0.276 0.276 0.281 0.281 0.281 0.2805 0.2805 0.275 0.275 0.258 0.258 0.258 0.2565 0.2565 0.2865 0.2865 0.263 0.263 0.263 0.269 0.269 0.263 0.263 0.2665 0.2665 0.2665 0.2575 0.2575 0.2745 0.2745 0.273 0.273 0.282 0.282 0.282 0.2785 0.2785 0.2685 0.2685 0.2765 0.2765 0.2765 0.2775 0.2775 0.26 0.26 0.2585 0.2585 0.2585 0.2665 0.2665 0.2675 0.2675 0.2665 0.2665 0.2665 0.259
0.233 0.233 0.2365 0.2365 0.2485 0.2485 0.2385 0.2385 0.2385 0.2375 0.2375 0.234 0.234 0.254 0.254 0.259 0.259 0.259 0.2765 0.2765 0.276 0.276 0.281 0.281 0.281 0.2805 0.2805 0.275 0.275 0.258 0.258 0.258 0.2565 0.2565 0.2865 0.2865 0.263 0.263 0.263 0.269 0.269 0.263 0.263 0.2665 0.2665 0.2665 0.2575 0.2575 0.2745 0.2745 0.273 0.273 0.282 0.282 0.282 0.2785 0.2785 0.2685 0.2685 0.2765 0.2765 0.2765 0.2775 0.2775 0.26 0.26 0.2585 0.2585 0.2585 0.2665 0.2665 0.2675 0.2675 0.2665 0.2665 0.2665 0.259
0.233 0.233 0.2365 0.2365 0.2485 0.2485 0.2385 0.2385 0.2385 0.2375 0.2375 0.234 0.234 0.254 0.254 0.259 0.259 0.259 0.2765 0.2765 0.276 0.276 0.281 0.281 0.281 0.2805 0.2805 0.275 0.275 0.258 0.258 0.258 0.2565 0.2565 0.2865 0.2865 0.263 0.263 0.263 0.269 0.269 0.263 0.263 0.2665 0.2665 0.2665 0.2575 0.2575 0.2745 0.2745 0.273 0.273 0.282 0.282 0.282 0.2785 0.2785 0.2685 0.2685 0.2765 0.2765 0.2765 0.2775 0.2775 0.26 0.26 0.2585 0.2585 0.2585 0.2665 0.2665 0.2675 0.2675 0.2665 0.2665 0.2665 0.259
0.216 0.216 0.2225 0.2225 0.235 0.235 0.2315 0.2315 0.2315 0.233 0.233 0.258 0.258 0.264 0.264 0.265 0.265 0.265 0.2765 0.2765 0.2835 0.2835 0.299 0.299 0.299 0.2665 0.2665 0.2595 0.2595 0.2405 0.2405 0.2405 0.2695 0.2695 0.2705 0.2705 0.2775 0.2775 0.2775 0.289 0.289 0.2865 0.2865 0.2815 0.2815 0.2815 0.269 0.269 0.267 0.267 0.275 0.275 0.2775 0.2775 0.2775 0.2905 0.2905 0.276 0.276 0.2985 0.2985 0.2985 0.279 0.279 0.279 0.279 0.2675 0.2675 0.2675 0.278 0.278 0.2515 0.2515 0.2625 0.2625 0.2625 0.2695
0.216 0.216 0.2225 0.2225 0.235 0.235 0.2315 0.2315 0.2315 0.233 0.233 0.258 0.258 0.264 0.264 0.265 0.265 0.265 0.2765 0.2765 0.2835 0.2835 0.299 0.299 0.299 0.2665 0.2665 0.2595 0.2595 0.2405 0.2405 0.2405 0.2695 0.2695 0.2705 0.2705 0.2775 0.2775 0.2775 0.289 0.289 0.2865 0.2865 0.2815 0.2815 0.2815 0.269 0.269 0.267 0.267 0.275 0.275 0.2775 0.2775 0.2775 0.2905 0.2905 0.276 0.276 0.2985 0.2985 0.2985 0.279 0.279 0.279 0.279 0.2675 0.2675 0.2675 0.278 0.278 0.2515 0.2515 0.2625 0.2625 0.2625 0.2695
0.2325 0.2325 0.2165 0.2165 0.2305 0.2305 0.243 0.243 0.243 0.247 0.247 0.254 0.254 0.253 0.253 0.262 0.262 0.262 0.2665 0.2665 0.276 0.276 0.2775 0.2775 0.2775 0.268 0.268 0.2645 0.2645 0.269 0.269 0.269 0.263 0.263 0.2805 0.2805 0.2835 0.2835 0.2835 0.277 0.277 0.2745 0.2745 0.276 0.276 0.276 0.2915 0.2915 0.283 0.283 0.2865 0.2865 0.274 0.274 0.274 0.2635 0.2635 0.2815 0.2815 0.2825 0.2825 0.2825 0.2825 0.2825 0.3025 0.3025 0.2715 0.2715 0.2715 0.283 0.283 0.2855 0.2855 0.276 0.276 0.276 0.2725
0.2325 0.2325 0.2165 0.2165 0.2305 0.2305 0.243 0.243 0.243 0.247 0.247 0.254 0.254 0.253 0.253 0.262 0.262 0.262 0.2665 0.2665 0.276 0.276 0.2775 0.2775 0.2775 0.268 0.268 0.2645 0.2645 0.269 0.269 0.269 0.263 0.263 0.2805 0.2805 0.2835 0.2835 0.2835 0.277 0.277 0.2745 0.2745 0.276 0.276 0.276 0.2915 0.2915 0.283 0.283 0.2865 0.2865 0.274 0.274 0.274 0.2635 0.2635 0.2815 0.2815 0.2825 0.2825 0.2825 0.2825 0.2825 0.3025 0.3025 0.2715 0.2715 0.2715 0.283 0.283 0.2855 0.2855 0.276 0.276 0.276 0.2725
0.259 0.259 0.2265 0.2265 0.2265 0.2265 0.2345 0.2345 0.2345 0.2515 0.2515 0.2625 0.2625 0.261 0.261 0.2555 0.2555 0.2555 0.2645 0.2645 0.2545 0.2545 0.2725 0.2725 0.2725 0.2745 0.2745 0.277 0.277 0.2745 0.2745 0.2745 0.2925 0.2925 0.284 0.284 0.2835 0.2835 0.2835 0.2945 0.2945 0.293 0.293 0.281 0.281 0.281 0.267 0.267 0.2795 0.2795 0.2745 0.2745 0.2855 0.2855 0.2855 0.284 0.284 0.287 0.287 0.296 0.296 0.296 0.283 0.283 0.301 0.301 0.2875 0.2875 0.2875 0.2965 0.2965 0.296 0.296 0.2885 0.2885 0.2885 0.283
0.259 0.259 0.2265 0.2265 0.2265 0.2265 0.2345 0.2345 0.2345 0.2515 0.2515 0.2625 0.2625 0.261 0.261 0.2555 0.2555 0.2555 0.2645 0.2645 0.2545 0.2545 0.2725 0.2725 0.2725 0.2745 0.2745 0.277 0.277 0.2745 0.2745 0.2745 0.2925 0.2925 0.284 0.284 0.2835 0.2835 0.2835 0.2945 0.2945 0.293 0.293 0.281 0.281 0.281 0.267 0.267 0.2795 0.2795 0.2745 0.2745 0.2855 0.2855 0.2855 0.284 0.284 0.287 0.287 0.296 0.296 0.296 0.283 0.283 0.301 0.301 0.2875 0.2875 0.2875 0.2965 0.2965 0.296 0.296 0.2885 0.2885 0.2885 0.283
0.26 0.26 0.257 0.257 0.228 0.228 0.2545 0.2545 0.2545 0.2475 0.2475 0.27 0.27 0.2535 0.2535 0.261 0.261 0.261 0.265 0.265 0.272 0.272 0.281 0.281 0.281 0.292 0.292 0.2615 0.2615 0.276 0.276 0.276 0.2765 0.2765 0.2925 0.2925 0.2775 0.2775 0.2775 0.2845 0.2845 0.2765 0.2765 0.28 0.28 0.28 0.2715 0.2715 0.3085 0.3085 0.274 0.274 0.304 0.304 0.304 0.2945 0.2945 0.2875 0.2875 0.2685 0.2685 0.2685 0.282 0.282 0.319 0.319 0.3095 0.3095 0.3095 0.302 0.302 0.3005 0.3005 0.2895 0.2895 0.2895 0.2825
0.26 0.26 0.257 0.257 0.228 0.228 0.2545 0.2545 0.2545 0.2475 0.2475 0.27 0.27 0.2535 0.2535 0.261 0.261 0.261 0.265 0.265 0.272 0.272 0.281 0.281 0.281 0.292 0.292 0.2615 0.2615 0.276 0.276 0.276 0.2765 0.2765 0.2925 0.2925 0.2775 0.2775 0.2775 0.2845 0.2845 0.2765 0.2765 0.28 0.28 0.28 0.2715 0.2715 0.3085 0.3085 0.274 0.274 0.304 0.304 0.304 0.2945 0.2945 0.2875 0.2875 0.2685 0.2685 0.2685 0.282 0.282 0.319 0.319 0.3095 0.3095 0.3095 0.302 0.302 0.3005 0.3005 0.2895 0.2895 0.2895 0.2825
0.26 0.26 0.257 0.257 0.228 0.228 0.2545 0.2545 0.2545 0.2475 0.2475 0.27 0.27 0.2535 0.2535 0.261 0.261 0.261 0.265 0.265 0.272 0.272 0.281 0.281 0.281 0.292 0.292 0.2615 0.2615 0.276 0.276 0.276 0.2765 0.2765 0.2925 0.2925 0.2775 0.2775 0.2775 0.2845 0.2845 0.2765 0.2765 0.28 0.28 0.28 0.2715 0.2715 0.3085 0.3085 0.274 0.274 0.304 0.304 0.304 0.2945 0.2945 0.2875 0.2875 0.2685 0.2685 0.2685 0.282 0.282 0.319 0.319 0.3095 0.3095 0.3095 0.302 0.302 0.3005 0.3005 0.2895 0.2895 0.2895 0.2825
0.2475 0.2475 0.2455 0.2455 0.258 0.258 0.2575 0.2575 0.2575 0.2565 0.2565 0.2605 0.2605 0.261 0.261 0.261 0.261 0.261 0.2585 0.2585 0.271 0.271 0.2665 0.2665 0.2665 0.2835 0.2835 0.2875 0.2875 0.2735 0.2735 0.2735 0.285 0.285 0.2695 0.2695 0.278 0.278 0.278 0.2855 0.2855 0.2795 0.2795 0.2815 0.2815 0.2815 0.2905 0.2905 0.2945 0.2945 0.297 0.297 0.3055 0.3055 0.3055 0.3215 0.3215 0.3 0.3 0.289 0.289 0.289 0.2945 0.2945 0.2825 0.2825 0.294 0.294 0.294 0.312 0.312 0.2985 0.2985 0.287 0.287 0.287 0.28
0.2475 0.2475 0.2455 0.2455 0.258 0.258 0.2575 0.2575 0.2575 0.2565 0.2565 0.2605 0.2605 0.261 0.261 0.261 0.261 0.261 0.2585 0.2585 0.271 0.271 0.2665 0.2665 0.2665 0.2835 0.2835 0.2875 0.2875 0.2735 0.2735 0.2735 0.285 0.285 0.2695 0.2695 0.278 0.278 0.278 0.2855 0.2855 0.2795 0.2795 0.2815 0.2815 0.2815 0.2905 0.2905 0.2945 0.2945 0.297 0.297 0.3055 0.3055 0.3055 0.3215 0.3215 0.3 0.3 0.289 0.289 0.289 0.2945 0.2945 0.2825 0.2825 0.294 0.294 0.294 0.312 0.312 0.2985 0.2985 0.287 0.287 0.287 0.28
0.2695 0.2695 0.2685 0.2685 0.261 0.261 0.2655 0.2655 0.2655 0.271 0.271 0.264 0.264 0.2705 0.2705 0.273 0.273 0.273 0.2775 0.2775 0.2845 0.2845 0.271 0.271 0.271 0.278 0.278 0.282 0.282 0.281 0.281 0.281 0.281 0.281 0.274 0.274 0.2875 0.2875 0.2875 0.3025 0.3025 0.3 0.3 0.2935 0.2935 0.2935 0.305 0.305 0.3025 0.3025 0.299 0.299 0.298 0.298 0.298 0.3185 0.3185 0.298 0.298 0.292 0.292 0.292 0.2825 0.2825 0.29 0.29 0.326 0.326 0.326 0.297 0.297 0.2965 0.2965 0.294 0.294 0.294 0.2925
0.2695 0.2695 0.2685 0.2685 0.261 0.261 0.2655 0.2655 0.2655 0.271 0.271 0.264 0.264 0.2705 0.2705 0.273 0.273 0.273 0.2775 0.2775 0.2845 0.2845 0.271 0.271 0.271 0.278 0.278 0.282 0.282 0.281 0.281 0.281 0.281 0.281 0.274 0.274 0.2875 0.2875 0.2875 0.3025 0.3025 0.3 0.3 0.2935 0.2935 0.2935 0.305 0.305 0.3025 0.3025 0.299 0.299 0.298 0.298 0.298 0.3185 0.3185 0.298 0.298 0.292 0.292 0.292 0.2825 0.2825 0.29 0.29 0.326 0.326 0.326 0.297 0.297 0.2965 0.2965 0.294 0.294 0.294 0.2925
0.2565 0.2565 0.2615 0.2615 0.277 0.277 0.266 0.266 0.266 0.2645 0.2645 0.263 0.263 0.266 0.266 0.2715 0.2715 0.2715 0.2795 0.2795 0.2775 0.2775 0.295 0.295 0.295 0.2975 0.2975 0.2865 0.2865 0.2745 0.2745 0.2745 0.278 0.278 0.3025 0.3025 0.296 0.296 0.296 0.3145 0.3145 0.299 0.299 0.3155 0.3155 0.3155 0.3215 0.3215 0.295 0.295 0.3155 0.3155 0.326 0.326 0.326 0.3215 0.3215 0.3185 0.3185 0.313 0.313 0.313 0.325 0.325 0.3145 0.3145 0.304 0.304 0.304 0.3305 0.3305 0.312 0.312 0.3055 0.3055 0.3055 0.304
0.2565 0.2565 0.2615 0.2615 0.277 0.277 0.266 0.266 0.266 0.2645 0.2645 0.263 0.263 0.266 0.266 0.2715 0.2715 0.2715 0.2795 0.2795 0.2775 0.2775 0.295 0.295 0.295 0.2975 0.2975 0.2865 0.2865 0.2745 0.2745 0.2745 0.278 0.278 0.3025 0.3025 0.296 0.296 0.296 0.3145 0.3145 0.299 0.299 0.3155 0.3155 0.3155 0.3215 0.3215 0.295 0.295 0.3155 0.3155 0.326 0.326 0.326 0.3215 0.3215 0.3185 0.3185 0.313 0.313 0.313 0.325 0.325 0.3145 0.3145 0.304 0.304 0.304 0.3305 0.3305 0.312 0.312 0.3055 0.3055 0.3055 0.304
0.2565 0.2565 0.2615 0.2615 0.277 0.277 0.266 0.266 0.266 0.2645 0.2645 0.263 0.263 0.266 0.266 0.2715 0.2715 0.2715 0.2795 0.2795 0.2775 0.2775 0.295 0.295 0.295 0.2975 0.2975 0.2865 0.2865 0.2745 0.2745 0.2745 0.278 0.278 0.3025 0.3025 0.296 0.296 0.296 0.3145 0.3145 0.299 0.299 0.3155 0.3155 0.3155 0.3215 0.3215 0.295 0.295 0.3155 0.3155 0.326 0.326 0.326 0.3215 0.3215 0.3185 0.3185 0.313 0.313 0.313 0.325 0.325 0.3145 0.3145 0.304 0.304 0.304 0.3305 0.3305 0.312 0.312 0.3055 0.3055 0.3055 0.304
