ndvi/NOAA-299.asc
ncols         252
nrows         154
xllcorner     -18.017974
yllcorner     13.481982
cellsize      0.035948
NODATA_value  -9999
[rows 68 to 101 of 154, columns 77 to 153 of 252]
0.241 0.241 0.257 0.257 0.2415 0.2415 0.254 0.254 0.254 0.2905 0.2905 0.318 0.318 0.2465 0.2465 0.237 0.237 0.237 0.2525 0.2525 0.2525 0.2525 0.218 0.218 0.218 0.2405 0.2405 0.2555 0.2555 0.2325 0.2325 0.2325 0.2355 0.2355 0.223 0.223 0.2105 0.2105 0.2105 0.209 0.209 0.222 0.222 0.1975 0.1975 0.1975 0.1435 0.1435 0.1675 0.1675 0.191 0.191 0.214 0.214 0.214 0.218 0.218 0.2205 0.2205 0.2645 0.2645 0.2645 0.2455 0.2455 0.251 0.251 0.2545 0.2545 0.2545 0.27 0.27 0.221 0.221 0.2055 0.2055 0.2055 0.1465
0.256 0.256 0.2515 0.2515 0.2435 0.2435 0.2695 0.2695 0.2695 0.2455 0.2455 0.2415 0.2415 0.254 0.254 0.2525 0.2525 0.2525 0.25 0.25 0.261 0.261 0.2775 0.2775 0.2775 0.346 0.346 0.242 0.242 0.2375 0.2375 0.2375 0.232 0.232 0.2465 0.2465 0.219 0.219 0.219 0.2135 0.2135 0.2015 0.2015 0.187 0.187 0.187 0.1785 0.1785 0.192 0.192 0.1985 0.1985 0.2035 0.2035 0.2035 0.2175 0.2175 0.2285 0.2285 0.248 0.248 0.248 0.257 0.257 0.253 0.253 0.2425 0.2425 0.2425 0.281 0.281 0.243 0.243 0.2115 0.2115 0.2115 0.1675
0.256 0.256 0.2515 0.2515 0.2435 0.2435 0.2695 0.2695 0.2695 0.2455 0.2455 0.2415 0.2415 0.254 0.254 0.2525 0.2525 0.2525 0.25 0.25 0.261 0.261 0.2775 0.2775 0.2775 0.346 0.346 0.242 0.242 0.2375 0.2375 0.2375 0.232 0.232 0.2465 0.2465 0.219 0.219 0.219 0.2135 0.2135 0.2015 0.2015 0.187 0.187 0.187 0.1785 0.1785 0.192 0.192 0.1985 0.1985 0.2035 0.2035 0.2035 0.2175 0.2175 0.2285 0.2285 0.248 0.248 0.248 0.257 0.257 0.253 0.253 0.2425 0.2425 0.2425 0.281 0.281 0.243 0.243 0.2115 0.2115 0.2115 0.1675
0.2815 0.2815 0.26 0.26 0.2555 0.2555 0.285 0.285 0.285 0.2655 0.2655 0.275 0.275 0.262 0.262 0.266 0.266 0.266 0.2595 0.2595 0.255 0.255 0.2655 0.2655 0.2655 0.275 0.275 0.232 0.232 0.23 0.23 0.23 0.2335 0.2335 0.2455 0.2455 0.2195 0.2195 0.2195 0.22 0.22 0.2175 0.2175 0.2065 0.2065 0.2065 0.201 0.201 0.195 0.195 0.197 0.197 0.2315 0.2315 0.2315 0.224 0.224 0.2495 0.2495 0.2475 0.2475 0.2475 0.2745 0.2745 0.2725 0.2725 0.235 0.235 0.235 0.238 0.238 0.2235 0.2235 0.2285 0.2285 0.2285 0.2115
0.2815 0.2815 0.26 0.26 0.2555 0.2555 0.285 0.285 0.285 0.2655 0.2655 0.275 0.275 0.262 0.262 0.266 0.266 0.266 0.2595 0.2595 0.255 0.255 0.2655 0.2655 0.2655 0.275 0.275 0.232 0.232 0.23 0.23 0.23 0.2335 0.2335 0.2455 0.2455 0.2195 0.2195 0.2195 0.22 0.22 0.2175 0.2175 0.2065 0.2065 0.2065 0.201 0.201 0.195 0.195 0.197 0.197 0.2315 0.2315 0.2315 0.224 0.224 0.2495 0.2495 0.2475 0.2475 0.2475 0.2745 0.2745 0.2725 0.2725 0.235 0.235 0.235 0.238 0.238 0.2235 0.2235 0.2285 0.2285 0.2285 0.2115
0.2815 0.2815 0.26 0.26 0.2555 0.2555 0.285 0.285 0.285 0.2655 0.2655 0.275 0.275 0.262 0.262 0.266 0.266 0.266 0.2595 0.2595 0.255 0.255 0.2655 0.2655 0.2655 0.275 0.275 0.232 0.232 0.23 0.23 0.23 0.2335 0.2335 0.2455 0.2455 0.2195 0.2195 0.2195 0.22 0.22 0.2175 0.2175 0.2065 0.2065 0.2065 0.201 0.201 0.195 0.195 0.197 0.197 0.2315 0.2315 0.2315 0.224 0.224 0.2495 0.2495 0.2475 0.2475 0.2475 0.2745 0.2745 0.2725 0.2725 0.235 0.235 0.235 0.238 0.238 0.2235 0.2235 0.2285 0.2285 0.2285 0.2115
0.273 0.273 0.2845 0.2845 0.253 0.253 0.232 0.232 0.232 0.255 0.255 0.2615 0.2615 0.263 0.263 0.28 0.28 0.28 0.278 0.278 0.26 0.26 0.2585 0.2585 0.2585 0.2475 0.2475 0.2445 0.2445 0.262 0.262 0.262 0.2575 0.2575 0.247 0.247 0.2325 0.2325 0.2325 0.242 0.242 0.2105 0.2105 0.2205 0.2205 0.2205 0.2115 0.2115 0.2525 0.2525 0.226 0.226 0.227 0.227 0.227 0.2195 0.2195 0.216 0.216 0.228 0.228 0.228 0.251 0.251 0.251 0.251 0.2705 0.2705 0.2705 0.24 0.24 0.218 0.218 0.1805 0.1805 0.1805 0.168
0.273 0.273 0.2845 0.2845 0.253 0.253 0.232 0.232 0.232 0.255 0.255 0.2615 0.2615 0.263 0.263 0.28 0.28 0.28 0.278 0.278 0.26 0.26 0.2585 0.2585 0.2585 0.2475 0.2475 0.2445 0.2445 0.262 0.262 0.262 0.2575 0.2575 0.247 0.247 0.2325 0.2325 0.2325 0.242 0.242 0.2105 0.2105 0.2205 0.2205 0.2205 0.2115 0.2115 0.2525 0.2525 0.226 0.226 0.227 0.227 0.227 0.2195 0.2195 0.216 0.216 0.228 0.228 0.228 0.251 0.251 0.251 0.251 0.2705 0.2705 0.2705 0.24 0.24 0.218 0.218 0.1805 0.1805 0.1805 0.168
0.253 0.253 0.243 0.243 0.2105 0.2105 0.2325 0.2325 0.2325 0.2235 0.2235 0.2575 0.2575 0.275 0.275 0.254 0.254 0.254 0.2445 0.2445 0.2625 0.2625 0.273 0.273 0.273 0.2525 0.2525 0.2535 0.2535 0.265 0.265 0.265 0.266 0.266 0.279 0.279 0.255 0.255 0.255 0.2155 0.2155 0.21 0.21 0.224 0.224 0.224 0.2335 0.2335 0.322 0.322 0.2235 0.2235 0.2125 0.2125 0.2125 0.2175 0.2175 0.243 0.243 0.241 0.241 0.241 0.2315 0.2315 0.214 0.214 0.251 0.251 0.251 0.226 0.226 0.184 0.184 0.117 0.117 0.117 0.165
0.253 0.253 0.243 0.243 0.2105 0.2105 0.2325 0.2325 0.2325 0.2235 0.2235 0.2575 0.2575 0.275 0.275 0.254 0.254 0.254 0.2445 0.2445 0.2625 0.2625 0.273 0.273 0.273 0.2525 0.2525 0.2535 0.2535 0.265 0.265 0.265 0.266 0.266 0.279 0.279 0.255 0.255 0.255 0.2155 0.2155 0.21 0.21 0.224 0.224 0.224 0.2335 0.2335 0.322 0.322 0.2235 0.2235 0.2125 0.2125 0.2125 0.2175 0.2175 0.243 0.243 0.241 0.241 0.241 0.2315 0.2315 0.214 0.214 0.251 0.251 0.251 0.226 0.226 0.184 0.184 0.117 0.117 0.117 0.165
0.2485 0.2485 0.233 0.233 0.2095 0.2095 0.2105 0.2105 0.2105 0.2295 0.2295 0.2555 0.2555 0.2775 0.2775 0.2635 0.2635 0.2635 0.236 0.236 0.2375 0.2375 0.2355 0.2355 0.2355 0.2465 0.2465 0.2515 0.2515 0.259 0.259 0.259 0.268 0.268 0.2815 0.2815 0.2625 0.2625 0.2625 0.2655 0.2655 0.2205 0.2205 0.257 0.257 0.257 0.2775 0.2775 0.255 0.255 0.229 0.229 0.2335 0.2335 0.2335 0.2445 0.2445 0.2245 0.2245 0.2115 0.2115 0.2115 0.2475 0.2475 0.2335 0.2335 0.2775 0.2775 0.2775 0.28 0.28 0.188 0.188 0.149 0.149 0.149 0.1675
0.2485 0.2485 0.233 0.233 0.2095 0.2095 0.2105 0.2105 0.2105 0.2295 0.2295 0.2555 0.2555 0.2775 0.2775 0.2635 0.2635 0.2635 0.236 0.236 0.2375 0.2375 0.2355 0.2355 0.2355 0.2465 0.2465 0.2515 0.2515 0.259 0.259 0.259 0.268 0.268 0.2815 0.2815 0.2625 0.2625 0.2625 0.2655 0.2655 0.2205 0.2205 0.257 0.257 0.257 0.2775 0.2775 0.255 0.255 0.229 0.229 0.2335 0.2335 0.2335 0.2445 0.2445 0.2245 0.2245 0.2115 0.2115 0.2115 0.2475 0.2475 0.2335 0.2335 0.2775 0.2775 0.2775 0.28 0.28 0.188 0.188 0.149 0.149 0.149 0.1675
0.2235 0.2235 0.2055 0.2055 0.1985 0.1985 0.197 0.197 0.197 0.225 0.225 0.266 0.266 0.2515 0.2515 0.257 0.257 0.257 0.244 0.244 0.2455 0.2455 0.227 0.227 0.227 0.2285 0.2285 0.2535 0.2535 0.251 0.251 0.251 0.2575 0.2575 0.272 0.272 0.2515 0.2515 0.2515 0.245 0.245 0.209 0.209 0.248 0.248 0.248 0.2335 0.2335 0.236 0.236 0.237 0.237 0.227 0.227 0.227 0.223 0.223 0.213 0.213 0.205 0.205 0.205 0.232 0.232 0.1775 0.1775 0.207 0.207 0.207 0.2035 0.2035 0.205 0.205 0.1745 0.1745 0.1745 0.154
0.2235 0.2235 0.2055 0.2055 0.1985 0.1985 0.197 0.197 0.197 0.225 0.225 0.266 0.266 0.2515 0.2515 0.257 0.257 0.257 0.244 0.244 0.2455 0.2455 0.227 0.227 0.227 0.2285 0.2285 0.2535 0.2535 0.251 0.251 0.251 0.2575 0.2575 0.272 0.272 0.2515 0.2515 0.2515 0.245 0.245 0.209 0.209 0.248 0.248 0.248 0.2335 0.2335 0.236 0.236 0.237 0.237 0.227 0.227 0.227 0.223 0.223 0.213 0.213 0.205 0.205 0.205 0.232 0.232 0.1775 0.1775 0.207 0.207 0.207 0.2035 0.2035 0.205 0.205 0.1745 0.1745 0.1745 0.154
0.2235 0.2235 0.2055 0.2055 0.1985 0.1985 0.197 0.197 0.197 0.225 0.225 0.266 0.266 0.2515 0.2515 0.257 0.257 0.257 0.244 0.244 0.2455 0.2455 0.227 0.227 0.227 0.2285 0.2285 0.2535 0.2535 0.251 0.251 0.251 0.2575 0.2575 0.272 0.272 0.2515 0.2515 0.2515 0.245 0.245 0.209 0.209 0.248 0.248 0.248 0.2335 0.2335 0.236 0.236 0.237 0.237 0.227 0.227 0.227 0.223 0.223 0.213 0.213 0.205 0.205 0.205 0.232 0.232 0.1775 0.1775 0.207 0.207 0.207 0.2035 0.2035 0.205 0.205 0.1745 0.1745 0.1745 0.154
0.2335 0.2335 0.2215 0.2215 0.212 0.212 0.2435 0.2435 0.2435 0.2675 0.2675 0.28 0.28 0.255 0.255 0.251 0.251 0.251 0.2375 0.2375 0.2375 0.2375 0.2555 0.2555 0.2555 0.249 0.249 0.2445 0.2445 0.253 0.253 0.253 0.259 0.259 0.258 0.258 0.263 0.263 0.263 0.2415 0.2415 0.241 0.241 0.2335 0.2335 0.2335 0.261 0.261 0.307 0.307 0.229 0.229 0.2205 0.2205 0.2205 0.22 0.22 0.218 0.218 0.2135 0.2135 0.2135 0.208 0.208 0.177 0.177 0.1915 0.1915 0.1915 0.1895 0.1895 0.183 0.183 0.1675 0.1675 0.1675 0.1435
0.2335 0.2335 0.2215 0.2215 0.212 0.212 0.2435 0.2435 0.2435 0.2675 0.2675 0.28 0.28 0.255 0.255 0.251 0.251 0.251 0.2375 0.2375 0.2375 0.2375 0.2555 0.2555 0.2555 0.249 0.249 0.2445 0.2445 0.253 0.253 0.253 0.259 0.259 0.258 0.258 0.263 0.263 0.263 0.2415 0.2415 0.241 0.241 0.2335 0.2335 0.2335 0.261 0.261 0.307 0.307 0.229 0.229 0.2205 0.2205 0.2205 0.22 0.22 0.218 0.218 0.2135 0.2135 0.2135 0.208 0.208 0.177 0.177 0.1915 0.1915 0.1915 0.1895 0.1895 0.183 0.183 0.1675 0.1675 0.1675 0.1435
0.278 0.278 0.2485 0.2485 0.238 0.238 0.3 0.3 0.3 0.295 0.295 0.293 0.293 0.282 0.282 0.2375 0.2375 0.2375 0.2465 0.2465 0.239 0.239 0.261 0.261 0.261 0.266 0.266 0.2505 0.2505 0.2465 0.2465 0.2465 0.2535 0.2535 0.286 0.286 0.2665 0.2665 0.2665 0.258 0.258 0.2625 0.2625 0.255 0.255 0.255 0.2355 0.2355 0.2355 0.2355 0.332 0.332 0.2205 0.2205 0.2205 0.251 0.251 0.271 0.271 0.262 0.262 0.262 0.2585 0.2585 0.27 0.27 0.2005 0.2005 0.2005 0.195 0.195 0.193 0.193 0.1855 0.1855 0.1855 0.156
0.278 0.278 0.2485 0.2485 0.238 0.238 0.3 0.3 0.3 0.295 0.295 0.293 0.293 0.282 0.282 0.2375 0.2375 0.2375 0.2465 0.2465 0.239 0.239 0.261 0.261 0.261 0.266 0.266 0.2505 0.2505 0.2465 0.2465 0.2465 0.2535 0.2535 0.286 0.286 0.2665 0.2665 0.2665 0.258 0.258 0.2625 0.2625 0.255 0.255 0.255 0.2355 0.2355 0.2355 0.2355 0.332 0.332 0.2205 0.2205 0.2205 0.251 0.251 0.271 0.271 0.262 0.262 0.262 0.2585 0.2585 0.27 0.27 0.2005 0.2005 0.2005 0.195 0.195 0.193 0.193 0.1855 0.1855 0.1855 0.156
0.305 0.305 0.267 0.267 0.299 0.299 0.2805 0.2805 0.2805 0.289 0.289 0.273 0.273 0.276 0.276 0.25 0.25 0.25 0.2645 0.2645 0.245 0.245 0.2295 0.2295 0.2295 0.256 0.256 0.2485 0.2485 0.2445 0.2445 0.2445 0.2505 0.2505 0.2845 0.2845 0.2495 0.2495 0.2495 0.2675 0.2675 0.2605 0.2605 0.282 0.282 0.282 0.262 0.262 0.2525 0.2525 0.234 0.234 0.249 0.249 0.249 0.2505 0.2505 0.269 0.269 0.2625 0.2625 0.2625 0.2655 0.2655 0.271 0.271 0.215 0.215 0.215 0.1955 0.1955 0.219 0.219 0.1875 0.1875 0.1875 0.185
0.305 0.305 0.267 0.267 0.299 0.299 0.2805 0.2805 0.2805 0.289 0.289 0.273 0.273 0.276 0.276 0.25 0.25 0.25 0.2645 0.2645 0.245 0.245 0.2295 0.2295 0.2295 0.256 0.256 0.2485 0.2485 0.2445 0.2445 0.2445 0.2505 0.2505 0.2845 0.2845 0.2495 0.2495 0.2495 0.2675 0.2675 0.2605 0.2605 0.282 0.282 0.282 0.262 0.262 0.2525 0.2525 0.234 0.234 0.249 0.249 0.249 0.2505 0.2505 0.269 0.269 0.2625 0.2625 0.2625 0.2655 0.2655 0.271 0.271 0.215 0.215 0.215 0.1955 0.1955 0.219 0.219 0.1875 0.1875 0.1875 0.185
0.305 0.305 0.267 0.267 0.299 0.299 0.2805 0.2805 0.2805 0.289 0.289 0.273 0.273 0.276 0.276 0.25 0.25 0.25 0.2645 0.2645 0.245 0.245 0.2295 0.2295 0.2295 0.256 0.256 0.2485 0.2485 0.2445 0.2445 0.2445 0.2505 0.2505 0.2845 0.2845 0.2495 0.2495 0.2495 0.2675 0.2675 0.2605 0.2605 0.282 0.282 0.282 0.262 0.262 0.2525 0.2525 0.234 0.234 0.249 0.249 0.249 0.2505 0.2505 0.269 0.269 0.2625 0.2625 0.2625 0.2655 0.2655 0.271 0.271 0.215 0.215 0.215 0.1955 0.1955 0.219 0.219 0.1875 0.1875 0.1875 0.185
0.281 0.281 0.2915 0.2915 0.31 0.31 0.279 0.279 0.279 0.286 0.286 0.262 0.262 0.251 0.251 0.2455 0.2455 0.2455 0.265 0.265 0.2425 0.2425 0.223 0.223 0.223 0.224 0.224 0.225 0.225 0.2525 0.2525 0.2525 0.266 0.266 0.283 0.283 0.295 0.295 0.295 0.2755 0.2755 0.274 0.274 0.267 0.267 0.267 0.281 0.281 0.2735 0.2735 0.237 0.237 0.2465 0.2465 0.2465 0.2675 0.2675 0.2795 0.2795 0.2775 0.2775 0.2775 0.282 0.282 0.2715 0.2715 0.2535 0.2535 0.2535 0.1855 0.1855 0.2115 0.2115 0.185 0.185 0.185 0.2055
0.281 0.281 0.2915 0.2915 0.31 0.31 0.279 0.279 0.279 0.286 0.286 0.262 0.262 0.251 0.251 0.2455 0.2455 0.2455 0.265 0.265 0.2425 0.2425 0.223 0.223 0.223 0.224 0.224 0.225 0.225 0.2525 0.2525 0.2525 0.266 0.266 0.283 0.283 0.295 0.295 0.295 0.2755 0.2755 0.274 0.274 0.267 0.267 0.267 0.281 0.281 0.2735 0.2735 0.237 0.237 0.2465 0.2465 0.2465 0.2675 0.2675 0.2795 0.2795 0.2775 0.2775 0.2775 0.282 0.282 0.2715 0.2715 0.2535 0.2535 0.2535 0.1855 0.1855 0.2115 0.2115 0.185 0.185 0.185 0.2055
0.2915 0.2915 0.281 0.281 0.276 0.276 0.264 0.264 0.264 0.267 0.267 0.26 0.26 0.25 0.25 0.242 0.242 0.242 0.252 0.252 0.2295 0.2295 0.2395 0.2395 0.2395 0.2835 0.2835 0.2605 0.2605 0.2555 0.2555 0.2555 0.2885 0.2885 0.2915 0.2915 0.3025 0.3025 0.3025 0.293 0.293 0.304 0.304 0.2755 0.2755 0.2755 0.2975 0.2975 0.313 0.313 0.2625 0.2625 0.2285 0.2285 0.2285 0.222 0.222 0.2515 0.2515 0.2775 0.2775 0.2775 0.273 0.273 0.2835 0.2835 0.2625 0.2625 0.2625 0.2505 0.2505 0.272 0.272 0.256 0.256 0.256 0.245
0.2915 0.2915 0.281 0.281 0.276 0.276 0.264 0.264 0.264 0.267 0.267 0.26 0.26 0.25 0.25 0.242 0.242 0.242 0.252 0.252 0.2295 0.2295 0.2395 0.2395 0.2395 0.2835 0.2835 0.2605 0.2605 0.2555 0.2555 0.2555 0.2885 0.2885 0.2915 0.2915 0.3025 0.3025 0.3025 0.293 0.293 0.304 0.304 0.2755 0.2755 0.2755 0.2975 0.2975 0.313 0.313 0.2625 0.2625 0.2285 0.2285 0.2285 0.222 0.222 0.2515 0.2515 0.2775 0.2775 0.2775 0.273 0.273 0.2835 0.2835 0.2625 0.2625 0.2625 0.2505 0.2505 0.272 0.272 0.256 0.256 0.256 0.245
0.288 0.288 0.2765 0.2765 0.252 0.252 0.265 0.265 0.265 0.2835 0.2835 0.2835 0.2835 0.272 0.272 0.263 0.263 0.263 0.2495 0.2495 0.27 0.27 0.2745 0.2745 0.2745 0.26 0.26 0.2745 0.2745 0.2855 0.2855 0.2855 0.29 0.29 0.3225 0.3225 0.294 0.294 0.294 0.2865 0.2865 0.297 0.297 0.304 0.304 0.304 0.326 0.326 0.2945 0.2945 0.2745 0.2745 0.225 0.225 0.225 0.217 0.217 0.292 0.292 0.2505 0.2505 0.2505 0.2275 0.2275 0.264 0.264 0.291 0.291 0.291 0.282 0.282 0.2745 0.2745 0.2805 0.2805 0.2805 0.231
0.288 0.288 0.2765 0.2765 0.252 0.252 0.265 0.265 0.265 0.2835 0.2835 0.2835 0.2835 0.272 0.272 0.263 0.263 0.263 0.2495 0.2495 0.27 0.27 0.2745 0.2745 0.2745 0.26 0.26 0.2745 0.2745 0.2855 0.2855 0.2855 0.29 0.29 0.3225 0.3225 0.294 0.294 0.294 0.2865 0.2865 0.297 0.297 0.304 0.304 0.304 0.326 0.326 0.2945 0.2945 0.2745 0.2745 0.225 0.225 0.225 0.217 0.217 0.292 0.292 0.2505 0.2505 0.2505 0.2275 0.2275 0.264 0.264 0.291 0.291 0.291 0.282 0.282 0.2745 0.2745 0.2805 0.2805 0.2805 0.231
0.288 0.288 0.2765 0.2765 0.252 0.252 0.265 0.265 0.265 0.2835 0.2835 0.2835 0.2835 0.272 0.272 0.263 0.263 0.263 0.2495 0.2495 0.27 0.27 0.2745 0.2745 0.2745 0.26 0.26 0.2745 0.2745 0.2855 0.2855 0.2855 0.29 0.29 0.3225 0.3225 0.294 0.294 0.294 0.2865 0.2865 0.297 0.297 0.304 0.304 0.304 0.326 0.326 0.2945 0.2945 0.2745 0.2745 0.225 0.225 0.225 0.217 0.217 0.292 0.292 0.2505 0.2505 0.2505 0.2275 0.2275 0.264 0.264 0.291 0.291 0.291 0.282 0.282 0.2745 0.2745 0.2805 0.2805 0.2805 0.231
0.2635 0.2635 0.2755 0.2755 0.2635 0.2635 0.2685 0.2685 0.2685 0.285 0.285 0.3015 0.3015 0.2905 0.2905 0.2805 0.2805 0.2805 0.28 0.28 0.2755 0.2755 0.2805 0.2805 0.2805 0.259 0.259 0.293 0.293 0.3005 0.3005 0.3005 0.3085 0.3085 0.3345 0.3345 0.3245 0.3245 0.3245 0.3045 0.3045 0.297 0.297 0.3115 0.3115 0.3115 0.3185 0.3185 0.325 0.325 0.307 0.307 0.3155 0.3155 0.3155 0.2585 0.2585 0.2505 0.2505 0.235 0.235 0.235 0.273 0.273 0.2705 0.2705 0.284 0.284 0.284 0.3315 0.3315 0.2575 0.2575 0.261 0.261 0.261 0.276
0.2635 0.2635 0.2755 0.2755 0.2635 0.2635 0.2685 0.2685 0.2685 0.285 0.285 0.3015 0.3015 0.2905 0.2905 0.2805 0.2805 0.2805 0.28 0.28 0.2755 0.2755 0.2805 0.2805 0.2805 0.259 0.259 0.293 0.293 0.3005 0.3005 0.3005 0.3085 0.3085 0.3345 0.3345 0.3245 0.3245 0.3245 0.3045 0.3045 0.297 0.297 0.3115 0.3115 0.3115 0.3185 0.3185 0.325 0.325 0.307 0.307 0.3155 0.3155 0.3155 0.2585 0.2585 0.2505 0.2505 0.235 0.235 0.235 0.273 0.273 0.2705 0.2705 0.284 0.284 0.284 0.3315 0.3315 0.2575 0.2575 0.261 0.261 0.261 0.276
0.258 0.258 0.2755 0.2755 0.2795 0.2795 0.2665 0.2665 0.2665 0.289 0.289 0.292 0.292 0.279 0.279 0.287 0.287 0.287 0.2765 0.2765 0.261 0.261 0.2865 0.2865 0.2865 0.32 0.32 0.332 0.332 0.3035 0.3035 0.3035 0.2885 0.2885 0.2845 0.2845 0.273 0.273 0.273 0.281 0.281 0.302 0.302 0.3345 0.3345 0.3345 0.3325 0.3325 0.3185 0.3185 0.315 0.315 0.3195 0.3195 0.3195 0.271 0.271 0.269 0.269 0.273 0.273 0.273 0.2665 0.2665 0.272 0.272 0.3065 0.3065 0.3065 0.323 0.323 0.313 0.313 0.302 0.302 0.302 0.2805
0.258 0.258 0.2755 0.2755 0.2795 0.2795 0.2665 0.2665 0.2665 0.289 0.289 0.292 0.292 0.279 0.279 0.287 0.287 0.287 0.2765 0.2765 0.261 0.261 0.2865 0.2865 0.2865 0.32 0.32 0.332 0.332 0.3035 0.3035 0.3035 0.2885 0.2885 0.2845 0.2845 0.273 0.273 0.273 0.281 0.281 0.302 0.302 0.3345 0.3345 0.3345 0.3325 0.3325 0.3185 0.3185 0.315 0.315 0.3195 0.3195 0.3195 0.271 0.271 0.269 0.269 0.273 0.273 0.273 0.2665 0.2665 0.272 0.272 0.3065 0.3065 0.3065 0.323 0.323 0.313 0.313 0.302 0.302 0.302 0.2805
0.2635 0.2635 0.291 0.291 0.294 0.294 0.3025 0.3025 0.3025 0.2805 0.2805 0.2825 0.2825 0.3015 0.3015 0.3015 0.3015 0.3015 0.2935 0.2935 0.287 0.287 0.286 0.286 0.286 0.303 0.303 0.34 0.34 0.2775 0.2775 0.2775 0.2895 0.2895 0.307 0.307 0.2965 0.2965 0.2965 0.31 0.31 0.3385 0.3385 0.3545 0.3545 0.3545 0.3535 0.3535 0.3395 0.3395 0.375 0.375 0.346 0.346 0.346 0.3155 0.3155 0.298 0.298 0.271 0.271 0.271 0.257 0.257 0.339 0.339 0.3095 0.3095 0.3095 0.325 0.325 0.357 0.357 0.3195 0.3195 0.3195 0.3055
