ndvi/NOAA-184.asc
ncols         252
nrows         154
xllcorner     -18.017974
yllcorner     13.481982
cellsize      0.035948
NODATA_value  -9999
[rows 102 to 135 of 154, columns 0 to 76 of 252]
-1 -1 -1 -1 -1 -1 -1 -1 -1 -1 -1 -1 -1 -1 -1 -1 -1 -1 -1 -1 -1 -1 -1 -1 -1 0.0527 0.0527 0.0527 0.1765 0.1765 0.281 0.281 0.2595 0.2595 0.2595 0.2355 0.2355 0.2245 0.2245 0.2365 0.2365 0.2365 0.2335 0.2335 0.23 0.23 0.2305 0.2305 0.2305 0.23 0.23 0.2445 0.2445 0.2485 0.2485 0.248 0.248 0.248 0.2435 0.2435 0.2545 0.2545 0.2545 0.2545 0.2545 0.2545 0.2545 0.2555 0.2555 0.245 0.245 0.245 0.222 0.222 0.2215 0.2215 0.2155
-1 -1 -1 -1 -1 -1 -1 -1 -1 -1 -1 -1 -1 -1 -1 -1 -1 -1 -1 -1 -1 -1 -1 0.0205 0.0205 0.2155 0.2155 0.2155 0.2925 0.2925 0.2585 0.2585 0.2285 0.2285 0.2285 0.2305 0.2305 0.2425 0.2425 0.2425 0.2425 0.2425 0.235 0.235 0.2335 0.2335 0.236 0.236 0.236 0.2375 0.2375 0.235 0.235 0.2365 0.2365 0.24 0.24 0.24 0.25 0.25 0.247 0.247 0.247 0.247 0.247 0.2435 0.2435 0.2525 0.2525 0.2455 0.2455 0.2455 0.2375 0.2375 0.241 0.241 0.241
-1 -1 -1 -1 -1 -1 -1 -1 -1 -1 -1 -1 -1 -1 -1 -1 -1 -1 -1 -1 -1 -1 -1 0.0205 0.0205 0.2155 0.2155 0.2155 0.2925 0.2925 0.2585 0.2585 0.2285 0.2285 0.2285 0.2305 0.2305 0.2425 0.2425 0.2425 0.2425 0.2425 0.235 0.235 0.2335 0.2335 0.236 0.236 0.236 0.2375 0.2375 0.235 0.235 0.2365 0.2365 0.24 0.24 0.24 0.25 0.25 0.247 0.247 0.247 0.247 0.247 0.2435 0.2435 0.2525 0.2525 0.2455 0.2455 0.2455 0.2375 0.2375 0.241 0.241 0.241
-1 -1 -1 -1 -1 -1 -1 -1 -1 -1 -1 -1 -1 -1 -1 -1 -1 -1 -1 -1 -1 -1 -1 0.0205 0.0205 0.2155 0.2155 0.2155 0.2925 0.2925 0.2585 0.2585 0.2285 0.2285 0.2285 0.2305 0.2305 0.2425 0.2425 0.2425 0.2425 0.2425 0.235 0.235 0.2335 0.2335 0.236 0.236 0.236 0.2375 0.2375 0.235 0.235 0.2365 0.2365 0.24 0.24 0.24 0.25 0.25 0.247 0.247 0.247 0.247 0.247 0.2435 0.2435 0.2525 0.2525 0.2455 0.2455 0.2455 0.2375 0.2375 0.241 0.241 0.241
-1 -1 -1 -1 -1 -1 -1 -1 -1 -1 -1 -1 -1 -1 -1 -1 -1 -1 -1 -1 -1 0.0205 0.0205 0.19 0.19 0.302 0.302 0.302 0.278 0.278 0.248 0.248 0.251 0.251 0.251 0.25 0.25 0.2365 0.2365 0.25 0.25 0.25 0.243 0.243 0.237 0.237 0.2345 0.2345 0.2345 0.231 0.231 0.2365 0.2365 0.2305 0.2305 0.239 0.239 0.239 0.2395 0.2395 0.247 0.247 0.247 0.247 0.247 0.2465 0.2465 0.2545 0.2545 0.253 0.253 0.253 0.256 0.256 0.2495 0.2495 0.233
-1 -1 -1 -1 -1 -1 -1 -1 -1 -1 -1 -1 -1 -1 -1 -1 -1 -1 -1 -1 -1 0.0205 0.0205 0.19 0.19 0.302 0.302 0.302 0.278 0.278 0.248 0.248 0.251 0.251 0.251 0.25 0.25 0.2365 0.2365 0.25 0.25 0.25 0.243 0.243 0.237 0.237 0.2345 0.2345 0.2345 0.231 0.231 0.2365 0.2365 0.2305 0.2305 0.239 0.239 0.239 0.2395 0.2395 0.247 0.247 0.247 0.247 0.247 0.2465 0.2465 0.2545 0.2545 0.253 0.253 0.253 0.256 0.256 0.2495 0.2495 0.233
-1 -1 -1 -1 -1 -1 -1 -1 -1 -1 -1 -1 -1 -1 -1 -1 -1 -1 -1 -1 -1 0.172 0.172 0.322 0.322 0.2965 0.2965 0.2965 0.281 0.281 0.2615 0.2615 0.256 0.256 0.256 0.245 0.245 0.2425 0.2425 0.2445 0.2445 0.2445 0.2405 0.2405 0.2565 0.2565 0.252 0.252 0.252 0.2405 0.2405 0.242 0.242 0.229 0.229 0.2305 0.2305 0.2305 0.2295 0.2295 0.2475 0.2475 0.2475 0.2475 0.2475 0.247 0.247 0.258 0.258 0.2575 0.2575 0.2575 0.2595 0.2595 0.257 0.257 0.233
-1 -1 -1 -1 -1 -1 -1 -1 -1 -1 -1 -1 -1 -1 -1 -1 -1 -1 -1 -1 -1 0.172 0.172 0.322 0.322 0.2965 0.2965 0.2965 0.281 0.281 0.2615 0.2615 0.256 0.256 0.256 0.245 0.245 0.2425 0.2425 0.2445 0.2445 0.2445 0.2405 0.2405 0.2565 0.2565 0.252 0.252 0.252 0.2405 0.2405 0.242 0.242 0.229 0.229 0.2305 0.2305 0.2305 0.2295 0.2295 0.2475 0.2475 0.2475 0.2475 0.2475 0.247 0.247 0.258 0.258 0.2575 0.2575 0.2575 0.2595 0.2595 0.257 0.257 0.233
-1 -1 -1 -1 -1 -1 -1 -1 -1 -1 -1 -1 -1 -1 -1 -1 -1 -1 0.2045 0.2045 0.2045 0.3085 0.3085 0.307 0.307 0.289 0.289 0.289 0.2795 0.2795 0.2775 0.2775 0.2675 0.2675 0.2675 0.2565 0.2565 0.247 0.247 0.2505 0.2505 0.2505 0.248 0.248 0.2455 0.2455 0.2505 0.2505 0.2505 0.2535 0.2535 0.2545 0.2545 0.24 0.24 0.232 0.232 0.232 0.239 0.239 0.244 0.244 0.244 0.244 0.244 0.247 0.247 0.251 0.251 0.2535 0.2535 0.2535 0.26 0.26 0.256 0.256 0.247
-1 -1 -1 -1 -1 -1 -1 -1 -1 -1 -1 -1 -1 -1 -1 -1 -1 -1 0.2045 0.2045 0.2045 0.3085 0.3085 0.307 0.307 0.289 0.289 0.289 0.2795 0.2795 0.2775 0.2775 0.2675 0.2675 0.2675 0.2565 0.2565 0.247 0.247 0.2505 0.2505 0.2505 0.248 0.248 0.2455 0.2455 0.2505 0.2505 0.2505 0.2535 0.2535 0.2545 0.2545 0.24 0.24 0.232 0.232 0.232 0.239 0.239 0.244 0.244 0.244 0.244 0.244 0.247 0.247 0.251 0.251 0.2535 0.2535 0.2535 0.26 0.26 0.256 0.256 0.247
-1 -1 -1 -1 -1 -1 -1 -1 -1 -1 -1 -1 -1 -1 -1 -1 -1 -1 0.2045 0.2045 0.2045 0.3085 0.3085 0.307 0.307 0.289 0.289 0.289 0.2795 0.2795 0.2775 0.2775 0.2675 0.2675 0.2675 0.2565 0.2565 0.247 0.247 0.2505 0.2505 0.2505 0.248 0.248 0.2455 0.2455 0.2505 0.2505 0.2505 0.2535 0.2535 0.2545 0.2545 0.24 0.24 0.232 0.232 0.232 0.239 0.239 0.244 0.244 0.244 0.244 0.244 0.247 0.247 0.251 0.251 0.2535 0.2535 0.2535 0.26 0.26 0.256 0.256 0.247
-1 -1 -1 -1 -1 -1 -1 -1 -1 -1 -1 -1 -1 -1 -1 -1 0.2341 0.2341 0.3355 0.3355 0.3355 0.3275 0.3275 0.2975 0.2975 0.2825 0.2825 0.2825 0.3005 0.3005 0.284 0.284 0.2695 0.2695 0.2695 0.258 0.258 0.2405 0.2405 0.245 0.245 0.245 0.2405 0.2405 0.238 0.238 0.24 0.24 0.24 0.2435 0.2435 0.242 0.242 0.239 0.239 0.239 0.239 0.239 0.2475 0.2475 0.253 0.253 0.253 0.253 0.253 0.245 0.245 0.2375 0.2375 0.2335 0.2335 0.2335 0.242 0.242 0.2425 0.2425 0.2385
-1 -1 -1 -1 -1 -1 -1 -1 -1 -1 -1 -1 -1 -1 -1 -1 0.2341 0.2341 0.3355 0.3355 0.3355 0.3275 0.3275 0.2975 0.2975 0.2825 0.2825 0.2825 0.3005 0.3005 0.284 0.284 0.2695 0.2695 0.2695 0.258 0.258 0.2405 0.2405 0.245 0.245 0.245 0.2405 0.2405 0.238 0.238 0.24 0.24 0.24 0.2435 0.2435 0.242 0.242 0.239 0.239 0.239 0.239 0.239 0.2475 0.2475 0.253 0.253 0.253 0.253 0.253 0.245 0.245 0.2375 0.2375 0.2335 0.2335 0.2335 0.242 0.242 0.2425 0.2425 0.2385
-1 -1 -1 -1 -1 -1 -1 -1 -1 -1 -1 -1 0.1471 0.1471 0.1865 0.1865 0.1975 0.1975 0.329 0.329 0.329 0.3315 0.3315 0.3045 0.3045 0.308 0.308 0.308 0.3215 0.3215 0.3045 0.3045 0.27 0.27 0.27 0.264 0.264 0.2665 0.2665 0.266 0.266 0.266 0.2555 0.2555 0.245 0.245 0.2405 0.2405 0.2405 0.235 0.235 0.2295 0.2295 0.2375 0.2375 0.2435 0.2435 0.2435 0.2405 0.2405 0.2515 0.2515 0.2515 0.2515 0.2515 0.2465 0.2465 0.237 0.237 0.2325 0.2325 0.2325 0.2365 0.2365 0.2425 0.2425 0.248
-1 -1 -1 -1 -1 -1 -1 -1 -1 -1 -1 -1 0.1471 0.1471 0.1865 0.1865 0.1975 0.1975 0.329 0.329 0.329 0.3315 0.3315 0.3045 0.3045 0.308 0.308 0.308 0.3215 0.3215 0.3045 0.3045 0.27 0.27 0.27 0.264 0.264 0.2665 0.2665 0.266 0.266 0.266 0.2555 0.2555 0.245 0.245 0.2405 0.2405 0.2405 0.235 0.235 0.2295 0.2295 0.2375 0.2375 0.2435 0.2435 0.2435 0.2405 0.2405 0.2515 0.2515 0.2515 0.2515 0.2515 0.2465 0.2465 0.237 0.237 0.2325 0.2325 0.2325 0.2365 0.2365 0.2425 0.2425 0.248
-1 -1 -1 -1 -1 -1 -1 -1 -1 0.1532 0.1532 0.1532 0.1285 0.1285 0.1412 0.1412 0.1251 0.1251 0.044 0.044 0.044 0.2765 0.2765 0.3015 0.3015 0.325 0.325 0.325 0.3205 0.3205 0.3055 0.3055 0.278 0.278 0.278 0.261 0.261 0.2665 0.2665 0.273 0.273 0.273 0.2475 0.2475 0.2385 0.2385 0.2385 0.2385 0.2385 0.2385 0.2385 0.233 0.233 0.2305 0.2305 0.233 0.233 0.233 0.24 0.24 0.247 0.247 0.247 0.247 0.247 0.237 0.237 0.236 0.236 0.2355 0.2355 0.2355 0.235 0.235 0.2385 0.2385 0.234
-1 -1 -1 -1 -1 -1 -1 -1 -1 0.1532 0.1532 0.1532 0.1285 0.1285 0.1412 0.1412 0.1251 0.1251 0.044 0.044 0.044 0.2765 0.2765 0.3015 0.3015 0.325 0.325 0.325 0.3205 0.3205 0.3055 0.3055 0.278 0.278 0.278 0.261 0.261 0.2665 0.2665 0.273 0.273 0.273 0.2475 0.2475 0.2385 0.2385 0.2385 0.2385 0.2385 0.2385 0.2385 0.233 0.233 0.2305 0.2305 0.233 0.233 0.233 0.24 0.24 0.247 0.247 0.247 0.247 0.247 0.237 0.237 0.236 0.236 0.2355 0.2355 0.2355 0.235 0.235 0.2385 0.2385 0.234
-1 -1 -1 -1 -1 -1 -1 -1 -1 0.1532 0.1532 0.1532 0.1285 0.1285 0.1412 0.1412 0.1251 0.1251 0.044 0.044 0.044 0.2765 0.2765 0.3015 0.3015 0.325 0.325 0.325 0.3205 0.3205 0.3055 0.3055 0.278 0.278 0.278 0.261 0.261 0.2665 0.2665 0.273 0.273 0.273 0.2475 0.2475 0.2385 0.2385 0.2385 0.2385 0.2385 0.2385 0.2385 0.233 0.233 0.2305 0.2305 0.233 0.233 0.233 0.24 0.24 0.247 0.247 0.247 0.247 0.247 0.237 0.237 0.236 0.236 0.2355 0.2355 0.2355 0.235 0.235 0.2385 0.2385 0.234
-1 -1 -1 -1 -1 -1 -1 -1 -1 -1 -1 -1 0.1147 0.1147 0.1312 0.1312 0.1702 0.1702 0.1551 0.1551 0.1551 0.2615 0.2615 0.293 0.293 0.305 0.305 0.305 0.303 0.303 0.306 0.306 0.2745 0.2745 0.2745 0.2515 0.2515 0.2595 0.2595 0.2535 0.2535 0.2535 0.2495 0.2495 0.2455 0.2455 0.249 0.249 0.249 0.2455 0.2455 0.235 0.235 0.229 0.229 0.2345 0.2345 0.2345 0.2345 0.2345 0.2365 0.2365 0.2365 0.2365 0.2365 0.229 0.229 0.2225 0.2225 0.228 0.228 0.228 0.252 0.252 0.235 0.235 0.224
-1 -1 -1 -1 -1 -1 -1 -1 -1 -1 -1 -1 0.1147 0.1147 0.1312 0.1312 0.1702 0.1702 0.1551 0.1551 0.1551 0.2615 0.2615 0.293 0.293 0.305 0.305 0.305 0.303 0.303 0.306 0.306 0.2745 0.2745 0.2745 0.2515 0.2515 0.2595 0.2595 0.2535 0.2535 0.2535 0.2495 0.2495 0.2455 0.2455 0.249 0.249 0.249 0.2455 0.2455 0.235 0.235 0.229 0.229 0.2345 0.2345 0.2345 0.2345 0.2345 0.2365 0.2365 0.2365 0.2365 0.2365 0.229 0.229 0.2225 0.2225 0.228 0.228 0.228 0.252 0.252 0.235 0.235 0.224
-1 -1 -1 -1 -1 -1 -1 -1 -1 -1 -1 -1 -1 -1 -1 -1 -1 -1 0.1357 0.1357 0.1357 0.135 0.135 0.2745 0.2745 0.3085 0.3085 0.3085 0.3185 0.3185 0.297 0.297 0.271 0.271 0.271 0.2585 0.2585 0.248 0.248 0.2475 0.2475 0.2475 0.2405 0.2405 0.2425 0.2425 0.253 0.253 0.253 0.255 0.255 0.2535 0.2535 0.2385 0.2385 0.2345 0.2345 0.2345 0.237 0.237 0.2355 0.2355 0.2355 0.2355 0.2355 0.2275 0.2275 0.222 0.222 0.239 0.239 0.239 0.254 0.254 0.2465 0.2465 0.232
-1 -1 -1 -1 -1 -1 -1 -1 -1 -1 -1 -1 -1 -1 -1 -1 -1 -1 0.1357 0.1357 0.1357 0.135 0.135 0.2745 0.2745 0.3085 0.3085 0.3085 0.3185 0.3185 0.297 0.297 0.271 0.271 0.271 0.2585 0.2585 0.248 0.248 0.2475 0.2475 0.2475 0.2405 0.2405 0.2425 0.2425 0.253 0.253 0.253 0.255 0.255 0.2535 0.2535 0.2385 0.2385 0.2345 0.2345 0.2345 0.237 0.237 0.2355 0.2355 0.2355 0.2355 0.2355 0.2275 0.2275 0.222 0.222 0.239 0.239 0.239 0.254 0.254 0.2465 0.2465 0.232
-1 -1 -1 -1 -1 -1 -1 -1 -1 -1 -1 -1 -1 -1 -1 -1 -1 -1 -1 -1 -1 0.1786 0.1786 0.143 0.143 0.302 0.302 0.302 0.3055 0.3055 0.292 0.292 0.276 0.276 0.276 0.263 0.263 0.254 0.254 0.2435 0.2435 0.2435 0.243 0.243 0.2465 0.2465 0.251 0.251 0.251 0.2505 0.2505 0.2475 0.2475 0.246 0.246 0.2515 0.2515 0.2515 0.2485 0.2485 0.241 0.241 0.241 0.241 0.241 0.224 0.224 0.2325 0.2325 0.234 0.234 0.234 0.2225 0.2225 0.236 0.236 0.254
-1 -1 -1 -1 -1 -1 -1 -1 -1 -1 -1 -1 -1 -1 -1 -1 -1 -1 -1 -1 -1 0.1786 0.1786 0.143 0.143 0.302 0.302 0.302 0.3055 0.3055 0.292 0.292 0.276 0.276 0.276 0.263 0.263 0.254 0.254 0.2435 0.2435 0.2435 0.243 0.243 0.2465 0.2465 0.251 0.251 0.251 0.2505 0.2505 0.2475 0.2475 0.246 0.246 0.2515 0.2515 0.2515 0.2485 0.2485 0.241 0.241 0.241 0.241 0.241 0.224 0.224 0.2325 0.2325 0.234 0.234 0.234 0.2225 0.2225 0.236 0.236 0.254
-1 -1 -1 -1 -1 -1 -1 -1 -1 -1 -1 -1 -1 -1 -1 -1 -1 -1 -1 -1 -1 0.1277 0.1277 0.188 0.188 0.23 0.23 0.23 0.293 0.293 0.3015 0.3015 0.295 0.295 0.295 0.275 0.275 0.252 0.252 0.2215 0.2215 0.2215 0.207 0.207 0.2265 0.2265 0.24 0.24 0.24 0.2385 0.2385 0.2545 0.2545 0.2585 0.2585 0.2755 0.2755 0.2755 0.262 0.262 0.2425 0.2425 0.2425 0.2425 0.2425 0.234 0.234 0.237 0.237 0.2525 0.2525 0.2525 0.2355 0.2355 0.2405 0.2405 0.2525
-1 -1 -1 -1 -1 -1 -1 -1 -1 -1 -1 -1 -1 -1 -1 -1 -1 -1 -1 -1 -1 0.1277 0.1277 0.188 0.188 0.23 0.23 0.23 0.293 0.293 0.3015 0.3015 0.295 0.295 0.295 0.275 0.275 0.252 0.252 0.2215 0.2215 0.2215 0.207 0.207 0.2265 0.2265 0.24 0.24 0.24 0.2385 0.2385 0.2545 0.2545 0.2585 0.2585 0.2755 0.2755 0.2755 0.262 0.262 0.2425 0.2425 0.2425 0.2425 0.2425 0.234 0.234 0.237 0.237 0.2525 0.2525 0.2525 0.2355 0.2355 0.2405 0.2405 0.2525
-1 -1 -1 -1 -1 -1 -1 -1 -1 -1 -1 -1 -1 -1 -1 -1 -1 -1 -1 -1 -1 0.1277 0.1277 0.188 0.188 0.23 0.23 0.23 0.293 0.293 0.3015 0.3015 0.295 0.295 0.295 0.275 0.275 0.252 0.252 0.2215 0.2215 0.2215 0.207 0.207 0.2265 0.2265 0.24 0.24 0.24 0.2385 0.2385 0.2545 0.2545 0.2585 0.2585 0.2755 0.2755 0.2755 0.262 0.262 0.2425 0.2425 0.2425 0.2425 0.2425 0.234 0.234 0.237 0.237 0.2525 0.2525 0.2525 0.2355 0.2355 0.2405 0.2405 0.2525
-1 -1 -1 -1 -1 -1 -1 -1 -1 -1 -1 -1 -1 -1 -1 -1 -1 -1 -1 -1 -1 -1 -1 0.1572 0.1572 0.065 0.065 0.065 0.2925 0.2925 0.2995 0.2995 0.285 0.285 0.285 0.284 0.284 0.187 0.187 0.1415 0.1415 0.1415 0.2115 0.2115 0.2225 0.2225 0.2245 0.2245 0.2245 0.241 0.241 0.2645 0.2645 0.271 0.271 0.283 0.283 0.283 0.2705 0.2705 0.245 0.245 0.245 0.245 0.245 0.2385 0.2385 0.2535 0.2535 0.246 0.246 0.246 0.25 0.25 0.251 0.251 0.2565
-1 -1 -1 -1 -1 -1 -1 -1 -1 -1 -1 -1 -1 -1 -1 -1 -1 -1 -1 -1 -1 -1 -1 0.1572 0.1572 0.065 0.065 0.065 0.2925 0.2925 0.2995 0.2995 0.285 0.285 0.285 0.284 0.284 0.187 0.187 0.1415 0.1415 0.1415 0.2115 0.2115 0.2225 0.2225 0.2245 0.2245 0.2245 0.241 0.241 0.2645 0.2645 0.271 0.271 0.283 0.283 0.283 0.2705 0.2705 0.245 0.245 0.245 0.245 0.245 0.2385 0.2385 0.2535 0.2535 0.246 0.246 0.246 0.25 0.25 0.251 0.251 0.2565
-1 -1 -1 -1 -1 -1 -1 -1 -1 -1 -1 -1 -1 -1 -1 -1 -1 -1 -1 -1 -1 -1 -1 -1 -1 0.1105 0.1105 0.1105 0.1825 0.1825 0.281 0.281 0.297 0.297 0.297 0.167 0.167 0.122 0.122 0.1415 0.1415 0.1415 0.2495 0.2495 0.2035 0.2035 0.244 0.244 0.244 0.2255 0.2255 0.2545 0.2545 0.261 0.261 0.2525 0.2525 0.2525 0.2585 0.2585 0.249 0.249 0.249 0.249 0.249 0.226 0.226 0.261 0.261 0.2585 0.2585 0.2585 0.254 0.254 0.2555 0.2555 0.264
-1 -1 -1 -1 -1 -1 -1 -1 -1 -1 -1 -1 -1 -1 -1 -1 -1 -1 -1 -1 -1 -1 -1 -1 -1 0.1105 0.1105 0.1105 0.1825 0.1825 0.281 0.281 0.297 0.297 0.297 0.167 0.167 0.122 0.122 0.1415 0.1415 0.1415 0.2495 0.2495 0.2035 0.2035 0.244 0.244 0.244 0.2255 0.2255 0.2545 0.2545 0.261 0.261 0.2525 0.2525 0.2525 0.2585 0.2585 0.249 0.249 0.249 0.249 0.249 0.226 0.226 0.261 0.261 0.2585 0.2585 0.2585 0.254 0.254 0.2555 0.2555 0.264
-1 -1 -1 -1 -1 -1 -1 -1 -1 -1 -1 -1 -1 -1 -1 -1 -1 -1 -1 -1 -1 -1 -1 -1 -1 0.0972 0.0972 0.0972 0.115 0.115 0.212 0.212 0.2245 0.2245 0.2245 0.2265 0.2265 0.2015 0.2015 0.2615 0.2615 0.2615 0.2745 0.2745 0.2915 0.2915 0.2775 0.2775 0.2775 0.1905 0.1905 0.2395 0.2395 0.247 0.247 0.239 0.239 0.239 0.243 0.243 0.2425 0.2425 0.2425 0.2425 0.2425 0.2425 0.2425 0.2445 0.2445 0.247 0.247 0.247 0.2405 0.2405 0.2425 0.2425 0.238
-1 -1 -1 -1 -1 -1 -1 -1 -1 -1 -1 -1 -1 -1 -1 -1 -1 -1 -1 -1 -1 -1 -1 -1 -1 0.0972 0.0972 0.0972 0.115 0.115 0.212 0.212 0.2245 0.2245 0.2245 0.2265 0.2265 0.2015 0.2015 0.2615 0.2615 0.2615 0.2745 0.2745 0.2915 0.2915 0.2775 0.2775 0.2775 0.1905 0.1905 0.2395 0.2395 0.247 0.247 0.239 0.239 0.239 0.243 0.243 0.2425 0.2425 0.2425 0.2425 0.2425 0.2425 0.2425 0.2445 0.2445 0.247 0.247 0.247 0.2405 0.2405 0.2425 0.2425 0.238
-1 -1 -1 -1 -1 -1 -1 -1 -1 -1 -1 -1 -1 -1 -1 -1 -1 -1 -1 -1 -1 -1 -1 -1 -1 0.0972 0.0972 0.0972 0.115 0.115 0.212 0.212 0.2245 0.2245 0.2245 0.2265 0.2265 0.2015 0.2015 0.2615 0.2615 0.2615 0.2745 0.2745 0.2915 0.2915 0.2775 0.2775 0.2775 0.1905 0.1905 0.2395 0.2395 0.247 0.247 0.239 0.239 0.239 0.243 0.243 0.2425 0.2425 0.2425 0.2425 0.2425 0.2425 0.2425 0.2445 0.2445 0.247 0.247 0.247 0.2405 0.2405 0.2425 0.2425 0.238
