ndvi/NOAA-261.asc
ncols         252
nrows         154
xllcorner     -18.017974
yllcorner     13.481982
cellsize      0.035948
NODATA_value  -9999
[rows 70 to 104 of 154, columns 77 to 153 of 252]
0.282 0.282 0.305 0.305 0.365 0.365 0.4095 0.4095 0.4095 0.3895 0.3895 0.4145 0.4145 0.382 0.382 0.378 0.378 0.378 0.3565 0.3565 0.334 0.334 0.313 0.313 0.313 0.2115 0.2115 0.256 0.256 0.3045 0.3045 0.3045 0.309 0.309 0.346 0.346 0.3525 0.3525 0.3525 0.343 0.343 0.3345 0.3345 0.2905 0.2905 0.2905 0.2465 0.2465 0.272 0.272 0.3015 0.3015 0.316 0.316 0.316 0.313 0.313 0.37 0.37 0.415 0.415 0.415 0.452 0.452 0.426 0.426 0.36 0.36 0.36 0.3205 0.3205 0.3245 0.3245 0.296 0.296 0.296 0.2475
0.3365 0.3365 0.346 0.346 0.357 0.357 0.359 0.359 0.359 0.388 0.388 0.3775 0.3775 0.369 0.369 0.4115 0.4115 0.4115 0.341 0.341 0.3765 0.3765 0.4165 0.4165 0.4165 0.36 0.36 0.21 0.21 0.2515 0.2515 0.2515 0.2865 0.2865 0.3235 0.3235 0.3385 0.3385 0.3385 0.3475 0.3475 0.329 0.329 0.311 0.311 0.311 0.2315 0.2315 0.2485 0.2485 0.2955 0.2955 0.3575 0.3575 0.3575 0.3685 0.3685 0.408 0.408 0.4165 0.4165 0.4165 0.4545 0.4545 0.417 0.417 0.3515 0.3515 0.3515 0.334 0.334 0.316 0.316 0.3065 0.3065 0.3065 0.272
0.3365 0.3365 0.346 0.346 0.357 0.357 0.359 0.359 0.359 0.388 0.388 0.3775 0.3775 0.369 0.369 0.4115 0.4115 0.4115 0.341 0.341 0.3765 0.3765 0.4165 0.4165 0.4165 0.36 0.36 0.21 0.21 0.2515 0.2515 0.2515 0.2865 0.2865 0.3235 0.3235 0.3385 0.3385 0.3385 0.3475 0.3475 0.329 0.329 0.311 0.311 0.311 0.2315 0.2315 0.2485 0.2485 0.2955 0.2955 0.3575 0.3575 0.3575 0.3685 0.3685 0.408 0.408 0.4165 0.4165 0.4165 0.4545 0.4545 0.417 0.417 0.3515 0.3515 0.3515 0.334 0.334 0.316 0.316 0.3065 0.3065 0.3065 0.272
0.3365 0.3365 0.346 0.346 0.357 0.357 0.359 0.359 0.359 0.388 0.388 0.3775 0.3775 0.369 0.369 0.4115 0.4115 0.4115 0.341 0.341 0.3765 0.3765 0.4165 0.4165 0.4165 0.36 0.36 0.21 0.21 0.2515 0.2515 0.2515 0.2865 0.2865 0.3235 0.3235 0.3385 0.3385 0.3385 0.3475 0.3475 0.329 0.329 0.311 0.311 0.311 0.2315 0.2315 0.2485 0.2485 0.2955 0.2955 0.3575 0.3575 0.3575 0.3685 0.3685 0.408 0.408 0.4165 0.4165 0.4165 0.4545 0.4545 0.417 0.417 0.3515 0.3515 0.3515 0.334 0.334 0.316 0.316 0.3065 0.3065 0.3065 0.272
0.3805 0.3805 0.357 0.357 0.3331 0.3331 0.3842 0.3842 0.3842 0.351 0.351 0.3615 0.3615 0.3645 0.3645 0.398 0.398 0.398 0.4285 0.4285 0.4315 0.4315 0.4585 0.4585 0.4585 0.4345 0.4345 0.42 0.42 0.3915 0.3915 0.3915 0.3195 0.3195 0.2595 0.2595 0.279 0.279 0.279 0.2815 0.2815 0.307 0.307 0.2365 0.2365 0.2365 0.2655 0.2655 0.379 0.379 0.392 0.392 0.3835 0.3835 0.3835 0.392 0.392 0.4035 0.4035 0.4025 0.4025 0.4025 0.386 0.386 0.357 0.357 0.3605 0.3605 0.3605 0.3 0.3 0.2845 0.2845 0.189 0.189 0.189 0.297
0.3805 0.3805 0.357 0.357 0.3331 0.3331 0.3842 0.3842 0.3842 0.351 0.351 0.3615 0.3615 0.3645 0.3645 0.398 0.398 0.398 0.4285 0.4285 0.4315 0.4315 0.4585 0.4585 0.4585 0.4345 0.4345 0.42 0.42 0.3915 0.3915 0.3915 0.3195 0.3195 0.2595 0.2595 0.279 0.279 0.279 0.2815 0.2815 0.307 0.307 0.2365 0.2365 0.2365 0.2655 0.2655 0.379 0.379 0.392 0.392 0.3835 0.3835 0.3835 0.392 0.392 0.4035 0.4035 0.4025 0.4025 0.4025 0.386 0.386 0.357 0.357 0.3605 0.3605 0.3605 0.3 0.3 0.2845 0.2845 0.189 0.189 0.189 0.297
0.39 0.39 0.392 0.392 0.3815 0.3815 0.382 0.382 0.382 0.365 0.365 0.3745 0.3745 0.3325 0.3325 0.3405 0.3405 0.3405 0.3535 0.3535 0.424 0.424 0.437 0.437 0.437 0.407 0.407 0.4095 0.4095 0.4165 0.4165 0.4165 0.3545 0.3545 0.2935 0.2935 0.186 0.186 0.186 0.17 0.17 0.1915 0.1915 0.2395 0.2395 0.2395 0.2735 0.2735 0.3655 0.3655 0.3565 0.3565 0.3445 0.3445 0.3445 0.371 0.371 0.331 0.331 0.3405 0.3405 0.3405 0.338 0.338 0.306 0.306 0.328 0.328 0.328 0.2625 0.2625 0.192 0.192 0.131 0.131 0.131 0.246
0.39 0.39 0.392 0.392 0.3815 0.3815 0.382 0.382 0.382 0.365 0.365 0.3745 0.3745 0.3325 0.3325 0.3405 0.3405 0.3405 0.3535 0.3535 0.424 0.424 0.437 0.437 0.437 0.407 0.407 0.4095 0.4095 0.4165 0.4165 0.4165 0.3545 0.3545 0.2935 0.2935 0.186 0.186 0.186 0.17 0.17 0.1915 0.1915 0.2395 0.2395 0.2395 0.2735 0.2735 0.3655 0.3655 0.3565 0.3565 0.3445 0.3445 0.3445 0.371 0.371 0.331 0.331 0.3405 0.3405 0.3405 0.338 0.338 0.306 0.306 0.328 0.328 0.328 0.2625 0.2625 0.192 0.192 0.131 0.131 0.131 0.246
0.3835 0.3835 0.4331 0.4331 0.397 0.397 0.3675 0.3675 0.3675 0.3845 0.3845 0.35 0.35 0.343 0.343 0.341 0.341 0.341 0.3595 0.3595 0.328 0.328 0.438 0.438 0.438 0.416 0.416 0.38 0.38 0.385 0.385 0.385 0.3925 0.3925 0.4275 0.4275 0.367 0.367 0.367 0.2485 0.2485 0.1785 0.1785 0.2054 0.2054 0.2054 0.196 0.196 0.2935 0.2935 0.3175 0.3175 0.3155 0.3155 0.3155 0.315 0.315 0.32 0.32 0.335 0.335 0.335 0.341 0.341 0.338 0.338 0.306 0.306 0.306 0.2445 0.2445 0.1965 0.1965 0.1845 0.1845 0.1845 0.2305
0.3835 0.3835 0.4331 0.4331 0.397 0.397 0.3675 0.3675 0.3675 0.3845 0.3845 0.35 0.35 0.343 0.343 0.341 0.341 0.341 0.3595 0.3595 0.328 0.328 0.438 0.438 0.438 0.416 0.416 0.38 0.38 0.385 0.385 0.385 0.3925 0.3925 0.4275 0.4275 0.367 0.367 0.367 0.2485 0.2485 0.1785 0.1785 0.2054 0.2054 0.2054 0.196 0.196 0.2935 0.2935 0.3175 0.3175 0.3155 0.3155 0.3155 0.315 0.315 0.32 0.32 0.335 0.335 0.335 0.341 0.341 0.338 0.338 0.306 0.306 0.306 0.2445 0.2445 0.1965 0.1965 0.1845 0.1845 0.1845 0.2305
0.41 0.41 0.382 0.382 0.3821 0.3821 0.354 0.354 0.354 0.385 0.385 0.3525 0.3525 0.382 0.382 0.3235 0.3235 0.3235 0.317 0.317 0.327 0.327 0.4055 0.4055 0.4055 0.3965 0.3965 0.397 0.397 0.423 0.423 0.423 0.4255 0.4255 0.4505 0.4505 0.396 0.396 0.396 0.3525 0.3525 0.3245 0.3245 0.2361 0.2361 0.2361 0.171 0.171 0.229 0.229 0.3055 0.3055 0.2925 0.2925 0.2925 0.31 0.31 0.3095 0.3095 0.35 0.35 0.35 0.3355 0.3355 0.298 0.298 0.2925 0.2925 0.2925 0.2295 0.2295 0.2325 0.2325 0.2 0.2 0.2 0.184
0.41 0.41 0.382 0.382 0.3821 0.3821 0.354 0.354 0.354 0.385 0.385 0.3525 0.3525 0.382 0.382 0.3235 0.3235 0.3235 0.317 0.317 0.327 0.327 0.4055 0.4055 0.4055 0.3965 0.3965 0.397 0.397 0.423 0.423 0.423 0.4255 0.4255 0.4505 0.4505 0.396 0.396 0.396 0.3525 0.3525 0.3245 0.3245 0.2361 0.2361 0.2361 0.171 0.171 0.229 0.229 0.3055 0.3055 0.2925 0.2925 0.2925 0.31 0.31 0.3095 0.3095 0.35 0.35 0.35 0.3355 0.3355 0.298 0.298 0.2925 0.2925 0.2925 0.2295 0.2295 0.2325 0.2325 0.2 0.2 0.2 0.184
0.41 0.41 0.382 0.382 0.3821 0.3821 0.354 0.354 0.354 0.385 0.385 0.3525 0.3525 0.382 0.382 0.3235 0.3235 0.3235 0.317 0.317 0.327 0.327 0.4055 0.4055 0.4055 0.3965 0.3965 0.397 0.397 0.423 0.423 0.423 0.4255 0.4255 0.4505 0.4505 0.396 0.396 0.396 0.3525 0.3525 0.3245 0.3245 0.2361 0.2361 0.2361 0.171 0.171 0.229 0.229 0.3055 0.3055 0.2925 0.2925 0.2925 0.31 0.31 0.3095 0.3095 0.35 0.35 0.35 0.3355 0.3355 0.298 0.298 0.2925 0.2925 0.2925 0.2295 0.2295 0.2325 0.2325 0.2 0.2 0.2 0.184
0.405 0.405 0.39 0.39 0.394 0.394 0.4281 0.4281 0.4281 0.4465 0.4465 0.406 0.406 0.4275 0.4275 0.4152 0.4152 0.4152 0.3657 0.3657 0.3611 0.3611 0.3585 0.3585 0.3585 0.357 0.357 0.3485 0.3485 0.371 0.371 0.371 0.416 0.416 0.3745 0.3745 0.3795 0.3795 0.3795 0.3545 0.3545 0.363 0.363 0.3445 0.3445 0.3445 0.3195 0.3195 0.178 0.178 0.297 0.297 0.323 0.323 0.323 0.319 0.319 0.338 0.338 0.327 0.327 0.327 0.333 0.333 0.2785 0.2785 0.274 0.274 0.274 0.279 0.279 0.235 0.235 0.216 0.216 0.216 0.203
0.405 0.405 0.39 0.39 0.394 0.394 0.4281 0.4281 0.4281 0.4465 0.4465 0.406 0.406 0.4275 0.4275 0.4152 0.4152 0.4152 0.3657 0.3657 0.3611 0.3611 0.3585 0.3585 0.3585 0.357 0.357 0.3485 0.3485 0.371 0.371 0.371 0.416 0.416 0.3745 0.3745 0.3795 0.3795 0.3795 0.3545 0.3545 0.363 0.363 0.3445 0.3445 0.3445 0.3195 0.3195 0.178 0.178 0.297 0.297 0.323 0.323 0.323 0.319 0.319 0.338 0.338 0.327 0.327 0.327 0.333 0.333 0.2785 0.2785 0.274 0.274 0.274 0.279 0.279 0.235 0.235 0.216 0.216 0.216 0.203
0.402 0.402 0.446 0.446 0.448 0.448 0.396 0.396 0.396 0.4486 0.4486 0.4581 0.4581 0.4095 0.4095 0.4406 0.4406 0.4406 0.422 0.422 0.427 0.427 0.4062 0.4062 0.4062 0.3455 0.3455 0.3537 0.3537 0.3556 0.3556 0.3556 0.3535 0.3535 0.3805 0.3805 0.344 0.344 0.344 0.3455 0.3455 0.3705 0.3705 0.3175 0.3175 0.3175 0.347 0.347 0.371 0.371 0.3165 0.3165 0.3655 0.3655 0.3655 0.399 0.399 0.368 0.368 0.3865 0.3865 0.3865 0.3835 0.3835 0.3495 0.3495 0.3235 0.3235 0.3235 0.3085 0.3085 0.2715 0.2715 0.224 0.224 0.224 0.205
0.402 0.402 0.446 0.446 0.448 0.448 0.396 0.396 0.396 0.4486 0.4486 0.4581 0.4581 0.4095 0.4095 0.4406 0.4406 0.4406 0.422 0.422 0.427 0.427 0.4062 0.4062 0.4062 0.3455 0.3455 0.3537 0.3537 0.3556 0.3556 0.3556 0.3535 0.3535 0.3805 0.3805 0.344 0.344 0.344 0.3455 0.3455 0.3705 0.3705 0.3175 0.3175 0.3175 0.347 0.347 0.371 0.371 0.3165 0.3165 0.3655 0.3655 0.3655 0.399 0.399 0.368 0.368 0.3865 0.3865 0.3865 0.3835 0.3835 0.3495 0.3495 0.3235 0.3235 0.3235 0.3085 0.3085 0.2715 0.2715 0.224 0.224 0.224 0.205
0.412 0.412 0.5071 0.5071 0.5156 0.5156 0.4591 0.4591 0.4591 0.4616 0.4616 0.4857 0.4857 0.4516 0.4516 0.4386 0.4386 0.4386 0.4155 0.4155 0.4125 0.4125 0.3785 0.3785 0.3785 0.3837 0.3837 0.3535 0.3535 0.3676 0.3676 0.3676 0.3991 0.3991 0.3825 0.3825 0.379 0.379 0.379 0.381 0.381 0.4005 0.4005 0.3792 0.3792 0.3792 0.3635 0.3635 0.3875 0.3875 0.3075 0.3075 0.3435 0.3435 0.3435 0.384 0.384 0.433 0.433 0.4375 0.4375 0.4375 0.45 0.45 0.387 0.387 0.3065 0.3065 0.3065 0.3075 0.3075 0.284 0.284 0.251 0.251 0.251 0.259
0.412 0.412 0.5071 0.5071 0.5156 0.5156 0.4591 0.4591 0.4591 0.4616 0.4616 0.4857 0.4857 0.4516 0.4516 0.4386 0.4386 0.4386 0.4155 0.4155 0.4125 0.4125 0.3785 0.3785 0.3785 0.3837 0.3837 0.3535 0.3535 0.3676 0.3676 0.3676 0.3991 0.3991 0.3825 0.3825 0.379 0.379 0.379 0.381 0.381 0.4005 0.4005 0.3792 0.3792 0.3792 0.3635 0.3635 0.3875 0.3875 0.3075 0.3075 0.3435 0.3435 0.3435 0.384 0.384 0.433 0.433 0.4375 0.4375 0.4375 0.45 0.45 0.387 0.387 0.3065 0.3065 0.3065 0.3075 0.3075 0.284 0.284 0.251 0.251 0.251 0.259
0.412 0.412 0.5071 0.5071 0.5156 0.5156 0.4591 0.4591 0.4591 0.4616 0.4616 0.4857 0.4857 0.4516 0.4516 0.4386 0.4386 0.4386 0.4155 0.4155 0.4125 0.4125 0.3785 0.3785 0.3785 0.3837 0.3837 0.3535 0.3535 0.3676 0.3676 0.3676 0.3991 0.3991 0.3825 0.3825 0.379 0.379 0.379 0.381 0.381 0.4005 0.4005 0.3792 0.3792 0.3792 0.3635 0.3635 0.3875 0.3875 0.3075 0.3075 0.3435 0.3435 0.3435 0.384 0.384 0.433 0.433 0.4375 0.4375 0.4375 0.45 0.45 0.387 0.387 0.3065 0.3065 0.3065 0.3075 0.3075 0.284 0.284 0.251 0.251 0.251 0.259
0.4975 0.4975 0.4975 0.4975 0.473 0.473 0.4041 0.4041 0.4041 0.393 0.393 0.4031 0.4031 0.415 0.415 0.373 0.373 0.373 0.381 0.381 0.355 0.355 0.385 0.385 0.385 0.37 0.37 0.378 0.378 0.3696 0.3696 0.3696 0.3505 0.3505 0.4087 0.4087 0.3797 0.3797 0.3797 0.3831 0.3831 0.385 0.385 0.4197 0.4197 0.4197 0.4461 0.4461 0.4115 0.4115 0.39 0.39 0.3095 0.3095 0.3095 0.388 0.388 0.41 0.41 0.454 0.454 0.454 0.4565 0.4565 0.4295 0.4295 0.4115 0.4115 0.4115 0.3215 0.3215 0.3055 0.3055 0.298 0.298 0.298 0.2825
0.4975 0.4975 0.4975 0.4975 0.473 0.473 0.4041 0.4041 0.4041 0.393 0.393 0.4031 0.4031 0.415 0.415 0.373 0.373 0.373 0.381 0.381 0.355 0.355 0.385 0.385 0.385 0.37 0.37 0.378 0.378 0.3696 0.3696 0.3696 0.3505 0.3505 0.4087 0.4087 0.3797 0.3797 0.3797 0.3831 0.3831 0.385 0.385 0.4197 0.4197 0.4197 0.4461 0.4461 0.4115 0.4115 0.39 0.39 0.3095 0.3095 0.3095 0.388 0.388 0.41 0.41 0.454 0.454 0.454 0.4565 0.4565 0.4295 0.4295 0.4115 0.4115 0.4115 0.3215 0.3215 0.3055 0.3055 0.298 0.298 0.298 0.2825
0.548 0.548 0.4835 0.4835 0.457 0.457 0.4545 0.4545 0.4545 0.477 0.477 0.4171 0.4171 0.417 0.417 0.3855 0.3855 0.3855 0.3736 0.3736 0.4175 0.4175 0.4247 0.4247 0.4247 0.4081 0.4081 0.4246 0.4246 0.4185 0.4185 0.4185 0.3825 0.3825 0.423 0.423 0.401 0.401 0.401 0.404 0.404 0.4226 0.4226 0.4675 0.4675 0.4675 0.4846 0.4846 0.4736 0.4736 0.4775 0.4775 0.3165 0.3165 0.3165 0.323 0.323 0.3815 0.3815 0.426 0.426 0.426 0.422 0.422 0.4225 0.4225 0.4125 0.4125 0.4125 0.4575 0.4575 0.3885 0.3885 0.349 0.349 0.349 0.2975
0.548 0.548 0.4835 0.4835 0.457 0.457 0.4545 0.4545 0.4545 0.477 0.477 0.4171 0.4171 0.417 0.417 0.3855 0.3855 0.3855 0.3736 0.3736 0.4175 0.4175 0.4247 0.4247 0.4247 0.4081 0.4081 0.4246 0.4246 0.4185 0.4185 0.4185 0.3825 0.3825 0.423 0.423 0.401 0.401 0.401 0.404 0.404 0.4226 0.4226 0.4675 0.4675 0.4675 0.4846 0.4846 0.4736 0.4736 0.4775 0.4775 0.3165 0.3165 0.3165 0.323 0.323 0.3815 0.3815 0.426 0.426 0.426 0.422 0.422 0.4225 0.4225 0.4125 0.4125 0.4125 0.4575 0.4575 0.3885 0.3885 0.349 0.349 0.349 0.2975
0.4915 0.4915 0.5025 0.5025 0.494 0.494 0.4785 0.4785 0.4785 0.474 0.474 0.429 0.429 0.448 0.448 0.376 0.376 0.376 0.3887 0.3887 0.4455 0.4455 0.4065 0.4065 0.4065 0.4215 0.4215 0.444 0.444 0.444 0.444 0.444 0.4735 0.4735 0.4751 0.4751 0.4621 0.4621 0.4621 0.4491 0.4491 0.4615 0.4615 0.4645 0.4645 0.4645 0.48 0.48 0.4755 0.4755 0.443 0.443 0.379 0.379 0.379 0.3155 0.3155 0.326 0.326 0.355 0.355 0.355 0.3605 0.3605 0.4005 0.4005 0.436 0.436 0.436 0.46 0.46 0.4125 0.4125 0.387 0.387 0.387 0.3395
0.4915 0.4915 0.5025 0.5025 0.494 0.494 0.4785 0.4785 0.4785 0.474 0.474 0.429 0.429 0.448 0.448 0.376 0.376 0.376 0.3887 0.3887 0.4455 0.4455 0.4065 0.4065 0.4065 0.4215 0.4215 0.444 0.444 0.444 0.444 0.444 0.4735 0.4735 0.4751 0.4751 0.4621 0.4621 0.4621 0.4491 0.4491 0.4615 0.4615 0.4645 0.4645 0.4645 0.48 0.48 0.4755 0.4755 0.443 0.443 0.379 0.379 0.379 0.3155 0.3155 0.326 0.326 0.355 0.355 0.355 0.3605 0.3605 0.4005 0.4005 0.436 0.436 0.436 0.46 0.46 0.4125 0.4125 0.387 0.387 0.387 0.3395
0.4915 0.4915 0.5025 0.5025 0.494 0.494 0.4785 0.4785 0.4785 0.474 0.474 0.429 0.429 0.448 0.448 0.376 0.376 0.376 0.3887 0.3887 0.4455 0.4455 0.4065 0.4065 0.4065 0.4215 0.4215 0.444 0.444 0.444 0.444 0.444 0.4735 0.4735 0.4751 0.4751 0.4621 0.4621 0.4621 0.4491 0.4491 0.4615 0.4615 0.4645 0.4645 0.4645 0.48 0.48 0.4755 0.4755 0.443 0.443 0.379 0.379 0.379 0.3155 0.3155 0.326 0.326 0.355 0.355 0.355 0.3605 0.3605 0.4005 0.4005 0.436 0.436 0.436 0.46 0.46 0.4125 0.4125 0.387 0.387 0.387 0.3395
0.5135 0.5135 0.5216 0.5216 0.5295 0.5295 0.464 0.464 0.464 0.473 0.473 0.444 0.444 0.435 0.435 0.385 0.385 0.385 0.407 0.407 0.426 0.426 0.429 0.429 0.429 0.46 0.46 0.5011 0.5011 0.478 0.478 0.478 0.509 0.509 0.516 0.516 0.505 0.505 0.505 0.4755 0.4755 0.4541 0.4541 0.43 0.43 0.43 0.432 0.432 0.456 0.456 0.485 0.485 0.501 0.501 0.501 0.4395 0.4395 0.427 0.427 0.349 0.349 0.349 0.3565 0.3565 0.3565 0.3565 0.4075 0.4075 0.4075 0.477 0.477 0.3645 0.3645 0.332 0.332 0.332 0.356
0.5135 0.5135 0.5216 0.5216 0.5295 0.5295 0.464 0.464 0.464 0.473 0.473 0.444 0.444 0.435 0.435 0.385 0.385 0.385 0.407 0.407 0.426 0.426 0.429 0.429 0.429 0.46 0.46 0.5011 0.5011 0.478 0.478 0.478 0.509 0.509 0.516 0.516 0.505 0.505 0.505 0.4755 0.4755 0.4541 0.4541 0.43 0.43 0.43 0.432 0.432 0.456 0.456 0.485 0.485 0.501 0.501 0.501 0.4395 0.4395 0.427 0.427 0.349 0.349 0.349 0.3565 0.3565 0.3565 0.3565 0.4075 0.4075 0.4075 0.477 0.477 0.3645 0.3645 0.332 0.332 0.332 0.356
0.5275 0.5275 0.502 0.502 0.5167 0.5167 0.4875 0.4875 0.4875 0.4826 0.4826 0.446 0.446 0.4645 0.4645 0.486 0.486 0.486 0.4447 0.4447 0.4085 0.4085 0.4336 0.4336 0.4336 0.4626 0.4626 0.5089999 0.5089999 0.5441 0.5441 0.5441 0.474 0.474 0.508 0.508 0.5246 0.5246 0.5246 0.51 0.51 0.546 0.546 0.518 0.518 0.518 0.4985 0.4985 0.5155 0.5155 0.5355 0.5355 0.5255 0.5255 0.5255 0.499 0.499 0.4685 0.4685 0.438 0.438 0.438 0.3975 0.3975 0.4175 0.4175 0.437 0.437 0.437 0.536 0.536 0.534 0.534 0.4965 0.4965 0.4965 0.4865
0.5275 0.5275 0.502 0.502 0.5167 0.5167 0.4875 0.4875 0.4875 0.4826 0.4826 0.446 0.446 0.4645 0.4645 0.486 0.486 0.486 0.4447 0.4447 0.4085 0.4085 0.4336 0.4336 0.4336 0.4626 0.4626 0.5089999 0.5089999 0.5441 0.5441 0.5441 0.474 0.474 0.508 0.508 0.5246 0.5246 0.5246 0.51 0.51 0.546 0.546 0.518 0.518 0.518 0.4985 0.4985 0.5155 0.5155 0.5355 0.5355 0.5255 0.5255 0.5255 0.499 0.499 0.4685 0.4685 0.438 0.438 0.438 0.3975 0.3975 0.4175 0.4175 0.437 0.437 0.437 0.536 0.536 0.534 0.534 0.4965 0.4965 0.4965 0.4865
0.5261 0.5261 0.5091 0.5091 0.5636 0.5636 0.576 0.576 0.576 0.541 0.541 0.4511 0.4511 0.4766 0.4766 0.4646 0.4646 0.4646 0.496 0.496 0.521 0.521 0.5115 0.5115 0.5115 0.528 0.528 0.5386 0.5386 0.5154999 0.5154999 0.5154999 0.5391 0.5391 0.5546 0.5546 0.5375 0.5375 0.5375 0.5445 0.5445 0.545 0.545 0.559 0.559 0.559 0.5565 0.5565 0.584 0.584 0.5515 0.5515 0.574 0.574 0.574 0.512 0.512 0.499 0.499 0.48 0.48 0.48 0.4335 0.4335 0.42 0.42 0.441 0.441 0.441 0.4955 0.4955 0.5035 0.5035 0.509 0.509 0.509 0.47
0.5261 0.5261 0.5091 0.5091 0.5636 0.5636 0.576 0.576 0.576 0.541 0.541 0.4511 0.4511 0.4766 0.4766 0.4646 0.4646 0.4646 0.496 0.496 0.521 0.521 0.5115 0.5115 0.5115 0.528 0.528 0.5386 0.5386 0.5154999 0.5154999 0.5154999 0.5391 0.5391 0.5546 0.5546 0.5375 0.5375 0.5375 0.5445 0.5445 0.545 0.545 0.559 0.559 0.559 0.5565 0.5565 0.584 0.584 0.5515 0.5515 0.574 0.574 0.574 0.512 0.512 0.499 0.499 0.48 0.48 0.48 0.4335 0.4335 0.42 0.42 0.441 0.441 0.441 0.4955 0.4955 0.5035 0.5035 0.509 0.509 0.509 0.47
0.5016 0.5016 0.5542 0.5542 0.5775 0.5775 0.524 0.524 0.524 0.5535 0.5535 0.513 0.513 0.4825 0.4825 0.4875 0.4875 0.4875 0.507 0.507 0.484 0.484 0.505 0.505 0.505 0.5416 0.5416 0.548 0.548 0.5385 0.5385 0.5385 0.5621001 0.5621001 0.58 0.58 0.5666 0.5666 0.5666 0.5285 0.5285 0.5225 0.5225 0.53 0.53 0.53 0.5415 0.5415 0.5855 0.5855 0.574 0.574 0.5725 0.5725 0.5725 0.575 0.575 0.544 0.544 0.493 0.493 0.493 0.458 0.458 0.3845 0.3845 0.42 0.42 0.42 0.416 0.416 0.457 0.457 0.4845 0.4845 0.4845 0.457
0.5016 0.5016 0.5542 0.5542 0.5775 0.5775 0.524 0.524 0.524 0.5535 0.5535 0.513 0.513 0.4825 0.4825 0.4875 0.4875 0.4875 0.507 0.507 0.484 0.484 0.505 0.505 0.505 0.5416 0.5416 0.548 0.548 0.5385 0.5385 0.5385 0.5621001 0.5621001 0.58 0.58 0.5666 0.5666 0.5666 0.5285 0.5285 0.5225 0.5225 0.53 0.53 0.53 0.5415 0.5415 0.5855 0.5855 0.574 0.574 0.5725 0.5725 0.5725 0.575 0.575 0.544 0.544 0.493 0.493 0.493 0.458 0.458 0.3845 0.3845 0.42 0.42 0.42 0.416 0.416 0.457 0.457 0.4845 0.4845 0.4845 0.457
