ndvi/NOAA-207.asc
ncols         252
nrows         154
xllcorner     -18.017974
yllcorner     13.481982
cellsize      0.035948
NODATA_value  -9999
[rows 102 to 135 of 154, columns 78 to 155 of 252]
0.232 0.2325 0.2325 0.2245 0.2245 0.227 0.227 0.227 0.231 0.231 0.217 0.217 0.2145 0.2145 0.216 0.216 0.216 0.225 0.225 0.225 0.225 0.2345 0.2345 0.2345 0.226 0.226 0.232 0.232 0.222 0.222 0.222 0.2285 0.2285 0.247 0.247 0.2565 0.2565 0.2565 0.259 0.259 0.271 0.271 0.278 0.278 0.278 0.278 0.278 0.2735 0.2735 0.291 0.291 0.27 0.27 0.27 0.2635 0.2635 0.2365 0.2365 0.2245 0.2245 0.2245 0.237 0.237 0.262 0.262 0.2425 0.2425 0.2425 0.2485 0.2485 0.2315 0.2315 0.2165 0.2165 0.2165 0.217 0.217 0.2
0.2355 0.236 0.236 0.235 0.235 0.226 0.226 0.226 0.2275 0.2275 0.234 0.234 0.217 0.217 0.224 0.224 0.224 0.2185 0.2185 0.22 0.22 0.229 0.229 0.229 0.2385 0.2385 0.224 0.224 0.2395 0.2395 0.2395 0.25 0.25 0.248 0.248 0.258 0.258 0.258 0.256 0.256 0.2575 0.2575 0.262 0.262 0.262 0.264 0.264 0.265 0.265 0.2765 0.2765 0.282 0.282 0.282 0.264 0.264 0.238 0.238 0.231 0.231 0.231 0.2405 0.2405 0.274 0.274 0.247 0.247 0.247 0.2325 0.2325 0.2205 0.2205 0.2175 0.2175 0.2175 0.208 0.208 0.213
0.2355 0.236 0.236 0.235 0.235 0.226 0.226 0.226 0.2275 0.2275 0.234 0.234 0.217 0.217 0.224 0.224 0.224 0.2185 0.2185 0.22 0.22 0.229 0.229 0.229 0.2385 0.2385 0.224 0.224 0.2395 0.2395 0.2395 0.25 0.25 0.248 0.248 0.258 0.258 0.258 0.256 0.256 0.2575 0.2575 0.262 0.262 0.262 0.264 0.264 0.265 0.265 0.2765 0.2765 0.282 0.282 0.282 0.264 0.264 0.238 0.238 0.231 0.231 0.231 0.2405 0.2405 0.274 0.274 0.247 0.247 0.247 0.2325 0.2325 0.2205 0.2205 0.2175 0.2175 0.2175 0.208 0.208 0.213
0.2355 0.236 0.236 0.235 0.235 0.226 0.226 0.226 0.2275 0.2275 0.234 0.234 0.217 0.217 0.224 0.224 0.224 0.2185 0.2185 0.22 0.22 0.229 0.229 0.229 0.2385 0.2385 0.224 0.224 0.2395 0.2395 0.2395 0.25 0.25 0.248 0.248 0.258 0.258 0.258 0.256 0.256 0.2575 0.2575 0.262 0.262 0.262 0.264 0.264 0.265 0.265 0.2765 0.2765 0.282 0.282 0.282 0.264 0.264 0.238 0.238 0.231 0.231 0.231 0.2405 0.2405 0.274 0.274 0.247 0.247 0.247 0.2325 0.2325 0.2205 0.2205 0.2175 0.2175 0.2175 0.208 0.208 0.213
0.234 0.2335 0.2335 0.2305 0.2305 0.239 0.239 0.239 0.228 0.228 0.233 0.233 0.2345 0.2345 0.2345 0.2345 0.2345 0.2235 0.2235 0.2375 0.2375 0.253 0.253 0.253 0.2615 0.2615 0.255 0.255 0.2595 0.2595 0.2595 0.2695 0.2695 0.2315 0.2315 0.251 0.251 0.251 0.2375 0.2375 0.255 0.255 0.2655 0.2655 0.2655 0.271 0.271 0.277 0.277 0.283 0.283 0.2815 0.2815 0.2815 0.268 0.268 0.2455 0.2455 0.2445 0.2445 0.2445 0.239 0.239 0.2435 0.2435 0.2465 0.2465 0.2465 0.2265 0.2265 0.218 0.218 0.224 0.224 0.224 0.2345 0.2345 0.227
0.234 0.2335 0.2335 0.2305 0.2305 0.239 0.239 0.239 0.228 0.228 0.233 0.233 0.2345 0.2345 0.2345 0.2345 0.2345 0.2235 0.2235 0.2375 0.2375 0.253 0.253 0.253 0.2615 0.2615 0.255 0.255 0.2595 0.2595 0.2595 0.2695 0.2695 0.2315 0.2315 0.251 0.251 0.251 0.2375 0.2375 0.255 0.255 0.2655 0.2655 0.2655 0.271 0.271 0.277 0.277 0.283 0.283 0.2815 0.2815 0.2815 0.268 0.268 0.2455 0.2455 0.2445 0.2445 0.2445 0.239 0.239 0.2435 0.2435 0.2465 0.2465 0.2465 0.2265 0.2265 0.218 0.218 0.224 0.224 0.224 0.2345 0.2345 0.227
0.244 0.2375 0.2375 0.239 0.239 0.2305 0.2305 0.2305 0.2335 0.2335 0.2355 0.2355 0.2385 0.2385 0.2395 0.2395 0.2395 0.2485 0.2485 0.251 0.251 0.259 0.259 0.259 0.2865 0.2865 0.2555 0.2555 0.2665 0.2665 0.2665 0.273 0.273 0.242 0.242 0.242 0.242 0.242 0.248 0.248 0.2485 0.2485 0.2435 0.2435 0.2435 0.242 0.242 0.277 0.277 0.269 0.269 0.2565 0.2565 0.2565 0.271 0.271 0.257 0.257 0.2555 0.2555 0.2555 0.253 0.253 0.2585 0.2585 0.254 0.254 0.254 0.25 0.25 0.245 0.245 0.2355 0.2355 0.2355 0.231 0.231 0.244
0.244 0.2375 0.2375 0.239 0.239 0.2305 0.2305 0.2305 0.2335 0.2335 0.2355 0.2355 0.2385 0.2385 0.2395 0.2395 0.2395 0.2485 0.2485 0.251 0.251 0.259 0.259 0.259 0.2865 0.2865 0.2555 0.2555 0.2665 0.2665 0.2665 0.273 0.273 0.242 0.242 0.242 0.242 0.242 0.248 0.248 0.2485 0.2485 0.2435 0.2435 0.2435 0.242 0.242 0.277 0.277 0.269 0.269 0.2565 0.2565 0.2565 0.271 0.271 0.257 0.257 0.2555 0.2555 0.2555 0.253 0.253 0.2585 0.2585 0.254 0.254 0.254 0.25 0.25 0.245 0.245 0.2355 0.2355 0.2355 0.231 0.231 0.244
0.246 0.246 0.246 0.2355 0.2355 0.2285 0.2285 0.2285 0.2335 0.2335 0.254 0.254 0.261 0.261 0.255 0.255 0.255 0.26 0.26 0.277 0.277 0.273 0.273 0.273 0.281 0.281 0.2895 0.2895 0.2715 0.2715 0.2715 0.27 0.27 0.273 0.273 0.2575 0.2575 0.2575 0.246 0.246 0.237 0.237 0.251 0.251 0.251 0.2335 0.2335 0.249 0.249 0.2595 0.2595 0.276 0.276 0.276 0.2665 0.2665 0.2635 0.2635 0.2655 0.2655 0.2655 0.2645 0.2645 0.2645 0.2645 0.2685 0.2685 0.2685 0.253 0.253 0.2635 0.2635 0.2335 0.2335 0.2335 0.221 0.221 0.2435
0.246 0.246 0.246 0.2355 0.2355 0.2285 0.2285 0.2285 0.2335 0.2335 0.254 0.254 0.261 0.261 0.255 0.255 0.255 0.26 0.26 0.277 0.277 0.273 0.273 0.273 0.281 0.281 0.2895 0.2895 0.2715 0.2715 0.2715 0.27 0.27 0.273 0.273 0.2575 0.2575 0.2575 0.246 0.246 0.237 0.237 0.251 0.251 0.251 0.2335 0.2335 0.249 0.249 0.2595 0.2595 0.276 0.276 0.276 0.2665 0.2665 0.2635 0.2635 0.2655 0.2655 0.2655 0.2645 0.2645 0.2645 0.2645 0.2685 0.2685 0.2685 0.253 0.253 0.2635 0.2635 0.2335 0.2335 0.2335 0.221 0.221 0.2435
0.246 0.246 0.246 0.2355 0.2355 0.2285 0.2285 0.2285 0.2335 0.2335 0.254 0.254 0.261 0.261 0.255 0.255 0.255 0.26 0.26 0.277 0.277 0.273 0.273 0.273 0.281 0.281 0.2895 0.2895 0.2715 0.2715 0.2715 0.27 0.27 0.273 0.273 0.2575 0.2575 0.2575 0.246 0.246 0.237 0.237 0.251 0.251 0.251 0.2335 0.2335 0.249 0.249 0.2595 0.2595 0.276 0.276 0.276 0.2665 0.2665 0.2635 0.2635 0.2655 0.2655 0.2655 0.2645 0.2645 0.2645 0.2645 0.2685 0.2685 0.2685 0.253 0.253 0.2635 0.2635 0.2335 0.2335 0.2335 0.221 0.221 0.2435
0.2475 0.2605 0.2605 0.263 0.263 0.266 0.266 0.266 0.2645 0.2645 0.2575 0.2575 0.263 0.263 0.2515 0.2515 0.2515 0.2545 0.2545 0.248 0.248 0.254 0.254 0.254 0.253 0.253 0.2675 0.2675 0.272 0.272 0.272 0.272 0.272 0.261 0.261 0.2695 0.2695 0.2695 0.2625 0.2625 0.2505 0.2505 0.2675 0.2675 0.2675 0.269 0.269 0.259 0.259 0.279 0.279 0.2765 0.2765 0.2765 0.2715 0.2715 0.27 0.27 0.252 0.252 0.252 0.252 0.252 0.258 0.258 0.2635 0.2635 0.2635 0.2775 0.2775 0.277 0.277 0.2385 0.2385 0.2385 0.2255 0.2255 0.2235
0.2475 0.2605 0.2605 0.263 0.263 0.266 0.266 0.266 0.2645 0.2645 0.2575 0.2575 0.263 0.263 0.2515 0.2515 0.2515 0.2545 0.2545 0.248 0.248 0.254 0.254 0.254 0.253 0.253 0.2675 0.2675 0.272 0.272 0.272 0.272 0.272 0.261 0.261 0.2695 0.2695 0.2695 0.2625 0.2625 0.2505 0.2505 0.2675 0.2675 0.2675 0.269 0.269 0.259 0.259 0.279 0.279 0.2765 0.2765 0.2765 0.2715 0.2715 0.27 0.27 0.252 0.252 0.252 0.252 0.252 0.258 0.258 0.2635 0.2635 0.2635 0.2775 0.2775 0.277 0.277 0.2385 0.2385 0.2385 0.2255 0.2255 0.2235
0.2555 0.251 0.251 0.2335 0.2335 0.257 0.257 0.257 0.2485 0.2485 0.258 0.258 0.244 0.244 0.2435 0.2435 0.2435 0.2545 0.2545 0.2585 0.2585 0.2475 0.2475 0.2475 0.2695 0.2695 0.2565 0.2565 0.2575 0.2575 0.2575 0.2725 0.2725 0.265 0.265 0.2615 0.2615 0.2615 0.253 0.253 0.2555 0.2555 0.263 0.263 0.263 0.262 0.262 0.2775 0.2775 0.282 0.282 0.2835 0.2835 0.2835 0.262 0.262 0.2665 0.2665 0.265 0.265 0.265 0.2665 0.2665 0.2535 0.2535 0.2665 0.2665 0.2665 0.2525 0.2525 0.2465 0.2465 0.242 0.242 0.242 0.2255 0.2255 0.2325
0.2555 0.251 0.251 0.2335 0.2335 0.257 0.257 0.257 0.2485 0.2485 0.258 0.258 0.244 0.244 0.2435 0.2435 0.2435 0.2545 0.2545 0.2585 0.2585 0.2475 0.2475 0.2475 0.2695 0.2695 0.2565 0.2565 0.2575 0.2575 0.2575 0.2725 0.2725 0.265 0.265 0.2615 0.2615 0.2615 0.253 0.253 0.2555 0.2555 0.263 0.263 0.263 0.262 0.262 0.2775 0.2775 0.282 0.282 0.2835 0.2835 0.2835 0.262 0.262 0.2665 0.2665 0.265 0.265 0.265 0.2665 0.2665 0.2535 0.2535 0.2665 0.2665 0.2665 0.2525 0.2525 0.2465 0.2465 0.242 0.242 0.242 0.2255 0.2255 0.2325
0.253 0.2445 0.2445 0.2335 0.2335 0.2425 0.2425 0.2425 0.244 0.244 0.25 0.25 0.244 0.244 0.2485 0.2485 0.2485 0.2655 0.2655 0.2655 0.2655 0.267 0.267 0.267 0.2735 0.2735 0.2565 0.2565 0.2705 0.2705 0.2705 0.2665 0.2665 0.2635 0.2635 0.252 0.252 0.252 0.255 0.255 0.263 0.263 0.2675 0.2675 0.2675 0.26 0.26 0.265 0.265 0.2665 0.2665 0.272 0.272 0.272 0.2635 0.2635 0.2695 0.2695 0.273 0.273 0.273 0.2715 0.2715 0.2645 0.2645 0.254 0.254 0.254 0.2565 0.2565 0.2555 0.2555 0.2635 0.2635 0.2635 0.241 0.241 0.2335
0.253 0.2445 0.2445 0.2335 0.2335 0.2425 0.2425 0.2425 0.244 0.244 0.25 0.25 0.244 0.244 0.2485 0.2485 0.2485 0.2655 0.2655 0.2655 0.2655 0.267 0.267 0.267 0.2735 0.2735 0.2565 0.2565 0.2705 0.2705 0.2705 0.2665 0.2665 0.2635 0.2635 0.252 0.252 0.252 0.255 0.255 0.263 0.263 0.2675 0.2675 0.2675 0.26 0.26 0.265 0.265 0.2665 0.2665 0.272 0.272 0.272 0.2635 0.2635 0.2695 0.2695 0.273 0.273 0.273 0.2715 0.2715 0.2645 0.2645 0.254 0.254 0.254 0.2565 0.2565 0.2555 0.2555 0.2635 0.2635 0.2635 0.241 0.241 0.2335
0.253 0.2445 0.2445 0.2335 0.2335 0.2425 0.2425 0.2425 0.244 0.244 0.25 0.25 0.244 0.244 0.2485 0.2485 0.2485 0.2655 0.2655 0.2655 0.2655 0.267 0.267 0.267 0.2735 0.2735 0.2565 0.2565 0.2705 0.2705 0.2705 0.2665 0.2665 0.2635 0.2635 0.252 0.252 0.252 0.255 0.255 0.263 0.263 0.2675 0.2675 0.2675 0.26 0.26 0.265 0.265 0.2665 0.2665 0.272 0.272 0.272 0.2635 0.2635 0.2695 0.2695 0.273 0.273 0.273 0.2715 0.2715 0.2645 0.2645 0.254 0.254 0.254 0.2565 0.2565 0.2555 0.2555 0.2635 0.2635 0.2635 0.241 0.241 0.2335
0.2425 0.234 0.234 0.224 0.224 0.2395 0.2395 0.2395 0.2445 0.2445 0.2435 0.2435 0.249 0.249 0.245 0.245 0.245 0.2615 0.2615 0.268 0.268 0.249 0.249 0.249 0.2605 0.2605 0.279 0.279 0.285 0.285 0.285 0.2975 0.2975 0.2875 0.2875 0.278 0.278 0.278 0.278 0.278 0.2745 0.2745 0.2845 0.2845 0.2845 0.273 0.273 0.272 0.272 0.2625 0.2625 0.2605 0.2605 0.2605 0.255 0.255 0.275 0.275 0.266 0.266 0.266 0.2775 0.2775 0.277 0.277 0.265 0.265 0.265 0.2505 0.2505 0.235 0.235 0.2425 0.2425 0.2425 0.2425 0.2425 0.2485
0.2425 0.234 0.234 0.224 0.224 0.2395 0.2395 0.2395 0.2445 0.2445 0.2435 0.2435 0.249 0.249 0.245 0.245 0.245 0.2615 0.2615 0.268 0.268 0.249 0.249 0.249 0.2605 0.2605 0.279 0.279 0.285 0.285 0.285 0.2975 0.2975 0.2875 0.2875 0.278 0.278 0.278 0.278 0.278 0.2745 0.2745 0.2845 0.2845 0.2845 0.273 0.273 0.272 0.272 0.2625 0.2625 0.2605 0.2605 0.2605 0.255 0.255 0.275 0.275 0.266 0.266 0.266 0.2775 0.2775 0.277 0.277 0.265 0.265 0.265 0.2505 0.2505 0.235 0.235 0.2425 0.2425 0.2425 0.2425 0.2425 0.2485
0.251 0.23 0.23 0.2445 0.2445 0.2345 0.2345 0.2345 0.2575 0.2575 0.2435 0.2435 0.243 0.243 0.251 0.251 0.251 0.2585 0.2585 0.261 0.261 0.2605 0.2605 0.2605 0.262 0.262 0.2755 0.2755 0.3025 0.3025 0.3025 0.2905 0.2905 0.2735 0.2735 0.283 0.283 0.283 0.2855 0.2855 0.273 0.273 0.2765 0.2765 0.2765 0.279 0.279 0.2775 0.2775 0.2665 0.2665 0.2775 0.2775 0.2775 0.2605 0.2605 0.2705 0.2705 0.272 0.272 0.272 0.2695 0.2695 0.2735 0.2735 0.265 0.265 0.265 0.2595 0.2595 0.248 0.248 0.253 0.253 0.253 0.245 0.245 0.247
0.251 0.23 0.23 0.2445 0.2445 0.2345 0.2345 0.2345 0.2575 0.2575 0.2435 0.2435 0.243 0.243 0.251 0.251 0.251 0.2585 0.2585 0.261 0.261 0.2605 0.2605 0.2605 0.262 0.262 0.2755 0.2755 0.3025 0.3025 0.3025 0.2905 0.2905 0.2735 0.2735 0.283 0.283 0.283 0.2855 0.2855 0.273 0.273 0.2765 0.2765 0.2765 0.279 0.279 0.2775 0.2775 0.2665 0.2665 0.2775 0.2775 0.2775 0.2605 0.2605 0.2705 0.2705 0.272 0.272 0.272 0.2695 0.2695 0.2735 0.2735 0.265 0.265 0.265 0.2595 0.2595 0.248 0.248 0.253 0.253 0.253 0.245 0.245 0.247
0.2605 0.2445 0.2445 0.2355 0.2355 0.238 0.238 0.238 0.243 0.243 0.251 0.251 0.2495 0.2495 0.2655 0.2655 0.2655 0.255 0.255 0.256 0.256 0.275 0.275 0.275 0.285 0.285 0.269 0.269 0.2885 0.2885 0.2885 0.2865 0.2865 0.271 0.271 0.268 0.268 0.268 0.275 0.275 0.2775 0.2775 0.283 0.283 0.283 0.258 0.258 0.264 0.264 0.2655 0.2655 0.2855 0.2855 0.2855 0.2505 0.2505 0.265 0.265 0.279 0.279 0.279 0.2525 0.2525 0.2595 0.2595 0.2575 0.2575 0.2575 0.2745 0.2745 0.2545 0.2545 0.2565 0.2565 0.2565 0.263 0.263 0.2665
0.2605 0.2445 0.2445 0.2355 0.2355 0.238 0.238 0.238 0.243 0.243 0.251 0.251 0.2495 0.2495 0.2655 0.2655 0.2655 0.255 0.255 0.256 0.256 0.275 0.275 0.275 0.285 0.285 0.269 0.269 0.2885 0.2885 0.2885 0.2865 0.2865 0.271 0.271 0.268 0.268 0.268 0.275 0.275 0.2775 0.2775 0.283 0.283 0.283 0.258 0.258 0.264 0.264 0.2655 0.2655 0.2855 0.2855 0.2855 0.2505 0.2505 0.265 0.265 0.279 0.279 0.279 0.2525 0.2525 0.2595 0.2595 0.2575 0.2575 0.2575 0.2745 0.2745 0.2545 0.2545 0.2565 0.2565 0.2565 0.263 0.263 0.2665
0.2645 0.2625 0.2625 0.2445 0.2445 0.2435 0.2435 0.2435 0.2485 0.2485 0.258 0.258 0.2495 0.2495 0.268 0.268 0.268 0.2525 0.2525 0.274 0.274 0.2735 0.2735 0.2735 0.2775 0.2775 0.266 0.266 0.261 0.261 0.261 0.279 0.279 0.2775 0.2775 0.28 0.28 0.28 0.2645 0.2645 0.2785 0.2785 0.2825 0.2825 0.2825 0.269 0.269 0.266 0.266 0.269 0.269 0.2745 0.2745 0.2745 0.2765 0.2765 0.262 0.262 0.266 0.266 0.266 0.2605 0.2605 0.2495 0.2495 0.252 0.252 0.252 0.2595 0.2595 0.2385 0.2385 0.253 0.253 0.253 0.2515 0.2515 0.2545
0.2645 0.2625 0.2625 0.2445 0.2445 0.2435 0.2435 0.2435 0.2485 0.2485 0.258 0.258 0.2495 0.2495 0.268 0.268 0.268 0.2525 0.2525 0.274 0.274 0.2735 0.2735 0.2735 0.2775 0.2775 0.266 0.266 0.261 0.261 0.261 0.279 0.279 0.2775 0.2775 0.28 0.28 0.28 0.2645 0.2645 0.2785 0.2785 0.2825 0.2825 0.2825 0.269 0.269 0.266 0.266 0.269 0.269 0.2745 0.2745 0.2745 0.2765 0.2765 0.262 0.262 0.266 0.266 0.266 0.2605 0.2605 0.2495 0.2495 0.252 0.252 0.252 0.2595 0.2595 0.2385 0.2385 0.253 0.253 0.253 0.2515 0.2515 0.2545
0.2645 0.2625 0.2625 0.2445 0.2445 0.2435 0.2435 0.2435 0.2485 0.2485 0.258 0.258 0.2495 0.2495 0.268 0.268 0.268 0.2525 0.2525 0.274 0.274 0.2735 0.2735 0.2735 0.2775 0.2775 0.266 0.266 0.261 0.261 0.261 0.279 0.279 0.2775 0.2775 0.28 0.28 0.28 0.2645 0.2645 0.2785 0.2785 0.2825 0.2825 0.2825 0.269 0.269 0.266 0.266 0.269 0.269 0.2745 0.2745 0.2745 0.2765 0.2765 0.262 0.262 0.266 0.266 0.266 0.2605 0.2605 0.2495 0.2495 0.252 0.252 0.252 0.2595 0.2595 0.2385 0.2385 0.253 0.253 0.253 0.2515 0.2515 0.2545
0.2665 0.2675 0.2675 0.27 0.27 0.267 0.267 0.267 0.266 0.266 0.254 0.254 0.249 0.249 0.2575 0.2575 0.2575 0.2495 0.2495 0.2675 0.2675 0.2685 0.2685 0.2685 0.292 0.292 0.3095 0.3095 0.288 0.288 0.288 0.2685 0.2685 0.2675 0.2675 0.265 0.265 0.265 0.274 0.274 0.284 0.284 0.253 0.253 0.253 0.2895 0.2895 0.2655 0.2655 0.27 0.27 0.274 0.274 0.274 0.2795 0.2795 0.2775 0.2775 0.285 0.285 0.285 0.2675 0.2675 0.254 0.254 0.271 0.271 0.271 0.2675 0.2675 0.264 0.264 0.2615 0.2615 0.2615 0.255 0.255 0.261
0.2665 0.2675 0.2675 0.27 0.27 0.267 0.267 0.267 0.266 0.266 0.254 0.254 0.249 0.249 0.2575 0.2575 0.2575 0.2495 0.2495 0.2675 0.2675 0.2685 0.2685 0.2685 0.292 0.292 0.3095 0.3095 0.288 0.288 0.288 0.2685 0.2685 0.2675 0.2675 0.265 0.265 0.265 0.274 0.274 0.284 0.284 0.253 0.253 0.253 0.2895 0.2895 0.2655 0.2655 0.27 0.27 0.274 0.274 0.274 0.2795 0.2795 0.2775 0.2775 0.285 0.285 0.285 0.2675 0.2675 0.254 0.254 0.271 0.271 0.271 0.2675 0.2675 0.264 0.264 0.2615 0.2615 0.2615 0.255 0.255 0.261
0.2785 0.2835 0.2835 0.2695 0.2695 0.2645 0.2645 0.2645 0.264 0.264 0.2565 0.2565 0.2595 0.2595 0.2675 0.2675 0.2675 0.273 0.273 0.2615 0.2615 0.2845 0.2845 0.2845 0.2855 0.2855 0.27 0.27 0.271 0.271 0.271 0.2765 0.2765 0.2785 0.2785 0.2665 0.2665 0.2665 0.267 0.267 0.2735 0.2735 0.287 0.287 0.287 0.291 0.291 0.257 0.257 0.269 0.269 0.2515 0.2515 0.2515 0.277 0.277 0.275 0.275 0.2825 0.2825 0.2825 0.262 0.262 0.265 0.265 0.257 0.257 0.257 0.2785 0.2785 0.259 0.259 0.274 0.274 0.274 0.281 0.281 0.262
0.2785 0.2835 0.2835 0.2695 0.2695 0.2645 0.2645 0.2645 0.264 0.264 0.2565 0.2565 0.2595 0.2595 0.2675 0.2675 0.2675 0.273 0.273 0.2615 0.2615 0.2845 0.2845 0.2845 0.2855 0.2855 0.27 0.27 0.271 0.271 0.271 0.2765 0.2765 0.2785 0.2785 0.2665 0.2665 0.2665 0.267 0.267 0.2735 0.2735 0.287 0.287 0.287 0.291 0.291 0.257 0.257 0.269 0.269 0.2515 0.2515 0.2515 0.277 0.277 0.275 0.275 0.2825 0.2825 0.2825 0.262 0.262 0.265 0.265 0.257 0.257 0.257 0.2785 0.2785 0.259 0.259 0.274 0.274 0.274 0.281 0.281 0.262
0.25 0.259 0.259 0.2735 0.2735 0.2565 0.2565 0.2565 0.247 0.247 0.2565 0.2565 0.256 0.256 0.264 0.264 0.264 0.267 0.267 0.277 0.277 0.295 0.295 0.295 0.2705 0.2705 0.261 0.261 0.2555 0.2555 0.2555 0.288 0.288 0.281 0.281 0.269 0.269 0.269 0.274 0.274 0.2785 0.2785 0.29 0.29 0.29 0.286 0.286 0.2885 0.2885 0.3105 0.3105 0.2835 0.2835 0.2835 0.2785 0.2785 0.287 0.287 0.288 0.288 0.288 0.2755 0.2755 0.269 0.269 0.265 0.265 0.265 0.2965 0.2965 0.268 0.268 0.2615 0.2615 0.2615 0.275 0.275 0.266
0.25 0.259 0.259 0.2735 0.2735 0.2565 0.2565 0.2565 0.247 0.247 0.2565 0.2565 0.256 0.256 0.264 0.264 0.264 0.267 0.267 0.277 0.277 0.295 0.295 0.295 0.2705 0.2705 0.261 0.261 0.2555 0.2555 0.2555 0.288 0.288 0.281 0.281 0.269 0.269 0.269 0.274 0.274 0.2785 0.2785 0.29 0.29 0.29 0.286 0.286 0.2885 0.2885 0.3105 0.3105 0.2835 0.2835 0.2835 0.2785 0.2785 0.287 0.287 0.288 0.288 0.288 0.2755 0.2755 0.269 0.269 0.265 0.265 0.265 0.2965 0.2965 0.268 0.268 0.2615 0.2615 0.2615 0.275 0.275 0.266
0.25 0.259 0.259 0.2735 0.2735 0.2565 0.2565 0.2565 0.247 0.247 0.2565 0.2565 0.256 0.256 0.264 0.264 0.264 0.267 0.267 0.277 0.277 0.295 0.295 0.295 0.2705 0.2705 0.261 0.261 0.2555 0.2555 0.2555 0.288 0.288 0.281 0.281 0.269 0.269 0.269 0.274 0.274 0.2785 0.2785 0.29 0.29 0.29 0.286 0.286 0.2885 0.2885 0.3105 0.3105 0.2835 0.2835 0.2835 0.2785 0.2785 0.287 0.287 0.288 0.288 0.288 0.2755 0.2755 0.269 0.269 0.265 0.265 0.265 0.2965 0.2965 0.268 0.268 0.2615 0.2615 0.2615 0.275 0.275 0.266
