ndvi/NOAA-139.asc
ncols         252
nrows         154
xllcorner     -18.017974
yllcorner     13.481982
cellsize      0.035948
NODATA_value  -9999
[rows 70 to 104 of 154, columns 154 to 230 of 252]
0.159 0.1555 0.1555 0.1545 0.1545 0.1545 0.1655 0.1655 0.169 0.169 0.165 0.165 0.185 0.185 0.185 0.2215 0.2215 0.2185 0.2185 0.2105 0.2105 0.2105 0.217 0.217 0.2235 0.2235 0.2465 0.2465 0.2465 0.2405 0.2405 0.244 0.244 0.243 0.243 0.243 0.2275 0.2275 0.23 0.23 0.2575 0.2575 0.2575 0.256 0.256 0.2545 0.2545 0.235 0.235 0.231 0.231 0.231 0.234 0.234 0.2735 0.2735 0.242 0.242 0.242 0.247 0.247 0.239 0.239 0.2055 0.2055 0.2055 0.21 0.21 0.217 0.217 0.2435 0.2435 0.2435 0.2395 0.2395 0.2375 0.2375
0.1515 0.17 0.17 0.207 0.207 0.207 0.192 0.192 0.171 0.171 0.16 0.16 0.182 0.182 0.182 0.1985 0.1985 0.2175 0.2175 0.1975 0.1975 0.1975 0.2125 0.2125 0.2095 0.2095 0.2575 0.2575 0.2575 0.249 0.249 0.268 0.268 0.2305 0.2305 0.2305 0.216 0.216 0.2205 0.2205 0.248 0.248 0.248 0.251 0.251 0.2375 0.2375 0.2535 0.2535 0.2635 0.2635 0.2635 0.2515 0.2515 0.259 0.259 0.237 0.237 0.237 0.2515 0.2515 0.252 0.252 0.2485 0.2485 0.2485 0.229 0.229 0.205 0.205 0.23 0.23 0.23 0.235 0.235 0.2425 0.2425
0.1515 0.17 0.17 0.207 0.207 0.207 0.192 0.192 0.171 0.171 0.16 0.16 0.182 0.182 0.182 0.1985 0.1985 0.2175 0.2175 0.1975 0.1975 0.1975 0.2125 0.2125 0.2095 0.2095 0.2575 0.2575 0.2575 0.249 0.249 0.268 0.268 0.2305 0.2305 0.2305 0.216 0.216 0.2205 0.2205 0.248 0.248 0.248 0.251 0.251 0.2375 0.2375 0.2535 0.2535 0.2635 0.2635 0.2635 0.2515 0.2515 0.259 0.259 0.237 0.237 0.237 0.2515 0.2515 0.252 0.252 0.2485 0.2485 0.2485 0.229 0.229 0.205 0.205 0.23 0.23 0.23 0.235 0.235 0.2425 0.2425
0.1515 0.17 0.17 0.207 0.207 0.207 0.192 0.192 0.171 0.171 0.16 0.16 0.182 0.182 0.182 0.1985 0.1985 0.2175 0.2175 0.1975 0.1975 0.1975 0.2125 0.2125 0.2095 0.2095 0.2575 0.2575 0.2575 0.249 0.249 0.268 0.268 0.2305 0.2305 0.2305 0.216 0.216 0.2205 0.2205 0.248 0.248 0.248 0.251 0.251 0.2375 0.2375 0.2535 0.2535 0.2635 0.2635 0.2635 0.2515 0.2515 0.259 0.259 0.237 0.237 0.237 0.2515 0.2515 0.252 0.252 0.2485 0.2485 0.2485 0.229 0.229 0.205 0.205 0.23 0.23 0.23 0.235 0.235 0.2425 0.2425
0.1695 0.191 0.191 0.2065 0.2065 0.2065 0.184 0.184 0.17 0.17 0.1535 0.1535 0.185 0.185 0.185 0.21 0.21 0.2175 0.2175 0.2245 0.2245 0.2245 0.247 0.247 0.252 0.252 0.2555 0.2555 0.2555 0.258 0.258 0.262 0.262 0.27 0.27 0.27 0.2685 0.2685 0.255 0.255 0.278 0.278 0.278 0.2775 0.2775 0.276 0.276 0.2825 0.2825 0.296 0.296 0.296 0.2905 0.2905 0.2835 0.2835 0.2495 0.2495 0.2495 0.2635 0.2635 0.26 0.26 0.242 0.242 0.242 0.234 0.234 0.2 0.2 0.233 0.233 0.233 0.256 0.256 0.259 0.259
0.1695 0.191 0.191 0.2065 0.2065 0.2065 0.184 0.184 0.17 0.17 0.1535 0.1535 0.185 0.185 0.185 0.21 0.21 0.2175 0.2175 0.2245 0.2245 0.2245 0.247 0.247 0.252 0.252 0.2555 0.2555 0.2555 0.258 0.258 0.262 0.262 0.27 0.27 0.27 0.2685 0.2685 0.255 0.255 0.278 0.278 0.278 0.2775 0.2775 0.276 0.276 0.2825 0.2825 0.296 0.296 0.296 0.2905 0.2905 0.2835 0.2835 0.2495 0.2495 0.2495 0.2635 0.2635 0.26 0.26 0.242 0.242 0.242 0.234 0.234 0.2 0.2 0.233 0.233 0.233 0.256 0.256 0.259 0.259
0.1315 0.1785 0.1785 0.204 0.204 0.204 0.17 0.17 0.147 0.147 0.1465 0.1465 0.1995 0.1995 0.1995 0.2315 0.2315 0.2355 0.2355 0.2405 0.2405 0.2405 0.242 0.242 0.25 0.25 0.237 0.237 0.237 0.262 0.262 0.2665 0.2665 0.258 0.258 0.258 0.277 0.277 0.2525 0.2525 0.274 0.274 0.274 0.278 0.278 0.269 0.269 0.27 0.27 0.2935 0.2935 0.2935 0.3165 0.3165 0.281 0.281 0.281 0.281 0.281 0.277 0.277 0.274 0.274 0.2775 0.2775 0.2775 0.249 0.249 0.2305 0.2305 0.2245 0.2245 0.2245 0.244 0.244 0.252 0.252
0.1315 0.1785 0.1785 0.204 0.204 0.204 0.17 0.17 0.147 0.147 0.1465 0.1465 0.1995 0.1995 0.1995 0.2315 0.2315 0.2355 0.2355 0.2405 0.2405 0.2405 0.242 0.242 0.25 0.25 0.237 0.237 0.237 0.262 0.262 0.2665 0.2665 0.258 0.258 0.258 0.277 0.277 0.2525 0.2525 0.274 0.274 0.274 0.278 0.278 0.269 0.269 0.27 0.27 0.2935 0.2935 0.2935 0.3165 0.3165 0.281 0.281 0.281 0.281 0.281 0.277 0.277 0.274 0.274 0.2775 0.2775 0.2775 0.249 0.249 0.2305 0.2305 0.2245 0.2245 0.2245 0.244 0.244 0.252 0.252
0.1305 0.144 0.144 0.182 0.182 0.182 0.1605 0.1605 0.146 0.146 0.171 0.171 0.1995 0.1995 0.1995 0.217 0.217 0.2195 0.2195 0.242 0.242 0.242 0.228 0.228 0.2575 0.2575 0.273 0.273 0.273 0.281 0.281 0.258 0.258 0.2795 0.2795 0.2795 0.2835 0.2835 0.2735 0.2735 0.2705 0.2705 0.2705 0.2665 0.2665 0.2595 0.2595 0.2505 0.2505 0.274 0.274 0.274 0.281 0.281 0.274 0.274 0.281 0.281 0.281 0.2935 0.2935 0.291 0.291 0.2745 0.2745 0.2745 0.281 0.281 0.2665 0.2665 0.278 0.278 0.278 0.2465 0.2465 0.252 0.252
0.1305 0.144 0.144 0.182 0.182 0.182 0.1605 0.1605 0.146 0.146 0.171 0.171 0.1995 0.1995 0.1995 0.217 0.217 0.2195 0.2195 0.242 0.242 0.242 0.228 0.228 0.2575 0.2575 0.273 0.273 0.273 0.281 0.281 0.258 0.258 0.2795 0.2795 0.2795 0.2835 0.2835 0.2735 0.2735 0.2705 0.2705 0.2705 0.2665 0.2665 0.2595 0.2595 0.2505 0.2505 0.274 0.274 0.274 0.281 0.281 0.274 0.274 0.281 0.281 0.281 0.2935 0.2935 0.291 0.291 0.2745 0.2745 0.2745 0.281 0.281 0.2665 0.2665 0.278 0.278 0.278 0.2465 0.2465 0.252 0.252
0.1245 0.1465 0.1465 0.1415 0.1415 0.1415 0.1525 0.1525 0.1485 0.1485 0.163 0.163 0.1985 0.1985 0.1985 0.209 0.209 0.2385 0.2385 0.2725 0.2725 0.2725 0.268 0.268 0.257 0.257 0.2615 0.2615 0.2615 0.263 0.263 0.2625 0.2625 0.263 0.263 0.263 0.271 0.271 0.251 0.251 0.273 0.273 0.273 0.2735 0.2735 0.2595 0.2595 0.2445 0.2445 0.2655 0.2655 0.2655 0.271 0.271 0.3275 0.3275 0.3175 0.3175 0.3175 0.305 0.305 0.2985 0.2985 0.3165 0.3165 0.3165 0.2945 0.2945 0.2845 0.2845 0.29 0.29 0.29 0.304 0.304 0.2965 0.2965
0.1245 0.1465 0.1465 0.1415 0.1415 0.1415 0.1525 0.1525 0.1485 0.1485 0.163 0.163 0.1985 0.1985 0.1985 0.209 0.209 0.2385 0.2385 0.2725 0.2725 0.2725 0.268 0.268 0.257 0.257 0.2615 0.2615 0.2615 0.263 0.263 0.2625 0.2625 0.263 0.263 0.263 0.271 0.271 0.251 0.251 0.273 0.273 0.273 0.2735 0.2735 0.2595 0.2595 0.2445 0.2445 0.2655 0.2655 0.2655 0.271 0.271 0.3275 0.3275 0.3175 0.3175 0.3175 0.305 0.305 0.2985 0.2985 0.3165 0.3165 0.3165 0.2945 0.2945 0.2845 0.2845 0.29 0.29 0.29 0.304 0.304 0.2965 0.2965
0.1245 0.1465 0.1465 0.1415 0.1415 0.1415 0.1525 0.1525 0.1485 0.1485 0.163 0.163 0.1985 0.1985 0.1985 0.209 0.209 0.2385 0.2385 0.2725 0.2725 0.2725 0.268 0.268 0.257 0.257 0.2615 0.2615 0.2615 0.263 0.263 0.2625 0.2625 0.263 0.263 0.263 0.271 0.271 0.251 0.251 0.273 0.273 0.273 0.2735 0.2735 0.2595 0.2595 0.2445 0.2445 0.2655 0.2655 0.2655 0.271 0.271 0.3275 0.3275 0.3175 0.3175 0.3175 0.305 0.305 0.2985 0.2985 0.3165 0.3165 0.3165 0.2945 0.2945 0.2845 0.2845 0.29 0.29 0.29 0.304 0.304 0.2965 0.2965
0.1285 0.147 0.147 0.149 0.149 0.149 0.1435 0.1435 0.158 0.158 0.2025 0.2025 0.211 0.211 0.211 0.235 0.235 0.263 0.263 0.2865 0.2865 0.2865 0.2805 0.2805 0.281 0.281 0.2445 0.2445 0.2445 0.2615 0.2615 0.2465 0.2465 0.271 0.271 0.271 0.238 0.238 0.2515 0.2515 0.259 0.259 0.259 0.2685 0.2685 0.272 0.272 0.2845 0.2845 0.337 0.337 0.337 0.3175 0.3175 0.283 0.283 0.306 0.306 0.306 0.2975 0.2975 0.321 0.321 0.325 0.325 0.325 0.319 0.319 0.301 0.301 0.314 0.314 0.314 0.308 0.308 0.3165 0.3165
0.1285 0.147 0.147 0.149 0.149 0.149 0.1435 0.1435 0.158 0.158 0.2025 0.2025 0.211 0.211 0.211 0.235 0.235 0.263 0.263 0.2865 0.2865 0.2865 0.2805 0.2805 0.281 0.281 0.2445 0.2445 0.2445 0.2615 0.2615 0.2465 0.2465 0.271 0.271 0.271 0.238 0.238 0.2515 0.2515 0.259 0.259 0.259 0.2685 0.2685 0.272 0.272 0.2845 0.2845 0.337 0.337 0.337 0.3175 0.3175 0.283 0.283 0.306 0.306 0.306 0.2975 0.2975 0.321 0.321 0.325 0.325 0.325 0.319 0.319 0.301 0.301 0.314 0.314 0.314 0.308 0.308 0.3165 0.3165
0.1505 0.1745 0.1745 0.1685 0.1685 0.1685 0.1505 0.1505 0.182 0.182 0.217 0.217 0.2315 0.2315 0.2315 0.255 0.255 0.3 0.3 0.315 0.315 0.315 0.3095 0.3095 0.2805 0.2805 0.251 0.251 0.251 0.2795 0.2795 0.251 0.251 0.258 0.258 0.258 0.2565 0.2565 0.2635 0.2635 0.2735 0.2735 0.2735 0.2815 0.2815 0.27 0.27 0.2985 0.2985 0.3075 0.3075 0.3075 0.309 0.309 0.28 0.28 0.287 0.287 0.287 0.299 0.299 0.319 0.319 0.313 0.313 0.313 0.332 0.332 0.32 0.32 0.315 0.315 0.315 0.324 0.324 0.3145 0.3145
0.1505 0.1745 0.1745 0.1685 0.1685 0.1685 0.1505 0.1505 0.182 0.182 0.217 0.217 0.2315 0.2315 0.2315 0.255 0.255 0.3 0.3 0.315 0.315 0.315 0.3095 0.3095 0.2805 0.2805 0.251 0.251 0.251 0.2795 0.2795 0.251 0.251 0.258 0.258 0.258 0.2565 0.2565 0.2635 0.2635 0.2735 0.2735 0.2735 0.2815 0.2815 0.27 0.27 0.2985 0.2985 0.3075 0.3075 0.3075 0.309 0.309 0.28 0.28 0.287 0.287 0.287 0.299 0.299 0.319 0.319 0.313 0.313 0.313 0.332 0.332 0.32 0.32 0.315 0.315 0.315 0.324 0.324 0.3145 0.3145
0.167 0.19 0.19 0.1925 0.1925 0.1925 0.177 0.177 0.188 0.188 0.25 0.25 0.263 0.263 0.263 0.283 0.283 0.3255 0.3255 0.332 0.332 0.332 0.287 0.287 0.282 0.282 0.264 0.264 0.264 0.2625 0.2625 0.248 0.248 0.266 0.266 0.266 0.2535 0.2535 0.257 0.257 0.2795 0.2795 0.2795 0.296 0.296 0.2845 0.2845 0.2615 0.2615 0.2795 0.2795 0.2795 0.301 0.301 0.316 0.316 0.31 0.31 0.31 0.3035 0.3035 0.2935 0.2935 0.315 0.315 0.315 0.3235 0.3235 0.326 0.326 0.3285 0.3285 0.3285 0.3175 0.3175 0.303 0.303
0.167 0.19 0.19 0.1925 0.1925 0.1925 0.177 0.177 0.188 0.188 0.25 0.25 0.263 0.263 0.263 0.283 0.283 0.3255 0.3255 0.332 0.332 0.332 0.287 0.287 0.282 0.282 0.264 0.264 0.264 0.2625 0.2625 0.248 0.248 0.266 0.266 0.266 0.2535 0.2535 0.257 0.257 0.2795 0.2795 0.2795 0.296 0.296 0.2845 0.2845 0.2615 0.2615 0.2795 0.2795 0.2795 0.301 0.301 0.316 0.316 0.31 0.31 0.31 0.3035 0.3035 0.2935 0.2935 0.315 0.315 0.315 0.3235 0.3235 0.326 0.326 0.3285 0.3285 0.3285 0.3175 0.3175 0.303 0.303
0.167 0.19 0.19 0.1925 0.1925 0.1925 0.177 0.177 0.188 0.188 0.25 0.25 0.263 0.263 0.263 0.283 0.283 0.3255 0.3255 0.332 0.332 0.332 0.287 0.287 0.282 0.282 0.264 0.264 0.264 0.2625 0.2625 0.248 0.248 0.266 0.266 0.266 0.2535 0.2535 0.257 0.257 0.2795 0.2795 0.2795 0.296 0.296 0.2845 0.2845 0.2615 0.2615 0.2795 0.2795 0.2795 0.301 0.301 0.316 0.316 0.31 0.31 0.31 0.3035 0.3035 0.2935 0.2935 0.315 0.315 0.315 0.3235 0.3235 0.326 0.326 0.3285 0.3285 0.3285 0.3175 0.3175 0.303 0.303
0.199 0.2025 0.2025 0.2045 0.2045 0.2045 0.2025 0.2025 0.216 0.216 0.2735 0.2735 0.2905 0.2905 0.2905 0.3085 0.3085 0.3605 0.3605 0.393 0.393 0.393 0.3125 0.3125 0.277 0.277 0.254 0.254 0.254 0.2595 0.2595 0.2715 0.2715 0.2635 0.2635 0.2635 0.2685 0.2685 0.292 0.292 0.301 0.301 0.301 0.294 0.294 0.284 0.284 0.281 0.281 0.3165 0.3165 0.3165 0.3045 0.3045 0.297 0.297 0.303 0.303 0.303 0.2985 0.2985 0.304 0.304 0.3055 0.3055 0.3055 0.306 0.306 0.2865 0.2865 0.297 0.297 0.297 0.277 0.277 0.2705 0.2705
0.199 0.2025 0.2025 0.2045 0.2045 0.2045 0.2025 0.2025 0.216 0.216 0.2735 0.2735 0.2905 0.2905 0.2905 0.3085 0.3085 0.3605 0.3605 0.393 0.393 0.393 0.3125 0.3125 0.277 0.277 0.254 0.254 0.254 0.2595 0.2595 0.2715 0.2715 0.2635 0.2635 0.2635 0.2685 0.2685 0.292 0.292 0.301 0.301 0.301 0.294 0.294 0.284 0.284 0.281 0.281 0.3165 0.3165 0.3165 0.3045 0.3045 0.297 0.297 0.303 0.303 0.303 0.2985 0.2985 0.304 0.304 0.3055 0.3055 0.3055 0.306 0.306 0.2865 0.2865 0.297 0.297 0.297 0.277 0.277 0.2705 0.2705
0.2255 0.2075 0.2075 0.215 0.215 0.215 0.2185 0.2185 0.198 0.198 0.2875 0.2875 0.3055 0.3055 0.3055 0.308 0.308 0.3575 0.3575 0.358 0.358 0.358 0.3385 0.3385 0.3085 0.3085 0.2555 0.2555 0.2555 0.244 0.244 0.2705 0.2705 0.2655 0.2655 0.2655 0.3 0.3 0.294 0.294 0.296 0.296 0.296 0.305 0.305 0.278 0.278 0.293 0.293 0.295 0.295 0.295 0.2965 0.2965 0.2905 0.2905 0.3015 0.3015 0.3015 0.287 0.287 0.2735 0.2735 0.2735 0.2735 0.2735 0.308 0.308 0.319 0.319 0.304 0.304 0.304 0.2945 0.2945 0.291 0.291
0.2255 0.2075 0.2075 0.215 0.215 0.215 0.2185 0.2185 0.198 0.198 0.2875 0.2875 0.3055 0.3055 0.3055 0.308 0.308 0.3575 0.3575 0.358 0.358 0.358 0.3385 0.3385 0.3085 0.3085 0.2555 0.2555 0.2555 0.244 0.244 0.2705 0.2705 0.2655 0.2655 0.2655 0.3 0.3 0.294 0.294 0.296 0.296 0.296 0.305 0.305 0.278 0.278 0.293 0.293 0.295 0.295 0.295 0.2965 0.2965 0.2905 0.2905 0.3015 0.3015 0.3015 0.287 0.287 0.2735 0.2735 0.2735 0.2735 0.2735 0.308 0.308 0.319 0.319 0.304 0.304 0.304 0.2945 0.2945 0.291 0.291
0.2575 0.2115 0.2115 0.2305 0.2305 0.2305 0.2585 0.2585 0.234 0.234 0.2785 0.2785 0.28 0.28 0.28 0.3005 0.3005 0.304 0.304 0.2925 0.2925 0.2925 0.262 0.262 0.243 0.243 0.26 0.26 0.26 0.2645 0.2645 0.253 0.253 0.2805 0.2805 0.2805 0.256 0.256 0.2635 0.2635 0.2665 0.2665 0.2665 0.2735 0.2735 0.2975 0.2975 0.294 0.294 0.273 0.273 0.273 0.274 0.274 0.285 0.285 0.284 0.284 0.284 0.279 0.279 0.268 0.268 0.2735 0.2735 0.2735 0.291 0.291 0.3125 0.3125 0.3055 0.3055 0.3055 0.287 0.287 0.312 0.312
0.2575 0.2115 0.2115 0.2305 0.2305 0.2305 0.2585 0.2585 0.234 0.234 0.2785 0.2785 0.28 0.28 0.28 0.3005 0.3005 0.304 0.304 0.2925 0.2925 0.2925 0.262 0.262 0.243 0.243 0.26 0.26 0.26 0.2645 0.2645 0.253 0.253 0.2805 0.2805 0.2805 0.256 0.256 0.2635 0.2635 0.2665 0.2665 0.2665 0.2735 0.2735 0.2975 0.2975 0.294 0.294 0.273 0.273 0.273 0.274 0.274 0.285 0.285 0.284 0.284 0.284 0.279 0.279 0.268 0.268 0.2735 0.2735 0.2735 0.291 0.291 0.3125 0.3125 0.3055 0.3055 0.3055 0.287 0.287 0.312 0.312
0.2575 0.2115 0.2115 0.2305 0.2305 0.2305 0.2585 0.2585 0.234 0.234 0.2785 0.2785 0.28 0.28 0.28 0.3005 0.3005 0.304 0.304 0.2925 0.2925 0.2925 0.262 0.262 0.243 0.243 0.26 0.26 0.26 0.2645 0.2645 0.253 0.253 0.2805 0.2805 0.2805 0.256 0.256 0.2635 0.2635 0.2665 0.2665 0.2665 0.2735 0.2735 0.2975 0.2975 0.294 0.294 0.273 0.273 0.273 0.274 0.274 0.285 0.285 0.284 0.284 0.284 0.279 0.279 0.268 0.268 0.2735 0.2735 0.2735 0.291 0.291 0.3125 0.3125 0.3055 0.3055 0.3055 0.287 0.287 0.312 0.312
0.226 0.2515 0.2515 0.2475 0.2475 0.2475 0.243 0.243 0.239 0.239 0.234 0.234 0.248 0.248 0.248 0.263 0.263 0.275 0.275 0.265 0.265 0.265 0.2445 0.2445 0.238 0.238 0.2575 0.2575 0.2575 0.2745 0.2745 0.293 0.293 0.2725 0.2725 0.2725 0.2375 0.2375 0.252 0.252 0.2605 0.2605 0.2605 0.3105 0.3105 0.274 0.274 0.289 0.289 0.261 0.261 0.261 0.2705 0.2705 0.263 0.263 0.3175 0.3175 0.3175 0.291 0.291 0.258 0.258 0.27 0.27 0.27 0.286 0.286 0.294 0.294 0.317 0.317 0.317 0.3315 0.3315 0.3235 0.3235
0.226 0.2515 0.2515 0.2475 0.2475 0.2475 0.243 0.243 0.239 0.239 0.234 0.234 0.248 0.248 0.248 0.263 0.263 0.275 0.275 0.265 0.265 0.265 0.2445 0.2445 0.238 0.238 0.2575 0.2575 0.2575 0.2745 0.2745 0.293 0.293 0.2725 0.2725 0.2725 0.2375 0.2375 0.252 0.252 0.2605 0.2605 0.2605 0.3105 0.3105 0.274 0.274 0.289 0.289 0.261 0.261 0.261 0.2705 0.2705 0.263 0.263 0.3175 0.3175 0.3175 0.291 0.291 0.258 0.258 0.27 0.27 0.27 0.286 0.286 0.294 0.294 0.317 0.317 0.317 0.3315 0.3315 0.3235 0.3235
0.3295 0.2655 0.2655 0.271 0.271 0.271 0.229 0.229 0.2435 0.2435 0.2585 0.2585 0.2615 0.2615 0.2615 0.2535 0.2535 0.2865 0.2865 0.3135 0.3135 0.3135 0.3155 0.3155 0.2735 0.2735 0.2975 0.2975 0.2975 0.296 0.296 0.2905 0.2905 0.27 0.27 0.27 0.2565 0.2565 0.238 0.238 0.268 0.268 0.268 0.2855 0.2855 0.2925 0.2925 0.2655 0.2655 0.238 0.238 0.238 0.2545 0.2545 0.242 0.242 0.2865 0.2865 0.2865 0.272 0.272 0.2665 0.2665 0.27 0.27 0.27 0.2755 0.2755 0.303 0.303 0.3315 0.3315 0.3315 0.336 0.336 0.3115 0.3115
0.3295 0.2655 0.2655 0.271 0.271 0.271 0.229 0.229 0.2435 0.2435 0.2585 0.2585 0.2615 0.2615 0.2615 0.2535 0.2535 0.2865 0.2865 0.3135 0.3135 0.3135 0.3155 0.3155 0.2735 0.2735 0.2975 0.2975 0.2975 0.296 0.296 0.2905 0.2905 0.27 0.27 0.27 0.2565 0.2565 0.238 0.238 0.268 0.268 0.268 0.2855 0.2855 0.2925 0.2925 0.2655 0.2655 0.238 0.238 0.238 0.2545 0.2545 0.242 0.242 0.2865 0.2865 0.2865 0.272 0.272 0.2665 0.2665 0.27 0.27 0.27 0.2755 0.2755 0.303 0.303 0.3315 0.3315 0.3315 0.336 0.336 0.3115 0.3115
0.3305 0.281 0.281 0.296 0.296 0.296 0.2255 0.2255 0.2385 0.2385 0.2645 0.2645 0.2715 0.2715 0.2715 0.2945 0.2945 0.292 0.292 0.314 0.314 0.314 0.306 0.306 0.292 0.292 0.2995 0.2995 0.2995 0.294 0.294 0.293 0.293 0.2915 0.2915 0.2915 0.269 0.269 0.258 0.258 0.285 0.285 0.285 0.283 0.283 0.2895 0.2895 0.285 0.285 0.2605 0.2605 0.2605 0.243 0.243 0.2865 0.2865 0.334 0.334 0.334 0.2745 0.2745 0.274 0.274 0.306 0.306 0.306 0.309 0.309 0.314 0.314 0.29 0.29 0.29 0.306 0.306 0.313 0.313
0.3305 0.281 0.281 0.296 0.296 0.296 0.2255 0.2255 0.2385 0.2385 0.2645 0.2645 0.2715 0.2715 0.2715 0.2945 0.2945 0.292 0.292 0.314 0.314 0.314 0.306 0.306 0.292 0.292 0.2995 0.2995 0.2995 0.294 0.294 0.293 0.293 0.2915 0.2915 0.2915 0.269 0.269 0.258 0.258 0.285 0.285 0.285 0.283 0.283 0.2895 0.2895 0.285 0.285 0.2605 0.2605 0.2605 0.243 0.243 0.2865 0.2865 0.334 0.334 0.334 0.2745 0.2745 0.274 0.274 0.306 0.306 0.306 0.309 0.309 0.314 0.314 0.29 0.29 0.29 0.306 0.306 0.313 0.313
0.2745 0.2605 0.2605 0.2695 0.2695 0.2695 0.2485 0.2485 0.2485 0.2485 0.2745 0.2745 0.2845 0.2845 0.2845 0.288 0.288 0.282 0.282 0.289 0.289 0.289 0.2915 0.2915 0.305 0.305 0.307 0.307 0.307 0.307 0.307 0.2985 0.2985 0.293 0.293 0.293 0.311 0.311 0.301 0.301 0.295 0.295 0.295 0.2925 0.2925 0.308 0.308 0.299 0.299 0.296 0.296 0.296 0.2745 0.2745 0.3295 0.3295 0.3585 0.3585 0.3585 0.2455 0.2455 0.319 0.319 0.31 0.31 0.31 0.337 0.337 0.296 0.296 0.282 0.282 0.282 0.297 0.297 0.2745 0.2745
0.2745 0.2605 0.2605 0.2695 0.2695 0.2695 0.2485 0.2485 0.2485 0.2485 0.2745 0.2745 0.2845 0.2845 0.2845 0.288 0.288 0.282 0.282 0.289 0.289 0.289 0.2915 0.2915 0.305 0.305 0.307 0.307 0.307 0.307 0.307 0.2985 0.2985 0.293 0.293 0.293 0.311 0.311 0.301 0.301 0.295 0.295 0.295 0.2925 0.2925 0.308 0.308 0.299 0.299 0.296 0.296 0.296 0.2745 0.2745 0.3295 0.3295 0.3585 0.3585 0.3585 0.2455 0.2455 0.319 0.319 0.31 0.31 0.31 0.337 0.337 0.296 0.296 0.282 0.282 0.282 0.297 0.297 0.2745 0.2745
