ndvi/NOAA-239.asc
ncols         252
nrows         154
xllcorner     -18.017974
yllcorner     13.481982
cellsize      0.035948
NODATA_value  -9999
[rows 68 to 101 of 154, columns 0 to 76 of 252]
-1 -1 -1 -1 -1 -1 -1 -1 -1 -1 -1 -1 -1 -1 -1 -1 -1 -1 -1 -1 -1 -1 -1 -1 -1 -1 -1 -1 -1 -1 -1 -1 -1 -1 -1 -1 -1 -1 -1 0.211 0.211 0.211 0.3515 0.3515 0.4625 0.4625 0.5555 0.5555 0.5555 0.549 0.549 0.339 0.339 0.4085 0.4085 0.3885 0.3885 0.3885 0.48 0.48 0.388 0.388 0.388 0.388 0.388 0.421 0.421 0.322 0.322 0.2655 0.2655 0.2655 0.234 0.234 0.2255 0.2255 0.2175
-1 -1 -1 -1 -1 -1 -1 -1 -1 -1 -1 -1 -1 -1 -1 -1 -1 -1 -1 -1 -1 -1 -1 -1 -1 -1 -1 -1 -1 -1 -1 -1 -1 -1 -1 -1 -1 -1 -1 0.252 0.252 0.252 0.369 0.369 0.444 0.444 0.41 0.41 0.41 0.405 0.405 0.372 0.372 0.3495 0.3495 0.3395 0.3395 0.3395 0.4525 0.4525 0.3875 0.3875 0.3875 0.3875 0.3875 0.3255 0.3255 0.2765 0.2765 0.244 0.244 0.244 0.237 0.237 0.2395 0.2395 0.2385
-1 -1 -1 -1 -1 -1 -1 -1 -1 -1 -1 -1 -1 -1 -1 -1 -1 -1 -1 -1 -1 -1 -1 -1 -1 -1 -1 -1 -1 -1 -1 -1 -1 -1 -1 -1 -1 -1 -1 0.252 0.252 0.252 0.369 0.369 0.444 0.444 0.41 0.41 0.41 0.405 0.405 0.372 0.372 0.3495 0.3495 0.3395 0.3395 0.3395 0.4525 0.4525 0.3875 0.3875 0.3875 0.3875 0.3875 0.3255 0.3255 0.2765 0.2765 0.244 0.244 0.244 0.237 0.237 0.2395 0.2395 0.2385
-1 -1 -1 -1 -1 -1 -1 -1 -1 -1 -1 -1 -1 -1 -1 -1 -1 -1 -1 -1 -1 -1 -1 -1 -1 -1 -1 -1 -1 -1 -1 -1 -1 -1 -1 -1 -1 0.1205 0.1205 0.207 0.207 0.207 0.3475 0.3475 0.4475 0.4475 0.3455 0.3455 0.3455 0.317 0.317 0.275 0.275 0.289 0.289 0.2635 0.2635 0.2635 0.2475 0.2475 0.3375 0.3375 0.3375 0.3375 0.3375 0.287 0.287 0.2825 0.2825 0.26 0.26 0.26 0.2415 0.2415 0.245 0.245 0.239
-1 -1 -1 -1 -1 -1 -1 -1 -1 -1 -1 -1 -1 -1 -1 -1 -1 -1 -1 -1 -1 -1 -1 -1 -1 -1 -1 -1 -1 -1 -1 -1 -1 -1 -1 -1 -1 0.1205 0.1205 0.207 0.207 0.207 0.3475 0.3475 0.4475 0.4475 0.3455 0.3455 0.3455 0.317 0.317 0.275 0.275 0.289 0.289 0.2635 0.2635 0.2635 0.2475 0.2475 0.3375 0.3375 0.3375 0.3375 0.3375 0.287 0.287 0.2825 0.2825 0.26 0.26 0.26 0.2415 0.2415 0.245 0.245 0.239
-1 -1 -1 -1 -1 -1 -1 -1 -1 -1 -1 -1 -1 -1 -1 -1 -1 -1 -1 -1 -1 -1 -1 -1 -1 -1 -1 -1 -1 -1 -1 -1 -1 -1 -1 -1 -1 0.1205 0.1205 0.207 0.207 0.207 0.3475 0.3475 0.4475 0.4475 0.3455 0.3455 0.3455 0.317 0.317 0.275 0.275 0.289 0.289 0.2635 0.2635 0.2635 0.2475 0.2475 0.3375 0.3375 0.3375 0.3375 0.3375 0.287 0.287 0.2825 0.2825 0.26 0.26 0.26 0.2415 0.2415 0.245 0.245 0.239
-1 -1 -1 -1 -1 -1 -1 -1 -1 -1 -1 -1 -1 -1 -1 -1 -1 -1 -1 -1 -1 -1 -1 -1 -1 -1 -1 -1 -1 -1 -1 -1 -1 -1 -1 -1 -1 0.0355 0.0355 0.1825 0.1825 0.1825 0.3655 0.3655 0.379 0.379 0.2665 0.2665 0.2665 0.262 0.262 0.262 0.262 0.201 0.201 0.287 0.287 0.287 0.291 0.291 0.3215 0.3215 0.3215 0.3215 0.3215 0.3085 0.3085 0.2805 0.2805 0.2665 0.2665 0.2665 0.257 0.257 0.24 0.24 0.251
-1 -1 -1 -1 -1 -1 -1 -1 -1 -1 -1 -1 -1 -1 -1 -1 -1 -1 -1 -1 -1 -1 -1 -1 -1 -1 -1 -1 -1 -1 -1 -1 -1 -1 -1 -1 -1 0.0355 0.0355 0.1825 0.1825 0.1825 0.3655 0.3655 0.379 0.379 0.2665 0.2665 0.2665 0.262 0.262 0.262 0.262 0.201 0.201 0.287 0.287 0.287 0.291 0.291 0.3215 0.3215 0.3215 0.3215 0.3215 0.3085 0.3085 0.2805 0.2805 0.2665 0.2665 0.2665 0.257 0.257 0.24 0.24 0.251
-1 -1 -1 -1 -1 -1 -1 -1 -1 -1 -1 -1 -1 -1 -1 -1 -1 -1 -1 -1 -1 -1 -1 -1 -1 -1 -1 -1 -1 -1 -1 -1 -1 -1 -1 -1 -1 0.008 0.008 0.1905 0.1905 0.1905 0.3335 0.3335 0.335 0.335 0.2925 0.2925 0.2925 0.282 0.282 0.24 0.24 0.2675 0.2675 0.2805 0.2805 0.2805 0.2895 0.2895 0.268 0.268 0.268 0.268 0.268 0.2615 0.2615 0.262 0.262 0.251 0.251 0.251 0.2415 0.2415 0.2395 0.2395 0.241
-1 -1 -1 -1 -1 -1 -1 -1 -1 -1 -1 -1 -1 -1 -1 -1 -1 -1 -1 -1 -1 -1 -1 -1 -1 -1 -1 -1 -1 -1 -1 -1 -1 -1 -1 -1 -1 0.008 0.008 0.1905 0.1905 0.1905 0.3335 0.3335 0.335 0.335 0.2925 0.2925 0.2925 0.282 0.282 0.24 0.24 0.2675 0.2675 0.2805 0.2805 0.2805 0.2895 0.2895 0.268 0.268 0.268 0.268 0.268 0.2615 0.2615 0.262 0.262 0.251 0.251 0.251 0.2415 0.2415 0.2395 0.2395 0.241
-1 -1 -1 -1 -1 -1 -1 -1 -1 -1 -1 -1 -1 -1 -1 -1 -1 -1 -1 -1 -1 -1 -1 -1 -1 -1 -1 -1 -1 -1 -1 -1 -1 -1 -1 -1 -1 0.0261 0.0261 0.219 0.219 0.219 0.275 0.275 0.2975 0.2975 0.2735 0.2735 0.2735 0.253 0.253 0.247 0.247 0.2805 0.2805 0.2665 0.2665 0.2665 0.2535 0.2535 0.2455 0.2455 0.2455 0.2455 0.2455 0.2395 0.2395 0.254 0.254 0.2545 0.2545 0.2545 0.2575 0.2575 0.2465 0.2465 0.2275
-1 -1 -1 -1 -1 -1 -1 -1 -1 -1 -1 -1 -1 -1 -1 -1 -1 -1 -1 -1 -1 -1 -1 -1 -1 -1 -1 -1 -1 -1 -1 -1 -1 -1 -1 -1 -1 0.0261 0.0261 0.219 0.219 0.219 0.275 0.275 0.2975 0.2975 0.2735 0.2735 0.2735 0.253 0.253 0.247 0.247 0.2805 0.2805 0.2665 0.2665 0.2665 0.2535 0.2535 0.2455 0.2455 0.2455 0.2455 0.2455 0.2395 0.2395 0.254 0.254 0.2545 0.2545 0.2545 0.2575 0.2575 0.2465 0.2465 0.2275
-1 -1 -1 -1 -1 -1 -1 -1 -1 -1 -1 -1 -1 -1 -1 -1 -1 -1 -1 -1 -1 -1 -1 -1 -1 -1 -1 -1 -1 -1 -1 -1 -1 -1 -1 -1 -1 0.1055 0.1055 0.248 0.248 0.248 0.2935 0.2935 0.286 0.286 0.262 0.262 0.262 0.2345 0.2345 0.251 0.251 0.2505 0.2505 0.255 0.255 0.255 0.228 0.228 0.2155 0.2155 0.2155 0.2155 0.2155 0.224 0.224 0.2395 0.2395 0.2435 0.2435 0.2435 0.2465 0.2465 0.2385 0.2385 0.229
-1 -1 -1 -1 -1 -1 -1 -1 -1 -1 -1 -1 -1 -1 -1 -1 -1 -1 -1 -1 -1 -1 -1 -1 -1 -1 -1 -1 -1 -1 -1 -1 -1 -1 -1 -1 -1 0.1055 0.1055 0.248 0.248 0.248 0.2935 0.2935 0.286 0.286 0.262 0.262 0.262 0.2345 0.2345 0.251 0.251 0.2505 0.2505 0.255 0.255 0.255 0.228 0.228 0.2155 0.2155 0.2155 0.2155 0.2155 0.224 0.224 0.2395 0.2395 0.2435 0.2435 0.2435 0.2465 0.2465 0.2385 0.2385 0.229
-1 -1 -1 -1 -1 -1 -1 -1 -1 -1 -1 -1 -1 -1 -1 -1 -1 -1 -1 -1 -1 -1 -1 -1 -1 -1 -1 -1 -1 -1 -1 -1 -1 -1 -1 -1 -1 0.1055 0.1055 0.248 0.248 0.248 0.2935 0.2935 0.286 0.286 0.262 0.262 0.262 0.2345 0.2345 0.251 0.251 0.2505 0.2505 0.255 0.255 0.255 0.228 0.228 0.2155 0.2155 0.2155 0.2155 0.2155 0.224 0.224 0.2395 0.2395 0.2435 0.2435 0.2435 0.2465 0.2465 0.2385 0.2385 0.229
-1 -1 -1 -1 -1 -1 -1 -1 -1 -1 -1 -1 -1 -1 -1 -1 -1 -1 -1 -1 -1 -1 -1 -1 -1 -1 -1 -1 -1 -1 -1 -1 -1 -1 -1 -1 -1 0.1335 0.1335 0.231 0.231 0.231 0.296 0.296 0.2585 0.2585 0.2535 0.2535 0.2535 0.26 0.26 0.257 0.257 0.265 0.265 0.2485 0.2485 0.2485 0.238 0.238 0.197 0.197 0.197 0.197 0.197 0.2235 0.2235 0.229 0.229 0.243 0.243 0.243 0.2535 0.2535 0.249 0.249 0.2415
-1 -1 -1 -1 -1 -1 -1 -1 -1 -1 -1 -1 -1 -1 -1 -1 -1 -1 -1 -1 -1 -1 -1 -1 -1 -1 -1 -1 -1 -1 -1 -1 -1 -1 -1 -1 -1 0.1335 0.1335 0.231 0.231 0.231 0.296 0.296 0.2585 0.2585 0.2535 0.2535 0.2535 0.26 0.26 0.257 0.257 0.265 0.265 0.2485 0.2485 0.2485 0.238 0.238 0.197 0.197 0.197 0.197 0.197 0.2235 0.2235 0.229 0.229 0.243 0.243 0.243 0.2535 0.2535 0.249 0.249 0.2415
-1 -1 -1 -1 -1 -1 -1 -1 -1 -1 -1 -1 -1 -1 -1 -1 -1 -1 -1 -1 -1 -1 -1 -1 -1 -1 -1 -1 -1 -1 -1 -1 -1 -1 -1 -1 -1 0.1255 0.1255 0.2725 0.2725 0.2725 0.2755 0.2755 0.244 0.244 0.249 0.249 0.249 0.255 0.255 0.2645 0.2645 0.272 0.272 0.243 0.243 0.243 0.2605 0.2605 0.2685 0.2685 0.2685 0.2685 0.2685 0.264 0.264 0.2515 0.2515 0.2545 0.2545 0.2545 0.264 0.264 0.283 0.283 0.2905
-1 -1 -1 -1 -1 -1 -1 -1 -1 -1 -1 -1 -1 -1 -1 -1 -1 -1 -1 -1 -1 -1 -1 -1 -1 -1 -1 -1 -1 -1 -1 -1 -1 -1 -1 -1 -1 0.1255 0.1255 0.2725 0.2725 0.2725 0.2755 0.2755 0.244 0.244 0.249 0.249 0.249 0.255 0.255 0.2645 0.2645 0.272 0.272 0.243 0.243 0.243 0.2605 0.2605 0.2685 0.2685 0.2685 0.2685 0.2685 0.264 0.264 0.2515 0.2515 0.2545 0.2545 0.2545 0.264 0.264 0.283 0.283 0.2905
-1 -1 -1 -1 -1 -1 -1 -1 -1 -1 -1 -1 -1 -1 -1 -1 -1 -1 -1 -1 -1 -1 -1 -1 -1 -1 -1 -1 -1 -1 -1 -1 -1 -1 -1 0.1135 0.1135 0.2925 0.2925 0.274 0.274 0.274 0.2705 0.2705 0.2455 0.2455 0.251 0.251 0.251 0.278 0.278 0.2845 0.2845 0.268 0.268 0.2625 0.2625 0.2625 0.271 0.271 0.262 0.262 0.262 0.262 0.262 0.2665 0.2665 0.267 0.267 0.2685 0.2685 0.2685 0.2745 0.2745 0.2885 0.2885 0.281
-1 -1 -1 -1 -1 -1 -1 -1 -1 -1 -1 -1 -1 -1 -1 -1 -1 -1 -1 -1 -1 -1 -1 -1 -1 -1 -1 -1 -1 -1 -1 -1 -1 -1 -1 0.1135 0.1135 0.2925 0.2925 0.274 0.274 0.274 0.2705 0.2705 0.2455 0.2455 0.251 0.251 0.251 0.278 0.278 0.2845 0.2845 0.268 0.268 0.2625 0.2625 0.2625 0.271 0.271 0.262 0.262 0.262 0.262 0.262 0.2665 0.2665 0.267 0.267 0.2685 0.2685 0.2685 0.2745 0.2745 0.2885 0.2885 0.281
-1 -1 -1 -1 -1 -1 -1 -1 -1 -1 -1 -1 -1 -1 -1 -1 -1 -1 -1 -1 -1 -1 -1 -1 -1 -1 -1 -1 -1 -1 -1 -1 -1 -1 -1 0.1135 0.1135 0.2925 0.2925 0.274 0.274 0.274 0.2705 0.2705 0.2455 0.2455 0.251 0.251 0.251 0.278 0.278 0.2845 0.2845 0.268 0.268 0.2625 0.2625 0.2625 0.271 0.271 0.262 0.262 0.262 0.262 0.262 0.2665 0.2665 0.267 0.267 0.2685 0.2685 0.2685 0.2745 0.2745 0.2885 0.2885 0.281
-1 -1 -1 -1 -1 -1 -1 -1 -1 -1 -1 -1 -1 -1 -1 -1 -1 -1 -1 -1 -1 -1 -1 -1 -1 -1 -1 -1 -1 -1 -1 -1 -1 -1 -1 0.1515 0.1515 0.2795 0.2795 0.2895 0.2895 0.2895 0.274 0.274 0.292 0.292 0.269 0.269 0.269 0.297 0.297 0.2965 0.2965 0.298 0.298 0.273 0.273 0.273 0.284 0.284 0.268 0.268 0.268 0.268 0.268 0.286 0.286 0.311 0.311 0.292 0.292 0.292 0.2955 0.2955 0.216 0.216 0.272
-1 -1 -1 -1 -1 -1 -1 -1 -1 -1 -1 -1 -1 -1 -1 -1 -1 -1 -1 -1 -1 -1 -1 -1 -1 -1 -1 -1 -1 -1 -1 -1 -1 -1 -1 0.1515 0.1515 0.2795 0.2795 0.2895 0.2895 0.2895 0.274 0.274 0.292 0.292 0.269 0.269 0.269 0.297 0.297 0.2965 0.2965 0.298 0.298 0.273 0.273 0.273 0.284 0.284 0.268 0.268 0.268 0.268 0.268 0.286 0.286 0.311 0.311 0.292 0.292 0.292 0.2955 0.2955 0.216 0.216 0.272
-1 -1 -1 -1 -1 -1 -1 -1 -1 -1 -1 -1 -1 -1 -1 -1 -1 -1 -1 -1 -1 -1 -1 -1 -1 -1 -1 -1 -1 -1 -1 -1 0.095 0.095 0.095 0.2725 0.2725 0.293 0.293 0.2965 0.2965 0.2965 0.293 0.293 0.3035 0.3035 0.277 0.277 0.277 0.296 0.296 0.308 0.308 0.3 0.3 0.28 0.28 0.28 0.2895 0.2895 0.2875 0.2875 0.2875 0.2875 0.2875 0.3005 0.3005 0.3115 0.3115 0.298 0.298 0.298 0.246 0.246 0.2385 0.2385 0.2805
-1 -1 -1 -1 -1 -1 -1 -1 -1 -1 -1 -1 -1 -1 -1 -1 -1 -1 -1 -1 -1 -1 -1 -1 -1 -1 -1 -1 -1 -1 -1 -1 0.095 0.095 0.095 0.2725 0.2725 0.293 0.293 0.2965 0.2965 0.2965 0.293 0.293 0.3035 0.3035 0.277 0.277 0.277 0.296 0.296 0.308 0.308 0.3 0.3 0.28 0.28 0.28 0.2895 0.2895 0.2875 0.2875 0.2875 0.2875 0.2875 0.3005 0.3005 0.3115 0.3115 0.298 0.298 0.298 0.246 0.246 0.2385 0.2385 0.2805
-1 -1 -1 -1 -1 -1 -1 -1 -1 -1 -1 -1 -1 -1 -1 -1 -1 -1 -1 -1 -1 -1 -1 -1 -1 -1 -1 -1 -1 -1 0.0805 0.0805 0.306 0.306 0.306 0.289 0.289 0.288 0.288 0.2745 0.2745 0.2745 0.3005 0.3005 0.3085 0.3085 0.2665 0.2665 0.2665 0.3045 0.3045 0.305 0.305 0.308 0.308 0.2965 0.2965 0.2965 0.2815 0.2815 0.2985 0.2985 0.2985 0.2985 0.2985 0.297 0.297 0.3015 0.3015 0.319 0.319 0.319 0.2755 0.2755 0.2965 0.2965 0.2945
-1 -1 -1 -1 -1 -1 -1 -1 -1 -1 -1 -1 -1 -1 -1 -1 -1 -1 -1 -1 -1 -1 -1 -1 -1 -1 -1 -1 -1 -1 0.0805 0.0805 0.306 0.306 0.306 0.289 0.289 0.288 0.288 0.2745 0.2745 0.2745 0.3005 0.3005 0.3085 0.3085 0.2665 0.2665 0.2665 0.3045 0.3045 0.305 0.305 0.308 0.308 0.2965 0.2965 0.2965 0.2815 0.2815 0.2985 0.2985 0.2985 0.2985 0.2985 0.297 0.297 0.3015 0.3015 0.319 0.319 0.319 0.2755 0.2755 0.2965 0.2965 0.2945
-1 -1 -1 -1 -1 -1 -1 -1 -1 -1 -1 -1 -1 -1 -1 -1 -1 -1 -1 -1 -1 -1 -1 -1 -1 -1 -1 -1 -1 -1 0.0805 0.0805 0.306 0.306 0.306 0.289 0.289 0.288 0.288 0.2745 0.2745 0.2745 0.3005 0.3005 0.3085 0.3085 0.2665 0.2665 0.2665 0.3045 0.3045 0.305 0.305 0.308 0.308 0.2965 0.2965 0.2965 0.2815 0.2815 0.2985 0.2985 0.2985 0.2985 0.2985 0.297 0.297 0.3015 0.3015 0.319 0.319 0.319 0.2755 0.2755 0.2965 0.2965 0.2945
-1 -1 -1 -1 -1 -1 -1 -1 -1 -1 -1 -1 -1 -1 -1 -1 -1 -1 -1 -1 -1 -1 -1 -1 -1 -1 -1 -1 -1 -1 0.1645 0.1645 0.341 0.341 0.341 0.3275 0.3275 0.293 0.293 0.2715 0.2715 0.2715 0.2815 0.2815 0.3015 0.3015 0.312 0.312 0.312 0.323 0.323 0.3155 0.3155 0.309 0.309 0.3215 0.3215 0.3215 0.3235 0.3235 0.307 0.307 0.307 0.307 0.307 0.2985 0.2985 0.2965 0.2965 0.293 0.293 0.293 0.271 0.271 0.267 0.267 0.293
-1 -1 -1 -1 -1 -1 -1 -1 -1 -1 -1 -1 -1 -1 -1 -1 -1 -1 -1 -1 -1 -1 -1 -1 -1 -1 -1 -1 -1 -1 0.1645 0.1645 0.341 0.341 0.341 0.3275 0.3275 0.293 0.293 0.2715 0.2715 0.2715 0.2815 0.2815 0.3015 0.3015 0.312 0.312 0.312 0.323 0.323 0.3155 0.3155 0.309 0.309 0.3215 0.3215 0.3215 0.3235 0.3235 0.307 0.307 0.307 0.307 0.307 0.2985 0.2985 0.2965 0.2965 0.293 0.293 0.293 0.271 0.271 0.267 0.267 0.293
-1 -1 -1 -1 -1 -1 -1 -1 -1 -1 -1 -1 -1 -1 -1 -1 -1 -1 -1 -1 -1 -1 -1 -1 -1 -1 -1 -1 0.1075 0.1075 0.357 0.357 0.367 0.367 0.367 0.356 0.356 0.316 0.316 0.297 0.297 0.297 0.291 0.291 0.291 0.291 0.292 0.292 0.292 0.297 0.297 0.315 0.315 0.308 0.308 0.3175 0.3175 0.3175 0.3245 0.3245 0.2985 0.2985 0.2985 0.2985 0.2985 0.291 0.291 0.288 0.288 0.2945 0.2945 0.2945 0.2945 0.2945 0.289 0.289 0.2845
-1 -1 -1 -1 -1 -1 -1 -1 -1 -1 -1 -1 -1 -1 -1 -1 -1 -1 -1 -1 -1 -1 -1 -1 -1 -1 -1 -1 0.1075 0.1075 0.357 0.357 0.367 0.367 0.367 0.356 0.356 0.316 0.316 0.297 0.297 0.297 0.291 0.291 0.291 0.291 0.292 0.292 0.292 0.297 0.297 0.315 0.315 0.308 0.308 0.3175 0.3175 0.3175 0.3245 0.3245 0.2985 0.2985 0.2985 0.2985 0.2985 0.291 0.291 0.288 0.288 0.2945 0.2945 0.2945 0.2945 0.2945 0.289 0.289 0.2845
-1 -1 -1 -1 -1 -1 -1 -1 -1 -1 -1 -1 -1 -1 -1 -1 -1 -1 -1 -1 -1 -1 -1 -1 -1 0.0645 0.0645 0.0645 0.2555 0.2555 0.3755 0.3755 0.3615 0.3615 0.3615 0.3285 0.3285 0.3135 0.3135 0.3085 0.3085 0.3085 0.292 0.292 0.278 0.278 0.291 0.291 0.291 0.3055 0.3055 0.3085 0.3085 0.3115 0.3115 0.3 0.3 0.3 0.3135 0.3135 0.306 0.306 0.306 0.306 0.306 0.312 0.312 0.3095 0.3095 0.312 0.312 0.312 0.315 0.315 0.3175 0.3175 0.317
