ndvi/NOAA-310.asc
ncols         252
nrows         154
xllcorner     -18.017974
yllcorner     13.481982
cellsize      0.035948
NODATA_value  -9999
[rows 102 to 135 of 154, columns 78 to 155 of 252]
0.3375 0.3446 0.3446 0.3235 0.3235 0.3135 0.3135 0.3135 0.3281 0.3281 0.3376 0.3376 0.3496 0.3496 0.3615 0.3615 0.3615 0.4105 0.4105 0.385 0.385 0.398 0.398 0.398 0.424 0.424 0.433 0.433 0.4025 0.4025 0.4025 0.4115 0.4115 0.414 0.414 0.41 0.41 0.41 0.397 0.397 0.418 0.418 0.4025 0.4025 0.4025 0.4255 0.4255 0.3955 0.3955 0.4155 0.4155 0.4095 0.4095 0.4095 0.418 0.418 0.3915 0.3915 0.3375 0.3375 0.3375 0.393 0.393 0.328 0.328 0.42 0.42 0.42 0.4535 0.4535 0.4315 0.4315 0.393 0.393 0.393 0.369 0.369 0.3615
0.3275 0.3456 0.3456 0.3365 0.3365 0.3841 0.3841 0.3841 0.3431 0.3431 0.361 0.361 0.4205 0.4205 0.3716 0.3716 0.3716 0.3876 0.3876 0.392 0.392 0.422 0.422 0.422 0.411 0.411 0.4025 0.4025 0.3985 0.3985 0.3985 0.396 0.396 0.428 0.428 0.415 0.415 0.415 0.4305 0.4305 0.4175 0.4175 0.441 0.441 0.441 0.4425 0.4425 0.411 0.411 0.4455 0.4455 0.407 0.407 0.407 0.4385 0.4385 0.3975 0.3975 0.37 0.37 0.37 0.359 0.359 0.35 0.35 0.3645 0.3645 0.3645 0.374 0.374 0.366 0.366 0.342 0.342 0.342 0.3745 0.3745 0.341
0.3275 0.3456 0.3456 0.3365 0.3365 0.3841 0.3841 0.3841 0.3431 0.3431 0.361 0.361 0.4205 0.4205 0.3716 0.3716 0.3716 0.3876 0.3876 0.392 0.392 0.422 0.422 0.422 0.411 0.411 0.4025 0.4025 0.3985 0.3985 0.3985 0.396 0.396 0.428 0.428 0.415 0.415 0.415 0.4305 0.4305 0.4175 0.4175 0.441 0.441 0.441 0.4425 0.4425 0.411 0.411 0.4455 0.4455 0.407 0.407 0.407 0.4385 0.4385 0.3975 0.3975 0.37 0.37 0.37 0.359 0.359 0.35 0.35 0.3645 0.3645 0.3645 0.374 0.374 0.366 0.366 0.342 0.342 0.342 0.3745 0.3745 0.341
0.3275 0.3456 0.3456 0.3365 0.3365 0.3841 0.3841 0.3841 0.3431 0.3431 0.361 0.361 0.4205 0.4205 0.3716 0.3716 0.3716 0.3876 0.3876 0.392 0.392 0.422 0.422 0.422 0.411 0.411 0.4025 0.4025 0.3985 0.3985 0.3985 0.396 0.396 0.428 0.428 0.415 0.415 0.415 0.4305 0.4305 0.4175 0.4175 0.441 0.441 0.441 0.4425 0.4425 0.411 0.411 0.4455 0.4455 0.407 0.407 0.407 0.4385 0.4385 0.3975 0.3975 0.37 0.37 0.37 0.359 0.359 0.35 0.35 0.3645 0.3645 0.3645 0.374 0.374 0.366 0.366 0.342 0.342 0.342 0.3745 0.3745 0.341
0.4025 0.3695 0.3695 0.4091 0.4091 0.389 0.389 0.389 0.386 0.386 0.3925 0.3925 0.3605 0.3605 0.3585 0.3585 0.3585 0.3721 0.3721 0.4206 0.4206 0.443 0.443 0.443 0.446 0.446 0.4475 0.4475 0.443 0.443 0.443 0.442 0.442 0.4295 0.4295 0.4255 0.4255 0.4255 0.445 0.445 0.445 0.445 0.438 0.438 0.438 0.4505 0.4505 0.427 0.427 0.4355 0.4355 0.452 0.452 0.452 0.421 0.421 0.4485 0.4485 0.474 0.474 0.474 0.418 0.418 0.414 0.414 0.3765 0.3765 0.3765 0.3225 0.3225 0.3025 0.3025 0.33 0.33 0.33 0.3645 0.3645 0.3435
0.4025 0.3695 0.3695 0.4091 0.4091 0.389 0.389 0.389 0.386 0.386 0.3925 0.3925 0.3605 0.3605 0.3585 0.3585 0.3585 0.3721 0.3721 0.4206 0.4206 0.443 0.443 0.443 0.446 0.446 0.4475 0.4475 0.443 0.443 0.443 0.442 0.442 0.4295 0.4295 0.4255 0.4255 0.4255 0.445 0.445 0.445 0.445 0.438 0.438 0.438 0.4505 0.4505 0.427 0.427 0.4355 0.4355 0.452 0.452 0.452 0.421 0.421 0.4485 0.4485 0.474 0.474 0.474 0.418 0.418 0.414 0.414 0.3765 0.3765 0.3765 0.3225 0.3225 0.3025 0.3025 0.33 0.33 0.33 0.3645 0.3645 0.3435
0.4255 0.431 0.431 0.442 0.442 0.3665 0.3665 0.3665 0.336 0.336 0.31 0.31 0.3135 0.3135 0.348 0.348 0.348 0.3695 0.3695 0.428 0.428 0.441 0.441 0.441 0.5005 0.5005 0.4765 0.4765 0.4391 0.4391 0.4391 0.4501 0.4501 0.461 0.461 0.4485 0.4485 0.4485 0.43 0.43 0.4445 0.4445 0.4465 0.4465 0.4465 0.4915 0.4915 0.4295 0.4295 0.429 0.429 0.43 0.43 0.43 0.4215 0.4215 0.4355 0.4355 0.407 0.407 0.407 0.413 0.413 0.4165 0.4165 0.39 0.39 0.39 0.292 0.292 0.3765 0.3765 0.397 0.397 0.397 0.367 0.367 0.412
0.4255 0.431 0.431 0.442 0.442 0.3665 0.3665 0.3665 0.336 0.336 0.31 0.31 0.3135 0.3135 0.348 0.348 0.348 0.3695 0.3695 0.428 0.428 0.441 0.441 0.441 0.5005 0.5005 0.4765 0.4765 0.4391 0.4391 0.4391 0.4501 0.4501 0.461 0.461 0.4485 0.4485 0.4485 0.43 0.43 0.4445 0.4445 0.4465 0.4465 0.4465 0.4915 0.4915 0.4295 0.4295 0.429 0.429 0.43 0.43 0.43 0.4215 0.4215 0.4355 0.4355 0.407 0.407 0.407 0.413 0.413 0.4165 0.4165 0.39 0.39 0.39 0.292 0.292 0.3765 0.3765 0.397 0.397 0.397 0.367 0.367 0.412
0.4315 0.444 0.444 0.4385 0.4385 0.365 0.365 0.365 0.395 0.395 0.3335 0.3335 0.36 0.36 0.409 0.409 0.409 0.4415 0.4415 0.4221 0.4221 0.4196 0.4196 0.4196 0.468 0.468 0.455 0.455 0.463 0.463 0.463 0.468 0.468 0.4865 0.4865 0.4925 0.4925 0.4925 0.4755 0.4755 0.496 0.496 0.489 0.489 0.489 0.4695 0.4695 0.476 0.476 0.4715 0.4715 0.493 0.493 0.493 0.49 0.49 0.4945 0.4945 0.4655 0.4655 0.4655 0.443 0.443 0.44 0.44 0.4695 0.4695 0.4695 0.4885 0.4885 0.449 0.449 0.398 0.398 0.398 0.3725 0.3725 0.388
0.4315 0.444 0.444 0.4385 0.4385 0.365 0.365 0.365 0.395 0.395 0.3335 0.3335 0.36 0.36 0.409 0.409 0.409 0.4415 0.4415 0.4221 0.4221 0.4196 0.4196 0.4196 0.468 0.468 0.455 0.455 0.463 0.463 0.463 0.468 0.468 0.4865 0.4865 0.4925 0.4925 0.4925 0.4755 0.4755 0.496 0.496 0.489 0.489 0.489 0.4695 0.4695 0.476 0.476 0.4715 0.4715 0.493 0.493 0.493 0.49 0.49 0.4945 0.4945 0.4655 0.4655 0.4655 0.443 0.443 0.44 0.44 0.4695 0.4695 0.4695 0.4885 0.4885 0.449 0.449 0.398 0.398 0.398 0.3725 0.3725 0.388
0.4315 0.444 0.444 0.4385 0.4385 0.365 0.365 0.365 0.395 0.395 0.3335 0.3335 0.36 0.36 0.409 0.409 0.409 0.4415 0.4415 0.4221 0.4221 0.4196 0.4196 0.4196 0.468 0.468 0.455 0.455 0.463 0.463 0.463 0.468 0.468 0.4865 0.4865 0.4925 0.4925 0.4925 0.4755 0.4755 0.496 0.496 0.489 0.489 0.489 0.4695 0.4695 0.476 0.476 0.4715 0.4715 0.493 0.493 0.493 0.49 0.49 0.4945 0.4945 0.4655 0.4655 0.4655 0.443 0.443 0.44 0.44 0.4695 0.4695 0.4695 0.4885 0.4885 0.449 0.449 0.398 0.398 0.398 0.3725 0.3725 0.388
0.4625 0.5045 0.5045 0.4955 0.4955 0.5185 0.5185 0.5185 0.493 0.493 0.4785 0.4785 0.415 0.415 0.4815 0.4815 0.4815 0.482 0.482 0.441 0.441 0.4845 0.4845 0.4845 0.495 0.495 0.469 0.469 0.48 0.48 0.48 0.4625 0.4625 0.473 0.473 0.4985 0.4985 0.4985 0.475 0.475 0.4995 0.4995 0.49 0.49 0.49 0.512 0.512 0.5305 0.5305 0.489 0.489 0.506 0.506 0.506 0.4975 0.4975 0.486 0.486 0.463 0.463 0.463 0.4565 0.4565 0.4305 0.4305 0.4365 0.4365 0.4365 0.4635 0.4635 0.461 0.461 0.382 0.382 0.382 0.4015 0.4015 0.379
0.4625 0.5045 0.5045 0.4955 0.4955 0.5185 0.5185 0.5185 0.493 0.493 0.4785 0.4785 0.415 0.415 0.4815 0.4815 0.4815 0.482 0.482 0.441 0.441 0.4845 0.4845 0.4845 0.495 0.495 0.469 0.469 0.48 0.48 0.48 0.4625 0.4625 0.473 0.473 0.4985 0.4985 0.4985 0.475 0.475 0.4995 0.4995 0.49 0.49 0.49 0.512 0.512 0.5305 0.5305 0.489 0.489 0.506 0.506 0.506 0.4975 0.4975 0.486 0.486 0.463 0.463 0.463 0.4565 0.4565 0.4305 0.4305 0.4365 0.4365 0.4365 0.4635 0.4635 0.461 0.461 0.382 0.382 0.382 0.4015 0.4015 0.379
0.488 0.502 0.502 0.4855 0.4855 0.4811 0.4811 0.4811 0.4756 0.4756 0.4715 0.4715 0.4665 0.4665 0.4906 0.4906 0.4906 0.4931 0.4931 0.494 0.494 0.4985 0.4985 0.4985 0.4785 0.4785 0.495 0.495 0.4955 0.4955 0.4955 0.497 0.497 0.492 0.492 0.5045 0.5045 0.5045 0.505 0.505 0.4795 0.4795 0.5065 0.5065 0.5065 0.5055 0.5055 0.5605 0.5605 0.516 0.516 0.501 0.501 0.501 0.4995 0.4995 0.504 0.504 0.482 0.482 0.482 0.439 0.439 0.4525 0.4525 0.4525 0.4525 0.4525 0.4625 0.4625 0.442 0.442 0.4225 0.4225 0.4225 0.4215 0.4215 0.415
0.488 0.502 0.502 0.4855 0.4855 0.4811 0.4811 0.4811 0.4756 0.4756 0.4715 0.4715 0.4665 0.4665 0.4906 0.4906 0.4906 0.4931 0.4931 0.494 0.494 0.4985 0.4985 0.4985 0.4785 0.4785 0.495 0.495 0.4955 0.4955 0.4955 0.497 0.497 0.492 0.492 0.5045 0.5045 0.5045 0.505 0.505 0.4795 0.4795 0.5065 0.5065 0.5065 0.5055 0.5055 0.5605 0.5605 0.516 0.516 0.501 0.501 0.501 0.4995 0.4995 0.504 0.504 0.482 0.482 0.482 0.439 0.439 0.4525 0.4525 0.4525 0.4525 0.4525 0.4625 0.4625 0.442 0.442 0.4225 0.4225 0.4225 0.4215 0.4215 0.415
0.4895 0.4346 0.4346 0.509 0.509 0.5006 0.5006 0.5006 0.4815 0.4815 0.496 0.496 0.515 0.515 0.4885 0.4885 0.4885 0.522 0.522 0.542 0.542 0.483 0.483 0.483 0.4915 0.4915 0.4755 0.4755 0.494 0.494 0.494 0.485 0.485 0.467 0.467 0.512 0.512 0.512 0.483 0.483 0.5065 0.5065 0.4975 0.4975 0.4975 0.5420001 0.5420001 0.519 0.519 0.5105 0.5105 0.5125 0.5125 0.5125 0.505 0.505 0.4665 0.4665 0.4765 0.4765 0.4765 0.469 0.469 0.447 0.447 0.4635 0.4635 0.4635 0.445 0.445 0.4435 0.4435 0.4495 0.4495 0.4495 0.4555 0.4555 0.423
0.4895 0.4346 0.4346 0.509 0.509 0.5006 0.5006 0.5006 0.4815 0.4815 0.496 0.496 0.515 0.515 0.4885 0.4885 0.4885 0.522 0.522 0.542 0.542 0.483 0.483 0.483 0.4915 0.4915 0.4755 0.4755 0.494 0.494 0.494 0.485 0.485 0.467 0.467 0.512 0.512 0.512 0.483 0.483 0.5065 0.5065 0.4975 0.4975 0.4975 0.5420001 0.5420001 0.519 0.519 0.5105 0.5105 0.5125 0.5125 0.5125 0.505 0.505 0.4665 0.4665 0.4765 0.4765 0.4765 0.469 0.469 0.447 0.447 0.4635 0.4635 0.4635 0.445 0.445 0.4435 0.4435 0.4495 0.4495 0.4495 0.4555 0.4555 0.423
0.4895 0.4346 0.4346 0.509 0.509 0.5006 0.5006 0.5006 0.4815 0.4815 0.496 0.496 0.515 0.515 0.4885 0.4885 0.4885 0.522 0.522 0.542 0.542 0.483 0.483 0.483 0.4915 0.4915 0.4755 0.4755 0.494 0.494 0.494 0.485 0.485 0.467 0.467 0.512 0.512 0.512 0.483 0.483 0.5065 0.5065 0.4975 0.4975 0.4975 0.5420001 0.5420001 0.519 0.519 0.5105 0.5105 0.5125 0.5125 0.5125 0.505 0.505 0.4665 0.4665 0.4765 0.4765 0.4765 0.469 0.469 0.447 0.447 0.4635 0.4635 0.4635 0.445 0.445 0.4435 0.4435 0.4495 0.4495 0.4495 0.4555 0.4555 0.423
0.4886 0.4796 0.4796 0.5015 0.5015 0.5055 0.5055 0.5055 0.5095 0.5095 0.5325 0.5325 0.504 0.504 0.5195 0.5195 0.5195 0.512 0.512 0.5725 0.5725 0.537 0.537 0.537 0.5215 0.5215 0.4955 0.4955 0.47 0.47 0.47 0.5035 0.5035 0.48 0.48 0.49 0.49 0.49 0.5005 0.5005 0.484 0.484 0.514 0.514 0.514 0.4905 0.4905 0.4905 0.4905 0.506 0.506 0.509 0.509 0.509 0.492 0.492 0.478 0.478 0.474 0.474 0.474 0.463 0.463 0.4485 0.4485 0.438 0.438 0.438 0.4555 0.4555 0.468 0.468 0.4735 0.4735 0.4735 0.488 0.488 0.4845
0.4886 0.4796 0.4796 0.5015 0.5015 0.5055 0.5055 0.5055 0.5095 0.5095 0.5325 0.5325 0.504 0.504 0.5195 0.5195 0.5195 0.512 0.512 0.5725 0.5725 0.537 0.537 0.537 0.5215 0.5215 0.4955 0.4955 0.47 0.47 0.47 0.5035 0.5035 0.48 0.48 0.49 0.49 0.49 0.5005 0.5005 0.484 0.484 0.514 0.514 0.514 0.4905 0.4905 0.4905 0.4905 0.506 0.506 0.509 0.509 0.509 0.492 0.492 0.478 0.478 0.474 0.474 0.474 0.463 0.463 0.4485 0.4485 0.438 0.438 0.438 0.4555 0.4555 0.468 0.468 0.4735 0.4735 0.4735 0.488 0.488 0.4845
0.502 0.4685 0.4685 0.463 0.463 0.4965 0.4965 0.4965 0.5085 0.5085 0.5125 0.5125 0.487 0.487 0.4885 0.4885 0.4885 0.55 0.55 0.5305 0.5305 0.532 0.532 0.532 0.5745 0.5745 0.488 0.488 0.518 0.518 0.518 0.4925 0.4925 0.4875 0.4875 0.497 0.497 0.497 0.5355 0.5355 0.5175 0.5175 0.478 0.478 0.478 0.495 0.495 0.522 0.522 0.5315 0.5315 0.51 0.51 0.51 0.4865 0.4865 0.528 0.528 0.5105 0.5105 0.5105 0.482 0.482 0.4995 0.4995 0.526 0.526 0.526 0.495 0.495 0.474 0.474 0.4985 0.4985 0.4985 0.522 0.522 0.5215
0.502 0.4685 0.4685 0.463 0.463 0.4965 0.4965 0.4965 0.5085 0.5085 0.5125 0.5125 0.487 0.487 0.4885 0.4885 0.4885 0.55 0.55 0.5305 0.5305 0.532 0.532 0.532 0.5745 0.5745 0.488 0.488 0.518 0.518 0.518 0.4925 0.4925 0.4875 0.4875 0.497 0.497 0.497 0.5355 0.5355 0.5175 0.5175 0.478 0.478 0.478 0.495 0.495 0.522 0.522 0.5315 0.5315 0.51 0.51 0.51 0.4865 0.4865 0.528 0.528 0.5105 0.5105 0.5105 0.482 0.482 0.4995 0.4995 0.526 0.526 0.526 0.495 0.495 0.474 0.474 0.4985 0.4985 0.4985 0.522 0.522 0.5215
0.5255 0.5355 0.5355 0.5385 0.5385 0.5 0.5 0.5 0.51 0.51 0.516 0.516 0.4995 0.4995 0.512 0.512 0.512 0.574 0.574 0.5265 0.5265 0.5505 0.5505 0.5505 0.551 0.551 0.546 0.546 0.5235 0.5235 0.5235 0.6025 0.6025 0.55 0.55 0.536 0.536 0.536 0.5045 0.5045 0.556 0.556 0.5485 0.5485 0.5485 0.543 0.543 0.554 0.554 0.5135 0.5135 0.5005 0.5005 0.5005 0.5395 0.5395 0.5195 0.5195 0.5175 0.5175 0.5175 0.5665 0.5665 0.507 0.507 0.4905 0.4905 0.4905 0.473 0.473 0.483 0.483 0.53 0.53 0.53 0.499 0.499 0.516
0.5255 0.5355 0.5355 0.5385 0.5385 0.5 0.5 0.5 0.51 0.51 0.516 0.516 0.4995 0.4995 0.512 0.512 0.512 0.574 0.574 0.5265 0.5265 0.5505 0.5505 0.5505 0.551 0.551 0.546 0.546 0.5235 0.5235 0.5235 0.6025 0.6025 0.55 0.55 0.536 0.536 0.536 0.5045 0.5045 0.556 0.556 0.5485 0.5485 0.5485 0.543 0.543 0.554 0.554 0.5135 0.5135 0.5005 0.5005 0.5005 0.5395 0.5395 0.5195 0.5195 0.5175 0.5175 0.5175 0.5665 0.5665 0.507 0.507 0.4905 0.4905 0.4905 0.473 0.473 0.483 0.483 0.53 0.53 0.53 0.499 0.499 0.516
0.5585 0.5795 0.5795 0.551 0.551 0.5265 0.5265 0.5265 0.5225 0.5225 0.5145 0.5145 0.551 0.551 0.5055 0.5055 0.5055 0.5485 0.5485 0.566 0.566 0.5615 0.5615 0.5615 0.564 0.564 0.5655 0.5655 0.547 0.547 0.547 0.5645 0.5645 0.593 0.593 0.5215 0.5215 0.5215 0.5245 0.5245 0.5686 0.5686 0.584 0.584 0.584 0.5585 0.5585 0.5305 0.5305 0.5195 0.5195 0.544 0.544 0.544 0.5375 0.5375 0.5285 0.5285 0.5495 0.5495 0.5495 0.551 0.551 0.5 0.5 0.476 0.476 0.476 0.5175 0.5175 0.5075 0.5075 0.511 0.511 0.511 0.506 0.506 0.55
0.5585 0.5795 0.5795 0.551 0.551 0.5265 0.5265 0.5265 0.5225 0.5225 0.5145 0.5145 0.551 0.551 0.5055 0.5055 0.5055 0.5485 0.5485 0.566 0.566 0.5615 0.5615 0.5615 0.564 0.564 0.5655 0.5655 0.547 0.547 0.547 0.5645 0.5645 0.593 0.593 0.5215 0.5215 0.5215 0.5245 0.5245 0.5686 0.5686 0.584 0.584 0.584 0.5585 0.5585 0.5305 0.5305 0.5195 0.5195 0.544 0.544 0.544 0.5375 0.5375 0.5285 0.5285 0.5495 0.5495 0.5495 0.551 0.551 0.5 0.5 0.476 0.476 0.476 0.5175 0.5175 0.5075 0.5075 0.511 0.511 0.511 0.506 0.506 0.55
0.5585 0.5795 0.5795 0.551 0.551 0.5265 0.5265 0.5265 0.5225 0.5225 0.5145 0.5145 0.551 0.551 0.5055 0.5055 0.5055 0.5485 0.5485 0.566 0.566 0.5615 0.5615 0.5615 0.564 0.564 0.5655 0.5655 0.547 0.547 0.547 0.5645 0.5645 0.593 0.593 0.5215 0.5215 0.5215 0.5245 0.5245 0.5686 0.5686 0.584 0.584 0.584 0.5585 0.5585 0.5305 0.5305 0.5195 0.5195 0.544 0.544 0.544 0.5375 0.5375 0.5285 0.5285 0.5495 0.5495 0.5495 0.551 0.551 0.5 0.5 0.476 0.476 0.476 0.5175 0.5175 0.5075 0.5075 0.511 0.511 0.511 0.506 0.506 0.55
0.6045 0.504 0.504 0.52 0.52 0.5375 0.5375 0.5375 0.6035 0.6035 0.536 0.536 0.5525 0.5525 0.5625 0.5625 0.5625 0.5395 0.5395 0.61 0.61 0.537 0.537 0.537 0.6025 0.6025 0.6055 0.6055 0.5825 0.5825 0.5825 0.593 0.593 0.5261 0.5261 0.5456 0.5456 0.5456 0.551 0.551 0.556 0.556 0.536 0.536 0.536 0.549 0.549 0.554 0.554 0.6345 0.6345 0.5555 0.5555 0.5555 0.613 0.613 0.563 0.563 0.5655 0.5655 0.5655 0.4975 0.4975 0.5205 0.5205 0.5065 0.5065 0.5065 0.5295 0.5295 0.49 0.49 0.522 0.522 0.522 0.5115 0.5115 0.5755
0.6045 0.504 0.504 0.52 0.52 0.5375 0.5375 0.5375 0.6035 0.6035 0.536 0.536 0.5525 0.5525 0.5625 0.5625 0.5625 0.5395 0.5395 0.61 0.61 0.537 0.537 0.537 0.6025 0.6025 0.6055 0.6055 0.5825 0.5825 0.5825 0.593 0.593 0.5261 0.5261 0.5456 0.5456 0.5456 0.551 0.551 0.556 0.556 0.536 0.536 0.536 0.549 0.549 0.554 0.554 0.6345 0.6345 0.5555 0.5555 0.5555 0.613 0.613 0.563 0.563 0.5655 0.5655 0.5655 0.4975 0.4975 0.5205 0.5205 0.5065 0.5065 0.5065 0.5295 0.5295 0.49 0.49 0.522 0.522 0.522 0.5115 0.5115 0.5755
0.6305 0.619 0.619 0.5725 0.5725 0.5525 0.5525 0.5525 0.564 0.564 0.581 0.581 0.559 0.559 0.554 0.554 0.554 0.556 0.556 0.556 0.556 0.5745 0.5745 0.5745 0.598 0.598 0.5785 0.5785 0.5365 0.5365 0.5365 0.5466 0.5466 0.535 0.535 0.5705 0.5705 0.5705 0.5096 0.5096 0.5285 0.5285 0.591 0.591 0.591 0.597 0.597 0.588 0.588 0.5561 0.5561 0.5475 0.5475 0.5475 0.6105 0.6105 0.5155 0.5155 0.519 0.519 0.519 0.515 0.515 0.5315 0.5315 0.5355 0.5355 0.5355 0.5549999 0.5549999 0.5445 0.5445 0.573 0.573 0.573 0.545 0.545 0.602
0.6305 0.619 0.619 0.5725 0.5725 0.5525 0.5525 0.5525 0.564 0.564 0.581 0.581 0.559 0.559 0.554 0.554 0.554 0.556 0.556 0.556 0.556 0.5745 0.5745 0.5745 0.598 0.598 0.5785 0.5785 0.5365 0.5365 0.5365 0.5466 0.5466 0.535 0.535 0.5705 0.5705 0.5705 0.5096 0.5096 0.5285 0.5285 0.591 0.591 0.591 0.597 0.597 0.588 0.588 0.5561 0.5561 0.5475 0.5475 0.5475 0.6105 0.6105 0.5155 0.5155 0.519 0.519 0.519 0.515 0.515 0.5315 0.5315 0.5355 0.5355 0.5355 0.5549999 0.5549999 0.5445 0.5445 0.573 0.573 0.573 0.545 0.545 0.602
0.5175 0.5625 0.5625 0.528 0.528 0.5585001 0.5585001 0.5585001 0.568 0.568 0.51 0.51 0.525 0.525 0.5885 0.5885 0.5885 0.589 0.589 0.584 0.584 0.5955 0.5955 0.5955 0.577 0.577 0.59 0.59 0.564 0.564 0.564 0.5606 0.5606 0.5281 0.5281 0.5606 0.5606 0.5606 0.5896 0.5896 0.6095001 0.6095001 0.5941 0.5941 0.5941 0.6306 0.6306 0.5836 0.5836 0.5795 0.5795 0.658 0.658 0.658 0.633 0.633 0.6425 0.6425 0.6395 0.6395 0.6395 0.6135 0.6135 0.6005 0.6005 0.611 0.611 0.611 0.5955 0.5955 0.5735 0.5735 0.5865 0.5865 0.5865 0.5825 0.5825 0.634
0.5175 0.5625 0.5625 0.528 0.528 0.5585001 0.5585001 0.5585001 0.568 0.568 0.51 0.51 0.525 0.525 0.5885 0.5885 0.5885 0.589 0.589 0.584 0.584 0.5955 0.5955 0.5955 0.577 0.577 0.59 0.59 0.564 0.564 0.564 0.5606 0.5606 0.5281 0.5281 0.5606 0.5606 0.5606 0.5896 0.5896 0.6095001 0.6095001 0.5941 0.5941 0.5941 0.6306 0.6306 0.5836 0.5836 0.5795 0.5795 0.658 0.658 0.658 0.633 0.633 0.6425 0.6425 0.6395 0.6395 0.6395 0.6135 0.6135 0.6005 0.6005 0.611 0.611 0.611 0.5955 0.5955 0.5735 0.5735 0.5865 0.5865 0.5865 0.5825 0.5825 0.634
0.5175 0.5625 0.5625 0.528 0.528 0.5585001 0.5585001 0.5585001 0.568 0.568 0.51 0.51 0.525 0.525 0.5885 0.5885 0.5885 0.589 0.589 0.584 0.584 0.5955 0.5955 0.5955 0.577 0.577 0.59 0.59 0.564 0.564 0.564 0.5606 0.5606 0.5281 0.5281 0.5606 0.5606 0.5606 0.5896 0.5896 0.6095001 0.6095001 0.5941 0.5941 0.5941 0.6306 0.6306 0.5836 0.5836 0.5795 0.5795 0.658 0.658 0.658 0.633 0.633 0.6425 0.6425 0.6395 0.6395 0.6395 0.6135 0.6135 0.6005 0.6005 0.611 0.611 0.611 0.5955 0.5955 0.5735 0.5735 0.5865 0.5865 0.5865 0.5825 0.5825 0.634
