ndvi/NOAA-298.asc
ncols         252
nrows         154
xllcorner     -18.017974
yllcorner     13.481982
cellsize      0.035948
NODATA_value  -9999
[rows 68 to 101 of 154, columns 77 to 153 of 252]
0.2435 0.2435 0.243 0.243 0.229 0.229 0.2485 0.2485 0.2485 0.219 0.219 0.256 0.256 0.247 0.247 0.232 0.232 0.232 0.226 0.226 0.217 0.217 0.183 0.183 0.183 0.183 0.183 0.198 0.198 0.224 0.224 0.224 0.2105 0.2105 0.2295 0.2295 0.198 0.198 0.198 0.1925 0.1925 0.1905 0.1905 0.194 0.194 0.194 0.1175 0.1175 0.142 0.142 0.176 0.176 0.193 0.193 0.193 0.233 0.233 0.2015 0.2015 0.264 0.264 0.264 0.2925 0.2925 0.281 0.281 0.241 0.241 0.241 0.301 0.301 0.2065 0.2065 0.208 0.208 0.208 0.125
0.2375 0.2375 0.236 0.236 0.237 0.237 0.232 0.232 0.232 0.212 0.212 0.2185 0.2185 0.264 0.264 0.236 0.236 0.236 0.237 0.237 0.223 0.223 0.279 0.279 0.279 0.181 0.181 0.2165 0.2165 0.1755 0.1755 0.1755 0.217 0.217 0.2195 0.2195 0.1975 0.1975 0.1975 0.1835 0.1835 0.1775 0.1775 0.132 0.132 0.132 0.1705 0.1705 0.1525 0.1525 0.187 0.187 0.193 0.193 0.193 0.2205 0.2205 0.2255 0.2255 0.257 0.257 0.257 0.2885 0.2885 0.2625 0.2625 0.2475 0.2475 0.2475 0.3175 0.3175 0.2415 0.2415 0.2185 0.2185 0.2185 0.172
0.2375 0.2375 0.236 0.236 0.237 0.237 0.232 0.232 0.232 0.212 0.212 0.2185 0.2185 0.264 0.264 0.236 0.236 0.236 0.237 0.237 0.223 0.223 0.279 0.279 0.279 0.181 0.181 0.2165 0.2165 0.1755 0.1755 0.1755 0.217 0.217 0.2195 0.2195 0.1975 0.1975 0.1975 0.1835 0.1835 0.1775 0.1775 0.132 0.132 0.132 0.1705 0.1705 0.1525 0.1525 0.187 0.187 0.193 0.193 0.193 0.2205 0.2205 0.2255 0.2255 0.257 0.257 0.257 0.2885 0.2885 0.2625 0.2625 0.2475 0.2475 0.2475 0.3175 0.3175 0.2415 0.2415 0.2185 0.2185 0.2185 0.172
0.271 0.271 0.2485 0.2485 0.2435 0.2435 0.274 0.274 0.274 0.253 0.253 0.231 0.231 0.248 0.248 0.2355 0.2355 0.2355 0.265 0.265 0.2205 0.2205 0.2505 0.2505 0.2505 0.234 0.234 0.19 0.19 0.186 0.186 0.186 0.21 0.21 0.2505 0.2505 0.2075 0.2075 0.2075 0.1955 0.1955 0.214 0.214 0.189 0.189 0.189 0.1625 0.1625 0.1655 0.1655 0.1765 0.1765 0.235 0.235 0.235 0.227 0.227 0.2515 0.2515 0.2575 0.2575 0.2575 0.3045 0.3045 0.311 0.311 0.283 0.283 0.283 0.2415 0.2415 0.244 0.244 0.2485 0.2485 0.2485 0.2045
0.271 0.271 0.2485 0.2485 0.2435 0.2435 0.274 0.274 0.274 0.253 0.253 0.231 0.231 0.248 0.248 0.2355 0.2355 0.2355 0.265 0.265 0.2205 0.2205 0.2505 0.2505 0.2505 0.234 0.234 0.19 0.19 0.186 0.186 0.186 0.21 0.21 0.2505 0.2505 0.2075 0.2075 0.2075 0.1955 0.1955 0.214 0.214 0.189 0.189 0.189 0.1625 0.1625 0.1655 0.1655 0.1765 0.1765 0.235 0.235 0.235 0.227 0.227 0.2515 0.2515 0.2575 0.2575 0.2575 0.3045 0.3045 0.311 0.311 0.283 0.283 0.283 0.2415 0.2415 0.244 0.244 0.2485 0.2485 0.2485 0.2045
0.271 0.271 0.2485 0.2485 0.2435 0.2435 0.274 0.274 0.274 0.253 0.253 0.231 0.231 0.248 0.248 0.2355 0.2355 0.2355 0.265 0.265 0.2205 0.2205 0.2505 0.2505 0.2505 0.234 0.234 0.19 0.19 0.186 0.186 0.186 0.21 0.21 0.2505 0.2505 0.2075 0.2075 0.2075 0.1955 0.1955 0.214 0.214 0.189 0.189 0.189 0.1625 0.1625 0.1655 0.1655 0.1765 0.1765 0.235 0.235 0.235 0.227 0.227 0.2515 0.2515 0.2575 0.2575 0.2575 0.3045 0.3045 0.311 0.311 0.283 0.283 0.283 0.2415 0.2415 0.244 0.244 0.2485 0.2485 0.2485 0.2045
0.272 0.272 0.2565 0.2565 0.2595 0.2595 0.2615 0.2615 0.2615 0.2595 0.2595 0.283 0.283 0.2685 0.2685 0.273 0.273 0.273 0.29 0.29 0.2715 0.2715 0.2725 0.2725 0.2725 0.2355 0.2355 0.2365 0.2365 0.2505 0.2505 0.2505 0.2345 0.2345 0.228 0.228 0.224 0.224 0.224 0.247 0.247 0.2255 0.2255 0.1895 0.1895 0.1895 0.1785 0.1785 0.246 0.246 0.226 0.226 0.2125 0.2125 0.2125 0.22 0.22 0.2245 0.2245 0.247 0.247 0.247 0.2525 0.2525 0.276 0.276 0.2595 0.2595 0.2595 0.241 0.241 0.2515 0.2515 0.1505 0.1505 0.1505 0.171
0.272 0.272 0.2565 0.2565 0.2595 0.2595 0.2615 0.2615 0.2615 0.2595 0.2595 0.283 0.283 0.2685 0.2685 0.273 0.273 0.273 0.29 0.29 0.2715 0.2715 0.2725 0.2725 0.2725 0.2355 0.2355 0.2365 0.2365 0.2505 0.2505 0.2505 0.2345 0.2345 0.228 0.228 0.224 0.224 0.224 0.247 0.247 0.2255 0.2255 0.1895 0.1895 0.1895 0.1785 0.1785 0.246 0.246 0.226 0.226 0.2125 0.2125 0.2125 0.22 0.22 0.2245 0.2245 0.247 0.247 0.247 0.2525 0.2525 0.276 0.276 0.2595 0.2595 0.2595 0.241 0.241 0.2515 0.2515 0.1505 0.1505 0.1505 0.171
0.274 0.274 0.2595 0.2595 0.264 0.264 0.264 0.264 0.264 0.2595 0.2595 0.2875 0.2875 0.2845 0.2845 0.2405 0.2405 0.2405 0.235 0.235 0.273 0.273 0.287 0.287 0.287 0.2675 0.2675 0.2625 0.2625 0.268 0.268 0.268 0.27 0.27 0.228 0.228 0.234 0.234 0.234 0.223 0.223 0.2235 0.2235 0.2435 0.2435 0.2435 0.2105 0.2105 0.3005 0.3005 0.2365 0.2365 0.169 0.169 0.169 0.208 0.208 0.2265 0.2265 0.2375 0.2375 0.2375 0.2445 0.2445 0.216 0.216 0.2005 0.2005 0.2005 0.1955 0.1955 0.1972 0.1972 0.088 0.088 0.088 0.16
0.274 0.274 0.2595 0.2595 0.264 0.264 0.264 0.264 0.264 0.2595 0.2595 0.2875 0.2875 0.2845 0.2845 0.2405 0.2405 0.2405 0.235 0.235 0.273 0.273 0.287 0.287 0.287 0.2675 0.2675 0.2625 0.2625 0.268 0.268 0.268 0.27 0.27 0.228 0.228 0.234 0.234 0.234 0.223 0.223 0.2235 0.2235 0.2435 0.2435 0.2435 0.2105 0.2105 0.3005 0.3005 0.2365 0.2365 0.169 0.169 0.169 0.208 0.208 0.2265 0.2265 0.2375 0.2375 0.2375 0.2445 0.2445 0.216 0.216 0.2005 0.2005 0.2005 0.1955 0.1955 0.1972 0.1972 0.088 0.088 0.088 0.16
0.282 0.282 0.266 0.266 0.259 0.259 0.2385 0.2385 0.2385 0.2685 0.2685 0.2615 0.2615 0.261 0.261 0.25 0.25 0.25 0.211 0.211 0.2245 0.2245 0.2655 0.2655 0.2655 0.283 0.283 0.2625 0.2625 0.2825 0.2825 0.2825 0.302 0.302 0.2765 0.2765 0.25 0.25 0.25 0.2315 0.2315 0.1775 0.1775 0.1765 0.1765 0.1765 0.205 0.205 0.2895 0.2895 0.235 0.235 0.2325 0.2325 0.2325 0.2495 0.2495 0.242 0.242 0.203 0.203 0.203 0.201 0.201 0.213 0.213 0.23 0.23 0.23 0.268 0.268 0.1735 0.1735 0.119 0.119 0.119 0.137
0.282 0.282 0.266 0.266 0.259 0.259 0.2385 0.2385 0.2385 0.2685 0.2685 0.2615 0.2615 0.261 0.261 0.25 0.25 0.25 0.211 0.211 0.2245 0.2245 0.2655 0.2655 0.2655 0.283 0.283 0.2625 0.2625 0.2825 0.2825 0.2825 0.302 0.302 0.2765 0.2765 0.25 0.25 0.25 0.2315 0.2315 0.1775 0.1775 0.1765 0.1765 0.1765 0.205 0.205 0.2895 0.2895 0.235 0.235 0.2325 0.2325 0.2325 0.2495 0.2495 0.242 0.242 0.203 0.203 0.203 0.201 0.201 0.213 0.213 0.23 0.23 0.23 0.268 0.268 0.1735 0.1735 0.119 0.119 0.119 0.137
0.266 0.266 0.258 0.258 0.2445 0.2445 0.28 0.28 0.28 0.2675 0.2675 0.245 0.245 0.2425 0.2425 0.2505 0.2505 0.2505 0.2435 0.2435 0.228 0.228 0.2355 0.2355 0.2355 0.254 0.254 0.2755 0.2755 0.2725 0.2725 0.2725 0.2795 0.2795 0.294 0.294 0.2685 0.2685 0.2685 0.2435 0.2435 0.2015 0.2015 0.1985 0.1985 0.1985 0.2115 0.2115 0.2215 0.2215 0.2525 0.2525 0.221 0.221 0.221 0.2175 0.2175 0.217 0.217 0.198 0.198 0.198 0.2015 0.2015 0.2015 0.2015 0.1715 0.1715 0.1715 0.1875 0.1875 0.1775 0.1775 0.1735 0.1735 0.1735 0.125
0.266 0.266 0.258 0.258 0.2445 0.2445 0.28 0.28 0.28 0.2675 0.2675 0.245 0.245 0.2425 0.2425 0.2505 0.2505 0.2505 0.2435 0.2435 0.228 0.228 0.2355 0.2355 0.2355 0.254 0.254 0.2755 0.2755 0.2725 0.2725 0.2725 0.2795 0.2795 0.294 0.294 0.2685 0.2685 0.2685 0.2435 0.2435 0.2015 0.2015 0.1985 0.1985 0.1985 0.2115 0.2115 0.2215 0.2215 0.2525 0.2525 0.221 0.221 0.221 0.2175 0.2175 0.217 0.217 0.198 0.198 0.198 0.2015 0.2015 0.2015 0.2015 0.1715 0.1715 0.1715 0.1875 0.1875 0.1775 0.1775 0.1735 0.1735 0.1735 0.125
0.266 0.266 0.258 0.258 0.2445 0.2445 0.28 0.28 0.28 0.2675 0.2675 0.245 0.245 0.2425 0.2425 0.2505 0.2505 0.2505 0.2435 0.2435 0.228 0.228 0.2355 0.2355 0.2355 0.254 0.254 0.2755 0.2755 0.2725 0.2725 0.2725 0.2795 0.2795 0.294 0.294 0.2685 0.2685 0.2685 0.2435 0.2435 0.2015 0.2015 0.1985 0.1985 0.1985 0.2115 0.2115 0.2215 0.2215 0.2525 0.2525 0.221 0.221 0.221 0.2175 0.2175 0.217 0.217 0.198 0.198 0.198 0.2015 0.2015 0.2015 0.2015 0.1715 0.1715 0.1715 0.1875 0.1875 0.1775 0.1775 0.1735 0.1735 0.1735 0.125
0.269 0.269 0.269 0.269 0.265 0.265 0.2635 0.2635 0.2635 0.2525 0.2525 0.241 0.241 0.2445 0.2445 0.2475 0.2475 0.2475 0.219 0.219 0.2055 0.2055 0.2555 0.2555 0.2555 0.269 0.269 0.2615 0.2615 0.2575 0.2575 0.2575 0.261 0.261 0.2875 0.2875 0.273 0.273 0.273 0.2445 0.2445 0.2555 0.2555 0.2455 0.2455 0.2455 0.261 0.261 0.259 0.259 0.1995 0.1995 0.2315 0.2315 0.2315 0.218 0.218 0.2175 0.2175 0.201 0.201 0.201 0.2305 0.2305 0.1635 0.1635 0.1605 0.1605 0.1605 0.161 0.161 0.1495 0.1495 0.139 0.139 0.139 0.093
0.269 0.269 0.269 0.269 0.265 0.265 0.2635 0.2635 0.2635 0.2525 0.2525 0.241 0.241 0.2445 0.2445 0.2475 0.2475 0.2475 0.219 0.219 0.2055 0.2055 0.2555 0.2555 0.2555 0.269 0.269 0.2615 0.2615 0.2575 0.2575 0.2575 0.261 0.261 0.2875 0.2875 0.273 0.273 0.273 0.2445 0.2445 0.2555 0.2555 0.2455 0.2455 0.2455 0.261 0.261 0.259 0.259 0.1995 0.1995 0.2315 0.2315 0.2315 0.218 0.218 0.2175 0.2175 0.201 0.201 0.201 0.2305 0.2305 0.1635 0.1635 0.1605 0.1605 0.1605 0.161 0.161 0.1495 0.1495 0.139 0.139 0.139 0.093
0.2855 0.2855 0.248 0.248 0.2735 0.2735 0.299 0.299 0.299 0.251 0.251 0.29 0.29 0.264 0.264 0.2205 0.2205 0.2205 0.2215 0.2215 0.2305 0.2305 0.28 0.28 0.28 0.265 0.265 0.2655 0.2655 0.2535 0.2535 0.2535 0.266 0.266 0.2585 0.2585 0.279 0.279 0.279 0.258 0.258 0.2625 0.2625 0.2545 0.2545 0.2545 0.2795 0.2795 0.2195 0.2195 0.1895 0.1895 0.225 0.225 0.225 0.2265 0.2265 0.3035 0.3035 0.287 0.287 0.287 0.27 0.27 0.2505 0.2505 0.1575 0.1575 0.1575 0.185 0.185 0.201 0.201 0.1375 0.1375 0.1375 0.1125
0.2855 0.2855 0.248 0.248 0.2735 0.2735 0.299 0.299 0.299 0.251 0.251 0.29 0.29 0.264 0.264 0.2205 0.2205 0.2205 0.2215 0.2215 0.2305 0.2305 0.28 0.28 0.28 0.265 0.265 0.2655 0.2655 0.2535 0.2535 0.2535 0.266 0.266 0.2585 0.2585 0.279 0.279 0.279 0.258 0.258 0.2625 0.2625 0.2545 0.2545 0.2545 0.2795 0.2795 0.2195 0.2195 0.1895 0.1895 0.225 0.225 0.225 0.2265 0.2265 0.3035 0.3035 0.287 0.287 0.287 0.27 0.27 0.2505 0.2505 0.1575 0.1575 0.1575 0.185 0.185 0.201 0.201 0.1375 0.1375 0.1375 0.1125
0.3055 0.3055 0.285 0.285 0.3495 0.3495 0.285 0.285 0.285 0.2465 0.2465 0.305 0.305 0.2785 0.2785 0.27 0.27 0.27 0.3045 0.3045 0.259 0.259 0.2445 0.2445 0.2445 0.2775 0.2775 0.234 0.234 0.235 0.235 0.235 0.2545 0.2545 0.2795 0.2795 0.2825 0.2825 0.2825 0.292 0.292 0.277 0.277 0.2595 0.2595 0.2595 0.3035 0.3035 0.281 0.281 0.1805 0.1805 0.202 0.202 0.202 0.2915 0.2915 0.3 0.3 0.2785 0.2785 0.2785 0.294 0.294 0.292 0.292 0.1935 0.1935 0.1935 0.1945 0.1945 0.224 0.224 0.171 0.171 0.171 0.136
0.3055 0.3055 0.285 0.285 0.3495 0.3495 0.285 0.285 0.285 0.2465 0.2465 0.305 0.305 0.2785 0.2785 0.27 0.27 0.27 0.3045 0.3045 0.259 0.259 0.2445 0.2445 0.2445 0.2775 0.2775 0.234 0.234 0.235 0.235 0.235 0.2545 0.2545 0.2795 0.2795 0.2825 0.2825 0.2825 0.292 0.292 0.277 0.277 0.2595 0.2595 0.2595 0.3035 0.3035 0.281 0.281 0.1805 0.1805 0.202 0.202 0.202 0.2915 0.2915 0.3 0.3 0.2785 0.2785 0.2785 0.294 0.294 0.292 0.292 0.1935 0.1935 0.1935 0.1945 0.1945 0.224 0.224 0.171 0.171 0.171 0.136
0.3055 0.3055 0.285 0.285 0.3495 0.3495 0.285 0.285 0.285 0.2465 0.2465 0.305 0.305 0.2785 0.2785 0.27 0.27 0.27 0.3045 0.3045 0.259 0.259 0.2445 0.2445 0.2445 0.2775 0.2775 0.234 0.234 0.235 0.235 0.235 0.2545 0.2545 0.2795 0.2795 0.2825 0.2825 0.2825 0.292 0.292 0.277 0.277 0.2595 0.2595 0.2595 0.3035 0.3035 0.281 0.281 0.1805 0.1805 0.202 0.202 0.202 0.2915 0.2915 0.3 0.3 0.2785 0.2785 0.2785 0.294 0.294 0.292 0.292 0.1935 0.1935 0.1935 0.1945 0.1945 0.224 0.224 0.171 0.171 0.171 0.136
0.3565 0.3565 0.3315 0.3315 0.3265 0.3265 0.288 0.288 0.288 0.2885 0.2885 0.255 0.255 0.256 0.256 0.262 0.262 0.262 0.3015 0.3015 0.2775 0.2775 0.212 0.212 0.212 0.2245 0.2245 0.2275 0.2275 0.248 0.248 0.248 0.2655 0.2655 0.2615 0.2615 0.2895 0.2895 0.2895 0.2775 0.2775 0.304 0.304 0.316 0.316 0.316 0.2855 0.2855 0.3095 0.3095 0.265 0.265 0.1875 0.1875 0.1875 0.264 0.264 0.2865 0.2865 0.3085 0.3085 0.3085 0.3185 0.3185 0.287 0.287 0.241 0.241 0.241 0.173 0.173 0.2225 0.2225 0.1515 0.1515 0.1515 0.186
0.3565 0.3565 0.3315 0.3315 0.3265 0.3265 0.288 0.288 0.288 0.2885 0.2885 0.255 0.255 0.256 0.256 0.262 0.262 0.262 0.3015 0.3015 0.2775 0.2775 0.212 0.212 0.212 0.2245 0.2245 0.2275 0.2275 0.248 0.248 0.248 0.2655 0.2655 0.2615 0.2615 0.2895 0.2895 0.2895 0.2775 0.2775 0.304 0.304 0.316 0.316 0.316 0.2855 0.2855 0.3095 0.3095 0.265 0.265 0.1875 0.1875 0.1875 0.264 0.264 0.2865 0.2865 0.3085 0.3085 0.3085 0.3185 0.3185 0.287 0.287 0.241 0.241 0.241 0.173 0.173 0.2225 0.2225 0.1515 0.1515 0.1515 0.186
0.3385 0.3385 0.321 0.321 0.291 0.291 0.2665 0.2665 0.2665 0.3015 0.3015 0.2715 0.2715 0.209 0.209 0.247 0.247 0.247 0.227 0.227 0.2225 0.2225 0.2325 0.2325 0.2325 0.294 0.294 0.264 0.264 0.266 0.266 0.266 0.2605 0.2605 0.2865 0.2865 0.3015 0.3015 0.3015 0.3175 0.3175 0.311 0.311 0.334 0.334 0.334 0.321 0.321 0.327 0.327 0.3045 0.3045 0.209 0.209 0.209 0.1925 0.1925 0.2585 0.2585 0.28 0.28 0.28 0.265 0.265 0.2985 0.2985 0.2255 0.2255 0.2255 0.2045 0.2045 0.256 0.256 0.225 0.225 0.225 0.229
0.3385 0.3385 0.321 0.321 0.291 0.291 0.2665 0.2665 0.2665 0.3015 0.3015 0.2715 0.2715 0.209 0.209 0.247 0.247 0.247 0.227 0.227 0.2225 0.2225 0.2325 0.2325 0.2325 0.294 0.294 0.264 0.264 0.266 0.266 0.266 0.2605 0.2605 0.2865 0.2865 0.3015 0.3015 0.3015 0.3175 0.3175 0.311 0.311 0.334 0.334 0.334 0.321 0.321 0.327 0.327 0.3045 0.3045 0.209 0.209 0.209 0.1925 0.1925 0.2585 0.2585 0.28 0.28 0.28 0.265 0.265 0.2985 0.2985 0.2255 0.2255 0.2255 0.2045 0.2045 0.256 0.256 0.225 0.225 0.225 0.229
0.267 0.267 0.3045 0.3045 0.3035 0.3035 0.3365 0.3365 0.3365 0.3575 0.3575 0.3145 0.3145 0.2955 0.2955 0.266 0.266 0.266 0.2795 0.2795 0.2795 0.2795 0.2865 0.2865 0.2865 0.2785 0.2785 0.3095 0.3095 0.3095 0.3095 0.3095 0.3175 0.3175 0.329 0.329 0.316 0.316 0.316 0.3185 0.3185 0.305 0.305 0.334 0.334 0.334 0.3545 0.3545 0.334 0.334 0.346 0.346 0.218 0.218 0.218 0.2015 0.2015 0.2515 0.2515 0.29 0.29 0.29 0.221 0.221 0.282 0.282 0.271 0.271 0.271 0.2485 0.2485 0.2935 0.2935 0.2805 0.2805 0.2805 0.2775
0.267 0.267 0.3045 0.3045 0.3035 0.3035 0.3365 0.3365 0.3365 0.3575 0.3575 0.3145 0.3145 0.2955 0.2955 0.266 0.266 0.266 0.2795 0.2795 0.2795 0.2795 0.2865 0.2865 0.2865 0.2785 0.2785 0.3095 0.3095 0.3095 0.3095 0.3095 0.3175 0.3175 0.329 0.329 0.316 0.316 0.316 0.3185 0.3185 0.305 0.305 0.334 0.334 0.334 0.3545 0.3545 0.334 0.334 0.346 0.346 0.218 0.218 0.218 0.2015 0.2015 0.2515 0.2515 0.29 0.29 0.29 0.221 0.221 0.282 0.282 0.271 0.271 0.271 0.2485 0.2485 0.2935 0.2935 0.2805 0.2805 0.2805 0.2775
0.267 0.267 0.3045 0.3045 0.3035 0.3035 0.3365 0.3365 0.3365 0.3575 0.3575 0.3145 0.3145 0.2955 0.2955 0.266 0.266 0.266 0.2795 0.2795 0.2795 0.2795 0.2865 0.2865 0.2865 0.2785 0.2785 0.3095 0.3095 0.3095 0.3095 0.3095 0.3175 0.3175 0.329 0.329 0.316 0.316 0.316 0.3185 0.3185 0.305 0.305 0.334 0.334 0.334 0.3545 0.3545 0.334 0.334 0.346 0.346 0.218 0.218 0.218 0.2015 0.2015 0.2515 0.2515 0.29 0.29 0.29 0.221 0.221 0.282 0.282 0.271 0.271 0.271 0.2485 0.2485 0.2935 0.2935 0.2805 0.2805 0.2805 0.2775
0.267 0.267 0.273 0.273 0.3065 0.3065 0.3065 0.3065 0.3065 0.3405 0.3405 0.3265 0.3265 0.3175 0.3175 0.271 0.271 0.271 0.3175 0.3175 0.299 0.299 0.33 0.33 0.33 0.3235 0.3235 0.3095 0.3095 0.341 0.341 0.341 0.3535 0.3535 0.382 0.382 0.358 0.358 0.358 0.333 0.333 0.333 0.333 0.3495 0.3495 0.3495 0.282 0.282 0.32 0.32 0.326 0.326 0.3275 0.3275 0.3275 0.297 0.297 0.291 0.291 0.221 0.221 0.221 0.186 0.186 0.2795 0.2795 0.3205 0.3205 0.3205 0.3105 0.3105 0.1875 0.1875 0.23 0.23 0.23 0.256
0.267 0.267 0.273 0.273 0.3065 0.3065 0.3065 0.3065 0.3065 0.3405 0.3405 0.3265 0.3265 0.3175 0.3175 0.271 0.271 0.271 0.3175 0.3175 0.299 0.299 0.33 0.33 0.33 0.3235 0.3235 0.3095 0.3095 0.341 0.341 0.341 0.3535 0.3535 0.382 0.382 0.358 0.358 0.358 0.333 0.333 0.333 0.333 0.3495 0.3495 0.3495 0.282 0.282 0.32 0.32 0.326 0.326 0.3275 0.3275 0.3275 0.297 0.297 0.291 0.291 0.221 0.221 0.221 0.186 0.186 0.2795 0.2795 0.3205 0.3205 0.3205 0.3105 0.3105 0.1875 0.1875 0.23 0.23 0.23 0.256
0.2855 0.2855 0.261 0.261 0.3115 0.3115 0.333 0.333 0.333 0.352 0.352 0.3435 0.3435 0.3475 0.3475 0.3595 0.3595 0.3595 0.3415 0.3415 0.3055 0.3055 0.3095 0.3095 0.3095 0.364 0.364 0.3585 0.3585 0.3435 0.3435 0.3435 0.3405 0.3405 0.3145 0.3145 0.2975 0.2975 0.2975 0.332 0.332 0.3295 0.3295 0.347 0.347 0.347 0.342 0.342 0.3475 0.3475 0.3485 0.3485 0.3575 0.3575 0.3575 0.3 0.3 0.329 0.329 0.3155 0.3155 0.3155 0.2515 0.2515 0.2815 0.2815 0.379 0.379 0.379 0.381 0.381 0.39 0.39 0.372 0.372 0.372 0.339
0.2855 0.2855 0.261 0.261 0.3115 0.3115 0.333 0.333 0.333 0.352 0.352 0.3435 0.3435 0.3475 0.3475 0.3595 0.3595 0.3595 0.3415 0.3415 0.3055 0.3055 0.3095 0.3095 0.3095 0.364 0.364 0.3585 0.3585 0.3435 0.3435 0.3435 0.3405 0.3405 0.3145 0.3145 0.2975 0.2975 0.2975 0.332 0.332 0.3295 0.3295 0.347 0.347 0.347 0.342 0.342 0.3475 0.3475 0.3485 0.3485 0.3575 0.3575 0.3575 0.3 0.3 0.329 0.329 0.3155 0.3155 0.3155 0.2515 0.2515 0.2815 0.2815 0.379 0.379 0.379 0.381 0.381 0.39 0.39 0.372 0.372 0.372 0.339
0.259 0.259 0.3005 0.3005 0.3455 0.3455 0.399 0.399 0.399 0.375 0.375 0.376 0.376 0.3605 0.3605 0.3765 0.3765 0.3765 0.368 0.368 0.347 0.347 0.329 0.329 0.329 0.354 0.354 0.3855 0.3855 0.3065 0.3065 0.3065 0.316 0.316 0.3745 0.3745 0.335 0.335 0.335 0.382 0.382 0.3935 0.3935 0.409 0.409 0.409 0.4215 0.4215 0.378 0.378 0.3795 0.3795 0.4115 0.4115 0.4115 0.402 0.402 0.3535 0.3535 0.3165 0.3165 0.3165 0.3445 0.3445 0.2985 0.2985 0.3765 0.3765 0.3765 0.4145 0.4145 0.387 0.387 0.381 0.381 0.381 0.3735
