ndvi/NOAA-76.asc
ncols         252
nrows         154
xllcorner     -18.017974
yllcorner     13.481982
cellsize      0.035948
NODATA_value  -9999
[rows 70 to 104 of 154, columns 77 to 153 of 252]
0.199 0.199 0.198 0.198 0.186 0.186 0.19 0.19 0.19 0.2095 0.2095 0.207 0.207 0.2195 0.2195 0.2255 0.2255 0.2255 0.228 0.228 0.217 0.217 0.207 0.207 0.207 0.2365 0.2365 0.217 0.217 0.216 0.216 0.216 0.1995 0.1995 0.1935 0.1935 0.2205 0.2205 0.2205 0.2205 0.2205 0.205 0.205 0.181 0.181 0.181 0.161 0.161 0.1785 0.1785 0.1825 0.1825 0.1945 0.1945 0.1945 0.194 0.194 0.2135 0.2135 0.2095 0.2095 0.2095 0.2245 0.2245 0.227 0.227 0.2135 0.2135 0.2135 0.203 0.203 0.2075 0.2075 0.184 0.184 0.184 0.1435
0.2155 0.2155 0.2055 0.2055 0.195 0.195 0.1965 0.1965 0.1965 0.189 0.189 0.1965 0.1965 0.1995 0.1995 0.219 0.219 0.219 0.2125 0.2125 0.2055 0.2055 0.197 0.197 0.197 0.23 0.23 0.237 0.237 0.218 0.218 0.218 0.2115 0.2115 0.2095 0.2095 0.212 0.212 0.212 0.2145 0.2145 0.205 0.205 0.183 0.183 0.183 0.1685 0.1685 0.1785 0.1785 0.1815 0.1815 0.203 0.203 0.203 0.207 0.207 0.2205 0.2205 0.212 0.212 0.212 0.2185 0.2185 0.2205 0.2205 0.205 0.205 0.205 0.195 0.195 0.2015 0.2015 0.2025 0.2025 0.2025 0.159
0.2155 0.2155 0.2055 0.2055 0.195 0.195 0.1965 0.1965 0.1965 0.189 0.189 0.1965 0.1965 0.1995 0.1995 0.219 0.219 0.219 0.2125 0.2125 0.2055 0.2055 0.197 0.197 0.197 0.23 0.23 0.237 0.237 0.218 0.218 0.218 0.2115 0.2115 0.2095 0.2095 0.212 0.212 0.212 0.2145 0.2145 0.205 0.205 0.183 0.183 0.183 0.1685 0.1685 0.1785 0.1785 0.1815 0.1815 0.203 0.203 0.203 0.207 0.207 0.2205 0.2205 0.212 0.212 0.212 0.2185 0.2185 0.2205 0.2205 0.205 0.205 0.205 0.195 0.195 0.2015 0.2015 0.2025 0.2025 0.2025 0.159
0.2155 0.2155 0.2055 0.2055 0.195 0.195 0.1965 0.1965 0.1965 0.189 0.189 0.1965 0.1965 0.1995 0.1995 0.219 0.219 0.219 0.2125 0.2125 0.2055 0.2055 0.197 0.197 0.197 0.23 0.23 0.237 0.237 0.218 0.218 0.218 0.2115 0.2115 0.2095 0.2095 0.212 0.212 0.212 0.2145 0.2145 0.205 0.205 0.183 0.183 0.183 0.1685 0.1685 0.1785 0.1785 0.1815 0.1815 0.203 0.203 0.203 0.207 0.207 0.2205 0.2205 0.212 0.212 0.212 0.2185 0.2185 0.2205 0.2205 0.205 0.205 0.205 0.195 0.195 0.2015 0.2015 0.2025 0.2025 0.2025 0.159
0.228 0.228 0.2125 0.2125 0.2095 0.2095 0.202 0.202 0.202 0.202 0.202 0.2085 0.2085 0.1975 0.1975 0.191 0.191 0.191 0.213 0.213 0.2095 0.2095 0.2035 0.2035 0.2035 0.211 0.211 0.21 0.21 0.2145 0.2145 0.2145 0.2215 0.2215 0.2125 0.2125 0.2095 0.2095 0.2095 0.2085 0.2085 0.1935 0.1935 0.177 0.177 0.177 0.182 0.182 0.228 0.228 0.202 0.202 0.2145 0.2145 0.2145 0.212 0.212 0.2115 0.2115 0.2115 0.2115 0.2115 0.2045 0.2045 0.217 0.217 0.2255 0.2255 0.2255 0.2115 0.2115 0.206 0.206 0.189 0.189 0.189 0.161
0.228 0.228 0.2125 0.2125 0.2095 0.2095 0.202 0.202 0.202 0.202 0.202 0.2085 0.2085 0.1975 0.1975 0.191 0.191 0.191 0.213 0.213 0.2095 0.2095 0.2035 0.2035 0.2035 0.211 0.211 0.21 0.21 0.2145 0.2145 0.2145 0.2215 0.2215 0.2125 0.2125 0.2095 0.2095 0.2095 0.2085 0.2085 0.1935 0.1935 0.177 0.177 0.177 0.182 0.182 0.228 0.228 0.202 0.202 0.2145 0.2145 0.2145 0.212 0.212 0.2115 0.2115 0.2115 0.2115 0.2115 0.2045 0.2045 0.217 0.217 0.2255 0.2255 0.2255 0.2115 0.2115 0.206 0.206 0.189 0.189 0.189 0.161
0.2185 0.2185 0.2215 0.2215 0.22 0.22 0.197 0.197 0.197 0.217 0.217 0.204 0.204 0.2015 0.2015 0.198 0.198 0.198 0.1895 0.1895 0.1925 0.1925 0.199 0.199 0.199 0.21 0.21 0.2055 0.2055 0.2155 0.2155 0.2155 0.223 0.223 0.2195 0.2195 0.2195 0.2195 0.2195 0.211 0.211 0.207 0.207 0.2025 0.2025 0.2025 0.179 0.179 0.218 0.218 0.212 0.212 0.2045 0.2045 0.2045 0.2075 0.2075 0.207 0.207 0.2055 0.2055 0.2055 0.203 0.203 0.198 0.198 0.2055 0.2055 0.2055 0.194 0.194 0.183 0.183 0.116 0.116 0.116 0.143
0.2185 0.2185 0.2215 0.2215 0.22 0.22 0.197 0.197 0.197 0.217 0.217 0.204 0.204 0.2015 0.2015 0.198 0.198 0.198 0.1895 0.1895 0.1925 0.1925 0.199 0.199 0.199 0.21 0.21 0.2055 0.2055 0.2155 0.2155 0.2155 0.223 0.223 0.2195 0.2195 0.2195 0.2195 0.2195 0.211 0.211 0.207 0.207 0.2025 0.2025 0.2025 0.179 0.179 0.218 0.218 0.212 0.212 0.2045 0.2045 0.2045 0.2075 0.2075 0.207 0.207 0.2055 0.2055 0.2055 0.203 0.203 0.198 0.198 0.2055 0.2055 0.2055 0.194 0.194 0.183 0.183 0.116 0.116 0.116 0.143
0.218 0.218 0.215 0.215 0.213 0.213 0.209 0.209 0.209 0.208 0.208 0.207 0.207 0.199 0.199 0.1965 0.1965 0.1965 0.18 0.18 0.191 0.191 0.1895 0.1895 0.1895 0.201 0.201 0.1945 0.1945 0.2015 0.2015 0.2015 0.2155 0.2155 0.2335 0.2335 0.221 0.221 0.221 0.2215 0.2215 0.2215 0.2215 0.208 0.208 0.208 0.2245 0.2245 0.2385 0.2385 0.2065 0.2065 0.2085 0.2085 0.2085 0.196 0.196 0.186 0.186 0.1855 0.1855 0.1855 0.1935 0.1935 0.194 0.194 0.184 0.184 0.184 0.1815 0.1815 0.173 0.173 0.1425 0.1425 0.1425 0.14
0.218 0.218 0.215 0.215 0.213 0.213 0.209 0.209 0.209 0.208 0.208 0.207 0.207 0.199 0.199 0.1965 0.1965 0.1965 0.18 0.18 0.191 0.191 0.1895 0.1895 0.1895 0.201 0.201 0.1945 0.1945 0.2015 0.2015 0.2015 0.2155 0.2155 0.2335 0.2335 0.221 0.221 0.221 0.2215 0.2215 0.2215 0.2215 0.208 0.208 0.208 0.2245 0.2245 0.2385 0.2385 0.2065 0.2065 0.2085 0.2085 0.2085 0.196 0.196 0.186 0.186 0.1855 0.1855 0.1855 0.1935 0.1935 0.194 0.194 0.184 0.184 0.184 0.1815 0.1815 0.173 0.173 0.1425 0.1425 0.1425 0.14
0.219 0.219 0.2235 0.2235 0.207 0.207 0.2055 0.2055 0.2055 0.214 0.214 0.2055 0.2055 0.2045 0.2045 0.1875 0.1875 0.1875 0.185 0.185 0.17 0.17 0.1825 0.1825 0.1825 0.197 0.197 0.1935 0.1935 0.194 0.194 0.194 0.208 0.208 0.214 0.214 0.215 0.215 0.215 0.2075 0.2075 0.202 0.202 0.222 0.222 0.222 0.237 0.237 0.23 0.23 0.23 0.23 0.204 0.204 0.204 0.1855 0.1855 0.1845 0.1845 0.1955 0.1955 0.1955 0.1985 0.1985 0.1705 0.1705 0.16 0.16 0.16 0.157 0.157 0.1745 0.1745 0.159 0.159 0.159 0.1355
0.219 0.219 0.2235 0.2235 0.207 0.207 0.2055 0.2055 0.2055 0.214 0.214 0.2055 0.2055 0.2045 0.2045 0.1875 0.1875 0.1875 0.185 0.185 0.17 0.17 0.1825 0.1825 0.1825 0.197 0.197 0.1935 0.1935 0.194 0.194 0.194 0.208 0.208 0.214 0.214 0.215 0.215 0.215 0.2075 0.2075 0.202 0.202 0.222 0.222 0.222 0.237 0.237 0.23 0.23 0.23 0.23 0.204 0.204 0.204 0.1855 0.1855 0.1845 0.1845 0.1955 0.1955 0.1955 0.1985 0.1985 0.1705 0.1705 0.16 0.16 0.16 0.157 0.157 0.1745 0.1745 0.159 0.159 0.159 0.1355
0.219 0.219 0.2235 0.2235 0.207 0.207 0.2055 0.2055 0.2055 0.214 0.214 0.2055 0.2055 0.2045 0.2045 0.1875 0.1875 0.1875 0.185 0.185 0.17 0.17 0.1825 0.1825 0.1825 0.197 0.197 0.1935 0.1935 0.194 0.194 0.194 0.208 0.208 0.214 0.214 0.215 0.215 0.215 0.2075 0.2075 0.202 0.202 0.222 0.222 0.222 0.237 0.237 0.23 0.23 0.23 0.23 0.204 0.204 0.204 0.1855 0.1855 0.1845 0.1845 0.1955 0.1955 0.1955 0.1985 0.1985 0.1705 0.1705 0.16 0.16 0.16 0.157 0.157 0.1745 0.1745 0.159 0.159 0.159 0.1355
0.218 0.218 0.2205 0.2205 0.217 0.217 0.2155 0.2155 0.2155 0.2095 0.2095 0.21 0.21 0.207 0.207 0.1975 0.1975 0.1975 0.1815 0.1815 0.1825 0.1825 0.198 0.198 0.198 0.1945 0.1945 0.1875 0.1875 0.188 0.188 0.188 0.2025 0.2025 0.203 0.203 0.218 0.218 0.218 0.219 0.219 0.216 0.216 0.198 0.198 0.198 0.2135 0.2135 0.2295 0.2295 0.2215 0.2215 0.218 0.218 0.218 0.218 0.218 0.206 0.206 0.2045 0.2045 0.2045 0.1925 0.1925 0.1875 0.1875 0.169 0.169 0.169 0.172 0.172 0.1625 0.1625 0.1525 0.1525 0.1525 0.136
0.218 0.218 0.2205 0.2205 0.217 0.217 0.2155 0.2155 0.2155 0.2095 0.2095 0.21 0.21 0.207 0.207 0.1975 0.1975 0.1975 0.1815 0.1815 0.1825 0.1825 0.198 0.198 0.198 0.1945 0.1945 0.1875 0.1875 0.188 0.188 0.188 0.2025 0.2025 0.203 0.203 0.218 0.218 0.218 0.219 0.219 0.216 0.216 0.198 0.198 0.198 0.2135 0.2135 0.2295 0.2295 0.2215 0.2215 0.218 0.218 0.218 0.218 0.218 0.206 0.206 0.2045 0.2045 0.2045 0.1925 0.1925 0.1875 0.1875 0.169 0.169 0.169 0.172 0.172 0.1625 0.1625 0.1525 0.1525 0.1525 0.136
0.2485 0.2485 0.2395 0.2395 0.2405 0.2405 0.2375 0.2375 0.2375 0.2275 0.2275 0.2295 0.2295 0.2165 0.2165 0.2035 0.2035 0.2035 0.21 0.21 0.19 0.19 0.2025 0.2025 0.2025 0.1865 0.1865 0.1945 0.1945 0.1935 0.1935 0.1935 0.1995 0.1995 0.215 0.215 0.2155 0.2155 0.2155 0.2135 0.2135 0.2345 0.2345 0.2215 0.2215 0.2215 0.2105 0.2105 0.2155 0.2155 0.23 0.23 0.245 0.245 0.245 0.234 0.234 0.2125 0.2125 0.224 0.224 0.224 0.2385 0.2385 0.2105 0.2105 0.1895 0.1895 0.1895 0.1795 0.1795 0.1735 0.1735 0.164 0.164 0.164 0.15
0.2485 0.2485 0.2395 0.2395 0.2405 0.2405 0.2375 0.2375 0.2375 0.2275 0.2275 0.2295 0.2295 0.2165 0.2165 0.2035 0.2035 0.2035 0.21 0.21 0.19 0.19 0.2025 0.2025 0.2025 0.1865 0.1865 0.1945 0.1945 0.1935 0.1935 0.1935 0.1995 0.1995 0.215 0.215 0.2155 0.2155 0.2155 0.2135 0.2135 0.2345 0.2345 0.2215 0.2215 0.2215 0.2105 0.2105 0.2155 0.2155 0.23 0.23 0.245 0.245 0.245 0.234 0.234 0.2125 0.2125 0.224 0.224 0.224 0.2385 0.2385 0.2105 0.2105 0.1895 0.1895 0.1895 0.1795 0.1795 0.1735 0.1735 0.164 0.164 0.164 0.15
0.251 0.251 0.242 0.242 0.2445 0.2445 0.2235 0.2235 0.2235 0.2225 0.2225 0.216 0.216 0.2235 0.2235 0.208 0.208 0.208 0.197 0.197 0.1875 0.1875 0.196 0.196 0.196 0.1945 0.1945 0.1885 0.1885 0.19 0.19 0.19 0.205 0.205 0.214 0.214 0.2035 0.2035 0.2035 0.213 0.213 0.223 0.223 0.2225 0.2225 0.2225 0.2205 0.2205 0.224 0.224 0.237 0.237 0.22 0.22 0.22 0.222 0.222 0.2205 0.2205 0.245 0.245 0.245 0.234 0.234 0.2255 0.2255 0.18 0.18 0.18 0.1815 0.1815 0.1875 0.1875 0.184 0.184 0.184 0.1805
0.251 0.251 0.242 0.242 0.2445 0.2445 0.2235 0.2235 0.2235 0.2225 0.2225 0.216 0.216 0.2235 0.2235 0.208 0.208 0.208 0.197 0.197 0.1875 0.1875 0.196 0.196 0.196 0.1945 0.1945 0.1885 0.1885 0.19 0.19 0.19 0.205 0.205 0.214 0.214 0.2035 0.2035 0.2035 0.213 0.213 0.223 0.223 0.2225 0.2225 0.2225 0.2205 0.2205 0.224 0.224 0.237 0.237 0.22 0.22 0.22 0.222 0.222 0.2205 0.2205 0.245 0.245 0.245 0.234 0.234 0.2255 0.2255 0.18 0.18 0.18 0.1815 0.1815 0.1875 0.1875 0.184 0.184 0.184 0.1805
0.251 0.251 0.242 0.242 0.2445 0.2445 0.2235 0.2235 0.2235 0.2225 0.2225 0.216 0.216 0.2235 0.2235 0.208 0.208 0.208 0.197 0.197 0.1875 0.1875 0.196 0.196 0.196 0.1945 0.1945 0.1885 0.1885 0.19 0.19 0.19 0.205 0.205 0.214 0.214 0.2035 0.2035 0.2035 0.213 0.213 0.223 0.223 0.2225 0.2225 0.2225 0.2205 0.2205 0.224 0.224 0.237 0.237 0.22 0.22 0.22 0.222 0.222 0.2205 0.2205 0.245 0.245 0.245 0.234 0.234 0.2255 0.2255 0.18 0.18 0.18 0.1815 0.1815 0.1875 0.1875 0.184 0.184 0.184 0.1805
0.251 0.251 0.247 0.247 0.236 0.236 0.223 0.223 0.223 0.2235 0.2235 0.217 0.217 0.2065 0.2065 0.193 0.193 0.193 0.2 0.2 0.1855 0.1855 0.184 0.184 0.184 0.1855 0.1855 0.1965 0.1965 0.1885 0.1885 0.1885 0.1865 0.1865 0.199 0.199 0.21 0.21 0.21 0.2095 0.2095 0.214 0.214 0.2205 0.2205 0.2205 0.252 0.252 0.23 0.23 0.2145 0.2145 0.2235 0.2235 0.2235 0.2365 0.2365 0.2385 0.2385 0.237 0.237 0.237 0.2355 0.2355 0.2325 0.2325 0.223 0.223 0.223 0.18 0.18 0.1795 0.1795 0.175 0.175 0.175 0.1635
0.251 0.251 0.247 0.247 0.236 0.236 0.223 0.223 0.223 0.2235 0.2235 0.217 0.217 0.2065 0.2065 0.193 0.193 0.193 0.2 0.2 0.1855 0.1855 0.184 0.184 0.184 0.1855 0.1855 0.1965 0.1965 0.1885 0.1885 0.1885 0.1865 0.1865 0.199 0.199 0.21 0.21 0.21 0.2095 0.2095 0.214 0.214 0.2205 0.2205 0.2205 0.252 0.252 0.23 0.23 0.2145 0.2145 0.2235 0.2235 0.2235 0.2365 0.2365 0.2385 0.2385 0.237 0.237 0.237 0.2355 0.2355 0.2325 0.2325 0.223 0.223 0.223 0.18 0.18 0.1795 0.1795 0.175 0.175 0.175 0.1635
0.2385 0.2385 0.239 0.239 0.239 0.239 0.2185 0.2185 0.2185 0.219 0.219 0.2085 0.2085 0.203 0.203 0.2005 0.2005 0.2005 0.1945 0.1945 0.2 0.2 0.209 0.209 0.209 0.1965 0.1965 0.1975 0.1975 0.194 0.194 0.194 0.19 0.19 0.204 0.204 0.213 0.213 0.213 0.2145 0.2145 0.2155 0.2155 0.22 0.22 0.22 0.245 0.245 0.2205 0.2205 0.2255 0.2255 0.2215 0.2215 0.2215 0.227 0.227 0.227 0.227 0.221 0.221 0.221 0.2215 0.2215 0.2335 0.2335 0.219 0.219 0.219 0.2265 0.2265 0.2335 0.2335 0.2225 0.2225 0.2225 0.2065
0.2385 0.2385 0.239 0.239 0.239 0.239 0.2185 0.2185 0.2185 0.219 0.219 0.2085 0.2085 0.203 0.203 0.2005 0.2005 0.2005 0.1945 0.1945 0.2 0.2 0.209 0.209 0.209 0.1965 0.1965 0.1975 0.1975 0.194 0.194 0.194 0.19 0.19 0.204 0.204 0.213 0.213 0.213 0.2145 0.2145 0.2155 0.2155 0.22 0.22 0.22 0.245 0.245 0.2205 0.2205 0.2255 0.2255 0.2215 0.2215 0.2215 0.227 0.227 0.227 0.227 0.221 0.221 0.221 0.2215 0.2215 0.2335 0.2335 0.219 0.219 0.219 0.2265 0.2265 0.2335 0.2335 0.2225 0.2225 0.2225 0.2065
0.25 0.25 0.243 0.243 0.223 0.223 0.234 0.234 0.234 0.245 0.245 0.2295 0.2295 0.216 0.216 0.2045 0.2045 0.2045 0.208 0.208 0.203 0.203 0.1995 0.1995 0.1995 0.207 0.207 0.2145 0.2145 0.1985 0.1985 0.1985 0.2135 0.2135 0.2375 0.2375 0.2275 0.2275 0.2275 0.2305 0.2305 0.224 0.224 0.2275 0.2275 0.2275 0.229 0.229 0.2295 0.2295 0.2305 0.2305 0.2105 0.2105 0.2105 0.235 0.235 0.231 0.231 0.2155 0.2155 0.2155 0.2335 0.2335 0.2545 0.2545 0.2345 0.2345 0.2345 0.1985 0.1985 0.207 0.207 0.2025 0.2025 0.2025 0.192
0.25 0.25 0.243 0.243 0.223 0.223 0.234 0.234 0.234 0.245 0.245 0.2295 0.2295 0.216 0.216 0.2045 0.2045 0.2045 0.208 0.208 0.203 0.203 0.1995 0.1995 0.1995 0.207 0.207 0.2145 0.2145 0.1985 0.1985 0.1985 0.2135 0.2135 0.2375 0.2375 0.2275 0.2275 0.2275 0.2305 0.2305 0.224 0.224 0.2275 0.2275 0.2275 0.229 0.229 0.2295 0.2295 0.2305 0.2305 0.2105 0.2105 0.2105 0.235 0.235 0.231 0.231 0.2155 0.2155 0.2155 0.2335 0.2335 0.2545 0.2545 0.2345 0.2345 0.2345 0.1985 0.1985 0.207 0.207 0.2025 0.2025 0.2025 0.192
0.25 0.25 0.243 0.243 0.223 0.223 0.234 0.234 0.234 0.245 0.245 0.2295 0.2295 0.216 0.216 0.2045 0.2045 0.2045 0.208 0.208 0.203 0.203 0.1995 0.1995 0.1995 0.207 0.207 0.2145 0.2145 0.1985 0.1985 0.1985 0.2135 0.2135 0.2375 0.2375 0.2275 0.2275 0.2275 0.2305 0.2305 0.224 0.224 0.2275 0.2275 0.2275 0.229 0.229 0.2295 0.2295 0.2305 0.2305 0.2105 0.2105 0.2105 0.235 0.235 0.231 0.231 0.2155 0.2155 0.2155 0.2335 0.2335 0.2545 0.2545 0.2345 0.2345 0.2345 0.1985 0.1985 0.207 0.207 0.2025 0.2025 0.2025 0.192
0.238 0.238 0.225 0.225 0.2245 0.2245 0.211 0.211 0.211 0.215 0.215 0.214 0.214 0.222 0.222 0.1985 0.1985 0.1985 0.2065 0.2065 0.2015 0.2015 0.203 0.203 0.203 0.2145 0.2145 0.2225 0.2225 0.226 0.226 0.226 0.221 0.221 0.2285 0.2285 0.237 0.237 0.237 0.238 0.238 0.214 0.214 0.2275 0.2275 0.2275 0.2285 0.2285 0.249 0.249 0.236 0.236 0.244 0.244 0.244 0.243 0.243 0.2275 0.2275 0.231 0.231 0.231 0.222 0.222 0.228 0.228 0.2465 0.2465 0.2465 0.2405 0.2405 0.22 0.22 0.1705 0.1705 0.1705 0.195
0.238 0.238 0.225 0.225 0.2245 0.2245 0.211 0.211 0.211 0.215 0.215 0.214 0.214 0.222 0.222 0.1985 0.1985 0.1985 0.2065 0.2065 0.2015 0.2015 0.203 0.203 0.203 0.2145 0.2145 0.2225 0.2225 0.226 0.226 0.226 0.221 0.221 0.2285 0.2285 0.237 0.237 0.237 0.238 0.238 0.214 0.214 0.2275 0.2275 0.2275 0.2285 0.2285 0.249 0.249 0.236 0.236 0.244 0.244 0.244 0.243 0.243 0.2275 0.2275 0.231 0.231 0.231 0.222 0.222 0.228 0.228 0.2465 0.2465 0.2465 0.2405 0.2405 0.22 0.22 0.1705 0.1705 0.1705 0.195
0.236 0.236 0.234 0.234 0.225 0.225 0.221 0.221 0.221 0.2115 0.2115 0.2205 0.2205 0.2295 0.2295 0.234 0.234 0.234 0.2355 0.2355 0.209 0.209 0.228 0.228 0.228 0.2425 0.2425 0.218 0.218 0.222 0.222 0.222 0.207 0.207 0.2275 0.2275 0.2335 0.2335 0.2335 0.234 0.234 0.2275 0.2275 0.231 0.231 0.231 0.227 0.227 0.225 0.225 0.248 0.248 0.253 0.253 0.253 0.2445 0.2445 0.2235 0.2235 0.222 0.222 0.222 0.218 0.218 0.246 0.246 0.2435 0.2435 0.2435 0.255 0.255 0.237 0.237 0.226 0.226 0.226 0.2105
0.236 0.236 0.234 0.234 0.225 0.225 0.221 0.221 0.221 0.2115 0.2115 0.2205 0.2205 0.2295 0.2295 0.234 0.234 0.234 0.2355 0.2355 0.209 0.209 0.228 0.228 0.228 0.2425 0.2425 0.218 0.218 0.222 0.222 0.222 0.207 0.207 0.2275 0.2275 0.2335 0.2335 0.2335 0.234 0.234 0.2275 0.2275 0.231 0.231 0.231 0.227 0.227 0.225 0.225 0.248 0.248 0.253 0.253 0.253 0.2445 0.2445 0.2235 0.2235 0.222 0.222 0.222 0.218 0.218 0.246 0.246 0.2435 0.2435 0.2435 0.255 0.255 0.237 0.237 0.226 0.226 0.226 0.2105
0.247 0.247 0.2465 0.2465 0.2355 0.2355 0.224 0.224 0.224 0.2295 0.2295 0.2105 0.2105 0.213 0.213 0.214 0.214 0.214 0.2345 0.2345 0.228 0.228 0.265 0.265 0.265 0.2385 0.2385 0.235 0.235 0.2205 0.2205 0.2205 0.223 0.223 0.238 0.238 0.232 0.232 0.232 0.22 0.22 0.22 0.22 0.23 0.23 0.23 0.246 0.246 0.252 0.252 0.2465 0.2465 0.2505 0.2505 0.2505 0.258 0.258 0.2185 0.2185 0.2205 0.2205 0.2205 0.218 0.218 0.244 0.244 0.2385 0.2385 0.2385 0.2435 0.2435 0.219 0.219 0.2065 0.2065 0.2065 0.2115
0.247 0.247 0.2465 0.2465 0.2355 0.2355 0.224 0.224 0.224 0.2295 0.2295 0.2105 0.2105 0.213 0.213 0.214 0.214 0.214 0.2345 0.2345 0.228 0.228 0.265 0.265 0.265 0.2385 0.2385 0.235 0.235 0.2205 0.2205 0.2205 0.223 0.223 0.238 0.238 0.232 0.232 0.232 0.22 0.22 0.22 0.22 0.23 0.23 0.23 0.246 0.246 0.252 0.252 0.2465 0.2465 0.2505 0.2505 0.2505 0.258 0.258 0.2185 0.2185 0.2205 0.2205 0.2205 0.218 0.218 0.244 0.244 0.2385 0.2385 0.2385 0.2435 0.2435 0.219 0.219 0.2065 0.2065 0.2065 0.2115
0.2555 0.2555 0.245 0.245 0.237 0.237 0.2215 0.2215 0.2215 0.2255 0.2255 0.245 0.245 0.2395 0.2395 0.2395 0.2395 0.2395 0.2315 0.2315 0.2105 0.2105 0.236 0.236 0.236 0.232 0.232 0.227 0.227 0.2195 0.2195 0.2195 0.219 0.219 0.213 0.213 0.2455 0.2455 0.2455 0.231 0.231 0.2215 0.2215 0.229 0.229 0.229 0.223 0.223 0.228 0.228 0.232 0.232 0.244 0.244 0.244 0.2375 0.2375 0.2305 0.2305 0.216 0.216 0.216 0.2455 0.2455 0.222 0.222 0.2515 0.2515 0.2515 0.2305 0.2305 0.212 0.212 0.22 0.22 0.22 0.2045
0.2555 0.2555 0.245 0.245 0.237 0.237 0.2215 0.2215 0.2215 0.2255 0.2255 0.245 0.245 0.2395 0.2395 0.2395 0.2395 0.2395 0.2315 0.2315 0.2105 0.2105 0.236 0.236 0.236 0.232 0.232 0.227 0.227 0.2195 0.2195 0.2195 0.219 0.219 0.213 0.213 0.2455 0.2455 0.2455 0.231 0.231 0.2215 0.2215 0.229 0.229 0.229 0.223 0.223 0.228 0.228 0.232 0.232 0.244 0.244 0.244 0.2375 0.2375 0.2305 0.2305 0.216 0.216 0.216 0.2455 0.2455 0.222 0.222 0.2515 0.2515 0.2515 0.2305 0.2305 0.212 0.212 0.22 0.22 0.22 0.2045
