ndvi/NOAA-262.asc
ncols         252
nrows         154
xllcorner     -18.017974
yllcorner     13.481982
cellsize      0.035948
NODATA_value  -9999
[rows 0 to 33 of 154, columns 78 to 155 of 252]
0.078 0.078 0.078 0.08 0.08 0.08 0.08 0.08 0.081 0.081 0.078 0.078 0.079 0.079 0.078 0.078 0.078 0.077 0.077 0.074 0.074 0.077 0.077 0.077 0.0785 0.0785 0.074 0.074 0.074 0.074 0.074 0.07 0.07 0.071 0.071 0.072 0.072 0.072 0.066 0.066 0.068 0.068 0.064 0.064 0.064 0.0795 0.0795 0.069 0.069 0.0725 0.0725 0.069 0.069 0.069 0.075 0.075 0.078 0.078 0.079 0.079 0.079 0.083 0.083 0.081 0.081 0.081 0.081 0.081 0.089 0.089 0.072 0.072 0.075 0.075 0.075 0.0845 0.0845 0.07
0.078 0.078 0.078 0.08 0.08 0.08 0.08 0.08 0.081 0.081 0.078 0.078 0.079 0.079 0.078 0.078 0.078 0.077 0.077 0.074 0.074 0.077 0.077 0.077 0.0785 0.0785 0.074 0.074 0.074 0.074 0.074 0.07 0.07 0.071 0.071 0.072 0.072 0.072 0.066 0.066 0.068 0.068 0.064 0.064 0.064 0.0795 0.0795 0.069 0.069 0.0725 0.0725 0.069 0.069 0.069 0.075 0.075 0.078 0.078 0.079 0.079 0.079 0.083 0.083 0.081 0.081 0.081 0.081 0.081 0.089 0.089 0.072 0.072 0.075 0.075 0.075 0.0845 0.0845 0.07
0.078 0.078 0.078 0.081 0.081 0.08 0.08 0.08 0.083 0.083 0.079 0.079 0.08 0.08 0.079 0.079 0.079 0.08 0.08 0.082 0.082 0.0825 0.0825 0.0825 0.074 0.074 0.077 0.077 0.072 0.072 0.072 0.068 0.068 0.07 0.07 0.072 0.072 0.072 0.065 0.065 0.065 0.065 0.0695 0.0695 0.0695 0.07 0.07 0.075 0.075 0.076 0.076 0.084 0.084 0.084 0.082 0.082 0.084 0.084 0.084 0.084 0.084 0.087 0.087 0.089 0.089 0.082 0.082 0.082 0.079 0.079 0.073 0.073 0.084 0.084 0.084 0.086 0.086 0.081
0.078 0.078 0.078 0.081 0.081 0.08 0.08 0.08 0.083 0.083 0.079 0.079 0.08 0.08 0.079 0.079 0.079 0.08 0.08 0.082 0.082 0.0825 0.0825 0.0825 0.074 0.074 0.077 0.077 0.072 0.072 0.072 0.068 0.068 0.07 0.07 0.072 0.072 0.072 0.065 0.065 0.065 0.065 0.0695 0.0695 0.0695 0.07 0.07 0.075 0.075 0.076 0.076 0.084 0.084 0.084 0.082 0.082 0.084 0.084 0.084 0.084 0.084 0.087 0.087 0.089 0.089 0.082 0.082 0.082 0.079 0.079 0.073 0.073 0.084 0.084 0.084 0.086 0.086 0.081
0.078 0.078 0.078 0.081 0.081 0.08 0.08 0.08 0.083 0.083 0.079 0.079 0.08 0.08 0.079 0.079 0.079 0.08 0.08 0.082 0.082 0.0825 0.0825 0.0825 0.074 0.074 0.077 0.077 0.072 0.072 0.072 0.068 0.068 0.07 0.07 0.072 0.072 0.072 0.065 0.065 0.065 0.065 0.0695 0.0695 0.0695 0.07 0.07 0.075 0.075 0.076 0.076 0.084 0.084 0.084 0.082 0.082 0.084 0.084 0.084 0.084 0.084 0.087 0.087 0.089 0.089 0.082 0.082 0.082 0.079 0.079 0.073 0.073 0.084 0.084 0.084 0.086 0.086 0.081
0.079 0.08 0.08 0.083 0.083 0.078 0.078 0.078 0.08 0.08 0.079 0.079 0.083 0.083 0.078 0.078 0.078 0.082 0.082 0.0805 0.0805 0.083 0.083 0.083 0.076 0.076 0.073 0.073 0.0715 0.0715 0.0715 0.0685 0.0685 0.064 0.064 0.074 0.074 0.074 0.07 0.07 0.067 0.067 0.077 0.077 0.077 0.077 0.077 0.084 0.084 0.086 0.086 0.091 0.091 0.091 0.086 0.086 0.081 0.081 0.083 0.083 0.083 0.084 0.084 0.088 0.088 0.088 0.088 0.088 0.083 0.083 0.0865 0.0865 0.08 0.08 0.08 0.085 0.085 0.09
0.079 0.08 0.08 0.083 0.083 0.078 0.078 0.078 0.08 0.08 0.079 0.079 0.083 0.083 0.078 0.078 0.078 0.082 0.082 0.0805 0.0805 0.083 0.083 0.083 0.076 0.076 0.073 0.073 0.0715 0.0715 0.0715 0.0685 0.0685 0.064 0.064 0.074 0.074 0.074 0.07 0.07 0.067 0.067 0.077 0.077 0.077 0.077 0.077 0.084 0.084 0.086 0.086 0.091 0.091 0.091 0.086 0.086 0.081 0.081 0.083 0.083 0.083 0.084 0.084 0.088 0.088 0.088 0.088 0.088 0.083 0.083 0.0865 0.0865 0.08 0.08 0.08 0.085 0.085 0.09
0.083 0.0815 0.0815 0.084 0.084 0.0915 0.0915 0.0915 0.086 0.086 0.0865 0.0865 0.079 0.079 0.077 0.077 0.077 0.081 0.081 0.079 0.079 0.088 0.088 0.088 0.0815 0.0815 0.068 0.068 0.0845 0.0845 0.0845 0.0895 0.0895 0.077 0.077 0.079 0.079 0.079 0.076 0.076 0.08 0.08 0.09 0.09 0.09 0.1 0.1 0.0925 0.0925 0.0915 0.0915 0.088 0.088 0.088 0.093 0.093 0.085 0.085 0.087 0.087 0.087 0.083 0.083 0.088 0.088 0.089 0.089 0.089 0.089 0.089 0.08750001 0.08750001 0.083 0.083 0.083 0.087 0.087 0.09100001
0.083 0.0815 0.0815 0.084 0.084 0.0915 0.0915 0.0915 0.086 0.086 0.0865 0.0865 0.079 0.079 0.077 0.077 0.077 0.081 0.081 0.079 0.079 0.088 0.088 0.088 0.0815 0.0815 0.068 0.068 0.0845 0.0845 0.0845 0.0895 0.0895 0.077 0.077 0.079 0.079 0.079 0.076 0.076 0.08 0.08 0.09 0.09 0.09 0.1 0.1 0.0925 0.0925 0.0915 0.0915 0.088 0.088 0.088 0.093 0.093 0.085 0.085 0.087 0.087 0.087 0.083 0.083 0.088 0.088 0.089 0.089 0.089 0.089 0.089 0.08750001 0.08750001 0.083 0.083 0.083 0.087 0.087 0.09100001
0.085 0.0915 0.0915 0.0845 0.0845 0.09299999 0.09299999 0.09299999 0.0855 0.0855 0.084 0.084 0.088 0.088 0.0865 0.0865 0.0865 0.096 0.096 0.092 0.092 0.086 0.086 0.086 0.09 0.09 0.09450001 0.09450001 0.095 0.095 0.095 0.092 0.092 0.091 0.091 0.084 0.084 0.084 0.077 0.077 0.092 0.092 0.099 0.099 0.099 0.098 0.098 0.092 0.092 0.099 0.099 0.093 0.093 0.093 0.0945 0.0945 0.088 0.088 0.0925 0.0925 0.0925 0.0935 0.0935 0.088 0.088 0.083 0.083 0.083 0.083 0.083 0.083 0.083 0.086 0.086 0.086 0.08750001 0.08750001 0.088
0.085 0.0915 0.0915 0.0845 0.0845 0.09299999 0.09299999 0.09299999 0.0855 0.0855 0.084 0.084 0.088 0.088 0.0865 0.0865 0.0865 0.096 0.096 0.092 0.092 0.086 0.086 0.086 0.09 0.09 0.09450001 0.09450001 0.095 0.095 0.095 0.092 0.092 0.091 0.091 0.084 0.084 0.084 0.077 0.077 0.092 0.092 0.099 0.099 0.099 0.098 0.098 0.092 0.092 0.099 0.099 0.093 0.093 0.093 0.0945 0.0945 0.088 0.088 0.0925 0.0925 0.0925 0.0935 0.0935 0.088 0.088 0.083 0.083 0.083 0.083 0.083 0.083 0.083 0.086 0.086 0.086 0.08750001 0.08750001 0.088
0.094 0.096 0.096 0.087 0.087 0.0885 0.0885 0.0885 0.087 0.087 0.0935 0.0935 0.085 0.085 0.088 0.088 0.088 0.0905 0.0905 0.0895 0.0895 0.0975 0.0975 0.0975 0.087 0.087 0.091 0.091 0.085 0.085 0.085 0.0895 0.0895 0.086 0.086 0.0915 0.0915 0.0915 0.086 0.086 0.103 0.103 0.098 0.098 0.098 0.101 0.101 0.106 0.106 0.109 0.109 0.094 0.094 0.094 0.1015 0.1015 0.097 0.097 0.0945 0.0945 0.0945 0.096 0.096 0.102 0.102 0.101 0.101 0.101 0.0915 0.0915 0.09450001 0.09450001 0.09 0.09 0.09 0.102 0.102 0.09
0.094 0.096 0.096 0.087 0.087 0.0885 0.0885 0.0885 0.087 0.087 0.0935 0.0935 0.085 0.085 0.088 0.088 0.088 0.0905 0.0905 0.0895 0.0895 0.0975 0.0975 0.0975 0.087 0.087 0.091 0.091 0.085 0.085 0.085 0.0895 0.0895 0.086 0.086 0.0915 0.0915 0.0915 0.086 0.086 0.103 0.103 0.098 0.098 0.098 0.101 0.101 0.106 0.106 0.109 0.109 0.094 0.094 0.094 0.1015 0.1015 0.097 0.097 0.0945 0.0945 0.0945 0.096 0.096 0.102 0.102 0.101 0.101 0.101 0.0915 0.0915 0.09450001 0.09450001 0.09 0.09 0.09 0.102 0.102 0.09
0.094 0.096 0.096 0.087 0.087 0.0885 0.0885 0.0885 0.087 0.087 0.0935 0.0935 0.085 0.085 0.088 0.088 0.088 0.0905 0.0905 0.0895 0.0895 0.0975 0.0975 0.0975 0.087 0.087 0.091 0.091 0.085 0.085 0.085 0.0895 0.0895 0.086 0.086 0.0915 0.0915 0.0915 0.086 0.086 0.103 0.103 0.098 0.098 0.098 0.101 0.101 0.106 0.106 0.109 0.109 0.094 0.094 0.094 0.1015 0.1015 0.097 0.097 0.0945 0.0945 0.0945 0.096 0.096 0.102 0.102 0.101 0.101 0.101 0.0915 0.0915 0.09450001 0.09450001 0.09 0.09 0.09 0.102 0.102 0.09
0.0985 0.0955 0.0955 0.09649999 0.09649999 0.0915 0.0915 0.0915 0.088 0.088 0.09649999 0.09649999 0.1 0.1 0.1005 0.1005 0.1005 0.101 0.101 0.101 0.101 0.1 0.1 0.1 0.0995 0.0995 0.0925 0.0925 0.085 0.085 0.085 0.0915 0.0915 0.084 0.084 0.09 0.09 0.09 0.0935 0.0935 0.097 0.097 0.1055 0.1055 0.1055 0.106 0.106 0.109 0.109 0.108 0.108 0.105 0.105 0.105 0.1 0.1 0.099 0.099 0.102 0.102 0.102 0.097 0.097 0.099 0.099 0.105 0.105 0.105 0.095 0.095 0.088 0.088 0.094 0.094 0.094 0.092 0.092 0.092
0.0985 0.0955 0.0955 0.09649999 0.09649999 0.0915 0.0915 0.0915 0.088 0.088 0.09649999 0.09649999 0.1 0.1 0.1005 0.1005 0.1005 0.101 0.101 0.101 0.101 0.1 0.1 0.1 0.0995 0.0995 0.0925 0.0925 0.085 0.085 0.085 0.0915 0.0915 0.084 0.084 0.09 0.09 0.09 0.0935 0.0935 0.097 0.097 0.1055 0.1055 0.1055 0.106 0.106 0.109 0.109 0.108 0.108 0.105 0.105 0.105 0.1 0.1 0.099 0.099 0.102 0.102 0.102 0.097 0.097 0.099 0.099 0.105 0.105 0.105 0.095 0.095 0.088 0.088 0.094 0.094 0.094 0.092 0.092 0.092
0.0915 0.097 0.097 0.093 0.093 0.092 0.092 0.092 0.0975 0.0975 0.094 0.094 0.0965 0.0965 0.096 0.096 0.096 0.1 0.1 0.102 0.102 0.1015 0.1015 0.1015 0.101 0.101 0.09299999 0.09299999 0.0985 0.0985 0.0985 0.09 0.09 0.091 0.091 0.097 0.097 0.097 0.099 0.099 0.099 0.099 0.106 0.106 0.106 0.1095 0.1095 0.108 0.108 0.112 0.112 0.114 0.114 0.114 0.112 0.112 0.1155 0.1155 0.119 0.119 0.119 0.1 0.1 0.1025 0.1025 0.1025 0.1025 0.1025 0.0895 0.0895 0.09 0.09 0.098 0.098 0.098 0.095 0.095 0.088
0.0915 0.097 0.097 0.093 0.093 0.092 0.092 0.092 0.0975 0.0975 0.094 0.094 0.0965 0.0965 0.096 0.096 0.096 0.1 0.1 0.102 0.102 0.1015 0.1015 0.1015 0.101 0.101 0.09299999 0.09299999 0.0985 0.0985 0.0985 0.09 0.09 0.091 0.091 0.097 0.097 0.097 0.099 0.099 0.099 0.099 0.106 0.106 0.106 0.1095 0.1095 0.108 0.108 0.112 0.112 0.114 0.114 0.114 0.112 0.112 0.1155 0.1155 0.119 0.119 0.119 0.1 0.1 0.1025 0.1025 0.1025 0.1025 0.1025 0.0895 0.0895 0.09 0.09 0.098 0.098 0.098 0.095 0.095 0.088
0.093 0.087 0.087 0.0995 0.0995 0.1 0.1 0.1 0.096 0.096 0.101 0.101 0.092 0.092 0.09 0.09 0.09 0.0945 0.0945 0.0995 0.0995 0.1 0.1 0.1 0.101 0.101 0.102 0.102 0.107 0.107 0.107 0.1055 0.1055 0.1 0.1 0.086 0.086 0.086 0.0955 0.0955 0.103 0.103 0.102 0.102 0.102 0.1105 0.1105 0.115 0.115 0.123 0.123 0.111 0.111 0.111 0.103 0.103 0.1195 0.1195 0.123 0.123 0.123 0.122 0.122 0.115 0.115 0.099 0.099 0.099 0.108 0.108 0.102 0.102 0.0945 0.0945 0.0945 0.138 0.138 0.134
0.093 0.087 0.087 0.0995 0.0995 0.1 0.1 0.1 0.096 0.096 0.101 0.101 0.092 0.092 0.09 0.09 0.09 0.0945 0.0945 0.0995 0.0995 0.1 0.1 0.1 0.101 0.101 0.102 0.102 0.107 0.107 0.107 0.1055 0.1055 0.1 0.1 0.086 0.086 0.086 0.0955 0.0955 0.103 0.103 0.102 0.102 0.102 0.1105 0.1105 0.115 0.115 0.123 0.123 0.111 0.111 0.111 0.103 0.103 0.1195 0.1195 0.123 0.123 0.123 0.122 0.122 0.115 0.115 0.099 0.099 0.099 0.108 0.108 0.102 0.102 0.0945 0.0945 0.0945 0.138 0.138 0.134
0.093 0.087 0.087 0.0995 0.0995 0.1 0.1 0.1 0.096 0.096 0.101 0.101 0.092 0.092 0.09 0.09 0.09 0.0945 0.0945 0.0995 0.0995 0.1 0.1 0.1 0.101 0.101 0.102 0.102 0.107 0.107 0.107 0.1055 0.1055 0.1 0.1 0.086 0.086 0.086 0.0955 0.0955 0.103 0.103 0.102 0.102 0.102 0.1105 0.1105 0.115 0.115 0.123 0.123 0.111 0.111 0.111 0.103 0.103 0.1195 0.1195 0.123 0.123 0.123 0.122 0.122 0.115 0.115 0.099 0.099 0.099 0.108 0.108 0.102 0.102 0.0945 0.0945 0.0945 0.138 0.138 0.134
0.099 0.099 0.099 0.1025 0.1025 0.097 0.097 0.097 0.103 0.103 0.097 0.097 0.1025 0.1025 0.104 0.104 0.104 0.096 0.096 0.101 0.101 0.0995 0.0995 0.0995 0.1035 0.1035 0.104 0.104 0.101 0.101 0.101 0.114 0.114 0.1135 0.1135 0.1075 0.1075 0.1075 0.095 0.095 0.119 0.119 0.119 0.119 0.119 0.118 0.118 0.1165 0.1165 0.115 0.115 0.107 0.107 0.107 0.096 0.096 0.1155 0.1155 0.1295 0.1295 0.1295 0.134 0.134 0.116 0.116 0.101 0.101 0.101 0.116 0.116 0.118 0.118 0.1035 0.1035 0.1035 0.098 0.098 0.145
0.099 0.099 0.099 0.1025 0.1025 0.097 0.097 0.097 0.103 0.103 0.097 0.097 0.1025 0.1025 0.104 0.104 0.104 0.096 0.096 0.101 0.101 0.0995 0.0995 0.0995 0.1035 0.1035 0.104 0.104 0.101 0.101 0.101 0.114 0.114 0.1135 0.1135 0.1075 0.1075 0.1075 0.095 0.095 0.119 0.119 0.119 0.119 0.119 0.118 0.118 0.1165 0.1165 0.115 0.115 0.107 0.107 0.107 0.096 0.096 0.1155 0.1155 0.1295 0.1295 0.1295 0.134 0.134 0.116 0.116 0.101 0.101 0.101 0.116 0.116 0.118 0.118 0.1035 0.1035 0.1035 0.098 0.098 0.145
0.1035 0.1005 0.1005 0.1055 0.1055 0.1095 0.1095 0.1095 0.1 0.1 0.1135 0.1135 0.1175 0.1175 0.1195 0.1195 0.1195 0.107 0.107 0.105 0.105 0.108 0.108 0.108 0.109 0.109 0.1145 0.1145 0.1175 0.1175 0.1175 0.118 0.118 0.1105 0.1105 0.109 0.109 0.109 0.1055 0.1055 0.116 0.116 0.114 0.114 0.114 0.1385 0.1385 0.122 0.122 0.1205 0.1205 0.104 0.104 0.104 0.101 0.101 0.102 0.102 0.1265 0.1265 0.1265 0.13 0.13 0.143 0.143 0.104 0.104 0.104 0.11 0.11 0.103 0.103 0.104 0.104 0.104 0.097 0.097 0.145
0.1035 0.1005 0.1005 0.1055 0.1055 0.1095 0.1095 0.1095 0.1 0.1 0.1135 0.1135 0.1175 0.1175 0.1195 0.1195 0.1195 0.107 0.107 0.105 0.105 0.108 0.108 0.108 0.109 0.109 0.1145 0.1145 0.1175 0.1175 0.1175 0.118 0.118 0.1105 0.1105 0.109 0.109 0.109 0.1055 0.1055 0.116 0.116 0.114 0.114 0.114 0.1385 0.1385 0.122 0.122 0.1205 0.1205 0.104 0.104 0.104 0.101 0.101 0.102 0.102 0.1265 0.1265 0.1265 0.13 0.13 0.143 0.143 0.104 0.104 0.104 0.11 0.11 0.103 0.103 0.104 0.104 0.104 0.097 0.097 0.145
0.099 0.1125 0.1125 0.1055 0.1055 0.121 0.121 0.121 0.1225 0.1225 0.1225 0.1225 0.123 0.123 0.12 0.12 0.12 0.1195 0.1195 0.1125 0.1125 0.114 0.114 0.114 0.116 0.116 0.1175 0.1175 0.12 0.12 0.12 0.119 0.119 0.11 0.11 0.1105 0.1105 0.1105 0.107 0.107 0.115 0.115 0.131 0.131 0.131 0.13 0.13 0.137 0.137 0.117 0.117 0.111 0.111 0.111 0.112 0.112 0.1235 0.1235 0.123 0.123 0.123 0.1285 0.1285 0.136 0.136 0.1265 0.1265 0.1265 0.13 0.13 0.102 0.102 0.095 0.095 0.095 0.099 0.099 0.106
0.099 0.1125 0.1125 0.1055 0.1055 0.121 0.121 0.121 0.1225 0.1225 0.1225 0.1225 0.123 0.123 0.12 0.12 0.12 0.1195 0.1195 0.1125 0.1125 0.114 0.114 0.114 0.116 0.116 0.1175 0.1175 0.12 0.12 0.12 0.119 0.119 0.11 0.11 0.1105 0.1105 0.1105 0.107 0.107 0.115 0.115 0.131 0.131 0.131 0.13 0.13 0.137 0.137 0.117 0.117 0.111 0.111 0.111 0.112 0.112 0.1235 0.1235 0.123 0.123 0.123 0.1285 0.1285 0.136 0.136 0.1265 0.1265 0.1265 0.13 0.13 0.102 0.102 0.095 0.095 0.095 0.099 0.099 0.106
0.099 0.1125 0.1125 0.1055 0.1055 0.121 0.121 0.121 0.1225 0.1225 0.1225 0.1225 0.123 0.123 0.12 0.12 0.12 0.1195 0.1195 0.1125 0.1125 0.114 0.114 0.114 0.116 0.116 0.1175 0.1175 0.12 0.12 0.12 0.119 0.119 0.11 0.11 0.1105 0.1105 0.1105 0.107 0.107 0.115 0.115 0.131 0.131 0.131 0.13 0.13 0.137 0.137 0.117 0.117 0.111 0.111 0.111 0.112 0.112 0.1235 0.1235 0.123 0.123 0.123 0.1285 0.1285 0.136 0.136 0.1265 0.1265 0.1265 0.13 0.13 0.102 0.102 0.095 0.095 0.095 0.099 0.099 0.106
0.101 0.122 0.122 0.129 0.129 0.132 0.132 0.132 0.1315 0.1315 0.127 0.127 0.126 0.126 0.129 0.129 0.129 0.1155 0.1155 0.1145 0.1145 0.1135 0.1135 0.1135 0.1155 0.1155 0.118 0.118 0.1195 0.1195 0.1195 0.1175 0.1175 0.116 0.116 0.117 0.117 0.117 0.1125 0.1125 0.117 0.117 0.1225 0.1225 0.1225 0.125 0.125 0.134 0.134 0.118 0.118 0.125 0.125 0.125 0.134 0.134 0.131 0.131 0.135 0.135 0.135 0.135 0.135 0.147 0.147 0.125 0.125 0.125 0.1295 0.1295 0.097 0.097 0.102 0.102 0.102 0.107 0.107 0.118
0.101 0.122 0.122 0.129 0.129 0.132 0.132 0.132 0.1315 0.1315 0.127 0.127 0.126 0.126 0.129 0.129 0.129 0.1155 0.1155 0.1145 0.1145 0.1135 0.1135 0.1135 0.1155 0.1155 0.118 0.118 0.1195 0.1195 0.1195 0.1175 0.1175 0.116 0.116 0.117 0.117 0.117 0.1125 0.1125 0.117 0.117 0.1225 0.1225 0.1225 0.125 0.125 0.134 0.134 0.118 0.118 0.125 0.125 0.125 0.134 0.134 0.131 0.131 0.135 0.135 0.135 0.135 0.135 0.147 0.147 0.125 0.125 0.125 0.1295 0.1295 0.097 0.097 0.102 0.102 0.102 0.107 0.107 0.118
0.1325 0.125 0.125 0.13 0.13 0.1265 0.1265 0.1265 0.1295 0.1295 0.1315 0.1315 0.139 0.139 0.1335 0.1335 0.1335 0.126 0.126 0.122 0.122 0.115 0.115 0.115 0.1195 0.1195 0.121 0.121 0.1155 0.1155 0.1155 0.1205 0.1205 0.1195 0.1195 0.123 0.123 0.123 0.123 0.123 0.1265 0.1265 0.13 0.13 0.13 0.1275 0.1275 0.1305 0.1305 0.139 0.139 0.128 0.128 0.128 0.149 0.149 0.1655 0.1655 0.161 0.161 0.161 0.148 0.148 0.152 0.152 0.143 0.143 0.143 0.13 0.13 0.107 0.107 0.1045 0.1045 0.1045 0.108 0.108 0.101
0.1325 0.125 0.125 0.13 0.13 0.1265 0.1265 0.1265 0.1295 0.1295 0.1315 0.1315 0.139 0.139 0.1335 0.1335 0.1335 0.126 0.126 0.122 0.122 0.115 0.115 0.115 0.1195 0.1195 0.121 0.121 0.1155 0.1155 0.1155 0.1205 0.1205 0.1195 0.1195 0.123 0.123 0.123 0.123 0.123 0.1265 0.1265 0.13 0.13 0.13 0.1275 0.1275 0.1305 0.1305 0.139 0.139 0.128 0.128 0.128 0.149 0.149 0.1655 0.1655 0.161 0.161 0.161 0.148 0.148 0.152 0.152 0.143 0.143 0.143 0.13 0.13 0.107 0.107 0.1045 0.1045 0.1045 0.108 0.108 0.101
0.1255 0.1245 0.1245 0.124 0.124 0.1135 0.1135 0.1135 0.1275 0.1275 0.138 0.138 0.136 0.136 0.1265 0.1265 0.1265 0.122 0.122 0.124 0.124 0.126 0.126 0.126 0.1275 0.1275 0.1285 0.1285 0.125 0.125 0.125 0.1245 0.1245 0.129 0.129 0.125 0.125 0.125 0.124 0.124 0.124 0.124 0.152 0.152 0.152 0.1495 0.1495 0.138 0.138 0.1265 0.1265 0.138 0.138 0.138 0.149 0.149 0.159 0.159 0.152 0.152 0.152 0.141 0.141 0.153 0.153 0.164 0.164 0.164 0.1405 0.1405 0.1545 0.1545 0.1175 0.1175 0.1175 0.117 0.117 0.114
0.1255 0.1245 0.1245 0.124 0.124 0.1135 0.1135 0.1135 0.1275 0.1275 0.138 0.138 0.136 0.136 0.1265 0.1265 0.1265 0.122 0.122 0.124 0.124 0.126 0.126 0.126 0.1275 0.1275 0.1285 0.1285 0.125 0.125 0.125 0.1245 0.1245 0.129 0.129 0.125 0.125 0.125 0.124 0.124 0.124 0.124 0.152 0.152 0.152 0.1495 0.1495 0.138 0.138 0.1265 0.1265 0.138 0.138 0.138 0.149 0.149 0.159 0.159 0.152 0.152 0.152 0.141 0.141 0.153 0.153 0.164 0.164 0.164 0.1405 0.1405 0.1545 0.1545 0.1175 0.1175 0.1175 0.117 0.117 0.114
