ndvi/NOAA-48.asc
ncols         252
nrows         154
xllcorner     -18.017974
yllcorner     13.481982
cellsize      0.035948
NODATA_value  -9999
[rows 0 to 33 of 154, columns 154 to 230 of 252]
0.1 0.0975 0.0975 0.0995 0.0995 0.0995 0.1025 0.1025 0.102 0.102 0.108 0.108 0.102 0.102 0.102 0.105 0.105 0.107 0.107 0.101 0.101 0.101 0.1005 0.1005 0.1025 0.1025 0.099 0.099 0.099 0.1025 0.1025 0.09999999 0.09999999 0.099 0.099 0.099 0.101 0.101 0.1 0.1 0.098 0.098 0.098 0.105 0.105 0.1025 0.1025 0.1045 0.1045 0.107 0.107 0.107 0.108 0.108 0.1115 0.1115 0.114 0.114 0.114 0.112 0.112 0.1045 0.1045 0.0985 0.0985 0.0985 0.09450001 0.09450001 0.098 0.098 0.097 0.097 0.097 0.0975 0.0975 0.0895 0.0895
0.1 0.0975 0.0975 0.0995 0.0995 0.0995 0.1025 0.1025 0.102 0.102 0.108 0.108 0.102 0.102 0.102 0.105 0.105 0.107 0.107 0.101 0.101 0.101 0.1005 0.1005 0.1025 0.1025 0.099 0.099 0.099 0.1025 0.1025 0.09999999 0.09999999 0.099 0.099 0.099 0.101 0.101 0.1 0.1 0.098 0.098 0.098 0.105 0.105 0.1025 0.1025 0.1045 0.1045 0.107 0.107 0.107 0.108 0.108 0.1115 0.1115 0.114 0.114 0.114 0.112 0.112 0.1045 0.1045 0.0985 0.0985 0.0985 0.09450001 0.09450001 0.098 0.098 0.097 0.097 0.097 0.0975 0.0975 0.0895 0.0895
0.0955 0.099 0.099 0.099 0.099 0.099 0.104 0.104 0.1045 0.1045 0.1015 0.1015 0.0995 0.0995 0.0995 0.1065 0.1065 0.098 0.098 0.106 0.106 0.106 0.1015 0.1015 0.103 0.103 0.1045 0.1045 0.1045 0.11 0.11 0.1055 0.1055 0.1045 0.1045 0.1045 0.1055 0.1055 0.109 0.109 0.103 0.103 0.103 0.117 0.117 0.114 0.114 0.109 0.109 0.1095 0.1095 0.1095 0.1065 0.1065 0.114 0.114 0.1085 0.1085 0.1085 0.1195 0.1195 0.1065 0.1065 0.0975 0.0975 0.0975 0.1035 0.1035 0.0995 0.0995 0.095 0.095 0.095 0.0905 0.0905 0.089 0.089
0.0955 0.099 0.099 0.099 0.099 0.099 0.104 0.104 0.1045 0.1045 0.1015 0.1015 0.0995 0.0995 0.0995 0.1065 0.1065 0.098 0.098 0.106 0.106 0.106 0.1015 0.1015 0.103 0.103 0.1045 0.1045 0.1045 0.11 0.11 0.1055 0.1055 0.1045 0.1045 0.1045 0.1055 0.1055 0.109 0.109 0.103 0.103 0.103 0.117 0.117 0.114 0.114 0.109 0.109 0.1095 0.1095 0.1095 0.1065 0.1065 0.114 0.114 0.1085 0.1085 0.1085 0.1195 0.1195 0.1065 0.1065 0.0975 0.0975 0.0975 0.1035 0.1035 0.0995 0.0995 0.095 0.095 0.095 0.0905 0.0905 0.089 0.089
0.0955 0.099 0.099 0.099 0.099 0.099 0.104 0.104 0.1045 0.1045 0.1015 0.1015 0.0995 0.0995 0.0995 0.1065 0.1065 0.098 0.098 0.106 0.106 0.106 0.1015 0.1015 0.103 0.103 0.1045 0.1045 0.1045 0.11 0.11 0.1055 0.1055 0.1045 0.1045 0.1045 0.1055 0.1055 0.109 0.109 0.103 0.103 0.103 0.117 0.117 0.114 0.114 0.109 0.109 0.1095 0.1095 0.1095 0.1065 0.1065 0.114 0.114 0.1085 0.1085 0.1085 0.1195 0.1195 0.1065 0.1065 0.0975 0.0975 0.0975 0.1035 0.1035 0.0995 0.0995 0.095 0.095 0.095 0.0905 0.0905 0.089 0.089
0.1005 0.09649999 0.09649999 0.1015 0.1015 0.1015 0.1045 0.1045 0.111 0.111 0.11 0.11 0.105 0.105 0.105 0.105 0.105 0.104 0.104 0.1005 0.1005 0.1005 0.1065 0.1065 0.113 0.113 0.1185 0.1185 0.1185 0.117 0.117 0.116 0.116 0.1135 0.1135 0.1135 0.1115 0.1115 0.11 0.11 0.1165 0.1165 0.1165 0.1135 0.1135 0.11 0.11 0.1135 0.1135 0.1195 0.1195 0.1195 0.1155 0.1155 0.113 0.113 0.11 0.11 0.11 0.1115 0.1115 0.103 0.103 0.106 0.106 0.106 0.1015 0.1015 0.0955 0.0955 0.0925 0.0925 0.0925 0.095 0.095 0.089 0.089
0.1005 0.09649999 0.09649999 0.1015 0.1015 0.1015 0.1045 0.1045 0.111 0.111 0.11 0.11 0.105 0.105 0.105 0.105 0.105 0.104 0.104 0.1005 0.1005 0.1005 0.1065 0.1065 0.113 0.113 0.1185 0.1185 0.1185 0.117 0.117 0.116 0.116 0.1135 0.1135 0.1135 0.1115 0.1115 0.11 0.11 0.1165 0.1165 0.1165 0.1135 0.1135 0.11 0.11 0.1135 0.1135 0.1195 0.1195 0.1195 0.1155 0.1155 0.113 0.113 0.11 0.11 0.11 0.1115 0.1115 0.103 0.103 0.106 0.106 0.106 0.1015 0.1015 0.0955 0.0955 0.0925 0.0925 0.0925 0.095 0.095 0.089 0.089
0.102 0.1055 0.1055 0.1095 0.1095 0.1095 0.1055 0.1055 0.1055 0.1055 0.1095 0.1095 0.107 0.107 0.107 0.1005 0.1005 0.1085 0.1085 0.1065 0.1065 0.1065 0.109 0.109 0.1085 0.1085 0.115 0.115 0.115 0.1085 0.1085 0.112 0.112 0.1075 0.1075 0.1075 0.108 0.108 0.1065 0.1065 0.1085 0.1085 0.1085 0.1075 0.1075 0.107 0.107 0.114 0.114 0.1165 0.1165 0.1165 0.118 0.118 0.114 0.114 0.113 0.113 0.113 0.111 0.111 0.111 0.111 0.104 0.104 0.104 0.1065 0.1065 0.103 0.103 0.0995 0.0995 0.0995 0.097 0.097 0.092 0.092
0.102 0.1055 0.1055 0.1095 0.1095 0.1095 0.1055 0.1055 0.1055 0.1055 0.1095 0.1095 0.107 0.107 0.107 0.1005 0.1005 0.1085 0.1085 0.1065 0.1065 0.1065 0.109 0.109 0.1085 0.1085 0.115 0.115 0.115 0.1085 0.1085 0.112 0.112 0.1075 0.1075 0.1075 0.108 0.108 0.1065 0.1065 0.1085 0.1085 0.1085 0.1075 0.1075 0.107 0.107 0.114 0.114 0.1165 0.1165 0.1165 0.118 0.118 0.114 0.114 0.113 0.113 0.113 0.111 0.111 0.111 0.111 0.104 0.104 0.104 0.1065 0.1065 0.103 0.103 0.0995 0.0995 0.0995 0.097 0.097 0.092 0.092
0.1035 0.1095 0.1095 0.103 0.103 0.103 0.1055 0.1055 0.108 0.108 0.1075 0.1075 0.109 0.109 0.109 0.11 0.11 0.113 0.113 0.11 0.11 0.11 0.1125 0.1125 0.1085 0.1085 0.1075 0.1075 0.1075 0.1055 0.1055 0.113 0.113 0.106 0.106 0.106 0.1045 0.1045 0.0975 0.0975 0.102 0.102 0.102 0.108 0.108 0.1065 0.1065 0.114 0.114 0.1145 0.1145 0.1145 0.114 0.114 0.112 0.112 0.116 0.116 0.116 0.117 0.117 0.1075 0.1075 0.104 0.104 0.104 0.102 0.102 0.1005 0.1005 0.0975 0.0975 0.0975 0.0985 0.0985 0.09649999 0.09649999
0.1035 0.1095 0.1095 0.103 0.103 0.103 0.1055 0.1055 0.108 0.108 0.1075 0.1075 0.109 0.109 0.109 0.11 0.11 0.113 0.113 0.11 0.11 0.11 0.1125 0.1125 0.1085 0.1085 0.1075 0.1075 0.1075 0.1055 0.1055 0.113 0.113 0.106 0.106 0.106 0.1045 0.1045 0.0975 0.0975 0.102 0.102 0.102 0.108 0.108 0.1065 0.1065 0.114 0.114 0.1145 0.1145 0.1145 0.114 0.114 0.112 0.112 0.116 0.116 0.116 0.117 0.117 0.1075 0.1075 0.104 0.104 0.104 0.102 0.102 0.1005 0.1005 0.0975 0.0975 0.0975 0.0985 0.0985 0.09649999 0.09649999
0.108 0.1065 0.1065 0.09999999 0.09999999 0.09999999 0.1055 0.1055 0.1085 0.1085 0.107 0.107 0.11 0.11 0.11 0.1135 0.1135 0.1195 0.1195 0.107 0.107 0.107 0.11 0.11 0.108 0.108 0.1135 0.1135 0.1135 0.103 0.103 0.11 0.11 0.107 0.107 0.107 0.106 0.106 0.1055 0.1055 0.105 0.105 0.105 0.103 0.103 0.112 0.112 0.12 0.12 0.11 0.11 0.11 0.112 0.112 0.1165 0.1165 0.117 0.117 0.117 0.1095 0.1095 0.102 0.102 0.0955 0.0955 0.0955 0.0915 0.0915 0.09649999 0.09649999 0.0905 0.0905 0.0905 0.0925 0.0925 0.0955 0.0955
0.108 0.1065 0.1065 0.09999999 0.09999999 0.09999999 0.1055 0.1055 0.1085 0.1085 0.107 0.107 0.11 0.11 0.11 0.1135 0.1135 0.1195 0.1195 0.107 0.107 0.107 0.11 0.11 0.108 0.108 0.1135 0.1135 0.1135 0.103 0.103 0.11 0.11 0.107 0.107 0.107 0.106 0.106 0.1055 0.1055 0.105 0.105 0.105 0.103 0.103 0.112 0.112 0.12 0.12 0.11 0.11 0.11 0.112 0.112 0.1165 0.1165 0.117 0.117 0.117 0.1095 0.1095 0.102 0.102 0.0955 0.0955 0.0955 0.0915 0.0915 0.09649999 0.09649999 0.0905 0.0905 0.0905 0.0925 0.0925 0.0955 0.0955
0.108 0.1065 0.1065 0.09999999 0.09999999 0.09999999 0.1055 0.1055 0.1085 0.1085 0.107 0.107 0.11 0.11 0.11 0.1135 0.1135 0.1195 0.1195 0.107 0.107 0.107 0.11 0.11 0.108 0.108 0.1135 0.1135 0.1135 0.103 0.103 0.11 0.11 0.107 0.107 0.107 0.106 0.106 0.1055 0.1055 0.105 0.105 0.105 0.103 0.103 0.112 0.112 0.12 0.12 0.11 0.11 0.11 0.112 0.112 0.1165 0.1165 0.117 0.117 0.117 0.1095 0.1095 0.102 0.102 0.0955 0.0955 0.0955 0.0915 0.0915 0.09649999 0.09649999 0.0905 0.0905 0.0905 0.0925 0.0925 0.0955 0.0955
0.109 0.107 0.107 0.105 0.105 0.105 0.1035 0.1035 0.1185 0.1185 0.1065 0.1065 0.111 0.111 0.111 0.122 0.122 0.116 0.116 0.1195 0.1195 0.1195 0.111 0.111 0.1165 0.1165 0.1135 0.1135 0.1135 0.1065 0.1065 0.115 0.115 0.1045 0.1045 0.1045 0.106 0.106 0.1065 0.1065 0.1055 0.1055 0.1055 0.111 0.111 0.1115 0.1115 0.11 0.11 0.0985 0.0985 0.0985 0.098 0.098 0.106 0.106 0.105 0.105 0.105 0.1025 0.1025 0.09999999 0.09999999 0.0865 0.0865 0.0865 0.0925 0.0925 0.0925 0.0925 0.0895 0.0895 0.0895 0.0935 0.0935 0.1005 0.1005
0.109 0.107 0.107 0.105 0.105 0.105 0.1035 0.1035 0.1185 0.1185 0.1065 0.1065 0.111 0.111 0.111 0.122 0.122 0.116 0.116 0.1195 0.1195 0.1195 0.111 0.111 0.1165 0.1165 0.1135 0.1135 0.1135 0.1065 0.1065 0.115 0.115 0.1045 0.1045 0.1045 0.106 0.106 0.1065 0.1065 0.1055 0.1055 0.1055 0.111 0.111 0.1115 0.1115 0.11 0.11 0.0985 0.0985 0.0985 0.098 0.098 0.106 0.106 0.105 0.105 0.105 0.1025 0.1025 0.09999999 0.09999999 0.0865 0.0865 0.0865 0.0925 0.0925 0.0925 0.0925 0.0895 0.0895 0.0895 0.0935 0.0935 0.1005 0.1005
0.103 0.1095 0.1095 0.1035 0.1035 0.1035 0.1095 0.1095 0.117 0.117 0.111 0.111 0.113 0.113 0.113 0.118 0.118 0.1125 0.1125 0.116 0.116 0.116 0.112 0.112 0.1075 0.1075 0.1125 0.1125 0.1125 0.1035 0.1035 0.101 0.101 0.101 0.101 0.101 0.109 0.109 0.099 0.099 0.1015 0.1015 0.1015 0.09 0.09 0.0855 0.0855 0.081 0.081 0.0895 0.0895 0.0895 0.0965 0.0965 0.094 0.094 0.09649999 0.09649999 0.09649999 0.0985 0.0985 0.09450001 0.09450001 0.0865 0.0865 0.0865 0.0915 0.0915 0.0905 0.0905 0.093 0.093 0.093 0.09450001 0.09450001 0.1055 0.1055
0.103 0.1095 0.1095 0.1035 0.1035 0.1035 0.1095 0.1095 0.117 0.117 0.111 0.111 0.113 0.113 0.113 0.118 0.118 0.1125 0.1125 0.116 0.116 0.116 0.112 0.112 0.1075 0.1075 0.1125 0.1125 0.1125 0.1035 0.1035 0.101 0.101 0.101 0.101 0.101 0.109 0.109 0.099 0.099 0.1015 0.1015 0.1015 0.09 0.09 0.0855 0.0855 0.081 0.081 0.0895 0.0895 0.0895 0.0965 0.0965 0.094 0.094 0.09649999 0.09649999 0.09649999 0.0985 0.0985 0.09450001 0.09450001 0.0865 0.0865 0.0865 0.0915 0.0915 0.0905 0.0905 0.093 0.093 0.093 0.09450001 0.09450001 0.1055 0.1055
0.1135 0.14 0.14 0.148 0.148 0.148 0.1055 0.1055 0.0935 0.0935 0.1035 0.1035 0.1015 0.1015 0.1015 0.1015 0.1015 0.1075 0.1075 0.1095 0.1095 0.1095 0.106 0.106 0.097 0.097 0.09299999 0.09299999 0.09299999 0.08750001 0.08750001 0.081 0.081 0.09100001 0.09100001 0.09100001 0.0965 0.0965 0.103 0.103 0.1105 0.1105 0.1105 0.1 0.1 0.0925 0.0925 0.0925 0.0925 0.0935 0.0935 0.0935 0.098 0.098 0.09999999 0.09999999 0.098 0.098 0.098 0.098 0.098 0.09999999 0.09999999 0.0925 0.0925 0.0925 0.091 0.091 0.098 0.098 0.098 0.098 0.098 0.104 0.104 0.1035 0.1035
0.1135 0.14 0.14 0.148 0.148 0.148 0.1055 0.1055 0.0935 0.0935 0.1035 0.1035 0.1015 0.1015 0.1015 0.1015 0.1015 0.1075 0.1075 0.1095 0.1095 0.1095 0.106 0.106 0.097 0.097 0.09299999 0.09299999 0.09299999 0.08750001 0.08750001 0.081 0.081 0.09100001 0.09100001 0.09100001 0.0965 0.0965 0.103 0.103 0.1105 0.1105 0.1105 0.1 0.1 0.0925 0.0925 0.0925 0.0925 0.0935 0.0935 0.0935 0.098 0.098 0.09999999 0.09999999 0.098 0.098 0.098 0.098 0.098 0.09999999 0.09999999 0.0925 0.0925 0.0925 0.091 0.091 0.098 0.098 0.098 0.098 0.098 0.104 0.104 0.1035 0.1035
0.1135 0.14 0.14 0.148 0.148 0.148 0.1055 0.1055 0.0935 0.0935 0.1035 0.1035 0.1015 0.1015 0.1015 0.1015 0.1015 0.1075 0.1075 0.1095 0.1095 0.1095 0.106 0.106 0.097 0.097 0.09299999 0.09299999 0.09299999 0.08750001 0.08750001 0.081 0.081 0.09100001 0.09100001 0.09100001 0.0965 0.0965 0.103 0.103 0.1105 0.1105 0.1105 0.1 0.1 0.0925 0.0925 0.0925 0.0925 0.0935 0.0935 0.0935 0.098 0.098 0.09999999 0.09999999 0.098 0.098 0.098 0.098 0.098 0.09999999 0.09999999 0.0925 0.0925 0.0925 0.091 0.091 0.098 0.098 0.098 0.098 0.098 0.104 0.104 0.1035 0.1035
0.1305 0.1285 0.1285 0.14 0.14 0.14 0.11 0.11 0.105 0.105 0.11 0.11 0.099 0.099 0.099 0.108 0.108 0.1145 0.1145 0.111 0.111 0.111 0.107 0.107 0.105 0.105 0.096 0.096 0.096 0.09649999 0.09649999 0.0845 0.0845 0.0975 0.0975 0.0975 0.112 0.112 0.1115 0.1115 0.1055 0.1055 0.1055 0.106 0.106 0.108 0.108 0.104 0.104 0.102 0.102 0.102 0.099 0.099 0.1035 0.1035 0.1005 0.1005 0.1005 0.0975 0.0975 0.097 0.097 0.099 0.099 0.099 0.102 0.102 0.102 0.102 0.1045 0.1045 0.1045 0.1015 0.1015 0.098 0.098
0.1305 0.1285 0.1285 0.14 0.14 0.14 0.11 0.11 0.105 0.105 0.11 0.11 0.099 0.099 0.099 0.108 0.108 0.1145 0.1145 0.111 0.111 0.111 0.107 0.107 0.105 0.105 0.096 0.096 0.096 0.09649999 0.09649999 0.0845 0.0845 0.0975 0.0975 0.0975 0.112 0.112 0.1115 0.1115 0.1055 0.1055 0.1055 0.106 0.106 0.108 0.108 0.104 0.104 0.102 0.102 0.102 0.099 0.099 0.1035 0.1035 0.1005 0.1005 0.1005 0.0975 0.0975 0.097 0.097 0.099 0.099 0.099 0.102 0.102 0.102 0.102 0.1045 0.1045 0.1045 0.1015 0.1015 0.098 0.098
0.1175 0.1245 0.1245 0.137 0.137 0.137 0.131 0.131 0.117 0.117 0.1135 0.1135 0.111 0.111 0.111 0.1105 0.1105 0.115 0.115 0.131 0.131 0.131 0.134 0.134 0.133 0.133 0.121 0.121 0.121 0.12 0.12 0.1265 0.1265 0.1245 0.1245 0.1245 0.121 0.121 0.111 0.111 0.1105 0.1105 0.1105 0.108 0.108 0.105 0.105 0.11 0.11 0.104 0.104 0.104 0.103 0.103 0.1025 0.1025 0.099 0.099 0.099 0.1035 0.1035 0.1055 0.1055 0.1085 0.1085 0.1085 0.1055 0.1055 0.1045 0.1045 0.1045 0.1045 0.1045 0.109 0.109 0.096 0.096
0.1175 0.1245 0.1245 0.137 0.137 0.137 0.131 0.131 0.117 0.117 0.1135 0.1135 0.111 0.111 0.111 0.1105 0.1105 0.115 0.115 0.131 0.131 0.131 0.134 0.134 0.133 0.133 0.121 0.121 0.121 0.12 0.12 0.1265 0.1265 0.1245 0.1245 0.1245 0.121 0.121 0.111 0.111 0.1105 0.1105 0.1105 0.108 0.108 0.105 0.105 0.11 0.11 0.104 0.104 0.104 0.103 0.103 0.1025 0.1025 0.099 0.099 0.099 0.1035 0.1035 0.1055 0.1055 0.1085 0.1085 0.1085 0.1055 0.1055 0.1045 0.1045 0.1045 0.1045 0.1045 0.109 0.109 0.096 0.096
0.1155 0.117 0.117 0.1395 0.1395 0.1395 0.166 0.166 0.1355 0.1355 0.1365 0.1365 0.125 0.125 0.125 0.127 0.127 0.127 0.127 0.132 0.132 0.132 0.132 0.132 0.125 0.125 0.115 0.115 0.115 0.1165 0.1165 0.1105 0.1105 0.121 0.121 0.121 0.117 0.117 0.112 0.112 0.108 0.108 0.108 0.1085 0.1085 0.106 0.106 0.1115 0.1115 0.1125 0.1125 0.1125 0.111 0.111 0.105 0.105 0.107 0.107 0.107 0.1055 0.1055 0.1055 0.1055 0.1115 0.1115 0.1115 0.1095 0.1095 0.1095 0.1095 0.1105 0.1105 0.1105 0.1085 0.1085 0.101 0.101
0.1155 0.117 0.117 0.1395 0.1395 0.1395 0.166 0.166 0.1355 0.1355 0.1365 0.1365 0.125 0.125 0.125 0.127 0.127 0.127 0.127 0.132 0.132 0.132 0.132 0.132 0.125 0.125 0.115 0.115 0.115 0.1165 0.1165 0.1105 0.1105 0.121 0.121 0.121 0.117 0.117 0.112 0.112 0.108 0.108 0.108 0.1085 0.1085 0.106 0.106 0.1115 0.1115 0.1125 0.1125 0.1125 0.111 0.111 0.105 0.105 0.107 0.107 0.107 0.1055 0.1055 0.1055 0.1055 0.1115 0.1115 0.1115 0.1095 0.1095 0.1095 0.1095 0.1105 0.1105 0.1105 0.1085 0.1085 0.101 0.101
0.1155 0.117 0.117 0.1395 0.1395 0.1395 0.166 0.166 0.1355 0.1355 0.1365 0.1365 0.125 0.125 0.125 0.127 0.127 0.127 0.127 0.132 0.132 0.132 0.132 0.132 0.125 0.125 0.115 0.115 0.115 0.1165 0.1165 0.1105 0.1105 0.121 0.121 0.121 0.117 0.117 0.112 0.112 0.108 0.108 0.108 0.1085 0.1085 0.106 0.106 0.1115 0.1115 0.1125 0.1125 0.1125 0.111 0.111 0.105 0.105 0.107 0.107 0.107 0.1055 0.1055 0.1055 0.1055 0.1115 0.1115 0.1115 0.1095 0.1095 0.1095 0.1095 0.1105 0.1105 0.1105 0.1085 0.1085 0.101 0.101
0.109 0.1175 0.1175 0.149 0.149 0.149 0.16 0.16 0.1685 0.1685 0.137 0.137 0.125 0.125 0.125 0.1325 0.1325 0.1275 0.1275 0.1355 0.1355 0.1355 0.1295 0.1295 0.134 0.134 0.1245 0.1245 0.1245 0.124 0.124 0.1165 0.1165 0.1135 0.1135 0.1135 0.1095 0.1095 0.11 0.11 0.107 0.107 0.107 0.1065 0.1065 0.1115 0.1115 0.127 0.127 0.1195 0.1195 0.1195 0.116 0.116 0.1095 0.1095 0.108 0.108 0.108 0.1025 0.1025 0.1125 0.1125 0.1145 0.1145 0.1145 0.111 0.111 0.1135 0.1135 0.1105 0.1105 0.1105 0.113 0.113 0.104 0.104
0.109 0.1175 0.1175 0.149 0.149 0.149 0.16 0.16 0.1685 0.1685 0.137 0.137 0.125 0.125 0.125 0.1325 0.1325 0.1275 0.1275 0.1355 0.1355 0.1355 0.1295 0.1295 0.134 0.134 0.1245 0.1245 0.1245 0.124 0.124 0.1165 0.1165 0.1135 0.1135 0.1135 0.1095 0.1095 0.11 0.11 0.107 0.107 0.107 0.1065 0.1065 0.1115 0.1115 0.127 0.127 0.1195 0.1195 0.1195 0.116 0.116 0.1095 0.1095 0.108 0.108 0.108 0.1025 0.1025 0.1125 0.1125 0.1145 0.1145 0.1145 0.111 0.111 0.1135 0.1135 0.1105 0.1105 0.1105 0.113 0.113 0.104 0.104
0.1195 0.1195 0.1195 0.129 0.129 0.129 0.133 0.133 0.1535 0.1535 0.127 0.127 0.1155 0.1155 0.1155 0.108 0.108 0.1215 0.1215 0.1345 0.1345 0.1345 0.1235 0.1235 0.1185 0.1185 0.1355 0.1355 0.1355 0.1265 0.1265 0.1185 0.1185 0.1165 0.1165 0.1165 0.112 0.112 0.114 0.114 0.116 0.116 0.116 0.121 0.121 0.1195 0.1195 0.1225 0.1225 0.1245 0.1245 0.1245 0.127 0.127 0.1195 0.1195 0.117 0.117 0.117 0.116 0.116 0.118 0.118 0.124 0.124 0.124 0.1215 0.1215 0.1215 0.1215 0.1225 0.1225 0.1225 0.1115 0.1115 0.104 0.104
0.1195 0.1195 0.1195 0.129 0.129 0.129 0.133 0.133 0.1535 0.1535 0.127 0.127 0.1155 0.1155 0.1155 0.108 0.108 0.1215 0.1215 0.1345 0.1345 0.1345 0.1235 0.1235 0.1185 0.1185 0.1355 0.1355 0.1355 0.1265 0.1265 0.1185 0.1185 0.1165 0.1165 0.1165 0.112 0.112 0.114 0.114 0.116 0.116 0.116 0.121 0.121 0.1195 0.1195 0.1225 0.1225 0.1245 0.1245 0.1245 0.127 0.127 0.1195 0.1195 0.117 0.117 0.117 0.116 0.116 0.118 0.118 0.124 0.124 0.124 0.1215 0.1215 0.1215 0.1215 0.1225 0.1225 0.1225 0.1115 0.1115 0.104 0.104
0.138 0.1315 0.1315 0.1185 0.1185 0.1185 0.1325 0.1325 0.121 0.121 0.1055 0.1055 0.108 0.108 0.108 0.111 0.111 0.112 0.112 0.1115 0.1115 0.1115 0.1115 0.1115 0.1205 0.1205 0.131 0.131 0.131 0.1235 0.1235 0.1245 0.1245 0.1225 0.1225 0.1225 0.1165 0.1165 0.1205 0.1205 0.124 0.124 0.124 0.1275 0.1275 0.128 0.128 0.1355 0.1355 0.134 0.134 0.134 0.133 0.133 0.128 0.128 0.1285 0.1285 0.1285 0.1245 0.1245 0.1245 0.1245 0.1245 0.1245 0.1245 0.1235 0.1235 0.1205 0.1205 0.123 0.123 0.123 0.1145 0.1145 0.1105 0.1105
0.138 0.1315 0.1315 0.1185 0.1185 0.1185 0.1325 0.1325 0.121 0.121 0.1055 0.1055 0.108 0.108 0.108 0.111 0.111 0.112 0.112 0.1115 0.1115 0.1115 0.1115 0.1115 0.1205 0.1205 0.131 0.131 0.131 0.1235 0.1235 0.1245 0.1245 0.1225 0.1225 0.1225 0.1165 0.1165 0.1205 0.1205 0.124 0.124 0.124 0.1275 0.1275 0.128 0.128 0.1355 0.1355 0.134 0.134 0.134 0.133 0.133 0.128 0.128 0.1285 0.1285 0.1285 0.1245 0.1245 0.1245 0.1245 0.1245 0.1245 0.1245 0.1235 0.1235 0.1205 0.1205 0.123 0.123 0.123 0.1145 0.1145 0.1105 0.1105
