ndvi/NOAA-41.asc
ncols         252
nrows         154
xllcorner     -18.017974
yllcorner     13.481982
cellsize      0.035948
NODATA_value  -9999
[rows 68 to 101 of 154, columns 154 to 230 of 252]
0.144 0.169 0.169 0.1595 0.1595 0.1595 0.1625 0.1625 0.1985 0.1985 0.191 0.191 0.1965 0.1965 0.1965 0.222 0.222 0.249 0.249 0.255 0.255 0.255 0.2575 0.2575 0.244 0.244 0.2225 0.2225 0.2225 0.2495 0.2495 0.2525 0.2525 0.245 0.245 0.245 0.232 0.232 0.229 0.229 0.238 0.238 0.238 0.2375 0.2375 0.2175 0.2175 0.2105 0.2105 0.2195 0.2195 0.2195 0.222 0.222 0.236 0.236 0.2355 0.2355 0.2355 0.242 0.242 0.237 0.237 0.232 0.232 0.232 0.2015 0.2015 0.212 0.212 0.2375 0.2375 0.2375 0.2325 0.2325 0.2335 0.2335
0.172 0.1805 0.1805 0.1755 0.1755 0.1755 0.1895 0.1895 0.1895 0.1895 0.19 0.19 0.209 0.209 0.209 0.2495 0.2495 0.2505 0.2505 0.242 0.242 0.242 0.2435 0.2435 0.2475 0.2475 0.252 0.252 0.252 0.243 0.243 0.2295 0.2295 0.2235 0.2235 0.2235 0.229 0.229 0.23 0.23 0.2385 0.2385 0.2385 0.2355 0.2355 0.219 0.219 0.212 0.212 0.23 0.23 0.23 0.207 0.207 0.2415 0.2415 0.2395 0.2395 0.2395 0.2375 0.2375 0.242 0.242 0.215 0.215 0.215 0.2195 0.2195 0.231 0.231 0.2325 0.2325 0.2325 0.23 0.23 0.2245 0.2245
0.172 0.1805 0.1805 0.1755 0.1755 0.1755 0.1895 0.1895 0.1895 0.1895 0.19 0.19 0.209 0.209 0.209 0.2495 0.2495 0.2505 0.2505 0.242 0.242 0.242 0.2435 0.2435 0.2475 0.2475 0.252 0.252 0.252 0.243 0.243 0.2295 0.2295 0.2235 0.2235 0.2235 0.229 0.229 0.23 0.23 0.2385 0.2385 0.2385 0.2355 0.2355 0.219 0.219 0.212 0.212 0.23 0.23 0.23 0.207 0.207 0.2415 0.2415 0.2395 0.2395 0.2395 0.2375 0.2375 0.242 0.242 0.215 0.215 0.215 0.2195 0.2195 0.231 0.231 0.2325 0.2325 0.2325 0.23 0.23 0.2245 0.2245
0.183 0.196 0.196 0.2195 0.2195 0.2195 0.206 0.206 0.193 0.193 0.172 0.172 0.205 0.205 0.205 0.2225 0.2225 0.227 0.227 0.2355 0.2355 0.2355 0.231 0.231 0.231 0.231 0.242 0.242 0.242 0.2495 0.2495 0.2575 0.2575 0.2375 0.2375 0.2375 0.237 0.237 0.2235 0.2235 0.2225 0.2225 0.2225 0.2235 0.2235 0.2125 0.2125 0.248 0.248 0.2485 0.2485 0.2485 0.238 0.238 0.2555 0.2555 0.2485 0.2485 0.2485 0.2485 0.2485 0.2485 0.2485 0.243 0.243 0.243 0.2325 0.2325 0.2235 0.2235 0.215 0.215 0.215 0.226 0.226 0.2335 0.2335
0.183 0.196 0.196 0.2195 0.2195 0.2195 0.206 0.206 0.193 0.193 0.172 0.172 0.205 0.205 0.205 0.2225 0.2225 0.227 0.227 0.2355 0.2355 0.2355 0.231 0.231 0.231 0.231 0.242 0.242 0.242 0.2495 0.2495 0.2575 0.2575 0.2375 0.2375 0.2375 0.237 0.237 0.2235 0.2235 0.2225 0.2225 0.2225 0.2235 0.2235 0.2125 0.2125 0.248 0.248 0.2485 0.2485 0.2485 0.238 0.238 0.2555 0.2555 0.2485 0.2485 0.2485 0.2485 0.2485 0.2485 0.2485 0.243 0.243 0.243 0.2325 0.2325 0.2235 0.2235 0.215 0.215 0.215 0.226 0.226 0.2335 0.2335
0.183 0.196 0.196 0.2195 0.2195 0.2195 0.206 0.206 0.193 0.193 0.172 0.172 0.205 0.205 0.205 0.2225 0.2225 0.227 0.227 0.2355 0.2355 0.2355 0.231 0.231 0.231 0.231 0.242 0.242 0.242 0.2495 0.2495 0.2575 0.2575 0.2375 0.2375 0.2375 0.237 0.237 0.2235 0.2235 0.2225 0.2225 0.2225 0.2235 0.2235 0.2125 0.2125 0.248 0.248 0.2485 0.2485 0.2485 0.238 0.238 0.2555 0.2555 0.2485 0.2485 0.2485 0.2485 0.2485 0.2485 0.2485 0.243 0.243 0.243 0.2325 0.2325 0.2235 0.2235 0.215 0.215 0.215 0.226 0.226 0.2335 0.2335
0.1875 0.2035 0.2035 0.2065 0.2065 0.2065 0.2075 0.2075 0.197 0.197 0.1845 0.1845 0.2 0.2 0.2 0.225 0.225 0.237 0.237 0.229 0.229 0.229 0.221 0.221 0.231 0.231 0.243 0.243 0.243 0.2385 0.2385 0.226 0.226 0.259 0.259 0.259 0.2805 0.2805 0.2675 0.2675 0.2745 0.2745 0.2745 0.2635 0.2635 0.266 0.266 0.2625 0.2625 0.26 0.26 0.26 0.2505 0.2505 0.249 0.249 0.236 0.236 0.236 0.246 0.246 0.245 0.245 0.2345 0.2345 0.2345 0.236 0.236 0.2135 0.2135 0.2225 0.2225 0.2225 0.233 0.233 0.243 0.243
0.1875 0.2035 0.2035 0.2065 0.2065 0.2065 0.2075 0.2075 0.197 0.197 0.1845 0.1845 0.2 0.2 0.2 0.225 0.225 0.237 0.237 0.229 0.229 0.229 0.221 0.221 0.231 0.231 0.243 0.243 0.243 0.2385 0.2385 0.226 0.226 0.259 0.259 0.259 0.2805 0.2805 0.2675 0.2675 0.2745 0.2745 0.2745 0.2635 0.2635 0.266 0.266 0.2625 0.2625 0.26 0.26 0.26 0.2505 0.2505 0.249 0.249 0.236 0.236 0.236 0.246 0.246 0.245 0.245 0.2345 0.2345 0.2345 0.236 0.236 0.2135 0.2135 0.2225 0.2225 0.2225 0.233 0.233 0.243 0.243
0.1435 0.1835 0.1835 0.202 0.202 0.202 0.1805 0.1805 0.183 0.183 0.176 0.176 0.2115 0.2115 0.2115 0.234 0.234 0.244 0.244 0.244 0.244 0.244 0.2345 0.2345 0.2275 0.2275 0.227 0.227 0.227 0.2555 0.2555 0.2475 0.2475 0.255 0.255 0.255 0.2575 0.2575 0.2505 0.2505 0.265 0.265 0.265 0.262 0.262 0.2525 0.2525 0.253 0.253 0.26 0.26 0.26 0.2715 0.2715 0.252 0.252 0.2525 0.2525 0.2525 0.261 0.261 0.2615 0.2615 0.2655 0.2655 0.2655 0.254 0.254 0.23 0.23 0.213 0.213 0.213 0.2245 0.2245 0.224 0.224
0.1435 0.1835 0.1835 0.202 0.202 0.202 0.1805 0.1805 0.183 0.183 0.176 0.176 0.2115 0.2115 0.2115 0.234 0.234 0.244 0.244 0.244 0.244 0.244 0.2345 0.2345 0.2275 0.2275 0.227 0.227 0.227 0.2555 0.2555 0.2475 0.2475 0.255 0.255 0.255 0.2575 0.2575 0.2505 0.2505 0.265 0.265 0.265 0.262 0.262 0.2525 0.2525 0.253 0.253 0.26 0.26 0.26 0.2715 0.2715 0.252 0.252 0.2525 0.2525 0.2525 0.261 0.261 0.2615 0.2615 0.2655 0.2655 0.2655 0.254 0.254 0.23 0.23 0.213 0.213 0.213 0.2245 0.2245 0.224 0.224
0.1395 0.1505 0.1505 0.175 0.175 0.175 0.166 0.166 0.1635 0.1635 0.1765 0.1765 0.2175 0.2175 0.2175 0.222 0.222 0.219 0.219 0.2255 0.2255 0.2255 0.2155 0.2155 0.2385 0.2385 0.238 0.238 0.238 0.2465 0.2465 0.2445 0.2445 0.2435 0.2435 0.2435 0.249 0.249 0.2435 0.2435 0.2595 0.2595 0.2595 0.2525 0.2525 0.25 0.25 0.228 0.228 0.257 0.257 0.257 0.2495 0.2495 0.248 0.248 0.251 0.251 0.251 0.2645 0.2645 0.2615 0.2615 0.269 0.269 0.269 0.264 0.264 0.2605 0.2605 0.252 0.252 0.252 0.229 0.229 0.233 0.233
0.1395 0.1505 0.1505 0.175 0.175 0.175 0.166 0.166 0.1635 0.1635 0.1765 0.1765 0.2175 0.2175 0.2175 0.222 0.222 0.219 0.219 0.2255 0.2255 0.2255 0.2155 0.2155 0.2385 0.2385 0.238 0.238 0.238 0.2465 0.2465 0.2445 0.2445 0.2435 0.2435 0.2435 0.249 0.249 0.2435 0.2435 0.2595 0.2595 0.2595 0.2525 0.2525 0.25 0.25 0.228 0.228 0.257 0.257 0.257 0.2495 0.2495 0.248 0.248 0.251 0.251 0.251 0.2645 0.2645 0.2615 0.2615 0.269 0.269 0.269 0.264 0.264 0.2605 0.2605 0.252 0.252 0.252 0.229 0.229 0.233 0.233
0.142 0.1585 0.1585 0.1575 0.1575 0.1575 0.1575 0.1575 0.16 0.16 0.174 0.174 0.2195 0.2195 0.2195 0.2245 0.2245 0.232 0.232 0.239 0.239 0.239 0.2425 0.2425 0.237 0.237 0.2485 0.2485 0.2485 0.25 0.25 0.2535 0.2535 0.246 0.246 0.246 0.238 0.238 0.237 0.237 0.247 0.247 0.247 0.2635 0.2635 0.2455 0.2455 0.232 0.232 0.2555 0.2555 0.2555 0.259 0.259 0.2585 0.2585 0.275 0.275 0.275 0.268 0.268 0.2835 0.2835 0.2955 0.2955 0.2955 0.271 0.271 0.261 0.261 0.2475 0.2475 0.2475 0.2485 0.2485 0.2575 0.2575
0.142 0.1585 0.1585 0.1575 0.1575 0.1575 0.1575 0.1575 0.16 0.16 0.174 0.174 0.2195 0.2195 0.2195 0.2245 0.2245 0.232 0.232 0.239 0.239 0.239 0.2425 0.2425 0.237 0.237 0.2485 0.2485 0.2485 0.25 0.25 0.2535 0.2535 0.246 0.246 0.246 0.238 0.238 0.237 0.237 0.247 0.247 0.247 0.2635 0.2635 0.2455 0.2455 0.232 0.232 0.2555 0.2555 0.2555 0.259 0.259 0.2585 0.2585 0.275 0.275 0.275 0.268 0.268 0.2835 0.2835 0.2955 0.2955 0.2955 0.271 0.271 0.261 0.261 0.2475 0.2475 0.2475 0.2485 0.2485 0.2575 0.2575
0.142 0.1585 0.1585 0.1575 0.1575 0.1575 0.1575 0.1575 0.16 0.16 0.174 0.174 0.2195 0.2195 0.2195 0.2245 0.2245 0.232 0.232 0.239 0.239 0.239 0.2425 0.2425 0.237 0.237 0.2485 0.2485 0.2485 0.25 0.25 0.2535 0.2535 0.246 0.246 0.246 0.238 0.238 0.237 0.237 0.247 0.247 0.247 0.2635 0.2635 0.2455 0.2455 0.232 0.232 0.2555 0.2555 0.2555 0.259 0.259 0.2585 0.2585 0.275 0.275 0.275 0.268 0.268 0.2835 0.2835 0.2955 0.2955 0.2955 0.271 0.271 0.261 0.261 0.2475 0.2475 0.2475 0.2485 0.2485 0.2575 0.2575
0.153 0.1615 0.1615 0.1695 0.1695 0.1695 0.1615 0.1615 0.174 0.174 0.2165 0.2165 0.2295 0.2295 0.2295 0.251 0.251 0.2555 0.2555 0.2675 0.2675 0.2675 0.2595 0.2595 0.246 0.246 0.2215 0.2215 0.2215 0.244 0.244 0.228 0.228 0.242 0.242 0.242 0.235 0.235 0.2385 0.2385 0.2495 0.2495 0.2495 0.2475 0.2475 0.2475 0.2475 0.254 0.254 0.272 0.272 0.272 0.2815 0.2815 0.2715 0.2715 0.277 0.277 0.277 0.2825 0.2825 0.282 0.282 0.283 0.283 0.283 0.2805 0.2805 0.2705 0.2705 0.261 0.261 0.261 0.2525 0.2525 0.289 0.289
0.153 0.1615 0.1615 0.1695 0.1695 0.1695 0.1615 0.1615 0.174 0.174 0.2165 0.2165 0.2295 0.2295 0.2295 0.251 0.251 0.2555 0.2555 0.2675 0.2675 0.2675 0.2595 0.2595 0.246 0.246 0.2215 0.2215 0.2215 0.244 0.244 0.228 0.228 0.242 0.242 0.242 0.235 0.235 0.2385 0.2385 0.2495 0.2495 0.2495 0.2475 0.2475 0.2475 0.2475 0.254 0.254 0.272 0.272 0.272 0.2815 0.2815 0.2715 0.2715 0.277 0.277 0.277 0.2825 0.2825 0.282 0.282 0.283 0.283 0.283 0.2805 0.2805 0.2705 0.2705 0.261 0.261 0.261 0.2525 0.2525 0.289 0.289
0.174 0.1725 0.1725 0.1855 0.1855 0.1855 0.17 0.17 0.1985 0.1985 0.2165 0.2165 0.23 0.23 0.23 0.236 0.236 0.262 0.262 0.2665 0.2665 0.2665 0.261 0.261 0.2535 0.2535 0.2365 0.2365 0.2365 0.2405 0.2405 0.2335 0.2335 0.232 0.232 0.232 0.24 0.24 0.2435 0.2435 0.261 0.261 0.261 0.258 0.258 0.2535 0.2535 0.268 0.268 0.263 0.263 0.263 0.278 0.278 0.2665 0.2665 0.2775 0.2775 0.2775 0.2765 0.2765 0.283 0.283 0.2845 0.2845 0.2845 0.284 0.284 0.2635 0.2635 0.2665 0.2665 0.2665 0.2705 0.2705 0.2645 0.2645
0.174 0.1725 0.1725 0.1855 0.1855 0.1855 0.17 0.17 0.1985 0.1985 0.2165 0.2165 0.23 0.23 0.23 0.236 0.236 0.262 0.262 0.2665 0.2665 0.2665 0.261 0.261 0.2535 0.2535 0.2365 0.2365 0.2365 0.2405 0.2405 0.2335 0.2335 0.232 0.232 0.232 0.24 0.24 0.2435 0.2435 0.261 0.261 0.261 0.258 0.258 0.2535 0.2535 0.268 0.268 0.263 0.263 0.263 0.278 0.278 0.2665 0.2665 0.2775 0.2775 0.2775 0.2765 0.2765 0.283 0.283 0.2845 0.2845 0.2845 0.284 0.284 0.2635 0.2635 0.2665 0.2665 0.2665 0.2705 0.2705 0.2645 0.2645
0.188 0.1815 0.1815 0.1975 0.1975 0.1975 0.1925 0.1925 0.199 0.199 0.2225 0.2225 0.239 0.239 0.239 0.2545 0.2545 0.2605 0.2605 0.2545 0.2545 0.2545 0.245 0.245 0.24 0.24 0.2335 0.2335 0.2335 0.2245 0.2245 0.2475 0.2475 0.2375 0.2375 0.2375 0.232 0.232 0.2385 0.2385 0.2535 0.2535 0.2535 0.2595 0.2595 0.2595 0.2595 0.2585 0.2585 0.2655 0.2655 0.2655 0.2735 0.2735 0.2705 0.2705 0.271 0.271 0.271 0.2705 0.2705 0.268 0.268 0.26 0.26 0.26 0.2765 0.2765 0.2735 0.2735 0.281 0.281 0.281 0.2925 0.2925 0.281 0.281
0.188 0.1815 0.1815 0.1975 0.1975 0.1975 0.1925 0.1925 0.199 0.199 0.2225 0.2225 0.239 0.239 0.239 0.2545 0.2545 0.2605 0.2605 0.2545 0.2545 0.2545 0.245 0.245 0.24 0.24 0.2335 0.2335 0.2335 0.2245 0.2245 0.2475 0.2475 0.2375 0.2375 0.2375 0.232 0.232 0.2385 0.2385 0.2535 0.2535 0.2535 0.2595 0.2595 0.2595 0.2595 0.2585 0.2585 0.2655 0.2655 0.2655 0.2735 0.2735 0.2705 0.2705 0.271 0.271 0.271 0.2705 0.2705 0.268 0.268 0.26 0.26 0.26 0.2765 0.2765 0.2735 0.2735 0.281 0.281 0.281 0.2925 0.2925 0.281 0.281
0.188 0.1815 0.1815 0.1975 0.1975 0.1975 0.1925 0.1925 0.199 0.199 0.2225 0.2225 0.239 0.239 0.239 0.2545 0.2545 0.2605 0.2605 0.2545 0.2545 0.2545 0.245 0.245 0.24 0.24 0.2335 0.2335 0.2335 0.2245 0.2245 0.2475 0.2475 0.2375 0.2375 0.2375 0.232 0.232 0.2385 0.2385 0.2535 0.2535 0.2535 0.2595 0.2595 0.2595 0.2595 0.2585 0.2585 0.2655 0.2655 0.2655 0.2735 0.2735 0.2705 0.2705 0.271 0.271 0.271 0.2705 0.2705 0.268 0.268 0.26 0.26 0.26 0.2765 0.2765 0.2735 0.2735 0.281 0.281 0.281 0.2925 0.2925 0.281 0.281
0.187 0.196 0.196 0.205 0.205 0.205 0.2075 0.2075 0.2115 0.2115 0.239 0.239 0.2505 0.2505 0.2505 0.2605 0.2605 0.2555 0.2555 0.254 0.254 0.254 0.245 0.245 0.226 0.226 0.2155 0.2155 0.2155 0.235 0.235 0.2385 0.2385 0.2405 0.2405 0.2405 0.2575 0.2575 0.2835 0.2835 0.2755 0.2755 0.2755 0.2575 0.2575 0.2575 0.2575 0.2495 0.2495 0.2595 0.2595 0.2595 0.259 0.259 0.2645 0.2645 0.2615 0.2615 0.2615 0.2645 0.2645 0.259 0.259 0.2645 0.2645 0.2645 0.2635 0.2635 0.259 0.259 0.272 0.272 0.272 0.258 0.258 0.2625 0.2625
0.187 0.196 0.196 0.205 0.205 0.205 0.2075 0.2075 0.2115 0.2115 0.239 0.239 0.2505 0.2505 0.2505 0.2605 0.2605 0.2555 0.2555 0.254 0.254 0.254 0.245 0.245 0.226 0.226 0.2155 0.2155 0.2155 0.235 0.235 0.2385 0.2385 0.2405 0.2405 0.2405 0.2575 0.2575 0.2835 0.2835 0.2755 0.2755 0.2755 0.2575 0.2575 0.2575 0.2575 0.2495 0.2495 0.2595 0.2595 0.2595 0.259 0.259 0.2645 0.2645 0.2615 0.2615 0.2615 0.2645 0.2645 0.259 0.259 0.2645 0.2645 0.2645 0.2635 0.2635 0.259 0.259 0.272 0.272 0.272 0.258 0.258 0.2625 0.2625
0.2015 0.212 0.212 0.217 0.217 0.217 0.231 0.231 0.21 0.21 0.236 0.236 0.247 0.247 0.247 0.2545 0.2545 0.2565 0.2565 0.245 0.245 0.245 0.246 0.246 0.2305 0.2305 0.213 0.213 0.213 0.242 0.242 0.234 0.234 0.252 0.252 0.252 0.2855 0.2855 0.2825 0.2825 0.2555 0.2555 0.2555 0.25 0.25 0.2595 0.2595 0.261 0.261 0.2555 0.2555 0.2555 0.2605 0.2605 0.2455 0.2455 0.2505 0.2505 0.2505 0.254 0.254 0.2645 0.2645 0.254 0.254 0.254 0.261 0.261 0.2665 0.2665 0.267 0.267 0.267 0.26 0.26 0.2455 0.2455
0.2015 0.212 0.212 0.217 0.217 0.217 0.231 0.231 0.21 0.21 0.236 0.236 0.247 0.247 0.247 0.2545 0.2545 0.2565 0.2565 0.245 0.245 0.245 0.246 0.246 0.2305 0.2305 0.213 0.213 0.213 0.242 0.242 0.234 0.234 0.252 0.252 0.252 0.2855 0.2855 0.2825 0.2825 0.2555 0.2555 0.2555 0.25 0.25 0.2595 0.2595 0.261 0.261 0.2555 0.2555 0.2555 0.2605 0.2605 0.2455 0.2455 0.2505 0.2505 0.2505 0.254 0.254 0.2645 0.2645 0.254 0.254 0.254 0.261 0.261 0.2665 0.2665 0.267 0.267 0.267 0.26 0.26 0.2455 0.2455
0.21 0.2145 0.2145 0.229 0.229 0.229 0.2265 0.2265 0.22 0.22 0.2115 0.2115 0.2335 0.2335 0.2335 0.253 0.253 0.255 0.255 0.2355 0.2355 0.2355 0.21 0.21 0.2125 0.2125 0.224 0.224 0.224 0.2445 0.2445 0.2455 0.2455 0.261 0.261 0.261 0.2505 0.2505 0.2575 0.2575 0.2615 0.2615 0.2615 0.2605 0.2605 0.269 0.269 0.2775 0.2775 0.2435 0.2435 0.2435 0.244 0.244 0.252 0.252 0.2615 0.2615 0.2615 0.2465 0.2465 0.253 0.253 0.2585 0.2585 0.2585 0.259 0.259 0.273 0.273 0.268 0.268 0.268 0.259 0.259 0.273 0.273
0.21 0.2145 0.2145 0.229 0.229 0.229 0.2265 0.2265 0.22 0.22 0.2115 0.2115 0.2335 0.2335 0.2335 0.253 0.253 0.255 0.255 0.2355 0.2355 0.2355 0.21 0.21 0.2125 0.2125 0.224 0.224 0.224 0.2445 0.2445 0.2455 0.2455 0.261 0.261 0.261 0.2505 0.2505 0.2575 0.2575 0.2615 0.2615 0.2615 0.2605 0.2605 0.269 0.269 0.2775 0.2775 0.2435 0.2435 0.2435 0.244 0.244 0.252 0.252 0.2615 0.2615 0.2615 0.2465 0.2465 0.253 0.253 0.2585 0.2585 0.2585 0.259 0.259 0.273 0.273 0.268 0.268 0.268 0.259 0.259 0.273 0.273
0.21 0.2145 0.2145 0.229 0.229 0.229 0.2265 0.2265 0.22 0.22 0.2115 0.2115 0.2335 0.2335 0.2335 0.253 0.253 0.255 0.255 0.2355 0.2355 0.2355 0.21 0.21 0.2125 0.2125 0.224 0.224 0.224 0.2445 0.2445 0.2455 0.2455 0.261 0.261 0.261 0.2505 0.2505 0.2575 0.2575 0.2615 0.2615 0.2615 0.2605 0.2605 0.269 0.269 0.2775 0.2775 0.2435 0.2435 0.2435 0.244 0.244 0.252 0.252 0.2615 0.2615 0.2615 0.2465 0.2465 0.253 0.253 0.2585 0.2585 0.2585 0.259 0.259 0.273 0.273 0.268 0.268 0.268 0.259 0.259 0.273 0.273
0.2235 0.243 0.243 0.2355 0.2355 0.2355 0.225 0.225 0.222 0.222 0.2185 0.2185 0.2215 0.2215 0.2215 0.228 0.228 0.239 0.239 0.2305 0.2305 0.2305 0.2285 0.2285 0.2155 0.2155 0.2255 0.2255 0.2255 0.249 0.249 0.2475 0.2475 0.2565 0.2565 0.2565 0.2455 0.2455 0.263 0.263 0.262 0.262 0.262 0.2635 0.2635 0.2585 0.2585 0.273 0.273 0.2455 0.2455 0.2455 0.246 0.246 0.2295 0.2295 0.2395 0.2395 0.2395 0.228 0.228 0.235 0.235 0.232 0.232 0.232 0.239 0.239 0.252 0.252 0.2665 0.2665 0.2665 0.2645 0.2645 0.2625 0.2625
0.2235 0.243 0.243 0.2355 0.2355 0.2355 0.225 0.225 0.222 0.222 0.2185 0.2185 0.2215 0.2215 0.2215 0.228 0.228 0.239 0.239 0.2305 0.2305 0.2305 0.2285 0.2285 0.2155 0.2155 0.2255 0.2255 0.2255 0.249 0.249 0.2475 0.2475 0.2565 0.2565 0.2565 0.2455 0.2455 0.263 0.263 0.262 0.262 0.262 0.2635 0.2635 0.2585 0.2585 0.273 0.273 0.2455 0.2455 0.2455 0.246 0.246 0.2295 0.2295 0.2395 0.2395 0.2395 0.228 0.228 0.235 0.235 0.232 0.232 0.232 0.239 0.239 0.252 0.252 0.2665 0.2665 0.2665 0.2645 0.2645 0.2625 0.2625
0.263 0.2455 0.2455 0.2275 0.2275 0.2275 0.2095 0.2095 0.227 0.227 0.238 0.238 0.2285 0.2285 0.2285 0.2525 0.2525 0.262 0.262 0.2675 0.2675 0.2675 0.249 0.249 0.2295 0.2295 0.2475 0.2475 0.2475 0.2505 0.2505 0.2385 0.2385 0.2435 0.2435 0.2435 0.243 0.243 0.245 0.245 0.2645 0.2645 0.2645 0.259 0.259 0.256 0.256 0.239 0.239 0.23 0.23 0.23 0.227 0.227 0.2355 0.2355 0.2315 0.2315 0.2315 0.228 0.228 0.237 0.237 0.233 0.233 0.233 0.2385 0.2385 0.2395 0.2395 0.2495 0.2495 0.2495 0.269 0.269 0.2405 0.2405
0.263 0.2455 0.2455 0.2275 0.2275 0.2275 0.2095 0.2095 0.227 0.227 0.238 0.238 0.2285 0.2285 0.2285 0.2525 0.2525 0.262 0.262 0.2675 0.2675 0.2675 0.249 0.249 0.2295 0.2295 0.2475 0.2475 0.2475 0.2505 0.2505 0.2385 0.2385 0.2435 0.2435 0.2435 0.243 0.243 0.245 0.245 0.2645 0.2645 0.2645 0.259 0.259 0.256 0.256 0.239 0.239 0.23 0.23 0.23 0.227 0.227 0.2355 0.2355 0.2315 0.2315 0.2315 0.228 0.228 0.237 0.237 0.233 0.233 0.233 0.2385 0.2385 0.2395 0.2395 0.2495 0.2495 0.2495 0.269 0.269 0.2405 0.2405
0.232 0.2325 0.2325 0.1945 0.1945 0.1945 0.206 0.206 0.225 0.225 0.232 0.232 0.243 0.243 0.243 0.252 0.252 0.257 0.257 0.254 0.254 0.254 0.254 0.254 0.2345 0.2345 0.2445 0.2445 0.2445 0.2415 0.2415 0.247 0.247 0.245 0.245 0.245 0.238 0.238 0.2375 0.2375 0.262 0.262 0.262 0.2455 0.2455 0.243 0.243 0.239 0.239 0.232 0.232 0.232 0.2305 0.2305 0.232 0.232 0.247 0.247 0.247 0.235 0.235 0.231 0.231 0.2415 0.2415 0.2415 0.239 0.239 0.229 0.229 0.218 0.218 0.218 0.2225 0.2225 0.2215 0.2215
