ndvi/NOAA-369.asc
ncols         252
nrows         154
xllcorner     -18.017974
yllcorner     13.481982
cellsize      0.035948
NODATA_value  -9999
[rows 0 to 33 of 154, columns 154 to 230 of 252]
0.09100001 0.0925 0.0925 0.1015 0.1015 0.1015 0.1015 0.1015 0.0995 0.0995 0.093 0.093 0.097 0.097 0.097 0.099 0.099 0.096 0.096 0.09900001 0.09900001 0.09900001 0.103 0.103 0.102 0.102 0.103 0.103 0.103 0.101 0.101 0.1055 0.1055 0.1075 0.1075 0.1075 0.0935 0.0935 0.098 0.098 0.101 0.101 0.101 0.1125 0.1125 0.113 0.113 0.1015 0.1015 0.102 0.102 0.102 0.1025 0.1025 0.0985 0.0985 0.0985 0.0985 0.0985 0.1015 0.1015 0.1 0.1 0.0985 0.0985 0.0985 0.0985 0.0985 0.091 0.091 0.094 0.094 0.094 0.0915 0.0915 0.089 0.089
0.09100001 0.0925 0.0925 0.1015 0.1015 0.1015 0.1015 0.1015 0.0995 0.0995 0.093 0.093 0.097 0.097 0.097 0.099 0.099 0.096 0.096 0.09900001 0.09900001 0.09900001 0.103 0.103 0.102 0.102 0.103 0.103 0.103 0.101 0.101 0.1055 0.1055 0.1075 0.1075 0.1075 0.0935 0.0935 0.098 0.098 0.101 0.101 0.101 0.1125 0.1125 0.113 0.113 0.1015 0.1015 0.102 0.102 0.102 0.1025 0.1025 0.0985 0.0985 0.0985 0.0985 0.0985 0.1015 0.1015 0.1 0.1 0.0985 0.0985 0.0985 0.0985 0.0985 0.091 0.091 0.094 0.094 0.094 0.0915 0.0915 0.089 0.089
0.0895 0.096 0.096 0.103 0.103 0.103 0.0965 0.0965 0.101 0.101 0.101 0.101 0.0965 0.0965 0.0965 0.0985 0.0985 0.0955 0.0955 0.09999999 0.09999999 0.09999999 0.106 0.106 0.1055 0.1055 0.108 0.108 0.108 0.1145 0.1145 0.12 0.12 0.1335 0.1335 0.1335 0.127 0.127 0.128 0.128 0.123 0.123 0.123 0.1255 0.1255 0.1185 0.1185 0.1135 0.1135 0.1115 0.1115 0.1115 0.117 0.117 0.1215 0.1215 0.1225 0.1225 0.1225 0.1225 0.1225 0.1115 0.1115 0.1035 0.1035 0.1035 0.1015 0.1015 0.101 0.101 0.095 0.095 0.095 0.093 0.093 0.0865 0.0865
0.0895 0.096 0.096 0.103 0.103 0.103 0.0965 0.0965 0.101 0.101 0.101 0.101 0.0965 0.0965 0.0965 0.0985 0.0985 0.0955 0.0955 0.09999999 0.09999999 0.09999999 0.106 0.106 0.1055 0.1055 0.108 0.108 0.108 0.1145 0.1145 0.12 0.12 0.1335 0.1335 0.1335 0.127 0.127 0.128 0.128 0.123 0.123 0.123 0.1255 0.1255 0.1185 0.1185 0.1135 0.1135 0.1115 0.1115 0.1115 0.117 0.117 0.1215 0.1215 0.1225 0.1225 0.1225 0.1225 0.1225 0.1115 0.1115 0.1035 0.1035 0.1035 0.1015 0.1015 0.101 0.101 0.095 0.095 0.095 0.093 0.093 0.0865 0.0865
0.0895 0.096 0.096 0.103 0.103 0.103 0.0965 0.0965 0.101 0.101 0.101 0.101 0.0965 0.0965 0.0965 0.0985 0.0985 0.0955 0.0955 0.09999999 0.09999999 0.09999999 0.106 0.106 0.1055 0.1055 0.108 0.108 0.108 0.1145 0.1145 0.12 0.12 0.1335 0.1335 0.1335 0.127 0.127 0.128 0.128 0.123 0.123 0.123 0.1255 0.1255 0.1185 0.1185 0.1135 0.1135 0.1115 0.1115 0.1115 0.117 0.117 0.1215 0.1215 0.1225 0.1225 0.1225 0.1225 0.1225 0.1115 0.1115 0.1035 0.1035 0.1035 0.1015 0.1015 0.101 0.101 0.095 0.095 0.095 0.093 0.093 0.0865 0.0865
0.1015 0.109 0.109 0.109 0.109 0.109 0.114 0.114 0.11 0.11 0.1055 0.1055 0.1045 0.1045 0.1045 0.1085 0.1085 0.104 0.104 0.1085 0.1085 0.1085 0.1125 0.1125 0.1155 0.1155 0.127 0.127 0.127 0.1375 0.1375 0.1385 0.1385 0.1595 0.1595 0.1595 0.1565 0.1565 0.139 0.139 0.123 0.123 0.123 0.1205 0.1205 0.1195 0.1195 0.1175 0.1175 0.1155 0.1155 0.1155 0.1145 0.1145 0.1265 0.1265 0.1305 0.1305 0.1305 0.119 0.119 0.1145 0.1145 0.114 0.114 0.114 0.1 0.1 0.0985 0.0985 0.0965 0.0965 0.0965 0.0915 0.0915 0.092 0.092
0.1015 0.109 0.109 0.109 0.109 0.109 0.114 0.114 0.11 0.11 0.1055 0.1055 0.1045 0.1045 0.1045 0.1085 0.1085 0.104 0.104 0.1085 0.1085 0.1085 0.1125 0.1125 0.1155 0.1155 0.127 0.127 0.127 0.1375 0.1375 0.1385 0.1385 0.1595 0.1595 0.1595 0.1565 0.1565 0.139 0.139 0.123 0.123 0.123 0.1205 0.1205 0.1195 0.1195 0.1175 0.1175 0.1155 0.1155 0.1155 0.1145 0.1145 0.1265 0.1265 0.1305 0.1305 0.1305 0.119 0.119 0.1145 0.1145 0.114 0.114 0.114 0.1 0.1 0.0985 0.0985 0.0965 0.0965 0.0965 0.0915 0.0915 0.092 0.092
0.1055 0.101 0.101 0.1155 0.1155 0.1155 0.1215 0.1215 0.1305 0.1305 0.1215 0.1215 0.1115 0.1115 0.1115 0.1145 0.1145 0.1265 0.1265 0.126 0.126 0.126 0.1195 0.1195 0.1255 0.1255 0.131 0.131 0.131 0.1215 0.1215 0.1395 0.1395 0.1425 0.1425 0.1425 0.1275 0.1275 0.121 0.121 0.1225 0.1225 0.1225 0.121 0.121 0.1245 0.1245 0.1255 0.1255 0.1115 0.1115 0.1115 0.1105 0.1105 0.113 0.113 0.112 0.112 0.112 0.107 0.107 0.1085 0.1085 0.101 0.101 0.101 0.0975 0.0975 0.0975 0.0975 0.094 0.094 0.094 0.095 0.095 0.09299999 0.09299999
0.1055 0.101 0.101 0.1155 0.1155 0.1155 0.1215 0.1215 0.1305 0.1305 0.1215 0.1215 0.1115 0.1115 0.1115 0.1145 0.1145 0.1265 0.1265 0.126 0.126 0.126 0.1195 0.1195 0.1255 0.1255 0.131 0.131 0.131 0.1215 0.1215 0.1395 0.1395 0.1425 0.1425 0.1425 0.1275 0.1275 0.121 0.121 0.1225 0.1225 0.1225 0.121 0.121 0.1245 0.1245 0.1255 0.1255 0.1115 0.1115 0.1115 0.1105 0.1105 0.113 0.113 0.112 0.112 0.112 0.107 0.107 0.1085 0.1085 0.101 0.101 0.101 0.0975 0.0975 0.0975 0.0975 0.094 0.094 0.094 0.095 0.095 0.09299999 0.09299999
0.1185 0.119 0.119 0.1145 0.1145 0.1145 0.114 0.114 0.141 0.141 0.133 0.133 0.123 0.123 0.123 0.1535 0.1535 0.1425 0.1425 0.136 0.136 0.136 0.1235 0.1235 0.117 0.117 0.117 0.117 0.117 0.1155 0.1155 0.1415 0.1415 0.135 0.135 0.135 0.113 0.113 0.1155 0.1155 0.102 0.102 0.102 0.1055 0.1055 0.108 0.108 0.1165 0.1165 0.107 0.107 0.107 0.11 0.11 0.11 0.11 0.104 0.104 0.104 0.1045 0.1045 0.1005 0.1005 0.0975 0.0975 0.0975 0.0975 0.0975 0.0955 0.0955 0.09299999 0.09299999 0.09299999 0.0915 0.0915 0.0955 0.0955
0.1185 0.119 0.119 0.1145 0.1145 0.1145 0.114 0.114 0.141 0.141 0.133 0.133 0.123 0.123 0.123 0.1535 0.1535 0.1425 0.1425 0.136 0.136 0.136 0.1235 0.1235 0.117 0.117 0.117 0.117 0.117 0.1155 0.1155 0.1415 0.1415 0.135 0.135 0.135 0.113 0.113 0.1155 0.1155 0.102 0.102 0.102 0.1055 0.1055 0.108 0.108 0.1165 0.1165 0.107 0.107 0.107 0.11 0.11 0.11 0.11 0.104 0.104 0.104 0.1045 0.1045 0.1005 0.1005 0.0975 0.0975 0.0975 0.0975 0.0975 0.0955 0.0955 0.09299999 0.09299999 0.09299999 0.0915 0.0915 0.0955 0.0955
0.127 0.124 0.124 0.121 0.121 0.121 0.1235 0.1235 0.1365 0.1365 0.1495 0.1495 0.1515 0.1515 0.1515 0.162 0.162 0.1495 0.1495 0.1295 0.1295 0.1295 0.1455 0.1455 0.1245 0.1245 0.118 0.118 0.118 0.122 0.122 0.12 0.12 0.1095 0.1095 0.1095 0.112 0.112 0.1155 0.1155 0.097 0.097 0.097 0.095 0.095 0.109 0.109 0.119 0.119 0.1065 0.1065 0.1065 0.1075 0.1075 0.104 0.104 0.099 0.099 0.099 0.09450001 0.09450001 0.0955 0.0955 0.09100001 0.09100001 0.09100001 0.0865 0.0865 0.08400001 0.08400001 0.08750001 0.08750001 0.08750001 0.087 0.087 0.0915 0.0915
0.127 0.124 0.124 0.121 0.121 0.121 0.1235 0.1235 0.1365 0.1365 0.1495 0.1495 0.1515 0.1515 0.1515 0.162 0.162 0.1495 0.1495 0.1295 0.1295 0.1295 0.1455 0.1455 0.1245 0.1245 0.118 0.118 0.118 0.122 0.122 0.12 0.12 0.1095 0.1095 0.1095 0.112 0.112 0.1155 0.1155 0.097 0.097 0.097 0.095 0.095 0.109 0.109 0.119 0.119 0.1065 0.1065 0.1065 0.1075 0.1075 0.104 0.104 0.099 0.099 0.099 0.09450001 0.09450001 0.0955 0.0955 0.09100001 0.09100001 0.09100001 0.0865 0.0865 0.08400001 0.08400001 0.08750001 0.08750001 0.08750001 0.087 0.087 0.0915 0.0915
0.127 0.124 0.124 0.121 0.121 0.121 0.1235 0.1235 0.1365 0.1365 0.1495 0.1495 0.1515 0.1515 0.1515 0.162 0.162 0.1495 0.1495 0.1295 0.1295 0.1295 0.1455 0.1455 0.1245 0.1245 0.118 0.118 0.118 0.122 0.122 0.12 0.12 0.1095 0.1095 0.1095 0.112 0.112 0.1155 0.1155 0.097 0.097 0.097 0.095 0.095 0.109 0.109 0.119 0.119 0.1065 0.1065 0.1065 0.1075 0.1075 0.104 0.104 0.099 0.099 0.099 0.09450001 0.09450001 0.0955 0.0955 0.09100001 0.09100001 0.09100001 0.0865 0.0865 0.08400001 0.08400001 0.08750001 0.08750001 0.08750001 0.087 0.087 0.0915 0.0915
0.1615 0.155 0.155 0.123 0.123 0.123 0.1195 0.1195 0.1415 0.1415 0.1455 0.1455 0.1575 0.1575 0.1575 0.155 0.155 0.155 0.155 0.1465 0.1465 0.1465 0.1385 0.1385 0.12 0.12 0.1265 0.1265 0.1265 0.118 0.118 0.113 0.113 0.106 0.106 0.106 0.1065 0.1065 0.109 0.109 0.0975 0.0975 0.0975 0.1025 0.1025 0.1105 0.1105 0.1135 0.1135 0.097 0.097 0.097 0.1075 0.1075 0.112 0.112 0.104 0.104 0.104 0.0895 0.0895 0.0855 0.0855 0.0855 0.0855 0.0855 0.083 0.083 0.078 0.078 0.088 0.088 0.088 0.087 0.087 0.0965 0.0965
0.1615 0.155 0.155 0.123 0.123 0.123 0.1195 0.1195 0.1415 0.1415 0.1455 0.1455 0.1575 0.1575 0.1575 0.155 0.155 0.155 0.155 0.1465 0.1465 0.1465 0.1385 0.1385 0.12 0.12 0.1265 0.1265 0.1265 0.118 0.118 0.113 0.113 0.106 0.106 0.106 0.1065 0.1065 0.109 0.109 0.0975 0.0975 0.0975 0.1025 0.1025 0.1105 0.1105 0.1135 0.1135 0.097 0.097 0.097 0.1075 0.1075 0.112 0.112 0.104 0.104 0.104 0.0895 0.0895 0.0855 0.0855 0.0855 0.0855 0.0855 0.083 0.083 0.078 0.078 0.088 0.088 0.088 0.087 0.087 0.0965 0.0965
0.155 0.1595 0.1595 0.142 0.142 0.142 0.138 0.138 0.1505 0.1505 0.1555 0.1555 0.1585 0.1585 0.1585 0.177 0.177 0.153 0.153 0.1205 0.1205 0.1205 0.112 0.112 0.1145 0.1145 0.12 0.12 0.12 0.1155 0.1155 0.1115 0.1115 0.105 0.105 0.105 0.103 0.103 0.0995 0.0995 0.0995 0.0995 0.0995 0.0925 0.0925 0.0695 0.0695 0.054 0.054 0.0745 0.0745 0.0745 0.093 0.093 0.089 0.089 0.0905 0.0905 0.0905 0.0865 0.0865 0.088 0.088 0.09100001 0.09100001 0.09100001 0.088 0.088 0.0835 0.0835 0.0895 0.0895 0.0895 0.09 0.09 0.0945 0.0945
0.155 0.1595 0.1595 0.142 0.142 0.142 0.138 0.138 0.1505 0.1505 0.1555 0.1555 0.1585 0.1585 0.1585 0.177 0.177 0.153 0.153 0.1205 0.1205 0.1205 0.112 0.112 0.1145 0.1145 0.12 0.12 0.12 0.1155 0.1155 0.1115 0.1115 0.105 0.105 0.105 0.103 0.103 0.0995 0.0995 0.0995 0.0995 0.0995 0.0925 0.0925 0.0695 0.0695 0.054 0.054 0.0745 0.0745 0.0745 0.093 0.093 0.089 0.089 0.0905 0.0905 0.0905 0.0865 0.0865 0.088 0.088 0.09100001 0.09100001 0.09100001 0.088 0.088 0.0835 0.0835 0.0895 0.0895 0.0895 0.09 0.09 0.0945 0.0945
0.173 0.1415 0.1415 0.18 0.18 0.18 0.156 0.156 0.1365 0.1365 0.146 0.146 0.1445 0.1445 0.1445 0.1505 0.1505 0.14 0.14 0.133 0.133 0.133 0.1135 0.1135 0.112 0.112 0.138 0.138 0.138 0.1115 0.1115 0.1055 0.1055 0.1145 0.1145 0.1145 0.075 0.075 0.09450001 0.09450001 0.1115 0.1115 0.1115 0.1125 0.1125 0.102 0.102 0.0965 0.0965 0.09299999 0.09299999 0.09299999 0.0895 0.0895 0.0945 0.0945 0.087 0.087 0.087 0.088 0.088 0.0895 0.0895 0.0885 0.0885 0.0885 0.08750001 0.08750001 0.092 0.092 0.0895 0.0895 0.0895 0.088 0.088 0.0935 0.0935
0.173 0.1415 0.1415 0.18 0.18 0.18 0.156 0.156 0.1365 0.1365 0.146 0.146 0.1445 0.1445 0.1445 0.1505 0.1505 0.14 0.14 0.133 0.133 0.133 0.1135 0.1135 0.112 0.112 0.138 0.138 0.138 0.1115 0.1115 0.1055 0.1055 0.1145 0.1145 0.1145 0.075 0.075 0.09450001 0.09450001 0.1115 0.1115 0.1115 0.1125 0.1125 0.102 0.102 0.0965 0.0965 0.09299999 0.09299999 0.09299999 0.0895 0.0895 0.0945 0.0945 0.087 0.087 0.087 0.088 0.088 0.0895 0.0895 0.0885 0.0885 0.0885 0.08750001 0.08750001 0.092 0.092 0.0895 0.0895 0.0895 0.088 0.088 0.0935 0.0935
0.173 0.1415 0.1415 0.18 0.18 0.18 0.156 0.156 0.1365 0.1365 0.146 0.146 0.1445 0.1445 0.1445 0.1505 0.1505 0.14 0.14 0.133 0.133 0.133 0.1135 0.1135 0.112 0.112 0.138 0.138 0.138 0.1115 0.1115 0.1055 0.1055 0.1145 0.1145 0.1145 0.075 0.075 0.09450001 0.09450001 0.1115 0.1115 0.1115 0.1125 0.1125 0.102 0.102 0.0965 0.0965 0.09299999 0.09299999 0.09299999 0.0895 0.0895 0.0945 0.0945 0.087 0.087 0.087 0.088 0.088 0.0895 0.0895 0.0885 0.0885 0.0885 0.08750001 0.08750001 0.092 0.092 0.0895 0.0895 0.0895 0.088 0.088 0.0935 0.0935
0.2075 0.189 0.189 0.154 0.154 0.154 0.1285 0.1285 0.112 0.112 0.13 0.13 0.139 0.139 0.139 0.199 0.199 0.1595 0.1595 0.1405 0.1405 0.1405 0.1405 0.1405 0.142 0.142 0.1375 0.1375 0.1375 0.1265 0.1265 0.119 0.119 0.1115 0.1115 0.1115 0.133 0.133 0.126 0.126 0.1185 0.1185 0.1185 0.114 0.114 0.1105 0.1105 0.099 0.099 0.09 0.09 0.09 0.0915 0.0915 0.092 0.092 0.0895 0.0895 0.0895 0.08750001 0.08750001 0.0955 0.0955 0.0885 0.0885 0.0885 0.095 0.095 0.0995 0.0995 0.0945 0.0945 0.0945 0.0905 0.0905 0.095 0.095
0.2075 0.189 0.189 0.154 0.154 0.154 0.1285 0.1285 0.112 0.112 0.13 0.13 0.139 0.139 0.139 0.199 0.199 0.1595 0.1595 0.1405 0.1405 0.1405 0.1405 0.1405 0.142 0.142 0.1375 0.1375 0.1375 0.1265 0.1265 0.119 0.119 0.1115 0.1115 0.1115 0.133 0.133 0.126 0.126 0.1185 0.1185 0.1185 0.114 0.114 0.1105 0.1105 0.099 0.099 0.09 0.09 0.09 0.0915 0.0915 0.092 0.092 0.0895 0.0895 0.0895 0.08750001 0.08750001 0.0955 0.0955 0.0885 0.0885 0.0885 0.095 0.095 0.0995 0.0995 0.0945 0.0945 0.0945 0.0905 0.0905 0.095 0.095
0.166 0.18 0.18 0.1865 0.1865 0.1865 0.162 0.162 0.167 0.167 0.1795 0.1795 0.188 0.188 0.188 0.163 0.163 0.1625 0.1625 0.1805 0.1805 0.1805 0.176 0.176 0.1765 0.1765 0.1665 0.1665 0.1665 0.1615 0.1615 0.1275 0.1275 0.143 0.143 0.143 0.1395 0.1395 0.119 0.119 0.113 0.113 0.113 0.112 0.112 0.117 0.117 0.1025 0.1025 0.092 0.092 0.092 0.0905 0.0905 0.0895 0.0895 0.0915 0.0915 0.0915 0.095 0.095 0.0985 0.0985 0.09900001 0.09900001 0.09900001 0.09900001 0.09900001 0.1025 0.1025 0.0955 0.0955 0.0955 0.095 0.095 0.0895 0.0895
0.166 0.18 0.18 0.1865 0.1865 0.1865 0.162 0.162 0.167 0.167 0.1795 0.1795 0.188 0.188 0.188 0.163 0.163 0.1625 0.1625 0.1805 0.1805 0.1805 0.176 0.176 0.1765 0.1765 0.1665 0.1665 0.1665 0.1615 0.1615 0.1275 0.1275 0.143 0.143 0.143 0.1395 0.1395 0.119 0.119 0.113 0.113 0.113 0.112 0.112 0.117 0.117 0.1025 0.1025 0.092 0.092 0.092 0.0905 0.0905 0.0895 0.0895 0.0915 0.0915 0.0915 0.095 0.095 0.0985 0.0985 0.09900001 0.09900001 0.09900001 0.09900001 0.09900001 0.1025 0.1025 0.0955 0.0955 0.0955 0.095 0.095 0.0895 0.0895
0.159 0.181 0.181 0.1535 0.1535 0.1535 0.2165 0.2165 0.1955 0.1955 0.2055 0.2055 0.197 0.197 0.197 0.179 0.179 0.1735 0.1735 0.19 0.19 0.19 0.161 0.161 0.1615 0.1615 0.155 0.155 0.155 0.139 0.139 0.1485 0.1485 0.149 0.149 0.149 0.1325 0.1325 0.123 0.123 0.117 0.117 0.117 0.1175 0.1175 0.1195 0.1195 0.104 0.104 0.1085 0.1085 0.1085 0.1055 0.1055 0.093 0.093 0.096 0.096 0.096 0.1035 0.1035 0.0975 0.0975 0.105 0.105 0.105 0.1045 0.1045 0.097 0.097 0.0955 0.0955 0.0955 0.096 0.096 0.09649999 0.09649999
0.159 0.181 0.181 0.1535 0.1535 0.1535 0.2165 0.2165 0.1955 0.1955 0.2055 0.2055 0.197 0.197 0.197 0.179 0.179 0.1735 0.1735 0.19 0.19 0.19 0.161 0.161 0.1615 0.1615 0.155 0.155 0.155 0.139 0.139 0.1485 0.1485 0.149 0.149 0.149 0.1325 0.1325 0.123 0.123 0.117 0.117 0.117 0.1175 0.1175 0.1195 0.1195 0.104 0.104 0.1085 0.1085 0.1085 0.1055 0.1055 0.093 0.093 0.096 0.096 0.096 0.1035 0.1035 0.0975 0.0975 0.105 0.105 0.105 0.1045 0.1045 0.097 0.097 0.0955 0.0955 0.0955 0.096 0.096 0.09649999 0.09649999
0.159 0.181 0.181 0.1535 0.1535 0.1535 0.2165 0.2165 0.1955 0.1955 0.2055 0.2055 0.197 0.197 0.197 0.179 0.179 0.1735 0.1735 0.19 0.19 0.19 0.161 0.161 0.1615 0.1615 0.155 0.155 0.155 0.139 0.139 0.1485 0.1485 0.149 0.149 0.149 0.1325 0.1325 0.123 0.123 0.117 0.117 0.117 0.1175 0.1175 0.1195 0.1195 0.104 0.104 0.1085 0.1085 0.1085 0.1055 0.1055 0.093 0.093 0.096 0.096 0.096 0.1035 0.1035 0.0975 0.0975 0.105 0.105 0.105 0.1045 0.1045 0.097 0.097 0.0955 0.0955 0.0955 0.096 0.096 0.09649999 0.09649999
0.16 0.161 0.161 0.218 0.218 0.218 0.223 0.223 0.273 0.273 0.206 0.206 0.2035 0.2035 0.2035 0.213 0.213 0.18 0.18 0.1425 0.1425 0.1425 0.152 0.152 0.145 0.145 0.1535 0.1535 0.1535 0.15 0.15 0.153 0.153 0.1405 0.1405 0.1405 0.141 0.141 0.1445 0.1445 0.133 0.133 0.133 0.1305 0.1305 0.124 0.124 0.1235 0.1235 0.124 0.124 0.124 0.117 0.117 0.1095 0.1095 0.1025 0.1025 0.1025 0.102 0.102 0.129 0.129 0.128 0.128 0.128 0.121 0.121 0.1205 0.1205 0.122 0.122 0.122 0.119 0.119 0.09900001 0.09900001
0.16 0.161 0.161 0.218 0.218 0.218 0.223 0.223 0.273 0.273 0.206 0.206 0.2035 0.2035 0.2035 0.213 0.213 0.18 0.18 0.1425 0.1425 0.1425 0.152 0.152 0.145 0.145 0.1535 0.1535 0.1535 0.15 0.15 0.153 0.153 0.1405 0.1405 0.1405 0.141 0.141 0.1445 0.1445 0.133 0.133 0.133 0.1305 0.1305 0.124 0.124 0.1235 0.1235 0.124 0.124 0.124 0.117 0.117 0.1095 0.1095 0.1025 0.1025 0.1025 0.102 0.102 0.129 0.129 0.128 0.128 0.128 0.121 0.121 0.1205 0.1205 0.122 0.122 0.122 0.119 0.119 0.09900001 0.09900001
0.135 0.173 0.173 0.1815 0.1815 0.1815 0.186 0.186 0.192 0.192 0.184 0.184 0.201 0.201 0.201 0.217 0.217 0.1975 0.1975 0.212 0.212 0.212 0.1515 0.1515 0.1565 0.1565 0.152 0.152 0.152 0.161 0.161 0.1695 0.1695 0.1585 0.1585 0.1585 0.1615 0.1615 0.1455 0.1455 0.131 0.131 0.131 0.1255 0.1255 0.122 0.122 0.1335 0.1335 0.1315 0.1315 0.1315 0.1235 0.1235 0.1265 0.1265 0.1235 0.1235 0.1235 0.1275 0.1275 0.134 0.134 0.138 0.138 0.138 0.142 0.142 0.1315 0.1315 0.122 0.122 0.122 0.1105 0.1105 0.1075 0.1075
0.135 0.173 0.173 0.1815 0.1815 0.1815 0.186 0.186 0.192 0.192 0.184 0.184 0.201 0.201 0.201 0.217 0.217 0.1975 0.1975 0.212 0.212 0.212 0.1515 0.1515 0.1565 0.1565 0.152 0.152 0.152 0.161 0.161 0.1695 0.1695 0.1585 0.1585 0.1585 0.1615 0.1615 0.1455 0.1455 0.131 0.131 0.131 0.1255 0.1255 0.122 0.122 0.1335 0.1335 0.1315 0.1315 0.1315 0.1235 0.1235 0.1265 0.1265 0.1235 0.1235 0.1235 0.1275 0.1275 0.134 0.134 0.138 0.138 0.138 0.142 0.142 0.1315 0.1315 0.122 0.122 0.122 0.1105 0.1105 0.1075 0.1075
0.222 0.181 0.181 0.2125 0.2125 0.2125 0.1845 0.1845 0.1555 0.1555 0.1605 0.1605 0.1555 0.1555 0.1555 0.162 0.162 0.1675 0.1675 0.2125 0.2125 0.2125 0.2055 0.2055 0.1645 0.1645 0.1605 0.1605 0.1605 0.179 0.179 0.208 0.208 0.2385 0.2385 0.2385 0.1725 0.1725 0.185 0.185 0.1415 0.1415 0.1415 0.1395 0.1395 0.1545 0.1545 0.1715 0.1715 0.1655 0.1655 0.1655 0.16 0.16 0.1425 0.1425 0.152 0.152 0.152 0.14 0.14 0.152 0.152 0.147 0.147 0.147 0.14 0.14 0.1375 0.1375 0.131 0.131 0.131 0.13 0.13 0.1245 0.1245
0.222 0.181 0.181 0.2125 0.2125 0.2125 0.1845 0.1845 0.1555 0.1555 0.1605 0.1605 0.1555 0.1555 0.1555 0.162 0.162 0.1675 0.1675 0.2125 0.2125 0.2125 0.2055 0.2055 0.1645 0.1645 0.1605 0.1605 0.1605 0.179 0.179 0.208 0.208 0.2385 0.2385 0.2385 0.1725 0.1725 0.185 0.185 0.1415 0.1415 0.1415 0.1395 0.1395 0.1545 0.1545 0.1715 0.1715 0.1655 0.1655 0.1655 0.16 0.16 0.1425 0.1425 0.152 0.152 0.152 0.14 0.14 0.152 0.152 0.147 0.147 0.147 0.14 0.14 0.1375 0.1375 0.131 0.131 0.131 0.13 0.13 0.1245 0.1245
