ndvi/NOAA-118.asc
ncols         252
nrows         154
xllcorner     -18.017974
yllcorner     13.481982
cellsize      0.035948
NODATA_value  -9999
[rows 68 to 101 of 154, columns 0 to 77 of 252]
-1 -1 -1 -1 -1 -1 -1 -1 -1 -1 -1 -1 -1 -1 -1 -1 -1 -1 -1 -1 -1 -1 -1 -1 -1 -1 -1 -1 -1 -1 -1 -1 -1 -1 -1 -1 -1 -1 -1 0.179 0.179 0.179 0.2405 0.2405 0.4585 0.4585 0.4535 0.4535 0.4535 0.351 0.351 0.3405 0.3405 0.301 0.301 0.327 0.327 0.327 0.5175 0.5175 0.447 0.447 0.447 0.447 0.447 0.3855 0.3855 0.4015 0.4015 0.2135 0.2135 0.2135 0.192 0.192 0.221 0.221 0.1855 0.1855
-1 -1 -1 -1 -1 -1 -1 -1 -1 -1 -1 -1 -1 -1 -1 -1 -1 -1 -1 -1 -1 -1 -1 -1 -1 -1 -1 -1 -1 -1 -1 -1 -1 -1 -1 -1 -1 -1 -1 0.192 0.192 0.192 0.254 0.254 0.451 0.451 0.399 0.399 0.399 0.3545 0.3545 0.338 0.338 0.3125 0.3125 0.292 0.292 0.292 0.427 0.427 0.441 0.441 0.441 0.441 0.441 0.322 0.322 0.2595 0.2595 0.1735 0.1735 0.1735 0.1715 0.1715 0.174 0.174 0.174 0.174
-1 -1 -1 -1 -1 -1 -1 -1 -1 -1 -1 -1 -1 -1 -1 -1 -1 -1 -1 -1 -1 -1 -1 -1 -1 -1 -1 -1 -1 -1 -1 -1 -1 -1 -1 -1 -1 -1 -1 0.192 0.192 0.192 0.254 0.254 0.451 0.451 0.399 0.399 0.399 0.3545 0.3545 0.338 0.338 0.3125 0.3125 0.292 0.292 0.292 0.427 0.427 0.441 0.441 0.441 0.441 0.441 0.322 0.322 0.2595 0.2595 0.1735 0.1735 0.1735 0.1715 0.1715 0.174 0.174 0.174 0.174
-1 -1 -1 -1 -1 -1 -1 -1 -1 -1 -1 -1 -1 -1 -1 -1 -1 -1 -1 -1 -1 -1 -1 -1 -1 -1 -1 -1 -1 -1 -1 -1 -1 -1 -1 -1 -1 0.1062 0.1062 0.152 0.152 0.152 0.2635 0.2635 0.314 0.314 0.349 0.349 0.349 0.301 0.301 0.275 0.275 0.3205 0.3205 0.1915 0.1915 0.1915 0.271 0.271 0.3565 0.3565 0.3565 0.3565 0.3565 0.2425 0.2425 0.218 0.218 0.2375 0.2375 0.2375 0.2085 0.2085 0.2125 0.2125 0.2035 0.2035
-1 -1 -1 -1 -1 -1 -1 -1 -1 -1 -1 -1 -1 -1 -1 -1 -1 -1 -1 -1 -1 -1 -1 -1 -1 -1 -1 -1 -1 -1 -1 -1 -1 -1 -1 -1 -1 0.1062 0.1062 0.152 0.152 0.152 0.2635 0.2635 0.314 0.314 0.349 0.349 0.349 0.301 0.301 0.275 0.275 0.3205 0.3205 0.1915 0.1915 0.1915 0.271 0.271 0.3565 0.3565 0.3565 0.3565 0.3565 0.2425 0.2425 0.218 0.218 0.2375 0.2375 0.2375 0.2085 0.2085 0.2125 0.2125 0.2035 0.2035
-1 -1 -1 -1 -1 -1 -1 -1 -1 -1 -1 -1 -1 -1 -1 -1 -1 -1 -1 -1 -1 -1 -1 -1 -1 -1 -1 -1 -1 -1 -1 -1 -1 -1 -1 -1 -1 0.1062 0.1062 0.152 0.152 0.152 0.2635 0.2635 0.314 0.314 0.349 0.349 0.349 0.301 0.301 0.275 0.275 0.3205 0.3205 0.1915 0.1915 0.1915 0.271 0.271 0.3565 0.3565 0.3565 0.3565 0.3565 0.2425 0.2425 0.218 0.218 0.2375 0.2375 0.2375 0.2085 0.2085 0.2125 0.2125 0.2035 0.2035
-1 -1 -1 -1 -1 -1 -1 -1 -1 -1 -1 -1 -1 -1 -1 -1 -1 -1 -1 -1 -1 -1 -1 -1 -1 -1 -1 -1 -1 -1 -1 -1 -1 -1 -1 -1 -1 0.0387 0.0387 0.139 0.139 0.139 0.2705 0.2705 0.3185 0.3185 0.2605 0.2605 0.2605 0.2655 0.2655 0.284 0.284 0.185 0.185 0.189 0.189 0.189 0.197 0.197 0.316 0.316 0.316 0.316 0.316 0.2255 0.2255 0.2305 0.2305 0.236 0.236 0.236 0.219 0.219 0.2255 0.2255 0.242 0.242
-1 -1 -1 -1 -1 -1 -1 -1 -1 -1 -1 -1 -1 -1 -1 -1 -1 -1 -1 -1 -1 -1 -1 -1 -1 -1 -1 -1 -1 -1 -1 -1 -1 -1 -1 -1 -1 0.0387 0.0387 0.139 0.139 0.139 0.2705 0.2705 0.3185 0.3185 0.2605 0.2605 0.2605 0.2655 0.2655 0.284 0.284 0.185 0.185 0.189 0.189 0.189 0.197 0.197 0.316 0.316 0.316 0.316 0.316 0.2255 0.2255 0.2305 0.2305 0.236 0.236 0.236 0.219 0.219 0.2255 0.2255 0.242 0.242
-1 -1 -1 -1 -1 -1 -1 -1 -1 -1 -1 -1 -1 -1 -1 -1 -1 -1 -1 -1 -1 -1 -1 -1 -1 -1 -1 -1 -1 -1 -1 -1 -1 -1 -1 -1 -1 0.0017 0.0017 0.1595 0.1595 0.1595 0.304 0.304 0.3595 0.3595 0.2945 0.2945 0.2945 0.2535 0.2535 0.2385 0.2385 0.2395 0.2395 0.2435 0.2435 0.2435 0.2345 0.2345 0.229 0.229 0.229 0.229 0.229 0.246 0.246 0.239 0.239 0.2255 0.2255 0.2255 0.216 0.216 0.2245 0.2245 0.26 0.26
-1 -1 -1 -1 -1 -1 -1 -1 -1 -1 -1 -1 -1 -1 -1 -1 -1 -1 -1 -1 -1 -1 -1 -1 -1 -1 -1 -1 -1 -1 -1 -1 -1 -1 -1 -1 -1 0.0017 0.0017 0.1595 0.1595 0.1595 0.304 0.304 0.3595 0.3595 0.2945 0.2945 0.2945 0.2535 0.2535 0.2385 0.2385 0.2395 0.2395 0.2435 0.2435 0.2435 0.2345 0.2345 0.229 0.229 0.229 0.229 0.229 0.246 0.246 0.239 0.239 0.2255 0.2255 0.2255 0.216 0.216 0.2245 0.2245 0.26 0.26
-1 -1 -1 -1 -1 -1 -1 -1 -1 -1 -1 -1 -1 -1 -1 -1 -1 -1 -1 -1 -1 -1 -1 -1 -1 -1 -1 -1 -1 -1 -1 -1 -1 -1 -1 -1 -1 0.0682 0.0682 0.142 0.142 0.142 0.235 0.235 0.3075 0.3075 0.2935 0.2935 0.2935 0.2685 0.2685 0.2555 0.2555 0.2615 0.2615 0.2805 0.2805 0.2805 0.2455 0.2455 0.2405 0.2405 0.2405 0.2405 0.2405 0.268 0.268 0.2625 0.2625 0.2385 0.2385 0.2385 0.29 0.29 0.2875 0.2875 0.2405 0.2405
-1 -1 -1 -1 -1 -1 -1 -1 -1 -1 -1 -1 -1 -1 -1 -1 -1 -1 -1 -1 -1 -1 -1 -1 -1 -1 -1 -1 -1 -1 -1 -1 -1 -1 -1 -1 -1 0.0682 0.0682 0.142 0.142 0.142 0.235 0.235 0.3075 0.3075 0.2935 0.2935 0.2935 0.2685 0.2685 0.2555 0.2555 0.2615 0.2615 0.2805 0.2805 0.2805 0.2455 0.2455 0.2405 0.2405 0.2405 0.2405 0.2405 0.268 0.268 0.2625 0.2625 0.2385 0.2385 0.2385 0.29 0.29 0.2875 0.2875 0.2405 0.2405
-1 -1 -1 -1 -1 -1 -1 -1 -1 -1 -1 -1 -1 -1 -1 -1 -1 -1 -1 -1 -1 -1 -1 -1 -1 -1 -1 -1 -1 -1 -1 -1 -1 -1 -1 -1 -1 0.0542 0.0542 0.2725 0.2725 0.2725 0.251 0.251 0.304 0.304 0.3035 0.3035 0.3035 0.3205 0.3205 0.338 0.338 0.28 0.28 0.309 0.309 0.309 0.259 0.259 0.2535 0.2535 0.2535 0.2535 0.2535 0.271 0.271 0.2655 0.2655 0.277 0.277 0.277 0.3255 0.3255 0.305 0.305 0.266 0.266
-1 -1 -1 -1 -1 -1 -1 -1 -1 -1 -1 -1 -1 -1 -1 -1 -1 -1 -1 -1 -1 -1 -1 -1 -1 -1 -1 -1 -1 -1 -1 -1 -1 -1 -1 -1 -1 0.0542 0.0542 0.2725 0.2725 0.2725 0.251 0.251 0.304 0.304 0.3035 0.3035 0.3035 0.3205 0.3205 0.338 0.338 0.28 0.28 0.309 0.309 0.309 0.259 0.259 0.2535 0.2535 0.2535 0.2535 0.2535 0.271 0.271 0.2655 0.2655 0.277 0.277 0.277 0.3255 0.3255 0.305 0.305 0.266 0.266
-1 -1 -1 -1 -1 -1 -1 -1 -1 -1 -1 -1 -1 -1 -1 -1 -1 -1 -1 -1 -1 -1 -1 -1 -1 -1 -1 -1 -1 -1 -1 -1 -1 -1 -1 -1 -1 0.0542 0.0542 0.2725 0.2725 0.2725 0.251 0.251 0.304 0.304 0.3035 0.3035 0.3035 0.3205 0.3205 0.338 0.338 0.28 0.28 0.309 0.309 0.309 0.259 0.259 0.2535 0.2535 0.2535 0.2535 0.2535 0.271 0.271 0.2655 0.2655 0.277 0.277 0.277 0.3255 0.3255 0.305 0.305 0.266 0.266
-1 -1 -1 -1 -1 -1 -1 -1 -1 -1 -1 -1 -1 -1 -1 -1 -1 -1 -1 -1 -1 -1 -1 -1 -1 -1 -1 -1 -1 -1 -1 -1 -1 -1 -1 -1 -1 0.0827 0.0827 0.1785 0.1785 0.1785 0.293 0.293 0.332 0.332 0.313 0.313 0.313 0.2945 0.2945 0.3245 0.3245 0.2745 0.2745 0.268 0.268 0.268 0.241 0.241 0.26 0.26 0.26 0.26 0.26 0.3025 0.3025 0.3075 0.3075 0.332 0.332 0.332 0.3625 0.3625 0.2875 0.2875 0.283 0.283
-1 -1 -1 -1 -1 -1 -1 -1 -1 -1 -1 -1 -1 -1 -1 -1 -1 -1 -1 -1 -1 -1 -1 -1 -1 -1 -1 -1 -1 -1 -1 -1 -1 -1 -1 -1 -1 0.0827 0.0827 0.1785 0.1785 0.1785 0.293 0.293 0.332 0.332 0.313 0.313 0.313 0.2945 0.2945 0.3245 0.3245 0.2745 0.2745 0.268 0.268 0.268 0.241 0.241 0.26 0.26 0.26 0.26 0.26 0.3025 0.3025 0.3075 0.3075 0.332 0.332 0.332 0.3625 0.3625 0.2875 0.2875 0.283 0.283
-1 -1 -1 -1 -1 -1 -1 -1 -1 -1 -1 -1 -1 -1 -1 -1 -1 -1 -1 -1 -1 -1 -1 -1 -1 -1 -1 -1 -1 -1 -1 -1 -1 -1 -1 -1 -1 0.1156 0.1156 0.314 0.314 0.314 0.353 0.353 0.3395 0.3395 0.316 0.316 0.316 0.3025 0.3025 0.287 0.287 0.2965 0.2965 0.346 0.346 0.346 0.2515 0.2515 0.2885 0.2885 0.2885 0.2885 0.2885 0.315 0.315 0.317 0.317 0.3115 0.3115 0.3115 0.308 0.308 0.312 0.312 0.3805 0.3805
-1 -1 -1 -1 -1 -1 -1 -1 -1 -1 -1 -1 -1 -1 -1 -1 -1 -1 -1 -1 -1 -1 -1 -1 -1 -1 -1 -1 -1 -1 -1 -1 -1 -1 -1 -1 -1 0.1156 0.1156 0.314 0.314 0.314 0.353 0.353 0.3395 0.3395 0.316 0.316 0.316 0.3025 0.3025 0.287 0.287 0.2965 0.2965 0.346 0.346 0.346 0.2515 0.2515 0.2885 0.2885 0.2885 0.2885 0.2885 0.315 0.315 0.317 0.317 0.3115 0.3115 0.3115 0.308 0.308 0.312 0.312 0.3805 0.3805
-1 -1 -1 -1 -1 -1 -1 -1 -1 -1 -1 -1 -1 -1 -1 -1 -1 -1 -1 -1 -1 -1 -1 -1 -1 -1 -1 -1 -1 -1 -1 -1 -1 -1 -1 0.0507 0.0507 0.2041 0.2041 0.3495 0.3495 0.3495 0.3455 0.3455 0.331 0.331 0.2815 0.2815 0.2815 0.3215 0.3215 0.311 0.311 0.3105 0.3105 0.2835 0.2835 0.2835 0.3165 0.3165 0.31 0.31 0.31 0.31 0.31 0.3305 0.3305 0.3485 0.3485 0.3875 0.3875 0.3875 0.3025 0.3025 0.3115 0.3115 0.327 0.327
-1 -1 -1 -1 -1 -1 -1 -1 -1 -1 -1 -1 -1 -1 -1 -1 -1 -1 -1 -1 -1 -1 -1 -1 -1 -1 -1 -1 -1 -1 -1 -1 -1 -1 -1 0.0507 0.0507 0.2041 0.2041 0.3495 0.3495 0.3495 0.3455 0.3455 0.331 0.331 0.2815 0.2815 0.2815 0.3215 0.3215 0.311 0.311 0.3105 0.3105 0.2835 0.2835 0.2835 0.3165 0.3165 0.31 0.31 0.31 0.31 0.31 0.3305 0.3305 0.3485 0.3485 0.3875 0.3875 0.3875 0.3025 0.3025 0.3115 0.3115 0.327 0.327
-1 -1 -1 -1 -1 -1 -1 -1 -1 -1 -1 -1 -1 -1 -1 -1 -1 -1 -1 -1 -1 -1 -1 -1 -1 -1 -1 -1 -1 -1 -1 -1 -1 -1 -1 0.0507 0.0507 0.2041 0.2041 0.3495 0.3495 0.3495 0.3455 0.3455 0.331 0.331 0.2815 0.2815 0.2815 0.3215 0.3215 0.311 0.311 0.3105 0.3105 0.2835 0.2835 0.2835 0.3165 0.3165 0.31 0.31 0.31 0.31 0.31 0.3305 0.3305 0.3485 0.3485 0.3875 0.3875 0.3875 0.3025 0.3025 0.3115 0.3115 0.327 0.327
-1 -1 -1 -1 -1 -1 -1 -1 -1 -1 -1 -1 -1 -1 -1 -1 -1 -1 -1 -1 -1 -1 -1 -1 -1 -1 -1 -1 -1 -1 -1 -1 -1 -1 -1 0.149 0.149 0.3285 0.3285 0.3695 0.3695 0.3695 0.346 0.346 0.3265 0.3265 0.356 0.356 0.356 0.336 0.336 0.3395 0.3395 0.3225 0.3225 0.3325 0.3325 0.3325 0.365 0.365 0.4285 0.4285 0.4285 0.4285 0.4285 0.45 0.45 0.4715 0.4715 0.374 0.374 0.374 0.3915 0.3915 0.3625 0.3625 0.387 0.387
-1 -1 -1 -1 -1 -1 -1 -1 -1 -1 -1 -1 -1 -1 -1 -1 -1 -1 -1 -1 -1 -1 -1 -1 -1 -1 -1 -1 -1 -1 -1 -1 -1 -1 -1 0.149 0.149 0.3285 0.3285 0.3695 0.3695 0.3695 0.346 0.346 0.3265 0.3265 0.356 0.356 0.356 0.336 0.336 0.3395 0.3395 0.3225 0.3225 0.3325 0.3325 0.3325 0.365 0.365 0.4285 0.4285 0.4285 0.4285 0.4285 0.45 0.45 0.4715 0.4715 0.374 0.374 0.374 0.3915 0.3915 0.3625 0.3625 0.387 0.387
-1 -1 -1 -1 -1 -1 -1 -1 -1 -1 -1 -1 -1 -1 -1 -1 -1 -1 -1 -1 -1 -1 -1 -1 -1 -1 -1 -1 -1 -1 -1 -1 0.1102 0.1102 0.1102 0.2975 0.2975 0.355 0.355 0.3685 0.3685 0.3685 0.3355 0.3355 0.364 0.364 0.382 0.382 0.382 0.393 0.393 0.3555 0.3555 0.344 0.344 0.333 0.333 0.333 0.383 0.383 0.373 0.373 0.373 0.373 0.373 0.3955 0.3955 0.4185 0.4185 0.4285 0.4285 0.4285 0.366 0.366 0.3625 0.3625 0.353 0.353
-1 -1 -1 -1 -1 -1 -1 -1 -1 -1 -1 -1 -1 -1 -1 -1 -1 -1 -1 -1 -1 -1 -1 -1 -1 -1 -1 -1 -1 -1 -1 -1 0.1102 0.1102 0.1102 0.2975 0.2975 0.355 0.355 0.3685 0.3685 0.3685 0.3355 0.3355 0.364 0.364 0.382 0.382 0.382 0.393 0.393 0.3555 0.3555 0.344 0.344 0.333 0.333 0.333 0.383 0.383 0.373 0.373 0.373 0.373 0.373 0.3955 0.3955 0.4185 0.4185 0.4285 0.4285 0.4285 0.366 0.366 0.3625 0.3625 0.353 0.353
-1 -1 -1 -1 -1 -1 -1 -1 -1 -1 -1 -1 -1 -1 -1 -1 -1 -1 -1 -1 -1 -1 -1 -1 -1 -1 -1 -1 -1 -1 0.0232 0.0232 0.211 0.211 0.211 0.3065 0.3065 0.3785 0.3785 0.344 0.344 0.344 0.342 0.342 0.3485 0.3485 0.3856 0.3856 0.3856 0.3775 0.3775 0.3655 0.3655 0.355 0.355 0.354 0.354 0.354 0.4 0.4 0.368 0.368 0.368 0.368 0.368 0.3525 0.3525 0.4045 0.4045 0.3995 0.3995 0.3995 0.314 0.314 0.3605 0.3605 0.373 0.373
-1 -1 -1 -1 -1 -1 -1 -1 -1 -1 -1 -1 -1 -1 -1 -1 -1 -1 -1 -1 -1 -1 -1 -1 -1 -1 -1 -1 -1 -1 0.0232 0.0232 0.211 0.211 0.211 0.3065 0.3065 0.3785 0.3785 0.344 0.344 0.344 0.342 0.342 0.3485 0.3485 0.3856 0.3856 0.3856 0.3775 0.3775 0.3655 0.3655 0.355 0.355 0.354 0.354 0.354 0.4 0.4 0.368 0.368 0.368 0.368 0.368 0.3525 0.3525 0.4045 0.4045 0.3995 0.3995 0.3995 0.314 0.314 0.3605 0.3605 0.373 0.373
-1 -1 -1 -1 -1 -1 -1 -1 -1 -1 -1 -1 -1 -1 -1 -1 -1 -1 -1 -1 -1 -1 -1 -1 -1 -1 -1 -1 -1 -1 0.0232 0.0232 0.211 0.211 0.211 0.3065 0.3065 0.3785 0.3785 0.344 0.344 0.344 0.342 0.342 0.3485 0.3485 0.3856 0.3856 0.3856 0.3775 0.3775 0.3655 0.3655 0.355 0.355 0.354 0.354 0.354 0.4 0.4 0.368 0.368 0.368 0.368 0.368 0.3525 0.3525 0.4045 0.4045 0.3995 0.3995 0.3995 0.314 0.314 0.3605 0.3605 0.373 0.373
-1 -1 -1 -1 -1 -1 -1 -1 -1 -1 -1 -1 -1 -1 -1 -1 -1 -1 -1 -1 -1 -1 -1 -1 -1 -1 -1 -1 -1 -1 0.1057 0.1057 0.314 0.314 0.314 0.31 0.31 0.317 0.317 0.3155 0.3155 0.3155 0.3525 0.3525 0.3785 0.3785 0.4025 0.4025 0.4025 0.4035 0.4035 0.394 0.394 0.38 0.38 0.423 0.423 0.423 0.418 0.418 0.3605 0.3605 0.3605 0.3605 0.3605 0.3415 0.3415 0.351 0.351 0.344 0.344 0.344 0.297 0.297 0.3465 0.3465 0.368 0.368
-1 -1 -1 -1 -1 -1 -1 -1 -1 -1 -1 -1 -1 -1 -1 -1 -1 -1 -1 -1 -1 -1 -1 -1 -1 -1 -1 -1 -1 -1 0.1057 0.1057 0.314 0.314 0.314 0.31 0.31 0.317 0.317 0.3155 0.3155 0.3155 0.3525 0.3525 0.3785 0.3785 0.4025 0.4025 0.4025 0.4035 0.4035 0.394 0.394 0.38 0.38 0.423 0.423 0.423 0.418 0.418 0.3605 0.3605 0.3605 0.3605 0.3605 0.3415 0.3415 0.351 0.351 0.344 0.344 0.344 0.297 0.297 0.3465 0.3465 0.368 0.368
-1 -1 -1 -1 -1 -1 -1 -1 -1 -1 -1 -1 -1 -1 -1 -1 -1 -1 -1 -1 -1 -1 -1 -1 -1 -1 -1 -1 0.0917 0.0917 0.272 0.272 0.3605 0.3605 0.3605 0.3355 0.3355 0.338 0.338 0.336 0.336 0.336 0.3355 0.3355 0.361 0.361 0.3895 0.3895 0.3895 0.359 0.359 0.3755 0.3755 0.394 0.394 0.4 0.4 0.4 0.37 0.37 0.354 0.354 0.354 0.354 0.354 0.369 0.369 0.351 0.351 0.3655 0.3655 0.3655 0.3465 0.3465 0.3695 0.3695 0.3805 0.3805
-1 -1 -1 -1 -1 -1 -1 -1 -1 -1 -1 -1 -1 -1 -1 -1 -1 -1 -1 -1 -1 -1 -1 -1 -1 -1 -1 -1 0.0917 0.0917 0.272 0.272 0.3605 0.3605 0.3605 0.3355 0.3355 0.338 0.338 0.336 0.336 0.336 0.3355 0.3355 0.361 0.361 0.3895 0.3895 0.3895 0.359 0.359 0.3755 0.3755 0.394 0.394 0.4 0.4 0.4 0.37 0.37 0.354 0.354 0.354 0.354 0.354 0.369 0.369 0.351 0.351 0.3655 0.3655 0.3655 0.3465 0.3465 0.3695 0.3695 0.3805 0.3805
-1 -1 -1 -1 -1 -1 -1 -1 -1 -1 -1 -1 -1 -1 -1 -1 -1 -1 -1 -1 -1 -1 -1 -1 -1 0.0097 0.0097 0.0097 0.102 0.102 0.345 0.345 0.3635 0.3635 0.3635 0.3665 0.3665 0.3745 0.3745 0.3955 0.3955 0.3955 0.3995 0.3995 0.394 0.394 0.4 0.4 0.4 0.4085 0.4085 0.448 0.448 0.45 0.45 0.4195 0.4195 0.4195 0.443 0.443 0.3875 0.3875 0.3875 0.3875 0.3875 0.42 0.42 0.3965 0.3965 0.4005 0.4005 0.4005 0.369 0.369 0.3995 0.3995 0.379 0.379
