ndvi/NOAA-359.asc
ncols         252
nrows         154
xllcorner     -18.017974
yllcorner     13.481982
cellsize      0.035948
NODATA_value  -9999
[rows 34 to 67 of 154, columns 77 to 153 of 252]
0.127 0.127 0.1345 0.1345 0.14 0.14 0.135 0.135 0.135 0.1395 0.1395 0.146 0.146 0.144 0.144 0.135 0.135 0.135 0.1285 0.1285 0.1295 0.1295 0.1345 0.1345 0.1345 0.1425 0.1425 0.148 0.148 0.153 0.153 0.153 0.1355 0.1355 0.1345 0.1345 0.125 0.125 0.125 0.1205 0.1205 0.1195 0.1195 0.1395 0.1395 0.1395 0.1245 0.1245 0.113 0.113 0.126 0.126 0.1295 0.1295 0.1295 0.1185 0.1185 0.126 0.126 0.1365 0.1365 0.1365 0.1335 0.1335 0.152 0.152 0.14 0.14 0.14 0.135 0.135 0.124 0.124 0.1155 0.1155 0.1155 0.1305
0.127 0.127 0.1345 0.1345 0.14 0.14 0.135 0.135 0.135 0.1395 0.1395 0.146 0.146 0.144 0.144 0.135 0.135 0.135 0.1285 0.1285 0.1295 0.1295 0.1345 0.1345 0.1345 0.1425 0.1425 0.148 0.148 0.153 0.153 0.153 0.1355 0.1355 0.1345 0.1345 0.125 0.125 0.125 0.1205 0.1205 0.1195 0.1195 0.1395 0.1395 0.1395 0.1245 0.1245 0.113 0.113 0.126 0.126 0.1295 0.1295 0.1295 0.1185 0.1185 0.126 0.126 0.1365 0.1365 0.1365 0.1335 0.1335 0.152 0.152 0.14 0.14 0.14 0.135 0.135 0.124 0.124 0.1155 0.1155 0.1155 0.1305
0.127 0.127 0.1345 0.1345 0.14 0.14 0.135 0.135 0.135 0.1395 0.1395 0.146 0.146 0.144 0.144 0.135 0.135 0.135 0.1285 0.1285 0.1295 0.1295 0.1345 0.1345 0.1345 0.1425 0.1425 0.148 0.148 0.153 0.153 0.153 0.1355 0.1355 0.1345 0.1345 0.125 0.125 0.125 0.1205 0.1205 0.1195 0.1195 0.1395 0.1395 0.1395 0.1245 0.1245 0.113 0.113 0.126 0.126 0.1295 0.1295 0.1295 0.1185 0.1185 0.126 0.126 0.1365 0.1365 0.1365 0.1335 0.1335 0.152 0.152 0.14 0.14 0.14 0.135 0.135 0.124 0.124 0.1155 0.1155 0.1155 0.1305
0.142 0.142 0.149 0.149 0.1425 0.1425 0.1415 0.1415 0.1415 0.1295 0.1295 0.133 0.133 0.141 0.141 0.1235 0.1235 0.1235 0.1315 0.1315 0.135 0.135 0.1435 0.1435 0.1435 0.1465 0.1465 0.1485 0.1485 0.1445 0.1445 0.1445 0.138 0.138 0.145 0.145 0.1295 0.1295 0.1295 0.127 0.127 0.1315 0.1315 0.14 0.14 0.14 0.1375 0.1375 0.1385 0.1385 0.1375 0.1375 0.128 0.128 0.128 0.146 0.146 0.167 0.167 0.1625 0.1625 0.1625 0.155 0.155 0.1425 0.1425 0.14 0.14 0.14 0.1295 0.1295 0.116 0.116 0.134 0.134 0.134 0.129
0.142 0.142 0.149 0.149 0.1425 0.1425 0.1415 0.1415 0.1415 0.1295 0.1295 0.133 0.133 0.141 0.141 0.1235 0.1235 0.1235 0.1315 0.1315 0.135 0.135 0.1435 0.1435 0.1435 0.1465 0.1465 0.1485 0.1485 0.1445 0.1445 0.1445 0.138 0.138 0.145 0.145 0.1295 0.1295 0.1295 0.127 0.127 0.1315 0.1315 0.14 0.14 0.14 0.1375 0.1375 0.1385 0.1385 0.1375 0.1375 0.128 0.128 0.128 0.146 0.146 0.167 0.167 0.1625 0.1625 0.1625 0.155 0.155 0.1425 0.1425 0.14 0.14 0.14 0.1295 0.1295 0.116 0.116 0.134 0.134 0.134 0.129
0.1425 0.1425 0.1365 0.1365 0.132 0.132 0.1385 0.1385 0.1385 0.142 0.142 0.137 0.137 0.1405 0.1405 0.137 0.137 0.137 0.132 0.132 0.1375 0.1375 0.1445 0.1445 0.1445 0.138 0.138 0.143 0.143 0.1465 0.1465 0.1465 0.1485 0.1485 0.1465 0.1465 0.1435 0.1435 0.1435 0.141 0.141 0.131 0.131 0.1465 0.1465 0.1465 0.1525 0.1525 0.148 0.148 0.1555 0.1555 0.183 0.183 0.183 0.1635 0.1635 0.161 0.161 0.1685 0.1685 0.1685 0.1315 0.1315 0.1315 0.1315 0.125 0.125 0.125 0.1245 0.1245 0.098 0.098 0.1355 0.1355 0.1355 0.1095
0.1425 0.1425 0.1365 0.1365 0.132 0.132 0.1385 0.1385 0.1385 0.142 0.142 0.137 0.137 0.1405 0.1405 0.137 0.137 0.137 0.132 0.132 0.1375 0.1375 0.1445 0.1445 0.1445 0.138 0.138 0.143 0.143 0.1465 0.1465 0.1465 0.1485 0.1485 0.1465 0.1465 0.1435 0.1435 0.1435 0.141 0.141 0.131 0.131 0.1465 0.1465 0.1465 0.1525 0.1525 0.148 0.148 0.1555 0.1555 0.183 0.183 0.183 0.1635 0.1635 0.161 0.161 0.1685 0.1685 0.1685 0.1315 0.1315 0.1315 0.1315 0.125 0.125 0.125 0.1245 0.1245 0.098 0.098 0.1355 0.1355 0.1355 0.1095
0.1545 0.1545 0.142 0.142 0.1385 0.1385 0.1455 0.1455 0.1455 0.147 0.147 0.1505 0.1505 0.145 0.145 0.1335 0.1335 0.1335 0.1325 0.1325 0.1345 0.1345 0.1415 0.1415 0.1415 0.143 0.143 0.1395 0.1395 0.143 0.143 0.143 0.1425 0.1425 0.148 0.148 0.152 0.152 0.152 0.1405 0.1405 0.1555 0.1555 0.161 0.161 0.161 0.1595 0.1595 0.153 0.153 0.161 0.161 0.1775 0.1775 0.1775 0.157 0.157 0.1575 0.1575 0.1675 0.1675 0.1675 0.1425 0.1425 0.141 0.141 0.121 0.121 0.121 0.1375 0.1375 0.1275 0.1275 0.14 0.14 0.14 0.1245
0.1545 0.1545 0.142 0.142 0.1385 0.1385 0.1455 0.1455 0.1455 0.147 0.147 0.1505 0.1505 0.145 0.145 0.1335 0.1335 0.1335 0.1325 0.1325 0.1345 0.1345 0.1415 0.1415 0.1415 0.143 0.143 0.1395 0.1395 0.143 0.143 0.143 0.1425 0.1425 0.148 0.148 0.152 0.152 0.152 0.1405 0.1405 0.1555 0.1555 0.161 0.161 0.161 0.1595 0.1595 0.153 0.153 0.161 0.161 0.1775 0.1775 0.1775 0.157 0.157 0.1575 0.1575 0.1675 0.1675 0.1675 0.1425 0.1425 0.141 0.141 0.121 0.121 0.121 0.1375 0.1375 0.1275 0.1275 0.14 0.14 0.14 0.1245
0.1545 0.1545 0.142 0.142 0.1385 0.1385 0.1455 0.1455 0.1455 0.147 0.147 0.1505 0.1505 0.145 0.145 0.1335 0.1335 0.1335 0.1325 0.1325 0.1345 0.1345 0.1415 0.1415 0.1415 0.143 0.143 0.1395 0.1395 0.143 0.143 0.143 0.1425 0.1425 0.148 0.148 0.152 0.152 0.152 0.1405 0.1405 0.1555 0.1555 0.161 0.161 0.161 0.1595 0.1595 0.153 0.153 0.161 0.161 0.1775 0.1775 0.1775 0.157 0.157 0.1575 0.1575 0.1675 0.1675 0.1675 0.1425 0.1425 0.141 0.141 0.121 0.121 0.121 0.1375 0.1375 0.1275 0.1275 0.14 0.14 0.14 0.1245
0.1705 0.1705 0.1505 0.1505 0.145 0.145 0.1455 0.1455 0.1455 0.152 0.152 0.145 0.145 0.1465 0.1465 0.1365 0.1365 0.1365 0.1325 0.1325 0.143 0.143 0.139 0.139 0.139 0.1415 0.1415 0.144 0.144 0.14 0.14 0.14 0.1395 0.1395 0.156 0.156 0.163 0.163 0.163 0.17 0.17 0.167 0.167 0.1645 0.1645 0.1645 0.164 0.164 0.1525 0.1525 0.1435 0.1435 0.1555 0.1555 0.1555 0.155 0.155 0.145 0.145 0.1315 0.1315 0.1315 0.1235 0.1235 0.1355 0.1355 0.1295 0.1295 0.1295 0.135 0.135 0.117 0.117 0.1265 0.1265 0.1265 0.1275
0.1705 0.1705 0.1505 0.1505 0.145 0.145 0.1455 0.1455 0.1455 0.152 0.152 0.145 0.145 0.1465 0.1465 0.1365 0.1365 0.1365 0.1325 0.1325 0.143 0.143 0.139 0.139 0.139 0.1415 0.1415 0.144 0.144 0.14 0.14 0.14 0.1395 0.1395 0.156 0.156 0.163 0.163 0.163 0.17 0.17 0.167 0.167 0.1645 0.1645 0.1645 0.164 0.164 0.1525 0.1525 0.1435 0.1435 0.1555 0.1555 0.1555 0.155 0.155 0.145 0.145 0.1315 0.1315 0.1315 0.1235 0.1235 0.1355 0.1355 0.1295 0.1295 0.1295 0.135 0.135 0.117 0.117 0.1265 0.1265 0.1265 0.1275
0.1625 0.1625 0.1575 0.1575 0.1535 0.1535 0.148 0.148 0.148 0.14 0.14 0.1325 0.1325 0.1305 0.1305 0.1355 0.1355 0.1355 0.1355 0.1355 0.139 0.139 0.136 0.136 0.136 0.1445 0.1445 0.14 0.14 0.1405 0.1405 0.1405 0.1565 0.1565 0.1635 0.1635 0.137 0.137 0.137 0.1095 0.1095 0.118 0.118 0.1285 0.1285 0.1285 0.1245 0.1245 0.1725 0.1725 0.1635 0.1635 0.1425 0.1425 0.1425 0.1405 0.1405 0.1475 0.1475 0.136 0.136 0.136 0.1525 0.1525 0.1245 0.1245 0.1095 0.1095 0.1095 0.1155 0.1155 0.098 0.098 0.122 0.122 0.122 0.099
0.1625 0.1625 0.1575 0.1575 0.1535 0.1535 0.148 0.148 0.148 0.14 0.14 0.1325 0.1325 0.1305 0.1305 0.1355 0.1355 0.1355 0.1355 0.1355 0.139 0.139 0.136 0.136 0.136 0.1445 0.1445 0.14 0.14 0.1405 0.1405 0.1405 0.1565 0.1565 0.1635 0.1635 0.137 0.137 0.137 0.1095 0.1095 0.118 0.118 0.1285 0.1285 0.1285 0.1245 0.1245 0.1725 0.1725 0.1635 0.1635 0.1425 0.1425 0.1425 0.1405 0.1405 0.1475 0.1475 0.136 0.136 0.136 0.1525 0.1525 0.1245 0.1245 0.1095 0.1095 0.1095 0.1155 0.1155 0.098 0.098 0.122 0.122 0.122 0.099
0.175 0.175 0.1505 0.1505 0.149 0.149 0.152 0.152 0.152 0.1435 0.1435 0.137 0.137 0.143 0.143 0.1575 0.1575 0.1575 0.16 0.16 0.163 0.163 0.1525 0.1525 0.1525 0.147 0.147 0.1585 0.1585 0.279 0.279 0.279 0.4155 0.4155 0.1955 0.1955 0.1465 0.1465 0.1465 0.15 0.15 0.1225 0.1225 0.141 0.141 0.141 0.154 0.154 0.1575 0.1575 0.1605 0.1605 0.159 0.159 0.159 0.158 0.158 0.147 0.147 0.1525 0.1525 0.1525 0.163 0.163 0.148 0.148 0.1405 0.1405 0.1405 0.1355 0.1355 0.141 0.141 0.1125 0.1125 0.1125 0.106
0.175 0.175 0.1505 0.1505 0.149 0.149 0.152 0.152 0.152 0.1435 0.1435 0.137 0.137 0.143 0.143 0.1575 0.1575 0.1575 0.16 0.16 0.163 0.163 0.1525 0.1525 0.1525 0.147 0.147 0.1585 0.1585 0.279 0.279 0.279 0.4155 0.4155 0.1955 0.1955 0.1465 0.1465 0.1465 0.15 0.15 0.1225 0.1225 0.141 0.141 0.141 0.154 0.154 0.1575 0.1575 0.1605 0.1605 0.159 0.159 0.159 0.158 0.158 0.147 0.147 0.1525 0.1525 0.1525 0.163 0.163 0.148 0.148 0.1405 0.1405 0.1405 0.1355 0.1355 0.141 0.141 0.1125 0.1125 0.1125 0.106
0.175 0.175 0.1505 0.1505 0.149 0.149 0.152 0.152 0.152 0.1435 0.1435 0.137 0.137 0.143 0.143 0.1575 0.1575 0.1575 0.16 0.16 0.163 0.163 0.1525 0.1525 0.1525 0.147 0.147 0.1585 0.1585 0.279 0.279 0.279 0.4155 0.4155 0.1955 0.1955 0.1465 0.1465 0.1465 0.15 0.15 0.1225 0.1225 0.141 0.141 0.141 0.154 0.154 0.1575 0.1575 0.1605 0.1605 0.159 0.159 0.159 0.158 0.158 0.147 0.147 0.1525 0.1525 0.1525 0.163 0.163 0.148 0.148 0.1405 0.1405 0.1405 0.1355 0.1355 0.141 0.141 0.1125 0.1125 0.1125 0.106
0.1725 0.1725 0.1725 0.1725 0.1695 0.1695 0.17 0.17 0.17 0.172 0.172 0.1655 0.1655 0.168 0.168 0.1685 0.1685 0.1685 0.1735 0.1735 0.174 0.174 0.173 0.173 0.173 0.16 0.16 0.1695 0.1695 0.161 0.161 0.161 0.2085 0.2085 0.184 0.184 0.176 0.176 0.176 0.1165 0.1165 0.1195 0.1195 0.132 0.132 0.132 0.141 0.141 0.1405 0.1405 0.1615 0.1615 0.17 0.17 0.17 0.1625 0.1625 0.169 0.169 0.1615 0.1615 0.1615 0.1605 0.1605 0.1655 0.1655 0.1605 0.1605 0.1605 0.1675 0.1675 0.1795 0.1795 0.1445 0.1445 0.1445 0.101
0.1725 0.1725 0.1725 0.1725 0.1695 0.1695 0.17 0.17 0.17 0.172 0.172 0.1655 0.1655 0.168 0.168 0.1685 0.1685 0.1685 0.1735 0.1735 0.174 0.174 0.173 0.173 0.173 0.16 0.16 0.1695 0.1695 0.161 0.161 0.161 0.2085 0.2085 0.184 0.184 0.176 0.176 0.176 0.1165 0.1165 0.1195 0.1195 0.132 0.132 0.132 0.141 0.141 0.1405 0.1405 0.1615 0.1615 0.17 0.17 0.17 0.1625 0.1625 0.169 0.169 0.1615 0.1615 0.1615 0.1605 0.1605 0.1655 0.1655 0.1605 0.1605 0.1605 0.1675 0.1675 0.1795 0.1795 0.1445 0.1445 0.1445 0.101
0.19 0.19 0.1885 0.1885 0.173 0.173 0.167 0.167 0.167 0.1805 0.1805 0.176 0.176 0.171 0.171 0.1695 0.1695 0.1695 0.1765 0.1765 0.1705 0.1705 0.1765 0.1765 0.1765 0.1735 0.1735 0.161 0.161 0.1695 0.1695 0.1695 0.1615 0.1615 0.187 0.187 0.184 0.184 0.184 0.159 0.159 0.132 0.132 0.15 0.15 0.15 0.116 0.116 0.135 0.135 0.187 0.187 0.196 0.196 0.196 0.186 0.186 0.2005 0.2005 0.2085 0.2085 0.2085 0.194 0.194 0.1855 0.1855 0.159 0.159 0.159 0.176 0.176 0.168 0.168 0.142 0.142 0.142 0.1105
0.19 0.19 0.1885 0.1885 0.173 0.173 0.167 0.167 0.167 0.1805 0.1805 0.176 0.176 0.171 0.171 0.1695 0.1695 0.1695 0.1765 0.1765 0.1705 0.1705 0.1765 0.1765 0.1765 0.1735 0.1735 0.161 0.161 0.1695 0.1695 0.1695 0.1615 0.1615 0.187 0.187 0.184 0.184 0.184 0.159 0.159 0.132 0.132 0.15 0.15 0.15 0.116 0.116 0.135 0.135 0.187 0.187 0.196 0.196 0.196 0.186 0.186 0.2005 0.2005 0.2085 0.2085 0.2085 0.194 0.194 0.1855 0.1855 0.159 0.159 0.159 0.176 0.176 0.168 0.168 0.142 0.142 0.142 0.1105
0.2375 0.2375 0.217 0.217 0.1965 0.1965 0.1965 0.1965 0.1965 0.192 0.192 0.175 0.175 0.1775 0.1775 0.1845 0.1845 0.1845 0.1925 0.1925 0.1825 0.1825 0.181 0.181 0.181 0.1765 0.1765 0.166 0.166 0.173 0.173 0.173 0.1555 0.1555 0.1755 0.1755 0.205 0.205 0.205 0.1795 0.1795 0.1255 0.1255 0.122 0.122 0.122 0.121 0.121 0.1695 0.1695 0.185 0.185 0.207 0.207 0.207 0.2055 0.2055 0.2065 0.2065 0.212 0.212 0.212 0.199 0.199 0.19 0.19 0.1715 0.1715 0.1715 0.1585 0.1585 0.1375 0.1375 0.1215 0.1215 0.1215 0.101
0.2375 0.2375 0.217 0.217 0.1965 0.1965 0.1965 0.1965 0.1965 0.192 0.192 0.175 0.175 0.1775 0.1775 0.1845 0.1845 0.1845 0.1925 0.1925 0.1825 0.1825 0.181 0.181 0.181 0.1765 0.1765 0.166 0.166 0.173 0.173 0.173 0.1555 0.1555 0.1755 0.1755 0.205 0.205 0.205 0.1795 0.1795 0.1255 0.1255 0.122 0.122 0.122 0.121 0.121 0.1695 0.1695 0.185 0.185 0.207 0.207 0.207 0.2055 0.2055 0.2065 0.2065 0.212 0.212 0.212 0.199 0.199 0.19 0.19 0.1715 0.1715 0.1715 0.1585 0.1585 0.1375 0.1375 0.1215 0.1215 0.1215 0.101
0.2105 0.2105 0.2085 0.2085 0.1995 0.1995 0.1965 0.1965 0.1965 0.1945 0.1945 0.176 0.176 0.1905 0.1905 0.19 0.19 0.19 0.185 0.185 0.1915 0.1915 0.2015 0.2015 0.2015 0.1875 0.1875 0.1935 0.1935 0.193 0.193 0.193 0.175 0.175 0.1755 0.1755 0.1685 0.1685 0.1685 0.175 0.175 0.139 0.139 0.157 0.157 0.157 0.13 0.13 0.139 0.139 0.1495 0.1495 0.1785 0.1785 0.1785 0.199 0.199 0.1835 0.1835 0.204 0.204 0.204 0.192 0.192 0.216 0.216 0.2115 0.2115 0.2115 0.18 0.18 0.1705 0.1705 0.119 0.119 0.119 0.104
0.2105 0.2105 0.2085 0.2085 0.1995 0.1995 0.1965 0.1965 0.1965 0.1945 0.1945 0.176 0.176 0.1905 0.1905 0.19 0.19 0.19 0.185 0.185 0.1915 0.1915 0.2015 0.2015 0.2015 0.1875 0.1875 0.1935 0.1935 0.193 0.193 0.193 0.175 0.175 0.1755 0.1755 0.1685 0.1685 0.1685 0.175 0.175 0.139 0.139 0.157 0.157 0.157 0.13 0.13 0.139 0.139 0.1495 0.1495 0.1785 0.1785 0.1785 0.199 0.199 0.1835 0.1835 0.204 0.204 0.204 0.192 0.192 0.216 0.216 0.2115 0.2115 0.2115 0.18 0.18 0.1705 0.1705 0.119 0.119 0.119 0.104
0.2105 0.2105 0.2085 0.2085 0.1995 0.1995 0.1965 0.1965 0.1965 0.1945 0.1945 0.176 0.176 0.1905 0.1905 0.19 0.19 0.19 0.185 0.185 0.1915 0.1915 0.2015 0.2015 0.2015 0.1875 0.1875 0.1935 0.1935 0.193 0.193 0.193 0.175 0.175 0.1755 0.1755 0.1685 0.1685 0.1685 0.175 0.175 0.139 0.139 0.157 0.157 0.157 0.13 0.13 0.139 0.139 0.1495 0.1495 0.1785 0.1785 0.1785 0.199 0.199 0.1835 0.1835 0.204 0.204 0.204 0.192 0.192 0.216 0.216 0.2115 0.2115 0.2115 0.18 0.18 0.1705 0.1705 0.119 0.119 0.119 0.104
0.219 0.219 0.212 0.212 0.215 0.215 0.215 0.215 0.215 0.205 0.205 0.184 0.184 0.2055 0.2055 0.2205 0.2205 0.2205 0.1815 0.1815 0.205 0.205 0.204 0.204 0.204 0.2205 0.2205 0.2095 0.2095 0.1975 0.1975 0.1975 0.1975 0.1975 0.191 0.191 0.1805 0.1805 0.1805 0.1635 0.1635 0.137 0.137 0.1915 0.1915 0.1915 0.1705 0.1705 0.125 0.125 0.1215 0.1215 0.1185 0.1185 0.1185 0.1355 0.1355 0.1985 0.1985 0.21 0.21 0.21 0.208 0.208 0.241 0.241 0.2075 0.2075 0.2075 0.192 0.192 0.1895 0.1895 0.129 0.129 0.129 0.0885
0.219 0.219 0.212 0.212 0.215 0.215 0.215 0.215 0.215 0.205 0.205 0.184 0.184 0.2055 0.2055 0.2205 0.2205 0.2205 0.1815 0.1815 0.205 0.205 0.204 0.204 0.204 0.2205 0.2205 0.2095 0.2095 0.1975 0.1975 0.1975 0.1975 0.1975 0.191 0.191 0.1805 0.1805 0.1805 0.1635 0.1635 0.137 0.137 0.1915 0.1915 0.1915 0.1705 0.1705 0.125 0.125 0.1215 0.1215 0.1185 0.1185 0.1185 0.1355 0.1355 0.1985 0.1985 0.21 0.21 0.21 0.208 0.208 0.241 0.241 0.2075 0.2075 0.2075 0.192 0.192 0.1895 0.1895 0.129 0.129 0.129 0.0885
0.2535 0.2535 0.2415 0.2415 0.2345 0.2345 0.2755 0.2755 0.2755 0.341 0.341 0.302 0.302 0.2385 0.2385 0.188 0.188 0.188 0.168 0.168 0.232 0.232 0.297 0.297 0.297 0.303 0.303 0.197 0.197 0.176 0.176 0.176 0.177 0.177 0.2085 0.2085 0.2175 0.2175 0.2175 0.17 0.17 0.149 0.149 0.172 0.172 0.172 0.1435 0.1435 0.102 0.102 0.118 0.118 0.128 0.128 0.128 0.16 0.16 0.181 0.181 0.2065 0.2065 0.2065 0.208 0.208 0.214 0.214 0.2375 0.2375 0.2375 0.2085 0.2085 0.1825 0.1825 0.149 0.149 0.149 0.1205
0.2535 0.2535 0.2415 0.2415 0.2345 0.2345 0.2755 0.2755 0.2755 0.341 0.341 0.302 0.302 0.2385 0.2385 0.188 0.188 0.188 0.168 0.168 0.232 0.232 0.297 0.297 0.297 0.303 0.303 0.197 0.197 0.176 0.176 0.176 0.177 0.177 0.2085 0.2085 0.2175 0.2175 0.2175 0.17 0.17 0.149 0.149 0.172 0.172 0.172 0.1435 0.1435 0.102 0.102 0.118 0.118 0.128 0.128 0.128 0.16 0.16 0.181 0.181 0.2065 0.2065 0.2065 0.208 0.208 0.214 0.214 0.2375 0.2375 0.2375 0.2085 0.2085 0.1825 0.1825 0.149 0.149 0.149 0.1205
0.271 0.271 0.3005 0.3005 0.3395 0.3395 0.446 0.446 0.446 0.2225 0.2225 0.3065 0.3065 0.355 0.355 0.29 0.29 0.29 0.2545 0.2545 0.231 0.231 0.3535 0.3535 0.3535 0.2235 0.2235 0.1985 0.1985 0.1745 0.1745 0.1745 0.1765 0.1765 0.173 0.173 0.198 0.198 0.198 0.163 0.163 0.18 0.18 0.197 0.197 0.197 0.1545 0.1545 0.1085 0.1085 0.102 0.102 0.151 0.151 0.151 0.161 0.161 0.1675 0.1675 0.197 0.197 0.197 0.191 0.191 0.2385 0.2385 0.245 0.245 0.245 0.261 0.261 0.18 0.18 0.1635 0.1635 0.1635 0.1095
0.271 0.271 0.3005 0.3005 0.3395 0.3395 0.446 0.446 0.446 0.2225 0.2225 0.3065 0.3065 0.355 0.355 0.29 0.29 0.29 0.2545 0.2545 0.231 0.231 0.3535 0.3535 0.3535 0.2235 0.2235 0.1985 0.1985 0.1745 0.1745 0.1745 0.1765 0.1765 0.173 0.173 0.198 0.198 0.198 0.163 0.163 0.18 0.18 0.197 0.197 0.197 0.1545 0.1545 0.1085 0.1085 0.102 0.102 0.151 0.151 0.151 0.161 0.161 0.1675 0.1675 0.197 0.197 0.197 0.191 0.191 0.2385 0.2385 0.245 0.245 0.245 0.261 0.261 0.18 0.18 0.1635 0.1635 0.1635 0.1095
0.271 0.271 0.3005 0.3005 0.3395 0.3395 0.446 0.446 0.446 0.2225 0.2225 0.3065 0.3065 0.355 0.355 0.29 0.29 0.29 0.2545 0.2545 0.231 0.231 0.3535 0.3535 0.3535 0.2235 0.2235 0.1985 0.1985 0.1745 0.1745 0.1745 0.1765 0.1765 0.173 0.173 0.198 0.198 0.198 0.163 0.163 0.18 0.18 0.197 0.197 0.197 0.1545 0.1545 0.1085 0.1085 0.102 0.102 0.151 0.151 0.151 0.161 0.161 0.1675 0.1675 0.197 0.197 0.197 0.191 0.191 0.2385 0.2385 0.245 0.245 0.245 0.261 0.261 0.18 0.18 0.1635 0.1635 0.1635 0.1095
0.24 0.24 0.329 0.329 0.288 0.288 0.2575 0.2575 0.2575 0.244 0.244 0.272 0.272 0.2155 0.2155 0.2565 0.2565 0.2565 0.256 0.256 0.245 0.245 0.2355 0.2355 0.2355 0.222 0.222 0.202 0.202 0.1795 0.1795 0.1795 0.1715 0.1715 0.165 0.165 0.18 0.18 0.18 0.169 0.169 0.181 0.181 0.145 0.145 0.145 0.1015 0.1015 0.146 0.146 0.151 0.151 0.1585 0.1585 0.1585 0.1585 0.1585 0.1825 0.1825 0.2065 0.2065 0.2065 0.179 0.179 0.213 0.213 0.24 0.24 0.24 0.286 0.286 0.2 0.2 0.154 0.154 0.154 0.1305
