ndvi/NOAA-192.asc
ncols         252
nrows         154
xllcorner     -18.017974
yllcorner     13.481982
cellsize      0.035948
NODATA_value  -9999
[rows 102 to 135 of 154, columns 77 to 153 of 252]
0.258 0.258 0.248 0.248 0.2625 0.2625 0.265 0.265 0.265 0.2615 0.2615 0.2535 0.2535 0.249 0.249 0.2455 0.2455 0.2455 0.264 0.264 0.2685 0.2685 0.283 0.283 0.283 0.2725 0.2725 0.294 0.294 0.2955 0.2955 0.2955 0.283 0.283 0.307 0.307 0.3035 0.3035 0.3035 0.286 0.286 0.284 0.284 0.305 0.305 0.305 0.3215 0.3215 0.312 0.312 0.312 0.312 0.322 0.322 0.322 0.289 0.289 0.2705 0.2705 0.244 0.244 0.244 0.2495 0.2495 0.2985 0.2985 0.314 0.314 0.314 0.3165 0.3165 0.2735 0.2735 0.2575 0.2575 0.2575 0.252
0.2795 0.2795 0.2715 0.2715 0.267 0.267 0.272 0.272 0.272 0.256 0.256 0.27 0.27 0.2695 0.2695 0.265 0.265 0.265 0.275 0.275 0.2685 0.2685 0.2565 0.2565 0.2565 0.2735 0.2735 0.306 0.306 0.2785 0.2785 0.2785 0.2895 0.2895 0.2815 0.2815 0.301 0.301 0.301 0.289 0.289 0.3 0.3 0.3055 0.3055 0.3055 0.303 0.303 0.2925 0.2925 0.3135 0.3135 0.3265 0.3265 0.3265 0.2975 0.2975 0.2895 0.2895 0.27 0.27 0.27 0.2645 0.2645 0.2755 0.2755 0.323 0.323 0.323 0.3115 0.3115 0.277 0.277 0.2745 0.2745 0.2745 0.261
0.2795 0.2795 0.2715 0.2715 0.267 0.267 0.272 0.272 0.272 0.256 0.256 0.27 0.27 0.2695 0.2695 0.265 0.265 0.265 0.275 0.275 0.2685 0.2685 0.2565 0.2565 0.2565 0.2735 0.2735 0.306 0.306 0.2785 0.2785 0.2785 0.2895 0.2895 0.2815 0.2815 0.301 0.301 0.301 0.289 0.289 0.3 0.3 0.3055 0.3055 0.3055 0.303 0.303 0.2925 0.2925 0.3135 0.3135 0.3265 0.3265 0.3265 0.2975 0.2975 0.2895 0.2895 0.27 0.27 0.27 0.2645 0.2645 0.2755 0.2755 0.323 0.323 0.323 0.3115 0.3115 0.277 0.277 0.2745 0.2745 0.2745 0.261
0.2795 0.2795 0.2715 0.2715 0.267 0.267 0.272 0.272 0.272 0.256 0.256 0.27 0.27 0.2695 0.2695 0.265 0.265 0.265 0.275 0.275 0.2685 0.2685 0.2565 0.2565 0.2565 0.2735 0.2735 0.306 0.306 0.2785 0.2785 0.2785 0.2895 0.2895 0.2815 0.2815 0.301 0.301 0.301 0.289 0.289 0.3 0.3 0.3055 0.3055 0.3055 0.303 0.303 0.2925 0.2925 0.3135 0.3135 0.3265 0.3265 0.3265 0.2975 0.2975 0.2895 0.2895 0.27 0.27 0.27 0.2645 0.2645 0.2755 0.2755 0.323 0.323 0.323 0.3115 0.3115 0.277 0.277 0.2745 0.2745 0.2745 0.261
0.2815 0.2815 0.2765 0.2765 0.2865 0.2865 0.3015 0.3015 0.3015 0.281 0.281 0.269 0.269 0.268 0.268 0.2675 0.2675 0.2675 0.267 0.267 0.283 0.283 0.291 0.291 0.291 0.2985 0.2985 0.3075 0.3075 0.2895 0.2895 0.2895 0.295 0.295 0.2895 0.2895 0.3005 0.3005 0.3005 0.2885 0.2885 0.2925 0.2925 0.2955 0.2955 0.2955 0.2935 0.2935 0.315 0.315 0.3225 0.3225 0.326 0.326 0.326 0.327 0.327 0.308 0.308 0.313 0.313 0.313 0.3015 0.3015 0.331 0.331 0.3225 0.3225 0.3225 0.2755 0.2755 0.265 0.265 0.247 0.247 0.247 0.259
0.2815 0.2815 0.2765 0.2765 0.2865 0.2865 0.3015 0.3015 0.3015 0.281 0.281 0.269 0.269 0.268 0.268 0.2675 0.2675 0.2675 0.267 0.267 0.283 0.283 0.291 0.291 0.291 0.2985 0.2985 0.3075 0.3075 0.2895 0.2895 0.2895 0.295 0.295 0.2895 0.2895 0.3005 0.3005 0.3005 0.2885 0.2885 0.2925 0.2925 0.2955 0.2955 0.2955 0.2935 0.2935 0.315 0.315 0.3225 0.3225 0.326 0.326 0.326 0.327 0.327 0.308 0.308 0.313 0.313 0.313 0.3015 0.3015 0.331 0.331 0.3225 0.3225 0.3225 0.2755 0.2755 0.265 0.265 0.247 0.247 0.247 0.259
0.2905 0.2905 0.282 0.282 0.297 0.297 0.2785 0.2785 0.2785 0.2745 0.2745 0.2755 0.2755 0.277 0.277 0.279 0.279 0.279 0.2985 0.2985 0.3135 0.3135 0.3 0.3 0.3 0.3215 0.3215 0.329 0.329 0.296 0.296 0.296 0.305 0.305 0.2975 0.2975 0.3055 0.3055 0.3055 0.2905 0.2905 0.2895 0.2895 0.309 0.309 0.309 0.297 0.297 0.315 0.315 0.3245 0.3245 0.335 0.335 0.335 0.325 0.325 0.3175 0.3175 0.3115 0.3115 0.3115 0.3035 0.3035 0.2865 0.2865 0.337 0.337 0.337 0.29 0.29 0.284 0.284 0.267 0.267 0.267 0.2605
0.2905 0.2905 0.282 0.282 0.297 0.297 0.2785 0.2785 0.2785 0.2745 0.2745 0.2755 0.2755 0.277 0.277 0.279 0.279 0.279 0.2985 0.2985 0.3135 0.3135 0.3 0.3 0.3 0.3215 0.3215 0.329 0.329 0.296 0.296 0.296 0.305 0.305 0.2975 0.2975 0.3055 0.3055 0.3055 0.2905 0.2905 0.2895 0.2895 0.309 0.309 0.309 0.297 0.297 0.315 0.315 0.3245 0.3245 0.335 0.335 0.335 0.325 0.325 0.3175 0.3175 0.3115 0.3115 0.3115 0.3035 0.3035 0.2865 0.2865 0.337 0.337 0.337 0.29 0.29 0.284 0.284 0.267 0.267 0.267 0.2605
0.3065 0.3065 0.2895 0.2895 0.2765 0.2765 0.276 0.276 0.276 0.2835 0.2835 0.29 0.29 0.304 0.304 0.296 0.296 0.296 0.304 0.304 0.3105 0.3105 0.3095 0.3095 0.3095 0.311 0.311 0.2995 0.2995 0.303 0.303 0.303 0.298 0.298 0.323 0.323 0.33 0.33 0.33 0.3265 0.3265 0.3135 0.3135 0.296 0.296 0.296 0.291 0.291 0.297 0.297 0.3325 0.3325 0.348 0.348 0.348 0.33 0.33 0.3205 0.3205 0.3085 0.3085 0.3085 0.318 0.318 0.3185 0.3185 0.32 0.32 0.32 0.3105 0.3105 0.2945 0.2945 0.3165 0.3165 0.3165 0.257
0.3065 0.3065 0.2895 0.2895 0.2765 0.2765 0.276 0.276 0.276 0.2835 0.2835 0.29 0.29 0.304 0.304 0.296 0.296 0.296 0.304 0.304 0.3105 0.3105 0.3095 0.3095 0.3095 0.311 0.311 0.2995 0.2995 0.303 0.303 0.303 0.298 0.298 0.323 0.323 0.33 0.33 0.33 0.3265 0.3265 0.3135 0.3135 0.296 0.296 0.296 0.291 0.291 0.297 0.297 0.3325 0.3325 0.348 0.348 0.348 0.33 0.33 0.3205 0.3205 0.3085 0.3085 0.3085 0.318 0.318 0.3185 0.3185 0.32 0.32 0.32 0.3105 0.3105 0.2945 0.2945 0.3165 0.3165 0.3165 0.257
0.3065 0.3065 0.2895 0.2895 0.2765 0.2765 0.276 0.276 0.276 0.2835 0.2835 0.29 0.29 0.304 0.304 0.296 0.296 0.296 0.304 0.304 0.3105 0.3105 0.3095 0.3095 0.3095 0.311 0.311 0.2995 0.2995 0.303 0.303 0.303 0.298 0.298 0.323 0.323 0.33 0.33 0.33 0.3265 0.3265 0.3135 0.3135 0.296 0.296 0.296 0.291 0.291 0.297 0.297 0.3325 0.3325 0.348 0.348 0.348 0.33 0.33 0.3205 0.3205 0.3085 0.3085 0.3085 0.318 0.318 0.3185 0.3185 0.32 0.32 0.32 0.3105 0.3105 0.2945 0.2945 0.3165 0.3165 0.3165 0.257
0.289 0.289 0.301 0.301 0.3035 0.3035 0.296 0.296 0.296 0.309 0.309 0.298 0.298 0.294 0.294 0.3075 0.3075 0.3075 0.299 0.299 0.308 0.308 0.347 0.347 0.347 0.328 0.328 0.322 0.322 0.319 0.319 0.319 0.3185 0.3185 0.3095 0.3095 0.3285 0.3285 0.3285 0.313 0.313 0.302 0.302 0.315 0.315 0.315 0.3255 0.3255 0.3185 0.3185 0.333 0.333 0.346 0.346 0.346 0.3455 0.3455 0.351 0.351 0.338 0.338 0.338 0.317 0.317 0.3255 0.3255 0.34 0.34 0.34 0.3255 0.3255 0.3015 0.3015 0.2765 0.2765 0.2765 0.274
0.289 0.289 0.301 0.301 0.3035 0.3035 0.296 0.296 0.296 0.309 0.309 0.298 0.298 0.294 0.294 0.3075 0.3075 0.3075 0.299 0.299 0.308 0.308 0.347 0.347 0.347 0.328 0.328 0.322 0.322 0.319 0.319 0.319 0.3185 0.3185 0.3095 0.3095 0.3285 0.3285 0.3285 0.313 0.313 0.302 0.302 0.315 0.315 0.315 0.3255 0.3255 0.3185 0.3185 0.333 0.333 0.346 0.346 0.346 0.3455 0.3455 0.351 0.351 0.338 0.338 0.338 0.317 0.317 0.3255 0.3255 0.34 0.34 0.34 0.3255 0.3255 0.3015 0.3015 0.2765 0.2765 0.2765 0.274
0.2995 0.2995 0.3025 0.3025 0.2885 0.2885 0.3105 0.3105 0.3105 0.2905 0.2905 0.2945 0.2945 0.2945 0.2945 0.2935 0.2935 0.2935 0.3 0.3 0.3 0.3 0.323 0.323 0.323 0.324 0.324 0.3145 0.3145 0.315 0.315 0.315 0.304 0.304 0.3085 0.3085 0.3105 0.3105 0.3105 0.3015 0.3015 0.302 0.302 0.329 0.329 0.329 0.315 0.315 0.314 0.314 0.344 0.344 0.347 0.347 0.347 0.332 0.332 0.3575 0.3575 0.331 0.331 0.331 0.334 0.334 0.3225 0.3225 0.3495 0.3495 0.3495 0.349 0.349 0.3375 0.3375 0.2885 0.2885 0.2885 0.2635
0.2995 0.2995 0.3025 0.3025 0.2885 0.2885 0.3105 0.3105 0.3105 0.2905 0.2905 0.2945 0.2945 0.2945 0.2945 0.2935 0.2935 0.2935 0.3 0.3 0.3 0.3 0.323 0.323 0.323 0.324 0.324 0.3145 0.3145 0.315 0.315 0.315 0.304 0.304 0.3085 0.3085 0.3105 0.3105 0.3105 0.3015 0.3015 0.302 0.302 0.329 0.329 0.329 0.315 0.315 0.314 0.314 0.344 0.344 0.347 0.347 0.347 0.332 0.332 0.3575 0.3575 0.331 0.331 0.331 0.334 0.334 0.3225 0.3225 0.3495 0.3495 0.3495 0.349 0.349 0.3375 0.3375 0.2885 0.2885 0.2885 0.2635
0.2885 0.2885 0.281 0.281 0.2925 0.2925 0.307 0.307 0.307 0.3015 0.3015 0.2975 0.2975 0.298 0.298 0.298 0.298 0.298 0.2945 0.2945 0.303 0.303 0.31 0.31 0.31 0.3175 0.3175 0.3005 0.3005 0.3235 0.3235 0.3235 0.3085 0.3085 0.2995 0.2995 0.3125 0.3125 0.3125 0.3435 0.3435 0.342 0.342 0.3325 0.3325 0.3325 0.3295 0.3295 0.347 0.347 0.3625 0.3625 0.3685 0.3685 0.3685 0.3625 0.3625 0.3425 0.3425 0.3355 0.3355 0.3355 0.337 0.337 0.3255 0.3255 0.327 0.327 0.327 0.329 0.329 0.321 0.321 0.3085 0.3085 0.3085 0.2975
0.2885 0.2885 0.281 0.281 0.2925 0.2925 0.307 0.307 0.307 0.3015 0.3015 0.2975 0.2975 0.298 0.298 0.298 0.298 0.298 0.2945 0.2945 0.303 0.303 0.31 0.31 0.31 0.3175 0.3175 0.3005 0.3005 0.3235 0.3235 0.3235 0.3085 0.3085 0.2995 0.2995 0.3125 0.3125 0.3125 0.3435 0.3435 0.342 0.342 0.3325 0.3325 0.3325 0.3295 0.3295 0.347 0.347 0.3625 0.3625 0.3685 0.3685 0.3685 0.3625 0.3625 0.3425 0.3425 0.3355 0.3355 0.3355 0.337 0.337 0.3255 0.3255 0.327 0.327 0.327 0.329 0.329 0.321 0.321 0.3085 0.3085 0.3085 0.2975
0.2885 0.2885 0.281 0.281 0.2925 0.2925 0.307 0.307 0.307 0.3015 0.3015 0.2975 0.2975 0.298 0.298 0.298 0.298 0.298 0.2945 0.2945 0.303 0.303 0.31 0.31 0.31 0.3175 0.3175 0.3005 0.3005 0.3235 0.3235 0.3235 0.3085 0.3085 0.2995 0.2995 0.3125 0.3125 0.3125 0.3435 0.3435 0.342 0.342 0.3325 0.3325 0.3325 0.3295 0.3295 0.347 0.347 0.3625 0.3625 0.3685 0.3685 0.3685 0.3625 0.3625 0.3425 0.3425 0.3355 0.3355 0.3355 0.337 0.337 0.3255 0.3255 0.327 0.327 0.327 0.329 0.329 0.321 0.321 0.3085 0.3085 0.3085 0.2975
0.2915 0.2915 0.2815 0.2815 0.284 0.284 0.293 0.293 0.293 0.2975 0.2975 0.301 0.301 0.3 0.3 0.2985 0.2985 0.2985 0.3005 0.3005 0.3035 0.3035 0.338 0.338 0.338 0.324 0.324 0.3215 0.3215 0.3365 0.3365 0.3365 0.3155 0.3155 0.3175 0.3175 0.3495 0.3495 0.3495 0.3595 0.3595 0.3555 0.3555 0.3655 0.3655 0.3655 0.3285 0.3285 0.357 0.357 0.3475 0.3475 0.3435 0.3435 0.3435 0.333 0.333 0.3285 0.3285 0.339 0.339 0.339 0.335 0.335 0.321 0.321 0.326 0.326 0.326 0.322 0.322 0.303 0.303 0.304 0.304 0.304 0.2845
0.2915 0.2915 0.2815 0.2815 0.284 0.284 0.293 0.293 0.293 0.2975 0.2975 0.301 0.301 0.3 0.3 0.2985 0.2985 0.2985 0.3005 0.3005 0.3035 0.3035 0.338 0.338 0.338 0.324 0.324 0.3215 0.3215 0.3365 0.3365 0.3365 0.3155 0.3155 0.3175 0.3175 0.3495 0.3495 0.3495 0.3595 0.3595 0.3555 0.3555 0.3655 0.3655 0.3655 0.3285 0.3285 0.357 0.357 0.3475 0.3475 0.3435 0.3435 0.3435 0.333 0.333 0.3285 0.3285 0.339 0.339 0.339 0.335 0.335 0.321 0.321 0.326 0.326 0.326 0.322 0.322 0.303 0.303 0.304 0.304 0.304 0.2845
0.29 0.29 0.2715 0.2715 0.2925 0.2925 0.2885 0.2885 0.2885 0.302 0.302 0.291 0.291 0.2935 0.2935 0.3025 0.3025 0.3025 0.3065 0.3065 0.3125 0.3125 0.3285 0.3285 0.3285 0.35 0.35 0.344 0.344 0.3285 0.3285 0.3285 0.3375 0.3375 0.3515 0.3515 0.341 0.341 0.341 0.3505 0.3505 0.3195 0.3195 0.35 0.35 0.35 0.327 0.327 0.3265 0.3265 0.3415 0.3415 0.348 0.348 0.348 0.334 0.334 0.346 0.346 0.346 0.346 0.346 0.357 0.357 0.3425 0.3425 0.3245 0.3245 0.3245 0.317 0.317 0.309 0.309 0.2995 0.2995 0.2995 0.2975
0.29 0.29 0.2715 0.2715 0.2925 0.2925 0.2885 0.2885 0.2885 0.302 0.302 0.291 0.291 0.2935 0.2935 0.3025 0.3025 0.3025 0.3065 0.3065 0.3125 0.3125 0.3285 0.3285 0.3285 0.35 0.35 0.344 0.344 0.3285 0.3285 0.3285 0.3375 0.3375 0.3515 0.3515 0.341 0.341 0.341 0.3505 0.3505 0.3195 0.3195 0.35 0.35 0.35 0.327 0.327 0.3265 0.3265 0.3415 0.3415 0.348 0.348 0.348 0.334 0.334 0.346 0.346 0.346 0.346 0.346 0.357 0.357 0.3425 0.3425 0.3245 0.3245 0.3245 0.317 0.317 0.309 0.309 0.2995 0.2995 0.2995 0.2975
0.3055 0.3055 0.2755 0.2755 0.296 0.296 0.29 0.29 0.29 0.289 0.289 0.2985 0.2985 0.306 0.306 0.3035 0.3035 0.3035 0.301 0.301 0.3025 0.3025 0.307 0.307 0.307 0.316 0.316 0.32 0.32 0.3245 0.3245 0.3245 0.314 0.314 0.336 0.336 0.3435 0.3435 0.3435 0.344 0.344 0.334 0.334 0.347 0.347 0.347 0.314 0.314 0.323 0.323 0.327 0.327 0.328 0.328 0.328 0.3285 0.3285 0.3175 0.3175 0.3495 0.3495 0.3495 0.3595 0.3595 0.3535 0.3535 0.3385 0.3385 0.3385 0.3235 0.3235 0.321 0.321 0.3055 0.3055 0.3055 0.302
0.3055 0.3055 0.2755 0.2755 0.296 0.296 0.29 0.29 0.29 0.289 0.289 0.2985 0.2985 0.306 0.306 0.3035 0.3035 0.3035 0.301 0.301 0.3025 0.3025 0.307 0.307 0.307 0.316 0.316 0.32 0.32 0.3245 0.3245 0.3245 0.314 0.314 0.336 0.336 0.3435 0.3435 0.3435 0.344 0.344 0.334 0.334 0.347 0.347 0.347 0.314 0.314 0.323 0.323 0.327 0.327 0.328 0.328 0.328 0.3285 0.3285 0.3175 0.3175 0.3495 0.3495 0.3495 0.3595 0.3595 0.3535 0.3535 0.3385 0.3385 0.3385 0.3235 0.3235 0.321 0.321 0.3055 0.3055 0.3055 0.302
0.312 0.312 0.296 0.296 0.2855 0.2855 0.2965 0.2965 0.2965 0.3045 0.3045 0.3215 0.3215 0.3055 0.3055 0.312 0.312 0.312 0.3065 0.3065 0.3215 0.3215 0.332 0.332 0.332 0.3215 0.3215 0.2975 0.2975 0.3095 0.3095 0.3095 0.312 0.312 0.327 0.327 0.3155 0.3155 0.3155 0.3185 0.3185 0.3125 0.3125 0.318 0.318 0.318 0.3315 0.3315 0.329 0.329 0.316 0.316 0.314 0.314 0.314 0.3165 0.3165 0.318 0.318 0.3335 0.3335 0.3335 0.3585 0.3585 0.329 0.329 0.328 0.328 0.328 0.305 0.305 0.2945 0.2945 0.304 0.304 0.304 0.2875
0.312 0.312 0.296 0.296 0.2855 0.2855 0.2965 0.2965 0.2965 0.3045 0.3045 0.3215 0.3215 0.3055 0.3055 0.312 0.312 0.312 0.3065 0.3065 0.3215 0.3215 0.332 0.332 0.332 0.3215 0.3215 0.2975 0.2975 0.3095 0.3095 0.3095 0.312 0.312 0.327 0.327 0.3155 0.3155 0.3155 0.3185 0.3185 0.3125 0.3125 0.318 0.318 0.318 0.3315 0.3315 0.329 0.329 0.316 0.316 0.314 0.314 0.314 0.3165 0.3165 0.318 0.318 0.3335 0.3335 0.3335 0.3585 0.3585 0.329 0.329 0.328 0.328 0.328 0.305 0.305 0.2945 0.2945 0.304 0.304 0.304 0.2875
0.312 0.312 0.296 0.296 0.2855 0.2855 0.2965 0.2965 0.2965 0.3045 0.3045 0.3215 0.3215 0.3055 0.3055 0.312 0.312 0.312 0.3065 0.3065 0.3215 0.3215 0.332 0.332 0.332 0.3215 0.3215 0.2975 0.2975 0.3095 0.3095 0.3095 0.312 0.312 0.327 0.327 0.3155 0.3155 0.3155 0.3185 0.3185 0.3125 0.3125 0.318 0.318 0.318 0.3315 0.3315 0.329 0.329 0.316 0.316 0.314 0.314 0.314 0.3165 0.3165 0.318 0.318 0.3335 0.3335 0.3335 0.3585 0.3585 0.329 0.329 0.328 0.328 0.328 0.305 0.305 0.2945 0.2945 0.304 0.304 0.304 0.2875
0.3155 0.3155 0.299 0.299 0.3155 0.3155 0.308 0.308 0.308 0.317 0.317 0.301 0.301 0.303 0.303 0.313 0.313 0.313 0.2985 0.2985 0.315 0.315 0.3115 0.3115 0.3115 0.3415 0.3415 0.304 0.304 0.325 0.325 0.325 0.312 0.312 0.298 0.298 0.325 0.325 0.325 0.325 0.325 0.32 0.32 0.3225 0.3225 0.3225 0.3165 0.3165 0.328 0.328 0.365 0.365 0.3255 0.3255 0.3255 0.332 0.332 0.3295 0.3295 0.3375 0.3375 0.3375 0.3475 0.3475 0.3125 0.3125 0.324 0.324 0.324 0.302 0.302 0.313 0.313 0.3 0.3 0.3 0.2815
0.3155 0.3155 0.299 0.299 0.3155 0.3155 0.308 0.308 0.308 0.317 0.317 0.301 0.301 0.303 0.303 0.313 0.313 0.313 0.2985 0.2985 0.315 0.315 0.3115 0.3115 0.3115 0.3415 0.3415 0.304 0.304 0.325 0.325 0.325 0.312 0.312 0.298 0.298 0.325 0.325 0.325 0.325 0.325 0.32 0.32 0.3225 0.3225 0.3225 0.3165 0.3165 0.328 0.328 0.365 0.365 0.3255 0.3255 0.3255 0.332 0.332 0.3295 0.3295 0.3375 0.3375 0.3375 0.3475 0.3475 0.3125 0.3125 0.324 0.324 0.324 0.302 0.302 0.313 0.313 0.3 0.3 0.3 0.2815
0.3285 0.3285 0.309 0.309 0.318 0.318 0.308 0.308 0.308 0.321 0.321 0.305 0.305 0.3135 0.3135 0.3145 0.3145 0.3145 0.3255 0.3255 0.33 0.33 0.3125 0.3125 0.3125 0.3215 0.3215 0.3245 0.3245 0.33 0.33 0.33 0.3135 0.3135 0.3335 0.3335 0.323 0.323 0.323 0.3155 0.3155 0.322 0.322 0.3155 0.3155 0.3155 0.33 0.33 0.316 0.316 0.331 0.331 0.31 0.31 0.31 0.3375 0.3375 0.3215 0.3215 0.3225 0.3225 0.3225 0.3135 0.3135 0.323 0.323 0.3165 0.3165 0.3165 0.3335 0.3335 0.308 0.308 0.3105 0.3105 0.3105 0.324
0.3285 0.3285 0.309 0.309 0.318 0.318 0.308 0.308 0.308 0.321 0.321 0.305 0.305 0.3135 0.3135 0.3145 0.3145 0.3145 0.3255 0.3255 0.33 0.33 0.3125 0.3125 0.3125 0.3215 0.3215 0.3245 0.3245 0.33 0.33 0.33 0.3135 0.3135 0.3335 0.3335 0.323 0.323 0.323 0.3155 0.3155 0.322 0.322 0.3155 0.3155 0.3155 0.33 0.33 0.316 0.316 0.331 0.331 0.31 0.31 0.31 0.3375 0.3375 0.3215 0.3215 0.3225 0.3225 0.3225 0.3135 0.3135 0.323 0.323 0.3165 0.3165 0.3165 0.3335 0.3335 0.308 0.308 0.3105 0.3105 0.3105 0.324
0.3005 0.3005 0.317 0.317 0.317 0.317 0.31 0.31 0.31 0.2955 0.2955 0.311 0.311 0.3 0.3 0.3125 0.3125 0.3125 0.315 0.315 0.32 0.32 0.336 0.336 0.336 0.324 0.324 0.319 0.319 0.301 0.301 0.301 0.316 0.316 0.335 0.335 0.324 0.324 0.324 0.335 0.335 0.3345 0.3345 0.3445 0.3445 0.3445 0.3485 0.3485 0.337 0.337 0.349 0.349 0.3435 0.3435 0.3435 0.3515 0.3515 0.3385 0.3385 0.3395 0.3395 0.3395 0.339 0.339 0.3355 0.3355 0.34 0.34 0.34 0.362 0.362 0.3335 0.3335 0.2875 0.2875 0.2875 0.3205
0.3005 0.3005 0.317 0.317 0.317 0.317 0.31 0.31 0.31 0.2955 0.2955 0.311 0.311 0.3 0.3 0.3125 0.3125 0.3125 0.315 0.315 0.32 0.32 0.336 0.336 0.336 0.324 0.324 0.319 0.319 0.301 0.301 0.301 0.316 0.316 0.335 0.335 0.324 0.324 0.324 0.335 0.335 0.3345 0.3345 0.3445 0.3445 0.3445 0.3485 0.3485 0.337 0.337 0.349 0.349 0.3435 0.3435 0.3435 0.3515 0.3515 0.3385 0.3385 0.3395 0.3395 0.3395 0.339 0.339 0.3355 0.3355 0.34 0.34 0.34 0.362 0.362 0.3335 0.3335 0.2875 0.2875 0.2875 0.3205
0.3005 0.3005 0.317 0.317 0.317 0.317 0.31 0.31 0.31 0.2955 0.2955 0.311 0.311 0.3 0.3 0.3125 0.3125 0.3125 0.315 0.315 0.32 0.32 0.336 0.336 0.336 0.324 0.324 0.319 0.319 0.301 0.301 0.301 0.316 0.316 0.335 0.335 0.324 0.324 0.324 0.335 0.335 0.3345 0.3345 0.3445 0.3445 0.3445 0.3485 0.3485 0.337 0.337 0.349 0.349 0.3435 0.3435 0.3435 0.3515 0.3515 0.3385 0.3385 0.3395 0.3395 0.3395 0.339 0.339 0.3355 0.3355 0.34 0.34 0.34 0.362 0.362 0.3335 0.3335 0.2875 0.2875 0.2875 0.3205
