ndvi/NOAA-380.asc
ncols         252
nrows         154
xllcorner     -18.017974
yllcorner     13.481982
cellsize      0.035948
NODATA_value  -9999
[rows 105 to 139 of 154, columns 77 to 153 of 252]
0.5145 0.5145 0.4865 0.4865 0.426 0.426 0.4565 0.4565 0.4565 0.4545 0.4545 0.419 0.419 0.399 0.399 0.3625 0.3625 0.3625 0.362 0.362 0.35 0.35 0.3965 0.3965 0.3965 0.412 0.412 0.4125 0.4125 0.393 0.393 0.393 0.3815 0.3815 0.4665 0.4665 0.4205 0.4205 0.4205 0.371 0.371 0.3985 0.3985 0.4055 0.4055 0.4055 0.463 0.463 0.5235 0.5235 0.449 0.449 0.489 0.489 0.489 0.47 0.47 0.513 0.513 0.3285 0.3285 0.3285 0.3315 0.3315 0.3945 0.3945 0.3255 0.3255 0.3255 0.419 0.419 0.458 0.458 0.3735 0.3735 0.3735 0.3145
0.5215 0.5215 0.438 0.438 0.453 0.453 0.46 0.46 0.46 0.457 0.457 0.418 0.418 0.427 0.427 0.379 0.379 0.379 0.437 0.437 0.426 0.426 0.44 0.44 0.44 0.4435 0.4435 0.502 0.502 0.463 0.463 0.463 0.436 0.436 0.432 0.432 0.446 0.446 0.446 0.455 0.455 0.4125 0.4125 0.4285 0.4285 0.4285 0.465 0.465 0.46 0.46 0.504 0.504 0.5145 0.5145 0.5145 0.497 0.497 0.438 0.438 0.364 0.364 0.364 0.359 0.359 0.3865 0.3865 0.372 0.372 0.372 0.37 0.37 0.3965 0.3965 0.317 0.317 0.317 0.305
0.5215 0.5215 0.438 0.438 0.453 0.453 0.46 0.46 0.46 0.457 0.457 0.418 0.418 0.427 0.427 0.379 0.379 0.379 0.437 0.437 0.426 0.426 0.44 0.44 0.44 0.4435 0.4435 0.502 0.502 0.463 0.463 0.463 0.436 0.436 0.432 0.432 0.446 0.446 0.446 0.455 0.455 0.4125 0.4125 0.4285 0.4285 0.4285 0.465 0.465 0.46 0.46 0.504 0.504 0.5145 0.5145 0.5145 0.497 0.497 0.438 0.438 0.364 0.364 0.364 0.359 0.359 0.3865 0.3865 0.372 0.372 0.372 0.37 0.37 0.3965 0.3965 0.317 0.317 0.317 0.305
0.5565 0.5565 0.495 0.495 0.446 0.446 0.4145 0.4145 0.4145 0.4045 0.4045 0.388 0.388 0.423 0.423 0.4215 0.4215 0.4215 0.4345 0.4345 0.422 0.422 0.4375 0.4375 0.4375 0.4325 0.4325 0.4755 0.4755 0.464 0.464 0.464 0.4835 0.4835 0.5075 0.5075 0.4495 0.4495 0.4495 0.4515 0.4515 0.431 0.431 0.486 0.486 0.486 0.462 0.462 0.493 0.493 0.4865 0.4865 0.47 0.47 0.47 0.5165 0.5165 0.469 0.469 0.395 0.395 0.395 0.418 0.418 0.424 0.424 0.3925 0.3925 0.3925 0.3415 0.3415 0.25 0.25 0.283 0.283 0.283 0.336
0.5565 0.5565 0.495 0.495 0.446 0.446 0.4145 0.4145 0.4145 0.4045 0.4045 0.388 0.388 0.423 0.423 0.4215 0.4215 0.4215 0.4345 0.4345 0.422 0.422 0.4375 0.4375 0.4375 0.4325 0.4325 0.4755 0.4755 0.464 0.464 0.464 0.4835 0.4835 0.5075 0.5075 0.4495 0.4495 0.4495 0.4515 0.4515 0.431 0.431 0.486 0.486 0.486 0.462 0.462 0.493 0.493 0.4865 0.4865 0.47 0.47 0.47 0.5165 0.5165 0.469 0.469 0.395 0.395 0.395 0.418 0.418 0.424 0.424 0.3925 0.3925 0.3925 0.3415 0.3415 0.25 0.25 0.283 0.283 0.283 0.336
0.5115 0.5115 0.513 0.513 0.46 0.46 0.3925 0.3925 0.3925 0.418 0.418 0.373 0.373 0.3995 0.3995 0.412 0.412 0.412 0.4285 0.4285 0.4515 0.4515 0.4425 0.4425 0.4425 0.4485 0.4485 0.4705 0.4705 0.4715 0.4715 0.4715 0.478 0.478 0.5985 0.5985 0.4825 0.4825 0.4825 0.502 0.502 0.5825 0.5825 0.51 0.51 0.51 0.553 0.553 0.545 0.545 0.5115 0.5115 0.526 0.526 0.526 0.4635 0.4635 0.5295 0.5295 0.478 0.478 0.478 0.442 0.442 0.4345 0.4345 0.4025 0.4025 0.4025 0.4445 0.4445 0.425 0.425 0.349 0.349 0.349 0.3445
0.5115 0.5115 0.513 0.513 0.46 0.46 0.3925 0.3925 0.3925 0.418 0.418 0.373 0.373 0.3995 0.3995 0.412 0.412 0.412 0.4285 0.4285 0.4515 0.4515 0.4425 0.4425 0.4425 0.4485 0.4485 0.4705 0.4705 0.4715 0.4715 0.4715 0.478 0.478 0.5985 0.5985 0.4825 0.4825 0.4825 0.502 0.502 0.5825 0.5825 0.51 0.51 0.51 0.553 0.553 0.545 0.545 0.5115 0.5115 0.526 0.526 0.526 0.4635 0.4635 0.5295 0.5295 0.478 0.478 0.478 0.442 0.442 0.4345 0.4345 0.4025 0.4025 0.4025 0.4445 0.4445 0.425 0.425 0.349 0.349 0.349 0.3445
0.5115 0.5115 0.513 0.513 0.46 0.46 0.3925 0.3925 0.3925 0.418 0.418 0.373 0.373 0.3995 0.3995 0.412 0.412 0.412 0.4285 0.4285 0.4515 0.4515 0.4425 0.4425 0.4425 0.4485 0.4485 0.4705 0.4705 0.4715 0.4715 0.4715 0.478 0.478 0.5985 0.5985 0.4825 0.4825 0.4825 0.502 0.502 0.5825 0.5825 0.51 0.51 0.51 0.553 0.553 0.545 0.545 0.5115 0.5115 0.526 0.526 0.526 0.4635 0.4635 0.5295 0.5295 0.478 0.478 0.478 0.442 0.442 0.4345 0.4345 0.4025 0.4025 0.4025 0.4445 0.4445 0.425 0.425 0.349 0.349 0.349 0.3445
0.51 0.51 0.5700001 0.5700001 0.5135 0.5135 0.4645 0.4645 0.4645 0.435 0.435 0.429 0.429 0.404 0.404 0.4435 0.4435 0.4435 0.536 0.536 0.539 0.539 0.5185 0.5185 0.5185 0.5315 0.5315 0.605 0.605 0.523 0.523 0.523 0.5205 0.5205 0.534 0.534 0.5491 0.5491 0.5491 0.5115 0.5115 0.5355 0.5355 0.5245 0.5245 0.5245 0.482 0.482 0.4925 0.4925 0.508 0.508 0.524 0.524 0.524 0.497 0.497 0.5 0.5 0.479 0.479 0.479 0.4325 0.4325 0.464 0.464 0.4445 0.4445 0.4445 0.44 0.44 0.419 0.419 0.385 0.385 0.385 0.377
0.51 0.51 0.5700001 0.5700001 0.5135 0.5135 0.4645 0.4645 0.4645 0.435 0.435 0.429 0.429 0.404 0.404 0.4435 0.4435 0.4435 0.536 0.536 0.539 0.539 0.5185 0.5185 0.5185 0.5315 0.5315 0.605 0.605 0.523 0.523 0.523 0.5205 0.5205 0.534 0.534 0.5491 0.5491 0.5491 0.5115 0.5115 0.5355 0.5355 0.5245 0.5245 0.5245 0.482 0.482 0.4925 0.4925 0.508 0.508 0.524 0.524 0.524 0.497 0.497 0.5 0.5 0.479 0.479 0.479 0.4325 0.4325 0.464 0.464 0.4445 0.4445 0.4445 0.44 0.44 0.419 0.419 0.385 0.385 0.385 0.377
0.547 0.547 0.5525 0.5525 0.4875 0.4875 0.47 0.47 0.47 0.4695 0.4695 0.499 0.499 0.493 0.493 0.4855 0.4855 0.4855 0.52 0.52 0.574 0.574 0.583 0.583 0.583 0.536 0.536 0.558 0.558 0.544 0.544 0.544 0.5225 0.5225 0.508 0.508 0.484 0.484 0.484 0.4415 0.4415 0.495 0.495 0.508 0.508 0.508 0.4995 0.4995 0.5605 0.5605 0.5581 0.5581 0.581 0.581 0.581 0.492 0.492 0.4395 0.4395 0.4395 0.4395 0.4395 0.421 0.421 0.446 0.446 0.4765 0.4765 0.4765 0.466 0.466 0.4855 0.4855 0.408 0.408 0.408 0.39
0.547 0.547 0.5525 0.5525 0.4875 0.4875 0.47 0.47 0.47 0.4695 0.4695 0.499 0.499 0.493 0.493 0.4855 0.4855 0.4855 0.52 0.52 0.574 0.574 0.583 0.583 0.583 0.536 0.536 0.558 0.558 0.544 0.544 0.544 0.5225 0.5225 0.508 0.508 0.484 0.484 0.484 0.4415 0.4415 0.495 0.495 0.508 0.508 0.508 0.4995 0.4995 0.5605 0.5605 0.5581 0.5581 0.581 0.581 0.581 0.492 0.492 0.4395 0.4395 0.4395 0.4395 0.4395 0.421 0.421 0.446 0.446 0.4765 0.4765 0.4765 0.466 0.466 0.4855 0.4855 0.408 0.408 0.408 0.39
0.481 0.481 0.477 0.477 0.442 0.442 0.4735 0.4735 0.4735 0.467 0.467 0.49 0.49 0.421 0.421 0.4835 0.4835 0.4835 0.459 0.459 0.6095001 0.6095001 0.561 0.561 0.561 0.551 0.551 0.528 0.528 0.5495 0.5495 0.5495 0.5235 0.5235 0.4975 0.4975 0.5125 0.5125 0.5125 0.4475 0.4475 0.458 0.458 0.463 0.463 0.463 0.4885 0.4885 0.5755 0.5755 0.523 0.523 0.483 0.483 0.483 0.428 0.428 0.456 0.456 0.4225 0.4225 0.4225 0.429 0.429 0.432 0.432 0.4435 0.4435 0.4435 0.453 0.453 0.5115 0.5115 0.5475 0.5475 0.5475 0.4685
0.481 0.481 0.477 0.477 0.442 0.442 0.4735 0.4735 0.4735 0.467 0.467 0.49 0.49 0.421 0.421 0.4835 0.4835 0.4835 0.459 0.459 0.6095001 0.6095001 0.561 0.561 0.561 0.551 0.551 0.528 0.528 0.5495 0.5495 0.5495 0.5235 0.5235 0.4975 0.4975 0.5125 0.5125 0.5125 0.4475 0.4475 0.458 0.458 0.463 0.463 0.463 0.4885 0.4885 0.5755 0.5755 0.523 0.523 0.483 0.483 0.483 0.428 0.428 0.456 0.456 0.4225 0.4225 0.4225 0.429 0.429 0.432 0.432 0.4435 0.4435 0.4435 0.453 0.453 0.5115 0.5115 0.5475 0.5475 0.5475 0.4685
0.481 0.481 0.477 0.477 0.442 0.442 0.4735 0.4735 0.4735 0.467 0.467 0.49 0.49 0.421 0.421 0.4835 0.4835 0.4835 0.459 0.459 0.6095001 0.6095001 0.561 0.561 0.561 0.551 0.551 0.528 0.528 0.5495 0.5495 0.5495 0.5235 0.5235 0.4975 0.4975 0.5125 0.5125 0.5125 0.4475 0.4475 0.458 0.458 0.463 0.463 0.463 0.4885 0.4885 0.5755 0.5755 0.523 0.523 0.483 0.483 0.483 0.428 0.428 0.456 0.456 0.4225 0.4225 0.4225 0.429 0.429 0.432 0.432 0.4435 0.4435 0.4435 0.453 0.453 0.5115 0.5115 0.5475 0.5475 0.5475 0.4685
0.3795 0.3795 0.3975 0.3975 0.439 0.439 0.472 0.472 0.472 0.529 0.529 0.4955 0.4955 0.4875 0.4875 0.461 0.461 0.461 0.498 0.498 0.5225 0.5225 0.4915 0.4915 0.4915 0.5115 0.5115 0.5135 0.5135 0.5461 0.5461 0.5461 0.557 0.557 0.543 0.543 0.512 0.512 0.512 0.52 0.52 0.536 0.536 0.564 0.564 0.564 0.5651 0.5651 0.638 0.638 0.556 0.556 0.4995 0.4995 0.4995 0.478 0.478 0.476 0.476 0.456 0.456 0.456 0.408 0.408 0.4485 0.4485 0.4485 0.4485 0.4485 0.4795 0.4795 0.478 0.478 0.4995 0.4995 0.4995 0.5075
0.3795 0.3795 0.3975 0.3975 0.439 0.439 0.472 0.472 0.472 0.529 0.529 0.4955 0.4955 0.4875 0.4875 0.461 0.461 0.461 0.498 0.498 0.5225 0.5225 0.4915 0.4915 0.4915 0.5115 0.5115 0.5135 0.5135 0.5461 0.5461 0.5461 0.557 0.557 0.543 0.543 0.512 0.512 0.512 0.52 0.52 0.536 0.536 0.564 0.564 0.564 0.5651 0.5651 0.638 0.638 0.556 0.556 0.4995 0.4995 0.4995 0.478 0.478 0.476 0.476 0.456 0.456 0.456 0.408 0.408 0.4485 0.4485 0.4485 0.4485 0.4485 0.4795 0.4795 0.478 0.478 0.4995 0.4995 0.4995 0.5075
0.4545 0.4545 0.4845 0.4845 0.5395 0.5395 0.5655 0.5655 0.5655 0.5605 0.5605 0.51 0.51 0.515 0.515 0.469 0.469 0.469 0.472 0.472 0.5035 0.5035 0.536 0.536 0.536 0.5 0.5 0.529 0.529 0.546 0.546 0.546 0.5765 0.5765 0.58 0.58 0.582 0.582 0.582 0.6425 0.6425 0.5416 0.5416 0.5366 0.5366 0.5366 0.606 0.606 0.6011 0.6011 0.5085 0.5085 0.4915 0.4915 0.4915 0.479 0.479 0.4785 0.4785 0.477 0.477 0.477 0.492 0.492 0.4795 0.4795 0.4755 0.4755 0.4755 0.483 0.483 0.517 0.517 0.498 0.498 0.498 0.506
0.4545 0.4545 0.4845 0.4845 0.5395 0.5395 0.5655 0.5655 0.5655 0.5605 0.5605 0.51 0.51 0.515 0.515 0.469 0.469 0.469 0.472 0.472 0.5035 0.5035 0.536 0.536 0.536 0.5 0.5 0.529 0.529 0.546 0.546 0.546 0.5765 0.5765 0.58 0.58 0.582 0.582 0.582 0.6425 0.6425 0.5416 0.5416 0.5366 0.5366 0.5366 0.606 0.606 0.6011 0.6011 0.5085 0.5085 0.4915 0.4915 0.4915 0.479 0.479 0.4785 0.4785 0.477 0.477 0.477 0.492 0.492 0.4795 0.4795 0.4755 0.4755 0.4755 0.483 0.483 0.517 0.517 0.498 0.498 0.498 0.506
0.388 0.388 0.46 0.46 0.489 0.489 0.5155 0.5155 0.5155 0.454 0.454 0.54 0.54 0.522 0.522 0.488 0.488 0.488 0.5385 0.5385 0.6055 0.6055 0.531 0.531 0.531 0.484 0.484 0.503 0.503 0.59 0.59 0.59 0.576 0.576 0.615 0.615 0.6375 0.6375 0.6375 0.602 0.602 0.4805 0.4805 0.4765 0.4765 0.4765 0.5135 0.5135 0.5645 0.5645 0.572 0.572 0.543 0.543 0.543 0.466 0.466 0.447 0.447 0.455 0.455 0.455 0.4525 0.4525 0.4995 0.4995 0.4955 0.4955 0.4955 0.526 0.526 0.466 0.466 0.528 0.528 0.528 0.565
0.388 0.388 0.46 0.46 0.489 0.489 0.5155 0.5155 0.5155 0.454 0.454 0.54 0.54 0.522 0.522 0.488 0.488 0.488 0.5385 0.5385 0.6055 0.6055 0.531 0.531 0.531 0.484 0.484 0.503 0.503 0.59 0.59 0.59 0.576 0.576 0.615 0.615 0.6375 0.6375 0.6375 0.602 0.602 0.4805 0.4805 0.4765 0.4765 0.4765 0.5135 0.5135 0.5645 0.5645 0.572 0.572 0.543 0.543 0.543 0.466 0.466 0.447 0.447 0.455 0.455 0.455 0.4525 0.4525 0.4995 0.4995 0.4955 0.4955 0.4955 0.526 0.526 0.466 0.466 0.528 0.528 0.528 0.565
0.4195 0.4195 0.451 0.451 0.473 0.473 0.461 0.461 0.461 0.562 0.562 0.4415 0.4415 0.444 0.444 0.5001 0.5001 0.5001 0.521 0.521 0.593 0.593 0.6425 0.6425 0.6425 0.5825 0.5825 0.5549999 0.5549999 0.575 0.575 0.575 0.5915 0.5915 0.6195 0.6195 0.587 0.587 0.587 0.47 0.47 0.5625 0.5625 0.4455 0.4455 0.4455 0.4595 0.4595 0.536 0.536 0.6005 0.6005 0.6185 0.6185 0.6185 0.495 0.495 0.472 0.472 0.5265 0.5265 0.5265 0.4235 0.4235 0.4715 0.4715 0.496 0.496 0.496 0.486 0.486 0.504 0.504 0.5475 0.5475 0.5475 0.5755
0.4195 0.4195 0.451 0.451 0.473 0.473 0.461 0.461 0.461 0.562 0.562 0.4415 0.4415 0.444 0.444 0.5001 0.5001 0.5001 0.521 0.521 0.593 0.593 0.6425 0.6425 0.6425 0.5825 0.5825 0.5549999 0.5549999 0.575 0.575 0.575 0.5915 0.5915 0.6195 0.6195 0.587 0.587 0.587 0.47 0.47 0.5625 0.5625 0.4455 0.4455 0.4455 0.4595 0.4595 0.536 0.536 0.6005 0.6005 0.6185 0.6185 0.6185 0.495 0.495 0.472 0.472 0.5265 0.5265 0.5265 0.4235 0.4235 0.4715 0.4715 0.496 0.496 0.496 0.486 0.486 0.504 0.504 0.5475 0.5475 0.5475 0.5755
0.4195 0.4195 0.451 0.451 0.473 0.473 0.461 0.461 0.461 0.562 0.562 0.4415 0.4415 0.444 0.444 0.5001 0.5001 0.5001 0.521 0.521 0.593 0.593 0.6425 0.6425 0.6425 0.5825 0.5825 0.5549999 0.5549999 0.575 0.575 0.575 0.5915 0.5915 0.6195 0.6195 0.587 0.587 0.587 0.47 0.47 0.5625 0.5625 0.4455 0.4455 0.4455 0.4595 0.4595 0.536 0.536 0.6005 0.6005 0.6185 0.6185 0.6185 0.495 0.495 0.472 0.472 0.5265 0.5265 0.5265 0.4235 0.4235 0.4715 0.4715 0.496 0.496 0.496 0.486 0.486 0.504 0.504 0.5475 0.5475 0.5475 0.5755
0.4285 0.4285 0.456 0.456 0.424 0.424 0.506 0.506 0.506 0.4925 0.4925 0.5195 0.5195 0.4545 0.4545 0.542 0.542 0.542 0.5336 0.5336 0.623 0.623 0.6185 0.6185 0.6185 0.6145 0.6145 0.5345 0.5345 0.553 0.553 0.553 0.634 0.634 0.5931 0.5931 0.5025 0.5025 0.5025 0.535 0.535 0.5965 0.5965 0.4845 0.4845 0.4845 0.4615 0.4615 0.515 0.515 0.481 0.481 0.5581 0.5581 0.5581 0.5255 0.5255 0.5535001 0.5535001 0.611 0.611 0.611 0.5265 0.5265 0.5745 0.5745 0.5485 0.5485 0.5485 0.544 0.544 0.592 0.592 0.571 0.571 0.571 0.582
0.4285 0.4285 0.456 0.456 0.424 0.424 0.506 0.506 0.506 0.4925 0.4925 0.5195 0.5195 0.4545 0.4545 0.542 0.542 0.542 0.5336 0.5336 0.623 0.623 0.6185 0.6185 0.6185 0.6145 0.6145 0.5345 0.5345 0.553 0.553 0.553 0.634 0.634 0.5931 0.5931 0.5025 0.5025 0.5025 0.535 0.535 0.5965 0.5965 0.4845 0.4845 0.4845 0.4615 0.4615 0.515 0.515 0.481 0.481 0.5581 0.5581 0.5581 0.5255 0.5255 0.5535001 0.5535001 0.611 0.611 0.611 0.5265 0.5265 0.5745 0.5745 0.5485 0.5485 0.5485 0.544 0.544 0.592 0.592 0.571 0.571 0.571 0.582
0.4365 0.4365 0.44 0.44 0.4695 0.4695 0.503 0.503 0.503 0.4145 0.4145 0.4505 0.4505 0.5016 0.5016 0.5086 0.5086 0.5086 0.5495 0.5495 0.5815 0.5815 0.586 0.586 0.586 0.6255 0.6255 0.5655 0.5655 0.601 0.601 0.601 0.5586 0.5586 0.664 0.664 0.5646 0.5646 0.5646 0.6135 0.6135 0.5995 0.5995 0.468 0.468 0.468 0.594 0.594 0.5425 0.5425 0.5635 0.5635 0.6166 0.6166 0.6166 0.5745 0.5745 0.5465 0.5465 0.5805 0.5805 0.5805 0.6325 0.6325 0.6296 0.6296 0.602 0.602 0.602 0.5816 0.5816 0.638 0.638 0.68 0.68 0.68 0.687
0.4365 0.4365 0.44 0.44 0.4695 0.4695 0.503 0.503 0.503 0.4145 0.4145 0.4505 0.4505 0.5016 0.5016 0.5086 0.5086 0.5086 0.5495 0.5495 0.5815 0.5815 0.586 0.586 0.586 0.6255 0.6255 0.5655 0.5655 0.601 0.601 0.601 0.5586 0.5586 0.664 0.664 0.5646 0.5646 0.5646 0.6135 0.6135 0.5995 0.5995 0.468 0.468 0.468 0.594 0.594 0.5425 0.5425 0.5635 0.5635 0.6166 0.6166 0.6166 0.5745 0.5745 0.5465 0.5465 0.5805 0.5805 0.5805 0.6325 0.6325 0.6296 0.6296 0.602 0.602 0.602 0.5816 0.5816 0.638 0.638 0.68 0.68 0.68 0.687
0.3395 0.3395 0.3985 0.3985 0.4745 0.4745 0.4916 0.4916 0.4916 0.495 0.495 0.457 0.457 0.5001 0.5001 0.5551 0.5551 0.5551 0.542 0.542 0.5495 0.5495 0.5795 0.5795 0.5795 0.5735 0.5735 0.5805 0.5805 0.5705 0.5705 0.5705 0.624 0.624 0.688 0.688 0.663 0.663 0.663 0.646 0.646 0.6675 0.6675 0.643 0.643 0.643 0.5795 0.5795 0.571 0.571 0.512 0.512 0.5555 0.5555 0.5555 0.602 0.602 0.6735 0.6735 0.638 0.638 0.638 0.691 0.691 0.6825 0.6825 0.6515 0.6515 0.6515 0.6596 0.6596 0.688 0.688 0.6655 0.6655 0.6655 0.6695
0.3395 0.3395 0.3985 0.3985 0.4745 0.4745 0.4916 0.4916 0.4916 0.495 0.495 0.457 0.457 0.5001 0.5001 0.5551 0.5551 0.5551 0.542 0.542 0.5495 0.5495 0.5795 0.5795 0.5795 0.5735 0.5735 0.5805 0.5805 0.5705 0.5705 0.5705 0.624 0.624 0.688 0.688 0.663 0.663 0.663 0.646 0.646 0.6675 0.6675 0.643 0.643 0.643 0.5795 0.5795 0.571 0.571 0.512 0.512 0.5555 0.5555 0.5555 0.602 0.602 0.6735 0.6735 0.638 0.638 0.638 0.691 0.691 0.6825 0.6825 0.6515 0.6515 0.6515 0.6596 0.6596 0.688 0.688 0.6655 0.6655 0.6655 0.6695
0.3395 0.3395 0.3985 0.3985 0.4745 0.4745 0.4916 0.4916 0.4916 0.495 0.495 0.457 0.457 0.5001 0.5001 0.5551 0.5551 0.5551 0.542 0.542 0.5495 0.5495 0.5795 0.5795 0.5795 0.5735 0.5735 0.5805 0.5805 0.5705 0.5705 0.5705 0.624 0.624 0.688 0.688 0.663 0.663 0.663 0.646 0.646 0.6675 0.6675 0.643 0.643 0.643 0.5795 0.5795 0.571 0.571 0.512 0.512 0.5555 0.5555 0.5555 0.602 0.602 0.6735 0.6735 0.638 0.638 0.638 0.691 0.691 0.6825 0.6825 0.6515 0.6515 0.6515 0.6596 0.6596 0.688 0.688 0.6655 0.6655 0.6655 0.6695
0.351 0.351 0.2705 0.2705 0.5115 0.5115 0.4826 0.4826 0.4826 0.485 0.485 0.489 0.489 0.4795 0.4795 0.4815 0.4815 0.4815 0.467 0.467 0.5865 0.5865 0.619 0.619 0.619 0.629 0.629 0.5986 0.5986 0.623 0.623 0.623 0.6325 0.6325 0.659 0.659 0.5976 0.5976 0.5976 0.546 0.546 0.609 0.609 0.6095999 0.6095999 0.6095999 0.613 0.613 0.544 0.544 0.6465 0.6465 0.6075 0.6075 0.6075 0.5996 0.5996 0.713 0.713 0.707 0.707 0.707 0.6065 0.6065 0.629 0.629 0.636 0.636 0.636 0.679 0.679 0.6581 0.6581 0.6471 0.6471 0.6471 0.6925
0.351 0.351 0.2705 0.2705 0.5115 0.5115 0.4826 0.4826 0.4826 0.485 0.485 0.489 0.489 0.4795 0.4795 0.4815 0.4815 0.4815 0.467 0.467 0.5865 0.5865 0.619 0.619 0.619 0.629 0.629 0.5986 0.5986 0.623 0.623 0.623 0.6325 0.6325 0.659 0.659 0.5976 0.5976 0.5976 0.546 0.546 0.609 0.609 0.6095999 0.6095999 0.6095999 0.613 0.613 0.544 0.544 0.6465 0.6465 0.6075 0.6075 0.6075 0.5996 0.5996 0.713 0.713 0.707 0.707 0.707 0.6065 0.6065 0.629 0.629 0.636 0.636 0.636 0.679 0.679 0.6581 0.6581 0.6471 0.6471 0.6471 0.6925
0.4285 0.4285 0.411 0.411 0.456 0.456 0.474 0.474 0.474 0.4645 0.4645 0.4605 0.4605 0.4935 0.4935 0.5265 0.5265 0.5265 0.5845 0.5845 0.5335 0.5335 0.5616 0.5616 0.5616 0.5695 0.5695 0.5671 0.5671 0.5495 0.5495 0.5495 0.6005 0.6005 0.622 0.622 0.68 0.68 0.68 0.5885 0.5885 0.6185 0.6185 0.5425 0.5425 0.5425 0.5775 0.5775 0.6115 0.6115 0.6745 0.6745 0.744 0.744 0.744 0.7805 0.7805 0.783 0.783 0.715 0.715 0.715 0.601 0.601 0.6196 0.6196 0.643 0.643 0.643 0.6175 0.6175 0.7111 0.7111 0.7305 0.7305 0.7305 0.7165
0.4285 0.4285 0.411 0.411 0.456 0.456 0.474 0.474 0.474 0.4645 0.4645 0.4605 0.4605 0.4935 0.4935 0.5265 0.5265 0.5265 0.5845 0.5845 0.5335 0.5335 0.5616 0.5616 0.5616 0.5695 0.5695 0.5671 0.5671 0.5495 0.5495 0.5495 0.6005 0.6005 0.622 0.622 0.68 0.68 0.68 0.5885 0.5885 0.6185 0.6185 0.5425 0.5425 0.5425 0.5775 0.5775 0.6115 0.6115 0.6745 0.6745 0.744 0.744 0.744 0.7805 0.7805 0.783 0.783 0.715 0.715 0.715 0.601 0.601 0.6196 0.6196 0.643 0.643 0.643 0.6175 0.6175 0.7111 0.7111 0.7305 0.7305 0.7305 0.7165
