ndvi/NOAA-323.asc
ncols         252
nrows         154
xllcorner     -18.017974
yllcorner     13.481982
cellsize      0.035948
NODATA_value  -9999
[rows 70 to 104 of 154, columns 0 to 76 of 252]
-1 -1 -1 -1 -1 -1 -1 -1 -1 -1 -1 -1 -1 -1 -1 -1 -1 -1 -1 -1 -1 -1 -1 -1 -1 -1 -1 -1 -1 -1 -1 -1 -1 -1 -1 -1 -1 -1 -1 0.2535 0.2535 0.2535 0.3565 0.3565 0.4955 0.4955 0.517 0.517 0.517 0.4435 0.4435 0.4295 0.4295 0.3925 0.3925 0.3515 0.3515 0.3515 0.4655 0.4655 0.4485 0.4485 0.4485 0.4485 0.4485 0.3495 0.3495 0.2405 0.2405 0.1845 0.1845 0.1845 0.184 0.184 0.1835 0.1835 0.1755
-1 -1 -1 -1 -1 -1 -1 -1 -1 -1 -1 -1 -1 -1 -1 -1 -1 -1 -1 -1 -1 -1 -1 -1 -1 -1 -1 -1 -1 -1 -1 -1 -1 -1 -1 -1 -1 0.1062 0.1062 0.1695 0.1695 0.1695 0.3105 0.3105 0.3215 0.3215 0.344 0.344 0.344 0.3885 0.3885 0.337 0.337 0.326 0.326 0.24 0.24 0.24 0.3435 0.3435 0.338 0.338 0.338 0.338 0.338 0.265 0.265 0.238 0.238 0.2085 0.2085 0.2085 0.192 0.192 0.189 0.189 0.1855
-1 -1 -1 -1 -1 -1 -1 -1 -1 -1 -1 -1 -1 -1 -1 -1 -1 -1 -1 -1 -1 -1 -1 -1 -1 -1 -1 -1 -1 -1 -1 -1 -1 -1 -1 -1 -1 0.1062 0.1062 0.1695 0.1695 0.1695 0.3105 0.3105 0.3215 0.3215 0.344 0.344 0.344 0.3885 0.3885 0.337 0.337 0.326 0.326 0.24 0.24 0.24 0.3435 0.3435 0.338 0.338 0.338 0.338 0.338 0.265 0.265 0.238 0.238 0.2085 0.2085 0.2085 0.192 0.192 0.189 0.189 0.1855
-1 -1 -1 -1 -1 -1 -1 -1 -1 -1 -1 -1 -1 -1 -1 -1 -1 -1 -1 -1 -1 -1 -1 -1 -1 -1 -1 -1 -1 -1 -1 -1 -1 -1 -1 -1 -1 0.1062 0.1062 0.1695 0.1695 0.1695 0.3105 0.3105 0.3215 0.3215 0.344 0.344 0.344 0.3885 0.3885 0.337 0.337 0.326 0.326 0.24 0.24 0.24 0.3435 0.3435 0.338 0.338 0.338 0.338 0.338 0.265 0.265 0.238 0.238 0.2085 0.2085 0.2085 0.192 0.192 0.189 0.189 0.1855
-1 -1 -1 -1 -1 -1 -1 -1 -1 -1 -1 -1 -1 -1 -1 -1 -1 -1 -1 -1 -1 -1 -1 -1 -1 -1 -1 -1 -1 -1 -1 -1 -1 -1 -1 -1 -1 0.0185 0.0185 0.1695 0.1695 0.1695 0.319 0.319 0.3955 0.3955 0.33 0.33 0.33 0.2985 0.2985 0.2175 0.2175 0.1665 0.1665 0.233 0.233 0.233 0.2555 0.2555 0.2975 0.2975 0.2975 0.2975 0.2975 0.222 0.222 0.211 0.211 0.195 0.195 0.195 0.196 0.196 0.243 0.243 0.199
-1 -1 -1 -1 -1 -1 -1 -1 -1 -1 -1 -1 -1 -1 -1 -1 -1 -1 -1 -1 -1 -1 -1 -1 -1 -1 -1 -1 -1 -1 -1 -1 -1 -1 -1 -1 -1 0.0185 0.0185 0.1695 0.1695 0.1695 0.319 0.319 0.3955 0.3955 0.33 0.33 0.33 0.2985 0.2985 0.2175 0.2175 0.1665 0.1665 0.233 0.233 0.233 0.2555 0.2555 0.2975 0.2975 0.2975 0.2975 0.2975 0.222 0.222 0.211 0.211 0.195 0.195 0.195 0.196 0.196 0.243 0.243 0.199
-1 -1 -1 -1 -1 -1 -1 -1 -1 -1 -1 -1 -1 -1 -1 -1 -1 -1 -1 -1 -1 -1 -1 -1 -1 -1 -1 -1 -1 -1 -1 -1 -1 -1 -1 -1 -1 -0.0033 -0.0033 0.178 0.178 0.178 0.3325 0.3325 0.308 0.308 0.2635 0.2635 0.2635 0.23 0.23 0.26 0.26 0.2425 0.2425 0.2435 0.2435 0.2435 0.25 0.25 0.233 0.233 0.233 0.233 0.233 0.232 0.232 0.219 0.219 0.208 0.208 0.208 0.1955 0.1955 0.1935 0.1935 0.1915
-1 -1 -1 -1 -1 -1 -1 -1 -1 -1 -1 -1 -1 -1 -1 -1 -1 -1 -1 -1 -1 -1 -1 -1 -1 -1 -1 -1 -1 -1 -1 -1 -1 -1 -1 -1 -1 -0.0033 -0.0033 0.178 0.178 0.178 0.3325 0.3325 0.308 0.308 0.2635 0.2635 0.2635 0.23 0.23 0.26 0.26 0.2425 0.2425 0.2435 0.2435 0.2435 0.25 0.25 0.233 0.233 0.233 0.233 0.233 0.232 0.232 0.219 0.219 0.208 0.208 0.208 0.1955 0.1955 0.1935 0.1935 0.1915
-1 -1 -1 -1 -1 -1 -1 -1 -1 -1 -1 -1 -1 -1 -1 -1 -1 -1 -1 -1 -1 -1 -1 -1 -1 -1 -1 -1 -1 -1 -1 -1 -1 -1 -1 -1 -1 0.0302 0.0302 0.2735 0.2735 0.2735 0.319 0.319 0.3265 0.3265 0.2875 0.2875 0.2875 0.263 0.263 0.25 0.25 0.27 0.27 0.2285 0.2285 0.2285 0.2155 0.2155 0.213 0.213 0.213 0.213 0.213 0.217 0.217 0.2275 0.2275 0.217 0.217 0.217 0.202 0.202 0.199 0.199 0.1995
-1 -1 -1 -1 -1 -1 -1 -1 -1 -1 -1 -1 -1 -1 -1 -1 -1 -1 -1 -1 -1 -1 -1 -1 -1 -1 -1 -1 -1 -1 -1 -1 -1 -1 -1 -1 -1 0.0302 0.0302 0.2735 0.2735 0.2735 0.319 0.319 0.3265 0.3265 0.2875 0.2875 0.2875 0.263 0.263 0.25 0.25 0.27 0.27 0.2285 0.2285 0.2285 0.2155 0.2155 0.213 0.213 0.213 0.213 0.213 0.217 0.217 0.2275 0.2275 0.217 0.217 0.217 0.202 0.202 0.199 0.199 0.1995
-1 -1 -1 -1 -1 -1 -1 -1 -1 -1 -1 -1 -1 -1 -1 -1 -1 -1 -1 -1 -1 -1 -1 -1 -1 -1 -1 -1 -1 -1 -1 -1 -1 -1 -1 -1 -1 0.08220001 0.08220001 0.268 0.268 0.268 0.3015 0.3015 0.3205 0.3205 0.294 0.294 0.294 0.2785 0.2785 0.2535 0.2535 0.274 0.274 0.283 0.283 0.283 0.222 0.222 0.226 0.226 0.226 0.226 0.226 0.2205 0.2205 0.2305 0.2305 0.23 0.23 0.23 0.2065 0.2065 0.207 0.207 0.206
-1 -1 -1 -1 -1 -1 -1 -1 -1 -1 -1 -1 -1 -1 -1 -1 -1 -1 -1 -1 -1 -1 -1 -1 -1 -1 -1 -1 -1 -1 -1 -1 -1 -1 -1 -1 -1 0.08220001 0.08220001 0.268 0.268 0.268 0.3015 0.3015 0.3205 0.3205 0.294 0.294 0.294 0.2785 0.2785 0.2535 0.2535 0.274 0.274 0.283 0.283 0.283 0.222 0.222 0.226 0.226 0.226 0.226 0.226 0.2205 0.2205 0.2305 0.2305 0.23 0.23 0.23 0.2065 0.2065 0.207 0.207 0.206
-1 -1 -1 -1 -1 -1 -1 -1 -1 -1 -1 -1 -1 -1 -1 -1 -1 -1 -1 -1 -1 -1 -1 -1 -1 -1 -1 -1 -1 -1 -1 -1 -1 -1 -1 -1 -1 0.08220001 0.08220001 0.268 0.268 0.268 0.3015 0.3015 0.3205 0.3205 0.294 0.294 0.294 0.2785 0.2785 0.2535 0.2535 0.274 0.274 0.283 0.283 0.283 0.222 0.222 0.226 0.226 0.226 0.226 0.226 0.2205 0.2205 0.2305 0.2305 0.23 0.23 0.23 0.2065 0.2065 0.207 0.207 0.206
-1 -1 -1 -1 -1 -1 -1 -1 -1 -1 -1 -1 -1 -1 -1 -1 -1 -1 -1 -1 -1 -1 -1 -1 -1 -1 -1 -1 -1 -1 -1 -1 -1 -1 -1 -1 -1 0.0982 0.0982 0.246 0.246 0.246 0.2895 0.2895 0.2825 0.2825 0.2925 0.2925 0.2925 0.2795 0.2795 0.2555 0.2555 0.2695 0.2695 0.2285 0.2285 0.2285 0.2335 0.2335 0.22 0.22 0.22 0.22 0.22 0.223 0.223 0.216 0.216 0.225 0.225 0.225 0.21 0.21 0.214 0.214 0.2055
-1 -1 -1 -1 -1 -1 -1 -1 -1 -1 -1 -1 -1 -1 -1 -1 -1 -1 -1 -1 -1 -1 -1 -1 -1 -1 -1 -1 -1 -1 -1 -1 -1 -1 -1 -1 -1 0.0982 0.0982 0.246 0.246 0.246 0.2895 0.2895 0.2825 0.2825 0.2925 0.2925 0.2925 0.2795 0.2795 0.2555 0.2555 0.2695 0.2695 0.2285 0.2285 0.2285 0.2335 0.2335 0.22 0.22 0.22 0.22 0.22 0.223 0.223 0.216 0.216 0.225 0.225 0.225 0.21 0.21 0.214 0.214 0.2055
-1 -1 -1 -1 -1 -1 -1 -1 -1 -1 -1 -1 -1 -1 -1 -1 -1 -1 -1 -1 -1 -1 -1 -1 -1 -1 -1 -1 -1 -1 -1 -1 -1 -1 -1 -1 -1 0.115 0.115 0.3155 0.3155 0.3155 0.2845 0.2845 0.2745 0.2745 0.2665 0.2665 0.2665 0.2745 0.2745 0.271 0.271 0.2695 0.2695 0.2605 0.2605 0.2605 0.2445 0.2445 0.238 0.238 0.238 0.238 0.238 0.2325 0.2325 0.222 0.222 0.234 0.234 0.234 0.2275 0.2275 0.232 0.232 0.236
-1 -1 -1 -1 -1 -1 -1 -1 -1 -1 -1 -1 -1 -1 -1 -1 -1 -1 -1 -1 -1 -1 -1 -1 -1 -1 -1 -1 -1 -1 -1 -1 -1 -1 -1 -1 -1 0.115 0.115 0.3155 0.3155 0.3155 0.2845 0.2845 0.2745 0.2745 0.2665 0.2665 0.2665 0.2745 0.2745 0.271 0.271 0.2695 0.2695 0.2605 0.2605 0.2605 0.2445 0.2445 0.238 0.238 0.238 0.238 0.238 0.2325 0.2325 0.222 0.222 0.234 0.234 0.234 0.2275 0.2275 0.232 0.232 0.236
-1 -1 -1 -1 -1 -1 -1 -1 -1 -1 -1 -1 -1 -1 -1 -1 -1 -1 -1 -1 -1 -1 -1 -1 -1 -1 -1 -1 -1 -1 -1 -1 -1 -1 -1 0.0427 0.0427 0.32 0.32 0.2885 0.2885 0.2885 0.249 0.249 0.2415 0.2415 0.2475 0.2475 0.2475 0.256 0.256 0.265 0.265 0.242 0.242 0.238 0.238 0.238 0.2405 0.2405 0.2465 0.2465 0.2465 0.2465 0.2465 0.2535 0.2535 0.259 0.259 0.2465 0.2465 0.2465 0.2375 0.2375 0.237 0.237 0.2475
-1 -1 -1 -1 -1 -1 -1 -1 -1 -1 -1 -1 -1 -1 -1 -1 -1 -1 -1 -1 -1 -1 -1 -1 -1 -1 -1 -1 -1 -1 -1 -1 -1 -1 -1 0.0427 0.0427 0.32 0.32 0.2885 0.2885 0.2885 0.249 0.249 0.2415 0.2415 0.2475 0.2475 0.2475 0.256 0.256 0.265 0.265 0.242 0.242 0.238 0.238 0.238 0.2405 0.2405 0.2465 0.2465 0.2465 0.2465 0.2465 0.2535 0.2535 0.259 0.259 0.2465 0.2465 0.2465 0.2375 0.2375 0.237 0.237 0.2475
-1 -1 -1 -1 -1 -1 -1 -1 -1 -1 -1 -1 -1 -1 -1 -1 -1 -1 -1 -1 -1 -1 -1 -1 -1 -1 -1 -1 -1 -1 -1 -1 -1 -1 -1 0.0427 0.0427 0.32 0.32 0.2885 0.2885 0.2885 0.249 0.249 0.2415 0.2415 0.2475 0.2475 0.2475 0.256 0.256 0.265 0.265 0.242 0.242 0.238 0.238 0.238 0.2405 0.2405 0.2465 0.2465 0.2465 0.2465 0.2465 0.2535 0.2535 0.259 0.259 0.2465 0.2465 0.2465 0.2375 0.2375 0.237 0.237 0.2475
-1 -1 -1 -1 -1 -1 -1 -1 -1 -1 -1 -1 -1 -1 -1 -1 -1 -1 -1 -1 -1 -1 -1 -1 -1 -1 -1 -1 -1 -1 -1 -1 -1 -1 -1 0.19 0.19 0.27 0.27 0.255 0.255 0.255 0.253 0.253 0.2565 0.2565 0.244 0.244 0.244 0.246 0.246 0.2515 0.2515 0.258 0.258 0.243 0.243 0.243 0.2305 0.2305 0.233 0.233 0.233 0.233 0.233 0.241 0.241 0.2515 0.2515 0.2705 0.2705 0.2705 0.2605 0.2605 0.243 0.243 0.206
-1 -1 -1 -1 -1 -1 -1 -1 -1 -1 -1 -1 -1 -1 -1 -1 -1 -1 -1 -1 -1 -1 -1 -1 -1 -1 -1 -1 -1 -1 -1 -1 -1 -1 -1 0.19 0.19 0.27 0.27 0.255 0.255 0.255 0.253 0.253 0.2565 0.2565 0.244 0.244 0.244 0.246 0.246 0.2515 0.2515 0.258 0.258 0.243 0.243 0.243 0.2305 0.2305 0.233 0.233 0.233 0.233 0.233 0.241 0.241 0.2515 0.2515 0.2705 0.2705 0.2705 0.2605 0.2605 0.243 0.243 0.206
-1 -1 -1 -1 -1 -1 -1 -1 -1 -1 -1 -1 -1 -1 -1 -1 -1 -1 -1 -1 -1 -1 -1 -1 -1 -1 -1 -1 -1 -1 -1 -1 0.0846 0.0846 0.0846 0.2615 0.2615 0.2635 0.2635 0.2735 0.2735 0.2735 0.2445 0.2445 0.26 0.26 0.26 0.26 0.26 0.2695 0.2695 0.268 0.268 0.267 0.267 0.2545 0.2545 0.2545 0.2595 0.2595 0.249 0.249 0.249 0.249 0.249 0.2545 0.2545 0.2505 0.2505 0.2665 0.2665 0.2665 0.2615 0.2615 0.249 0.249 0.2135
-1 -1 -1 -1 -1 -1 -1 -1 -1 -1 -1 -1 -1 -1 -1 -1 -1 -1 -1 -1 -1 -1 -1 -1 -1 -1 -1 -1 -1 -1 -1 -1 0.0846 0.0846 0.0846 0.2615 0.2615 0.2635 0.2635 0.2735 0.2735 0.2735 0.2445 0.2445 0.26 0.26 0.26 0.26 0.26 0.2695 0.2695 0.268 0.268 0.267 0.267 0.2545 0.2545 0.2545 0.2595 0.2595 0.249 0.249 0.249 0.249 0.249 0.2545 0.2545 0.2505 0.2505 0.2665 0.2665 0.2665 0.2615 0.2615 0.249 0.249 0.2135
-1 -1 -1 -1 -1 -1 -1 -1 -1 -1 -1 -1 -1 -1 -1 -1 -1 -1 -1 -1 -1 -1 -1 -1 -1 -1 -1 -1 -1 -1 0.0317 0.0317 0.2845 0.2845 0.2845 0.264 0.264 0.266 0.266 0.253 0.253 0.253 0.239 0.239 0.2655 0.2655 0.27 0.27 0.27 0.277 0.277 0.276 0.276 0.2715 0.2715 0.2655 0.2655 0.2655 0.266 0.266 0.2725 0.2725 0.2725 0.2725 0.2725 0.2505 0.2505 0.2655 0.2655 0.293 0.293 0.293 0.27 0.27 0.241 0.241 0.2055
-1 -1 -1 -1 -1 -1 -1 -1 -1 -1 -1 -1 -1 -1 -1 -1 -1 -1 -1 -1 -1 -1 -1 -1 -1 -1 -1 -1 -1 -1 0.0317 0.0317 0.2845 0.2845 0.2845 0.264 0.264 0.266 0.266 0.253 0.253 0.253 0.239 0.239 0.2655 0.2655 0.27 0.27 0.27 0.277 0.277 0.276 0.276 0.2715 0.2715 0.2655 0.2655 0.2655 0.266 0.266 0.2725 0.2725 0.2725 0.2725 0.2725 0.2505 0.2505 0.2655 0.2655 0.293 0.293 0.293 0.27 0.27 0.241 0.241 0.2055
-1 -1 -1 -1 -1 -1 -1 -1 -1 -1 -1 -1 -1 -1 -1 -1 -1 -1 -1 -1 -1 -1 -1 -1 -1 -1 -1 -1 -1 -1 0.0317 0.0317 0.2845 0.2845 0.2845 0.264 0.264 0.266 0.266 0.253 0.253 0.253 0.239 0.239 0.2655 0.2655 0.27 0.27 0.27 0.277 0.277 0.276 0.276 0.2715 0.2715 0.2655 0.2655 0.2655 0.266 0.266 0.2725 0.2725 0.2725 0.2725 0.2725 0.2505 0.2505 0.2655 0.2655 0.293 0.293 0.293 0.27 0.27 0.241 0.241 0.2055
-1 -1 -1 -1 -1 -1 -1 -1 -1 -1 -1 -1 -1 -1 -1 -1 -1 -1 -1 -1 -1 -1 -1 -1 -1 -1 -1 -1 -1 -1 0.1425 0.1425 0.2865 0.2865 0.2865 0.2725 0.2725 0.252 0.252 0.239 0.239 0.239 0.24 0.24 0.2485 0.2485 0.272 0.272 0.272 0.2865 0.2865 0.29 0.29 0.281 0.281 0.2735 0.2735 0.2735 0.2745 0.2745 0.257 0.257 0.257 0.257 0.257 0.266 0.266 0.257 0.257 0.2625 0.2625 0.2625 0.2665 0.2665 0.249 0.249 0.2615
-1 -1 -1 -1 -1 -1 -1 -1 -1 -1 -1 -1 -1 -1 -1 -1 -1 -1 -1 -1 -1 -1 -1 -1 -1 -1 -1 -1 -1 -1 0.1425 0.1425 0.2865 0.2865 0.2865 0.2725 0.2725 0.252 0.252 0.239 0.239 0.239 0.24 0.24 0.2485 0.2485 0.272 0.272 0.272 0.2865 0.2865 0.29 0.29 0.281 0.281 0.2735 0.2735 0.2735 0.2745 0.2745 0.257 0.257 0.257 0.257 0.257 0.266 0.266 0.257 0.257 0.2625 0.2625 0.2625 0.2665 0.2665 0.249 0.249 0.2615
-1 -1 -1 -1 -1 -1 -1 -1 -1 -1 -1 -1 -1 -1 -1 -1 -1 -1 -1 -1 -1 -1 -1 -1 -1 -1 -1 -1 0.08220001 0.08220001 0.283 0.283 0.296 0.296 0.296 0.286 0.286 0.264 0.264 0.2425 0.2425 0.2425 0.2545 0.2545 0.258 0.258 0.271 0.271 0.271 0.2835 0.2835 0.296 0.296 0.286 0.286 0.2945 0.2945 0.2945 0.269 0.269 0.2645 0.2645 0.2645 0.2645 0.2645 0.267 0.267 0.2685 0.2685 0.276 0.276 0.276 0.2815 0.2815 0.2645 0.2645 0.2485
-1 -1 -1 -1 -1 -1 -1 -1 -1 -1 -1 -1 -1 -1 -1 -1 -1 -1 -1 -1 -1 -1 -1 -1 -1 -1 -1 -1 0.08220001 0.08220001 0.283 0.283 0.296 0.296 0.296 0.286 0.286 0.264 0.264 0.2425 0.2425 0.2425 0.2545 0.2545 0.258 0.258 0.271 0.271 0.271 0.2835 0.2835 0.296 0.296 0.286 0.286 0.2945 0.2945 0.2945 0.269 0.269 0.2645 0.2645 0.2645 0.2645 0.2645 0.267 0.267 0.2685 0.2685 0.276 0.276 0.276 0.2815 0.2815 0.2645 0.2645 0.2485
-1 -1 -1 -1 -1 -1 -1 -1 -1 -1 -1 -1 -1 -1 -1 -1 -1 -1 -1 -1 -1 -1 -1 -1 -1 0.0117 0.0117 0.0117 0.1935 0.1935 0.319 0.319 0.3035 0.3035 0.3035 0.289 0.289 0.273 0.273 0.258 0.258 0.258 0.26 0.26 0.26 0.26 0.267 0.267 0.267 0.2895 0.2895 0.286 0.286 0.2855 0.2855 0.3015 0.3015 0.3015 0.292 0.292 0.295 0.295 0.295 0.295 0.295 0.3045 0.3045 0.305 0.305 0.298 0.298 0.298 0.2855 0.2855 0.276 0.276 0.2695
-1 -1 -1 -1 -1 -1 -1 -1 -1 -1 -1 -1 -1 -1 -1 -1 -1 -1 -1 -1 -1 -1 -1 -1 -1 0.0117 0.0117 0.0117 0.1935 0.1935 0.319 0.319 0.3035 0.3035 0.3035 0.289 0.289 0.273 0.273 0.258 0.258 0.258 0.26 0.26 0.26 0.26 0.267 0.267 0.267 0.2895 0.2895 0.286 0.286 0.2855 0.2855 0.3015 0.3015 0.3015 0.292 0.292 0.295 0.295 0.295 0.295 0.295 0.3045 0.3045 0.305 0.305 0.298 0.298 0.298 0.2855 0.2855 0.276 0.276 0.2695
-1 -1 -1 -1 -1 -1 -1 -1 -1 -1 -1 -1 -1 -1 -1 -1 -1 -1 -1 -1 -1 -1 -1 0.0177 0.0177 0.2205 0.2205 0.2205 0.322 0.322 0.298 0.298 0.3015 0.3015 0.3015 0.2875 0.2875 0.2855 0.2855 0.2795 0.2795 0.2795 0.2915 0.2915 0.2845 0.2845 0.2755 0.2755 0.2755 0.3085 0.3085 0.282 0.282 0.274 0.274 0.29 0.29 0.29 0.294 0.294 0.293 0.293 0.293 0.293 0.293 0.306 0.306 0.311 0.311 0.311 0.311 0.311 0.305 0.305 0.3025 0.3025 0.3125
-1 -1 -1 -1 -1 -1 -1 -1 -1 -1 -1 -1 -1 -1 -1 -1 -1 -1 -1 -1 -1 -1 -1 0.0177 0.0177 0.2205 0.2205 0.2205 0.322 0.322 0.298 0.298 0.3015 0.3015 0.3015 0.2875 0.2875 0.2855 0.2855 0.2795 0.2795 0.2795 0.2915 0.2915 0.2845 0.2845 0.2755 0.2755 0.2755 0.3085 0.3085 0.282 0.282 0.274 0.274 0.29 0.29 0.29 0.294 0.294 0.293 0.293 0.293 0.293 0.293 0.306 0.306 0.311 0.311 0.311 0.311 0.311 0.305 0.305 0.3025 0.3025 0.3125
