ndvi/NOAA-330.asc
ncols         252
nrows         154
xllcorner     -18.017974
yllcorner     13.481982
cellsize      0.035948
NODATA_value  -9999
[rows 34 to 67 of 154, columns 156 to 233 of 252]
0.083 0.09999999 0.09999999 0.09999999 0.102 0.102 0.0795 0.0795 0.0475 0.0475 0.07250001 0.07250001 0.07250001 0.0365 0.0365 0.082 0.082 0.0605 0.0605 0.0605 0.0575 0.0575 0.0555 0.0555 0.0815 0.0815 0.0815 0.0745 0.0745 0.094 0.094 0.083 0.083 0.083 0.082 0.082 0.0765 0.0765 0.0745 0.0745 0.0745 0.0865 0.0865 0.0815 0.0815 0.082 0.082 0.0635 0.0635 0.0635 0.085 0.085 0.096 0.096 0.084 0.084 0.084 0.112 0.112 0.1145 0.1145 0.114 0.114 0.114 0.1155 0.1155 0.1105 0.1105 0.113 0.113 0.113 0.1115 0.1115 0.1185 0.1185 0.1075 0.1075 0.1075
0.083 0.09999999 0.09999999 0.09999999 0.102 0.102 0.0795 0.0795 0.0475 0.0475 0.07250001 0.07250001 0.07250001 0.0365 0.0365 0.082 0.082 0.0605 0.0605 0.0605 0.0575 0.0575 0.0555 0.0555 0.0815 0.0815 0.0815 0.0745 0.0745 0.094 0.094 0.083 0.083 0.083 0.082 0.082 0.0765 0.0765 0.0745 0.0745 0.0745 0.0865 0.0865 0.0815 0.0815 0.082 0.082 0.0635 0.0635 0.0635 0.085 0.085 0.096 0.096 0.084 0.084 0.084 0.112 0.112 0.1145 0.1145 0.114 0.114 0.114 0.1155 0.1155 0.1105 0.1105 0.113 0.113 0.113 0.1115 0.1115 0.1185 0.1185 0.1075 0.1075 0.1075
0.083 0.09999999 0.09999999 0.09999999 0.102 0.102 0.0795 0.0795 0.0475 0.0475 0.07250001 0.07250001 0.07250001 0.0365 0.0365 0.082 0.082 0.0605 0.0605 0.0605 0.0575 0.0575 0.0555 0.0555 0.0815 0.0815 0.0815 0.0745 0.0745 0.094 0.094 0.083 0.083 0.083 0.082 0.082 0.0765 0.0765 0.0745 0.0745 0.0745 0.0865 0.0865 0.0815 0.0815 0.082 0.082 0.0635 0.0635 0.0635 0.085 0.085 0.096 0.096 0.084 0.084 0.084 0.112 0.112 0.1145 0.1145 0.114 0.114 0.114 0.1155 0.1155 0.1105 0.1105 0.113 0.113 0.113 0.1115 0.1115 0.1185 0.1185 0.1075 0.1075 0.1075
0.0755 0.0615 0.0615 0.0615 0.0345 0.0345 0.0595 0.0595 0.0545 0.0545 0.042 0.042 0.042 0.073 0.073 0.09450001 0.09450001 0.09 0.09 0.09 0.087 0.087 0.0885 0.0885 0.0985 0.0985 0.0985 0.101 0.101 0.0995 0.0995 0.089 0.089 0.089 0.087 0.087 0.0845 0.0845 0.054 0.054 0.054 0.0845 0.0845 0.0835 0.0835 0.116 0.116 0.085 0.085 0.085 0.096 0.096 0.095 0.095 0.1075 0.1075 0.1075 0.08750001 0.08750001 0.118 0.118 0.113 0.113 0.113 0.111 0.111 0.114 0.114 0.123 0.123 0.123 0.123 0.123 0.117 0.117 0.115 0.115 0.115
0.0755 0.0615 0.0615 0.0615 0.0345 0.0345 0.0595 0.0595 0.0545 0.0545 0.042 0.042 0.042 0.073 0.073 0.09450001 0.09450001 0.09 0.09 0.09 0.087 0.087 0.0885 0.0885 0.0985 0.0985 0.0985 0.101 0.101 0.0995 0.0995 0.089 0.089 0.089 0.087 0.087 0.0845 0.0845 0.054 0.054 0.054 0.0845 0.0845 0.0835 0.0835 0.116 0.116 0.085 0.085 0.085 0.096 0.096 0.095 0.095 0.1075 0.1075 0.1075 0.08750001 0.08750001 0.118 0.118 0.113 0.113 0.113 0.111 0.111 0.114 0.114 0.123 0.123 0.123 0.123 0.123 0.117 0.117 0.115 0.115 0.115
0.0575 0.0285 0.0285 0.0285 0.0485 0.0485 0.0565 0.0565 0.0595 0.0595 0.039 0.039 0.039 0.044 0.044 0.0745 0.0745 0.0285 0.0285 0.0285 0.0885 0.0885 0.0955 0.0955 0.08400001 0.08400001 0.08400001 0.109 0.109 0.1085 0.1085 0.1125 0.1125 0.1125 0.087 0.087 0.0605 0.0605 0.055 0.055 0.055 0.082 0.082 0.109 0.109 0.0935 0.0935 0.0915 0.0915 0.0915 0.0845 0.0845 0.104 0.104 0.1035 0.1035 0.1035 0.093 0.093 0.1285 0.1285 0.125 0.125 0.125 0.1155 0.1155 0.123 0.123 0.119 0.119 0.119 0.1285 0.1285 0.122 0.122 0.125 0.125 0.125
0.0575 0.0285 0.0285 0.0285 0.0485 0.0485 0.0565 0.0565 0.0595 0.0595 0.039 0.039 0.039 0.044 0.044 0.0745 0.0745 0.0285 0.0285 0.0285 0.0885 0.0885 0.0955 0.0955 0.08400001 0.08400001 0.08400001 0.109 0.109 0.1085 0.1085 0.1125 0.1125 0.1125 0.087 0.087 0.0605 0.0605 0.055 0.055 0.055 0.082 0.082 0.109 0.109 0.0935 0.0935 0.0915 0.0915 0.0915 0.0845 0.0845 0.104 0.104 0.1035 0.1035 0.1035 0.093 0.093 0.1285 0.1285 0.125 0.125 0.125 0.1155 0.1155 0.123 0.123 0.119 0.119 0.119 0.1285 0.1285 0.122 0.122 0.125 0.125 0.125
0.1234 0.007999999 0.007999999 0.007999999 0.0757 0.0757 0.0645 0.0645 0.0585 0.0585 0.02 0.02 0.02 0.045 0.045 0.054 0.054 0.047 0.047 0.047 0.074 0.074 0.1055 0.1055 0.1365 0.1365 0.1365 0.1315 0.1315 0.119 0.119 0.1135 0.1135 0.1135 0.1065 0.1065 0.0905 0.0905 0.0865 0.0865 0.0865 0.061 0.061 0.1015 0.1015 0.1105 0.1105 0.079 0.079 0.079 0.116 0.116 0.127 0.127 0.1235 0.1235 0.1235 0.1385 0.1385 0.1235 0.1235 0.1155 0.1155 0.1155 0.098 0.098 0.093 0.093 0.0795 0.0795 0.0795 0.08750001 0.08750001 0.123 0.123 0.1185 0.1185 0.1185
0.1234 0.007999999 0.007999999 0.007999999 0.0757 0.0757 0.0645 0.0645 0.0585 0.0585 0.02 0.02 0.02 0.045 0.045 0.054 0.054 0.047 0.047 0.047 0.074 0.074 0.1055 0.1055 0.1365 0.1365 0.1365 0.1315 0.1315 0.119 0.119 0.1135 0.1135 0.1135 0.1065 0.1065 0.0905 0.0905 0.0865 0.0865 0.0865 0.061 0.061 0.1015 0.1015 0.1105 0.1105 0.079 0.079 0.079 0.116 0.116 0.127 0.127 0.1235 0.1235 0.1235 0.1385 0.1385 0.1235 0.1235 0.1155 0.1155 0.1155 0.098 0.098 0.093 0.093 0.0795 0.0795 0.0795 0.08750001 0.08750001 0.123 0.123 0.1185 0.1185 0.1185
0.1234 0.007999999 0.007999999 0.007999999 0.0757 0.0757 0.0645 0.0645 0.0585 0.0585 0.02 0.02 0.02 0.045 0.045 0.054 0.054 0.047 0.047 0.047 0.074 0.074 0.1055 0.1055 0.1365 0.1365 0.1365 0.1315 0.1315 0.119 0.119 0.1135 0.1135 0.1135 0.1065 0.1065 0.0905 0.0905 0.0865 0.0865 0.0865 0.061 0.061 0.1015 0.1015 0.1105 0.1105 0.079 0.079 0.079 0.116 0.116 0.127 0.127 0.1235 0.1235 0.1235 0.1385 0.1385 0.1235 0.1235 0.1155 0.1155 0.1155 0.098 0.098 0.093 0.093 0.0795 0.0795 0.0795 0.08750001 0.08750001 0.123 0.123 0.1185 0.1185 0.1185
0.052 0.0705 0.0705 0.0705 0.0445 0.0445 0.0705 0.0705 0.064 0.064 0.042 0.042 0.042 0.0475 0.0475 0.109 0.109 0.122 0.122 0.122 0.133 0.133 0.106 0.106 0.1175 0.1175 0.1175 0.13 0.13 0.1405 0.1405 0.142 0.142 0.142 0.123 0.123 0.1105 0.1105 0.1115 0.1115 0.1115 0.109 0.109 0.113 0.113 0.1355 0.1355 0.1005 0.1005 0.1005 0.118 0.118 0.119 0.119 0.1135 0.1135 0.1135 0.1065 0.1065 0.129 0.129 0.111 0.111 0.111 0.0985 0.0985 0.0965 0.0965 0.0955 0.0955 0.0955 0.0985 0.0985 0.0825 0.0825 0.125 0.125 0.125
0.052 0.0705 0.0705 0.0705 0.0445 0.0445 0.0705 0.0705 0.064 0.064 0.042 0.042 0.042 0.0475 0.0475 0.109 0.109 0.122 0.122 0.122 0.133 0.133 0.106 0.106 0.1175 0.1175 0.1175 0.13 0.13 0.1405 0.1405 0.142 0.142 0.142 0.123 0.123 0.1105 0.1105 0.1115 0.1115 0.1115 0.109 0.109 0.113 0.113 0.1355 0.1355 0.1005 0.1005 0.1005 0.118 0.118 0.119 0.119 0.1135 0.1135 0.1135 0.1065 0.1065 0.129 0.129 0.111 0.111 0.111 0.0985 0.0985 0.0965 0.0965 0.0955 0.0955 0.0955 0.0985 0.0985 0.0825 0.0825 0.125 0.125 0.125
0.088 0.122 0.122 0.122 0.1045 0.1045 0.1065 0.1065 0.109 0.109 0.12 0.12 0.12 0.1235 0.1235 0.1245 0.1245 0.146 0.146 0.146 0.113 0.113 0.1205 0.1205 0.1315 0.1315 0.1315 0.13 0.13 0.1405 0.1405 0.145 0.145 0.145 0.1285 0.1285 0.1355 0.1355 0.131 0.131 0.131 0.1445 0.1445 0.139 0.139 0.159 0.159 0.1045 0.1045 0.1045 0.106 0.106 0.1175 0.1175 0.127 0.127 0.127 0.1315 0.1315 0.1315 0.1315 0.1285 0.1285 0.1285 0.125 0.125 0.102 0.102 0.121 0.121 0.121 0.0955 0.0955 0.11 0.11 0.1065 0.1065 0.1065
0.088 0.122 0.122 0.122 0.1045 0.1045 0.1065 0.1065 0.109 0.109 0.12 0.12 0.12 0.1235 0.1235 0.1245 0.1245 0.146 0.146 0.146 0.113 0.113 0.1205 0.1205 0.1315 0.1315 0.1315 0.13 0.13 0.1405 0.1405 0.145 0.145 0.145 0.1285 0.1285 0.1355 0.1355 0.131 0.131 0.131 0.1445 0.1445 0.139 0.139 0.159 0.159 0.1045 0.1045 0.1045 0.106 0.106 0.1175 0.1175 0.127 0.127 0.127 0.1315 0.1315 0.1315 0.1315 0.1285 0.1285 0.1285 0.125 0.125 0.102 0.102 0.121 0.121 0.121 0.0955 0.0955 0.11 0.11 0.1065 0.1065 0.1065
0.0882 0.1075 0.1075 0.1075 0.144 0.144 0.141 0.141 0.112 0.112 0.1425 0.1425 0.1425 0.1415 0.1415 0.1325 0.1325 0.1215 0.1215 0.1215 0.114 0.114 0.139 0.139 0.144 0.144 0.144 0.15 0.15 0.146 0.146 0.132 0.132 0.132 0.148 0.148 0.117 0.117 0.1375 0.1375 0.1375 0.133 0.133 0.148 0.148 0.123 0.123 0.133 0.133 0.133 0.0995 0.0995 0.131 0.131 0.1385 0.1385 0.1385 0.1155 0.1155 0.1155 0.1155 0.134 0.134 0.134 0.124 0.124 0.1165 0.1165 0.1075 0.1075 0.1075 0.108 0.108 0.124 0.124 0.0965 0.0965 0.0965
0.0882 0.1075 0.1075 0.1075 0.144 0.144 0.141 0.141 0.112 0.112 0.1425 0.1425 0.1425 0.1415 0.1415 0.1325 0.1325 0.1215 0.1215 0.1215 0.114 0.114 0.139 0.139 0.144 0.144 0.144 0.15 0.15 0.146 0.146 0.132 0.132 0.132 0.148 0.148 0.117 0.117 0.1375 0.1375 0.1375 0.133 0.133 0.148 0.148 0.123 0.123 0.133 0.133 0.133 0.0995 0.0995 0.131 0.131 0.1385 0.1385 0.1385 0.1155 0.1155 0.1155 0.1155 0.134 0.134 0.134 0.124 0.124 0.1165 0.1165 0.1075 0.1075 0.1075 0.108 0.108 0.124 0.124 0.0965 0.0965 0.0965
0.0882 0.1075 0.1075 0.1075 0.144 0.144 0.141 0.141 0.112 0.112 0.1425 0.1425 0.1425 0.1415 0.1415 0.1325 0.1325 0.1215 0.1215 0.1215 0.114 0.114 0.139 0.139 0.144 0.144 0.144 0.15 0.15 0.146 0.146 0.132 0.132 0.132 0.148 0.148 0.117 0.117 0.1375 0.1375 0.1375 0.133 0.133 0.148 0.148 0.123 0.123 0.133 0.133 0.133 0.0995 0.0995 0.131 0.131 0.1385 0.1385 0.1385 0.1155 0.1155 0.1155 0.1155 0.134 0.134 0.134 0.124 0.124 0.1165 0.1165 0.1075 0.1075 0.1075 0.108 0.108 0.124 0.124 0.0965 0.0965 0.0965
0.0665 0.124 0.124 0.124 0.136 0.136 0.1455 0.1455 0.1375 0.1375 0.145 0.145 0.145 0.1355 0.1355 0.11 0.11 0.1215 0.1215 0.1215 0.1415 0.1415 0.133 0.133 0.1445 0.1445 0.1445 0.1695 0.1695 0.156 0.156 0.1635 0.1635 0.1635 0.1205 0.1205 0.126 0.126 0.148 0.148 0.148 0.1275 0.1275 0.129 0.129 0.12 0.12 0.112 0.112 0.112 0.097 0.097 0.1185 0.1185 0.141 0.141 0.141 0.1605 0.1605 0.1275 0.1275 0.1535 0.1535 0.1535 0.1585 0.1585 0.1135 0.1135 0.1365 0.1365 0.1365 0.1165 0.1165 0.1095 0.1095 0.1205 0.1205 0.1205
0.0665 0.124 0.124 0.124 0.136 0.136 0.1455 0.1455 0.1375 0.1375 0.145 0.145 0.145 0.1355 0.1355 0.11 0.11 0.1215 0.1215 0.1215 0.1415 0.1415 0.133 0.133 0.1445 0.1445 0.1445 0.1695 0.1695 0.156 0.156 0.1635 0.1635 0.1635 0.1205 0.1205 0.126 0.126 0.148 0.148 0.148 0.1275 0.1275 0.129 0.129 0.12 0.12 0.112 0.112 0.112 0.097 0.097 0.1185 0.1185 0.141 0.141 0.141 0.1605 0.1605 0.1275 0.1275 0.1535 0.1535 0.1535 0.1585 0.1585 0.1135 0.1135 0.1365 0.1365 0.1365 0.1165 0.1165 0.1095 0.1095 0.1205 0.1205 0.1205
0.07449999 0.126 0.126 0.126 0.154 0.154 0.1655 0.1655 0.132 0.132 0.168 0.168 0.168 0.101 0.101 0.0905 0.0905 0.1165 0.1165 0.1165 0.1445 0.1445 0.1535 0.1535 0.174 0.174 0.174 0.167 0.167 0.1635 0.1635 0.17 0.17 0.17 0.1695 0.1695 0.153 0.153 0.1345 0.1345 0.1345 0.138 0.138 0.124 0.124 0.107 0.107 0.0835 0.0835 0.0835 0.0985 0.0985 0.1635 0.1635 0.1815 0.1815 0.1815 0.1595 0.1595 0.1495 0.1495 0.173 0.173 0.173 0.1355 0.1355 0.162 0.162 0.149 0.149 0.149 0.157 0.157 0.1315 0.1315 0.14 0.14 0.14
0.07449999 0.126 0.126 0.126 0.154 0.154 0.1655 0.1655 0.132 0.132 0.168 0.168 0.168 0.101 0.101 0.0905 0.0905 0.1165 0.1165 0.1165 0.1445 0.1445 0.1535 0.1535 0.174 0.174 0.174 0.167 0.167 0.1635 0.1635 0.17 0.17 0.17 0.1695 0.1695 0.153 0.153 0.1345 0.1345 0.1345 0.138 0.138 0.124 0.124 0.107 0.107 0.0835 0.0835 0.0835 0.0985 0.0985 0.1635 0.1635 0.1815 0.1815 0.1815 0.1595 0.1595 0.1495 0.1495 0.173 0.173 0.173 0.1355 0.1355 0.162 0.162 0.149 0.149 0.149 0.157 0.157 0.1315 0.1315 0.14 0.14 0.14
0.048 0.127 0.127 0.127 0.118 0.118 0.149 0.149 0.1445 0.1445 0.1395 0.1395 0.1395 0.154 0.154 0.1385 0.1385 0.1535 0.1535 0.1535 0.161 0.161 0.175 0.175 0.161 0.161 0.161 0.1675 0.1675 0.167 0.167 0.1605 0.1605 0.1605 0.1495 0.1495 0.1625 0.1625 0.1375 0.1375 0.1375 0.125 0.125 0.1205 0.1205 0.1265 0.1265 0.122 0.122 0.122 0.095 0.095 0.103 0.103 0.1315 0.1315 0.1315 0.1365 0.1365 0.1415 0.1415 0.162 0.162 0.162 0.158 0.158 0.148 0.148 0.152 0.152 0.152 0.146 0.146 0.1495 0.1495 0.152 0.152 0.152
0.048 0.127 0.127 0.127 0.118 0.118 0.149 0.149 0.1445 0.1445 0.1395 0.1395 0.1395 0.154 0.154 0.1385 0.1385 0.1535 0.1535 0.1535 0.161 0.161 0.175 0.175 0.161 0.161 0.161 0.1675 0.1675 0.167 0.167 0.1605 0.1605 0.1605 0.1495 0.1495 0.1625 0.1625 0.1375 0.1375 0.1375 0.125 0.125 0.1205 0.1205 0.1265 0.1265 0.122 0.122 0.122 0.095 0.095 0.103 0.103 0.1315 0.1315 0.1315 0.1365 0.1365 0.1415 0.1415 0.162 0.162 0.162 0.158 0.158 0.148 0.148 0.152 0.152 0.152 0.146 0.146 0.1495 0.1495 0.152 0.152 0.152
0.0365 0.102 0.102 0.102 0.1425 0.1425 0.142 0.142 0.1575 0.1575 0.1475 0.1475 0.1475 0.132 0.132 0.162 0.162 0.166 0.166 0.166 0.182 0.182 0.193 0.193 0.169 0.169 0.169 0.172 0.172 0.169 0.169 0.165 0.165 0.165 0.158 0.158 0.1465 0.1465 0.1295 0.1295 0.1295 0.1105 0.1105 0.12 0.12 0.088 0.088 0.116 0.116 0.116 0.108 0.108 0.0785 0.0785 0.104 0.104 0.104 0.127 0.127 0.1505 0.1505 0.1685 0.1685 0.1685 0.154 0.154 0.15 0.15 0.1425 0.1425 0.1425 0.1435 0.1435 0.149 0.149 0.1545 0.1545 0.1545
0.0365 0.102 0.102 0.102 0.1425 0.1425 0.142 0.142 0.1575 0.1575 0.1475 0.1475 0.1475 0.132 0.132 0.162 0.162 0.166 0.166 0.166 0.182 0.182 0.193 0.193 0.169 0.169 0.169 0.172 0.172 0.169 0.169 0.165 0.165 0.165 0.158 0.158 0.1465 0.1465 0.1295 0.1295 0.1295 0.1105 0.1105 0.12 0.12 0.088 0.088 0.116 0.116 0.116 0.108 0.108 0.0785 0.0785 0.104 0.104 0.104 0.127 0.127 0.1505 0.1505 0.1685 0.1685 0.1685 0.154 0.154 0.15 0.15 0.1425 0.1425 0.1425 0.1435 0.1435 0.149 0.149 0.1545 0.1545 0.1545
0.0365 0.102 0.102 0.102 0.1425 0.1425 0.142 0.142 0.1575 0.1575 0.1475 0.1475 0.1475 0.132 0.132 0.162 0.162 0.166 0.166 0.166 0.182 0.182 0.193 0.193 0.169 0.169 0.169 0.172 0.172 0.169 0.169 0.165 0.165 0.165 0.158 0.158 0.1465 0.1465 0.1295 0.1295 0.1295 0.1105 0.1105 0.12 0.12 0.088 0.088 0.116 0.116 0.116 0.108 0.108 0.0785 0.0785 0.104 0.104 0.104 0.127 0.127 0.1505 0.1505 0.1685 0.1685 0.1685 0.154 0.154 0.15 0.15 0.1425 0.1425 0.1425 0.1435 0.1435 0.149 0.149 0.1545 0.1545 0.1545
0.0455 0.0685 0.0685 0.0685 0.1065 0.1065 0.1285 0.1285 0.1385 0.1385 0.1235 0.1235 0.1235 0.144 0.144 0.1885 0.1885 0.1925 0.1925 0.1925 0.1975 0.1975 0.1995 0.1995 0.177 0.177 0.177 0.1525 0.1525 0.138 0.138 0.1655 0.1655 0.1655 0.159 0.159 0.1705 0.1705 0.135 0.135 0.135 0.087 0.087 0.087 0.087 0.0875 0.0875 0.093 0.093 0.093 0.0855 0.0855 0.0595 0.0595 0.099 0.099 0.099 0.114 0.114 0.13 0.13 0.1245 0.1245 0.1245 0.143 0.143 0.135 0.135 0.131 0.131 0.131 0.1195 0.1195 0.127 0.127 0.1405 0.1405 0.1405
0.0455 0.0685 0.0685 0.0685 0.1065 0.1065 0.1285 0.1285 0.1385 0.1385 0.1235 0.1235 0.1235 0.144 0.144 0.1885 0.1885 0.1925 0.1925 0.1925 0.1975 0.1975 0.1995 0.1995 0.177 0.177 0.177 0.1525 0.1525 0.138 0.138 0.1655 0.1655 0.1655 0.159 0.159 0.1705 0.1705 0.135 0.135 0.135 0.087 0.087 0.087 0.087 0.0875 0.0875 0.093 0.093 0.093 0.0855 0.0855 0.0595 0.0595 0.099 0.099 0.099 0.114 0.114 0.13 0.13 0.1245 0.1245 0.1245 0.143 0.143 0.135 0.135 0.131 0.131 0.131 0.1195 0.1195 0.127 0.127 0.1405 0.1405 0.1405
0.0735 0.039 0.039 0.039 0.0535 0.0535 0.095 0.095 0.1155 0.1155 0.131 0.131 0.131 0.1725 0.1725 0.2015 0.2015 0.1935 0.1935 0.1935 0.1955 0.1955 0.1885 0.1885 0.158 0.158 0.158 0.148 0.148 0.154 0.154 0.1405 0.1405 0.1405 0.1745 0.1745 0.1585 0.1585 0.1485 0.1485 0.1485 0.133 0.133 0.1385 0.1385 0.105 0.105 0.136 0.136 0.136 0.1425 0.1425 0.115 0.115 0.107 0.107 0.107 0.133 0.133 0.137 0.137 0.153 0.153 0.153 0.1315 0.1315 0.11 0.11 0.072 0.072 0.072 0.1225 0.1225 0.131 0.131 0.1345 0.1345 0.1345
0.0735 0.039 0.039 0.039 0.0535 0.0535 0.095 0.095 0.1155 0.1155 0.131 0.131 0.131 0.1725 0.1725 0.2015 0.2015 0.1935 0.1935 0.1935 0.1955 0.1955 0.1885 0.1885 0.158 0.158 0.158 0.148 0.148 0.154 0.154 0.1405 0.1405 0.1405 0.1745 0.1745 0.1585 0.1585 0.1485 0.1485 0.1485 0.133 0.133 0.1385 0.1385 0.105 0.105 0.136 0.136 0.136 0.1425 0.1425 0.115 0.115 0.107 0.107 0.107 0.133 0.133 0.137 0.137 0.153 0.153 0.153 0.1315 0.1315 0.11 0.11 0.072 0.072 0.072 0.1225 0.1225 0.131 0.131 0.1345 0.1345 0.1345
0.09320001 0.042 0.042 0.042 0.0095 0.0095 0.121 0.121 0.145 0.145 0.1625 0.1625 0.1625 0.1755 0.1755 0.1915 0.1915 0.193 0.193 0.193 0.1715 0.1715 0.1675 0.1675 0.148 0.148 0.148 0.1645 0.1645 0.1525 0.1525 0.158 0.158 0.158 0.17 0.17 0.1655 0.1655 0.164 0.164 0.164 0.1535 0.1535 0.138 0.138 0.1365 0.1365 0.1505 0.1505 0.1505 0.1515 0.1515 0.168 0.168 0.164 0.164 0.164 0.132 0.132 0.1605 0.1605 0.1605 0.1605 0.1605 0.156 0.156 0.0995 0.0995 0.128 0.128 0.128 0.1385 0.1385 0.143 0.143 0.1375 0.1375 0.1375
0.09320001 0.042 0.042 0.042 0.0095 0.0095 0.121 0.121 0.145 0.145 0.1625 0.1625 0.1625 0.1755 0.1755 0.1915 0.1915 0.193 0.193 0.193 0.1715 0.1715 0.1675 0.1675 0.148 0.148 0.148 0.1645 0.1645 0.1525 0.1525 0.158 0.158 0.158 0.17 0.17 0.1655 0.1655 0.164 0.164 0.164 0.1535 0.1535 0.138 0.138 0.1365 0.1365 0.1505 0.1505 0.1505 0.1515 0.1515 0.168 0.168 0.164 0.164 0.164 0.132 0.132 0.1605 0.1605 0.1605 0.1605 0.1605 0.156 0.156 0.0995 0.0995 0.128 0.128 0.128 0.1385 0.1385 0.143 0.143 0.1375 0.1375 0.1375
0.09320001 0.042 0.042 0.042 0.0095 0.0095 0.121 0.121 0.145 0.145 0.1625 0.1625 0.1625 0.1755 0.1755 0.1915 0.1915 0.193 0.193 0.193 0.1715 0.1715 0.1675 0.1675 0.148 0.148 0.148 0.1645 0.1645 0.1525 0.1525 0.158 0.158 0.158 0.17 0.17 0.1655 0.1655 0.164 0.164 0.164 0.1535 0.1535 0.138 0.138 0.1365 0.1365 0.1505 0.1505 0.1505 0.1515 0.1515 0.168 0.168 0.164 0.164 0.164 0.132 0.132 0.1605 0.1605 0.1605 0.1605 0.1605 0.156 0.156 0.0995 0.0995 0.128 0.128 0.128 0.1385 0.1385 0.143 0.143 0.1375 0.1375 0.1375
0.0775 0.087 0.087 0.087 0.113 0.113 0.1195 0.1195 0.1365 0.1365 0.1315 0.1315 0.1315 0.1805 0.1805 0.205 0.205 0.2 0.2 0.2 0.1585 0.1585 0.1565 0.1565 0.1535 0.1535 0.1535 0.1625 0.1625 0.187 0.187 0.171 0.171 0.171 0.157 0.157 0.1585 0.1585 0.1525 0.1525 0.1525 0.1705 0.1705 0.173 0.173 0.176 0.176 0.191 0.191 0.191 0.193 0.193 0.1775 0.1775 0.1955 0.1955 0.1955 0.19 0.19 0.171 0.171 0.1755 0.1755 0.1755 0.179 0.179 0.1655 0.1655 0.1855 0.1855 0.1855 0.164 0.164 0.166 0.166 0.174 0.174 0.174
