ndvi/NOAA-114.asc
ncols         252
nrows         154
xllcorner     -18.017974
yllcorner     13.481982
cellsize      0.035948
NODATA_value  -9999
[rows 68 to 101 of 154, columns 77 to 153 of 252]
0.205 0.205 0.21 0.21 0.2065 0.2065 0.2285 0.2285 0.2285 0.2625 0.2625 0.2485 0.2485 0.254 0.254 0.25 0.25 0.25 0.262 0.262 0.261 0.261 0.2345 0.2345 0.2345 0.184 0.184 0.184 0.184 0.1755 0.1755 0.1755 0.208 0.208 0.22 0.22 0.213 0.213 0.213 0.223 0.223 0.233 0.233 0.2015 0.2015 0.2015 0.1505 0.1505 0.172 0.172 0.182 0.182 0.205 0.205 0.205 0.2055 0.2055 0.203 0.203 0.212 0.212 0.212 0.229 0.229 0.24 0.24 0.218 0.218 0.218 0.215 0.215 0.2245 0.2245 0.198 0.198 0.198 0.134
0.194 0.194 0.2085 0.2085 0.217 0.217 0.2 0.2 0.2 0.214 0.214 0.224 0.224 0.2145 0.2145 0.2215 0.2215 0.2215 0.2045 0.2045 0.2165 0.2165 0.263 0.263 0.263 0.2135 0.2135 0.177 0.177 0.1655 0.1655 0.1655 0.191 0.191 0.2085 0.2085 0.2055 0.2055 0.2055 0.2265 0.2265 0.2345 0.2345 0.2265 0.2265 0.2265 0.1875 0.1875 0.19 0.19 0.1815 0.1815 0.197 0.197 0.197 0.215 0.215 0.215 0.215 0.2275 0.2275 0.2275 0.243 0.243 0.2575 0.2575 0.2165 0.2165 0.2165 0.2155 0.2155 0.2195 0.2195 0.229 0.229 0.229 0.162
0.194 0.194 0.2085 0.2085 0.217 0.217 0.2 0.2 0.2 0.214 0.214 0.224 0.224 0.2145 0.2145 0.2215 0.2215 0.2215 0.2045 0.2045 0.2165 0.2165 0.263 0.263 0.263 0.2135 0.2135 0.177 0.177 0.1655 0.1655 0.1655 0.191 0.191 0.2085 0.2085 0.2055 0.2055 0.2055 0.2265 0.2265 0.2345 0.2345 0.2265 0.2265 0.2265 0.1875 0.1875 0.19 0.19 0.1815 0.1815 0.197 0.197 0.197 0.215 0.215 0.215 0.215 0.2275 0.2275 0.2275 0.243 0.243 0.2575 0.2575 0.2165 0.2165 0.2165 0.2155 0.2155 0.2195 0.2195 0.229 0.229 0.229 0.162
0.1915 0.1915 0.204 0.204 0.208 0.208 0.2065 0.2065 0.2065 0.2045 0.2045 0.2005 0.2005 0.2025 0.2025 0.204 0.204 0.204 0.1905 0.1905 0.199 0.199 0.1985 0.1985 0.1985 0.256 0.256 0.2605 0.2605 0.1925 0.1925 0.1925 0.1905 0.1905 0.1985 0.1985 0.207 0.207 0.207 0.218 0.218 0.253 0.253 0.223 0.223 0.223 0.1765 0.1765 0.1575 0.1575 0.1785 0.1785 0.211 0.211 0.211 0.215 0.215 0.2045 0.2045 0.2225 0.2225 0.2225 0.253 0.253 0.2365 0.2365 0.2145 0.2145 0.2145 0.21 0.21 0.216 0.216 0.238 0.238 0.238 0.1645
0.1915 0.1915 0.204 0.204 0.208 0.208 0.2065 0.2065 0.2065 0.2045 0.2045 0.2005 0.2005 0.2025 0.2025 0.204 0.204 0.204 0.1905 0.1905 0.199 0.199 0.1985 0.1985 0.1985 0.256 0.256 0.2605 0.2605 0.1925 0.1925 0.1925 0.1905 0.1905 0.1985 0.1985 0.207 0.207 0.207 0.218 0.218 0.253 0.253 0.223 0.223 0.223 0.1765 0.1765 0.1575 0.1575 0.1785 0.1785 0.211 0.211 0.211 0.215 0.215 0.2045 0.2045 0.2225 0.2225 0.2225 0.253 0.253 0.2365 0.2365 0.2145 0.2145 0.2145 0.21 0.21 0.216 0.216 0.238 0.238 0.238 0.1645
0.1915 0.1915 0.204 0.204 0.208 0.208 0.2065 0.2065 0.2065 0.2045 0.2045 0.2005 0.2005 0.2025 0.2025 0.204 0.204 0.204 0.1905 0.1905 0.199 0.199 0.1985 0.1985 0.1985 0.256 0.256 0.2605 0.2605 0.1925 0.1925 0.1925 0.1905 0.1905 0.1985 0.1985 0.207 0.207 0.207 0.218 0.218 0.253 0.253 0.223 0.223 0.223 0.1765 0.1765 0.1575 0.1575 0.1785 0.1785 0.211 0.211 0.211 0.215 0.215 0.2045 0.2045 0.2225 0.2225 0.2225 0.253 0.253 0.2365 0.2365 0.2145 0.2145 0.2145 0.21 0.21 0.216 0.216 0.238 0.238 0.238 0.1645
0.2075 0.2075 0.2205 0.2205 0.2115 0.2115 0.2045 0.2045 0.2045 0.218 0.218 0.193 0.193 0.1745 0.1745 0.167 0.167 0.167 0.1785 0.1785 0.196 0.196 0.206 0.206 0.206 0.215 0.215 0.2115 0.2115 0.2435 0.2435 0.2435 0.2705 0.2705 0.22 0.22 0.199 0.199 0.199 0.205 0.205 0.2035 0.2035 0.1615 0.1615 0.1615 0.171 0.171 0.2275 0.2275 0.216 0.216 0.219 0.219 0.219 0.211 0.211 0.2005 0.2005 0.2025 0.2025 0.2025 0.215 0.215 0.2175 0.2175 0.216 0.216 0.216 0.215 0.215 0.184 0.184 0.1555 0.1555 0.1555 0.174
0.2075 0.2075 0.2205 0.2205 0.2115 0.2115 0.2045 0.2045 0.2045 0.218 0.218 0.193 0.193 0.1745 0.1745 0.167 0.167 0.167 0.1785 0.1785 0.196 0.196 0.206 0.206 0.206 0.215 0.215 0.2115 0.2115 0.2435 0.2435 0.2435 0.2705 0.2705 0.22 0.22 0.199 0.199 0.199 0.205 0.205 0.2035 0.2035 0.1615 0.1615 0.1615 0.171 0.171 0.2275 0.2275 0.216 0.216 0.219 0.219 0.219 0.211 0.211 0.2005 0.2005 0.2025 0.2025 0.2025 0.215 0.215 0.2175 0.2175 0.216 0.216 0.216 0.215 0.215 0.184 0.184 0.1555 0.1555 0.1555 0.174
0.202 0.202 0.226 0.226 0.227 0.227 0.21 0.21 0.21 0.2035 0.2035 0.1585 0.1585 0.178 0.178 0.1765 0.1765 0.1765 0.144 0.144 0.154 0.154 0.1935 0.1935 0.1935 0.2055 0.2055 0.2 0.2 0.2205 0.2205 0.2205 0.247 0.247 0.269 0.269 0.235 0.235 0.235 0.1985 0.1985 0.192 0.192 0.156 0.156 0.156 0.1785 0.1785 0.231 0.231 0.2075 0.2075 0.1915 0.1915 0.1915 0.186 0.186 0.1995 0.1995 0.1745 0.1745 0.1745 0.1935 0.1935 0.2125 0.2125 0.2125 0.2125 0.2125 0.2105 0.2105 0.199 0.199 0.1115 0.1115 0.1115 0.1305
0.202 0.202 0.226 0.226 0.227 0.227 0.21 0.21 0.21 0.2035 0.2035 0.1585 0.1585 0.178 0.178 0.1765 0.1765 0.1765 0.144 0.144 0.154 0.154 0.1935 0.1935 0.1935 0.2055 0.2055 0.2 0.2 0.2205 0.2205 0.2205 0.247 0.247 0.269 0.269 0.235 0.235 0.235 0.1985 0.1985 0.192 0.192 0.156 0.156 0.156 0.1785 0.1785 0.231 0.231 0.2075 0.2075 0.1915 0.1915 0.1915 0.186 0.186 0.1995 0.1995 0.1745 0.1745 0.1745 0.1935 0.1935 0.2125 0.2125 0.2125 0.2125 0.2125 0.2105 0.2105 0.199 0.199 0.1115 0.1115 0.1115 0.1305
0.1835 0.1835 0.1985 0.1985 0.1835 0.1835 0.1655 0.1655 0.1655 0.195 0.195 0.191 0.191 0.1615 0.1615 0.1675 0.1675 0.1675 0.1705 0.1705 0.1535 0.1535 0.168 0.168 0.168 0.1925 0.1925 0.197 0.197 0.2085 0.2085 0.2085 0.2215 0.2215 0.223 0.223 0.2495 0.2495 0.2495 0.2505 0.2505 0.2215 0.2215 0.1835 0.1835 0.1835 0.1875 0.1875 0.1965 0.1965 0.2085 0.2085 0.193 0.193 0.193 0.1895 0.1895 0.1795 0.1795 0.1785 0.1785 0.1785 0.183 0.183 0.1685 0.1685 0.2175 0.2175 0.2175 0.2025 0.2025 0.216 0.216 0.1865 0.1865 0.1865 0.1285
0.1835 0.1835 0.1985 0.1985 0.1835 0.1835 0.1655 0.1655 0.1655 0.195 0.195 0.191 0.191 0.1615 0.1615 0.1675 0.1675 0.1675 0.1705 0.1705 0.1535 0.1535 0.168 0.168 0.168 0.1925 0.1925 0.197 0.197 0.2085 0.2085 0.2085 0.2215 0.2215 0.223 0.223 0.2495 0.2495 0.2495 0.2505 0.2505 0.2215 0.2215 0.1835 0.1835 0.1835 0.1875 0.1875 0.1965 0.1965 0.2085 0.2085 0.193 0.193 0.193 0.1895 0.1895 0.1795 0.1795 0.1785 0.1785 0.1785 0.183 0.183 0.1685 0.1685 0.2175 0.2175 0.2175 0.2025 0.2025 0.216 0.216 0.1865 0.1865 0.1865 0.1285
0.2055 0.2055 0.198 0.198 0.1945 0.1945 0.1925 0.1925 0.1925 0.1655 0.1655 0.1665 0.1665 0.162 0.162 0.1545 0.1545 0.1545 0.149 0.149 0.141 0.141 0.1755 0.1755 0.1755 0.1895 0.1895 0.1845 0.1845 0.1935 0.1935 0.1935 0.213 0.213 0.228 0.228 0.206 0.206 0.206 0.2055 0.2055 0.2165 0.2165 0.218 0.218 0.218 0.223 0.223 0.207 0.207 0.1955 0.1955 0.1975 0.1975 0.1975 0.178 0.178 0.1705 0.1705 0.1885 0.1885 0.1885 0.2065 0.2065 0.1805 0.1805 0.1845 0.1845 0.1845 0.1725 0.1725 0.1825 0.1825 0.1715 0.1715 0.1715 0.126
0.2055 0.2055 0.198 0.198 0.1945 0.1945 0.1925 0.1925 0.1925 0.1655 0.1655 0.1665 0.1665 0.162 0.162 0.1545 0.1545 0.1545 0.149 0.149 0.141 0.141 0.1755 0.1755 0.1755 0.1895 0.1895 0.1845 0.1845 0.1935 0.1935 0.1935 0.213 0.213 0.228 0.228 0.206 0.206 0.206 0.2055 0.2055 0.2165 0.2165 0.218 0.218 0.218 0.223 0.223 0.207 0.207 0.1955 0.1955 0.1975 0.1975 0.1975 0.178 0.178 0.1705 0.1705 0.1885 0.1885 0.1885 0.2065 0.2065 0.1805 0.1805 0.1845 0.1845 0.1845 0.1725 0.1725 0.1825 0.1825 0.1715 0.1715 0.1715 0.126
0.2055 0.2055 0.198 0.198 0.1945 0.1945 0.1925 0.1925 0.1925 0.1655 0.1655 0.1665 0.1665 0.162 0.162 0.1545 0.1545 0.1545 0.149 0.149 0.141 0.141 0.1755 0.1755 0.1755 0.1895 0.1895 0.1845 0.1845 0.1935 0.1935 0.1935 0.213 0.213 0.228 0.228 0.206 0.206 0.206 0.2055 0.2055 0.2165 0.2165 0.218 0.218 0.218 0.223 0.223 0.207 0.207 0.1955 0.1955 0.1975 0.1975 0.1975 0.178 0.178 0.1705 0.1705 0.1885 0.1885 0.1885 0.2065 0.2065 0.1805 0.1805 0.1845 0.1845 0.1845 0.1725 0.1725 0.1825 0.1825 0.1715 0.1715 0.1715 0.126
0.1975 0.1975 0.1955 0.1955 0.185 0.185 0.1775 0.1775 0.1775 0.184 0.184 0.166 0.166 0.1735 0.1735 0.179 0.179 0.179 0.156 0.156 0.158 0.158 0.175 0.175 0.175 0.187 0.187 0.194 0.194 0.1845 0.1845 0.1845 0.201 0.201 0.1835 0.1835 0.177 0.177 0.177 0.195 0.195 0.1855 0.1855 0.2135 0.2135 0.2135 0.243 0.243 0.235 0.235 0.2075 0.2075 0.2055 0.2055 0.2055 0.188 0.188 0.189 0.189 0.1925 0.1925 0.1925 0.201 0.201 0.1885 0.1885 0.1765 0.1765 0.1765 0.1795 0.1795 0.203 0.203 0.173 0.173 0.173 0.137
0.1975 0.1975 0.1955 0.1955 0.185 0.185 0.1775 0.1775 0.1775 0.184 0.184 0.166 0.166 0.1735 0.1735 0.179 0.179 0.179 0.156 0.156 0.158 0.158 0.175 0.175 0.175 0.187 0.187 0.194 0.194 0.1845 0.1845 0.1845 0.201 0.201 0.1835 0.1835 0.177 0.177 0.177 0.195 0.195 0.1855 0.1855 0.2135 0.2135 0.2135 0.243 0.243 0.235 0.235 0.2075 0.2075 0.2055 0.2055 0.2055 0.188 0.188 0.189 0.189 0.1925 0.1925 0.1925 0.201 0.201 0.1885 0.1885 0.1765 0.1765 0.1765 0.1795 0.1795 0.203 0.203 0.173 0.173 0.173 0.137
0.2095 0.2095 0.1955 0.1955 0.193 0.193 0.1885 0.1885 0.1885 0.197 0.197 0.1975 0.1975 0.1935 0.1935 0.1875 0.1875 0.1875 0.192 0.192 0.188 0.188 0.1875 0.1875 0.1875 0.178 0.178 0.1865 0.1865 0.179 0.179 0.179 0.181 0.181 0.19 0.19 0.186 0.186 0.186 0.183 0.183 0.1835 0.1835 0.18 0.18 0.18 0.171 0.171 0.2055 0.2055 0.181 0.181 0.2055 0.2055 0.2055 0.2025 0.2025 0.1985 0.1985 0.215 0.215 0.215 0.215 0.215 0.2375 0.2375 0.187 0.187 0.187 0.1775 0.1775 0.179 0.179 0.1625 0.1625 0.1625 0.152
0.2095 0.2095 0.1955 0.1955 0.193 0.193 0.1885 0.1885 0.1885 0.197 0.197 0.1975 0.1975 0.1935 0.1935 0.1875 0.1875 0.1875 0.192 0.192 0.188 0.188 0.1875 0.1875 0.1875 0.178 0.178 0.1865 0.1865 0.179 0.179 0.179 0.181 0.181 0.19 0.19 0.186 0.186 0.186 0.183 0.183 0.1835 0.1835 0.18 0.18 0.18 0.171 0.171 0.2055 0.2055 0.181 0.181 0.2055 0.2055 0.2055 0.2025 0.2025 0.1985 0.1985 0.215 0.215 0.215 0.215 0.215 0.2375 0.2375 0.187 0.187 0.187 0.1775 0.1775 0.179 0.179 0.1625 0.1625 0.1625 0.152
0.25 0.25 0.261 0.261 0.2495 0.2495 0.2275 0.2275 0.2275 0.228 0.228 0.219 0.219 0.226 0.226 0.212 0.212 0.212 0.203 0.203 0.1975 0.1975 0.214 0.214 0.214 0.1965 0.1965 0.195 0.195 0.1885 0.1885 0.1885 0.1905 0.1905 0.217 0.217 0.2025 0.2025 0.2025 0.193 0.193 0.207 0.207 0.188 0.188 0.188 0.1555 0.1555 0.1935 0.1935 0.195 0.195 0.195 0.195 0.195 0.1915 0.1915 0.202 0.202 0.2135 0.2135 0.2135 0.227 0.227 0.2515 0.2515 0.1825 0.1825 0.1825 0.196 0.196 0.184 0.184 0.1935 0.1935 0.1935 0.166
0.25 0.25 0.261 0.261 0.2495 0.2495 0.2275 0.2275 0.2275 0.228 0.228 0.219 0.219 0.226 0.226 0.212 0.212 0.212 0.203 0.203 0.1975 0.1975 0.214 0.214 0.214 0.1965 0.1965 0.195 0.195 0.1885 0.1885 0.1885 0.1905 0.1905 0.217 0.217 0.2025 0.2025 0.2025 0.193 0.193 0.207 0.207 0.188 0.188 0.188 0.1555 0.1555 0.1935 0.1935 0.195 0.195 0.195 0.195 0.195 0.1915 0.1915 0.202 0.202 0.2135 0.2135 0.2135 0.227 0.227 0.2515 0.2515 0.1825 0.1825 0.1825 0.196 0.196 0.184 0.184 0.1935 0.1935 0.1935 0.166
0.25 0.25 0.261 0.261 0.2495 0.2495 0.2275 0.2275 0.2275 0.228 0.228 0.219 0.219 0.226 0.226 0.212 0.212 0.212 0.203 0.203 0.1975 0.1975 0.214 0.214 0.214 0.1965 0.1965 0.195 0.195 0.1885 0.1885 0.1885 0.1905 0.1905 0.217 0.217 0.2025 0.2025 0.2025 0.193 0.193 0.207 0.207 0.188 0.188 0.188 0.1555 0.1555 0.1935 0.1935 0.195 0.195 0.195 0.195 0.195 0.1915 0.1915 0.202 0.202 0.2135 0.2135 0.2135 0.227 0.227 0.2515 0.2515 0.1825 0.1825 0.1825 0.196 0.196 0.184 0.184 0.1935 0.1935 0.1935 0.166
0.252 0.252 0.248 0.248 0.242 0.242 0.201 0.201 0.201 0.2 0.2 0.2095 0.2095 0.1885 0.1885 0.211 0.211 0.211 0.2125 0.2125 0.2075 0.2075 0.2025 0.2025 0.2025 0.208 0.208 0.187 0.187 0.1865 0.1865 0.1865 0.191 0.191 0.2125 0.2125 0.2135 0.2135 0.2135 0.204 0.204 0.2115 0.2115 0.209 0.209 0.209 0.21 0.21 0.2075 0.2075 0.1955 0.1955 0.2035 0.2035 0.2035 0.2155 0.2155 0.221 0.221 0.2105 0.2105 0.2105 0.22 0.22 0.2145 0.2145 0.2195 0.2195 0.2195 0.196 0.196 0.1915 0.1915 0.171 0.171 0.171 0.1645
0.252 0.252 0.248 0.248 0.242 0.242 0.201 0.201 0.201 0.2 0.2 0.2095 0.2095 0.1885 0.1885 0.211 0.211 0.211 0.2125 0.2125 0.2075 0.2075 0.2025 0.2025 0.2025 0.208 0.208 0.187 0.187 0.1865 0.1865 0.1865 0.191 0.191 0.2125 0.2125 0.2135 0.2135 0.2135 0.204 0.204 0.2115 0.2115 0.209 0.209 0.209 0.21 0.21 0.2075 0.2075 0.1955 0.1955 0.2035 0.2035 0.2035 0.2155 0.2155 0.221 0.221 0.2105 0.2105 0.2105 0.22 0.22 0.2145 0.2145 0.2195 0.2195 0.2195 0.196 0.196 0.1915 0.1915 0.171 0.171 0.171 0.1645
0.246 0.246 0.256 0.256 0.223 0.223 0.2125 0.2125 0.2125 0.2255 0.2255 0.207 0.207 0.2 0.2 0.2045 0.2045 0.2045 0.1945 0.1945 0.204 0.204 0.2235 0.2235 0.2235 0.21 0.21 0.2095 0.2095 0.1955 0.1955 0.1955 0.208 0.208 0.227 0.227 0.2185 0.2185 0.2185 0.211 0.211 0.2255 0.2255 0.233 0.233 0.233 0.2385 0.2385 0.2365 0.2365 0.224 0.224 0.2155 0.2155 0.2155 0.2075 0.2075 0.1905 0.1905 0.22 0.22 0.22 0.218 0.218 0.2215 0.2215 0.2275 0.2275 0.2275 0.241 0.241 0.244 0.244 0.251 0.251 0.251 0.185
0.246 0.246 0.256 0.256 0.223 0.223 0.2125 0.2125 0.2125 0.2255 0.2255 0.207 0.207 0.2 0.2 0.2045 0.2045 0.2045 0.1945 0.1945 0.204 0.204 0.2235 0.2235 0.2235 0.21 0.21 0.2095 0.2095 0.1955 0.1955 0.1955 0.208 0.208 0.227 0.227 0.2185 0.2185 0.2185 0.211 0.211 0.2255 0.2255 0.233 0.233 0.233 0.2385 0.2385 0.2365 0.2365 0.224 0.224 0.2155 0.2155 0.2155 0.2075 0.2075 0.1905 0.1905 0.22 0.22 0.22 0.218 0.218 0.2215 0.2215 0.2275 0.2275 0.2275 0.241 0.241 0.244 0.244 0.251 0.251 0.251 0.185
0.254 0.254 0.243 0.243 0.2235 0.2235 0.226 0.226 0.226 0.2195 0.2195 0.2245 0.2245 0.2105 0.2105 0.2085 0.2085 0.2085 0.198 0.198 0.211 0.211 0.2325 0.2325 0.2325 0.218 0.218 0.215 0.215 0.232 0.232 0.232 0.264 0.264 0.235 0.235 0.2275 0.2275 0.2275 0.2195 0.2195 0.233 0.233 0.2305 0.2305 0.2305 0.2495 0.2495 0.2355 0.2355 0.232 0.232 0.237 0.237 0.237 0.237 0.237 0.2055 0.2055 0.2095 0.2095 0.2095 0.1915 0.1915 0.2345 0.2345 0.2335 0.2335 0.2335 0.244 0.244 0.2355 0.2355 0.238 0.238 0.238 0.203
0.254 0.254 0.243 0.243 0.2235 0.2235 0.226 0.226 0.226 0.2195 0.2195 0.2245 0.2245 0.2105 0.2105 0.2085 0.2085 0.2085 0.198 0.198 0.211 0.211 0.2325 0.2325 0.2325 0.218 0.218 0.215 0.215 0.232 0.232 0.232 0.264 0.264 0.235 0.235 0.2275 0.2275 0.2275 0.2195 0.2195 0.233 0.233 0.2305 0.2305 0.2305 0.2495 0.2495 0.2355 0.2355 0.232 0.232 0.237 0.237 0.237 0.237 0.237 0.2055 0.2055 0.2095 0.2095 0.2095 0.1915 0.1915 0.2345 0.2345 0.2335 0.2335 0.2335 0.244 0.244 0.2355 0.2355 0.238 0.238 0.238 0.203
0.254 0.254 0.243 0.243 0.2235 0.2235 0.226 0.226 0.226 0.2195 0.2195 0.2245 0.2245 0.2105 0.2105 0.2085 0.2085 0.2085 0.198 0.198 0.211 0.211 0.2325 0.2325 0.2325 0.218 0.218 0.215 0.215 0.232 0.232 0.232 0.264 0.264 0.235 0.235 0.2275 0.2275 0.2275 0.2195 0.2195 0.233 0.233 0.2305 0.2305 0.2305 0.2495 0.2495 0.2355 0.2355 0.232 0.232 0.237 0.237 0.237 0.237 0.237 0.2055 0.2055 0.2095 0.2095 0.2095 0.1915 0.1915 0.2345 0.2345 0.2335 0.2335 0.2335 0.244 0.244 0.2355 0.2355 0.238 0.238 0.238 0.203
0.236 0.236 0.2485 0.2485 0.2265 0.2265 0.2215 0.2215 0.2215 0.228 0.228 0.223 0.223 0.2075 0.2075 0.199 0.199 0.199 0.199 0.199 0.2085 0.2085 0.2295 0.2295 0.2295 0.213 0.213 0.25 0.25 0.251 0.251 0.251 0.241 0.241 0.247 0.247 0.237 0.237 0.237 0.2345 0.2345 0.2335 0.2335 0.2275 0.2275 0.2275 0.227 0.227 0.2335 0.2335 0.251 0.251 0.255 0.255 0.255 0.243 0.243 0.2615 0.2615 0.2455 0.2455 0.2455 0.183 0.183 0.1875 0.1875 0.2595 0.2595 0.2595 0.29 0.29 0.213 0.213 0.199 0.199 0.199 0.2035
0.236 0.236 0.2485 0.2485 0.2265 0.2265 0.2215 0.2215 0.2215 0.228 0.228 0.223 0.223 0.2075 0.2075 0.199 0.199 0.199 0.199 0.199 0.2085 0.2085 0.2295 0.2295 0.2295 0.213 0.213 0.25 0.25 0.251 0.251 0.251 0.241 0.241 0.247 0.247 0.237 0.237 0.237 0.2345 0.2345 0.2335 0.2335 0.2275 0.2275 0.2275 0.227 0.227 0.2335 0.2335 0.251 0.251 0.255 0.255 0.255 0.243 0.243 0.2615 0.2615 0.2455 0.2455 0.2455 0.183 0.183 0.1875 0.1875 0.2595 0.2595 0.2595 0.29 0.29 0.213 0.213 0.199 0.199 0.199 0.2035
0.2335 0.2335 0.222 0.222 0.242 0.242 0.2435 0.2435 0.2435 0.238 0.238 0.2145 0.2145 0.2215 0.2215 0.2265 0.2265 0.2265 0.232 0.232 0.2305 0.2305 0.211 0.211 0.211 0.208 0.208 0.225 0.225 0.2435 0.2435 0.2435 0.2405 0.2405 0.232 0.232 0.233 0.233 0.233 0.249 0.249 0.2425 0.2425 0.238 0.238 0.238 0.234 0.234 0.239 0.239 0.2665 0.2665 0.2795 0.2795 0.2795 0.2235 0.2235 0.2405 0.2405 0.2635 0.2635 0.2635 0.24 0.24 0.2265 0.2265 0.255 0.255 0.255 0.2805 0.2805 0.295 0.295 0.2605 0.2605 0.2605 0.2665
0.2335 0.2335 0.222 0.222 0.242 0.242 0.2435 0.2435 0.2435 0.238 0.238 0.2145 0.2145 0.2215 0.2215 0.2265 0.2265 0.2265 0.232 0.232 0.2305 0.2305 0.211 0.211 0.211 0.208 0.208 0.225 0.225 0.2435 0.2435 0.2435 0.2405 0.2405 0.232 0.232 0.233 0.233 0.233 0.249 0.249 0.2425 0.2425 0.238 0.238 0.238 0.234 0.234 0.239 0.239 0.2665 0.2665 0.2795 0.2795 0.2795 0.2235 0.2235 0.2405 0.2405 0.2635 0.2635 0.2635 0.24 0.24 0.2265 0.2265 0.255 0.255 0.255 0.2805 0.2805 0.295 0.295 0.2605 0.2605 0.2605 0.2665
0.2225 0.2225 0.2385 0.2385 0.2515 0.2515 0.272 0.272 0.272 0.233 0.233 0.2235 0.2235 0.228 0.228 0.218 0.218 0.218 0.2425 0.2425 0.2395 0.2395 0.2515 0.2515 0.2515 0.2435 0.2435 0.246 0.246 0.243 0.243 0.243 0.2585 0.2585 0.2615 0.2615 0.251 0.251 0.251 0.2535 0.2535 0.2455 0.2455 0.2555 0.2555 0.2555 0.2495 0.2495 0.2505 0.2505 0.256 0.256 0.274 0.274 0.274 0.2815 0.2815 0.254 0.254 0.2415 0.2415 0.2415 0.279 0.279 0.259 0.259 0.2725 0.2725 0.2725 0.2675 0.2675 0.2765 0.2765 0.259 0.259 0.259 0.2345
