ndvi/NOAA-109.asc
ncols         252
nrows         154
xllcorner     -18.017974
yllcorner     13.481982
cellsize      0.035948
NODATA_value  -9999
[rows 34 to 67 of 154, columns 77 to 153 of 252]
0.141 0.141 0.1345 0.1345 0.1395 0.1395 0.128 0.128 0.128 0.1285 0.1285 0.136 0.136 0.139 0.139 0.149 0.149 0.149 0.1465 0.1465 0.1445 0.1445 0.143 0.143 0.143 0.1545 0.1545 0.15 0.15 0.1495 0.1495 0.1495 0.153 0.153 0.1505 0.1505 0.1435 0.1435 0.1435 0.1455 0.1455 0.143 0.143 0.1545 0.1545 0.1545 0.149 0.149 0.137 0.137 0.1365 0.1365 0.1385 0.1385 0.1385 0.13 0.13 0.1445 0.1445 0.1575 0.1575 0.1575 0.16 0.16 0.1625 0.1625 0.1615 0.1615 0.1615 0.1515 0.1515 0.128 0.128 0.113 0.113 0.113 0.1195
0.141 0.141 0.1345 0.1345 0.1395 0.1395 0.128 0.128 0.128 0.1285 0.1285 0.136 0.136 0.139 0.139 0.149 0.149 0.149 0.1465 0.1465 0.1445 0.1445 0.143 0.143 0.143 0.1545 0.1545 0.15 0.15 0.1495 0.1495 0.1495 0.153 0.153 0.1505 0.1505 0.1435 0.1435 0.1435 0.1455 0.1455 0.143 0.143 0.1545 0.1545 0.1545 0.149 0.149 0.137 0.137 0.1365 0.1365 0.1385 0.1385 0.1385 0.13 0.13 0.1445 0.1445 0.1575 0.1575 0.1575 0.16 0.16 0.1625 0.1625 0.1615 0.1615 0.1615 0.1515 0.1515 0.128 0.128 0.113 0.113 0.113 0.1195
0.141 0.141 0.1345 0.1345 0.1395 0.1395 0.128 0.128 0.128 0.1285 0.1285 0.136 0.136 0.139 0.139 0.149 0.149 0.149 0.1465 0.1465 0.1445 0.1445 0.143 0.143 0.143 0.1545 0.1545 0.15 0.15 0.1495 0.1495 0.1495 0.153 0.153 0.1505 0.1505 0.1435 0.1435 0.1435 0.1455 0.1455 0.143 0.143 0.1545 0.1545 0.1545 0.149 0.149 0.137 0.137 0.1365 0.1365 0.1385 0.1385 0.1385 0.13 0.13 0.1445 0.1445 0.1575 0.1575 0.1575 0.16 0.16 0.1625 0.1625 0.1615 0.1615 0.1615 0.1515 0.1515 0.128 0.128 0.113 0.113 0.113 0.1195
0.143 0.143 0.138 0.138 0.1455 0.1455 0.138 0.138 0.138 0.139 0.139 0.139 0.139 0.154 0.154 0.1445 0.1445 0.1445 0.1445 0.1445 0.143 0.143 0.151 0.151 0.151 0.158 0.158 0.1605 0.1605 0.158 0.158 0.158 0.1595 0.1595 0.1605 0.1605 0.153 0.153 0.153 0.1545 0.1545 0.151 0.151 0.162 0.162 0.162 0.149 0.149 0.15 0.15 0.152 0.152 0.1445 0.1445 0.1445 0.164 0.164 0.185 0.185 0.1805 0.1805 0.1805 0.1745 0.1745 0.1745 0.1745 0.1605 0.1605 0.1605 0.1355 0.1355 0.1225 0.1225 0.1325 0.1325 0.1325 0.1295
0.143 0.143 0.138 0.138 0.1455 0.1455 0.138 0.138 0.138 0.139 0.139 0.139 0.139 0.154 0.154 0.1445 0.1445 0.1445 0.1445 0.1445 0.143 0.143 0.151 0.151 0.151 0.158 0.158 0.1605 0.1605 0.158 0.158 0.158 0.1595 0.1595 0.1605 0.1605 0.153 0.153 0.153 0.1545 0.1545 0.151 0.151 0.162 0.162 0.162 0.149 0.149 0.15 0.15 0.152 0.152 0.1445 0.1445 0.1445 0.164 0.164 0.185 0.185 0.1805 0.1805 0.1805 0.1745 0.1745 0.1745 0.1745 0.1605 0.1605 0.1605 0.1355 0.1355 0.1225 0.1225 0.1325 0.1325 0.1325 0.1295
0.1435 0.1435 0.1425 0.1425 0.1395 0.1395 0.1435 0.1435 0.1435 0.1475 0.1475 0.1415 0.1415 0.152 0.152 0.1495 0.1495 0.1495 0.1495 0.1495 0.149 0.149 0.157 0.157 0.157 0.1495 0.1495 0.168 0.168 0.1715 0.1715 0.1715 0.1705 0.1705 0.166 0.166 0.1645 0.1645 0.1645 0.1655 0.1655 0.1635 0.1635 0.176 0.176 0.176 0.1735 0.1735 0.1775 0.1775 0.171 0.171 0.2145 0.2145 0.2145 0.185 0.185 0.1875 0.1875 0.187 0.187 0.187 0.164 0.164 0.142 0.142 0.147 0.147 0.147 0.137 0.137 0.1235 0.1235 0.12 0.12 0.12 0.1315
0.1435 0.1435 0.1425 0.1425 0.1395 0.1395 0.1435 0.1435 0.1435 0.1475 0.1475 0.1415 0.1415 0.152 0.152 0.1495 0.1495 0.1495 0.1495 0.1495 0.149 0.149 0.157 0.157 0.157 0.1495 0.1495 0.168 0.168 0.1715 0.1715 0.1715 0.1705 0.1705 0.166 0.166 0.1645 0.1645 0.1645 0.1655 0.1655 0.1635 0.1635 0.176 0.176 0.176 0.1735 0.1735 0.1775 0.1775 0.171 0.171 0.2145 0.2145 0.2145 0.185 0.185 0.1875 0.1875 0.187 0.187 0.187 0.164 0.164 0.142 0.142 0.147 0.147 0.147 0.137 0.137 0.1235 0.1235 0.12 0.12 0.12 0.1315
0.1505 0.1505 0.151 0.151 0.1465 0.1465 0.1425 0.1425 0.1425 0.132 0.132 0.1445 0.1445 0.1485 0.1485 0.1455 0.1455 0.1455 0.1335 0.1335 0.138 0.138 0.134 0.134 0.134 0.1525 0.1525 0.161 0.161 0.175 0.175 0.175 0.171 0.171 0.163 0.163 0.1665 0.1665 0.1665 0.16 0.16 0.1775 0.1775 0.181 0.181 0.181 0.1805 0.1805 0.173 0.173 0.1855 0.1855 0.206 0.206 0.206 0.188 0.188 0.1685 0.1685 0.169 0.169 0.169 0.1575 0.1575 0.158 0.158 0.1275 0.1275 0.1275 0.1505 0.1505 0.1305 0.1305 0.113 0.113 0.113 0.136
0.1505 0.1505 0.151 0.151 0.1465 0.1465 0.1425 0.1425 0.1425 0.132 0.132 0.1445 0.1445 0.1485 0.1485 0.1455 0.1455 0.1455 0.1335 0.1335 0.138 0.138 0.134 0.134 0.134 0.1525 0.1525 0.161 0.161 0.175 0.175 0.175 0.171 0.171 0.163 0.163 0.1665 0.1665 0.1665 0.16 0.16 0.1775 0.1775 0.181 0.181 0.181 0.1805 0.1805 0.173 0.173 0.1855 0.1855 0.206 0.206 0.206 0.188 0.188 0.1685 0.1685 0.169 0.169 0.169 0.1575 0.1575 0.158 0.158 0.1275 0.1275 0.1275 0.1505 0.1505 0.1305 0.1305 0.113 0.113 0.113 0.136
0.1505 0.1505 0.151 0.151 0.1465 0.1465 0.1425 0.1425 0.1425 0.132 0.132 0.1445 0.1445 0.1485 0.1485 0.1455 0.1455 0.1455 0.1335 0.1335 0.138 0.138 0.134 0.134 0.134 0.1525 0.1525 0.161 0.161 0.175 0.175 0.175 0.171 0.171 0.163 0.163 0.1665 0.1665 0.1665 0.16 0.16 0.1775 0.1775 0.181 0.181 0.181 0.1805 0.1805 0.173 0.173 0.1855 0.1855 0.206 0.206 0.206 0.188 0.188 0.1685 0.1685 0.169 0.169 0.169 0.1575 0.1575 0.158 0.158 0.1275 0.1275 0.1275 0.1505 0.1505 0.1305 0.1305 0.113 0.113 0.113 0.136
0.168 0.168 0.161 0.161 0.1555 0.1555 0.143 0.143 0.143 0.1445 0.1445 0.136 0.136 0.145 0.145 0.1515 0.1515 0.1515 0.1515 0.1515 0.1375 0.1375 0.1475 0.1475 0.1475 0.1575 0.1575 0.159 0.159 0.168 0.168 0.168 0.185 0.185 0.188 0.188 0.1805 0.1805 0.1805 0.181 0.181 0.174 0.174 0.1585 0.1585 0.1585 0.1525 0.1525 0.141 0.141 0.1565 0.1565 0.184 0.184 0.184 0.158 0.158 0.1535 0.1535 0.1595 0.1595 0.1595 0.1535 0.1535 0.1325 0.1325 0.136 0.136 0.136 0.139 0.139 0.127 0.127 0.1085 0.1085 0.1085 0.1135
0.168 0.168 0.161 0.161 0.1555 0.1555 0.143 0.143 0.143 0.1445 0.1445 0.136 0.136 0.145 0.145 0.1515 0.1515 0.1515 0.1515 0.1515 0.1375 0.1375 0.1475 0.1475 0.1475 0.1575 0.1575 0.159 0.159 0.168 0.168 0.168 0.185 0.185 0.188 0.188 0.1805 0.1805 0.1805 0.181 0.181 0.174 0.174 0.1585 0.1585 0.1585 0.1525 0.1525 0.141 0.141 0.1565 0.1565 0.184 0.184 0.184 0.158 0.158 0.1535 0.1535 0.1595 0.1595 0.1595 0.1535 0.1535 0.1325 0.1325 0.136 0.136 0.136 0.139 0.139 0.127 0.127 0.1085 0.1085 0.1085 0.1135
0.175 0.175 0.1735 0.1735 0.1495 0.1495 0.1575 0.1575 0.1575 0.1505 0.1505 0.14 0.14 0.137 0.137 0.1435 0.1435 0.1435 0.155 0.155 0.151 0.151 0.145 0.145 0.145 0.153 0.153 0.1665 0.1665 0.1885 0.1885 0.1885 0.2145 0.2145 0.215 0.215 0.1805 0.1805 0.1805 0.138 0.138 0.1545 0.1545 0.1475 0.1475 0.1475 0.167 0.167 0.1925 0.1925 0.183 0.183 0.171 0.171 0.171 0.166 0.166 0.168 0.168 0.1665 0.1665 0.1665 0.16 0.16 0.1445 0.1445 0.1465 0.1465 0.1465 0.147 0.147 0.1365 0.1365 0.1225 0.1225 0.1225 0.1325
0.175 0.175 0.1735 0.1735 0.1495 0.1495 0.1575 0.1575 0.1575 0.1505 0.1505 0.14 0.14 0.137 0.137 0.1435 0.1435 0.1435 0.155 0.155 0.151 0.151 0.145 0.145 0.145 0.153 0.153 0.1665 0.1665 0.1885 0.1885 0.1885 0.2145 0.2145 0.215 0.215 0.1805 0.1805 0.1805 0.138 0.138 0.1545 0.1545 0.1475 0.1475 0.1475 0.167 0.167 0.1925 0.1925 0.183 0.183 0.171 0.171 0.171 0.166 0.166 0.168 0.168 0.1665 0.1665 0.1665 0.16 0.16 0.1445 0.1445 0.1465 0.1465 0.1465 0.147 0.147 0.1365 0.1365 0.1225 0.1225 0.1225 0.1325
0.1895 0.1895 0.1685 0.1685 0.169 0.169 0.1535 0.1535 0.1535 0.148 0.148 0.1355 0.1355 0.144 0.144 0.1725 0.1725 0.1725 0.174 0.174 0.188 0.188 0.1825 0.1825 0.1825 0.1785 0.1785 0.193 0.193 0.188 0.188 0.188 0.257 0.257 0.2455 0.2455 0.1575 0.1575 0.1575 0.147 0.147 0.143 0.143 0.163 0.163 0.163 0.191 0.191 0.1775 0.1775 0.1745 0.1745 0.1715 0.1715 0.1715 0.16 0.16 0.168 0.168 0.1675 0.1675 0.1675 0.169 0.169 0.156 0.156 0.16 0.16 0.16 0.155 0.155 0.168 0.168 0.1345 0.1345 0.1345 0.1195
0.1895 0.1895 0.1685 0.1685 0.169 0.169 0.1535 0.1535 0.1535 0.148 0.148 0.1355 0.1355 0.144 0.144 0.1725 0.1725 0.1725 0.174 0.174 0.188 0.188 0.1825 0.1825 0.1825 0.1785 0.1785 0.193 0.193 0.188 0.188 0.188 0.257 0.257 0.2455 0.2455 0.1575 0.1575 0.1575 0.147 0.147 0.143 0.143 0.163 0.163 0.163 0.191 0.191 0.1775 0.1775 0.1745 0.1745 0.1715 0.1715 0.1715 0.16 0.16 0.168 0.168 0.1675 0.1675 0.1675 0.169 0.169 0.156 0.156 0.16 0.16 0.16 0.155 0.155 0.168 0.168 0.1345 0.1345 0.1345 0.1195
0.1895 0.1895 0.1685 0.1685 0.169 0.169 0.1535 0.1535 0.1535 0.148 0.148 0.1355 0.1355 0.144 0.144 0.1725 0.1725 0.1725 0.174 0.174 0.188 0.188 0.1825 0.1825 0.1825 0.1785 0.1785 0.193 0.193 0.188 0.188 0.188 0.257 0.257 0.2455 0.2455 0.1575 0.1575 0.1575 0.147 0.147 0.143 0.143 0.163 0.163 0.163 0.191 0.191 0.1775 0.1775 0.1745 0.1745 0.1715 0.1715 0.1715 0.16 0.16 0.168 0.168 0.1675 0.1675 0.1675 0.169 0.169 0.156 0.156 0.16 0.16 0.16 0.155 0.155 0.168 0.168 0.1345 0.1345 0.1345 0.1195
0.1735 0.1735 0.1745 0.1745 0.1825 0.1825 0.1905 0.1905 0.1905 0.1845 0.1845 0.173 0.173 0.183 0.183 0.1865 0.1865 0.1865 0.191 0.191 0.189 0.189 0.198 0.198 0.198 0.2045 0.2045 0.1965 0.1965 0.1885 0.1885 0.1885 0.1975 0.1975 0.2405 0.2405 0.1965 0.1965 0.1965 0.148 0.148 0.1375 0.1375 0.148 0.148 0.148 0.152 0.152 0.1305 0.1305 0.17 0.17 0.1685 0.1685 0.1685 0.17 0.17 0.1665 0.1665 0.171 0.171 0.171 0.186 0.186 0.1855 0.1855 0.1925 0.1925 0.1925 0.199 0.199 0.1905 0.1905 0.1495 0.1495 0.1495 0.113
0.1735 0.1735 0.1745 0.1745 0.1825 0.1825 0.1905 0.1905 0.1905 0.1845 0.1845 0.173 0.173 0.183 0.183 0.1865 0.1865 0.1865 0.191 0.191 0.189 0.189 0.198 0.198 0.198 0.2045 0.2045 0.1965 0.1965 0.1885 0.1885 0.1885 0.1975 0.1975 0.2405 0.2405 0.1965 0.1965 0.1965 0.148 0.148 0.1375 0.1375 0.148 0.148 0.148 0.152 0.152 0.1305 0.1305 0.17 0.17 0.1685 0.1685 0.1685 0.17 0.17 0.1665 0.1665 0.171 0.171 0.171 0.186 0.186 0.1855 0.1855 0.1925 0.1925 0.1925 0.199 0.199 0.1905 0.1905 0.1495 0.1495 0.1495 0.113
0.176 0.176 0.1795 0.1795 0.1855 0.1855 0.186 0.186 0.186 0.1915 0.1915 0.187 0.187 0.1895 0.1895 0.1855 0.1855 0.1855 0.1845 0.1845 0.1955 0.1955 0.1955 0.1955 0.1955 0.1885 0.1885 0.177 0.177 0.183 0.183 0.183 0.1815 0.1815 0.214 0.214 0.197 0.197 0.197 0.186 0.186 0.1495 0.1495 0.145 0.145 0.145 0.128 0.128 0.114 0.114 0.1925 0.1925 0.1845 0.1845 0.1845 0.1875 0.1875 0.2095 0.2095 0.21 0.21 0.21 0.2155 0.2155 0.2105 0.2105 0.186 0.186 0.186 0.1765 0.1765 0.1775 0.1775 0.1615 0.1615 0.1615 0.087
0.176 0.176 0.1795 0.1795 0.1855 0.1855 0.186 0.186 0.186 0.1915 0.1915 0.187 0.187 0.1895 0.1895 0.1855 0.1855 0.1855 0.1845 0.1845 0.1955 0.1955 0.1955 0.1955 0.1955 0.1885 0.1885 0.177 0.177 0.183 0.183 0.183 0.1815 0.1815 0.214 0.214 0.197 0.197 0.197 0.186 0.186 0.1495 0.1495 0.145 0.145 0.145 0.128 0.128 0.114 0.114 0.1925 0.1925 0.1845 0.1845 0.1845 0.1875 0.1875 0.2095 0.2095 0.21 0.21 0.21 0.2155 0.2155 0.2105 0.2105 0.186 0.186 0.186 0.1765 0.1765 0.1775 0.1775 0.1615 0.1615 0.1615 0.087
0.324 0.324 0.215 0.215 0.1875 0.1875 0.188 0.188 0.188 0.201 0.201 0.194 0.194 0.2 0.2 0.203 0.203 0.203 0.2005 0.2005 0.1925 0.1925 0.184 0.184 0.184 0.179 0.179 0.1815 0.1815 0.172 0.172 0.172 0.1665 0.1665 0.1795 0.1795 0.1755 0.1755 0.1755 0.172 0.172 0.137 0.137 0.145 0.145 0.145 0.1295 0.1295 0.151 0.151 0.1855 0.1855 0.1935 0.1935 0.1935 0.218 0.218 0.209 0.209 0.2245 0.2245 0.2245 0.2155 0.2155 0.212 0.212 0.184 0.184 0.184 0.1645 0.1645 0.1425 0.1425 0.139 0.139 0.139 0.11
0.324 0.324 0.215 0.215 0.1875 0.1875 0.188 0.188 0.188 0.201 0.201 0.194 0.194 0.2 0.2 0.203 0.203 0.203 0.2005 0.2005 0.1925 0.1925 0.184 0.184 0.184 0.179 0.179 0.1815 0.1815 0.172 0.172 0.172 0.1665 0.1665 0.1795 0.1795 0.1755 0.1755 0.1755 0.172 0.172 0.137 0.137 0.145 0.145 0.145 0.1295 0.1295 0.151 0.151 0.1855 0.1855 0.1935 0.1935 0.1935 0.218 0.218 0.209 0.209 0.2245 0.2245 0.2245 0.2155 0.2155 0.212 0.212 0.184 0.184 0.184 0.1645 0.1645 0.1425 0.1425 0.139 0.139 0.139 0.11
0.255 0.255 0.2085 0.2085 0.2155 0.2155 0.1985 0.1985 0.1985 0.203 0.203 0.196 0.196 0.203 0.203 0.2065 0.2065 0.2065 0.203 0.203 0.1945 0.1945 0.1875 0.1875 0.1875 0.176 0.176 0.189 0.189 0.184 0.184 0.184 0.178 0.178 0.1745 0.1745 0.171 0.171 0.171 0.161 0.161 0.157 0.157 0.171 0.171 0.171 0.1515 0.1515 0.135 0.135 0.1455 0.1455 0.175 0.175 0.175 0.2045 0.2045 0.2035 0.2035 0.2215 0.2215 0.2215 0.2175 0.2175 0.2125 0.2125 0.1945 0.1945 0.1945 0.1385 0.1385 0.159 0.159 0.133 0.133 0.133 0.1195
0.255 0.255 0.2085 0.2085 0.2155 0.2155 0.1985 0.1985 0.1985 0.203 0.203 0.196 0.196 0.203 0.203 0.2065 0.2065 0.2065 0.203 0.203 0.1945 0.1945 0.1875 0.1875 0.1875 0.176 0.176 0.189 0.189 0.184 0.184 0.184 0.178 0.178 0.1745 0.1745 0.171 0.171 0.171 0.161 0.161 0.157 0.157 0.171 0.171 0.171 0.1515 0.1515 0.135 0.135 0.1455 0.1455 0.175 0.175 0.175 0.2045 0.2045 0.2035 0.2035 0.2215 0.2215 0.2215 0.2175 0.2175 0.2125 0.2125 0.1945 0.1945 0.1945 0.1385 0.1385 0.159 0.159 0.133 0.133 0.133 0.1195
0.255 0.255 0.2085 0.2085 0.2155 0.2155 0.1985 0.1985 0.1985 0.203 0.203 0.196 0.196 0.203 0.203 0.2065 0.2065 0.2065 0.203 0.203 0.1945 0.1945 0.1875 0.1875 0.1875 0.176 0.176 0.189 0.189 0.184 0.184 0.184 0.178 0.178 0.1745 0.1745 0.171 0.171 0.171 0.161 0.161 0.157 0.157 0.171 0.171 0.171 0.1515 0.1515 0.135 0.135 0.1455 0.1455 0.175 0.175 0.175 0.2045 0.2045 0.2035 0.2035 0.2215 0.2215 0.2215 0.2175 0.2175 0.2125 0.2125 0.1945 0.1945 0.1945 0.1385 0.1385 0.159 0.159 0.133 0.133 0.133 0.1195
0.196 0.196 0.199 0.199 0.209 0.209 0.209 0.209 0.209 0.2205 0.2205 0.191 0.191 0.187 0.187 0.198 0.198 0.198 0.1495 0.1495 0.191 0.191 0.2055 0.2055 0.2055 0.199 0.199 0.195 0.195 0.2035 0.2035 0.2035 0.2055 0.2055 0.2195 0.2195 0.1865 0.1865 0.1865 0.1765 0.1765 0.159 0.159 0.181 0.181 0.181 0.1745 0.1745 0.125 0.125 0.1095 0.1095 0.115 0.115 0.115 0.126 0.126 0.1825 0.1825 0.218 0.218 0.218 0.214 0.214 0.2105 0.2105 0.192 0.192 0.192 0.193 0.193 0.194 0.194 0.1525 0.1525 0.1525 0.1255
0.196 0.196 0.199 0.199 0.209 0.209 0.209 0.209 0.209 0.2205 0.2205 0.191 0.191 0.187 0.187 0.198 0.198 0.198 0.1495 0.1495 0.191 0.191 0.2055 0.2055 0.2055 0.199 0.199 0.195 0.195 0.2035 0.2035 0.2035 0.2055 0.2055 0.2195 0.2195 0.1865 0.1865 0.1865 0.1765 0.1765 0.159 0.159 0.181 0.181 0.181 0.1745 0.1745 0.125 0.125 0.1095 0.1095 0.115 0.115 0.115 0.126 0.126 0.1825 0.1825 0.218 0.218 0.218 0.214 0.214 0.2105 0.2105 0.192 0.192 0.192 0.193 0.193 0.194 0.194 0.1525 0.1525 0.1525 0.1255
0.2085 0.2085 0.2 0.2 0.2465 0.2465 0.249 0.249 0.249 0.245 0.245 0.235 0.235 0.208 0.208 0.1745 0.1745 0.1745 0.147 0.147 0.176 0.176 0.1655 0.1655 0.1655 0.204 0.204 0.2055 0.2055 0.202 0.202 0.202 0.207 0.207 0.209 0.209 0.198 0.198 0.198 0.199 0.199 0.1355 0.1355 0.1495 0.1495 0.1495 0.1425 0.1425 0.1205 0.1205 0.1145 0.1145 0.126 0.126 0.126 0.1505 0.1505 0.174 0.174 0.2195 0.2195 0.2195 0.2165 0.2165 0.209 0.209 0.2075 0.2075 0.2075 0.197 0.197 0.199 0.199 0.154 0.154 0.154 0.124
0.2085 0.2085 0.2 0.2 0.2465 0.2465 0.249 0.249 0.249 0.245 0.245 0.235 0.235 0.208 0.208 0.1745 0.1745 0.1745 0.147 0.147 0.176 0.176 0.1655 0.1655 0.1655 0.204 0.204 0.2055 0.2055 0.202 0.202 0.202 0.207 0.207 0.209 0.209 0.198 0.198 0.198 0.199 0.199 0.1355 0.1355 0.1495 0.1495 0.1495 0.1425 0.1425 0.1205 0.1205 0.1145 0.1145 0.126 0.126 0.126 0.1505 0.1505 0.174 0.174 0.2195 0.2195 0.2195 0.2165 0.2165 0.209 0.209 0.2075 0.2075 0.2075 0.197 0.197 0.199 0.199 0.154 0.154 0.154 0.124
0.2165 0.2165 0.209 0.209 0.204 0.204 0.239 0.239 0.239 0.235 0.235 0.235 0.235 0.243 0.243 0.2065 0.2065 0.2065 0.206 0.206 0.2055 0.2055 0.197 0.197 0.197 0.1905 0.1905 0.2265 0.2265 0.204 0.204 0.204 0.207 0.207 0.1975 0.1975 0.2055 0.2055 0.2055 0.2015 0.2015 0.1685 0.1685 0.131 0.131 0.131 0.141 0.141 0.1225 0.1225 0.129 0.129 0.1865 0.1865 0.1865 0.169 0.169 0.1765 0.1765 0.22 0.22 0.22 0.2045 0.2045 0.215 0.215 0.21 0.21 0.21 0.204 0.204 0.1845 0.1845 0.137 0.137 0.137 0.1265
0.2165 0.2165 0.209 0.209 0.204 0.204 0.239 0.239 0.239 0.235 0.235 0.235 0.235 0.243 0.243 0.2065 0.2065 0.2065 0.206 0.206 0.2055 0.2055 0.197 0.197 0.197 0.1905 0.1905 0.2265 0.2265 0.204 0.204 0.204 0.207 0.207 0.1975 0.1975 0.2055 0.2055 0.2055 0.2015 0.2015 0.1685 0.1685 0.131 0.131 0.131 0.141 0.141 0.1225 0.1225 0.129 0.129 0.1865 0.1865 0.1865 0.169 0.169 0.1765 0.1765 0.22 0.22 0.22 0.2045 0.2045 0.215 0.215 0.21 0.21 0.21 0.204 0.204 0.1845 0.1845 0.137 0.137 0.137 0.1265
0.2165 0.2165 0.209 0.209 0.204 0.204 0.239 0.239 0.239 0.235 0.235 0.235 0.235 0.243 0.243 0.2065 0.2065 0.2065 0.206 0.206 0.2055 0.2055 0.197 0.197 0.197 0.1905 0.1905 0.2265 0.2265 0.204 0.204 0.204 0.207 0.207 0.1975 0.1975 0.2055 0.2055 0.2055 0.2015 0.2015 0.1685 0.1685 0.131 0.131 0.131 0.141 0.141 0.1225 0.1225 0.129 0.129 0.1865 0.1865 0.1865 0.169 0.169 0.1765 0.1765 0.22 0.22 0.22 0.2045 0.2045 0.215 0.215 0.21 0.21 0.21 0.204 0.204 0.1845 0.1845 0.137 0.137 0.137 0.1265
0.195 0.195 0.1955 0.1955 0.192 0.192 0.1875 0.1875 0.1875 0.211 0.211 0.217 0.217 0.2185 0.2185 0.2155 0.2155 0.2155 0.203 0.203 0.218 0.218 0.217 0.217 0.217 0.198 0.198 0.216 0.216 0.2035 0.2035 0.2035 0.197 0.197 0.198 0.198 0.1925 0.1925 0.1925 0.1905 0.1905 0.176 0.176 0.1595 0.1595 0.1595 0.1315 0.1315 0.173 0.173 0.167 0.167 0.1885 0.1885 0.1885 0.1865 0.1865 0.17 0.17 0.2085 0.2085 0.2085 0.209 0.209 0.2185 0.2185 0.206 0.206 0.206 0.2085 0.2085 0.1835 0.1835 0.162 0.162 0.162 0.1275
