ndvi/NOAA-65.asc
ncols         252
nrows         154
xllcorner     -18.017974
yllcorner     13.481982
cellsize      0.035948
NODATA_value  -9999
[rows 68 to 101 of 154, columns 77 to 153 of 252]
0.208 0.208 0.216 0.216 0.216 0.216 0.239 0.239 0.239 0.255 0.255 0.2455 0.2455 0.251 0.251 0.2305 0.2305 0.2305 0.251 0.251 0.2585 0.2585 0.236 0.236 0.236 0.19 0.19 0.178 0.178 0.187 0.187 0.187 0.215 0.215 0.2145 0.2145 0.208 0.208 0.208 0.2215 0.2215 0.231 0.231 0.2005 0.2005 0.2005 0.1485 0.1485 0.171 0.171 0.172 0.172 0.1895 0.1895 0.1895 0.2 0.2 0.211 0.211 0.2185 0.2185 0.2185 0.2435 0.2435 0.2435 0.2435 0.215 0.215 0.215 0.2125 0.2125 0.219 0.219 0.193 0.193 0.193 0.131
0.208 0.208 0.2215 0.2215 0.225 0.225 0.2115 0.2115 0.2115 0.224 0.224 0.229 0.229 0.219 0.219 0.221 0.221 0.221 0.1985 0.1985 0.215 0.215 0.236 0.236 0.236 0.215 0.215 0.177 0.177 0.177 0.177 0.177 0.1735 0.1735 0.2045 0.2045 0.203 0.203 0.203 0.2235 0.2235 0.228 0.228 0.2135 0.2135 0.2135 0.179 0.179 0.1705 0.1705 0.173 0.173 0.1885 0.1885 0.1885 0.209 0.209 0.2185 0.2185 0.229 0.229 0.229 0.2485 0.2485 0.2605 0.2605 0.216 0.216 0.216 0.2195 0.2195 0.209 0.209 0.219 0.219 0.219 0.15
0.208 0.208 0.2215 0.2215 0.225 0.225 0.2115 0.2115 0.2115 0.224 0.224 0.229 0.229 0.219 0.219 0.221 0.221 0.221 0.1985 0.1985 0.215 0.215 0.236 0.236 0.236 0.215 0.215 0.177 0.177 0.177 0.177 0.177 0.1735 0.1735 0.2045 0.2045 0.203 0.203 0.203 0.2235 0.2235 0.228 0.228 0.2135 0.2135 0.2135 0.179 0.179 0.1705 0.1705 0.173 0.173 0.1885 0.1885 0.1885 0.209 0.209 0.2185 0.2185 0.229 0.229 0.229 0.2485 0.2485 0.2605 0.2605 0.216 0.216 0.216 0.2195 0.2195 0.209 0.209 0.219 0.219 0.219 0.15
0.2095 0.2095 0.2125 0.2125 0.215 0.215 0.213 0.213 0.213 0.212 0.212 0.204 0.204 0.206 0.206 0.207 0.207 0.207 0.1945 0.1945 0.198 0.198 0.193 0.193 0.193 0.2255 0.2255 0.2435 0.2435 0.195 0.195 0.195 0.189 0.189 0.186 0.186 0.205 0.205 0.205 0.208 0.208 0.239 0.239 0.2125 0.2125 0.2125 0.172 0.172 0.153 0.153 0.1745 0.1745 0.2085 0.2085 0.2085 0.2115 0.2115 0.196 0.196 0.2145 0.2145 0.2145 0.246 0.246 0.2295 0.2295 0.21 0.21 0.21 0.208 0.208 0.208 0.208 0.228 0.228 0.228 0.158
0.2095 0.2095 0.2125 0.2125 0.215 0.215 0.213 0.213 0.213 0.212 0.212 0.204 0.204 0.206 0.206 0.207 0.207 0.207 0.1945 0.1945 0.198 0.198 0.193 0.193 0.193 0.2255 0.2255 0.2435 0.2435 0.195 0.195 0.195 0.189 0.189 0.186 0.186 0.205 0.205 0.205 0.208 0.208 0.239 0.239 0.2125 0.2125 0.2125 0.172 0.172 0.153 0.153 0.1745 0.1745 0.2085 0.2085 0.2085 0.2115 0.2115 0.196 0.196 0.2145 0.2145 0.2145 0.246 0.246 0.2295 0.2295 0.21 0.21 0.21 0.208 0.208 0.208 0.208 0.228 0.228 0.228 0.158
0.2095 0.2095 0.2125 0.2125 0.215 0.215 0.213 0.213 0.213 0.212 0.212 0.204 0.204 0.206 0.206 0.207 0.207 0.207 0.1945 0.1945 0.198 0.198 0.193 0.193 0.193 0.2255 0.2255 0.2435 0.2435 0.195 0.195 0.195 0.189 0.189 0.186 0.186 0.205 0.205 0.205 0.208 0.208 0.239 0.239 0.2125 0.2125 0.2125 0.172 0.172 0.153 0.153 0.1745 0.1745 0.2085 0.2085 0.2085 0.2115 0.2115 0.196 0.196 0.2145 0.2145 0.2145 0.246 0.246 0.2295 0.2295 0.21 0.21 0.21 0.208 0.208 0.208 0.208 0.228 0.228 0.228 0.158
0.2135 0.2135 0.233 0.233 0.213 0.213 0.2025 0.2025 0.2025 0.2155 0.2155 0.2095 0.2095 0.1745 0.1745 0.175 0.175 0.175 0.178 0.178 0.1915 0.1915 0.196 0.196 0.196 0.2045 0.2045 0.207 0.207 0.245 0.245 0.245 0.2615 0.2615 0.199 0.199 0.1955 0.1955 0.1955 0.1895 0.1895 0.2 0.2 0.1525 0.1525 0.1525 0.1765 0.1765 0.219 0.219 0.211 0.211 0.209 0.209 0.209 0.1955 0.1955 0.1915 0.1915 0.1945 0.1945 0.1945 0.2095 0.2095 0.2065 0.2065 0.1975 0.1975 0.1975 0.21 0.21 0.1735 0.1735 0.1305 0.1305 0.1305 0.1745
0.2135 0.2135 0.233 0.233 0.213 0.213 0.2025 0.2025 0.2025 0.2155 0.2155 0.2095 0.2095 0.1745 0.1745 0.175 0.175 0.175 0.178 0.178 0.1915 0.1915 0.196 0.196 0.196 0.2045 0.2045 0.207 0.207 0.245 0.245 0.245 0.2615 0.2615 0.199 0.199 0.1955 0.1955 0.1955 0.1895 0.1895 0.2 0.2 0.1525 0.1525 0.1525 0.1765 0.1765 0.219 0.219 0.211 0.211 0.209 0.209 0.209 0.1955 0.1955 0.1915 0.1915 0.1945 0.1945 0.1945 0.2095 0.2095 0.2065 0.2065 0.1975 0.1975 0.1975 0.21 0.21 0.1735 0.1735 0.1305 0.1305 0.1305 0.1745
0.2125 0.2125 0.2255 0.2255 0.2265 0.2265 0.2015 0.2015 0.2015 0.195 0.195 0.1515 0.1515 0.177 0.177 0.173 0.173 0.173 0.1425 0.1425 0.1535 0.1535 0.1925 0.1925 0.1925 0.194 0.194 0.196 0.196 0.2235 0.2235 0.2235 0.244 0.244 0.271 0.271 0.2215 0.2215 0.2215 0.1725 0.1725 0.19 0.19 0.153 0.153 0.153 0.1785 0.1785 0.2105 0.2105 0.1905 0.1905 0.1885 0.1885 0.1885 0.1845 0.1845 0.1945 0.1945 0.173 0.173 0.173 0.1895 0.1895 0.21 0.21 0.219 0.219 0.219 0.2055 0.2055 0.1995 0.1995 0.1151 0.1151 0.1151 0.1355
0.2125 0.2125 0.2255 0.2255 0.2265 0.2265 0.2015 0.2015 0.2015 0.195 0.195 0.1515 0.1515 0.177 0.177 0.173 0.173 0.173 0.1425 0.1425 0.1535 0.1535 0.1925 0.1925 0.1925 0.194 0.194 0.196 0.196 0.2235 0.2235 0.2235 0.244 0.244 0.271 0.271 0.2215 0.2215 0.2215 0.1725 0.1725 0.19 0.19 0.153 0.153 0.153 0.1785 0.1785 0.2105 0.2105 0.1905 0.1905 0.1885 0.1885 0.1885 0.1845 0.1845 0.1945 0.1945 0.173 0.173 0.173 0.1895 0.1895 0.21 0.21 0.219 0.219 0.219 0.2055 0.2055 0.1995 0.1995 0.1151 0.1151 0.1151 0.1355
0.2 0.2 0.2015 0.2015 0.1705 0.1705 0.1615 0.1615 0.1615 0.1905 0.1905 0.1915 0.1915 0.1675 0.1675 0.1685 0.1685 0.1685 0.1715 0.1715 0.154 0.154 0.1645 0.1645 0.1645 0.1915 0.1915 0.1905 0.1905 0.204 0.204 0.204 0.221 0.221 0.211 0.211 0.2375 0.2375 0.2375 0.218 0.218 0.2045 0.2045 0.181 0.181 0.181 0.18 0.18 0.173 0.173 0.193 0.193 0.183 0.183 0.183 0.1725 0.1725 0.173 0.173 0.1685 0.1685 0.1685 0.1745 0.1745 0.153 0.153 0.181 0.181 0.181 0.168 0.168 0.1875 0.1875 0.1605 0.1605 0.1605 0.1295
0.2 0.2 0.2015 0.2015 0.1705 0.1705 0.1615 0.1615 0.1615 0.1905 0.1905 0.1915 0.1915 0.1675 0.1675 0.1685 0.1685 0.1685 0.1715 0.1715 0.154 0.154 0.1645 0.1645 0.1645 0.1915 0.1915 0.1905 0.1905 0.204 0.204 0.204 0.221 0.221 0.211 0.211 0.2375 0.2375 0.2375 0.218 0.218 0.2045 0.2045 0.181 0.181 0.181 0.18 0.18 0.173 0.173 0.193 0.193 0.183 0.183 0.183 0.1725 0.1725 0.173 0.173 0.1685 0.1685 0.1685 0.1745 0.1745 0.153 0.153 0.181 0.181 0.181 0.168 0.168 0.1875 0.1875 0.1605 0.1605 0.1605 0.1295
0.2255 0.2255 0.217 0.217 0.195 0.195 0.186 0.186 0.186 0.1615 0.1615 0.1795 0.1795 0.174 0.174 0.1725 0.1725 0.1725 0.165 0.165 0.1415 0.1415 0.179 0.179 0.179 0.193 0.193 0.187 0.187 0.19 0.19 0.19 0.2135 0.2135 0.216 0.216 0.1875 0.1875 0.1875 0.1955 0.1955 0.1945 0.1945 0.218 0.218 0.218 0.2215 0.2215 0.1965 0.1965 0.1785 0.1785 0.1815 0.1815 0.1815 0.1555 0.1555 0.1635 0.1635 0.187 0.187 0.187 0.2045 0.2045 0.178 0.178 0.1815 0.1815 0.1815 0.1585 0.1585 0.1695 0.1695 0.155 0.155 0.155 0.125
0.2255 0.2255 0.217 0.217 0.195 0.195 0.186 0.186 0.186 0.1615 0.1615 0.1795 0.1795 0.174 0.174 0.1725 0.1725 0.1725 0.165 0.165 0.1415 0.1415 0.179 0.179 0.179 0.193 0.193 0.187 0.187 0.19 0.19 0.19 0.2135 0.2135 0.216 0.216 0.1875 0.1875 0.1875 0.1955 0.1955 0.1945 0.1945 0.218 0.218 0.218 0.2215 0.2215 0.1965 0.1965 0.1785 0.1785 0.1815 0.1815 0.1815 0.1555 0.1555 0.1635 0.1635 0.187 0.187 0.187 0.2045 0.2045 0.178 0.178 0.1815 0.1815 0.1815 0.1585 0.1585 0.1695 0.1695 0.155 0.155 0.155 0.125
0.2255 0.2255 0.217 0.217 0.195 0.195 0.186 0.186 0.186 0.1615 0.1615 0.1795 0.1795 0.174 0.174 0.1725 0.1725 0.1725 0.165 0.165 0.1415 0.1415 0.179 0.179 0.179 0.193 0.193 0.187 0.187 0.19 0.19 0.19 0.2135 0.2135 0.216 0.216 0.1875 0.1875 0.1875 0.1955 0.1955 0.1945 0.1945 0.218 0.218 0.218 0.2215 0.2215 0.1965 0.1965 0.1785 0.1785 0.1815 0.1815 0.1815 0.1555 0.1555 0.1635 0.1635 0.187 0.187 0.187 0.2045 0.2045 0.178 0.178 0.1815 0.1815 0.1815 0.1585 0.1585 0.1695 0.1695 0.155 0.155 0.155 0.125
0.215 0.215 0.2185 0.2185 0.1965 0.1965 0.191 0.191 0.191 0.196 0.196 0.1915 0.1915 0.1995 0.1995 0.206 0.206 0.206 0.174 0.174 0.184 0.184 0.1915 0.1915 0.1915 0.2015 0.2015 0.212 0.212 0.1925 0.1925 0.1925 0.1965 0.1965 0.178 0.178 0.1585 0.1585 0.1585 0.185 0.185 0.1585 0.1585 0.203 0.203 0.203 0.225 0.225 0.2265 0.2265 0.189 0.189 0.191 0.191 0.191 0.188 0.188 0.1895 0.1895 0.1965 0.1965 0.1965 0.2035 0.2035 0.1895 0.1895 0.1835 0.1835 0.1835 0.1765 0.1765 0.1895 0.1895 0.1705 0.1705 0.1705 0.1355
0.215 0.215 0.2185 0.2185 0.1965 0.1965 0.191 0.191 0.191 0.196 0.196 0.1915 0.1915 0.1995 0.1995 0.206 0.206 0.206 0.174 0.174 0.184 0.184 0.1915 0.1915 0.1915 0.2015 0.2015 0.212 0.212 0.1925 0.1925 0.1925 0.1965 0.1965 0.178 0.178 0.1585 0.1585 0.1585 0.185 0.185 0.1585 0.1585 0.203 0.203 0.203 0.225 0.225 0.2265 0.2265 0.189 0.189 0.191 0.191 0.191 0.188 0.188 0.1895 0.1895 0.1965 0.1965 0.1965 0.2035 0.2035 0.1895 0.1895 0.1835 0.1835 0.1835 0.1765 0.1765 0.1895 0.1895 0.1705 0.1705 0.1705 0.1355
0.2195 0.2195 0.2135 0.2135 0.2055 0.2055 0.2155 0.2155 0.2155 0.2285 0.2285 0.2245 0.2245 0.208 0.208 0.211 0.211 0.211 0.2195 0.2195 0.2045 0.2045 0.1985 0.1985 0.1985 0.187 0.187 0.199 0.199 0.1925 0.1925 0.1925 0.1875 0.1875 0.1815 0.1815 0.185 0.185 0.185 0.1775 0.1775 0.1725 0.1725 0.155 0.155 0.155 0.151 0.151 0.1895 0.1895 0.187 0.187 0.207 0.207 0.207 0.206 0.206 0.2065 0.2065 0.2185 0.2185 0.2185 0.22 0.22 0.238 0.238 0.1945 0.1945 0.1945 0.186 0.186 0.182 0.182 0.161 0.161 0.161 0.158
0.2195 0.2195 0.2135 0.2135 0.2055 0.2055 0.2155 0.2155 0.2155 0.2285 0.2285 0.2245 0.2245 0.208 0.208 0.211 0.211 0.211 0.2195 0.2195 0.2045 0.2045 0.1985 0.1985 0.1985 0.187 0.187 0.199 0.199 0.1925 0.1925 0.1925 0.1875 0.1875 0.1815 0.1815 0.185 0.185 0.185 0.1775 0.1775 0.1725 0.1725 0.155 0.155 0.155 0.151 0.151 0.1895 0.1895 0.187 0.187 0.207 0.207 0.207 0.206 0.206 0.2065 0.2065 0.2185 0.2185 0.2185 0.22 0.22 0.238 0.238 0.1945 0.1945 0.1945 0.186 0.186 0.182 0.182 0.161 0.161 0.161 0.158
0.2555 0.2555 0.2805 0.2805 0.2585 0.2585 0.253 0.253 0.253 0.239 0.239 0.238 0.238 0.2405 0.2405 0.2325 0.2325 0.2325 0.214 0.214 0.21 0.21 0.2045 0.2045 0.2045 0.211 0.211 0.2055 0.2055 0.1995 0.1995 0.1995 0.1995 0.1995 0.2265 0.2265 0.196 0.196 0.196 0.1755 0.1755 0.207 0.207 0.1845 0.1845 0.1845 0.1455 0.1455 0.193 0.193 0.1925 0.1925 0.1935 0.1935 0.1935 0.2025 0.2025 0.2105 0.2105 0.219 0.219 0.219 0.229 0.229 0.2475 0.2475 0.182 0.182 0.182 0.2025 0.2025 0.1865 0.1865 0.196 0.196 0.196 0.171
0.2555 0.2555 0.2805 0.2805 0.2585 0.2585 0.253 0.253 0.253 0.239 0.239 0.238 0.238 0.2405 0.2405 0.2325 0.2325 0.2325 0.214 0.214 0.21 0.21 0.2045 0.2045 0.2045 0.211 0.211 0.2055 0.2055 0.1995 0.1995 0.1995 0.1995 0.1995 0.2265 0.2265 0.196 0.196 0.196 0.1755 0.1755 0.207 0.207 0.1845 0.1845 0.1845 0.1455 0.1455 0.193 0.193 0.1925 0.1925 0.1935 0.1935 0.1935 0.2025 0.2025 0.2105 0.2105 0.219 0.219 0.219 0.229 0.229 0.2475 0.2475 0.182 0.182 0.182 0.2025 0.2025 0.1865 0.1865 0.196 0.196 0.196 0.171
0.2555 0.2555 0.2805 0.2805 0.2585 0.2585 0.253 0.253 0.253 0.239 0.239 0.238 0.238 0.2405 0.2405 0.2325 0.2325 0.2325 0.214 0.214 0.21 0.21 0.2045 0.2045 0.2045 0.211 0.211 0.2055 0.2055 0.1995 0.1995 0.1995 0.1995 0.1995 0.2265 0.2265 0.196 0.196 0.196 0.1755 0.1755 0.207 0.207 0.1845 0.1845 0.1845 0.1455 0.1455 0.193 0.193 0.1925 0.1925 0.1935 0.1935 0.1935 0.2025 0.2025 0.2105 0.2105 0.219 0.219 0.219 0.229 0.229 0.2475 0.2475 0.182 0.182 0.182 0.2025 0.2025 0.1865 0.1865 0.196 0.196 0.196 0.171
0.258 0.258 0.263 0.263 0.249 0.249 0.1975 0.1975 0.1975 0.2135 0.2135 0.2255 0.2255 0.1945 0.1945 0.209 0.209 0.209 0.2175 0.2175 0.202 0.202 0.2035 0.2035 0.2035 0.2195 0.2195 0.193 0.193 0.1715 0.1715 0.1715 0.1815 0.1815 0.2015 0.2015 0.2065 0.2065 0.2065 0.2085 0.2085 0.2225 0.2225 0.213 0.213 0.213 0.212 0.212 0.2155 0.2155 0.202 0.202 0.2025 0.2025 0.2025 0.2195 0.2195 0.2365 0.2365 0.225 0.225 0.225 0.2235 0.2235 0.2185 0.2185 0.2345 0.2345 0.2345 0.1995 0.1995 0.187 0.187 0.174 0.174 0.174 0.1695
0.258 0.258 0.263 0.263 0.249 0.249 0.1975 0.1975 0.1975 0.2135 0.2135 0.2255 0.2255 0.1945 0.1945 0.209 0.209 0.209 0.2175 0.2175 0.202 0.202 0.2035 0.2035 0.2035 0.2195 0.2195 0.193 0.193 0.1715 0.1715 0.1715 0.1815 0.1815 0.2015 0.2015 0.2065 0.2065 0.2065 0.2085 0.2085 0.2225 0.2225 0.213 0.213 0.213 0.212 0.212 0.2155 0.2155 0.202 0.202 0.2025 0.2025 0.2025 0.2195 0.2195 0.2365 0.2365 0.225 0.225 0.225 0.2235 0.2235 0.2185 0.2185 0.2345 0.2345 0.2345 0.1995 0.1995 0.187 0.187 0.174 0.174 0.174 0.1695
0.2515 0.2515 0.251 0.251 0.212 0.212 0.224 0.224 0.224 0.2365 0.2365 0.2085 0.2085 0.2095 0.2095 0.211 0.211 0.211 0.207 0.207 0.213 0.213 0.2205 0.2205 0.2205 0.2065 0.2065 0.221 0.221 0.1975 0.1975 0.1975 0.209 0.209 0.2315 0.2315 0.224 0.224 0.224 0.213 0.213 0.212 0.212 0.2395 0.2395 0.2395 0.248 0.248 0.245 0.245 0.227 0.227 0.202 0.202 0.202 0.1935 0.1935 0.194 0.194 0.2335 0.2335 0.2335 0.2315 0.2315 0.2205 0.2205 0.2345 0.2345 0.2345 0.2435 0.2435 0.2345 0.2345 0.2325 0.2325 0.2325 0.183
0.2515 0.2515 0.251 0.251 0.212 0.212 0.224 0.224 0.224 0.2365 0.2365 0.2085 0.2085 0.2095 0.2095 0.211 0.211 0.211 0.207 0.207 0.213 0.213 0.2205 0.2205 0.2205 0.2065 0.2065 0.221 0.221 0.1975 0.1975 0.1975 0.209 0.209 0.2315 0.2315 0.224 0.224 0.224 0.213 0.213 0.212 0.212 0.2395 0.2395 0.2395 0.248 0.248 0.245 0.245 0.227 0.227 0.202 0.202 0.202 0.1935 0.1935 0.194 0.194 0.2335 0.2335 0.2335 0.2315 0.2315 0.2205 0.2205 0.2345 0.2345 0.2345 0.2435 0.2435 0.2345 0.2345 0.2325 0.2325 0.2325 0.183
0.2555 0.2555 0.24 0.24 0.23 0.23 0.223 0.223 0.223 0.2125 0.2125 0.237 0.237 0.2125 0.2125 0.2255 0.2255 0.2255 0.2065 0.2065 0.2215 0.2215 0.2345 0.2345 0.2345 0.2215 0.2215 0.2205 0.2205 0.2445 0.2445 0.2445 0.2465 0.2465 0.246 0.246 0.237 0.237 0.237 0.228 0.228 0.2405 0.2405 0.239 0.239 0.239 0.246 0.246 0.236 0.236 0.232 0.232 0.2105 0.2105 0.2105 0.2445 0.2445 0.204 0.204 0.2055 0.2055 0.2055 0.1825 0.1825 0.23 0.23 0.223 0.223 0.223 0.224 0.224 0.2335 0.2335 0.2355 0.2355 0.2355 0.195
0.2555 0.2555 0.24 0.24 0.23 0.23 0.223 0.223 0.223 0.2125 0.2125 0.237 0.237 0.2125 0.2125 0.2255 0.2255 0.2255 0.2065 0.2065 0.2215 0.2215 0.2345 0.2345 0.2345 0.2215 0.2215 0.2205 0.2205 0.2445 0.2445 0.2445 0.2465 0.2465 0.246 0.246 0.237 0.237 0.237 0.228 0.228 0.2405 0.2405 0.239 0.239 0.239 0.246 0.246 0.236 0.236 0.232 0.232 0.2105 0.2105 0.2105 0.2445 0.2445 0.204 0.204 0.2055 0.2055 0.2055 0.1825 0.1825 0.23 0.23 0.223 0.223 0.223 0.224 0.224 0.2335 0.2335 0.2355 0.2355 0.2355 0.195
0.2555 0.2555 0.24 0.24 0.23 0.23 0.223 0.223 0.223 0.2125 0.2125 0.237 0.237 0.2125 0.2125 0.2255 0.2255 0.2255 0.2065 0.2065 0.2215 0.2215 0.2345 0.2345 0.2345 0.2215 0.2215 0.2205 0.2205 0.2445 0.2445 0.2445 0.2465 0.2465 0.246 0.246 0.237 0.237 0.237 0.228 0.228 0.2405 0.2405 0.239 0.239 0.239 0.246 0.246 0.236 0.236 0.232 0.232 0.2105 0.2105 0.2105 0.2445 0.2445 0.204 0.204 0.2055 0.2055 0.2055 0.1825 0.1825 0.23 0.23 0.223 0.223 0.223 0.224 0.224 0.2335 0.2335 0.2355 0.2355 0.2355 0.195
0.234 0.234 0.262 0.262 0.22 0.22 0.2225 0.2225 0.2225 0.243 0.243 0.232 0.232 0.2175 0.2175 0.206 0.206 0.206 0.211 0.211 0.2165 0.2165 0.23 0.23 0.23 0.2205 0.2205 0.248 0.248 0.2515 0.2515 0.2515 0.258 0.258 0.263 0.263 0.24 0.24 0.24 0.249 0.249 0.242 0.242 0.2365 0.2365 0.2365 0.227 0.227 0.236 0.236 0.24 0.24 0.246 0.246 0.246 0.2465 0.2465 0.2385 0.2385 0.191 0.191 0.191 0.1225 0.1225 0.178 0.178 0.255 0.255 0.255 0.268 0.268 0.1935 0.1935 0.203 0.203 0.203 0.207
0.234 0.234 0.262 0.262 0.22 0.22 0.2225 0.2225 0.2225 0.243 0.243 0.232 0.232 0.2175 0.2175 0.206 0.206 0.206 0.211 0.211 0.2165 0.2165 0.23 0.23 0.23 0.2205 0.2205 0.248 0.248 0.2515 0.2515 0.2515 0.258 0.258 0.263 0.263 0.24 0.24 0.24 0.249 0.249 0.242 0.242 0.2365 0.2365 0.2365 0.227 0.227 0.236 0.236 0.24 0.24 0.246 0.246 0.246 0.2465 0.2465 0.2385 0.2385 0.191 0.191 0.191 0.1225 0.1225 0.178 0.178 0.255 0.255 0.255 0.268 0.268 0.1935 0.1935 0.203 0.203 0.203 0.207
0.239 0.239 0.2325 0.2325 0.2475 0.2475 0.248 0.248 0.248 0.244 0.244 0.211 0.211 0.2215 0.2215 0.223 0.223 0.223 0.2345 0.2345 0.2275 0.2275 0.1935 0.1935 0.1935 0.2055 0.2055 0.2215 0.2215 0.237 0.237 0.237 0.2445 0.2445 0.2415 0.2415 0.24 0.24 0.24 0.253 0.253 0.254 0.254 0.2595 0.2595 0.2595 0.239 0.239 0.2465 0.2465 0.257 0.257 0.2705 0.2705 0.2705 0.2195 0.2195 0.2305 0.2305 0.253 0.253 0.253 0.23 0.23 0.2185 0.2185 0.245 0.245 0.245 0.268 0.268 0.2715 0.2715 0.257 0.257 0.257 0.2455
0.239 0.239 0.2325 0.2325 0.2475 0.2475 0.248 0.248 0.248 0.244 0.244 0.211 0.211 0.2215 0.2215 0.223 0.223 0.223 0.2345 0.2345 0.2275 0.2275 0.1935 0.1935 0.1935 0.2055 0.2055 0.2215 0.2215 0.237 0.237 0.237 0.2445 0.2445 0.2415 0.2415 0.24 0.24 0.24 0.253 0.253 0.254 0.254 0.2595 0.2595 0.2595 0.239 0.239 0.2465 0.2465 0.257 0.257 0.2705 0.2705 0.2705 0.2195 0.2195 0.2305 0.2305 0.253 0.253 0.253 0.23 0.23 0.2185 0.2185 0.245 0.245 0.245 0.268 0.268 0.2715 0.2715 0.257 0.257 0.257 0.2455
0.219 0.219 0.223 0.223 0.2585 0.2585 0.267 0.267 0.267 0.2475 0.2475 0.2325 0.2325 0.2315 0.2315 0.2375 0.2375 0.2375 0.2495 0.2495 0.241 0.241 0.249 0.249 0.249 0.2505 0.2505 0.247 0.247 0.2485 0.2485 0.2485 0.2675 0.2675 0.277 0.277 0.2605 0.2605 0.2605 0.255 0.255 0.2565 0.2565 0.2545 0.2545 0.2545 0.2555 0.2555 0.255 0.255 0.2615 0.2615 0.266 0.266 0.266 0.2565 0.2565 0.24 0.24 0.235 0.235 0.235 0.241 0.241 0.212 0.212 0.2645 0.2645 0.2645 0.273 0.273 0.265 0.265 0.2255 0.2255 0.2255 0.201
