ndvi/NOAA-372.asc
ncols         252
nrows         154
xllcorner     -18.017974
yllcorner     13.481982
cellsize      0.035948
NODATA_value  -9999
[rows 34 to 67 of 154, columns 78 to 155 of 252]
0.165 0.1675 0.1675 0.1615 0.1615 0.1565 0.1565 0.1565 0.153 0.153 0.1635 0.1635 0.1625 0.1625 0.172 0.172 0.172 0.184 0.184 0.192 0.192 0.1955 0.1955 0.1955 0.207 0.207 0.1865 0.1865 0.195 0.195 0.195 0.1815 0.1815 0.1845 0.1845 0.1745 0.1745 0.1745 0.171 0.171 0.1685 0.1685 0.209 0.209 0.209 0.177 0.177 0.159 0.159 0.1695 0.1695 0.169 0.169 0.169 0.1795 0.1795 0.1665 0.1665 0.181 0.181 0.181 0.194 0.194 0.1975 0.1975 0.213 0.213 0.213 0.1835 0.1835 0.157 0.157 0.137 0.137 0.137 0.148 0.148 0.15
0.165 0.1675 0.1675 0.1615 0.1615 0.1565 0.1565 0.1565 0.153 0.153 0.1635 0.1635 0.1625 0.1625 0.172 0.172 0.172 0.184 0.184 0.192 0.192 0.1955 0.1955 0.1955 0.207 0.207 0.1865 0.1865 0.195 0.195 0.195 0.1815 0.1815 0.1845 0.1845 0.1745 0.1745 0.1745 0.171 0.171 0.1685 0.1685 0.209 0.209 0.209 0.177 0.177 0.159 0.159 0.1695 0.1695 0.169 0.169 0.169 0.1795 0.1795 0.1665 0.1665 0.181 0.181 0.181 0.194 0.194 0.1975 0.1975 0.213 0.213 0.213 0.1835 0.1835 0.157 0.157 0.137 0.137 0.137 0.148 0.148 0.15
0.165 0.1675 0.1675 0.1615 0.1615 0.1565 0.1565 0.1565 0.153 0.153 0.1635 0.1635 0.1625 0.1625 0.172 0.172 0.172 0.184 0.184 0.192 0.192 0.1955 0.1955 0.1955 0.207 0.207 0.1865 0.1865 0.195 0.195 0.195 0.1815 0.1815 0.1845 0.1845 0.1745 0.1745 0.1745 0.171 0.171 0.1685 0.1685 0.209 0.209 0.209 0.177 0.177 0.159 0.159 0.1695 0.1695 0.169 0.169 0.169 0.1795 0.1795 0.1665 0.1665 0.181 0.181 0.181 0.194 0.194 0.1975 0.1975 0.213 0.213 0.213 0.1835 0.1835 0.157 0.157 0.137 0.137 0.137 0.148 0.148 0.15
0.1655 0.164 0.164 0.171 0.171 0.1715 0.1715 0.1715 0.162 0.162 0.1675 0.1675 0.1825 0.1825 0.174 0.174 0.174 0.179 0.179 0.179 0.179 0.1805 0.1805 0.1805 0.1965 0.1965 0.2195 0.2195 0.209 0.209 0.209 0.1895 0.1895 0.194 0.194 0.19 0.19 0.19 0.1865 0.1865 0.2125 0.2125 0.237 0.237 0.237 0.1895 0.1895 0.1815 0.1815 0.1925 0.1925 0.207 0.207 0.207 0.204 0.204 0.201 0.201 0.2045 0.2045 0.2045 0.18 0.18 0.1905 0.1905 0.196 0.196 0.196 0.255 0.255 0.1755 0.1755 0.1625 0.1625 0.1625 0.141 0.141 0.163
0.1655 0.164 0.164 0.171 0.171 0.1715 0.1715 0.1715 0.162 0.162 0.1675 0.1675 0.1825 0.1825 0.174 0.174 0.174 0.179 0.179 0.179 0.179 0.1805 0.1805 0.1805 0.1965 0.1965 0.2195 0.2195 0.209 0.209 0.209 0.1895 0.1895 0.194 0.194 0.19 0.19 0.19 0.1865 0.1865 0.2125 0.2125 0.237 0.237 0.237 0.1895 0.1895 0.1815 0.1815 0.1925 0.1925 0.207 0.207 0.207 0.204 0.204 0.201 0.201 0.2045 0.2045 0.2045 0.18 0.18 0.1905 0.1905 0.196 0.196 0.196 0.255 0.255 0.1755 0.1755 0.1625 0.1625 0.1625 0.141 0.141 0.163
0.1625 0.1675 0.1675 0.165 0.165 0.1565 0.1565 0.1565 0.1625 0.1625 0.169 0.169 0.174 0.174 0.17 0.17 0.17 0.1775 0.1775 0.1825 0.1825 0.1915 0.1915 0.1915 0.197 0.197 0.197 0.197 0.219 0.219 0.219 0.2095 0.2095 0.2055 0.2055 0.208 0.208 0.208 0.206 0.206 0.2325 0.2325 0.2535 0.2535 0.2535 0.2325 0.2325 0.226 0.226 0.222 0.222 0.263 0.263 0.263 0.2455 0.2455 0.2385 0.2385 0.2 0.2 0.2 0.2075 0.2075 0.202 0.202 0.1995 0.1995 0.1995 0.197 0.197 0.149 0.149 0.2115 0.2115 0.2115 0.17 0.17 0.136
0.1625 0.1675 0.1675 0.165 0.165 0.1565 0.1565 0.1565 0.1625 0.1625 0.169 0.169 0.174 0.174 0.17 0.17 0.17 0.1775 0.1775 0.1825 0.1825 0.1915 0.1915 0.1915 0.197 0.197 0.197 0.197 0.219 0.219 0.219 0.2095 0.2095 0.2055 0.2055 0.208 0.208 0.208 0.206 0.206 0.2325 0.2325 0.2535 0.2535 0.2535 0.2325 0.2325 0.226 0.226 0.222 0.222 0.263 0.263 0.263 0.2455 0.2455 0.2385 0.2385 0.2 0.2 0.2 0.2075 0.2075 0.202 0.202 0.1995 0.1995 0.1995 0.197 0.197 0.149 0.149 0.2115 0.2115 0.2115 0.17 0.17 0.136
0.1735 0.172 0.172 0.1685 0.1685 0.162 0.162 0.162 0.1625 0.1625 0.1755 0.1755 0.193 0.193 0.1825 0.1825 0.1825 0.175 0.175 0.1955 0.1955 0.2 0.2 0.2 0.185 0.185 0.199 0.199 0.208 0.208 0.208 0.206 0.206 0.2005 0.2005 0.2225 0.2225 0.2225 0.2255 0.2255 0.2365 0.2365 0.2415 0.2415 0.2415 0.2295 0.2295 0.202 0.202 0.231 0.231 0.3395 0.3395 0.3395 0.2165 0.2165 0.246 0.246 0.267 0.267 0.267 0.2065 0.2065 0.198 0.198 0.1535 0.1535 0.1535 0.166 0.166 0.1675 0.1675 0.1575 0.1575 0.1575 0.1495 0.1495 0.139
0.1735 0.172 0.172 0.1685 0.1685 0.162 0.162 0.162 0.1625 0.1625 0.1755 0.1755 0.193 0.193 0.1825 0.1825 0.1825 0.175 0.175 0.1955 0.1955 0.2 0.2 0.2 0.185 0.185 0.199 0.199 0.208 0.208 0.208 0.206 0.206 0.2005 0.2005 0.2225 0.2225 0.2225 0.2255 0.2255 0.2365 0.2365 0.2415 0.2415 0.2415 0.2295 0.2295 0.202 0.202 0.231 0.231 0.3395 0.3395 0.3395 0.2165 0.2165 0.246 0.246 0.267 0.267 0.267 0.2065 0.2065 0.198 0.198 0.1535 0.1535 0.1535 0.166 0.166 0.1675 0.1675 0.1575 0.1575 0.1575 0.1495 0.1495 0.139
0.1735 0.172 0.172 0.1685 0.1685 0.162 0.162 0.162 0.1625 0.1625 0.1755 0.1755 0.193 0.193 0.1825 0.1825 0.1825 0.175 0.175 0.1955 0.1955 0.2 0.2 0.2 0.185 0.185 0.199 0.199 0.208 0.208 0.208 0.206 0.206 0.2005 0.2005 0.2225 0.2225 0.2225 0.2255 0.2255 0.2365 0.2365 0.2415 0.2415 0.2415 0.2295 0.2295 0.202 0.202 0.231 0.231 0.3395 0.3395 0.3395 0.2165 0.2165 0.246 0.246 0.267 0.267 0.267 0.2065 0.2065 0.198 0.198 0.1535 0.1535 0.1535 0.166 0.166 0.1675 0.1675 0.1575 0.1575 0.1575 0.1495 0.1495 0.139
0.1975 0.178 0.178 0.167 0.167 0.169 0.169 0.169 0.177 0.177 0.1895 0.1895 0.1925 0.1925 0.2 0.2 0.2 0.202 0.202 0.1965 0.1965 0.193 0.193 0.193 0.208 0.208 0.209 0.209 0.205 0.205 0.205 0.2125 0.2125 0.2175 0.2175 0.235 0.235 0.235 0.2445 0.2445 0.204 0.204 0.1995 0.1995 0.1995 0.2225 0.2225 0.1965 0.1965 0.205 0.205 0.2145 0.2145 0.2145 0.207 0.207 0.2055 0.2055 0.1995 0.1995 0.1995 0.1935 0.1935 0.175 0.175 0.1495 0.1495 0.1495 0.16 0.16 0.1515 0.1515 0.1565 0.1565 0.1565 0.155 0.155 0.16
0.1975 0.178 0.178 0.167 0.167 0.169 0.169 0.169 0.177 0.177 0.1895 0.1895 0.1925 0.1925 0.2 0.2 0.2 0.202 0.202 0.1965 0.1965 0.193 0.193 0.193 0.208 0.208 0.209 0.209 0.205 0.205 0.205 0.2125 0.2125 0.2175 0.2175 0.235 0.235 0.235 0.2445 0.2445 0.204 0.204 0.1995 0.1995 0.1995 0.2225 0.2225 0.1965 0.1965 0.205 0.205 0.2145 0.2145 0.2145 0.207 0.207 0.2055 0.2055 0.1995 0.1995 0.1995 0.1935 0.1935 0.175 0.175 0.1495 0.1495 0.1495 0.16 0.16 0.1515 0.1515 0.1565 0.1565 0.1565 0.155 0.155 0.16
0.1865 0.1715 0.1715 0.1735 0.1735 0.1725 0.1725 0.1725 0.1845 0.1845 0.1955 0.1955 0.175 0.175 0.1755 0.1755 0.1755 0.1975 0.1975 0.184 0.184 0.195 0.195 0.195 0.216 0.216 0.219 0.219 0.226 0.226 0.226 0.2495 0.2495 0.292 0.292 0.272 0.272 0.272 0.196 0.196 0.1985 0.1985 0.1945 0.1945 0.1945 0.209 0.209 0.221 0.221 0.223 0.223 0.21 0.21 0.21 0.1955 0.1955 0.2 0.2 0.192 0.192 0.192 0.1885 0.1885 0.157 0.157 0.2565 0.2565 0.2565 0.174 0.174 0.181 0.181 0.164 0.164 0.164 0.18 0.18 0.214
0.1865 0.1715 0.1715 0.1735 0.1735 0.1725 0.1725 0.1725 0.1845 0.1845 0.1955 0.1955 0.175 0.175 0.1755 0.1755 0.1755 0.1975 0.1975 0.184 0.184 0.195 0.195 0.195 0.216 0.216 0.219 0.219 0.226 0.226 0.226 0.2495 0.2495 0.292 0.292 0.272 0.272 0.272 0.196 0.196 0.1985 0.1985 0.1945 0.1945 0.1945 0.209 0.209 0.221 0.221 0.223 0.223 0.21 0.21 0.21 0.1955 0.1955 0.2 0.2 0.192 0.192 0.192 0.1885 0.1885 0.157 0.157 0.2565 0.2565 0.2565 0.174 0.174 0.181 0.181 0.164 0.164 0.164 0.18 0.18 0.214
0.1895 0.18 0.18 0.1985 0.1985 0.209 0.209 0.209 0.208 0.208 0.1835 0.1835 0.198 0.198 0.208 0.208 0.208 0.211 0.211 0.2365 0.2365 0.231 0.231 0.231 0.246 0.246 0.264 0.264 0.246 0.246 0.246 0.3035 0.3035 0.2935 0.2935 0.204 0.204 0.204 0.196 0.196 0.18 0.18 0.18 0.18 0.18 0.209 0.209 0.2225 0.2225 0.2055 0.2055 0.198 0.198 0.198 0.1835 0.1835 0.1905 0.1905 0.1955 0.1955 0.1955 0.2005 0.2005 0.182 0.182 0.1875 0.1875 0.1875 0.227 0.227 0.188 0.188 0.1575 0.1575 0.1575 0.1445 0.1445 0.165
0.1895 0.18 0.18 0.1985 0.1985 0.209 0.209 0.209 0.208 0.208 0.1835 0.1835 0.198 0.198 0.208 0.208 0.208 0.211 0.211 0.2365 0.2365 0.231 0.231 0.231 0.246 0.246 0.264 0.264 0.246 0.246 0.246 0.3035 0.3035 0.2935 0.2935 0.204 0.204 0.204 0.196 0.196 0.18 0.18 0.18 0.18 0.18 0.209 0.209 0.2225 0.2225 0.2055 0.2055 0.198 0.198 0.198 0.1835 0.1835 0.1905 0.1905 0.1955 0.1955 0.1955 0.2005 0.2005 0.182 0.182 0.1875 0.1875 0.1875 0.227 0.227 0.188 0.188 0.1575 0.1575 0.1575 0.1445 0.1445 0.165
0.1895 0.18 0.18 0.1985 0.1985 0.209 0.209 0.209 0.208 0.208 0.1835 0.1835 0.198 0.198 0.208 0.208 0.208 0.211 0.211 0.2365 0.2365 0.231 0.231 0.231 0.246 0.246 0.264 0.264 0.246 0.246 0.246 0.3035 0.3035 0.2935 0.2935 0.204 0.204 0.204 0.196 0.196 0.18 0.18 0.18 0.18 0.18 0.209 0.209 0.2225 0.2225 0.2055 0.2055 0.198 0.198 0.198 0.1835 0.1835 0.1905 0.1905 0.1955 0.1955 0.1955 0.2005 0.2005 0.182 0.182 0.1875 0.1875 0.1875 0.227 0.227 0.188 0.188 0.1575 0.1575 0.1575 0.1445 0.1445 0.165
0.1965 0.218 0.218 0.227 0.227 0.2305 0.2305 0.2305 0.231 0.231 0.2305 0.2305 0.2525 0.2525 0.2325 0.2325 0.2325 0.2295 0.2295 0.25 0.25 0.263 0.263 0.263 0.274 0.274 0.291 0.291 0.2675 0.2675 0.2675 0.28 0.28 0.2955 0.2955 0.243 0.243 0.243 0.1685 0.1685 0.185 0.185 0.173 0.173 0.173 0.183 0.183 0.178 0.178 0.192 0.192 0.2 0.2 0.2 0.204 0.204 0.1965 0.1965 0.188 0.188 0.188 0.226 0.226 0.23 0.23 0.205 0.205 0.205 0.2265 0.2265 0.2375 0.2375 0.1975 0.1975 0.1975 0.151 0.151 0.151
0.1965 0.218 0.218 0.227 0.227 0.2305 0.2305 0.2305 0.231 0.231 0.2305 0.2305 0.2525 0.2525 0.2325 0.2325 0.2325 0.2295 0.2295 0.25 0.25 0.263 0.263 0.263 0.274 0.274 0.291 0.291 0.2675 0.2675 0.2675 0.28 0.28 0.2955 0.2955 0.243 0.243 0.243 0.1685 0.1685 0.185 0.185 0.173 0.173 0.173 0.183 0.183 0.178 0.178 0.192 0.192 0.2 0.2 0.2 0.204 0.204 0.1965 0.1965 0.188 0.188 0.188 0.226 0.226 0.23 0.23 0.205 0.205 0.205 0.2265 0.2265 0.2375 0.2375 0.1975 0.1975 0.1975 0.151 0.151 0.151
0.2405 0.2455 0.2455 0.2315 0.2315 0.2285 0.2285 0.2285 0.2575 0.2575 0.243 0.243 0.245 0.245 0.2225 0.2225 0.2225 0.2545 0.2545 0.2495 0.2495 0.2455 0.2455 0.2455 0.245 0.245 0.24 0.24 0.2445 0.2445 0.2445 0.227 0.227 0.248 0.248 0.261 0.261 0.261 0.223 0.223 0.1855 0.1855 0.172 0.172 0.172 0.165 0.165 0.1625 0.1625 0.2045 0.2045 0.199 0.199 0.199 0.2145 0.2145 0.2315 0.2315 0.244 0.244 0.244 0.2455 0.2455 0.234 0.234 0.21 0.21 0.21 0.2115 0.2115 0.22 0.22 0.2055 0.2055 0.2055 0.134 0.134 0.14
0.2405 0.2455 0.2455 0.2315 0.2315 0.2285 0.2285 0.2285 0.2575 0.2575 0.243 0.243 0.245 0.245 0.2225 0.2225 0.2225 0.2545 0.2545 0.2495 0.2495 0.2455 0.2455 0.2455 0.245 0.245 0.24 0.24 0.2445 0.2445 0.2445 0.227 0.227 0.248 0.248 0.261 0.261 0.261 0.223 0.223 0.1855 0.1855 0.172 0.172 0.172 0.165 0.165 0.1625 0.1625 0.2045 0.2045 0.199 0.199 0.199 0.2145 0.2145 0.2315 0.2315 0.244 0.244 0.244 0.2455 0.2455 0.234 0.234 0.21 0.21 0.21 0.2115 0.2115 0.22 0.22 0.2055 0.2055 0.2055 0.134 0.134 0.14
0.3025 0.281 0.281 0.2495 0.2495 0.238 0.238 0.238 0.241 0.241 0.252 0.252 0.2435 0.2435 0.2325 0.2325 0.2325 0.234 0.234 0.244 0.244 0.2365 0.2365 0.2365 0.232 0.232 0.212 0.212 0.228 0.228 0.228 0.2165 0.2165 0.219 0.219 0.2475 0.2475 0.2475 0.244 0.244 0.173 0.173 0.1765 0.1765 0.1765 0.162 0.162 0.2075 0.2075 0.2055 0.2055 0.2375 0.2375 0.2375 0.24 0.24 0.2395 0.2395 0.251 0.251 0.251 0.2325 0.2325 0.2445 0.2445 0.22 0.22 0.22 0.188 0.188 0.187 0.187 0.173 0.173 0.173 0.126 0.126 0.162
0.3025 0.281 0.281 0.2495 0.2495 0.238 0.238 0.238 0.241 0.241 0.252 0.252 0.2435 0.2435 0.2325 0.2325 0.2325 0.234 0.234 0.244 0.244 0.2365 0.2365 0.2365 0.232 0.232 0.212 0.212 0.228 0.228 0.228 0.2165 0.2165 0.219 0.219 0.2475 0.2475 0.2475 0.244 0.244 0.173 0.173 0.1765 0.1765 0.1765 0.162 0.162 0.2075 0.2075 0.2055 0.2055 0.2375 0.2375 0.2375 0.24 0.24 0.2395 0.2395 0.251 0.251 0.251 0.2325 0.2325 0.2445 0.2445 0.22 0.22 0.22 0.188 0.188 0.187 0.187 0.173 0.173 0.173 0.126 0.126 0.162
0.29 0.2715 0.2715 0.2625 0.2625 0.2465 0.2465 0.2465 0.244 0.244 0.2225 0.2225 0.241 0.241 0.2475 0.2475 0.2475 0.233 0.233 0.2445 0.2445 0.251 0.251 0.251 0.2505 0.2505 0.2415 0.2415 0.231 0.231 0.231 0.2355 0.2355 0.2275 0.2275 0.251 0.251 0.251 0.226 0.226 0.209 0.209 0.2255 0.2255 0.2255 0.202 0.202 0.183 0.183 0.185 0.185 0.21 0.21 0.21 0.2375 0.2375 0.247 0.247 0.2535 0.2535 0.2535 0.2565 0.2565 0.2475 0.2475 0.2055 0.2055 0.2055 0.19 0.19 0.1735 0.1735 0.1495 0.1495 0.1495 0.1145 0.1145 0.1435
0.29 0.2715 0.2715 0.2625 0.2625 0.2465 0.2465 0.2465 0.244 0.244 0.2225 0.2225 0.241 0.241 0.2475 0.2475 0.2475 0.233 0.233 0.2445 0.2445 0.251 0.251 0.251 0.2505 0.2505 0.2415 0.2415 0.231 0.231 0.231 0.2355 0.2355 0.2275 0.2275 0.251 0.251 0.251 0.226 0.226 0.209 0.209 0.2255 0.2255 0.2255 0.202 0.202 0.183 0.183 0.185 0.185 0.21 0.21 0.21 0.2375 0.2375 0.247 0.247 0.2535 0.2535 0.2535 0.2565 0.2565 0.2475 0.2475 0.2055 0.2055 0.2055 0.19 0.19 0.1735 0.1735 0.1495 0.1495 0.1495 0.1145 0.1145 0.1435
0.29 0.2715 0.2715 0.2625 0.2625 0.2465 0.2465 0.2465 0.244 0.244 0.2225 0.2225 0.241 0.241 0.2475 0.2475 0.2475 0.233 0.233 0.2445 0.2445 0.251 0.251 0.251 0.2505 0.2505 0.2415 0.2415 0.231 0.231 0.231 0.2355 0.2355 0.2275 0.2275 0.251 0.251 0.251 0.226 0.226 0.209 0.209 0.2255 0.2255 0.2255 0.202 0.202 0.183 0.183 0.185 0.185 0.21 0.21 0.21 0.2375 0.2375 0.247 0.247 0.2535 0.2535 0.2535 0.2565 0.2565 0.2475 0.2475 0.2055 0.2055 0.2055 0.19 0.19 0.1735 0.1735 0.1495 0.1495 0.1495 0.1145 0.1145 0.1435
0.2815 0.2715 0.2715 0.279 0.279 0.27 0.27 0.27 0.244 0.244 0.2215 0.2215 0.271 0.271 0.279 0.279 0.279 0.226 0.226 0.2315 0.2315 0.245 0.245 0.245 0.2725 0.2725 0.2825 0.2825 0.273 0.273 0.273 0.295 0.295 0.3065 0.3065 0.2715 0.2715 0.2715 0.217 0.217 0.204 0.204 0.224 0.224 0.224 0.2235 0.2235 0.197 0.197 0.132 0.132 0.1585 0.1585 0.1585 0.1695 0.1695 0.224 0.224 0.253 0.253 0.253 0.246 0.246 0.257 0.257 0.2515 0.2515 0.2515 0.2325 0.2325 0.237 0.237 0.1685 0.1685 0.1685 0.1105 0.1105 0.135
0.2815 0.2715 0.2715 0.279 0.279 0.27 0.27 0.27 0.244 0.244 0.2215 0.2215 0.271 0.271 0.279 0.279 0.279 0.226 0.226 0.2315 0.2315 0.245 0.245 0.245 0.2725 0.2725 0.2825 0.2825 0.273 0.273 0.273 0.295 0.295 0.3065 0.3065 0.2715 0.2715 0.2715 0.217 0.217 0.204 0.204 0.224 0.224 0.224 0.2235 0.2235 0.197 0.197 0.132 0.132 0.1585 0.1585 0.1585 0.1695 0.1695 0.224 0.224 0.253 0.253 0.253 0.246 0.246 0.257 0.257 0.2515 0.2515 0.2515 0.2325 0.2325 0.237 0.237 0.1685 0.1685 0.1685 0.1105 0.1105 0.135
0.3355 0.328 0.328 0.2705 0.2705 0.293 0.293 0.293 0.441 0.441 0.409 0.409 0.323 0.323 0.2285 0.2285 0.2285 0.194 0.194 0.2735 0.2735 0.3055 0.3055 0.3055 0.3535 0.3535 0.2955 0.2955 0.298 0.298 0.298 0.312 0.312 0.3035 0.3035 0.28 0.28 0.28 0.2485 0.2485 0.224 0.224 0.244 0.244 0.244 0.202 0.202 0.1815 0.1815 0.196 0.196 0.2105 0.2105 0.2105 0.19 0.19 0.2305 0.2305 0.252 0.252 0.252 0.265 0.265 0.258 0.258 0.222 0.222 0.222 0.2065 0.2065 0.2175 0.2175 0.178 0.178 0.178 0.142 0.142 0.1485
0.3355 0.328 0.328 0.2705 0.2705 0.293 0.293 0.293 0.441 0.441 0.409 0.409 0.323 0.323 0.2285 0.2285 0.2285 0.194 0.194 0.2735 0.2735 0.3055 0.3055 0.3055 0.3535 0.3535 0.2955 0.2955 0.298 0.298 0.298 0.312 0.312 0.3035 0.3035 0.28 0.28 0.28 0.2485 0.2485 0.224 0.224 0.244 0.244 0.244 0.202 0.202 0.1815 0.1815 0.196 0.196 0.2105 0.2105 0.2105 0.19 0.19 0.2305 0.2305 0.252 0.252 0.252 0.265 0.265 0.258 0.258 0.222 0.222 0.222 0.2065 0.2065 0.2175 0.2175 0.178 0.178 0.178 0.142 0.142 0.1485
0.2975 0.3535 0.3535 0.281 0.281 0.2825 0.2825 0.2825 0.2625 0.2625 0.252 0.252 0.3535 0.3535 0.274 0.274 0.274 0.272 0.272 0.2825 0.2825 0.3795 0.3795 0.3795 0.286 0.286 0.3035 0.3035 0.2715 0.2715 0.2715 0.271 0.271 0.2855 0.2855 0.274 0.274 0.274 0.3035 0.3035 0.246 0.246 0.2875 0.2875 0.2875 0.229 0.229 0.1815 0.1815 0.1525 0.1525 0.2225 0.2225 0.2225 0.213 0.213 0.215 0.215 0.2715 0.2715 0.2715 0.253 0.253 0.253 0.253 0.257 0.257 0.257 0.259 0.259 0.231 0.231 0.195 0.195 0.195 0.1595 0.1595 0.168
0.2975 0.3535 0.3535 0.281 0.281 0.2825 0.2825 0.2825 0.2625 0.2625 0.252 0.252 0.3535 0.3535 0.274 0.274 0.274 0.272 0.272 0.2825 0.2825 0.3795 0.3795 0.3795 0.286 0.286 0.3035 0.3035 0.2715 0.2715 0.2715 0.271 0.271 0.2855 0.2855 0.274 0.274 0.274 0.3035 0.3035 0.246 0.246 0.2875 0.2875 0.2875 0.229 0.229 0.1815 0.1815 0.1525 0.1525 0.2225 0.2225 0.2225 0.213 0.213 0.215 0.215 0.2715 0.2715 0.2715 0.253 0.253 0.253 0.253 0.257 0.257 0.257 0.259 0.259 0.231 0.231 0.195 0.195 0.195 0.1595 0.1595 0.168
0.2975 0.3535 0.3535 0.281 0.281 0.2825 0.2825 0.2825 0.2625 0.2625 0.252 0.252 0.3535 0.3535 0.274 0.274 0.274 0.272 0.272 0.2825 0.2825 0.3795 0.3795 0.3795 0.286 0.286 0.3035 0.3035 0.2715 0.2715 0.2715 0.271 0.271 0.2855 0.2855 0.274 0.274 0.274 0.3035 0.3035 0.246 0.246 0.2875 0.2875 0.2875 0.229 0.229 0.1815 0.1815 0.1525 0.1525 0.2225 0.2225 0.2225 0.213 0.213 0.215 0.215 0.2715 0.2715 0.2715 0.253 0.253 0.253 0.253 0.257 0.257 0.257 0.259 0.259 0.231 0.231 0.195 0.195 0.195 0.1595 0.1595 0.168
0.302 0.364 0.364 0.329 0.329 0.259 0.259 0.259 0.253 0.253 0.265 0.265 0.281 0.281 0.36 0.36 0.36 0.29 0.29 0.292 0.292 0.29 0.29 0.29 0.292 0.292 0.276 0.276 0.276 0.276 0.276 0.2775 0.2775 0.278 0.278 0.2885 0.2885 0.2885 0.2735 0.2735 0.2615 0.2615 0.2385 0.2385 0.2385 0.1885 0.1885 0.2165 0.2165 0.23 0.23 0.232 0.232 0.232 0.242 0.242 0.2485 0.2485 0.2495 0.2495 0.2495 0.2505 0.2505 0.2955 0.2955 0.3285 0.3285 0.3285 0.323 0.323 0.2235 0.2235 0.17 0.17 0.17 0.18 0.18 0.17
