ndvi/NOAA-226.asc
ncols         252
nrows         154
xllcorner     -18.017974
yllcorner     13.481982
cellsize      0.035948
NODATA_value  -9999
[rows 68 to 101 of 154, columns 77 to 153 of 252]
0.2835 0.2835 0.2565 0.2565 0.204 0.204 0.2275 0.2275 0.2275 0.2625 0.2625 0.253 0.253 0.3805 0.3805 0.2435 0.2435 0.2435 0.273 0.273 0.225 0.225 0.2055 0.2055 0.2055 0.2385 0.2385 0.274 0.274 0.286 0.286 0.286 0.2765 0.2765 0.26 0.26 0.254 0.254 0.254 0.2465 0.2465 0.2325 0.2325 0.181 0.181 0.181 0.139 0.139 0.192 0.192 0.2185 0.2185 0.2235 0.2235 0.2235 0.2285 0.2285 0.254 0.254 0.299 0.299 0.299 0.33 0.33 0.2875 0.2875 0.3515 0.3515 0.3515 0.2785 0.2785 0.2275 0.2275 0.2185 0.2185 0.2185 0.1675
0.2575 0.2575 0.2735 0.2735 0.231 0.231 0.2595 0.2595 0.2595 0.2635 0.2635 0.266 0.266 0.309 0.309 0.272 0.272 0.272 0.2765 0.2765 0.3105 0.3105 0.3215 0.3215 0.3215 0.262 0.262 0.2435 0.2435 0.2485 0.2485 0.2485 0.271 0.271 0.2275 0.2275 0.246 0.246 0.246 0.252 0.252 0.21 0.21 0.2525 0.2525 0.2525 0.2115 0.2115 0.1915 0.1915 0.1905 0.1905 0.236 0.236 0.236 0.244 0.244 0.2425 0.2425 0.266 0.266 0.266 0.3035 0.3035 0.269 0.269 0.2635 0.2635 0.2635 0.2775 0.2775 0.255 0.255 0.2295 0.2295 0.2295 0.1645
0.2575 0.2575 0.2735 0.2735 0.231 0.231 0.2595 0.2595 0.2595 0.2635 0.2635 0.266 0.266 0.309 0.309 0.272 0.272 0.272 0.2765 0.2765 0.3105 0.3105 0.3215 0.3215 0.3215 0.262 0.262 0.2435 0.2435 0.2485 0.2485 0.2485 0.271 0.271 0.2275 0.2275 0.246 0.246 0.246 0.252 0.252 0.21 0.21 0.2525 0.2525 0.2525 0.2115 0.2115 0.1915 0.1915 0.1905 0.1905 0.236 0.236 0.236 0.244 0.244 0.2425 0.2425 0.266 0.266 0.266 0.3035 0.3035 0.269 0.269 0.2635 0.2635 0.2635 0.2775 0.2775 0.255 0.255 0.2295 0.2295 0.2295 0.1645
0.34 0.34 0.289 0.289 0.245 0.245 0.2885 0.2885 0.2885 0.2405 0.2405 0.275 0.275 0.287 0.287 0.27 0.27 0.27 0.2945 0.2945 0.257 0.257 0.2565 0.2565 0.2565 0.2375 0.2375 0.265 0.265 0.2495 0.2495 0.2495 0.2485 0.2485 0.23 0.23 0.2475 0.2475 0.2475 0.243 0.243 0.2465 0.2465 0.2295 0.2295 0.2295 0.1655 0.1655 0.1905 0.1905 0.21 0.21 0.243 0.243 0.243 0.2575 0.2575 0.2775 0.2775 0.2525 0.2525 0.2525 0.286 0.286 0.275 0.275 0.2515 0.2515 0.2515 0.2565 0.2565 0.247 0.247 0.2455 0.2455 0.2455 0.174
0.34 0.34 0.289 0.289 0.245 0.245 0.2885 0.2885 0.2885 0.2405 0.2405 0.275 0.275 0.287 0.287 0.27 0.27 0.27 0.2945 0.2945 0.257 0.257 0.2565 0.2565 0.2565 0.2375 0.2375 0.265 0.265 0.2495 0.2495 0.2495 0.2485 0.2485 0.23 0.23 0.2475 0.2475 0.2475 0.243 0.243 0.2465 0.2465 0.2295 0.2295 0.2295 0.1655 0.1655 0.1905 0.1905 0.21 0.21 0.243 0.243 0.243 0.2575 0.2575 0.2775 0.2775 0.2525 0.2525 0.2525 0.286 0.286 0.275 0.275 0.2515 0.2515 0.2515 0.2565 0.2565 0.247 0.247 0.2455 0.2455 0.2455 0.174
0.34 0.34 0.289 0.289 0.245 0.245 0.2885 0.2885 0.2885 0.2405 0.2405 0.275 0.275 0.287 0.287 0.27 0.27 0.27 0.2945 0.2945 0.257 0.257 0.2565 0.2565 0.2565 0.2375 0.2375 0.265 0.265 0.2495 0.2495 0.2495 0.2485 0.2485 0.23 0.23 0.2475 0.2475 0.2475 0.243 0.243 0.2465 0.2465 0.2295 0.2295 0.2295 0.1655 0.1655 0.1905 0.1905 0.21 0.21 0.243 0.243 0.243 0.2575 0.2575 0.2775 0.2775 0.2525 0.2525 0.2525 0.286 0.286 0.275 0.275 0.2515 0.2515 0.2515 0.2565 0.2565 0.247 0.247 0.2455 0.2455 0.2455 0.174
0.307 0.307 0.299 0.299 0.3165 0.3165 0.2935 0.2935 0.2935 0.2485 0.2485 0.2825 0.2825 0.3055 0.3055 0.2905 0.2905 0.2905 0.326 0.326 0.303 0.303 0.2845 0.2845 0.2845 0.257 0.257 0.262 0.262 0.269 0.269 0.269 0.245 0.245 0.254 0.254 0.243 0.243 0.243 0.2115 0.2115 0.21 0.21 0.2015 0.2015 0.2015 0.2 0.2 0.269 0.269 0.2695 0.2695 0.2605 0.2605 0.2605 0.237 0.237 0.253 0.253 0.266 0.266 0.266 0.2545 0.2545 0.254 0.254 0.246 0.246 0.246 0.242 0.242 0.2335 0.2335 0.162 0.162 0.162 0.178
0.307 0.307 0.299 0.299 0.3165 0.3165 0.2935 0.2935 0.2935 0.2485 0.2485 0.2825 0.2825 0.3055 0.3055 0.2905 0.2905 0.2905 0.326 0.326 0.303 0.303 0.2845 0.2845 0.2845 0.257 0.257 0.262 0.262 0.269 0.269 0.269 0.245 0.245 0.254 0.254 0.243 0.243 0.243 0.2115 0.2115 0.21 0.21 0.2015 0.2015 0.2015 0.2 0.2 0.269 0.269 0.2695 0.2695 0.2605 0.2605 0.2605 0.237 0.237 0.253 0.253 0.266 0.266 0.266 0.2545 0.2545 0.254 0.254 0.246 0.246 0.246 0.242 0.242 0.2335 0.2335 0.162 0.162 0.162 0.178
0.269 0.269 0.277 0.277 0.251 0.251 0.2455 0.2455 0.2455 0.2435 0.2435 0.281 0.281 0.2555 0.2555 0.2555 0.2555 0.2555 0.291 0.291 0.2845 0.2845 0.2655 0.2655 0.2655 0.281 0.281 0.255 0.255 0.257 0.257 0.257 0.268 0.268 0.245 0.245 0.2325 0.2325 0.2325 0.2385 0.2385 0.2035 0.2035 0.238 0.238 0.238 0.276 0.276 0.2725 0.2725 0.229 0.229 0.2 0.2 0.2 0.226 0.226 0.2295 0.2295 0.233 0.233 0.233 0.2485 0.2485 0.2455 0.2455 0.283 0.283 0.283 0.2415 0.2415 0.1601 0.1601 0.1035 0.1035 0.1035 0.151
0.269 0.269 0.277 0.277 0.251 0.251 0.2455 0.2455 0.2455 0.2435 0.2435 0.281 0.281 0.2555 0.2555 0.2555 0.2555 0.2555 0.291 0.291 0.2845 0.2845 0.2655 0.2655 0.2655 0.281 0.281 0.255 0.255 0.257 0.257 0.257 0.268 0.268 0.245 0.245 0.2325 0.2325 0.2325 0.2385 0.2385 0.2035 0.2035 0.238 0.238 0.238 0.276 0.276 0.2725 0.2725 0.229 0.229 0.2 0.2 0.2 0.226 0.226 0.2295 0.2295 0.233 0.233 0.233 0.2485 0.2485 0.2455 0.2455 0.283 0.283 0.283 0.2415 0.2415 0.1601 0.1601 0.1035 0.1035 0.1035 0.151
0.2355 0.2355 0.2485 0.2485 0.24 0.24 0.2155 0.2155 0.2155 0.2945 0.2945 0.267 0.267 0.272 0.272 0.223 0.223 0.223 0.2545 0.2545 0.2975 0.2975 0.2885 0.2885 0.2885 0.31 0.31 0.2935 0.2935 0.2555 0.2555 0.2555 0.278 0.278 0.305 0.305 0.3005 0.3005 0.3005 0.2445 0.2445 0.245 0.245 0.22 0.22 0.22 0.252 0.252 0.282 0.282 0.256 0.256 0.268 0.268 0.268 0.262 0.262 0.216 0.216 0.221 0.221 0.221 0.2235 0.2235 0.2175 0.2175 0.2245 0.2245 0.2245 0.2205 0.2205 0.199 0.199 0.148 0.148 0.148 0.157
0.2355 0.2355 0.2485 0.2485 0.24 0.24 0.2155 0.2155 0.2155 0.2945 0.2945 0.267 0.267 0.272 0.272 0.223 0.223 0.223 0.2545 0.2545 0.2975 0.2975 0.2885 0.2885 0.2885 0.31 0.31 0.2935 0.2935 0.2555 0.2555 0.2555 0.278 0.278 0.305 0.305 0.3005 0.3005 0.3005 0.2445 0.2445 0.245 0.245 0.22 0.22 0.22 0.252 0.252 0.282 0.282 0.256 0.256 0.268 0.268 0.268 0.262 0.262 0.216 0.216 0.221 0.221 0.221 0.2235 0.2235 0.2175 0.2175 0.2245 0.2245 0.2245 0.2205 0.2205 0.199 0.199 0.148 0.148 0.148 0.157
0.266 0.266 0.2685 0.2685 0.257 0.257 0.223 0.223 0.223 0.2345 0.2345 0.25 0.25 0.2515 0.2515 0.2195 0.2195 0.2195 0.2115 0.2115 0.192 0.192 0.269 0.269 0.269 0.283 0.283 0.238 0.238 0.24 0.24 0.24 0.2895 0.2895 0.34 0.34 0.3195 0.3195 0.3195 0.2865 0.2865 0.2955 0.2955 0.266 0.266 0.266 0.26 0.26 0.2665 0.2665 0.2645 0.2645 0.235 0.235 0.235 0.237 0.237 0.2415 0.2415 0.236 0.236 0.236 0.227 0.227 0.1905 0.1905 0.1895 0.1895 0.1895 0.165 0.165 0.1995 0.1995 0.1675 0.1675 0.1675 0.1335
0.266 0.266 0.2685 0.2685 0.257 0.257 0.223 0.223 0.223 0.2345 0.2345 0.25 0.25 0.2515 0.2515 0.2195 0.2195 0.2195 0.2115 0.2115 0.192 0.192 0.269 0.269 0.269 0.283 0.283 0.238 0.238 0.24 0.24 0.24 0.2895 0.2895 0.34 0.34 0.3195 0.3195 0.3195 0.2865 0.2865 0.2955 0.2955 0.266 0.266 0.266 0.26 0.26 0.2665 0.2665 0.2645 0.2645 0.235 0.235 0.235 0.237 0.237 0.2415 0.2415 0.236 0.236 0.236 0.227 0.227 0.1905 0.1905 0.1895 0.1895 0.1895 0.165 0.165 0.1995 0.1995 0.1675 0.1675 0.1675 0.1335
0.266 0.266 0.2685 0.2685 0.257 0.257 0.223 0.223 0.223 0.2345 0.2345 0.25 0.25 0.2515 0.2515 0.2195 0.2195 0.2195 0.2115 0.2115 0.192 0.192 0.269 0.269 0.269 0.283 0.283 0.238 0.238 0.24 0.24 0.24 0.2895 0.2895 0.34 0.34 0.3195 0.3195 0.3195 0.2865 0.2865 0.2955 0.2955 0.266 0.266 0.266 0.26 0.26 0.2665 0.2665 0.2645 0.2645 0.235 0.235 0.235 0.237 0.237 0.2415 0.2415 0.236 0.236 0.236 0.227 0.227 0.1905 0.1905 0.1895 0.1895 0.1895 0.165 0.165 0.1995 0.1995 0.1675 0.1675 0.1675 0.1335
0.2445 0.2445 0.2595 0.2595 0.2425 0.2425 0.2125 0.2125 0.2125 0.2405 0.2405 0.212 0.212 0.224 0.224 0.224 0.224 0.224 0.1995 0.1995 0.2055 0.2055 0.207 0.207 0.207 0.2185 0.2185 0.23 0.23 0.235 0.235 0.235 0.27 0.27 0.2855 0.2855 0.312 0.312 0.312 0.3075 0.3075 0.3055 0.3055 0.3265 0.3265 0.3265 0.325 0.325 0.289 0.289 0.269 0.269 0.2525 0.2525 0.2525 0.25 0.25 0.2395 0.2395 0.239 0.239 0.239 0.232 0.232 0.1905 0.1905 0.186 0.186 0.186 0.189 0.189 0.1535 0.1535 0.1305 0.1305 0.1305 0.1225
0.2445 0.2445 0.2595 0.2595 0.2425 0.2425 0.2125 0.2125 0.2125 0.2405 0.2405 0.212 0.212 0.224 0.224 0.224 0.224 0.224 0.1995 0.1995 0.2055 0.2055 0.207 0.207 0.207 0.2185 0.2185 0.23 0.23 0.235 0.235 0.235 0.27 0.27 0.2855 0.2855 0.312 0.312 0.312 0.3075 0.3075 0.3055 0.3055 0.3265 0.3265 0.3265 0.325 0.325 0.289 0.289 0.269 0.269 0.2525 0.2525 0.2525 0.25 0.25 0.2395 0.2395 0.239 0.239 0.239 0.232 0.232 0.1905 0.1905 0.186 0.186 0.186 0.189 0.189 0.1535 0.1535 0.1305 0.1305 0.1305 0.1225
0.2645 0.2645 0.264 0.264 0.263 0.263 0.2785 0.2785 0.2785 0.2685 0.2685 0.2505 0.2505 0.248 0.248 0.263 0.263 0.263 0.2895 0.2895 0.2695 0.2695 0.2605 0.2605 0.2605 0.2395 0.2395 0.258 0.258 0.2755 0.2755 0.2755 0.2965 0.2965 0.348 0.348 0.3075 0.3075 0.3075 0.3115 0.3115 0.321 0.321 0.314 0.314 0.314 0.327 0.327 0.282 0.282 0.2665 0.2665 0.269 0.269 0.269 0.2965 0.2965 0.2475 0.2475 0.267 0.267 0.267 0.2815 0.2815 0.2385 0.2385 0.2045 0.2045 0.2045 0.2205 0.2205 0.2055 0.2055 0.1525 0.1525 0.1525 0.147
0.2645 0.2645 0.264 0.264 0.263 0.263 0.2785 0.2785 0.2785 0.2685 0.2685 0.2505 0.2505 0.248 0.248 0.263 0.263 0.263 0.2895 0.2895 0.2695 0.2695 0.2605 0.2605 0.2605 0.2395 0.2395 0.258 0.258 0.2755 0.2755 0.2755 0.2965 0.2965 0.348 0.348 0.3075 0.3075 0.3075 0.3115 0.3115 0.321 0.321 0.314 0.314 0.314 0.327 0.327 0.282 0.282 0.2665 0.2665 0.269 0.269 0.269 0.2965 0.2965 0.2475 0.2475 0.267 0.267 0.267 0.2815 0.2815 0.2385 0.2385 0.2045 0.2045 0.2045 0.2205 0.2205 0.2055 0.2055 0.1525 0.1525 0.1525 0.147
0.296 0.296 0.2855 0.2855 0.3275 0.3275 0.314 0.314 0.314 0.348 0.348 0.3075 0.3075 0.303 0.303 0.284 0.284 0.284 0.311 0.311 0.28 0.28 0.2745 0.2745 0.2745 0.294 0.294 0.2825 0.2825 0.325 0.325 0.325 0.366 0.366 0.3635 0.3635 0.3535 0.3535 0.3535 0.33 0.33 0.325 0.325 0.338 0.338 0.338 0.3275 0.3275 0.318 0.318 0.2205 0.2205 0.2555 0.2555 0.2555 0.25 0.25 0.284 0.284 0.315 0.315 0.315 0.2815 0.2815 0.2535 0.2535 0.2015 0.2015 0.2015 0.2105 0.2105 0.214 0.214 0.186 0.186 0.186 0.202
0.296 0.296 0.2855 0.2855 0.3275 0.3275 0.314 0.314 0.314 0.348 0.348 0.3075 0.3075 0.303 0.303 0.284 0.284 0.284 0.311 0.311 0.28 0.28 0.2745 0.2745 0.2745 0.294 0.294 0.2825 0.2825 0.325 0.325 0.325 0.366 0.366 0.3635 0.3635 0.3535 0.3535 0.3535 0.33 0.33 0.325 0.325 0.338 0.338 0.338 0.3275 0.3275 0.318 0.318 0.2205 0.2205 0.2555 0.2555 0.2555 0.25 0.25 0.284 0.284 0.315 0.315 0.315 0.2815 0.2815 0.2535 0.2535 0.2015 0.2015 0.2015 0.2105 0.2105 0.214 0.214 0.186 0.186 0.186 0.202
0.296 0.296 0.2855 0.2855 0.3275 0.3275 0.314 0.314 0.314 0.348 0.348 0.3075 0.3075 0.303 0.303 0.284 0.284 0.284 0.311 0.311 0.28 0.28 0.2745 0.2745 0.2745 0.294 0.294 0.2825 0.2825 0.325 0.325 0.325 0.366 0.366 0.3635 0.3635 0.3535 0.3535 0.3535 0.33 0.33 0.325 0.325 0.338 0.338 0.338 0.3275 0.3275 0.318 0.318 0.2205 0.2205 0.2555 0.2555 0.2555 0.25 0.25 0.284 0.284 0.315 0.315 0.315 0.2815 0.2815 0.2535 0.2535 0.2015 0.2015 0.2015 0.2105 0.2105 0.214 0.214 0.186 0.186 0.186 0.202
0.367 0.367 0.3335 0.3335 0.316 0.316 0.3015 0.3015 0.3015 0.286 0.286 0.3305 0.3305 0.285 0.285 0.294 0.294 0.294 0.2905 0.2905 0.272 0.272 0.2605 0.2605 0.2605 0.3375 0.3375 0.2805 0.2805 0.2995 0.2995 0.2995 0.305 0.305 0.3475 0.3475 0.291 0.291 0.291 0.3245 0.3245 0.324 0.324 0.332 0.332 0.332 0.3285 0.3285 0.303 0.303 0.2915 0.2915 0.2445 0.2445 0.2445 0.288 0.288 0.2865 0.2865 0.329 0.329 0.329 0.2565 0.2565 0.252 0.252 0.244 0.244 0.244 0.2255 0.2255 0.262 0.262 0.195 0.195 0.195 0.1955
0.367 0.367 0.3335 0.3335 0.316 0.316 0.3015 0.3015 0.3015 0.286 0.286 0.3305 0.3305 0.285 0.285 0.294 0.294 0.294 0.2905 0.2905 0.272 0.272 0.2605 0.2605 0.2605 0.3375 0.3375 0.2805 0.2805 0.2995 0.2995 0.2995 0.305 0.305 0.3475 0.3475 0.291 0.291 0.291 0.3245 0.3245 0.324 0.324 0.332 0.332 0.332 0.3285 0.3285 0.303 0.303 0.2915 0.2915 0.2445 0.2445 0.2445 0.288 0.288 0.2865 0.2865 0.329 0.329 0.329 0.2565 0.2565 0.252 0.252 0.244 0.244 0.244 0.2255 0.2255 0.262 0.262 0.195 0.195 0.195 0.1955
0.3405 0.3405 0.347 0.347 0.2985 0.2985 0.311 0.311 0.311 0.316 0.316 0.3085 0.3085 0.284 0.284 0.3115 0.3115 0.3115 0.2985 0.2985 0.306 0.306 0.327 0.327 0.327 0.303 0.303 0.295 0.295 0.3095 0.3095 0.3095 0.3415 0.3415 0.299 0.299 0.373 0.373 0.373 0.299 0.299 0.275 0.275 0.312 0.312 0.312 0.335 0.335 0.313 0.313 0.295 0.295 0.2535 0.2535 0.2535 0.2575 0.2575 0.308 0.308 0.295 0.295 0.295 0.257 0.257 0.293 0.293 0.2795 0.2795 0.2795 0.281 0.281 0.2415 0.2415 0.259 0.259 0.259 0.286
0.3405 0.3405 0.347 0.347 0.2985 0.2985 0.311 0.311 0.311 0.316 0.316 0.3085 0.3085 0.284 0.284 0.3115 0.3115 0.3115 0.2985 0.2985 0.306 0.306 0.327 0.327 0.327 0.303 0.303 0.295 0.295 0.3095 0.3095 0.3095 0.3415 0.3415 0.299 0.299 0.373 0.373 0.373 0.299 0.299 0.275 0.275 0.312 0.312 0.312 0.335 0.335 0.313 0.313 0.295 0.295 0.2535 0.2535 0.2535 0.2575 0.2575 0.308 0.308 0.295 0.295 0.295 0.257 0.257 0.293 0.293 0.2795 0.2795 0.2795 0.281 0.281 0.2415 0.2415 0.259 0.259 0.259 0.286
0.3505 0.3505 0.353 0.353 0.351 0.351 0.3395 0.3395 0.3395 0.34 0.34 0.3175 0.3175 0.2735 0.2735 0.319 0.319 0.319 0.323 0.323 0.2965 0.2965 0.2935 0.2935 0.2935 0.313 0.313 0.325 0.325 0.344 0.344 0.344 0.3675 0.3675 0.3065 0.3065 0.313 0.313 0.313 0.3125 0.3125 0.3135 0.3135 0.266 0.266 0.266 0.307 0.307 0.3455 0.3455 0.317 0.317 0.2895 0.2895 0.2895 0.252 0.252 0.283 0.283 0.2935 0.2935 0.2935 0.293 0.293 0.3295 0.3295 0.2825 0.2825 0.2825 0.3205 0.3205 0.2945 0.2945 0.2855 0.2855 0.2855 0.275
0.3505 0.3505 0.353 0.353 0.351 0.351 0.3395 0.3395 0.3395 0.34 0.34 0.3175 0.3175 0.2735 0.2735 0.319 0.319 0.319 0.323 0.323 0.2965 0.2965 0.2935 0.2935 0.2935 0.313 0.313 0.325 0.325 0.344 0.344 0.344 0.3675 0.3675 0.3065 0.3065 0.313 0.313 0.313 0.3125 0.3125 0.3135 0.3135 0.266 0.266 0.266 0.307 0.307 0.3455 0.3455 0.317 0.317 0.2895 0.2895 0.2895 0.252 0.252 0.283 0.283 0.2935 0.2935 0.2935 0.293 0.293 0.3295 0.3295 0.2825 0.2825 0.2825 0.3205 0.3205 0.2945 0.2945 0.2855 0.2855 0.2855 0.275
0.3505 0.3505 0.353 0.353 0.351 0.351 0.3395 0.3395 0.3395 0.34 0.34 0.3175 0.3175 0.2735 0.2735 0.319 0.319 0.319 0.323 0.323 0.2965 0.2965 0.2935 0.2935 0.2935 0.313 0.313 0.325 0.325 0.344 0.344 0.344 0.3675 0.3675 0.3065 0.3065 0.313 0.313 0.313 0.3125 0.3125 0.3135 0.3135 0.266 0.266 0.266 0.307 0.307 0.3455 0.3455 0.317 0.317 0.2895 0.2895 0.2895 0.252 0.252 0.283 0.283 0.2935 0.2935 0.2935 0.293 0.293 0.3295 0.3295 0.2825 0.2825 0.2825 0.3205 0.3205 0.2945 0.2945 0.2855 0.2855 0.2855 0.275
0.364 0.364 0.3595 0.3595 0.356 0.356 0.322 0.322 0.322 0.395 0.395 0.387 0.387 0.36 0.36 0.338 0.338 0.338 0.306 0.306 0.293 0.293 0.309 0.309 0.309 0.332 0.332 0.3115 0.3115 0.3775 0.3775 0.3775 0.336 0.336 0.3325 0.3325 0.3155 0.3155 0.3155 0.397 0.397 0.3605 0.3605 0.32 0.32 0.32 0.293 0.293 0.3175 0.3175 0.3275 0.3275 0.3515 0.3515 0.3515 0.3445 0.3445 0.362 0.362 0.307 0.307 0.307 0.233 0.233 0.3165 0.3165 0.3265 0.3265 0.3265 0.358 0.358 0.3065 0.3065 0.2365 0.2365 0.2365 0.309
0.364 0.364 0.3595 0.3595 0.356 0.356 0.322 0.322 0.322 0.395 0.395 0.387 0.387 0.36 0.36 0.338 0.338 0.338 0.306 0.306 0.293 0.293 0.309 0.309 0.309 0.332 0.332 0.3115 0.3115 0.3775 0.3775 0.3775 0.336 0.336 0.3325 0.3325 0.3155 0.3155 0.3155 0.397 0.397 0.3605 0.3605 0.32 0.32 0.32 0.293 0.293 0.3175 0.3175 0.3275 0.3275 0.3515 0.3515 0.3515 0.3445 0.3445 0.362 0.362 0.307 0.307 0.307 0.233 0.233 0.3165 0.3165 0.3265 0.3265 0.3265 0.358 0.358 0.3065 0.3065 0.2365 0.2365 0.2365 0.309
0.367 0.367 0.384 0.384 0.337 0.337 0.3375 0.3375 0.3375 0.3335 0.3335 0.3415 0.3415 0.319 0.319 0.3295 0.3295 0.3295 0.3215 0.3215 0.291 0.291 0.289 0.289 0.289 0.3585 0.3585 0.3295 0.3295 0.331 0.331 0.331 0.332 0.332 0.3325 0.3325 0.392 0.392 0.392 0.434 0.434 0.4175 0.4175 0.3825 0.3825 0.3825 0.3565 0.3565 0.338 0.338 0.358 0.358 0.376 0.376 0.376 0.3605 0.3605 0.3395 0.3395 0.3385 0.3385 0.3385 0.32 0.32 0.3675 0.3675 0.394 0.394 0.394 0.44 0.44 0.4555 0.4555 0.409 0.409 0.409 0.3375
0.367 0.367 0.384 0.384 0.337 0.337 0.3375 0.3375 0.3375 0.3335 0.3335 0.3415 0.3415 0.319 0.319 0.3295 0.3295 0.3295 0.3215 0.3215 0.291 0.291 0.289 0.289 0.289 0.3585 0.3585 0.3295 0.3295 0.331 0.331 0.331 0.332 0.332 0.3325 0.3325 0.392 0.392 0.392 0.434 0.434 0.4175 0.4175 0.3825 0.3825 0.3825 0.3565 0.3565 0.338 0.338 0.358 0.358 0.376 0.376 0.376 0.3605 0.3605 0.3395 0.3395 0.3385 0.3385 0.3385 0.32 0.32 0.3675 0.3675 0.394 0.394 0.394 0.44 0.44 0.4555 0.4555 0.409 0.409 0.409 0.3375
0.3455 0.3455 0.343 0.343 0.3755 0.3755 0.4 0.4 0.4 0.3465 0.3465 0.3535 0.3535 0.3365 0.3365 0.3355 0.3355 0.3355 0.356 0.356 0.3575 0.3575 0.356 0.356 0.356 0.3665 0.3665 0.369 0.369 0.3745 0.3745 0.3745 0.3635 0.3635 0.371 0.371 0.3695 0.3695 0.3695 0.412 0.412 0.421 0.421 0.3865 0.3865 0.3865 0.416 0.416 0.3875 0.3875 0.361 0.361 0.4385 0.4385 0.4385 0.3955 0.3955 0.3765 0.3765 0.3685 0.3685 0.3685 0.4345 0.4345 0.3365 0.3365 0.3665 0.3665 0.3665 0.427 0.427 0.402 0.402 0.36 0.36 0.36 0.3315
