ndvi/NOAA-166.asc
ncols         252
nrows         154
xllcorner     -18.017974
yllcorner     13.481982
cellsize      0.035948
NODATA_value  -9999
[rows 68 to 101 of 154, columns 154 to 230 of 252]
0.1655 0.173 0.173 0.147 0.147 0.147 0.1225 0.1225 0.154 0.154 0.217 0.217 0.225 0.225 0.225 0.245 0.245 0.2495 0.2495 0.2725 0.2725 0.2725 0.2375 0.2375 0.2245 0.2245 0.2225 0.2225 0.2225 0.238 0.238 0.2345 0.2345 0.242 0.242 0.242 0.2505 0.2505 0.228 0.228 0.222 0.222 0.222 0.2525 0.2525 0.2625 0.2625 0.2555 0.2555 0.2555 0.2555 0.2555 0.2595 0.2595 0.266 0.266 0.2585 0.2585 0.2585 0.2565 0.2565 0.2605 0.2605 0.2205 0.2205 0.2205 0.197 0.197 0.2295 0.2295 0.2295 0.2295 0.2295 0.243 0.243 0.244 0.244
0.164 0.159 0.159 0.1575 0.1575 0.1575 0.166 0.166 0.1945 0.1945 0.199 0.199 0.2695 0.2695 0.2695 0.238 0.238 0.2325 0.2325 0.2495 0.2495 0.2495 0.226 0.226 0.2545 0.2545 0.283 0.283 0.283 0.2615 0.2615 0.245 0.245 0.2615 0.2615 0.2615 0.261 0.261 0.2765 0.2765 0.265 0.265 0.265 0.2645 0.2645 0.291 0.291 0.2615 0.2615 0.294 0.294 0.294 0.2675 0.2675 0.277 0.277 0.281 0.281 0.281 0.2605 0.2605 0.2745 0.2745 0.23 0.23 0.23 0.2215 0.2215 0.2285 0.2285 0.2435 0.2435 0.2435 0.26 0.26 0.25 0.25
0.164 0.159 0.159 0.1575 0.1575 0.1575 0.166 0.166 0.1945 0.1945 0.199 0.199 0.2695 0.2695 0.2695 0.238 0.238 0.2325 0.2325 0.2495 0.2495 0.2495 0.226 0.226 0.2545 0.2545 0.283 0.283 0.283 0.2615 0.2615 0.245 0.245 0.2615 0.2615 0.2615 0.261 0.261 0.2765 0.2765 0.265 0.265 0.265 0.2645 0.2645 0.291 0.291 0.2615 0.2615 0.294 0.294 0.294 0.2675 0.2675 0.277 0.277 0.281 0.281 0.281 0.2605 0.2605 0.2745 0.2745 0.23 0.23 0.23 0.2215 0.2215 0.2285 0.2285 0.2435 0.2435 0.2435 0.26 0.26 0.25 0.25
0.1975 0.1985 0.1985 0.196 0.196 0.196 0.192 0.192 0.184 0.184 0.185 0.185 0.2575 0.2575 0.2575 0.2615 0.2615 0.2585 0.2585 0.274 0.274 0.274 0.2445 0.2445 0.254 0.254 0.2655 0.2655 0.2655 0.291 0.291 0.2655 0.2655 0.284 0.284 0.284 0.264 0.264 0.2705 0.2705 0.276 0.276 0.276 0.2815 0.2815 0.3145 0.3145 0.2795 0.2795 0.2935 0.2935 0.2935 0.3015 0.3015 0.269 0.269 0.2585 0.2585 0.2585 0.28 0.28 0.27 0.27 0.2535 0.2535 0.2535 0.245 0.245 0.247 0.247 0.2595 0.2595 0.2595 0.283 0.283 0.2895 0.2895
0.1975 0.1985 0.1985 0.196 0.196 0.196 0.192 0.192 0.184 0.184 0.185 0.185 0.2575 0.2575 0.2575 0.2615 0.2615 0.2585 0.2585 0.274 0.274 0.274 0.2445 0.2445 0.254 0.254 0.2655 0.2655 0.2655 0.291 0.291 0.2655 0.2655 0.284 0.284 0.284 0.264 0.264 0.2705 0.2705 0.276 0.276 0.276 0.2815 0.2815 0.3145 0.3145 0.2795 0.2795 0.2935 0.2935 0.2935 0.3015 0.3015 0.269 0.269 0.2585 0.2585 0.2585 0.28 0.28 0.27 0.27 0.2535 0.2535 0.2535 0.245 0.245 0.247 0.247 0.2595 0.2595 0.2595 0.283 0.283 0.2895 0.2895
0.1975 0.1985 0.1985 0.196 0.196 0.196 0.192 0.192 0.184 0.184 0.185 0.185 0.2575 0.2575 0.2575 0.2615 0.2615 0.2585 0.2585 0.274 0.274 0.274 0.2445 0.2445 0.254 0.254 0.2655 0.2655 0.2655 0.291 0.291 0.2655 0.2655 0.284 0.284 0.284 0.264 0.264 0.2705 0.2705 0.276 0.276 0.276 0.2815 0.2815 0.3145 0.3145 0.2795 0.2795 0.2935 0.2935 0.2935 0.3015 0.3015 0.269 0.269 0.2585 0.2585 0.2585 0.28 0.28 0.27 0.27 0.2535 0.2535 0.2535 0.245 0.245 0.247 0.247 0.2595 0.2595 0.2595 0.283 0.283 0.2895 0.2895
0.1975 0.203 0.203 0.187 0.187 0.187 0.1925 0.1925 0.181 0.181 0.227 0.227 0.271 0.271 0.271 0.265 0.265 0.232 0.232 0.234 0.234 0.234 0.258 0.258 0.273 0.273 0.298 0.298 0.298 0.279 0.279 0.295 0.295 0.2965 0.2965 0.2965 0.2825 0.2825 0.2825 0.2825 0.2795 0.2795 0.2795 0.3115 0.3115 0.28 0.28 0.278 0.278 0.295 0.295 0.295 0.284 0.284 0.278 0.278 0.279 0.279 0.279 0.2825 0.2825 0.266 0.266 0.2535 0.2535 0.2535 0.2435 0.2435 0.255 0.255 0.2395 0.2395 0.2395 0.2585 0.2585 0.2885 0.2885
0.1975 0.203 0.203 0.187 0.187 0.187 0.1925 0.1925 0.181 0.181 0.227 0.227 0.271 0.271 0.271 0.265 0.265 0.232 0.232 0.234 0.234 0.234 0.258 0.258 0.273 0.273 0.298 0.298 0.298 0.279 0.279 0.295 0.295 0.2965 0.2965 0.2965 0.2825 0.2825 0.2825 0.2825 0.2795 0.2795 0.2795 0.3115 0.3115 0.28 0.28 0.278 0.278 0.295 0.295 0.295 0.284 0.284 0.278 0.278 0.279 0.279 0.279 0.2825 0.2825 0.266 0.266 0.2535 0.2535 0.2535 0.2435 0.2435 0.255 0.255 0.2395 0.2395 0.2395 0.2585 0.2585 0.2885 0.2885
0.183 0.22 0.22 0.2235 0.2235 0.2235 0.186 0.186 0.166 0.166 0.202 0.202 0.251 0.251 0.251 0.274 0.274 0.29 0.29 0.264 0.264 0.264 0.258 0.258 0.2795 0.2795 0.247 0.247 0.247 0.2455 0.2455 0.2655 0.2655 0.261 0.261 0.261 0.2795 0.2795 0.2815 0.2815 0.289 0.289 0.289 0.2785 0.2785 0.304 0.304 0.266 0.266 0.2915 0.2915 0.2915 0.287 0.287 0.3175 0.3175 0.285 0.285 0.285 0.267 0.267 0.265 0.265 0.256 0.256 0.256 0.2515 0.2515 0.2505 0.2505 0.2735 0.2735 0.2735 0.259 0.259 0.3015 0.3015
0.183 0.22 0.22 0.2235 0.2235 0.2235 0.186 0.186 0.166 0.166 0.202 0.202 0.251 0.251 0.251 0.274 0.274 0.29 0.29 0.264 0.264 0.264 0.258 0.258 0.2795 0.2795 0.247 0.247 0.247 0.2455 0.2455 0.2655 0.2655 0.261 0.261 0.261 0.2795 0.2795 0.2815 0.2815 0.289 0.289 0.289 0.2785 0.2785 0.304 0.304 0.266 0.266 0.2915 0.2915 0.2915 0.287 0.287 0.3175 0.3175 0.285 0.285 0.285 0.267 0.267 0.265 0.265 0.256 0.256 0.256 0.2515 0.2515 0.2505 0.2505 0.2735 0.2735 0.2735 0.259 0.259 0.3015 0.3015
0.1555 0.196 0.196 0.1925 0.1925 0.1925 0.164 0.164 0.186 0.186 0.2045 0.2045 0.268 0.268 0.268 0.275 0.275 0.279 0.279 0.298 0.298 0.298 0.233 0.233 0.2715 0.2715 0.2535 0.2535 0.2535 0.2435 0.2435 0.254 0.254 0.249 0.249 0.249 0.2495 0.2495 0.244 0.244 0.251 0.251 0.251 0.277 0.277 0.2685 0.2685 0.2565 0.2565 0.2805 0.2805 0.2805 0.2825 0.2825 0.2735 0.2735 0.276 0.276 0.276 0.28 0.28 0.2895 0.2895 0.305 0.305 0.305 0.289 0.289 0.258 0.258 0.2605 0.2605 0.2605 0.269 0.269 0.2995 0.2995
0.1555 0.196 0.196 0.1925 0.1925 0.1925 0.164 0.164 0.186 0.186 0.2045 0.2045 0.268 0.268 0.268 0.275 0.275 0.279 0.279 0.298 0.298 0.298 0.233 0.233 0.2715 0.2715 0.2535 0.2535 0.2535 0.2435 0.2435 0.254 0.254 0.249 0.249 0.249 0.2495 0.2495 0.244 0.244 0.251 0.251 0.251 0.277 0.277 0.2685 0.2685 0.2565 0.2565 0.2805 0.2805 0.2805 0.2825 0.2825 0.2735 0.2735 0.276 0.276 0.276 0.28 0.28 0.2895 0.2895 0.305 0.305 0.305 0.289 0.289 0.258 0.258 0.2605 0.2605 0.2605 0.269 0.269 0.2995 0.2995
0.156 0.1855 0.1855 0.2025 0.2025 0.2025 0.2075 0.2075 0.157 0.157 0.2125 0.2125 0.253 0.253 0.253 0.2585 0.2585 0.268 0.268 0.271 0.271 0.271 0.2685 0.2685 0.2625 0.2625 0.253 0.253 0.253 0.255 0.255 0.251 0.251 0.254 0.254 0.254 0.2645 0.2645 0.2705 0.2705 0.2735 0.2735 0.2735 0.258 0.258 0.2815 0.2815 0.2855 0.2855 0.308 0.308 0.308 0.275 0.275 0.261 0.261 0.2615 0.2615 0.2615 0.2805 0.2805 0.303 0.303 0.2975 0.2975 0.2975 0.294 0.294 0.287 0.287 0.314 0.314 0.314 0.3295 0.3295 0.3135 0.3135
0.156 0.1855 0.1855 0.2025 0.2025 0.2025 0.2075 0.2075 0.157 0.157 0.2125 0.2125 0.253 0.253 0.253 0.2585 0.2585 0.268 0.268 0.271 0.271 0.271 0.2685 0.2685 0.2625 0.2625 0.253 0.253 0.253 0.255 0.255 0.251 0.251 0.254 0.254 0.254 0.2645 0.2645 0.2705 0.2705 0.2735 0.2735 0.2735 0.258 0.258 0.2815 0.2815 0.2855 0.2855 0.308 0.308 0.308 0.275 0.275 0.261 0.261 0.2615 0.2615 0.2615 0.2805 0.2805 0.303 0.303 0.2975 0.2975 0.2975 0.294 0.294 0.287 0.287 0.314 0.314 0.314 0.3295 0.3295 0.3135 0.3135
0.156 0.1855 0.1855 0.2025 0.2025 0.2025 0.2075 0.2075 0.157 0.157 0.2125 0.2125 0.253 0.253 0.253 0.2585 0.2585 0.268 0.268 0.271 0.271 0.271 0.2685 0.2685 0.2625 0.2625 0.253 0.253 0.253 0.255 0.255 0.251 0.251 0.254 0.254 0.254 0.2645 0.2645 0.2705 0.2705 0.2735 0.2735 0.2735 0.258 0.258 0.2815 0.2815 0.2855 0.2855 0.308 0.308 0.308 0.275 0.275 0.261 0.261 0.2615 0.2615 0.2615 0.2805 0.2805 0.303 0.303 0.2975 0.2975 0.2975 0.294 0.294 0.287 0.287 0.314 0.314 0.314 0.3295 0.3295 0.3135 0.3135
0.1435 0.179 0.179 0.214 0.214 0.214 0.1895 0.1895 0.1655 0.1655 0.272 0.272 0.314 0.314 0.314 0.285 0.285 0.309 0.309 0.289 0.289 0.289 0.3035 0.3035 0.245 0.245 0.2635 0.2635 0.2635 0.2715 0.2715 0.2645 0.2645 0.2545 0.2545 0.2545 0.2665 0.2665 0.266 0.266 0.258 0.258 0.258 0.265 0.265 0.2725 0.2725 0.2645 0.2645 0.275 0.275 0.275 0.2875 0.2875 0.277 0.277 0.285 0.285 0.285 0.2955 0.2955 0.293 0.293 0.305 0.305 0.305 0.3035 0.3035 0.313 0.313 0.3145 0.3145 0.3145 0.3365 0.3365 0.3395 0.3395
0.1435 0.179 0.179 0.214 0.214 0.214 0.1895 0.1895 0.1655 0.1655 0.272 0.272 0.314 0.314 0.314 0.285 0.285 0.309 0.309 0.289 0.289 0.289 0.3035 0.3035 0.245 0.245 0.2635 0.2635 0.2635 0.2715 0.2715 0.2645 0.2645 0.2545 0.2545 0.2545 0.2665 0.2665 0.266 0.266 0.258 0.258 0.258 0.265 0.265 0.2725 0.2725 0.2645 0.2645 0.275 0.275 0.275 0.2875 0.2875 0.277 0.277 0.285 0.285 0.285 0.2955 0.2955 0.293 0.293 0.305 0.305 0.305 0.3035 0.3035 0.313 0.313 0.3145 0.3145 0.3145 0.3365 0.3365 0.3395 0.3395
0.148 0.2175 0.2175 0.2235 0.2235 0.2235 0.257 0.257 0.2365 0.2365 0.3005 0.3005 0.288 0.288 0.288 0.2895 0.2895 0.3035 0.3035 0.3395 0.3395 0.3395 0.2895 0.2895 0.289 0.289 0.2625 0.2625 0.2625 0.2905 0.2905 0.274 0.274 0.272 0.272 0.272 0.2725 0.2725 0.2685 0.2685 0.2555 0.2555 0.2555 0.253 0.253 0.282 0.282 0.2895 0.2895 0.288 0.288 0.288 0.2675 0.2675 0.298 0.298 0.3205 0.3205 0.3205 0.293 0.293 0.313 0.313 0.303 0.303 0.303 0.3505 0.3505 0.3525 0.3525 0.3445 0.3445 0.3445 0.3275 0.3275 0.3215 0.3215
0.148 0.2175 0.2175 0.2235 0.2235 0.2235 0.257 0.257 0.2365 0.2365 0.3005 0.3005 0.288 0.288 0.288 0.2895 0.2895 0.3035 0.3035 0.3395 0.3395 0.3395 0.2895 0.2895 0.289 0.289 0.2625 0.2625 0.2625 0.2905 0.2905 0.274 0.274 0.272 0.272 0.272 0.2725 0.2725 0.2685 0.2685 0.2555 0.2555 0.2555 0.253 0.253 0.282 0.282 0.2895 0.2895 0.288 0.288 0.288 0.2675 0.2675 0.298 0.298 0.3205 0.3205 0.3205 0.293 0.293 0.313 0.313 0.303 0.303 0.303 0.3505 0.3505 0.3525 0.3525 0.3445 0.3445 0.3445 0.3275 0.3275 0.3215 0.3215
0.1995 0.229 0.229 0.238 0.238 0.238 0.2215 0.2215 0.254 0.254 0.306 0.306 0.2965 0.2965 0.2965 0.3015 0.3015 0.3095 0.3095 0.3185 0.3185 0.3185 0.3045 0.3045 0.2785 0.2785 0.28 0.28 0.28 0.2895 0.2895 0.2375 0.2375 0.304 0.304 0.304 0.2795 0.2795 0.242 0.242 0.261 0.261 0.261 0.279 0.279 0.284 0.284 0.307 0.307 0.2895 0.2895 0.2895 0.2975 0.2975 0.291 0.291 0.2865 0.2865 0.2865 0.2885 0.2885 0.3065 0.3065 0.3295 0.3295 0.3295 0.3465 0.3465 0.359 0.359 0.346 0.346 0.346 0.355 0.355 0.349 0.349
0.1995 0.229 0.229 0.238 0.238 0.238 0.2215 0.2215 0.254 0.254 0.306 0.306 0.2965 0.2965 0.2965 0.3015 0.3015 0.3095 0.3095 0.3185 0.3185 0.3185 0.3045 0.3045 0.2785 0.2785 0.28 0.28 0.28 0.2895 0.2895 0.2375 0.2375 0.304 0.304 0.304 0.2795 0.2795 0.242 0.242 0.261 0.261 0.261 0.279 0.279 0.284 0.284 0.307 0.307 0.2895 0.2895 0.2895 0.2975 0.2975 0.291 0.291 0.2865 0.2865 0.2865 0.2885 0.2885 0.3065 0.3065 0.3295 0.3295 0.3295 0.3465 0.3465 0.359 0.359 0.346 0.346 0.346 0.355 0.355 0.349 0.349
0.1995 0.229 0.229 0.238 0.238 0.238 0.2215 0.2215 0.254 0.254 0.306 0.306 0.2965 0.2965 0.2965 0.3015 0.3015 0.3095 0.3095 0.3185 0.3185 0.3185 0.3045 0.3045 0.2785 0.2785 0.28 0.28 0.28 0.2895 0.2895 0.2375 0.2375 0.304 0.304 0.304 0.2795 0.2795 0.242 0.242 0.261 0.261 0.261 0.279 0.279 0.284 0.284 0.307 0.307 0.2895 0.2895 0.2895 0.2975 0.2975 0.291 0.291 0.2865 0.2865 0.2865 0.2885 0.2885 0.3065 0.3065 0.3295 0.3295 0.3295 0.3465 0.3465 0.359 0.359 0.346 0.346 0.346 0.355 0.355 0.349 0.349
0.213 0.2195 0.2195 0.245 0.245 0.245 0.2305 0.2305 0.2705 0.2705 0.3095 0.3095 0.337 0.337 0.337 0.3275 0.3275 0.323 0.323 0.29 0.29 0.29 0.277 0.277 0.282 0.282 0.3 0.3 0.3 0.2645 0.2645 0.286 0.286 0.2975 0.2975 0.2975 0.307 0.307 0.297 0.297 0.305 0.305 0.305 0.2765 0.2765 0.322 0.322 0.322 0.322 0.299 0.299 0.299 0.305 0.305 0.2775 0.2775 0.2785 0.2785 0.2785 0.2915 0.2915 0.315 0.315 0.308 0.308 0.308 0.3245 0.3245 0.3205 0.3205 0.3485 0.3485 0.3485 0.3755 0.3755 0.3815 0.3815
0.213 0.2195 0.2195 0.245 0.245 0.245 0.2305 0.2305 0.2705 0.2705 0.3095 0.3095 0.337 0.337 0.337 0.3275 0.3275 0.323 0.323 0.29 0.29 0.29 0.277 0.277 0.282 0.282 0.3 0.3 0.3 0.2645 0.2645 0.286 0.286 0.2975 0.2975 0.2975 0.307 0.307 0.297 0.297 0.305 0.305 0.305 0.2765 0.2765 0.322 0.322 0.322 0.322 0.299 0.299 0.299 0.305 0.305 0.2775 0.2775 0.2785 0.2785 0.2785 0.2915 0.2915 0.315 0.315 0.308 0.308 0.308 0.3245 0.3245 0.3205 0.3205 0.3485 0.3485 0.3485 0.3755 0.3755 0.3815 0.3815
0.3265 0.25 0.25 0.258 0.258 0.258 0.3005 0.3005 0.285 0.285 0.297 0.297 0.3365 0.3365 0.3365 0.3355 0.3355 0.322 0.322 0.3085 0.3085 0.3085 0.3295 0.3295 0.3415 0.3415 0.2935 0.2935 0.2935 0.2825 0.2825 0.3 0.3 0.269 0.269 0.269 0.292 0.292 0.2875 0.2875 0.294 0.294 0.294 0.292 0.292 0.293 0.293 0.3 0.3 0.267 0.267 0.267 0.2955 0.2955 0.2835 0.2835 0.2875 0.2875 0.2875 0.303 0.303 0.315 0.315 0.3345 0.3345 0.3345 0.3405 0.3405 0.338 0.338 0.3605 0.3605 0.3605 0.346 0.346 0.347 0.347
0.3265 0.25 0.25 0.258 0.258 0.258 0.3005 0.3005 0.285 0.285 0.297 0.297 0.3365 0.3365 0.3365 0.3355 0.3355 0.322 0.322 0.3085 0.3085 0.3085 0.3295 0.3295 0.3415 0.3415 0.2935 0.2935 0.2935 0.2825 0.2825 0.3 0.3 0.269 0.269 0.269 0.292 0.292 0.2875 0.2875 0.294 0.294 0.294 0.292 0.292 0.293 0.293 0.3 0.3 0.267 0.267 0.267 0.2955 0.2955 0.2835 0.2835 0.2875 0.2875 0.2875 0.303 0.303 0.315 0.315 0.3345 0.3345 0.3345 0.3405 0.3405 0.338 0.338 0.3605 0.3605 0.3605 0.346 0.346 0.347 0.347
0.2495 0.2925 0.2925 0.2905 0.2905 0.2905 0.279 0.279 0.2915 0.2915 0.3045 0.3045 0.3245 0.3245 0.3245 0.3095 0.3095 0.303 0.303 0.2995 0.2995 0.2995 0.311 0.311 0.255 0.255 0.294 0.294 0.294 0.2865 0.2865 0.29 0.29 0.321 0.321 0.321 0.3115 0.3115 0.293 0.293 0.3025 0.3025 0.3025 0.322 0.322 0.326 0.326 0.318 0.318 0.324 0.324 0.324 0.3055 0.3055 0.294 0.294 0.3195 0.3195 0.3195 0.303 0.303 0.35 0.35 0.3635 0.3635 0.3635 0.362 0.362 0.339 0.339 0.358 0.358 0.358 0.358 0.358 0.3755 0.3755
0.2495 0.2925 0.2925 0.2905 0.2905 0.2905 0.279 0.279 0.2915 0.2915 0.3045 0.3045 0.3245 0.3245 0.3245 0.3095 0.3095 0.303 0.303 0.2995 0.2995 0.2995 0.311 0.311 0.255 0.255 0.294 0.294 0.294 0.2865 0.2865 0.29 0.29 0.321 0.321 0.321 0.3115 0.3115 0.293 0.293 0.3025 0.3025 0.3025 0.322 0.322 0.326 0.326 0.318 0.318 0.324 0.324 0.324 0.3055 0.3055 0.294 0.294 0.3195 0.3195 0.3195 0.303 0.303 0.35 0.35 0.3635 0.3635 0.3635 0.362 0.362 0.339 0.339 0.358 0.358 0.358 0.358 0.358 0.3755 0.3755
0.2495 0.2925 0.2925 0.2905 0.2905 0.2905 0.279 0.279 0.2915 0.2915 0.3045 0.3045 0.3245 0.3245 0.3245 0.3095 0.3095 0.303 0.303 0.2995 0.2995 0.2995 0.311 0.311 0.255 0.255 0.294 0.294 0.294 0.2865 0.2865 0.29 0.29 0.321 0.321 0.321 0.3115 0.3115 0.293 0.293 0.3025 0.3025 0.3025 0.322 0.322 0.326 0.326 0.318 0.318 0.324 0.324 0.324 0.3055 0.3055 0.294 0.294 0.3195 0.3195 0.3195 0.303 0.303 0.35 0.35 0.3635 0.3635 0.3635 0.362 0.362 0.339 0.339 0.358 0.358 0.358 0.358 0.358 0.3755 0.3755
0.344 0.2945 0.2945 0.322 0.322 0.322 0.2635 0.2635 0.311 0.311 0.279 0.279 0.289 0.289 0.289 0.3015 0.3015 0.3075 0.3075 0.3575 0.3575 0.3575 0.412 0.412 0.2995 0.2995 0.333 0.333 0.333 0.2705 0.2705 0.3125 0.3125 0.3185 0.3185 0.3185 0.295 0.295 0.3 0.3 0.305 0.305 0.305 0.3305 0.3305 0.3405 0.3405 0.3205 0.3205 0.335 0.335 0.335 0.308 0.308 0.295 0.295 0.3135 0.3135 0.3135 0.367 0.367 0.379 0.379 0.4065 0.4065 0.4065 0.351 0.351 0.3205 0.3205 0.3395 0.3395 0.3395 0.37 0.37 0.4105 0.4105
0.344 0.2945 0.2945 0.322 0.322 0.322 0.2635 0.2635 0.311 0.311 0.279 0.279 0.289 0.289 0.289 0.3015 0.3015 0.3075 0.3075 0.3575 0.3575 0.3575 0.412 0.412 0.2995 0.2995 0.333 0.333 0.333 0.2705 0.2705 0.3125 0.3125 0.3185 0.3185 0.3185 0.295 0.295 0.3 0.3 0.305 0.305 0.305 0.3305 0.3305 0.3405 0.3405 0.3205 0.3205 0.335 0.335 0.335 0.308 0.308 0.295 0.295 0.3135 0.3135 0.3135 0.367 0.367 0.379 0.379 0.4065 0.4065 0.4065 0.351 0.351 0.3205 0.3205 0.3395 0.3395 0.3395 0.37 0.37 0.4105 0.4105
0.299 0.282 0.282 0.2975 0.2975 0.2975 0.274 0.274 0.3355 0.3355 0.3065 0.3065 0.3635 0.3635 0.3635 0.2815 0.2815 0.3205 0.3205 0.3255 0.3255 0.3255 0.2885 0.2885 0.2965 0.2965 0.279 0.279 0.279 0.287 0.287 0.317 0.317 0.319 0.319 0.319 0.314 0.314 0.312 0.312 0.317 0.317 0.317 0.3265 0.3265 0.32 0.32 0.338 0.338 0.335 0.335 0.335 0.34 0.34 0.3525 0.3525 0.3725 0.3725 0.3725 0.372 0.372 0.369 0.369 0.381 0.381 0.381 0.3785 0.3785 0.363 0.363 0.3675 0.3675 0.3675 0.363 0.363 0.3925 0.3925
0.299 0.282 0.282 0.2975 0.2975 0.2975 0.274 0.274 0.3355 0.3355 0.3065 0.3065 0.3635 0.3635 0.3635 0.2815 0.2815 0.3205 0.3205 0.3255 0.3255 0.3255 0.2885 0.2885 0.2965 0.2965 0.279 0.279 0.279 0.287 0.287 0.317 0.317 0.319 0.319 0.319 0.314 0.314 0.312 0.312 0.317 0.317 0.317 0.3265 0.3265 0.32 0.32 0.338 0.338 0.335 0.335 0.335 0.34 0.34 0.3525 0.3525 0.3725 0.3725 0.3725 0.372 0.372 0.369 0.369 0.381 0.381 0.381 0.3785 0.3785 0.363 0.363 0.3675 0.3675 0.3675 0.363 0.363 0.3925 0.3925
0.346 0.306 0.306 0.3525 0.3525 0.3525 0.3285 0.3285 0.2965 0.2965 0.3055 0.3055 0.328 0.328 0.328 0.2985 0.2985 0.346 0.346 0.3295 0.3295 0.3295 0.3105 0.3105 0.3035 0.3035 0.283 0.283 0.283 0.271 0.271 0.298 0.298 0.3005 0.3005 0.3005 0.304 0.304 0.318 0.318 0.292 0.292 0.292 0.308 0.308 0.314 0.314 0.3405 0.3405 0.3605 0.3605 0.3605 0.34 0.34 0.3195 0.3195 0.333 0.333 0.333 0.408 0.408 0.382 0.382 0.384 0.384 0.384 0.3905 0.3905 0.365 0.365 0.371 0.371 0.371 0.3685 0.3685 0.3625 0.3625
