ndvi/NOAA-29.asc
ncols         252
nrows         154
xllcorner     -18.017974
yllcorner     13.481982
cellsize      0.035948
NODATA_value  -9999
[rows 102 to 135 of 154, columns 154 to 230 of 252]
0.227 0.224 0.224 0.2015 0.2015 0.2015 0.203 0.203 0.2265 0.2265 0.2295 0.2295 0.247 0.247 0.247 0.257 0.257 0.256 0.256 0.2645 0.2645 0.2645 0.2645 0.2645 0.248 0.248 0.2595 0.2595 0.2595 0.261 0.261 0.2585 0.2585 0.252 0.252 0.252 0.2365 0.2365 0.2255 0.2255 0.2505 0.2505 0.2505 0.236 0.236 0.2445 0.2445 0.2325 0.2325 0.222 0.222 0.222 0.226 0.226 0.2175 0.2175 0.2485 0.2485 0.2485 0.247 0.247 0.241 0.241 0.244 0.244 0.244 0.2415 0.2415 0.2155 0.2155 0.207 0.207 0.207 0.2135 0.2135 0.1935 0.1935
0.249 0.244 0.244 0.245 0.245 0.245 0.2395 0.2395 0.2435 0.2435 0.252 0.252 0.244 0.244 0.244 0.2355 0.2355 0.244 0.244 0.248 0.248 0.248 0.244 0.244 0.2405 0.2405 0.2565 0.2565 0.2565 0.2525 0.2525 0.2485 0.2485 0.243 0.243 0.243 0.2535 0.2535 0.2455 0.2455 0.2435 0.2435 0.2435 0.244 0.244 0.248 0.248 0.246 0.246 0.243 0.243 0.243 0.252 0.252 0.276 0.276 0.2555 0.2555 0.2555 0.2085 0.2085 0.2365 0.2365 0.236 0.236 0.236 0.2395 0.2395 0.2425 0.2425 0.22 0.22 0.22 0.211 0.211 0.172 0.172
0.249 0.244 0.244 0.245 0.245 0.245 0.2395 0.2395 0.2435 0.2435 0.252 0.252 0.244 0.244 0.244 0.2355 0.2355 0.244 0.244 0.248 0.248 0.248 0.244 0.244 0.2405 0.2405 0.2565 0.2565 0.2565 0.2525 0.2525 0.2485 0.2485 0.243 0.243 0.243 0.2535 0.2535 0.2455 0.2455 0.2435 0.2435 0.2435 0.244 0.244 0.248 0.248 0.246 0.246 0.243 0.243 0.243 0.252 0.252 0.276 0.276 0.2555 0.2555 0.2555 0.2085 0.2085 0.2365 0.2365 0.236 0.236 0.236 0.2395 0.2395 0.2425 0.2425 0.22 0.22 0.22 0.211 0.211 0.172 0.172
0.249 0.244 0.244 0.245 0.245 0.245 0.2395 0.2395 0.2435 0.2435 0.252 0.252 0.244 0.244 0.244 0.2355 0.2355 0.244 0.244 0.248 0.248 0.248 0.244 0.244 0.2405 0.2405 0.2565 0.2565 0.2565 0.2525 0.2525 0.2485 0.2485 0.243 0.243 0.243 0.2535 0.2535 0.2455 0.2455 0.2435 0.2435 0.2435 0.244 0.244 0.248 0.248 0.246 0.246 0.243 0.243 0.243 0.252 0.252 0.276 0.276 0.2555 0.2555 0.2555 0.2085 0.2085 0.2365 0.2365 0.236 0.236 0.236 0.2395 0.2395 0.2425 0.2425 0.22 0.22 0.22 0.211 0.211 0.172 0.172
0.246 0.2545 0.2545 0.247 0.247 0.247 0.238 0.238 0.2455 0.2455 0.282 0.282 0.254 0.254 0.254 0.2345 0.2345 0.2355 0.2355 0.235 0.235 0.235 0.234 0.234 0.2385 0.2385 0.2405 0.2405 0.2405 0.276 0.276 0.2755 0.2755 0.257 0.257 0.257 0.2545 0.2545 0.2385 0.2385 0.2405 0.2405 0.2405 0.231 0.231 0.257 0.257 0.235 0.235 0.2385 0.2385 0.2385 0.2565 0.2565 0.28 0.28 0.268 0.268 0.268 0.249 0.249 0.2385 0.2385 0.214 0.214 0.214 0.2225 0.2225 0.224 0.224 0.2045 0.2045 0.2045 0.2245 0.2245 0.2275 0.2275
0.246 0.2545 0.2545 0.247 0.247 0.247 0.238 0.238 0.2455 0.2455 0.282 0.282 0.254 0.254 0.254 0.2345 0.2345 0.2355 0.2355 0.235 0.235 0.235 0.234 0.234 0.2385 0.2385 0.2405 0.2405 0.2405 0.276 0.276 0.2755 0.2755 0.257 0.257 0.257 0.2545 0.2545 0.2385 0.2385 0.2405 0.2405 0.2405 0.231 0.231 0.257 0.257 0.235 0.235 0.2385 0.2385 0.2385 0.2565 0.2565 0.28 0.28 0.268 0.268 0.268 0.249 0.249 0.2385 0.2385 0.214 0.214 0.214 0.2225 0.2225 0.224 0.224 0.2045 0.2045 0.2045 0.2245 0.2245 0.2275 0.2275
0.2315 0.2505 0.2505 0.257 0.257 0.257 0.2845 0.2845 0.2735 0.2735 0.2665 0.2665 0.2495 0.2495 0.2495 0.251 0.251 0.2395 0.2395 0.2295 0.2295 0.2295 0.232 0.232 0.2525 0.2525 0.276 0.276 0.276 0.2785 0.2785 0.2785 0.2785 0.281 0.281 0.281 0.283 0.283 0.2795 0.2795 0.261 0.261 0.261 0.2675 0.2675 0.269 0.269 0.2395 0.2395 0.262 0.262 0.262 0.2635 0.2635 0.292 0.292 0.2725 0.2725 0.2725 0.2655 0.2655 0.2555 0.2555 0.2195 0.2195 0.2195 0.2335 0.2335 0.216 0.216 0.2615 0.2615 0.2615 0.258 0.258 0.2675 0.2675
0.2315 0.2505 0.2505 0.257 0.257 0.257 0.2845 0.2845 0.2735 0.2735 0.2665 0.2665 0.2495 0.2495 0.2495 0.251 0.251 0.2395 0.2395 0.2295 0.2295 0.2295 0.232 0.232 0.2525 0.2525 0.276 0.276 0.276 0.2785 0.2785 0.2785 0.2785 0.281 0.281 0.281 0.283 0.283 0.2795 0.2795 0.261 0.261 0.261 0.2675 0.2675 0.269 0.269 0.2395 0.2395 0.262 0.262 0.262 0.2635 0.2635 0.292 0.292 0.2725 0.2725 0.2725 0.2655 0.2655 0.2555 0.2555 0.2195 0.2195 0.2195 0.2335 0.2335 0.216 0.216 0.2615 0.2615 0.2615 0.258 0.258 0.2675 0.2675
0.226 0.25 0.25 0.263 0.263 0.263 0.2775 0.2775 0.2605 0.2605 0.261 0.261 0.256 0.256 0.256 0.244 0.244 0.2475 0.2475 0.253 0.253 0.253 0.26 0.26 0.2745 0.2745 0.2805 0.2805 0.2805 0.288 0.288 0.2765 0.2765 0.3 0.3 0.3 0.2965 0.2965 0.2945 0.2945 0.2695 0.2695 0.2695 0.2745 0.2745 0.2645 0.2645 0.2715 0.2715 0.2615 0.2615 0.2615 0.267 0.267 0.273 0.273 0.2825 0.2825 0.2825 0.277 0.277 0.241 0.241 0.234 0.234 0.234 0.2415 0.2415 0.229 0.229 0.2445 0.2445 0.2445 0.254 0.254 0.2415 0.2415
0.226 0.25 0.25 0.263 0.263 0.263 0.2775 0.2775 0.2605 0.2605 0.261 0.261 0.256 0.256 0.256 0.244 0.244 0.2475 0.2475 0.253 0.253 0.253 0.26 0.26 0.2745 0.2745 0.2805 0.2805 0.2805 0.288 0.288 0.2765 0.2765 0.3 0.3 0.3 0.2965 0.2965 0.2945 0.2945 0.2695 0.2695 0.2695 0.2745 0.2745 0.2645 0.2645 0.2715 0.2715 0.2615 0.2615 0.2615 0.267 0.267 0.273 0.273 0.2825 0.2825 0.2825 0.277 0.277 0.241 0.241 0.234 0.234 0.234 0.2415 0.2415 0.229 0.229 0.2445 0.2445 0.2445 0.254 0.254 0.2415 0.2415
0.226 0.25 0.25 0.263 0.263 0.263 0.2775 0.2775 0.2605 0.2605 0.261 0.261 0.256 0.256 0.256 0.244 0.244 0.2475 0.2475 0.253 0.253 0.253 0.26 0.26 0.2745 0.2745 0.2805 0.2805 0.2805 0.288 0.288 0.2765 0.2765 0.3 0.3 0.3 0.2965 0.2965 0.2945 0.2945 0.2695 0.2695 0.2695 0.2745 0.2745 0.2645 0.2645 0.2715 0.2715 0.2615 0.2615 0.2615 0.267 0.267 0.273 0.273 0.2825 0.2825 0.2825 0.277 0.277 0.241 0.241 0.234 0.234 0.234 0.2415 0.2415 0.229 0.229 0.2445 0.2445 0.2445 0.254 0.254 0.2415 0.2415
0.225 0.231 0.231 0.2555 0.2555 0.2555 0.272 0.272 0.2485 0.2485 0.2635 0.2635 0.2555 0.2555 0.2555 0.2785 0.2785 0.29 0.29 0.2935 0.2935 0.2935 0.277 0.277 0.283 0.283 0.291 0.291 0.291 0.292 0.292 0.279 0.279 0.282 0.282 0.282 0.2735 0.2735 0.2705 0.2705 0.252 0.252 0.252 0.2765 0.2765 0.28 0.28 0.2735 0.2735 0.291 0.291 0.291 0.266 0.266 0.2655 0.2655 0.2955 0.2955 0.2955 0.2625 0.2625 0.258 0.258 0.234 0.234 0.234 0.231 0.231 0.2435 0.2435 0.268 0.268 0.268 0.258 0.258 0.2635 0.2635
0.225 0.231 0.231 0.2555 0.2555 0.2555 0.272 0.272 0.2485 0.2485 0.2635 0.2635 0.2555 0.2555 0.2555 0.2785 0.2785 0.29 0.29 0.2935 0.2935 0.2935 0.277 0.277 0.283 0.283 0.291 0.291 0.291 0.292 0.292 0.279 0.279 0.282 0.282 0.282 0.2735 0.2735 0.2705 0.2705 0.252 0.252 0.252 0.2765 0.2765 0.28 0.28 0.2735 0.2735 0.291 0.291 0.291 0.266 0.266 0.2655 0.2655 0.2955 0.2955 0.2955 0.2625 0.2625 0.258 0.258 0.234 0.234 0.234 0.231 0.231 0.2435 0.2435 0.268 0.268 0.268 0.258 0.258 0.2635 0.2635
0.224 0.2295 0.2295 0.238 0.238 0.238 0.263 0.263 0.2585 0.2585 0.2645 0.2645 0.2635 0.2635 0.2635 0.276 0.276 0.2765 0.2765 0.2845 0.2845 0.2845 0.261 0.261 0.2715 0.2715 0.281 0.281 0.281 0.283 0.283 0.2775 0.2775 0.3055 0.3055 0.3055 0.227 0.227 0.267 0.267 0.2495 0.2495 0.2495 0.2755 0.2755 0.2665 0.2665 0.2685 0.2685 0.273 0.273 0.273 0.2755 0.2755 0.281 0.281 0.299 0.299 0.299 0.297 0.297 0.257 0.257 0.2315 0.2315 0.2315 0.26 0.26 0.258 0.258 0.2615 0.2615 0.2615 0.2715 0.2715 0.2645 0.2645
0.224 0.2295 0.2295 0.238 0.238 0.238 0.263 0.263 0.2585 0.2585 0.2645 0.2645 0.2635 0.2635 0.2635 0.276 0.276 0.2765 0.2765 0.2845 0.2845 0.2845 0.261 0.261 0.2715 0.2715 0.281 0.281 0.281 0.283 0.283 0.2775 0.2775 0.3055 0.3055 0.3055 0.227 0.227 0.267 0.267 0.2495 0.2495 0.2495 0.2755 0.2755 0.2665 0.2665 0.2685 0.2685 0.273 0.273 0.273 0.2755 0.2755 0.281 0.281 0.299 0.299 0.299 0.297 0.297 0.257 0.257 0.2315 0.2315 0.2315 0.26 0.26 0.258 0.258 0.2615 0.2615 0.2615 0.2715 0.2715 0.2645 0.2645
0.2585 0.264 0.264 0.282 0.282 0.282 0.267 0.267 0.2685 0.2685 0.269 0.269 0.2665 0.2665 0.2665 0.2845 0.2845 0.269 0.269 0.279 0.279 0.279 0.261 0.261 0.2725 0.2725 0.2735 0.2735 0.2735 0.2775 0.2775 0.2655 0.2655 0.2785 0.2785 0.2785 0.2795 0.2795 0.271 0.271 0.28 0.28 0.28 0.2515 0.2515 0.265 0.265 0.268 0.268 0.274 0.274 0.274 0.2915 0.2915 0.286 0.286 0.2995 0.2995 0.2995 0.2965 0.2965 0.309 0.309 0.2855 0.2855 0.2855 0.27 0.27 0.283 0.283 0.2815 0.2815 0.2815 0.278 0.278 0.2595 0.2595
0.2585 0.264 0.264 0.282 0.282 0.282 0.267 0.267 0.2685 0.2685 0.269 0.269 0.2665 0.2665 0.2665 0.2845 0.2845 0.269 0.269 0.279 0.279 0.279 0.261 0.261 0.2725 0.2725 0.2735 0.2735 0.2735 0.2775 0.2775 0.2655 0.2655 0.2785 0.2785 0.2785 0.2795 0.2795 0.271 0.271 0.28 0.28 0.28 0.2515 0.2515 0.265 0.265 0.268 0.268 0.274 0.274 0.274 0.2915 0.2915 0.286 0.286 0.2995 0.2995 0.2995 0.2965 0.2965 0.309 0.309 0.2855 0.2855 0.2855 0.27 0.27 0.283 0.283 0.2815 0.2815 0.2815 0.278 0.278 0.2595 0.2595
0.2585 0.264 0.264 0.282 0.282 0.282 0.267 0.267 0.2685 0.2685 0.269 0.269 0.2665 0.2665 0.2665 0.2845 0.2845 0.269 0.269 0.279 0.279 0.279 0.261 0.261 0.2725 0.2725 0.2735 0.2735 0.2735 0.2775 0.2775 0.2655 0.2655 0.2785 0.2785 0.2785 0.2795 0.2795 0.271 0.271 0.28 0.28 0.28 0.2515 0.2515 0.265 0.265 0.268 0.268 0.274 0.274 0.274 0.2915 0.2915 0.286 0.286 0.2995 0.2995 0.2995 0.2965 0.2965 0.309 0.309 0.2855 0.2855 0.2855 0.27 0.27 0.283 0.283 0.2815 0.2815 0.2815 0.278 0.278 0.2595 0.2595
0.274 0.2755 0.2755 0.2705 0.2705 0.2705 0.261 0.261 0.28 0.28 0.2845 0.2845 0.2795 0.2795 0.2795 0.287 0.287 0.2955 0.2955 0.269 0.269 0.269 0.281 0.281 0.2895 0.2895 0.279 0.279 0.279 0.2625 0.2625 0.2835 0.2835 0.2835 0.2835 0.2835 0.281 0.281 0.2915 0.2915 0.2615 0.2615 0.2615 0.277 0.277 0.2945 0.2945 0.2955 0.2955 0.2685 0.2685 0.2685 0.31 0.31 0.312 0.312 0.2985 0.2985 0.2985 0.3005 0.3005 0.3025 0.3025 0.2955 0.2955 0.2955 0.2545 0.2545 0.274 0.274 0.2735 0.2735 0.2735 0.286 0.286 0.288 0.288
0.274 0.2755 0.2755 0.2705 0.2705 0.2705 0.261 0.261 0.28 0.28 0.2845 0.2845 0.2795 0.2795 0.2795 0.287 0.287 0.2955 0.2955 0.269 0.269 0.269 0.281 0.281 0.2895 0.2895 0.279 0.279 0.279 0.2625 0.2625 0.2835 0.2835 0.2835 0.2835 0.2835 0.281 0.281 0.2915 0.2915 0.2615 0.2615 0.2615 0.277 0.277 0.2945 0.2945 0.2955 0.2955 0.2685 0.2685 0.2685 0.31 0.31 0.312 0.312 0.2985 0.2985 0.2985 0.3005 0.3005 0.3025 0.3025 0.2955 0.2955 0.2955 0.2545 0.2545 0.274 0.274 0.2735 0.2735 0.2735 0.286 0.286 0.288 0.288
0.2815 0.279 0.279 0.279 0.279 0.279 0.2665 0.2665 0.2795 0.2795 0.2915 0.2915 0.288 0.288 0.288 0.3005 0.3005 0.308 0.308 0.288 0.288 0.288 0.2655 0.2655 0.2825 0.2825 0.263 0.263 0.263 0.268 0.268 0.259 0.259 0.274 0.274 0.274 0.2955 0.2955 0.27 0.27 0.2675 0.2675 0.2675 0.3035 0.3035 0.3 0.3 0.307 0.307 0.299 0.299 0.299 0.3225 0.3225 0.316 0.316 0.2995 0.2995 0.2995 0.294 0.294 0.282 0.282 0.2755 0.2755 0.2755 0.2485 0.2485 0.2665 0.2665 0.288 0.288 0.288 0.288 0.288 0.2855 0.2855
0.2815 0.279 0.279 0.279 0.279 0.279 0.2665 0.2665 0.2795 0.2795 0.2915 0.2915 0.288 0.288 0.288 0.3005 0.3005 0.308 0.308 0.288 0.288 0.288 0.2655 0.2655 0.2825 0.2825 0.263 0.263 0.263 0.268 0.268 0.259 0.259 0.274 0.274 0.274 0.2955 0.2955 0.27 0.27 0.2675 0.2675 0.2675 0.3035 0.3035 0.3 0.3 0.307 0.307 0.299 0.299 0.299 0.3225 0.3225 0.316 0.316 0.2995 0.2995 0.2995 0.294 0.294 0.282 0.282 0.2755 0.2755 0.2755 0.2485 0.2485 0.2665 0.2665 0.288 0.288 0.288 0.288 0.288 0.2855 0.2855
0.3 0.2855 0.2855 0.2855 0.2855 0.2855 0.261 0.261 0.2735 0.2735 0.2775 0.2775 0.2865 0.2865 0.2865 0.277 0.277 0.2875 0.2875 0.3015 0.3015 0.3015 0.2985 0.2985 0.2685 0.2685 0.2825 0.2825 0.2825 0.2855 0.2855 0.285 0.285 0.2755 0.2755 0.2755 0.246 0.246 0.2585 0.2585 0.266 0.266 0.266 0.2695 0.2695 0.2935 0.2935 0.2985 0.2985 0.3225 0.3225 0.3225 0.3085 0.3085 0.301 0.301 0.3045 0.3045 0.3045 0.2925 0.2925 0.2955 0.2955 0.2835 0.2835 0.2835 0.284 0.284 0.282 0.282 0.3085 0.3085 0.3085 0.3085 0.3085 0.2845 0.2845
0.3 0.2855 0.2855 0.2855 0.2855 0.2855 0.261 0.261 0.2735 0.2735 0.2775 0.2775 0.2865 0.2865 0.2865 0.277 0.277 0.2875 0.2875 0.3015 0.3015 0.3015 0.2985 0.2985 0.2685 0.2685 0.2825 0.2825 0.2825 0.2855 0.2855 0.285 0.285 0.2755 0.2755 0.2755 0.246 0.246 0.2585 0.2585 0.266 0.266 0.266 0.2695 0.2695 0.2935 0.2935 0.2985 0.2985 0.3225 0.3225 0.3225 0.3085 0.3085 0.301 0.301 0.3045 0.3045 0.3045 0.2925 0.2925 0.2955 0.2955 0.2835 0.2835 0.2835 0.284 0.284 0.282 0.282 0.3085 0.3085 0.3085 0.3085 0.3085 0.2845 0.2845
0.3175 0.312 0.312 0.285 0.285 0.285 0.2805 0.2805 0.273 0.273 0.287 0.287 0.295 0.295 0.295 0.305 0.305 0.29 0.29 0.2845 0.2845 0.2845 0.2945 0.2945 0.2785 0.2785 0.2855 0.2855 0.2855 0.2845 0.2845 0.2925 0.2925 0.2755 0.2755 0.2755 0.2815 0.2815 0.2745 0.2745 0.2945 0.2945 0.2945 0.278 0.278 0.3025 0.3025 0.29 0.29 0.2905 0.2905 0.2905 0.291 0.291 0.293 0.293 0.3015 0.3015 0.3015 0.28 0.28 0.2835 0.2835 0.287 0.287 0.287 0.292 0.292 0.32 0.32 0.301 0.301 0.301 0.2955 0.2955 0.2985 0.2985
0.3175 0.312 0.312 0.285 0.285 0.285 0.2805 0.2805 0.273 0.273 0.287 0.287 0.295 0.295 0.295 0.305 0.305 0.29 0.29 0.2845 0.2845 0.2845 0.2945 0.2945 0.2785 0.2785 0.2855 0.2855 0.2855 0.2845 0.2845 0.2925 0.2925 0.2755 0.2755 0.2755 0.2815 0.2815 0.2745 0.2745 0.2945 0.2945 0.2945 0.278 0.278 0.3025 0.3025 0.29 0.29 0.2905 0.2905 0.2905 0.291 0.291 0.293 0.293 0.3015 0.3015 0.3015 0.28 0.28 0.2835 0.2835 0.287 0.287 0.287 0.292 0.292 0.32 0.32 0.301 0.301 0.301 0.2955 0.2955 0.2985 0.2985
0.3175 0.312 0.312 0.285 0.285 0.285 0.2805 0.2805 0.273 0.273 0.287 0.287 0.295 0.295 0.295 0.305 0.305 0.29 0.29 0.2845 0.2845 0.2845 0.2945 0.2945 0.2785 0.2785 0.2855 0.2855 0.2855 0.2845 0.2845 0.2925 0.2925 0.2755 0.2755 0.2755 0.2815 0.2815 0.2745 0.2745 0.2945 0.2945 0.2945 0.278 0.278 0.3025 0.3025 0.29 0.29 0.2905 0.2905 0.2905 0.291 0.291 0.293 0.293 0.3015 0.3015 0.3015 0.28 0.28 0.2835 0.2835 0.287 0.287 0.287 0.292 0.292 0.32 0.32 0.301 0.301 0.301 0.2955 0.2955 0.2985 0.2985
0.304 0.292 0.292 0.28 0.28 0.28 0.277 0.277 0.3 0.3 0.3065 0.3065 0.2915 0.2915 0.2915 0.286 0.286 0.2945 0.2945 0.2655 0.2655 0.2655 0.2705 0.2705 0.274 0.274 0.2895 0.2895 0.2895 0.2765 0.2765 0.2985 0.2985 0.2725 0.2725 0.2725 0.2905 0.2905 0.2945 0.2945 0.2635 0.2635 0.2635 0.27 0.27 0.285 0.285 0.2905 0.2905 0.303 0.303 0.303 0.3025 0.3025 0.3035 0.3035 0.2935 0.2935 0.2935 0.2975 0.2975 0.2905 0.2905 0.294 0.294 0.294 0.307 0.307 0.3085 0.3085 0.3115 0.3115 0.3115 0.2955 0.2955 0.2785 0.2785
0.304 0.292 0.292 0.28 0.28 0.28 0.277 0.277 0.3 0.3 0.3065 0.3065 0.2915 0.2915 0.2915 0.286 0.286 0.2945 0.2945 0.2655 0.2655 0.2655 0.2705 0.2705 0.274 0.274 0.2895 0.2895 0.2895 0.2765 0.2765 0.2985 0.2985 0.2725 0.2725 0.2725 0.2905 0.2905 0.2945 0.2945 0.2635 0.2635 0.2635 0.27 0.27 0.285 0.285 0.2905 0.2905 0.303 0.303 0.303 0.3025 0.3025 0.3035 0.3035 0.2935 0.2935 0.2935 0.2975 0.2975 0.2905 0.2905 0.294 0.294 0.294 0.307 0.307 0.3085 0.3085 0.3115 0.3115 0.3115 0.2955 0.2955 0.2785 0.2785
0.32 0.305 0.305 0.286 0.286 0.286 0.2835 0.2835 0.299 0.299 0.276 0.276 0.2735 0.2735 0.2735 0.2865 0.2865 0.2845 0.2845 0.2855 0.2855 0.2855 0.2865 0.2865 0.2915 0.2915 0.3145 0.3145 0.3145 0.3095 0.3095 0.29 0.29 0.249 0.249 0.249 0.2975 0.2975 0.2925 0.2925 0.2905 0.2905 0.2905 0.3185 0.3185 0.3155 0.3155 0.301 0.301 0.342 0.342 0.342 0.2955 0.2955 0.3245 0.3245 0.3285 0.3285 0.3285 0.3225 0.3225 0.315 0.315 0.3095 0.3095 0.3095 0.323 0.323 0.31 0.31 0.317 0.317 0.317 0.32 0.32 0.291 0.291
0.32 0.305 0.305 0.286 0.286 0.286 0.2835 0.2835 0.299 0.299 0.276 0.276 0.2735 0.2735 0.2735 0.2865 0.2865 0.2845 0.2845 0.2855 0.2855 0.2855 0.2865 0.2865 0.2915 0.2915 0.3145 0.3145 0.3145 0.3095 0.3095 0.29 0.29 0.249 0.249 0.249 0.2975 0.2975 0.2925 0.2925 0.2905 0.2905 0.2905 0.3185 0.3185 0.3155 0.3155 0.301 0.301 0.342 0.342 0.342 0.2955 0.2955 0.3245 0.3245 0.3285 0.3285 0.3285 0.3225 0.3225 0.315 0.315 0.3095 0.3095 0.3095 0.323 0.323 0.31 0.31 0.317 0.317 0.317 0.32 0.32 0.291 0.291
0.323 0.3415 0.3415 0.302 0.302 0.302 0.296 0.296 0.2805 0.2805 0.2945 0.2945 0.285 0.285 0.285 0.3085 0.3085 0.2895 0.2895 0.282 0.282 0.282 0.2855 0.2855 0.313 0.313 0.311 0.311 0.311 0.308 0.308 0.3065 0.3065 0.292 0.292 0.292 0.2995 0.2995 0.2995 0.2995 0.276 0.276 0.276 0.298 0.298 0.305 0.305 0.3005 0.3005 0.318 0.318 0.318 0.322 0.322 0.309 0.309 0.308 0.308 0.308 0.325 0.325 0.314 0.314 0.309 0.309 0.309 0.3005 0.3005 0.295 0.295 0.3075 0.3075 0.3075 0.319 0.319 0.3035 0.3035
0.323 0.3415 0.3415 0.302 0.302 0.302 0.296 0.296 0.2805 0.2805 0.2945 0.2945 0.285 0.285 0.285 0.3085 0.3085 0.2895 0.2895 0.282 0.282 0.282 0.2855 0.2855 0.313 0.313 0.311 0.311 0.311 0.308 0.308 0.3065 0.3065 0.292 0.292 0.292 0.2995 0.2995 0.2995 0.2995 0.276 0.276 0.276 0.298 0.298 0.305 0.305 0.3005 0.3005 0.318 0.318 0.318 0.322 0.322 0.309 0.309 0.308 0.308 0.308 0.325 0.325 0.314 0.314 0.309 0.309 0.309 0.3005 0.3005 0.295 0.295 0.3075 0.3075 0.3075 0.319 0.319 0.3035 0.3035
0.323 0.3415 0.3415 0.302 0.302 0.302 0.296 0.296 0.2805 0.2805 0.2945 0.2945 0.285 0.285 0.285 0.3085 0.3085 0.2895 0.2895 0.282 0.282 0.282 0.2855 0.2855 0.313 0.313 0.311 0.311 0.311 0.308 0.308 0.3065 0.3065 0.292 0.292 0.292 0.2995 0.2995 0.2995 0.2995 0.276 0.276 0.276 0.298 0.298 0.305 0.305 0.3005 0.3005 0.318 0.318 0.318 0.322 0.322 0.309 0.309 0.308 0.308 0.308 0.325 0.325 0.314 0.314 0.309 0.309 0.309 0.3005 0.3005 0.295 0.295 0.3075 0.3075 0.3075 0.319 0.319 0.3035 0.3035
