ndvi/NOAA-147.asc
ncols         252
nrows         154
xllcorner     -18.017974
yllcorner     13.481982
cellsize      0.035948
NODATA_value  -9999
[rows 0 to 33 of 154, columns 154 to 230 of 252]
0.1045 0.0935 0.0935 0.1015 0.1015 0.1015 0.1025 0.1025 0.104 0.104 0.1085 0.1085 0.1065 0.1065 0.1065 0.1085 0.1085 0.108 0.108 0.109 0.109 0.109 0.109 0.109 0.111 0.111 0.1085 0.1085 0.1085 0.1075 0.1075 0.11 0.11 0.1125 0.1125 0.1125 0.1095 0.1095 0.104 0.104 0.102 0.102 0.102 0.111 0.111 0.106 0.106 0.109 0.109 0.1155 0.1155 0.1155 0.116 0.116 0.1155 0.1155 0.114 0.114 0.114 0.1155 0.1155 0.109 0.109 0.1075 0.1075 0.1075 0.1065 0.1065 0.1055 0.1055 0.1005 0.1005 0.1005 0.09999999 0.09999999 0.097 0.097
0.1045 0.0935 0.0935 0.1015 0.1015 0.1015 0.1025 0.1025 0.104 0.104 0.1085 0.1085 0.1065 0.1065 0.1065 0.1085 0.1085 0.108 0.108 0.109 0.109 0.109 0.109 0.109 0.111 0.111 0.1085 0.1085 0.1085 0.1075 0.1075 0.11 0.11 0.1125 0.1125 0.1125 0.1095 0.1095 0.104 0.104 0.102 0.102 0.102 0.111 0.111 0.106 0.106 0.109 0.109 0.1155 0.1155 0.1155 0.116 0.116 0.1155 0.1155 0.114 0.114 0.114 0.1155 0.1155 0.109 0.109 0.1075 0.1075 0.1075 0.1065 0.1065 0.1055 0.1055 0.1005 0.1005 0.1005 0.09999999 0.09999999 0.097 0.097
0.09649999 0.1005 0.1005 0.1025 0.1025 0.1025 0.106 0.106 0.1065 0.1065 0.1085 0.1085 0.1065 0.1065 0.1065 0.108 0.108 0.1105 0.1105 0.1105 0.1105 0.1105 0.109 0.109 0.108 0.108 0.112 0.112 0.112 0.112 0.112 0.11 0.11 0.118 0.118 0.118 0.116 0.116 0.1225 0.1225 0.1165 0.1165 0.1165 0.131 0.131 0.129 0.129 0.12 0.12 0.1235 0.1235 0.1235 0.125 0.125 0.122 0.122 0.125 0.125 0.125 0.1275 0.1275 0.1185 0.1185 0.1105 0.1105 0.1105 0.109 0.109 0.105 0.105 0.1035 0.1035 0.1035 0.103 0.103 0.09999999 0.09999999
0.09649999 0.1005 0.1005 0.1025 0.1025 0.1025 0.106 0.106 0.1065 0.1065 0.1085 0.1085 0.1065 0.1065 0.1065 0.108 0.108 0.1105 0.1105 0.1105 0.1105 0.1105 0.109 0.109 0.108 0.108 0.112 0.112 0.112 0.112 0.112 0.11 0.11 0.118 0.118 0.118 0.116 0.116 0.1225 0.1225 0.1165 0.1165 0.1165 0.131 0.131 0.129 0.129 0.12 0.12 0.1235 0.1235 0.1235 0.125 0.125 0.122 0.122 0.125 0.125 0.125 0.1275 0.1275 0.1185 0.1185 0.1105 0.1105 0.1105 0.109 0.109 0.105 0.105 0.1035 0.1035 0.1035 0.103 0.103 0.09999999 0.09999999
0.09649999 0.1005 0.1005 0.1025 0.1025 0.1025 0.106 0.106 0.1065 0.1065 0.1085 0.1085 0.1065 0.1065 0.1065 0.108 0.108 0.1105 0.1105 0.1105 0.1105 0.1105 0.109 0.109 0.108 0.108 0.112 0.112 0.112 0.112 0.112 0.11 0.11 0.118 0.118 0.118 0.116 0.116 0.1225 0.1225 0.1165 0.1165 0.1165 0.131 0.131 0.129 0.129 0.12 0.12 0.1235 0.1235 0.1235 0.125 0.125 0.122 0.122 0.125 0.125 0.125 0.1275 0.1275 0.1185 0.1185 0.1105 0.1105 0.1105 0.109 0.109 0.105 0.105 0.1035 0.1035 0.1035 0.103 0.103 0.09999999 0.09999999
0.1055 0.1075 0.1075 0.108 0.108 0.108 0.116 0.116 0.1165 0.1165 0.1125 0.1125 0.115 0.115 0.115 0.1205 0.1205 0.1165 0.1165 0.122 0.122 0.122 0.12 0.12 0.1195 0.1195 0.1255 0.1255 0.1255 0.1225 0.1225 0.1275 0.1275 0.129 0.129 0.129 0.124 0.124 0.1215 0.1215 0.13 0.13 0.13 0.1325 0.1325 0.13 0.13 0.129 0.129 0.1275 0.1275 0.1275 0.1245 0.1245 0.1235 0.1235 0.1265 0.1265 0.1265 0.124 0.124 0.1145 0.1145 0.1195 0.1195 0.1195 0.1085 0.1085 0.109 0.109 0.105 0.105 0.105 0.1035 0.1035 0.1045 0.1045
0.1055 0.1075 0.1075 0.108 0.108 0.108 0.116 0.116 0.1165 0.1165 0.1125 0.1125 0.115 0.115 0.115 0.1205 0.1205 0.1165 0.1165 0.122 0.122 0.122 0.12 0.12 0.1195 0.1195 0.1255 0.1255 0.1255 0.1225 0.1225 0.1275 0.1275 0.129 0.129 0.129 0.124 0.124 0.1215 0.1215 0.13 0.13 0.13 0.1325 0.1325 0.13 0.13 0.129 0.129 0.1275 0.1275 0.1275 0.1245 0.1245 0.1235 0.1235 0.1265 0.1265 0.1265 0.124 0.124 0.1145 0.1145 0.1195 0.1195 0.1195 0.1085 0.1085 0.109 0.109 0.105 0.105 0.105 0.1035 0.1035 0.1045 0.1045
0.1025 0.105 0.105 0.11 0.11 0.11 0.1165 0.1165 0.1175 0.1175 0.112 0.112 0.1115 0.1115 0.1115 0.1175 0.1175 0.1215 0.1215 0.1245 0.1245 0.1245 0.1235 0.1235 0.1265 0.1265 0.1195 0.1195 0.1195 0.118 0.118 0.123 0.123 0.1195 0.1195 0.1195 0.1225 0.1225 0.118 0.118 0.1215 0.1215 0.1215 0.125 0.125 0.1225 0.1225 0.1245 0.1245 0.128 0.128 0.128 0.124 0.124 0.1215 0.1215 0.1235 0.1235 0.1235 0.1195 0.1195 0.12 0.12 0.118 0.118 0.118 0.1125 0.1125 0.1105 0.1105 0.109 0.109 0.109 0.1035 0.1035 0.11 0.11
0.1025 0.105 0.105 0.11 0.11 0.11 0.1165 0.1165 0.1175 0.1175 0.112 0.112 0.1115 0.1115 0.1115 0.1175 0.1175 0.1215 0.1215 0.1245 0.1245 0.1245 0.1235 0.1235 0.1265 0.1265 0.1195 0.1195 0.1195 0.118 0.118 0.123 0.123 0.1195 0.1195 0.1195 0.1225 0.1225 0.118 0.118 0.1215 0.1215 0.1215 0.125 0.125 0.1225 0.1225 0.1245 0.1245 0.128 0.128 0.128 0.124 0.124 0.1215 0.1215 0.1235 0.1235 0.1235 0.1195 0.1195 0.12 0.12 0.118 0.118 0.118 0.1125 0.1125 0.1105 0.1105 0.109 0.109 0.109 0.1035 0.1035 0.11 0.11
0.1135 0.116 0.116 0.123 0.123 0.123 0.1105 0.1105 0.1155 0.1155 0.1145 0.1145 0.1175 0.1175 0.1175 0.1195 0.1195 0.125 0.125 0.133 0.133 0.133 0.1195 0.1195 0.131 0.131 0.1205 0.1205 0.1205 0.1205 0.1205 0.1195 0.1195 0.118 0.118 0.118 0.1105 0.1105 0.1105 0.1105 0.1135 0.1135 0.1135 0.1115 0.1115 0.1145 0.1145 0.123 0.123 0.1265 0.1265 0.1265 0.1275 0.1275 0.127 0.127 0.127 0.127 0.127 0.1195 0.1195 0.115 0.115 0.116 0.116 0.116 0.1095 0.1095 0.1065 0.1065 0.1105 0.1105 0.1105 0.106 0.106 0.106 0.106
0.1135 0.116 0.116 0.123 0.123 0.123 0.1105 0.1105 0.1155 0.1155 0.1145 0.1145 0.1175 0.1175 0.1175 0.1195 0.1195 0.125 0.125 0.133 0.133 0.133 0.1195 0.1195 0.131 0.131 0.1205 0.1205 0.1205 0.1205 0.1205 0.1195 0.1195 0.118 0.118 0.118 0.1105 0.1105 0.1105 0.1105 0.1135 0.1135 0.1135 0.1115 0.1115 0.1145 0.1145 0.123 0.123 0.1265 0.1265 0.1265 0.1275 0.1275 0.127 0.127 0.127 0.127 0.127 0.1195 0.1195 0.115 0.115 0.116 0.116 0.116 0.1095 0.1095 0.1065 0.1065 0.1105 0.1105 0.1105 0.106 0.106 0.106 0.106
0.12 0.112 0.112 0.121 0.121 0.121 0.112 0.112 0.116 0.116 0.1165 0.1165 0.1155 0.1155 0.1155 0.121 0.121 0.1265 0.1265 0.12 0.12 0.12 0.1215 0.1215 0.123 0.123 0.13 0.13 0.13 0.1175 0.1175 0.1225 0.1225 0.1155 0.1155 0.1155 0.115 0.115 0.1055 0.1055 0.1145 0.1145 0.1145 0.1155 0.1155 0.1155 0.1155 0.131 0.131 0.122 0.122 0.122 0.1235 0.1235 0.1215 0.1215 0.121 0.121 0.121 0.113 0.113 0.1105 0.1105 0.0975 0.0975 0.0975 0.095 0.095 0.101 0.101 0.09999999 0.09999999 0.09999999 0.104 0.104 0.109 0.109
0.12 0.112 0.112 0.121 0.121 0.121 0.112 0.112 0.116 0.116 0.1165 0.1165 0.1155 0.1155 0.1155 0.121 0.121 0.1265 0.1265 0.12 0.12 0.12 0.1215 0.1215 0.123 0.123 0.13 0.13 0.13 0.1175 0.1175 0.1225 0.1225 0.1155 0.1155 0.1155 0.115 0.115 0.1055 0.1055 0.1145 0.1145 0.1145 0.1155 0.1155 0.1155 0.1155 0.131 0.131 0.122 0.122 0.122 0.1235 0.1235 0.1215 0.1215 0.121 0.121 0.121 0.113 0.113 0.1105 0.1105 0.0975 0.0975 0.0975 0.095 0.095 0.101 0.101 0.09999999 0.09999999 0.09999999 0.104 0.104 0.109 0.109
0.12 0.112 0.112 0.121 0.121 0.121 0.112 0.112 0.116 0.116 0.1165 0.1165 0.1155 0.1155 0.1155 0.121 0.121 0.1265 0.1265 0.12 0.12 0.12 0.1215 0.1215 0.123 0.123 0.13 0.13 0.13 0.1175 0.1175 0.1225 0.1225 0.1155 0.1155 0.1155 0.115 0.115 0.1055 0.1055 0.1145 0.1145 0.1145 0.1155 0.1155 0.1155 0.1155 0.131 0.131 0.122 0.122 0.122 0.1235 0.1235 0.1215 0.1215 0.121 0.121 0.121 0.113 0.113 0.1105 0.1105 0.0975 0.0975 0.0975 0.095 0.095 0.101 0.101 0.09999999 0.09999999 0.09999999 0.104 0.104 0.109 0.109
0.1185 0.115 0.115 0.1205 0.1205 0.1205 0.1175 0.1175 0.123 0.123 0.1195 0.1195 0.117 0.117 0.117 0.1265 0.1265 0.121 0.121 0.129 0.129 0.129 0.1185 0.1185 0.1155 0.1155 0.1155 0.1155 0.1155 0.119 0.119 0.1205 0.1205 0.115 0.115 0.115 0.1145 0.1145 0.115 0.115 0.112 0.112 0.112 0.117 0.117 0.119 0.119 0.114 0.114 0.1015 0.1015 0.1015 0.1035 0.1035 0.1235 0.1235 0.123 0.123 0.123 0.108 0.108 0.0985 0.0985 0.097 0.097 0.097 0.09900001 0.09900001 0.0965 0.0965 0.099 0.099 0.099 0.099 0.099 0.104 0.104
0.1185 0.115 0.115 0.1205 0.1205 0.1205 0.1175 0.1175 0.123 0.123 0.1195 0.1195 0.117 0.117 0.117 0.1265 0.1265 0.121 0.121 0.129 0.129 0.129 0.1185 0.1185 0.1155 0.1155 0.1155 0.1155 0.1155 0.119 0.119 0.1205 0.1205 0.115 0.115 0.115 0.1145 0.1145 0.115 0.115 0.112 0.112 0.112 0.117 0.117 0.119 0.119 0.114 0.114 0.1015 0.1015 0.1015 0.1035 0.1035 0.1235 0.1235 0.123 0.123 0.123 0.108 0.108 0.0985 0.0985 0.097 0.097 0.097 0.09900001 0.09900001 0.0965 0.0965 0.099 0.099 0.099 0.099 0.099 0.104 0.104
0.1165 0.1145 0.1145 0.111 0.111 0.111 0.1155 0.1155 0.1225 0.1225 0.127 0.127 0.123 0.123 0.123 0.126 0.126 0.124 0.124 0.122 0.122 0.122 0.1235 0.1235 0.123 0.123 0.1205 0.1205 0.1205 0.115 0.115 0.1165 0.1165 0.114 0.114 0.114 0.1115 0.1115 0.105 0.105 0.1035 0.1035 0.1035 0.0935 0.0935 0.08499999 0.08499999 0.082 0.082 0.0865 0.0865 0.0865 0.09299999 0.09299999 0.1045 0.1045 0.103 0.103 0.103 0.104 0.104 0.104 0.104 0.099 0.099 0.099 0.098 0.098 0.097 0.097 0.103 0.103 0.103 0.0985 0.0985 0.102 0.102
0.1165 0.1145 0.1145 0.111 0.111 0.111 0.1155 0.1155 0.1225 0.1225 0.127 0.127 0.123 0.123 0.123 0.126 0.126 0.124 0.124 0.122 0.122 0.122 0.1235 0.1235 0.123 0.123 0.1205 0.1205 0.1205 0.115 0.115 0.1165 0.1165 0.114 0.114 0.114 0.1115 0.1115 0.105 0.105 0.1035 0.1035 0.1035 0.0935 0.0935 0.08499999 0.08499999 0.082 0.082 0.0865 0.0865 0.0865 0.09299999 0.09299999 0.1045 0.1045 0.103 0.103 0.103 0.104 0.104 0.104 0.104 0.099 0.099 0.099 0.098 0.098 0.097 0.097 0.103 0.103 0.103 0.0985 0.0985 0.102 0.102
0.1095 0.141 0.141 0.146 0.146 0.146 0.1025 0.1025 0.101 0.101 0.102 0.102 0.1055 0.1055 0.1055 0.102 0.102 0.105 0.105 0.1095 0.1095 0.1095 0.1005 0.1005 0.1015 0.1015 0.0965 0.0965 0.0965 0.101 0.101 0.0895 0.0895 0.095 0.095 0.095 0.099 0.099 0.114 0.114 0.121 0.121 0.121 0.1195 0.1195 0.1255 0.1255 0.118 0.118 0.1125 0.1125 0.1125 0.1135 0.1135 0.106 0.106 0.107 0.107 0.107 0.1065 0.1065 0.1065 0.1065 0.1005 0.1005 0.1005 0.0965 0.0965 0.0985 0.0985 0.0975 0.0975 0.0975 0.1035 0.1035 0.102 0.102
0.1095 0.141 0.141 0.146 0.146 0.146 0.1025 0.1025 0.101 0.101 0.102 0.102 0.1055 0.1055 0.1055 0.102 0.102 0.105 0.105 0.1095 0.1095 0.1095 0.1005 0.1005 0.1015 0.1015 0.0965 0.0965 0.0965 0.101 0.101 0.0895 0.0895 0.095 0.095 0.095 0.099 0.099 0.114 0.114 0.121 0.121 0.121 0.1195 0.1195 0.1255 0.1255 0.118 0.118 0.1125 0.1125 0.1125 0.1135 0.1135 0.106 0.106 0.107 0.107 0.107 0.1065 0.1065 0.1065 0.1065 0.1005 0.1005 0.1005 0.0965 0.0965 0.0985 0.0985 0.0975 0.0975 0.0975 0.1035 0.1035 0.102 0.102
0.1095 0.141 0.141 0.146 0.146 0.146 0.1025 0.1025 0.101 0.101 0.102 0.102 0.1055 0.1055 0.1055 0.102 0.102 0.105 0.105 0.1095 0.1095 0.1095 0.1005 0.1005 0.1015 0.1015 0.0965 0.0965 0.0965 0.101 0.101 0.0895 0.0895 0.095 0.095 0.095 0.099 0.099 0.114 0.114 0.121 0.121 0.121 0.1195 0.1195 0.1255 0.1255 0.118 0.118 0.1125 0.1125 0.1125 0.1135 0.1135 0.106 0.106 0.107 0.107 0.107 0.1065 0.1065 0.1065 0.1065 0.1005 0.1005 0.1005 0.0965 0.0965 0.0985 0.0985 0.0975 0.0975 0.0975 0.1035 0.1035 0.102 0.102
0.1155 0.1295 0.1295 0.1525 0.1525 0.1525 0.1065 0.1065 0.0975 0.0975 0.104 0.104 0.104 0.104 0.104 0.1165 0.1165 0.1145 0.1145 0.1095 0.1095 0.1095 0.113 0.113 0.1075 0.1075 0.0975 0.0975 0.0975 0.1035 0.1035 0.09649999 0.09649999 0.114 0.114 0.114 0.1275 0.1275 0.1295 0.1295 0.1195 0.1195 0.1195 0.1185 0.1185 0.1235 0.1235 0.114 0.114 0.112 0.112 0.112 0.11 0.11 0.109 0.109 0.1105 0.1105 0.1105 0.11 0.11 0.1115 0.1115 0.113 0.113 0.113 0.1075 0.1075 0.107 0.107 0.1075 0.1075 0.1075 0.105 0.105 0.096 0.096
0.1155 0.1295 0.1295 0.1525 0.1525 0.1525 0.1065 0.1065 0.0975 0.0975 0.104 0.104 0.104 0.104 0.104 0.1165 0.1165 0.1145 0.1145 0.1095 0.1095 0.1095 0.113 0.113 0.1075 0.1075 0.0975 0.0975 0.0975 0.1035 0.1035 0.09649999 0.09649999 0.114 0.114 0.114 0.1275 0.1275 0.1295 0.1295 0.1195 0.1195 0.1195 0.1185 0.1185 0.1235 0.1235 0.114 0.114 0.112 0.112 0.112 0.11 0.11 0.109 0.109 0.1105 0.1105 0.1105 0.11 0.11 0.1115 0.1115 0.113 0.113 0.113 0.1075 0.1075 0.107 0.107 0.1075 0.1075 0.1075 0.105 0.105 0.096 0.096
0.116 0.119 0.119 0.1465 0.1465 0.1465 0.1305 0.1305 0.1195 0.1195 0.1215 0.1215 0.111 0.111 0.111 0.11 0.11 0.112 0.112 0.1285 0.1285 0.1285 0.133 0.133 0.1345 0.1345 0.133 0.133 0.133 0.1305 0.1305 0.145 0.145 0.1385 0.1385 0.1385 0.1305 0.1305 0.12 0.12 0.12 0.12 0.12 0.117 0.117 0.1135 0.1135 0.1185 0.1185 0.1115 0.1115 0.1115 0.1065 0.1065 0.108 0.108 0.1085 0.1085 0.1085 0.109 0.109 0.109 0.109 0.1135 0.1135 0.1135 0.1135 0.1135 0.11 0.11 0.107 0.107 0.107 0.1065 0.1065 0.0975 0.0975
0.116 0.119 0.119 0.1465 0.1465 0.1465 0.1305 0.1305 0.1195 0.1195 0.1215 0.1215 0.111 0.111 0.111 0.11 0.11 0.112 0.112 0.1285 0.1285 0.1285 0.133 0.133 0.1345 0.1345 0.133 0.133 0.133 0.1305 0.1305 0.145 0.145 0.1385 0.1385 0.1385 0.1305 0.1305 0.12 0.12 0.12 0.12 0.12 0.117 0.117 0.1135 0.1135 0.1185 0.1185 0.1115 0.1115 0.1115 0.1065 0.1065 0.108 0.108 0.1085 0.1085 0.1085 0.109 0.109 0.109 0.109 0.1135 0.1135 0.1135 0.1135 0.1135 0.11 0.11 0.107 0.107 0.107 0.1065 0.1065 0.0975 0.0975
0.1175 0.121 0.121 0.151 0.151 0.151 0.182 0.182 0.149 0.149 0.139 0.139 0.13 0.13 0.13 0.1335 0.1335 0.1385 0.1385 0.14 0.14 0.14 0.135 0.135 0.1305 0.1305 0.135 0.135 0.135 0.1335 0.1335 0.1355 0.1355 0.13 0.13 0.13 0.128 0.128 0.1195 0.1195 0.12 0.12 0.12 0.118 0.118 0.1175 0.1175 0.121 0.121 0.125 0.125 0.125 0.117 0.117 0.111 0.111 0.11 0.11 0.11 0.107 0.107 0.1125 0.1125 0.1125 0.1125 0.1125 0.1115 0.1115 0.108 0.108 0.109 0.109 0.109 0.107 0.107 0.1125 0.1125
0.1175 0.121 0.121 0.151 0.151 0.151 0.182 0.182 0.149 0.149 0.139 0.139 0.13 0.13 0.13 0.1335 0.1335 0.1385 0.1385 0.14 0.14 0.14 0.135 0.135 0.1305 0.1305 0.135 0.135 0.135 0.1335 0.1335 0.1355 0.1355 0.13 0.13 0.13 0.128 0.128 0.1195 0.1195 0.12 0.12 0.12 0.118 0.118 0.1175 0.1175 0.121 0.121 0.125 0.125 0.125 0.117 0.117 0.111 0.111 0.11 0.11 0.11 0.107 0.107 0.1125 0.1125 0.1125 0.1125 0.1125 0.1115 0.1115 0.108 0.108 0.109 0.109 0.109 0.107 0.107 0.1125 0.1125
0.1175 0.121 0.121 0.151 0.151 0.151 0.182 0.182 0.149 0.149 0.139 0.139 0.13 0.13 0.13 0.1335 0.1335 0.1385 0.1385 0.14 0.14 0.14 0.135 0.135 0.1305 0.1305 0.135 0.135 0.135 0.1335 0.1335 0.1355 0.1355 0.13 0.13 0.13 0.128 0.128 0.1195 0.1195 0.12 0.12 0.12 0.118 0.118 0.1175 0.1175 0.121 0.121 0.125 0.125 0.125 0.117 0.117 0.111 0.111 0.11 0.11 0.11 0.107 0.107 0.1125 0.1125 0.1125 0.1125 0.1125 0.1115 0.1115 0.108 0.108 0.109 0.109 0.109 0.107 0.107 0.1125 0.1125
0.117 0.118 0.118 0.1455 0.1455 0.1455 0.17 0.17 0.1985 0.1985 0.1405 0.1405 0.1315 0.1315 0.1315 0.133 0.133 0.1375 0.1375 0.1315 0.1315 0.1315 0.134 0.134 0.133 0.133 0.125 0.125 0.125 0.1195 0.1195 0.1195 0.1195 0.124 0.124 0.124 0.118 0.118 0.12 0.12 0.116 0.116 0.116 0.116 0.116 0.122 0.122 0.1295 0.1295 0.1295 0.1295 0.1295 0.1265 0.1265 0.1175 0.1175 0.113 0.113 0.113 0.11 0.11 0.1195 0.1195 0.122 0.122 0.122 0.12 0.12 0.127 0.127 0.122 0.122 0.122 0.1185 0.1185 0.115 0.115
0.117 0.118 0.118 0.1455 0.1455 0.1455 0.17 0.17 0.1985 0.1985 0.1405 0.1405 0.1315 0.1315 0.1315 0.133 0.133 0.1375 0.1375 0.1315 0.1315 0.1315 0.134 0.134 0.133 0.133 0.125 0.125 0.125 0.1195 0.1195 0.1195 0.1195 0.124 0.124 0.124 0.118 0.118 0.12 0.12 0.116 0.116 0.116 0.116 0.116 0.122 0.122 0.1295 0.1295 0.1295 0.1295 0.1295 0.1265 0.1265 0.1175 0.1175 0.113 0.113 0.113 0.11 0.11 0.1195 0.1195 0.122 0.122 0.122 0.12 0.12 0.127 0.127 0.122 0.122 0.122 0.1185 0.1185 0.115 0.115
0.1205 0.1125 0.1125 0.124 0.124 0.124 0.146 0.146 0.157 0.157 0.126 0.126 0.1185 0.1185 0.1185 0.122 0.122 0.124 0.124 0.135 0.135 0.135 0.1285 0.1285 0.134 0.134 0.1375 0.1375 0.1375 0.1485 0.1485 0.1295 0.1295 0.1205 0.1205 0.1205 0.1235 0.1235 0.125 0.125 0.1275 0.1275 0.1275 0.122 0.122 0.1265 0.1265 0.1285 0.1285 0.131 0.131 0.131 0.1325 0.1325 0.1295 0.1295 0.125 0.125 0.125 0.1235 0.1235 0.1275 0.1275 0.1265 0.1265 0.1265 0.131 0.131 0.135 0.135 0.1275 0.1275 0.1275 0.122 0.122 0.117 0.117
0.1205 0.1125 0.1125 0.124 0.124 0.124 0.146 0.146 0.157 0.157 0.126 0.126 0.1185 0.1185 0.1185 0.122 0.122 0.124 0.124 0.135 0.135 0.135 0.1285 0.1285 0.134 0.134 0.1375 0.1375 0.1375 0.1485 0.1485 0.1295 0.1295 0.1205 0.1205 0.1205 0.1235 0.1235 0.125 0.125 0.1275 0.1275 0.1275 0.122 0.122 0.1265 0.1265 0.1285 0.1285 0.131 0.131 0.131 0.1325 0.1325 0.1295 0.1295 0.125 0.125 0.125 0.1235 0.1235 0.1275 0.1275 0.1265 0.1265 0.1265 0.131 0.131 0.135 0.135 0.1275 0.1275 0.1275 0.122 0.122 0.117 0.117
0.125 0.1255 0.1255 0.125 0.125 0.125 0.14 0.14 0.124 0.124 0.1105 0.1105 0.0995 0.0995 0.0995 0.1095 0.1095 0.1115 0.1115 0.1215 0.1215 0.1215 0.113 0.113 0.1315 0.1315 0.132 0.132 0.132 0.138 0.138 0.138 0.138 0.1275 0.1275 0.1275 0.129 0.129 0.131 0.131 0.1275 0.1275 0.1275 0.126 0.126 0.127 0.127 0.1365 0.1365 0.137 0.137 0.137 0.141 0.141 0.1405 0.1405 0.138 0.138 0.138 0.142 0.142 0.1345 0.1345 0.1355 0.1355 0.1355 0.139 0.139 0.14 0.14 0.1345 0.1345 0.1345 0.1325 0.1325 0.1225 0.1225
0.125 0.1255 0.1255 0.125 0.125 0.125 0.14 0.14 0.124 0.124 0.1105 0.1105 0.0995 0.0995 0.0995 0.1095 0.1095 0.1115 0.1115 0.1215 0.1215 0.1215 0.113 0.113 0.1315 0.1315 0.132 0.132 0.132 0.138 0.138 0.138 0.138 0.1275 0.1275 0.1275 0.129 0.129 0.131 0.131 0.1275 0.1275 0.1275 0.126 0.126 0.127 0.127 0.1365 0.1365 0.137 0.137 0.137 0.141 0.141 0.1405 0.1405 0.138 0.138 0.138 0.142 0.142 0.1345 0.1345 0.1355 0.1355 0.1355 0.139 0.139 0.14 0.14 0.1345 0.1345 0.1345 0.1325 0.1325 0.1225 0.1225
