ndvi/NOAA-66.asc
ncols         252
nrows         154
xllcorner     -18.017974
yllcorner     13.481982
cellsize      0.035948
NODATA_value  -9999
[rows 102 to 135 of 154, columns 156 to 233 of 252]
0.2175 0.2105 0.2105 0.2105 0.1925 0.1925 0.2165 0.2165 0.22 0.22 0.225 0.225 0.225 0.2345 0.2345 0.234 0.234 0.254 0.254 0.254 0.2525 0.2525 0.2305 0.2305 0.238 0.238 0.238 0.236 0.236 0.2465 0.2465 0.2405 0.2405 0.2405 0.2335 0.2335 0.231 0.231 0.2435 0.2435 0.2435 0.235 0.235 0.2355 0.2355 0.2235 0.2235 0.213 0.213 0.213 0.2225 0.2225 0.222 0.222 0.2425 0.2425 0.2425 0.2295 0.2295 0.228 0.228 0.234 0.234 0.234 0.238 0.238 0.216 0.216 0.2205 0.2205 0.2205 0.2195 0.2195 0.2045 0.2045 0.203 0.203 0.203
0.2205 0.2445 0.2445 0.2445 0.2205 0.2205 0.215 0.215 0.23 0.23 0.2285 0.2285 0.2285 0.225 0.225 0.2255 0.2255 0.2295 0.2295 0.2295 0.23 0.23 0.2255 0.2255 0.24 0.24 0.24 0.24 0.24 0.241 0.241 0.2405 0.2405 0.2405 0.24 0.24 0.2305 0.2305 0.236 0.236 0.236 0.2375 0.2375 0.2435 0.2435 0.2385 0.2385 0.239 0.239 0.239 0.2515 0.2515 0.2815 0.2815 0.26 0.26 0.26 0.2195 0.2195 0.238 0.238 0.233 0.233 0.233 0.2425 0.2425 0.2345 0.2345 0.222 0.222 0.222 0.2195 0.2195 0.1735 0.1735 0.2145 0.2145 0.2145
0.2205 0.2445 0.2445 0.2445 0.2205 0.2205 0.215 0.215 0.23 0.23 0.2285 0.2285 0.2285 0.225 0.225 0.2255 0.2255 0.2295 0.2295 0.2295 0.23 0.23 0.2255 0.2255 0.24 0.24 0.24 0.24 0.24 0.241 0.241 0.2405 0.2405 0.2405 0.24 0.24 0.2305 0.2305 0.236 0.236 0.236 0.2375 0.2375 0.2435 0.2435 0.2385 0.2385 0.239 0.239 0.239 0.2515 0.2515 0.2815 0.2815 0.26 0.26 0.26 0.2195 0.2195 0.238 0.238 0.233 0.233 0.233 0.2425 0.2425 0.2345 0.2345 0.222 0.222 0.222 0.2195 0.2195 0.1735 0.1735 0.2145 0.2145 0.2145
0.2205 0.2445 0.2445 0.2445 0.2205 0.2205 0.215 0.215 0.23 0.23 0.2285 0.2285 0.2285 0.225 0.225 0.2255 0.2255 0.2295 0.2295 0.2295 0.23 0.23 0.2255 0.2255 0.24 0.24 0.24 0.24 0.24 0.241 0.241 0.2405 0.2405 0.2405 0.24 0.24 0.2305 0.2305 0.236 0.236 0.236 0.2375 0.2375 0.2435 0.2435 0.2385 0.2385 0.239 0.239 0.239 0.2515 0.2515 0.2815 0.2815 0.26 0.26 0.26 0.2195 0.2195 0.238 0.238 0.233 0.233 0.233 0.2425 0.2425 0.2345 0.2345 0.222 0.222 0.222 0.2195 0.2195 0.1735 0.1735 0.2145 0.2145 0.2145
0.2295 0.2305 0.2305 0.2305 0.2145 0.2145 0.2225 0.2225 0.2655 0.2655 0.2385 0.2385 0.2385 0.218 0.218 0.2255 0.2255 0.2135 0.2135 0.2135 0.2195 0.2195 0.234 0.234 0.236 0.236 0.236 0.2695 0.2695 0.2605 0.2605 0.2485 0.2485 0.2485 0.259 0.259 0.241 0.241 0.2425 0.2425 0.2425 0.23 0.23 0.2495 0.2495 0.23 0.23 0.2295 0.2295 0.2295 0.2505 0.2505 0.2755 0.2755 0.277 0.277 0.277 0.239 0.239 0.2265 0.2265 0.2275 0.2275 0.2275 0.2255 0.2255 0.219 0.219 0.216 0.216 0.216 0.235 0.235 0.226 0.226 0.2165 0.2165 0.2165
0.2295 0.2305 0.2305 0.2305 0.2145 0.2145 0.2225 0.2225 0.2655 0.2655 0.2385 0.2385 0.2385 0.218 0.218 0.2255 0.2255 0.2135 0.2135 0.2135 0.2195 0.2195 0.234 0.234 0.236 0.236 0.236 0.2695 0.2695 0.2605 0.2605 0.2485 0.2485 0.2485 0.259 0.259 0.241 0.241 0.2425 0.2425 0.2425 0.23 0.23 0.2495 0.2495 0.23 0.23 0.2295 0.2295 0.2295 0.2505 0.2505 0.2755 0.2755 0.277 0.277 0.277 0.239 0.239 0.2265 0.2265 0.2275 0.2275 0.2275 0.2255 0.2255 0.219 0.219 0.216 0.216 0.216 0.235 0.235 0.226 0.226 0.2165 0.2165 0.2165
0.239 0.237 0.237 0.237 0.2705 0.2705 0.263 0.263 0.2565 0.2565 0.2445 0.2445 0.2445 0.2335 0.2335 0.215 0.215 0.2205 0.2205 0.2205 0.2265 0.2265 0.2325 0.2325 0.2635 0.2635 0.2635 0.269 0.269 0.273 0.273 0.272 0.272 0.272 0.277 0.277 0.267 0.267 0.2545 0.2545 0.2545 0.2615 0.2615 0.253 0.253 0.2315 0.2315 0.2535 0.2535 0.2535 0.272 0.272 0.296 0.296 0.2765 0.2765 0.2765 0.258 0.258 0.261 0.261 0.2545 0.2545 0.2545 0.252 0.252 0.2315 0.2315 0.2625 0.2625 0.2625 0.263 0.263 0.2635 0.2635 0.264 0.264 0.264
0.239 0.237 0.237 0.237 0.2705 0.2705 0.263 0.263 0.2565 0.2565 0.2445 0.2445 0.2445 0.2335 0.2335 0.215 0.215 0.2205 0.2205 0.2205 0.2265 0.2265 0.2325 0.2325 0.2635 0.2635 0.2635 0.269 0.269 0.273 0.273 0.272 0.272 0.272 0.277 0.277 0.267 0.267 0.2545 0.2545 0.2545 0.2615 0.2615 0.253 0.253 0.2315 0.2315 0.2535 0.2535 0.2535 0.272 0.272 0.296 0.296 0.2765 0.2765 0.2765 0.258 0.258 0.261 0.261 0.2545 0.2545 0.2545 0.252 0.252 0.2315 0.2315 0.2625 0.2625 0.2625 0.263 0.263 0.2635 0.2635 0.264 0.264 0.264
0.2365 0.246 0.246 0.246 0.2655 0.2655 0.2495 0.2495 0.2505 0.2505 0.245 0.245 0.245 0.237 0.237 0.225 0.225 0.2305 0.2305 0.2305 0.2515 0.2515 0.2655 0.2655 0.266 0.266 0.266 0.2815 0.2815 0.275 0.275 0.2885 0.2885 0.2885 0.2765 0.2765 0.2865 0.2865 0.2585 0.2585 0.2585 0.2645 0.2645 0.2575 0.2575 0.2535 0.2535 0.2485 0.2485 0.2485 0.3015 0.3015 0.299 0.299 0.2905 0.2905 0.2905 0.2835 0.2835 0.257 0.257 0.256 0.256 0.256 0.2685 0.2685 0.2595 0.2595 0.266 0.266 0.266 0.267 0.267 0.2565 0.2565 0.277 0.277 0.277
0.2365 0.246 0.246 0.246 0.2655 0.2655 0.2495 0.2495 0.2505 0.2505 0.245 0.245 0.245 0.237 0.237 0.225 0.225 0.2305 0.2305 0.2305 0.2515 0.2515 0.2655 0.2655 0.266 0.266 0.266 0.2815 0.2815 0.275 0.275 0.2885 0.2885 0.2885 0.2765 0.2765 0.2865 0.2865 0.2585 0.2585 0.2585 0.2645 0.2645 0.2575 0.2575 0.2535 0.2535 0.2485 0.2485 0.2485 0.3015 0.3015 0.299 0.299 0.2905 0.2905 0.2905 0.2835 0.2835 0.257 0.257 0.256 0.256 0.256 0.2685 0.2685 0.2595 0.2595 0.266 0.266 0.266 0.267 0.267 0.2565 0.2565 0.277 0.277 0.277
0.2365 0.246 0.246 0.246 0.2655 0.2655 0.2495 0.2495 0.2505 0.2505 0.245 0.245 0.245 0.237 0.237 0.225 0.225 0.2305 0.2305 0.2305 0.2515 0.2515 0.2655 0.2655 0.266 0.266 0.266 0.2815 0.2815 0.275 0.275 0.2885 0.2885 0.2885 0.2765 0.2765 0.2865 0.2865 0.2585 0.2585 0.2585 0.2645 0.2645 0.2575 0.2575 0.2535 0.2535 0.2485 0.2485 0.2485 0.3015 0.3015 0.299 0.299 0.2905 0.2905 0.2905 0.2835 0.2835 0.257 0.257 0.256 0.256 0.256 0.2685 0.2685 0.2595 0.2595 0.266 0.266 0.266 0.267 0.267 0.2565 0.2565 0.277 0.277 0.277
0.2205 0.248 0.248 0.248 0.254 0.254 0.2465 0.2465 0.2445 0.2445 0.251 0.251 0.251 0.2645 0.2645 0.2835 0.2835 0.2805 0.2805 0.2805 0.2695 0.2695 0.2705 0.2705 0.287 0.287 0.287 0.2865 0.2865 0.2835 0.2835 0.273 0.273 0.273 0.2565 0.2565 0.259 0.259 0.2595 0.2595 0.2595 0.276 0.276 0.2635 0.2635 0.2715 0.2715 0.282 0.282 0.282 0.299 0.299 0.305 0.305 0.302 0.302 0.302 0.2675 0.2675 0.273 0.273 0.271 0.271 0.271 0.279 0.279 0.273 0.273 0.2855 0.2855 0.2855 0.2775 0.2775 0.27 0.27 0.2685 0.2685 0.2685
0.2205 0.248 0.248 0.248 0.254 0.254 0.2465 0.2465 0.2445 0.2445 0.251 0.251 0.251 0.2645 0.2645 0.2835 0.2835 0.2805 0.2805 0.2805 0.2695 0.2695 0.2705 0.2705 0.287 0.287 0.287 0.2865 0.2865 0.2835 0.2835 0.273 0.273 0.273 0.2565 0.2565 0.259 0.259 0.2595 0.2595 0.2595 0.276 0.276 0.2635 0.2635 0.2715 0.2715 0.282 0.282 0.282 0.299 0.299 0.305 0.305 0.302 0.302 0.302 0.2675 0.2675 0.273 0.273 0.271 0.271 0.271 0.279 0.279 0.273 0.273 0.2855 0.2855 0.2855 0.2775 0.2775 0.27 0.27 0.2685 0.2685 0.2685
0.217 0.223 0.223 0.223 0.2465 0.2465 0.2475 0.2475 0.261 0.261 0.26 0.26 0.26 0.283 0.283 0.285 0.285 0.284 0.284 0.284 0.27 0.27 0.275 0.275 0.2955 0.2955 0.2955 0.293 0.293 0.283 0.283 0.287 0.287 0.287 0.25 0.25 0.249 0.249 0.2635 0.2635 0.2635 0.271 0.271 0.274 0.274 0.2875 0.2875 0.322 0.322 0.322 0.323 0.323 0.31 0.31 0.3175 0.3175 0.3175 0.303 0.303 0.2785 0.2785 0.2595 0.2595 0.2595 0.283 0.283 0.2585 0.2585 0.28 0.28 0.28 0.283 0.283 0.2785 0.2785 0.2685 0.2685 0.2685
0.217 0.223 0.223 0.223 0.2465 0.2465 0.2475 0.2475 0.261 0.261 0.26 0.26 0.26 0.283 0.283 0.285 0.285 0.284 0.284 0.284 0.27 0.27 0.275 0.275 0.2955 0.2955 0.2955 0.293 0.293 0.283 0.283 0.287 0.287 0.287 0.25 0.25 0.249 0.249 0.2635 0.2635 0.2635 0.271 0.271 0.274 0.274 0.2875 0.2875 0.322 0.322 0.322 0.323 0.323 0.31 0.31 0.3175 0.3175 0.3175 0.303 0.303 0.2785 0.2785 0.2595 0.2595 0.2595 0.283 0.283 0.2585 0.2585 0.28 0.28 0.28 0.283 0.283 0.2785 0.2785 0.2685 0.2685 0.2685
0.2495 0.278 0.278 0.278 0.274 0.274 0.2645 0.2645 0.2675 0.2675 0.27 0.27 0.27 0.2715 0.2715 0.267 0.267 0.279 0.279 0.279 0.2725 0.2725 0.279 0.279 0.295 0.295 0.295 0.293 0.293 0.277 0.277 0.2745 0.2745 0.2745 0.2615 0.2615 0.256 0.256 0.285 0.285 0.285 0.275 0.275 0.307 0.307 0.32 0.32 0.319 0.319 0.319 0.3365 0.3365 0.318 0.318 0.306 0.306 0.306 0.2985 0.2985 0.2985 0.2985 0.2885 0.2885 0.2885 0.3005 0.3005 0.296 0.296 0.3065 0.3065 0.3065 0.2885 0.2885 0.273 0.273 0.2935 0.2935 0.2935
0.2495 0.278 0.278 0.278 0.274 0.274 0.2645 0.2645 0.2675 0.2675 0.27 0.27 0.27 0.2715 0.2715 0.267 0.267 0.279 0.279 0.279 0.2725 0.2725 0.279 0.279 0.295 0.295 0.295 0.293 0.293 0.277 0.277 0.2745 0.2745 0.2745 0.2615 0.2615 0.256 0.256 0.285 0.285 0.285 0.275 0.275 0.307 0.307 0.32 0.32 0.319 0.319 0.319 0.3365 0.3365 0.318 0.318 0.306 0.306 0.306 0.2985 0.2985 0.2985 0.2985 0.2885 0.2885 0.2885 0.3005 0.3005 0.296 0.296 0.3065 0.3065 0.3065 0.2885 0.2885 0.273 0.273 0.2935 0.2935 0.2935
0.2495 0.278 0.278 0.278 0.274 0.274 0.2645 0.2645 0.2675 0.2675 0.27 0.27 0.27 0.2715 0.2715 0.267 0.267 0.279 0.279 0.279 0.2725 0.2725 0.279 0.279 0.295 0.295 0.295 0.293 0.293 0.277 0.277 0.2745 0.2745 0.2745 0.2615 0.2615 0.256 0.256 0.285 0.285 0.285 0.275 0.275 0.307 0.307 0.32 0.32 0.319 0.319 0.319 0.3365 0.3365 0.318 0.318 0.306 0.306 0.306 0.2985 0.2985 0.2985 0.2985 0.2885 0.2885 0.2885 0.3005 0.3005 0.296 0.296 0.3065 0.3065 0.3065 0.2885 0.2885 0.273 0.273 0.2935 0.2935 0.2935
0.303 0.291 0.291 0.291 0.286 0.286 0.3185 0.3185 0.3165 0.3165 0.313 0.313 0.313 0.3105 0.3105 0.308 0.308 0.273 0.273 0.273 0.2795 0.2795 0.282 0.282 0.2825 0.2825 0.2825 0.2765 0.2765 0.277 0.277 0.2665 0.2665 0.2665 0.27 0.27 0.2825 0.2825 0.28 0.28 0.28 0.288 0.288 0.3055 0.3055 0.335 0.335 0.3255 0.3255 0.3255 0.334 0.334 0.3155 0.3155 0.32 0.32 0.32 0.3055 0.3055 0.323 0.323 0.3325 0.3325 0.3325 0.2765 0.2765 0.283 0.283 0.292 0.292 0.292 0.284 0.284 0.2985 0.2985 0.3305 0.3305 0.3305
0.303 0.291 0.291 0.291 0.286 0.286 0.3185 0.3185 0.3165 0.3165 0.313 0.313 0.313 0.3105 0.3105 0.308 0.308 0.273 0.273 0.273 0.2795 0.2795 0.282 0.282 0.2825 0.2825 0.2825 0.2765 0.2765 0.277 0.277 0.2665 0.2665 0.2665 0.27 0.27 0.2825 0.2825 0.28 0.28 0.28 0.288 0.288 0.3055 0.3055 0.335 0.335 0.3255 0.3255 0.3255 0.334 0.334 0.3155 0.3155 0.32 0.32 0.32 0.3055 0.3055 0.323 0.323 0.3325 0.3325 0.3325 0.2765 0.2765 0.283 0.283 0.292 0.292 0.292 0.284 0.284 0.2985 0.2985 0.3305 0.3305 0.3305
0.303 0.2815 0.2815 0.2815 0.2905 0.2905 0.3225 0.3225 0.3305 0.3305 0.3345 0.3345 0.3345 0.3345 0.3345 0.3155 0.3155 0.321 0.321 0.321 0.273 0.273 0.2615 0.2615 0.2715 0.2715 0.2715 0.268 0.268 0.246 0.246 0.2725 0.2725 0.2725 0.293 0.293 0.2875 0.2875 0.2765 0.2765 0.2765 0.315 0.315 0.327 0.327 0.3435 0.3435 0.3365 0.3365 0.3365 0.369 0.369 0.3335 0.3335 0.318 0.318 0.318 0.3075 0.3075 0.32 0.32 0.312 0.312 0.312 0.286 0.286 0.2855 0.2855 0.3 0.3 0.3 0.2925 0.2925 0.3165 0.3165 0.3265 0.3265 0.3265
0.303 0.2815 0.2815 0.2815 0.2905 0.2905 0.3225 0.3225 0.3305 0.3305 0.3345 0.3345 0.3345 0.3345 0.3345 0.3155 0.3155 0.321 0.321 0.321 0.273 0.273 0.2615 0.2615 0.2715 0.2715 0.2715 0.268 0.268 0.246 0.246 0.2725 0.2725 0.2725 0.293 0.293 0.2875 0.2875 0.2765 0.2765 0.2765 0.315 0.315 0.327 0.327 0.3435 0.3435 0.3365 0.3365 0.3365 0.369 0.369 0.3335 0.3335 0.318 0.318 0.318 0.3075 0.3075 0.32 0.32 0.312 0.312 0.312 0.286 0.286 0.2855 0.2855 0.3 0.3 0.3 0.2925 0.2925 0.3165 0.3165 0.3265 0.3265 0.3265
0.312 0.3035 0.3035 0.3035 0.312 0.312 0.3165 0.3165 0.343 0.343 0.3385 0.3385 0.3385 0.3345 0.3345 0.3265 0.3265 0.3265 0.3265 0.3265 0.319 0.319 0.268 0.268 0.269 0.269 0.269 0.27 0.27 0.283 0.283 0.3085 0.3085 0.3085 0.283 0.283 0.2845 0.2845 0.295 0.295 0.295 0.3085 0.3085 0.3115 0.3115 0.339 0.339 0.355 0.355 0.355 0.3475 0.3475 0.353 0.353 0.315 0.315 0.315 0.314 0.314 0.3105 0.3105 0.32 0.32 0.32 0.299 0.299 0.301 0.301 0.3175 0.3175 0.3175 0.3025 0.3025 0.315 0.315 0.3105 0.3105 0.3105
0.312 0.3035 0.3035 0.3035 0.312 0.312 0.3165 0.3165 0.343 0.343 0.3385 0.3385 0.3385 0.3345 0.3345 0.3265 0.3265 0.3265 0.3265 0.3265 0.319 0.319 0.268 0.268 0.269 0.269 0.269 0.27 0.27 0.283 0.283 0.3085 0.3085 0.3085 0.283 0.283 0.2845 0.2845 0.295 0.295 0.295 0.3085 0.3085 0.3115 0.3115 0.339 0.339 0.355 0.355 0.355 0.3475 0.3475 0.353 0.353 0.315 0.315 0.315 0.314 0.314 0.3105 0.3105 0.32 0.32 0.32 0.299 0.299 0.301 0.301 0.3175 0.3175 0.3175 0.3025 0.3025 0.315 0.315 0.3105 0.3105 0.3105
0.344 0.307 0.307 0.307 0.313 0.313 0.319 0.319 0.3325 0.3325 0.3435 0.3435 0.3435 0.3255 0.3255 0.3275 0.3275 0.333 0.333 0.333 0.327 0.327 0.304 0.304 0.306 0.306 0.306 0.2885 0.2885 0.297 0.297 0.3145 0.3145 0.3145 0.3035 0.3035 0.2965 0.2965 0.3125 0.3125 0.3125 0.304 0.304 0.312 0.312 0.326 0.326 0.346 0.346 0.346 0.3375 0.3375 0.327 0.327 0.3175 0.3175 0.3175 0.306 0.306 0.326 0.326 0.3185 0.3185 0.3185 0.3105 0.3105 0.324 0.324 0.3235 0.3235 0.3235 0.3325 0.3325 0.3245 0.3245 0.289 0.289 0.289
0.344 0.307 0.307 0.307 0.313 0.313 0.319 0.319 0.3325 0.3325 0.3435 0.3435 0.3435 0.3255 0.3255 0.3275 0.3275 0.333 0.333 0.333 0.327 0.327 0.304 0.304 0.306 0.306 0.306 0.2885 0.2885 0.297 0.297 0.3145 0.3145 0.3145 0.3035 0.3035 0.2965 0.2965 0.3125 0.3125 0.3125 0.304 0.304 0.312 0.312 0.326 0.326 0.346 0.346 0.346 0.3375 0.3375 0.327 0.327 0.3175 0.3175 0.3175 0.306 0.306 0.326 0.326 0.3185 0.3185 0.3185 0.3105 0.3105 0.324 0.324 0.3235 0.3235 0.3235 0.3325 0.3325 0.3245 0.3245 0.289 0.289 0.289
0.344 0.307 0.307 0.307 0.313 0.313 0.319 0.319 0.3325 0.3325 0.3435 0.3435 0.3435 0.3255 0.3255 0.3275 0.3275 0.333 0.333 0.333 0.327 0.327 0.304 0.304 0.306 0.306 0.306 0.2885 0.2885 0.297 0.297 0.3145 0.3145 0.3145 0.3035 0.3035 0.2965 0.2965 0.3125 0.3125 0.3125 0.304 0.304 0.312 0.312 0.326 0.326 0.346 0.346 0.346 0.3375 0.3375 0.327 0.327 0.3175 0.3175 0.3175 0.306 0.306 0.326 0.326 0.3185 0.3185 0.3185 0.3105 0.3105 0.324 0.324 0.3235 0.3235 0.3235 0.3325 0.3325 0.3245 0.3245 0.289 0.289 0.289
0.327 0.317 0.317 0.317 0.316 0.316 0.326 0.326 0.3165 0.3165 0.339 0.339 0.339 0.326 0.326 0.3185 0.3185 0.334 0.334 0.334 0.326 0.326 0.3235 0.3235 0.2965 0.2965 0.2965 0.2945 0.2945 0.3145 0.3145 0.313 0.313 0.313 0.311 0.311 0.302 0.302 0.304 0.304 0.304 0.3075 0.3075 0.3245 0.3245 0.359 0.359 0.3365 0.3365 0.3365 0.351 0.351 0.322 0.322 0.319 0.319 0.319 0.3225 0.3225 0.368 0.368 0.3655 0.3655 0.3655 0.3425 0.3425 0.3345 0.3345 0.316 0.316 0.316 0.3305 0.3305 0.319 0.319 0.306 0.306 0.306
0.327 0.317 0.317 0.317 0.316 0.316 0.326 0.326 0.3165 0.3165 0.339 0.339 0.339 0.326 0.326 0.3185 0.3185 0.334 0.334 0.334 0.326 0.326 0.3235 0.3235 0.2965 0.2965 0.2965 0.2945 0.2945 0.3145 0.3145 0.313 0.313 0.313 0.311 0.311 0.302 0.302 0.304 0.304 0.304 0.3075 0.3075 0.3245 0.3245 0.359 0.359 0.3365 0.3365 0.3365 0.351 0.351 0.322 0.322 0.319 0.319 0.319 0.3225 0.3225 0.368 0.368 0.3655 0.3655 0.3655 0.3425 0.3425 0.3345 0.3345 0.316 0.316 0.316 0.3305 0.3305 0.319 0.319 0.306 0.306 0.306
0.346 0.3245 0.3245 0.3245 0.3395 0.3395 0.348 0.348 0.3525 0.3525 0.3525 0.3525 0.3525 0.354 0.354 0.3425 0.3425 0.371 0.371 0.371 0.348 0.348 0.3535 0.3535 0.353 0.353 0.353 0.3385 0.3385 0.335 0.335 0.3085 0.3085 0.3085 0.311 0.311 0.3185 0.3185 0.322 0.322 0.322 0.3575 0.3575 0.362 0.362 0.357 0.357 0.3715 0.3715 0.3715 0.3385 0.3385 0.36 0.36 0.368 0.368 0.368 0.3796 0.3796 0.3715 0.3715 0.3915 0.3915 0.3915 0.409 0.409 0.3635 0.3635 0.371 0.371 0.371 0.36 0.36 0.343 0.343 0.3285 0.3285 0.3285
0.346 0.3245 0.3245 0.3245 0.3395 0.3395 0.348 0.348 0.3525 0.3525 0.3525 0.3525 0.3525 0.354 0.354 0.3425 0.3425 0.371 0.371 0.371 0.348 0.348 0.3535 0.3535 0.353 0.353 0.353 0.3385 0.3385 0.335 0.335 0.3085 0.3085 0.3085 0.311 0.311 0.3185 0.3185 0.322 0.322 0.322 0.3575 0.3575 0.362 0.362 0.357 0.357 0.3715 0.3715 0.3715 0.3385 0.3385 0.36 0.36 0.368 0.368 0.368 0.3796 0.3796 0.3715 0.3715 0.3915 0.3915 0.3915 0.409 0.409 0.3635 0.3635 0.371 0.371 0.371 0.36 0.36 0.343 0.343 0.3285 0.3285 0.3285
0.363 0.35 0.35 0.35 0.363 0.363 0.342 0.342 0.3495 0.3495 0.341 0.341 0.341 0.3545 0.3545 0.349 0.349 0.32 0.32 0.32 0.3255 0.3255 0.353 0.353 0.3555 0.3555 0.3555 0.343 0.343 0.3485 0.3485 0.3145 0.3145 0.3145 0.3245 0.3245 0.323 0.323 0.3125 0.3125 0.3125 0.3235 0.3235 0.3695 0.3695 0.37 0.37 0.3925 0.3925 0.3925 0.373 0.373 0.3586 0.3586 0.3711 0.3711 0.3711 0.3715 0.3715 0.3665 0.3665 0.379 0.379 0.379 0.361 0.361 0.349 0.349 0.364 0.364 0.364 0.3805 0.3805 0.3775 0.3775 0.374 0.374 0.374
0.363 0.35 0.35 0.35 0.363 0.363 0.342 0.342 0.3495 0.3495 0.341 0.341 0.341 0.3545 0.3545 0.349 0.349 0.32 0.32 0.32 0.3255 0.3255 0.353 0.353 0.3555 0.3555 0.3555 0.343 0.343 0.3485 0.3485 0.3145 0.3145 0.3145 0.3245 0.3245 0.323 0.323 0.3125 0.3125 0.3125 0.3235 0.3235 0.3695 0.3695 0.37 0.37 0.3925 0.3925 0.3925 0.373 0.373 0.3586 0.3586 0.3711 0.3711 0.3711 0.3715 0.3715 0.3665 0.3665 0.379 0.379 0.379 0.361 0.361 0.349 0.349 0.364 0.364 0.364 0.3805 0.3805 0.3775 0.3775 0.374 0.374 0.374
0.363 0.35 0.35 0.35 0.363 0.363 0.342 0.342 0.3495 0.3495 0.341 0.341 0.341 0.3545 0.3545 0.349 0.349 0.32 0.32 0.32 0.3255 0.3255 0.353 0.353 0.3555 0.3555 0.3555 0.343 0.343 0.3485 0.3485 0.3145 0.3145 0.3145 0.3245 0.3245 0.323 0.323 0.3125 0.3125 0.3125 0.3235 0.3235 0.3695 0.3695 0.37 0.37 0.3925 0.3925 0.3925 0.373 0.373 0.3586 0.3586 0.3711 0.3711 0.3711 0.3715 0.3715 0.3665 0.3665 0.379 0.379 0.379 0.361 0.361 0.349 0.349 0.364 0.364 0.364 0.3805 0.3805 0.3775 0.3775 0.374 0.374 0.374
