ndvi/NOAA-243.asc
ncols         252
nrows         154
xllcorner     -18.017974
yllcorner     13.481982
cellsize      0.035948
NODATA_value  -9999
[rows 102 to 135 of 154, columns 0 to 76 of 252]
-1 -1 -1 -1 -1 -1 -1 -1 -1 -1 -1 -1 -1 -1 -1 -1 -1 -1 -1 -1 -1 -1 -1 -1 -1 0.051 0.051 0.051 0.1495 0.1495 0.2935 0.2935 0.2715 0.2715 0.2715 0.248 0.248 0.2385 0.2385 0.252 0.252 0.252 0.252 0.252 0.2395 0.2395 0.235 0.235 0.235 0.2305 0.2305 0.228 0.228 0.235 0.235 0.2285 0.2285 0.2285 0.215 0.215 0.2185 0.2185 0.2185 0.2185 0.2185 0.244 0.244 0.243 0.243 0.2185 0.2185 0.2185 0.2085 0.2085 0.2015 0.2015 0.1875
-1 -1 -1 -1 -1 -1 -1 -1 -1 -1 -1 -1 -1 -1 -1 -1 -1 -1 -1 -1 -1 -1 -1 0.016 0.016 0.179 0.179 0.179 0.28 0.28 0.274 0.274 0.255 0.255 0.255 0.2335 0.2335 0.246 0.246 0.252 0.252 0.252 0.2555 0.2555 0.244 0.244 0.227 0.227 0.227 0.229 0.229 0.227 0.227 0.218 0.218 0.2355 0.2355 0.2355 0.2235 0.2235 0.2175 0.2175 0.2175 0.2175 0.2175 0.212 0.212 0.226 0.226 0.2235 0.2235 0.2235 0.2165 0.2165 0.205 0.205 0.203
-1 -1 -1 -1 -1 -1 -1 -1 -1 -1 -1 -1 -1 -1 -1 -1 -1 -1 -1 -1 -1 -1 -1 0.016 0.016 0.179 0.179 0.179 0.28 0.28 0.274 0.274 0.255 0.255 0.255 0.2335 0.2335 0.246 0.246 0.252 0.252 0.252 0.2555 0.2555 0.244 0.244 0.227 0.227 0.227 0.229 0.229 0.227 0.227 0.218 0.218 0.2355 0.2355 0.2355 0.2235 0.2235 0.2175 0.2175 0.2175 0.2175 0.2175 0.212 0.212 0.226 0.226 0.2235 0.2235 0.2235 0.2165 0.2165 0.205 0.205 0.203
-1 -1 -1 -1 -1 -1 -1 -1 -1 -1 -1 -1 -1 -1 -1 -1 -1 -1 -1 -1 -1 -1 -1 0.016 0.016 0.179 0.179 0.179 0.28 0.28 0.274 0.274 0.255 0.255 0.255 0.2335 0.2335 0.246 0.246 0.252 0.252 0.252 0.2555 0.2555 0.244 0.244 0.227 0.227 0.227 0.229 0.229 0.227 0.227 0.218 0.218 0.2355 0.2355 0.2355 0.2235 0.2235 0.2175 0.2175 0.2175 0.2175 0.2175 0.212 0.212 0.226 0.226 0.2235 0.2235 0.2235 0.2165 0.2165 0.205 0.205 0.203
-1 -1 -1 -1 -1 -1 -1 -1 -1 -1 -1 -1 -1 -1 -1 -1 -1 -1 -1 -1 -1 0.015 0.015 0.1425 0.1425 0.3005 0.3005 0.3005 0.2785 0.2785 0.273 0.273 0.2525 0.2525 0.2525 0.245 0.245 0.2525 0.2525 0.2585 0.2585 0.2585 0.2515 0.2515 0.2545 0.2545 0.224 0.224 0.224 0.231 0.231 0.2325 0.2325 0.229 0.229 0.235 0.235 0.235 0.2285 0.2285 0.222 0.222 0.222 0.222 0.222 0.2235 0.2235 0.2185 0.2185 0.227 0.227 0.227 0.226 0.226 0.2295 0.2295 0.217
-1 -1 -1 -1 -1 -1 -1 -1 -1 -1 -1 -1 -1 -1 -1 -1 -1 -1 -1 -1 -1 0.015 0.015 0.1425 0.1425 0.3005 0.3005 0.3005 0.2785 0.2785 0.273 0.273 0.2525 0.2525 0.2525 0.245 0.245 0.2525 0.2525 0.2585 0.2585 0.2585 0.2515 0.2515 0.2545 0.2545 0.224 0.224 0.224 0.231 0.231 0.2325 0.2325 0.229 0.229 0.235 0.235 0.235 0.2285 0.2285 0.222 0.222 0.222 0.222 0.222 0.2235 0.2235 0.2185 0.2185 0.227 0.227 0.227 0.226 0.226 0.2295 0.2295 0.217
-1 -1 -1 -1 -1 -1 -1 -1 -1 -1 -1 -1 -1 -1 -1 -1 -1 -1 -1 -1 -1 0.1155 0.1155 0.2975 0.2975 0.2835 0.2835 0.2835 0.278 0.278 0.2575 0.2575 0.2505 0.2505 0.2505 0.2555 0.2555 0.2495 0.2495 0.251 0.251 0.251 0.257 0.257 0.2335 0.2335 0.248 0.248 0.248 0.2305 0.2305 0.2445 0.2445 0.221 0.221 0.229 0.229 0.229 0.2275 0.2275 0.22 0.22 0.22 0.22 0.22 0.217 0.217 0.224 0.224 0.2305 0.2305 0.2305 0.24 0.24 0.2335 0.2335 0.218
-1 -1 -1 -1 -1 -1 -1 -1 -1 -1 -1 -1 -1 -1 -1 -1 -1 -1 -1 -1 -1 0.1155 0.1155 0.2975 0.2975 0.2835 0.2835 0.2835 0.278 0.278 0.2575 0.2575 0.2505 0.2505 0.2505 0.2555 0.2555 0.2495 0.2495 0.251 0.251 0.251 0.257 0.257 0.2335 0.2335 0.248 0.248 0.248 0.2305 0.2305 0.2445 0.2445 0.221 0.221 0.229 0.229 0.229 0.2275 0.2275 0.22 0.22 0.22 0.22 0.22 0.217 0.217 0.224 0.224 0.2305 0.2305 0.2305 0.24 0.24 0.2335 0.2335 0.218
-1 -1 -1 -1 -1 -1 -1 -1 -1 -1 -1 -1 -1 -1 -1 -1 -1 -1 0.142 0.142 0.142 0.2745 0.2745 0.289 0.289 0.293 0.293 0.293 0.2805 0.2805 0.2775 0.2775 0.2595 0.2595 0.2595 0.253 0.253 0.247 0.247 0.241 0.241 0.241 0.257 0.257 0.248 0.248 0.2465 0.2465 0.2465 0.241 0.241 0.2355 0.2355 0.2425 0.2425 0.2225 0.2225 0.2225 0.228 0.228 0.2195 0.2195 0.2195 0.2195 0.2195 0.2235 0.2235 0.2245 0.2245 0.223 0.223 0.223 0.2365 0.2365 0.231 0.231 0.2205
-1 -1 -1 -1 -1 -1 -1 -1 -1 -1 -1 -1 -1 -1 -1 -1 -1 -1 0.142 0.142 0.142 0.2745 0.2745 0.289 0.289 0.293 0.293 0.293 0.2805 0.2805 0.2775 0.2775 0.2595 0.2595 0.2595 0.253 0.253 0.247 0.247 0.241 0.241 0.241 0.257 0.257 0.248 0.248 0.2465 0.2465 0.2465 0.241 0.241 0.2355 0.2355 0.2425 0.2425 0.2225 0.2225 0.2225 0.228 0.228 0.2195 0.2195 0.2195 0.2195 0.2195 0.2235 0.2235 0.2245 0.2245 0.223 0.223 0.223 0.2365 0.2365 0.231 0.231 0.2205
-1 -1 -1 -1 -1 -1 -1 -1 -1 -1 -1 -1 -1 -1 -1 -1 -1 -1 0.142 0.142 0.142 0.2745 0.2745 0.289 0.289 0.293 0.293 0.293 0.2805 0.2805 0.2775 0.2775 0.2595 0.2595 0.2595 0.253 0.253 0.247 0.247 0.241 0.241 0.241 0.257 0.257 0.248 0.248 0.2465 0.2465 0.2465 0.241 0.241 0.2355 0.2355 0.2425 0.2425 0.2225 0.2225 0.2225 0.228 0.228 0.2195 0.2195 0.2195 0.2195 0.2195 0.2235 0.2235 0.2245 0.2245 0.223 0.223 0.223 0.2365 0.2365 0.231 0.231 0.2205
-1 -1 -1 -1 -1 -1 -1 -1 -1 -1 -1 -1 -1 -1 -1 -1 0.2955 0.2955 0.3415 0.3415 0.3415 0.311 0.311 0.316 0.316 0.2925 0.2925 0.2925 0.2925 0.2925 0.28 0.28 0.2665 0.2665 0.2665 0.263 0.263 0.254 0.254 0.26 0.26 0.26 0.236 0.236 0.2425 0.2425 0.2295 0.2295 0.2295 0.2285 0.2285 0.238 0.238 0.2235 0.2235 0.2255 0.2255 0.2255 0.2335 0.2335 0.24 0.24 0.24 0.24 0.24 0.2335 0.2335 0.218 0.218 0.2145 0.2145 0.2145 0.23 0.23 0.2265 0.2265 0.194
-1 -1 -1 -1 -1 -1 -1 -1 -1 -1 -1 -1 -1 -1 -1 -1 0.2955 0.2955 0.3415 0.3415 0.3415 0.311 0.311 0.316 0.316 0.2925 0.2925 0.2925 0.2925 0.2925 0.28 0.28 0.2665 0.2665 0.2665 0.263 0.263 0.254 0.254 0.26 0.26 0.26 0.236 0.236 0.2425 0.2425 0.2295 0.2295 0.2295 0.2285 0.2285 0.238 0.238 0.2235 0.2235 0.2255 0.2255 0.2255 0.2335 0.2335 0.24 0.24 0.24 0.24 0.24 0.2335 0.2335 0.218 0.218 0.2145 0.2145 0.2145 0.23 0.23 0.2265 0.2265 0.194
-1 -1 -1 -1 -1 -1 -1 -1 -1 -1 -1 -1 0.1685 0.1685 0.1645 0.1645 0.1895 0.1895 0.2935 0.2935 0.2935 0.3025 0.3025 0.3175 0.3175 0.3175 0.3175 0.3175 0.2915 0.2915 0.28 0.28 0.2625 0.2625 0.2625 0.259 0.259 0.2685 0.2685 0.258 0.258 0.258 0.2605 0.2605 0.2515 0.2515 0.239 0.239 0.239 0.2305 0.2305 0.2325 0.2325 0.226 0.226 0.215 0.215 0.215 0.237 0.237 0.253 0.253 0.253 0.253 0.253 0.227 0.227 0.2115 0.2115 0.2025 0.2025 0.2025 0.2035 0.2035 0.206 0.206 0.2
-1 -1 -1 -1 -1 -1 -1 -1 -1 -1 -1 -1 0.1685 0.1685 0.1645 0.1645 0.1895 0.1895 0.2935 0.2935 0.2935 0.3025 0.3025 0.3175 0.3175 0.3175 0.3175 0.3175 0.2915 0.2915 0.28 0.28 0.2625 0.2625 0.2625 0.259 0.259 0.2685 0.2685 0.258 0.258 0.258 0.2605 0.2605 0.2515 0.2515 0.239 0.239 0.239 0.2305 0.2305 0.2325 0.2325 0.226 0.226 0.215 0.215 0.215 0.237 0.237 0.253 0.253 0.253 0.253 0.253 0.227 0.227 0.2115 0.2115 0.2025 0.2025 0.2025 0.2035 0.2035 0.206 0.206 0.2
-1 -1 -1 -1 -1 -1 -1 -1 -1 0.1772 0.1772 0.1772 0.1062 0.1062 0.1722 0.1722 0.1442 0.1442 0.0445 0.0445 0.0445 0.2915 0.2915 0.308 0.308 0.299 0.299 0.299 0.3025 0.3025 0.29 0.29 0.271 0.271 0.271 0.2605 0.2605 0.267 0.267 0.2465 0.2465 0.2465 0.258 0.258 0.257 0.257 0.232 0.232 0.232 0.227 0.227 0.221 0.221 0.223 0.223 0.2035 0.2035 0.2035 0.225 0.225 0.24 0.24 0.24 0.24 0.24 0.221 0.221 0.211 0.211 0.196 0.196 0.196 0.2045 0.2045 0.201 0.201 0.194
-1 -1 -1 -1 -1 -1 -1 -1 -1 0.1772 0.1772 0.1772 0.1062 0.1062 0.1722 0.1722 0.1442 0.1442 0.0445 0.0445 0.0445 0.2915 0.2915 0.308 0.308 0.299 0.299 0.299 0.3025 0.3025 0.29 0.29 0.271 0.271 0.271 0.2605 0.2605 0.267 0.267 0.2465 0.2465 0.2465 0.258 0.258 0.257 0.257 0.232 0.232 0.232 0.227 0.227 0.221 0.221 0.223 0.223 0.2035 0.2035 0.2035 0.225 0.225 0.24 0.24 0.24 0.24 0.24 0.221 0.221 0.211 0.211 0.196 0.196 0.196 0.2045 0.2045 0.201 0.201 0.194
-1 -1 -1 -1 -1 -1 -1 -1 -1 0.1772 0.1772 0.1772 0.1062 0.1062 0.1722 0.1722 0.1442 0.1442 0.0445 0.0445 0.0445 0.2915 0.2915 0.308 0.308 0.299 0.299 0.299 0.3025 0.3025 0.29 0.29 0.271 0.271 0.271 0.2605 0.2605 0.267 0.267 0.2465 0.2465 0.2465 0.258 0.258 0.257 0.257 0.232 0.232 0.232 0.227 0.227 0.221 0.221 0.223 0.223 0.2035 0.2035 0.2035 0.225 0.225 0.24 0.24 0.24 0.24 0.24 0.221 0.221 0.211 0.211 0.196 0.196 0.196 0.2045 0.2045 0.201 0.201 0.194
-1 -1 -1 -1 -1 -1 -1 -1 -1 -1 -1 -1 0.1437 0.1437 0.1622 0.1622 0.1807 0.1807 0.1302 0.1302 0.1302 0.236 0.236 0.2535 0.2535 0.3 0.3 0.3 0.295 0.295 0.2915 0.2915 0.266 0.266 0.266 0.268 0.268 0.26 0.26 0.26 0.26 0.26 0.2615 0.2615 0.24 0.24 0.247 0.247 0.247 0.225 0.225 0.2315 0.2315 0.2355 0.2355 0.2155 0.2155 0.2155 0.219 0.219 0.223 0.223 0.223 0.223 0.223 0.2175 0.2175 0.1995 0.1995 0.2045 0.2045 0.2045 0.2135 0.2135 0.2145 0.2145 0.179
-1 -1 -1 -1 -1 -1 -1 -1 -1 -1 -1 -1 0.1437 0.1437 0.1622 0.1622 0.1807 0.1807 0.1302 0.1302 0.1302 0.236 0.236 0.2535 0.2535 0.3 0.3 0.3 0.295 0.295 0.2915 0.2915 0.266 0.266 0.266 0.268 0.268 0.26 0.26 0.26 0.26 0.26 0.2615 0.2615 0.24 0.24 0.247 0.247 0.247 0.225 0.225 0.2315 0.2315 0.2355 0.2355 0.2155 0.2155 0.2155 0.219 0.219 0.223 0.223 0.223 0.223 0.223 0.2175 0.2175 0.1995 0.1995 0.2045 0.2045 0.2045 0.2135 0.2135 0.2145 0.2145 0.179
-1 -1 -1 -1 -1 -1 -1 -1 -1 -1 -1 -1 -1 -1 -1 -1 -1 -1 0.1682 0.1682 0.1682 0.1956 0.1956 0.265 0.265 0.267 0.267 0.267 0.2975 0.2975 0.2925 0.2925 0.269 0.269 0.269 0.2665 0.2665 0.261 0.261 0.2585 0.2585 0.2585 0.257 0.257 0.2295 0.2295 0.234 0.234 0.234 0.23 0.23 0.239 0.239 0.225 0.225 0.228 0.228 0.228 0.2155 0.2155 0.1995 0.1995 0.1995 0.1995 0.1995 0.208 0.208 0.1905 0.1905 0.2185 0.2185 0.2185 0.2255 0.2255 0.199 0.199 0.201
-1 -1 -1 -1 -1 -1 -1 -1 -1 -1 -1 -1 -1 -1 -1 -1 -1 -1 0.1682 0.1682 0.1682 0.1956 0.1956 0.265 0.265 0.267 0.267 0.267 0.2975 0.2975 0.2925 0.2925 0.269 0.269 0.269 0.2665 0.2665 0.261 0.261 0.2585 0.2585 0.2585 0.257 0.257 0.2295 0.2295 0.234 0.234 0.234 0.23 0.23 0.239 0.239 0.225 0.225 0.228 0.228 0.228 0.2155 0.2155 0.1995 0.1995 0.1995 0.1995 0.1995 0.208 0.208 0.1905 0.1905 0.2185 0.2185 0.2185 0.2255 0.2255 0.199 0.199 0.201
-1 -1 -1 -1 -1 -1 -1 -1 -1 -1 -1 -1 -1 -1 -1 -1 -1 -1 -1 -1 -1 0.2237 0.2237 0.111 0.111 0.279 0.279 0.279 0.2875 0.2875 0.2835 0.2835 0.2655 0.2655 0.2655 0.252 0.252 0.25 0.25 0.245 0.245 0.245 0.2435 0.2435 0.2375 0.2375 0.247 0.247 0.247 0.243 0.243 0.227 0.227 0.2125 0.2125 0.22 0.22 0.22 0.2365 0.2365 0.2145 0.2145 0.2145 0.2145 0.2145 0.2005 0.2005 0.207 0.207 0.197 0.197 0.197 0.219 0.219 0.2165 0.2165 0.2235
-1 -1 -1 -1 -1 -1 -1 -1 -1 -1 -1 -1 -1 -1 -1 -1 -1 -1 -1 -1 -1 0.2237 0.2237 0.111 0.111 0.279 0.279 0.279 0.2875 0.2875 0.2835 0.2835 0.2655 0.2655 0.2655 0.252 0.252 0.25 0.25 0.245 0.245 0.245 0.2435 0.2435 0.2375 0.2375 0.247 0.247 0.247 0.243 0.243 0.227 0.227 0.2125 0.2125 0.22 0.22 0.22 0.2365 0.2365 0.2145 0.2145 0.2145 0.2145 0.2145 0.2005 0.2005 0.207 0.207 0.197 0.197 0.197 0.219 0.219 0.2165 0.2165 0.2235
-1 -1 -1 -1 -1 -1 -1 -1 -1 -1 -1 -1 -1 -1 -1 -1 -1 -1 -1 -1 -1 0.1512 0.1512 0.1266 0.1266 0.2105 0.2105 0.2105 0.2765 0.2765 0.2795 0.2795 0.282 0.282 0.282 0.2785 0.2785 0.241 0.241 0.211 0.211 0.211 0.1875 0.1875 0.235 0.235 0.2395 0.2395 0.2395 0.226 0.226 0.234 0.234 0.2085 0.2085 0.24 0.24 0.24 0.2295 0.2295 0.221 0.221 0.221 0.221 0.221 0.2195 0.2195 0.224 0.224 0.2405 0.2405 0.2405 0.224 0.224 0.234 0.234 0.224
-1 -1 -1 -1 -1 -1 -1 -1 -1 -1 -1 -1 -1 -1 -1 -1 -1 -1 -1 -1 -1 0.1512 0.1512 0.1266 0.1266 0.2105 0.2105 0.2105 0.2765 0.2765 0.2795 0.2795 0.282 0.282 0.282 0.2785 0.2785 0.241 0.241 0.211 0.211 0.211 0.1875 0.1875 0.235 0.235 0.2395 0.2395 0.2395 0.226 0.226 0.234 0.234 0.2085 0.2085 0.24 0.24 0.24 0.2295 0.2295 0.221 0.221 0.221 0.221 0.221 0.2195 0.2195 0.224 0.224 0.2405 0.2405 0.2405 0.224 0.224 0.234 0.234 0.224
-1 -1 -1 -1 -1 -1 -1 -1 -1 -1 -1 -1 -1 -1 -1 -1 -1 -1 -1 -1 -1 0.1512 0.1512 0.1266 0.1266 0.2105 0.2105 0.2105 0.2765 0.2765 0.2795 0.2795 0.282 0.282 0.282 0.2785 0.2785 0.241 0.241 0.211 0.211 0.211 0.1875 0.1875 0.235 0.235 0.2395 0.2395 0.2395 0.226 0.226 0.234 0.234 0.2085 0.2085 0.24 0.24 0.24 0.2295 0.2295 0.221 0.221 0.221 0.221 0.221 0.2195 0.2195 0.224 0.224 0.2405 0.2405 0.2405 0.224 0.224 0.234 0.234 0.224
-1 -1 -1 -1 -1 -1 -1 -1 -1 -1 -1 -1 -1 -1 -1 -1 -1 -1 -1 -1 -1 -1 -1 0.1967 0.1967 0.061 0.061 0.061 0.2805 0.2805 0.2915 0.2915 0.2825 0.2825 0.2825 0.2645 0.2645 0.19 0.19 0.132 0.132 0.132 0.1805 0.1805 0.225 0.225 0.2245 0.2245 0.2245 0.2345 0.2345 0.238 0.238 0.226 0.226 0.212 0.212 0.212 0.2365 0.2365 0.2055 0.2055 0.2055 0.2055 0.2055 0.2085 0.2085 0.2435 0.2435 0.2075 0.2075 0.2075 0.2135 0.2135 0.2305 0.2305 0.2105
-1 -1 -1 -1 -1 -1 -1 -1 -1 -1 -1 -1 -1 -1 -1 -1 -1 -1 -1 -1 -1 -1 -1 0.1967 0.1967 0.061 0.061 0.061 0.2805 0.2805 0.2915 0.2915 0.2825 0.2825 0.2825 0.2645 0.2645 0.19 0.19 0.132 0.132 0.132 0.1805 0.1805 0.225 0.225 0.2245 0.2245 0.2245 0.2345 0.2345 0.238 0.238 0.226 0.226 0.212 0.212 0.212 0.2365 0.2365 0.2055 0.2055 0.2055 0.2055 0.2055 0.2085 0.2085 0.2435 0.2435 0.2075 0.2075 0.2075 0.2135 0.2135 0.2305 0.2305 0.2105
-1 -1 -1 -1 -1 -1 -1 -1 -1 -1 -1 -1 -1 -1 -1 -1 -1 -1 -1 -1 -1 -1 -1 -1 -1 0.0445 0.0445 0.0445 0.1625 0.1625 0.279 0.279 0.3085 0.3085 0.3085 0.191 0.191 0.155 0.155 0.114 0.114 0.114 0.237 0.237 0.1955 0.1955 0.2045 0.2045 0.2045 0.2145 0.2145 0.232 0.232 0.242 0.242 0.2275 0.2275 0.2275 0.24 0.24 0.225 0.225 0.225 0.225 0.225 0.213 0.213 0.2405 0.2405 0.2275 0.2275 0.2275 0.219 0.219 0.224 0.224 0.234
-1 -1 -1 -1 -1 -1 -1 -1 -1 -1 -1 -1 -1 -1 -1 -1 -1 -1 -1 -1 -1 -1 -1 -1 -1 0.0445 0.0445 0.0445 0.1625 0.1625 0.279 0.279 0.3085 0.3085 0.3085 0.191 0.191 0.155 0.155 0.114 0.114 0.114 0.237 0.237 0.1955 0.1955 0.2045 0.2045 0.2045 0.2145 0.2145 0.232 0.232 0.242 0.242 0.2275 0.2275 0.2275 0.24 0.24 0.225 0.225 0.225 0.225 0.225 0.213 0.213 0.2405 0.2405 0.2275 0.2275 0.2275 0.219 0.219 0.224 0.224 0.234
-1 -1 -1 -1 -1 -1 -1 -1 -1 -1 -1 -1 -1 -1 -1 -1 -1 -1 -1 -1 -1 -1 -1 -1 -1 0.1142 0.1142 0.1142 0.1025 0.1025 0.206 0.206 0.2055 0.2055 0.2055 0.2255 0.2255 0.126 0.126 0.244 0.244 0.244 0.222 0.222 0.2635 0.2635 0.2455 0.2455 0.2455 0.199 0.199 0.226 0.226 0.231 0.231 0.226 0.226 0.226 0.2285 0.2285 0.235 0.235 0.235 0.235 0.235 0.2415 0.2415 0.224 0.224 0.2245 0.2245 0.2245 0.218 0.218 0.218 0.218 0.218
-1 -1 -1 -1 -1 -1 -1 -1 -1 -1 -1 -1 -1 -1 -1 -1 -1 -1 -1 -1 -1 -1 -1 -1 -1 0.1142 0.1142 0.1142 0.1025 0.1025 0.206 0.206 0.2055 0.2055 0.2055 0.2255 0.2255 0.126 0.126 0.244 0.244 0.244 0.222 0.222 0.2635 0.2635 0.2455 0.2455 0.2455 0.199 0.199 0.226 0.226 0.231 0.231 0.226 0.226 0.226 0.2285 0.2285 0.235 0.235 0.235 0.235 0.235 0.2415 0.2415 0.224 0.224 0.2245 0.2245 0.2245 0.218 0.218 0.218 0.218 0.218
-1 -1 -1 -1 -1 -1 -1 -1 -1 -1 -1 -1 -1 -1 -1 -1 -1 -1 -1 -1 -1 -1 -1 -1 -1 0.1142 0.1142 0.1142 0.1025 0.1025 0.206 0.206 0.2055 0.2055 0.2055 0.2255 0.2255 0.126 0.126 0.244 0.244 0.244 0.222 0.222 0.2635 0.2635 0.2455 0.2455 0.2455 0.199 0.199 0.226 0.226 0.231 0.231 0.226 0.226 0.226 0.2285 0.2285 0.235 0.235 0.235 0.235 0.235 0.2415 0.2415 0.224 0.224 0.2245 0.2245 0.2245 0.218 0.218 0.218 0.218 0.218
