ndvi/NOAA-91.asc
ncols         252
nrows         154
xllcorner     -18.017974
yllcorner     13.481982
cellsize      0.035948
NODATA_value  -9999
[rows 34 to 67 of 154, columns 154 to 230 of 252]
0.1355 0.144 0.144 0.1405 0.1405 0.1405 0.1615 0.1615 0.1595 0.1595 0.123 0.123 0.106 0.106 0.106 0.1165 0.1165 0.108 0.108 0.1125 0.1125 0.1125 0.1005 0.1005 0.115 0.115 0.117 0.117 0.117 0.119 0.119 0.125 0.125 0.1175 0.1175 0.1175 0.1115 0.1115 0.1115 0.1115 0.119 0.119 0.119 0.1115 0.1115 0.1095 0.1095 0.1235 0.1235 0.1305 0.1305 0.1305 0.132 0.132 0.13 0.13 0.125 0.125 0.125 0.113 0.113 0.1095 0.1095 0.108 0.108 0.108 0.1065 0.1065 0.1055 0.1055 0.1065 0.1065 0.1065 0.1025 0.1025 0.09649999 0.09649999
0.1355 0.144 0.144 0.1405 0.1405 0.1405 0.1615 0.1615 0.1595 0.1595 0.123 0.123 0.106 0.106 0.106 0.1165 0.1165 0.108 0.108 0.1125 0.1125 0.1125 0.1005 0.1005 0.115 0.115 0.117 0.117 0.117 0.119 0.119 0.125 0.125 0.1175 0.1175 0.1175 0.1115 0.1115 0.1115 0.1115 0.119 0.119 0.119 0.1115 0.1115 0.1095 0.1095 0.1235 0.1235 0.1305 0.1305 0.1305 0.132 0.132 0.13 0.13 0.125 0.125 0.125 0.113 0.113 0.1095 0.1095 0.108 0.108 0.108 0.1065 0.1065 0.1055 0.1055 0.1065 0.1065 0.1065 0.1025 0.1025 0.09649999 0.09649999
0.1355 0.144 0.144 0.1405 0.1405 0.1405 0.1615 0.1615 0.1595 0.1595 0.123 0.123 0.106 0.106 0.106 0.1165 0.1165 0.108 0.108 0.1125 0.1125 0.1125 0.1005 0.1005 0.115 0.115 0.117 0.117 0.117 0.119 0.119 0.125 0.125 0.1175 0.1175 0.1175 0.1115 0.1115 0.1115 0.1115 0.119 0.119 0.119 0.1115 0.1115 0.1095 0.1095 0.1235 0.1235 0.1305 0.1305 0.1305 0.132 0.132 0.13 0.13 0.125 0.125 0.125 0.113 0.113 0.1095 0.1095 0.108 0.108 0.108 0.1065 0.1065 0.1055 0.1055 0.1065 0.1065 0.1065 0.1025 0.1025 0.09649999 0.09649999
0.1385 0.136 0.136 0.141 0.141 0.141 0.1325 0.1325 0.1245 0.1245 0.1165 0.1165 0.1315 0.1315 0.1315 0.119 0.119 0.11 0.11 0.107 0.107 0.107 0.0985 0.0985 0.123 0.123 0.122 0.122 0.122 0.141 0.141 0.123 0.123 0.1245 0.1245 0.1245 0.1145 0.1145 0.109 0.109 0.1145 0.1145 0.1145 0.1155 0.1155 0.1195 0.1195 0.135 0.135 0.123 0.123 0.123 0.12 0.12 0.1225 0.1225 0.127 0.127 0.127 0.1295 0.1295 0.116 0.116 0.1075 0.1075 0.1075 0.104 0.104 0.1085 0.1085 0.11 0.11 0.11 0.112 0.112 0.1065 0.1065
0.1385 0.136 0.136 0.141 0.141 0.141 0.1325 0.1325 0.1245 0.1245 0.1165 0.1165 0.1315 0.1315 0.1315 0.119 0.119 0.11 0.11 0.107 0.107 0.107 0.0985 0.0985 0.123 0.123 0.122 0.122 0.122 0.141 0.141 0.123 0.123 0.1245 0.1245 0.1245 0.1145 0.1145 0.109 0.109 0.1145 0.1145 0.1145 0.1155 0.1155 0.1195 0.1195 0.135 0.135 0.123 0.123 0.123 0.12 0.12 0.1225 0.1225 0.127 0.127 0.127 0.1295 0.1295 0.116 0.116 0.1075 0.1075 0.1075 0.104 0.104 0.1085 0.1085 0.11 0.11 0.11 0.112 0.112 0.1065 0.1065
0.1365 0.1265 0.1265 0.132 0.132 0.132 0.125 0.125 0.118 0.118 0.119 0.119 0.118 0.118 0.118 0.1205 0.1205 0.116 0.116 0.122 0.122 0.122 0.1075 0.1075 0.123 0.123 0.131 0.131 0.131 0.1425 0.1425 0.132 0.132 0.133 0.133 0.133 0.131 0.131 0.1175 0.1175 0.117 0.117 0.117 0.1165 0.1165 0.133 0.133 0.133 0.133 0.1335 0.1335 0.1335 0.124 0.124 0.1225 0.1225 0.134 0.134 0.134 0.1285 0.1285 0.13 0.13 0.1115 0.1115 0.1115 0.1065 0.1065 0.106 0.106 0.1105 0.1105 0.1105 0.1115 0.1115 0.1105 0.1105
0.1365 0.1265 0.1265 0.132 0.132 0.132 0.125 0.125 0.118 0.118 0.119 0.119 0.118 0.118 0.118 0.1205 0.1205 0.116 0.116 0.122 0.122 0.122 0.1075 0.1075 0.123 0.123 0.131 0.131 0.131 0.1425 0.1425 0.132 0.132 0.133 0.133 0.133 0.131 0.131 0.1175 0.1175 0.117 0.117 0.117 0.1165 0.1165 0.133 0.133 0.133 0.133 0.1335 0.1335 0.1335 0.124 0.124 0.1225 0.1225 0.134 0.134 0.134 0.1285 0.1285 0.13 0.13 0.1115 0.1115 0.1115 0.1065 0.1065 0.106 0.106 0.1105 0.1105 0.1105 0.1115 0.1115 0.1105 0.1105
0.124 0.13 0.13 0.132 0.132 0.132 0.1295 0.1295 0.1315 0.1315 0.1275 0.1275 0.1225 0.1225 0.1225 0.117 0.117 0.117 0.117 0.1265 0.1265 0.1265 0.119 0.119 0.1295 0.1295 0.1335 0.1335 0.1335 0.1585 0.1585 0.154 0.154 0.146 0.146 0.146 0.142 0.142 0.137 0.137 0.138 0.138 0.138 0.1355 0.1355 0.1355 0.1355 0.1375 0.1375 0.1315 0.1315 0.1315 0.1295 0.1295 0.1365 0.1365 0.1295 0.1295 0.1295 0.1265 0.1265 0.139 0.139 0.14 0.14 0.14 0.1265 0.1265 0.13 0.13 0.124 0.124 0.124 0.122 0.122 0.1055 0.1055
0.124 0.13 0.13 0.132 0.132 0.132 0.1295 0.1295 0.1315 0.1315 0.1275 0.1275 0.1225 0.1225 0.1225 0.117 0.117 0.117 0.117 0.1265 0.1265 0.1265 0.119 0.119 0.1295 0.1295 0.1335 0.1335 0.1335 0.1585 0.1585 0.154 0.154 0.146 0.146 0.146 0.142 0.142 0.137 0.137 0.138 0.138 0.138 0.1355 0.1355 0.1355 0.1355 0.1375 0.1375 0.1315 0.1315 0.1315 0.1295 0.1295 0.1365 0.1365 0.1295 0.1295 0.1295 0.1265 0.1265 0.139 0.139 0.14 0.14 0.14 0.1265 0.1265 0.13 0.13 0.124 0.124 0.124 0.122 0.122 0.1055 0.1055
0.124 0.13 0.13 0.132 0.132 0.132 0.1295 0.1295 0.1315 0.1315 0.1275 0.1275 0.1225 0.1225 0.1225 0.117 0.117 0.117 0.117 0.1265 0.1265 0.1265 0.119 0.119 0.1295 0.1295 0.1335 0.1335 0.1335 0.1585 0.1585 0.154 0.154 0.146 0.146 0.146 0.142 0.142 0.137 0.137 0.138 0.138 0.138 0.1355 0.1355 0.1355 0.1355 0.1375 0.1375 0.1315 0.1315 0.1315 0.1295 0.1295 0.1365 0.1365 0.1295 0.1295 0.1295 0.1265 0.1265 0.139 0.139 0.14 0.14 0.14 0.1265 0.1265 0.13 0.13 0.124 0.124 0.124 0.122 0.122 0.1055 0.1055
0.131 0.1535 0.1535 0.162 0.162 0.162 0.145 0.145 0.139 0.139 0.149 0.149 0.1485 0.1485 0.1485 0.138 0.138 0.198 0.198 0.171 0.171 0.171 0.1565 0.1565 0.147 0.147 0.155 0.155 0.155 0.1605 0.1605 0.17 0.17 0.1665 0.1665 0.1665 0.148 0.148 0.1375 0.1375 0.136 0.136 0.136 0.141 0.141 0.145 0.145 0.1615 0.1615 0.151 0.151 0.151 0.139 0.139 0.1325 0.1325 0.1265 0.1265 0.1265 0.1325 0.1325 0.138 0.138 0.1405 0.1405 0.1405 0.1385 0.1385 0.131 0.131 0.134 0.134 0.134 0.13 0.13 0.1235 0.1235
0.131 0.1535 0.1535 0.162 0.162 0.162 0.145 0.145 0.139 0.139 0.149 0.149 0.1485 0.1485 0.1485 0.138 0.138 0.198 0.198 0.171 0.171 0.171 0.1565 0.1565 0.147 0.147 0.155 0.155 0.155 0.1605 0.1605 0.17 0.17 0.1665 0.1665 0.1665 0.148 0.148 0.1375 0.1375 0.136 0.136 0.136 0.141 0.141 0.145 0.145 0.1615 0.1615 0.151 0.151 0.151 0.139 0.139 0.1325 0.1325 0.1265 0.1265 0.1265 0.1325 0.1325 0.138 0.138 0.1405 0.1405 0.1405 0.1385 0.1385 0.131 0.131 0.134 0.134 0.134 0.13 0.13 0.1235 0.1235
0.1595 0.172 0.172 0.1715 0.1715 0.1715 0.1955 0.1955 0.189 0.189 0.192 0.192 0.2185 0.2185 0.2185 0.205 0.205 0.1875 0.1875 0.2105 0.2105 0.2105 0.194 0.194 0.157 0.157 0.175 0.175 0.175 0.1845 0.1845 0.1725 0.1725 0.1755 0.1755 0.1755 0.161 0.161 0.156 0.156 0.1575 0.1575 0.1575 0.1675 0.1675 0.165 0.165 0.161 0.161 0.146 0.146 0.146 0.1405 0.1405 0.1595 0.1595 0.164 0.164 0.164 0.148 0.148 0.1415 0.1415 0.1515 0.1515 0.1515 0.1475 0.1475 0.1285 0.1285 0.1315 0.1315 0.1315 0.139 0.139 0.1335 0.1335
0.1595 0.172 0.172 0.1715 0.1715 0.1715 0.1955 0.1955 0.189 0.189 0.192 0.192 0.2185 0.2185 0.2185 0.205 0.205 0.1875 0.1875 0.2105 0.2105 0.2105 0.194 0.194 0.157 0.157 0.175 0.175 0.175 0.1845 0.1845 0.1725 0.1725 0.1755 0.1755 0.1755 0.161 0.161 0.156 0.156 0.1575 0.1575 0.1575 0.1675 0.1675 0.165 0.165 0.161 0.161 0.146 0.146 0.146 0.1405 0.1405 0.1595 0.1595 0.164 0.164 0.164 0.148 0.148 0.1415 0.1415 0.1515 0.1515 0.1515 0.1475 0.1475 0.1285 0.1285 0.1315 0.1315 0.1315 0.139 0.139 0.1335 0.1335
0.1615 0.163 0.163 0.1785 0.1785 0.1785 0.189 0.189 0.2105 0.2105 0.1945 0.1945 0.193 0.193 0.193 0.198 0.198 0.21 0.21 0.1955 0.1955 0.1955 0.207 0.207 0.187 0.187 0.1935 0.1935 0.1935 0.194 0.194 0.189 0.189 0.19 0.19 0.19 0.186 0.186 0.184 0.184 0.1825 0.1825 0.1825 0.1785 0.1785 0.1915 0.1915 0.152 0.152 0.1635 0.1635 0.1635 0.141 0.141 0.1535 0.1535 0.1655 0.1655 0.1655 0.1565 0.1565 0.146 0.146 0.1545 0.1545 0.1545 0.148 0.148 0.1345 0.1345 0.1295 0.1295 0.1295 0.133 0.133 0.1405 0.1405
0.1615 0.163 0.163 0.1785 0.1785 0.1785 0.189 0.189 0.2105 0.2105 0.1945 0.1945 0.193 0.193 0.193 0.198 0.198 0.21 0.21 0.1955 0.1955 0.1955 0.207 0.207 0.187 0.187 0.1935 0.1935 0.1935 0.194 0.194 0.189 0.189 0.19 0.19 0.19 0.186 0.186 0.184 0.184 0.1825 0.1825 0.1825 0.1785 0.1785 0.1915 0.1915 0.152 0.152 0.1635 0.1635 0.1635 0.141 0.141 0.1535 0.1535 0.1655 0.1655 0.1655 0.1565 0.1565 0.146 0.146 0.1545 0.1545 0.1545 0.148 0.148 0.1345 0.1345 0.1295 0.1295 0.1295 0.133 0.133 0.1405 0.1405
0.1615 0.163 0.163 0.1785 0.1785 0.1785 0.189 0.189 0.2105 0.2105 0.1945 0.1945 0.193 0.193 0.193 0.198 0.198 0.21 0.21 0.1955 0.1955 0.1955 0.207 0.207 0.187 0.187 0.1935 0.1935 0.1935 0.194 0.194 0.189 0.189 0.19 0.19 0.19 0.186 0.186 0.184 0.184 0.1825 0.1825 0.1825 0.1785 0.1785 0.1915 0.1915 0.152 0.152 0.1635 0.1635 0.1635 0.141 0.141 0.1535 0.1535 0.1655 0.1655 0.1655 0.1565 0.1565 0.146 0.146 0.1545 0.1545 0.1545 0.148 0.148 0.1345 0.1345 0.1295 0.1295 0.1295 0.133 0.133 0.1405 0.1405
0.1455 0.164 0.164 0.19 0.19 0.19 0.2045 0.2045 0.216 0.216 0.2265 0.2265 0.195 0.195 0.195 0.179 0.179 0.1755 0.1755 0.2085 0.2085 0.2085 0.216 0.216 0.2 0.2 0.2355 0.2355 0.2355 0.201 0.201 0.1965 0.1965 0.2045 0.2045 0.2045 0.182 0.182 0.175 0.175 0.1975 0.1975 0.1975 0.176 0.176 0.196 0.196 0.169 0.169 0.1385 0.1385 0.1385 0.1325 0.1325 0.162 0.162 0.1645 0.1645 0.1645 0.1745 0.1745 0.1685 0.1685 0.1665 0.1665 0.1665 0.1575 0.1575 0.144 0.144 0.1375 0.1375 0.1375 0.1485 0.1485 0.1405 0.1405
0.1455 0.164 0.164 0.19 0.19 0.19 0.2045 0.2045 0.216 0.216 0.2265 0.2265 0.195 0.195 0.195 0.179 0.179 0.1755 0.1755 0.2085 0.2085 0.2085 0.216 0.216 0.2 0.2 0.2355 0.2355 0.2355 0.201 0.201 0.1965 0.1965 0.2045 0.2045 0.2045 0.182 0.182 0.175 0.175 0.1975 0.1975 0.1975 0.176 0.176 0.196 0.196 0.169 0.169 0.1385 0.1385 0.1385 0.1325 0.1325 0.162 0.162 0.1645 0.1645 0.1645 0.1745 0.1745 0.1685 0.1685 0.1665 0.1665 0.1665 0.1575 0.1575 0.144 0.144 0.1375 0.1375 0.1375 0.1485 0.1485 0.1405 0.1405
0.1385 0.171 0.171 0.1985 0.1985 0.1985 0.2285 0.2285 0.246 0.246 0.2295 0.2295 0.24 0.24 0.24 0.1855 0.1855 0.168 0.168 0.1835 0.1835 0.1835 0.1945 0.1945 0.212 0.212 0.224 0.224 0.224 0.222 0.222 0.2485 0.2485 0.2565 0.2565 0.2565 0.2425 0.2425 0.2325 0.2325 0.2025 0.2025 0.2025 0.2025 0.2025 0.214 0.214 0.167 0.167 0.18 0.18 0.18 0.196 0.196 0.2115 0.2115 0.191 0.191 0.191 0.19 0.19 0.1745 0.1745 0.195 0.195 0.195 0.1545 0.1545 0.1745 0.1745 0.184 0.184 0.184 0.179 0.179 0.185 0.185
0.1385 0.171 0.171 0.1985 0.1985 0.1985 0.2285 0.2285 0.246 0.246 0.2295 0.2295 0.24 0.24 0.24 0.1855 0.1855 0.168 0.168 0.1835 0.1835 0.1835 0.1945 0.1945 0.212 0.212 0.224 0.224 0.224 0.222 0.222 0.2485 0.2485 0.2565 0.2565 0.2565 0.2425 0.2425 0.2325 0.2325 0.2025 0.2025 0.2025 0.2025 0.2025 0.214 0.214 0.167 0.167 0.18 0.18 0.18 0.196 0.196 0.2115 0.2115 0.191 0.191 0.191 0.19 0.19 0.1745 0.1745 0.195 0.195 0.195 0.1545 0.1545 0.1745 0.1745 0.184 0.184 0.184 0.179 0.179 0.185 0.185
0.1285 0.1545 0.1545 0.18 0.18 0.18 0.195 0.195 0.2255 0.2255 0.2175 0.2175 0.2325 0.2325 0.2325 0.235 0.235 0.212 0.212 0.215 0.215 0.215 0.2165 0.2165 0.251 0.251 0.258 0.258 0.258 0.25 0.25 0.27 0.27 0.302 0.302 0.302 0.2855 0.2855 0.2475 0.2475 0.2505 0.2505 0.2505 0.2235 0.2235 0.2245 0.2245 0.2085 0.2085 0.226 0.226 0.226 0.2265 0.2265 0.184 0.184 0.209 0.209 0.209 0.194 0.194 0.2155 0.2155 0.2005 0.2005 0.2005 0.1925 0.1925 0.1825 0.1825 0.187 0.187 0.187 0.1805 0.1805 0.167 0.167
0.1285 0.1545 0.1545 0.18 0.18 0.18 0.195 0.195 0.2255 0.2255 0.2175 0.2175 0.2325 0.2325 0.2325 0.235 0.235 0.212 0.212 0.215 0.215 0.215 0.2165 0.2165 0.251 0.251 0.258 0.258 0.258 0.25 0.25 0.27 0.27 0.302 0.302 0.302 0.2855 0.2855 0.2475 0.2475 0.2505 0.2505 0.2505 0.2235 0.2235 0.2245 0.2245 0.2085 0.2085 0.226 0.226 0.226 0.2265 0.2265 0.184 0.184 0.209 0.209 0.209 0.194 0.194 0.2155 0.2155 0.2005 0.2005 0.2005 0.1925 0.1925 0.1825 0.1825 0.187 0.187 0.187 0.1805 0.1805 0.167 0.167
0.106 0.153 0.153 0.18 0.18 0.18 0.184 0.184 0.1955 0.1955 0.196 0.196 0.203 0.203 0.203 0.2075 0.2075 0.2465 0.2465 0.256 0.256 0.256 0.2585 0.2585 0.248 0.248 0.2915 0.2915 0.2915 0.305 0.305 0.3055 0.3055 0.2895 0.2895 0.2895 0.2545 0.2545 0.248 0.248 0.2505 0.2505 0.2505 0.231 0.231 0.223 0.223 0.1915 0.1915 0.208 0.208 0.208 0.186 0.186 0.172 0.172 0.183 0.183 0.183 0.1965 0.1965 0.2155 0.2155 0.215 0.215 0.215 0.234 0.234 0.2115 0.2115 0.197 0.197 0.197 0.178 0.178 0.176 0.176
0.106 0.153 0.153 0.18 0.18 0.18 0.184 0.184 0.1955 0.1955 0.196 0.196 0.203 0.203 0.203 0.2075 0.2075 0.2465 0.2465 0.256 0.256 0.256 0.2585 0.2585 0.248 0.248 0.2915 0.2915 0.2915 0.305 0.305 0.3055 0.3055 0.2895 0.2895 0.2895 0.2545 0.2545 0.248 0.248 0.2505 0.2505 0.2505 0.231 0.231 0.223 0.223 0.1915 0.1915 0.208 0.208 0.208 0.186 0.186 0.172 0.172 0.183 0.183 0.183 0.1965 0.1965 0.2155 0.2155 0.215 0.215 0.215 0.234 0.234 0.2115 0.2115 0.197 0.197 0.197 0.178 0.178 0.176 0.176
0.106 0.153 0.153 0.18 0.18 0.18 0.184 0.184 0.1955 0.1955 0.196 0.196 0.203 0.203 0.203 0.2075 0.2075 0.2465 0.2465 0.256 0.256 0.256 0.2585 0.2585 0.248 0.248 0.2915 0.2915 0.2915 0.305 0.305 0.3055 0.3055 0.2895 0.2895 0.2895 0.2545 0.2545 0.248 0.248 0.2505 0.2505 0.2505 0.231 0.231 0.223 0.223 0.1915 0.1915 0.208 0.208 0.208 0.186 0.186 0.172 0.172 0.183 0.183 0.183 0.1965 0.1965 0.2155 0.2155 0.215 0.215 0.215 0.234 0.234 0.2115 0.2115 0.197 0.197 0.197 0.178 0.178 0.176 0.176
0.126 0.1515 0.1515 0.1365 0.1365 0.1365 0.1885 0.1885 0.1695 0.1695 0.182 0.182 0.2 0.2 0.2 0.1855 0.1855 0.2305 0.2305 0.2485 0.2485 0.2485 0.259 0.259 0.26 0.26 0.2925 0.2925 0.2925 0.293 0.293 0.3025 0.3025 0.305 0.305 0.305 0.29 0.29 0.277 0.277 0.26 0.26 0.26 0.2615 0.2615 0.1935 0.1935 0.181 0.181 0.1975 0.1975 0.1975 0.2195 0.2195 0.1795 0.1795 0.1885 0.1885 0.1885 0.194 0.194 0.2215 0.2215 0.234 0.234 0.234 0.234 0.234 0.219 0.219 0.205 0.205 0.205 0.155 0.155 0.179 0.179
0.126 0.1515 0.1515 0.1365 0.1365 0.1365 0.1885 0.1885 0.1695 0.1695 0.182 0.182 0.2 0.2 0.2 0.1855 0.1855 0.2305 0.2305 0.2485 0.2485 0.2485 0.259 0.259 0.26 0.26 0.2925 0.2925 0.2925 0.293 0.293 0.3025 0.3025 0.305 0.305 0.305 0.29 0.29 0.277 0.277 0.26 0.26 0.26 0.2615 0.2615 0.1935 0.1935 0.181 0.181 0.1975 0.1975 0.1975 0.2195 0.2195 0.1795 0.1795 0.1885 0.1885 0.1885 0.194 0.194 0.2215 0.2215 0.234 0.234 0.234 0.234 0.234 0.219 0.219 0.205 0.205 0.205 0.155 0.155 0.179 0.179
0.15 0.1615 0.1615 0.1565 0.1565 0.1565 0.1755 0.1755 0.182 0.182 0.1695 0.1695 0.1775 0.1775 0.1775 0.2035 0.2035 0.261 0.261 0.2635 0.2635 0.2635 0.286 0.286 0.2915 0.2915 0.2865 0.2865 0.2865 0.2845 0.2845 0.2975 0.2975 0.2905 0.2905 0.2905 0.2925 0.2925 0.251 0.251 0.261 0.261 0.261 0.2125 0.2125 0.1925 0.1925 0.222 0.222 0.197 0.197 0.197 0.212 0.212 0.179 0.179 0.1725 0.1725 0.1725 0.1985 0.1985 0.211 0.211 0.242 0.242 0.242 0.213 0.213 0.1985 0.1985 0.1725 0.1725 0.1725 0.1675 0.1675 0.1875 0.1875
0.15 0.1615 0.1615 0.1565 0.1565 0.1565 0.1755 0.1755 0.182 0.182 0.1695 0.1695 0.1775 0.1775 0.1775 0.2035 0.2035 0.261 0.261 0.2635 0.2635 0.2635 0.286 0.286 0.2915 0.2915 0.2865 0.2865 0.2865 0.2845 0.2845 0.2975 0.2975 0.2905 0.2905 0.2905 0.2925 0.2925 0.251 0.251 0.261 0.261 0.261 0.2125 0.2125 0.1925 0.1925 0.222 0.222 0.197 0.197 0.197 0.212 0.212 0.179 0.179 0.1725 0.1725 0.1725 0.1985 0.1985 0.211 0.211 0.242 0.242 0.242 0.213 0.213 0.1985 0.1985 0.1725 0.1725 0.1725 0.1675 0.1675 0.1875 0.1875
0.1925 0.198 0.198 0.1685 0.1685 0.1685 0.163 0.163 0.1635 0.1635 0.2045 0.2045 0.198 0.198 0.198 0.2115 0.2115 0.243 0.243 0.2585 0.2585 0.2585 0.2695 0.2695 0.289 0.289 0.2905 0.2905 0.2905 0.266 0.266 0.263 0.263 0.3035 0.3035 0.3035 0.326 0.326 0.252 0.252 0.234 0.234 0.234 0.231 0.231 0.1985 0.1985 0.2295 0.2295 0.243 0.243 0.243 0.249 0.249 0.258 0.258 0.261 0.261 0.261 0.226 0.226 0.243 0.243 0.2535 0.2535 0.2535 0.2425 0.2425 0.209 0.209 0.196 0.196 0.196 0.187 0.187 0.194 0.194
0.1925 0.198 0.198 0.1685 0.1685 0.1685 0.163 0.163 0.1635 0.1635 0.2045 0.2045 0.198 0.198 0.198 0.2115 0.2115 0.243 0.243 0.2585 0.2585 0.2585 0.2695 0.2695 0.289 0.289 0.2905 0.2905 0.2905 0.266 0.266 0.263 0.263 0.3035 0.3035 0.3035 0.326 0.326 0.252 0.252 0.234 0.234 0.234 0.231 0.231 0.1985 0.1985 0.2295 0.2295 0.243 0.243 0.243 0.249 0.249 0.258 0.258 0.261 0.261 0.261 0.226 0.226 0.243 0.243 0.2535 0.2535 0.2535 0.2425 0.2425 0.209 0.209 0.196 0.196 0.196 0.187 0.187 0.194 0.194
0.1925 0.198 0.198 0.1685 0.1685 0.1685 0.163 0.163 0.1635 0.1635 0.2045 0.2045 0.198 0.198 0.198 0.2115 0.2115 0.243 0.243 0.2585 0.2585 0.2585 0.2695 0.2695 0.289 0.289 0.2905 0.2905 0.2905 0.266 0.266 0.263 0.263 0.3035 0.3035 0.3035 0.326 0.326 0.252 0.252 0.234 0.234 0.234 0.231 0.231 0.1985 0.1985 0.2295 0.2295 0.243 0.243 0.243 0.249 0.249 0.258 0.258 0.261 0.261 0.261 0.226 0.226 0.243 0.243 0.2535 0.2535 0.2535 0.2425 0.2425 0.209 0.209 0.196 0.196 0.196 0.187 0.187 0.194 0.194
0.142 0.1995 0.1995 0.165 0.165 0.165 0.158 0.158 0.219 0.219 0.226 0.226 0.221 0.221 0.221 0.249 0.249 0.2855 0.2855 0.2985 0.2985 0.2985 0.3115 0.3115 0.2955 0.2955 0.312 0.312 0.312 0.3285 0.3285 0.317 0.317 0.3395 0.3395 0.3395 0.3245 0.3245 0.2835 0.2835 0.263 0.263 0.263 0.362 0.362 0.3425 0.3425 0.301 0.301 0.3235 0.3235 0.3235 0.346 0.346 0.268 0.268 0.2655 0.2655 0.2655 0.285 0.285 0.3065 0.3065 0.314 0.314 0.314 0.274 0.274 0.292 0.292 0.2715 0.2715 0.2715 0.272 0.272 0.2725 0.2725
