ndvi/NOAA-163.asc
ncols         252
nrows         154
xllcorner     -18.017974
yllcorner     13.481982
cellsize      0.035948
NODATA_value  -9999
[rows 68 to 101 of 154, columns 77 to 153 of 252]
0.2315 0.2315 0.2335 0.2335 0.2315 0.2315 0.252 0.252 0.252 0.2715 0.2715 0.27 0.27 0.267 0.267 0.2635 0.2635 0.2635 0.284 0.284 0.27 0.27 0.2335 0.2335 0.2335 0.1995 0.1995 0.219 0.219 0.1915 0.1915 0.1915 0.217 0.217 0.236 0.236 0.2405 0.2405 0.2405 0.249 0.249 0.257 0.257 0.223 0.223 0.223 0.1625 0.1625 0.188 0.188 0.1995 0.1995 0.218 0.218 0.218 0.2165 0.2165 0.2185 0.2185 0.222 0.222 0.222 0.241 0.241 0.2435 0.2435 0.229 0.229 0.229 0.2355 0.2355 0.2345 0.2345 0.207 0.207 0.207 0.1375
0.2275 0.2275 0.2395 0.2395 0.2305 0.2305 0.2265 0.2265 0.2265 0.2275 0.2275 0.235 0.235 0.246 0.246 0.232 0.232 0.232 0.215 0.215 0.2195 0.2195 0.269 0.269 0.269 0.224 0.224 0.2035 0.2035 0.211 0.211 0.211 0.2295 0.2295 0.2505 0.2505 0.2455 0.2455 0.2455 0.257 0.257 0.264 0.264 0.251 0.251 0.251 0.1985 0.1985 0.198 0.198 0.2205 0.2205 0.216 0.216 0.216 0.231 0.231 0.2205 0.2205 0.2335 0.2335 0.2335 0.2505 0.2505 0.2575 0.2575 0.223 0.223 0.223 0.218 0.218 0.2235 0.2235 0.2325 0.2325 0.2325 0.1685
0.2275 0.2275 0.2395 0.2395 0.2305 0.2305 0.2265 0.2265 0.2265 0.2275 0.2275 0.235 0.235 0.246 0.246 0.232 0.232 0.232 0.215 0.215 0.2195 0.2195 0.269 0.269 0.269 0.224 0.224 0.2035 0.2035 0.211 0.211 0.211 0.2295 0.2295 0.2505 0.2505 0.2455 0.2455 0.2455 0.257 0.257 0.264 0.264 0.251 0.251 0.251 0.1985 0.1985 0.198 0.198 0.2205 0.2205 0.216 0.216 0.216 0.231 0.231 0.2205 0.2205 0.2335 0.2335 0.2335 0.2505 0.2505 0.2575 0.2575 0.223 0.223 0.223 0.218 0.218 0.2235 0.2235 0.2325 0.2325 0.2325 0.1685
0.214 0.214 0.229 0.229 0.23 0.23 0.2255 0.2255 0.2255 0.223 0.223 0.2325 0.2325 0.2245 0.2245 0.227 0.227 0.227 0.1955 0.1955 0.217 0.217 0.236 0.236 0.236 0.261 0.261 0.248 0.248 0.22 0.22 0.22 0.2225 0.2225 0.242 0.242 0.2515 0.2515 0.2515 0.2685 0.2685 0.2845 0.2845 0.238 0.238 0.238 0.1915 0.1915 0.186 0.186 0.192 0.192 0.2225 0.2225 0.2225 0.2165 0.2165 0.248 0.248 0.228 0.228 0.228 0.2555 0.2555 0.239 0.239 0.2195 0.2195 0.2195 0.2115 0.2115 0.233 0.233 0.2465 0.2465 0.2465 0.171
0.214 0.214 0.229 0.229 0.23 0.23 0.2255 0.2255 0.2255 0.223 0.223 0.2325 0.2325 0.2245 0.2245 0.227 0.227 0.227 0.1955 0.1955 0.217 0.217 0.236 0.236 0.236 0.261 0.261 0.248 0.248 0.22 0.22 0.22 0.2225 0.2225 0.242 0.242 0.2515 0.2515 0.2515 0.2685 0.2685 0.2845 0.2845 0.238 0.238 0.238 0.1915 0.1915 0.186 0.186 0.192 0.192 0.2225 0.2225 0.2225 0.2165 0.2165 0.248 0.248 0.228 0.228 0.228 0.2555 0.2555 0.239 0.239 0.2195 0.2195 0.2195 0.2115 0.2115 0.233 0.233 0.2465 0.2465 0.2465 0.171
0.214 0.214 0.229 0.229 0.23 0.23 0.2255 0.2255 0.2255 0.223 0.223 0.2325 0.2325 0.2245 0.2245 0.227 0.227 0.227 0.1955 0.1955 0.217 0.217 0.236 0.236 0.236 0.261 0.261 0.248 0.248 0.22 0.22 0.22 0.2225 0.2225 0.242 0.242 0.2515 0.2515 0.2515 0.2685 0.2685 0.2845 0.2845 0.238 0.238 0.238 0.1915 0.1915 0.186 0.186 0.192 0.192 0.2225 0.2225 0.2225 0.2165 0.2165 0.248 0.248 0.228 0.228 0.228 0.2555 0.2555 0.239 0.239 0.2195 0.2195 0.2195 0.2115 0.2115 0.233 0.233 0.2465 0.2465 0.2465 0.171
0.2415 0.2415 0.2415 0.2415 0.246 0.246 0.2375 0.2375 0.2375 0.2455 0.2455 0.244 0.244 0.2215 0.2215 0.2065 0.2065 0.2065 0.224 0.224 0.212 0.212 0.2115 0.2115 0.2115 0.2195 0.2195 0.2165 0.2165 0.259 0.259 0.259 0.2725 0.2725 0.2205 0.2205 0.2295 0.2295 0.2295 0.2395 0.2395 0.23 0.23 0.1815 0.1815 0.1815 0.1935 0.1935 0.2365 0.2365 0.236 0.236 0.233 0.233 0.233 0.21 0.21 0.212 0.212 0.2215 0.2215 0.2215 0.2225 0.2225 0.233 0.233 0.231 0.231 0.231 0.219 0.219 0.209 0.209 0.183 0.183 0.183 0.181
0.2415 0.2415 0.2415 0.2415 0.246 0.246 0.2375 0.2375 0.2375 0.2455 0.2455 0.244 0.244 0.2215 0.2215 0.2065 0.2065 0.2065 0.224 0.224 0.212 0.212 0.2115 0.2115 0.2115 0.2195 0.2195 0.2165 0.2165 0.259 0.259 0.259 0.2725 0.2725 0.2205 0.2205 0.2295 0.2295 0.2295 0.2395 0.2395 0.23 0.23 0.1815 0.1815 0.1815 0.1935 0.1935 0.2365 0.2365 0.236 0.236 0.233 0.233 0.233 0.21 0.21 0.212 0.212 0.2215 0.2215 0.2215 0.2225 0.2225 0.233 0.233 0.231 0.231 0.231 0.219 0.219 0.209 0.209 0.183 0.183 0.183 0.181
0.241 0.241 0.255 0.255 0.266 0.266 0.2625 0.2625 0.2625 0.2385 0.2385 0.213 0.213 0.2495 0.2495 0.209 0.209 0.209 0.189 0.189 0.1805 0.1805 0.207 0.207 0.207 0.2135 0.2135 0.216 0.216 0.227 0.227 0.227 0.2525 0.2525 0.289 0.289 0.25 0.25 0.25 0.2285 0.2285 0.207 0.207 0.1715 0.1715 0.1715 0.188 0.188 0.245 0.245 0.221 0.221 0.215 0.215 0.215 0.2185 0.2185 0.209 0.209 0.2165 0.2165 0.2165 0.215 0.215 0.2235 0.2235 0.2235 0.2235 0.2235 0.202 0.202 0.206 0.206 0.117 0.117 0.117 0.1305
0.241 0.241 0.255 0.255 0.266 0.266 0.2625 0.2625 0.2625 0.2385 0.2385 0.213 0.213 0.2495 0.2495 0.209 0.209 0.209 0.189 0.189 0.1805 0.1805 0.207 0.207 0.207 0.2135 0.2135 0.216 0.216 0.227 0.227 0.227 0.2525 0.2525 0.289 0.289 0.25 0.25 0.25 0.2285 0.2285 0.207 0.207 0.1715 0.1715 0.1715 0.188 0.188 0.245 0.245 0.221 0.221 0.215 0.215 0.215 0.2185 0.2185 0.209 0.209 0.2165 0.2165 0.2165 0.215 0.215 0.2235 0.2235 0.2235 0.2235 0.2235 0.202 0.202 0.206 0.206 0.117 0.117 0.117 0.1305
0.2545 0.2545 0.2475 0.2475 0.2345 0.2345 0.2435 0.2435 0.2435 0.234 0.234 0.207 0.207 0.2015 0.2015 0.1985 0.1985 0.1985 0.1995 0.1995 0.1715 0.1715 0.2065 0.2065 0.2065 0.2245 0.2245 0.214 0.214 0.234 0.234 0.234 0.2345 0.2345 0.2705 0.2705 0.2585 0.2585 0.2585 0.2545 0.2545 0.2345 0.2345 0.187 0.187 0.187 0.1735 0.1735 0.205 0.205 0.213 0.213 0.187 0.187 0.187 0.198 0.198 0.1965 0.1965 0.205 0.205 0.205 0.221 0.221 0.218 0.218 0.2205 0.2205 0.2205 0.219 0.219 0.208 0.208 0.1835 0.1835 0.1835 0.132
0.2545 0.2545 0.2475 0.2475 0.2345 0.2345 0.2435 0.2435 0.2435 0.234 0.234 0.207 0.207 0.2015 0.2015 0.1985 0.1985 0.1985 0.1995 0.1995 0.1715 0.1715 0.2065 0.2065 0.2065 0.2245 0.2245 0.214 0.214 0.234 0.234 0.234 0.2345 0.2345 0.2705 0.2705 0.2585 0.2585 0.2585 0.2545 0.2545 0.2345 0.2345 0.187 0.187 0.187 0.1735 0.1735 0.205 0.205 0.213 0.213 0.187 0.187 0.187 0.198 0.198 0.1965 0.1965 0.205 0.205 0.205 0.221 0.221 0.218 0.218 0.2205 0.2205 0.2205 0.219 0.219 0.208 0.208 0.1835 0.1835 0.1835 0.132
0.305 0.305 0.264 0.264 0.2645 0.2645 0.227 0.227 0.227 0.213 0.213 0.193 0.193 0.1755 0.1755 0.175 0.175 0.175 0.1775 0.1775 0.176 0.176 0.1955 0.1955 0.1955 0.2085 0.2085 0.202 0.202 0.2145 0.2145 0.2145 0.2375 0.2375 0.279 0.279 0.2345 0.2345 0.2345 0.228 0.228 0.244 0.244 0.2365 0.2365 0.2365 0.239 0.239 0.2185 0.2185 0.2215 0.2215 0.231 0.231 0.231 0.2205 0.2205 0.205 0.205 0.2055 0.2055 0.2055 0.2195 0.2195 0.193 0.193 0.19 0.19 0.19 0.1765 0.1765 0.1935 0.1935 0.1825 0.1825 0.1825 0.13
0.305 0.305 0.264 0.264 0.2645 0.2645 0.227 0.227 0.227 0.213 0.213 0.193 0.193 0.1755 0.1755 0.175 0.175 0.175 0.1775 0.1775 0.176 0.176 0.1955 0.1955 0.1955 0.2085 0.2085 0.202 0.202 0.2145 0.2145 0.2145 0.2375 0.2375 0.279 0.279 0.2345 0.2345 0.2345 0.228 0.228 0.244 0.244 0.2365 0.2365 0.2365 0.239 0.239 0.2185 0.2185 0.2215 0.2215 0.231 0.231 0.231 0.2205 0.2205 0.205 0.205 0.2055 0.2055 0.2055 0.2195 0.2195 0.193 0.193 0.19 0.19 0.19 0.1765 0.1765 0.1935 0.1935 0.1825 0.1825 0.1825 0.13
0.305 0.305 0.264 0.264 0.2645 0.2645 0.227 0.227 0.227 0.213 0.213 0.193 0.193 0.1755 0.1755 0.175 0.175 0.175 0.1775 0.1775 0.176 0.176 0.1955 0.1955 0.1955 0.2085 0.2085 0.202 0.202 0.2145 0.2145 0.2145 0.2375 0.2375 0.279 0.279 0.2345 0.2345 0.2345 0.228 0.228 0.244 0.244 0.2365 0.2365 0.2365 0.239 0.239 0.2185 0.2185 0.2215 0.2215 0.231 0.231 0.231 0.2205 0.2205 0.205 0.205 0.2055 0.2055 0.2055 0.2195 0.2195 0.193 0.193 0.19 0.19 0.19 0.1765 0.1765 0.1935 0.1935 0.1825 0.1825 0.1825 0.13
0.258 0.258 0.2485 0.2485 0.2365 0.2365 0.214 0.214 0.214 0.2 0.2 0.193 0.193 0.2105 0.2105 0.2255 0.2255 0.2255 0.185 0.185 0.1835 0.1835 0.201 0.201 0.201 0.213 0.213 0.224 0.224 0.2145 0.2145 0.2145 0.2455 0.2455 0.2355 0.2355 0.209 0.209 0.209 0.2055 0.2055 0.1855 0.1855 0.2405 0.2405 0.2405 0.2545 0.2545 0.242 0.242 0.198 0.198 0.219 0.219 0.219 0.2165 0.2165 0.214 0.214 0.1975 0.1975 0.1975 0.214 0.214 0.212 0.212 0.179 0.179 0.179 0.19 0.19 0.1955 0.1955 0.1725 0.1725 0.1725 0.138
0.258 0.258 0.2485 0.2485 0.2365 0.2365 0.214 0.214 0.214 0.2 0.2 0.193 0.193 0.2105 0.2105 0.2255 0.2255 0.2255 0.185 0.185 0.1835 0.1835 0.201 0.201 0.201 0.213 0.213 0.224 0.224 0.2145 0.2145 0.2145 0.2455 0.2455 0.2355 0.2355 0.209 0.209 0.209 0.2055 0.2055 0.1855 0.1855 0.2405 0.2405 0.2405 0.2545 0.2545 0.242 0.242 0.198 0.198 0.219 0.219 0.219 0.2165 0.2165 0.214 0.214 0.1975 0.1975 0.1975 0.214 0.214 0.212 0.212 0.179 0.179 0.179 0.19 0.19 0.1955 0.1955 0.1725 0.1725 0.1725 0.138
0.24 0.24 0.2365 0.2365 0.214 0.214 0.216 0.216 0.216 0.2275 0.2275 0.2335 0.2335 0.234 0.234 0.2145 0.2145 0.2145 0.208 0.208 0.2065 0.2065 0.2155 0.2155 0.2155 0.2035 0.2035 0.209 0.209 0.2035 0.2035 0.2035 0.2025 0.2025 0.231 0.231 0.21 0.21 0.21 0.2185 0.2185 0.222 0.222 0.1915 0.1915 0.1915 0.191 0.191 0.223 0.223 0.2095 0.2095 0.223 0.223 0.223 0.206 0.206 0.202 0.202 0.2185 0.2185 0.2185 0.227 0.227 0.248 0.248 0.1905 0.1905 0.1905 0.1895 0.1895 0.2035 0.2035 0.164 0.164 0.164 0.146
0.24 0.24 0.2365 0.2365 0.214 0.214 0.216 0.216 0.216 0.2275 0.2275 0.2335 0.2335 0.234 0.234 0.2145 0.2145 0.2145 0.208 0.208 0.2065 0.2065 0.2155 0.2155 0.2155 0.2035 0.2035 0.209 0.209 0.2035 0.2035 0.2035 0.2025 0.2025 0.231 0.231 0.21 0.21 0.21 0.2185 0.2185 0.222 0.222 0.1915 0.1915 0.1915 0.191 0.191 0.223 0.223 0.2095 0.2095 0.223 0.223 0.223 0.206 0.206 0.202 0.202 0.2185 0.2185 0.2185 0.227 0.227 0.248 0.248 0.1905 0.1905 0.1905 0.1895 0.1895 0.2035 0.2035 0.164 0.164 0.164 0.146
0.275 0.275 0.2835 0.2835 0.2795 0.2795 0.266 0.266 0.266 0.2495 0.2495 0.25 0.25 0.2465 0.2465 0.2365 0.2365 0.2365 0.2415 0.2415 0.215 0.215 0.2335 0.2335 0.2335 0.2235 0.2235 0.244 0.244 0.2235 0.2235 0.2235 0.232 0.232 0.239 0.239 0.2335 0.2335 0.2335 0.2345 0.2345 0.2285 0.2285 0.214 0.214 0.214 0.186 0.186 0.21 0.21 0.23 0.23 0.202 0.202 0.202 0.2085 0.2085 0.2235 0.2235 0.227 0.227 0.227 0.2415 0.2415 0.263 0.263 0.189 0.189 0.189 0.2025 0.2025 0.2025 0.2025 0.195 0.195 0.195 0.1755
0.275 0.275 0.2835 0.2835 0.2795 0.2795 0.266 0.266 0.266 0.2495 0.2495 0.25 0.25 0.2465 0.2465 0.2365 0.2365 0.2365 0.2415 0.2415 0.215 0.215 0.2335 0.2335 0.2335 0.2235 0.2235 0.244 0.244 0.2235 0.2235 0.2235 0.232 0.232 0.239 0.239 0.2335 0.2335 0.2335 0.2345 0.2345 0.2285 0.2285 0.214 0.214 0.214 0.186 0.186 0.21 0.21 0.23 0.23 0.202 0.202 0.202 0.2085 0.2085 0.2235 0.2235 0.227 0.227 0.227 0.2415 0.2415 0.263 0.263 0.189 0.189 0.189 0.2025 0.2025 0.2025 0.2025 0.195 0.195 0.195 0.1755
0.275 0.275 0.2835 0.2835 0.2795 0.2795 0.266 0.266 0.266 0.2495 0.2495 0.25 0.25 0.2465 0.2465 0.2365 0.2365 0.2365 0.2415 0.2415 0.215 0.215 0.2335 0.2335 0.2335 0.2235 0.2235 0.244 0.244 0.2235 0.2235 0.2235 0.232 0.232 0.239 0.239 0.2335 0.2335 0.2335 0.2345 0.2345 0.2285 0.2285 0.214 0.214 0.214 0.186 0.186 0.21 0.21 0.23 0.23 0.202 0.202 0.202 0.2085 0.2085 0.2235 0.2235 0.227 0.227 0.227 0.2415 0.2415 0.263 0.263 0.189 0.189 0.189 0.2025 0.2025 0.2025 0.2025 0.195 0.195 0.195 0.1755
0.3065 0.3065 0.284 0.284 0.266 0.266 0.211 0.211 0.211 0.252 0.252 0.266 0.266 0.215 0.215 0.2665 0.2665 0.2665 0.2435 0.2435 0.221 0.221 0.229 0.229 0.229 0.222 0.222 0.204 0.204 0.202 0.202 0.202 0.215 0.215 0.2515 0.2515 0.242 0.242 0.242 0.2335 0.2335 0.246 0.246 0.249 0.249 0.249 0.255 0.255 0.2305 0.2305 0.219 0.219 0.2255 0.2255 0.2255 0.228 0.228 0.2345 0.2345 0.2315 0.2315 0.2315 0.2485 0.2485 0.248 0.248 0.2405 0.2405 0.2405 0.201 0.201 0.2045 0.2045 0.187 0.187 0.187 0.1765
0.3065 0.3065 0.284 0.284 0.266 0.266 0.211 0.211 0.211 0.252 0.252 0.266 0.266 0.215 0.215 0.2665 0.2665 0.2665 0.2435 0.2435 0.221 0.221 0.229 0.229 0.229 0.222 0.222 0.204 0.204 0.202 0.202 0.202 0.215 0.215 0.2515 0.2515 0.242 0.242 0.242 0.2335 0.2335 0.246 0.246 0.249 0.249 0.249 0.255 0.255 0.2305 0.2305 0.219 0.219 0.2255 0.2255 0.2255 0.228 0.228 0.2345 0.2345 0.2315 0.2315 0.2315 0.2485 0.2485 0.248 0.248 0.2405 0.2405 0.2405 0.201 0.201 0.2045 0.2045 0.187 0.187 0.187 0.1765
0.3065 0.3065 0.2635 0.2635 0.224 0.224 0.244 0.244 0.244 0.256 0.256 0.254 0.254 0.2295 0.2295 0.2625 0.2625 0.2625 0.272 0.272 0.285 0.285 0.246 0.246 0.246 0.23 0.23 0.2265 0.2265 0.2205 0.2205 0.2205 0.2335 0.2335 0.2575 0.2575 0.258 0.258 0.258 0.242 0.242 0.2555 0.2555 0.27 0.27 0.27 0.2755 0.2755 0.2655 0.2655 0.2555 0.2555 0.251 0.251 0.251 0.229 0.229 0.212 0.212 0.238 0.238 0.238 0.2405 0.2405 0.2365 0.2365 0.249 0.249 0.249 0.2685 0.2685 0.26 0.26 0.247 0.247 0.247 0.198
0.3065 0.3065 0.2635 0.2635 0.224 0.224 0.244 0.244 0.244 0.256 0.256 0.254 0.254 0.2295 0.2295 0.2625 0.2625 0.2625 0.272 0.272 0.285 0.285 0.246 0.246 0.246 0.23 0.23 0.2265 0.2265 0.2205 0.2205 0.2205 0.2335 0.2335 0.2575 0.2575 0.258 0.258 0.258 0.242 0.242 0.2555 0.2555 0.27 0.27 0.27 0.2755 0.2755 0.2655 0.2655 0.2555 0.2555 0.251 0.251 0.251 0.229 0.229 0.212 0.212 0.238 0.238 0.238 0.2405 0.2405 0.2365 0.2365 0.249 0.249 0.249 0.2685 0.2685 0.26 0.26 0.247 0.247 0.247 0.198
0.2545 0.2545 0.2475 0.2475 0.2465 0.2465 0.245 0.245 0.245 0.246 0.246 0.259 0.259 0.244 0.244 0.2615 0.2615 0.2615 0.255 0.255 0.295 0.295 0.2775 0.2775 0.2775 0.2685 0.2685 0.2545 0.2545 0.257 0.257 0.257 0.2975 0.2975 0.2645 0.2645 0.277 0.277 0.277 0.2525 0.2525 0.2555 0.2555 0.269 0.269 0.269 0.2805 0.2805 0.2605 0.2605 0.257 0.257 0.3015 0.3015 0.3015 0.2575 0.2575 0.232 0.232 0.223 0.223 0.223 0.202 0.202 0.2445 0.2445 0.2565 0.2565 0.2565 0.2695 0.2695 0.257 0.257 0.2505 0.2505 0.2505 0.2255
0.2545 0.2545 0.2475 0.2475 0.2465 0.2465 0.245 0.245 0.245 0.246 0.246 0.259 0.259 0.244 0.244 0.2615 0.2615 0.2615 0.255 0.255 0.295 0.295 0.2775 0.2775 0.2775 0.2685 0.2685 0.2545 0.2545 0.257 0.257 0.257 0.2975 0.2975 0.2645 0.2645 0.277 0.277 0.277 0.2525 0.2525 0.2555 0.2555 0.269 0.269 0.269 0.2805 0.2805 0.2605 0.2605 0.257 0.257 0.3015 0.3015 0.3015 0.2575 0.2575 0.232 0.232 0.223 0.223 0.223 0.202 0.202 0.2445 0.2445 0.2565 0.2565 0.2565 0.2695 0.2695 0.257 0.257 0.2505 0.2505 0.2505 0.2255
0.2545 0.2545 0.2475 0.2475 0.2465 0.2465 0.245 0.245 0.245 0.246 0.246 0.259 0.259 0.244 0.244 0.2615 0.2615 0.2615 0.255 0.255 0.295 0.295 0.2775 0.2775 0.2775 0.2685 0.2685 0.2545 0.2545 0.257 0.257 0.257 0.2975 0.2975 0.2645 0.2645 0.277 0.277 0.277 0.2525 0.2525 0.2555 0.2555 0.269 0.269 0.269 0.2805 0.2805 0.2605 0.2605 0.257 0.257 0.3015 0.3015 0.3015 0.2575 0.2575 0.232 0.232 0.223 0.223 0.223 0.202 0.202 0.2445 0.2445 0.2565 0.2565 0.2565 0.2695 0.2695 0.257 0.257 0.2505 0.2505 0.2505 0.2255
0.2415 0.2415 0.2755 0.2755 0.248 0.248 0.25 0.25 0.25 0.276 0.276 0.262 0.262 0.252 0.252 0.2335 0.2335 0.2335 0.2515 0.2515 0.269 0.269 0.287 0.287 0.287 0.2565 0.2565 0.335 0.335 0.313 0.313 0.313 0.281 0.281 0.2825 0.2825 0.277 0.277 0.277 0.271 0.271 0.2685 0.2685 0.2685 0.2685 0.2685 0.2515 0.2515 0.2565 0.2565 0.2605 0.2605 0.2725 0.2725 0.2725 0.2705 0.2705 0.291 0.291 0.2615 0.2615 0.2615 0.2185 0.2185 0.2125 0.2125 0.266 0.266 0.266 0.2995 0.2995 0.221 0.221 0.2335 0.2335 0.2335 0.2185
0.2415 0.2415 0.2755 0.2755 0.248 0.248 0.25 0.25 0.25 0.276 0.276 0.262 0.262 0.252 0.252 0.2335 0.2335 0.2335 0.2515 0.2515 0.269 0.269 0.287 0.287 0.287 0.2565 0.2565 0.335 0.335 0.313 0.313 0.313 0.281 0.281 0.2825 0.2825 0.277 0.277 0.277 0.271 0.271 0.2685 0.2685 0.2685 0.2685 0.2685 0.2515 0.2515 0.2565 0.2565 0.2605 0.2605 0.2725 0.2725 0.2725 0.2705 0.2705 0.291 0.291 0.2615 0.2615 0.2615 0.2185 0.2185 0.2125 0.2125 0.266 0.266 0.266 0.2995 0.2995 0.221 0.221 0.2335 0.2335 0.2335 0.2185
0.252 0.252 0.244 0.244 0.2665 0.2665 0.277 0.277 0.277 0.28 0.28 0.27 0.27 0.265 0.265 0.261 0.261 0.261 0.2775 0.2775 0.2845 0.2845 0.2655 0.2655 0.2655 0.2795 0.2795 0.352 0.352 0.299 0.299 0.299 0.282 0.282 0.2775 0.2775 0.2775 0.2775 0.2775 0.2795 0.2795 0.2865 0.2865 0.3015 0.3015 0.3015 0.2725 0.2725 0.2855 0.2855 0.2925 0.2925 0.303 0.303 0.303 0.242 0.242 0.261 0.261 0.28 0.28 0.28 0.256 0.256 0.29 0.29 0.2725 0.2725 0.2725 0.2925 0.2925 0.304 0.304 0.298 0.298 0.298 0.2845
0.252 0.252 0.244 0.244 0.2665 0.2665 0.277 0.277 0.277 0.28 0.28 0.27 0.27 0.265 0.265 0.261 0.261 0.261 0.2775 0.2775 0.2845 0.2845 0.2655 0.2655 0.2655 0.2795 0.2795 0.352 0.352 0.299 0.299 0.299 0.282 0.282 0.2775 0.2775 0.2775 0.2775 0.2775 0.2795 0.2795 0.2865 0.2865 0.3015 0.3015 0.3015 0.2725 0.2725 0.2855 0.2855 0.2925 0.2925 0.303 0.303 0.303 0.242 0.242 0.261 0.261 0.28 0.28 0.28 0.256 0.256 0.29 0.29 0.2725 0.2725 0.2725 0.2925 0.2925 0.304 0.304 0.298 0.298 0.298 0.2845
0.251 0.251 0.2645 0.2645 0.2845 0.2845 0.2995 0.2995 0.2995 0.272 0.272 0.268 0.268 0.294 0.294 0.281 0.281 0.281 0.32 0.32 0.321 0.321 0.3125 0.3125 0.3125 0.307 0.307 0.3055 0.3055 0.2925 0.2925 0.2925 0.3005 0.3005 0.3165 0.3165 0.305 0.305 0.305 0.306 0.306 0.312 0.312 0.302 0.302 0.302 0.308 0.308 0.32 0.32 0.2875 0.2875 0.306 0.306 0.306 0.289 0.289 0.2835 0.2835 0.281 0.281 0.281 0.2895 0.2895 0.28 0.28 0.2785 0.2785 0.2785 0.309 0.309 0.3005 0.3005 0.2645 0.2645 0.2645 0.236
