ndvi/NOAA-365.asc
ncols         252
nrows         154
xllcorner     -18.017974
yllcorner     13.481982
cellsize      0.035948
NODATA_value  -9999
[rows 34 to 67 of 154, columns 154 to 230 of 252]
0.1415 0.1435 0.1435 0.129 0.129 0.129 0.124 0.124 0.135 0.135 0.133 0.133 0.12 0.12 0.12 0.1425 0.1425 0.133 0.133 0.127 0.127 0.127 0.1255 0.1255 0.1525 0.1525 0.1475 0.1475 0.1475 0.1515 0.1515 0.1375 0.1375 0.1415 0.1415 0.1415 0.15 0.15 0.1465 0.1465 0.1405 0.1405 0.1405 0.1335 0.1335 0.1205 0.1205 0.13 0.13 0.137 0.137 0.137 0.143 0.143 0.1425 0.1425 0.1355 0.1355 0.1355 0.1275 0.1275 0.128 0.128 0.132 0.132 0.132 0.1295 0.1295 0.126 0.126 0.126 0.126 0.126 0.1195 0.1195 0.1245 0.1245
0.1415 0.1435 0.1435 0.129 0.129 0.129 0.124 0.124 0.135 0.135 0.133 0.133 0.12 0.12 0.12 0.1425 0.1425 0.133 0.133 0.127 0.127 0.127 0.1255 0.1255 0.1525 0.1525 0.1475 0.1475 0.1475 0.1515 0.1515 0.1375 0.1375 0.1415 0.1415 0.1415 0.15 0.15 0.1465 0.1465 0.1405 0.1405 0.1405 0.1335 0.1335 0.1205 0.1205 0.13 0.13 0.137 0.137 0.137 0.143 0.143 0.1425 0.1425 0.1355 0.1355 0.1355 0.1275 0.1275 0.128 0.128 0.132 0.132 0.132 0.1295 0.1295 0.126 0.126 0.126 0.126 0.126 0.1195 0.1195 0.1245 0.1245
0.1415 0.1435 0.1435 0.129 0.129 0.129 0.124 0.124 0.135 0.135 0.133 0.133 0.12 0.12 0.12 0.1425 0.1425 0.133 0.133 0.127 0.127 0.127 0.1255 0.1255 0.1525 0.1525 0.1475 0.1475 0.1475 0.1515 0.1515 0.1375 0.1375 0.1415 0.1415 0.1415 0.15 0.15 0.1465 0.1465 0.1405 0.1405 0.1405 0.1335 0.1335 0.1205 0.1205 0.13 0.13 0.137 0.137 0.137 0.143 0.143 0.1425 0.1425 0.1355 0.1355 0.1355 0.1275 0.1275 0.128 0.128 0.132 0.132 0.132 0.1295 0.1295 0.126 0.126 0.126 0.126 0.126 0.1195 0.1195 0.1245 0.1245
0.158 0.1155 0.1155 0.13 0.13 0.13 0.142 0.142 0.145 0.145 0.1385 0.1385 0.1415 0.1415 0.1415 0.124 0.124 0.1385 0.1385 0.1295 0.1295 0.1295 0.133 0.133 0.137 0.137 0.1515 0.1515 0.1515 0.1425 0.1425 0.141 0.141 0.1415 0.1415 0.1415 0.143 0.143 0.146 0.146 0.142 0.142 0.142 0.132 0.132 0.1215 0.1215 0.1395 0.1395 0.1465 0.1465 0.1465 0.142 0.142 0.1325 0.1325 0.136 0.136 0.136 0.1285 0.1285 0.1305 0.1305 0.127 0.127 0.127 0.1245 0.1245 0.13 0.13 0.138 0.138 0.138 0.137 0.137 0.133 0.133
0.158 0.1155 0.1155 0.13 0.13 0.13 0.142 0.142 0.145 0.145 0.1385 0.1385 0.1415 0.1415 0.1415 0.124 0.124 0.1385 0.1385 0.1295 0.1295 0.1295 0.133 0.133 0.137 0.137 0.1515 0.1515 0.1515 0.1425 0.1425 0.141 0.141 0.1415 0.1415 0.1415 0.143 0.143 0.146 0.146 0.142 0.142 0.142 0.132 0.132 0.1215 0.1215 0.1395 0.1395 0.1465 0.1465 0.1465 0.142 0.142 0.1325 0.1325 0.136 0.136 0.136 0.1285 0.1285 0.1305 0.1305 0.127 0.127 0.127 0.1245 0.1245 0.13 0.13 0.138 0.138 0.138 0.137 0.137 0.133 0.133
0.1315 0.15 0.15 0.1385 0.1385 0.1385 0.135 0.135 0.1445 0.1445 0.1335 0.1335 0.1415 0.1415 0.1415 0.1435 0.1435 0.124 0.124 0.1305 0.1305 0.1305 0.1375 0.1375 0.1435 0.1435 0.1255 0.1255 0.1255 0.151 0.151 0.1355 0.1355 0.1275 0.1275 0.1275 0.1475 0.1475 0.134 0.134 0.135 0.135 0.135 0.1375 0.1375 0.145 0.145 0.152 0.152 0.152 0.152 0.152 0.1445 0.1445 0.151 0.151 0.1485 0.1485 0.1485 0.1495 0.1495 0.148 0.148 0.14 0.14 0.14 0.1295 0.1295 0.1365 0.1365 0.143 0.143 0.143 0.1445 0.1445 0.14 0.14
0.1315 0.15 0.15 0.1385 0.1385 0.1385 0.135 0.135 0.1445 0.1445 0.1335 0.1335 0.1415 0.1415 0.1415 0.1435 0.1435 0.124 0.124 0.1305 0.1305 0.1305 0.1375 0.1375 0.1435 0.1435 0.1255 0.1255 0.1255 0.151 0.151 0.1355 0.1355 0.1275 0.1275 0.1275 0.1475 0.1475 0.134 0.134 0.135 0.135 0.135 0.1375 0.1375 0.145 0.145 0.152 0.152 0.152 0.152 0.152 0.1445 0.1445 0.151 0.151 0.1485 0.1485 0.1485 0.1495 0.1495 0.148 0.148 0.14 0.14 0.14 0.1295 0.1295 0.1365 0.1365 0.143 0.143 0.143 0.1445 0.1445 0.14 0.14
0.159 0.156 0.156 0.149 0.149 0.149 0.1505 0.1505 0.134 0.134 0.1365 0.1365 0.1455 0.1455 0.1455 0.1425 0.1425 0.141 0.141 0.1435 0.1435 0.1435 0.1605 0.1605 0.138 0.138 0.1435 0.1435 0.1435 0.1675 0.1675 0.15 0.15 0.1385 0.1385 0.1385 0.129 0.129 0.131 0.131 0.126 0.126 0.126 0.143 0.143 0.127 0.127 0.151 0.151 0.127 0.127 0.127 0.1395 0.1395 0.142 0.142 0.144 0.144 0.144 0.1345 0.1345 0.1615 0.1615 0.158 0.158 0.158 0.154 0.154 0.1465 0.1465 0.1415 0.1415 0.1415 0.14 0.14 0.142 0.142
0.159 0.156 0.156 0.149 0.149 0.149 0.1505 0.1505 0.134 0.134 0.1365 0.1365 0.1455 0.1455 0.1455 0.1425 0.1425 0.141 0.141 0.1435 0.1435 0.1435 0.1605 0.1605 0.138 0.138 0.1435 0.1435 0.1435 0.1675 0.1675 0.15 0.15 0.1385 0.1385 0.1385 0.129 0.129 0.131 0.131 0.126 0.126 0.126 0.143 0.143 0.127 0.127 0.151 0.151 0.127 0.127 0.127 0.1395 0.1395 0.142 0.142 0.144 0.144 0.144 0.1345 0.1345 0.1615 0.1615 0.158 0.158 0.158 0.154 0.154 0.1465 0.1465 0.1415 0.1415 0.1415 0.14 0.14 0.142 0.142
0.159 0.156 0.156 0.149 0.149 0.149 0.1505 0.1505 0.134 0.134 0.1365 0.1365 0.1455 0.1455 0.1455 0.1425 0.1425 0.141 0.141 0.1435 0.1435 0.1435 0.1605 0.1605 0.138 0.138 0.1435 0.1435 0.1435 0.1675 0.1675 0.15 0.15 0.1385 0.1385 0.1385 0.129 0.129 0.131 0.131 0.126 0.126 0.126 0.143 0.143 0.127 0.127 0.151 0.151 0.127 0.127 0.127 0.1395 0.1395 0.142 0.142 0.144 0.144 0.144 0.1345 0.1345 0.1615 0.1615 0.158 0.158 0.158 0.154 0.154 0.1465 0.1465 0.1415 0.1415 0.1415 0.14 0.14 0.142 0.142
0.1445 0.1445 0.1445 0.1405 0.1405 0.1405 0.149 0.149 0.1175 0.1175 0.13 0.13 0.1535 0.1535 0.1535 0.135 0.135 0.154 0.154 0.1475 0.1475 0.1475 0.1505 0.1505 0.1555 0.1555 0.139 0.139 0.139 0.155 0.155 0.1595 0.1595 0.171 0.171 0.171 0.151 0.151 0.141 0.141 0.141 0.141 0.141 0.132 0.132 0.1495 0.1495 0.1625 0.1625 0.1465 0.1465 0.1465 0.1445 0.1445 0.158 0.158 0.137 0.137 0.137 0.1405 0.1405 0.1535 0.1535 0.1575 0.1575 0.1575 0.145 0.145 0.1395 0.1395 0.14 0.14 0.14 0.146 0.146 0.14 0.14
0.1445 0.1445 0.1445 0.1405 0.1405 0.1405 0.149 0.149 0.1175 0.1175 0.13 0.13 0.1535 0.1535 0.1535 0.135 0.135 0.154 0.154 0.1475 0.1475 0.1475 0.1505 0.1505 0.1555 0.1555 0.139 0.139 0.139 0.155 0.155 0.1595 0.1595 0.171 0.171 0.171 0.151 0.151 0.141 0.141 0.141 0.141 0.141 0.132 0.132 0.1495 0.1495 0.1625 0.1625 0.1465 0.1465 0.1465 0.1445 0.1445 0.158 0.158 0.137 0.137 0.137 0.1405 0.1405 0.1535 0.1535 0.1575 0.1575 0.1575 0.145 0.145 0.1395 0.1395 0.14 0.14 0.14 0.146 0.146 0.14 0.14
0.129 0.1445 0.1445 0.1785 0.1785 0.1785 0.1815 0.1815 0.2115 0.2115 0.2005 0.2005 0.1925 0.1925 0.1925 0.215 0.215 0.2095 0.2095 0.2105 0.2105 0.2105 0.1715 0.1715 0.1455 0.1455 0.1565 0.1565 0.1565 0.156 0.156 0.1625 0.1625 0.1585 0.1585 0.1585 0.1555 0.1555 0.153 0.153 0.1555 0.1555 0.1555 0.161 0.161 0.165 0.165 0.1595 0.1595 0.163 0.163 0.163 0.142 0.142 0.14 0.14 0.1695 0.1695 0.1695 0.152 0.152 0.1575 0.1575 0.1645 0.1645 0.1645 0.163 0.163 0.1455 0.1455 0.1505 0.1505 0.1505 0.157 0.157 0.1505 0.1505
0.129 0.1445 0.1445 0.1785 0.1785 0.1785 0.1815 0.1815 0.2115 0.2115 0.2005 0.2005 0.1925 0.1925 0.1925 0.215 0.215 0.2095 0.2095 0.2105 0.2105 0.2105 0.1715 0.1715 0.1455 0.1455 0.1565 0.1565 0.1565 0.156 0.156 0.1625 0.1625 0.1585 0.1585 0.1585 0.1555 0.1555 0.153 0.153 0.1555 0.1555 0.1555 0.161 0.161 0.165 0.165 0.1595 0.1595 0.163 0.163 0.163 0.142 0.142 0.14 0.14 0.1695 0.1695 0.1695 0.152 0.152 0.1575 0.1575 0.1645 0.1645 0.1645 0.163 0.163 0.1455 0.1455 0.1505 0.1505 0.1505 0.157 0.157 0.1505 0.1505
0.1095 0.107 0.107 0.1785 0.1785 0.1785 0.1985 0.1985 0.2155 0.2155 0.181 0.181 0.1885 0.1885 0.1885 0.1935 0.1935 0.2015 0.2015 0.158 0.158 0.158 0.177 0.177 0.1685 0.1685 0.175 0.175 0.175 0.174 0.174 0.167 0.167 0.165 0.165 0.165 0.1755 0.1755 0.1475 0.1475 0.1585 0.1585 0.1585 0.1535 0.1535 0.1685 0.1685 0.15 0.15 0.1775 0.1775 0.1775 0.148 0.148 0.157 0.157 0.1725 0.1725 0.1725 0.157 0.157 0.1575 0.1575 0.1565 0.1565 0.1565 0.162 0.162 0.16 0.16 0.154 0.154 0.154 0.15 0.15 0.1455 0.1455
0.1095 0.107 0.107 0.1785 0.1785 0.1785 0.1985 0.1985 0.2155 0.2155 0.181 0.181 0.1885 0.1885 0.1885 0.1935 0.1935 0.2015 0.2015 0.158 0.158 0.158 0.177 0.177 0.1685 0.1685 0.175 0.175 0.175 0.174 0.174 0.167 0.167 0.165 0.165 0.165 0.1755 0.1755 0.1475 0.1475 0.1585 0.1585 0.1585 0.1535 0.1535 0.1685 0.1685 0.15 0.15 0.1775 0.1775 0.1775 0.148 0.148 0.157 0.157 0.1725 0.1725 0.1725 0.157 0.157 0.1575 0.1575 0.1565 0.1565 0.1565 0.162 0.162 0.16 0.16 0.154 0.154 0.154 0.15 0.15 0.1455 0.1455
0.1095 0.107 0.107 0.1785 0.1785 0.1785 0.1985 0.1985 0.2155 0.2155 0.181 0.181 0.1885 0.1885 0.1885 0.1935 0.1935 0.2015 0.2015 0.158 0.158 0.158 0.177 0.177 0.1685 0.1685 0.175 0.175 0.175 0.174 0.174 0.167 0.167 0.165 0.165 0.165 0.1755 0.1755 0.1475 0.1475 0.1585 0.1585 0.1585 0.1535 0.1535 0.1685 0.1685 0.15 0.15 0.1775 0.1775 0.1775 0.148 0.148 0.157 0.157 0.1725 0.1725 0.1725 0.157 0.157 0.1575 0.1575 0.1565 0.1565 0.1565 0.162 0.162 0.16 0.16 0.154 0.154 0.154 0.15 0.15 0.1455 0.1455
0.146 0.147 0.147 0.186 0.186 0.186 0.202 0.202 0.2105 0.2105 0.1865 0.1865 0.193 0.193 0.193 0.1805 0.1805 0.169 0.169 0.154 0.154 0.154 0.163 0.163 0.1685 0.1685 0.1735 0.1735 0.1735 0.198 0.198 0.1745 0.1745 0.175 0.175 0.175 0.16 0.16 0.1625 0.1625 0.1685 0.1685 0.1685 0.1485 0.1485 0.1665 0.1665 0.1505 0.1505 0.1475 0.1475 0.1475 0.124 0.124 0.149 0.149 0.1635 0.1635 0.1635 0.186 0.186 0.1545 0.1545 0.1625 0.1625 0.1625 0.1735 0.1735 0.138 0.138 0.1585 0.1585 0.1585 0.15 0.15 0.1475 0.1475
0.146 0.147 0.147 0.186 0.186 0.186 0.202 0.202 0.2105 0.2105 0.1865 0.1865 0.193 0.193 0.193 0.1805 0.1805 0.169 0.169 0.154 0.154 0.154 0.163 0.163 0.1685 0.1685 0.1735 0.1735 0.1735 0.198 0.198 0.1745 0.1745 0.175 0.175 0.175 0.16 0.16 0.1625 0.1625 0.1685 0.1685 0.1685 0.1485 0.1485 0.1665 0.1665 0.1505 0.1505 0.1475 0.1475 0.1475 0.124 0.124 0.149 0.149 0.1635 0.1635 0.1635 0.186 0.186 0.1545 0.1545 0.1625 0.1625 0.1625 0.1735 0.1735 0.138 0.138 0.1585 0.1585 0.1585 0.15 0.15 0.1475 0.1475
0.1425 0.122 0.122 0.202 0.202 0.202 0.227 0.227 0.218 0.218 0.1885 0.1885 0.205 0.205 0.205 0.212 0.212 0.168 0.168 0.156 0.156 0.156 0.1725 0.1725 0.187 0.187 0.226 0.226 0.226 0.205 0.205 0.1885 0.1885 0.192 0.192 0.192 0.1845 0.1845 0.1875 0.1875 0.18 0.18 0.18 0.1615 0.1615 0.178 0.178 0.1705 0.1705 0.1625 0.1625 0.1625 0.1515 0.1515 0.196 0.196 0.203 0.203 0.203 0.179 0.179 0.1765 0.1765 0.1935 0.1935 0.1935 0.1675 0.1675 0.182 0.182 0.182 0.182 0.182 0.187 0.187 0.174 0.174
0.1425 0.122 0.122 0.202 0.202 0.202 0.227 0.227 0.218 0.218 0.1885 0.1885 0.205 0.205 0.205 0.212 0.212 0.168 0.168 0.156 0.156 0.156 0.1725 0.1725 0.187 0.187 0.226 0.226 0.226 0.205 0.205 0.1885 0.1885 0.192 0.192 0.192 0.1845 0.1845 0.1875 0.1875 0.18 0.18 0.18 0.1615 0.1615 0.178 0.178 0.1705 0.1705 0.1625 0.1625 0.1625 0.1515 0.1515 0.196 0.196 0.203 0.203 0.203 0.179 0.179 0.1765 0.1765 0.1935 0.1935 0.1935 0.1675 0.1675 0.182 0.182 0.182 0.182 0.182 0.187 0.187 0.174 0.174
0.152 0.1205 0.1205 0.164 0.164 0.164 0.179 0.179 0.212 0.212 0.2015 0.2015 0.212 0.212 0.212 0.209 0.209 0.18 0.18 0.2 0.2 0.2 0.1985 0.1985 0.21 0.21 0.208 0.208 0.208 0.2025 0.2025 0.1915 0.1915 0.196 0.196 0.196 0.183 0.183 0.1805 0.1805 0.17 0.17 0.17 0.1585 0.1585 0.157 0.157 0.1635 0.1635 0.1865 0.1865 0.1865 0.166 0.166 0.187 0.187 0.1715 0.1715 0.1715 0.177 0.177 0.1785 0.1785 0.185 0.185 0.185 0.1795 0.1795 0.1725 0.1725 0.1735 0.1735 0.1735 0.189 0.189 0.1705 0.1705
0.152 0.1205 0.1205 0.164 0.164 0.164 0.179 0.179 0.212 0.212 0.2015 0.2015 0.212 0.212 0.212 0.209 0.209 0.18 0.18 0.2 0.2 0.2 0.1985 0.1985 0.21 0.21 0.208 0.208 0.208 0.2025 0.2025 0.1915 0.1915 0.196 0.196 0.196 0.183 0.183 0.1805 0.1805 0.17 0.17 0.17 0.1585 0.1585 0.157 0.157 0.1635 0.1635 0.1865 0.1865 0.1865 0.166 0.166 0.187 0.187 0.1715 0.1715 0.1715 0.177 0.177 0.1785 0.1785 0.185 0.185 0.185 0.1795 0.1795 0.1725 0.1725 0.1735 0.1735 0.1735 0.189 0.189 0.1705 0.1705
0.132 0.0865 0.0865 0.1325 0.1325 0.1325 0.203 0.203 0.2015 0.2015 0.1905 0.1905 0.196 0.196 0.196 0.2185 0.2185 0.2025 0.2025 0.203 0.203 0.203 0.2105 0.2105 0.215 0.215 0.201 0.201 0.201 0.2015 0.2015 0.1945 0.1945 0.178 0.178 0.178 0.169 0.169 0.19 0.19 0.1695 0.1695 0.1695 0.165 0.165 0.167 0.167 0.1355 0.1355 0.1595 0.1595 0.1595 0.148 0.148 0.148 0.148 0.1505 0.1505 0.1505 0.156 0.156 0.187 0.187 0.187 0.187 0.187 0.1805 0.1805 0.179 0.179 0.2005 0.2005 0.2005 0.182 0.182 0.1805 0.1805
0.132 0.0865 0.0865 0.1325 0.1325 0.1325 0.203 0.203 0.2015 0.2015 0.1905 0.1905 0.196 0.196 0.196 0.2185 0.2185 0.2025 0.2025 0.203 0.203 0.203 0.2105 0.2105 0.215 0.215 0.201 0.201 0.201 0.2015 0.2015 0.1945 0.1945 0.178 0.178 0.178 0.169 0.169 0.19 0.19 0.1695 0.1695 0.1695 0.165 0.165 0.167 0.167 0.1355 0.1355 0.1595 0.1595 0.1595 0.148 0.148 0.148 0.148 0.1505 0.1505 0.1505 0.156 0.156 0.187 0.187 0.187 0.187 0.187 0.1805 0.1805 0.179 0.179 0.2005 0.2005 0.2005 0.182 0.182 0.1805 0.1805
0.132 0.0865 0.0865 0.1325 0.1325 0.1325 0.203 0.203 0.2015 0.2015 0.1905 0.1905 0.196 0.196 0.196 0.2185 0.2185 0.2025 0.2025 0.203 0.203 0.203 0.2105 0.2105 0.215 0.215 0.201 0.201 0.201 0.2015 0.2015 0.1945 0.1945 0.178 0.178 0.178 0.169 0.169 0.19 0.19 0.1695 0.1695 0.1695 0.165 0.165 0.167 0.167 0.1355 0.1355 0.1595 0.1595 0.1595 0.148 0.148 0.148 0.148 0.1505 0.1505 0.1505 0.156 0.156 0.187 0.187 0.187 0.187 0.187 0.1805 0.1805 0.179 0.179 0.2005 0.2005 0.2005 0.182 0.182 0.1805 0.1805
0.0915 0.1 0.1 0.118 0.118 0.118 0.1355 0.1355 0.183 0.183 0.1895 0.1895 0.1935 0.1935 0.1935 0.196 0.196 0.208 0.208 0.2195 0.2195 0.2195 0.229 0.229 0.226 0.226 0.194 0.194 0.194 0.1705 0.1705 0.175 0.175 0.1855 0.1855 0.1855 0.189 0.189 0.207 0.207 0.195 0.195 0.195 0.1765 0.1765 0.1375 0.1375 0.1365 0.1365 0.144 0.144 0.144 0.147 0.147 0.1255 0.1255 0.133 0.133 0.133 0.1535 0.1535 0.162 0.162 0.1735 0.1735 0.1735 0.1705 0.1705 0.1785 0.1785 0.1855 0.1855 0.1855 0.175 0.175 0.181 0.181
0.0915 0.1 0.1 0.118 0.118 0.118 0.1355 0.1355 0.183 0.183 0.1895 0.1895 0.1935 0.1935 0.1935 0.196 0.196 0.208 0.208 0.2195 0.2195 0.2195 0.229 0.229 0.226 0.226 0.194 0.194 0.194 0.1705 0.1705 0.175 0.175 0.1855 0.1855 0.1855 0.189 0.189 0.207 0.207 0.195 0.195 0.195 0.1765 0.1765 0.1375 0.1375 0.1365 0.1365 0.144 0.144 0.144 0.147 0.147 0.1255 0.1255 0.133 0.133 0.133 0.1535 0.1535 0.162 0.162 0.1735 0.1735 0.1735 0.1705 0.1705 0.1785 0.1785 0.1855 0.1855 0.1855 0.175 0.175 0.181 0.181
0.1335 0.121 0.121 0.12 0.12 0.12 0.1345 0.1345 0.143 0.143 0.1705 0.1705 0.185 0.185 0.185 0.2195 0.2195 0.233 0.233 0.2245 0.2245 0.2245 0.2275 0.2275 0.2075 0.2075 0.1805 0.1805 0.1805 0.185 0.185 0.1835 0.1835 0.1835 0.1835 0.1835 0.19 0.19 0.181 0.181 0.1815 0.1815 0.1815 0.1565 0.1565 0.1555 0.1555 0.143 0.143 0.154 0.154 0.154 0.169 0.169 0.163 0.163 0.162 0.162 0.162 0.162 0.162 0.167 0.167 0.187 0.187 0.187 0.1975 0.1975 0.174 0.174 0.173 0.173 0.173 0.164 0.164 0.179 0.179
0.1335 0.121 0.121 0.12 0.12 0.12 0.1345 0.1345 0.143 0.143 0.1705 0.1705 0.185 0.185 0.185 0.2195 0.2195 0.233 0.233 0.2245 0.2245 0.2245 0.2275 0.2275 0.2075 0.2075 0.1805 0.1805 0.1805 0.185 0.185 0.1835 0.1835 0.1835 0.1835 0.1835 0.19 0.19 0.181 0.181 0.1815 0.1815 0.1815 0.1565 0.1565 0.1555 0.1555 0.143 0.143 0.154 0.154 0.154 0.169 0.169 0.163 0.163 0.162 0.162 0.162 0.162 0.162 0.167 0.167 0.187 0.187 0.187 0.1975 0.1975 0.174 0.174 0.173 0.173 0.173 0.164 0.164 0.179 0.179
0.1315 0.189 0.189 0.12 0.12 0.12 0.119 0.119 0.139 0.139 0.1745 0.1745 0.1945 0.1945 0.1945 0.2145 0.2145 0.2295 0.2295 0.231 0.231 0.231 0.206 0.206 0.213 0.213 0.2005 0.2005 0.2005 0.175 0.175 0.175 0.175 0.1735 0.1735 0.1735 0.1825 0.1825 0.191 0.191 0.1895 0.1895 0.1895 0.1815 0.1815 0.1645 0.1645 0.173 0.173 0.167 0.167 0.167 0.1735 0.1735 0.1975 0.1975 0.199 0.199 0.199 0.1665 0.1665 0.185 0.185 0.1995 0.1995 0.1995 0.1885 0.1885 0.187 0.187 0.171 0.171 0.171 0.1765 0.1765 0.1725 0.1725
0.1315 0.189 0.189 0.12 0.12 0.12 0.119 0.119 0.139 0.139 0.1745 0.1745 0.1945 0.1945 0.1945 0.2145 0.2145 0.2295 0.2295 0.231 0.231 0.231 0.206 0.206 0.213 0.213 0.2005 0.2005 0.2005 0.175 0.175 0.175 0.175 0.1735 0.1735 0.1735 0.1825 0.1825 0.191 0.191 0.1895 0.1895 0.1895 0.1815 0.1815 0.1645 0.1645 0.173 0.173 0.167 0.167 0.167 0.1735 0.1735 0.1975 0.1975 0.199 0.199 0.199 0.1665 0.1665 0.185 0.185 0.1995 0.1995 0.1995 0.1885 0.1885 0.187 0.187 0.171 0.171 0.171 0.1765 0.1765 0.1725 0.1725
0.1315 0.189 0.189 0.12 0.12 0.12 0.119 0.119 0.139 0.139 0.1745 0.1745 0.1945 0.1945 0.1945 0.2145 0.2145 0.2295 0.2295 0.231 0.231 0.231 0.206 0.206 0.213 0.213 0.2005 0.2005 0.2005 0.175 0.175 0.175 0.175 0.1735 0.1735 0.1735 0.1825 0.1825 0.191 0.191 0.1895 0.1895 0.1895 0.1815 0.1815 0.1645 0.1645 0.173 0.173 0.167 0.167 0.167 0.1735 0.1735 0.1975 0.1975 0.199 0.199 0.199 0.1665 0.1665 0.185 0.185 0.1995 0.1995 0.1995 0.1885 0.1885 0.187 0.187 0.171 0.171 0.171 0.1765 0.1765 0.1725 0.1725
0.128 0.1475 0.1475 0.129 0.129 0.129 0.1405 0.1405 0.178 0.178 0.1785 0.1785 0.1825 0.1825 0.1825 0.215 0.215 0.236 0.236 0.236 0.236 0.236 0.205 0.205 0.1965 0.1965 0.187 0.187 0.187 0.18 0.18 0.2005 0.2005 0.2105 0.2105 0.2105 0.1865 0.1865 0.184 0.184 0.1875 0.1875 0.1875 0.1975 0.1975 0.1735 0.1735 0.19 0.19 0.196 0.196 0.196 0.1945 0.1945 0.204 0.204 0.226 0.226 0.226 0.2075 0.2075 0.2025 0.2025 0.2005 0.2005 0.2005 0.2075 0.2075 0.2005 0.2005 0.199 0.199 0.199 0.2 0.2 0.1965 0.1965
