ndvi/NOAA-336.asc
ncols         252
nrows         154
xllcorner     -18.017974
yllcorner     13.481982
cellsize      0.035948
NODATA_value  -9999
[rows 34 to 67 of 154, columns 77 to 153 of 252]
0.1545 0.1545 0.1545 0.1545 0.1505 0.1505 0.1465 0.1465 0.1465 0.1525 0.1525 0.1575 0.1575 0.1585 0.1585 0.1745 0.1745 0.1745 0.168 0.168 0.173 0.173 0.1695 0.1695 0.1695 0.1735 0.1735 0.1675 0.1675 0.1655 0.1655 0.1655 0.1655 0.1655 0.1625 0.1625 0.166 0.166 0.166 0.1675 0.1675 0.1755 0.1755 0.186 0.186 0.186 0.1745 0.1745 0.1695 0.1695 0.1785 0.1785 0.1695 0.1695 0.1695 0.1735 0.1735 0.1675 0.1675 0.167 0.167 0.167 0.176 0.176 0.1725 0.1725 0.1745 0.1745 0.1745 0.154 0.154 0.1485 0.1485 0.105 0.105 0.105 0.1515
0.1545 0.1545 0.1545 0.1545 0.1505 0.1505 0.1465 0.1465 0.1465 0.1525 0.1525 0.1575 0.1575 0.1585 0.1585 0.1745 0.1745 0.1745 0.168 0.168 0.173 0.173 0.1695 0.1695 0.1695 0.1735 0.1735 0.1675 0.1675 0.1655 0.1655 0.1655 0.1655 0.1655 0.1625 0.1625 0.166 0.166 0.166 0.1675 0.1675 0.1755 0.1755 0.186 0.186 0.186 0.1745 0.1745 0.1695 0.1695 0.1785 0.1785 0.1695 0.1695 0.1695 0.1735 0.1735 0.1675 0.1675 0.167 0.167 0.167 0.176 0.176 0.1725 0.1725 0.1745 0.1745 0.1745 0.154 0.154 0.1485 0.1485 0.105 0.105 0.105 0.1515
0.1545 0.1545 0.1545 0.1545 0.1505 0.1505 0.1465 0.1465 0.1465 0.1525 0.1525 0.1575 0.1575 0.1585 0.1585 0.1745 0.1745 0.1745 0.168 0.168 0.173 0.173 0.1695 0.1695 0.1695 0.1735 0.1735 0.1675 0.1675 0.1655 0.1655 0.1655 0.1655 0.1655 0.1625 0.1625 0.166 0.166 0.166 0.1675 0.1675 0.1755 0.1755 0.186 0.186 0.186 0.1745 0.1745 0.1695 0.1695 0.1785 0.1785 0.1695 0.1695 0.1695 0.1735 0.1735 0.1675 0.1675 0.167 0.167 0.167 0.176 0.176 0.1725 0.1725 0.1745 0.1745 0.1745 0.154 0.154 0.1485 0.1485 0.105 0.105 0.105 0.1515
0.1775 0.1775 0.1715 0.1715 0.171 0.171 0.1645 0.1645 0.1645 0.1525 0.1525 0.153 0.153 0.163 0.163 0.16 0.16 0.16 0.1605 0.1605 0.1715 0.1715 0.1615 0.1615 0.1615 0.166 0.166 0.1935 0.1935 0.1875 0.1875 0.1875 0.18 0.18 0.1745 0.1745 0.1675 0.1675 0.1675 0.1705 0.1705 0.1865 0.1865 0.202 0.202 0.202 0.19 0.19 0.1965 0.1965 0.196 0.196 0.196 0.196 0.196 0.189 0.189 0.191 0.191 0.1785 0.1785 0.1785 0.202 0.202 0.17 0.17 0.1755 0.1755 0.1755 0.186 0.186 0.1225 0.1225 0.12 0.12 0.12 0.1225
0.1775 0.1775 0.1715 0.1715 0.171 0.171 0.1645 0.1645 0.1645 0.1525 0.1525 0.153 0.153 0.163 0.163 0.16 0.16 0.16 0.1605 0.1605 0.1715 0.1715 0.1615 0.1615 0.1615 0.166 0.166 0.1935 0.1935 0.1875 0.1875 0.1875 0.18 0.18 0.1745 0.1745 0.1675 0.1675 0.1675 0.1705 0.1705 0.1865 0.1865 0.202 0.202 0.202 0.19 0.19 0.1965 0.1965 0.196 0.196 0.196 0.196 0.196 0.189 0.189 0.191 0.191 0.1785 0.1785 0.1785 0.202 0.202 0.17 0.17 0.1755 0.1755 0.1755 0.186 0.186 0.1225 0.1225 0.12 0.12 0.12 0.1225
0.188 0.188 0.172 0.172 0.1625 0.1625 0.1585 0.1585 0.1585 0.1655 0.1655 0.161 0.161 0.1695 0.1695 0.1555 0.1555 0.1555 0.174 0.174 0.1705 0.1705 0.1745 0.1745 0.1745 0.1705 0.1705 0.18 0.18 0.196 0.196 0.196 0.1985 0.1985 0.1795 0.1795 0.1825 0.1825 0.1825 0.182 0.182 0.2005 0.2005 0.22 0.22 0.22 0.2115 0.2115 0.2145 0.2145 0.206 0.206 0.2775 0.2775 0.2775 0.2525 0.2525 0.262 0.262 0.216 0.216 0.216 0.1765 0.1765 0.201 0.201 0.163 0.163 0.163 0.1565 0.1565 0.12 0.12 0.1365 0.1365 0.1365 0.129
0.188 0.188 0.172 0.172 0.1625 0.1625 0.1585 0.1585 0.1585 0.1655 0.1655 0.161 0.161 0.1695 0.1695 0.1555 0.1555 0.1555 0.174 0.174 0.1705 0.1705 0.1745 0.1745 0.1745 0.1705 0.1705 0.18 0.18 0.196 0.196 0.196 0.1985 0.1985 0.1795 0.1795 0.1825 0.1825 0.1825 0.182 0.182 0.2005 0.2005 0.22 0.22 0.22 0.2115 0.2115 0.2145 0.2145 0.206 0.206 0.2775 0.2775 0.2775 0.2525 0.2525 0.262 0.262 0.216 0.216 0.216 0.1765 0.1765 0.201 0.201 0.163 0.163 0.163 0.1565 0.1565 0.12 0.12 0.1365 0.1365 0.1365 0.129
0.184 0.184 0.1715 0.1715 0.1685 0.1685 0.1695 0.1695 0.1695 0.168 0.168 0.1665 0.1665 0.181 0.181 0.1845 0.1845 0.1845 0.183 0.183 0.178 0.178 0.171 0.171 0.171 0.173 0.173 0.1835 0.1835 0.189 0.189 0.189 0.187 0.187 0.181 0.181 0.196 0.196 0.196 0.2025 0.2025 0.2195 0.2195 0.222 0.222 0.222 0.205 0.205 0.201 0.201 0.189 0.189 0.261 0.261 0.261 0.204 0.204 0.2305 0.2305 0.2185 0.2185 0.2185 0.187 0.187 0.1905 0.1905 0.1505 0.1505 0.1505 0.1485 0.1485 0.1435 0.1435 0.127 0.127 0.127 0.1285
0.184 0.184 0.1715 0.1715 0.1685 0.1685 0.1695 0.1695 0.1695 0.168 0.168 0.1665 0.1665 0.181 0.181 0.1845 0.1845 0.1845 0.183 0.183 0.178 0.178 0.171 0.171 0.171 0.173 0.173 0.1835 0.1835 0.189 0.189 0.189 0.187 0.187 0.181 0.181 0.196 0.196 0.196 0.2025 0.2025 0.2195 0.2195 0.222 0.222 0.222 0.205 0.205 0.201 0.201 0.189 0.189 0.261 0.261 0.261 0.204 0.204 0.2305 0.2305 0.2185 0.2185 0.2185 0.187 0.187 0.1905 0.1905 0.1505 0.1505 0.1505 0.1485 0.1485 0.1435 0.1435 0.127 0.127 0.127 0.1285
0.184 0.184 0.1715 0.1715 0.1685 0.1685 0.1695 0.1695 0.1695 0.168 0.168 0.1665 0.1665 0.181 0.181 0.1845 0.1845 0.1845 0.183 0.183 0.178 0.178 0.171 0.171 0.171 0.173 0.173 0.1835 0.1835 0.189 0.189 0.189 0.187 0.187 0.181 0.181 0.196 0.196 0.196 0.2025 0.2025 0.2195 0.2195 0.222 0.222 0.222 0.205 0.205 0.201 0.201 0.189 0.189 0.261 0.261 0.261 0.204 0.204 0.2305 0.2305 0.2185 0.2185 0.2185 0.187 0.187 0.1905 0.1905 0.1505 0.1505 0.1505 0.1485 0.1485 0.1435 0.1435 0.127 0.127 0.127 0.1285
0.1905 0.1905 0.187 0.187 0.181 0.181 0.183 0.183 0.183 0.177 0.177 0.1745 0.1745 0.1875 0.1875 0.1895 0.1895 0.1895 0.1985 0.1985 0.16 0.16 0.174 0.174 0.174 0.1825 0.1825 0.195 0.195 0.1835 0.1835 0.1835 0.1955 0.1955 0.2035 0.2035 0.213 0.213 0.213 0.223 0.223 0.206 0.206 0.197 0.197 0.197 0.196 0.196 0.2045 0.2045 0.1895 0.1895 0.2055 0.2055 0.2055 0.1995 0.1995 0.199 0.199 0.172 0.172 0.172 0.171 0.171 0.1525 0.1525 0.15 0.15 0.15 0.151 0.151 0.136 0.136 0.12 0.12 0.12 0.138
0.1905 0.1905 0.187 0.187 0.181 0.181 0.183 0.183 0.183 0.177 0.177 0.1745 0.1745 0.1875 0.1875 0.1895 0.1895 0.1895 0.1985 0.1985 0.16 0.16 0.174 0.174 0.174 0.1825 0.1825 0.195 0.195 0.1835 0.1835 0.1835 0.1955 0.1955 0.2035 0.2035 0.213 0.213 0.213 0.223 0.223 0.206 0.206 0.197 0.197 0.197 0.196 0.196 0.2045 0.2045 0.1895 0.1895 0.2055 0.2055 0.2055 0.1995 0.1995 0.199 0.199 0.172 0.172 0.172 0.171 0.171 0.1525 0.1525 0.15 0.15 0.15 0.151 0.151 0.136 0.136 0.12 0.12 0.12 0.138
0.187 0.187 0.1955 0.1955 0.187 0.187 0.193 0.193 0.193 0.1775 0.1775 0.171 0.171 0.1845 0.1845 0.1775 0.1775 0.1775 0.179 0.179 0.171 0.171 0.171 0.171 0.171 0.1905 0.1905 0.194 0.194 0.1985 0.1985 0.1985 0.2315 0.2315 0.238 0.238 0.2105 0.2105 0.2105 0.177 0.177 0.173 0.173 0.175 0.175 0.175 0.1625 0.1625 0.206 0.206 0.2045 0.2045 0.197 0.197 0.197 0.188 0.188 0.212 0.212 0.1925 0.1925 0.1925 0.1755 0.1755 0.1525 0.1525 0.178 0.178 0.178 0.1715 0.1715 0.144 0.144 0.125 0.125 0.125 0.1295
0.187 0.187 0.1955 0.1955 0.187 0.187 0.193 0.193 0.193 0.1775 0.1775 0.171 0.171 0.1845 0.1845 0.1775 0.1775 0.1775 0.179 0.179 0.171 0.171 0.171 0.171 0.171 0.1905 0.1905 0.194 0.194 0.1985 0.1985 0.1985 0.2315 0.2315 0.238 0.238 0.2105 0.2105 0.2105 0.177 0.177 0.173 0.173 0.175 0.175 0.175 0.1625 0.1625 0.206 0.206 0.2045 0.2045 0.197 0.197 0.197 0.188 0.188 0.212 0.212 0.1925 0.1925 0.1925 0.1755 0.1755 0.1525 0.1525 0.178 0.178 0.178 0.1715 0.1715 0.144 0.144 0.125 0.125 0.125 0.1295
0.1975 0.1975 0.1925 0.1925 0.197 0.197 0.1975 0.1975 0.1975 0.194 0.194 0.1715 0.1715 0.2 0.2 0.2115 0.2115 0.2115 0.2155 0.2155 0.217 0.217 0.198 0.198 0.198 0.2075 0.2075 0.214 0.214 0.2705 0.2705 0.2705 0.299 0.299 0.246 0.246 0.1785 0.1785 0.1785 0.185 0.185 0.1725 0.1725 0.1615 0.1615 0.1615 0.1905 0.1905 0.223 0.223 0.2035 0.2035 0.207 0.207 0.207 0.1825 0.1825 0.178 0.178 0.173 0.173 0.173 0.186 0.186 0.1875 0.1875 0.178 0.178 0.178 0.2085 0.2085 0.173 0.173 0.1385 0.1385 0.1385 0.134
0.1975 0.1975 0.1925 0.1925 0.197 0.197 0.1975 0.1975 0.1975 0.194 0.194 0.1715 0.1715 0.2 0.2 0.2115 0.2115 0.2115 0.2155 0.2155 0.217 0.217 0.198 0.198 0.198 0.2075 0.2075 0.214 0.214 0.2705 0.2705 0.2705 0.299 0.299 0.246 0.246 0.1785 0.1785 0.1785 0.185 0.185 0.1725 0.1725 0.1615 0.1615 0.1615 0.1905 0.1905 0.223 0.223 0.2035 0.2035 0.207 0.207 0.207 0.1825 0.1825 0.178 0.178 0.173 0.173 0.173 0.186 0.186 0.1875 0.1875 0.178 0.178 0.178 0.2085 0.2085 0.173 0.173 0.1385 0.1385 0.1385 0.134
0.1975 0.1975 0.1925 0.1925 0.197 0.197 0.1975 0.1975 0.1975 0.194 0.194 0.1715 0.1715 0.2 0.2 0.2115 0.2115 0.2115 0.2155 0.2155 0.217 0.217 0.198 0.198 0.198 0.2075 0.2075 0.214 0.214 0.2705 0.2705 0.2705 0.299 0.299 0.246 0.246 0.1785 0.1785 0.1785 0.185 0.185 0.1725 0.1725 0.1615 0.1615 0.1615 0.1905 0.1905 0.223 0.223 0.2035 0.2035 0.207 0.207 0.207 0.1825 0.1825 0.178 0.178 0.173 0.173 0.173 0.186 0.186 0.1875 0.1875 0.178 0.178 0.178 0.2085 0.2085 0.173 0.173 0.1385 0.1385 0.1385 0.134
0.178 0.178 0.1865 0.1865 0.197 0.197 0.214 0.214 0.214 0.2155 0.2155 0.211 0.211 0.234 0.234 0.23 0.23 0.23 0.2245 0.2245 0.235 0.235 0.2305 0.2305 0.2305 0.2155 0.2155 0.2285 0.2285 0.242 0.242 0.242 0.258 0.258 0.248 0.248 0.2105 0.2105 0.2105 0.1575 0.1575 0.1635 0.1635 0.1575 0.1575 0.1575 0.167 0.167 0.1655 0.1655 0.1975 0.1975 0.1895 0.1895 0.1895 0.186 0.186 0.186 0.186 0.187 0.187 0.187 0.197 0.197 0.189 0.189 0.2145 0.2145 0.2145 0.203 0.203 0.213 0.213 0.191 0.191 0.191 0.134
0.178 0.178 0.1865 0.1865 0.197 0.197 0.214 0.214 0.214 0.2155 0.2155 0.211 0.211 0.234 0.234 0.23 0.23 0.23 0.2245 0.2245 0.235 0.235 0.2305 0.2305 0.2305 0.2155 0.2155 0.2285 0.2285 0.242 0.242 0.242 0.258 0.258 0.248 0.248 0.2105 0.2105 0.2105 0.1575 0.1575 0.1635 0.1635 0.1575 0.1575 0.1575 0.167 0.167 0.1655 0.1655 0.1975 0.1975 0.1895 0.1895 0.1895 0.186 0.186 0.186 0.186 0.187 0.187 0.187 0.197 0.197 0.189 0.189 0.2145 0.2145 0.2145 0.203 0.203 0.213 0.213 0.191 0.191 0.191 0.134
0.198 0.198 0.215 0.215 0.214 0.214 0.206 0.206 0.206 0.2225 0.2225 0.2225 0.2225 0.2125 0.2125 0.2135 0.2135 0.2135 0.218 0.218 0.231 0.231 0.222 0.222 0.222 0.219 0.219 0.203 0.203 0.213 0.213 0.213 0.198 0.198 0.238 0.238 0.2425 0.2425 0.2425 0.2075 0.2075 0.1645 0.1645 0.1615 0.1615 0.1615 0.148 0.148 0.1385 0.1385 0.18 0.18 0.1895 0.1895 0.1895 0.1985 0.1985 0.23 0.23 0.2465 0.2465 0.2465 0.226 0.226 0.24 0.24 0.1995 0.1995 0.1995 0.2185 0.2185 0.2065 0.2065 0.187 0.187 0.187 0.1185
0.198 0.198 0.215 0.215 0.214 0.214 0.206 0.206 0.206 0.2225 0.2225 0.2225 0.2225 0.2125 0.2125 0.2135 0.2135 0.2135 0.218 0.218 0.231 0.231 0.222 0.222 0.222 0.219 0.219 0.203 0.203 0.213 0.213 0.213 0.198 0.198 0.238 0.238 0.2425 0.2425 0.2425 0.2075 0.2075 0.1645 0.1645 0.1615 0.1615 0.1615 0.148 0.148 0.1385 0.1385 0.18 0.18 0.1895 0.1895 0.1895 0.1985 0.1985 0.23 0.23 0.2465 0.2465 0.2465 0.226 0.226 0.24 0.24 0.1995 0.1995 0.1995 0.2185 0.2185 0.2065 0.2065 0.187 0.187 0.187 0.1185
0.254 0.254 0.253 0.253 0.23 0.23 0.2225 0.2225 0.2225 0.234 0.234 0.2315 0.2315 0.2165 0.2165 0.21 0.21 0.21 0.214 0.214 0.224 0.224 0.212 0.212 0.212 0.212 0.212 0.2035 0.2035 0.2215 0.2215 0.2215 0.192 0.192 0.207 0.207 0.2085 0.2085 0.2085 0.1945 0.1945 0.1565 0.1565 0.144 0.144 0.144 0.1425 0.1425 0.1745 0.1745 0.211 0.211 0.197 0.197 0.197 0.2305 0.2305 0.222 0.222 0.229 0.229 0.229 0.2195 0.2195 0.243 0.243 0.2105 0.2105 0.2105 0.1835 0.1835 0.174 0.174 0.1655 0.1655 0.1655 0.122
0.254 0.254 0.253 0.253 0.23 0.23 0.2225 0.2225 0.2225 0.234 0.234 0.2315 0.2315 0.2165 0.2165 0.21 0.21 0.21 0.214 0.214 0.224 0.224 0.212 0.212 0.212 0.212 0.212 0.2035 0.2035 0.2215 0.2215 0.2215 0.192 0.192 0.207 0.207 0.2085 0.2085 0.2085 0.1945 0.1945 0.1565 0.1565 0.144 0.144 0.144 0.1425 0.1425 0.1745 0.1745 0.211 0.211 0.197 0.197 0.197 0.2305 0.2305 0.222 0.222 0.229 0.229 0.229 0.2195 0.2195 0.243 0.243 0.2105 0.2105 0.2105 0.1835 0.1835 0.174 0.174 0.1655 0.1655 0.1655 0.122
0.258 0.258 0.263 0.263 0.264 0.264 0.2395 0.2395 0.2395 0.2445 0.2445 0.2125 0.2125 0.226 0.226 0.2295 0.2295 0.2295 0.2395 0.2395 0.235 0.235 0.2165 0.2165 0.2165 0.23 0.23 0.2235 0.2235 0.2015 0.2015 0.2015 0.1845 0.1845 0.1925 0.1925 0.179 0.179 0.179 0.1905 0.1905 0.1565 0.1565 0.1775 0.1775 0.1775 0.153 0.153 0.151 0.151 0.175 0.175 0.183 0.183 0.183 0.221 0.221 0.2245 0.2245 0.237 0.237 0.237 0.2205 0.2205 0.253 0.253 0.2005 0.2005 0.2005 0.1815 0.1815 0.174 0.174 0.1555 0.1555 0.1555 0.117
0.258 0.258 0.263 0.263 0.264 0.264 0.2395 0.2395 0.2395 0.2445 0.2445 0.2125 0.2125 0.226 0.226 0.2295 0.2295 0.2295 0.2395 0.2395 0.235 0.235 0.2165 0.2165 0.2165 0.23 0.23 0.2235 0.2235 0.2015 0.2015 0.2015 0.1845 0.1845 0.1925 0.1925 0.179 0.179 0.179 0.1905 0.1905 0.1565 0.1565 0.1775 0.1775 0.1775 0.153 0.153 0.151 0.151 0.175 0.175 0.183 0.183 0.183 0.221 0.221 0.2245 0.2245 0.237 0.237 0.237 0.2205 0.2205 0.253 0.253 0.2005 0.2005 0.2005 0.1815 0.1815 0.174 0.174 0.1555 0.1555 0.1555 0.117
0.258 0.258 0.263 0.263 0.264 0.264 0.2395 0.2395 0.2395 0.2445 0.2445 0.2125 0.2125 0.226 0.226 0.2295 0.2295 0.2295 0.2395 0.2395 0.235 0.235 0.2165 0.2165 0.2165 0.23 0.23 0.2235 0.2235 0.2015 0.2015 0.2015 0.1845 0.1845 0.1925 0.1925 0.179 0.179 0.179 0.1905 0.1905 0.1565 0.1565 0.1775 0.1775 0.1775 0.153 0.153 0.151 0.151 0.175 0.175 0.183 0.183 0.183 0.221 0.221 0.2245 0.2245 0.237 0.237 0.237 0.2205 0.2205 0.253 0.253 0.2005 0.2005 0.2005 0.1815 0.1815 0.174 0.174 0.1555 0.1555 0.1555 0.117
0.267 0.267 0.262 0.262 0.275 0.275 0.248 0.248 0.248 0.242 0.242 0.235 0.235 0.236 0.236 0.2555 0.2555 0.2555 0.19 0.19 0.225 0.225 0.242 0.242 0.242 0.229 0.229 0.2305 0.2305 0.241 0.241 0.241 0.219 0.219 0.2525 0.2525 0.199 0.199 0.199 0.162 0.162 0.17 0.17 0.188 0.188 0.188 0.18 0.18 0.1315 0.1315 0.1185 0.1185 0.128 0.128 0.128 0.143 0.143 0.202 0.202 0.228 0.228 0.228 0.234 0.234 0.24 0.24 0.2255 0.2255 0.2255 0.222 0.222 0.21 0.21 0.174 0.174 0.174 0.124
0.267 0.267 0.262 0.262 0.275 0.275 0.248 0.248 0.248 0.242 0.242 0.235 0.235 0.236 0.236 0.2555 0.2555 0.2555 0.19 0.19 0.225 0.225 0.242 0.242 0.242 0.229 0.229 0.2305 0.2305 0.241 0.241 0.241 0.219 0.219 0.2525 0.2525 0.199 0.199 0.199 0.162 0.162 0.17 0.17 0.188 0.188 0.188 0.18 0.18 0.1315 0.1315 0.1185 0.1185 0.128 0.128 0.128 0.143 0.143 0.202 0.202 0.228 0.228 0.228 0.234 0.234 0.24 0.24 0.2255 0.2255 0.2255 0.222 0.222 0.21 0.21 0.174 0.174 0.174 0.124
0.294 0.294 0.287 0.287 0.2655 0.2655 0.2685 0.2685 0.2685 0.35 0.35 0.306 0.306 0.327 0.327 0.24 0.24 0.24 0.205 0.205 0.256 0.256 0.218 0.218 0.218 0.24 0.24 0.255 0.255 0.23 0.23 0.23 0.245 0.245 0.2445 0.2445 0.215 0.215 0.215 0.1915 0.1915 0.1715 0.1715 0.158 0.158 0.158 0.138 0.138 0.1355 0.1355 0.1605 0.1605 0.163 0.163 0.163 0.1695 0.1695 0.2065 0.2065 0.2305 0.2305 0.2305 0.234 0.234 0.229 0.229 0.225 0.225 0.225 0.223 0.223 0.2015 0.2015 0.1605 0.1605 0.1605 0.1335
0.294 0.294 0.287 0.287 0.2655 0.2655 0.2685 0.2685 0.2685 0.35 0.35 0.306 0.306 0.327 0.327 0.24 0.24 0.24 0.205 0.205 0.256 0.256 0.218 0.218 0.218 0.24 0.24 0.255 0.255 0.23 0.23 0.23 0.245 0.245 0.2445 0.2445 0.215 0.215 0.215 0.1915 0.1915 0.1715 0.1715 0.158 0.158 0.158 0.138 0.138 0.1355 0.1355 0.1605 0.1605 0.163 0.163 0.163 0.1695 0.1695 0.2065 0.2065 0.2305 0.2305 0.2305 0.234 0.234 0.229 0.229 0.225 0.225 0.225 0.223 0.223 0.2015 0.2015 0.1605 0.1605 0.1605 0.1335
0.2925 0.2925 0.3125 0.3125 0.258 0.258 0.287 0.287 0.287 0.288 0.288 0.2675 0.2675 0.317 0.317 0.2665 0.2665 0.2665 0.2775 0.2775 0.279 0.279 0.2565 0.2565 0.2565 0.265 0.265 0.223 0.223 0.2235 0.2235 0.2235 0.201 0.201 0.194 0.194 0.202 0.202 0.202 0.2105 0.2105 0.2 0.2 0.187 0.187 0.187 0.1735 0.1735 0.139 0.139 0.1195 0.1195 0.198 0.198 0.198 0.18 0.18 0.2125 0.2125 0.2455 0.2455 0.2455 0.2395 0.2395 0.2155 0.2155 0.2335 0.2335 0.2335 0.257 0.257 0.2105 0.2105 0.185 0.185 0.185 0.1755
0.2925 0.2925 0.3125 0.3125 0.258 0.258 0.287 0.287 0.287 0.288 0.288 0.2675 0.2675 0.317 0.317 0.2665 0.2665 0.2665 0.2775 0.2775 0.279 0.279 0.2565 0.2565 0.2565 0.265 0.265 0.223 0.223 0.2235 0.2235 0.2235 0.201 0.201 0.194 0.194 0.202 0.202 0.202 0.2105 0.2105 0.2 0.2 0.187 0.187 0.187 0.1735 0.1735 0.139 0.139 0.1195 0.1195 0.198 0.198 0.198 0.18 0.18 0.2125 0.2125 0.2455 0.2455 0.2455 0.2395 0.2395 0.2155 0.2155 0.2335 0.2335 0.2335 0.257 0.257 0.2105 0.2105 0.185 0.185 0.185 0.1755
0.2925 0.2925 0.3125 0.3125 0.258 0.258 0.287 0.287 0.287 0.288 0.288 0.2675 0.2675 0.317 0.317 0.2665 0.2665 0.2665 0.2775 0.2775 0.279 0.279 0.2565 0.2565 0.2565 0.265 0.265 0.223 0.223 0.2235 0.2235 0.2235 0.201 0.201 0.194 0.194 0.202 0.202 0.202 0.2105 0.2105 0.2 0.2 0.187 0.187 0.187 0.1735 0.1735 0.139 0.139 0.1195 0.1195 0.198 0.198 0.198 0.18 0.18 0.2125 0.2125 0.2455 0.2455 0.2455 0.2395 0.2395 0.2155 0.2155 0.2335 0.2335 0.2335 0.257 0.257 0.2105 0.2105 0.185 0.185 0.185 0.1755
0.27 0.27 0.286 0.286 0.2585 0.2585 0.2475 0.2475 0.2475 0.2385 0.2385 0.2385 0.2385 0.2695 0.2695 0.2975 0.2975 0.2975 0.2535 0.2535 0.293 0.293 0.319 0.319 0.319 0.271 0.271 0.255 0.255 0.2125 0.2125 0.2125 0.1965 0.1965 0.2015 0.2015 0.2055 0.2055 0.2055 0.216 0.216 0.239 0.239 0.1705 0.1705 0.1705 0.165 0.165 0.1795 0.1795 0.185 0.185 0.2035 0.2035 0.2035 0.1905 0.1905 0.233 0.233 0.2405 0.2405 0.2405 0.25 0.25 0.238 0.238 0.281 0.281 0.281 0.2465 0.2465 0.2065 0.2065 0.175 0.175 0.175 0.163
