ndvi/NOAA-33.asc
ncols         252
nrows         154
xllcorner     -18.017974
yllcorner     13.481982
cellsize      0.035948
NODATA_value  -9999
[rows 102 to 135 of 154, columns 0 to 76 of 252]
-1 -1 -1 -1 -1 -1 -1 -1 -1 -1 -1 -1 -1 -1 -1 -1 -1 -1 -1 -1 -1 -1 -1 -1 -1 0.011 0.011 0.011 0.082 0.082 0.284 0.284 0.2785 0.2785 0.2785 0.2585 0.2585 0.2665 0.2665 0.263 0.263 0.263 0.2705 0.2705 0.268 0.268 0.269 0.269 0.269 0.282 0.282 0.284 0.284 0.2815 0.2815 0.3791 0.3791 0.3791 0.3611 0.3611 0.3736 0.3736 0.3736 0.3736 0.3736 0.4202 0.4202 0.2835 0.2835 0.3371 0.3371 0.3371 0.4157 0.4157 0.267 0.267 0.232
-1 -1 -1 -1 -1 -1 -1 -1 -1 -1 -1 -1 -1 -1 -1 -1 -1 -1 -1 -1 -1 -1 -1 0.0662 0.0662 0.1621 0.1621 0.1621 0.299 0.299 0.2665 0.2665 0.273 0.273 0.273 0.285 0.285 0.308 0.308 0.3 0.3 0.3 0.2905 0.2905 0.258 0.258 0.2815 0.2815 0.2815 0.2855 0.2855 0.3421 0.3421 0.28 0.28 0.3466 0.3466 0.3466 0.3376 0.3376 0.3471 0.3471 0.3471 0.3471 0.3471 0.286 0.286 0.2876 0.2876 0.3252 0.3252 0.3252 0.2825 0.2825 0.26 0.26 0.26
-1 -1 -1 -1 -1 -1 -1 -1 -1 -1 -1 -1 -1 -1 -1 -1 -1 -1 -1 -1 -1 -1 -1 0.0662 0.0662 0.1621 0.1621 0.1621 0.299 0.299 0.2665 0.2665 0.273 0.273 0.273 0.285 0.285 0.308 0.308 0.3 0.3 0.3 0.2905 0.2905 0.258 0.258 0.2815 0.2815 0.2815 0.2855 0.2855 0.3421 0.3421 0.28 0.28 0.3466 0.3466 0.3466 0.3376 0.3376 0.3471 0.3471 0.3471 0.3471 0.3471 0.286 0.286 0.2876 0.2876 0.3252 0.3252 0.3252 0.2825 0.2825 0.26 0.26 0.26
-1 -1 -1 -1 -1 -1 -1 -1 -1 -1 -1 -1 -1 -1 -1 -1 -1 -1 -1 -1 -1 -1 -1 0.0662 0.0662 0.1621 0.1621 0.1621 0.299 0.299 0.2665 0.2665 0.273 0.273 0.273 0.285 0.285 0.308 0.308 0.3 0.3 0.3 0.2905 0.2905 0.258 0.258 0.2815 0.2815 0.2815 0.2855 0.2855 0.3421 0.3421 0.28 0.28 0.3466 0.3466 0.3466 0.3376 0.3376 0.3471 0.3471 0.3471 0.3471 0.3471 0.286 0.286 0.2876 0.2876 0.3252 0.3252 0.3252 0.2825 0.2825 0.26 0.26 0.26
-1 -1 -1 -1 -1 -1 -1 -1 -1 -1 -1 -1 -1 -1 -1 -1 -1 -1 -1 -1 -1 0.0442 0.0442 0.107 0.107 0.2565 0.2565 0.2565 0.2545 0.2545 0.265 0.265 0.3 0.3 0.3 0.327 0.327 0.3415 0.3415 0.3315 0.3315 0.3315 0.2915 0.2915 0.2825 0.2825 0.287 0.287 0.287 0.3045 0.3045 0.281 0.281 0.2795 0.2795 0.3215 0.3215 0.3215 0.339 0.339 0.3325 0.3325 0.3325 0.3325 0.3325 0.3411 0.3411 0.3265 0.3265 0.3646 0.3646 0.3646 0.2985 0.2985 0.4367 0.4367 0.2815
-1 -1 -1 -1 -1 -1 -1 -1 -1 -1 -1 -1 -1 -1 -1 -1 -1 -1 -1 -1 -1 0.0442 0.0442 0.107 0.107 0.2565 0.2565 0.2565 0.2545 0.2545 0.265 0.265 0.3 0.3 0.3 0.327 0.327 0.3415 0.3415 0.3315 0.3315 0.3315 0.2915 0.2915 0.2825 0.2825 0.287 0.287 0.287 0.3045 0.3045 0.281 0.281 0.2795 0.2795 0.3215 0.3215 0.3215 0.339 0.339 0.3325 0.3325 0.3325 0.3325 0.3325 0.3411 0.3411 0.3265 0.3265 0.3646 0.3646 0.3646 0.2985 0.2985 0.4367 0.4367 0.2815
-1 -1 -1 -1 -1 -1 -1 -1 -1 -1 -1 -1 -1 -1 -1 -1 -1 -1 -1 -1 -1 0.1191 0.1191 0.3065 0.3065 0.3255 0.3255 0.3255 0.3015 0.3015 0.2925 0.2925 0.2865 0.2865 0.2865 0.33 0.33 0.3345 0.3345 0.343 0.343 0.343 0.3425 0.3425 0.3025 0.3025 0.332 0.332 0.332 0.3175 0.3175 0.3165 0.3165 0.3095 0.3095 0.3125 0.3125 0.3125 0.3345 0.3345 0.3295 0.3295 0.3295 0.3295 0.3295 0.3671 0.3671 0.3826 0.3826 0.3696 0.3696 0.3696 0.311 0.311 0.3286 0.3286 0.2785
-1 -1 -1 -1 -1 -1 -1 -1 -1 -1 -1 -1 -1 -1 -1 -1 -1 -1 -1 -1 -1 0.1191 0.1191 0.3065 0.3065 0.3255 0.3255 0.3255 0.3015 0.3015 0.2925 0.2925 0.2865 0.2865 0.2865 0.33 0.33 0.3345 0.3345 0.343 0.343 0.343 0.3425 0.3425 0.3025 0.3025 0.332 0.332 0.332 0.3175 0.3175 0.3165 0.3165 0.3095 0.3095 0.3125 0.3125 0.3125 0.3345 0.3345 0.3295 0.3295 0.3295 0.3295 0.3295 0.3671 0.3671 0.3826 0.3826 0.3696 0.3696 0.3696 0.311 0.311 0.3286 0.3286 0.2785
-1 -1 -1 -1 -1 -1 -1 -1 -1 -1 -1 -1 -1 -1 -1 -1 -1 -1 0.2172 0.2172 0.2172 0.2975 0.2975 0.3165 0.3165 0.334 0.334 0.334 0.32 0.32 0.3275 0.3275 0.3085 0.3085 0.3085 0.331 0.331 0.336 0.336 0.3755 0.3755 0.3755 0.3755 0.3755 0.336 0.336 0.3375 0.3375 0.3375 0.3325 0.3325 0.3005 0.3005 0.305 0.305 0.311 0.311 0.311 0.3395 0.3395 0.363 0.363 0.363 0.363 0.363 0.3275 0.3275 0.3906 0.3906 0.3411 0.3411 0.3411 0.3481 0.3481 0.2945 0.2945 0.292
-1 -1 -1 -1 -1 -1 -1 -1 -1 -1 -1 -1 -1 -1 -1 -1 -1 -1 0.2172 0.2172 0.2172 0.2975 0.2975 0.3165 0.3165 0.334 0.334 0.334 0.32 0.32 0.3275 0.3275 0.3085 0.3085 0.3085 0.331 0.331 0.336 0.336 0.3755 0.3755 0.3755 0.3755 0.3755 0.336 0.336 0.3375 0.3375 0.3375 0.3325 0.3325 0.3005 0.3005 0.305 0.305 0.311 0.311 0.311 0.3395 0.3395 0.363 0.363 0.363 0.363 0.363 0.3275 0.3275 0.3906 0.3906 0.3411 0.3411 0.3411 0.3481 0.3481 0.2945 0.2945 0.292
-1 -1 -1 -1 -1 -1 -1 -1 -1 -1 -1 -1 -1 -1 -1 -1 -1 -1 0.2172 0.2172 0.2172 0.2975 0.2975 0.3165 0.3165 0.334 0.334 0.334 0.32 0.32 0.3275 0.3275 0.3085 0.3085 0.3085 0.331 0.331 0.336 0.336 0.3755 0.3755 0.3755 0.3755 0.3755 0.336 0.336 0.3375 0.3375 0.3375 0.3325 0.3325 0.3005 0.3005 0.305 0.305 0.311 0.311 0.311 0.3395 0.3395 0.363 0.363 0.363 0.363 0.363 0.3275 0.3275 0.3906 0.3906 0.3411 0.3411 0.3411 0.3481 0.3481 0.2945 0.2945 0.292
-1 -1 -1 -1 -1 -1 -1 -1 -1 -1 -1 -1 -1 -1 -1 -1 0.2357 0.2357 0.3485 0.3485 0.3485 0.3385 0.3385 0.3625 0.3625 0.3405 0.3405 0.3405 0.3345 0.3345 0.383 0.383 0.361 0.361 0.361 0.3505 0.3505 0.336 0.336 0.3635 0.3635 0.3635 0.4105 0.4105 0.3265 0.3265 0.3265 0.3265 0.3265 0.3515 0.3515 0.3265 0.3265 0.352 0.352 0.3755 0.3755 0.3755 0.3705 0.3705 0.336 0.336 0.336 0.336 0.336 0.311 0.311 0.301 0.301 0.301 0.301 0.301 0.296 0.296 0.3206 0.3206 0.348
-1 -1 -1 -1 -1 -1 -1 -1 -1 -1 -1 -1 -1 -1 -1 -1 0.2357 0.2357 0.3485 0.3485 0.3485 0.3385 0.3385 0.3625 0.3625 0.3405 0.3405 0.3405 0.3345 0.3345 0.383 0.383 0.361 0.361 0.361 0.3505 0.3505 0.336 0.336 0.3635 0.3635 0.3635 0.4105 0.4105 0.3265 0.3265 0.3265 0.3265 0.3265 0.3515 0.3515 0.3265 0.3265 0.352 0.352 0.3755 0.3755 0.3755 0.3705 0.3705 0.336 0.336 0.336 0.336 0.336 0.311 0.311 0.301 0.301 0.301 0.301 0.301 0.296 0.296 0.3206 0.3206 0.348
-1 -1 -1 -1 -1 -1 -1 -1 -1 -1 -1 -1 0.1492 0.1492 0.2046 0.2046 0.1645 0.1645 0.399 0.399 0.399 0.38 0.38 0.3815 0.3815 0.34 0.34 0.34 0.3565 0.3565 0.364 0.364 0.3565 0.3565 0.3565 0.3435 0.3435 0.3445 0.3445 0.356 0.356 0.356 0.3335 0.3335 0.3415 0.3415 0.33 0.33 0.33 0.341 0.341 0.3675 0.3675 0.3335 0.3335 0.326 0.326 0.326 0.3585 0.3585 0.376 0.376 0.376 0.376 0.376 0.3705 0.3705 0.344 0.344 0.3605 0.3605 0.3605 0.3175 0.3175 0.301 0.301 0.325
-1 -1 -1 -1 -1 -1 -1 -1 -1 -1 -1 -1 0.1492 0.1492 0.2046 0.2046 0.1645 0.1645 0.399 0.399 0.399 0.38 0.38 0.3815 0.3815 0.34 0.34 0.34 0.3565 0.3565 0.364 0.364 0.3565 0.3565 0.3565 0.3435 0.3435 0.3445 0.3445 0.356 0.356 0.356 0.3335 0.3335 0.3415 0.3415 0.33 0.33 0.33 0.341 0.341 0.3675 0.3675 0.3335 0.3335 0.326 0.326 0.326 0.3585 0.3585 0.376 0.376 0.376 0.376 0.376 0.3705 0.3705 0.344 0.344 0.3605 0.3605 0.3605 0.3175 0.3175 0.301 0.301 0.325
-1 -1 -1 -1 -1 -1 -1 -1 -1 0.083 0.083 0.083 0.144 0.144 0.0967 0.0967 0.1025 0.1025 0.116 0.116 0.116 0.3435 0.3435 0.362 0.362 0.349 0.349 0.349 0.3595 0.3595 0.3585 0.3585 0.3425 0.3425 0.3425 0.32 0.32 0.343 0.343 0.3495 0.3495 0.3495 0.347 0.347 0.33 0.33 0.3445 0.3445 0.3445 0.3735 0.3735 0.3695 0.3695 0.3675 0.3675 0.367 0.367 0.367 0.389 0.389 0.428 0.428 0.428 0.428 0.428 0.3865 0.3865 0.3435 0.3435 0.361 0.361 0.361 0.3655 0.3655 0.3235 0.3235 0.3721
-1 -1 -1 -1 -1 -1 -1 -1 -1 0.083 0.083 0.083 0.144 0.144 0.0967 0.0967 0.1025 0.1025 0.116 0.116 0.116 0.3435 0.3435 0.362 0.362 0.349 0.349 0.349 0.3595 0.3595 0.3585 0.3585 0.3425 0.3425 0.3425 0.32 0.32 0.343 0.343 0.3495 0.3495 0.3495 0.347 0.347 0.33 0.33 0.3445 0.3445 0.3445 0.3735 0.3735 0.3695 0.3695 0.3675 0.3675 0.367 0.367 0.367 0.389 0.389 0.428 0.428 0.428 0.428 0.428 0.3865 0.3865 0.3435 0.3435 0.361 0.361 0.361 0.3655 0.3655 0.3235 0.3235 0.3721
-1 -1 -1 -1 -1 -1 -1 -1 -1 0.083 0.083 0.083 0.144 0.144 0.0967 0.0967 0.1025 0.1025 0.116 0.116 0.116 0.3435 0.3435 0.362 0.362 0.349 0.349 0.349 0.3595 0.3595 0.3585 0.3585 0.3425 0.3425 0.3425 0.32 0.32 0.343 0.343 0.3495 0.3495 0.3495 0.347 0.347 0.33 0.33 0.3445 0.3445 0.3445 0.3735 0.3735 0.3695 0.3695 0.3675 0.3675 0.367 0.367 0.367 0.389 0.389 0.428 0.428 0.428 0.428 0.428 0.3865 0.3865 0.3435 0.3435 0.361 0.361 0.361 0.3655 0.3655 0.3235 0.3235 0.3721
-1 -1 -1 -1 -1 -1 -1 -1 -1 -1 -1 -1 0.0757 0.0757 0.0316 0.0316 0.0602 0.0602 0.088 0.088 0.088 0.253 0.253 0.3901 0.3901 0.36 0.36 0.36 0.3565 0.3565 0.347 0.347 0.4085 0.4085 0.4085 0.3795 0.3795 0.3455 0.3455 0.334 0.334 0.334 0.334 0.334 0.3675 0.3675 0.3995 0.3995 0.3995 0.358 0.358 0.3785 0.3785 0.3775 0.3775 0.3735 0.3735 0.3735 0.3985 0.3985 0.4175 0.4175 0.4175 0.4175 0.4175 0.3735 0.3735 0.386 0.386 0.422 0.422 0.422 0.3345 0.3345 0.37 0.37 0.3985
-1 -1 -1 -1 -1 -1 -1 -1 -1 -1 -1 -1 0.0757 0.0757 0.0316 0.0316 0.0602 0.0602 0.088 0.088 0.088 0.253 0.253 0.3901 0.3901 0.36 0.36 0.36 0.3565 0.3565 0.347 0.347 0.4085 0.4085 0.4085 0.3795 0.3795 0.3455 0.3455 0.334 0.334 0.334 0.334 0.334 0.3675 0.3675 0.3995 0.3995 0.3995 0.358 0.358 0.3785 0.3785 0.3775 0.3775 0.3735 0.3735 0.3735 0.3985 0.3985 0.4175 0.4175 0.4175 0.4175 0.4175 0.3735 0.3735 0.386 0.386 0.422 0.422 0.422 0.3345 0.3345 0.37 0.37 0.3985
-1 -1 -1 -1 -1 -1 -1 -1 -1 -1 -1 -1 -1 -1 -1 -1 -1 -1 0.0195 0.0195 0.0195 0.1976 0.1976 0.309 0.309 0.37 0.37 0.37 0.427 0.427 0.3785 0.3785 0.386 0.386 0.386 0.3745 0.3745 0.3495 0.3495 0.3515 0.3515 0.3515 0.374 0.374 0.3905 0.3905 0.3785 0.3785 0.3785 0.3295 0.3295 0.3595 0.3595 0.3815 0.3815 0.407 0.407 0.407 0.378 0.378 0.3815 0.3815 0.3815 0.3815 0.3815 0.41 0.41 0.402 0.402 0.429 0.429 0.429 0.4045 0.4045 0.3925 0.3925 0.36
-1 -1 -1 -1 -1 -1 -1 -1 -1 -1 -1 -1 -1 -1 -1 -1 -1 -1 0.0195 0.0195 0.0195 0.1976 0.1976 0.309 0.309 0.37 0.37 0.37 0.427 0.427 0.3785 0.3785 0.386 0.386 0.386 0.3745 0.3745 0.3495 0.3495 0.3515 0.3515 0.3515 0.374 0.374 0.3905 0.3905 0.3785 0.3785 0.3785 0.3295 0.3295 0.3595 0.3595 0.3815 0.3815 0.407 0.407 0.407 0.378 0.378 0.3815 0.3815 0.3815 0.3815 0.3815 0.41 0.41 0.402 0.402 0.429 0.429 0.429 0.4045 0.4045 0.3925 0.3925 0.36
-1 -1 -1 -1 -1 -1 -1 -1 -1 -1 -1 -1 -1 -1 -1 -1 -1 -1 -1 -1 -1 0.095 0.095 0.2315 0.2315 0.346 0.346 0.346 0.406 0.406 0.4855 0.4855 0.4105 0.4105 0.4105 0.385 0.385 0.3955 0.3955 0.354 0.354 0.354 0.361 0.361 0.3555 0.3555 0.3805 0.3805 0.3805 0.4655 0.4655 0.3825 0.3825 0.395 0.395 0.3725 0.3725 0.3725 0.3905 0.3905 0.4225 0.4225 0.4225 0.4225 0.4225 0.3935 0.3935 0.4415 0.4415 0.393 0.393 0.393 0.3665 0.3665 0.389 0.389 0.37
-1 -1 -1 -1 -1 -1 -1 -1 -1 -1 -1 -1 -1 -1 -1 -1 -1 -1 -1 -1 -1 0.095 0.095 0.2315 0.2315 0.346 0.346 0.346 0.406 0.406 0.4855 0.4855 0.4105 0.4105 0.4105 0.385 0.385 0.3955 0.3955 0.354 0.354 0.354 0.361 0.361 0.3555 0.3555 0.3805 0.3805 0.3805 0.4655 0.4655 0.3825 0.3825 0.395 0.395 0.3725 0.3725 0.3725 0.3905 0.3905 0.4225 0.4225 0.4225 0.4225 0.4225 0.3935 0.3935 0.4415 0.4415 0.393 0.393 0.393 0.3665 0.3665 0.389 0.389 0.37
-1 -1 -1 -1 -1 -1 -1 -1 -1 -1 -1 -1 -1 -1 -1 -1 -1 -1 -1 -1 -1 0.0922 0.0922 0.2237 0.2237 0.2795 0.2795 0.2795 0.4645 0.4645 0.481 0.481 0.4375 0.4375 0.4375 0.446 0.446 0.3565 0.3565 0.322 0.322 0.322 0.364 0.364 0.358 0.358 0.4695 0.4695 0.4695 0.4525 0.4525 0.4645 0.4645 0.477 0.477 0.4275 0.4275 0.4275 0.3965 0.3965 0.382 0.382 0.382 0.382 0.382 0.3755 0.3755 0.416 0.416 0.3845 0.3845 0.3845 0.3665 0.3665 0.339 0.339 0.357
-1 -1 -1 -1 -1 -1 -1 -1 -1 -1 -1 -1 -1 -1 -1 -1 -1 -1 -1 -1 -1 0.0922 0.0922 0.2237 0.2237 0.2795 0.2795 0.2795 0.4645 0.4645 0.481 0.481 0.4375 0.4375 0.4375 0.446 0.446 0.3565 0.3565 0.322 0.322 0.322 0.364 0.364 0.358 0.358 0.4695 0.4695 0.4695 0.4525 0.4525 0.4645 0.4645 0.477 0.477 0.4275 0.4275 0.4275 0.3965 0.3965 0.382 0.382 0.382 0.382 0.382 0.3755 0.3755 0.416 0.416 0.3845 0.3845 0.3845 0.3665 0.3665 0.339 0.339 0.357
-1 -1 -1 -1 -1 -1 -1 -1 -1 -1 -1 -1 -1 -1 -1 -1 -1 -1 -1 -1 -1 0.0922 0.0922 0.2237 0.2237 0.2795 0.2795 0.2795 0.4645 0.4645 0.481 0.481 0.4375 0.4375 0.4375 0.446 0.446 0.3565 0.3565 0.322 0.322 0.322 0.364 0.364 0.358 0.358 0.4695 0.4695 0.4695 0.4525 0.4525 0.4645 0.4645 0.477 0.477 0.4275 0.4275 0.4275 0.3965 0.3965 0.382 0.382 0.382 0.382 0.382 0.3755 0.3755 0.416 0.416 0.3845 0.3845 0.3845 0.3665 0.3665 0.339 0.339 0.357
-1 -1 -1 -1 -1 -1 -1 -1 -1 -1 -1 -1 -1 -1 -1 -1 -1 -1 -1 -1 -1 -1 -1 0.0806 0.0806 0.096 0.096 0.096 0.313 0.313 0.448 0.448 0.439 0.439 0.439 0.403 0.403 0.2345 0.2345 0.233 0.233 0.233 0.2785 0.2785 0.3465 0.3465 0.394 0.394 0.394 0.431 0.431 0.475 0.475 0.4605 0.4605 0.402 0.402 0.402 0.4185 0.4185 0.403 0.403 0.403 0.403 0.403 0.3425 0.3425 0.375 0.375 0.397 0.397 0.397 0.36 0.36 0.3355 0.3355 0.355
-1 -1 -1 -1 -1 -1 -1 -1 -1 -1 -1 -1 -1 -1 -1 -1 -1 -1 -1 -1 -1 -1 -1 0.0806 0.0806 0.096 0.096 0.096 0.313 0.313 0.448 0.448 0.439 0.439 0.439 0.403 0.403 0.2345 0.2345 0.233 0.233 0.233 0.2785 0.2785 0.3465 0.3465 0.394 0.394 0.394 0.431 0.431 0.475 0.475 0.4605 0.4605 0.402 0.402 0.402 0.4185 0.4185 0.403 0.403 0.403 0.403 0.403 0.3425 0.3425 0.375 0.375 0.397 0.397 0.397 0.36 0.36 0.3355 0.3355 0.355
-1 -1 -1 -1 -1 -1 -1 -1 -1 -1 -1 -1 -1 -1 -1 -1 -1 -1 -1 -1 -1 -1 -1 -1 -1 0.1863 0.1863 0.1863 0.234 0.234 0.334 0.334 0.3455 0.3455 0.3455 0.257 0.257 0.175 0.175 0.12 0.12 0.12 0.254 0.254 0.305 0.305 0.4541 0.4541 0.4541 0.361 0.361 0.4225 0.4225 0.4415 0.4415 0.43 0.43 0.43 0.411 0.411 0.3955 0.3955 0.3955 0.3955 0.3955 0.3495 0.3495 0.376 0.376 0.417 0.417 0.417 0.366 0.366 0.3685 0.3685 0.39
-1 -1 -1 -1 -1 -1 -1 -1 -1 -1 -1 -1 -1 -1 -1 -1 -1 -1 -1 -1 -1 -1 -1 -1 -1 0.1863 0.1863 0.1863 0.234 0.234 0.334 0.334 0.3455 0.3455 0.3455 0.257 0.257 0.175 0.175 0.12 0.12 0.12 0.254 0.254 0.305 0.305 0.4541 0.4541 0.4541 0.361 0.361 0.4225 0.4225 0.4415 0.4415 0.43 0.43 0.43 0.411 0.411 0.3955 0.3955 0.3955 0.3955 0.3955 0.3495 0.3495 0.376 0.376 0.417 0.417 0.417 0.366 0.366 0.3685 0.3685 0.39
-1 -1 -1 -1 -1 -1 -1 -1 -1 -1 -1 -1 -1 -1 -1 -1 -1 -1 -1 -1 -1 -1 -1 -1 -1 0.0742 0.0742 0.0742 0.1605 0.1605 0.3135 0.3135 0.3305 0.3305 0.3305 0.368 0.368 0.1601 0.1601 0.3335 0.3335 0.3335 0.5742 0.5742 0.384 0.384 0.469 0.469 0.469 0.3255 0.3255 0.372 0.372 0.3785 0.3785 0.395 0.395 0.395 0.3955 0.3955 0.3735 0.3735 0.3735 0.3735 0.3735 0.3575 0.3575 0.349 0.349 0.3785 0.3785 0.3785 0.395 0.395 0.343 0.343 0.3545
-1 -1 -1 -1 -1 -1 -1 -1 -1 -1 -1 -1 -1 -1 -1 -1 -1 -1 -1 -1 -1 -1 -1 -1 -1 0.0742 0.0742 0.0742 0.1605 0.1605 0.3135 0.3135 0.3305 0.3305 0.3305 0.368 0.368 0.1601 0.1601 0.3335 0.3335 0.3335 0.5742 0.5742 0.384 0.384 0.469 0.469 0.469 0.3255 0.3255 0.372 0.372 0.3785 0.3785 0.395 0.395 0.395 0.3955 0.3955 0.3735 0.3735 0.3735 0.3735 0.3735 0.3575 0.3575 0.349 0.349 0.3785 0.3785 0.3785 0.395 0.395 0.343 0.343 0.3545
-1 -1 -1 -1 -1 -1 -1 -1 -1 -1 -1 -1 -1 -1 -1 -1 -1 -1 -1 -1 -1 -1 -1 -1 -1 0.0742 0.0742 0.0742 0.1605 0.1605 0.3135 0.3135 0.3305 0.3305 0.3305 0.368 0.368 0.1601 0.1601 0.3335 0.3335 0.3335 0.5742 0.5742 0.384 0.384 0.469 0.469 0.469 0.3255 0.3255 0.372 0.372 0.3785 0.3785 0.395 0.395 0.395 0.3955 0.3955 0.3735 0.3735 0.3735 0.3735 0.3735 0.3575 0.3575 0.349 0.349 0.3785 0.3785 0.3785 0.395 0.395 0.343 0.343 0.3545
