ndvi/NOAA-175.asc
ncols         252
nrows         154
xllcorner     -18.017974
yllcorner     13.481982
cellsize      0.035948
NODATA_value  -9999
[rows 102 to 135 of 154, columns 154 to 230 of 252]
0.3075 0.29 0.29 0.3295 0.3295 0.3295 0.2295 0.2295 0.2585 0.2585 0.2675 0.2675 0.2905 0.2905 0.2905 0.284 0.284 0.3245 0.3245 0.315 0.315 0.315 0.305 0.305 0.266 0.266 0.2695 0.2695 0.2695 0.2605 0.2605 0.2595 0.2595 0.252 0.252 0.252 0.249 0.249 0.2545 0.2545 0.274 0.274 0.274 0.268 0.268 0.283 0.283 0.2855 0.2855 0.2705 0.2705 0.2705 0.2535 0.2535 0.258 0.258 0.3215 0.3215 0.3215 0.2895 0.2895 0.2765 0.2765 0.284 0.284 0.284 0.287 0.287 0.2765 0.2765 0.265 0.265 0.265 0.3025 0.3025 0.285 0.285
0.32 0.293 0.293 0.277 0.277 0.277 0.27 0.27 0.306 0.306 0.295 0.295 0.287 0.287 0.287 0.284 0.284 0.27 0.27 0.2885 0.2885 0.2885 0.2845 0.2845 0.2735 0.2735 0.273 0.273 0.273 0.251 0.251 0.254 0.254 0.255 0.255 0.255 0.2715 0.2715 0.275 0.275 0.2715 0.2715 0.2715 0.295 0.295 0.2965 0.2965 0.303 0.303 0.3035 0.3035 0.3035 0.2865 0.2865 0.3525 0.3525 0.364 0.364 0.364 0.27 0.27 0.2955 0.2955 0.298 0.298 0.298 0.327 0.327 0.303 0.303 0.2625 0.2625 0.2625 0.2985 0.2985 0.28 0.28
0.32 0.293 0.293 0.277 0.277 0.277 0.27 0.27 0.306 0.306 0.295 0.295 0.287 0.287 0.287 0.284 0.284 0.27 0.27 0.2885 0.2885 0.2885 0.2845 0.2845 0.2735 0.2735 0.273 0.273 0.273 0.251 0.251 0.254 0.254 0.255 0.255 0.255 0.2715 0.2715 0.275 0.275 0.2715 0.2715 0.2715 0.295 0.295 0.2965 0.2965 0.303 0.303 0.3035 0.3035 0.3035 0.2865 0.2865 0.3525 0.3525 0.364 0.364 0.364 0.27 0.27 0.2955 0.2955 0.298 0.298 0.298 0.327 0.327 0.303 0.303 0.2625 0.2625 0.2625 0.2985 0.2985 0.28 0.28
0.32 0.293 0.293 0.277 0.277 0.277 0.27 0.27 0.306 0.306 0.295 0.295 0.287 0.287 0.287 0.284 0.284 0.27 0.27 0.2885 0.2885 0.2885 0.2845 0.2845 0.2735 0.2735 0.273 0.273 0.273 0.251 0.251 0.254 0.254 0.255 0.255 0.255 0.2715 0.2715 0.275 0.275 0.2715 0.2715 0.2715 0.295 0.295 0.2965 0.2965 0.303 0.303 0.3035 0.3035 0.3035 0.2865 0.2865 0.3525 0.3525 0.364 0.364 0.364 0.27 0.27 0.2955 0.2955 0.298 0.298 0.298 0.327 0.327 0.303 0.303 0.2625 0.2625 0.2625 0.2985 0.2985 0.28 0.28
0.297 0.3235 0.3235 0.3005 0.3005 0.3005 0.2665 0.2665 0.3525 0.3525 0.3705 0.3705 0.324 0.324 0.324 0.2805 0.2805 0.285 0.285 0.2795 0.2795 0.2795 0.274 0.274 0.2895 0.2895 0.271 0.271 0.271 0.351 0.351 0.3345 0.3345 0.3205 0.3205 0.3205 0.2785 0.2785 0.289 0.289 0.302 0.302 0.302 0.337 0.337 0.3105 0.3105 0.3015 0.3015 0.297 0.297 0.297 0.362 0.362 0.4195 0.4195 0.397 0.397 0.397 0.3665 0.3665 0.3095 0.3095 0.3185 0.3185 0.3185 0.3195 0.3195 0.3015 0.3015 0.3235 0.3235 0.3235 0.356 0.356 0.3445 0.3445
0.297 0.3235 0.3235 0.3005 0.3005 0.3005 0.2665 0.2665 0.3525 0.3525 0.3705 0.3705 0.324 0.324 0.324 0.2805 0.2805 0.285 0.285 0.2795 0.2795 0.2795 0.274 0.274 0.2895 0.2895 0.271 0.271 0.271 0.351 0.351 0.3345 0.3345 0.3205 0.3205 0.3205 0.2785 0.2785 0.289 0.289 0.302 0.302 0.302 0.337 0.337 0.3105 0.3105 0.3015 0.3015 0.297 0.297 0.297 0.362 0.362 0.4195 0.4195 0.397 0.397 0.397 0.3665 0.3665 0.3095 0.3095 0.3185 0.3185 0.3185 0.3195 0.3195 0.3015 0.3015 0.3235 0.3235 0.3235 0.356 0.356 0.3445 0.3445
0.276 0.3005 0.3005 0.3325 0.3325 0.3325 0.389 0.389 0.329 0.329 0.3245 0.3245 0.3065 0.3065 0.3065 0.295 0.295 0.2795 0.2795 0.2905 0.2905 0.2905 0.302 0.302 0.318 0.318 0.348 0.348 0.348 0.3535 0.3535 0.3535 0.3535 0.313 0.313 0.313 0.3365 0.3365 0.3495 0.3495 0.3445 0.3445 0.3445 0.358 0.358 0.349 0.349 0.313 0.313 0.337 0.337 0.337 0.416 0.416 0.4255 0.4255 0.4035 0.4035 0.4035 0.3765 0.3765 0.3745 0.3745 0.3455 0.3455 0.3455 0.302 0.302 0.3005 0.3005 0.3155 0.3155 0.3155 0.3305 0.3305 0.3485 0.3485
0.276 0.3005 0.3005 0.3325 0.3325 0.3325 0.389 0.389 0.329 0.329 0.3245 0.3245 0.3065 0.3065 0.3065 0.295 0.295 0.2795 0.2795 0.2905 0.2905 0.2905 0.302 0.302 0.318 0.318 0.348 0.348 0.348 0.3535 0.3535 0.3535 0.3535 0.313 0.313 0.313 0.3365 0.3365 0.3495 0.3495 0.3445 0.3445 0.3445 0.358 0.358 0.349 0.349 0.313 0.313 0.337 0.337 0.337 0.416 0.416 0.4255 0.4255 0.4035 0.4035 0.4035 0.3765 0.3765 0.3745 0.3745 0.3455 0.3455 0.3455 0.302 0.302 0.3005 0.3005 0.3155 0.3155 0.3155 0.3305 0.3305 0.3485 0.3485
0.2645 0.317 0.317 0.3025 0.3025 0.3025 0.3485 0.3485 0.3235 0.3235 0.318 0.318 0.316 0.316 0.316 0.31 0.31 0.2965 0.2965 0.3165 0.3165 0.3165 0.332 0.332 0.3385 0.3385 0.3495 0.3495 0.3495 0.3605 0.3605 0.36 0.36 0.3535 0.3535 0.3535 0.359 0.359 0.363 0.363 0.3405 0.3405 0.3405 0.3655 0.3655 0.3525 0.3525 0.331 0.331 0.3805 0.3805 0.3805 0.4586 0.4586 0.462 0.462 0.4325 0.4325 0.4325 0.3905 0.3905 0.3685 0.3685 0.3535 0.3535 0.3535 0.3315 0.3315 0.3485 0.3485 0.3415 0.3415 0.3415 0.4145 0.4145 0.4085 0.4085
0.2645 0.317 0.317 0.3025 0.3025 0.3025 0.3485 0.3485 0.3235 0.3235 0.318 0.318 0.316 0.316 0.316 0.31 0.31 0.2965 0.2965 0.3165 0.3165 0.3165 0.332 0.332 0.3385 0.3385 0.3495 0.3495 0.3495 0.3605 0.3605 0.36 0.36 0.3535 0.3535 0.3535 0.359 0.359 0.363 0.363 0.3405 0.3405 0.3405 0.3655 0.3655 0.3525 0.3525 0.331 0.331 0.3805 0.3805 0.3805 0.4586 0.4586 0.462 0.462 0.4325 0.4325 0.4325 0.3905 0.3905 0.3685 0.3685 0.3535 0.3535 0.3535 0.3315 0.3315 0.3485 0.3485 0.3415 0.3415 0.3415 0.4145 0.4145 0.4085 0.4085
0.2645 0.317 0.317 0.3025 0.3025 0.3025 0.3485 0.3485 0.3235 0.3235 0.318 0.318 0.316 0.316 0.316 0.31 0.31 0.2965 0.2965 0.3165 0.3165 0.3165 0.332 0.332 0.3385 0.3385 0.3495 0.3495 0.3495 0.3605 0.3605 0.36 0.36 0.3535 0.3535 0.3535 0.359 0.359 0.363 0.363 0.3405 0.3405 0.3405 0.3655 0.3655 0.3525 0.3525 0.331 0.331 0.3805 0.3805 0.3805 0.4586 0.4586 0.462 0.462 0.4325 0.4325 0.4325 0.3905 0.3905 0.3685 0.3685 0.3535 0.3535 0.3535 0.3315 0.3315 0.3485 0.3485 0.3415 0.3415 0.3415 0.4145 0.4145 0.4085 0.4085
0.2825 0.249 0.249 0.3425 0.3425 0.3425 0.366 0.366 0.337 0.337 0.3555 0.3555 0.336 0.336 0.336 0.3675 0.3675 0.383 0.383 0.3605 0.3605 0.3605 0.3525 0.3525 0.364 0.364 0.3505 0.3505 0.3505 0.354 0.354 0.3745 0.3745 0.3745 0.3745 0.3745 0.3485 0.3485 0.3285 0.3285 0.3155 0.3155 0.3155 0.359 0.359 0.3525 0.3525 0.3935 0.3935 0.4345 0.4345 0.4345 0.4585 0.4585 0.4626 0.4626 0.4245 0.4245 0.4245 0.3615 0.3615 0.332 0.332 0.359 0.359 0.359 0.3625 0.3625 0.388 0.388 0.3955 0.3955 0.3955 0.4235 0.4235 0.392 0.392
0.2825 0.249 0.249 0.3425 0.3425 0.3425 0.366 0.366 0.337 0.337 0.3555 0.3555 0.336 0.336 0.336 0.3675 0.3675 0.383 0.383 0.3605 0.3605 0.3605 0.3525 0.3525 0.364 0.364 0.3505 0.3505 0.3505 0.354 0.354 0.3745 0.3745 0.3745 0.3745 0.3745 0.3485 0.3485 0.3285 0.3285 0.3155 0.3155 0.3155 0.359 0.359 0.3525 0.3525 0.3935 0.3935 0.4345 0.4345 0.4345 0.4585 0.4585 0.4626 0.4626 0.4245 0.4245 0.4245 0.3615 0.3615 0.332 0.332 0.359 0.359 0.359 0.3625 0.3625 0.388 0.388 0.3955 0.3955 0.3955 0.4235 0.4235 0.392 0.392
0.3505 0.352 0.352 0.3355 0.3355 0.3355 0.364 0.364 0.3505 0.3505 0.3475 0.3475 0.365 0.365 0.365 0.372 0.372 0.379 0.379 0.3685 0.3685 0.3685 0.3395 0.3395 0.3495 0.3495 0.3535 0.3535 0.3535 0.377 0.377 0.393 0.393 0.3665 0.3665 0.3665 0.3265 0.3265 0.306 0.306 0.3295 0.3295 0.3295 0.3845 0.3845 0.3855 0.3855 0.4146 0.4146 0.48 0.48 0.48 0.4721 0.4721 0.4367 0.4367 0.4142 0.4142 0.4142 0.4195 0.4195 0.3845 0.3845 0.38 0.38 0.38 0.404 0.404 0.384 0.384 0.3905 0.3905 0.3905 0.399 0.399 0.397 0.397
0.3505 0.352 0.352 0.3355 0.3355 0.3355 0.364 0.364 0.3505 0.3505 0.3475 0.3475 0.365 0.365 0.365 0.372 0.372 0.379 0.379 0.3685 0.3685 0.3685 0.3395 0.3395 0.3495 0.3495 0.3535 0.3535 0.3535 0.377 0.377 0.393 0.393 0.3665 0.3665 0.3665 0.3265 0.3265 0.306 0.306 0.3295 0.3295 0.3295 0.3845 0.3845 0.3855 0.3855 0.4146 0.4146 0.48 0.48 0.48 0.4721 0.4721 0.4367 0.4367 0.4142 0.4142 0.4142 0.4195 0.4195 0.3845 0.3845 0.38 0.38 0.38 0.404 0.404 0.384 0.384 0.3905 0.3905 0.3905 0.399 0.399 0.397 0.397
0.3685 0.3845 0.3845 0.384 0.384 0.384 0.3505 0.3505 0.362 0.362 0.3515 0.3515 0.3595 0.3595 0.3595 0.383 0.383 0.341 0.341 0.339 0.339 0.339 0.361 0.361 0.356 0.356 0.387 0.387 0.387 0.4025 0.4025 0.3915 0.3915 0.3665 0.3665 0.3665 0.3235 0.3235 0.3055 0.3055 0.357 0.357 0.357 0.391 0.391 0.443 0.443 0.4485 0.4485 0.4551 0.4551 0.4551 0.4541 0.4541 0.4705 0.4705 0.443 0.443 0.443 0.4205 0.4205 0.435 0.435 0.441 0.441 0.441 0.409 0.409 0.4165 0.4165 0.4615 0.4615 0.4615 0.455 0.455 0.4295 0.4295
0.3685 0.3845 0.3845 0.384 0.384 0.384 0.3505 0.3505 0.362 0.362 0.3515 0.3515 0.3595 0.3595 0.3595 0.383 0.383 0.341 0.341 0.339 0.339 0.339 0.361 0.361 0.356 0.356 0.387 0.387 0.387 0.4025 0.4025 0.3915 0.3915 0.3665 0.3665 0.3665 0.3235 0.3235 0.3055 0.3055 0.357 0.357 0.357 0.391 0.391 0.443 0.443 0.4485 0.4485 0.4551 0.4551 0.4551 0.4541 0.4541 0.4705 0.4705 0.443 0.443 0.443 0.4205 0.4205 0.435 0.435 0.441 0.441 0.441 0.409 0.409 0.4165 0.4165 0.4615 0.4615 0.4615 0.455 0.455 0.4295 0.4295
0.3685 0.3845 0.3845 0.384 0.384 0.384 0.3505 0.3505 0.362 0.362 0.3515 0.3515 0.3595 0.3595 0.3595 0.383 0.383 0.341 0.341 0.339 0.339 0.339 0.361 0.361 0.356 0.356 0.387 0.387 0.387 0.4025 0.4025 0.3915 0.3915 0.3665 0.3665 0.3665 0.3235 0.3235 0.3055 0.3055 0.357 0.357 0.357 0.391 0.391 0.443 0.443 0.4485 0.4485 0.4551 0.4551 0.4551 0.4541 0.4541 0.4705 0.4705 0.443 0.443 0.443 0.4205 0.4205 0.435 0.435 0.441 0.441 0.441 0.409 0.409 0.4165 0.4165 0.4615 0.4615 0.4615 0.455 0.455 0.4295 0.4295
0.3595 0.3775 0.3775 0.373 0.373 0.373 0.394 0.394 0.4385 0.4385 0.4445 0.4445 0.4285 0.4285 0.4285 0.435 0.435 0.462 0.462 0.412 0.412 0.412 0.3755 0.3755 0.4085 0.4085 0.401 0.401 0.401 0.3655 0.3655 0.3745 0.3745 0.353 0.353 0.353 0.331 0.331 0.346 0.346 0.3625 0.3625 0.3625 0.3831 0.3831 0.4112 0.4112 0.4406 0.4406 0.4525 0.4525 0.4525 0.451 0.451 0.4765 0.4765 0.425 0.425 0.425 0.4125 0.4125 0.4515 0.4515 0.4735 0.4735 0.4735 0.4505 0.4505 0.4465 0.4465 0.4745 0.4745 0.4745 0.4785 0.4785 0.4995 0.4995
0.3595 0.3775 0.3775 0.373 0.373 0.373 0.394 0.394 0.4385 0.4385 0.4445 0.4445 0.4285 0.4285 0.4285 0.435 0.435 0.462 0.462 0.412 0.412 0.412 0.3755 0.3755 0.4085 0.4085 0.401 0.401 0.401 0.3655 0.3655 0.3745 0.3745 0.353 0.353 0.353 0.331 0.331 0.346 0.346 0.3625 0.3625 0.3625 0.3831 0.3831 0.4112 0.4112 0.4406 0.4406 0.4525 0.4525 0.4525 0.451 0.451 0.4765 0.4765 0.425 0.425 0.425 0.4125 0.4125 0.4515 0.4515 0.4735 0.4735 0.4735 0.4505 0.4505 0.4465 0.4465 0.4745 0.4745 0.4745 0.4785 0.4785 0.4995 0.4995
0.3525 0.3585 0.3585 0.36 0.36 0.36 0.389 0.389 0.42 0.42 0.457 0.457 0.4635 0.4635 0.4635 0.5036 0.5036 0.504 0.504 0.4775 0.4775 0.4775 0.4225 0.4225 0.3975 0.3975 0.381 0.381 0.381 0.3695 0.3695 0.3415 0.3415 0.343 0.343 0.343 0.3475 0.3475 0.383 0.383 0.415 0.415 0.415 0.4271 0.4271 0.455 0.455 0.457 0.457 0.4765 0.4765 0.4765 0.4585 0.4585 0.513 0.513 0.4745 0.4745 0.4745 0.4535 0.4535 0.4435 0.4435 0.4235 0.4235 0.4235 0.4545 0.4545 0.483 0.483 0.5265 0.5265 0.5265 0.4685 0.4685 0.449 0.449
0.3525 0.3585 0.3585 0.36 0.36 0.36 0.389 0.389 0.42 0.42 0.457 0.457 0.4635 0.4635 0.4635 0.5036 0.5036 0.504 0.504 0.4775 0.4775 0.4775 0.4225 0.4225 0.3975 0.3975 0.381 0.381 0.381 0.3695 0.3695 0.3415 0.3415 0.343 0.343 0.343 0.3475 0.3475 0.383 0.383 0.415 0.415 0.415 0.4271 0.4271 0.455 0.455 0.457 0.457 0.4765 0.4765 0.4765 0.4585 0.4585 0.513 0.513 0.4745 0.4745 0.4745 0.4535 0.4535 0.4435 0.4435 0.4235 0.4235 0.4235 0.4545 0.4545 0.483 0.483 0.5265 0.5265 0.5265 0.4685 0.4685 0.449 0.449
0.426 0.3845 0.3845 0.385 0.385 0.385 0.374 0.374 0.4565 0.4565 0.47 0.47 0.484 0.484 0.484 0.4725 0.4725 0.4866 0.4866 0.4696 0.4696 0.4696 0.4706 0.4706 0.416 0.416 0.3585 0.3585 0.3585 0.3795 0.3795 0.3775 0.3775 0.3725 0.3725 0.3725 0.379 0.379 0.4135 0.4135 0.4045 0.4045 0.4045 0.4685 0.4685 0.4925 0.4925 0.5125 0.5125 0.492 0.492 0.492 0.5495 0.5495 0.5105 0.5105 0.483 0.483 0.483 0.449 0.449 0.424 0.424 0.461 0.461 0.461 0.435 0.435 0.458 0.458 0.4985 0.4985 0.4985 0.4375 0.4375 0.45 0.45
0.426 0.3845 0.3845 0.385 0.385 0.385 0.374 0.374 0.4565 0.4565 0.47 0.47 0.484 0.484 0.484 0.4725 0.4725 0.4866 0.4866 0.4696 0.4696 0.4696 0.4706 0.4706 0.416 0.416 0.3585 0.3585 0.3585 0.3795 0.3795 0.3775 0.3775 0.3725 0.3725 0.3725 0.379 0.379 0.4135 0.4135 0.4045 0.4045 0.4045 0.4685 0.4685 0.4925 0.4925 0.5125 0.5125 0.492 0.492 0.492 0.5495 0.5495 0.5105 0.5105 0.483 0.483 0.483 0.449 0.449 0.424 0.424 0.461 0.461 0.461 0.435 0.435 0.458 0.458 0.4985 0.4985 0.4985 0.4375 0.4375 0.45 0.45
0.4481 0.4397 0.4397 0.3976 0.3976 0.3976 0.4055 0.4055 0.445 0.445 0.4775 0.4775 0.4795 0.4795 0.4795 0.456 0.456 0.47 0.47 0.4361 0.4361 0.4361 0.512 0.512 0.4431 0.4431 0.43 0.43 0.43 0.447 0.447 0.4135 0.4135 0.4265 0.4265 0.4265 0.425 0.425 0.4415 0.4415 0.44 0.44 0.44 0.468 0.468 0.496 0.496 0.482 0.482 0.528 0.528 0.528 0.494 0.494 0.4905 0.4905 0.47 0.47 0.47 0.477 0.477 0.4625 0.4625 0.527 0.527 0.527 0.4705 0.4705 0.4635 0.4635 0.494 0.494 0.494 0.4745 0.4745 0.45 0.45
0.4481 0.4397 0.4397 0.3976 0.3976 0.3976 0.4055 0.4055 0.445 0.445 0.4775 0.4775 0.4795 0.4795 0.4795 0.456 0.456 0.47 0.47 0.4361 0.4361 0.4361 0.512 0.512 0.4431 0.4431 0.43 0.43 0.43 0.447 0.447 0.4135 0.4135 0.4265 0.4265 0.4265 0.425 0.425 0.4415 0.4415 0.44 0.44 0.44 0.468 0.468 0.496 0.496 0.482 0.482 0.528 0.528 0.528 0.494 0.494 0.4905 0.4905 0.47 0.47 0.47 0.477 0.477 0.4625 0.4625 0.527 0.527 0.527 0.4705 0.4705 0.4635 0.4635 0.494 0.494 0.494 0.4745 0.4745 0.45 0.45
0.4481 0.4397 0.4397 0.3976 0.3976 0.3976 0.4055 0.4055 0.445 0.445 0.4775 0.4775 0.4795 0.4795 0.4795 0.456 0.456 0.47 0.47 0.4361 0.4361 0.4361 0.512 0.512 0.4431 0.4431 0.43 0.43 0.43 0.447 0.447 0.4135 0.4135 0.4265 0.4265 0.4265 0.425 0.425 0.4415 0.4415 0.44 0.44 0.44 0.468 0.468 0.496 0.496 0.482 0.482 0.528 0.528 0.528 0.494 0.494 0.4905 0.4905 0.47 0.47 0.47 0.477 0.477 0.4625 0.4625 0.527 0.527 0.527 0.4705 0.4705 0.4635 0.4635 0.494 0.494 0.494 0.4745 0.4745 0.45 0.45
0.472 0.4387 0.4387 0.4046 0.4046 0.4046 0.444 0.444 0.4955 0.4955 0.501 0.501 0.45 0.45 0.45 0.474 0.474 0.511 0.511 0.5215 0.5215 0.5215 0.497 0.497 0.528 0.528 0.4835 0.4835 0.4835 0.4825 0.4825 0.5 0.5 0.44 0.44 0.44 0.461 0.461 0.487 0.487 0.436 0.436 0.436 0.4405 0.4405 0.4845 0.4845 0.517 0.517 0.4915 0.4915 0.4915 0.5015 0.5015 0.4575 0.4575 0.4815 0.4815 0.4815 0.468 0.468 0.5025 0.5025 0.4745 0.4745 0.4745 0.492 0.492 0.45 0.45 0.4526 0.4526 0.4526 0.448 0.448 0.4205 0.4205
0.472 0.4387 0.4387 0.4046 0.4046 0.4046 0.444 0.444 0.4955 0.4955 0.501 0.501 0.45 0.45 0.45 0.474 0.474 0.511 0.511 0.5215 0.5215 0.5215 0.497 0.497 0.528 0.528 0.4835 0.4835 0.4835 0.4825 0.4825 0.5 0.5 0.44 0.44 0.44 0.461 0.461 0.487 0.487 0.436 0.436 0.436 0.4405 0.4405 0.4845 0.4845 0.517 0.517 0.4915 0.4915 0.4915 0.5015 0.5015 0.4575 0.4575 0.4815 0.4815 0.4815 0.468 0.468 0.5025 0.5025 0.4745 0.4745 0.4745 0.492 0.492 0.45 0.45 0.4526 0.4526 0.4526 0.448 0.448 0.4205 0.4205
0.4885 0.474 0.474 0.475 0.475 0.475 0.4745 0.4745 0.5045 0.5045 0.4815 0.4815 0.4825 0.4825 0.4825 0.492 0.492 0.485 0.485 0.4945 0.4945 0.4945 0.495 0.495 0.458 0.458 0.4695 0.4695 0.4695 0.4815 0.4815 0.515 0.515 0.3815 0.3815 0.3815 0.493 0.493 0.487 0.487 0.42 0.42 0.42 0.47 0.47 0.4895 0.4895 0.483 0.483 0.5167 0.5167 0.5167 0.529 0.529 0.526 0.526 0.531 0.531 0.531 0.518 0.518 0.4945 0.4945 0.4765 0.4765 0.4765 0.471 0.471 0.4515 0.4515 0.45 0.45 0.45 0.4755 0.4755 0.4625 0.4625
0.4885 0.474 0.474 0.475 0.475 0.475 0.4745 0.4745 0.5045 0.5045 0.4815 0.4815 0.4825 0.4825 0.4825 0.492 0.492 0.485 0.485 0.4945 0.4945 0.4945 0.495 0.495 0.458 0.458 0.4695 0.4695 0.4695 0.4815 0.4815 0.515 0.515 0.3815 0.3815 0.3815 0.493 0.493 0.487 0.487 0.42 0.42 0.42 0.47 0.47 0.4895 0.4895 0.483 0.483 0.5167 0.5167 0.5167 0.529 0.529 0.526 0.526 0.531 0.531 0.531 0.518 0.518 0.4945 0.4945 0.4765 0.4765 0.4765 0.471 0.471 0.4515 0.4515 0.45 0.45 0.45 0.4755 0.4755 0.4625 0.4625
0.5 0.4865 0.4865 0.498 0.498 0.498 0.461 0.461 0.459 0.459 0.4715 0.4715 0.4845 0.4845 0.4845 0.4975 0.4975 0.481 0.481 0.452 0.452 0.452 0.4925 0.4925 0.5215 0.5215 0.5565 0.5565 0.5565 0.474 0.474 0.4545 0.4545 0.4085 0.4085 0.4085 0.4261 0.4261 0.444 0.444 0.4605 0.4605 0.4605 0.4975 0.4975 0.4855 0.4855 0.5097 0.5097 0.5415 0.5415 0.5415 0.5245 0.5245 0.5256 0.5256 0.534 0.534 0.534 0.4866 0.4866 0.494 0.494 0.4326 0.4326 0.4326 0.424 0.424 0.4595 0.4595 0.49 0.49 0.49 0.5025 0.5025 0.5035 0.5035
0.5 0.4865 0.4865 0.498 0.498 0.498 0.461 0.461 0.459 0.459 0.4715 0.4715 0.4845 0.4845 0.4845 0.4975 0.4975 0.481 0.481 0.452 0.452 0.452 0.4925 0.4925 0.5215 0.5215 0.5565 0.5565 0.5565 0.474 0.474 0.4545 0.4545 0.4085 0.4085 0.4085 0.4261 0.4261 0.444 0.444 0.4605 0.4605 0.4605 0.4975 0.4975 0.4855 0.4855 0.5097 0.5097 0.5415 0.5415 0.5415 0.5245 0.5245 0.5256 0.5256 0.534 0.534 0.534 0.4866 0.4866 0.494 0.494 0.4326 0.4326 0.4326 0.424 0.424 0.4595 0.4595 0.49 0.49 0.49 0.5025 0.5025 0.5035 0.5035
0.5 0.4865 0.4865 0.498 0.498 0.498 0.461 0.461 0.459 0.459 0.4715 0.4715 0.4845 0.4845 0.4845 0.4975 0.4975 0.481 0.481 0.452 0.452 0.452 0.4925 0.4925 0.5215 0.5215 0.5565 0.5565 0.5565 0.474 0.474 0.4545 0.4545 0.4085 0.4085 0.4085 0.4261 0.4261 0.444 0.444 0.4605 0.4605 0.4605 0.4975 0.4975 0.4855 0.4855 0.5097 0.5097 0.5415 0.5415 0.5415 0.5245 0.5245 0.5256 0.5256 0.534 0.534 0.534 0.4866 0.4866 0.494 0.494 0.4326 0.4326 0.4326 0.424 0.424 0.4595 0.4595 0.49 0.49 0.49 0.5025 0.5025 0.5035 0.5035
