ndvi/NOAA-59.asc
ncols         252
nrows         154
xllcorner     -18.017974
yllcorner     13.481982
cellsize      0.035948
NODATA_value  -9999
[rows 102 to 135 of 154, columns 0 to 76 of 252]
-1 -1 -1 -1 -1 -1 -1 -1 -1 -1 -1 -1 -1 -1 -1 -1 -1 -1 -1 -1 -1 -1 -1 -1 -1 0.0117 0.0117 0.0117 0.192 0.192 0.337 0.337 0.317 0.317 0.317 0.292 0.292 0.314 0.314 0.3155 0.3155 0.3155 0.3155 0.3155 0.2725 0.2725 0.2895 0.2895 0.2895 0.3025 0.3025 0.303 0.303 0.2995 0.2995 0.2895 0.2895 0.2895 0.286 0.286 0.2945 0.2945 0.2945 0.2945 0.2945 0.284 0.284 0.285 0.285 0.2655 0.2655 0.2655 0.24 0.24 0.254 0.254 0.262
-1 -1 -1 -1 -1 -1 -1 -1 -1 -1 -1 -1 -1 -1 -1 -1 -1 -1 -1 -1 -1 -1 -1 0.0126 0.0126 0.236 0.236 0.236 0.319 0.319 0.309 0.309 0.3015 0.3015 0.3015 0.333 0.333 0.281 0.281 0.292 0.292 0.292 0.305 0.305 0.3 0.3 0.3045 0.3045 0.3045 0.292 0.292 0.3015 0.3015 0.306 0.306 0.3035 0.3035 0.3035 0.303 0.303 0.2785 0.2785 0.2785 0.2785 0.2785 0.28 0.28 0.2895 0.2895 0.286 0.286 0.286 0.2835 0.2835 0.289 0.289 0.293
-1 -1 -1 -1 -1 -1 -1 -1 -1 -1 -1 -1 -1 -1 -1 -1 -1 -1 -1 -1 -1 -1 -1 0.0126 0.0126 0.236 0.236 0.236 0.319 0.319 0.309 0.309 0.3015 0.3015 0.3015 0.333 0.333 0.281 0.281 0.292 0.292 0.292 0.305 0.305 0.3 0.3 0.3045 0.3045 0.3045 0.292 0.292 0.3015 0.3015 0.306 0.306 0.3035 0.3035 0.3035 0.303 0.303 0.2785 0.2785 0.2785 0.2785 0.2785 0.28 0.28 0.2895 0.2895 0.286 0.286 0.286 0.2835 0.2835 0.289 0.289 0.293
-1 -1 -1 -1 -1 -1 -1 -1 -1 -1 -1 -1 -1 -1 -1 -1 -1 -1 -1 -1 -1 -1 -1 0.0126 0.0126 0.236 0.236 0.236 0.319 0.319 0.309 0.309 0.3015 0.3015 0.3015 0.333 0.333 0.281 0.281 0.292 0.292 0.292 0.305 0.305 0.3 0.3 0.3045 0.3045 0.3045 0.292 0.292 0.3015 0.3015 0.306 0.306 0.3035 0.3035 0.3035 0.303 0.303 0.2785 0.2785 0.2785 0.2785 0.2785 0.28 0.28 0.2895 0.2895 0.286 0.286 0.286 0.2835 0.2835 0.289 0.289 0.293
-1 -1 -1 -1 -1 -1 -1 -1 -1 -1 -1 -1 -1 -1 -1 -1 -1 -1 -1 -1 -1 0.0186 0.0186 0.21 0.21 0.3345 0.3345 0.3345 0.307 0.307 0.3195 0.3195 0.337 0.337 0.337 0.314 0.314 0.2905 0.2905 0.286 0.286 0.286 0.3015 0.3015 0.292 0.292 0.299 0.299 0.299 0.2925 0.2925 0.308 0.308 0.3025 0.3025 0.3085 0.3085 0.3085 0.297 0.297 0.283 0.283 0.283 0.283 0.283 0.3 0.3 0.2955 0.2955 0.2965 0.2965 0.2965 0.3045 0.3045 0.289 0.289 0.2885
-1 -1 -1 -1 -1 -1 -1 -1 -1 -1 -1 -1 -1 -1 -1 -1 -1 -1 -1 -1 -1 0.0186 0.0186 0.21 0.21 0.3345 0.3345 0.3345 0.307 0.307 0.3195 0.3195 0.337 0.337 0.337 0.314 0.314 0.2905 0.2905 0.286 0.286 0.286 0.3015 0.3015 0.292 0.292 0.299 0.299 0.299 0.2925 0.2925 0.308 0.308 0.3025 0.3025 0.3085 0.3085 0.3085 0.297 0.297 0.283 0.283 0.283 0.283 0.283 0.3 0.3 0.2955 0.2955 0.2965 0.2965 0.2965 0.3045 0.3045 0.289 0.289 0.2885
-1 -1 -1 -1 -1 -1 -1 -1 -1 -1 -1 -1 -1 -1 -1 -1 -1 -1 -1 -1 -1 0.209 0.209 0.3505 0.3505 0.347 0.347 0.347 0.3405 0.3405 0.3385 0.3385 0.3425 0.3425 0.3425 0.31 0.31 0.303 0.303 0.297 0.297 0.297 0.307 0.307 0.2955 0.2955 0.313 0.313 0.313 0.3135 0.3135 0.3205 0.3205 0.3015 0.3015 0.291 0.291 0.291 0.295 0.295 0.3 0.3 0.3 0.3 0.3 0.2905 0.2905 0.302 0.302 0.3025 0.3025 0.3025 0.309 0.309 0.3015 0.3015 0.302
-1 -1 -1 -1 -1 -1 -1 -1 -1 -1 -1 -1 -1 -1 -1 -1 -1 -1 -1 -1 -1 0.209 0.209 0.3505 0.3505 0.347 0.347 0.347 0.3405 0.3405 0.3385 0.3385 0.3425 0.3425 0.3425 0.31 0.31 0.303 0.303 0.297 0.297 0.297 0.307 0.307 0.2955 0.2955 0.313 0.313 0.313 0.3135 0.3135 0.3205 0.3205 0.3015 0.3015 0.291 0.291 0.291 0.295 0.295 0.3 0.3 0.3 0.3 0.3 0.2905 0.2905 0.302 0.302 0.3025 0.3025 0.3025 0.309 0.309 0.3015 0.3015 0.302
-1 -1 -1 -1 -1 -1 -1 -1 -1 -1 -1 -1 -1 -1 -1 -1 -1 -1 0.185 0.185 0.185 0.365 0.365 0.379 0.379 0.354 0.354 0.354 0.359 0.359 0.3745 0.3745 0.361 0.361 0.361 0.309 0.309 0.3145 0.3145 0.301 0.301 0.301 0.2945 0.2945 0.292 0.292 0.2835 0.2835 0.2835 0.298 0.298 0.3175 0.3175 0.2925 0.2925 0.273 0.273 0.273 0.2785 0.2785 0.2845 0.2845 0.2845 0.2845 0.2845 0.2825 0.2825 0.304 0.304 0.3115 0.3115 0.3115 0.305 0.305 0.3095 0.3095 0.33
-1 -1 -1 -1 -1 -1 -1 -1 -1 -1 -1 -1 -1 -1 -1 -1 -1 -1 0.185 0.185 0.185 0.365 0.365 0.379 0.379 0.354 0.354 0.354 0.359 0.359 0.3745 0.3745 0.361 0.361 0.361 0.309 0.309 0.3145 0.3145 0.301 0.301 0.301 0.2945 0.2945 0.292 0.292 0.2835 0.2835 0.2835 0.298 0.298 0.3175 0.3175 0.2925 0.2925 0.273 0.273 0.273 0.2785 0.2785 0.2845 0.2845 0.2845 0.2845 0.2845 0.2825 0.2825 0.304 0.304 0.3115 0.3115 0.3115 0.305 0.305 0.3095 0.3095 0.33
-1 -1 -1 -1 -1 -1 -1 -1 -1 -1 -1 -1 -1 -1 -1 -1 -1 -1 0.185 0.185 0.185 0.365 0.365 0.379 0.379 0.354 0.354 0.354 0.359 0.359 0.3745 0.3745 0.361 0.361 0.361 0.309 0.309 0.3145 0.3145 0.301 0.301 0.301 0.2945 0.2945 0.292 0.292 0.2835 0.2835 0.2835 0.298 0.298 0.3175 0.3175 0.2925 0.2925 0.273 0.273 0.273 0.2785 0.2785 0.2845 0.2845 0.2845 0.2845 0.2845 0.2825 0.2825 0.304 0.304 0.3115 0.3115 0.3115 0.305 0.305 0.3095 0.3095 0.33
-1 -1 -1 -1 -1 -1 -1 -1 -1 -1 -1 -1 -1 -1 -1 -1 0.2592 0.2592 0.4075 0.4075 0.4075 0.402 0.402 0.3825 0.3825 0.375 0.375 0.375 0.364 0.364 0.347 0.347 0.338 0.338 0.338 0.3155 0.3155 0.307 0.307 0.311 0.311 0.311 0.305 0.305 0.2885 0.2885 0.2955 0.2955 0.2955 0.322 0.322 0.3175 0.3175 0.281 0.281 0.2705 0.2705 0.2705 0.2845 0.2845 0.294 0.294 0.294 0.294 0.294 0.3175 0.3175 0.292 0.292 0.2945 0.2945 0.2945 0.315 0.315 0.3155 0.3155 0.3435
-1 -1 -1 -1 -1 -1 -1 -1 -1 -1 -1 -1 -1 -1 -1 -1 0.2592 0.2592 0.4075 0.4075 0.4075 0.402 0.402 0.3825 0.3825 0.375 0.375 0.375 0.364 0.364 0.347 0.347 0.338 0.338 0.338 0.3155 0.3155 0.307 0.307 0.311 0.311 0.311 0.305 0.305 0.2885 0.2885 0.2955 0.2955 0.2955 0.322 0.322 0.3175 0.3175 0.281 0.281 0.2705 0.2705 0.2705 0.2845 0.2845 0.294 0.294 0.294 0.294 0.294 0.3175 0.3175 0.292 0.292 0.2945 0.2945 0.2945 0.315 0.315 0.3155 0.3155 0.3435
-1 -1 -1 -1 -1 -1 -1 -1 -1 -1 -1 -1 0.2075 0.2075 0.2045 0.2045 0.211 0.211 0.395 0.395 0.395 0.402 0.402 0.4035 0.4035 0.3635 0.3635 0.3635 0.3625 0.3625 0.37 0.37 0.3255 0.3255 0.3255 0.3295 0.3295 0.3435 0.3435 0.347 0.347 0.347 0.345 0.345 0.321 0.321 0.328 0.328 0.328 0.328 0.328 0.2995 0.2995 0.297 0.297 0.308 0.308 0.308 0.3245 0.3245 0.335 0.335 0.335 0.335 0.335 0.3415 0.3415 0.324 0.324 0.303 0.303 0.303 0.3145 0.3145 0.3195 0.3195 0.3575
-1 -1 -1 -1 -1 -1 -1 -1 -1 -1 -1 -1 0.2075 0.2075 0.2045 0.2045 0.211 0.211 0.395 0.395 0.395 0.402 0.402 0.4035 0.4035 0.3635 0.3635 0.3635 0.3625 0.3625 0.37 0.37 0.3255 0.3255 0.3255 0.3295 0.3295 0.3435 0.3435 0.347 0.347 0.347 0.345 0.345 0.321 0.321 0.328 0.328 0.328 0.328 0.328 0.2995 0.2995 0.297 0.297 0.308 0.308 0.308 0.3245 0.3245 0.335 0.335 0.335 0.335 0.335 0.3415 0.3415 0.324 0.324 0.303 0.303 0.303 0.3145 0.3145 0.3195 0.3195 0.3575
-1 -1 -1 -1 -1 -1 -1 -1 -1 0.1285 0.1285 0.1285 0.1675 0.1675 0.1371 0.1371 0.119 0.119 0.174 0.174 0.174 0.39 0.39 0.386 0.386 0.391 0.391 0.391 0.3735 0.3735 0.3695 0.3695 0.3495 0.3495 0.3495 0.343 0.343 0.3525 0.3525 0.3665 0.3665 0.3665 0.338 0.338 0.3295 0.3295 0.338 0.338 0.338 0.3455 0.3455 0.3185 0.3185 0.3195 0.3195 0.332 0.332 0.332 0.3325 0.3325 0.317 0.317 0.317 0.317 0.317 0.3395 0.3395 0.335 0.335 0.3195 0.3195 0.3195 0.3235 0.3235 0.3125 0.3125 0.3445
-1 -1 -1 -1 -1 -1 -1 -1 -1 0.1285 0.1285 0.1285 0.1675 0.1675 0.1371 0.1371 0.119 0.119 0.174 0.174 0.174 0.39 0.39 0.386 0.386 0.391 0.391 0.391 0.3735 0.3735 0.3695 0.3695 0.3495 0.3495 0.3495 0.343 0.343 0.3525 0.3525 0.3665 0.3665 0.3665 0.338 0.338 0.3295 0.3295 0.338 0.338 0.338 0.3455 0.3455 0.3185 0.3185 0.3195 0.3195 0.332 0.332 0.332 0.3325 0.3325 0.317 0.317 0.317 0.317 0.317 0.3395 0.3395 0.335 0.335 0.3195 0.3195 0.3195 0.3235 0.3235 0.3125 0.3125 0.3445
-1 -1 -1 -1 -1 -1 -1 -1 -1 0.1285 0.1285 0.1285 0.1675 0.1675 0.1371 0.1371 0.119 0.119 0.174 0.174 0.174 0.39 0.39 0.386 0.386 0.391 0.391 0.391 0.3735 0.3735 0.3695 0.3695 0.3495 0.3495 0.3495 0.343 0.343 0.3525 0.3525 0.3665 0.3665 0.3665 0.338 0.338 0.3295 0.3295 0.338 0.338 0.338 0.3455 0.3455 0.3185 0.3185 0.3195 0.3195 0.332 0.332 0.332 0.3325 0.3325 0.317 0.317 0.317 0.317 0.317 0.3395 0.3395 0.335 0.335 0.3195 0.3195 0.3195 0.3235 0.3235 0.3125 0.3125 0.3445
-1 -1 -1 -1 -1 -1 -1 -1 -1 -1 -1 -1 0.0806 0.0806 0.0907 0.0907 0.0757 0.0757 0.187 0.187 0.187 0.373 0.373 0.3535 0.3535 0.3965 0.3965 0.3965 0.382 0.382 0.3685 0.3685 0.3495 0.3495 0.3495 0.3605 0.3605 0.3445 0.3445 0.3315 0.3315 0.3315 0.344 0.344 0.3315 0.3315 0.3355 0.3355 0.3355 0.353 0.353 0.3545 0.3545 0.3565 0.3565 0.3335 0.3335 0.3335 0.337 0.337 0.3225 0.3225 0.3225 0.3225 0.3225 0.33 0.33 0.33 0.33 0.338 0.338 0.338 0.3405 0.3405 0.332 0.332 0.3525
-1 -1 -1 -1 -1 -1 -1 -1 -1 -1 -1 -1 0.0806 0.0806 0.0907 0.0907 0.0757 0.0757 0.187 0.187 0.187 0.373 0.373 0.3535 0.3535 0.3965 0.3965 0.3965 0.382 0.382 0.3685 0.3685 0.3495 0.3495 0.3495 0.3605 0.3605 0.3445 0.3445 0.3315 0.3315 0.3315 0.344 0.344 0.3315 0.3315 0.3355 0.3355 0.3355 0.353 0.353 0.3545 0.3545 0.3565 0.3565 0.3335 0.3335 0.3335 0.337 0.337 0.3225 0.3225 0.3225 0.3225 0.3225 0.33 0.33 0.33 0.33 0.338 0.338 0.338 0.3405 0.3405 0.332 0.332 0.3525
-1 -1 -1 -1 -1 -1 -1 -1 -1 -1 -1 -1 -1 -1 -1 -1 -1 -1 0.0442 0.0442 0.0442 0.228 0.228 0.339 0.339 0.382 0.382 0.382 0.3825 0.3825 0.4105 0.4105 0.357 0.357 0.357 0.341 0.341 0.332 0.332 0.362 0.362 0.362 0.352 0.352 0.335 0.335 0.376 0.376 0.376 0.366 0.366 0.3565 0.3565 0.368 0.368 0.3425 0.3425 0.3425 0.356 0.356 0.326 0.326 0.326 0.326 0.326 0.322 0.322 0.3385 0.3385 0.3415 0.3415 0.3415 0.376 0.376 0.344 0.344 0.3405
-1 -1 -1 -1 -1 -1 -1 -1 -1 -1 -1 -1 -1 -1 -1 -1 -1 -1 0.0442 0.0442 0.0442 0.228 0.228 0.339 0.339 0.382 0.382 0.382 0.3825 0.3825 0.4105 0.4105 0.357 0.357 0.357 0.341 0.341 0.332 0.332 0.362 0.362 0.362 0.352 0.352 0.335 0.335 0.376 0.376 0.376 0.366 0.366 0.3565 0.3565 0.368 0.368 0.3425 0.3425 0.3425 0.356 0.356 0.326 0.326 0.326 0.326 0.326 0.322 0.322 0.3385 0.3385 0.3415 0.3415 0.3415 0.376 0.376 0.344 0.344 0.3405
-1 -1 -1 -1 -1 -1 -1 -1 -1 -1 -1 -1 -1 -1 -1 -1 -1 -1 -1 -1 -1 0.081 0.081 0.251 0.251 0.391 0.391 0.391 0.3985 0.3985 0.396 0.396 0.3735 0.3735 0.3735 0.354 0.354 0.3515 0.3515 0.3305 0.3305 0.3305 0.3655 0.3655 0.3595 0.3595 0.371 0.371 0.371 0.3405 0.3405 0.39 0.39 0.4075 0.4075 0.4285 0.4285 0.4285 0.4215 0.4215 0.4155 0.4155 0.4155 0.4155 0.4155 0.3645 0.3645 0.3625 0.3625 0.357 0.357 0.357 0.3635 0.3635 0.3445 0.3445 0.343
-1 -1 -1 -1 -1 -1 -1 -1 -1 -1 -1 -1 -1 -1 -1 -1 -1 -1 -1 -1 -1 0.081 0.081 0.251 0.251 0.391 0.391 0.391 0.3985 0.3985 0.396 0.396 0.3735 0.3735 0.3735 0.354 0.354 0.3515 0.3515 0.3305 0.3305 0.3305 0.3655 0.3655 0.3595 0.3595 0.371 0.371 0.371 0.3405 0.3405 0.39 0.39 0.4075 0.4075 0.4285 0.4285 0.4285 0.4215 0.4215 0.4155 0.4155 0.4155 0.4155 0.4155 0.3645 0.3645 0.3625 0.3625 0.357 0.357 0.357 0.3635 0.3635 0.3445 0.3445 0.343
-1 -1 -1 -1 -1 -1 -1 -1 -1 -1 -1 -1 -1 -1 -1 -1 -1 -1 -1 -1 -1 0.0912 0.0912 0.1861 0.1861 0.3325 0.3325 0.3325 0.392 0.392 0.4105 0.4105 0.403 0.403 0.403 0.3635 0.3635 0.3015 0.3015 0.303 0.303 0.303 0.254 0.254 0.3385 0.3385 0.3725 0.3725 0.3725 0.378 0.378 0.456 0.456 0.4485 0.4485 0.4175 0.4175 0.4175 0.415 0.415 0.3955 0.3955 0.3955 0.3955 0.3955 0.372 0.372 0.3645 0.3645 0.3715 0.3715 0.3715 0.3495 0.3495 0.3535 0.3535 0.3425
-1 -1 -1 -1 -1 -1 -1 -1 -1 -1 -1 -1 -1 -1 -1 -1 -1 -1 -1 -1 -1 0.0912 0.0912 0.1861 0.1861 0.3325 0.3325 0.3325 0.392 0.392 0.4105 0.4105 0.403 0.403 0.403 0.3635 0.3635 0.3015 0.3015 0.303 0.303 0.303 0.254 0.254 0.3385 0.3385 0.3725 0.3725 0.3725 0.378 0.378 0.456 0.456 0.4485 0.4485 0.4175 0.4175 0.4175 0.415 0.415 0.3955 0.3955 0.3955 0.3955 0.3955 0.372 0.372 0.3645 0.3645 0.3715 0.3715 0.3715 0.3495 0.3495 0.3535 0.3535 0.3425
-1 -1 -1 -1 -1 -1 -1 -1 -1 -1 -1 -1 -1 -1 -1 -1 -1 -1 -1 -1 -1 0.0912 0.0912 0.1861 0.1861 0.3325 0.3325 0.3325 0.392 0.392 0.4105 0.4105 0.403 0.403 0.403 0.3635 0.3635 0.3015 0.3015 0.303 0.303 0.303 0.254 0.254 0.3385 0.3385 0.3725 0.3725 0.3725 0.378 0.378 0.456 0.456 0.4485 0.4485 0.4175 0.4175 0.4175 0.415 0.415 0.3955 0.3955 0.3955 0.3955 0.3955 0.372 0.372 0.3645 0.3645 0.3715 0.3715 0.3715 0.3495 0.3495 0.3535 0.3535 0.3425
-1 -1 -1 -1 -1 -1 -1 -1 -1 -1 -1 -1 -1 -1 -1 -1 -1 -1 -1 -1 -1 -1 -1 0.0842 0.0842 0.227 0.227 0.227 0.415 0.415 0.4295 0.4295 0.3925 0.3925 0.3925 0.3675 0.3675 0.2435 0.2435 0.2055 0.2055 0.2055 0.27 0.27 0.3335 0.3335 0.373 0.373 0.373 0.414 0.414 0.447 0.447 0.4535 0.4535 0.4335 0.4335 0.4335 0.392 0.392 0.3815 0.3815 0.3815 0.3815 0.3815 0.3855 0.3855 0.3835 0.3835 0.3685 0.3685 0.3685 0.3515 0.3515 0.3745 0.3745 0.372
-1 -1 -1 -1 -1 -1 -1 -1 -1 -1 -1 -1 -1 -1 -1 -1 -1 -1 -1 -1 -1 -1 -1 0.0842 0.0842 0.227 0.227 0.227 0.415 0.415 0.4295 0.4295 0.3925 0.3925 0.3925 0.3675 0.3675 0.2435 0.2435 0.2055 0.2055 0.2055 0.27 0.27 0.3335 0.3335 0.373 0.373 0.373 0.414 0.414 0.447 0.447 0.4535 0.4535 0.4335 0.4335 0.4335 0.392 0.392 0.3815 0.3815 0.3815 0.3815 0.3815 0.3855 0.3855 0.3835 0.3835 0.3685 0.3685 0.3685 0.3515 0.3515 0.3745 0.3745 0.372
-1 -1 -1 -1 -1 -1 -1 -1 -1 -1 -1 -1 -1 -1 -1 -1 -1 -1 -1 -1 -1 -1 -1 -1 -1 0.2166 0.2166 0.2166 0.2795 0.2795 0.3815 0.3815 0.3665 0.3665 0.3665 0.225 0.225 0.1425 0.1425 0.1415 0.1415 0.1415 0.339 0.339 0.3265 0.3265 0.411 0.411 0.411 0.402 0.402 0.4195 0.4195 0.4215 0.4215 0.4225 0.4225 0.4225 0.413 0.413 0.422 0.422 0.422 0.422 0.422 0.3875 0.3875 0.385 0.385 0.3845 0.3845 0.3845 0.3825 0.3825 0.356 0.356 0.358
-1 -1 -1 -1 -1 -1 -1 -1 -1 -1 -1 -1 -1 -1 -1 -1 -1 -1 -1 -1 -1 -1 -1 -1 -1 0.2166 0.2166 0.2166 0.2795 0.2795 0.3815 0.3815 0.3665 0.3665 0.3665 0.225 0.225 0.1425 0.1425 0.1415 0.1415 0.1415 0.339 0.339 0.3265 0.3265 0.411 0.411 0.411 0.402 0.402 0.4195 0.4195 0.4215 0.4215 0.4225 0.4225 0.4225 0.413 0.413 0.422 0.422 0.422 0.422 0.422 0.3875 0.3875 0.385 0.385 0.3845 0.3845 0.3845 0.3825 0.3825 0.356 0.356 0.358
-1 -1 -1 -1 -1 -1 -1 -1 -1 -1 -1 -1 -1 -1 -1 -1 -1 -1 -1 -1 -1 -1 -1 -1 -1 0.0601 0.0601 0.0601 0.177 0.177 0.315 0.315 0.296 0.296 0.296 0.2605 0.2605 0.2385 0.2385 0.352 0.352 0.352 0.3465 0.3465 0.382 0.382 0.399 0.399 0.399 0.4335 0.4335 0.4465 0.4465 0.455 0.455 0.4235 0.4235 0.4235 0.419 0.419 0.4045 0.4045 0.4045 0.4045 0.4045 0.3855 0.3855 0.389 0.389 0.3565 0.3565 0.3565 0.341 0.341 0.3445 0.3445 0.338
-1 -1 -1 -1 -1 -1 -1 -1 -1 -1 -1 -1 -1 -1 -1 -1 -1 -1 -1 -1 -1 -1 -1 -1 -1 0.0601 0.0601 0.0601 0.177 0.177 0.315 0.315 0.296 0.296 0.296 0.2605 0.2605 0.2385 0.2385 0.352 0.352 0.352 0.3465 0.3465 0.382 0.382 0.399 0.399 0.399 0.4335 0.4335 0.4465 0.4465 0.455 0.455 0.4235 0.4235 0.4235 0.419 0.419 0.4045 0.4045 0.4045 0.4045 0.4045 0.3855 0.3855 0.389 0.389 0.3565 0.3565 0.3565 0.341 0.341 0.3445 0.3445 0.338
-1 -1 -1 -1 -1 -1 -1 -1 -1 -1 -1 -1 -1 -1 -1 -1 -1 -1 -1 -1 -1 -1 -1 -1 -1 0.0601 0.0601 0.0601 0.177 0.177 0.315 0.315 0.296 0.296 0.296 0.2605 0.2605 0.2385 0.2385 0.352 0.352 0.352 0.3465 0.3465 0.382 0.382 0.399 0.399 0.399 0.4335 0.4335 0.4465 0.4465 0.455 0.455 0.4235 0.4235 0.4235 0.419 0.419 0.4045 0.4045 0.4045 0.4045 0.4045 0.3855 0.3855 0.389 0.389 0.3565 0.3565 0.3565 0.341 0.341 0.3445 0.3445 0.338
