ndvi/NOAA-379.asc
ncols         252
nrows         154
xllcorner     -18.017974
yllcorner     13.481982
cellsize      0.035948
NODATA_value  -9999
[rows 105 to 139 of 154, columns 77 to 153 of 252]
0.2545 0.2545 0.258 0.258 0.274 0.274 0.2685 0.2685 0.2685 0.2415 0.2415 0.228 0.228 0.2275 0.2275 0.231 0.231 0.231 0.226 0.226 0.2465 0.2465 0.231 0.231 0.231 0.242 0.242 0.23 0.23 0.247 0.247 0.247 0.2665 0.2665 0.268 0.268 0.2685 0.2685 0.2685 0.2795 0.2795 0.331 0.331 0.39 0.39 0.39 0.382 0.382 0.3335 0.3335 0.303 0.303 0.317 0.317 0.317 0.33 0.33 0.3385 0.3385 0.2505 0.2505 0.2505 0.2635 0.2635 0.2915 0.2915 0.235 0.235 0.235 0.2275 0.2275 0.2455 0.2455 0.2105 0.2105 0.2105 0.207
0.2735 0.2735 0.2515 0.2515 0.2515 0.2515 0.2545 0.2545 0.2545 0.237 0.237 0.2255 0.2255 0.226 0.226 0.227 0.227 0.227 0.24 0.24 0.244 0.244 0.2305 0.2305 0.2305 0.23 0.23 0.226 0.226 0.2625 0.2625 0.2625 0.301 0.301 0.3285 0.3285 0.344 0.344 0.344 0.3495 0.3495 0.3545 0.3545 0.4205 0.4205 0.4205 0.3805 0.3805 0.331 0.331 0.325 0.325 0.3615 0.3615 0.3615 0.315 0.315 0.2755 0.2755 0.2185 0.2185 0.2185 0.2245 0.2245 0.253 0.253 0.2565 0.2565 0.2565 0.2105 0.2105 0.215 0.215 0.202 0.202 0.202 0.21
0.2735 0.2735 0.2515 0.2515 0.2515 0.2515 0.2545 0.2545 0.2545 0.237 0.237 0.2255 0.2255 0.226 0.226 0.227 0.227 0.227 0.24 0.24 0.244 0.244 0.2305 0.2305 0.2305 0.23 0.23 0.226 0.226 0.2625 0.2625 0.2625 0.301 0.301 0.3285 0.3285 0.344 0.344 0.344 0.3495 0.3495 0.3545 0.3545 0.4205 0.4205 0.4205 0.3805 0.3805 0.331 0.331 0.325 0.325 0.3615 0.3615 0.3615 0.315 0.315 0.2755 0.2755 0.2185 0.2185 0.2185 0.2245 0.2245 0.253 0.253 0.2565 0.2565 0.2565 0.2105 0.2105 0.215 0.215 0.202 0.202 0.202 0.21
0.328 0.328 0.2565 0.2565 0.254 0.254 0.2485 0.2485 0.2485 0.247 0.247 0.2285 0.2285 0.2275 0.2275 0.2555 0.2555 0.2555 0.2345 0.2345 0.263 0.263 0.2335 0.2335 0.2335 0.2765 0.2765 0.2665 0.2665 0.3025 0.3025 0.3025 0.341 0.341 0.378 0.378 0.3385 0.3385 0.3385 0.3365 0.3365 0.3645 0.3645 0.452 0.452 0.452 0.349 0.349 0.3655 0.3655 0.3835 0.3835 0.3365 0.3365 0.3365 0.2905 0.2905 0.2595 0.2595 0.2305 0.2305 0.2305 0.237 0.237 0.266 0.266 0.2515 0.2515 0.2515 0.2395 0.2395 0.1795 0.1795 0.22 0.22 0.22 0.2525
0.328 0.328 0.2565 0.2565 0.254 0.254 0.2485 0.2485 0.2485 0.247 0.247 0.2285 0.2285 0.2275 0.2275 0.2555 0.2555 0.2555 0.2345 0.2345 0.263 0.263 0.2335 0.2335 0.2335 0.2765 0.2765 0.2665 0.2665 0.3025 0.3025 0.3025 0.341 0.341 0.378 0.378 0.3385 0.3385 0.3385 0.3365 0.3365 0.3645 0.3645 0.452 0.452 0.452 0.349 0.349 0.3655 0.3655 0.3835 0.3835 0.3365 0.3365 0.3365 0.2905 0.2905 0.2595 0.2595 0.2305 0.2305 0.2305 0.237 0.237 0.266 0.266 0.2515 0.2515 0.2515 0.2395 0.2395 0.1795 0.1795 0.22 0.22 0.22 0.2525
0.302 0.302 0.295 0.295 0.287 0.287 0.273 0.273 0.273 0.299 0.299 0.278 0.278 0.328 0.328 0.3215 0.3215 0.3215 0.3275 0.3275 0.33 0.33 0.345 0.345 0.345 0.332 0.332 0.341 0.341 0.3235 0.3235 0.3235 0.3655 0.3655 0.385 0.385 0.419 0.419 0.419 0.371 0.371 0.408 0.408 0.3765 0.3765 0.3765 0.397 0.397 0.3915 0.3915 0.4085 0.4085 0.3705 0.3705 0.3705 0.298 0.298 0.314 0.314 0.343 0.343 0.343 0.269 0.269 0.2725 0.2725 0.2775 0.2775 0.2775 0.3125 0.3125 0.28 0.28 0.262 0.262 0.262 0.2445
0.302 0.302 0.295 0.295 0.287 0.287 0.273 0.273 0.273 0.299 0.299 0.278 0.278 0.328 0.328 0.3215 0.3215 0.3215 0.3275 0.3275 0.33 0.33 0.345 0.345 0.345 0.332 0.332 0.341 0.341 0.3235 0.3235 0.3235 0.3655 0.3655 0.385 0.385 0.419 0.419 0.419 0.371 0.371 0.408 0.408 0.3765 0.3765 0.3765 0.397 0.397 0.3915 0.3915 0.4085 0.4085 0.3705 0.3705 0.3705 0.298 0.298 0.314 0.314 0.343 0.343 0.343 0.269 0.269 0.2725 0.2725 0.2775 0.2775 0.2775 0.3125 0.3125 0.28 0.28 0.262 0.262 0.262 0.2445
0.302 0.302 0.295 0.295 0.287 0.287 0.273 0.273 0.273 0.299 0.299 0.278 0.278 0.328 0.328 0.3215 0.3215 0.3215 0.3275 0.3275 0.33 0.33 0.345 0.345 0.345 0.332 0.332 0.341 0.341 0.3235 0.3235 0.3235 0.3655 0.3655 0.385 0.385 0.419 0.419 0.419 0.371 0.371 0.408 0.408 0.3765 0.3765 0.3765 0.397 0.397 0.3915 0.3915 0.4085 0.4085 0.3705 0.3705 0.3705 0.298 0.298 0.314 0.314 0.343 0.343 0.343 0.269 0.269 0.2725 0.2725 0.2775 0.2775 0.2775 0.3125 0.3125 0.28 0.28 0.262 0.262 0.262 0.2445
0.2845 0.2845 0.302 0.302 0.317 0.317 0.2875 0.2875 0.2875 0.341 0.341 0.34 0.34 0.3415 0.3415 0.368 0.368 0.368 0.36 0.36 0.342 0.342 0.337 0.337 0.337 0.359 0.359 0.384 0.384 0.3925 0.3925 0.3925 0.385 0.385 0.388 0.388 0.398 0.398 0.398 0.3795 0.3795 0.395 0.395 0.3625 0.3625 0.3625 0.356 0.356 0.393 0.393 0.3145 0.3145 0.389 0.389 0.389 0.359 0.359 0.3545 0.3545 0.3355 0.3355 0.3355 0.296 0.296 0.311 0.311 0.2865 0.2865 0.2865 0.309 0.309 0.29 0.29 0.293 0.293 0.293 0.2475
0.2845 0.2845 0.302 0.302 0.317 0.317 0.2875 0.2875 0.2875 0.341 0.341 0.34 0.34 0.3415 0.3415 0.368 0.368 0.368 0.36 0.36 0.342 0.342 0.337 0.337 0.337 0.359 0.359 0.384 0.384 0.3925 0.3925 0.3925 0.385 0.385 0.388 0.388 0.398 0.398 0.398 0.3795 0.3795 0.395 0.395 0.3625 0.3625 0.3625 0.356 0.356 0.393 0.393 0.3145 0.3145 0.389 0.389 0.389 0.359 0.359 0.3545 0.3545 0.3355 0.3355 0.3355 0.296 0.296 0.311 0.311 0.2865 0.2865 0.2865 0.309 0.309 0.29 0.29 0.293 0.293 0.293 0.2475
0.2835 0.2835 0.2925 0.2925 0.2825 0.2825 0.2735 0.2735 0.2735 0.3095 0.3095 0.338 0.338 0.373 0.373 0.355 0.355 0.355 0.3535 0.3535 0.3825 0.3825 0.3585 0.3585 0.3585 0.3725 0.3725 0.377 0.377 0.38 0.38 0.38 0.394 0.394 0.396 0.396 0.369 0.369 0.369 0.368 0.368 0.409 0.409 0.397 0.397 0.397 0.39 0.39 0.4285 0.4285 0.374 0.374 0.4245 0.4245 0.4245 0.373 0.373 0.328 0.328 0.32 0.32 0.32 0.288 0.288 0.3135 0.3135 0.3265 0.3265 0.3265 0.347 0.347 0.396 0.396 0.3485 0.3485 0.3485 0.281
0.2835 0.2835 0.2925 0.2925 0.2825 0.2825 0.2735 0.2735 0.2735 0.3095 0.3095 0.338 0.338 0.373 0.373 0.355 0.355 0.355 0.3535 0.3535 0.3825 0.3825 0.3585 0.3585 0.3585 0.3725 0.3725 0.377 0.377 0.38 0.38 0.38 0.394 0.394 0.396 0.396 0.369 0.369 0.369 0.368 0.368 0.409 0.409 0.397 0.397 0.397 0.39 0.39 0.4285 0.4285 0.374 0.374 0.4245 0.4245 0.4245 0.373 0.373 0.328 0.328 0.32 0.32 0.32 0.288 0.288 0.3135 0.3135 0.3265 0.3265 0.3265 0.347 0.347 0.396 0.396 0.3485 0.3485 0.3485 0.281
0.2535 0.2535 0.266 0.266 0.2495 0.2495 0.2535 0.2535 0.2535 0.2805 0.2805 0.297 0.297 0.327 0.327 0.3315 0.3315 0.3315 0.371 0.371 0.3775 0.3775 0.384 0.384 0.384 0.418 0.418 0.396 0.396 0.4165 0.4165 0.4165 0.405 0.405 0.399 0.399 0.3615 0.3615 0.3615 0.367 0.367 0.3815 0.3815 0.3485 0.3485 0.3485 0.358 0.358 0.4205 0.4205 0.411 0.411 0.376 0.376 0.376 0.323 0.323 0.311 0.311 0.3235 0.3235 0.3235 0.304 0.304 0.3035 0.3035 0.322 0.322 0.322 0.334 0.334 0.39 0.39 0.464 0.464 0.464 0.357
0.2535 0.2535 0.266 0.266 0.2495 0.2495 0.2535 0.2535 0.2535 0.2805 0.2805 0.297 0.297 0.327 0.327 0.3315 0.3315 0.3315 0.371 0.371 0.3775 0.3775 0.384 0.384 0.384 0.418 0.418 0.396 0.396 0.4165 0.4165 0.4165 0.405 0.405 0.399 0.399 0.3615 0.3615 0.3615 0.367 0.367 0.3815 0.3815 0.3485 0.3485 0.3485 0.358 0.358 0.4205 0.4205 0.411 0.411 0.376 0.376 0.376 0.323 0.323 0.311 0.311 0.3235 0.3235 0.3235 0.304 0.304 0.3035 0.3035 0.322 0.322 0.322 0.334 0.334 0.39 0.39 0.464 0.464 0.464 0.357
0.2535 0.2535 0.266 0.266 0.2495 0.2495 0.2535 0.2535 0.2535 0.2805 0.2805 0.297 0.297 0.327 0.327 0.3315 0.3315 0.3315 0.371 0.371 0.3775 0.3775 0.384 0.384 0.384 0.418 0.418 0.396 0.396 0.4165 0.4165 0.4165 0.405 0.405 0.399 0.399 0.3615 0.3615 0.3615 0.367 0.367 0.3815 0.3815 0.3485 0.3485 0.3485 0.358 0.358 0.4205 0.4205 0.411 0.411 0.376 0.376 0.376 0.323 0.323 0.311 0.311 0.3235 0.3235 0.3235 0.304 0.304 0.3035 0.3035 0.322 0.322 0.322 0.334 0.334 0.39 0.39 0.464 0.464 0.464 0.357
0.276 0.276 0.2485 0.2485 0.3055 0.3055 0.3325 0.3325 0.3325 0.3175 0.3175 0.2995 0.2995 0.31 0.31 0.309 0.309 0.309 0.364 0.364 0.3585 0.3585 0.3545 0.3545 0.3545 0.3825 0.3825 0.405 0.405 0.4175 0.4175 0.4175 0.3875 0.3875 0.4055 0.4055 0.3985 0.3985 0.3985 0.42 0.42 0.423 0.423 0.4275 0.4275 0.4275 0.4295 0.4295 0.494 0.494 0.4135 0.4135 0.408 0.408 0.408 0.3285 0.3285 0.368 0.368 0.356 0.356 0.356 0.3165 0.3165 0.309 0.309 0.305 0.305 0.305 0.3655 0.3655 0.3435 0.3435 0.3585 0.3585 0.3585 0.396
0.276 0.276 0.2485 0.2485 0.3055 0.3055 0.3325 0.3325 0.3325 0.3175 0.3175 0.2995 0.2995 0.31 0.31 0.309 0.309 0.309 0.364 0.364 0.3585 0.3585 0.3545 0.3545 0.3545 0.3825 0.3825 0.405 0.405 0.4175 0.4175 0.4175 0.3875 0.3875 0.4055 0.4055 0.3985 0.3985 0.3985 0.42 0.42 0.423 0.423 0.4275 0.4275 0.4275 0.4295 0.4295 0.494 0.494 0.4135 0.4135 0.408 0.408 0.408 0.3285 0.3285 0.368 0.368 0.356 0.356 0.356 0.3165 0.3165 0.309 0.309 0.305 0.305 0.305 0.3655 0.3655 0.3435 0.3435 0.3585 0.3585 0.3585 0.396
0.276 0.276 0.3085 0.3085 0.3485 0.3485 0.3665 0.3665 0.3665 0.3505 0.3505 0.3355 0.3355 0.34 0.34 0.3525 0.3525 0.3525 0.3225 0.3225 0.3975 0.3975 0.3855 0.3855 0.3855 0.3235 0.3235 0.4015 0.4015 0.377 0.377 0.377 0.4385 0.4385 0.474 0.474 0.46 0.46 0.46 0.4795 0.4795 0.494 0.494 0.467 0.467 0.467 0.4655 0.4655 0.4895 0.4895 0.4445 0.4445 0.4035 0.4035 0.4035 0.327 0.327 0.305 0.305 0.338 0.338 0.338 0.358 0.358 0.376 0.376 0.3415 0.3415 0.3415 0.3615 0.3615 0.362 0.362 0.3685 0.3685 0.3685 0.406
0.276 0.276 0.3085 0.3085 0.3485 0.3485 0.3665 0.3665 0.3665 0.3505 0.3505 0.3355 0.3355 0.34 0.34 0.3525 0.3525 0.3525 0.3225 0.3225 0.3975 0.3975 0.3855 0.3855 0.3855 0.3235 0.3235 0.4015 0.4015 0.377 0.377 0.377 0.4385 0.4385 0.474 0.474 0.46 0.46 0.46 0.4795 0.4795 0.494 0.494 0.467 0.467 0.467 0.4655 0.4655 0.4895 0.4895 0.4445 0.4445 0.4035 0.4035 0.4035 0.327 0.327 0.305 0.305 0.338 0.338 0.338 0.358 0.358 0.376 0.376 0.3415 0.3415 0.3415 0.3615 0.3615 0.362 0.362 0.3685 0.3685 0.3685 0.406
0.2915 0.2915 0.3205 0.3205 0.3345 0.3345 0.357 0.357 0.357 0.3035 0.3035 0.3405 0.3405 0.33 0.33 0.3045 0.3045 0.3045 0.3425 0.3425 0.4185 0.4185 0.423 0.423 0.423 0.359 0.359 0.373 0.373 0.3715 0.3715 0.3715 0.3865 0.3865 0.4585 0.4585 0.4855 0.4855 0.4855 0.4615 0.4615 0.3445 0.3445 0.366 0.366 0.366 0.387 0.387 0.4355 0.4355 0.4065 0.4065 0.387 0.387 0.387 0.3465 0.3465 0.3345 0.3345 0.331 0.331 0.331 0.3465 0.3465 0.372 0.372 0.376 0.376 0.376 0.3715 0.3715 0.3795 0.3795 0.4395 0.4395 0.4395 0.465
0.2915 0.2915 0.3205 0.3205 0.3345 0.3345 0.357 0.357 0.357 0.3035 0.3035 0.3405 0.3405 0.33 0.33 0.3045 0.3045 0.3045 0.3425 0.3425 0.4185 0.4185 0.423 0.423 0.423 0.359 0.359 0.373 0.373 0.3715 0.3715 0.3715 0.3865 0.3865 0.4585 0.4585 0.4855 0.4855 0.4855 0.4615 0.4615 0.3445 0.3445 0.366 0.366 0.366 0.387 0.387 0.4355 0.4355 0.4065 0.4065 0.387 0.387 0.387 0.3465 0.3465 0.3345 0.3345 0.331 0.331 0.331 0.3465 0.3465 0.372 0.372 0.376 0.376 0.376 0.3715 0.3715 0.3795 0.3795 0.4395 0.4395 0.4395 0.465
0.272 0.272 0.3415 0.3415 0.3295 0.3295 0.3405 0.3405 0.3405 0.3685 0.3685 0.3725 0.3725 0.3045 0.3045 0.298 0.298 0.298 0.3255 0.3255 0.3565 0.3565 0.421 0.421 0.421 0.4075 0.4075 0.412 0.412 0.415 0.415 0.415 0.4375 0.4375 0.4385 0.4385 0.45 0.45 0.45 0.4335 0.4335 0.371 0.371 0.3155 0.3155 0.3155 0.3665 0.3665 0.3685 0.3685 0.397 0.397 0.422 0.422 0.422 0.3565 0.3565 0.3505 0.3505 0.3965 0.3965 0.3965 0.3325 0.3325 0.3735 0.3735 0.398 0.398 0.398 0.3945 0.3945 0.413 0.413 0.4465 0.4465 0.4465 0.4525
0.272 0.272 0.3415 0.3415 0.3295 0.3295 0.3405 0.3405 0.3405 0.3685 0.3685 0.3725 0.3725 0.3045 0.3045 0.298 0.298 0.298 0.3255 0.3255 0.3565 0.3565 0.421 0.421 0.421 0.4075 0.4075 0.412 0.412 0.415 0.415 0.415 0.4375 0.4375 0.4385 0.4385 0.45 0.45 0.45 0.4335 0.4335 0.371 0.371 0.3155 0.3155 0.3155 0.3665 0.3665 0.3685 0.3685 0.397 0.397 0.422 0.422 0.422 0.3565 0.3565 0.3505 0.3505 0.3965 0.3965 0.3965 0.3325 0.3325 0.3735 0.3735 0.398 0.398 0.398 0.3945 0.3945 0.413 0.413 0.4465 0.4465 0.4465 0.4525
0.272 0.272 0.3415 0.3415 0.3295 0.3295 0.3405 0.3405 0.3405 0.3685 0.3685 0.3725 0.3725 0.3045 0.3045 0.298 0.298 0.298 0.3255 0.3255 0.3565 0.3565 0.421 0.421 0.421 0.4075 0.4075 0.412 0.412 0.415 0.415 0.415 0.4375 0.4375 0.4385 0.4385 0.45 0.45 0.45 0.4335 0.4335 0.371 0.371 0.3155 0.3155 0.3155 0.3665 0.3665 0.3685 0.3685 0.397 0.397 0.422 0.422 0.422 0.3565 0.3565 0.3505 0.3505 0.3965 0.3965 0.3965 0.3325 0.3325 0.3735 0.3735 0.398 0.398 0.398 0.3945 0.3945 0.413 0.413 0.4465 0.4465 0.4465 0.4525
0.302 0.302 0.35 0.35 0.326 0.326 0.3625 0.3625 0.3625 0.3685 0.3685 0.3145 0.3145 0.2795 0.2795 0.2815 0.2815 0.2815 0.305 0.305 0.393 0.393 0.4235 0.4235 0.4235 0.403 0.403 0.455 0.455 0.46 0.46 0.46 0.4715 0.4715 0.444 0.444 0.4185 0.4185 0.4185 0.4575 0.4575 0.3965 0.3965 0.3325 0.3325 0.3325 0.332 0.332 0.358 0.358 0.405 0.405 0.4385 0.4385 0.4385 0.349 0.349 0.4225 0.4225 0.438 0.438 0.438 0.3695 0.3695 0.448 0.448 0.4075 0.4075 0.4075 0.4515 0.4515 0.4665 0.4665 0.4615 0.4615 0.4615 0.463
0.302 0.302 0.35 0.35 0.326 0.326 0.3625 0.3625 0.3625 0.3685 0.3685 0.3145 0.3145 0.2795 0.2795 0.2815 0.2815 0.2815 0.305 0.305 0.393 0.393 0.4235 0.4235 0.4235 0.403 0.403 0.455 0.455 0.46 0.46 0.46 0.4715 0.4715 0.444 0.444 0.4185 0.4185 0.4185 0.4575 0.4575 0.3965 0.3965 0.3325 0.3325 0.3325 0.332 0.332 0.358 0.358 0.405 0.405 0.4385 0.4385 0.4385 0.349 0.349 0.4225 0.4225 0.438 0.438 0.438 0.3695 0.3695 0.448 0.448 0.4075 0.4075 0.4075 0.4515 0.4515 0.4665 0.4665 0.4615 0.4615 0.4615 0.463
0.3175 0.3175 0.2745 0.2745 0.299 0.299 0.314 0.314 0.314 0.327 0.327 0.3095 0.3095 0.303 0.303 0.348 0.348 0.348 0.353 0.353 0.375 0.375 0.405 0.405 0.405 0.4295 0.4295 0.419 0.419 0.4475 0.4475 0.4475 0.405 0.405 0.4205 0.4205 0.409 0.409 0.409 0.401 0.401 0.3755 0.3755 0.392 0.392 0.392 0.396 0.396 0.394 0.394 0.435 0.435 0.465 0.465 0.465 0.4215 0.4215 0.428 0.428 0.439 0.439 0.439 0.437 0.437 0.4675 0.4675 0.479 0.479 0.479 0.4985 0.4985 0.5085 0.5085 0.5205 0.5205 0.5205 0.55
0.3175 0.3175 0.2745 0.2745 0.299 0.299 0.314 0.314 0.314 0.327 0.327 0.3095 0.3095 0.303 0.303 0.348 0.348 0.348 0.353 0.353 0.375 0.375 0.405 0.405 0.405 0.4295 0.4295 0.419 0.419 0.4475 0.4475 0.4475 0.405 0.405 0.4205 0.4205 0.409 0.409 0.409 0.401 0.401 0.3755 0.3755 0.392 0.392 0.392 0.396 0.396 0.394 0.394 0.435 0.435 0.465 0.465 0.465 0.4215 0.4215 0.428 0.428 0.439 0.439 0.439 0.437 0.437 0.4675 0.4675 0.479 0.479 0.479 0.4985 0.4985 0.5085 0.5085 0.5205 0.5205 0.5205 0.55
0.25 0.25 0.2705 0.2705 0.2515 0.2515 0.3075 0.3075 0.3075 0.304 0.304 0.3085 0.3085 0.336 0.336 0.336 0.336 0.336 0.3535 0.3535 0.4025 0.4025 0.4295 0.4295 0.4295 0.3885 0.3885 0.3835 0.3835 0.4305 0.4305 0.4305 0.395 0.395 0.441 0.441 0.3795 0.3795 0.3795 0.387 0.387 0.4755 0.4755 0.459 0.459 0.459 0.441 0.441 0.4205 0.4205 0.422 0.422 0.432 0.432 0.432 0.4695 0.4695 0.527 0.527 0.557 0.557 0.557 0.533 0.533 0.5515 0.5515 0.5205 0.5205 0.5205 0.522 0.522 0.5295 0.5295 0.51 0.51 0.51 0.5725
0.25 0.25 0.2705 0.2705 0.2515 0.2515 0.3075 0.3075 0.3075 0.304 0.304 0.3085 0.3085 0.336 0.336 0.336 0.336 0.336 0.3535 0.3535 0.4025 0.4025 0.4295 0.4295 0.4295 0.3885 0.3885 0.3835 0.3835 0.4305 0.4305 0.4305 0.395 0.395 0.441 0.441 0.3795 0.3795 0.3795 0.387 0.387 0.4755 0.4755 0.459 0.459 0.459 0.441 0.441 0.4205 0.4205 0.422 0.422 0.432 0.432 0.432 0.4695 0.4695 0.527 0.527 0.557 0.557 0.557 0.533 0.533 0.5515 0.5515 0.5205 0.5205 0.5205 0.522 0.522 0.5295 0.5295 0.51 0.51 0.51 0.5725
0.25 0.25 0.2705 0.2705 0.2515 0.2515 0.3075 0.3075 0.3075 0.304 0.304 0.3085 0.3085 0.336 0.336 0.336 0.336 0.336 0.3535 0.3535 0.4025 0.4025 0.4295 0.4295 0.4295 0.3885 0.3885 0.3835 0.3835 0.4305 0.4305 0.4305 0.395 0.395 0.441 0.441 0.3795 0.3795 0.3795 0.387 0.387 0.4755 0.4755 0.459 0.459 0.459 0.441 0.441 0.4205 0.4205 0.422 0.422 0.432 0.432 0.432 0.4695 0.4695 0.527 0.527 0.557 0.557 0.557 0.533 0.533 0.5515 0.5515 0.5205 0.5205 0.5205 0.522 0.522 0.5295 0.5295 0.51 0.51 0.51 0.5725
0.2405 0.2405 0.281 0.281 0.3305 0.3305 0.3255 0.3255 0.3255 0.285 0.285 0.3265 0.3265 0.301 0.301 0.312 0.312 0.312 0.3365 0.3365 0.4005 0.4005 0.388 0.388 0.388 0.437 0.437 0.433 0.433 0.39 0.39 0.39 0.4035 0.4035 0.4015 0.4015 0.4765 0.4765 0.4765 0.467 0.467 0.394 0.394 0.428 0.428 0.428 0.464 0.464 0.4415 0.4415 0.4545 0.4545 0.4715 0.4715 0.4715 0.495 0.495 0.559 0.559 0.5365 0.5365 0.5365 0.551 0.551 0.523 0.523 0.5395 0.5395 0.5395 0.5115 0.5115 0.506 0.506 0.5495 0.5495 0.5495 0.545
0.2405 0.2405 0.281 0.281 0.3305 0.3305 0.3255 0.3255 0.3255 0.285 0.285 0.3265 0.3265 0.301 0.301 0.312 0.312 0.312 0.3365 0.3365 0.4005 0.4005 0.388 0.388 0.388 0.437 0.437 0.433 0.433 0.39 0.39 0.39 0.4035 0.4035 0.4015 0.4015 0.4765 0.4765 0.4765 0.467 0.467 0.394 0.394 0.428 0.428 0.428 0.464 0.464 0.4415 0.4415 0.4545 0.4545 0.4715 0.4715 0.4715 0.495 0.495 0.559 0.559 0.5365 0.5365 0.5365 0.551 0.551 0.523 0.523 0.5395 0.5395 0.5395 0.5115 0.5115 0.506 0.506 0.5495 0.5495 0.5495 0.545
0.2565 0.2565 0.247 0.247 0.329 0.329 0.304 0.304 0.304 0.281 0.281 0.2995 0.2995 0.314 0.314 0.3535 0.3535 0.3535 0.402 0.402 0.424 0.424 0.414 0.414 0.414 0.419 0.419 0.466 0.466 0.3945 0.3945 0.3945 0.43 0.43 0.418 0.418 0.536 0.536 0.536 0.4875 0.4875 0.4455 0.4455 0.4255 0.4255 0.4255 0.408 0.408 0.4175 0.4175 0.4685 0.4685 0.526 0.526 0.526 0.543 0.543 0.593 0.593 0.548 0.548 0.548 0.5155 0.5155 0.5215 0.5215 0.508 0.508 0.508 0.51 0.51 0.559 0.559 0.5685 0.5685 0.5685 0.591
0.2565 0.2565 0.247 0.247 0.329 0.329 0.304 0.304 0.304 0.281 0.281 0.2995 0.2995 0.314 0.314 0.3535 0.3535 0.3535 0.402 0.402 0.424 0.424 0.414 0.414 0.414 0.419 0.419 0.466 0.466 0.3945 0.3945 0.3945 0.43 0.43 0.418 0.418 0.536 0.536 0.536 0.4875 0.4875 0.4455 0.4455 0.4255 0.4255 0.4255 0.408 0.408 0.4175 0.4175 0.4685 0.4685 0.526 0.526 0.526 0.543 0.543 0.593 0.593 0.548 0.548 0.548 0.5155 0.5155 0.5215 0.5215 0.508 0.508 0.508 0.51 0.51 0.559 0.559 0.5685 0.5685 0.5685 0.591
