ndvi/NOAA-205.asc
ncols         252
nrows         154
xllcorner     -18.017974
yllcorner     13.481982
cellsize      0.035948
NODATA_value  -9999
[rows 35 to 69 of 154, columns 77 to 153 of 252]
0.1475 0.1475 0.1505 0.1505 0.1445 0.1445 0.1405 0.1405 0.1405 0.1405 0.1405 0.147 0.147 0.149 0.149 0.1555 0.1555 0.1555 0.153 0.153 0.151 0.151 0.1535 0.1535 0.1535 0.1525 0.1525 0.1555 0.1555 0.156 0.156 0.156 0.154 0.154 0.1525 0.1525 0.1465 0.1465 0.1465 0.1485 0.1485 0.1485 0.1485 0.1605 0.1605 0.1605 0.1585 0.1585 0.1525 0.1525 0.1525 0.1525 0.154 0.154 0.154 0.154 0.154 0.162 0.162 0.1705 0.1705 0.1705 0.172 0.172 0.175 0.175 0.17 0.17 0.17 0.164 0.164 0.138 0.138 0.1255 0.1255 0.1255 0.1405
0.1475 0.1475 0.1505 0.1505 0.1445 0.1445 0.1405 0.1405 0.1405 0.1405 0.1405 0.147 0.147 0.149 0.149 0.1555 0.1555 0.1555 0.153 0.153 0.151 0.151 0.1535 0.1535 0.1535 0.1525 0.1525 0.1555 0.1555 0.156 0.156 0.156 0.154 0.154 0.1525 0.1525 0.1465 0.1465 0.1465 0.1485 0.1485 0.1485 0.1485 0.1605 0.1605 0.1605 0.1585 0.1585 0.1525 0.1525 0.1525 0.1525 0.154 0.154 0.154 0.154 0.154 0.162 0.162 0.1705 0.1705 0.1705 0.172 0.172 0.175 0.175 0.17 0.17 0.17 0.164 0.164 0.138 0.138 0.1255 0.1255 0.1255 0.1405
0.1565 0.1565 0.16 0.16 0.158 0.158 0.1565 0.1565 0.1565 0.156 0.156 0.163 0.163 0.1655 0.1655 0.1555 0.1555 0.1555 0.157 0.157 0.157 0.157 0.156 0.156 0.156 0.1625 0.1625 0.161 0.161 0.1655 0.1655 0.1655 0.1615 0.1615 0.161 0.161 0.1555 0.1555 0.1555 0.159 0.159 0.1575 0.1575 0.165 0.165 0.165 0.166 0.166 0.1625 0.1625 0.166 0.166 0.1665 0.1665 0.1665 0.171 0.171 0.1925 0.1925 0.1905 0.1905 0.1905 0.1825 0.1825 0.182 0.182 0.176 0.176 0.176 0.1665 0.1665 0.1385 0.1385 0.139 0.139 0.139 0.147
0.1565 0.1565 0.16 0.16 0.158 0.158 0.1565 0.1565 0.1565 0.156 0.156 0.163 0.163 0.1655 0.1655 0.1555 0.1555 0.1555 0.157 0.157 0.157 0.157 0.156 0.156 0.156 0.1625 0.1625 0.161 0.161 0.1655 0.1655 0.1655 0.1615 0.1615 0.161 0.161 0.1555 0.1555 0.1555 0.159 0.159 0.1575 0.1575 0.165 0.165 0.165 0.166 0.166 0.1625 0.1625 0.166 0.166 0.1665 0.1665 0.1665 0.171 0.171 0.1925 0.1925 0.1905 0.1905 0.1905 0.1825 0.1825 0.182 0.182 0.176 0.176 0.176 0.1665 0.1665 0.1385 0.1385 0.139 0.139 0.139 0.147
0.165 0.165 0.1595 0.1595 0.159 0.159 0.1535 0.1535 0.1535 0.1585 0.1585 0.1675 0.1675 0.1675 0.1675 0.1715 0.1715 0.1715 0.157 0.157 0.1585 0.1585 0.163 0.163 0.163 0.165 0.165 0.1675 0.1675 0.178 0.178 0.178 0.177 0.177 0.1745 0.1745 0.1725 0.1725 0.1725 0.1675 0.1675 0.17 0.17 0.1925 0.1925 0.1925 0.187 0.187 0.187 0.187 0.1865 0.1865 0.227 0.227 0.227 0.1935 0.1935 0.195 0.195 0.204 0.204 0.204 0.1855 0.1855 0.188 0.188 0.172 0.172 0.172 0.162 0.162 0.1305 0.1305 0.1285 0.1285 0.1285 0.1475
0.165 0.165 0.1595 0.1595 0.159 0.159 0.1535 0.1535 0.1535 0.1585 0.1585 0.1675 0.1675 0.1675 0.1675 0.1715 0.1715 0.1715 0.157 0.157 0.1585 0.1585 0.163 0.163 0.163 0.165 0.165 0.1675 0.1675 0.178 0.178 0.178 0.177 0.177 0.1745 0.1745 0.1725 0.1725 0.1725 0.1675 0.1675 0.17 0.17 0.1925 0.1925 0.1925 0.187 0.187 0.187 0.187 0.1865 0.1865 0.227 0.227 0.227 0.1935 0.1935 0.195 0.195 0.204 0.204 0.204 0.1855 0.1855 0.188 0.188 0.172 0.172 0.172 0.162 0.162 0.1305 0.1305 0.1285 0.1285 0.1285 0.1475
0.17 0.17 0.161 0.161 0.162 0.162 0.1625 0.1625 0.1625 0.161 0.161 0.163 0.163 0.1725 0.1725 0.167 0.167 0.167 0.1505 0.1505 0.1545 0.1545 0.16 0.16 0.16 0.1785 0.1785 0.1885 0.1885 0.1845 0.1845 0.1845 0.179 0.179 0.18 0.18 0.1825 0.1825 0.1825 0.182 0.182 0.1925 0.1925 0.1985 0.1985 0.1985 0.1905 0.1905 0.194 0.194 0.19 0.19 0.2405 0.2405 0.2405 0.214 0.214 0.2115 0.2115 0.179 0.179 0.179 0.174 0.174 0.167 0.167 0.1395 0.1395 0.1395 0.1605 0.1605 0.1425 0.1425 0.1305 0.1305 0.1305 0.1415
0.17 0.17 0.161 0.161 0.162 0.162 0.1625 0.1625 0.1625 0.161 0.161 0.163 0.163 0.1725 0.1725 0.167 0.167 0.167 0.1505 0.1505 0.1545 0.1545 0.16 0.16 0.16 0.1785 0.1785 0.1885 0.1885 0.1845 0.1845 0.1845 0.179 0.179 0.18 0.18 0.1825 0.1825 0.1825 0.182 0.182 0.1925 0.1925 0.1985 0.1985 0.1985 0.1905 0.1905 0.194 0.194 0.19 0.19 0.2405 0.2405 0.2405 0.214 0.214 0.2115 0.2115 0.179 0.179 0.179 0.174 0.174 0.167 0.167 0.1395 0.1395 0.1395 0.1605 0.1605 0.1425 0.1425 0.1305 0.1305 0.1305 0.1415
0.17 0.17 0.161 0.161 0.162 0.162 0.1625 0.1625 0.1625 0.161 0.161 0.163 0.163 0.1725 0.1725 0.167 0.167 0.167 0.1505 0.1505 0.1545 0.1545 0.16 0.16 0.16 0.1785 0.1785 0.1885 0.1885 0.1845 0.1845 0.1845 0.179 0.179 0.18 0.18 0.1825 0.1825 0.1825 0.182 0.182 0.1925 0.1925 0.1985 0.1985 0.1985 0.1905 0.1905 0.194 0.194 0.19 0.19 0.2405 0.2405 0.2405 0.214 0.214 0.2115 0.2115 0.179 0.179 0.179 0.174 0.174 0.167 0.167 0.1395 0.1395 0.1395 0.1605 0.1605 0.1425 0.1425 0.1305 0.1305 0.1305 0.1415
0.179 0.179 0.169 0.169 0.1585 0.1585 0.157 0.157 0.157 0.1605 0.1605 0.1575 0.1575 0.1635 0.1635 0.1705 0.1705 0.1705 0.173 0.173 0.155 0.155 0.163 0.163 0.163 0.1755 0.1755 0.188 0.188 0.186 0.186 0.186 0.204 0.204 0.2 0.2 0.205 0.205 0.205 0.1975 0.1975 0.208 0.208 0.2025 0.2025 0.2025 0.1735 0.1735 0.184 0.184 0.177 0.177 0.2385 0.2385 0.2385 0.2215 0.2215 0.1985 0.1985 0.1815 0.1815 0.1815 0.1695 0.1695 0.1455 0.1455 0.1465 0.1465 0.1465 0.146 0.146 0.1375 0.1375 0.1425 0.1425 0.1425 0.1245
0.179 0.179 0.169 0.169 0.1585 0.1585 0.157 0.157 0.157 0.1605 0.1605 0.1575 0.1575 0.1635 0.1635 0.1705 0.1705 0.1705 0.173 0.173 0.155 0.155 0.163 0.163 0.163 0.1755 0.1755 0.188 0.188 0.186 0.186 0.186 0.204 0.204 0.2 0.2 0.205 0.205 0.205 0.1975 0.1975 0.208 0.208 0.2025 0.2025 0.2025 0.1735 0.1735 0.184 0.184 0.177 0.177 0.2385 0.2385 0.2385 0.2215 0.2215 0.1985 0.1985 0.1815 0.1815 0.1815 0.1695 0.1695 0.1455 0.1455 0.1465 0.1465 0.1465 0.146 0.146 0.1375 0.1375 0.1425 0.1425 0.1425 0.1245
0.1785 0.1785 0.1755 0.1755 0.1705 0.1705 0.165 0.165 0.165 0.16 0.16 0.154 0.154 0.159 0.159 0.169 0.169 0.169 0.179 0.179 0.173 0.173 0.185 0.185 0.185 0.1765 0.1765 0.1895 0.1895 0.195 0.195 0.195 0.2285 0.2285 0.2235 0.2235 0.199 0.199 0.199 0.1625 0.1625 0.175 0.175 0.202 0.202 0.202 0.2005 0.2005 0.2055 0.2055 0.198 0.198 0.2 0.2 0.2 0.1815 0.1815 0.1825 0.1825 0.172 0.172 0.172 0.171 0.171 0.154 0.154 0.152 0.152 0.152 0.158 0.158 0.1495 0.1495 0.132 0.132 0.132 0.1385
0.1785 0.1785 0.1755 0.1755 0.1705 0.1705 0.165 0.165 0.165 0.16 0.16 0.154 0.154 0.159 0.159 0.169 0.169 0.169 0.179 0.179 0.173 0.173 0.185 0.185 0.185 0.1765 0.1765 0.1895 0.1895 0.195 0.195 0.195 0.2285 0.2285 0.2235 0.2235 0.199 0.199 0.199 0.1625 0.1625 0.175 0.175 0.202 0.202 0.202 0.2005 0.2005 0.2055 0.2055 0.198 0.198 0.2 0.2 0.2 0.1815 0.1815 0.1825 0.1825 0.172 0.172 0.172 0.171 0.171 0.154 0.154 0.152 0.152 0.152 0.158 0.158 0.1495 0.1495 0.132 0.132 0.132 0.1385
0.1945 0.1945 0.176 0.176 0.188 0.188 0.1705 0.1705 0.1705 0.1655 0.1655 0.162 0.162 0.169 0.169 0.189 0.189 0.189 0.193 0.193 0.2065 0.2065 0.205 0.205 0.205 0.201 0.201 0.2125 0.2125 0.211 0.211 0.211 0.2445 0.2445 0.247 0.247 0.1935 0.1935 0.1935 0.165 0.165 0.1595 0.1595 0.172 0.172 0.172 0.1905 0.1905 0.19 0.19 0.189 0.189 0.1905 0.1905 0.1905 0.1865 0.1865 0.181 0.181 0.174 0.174 0.174 0.1845 0.1845 0.167 0.167 0.192 0.192 0.192 0.1935 0.1935 0.1735 0.1735 0.144 0.144 0.144 0.1325
0.1945 0.1945 0.176 0.176 0.188 0.188 0.1705 0.1705 0.1705 0.1655 0.1655 0.162 0.162 0.169 0.169 0.189 0.189 0.189 0.193 0.193 0.2065 0.2065 0.205 0.205 0.205 0.201 0.201 0.2125 0.2125 0.211 0.211 0.211 0.2445 0.2445 0.247 0.247 0.1935 0.1935 0.1935 0.165 0.165 0.1595 0.1595 0.172 0.172 0.172 0.1905 0.1905 0.19 0.19 0.189 0.189 0.1905 0.1905 0.1905 0.1865 0.1865 0.181 0.181 0.174 0.174 0.174 0.1845 0.1845 0.167 0.167 0.192 0.192 0.192 0.1935 0.1935 0.1735 0.1735 0.144 0.144 0.144 0.1325
0.1945 0.1945 0.176 0.176 0.188 0.188 0.1705 0.1705 0.1705 0.1655 0.1655 0.162 0.162 0.169 0.169 0.189 0.189 0.189 0.193 0.193 0.2065 0.2065 0.205 0.205 0.205 0.201 0.201 0.2125 0.2125 0.211 0.211 0.211 0.2445 0.2445 0.247 0.247 0.1935 0.1935 0.1935 0.165 0.165 0.1595 0.1595 0.172 0.172 0.172 0.1905 0.1905 0.19 0.19 0.189 0.189 0.1905 0.1905 0.1905 0.1865 0.1865 0.181 0.181 0.174 0.174 0.174 0.1845 0.1845 0.167 0.167 0.192 0.192 0.192 0.1935 0.1935 0.1735 0.1735 0.144 0.144 0.144 0.1325
0.201 0.201 0.1935 0.1935 0.195 0.195 0.202 0.202 0.202 0.208 0.208 0.207 0.207 0.2055 0.2055 0.2065 0.2065 0.2065 0.2105 0.2105 0.2115 0.2115 0.216 0.216 0.216 0.2145 0.2145 0.21 0.21 0.197 0.197 0.197 0.23 0.23 0.2175 0.2175 0.2065 0.2065 0.2065 0.148 0.148 0.154 0.154 0.1555 0.1555 0.1555 0.1895 0.1895 0.1675 0.1675 0.194 0.194 0.191 0.191 0.191 0.194 0.194 0.1895 0.1895 0.1925 0.1925 0.1925 0.1915 0.1915 0.195 0.195 0.2 0.2 0.2 0.2005 0.2005 0.2015 0.2015 0.1715 0.1715 0.1715 0.1305
0.201 0.201 0.1935 0.1935 0.195 0.195 0.202 0.202 0.202 0.208 0.208 0.207 0.207 0.2055 0.2055 0.2065 0.2065 0.2065 0.2105 0.2105 0.2115 0.2115 0.216 0.216 0.216 0.2145 0.2145 0.21 0.21 0.197 0.197 0.197 0.23 0.23 0.2175 0.2175 0.2065 0.2065 0.2065 0.148 0.148 0.154 0.154 0.1555 0.1555 0.1555 0.1895 0.1895 0.1675 0.1675 0.194 0.194 0.191 0.191 0.191 0.194 0.194 0.1895 0.1895 0.1925 0.1925 0.1925 0.1915 0.1915 0.195 0.195 0.2 0.2 0.2 0.2005 0.2005 0.2015 0.2015 0.1715 0.1715 0.1715 0.1305
0.2035 0.2035 0.21 0.21 0.205 0.205 0.204 0.204 0.204 0.211 0.211 0.214 0.214 0.2065 0.2065 0.215 0.215 0.215 0.215 0.215 0.212 0.212 0.206 0.206 0.206 0.2045 0.2045 0.203 0.203 0.198 0.198 0.198 0.199 0.199 0.244 0.244 0.2 0.2 0.2 0.191 0.191 0.1835 0.1835 0.1565 0.1565 0.1565 0.148 0.148 0.174 0.174 0.198 0.198 0.1985 0.1985 0.1985 0.211 0.211 0.2155 0.2155 0.2265 0.2265 0.2265 0.2185 0.2185 0.237 0.237 0.197 0.197 0.197 0.1935 0.1935 0.1905 0.1905 0.1745 0.1745 0.1745 0.1255
0.2035 0.2035 0.21 0.21 0.205 0.205 0.204 0.204 0.204 0.211 0.211 0.214 0.214 0.2065 0.2065 0.215 0.215 0.215 0.215 0.215 0.212 0.212 0.206 0.206 0.206 0.2045 0.2045 0.203 0.203 0.198 0.198 0.198 0.199 0.199 0.244 0.244 0.2 0.2 0.2 0.191 0.191 0.1835 0.1835 0.1565 0.1565 0.1565 0.148 0.148 0.174 0.174 0.198 0.198 0.1985 0.1985 0.1985 0.211 0.211 0.2155 0.2155 0.2265 0.2265 0.2265 0.2185 0.2185 0.237 0.237 0.197 0.197 0.197 0.1935 0.1935 0.1905 0.1905 0.1745 0.1745 0.1745 0.1255
0.2475 0.2475 0.2335 0.2335 0.2305 0.2305 0.2205 0.2205 0.2205 0.2215 0.2215 0.218 0.218 0.2155 0.2155 0.2155 0.2155 0.2155 0.218 0.218 0.202 0.202 0.201 0.201 0.201 0.198 0.198 0.198 0.198 0.1895 0.1895 0.1895 0.174 0.174 0.1895 0.1895 0.185 0.185 0.185 0.199 0.199 0.144 0.144 0.1595 0.1595 0.1595 0.158 0.158 0.175 0.175 0.193 0.193 0.203 0.203 0.203 0.2215 0.2215 0.2325 0.2325 0.234 0.234 0.234 0.224 0.224 0.2225 0.2225 0.1975 0.1975 0.1975 0.182 0.182 0.1705 0.1705 0.1665 0.1665 0.1665 0.1275
0.2475 0.2475 0.2335 0.2335 0.2305 0.2305 0.2205 0.2205 0.2205 0.2215 0.2215 0.218 0.218 0.2155 0.2155 0.2155 0.2155 0.2155 0.218 0.218 0.202 0.202 0.201 0.201 0.201 0.198 0.198 0.198 0.198 0.1895 0.1895 0.1895 0.174 0.174 0.1895 0.1895 0.185 0.185 0.185 0.199 0.199 0.144 0.144 0.1595 0.1595 0.1595 0.158 0.158 0.175 0.175 0.193 0.193 0.203 0.203 0.203 0.2215 0.2215 0.2325 0.2325 0.234 0.234 0.234 0.224 0.224 0.2225 0.2225 0.1975 0.1975 0.1975 0.182 0.182 0.1705 0.1705 0.1665 0.1665 0.1665 0.1275
0.2505 0.2505 0.2285 0.2285 0.2335 0.2335 0.2235 0.2235 0.2235 0.2255 0.2255 0.2255 0.2255 0.231 0.231 0.2245 0.2245 0.2245 0.2105 0.2105 0.21 0.21 0.198 0.198 0.198 0.2095 0.2095 0.217 0.217 0.222 0.222 0.222 0.192 0.192 0.1905 0.1905 0.191 0.191 0.191 0.1915 0.1915 0.1785 0.1785 0.193 0.193 0.193 0.1565 0.1565 0.169 0.169 0.166 0.166 0.1925 0.1925 0.1925 0.225 0.225 0.2145 0.2145 0.232 0.232 0.232 0.224 0.224 0.224 0.224 0.215 0.215 0.215 0.186 0.186 0.1675 0.1675 0.157 0.157 0.157 0.127
0.2505 0.2505 0.2285 0.2285 0.2335 0.2335 0.2235 0.2235 0.2235 0.2255 0.2255 0.2255 0.2255 0.231 0.231 0.2245 0.2245 0.2245 0.2105 0.2105 0.21 0.21 0.198 0.198 0.198 0.2095 0.2095 0.217 0.217 0.222 0.222 0.222 0.192 0.192 0.1905 0.1905 0.191 0.191 0.191 0.1915 0.1915 0.1785 0.1785 0.193 0.193 0.193 0.1565 0.1565 0.169 0.169 0.166 0.166 0.1925 0.1925 0.1925 0.225 0.225 0.2145 0.2145 0.232 0.232 0.232 0.224 0.224 0.224 0.224 0.215 0.215 0.215 0.186 0.186 0.1675 0.1675 0.157 0.157 0.157 0.127
0.2505 0.2505 0.2285 0.2285 0.2335 0.2335 0.2235 0.2235 0.2235 0.2255 0.2255 0.2255 0.2255 0.231 0.231 0.2245 0.2245 0.2245 0.2105 0.2105 0.21 0.21 0.198 0.198 0.198 0.2095 0.2095 0.217 0.217 0.222 0.222 0.222 0.192 0.192 0.1905 0.1905 0.191 0.191 0.191 0.1915 0.1915 0.1785 0.1785 0.193 0.193 0.193 0.1565 0.1565 0.169 0.169 0.166 0.166 0.1925 0.1925 0.1925 0.225 0.225 0.2145 0.2145 0.232 0.232 0.232 0.224 0.224 0.224 0.224 0.215 0.215 0.215 0.186 0.186 0.1675 0.1675 0.157 0.157 0.157 0.127
0.229 0.229 0.2195 0.2195 0.2355 0.2355 0.224 0.224 0.224 0.228 0.228 0.211 0.211 0.212 0.212 0.214 0.214 0.214 0.19 0.19 0.204 0.204 0.219 0.219 0.219 0.211 0.211 0.2185 0.2185 0.214 0.214 0.214 0.2175 0.2175 0.2235 0.2235 0.1985 0.1985 0.1985 0.1755 0.1755 0.172 0.172 0.1895 0.1895 0.1895 0.1815 0.1815 0.135 0.135 0.144 0.144 0.1605 0.1605 0.1605 0.1385 0.1385 0.202 0.202 0.225 0.225 0.225 0.2265 0.2265 0.227 0.227 0.235 0.235 0.235 0.2155 0.2155 0.2065 0.2065 0.165 0.165 0.165 0.142
0.229 0.229 0.2195 0.2195 0.2355 0.2355 0.224 0.224 0.224 0.228 0.228 0.211 0.211 0.212 0.212 0.214 0.214 0.214 0.19 0.19 0.204 0.204 0.219 0.219 0.219 0.211 0.211 0.2185 0.2185 0.214 0.214 0.214 0.2175 0.2175 0.2235 0.2235 0.1985 0.1985 0.1985 0.1755 0.1755 0.172 0.172 0.1895 0.1895 0.1895 0.1815 0.1815 0.135 0.135 0.144 0.144 0.1605 0.1605 0.1605 0.1385 0.1385 0.202 0.202 0.225 0.225 0.225 0.2265 0.2265 0.227 0.227 0.235 0.235 0.235 0.2155 0.2155 0.2065 0.2065 0.165 0.165 0.165 0.142
0.271 0.271 0.2825 0.2825 0.2875 0.2875 0.3125 0.3125 0.3125 0.291 0.291 0.2655 0.2655 0.2505 0.2505 0.2165 0.2165 0.2165 0.205 0.205 0.23 0.23 0.2365 0.2365 0.2365 0.234 0.234 0.224 0.224 0.213 0.213 0.213 0.2155 0.2155 0.2135 0.2135 0.2035 0.2035 0.2035 0.2145 0.2145 0.1635 0.1635 0.176 0.176 0.176 0.168 0.168 0.132 0.132 0.134 0.134 0.132 0.132 0.132 0.1715 0.1715 0.1835 0.1835 0.2185 0.2185 0.2185 0.224 0.224 0.2225 0.2225 0.2325 0.2325 0.2325 0.2005 0.2005 0.1965 0.1965 0.1715 0.1715 0.1715 0.127
0.271 0.271 0.2825 0.2825 0.2875 0.2875 0.3125 0.3125 0.3125 0.291 0.291 0.2655 0.2655 0.2505 0.2505 0.2165 0.2165 0.2165 0.205 0.205 0.23 0.23 0.2365 0.2365 0.2365 0.234 0.234 0.224 0.224 0.213 0.213 0.213 0.2155 0.2155 0.2135 0.2135 0.2035 0.2035 0.2035 0.2145 0.2145 0.1635 0.1635 0.176 0.176 0.176 0.168 0.168 0.132 0.132 0.134 0.134 0.132 0.132 0.132 0.1715 0.1715 0.1835 0.1835 0.2185 0.2185 0.2185 0.224 0.224 0.2225 0.2225 0.2325 0.2325 0.2325 0.2005 0.2005 0.1965 0.1965 0.1715 0.1715 0.1715 0.127
0.257 0.257 0.281 0.281 0.257 0.257 0.268 0.268 0.268 0.313 0.313 0.3015 0.3015 0.2855 0.2855 0.294 0.294 0.294 0.2795 0.2795 0.268 0.268 0.268 0.268 0.268 0.2345 0.2345 0.236 0.236 0.216 0.216 0.216 0.222 0.222 0.216 0.216 0.21 0.21 0.21 0.218 0.218 0.182 0.182 0.141 0.141 0.141 0.151 0.151 0.1375 0.1375 0.145 0.145 0.193 0.193 0.193 0.1785 0.1785 0.1925 0.1925 0.2335 0.2335 0.2335 0.223 0.223 0.2155 0.2155 0.2175 0.2175 0.2175 0.222 0.222 0.2025 0.2025 0.1695 0.1695 0.1695 0.151
0.257 0.257 0.281 0.281 0.257 0.257 0.268 0.268 0.268 0.313 0.313 0.3015 0.3015 0.2855 0.2855 0.294 0.294 0.294 0.2795 0.2795 0.268 0.268 0.268 0.268 0.268 0.2345 0.2345 0.236 0.236 0.216 0.216 0.216 0.222 0.222 0.216 0.216 0.21 0.21 0.21 0.218 0.218 0.182 0.182 0.141 0.141 0.141 0.151 0.151 0.1375 0.1375 0.145 0.145 0.193 0.193 0.193 0.1785 0.1785 0.1925 0.1925 0.2335 0.2335 0.2335 0.223 0.223 0.2155 0.2155 0.2175 0.2175 0.2175 0.222 0.222 0.2025 0.2025 0.1695 0.1695 0.1695 0.151
0.257 0.257 0.281 0.281 0.257 0.257 0.268 0.268 0.268 0.313 0.313 0.3015 0.3015 0.2855 0.2855 0.294 0.294 0.294 0.2795 0.2795 0.268 0.268 0.268 0.268 0.268 0.2345 0.2345 0.236 0.236 0.216 0.216 0.216 0.222 0.222 0.216 0.216 0.21 0.21 0.21 0.218 0.218 0.182 0.182 0.141 0.141 0.141 0.151 0.151 0.1375 0.1375 0.145 0.145 0.193 0.193 0.193 0.1785 0.1785 0.1925 0.1925 0.2335 0.2335 0.2335 0.223 0.223 0.2155 0.2155 0.2175 0.2175 0.2175 0.222 0.222 0.2025 0.2025 0.1695 0.1695 0.1695 0.151
0.26 0.26 0.274 0.274 0.2335 0.2335 0.257 0.257 0.257 0.333 0.333 0.2345 0.2345 0.2825 0.2825 0.279 0.279 0.279 0.2975 0.2975 0.303 0.303 0.2855 0.2855 0.2855 0.287 0.287 0.242 0.242 0.2295 0.2295 0.2295 0.216 0.216 0.205 0.205 0.2015 0.2015 0.2015 0.199 0.199 0.198 0.198 0.191 0.191 0.191 0.1725 0.1725 0.195 0.195 0.1795 0.1795 0.193 0.193 0.193 0.2005 0.2005 0.202 0.202 0.23 0.23 0.23 0.2355 0.2355 0.229 0.229 0.2385 0.2385 0.2385 0.2255 0.2255 0.212 0.212 0.1965 0.1965 0.1965 0.1475
0.26 0.26 0.274 0.274 0.2335 0.2335 0.257 0.257 0.257 0.333 0.333 0.2345 0.2345 0.2825 0.2825 0.279 0.279 0.279 0.2975 0.2975 0.303 0.303 0.2855 0.2855 0.2855 0.287 0.287 0.242 0.242 0.2295 0.2295 0.2295 0.216 0.216 0.205 0.205 0.2015 0.2015 0.2015 0.199 0.199 0.198 0.198 0.191 0.191 0.191 0.1725 0.1725 0.195 0.195 0.1795 0.1795 0.193 0.193 0.193 0.2005 0.2005 0.202 0.202 0.23 0.23 0.23 0.2355 0.2355 0.229 0.229 0.2385 0.2385 0.2385 0.2255 0.2255 0.212 0.212 0.1965 0.1965 0.1965 0.1475
0.233 0.233 0.2365 0.2365 0.2475 0.2475 0.217 0.217 0.217 0.2135 0.2135 0.228 0.228 0.2475 0.2475 0.2525 0.2525 0.2525 0.3465 0.3465 0.3025 0.3025 0.2825 0.2825 0.2825 0.3115 0.3115 0.269 0.269 0.2465 0.2465 0.2465 0.2095 0.2095 0.21 0.21 0.224 0.224 0.224 0.2245 0.2245 0.2155 0.2155 0.1885 0.1885 0.1885 0.1735 0.1735 0.1785 0.1785 0.1895 0.1895 0.192 0.192 0.192 0.2015 0.2015 0.209 0.209 0.217 0.217 0.217 0.2345 0.2345 0.2385 0.2385 0.233 0.233 0.233 0.2205 0.2205 0.2165 0.2165 0.189 0.189 0.189 0.1565
