ndvi/NOAA-155.asc
ncols         252
nrows         154
xllcorner     -18.017974
yllcorner     13.481982
cellsize      0.035948
NODATA_value  -9999
[rows 68 to 101 of 154, columns 77 to 153 of 252]
0.2575 0.2575 0.249 0.249 0.216 0.216 0.3105 0.3105 0.3105 0.323 0.323 0.238 0.238 0.255 0.255 0.2465 0.2465 0.2465 0.2515 0.2515 0.2155 0.2155 0.231 0.231 0.231 0.2425 0.2425 0.231 0.231 0.218 0.218 0.218 0.21 0.21 0.209 0.209 0.218 0.218 0.218 0.186 0.186 0.2235 0.2235 0.205 0.205 0.205 0.14 0.14 0.1525 0.1525 0.1555 0.1555 0.1735 0.1735 0.1735 0.1885 0.1885 0.1835 0.1835 0.232 0.232 0.232 0.2475 0.2475 0.2435 0.2435 0.232 0.232 0.232 0.254 0.254 0.223 0.223 0.163 0.163 0.163 0.122
0.2755 0.2755 0.2655 0.2655 0.2505 0.2505 0.239 0.239 0.239 0.237 0.237 0.2435 0.2435 0.2575 0.2575 0.2445 0.2445 0.2445 0.2405 0.2405 0.2575 0.2575 0.207 0.207 0.207 0.225 0.225 0.2355 0.2355 0.255 0.255 0.255 0.2115 0.2115 0.211 0.211 0.2125 0.2125 0.2125 0.2215 0.2215 0.2135 0.2135 0.1805 0.1805 0.1805 0.1465 0.1465 0.166 0.166 0.167 0.167 0.1825 0.1825 0.1825 0.188 0.188 0.182 0.182 0.2125 0.2125 0.2125 0.23 0.23 0.2275 0.2275 0.225 0.225 0.225 0.232 0.232 0.224 0.224 0.186 0.186 0.186 0.14
0.2755 0.2755 0.2655 0.2655 0.2505 0.2505 0.239 0.239 0.239 0.237 0.237 0.2435 0.2435 0.2575 0.2575 0.2445 0.2445 0.2445 0.2405 0.2405 0.2575 0.2575 0.207 0.207 0.207 0.225 0.225 0.2355 0.2355 0.255 0.255 0.255 0.2115 0.2115 0.211 0.211 0.2125 0.2125 0.2125 0.2215 0.2215 0.2135 0.2135 0.1805 0.1805 0.1805 0.1465 0.1465 0.166 0.166 0.167 0.167 0.1825 0.1825 0.1825 0.188 0.188 0.182 0.182 0.2125 0.2125 0.2125 0.23 0.23 0.2275 0.2275 0.225 0.225 0.225 0.232 0.232 0.224 0.224 0.186 0.186 0.186 0.14
0.261 0.261 0.247 0.247 0.259 0.259 0.253 0.253 0.253 0.241 0.241 0.234 0.234 0.221 0.221 0.221 0.221 0.221 0.2385 0.2385 0.2245 0.2245 0.213 0.213 0.213 0.266 0.266 0.246 0.246 0.2235 0.2235 0.2235 0.2265 0.2265 0.2205 0.2205 0.2095 0.2095 0.2095 0.1925 0.1925 0.2165 0.2165 0.1815 0.1815 0.1815 0.1705 0.1705 0.1725 0.1725 0.158 0.158 0.1775 0.1775 0.1775 0.196 0.196 0.236 0.236 0.2125 0.2125 0.2125 0.2305 0.2305 0.2245 0.2245 0.2115 0.2115 0.2115 0.214 0.214 0.196 0.196 0.204 0.204 0.204 0.1585
0.261 0.261 0.247 0.247 0.259 0.259 0.253 0.253 0.253 0.241 0.241 0.234 0.234 0.221 0.221 0.221 0.221 0.221 0.2385 0.2385 0.2245 0.2245 0.213 0.213 0.213 0.266 0.266 0.246 0.246 0.2235 0.2235 0.2235 0.2265 0.2265 0.2205 0.2205 0.2095 0.2095 0.2095 0.1925 0.1925 0.2165 0.2165 0.1815 0.1815 0.1815 0.1705 0.1705 0.1725 0.1725 0.158 0.158 0.1775 0.1775 0.1775 0.196 0.196 0.236 0.236 0.2125 0.2125 0.2125 0.2305 0.2305 0.2245 0.2245 0.2115 0.2115 0.2115 0.214 0.214 0.196 0.196 0.204 0.204 0.204 0.1585
0.261 0.261 0.247 0.247 0.259 0.259 0.253 0.253 0.253 0.241 0.241 0.234 0.234 0.221 0.221 0.221 0.221 0.221 0.2385 0.2385 0.2245 0.2245 0.213 0.213 0.213 0.266 0.266 0.246 0.246 0.2235 0.2235 0.2235 0.2265 0.2265 0.2205 0.2205 0.2095 0.2095 0.2095 0.1925 0.1925 0.2165 0.2165 0.1815 0.1815 0.1815 0.1705 0.1705 0.1725 0.1725 0.158 0.158 0.1775 0.1775 0.1775 0.196 0.196 0.236 0.236 0.2125 0.2125 0.2125 0.2305 0.2305 0.2245 0.2245 0.2115 0.2115 0.2115 0.214 0.214 0.196 0.196 0.204 0.204 0.204 0.1585
0.251 0.251 0.2415 0.2415 0.242 0.242 0.262 0.262 0.262 0.261 0.261 0.254 0.254 0.2335 0.2335 0.225 0.225 0.225 0.2325 0.2325 0.229 0.229 0.2305 0.2305 0.2305 0.231 0.231 0.235 0.235 0.252 0.252 0.252 0.2255 0.2255 0.2215 0.2215 0.212 0.212 0.212 0.218 0.218 0.2065 0.2065 0.184 0.184 0.184 0.1905 0.1905 0.243 0.243 0.215 0.215 0.213 0.213 0.213 0.213 0.213 0.233 0.233 0.2365 0.2365 0.2365 0.2125 0.2125 0.2205 0.2205 0.2175 0.2175 0.2175 0.2205 0.2205 0.194 0.194 0.167 0.167 0.167 0.167
0.251 0.251 0.2415 0.2415 0.242 0.242 0.262 0.262 0.262 0.261 0.261 0.254 0.254 0.2335 0.2335 0.225 0.225 0.225 0.2325 0.2325 0.229 0.229 0.2305 0.2305 0.2305 0.231 0.231 0.235 0.235 0.252 0.252 0.252 0.2255 0.2255 0.2215 0.2215 0.212 0.212 0.212 0.218 0.218 0.2065 0.2065 0.184 0.184 0.184 0.1905 0.1905 0.243 0.243 0.215 0.215 0.213 0.213 0.213 0.213 0.213 0.233 0.233 0.2365 0.2365 0.2365 0.2125 0.2125 0.2205 0.2205 0.2175 0.2175 0.2175 0.2205 0.2205 0.194 0.194 0.167 0.167 0.167 0.167
0.257 0.257 0.2615 0.2615 0.2545 0.2545 0.2525 0.2525 0.2525 0.257 0.257 0.225 0.225 0.2175 0.2175 0.2245 0.2245 0.2245 0.2205 0.2205 0.234 0.234 0.2325 0.2325 0.2325 0.2155 0.2155 0.214 0.214 0.234 0.234 0.234 0.2375 0.2375 0.2255 0.2255 0.2375 0.2375 0.2375 0.224 0.224 0.2135 0.2135 0.208 0.208 0.208 0.19 0.19 0.2295 0.2295 0.1965 0.1965 0.208 0.208 0.208 0.2065 0.2065 0.2195 0.2195 0.2015 0.2015 0.2015 0.211 0.211 0.2125 0.2125 0.206 0.206 0.206 0.2205 0.2205 0.1825 0.1825 0.1245 0.1245 0.1245 0.1455
0.257 0.257 0.2615 0.2615 0.2545 0.2545 0.2525 0.2525 0.2525 0.257 0.257 0.225 0.225 0.2175 0.2175 0.2245 0.2245 0.2245 0.2205 0.2205 0.234 0.234 0.2325 0.2325 0.2325 0.2155 0.2155 0.214 0.214 0.234 0.234 0.234 0.2375 0.2375 0.2255 0.2255 0.2375 0.2375 0.2375 0.224 0.224 0.2135 0.2135 0.208 0.208 0.208 0.19 0.19 0.2295 0.2295 0.1965 0.1965 0.208 0.208 0.208 0.2065 0.2065 0.2195 0.2195 0.2015 0.2015 0.2015 0.211 0.211 0.2125 0.2125 0.206 0.206 0.206 0.2205 0.2205 0.1825 0.1825 0.1245 0.1245 0.1245 0.1455
0.229 0.229 0.2405 0.2405 0.2315 0.2315 0.244 0.244 0.244 0.2495 0.2495 0.2175 0.2175 0.2345 0.2345 0.2065 0.2065 0.2065 0.1915 0.1915 0.207 0.207 0.1995 0.1995 0.1995 0.204 0.204 0.2 0.2 0.216 0.216 0.216 0.231 0.231 0.234 0.234 0.2275 0.2275 0.2275 0.2325 0.2325 0.25 0.25 0.216 0.216 0.216 0.228 0.228 0.224 0.224 0.208 0.208 0.215 0.215 0.215 0.202 0.202 0.2005 0.2005 0.1885 0.1885 0.1885 0.1955 0.1955 0.1935 0.1935 0.209 0.209 0.209 0.2295 0.2295 0.237 0.237 0.1075 0.1075 0.1075 0.138
0.229 0.229 0.2405 0.2405 0.2315 0.2315 0.244 0.244 0.244 0.2495 0.2495 0.2175 0.2175 0.2345 0.2345 0.2065 0.2065 0.2065 0.1915 0.1915 0.207 0.207 0.1995 0.1995 0.1995 0.204 0.204 0.2 0.2 0.216 0.216 0.216 0.231 0.231 0.234 0.234 0.2275 0.2275 0.2275 0.2325 0.2325 0.25 0.25 0.216 0.216 0.216 0.228 0.228 0.224 0.224 0.208 0.208 0.215 0.215 0.215 0.202 0.202 0.2005 0.2005 0.1885 0.1885 0.1885 0.1955 0.1955 0.1935 0.1935 0.209 0.209 0.209 0.2295 0.2295 0.237 0.237 0.1075 0.1075 0.1075 0.138
0.2325 0.2325 0.2315 0.2315 0.2155 0.2155 0.2315 0.2315 0.2315 0.2245 0.2245 0.216 0.216 0.2165 0.2165 0.206 0.206 0.206 0.21 0.21 0.213 0.213 0.186 0.186 0.186 0.1895 0.1895 0.191 0.191 0.1635 0.1635 0.1635 0.1945 0.1945 0.2525 0.2525 0.245 0.245 0.245 0.2365 0.2365 0.2465 0.2465 0.2485 0.2485 0.2485 0.2465 0.2465 0.249 0.249 0.253 0.253 0.217 0.217 0.217 0.1915 0.1915 0.201 0.201 0.2035 0.2035 0.2035 0.1885 0.1885 0.184 0.184 0.1725 0.1725 0.1725 0.2 0.2 0.173 0.173 0.1765 0.1765 0.1765 0.137
0.2325 0.2325 0.2315 0.2315 0.2155 0.2155 0.2315 0.2315 0.2315 0.2245 0.2245 0.216 0.216 0.2165 0.2165 0.206 0.206 0.206 0.21 0.21 0.213 0.213 0.186 0.186 0.186 0.1895 0.1895 0.191 0.191 0.1635 0.1635 0.1635 0.1945 0.1945 0.2525 0.2525 0.245 0.245 0.245 0.2365 0.2365 0.2465 0.2465 0.2485 0.2485 0.2485 0.2465 0.2465 0.249 0.249 0.253 0.253 0.217 0.217 0.217 0.1915 0.1915 0.201 0.201 0.2035 0.2035 0.2035 0.1885 0.1885 0.184 0.184 0.1725 0.1725 0.1725 0.2 0.2 0.173 0.173 0.1765 0.1765 0.1765 0.137
0.2325 0.2325 0.2315 0.2315 0.2155 0.2155 0.2315 0.2315 0.2315 0.2245 0.2245 0.216 0.216 0.2165 0.2165 0.206 0.206 0.206 0.21 0.21 0.213 0.213 0.186 0.186 0.186 0.1895 0.1895 0.191 0.191 0.1635 0.1635 0.1635 0.1945 0.1945 0.2525 0.2525 0.245 0.245 0.245 0.2365 0.2365 0.2465 0.2465 0.2485 0.2485 0.2485 0.2465 0.2465 0.249 0.249 0.253 0.253 0.217 0.217 0.217 0.1915 0.1915 0.201 0.201 0.2035 0.2035 0.2035 0.1885 0.1885 0.184 0.184 0.1725 0.1725 0.1725 0.2 0.2 0.173 0.173 0.1765 0.1765 0.1765 0.137
0.2445 0.2445 0.222 0.222 0.212 0.212 0.2095 0.2095 0.2095 0.2175 0.2175 0.2305 0.2305 0.225 0.225 0.2105 0.2105 0.2105 0.1905 0.1905 0.2285 0.2285 0.212 0.212 0.212 0.1965 0.1965 0.194 0.194 0.185 0.185 0.185 0.209 0.209 0.2315 0.2315 0.2575 0.2575 0.2575 0.2485 0.2485 0.238 0.238 0.2285 0.2285 0.2285 0.2415 0.2415 0.26 0.26 0.234 0.234 0.2325 0.2325 0.2325 0.214 0.214 0.202 0.202 0.193 0.193 0.193 0.215 0.215 0.1885 0.1885 0.171 0.171 0.171 0.1865 0.1865 0.1625 0.1625 0.156 0.156 0.156 0.141
0.2445 0.2445 0.222 0.222 0.212 0.212 0.2095 0.2095 0.2095 0.2175 0.2175 0.2305 0.2305 0.225 0.225 0.2105 0.2105 0.2105 0.1905 0.1905 0.2285 0.2285 0.212 0.212 0.212 0.1965 0.1965 0.194 0.194 0.185 0.185 0.185 0.209 0.209 0.2315 0.2315 0.2575 0.2575 0.2575 0.2485 0.2485 0.238 0.238 0.2285 0.2285 0.2285 0.2415 0.2415 0.26 0.26 0.234 0.234 0.2325 0.2325 0.2325 0.214 0.214 0.202 0.202 0.193 0.193 0.193 0.215 0.215 0.1885 0.1885 0.171 0.171 0.171 0.1865 0.1865 0.1625 0.1625 0.156 0.156 0.156 0.141
0.2565 0.2565 0.238 0.238 0.237 0.237 0.2345 0.2345 0.2345 0.2445 0.2445 0.2385 0.2385 0.233 0.233 0.2145 0.2145 0.2145 0.218 0.218 0.209 0.209 0.2255 0.2255 0.2255 0.216 0.216 0.2075 0.2075 0.2005 0.2005 0.2005 0.194 0.194 0.256 0.256 0.2555 0.2555 0.2555 0.25 0.25 0.2755 0.2755 0.256 0.256 0.256 0.257 0.257 0.257 0.257 0.272 0.272 0.245 0.245 0.245 0.271 0.271 0.227 0.227 0.213 0.213 0.213 0.244 0.244 0.236 0.236 0.2 0.2 0.2 0.184 0.184 0.1845 0.1845 0.174 0.174 0.174 0.154
0.2565 0.2565 0.238 0.238 0.237 0.237 0.2345 0.2345 0.2345 0.2445 0.2445 0.2385 0.2385 0.233 0.233 0.2145 0.2145 0.2145 0.218 0.218 0.209 0.209 0.2255 0.2255 0.2255 0.216 0.216 0.2075 0.2075 0.2005 0.2005 0.2005 0.194 0.194 0.256 0.256 0.2555 0.2555 0.2555 0.25 0.25 0.2755 0.2755 0.256 0.256 0.256 0.257 0.257 0.257 0.257 0.272 0.272 0.245 0.245 0.245 0.271 0.271 0.227 0.227 0.213 0.213 0.213 0.244 0.244 0.236 0.236 0.2 0.2 0.2 0.184 0.184 0.1845 0.1845 0.174 0.174 0.174 0.154
0.301 0.301 0.2615 0.2615 0.264 0.264 0.2505 0.2505 0.2505 0.249 0.249 0.2455 0.2455 0.234 0.234 0.214 0.214 0.214 0.22 0.22 0.2235 0.2235 0.2425 0.2425 0.2425 0.2485 0.2485 0.2405 0.2405 0.215 0.215 0.215 0.2365 0.2365 0.241 0.241 0.27 0.27 0.27 0.232 0.232 0.2435 0.2435 0.2985 0.2985 0.2985 0.279 0.279 0.2875 0.2875 0.2605 0.2605 0.232 0.232 0.232 0.254 0.254 0.2715 0.2715 0.266 0.266 0.266 0.229 0.229 0.2615 0.2615 0.1925 0.1925 0.1925 0.221 0.221 0.199 0.199 0.198 0.198 0.198 0.1885
0.301 0.301 0.2615 0.2615 0.264 0.264 0.2505 0.2505 0.2505 0.249 0.249 0.2455 0.2455 0.234 0.234 0.214 0.214 0.214 0.22 0.22 0.2235 0.2235 0.2425 0.2425 0.2425 0.2485 0.2485 0.2405 0.2405 0.215 0.215 0.215 0.2365 0.2365 0.241 0.241 0.27 0.27 0.27 0.232 0.232 0.2435 0.2435 0.2985 0.2985 0.2985 0.279 0.279 0.2875 0.2875 0.2605 0.2605 0.232 0.232 0.232 0.254 0.254 0.2715 0.2715 0.266 0.266 0.266 0.229 0.229 0.2615 0.2615 0.1925 0.1925 0.1925 0.221 0.221 0.199 0.199 0.198 0.198 0.198 0.1885
0.301 0.301 0.2615 0.2615 0.264 0.264 0.2505 0.2505 0.2505 0.249 0.249 0.2455 0.2455 0.234 0.234 0.214 0.214 0.214 0.22 0.22 0.2235 0.2235 0.2425 0.2425 0.2425 0.2485 0.2485 0.2405 0.2405 0.215 0.215 0.215 0.2365 0.2365 0.241 0.241 0.27 0.27 0.27 0.232 0.232 0.2435 0.2435 0.2985 0.2985 0.2985 0.279 0.279 0.2875 0.2875 0.2605 0.2605 0.232 0.232 0.232 0.254 0.254 0.2715 0.2715 0.266 0.266 0.266 0.229 0.229 0.2615 0.2615 0.1925 0.1925 0.1925 0.221 0.221 0.199 0.199 0.198 0.198 0.198 0.1885
0.2765 0.2765 0.2505 0.2505 0.2425 0.2425 0.229 0.229 0.229 0.238 0.238 0.2525 0.2525 0.2635 0.2635 0.217 0.217 0.217 0.2295 0.2295 0.2345 0.2345 0.2575 0.2575 0.2575 0.24 0.24 0.2345 0.2345 0.2145 0.2145 0.2145 0.219 0.219 0.263 0.263 0.2455 0.2455 0.2455 0.245 0.245 0.256 0.256 0.2665 0.2665 0.2665 0.2665 0.2665 0.2895 0.2895 0.292 0.292 0.234 0.234 0.234 0.2485 0.2485 0.259 0.259 0.2515 0.2515 0.2515 0.245 0.245 0.2575 0.2575 0.2615 0.2615 0.2615 0.215 0.215 0.211 0.211 0.1865 0.1865 0.1865 0.177
0.2765 0.2765 0.2505 0.2505 0.2425 0.2425 0.229 0.229 0.229 0.238 0.238 0.2525 0.2525 0.2635 0.2635 0.217 0.217 0.217 0.2295 0.2295 0.2345 0.2345 0.2575 0.2575 0.2575 0.24 0.24 0.2345 0.2345 0.2145 0.2145 0.2145 0.219 0.219 0.263 0.263 0.2455 0.2455 0.2455 0.245 0.245 0.256 0.256 0.2665 0.2665 0.2665 0.2665 0.2665 0.2895 0.2895 0.292 0.292 0.234 0.234 0.234 0.2485 0.2485 0.259 0.259 0.2515 0.2515 0.2515 0.245 0.245 0.2575 0.2575 0.2615 0.2615 0.2615 0.215 0.215 0.211 0.211 0.1865 0.1865 0.1865 0.177
0.2525 0.2525 0.2275 0.2275 0.2335 0.2335 0.2285 0.2285 0.2285 0.2475 0.2475 0.2545 0.2545 0.2955 0.2955 0.2525 0.2525 0.2525 0.2255 0.2255 0.238 0.238 0.248 0.248 0.248 0.234 0.234 0.2405 0.2405 0.24 0.24 0.24 0.261 0.261 0.2655 0.2655 0.2725 0.2725 0.2725 0.263 0.263 0.2545 0.2545 0.2465 0.2465 0.2465 0.2625 0.2625 0.25 0.25 0.29 0.29 0.2485 0.2485 0.2485 0.244 0.244 0.2435 0.2435 0.2495 0.2495 0.2495 0.2535 0.2535 0.2655 0.2655 0.2795 0.2795 0.2795 0.267 0.267 0.2515 0.2515 0.2365 0.2365 0.2365 0.263
0.2525 0.2525 0.2275 0.2275 0.2335 0.2335 0.2285 0.2285 0.2285 0.2475 0.2475 0.2545 0.2545 0.2955 0.2955 0.2525 0.2525 0.2525 0.2255 0.2255 0.238 0.238 0.248 0.248 0.248 0.234 0.234 0.2405 0.2405 0.24 0.24 0.24 0.261 0.261 0.2655 0.2655 0.2725 0.2725 0.2725 0.263 0.263 0.2545 0.2545 0.2465 0.2465 0.2465 0.2625 0.2625 0.25 0.25 0.29 0.29 0.2485 0.2485 0.2485 0.244 0.244 0.2435 0.2435 0.2495 0.2495 0.2495 0.2535 0.2535 0.2655 0.2655 0.2795 0.2795 0.2795 0.267 0.267 0.2515 0.2515 0.2365 0.2365 0.2365 0.263
0.253 0.253 0.2725 0.2725 0.249 0.249 0.265 0.265 0.265 0.26 0.26 0.29 0.29 0.288 0.288 0.251 0.251 0.251 0.2415 0.2415 0.2295 0.2295 0.2495 0.2495 0.2495 0.2535 0.2535 0.2565 0.2565 0.2695 0.2695 0.2695 0.3045 0.3045 0.281 0.281 0.2745 0.2745 0.2745 0.2735 0.2735 0.263 0.263 0.251 0.251 0.251 0.243 0.243 0.2505 0.2505 0.2665 0.2665 0.252 0.252 0.252 0.2685 0.2685 0.23 0.23 0.2545 0.2545 0.2545 0.247 0.247 0.275 0.275 0.268 0.268 0.268 0.249 0.249 0.2395 0.2395 0.2215 0.2215 0.2215 0.222
0.253 0.253 0.2725 0.2725 0.249 0.249 0.265 0.265 0.265 0.26 0.26 0.29 0.29 0.288 0.288 0.251 0.251 0.251 0.2415 0.2415 0.2295 0.2295 0.2495 0.2495 0.2495 0.2535 0.2535 0.2565 0.2565 0.2695 0.2695 0.2695 0.3045 0.3045 0.281 0.281 0.2745 0.2745 0.2745 0.2735 0.2735 0.263 0.263 0.251 0.251 0.251 0.243 0.243 0.2505 0.2505 0.2665 0.2665 0.252 0.252 0.252 0.2685 0.2685 0.23 0.23 0.2545 0.2545 0.2545 0.247 0.247 0.275 0.275 0.268 0.268 0.268 0.249 0.249 0.2395 0.2395 0.2215 0.2215 0.2215 0.222
0.253 0.253 0.2725 0.2725 0.249 0.249 0.265 0.265 0.265 0.26 0.26 0.29 0.29 0.288 0.288 0.251 0.251 0.251 0.2415 0.2415 0.2295 0.2295 0.2495 0.2495 0.2495 0.2535 0.2535 0.2565 0.2565 0.2695 0.2695 0.2695 0.3045 0.3045 0.281 0.281 0.2745 0.2745 0.2745 0.2735 0.2735 0.263 0.263 0.251 0.251 0.251 0.243 0.243 0.2505 0.2505 0.2665 0.2665 0.252 0.252 0.252 0.2685 0.2685 0.23 0.23 0.2545 0.2545 0.2545 0.247 0.247 0.275 0.275 0.268 0.268 0.268 0.249 0.249 0.2395 0.2395 0.2215 0.2215 0.2215 0.222
0.2835 0.2835 0.2775 0.2775 0.264 0.264 0.256 0.256 0.256 0.2655 0.2655 0.2695 0.2695 0.295 0.295 0.261 0.261 0.261 0.2335 0.2335 0.2285 0.2285 0.2525 0.2525 0.2525 0.261 0.261 0.282 0.282 0.285 0.285 0.285 0.2815 0.2815 0.3 0.3 0.2955 0.2955 0.2955 0.287 0.287 0.2665 0.2665 0.2645 0.2645 0.2645 0.2735 0.2735 0.2775 0.2775 0.2805 0.2805 0.291 0.291 0.291 0.272 0.272 0.308 0.308 0.285 0.285 0.285 0.2905 0.2905 0.271 0.271 0.272 0.272 0.272 0.289 0.289 0.2575 0.2575 0.235 0.235 0.235 0.248
0.2835 0.2835 0.2775 0.2775 0.264 0.264 0.256 0.256 0.256 0.2655 0.2655 0.2695 0.2695 0.295 0.295 0.261 0.261 0.261 0.2335 0.2335 0.2285 0.2285 0.2525 0.2525 0.2525 0.261 0.261 0.282 0.282 0.285 0.285 0.285 0.2815 0.2815 0.3 0.3 0.2955 0.2955 0.2955 0.287 0.287 0.2665 0.2665 0.2645 0.2645 0.2645 0.2735 0.2735 0.2775 0.2775 0.2805 0.2805 0.291 0.291 0.291 0.272 0.272 0.308 0.308 0.285 0.285 0.285 0.2905 0.2905 0.271 0.271 0.272 0.272 0.272 0.289 0.289 0.2575 0.2575 0.235 0.235 0.235 0.248
0.277 0.277 0.25 0.25 0.2685 0.2685 0.246 0.246 0.246 0.278 0.278 0.2795 0.2795 0.283 0.283 0.3015 0.3015 0.3015 0.2945 0.2945 0.2635 0.2635 0.26 0.26 0.26 0.27 0.27 0.281 0.281 0.297 0.297 0.297 0.283 0.283 0.291 0.291 0.292 0.292 0.292 0.294 0.294 0.2825 0.2825 0.3055 0.3055 0.3055 0.3045 0.3045 0.282 0.282 0.3005 0.3005 0.2965 0.2965 0.2965 0.284 0.284 0.2665 0.2665 0.289 0.289 0.289 0.373 0.373 0.2765 0.2765 0.3015 0.3015 0.3015 0.3225 0.3225 0.278 0.278 0.2585 0.2585 0.2585 0.254
0.277 0.277 0.25 0.25 0.2685 0.2685 0.246 0.246 0.246 0.278 0.278 0.2795 0.2795 0.283 0.283 0.3015 0.3015 0.3015 0.2945 0.2945 0.2635 0.2635 0.26 0.26 0.26 0.27 0.27 0.281 0.281 0.297 0.297 0.297 0.283 0.283 0.291 0.291 0.292 0.292 0.292 0.294 0.294 0.2825 0.2825 0.3055 0.3055 0.3055 0.3045 0.3045 0.282 0.282 0.3005 0.3005 0.2965 0.2965 0.2965 0.284 0.284 0.2665 0.2665 0.289 0.289 0.289 0.373 0.373 0.2765 0.2765 0.3015 0.3015 0.3015 0.3225 0.3225 0.278 0.278 0.2585 0.2585 0.2585 0.254
0.305 0.305 0.2785 0.2785 0.273 0.273 0.3065 0.3065 0.3065 0.285 0.285 0.2825 0.2825 0.2795 0.2795 0.2835 0.2835 0.2835 0.31 0.31 0.309 0.309 0.309 0.309 0.309 0.283 0.283 0.318 0.318 0.3235 0.3235 0.3235 0.2975 0.2975 0.3045 0.3045 0.317 0.317 0.317 0.3165 0.3165 0.3055 0.3055 0.314 0.314 0.314 0.285 0.285 0.3185 0.3185 0.28 0.28 0.311 0.311 0.311 0.312 0.312 0.315 0.315 0.271 0.271 0.271 0.3 0.3 0.321 0.321 0.2865 0.2865 0.2865 0.315 0.315 0.274 0.274 0.289 0.289 0.289 0.293
