ndvi/NOAA-279.asc
ncols         252
nrows         154
xllcorner     -18.017974
yllcorner     13.481982
cellsize      0.035948
NODATA_value  -9999
[rows 34 to 67 of 154, columns 78 to 155 of 252]
0.122 0.1245 0.1245 0.1355 0.1355 0.13 0.13 0.13 0.13 0.13 0.136 0.136 0.129 0.129 0.1255 0.1255 0.1255 0.132 0.132 0.129 0.129 0.1305 0.1305 0.1305 0.1315 0.1315 0.1375 0.1375 0.151 0.151 0.151 0.152 0.152 0.147 0.147 0.1345 0.1345 0.1345 0.1315 0.1315 0.129 0.129 0.1255 0.1255 0.1255 0.1235 0.1235 0.117 0.117 0.128 0.128 0.1305 0.1305 0.1305 0.13 0.13 0.134 0.134 0.1385 0.1385 0.1385 0.155 0.155 0.1665 0.1665 0.153 0.153 0.153 0.146 0.146 0.1155 0.1155 0.1105 0.1105 0.1105 0.109 0.109 0.118
0.122 0.1245 0.1245 0.1355 0.1355 0.13 0.13 0.13 0.13 0.13 0.136 0.136 0.129 0.129 0.1255 0.1255 0.1255 0.132 0.132 0.129 0.129 0.1305 0.1305 0.1305 0.1315 0.1315 0.1375 0.1375 0.151 0.151 0.151 0.152 0.152 0.147 0.147 0.1345 0.1345 0.1345 0.1315 0.1315 0.129 0.129 0.1255 0.1255 0.1255 0.1235 0.1235 0.117 0.117 0.128 0.128 0.1305 0.1305 0.1305 0.13 0.13 0.134 0.134 0.1385 0.1385 0.1385 0.155 0.155 0.1665 0.1665 0.153 0.153 0.153 0.146 0.146 0.1155 0.1155 0.1105 0.1105 0.1105 0.109 0.109 0.118
0.122 0.1245 0.1245 0.1355 0.1355 0.13 0.13 0.13 0.13 0.13 0.136 0.136 0.129 0.129 0.1255 0.1255 0.1255 0.132 0.132 0.129 0.129 0.1305 0.1305 0.1305 0.1315 0.1315 0.1375 0.1375 0.151 0.151 0.151 0.152 0.152 0.147 0.147 0.1345 0.1345 0.1345 0.1315 0.1315 0.129 0.129 0.1255 0.1255 0.1255 0.1235 0.1235 0.117 0.117 0.128 0.128 0.1305 0.1305 0.1305 0.13 0.13 0.134 0.134 0.1385 0.1385 0.1385 0.155 0.155 0.1665 0.1665 0.153 0.153 0.153 0.146 0.146 0.1155 0.1155 0.1105 0.1105 0.1105 0.109 0.109 0.118
0.131 0.133 0.133 0.127 0.127 0.13 0.13 0.13 0.1255 0.1255 0.1275 0.1275 0.1405 0.1405 0.1385 0.1385 0.1385 0.1285 0.1285 0.13 0.13 0.129 0.129 0.129 0.1435 0.1435 0.1335 0.1335 0.1315 0.1315 0.1315 0.1385 0.1385 0.136 0.136 0.1355 0.1355 0.1355 0.1315 0.1315 0.132 0.132 0.1415 0.1415 0.1415 0.132 0.132 0.1325 0.1325 0.1365 0.1365 0.1395 0.1395 0.1395 0.1485 0.1485 0.177 0.177 0.174 0.174 0.174 0.1595 0.1595 0.16 0.16 0.1425 0.1425 0.1425 0.143 0.143 0.135 0.135 0.127 0.127 0.127 0.1315 0.1315 0.12
0.131 0.133 0.133 0.127 0.127 0.13 0.13 0.13 0.1255 0.1255 0.1275 0.1275 0.1405 0.1405 0.1385 0.1385 0.1385 0.1285 0.1285 0.13 0.13 0.129 0.129 0.129 0.1435 0.1435 0.1335 0.1335 0.1315 0.1315 0.1315 0.1385 0.1385 0.136 0.136 0.1355 0.1355 0.1355 0.1315 0.1315 0.132 0.132 0.1415 0.1415 0.1415 0.132 0.132 0.1325 0.1325 0.1365 0.1365 0.1395 0.1395 0.1395 0.1485 0.1485 0.177 0.177 0.174 0.174 0.174 0.1595 0.1595 0.16 0.16 0.1425 0.1425 0.1425 0.143 0.143 0.135 0.135 0.127 0.127 0.127 0.1315 0.1315 0.12
0.1285 0.1215 0.1215 0.1245 0.1245 0.1325 0.1325 0.1325 0.1375 0.1375 0.1375 0.1375 0.1395 0.1395 0.1505 0.1505 0.1505 0.1395 0.1395 0.1365 0.1365 0.1425 0.1425 0.1425 0.1435 0.1435 0.148 0.148 0.1455 0.1455 0.1455 0.1435 0.1435 0.146 0.146 0.1515 0.1515 0.1515 0.1375 0.1375 0.1395 0.1395 0.1595 0.1595 0.1595 0.1625 0.1625 0.167 0.167 0.16 0.16 0.2095 0.2095 0.2095 0.182 0.182 0.1695 0.1695 0.1665 0.1665 0.1665 0.1415 0.1415 0.1495 0.1495 0.1425 0.1425 0.1425 0.1355 0.1355 0.1125 0.1125 0.1145 0.1145 0.1145 0.1215 0.1215 0.1115
0.1285 0.1215 0.1215 0.1245 0.1245 0.1325 0.1325 0.1325 0.1375 0.1375 0.1375 0.1375 0.1395 0.1395 0.1505 0.1505 0.1505 0.1395 0.1395 0.1365 0.1365 0.1425 0.1425 0.1425 0.1435 0.1435 0.148 0.148 0.1455 0.1455 0.1455 0.1435 0.1435 0.146 0.146 0.1515 0.1515 0.1515 0.1375 0.1375 0.1395 0.1395 0.1595 0.1595 0.1595 0.1625 0.1625 0.167 0.167 0.16 0.16 0.2095 0.2095 0.2095 0.182 0.182 0.1695 0.1695 0.1665 0.1665 0.1665 0.1415 0.1415 0.1495 0.1495 0.1425 0.1425 0.1425 0.1355 0.1355 0.1125 0.1125 0.1145 0.1145 0.1145 0.1215 0.1215 0.1115
0.1275 0.128 0.128 0.1255 0.1255 0.136 0.136 0.136 0.136 0.136 0.1405 0.1405 0.1485 0.1485 0.1395 0.1395 0.1395 0.138 0.138 0.141 0.141 0.151 0.151 0.151 0.155 0.155 0.1685 0.1685 0.1535 0.1535 0.1535 0.1535 0.1535 0.146 0.146 0.1435 0.1435 0.1435 0.1445 0.1445 0.1605 0.1605 0.1635 0.1635 0.1635 0.177 0.177 0.166 0.166 0.1705 0.1705 0.1965 0.1965 0.1965 0.1735 0.1735 0.1745 0.1745 0.157 0.157 0.157 0.1465 0.1465 0.1345 0.1345 0.1245 0.1245 0.1245 0.129 0.129 0.1255 0.1255 0.1055 0.1055 0.1055 0.117 0.117 0.116
0.1275 0.128 0.128 0.1255 0.1255 0.136 0.136 0.136 0.136 0.136 0.1405 0.1405 0.1485 0.1485 0.1395 0.1395 0.1395 0.138 0.138 0.141 0.141 0.151 0.151 0.151 0.155 0.155 0.1685 0.1685 0.1535 0.1535 0.1535 0.1535 0.1535 0.146 0.146 0.1435 0.1435 0.1435 0.1445 0.1445 0.1605 0.1605 0.1635 0.1635 0.1635 0.177 0.177 0.166 0.166 0.1705 0.1705 0.1965 0.1965 0.1965 0.1735 0.1735 0.1745 0.1745 0.157 0.157 0.157 0.1465 0.1465 0.1345 0.1345 0.1245 0.1245 0.1245 0.129 0.129 0.1255 0.1255 0.1055 0.1055 0.1055 0.117 0.117 0.116
0.1275 0.128 0.128 0.1255 0.1255 0.136 0.136 0.136 0.136 0.136 0.1405 0.1405 0.1485 0.1485 0.1395 0.1395 0.1395 0.138 0.138 0.141 0.141 0.151 0.151 0.151 0.155 0.155 0.1685 0.1685 0.1535 0.1535 0.1535 0.1535 0.1535 0.146 0.146 0.1435 0.1435 0.1435 0.1445 0.1445 0.1605 0.1605 0.1635 0.1635 0.1635 0.177 0.177 0.166 0.166 0.1705 0.1705 0.1965 0.1965 0.1965 0.1735 0.1735 0.1745 0.1745 0.157 0.157 0.157 0.1465 0.1465 0.1345 0.1345 0.1245 0.1245 0.1245 0.129 0.129 0.1255 0.1255 0.1055 0.1055 0.1055 0.117 0.117 0.116
0.141 0.139 0.139 0.133 0.133 0.1385 0.1385 0.1385 0.139 0.139 0.139 0.139 0.1385 0.1385 0.141 0.141 0.141 0.142 0.142 0.1405 0.1405 0.149 0.149 0.149 0.151 0.151 0.158 0.158 0.1565 0.1565 0.1565 0.1625 0.1625 0.1555 0.1555 0.1615 0.1615 0.1615 0.1645 0.1645 0.163 0.163 0.1595 0.1595 0.1595 0.165 0.165 0.154 0.154 0.1595 0.1595 0.1915 0.1915 0.1915 0.17 0.17 0.1705 0.1705 0.1475 0.1475 0.1475 0.145 0.145 0.1255 0.1255 0.1235 0.1235 0.1235 0.1335 0.1335 0.1195 0.1195 0.112 0.112 0.112 0.1095 0.1095 0.1115
0.141 0.139 0.139 0.133 0.133 0.1385 0.1385 0.1385 0.139 0.139 0.139 0.139 0.1385 0.1385 0.141 0.141 0.141 0.142 0.142 0.1405 0.1405 0.149 0.149 0.149 0.151 0.151 0.158 0.158 0.1565 0.1565 0.1565 0.1625 0.1625 0.1555 0.1555 0.1615 0.1615 0.1615 0.1645 0.1645 0.163 0.163 0.1595 0.1595 0.1595 0.165 0.165 0.154 0.154 0.1595 0.1595 0.1915 0.1915 0.1915 0.17 0.17 0.1705 0.1705 0.1475 0.1475 0.1475 0.145 0.145 0.1255 0.1255 0.1235 0.1235 0.1235 0.1335 0.1335 0.1195 0.1195 0.112 0.112 0.112 0.1095 0.1095 0.1115
0.151 0.1485 0.1485 0.1425 0.1425 0.137 0.137 0.137 0.139 0.139 0.136 0.136 0.139 0.139 0.135 0.135 0.135 0.1485 0.1485 0.1455 0.1455 0.1475 0.1475 0.1475 0.1575 0.1575 0.159 0.159 0.1605 0.1605 0.1605 0.176 0.176 0.1795 0.1795 0.147 0.147 0.147 0.1095 0.1095 0.1235 0.1235 0.1355 0.1355 0.1355 0.14 0.14 0.184 0.184 0.173 0.173 0.1725 0.1725 0.1725 0.1665 0.1665 0.1725 0.1725 0.1705 0.1705 0.1705 0.159 0.159 0.14 0.14 0.164 0.164 0.164 0.1395 0.1395 0.1355 0.1355 0.1225 0.1225 0.1225 0.1085 0.1085 0.1195
0.151 0.1485 0.1485 0.1425 0.1425 0.137 0.137 0.137 0.139 0.139 0.136 0.136 0.139 0.139 0.135 0.135 0.135 0.1485 0.1485 0.1455 0.1455 0.1475 0.1475 0.1475 0.1575 0.1575 0.159 0.159 0.1605 0.1605 0.1605 0.176 0.176 0.1795 0.1795 0.147 0.147 0.147 0.1095 0.1095 0.1235 0.1235 0.1355 0.1355 0.1355 0.14 0.14 0.184 0.184 0.173 0.173 0.1725 0.1725 0.1725 0.1665 0.1665 0.1725 0.1725 0.1705 0.1705 0.1705 0.159 0.159 0.14 0.14 0.164 0.164 0.164 0.1395 0.1395 0.1355 0.1355 0.1225 0.1225 0.1225 0.1085 0.1085 0.1195
0.1665 0.148 0.148 0.1465 0.1465 0.135 0.135 0.135 0.1315 0.1315 0.1245 0.1245 0.148 0.148 0.1585 0.1585 0.1585 0.164 0.164 0.167 0.167 0.175 0.175 0.175 0.166 0.166 0.1685 0.1685 0.176 0.176 0.176 0.1965 0.1965 0.1785 0.1785 0.128 0.128 0.128 0.1255 0.1255 0.1225 0.1225 0.1375 0.1375 0.1375 0.158 0.158 0.1815 0.1815 0.175 0.175 0.172 0.172 0.172 0.1605 0.1605 0.169 0.169 0.1595 0.1595 0.1595 0.1615 0.1615 0.1515 0.1515 0.157 0.157 0.157 0.156 0.156 0.1535 0.1535 0.133 0.133 0.133 0.117 0.117 0.114
0.1665 0.148 0.148 0.1465 0.1465 0.135 0.135 0.135 0.1315 0.1315 0.1245 0.1245 0.148 0.148 0.1585 0.1585 0.1585 0.164 0.164 0.167 0.167 0.175 0.175 0.175 0.166 0.166 0.1685 0.1685 0.176 0.176 0.176 0.1965 0.1965 0.1785 0.1785 0.128 0.128 0.128 0.1255 0.1255 0.1225 0.1225 0.1375 0.1375 0.1375 0.158 0.158 0.1815 0.1815 0.175 0.175 0.172 0.172 0.172 0.1605 0.1605 0.169 0.169 0.1595 0.1595 0.1595 0.1615 0.1615 0.1515 0.1515 0.157 0.157 0.157 0.156 0.156 0.1535 0.1535 0.133 0.133 0.133 0.117 0.117 0.114
0.1665 0.148 0.148 0.1465 0.1465 0.135 0.135 0.135 0.1315 0.1315 0.1245 0.1245 0.148 0.148 0.1585 0.1585 0.1585 0.164 0.164 0.167 0.167 0.175 0.175 0.175 0.166 0.166 0.1685 0.1685 0.176 0.176 0.176 0.1965 0.1965 0.1785 0.1785 0.128 0.128 0.128 0.1255 0.1255 0.1225 0.1225 0.1375 0.1375 0.1375 0.158 0.158 0.1815 0.1815 0.175 0.175 0.172 0.172 0.172 0.1605 0.1605 0.169 0.169 0.1595 0.1595 0.1595 0.1615 0.1615 0.1515 0.1515 0.157 0.157 0.157 0.156 0.156 0.1535 0.1535 0.133 0.133 0.133 0.117 0.117 0.114
0.1665 0.155 0.155 0.162 0.162 0.1565 0.1565 0.1565 0.1695 0.1695 0.172 0.172 0.171 0.171 0.1815 0.1815 0.1815 0.191 0.191 0.18 0.18 0.1935 0.1935 0.1935 0.177 0.177 0.1715 0.1715 0.1635 0.1635 0.1635 0.1585 0.1585 0.1655 0.1655 0.142 0.142 0.142 0.115 0.115 0.117 0.117 0.1285 0.1285 0.1285 0.156 0.156 0.143 0.143 0.176 0.176 0.172 0.172 0.172 0.1745 0.1745 0.163 0.163 0.1665 0.1665 0.1665 0.1695 0.1695 0.162 0.162 0.176 0.176 0.176 0.1725 0.1725 0.1685 0.1685 0.147 0.147 0.147 0.12 0.12 0.109
0.1665 0.155 0.155 0.162 0.162 0.1565 0.1565 0.1565 0.1695 0.1695 0.172 0.172 0.171 0.171 0.1815 0.1815 0.1815 0.191 0.191 0.18 0.18 0.1935 0.1935 0.1935 0.177 0.177 0.1715 0.1715 0.1635 0.1635 0.1635 0.1585 0.1585 0.1655 0.1655 0.142 0.142 0.142 0.115 0.115 0.117 0.117 0.1285 0.1285 0.1285 0.156 0.156 0.143 0.143 0.176 0.176 0.172 0.172 0.172 0.1745 0.1745 0.163 0.163 0.1665 0.1665 0.1665 0.1695 0.1695 0.162 0.162 0.176 0.176 0.176 0.1725 0.1725 0.1685 0.1685 0.147 0.147 0.147 0.12 0.12 0.109
0.169 0.175 0.175 0.1795 0.1795 0.1705 0.1705 0.1705 0.178 0.178 0.1805 0.1805 0.1915 0.1915 0.185 0.185 0.185 0.189 0.189 0.1745 0.1745 0.181 0.181 0.181 0.1835 0.1835 0.1705 0.1705 0.17 0.17 0.17 0.1635 0.1635 0.188 0.188 0.163 0.163 0.163 0.1575 0.1575 0.13 0.13 0.125 0.125 0.125 0.1225 0.1225 0.1585 0.1585 0.174 0.174 0.18 0.18 0.18 0.1915 0.1915 0.2075 0.2075 0.202 0.202 0.202 0.2135 0.2135 0.1865 0.1865 0.1715 0.1715 0.1715 0.173 0.173 0.172 0.172 0.1535 0.1535 0.1535 0.1145 0.1145 0.105
0.169 0.175 0.175 0.1795 0.1795 0.1705 0.1705 0.1705 0.178 0.178 0.1805 0.1805 0.1915 0.1915 0.185 0.185 0.185 0.189 0.189 0.1745 0.1745 0.181 0.181 0.181 0.1835 0.1835 0.1705 0.1705 0.17 0.17 0.17 0.1635 0.1635 0.188 0.188 0.163 0.163 0.163 0.1575 0.1575 0.13 0.13 0.125 0.125 0.125 0.1225 0.1225 0.1585 0.1585 0.174 0.174 0.18 0.18 0.18 0.1915 0.1915 0.2075 0.2075 0.202 0.202 0.202 0.2135 0.2135 0.1865 0.1865 0.1715 0.1715 0.1715 0.173 0.173 0.172 0.172 0.1535 0.1535 0.1535 0.1145 0.1145 0.105
0.202 0.1965 0.1965 0.1865 0.1865 0.191 0.191 0.191 0.191 0.191 0.1895 0.1895 0.195 0.195 0.193 0.193 0.193 0.194 0.194 0.1865 0.1865 0.179 0.179 0.179 0.163 0.163 0.1605 0.1605 0.1625 0.1625 0.1625 0.166 0.166 0.1565 0.1565 0.1605 0.1605 0.1605 0.1525 0.1525 0.113 0.113 0.126 0.126 0.126 0.116 0.116 0.1365 0.1365 0.173 0.173 0.1845 0.1845 0.1845 0.1975 0.1975 0.2115 0.2115 0.207 0.207 0.207 0.212 0.212 0.2015 0.2015 0.174 0.174 0.174 0.1675 0.1675 0.148 0.148 0.135 0.135 0.135 0.1075 0.1075 0.09450001
0.202 0.1965 0.1965 0.1865 0.1865 0.191 0.191 0.191 0.191 0.191 0.1895 0.1895 0.195 0.195 0.193 0.193 0.193 0.194 0.194 0.1865 0.1865 0.179 0.179 0.179 0.163 0.163 0.1605 0.1605 0.1625 0.1625 0.1625 0.166 0.166 0.1565 0.1565 0.1605 0.1605 0.1605 0.1525 0.1525 0.113 0.113 0.126 0.126 0.126 0.116 0.116 0.1365 0.1365 0.173 0.173 0.1845 0.1845 0.1845 0.1975 0.1975 0.2115 0.2115 0.207 0.207 0.207 0.212 0.212 0.2015 0.2015 0.174 0.174 0.174 0.1675 0.1675 0.148 0.148 0.135 0.135 0.135 0.1075 0.1075 0.09450001
0.2045 0.1995 0.1995 0.191 0.191 0.1935 0.1935 0.1935 0.1915 0.1915 0.1825 0.1825 0.1835 0.1835 0.1885 0.1885 0.1885 0.194 0.194 0.1885 0.1885 0.181 0.181 0.181 0.172 0.172 0.181 0.181 0.195 0.195 0.195 0.1715 0.1715 0.18 0.18 0.1585 0.1585 0.1585 0.156 0.156 0.16 0.16 0.1565 0.1565 0.1565 0.136 0.136 0.1265 0.1265 0.1525 0.1525 0.177 0.177 0.177 0.201 0.201 0.1935 0.1935 0.21 0.21 0.21 0.211 0.211 0.208 0.208 0.1815 0.1815 0.1815 0.1685 0.1685 0.1495 0.1495 0.1355 0.1355 0.1355 0.0925 0.0925 0.0975
0.2045 0.1995 0.1995 0.191 0.191 0.1935 0.1935 0.1935 0.1915 0.1915 0.1825 0.1825 0.1835 0.1835 0.1885 0.1885 0.1885 0.194 0.194 0.1885 0.1885 0.181 0.181 0.181 0.172 0.172 0.181 0.181 0.195 0.195 0.195 0.1715 0.1715 0.18 0.18 0.1585 0.1585 0.1585 0.156 0.156 0.16 0.16 0.1565 0.1565 0.1565 0.136 0.136 0.1265 0.1265 0.1525 0.1525 0.177 0.177 0.177 0.201 0.201 0.1935 0.1935 0.21 0.21 0.21 0.211 0.211 0.208 0.208 0.1815 0.1815 0.1815 0.1685 0.1685 0.1495 0.1495 0.1355 0.1355 0.1355 0.0925 0.0925 0.0975
0.2045 0.1995 0.1995 0.191 0.191 0.1935 0.1935 0.1935 0.1915 0.1915 0.1825 0.1825 0.1835 0.1835 0.1885 0.1885 0.1885 0.194 0.194 0.1885 0.1885 0.181 0.181 0.181 0.172 0.172 0.181 0.181 0.195 0.195 0.195 0.1715 0.1715 0.18 0.18 0.1585 0.1585 0.1585 0.156 0.156 0.16 0.16 0.1565 0.1565 0.1565 0.136 0.136 0.1265 0.1265 0.1525 0.1525 0.177 0.177 0.177 0.201 0.201 0.1935 0.1935 0.21 0.21 0.21 0.211 0.211 0.208 0.208 0.1815 0.1815 0.1815 0.1685 0.1685 0.1495 0.1495 0.1355 0.1355 0.1355 0.0925 0.0925 0.0975
0.203 0.201 0.201 0.2 0.2 0.2095 0.2095 0.2095 0.2015 0.2015 0.1805 0.1805 0.181 0.181 0.188 0.188 0.188 0.152 0.152 0.1755 0.1755 0.1975 0.1975 0.1975 0.2025 0.2025 0.2025 0.2025 0.2 0.2 0.2 0.2105 0.2105 0.2035 0.2035 0.175 0.175 0.175 0.146 0.146 0.1265 0.1265 0.159 0.159 0.159 0.1685 0.1685 0.1315 0.1315 0.1445 0.1445 0.1315 0.1315 0.1315 0.1335 0.1335 0.195 0.195 0.2035 0.2035 0.2035 0.218 0.218 0.217 0.217 0.1935 0.1935 0.1935 0.1915 0.1915 0.1835 0.1835 0.1365 0.1365 0.1365 0.1215 0.1215 0.114
0.203 0.201 0.201 0.2 0.2 0.2095 0.2095 0.2095 0.2015 0.2015 0.1805 0.1805 0.181 0.181 0.188 0.188 0.188 0.152 0.152 0.1755 0.1755 0.1975 0.1975 0.1975 0.2025 0.2025 0.2025 0.2025 0.2 0.2 0.2 0.2105 0.2105 0.2035 0.2035 0.175 0.175 0.175 0.146 0.146 0.1265 0.1265 0.159 0.159 0.159 0.1685 0.1685 0.1315 0.1315 0.1445 0.1445 0.1315 0.1315 0.1315 0.1335 0.1335 0.195 0.195 0.2035 0.2035 0.2035 0.218 0.218 0.217 0.217 0.1935 0.1935 0.1935 0.1915 0.1915 0.1835 0.1835 0.1365 0.1365 0.1365 0.1215 0.1215 0.114
0.2005 0.223 0.223 0.248 0.248 0.2305 0.2305 0.2305 0.206 0.206 0.197 0.197 0.174 0.174 0.168 0.168 0.168 0.152 0.152 0.1755 0.1755 0.1935 0.1935 0.1935 0.1855 0.1855 0.2155 0.2155 0.199 0.199 0.199 0.204 0.204 0.196 0.196 0.1885 0.1885 0.1885 0.1755 0.1755 0.1335 0.1335 0.153 0.153 0.153 0.1335 0.1335 0.108 0.108 0.1345 0.1345 0.1315 0.1315 0.1315 0.1675 0.1675 0.167 0.167 0.211 0.211 0.211 0.22 0.22 0.2095 0.2095 0.2125 0.2125 0.2125 0.1755 0.1755 0.162 0.162 0.1455 0.1455 0.1455 0.1165 0.1165 0.1145
0.2005 0.223 0.223 0.248 0.248 0.2305 0.2305 0.2305 0.206 0.206 0.197 0.197 0.174 0.174 0.168 0.168 0.168 0.152 0.152 0.1755 0.1755 0.1935 0.1935 0.1935 0.1855 0.1855 0.2155 0.2155 0.199 0.199 0.199 0.204 0.204 0.196 0.196 0.1885 0.1885 0.1885 0.1755 0.1755 0.1335 0.1335 0.153 0.153 0.153 0.1335 0.1335 0.108 0.108 0.1345 0.1345 0.1315 0.1315 0.1315 0.1675 0.1675 0.167 0.167 0.211 0.211 0.211 0.22 0.22 0.2095 0.2095 0.2125 0.2125 0.2125 0.1755 0.1755 0.162 0.162 0.1455 0.1455 0.1455 0.1165 0.1165 0.1145
0.2 0.2315 0.2315 0.232 0.232 0.201 0.201 0.201 0.183 0.183 0.248 0.248 0.2535 0.2535 0.2065 0.2065 0.2065 0.206 0.206 0.1965 0.1965 0.2105 0.2105 0.2105 0.202 0.202 0.2045 0.2045 0.1875 0.1875 0.1875 0.1935 0.1935 0.1855 0.1855 0.1685 0.1685 0.1685 0.184 0.184 0.1685 0.1685 0.1175 0.1175 0.1175 0.1305 0.1305 0.1235 0.1235 0.118 0.118 0.175 0.175 0.175 0.163 0.163 0.1775 0.1775 0.2165 0.2165 0.2165 0.2105 0.2105 0.201 0.201 0.191 0.191 0.191 0.1835 0.1835 0.178 0.178 0.14 0.14 0.14 0.126 0.126 0.1205
0.2 0.2315 0.2315 0.232 0.232 0.201 0.201 0.201 0.183 0.183 0.248 0.248 0.2535 0.2535 0.2065 0.2065 0.2065 0.206 0.206 0.1965 0.1965 0.2105 0.2105 0.2105 0.202 0.202 0.2045 0.2045 0.1875 0.1875 0.1875 0.1935 0.1935 0.1855 0.1855 0.1685 0.1685 0.1685 0.184 0.184 0.1685 0.1685 0.1175 0.1175 0.1175 0.1305 0.1305 0.1235 0.1235 0.118 0.118 0.175 0.175 0.175 0.163 0.163 0.1775 0.1775 0.2165 0.2165 0.2165 0.2105 0.2105 0.201 0.201 0.191 0.191 0.191 0.1835 0.1835 0.178 0.178 0.14 0.14 0.14 0.126 0.126 0.1205
0.2 0.2315 0.2315 0.232 0.232 0.201 0.201 0.201 0.183 0.183 0.248 0.248 0.2535 0.2535 0.2065 0.2065 0.2065 0.206 0.206 0.1965 0.1965 0.2105 0.2105 0.2105 0.202 0.202 0.2045 0.2045 0.1875 0.1875 0.1875 0.1935 0.1935 0.1855 0.1855 0.1685 0.1685 0.1685 0.184 0.184 0.1685 0.1685 0.1175 0.1175 0.1175 0.1305 0.1305 0.1235 0.1235 0.118 0.118 0.175 0.175 0.175 0.163 0.163 0.1775 0.1775 0.2165 0.2165 0.2165 0.2105 0.2105 0.201 0.201 0.191 0.191 0.191 0.1835 0.1835 0.178 0.178 0.14 0.14 0.14 0.126 0.126 0.1205
0.175 0.2355 0.2355 0.193 0.193 0.199 0.199 0.199 0.209 0.209 0.2125 0.2125 0.2195 0.2195 0.1755 0.1755 0.1755 0.219 0.219 0.1985 0.1985 0.2105 0.2105 0.2105 0.211 0.211 0.22 0.22 0.196 0.196 0.196 0.201 0.201 0.184 0.184 0.182 0.182 0.182 0.194 0.194 0.177 0.177 0.167 0.167 0.167 0.1375 0.1375 0.171 0.171 0.155 0.155 0.177 0.177 0.177 0.181 0.181 0.183 0.183 0.193 0.193 0.193 0.2015 0.2015 0.204 0.204 0.213 0.213 0.213 0.1965 0.1965 0.1925 0.1925 0.1565 0.1565 0.1565 0.126 0.126 0.1325
