ndvi/NOAA-278.asc
ncols         252
nrows         154
xllcorner     -18.017974
yllcorner     13.481982
cellsize      0.035948
NODATA_value  -9999
[rows 34 to 67 of 154, columns 77 to 153 of 252]
0.1265 0.1265 0.134 0.134 0.138 0.138 0.132 0.132 0.132 0.1285 0.1285 0.1445 0.1445 0.14 0.14 0.133 0.133 0.133 0.1365 0.1365 0.1315 0.1315 0.153 0.153 0.153 0.1415 0.1415 0.14 0.14 0.1475 0.1475 0.1475 0.154 0.154 0.158 0.158 0.1405 0.1405 0.1405 0.136 0.136 0.151 0.151 0.15 0.15 0.15 0.1455 0.1455 0.1385 0.1385 0.138 0.138 0.143 0.143 0.143 0.143 0.143 0.1455 0.1455 0.137 0.137 0.137 0.1545 0.1545 0.1605 0.1605 0.1585 0.1585 0.1585 0.152 0.152 0.1075 0.1075 0.1195 0.1195 0.1195 0.1225
0.1265 0.1265 0.134 0.134 0.138 0.138 0.132 0.132 0.132 0.1285 0.1285 0.1445 0.1445 0.14 0.14 0.133 0.133 0.133 0.1365 0.1365 0.1315 0.1315 0.153 0.153 0.153 0.1415 0.1415 0.14 0.14 0.1475 0.1475 0.1475 0.154 0.154 0.158 0.158 0.1405 0.1405 0.1405 0.136 0.136 0.151 0.151 0.15 0.15 0.15 0.1455 0.1455 0.1385 0.1385 0.138 0.138 0.143 0.143 0.143 0.143 0.143 0.1455 0.1455 0.137 0.137 0.137 0.1545 0.1545 0.1605 0.1605 0.1585 0.1585 0.1585 0.152 0.152 0.1075 0.1075 0.1195 0.1195 0.1195 0.1225
0.1265 0.1265 0.134 0.134 0.138 0.138 0.132 0.132 0.132 0.1285 0.1285 0.1445 0.1445 0.14 0.14 0.133 0.133 0.133 0.1365 0.1365 0.1315 0.1315 0.153 0.153 0.153 0.1415 0.1415 0.14 0.14 0.1475 0.1475 0.1475 0.154 0.154 0.158 0.158 0.1405 0.1405 0.1405 0.136 0.136 0.151 0.151 0.15 0.15 0.15 0.1455 0.1455 0.1385 0.1385 0.138 0.138 0.143 0.143 0.143 0.143 0.143 0.1455 0.1455 0.137 0.137 0.137 0.1545 0.1545 0.1605 0.1605 0.1585 0.1585 0.1585 0.152 0.152 0.1075 0.1075 0.1195 0.1195 0.1195 0.1225
0.1295 0.1295 0.1345 0.1345 0.135 0.135 0.137 0.137 0.137 0.1275 0.1275 0.1305 0.1305 0.1405 0.1405 0.1415 0.1415 0.1415 0.138 0.138 0.135 0.135 0.134 0.134 0.134 0.1425 0.1425 0.162 0.162 0.154 0.154 0.154 0.1385 0.1385 0.1605 0.1605 0.154 0.154 0.154 0.153 0.153 0.1505 0.1505 0.1535 0.1535 0.1535 0.1495 0.1495 0.151 0.151 0.158 0.158 0.1505 0.1505 0.1505 0.169 0.169 0.192 0.192 0.1805 0.1805 0.1805 0.1545 0.1545 0.15 0.15 0.157 0.157 0.157 0.147 0.147 0.1275 0.1275 0.122 0.122 0.122 0.1395
0.1295 0.1295 0.1345 0.1345 0.135 0.135 0.137 0.137 0.137 0.1275 0.1275 0.1305 0.1305 0.1405 0.1405 0.1415 0.1415 0.1415 0.138 0.138 0.135 0.135 0.134 0.134 0.134 0.1425 0.1425 0.162 0.162 0.154 0.154 0.154 0.1385 0.1385 0.1605 0.1605 0.154 0.154 0.154 0.153 0.153 0.1505 0.1505 0.1535 0.1535 0.1535 0.1495 0.1495 0.151 0.151 0.158 0.158 0.1505 0.1505 0.1505 0.169 0.169 0.192 0.192 0.1805 0.1805 0.1805 0.1545 0.1545 0.15 0.15 0.157 0.157 0.157 0.147 0.147 0.1275 0.1275 0.122 0.122 0.122 0.1395
0.146 0.146 0.139 0.139 0.1265 0.1265 0.1365 0.1365 0.1365 0.1395 0.1395 0.139 0.139 0.137 0.137 0.144 0.144 0.144 0.1365 0.1365 0.137 0.137 0.1475 0.1475 0.1475 0.138 0.138 0.1465 0.1465 0.149 0.149 0.149 0.1475 0.1475 0.146 0.146 0.147 0.147 0.147 0.1495 0.1495 0.137 0.137 0.168 0.168 0.168 0.176 0.176 0.178 0.178 0.1795 0.1795 0.2095 0.2095 0.2095 0.185 0.185 0.1805 0.1805 0.161 0.161 0.161 0.1655 0.1655 0.159 0.159 0.1445 0.1445 0.1445 0.154 0.154 0.13 0.13 0.1105 0.1105 0.1105 0.126
0.146 0.146 0.139 0.139 0.1265 0.1265 0.1365 0.1365 0.1365 0.1395 0.1395 0.139 0.139 0.137 0.137 0.144 0.144 0.144 0.1365 0.1365 0.137 0.137 0.1475 0.1475 0.1475 0.138 0.138 0.1465 0.1465 0.149 0.149 0.149 0.1475 0.1475 0.146 0.146 0.147 0.147 0.147 0.1495 0.1495 0.137 0.137 0.168 0.168 0.168 0.176 0.176 0.178 0.178 0.1795 0.1795 0.2095 0.2095 0.2095 0.185 0.185 0.1805 0.1805 0.161 0.161 0.161 0.1655 0.1655 0.159 0.159 0.1445 0.1445 0.1445 0.154 0.154 0.13 0.13 0.1105 0.1105 0.1105 0.126
0.154 0.154 0.131 0.131 0.1305 0.1305 0.1355 0.1355 0.1355 0.1385 0.1385 0.144 0.144 0.1375 0.1375 0.136 0.136 0.136 0.1325 0.1325 0.141 0.141 0.138 0.138 0.138 0.1505 0.1505 0.1535 0.1535 0.1485 0.1485 0.1485 0.145 0.145 0.1585 0.1585 0.1465 0.1465 0.1465 0.16 0.16 0.17 0.17 0.181 0.181 0.181 0.168 0.168 0.1705 0.1705 0.17 0.17 0.198 0.198 0.198 0.1715 0.1715 0.184 0.184 0.1505 0.1505 0.1505 0.132 0.132 0.1445 0.1445 0.1365 0.1365 0.1365 0.1355 0.1355 0.131 0.131 0.1155 0.1155 0.1155 0.109
0.154 0.154 0.131 0.131 0.1305 0.1305 0.1355 0.1355 0.1355 0.1385 0.1385 0.144 0.144 0.1375 0.1375 0.136 0.136 0.136 0.1325 0.1325 0.141 0.141 0.138 0.138 0.138 0.1505 0.1505 0.1535 0.1535 0.1485 0.1485 0.1485 0.145 0.145 0.1585 0.1585 0.1465 0.1465 0.1465 0.16 0.16 0.17 0.17 0.181 0.181 0.181 0.168 0.168 0.1705 0.1705 0.17 0.17 0.198 0.198 0.198 0.1715 0.1715 0.184 0.184 0.1505 0.1505 0.1505 0.132 0.132 0.1445 0.1445 0.1365 0.1365 0.1365 0.1355 0.1355 0.131 0.131 0.1155 0.1155 0.1155 0.109
0.154 0.154 0.131 0.131 0.1305 0.1305 0.1355 0.1355 0.1355 0.1385 0.1385 0.144 0.144 0.1375 0.1375 0.136 0.136 0.136 0.1325 0.1325 0.141 0.141 0.138 0.138 0.138 0.1505 0.1505 0.1535 0.1535 0.1485 0.1485 0.1485 0.145 0.145 0.1585 0.1585 0.1465 0.1465 0.1465 0.16 0.16 0.17 0.17 0.181 0.181 0.181 0.168 0.168 0.1705 0.1705 0.17 0.17 0.198 0.198 0.198 0.1715 0.1715 0.184 0.184 0.1505 0.1505 0.1505 0.132 0.132 0.1445 0.1445 0.1365 0.1365 0.1365 0.1355 0.1355 0.131 0.131 0.1155 0.1155 0.1155 0.109
0.162 0.162 0.1465 0.1465 0.1355 0.1355 0.139 0.139 0.139 0.14 0.14 0.137 0.137 0.14 0.14 0.1385 0.1385 0.1385 0.1415 0.1415 0.1385 0.1385 0.1455 0.1455 0.1455 0.1455 0.1455 0.151 0.151 0.15 0.15 0.15 0.156 0.156 0.1585 0.1585 0.181 0.181 0.181 0.172 0.172 0.176 0.176 0.171 0.171 0.171 0.151 0.151 0.1735 0.1735 0.155 0.155 0.1715 0.1715 0.1715 0.1685 0.1685 0.158 0.158 0.1556 0.1556 0.1556 0.1536 0.1536 0.11 0.11 0.1265 0.1265 0.1265 0.133 0.133 0.108 0.108 0.107 0.107 0.107 0.108
0.162 0.162 0.1465 0.1465 0.1355 0.1355 0.139 0.139 0.139 0.14 0.14 0.137 0.137 0.14 0.14 0.1385 0.1385 0.1385 0.1415 0.1415 0.1385 0.1385 0.1455 0.1455 0.1455 0.1455 0.1455 0.151 0.151 0.15 0.15 0.15 0.156 0.156 0.1585 0.1585 0.181 0.181 0.181 0.172 0.172 0.176 0.176 0.171 0.171 0.171 0.151 0.151 0.1735 0.1735 0.155 0.155 0.1715 0.1715 0.1715 0.1685 0.1685 0.158 0.158 0.1556 0.1556 0.1556 0.1536 0.1536 0.11 0.11 0.1265 0.1265 0.1265 0.133 0.133 0.108 0.108 0.107 0.107 0.107 0.108
0.143 0.143 0.1465 0.1465 0.1395 0.1395 0.1435 0.1435 0.1435 0.137 0.137 0.1355 0.1355 0.142 0.142 0.1365 0.1365 0.1365 0.1365 0.1365 0.1495 0.1495 0.149 0.149 0.149 0.151 0.151 0.1485 0.1485 0.1575 0.1575 0.1575 0.1855 0.1855 0.189 0.189 0.15 0.15 0.15 0.126 0.126 0.124 0.124 0.1486 0.1486 0.1486 0.1511 0.1511 0.191 0.191 0.1645 0.1645 0.1625 0.1625 0.1625 0.1565 0.1565 0.176 0.176 0.1555 0.1555 0.1555 0.1565 0.1565 0.136 0.136 0.1365 0.1365 0.1365 0.1605 0.1605 0.127 0.127 0.1145 0.1145 0.1145 0.112
0.143 0.143 0.1465 0.1465 0.1395 0.1395 0.1435 0.1435 0.1435 0.137 0.137 0.1355 0.1355 0.142 0.142 0.1365 0.1365 0.1365 0.1365 0.1365 0.1495 0.1495 0.149 0.149 0.149 0.151 0.151 0.1485 0.1485 0.1575 0.1575 0.1575 0.1855 0.1855 0.189 0.189 0.15 0.15 0.15 0.126 0.126 0.124 0.124 0.1486 0.1486 0.1486 0.1511 0.1511 0.191 0.191 0.1645 0.1645 0.1625 0.1625 0.1625 0.1565 0.1565 0.176 0.176 0.1555 0.1555 0.1555 0.1565 0.1565 0.136 0.136 0.1365 0.1365 0.1365 0.1605 0.1605 0.127 0.127 0.1145 0.1145 0.1145 0.112
0.175 0.175 0.1445 0.1445 0.151 0.151 0.138 0.138 0.138 0.136 0.136 0.132 0.132 0.1465 0.1465 0.1565 0.1565 0.1565 0.159 0.159 0.1605 0.1605 0.168 0.168 0.168 0.1735 0.1735 0.1605 0.1605 0.179 0.179 0.179 0.198 0.198 0.196 0.196 0.1395 0.1395 0.1395 0.1215 0.1215 0.1175 0.1175 0.143 0.143 0.143 0.16 0.16 0.1725 0.1725 0.1855 0.1855 0.1655 0.1655 0.1655 0.1755 0.1755 0.158 0.158 0.1575 0.1575 0.1575 0.1665 0.1665 0.144 0.144 0.1545 0.1545 0.1545 0.1465 0.1465 0.137 0.137 0.114 0.114 0.114 0.105
0.175 0.175 0.1445 0.1445 0.151 0.151 0.138 0.138 0.138 0.136 0.136 0.132 0.132 0.1465 0.1465 0.1565 0.1565 0.1565 0.159 0.159 0.1605 0.1605 0.168 0.168 0.168 0.1735 0.1735 0.1605 0.1605 0.179 0.179 0.179 0.198 0.198 0.196 0.196 0.1395 0.1395 0.1395 0.1215 0.1215 0.1175 0.1175 0.143 0.143 0.143 0.16 0.16 0.1725 0.1725 0.1855 0.1855 0.1655 0.1655 0.1655 0.1755 0.1755 0.158 0.158 0.1575 0.1575 0.1575 0.1665 0.1665 0.144 0.144 0.1545 0.1545 0.1545 0.1465 0.1465 0.137 0.137 0.114 0.114 0.114 0.105
0.175 0.175 0.1445 0.1445 0.151 0.151 0.138 0.138 0.138 0.136 0.136 0.132 0.132 0.1465 0.1465 0.1565 0.1565 0.1565 0.159 0.159 0.1605 0.1605 0.168 0.168 0.168 0.1735 0.1735 0.1605 0.1605 0.179 0.179 0.179 0.198 0.198 0.196 0.196 0.1395 0.1395 0.1395 0.1215 0.1215 0.1175 0.1175 0.143 0.143 0.143 0.16 0.16 0.1725 0.1725 0.1855 0.1855 0.1655 0.1655 0.1655 0.1755 0.1755 0.158 0.158 0.1575 0.1575 0.1575 0.1665 0.1665 0.144 0.144 0.1545 0.1545 0.1545 0.1465 0.1465 0.137 0.137 0.114 0.114 0.114 0.105
0.1585 0.1585 0.149 0.149 0.166 0.166 0.161 0.161 0.161 0.1665 0.1665 0.1665 0.1665 0.1695 0.1695 0.176 0.176 0.176 0.179 0.179 0.1825 0.1825 0.1965 0.1965 0.1965 0.185 0.185 0.1845 0.1845 0.175 0.175 0.175 0.169 0.169 0.1665 0.1665 0.163 0.163 0.163 0.1265 0.1265 0.1085 0.1085 0.1275 0.1275 0.1275 0.1515 0.1515 0.1305 0.1305 0.1705 0.1705 0.178 0.178 0.178 0.1755 0.1755 0.1645 0.1645 0.137 0.137 0.137 0.1675 0.1675 0.1575 0.1575 0.1645 0.1645 0.1645 0.152 0.152 0.164 0.164 0.1445 0.1445 0.1445 0.0945
0.1585 0.1585 0.149 0.149 0.166 0.166 0.161 0.161 0.161 0.1665 0.1665 0.1665 0.1665 0.1695 0.1695 0.176 0.176 0.176 0.179 0.179 0.1825 0.1825 0.1965 0.1965 0.1965 0.185 0.185 0.1845 0.1845 0.175 0.175 0.175 0.169 0.169 0.1665 0.1665 0.163 0.163 0.163 0.1265 0.1265 0.1085 0.1085 0.1275 0.1275 0.1275 0.1515 0.1515 0.1305 0.1305 0.1705 0.1705 0.178 0.178 0.178 0.1755 0.1755 0.1645 0.1645 0.137 0.137 0.137 0.1675 0.1675 0.1575 0.1575 0.1645 0.1645 0.1645 0.152 0.152 0.164 0.164 0.1445 0.1445 0.1445 0.0945
0.173 0.173 0.172 0.172 0.1715 0.1715 0.172 0.172 0.172 0.172 0.172 0.178 0.178 0.182 0.182 0.1755 0.1755 0.1755 0.1835 0.1835 0.1675 0.1675 0.1715 0.1715 0.1715 0.1755 0.1755 0.1815 0.1815 0.1885 0.1885 0.1885 0.1545 0.1545 0.1865 0.1865 0.1675 0.1675 0.1675 0.1605 0.1605 0.1325 0.1325 0.117 0.117 0.117 0.127 0.127 0.1345 0.1345 0.1815 0.1815 0.1755 0.1755 0.1755 0.184 0.184 0.194 0.194 0.1845 0.1845 0.1845 0.191 0.191 0.185 0.185 0.147 0.147 0.147 0.146 0.146 0.1505 0.1505 0.137 0.137 0.137 0.0865
0.173 0.173 0.172 0.172 0.1715 0.1715 0.172 0.172 0.172 0.172 0.172 0.178 0.178 0.182 0.182 0.1755 0.1755 0.1755 0.1835 0.1835 0.1675 0.1675 0.1715 0.1715 0.1715 0.1755 0.1755 0.1815 0.1815 0.1885 0.1885 0.1885 0.1545 0.1545 0.1865 0.1865 0.1675 0.1675 0.1675 0.1605 0.1605 0.1325 0.1325 0.117 0.117 0.117 0.127 0.127 0.1345 0.1345 0.1815 0.1815 0.1755 0.1755 0.1755 0.184 0.184 0.194 0.194 0.1845 0.1845 0.1845 0.191 0.191 0.185 0.185 0.147 0.147 0.147 0.146 0.146 0.1505 0.1505 0.137 0.137 0.137 0.0865
0.205 0.205 0.2135 0.2135 0.1865 0.1865 0.181 0.181 0.181 0.1795 0.1795 0.1855 0.1855 0.202 0.202 0.187 0.187 0.187 0.1885 0.1885 0.1945 0.1945 0.1705 0.1705 0.1705 0.174 0.174 0.149 0.149 0.157 0.157 0.157 0.1545 0.1545 0.1805 0.1805 0.1565 0.1565 0.1565 0.1515 0.1515 0.1085 0.1085 0.115 0.115 0.115 0.1345 0.1345 0.13 0.13 0.1795 0.1795 0.1705 0.1705 0.1705 0.19 0.19 0.183 0.183 0.178 0.178 0.178 0.1835 0.1835 0.1805 0.1805 0.151 0.151 0.151 0.1395 0.1395 0.137 0.137 0.1335 0.1335 0.1335 0.0925
0.205 0.205 0.2135 0.2135 0.1865 0.1865 0.181 0.181 0.181 0.1795 0.1795 0.1855 0.1855 0.202 0.202 0.187 0.187 0.187 0.1885 0.1885 0.1945 0.1945 0.1705 0.1705 0.1705 0.174 0.174 0.149 0.149 0.157 0.157 0.157 0.1545 0.1545 0.1805 0.1805 0.1565 0.1565 0.1565 0.1515 0.1515 0.1085 0.1085 0.115 0.115 0.115 0.1345 0.1345 0.13 0.13 0.1795 0.1795 0.1705 0.1705 0.1705 0.19 0.19 0.183 0.183 0.178 0.178 0.178 0.1835 0.1835 0.1805 0.1805 0.151 0.151 0.151 0.1395 0.1395 0.137 0.137 0.1335 0.1335 0.1335 0.0925
0.197 0.197 0.197 0.197 0.18 0.18 0.1835 0.1835 0.1835 0.1855 0.1855 0.1745 0.1745 0.1795 0.1795 0.18 0.18 0.18 0.182 0.182 0.196 0.196 0.188 0.188 0.188 0.16 0.16 0.1865 0.1865 0.194 0.194 0.194 0.1685 0.1685 0.18 0.18 0.1495 0.1495 0.1495 0.171 0.171 0.15 0.15 0.147 0.147 0.147 0.1175 0.1175 0.1145 0.1145 0.1375 0.1375 0.191 0.191 0.191 0.1905 0.1905 0.1815 0.1815 0.2025 0.2025 0.2025 0.2 0.2 0.19 0.19 0.1525 0.1525 0.1525 0.1625 0.1625 0.129 0.129 0.128 0.128 0.128 0.1005
0.197 0.197 0.197 0.197 0.18 0.18 0.1835 0.1835 0.1835 0.1855 0.1855 0.1745 0.1745 0.1795 0.1795 0.18 0.18 0.18 0.182 0.182 0.196 0.196 0.188 0.188 0.188 0.16 0.16 0.1865 0.1865 0.194 0.194 0.194 0.1685 0.1685 0.18 0.18 0.1495 0.1495 0.1495 0.171 0.171 0.15 0.15 0.147 0.147 0.147 0.1175 0.1175 0.1145 0.1145 0.1375 0.1375 0.191 0.191 0.191 0.1905 0.1905 0.1815 0.1815 0.2025 0.2025 0.2025 0.2 0.2 0.19 0.19 0.1525 0.1525 0.1525 0.1625 0.1625 0.129 0.129 0.128 0.128 0.128 0.1005
0.197 0.197 0.197 0.197 0.18 0.18 0.1835 0.1835 0.1835 0.1855 0.1855 0.1745 0.1745 0.1795 0.1795 0.18 0.18 0.18 0.182 0.182 0.196 0.196 0.188 0.188 0.188 0.16 0.16 0.1865 0.1865 0.194 0.194 0.194 0.1685 0.1685 0.18 0.18 0.1495 0.1495 0.1495 0.171 0.171 0.15 0.15 0.147 0.147 0.147 0.1175 0.1175 0.1145 0.1145 0.1375 0.1375 0.191 0.191 0.191 0.1905 0.1905 0.1815 0.1815 0.2025 0.2025 0.2025 0.2 0.2 0.19 0.19 0.1525 0.1525 0.1525 0.1625 0.1625 0.129 0.129 0.128 0.128 0.128 0.1005
0.2 0.2 0.2065 0.2065 0.1915 0.1915 0.2195 0.2195 0.2195 0.1995 0.1995 0.173 0.173 0.178 0.178 0.201 0.201 0.201 0.1635 0.1635 0.189 0.189 0.2125 0.2125 0.2125 0.204 0.204 0.2145 0.2145 0.203 0.203 0.203 0.216 0.216 0.2095 0.2095 0.1655 0.1655 0.1655 0.151 0.151 0.122 0.122 0.1645 0.1645 0.1645 0.1475 0.1475 0.1155 0.1155 0.0995 0.0995 0.1436 0.1436 0.1436 0.116 0.116 0.1735 0.1735 0.2185 0.2185 0.2185 0.214 0.214 0.201 0.201 0.189 0.189 0.189 0.1755 0.1755 0.182 0.182 0.124 0.124 0.124 0.1155
0.2 0.2 0.2065 0.2065 0.1915 0.1915 0.2195 0.2195 0.2195 0.1995 0.1995 0.173 0.173 0.178 0.178 0.201 0.201 0.201 0.1635 0.1635 0.189 0.189 0.2125 0.2125 0.2125 0.204 0.204 0.2145 0.2145 0.203 0.203 0.203 0.216 0.216 0.2095 0.2095 0.1655 0.1655 0.1655 0.151 0.151 0.122 0.122 0.1645 0.1645 0.1645 0.1475 0.1475 0.1155 0.1155 0.0995 0.0995 0.1436 0.1436 0.1436 0.116 0.116 0.1735 0.1735 0.2185 0.2185 0.2185 0.214 0.214 0.201 0.201 0.189 0.189 0.189 0.1755 0.1755 0.182 0.182 0.124 0.124 0.124 0.1155
0.2025 0.2025 0.2355 0.2355 0.2255 0.2255 0.234 0.234 0.234 0.193 0.193 0.1835 0.1835 0.187 0.187 0.18 0.18 0.18 0.165 0.165 0.1816 0.1816 0.2085 0.2085 0.2085 0.1925 0.1925 0.2145 0.2145 0.2075 0.2075 0.2075 0.2115 0.2115 0.205 0.205 0.1965 0.1965 0.1965 0.174 0.174 0.1135 0.1135 0.1395 0.1395 0.1395 0.1365 0.1365 0.119 0.119 0.134 0.134 0.128 0.128 0.128 0.167 0.167 0.1515 0.1515 0.2045 0.2045 0.2045 0.2135 0.2135 0.2025 0.2025 0.2025 0.2025 0.2025 0.1635 0.1635 0.156 0.156 0.1235 0.1235 0.1235 0.1085
0.2025 0.2025 0.2355 0.2355 0.2255 0.2255 0.234 0.234 0.234 0.193 0.193 0.1835 0.1835 0.187 0.187 0.18 0.18 0.18 0.165 0.165 0.1816 0.1816 0.2085 0.2085 0.2085 0.1925 0.1925 0.2145 0.2145 0.2075 0.2075 0.2075 0.2115 0.2115 0.205 0.205 0.1965 0.1965 0.1965 0.174 0.174 0.1135 0.1135 0.1395 0.1395 0.1395 0.1365 0.1365 0.119 0.119 0.134 0.134 0.128 0.128 0.128 0.167 0.167 0.1515 0.1515 0.2045 0.2045 0.2045 0.2135 0.2135 0.2025 0.2025 0.2025 0.2025 0.2025 0.1635 0.1635 0.156 0.156 0.1235 0.1235 0.1235 0.1085
0.205 0.205 0.228 0.228 0.218 0.218 0.1985 0.1985 0.1985 0.1685 0.1685 0.2455 0.2455 0.2195 0.2195 0.2095 0.2095 0.2095 0.1905 0.1905 0.203 0.203 0.2265 0.2265 0.2265 0.2145 0.2145 0.22 0.22 0.2035 0.2035 0.2035 0.208 0.208 0.1945 0.1945 0.178 0.178 0.178 0.177 0.177 0.17 0.17 0.1195 0.1195 0.1195 0.1255 0.1255 0.121 0.121 0.1375 0.1375 0.1595 0.1595 0.1595 0.162 0.162 0.1585 0.1585 0.21 0.21 0.21 0.193 0.193 0.198 0.198 0.195 0.195 0.195 0.177 0.177 0.1575 0.1575 0.14 0.14 0.14 0.1295
0.205 0.205 0.228 0.228 0.218 0.218 0.1985 0.1985 0.1985 0.1685 0.1685 0.2455 0.2455 0.2195 0.2195 0.2095 0.2095 0.2095 0.1905 0.1905 0.203 0.203 0.2265 0.2265 0.2265 0.2145 0.2145 0.22 0.22 0.2035 0.2035 0.2035 0.208 0.208 0.1945 0.1945 0.178 0.178 0.178 0.177 0.177 0.17 0.17 0.1195 0.1195 0.1195 0.1255 0.1255 0.121 0.121 0.1375 0.1375 0.1595 0.1595 0.1595 0.162 0.162 0.1585 0.1585 0.21 0.21 0.21 0.193 0.193 0.198 0.198 0.195 0.195 0.195 0.177 0.177 0.1575 0.1575 0.14 0.14 0.14 0.1295
0.205 0.205 0.228 0.228 0.218 0.218 0.1985 0.1985 0.1985 0.1685 0.1685 0.2455 0.2455 0.2195 0.2195 0.2095 0.2095 0.2095 0.1905 0.1905 0.203 0.203 0.2265 0.2265 0.2265 0.2145 0.2145 0.22 0.22 0.2035 0.2035 0.2035 0.208 0.208 0.1945 0.1945 0.178 0.178 0.178 0.177 0.177 0.17 0.17 0.1195 0.1195 0.1195 0.1255 0.1255 0.121 0.121 0.1375 0.1375 0.1595 0.1595 0.1595 0.162 0.162 0.1585 0.1585 0.21 0.21 0.21 0.193 0.193 0.198 0.198 0.195 0.195 0.195 0.177 0.177 0.1575 0.1575 0.14 0.14 0.14 0.1295
0.1845 0.1845 0.1715 0.1715 0.2075 0.2075 0.206 0.206 0.206 0.2005 0.2005 0.209 0.209 0.2105 0.2105 0.1855 0.1855 0.1855 0.2 0.2 0.181 0.181 0.1995 0.1995 0.1995 0.1935 0.1935 0.2125 0.2125 0.21 0.21 0.21 0.2045 0.2045 0.1835 0.1835 0.188 0.188 0.188 0.1905 0.1905 0.2025 0.2025 0.1785 0.1785 0.1785 0.149 0.149 0.1795 0.1795 0.1605 0.1605 0.1895 0.1895 0.1895 0.1735 0.1735 0.167 0.167 0.188 0.188 0.188 0.1745 0.1745 0.2045 0.2045 0.211 0.211 0.211 0.1915 0.1915 0.183 0.183 0.1585 0.1585 0.1585 0.113
