ndvi/NOAA-224.asc
ncols         252
nrows         154
xllcorner     -18.017974
yllcorner     13.481982
cellsize      0.035948
NODATA_value  -9999
[rows 102 to 135 of 154, columns 77 to 153 of 252]
0.45 0.45 0.452 0.452 0.494 0.494 0.5165 0.5165 0.5165 0.468 0.468 0.4435 0.4435 0.456 0.456 0.419 0.419 0.419 0.47 0.47 0.4815 0.4815 0.4935 0.4935 0.4935 0.506 0.506 0.507 0.507 0.5285 0.5285 0.5285 0.5245 0.5245 0.5975 0.5975 0.5785 0.5785 0.5785 0.5775 0.5775 0.5779999 0.5779999 0.6315 0.6315 0.6315 0.6465 0.6465 0.64 0.64 0.6375 0.6375 0.6165 0.6165 0.6165 0.5845 0.5845 0.532 0.532 0.5235 0.5235 0.5235 0.4475 0.4475 0.435 0.435 0.441 0.441 0.441 0.4865 0.4865 0.5245 0.5245 0.496 0.496 0.496 0.4925
0.4975 0.4975 0.4605 0.4605 0.5015 0.5015 0.489 0.489 0.489 0.481 0.481 0.45 0.45 0.5265 0.5265 0.465 0.465 0.465 0.461 0.461 0.4875 0.4875 0.5085 0.5085 0.5085 0.5165 0.5165 0.5025 0.5025 0.5225 0.5225 0.5225 0.5245 0.5245 0.5725 0.5725 0.5665 0.5665 0.5665 0.5725 0.5725 0.586 0.586 0.6115 0.6115 0.6115 0.5835 0.5835 0.6095 0.6095 0.622 0.622 0.636 0.636 0.636 0.606 0.606 0.5395 0.5395 0.518 0.518 0.518 0.511 0.511 0.498 0.498 0.4295 0.4295 0.4295 0.4225 0.4225 0.4975 0.4975 0.4525 0.4525 0.4525 0.44
0.4975 0.4975 0.4605 0.4605 0.5015 0.5015 0.489 0.489 0.489 0.481 0.481 0.45 0.45 0.5265 0.5265 0.465 0.465 0.465 0.461 0.461 0.4875 0.4875 0.5085 0.5085 0.5085 0.5165 0.5165 0.5025 0.5025 0.5225 0.5225 0.5225 0.5245 0.5245 0.5725 0.5725 0.5665 0.5665 0.5665 0.5725 0.5725 0.586 0.586 0.6115 0.6115 0.6115 0.5835 0.5835 0.6095 0.6095 0.622 0.622 0.636 0.636 0.636 0.606 0.606 0.5395 0.5395 0.518 0.518 0.518 0.511 0.511 0.498 0.498 0.4295 0.4295 0.4295 0.4225 0.4225 0.4975 0.4975 0.4525 0.4525 0.4525 0.44
0.4975 0.4975 0.4605 0.4605 0.5015 0.5015 0.489 0.489 0.489 0.481 0.481 0.45 0.45 0.5265 0.5265 0.465 0.465 0.465 0.461 0.461 0.4875 0.4875 0.5085 0.5085 0.5085 0.5165 0.5165 0.5025 0.5025 0.5225 0.5225 0.5225 0.5245 0.5245 0.5725 0.5725 0.5665 0.5665 0.5665 0.5725 0.5725 0.586 0.586 0.6115 0.6115 0.6115 0.5835 0.5835 0.6095 0.6095 0.622 0.622 0.636 0.636 0.636 0.606 0.606 0.5395 0.5395 0.518 0.518 0.518 0.511 0.511 0.498 0.498 0.4295 0.4295 0.4295 0.4225 0.4225 0.4975 0.4975 0.4525 0.4525 0.4525 0.44
0.484 0.484 0.462 0.462 0.47 0.47 0.475 0.475 0.475 0.4495 0.4495 0.49 0.49 0.503 0.503 0.4845 0.4845 0.4845 0.488 0.488 0.493 0.493 0.519 0.519 0.519 0.5735 0.5735 0.541 0.541 0.517 0.517 0.517 0.5475 0.5475 0.559 0.559 0.555 0.555 0.555 0.5745 0.5745 0.581 0.581 0.543 0.543 0.543 0.57 0.57 0.581 0.581 0.597 0.597 0.6265 0.6265 0.6265 0.563 0.563 0.5455 0.5455 0.5505 0.5505 0.5505 0.5165 0.5165 0.612 0.612 0.5615 0.5615 0.5615 0.4695 0.4695 0.4115 0.4115 0.4535 0.4535 0.4535 0.4355
0.484 0.484 0.462 0.462 0.47 0.47 0.475 0.475 0.475 0.4495 0.4495 0.49 0.49 0.503 0.503 0.4845 0.4845 0.4845 0.488 0.488 0.493 0.493 0.519 0.519 0.519 0.5735 0.5735 0.541 0.541 0.517 0.517 0.517 0.5475 0.5475 0.559 0.559 0.555 0.555 0.555 0.5745 0.5745 0.581 0.581 0.543 0.543 0.543 0.57 0.57 0.581 0.581 0.597 0.597 0.6265 0.6265 0.6265 0.563 0.563 0.5455 0.5455 0.5505 0.5505 0.5505 0.5165 0.5165 0.612 0.612 0.5615 0.5615 0.5615 0.4695 0.4695 0.4115 0.4115 0.4535 0.4535 0.4535 0.4355
0.539 0.539 0.4715 0.4715 0.4725 0.4725 0.4875 0.4875 0.4875 0.508 0.508 0.4935 0.4935 0.5265 0.5265 0.5305 0.5305 0.5305 0.556 0.556 0.5275 0.5275 0.5445 0.5445 0.5445 0.5665 0.5665 0.5775 0.5775 0.5525 0.5525 0.5525 0.562 0.562 0.5605 0.5605 0.5375 0.5375 0.5375 0.5535 0.5535 0.5675 0.5675 0.542 0.542 0.542 0.5315 0.5315 0.6245 0.6245 0.595 0.595 0.571 0.571 0.571 0.5905 0.5905 0.562 0.562 0.52 0.52 0.52 0.496 0.496 0.535 0.535 0.5185 0.5185 0.5185 0.499 0.499 0.4285 0.4285 0.4065 0.4065 0.4065 0.467
0.539 0.539 0.4715 0.4715 0.4725 0.4725 0.4875 0.4875 0.4875 0.508 0.508 0.4935 0.4935 0.5265 0.5265 0.5305 0.5305 0.5305 0.556 0.556 0.5275 0.5275 0.5445 0.5445 0.5445 0.5665 0.5665 0.5775 0.5775 0.5525 0.5525 0.5525 0.562 0.562 0.5605 0.5605 0.5375 0.5375 0.5375 0.5535 0.5535 0.5675 0.5675 0.542 0.542 0.542 0.5315 0.5315 0.6245 0.6245 0.595 0.595 0.571 0.571 0.571 0.5905 0.5905 0.562 0.562 0.52 0.52 0.52 0.496 0.496 0.535 0.535 0.5185 0.5185 0.5185 0.499 0.499 0.4285 0.4285 0.4065 0.4065 0.4065 0.467
0.525 0.525 0.515 0.515 0.5245 0.5245 0.4855 0.4855 0.4855 0.487 0.487 0.53 0.53 0.5715 0.5715 0.59 0.59 0.59 0.6065 0.6065 0.57 0.57 0.5795 0.5795 0.5795 0.608 0.608 0.5815 0.5815 0.6015 0.6015 0.6015 0.635 0.635 0.586 0.586 0.5475 0.5475 0.5475 0.5285 0.5285 0.544 0.544 0.5875 0.5875 0.5875 0.5905 0.5905 0.586 0.586 0.6055 0.6055 0.589 0.589 0.589 0.562 0.562 0.592 0.592 0.6115 0.6115 0.6115 0.5805 0.5805 0.577 0.577 0.577 0.577 0.577 0.5525 0.5525 0.521 0.521 0.5015 0.5015 0.5015 0.5265
0.525 0.525 0.515 0.515 0.5245 0.5245 0.4855 0.4855 0.4855 0.487 0.487 0.53 0.53 0.5715 0.5715 0.59 0.59 0.59 0.6065 0.6065 0.57 0.57 0.5795 0.5795 0.5795 0.608 0.608 0.5815 0.5815 0.6015 0.6015 0.6015 0.635 0.635 0.586 0.586 0.5475 0.5475 0.5475 0.5285 0.5285 0.544 0.544 0.5875 0.5875 0.5875 0.5905 0.5905 0.586 0.586 0.6055 0.6055 0.589 0.589 0.589 0.562 0.562 0.592 0.592 0.6115 0.6115 0.6115 0.5805 0.5805 0.577 0.577 0.577 0.577 0.577 0.5525 0.5525 0.521 0.521 0.5015 0.5015 0.5015 0.5265
0.525 0.525 0.515 0.515 0.5245 0.5245 0.4855 0.4855 0.4855 0.487 0.487 0.53 0.53 0.5715 0.5715 0.59 0.59 0.59 0.6065 0.6065 0.57 0.57 0.5795 0.5795 0.5795 0.608 0.608 0.5815 0.5815 0.6015 0.6015 0.6015 0.635 0.635 0.586 0.586 0.5475 0.5475 0.5475 0.5285 0.5285 0.544 0.544 0.5875 0.5875 0.5875 0.5905 0.5905 0.586 0.586 0.6055 0.6055 0.589 0.589 0.589 0.562 0.562 0.592 0.592 0.6115 0.6115 0.6115 0.5805 0.5805 0.577 0.577 0.577 0.577 0.577 0.5525 0.5525 0.521 0.521 0.5015 0.5015 0.5015 0.5265
0.508 0.508 0.51 0.51 0.5335 0.5335 0.515 0.515 0.515 0.519 0.519 0.534 0.534 0.5745 0.5745 0.593 0.593 0.593 0.6175 0.6175 0.6245 0.6245 0.6385 0.6385 0.6385 0.628 0.628 0.6185 0.6185 0.6205 0.6205 0.6205 0.6475 0.6475 0.5735 0.5735 0.5785 0.5785 0.5785 0.594 0.594 0.588 0.588 0.593 0.593 0.593 0.6145 0.6145 0.6135 0.6135 0.596 0.596 0.6015 0.6015 0.6015 0.5795 0.5795 0.575 0.575 0.5955 0.5955 0.5955 0.596 0.596 0.553 0.553 0.5615 0.5615 0.5615 0.5875 0.5875 0.5545 0.5545 0.4655 0.4655 0.4655 0.475
0.508 0.508 0.51 0.51 0.5335 0.5335 0.515 0.515 0.515 0.519 0.519 0.534 0.534 0.5745 0.5745 0.593 0.593 0.593 0.6175 0.6175 0.6245 0.6245 0.6385 0.6385 0.6385 0.628 0.628 0.6185 0.6185 0.6205 0.6205 0.6205 0.6475 0.6475 0.5735 0.5735 0.5785 0.5785 0.5785 0.594 0.594 0.588 0.588 0.593 0.593 0.593 0.6145 0.6145 0.6135 0.6135 0.596 0.596 0.6015 0.6015 0.6015 0.5795 0.5795 0.575 0.575 0.5955 0.5955 0.5955 0.596 0.596 0.553 0.553 0.5615 0.5615 0.5615 0.5875 0.5875 0.5545 0.5545 0.4655 0.4655 0.4655 0.475
0.571 0.571 0.592 0.592 0.5535 0.5535 0.5055 0.5055 0.5055 0.5215 0.5215 0.5175 0.5175 0.527 0.527 0.56 0.56 0.56 0.608 0.608 0.6404999 0.6404999 0.6635 0.6635 0.6635 0.616 0.616 0.6045 0.6045 0.602 0.602 0.602 0.5535 0.5535 0.567 0.567 0.5965 0.5965 0.5965 0.6005 0.6005 0.5805 0.5805 0.584 0.584 0.584 0.5385 0.5385 0.594 0.594 0.5595 0.5595 0.5765 0.5765 0.5765 0.5415 0.5415 0.545 0.545 0.5985 0.5985 0.5985 0.557 0.557 0.5434999 0.5434999 0.5549999 0.5549999 0.5549999 0.5535 0.5535 0.566 0.566 0.543 0.543 0.543 0.5085
0.571 0.571 0.592 0.592 0.5535 0.5535 0.5055 0.5055 0.5055 0.5215 0.5215 0.5175 0.5175 0.527 0.527 0.56 0.56 0.56 0.608 0.608 0.6404999 0.6404999 0.6635 0.6635 0.6635 0.616 0.616 0.6045 0.6045 0.602 0.602 0.602 0.5535 0.5535 0.567 0.567 0.5965 0.5965 0.5965 0.6005 0.6005 0.5805 0.5805 0.584 0.584 0.584 0.5385 0.5385 0.594 0.594 0.5595 0.5595 0.5765 0.5765 0.5765 0.5415 0.5415 0.545 0.545 0.5985 0.5985 0.5985 0.557 0.557 0.5434999 0.5434999 0.5549999 0.5549999 0.5549999 0.5535 0.5535 0.566 0.566 0.543 0.543 0.543 0.5085
0.545 0.545 0.559 0.559 0.521 0.521 0.5145 0.5145 0.5145 0.5085 0.5085 0.5135 0.5135 0.536 0.536 0.593 0.593 0.593 0.621 0.621 0.635 0.635 0.6205 0.6205 0.6205 0.5845 0.5845 0.61 0.61 0.592 0.592 0.592 0.5795 0.5795 0.6035 0.6035 0.593 0.593 0.593 0.587 0.587 0.6025 0.6025 0.5815 0.5815 0.5815 0.586 0.586 0.6375 0.6375 0.605 0.605 0.5835 0.5835 0.5835 0.567 0.567 0.55 0.55 0.5695 0.5695 0.5695 0.55 0.55 0.541 0.541 0.518 0.518 0.518 0.552 0.552 0.557 0.557 0.5705 0.5705 0.5705 0.579
0.545 0.545 0.559 0.559 0.521 0.521 0.5145 0.5145 0.5145 0.5085 0.5085 0.5135 0.5135 0.536 0.536 0.593 0.593 0.593 0.621 0.621 0.635 0.635 0.6205 0.6205 0.6205 0.5845 0.5845 0.61 0.61 0.592 0.592 0.592 0.5795 0.5795 0.6035 0.6035 0.593 0.593 0.593 0.587 0.587 0.6025 0.6025 0.5815 0.5815 0.5815 0.586 0.586 0.6375 0.6375 0.605 0.605 0.5835 0.5835 0.5835 0.567 0.567 0.55 0.55 0.5695 0.5695 0.5695 0.55 0.55 0.541 0.541 0.518 0.518 0.518 0.552 0.552 0.557 0.557 0.5705 0.5705 0.5705 0.579
0.545 0.545 0.559 0.559 0.521 0.521 0.5145 0.5145 0.5145 0.5085 0.5085 0.5135 0.5135 0.536 0.536 0.593 0.593 0.593 0.621 0.621 0.635 0.635 0.6205 0.6205 0.6205 0.5845 0.5845 0.61 0.61 0.592 0.592 0.592 0.5795 0.5795 0.6035 0.6035 0.593 0.593 0.593 0.587 0.587 0.6025 0.6025 0.5815 0.5815 0.5815 0.586 0.586 0.6375 0.6375 0.605 0.605 0.5835 0.5835 0.5835 0.567 0.567 0.55 0.55 0.5695 0.5695 0.5695 0.55 0.55 0.541 0.541 0.518 0.518 0.518 0.552 0.552 0.557 0.557 0.5705 0.5705 0.5705 0.579
0.567 0.567 0.544 0.544 0.527 0.527 0.529 0.529 0.529 0.4935 0.4935 0.5275 0.5275 0.5335 0.5335 0.561 0.561 0.561 0.6235 0.6235 0.626 0.626 0.598 0.598 0.598 0.587 0.587 0.6059999 0.6059999 0.618 0.618 0.618 0.6495 0.6495 0.626 0.626 0.631 0.631 0.631 0.6135 0.6135 0.6235 0.6235 0.6585 0.6585 0.6585 0.6715 0.6715 0.639 0.639 0.646 0.646 0.6415 0.6415 0.6415 0.598 0.598 0.5925 0.5925 0.6105 0.6105 0.6105 0.6075 0.6075 0.6065 0.6065 0.6225 0.6225 0.6225 0.598 0.598 0.6585 0.6585 0.5915 0.5915 0.5915 0.6185
0.567 0.567 0.544 0.544 0.527 0.527 0.529 0.529 0.529 0.4935 0.4935 0.5275 0.5275 0.5335 0.5335 0.561 0.561 0.561 0.6235 0.6235 0.626 0.626 0.598 0.598 0.598 0.587 0.587 0.6059999 0.6059999 0.618 0.618 0.618 0.6495 0.6495 0.626 0.626 0.631 0.631 0.631 0.6135 0.6135 0.6235 0.6235 0.6585 0.6585 0.6585 0.6715 0.6715 0.639 0.639 0.646 0.646 0.6415 0.6415 0.6415 0.598 0.598 0.5925 0.5925 0.6105 0.6105 0.6105 0.6075 0.6075 0.6065 0.6065 0.6225 0.6225 0.6225 0.598 0.598 0.6585 0.6585 0.5915 0.5915 0.5915 0.6185
0.4985 0.4985 0.5325 0.5325 0.5315 0.5315 0.5045 0.5045 0.5045 0.526 0.526 0.534 0.534 0.5705 0.5705 0.5785 0.5785 0.5785 0.626 0.626 0.6195 0.6195 0.6105 0.6105 0.6105 0.624 0.624 0.6145 0.6145 0.655 0.655 0.655 0.6015 0.6015 0.6475 0.6475 0.6445 0.6445 0.6445 0.644 0.644 0.6845 0.6845 0.6715 0.6715 0.6715 0.649 0.649 0.6735 0.6735 0.6205 0.6205 0.6445 0.6445 0.6445 0.628 0.628 0.6655 0.6655 0.635 0.635 0.635 0.6684999 0.6684999 0.637 0.637 0.631 0.631 0.631 0.64 0.64 0.645 0.645 0.594 0.594 0.594 0.6435
0.4985 0.4985 0.5325 0.5325 0.5315 0.5315 0.5045 0.5045 0.5045 0.526 0.526 0.534 0.534 0.5705 0.5705 0.5785 0.5785 0.5785 0.626 0.626 0.6195 0.6195 0.6105 0.6105 0.6105 0.624 0.624 0.6145 0.6145 0.655 0.655 0.655 0.6015 0.6015 0.6475 0.6475 0.6445 0.6445 0.6445 0.644 0.644 0.6845 0.6845 0.6715 0.6715 0.6715 0.649 0.649 0.6735 0.6735 0.6205 0.6205 0.6445 0.6445 0.6445 0.628 0.628 0.6655 0.6655 0.635 0.635 0.635 0.6684999 0.6684999 0.637 0.637 0.631 0.631 0.631 0.64 0.64 0.645 0.645 0.594 0.594 0.594 0.6435
0.51 0.51 0.4895 0.4895 0.4845 0.4845 0.535 0.535 0.535 0.535 0.535 0.5625 0.5625 0.5425 0.5425 0.594 0.594 0.594 0.58 0.58 0.58 0.58 0.6555001 0.6555001 0.6555001 0.647 0.647 0.5735 0.5735 0.606 0.606 0.606 0.636 0.636 0.602 0.602 0.6395 0.6395 0.6395 0.6440001 0.6440001 0.6305 0.6305 0.6515 0.6515 0.6515 0.6385 0.6385 0.6315 0.6315 0.619 0.619 0.6565 0.6565 0.6565 0.6345 0.6345 0.637 0.637 0.6455 0.6455 0.6455 0.658 0.658 0.5985 0.5985 0.647 0.647 0.647 0.6405 0.6405 0.641 0.641 0.653 0.653 0.653 0.6425
0.51 0.51 0.4895 0.4895 0.4845 0.4845 0.535 0.535 0.535 0.535 0.535 0.5625 0.5625 0.5425 0.5425 0.594 0.594 0.594 0.58 0.58 0.58 0.58 0.6555001 0.6555001 0.6555001 0.647 0.647 0.5735 0.5735 0.606 0.606 0.606 0.636 0.636 0.602 0.602 0.6395 0.6395 0.6395 0.6440001 0.6440001 0.6305 0.6305 0.6515 0.6515 0.6515 0.6385 0.6385 0.6315 0.6315 0.619 0.619 0.6565 0.6565 0.6565 0.6345 0.6345 0.637 0.637 0.6455 0.6455 0.6455 0.658 0.658 0.5985 0.5985 0.647 0.647 0.647 0.6405 0.6405 0.641 0.641 0.653 0.653 0.653 0.6425
0.497 0.497 0.499 0.499 0.5055 0.5055 0.5 0.5 0.5 0.5525 0.5525 0.577 0.577 0.5325 0.5325 0.557 0.557 0.557 0.5685 0.5685 0.6345 0.6345 0.6445 0.6445 0.6445 0.607 0.607 0.6265 0.6265 0.6395 0.6395 0.6395 0.6165 0.6165 0.6275 0.6275 0.645 0.645 0.645 0.639 0.639 0.638 0.638 0.6465 0.6465 0.6465 0.5725 0.5725 0.5825 0.5825 0.6155 0.6155 0.6675 0.6675 0.6675 0.6595 0.6595 0.6195 0.6195 0.635 0.635 0.635 0.645 0.645 0.626 0.626 0.6495 0.6495 0.6495 0.639 0.639 0.6185 0.6185 0.6495 0.6495 0.6495 0.661
0.497 0.497 0.499 0.499 0.5055 0.5055 0.5 0.5 0.5 0.5525 0.5525 0.577 0.577 0.5325 0.5325 0.557 0.557 0.557 0.5685 0.5685 0.6345 0.6345 0.6445 0.6445 0.6445 0.607 0.607 0.6265 0.6265 0.6395 0.6395 0.6395 0.6165 0.6165 0.6275 0.6275 0.645 0.645 0.645 0.639 0.639 0.638 0.638 0.6465 0.6465 0.6465 0.5725 0.5725 0.5825 0.5825 0.6155 0.6155 0.6675 0.6675 0.6675 0.6595 0.6595 0.6195 0.6195 0.635 0.635 0.635 0.645 0.645 0.626 0.626 0.6495 0.6495 0.6495 0.639 0.639 0.6185 0.6185 0.6495 0.6495 0.6495 0.661
0.497 0.497 0.499 0.499 0.5055 0.5055 0.5 0.5 0.5 0.5525 0.5525 0.577 0.577 0.5325 0.5325 0.557 0.557 0.557 0.5685 0.5685 0.6345 0.6345 0.6445 0.6445 0.6445 0.607 0.607 0.6265 0.6265 0.6395 0.6395 0.6395 0.6165 0.6165 0.6275 0.6275 0.645 0.645 0.645 0.639 0.639 0.638 0.638 0.6465 0.6465 0.6465 0.5725 0.5725 0.5825 0.5825 0.6155 0.6155 0.6675 0.6675 0.6675 0.6595 0.6595 0.6195 0.6195 0.635 0.635 0.635 0.645 0.645 0.626 0.626 0.6495 0.6495 0.6495 0.639 0.639 0.6185 0.6185 0.6495 0.6495 0.6495 0.661
0.5255 0.5255 0.522 0.522 0.568 0.568 0.5705 0.5705 0.5705 0.5635 0.5635 0.5555 0.5555 0.5655 0.5655 0.577 0.577 0.577 0.6155 0.6155 0.6255 0.6255 0.6255 0.6255 0.6255 0.6735 0.6735 0.641 0.641 0.6345 0.6345 0.6345 0.627 0.627 0.6215 0.6215 0.6065 0.6065 0.6065 0.6125 0.6125 0.66 0.66 0.639 0.639 0.639 0.6335 0.6335 0.5995 0.5995 0.6145 0.6145 0.676 0.676 0.676 0.6525 0.6525 0.6175 0.6175 0.668 0.668 0.668 0.6725 0.6725 0.6515 0.6515 0.6255 0.6255 0.6255 0.636 0.636 0.632 0.632 0.6485 0.6485 0.6485 0.6235
0.5255 0.5255 0.522 0.522 0.568 0.568 0.5705 0.5705 0.5705 0.5635 0.5635 0.5555 0.5555 0.5655 0.5655 0.577 0.577 0.577 0.6155 0.6155 0.6255 0.6255 0.6255 0.6255 0.6255 0.6735 0.6735 0.641 0.641 0.6345 0.6345 0.6345 0.627 0.627 0.6215 0.6215 0.6065 0.6065 0.6065 0.6125 0.6125 0.66 0.66 0.639 0.639 0.639 0.6335 0.6335 0.5995 0.5995 0.6145 0.6145 0.676 0.676 0.676 0.6525 0.6525 0.6175 0.6175 0.668 0.668 0.668 0.6725 0.6725 0.6515 0.6515 0.6255 0.6255 0.6255 0.636 0.636 0.632 0.632 0.6485 0.6485 0.6485 0.6235
0.532 0.532 0.5645 0.5645 0.537 0.537 0.575 0.575 0.575 0.6 0.6 0.599 0.599 0.5945 0.5945 0.6145 0.6145 0.6145 0.606 0.606 0.667 0.667 0.691 0.691 0.691 0.62 0.62 0.652 0.652 0.6315 0.6315 0.6315 0.6615 0.6615 0.6675 0.6675 0.6345 0.6345 0.6345 0.637 0.637 0.618 0.618 0.6595 0.6595 0.6595 0.655 0.655 0.657 0.657 0.647 0.647 0.6865 0.6865 0.6865 0.654 0.654 0.6405 0.6405 0.6955 0.6955 0.6955 0.6575 0.6575 0.6745 0.6745 0.712 0.712 0.712 0.6945 0.6945 0.694 0.694 0.728 0.728 0.728 0.668
0.532 0.532 0.5645 0.5645 0.537 0.537 0.575 0.575 0.575 0.6 0.6 0.599 0.599 0.5945 0.5945 0.6145 0.6145 0.6145 0.606 0.606 0.667 0.667 0.691 0.691 0.691 0.62 0.62 0.652 0.652 0.6315 0.6315 0.6315 0.6615 0.6615 0.6675 0.6675 0.6345 0.6345 0.6345 0.637 0.637 0.618 0.618 0.6595 0.6595 0.6595 0.655 0.655 0.657 0.657 0.647 0.647 0.6865 0.6865 0.6865 0.654 0.654 0.6405 0.6405 0.6955 0.6955 0.6955 0.6575 0.6575 0.6745 0.6745 0.712 0.712 0.712 0.6945 0.6945 0.694 0.694 0.728 0.728 0.728 0.668
0.5025 0.5025 0.5425 0.5425 0.556 0.556 0.584 0.584 0.584 0.615 0.615 0.585 0.585 0.566 0.566 0.601 0.601 0.601 0.6355 0.6355 0.6305 0.6305 0.667 0.667 0.667 0.6645 0.6645 0.6175 0.6175 0.6215 0.6215 0.6215 0.679 0.679 0.6705 0.6705 0.6945 0.6945 0.6945 0.699 0.699 0.647 0.647 0.655 0.655 0.655 0.676 0.676 0.6720001 0.6720001 0.652 0.652 0.6735 0.6735 0.6735 0.677 0.677 0.669 0.669 0.669 0.669 0.669 0.6475 0.6475 0.639 0.639 0.6655 0.6655 0.6655 0.6885 0.6885 0.6825 0.6825 0.729 0.729 0.729 0.704
0.5025 0.5025 0.5425 0.5425 0.556 0.556 0.584 0.584 0.584 0.615 0.615 0.585 0.585 0.566 0.566 0.601 0.601 0.601 0.6355 0.6355 0.6305 0.6305 0.667 0.667 0.667 0.6645 0.6645 0.6175 0.6175 0.6215 0.6215 0.6215 0.679 0.679 0.6705 0.6705 0.6945 0.6945 0.6945 0.699 0.699 0.647 0.647 0.655 0.655 0.655 0.676 0.676 0.6720001 0.6720001 0.652 0.652 0.6735 0.6735 0.6735 0.677 0.677 0.669 0.669 0.669 0.669 0.669 0.6475 0.6475 0.639 0.639 0.6655 0.6655 0.6655 0.6885 0.6885 0.6825 0.6825 0.729 0.729 0.729 0.704
0.5025 0.5025 0.5425 0.5425 0.556 0.556 0.584 0.584 0.584 0.615 0.615 0.585 0.585 0.566 0.566 0.601 0.601 0.601 0.6355 0.6355 0.6305 0.6305 0.667 0.667 0.667 0.6645 0.6645 0.6175 0.6175 0.6215 0.6215 0.6215 0.679 0.679 0.6705 0.6705 0.6945 0.6945 0.6945 0.699 0.699 0.647 0.647 0.655 0.655 0.655 0.676 0.676 0.6720001 0.6720001 0.652 0.652 0.6735 0.6735 0.6735 0.677 0.677 0.669 0.669 0.669 0.669 0.669 0.6475 0.6475 0.639 0.639 0.6655 0.6655 0.6655 0.6885 0.6885 0.6825 0.6825 0.729 0.729 0.729 0.704
