ndvi/NOAA-95.asc
ncols         252
nrows         154
xllcorner     -18.017974
yllcorner     13.481982
cellsize      0.035948
NODATA_value  -9999
[rows 102 to 135 of 154, columns 77 to 153 of 252]
0.231 0.231 0.227 0.227 0.249 0.249 0.264 0.264 0.264 0.2685 0.2685 0.2285 0.2285 0.2465 0.2465 0.257 0.257 0.257 0.2575 0.2575 0.279 0.279 0.2955 0.2955 0.2955 0.2975 0.2975 0.3115 0.3115 0.2875 0.2875 0.2875 0.2915 0.2915 0.302 0.302 0.31 0.31 0.31 0.311 0.311 0.307 0.307 0.3265 0.3265 0.3265 0.3405 0.3405 0.321 0.321 0.2975 0.2975 0.304 0.304 0.304 0.3105 0.3105 0.278 0.278 0.262 0.262 0.262 0.262 0.262 0.2915 0.2915 0.2625 0.2625 0.2625 0.299 0.299 0.2495 0.2495 0.286 0.286 0.286 0.2665
0.2485 0.2485 0.255 0.255 0.254 0.254 0.251 0.251 0.251 0.254 0.254 0.2575 0.2575 0.2405 0.2405 0.252 0.252 0.252 0.26 0.26 0.2615 0.2615 0.2605 0.2605 0.2605 0.2995 0.2995 0.313 0.313 0.305 0.305 0.305 0.3125 0.3125 0.306 0.306 0.3255 0.3255 0.3255 0.303 0.303 0.294 0.294 0.329 0.329 0.329 0.322 0.322 0.31 0.31 0.3165 0.3165 0.3205 0.3205 0.3205 0.271 0.271 0.2665 0.2665 0.2935 0.2935 0.2935 0.276 0.276 0.281 0.281 0.2945 0.2945 0.2945 0.2785 0.2785 0.2545 0.2545 0.2795 0.2795 0.2795 0.251
0.2485 0.2485 0.255 0.255 0.254 0.254 0.251 0.251 0.251 0.254 0.254 0.2575 0.2575 0.2405 0.2405 0.252 0.252 0.252 0.26 0.26 0.2615 0.2615 0.2605 0.2605 0.2605 0.2995 0.2995 0.313 0.313 0.305 0.305 0.305 0.3125 0.3125 0.306 0.306 0.3255 0.3255 0.3255 0.303 0.303 0.294 0.294 0.329 0.329 0.329 0.322 0.322 0.31 0.31 0.3165 0.3165 0.3205 0.3205 0.3205 0.271 0.271 0.2665 0.2665 0.2935 0.2935 0.2935 0.276 0.276 0.281 0.281 0.2945 0.2945 0.2945 0.2785 0.2785 0.2545 0.2545 0.2795 0.2795 0.2795 0.251
0.2485 0.2485 0.255 0.255 0.254 0.254 0.251 0.251 0.251 0.254 0.254 0.2575 0.2575 0.2405 0.2405 0.252 0.252 0.252 0.26 0.26 0.2615 0.2615 0.2605 0.2605 0.2605 0.2995 0.2995 0.313 0.313 0.305 0.305 0.305 0.3125 0.3125 0.306 0.306 0.3255 0.3255 0.3255 0.303 0.303 0.294 0.294 0.329 0.329 0.329 0.322 0.322 0.31 0.31 0.3165 0.3165 0.3205 0.3205 0.3205 0.271 0.271 0.2665 0.2665 0.2935 0.2935 0.2935 0.276 0.276 0.281 0.281 0.2945 0.2945 0.2945 0.2785 0.2785 0.2545 0.2545 0.2795 0.2795 0.2795 0.251
0.2595 0.2595 0.277 0.277 0.243 0.243 0.2615 0.2615 0.2615 0.243 0.243 0.2605 0.2605 0.246 0.246 0.2505 0.2505 0.2505 0.2535 0.2535 0.279 0.279 0.321 0.321 0.321 0.337 0.337 0.35 0.35 0.3145 0.3145 0.3145 0.316 0.316 0.2985 0.2985 0.332 0.332 0.332 0.3135 0.3135 0.2915 0.2915 0.3265 0.3265 0.3265 0.3215 0.3215 0.32 0.32 0.3265 0.3265 0.3255 0.3255 0.3255 0.276 0.276 0.281 0.281 0.318 0.318 0.318 0.2745 0.2745 0.2785 0.2785 0.2865 0.2865 0.2865 0.262 0.262 0.2365 0.2365 0.227 0.227 0.227 0.2435
0.2595 0.2595 0.277 0.277 0.243 0.243 0.2615 0.2615 0.2615 0.243 0.243 0.2605 0.2605 0.246 0.246 0.2505 0.2505 0.2505 0.2535 0.2535 0.279 0.279 0.321 0.321 0.321 0.337 0.337 0.35 0.35 0.3145 0.3145 0.3145 0.316 0.316 0.2985 0.2985 0.332 0.332 0.332 0.3135 0.3135 0.2915 0.2915 0.3265 0.3265 0.3265 0.3215 0.3215 0.32 0.32 0.3265 0.3265 0.3255 0.3255 0.3255 0.276 0.276 0.281 0.281 0.318 0.318 0.318 0.2745 0.2745 0.2785 0.2785 0.2865 0.2865 0.2865 0.262 0.262 0.2365 0.2365 0.227 0.227 0.227 0.2435
0.2805 0.2805 0.2725 0.2725 0.275 0.275 0.275 0.275 0.275 0.285 0.285 0.287 0.287 0.2745 0.2745 0.2595 0.2595 0.2595 0.294 0.294 0.329 0.329 0.32 0.32 0.32 0.3585 0.3585 0.352 0.352 0.3215 0.3215 0.3215 0.3205 0.3205 0.308 0.308 0.288 0.288 0.288 0.3065 0.3065 0.314 0.314 0.311 0.311 0.311 0.3135 0.3135 0.321 0.321 0.306 0.306 0.3155 0.3155 0.3155 0.321 0.321 0.2845 0.2845 0.2995 0.2995 0.2995 0.312 0.312 0.3055 0.3055 0.3065 0.3065 0.3065 0.2745 0.2745 0.2805 0.2805 0.2765 0.2765 0.2765 0.27
0.2805 0.2805 0.2725 0.2725 0.275 0.275 0.275 0.275 0.275 0.285 0.285 0.287 0.287 0.2745 0.2745 0.2595 0.2595 0.2595 0.294 0.294 0.329 0.329 0.32 0.32 0.32 0.3585 0.3585 0.352 0.352 0.3215 0.3215 0.3215 0.3205 0.3205 0.308 0.308 0.288 0.288 0.288 0.3065 0.3065 0.314 0.314 0.311 0.311 0.311 0.3135 0.3135 0.321 0.321 0.306 0.306 0.3155 0.3155 0.3155 0.321 0.321 0.2845 0.2845 0.2995 0.2995 0.2995 0.312 0.312 0.3055 0.3055 0.3065 0.3065 0.3065 0.2745 0.2745 0.2805 0.2805 0.2765 0.2765 0.2765 0.27
0.3045 0.3045 0.284 0.284 0.27 0.27 0.2965 0.2965 0.2965 0.287 0.287 0.2815 0.2815 0.3065 0.3065 0.323 0.323 0.323 0.3145 0.3145 0.289 0.289 0.2905 0.2905 0.2905 0.2965 0.2965 0.302 0.302 0.27 0.27 0.27 0.3005 0.3005 0.2775 0.2775 0.276 0.276 0.276 0.286 0.286 0.29 0.29 0.3075 0.3075 0.3075 0.323 0.323 0.315 0.315 0.336 0.336 0.334 0.334 0.334 0.364 0.364 0.3585 0.3585 0.343 0.343 0.343 0.3375 0.3375 0.305 0.305 0.292 0.292 0.292 0.314 0.314 0.295 0.295 0.2465 0.2465 0.2465 0.262
0.3045 0.3045 0.284 0.284 0.27 0.27 0.2965 0.2965 0.2965 0.287 0.287 0.2815 0.2815 0.3065 0.3065 0.323 0.323 0.323 0.3145 0.3145 0.289 0.289 0.2905 0.2905 0.2905 0.2965 0.2965 0.302 0.302 0.27 0.27 0.27 0.3005 0.3005 0.2775 0.2775 0.276 0.276 0.276 0.286 0.286 0.29 0.29 0.3075 0.3075 0.3075 0.323 0.323 0.315 0.315 0.336 0.336 0.334 0.334 0.334 0.364 0.364 0.3585 0.3585 0.343 0.343 0.343 0.3375 0.3375 0.305 0.305 0.292 0.292 0.292 0.314 0.314 0.295 0.295 0.2465 0.2465 0.2465 0.262
0.3045 0.3045 0.284 0.284 0.27 0.27 0.2965 0.2965 0.2965 0.287 0.287 0.2815 0.2815 0.3065 0.3065 0.323 0.323 0.323 0.3145 0.3145 0.289 0.289 0.2905 0.2905 0.2905 0.2965 0.2965 0.302 0.302 0.27 0.27 0.27 0.3005 0.3005 0.2775 0.2775 0.276 0.276 0.276 0.286 0.286 0.29 0.29 0.3075 0.3075 0.3075 0.323 0.323 0.315 0.315 0.336 0.336 0.334 0.334 0.334 0.364 0.364 0.3585 0.3585 0.343 0.343 0.343 0.3375 0.3375 0.305 0.305 0.292 0.292 0.292 0.314 0.314 0.295 0.295 0.2465 0.2465 0.2465 0.262
0.2815 0.2815 0.286 0.286 0.302 0.302 0.2955 0.2955 0.2955 0.2825 0.2825 0.295 0.295 0.309 0.309 0.3175 0.3175 0.3175 0.2975 0.2975 0.3025 0.3025 0.3135 0.3135 0.3135 0.315 0.315 0.352 0.352 0.3 0.3 0.3 0.32 0.32 0.3105 0.3105 0.312 0.312 0.312 0.331 0.331 0.293 0.293 0.3315 0.3315 0.3315 0.3365 0.3365 0.326 0.326 0.3435 0.3435 0.32 0.32 0.32 0.362 0.362 0.362 0.362 0.3495 0.3495 0.3495 0.335 0.335 0.2805 0.2805 0.288 0.288 0.288 0.3035 0.3035 0.3105 0.3105 0.271 0.271 0.271 0.2825
0.2815 0.2815 0.286 0.286 0.302 0.302 0.2955 0.2955 0.2955 0.2825 0.2825 0.295 0.295 0.309 0.309 0.3175 0.3175 0.3175 0.2975 0.2975 0.3025 0.3025 0.3135 0.3135 0.3135 0.315 0.315 0.352 0.352 0.3 0.3 0.3 0.32 0.32 0.3105 0.3105 0.312 0.312 0.312 0.331 0.331 0.293 0.293 0.3315 0.3315 0.3315 0.3365 0.3365 0.326 0.326 0.3435 0.3435 0.32 0.32 0.32 0.362 0.362 0.362 0.362 0.3495 0.3495 0.3495 0.335 0.335 0.2805 0.2805 0.288 0.288 0.288 0.3035 0.3035 0.3105 0.3105 0.271 0.271 0.271 0.2825
0.311 0.311 0.298 0.298 0.277 0.277 0.2895 0.2895 0.2895 0.2555 0.2555 0.287 0.287 0.2995 0.2995 0.3105 0.3105 0.3105 0.3395 0.3395 0.318 0.318 0.302 0.302 0.302 0.3485 0.3485 0.3105 0.3105 0.3145 0.3145 0.3145 0.326 0.326 0.3285 0.3285 0.3165 0.3165 0.3165 0.3055 0.3055 0.325 0.325 0.347 0.347 0.347 0.334 0.334 0.3545 0.3545 0.34 0.34 0.314 0.314 0.314 0.3505 0.3505 0.3525 0.3525 0.359 0.359 0.359 0.316 0.316 0.2875 0.2875 0.291 0.291 0.291 0.3205 0.3205 0.3185 0.3185 0.297 0.297 0.297 0.278
0.311 0.311 0.298 0.298 0.277 0.277 0.2895 0.2895 0.2895 0.2555 0.2555 0.287 0.287 0.2995 0.2995 0.3105 0.3105 0.3105 0.3395 0.3395 0.318 0.318 0.302 0.302 0.302 0.3485 0.3485 0.3105 0.3105 0.3145 0.3145 0.3145 0.326 0.326 0.3285 0.3285 0.3165 0.3165 0.3165 0.3055 0.3055 0.325 0.325 0.347 0.347 0.347 0.334 0.334 0.3545 0.3545 0.34 0.34 0.314 0.314 0.314 0.3505 0.3505 0.3525 0.3525 0.359 0.359 0.359 0.316 0.316 0.2875 0.2875 0.291 0.291 0.291 0.3205 0.3205 0.3185 0.3185 0.297 0.297 0.297 0.278
0.3085 0.3085 0.302 0.302 0.2865 0.2865 0.311 0.311 0.311 0.2955 0.2955 0.2775 0.2775 0.2925 0.2925 0.326 0.326 0.326 0.3485 0.3485 0.3135 0.3135 0.3205 0.3205 0.3205 0.342 0.342 0.323 0.323 0.3175 0.3175 0.3175 0.325 0.325 0.314 0.314 0.3065 0.3065 0.3065 0.3 0.3 0.3155 0.3155 0.3315 0.3315 0.3315 0.3215 0.3215 0.334 0.334 0.3675 0.3675 0.3155 0.3155 0.3155 0.344 0.344 0.309 0.309 0.326 0.326 0.326 0.3145 0.3145 0.3285 0.3285 0.303 0.303 0.303 0.3265 0.3265 0.3045 0.3045 0.292 0.292 0.292 0.2985
0.3085 0.3085 0.302 0.302 0.2865 0.2865 0.311 0.311 0.311 0.2955 0.2955 0.2775 0.2775 0.2925 0.2925 0.326 0.326 0.326 0.3485 0.3485 0.3135 0.3135 0.3205 0.3205 0.3205 0.342 0.342 0.323 0.323 0.3175 0.3175 0.3175 0.325 0.325 0.314 0.314 0.3065 0.3065 0.3065 0.3 0.3 0.3155 0.3155 0.3315 0.3315 0.3315 0.3215 0.3215 0.334 0.334 0.3675 0.3675 0.3155 0.3155 0.3155 0.344 0.344 0.309 0.309 0.326 0.326 0.326 0.3145 0.3145 0.3285 0.3285 0.303 0.303 0.303 0.3265 0.3265 0.3045 0.3045 0.292 0.292 0.292 0.2985
0.3085 0.3085 0.302 0.302 0.2865 0.2865 0.311 0.311 0.311 0.2955 0.2955 0.2775 0.2775 0.2925 0.2925 0.326 0.326 0.326 0.3485 0.3485 0.3135 0.3135 0.3205 0.3205 0.3205 0.342 0.342 0.323 0.323 0.3175 0.3175 0.3175 0.325 0.325 0.314 0.314 0.3065 0.3065 0.3065 0.3 0.3 0.3155 0.3155 0.3315 0.3315 0.3315 0.3215 0.3215 0.334 0.334 0.3675 0.3675 0.3155 0.3155 0.3155 0.344 0.344 0.309 0.309 0.326 0.326 0.326 0.3145 0.3145 0.3285 0.3285 0.303 0.303 0.303 0.3265 0.3265 0.3045 0.3045 0.292 0.292 0.292 0.2985
0.3205 0.3205 0.3165 0.3165 0.3155 0.3155 0.302 0.302 0.302 0.284 0.284 0.28 0.28 0.3 0.3 0.329 0.329 0.329 0.3315 0.3315 0.3415 0.3415 0.298 0.298 0.298 0.339 0.339 0.3305 0.3305 0.3085 0.3085 0.3085 0.3275 0.3275 0.3265 0.3265 0.3175 0.3175 0.3175 0.318 0.318 0.3415 0.3415 0.363 0.363 0.363 0.322 0.322 0.3235 0.3235 0.361 0.361 0.3485 0.3485 0.3485 0.302 0.302 0.3135 0.3135 0.296 0.296 0.296 0.3185 0.3185 0.338 0.338 0.3225 0.3225 0.3225 0.313 0.313 0.275 0.275 0.3015 0.3015 0.3015 0.276
0.3205 0.3205 0.3165 0.3165 0.3155 0.3155 0.302 0.302 0.302 0.284 0.284 0.28 0.28 0.3 0.3 0.329 0.329 0.329 0.3315 0.3315 0.3415 0.3415 0.298 0.298 0.298 0.339 0.339 0.3305 0.3305 0.3085 0.3085 0.3085 0.3275 0.3275 0.3265 0.3265 0.3175 0.3175 0.3175 0.318 0.318 0.3415 0.3415 0.363 0.363 0.363 0.322 0.322 0.3235 0.3235 0.361 0.361 0.3485 0.3485 0.3485 0.302 0.302 0.3135 0.3135 0.296 0.296 0.296 0.3185 0.3185 0.338 0.338 0.3225 0.3225 0.3225 0.313 0.313 0.275 0.275 0.3015 0.3015 0.3015 0.276
0.3125 0.3125 0.2715 0.2715 0.284 0.284 0.2625 0.2625 0.2625 0.286 0.286 0.277 0.277 0.273 0.273 0.2925 0.2925 0.2925 0.322 0.322 0.3245 0.3245 0.3205 0.3205 0.3205 0.3225 0.3225 0.324 0.324 0.336 0.336 0.336 0.336 0.336 0.348 0.348 0.33 0.33 0.33 0.359 0.359 0.344 0.344 0.35 0.35 0.35 0.325 0.325 0.3105 0.3105 0.289 0.289 0.3085 0.3085 0.3085 0.305 0.305 0.3165 0.3165 0.3455 0.3455 0.3455 0.34 0.34 0.3315 0.3315 0.302 0.302 0.302 0.3145 0.3145 0.3115 0.3115 0.28 0.28 0.28 0.267
0.3125 0.3125 0.2715 0.2715 0.284 0.284 0.2625 0.2625 0.2625 0.286 0.286 0.277 0.277 0.273 0.273 0.2925 0.2925 0.2925 0.322 0.322 0.3245 0.3245 0.3205 0.3205 0.3205 0.3225 0.3225 0.324 0.324 0.336 0.336 0.336 0.336 0.336 0.348 0.348 0.33 0.33 0.33 0.359 0.359 0.344 0.344 0.35 0.35 0.35 0.325 0.325 0.3105 0.3105 0.289 0.289 0.3085 0.3085 0.3085 0.305 0.305 0.3165 0.3165 0.3455 0.3455 0.3455 0.34 0.34 0.3315 0.3315 0.302 0.302 0.302 0.3145 0.3145 0.3115 0.3115 0.28 0.28 0.28 0.267
0.356 0.356 0.326 0.326 0.317 0.317 0.2725 0.2725 0.2725 0.2875 0.2875 0.344 0.344 0.3325 0.3325 0.287 0.287 0.287 0.284 0.284 0.293 0.293 0.2965 0.2965 0.2965 0.3005 0.3005 0.2805 0.2805 0.286 0.286 0.286 0.309 0.309 0.3035 0.3035 0.3595 0.3595 0.3595 0.3665 0.3665 0.3315 0.3315 0.2995 0.2995 0.2995 0.295 0.295 0.3105 0.3105 0.3215 0.3215 0.33 0.33 0.33 0.2975 0.2975 0.3 0.3 0.325 0.325 0.325 0.343 0.343 0.3085 0.3085 0.297 0.297 0.297 0.3085 0.3085 0.3165 0.3165 0.282 0.282 0.282 0.3055
0.356 0.356 0.326 0.326 0.317 0.317 0.2725 0.2725 0.2725 0.2875 0.2875 0.344 0.344 0.3325 0.3325 0.287 0.287 0.287 0.284 0.284 0.293 0.293 0.2965 0.2965 0.2965 0.3005 0.3005 0.2805 0.2805 0.286 0.286 0.286 0.309 0.309 0.3035 0.3035 0.3595 0.3595 0.3595 0.3665 0.3665 0.3315 0.3315 0.2995 0.2995 0.2995 0.295 0.295 0.3105 0.3105 0.3215 0.3215 0.33 0.33 0.33 0.2975 0.2975 0.3 0.3 0.325 0.325 0.325 0.343 0.343 0.3085 0.3085 0.297 0.297 0.297 0.3085 0.3085 0.3165 0.3165 0.282 0.282 0.282 0.3055
0.3555 0.3555 0.3635 0.3635 0.365 0.365 0.3305 0.3305 0.3305 0.3165 0.3165 0.334 0.334 0.301 0.301 0.3115 0.3115 0.3115 0.3165 0.3165 0.3235 0.3235 0.305 0.305 0.305 0.3065 0.3065 0.2775 0.2775 0.283 0.283 0.283 0.301 0.301 0.3565 0.3565 0.34 0.34 0.34 0.369 0.369 0.3185 0.3185 0.294 0.294 0.294 0.2795 0.2795 0.2835 0.2835 0.3185 0.3185 0.3135 0.3135 0.3135 0.305 0.305 0.3 0.3 0.3055 0.3055 0.3055 0.3045 0.3045 0.296 0.296 0.3035 0.3035 0.3035 0.2985 0.2985 0.271 0.271 0.28 0.28 0.28 0.2905
0.3555 0.3555 0.3635 0.3635 0.365 0.365 0.3305 0.3305 0.3305 0.3165 0.3165 0.334 0.334 0.301 0.301 0.3115 0.3115 0.3115 0.3165 0.3165 0.3235 0.3235 0.305 0.305 0.305 0.3065 0.3065 0.2775 0.2775 0.283 0.283 0.283 0.301 0.301 0.3565 0.3565 0.34 0.34 0.34 0.369 0.369 0.3185 0.3185 0.294 0.294 0.294 0.2795 0.2795 0.2835 0.2835 0.3185 0.3185 0.3135 0.3135 0.3135 0.305 0.305 0.3 0.3 0.3055 0.3055 0.3055 0.3045 0.3045 0.296 0.296 0.3035 0.3035 0.3035 0.2985 0.2985 0.271 0.271 0.28 0.28 0.28 0.2905
0.3555 0.3555 0.3635 0.3635 0.365 0.365 0.3305 0.3305 0.3305 0.3165 0.3165 0.334 0.334 0.301 0.301 0.3115 0.3115 0.3115 0.3165 0.3165 0.3235 0.3235 0.305 0.305 0.305 0.3065 0.3065 0.2775 0.2775 0.283 0.283 0.283 0.301 0.301 0.3565 0.3565 0.34 0.34 0.34 0.369 0.369 0.3185 0.3185 0.294 0.294 0.294 0.2795 0.2795 0.2835 0.2835 0.3185 0.3185 0.3135 0.3135 0.3135 0.305 0.305 0.3 0.3 0.3055 0.3055 0.3055 0.3045 0.3045 0.296 0.296 0.3035 0.3035 0.3035 0.2985 0.2985 0.271 0.271 0.28 0.28 0.28 0.2905
0.3545 0.3545 0.364 0.364 0.3785 0.3785 0.3455 0.3455 0.3455 0.3375 0.3375 0.3405 0.3405 0.2935 0.2935 0.318 0.318 0.318 0.304 0.304 0.316 0.316 0.308 0.308 0.308 0.3225 0.3225 0.3345 0.3345 0.355 0.355 0.355 0.3095 0.3095 0.3105 0.3105 0.337 0.337 0.337 0.32 0.32 0.326 0.326 0.308 0.308 0.308 0.3235 0.3235 0.277 0.277 0.3085 0.3085 0.3005 0.3005 0.3005 0.308 0.308 0.321 0.321 0.333 0.333 0.333 0.3085 0.3085 0.276 0.276 0.308 0.308 0.308 0.281 0.281 0.292 0.292 0.2945 0.2945 0.2945 0.292
0.3545 0.3545 0.364 0.364 0.3785 0.3785 0.3455 0.3455 0.3455 0.3375 0.3375 0.3405 0.3405 0.2935 0.2935 0.318 0.318 0.318 0.304 0.304 0.316 0.316 0.308 0.308 0.308 0.3225 0.3225 0.3345 0.3345 0.355 0.355 0.355 0.3095 0.3095 0.3105 0.3105 0.337 0.337 0.337 0.32 0.32 0.326 0.326 0.308 0.308 0.308 0.3235 0.3235 0.277 0.277 0.3085 0.3085 0.3005 0.3005 0.3005 0.308 0.308 0.321 0.321 0.333 0.333 0.333 0.3085 0.3085 0.276 0.276 0.308 0.308 0.308 0.281 0.281 0.292 0.292 0.2945 0.2945 0.2945 0.292
0.3755 0.3755 0.3555 0.3555 0.3475 0.3475 0.3155 0.3155 0.3155 0.324 0.324 0.2845 0.2845 0.328 0.328 0.335 0.335 0.335 0.325 0.325 0.329 0.329 0.2995 0.2995 0.2995 0.324 0.324 0.376 0.376 0.372 0.372 0.372 0.3065 0.3065 0.327 0.327 0.318 0.318 0.318 0.3005 0.3005 0.329 0.329 0.284 0.284 0.284 0.3195 0.3195 0.2755 0.2755 0.3 0.3 0.262 0.262 0.262 0.295 0.295 0.3035 0.3035 0.298 0.298 0.298 0.3075 0.3075 0.289 0.289 0.3285 0.3285 0.3285 0.346 0.346 0.3265 0.3265 0.3455 0.3455 0.3455 0.315
0.3755 0.3755 0.3555 0.3555 0.3475 0.3475 0.3155 0.3155 0.3155 0.324 0.324 0.2845 0.2845 0.328 0.328 0.335 0.335 0.335 0.325 0.325 0.329 0.329 0.2995 0.2995 0.2995 0.324 0.324 0.376 0.376 0.372 0.372 0.372 0.3065 0.3065 0.327 0.327 0.318 0.318 0.318 0.3005 0.3005 0.329 0.329 0.284 0.284 0.284 0.3195 0.3195 0.2755 0.2755 0.3 0.3 0.262 0.262 0.262 0.295 0.295 0.3035 0.3035 0.298 0.298 0.298 0.3075 0.3075 0.289 0.289 0.3285 0.3285 0.3285 0.346 0.346 0.3265 0.3265 0.3455 0.3455 0.3455 0.315
0.33 0.33 0.2965 0.2965 0.325 0.325 0.301 0.301 0.301 0.293 0.293 0.283 0.283 0.3005 0.3005 0.3065 0.3065 0.3065 0.3365 0.3365 0.3465 0.3465 0.3525 0.3525 0.3525 0.3135 0.3135 0.3475 0.3475 0.3105 0.3105 0.3105 0.3045 0.3045 0.3395 0.3395 0.323 0.323 0.323 0.337 0.337 0.3295 0.3295 0.358 0.358 0.358 0.341 0.341 0.3345 0.3345 0.3295 0.3295 0.3175 0.3175 0.3175 0.347 0.347 0.3235 0.3235 0.3515 0.3515 0.3515 0.314 0.314 0.304 0.304 0.3505 0.3505 0.3505 0.4075 0.4075 0.422 0.422 0.3205 0.3205 0.3205 0.322
0.33 0.33 0.2965 0.2965 0.325 0.325 0.301 0.301 0.301 0.293 0.293 0.283 0.283 0.3005 0.3005 0.3065 0.3065 0.3065 0.3365 0.3365 0.3465 0.3465 0.3525 0.3525 0.3525 0.3135 0.3135 0.3475 0.3475 0.3105 0.3105 0.3105 0.3045 0.3045 0.3395 0.3395 0.323 0.323 0.323 0.337 0.337 0.3295 0.3295 0.358 0.358 0.358 0.341 0.341 0.3345 0.3345 0.3295 0.3295 0.3175 0.3175 0.3175 0.347 0.347 0.3235 0.3235 0.3515 0.3515 0.3515 0.314 0.314 0.304 0.304 0.3505 0.3505 0.3505 0.4075 0.4075 0.422 0.422 0.3205 0.3205 0.3205 0.322
0.33 0.33 0.2965 0.2965 0.325 0.325 0.301 0.301 0.301 0.293 0.293 0.283 0.283 0.3005 0.3005 0.3065 0.3065 0.3065 0.3365 0.3365 0.3465 0.3465 0.3525 0.3525 0.3525 0.3135 0.3135 0.3475 0.3475 0.3105 0.3105 0.3105 0.3045 0.3045 0.3395 0.3395 0.323 0.323 0.323 0.337 0.337 0.3295 0.3295 0.358 0.358 0.358 0.341 0.341 0.3345 0.3345 0.3295 0.3295 0.3175 0.3175 0.3175 0.347 0.347 0.3235 0.3235 0.3515 0.3515 0.3515 0.314 0.314 0.304 0.304 0.3505 0.3505 0.3505 0.4075 0.4075 0.422 0.422 0.3205 0.3205 0.3205 0.322
