ndvi/NOAA-139.asc
ncols         252
nrows         154
xllcorner     -18.017974
yllcorner     13.481982
cellsize      0.035948
NODATA_value  -9999
[rows 70 to 104 of 154, columns 0 to 76 of 252]
-1 -1 -1 -1 -1 -1 -1 -1 -1 -1 -1 -1 -1 -1 -1 -1 -1 -1 -1 -1 -1 -1 -1 -1 -1 -1 -1 -1 -1 -1 -1 -1 -1 -1 -1 -1 -1 -1 -1 0.1935 0.1935 0.1935 0.245 0.245 0.307 0.307 0.2265 0.2265 0.2265 0.2435 0.2435 0.258 0.258 0.274 0.274 0.28 0.28 0.28 0.338 0.338 0.376 0.376 0.376 0.376 0.376 0.29 0.29 0.383 0.383 0.1895 0.1895 0.1895 0.2005 0.2005 0.192 0.192 0.173
-1 -1 -1 -1 -1 -1 -1 -1 -1 -1 -1 -1 -1 -1 -1 -1 -1 -1 -1 -1 -1 -1 -1 -1 -1 -1 -1 -1 -1 -1 -1 -1 -1 -1 -1 -1 -1 0.0416 0.0416 0.106 0.106 0.106 0.2915 0.2915 0.2915 0.2915 0.239 0.239 0.239 0.231 0.231 0.2665 0.2665 0.2295 0.2295 0.166 0.166 0.166 0.281 0.281 0.2955 0.2955 0.2955 0.2955 0.2955 0.2355 0.2355 0.244 0.244 0.245 0.245 0.245 0.2145 0.2145 0.219 0.219 0.1865
-1 -1 -1 -1 -1 -1 -1 -1 -1 -1 -1 -1 -1 -1 -1 -1 -1 -1 -1 -1 -1 -1 -1 -1 -1 -1 -1 -1 -1 -1 -1 -1 -1 -1 -1 -1 -1 0.0416 0.0416 0.106 0.106 0.106 0.2915 0.2915 0.2915 0.2915 0.239 0.239 0.239 0.231 0.231 0.2665 0.2665 0.2295 0.2295 0.166 0.166 0.166 0.281 0.281 0.2955 0.2955 0.2955 0.2955 0.2955 0.2355 0.2355 0.244 0.244 0.245 0.245 0.245 0.2145 0.2145 0.219 0.219 0.1865
-1 -1 -1 -1 -1 -1 -1 -1 -1 -1 -1 -1 -1 -1 -1 -1 -1 -1 -1 -1 -1 -1 -1 -1 -1 -1 -1 -1 -1 -1 -1 -1 -1 -1 -1 -1 -1 0.0416 0.0416 0.106 0.106 0.106 0.2915 0.2915 0.2915 0.2915 0.239 0.239 0.239 0.231 0.231 0.2665 0.2665 0.2295 0.2295 0.166 0.166 0.166 0.281 0.281 0.2955 0.2955 0.2955 0.2955 0.2955 0.2355 0.2355 0.244 0.244 0.245 0.245 0.245 0.2145 0.2145 0.219 0.219 0.1865
-1 -1 -1 -1 -1 -1 -1 -1 -1 -1 -1 -1 -1 -1 -1 -1 -1 -1 -1 -1 -1 -1 -1 -1 -1 -1 -1 -1 -1 -1 -1 -1 -1 -1 -1 -1 -1 0.0362 0.0362 0.1115 0.1115 0.1115 0.2525 0.2525 0.2575 0.2575 0.24 0.24 0.24 0.18 0.18 0.198 0.198 0.192 0.192 0.1285 0.1285 0.1285 0.2085 0.2085 0.2845 0.2845 0.2845 0.2845 0.2845 0.2315 0.2315 0.2355 0.2355 0.238 0.238 0.238 0.232 0.232 0.2095 0.2095 0.1965
-1 -1 -1 -1 -1 -1 -1 -1 -1 -1 -1 -1 -1 -1 -1 -1 -1 -1 -1 -1 -1 -1 -1 -1 -1 -1 -1 -1 -1 -1 -1 -1 -1 -1 -1 -1 -1 0.0362 0.0362 0.1115 0.1115 0.1115 0.2525 0.2525 0.2575 0.2575 0.24 0.24 0.24 0.18 0.18 0.198 0.198 0.192 0.192 0.1285 0.1285 0.1285 0.2085 0.2085 0.2845 0.2845 0.2845 0.2845 0.2845 0.2315 0.2315 0.2355 0.2355 0.238 0.238 0.238 0.232 0.232 0.2095 0.2095 0.1965
-1 -1 -1 -1 -1 -1 -1 -1 -1 -1 -1 -1 -1 -1 -1 -1 -1 -1 -1 -1 -1 -1 -1 -1 -1 -1 -1 -1 -1 -1 -1 -1 -1 -1 -1 -1 -1 0.0007 0.0007 0.107 0.107 0.107 0.244 0.244 0.275 0.275 0.2185 0.2185 0.2185 0.1885 0.1885 0.204 0.204 0.183 0.183 0.177 0.177 0.177 0.2025 0.2025 0.205 0.205 0.205 0.205 0.205 0.2325 0.2325 0.229 0.229 0.2185 0.2185 0.2185 0.209 0.209 0.195 0.195 0.178
-1 -1 -1 -1 -1 -1 -1 -1 -1 -1 -1 -1 -1 -1 -1 -1 -1 -1 -1 -1 -1 -1 -1 -1 -1 -1 -1 -1 -1 -1 -1 -1 -1 -1 -1 -1 -1 0.0007 0.0007 0.107 0.107 0.107 0.244 0.244 0.275 0.275 0.2185 0.2185 0.2185 0.1885 0.1885 0.204 0.204 0.183 0.183 0.177 0.177 0.177 0.2025 0.2025 0.205 0.205 0.205 0.205 0.205 0.2325 0.2325 0.229 0.229 0.2185 0.2185 0.2185 0.209 0.209 0.195 0.195 0.178
-1 -1 -1 -1 -1 -1 -1 -1 -1 -1 -1 -1 -1 -1 -1 -1 -1 -1 -1 -1 -1 -1 -1 -1 -1 -1 -1 -1 -1 -1 -1 -1 -1 -1 -1 -1 -1 0.1237 0.1237 0.0935 0.0935 0.0935 0.1515 0.1515 0.2265 0.2265 0.212 0.212 0.212 0.219 0.219 0.202 0.202 0.184 0.184 0.2365 0.2365 0.2365 0.205 0.205 0.206 0.206 0.206 0.206 0.206 0.227 0.227 0.219 0.219 0.2065 0.2065 0.2065 0.1775 0.1775 0.176 0.176 0.17
-1 -1 -1 -1 -1 -1 -1 -1 -1 -1 -1 -1 -1 -1 -1 -1 -1 -1 -1 -1 -1 -1 -1 -1 -1 -1 -1 -1 -1 -1 -1 -1 -1 -1 -1 -1 -1 0.1237 0.1237 0.0935 0.0935 0.0935 0.1515 0.1515 0.2265 0.2265 0.212 0.212 0.212 0.219 0.219 0.202 0.202 0.184 0.184 0.2365 0.2365 0.2365 0.205 0.205 0.206 0.206 0.206 0.206 0.206 0.227 0.227 0.219 0.219 0.2065 0.2065 0.2065 0.1775 0.1775 0.176 0.176 0.17
-1 -1 -1 -1 -1 -1 -1 -1 -1 -1 -1 -1 -1 -1 -1 -1 -1 -1 -1 -1 -1 -1 -1 -1 -1 -1 -1 -1 -1 -1 -1 -1 -1 -1 -1 -1 -1 -0.0068 -0.0068 0.268 0.268 0.268 0.2045 0.2045 0.202 0.202 0.196 0.196 0.196 0.188 0.188 0.208 0.208 0.228 0.228 0.233 0.233 0.233 0.1715 0.1715 0.212 0.212 0.212 0.212 0.212 0.209 0.209 0.199 0.199 0.1865 0.1865 0.1865 0.192 0.192 0.184 0.184 0.2
-1 -1 -1 -1 -1 -1 -1 -1 -1 -1 -1 -1 -1 -1 -1 -1 -1 -1 -1 -1 -1 -1 -1 -1 -1 -1 -1 -1 -1 -1 -1 -1 -1 -1 -1 -1 -1 -0.0068 -0.0068 0.268 0.268 0.268 0.2045 0.2045 0.202 0.202 0.196 0.196 0.196 0.188 0.188 0.208 0.208 0.228 0.228 0.233 0.233 0.233 0.1715 0.1715 0.212 0.212 0.212 0.212 0.212 0.209 0.209 0.199 0.199 0.1865 0.1865 0.1865 0.192 0.192 0.184 0.184 0.2
-1 -1 -1 -1 -1 -1 -1 -1 -1 -1 -1 -1 -1 -1 -1 -1 -1 -1 -1 -1 -1 -1 -1 -1 -1 -1 -1 -1 -1 -1 -1 -1 -1 -1 -1 -1 -1 -0.0068 -0.0068 0.268 0.268 0.268 0.2045 0.2045 0.202 0.202 0.196 0.196 0.196 0.188 0.188 0.208 0.208 0.228 0.228 0.233 0.233 0.233 0.1715 0.1715 0.212 0.212 0.212 0.212 0.212 0.209 0.209 0.199 0.199 0.1865 0.1865 0.1865 0.192 0.192 0.184 0.184 0.2
-1 -1 -1 -1 -1 -1 -1 -1 -1 -1 -1 -1 -1 -1 -1 -1 -1 -1 -1 -1 -1 -1 -1 -1 -1 -1 -1 -1 -1 -1 -1 -1 -1 -1 -1 -1 -1 0.0206 0.0206 0.159 0.159 0.159 0.19 0.19 0.173 0.173 0.203 0.203 0.203 0.2025 0.2025 0.222 0.222 0.213 0.213 0.22 0.22 0.22 0.198 0.198 0.1995 0.1995 0.1995 0.1995 0.1995 0.212 0.212 0.2115 0.2115 0.188 0.188 0.188 0.191 0.191 0.198 0.198 0.199
-1 -1 -1 -1 -1 -1 -1 -1 -1 -1 -1 -1 -1 -1 -1 -1 -1 -1 -1 -1 -1 -1 -1 -1 -1 -1 -1 -1 -1 -1 -1 -1 -1 -1 -1 -1 -1 0.0206 0.0206 0.159 0.159 0.159 0.19 0.19 0.173 0.173 0.203 0.203 0.203 0.2025 0.2025 0.222 0.222 0.213 0.213 0.22 0.22 0.22 0.198 0.198 0.1995 0.1995 0.1995 0.1995 0.1995 0.212 0.212 0.2115 0.2115 0.188 0.188 0.188 0.191 0.191 0.198 0.198 0.199
-1 -1 -1 -1 -1 -1 -1 -1 -1 -1 -1 -1 -1 -1 -1 -1 -1 -1 -1 -1 -1 -1 -1 -1 -1 -1 -1 -1 -1 -1 -1 -1 -1 -1 -1 -1 -1 0.0812 0.0812 0.1985 0.1985 0.1985 0.192 0.192 0.176 0.176 0.191 0.191 0.191 0.2325 0.2325 0.2255 0.2255 0.1885 0.1885 0.1995 0.1995 0.1995 0.204 0.204 0.22 0.22 0.22 0.22 0.22 0.2195 0.2195 0.205 0.205 0.1975 0.1975 0.1975 0.21 0.21 0.204 0.204 0.204
-1 -1 -1 -1 -1 -1 -1 -1 -1 -1 -1 -1 -1 -1 -1 -1 -1 -1 -1 -1 -1 -1 -1 -1 -1 -1 -1 -1 -1 -1 -1 -1 -1 -1 -1 -1 -1 0.0812 0.0812 0.1985 0.1985 0.1985 0.192 0.192 0.176 0.176 0.191 0.191 0.191 0.2325 0.2325 0.2255 0.2255 0.1885 0.1885 0.1995 0.1995 0.1995 0.204 0.204 0.22 0.22 0.22 0.22 0.22 0.2195 0.2195 0.205 0.205 0.1975 0.1975 0.1975 0.21 0.21 0.204 0.204 0.204
-1 -1 -1 -1 -1 -1 -1 -1 -1 -1 -1 -1 -1 -1 -1 -1 -1 -1 -1 -1 -1 -1 -1 -1 -1 -1 -1 -1 -1 -1 -1 -1 -1 -1 -1 0.0431 0.0431 0.1477 0.1477 0.2115 0.2115 0.2115 0.1965 0.1965 0.196 0.196 0.17 0.17 0.17 0.2305 0.2305 0.242 0.242 0.199 0.199 0.185 0.185 0.185 0.2295 0.2295 0.2095 0.2095 0.2095 0.2095 0.2095 0.221 0.221 0.244 0.244 0.1815 0.1815 0.1815 0.2335 0.2335 0.2385 0.2385 0.239
-1 -1 -1 -1 -1 -1 -1 -1 -1 -1 -1 -1 -1 -1 -1 -1 -1 -1 -1 -1 -1 -1 -1 -1 -1 -1 -1 -1 -1 -1 -1 -1 -1 -1 -1 0.0431 0.0431 0.1477 0.1477 0.2115 0.2115 0.2115 0.1965 0.1965 0.196 0.196 0.17 0.17 0.17 0.2305 0.2305 0.242 0.242 0.199 0.199 0.185 0.185 0.185 0.2295 0.2295 0.2095 0.2095 0.2095 0.2095 0.2095 0.221 0.221 0.244 0.244 0.1815 0.1815 0.1815 0.2335 0.2335 0.2385 0.2385 0.239
-1 -1 -1 -1 -1 -1 -1 -1 -1 -1 -1 -1 -1 -1 -1 -1 -1 -1 -1 -1 -1 -1 -1 -1 -1 -1 -1 -1 -1 -1 -1 -1 -1 -1 -1 0.0431 0.0431 0.1477 0.1477 0.2115 0.2115 0.2115 0.1965 0.1965 0.196 0.196 0.17 0.17 0.17 0.2305 0.2305 0.242 0.242 0.199 0.199 0.185 0.185 0.185 0.2295 0.2295 0.2095 0.2095 0.2095 0.2095 0.2095 0.221 0.221 0.244 0.244 0.1815 0.1815 0.1815 0.2335 0.2335 0.2385 0.2385 0.239
-1 -1 -1 -1 -1 -1 -1 -1 -1 -1 -1 -1 -1 -1 -1 -1 -1 -1 -1 -1 -1 -1 -1 -1 -1 -1 -1 -1 -1 -1 -1 -1 -1 -1 -1 0.07160001 0.07160001 0.2415 0.2415 0.235 0.235 0.235 0.1905 0.1905 0.1965 0.1965 0.2065 0.2065 0.2065 0.209 0.209 0.2015 0.2015 0.209 0.209 0.218 0.218 0.218 0.202 0.202 0.2275 0.2275 0.2275 0.2275 0.2275 0.2455 0.2455 0.2515 0.2515 0.23 0.23 0.23 0.2325 0.2325 0.2305 0.2305 0.26
-1 -1 -1 -1 -1 -1 -1 -1 -1 -1 -1 -1 -1 -1 -1 -1 -1 -1 -1 -1 -1 -1 -1 -1 -1 -1 -1 -1 -1 -1 -1 -1 -1 -1 -1 0.07160001 0.07160001 0.2415 0.2415 0.235 0.235 0.235 0.1905 0.1905 0.1965 0.1965 0.2065 0.2065 0.2065 0.209 0.209 0.2015 0.2015 0.209 0.209 0.218 0.218 0.218 0.202 0.202 0.2275 0.2275 0.2275 0.2275 0.2275 0.2455 0.2455 0.2515 0.2515 0.23 0.23 0.23 0.2325 0.2325 0.2305 0.2305 0.26
-1 -1 -1 -1 -1 -1 -1 -1 -1 -1 -1 -1 -1 -1 -1 -1 -1 -1 -1 -1 -1 -1 -1 -1 -1 -1 -1 -1 -1 -1 -1 -1 0.0361 0.0361 0.0361 0.2405 0.2405 0.236 0.236 0.218 0.218 0.218 0.192 0.192 0.2105 0.2105 0.2175 0.2175 0.2175 0.2125 0.2125 0.2125 0.2125 0.2265 0.2265 0.215 0.215 0.215 0.232 0.232 0.2315 0.2315 0.2315 0.2315 0.2315 0.2555 0.2555 0.263 0.263 0.279 0.279 0.279 0.2495 0.2495 0.2465 0.2465 0.235
-1 -1 -1 -1 -1 -1 -1 -1 -1 -1 -1 -1 -1 -1 -1 -1 -1 -1 -1 -1 -1 -1 -1 -1 -1 -1 -1 -1 -1 -1 -1 -1 0.0361 0.0361 0.0361 0.2405 0.2405 0.236 0.236 0.218 0.218 0.218 0.192 0.192 0.2105 0.2105 0.2175 0.2175 0.2175 0.2125 0.2125 0.2125 0.2125 0.2265 0.2265 0.215 0.215 0.215 0.232 0.232 0.2315 0.2315 0.2315 0.2315 0.2315 0.2555 0.2555 0.263 0.263 0.279 0.279 0.279 0.2495 0.2495 0.2465 0.2465 0.235
-1 -1 -1 -1 -1 -1 -1 -1 -1 -1 -1 -1 -1 -1 -1 -1 -1 -1 -1 -1 -1 -1 -1 -1 -1 -1 -1 -1 -1 -1 0.0011 0.0011 0.2266 0.2266 0.2266 0.2485 0.2485 0.2255 0.2255 0.2105 0.2105 0.2105 0.1965 0.1965 0.202 0.202 0.227 0.227 0.227 0.2255 0.2255 0.2165 0.2165 0.237 0.237 0.229 0.229 0.229 0.236 0.236 0.246 0.246 0.246 0.246 0.246 0.2605 0.2605 0.2585 0.2585 0.2755 0.2755 0.2755 0.2375 0.2375 0.241 0.241 0.234
-1 -1 -1 -1 -1 -1 -1 -1 -1 -1 -1 -1 -1 -1 -1 -1 -1 -1 -1 -1 -1 -1 -1 -1 -1 -1 -1 -1 -1 -1 0.0011 0.0011 0.2266 0.2266 0.2266 0.2485 0.2485 0.2255 0.2255 0.2105 0.2105 0.2105 0.1965 0.1965 0.202 0.202 0.227 0.227 0.227 0.2255 0.2255 0.2165 0.2165 0.237 0.237 0.229 0.229 0.229 0.236 0.236 0.246 0.246 0.246 0.246 0.246 0.2605 0.2605 0.2585 0.2585 0.2755 0.2755 0.2755 0.2375 0.2375 0.241 0.241 0.234
-1 -1 -1 -1 -1 -1 -1 -1 -1 -1 -1 -1 -1 -1 -1 -1 -1 -1 -1 -1 -1 -1 -1 -1 -1 -1 -1 -1 -1 -1 0.0011 0.0011 0.2266 0.2266 0.2266 0.2485 0.2485 0.2255 0.2255 0.2105 0.2105 0.2105 0.1965 0.1965 0.202 0.202 0.227 0.227 0.227 0.2255 0.2255 0.2165 0.2165 0.237 0.237 0.229 0.229 0.229 0.236 0.236 0.246 0.246 0.246 0.246 0.246 0.2605 0.2605 0.2585 0.2585 0.2755 0.2755 0.2755 0.2375 0.2375 0.241 0.241 0.234
-1 -1 -1 -1 -1 -1 -1 -1 -1 -1 -1 -1 -1 -1 -1 -1 -1 -1 -1 -1 -1 -1 -1 -1 -1 -1 -1 -1 -1 -1 0.0892 0.0892 0.2025 0.2025 0.2025 0.2325 0.2325 0.223 0.223 0.2075 0.2075 0.2075 0.201 0.201 0.216 0.216 0.2135 0.2135 0.2135 0.237 0.237 0.2485 0.2485 0.2565 0.2565 0.2495 0.2495 0.2495 0.2515 0.2515 0.264 0.264 0.264 0.264 0.264 0.268 0.268 0.244 0.244 0.258 0.258 0.258 0.252 0.252 0.2395 0.2395 0.214
-1 -1 -1 -1 -1 -1 -1 -1 -1 -1 -1 -1 -1 -1 -1 -1 -1 -1 -1 -1 -1 -1 -1 -1 -1 -1 -1 -1 -1 -1 0.0892 0.0892 0.2025 0.2025 0.2025 0.2325 0.2325 0.223 0.223 0.2075 0.2075 0.2075 0.201 0.201 0.216 0.216 0.2135 0.2135 0.2135 0.237 0.237 0.2485 0.2485 0.2565 0.2565 0.2495 0.2495 0.2495 0.2515 0.2515 0.264 0.264 0.264 0.264 0.264 0.268 0.268 0.244 0.244 0.258 0.258 0.258 0.252 0.252 0.2395 0.2395 0.214
-1 -1 -1 -1 -1 -1 -1 -1 -1 -1 -1 -1 -1 -1 -1 -1 -1 -1 -1 -1 -1 -1 -1 -1 -1 -1 -1 -1 0.0077 0.0077 0.1885 0.1885 0.2615 0.2615 0.2615 0.2385 0.2385 0.226 0.226 0.1955 0.1955 0.1955 0.1985 0.1985 0.216 0.216 0.22 0.22 0.22 0.2385 0.2385 0.231 0.231 0.2735 0.2735 0.275 0.275 0.275 0.2715 0.2715 0.2605 0.2605 0.2605 0.2605 0.2605 0.2735 0.2735 0.256 0.256 0.2615 0.2615 0.2615 0.221 0.221 0.1975 0.1975 0.222
-1 -1 -1 -1 -1 -1 -1 -1 -1 -1 -1 -1 -1 -1 -1 -1 -1 -1 -1 -1 -1 -1 -1 -1 -1 -1 -1 -1 0.0077 0.0077 0.1885 0.1885 0.2615 0.2615 0.2615 0.2385 0.2385 0.226 0.226 0.1955 0.1955 0.1955 0.1985 0.1985 0.216 0.216 0.22 0.22 0.22 0.2385 0.2385 0.231 0.231 0.2735 0.2735 0.275 0.275 0.275 0.2715 0.2715 0.2605 0.2605 0.2605 0.2605 0.2605 0.2735 0.2735 0.256 0.256 0.2615 0.2615 0.2615 0.221 0.221 0.1975 0.1975 0.222
-1 -1 -1 -1 -1 -1 -1 -1 -1 -1 -1 -1 -1 -1 -1 -1 -1 -1 -1 -1 -1 -1 -1 -1 -1 0.0656 0.0656 0.0656 0.072 0.072 0.2665 0.2665 0.255 0.255 0.255 0.248 0.248 0.208 0.208 0.2075 0.2075 0.2075 0.2175 0.2175 0.2315 0.2315 0.232 0.232 0.232 0.255 0.255 0.263 0.263 0.2735 0.2735 0.2785 0.2785 0.2785 0.276 0.276 0.2995 0.2995 0.2995 0.2995 0.2995 0.313 0.313 0.306 0.306 0.2915 0.2915 0.2915 0.2795 0.2795 0.2685 0.2685 0.2205
-1 -1 -1 -1 -1 -1 -1 -1 -1 -1 -1 -1 -1 -1 -1 -1 -1 -1 -1 -1 -1 -1 -1 -1 -1 0.0656 0.0656 0.0656 0.072 0.072 0.2665 0.2665 0.255 0.255 0.255 0.248 0.248 0.208 0.208 0.2075 0.2075 0.2075 0.2175 0.2175 0.2315 0.2315 0.232 0.232 0.232 0.255 0.255 0.263 0.263 0.2735 0.2735 0.2785 0.2785 0.2785 0.276 0.276 0.2995 0.2995 0.2995 0.2995 0.2995 0.313 0.313 0.306 0.306 0.2915 0.2915 0.2915 0.2795 0.2795 0.2685 0.2685 0.2205
-1 -1 -1 -1 -1 -1 -1 -1 -1 -1 -1 -1 -1 -1 -1 -1 -1 -1 -1 -1 -1 -1 -1 0.0007 0.0007 0.1565 0.1565 0.1565 0.276 0.276 0.239 0.239 0.2355 0.2355 0.2355 0.2275 0.2275 0.247 0.247 0.236 0.236 0.236 0.2485 0.2485 0.241 0.241 0.255 0.255 0.255 0.2475 0.2475 0.284 0.284 0.273 0.273 0.273 0.273 0.273 0.26 0.26 0.292 0.292 0.292 0.292 0.292 0.2845 0.2845 0.2975 0.2975 0.312 0.312 0.312 0.2975 0.2975 0.2805 0.2805 0.261
-1 -1 -1 -1 -1 -1 -1 -1 -1 -1 -1 -1 -1 -1 -1 -1 -1 -1 -1 -1 -1 -1 -1 0.0007 0.0007 0.1565 0.1565 0.1565 0.276 0.276 0.239 0.239 0.2355 0.2355 0.2355 0.2275 0.2275 0.247 0.247 0.236 0.236 0.236 0.2485 0.2485 0.241 0.241 0.255 0.255 0.255 0.2475 0.2475 0.284 0.284 0.273 0.273 0.273 0.273 0.273 0.26 0.26 0.292 0.292 0.292 0.292 0.292 0.2845 0.2845 0.2975 0.2975 0.312 0.312 0.312 0.2975 0.2975 0.2805 0.2805 0.261
