ndvi/NOAA-169.asc
ncols         252
nrows         154
xllcorner     -18.017974
yllcorner     13.481982
cellsize      0.035948
NODATA_value  -9999
[rows 68 to 101 of 154, columns 78 to 155 of 252]
0.207 0.267 0.267 0.232 0.232 0.2165 0.2165 0.2165 0.232 0.232 0.2505 0.2505 0.2825 0.2825 0.301 0.301 0.301 0.303 0.303 0.297 0.297 0.291 0.291 0.291 0.302 0.302 0.2465 0.2465 0.21 0.21 0.21 0.202 0.202 0.2005 0.2005 0.1895 0.1895 0.1895 0.1885 0.1885 0.183 0.183 0.1705 0.1705 0.1705 0.137 0.137 0.1825 0.1825 0.1725 0.1725 0.184 0.184 0.184 0.1855 0.1855 0.213 0.213 0.221 0.221 0.221 0.2305 0.2305 0.237 0.237 0.25 0.25 0.25 0.2115 0.2115 0.2035 0.2035 0.186 0.186 0.186 0.1415 0.1415 0.178
0.207 0.209 0.209 0.201 0.201 0.198 0.198 0.198 0.2115 0.2115 0.2225 0.2225 0.218 0.218 0.225 0.225 0.225 0.227 0.227 0.2605 0.2605 0.299 0.299 0.299 0.3705 0.3705 0.333 0.333 0.25 0.25 0.25 0.23 0.23 0.1885 0.1885 0.2025 0.2025 0.2025 0.211 0.211 0.2015 0.2015 0.205 0.205 0.205 0.187 0.187 0.1575 0.1575 0.1665 0.1665 0.1965 0.1965 0.1965 0.1925 0.1925 0.214 0.214 0.21 0.21 0.21 0.244 0.244 0.2305 0.2305 0.2265 0.2265 0.2265 0.2145 0.2145 0.211 0.211 0.191 0.191 0.191 0.1555 0.1555 0.151
0.207 0.209 0.209 0.201 0.201 0.198 0.198 0.198 0.2115 0.2115 0.2225 0.2225 0.218 0.218 0.225 0.225 0.225 0.227 0.227 0.2605 0.2605 0.299 0.299 0.299 0.3705 0.3705 0.333 0.333 0.25 0.25 0.25 0.23 0.23 0.1885 0.1885 0.2025 0.2025 0.2025 0.211 0.211 0.2015 0.2015 0.205 0.205 0.205 0.187 0.187 0.1575 0.1575 0.1665 0.1665 0.1965 0.1965 0.1965 0.1925 0.1925 0.214 0.214 0.21 0.21 0.21 0.244 0.244 0.2305 0.2305 0.2265 0.2265 0.2265 0.2145 0.2145 0.211 0.211 0.191 0.191 0.191 0.1555 0.1555 0.151
0.2205 0.2135 0.2135 0.2045 0.2045 0.204 0.204 0.204 0.205 0.205 0.2055 0.2055 0.2195 0.2195 0.2345 0.2345 0.2345 0.2275 0.2275 0.217 0.217 0.2135 0.2135 0.2135 0.336 0.336 0.315 0.315 0.331 0.331 0.331 0.29 0.29 0.234 0.234 0.2065 0.2065 0.2065 0.2065 0.2065 0.2065 0.2065 0.1895 0.1895 0.1895 0.1655 0.1655 0.1655 0.1655 0.1675 0.1675 0.215 0.215 0.215 0.2125 0.2125 0.217 0.217 0.21 0.21 0.21 0.212 0.212 0.223 0.223 0.21 0.21 0.21 0.2125 0.2125 0.2035 0.2035 0.2045 0.2045 0.2045 0.1665 0.1665 0.1755
0.2205 0.2135 0.2135 0.2045 0.2045 0.204 0.204 0.204 0.205 0.205 0.2055 0.2055 0.2195 0.2195 0.2345 0.2345 0.2345 0.2275 0.2275 0.217 0.217 0.2135 0.2135 0.2135 0.336 0.336 0.315 0.315 0.331 0.331 0.331 0.29 0.29 0.234 0.234 0.2065 0.2065 0.2065 0.2065 0.2065 0.2065 0.2065 0.1895 0.1895 0.1895 0.1655 0.1655 0.1655 0.1655 0.1675 0.1675 0.215 0.215 0.215 0.2125 0.2125 0.217 0.217 0.21 0.21 0.21 0.212 0.212 0.223 0.223 0.21 0.21 0.21 0.2125 0.2125 0.2035 0.2035 0.2045 0.2045 0.2045 0.1665 0.1665 0.1755
0.2205 0.2135 0.2135 0.2045 0.2045 0.204 0.204 0.204 0.205 0.205 0.2055 0.2055 0.2195 0.2195 0.2345 0.2345 0.2345 0.2275 0.2275 0.217 0.217 0.2135 0.2135 0.2135 0.336 0.336 0.315 0.315 0.331 0.331 0.331 0.29 0.29 0.234 0.234 0.2065 0.2065 0.2065 0.2065 0.2065 0.2065 0.2065 0.1895 0.1895 0.1895 0.1655 0.1655 0.1655 0.1655 0.1675 0.1675 0.215 0.215 0.215 0.2125 0.2125 0.217 0.217 0.21 0.21 0.21 0.212 0.212 0.223 0.223 0.21 0.21 0.21 0.2125 0.2125 0.2035 0.2035 0.2045 0.2045 0.2045 0.1665 0.1665 0.1755
0.227 0.2165 0.2165 0.2025 0.2025 0.1955 0.1955 0.1955 0.2015 0.2015 0.2045 0.2045 0.205 0.205 0.2115 0.2115 0.2115 0.212 0.212 0.2215 0.2215 0.2155 0.2155 0.2155 0.221 0.221 0.2295 0.2295 0.294 0.294 0.294 0.3125 0.3125 0.2805 0.2805 0.291 0.291 0.291 0.2535 0.2535 0.283 0.283 0.1815 0.1815 0.1815 0.2 0.2 0.2415 0.2415 0.2605 0.2605 0.2495 0.2495 0.2495 0.2565 0.2565 0.2325 0.2325 0.2095 0.2095 0.2095 0.2 0.2 0.2125 0.2125 0.2205 0.2205 0.2205 0.2145 0.2145 0.2375 0.2375 0.1565 0.1565 0.1565 0.202 0.202 0.184
0.227 0.2165 0.2165 0.2025 0.2025 0.1955 0.1955 0.1955 0.2015 0.2015 0.2045 0.2045 0.205 0.205 0.2115 0.2115 0.2115 0.212 0.212 0.2215 0.2215 0.2155 0.2155 0.2155 0.221 0.221 0.2295 0.2295 0.294 0.294 0.294 0.3125 0.3125 0.2805 0.2805 0.291 0.291 0.291 0.2535 0.2535 0.283 0.283 0.1815 0.1815 0.1815 0.2 0.2 0.2415 0.2415 0.2605 0.2605 0.2495 0.2495 0.2495 0.2565 0.2565 0.2325 0.2325 0.2095 0.2095 0.2095 0.2 0.2 0.2125 0.2125 0.2205 0.2205 0.2205 0.2145 0.2145 0.2375 0.2375 0.1565 0.1565 0.1565 0.202 0.202 0.184
0.219 0.216 0.216 0.2105 0.2105 0.212 0.212 0.212 0.2135 0.2135 0.192 0.192 0.2005 0.2005 0.212 0.212 0.212 0.1935 0.1935 0.204 0.204 0.206 0.206 0.206 0.212 0.212 0.217 0.217 0.233 0.233 0.233 0.2485 0.2485 0.3025 0.3025 0.28 0.28 0.28 0.284 0.284 0.2895 0.2895 0.241 0.241 0.241 0.264 0.264 0.2595 0.2595 0.2735 0.2735 0.2765 0.2765 0.2765 0.2745 0.2745 0.2375 0.2375 0.19 0.19 0.19 0.1915 0.1915 0.2115 0.2115 0.2845 0.2845 0.2845 0.247 0.247 0.1441 0.1441 0.1285 0.1285 0.1285 0.1505 0.1505 0.157
0.219 0.216 0.216 0.2105 0.2105 0.212 0.212 0.212 0.2135 0.2135 0.192 0.192 0.2005 0.2005 0.212 0.212 0.212 0.1935 0.1935 0.204 0.204 0.206 0.206 0.206 0.212 0.212 0.217 0.217 0.233 0.233 0.233 0.2485 0.2485 0.3025 0.3025 0.28 0.28 0.28 0.284 0.284 0.2895 0.2895 0.241 0.241 0.241 0.264 0.264 0.2595 0.2595 0.2735 0.2735 0.2765 0.2765 0.2765 0.2745 0.2745 0.2375 0.2375 0.19 0.19 0.19 0.1915 0.1915 0.2115 0.2115 0.2845 0.2845 0.2845 0.247 0.247 0.1441 0.1441 0.1285 0.1285 0.1285 0.1505 0.1505 0.157
0.208 0.199 0.199 0.199 0.199 0.202 0.202 0.202 0.2025 0.2025 0.205 0.205 0.192 0.192 0.1985 0.1985 0.1985 0.1835 0.1835 0.192 0.192 0.208 0.208 0.208 0.216 0.216 0.198 0.198 0.2065 0.2065 0.2065 0.2175 0.2175 0.273 0.273 0.296 0.296 0.296 0.3215 0.3215 0.3625 0.3625 0.357 0.357 0.357 0.3685 0.3685 0.236 0.236 0.196 0.196 0.206 0.206 0.206 0.2035 0.2035 0.189 0.189 0.1725 0.1725 0.1725 0.1925 0.1925 0.1915 0.1915 0.214 0.214 0.214 0.2255 0.2255 0.2205 0.2205 0.192 0.192 0.192 0.147 0.147 0.152
0.208 0.199 0.199 0.199 0.199 0.202 0.202 0.202 0.2025 0.2025 0.205 0.205 0.192 0.192 0.1985 0.1985 0.1985 0.1835 0.1835 0.192 0.192 0.208 0.208 0.208 0.216 0.216 0.198 0.198 0.2065 0.2065 0.2065 0.2175 0.2175 0.273 0.273 0.296 0.296 0.296 0.3215 0.3215 0.3625 0.3625 0.357 0.357 0.357 0.3685 0.3685 0.236 0.236 0.196 0.196 0.206 0.206 0.206 0.2035 0.2035 0.189 0.189 0.1725 0.1725 0.1725 0.1925 0.1925 0.1915 0.1915 0.214 0.214 0.214 0.2255 0.2255 0.2205 0.2205 0.192 0.192 0.192 0.147 0.147 0.152
0.2075 0.19 0.19 0.195 0.195 0.195 0.195 0.195 0.2015 0.2015 0.2055 0.2055 0.202 0.202 0.195 0.195 0.195 0.1945 0.1945 0.165 0.165 0.1965 0.1965 0.1965 0.2045 0.2045 0.199 0.199 0.1965 0.1965 0.1965 0.2085 0.2085 0.2145 0.2145 0.215 0.215 0.215 0.226 0.226 0.342 0.342 0.324 0.324 0.324 0.319 0.319 0.336 0.336 0.2475 0.2475 0.208 0.208 0.208 0.192 0.192 0.19 0.19 0.1825 0.1825 0.1825 0.206 0.206 0.177 0.177 0.176 0.176 0.176 0.1825 0.1825 0.2135 0.2135 0.193 0.193 0.193 0.145 0.145 0.145
0.2075 0.19 0.19 0.195 0.195 0.195 0.195 0.195 0.2015 0.2015 0.2055 0.2055 0.202 0.202 0.195 0.195 0.195 0.1945 0.1945 0.165 0.165 0.1965 0.1965 0.1965 0.2045 0.2045 0.199 0.199 0.1965 0.1965 0.1965 0.2085 0.2085 0.2145 0.2145 0.215 0.215 0.215 0.226 0.226 0.342 0.342 0.324 0.324 0.324 0.319 0.319 0.336 0.336 0.2475 0.2475 0.208 0.208 0.208 0.192 0.192 0.19 0.19 0.1825 0.1825 0.1825 0.206 0.206 0.177 0.177 0.176 0.176 0.176 0.1825 0.1825 0.2135 0.2135 0.193 0.193 0.193 0.145 0.145 0.145
0.2075 0.19 0.19 0.195 0.195 0.195 0.195 0.195 0.2015 0.2015 0.2055 0.2055 0.202 0.202 0.195 0.195 0.195 0.1945 0.1945 0.165 0.165 0.1965 0.1965 0.1965 0.2045 0.2045 0.199 0.199 0.1965 0.1965 0.1965 0.2085 0.2085 0.2145 0.2145 0.215 0.215 0.215 0.226 0.226 0.342 0.342 0.324 0.324 0.324 0.319 0.319 0.336 0.336 0.2475 0.2475 0.208 0.208 0.208 0.192 0.192 0.19 0.19 0.1825 0.1825 0.1825 0.206 0.206 0.177 0.177 0.176 0.176 0.176 0.1825 0.1825 0.2135 0.2135 0.193 0.193 0.193 0.145 0.145 0.145
0.2215 0.2055 0.2055 0.198 0.198 0.1945 0.1945 0.1945 0.2125 0.2125 0.2115 0.2115 0.2055 0.2055 0.1985 0.1985 0.1985 0.1935 0.1935 0.1995 0.1995 0.2195 0.2195 0.2195 0.2085 0.2085 0.204 0.204 0.19 0.19 0.19 0.195 0.195 0.202 0.202 0.2165 0.2165 0.2165 0.214 0.214 0.205 0.205 0.2555 0.2555 0.2555 0.2655 0.2655 0.2905 0.2905 0.25 0.25 0.22 0.22 0.22 0.2115 0.2115 0.1985 0.1985 0.197 0.197 0.197 0.1995 0.1995 0.2155 0.2155 0.1805 0.1805 0.1805 0.1755 0.1755 0.1845 0.1845 0.159 0.159 0.159 0.1545 0.1545 0.159
0.2215 0.2055 0.2055 0.198 0.198 0.1945 0.1945 0.1945 0.2125 0.2125 0.2115 0.2115 0.2055 0.2055 0.1985 0.1985 0.1985 0.1935 0.1935 0.1995 0.1995 0.2195 0.2195 0.2195 0.2085 0.2085 0.204 0.204 0.19 0.19 0.19 0.195 0.195 0.202 0.202 0.2165 0.2165 0.2165 0.214 0.214 0.205 0.205 0.2555 0.2555 0.2555 0.2655 0.2655 0.2905 0.2905 0.25 0.25 0.22 0.22 0.22 0.2115 0.2115 0.1985 0.1985 0.197 0.197 0.197 0.1995 0.1995 0.2155 0.2155 0.1805 0.1805 0.1805 0.1755 0.1755 0.1845 0.1845 0.159 0.159 0.159 0.1545 0.1545 0.159
0.2305 0.2235 0.2235 0.2175 0.2175 0.2245 0.2245 0.2245 0.2345 0.2345 0.234 0.234 0.224 0.224 0.213 0.213 0.213 0.2335 0.2335 0.2155 0.2155 0.2285 0.2285 0.2285 0.201 0.201 0.217 0.217 0.2095 0.2095 0.2095 0.2025 0.2025 0.2335 0.2335 0.2215 0.2215 0.2215 0.2205 0.2205 0.2275 0.2275 0.208 0.208 0.208 0.2115 0.2115 0.229 0.229 0.2795 0.2795 0.2485 0.2485 0.2485 0.216 0.216 0.207 0.207 0.2035 0.2035 0.2035 0.2345 0.2345 0.231 0.231 0.203 0.203 0.203 0.1775 0.1775 0.1905 0.1905 0.1725 0.1725 0.1725 0.147 0.147 0.1745
0.2305 0.2235 0.2235 0.2175 0.2175 0.2245 0.2245 0.2245 0.2345 0.2345 0.234 0.234 0.224 0.224 0.213 0.213 0.213 0.2335 0.2335 0.2155 0.2155 0.2285 0.2285 0.2285 0.201 0.201 0.217 0.217 0.2095 0.2095 0.2095 0.2025 0.2025 0.2335 0.2335 0.2215 0.2215 0.2215 0.2205 0.2205 0.2275 0.2275 0.208 0.208 0.208 0.2115 0.2115 0.229 0.229 0.2795 0.2795 0.2485 0.2485 0.2485 0.216 0.216 0.207 0.207 0.2035 0.2035 0.2035 0.2345 0.2345 0.231 0.231 0.203 0.203 0.203 0.1775 0.1775 0.1905 0.1905 0.1725 0.1725 0.1725 0.147 0.147 0.1745
0.2365 0.236 0.236 0.244 0.244 0.2365 0.2365 0.2365 0.2345 0.2345 0.228 0.228 0.226 0.226 0.2175 0.2175 0.2175 0.2175 0.2175 0.208 0.208 0.2155 0.2155 0.2155 0.221 0.221 0.2215 0.2215 0.2095 0.2095 0.2095 0.233 0.233 0.237 0.237 0.2255 0.2255 0.2255 0.24 0.24 0.2355 0.2355 0.2335 0.2335 0.2335 0.235 0.235 0.2405 0.2405 0.286 0.286 0.244 0.244 0.244 0.2125 0.2125 0.214 0.214 0.2345 0.2345 0.2345 0.2385 0.2385 0.23 0.23 0.2005 0.2005 0.2005 0.1955 0.1955 0.1885 0.1885 0.1885 0.1885 0.1885 0.1905 0.1905 0.183
0.2365 0.236 0.236 0.244 0.244 0.2365 0.2365 0.2365 0.2345 0.2345 0.228 0.228 0.226 0.226 0.2175 0.2175 0.2175 0.2175 0.2175 0.208 0.208 0.2155 0.2155 0.2155 0.221 0.221 0.2215 0.2215 0.2095 0.2095 0.2095 0.233 0.233 0.237 0.237 0.2255 0.2255 0.2255 0.24 0.24 0.2355 0.2355 0.2335 0.2335 0.2335 0.235 0.235 0.2405 0.2405 0.286 0.286 0.244 0.244 0.244 0.2125 0.2125 0.214 0.214 0.2345 0.2345 0.2345 0.2385 0.2385 0.23 0.23 0.2005 0.2005 0.2005 0.1955 0.1955 0.1885 0.1885 0.1885 0.1885 0.1885 0.1905 0.1905 0.183
0.2365 0.236 0.236 0.244 0.244 0.2365 0.2365 0.2365 0.2345 0.2345 0.228 0.228 0.226 0.226 0.2175 0.2175 0.2175 0.2175 0.2175 0.208 0.208 0.2155 0.2155 0.2155 0.221 0.221 0.2215 0.2215 0.2095 0.2095 0.2095 0.233 0.233 0.237 0.237 0.2255 0.2255 0.2255 0.24 0.24 0.2355 0.2355 0.2335 0.2335 0.2335 0.235 0.235 0.2405 0.2405 0.286 0.286 0.244 0.244 0.244 0.2125 0.2125 0.214 0.214 0.2345 0.2345 0.2345 0.2385 0.2385 0.23 0.23 0.2005 0.2005 0.2005 0.1955 0.1955 0.1885 0.1885 0.1885 0.1885 0.1885 0.1905 0.1905 0.183
0.239 0.2405 0.2405 0.23 0.23 0.2155 0.2155 0.2155 0.221 0.221 0.228 0.228 0.2105 0.2105 0.2045 0.2045 0.2045 0.215 0.215 0.2015 0.2015 0.2065 0.2065 0.2065 0.204 0.204 0.216 0.216 0.2065 0.2065 0.2065 0.2055 0.2055 0.2235 0.2235 0.223 0.223 0.223 0.223 0.223 0.2385 0.2385 0.2365 0.2365 0.2365 0.2415 0.2415 0.2365 0.2365 0.2285 0.2285 0.253 0.253 0.253 0.222 0.222 0.231 0.231 0.229 0.229 0.229 0.2325 0.2325 0.224 0.224 0.2355 0.2355 0.2355 0.2375 0.2375 0.189 0.189 0.1915 0.1915 0.1915 0.199 0.199 0.172
0.239 0.2405 0.2405 0.23 0.23 0.2155 0.2155 0.2155 0.221 0.221 0.228 0.228 0.2105 0.2105 0.2045 0.2045 0.2045 0.215 0.215 0.2015 0.2015 0.2065 0.2065 0.2065 0.204 0.204 0.216 0.216 0.2065 0.2065 0.2065 0.2055 0.2055 0.2235 0.2235 0.223 0.223 0.223 0.223 0.223 0.2385 0.2385 0.2365 0.2365 0.2365 0.2415 0.2415 0.2365 0.2365 0.2285 0.2285 0.253 0.253 0.253 0.222 0.222 0.231 0.231 0.229 0.229 0.229 0.2325 0.2325 0.224 0.224 0.2355 0.2355 0.2355 0.2375 0.2375 0.189 0.189 0.1915 0.1915 0.1915 0.199 0.199 0.172
0.2435 0.219 0.219 0.223 0.223 0.2175 0.2175 0.2175 0.2255 0.2255 0.2205 0.2205 0.21 0.21 0.2145 0.2145 0.2145 0.216 0.216 0.2235 0.2235 0.224 0.224 0.224 0.2145 0.2145 0.2155 0.2155 0.2105 0.2105 0.2105 0.1945 0.1945 0.226 0.226 0.2305 0.2305 0.2305 0.219 0.219 0.2245 0.2245 0.227 0.227 0.227 0.2475 0.2475 0.2395 0.2395 0.235 0.235 0.292 0.292 0.292 0.269 0.269 0.266 0.266 0.222 0.222 0.222 0.2265 0.2265 0.229 0.229 0.2395 0.2395 0.2395 0.229 0.229 0.237 0.237 0.2255 0.2255 0.2255 0.2335 0.2335 0.178
0.2435 0.219 0.219 0.223 0.223 0.2175 0.2175 0.2175 0.2255 0.2255 0.2205 0.2205 0.21 0.21 0.2145 0.2145 0.2145 0.216 0.216 0.2235 0.2235 0.224 0.224 0.224 0.2145 0.2145 0.2155 0.2155 0.2105 0.2105 0.2105 0.1945 0.1945 0.226 0.226 0.2305 0.2305 0.2305 0.219 0.219 0.2245 0.2245 0.227 0.227 0.227 0.2475 0.2475 0.2395 0.2395 0.235 0.235 0.292 0.292 0.292 0.269 0.269 0.266 0.266 0.222 0.222 0.222 0.2265 0.2265 0.229 0.229 0.2395 0.2395 0.2395 0.229 0.229 0.237 0.237 0.2255 0.2255 0.2255 0.2335 0.2335 0.178
0.2285 0.2335 0.2335 0.234 0.234 0.24 0.24 0.24 0.236 0.236 0.245 0.245 0.2245 0.2245 0.209 0.209 0.209 0.2245 0.2245 0.229 0.229 0.2305 0.2305 0.2305 0.228 0.228 0.231 0.231 0.217 0.217 0.217 0.2485 0.2485 0.248 0.248 0.2345 0.2345 0.2345 0.239 0.239 0.234 0.234 0.239 0.239 0.239 0.2415 0.2415 0.2385 0.2385 0.248 0.248 0.2235 0.2235 0.2235 0.269 0.269 0.2605 0.2605 0.2795 0.2795 0.2795 0.328 0.328 0.291 0.291 0.27 0.27 0.27 0.268 0.268 0.235 0.235 0.2425 0.2425 0.2425 0.204 0.204 0.186
0.2285 0.2335 0.2335 0.234 0.234 0.24 0.24 0.24 0.236 0.236 0.245 0.245 0.2245 0.2245 0.209 0.209 0.209 0.2245 0.2245 0.229 0.229 0.2305 0.2305 0.2305 0.228 0.228 0.231 0.231 0.217 0.217 0.217 0.2485 0.2485 0.248 0.248 0.2345 0.2345 0.2345 0.239 0.239 0.234 0.234 0.239 0.239 0.239 0.2415 0.2415 0.2385 0.2385 0.248 0.248 0.2235 0.2235 0.2235 0.269 0.269 0.2605 0.2605 0.2795 0.2795 0.2795 0.328 0.328 0.291 0.291 0.27 0.27 0.27 0.268 0.268 0.235 0.235 0.2425 0.2425 0.2425 0.204 0.204 0.186
0.2285 0.2335 0.2335 0.234 0.234 0.24 0.24 0.24 0.236 0.236 0.245 0.245 0.2245 0.2245 0.209 0.209 0.209 0.2245 0.2245 0.229 0.229 0.2305 0.2305 0.2305 0.228 0.228 0.231 0.231 0.217 0.217 0.217 0.2485 0.2485 0.248 0.248 0.2345 0.2345 0.2345 0.239 0.239 0.234 0.234 0.239 0.239 0.239 0.2415 0.2415 0.2385 0.2385 0.248 0.248 0.2235 0.2235 0.2235 0.269 0.269 0.2605 0.2605 0.2795 0.2795 0.2795 0.328 0.328 0.291 0.291 0.27 0.27 0.27 0.268 0.268 0.235 0.235 0.2425 0.2425 0.2425 0.204 0.204 0.186
0.2435 0.247 0.247 0.2355 0.2355 0.212 0.212 0.212 0.2365 0.2365 0.237 0.237 0.235 0.235 0.2315 0.2315 0.2315 0.2215 0.2215 0.2315 0.2315 0.224 0.224 0.224 0.231 0.231 0.247 0.247 0.2565 0.2565 0.2565 0.2375 0.2375 0.251 0.251 0.239 0.239 0.239 0.2615 0.2615 0.25 0.25 0.2585 0.2585 0.2585 0.2445 0.2445 0.2465 0.2465 0.26 0.26 0.2745 0.2745 0.2745 0.257 0.257 0.2865 0.2865 0.29 0.29 0.29 0.29 0.29 0.251 0.251 0.2555 0.2555 0.2555 0.2535 0.2535 0.225 0.225 0.1785 0.1785 0.1785 0.218 0.218 0.2215
0.2435 0.247 0.247 0.2355 0.2355 0.212 0.212 0.212 0.2365 0.2365 0.237 0.237 0.235 0.235 0.2315 0.2315 0.2315 0.2215 0.2215 0.2315 0.2315 0.224 0.224 0.224 0.231 0.231 0.247 0.247 0.2565 0.2565 0.2565 0.2375 0.2375 0.251 0.251 0.239 0.239 0.239 0.2615 0.2615 0.25 0.25 0.2585 0.2585 0.2585 0.2445 0.2445 0.2465 0.2465 0.26 0.26 0.2745 0.2745 0.2745 0.257 0.257 0.2865 0.2865 0.29 0.29 0.29 0.29 0.29 0.251 0.251 0.2555 0.2555 0.2555 0.2535 0.2535 0.225 0.225 0.1785 0.1785 0.1785 0.218 0.218 0.2215
0.239 0.221 0.221 0.224 0.224 0.2235 0.2235 0.2235 0.227 0.227 0.2325 0.2325 0.2325 0.2325 0.23 0.23 0.23 0.2295 0.2295 0.221 0.221 0.2335 0.2335 0.2335 0.2455 0.2455 0.252 0.252 0.2505 0.2505 0.2505 0.238 0.238 0.2385 0.2385 0.255 0.255 0.255 0.2745 0.2745 0.282 0.282 0.288 0.288 0.288 0.2765 0.2765 0.2565 0.2565 0.2665 0.2665 0.281 0.281 0.281 0.2405 0.2405 0.2295 0.2295 0.241 0.241 0.241 0.25 0.25 0.291 0.291 0.267 0.267 0.267 0.2765 0.2765 0.2575 0.2575 0.258 0.258 0.258 0.236 0.236 0.2415
0.239 0.221 0.221 0.224 0.224 0.2235 0.2235 0.2235 0.227 0.227 0.2325 0.2325 0.2325 0.2325 0.23 0.23 0.23 0.2295 0.2295 0.221 0.221 0.2335 0.2335 0.2335 0.2455 0.2455 0.252 0.252 0.2505 0.2505 0.2505 0.238 0.238 0.2385 0.2385 0.255 0.255 0.255 0.2745 0.2745 0.282 0.282 0.288 0.288 0.288 0.2765 0.2765 0.2565 0.2565 0.2665 0.2665 0.281 0.281 0.281 0.2405 0.2405 0.2295 0.2295 0.241 0.241 0.241 0.25 0.25 0.291 0.291 0.267 0.267 0.267 0.2765 0.2765 0.2575 0.2575 0.258 0.258 0.258 0.236 0.236 0.2415
0.2255 0.225 0.225 0.2425 0.2425 0.244 0.244 0.244 0.249 0.249 0.227 0.227 0.2305 0.2305 0.2435 0.2435 0.2435 0.262 0.262 0.251 0.251 0.2505 0.2505 0.2505 0.2465 0.2465 0.2645 0.2645 0.251 0.251 0.251 0.255 0.255 0.268 0.268 0.2715 0.2715 0.2715 0.276 0.276 0.2795 0.2795 0.2885 0.2885 0.2885 0.2995 0.2995 0.3015 0.3015 0.2875 0.2875 0.2795 0.2795 0.2795 0.271 0.271 0.2465 0.2465 0.2315 0.2315 0.2315 0.2595 0.2595 0.302 0.302 0.259 0.259 0.259 0.272 0.272 0.2495 0.2495 0.2355 0.2355 0.2355 0.2265 0.2265 0.2095
