ndvi/NOAA-306.asc
ncols         252
nrows         154
xllcorner     -18.017974
yllcorner     13.481982
cellsize      0.035948
NODATA_value  -9999
[rows 68 to 101 of 154, columns 154 to 230 of 252]
0.1265 0.1585 0.1585 0.1565 0.1565 0.1565 0.147 0.147 0.185 0.185 0.1965 0.1965 0.2145 0.2145 0.2145 0.2455 0.2455 0.213 0.213 0.209 0.209 0.209 0.2095 0.2095 0.22 0.22 0.1625 0.1625 0.1625 0.174 0.174 0.185 0.185 0.192 0.192 0.192 0.1785 0.1785 0.1775 0.1775 0.1795 0.1795 0.1795 0.198 0.198 0.17 0.17 0.1655 0.1655 0.1765 0.1765 0.1765 0.1805 0.1805 0.1845 0.1845 0.1975 0.1975 0.1975 0.2015 0.2015 0.181 0.181 0.186 0.186 0.186 0.187 0.187 0.182 0.182 0.198 0.198 0.198 0.1745 0.1745 0.18 0.18
0.176 0.179 0.179 0.183 0.183 0.183 0.1925 0.1925 0.197 0.197 0.1806 0.1806 0.2031 0.2031 0.2031 0.2095 0.2095 0.207 0.207 0.2 0.2 0.2 0.1885 0.1885 0.1885 0.1885 0.1945 0.1945 0.1945 0.187 0.187 0.182 0.182 0.1655 0.1655 0.1655 0.201 0.201 0.177 0.177 0.179 0.179 0.179 0.1755 0.1755 0.176 0.176 0.175 0.175 0.1795 0.1795 0.1795 0.206 0.206 0.2 0.2 0.2 0.2 0.2 0.1985 0.1985 0.202 0.202 0.1965 0.1965 0.1965 0.184 0.184 0.187 0.187 0.2105 0.2105 0.2105 0.168 0.168 0.183 0.183
0.176 0.179 0.179 0.183 0.183 0.183 0.1925 0.1925 0.197 0.197 0.1806 0.1806 0.2031 0.2031 0.2031 0.2095 0.2095 0.207 0.207 0.2 0.2 0.2 0.1885 0.1885 0.1885 0.1885 0.1945 0.1945 0.1945 0.187 0.187 0.182 0.182 0.1655 0.1655 0.1655 0.201 0.201 0.177 0.177 0.179 0.179 0.179 0.1755 0.1755 0.176 0.176 0.175 0.175 0.1795 0.1795 0.1795 0.206 0.206 0.2 0.2 0.2 0.2 0.2 0.1985 0.1985 0.202 0.202 0.1965 0.1965 0.1965 0.184 0.184 0.187 0.187 0.2105 0.2105 0.2105 0.168 0.168 0.183 0.183
0.185 0.165 0.165 0.2045 0.2045 0.2045 0.2115 0.2115 0.1975 0.1975 0.176 0.176 0.2041 0.2041 0.2041 0.2175 0.2175 0.218 0.218 0.181 0.181 0.181 0.176 0.176 0.1795 0.1795 0.2085 0.2085 0.2085 0.209 0.209 0.2235 0.2235 0.2025 0.2025 0.2025 0.2105 0.2105 0.182 0.182 0.1935 0.1935 0.1935 0.198 0.198 0.1715 0.1715 0.1995 0.1995 0.2055 0.2055 0.2055 0.205 0.205 0.214 0.214 0.204 0.204 0.204 0.214 0.214 0.203 0.203 0.197 0.197 0.197 0.195 0.195 0.1955 0.1955 0.1675 0.1675 0.1675 0.1955 0.1955 0.196 0.196
0.185 0.165 0.165 0.2045 0.2045 0.2045 0.2115 0.2115 0.1975 0.1975 0.176 0.176 0.2041 0.2041 0.2041 0.2175 0.2175 0.218 0.218 0.181 0.181 0.181 0.176 0.176 0.1795 0.1795 0.2085 0.2085 0.2085 0.209 0.209 0.2235 0.2235 0.2025 0.2025 0.2025 0.2105 0.2105 0.182 0.182 0.1935 0.1935 0.1935 0.198 0.198 0.1715 0.1715 0.1995 0.1995 0.2055 0.2055 0.2055 0.205 0.205 0.214 0.214 0.204 0.204 0.204 0.214 0.214 0.203 0.203 0.197 0.197 0.197 0.195 0.195 0.1955 0.1955 0.1675 0.1675 0.1675 0.1955 0.1955 0.196 0.196
0.185 0.165 0.165 0.2045 0.2045 0.2045 0.2115 0.2115 0.1975 0.1975 0.176 0.176 0.2041 0.2041 0.2041 0.2175 0.2175 0.218 0.218 0.181 0.181 0.181 0.176 0.176 0.1795 0.1795 0.2085 0.2085 0.2085 0.209 0.209 0.2235 0.2235 0.2025 0.2025 0.2025 0.2105 0.2105 0.182 0.182 0.1935 0.1935 0.1935 0.198 0.198 0.1715 0.1715 0.1995 0.1995 0.2055 0.2055 0.2055 0.205 0.205 0.214 0.214 0.204 0.204 0.204 0.214 0.214 0.203 0.203 0.197 0.197 0.197 0.195 0.195 0.1955 0.1955 0.1675 0.1675 0.1675 0.1955 0.1955 0.196 0.196
0.1675 0.1605 0.1605 0.166 0.166 0.166 0.196 0.196 0.186 0.186 0.1655 0.1655 0.196 0.196 0.196 0.176 0.176 0.2015 0.2015 0.1625 0.1625 0.1625 0.1715 0.1715 0.181 0.181 0.1905 0.1905 0.1905 0.1965 0.1965 0.2075 0.2075 0.211 0.211 0.211 0.2115 0.2115 0.227 0.227 0.2305 0.2305 0.2305 0.2055 0.2055 0.207 0.207 0.213 0.213 0.2065 0.2065 0.2065 0.2205 0.2205 0.2125 0.2125 0.209 0.209 0.209 0.2075 0.2075 0.2015 0.2015 0.192 0.192 0.192 0.2005 0.2005 0.1865 0.1865 0.1885 0.1885 0.1885 0.1885 0.1885 0.197 0.197
0.1675 0.1605 0.1605 0.166 0.166 0.166 0.196 0.196 0.186 0.186 0.1655 0.1655 0.196 0.196 0.196 0.176 0.176 0.2015 0.2015 0.1625 0.1625 0.1625 0.1715 0.1715 0.181 0.181 0.1905 0.1905 0.1905 0.1965 0.1965 0.2075 0.2075 0.211 0.211 0.211 0.2115 0.2115 0.227 0.227 0.2305 0.2305 0.2305 0.2055 0.2055 0.207 0.207 0.213 0.213 0.2065 0.2065 0.2065 0.2205 0.2205 0.2125 0.2125 0.209 0.209 0.209 0.2075 0.2075 0.2015 0.2015 0.192 0.192 0.192 0.2005 0.2005 0.1865 0.1865 0.1885 0.1885 0.1885 0.1885 0.1885 0.197 0.197
0.0985 0.16 0.16 0.1895 0.1895 0.1895 0.1625 0.1625 0.1856 0.1856 0.155 0.155 0.199 0.199 0.199 0.19 0.19 0.218 0.218 0.2 0.2 0.2 0.2015 0.2015 0.1845 0.1845 0.188 0.188 0.188 0.2045 0.2045 0.2055 0.2055 0.215 0.215 0.215 0.2105 0.2105 0.213 0.213 0.2115 0.2115 0.2115 0.208 0.208 0.2065 0.2065 0.2105 0.2105 0.2135 0.2135 0.2135 0.207 0.207 0.205 0.205 0.2085 0.2085 0.2085 0.206 0.206 0.1985 0.1985 0.2045 0.2045 0.2045 0.194 0.194 0.167 0.167 0.165 0.165 0.165 0.184 0.184 0.182 0.182
0.0985 0.16 0.16 0.1895 0.1895 0.1895 0.1625 0.1625 0.1856 0.1856 0.155 0.155 0.199 0.199 0.199 0.19 0.19 0.218 0.218 0.2 0.2 0.2 0.2015 0.2015 0.1845 0.1845 0.188 0.188 0.188 0.2045 0.2045 0.2055 0.2055 0.215 0.215 0.215 0.2105 0.2105 0.213 0.213 0.2115 0.2115 0.2115 0.208 0.208 0.2065 0.2065 0.2105 0.2105 0.2135 0.2135 0.2135 0.207 0.207 0.205 0.205 0.2085 0.2085 0.2085 0.206 0.206 0.1985 0.1985 0.2045 0.2045 0.2045 0.194 0.194 0.167 0.167 0.165 0.165 0.165 0.184 0.184 0.182 0.182
0.1035 0.1175 0.1175 0.1285 0.1285 0.1285 0.114 0.114 0.1345 0.1345 0.1385 0.1385 0.1745 0.1745 0.1745 0.1835 0.1835 0.198 0.198 0.189 0.189 0.189 0.17 0.17 0.1945 0.1945 0.1905 0.1905 0.1905 0.2 0.2 0.1965 0.1965 0.199 0.199 0.199 0.2 0.2 0.2035 0.2035 0.2175 0.2175 0.2175 0.209 0.209 0.2015 0.2015 0.2015 0.2015 0.218 0.218 0.218 0.214 0.214 0.209 0.209 0.2065 0.2065 0.2065 0.212 0.212 0.201 0.201 0.202 0.202 0.202 0.2215 0.2215 0.2065 0.2065 0.194 0.194 0.194 0.186 0.186 0.175 0.175
0.1035 0.1175 0.1175 0.1285 0.1285 0.1285 0.114 0.114 0.1345 0.1345 0.1385 0.1385 0.1745 0.1745 0.1745 0.1835 0.1835 0.198 0.198 0.189 0.189 0.189 0.17 0.17 0.1945 0.1945 0.1905 0.1905 0.1905 0.2 0.2 0.1965 0.1965 0.199 0.199 0.199 0.2 0.2 0.2035 0.2035 0.2175 0.2175 0.2175 0.209 0.209 0.2015 0.2015 0.2015 0.2015 0.218 0.218 0.218 0.214 0.214 0.209 0.209 0.2065 0.2065 0.2065 0.212 0.212 0.201 0.201 0.202 0.202 0.202 0.2215 0.2215 0.2065 0.2065 0.194 0.194 0.194 0.186 0.186 0.175 0.175
0.134 0.143 0.143 0.1505 0.1505 0.1505 0.1375 0.1375 0.1275 0.1275 0.135 0.135 0.1815 0.1815 0.1815 0.171 0.171 0.1785 0.1785 0.1925 0.1925 0.1925 0.1985 0.1985 0.191 0.191 0.2085 0.2085 0.2085 0.205 0.205 0.2125 0.2125 0.197 0.197 0.197 0.21 0.21 0.198 0.198 0.1995 0.1995 0.1995 0.2055 0.2055 0.2 0.2 0.1945 0.1945 0.2045 0.2045 0.2045 0.213 0.213 0.2225 0.2225 0.237 0.237 0.237 0.2456 0.2456 0.2255 0.2255 0.2215 0.2215 0.2215 0.2015 0.2015 0.193 0.193 0.205 0.205 0.205 0.2215 0.2215 0.2155 0.2155
0.134 0.143 0.143 0.1505 0.1505 0.1505 0.1375 0.1375 0.1275 0.1275 0.135 0.135 0.1815 0.1815 0.1815 0.171 0.171 0.1785 0.1785 0.1925 0.1925 0.1925 0.1985 0.1985 0.191 0.191 0.2085 0.2085 0.2085 0.205 0.205 0.2125 0.2125 0.197 0.197 0.197 0.21 0.21 0.198 0.198 0.1995 0.1995 0.1995 0.2055 0.2055 0.2 0.2 0.1945 0.1945 0.2045 0.2045 0.2045 0.213 0.213 0.2225 0.2225 0.237 0.237 0.237 0.2456 0.2456 0.2255 0.2255 0.2215 0.2215 0.2215 0.2015 0.2015 0.193 0.193 0.205 0.205 0.205 0.2215 0.2215 0.2155 0.2155
0.134 0.143 0.143 0.1505 0.1505 0.1505 0.1375 0.1375 0.1275 0.1275 0.135 0.135 0.1815 0.1815 0.1815 0.171 0.171 0.1785 0.1785 0.1925 0.1925 0.1925 0.1985 0.1985 0.191 0.191 0.2085 0.2085 0.2085 0.205 0.205 0.2125 0.2125 0.197 0.197 0.197 0.21 0.21 0.198 0.198 0.1995 0.1995 0.1995 0.2055 0.2055 0.2 0.2 0.1945 0.1945 0.2045 0.2045 0.2045 0.213 0.213 0.2225 0.2225 0.237 0.237 0.237 0.2456 0.2456 0.2255 0.2255 0.2215 0.2215 0.2215 0.2015 0.2015 0.193 0.193 0.205 0.205 0.205 0.2215 0.2215 0.2155 0.2155
0.14 0.123 0.123 0.1265 0.1265 0.1265 0.121 0.121 0.1305 0.1305 0.1545 0.1545 0.1655 0.1655 0.1655 0.184 0.184 0.1895 0.1895 0.199 0.199 0.199 0.1825 0.1825 0.183 0.183 0.1905 0.1905 0.1905 0.201 0.201 0.2045 0.2045 0.2005 0.2005 0.2005 0.191 0.191 0.198 0.198 0.1935 0.1935 0.1935 0.173 0.173 0.19 0.19 0.209 0.209 0.244 0.244 0.244 0.2475 0.2475 0.2406 0.2406 0.236 0.236 0.236 0.211 0.211 0.227 0.227 0.2245 0.2245 0.2245 0.2295 0.2295 0.2045 0.2045 0.215 0.215 0.215 0.2365 0.2365 0.229 0.229
0.14 0.123 0.123 0.1265 0.1265 0.1265 0.121 0.121 0.1305 0.1305 0.1545 0.1545 0.1655 0.1655 0.1655 0.184 0.184 0.1895 0.1895 0.199 0.199 0.199 0.1825 0.1825 0.183 0.183 0.1905 0.1905 0.1905 0.201 0.201 0.2045 0.2045 0.2005 0.2005 0.2005 0.191 0.191 0.198 0.198 0.1935 0.1935 0.1935 0.173 0.173 0.19 0.19 0.209 0.209 0.244 0.244 0.244 0.2475 0.2475 0.2406 0.2406 0.236 0.236 0.236 0.211 0.211 0.227 0.227 0.2245 0.2245 0.2245 0.2295 0.2295 0.2045 0.2045 0.215 0.215 0.215 0.2365 0.2365 0.229 0.229
0.15 0.158 0.158 0.1675 0.1675 0.1675 0.14 0.14 0.156 0.156 0.161 0.161 0.1715 0.1715 0.1715 0.198 0.198 0.2135 0.2135 0.2055 0.2055 0.2055 0.196 0.196 0.19 0.19 0.194 0.194 0.194 0.216 0.216 0.204 0.204 0.1975 0.1975 0.1975 0.204 0.204 0.203 0.203 0.203 0.203 0.203 0.1875 0.1875 0.199 0.199 0.2325 0.2325 0.234 0.234 0.234 0.2305 0.2305 0.2155 0.2155 0.214 0.214 0.214 0.208 0.208 0.204 0.204 0.1985 0.1985 0.1985 0.199 0.199 0.1955 0.1955 0.2105 0.2105 0.2105 0.2185 0.2185 0.196 0.196
0.15 0.158 0.158 0.1675 0.1675 0.1675 0.14 0.14 0.156 0.156 0.161 0.161 0.1715 0.1715 0.1715 0.198 0.198 0.2135 0.2135 0.2055 0.2055 0.2055 0.196 0.196 0.19 0.19 0.194 0.194 0.194 0.216 0.216 0.204 0.204 0.1975 0.1975 0.1975 0.204 0.204 0.203 0.203 0.203 0.203 0.203 0.1875 0.1875 0.199 0.199 0.2325 0.2325 0.234 0.234 0.234 0.2305 0.2305 0.2155 0.2155 0.214 0.214 0.214 0.208 0.208 0.204 0.204 0.1985 0.1985 0.1985 0.199 0.199 0.1955 0.1955 0.2105 0.2105 0.2105 0.2185 0.2185 0.196 0.196
0.161 0.1645 0.1645 0.1535 0.1535 0.1535 0.135 0.135 0.143 0.143 0.1695 0.1695 0.181 0.181 0.181 0.1955 0.1955 0.2075 0.2075 0.204 0.204 0.204 0.2035 0.2035 0.2015 0.2015 0.1985 0.1985 0.1985 0.205 0.205 0.21 0.21 0.202 0.202 0.202 0.1835 0.1835 0.193 0.193 0.1985 0.1985 0.1985 0.205 0.205 0.1905 0.1905 0.226 0.226 0.223 0.223 0.223 0.2095 0.2095 0.2185 0.2185 0.2155 0.2155 0.2155 0.218 0.218 0.2265 0.2265 0.199 0.199 0.199 0.202 0.202 0.1955 0.1955 0.198 0.198 0.198 0.2275 0.2275 0.199 0.199
0.161 0.1645 0.1645 0.1535 0.1535 0.1535 0.135 0.135 0.143 0.143 0.1695 0.1695 0.181 0.181 0.181 0.1955 0.1955 0.2075 0.2075 0.204 0.204 0.204 0.2035 0.2035 0.2015 0.2015 0.1985 0.1985 0.1985 0.205 0.205 0.21 0.21 0.202 0.202 0.202 0.1835 0.1835 0.193 0.193 0.1985 0.1985 0.1985 0.205 0.205 0.1905 0.1905 0.226 0.226 0.223 0.223 0.223 0.2095 0.2095 0.2185 0.2185 0.2155 0.2155 0.2155 0.218 0.218 0.2265 0.2265 0.199 0.199 0.199 0.202 0.202 0.1955 0.1955 0.198 0.198 0.198 0.2275 0.2275 0.199 0.199
0.161 0.1645 0.1645 0.1535 0.1535 0.1535 0.135 0.135 0.143 0.143 0.1695 0.1695 0.181 0.181 0.181 0.1955 0.1955 0.2075 0.2075 0.204 0.204 0.204 0.2035 0.2035 0.2015 0.2015 0.1985 0.1985 0.1985 0.205 0.205 0.21 0.21 0.202 0.202 0.202 0.1835 0.1835 0.193 0.193 0.1985 0.1985 0.1985 0.205 0.205 0.1905 0.1905 0.226 0.226 0.223 0.223 0.223 0.2095 0.2095 0.2185 0.2185 0.2155 0.2155 0.2155 0.218 0.218 0.2265 0.2265 0.199 0.199 0.199 0.202 0.202 0.1955 0.1955 0.198 0.198 0.198 0.2275 0.2275 0.199 0.199
0.1715 0.153 0.153 0.17 0.17 0.17 0.1425 0.1425 0.1425 0.1425 0.189 0.189 0.1915 0.1915 0.1915 0.2045 0.2045 0.206 0.206 0.203 0.203 0.203 0.1965 0.1965 0.2035 0.2035 0.182 0.182 0.182 0.204 0.204 0.203 0.203 0.19 0.19 0.19 0.2035 0.2035 0.2205 0.2205 0.2145 0.2145 0.2145 0.2115 0.2115 0.1975 0.1975 0.2135 0.2135 0.2295 0.2295 0.2295 0.2175 0.2175 0.2125 0.2125 0.2295 0.2295 0.2295 0.2205 0.2205 0.22 0.22 0.208 0.208 0.208 0.211 0.211 0.1935 0.1935 0.195 0.195 0.195 0.194 0.194 0.1965 0.1965
0.1715 0.153 0.153 0.17 0.17 0.17 0.1425 0.1425 0.1425 0.1425 0.189 0.189 0.1915 0.1915 0.1915 0.2045 0.2045 0.206 0.206 0.203 0.203 0.203 0.1965 0.1965 0.2035 0.2035 0.182 0.182 0.182 0.204 0.204 0.203 0.203 0.19 0.19 0.19 0.2035 0.2035 0.2205 0.2205 0.2145 0.2145 0.2145 0.2115 0.2115 0.1975 0.1975 0.2135 0.2135 0.2295 0.2295 0.2295 0.2175 0.2175 0.2125 0.2125 0.2295 0.2295 0.2295 0.2205 0.2205 0.22 0.22 0.208 0.208 0.208 0.211 0.211 0.1935 0.1935 0.195 0.195 0.195 0.194 0.194 0.1965 0.1965
0.187 0.1585 0.1585 0.1575 0.1575 0.1575 0.166 0.166 0.173 0.173 0.187 0.187 0.1915 0.1915 0.1915 0.1995 0.1995 0.1995 0.1995 0.1865 0.1865 0.1865 0.19 0.19 0.1965 0.1965 0.179 0.179 0.179 0.185 0.185 0.191 0.191 0.204 0.204 0.204 0.2165 0.2165 0.204 0.204 0.2085 0.2085 0.2085 0.208 0.208 0.2065 0.2065 0.212 0.212 0.2155 0.2155 0.2155 0.215 0.215 0.2245 0.2245 0.2335 0.2335 0.2335 0.214 0.214 0.209 0.209 0.2095 0.2095 0.2095 0.209 0.209 0.216 0.216 0.1965 0.1965 0.1965 0.1925 0.1925 0.1945 0.1945
0.187 0.1585 0.1585 0.1575 0.1575 0.1575 0.166 0.166 0.173 0.173 0.187 0.187 0.1915 0.1915 0.1915 0.1995 0.1995 0.1995 0.1995 0.1865 0.1865 0.1865 0.19 0.19 0.1965 0.1965 0.179 0.179 0.179 0.185 0.185 0.191 0.191 0.204 0.204 0.204 0.2165 0.2165 0.204 0.204 0.2085 0.2085 0.2085 0.208 0.208 0.2065 0.2065 0.212 0.212 0.2155 0.2155 0.2155 0.215 0.215 0.2245 0.2245 0.2335 0.2335 0.2335 0.214 0.214 0.209 0.209 0.2095 0.2095 0.2095 0.209 0.209 0.216 0.216 0.1965 0.1965 0.1965 0.1925 0.1925 0.1945 0.1945
0.171 0.1485 0.1485 0.1635 0.1635 0.1635 0.1565 0.1565 0.144 0.144 0.17 0.17 0.204 0.204 0.204 0.2065 0.2065 0.2 0.2 0.18 0.18 0.18 0.161 0.161 0.1585 0.1585 0.196 0.196 0.196 0.214 0.214 0.196 0.196 0.2205 0.2205 0.2205 0.21 0.21 0.2175 0.2175 0.219 0.219 0.219 0.2085 0.2085 0.217 0.217 0.2045 0.2045 0.205 0.205 0.205 0.202 0.202 0.2115 0.2115 0.2225 0.2225 0.2225 0.199 0.199 0.21 0.21 0.208 0.208 0.208 0.217 0.217 0.217 0.217 0.204 0.204 0.204 0.19 0.19 0.206 0.206
0.171 0.1485 0.1485 0.1635 0.1635 0.1635 0.1565 0.1565 0.144 0.144 0.17 0.17 0.204 0.204 0.204 0.2065 0.2065 0.2 0.2 0.18 0.18 0.18 0.161 0.161 0.1585 0.1585 0.196 0.196 0.196 0.214 0.214 0.196 0.196 0.2205 0.2205 0.2205 0.21 0.21 0.2175 0.2175 0.219 0.219 0.219 0.2085 0.2085 0.217 0.217 0.2045 0.2045 0.205 0.205 0.205 0.202 0.202 0.2115 0.2115 0.2225 0.2225 0.2225 0.199 0.199 0.21 0.21 0.208 0.208 0.208 0.217 0.217 0.217 0.217 0.204 0.204 0.204 0.19 0.19 0.206 0.206
0.171 0.1485 0.1485 0.1635 0.1635 0.1635 0.1565 0.1565 0.144 0.144 0.17 0.17 0.204 0.204 0.204 0.2065 0.2065 0.2 0.2 0.18 0.18 0.18 0.161 0.161 0.1585 0.1585 0.196 0.196 0.196 0.214 0.214 0.196 0.196 0.2205 0.2205 0.2205 0.21 0.21 0.2175 0.2175 0.219 0.219 0.219 0.2085 0.2085 0.217 0.217 0.2045 0.2045 0.205 0.205 0.205 0.202 0.202 0.2115 0.2115 0.2225 0.2225 0.2225 0.199 0.199 0.21 0.21 0.208 0.208 0.208 0.217 0.217 0.217 0.217 0.204 0.204 0.204 0.19 0.19 0.206 0.206
0.18 0.2065 0.2065 0.152 0.152 0.152 0.176 0.176 0.1335 0.1335 0.156 0.156 0.1785 0.1785 0.1785 0.205 0.205 0.1995 0.1995 0.169 0.169 0.169 0.159 0.159 0.1675 0.1675 0.1926 0.1926 0.1926 0.222 0.222 0.2125 0.2125 0.2195 0.2195 0.2195 0.232 0.232 0.2485 0.2485 0.213 0.213 0.213 0.2305 0.2305 0.2355 0.2355 0.2175 0.2175 0.194 0.194 0.194 0.1955 0.1955 0.197 0.197 0.1995 0.1995 0.1995 0.186 0.186 0.187 0.187 0.1885 0.1885 0.1885 0.198 0.198 0.1965 0.1965 0.201 0.201 0.201 0.2187 0.2187 0.2125 0.2125
0.18 0.2065 0.2065 0.152 0.152 0.152 0.176 0.176 0.1335 0.1335 0.156 0.156 0.1785 0.1785 0.1785 0.205 0.205 0.1995 0.1995 0.169 0.169 0.169 0.159 0.159 0.1675 0.1675 0.1926 0.1926 0.1926 0.222 0.222 0.2125 0.2125 0.2195 0.2195 0.2195 0.232 0.232 0.2485 0.2485 0.213 0.213 0.213 0.2305 0.2305 0.2355 0.2355 0.2175 0.2175 0.194 0.194 0.194 0.1955 0.1955 0.197 0.197 0.1995 0.1995 0.1995 0.186 0.186 0.187 0.187 0.1885 0.1885 0.1885 0.198 0.198 0.1965 0.1965 0.201 0.201 0.201 0.2187 0.2187 0.2125 0.2125
0.208 0.199 0.199 0.167 0.167 0.167 0.151 0.151 0.1645 0.1645 0.172 0.172 0.1695 0.1695 0.1695 0.211 0.211 0.2166 0.2166 0.2095 0.2095 0.2095 0.2045 0.2045 0.1935 0.1935 0.2075 0.2075 0.2075 0.224 0.224 0.203 0.203 0.215 0.215 0.215 0.229 0.229 0.239 0.239 0.21 0.21 0.21 0.2521 0.2521 0.232 0.232 0.204 0.204 0.209 0.209 0.209 0.2 0.2 0.1965 0.1965 0.1965 0.1965 0.1965 0.1855 0.1855 0.1885 0.1885 0.1905 0.1905 0.1905 0.185 0.185 0.191 0.191 0.1975 0.1975 0.1975 0.229 0.229 0.2291 0.2291
0.208 0.199 0.199 0.167 0.167 0.167 0.151 0.151 0.1645 0.1645 0.172 0.172 0.1695 0.1695 0.1695 0.211 0.211 0.2166 0.2166 0.2095 0.2095 0.2095 0.2045 0.2045 0.1935 0.1935 0.2075 0.2075 0.2075 0.224 0.224 0.203 0.203 0.215 0.215 0.215 0.229 0.229 0.239 0.239 0.21 0.21 0.21 0.2521 0.2521 0.232 0.232 0.204 0.204 0.209 0.209 0.209 0.2 0.2 0.1965 0.1965 0.1965 0.1965 0.1965 0.1855 0.1855 0.1885 0.1885 0.1905 0.1905 0.1905 0.185 0.185 0.191 0.191 0.1975 0.1975 0.1975 0.229 0.229 0.2291 0.2291
0.2005 0.2005 0.2005 0.1735 0.1735 0.1735 0.1635 0.1635 0.193 0.193 0.184 0.184 0.215 0.215 0.215 0.2075 0.2075 0.2075 0.2075 0.2245 0.2245 0.2245 0.228 0.228 0.2105 0.2105 0.219 0.219 0.219 0.2215 0.2215 0.22 0.22 0.2105 0.2105 0.2105 0.214 0.214 0.2325 0.2325 0.2105 0.2105 0.2105 0.2205 0.2205 0.214 0.214 0.235 0.235 0.188 0.188 0.188 0.1905 0.1905 0.2015 0.2015 0.199 0.199 0.199 0.194 0.194 0.1905 0.1905 0.196 0.196 0.196 0.2105 0.2105 0.1775 0.1775 0.1875 0.1875 0.1875 0.1835 0.1835 0.1905 0.1905
