ndvi/NOAA-198.asc
ncols         252
nrows         154
xllcorner     -18.017974
yllcorner     13.481982
cellsize      0.035948
NODATA_value  -9999
[rows 34 to 67 of 154, columns 154 to 230 of 252]
0.124 0.1315 0.1315 0.1235 0.1235 0.1235 0.134 0.134 0.117 0.117 0.105 0.105 0.1035 0.1035 0.1035 0.1085 0.1085 0.109 0.109 0.108 0.108 0.108 0.1045 0.1045 0.112 0.112 0.1245 0.1245 0.1245 0.1255 0.1255 0.13 0.13 0.13 0.13 0.13 0.1265 0.1265 0.1235 0.1235 0.1235 0.1235 0.1235 0.1185 0.1185 0.119 0.119 0.131 0.131 0.13 0.13 0.13 0.1335 0.1335 0.1305 0.1305 0.1265 0.1265 0.1265 0.1095 0.1095 0.1075 0.1075 0.1055 0.1055 0.1055 0.1055 0.1055 0.104 0.104 0.1075 0.1075 0.1075 0.1035 0.1035 0.0965 0.0965
0.124 0.1315 0.1315 0.1235 0.1235 0.1235 0.134 0.134 0.117 0.117 0.105 0.105 0.1035 0.1035 0.1035 0.1085 0.1085 0.109 0.109 0.108 0.108 0.108 0.1045 0.1045 0.112 0.112 0.1245 0.1245 0.1245 0.1255 0.1255 0.13 0.13 0.13 0.13 0.13 0.1265 0.1265 0.1235 0.1235 0.1235 0.1235 0.1235 0.1185 0.1185 0.119 0.119 0.131 0.131 0.13 0.13 0.13 0.1335 0.1335 0.1305 0.1305 0.1265 0.1265 0.1265 0.1095 0.1095 0.1075 0.1075 0.1055 0.1055 0.1055 0.1055 0.1055 0.104 0.104 0.1075 0.1075 0.1075 0.1035 0.1035 0.0965 0.0965
0.124 0.1315 0.1315 0.1235 0.1235 0.1235 0.134 0.134 0.117 0.117 0.105 0.105 0.1035 0.1035 0.1035 0.1085 0.1085 0.109 0.109 0.108 0.108 0.108 0.1045 0.1045 0.112 0.112 0.1245 0.1245 0.1245 0.1255 0.1255 0.13 0.13 0.13 0.13 0.13 0.1265 0.1265 0.1235 0.1235 0.1235 0.1235 0.1235 0.1185 0.1185 0.119 0.119 0.131 0.131 0.13 0.13 0.13 0.1335 0.1335 0.1305 0.1305 0.1265 0.1265 0.1265 0.1095 0.1095 0.1075 0.1075 0.1055 0.1055 0.1055 0.1055 0.1055 0.104 0.104 0.1075 0.1075 0.1075 0.1035 0.1035 0.0965 0.0965
0.12 0.129 0.129 0.1215 0.1215 0.1215 0.116 0.116 0.117 0.117 0.114 0.114 0.109 0.109 0.109 0.114 0.114 0.116 0.116 0.0985 0.0985 0.0985 0.09999999 0.09999999 0.1195 0.1195 0.1335 0.1335 0.1335 0.1355 0.1355 0.131 0.131 0.133 0.133 0.133 0.128 0.128 0.125 0.125 0.1225 0.1225 0.1225 0.12 0.12 0.126 0.126 0.1395 0.1395 0.129 0.129 0.129 0.127 0.127 0.128 0.128 0.1315 0.1315 0.1315 0.1265 0.1265 0.112 0.112 0.11 0.11 0.11 0.1015 0.1015 0.107 0.107 0.112 0.112 0.112 0.1115 0.1115 0.1135 0.1135
0.12 0.129 0.129 0.1215 0.1215 0.1215 0.116 0.116 0.117 0.117 0.114 0.114 0.109 0.109 0.109 0.114 0.114 0.116 0.116 0.0985 0.0985 0.0985 0.09999999 0.09999999 0.1195 0.1195 0.1335 0.1335 0.1335 0.1355 0.1355 0.131 0.131 0.133 0.133 0.133 0.128 0.128 0.125 0.125 0.1225 0.1225 0.1225 0.12 0.12 0.126 0.126 0.1395 0.1395 0.129 0.129 0.129 0.127 0.127 0.128 0.128 0.1315 0.1315 0.1315 0.1265 0.1265 0.112 0.112 0.11 0.11 0.11 0.1015 0.1015 0.107 0.107 0.112 0.112 0.112 0.1115 0.1115 0.1135 0.1135
0.1255 0.12 0.12 0.108 0.108 0.108 0.112 0.112 0.112 0.112 0.112 0.112 0.112 0.112 0.112 0.109 0.109 0.1085 0.1085 0.104 0.104 0.104 0.1095 0.1095 0.127 0.127 0.13 0.13 0.13 0.1415 0.1415 0.1405 0.1405 0.1355 0.1355 0.1355 0.132 0.132 0.1215 0.1215 0.1215 0.1215 0.1215 0.1215 0.1215 0.141 0.141 0.14 0.14 0.1285 0.1285 0.1285 0.1335 0.1335 0.1385 0.1385 0.1375 0.1375 0.1375 0.13 0.13 0.127 0.127 0.116 0.116 0.116 0.108 0.108 0.1105 0.1105 0.113 0.113 0.113 0.1135 0.1135 0.1175 0.1175
0.1255 0.12 0.12 0.108 0.108 0.108 0.112 0.112 0.112 0.112 0.112 0.112 0.112 0.112 0.112 0.109 0.109 0.1085 0.1085 0.104 0.104 0.104 0.1095 0.1095 0.127 0.127 0.13 0.13 0.13 0.1415 0.1415 0.1405 0.1405 0.1355 0.1355 0.1355 0.132 0.132 0.1215 0.1215 0.1215 0.1215 0.1215 0.1215 0.1215 0.141 0.141 0.14 0.14 0.1285 0.1285 0.1285 0.1335 0.1335 0.1385 0.1385 0.1375 0.1375 0.1375 0.13 0.13 0.127 0.127 0.116 0.116 0.116 0.108 0.108 0.1105 0.1105 0.113 0.113 0.113 0.1135 0.1135 0.1175 0.1175
0.116 0.1185 0.1185 0.103 0.103 0.103 0.106 0.106 0.1105 0.1105 0.105 0.105 0.1055 0.1055 0.1055 0.11 0.11 0.1125 0.1125 0.1085 0.1085 0.1085 0.118 0.118 0.135 0.135 0.1345 0.1345 0.1345 0.1525 0.1525 0.1485 0.1485 0.1435 0.1435 0.1435 0.141 0.141 0.1425 0.1425 0.139 0.139 0.139 0.138 0.138 0.1385 0.1385 0.14 0.14 0.136 0.136 0.136 0.135 0.135 0.1365 0.1365 0.1355 0.1355 0.1355 0.138 0.138 0.1445 0.1445 0.1465 0.1465 0.1465 0.132 0.132 0.1325 0.1325 0.1175 0.1175 0.1175 0.12 0.12 0.1085 0.1085
0.116 0.1185 0.1185 0.103 0.103 0.103 0.106 0.106 0.1105 0.1105 0.105 0.105 0.1055 0.1055 0.1055 0.11 0.11 0.1125 0.1125 0.1085 0.1085 0.1085 0.118 0.118 0.135 0.135 0.1345 0.1345 0.1345 0.1525 0.1525 0.1485 0.1485 0.1435 0.1435 0.1435 0.141 0.141 0.1425 0.1425 0.139 0.139 0.139 0.138 0.138 0.1385 0.1385 0.14 0.14 0.136 0.136 0.136 0.135 0.135 0.1365 0.1365 0.1355 0.1355 0.1355 0.138 0.138 0.1445 0.1445 0.1465 0.1465 0.1465 0.132 0.132 0.1325 0.1325 0.1175 0.1175 0.1175 0.12 0.12 0.1085 0.1085
0.116 0.1185 0.1185 0.103 0.103 0.103 0.106 0.106 0.1105 0.1105 0.105 0.105 0.1055 0.1055 0.1055 0.11 0.11 0.1125 0.1125 0.1085 0.1085 0.1085 0.118 0.118 0.135 0.135 0.1345 0.1345 0.1345 0.1525 0.1525 0.1485 0.1485 0.1435 0.1435 0.1435 0.141 0.141 0.1425 0.1425 0.139 0.139 0.139 0.138 0.138 0.1385 0.1385 0.14 0.14 0.136 0.136 0.136 0.135 0.135 0.1365 0.1365 0.1355 0.1355 0.1355 0.138 0.138 0.1445 0.1445 0.1465 0.1465 0.1465 0.132 0.132 0.1325 0.1325 0.1175 0.1175 0.1175 0.12 0.12 0.1085 0.1085
0.112 0.134 0.134 0.1415 0.1415 0.1415 0.1185 0.1185 0.114 0.114 0.1265 0.1265 0.132 0.132 0.132 0.125 0.125 0.1765 0.1765 0.157 0.157 0.157 0.1485 0.1485 0.1475 0.1475 0.151 0.151 0.151 0.1595 0.1595 0.174 0.174 0.1705 0.1705 0.1705 0.1495 0.1495 0.1405 0.1405 0.138 0.138 0.138 0.142 0.142 0.1445 0.1445 0.1525 0.1525 0.1475 0.1475 0.1475 0.1385 0.1385 0.136 0.136 0.1375 0.1375 0.1375 0.1415 0.1415 0.145 0.145 0.1455 0.1455 0.1455 0.14 0.14 0.133 0.133 0.1295 0.1295 0.1295 0.1275 0.1275 0.126 0.126
0.112 0.134 0.134 0.1415 0.1415 0.1415 0.1185 0.1185 0.114 0.114 0.1265 0.1265 0.132 0.132 0.132 0.125 0.125 0.1765 0.1765 0.157 0.157 0.157 0.1485 0.1485 0.1475 0.1475 0.151 0.151 0.151 0.1595 0.1595 0.174 0.174 0.1705 0.1705 0.1705 0.1495 0.1495 0.1405 0.1405 0.138 0.138 0.138 0.142 0.142 0.1445 0.1445 0.1525 0.1525 0.1475 0.1475 0.1475 0.1385 0.1385 0.136 0.136 0.1375 0.1375 0.1375 0.1415 0.1415 0.145 0.145 0.1455 0.1455 0.1455 0.14 0.14 0.133 0.133 0.1295 0.1295 0.1295 0.1275 0.1275 0.126 0.126
0.1395 0.152 0.152 0.173 0.173 0.173 0.1775 0.1775 0.1905 0.1905 0.1765 0.1765 0.1745 0.1745 0.1745 0.177 0.177 0.184 0.184 0.172 0.172 0.172 0.165 0.165 0.1585 0.1585 0.1715 0.1715 0.1715 0.1715 0.1715 0.171 0.171 0.1655 0.1655 0.1655 0.1565 0.1565 0.1515 0.1515 0.1625 0.1625 0.1625 0.1695 0.1695 0.1675 0.1675 0.159 0.159 0.1555 0.1555 0.1555 0.148 0.148 0.1515 0.1515 0.1555 0.1555 0.1555 0.151 0.151 0.15 0.15 0.151 0.151 0.151 0.148 0.148 0.1305 0.1305 0.1295 0.1295 0.1295 0.1345 0.1345 0.136 0.136
0.1395 0.152 0.152 0.173 0.173 0.173 0.1775 0.1775 0.1905 0.1905 0.1765 0.1765 0.1745 0.1745 0.1745 0.177 0.177 0.184 0.184 0.172 0.172 0.172 0.165 0.165 0.1585 0.1585 0.1715 0.1715 0.1715 0.1715 0.1715 0.171 0.171 0.1655 0.1655 0.1655 0.1565 0.1565 0.1515 0.1515 0.1625 0.1625 0.1625 0.1695 0.1695 0.1675 0.1675 0.159 0.159 0.1555 0.1555 0.1555 0.148 0.148 0.1515 0.1515 0.1555 0.1555 0.1555 0.151 0.151 0.15 0.15 0.151 0.151 0.151 0.148 0.148 0.1305 0.1305 0.1295 0.1295 0.1295 0.1345 0.1345 0.136 0.136
0.1545 0.1515 0.1515 0.165 0.165 0.165 0.1865 0.1865 0.1965 0.1965 0.178 0.178 0.1835 0.1835 0.1835 0.1765 0.1765 0.1825 0.1825 0.1685 0.1685 0.1685 0.1775 0.1775 0.1925 0.1925 0.197 0.197 0.197 0.1865 0.1865 0.1725 0.1725 0.1775 0.1775 0.1775 0.168 0.168 0.1645 0.1645 0.182 0.182 0.182 0.173 0.173 0.1715 0.1715 0.1565 0.1565 0.1555 0.1555 0.1555 0.145 0.145 0.15 0.15 0.1625 0.1625 0.1625 0.161 0.161 0.153 0.153 0.1485 0.1485 0.1485 0.147 0.147 0.1385 0.1385 0.1375 0.1375 0.1375 0.1335 0.1335 0.135 0.135
0.1545 0.1515 0.1515 0.165 0.165 0.165 0.1865 0.1865 0.1965 0.1965 0.178 0.178 0.1835 0.1835 0.1835 0.1765 0.1765 0.1825 0.1825 0.1685 0.1685 0.1685 0.1775 0.1775 0.1925 0.1925 0.197 0.197 0.197 0.1865 0.1865 0.1725 0.1725 0.1775 0.1775 0.1775 0.168 0.168 0.1645 0.1645 0.182 0.182 0.182 0.173 0.173 0.1715 0.1715 0.1565 0.1565 0.1555 0.1555 0.1555 0.145 0.145 0.15 0.15 0.1625 0.1625 0.1625 0.161 0.161 0.153 0.153 0.1485 0.1485 0.1485 0.147 0.147 0.1385 0.1385 0.1375 0.1375 0.1375 0.1335 0.1335 0.135 0.135
0.1545 0.1515 0.1515 0.165 0.165 0.165 0.1865 0.1865 0.1965 0.1965 0.178 0.178 0.1835 0.1835 0.1835 0.1765 0.1765 0.1825 0.1825 0.1685 0.1685 0.1685 0.1775 0.1775 0.1925 0.1925 0.197 0.197 0.197 0.1865 0.1865 0.1725 0.1725 0.1775 0.1775 0.1775 0.168 0.168 0.1645 0.1645 0.182 0.182 0.182 0.173 0.173 0.1715 0.1715 0.1565 0.1565 0.1555 0.1555 0.1555 0.145 0.145 0.15 0.15 0.1625 0.1625 0.1625 0.161 0.161 0.153 0.153 0.1485 0.1485 0.1485 0.147 0.147 0.1385 0.1385 0.1375 0.1375 0.1375 0.1335 0.1335 0.135 0.135
0.138 0.143 0.143 0.1725 0.1725 0.1725 0.196 0.196 0.2 0.2 0.2065 0.2065 0.1855 0.1855 0.1855 0.1715 0.1715 0.168 0.168 0.1675 0.1675 0.1675 0.176 0.176 0.1905 0.1905 0.194 0.194 0.194 0.1975 0.1975 0.1885 0.1885 0.188 0.188 0.188 0.1685 0.1685 0.1615 0.1615 0.1775 0.1775 0.1775 0.1685 0.1685 0.1615 0.1615 0.1615 0.1615 0.1335 0.1335 0.1335 0.1345 0.1345 0.1495 0.1495 0.1705 0.1705 0.1705 0.18 0.18 0.164 0.164 0.1625 0.1625 0.1625 0.1565 0.1565 0.148 0.148 0.1445 0.1445 0.1445 0.1405 0.1405 0.137 0.137
0.138 0.143 0.143 0.1725 0.1725 0.1725 0.196 0.196 0.2 0.2 0.2065 0.2065 0.1855 0.1855 0.1855 0.1715 0.1715 0.168 0.168 0.1675 0.1675 0.1675 0.176 0.176 0.1905 0.1905 0.194 0.194 0.194 0.1975 0.1975 0.1885 0.1885 0.188 0.188 0.188 0.1685 0.1685 0.1615 0.1615 0.1775 0.1775 0.1775 0.1685 0.1685 0.1615 0.1615 0.1615 0.1615 0.1335 0.1335 0.1335 0.1345 0.1345 0.1495 0.1495 0.1705 0.1705 0.1705 0.18 0.18 0.164 0.164 0.1625 0.1625 0.1625 0.1565 0.1565 0.148 0.148 0.1445 0.1445 0.1445 0.1405 0.1405 0.137 0.137
0.119 0.131 0.131 0.183 0.183 0.183 0.1925 0.1925 0.2025 0.2025 0.205 0.205 0.2035 0.2035 0.2035 0.1805 0.1805 0.1515 0.1515 0.1525 0.1525 0.1525 0.183 0.183 0.2025 0.2025 0.2085 0.2085 0.2085 0.2145 0.2145 0.217 0.217 0.2235 0.2235 0.2235 0.21 0.21 0.1835 0.1835 0.169 0.169 0.169 0.1575 0.1575 0.143 0.143 0.164 0.164 0.1465 0.1465 0.1465 0.1505 0.1505 0.179 0.179 0.178 0.178 0.178 0.179 0.179 0.168 0.168 0.1955 0.1955 0.1955 0.162 0.162 0.176 0.176 0.178 0.178 0.178 0.1885 0.1885 0.1835 0.1835
0.119 0.131 0.131 0.183 0.183 0.183 0.1925 0.1925 0.2025 0.2025 0.205 0.205 0.2035 0.2035 0.2035 0.1805 0.1805 0.1515 0.1515 0.1525 0.1525 0.1525 0.183 0.183 0.2025 0.2025 0.2085 0.2085 0.2085 0.2145 0.2145 0.217 0.217 0.2235 0.2235 0.2235 0.21 0.21 0.1835 0.1835 0.169 0.169 0.169 0.1575 0.1575 0.143 0.143 0.164 0.164 0.1465 0.1465 0.1465 0.1505 0.1505 0.179 0.179 0.178 0.178 0.178 0.179 0.179 0.168 0.168 0.1955 0.1955 0.1955 0.162 0.162 0.176 0.176 0.178 0.178 0.178 0.1885 0.1885 0.1835 0.1835
0.111 0.13 0.13 0.1695 0.1695 0.1695 0.1645 0.1645 0.1955 0.1955 0.1975 0.1975 0.205 0.205 0.205 0.2175 0.2175 0.2035 0.2035 0.2135 0.2135 0.2135 0.2095 0.2095 0.227 0.227 0.228 0.228 0.228 0.215 0.215 0.2125 0.2125 0.201 0.201 0.201 0.195 0.195 0.198 0.198 0.181 0.181 0.181 0.1615 0.1615 0.156 0.156 0.164 0.164 0.1625 0.1625 0.1625 0.169 0.169 0.154 0.154 0.1655 0.1655 0.1655 0.17 0.17 0.1865 0.1865 0.186 0.186 0.186 0.1785 0.1785 0.182 0.182 0.1845 0.1845 0.1845 0.1885 0.1885 0.174 0.174
0.111 0.13 0.13 0.1695 0.1695 0.1695 0.1645 0.1645 0.1955 0.1955 0.1975 0.1975 0.205 0.205 0.205 0.2175 0.2175 0.2035 0.2035 0.2135 0.2135 0.2135 0.2095 0.2095 0.227 0.227 0.228 0.228 0.228 0.215 0.215 0.2125 0.2125 0.201 0.201 0.201 0.195 0.195 0.198 0.198 0.181 0.181 0.181 0.1615 0.1615 0.156 0.156 0.164 0.164 0.1625 0.1625 0.1625 0.169 0.169 0.154 0.154 0.1655 0.1655 0.1655 0.17 0.17 0.1865 0.1865 0.186 0.186 0.186 0.1785 0.1785 0.182 0.182 0.1845 0.1845 0.1845 0.1885 0.1885 0.174 0.174
0.101 0.1185 0.1185 0.136 0.136 0.136 0.175 0.175 0.1905 0.1905 0.188 0.188 0.19 0.19 0.19 0.193 0.193 0.2115 0.2115 0.2105 0.2105 0.2105 0.2185 0.2185 0.217 0.217 0.2155 0.2155 0.2155 0.21 0.21 0.197 0.197 0.1915 0.1915 0.1915 0.1915 0.1915 0.179 0.179 0.175 0.175 0.175 0.152 0.152 0.1525 0.1525 0.1435 0.1435 0.1485 0.1485 0.1485 0.1565 0.1565 0.147 0.147 0.1505 0.1505 0.1505 0.1635 0.1635 0.1785 0.1785 0.186 0.186 0.186 0.1865 0.1865 0.178 0.178 0.185 0.185 0.185 0.179 0.179 0.179 0.179
0.101 0.1185 0.1185 0.136 0.136 0.136 0.175 0.175 0.1905 0.1905 0.188 0.188 0.19 0.19 0.19 0.193 0.193 0.2115 0.2115 0.2105 0.2105 0.2105 0.2185 0.2185 0.217 0.217 0.2155 0.2155 0.2155 0.21 0.21 0.197 0.197 0.1915 0.1915 0.1915 0.1915 0.1915 0.179 0.179 0.175 0.175 0.175 0.152 0.152 0.1525 0.1525 0.1435 0.1435 0.1485 0.1485 0.1485 0.1565 0.1565 0.147 0.147 0.1505 0.1505 0.1505 0.1635 0.1635 0.1785 0.1785 0.186 0.186 0.186 0.1865 0.1865 0.178 0.178 0.185 0.185 0.185 0.179 0.179 0.179 0.179
0.101 0.1185 0.1185 0.136 0.136 0.136 0.175 0.175 0.1905 0.1905 0.188 0.188 0.19 0.19 0.19 0.193 0.193 0.2115 0.2115 0.2105 0.2105 0.2105 0.2185 0.2185 0.217 0.217 0.2155 0.2155 0.2155 0.21 0.21 0.197 0.197 0.1915 0.1915 0.1915 0.1915 0.1915 0.179 0.179 0.175 0.175 0.175 0.152 0.152 0.1525 0.1525 0.1435 0.1435 0.1485 0.1485 0.1485 0.1565 0.1565 0.147 0.147 0.1505 0.1505 0.1505 0.1635 0.1635 0.1785 0.1785 0.186 0.186 0.186 0.1865 0.1865 0.178 0.178 0.185 0.185 0.185 0.179 0.179 0.179 0.179
0.116 0.1355 0.1355 0.136 0.136 0.136 0.1275 0.1275 0.1605 0.1605 0.1775 0.1775 0.181 0.181 0.181 0.185 0.185 0.21 0.21 0.2205 0.2205 0.2205 0.2225 0.2225 0.2215 0.2215 0.195 0.195 0.195 0.1875 0.1875 0.2 0.2 0.189 0.189 0.189 0.1875 0.1875 0.1835 0.1835 0.1875 0.1875 0.1875 0.157 0.157 0.142 0.142 0.1365 0.1365 0.1475 0.1475 0.1475 0.1515 0.1515 0.143 0.143 0.159 0.159 0.159 0.1605 0.1605 0.1685 0.1685 0.1825 0.1825 0.1825 0.1765 0.1765 0.165 0.165 0.167 0.167 0.167 0.1535 0.1535 0.1675 0.1675
0.116 0.1355 0.1355 0.136 0.136 0.136 0.1275 0.1275 0.1605 0.1605 0.1775 0.1775 0.181 0.181 0.181 0.185 0.185 0.21 0.21 0.2205 0.2205 0.2205 0.2225 0.2225 0.2215 0.2215 0.195 0.195 0.195 0.1875 0.1875 0.2 0.2 0.189 0.189 0.189 0.1875 0.1875 0.1835 0.1835 0.1875 0.1875 0.1875 0.157 0.157 0.142 0.142 0.1365 0.1365 0.1475 0.1475 0.1475 0.1515 0.1515 0.143 0.143 0.159 0.159 0.159 0.1605 0.1605 0.1685 0.1685 0.1825 0.1825 0.1825 0.1765 0.1765 0.165 0.165 0.167 0.167 0.167 0.1535 0.1535 0.1675 0.1675
0.147 0.145 0.145 0.127 0.127 0.127 0.133 0.133 0.1335 0.1335 0.166 0.166 0.173 0.173 0.173 0.201 0.201 0.227 0.227 0.2295 0.2295 0.2295 0.2305 0.2305 0.2195 0.2195 0.1925 0.1925 0.1925 0.1985 0.1985 0.2055 0.2055 0.2035 0.2035 0.2035 0.2085 0.2085 0.201 0.201 0.1865 0.1865 0.1865 0.1775 0.1775 0.1785 0.1785 0.174 0.174 0.1755 0.1755 0.1755 0.187 0.187 0.1605 0.1605 0.1575 0.1575 0.1575 0.1725 0.1725 0.169 0.169 0.1855 0.1855 0.1855 0.191 0.191 0.168 0.168 0.16 0.16 0.16 0.162 0.162 0.1745 0.1745
0.147 0.145 0.145 0.127 0.127 0.127 0.133 0.133 0.1335 0.1335 0.166 0.166 0.173 0.173 0.173 0.201 0.201 0.227 0.227 0.2295 0.2295 0.2295 0.2305 0.2305 0.2195 0.2195 0.1925 0.1925 0.1925 0.1985 0.1985 0.2055 0.2055 0.2035 0.2035 0.2035 0.2085 0.2085 0.201 0.201 0.1865 0.1865 0.1865 0.1775 0.1775 0.1785 0.1785 0.174 0.174 0.1755 0.1755 0.1755 0.187 0.187 0.1605 0.1605 0.1575 0.1575 0.1575 0.1725 0.1725 0.169 0.169 0.1855 0.1855 0.1855 0.191 0.191 0.168 0.168 0.16 0.16 0.16 0.162 0.162 0.1745 0.1745
0.1405 0.152 0.152 0.1305 0.1305 0.1305 0.1485 0.1485 0.148 0.148 0.175 0.175 0.1775 0.1775 0.1775 0.202 0.202 0.2195 0.2195 0.222 0.222 0.222 0.2245 0.2245 0.2155 0.2155 0.1955 0.1955 0.1955 0.177 0.177 0.1975 0.1975 0.2105 0.2105 0.2105 0.216 0.216 0.204 0.204 0.205 0.205 0.205 0.209 0.209 0.1835 0.1835 0.195 0.195 0.1925 0.1925 0.1925 0.1925 0.1925 0.2125 0.2125 0.2075 0.2075 0.2075 0.1855 0.1855 0.2065 0.2065 0.1925 0.1925 0.1925 0.2005 0.2005 0.169 0.169 0.169 0.169 0.169 0.1695 0.1695 0.1785 0.1785
0.1405 0.152 0.152 0.1305 0.1305 0.1305 0.1485 0.1485 0.148 0.148 0.175 0.175 0.1775 0.1775 0.1775 0.202 0.202 0.2195 0.2195 0.222 0.222 0.222 0.2245 0.2245 0.2155 0.2155 0.1955 0.1955 0.1955 0.177 0.177 0.1975 0.1975 0.2105 0.2105 0.2105 0.216 0.216 0.204 0.204 0.205 0.205 0.205 0.209 0.209 0.1835 0.1835 0.195 0.195 0.1925 0.1925 0.1925 0.1925 0.1925 0.2125 0.2125 0.2075 0.2075 0.2075 0.1855 0.1855 0.2065 0.2065 0.1925 0.1925 0.1925 0.2005 0.2005 0.169 0.169 0.169 0.169 0.169 0.1695 0.1695 0.1785 0.1785
0.1405 0.152 0.152 0.1305 0.1305 0.1305 0.1485 0.1485 0.148 0.148 0.175 0.175 0.1775 0.1775 0.1775 0.202 0.202 0.2195 0.2195 0.222 0.222 0.222 0.2245 0.2245 0.2155 0.2155 0.1955 0.1955 0.1955 0.177 0.177 0.1975 0.1975 0.2105 0.2105 0.2105 0.216 0.216 0.204 0.204 0.205 0.205 0.205 0.209 0.209 0.1835 0.1835 0.195 0.195 0.1925 0.1925 0.1925 0.1925 0.1925 0.2125 0.2125 0.2075 0.2075 0.2075 0.1855 0.1855 0.2065 0.2065 0.1925 0.1925 0.1925 0.2005 0.2005 0.169 0.169 0.169 0.169 0.169 0.1695 0.1695 0.1785 0.1785
0.135 0.151 0.151 0.1425 0.1425 0.1425 0.1615 0.1615 0.1815 0.1815 0.176 0.176 0.171 0.171 0.171 0.2055 0.2055 0.234 0.234 0.228 0.228 0.228 0.2245 0.2245 0.224 0.224 0.185 0.185 0.185 0.2245 0.2245 0.216 0.216 0.222 0.222 0.222 0.21 0.21 0.1985 0.1985 0.2055 0.2055 0.2055 0.224 0.224 0.203 0.203 0.1925 0.1925 0.2065 0.2065 0.2065 0.2035 0.2035 0.224 0.224 0.236 0.236 0.236 0.2215 0.2215 0.213 0.213 0.222 0.222 0.222 0.186 0.186 0.198 0.198 0.2295 0.2295 0.2295 0.219 0.219 0.223 0.223
