ndvi/NOAA-215.asc
ncols         252
nrows         154
xllcorner     -18.017974
yllcorner     13.481982
cellsize      0.035948
NODATA_value  -9999
[rows 34 to 67 of 154, columns 154 to 230 of 252]
0.128 0.1505 0.1505 0.141 0.141 0.141 0.1555 0.1555 0.136 0.136 0.114 0.114 0.102 0.102 0.102 0.111 0.111 0.1105 0.1105 0.1155 0.1155 0.1155 0.1165 0.1165 0.1345 0.1345 0.152 0.152 0.152 0.139 0.139 0.1375 0.1375 0.13 0.13 0.13 0.1315 0.1315 0.133 0.133 0.138 0.138 0.138 0.1355 0.1355 0.139 0.139 0.1565 0.1565 0.151 0.151 0.151 0.143 0.143 0.148 0.148 0.1375 0.1375 0.1375 0.1345 0.1345 0.137 0.137 0.128 0.128 0.128 0.127 0.127 0.129 0.129 0.1215 0.1215 0.1215 0.1185 0.1185 0.116 0.116
0.128 0.1505 0.1505 0.141 0.141 0.141 0.1555 0.1555 0.136 0.136 0.114 0.114 0.102 0.102 0.102 0.111 0.111 0.1105 0.1105 0.1155 0.1155 0.1155 0.1165 0.1165 0.1345 0.1345 0.152 0.152 0.152 0.139 0.139 0.1375 0.1375 0.13 0.13 0.13 0.1315 0.1315 0.133 0.133 0.138 0.138 0.138 0.1355 0.1355 0.139 0.139 0.1565 0.1565 0.151 0.151 0.151 0.143 0.143 0.148 0.148 0.1375 0.1375 0.1375 0.1345 0.1345 0.137 0.137 0.128 0.128 0.128 0.127 0.127 0.129 0.129 0.1215 0.1215 0.1215 0.1185 0.1185 0.116 0.116
0.128 0.1505 0.1505 0.141 0.141 0.141 0.1555 0.1555 0.136 0.136 0.114 0.114 0.102 0.102 0.102 0.111 0.111 0.1105 0.1105 0.1155 0.1155 0.1155 0.1165 0.1165 0.1345 0.1345 0.152 0.152 0.152 0.139 0.139 0.1375 0.1375 0.13 0.13 0.13 0.1315 0.1315 0.133 0.133 0.138 0.138 0.138 0.1355 0.1355 0.139 0.139 0.1565 0.1565 0.151 0.151 0.151 0.143 0.143 0.148 0.148 0.1375 0.1375 0.1375 0.1345 0.1345 0.137 0.137 0.128 0.128 0.128 0.127 0.127 0.129 0.129 0.1215 0.1215 0.1215 0.1185 0.1185 0.116 0.116
0.132 0.157 0.157 0.133 0.133 0.133 0.129 0.129 0.119 0.119 0.124 0.124 0.114 0.114 0.114 0.121 0.121 0.1075 0.1075 0.104 0.104 0.104 0.1025 0.1025 0.1415 0.1415 0.151 0.151 0.151 0.1495 0.1495 0.148 0.148 0.1495 0.1495 0.1495 0.131 0.131 0.123 0.123 0.1285 0.1285 0.1285 0.1265 0.1265 0.1315 0.1315 0.16 0.16 0.136 0.136 0.136 0.1395 0.1395 0.1425 0.1425 0.1415 0.1415 0.1415 0.1345 0.1345 0.1365 0.1365 0.1285 0.1285 0.1285 0.1315 0.1315 0.1305 0.1305 0.127 0.127 0.127 0.1325 0.1325 0.1345 0.1345
0.132 0.157 0.157 0.133 0.133 0.133 0.129 0.129 0.119 0.119 0.124 0.124 0.114 0.114 0.114 0.121 0.121 0.1075 0.1075 0.104 0.104 0.104 0.1025 0.1025 0.1415 0.1415 0.151 0.151 0.151 0.1495 0.1495 0.148 0.148 0.1495 0.1495 0.1495 0.131 0.131 0.123 0.123 0.1285 0.1285 0.1285 0.1265 0.1265 0.1315 0.1315 0.16 0.16 0.136 0.136 0.136 0.1395 0.1395 0.1425 0.1425 0.1415 0.1415 0.1415 0.1345 0.1345 0.1365 0.1365 0.1285 0.1285 0.1285 0.1315 0.1315 0.1305 0.1305 0.127 0.127 0.127 0.1325 0.1325 0.1345 0.1345
0.149 0.143 0.143 0.1185 0.1185 0.1185 0.121 0.121 0.1085 0.1085 0.112 0.112 0.107 0.107 0.107 0.1055 0.1055 0.1015 0.1015 0.09649999 0.09649999 0.09649999 0.1045 0.1045 0.16 0.16 0.164 0.164 0.164 0.157 0.157 0.1565 0.1565 0.1505 0.1505 0.1505 0.14 0.14 0.1225 0.1225 0.1195 0.1195 0.1195 0.136 0.136 0.1375 0.1375 0.14 0.14 0.148 0.148 0.148 0.1495 0.1495 0.163 0.163 0.1535 0.1535 0.1535 0.1555 0.1555 0.147 0.147 0.135 0.135 0.135 0.131 0.131 0.135 0.135 0.1355 0.1355 0.1355 0.147 0.147 0.1465 0.1465
0.149 0.143 0.143 0.1185 0.1185 0.1185 0.121 0.121 0.1085 0.1085 0.112 0.112 0.107 0.107 0.107 0.1055 0.1055 0.1015 0.1015 0.09649999 0.09649999 0.09649999 0.1045 0.1045 0.16 0.16 0.164 0.164 0.164 0.157 0.157 0.1565 0.1565 0.1505 0.1505 0.1505 0.14 0.14 0.1225 0.1225 0.1195 0.1195 0.1195 0.136 0.136 0.1375 0.1375 0.14 0.14 0.148 0.148 0.148 0.1495 0.1495 0.163 0.163 0.1535 0.1535 0.1535 0.1555 0.1555 0.147 0.147 0.135 0.135 0.135 0.131 0.131 0.135 0.135 0.1355 0.1355 0.1355 0.147 0.147 0.1465 0.1465
0.1355 0.1355 0.1355 0.1155 0.1155 0.1155 0.112 0.112 0.1075 0.1075 0.1115 0.1115 0.11 0.11 0.11 0.103 0.103 0.1015 0.1015 0.11 0.11 0.11 0.137 0.137 0.1475 0.1475 0.1735 0.1735 0.1735 0.18 0.18 0.149 0.149 0.1405 0.1405 0.1405 0.1355 0.1355 0.13 0.13 0.1345 0.1345 0.1345 0.1375 0.1375 0.136 0.136 0.1455 0.1455 0.1345 0.1345 0.1345 0.1475 0.1475 0.1465 0.1465 0.152 0.152 0.152 0.162 0.162 0.162 0.162 0.1645 0.1645 0.1645 0.1565 0.1565 0.155 0.155 0.148 0.148 0.148 0.1505 0.1505 0.144 0.144
0.1355 0.1355 0.1355 0.1155 0.1155 0.1155 0.112 0.112 0.1075 0.1075 0.1115 0.1115 0.11 0.11 0.11 0.103 0.103 0.1015 0.1015 0.11 0.11 0.11 0.137 0.137 0.1475 0.1475 0.1735 0.1735 0.1735 0.18 0.18 0.149 0.149 0.1405 0.1405 0.1405 0.1355 0.1355 0.13 0.13 0.1345 0.1345 0.1345 0.1375 0.1375 0.136 0.136 0.1455 0.1455 0.1345 0.1345 0.1345 0.1475 0.1475 0.1465 0.1465 0.152 0.152 0.152 0.162 0.162 0.162 0.162 0.1645 0.1645 0.1645 0.1565 0.1565 0.155 0.155 0.148 0.148 0.148 0.1505 0.1505 0.144 0.144
0.1355 0.1355 0.1355 0.1155 0.1155 0.1155 0.112 0.112 0.1075 0.1075 0.1115 0.1115 0.11 0.11 0.11 0.103 0.103 0.1015 0.1015 0.11 0.11 0.11 0.137 0.137 0.1475 0.1475 0.1735 0.1735 0.1735 0.18 0.18 0.149 0.149 0.1405 0.1405 0.1405 0.1355 0.1355 0.13 0.13 0.1345 0.1345 0.1345 0.1375 0.1375 0.136 0.136 0.1455 0.1455 0.1345 0.1345 0.1345 0.1475 0.1475 0.1465 0.1465 0.152 0.152 0.152 0.162 0.162 0.162 0.162 0.1645 0.1645 0.1645 0.1565 0.1565 0.155 0.155 0.148 0.148 0.148 0.1505 0.1505 0.144 0.144
0.1335 0.165 0.165 0.151 0.151 0.151 0.1425 0.1425 0.147 0.147 0.1355 0.1355 0.135 0.135 0.135 0.1135 0.1135 0.1515 0.1515 0.1555 0.1555 0.1555 0.1485 0.1485 0.1285 0.1285 0.1345 0.1345 0.1345 0.139 0.139 0.148 0.148 0.149 0.149 0.149 0.1395 0.1395 0.1335 0.1335 0.1405 0.1405 0.1405 0.136 0.136 0.153 0.153 0.165 0.165 0.165 0.165 0.165 0.1325 0.1325 0.145 0.145 0.1505 0.1505 0.1505 0.159 0.159 0.172 0.172 0.1595 0.1595 0.1595 0.167 0.167 0.156 0.156 0.1575 0.1575 0.1575 0.156 0.156 0.1545 0.1545
0.1335 0.165 0.165 0.151 0.151 0.151 0.1425 0.1425 0.147 0.147 0.1355 0.1355 0.135 0.135 0.135 0.1135 0.1135 0.1515 0.1515 0.1555 0.1555 0.1555 0.1485 0.1485 0.1285 0.1285 0.1345 0.1345 0.1345 0.139 0.139 0.148 0.148 0.149 0.149 0.149 0.1395 0.1395 0.1335 0.1335 0.1405 0.1405 0.1405 0.136 0.136 0.153 0.153 0.165 0.165 0.165 0.165 0.165 0.1325 0.1325 0.145 0.145 0.1505 0.1505 0.1505 0.159 0.159 0.172 0.172 0.1595 0.1595 0.1595 0.167 0.167 0.156 0.156 0.1575 0.1575 0.1575 0.156 0.156 0.1545 0.1545
0.148 0.161 0.161 0.185 0.185 0.185 0.1705 0.1705 0.1635 0.1635 0.1825 0.1825 0.1895 0.1895 0.1895 0.1765 0.1765 0.1855 0.1855 0.181 0.181 0.181 0.166 0.166 0.1525 0.1525 0.148 0.148 0.148 0.143 0.143 0.1485 0.1485 0.1515 0.1515 0.1515 0.1495 0.1495 0.141 0.141 0.146 0.146 0.146 0.145 0.145 0.154 0.154 0.1515 0.1515 0.166 0.166 0.166 0.147 0.147 0.1505 0.1505 0.1595 0.1595 0.1595 0.164 0.164 0.1705 0.1705 0.1675 0.1675 0.1675 0.168 0.168 0.161 0.161 0.1635 0.1635 0.1635 0.16 0.16 0.161 0.161
0.148 0.161 0.161 0.185 0.185 0.185 0.1705 0.1705 0.1635 0.1635 0.1825 0.1825 0.1895 0.1895 0.1895 0.1765 0.1765 0.1855 0.1855 0.181 0.181 0.181 0.166 0.166 0.1525 0.1525 0.148 0.148 0.148 0.143 0.143 0.1485 0.1485 0.1515 0.1515 0.1515 0.1495 0.1495 0.141 0.141 0.146 0.146 0.146 0.145 0.145 0.154 0.154 0.1515 0.1515 0.166 0.166 0.166 0.147 0.147 0.1505 0.1505 0.1595 0.1595 0.1595 0.164 0.164 0.1705 0.1705 0.1675 0.1675 0.1675 0.168 0.168 0.161 0.161 0.1635 0.1635 0.1635 0.16 0.16 0.161 0.161
0.1445 0.1525 0.1525 0.1775 0.1775 0.1775 0.2025 0.2025 0.191 0.191 0.165 0.165 0.1765 0.1765 0.1765 0.2005 0.2005 0.1625 0.1625 0.156 0.156 0.156 0.154 0.154 0.168 0.168 0.153 0.153 0.153 0.1505 0.1505 0.1555 0.1555 0.156 0.156 0.156 0.161 0.161 0.161 0.161 0.166 0.166 0.166 0.1675 0.1675 0.1695 0.1695 0.165 0.165 0.174 0.174 0.174 0.1545 0.1545 0.1565 0.1565 0.1685 0.1685 0.1685 0.1775 0.1775 0.164 0.164 0.149 0.149 0.149 0.161 0.161 0.161 0.161 0.1555 0.1555 0.1555 0.179 0.179 0.175 0.175
0.1445 0.1525 0.1525 0.1775 0.1775 0.1775 0.2025 0.2025 0.191 0.191 0.165 0.165 0.1765 0.1765 0.1765 0.2005 0.2005 0.1625 0.1625 0.156 0.156 0.156 0.154 0.154 0.168 0.168 0.153 0.153 0.153 0.1505 0.1505 0.1555 0.1555 0.156 0.156 0.156 0.161 0.161 0.161 0.161 0.166 0.166 0.166 0.1675 0.1675 0.1695 0.1695 0.165 0.165 0.174 0.174 0.174 0.1545 0.1545 0.1565 0.1565 0.1685 0.1685 0.1685 0.1775 0.1775 0.164 0.164 0.149 0.149 0.149 0.161 0.161 0.161 0.161 0.1555 0.1555 0.1555 0.179 0.179 0.175 0.175
0.1445 0.1525 0.1525 0.1775 0.1775 0.1775 0.2025 0.2025 0.191 0.191 0.165 0.165 0.1765 0.1765 0.1765 0.2005 0.2005 0.1625 0.1625 0.156 0.156 0.156 0.154 0.154 0.168 0.168 0.153 0.153 0.153 0.1505 0.1505 0.1555 0.1555 0.156 0.156 0.156 0.161 0.161 0.161 0.161 0.166 0.166 0.166 0.1675 0.1675 0.1695 0.1695 0.165 0.165 0.174 0.174 0.174 0.1545 0.1545 0.1565 0.1565 0.1685 0.1685 0.1685 0.1775 0.1775 0.164 0.164 0.149 0.149 0.149 0.161 0.161 0.161 0.161 0.1555 0.1555 0.1555 0.179 0.179 0.175 0.175
0.136 0.1485 0.1485 0.1875 0.1875 0.1875 0.2035 0.2035 0.223 0.223 0.1855 0.1855 0.1785 0.1785 0.1785 0.1695 0.1695 0.1755 0.1755 0.161 0.161 0.161 0.1725 0.1725 0.185 0.185 0.168 0.168 0.168 0.1655 0.1655 0.161 0.161 0.1725 0.1725 0.1725 0.1825 0.1825 0.1915 0.1915 0.174 0.174 0.174 0.1775 0.1775 0.173 0.173 0.1635 0.1635 0.1525 0.1525 0.1525 0.141 0.141 0.154 0.154 0.1645 0.1645 0.1645 0.1695 0.1695 0.168 0.168 0.1595 0.1595 0.1595 0.1555 0.1555 0.1565 0.1565 0.178 0.178 0.178 0.1805 0.1805 0.163 0.163
0.136 0.1485 0.1485 0.1875 0.1875 0.1875 0.2035 0.2035 0.223 0.223 0.1855 0.1855 0.1785 0.1785 0.1785 0.1695 0.1695 0.1755 0.1755 0.161 0.161 0.161 0.1725 0.1725 0.185 0.185 0.168 0.168 0.168 0.1655 0.1655 0.161 0.161 0.1725 0.1725 0.1725 0.1825 0.1825 0.1915 0.1915 0.174 0.174 0.174 0.1775 0.1775 0.173 0.173 0.1635 0.1635 0.1525 0.1525 0.1525 0.141 0.141 0.154 0.154 0.1645 0.1645 0.1645 0.1695 0.1695 0.168 0.168 0.1595 0.1595 0.1595 0.1555 0.1555 0.1565 0.1565 0.178 0.178 0.178 0.1805 0.1805 0.163 0.163
0.1285 0.136 0.136 0.186 0.186 0.186 0.2155 0.2155 0.22 0.22 0.2095 0.2095 0.186 0.186 0.186 0.178 0.178 0.1835 0.1835 0.1715 0.1715 0.1715 0.177 0.177 0.2055 0.2055 0.1815 0.1815 0.1815 0.187 0.187 0.1835 0.1835 0.197 0.197 0.197 0.1975 0.1975 0.1835 0.1835 0.165 0.165 0.165 0.1775 0.1775 0.1675 0.1675 0.181 0.181 0.165 0.165 0.165 0.1515 0.1515 0.1565 0.1565 0.1605 0.1605 0.1605 0.1685 0.1685 0.164 0.164 0.177 0.177 0.177 0.1725 0.1725 0.1795 0.1795 0.186 0.186 0.186 0.1865 0.1865 0.1915 0.1915
0.1285 0.136 0.136 0.186 0.186 0.186 0.2155 0.2155 0.22 0.22 0.2095 0.2095 0.186 0.186 0.186 0.178 0.178 0.1835 0.1835 0.1715 0.1715 0.1715 0.177 0.177 0.2055 0.2055 0.1815 0.1815 0.1815 0.187 0.187 0.1835 0.1835 0.197 0.197 0.197 0.1975 0.1975 0.1835 0.1835 0.165 0.165 0.165 0.1775 0.1775 0.1675 0.1675 0.181 0.181 0.165 0.165 0.165 0.1515 0.1515 0.1565 0.1565 0.1605 0.1605 0.1605 0.1685 0.1685 0.164 0.164 0.177 0.177 0.177 0.1725 0.1725 0.1795 0.1795 0.186 0.186 0.186 0.1865 0.1865 0.1915 0.1915
0.1215 0.128 0.128 0.1855 0.1855 0.1855 0.1985 0.1985 0.2145 0.2145 0.1975 0.1975 0.1885 0.1885 0.1885 0.203 0.203 0.1845 0.1845 0.213 0.213 0.213 0.2225 0.2225 0.2155 0.2155 0.201 0.201 0.201 0.195 0.195 0.192 0.192 0.1825 0.1825 0.1825 0.183 0.183 0.178 0.178 0.1785 0.1785 0.1785 0.1625 0.1625 0.165 0.165 0.1655 0.1655 0.164 0.164 0.164 0.167 0.167 0.151 0.151 0.1605 0.1605 0.1605 0.164 0.164 0.187 0.187 0.1975 0.1975 0.1975 0.181 0.181 0.1765 0.1765 0.1895 0.1895 0.1895 0.195 0.195 0.1925 0.1925
0.1215 0.128 0.128 0.1855 0.1855 0.1855 0.1985 0.1985 0.2145 0.2145 0.1975 0.1975 0.1885 0.1885 0.1885 0.203 0.203 0.1845 0.1845 0.213 0.213 0.213 0.2225 0.2225 0.2155 0.2155 0.201 0.201 0.201 0.195 0.195 0.192 0.192 0.1825 0.1825 0.1825 0.183 0.183 0.178 0.178 0.1785 0.1785 0.1785 0.1625 0.1625 0.165 0.165 0.1655 0.1655 0.164 0.164 0.164 0.167 0.167 0.151 0.151 0.1605 0.1605 0.1605 0.164 0.164 0.187 0.187 0.1975 0.1975 0.1975 0.181 0.181 0.1765 0.1765 0.1895 0.1895 0.1895 0.195 0.195 0.1925 0.1925
0.115 0.1345 0.1345 0.1545 0.1545 0.1545 0.1765 0.1765 0.186 0.186 0.1765 0.1765 0.192 0.192 0.192 0.179 0.179 0.204 0.204 0.225 0.225 0.225 0.2225 0.2225 0.2375 0.2375 0.2095 0.2095 0.2095 0.1985 0.1985 0.191 0.191 0.1825 0.1825 0.1825 0.1845 0.1845 0.1855 0.1855 0.177 0.177 0.177 0.1735 0.1735 0.1815 0.1815 0.1955 0.1955 0.1685 0.1685 0.1685 0.155 0.155 0.14 0.14 0.1645 0.1645 0.1645 0.1645 0.1645 0.1905 0.1905 0.1865 0.1865 0.1865 0.19 0.19 0.1835 0.1835 0.195 0.195 0.195 0.1875 0.1875 0.1895 0.1895
0.115 0.1345 0.1345 0.1545 0.1545 0.1545 0.1765 0.1765 0.186 0.186 0.1765 0.1765 0.192 0.192 0.192 0.179 0.179 0.204 0.204 0.225 0.225 0.225 0.2225 0.2225 0.2375 0.2375 0.2095 0.2095 0.2095 0.1985 0.1985 0.191 0.191 0.1825 0.1825 0.1825 0.1845 0.1845 0.1855 0.1855 0.177 0.177 0.177 0.1735 0.1735 0.1815 0.1815 0.1955 0.1955 0.1685 0.1685 0.1685 0.155 0.155 0.14 0.14 0.1645 0.1645 0.1645 0.1645 0.1645 0.1905 0.1905 0.1865 0.1865 0.1865 0.19 0.19 0.1835 0.1835 0.195 0.195 0.195 0.1875 0.1875 0.1895 0.1895
0.115 0.1345 0.1345 0.1545 0.1545 0.1545 0.1765 0.1765 0.186 0.186 0.1765 0.1765 0.192 0.192 0.192 0.179 0.179 0.204 0.204 0.225 0.225 0.225 0.2225 0.2225 0.2375 0.2375 0.2095 0.2095 0.2095 0.1985 0.1985 0.191 0.191 0.1825 0.1825 0.1825 0.1845 0.1845 0.1855 0.1855 0.177 0.177 0.177 0.1735 0.1735 0.1815 0.1815 0.1955 0.1955 0.1685 0.1685 0.1685 0.155 0.155 0.14 0.14 0.1645 0.1645 0.1645 0.1645 0.1645 0.1905 0.1905 0.1865 0.1865 0.1865 0.19 0.19 0.1835 0.1835 0.195 0.195 0.195 0.1875 0.1875 0.1895 0.1895
0.135 0.1475 0.1475 0.1425 0.1425 0.1425 0.178 0.178 0.1935 0.1935 0.1865 0.1865 0.1785 0.1785 0.1785 0.188 0.188 0.2235 0.2235 0.229 0.229 0.229 0.229 0.229 0.2225 0.2225 0.199 0.199 0.199 0.207 0.207 0.1985 0.1985 0.1855 0.1855 0.1855 0.195 0.195 0.1875 0.1875 0.191 0.191 0.191 0.185 0.185 0.179 0.179 0.1785 0.1785 0.1665 0.1665 0.1665 0.16 0.16 0.1335 0.1335 0.1465 0.1465 0.1465 0.1575 0.1575 0.179 0.179 0.181 0.181 0.181 0.1975 0.1975 0.1835 0.1835 0.179 0.179 0.179 0.166 0.166 0.1695 0.1695
0.135 0.1475 0.1475 0.1425 0.1425 0.1425 0.178 0.178 0.1935 0.1935 0.1865 0.1865 0.1785 0.1785 0.1785 0.188 0.188 0.2235 0.2235 0.229 0.229 0.229 0.229 0.229 0.2225 0.2225 0.199 0.199 0.199 0.207 0.207 0.1985 0.1985 0.1855 0.1855 0.1855 0.195 0.195 0.1875 0.1875 0.191 0.191 0.191 0.185 0.185 0.179 0.179 0.1785 0.1785 0.1665 0.1665 0.1665 0.16 0.16 0.1335 0.1335 0.1465 0.1465 0.1465 0.1575 0.1575 0.179 0.179 0.181 0.181 0.181 0.1975 0.1975 0.1835 0.1835 0.179 0.179 0.179 0.166 0.166 0.1695 0.1695
0.1485 0.159 0.159 0.136 0.136 0.136 0.145 0.145 0.1655 0.1655 0.1805 0.1805 0.1945 0.1945 0.1945 0.227 0.227 0.234 0.234 0.238 0.238 0.238 0.2275 0.2275 0.221 0.221 0.196 0.196 0.196 0.198 0.198 0.2025 0.2025 0.206 0.206 0.206 0.21 0.21 0.2195 0.2195 0.235 0.235 0.235 0.2145 0.2145 0.1965 0.1965 0.1895 0.1895 0.183 0.183 0.183 0.1785 0.1785 0.163 0.163 0.155 0.155 0.155 0.1505 0.1505 0.165 0.165 0.19 0.19 0.19 0.181 0.181 0.1695 0.1695 0.1685 0.1685 0.1685 0.1565 0.1565 0.163 0.163
0.1485 0.159 0.159 0.136 0.136 0.136 0.145 0.145 0.1655 0.1655 0.1805 0.1805 0.1945 0.1945 0.1945 0.227 0.227 0.234 0.234 0.238 0.238 0.238 0.2275 0.2275 0.221 0.221 0.196 0.196 0.196 0.198 0.198 0.2025 0.2025 0.206 0.206 0.206 0.21 0.21 0.2195 0.2195 0.235 0.235 0.235 0.2145 0.2145 0.1965 0.1965 0.1895 0.1895 0.183 0.183 0.183 0.1785 0.1785 0.163 0.163 0.155 0.155 0.155 0.1505 0.1505 0.165 0.165 0.19 0.19 0.19 0.181 0.181 0.1695 0.1695 0.1685 0.1685 0.1685 0.1565 0.1565 0.163 0.163
0.1635 0.1565 0.1565 0.142 0.142 0.142 0.1425 0.1425 0.161 0.161 0.197 0.197 0.212 0.212 0.212 0.2265 0.2265 0.241 0.241 0.2375 0.2375 0.2375 0.235 0.235 0.228 0.228 0.202 0.202 0.202 0.2075 0.2075 0.2405 0.2405 0.227 0.227 0.227 0.248 0.248 0.243 0.243 0.2225 0.2225 0.2225 0.219 0.219 0.223 0.223 0.2265 0.2265 0.2225 0.2225 0.2225 0.2335 0.2335 0.2455 0.2455 0.205 0.205 0.205 0.179 0.179 0.1895 0.1895 0.219 0.219 0.219 0.201 0.201 0.1905 0.1905 0.188 0.188 0.188 0.186 0.186 0.1785 0.1785
0.1635 0.1565 0.1565 0.142 0.142 0.142 0.1425 0.1425 0.161 0.161 0.197 0.197 0.212 0.212 0.212 0.2265 0.2265 0.241 0.241 0.2375 0.2375 0.2375 0.235 0.235 0.228 0.228 0.202 0.202 0.202 0.2075 0.2075 0.2405 0.2405 0.227 0.227 0.227 0.248 0.248 0.243 0.243 0.2225 0.2225 0.2225 0.219 0.219 0.223 0.223 0.2265 0.2265 0.2225 0.2225 0.2225 0.2335 0.2335 0.2455 0.2455 0.205 0.205 0.205 0.179 0.179 0.1895 0.1895 0.219 0.219 0.219 0.201 0.201 0.1905 0.1905 0.188 0.188 0.188 0.186 0.186 0.1785 0.1785
0.1635 0.1565 0.1565 0.142 0.142 0.142 0.1425 0.1425 0.161 0.161 0.197 0.197 0.212 0.212 0.212 0.2265 0.2265 0.241 0.241 0.2375 0.2375 0.2375 0.235 0.235 0.228 0.228 0.202 0.202 0.202 0.2075 0.2075 0.2405 0.2405 0.227 0.227 0.227 0.248 0.248 0.243 0.243 0.2225 0.2225 0.2225 0.219 0.219 0.223 0.223 0.2265 0.2265 0.2225 0.2225 0.2225 0.2335 0.2335 0.2455 0.2455 0.205 0.205 0.205 0.179 0.179 0.1895 0.1895 0.219 0.219 0.219 0.201 0.201 0.1905 0.1905 0.188 0.188 0.188 0.186 0.186 0.1785 0.1785
0.1525 0.1485 0.1485 0.1515 0.1515 0.1515 0.1725 0.1725 0.172 0.172 0.1985 0.1985 0.2215 0.2215 0.2215 0.244 0.244 0.2385 0.2385 0.2375 0.2375 0.2375 0.2585 0.2585 0.243 0.243 0.2495 0.2495 0.2495 0.267 0.267 0.267 0.267 0.2525 0.2525 0.2525 0.2575 0.2575 0.2545 0.2545 0.249 0.249 0.249 0.2295 0.2295 0.2265 0.2265 0.2255 0.2255 0.241 0.241 0.241 0.228 0.228 0.234 0.234 0.235 0.235 0.235 0.2435 0.2435 0.2555 0.2555 0.229 0.229 0.229 0.2425 0.2425 0.23 0.23 0.229 0.229 0.229 0.24 0.24 0.212 0.212
