ndvi/NOAA-171.asc
ncols         252
nrows         154
xllcorner     -18.017974
yllcorner     13.481982
cellsize      0.035948
NODATA_value  -9999
[rows 102 to 135 of 154, columns 0 to 76 of 252]
-1 -1 -1 -1 -1 -1 -1 -1 -1 -1 -1 -1 -1 -1 -1 -1 -1 -1 -1 -1 -1 -1 -1 -1 -1 0.0466 0.0466 0.0466 0.1725 0.1725 0.2945 0.2945 0.2645 0.2645 0.2645 0.2485 0.2485 0.243 0.243 0.2555 0.2555 0.2555 0.2515 0.2515 0.256 0.256 0.24 0.24 0.24 0.246 0.246 0.2515 0.2515 0.2495 0.2495 0.252 0.252 0.252 0.25 0.25 0.264 0.264 0.264 0.264 0.264 0.262 0.262 0.264 0.264 0.2465 0.2465 0.2465 0.229 0.229 0.232 0.232 0.2235
-1 -1 -1 -1 -1 -1 -1 -1 -1 -1 -1 -1 -1 -1 -1 -1 -1 -1 -1 -1 -1 -1 -1 0.035 0.035 0.216 0.216 0.216 0.31 0.31 0.266 0.266 0.251 0.251 0.251 0.2675 0.2675 0.2685 0.2685 0.285 0.285 0.285 0.2705 0.2705 0.257 0.257 0.2505 0.2505 0.2505 0.254 0.254 0.241 0.241 0.255 0.255 0.2565 0.2565 0.2565 0.2645 0.2645 0.2605 0.2605 0.2605 0.2605 0.2605 0.252 0.252 0.256 0.256 0.2545 0.2545 0.2545 0.243 0.243 0.2415 0.2415 0.2405
-1 -1 -1 -1 -1 -1 -1 -1 -1 -1 -1 -1 -1 -1 -1 -1 -1 -1 -1 -1 -1 -1 -1 0.035 0.035 0.216 0.216 0.216 0.31 0.31 0.266 0.266 0.251 0.251 0.251 0.2675 0.2675 0.2685 0.2685 0.285 0.285 0.285 0.2705 0.2705 0.257 0.257 0.2505 0.2505 0.2505 0.254 0.254 0.241 0.241 0.255 0.255 0.2565 0.2565 0.2565 0.2645 0.2645 0.2605 0.2605 0.2605 0.2605 0.2605 0.252 0.252 0.256 0.256 0.2545 0.2545 0.2545 0.243 0.243 0.2415 0.2415 0.2405
-1 -1 -1 -1 -1 -1 -1 -1 -1 -1 -1 -1 -1 -1 -1 -1 -1 -1 -1 -1 -1 -1 -1 0.035 0.035 0.216 0.216 0.216 0.31 0.31 0.266 0.266 0.251 0.251 0.251 0.2675 0.2675 0.2685 0.2685 0.285 0.285 0.285 0.2705 0.2705 0.257 0.257 0.2505 0.2505 0.2505 0.254 0.254 0.241 0.241 0.255 0.255 0.2565 0.2565 0.2565 0.2645 0.2645 0.2605 0.2605 0.2605 0.2605 0.2605 0.252 0.252 0.256 0.256 0.2545 0.2545 0.2545 0.243 0.243 0.2415 0.2415 0.2405
-1 -1 -1 -1 -1 -1 -1 -1 -1 -1 -1 -1 -1 -1 -1 -1 -1 -1 -1 -1 -1 0.0191 0.0191 0.181 0.181 0.3025 0.3025 0.3025 0.2755 0.2755 0.2715 0.2715 0.259 0.259 0.259 0.276 0.276 0.2725 0.2725 0.2765 0.2765 0.2765 0.271 0.271 0.2565 0.2565 0.248 0.248 0.248 0.2405 0.2405 0.249 0.249 0.246 0.246 0.2525 0.2525 0.2525 0.252 0.252 0.255 0.255 0.255 0.255 0.255 0.2545 0.2545 0.255 0.255 0.2535 0.2535 0.2535 0.254 0.254 0.245 0.245 0.2375
-1 -1 -1 -1 -1 -1 -1 -1 -1 -1 -1 -1 -1 -1 -1 -1 -1 -1 -1 -1 -1 0.0191 0.0191 0.181 0.181 0.3025 0.3025 0.3025 0.2755 0.2755 0.2715 0.2715 0.259 0.259 0.259 0.276 0.276 0.2725 0.2725 0.2765 0.2765 0.2765 0.271 0.271 0.2565 0.2565 0.248 0.248 0.248 0.2405 0.2405 0.249 0.249 0.246 0.246 0.2525 0.2525 0.2525 0.252 0.252 0.255 0.255 0.255 0.255 0.255 0.2545 0.2545 0.255 0.255 0.2535 0.2535 0.2535 0.254 0.254 0.245 0.245 0.2375
-1 -1 -1 -1 -1 -1 -1 -1 -1 -1 -1 -1 -1 -1 -1 -1 -1 -1 -1 -1 -1 0.165 0.165 0.3245 0.3245 0.313 0.313 0.313 0.2935 0.2935 0.283 0.283 0.2745 0.2745 0.2745 0.2765 0.2765 0.2715 0.2715 0.2765 0.2765 0.2765 0.282 0.282 0.2815 0.2815 0.271 0.271 0.271 0.2535 0.2535 0.253 0.253 0.241 0.241 0.2435 0.2435 0.2435 0.2415 0.2415 0.2635 0.2635 0.2635 0.2635 0.2635 0.252 0.252 0.2645 0.2645 0.2655 0.2655 0.2655 0.254 0.254 0.261 0.261 0.252
-1 -1 -1 -1 -1 -1 -1 -1 -1 -1 -1 -1 -1 -1 -1 -1 -1 -1 -1 -1 -1 0.165 0.165 0.3245 0.3245 0.313 0.313 0.313 0.2935 0.2935 0.283 0.283 0.2745 0.2745 0.2745 0.2765 0.2765 0.2715 0.2715 0.2765 0.2765 0.2765 0.282 0.282 0.2815 0.2815 0.271 0.271 0.271 0.2535 0.2535 0.253 0.253 0.241 0.241 0.2435 0.2435 0.2435 0.2415 0.2415 0.2635 0.2635 0.2635 0.2635 0.2635 0.252 0.252 0.2645 0.2645 0.2655 0.2655 0.2655 0.254 0.254 0.261 0.261 0.252
-1 -1 -1 -1 -1 -1 -1 -1 -1 -1 -1 -1 -1 -1 -1 -1 -1 -1 0.2705 0.2705 0.2705 0.3005 0.3005 0.2975 0.2975 0.293 0.293 0.293 0.303 0.303 0.2925 0.2925 0.2795 0.2795 0.2795 0.281 0.281 0.2875 0.2875 0.276 0.276 0.276 0.274 0.274 0.27 0.27 0.2635 0.2635 0.2635 0.274 0.274 0.267 0.267 0.251 0.251 0.2445 0.2445 0.2445 0.253 0.253 0.252 0.252 0.252 0.252 0.252 0.249 0.249 0.248 0.248 0.2585 0.2585 0.2585 0.258 0.258 0.2545 0.2545 0.2685
-1 -1 -1 -1 -1 -1 -1 -1 -1 -1 -1 -1 -1 -1 -1 -1 -1 -1 0.2705 0.2705 0.2705 0.3005 0.3005 0.2975 0.2975 0.293 0.293 0.293 0.303 0.303 0.2925 0.2925 0.2795 0.2795 0.2795 0.281 0.281 0.2875 0.2875 0.276 0.276 0.276 0.274 0.274 0.27 0.27 0.2635 0.2635 0.2635 0.274 0.274 0.267 0.267 0.251 0.251 0.2445 0.2445 0.2445 0.253 0.253 0.252 0.252 0.252 0.252 0.252 0.249 0.249 0.248 0.248 0.2585 0.2585 0.2585 0.258 0.258 0.2545 0.2545 0.2685
-1 -1 -1 -1 -1 -1 -1 -1 -1 -1 -1 -1 -1 -1 -1 -1 -1 -1 0.2705 0.2705 0.2705 0.3005 0.3005 0.2975 0.2975 0.293 0.293 0.293 0.303 0.303 0.2925 0.2925 0.2795 0.2795 0.2795 0.281 0.281 0.2875 0.2875 0.276 0.276 0.276 0.274 0.274 0.27 0.27 0.2635 0.2635 0.2635 0.274 0.274 0.267 0.267 0.251 0.251 0.2445 0.2445 0.2445 0.253 0.253 0.252 0.252 0.252 0.252 0.252 0.249 0.249 0.248 0.248 0.2585 0.2585 0.2585 0.258 0.258 0.2545 0.2545 0.2685
-1 -1 -1 -1 -1 -1 -1 -1 -1 -1 -1 -1 -1 -1 -1 -1 0.2786 0.2786 0.3505 0.3505 0.3505 0.325 0.325 0.288 0.288 0.3215 0.3215 0.3215 0.353 0.353 0.304 0.304 0.299 0.299 0.299 0.286 0.286 0.2775 0.2775 0.277 0.277 0.277 0.267 0.267 0.266 0.266 0.2645 0.2645 0.2645 0.2645 0.2645 0.2515 0.2515 0.257 0.257 0.264 0.264 0.264 0.263 0.263 0.262 0.262 0.262 0.262 0.262 0.256 0.256 0.2405 0.2405 0.248 0.248 0.248 0.253 0.253 0.256 0.256 0.2615
-1 -1 -1 -1 -1 -1 -1 -1 -1 -1 -1 -1 -1 -1 -1 -1 0.2786 0.2786 0.3505 0.3505 0.3505 0.325 0.325 0.288 0.288 0.3215 0.3215 0.3215 0.353 0.353 0.304 0.304 0.299 0.299 0.299 0.286 0.286 0.2775 0.2775 0.277 0.277 0.277 0.267 0.267 0.266 0.266 0.2645 0.2645 0.2645 0.2645 0.2645 0.2515 0.2515 0.257 0.257 0.264 0.264 0.264 0.263 0.263 0.262 0.262 0.262 0.262 0.262 0.256 0.256 0.2405 0.2405 0.248 0.248 0.248 0.253 0.253 0.256 0.256 0.2615
-1 -1 -1 -1 -1 -1 -1 -1 -1 -1 -1 -1 0.2645 0.2645 0.2215 0.2215 0.1955 0.1955 0.3375 0.3375 0.3375 0.3385 0.3385 0.3035 0.3035 0.336 0.336 0.336 0.326 0.326 0.3145 0.3145 0.3025 0.3025 0.3025 0.301 0.301 0.3015 0.3015 0.295 0.295 0.295 0.28 0.28 0.2775 0.2775 0.264 0.264 0.264 0.264 0.264 0.252 0.252 0.2595 0.2595 0.26 0.26 0.26 0.2585 0.2585 0.266 0.266 0.266 0.266 0.266 0.262 0.262 0.253 0.253 0.2435 0.2435 0.2435 0.2445 0.2445 0.2455 0.2455 0.2645
-1 -1 -1 -1 -1 -1 -1 -1 -1 -1 -1 -1 0.2645 0.2645 0.2215 0.2215 0.1955 0.1955 0.3375 0.3375 0.3375 0.3385 0.3385 0.3035 0.3035 0.336 0.336 0.336 0.326 0.326 0.3145 0.3145 0.3025 0.3025 0.3025 0.301 0.301 0.3015 0.3015 0.295 0.295 0.295 0.28 0.28 0.2775 0.2775 0.264 0.264 0.264 0.264 0.264 0.252 0.252 0.2595 0.2595 0.26 0.26 0.26 0.2585 0.2585 0.266 0.266 0.266 0.266 0.266 0.262 0.262 0.253 0.253 0.2435 0.2435 0.2435 0.2445 0.2445 0.2455 0.2455 0.2645
-1 -1 -1 -1 -1 -1 -1 -1 -1 0.1726 0.1726 0.1726 0.1281 0.1281 0.1781 0.1781 0.1481 0.1481 0.1005 0.1005 0.1005 0.295 0.295 0.3505 0.3505 0.3135 0.3135 0.3135 0.337 0.337 0.3315 0.3315 0.304 0.304 0.304 0.2905 0.2905 0.294 0.294 0.291 0.291 0.291 0.2805 0.2805 0.2745 0.2745 0.2635 0.2635 0.2635 0.262 0.262 0.256 0.256 0.2495 0.2495 0.2465 0.2465 0.2465 0.2505 0.2505 0.26 0.26 0.26 0.26 0.26 0.258 0.258 0.255 0.255 0.26 0.26 0.26 0.2575 0.2575 0.254 0.254 0.26
-1 -1 -1 -1 -1 -1 -1 -1 -1 0.1726 0.1726 0.1726 0.1281 0.1281 0.1781 0.1781 0.1481 0.1481 0.1005 0.1005 0.1005 0.295 0.295 0.3505 0.3505 0.3135 0.3135 0.3135 0.337 0.337 0.3315 0.3315 0.304 0.304 0.304 0.2905 0.2905 0.294 0.294 0.291 0.291 0.291 0.2805 0.2805 0.2745 0.2745 0.2635 0.2635 0.2635 0.262 0.262 0.256 0.256 0.2495 0.2495 0.2465 0.2465 0.2465 0.2505 0.2505 0.26 0.26 0.26 0.26 0.26 0.258 0.258 0.255 0.255 0.26 0.26 0.26 0.2575 0.2575 0.254 0.254 0.26
-1 -1 -1 -1 -1 -1 -1 -1 -1 0.1726 0.1726 0.1726 0.1281 0.1281 0.1781 0.1781 0.1481 0.1481 0.1005 0.1005 0.1005 0.295 0.295 0.3505 0.3505 0.3135 0.3135 0.3135 0.337 0.337 0.3315 0.3315 0.304 0.304 0.304 0.2905 0.2905 0.294 0.294 0.291 0.291 0.291 0.2805 0.2805 0.2745 0.2745 0.2635 0.2635 0.2635 0.262 0.262 0.256 0.256 0.2495 0.2495 0.2465 0.2465 0.2465 0.2505 0.2505 0.26 0.26 0.26 0.26 0.26 0.258 0.258 0.255 0.255 0.26 0.26 0.26 0.2575 0.2575 0.254 0.254 0.26
-1 -1 -1 -1 -1 -1 -1 -1 -1 -1 -1 -1 0.1361 0.1361 0.1622 0.1622 0.1807 0.1807 0.1376 0.1376 0.1376 0.2615 0.2615 0.2755 0.2755 0.3145 0.3145 0.3145 0.3125 0.3125 0.315 0.315 0.293 0.293 0.293 0.2845 0.2845 0.2825 0.2825 0.277 0.277 0.277 0.282 0.282 0.2755 0.2755 0.2845 0.2845 0.2845 0.262 0.262 0.2525 0.2525 0.2495 0.2495 0.2545 0.2545 0.2545 0.2505 0.2505 0.2525 0.2525 0.2525 0.2525 0.2525 0.251 0.251 0.2275 0.2275 0.264 0.264 0.264 0.266 0.266 0.2485 0.2485 0.2555
-1 -1 -1 -1 -1 -1 -1 -1 -1 -1 -1 -1 0.1361 0.1361 0.1622 0.1622 0.1807 0.1807 0.1376 0.1376 0.1376 0.2615 0.2615 0.2755 0.2755 0.3145 0.3145 0.3145 0.3125 0.3125 0.315 0.315 0.293 0.293 0.293 0.2845 0.2845 0.2825 0.2825 0.277 0.277 0.277 0.282 0.282 0.2755 0.2755 0.2845 0.2845 0.2845 0.262 0.262 0.2525 0.2525 0.2495 0.2495 0.2545 0.2545 0.2545 0.2505 0.2505 0.2525 0.2525 0.2525 0.2525 0.2525 0.251 0.251 0.2275 0.2275 0.264 0.264 0.264 0.266 0.266 0.2485 0.2485 0.2555
-1 -1 -1 -1 -1 -1 -1 -1 -1 -1 -1 -1 -1 -1 -1 -1 -1 -1 0.1682 0.1682 0.1682 0.1255 0.1255 0.279 0.279 0.3065 0.3065 0.3065 0.3175 0.3175 0.3135 0.3135 0.2895 0.2895 0.2895 0.276 0.276 0.2705 0.2705 0.2675 0.2675 0.2675 0.2715 0.2715 0.2675 0.2675 0.28 0.28 0.28 0.2775 0.2775 0.273 0.273 0.2625 0.2625 0.254 0.254 0.254 0.2595 0.2595 0.266 0.266 0.266 0.266 0.266 0.2465 0.2465 0.2325 0.2325 0.262 0.262 0.262 0.2765 0.2765 0.2655 0.2655 0.257
-1 -1 -1 -1 -1 -1 -1 -1 -1 -1 -1 -1 -1 -1 -1 -1 -1 -1 0.1682 0.1682 0.1682 0.1255 0.1255 0.279 0.279 0.3065 0.3065 0.3065 0.3175 0.3175 0.3135 0.3135 0.2895 0.2895 0.2895 0.276 0.276 0.2705 0.2705 0.2675 0.2675 0.2675 0.2715 0.2715 0.2675 0.2675 0.28 0.28 0.28 0.2775 0.2775 0.273 0.273 0.2625 0.2625 0.254 0.254 0.254 0.2595 0.2595 0.266 0.266 0.266 0.266 0.266 0.2465 0.2465 0.2325 0.2325 0.262 0.262 0.262 0.2765 0.2765 0.2655 0.2655 0.257
-1 -1 -1 -1 -1 -1 -1 -1 -1 -1 -1 -1 -1 -1 -1 -1 -1 -1 -1 -1 -1 0.2042 0.2042 0.149 0.149 0.2925 0.2925 0.2925 0.3165 0.3165 0.304 0.304 0.2955 0.2955 0.2955 0.2815 0.2815 0.277 0.277 0.272 0.272 0.272 0.2715 0.2715 0.269 0.269 0.2775 0.2775 0.2775 0.2735 0.2735 0.2685 0.2685 0.2715 0.2715 0.282 0.282 0.282 0.2735 0.2735 0.27 0.27 0.27 0.27 0.27 0.2485 0.2485 0.261 0.261 0.266 0.266 0.266 0.2375 0.2375 0.262 0.262 0.27
-1 -1 -1 -1 -1 -1 -1 -1 -1 -1 -1 -1 -1 -1 -1 -1 -1 -1 -1 -1 -1 0.2042 0.2042 0.149 0.149 0.2925 0.2925 0.2925 0.3165 0.3165 0.304 0.304 0.2955 0.2955 0.2955 0.2815 0.2815 0.277 0.277 0.272 0.272 0.272 0.2715 0.2715 0.269 0.269 0.2775 0.2775 0.2775 0.2735 0.2735 0.2685 0.2685 0.2715 0.2715 0.282 0.282 0.282 0.2735 0.2735 0.27 0.27 0.27 0.27 0.27 0.2485 0.2485 0.261 0.261 0.266 0.266 0.266 0.2375 0.2375 0.262 0.262 0.27
-1 -1 -1 -1 -1 -1 -1 -1 -1 -1 -1 -1 -1 -1 -1 -1 -1 -1 -1 -1 -1 0.1512 0.1512 0.187 0.187 0.22 0.22 0.22 0.3 0.3 0.32 0.32 0.3015 0.3015 0.3015 0.29 0.29 0.26 0.26 0.2315 0.2315 0.2315 0.2325 0.2325 0.2545 0.2545 0.269 0.269 0.269 0.2655 0.2655 0.268 0.268 0.2785 0.2785 0.288 0.288 0.288 0.287 0.287 0.266 0.266 0.266 0.266 0.266 0.2575 0.2575 0.26 0.26 0.2625 0.2625 0.2625 0.257 0.257 0.2695 0.2695 0.2645
-1 -1 -1 -1 -1 -1 -1 -1 -1 -1 -1 -1 -1 -1 -1 -1 -1 -1 -1 -1 -1 0.1512 0.1512 0.187 0.187 0.22 0.22 0.22 0.3 0.3 0.32 0.32 0.3015 0.3015 0.3015 0.29 0.29 0.26 0.26 0.2315 0.2315 0.2315 0.2325 0.2325 0.2545 0.2545 0.269 0.269 0.269 0.2655 0.2655 0.268 0.268 0.2785 0.2785 0.288 0.288 0.288 0.287 0.287 0.266 0.266 0.266 0.266 0.266 0.2575 0.2575 0.26 0.26 0.2625 0.2625 0.2625 0.257 0.257 0.2695 0.2695 0.2645
-1 -1 -1 -1 -1 -1 -1 -1 -1 -1 -1 -1 -1 -1 -1 -1 -1 -1 -1 -1 -1 0.1512 0.1512 0.187 0.187 0.22 0.22 0.22 0.3 0.3 0.32 0.32 0.3015 0.3015 0.3015 0.29 0.29 0.26 0.26 0.2315 0.2315 0.2315 0.2325 0.2325 0.2545 0.2545 0.269 0.269 0.269 0.2655 0.2655 0.268 0.268 0.2785 0.2785 0.288 0.288 0.288 0.287 0.287 0.266 0.266 0.266 0.266 0.266 0.2575 0.2575 0.26 0.26 0.2625 0.2625 0.2625 0.257 0.257 0.2695 0.2695 0.2645
-1 -1 -1 -1 -1 -1 -1 -1 -1 -1 -1 -1 -1 -1 -1 -1 -1 -1 -1 -1 -1 -1 -1 0.1757 0.1757 0.023 0.023 0.023 0.2985 0.2985 0.315 0.315 0.314 0.314 0.314 0.26 0.26 0.193 0.193 0.158 0.158 0.158 0.215 0.215 0.244 0.244 0.2505 0.2505 0.2505 0.276 0.276 0.2815 0.2815 0.281 0.281 0.288 0.288 0.288 0.2765 0.2765 0.2695 0.2695 0.2695 0.2695 0.2695 0.265 0.265 0.274 0.274 0.2765 0.2765 0.2765 0.2725 0.2725 0.2655 0.2655 0.268
-1 -1 -1 -1 -1 -1 -1 -1 -1 -1 -1 -1 -1 -1 -1 -1 -1 -1 -1 -1 -1 -1 -1 0.1757 0.1757 0.023 0.023 0.023 0.2985 0.2985 0.315 0.315 0.314 0.314 0.314 0.26 0.26 0.193 0.193 0.158 0.158 0.158 0.215 0.215 0.244 0.244 0.2505 0.2505 0.2505 0.276 0.276 0.2815 0.2815 0.281 0.281 0.288 0.288 0.288 0.2765 0.2765 0.2695 0.2695 0.2695 0.2695 0.2695 0.265 0.265 0.274 0.274 0.2765 0.2765 0.2765 0.2725 0.2725 0.2655 0.2655 0.268
-1 -1 -1 -1 -1 -1 -1 -1 -1 -1 -1 -1 -1 -1 -1 -1 -1 -1 -1 -1 -1 -1 -1 -1 -1 0.1317 0.1317 0.1317 0.177 0.177 0.294 0.294 0.302 0.302 0.302 0.202 0.202 0.1745 0.1745 0.196 0.196 0.196 0.2555 0.2555 0.221 0.221 0.2725 0.2725 0.2725 0.251 0.251 0.2705 0.2705 0.2715 0.2715 0.269 0.269 0.269 0.275 0.275 0.274 0.274 0.274 0.274 0.274 0.2545 0.2545 0.2765 0.2765 0.2725 0.2725 0.2725 0.274 0.274 0.271 0.271 0.2905
-1 -1 -1 -1 -1 -1 -1 -1 -1 -1 -1 -1 -1 -1 -1 -1 -1 -1 -1 -1 -1 -1 -1 -1 -1 0.1317 0.1317 0.1317 0.177 0.177 0.294 0.294 0.302 0.302 0.302 0.202 0.202 0.1745 0.1745 0.196 0.196 0.196 0.2555 0.2555 0.221 0.221 0.2725 0.2725 0.2725 0.251 0.251 0.2705 0.2705 0.2715 0.2715 0.269 0.269 0.269 0.275 0.275 0.274 0.274 0.274 0.274 0.274 0.2545 0.2545 0.2765 0.2765 0.2725 0.2725 0.2725 0.274 0.274 0.271 0.271 0.2905
-1 -1 -1 -1 -1 -1 -1 -1 -1 -1 -1 -1 -1 -1 -1 -1 -1 -1 -1 -1 -1 -1 -1 -1 -1 0.1037 0.1037 0.1037 0.162 0.162 0.225 0.225 0.229 0.229 0.229 0.273 0.273 0.2315 0.2315 0.2685 0.2685 0.2685 0.317 0.317 0.3135 0.3135 0.2845 0.2845 0.2845 0.233 0.233 0.263 0.263 0.266 0.266 0.2665 0.2665 0.2665 0.2685 0.2685 0.273 0.273 0.273 0.273 0.273 0.2645 0.2645 0.2655 0.2655 0.2525 0.2525 0.2525 0.255 0.255 0.2685 0.2685 0.261
-1 -1 -1 -1 -1 -1 -1 -1 -1 -1 -1 -1 -1 -1 -1 -1 -1 -1 -1 -1 -1 -1 -1 -1 -1 0.1037 0.1037 0.1037 0.162 0.162 0.225 0.225 0.229 0.229 0.229 0.273 0.273 0.2315 0.2315 0.2685 0.2685 0.2685 0.317 0.317 0.3135 0.3135 0.2845 0.2845 0.2845 0.233 0.233 0.263 0.263 0.266 0.266 0.2665 0.2665 0.2665 0.2685 0.2685 0.273 0.273 0.273 0.273 0.273 0.2645 0.2645 0.2655 0.2655 0.2525 0.2525 0.2525 0.255 0.255 0.2685 0.2685 0.261
-1 -1 -1 -1 -1 -1 -1 -1 -1 -1 -1 -1 -1 -1 -1 -1 -1 -1 -1 -1 -1 -1 -1 -1 -1 0.1037 0.1037 0.1037 0.162 0.162 0.225 0.225 0.229 0.229 0.229 0.273 0.273 0.2315 0.2315 0.2685 0.2685 0.2685 0.317 0.317 0.3135 0.3135 0.2845 0.2845 0.2845 0.233 0.233 0.263 0.263 0.266 0.266 0.2665 0.2665 0.2665 0.2685 0.2685 0.273 0.273 0.273 0.273 0.273 0.2645 0.2645 0.2655 0.2655 0.2525 0.2525 0.2525 0.255 0.255 0.2685 0.2685 0.261
