ndvi/NOAA-168.asc
ncols         252
nrows         154
xllcorner     -18.017974
yllcorner     13.481982
cellsize      0.035948
NODATA_value  -9999
[rows 105 to 139 of 154, columns 0 to 76 of 252]
-1 -1 -1 -1 -1 -1 -1 -1 -1 -1 -1 -1 -1 -1 -1 -1 -1 -1 -1 -1 -1 -1 -1 0.0152 0.0152 0.2166 0.2166 0.2166 0.305 0.305 0.2805 0.2805 0.264 0.264 0.264 0.2945 0.2945 0.279 0.279 0.297 0.297 0.297 0.2815 0.2815 0.2936 0.2936 0.2515 0.2515 0.2515 0.228 0.228 0.2761 0.2761 0.239 0.239 0.259 0.259 0.259 0.262 0.262 0.25 0.25 0.25 0.25 0.25 0.2555 0.2555 0.2465 0.2465 0.2465 0.2465 0.2465 0.257 0.257 0.237 0.237 0.243
-1 -1 -1 -1 -1 -1 -1 -1 -1 -1 -1 -1 -1 -1 -1 -1 -1 -1 -1 -1 -1 0.0106 0.0106 0.1861 0.1861 0.3185 0.3185 0.3185 0.29 0.29 0.296 0.296 0.3005 0.3005 0.3005 0.2945 0.2945 0.3035 0.3035 0.3226 0.3226 0.3226 0.3045 0.3045 0.2725 0.2725 0.253 0.253 0.253 0.2465 0.2465 0.2465 0.2465 0.2495 0.2495 0.2525 0.2525 0.2525 0.261 0.261 0.249 0.249 0.249 0.249 0.249 0.2555 0.2555 0.2505 0.2505 0.2565 0.2565 0.2565 0.2655 0.2655 0.2405 0.2405 0.269
-1 -1 -1 -1 -1 -1 -1 -1 -1 -1 -1 -1 -1 -1 -1 -1 -1 -1 -1 -1 -1 0.0106 0.0106 0.1861 0.1861 0.3185 0.3185 0.3185 0.29 0.29 0.296 0.296 0.3005 0.3005 0.3005 0.2945 0.2945 0.3035 0.3035 0.3226 0.3226 0.3226 0.3045 0.3045 0.2725 0.2725 0.253 0.253 0.253 0.2465 0.2465 0.2465 0.2465 0.2495 0.2495 0.2525 0.2525 0.2525 0.261 0.261 0.249 0.249 0.249 0.249 0.249 0.2555 0.2555 0.2505 0.2505 0.2565 0.2565 0.2565 0.2655 0.2655 0.2405 0.2405 0.269
-1 -1 -1 -1 -1 -1 -1 -1 -1 -1 -1 -1 -1 -1 -1 -1 -1 -1 -1 -1 -1 0.1876 0.1876 0.312 0.312 0.3105 0.3105 0.3105 0.323 0.323 0.335 0.335 0.31 0.31 0.31 0.307 0.307 0.304 0.304 0.3055 0.3055 0.3055 0.293 0.293 0.3125 0.3125 0.275 0.275 0.275 0.2505 0.2505 0.241 0.241 0.247 0.247 0.261 0.261 0.261 0.256 0.256 0.227 0.227 0.227 0.227 0.227 0.225 0.225 0.2545 0.2545 0.245 0.245 0.245 0.2615 0.2615 0.2795 0.2795 0.2855
-1 -1 -1 -1 -1 -1 -1 -1 -1 -1 -1 -1 -1 -1 -1 -1 -1 -1 -1 -1 -1 0.1876 0.1876 0.312 0.312 0.3105 0.3105 0.3105 0.323 0.323 0.335 0.335 0.31 0.31 0.31 0.307 0.307 0.304 0.304 0.3055 0.3055 0.3055 0.293 0.293 0.3125 0.3125 0.275 0.275 0.275 0.2505 0.2505 0.241 0.241 0.247 0.247 0.261 0.261 0.261 0.256 0.256 0.227 0.227 0.227 0.227 0.227 0.225 0.225 0.2545 0.2545 0.245 0.245 0.245 0.2615 0.2615 0.2795 0.2795 0.2855
-1 -1 -1 -1 -1 -1 -1 -1 -1 -1 -1 -1 -1 -1 -1 -1 -1 -1 0.1402 0.1402 0.1402 0.3546 0.3546 0.3576 0.3576 0.337 0.337 0.337 0.3596 0.3596 0.32 0.32 0.296 0.296 0.296 0.3025 0.3025 0.301 0.301 0.2995 0.2995 0.2995 0.2995 0.2995 0.3096 0.3096 0.2645 0.2645 0.2645 0.2996 0.2996 0.2785 0.2785 0.2565 0.2565 0.248 0.248 0.248 0.2535 0.2535 0.251 0.251 0.251 0.251 0.251 0.247 0.247 0.2595 0.2595 0.2735 0.2735 0.2735 0.2865 0.2865 0.291 0.291 0.3055
-1 -1 -1 -1 -1 -1 -1 -1 -1 -1 -1 -1 -1 -1 -1 -1 -1 -1 0.1402 0.1402 0.1402 0.3546 0.3546 0.3576 0.3576 0.337 0.337 0.337 0.3596 0.3596 0.32 0.32 0.296 0.296 0.296 0.3025 0.3025 0.301 0.301 0.2995 0.2995 0.2995 0.2995 0.2995 0.3096 0.3096 0.2645 0.2645 0.2645 0.2996 0.2996 0.2785 0.2785 0.2565 0.2565 0.248 0.248 0.248 0.2535 0.2535 0.251 0.251 0.251 0.251 0.251 0.247 0.247 0.2595 0.2595 0.2735 0.2735 0.2735 0.2865 0.2865 0.291 0.291 0.3055
-1 -1 -1 -1 -1 -1 -1 -1 -1 -1 -1 -1 -1 -1 -1 -1 -1 -1 0.1402 0.1402 0.1402 0.3546 0.3546 0.3576 0.3576 0.337 0.337 0.337 0.3596 0.3596 0.32 0.32 0.296 0.296 0.296 0.3025 0.3025 0.301 0.301 0.2995 0.2995 0.2995 0.2995 0.2995 0.3096 0.3096 0.2645 0.2645 0.2645 0.2996 0.2996 0.2785 0.2785 0.2565 0.2565 0.248 0.248 0.248 0.2535 0.2535 0.251 0.251 0.251 0.251 0.251 0.247 0.247 0.2595 0.2595 0.2735 0.2735 0.2735 0.2865 0.2865 0.291 0.291 0.3055
-1 -1 -1 -1 -1 -1 -1 -1 -1 -1 -1 -1 -1 -1 -1 -1 0.2587 0.2587 0.3891 0.3891 0.3891 0.3605 0.3605 0.324 0.324 0.308 0.308 0.308 0.3435 0.3435 0.322 0.322 0.3065 0.3065 0.3065 0.309 0.309 0.306 0.306 0.305 0.305 0.305 0.293 0.293 0.2475 0.2475 0.3001 0.3001 0.3001 0.2855 0.2855 0.269 0.269 0.2941 0.2941 0.2926 0.2926 0.2926 0.2911 0.2911 0.269 0.269 0.269 0.269 0.269 0.2625 0.2625 0.2435 0.2435 0.25 0.25 0.25 0.2665 0.2665 0.2775 0.2775 0.286
-1 -1 -1 -1 -1 -1 -1 -1 -1 -1 -1 -1 -1 -1 -1 -1 0.2587 0.2587 0.3891 0.3891 0.3891 0.3605 0.3605 0.324 0.324 0.308 0.308 0.308 0.3435 0.3435 0.322 0.322 0.3065 0.3065 0.3065 0.309 0.309 0.306 0.306 0.305 0.305 0.305 0.293 0.293 0.2475 0.2475 0.3001 0.3001 0.3001 0.2855 0.2855 0.269 0.269 0.2941 0.2941 0.2926 0.2926 0.2926 0.2911 0.2911 0.269 0.269 0.269 0.269 0.269 0.2625 0.2625 0.2435 0.2435 0.25 0.25 0.25 0.2665 0.2665 0.2775 0.2775 0.286
-1 -1 -1 -1 -1 -1 -1 -1 -1 -1 -1 -1 0.1947 0.1947 0.1886 0.1886 0.2072 0.2072 0.3881 0.3881 0.3881 0.3695 0.3695 0.35 0.35 0.3465 0.3465 0.3465 0.336 0.336 0.3135 0.3135 0.325 0.325 0.325 0.331 0.331 0.3441 0.3441 0.3316 0.3316 0.3316 0.284 0.284 0.3211 0.3211 0.28 0.28 0.28 0.2991 0.2991 0.2836 0.2836 0.2906 0.2906 0.2595 0.2595 0.2595 0.2986 0.2986 0.2705 0.2705 0.2705 0.2705 0.2705 0.2665 0.2665 0.2605 0.2605 0.2555 0.2555 0.2555 0.277 0.277 0.2725 0.2725 0.312
-1 -1 -1 -1 -1 -1 -1 -1 -1 -1 -1 -1 0.1947 0.1947 0.1886 0.1886 0.2072 0.2072 0.3881 0.3881 0.3881 0.3695 0.3695 0.35 0.35 0.3465 0.3465 0.3465 0.336 0.336 0.3135 0.3135 0.325 0.325 0.325 0.331 0.331 0.3441 0.3441 0.3316 0.3316 0.3316 0.284 0.284 0.3211 0.3211 0.28 0.28 0.28 0.2991 0.2991 0.2836 0.2836 0.2906 0.2906 0.2595 0.2595 0.2595 0.2986 0.2986 0.2705 0.2705 0.2705 0.2705 0.2705 0.2665 0.2665 0.2605 0.2605 0.2555 0.2555 0.2555 0.277 0.277 0.2725 0.2725 0.312
-1 -1 -1 -1 -1 -1 -1 -1 -1 0.152 0.152 0.152 0.1491 0.1491 0.1286 0.1286 0.1331 0.1331 0.1071 0.1071 0.1071 0.2595 0.2595 0.3035 0.3035 0.3405 0.3405 0.3405 0.329 0.329 0.3225 0.3225 0.3105 0.3105 0.3105 0.3225 0.3225 0.3351 0.3351 0.316 0.316 0.316 0.318 0.318 0.296 0.296 0.3136 0.3136 0.3136 0.3021 0.3021 0.2841 0.2841 0.2786 0.2786 0.2525 0.2525 0.2525 0.268 0.268 0.2665 0.2665 0.2665 0.2665 0.2665 0.269 0.269 0.2886 0.2886 0.2815 0.2815 0.2815 0.2945 0.2945 0.302 0.302 0.2665
-1 -1 -1 -1 -1 -1 -1 -1 -1 0.152 0.152 0.152 0.1491 0.1491 0.1286 0.1286 0.1331 0.1331 0.1071 0.1071 0.1071 0.2595 0.2595 0.3035 0.3035 0.3405 0.3405 0.3405 0.329 0.329 0.3225 0.3225 0.3105 0.3105 0.3105 0.3225 0.3225 0.3351 0.3351 0.316 0.316 0.316 0.318 0.318 0.296 0.296 0.3136 0.3136 0.3136 0.3021 0.3021 0.2841 0.2841 0.2786 0.2786 0.2525 0.2525 0.2525 0.268 0.268 0.2665 0.2665 0.2665 0.2665 0.2665 0.269 0.269 0.2886 0.2886 0.2815 0.2815 0.2815 0.2945 0.2945 0.302 0.302 0.2665
-1 -1 -1 -1 -1 -1 -1 -1 -1 0.152 0.152 0.152 0.1491 0.1491 0.1286 0.1286 0.1331 0.1331 0.1071 0.1071 0.1071 0.2595 0.2595 0.3035 0.3035 0.3405 0.3405 0.3405 0.329 0.329 0.3225 0.3225 0.3105 0.3105 0.3105 0.3225 0.3225 0.3351 0.3351 0.316 0.316 0.316 0.318 0.318 0.296 0.296 0.3136 0.3136 0.3136 0.3021 0.3021 0.2841 0.2841 0.2786 0.2786 0.2525 0.2525 0.2525 0.268 0.268 0.2665 0.2665 0.2665 0.2665 0.2665 0.269 0.269 0.2886 0.2886 0.2815 0.2815 0.2815 0.2945 0.2945 0.302 0.302 0.2665
-1 -1 -1 -1 -1 -1 -1 -1 -1 -1 -1 -1 0.1011 0.1011 0.1511 0.1511 0.1642 0.1642 0.1067 0.1067 0.1067 0.272 0.272 0.298 0.298 0.3275 0.3275 0.3275 0.311 0.311 0.324 0.324 0.297 0.297 0.297 0.3 0.3 0.3341 0.3341 0.3165 0.3165 0.3165 0.3095 0.3095 0.3341 0.3341 0.2925 0.2925 0.2925 0.3011 0.3011 0.2515 0.2515 0.2535 0.2535 0.2665 0.2665 0.2665 0.258 0.258 0.276 0.276 0.276 0.276 0.276 0.277 0.277 0.2665 0.2665 0.295 0.295 0.295 0.306 0.306 0.293 0.293 0.3235
-1 -1 -1 -1 -1 -1 -1 -1 -1 -1 -1 -1 0.1011 0.1011 0.1511 0.1511 0.1642 0.1642 0.1067 0.1067 0.1067 0.272 0.272 0.298 0.298 0.3275 0.3275 0.3275 0.311 0.311 0.324 0.324 0.297 0.297 0.297 0.3 0.3 0.3341 0.3341 0.3165 0.3165 0.3165 0.3095 0.3095 0.3341 0.3341 0.2925 0.2925 0.2925 0.3011 0.3011 0.2515 0.2515 0.2535 0.2535 0.2665 0.2665 0.2665 0.258 0.258 0.276 0.276 0.276 0.276 0.276 0.277 0.277 0.2665 0.2665 0.295 0.295 0.295 0.306 0.306 0.293 0.293 0.3235
-1 -1 -1 -1 -1 -1 -1 -1 -1 -1 -1 -1 -1 -1 -1 -1 -1 -1 0.1726 0.1726 0.1726 0.148 0.148 0.3281 0.3281 0.35 0.35 0.35 0.3561 0.3561 0.318 0.318 0.287 0.287 0.287 0.3196 0.3196 0.2945 0.2945 0.313 0.313 0.313 0.2885 0.2885 0.3216 0.3216 0.2865 0.2865 0.2865 0.2725 0.2725 0.279 0.279 0.2805 0.2805 0.284 0.284 0.284 0.2865 0.2865 0.286 0.286 0.286 0.286 0.286 0.275 0.275 0.2945 0.2945 0.3 0.3 0.3 0.3105 0.3105 0.316 0.316 0.256
-1 -1 -1 -1 -1 -1 -1 -1 -1 -1 -1 -1 -1 -1 -1 -1 -1 -1 0.1726 0.1726 0.1726 0.148 0.148 0.3281 0.3281 0.35 0.35 0.35 0.3561 0.3561 0.318 0.318 0.287 0.287 0.287 0.3196 0.3196 0.2945 0.2945 0.313 0.313 0.313 0.2885 0.2885 0.3216 0.3216 0.2865 0.2865 0.2865 0.2725 0.2725 0.279 0.279 0.2805 0.2805 0.284 0.284 0.284 0.2865 0.2865 0.286 0.286 0.286 0.286 0.286 0.275 0.275 0.2945 0.2945 0.3 0.3 0.3 0.3105 0.3105 0.316 0.316 0.256
-1 -1 -1 -1 -1 -1 -1 -1 -1 -1 -1 -1 -1 -1 -1 -1 -1 -1 -1 -1 -1 0.1365 0.1365 0.169 0.169 0.3195 0.3195 0.3195 0.3611 0.3611 0.322 0.322 0.327 0.327 0.327 0.2955 0.2955 0.3211 0.3211 0.2785 0.2785 0.2785 0.3251 0.3251 0.3161 0.3161 0.2815 0.2815 0.2815 0.2725 0.2725 0.2845 0.2845 0.285 0.285 0.308 0.308 0.308 0.3075 0.3075 0.2955 0.2955 0.2955 0.2955 0.2955 0.273 0.273 0.2775 0.2775 0.3105 0.3105 0.3105 0.311 0.311 0.288 0.288 0.305
-1 -1 -1 -1 -1 -1 -1 -1 -1 -1 -1 -1 -1 -1 -1 -1 -1 -1 -1 -1 -1 0.1365 0.1365 0.169 0.169 0.3195 0.3195 0.3195 0.3611 0.3611 0.322 0.322 0.327 0.327 0.327 0.2955 0.2955 0.3211 0.3211 0.2785 0.2785 0.2785 0.3251 0.3251 0.3161 0.3161 0.2815 0.2815 0.2815 0.2725 0.2725 0.2845 0.2845 0.285 0.285 0.308 0.308 0.308 0.3075 0.3075 0.2955 0.2955 0.2955 0.2955 0.2955 0.273 0.273 0.2775 0.2775 0.3105 0.3105 0.3105 0.311 0.311 0.288 0.288 0.305
-1 -1 -1 -1 -1 -1 -1 -1 -1 -1 -1 -1 -1 -1 -1 -1 -1 -1 -1 -1 -1 0.1411 0.1411 0.1607 0.1607 0.2665 0.2665 0.2665 0.3355 0.3355 0.333 0.333 0.344 0.344 0.344 0.31 0.31 0.276 0.276 0.232 0.232 0.232 0.217 0.217 0.263 0.263 0.271 0.271 0.271 0.277 0.277 0.2775 0.2775 0.2855 0.2855 0.3225 0.3225 0.3225 0.31 0.31 0.293 0.293 0.293 0.293 0.293 0.282 0.282 0.281 0.281 0.3005 0.3005 0.3005 0.3005 0.3005 0.3085 0.3085 0.3025
-1 -1 -1 -1 -1 -1 -1 -1 -1 -1 -1 -1 -1 -1 -1 -1 -1 -1 -1 -1 -1 0.1411 0.1411 0.1607 0.1607 0.2665 0.2665 0.2665 0.3355 0.3355 0.333 0.333 0.344 0.344 0.344 0.31 0.31 0.276 0.276 0.232 0.232 0.232 0.217 0.217 0.263 0.263 0.271 0.271 0.271 0.277 0.277 0.2775 0.2775 0.2855 0.2855 0.3225 0.3225 0.3225 0.31 0.31 0.293 0.293 0.293 0.293 0.293 0.282 0.282 0.281 0.281 0.3005 0.3005 0.3005 0.3005 0.3005 0.3085 0.3085 0.3025
-1 -1 -1 -1 -1 -1 -1 -1 -1 -1 -1 -1 -1 -1 -1 -1 -1 -1 -1 -1 -1 0.1411 0.1411 0.1607 0.1607 0.2665 0.2665 0.2665 0.3355 0.3355 0.333 0.333 0.344 0.344 0.344 0.31 0.31 0.276 0.276 0.232 0.232 0.232 0.217 0.217 0.263 0.263 0.271 0.271 0.271 0.277 0.277 0.2775 0.2775 0.2855 0.2855 0.3225 0.3225 0.3225 0.31 0.31 0.293 0.293 0.293 0.293 0.293 0.282 0.282 0.281 0.281 0.3005 0.3005 0.3005 0.3005 0.3005 0.3085 0.3085 0.3025
-1 -1 -1 -1 -1 -1 -1 -1 -1 -1 -1 -1 -1 -1 -1 -1 -1 -1 -1 -1 -1 -1 -1 0.2142 0.2142 0.1105 0.1105 0.1105 0.329 0.329 0.3445 0.3445 0.325 0.325 0.325 0.304 0.304 0.2116 0.2116 0.1165 0.1165 0.1165 0.1815 0.1815 0.244 0.244 0.2685 0.2685 0.2685 0.279 0.279 0.29 0.29 0.296 0.296 0.3125 0.3125 0.3125 0.3035 0.3035 0.2975 0.2975 0.2975 0.2975 0.2975 0.279 0.279 0.2995 0.2995 0.309 0.309 0.309 0.312 0.312 0.314 0.314 0.3015
-1 -1 -1 -1 -1 -1 -1 -1 -1 -1 -1 -1 -1 -1 -1 -1 -1 -1 -1 -1 -1 -1 -1 0.2142 0.2142 0.1105 0.1105 0.1105 0.329 0.329 0.3445 0.3445 0.325 0.325 0.325 0.304 0.304 0.2116 0.2116 0.1165 0.1165 0.1165 0.1815 0.1815 0.244 0.244 0.2685 0.2685 0.2685 0.279 0.279 0.29 0.29 0.296 0.296 0.3125 0.3125 0.3125 0.3035 0.3035 0.2975 0.2975 0.2975 0.2975 0.2975 0.279 0.279 0.2995 0.2995 0.309 0.309 0.309 0.312 0.312 0.314 0.314 0.3015
-1 -1 -1 -1 -1 -1 -1 -1 -1 -1 -1 -1 -1 -1 -1 -1 -1 -1 -1 -1 -1 -1 -1 -1 -1 0.128 0.128 0.128 0.21 0.21 0.315 0.315 0.3145 0.3145 0.3145 0.1935 0.1935 0.1005 0.1005 0.084 0.084 0.084 0.2425 0.2425 0.2335 0.2335 0.2445 0.2445 0.2445 0.3001 0.3001 0.279 0.279 0.283 0.283 0.2705 0.2705 0.2705 0.2735 0.2735 0.297 0.297 0.297 0.297 0.297 0.2685 0.2685 0.29 0.29 0.3115 0.3115 0.3115 0.3065 0.3065 0.308 0.308 0.288
-1 -1 -1 -1 -1 -1 -1 -1 -1 -1 -1 -1 -1 -1 -1 -1 -1 -1 -1 -1 -1 -1 -1 -1 -1 0.128 0.128 0.128 0.21 0.21 0.315 0.315 0.3145 0.3145 0.3145 0.1935 0.1935 0.1005 0.1005 0.084 0.084 0.084 0.2425 0.2425 0.2335 0.2335 0.2445 0.2445 0.2445 0.3001 0.3001 0.279 0.279 0.283 0.283 0.2705 0.2705 0.2705 0.2735 0.2735 0.297 0.297 0.297 0.297 0.297 0.2685 0.2685 0.29 0.29 0.3115 0.3115 0.3115 0.3065 0.3065 0.308 0.308 0.288
-1 -1 -1 -1 -1 -1 -1 -1 -1 -1 -1 -1 -1 -1 -1 -1 -1 -1 -1 -1 -1 -1 -1 -1 -1 0.0876 0.0876 0.0876 0.2045 0.2045 0.2515 0.2515 0.241 0.241 0.241 0.174 0.174 0.1595 0.1595 0.2735 0.2735 0.2735 0.333 0.333 0.2945 0.2945 0.2926 0.2926 0.2926 0.2405 0.2405 0.2585 0.2585 0.2625 0.2625 0.2625 0.2625 0.2625 0.2785 0.2785 0.289 0.289 0.289 0.289 0.289 0.2855 0.2855 0.278 0.278 0.2835 0.2835 0.2835 0.2965 0.2965 0.3025 0.3025 0.2905
-1 -1 -1 -1 -1 -1 -1 -1 -1 -1 -1 -1 -1 -1 -1 -1 -1 -1 -1 -1 -1 -1 -1 -1 -1 0.0876 0.0876 0.0876 0.2045 0.2045 0.2515 0.2515 0.241 0.241 0.241 0.174 0.174 0.1595 0.1595 0.2735 0.2735 0.2735 0.333 0.333 0.2945 0.2945 0.2926 0.2926 0.2926 0.2405 0.2405 0.2585 0.2585 0.2625 0.2625 0.2625 0.2625 0.2625 0.2785 0.2785 0.289 0.289 0.289 0.289 0.289 0.2855 0.2855 0.278 0.278 0.2835 0.2835 0.2835 0.2965 0.2965 0.3025 0.3025 0.2905
-1 -1 -1 -1 -1 -1 -1 -1 -1 -1 -1 -1 -1 -1 -1 -1 -1 -1 -1 -1 -1 -1 -1 -1 -1 0.0876 0.0876 0.0876 0.2045 0.2045 0.2515 0.2515 0.241 0.241 0.241 0.174 0.174 0.1595 0.1595 0.2735 0.2735 0.2735 0.333 0.333 0.2945 0.2945 0.2926 0.2926 0.2926 0.2405 0.2405 0.2585 0.2585 0.2625 0.2625 0.2625 0.2625 0.2625 0.2785 0.2785 0.289 0.289 0.289 0.289 0.289 0.2855 0.2855 0.278 0.278 0.2835 0.2835 0.2835 0.2965 0.2965 0.3025 0.3025 0.2905
-1 -1 -1 -1 -1 -1 -1 -1 -1 -1 -1 -1 -1 -1 -1 -1 -1 -1 -1 -1 -1 -1 -1 -1 -1 -1 -1 -1 0.0896 0.0896 0.1995 0.1995 0.276 0.276 0.276 0.2786 0.2786 0.3976 0.3976 0.332 0.332 0.332 0.2905 0.2905 0.2995 0.2995 0.267 0.267 0.267 0.2755 0.2755 0.2815 0.2815 0.3441 0.3441 0.2925 0.2925 0.2925 0.2865 0.2865 0.2855 0.2855 0.2855 0.2855 0.2855 0.2825 0.2825 0.2765 0.2765 0.283 0.283 0.283 0.3025 0.3025 0.302 0.302 0.288
-1 -1 -1 -1 -1 -1 -1 -1 -1 -1 -1 -1 -1 -1 -1 -1 -1 -1 -1 -1 -1 -1 -1 -1 -1 -1 -1 -1 0.0896 0.0896 0.1995 0.1995 0.276 0.276 0.276 0.2786 0.2786 0.3976 0.3976 0.332 0.332 0.332 0.2905 0.2905 0.2995 0.2995 0.267 0.267 0.267 0.2755 0.2755 0.2815 0.2815 0.3441 0.3441 0.2925 0.2925 0.2925 0.2865 0.2865 0.2855 0.2855 0.2855 0.2855 0.2855 0.2825 0.2825 0.2765 0.2765 0.283 0.283 0.283 0.3025 0.3025 0.302 0.302 0.288
-1 -1 -1 -1 -1 -1 -1 -1 -1 -1 -1 -1 -1 -1 -1 -1 -1 -1 -1 -1 -1 -1 -1 -1 -1 -1 -1 -1 0.0396 0.0396 0.5291 0.5291 0.5681 0.5681 0.5681 0.5836 0.5836 0.5716 0.5716 0.363 0.363 0.363 0.325 0.325 0.306 0.306 0.3035 0.3035 0.3035 0.279 0.279 0.29 0.29 0.2945 0.2945 0.299 0.299 0.299 0.277 0.277 0.294 0.294 0.294 0.294 0.294 0.294 0.294 0.304 0.304 0.313 0.313 0.313 0.314 0.314 0.2985 0.2985 0.278
-1 -1 -1 -1 -1 -1 -1 -1 -1 -1 -1 -1 -1 -1 -1 -1 -1 -1 -1 -1 -1 -1 -1 -1 -1 -1 -1 -1 0.0396 0.0396 0.5291 0.5291 0.5681 0.5681 0.5681 0.5836 0.5836 0.5716 0.5716 0.363 0.363 0.363 0.325 0.325 0.306 0.306 0.3035 0.3035 0.3035 0.279 0.279 0.29 0.29 0.2945 0.2945 0.299 0.299 0.299 0.277 0.277 0.294 0.294 0.294 0.294 0.294 0.294 0.294 0.304 0.304 0.313 0.313 0.313 0.314 0.314 0.2985 0.2985 0.278
