ndvi/NOAA-58.asc
ncols         252
nrows         154
xllcorner     -18.017974
yllcorner     13.481982
cellsize      0.035948
NODATA_value  -9999
[rows 102 to 135 of 154, columns 156 to 233 of 252]
0.3005 0.337 0.337 0.337 0.296 0.296 0.2755 0.2755 0.2965 0.2965 0.2895 0.2895 0.2895 0.3025 0.3025 0.31 0.31 0.328 0.328 0.328 0.35 0.35 0.3445 0.3445 0.326 0.326 0.326 0.3325 0.3325 0.3695 0.3695 0.337 0.337 0.337 0.3545 0.3545 0.355 0.355 0.3575 0.3575 0.3575 0.363 0.363 0.3555 0.3555 0.389 0.389 0.35 0.35 0.35 0.359 0.359 0.3205 0.3205 0.333 0.333 0.333 0.381 0.381 0.362 0.362 0.3425 0.3425 0.3425 0.3545 0.3545 0.3105 0.3105 0.2815 0.2815 0.2815 0.3215 0.3215 0.3215 0.3215 0.34 0.34 0.34
0.3605 0.388 0.388 0.388 0.2605 0.2605 0.301 0.301 0.3475 0.3475 0.346 0.346 0.346 0.3155 0.3155 0.343 0.343 0.337 0.337 0.337 0.3445 0.3445 0.3525 0.3525 0.3245 0.3245 0.3245 0.3675 0.3675 0.36 0.36 0.3535 0.3535 0.3535 0.3525 0.3525 0.346 0.346 0.37 0.37 0.37 0.3525 0.3525 0.354 0.354 0.3625 0.3625 0.3915 0.3915 0.3915 0.3865 0.3865 0.3715 0.3715 0.3965 0.3965 0.3965 0.391 0.391 0.347 0.347 0.344 0.344 0.344 0.382 0.382 0.3355 0.3355 0.366 0.366 0.366 0.353 0.353 0.2905 0.2905 0.305 0.305 0.305
0.3605 0.388 0.388 0.388 0.2605 0.2605 0.301 0.301 0.3475 0.3475 0.346 0.346 0.346 0.3155 0.3155 0.343 0.343 0.337 0.337 0.337 0.3445 0.3445 0.3525 0.3525 0.3245 0.3245 0.3245 0.3675 0.3675 0.36 0.36 0.3535 0.3535 0.3535 0.3525 0.3525 0.346 0.346 0.37 0.37 0.37 0.3525 0.3525 0.354 0.354 0.3625 0.3625 0.3915 0.3915 0.3915 0.3865 0.3865 0.3715 0.3715 0.3965 0.3965 0.3965 0.391 0.391 0.347 0.347 0.344 0.344 0.344 0.382 0.382 0.3355 0.3355 0.366 0.366 0.366 0.353 0.353 0.2905 0.2905 0.305 0.305 0.305
0.3605 0.388 0.388 0.388 0.2605 0.2605 0.301 0.301 0.3475 0.3475 0.346 0.346 0.346 0.3155 0.3155 0.343 0.343 0.337 0.337 0.337 0.3445 0.3445 0.3525 0.3525 0.3245 0.3245 0.3245 0.3675 0.3675 0.36 0.36 0.3535 0.3535 0.3535 0.3525 0.3525 0.346 0.346 0.37 0.37 0.37 0.3525 0.3525 0.354 0.354 0.3625 0.3625 0.3915 0.3915 0.3915 0.3865 0.3865 0.3715 0.3715 0.3965 0.3965 0.3965 0.391 0.391 0.347 0.347 0.344 0.344 0.344 0.382 0.382 0.3355 0.3355 0.366 0.366 0.366 0.353 0.353 0.2905 0.2905 0.305 0.305 0.305
0.3245 0.3045 0.3045 0.3045 0.344 0.344 0.294 0.294 0.319 0.319 0.322 0.322 0.322 0.313 0.313 0.3205 0.3205 0.286 0.286 0.286 0.3155 0.3155 0.329 0.329 0.36 0.36 0.36 0.409 0.409 0.459 0.459 0.4285 0.4285 0.4285 0.404 0.404 0.3825 0.3825 0.3865 0.3865 0.3865 0.407 0.407 0.42 0.42 0.432 0.432 0.4285 0.4285 0.4285 0.445 0.445 0.433 0.433 0.449 0.449 0.449 0.311 0.311 0.342 0.342 0.3385 0.3385 0.3385 0.36 0.36 0.335 0.335 0.344 0.344 0.344 0.392 0.392 0.386 0.386 0.3425 0.3425 0.3425
0.3245 0.3045 0.3045 0.3045 0.344 0.344 0.294 0.294 0.319 0.319 0.322 0.322 0.322 0.313 0.313 0.3205 0.3205 0.286 0.286 0.286 0.3155 0.3155 0.329 0.329 0.36 0.36 0.36 0.409 0.409 0.459 0.459 0.4285 0.4285 0.4285 0.404 0.404 0.3825 0.3825 0.3865 0.3865 0.3865 0.407 0.407 0.42 0.42 0.432 0.432 0.4285 0.4285 0.4285 0.445 0.445 0.433 0.433 0.449 0.449 0.449 0.311 0.311 0.342 0.342 0.3385 0.3385 0.3385 0.36 0.36 0.335 0.335 0.344 0.344 0.344 0.392 0.392 0.386 0.386 0.3425 0.3425 0.3425
0.3485 0.3465 0.3465 0.3465 0.3185 0.3185 0.343 0.343 0.332 0.332 0.3295 0.3295 0.3295 0.3205 0.3205 0.356 0.356 0.3525 0.3525 0.3525 0.3185 0.3185 0.3085 0.3085 0.4185 0.4185 0.4185 0.4245 0.4245 0.4415 0.4415 0.4715 0.4715 0.4715 0.4265 0.4265 0.395 0.395 0.4305 0.4305 0.4305 0.45 0.45 0.382 0.382 0.404 0.404 0.4275 0.4275 0.4275 0.492 0.492 0.4395 0.4395 0.4255 0.4255 0.4255 0.378 0.378 0.334 0.334 0.3865 0.3865 0.3865 0.3535 0.3535 0.3445 0.3445 0.3885 0.3885 0.3885 0.401 0.401 0.379 0.379 0.4 0.4 0.4
0.3485 0.3465 0.3465 0.3465 0.3185 0.3185 0.343 0.343 0.332 0.332 0.3295 0.3295 0.3295 0.3205 0.3205 0.356 0.356 0.3525 0.3525 0.3525 0.3185 0.3185 0.3085 0.3085 0.4185 0.4185 0.4185 0.4245 0.4245 0.4415 0.4415 0.4715 0.4715 0.4715 0.4265 0.4265 0.395 0.395 0.4305 0.4305 0.4305 0.45 0.45 0.382 0.382 0.404 0.404 0.4275 0.4275 0.4275 0.492 0.492 0.4395 0.4395 0.4255 0.4255 0.4255 0.378 0.378 0.334 0.334 0.3865 0.3865 0.3865 0.3535 0.3535 0.3445 0.3445 0.3885 0.3885 0.3885 0.401 0.401 0.379 0.379 0.4 0.4 0.4
0.367 0.362 0.362 0.362 0.3655 0.3655 0.341 0.341 0.348 0.348 0.32 0.32 0.32 0.3095 0.3095 0.295 0.295 0.2955 0.2955 0.2955 0.3305 0.3305 0.377 0.377 0.3925 0.3925 0.3925 0.444 0.444 0.445 0.445 0.5025 0.5025 0.5025 0.43 0.43 0.4385 0.4385 0.423 0.423 0.423 0.3975 0.3975 0.4295 0.4295 0.441 0.441 0.436 0.436 0.436 0.473 0.473 0.4985 0.4985 0.439 0.439 0.439 0.3845 0.3845 0.378 0.378 0.359 0.359 0.359 0.344 0.344 0.3725 0.3725 0.365 0.365 0.365 0.389 0.389 0.3815 0.3815 0.4065 0.4065 0.4065
0.367 0.362 0.362 0.362 0.3655 0.3655 0.341 0.341 0.348 0.348 0.32 0.32 0.32 0.3095 0.3095 0.295 0.295 0.2955 0.2955 0.2955 0.3305 0.3305 0.377 0.377 0.3925 0.3925 0.3925 0.444 0.444 0.445 0.445 0.5025 0.5025 0.5025 0.43 0.43 0.4385 0.4385 0.423 0.423 0.423 0.3975 0.3975 0.4295 0.4295 0.441 0.441 0.436 0.436 0.436 0.473 0.473 0.4985 0.4985 0.439 0.439 0.439 0.3845 0.3845 0.378 0.378 0.359 0.359 0.359 0.344 0.344 0.3725 0.3725 0.365 0.365 0.365 0.389 0.389 0.3815 0.3815 0.4065 0.4065 0.4065
0.367 0.362 0.362 0.362 0.3655 0.3655 0.341 0.341 0.348 0.348 0.32 0.32 0.32 0.3095 0.3095 0.295 0.295 0.2955 0.2955 0.2955 0.3305 0.3305 0.377 0.377 0.3925 0.3925 0.3925 0.444 0.444 0.445 0.445 0.5025 0.5025 0.5025 0.43 0.43 0.4385 0.4385 0.423 0.423 0.423 0.3975 0.3975 0.4295 0.4295 0.441 0.441 0.436 0.436 0.436 0.473 0.473 0.4985 0.4985 0.439 0.439 0.439 0.3845 0.3845 0.378 0.378 0.359 0.359 0.359 0.344 0.344 0.3725 0.3725 0.365 0.365 0.365 0.389 0.389 0.3815 0.3815 0.4065 0.4065 0.4065
0.389 0.375 0.375 0.375 0.3765 0.3765 0.367 0.367 0.384 0.384 0.387 0.387 0.387 0.376 0.376 0.38 0.38 0.3815 0.3815 0.3815 0.389 0.389 0.4195 0.4195 0.418 0.418 0.418 0.447 0.447 0.4565 0.4565 0.468 0.468 0.468 0.413 0.413 0.4365 0.4365 0.4335 0.4335 0.4335 0.46 0.46 0.429 0.429 0.463 0.463 0.4445 0.4445 0.4445 0.4926 0.4926 0.506 0.506 0.466 0.466 0.466 0.4865 0.4865 0.4295 0.4295 0.3675 0.3675 0.3675 0.4035 0.4035 0.4095 0.4095 0.3815 0.3815 0.3815 0.3535 0.3535 0.43 0.43 0.4425 0.4425 0.4425
0.389 0.375 0.375 0.375 0.3765 0.3765 0.367 0.367 0.384 0.384 0.387 0.387 0.387 0.376 0.376 0.38 0.38 0.3815 0.3815 0.3815 0.389 0.389 0.4195 0.4195 0.418 0.418 0.418 0.447 0.447 0.4565 0.4565 0.468 0.468 0.468 0.413 0.413 0.4365 0.4365 0.4335 0.4335 0.4335 0.46 0.46 0.429 0.429 0.463 0.463 0.4445 0.4445 0.4445 0.4926 0.4926 0.506 0.506 0.466 0.466 0.466 0.4865 0.4865 0.4295 0.4295 0.3675 0.3675 0.3675 0.4035 0.4035 0.4095 0.4095 0.3815 0.3815 0.3815 0.3535 0.3535 0.43 0.43 0.4425 0.4425 0.4425
0.424 0.4135 0.4135 0.4135 0.413 0.413 0.391 0.391 0.3875 0.3875 0.387 0.387 0.387 0.395 0.395 0.376 0.376 0.377 0.377 0.377 0.4185 0.4185 0.426 0.426 0.4475 0.4475 0.4475 0.432 0.432 0.438 0.438 0.438 0.438 0.438 0.49 0.49 0.3645 0.3645 0.428 0.428 0.428 0.465 0.465 0.4165 0.4165 0.4395 0.4395 0.504 0.504 0.504 0.515 0.515 0.5035 0.5035 0.4935 0.4935 0.4935 0.467 0.467 0.4675 0.4675 0.4345 0.4345 0.4345 0.4535 0.4535 0.434 0.434 0.4075 0.4075 0.4075 0.4325 0.4325 0.4295 0.4295 0.431 0.431 0.431
0.424 0.4135 0.4135 0.4135 0.413 0.413 0.391 0.391 0.3875 0.3875 0.387 0.387 0.387 0.395 0.395 0.376 0.376 0.377 0.377 0.377 0.4185 0.4185 0.426 0.426 0.4475 0.4475 0.4475 0.432 0.432 0.438 0.438 0.438 0.438 0.438 0.49 0.49 0.3645 0.3645 0.428 0.428 0.428 0.465 0.465 0.4165 0.4165 0.4395 0.4395 0.504 0.504 0.504 0.515 0.515 0.5035 0.5035 0.4935 0.4935 0.4935 0.467 0.467 0.4675 0.4675 0.4345 0.4345 0.4345 0.4535 0.4535 0.434 0.434 0.4075 0.4075 0.4075 0.4325 0.4325 0.4295 0.4295 0.431 0.431 0.431
0.4405 0.4305 0.4305 0.4305 0.3895 0.3895 0.3725 0.3725 0.4305 0.4305 0.427 0.427 0.427 0.4335 0.4335 0.4125 0.4125 0.3925 0.3925 0.3925 0.4265 0.4265 0.416 0.416 0.4205 0.4205 0.4205 0.4205 0.4205 0.4375 0.4375 0.4905 0.4905 0.4905 0.4215 0.4215 0.417 0.417 0.47 0.47 0.47 0.4705 0.4705 0.501 0.501 0.527 0.527 0.5535001 0.5535001 0.5535001 0.5345 0.5345 0.517 0.517 0.5115 0.5115 0.5115 0.4905 0.4905 0.51 0.51 0.4875 0.4875 0.4875 0.4765 0.4765 0.455 0.455 0.437 0.437 0.437 0.4135 0.4135 0.433 0.433 0.4325 0.4325 0.4325
0.4405 0.4305 0.4305 0.4305 0.3895 0.3895 0.3725 0.3725 0.4305 0.4305 0.427 0.427 0.427 0.4335 0.4335 0.4125 0.4125 0.3925 0.3925 0.3925 0.4265 0.4265 0.416 0.416 0.4205 0.4205 0.4205 0.4205 0.4205 0.4375 0.4375 0.4905 0.4905 0.4905 0.4215 0.4215 0.417 0.417 0.47 0.47 0.47 0.4705 0.4705 0.501 0.501 0.527 0.527 0.5535001 0.5535001 0.5535001 0.5345 0.5345 0.517 0.517 0.5115 0.5115 0.5115 0.4905 0.4905 0.51 0.51 0.4875 0.4875 0.4875 0.4765 0.4765 0.455 0.455 0.437 0.437 0.437 0.4135 0.4135 0.433 0.433 0.4325 0.4325 0.4325
0.4405 0.4305 0.4305 0.4305 0.3895 0.3895 0.3725 0.3725 0.4305 0.4305 0.427 0.427 0.427 0.4335 0.4335 0.4125 0.4125 0.3925 0.3925 0.3925 0.4265 0.4265 0.416 0.416 0.4205 0.4205 0.4205 0.4205 0.4205 0.4375 0.4375 0.4905 0.4905 0.4905 0.4215 0.4215 0.417 0.417 0.47 0.47 0.47 0.4705 0.4705 0.501 0.501 0.527 0.527 0.5535001 0.5535001 0.5535001 0.5345 0.5345 0.517 0.517 0.5115 0.5115 0.5115 0.4905 0.4905 0.51 0.51 0.4875 0.4875 0.4875 0.4765 0.4765 0.455 0.455 0.437 0.437 0.437 0.4135 0.4135 0.433 0.433 0.4325 0.4325 0.4325
0.45 0.505 0.505 0.505 0.432 0.432 0.4625 0.4625 0.4585 0.4585 0.47 0.47 0.47 0.441 0.441 0.457 0.457 0.4585 0.4585 0.4585 0.4525 0.4525 0.4515 0.4515 0.435 0.435 0.435 0.4525 0.4525 0.432 0.432 0.449 0.449 0.449 0.4635 0.4635 0.406 0.406 0.4605 0.4605 0.4605 0.4995 0.4995 0.5275 0.5275 0.5455 0.5455 0.548 0.548 0.548 0.521 0.521 0.55 0.55 0.516 0.516 0.516 0.495 0.495 0.5315 0.5315 0.525 0.525 0.525 0.515 0.515 0.4855 0.4855 0.448 0.448 0.448 0.425 0.425 0.4545 0.4545 0.4515 0.4515 0.4515
0.45 0.505 0.505 0.505 0.432 0.432 0.4625 0.4625 0.4585 0.4585 0.47 0.47 0.47 0.441 0.441 0.457 0.457 0.4585 0.4585 0.4585 0.4525 0.4525 0.4515 0.4515 0.435 0.435 0.435 0.4525 0.4525 0.432 0.432 0.449 0.449 0.449 0.4635 0.4635 0.406 0.406 0.4605 0.4605 0.4605 0.4995 0.4995 0.5275 0.5275 0.5455 0.5455 0.548 0.548 0.548 0.521 0.521 0.55 0.55 0.516 0.516 0.516 0.495 0.495 0.5315 0.5315 0.525 0.525 0.525 0.515 0.515 0.4855 0.4855 0.448 0.448 0.448 0.425 0.425 0.4545 0.4545 0.4515 0.4515 0.4515
0.484 0.4925 0.4925 0.4925 0.4445 0.4445 0.4975 0.4975 0.499 0.499 0.5015 0.5015 0.5015 0.5095 0.5095 0.5215 0.5215 0.4665 0.4665 0.4665 0.5065 0.5065 0.4525 0.4525 0.4355 0.4355 0.4355 0.4915 0.4915 0.47 0.47 0.467 0.467 0.467 0.4465 0.4465 0.538 0.538 0.548 0.548 0.548 0.5765 0.5765 0.552 0.552 0.5985 0.5985 0.5685 0.5685 0.5685 0.5605 0.5605 0.526 0.526 0.5215 0.5215 0.5215 0.508 0.508 0.52 0.52 0.5125 0.5125 0.5125 0.512 0.512 0.4825 0.4825 0.433 0.433 0.433 0.4405 0.4405 0.4555 0.4555 0.504 0.504 0.504
0.484 0.4925 0.4925 0.4925 0.4445 0.4445 0.4975 0.4975 0.499 0.499 0.5015 0.5015 0.5015 0.5095 0.5095 0.5215 0.5215 0.4665 0.4665 0.4665 0.5065 0.5065 0.4525 0.4525 0.4355 0.4355 0.4355 0.4915 0.4915 0.47 0.47 0.467 0.467 0.467 0.4465 0.4465 0.538 0.538 0.548 0.548 0.548 0.5765 0.5765 0.552 0.552 0.5985 0.5985 0.5685 0.5685 0.5685 0.5605 0.5605 0.526 0.526 0.5215 0.5215 0.5215 0.508 0.508 0.52 0.52 0.5125 0.5125 0.5125 0.512 0.512 0.4825 0.4825 0.433 0.433 0.433 0.4405 0.4405 0.4555 0.4555 0.504 0.504 0.504
0.4995 0.4725 0.4725 0.4725 0.452 0.452 0.4955 0.4955 0.5155 0.5155 0.5376 0.5376 0.5376 0.4995 0.4995 0.5005 0.5005 0.465 0.465 0.465 0.491 0.491 0.481 0.481 0.4625 0.4625 0.4625 0.429 0.429 0.4545 0.4545 0.4865 0.4865 0.4865 0.4795 0.4795 0.515 0.515 0.5825 0.5825 0.5825 0.5555 0.5555 0.564 0.564 0.566 0.566 0.553 0.553 0.553 0.5565 0.5565 0.541 0.541 0.5635 0.5635 0.5635 0.5285 0.5285 0.508 0.508 0.487 0.487 0.487 0.48 0.48 0.4785 0.4785 0.483 0.483 0.483 0.449 0.449 0.4595 0.4595 0.4465 0.4465 0.4465
0.4995 0.4725 0.4725 0.4725 0.452 0.452 0.4955 0.4955 0.5155 0.5155 0.5376 0.5376 0.5376 0.4995 0.4995 0.5005 0.5005 0.465 0.465 0.465 0.491 0.491 0.481 0.481 0.4625 0.4625 0.4625 0.429 0.429 0.4545 0.4545 0.4865 0.4865 0.4865 0.4795 0.4795 0.515 0.515 0.5825 0.5825 0.5825 0.5555 0.5555 0.564 0.564 0.566 0.566 0.553 0.553 0.553 0.5565 0.5565 0.541 0.541 0.5635 0.5635 0.5635 0.5285 0.5285 0.508 0.508 0.487 0.487 0.487 0.48 0.48 0.4785 0.4785 0.483 0.483 0.483 0.449 0.449 0.4595 0.4595 0.4465 0.4465 0.4465
0.4955 0.4535 0.4535 0.4535 0.456 0.456 0.4945 0.4945 0.5135 0.5135 0.5461 0.5461 0.5461 0.5285 0.5285 0.543 0.543 0.5155 0.5155 0.5155 0.523 0.523 0.4795 0.4795 0.4945 0.4945 0.4945 0.4765 0.4765 0.4675 0.4675 0.4515 0.4515 0.4515 0.481 0.481 0.4935 0.4935 0.531 0.531 0.531 0.5675 0.5675 0.5775 0.5775 0.5845 0.5845 0.5675 0.5675 0.5675 0.55 0.55 0.5395 0.5395 0.5535001 0.5535001 0.5535001 0.5445 0.5445 0.5415 0.5415 0.54 0.54 0.54 0.5125 0.5125 0.5065 0.5065 0.5155 0.5155 0.5155 0.4965 0.4965 0.497 0.497 0.4715 0.4715 0.4715
0.4955 0.4535 0.4535 0.4535 0.456 0.456 0.4945 0.4945 0.5135 0.5135 0.5461 0.5461 0.5461 0.5285 0.5285 0.543 0.543 0.5155 0.5155 0.5155 0.523 0.523 0.4795 0.4795 0.4945 0.4945 0.4945 0.4765 0.4765 0.4675 0.4675 0.4515 0.4515 0.4515 0.481 0.481 0.4935 0.4935 0.531 0.531 0.531 0.5675 0.5675 0.5775 0.5775 0.5845 0.5845 0.5675 0.5675 0.5675 0.55 0.55 0.5395 0.5395 0.5535001 0.5535001 0.5535001 0.5445 0.5445 0.5415 0.5415 0.54 0.54 0.54 0.5125 0.5125 0.5065 0.5065 0.5155 0.5155 0.5155 0.4965 0.4965 0.497 0.497 0.4715 0.4715 0.4715
0.4955 0.4535 0.4535 0.4535 0.456 0.456 0.4945 0.4945 0.5135 0.5135 0.5461 0.5461 0.5461 0.5285 0.5285 0.543 0.543 0.5155 0.5155 0.5155 0.523 0.523 0.4795 0.4795 0.4945 0.4945 0.4945 0.4765 0.4765 0.4675 0.4675 0.4515 0.4515 0.4515 0.481 0.481 0.4935 0.4935 0.531 0.531 0.531 0.5675 0.5675 0.5775 0.5775 0.5845 0.5845 0.5675 0.5675 0.5675 0.55 0.55 0.5395 0.5395 0.5535001 0.5535001 0.5535001 0.5445 0.5445 0.5415 0.5415 0.54 0.54 0.54 0.5125 0.5125 0.5065 0.5065 0.5155 0.5155 0.5155 0.4965 0.4965 0.497 0.497 0.4715 0.4715 0.4715
0.495 0.481 0.481 0.481 0.485 0.485 0.506 0.506 0.5385 0.5385 0.527 0.527 0.527 0.5175 0.5175 0.58 0.58 0.54 0.54 0.54 0.5275 0.5275 0.502 0.502 0.5155 0.5155 0.5155 0.5055 0.5055 0.489 0.489 0.488 0.488 0.488 0.4865 0.4865 0.494 0.494 0.5561 0.5561 0.5561 0.559 0.559 0.591 0.591 0.5845 0.5845 0.5961 0.5961 0.5961 0.5575 0.5575 0.5395 0.5395 0.5495 0.5495 0.5495 0.5605 0.5605 0.5595 0.5595 0.5555 0.5555 0.5555 0.5105 0.5105 0.5505 0.5505 0.4835 0.4835 0.4835 0.4675 0.4675 0.475 0.475 0.4885 0.4885 0.4885
0.495 0.481 0.481 0.481 0.485 0.485 0.506 0.506 0.5385 0.5385 0.527 0.527 0.527 0.5175 0.5175 0.58 0.58 0.54 0.54 0.54 0.5275 0.5275 0.502 0.502 0.5155 0.5155 0.5155 0.5055 0.5055 0.489 0.489 0.488 0.488 0.488 0.4865 0.4865 0.494 0.494 0.5561 0.5561 0.5561 0.559 0.559 0.591 0.591 0.5845 0.5845 0.5961 0.5961 0.5961 0.5575 0.5575 0.5395 0.5395 0.5495 0.5495 0.5495 0.5605 0.5605 0.5595 0.5595 0.5555 0.5555 0.5555 0.5105 0.5105 0.5505 0.5505 0.4835 0.4835 0.4835 0.4675 0.4675 0.475 0.475 0.4885 0.4885 0.4885
0.5365 0.5165 0.5165 0.5165 0.5305 0.5305 0.494 0.494 0.51 0.51 0.5335 0.5335 0.5335 0.5549999 0.5549999 0.598 0.598 0.557 0.557 0.557 0.551 0.551 0.548 0.548 0.5395 0.5395 0.5395 0.575 0.575 0.5565 0.5565 0.509 0.509 0.509 0.531 0.531 0.5205 0.5205 0.5625 0.5625 0.5625 0.5655 0.5655 0.594 0.594 0.6025 0.6025 0.618 0.618 0.618 0.5865 0.5865 0.5930001 0.5930001 0.594 0.594 0.594 0.6266 0.6266 0.5735 0.5735 0.538 0.538 0.538 0.5295 0.5295 0.478 0.478 0.5236 0.5236 0.5236 0.493 0.493 0.498 0.498 0.48 0.48 0.48
0.5365 0.5165 0.5165 0.5165 0.5305 0.5305 0.494 0.494 0.51 0.51 0.5335 0.5335 0.5335 0.5549999 0.5549999 0.598 0.598 0.557 0.557 0.557 0.551 0.551 0.548 0.548 0.5395 0.5395 0.5395 0.575 0.575 0.5565 0.5565 0.509 0.509 0.509 0.531 0.531 0.5205 0.5205 0.5625 0.5625 0.5625 0.5655 0.5655 0.594 0.594 0.6025 0.6025 0.618 0.618 0.618 0.5865 0.5865 0.5930001 0.5930001 0.594 0.594 0.594 0.6266 0.6266 0.5735 0.5735 0.538 0.538 0.538 0.5295 0.5295 0.478 0.478 0.5236 0.5236 0.5236 0.493 0.493 0.498 0.498 0.48 0.48 0.48
0.549 0.5235 0.5235 0.5235 0.535 0.535 0.513 0.513 0.525 0.525 0.5515 0.5515 0.5515 0.556 0.556 0.5495 0.5495 0.5455 0.5455 0.5455 0.5705 0.5705 0.588 0.588 0.5829999 0.5829999 0.5829999 0.589 0.589 0.549 0.549 0.5525 0.5525 0.5525 0.5525 0.5525 0.515 0.515 0.5951 0.5951 0.5951 0.5815001 0.5815001 0.6196 0.6196 0.609 0.609 0.607 0.607 0.607 0.6255 0.6255 0.6296 0.6296 0.6336 0.6336 0.6336 0.63 0.63 0.6155 0.6155 0.5675 0.5675 0.5675 0.5435 0.5435 0.5395 0.5395 0.5335 0.5335 0.5335 0.522 0.522 0.5595 0.5595 0.54 0.54 0.54
0.549 0.5235 0.5235 0.5235 0.535 0.535 0.513 0.513 0.525 0.525 0.5515 0.5515 0.5515 0.556 0.556 0.5495 0.5495 0.5455 0.5455 0.5455 0.5705 0.5705 0.588 0.588 0.5829999 0.5829999 0.5829999 0.589 0.589 0.549 0.549 0.5525 0.5525 0.5525 0.5525 0.5525 0.515 0.515 0.5951 0.5951 0.5951 0.5815001 0.5815001 0.6196 0.6196 0.609 0.609 0.607 0.607 0.607 0.6255 0.6255 0.6296 0.6296 0.6336 0.6336 0.6336 0.63 0.63 0.6155 0.6155 0.5675 0.5675 0.5675 0.5435 0.5435 0.5395 0.5395 0.5335 0.5335 0.5335 0.522 0.522 0.5595 0.5595 0.54 0.54 0.54
0.549 0.5235 0.5235 0.5235 0.535 0.535 0.513 0.513 0.525 0.525 0.5515 0.5515 0.5515 0.556 0.556 0.5495 0.5495 0.5455 0.5455 0.5455 0.5705 0.5705 0.588 0.588 0.5829999 0.5829999 0.5829999 0.589 0.589 0.549 0.549 0.5525 0.5525 0.5525 0.5525 0.5525 0.515 0.515 0.5951 0.5951 0.5951 0.5815001 0.5815001 0.6196 0.6196 0.609 0.609 0.607 0.607 0.607 0.6255 0.6255 0.6296 0.6296 0.6336 0.6336 0.6336 0.63 0.63 0.6155 0.6155 0.5675 0.5675 0.5675 0.5435 0.5435 0.5395 0.5395 0.5335 0.5335 0.5335 0.522 0.522 0.5595 0.5595 0.54 0.54 0.54
