ndvi/NOAA-244.asc
ncols         252
nrows         154
xllcorner     -18.017974
yllcorner     13.481982
cellsize      0.035948
NODATA_value  -9999
[rows 102 to 135 of 154, columns 154 to 230 of 252]
0.2025 0.1965 0.1965 0.1935 0.1935 0.1935 0.1785 0.1785 0.1855 0.1855 0.197 0.197 0.208 0.208 0.208 0.2175 0.2175 0.2265 0.2265 0.2355 0.2355 0.2355 0.217 0.217 0.215 0.215 0.2045 0.2045 0.2045 0.196 0.196 0.2085 0.2085 0.2095 0.2095 0.2095 0.2075 0.2075 0.2105 0.2105 0.216 0.216 0.216 0.217 0.217 0.2155 0.2155 0.216 0.216 0.1875 0.1875 0.1875 0.1785 0.1785 0.1795 0.1795 0.182 0.182 0.182 0.1785 0.1785 0.1775 0.1775 0.1855 0.1855 0.1855 0.1895 0.1895 0.1875 0.1875 0.18 0.18 0.18 0.193 0.193 0.201 0.201
0.198 0.1975 0.1975 0.1915 0.1915 0.1915 0.2 0.2 0.1905 0.1905 0.2065 0.2065 0.2045 0.2045 0.2045 0.2115 0.2115 0.21 0.21 0.2275 0.2275 0.2275 0.216 0.216 0.214 0.214 0.214 0.214 0.214 0.2175 0.2175 0.222 0.222 0.211 0.211 0.211 0.203 0.203 0.213 0.213 0.2165 0.2165 0.2165 0.2055 0.2055 0.204 0.204 0.229 0.229 0.2415 0.2415 0.2415 0.2015 0.2015 0.1985 0.1985 0.208 0.208 0.208 0.1825 0.1825 0.191 0.191 0.2035 0.2035 0.2035 0.2075 0.2075 0.2075 0.2075 0.1895 0.1895 0.1895 0.188 0.188 0.1945 0.1945
0.198 0.1975 0.1975 0.1915 0.1915 0.1915 0.2 0.2 0.1905 0.1905 0.2065 0.2065 0.2045 0.2045 0.2045 0.2115 0.2115 0.21 0.21 0.2275 0.2275 0.2275 0.216 0.216 0.214 0.214 0.214 0.214 0.214 0.2175 0.2175 0.222 0.222 0.211 0.211 0.211 0.203 0.203 0.213 0.213 0.2165 0.2165 0.2165 0.2055 0.2055 0.204 0.204 0.229 0.229 0.2415 0.2415 0.2415 0.2015 0.2015 0.1985 0.1985 0.208 0.208 0.208 0.1825 0.1825 0.191 0.191 0.2035 0.2035 0.2035 0.2075 0.2075 0.2075 0.2075 0.1895 0.1895 0.1895 0.188 0.188 0.1945 0.1945
0.198 0.1975 0.1975 0.1915 0.1915 0.1915 0.2 0.2 0.1905 0.1905 0.2065 0.2065 0.2045 0.2045 0.2045 0.2115 0.2115 0.21 0.21 0.2275 0.2275 0.2275 0.216 0.216 0.214 0.214 0.214 0.214 0.214 0.2175 0.2175 0.222 0.222 0.211 0.211 0.211 0.203 0.203 0.213 0.213 0.2165 0.2165 0.2165 0.2055 0.2055 0.204 0.204 0.229 0.229 0.2415 0.2415 0.2415 0.2015 0.2015 0.1985 0.1985 0.208 0.208 0.208 0.1825 0.1825 0.191 0.191 0.2035 0.2035 0.2035 0.2075 0.2075 0.2075 0.2075 0.1895 0.1895 0.1895 0.188 0.188 0.1945 0.1945
0.214 0.21 0.21 0.212 0.212 0.212 0.188 0.188 0.1995 0.1995 0.221 0.221 0.2185 0.2185 0.2185 0.212 0.212 0.21 0.21 0.201 0.201 0.201 0.2145 0.2145 0.2075 0.2075 0.1925 0.1925 0.1925 0.2165 0.2165 0.228 0.228 0.2245 0.2245 0.2245 0.22 0.22 0.219 0.219 0.204 0.204 0.204 0.2175 0.2175 0.23 0.23 0.217 0.217 0.213 0.213 0.213 0.197 0.197 0.199 0.199 0.2205 0.2205 0.2205 0.1995 0.1995 0.2175 0.2175 0.208 0.208 0.208 0.2055 0.2055 0.219 0.219 0.193 0.193 0.193 0.2155 0.2155 0.218 0.218
0.214 0.21 0.21 0.212 0.212 0.212 0.188 0.188 0.1995 0.1995 0.221 0.221 0.2185 0.2185 0.2185 0.212 0.212 0.21 0.21 0.201 0.201 0.201 0.2145 0.2145 0.2075 0.2075 0.1925 0.1925 0.1925 0.2165 0.2165 0.228 0.228 0.2245 0.2245 0.2245 0.22 0.22 0.219 0.219 0.204 0.204 0.204 0.2175 0.2175 0.23 0.23 0.217 0.217 0.213 0.213 0.213 0.197 0.197 0.199 0.199 0.2205 0.2205 0.2205 0.1995 0.1995 0.2175 0.2175 0.208 0.208 0.208 0.2055 0.2055 0.219 0.219 0.193 0.193 0.193 0.2155 0.2155 0.218 0.218
0.209 0.218 0.218 0.219 0.219 0.219 0.2155 0.2155 0.2185 0.2185 0.2145 0.2145 0.207 0.207 0.207 0.213 0.213 0.202 0.202 0.216 0.216 0.216 0.2015 0.2015 0.202 0.202 0.1915 0.1915 0.1915 0.209 0.209 0.2255 0.2255 0.231 0.231 0.231 0.205 0.205 0.224 0.224 0.222 0.222 0.222 0.2275 0.2275 0.2245 0.2245 0.213 0.213 0.197 0.197 0.197 0.2025 0.2025 0.1795 0.1795 0.1955 0.1955 0.1955 0.225 0.225 0.222 0.222 0.2205 0.2205 0.2205 0.21 0.21 0.2105 0.2105 0.2095 0.2095 0.2095 0.2215 0.2215 0.234 0.234
0.209 0.218 0.218 0.219 0.219 0.219 0.2155 0.2155 0.2185 0.2185 0.2145 0.2145 0.207 0.207 0.207 0.213 0.213 0.202 0.202 0.216 0.216 0.216 0.2015 0.2015 0.202 0.202 0.1915 0.1915 0.1915 0.209 0.209 0.2255 0.2255 0.231 0.231 0.231 0.205 0.205 0.224 0.224 0.222 0.222 0.222 0.2275 0.2275 0.2245 0.2245 0.213 0.213 0.197 0.197 0.197 0.2025 0.2025 0.1795 0.1795 0.1955 0.1955 0.1955 0.225 0.225 0.222 0.222 0.2205 0.2205 0.2205 0.21 0.21 0.2105 0.2105 0.2095 0.2095 0.2095 0.2215 0.2215 0.234 0.234
0.2095 0.218 0.218 0.22 0.22 0.22 0.2205 0.2205 0.2225 0.2225 0.221 0.221 0.223 0.223 0.223 0.1975 0.1975 0.196 0.196 0.2065 0.2065 0.2065 0.2055 0.2055 0.222 0.222 0.215 0.215 0.215 0.216 0.216 0.2195 0.2195 0.231 0.231 0.231 0.2115 0.2115 0.2415 0.2415 0.225 0.225 0.225 0.214 0.214 0.215 0.215 0.194 0.194 0.194 0.194 0.194 0.228 0.228 0.21 0.21 0.2215 0.2215 0.2215 0.231 0.231 0.226 0.226 0.2405 0.2405 0.2405 0.2255 0.2255 0.226 0.226 0.226 0.226 0.226 0.2265 0.2265 0.2375 0.2375
0.2095 0.218 0.218 0.22 0.22 0.22 0.2205 0.2205 0.2225 0.2225 0.221 0.221 0.223 0.223 0.223 0.1975 0.1975 0.196 0.196 0.2065 0.2065 0.2065 0.2055 0.2055 0.222 0.222 0.215 0.215 0.215 0.216 0.216 0.2195 0.2195 0.231 0.231 0.231 0.2115 0.2115 0.2415 0.2415 0.225 0.225 0.225 0.214 0.214 0.215 0.215 0.194 0.194 0.194 0.194 0.194 0.228 0.228 0.21 0.21 0.2215 0.2215 0.2215 0.231 0.231 0.226 0.226 0.2405 0.2405 0.2405 0.2255 0.2255 0.226 0.226 0.226 0.226 0.226 0.2265 0.2265 0.2375 0.2375
0.2095 0.218 0.218 0.22 0.22 0.22 0.2205 0.2205 0.2225 0.2225 0.221 0.221 0.223 0.223 0.223 0.1975 0.1975 0.196 0.196 0.2065 0.2065 0.2065 0.2055 0.2055 0.222 0.222 0.215 0.215 0.215 0.216 0.216 0.2195 0.2195 0.231 0.231 0.231 0.2115 0.2115 0.2415 0.2415 0.225 0.225 0.225 0.214 0.214 0.215 0.215 0.194 0.194 0.194 0.194 0.194 0.228 0.228 0.21 0.21 0.2215 0.2215 0.2215 0.231 0.231 0.226 0.226 0.2405 0.2405 0.2405 0.2255 0.2255 0.226 0.226 0.226 0.226 0.226 0.2265 0.2265 0.2375 0.2375
0.188 0.1855 0.1855 0.218 0.218 0.218 0.2295 0.2295 0.2245 0.2245 0.2225 0.2225 0.2095 0.2095 0.2095 0.213 0.213 0.232 0.232 0.219 0.219 0.219 0.205 0.205 0.2145 0.2145 0.2205 0.2205 0.2205 0.2205 0.2205 0.217 0.217 0.2265 0.2265 0.2265 0.2335 0.2335 0.22 0.22 0.226 0.226 0.226 0.2175 0.2175 0.2255 0.2255 0.202 0.202 0.204 0.204 0.204 0.236 0.236 0.2225 0.2225 0.243 0.243 0.243 0.233 0.233 0.2365 0.2365 0.2335 0.2335 0.2335 0.2315 0.2315 0.2185 0.2185 0.239 0.239 0.239 0.2315 0.2315 0.2375 0.2375
0.188 0.1855 0.1855 0.218 0.218 0.218 0.2295 0.2295 0.2245 0.2245 0.2225 0.2225 0.2095 0.2095 0.2095 0.213 0.213 0.232 0.232 0.219 0.219 0.219 0.205 0.205 0.2145 0.2145 0.2205 0.2205 0.2205 0.2205 0.2205 0.217 0.217 0.2265 0.2265 0.2265 0.2335 0.2335 0.22 0.22 0.226 0.226 0.226 0.2175 0.2175 0.2255 0.2255 0.202 0.202 0.204 0.204 0.204 0.236 0.236 0.2225 0.2225 0.243 0.243 0.243 0.233 0.233 0.2365 0.2365 0.2335 0.2335 0.2335 0.2315 0.2315 0.2185 0.2185 0.239 0.239 0.239 0.2315 0.2315 0.2375 0.2375
0.2 0.204 0.204 0.1975 0.1975 0.1975 0.219 0.219 0.2235 0.2235 0.2105 0.2105 0.223 0.223 0.223 0.2195 0.2195 0.226 0.226 0.214 0.214 0.214 0.2265 0.2265 0.2215 0.2215 0.2205 0.2205 0.2205 0.208 0.208 0.218 0.218 0.2245 0.2245 0.2245 0.2005 0.2005 0.2025 0.2025 0.224 0.224 0.224 0.2215 0.2215 0.2115 0.2115 0.2235 0.2235 0.2205 0.2205 0.2205 0.237 0.237 0.2275 0.2275 0.2515 0.2515 0.2515 0.234 0.234 0.24 0.24 0.249 0.249 0.249 0.2385 0.2385 0.229 0.229 0.2325 0.2325 0.2325 0.236 0.236 0.2335 0.2335
0.2 0.204 0.204 0.1975 0.1975 0.1975 0.219 0.219 0.2235 0.2235 0.2105 0.2105 0.223 0.223 0.223 0.2195 0.2195 0.226 0.226 0.214 0.214 0.214 0.2265 0.2265 0.2215 0.2215 0.2205 0.2205 0.2205 0.208 0.208 0.218 0.218 0.2245 0.2245 0.2245 0.2005 0.2005 0.2025 0.2025 0.224 0.224 0.224 0.2215 0.2215 0.2115 0.2115 0.2235 0.2235 0.2205 0.2205 0.2205 0.237 0.237 0.2275 0.2275 0.2515 0.2515 0.2515 0.234 0.234 0.24 0.24 0.249 0.249 0.249 0.2385 0.2385 0.229 0.229 0.2325 0.2325 0.2325 0.236 0.236 0.2335 0.2335
0.233 0.222 0.222 0.2215 0.2215 0.2215 0.224 0.224 0.213 0.213 0.221 0.221 0.2265 0.2265 0.2265 0.225 0.225 0.2215 0.2215 0.222 0.222 0.222 0.22 0.22 0.2225 0.2225 0.23 0.23 0.23 0.2115 0.2115 0.23 0.23 0.226 0.226 0.226 0.2095 0.2095 0.211 0.211 0.201 0.201 0.201 0.228 0.228 0.2335 0.2335 0.2075 0.2075 0.2205 0.2205 0.2205 0.23 0.23 0.2525 0.2525 0.238 0.238 0.238 0.2515 0.2515 0.254 0.254 0.254 0.254 0.254 0.2335 0.2335 0.247 0.247 0.24 0.24 0.24 0.2285 0.2285 0.236 0.236
0.233 0.222 0.222 0.2215 0.2215 0.2215 0.224 0.224 0.213 0.213 0.221 0.221 0.2265 0.2265 0.2265 0.225 0.225 0.2215 0.2215 0.222 0.222 0.222 0.22 0.22 0.2225 0.2225 0.23 0.23 0.23 0.2115 0.2115 0.23 0.23 0.226 0.226 0.226 0.2095 0.2095 0.211 0.211 0.201 0.201 0.201 0.228 0.228 0.2335 0.2335 0.2075 0.2075 0.2205 0.2205 0.2205 0.23 0.23 0.2525 0.2525 0.238 0.238 0.238 0.2515 0.2515 0.254 0.254 0.254 0.254 0.254 0.2335 0.2335 0.247 0.247 0.24 0.24 0.24 0.2285 0.2285 0.236 0.236
0.233 0.222 0.222 0.2215 0.2215 0.2215 0.224 0.224 0.213 0.213 0.221 0.221 0.2265 0.2265 0.2265 0.225 0.225 0.2215 0.2215 0.222 0.222 0.222 0.22 0.22 0.2225 0.2225 0.23 0.23 0.23 0.2115 0.2115 0.23 0.23 0.226 0.226 0.226 0.2095 0.2095 0.211 0.211 0.201 0.201 0.201 0.228 0.228 0.2335 0.2335 0.2075 0.2075 0.2205 0.2205 0.2205 0.23 0.23 0.2525 0.2525 0.238 0.238 0.238 0.2515 0.2515 0.254 0.254 0.254 0.254 0.254 0.2335 0.2335 0.247 0.247 0.24 0.24 0.24 0.2285 0.2285 0.236 0.236
0.237 0.23 0.23 0.2275 0.2275 0.2275 0.215 0.215 0.2185 0.2185 0.2355 0.2355 0.232 0.232 0.232 0.2285 0.2285 0.24 0.24 0.246 0.246 0.246 0.2365 0.2365 0.2415 0.2415 0.2365 0.2365 0.2365 0.2155 0.2155 0.206 0.206 0.219 0.219 0.219 0.2005 0.2005 0.2035 0.2035 0.1845 0.1845 0.1845 0.221 0.221 0.248 0.248 0.2225 0.2225 0.2485 0.2485 0.2485 0.2305 0.2305 0.2385 0.2385 0.2375 0.2375 0.2375 0.2435 0.2435 0.248 0.248 0.25 0.25 0.25 0.2535 0.2535 0.26 0.26 0.247 0.247 0.247 0.2445 0.2445 0.2395 0.2395
0.237 0.23 0.23 0.2275 0.2275 0.2275 0.215 0.215 0.2185 0.2185 0.2355 0.2355 0.232 0.232 0.232 0.2285 0.2285 0.24 0.24 0.246 0.246 0.246 0.2365 0.2365 0.2415 0.2415 0.2365 0.2365 0.2365 0.2155 0.2155 0.206 0.206 0.219 0.219 0.219 0.2005 0.2005 0.2035 0.2035 0.1845 0.1845 0.1845 0.221 0.221 0.248 0.248 0.2225 0.2225 0.2485 0.2485 0.2485 0.2305 0.2305 0.2385 0.2385 0.2375 0.2375 0.2375 0.2435 0.2435 0.248 0.248 0.25 0.25 0.25 0.2535 0.2535 0.26 0.26 0.247 0.247 0.247 0.2445 0.2445 0.2395 0.2395
0.232 0.239 0.239 0.237 0.237 0.237 0.203 0.203 0.225 0.225 0.235 0.235 0.2315 0.2315 0.2315 0.2425 0.2425 0.2425 0.2425 0.253 0.253 0.253 0.241 0.241 0.249 0.249 0.228 0.228 0.228 0.229 0.229 0.2105 0.2105 0.207 0.207 0.207 0.2065 0.2065 0.2095 0.2095 0.2135 0.2135 0.2135 0.2185 0.2185 0.252 0.252 0.234 0.234 0.249 0.249 0.249 0.2455 0.2455 0.2485 0.2485 0.2475 0.2475 0.2475 0.25 0.25 0.237 0.237 0.261 0.261 0.261 0.2505 0.2505 0.2295 0.2295 0.2345 0.2345 0.2345 0.241 0.241 0.2395 0.2395
0.232 0.239 0.239 0.237 0.237 0.237 0.203 0.203 0.225 0.225 0.235 0.235 0.2315 0.2315 0.2315 0.2425 0.2425 0.2425 0.2425 0.253 0.253 0.253 0.241 0.241 0.249 0.249 0.228 0.228 0.228 0.229 0.229 0.2105 0.2105 0.207 0.207 0.207 0.2065 0.2065 0.2095 0.2095 0.2135 0.2135 0.2135 0.2185 0.2185 0.252 0.252 0.234 0.234 0.249 0.249 0.249 0.2455 0.2455 0.2485 0.2485 0.2475 0.2475 0.2475 0.25 0.25 0.237 0.237 0.261 0.261 0.261 0.2505 0.2505 0.2295 0.2295 0.2345 0.2345 0.2345 0.241 0.241 0.2395 0.2395
0.2595 0.2485 0.2485 0.241 0.241 0.241 0.2245 0.2245 0.228 0.228 0.2515 0.2515 0.245 0.245 0.245 0.248 0.248 0.249 0.249 0.242 0.242 0.242 0.2445 0.2445 0.2525 0.2525 0.234 0.234 0.234 0.21 0.21 0.228 0.228 0.229 0.229 0.229 0.217 0.217 0.2235 0.2235 0.2185 0.2185 0.2185 0.2015 0.2015 0.238 0.238 0.2325 0.2325 0.2345 0.2345 0.2345 0.2505 0.2505 0.2375 0.2375 0.2445 0.2445 0.2445 0.251 0.251 0.25 0.25 0.243 0.243 0.243 0.2275 0.2275 0.234 0.234 0.2395 0.2395 0.2395 0.2455 0.2455 0.238 0.238
0.2595 0.2485 0.2485 0.241 0.241 0.241 0.2245 0.2245 0.228 0.228 0.2515 0.2515 0.245 0.245 0.245 0.248 0.248 0.249 0.249 0.242 0.242 0.242 0.2445 0.2445 0.2525 0.2525 0.234 0.234 0.234 0.21 0.21 0.228 0.228 0.229 0.229 0.229 0.217 0.217 0.2235 0.2235 0.2185 0.2185 0.2185 0.2015 0.2015 0.238 0.238 0.2325 0.2325 0.2345 0.2345 0.2345 0.2505 0.2505 0.2375 0.2375 0.2445 0.2445 0.2445 0.251 0.251 0.25 0.25 0.243 0.243 0.243 0.2275 0.2275 0.234 0.234 0.2395 0.2395 0.2395 0.2455 0.2455 0.238 0.238
0.2415 0.2345 0.2345 0.23 0.23 0.23 0.2375 0.2375 0.2365 0.2365 0.2405 0.2405 0.233 0.233 0.233 0.2535 0.2535 0.235 0.235 0.245 0.245 0.245 0.248 0.248 0.25 0.25 0.237 0.237 0.237 0.2285 0.2285 0.228 0.228 0.2395 0.2395 0.2395 0.227 0.227 0.2255 0.2255 0.224 0.224 0.224 0.2265 0.2265 0.266 0.266 0.241 0.241 0.2735 0.2735 0.2735 0.2415 0.2415 0.249 0.249 0.258 0.258 0.258 0.2565 0.2565 0.2505 0.2505 0.2575 0.2575 0.2575 0.237 0.237 0.246 0.246 0.256 0.256 0.256 0.2345 0.2345 0.2405 0.2405
0.2415 0.2345 0.2345 0.23 0.23 0.23 0.2375 0.2375 0.2365 0.2365 0.2405 0.2405 0.233 0.233 0.233 0.2535 0.2535 0.235 0.235 0.245 0.245 0.245 0.248 0.248 0.25 0.25 0.237 0.237 0.237 0.2285 0.2285 0.228 0.228 0.2395 0.2395 0.2395 0.227 0.227 0.2255 0.2255 0.224 0.224 0.224 0.2265 0.2265 0.266 0.266 0.241 0.241 0.2735 0.2735 0.2735 0.2415 0.2415 0.249 0.249 0.258 0.258 0.258 0.2565 0.2565 0.2505 0.2505 0.2575 0.2575 0.2575 0.237 0.237 0.246 0.246 0.256 0.256 0.256 0.2345 0.2345 0.2405 0.2405
0.2415 0.2345 0.2345 0.23 0.23 0.23 0.2375 0.2375 0.2365 0.2365 0.2405 0.2405 0.233 0.233 0.233 0.2535 0.2535 0.235 0.235 0.245 0.245 0.245 0.248 0.248 0.25 0.25 0.237 0.237 0.237 0.2285 0.2285 0.228 0.228 0.2395 0.2395 0.2395 0.227 0.227 0.2255 0.2255 0.224 0.224 0.224 0.2265 0.2265 0.266 0.266 0.241 0.241 0.2735 0.2735 0.2735 0.2415 0.2415 0.249 0.249 0.258 0.258 0.258 0.2565 0.2565 0.2505 0.2505 0.2575 0.2575 0.2575 0.237 0.237 0.246 0.246 0.256 0.256 0.256 0.2345 0.2345 0.2405 0.2405
0.246 0.2445 0.2445 0.2355 0.2355 0.2355 0.236 0.236 0.231 0.231 0.2425 0.2425 0.2385 0.2385 0.2385 0.269 0.269 0.2435 0.2435 0.242 0.242 0.242 0.247 0.247 0.23 0.23 0.245 0.245 0.245 0.252 0.252 0.2485 0.2485 0.2425 0.2425 0.2425 0.2275 0.2275 0.226 0.226 0.2245 0.2245 0.2245 0.235 0.235 0.2715 0.2715 0.268 0.268 0.2605 0.2605 0.2605 0.2525 0.2525 0.2495 0.2495 0.25 0.25 0.25 0.252 0.252 0.2445 0.2445 0.2465 0.2465 0.2465 0.2535 0.2535 0.234 0.234 0.2385 0.2385 0.2385 0.2365 0.2365 0.2295 0.2295
0.246 0.2445 0.2445 0.2355 0.2355 0.2355 0.236 0.236 0.231 0.231 0.2425 0.2425 0.2385 0.2385 0.2385 0.269 0.269 0.2435 0.2435 0.242 0.242 0.242 0.247 0.247 0.23 0.23 0.245 0.245 0.245 0.252 0.252 0.2485 0.2485 0.2425 0.2425 0.2425 0.2275 0.2275 0.226 0.226 0.2245 0.2245 0.2245 0.235 0.235 0.2715 0.2715 0.268 0.268 0.2605 0.2605 0.2605 0.2525 0.2525 0.2495 0.2495 0.25 0.25 0.25 0.252 0.252 0.2445 0.2445 0.2465 0.2465 0.2465 0.2535 0.2535 0.234 0.234 0.2385 0.2385 0.2385 0.2365 0.2365 0.2295 0.2295
0.268 0.2435 0.2435 0.258 0.258 0.258 0.247 0.247 0.2455 0.2455 0.2445 0.2445 0.2395 0.2395 0.2395 0.246 0.246 0.243 0.243 0.254 0.254 0.254 0.2495 0.2495 0.2635 0.2635 0.27 0.27 0.27 0.279 0.279 0.2615 0.2615 0.2475 0.2475 0.2475 0.2515 0.2515 0.2545 0.2545 0.259 0.259 0.259 0.272 0.272 0.2615 0.2615 0.258 0.258 0.2785 0.2785 0.2785 0.265 0.265 0.2865 0.2865 0.291 0.291 0.291 0.2975 0.2975 0.2575 0.2575 0.2535 0.2535 0.2535 0.2425 0.2425 0.254 0.254 0.242 0.242 0.242 0.2285 0.2285 0.2365 0.2365
0.268 0.2435 0.2435 0.258 0.258 0.258 0.247 0.247 0.2455 0.2455 0.2445 0.2445 0.2395 0.2395 0.2395 0.246 0.246 0.243 0.243 0.254 0.254 0.254 0.2495 0.2495 0.2635 0.2635 0.27 0.27 0.27 0.279 0.279 0.2615 0.2615 0.2475 0.2475 0.2475 0.2515 0.2515 0.2545 0.2545 0.259 0.259 0.259 0.272 0.272 0.2615 0.2615 0.258 0.258 0.2785 0.2785 0.2785 0.265 0.265 0.2865 0.2865 0.291 0.291 0.291 0.2975 0.2975 0.2575 0.2575 0.2535 0.2535 0.2535 0.2425 0.2425 0.254 0.254 0.242 0.242 0.242 0.2285 0.2285 0.2365 0.2365
0.247 0.246 0.246 0.241 0.241 0.241 0.2425 0.2425 0.2305 0.2305 0.2435 0.2435 0.267 0.267 0.267 0.2635 0.2635 0.2395 0.2395 0.257 0.257 0.257 0.2675 0.2675 0.272 0.272 0.2795 0.2795 0.2795 0.268 0.268 0.26 0.26 0.241 0.241 0.241 0.261 0.261 0.2365 0.2365 0.2465 0.2465 0.2465 0.236 0.236 0.2535 0.2535 0.2485 0.2485 0.25 0.25 0.25 0.258 0.258 0.2775 0.2775 0.255 0.255 0.255 0.285 0.285 0.2785 0.2785 0.2545 0.2545 0.2545 0.265 0.265 0.2615 0.2615 0.2505 0.2505 0.2505 0.2535 0.2535 0.2555 0.2555
0.247 0.246 0.246 0.241 0.241 0.241 0.2425 0.2425 0.2305 0.2305 0.2435 0.2435 0.267 0.267 0.267 0.2635 0.2635 0.2395 0.2395 0.257 0.257 0.257 0.2675 0.2675 0.272 0.272 0.2795 0.2795 0.2795 0.268 0.268 0.26 0.26 0.241 0.241 0.241 0.261 0.261 0.2365 0.2365 0.2465 0.2465 0.2465 0.236 0.236 0.2535 0.2535 0.2485 0.2485 0.25 0.25 0.25 0.258 0.258 0.2775 0.2775 0.255 0.255 0.255 0.285 0.285 0.2785 0.2785 0.2545 0.2545 0.2545 0.265 0.265 0.2615 0.2615 0.2505 0.2505 0.2505 0.2535 0.2535 0.2555 0.2555
0.247 0.246 0.246 0.241 0.241 0.241 0.2425 0.2425 0.2305 0.2305 0.2435 0.2435 0.267 0.267 0.267 0.2635 0.2635 0.2395 0.2395 0.257 0.257 0.257 0.2675 0.2675 0.272 0.272 0.2795 0.2795 0.2795 0.268 0.268 0.26 0.26 0.241 0.241 0.241 0.261 0.261 0.2365 0.2365 0.2465 0.2465 0.2465 0.236 0.236 0.2535 0.2535 0.2485 0.2485 0.25 0.25 0.25 0.258 0.258 0.2775 0.2775 0.255 0.255 0.255 0.285 0.285 0.2785 0.2785 0.2545 0.2545 0.2545 0.265 0.265 0.2615 0.2615 0.2505 0.2505 0.2505 0.2535 0.2535 0.2555 0.2555
