ndvi/NOAA-322.asc
ncols         252
nrows         154
xllcorner     -18.017974
yllcorner     13.481982
cellsize      0.035948
NODATA_value  -9999
[rows 70 to 104 of 154, columns 0 to 76 of 252]
-1 -1 -1 -1 -1 -1 -1 -1 -1 -1 -1 -1 -1 -1 -1 -1 -1 -1 -1 -1 -1 -1 -1 -1 -1 -1 -1 -1 -1 -1 -1 -1 -1 -1 -1 -1 -1 -1 -1 0.237 0.237 0.237 0.3535 0.3535 0.484 0.484 0.5315 0.5315 0.5315 0.465 0.465 0.4525 0.4525 0.4375 0.4375 0.401 0.401 0.401 0.5325 0.5325 0.5066 0.5066 0.5066 0.5066 0.5066 0.3475 0.3475 0.3095 0.3095 0.232 0.232 0.232 0.2175 0.2175 0.1855 0.1855 0.1795
-1 -1 -1 -1 -1 -1 -1 -1 -1 -1 -1 -1 -1 -1 -1 -1 -1 -1 -1 -1 -1 -1 -1 -1 -1 -1 -1 -1 -1 -1 -1 -1 -1 -1 -1 -1 -1 0.1062 0.1062 0.2 0.2 0.2 0.3435 0.3435 0.308 0.308 0.39 0.39 0.39 0.3865 0.3865 0.358 0.358 0.351 0.351 0.2695 0.2695 0.2695 0.346 0.346 0.403 0.403 0.403 0.403 0.403 0.337 0.337 0.3005 0.3005 0.231 0.231 0.231 0.2075 0.2075 0.1925 0.1925 0.193
-1 -1 -1 -1 -1 -1 -1 -1 -1 -1 -1 -1 -1 -1 -1 -1 -1 -1 -1 -1 -1 -1 -1 -1 -1 -1 -1 -1 -1 -1 -1 -1 -1 -1 -1 -1 -1 0.1062 0.1062 0.2 0.2 0.2 0.3435 0.3435 0.308 0.308 0.39 0.39 0.39 0.3865 0.3865 0.358 0.358 0.351 0.351 0.2695 0.2695 0.2695 0.346 0.346 0.403 0.403 0.403 0.403 0.403 0.337 0.337 0.3005 0.3005 0.231 0.231 0.231 0.2075 0.2075 0.1925 0.1925 0.193
-1 -1 -1 -1 -1 -1 -1 -1 -1 -1 -1 -1 -1 -1 -1 -1 -1 -1 -1 -1 -1 -1 -1 -1 -1 -1 -1 -1 -1 -1 -1 -1 -1 -1 -1 -1 -1 0.1062 0.1062 0.2 0.2 0.2 0.3435 0.3435 0.308 0.308 0.39 0.39 0.39 0.3865 0.3865 0.358 0.358 0.351 0.351 0.2695 0.2695 0.2695 0.346 0.346 0.403 0.403 0.403 0.403 0.403 0.337 0.337 0.3005 0.3005 0.231 0.231 0.231 0.2075 0.2075 0.1925 0.1925 0.193
-1 -1 -1 -1 -1 -1 -1 -1 -1 -1 -1 -1 -1 -1 -1 -1 -1 -1 -1 -1 -1 -1 -1 -1 -1 -1 -1 -1 -1 -1 -1 -1 -1 -1 -1 -1 -1 0.0301 0.0301 0.154 0.154 0.154 0.3035 0.3035 0.448 0.448 0.2765 0.2765 0.2765 0.278 0.278 0.2345 0.2345 0.236 0.236 0.2915 0.2915 0.2915 0.348 0.348 0.413 0.413 0.413 0.413 0.413 0.333 0.333 0.273 0.273 0.2595 0.2595 0.2595 0.2175 0.2175 0.3145 0.3145 0.226
-1 -1 -1 -1 -1 -1 -1 -1 -1 -1 -1 -1 -1 -1 -1 -1 -1 -1 -1 -1 -1 -1 -1 -1 -1 -1 -1 -1 -1 -1 -1 -1 -1 -1 -1 -1 -1 0.0301 0.0301 0.154 0.154 0.154 0.3035 0.3035 0.448 0.448 0.2765 0.2765 0.2765 0.278 0.278 0.2345 0.2345 0.236 0.236 0.2915 0.2915 0.2915 0.348 0.348 0.413 0.413 0.413 0.413 0.413 0.333 0.333 0.273 0.273 0.2595 0.2595 0.2595 0.2175 0.2175 0.3145 0.3145 0.226
-1 -1 -1 -1 -1 -1 -1 -1 -1 -1 -1 -1 -1 -1 -1 -1 -1 -1 -1 -1 -1 -1 -1 -1 -1 -1 -1 -1 -1 -1 -1 -1 -1 -1 -1 -1 -1 0.0017 0.0017 0.1655 0.1655 0.1655 0.4005 0.4005 0.3825 0.3825 0.3485 0.3485 0.3485 0.275 0.275 0.315 0.315 0.278 0.278 0.321 0.321 0.321 0.344 0.344 0.381 0.381 0.381 0.381 0.381 0.367 0.367 0.319 0.319 0.327 0.327 0.327 0.275 0.275 0.2255 0.2255 0.2
-1 -1 -1 -1 -1 -1 -1 -1 -1 -1 -1 -1 -1 -1 -1 -1 -1 -1 -1 -1 -1 -1 -1 -1 -1 -1 -1 -1 -1 -1 -1 -1 -1 -1 -1 -1 -1 0.0017 0.0017 0.1655 0.1655 0.1655 0.4005 0.4005 0.3825 0.3825 0.3485 0.3485 0.3485 0.275 0.275 0.315 0.315 0.278 0.278 0.321 0.321 0.321 0.344 0.344 0.381 0.381 0.381 0.381 0.381 0.367 0.367 0.319 0.319 0.327 0.327 0.327 0.275 0.275 0.2255 0.2255 0.2
-1 -1 -1 -1 -1 -1 -1 -1 -1 -1 -1 -1 -1 -1 -1 -1 -1 -1 -1 -1 -1 -1 -1 -1 -1 -1 -1 -1 -1 -1 -1 -1 -1 -1 -1 -1 -1 0.0682 0.0682 0.196 0.196 0.196 0.304 0.304 0.4145 0.4145 0.375 0.375 0.375 0.336 0.336 0.3395 0.3395 0.3045 0.3045 0.3345 0.3345 0.3345 0.3455 0.3455 0.315 0.315 0.315 0.315 0.315 0.316 0.316 0.3355 0.3355 0.3035 0.3035 0.3035 0.2675 0.2675 0.248 0.248 0.2195
-1 -1 -1 -1 -1 -1 -1 -1 -1 -1 -1 -1 -1 -1 -1 -1 -1 -1 -1 -1 -1 -1 -1 -1 -1 -1 -1 -1 -1 -1 -1 -1 -1 -1 -1 -1 -1 0.0682 0.0682 0.196 0.196 0.196 0.304 0.304 0.4145 0.4145 0.375 0.375 0.375 0.336 0.336 0.3395 0.3395 0.3045 0.3045 0.3345 0.3345 0.3345 0.3455 0.3455 0.315 0.315 0.315 0.315 0.315 0.316 0.316 0.3355 0.3355 0.3035 0.3035 0.3035 0.2675 0.2675 0.248 0.248 0.2195
-1 -1 -1 -1 -1 -1 -1 -1 -1 -1 -1 -1 -1 -1 -1 -1 -1 -1 -1 -1 -1 -1 -1 -1 -1 -1 -1 -1 -1 -1 -1 -1 -1 -1 -1 -1 -1 0.0542 0.0542 0.269 0.269 0.269 0.4085 0.4085 0.4215 0.4215 0.4115 0.4115 0.4115 0.452 0.452 0.368 0.368 0.334 0.334 0.4065 0.4065 0.4065 0.3305 0.3305 0.329 0.329 0.329 0.329 0.329 0.373 0.373 0.384 0.384 0.3375 0.3375 0.3375 0.2585 0.2585 0.285 0.285 0.2485
-1 -1 -1 -1 -1 -1 -1 -1 -1 -1 -1 -1 -1 -1 -1 -1 -1 -1 -1 -1 -1 -1 -1 -1 -1 -1 -1 -1 -1 -1 -1 -1 -1 -1 -1 -1 -1 0.0542 0.0542 0.269 0.269 0.269 0.4085 0.4085 0.4215 0.4215 0.4115 0.4115 0.4115 0.452 0.452 0.368 0.368 0.334 0.334 0.4065 0.4065 0.4065 0.3305 0.3305 0.329 0.329 0.329 0.329 0.329 0.373 0.373 0.384 0.384 0.3375 0.3375 0.3375 0.2585 0.2585 0.285 0.285 0.2485
-1 -1 -1 -1 -1 -1 -1 -1 -1 -1 -1 -1 -1 -1 -1 -1 -1 -1 -1 -1 -1 -1 -1 -1 -1 -1 -1 -1 -1 -1 -1 -1 -1 -1 -1 -1 -1 0.0542 0.0542 0.269 0.269 0.269 0.4085 0.4085 0.4215 0.4215 0.4115 0.4115 0.4115 0.452 0.452 0.368 0.368 0.334 0.334 0.4065 0.4065 0.4065 0.3305 0.3305 0.329 0.329 0.329 0.329 0.329 0.373 0.373 0.384 0.384 0.3375 0.3375 0.3375 0.2585 0.2585 0.285 0.285 0.2485
-1 -1 -1 -1 -1 -1 -1 -1 -1 -1 -1 -1 -1 -1 -1 -1 -1 -1 -1 -1 -1 -1 -1 -1 -1 -1 -1 -1 -1 -1 -1 -1 -1 -1 -1 -1 -1 0.0827 0.0827 0.2795 0.2795 0.2795 0.3565 0.3565 0.384 0.384 0.401 0.401 0.401 0.3825 0.3825 0.3845 0.3845 0.339 0.339 0.3835 0.3835 0.3835 0.3555 0.3555 0.311 0.311 0.311 0.311 0.311 0.3295 0.3295 0.2955 0.2955 0.3155 0.3155 0.3155 0.276 0.276 0.2965 0.2965 0.253
-1 -1 -1 -1 -1 -1 -1 -1 -1 -1 -1 -1 -1 -1 -1 -1 -1 -1 -1 -1 -1 -1 -1 -1 -1 -1 -1 -1 -1 -1 -1 -1 -1 -1 -1 -1 -1 0.0827 0.0827 0.2795 0.2795 0.2795 0.3565 0.3565 0.384 0.384 0.401 0.401 0.401 0.3825 0.3825 0.3845 0.3845 0.339 0.339 0.3835 0.3835 0.3835 0.3555 0.3555 0.311 0.311 0.311 0.311 0.311 0.3295 0.3295 0.2955 0.2955 0.3155 0.3155 0.3155 0.276 0.276 0.2965 0.2965 0.253
-1 -1 -1 -1 -1 -1 -1 -1 -1 -1 -1 -1 -1 -1 -1 -1 -1 -1 -1 -1 -1 -1 -1 -1 -1 -1 -1 -1 -1 -1 -1 -1 -1 -1 -1 -1 -1 0.12 0.12 0.32 0.32 0.32 0.3525 0.3525 0.3655 0.3655 0.371 0.371 0.371 0.4315 0.4315 0.3755 0.3755 0.3515 0.3515 0.3475 0.3475 0.3475 0.3035 0.3035 0.3575 0.3575 0.3575 0.3575 0.3575 0.339 0.339 0.311 0.311 0.324 0.324 0.324 0.3185 0.3185 0.296 0.296 0.3005
-1 -1 -1 -1 -1 -1 -1 -1 -1 -1 -1 -1 -1 -1 -1 -1 -1 -1 -1 -1 -1 -1 -1 -1 -1 -1 -1 -1 -1 -1 -1 -1 -1 -1 -1 -1 -1 0.12 0.12 0.32 0.32 0.32 0.3525 0.3525 0.3655 0.3655 0.371 0.371 0.371 0.4315 0.4315 0.3755 0.3755 0.3515 0.3515 0.3475 0.3475 0.3475 0.3035 0.3035 0.3575 0.3575 0.3575 0.3575 0.3575 0.339 0.339 0.311 0.311 0.324 0.324 0.324 0.3185 0.3185 0.296 0.296 0.3005
-1 -1 -1 -1 -1 -1 -1 -1 -1 -1 -1 -1 -1 -1 -1 -1 -1 -1 -1 -1 -1 -1 -1 -1 -1 -1 -1 -1 -1 -1 -1 -1 -1 -1 -1 0.0507 0.0507 0.2975 0.2975 0.3375 0.3375 0.3375 0.3275 0.3275 0.34 0.34 0.3425 0.3425 0.3425 0.3655 0.3655 0.43 0.43 0.3625 0.3625 0.354 0.354 0.354 0.3505 0.3505 0.3285 0.3285 0.3285 0.3285 0.3285 0.354 0.354 0.3585 0.3585 0.334 0.334 0.334 0.32 0.32 0.323 0.323 0.3375
-1 -1 -1 -1 -1 -1 -1 -1 -1 -1 -1 -1 -1 -1 -1 -1 -1 -1 -1 -1 -1 -1 -1 -1 -1 -1 -1 -1 -1 -1 -1 -1 -1 -1 -1 0.0507 0.0507 0.2975 0.2975 0.3375 0.3375 0.3375 0.3275 0.3275 0.34 0.34 0.3425 0.3425 0.3425 0.3655 0.3655 0.43 0.43 0.3625 0.3625 0.354 0.354 0.354 0.3505 0.3505 0.3285 0.3285 0.3285 0.3285 0.3285 0.354 0.354 0.3585 0.3585 0.334 0.334 0.334 0.32 0.32 0.323 0.323 0.3375
-1 -1 -1 -1 -1 -1 -1 -1 -1 -1 -1 -1 -1 -1 -1 -1 -1 -1 -1 -1 -1 -1 -1 -1 -1 -1 -1 -1 -1 -1 -1 -1 -1 -1 -1 0.0507 0.0507 0.2975 0.2975 0.3375 0.3375 0.3375 0.3275 0.3275 0.34 0.34 0.3425 0.3425 0.3425 0.3655 0.3655 0.43 0.43 0.3625 0.3625 0.354 0.354 0.354 0.3505 0.3505 0.3285 0.3285 0.3285 0.3285 0.3285 0.354 0.354 0.3585 0.3585 0.334 0.334 0.334 0.32 0.32 0.323 0.323 0.3375
-1 -1 -1 -1 -1 -1 -1 -1 -1 -1 -1 -1 -1 -1 -1 -1 -1 -1 -1 -1 -1 -1 -1 -1 -1 -1 -1 -1 -1 -1 -1 -1 -1 -1 -1 0.1935 0.1935 0.3235 0.3235 0.367 0.367 0.367 0.3745 0.3745 0.3445 0.3445 0.323 0.323 0.323 0.3295 0.3295 0.3205 0.3205 0.3185 0.3185 0.295 0.295 0.295 0.3185 0.3185 0.3095 0.3095 0.3095 0.3095 0.3095 0.329 0.329 0.3425 0.3425 0.3825 0.3825 0.3825 0.371 0.371 0.3635 0.3635 0.279
-1 -1 -1 -1 -1 -1 -1 -1 -1 -1 -1 -1 -1 -1 -1 -1 -1 -1 -1 -1 -1 -1 -1 -1 -1 -1 -1 -1 -1 -1 -1 -1 -1 -1 -1 0.1935 0.1935 0.3235 0.3235 0.367 0.367 0.367 0.3745 0.3745 0.3445 0.3445 0.323 0.323 0.323 0.3295 0.3295 0.3205 0.3205 0.3185 0.3185 0.295 0.295 0.295 0.3185 0.3185 0.3095 0.3095 0.3095 0.3095 0.3095 0.329 0.329 0.3425 0.3425 0.3825 0.3825 0.3825 0.371 0.371 0.3635 0.3635 0.279
-1 -1 -1 -1 -1 -1 -1 -1 -1 -1 -1 -1 -1 -1 -1 -1 -1 -1 -1 -1 -1 -1 -1 -1 -1 -1 -1 -1 -1 -1 -1 -1 0.0987 0.0987 0.0987 0.338 0.338 0.394 0.394 0.3915 0.3915 0.3915 0.354 0.354 0.3585 0.3585 0.3565 0.3565 0.3565 0.3375 0.3375 0.3255 0.3255 0.3375 0.3375 0.3275 0.3275 0.3275 0.3505 0.3505 0.349 0.349 0.349 0.349 0.349 0.345 0.345 0.3695 0.3695 0.382 0.382 0.382 0.4105 0.4105 0.409 0.409 0.298
-1 -1 -1 -1 -1 -1 -1 -1 -1 -1 -1 -1 -1 -1 -1 -1 -1 -1 -1 -1 -1 -1 -1 -1 -1 -1 -1 -1 -1 -1 -1 -1 0.0987 0.0987 0.0987 0.338 0.338 0.394 0.394 0.3915 0.3915 0.3915 0.354 0.354 0.3585 0.3585 0.3565 0.3565 0.3565 0.3375 0.3375 0.3255 0.3255 0.3375 0.3375 0.3275 0.3275 0.3275 0.3505 0.3505 0.349 0.349 0.349 0.349 0.349 0.345 0.345 0.3695 0.3695 0.382 0.382 0.382 0.4105 0.4105 0.409 0.409 0.298
-1 -1 -1 -1 -1 -1 -1 -1 -1 -1 -1 -1 -1 -1 -1 -1 -1 -1 -1 -1 -1 -1 -1 -1 -1 -1 -1 -1 -1 -1 0.0232 0.0232 0.221 0.221 0.221 0.3695 0.3695 0.394 0.394 0.3455 0.3455 0.3455 0.353 0.353 0.362 0.362 0.3375 0.3375 0.3375 0.358 0.358 0.3495 0.3495 0.3425 0.3425 0.3275 0.3275 0.3275 0.345 0.345 0.3625 0.3625 0.3625 0.3625 0.3625 0.3215 0.3215 0.3675 0.3675 0.42 0.42 0.42 0.398 0.398 0.379 0.379 0.3275
-1 -1 -1 -1 -1 -1 -1 -1 -1 -1 -1 -1 -1 -1 -1 -1 -1 -1 -1 -1 -1 -1 -1 -1 -1 -1 -1 -1 -1 -1 0.0232 0.0232 0.221 0.221 0.221 0.3695 0.3695 0.394 0.394 0.3455 0.3455 0.3455 0.353 0.353 0.362 0.362 0.3375 0.3375 0.3375 0.358 0.358 0.3495 0.3495 0.3425 0.3425 0.3275 0.3275 0.3275 0.345 0.345 0.3625 0.3625 0.3625 0.3625 0.3625 0.3215 0.3215 0.3675 0.3675 0.42 0.42 0.42 0.398 0.398 0.379 0.379 0.3275
-1 -1 -1 -1 -1 -1 -1 -1 -1 -1 -1 -1 -1 -1 -1 -1 -1 -1 -1 -1 -1 -1 -1 -1 -1 -1 -1 -1 -1 -1 0.0232 0.0232 0.221 0.221 0.221 0.3695 0.3695 0.394 0.394 0.3455 0.3455 0.3455 0.353 0.353 0.362 0.362 0.3375 0.3375 0.3375 0.358 0.358 0.3495 0.3495 0.3425 0.3425 0.3275 0.3275 0.3275 0.345 0.345 0.3625 0.3625 0.3625 0.3625 0.3625 0.3215 0.3215 0.3675 0.3675 0.42 0.42 0.42 0.398 0.398 0.379 0.379 0.3275
-1 -1 -1 -1 -1 -1 -1 -1 -1 -1 -1 -1 -1 -1 -1 -1 -1 -1 -1 -1 -1 -1 -1 -1 -1 -1 -1 -1 -1 -1 0.133 0.133 0.344 0.344 0.344 0.3405 0.3405 0.3385 0.3385 0.335 0.335 0.335 0.3055 0.3055 0.326 0.326 0.3545 0.3545 0.3545 0.367 0.367 0.385 0.385 0.3645 0.3645 0.3675 0.3675 0.3675 0.3565 0.3565 0.3325 0.3325 0.3325 0.3325 0.3325 0.3865 0.3865 0.418 0.418 0.403 0.403 0.403 0.403 0.403 0.383 0.383 0.4281
-1 -1 -1 -1 -1 -1 -1 -1 -1 -1 -1 -1 -1 -1 -1 -1 -1 -1 -1 -1 -1 -1 -1 -1 -1 -1 -1 -1 -1 -1 0.133 0.133 0.344 0.344 0.344 0.3405 0.3405 0.3385 0.3385 0.335 0.335 0.335 0.3055 0.3055 0.326 0.326 0.3545 0.3545 0.3545 0.367 0.367 0.385 0.385 0.3645 0.3645 0.3675 0.3675 0.3675 0.3565 0.3565 0.3325 0.3325 0.3325 0.3325 0.3325 0.3865 0.3865 0.418 0.418 0.403 0.403 0.403 0.403 0.403 0.383 0.383 0.4281
-1 -1 -1 -1 -1 -1 -1 -1 -1 -1 -1 -1 -1 -1 -1 -1 -1 -1 -1 -1 -1 -1 -1 -1 -1 -1 -1 -1 0.0917 0.0917 0.3385 0.3385 0.347 0.347 0.347 0.3585 0.3585 0.331 0.331 0.322 0.322 0.322 0.346 0.346 0.3405 0.3405 0.349 0.349 0.349 0.3805 0.3805 0.394 0.394 0.3815 0.3815 0.4005 0.4005 0.4005 0.368 0.368 0.3365 0.3365 0.3365 0.3365 0.3365 0.4 0.4 0.4305 0.4305 0.4165 0.4165 0.4165 0.419 0.419 0.4005 0.4005 0.397
-1 -1 -1 -1 -1 -1 -1 -1 -1 -1 -1 -1 -1 -1 -1 -1 -1 -1 -1 -1 -1 -1 -1 -1 -1 -1 -1 -1 0.0917 0.0917 0.3385 0.3385 0.347 0.347 0.347 0.3585 0.3585 0.331 0.331 0.322 0.322 0.322 0.346 0.346 0.3405 0.3405 0.349 0.349 0.349 0.3805 0.3805 0.394 0.394 0.3815 0.3815 0.4005 0.4005 0.4005 0.368 0.368 0.3365 0.3365 0.3365 0.3365 0.3365 0.4 0.4 0.4305 0.4305 0.4165 0.4165 0.4165 0.419 0.419 0.4005 0.4005 0.397
-1 -1 -1 -1 -1 -1 -1 -1 -1 -1 -1 -1 -1 -1 -1 -1 -1 -1 -1 -1 -1 -1 -1 -1 -1 0.0097 0.0097 0.0097 0.144 0.144 0.3355 0.3355 0.366 0.366 0.366 0.353 0.353 0.3305 0.3305 0.3155 0.3155 0.3155 0.3455 0.3455 0.353 0.353 0.3745 0.3745 0.3745 0.3945 0.3945 0.3785 0.3785 0.386 0.386 0.418 0.418 0.418 0.404 0.404 0.4425 0.4425 0.4425 0.4425 0.4425 0.453 0.453 0.4475 0.4475 0.4365 0.4365 0.4365 0.4235 0.4235 0.418 0.418 0.392
-1 -1 -1 -1 -1 -1 -1 -1 -1 -1 -1 -1 -1 -1 -1 -1 -1 -1 -1 -1 -1 -1 -1 -1 -1 0.0097 0.0097 0.0097 0.144 0.144 0.3355 0.3355 0.366 0.366 0.366 0.353 0.353 0.3305 0.3305 0.3155 0.3155 0.3155 0.3455 0.3455 0.353 0.353 0.3745 0.3745 0.3745 0.3945 0.3945 0.3785 0.3785 0.386 0.386 0.418 0.418 0.418 0.404 0.404 0.4425 0.4425 0.4425 0.4425 0.4425 0.453 0.453 0.4475 0.4475 0.4365 0.4365 0.4365 0.4235 0.4235 0.418 0.418 0.392
-1 -1 -1 -1 -1 -1 -1 -1 -1 -1 -1 -1 -1 -1 -1 -1 -1 -1 -1 -1 -1 -1 -1 0.0307 0.0307 0.232 0.232 0.232 0.341 0.341 0.315 0.315 0.3505 0.3505 0.3505 0.371 0.371 0.378 0.378 0.368 0.368 0.368 0.3755 0.3755 0.41 0.41 0.417 0.417 0.417 0.4465 0.4465 0.3985 0.3985 0.349 0.349 0.3855 0.3855 0.3855 0.404 0.404 0.426 0.426 0.426 0.426 0.426 0.4325 0.4325 0.4655 0.4655 0.4745 0.4745 0.4745 0.4385 0.4385 0.406 0.406 0.4225
-1 -1 -1 -1 -1 -1 -1 -1 -1 -1 -1 -1 -1 -1 -1 -1 -1 -1 -1 -1 -1 -1 -1 0.0307 0.0307 0.232 0.232 0.232 0.341 0.341 0.315 0.315 0.3505 0.3505 0.3505 0.371 0.371 0.378 0.378 0.368 0.368 0.368 0.3755 0.3755 0.41 0.41 0.417 0.417 0.417 0.4465 0.4465 0.3985 0.3985 0.349 0.349 0.3855 0.3855 0.3855 0.404 0.404 0.426 0.426 0.426 0.426 0.426 0.4325 0.4325 0.4655 0.4655 0.4745 0.4745 0.4745 0.4385 0.4385 0.406 0.406 0.4225
