ndvi/NOAA-141.asc
ncols         252
nrows         154
xllcorner     -18.017974
yllcorner     13.481982
cellsize      0.035948
NODATA_value  -9999
[rows 102 to 135 of 154, columns 156 to 233 of 252]
0.4165 0.4006 0.4006 0.4006 0.3055 0.3055 0.342 0.342 0.3775 0.3775 0.4105 0.4105 0.4105 0.363 0.363 0.3475 0.3475 0.3645 0.3645 0.3645 0.41 0.41 0.421 0.421 0.465 0.465 0.465 0.4415 0.4415 0.4795 0.4795 0.475 0.475 0.475 0.47 0.47 0.459 0.459 0.452 0.452 0.452 0.4515 0.4515 0.4325 0.4325 0.4125 0.4125 0.3965 0.3965 0.3965 0.345 0.345 0.34 0.34 0.4585 0.4585 0.4585 0.4175 0.4175 0.433 0.433 0.4295 0.4295 0.4295 0.449 0.449 0.394 0.394 0.367 0.367 0.367 0.419 0.419 0.4275 0.4275 0.3875 0.3875 0.3875
0.413 0.385 0.385 0.385 0.3255 0.3255 0.403 0.403 0.385 0.385 0.3935 0.3935 0.3935 0.3845 0.3845 0.358 0.358 0.3665 0.3665 0.3665 0.38 0.38 0.4285 0.4285 0.479 0.479 0.479 0.484 0.484 0.5415 0.5415 0.469 0.469 0.469 0.5105 0.5105 0.4515 0.4515 0.436 0.436 0.436 0.4265 0.4265 0.409 0.409 0.42 0.42 0.392 0.392 0.392 0.403 0.403 0.4995 0.4995 0.4575 0.4575 0.4575 0.423 0.423 0.444 0.444 0.44 0.44 0.44 0.4855 0.4855 0.4405 0.4405 0.4025 0.4025 0.4025 0.421 0.421 0.4861 0.4861 0.4325 0.4325 0.4325
0.413 0.385 0.385 0.385 0.3255 0.3255 0.403 0.403 0.385 0.385 0.3935 0.3935 0.3935 0.3845 0.3845 0.358 0.358 0.3665 0.3665 0.3665 0.38 0.38 0.4285 0.4285 0.479 0.479 0.479 0.484 0.484 0.5415 0.5415 0.469 0.469 0.469 0.5105 0.5105 0.4515 0.4515 0.436 0.436 0.436 0.4265 0.4265 0.409 0.409 0.42 0.42 0.392 0.392 0.392 0.403 0.403 0.4995 0.4995 0.4575 0.4575 0.4575 0.423 0.423 0.444 0.444 0.44 0.44 0.44 0.4855 0.4855 0.4405 0.4405 0.4025 0.4025 0.4025 0.421 0.421 0.4861 0.4861 0.4325 0.4325 0.4325
0.413 0.385 0.385 0.385 0.3255 0.3255 0.403 0.403 0.385 0.385 0.3935 0.3935 0.3935 0.3845 0.3845 0.358 0.358 0.3665 0.3665 0.3665 0.38 0.38 0.4285 0.4285 0.479 0.479 0.479 0.484 0.484 0.5415 0.5415 0.469 0.469 0.469 0.5105 0.5105 0.4515 0.4515 0.436 0.436 0.436 0.4265 0.4265 0.409 0.409 0.42 0.42 0.392 0.392 0.392 0.403 0.403 0.4995 0.4995 0.4575 0.4575 0.4575 0.423 0.423 0.444 0.444 0.44 0.44 0.44 0.4855 0.4855 0.4405 0.4405 0.4025 0.4025 0.4025 0.421 0.421 0.4861 0.4861 0.4325 0.4325 0.4325
0.397 0.429 0.429 0.429 0.3605 0.3605 0.391 0.391 0.423 0.423 0.435 0.435 0.435 0.378 0.378 0.3895 0.3895 0.4125 0.4125 0.4125 0.425 0.425 0.44 0.44 0.478 0.478 0.478 0.539 0.539 0.5695 0.5695 0.5415 0.5415 0.5415 0.487 0.487 0.494 0.494 0.4705 0.4705 0.4705 0.4095 0.4095 0.4145 0.4145 0.3665 0.3665 0.4065 0.4065 0.4065 0.4285 0.4285 0.497 0.497 0.4995 0.4995 0.4995 0.485 0.485 0.4475 0.4475 0.427 0.427 0.427 0.454 0.454 0.461 0.461 0.462 0.462 0.462 0.483 0.483 0.4715 0.4715 0.4665 0.4665 0.4665
0.397 0.429 0.429 0.429 0.3605 0.3605 0.391 0.391 0.423 0.423 0.435 0.435 0.435 0.378 0.378 0.3895 0.3895 0.4125 0.4125 0.4125 0.425 0.425 0.44 0.44 0.478 0.478 0.478 0.539 0.539 0.5695 0.5695 0.5415 0.5415 0.5415 0.487 0.487 0.494 0.494 0.4705 0.4705 0.4705 0.4095 0.4095 0.4145 0.4145 0.3665 0.3665 0.4065 0.4065 0.4065 0.4285 0.4285 0.497 0.497 0.4995 0.4995 0.4995 0.485 0.485 0.4475 0.4475 0.427 0.427 0.427 0.454 0.454 0.461 0.461 0.462 0.462 0.462 0.483 0.483 0.4715 0.4715 0.4665 0.4665 0.4665
0.4555 0.4315 0.4315 0.4315 0.443 0.443 0.4645 0.4645 0.51 0.51 0.449 0.449 0.449 0.44 0.44 0.4255 0.4255 0.3695 0.3695 0.3695 0.4155 0.4155 0.4635 0.4635 0.515 0.515 0.515 0.498 0.498 0.534 0.534 0.532 0.532 0.532 0.558 0.558 0.5215 0.5215 0.505 0.505 0.505 0.481 0.481 0.4855 0.4855 0.479 0.479 0.4685 0.4685 0.4685 0.5355 0.5355 0.5475 0.5475 0.504 0.504 0.504 0.4865 0.4865 0.4785 0.4785 0.4815 0.4815 0.4815 0.4735 0.4735 0.4535 0.4535 0.491 0.491 0.491 0.463 0.463 0.512 0.512 0.489 0.489 0.489
0.4555 0.4315 0.4315 0.4315 0.443 0.443 0.4645 0.4645 0.51 0.51 0.449 0.449 0.449 0.44 0.44 0.4255 0.4255 0.3695 0.3695 0.3695 0.4155 0.4155 0.4635 0.4635 0.515 0.515 0.515 0.498 0.498 0.534 0.534 0.532 0.532 0.532 0.558 0.558 0.5215 0.5215 0.505 0.505 0.505 0.481 0.481 0.4855 0.4855 0.479 0.479 0.4685 0.4685 0.4685 0.5355 0.5355 0.5475 0.5475 0.504 0.504 0.504 0.4865 0.4865 0.4785 0.4785 0.4815 0.4815 0.4815 0.4735 0.4735 0.4535 0.4535 0.491 0.491 0.491 0.463 0.463 0.512 0.512 0.489 0.489 0.489
0.4395 0.426 0.426 0.426 0.472 0.472 0.438 0.438 0.44 0.44 0.4455 0.4455 0.4455 0.488 0.488 0.441 0.441 0.478 0.478 0.478 0.46 0.46 0.496 0.496 0.5295 0.5295 0.5295 0.5055 0.5055 0.5495 0.5495 0.536 0.536 0.536 0.5335 0.5335 0.4635 0.4635 0.537 0.537 0.537 0.56 0.56 0.513 0.513 0.4995 0.4995 0.4855 0.4855 0.4855 0.5255 0.5255 0.5615 0.5615 0.56 0.56 0.56 0.549 0.549 0.4815 0.4815 0.4785 0.4785 0.4785 0.493 0.493 0.4935 0.4935 0.4945 0.4945 0.4945 0.5115 0.5115 0.524 0.524 0.5175 0.5175 0.5175
0.4395 0.426 0.426 0.426 0.472 0.472 0.438 0.438 0.44 0.44 0.4455 0.4455 0.4455 0.488 0.488 0.441 0.441 0.478 0.478 0.478 0.46 0.46 0.496 0.496 0.5295 0.5295 0.5295 0.5055 0.5055 0.5495 0.5495 0.536 0.536 0.536 0.5335 0.5335 0.4635 0.4635 0.537 0.537 0.537 0.56 0.56 0.513 0.513 0.4995 0.4995 0.4855 0.4855 0.4855 0.5255 0.5255 0.5615 0.5615 0.56 0.56 0.56 0.549 0.549 0.4815 0.4815 0.4785 0.4785 0.4785 0.493 0.493 0.4935 0.4935 0.4945 0.4945 0.4945 0.5115 0.5115 0.524 0.524 0.5175 0.5175 0.5175
0.4395 0.426 0.426 0.426 0.472 0.472 0.438 0.438 0.44 0.44 0.4455 0.4455 0.4455 0.488 0.488 0.441 0.441 0.478 0.478 0.478 0.46 0.46 0.496 0.496 0.5295 0.5295 0.5295 0.5055 0.5055 0.5495 0.5495 0.536 0.536 0.536 0.5335 0.5335 0.4635 0.4635 0.537 0.537 0.537 0.56 0.56 0.513 0.513 0.4995 0.4995 0.4855 0.4855 0.4855 0.5255 0.5255 0.5615 0.5615 0.56 0.56 0.56 0.549 0.549 0.4815 0.4815 0.4785 0.4785 0.4785 0.493 0.493 0.4935 0.4935 0.4945 0.4945 0.4945 0.5115 0.5115 0.524 0.524 0.5175 0.5175 0.5175
0.3915 0.3835 0.3835 0.3835 0.4565 0.4565 0.433 0.433 0.47 0.47 0.498 0.498 0.498 0.4935 0.4935 0.561 0.561 0.524 0.524 0.524 0.542 0.542 0.513 0.513 0.5420001 0.5420001 0.5420001 0.601 0.601 0.5345 0.5345 0.5085 0.5085 0.5085 0.4885 0.4885 0.4885 0.4885 0.454 0.454 0.454 0.533 0.533 0.4765 0.4765 0.503 0.503 0.569 0.569 0.569 0.5975 0.5975 0.582 0.582 0.5635 0.5635 0.5635 0.5435 0.5435 0.4935 0.4935 0.473 0.473 0.473 0.4915 0.4915 0.5085 0.5085 0.5015 0.5015 0.5015 0.511 0.511 0.555 0.555 0.522 0.522 0.522
0.3915 0.3835 0.3835 0.3835 0.4565 0.4565 0.433 0.433 0.47 0.47 0.498 0.498 0.498 0.4935 0.4935 0.561 0.561 0.524 0.524 0.524 0.542 0.542 0.513 0.513 0.5420001 0.5420001 0.5420001 0.601 0.601 0.5345 0.5345 0.5085 0.5085 0.5085 0.4885 0.4885 0.4885 0.4885 0.454 0.454 0.454 0.533 0.533 0.4765 0.4765 0.503 0.503 0.569 0.569 0.569 0.5975 0.5975 0.582 0.582 0.5635 0.5635 0.5635 0.5435 0.5435 0.4935 0.4935 0.473 0.473 0.473 0.4915 0.4915 0.5085 0.5085 0.5015 0.5015 0.5015 0.511 0.511 0.555 0.555 0.522 0.522 0.522
0.493 0.4825 0.4825 0.4825 0.4345 0.4345 0.456 0.456 0.5075 0.5075 0.508 0.508 0.508 0.555 0.555 0.5855 0.5855 0.5565 0.5565 0.5565 0.508 0.508 0.5265 0.5265 0.545 0.545 0.545 0.5705 0.5705 0.5085 0.5085 0.516 0.516 0.516 0.497 0.497 0.445 0.445 0.4625 0.4625 0.4625 0.548 0.548 0.5615 0.5615 0.591 0.591 0.6445 0.6445 0.6445 0.6205 0.6205 0.605 0.605 0.585 0.585 0.585 0.5685 0.5685 0.484 0.484 0.491 0.491 0.491 0.522 0.522 0.4925 0.4925 0.511 0.511 0.511 0.513 0.513 0.5145 0.5145 0.508 0.508 0.508
0.493 0.4825 0.4825 0.4825 0.4345 0.4345 0.456 0.456 0.5075 0.5075 0.508 0.508 0.508 0.555 0.555 0.5855 0.5855 0.5565 0.5565 0.5565 0.508 0.508 0.5265 0.5265 0.545 0.545 0.545 0.5705 0.5705 0.5085 0.5085 0.516 0.516 0.516 0.497 0.497 0.445 0.445 0.4625 0.4625 0.4625 0.548 0.548 0.5615 0.5615 0.591 0.591 0.6445 0.6445 0.6445 0.6205 0.6205 0.605 0.605 0.585 0.585 0.585 0.5685 0.5685 0.484 0.484 0.491 0.491 0.491 0.522 0.522 0.4925 0.4925 0.511 0.511 0.511 0.513 0.513 0.5145 0.5145 0.508 0.508 0.508
0.5125 0.54 0.54 0.54 0.4825 0.4825 0.5125 0.5125 0.5295 0.5295 0.556 0.556 0.556 0.597 0.597 0.6215 0.6215 0.6225 0.6225 0.6225 0.5625 0.5625 0.522 0.522 0.5655 0.5655 0.5655 0.5885 0.5885 0.586 0.586 0.514 0.514 0.514 0.508 0.508 0.474 0.474 0.4995 0.4995 0.4995 0.5545 0.5545 0.587 0.587 0.631 0.631 0.648 0.648 0.648 0.5975 0.5975 0.572 0.572 0.588 0.588 0.588 0.537 0.537 0.5655 0.5655 0.5555 0.5555 0.5555 0.589 0.589 0.5605 0.5605 0.5395 0.5395 0.5395 0.5445 0.5445 0.532 0.532 0.54 0.54 0.54
0.5125 0.54 0.54 0.54 0.4825 0.4825 0.5125 0.5125 0.5295 0.5295 0.556 0.556 0.556 0.597 0.597 0.6215 0.6215 0.6225 0.6225 0.6225 0.5625 0.5625 0.522 0.522 0.5655 0.5655 0.5655 0.5885 0.5885 0.586 0.586 0.514 0.514 0.514 0.508 0.508 0.474 0.474 0.4995 0.4995 0.4995 0.5545 0.5545 0.587 0.587 0.631 0.631 0.648 0.648 0.648 0.5975 0.5975 0.572 0.572 0.588 0.588 0.588 0.537 0.537 0.5655 0.5655 0.5555 0.5555 0.5555 0.589 0.589 0.5605 0.5605 0.5395 0.5395 0.5395 0.5445 0.5445 0.532 0.532 0.54 0.54 0.54
0.5125 0.54 0.54 0.54 0.4825 0.4825 0.5125 0.5125 0.5295 0.5295 0.556 0.556 0.556 0.597 0.597 0.6215 0.6215 0.6225 0.6225 0.6225 0.5625 0.5625 0.522 0.522 0.5655 0.5655 0.5655 0.5885 0.5885 0.586 0.586 0.514 0.514 0.514 0.508 0.508 0.474 0.474 0.4995 0.4995 0.4995 0.5545 0.5545 0.587 0.587 0.631 0.631 0.648 0.648 0.648 0.5975 0.5975 0.572 0.572 0.588 0.588 0.588 0.537 0.537 0.5655 0.5655 0.5555 0.5555 0.5555 0.589 0.589 0.5605 0.5605 0.5395 0.5395 0.5395 0.5445 0.5445 0.532 0.532 0.54 0.54 0.54
0.5805 0.5855 0.5855 0.5855 0.5185 0.5185 0.5745 0.5745 0.6569999 0.6569999 0.6005 0.6005 0.6005 0.6615 0.6615 0.632 0.632 0.6395 0.6395 0.6395 0.5795 0.5795 0.563 0.563 0.6115 0.6115 0.6115 0.5475 0.5475 0.583 0.583 0.537 0.537 0.537 0.563 0.563 0.572 0.572 0.5755 0.5755 0.5755 0.6195 0.6195 0.612 0.612 0.6495 0.6495 0.622 0.622 0.622 0.6535 0.6535 0.623 0.623 0.6295 0.6295 0.6295 0.565 0.565 0.547 0.547 0.5695 0.5695 0.5695 0.577 0.577 0.5505 0.5505 0.531 0.531 0.531 0.555 0.555 0.546 0.546 0.5215 0.5215 0.5215
0.5805 0.5855 0.5855 0.5855 0.5185 0.5185 0.5745 0.5745 0.6569999 0.6569999 0.6005 0.6005 0.6005 0.6615 0.6615 0.632 0.632 0.6395 0.6395 0.6395 0.5795 0.5795 0.563 0.563 0.6115 0.6115 0.6115 0.5475 0.5475 0.583 0.583 0.537 0.537 0.537 0.563 0.563 0.572 0.572 0.5755 0.5755 0.5755 0.6195 0.6195 0.612 0.612 0.6495 0.6495 0.622 0.622 0.622 0.6535 0.6535 0.623 0.623 0.6295 0.6295 0.6295 0.565 0.565 0.547 0.547 0.5695 0.5695 0.5695 0.577 0.577 0.5505 0.5505 0.531 0.531 0.531 0.555 0.555 0.546 0.546 0.5215 0.5215 0.5215
0.5735 0.5805 0.5805 0.5805 0.517 0.517 0.5945 0.5945 0.6365 0.6365 0.614 0.614 0.614 0.6495 0.6495 0.6 0.6 0.6315 0.6315 0.6315 0.6425 0.6425 0.5700001 0.5700001 0.554 0.554 0.554 0.504 0.504 0.511 0.511 0.5675 0.5675 0.5675 0.585 0.585 0.576 0.576 0.5815001 0.5815001 0.5815001 0.651 0.651 0.666 0.666 0.6965 0.6965 0.671 0.671 0.671 0.6455 0.6455 0.6505 0.6505 0.6295 0.6295 0.6295 0.5965 0.5965 0.505 0.505 0.543 0.543 0.543 0.558 0.558 0.5535 0.5535 0.557 0.557 0.557 0.5395 0.5395 0.559 0.559 0.5495 0.5495 0.5495
0.5735 0.5805 0.5805 0.5805 0.517 0.517 0.5945 0.5945 0.6365 0.6365 0.614 0.614 0.614 0.6495 0.6495 0.6 0.6 0.6315 0.6315 0.6315 0.6425 0.6425 0.5700001 0.5700001 0.554 0.554 0.554 0.504 0.504 0.511 0.511 0.5675 0.5675 0.5675 0.585 0.585 0.576 0.576 0.5815001 0.5815001 0.5815001 0.651 0.651 0.666 0.666 0.6965 0.6965 0.671 0.671 0.671 0.6455 0.6455 0.6505 0.6505 0.6295 0.6295 0.6295 0.5965 0.5965 0.505 0.505 0.543 0.543 0.543 0.558 0.558 0.5535 0.5535 0.557 0.557 0.557 0.5395 0.5395 0.559 0.559 0.5495 0.5495 0.5495
0.6085 0.638 0.638 0.638 0.5805 0.5805 0.6115 0.6115 0.6335 0.6335 0.602 0.602 0.602 0.6045 0.6045 0.6005 0.6005 0.6535 0.6535 0.6535 0.6745 0.6745 0.636 0.636 0.591 0.591 0.591 0.4945 0.4945 0.586 0.586 0.597 0.597 0.597 0.58 0.58 0.565 0.565 0.599 0.599 0.599 0.6735 0.6735 0.6645 0.6645 0.704 0.704 0.7015 0.7015 0.7015 0.664 0.664 0.6695 0.6695 0.6185 0.6185 0.6185 0.636 0.636 0.5335 0.5335 0.5275 0.5275 0.5275 0.5425 0.5425 0.527 0.527 0.5435 0.5435 0.5435 0.559 0.559 0.5185 0.5185 0.5745 0.5745 0.5745
0.6085 0.638 0.638 0.638 0.5805 0.5805 0.6115 0.6115 0.6335 0.6335 0.602 0.602 0.602 0.6045 0.6045 0.6005 0.6005 0.6535 0.6535 0.6535 0.6745 0.6745 0.636 0.636 0.591 0.591 0.591 0.4945 0.4945 0.586 0.586 0.597 0.597 0.597 0.58 0.58 0.565 0.565 0.599 0.599 0.599 0.6735 0.6735 0.6645 0.6645 0.704 0.704 0.7015 0.7015 0.7015 0.664 0.664 0.6695 0.6695 0.6185 0.6185 0.6185 0.636 0.636 0.5335 0.5335 0.5275 0.5275 0.5275 0.5425 0.5425 0.527 0.527 0.5435 0.5435 0.5435 0.559 0.559 0.5185 0.5185 0.5745 0.5745 0.5745
0.6405 0.6125 0.6125 0.6125 0.613 0.613 0.609 0.609 0.6375 0.6375 0.6305 0.6305 0.6305 0.6315 0.6315 0.665 0.665 0.642 0.642 0.642 0.665 0.665 0.665 0.665 0.673 0.673 0.673 0.6835 0.6835 0.5995 0.5995 0.602 0.602 0.602 0.6295 0.6295 0.5985 0.5985 0.5935 0.5935 0.5935 0.6491 0.6491 0.6711 0.6711 0.6846 0.6846 0.7001 0.7001 0.7001 0.6091 0.6091 0.611 0.611 0.556 0.556 0.556 0.5555 0.5555 0.5445 0.5445 0.5365 0.5365 0.5365 0.531 0.531 0.5225 0.5225 0.5175 0.5175 0.5175 0.5265 0.5265 0.5315 0.5315 0.5165 0.5165 0.5165
0.6405 0.6125 0.6125 0.6125 0.613 0.613 0.609 0.609 0.6375 0.6375 0.6305 0.6305 0.6305 0.6315 0.6315 0.665 0.665 0.642 0.642 0.642 0.665 0.665 0.665 0.665 0.673 0.673 0.673 0.6835 0.6835 0.5995 0.5995 0.602 0.602 0.602 0.6295 0.6295 0.5985 0.5985 0.5935 0.5935 0.5935 0.6491 0.6491 0.6711 0.6711 0.6846 0.6846 0.7001 0.7001 0.7001 0.6091 0.6091 0.611 0.611 0.556 0.556 0.556 0.5555 0.5555 0.5445 0.5445 0.5365 0.5365 0.5365 0.531 0.531 0.5225 0.5225 0.5175 0.5175 0.5175 0.5265 0.5265 0.5315 0.5315 0.5165 0.5165 0.5165
0.6405 0.6125 0.6125 0.6125 0.613 0.613 0.609 0.609 0.6375 0.6375 0.6305 0.6305 0.6305 0.6315 0.6315 0.665 0.665 0.642 0.642 0.642 0.665 0.665 0.665 0.665 0.673 0.673 0.673 0.6835 0.6835 0.5995 0.5995 0.602 0.602 0.602 0.6295 0.6295 0.5985 0.5985 0.5935 0.5935 0.5935 0.6491 0.6491 0.6711 0.6711 0.6846 0.6846 0.7001 0.7001 0.7001 0.6091 0.6091 0.611 0.611 0.556 0.556 0.556 0.5555 0.5555 0.5445 0.5445 0.5365 0.5365 0.5365 0.531 0.531 0.5225 0.5225 0.5175 0.5175 0.5175 0.5265 0.5265 0.5315 0.5315 0.5165 0.5165 0.5165
0.641 0.638 0.638 0.638 0.622 0.622 0.634 0.634 0.633 0.633 0.637 0.637 0.637 0.63 0.63 0.624 0.624 0.67 0.67 0.67 0.6845 0.6845 0.683 0.683 0.6625 0.6625 0.6625 0.6845 0.6845 0.699 0.699 0.655 0.655 0.655 0.644 0.644 0.635 0.635 0.6586 0.6586 0.6586 0.6951 0.6951 0.6841 0.6841 0.6936 0.6936 0.6065 0.6065 0.6065 0.6475 0.6475 0.634 0.634 0.5575 0.5575 0.5575 0.5891 0.5891 0.5941 0.5941 0.5866 0.5866 0.5866 0.557 0.557 0.5565 0.5565 0.563 0.563 0.563 0.574 0.574 0.561 0.561 0.5805 0.5805 0.5805
0.641 0.638 0.638 0.638 0.622 0.622 0.634 0.634 0.633 0.633 0.637 0.637 0.637 0.63 0.63 0.624 0.624 0.67 0.67 0.67 0.6845 0.6845 0.683 0.683 0.6625 0.6625 0.6625 0.6845 0.6845 0.699 0.699 0.655 0.655 0.655 0.644 0.644 0.635 0.635 0.6586 0.6586 0.6586 0.6951 0.6951 0.6841 0.6841 0.6936 0.6936 0.6065 0.6065 0.6065 0.6475 0.6475 0.634 0.634 0.5575 0.5575 0.5575 0.5891 0.5891 0.5941 0.5941 0.5866 0.5866 0.5866 0.557 0.557 0.5565 0.5565 0.563 0.563 0.563 0.574 0.574 0.561 0.561 0.5805 0.5805 0.5805
0.675 0.645 0.645 0.645 0.6365 0.6365 0.6395 0.6395 0.642 0.642 0.67 0.67 0.67 0.676 0.676 0.628 0.628 0.6465 0.6465 0.6465 0.6726 0.6726 0.699 0.699 0.6905 0.6905 0.6905 0.7180001 0.7180001 0.705 0.705 0.6445 0.6445 0.6445 0.668 0.668 0.6335 0.6335 0.656 0.656 0.656 0.6266 0.6266 0.612 0.612 0.6331 0.6331 0.6897 0.6897 0.6897 0.6732 0.6732 0.6646 0.6646 0.63 0.63 0.63 0.6451 0.6451 0.5865 0.5865 0.5911 0.5911 0.5911 0.5965 0.5965 0.5695 0.5695 0.5985 0.5985 0.5985 0.56 0.56 0.569 0.569 0.575 0.575 0.575
0.675 0.645 0.645 0.645 0.6365 0.6365 0.6395 0.6395 0.642 0.642 0.67 0.67 0.67 0.676 0.676 0.628 0.628 0.6465 0.6465 0.6465 0.6726 0.6726 0.699 0.699 0.6905 0.6905 0.6905 0.7180001 0.7180001 0.705 0.705 0.6445 0.6445 0.6445 0.668 0.668 0.6335 0.6335 0.656 0.656 0.656 0.6266 0.6266 0.612 0.612 0.6331 0.6331 0.6897 0.6897 0.6897 0.6732 0.6732 0.6646 0.6646 0.63 0.63 0.63 0.6451 0.6451 0.5865 0.5865 0.5911 0.5911 0.5911 0.5965 0.5965 0.5695 0.5695 0.5985 0.5985 0.5985 0.56 0.56 0.569 0.569 0.575 0.575 0.575
0.6625 0.6289999 0.6289999 0.6289999 0.5955 0.5955 0.6275 0.6275 0.649 0.649 0.7281 0.7281 0.7281 0.6956 0.6956 0.6545 0.6545 0.6135 0.6135 0.6135 0.659 0.659 0.6950001 0.6950001 0.6785 0.6785 0.6785 0.6745 0.6745 0.6605 0.6605 0.635 0.635 0.635 0.635 0.635 0.6786 0.6786 0.7005 0.7005 0.7005 0.6595 0.6595 0.7242 0.7242 0.6727 0.6727 0.639 0.639 0.639 0.6441 0.6441 0.6406 0.6406 0.6486 0.6486 0.6486 0.6751 0.6751 0.586 0.586 0.6051 0.6051 0.6051 0.5735 0.5735 0.592 0.592 0.5555 0.5555 0.5555 0.577 0.577 0.596 0.596 0.57 0.57 0.57
0.6625 0.6289999 0.6289999 0.6289999 0.5955 0.5955 0.6275 0.6275 0.649 0.649 0.7281 0.7281 0.7281 0.6956 0.6956 0.6545 0.6545 0.6135 0.6135 0.6135 0.659 0.659 0.6950001 0.6950001 0.6785 0.6785 0.6785 0.6745 0.6745 0.6605 0.6605 0.635 0.635 0.635 0.635 0.635 0.6786 0.6786 0.7005 0.7005 0.7005 0.6595 0.6595 0.7242 0.7242 0.6727 0.6727 0.639 0.639 0.639 0.6441 0.6441 0.6406 0.6406 0.6486 0.6486 0.6486 0.6751 0.6751 0.586 0.586 0.6051 0.6051 0.6051 0.5735 0.5735 0.592 0.592 0.5555 0.5555 0.5555 0.577 0.577 0.596 0.596 0.57 0.57 0.57
0.6625 0.6289999 0.6289999 0.6289999 0.5955 0.5955 0.6275 0.6275 0.649 0.649 0.7281 0.7281 0.7281 0.6956 0.6956 0.6545 0.6545 0.6135 0.6135 0.6135 0.659 0.659 0.6950001 0.6950001 0.6785 0.6785 0.6785 0.6745 0.6745 0.6605 0.6605 0.635 0.635 0.635 0.635 0.635 0.6786 0.6786 0.7005 0.7005 0.7005 0.6595 0.6595 0.7242 0.7242 0.6727 0.6727 0.639 0.639 0.639 0.6441 0.6441 0.6406 0.6406 0.6486 0.6486 0.6486 0.6751 0.6751 0.586 0.586 0.6051 0.6051 0.6051 0.5735 0.5735 0.592 0.592 0.5555 0.5555 0.5555 0.577 0.577 0.596 0.596 0.57 0.57 0.57
