ndvi/NOAA-270.asc
ncols         252
nrows         154
xllcorner     -18.017974
yllcorner     13.481982
cellsize      0.035948
NODATA_value  -9999
[rows 34 to 67 of 154, columns 77 to 153 of 252]
0.1575 0.1575 0.16 0.16 0.1415 0.1415 0.1345 0.1345 0.1345 0.147 0.147 0.1395 0.1395 0.1405 0.1405 0.1465 0.1465 0.1465 0.155 0.155 0.151 0.151 0.167 0.167 0.167 0.164 0.164 0.165 0.165 0.165 0.165 0.165 0.184 0.184 0.1765 0.1765 0.163 0.163 0.163 0.1655 0.1655 0.17 0.17 0.164 0.164 0.164 0.153 0.153 0.145 0.145 0.1515 0.1515 0.162 0.162 0.162 0.151 0.151 0.14 0.14 0.137 0.137 0.137 0.144 0.144 0.1655 0.1655 0.1545 0.1545 0.1545 0.1535 0.1535 0.1325 0.1325 0.1326 0.1326 0.1326 0.138
0.1575 0.1575 0.16 0.16 0.1415 0.1415 0.1345 0.1345 0.1345 0.147 0.147 0.1395 0.1395 0.1405 0.1405 0.1465 0.1465 0.1465 0.155 0.155 0.151 0.151 0.167 0.167 0.167 0.164 0.164 0.165 0.165 0.165 0.165 0.165 0.184 0.184 0.1765 0.1765 0.163 0.163 0.163 0.1655 0.1655 0.17 0.17 0.164 0.164 0.164 0.153 0.153 0.145 0.145 0.1515 0.1515 0.162 0.162 0.162 0.151 0.151 0.14 0.14 0.137 0.137 0.137 0.144 0.144 0.1655 0.1655 0.1545 0.1545 0.1545 0.1535 0.1535 0.1325 0.1325 0.1326 0.1326 0.1326 0.138
0.1575 0.1575 0.16 0.16 0.1415 0.1415 0.1345 0.1345 0.1345 0.147 0.147 0.1395 0.1395 0.1405 0.1405 0.1465 0.1465 0.1465 0.155 0.155 0.151 0.151 0.167 0.167 0.167 0.164 0.164 0.165 0.165 0.165 0.165 0.165 0.184 0.184 0.1765 0.1765 0.163 0.163 0.163 0.1655 0.1655 0.17 0.17 0.164 0.164 0.164 0.153 0.153 0.145 0.145 0.1515 0.1515 0.162 0.162 0.162 0.151 0.151 0.14 0.14 0.137 0.137 0.137 0.144 0.144 0.1655 0.1655 0.1545 0.1545 0.1545 0.1535 0.1535 0.1325 0.1325 0.1326 0.1326 0.1326 0.138
0.162 0.162 0.1595 0.1595 0.1735 0.1735 0.1645 0.1645 0.1645 0.175 0.175 0.1515 0.1515 0.1765 0.1765 0.1515 0.1515 0.1515 0.148 0.148 0.162 0.162 0.164 0.164 0.164 0.178 0.178 0.178 0.178 0.176 0.176 0.176 0.1795 0.1795 0.1585 0.1585 0.154 0.154 0.154 0.1725 0.1725 0.18 0.18 0.196 0.196 0.196 0.169 0.169 0.165 0.165 0.1675 0.1675 0.1625 0.1625 0.1625 0.169 0.169 0.1745 0.1745 0.184 0.184 0.184 0.171 0.171 0.1735 0.1735 0.1565 0.1565 0.1565 0.1555 0.1555 0.1076 0.1076 0.122 0.122 0.122 0.125
0.162 0.162 0.1595 0.1595 0.1735 0.1735 0.1645 0.1645 0.1645 0.175 0.175 0.1515 0.1515 0.1765 0.1765 0.1515 0.1515 0.1515 0.148 0.148 0.162 0.162 0.164 0.164 0.164 0.178 0.178 0.178 0.178 0.176 0.176 0.176 0.1795 0.1795 0.1585 0.1585 0.154 0.154 0.154 0.1725 0.1725 0.18 0.18 0.196 0.196 0.196 0.169 0.169 0.165 0.165 0.1675 0.1675 0.1625 0.1625 0.1625 0.169 0.169 0.1745 0.1745 0.184 0.184 0.184 0.171 0.171 0.1735 0.1735 0.1565 0.1565 0.1565 0.1555 0.1555 0.1076 0.1076 0.122 0.122 0.122 0.125
0.154 0.154 0.167 0.167 0.169 0.169 0.1565 0.1565 0.1565 0.1695 0.1695 0.1565 0.1565 0.1665 0.1665 0.1515 0.1515 0.1515 0.1475 0.1475 0.1575 0.1575 0.159 0.159 0.159 0.161 0.161 0.177 0.177 0.1735 0.1735 0.1735 0.1915 0.1915 0.1905 0.1905 0.1675 0.1675 0.1675 0.1915 0.1915 0.1935 0.1935 0.211 0.211 0.211 0.1925 0.1925 0.179 0.179 0.178 0.178 0.2375 0.2375 0.2375 0.213 0.213 0.1856 0.1856 0.198 0.198 0.198 0.1641 0.1641 0.1595 0.1595 0.1545 0.1545 0.1545 0.1305 0.1305 0.1332 0.1332 0.1315 0.1315 0.1315 0.1235
0.154 0.154 0.167 0.167 0.169 0.169 0.1565 0.1565 0.1565 0.1695 0.1695 0.1565 0.1565 0.1665 0.1665 0.1515 0.1515 0.1515 0.1475 0.1475 0.1575 0.1575 0.159 0.159 0.159 0.161 0.161 0.177 0.177 0.1735 0.1735 0.1735 0.1915 0.1915 0.1905 0.1905 0.1675 0.1675 0.1675 0.1915 0.1915 0.1935 0.1935 0.211 0.211 0.211 0.1925 0.1925 0.179 0.179 0.178 0.178 0.2375 0.2375 0.2375 0.213 0.213 0.1856 0.1856 0.198 0.198 0.198 0.1641 0.1641 0.1595 0.1595 0.1545 0.1545 0.1545 0.1305 0.1305 0.1332 0.1332 0.1315 0.1315 0.1315 0.1235
0.1845 0.1845 0.1655 0.1655 0.167 0.167 0.164 0.164 0.164 0.1605 0.1605 0.1645 0.1645 0.1695 0.1695 0.1825 0.1825 0.1825 0.1605 0.1605 0.1505 0.1505 0.1645 0.1645 0.1645 0.1785 0.1785 0.1866 0.1866 0.19 0.19 0.19 0.2045 0.2045 0.1765 0.1765 0.194 0.194 0.194 0.1995 0.1995 0.2051 0.2051 0.1961 0.1961 0.1961 0.1765 0.1765 0.1975 0.1975 0.185 0.185 0.2231 0.2231 0.2231 0.1941 0.1941 0.207 0.207 0.1905 0.1905 0.1905 0.155 0.155 0.1481 0.1481 0.1265 0.1265 0.1265 0.133 0.133 0.1245 0.1245 0.1305 0.1305 0.1305 0.118
0.1845 0.1845 0.1655 0.1655 0.167 0.167 0.164 0.164 0.164 0.1605 0.1605 0.1645 0.1645 0.1695 0.1695 0.1825 0.1825 0.1825 0.1605 0.1605 0.1505 0.1505 0.1645 0.1645 0.1645 0.1785 0.1785 0.1866 0.1866 0.19 0.19 0.19 0.2045 0.2045 0.1765 0.1765 0.194 0.194 0.194 0.1995 0.1995 0.2051 0.2051 0.1961 0.1961 0.1961 0.1765 0.1765 0.1975 0.1975 0.185 0.185 0.2231 0.2231 0.2231 0.1941 0.1941 0.207 0.207 0.1905 0.1905 0.1905 0.155 0.155 0.1481 0.1481 0.1265 0.1265 0.1265 0.133 0.133 0.1245 0.1245 0.1305 0.1305 0.1305 0.118
0.1845 0.1845 0.1655 0.1655 0.167 0.167 0.164 0.164 0.164 0.1605 0.1605 0.1645 0.1645 0.1695 0.1695 0.1825 0.1825 0.1825 0.1605 0.1605 0.1505 0.1505 0.1645 0.1645 0.1645 0.1785 0.1785 0.1866 0.1866 0.19 0.19 0.19 0.2045 0.2045 0.1765 0.1765 0.194 0.194 0.194 0.1995 0.1995 0.2051 0.2051 0.1961 0.1961 0.1961 0.1765 0.1765 0.1975 0.1975 0.185 0.185 0.2231 0.2231 0.2231 0.1941 0.1941 0.207 0.207 0.1905 0.1905 0.1905 0.155 0.155 0.1481 0.1481 0.1265 0.1265 0.1265 0.133 0.133 0.1245 0.1245 0.1305 0.1305 0.1305 0.118
0.186 0.186 0.171 0.171 0.1695 0.1695 0.162 0.162 0.162 0.1615 0.1615 0.1575 0.1575 0.1745 0.1745 0.1906 0.1906 0.1906 0.1916 0.1916 0.1765 0.1765 0.1635 0.1635 0.1635 0.194 0.194 0.1995 0.1995 0.206 0.206 0.206 0.22 0.22 0.205 0.205 0.216 0.216 0.216 0.195 0.195 0.2045 0.2045 0.1896 0.1896 0.1896 0.19 0.19 0.1995 0.1995 0.1855 0.1855 0.1865 0.1865 0.1865 0.1826 0.1826 0.1805 0.1805 0.1575 0.1575 0.1575 0.1547 0.1547 0.135 0.135 0.13 0.13 0.13 0.1295 0.1295 0.1117 0.1117 0.0945 0.0945 0.0945 0.118
0.186 0.186 0.171 0.171 0.1695 0.1695 0.162 0.162 0.162 0.1615 0.1615 0.1575 0.1575 0.1745 0.1745 0.1906 0.1906 0.1906 0.1916 0.1916 0.1765 0.1765 0.1635 0.1635 0.1635 0.194 0.194 0.1995 0.1995 0.206 0.206 0.206 0.22 0.22 0.205 0.205 0.216 0.216 0.216 0.195 0.195 0.2045 0.2045 0.1896 0.1896 0.1896 0.19 0.19 0.1995 0.1995 0.1855 0.1855 0.1865 0.1865 0.1865 0.1826 0.1826 0.1805 0.1805 0.1575 0.1575 0.1575 0.1547 0.1547 0.135 0.135 0.13 0.13 0.13 0.1295 0.1295 0.1117 0.1117 0.0945 0.0945 0.0945 0.118
0.1975 0.1975 0.2035 0.2035 0.1925 0.1925 0.1655 0.1655 0.1655 0.158 0.158 0.151 0.151 0.174 0.174 0.186 0.186 0.186 0.1936 0.1936 0.2001 0.2001 0.21 0.21 0.21 0.1855 0.1855 0.207 0.207 0.203 0.203 0.203 0.2045 0.2045 0.242 0.242 0.2032 0.2032 0.2032 0.2076 0.2076 0.2132 0.2132 0.2122 0.2122 0.2122 0.2141 0.2141 0.2172 0.2172 0.1926 0.1926 0.1926 0.1926 0.1926 0.1775 0.1775 0.1715 0.1715 0.1755 0.1755 0.1755 0.136 0.136 0.126 0.126 0.1467 0.1467 0.1467 0.1385 0.1385 0.128 0.128 0.096 0.096 0.096 0.1511
0.1975 0.1975 0.2035 0.2035 0.1925 0.1925 0.1655 0.1655 0.1655 0.158 0.158 0.151 0.151 0.174 0.174 0.186 0.186 0.186 0.1936 0.1936 0.2001 0.2001 0.21 0.21 0.21 0.1855 0.1855 0.207 0.207 0.203 0.203 0.203 0.2045 0.2045 0.242 0.242 0.2032 0.2032 0.2032 0.2076 0.2076 0.2132 0.2132 0.2122 0.2122 0.2122 0.2141 0.2141 0.2172 0.2172 0.1926 0.1926 0.1926 0.1926 0.1926 0.1775 0.1775 0.1715 0.1715 0.1755 0.1755 0.1755 0.136 0.136 0.126 0.126 0.1467 0.1467 0.1467 0.1385 0.1385 0.128 0.128 0.096 0.096 0.096 0.1511
0.206 0.206 0.2 0.2 0.2105 0.2105 0.171 0.171 0.171 0.171 0.171 0.17 0.17 0.2185 0.2185 0.1995 0.1995 0.1995 0.201 0.201 0.2041 0.2041 0.2051 0.2051 0.2051 0.1935 0.1935 0.206 0.206 0.2196 0.2196 0.2196 0.2355 0.2355 0.2296 0.2296 0.2052 0.2052 0.2052 0.2127 0.2127 0.2142 0.2142 0.2107 0.2107 0.2107 0.2017 0.2017 0.2176 0.2176 0.1906 0.1906 0.1885 0.1885 0.1885 0.19 0.19 0.1675 0.1675 0.1515 0.1515 0.1515 0.1635 0.1635 0.1545 0.1545 0.162 0.162 0.162 0.1756 0.1756 0.155 0.155 0.1507 0.1507 0.1507 0.156
0.206 0.206 0.2 0.2 0.2105 0.2105 0.171 0.171 0.171 0.171 0.171 0.17 0.17 0.2185 0.2185 0.1995 0.1995 0.1995 0.201 0.201 0.2041 0.2041 0.2051 0.2051 0.2051 0.1935 0.1935 0.206 0.206 0.2196 0.2196 0.2196 0.2355 0.2355 0.2296 0.2296 0.2052 0.2052 0.2052 0.2127 0.2127 0.2142 0.2142 0.2107 0.2107 0.2107 0.2017 0.2017 0.2176 0.2176 0.1906 0.1906 0.1885 0.1885 0.1885 0.19 0.19 0.1675 0.1675 0.1515 0.1515 0.1515 0.1635 0.1635 0.1545 0.1545 0.162 0.162 0.162 0.1756 0.1756 0.155 0.155 0.1507 0.1507 0.1507 0.156
0.206 0.206 0.2 0.2 0.2105 0.2105 0.171 0.171 0.171 0.171 0.171 0.17 0.17 0.2185 0.2185 0.1995 0.1995 0.1995 0.201 0.201 0.2041 0.2041 0.2051 0.2051 0.2051 0.1935 0.1935 0.206 0.206 0.2196 0.2196 0.2196 0.2355 0.2355 0.2296 0.2296 0.2052 0.2052 0.2052 0.2127 0.2127 0.2142 0.2142 0.2107 0.2107 0.2107 0.2017 0.2017 0.2176 0.2176 0.1906 0.1906 0.1885 0.1885 0.1885 0.19 0.19 0.1675 0.1675 0.1515 0.1515 0.1515 0.1635 0.1635 0.1545 0.1545 0.162 0.162 0.162 0.1756 0.1756 0.155 0.155 0.1507 0.1507 0.1507 0.156
0.2055 0.2055 0.204 0.204 0.1991 0.1991 0.1985 0.1985 0.1985 0.221 0.221 0.2115 0.2115 0.215 0.215 0.207 0.207 0.207 0.206 0.206 0.223 0.223 0.2015 0.2015 0.2015 0.2015 0.2015 0.1965 0.1965 0.2092 0.2092 0.2092 0.2161 0.2161 0.2207 0.2207 0.2297 0.2297 0.2297 0.1837 0.1837 0.2057 0.2057 0.2076 0.2076 0.2076 0.2117 0.2117 0.1596 0.1596 0.1812 0.1812 0.2086 0.2086 0.2086 0.2096 0.2096 0.2 0.2 0.1795 0.1795 0.1795 0.198 0.198 0.208 0.208 0.2091 0.2091 0.2091 0.2175 0.2175 0.2095 0.2095 0.1645 0.1645 0.1645 0.1432
0.2055 0.2055 0.204 0.204 0.1991 0.1991 0.1985 0.1985 0.1985 0.221 0.221 0.2115 0.2115 0.215 0.215 0.207 0.207 0.207 0.206 0.206 0.223 0.223 0.2015 0.2015 0.2015 0.2015 0.2015 0.1965 0.1965 0.2092 0.2092 0.2092 0.2161 0.2161 0.2207 0.2207 0.2297 0.2297 0.2297 0.1837 0.1837 0.2057 0.2057 0.2076 0.2076 0.2076 0.2117 0.2117 0.1596 0.1596 0.1812 0.1812 0.2086 0.2086 0.2086 0.2096 0.2096 0.2 0.2 0.1795 0.1795 0.1795 0.198 0.198 0.208 0.208 0.2091 0.2091 0.2091 0.2175 0.2175 0.2095 0.2095 0.1645 0.1645 0.1645 0.1432
0.213 0.213 0.2035 0.2035 0.21 0.21 0.207 0.207 0.207 0.2065 0.2065 0.222 0.222 0.218 0.218 0.222 0.222 0.222 0.2136 0.2136 0.223 0.223 0.1935 0.1935 0.1935 0.1891 0.1891 0.1797 0.1797 0.2177 0.2177 0.2177 0.1971 0.1971 0.2141 0.2141 0.2277 0.2277 0.2277 0.1937 0.1937 0.1952 0.1952 0.1962 0.1962 0.1962 0.178 0.178 0.1577 0.1577 0.2161 0.2161 0.1992 0.1992 0.1992 0.2152 0.2152 0.1996 0.1996 0.2265 0.2265 0.2265 0.219 0.219 0.1891 0.1891 0.2126 0.2126 0.2126 0.2135 0.2135 0.1991 0.1991 0.2191 0.2191 0.2191 0.1447
0.213 0.213 0.2035 0.2035 0.21 0.21 0.207 0.207 0.207 0.2065 0.2065 0.222 0.222 0.218 0.218 0.222 0.222 0.222 0.2136 0.2136 0.223 0.223 0.1935 0.1935 0.1935 0.1891 0.1891 0.1797 0.1797 0.2177 0.2177 0.2177 0.1971 0.1971 0.2141 0.2141 0.2277 0.2277 0.2277 0.1937 0.1937 0.1952 0.1952 0.1962 0.1962 0.1962 0.178 0.178 0.1577 0.1577 0.2161 0.2161 0.1992 0.1992 0.1992 0.2152 0.2152 0.1996 0.1996 0.2265 0.2265 0.2265 0.219 0.219 0.1891 0.1891 0.2126 0.2126 0.2126 0.2135 0.2135 0.1991 0.1991 0.2191 0.2191 0.2191 0.1447
0.2186 0.2186 0.2075 0.2075 0.2276 0.2276 0.2336 0.2336 0.2336 0.2245 0.2245 0.241 0.241 0.23 0.23 0.2265 0.2265 0.2265 0.23 0.23 0.1991 0.1991 0.2037 0.2037 0.2037 0.1997 0.1997 0.1862 0.1862 0.2162 0.2162 0.2162 0.1896 0.1896 0.2147 0.2147 0.2137 0.2137 0.2137 0.2052 0.2052 0.1807 0.1807 0.1842 0.1842 0.1842 0.1828 0.1828 0.1547 0.1547 0.1846 0.1846 0.1797 0.1797 0.1797 0.1931 0.1931 0.2066 0.2066 0.2176 0.2176 0.2176 0.2016 0.2016 0.2106 0.2106 0.2076 0.2076 0.2076 0.193 0.193 0.1692 0.1692 0.1636 0.1636 0.1636 0.1305
0.2186 0.2186 0.2075 0.2075 0.2276 0.2276 0.2336 0.2336 0.2336 0.2245 0.2245 0.241 0.241 0.23 0.23 0.2265 0.2265 0.2265 0.23 0.23 0.1991 0.1991 0.2037 0.2037 0.2037 0.1997 0.1997 0.1862 0.1862 0.2162 0.2162 0.2162 0.1896 0.1896 0.2147 0.2147 0.2137 0.2137 0.2137 0.2052 0.2052 0.1807 0.1807 0.1842 0.1842 0.1842 0.1828 0.1828 0.1547 0.1547 0.1846 0.1846 0.1797 0.1797 0.1797 0.1931 0.1931 0.2066 0.2066 0.2176 0.2176 0.2176 0.2016 0.2016 0.2106 0.2106 0.2076 0.2076 0.2076 0.193 0.193 0.1692 0.1692 0.1636 0.1636 0.1636 0.1305
0.22 0.22 0.22 0.22 0.2275 0.2275 0.234 0.234 0.234 0.2245 0.2245 0.2325 0.2325 0.2335 0.2335 0.2335 0.2335 0.2335 0.2285 0.2285 0.2222 0.2222 0.2247 0.2247 0.2247 0.2147 0.2147 0.1932 0.1932 0.2167 0.2167 0.2167 0.2057 0.2057 0.2132 0.2132 0.2052 0.2052 0.2052 0.2107 0.2107 0.1952 0.1952 0.2052 0.2052 0.2052 0.1856 0.1856 0.1435 0.1435 0.1481 0.1481 0.1781 0.1781 0.1781 0.1866 0.1866 0.2005 0.2005 0.2061 0.2061 0.2061 0.2091 0.2091 0.2131 0.2131 0.1982 0.1982 0.1982 0.2122 0.2122 0.1567 0.1567 0.1587 0.1587 0.1587 0.1165
0.22 0.22 0.22 0.22 0.2275 0.2275 0.234 0.234 0.234 0.2245 0.2245 0.2325 0.2325 0.2335 0.2335 0.2335 0.2335 0.2335 0.2285 0.2285 0.2222 0.2222 0.2247 0.2247 0.2247 0.2147 0.2147 0.1932 0.1932 0.2167 0.2167 0.2167 0.2057 0.2057 0.2132 0.2132 0.2052 0.2052 0.2052 0.2107 0.2107 0.1952 0.1952 0.2052 0.2052 0.2052 0.1856 0.1856 0.1435 0.1435 0.1481 0.1481 0.1781 0.1781 0.1781 0.1866 0.1866 0.2005 0.2005 0.2061 0.2061 0.2061 0.2091 0.2091 0.2131 0.2131 0.1982 0.1982 0.1982 0.2122 0.2122 0.1567 0.1567 0.1587 0.1587 0.1587 0.1165
0.22 0.22 0.22 0.22 0.2275 0.2275 0.234 0.234 0.234 0.2245 0.2245 0.2325 0.2325 0.2335 0.2335 0.2335 0.2335 0.2335 0.2285 0.2285 0.2222 0.2222 0.2247 0.2247 0.2247 0.2147 0.2147 0.1932 0.1932 0.2167 0.2167 0.2167 0.2057 0.2057 0.2132 0.2132 0.2052 0.2052 0.2052 0.2107 0.2107 0.1952 0.1952 0.2052 0.2052 0.2052 0.1856 0.1856 0.1435 0.1435 0.1481 0.1481 0.1781 0.1781 0.1781 0.1866 0.1866 0.2005 0.2005 0.2061 0.2061 0.2061 0.2091 0.2091 0.2131 0.2131 0.1982 0.1982 0.1982 0.2122 0.2122 0.1567 0.1567 0.1587 0.1587 0.1587 0.1165
0.206 0.206 0.213 0.213 0.2155 0.2155 0.219 0.219 0.219 0.2225 0.2225 0.2175 0.2175 0.2035 0.2035 0.21 0.21 0.21 0.1882 0.1882 0.1897 0.1897 0.1931 0.1931 0.1931 0.2086 0.2086 0.2137 0.2137 0.2072 0.2072 0.2072 0.2087 0.2087 0.2157 0.2157 0.1957 0.1957 0.1957 0.1947 0.1947 0.1722 0.1722 0.2081 0.2081 0.2081 0.18 0.18 0.1415 0.1415 0.1386 0.1386 0.1337 0.1337 0.1337 0.1501 0.1501 0.1986 0.1986 0.2241 0.2241 0.2241 0.2171 0.2171 0.2091 0.2091 0.2221 0.2221 0.2221 0.1951 0.1951 0.179 0.179 0.166 0.166 0.166 0.134
0.206 0.206 0.213 0.213 0.2155 0.2155 0.219 0.219 0.219 0.2225 0.2225 0.2175 0.2175 0.2035 0.2035 0.21 0.21 0.21 0.1882 0.1882 0.1897 0.1897 0.1931 0.1931 0.1931 0.2086 0.2086 0.2137 0.2137 0.2072 0.2072 0.2072 0.2087 0.2087 0.2157 0.2157 0.1957 0.1957 0.1957 0.1947 0.1947 0.1722 0.1722 0.2081 0.2081 0.2081 0.18 0.18 0.1415 0.1415 0.1386 0.1386 0.1337 0.1337 0.1337 0.1501 0.1501 0.1986 0.1986 0.2241 0.2241 0.2241 0.2171 0.2171 0.2091 0.2091 0.2221 0.2221 0.2221 0.1951 0.1951 0.179 0.179 0.166 0.166 0.166 0.134
0.222 0.222 0.237 0.237 0.234 0.234 0.23 0.23 0.23 0.212 0.212 0.2185 0.2185 0.2291 0.2291 0.2076 0.2076 0.2076 0.1981 0.1981 0.2051 0.2051 0.1977 0.1977 0.1977 0.2081 0.2081 0.1957 0.1957 0.2027 0.2027 0.2027 0.2177 0.2177 0.2232 0.2232 0.1987 0.1987 0.1987 0.2142 0.2142 0.1866 0.1866 0.1831 0.1831 0.1831 0.1545 0.1545 0.1385 0.1385 0.1612 0.1612 0.1601 0.1601 0.1601 0.2061 0.2061 0.1906 0.1906 0.2271 0.2271 0.2271 0.2186 0.2186 0.2071 0.2071 0.2041 0.2041 0.2041 0.2246 0.2246 0.2036 0.2036 0.155 0.155 0.155 0.139
0.222 0.222 0.237 0.237 0.234 0.234 0.23 0.23 0.23 0.212 0.212 0.2185 0.2185 0.2291 0.2291 0.2076 0.2076 0.2076 0.1981 0.1981 0.2051 0.2051 0.1977 0.1977 0.1977 0.2081 0.2081 0.1957 0.1957 0.2027 0.2027 0.2027 0.2177 0.2177 0.2232 0.2232 0.1987 0.1987 0.1987 0.2142 0.2142 0.1866 0.1866 0.1831 0.1831 0.1831 0.1545 0.1545 0.1385 0.1385 0.1612 0.1612 0.1601 0.1601 0.1601 0.2061 0.2061 0.1906 0.1906 0.2271 0.2271 0.2271 0.2186 0.2186 0.2071 0.2071 0.2041 0.2041 0.2041 0.2246 0.2246 0.2036 0.2036 0.155 0.155 0.155 0.139
0.224 0.224 0.2365 0.2365 0.2215 0.2215 0.2496 0.2496 0.2496 0.2561 0.2561 0.2926 0.2926 0.2886 0.2886 0.2372 0.2372 0.2372 0.236 0.236 0.2375 0.2375 0.2101 0.2101 0.2101 0.2005 0.2005 0.2062 0.2062 0.1897 0.1897 0.1897 0.2102 0.2102 0.2332 0.2332 0.2337 0.2337 0.2337 0.2217 0.2217 0.1977 0.1977 0.1576 0.1576 0.1576 0.15 0.15 0.1412 0.1412 0.1663 0.1663 0.2187 0.2187 0.2187 0.1952 0.1952 0.2031 0.2031 0.2231 0.2231 0.2231 0.2266 0.2266 0.2236 0.2236 0.2222 0.2222 0.2222 0.2057 0.2057 0.2227 0.2227 0.1955 0.1955 0.1955 0.1595
0.224 0.224 0.2365 0.2365 0.2215 0.2215 0.2496 0.2496 0.2496 0.2561 0.2561 0.2926 0.2926 0.2886 0.2886 0.2372 0.2372 0.2372 0.236 0.236 0.2375 0.2375 0.2101 0.2101 0.2101 0.2005 0.2005 0.2062 0.2062 0.1897 0.1897 0.1897 0.2102 0.2102 0.2332 0.2332 0.2337 0.2337 0.2337 0.2217 0.2217 0.1977 0.1977 0.1576 0.1576 0.1576 0.15 0.15 0.1412 0.1412 0.1663 0.1663 0.2187 0.2187 0.2187 0.1952 0.1952 0.2031 0.2031 0.2231 0.2231 0.2231 0.2266 0.2266 0.2236 0.2236 0.2222 0.2222 0.2222 0.2057 0.2057 0.2227 0.2227 0.1955 0.1955 0.1955 0.1595
0.224 0.224 0.2365 0.2365 0.2215 0.2215 0.2496 0.2496 0.2496 0.2561 0.2561 0.2926 0.2926 0.2886 0.2886 0.2372 0.2372 0.2372 0.236 0.236 0.2375 0.2375 0.2101 0.2101 0.2101 0.2005 0.2005 0.2062 0.2062 0.1897 0.1897 0.1897 0.2102 0.2102 0.2332 0.2332 0.2337 0.2337 0.2337 0.2217 0.2217 0.1977 0.1977 0.1576 0.1576 0.1576 0.15 0.15 0.1412 0.1412 0.1663 0.1663 0.2187 0.2187 0.2187 0.1952 0.1952 0.2031 0.2031 0.2231 0.2231 0.2231 0.2266 0.2266 0.2236 0.2236 0.2222 0.2222 0.2222 0.2057 0.2057 0.2227 0.2227 0.1955 0.1955 0.1955 0.1595
0.2036 0.2036 0.2226 0.2226 0.2296 0.2296 0.2457 0.2457 0.2457 0.2631 0.2631 0.2612 0.2612 0.2522 0.2522 0.2681 0.2681 0.2681 0.2481 0.2481 0.2652 0.2652 0.2355 0.2355 0.2355 0.1951 0.1951 0.1852 0.1852 0.2132 0.2132 0.2132 0.2187 0.2187 0.2177 0.2177 0.2192 0.2192 0.2192 0.2292 0.2292 0.2327 0.2327 0.2159 0.2159 0.2159 0.1695 0.1695 0.2001 0.2001 0.2127 0.2127 0.2066 0.2066 0.2066 0.2271 0.2271 0.2132 0.2132 0.2061 0.2061 0.2061 0.2181 0.2181 0.2386 0.2386 0.2181 0.2181 0.2181 0.2187 0.2187 0.2297 0.2297 0.1917 0.1917 0.1917 0.1385
