ndvi/NOAA-84.asc
ncols         252
nrows         154
xllcorner     -18.017974
yllcorner     13.481982
cellsize      0.035948
NODATA_value  -9999
[rows 34 to 67 of 154, columns 77 to 153 of 252]
0.151 0.151 0.1485 0.1485 0.1495 0.1495 0.146 0.146 0.146 0.145 0.145 0.1455 0.1455 0.1515 0.1515 0.1555 0.1555 0.1555 0.16 0.16 0.149 0.149 0.1605 0.1605 0.1605 0.1575 0.1575 0.161 0.161 0.1625 0.1625 0.1625 0.1615 0.1615 0.154 0.154 0.1525 0.1525 0.1525 0.15 0.15 0.149 0.149 0.167 0.167 0.167 0.1645 0.1645 0.1565 0.1565 0.151 0.151 0.1585 0.1585 0.1585 0.145 0.145 0.154 0.154 0.1635 0.1635 0.1635 0.1675 0.1675 0.1675 0.1675 0.1715 0.1715 0.1715 0.161 0.161 0.132 0.132 0.1155 0.1155 0.1155 0.1355
0.151 0.151 0.1485 0.1485 0.1495 0.1495 0.146 0.146 0.146 0.145 0.145 0.1455 0.1455 0.1515 0.1515 0.1555 0.1555 0.1555 0.16 0.16 0.149 0.149 0.1605 0.1605 0.1605 0.1575 0.1575 0.161 0.161 0.1625 0.1625 0.1625 0.1615 0.1615 0.154 0.154 0.1525 0.1525 0.1525 0.15 0.15 0.149 0.149 0.167 0.167 0.167 0.1645 0.1645 0.1565 0.1565 0.151 0.151 0.1585 0.1585 0.1585 0.145 0.145 0.154 0.154 0.1635 0.1635 0.1635 0.1675 0.1675 0.1675 0.1675 0.1715 0.1715 0.1715 0.161 0.161 0.132 0.132 0.1155 0.1155 0.1155 0.1355
0.151 0.151 0.1485 0.1485 0.1495 0.1495 0.146 0.146 0.146 0.145 0.145 0.1455 0.1455 0.1515 0.1515 0.1555 0.1555 0.1555 0.16 0.16 0.149 0.149 0.1605 0.1605 0.1605 0.1575 0.1575 0.161 0.161 0.1625 0.1625 0.1625 0.1615 0.1615 0.154 0.154 0.1525 0.1525 0.1525 0.15 0.15 0.149 0.149 0.167 0.167 0.167 0.1645 0.1645 0.1565 0.1565 0.151 0.151 0.1585 0.1585 0.1585 0.145 0.145 0.154 0.154 0.1635 0.1635 0.1635 0.1675 0.1675 0.1675 0.1675 0.1715 0.1715 0.1715 0.161 0.161 0.132 0.132 0.1155 0.1155 0.1155 0.1355
0.159 0.159 0.162 0.162 0.1615 0.1615 0.162 0.162 0.162 0.152 0.152 0.162 0.162 0.1675 0.1675 0.1555 0.1555 0.1555 0.143 0.143 0.1505 0.1505 0.153 0.153 0.153 0.1575 0.1575 0.159 0.159 0.172 0.172 0.172 0.1685 0.1685 0.1725 0.1725 0.1575 0.1575 0.1575 0.1645 0.1645 0.1565 0.1565 0.168 0.168 0.168 0.1725 0.1725 0.1665 0.1665 0.1655 0.1655 0.165 0.165 0.165 0.1705 0.1705 0.1915 0.1915 0.1875 0.1875 0.1875 0.183 0.183 0.1795 0.1795 0.17 0.17 0.17 0.1615 0.1615 0.1305 0.1305 0.163 0.163 0.163 0.138
0.159 0.159 0.162 0.162 0.1615 0.1615 0.162 0.162 0.162 0.152 0.152 0.162 0.162 0.1675 0.1675 0.1555 0.1555 0.1555 0.143 0.143 0.1505 0.1505 0.153 0.153 0.153 0.1575 0.1575 0.159 0.159 0.172 0.172 0.172 0.1685 0.1685 0.1725 0.1725 0.1575 0.1575 0.1575 0.1645 0.1645 0.1565 0.1565 0.168 0.168 0.168 0.1725 0.1725 0.1665 0.1665 0.1655 0.1655 0.165 0.165 0.165 0.1705 0.1705 0.1915 0.1915 0.1875 0.1875 0.1875 0.183 0.183 0.1795 0.1795 0.17 0.17 0.17 0.1615 0.1615 0.1305 0.1305 0.163 0.163 0.163 0.138
0.166 0.166 0.16 0.16 0.155 0.155 0.1435 0.1435 0.1435 0.156 0.156 0.1565 0.1565 0.1685 0.1685 0.164 0.164 0.164 0.162 0.162 0.1615 0.1615 0.1575 0.1575 0.1575 0.158 0.158 0.1755 0.1755 0.184 0.184 0.184 0.181 0.181 0.1755 0.1755 0.1725 0.1725 0.1725 0.173 0.173 0.1745 0.1745 0.178 0.178 0.178 0.1905 0.1905 0.1905 0.1905 0.1835 0.1835 0.23 0.23 0.23 0.1895 0.1895 0.194 0.194 0.1865 0.1865 0.1865 0.1695 0.1695 0.1665 0.1665 0.154 0.154 0.154 0.163 0.163 0.132 0.132 0.1185 0.1185 0.1185 0.1335
0.166 0.166 0.16 0.16 0.155 0.155 0.1435 0.1435 0.1435 0.156 0.156 0.1565 0.1565 0.1685 0.1685 0.164 0.164 0.164 0.162 0.162 0.1615 0.1615 0.1575 0.1575 0.1575 0.158 0.158 0.1755 0.1755 0.184 0.184 0.184 0.181 0.181 0.1755 0.1755 0.1725 0.1725 0.1725 0.173 0.173 0.1745 0.1745 0.178 0.178 0.178 0.1905 0.1905 0.1905 0.1905 0.1835 0.1835 0.23 0.23 0.23 0.1895 0.1895 0.194 0.194 0.1865 0.1865 0.1865 0.1695 0.1695 0.1665 0.1665 0.154 0.154 0.154 0.163 0.163 0.132 0.132 0.1185 0.1185 0.1185 0.1335
0.1755 0.1755 0.1705 0.1705 0.1665 0.1665 0.1635 0.1635 0.1635 0.1565 0.1565 0.1555 0.1555 0.167 0.167 0.1695 0.1695 0.1695 0.1485 0.1485 0.146 0.146 0.1535 0.1535 0.1535 0.1905 0.1905 0.186 0.186 0.1825 0.1825 0.1825 0.174 0.174 0.169 0.169 0.1785 0.1785 0.1785 0.178 0.178 0.195 0.195 0.194 0.194 0.194 0.187 0.187 0.1825 0.1825 0.194 0.194 0.208 0.208 0.208 0.2035 0.2035 0.184 0.184 0.1715 0.1715 0.1715 0.162 0.162 0.165 0.165 0.1475 0.1475 0.1475 0.1475 0.1475 0.146 0.146 0.118 0.118 0.118 0.1265
0.1755 0.1755 0.1705 0.1705 0.1665 0.1665 0.1635 0.1635 0.1635 0.1565 0.1565 0.1555 0.1555 0.167 0.167 0.1695 0.1695 0.1695 0.1485 0.1485 0.146 0.146 0.1535 0.1535 0.1535 0.1905 0.1905 0.186 0.186 0.1825 0.1825 0.1825 0.174 0.174 0.169 0.169 0.1785 0.1785 0.1785 0.178 0.178 0.195 0.195 0.194 0.194 0.194 0.187 0.187 0.1825 0.1825 0.194 0.194 0.208 0.208 0.208 0.2035 0.2035 0.184 0.184 0.1715 0.1715 0.1715 0.162 0.162 0.165 0.165 0.1475 0.1475 0.1475 0.1475 0.1475 0.146 0.146 0.118 0.118 0.118 0.1265
0.1755 0.1755 0.1705 0.1705 0.1665 0.1665 0.1635 0.1635 0.1635 0.1565 0.1565 0.1555 0.1555 0.167 0.167 0.1695 0.1695 0.1695 0.1485 0.1485 0.146 0.146 0.1535 0.1535 0.1535 0.1905 0.1905 0.186 0.186 0.1825 0.1825 0.1825 0.174 0.174 0.169 0.169 0.1785 0.1785 0.1785 0.178 0.178 0.195 0.195 0.194 0.194 0.194 0.187 0.187 0.1825 0.1825 0.194 0.194 0.208 0.208 0.208 0.2035 0.2035 0.184 0.184 0.1715 0.1715 0.1715 0.162 0.162 0.165 0.165 0.1475 0.1475 0.1475 0.1475 0.1475 0.146 0.146 0.118 0.118 0.118 0.1265
0.1795 0.1795 0.164 0.164 0.1615 0.1615 0.1655 0.1655 0.1655 0.157 0.157 0.1585 0.1585 0.1635 0.1635 0.169 0.169 0.169 0.169 0.169 0.1585 0.1585 0.1665 0.1665 0.1665 0.1725 0.1725 0.183 0.183 0.1735 0.1735 0.1735 0.1905 0.1905 0.1965 0.1965 0.196 0.196 0.196 0.199 0.199 0.196 0.196 0.1945 0.1945 0.1945 0.171 0.171 0.157 0.157 0.152 0.152 0.181 0.181 0.181 0.1855 0.1855 0.1835 0.1835 0.155 0.155 0.155 0.165 0.165 0.136 0.136 0.137 0.137 0.137 0.133 0.133 0.141 0.141 0.13 0.13 0.13 0.106
0.1795 0.1795 0.164 0.164 0.1615 0.1615 0.1655 0.1655 0.1655 0.157 0.157 0.1585 0.1585 0.1635 0.1635 0.169 0.169 0.169 0.169 0.169 0.1585 0.1585 0.1665 0.1665 0.1665 0.1725 0.1725 0.183 0.183 0.1735 0.1735 0.1735 0.1905 0.1905 0.1965 0.1965 0.196 0.196 0.196 0.199 0.199 0.196 0.196 0.1945 0.1945 0.1945 0.171 0.171 0.157 0.157 0.152 0.152 0.181 0.181 0.181 0.1855 0.1855 0.1835 0.1835 0.155 0.155 0.155 0.165 0.165 0.136 0.136 0.137 0.137 0.137 0.133 0.133 0.141 0.141 0.13 0.13 0.13 0.106
0.1845 0.1845 0.1795 0.1795 0.178 0.178 0.1735 0.1735 0.1735 0.17 0.17 0.158 0.158 0.1585 0.1585 0.1755 0.1755 0.1755 0.1875 0.1875 0.1775 0.1775 0.181 0.181 0.181 0.1745 0.1745 0.185 0.185 0.188 0.188 0.188 0.2145 0.2145 0.2275 0.2275 0.1875 0.1875 0.1875 0.1435 0.1435 0.162 0.162 0.1565 0.1565 0.1565 0.1605 0.1605 0.214 0.214 0.195 0.195 0.1955 0.1955 0.1955 0.1735 0.1735 0.169 0.169 0.17 0.17 0.17 0.1575 0.1575 0.1415 0.1415 0.1505 0.1505 0.1505 0.151 0.151 0.151 0.151 0.1315 0.1315 0.1315 0.1515
0.1845 0.1845 0.1795 0.1795 0.178 0.178 0.1735 0.1735 0.1735 0.17 0.17 0.158 0.158 0.1585 0.1585 0.1755 0.1755 0.1755 0.1875 0.1875 0.1775 0.1775 0.181 0.181 0.181 0.1745 0.1745 0.185 0.185 0.188 0.188 0.188 0.2145 0.2145 0.2275 0.2275 0.1875 0.1875 0.1875 0.1435 0.1435 0.162 0.162 0.1565 0.1565 0.1565 0.1605 0.1605 0.214 0.214 0.195 0.195 0.1955 0.1955 0.1955 0.1735 0.1735 0.169 0.169 0.17 0.17 0.17 0.1575 0.1575 0.1415 0.1415 0.1505 0.1505 0.1505 0.151 0.151 0.151 0.151 0.1315 0.1315 0.1315 0.1515
0.2 0.2 0.185 0.185 0.2065 0.2065 0.185 0.185 0.185 0.1795 0.1795 0.1805 0.1805 0.1875 0.1875 0.2055 0.2055 0.2055 0.2085 0.2085 0.2125 0.2125 0.2 0.2 0.2 0.1955 0.1955 0.219 0.219 0.2255 0.2255 0.2255 0.251 0.251 0.2825 0.2825 0.17 0.17 0.17 0.1615 0.1615 0.153 0.153 0.1795 0.1795 0.1795 0.2035 0.2035 0.192 0.192 0.1965 0.1965 0.179 0.179 0.179 0.1635 0.1635 0.1665 0.1665 0.1545 0.1545 0.1545 0.1695 0.1695 0.153 0.153 0.1575 0.1575 0.1575 0.169 0.169 0.18 0.18 0.16 0.16 0.16 0.128
0.2 0.2 0.185 0.185 0.2065 0.2065 0.185 0.185 0.185 0.1795 0.1795 0.1805 0.1805 0.1875 0.1875 0.2055 0.2055 0.2055 0.2085 0.2085 0.2125 0.2125 0.2 0.2 0.2 0.1955 0.1955 0.219 0.219 0.2255 0.2255 0.2255 0.251 0.251 0.2825 0.2825 0.17 0.17 0.17 0.1615 0.1615 0.153 0.153 0.1795 0.1795 0.1795 0.2035 0.2035 0.192 0.192 0.1965 0.1965 0.179 0.179 0.179 0.1635 0.1635 0.1665 0.1665 0.1545 0.1545 0.1545 0.1695 0.1695 0.153 0.153 0.1575 0.1575 0.1575 0.169 0.169 0.18 0.18 0.16 0.16 0.16 0.128
0.2 0.2 0.185 0.185 0.2065 0.2065 0.185 0.185 0.185 0.1795 0.1795 0.1805 0.1805 0.1875 0.1875 0.2055 0.2055 0.2055 0.2085 0.2085 0.2125 0.2125 0.2 0.2 0.2 0.1955 0.1955 0.219 0.219 0.2255 0.2255 0.2255 0.251 0.251 0.2825 0.2825 0.17 0.17 0.17 0.1615 0.1615 0.153 0.153 0.1795 0.1795 0.1795 0.2035 0.2035 0.192 0.192 0.1965 0.1965 0.179 0.179 0.179 0.1635 0.1635 0.1665 0.1665 0.1545 0.1545 0.1545 0.1695 0.1695 0.153 0.153 0.1575 0.1575 0.1575 0.169 0.169 0.18 0.18 0.16 0.16 0.16 0.128
0.2155 0.2155 0.222 0.222 0.1945 0.1945 0.2135 0.2135 0.2135 0.2205 0.2205 0.2155 0.2155 0.2315 0.2315 0.227 0.227 0.227 0.2115 0.2115 0.207 0.207 0.2115 0.2115 0.2115 0.22 0.22 0.218 0.218 0.1935 0.1935 0.1935 0.186 0.186 0.246 0.246 0.2275 0.2275 0.2275 0.167 0.167 0.163 0.163 0.1575 0.1575 0.1575 0.1735 0.1735 0.1395 0.1395 0.1705 0.1705 0.164 0.164 0.164 0.166 0.166 0.1605 0.1605 0.1635 0.1635 0.1635 0.192 0.192 0.215 0.215 0.219 0.219 0.219 0.2195 0.2195 0.2105 0.2105 0.176 0.176 0.176 0.112
0.2155 0.2155 0.222 0.222 0.1945 0.1945 0.2135 0.2135 0.2135 0.2205 0.2205 0.2155 0.2155 0.2315 0.2315 0.227 0.227 0.227 0.2115 0.2115 0.207 0.207 0.2115 0.2115 0.2115 0.22 0.22 0.218 0.218 0.1935 0.1935 0.1935 0.186 0.186 0.246 0.246 0.2275 0.2275 0.2275 0.167 0.167 0.163 0.163 0.1575 0.1575 0.1575 0.1735 0.1735 0.1395 0.1395 0.1705 0.1705 0.164 0.164 0.164 0.166 0.166 0.1605 0.1605 0.1635 0.1635 0.1635 0.192 0.192 0.215 0.215 0.219 0.219 0.219 0.2195 0.2195 0.2105 0.2105 0.176 0.176 0.176 0.112
0.2155 0.2155 0.211 0.211 0.22 0.22 0.218 0.218 0.218 0.23 0.23 0.2325 0.2325 0.2275 0.2275 0.2395 0.2395 0.2395 0.2335 0.2335 0.222 0.222 0.2075 0.2075 0.2075 0.2065 0.2065 0.193 0.193 0.2 0.2 0.2 0.1925 0.1925 0.221 0.221 0.213 0.213 0.213 0.192 0.192 0.151 0.151 0.1525 0.1525 0.1525 0.147 0.147 0.142 0.142 0.193 0.193 0.203 0.203 0.203 0.2055 0.2055 0.2135 0.2135 0.24 0.24 0.24 0.228 0.228 0.227 0.227 0.212 0.212 0.212 0.19 0.19 0.198 0.198 0.19 0.19 0.19 0.104
0.2155 0.2155 0.211 0.211 0.22 0.22 0.218 0.218 0.218 0.23 0.23 0.2325 0.2325 0.2275 0.2275 0.2395 0.2395 0.2395 0.2335 0.2335 0.222 0.222 0.2075 0.2075 0.2075 0.2065 0.2065 0.193 0.193 0.2 0.2 0.2 0.1925 0.1925 0.221 0.221 0.213 0.213 0.213 0.192 0.192 0.151 0.151 0.1525 0.1525 0.1525 0.147 0.147 0.142 0.142 0.193 0.193 0.203 0.203 0.203 0.2055 0.2055 0.2135 0.2135 0.24 0.24 0.24 0.228 0.228 0.227 0.227 0.212 0.212 0.212 0.19 0.19 0.198 0.198 0.19 0.19 0.19 0.104
0.2695 0.2695 0.243 0.243 0.254 0.254 0.2365 0.2365 0.2365 0.246 0.246 0.2395 0.2395 0.2335 0.2335 0.2315 0.2315 0.2315 0.2285 0.2285 0.206 0.206 0.2085 0.2085 0.2085 0.196 0.196 0.2055 0.2055 0.21 0.21 0.21 0.1725 0.1725 0.1795 0.1795 0.195 0.195 0.195 0.2035 0.2035 0.1535 0.1535 0.146 0.146 0.146 0.1365 0.1365 0.1855 0.1855 0.1945 0.1945 0.205 0.205 0.205 0.226 0.226 0.2065 0.2065 0.2335 0.2335 0.2335 0.2245 0.2245 0.22 0.22 0.2055 0.2055 0.2055 0.1755 0.1755 0.1575 0.1575 0.155 0.155 0.155 0.116
0.2695 0.2695 0.243 0.243 0.254 0.254 0.2365 0.2365 0.2365 0.246 0.246 0.2395 0.2395 0.2335 0.2335 0.2315 0.2315 0.2315 0.2285 0.2285 0.206 0.206 0.2085 0.2085 0.2085 0.196 0.196 0.2055 0.2055 0.21 0.21 0.21 0.1725 0.1725 0.1795 0.1795 0.195 0.195 0.195 0.2035 0.2035 0.1535 0.1535 0.146 0.146 0.146 0.1365 0.1365 0.1855 0.1855 0.1945 0.1945 0.205 0.205 0.205 0.226 0.226 0.2065 0.2065 0.2335 0.2335 0.2335 0.2245 0.2245 0.22 0.22 0.2055 0.2055 0.2055 0.1755 0.1755 0.1575 0.1575 0.155 0.155 0.155 0.116
0.2555 0.2555 0.246 0.246 0.257 0.257 0.232 0.232 0.232 0.2465 0.2465 0.2575 0.2575 0.256 0.256 0.262 0.262 0.262 0.232 0.232 0.225 0.225 0.2175 0.2175 0.2175 0.2215 0.2215 0.205 0.205 0.201 0.201 0.201 0.187 0.187 0.1995 0.1995 0.1775 0.1775 0.1775 0.173 0.173 0.159 0.159 0.183 0.183 0.183 0.205 0.205 0.149 0.149 0.1675 0.1675 0.1855 0.1855 0.1855 0.2215 0.2215 0.209 0.209 0.225 0.225 0.225 0.2295 0.2295 0.2255 0.2255 0.22 0.22 0.22 0.162 0.162 0.16 0.16 0.1545 0.1545 0.1545 0.1175
0.2555 0.2555 0.246 0.246 0.257 0.257 0.232 0.232 0.232 0.2465 0.2465 0.2575 0.2575 0.256 0.256 0.262 0.262 0.262 0.232 0.232 0.225 0.225 0.2175 0.2175 0.2175 0.2215 0.2215 0.205 0.205 0.201 0.201 0.201 0.187 0.187 0.1995 0.1995 0.1775 0.1775 0.1775 0.173 0.173 0.159 0.159 0.183 0.183 0.183 0.205 0.205 0.149 0.149 0.1675 0.1675 0.1855 0.1855 0.1855 0.2215 0.2215 0.209 0.209 0.225 0.225 0.225 0.2295 0.2295 0.2255 0.2255 0.22 0.22 0.22 0.162 0.162 0.16 0.16 0.1545 0.1545 0.1545 0.1175
0.2555 0.2555 0.246 0.246 0.257 0.257 0.232 0.232 0.232 0.2465 0.2465 0.2575 0.2575 0.256 0.256 0.262 0.262 0.262 0.232 0.232 0.225 0.225 0.2175 0.2175 0.2175 0.2215 0.2215 0.205 0.205 0.201 0.201 0.201 0.187 0.187 0.1995 0.1995 0.1775 0.1775 0.1775 0.173 0.173 0.159 0.159 0.183 0.183 0.183 0.205 0.205 0.149 0.149 0.1675 0.1675 0.1855 0.1855 0.1855 0.2215 0.2215 0.209 0.209 0.225 0.225 0.225 0.2295 0.2295 0.2255 0.2255 0.22 0.22 0.22 0.162 0.162 0.16 0.16 0.1545 0.1545 0.1545 0.1175
0.242 0.242 0.2245 0.2245 0.244 0.244 0.238 0.238 0.238 0.252 0.252 0.234 0.234 0.224 0.224 0.229 0.229 0.229 0.1795 0.1795 0.205 0.205 0.238 0.238 0.238 0.2235 0.2235 0.218 0.218 0.209 0.209 0.209 0.2205 0.2205 0.228 0.228 0.208 0.208 0.208 0.175 0.175 0.1685 0.1685 0.187 0.187 0.187 0.1795 0.1795 0.1355 0.1355 0.1205 0.1205 0.132 0.132 0.132 0.1275 0.1275 0.188 0.188 0.219 0.219 0.219 0.227 0.227 0.223 0.223 0.235 0.235 0.235 0.201 0.201 0.2 0.2 0.175 0.175 0.175 0.13
0.242 0.242 0.2245 0.2245 0.244 0.244 0.238 0.238 0.238 0.252 0.252 0.234 0.234 0.224 0.224 0.229 0.229 0.229 0.1795 0.1795 0.205 0.205 0.238 0.238 0.238 0.2235 0.2235 0.218 0.218 0.209 0.209 0.209 0.2205 0.2205 0.228 0.228 0.208 0.208 0.208 0.175 0.175 0.1685 0.1685 0.187 0.187 0.187 0.1795 0.1795 0.1355 0.1355 0.1205 0.1205 0.132 0.132 0.132 0.1275 0.1275 0.188 0.188 0.219 0.219 0.219 0.227 0.227 0.223 0.223 0.235 0.235 0.235 0.201 0.201 0.2 0.2 0.175 0.175 0.175 0.13
0.2275 0.2275 0.2215 0.2215 0.257 0.257 0.252 0.252 0.252 0.262 0.262 0.2555 0.2555 0.218 0.218 0.219 0.219 0.219 0.177 0.177 0.222 0.222 0.2015 0.2015 0.2015 0.24 0.24 0.245 0.245 0.2235 0.2235 0.2235 0.221 0.221 0.209 0.209 0.1985 0.1985 0.1985 0.203 0.203 0.147 0.147 0.1755 0.1755 0.1755 0.1585 0.1585 0.121 0.121 0.125 0.125 0.124 0.124 0.124 0.153 0.153 0.203 0.203 0.2185 0.2185 0.2185 0.223 0.223 0.218 0.218 0.2165 0.2165 0.2165 0.2165 0.2165 0.257 0.257 0.182 0.182 0.182 0.1355
0.2275 0.2275 0.2215 0.2215 0.257 0.257 0.252 0.252 0.252 0.262 0.262 0.2555 0.2555 0.218 0.218 0.219 0.219 0.219 0.177 0.177 0.222 0.222 0.2015 0.2015 0.2015 0.24 0.24 0.245 0.245 0.2235 0.2235 0.2235 0.221 0.221 0.209 0.209 0.1985 0.1985 0.1985 0.203 0.203 0.147 0.147 0.1755 0.1755 0.1755 0.1585 0.1585 0.121 0.121 0.125 0.125 0.124 0.124 0.124 0.153 0.153 0.203 0.203 0.2185 0.2185 0.2185 0.223 0.223 0.218 0.218 0.2165 0.2165 0.2165 0.2165 0.2165 0.257 0.257 0.182 0.182 0.182 0.1355
0.256 0.256 0.2275 0.2275 0.2085 0.2085 0.273 0.273 0.273 0.279 0.279 0.252 0.252 0.275 0.275 0.2505 0.2505 0.2505 0.216 0.216 0.252 0.252 0.2305 0.2305 0.2305 0.2075 0.2075 0.2325 0.2325 0.213 0.213 0.213 0.216 0.216 0.221 0.221 0.222 0.222 0.222 0.2515 0.2515 0.1925 0.1925 0.148 0.148 0.148 0.153 0.153 0.152 0.152 0.1465 0.1465 0.2075 0.2075 0.2075 0.1735 0.1735 0.1755 0.1755 0.2425 0.2425 0.2425 0.2295 0.2295 0.2165 0.2165 0.225 0.225 0.225 0.214 0.214 0.2065 0.2065 0.1495 0.1495 0.1495 0.1345
0.256 0.256 0.2275 0.2275 0.2085 0.2085 0.273 0.273 0.273 0.279 0.279 0.252 0.252 0.275 0.275 0.2505 0.2505 0.2505 0.216 0.216 0.252 0.252 0.2305 0.2305 0.2305 0.2075 0.2075 0.2325 0.2325 0.213 0.213 0.213 0.216 0.216 0.221 0.221 0.222 0.222 0.222 0.2515 0.2515 0.1925 0.1925 0.148 0.148 0.148 0.153 0.153 0.152 0.152 0.1465 0.1465 0.2075 0.2075 0.2075 0.1735 0.1735 0.1755 0.1755 0.2425 0.2425 0.2425 0.2295 0.2295 0.2165 0.2165 0.225 0.225 0.225 0.214 0.214 0.2065 0.2065 0.1495 0.1495 0.1495 0.1345
0.256 0.256 0.2275 0.2275 0.2085 0.2085 0.273 0.273 0.273 0.279 0.279 0.252 0.252 0.275 0.275 0.2505 0.2505 0.2505 0.216 0.216 0.252 0.252 0.2305 0.2305 0.2305 0.2075 0.2075 0.2325 0.2325 0.213 0.213 0.213 0.216 0.216 0.221 0.221 0.222 0.222 0.222 0.2515 0.2515 0.1925 0.1925 0.148 0.148 0.148 0.153 0.153 0.152 0.152 0.1465 0.1465 0.2075 0.2075 0.2075 0.1735 0.1735 0.1755 0.1755 0.2425 0.2425 0.2425 0.2295 0.2295 0.2165 0.2165 0.225 0.225 0.225 0.214 0.214 0.2065 0.2065 0.1495 0.1495 0.1495 0.1345
0.2265 0.2265 0.252 0.252 0.2115 0.2115 0.2035 0.2035 0.2035 0.256 0.256 0.247 0.247 0.2675 0.2675 0.243 0.243 0.243 0.245 0.245 0.2475 0.2475 0.2625 0.2625 0.2625 0.2355 0.2355 0.2275 0.2275 0.224 0.224 0.224 0.209 0.209 0.209 0.209 0.2125 0.2125 0.2125 0.206 0.206 0.195 0.195 0.179 0.179 0.179 0.1395 0.1395 0.1875 0.1875 0.181 0.181 0.1975 0.1975 0.1975 0.2065 0.2065 0.175 0.175 0.2315 0.2315 0.2315 0.233 0.233 0.2255 0.2255 0.237 0.237 0.237 0.2235 0.2235 0.2045 0.2045 0.201 0.201 0.201 0.154
