ndvi/NOAA-8.asc
ncols         252
nrows         154
xllcorner     -18.017974
yllcorner     13.481982
cellsize      0.035948
NODATA_value  -9999
[rows 102 to 135 of 154, columns 154 to 230 of 252]
0.4615 0.459 0.459 0.3635 0.3635 0.3635 0.298 0.298 0.3955 0.3955 0.425 0.425 0.4085 0.4085 0.4085 0.407 0.407 0.426 0.426 0.4335 0.4335 0.4335 0.464 0.464 0.458 0.458 0.447 0.447 0.447 0.4965 0.4965 0.5575 0.5575 0.5255 0.5255 0.5255 0.503 0.503 0.5415 0.5415 0.4835 0.4835 0.4835 0.4765 0.4765 0.454 0.454 0.395 0.395 0.4185 0.4185 0.4185 0.3855 0.3855 0.4135 0.4135 0.5245 0.5245 0.5245 0.4175 0.4175 0.3785 0.3785 0.413 0.413 0.413 0.4145 0.4145 0.416 0.416 0.38 0.38 0.38 0.425 0.425 0.4295 0.4295
0.398 0.51 0.51 0.398 0.398 0.398 0.394 0.394 0.4045 0.4045 0.4345 0.4345 0.4425 0.4425 0.4425 0.4535 0.4535 0.4255 0.4255 0.3975 0.3975 0.3975 0.45 0.45 0.447 0.447 0.472 0.472 0.472 0.444 0.444 0.5015 0.5015 0.4635 0.4635 0.4635 0.512 0.512 0.475 0.475 0.438 0.438 0.438 0.4315 0.4315 0.399 0.399 0.4135 0.4135 0.4285 0.4285 0.4285 0.4435 0.4435 0.532 0.532 0.4875 0.4875 0.4875 0.428 0.428 0.4355 0.4355 0.3945 0.3945 0.3945 0.372 0.372 0.3625 0.3625 0.373 0.373 0.373 0.4055 0.4055 0.3955 0.3955
0.398 0.51 0.51 0.398 0.398 0.398 0.394 0.394 0.4045 0.4045 0.4345 0.4345 0.4425 0.4425 0.4425 0.4535 0.4535 0.4255 0.4255 0.3975 0.3975 0.3975 0.45 0.45 0.447 0.447 0.472 0.472 0.472 0.444 0.444 0.5015 0.5015 0.4635 0.4635 0.4635 0.512 0.512 0.475 0.475 0.438 0.438 0.438 0.4315 0.4315 0.399 0.399 0.4135 0.4135 0.4285 0.4285 0.4285 0.4435 0.4435 0.532 0.532 0.4875 0.4875 0.4875 0.428 0.428 0.4355 0.4355 0.3945 0.3945 0.3945 0.372 0.372 0.3625 0.3625 0.373 0.373 0.373 0.4055 0.4055 0.3955 0.3955
0.398 0.51 0.51 0.398 0.398 0.398 0.394 0.394 0.4045 0.4045 0.4345 0.4345 0.4425 0.4425 0.4425 0.4535 0.4535 0.4255 0.4255 0.3975 0.3975 0.3975 0.45 0.45 0.447 0.447 0.472 0.472 0.472 0.444 0.444 0.5015 0.5015 0.4635 0.4635 0.4635 0.512 0.512 0.475 0.475 0.438 0.438 0.438 0.4315 0.4315 0.399 0.399 0.4135 0.4135 0.4285 0.4285 0.4285 0.4435 0.4435 0.532 0.532 0.4875 0.4875 0.4875 0.428 0.428 0.4355 0.4355 0.3945 0.3945 0.3945 0.372 0.372 0.3625 0.3625 0.373 0.373 0.373 0.4055 0.4055 0.3955 0.3955
0.3935 0.4335 0.4335 0.4855 0.4855 0.4855 0.3735 0.3735 0.459 0.459 0.5095 0.5095 0.458 0.458 0.458 0.434 0.434 0.454 0.454 0.418 0.418 0.418 0.4 0.4 0.484 0.484 0.4565 0.4565 0.4565 0.504 0.504 0.5425 0.5425 0.51 0.51 0.51 0.4945 0.4945 0.445 0.445 0.4245 0.4245 0.4245 0.4635 0.4635 0.4795 0.4795 0.413 0.413 0.4565 0.4565 0.4565 0.5650001 0.5650001 0.5895 0.5895 0.596 0.596 0.596 0.474 0.474 0.4285 0.4285 0.482 0.482 0.482 0.444 0.444 0.4625 0.4625 0.477 0.477 0.477 0.463 0.463 0.4735 0.4735
0.3935 0.4335 0.4335 0.4855 0.4855 0.4855 0.3735 0.3735 0.459 0.459 0.5095 0.5095 0.458 0.458 0.458 0.434 0.434 0.454 0.454 0.418 0.418 0.418 0.4 0.4 0.484 0.484 0.4565 0.4565 0.4565 0.504 0.504 0.5425 0.5425 0.51 0.51 0.51 0.4945 0.4945 0.445 0.445 0.4245 0.4245 0.4245 0.4635 0.4635 0.4795 0.4795 0.413 0.413 0.4565 0.4565 0.4565 0.5650001 0.5650001 0.5895 0.5895 0.596 0.596 0.596 0.474 0.474 0.4285 0.4285 0.482 0.482 0.482 0.444 0.444 0.4625 0.4625 0.477 0.477 0.477 0.463 0.463 0.4735 0.4735
0.4375 0.49 0.49 0.528 0.528 0.528 0.5275 0.5275 0.513 0.513 0.545 0.545 0.516 0.516 0.516 0.455 0.455 0.411 0.411 0.432 0.432 0.432 0.4705 0.4705 0.5375 0.5375 0.5465 0.5465 0.5465 0.5555 0.5555 0.5455 0.5455 0.5615 0.5615 0.5615 0.541 0.541 0.5025 0.5025 0.496 0.496 0.496 0.4865 0.4865 0.506 0.506 0.553 0.553 0.533 0.533 0.533 0.5935 0.5935 0.6595 0.6595 0.601 0.601 0.601 0.5205 0.5205 0.4855 0.4855 0.4925 0.4925 0.4925 0.548 0.548 0.4815 0.4815 0.517 0.517 0.517 0.5255 0.5255 0.5585 0.5585
0.4375 0.49 0.49 0.528 0.528 0.528 0.5275 0.5275 0.513 0.513 0.545 0.545 0.516 0.516 0.516 0.455 0.455 0.411 0.411 0.432 0.432 0.432 0.4705 0.4705 0.5375 0.5375 0.5465 0.5465 0.5465 0.5555 0.5555 0.5455 0.5455 0.5615 0.5615 0.5615 0.541 0.541 0.5025 0.5025 0.496 0.496 0.496 0.4865 0.4865 0.506 0.506 0.553 0.553 0.533 0.533 0.533 0.5935 0.5935 0.6595 0.6595 0.601 0.601 0.601 0.5205 0.5205 0.4855 0.4855 0.4925 0.4925 0.4925 0.548 0.548 0.4815 0.4815 0.517 0.517 0.517 0.5255 0.5255 0.5585 0.5585
0.4185 0.46 0.46 0.509 0.509 0.509 0.558 0.558 0.5485 0.5485 0.5205 0.5205 0.505 0.505 0.505 0.4995 0.4995 0.4965 0.4965 0.493 0.493 0.493 0.4735 0.4735 0.5235 0.5235 0.5415 0.5415 0.5415 0.5585 0.5585 0.55 0.55 0.555 0.555 0.555 0.538 0.538 0.517 0.517 0.494 0.494 0.494 0.5245 0.5245 0.514 0.514 0.5325 0.5325 0.5665 0.5665 0.5665 0.654 0.654 0.661 0.661 0.6145 0.6145 0.6145 0.608 0.608 0.5275 0.5275 0.5345 0.5345 0.5345 0.5495 0.5495 0.5485 0.5485 0.531 0.531 0.531 0.5675 0.5675 0.617 0.617
0.4185 0.46 0.46 0.509 0.509 0.509 0.558 0.558 0.5485 0.5485 0.5205 0.5205 0.505 0.505 0.505 0.4995 0.4995 0.4965 0.4965 0.493 0.493 0.493 0.4735 0.4735 0.5235 0.5235 0.5415 0.5415 0.5415 0.5585 0.5585 0.55 0.55 0.555 0.555 0.555 0.538 0.538 0.517 0.517 0.494 0.494 0.494 0.5245 0.5245 0.514 0.514 0.5325 0.5325 0.5665 0.5665 0.5665 0.654 0.654 0.661 0.661 0.6145 0.6145 0.6145 0.608 0.608 0.5275 0.5275 0.5345 0.5345 0.5345 0.5495 0.5495 0.5485 0.5485 0.531 0.531 0.531 0.5675 0.5675 0.617 0.617
0.4185 0.46 0.46 0.509 0.509 0.509 0.558 0.558 0.5485 0.5485 0.5205 0.5205 0.505 0.505 0.505 0.4995 0.4995 0.4965 0.4965 0.493 0.493 0.493 0.4735 0.4735 0.5235 0.5235 0.5415 0.5415 0.5415 0.5585 0.5585 0.55 0.55 0.555 0.555 0.555 0.538 0.538 0.517 0.517 0.494 0.494 0.494 0.5245 0.5245 0.514 0.514 0.5325 0.5325 0.5665 0.5665 0.5665 0.654 0.654 0.661 0.661 0.6145 0.6145 0.6145 0.608 0.608 0.5275 0.5275 0.5345 0.5345 0.5345 0.5495 0.5495 0.5485 0.5485 0.531 0.531 0.531 0.5675 0.5675 0.617 0.617
0.445 0.425 0.425 0.5095 0.5095 0.5095 0.5155 0.5155 0.492 0.492 0.5095 0.5095 0.545 0.545 0.545 0.6165 0.6165 0.5435 0.5435 0.5445 0.5445 0.5445 0.5465 0.5465 0.551 0.551 0.5735 0.5735 0.5735 0.591 0.591 0.5685 0.5685 0.555 0.555 0.555 0.5065 0.5065 0.5515 0.5515 0.487 0.487 0.487 0.546 0.546 0.4945 0.4945 0.4975 0.4975 0.5875 0.5875 0.5875 0.648 0.648 0.6585 0.6585 0.6305 0.6305 0.6305 0.5925 0.5925 0.5265 0.5265 0.5205 0.5205 0.5205 0.5405 0.5405 0.5515 0.5515 0.5565 0.5565 0.5565 0.587 0.587 0.631 0.631
0.445 0.425 0.425 0.5095 0.5095 0.5095 0.5155 0.5155 0.492 0.492 0.5095 0.5095 0.545 0.545 0.545 0.6165 0.6165 0.5435 0.5435 0.5445 0.5445 0.5445 0.5465 0.5465 0.551 0.551 0.5735 0.5735 0.5735 0.591 0.591 0.5685 0.5685 0.555 0.555 0.555 0.5065 0.5065 0.5515 0.5515 0.487 0.487 0.487 0.546 0.546 0.4945 0.4945 0.4975 0.4975 0.5875 0.5875 0.5875 0.648 0.648 0.6585 0.6585 0.6305 0.6305 0.6305 0.5925 0.5925 0.5265 0.5265 0.5205 0.5205 0.5205 0.5405 0.5405 0.5515 0.5515 0.5565 0.5565 0.5565 0.587 0.587 0.631 0.631
0.5005 0.5305 0.5305 0.4905 0.4905 0.4905 0.521 0.521 0.498 0.498 0.504 0.504 0.5935 0.5935 0.5935 0.575 0.575 0.5700001 0.5700001 0.5355 0.5355 0.5355 0.561 0.561 0.575 0.575 0.585 0.585 0.585 0.5655 0.5655 0.587 0.587 0.5495 0.5495 0.5495 0.569 0.569 0.4405 0.4405 0.4635 0.4635 0.4635 0.507 0.507 0.5175 0.5175 0.586 0.586 0.708 0.708 0.708 0.6875 0.6875 0.6555 0.6555 0.621 0.621 0.621 0.592 0.592 0.506 0.506 0.539 0.539 0.539 0.554 0.554 0.5345 0.5345 0.561 0.561 0.561 0.5655 0.5655 0.591 0.591
0.5005 0.5305 0.5305 0.4905 0.4905 0.4905 0.521 0.521 0.498 0.498 0.504 0.504 0.5935 0.5935 0.5935 0.575 0.575 0.5700001 0.5700001 0.5355 0.5355 0.5355 0.561 0.561 0.575 0.575 0.585 0.585 0.585 0.5655 0.5655 0.587 0.587 0.5495 0.5495 0.5495 0.569 0.569 0.4405 0.4405 0.4635 0.4635 0.4635 0.507 0.507 0.5175 0.5175 0.586 0.586 0.708 0.708 0.708 0.6875 0.6875 0.6555 0.6555 0.621 0.621 0.621 0.592 0.592 0.506 0.506 0.539 0.539 0.539 0.554 0.554 0.5345 0.5345 0.561 0.561 0.561 0.5655 0.5655 0.591 0.591
0.54 0.547 0.547 0.5715 0.5715 0.5715 0.537 0.537 0.5425 0.5425 0.541 0.541 0.5705 0.5705 0.5705 0.5605 0.5605 0.5745 0.5745 0.5725 0.5725 0.5725 0.606 0.606 0.5785 0.5785 0.5605 0.5605 0.5605 0.538 0.538 0.5485 0.5485 0.5115 0.5115 0.5115 0.4835 0.4835 0.483 0.483 0.5335 0.5335 0.5335 0.5935 0.5935 0.6055 0.6055 0.654 0.654 0.693 0.693 0.693 0.6855 0.6855 0.6475 0.6475 0.6485 0.6485 0.6485 0.5915 0.5915 0.5875 0.5875 0.5925 0.5925 0.5925 0.624 0.624 0.601 0.601 0.5975 0.5975 0.5975 0.5735 0.5735 0.5925 0.5925
0.54 0.547 0.547 0.5715 0.5715 0.5715 0.537 0.537 0.5425 0.5425 0.541 0.541 0.5705 0.5705 0.5705 0.5605 0.5605 0.5745 0.5745 0.5725 0.5725 0.5725 0.606 0.606 0.5785 0.5785 0.5605 0.5605 0.5605 0.538 0.538 0.5485 0.5485 0.5115 0.5115 0.5115 0.4835 0.4835 0.483 0.483 0.5335 0.5335 0.5335 0.5935 0.5935 0.6055 0.6055 0.654 0.654 0.693 0.693 0.693 0.6855 0.6855 0.6475 0.6475 0.6485 0.6485 0.6485 0.5915 0.5915 0.5875 0.5875 0.5925 0.5925 0.5925 0.624 0.624 0.601 0.601 0.5975 0.5975 0.5975 0.5735 0.5735 0.5925 0.5925
0.54 0.547 0.547 0.5715 0.5715 0.5715 0.537 0.537 0.5425 0.5425 0.541 0.541 0.5705 0.5705 0.5705 0.5605 0.5605 0.5745 0.5745 0.5725 0.5725 0.5725 0.606 0.606 0.5785 0.5785 0.5605 0.5605 0.5605 0.538 0.538 0.5485 0.5485 0.5115 0.5115 0.5115 0.4835 0.4835 0.483 0.483 0.5335 0.5335 0.5335 0.5935 0.5935 0.6055 0.6055 0.654 0.654 0.693 0.693 0.693 0.6855 0.6855 0.6475 0.6475 0.6485 0.6485 0.6485 0.5915 0.5915 0.5875 0.5875 0.5925 0.5925 0.5925 0.624 0.624 0.601 0.601 0.5975 0.5975 0.5975 0.5735 0.5735 0.5925 0.5925
0.5345 0.6035 0.6035 0.6095 0.6095 0.6095 0.5995 0.5995 0.651 0.651 0.6914999 0.6914999 0.6435 0.6435 0.6435 0.6805 0.6805 0.6265 0.6265 0.619 0.619 0.619 0.571 0.571 0.6275 0.6275 0.613 0.613 0.613 0.53 0.53 0.545 0.545 0.5295 0.5295 0.5295 0.5205 0.5205 0.5695 0.5695 0.549 0.549 0.549 0.6105 0.6105 0.6305 0.6305 0.67 0.67 0.645 0.645 0.645 0.637 0.637 0.647 0.647 0.6305 0.6305 0.6305 0.559 0.559 0.5825 0.5825 0.6255 0.6255 0.6255 0.637 0.637 0.6055 0.6055 0.5645 0.5645 0.5645 0.5935 0.5935 0.5945 0.5945
0.5345 0.6035 0.6035 0.6095 0.6095 0.6095 0.5995 0.5995 0.651 0.651 0.6914999 0.6914999 0.6435 0.6435 0.6435 0.6805 0.6805 0.6265 0.6265 0.619 0.619 0.619 0.571 0.571 0.6275 0.6275 0.613 0.613 0.613 0.53 0.53 0.545 0.545 0.5295 0.5295 0.5295 0.5205 0.5205 0.5695 0.5695 0.549 0.549 0.549 0.6105 0.6105 0.6305 0.6305 0.67 0.67 0.645 0.645 0.645 0.637 0.637 0.647 0.647 0.6305 0.6305 0.6305 0.559 0.559 0.5825 0.5825 0.6255 0.6255 0.6255 0.637 0.637 0.6055 0.6055 0.5645 0.5645 0.5645 0.5935 0.5935 0.5945 0.5945
0.552 0.5795 0.5795 0.5585 0.5585 0.5585 0.5505 0.5505 0.617 0.617 0.653 0.653 0.663 0.663 0.663 0.6375 0.6375 0.618 0.618 0.586 0.586 0.586 0.559 0.559 0.5745 0.5745 0.5505 0.5505 0.5505 0.5195 0.5195 0.485 0.485 0.6425 0.6425 0.6425 0.5985 0.5985 0.572 0.572 0.604 0.604 0.604 0.6595 0.6595 0.6605 0.6605 0.6605 0.6605 0.635 0.635 0.635 0.636 0.636 0.6375 0.6375 0.6165 0.6165 0.6165 0.614 0.614 0.5605 0.5605 0.6105 0.6105 0.6105 0.6145 0.6145 0.605 0.605 0.6035 0.6035 0.6035 0.611 0.611 0.5930001 0.5930001
0.552 0.5795 0.5795 0.5585 0.5585 0.5585 0.5505 0.5505 0.617 0.617 0.653 0.653 0.663 0.663 0.663 0.6375 0.6375 0.618 0.618 0.586 0.586 0.586 0.559 0.559 0.5745 0.5745 0.5505 0.5505 0.5505 0.5195 0.5195 0.485 0.485 0.6425 0.6425 0.6425 0.5985 0.5985 0.572 0.572 0.604 0.604 0.604 0.6595 0.6595 0.6605 0.6605 0.6605 0.6605 0.635 0.635 0.635 0.636 0.636 0.6375 0.6375 0.6165 0.6165 0.6165 0.614 0.614 0.5605 0.5605 0.6105 0.6105 0.6105 0.6145 0.6145 0.605 0.605 0.6035 0.6035 0.6035 0.611 0.611 0.5930001 0.5930001
0.6145 0.574 0.574 0.577 0.577 0.577 0.5485 0.5485 0.5875 0.5875 0.6245 0.6245 0.645 0.645 0.645 0.651 0.651 0.601 0.601 0.577 0.577 0.577 0.595 0.595 0.5695 0.5695 0.5255 0.5255 0.5255 0.4735 0.4735 0.525 0.525 0.5845 0.5845 0.5845 0.565 0.565 0.5735 0.5735 0.614 0.614 0.614 0.644 0.644 0.6305 0.6305 0.666 0.666 0.63 0.63 0.63 0.6796 0.6796 0.6485 0.6485 0.6255 0.6255 0.6255 0.612 0.612 0.603 0.603 0.6205 0.6205 0.6205 0.639 0.639 0.5895 0.5895 0.6015 0.6015 0.6015 0.5665 0.5665 0.5915 0.5915
0.6145 0.574 0.574 0.577 0.577 0.577 0.5485 0.5485 0.5875 0.5875 0.6245 0.6245 0.645 0.645 0.645 0.651 0.651 0.601 0.601 0.577 0.577 0.577 0.595 0.595 0.5695 0.5695 0.5255 0.5255 0.5255 0.4735 0.4735 0.525 0.525 0.5845 0.5845 0.5845 0.565 0.565 0.5735 0.5735 0.614 0.614 0.614 0.644 0.644 0.6305 0.6305 0.666 0.666 0.63 0.63 0.63 0.6796 0.6796 0.6485 0.6485 0.6255 0.6255 0.6255 0.612 0.612 0.603 0.603 0.6205 0.6205 0.6205 0.639 0.639 0.5895 0.5895 0.6015 0.6015 0.6015 0.5665 0.5665 0.5915 0.5915
0.6185 0.59 0.59 0.6045 0.6045 0.6045 0.5755 0.5755 0.5595 0.5595 0.601 0.601 0.6215 0.6215 0.6215 0.6235 0.6235 0.6085 0.6085 0.617 0.617 0.617 0.586 0.586 0.575 0.575 0.5255 0.5255 0.5255 0.52 0.52 0.5385 0.5385 0.605 0.605 0.605 0.5925 0.5925 0.62 0.62 0.6015 0.6015 0.6015 0.6175 0.6175 0.641 0.641 0.6405 0.6405 0.6415 0.6415 0.6415 0.6475 0.6475 0.639 0.639 0.6195 0.6195 0.6195 0.627 0.627 0.614 0.614 0.638 0.638 0.638 0.632 0.632 0.6115 0.6115 0.6265 0.6265 0.6265 0.624 0.624 0.62 0.62
0.6185 0.59 0.59 0.6045 0.6045 0.6045 0.5755 0.5755 0.5595 0.5595 0.601 0.601 0.6215 0.6215 0.6215 0.6235 0.6235 0.6085 0.6085 0.617 0.617 0.617 0.586 0.586 0.575 0.575 0.5255 0.5255 0.5255 0.52 0.52 0.5385 0.5385 0.605 0.605 0.605 0.5925 0.5925 0.62 0.62 0.6015 0.6015 0.6015 0.6175 0.6175 0.641 0.641 0.6405 0.6405 0.6415 0.6415 0.6415 0.6475 0.6475 0.639 0.639 0.6195 0.6195 0.6195 0.627 0.627 0.614 0.614 0.638 0.638 0.638 0.632 0.632 0.6115 0.6115 0.6265 0.6265 0.6265 0.624 0.624 0.62 0.62
0.6185 0.59 0.59 0.6045 0.6045 0.6045 0.5755 0.5755 0.5595 0.5595 0.601 0.601 0.6215 0.6215 0.6215 0.6235 0.6235 0.6085 0.6085 0.617 0.617 0.617 0.586 0.586 0.575 0.575 0.5255 0.5255 0.5255 0.52 0.52 0.5385 0.5385 0.605 0.605 0.605 0.5925 0.5925 0.62 0.62 0.6015 0.6015 0.6015 0.6175 0.6175 0.641 0.641 0.6405 0.6405 0.6415 0.6415 0.6415 0.6475 0.6475 0.639 0.639 0.6195 0.6195 0.6195 0.627 0.627 0.614 0.614 0.638 0.638 0.638 0.632 0.632 0.6115 0.6115 0.6265 0.6265 0.6265 0.624 0.624 0.62 0.62
0.619 0.6075 0.6075 0.611 0.611 0.611 0.568 0.568 0.5585 0.5585 0.5695 0.5695 0.592 0.592 0.592 0.5715 0.5715 0.5985 0.5985 0.5805 0.5805 0.5805 0.598 0.598 0.5755 0.5755 0.5575 0.5575 0.5575 0.6095 0.6095 0.5755 0.5755 0.613 0.613 0.613 0.6295 0.6295 0.624 0.624 0.6125 0.6125 0.6125 0.6375 0.6375 0.6525 0.6525 0.6786 0.6786 0.663 0.663 0.663 0.629 0.629 0.637 0.637 0.617 0.617 0.617 0.6595 0.6595 0.65 0.65 0.617 0.617 0.617 0.5995 0.5995 0.6235 0.6235 0.607 0.607 0.607 0.5995 0.5995 0.613 0.613
0.619 0.6075 0.6075 0.611 0.611 0.611 0.568 0.568 0.5585 0.5585 0.5695 0.5695 0.592 0.592 0.592 0.5715 0.5715 0.5985 0.5985 0.5805 0.5805 0.5805 0.598 0.598 0.5755 0.5755 0.5575 0.5575 0.5575 0.6095 0.6095 0.5755 0.5755 0.613 0.613 0.613 0.6295 0.6295 0.624 0.624 0.6125 0.6125 0.6125 0.6375 0.6375 0.6525 0.6525 0.6786 0.6786 0.663 0.663 0.663 0.629 0.629 0.637 0.637 0.617 0.617 0.617 0.6595 0.6595 0.65 0.65 0.617 0.617 0.617 0.5995 0.5995 0.6235 0.6235 0.607 0.607 0.607 0.5995 0.5995 0.613 0.613
0.6715 0.6485 0.6485 0.5735 0.5735 0.5735 0.536 0.536 0.5845 0.5845 0.5635 0.5635 0.56 0.56 0.56 0.574 0.574 0.6085 0.6085 0.613 0.613 0.613 0.6015 0.6015 0.6055 0.6055 0.6525 0.6525 0.6525 0.636 0.636 0.626 0.626 0.562 0.562 0.562 0.601 0.601 0.645 0.645 0.6210001 0.6210001 0.6210001 0.6405 0.6405 0.665 0.665 0.6785 0.6785 0.709 0.709 0.709 0.6645 0.6645 0.6845 0.6845 0.7055 0.7055 0.7055 0.712 0.712 0.663 0.663 0.636 0.636 0.636 0.606 0.606 0.642 0.642 0.626 0.626 0.626 0.619 0.619 0.602 0.602
0.6715 0.6485 0.6485 0.5735 0.5735 0.5735 0.536 0.536 0.5845 0.5845 0.5635 0.5635 0.56 0.56 0.56 0.574 0.574 0.6085 0.6085 0.613 0.613 0.613 0.6015 0.6015 0.6055 0.6055 0.6525 0.6525 0.6525 0.636 0.636 0.626 0.626 0.562 0.562 0.562 0.601 0.601 0.645 0.645 0.6210001 0.6210001 0.6210001 0.6405 0.6405 0.665 0.665 0.6785 0.6785 0.709 0.709 0.709 0.6645 0.6645 0.6845 0.6845 0.7055 0.7055 0.7055 0.712 0.712 0.663 0.663 0.636 0.636 0.636 0.606 0.606 0.642 0.642 0.626 0.626 0.626 0.619 0.619 0.602 0.602
0.663 0.656 0.656 0.5705 0.5705 0.5705 0.541 0.541 0.59 0.59 0.575 0.575 0.6755 0.6755 0.6755 0.57 0.57 0.581 0.581 0.5905 0.5905 0.5905 0.5885 0.5885 0.617 0.617 0.652 0.652 0.652 0.6695 0.6695 0.6405 0.6405 0.6205 0.6205 0.6205 0.635 0.635 0.647 0.647 0.6475 0.6475 0.6475 0.6475 0.6475 0.6725 0.6725 0.7 0.7 0.7005 0.7005 0.7005 0.6915 0.6915 0.708 0.708 0.714 0.714 0.714 0.677 0.677 0.641 0.641 0.647 0.647 0.647 0.6045001 0.6045001 0.6245 0.6245 0.666 0.666 0.666 0.6125 0.6125 0.625 0.625
0.663 0.656 0.656 0.5705 0.5705 0.5705 0.541 0.541 0.59 0.59 0.575 0.575 0.6755 0.6755 0.6755 0.57 0.57 0.581 0.581 0.5905 0.5905 0.5905 0.5885 0.5885 0.617 0.617 0.652 0.652 0.652 0.6695 0.6695 0.6405 0.6405 0.6205 0.6205 0.6205 0.635 0.635 0.647 0.647 0.6475 0.6475 0.6475 0.6475 0.6475 0.6725 0.6725 0.7 0.7 0.7005 0.7005 0.7005 0.6915 0.6915 0.708 0.708 0.714 0.714 0.714 0.677 0.677 0.641 0.641 0.647 0.647 0.647 0.6045001 0.6045001 0.6245 0.6245 0.666 0.666 0.666 0.6125 0.6125 0.625 0.625
0.663 0.656 0.656 0.5705 0.5705 0.5705 0.541 0.541 0.59 0.59 0.575 0.575 0.6755 0.6755 0.6755 0.57 0.57 0.581 0.581 0.5905 0.5905 0.5905 0.5885 0.5885 0.617 0.617 0.652 0.652 0.652 0.6695 0.6695 0.6405 0.6405 0.6205 0.6205 0.6205 0.635 0.635 0.647 0.647 0.6475 0.6475 0.6475 0.6475 0.6475 0.6725 0.6725 0.7 0.7 0.7005 0.7005 0.7005 0.6915 0.6915 0.708 0.708 0.714 0.714 0.714 0.677 0.677 0.641 0.641 0.647 0.647 0.647 0.6045001 0.6045001 0.6245 0.6245 0.666 0.666 0.666 0.6125 0.6125 0.625 0.625
