ndvi/NOAA-173.asc
ncols         252
nrows         154
xllcorner     -18.017974
yllcorner     13.481982
cellsize      0.035948
NODATA_value  -9999
[rows 70 to 104 of 154, columns 77 to 153 of 252]
0.232 0.232 0.2365 0.2365 0.238 0.238 0.2315 0.2315 0.2315 0.2415 0.2415 0.249 0.249 0.243 0.243 0.251 0.251 0.251 0.229 0.229 0.2385 0.2385 0.295 0.295 0.295 0.2685 0.2685 0.221 0.221 0.2075 0.2075 0.2075 0.203 0.203 0.224 0.224 0.2285 0.2285 0.2285 0.25 0.25 0.2625 0.2625 0.2485 0.2485 0.2485 0.1915 0.1915 0.1985 0.1985 0.2025 0.2025 0.2115 0.2115 0.2115 0.233 0.233 0.2395 0.2395 0.2515 0.2515 0.2515 0.258 0.258 0.269 0.269 0.2365 0.2365 0.2365 0.2355 0.2355 0.2335 0.2335 0.238 0.238 0.238 0.1825
0.2255 0.2255 0.2285 0.2285 0.2285 0.2285 0.2305 0.2305 0.2305 0.2285 0.2285 0.2245 0.2245 0.2355 0.2355 0.233 0.233 0.233 0.2115 0.2115 0.223 0.223 0.2195 0.2195 0.2195 0.2835 0.2835 0.281 0.281 0.2345 0.2345 0.2345 0.2115 0.2115 0.213 0.213 0.2315 0.2315 0.2315 0.2395 0.2395 0.2625 0.2625 0.2325 0.2325 0.2325 0.1815 0.1815 0.1815 0.1815 0.1985 0.1985 0.228 0.228 0.228 0.234 0.234 0.2435 0.2435 0.248 0.248 0.248 0.2765 0.2765 0.254 0.254 0.2275 0.2275 0.2275 0.225 0.225 0.2355 0.2355 0.2465 0.2465 0.2465 0.1835
0.2255 0.2255 0.2285 0.2285 0.2285 0.2285 0.2305 0.2305 0.2305 0.2285 0.2285 0.2245 0.2245 0.2355 0.2355 0.233 0.233 0.233 0.2115 0.2115 0.223 0.223 0.2195 0.2195 0.2195 0.2835 0.2835 0.281 0.281 0.2345 0.2345 0.2345 0.2115 0.2115 0.213 0.213 0.2315 0.2315 0.2315 0.2395 0.2395 0.2625 0.2625 0.2325 0.2325 0.2325 0.1815 0.1815 0.1815 0.1815 0.1985 0.1985 0.228 0.228 0.228 0.234 0.234 0.2435 0.2435 0.248 0.248 0.248 0.2765 0.2765 0.254 0.254 0.2275 0.2275 0.2275 0.225 0.225 0.2355 0.2355 0.2465 0.2465 0.2465 0.1835
0.2255 0.2255 0.2285 0.2285 0.2285 0.2285 0.2305 0.2305 0.2305 0.2285 0.2285 0.2245 0.2245 0.2355 0.2355 0.233 0.233 0.233 0.2115 0.2115 0.223 0.223 0.2195 0.2195 0.2195 0.2835 0.2835 0.281 0.281 0.2345 0.2345 0.2345 0.2115 0.2115 0.213 0.213 0.2315 0.2315 0.2315 0.2395 0.2395 0.2625 0.2625 0.2325 0.2325 0.2325 0.1815 0.1815 0.1815 0.1815 0.1985 0.1985 0.228 0.228 0.228 0.234 0.234 0.2435 0.2435 0.248 0.248 0.248 0.2765 0.2765 0.254 0.254 0.2275 0.2275 0.2275 0.225 0.225 0.2355 0.2355 0.2465 0.2465 0.2465 0.1835
0.2355 0.2355 0.245 0.245 0.235 0.235 0.23 0.23 0.23 0.2335 0.2335 0.207 0.207 0.1895 0.1895 0.1915 0.1915 0.1915 0.1895 0.1895 0.214 0.214 0.2285 0.2285 0.2285 0.2395 0.2395 0.2345 0.2345 0.274 0.274 0.274 0.294 0.294 0.2335 0.2335 0.213 0.213 0.213 0.2215 0.2215 0.2235 0.2235 0.1785 0.1785 0.1785 0.193 0.193 0.25 0.25 0.2395 0.2395 0.2325 0.2325 0.2325 0.2285 0.2285 0.2215 0.2215 0.2225 0.2225 0.2225 0.234 0.234 0.2315 0.2315 0.2365 0.2365 0.2365 0.2325 0.2325 0.201 0.201 0.1835 0.1835 0.1835 0.1885
0.2355 0.2355 0.245 0.245 0.235 0.235 0.23 0.23 0.23 0.2335 0.2335 0.207 0.207 0.1895 0.1895 0.1915 0.1915 0.1915 0.1895 0.1895 0.214 0.214 0.2285 0.2285 0.2285 0.2395 0.2395 0.2345 0.2345 0.274 0.274 0.274 0.294 0.294 0.2335 0.2335 0.213 0.213 0.213 0.2215 0.2215 0.2235 0.2235 0.1785 0.1785 0.1785 0.193 0.193 0.25 0.25 0.2395 0.2395 0.2325 0.2325 0.2325 0.2285 0.2285 0.2215 0.2215 0.2225 0.2225 0.2225 0.234 0.234 0.2315 0.2315 0.2365 0.2365 0.2365 0.2325 0.2325 0.201 0.201 0.1835 0.1835 0.1835 0.1885
0.232 0.232 0.2405 0.2405 0.25 0.25 0.226 0.226 0.226 0.213 0.213 0.1755 0.1755 0.1955 0.1955 0.1885 0.1885 0.1885 0.1585 0.1585 0.1765 0.1765 0.222 0.222 0.222 0.228 0.228 0.227 0.227 0.245 0.245 0.245 0.263 0.263 0.3015 0.3015 0.2725 0.2725 0.2725 0.225 0.225 0.218 0.218 0.1855 0.1855 0.1855 0.202 0.202 0.241 0.241 0.219 0.219 0.216 0.216 0.216 0.2085 0.2085 0.217 0.217 0.206 0.206 0.206 0.2115 0.2115 0.2225 0.2225 0.2575 0.2575 0.2575 0.217 0.217 0.2145 0.2145 0.156 0.156 0.156 0.143
0.232 0.232 0.2405 0.2405 0.25 0.25 0.226 0.226 0.226 0.213 0.213 0.1755 0.1755 0.1955 0.1955 0.1885 0.1885 0.1885 0.1585 0.1585 0.1765 0.1765 0.222 0.222 0.222 0.228 0.228 0.227 0.227 0.245 0.245 0.245 0.263 0.263 0.3015 0.3015 0.2725 0.2725 0.2725 0.225 0.225 0.218 0.218 0.1855 0.1855 0.1855 0.202 0.202 0.241 0.241 0.219 0.219 0.216 0.216 0.216 0.2085 0.2085 0.217 0.217 0.206 0.206 0.206 0.2115 0.2115 0.2225 0.2225 0.2575 0.2575 0.2575 0.217 0.217 0.2145 0.2145 0.156 0.156 0.156 0.143
0.2075 0.2075 0.2095 0.2095 0.185 0.185 0.1835 0.1835 0.1835 0.207 0.207 0.202 0.202 0.18 0.18 0.1805 0.1805 0.1805 0.1855 0.1855 0.172 0.172 0.195 0.195 0.195 0.222 0.222 0.223 0.223 0.2345 0.2345 0.2345 0.243 0.243 0.2595 0.2595 0.2765 0.2765 0.2765 0.255 0.255 0.2425 0.2425 0.203 0.203 0.203 0.2195 0.2195 0.2055 0.2055 0.2225 0.2225 0.2065 0.2065 0.2065 0.202 0.202 0.1985 0.1985 0.2035 0.2035 0.2035 0.2115 0.2115 0.2045 0.2045 0.2255 0.2255 0.2255 0.2185 0.2185 0.1656 0.1656 0.205 0.205 0.205 0.139
0.2075 0.2075 0.2095 0.2095 0.185 0.185 0.1835 0.1835 0.1835 0.207 0.207 0.202 0.202 0.18 0.18 0.1805 0.1805 0.1805 0.1855 0.1855 0.172 0.172 0.195 0.195 0.195 0.222 0.222 0.223 0.223 0.2345 0.2345 0.2345 0.243 0.243 0.2595 0.2595 0.2765 0.2765 0.2765 0.255 0.255 0.2425 0.2425 0.203 0.203 0.203 0.2195 0.2195 0.2055 0.2055 0.2225 0.2225 0.2065 0.2065 0.2065 0.202 0.202 0.1985 0.1985 0.2035 0.2035 0.2035 0.2115 0.2115 0.2045 0.2045 0.2255 0.2255 0.2255 0.2185 0.2185 0.1656 0.1656 0.205 0.205 0.205 0.139
0.2195 0.2195 0.2145 0.2145 0.205 0.205 0.201 0.201 0.201 0.1765 0.1765 0.196 0.196 0.188 0.188 0.178 0.178 0.178 0.174 0.174 0.1655 0.1655 0.197 0.197 0.197 0.2045 0.2045 0.204 0.204 0.2095 0.2095 0.2095 0.2325 0.2325 0.2505 0.2505 0.219 0.219 0.219 0.2215 0.2215 0.249 0.249 0.2455 0.2455 0.2455 0.2575 0.2575 0.237 0.237 0.2105 0.2105 0.2165 0.2165 0.2165 0.195 0.195 0.1935 0.1935 0.212 0.212 0.212 0.226 0.226 0.1965 0.1965 0.193 0.193 0.193 0.1845 0.1845 0.2125 0.2125 0.186 0.186 0.186 0.1415
0.2195 0.2195 0.2145 0.2145 0.205 0.205 0.201 0.201 0.201 0.1765 0.1765 0.196 0.196 0.188 0.188 0.178 0.178 0.178 0.174 0.174 0.1655 0.1655 0.197 0.197 0.197 0.2045 0.2045 0.204 0.204 0.2095 0.2095 0.2095 0.2325 0.2325 0.2505 0.2505 0.219 0.219 0.219 0.2215 0.2215 0.249 0.249 0.2455 0.2455 0.2455 0.2575 0.2575 0.237 0.237 0.2105 0.2105 0.2165 0.2165 0.2165 0.195 0.195 0.1935 0.1935 0.212 0.212 0.212 0.226 0.226 0.1965 0.1965 0.193 0.193 0.193 0.1845 0.1845 0.2125 0.2125 0.186 0.186 0.186 0.1415
0.2195 0.2195 0.2145 0.2145 0.205 0.205 0.201 0.201 0.201 0.1765 0.1765 0.196 0.196 0.188 0.188 0.178 0.178 0.178 0.174 0.174 0.1655 0.1655 0.197 0.197 0.197 0.2045 0.2045 0.204 0.204 0.2095 0.2095 0.2095 0.2325 0.2325 0.2505 0.2505 0.219 0.219 0.219 0.2215 0.2215 0.249 0.249 0.2455 0.2455 0.2455 0.2575 0.2575 0.237 0.237 0.2105 0.2105 0.2165 0.2165 0.2165 0.195 0.195 0.1935 0.1935 0.212 0.212 0.212 0.226 0.226 0.1965 0.1965 0.193 0.193 0.193 0.1845 0.1845 0.2125 0.2125 0.186 0.186 0.186 0.1415
0.212 0.212 0.214 0.214 0.2 0.2 0.1985 0.1985 0.1985 0.1985 0.1985 0.1855 0.1855 0.202 0.202 0.1995 0.1995 0.1995 0.1745 0.1745 0.1815 0.1815 0.194 0.194 0.194 0.201 0.201 0.208 0.208 0.208 0.208 0.208 0.215 0.215 0.2 0.2 0.187 0.187 0.187 0.202 0.202 0.193 0.193 0.234 0.234 0.234 0.2545 0.2545 0.258 0.258 0.2105 0.2105 0.215 0.215 0.215 0.2115 0.2115 0.204 0.204 0.2095 0.2095 0.2095 0.2165 0.2165 0.2335 0.2335 0.196 0.196 0.196 0.1975 0.1975 0.227 0.227 0.1855 0.1855 0.1855 0.1515
0.212 0.212 0.214 0.214 0.2 0.2 0.1985 0.1985 0.1985 0.1985 0.1985 0.1855 0.1855 0.202 0.202 0.1995 0.1995 0.1995 0.1745 0.1745 0.1815 0.1815 0.194 0.194 0.194 0.201 0.201 0.208 0.208 0.208 0.208 0.208 0.215 0.215 0.2 0.2 0.187 0.187 0.187 0.202 0.202 0.193 0.193 0.234 0.234 0.234 0.2545 0.2545 0.258 0.258 0.2105 0.2105 0.215 0.215 0.215 0.2115 0.2115 0.204 0.204 0.2095 0.2095 0.2095 0.2165 0.2165 0.2335 0.2335 0.196 0.196 0.196 0.1975 0.1975 0.227 0.227 0.1855 0.1855 0.1855 0.1515
0.2145 0.2145 0.2075 0.2075 0.2045 0.2045 0.205 0.205 0.205 0.2095 0.2095 0.2125 0.2125 0.205 0.205 0.2075 0.2075 0.2075 0.2015 0.2015 0.197 0.197 0.1955 0.1955 0.1955 0.1905 0.1905 0.1995 0.1995 0.1945 0.1945 0.1945 0.195 0.195 0.203 0.203 0.201 0.201 0.201 0.199 0.199 0.212 0.212 0.1965 0.1965 0.1965 0.192 0.192 0.221 0.221 0.2195 0.2195 0.2255 0.2255 0.2255 0.2115 0.2115 0.223 0.223 0.231 0.231 0.231 0.2335 0.2335 0.256 0.256 0.2075 0.2075 0.2075 0.198 0.198 0.206 0.206 0.1815 0.1815 0.1815 0.176
0.2145 0.2145 0.2075 0.2075 0.2045 0.2045 0.205 0.205 0.205 0.2095 0.2095 0.2125 0.2125 0.205 0.205 0.2075 0.2075 0.2075 0.2015 0.2015 0.197 0.197 0.1955 0.1955 0.1955 0.1905 0.1905 0.1995 0.1995 0.1945 0.1945 0.1945 0.195 0.195 0.203 0.203 0.201 0.201 0.201 0.199 0.199 0.212 0.212 0.1965 0.1965 0.1965 0.192 0.192 0.221 0.221 0.2195 0.2195 0.2255 0.2255 0.2255 0.2115 0.2115 0.223 0.223 0.231 0.231 0.231 0.2335 0.2335 0.256 0.256 0.2075 0.2075 0.2075 0.198 0.198 0.206 0.206 0.1815 0.1815 0.1815 0.176
0.2485 0.2485 0.2655 0.2655 0.257 0.257 0.2405 0.2405 0.2405 0.229 0.229 0.228 0.228 0.2365 0.2365 0.218 0.218 0.218 0.211 0.211 0.2075 0.2075 0.214 0.214 0.214 0.204 0.204 0.1995 0.1995 0.196 0.196 0.196 0.2065 0.2065 0.228 0.228 0.2125 0.2125 0.2125 0.212 0.212 0.216 0.216 0.199 0.199 0.199 0.1805 0.1805 0.2175 0.2175 0.245 0.245 0.2115 0.2115 0.2115 0.2095 0.2095 0.222 0.222 0.2285 0.2285 0.2285 0.2395 0.2395 0.258 0.258 0.206 0.206 0.206 0.2055 0.2055 0.202 0.202 0.2185 0.2185 0.2185 0.185
0.2485 0.2485 0.2655 0.2655 0.257 0.257 0.2405 0.2405 0.2405 0.229 0.229 0.228 0.228 0.2365 0.2365 0.218 0.218 0.218 0.211 0.211 0.2075 0.2075 0.214 0.214 0.214 0.204 0.204 0.1995 0.1995 0.196 0.196 0.196 0.2065 0.2065 0.228 0.228 0.2125 0.2125 0.2125 0.212 0.212 0.216 0.216 0.199 0.199 0.199 0.1805 0.1805 0.2175 0.2175 0.245 0.245 0.2115 0.2115 0.2115 0.2095 0.2095 0.222 0.222 0.2285 0.2285 0.2285 0.2395 0.2395 0.258 0.258 0.206 0.206 0.206 0.2055 0.2055 0.202 0.202 0.2185 0.2185 0.2185 0.185
0.2485 0.2485 0.2655 0.2655 0.257 0.257 0.2405 0.2405 0.2405 0.229 0.229 0.228 0.228 0.2365 0.2365 0.218 0.218 0.218 0.211 0.211 0.2075 0.2075 0.214 0.214 0.214 0.204 0.204 0.1995 0.1995 0.196 0.196 0.196 0.2065 0.2065 0.228 0.228 0.2125 0.2125 0.2125 0.212 0.212 0.216 0.216 0.199 0.199 0.199 0.1805 0.1805 0.2175 0.2175 0.245 0.245 0.2115 0.2115 0.2115 0.2095 0.2095 0.222 0.222 0.2285 0.2285 0.2285 0.2395 0.2395 0.258 0.258 0.206 0.206 0.206 0.2055 0.2055 0.202 0.202 0.2185 0.2185 0.2185 0.185
0.2595 0.2595 0.25 0.25 0.25 0.25 0.2035 0.2035 0.2035 0.218 0.218 0.2245 0.2245 0.1955 0.1955 0.2105 0.2105 0.2105 0.213 0.213 0.215 0.215 0.2135 0.2135 0.2135 0.215 0.215 0.1955 0.1955 0.1875 0.1875 0.1875 0.186 0.186 0.212 0.212 0.22 0.22 0.22 0.215 0.215 0.2235 0.2235 0.2185 0.2185 0.2185 0.2215 0.2215 0.225 0.225 0.2195 0.2195 0.223 0.223 0.223 0.2305 0.2305 0.2355 0.2355 0.2225 0.2225 0.2225 0.236 0.236 0.2235 0.2235 0.243 0.243 0.243 0.2015 0.2015 0.222 0.222 0.2 0.2 0.2 0.1875
0.2595 0.2595 0.25 0.25 0.25 0.25 0.2035 0.2035 0.2035 0.218 0.218 0.2245 0.2245 0.1955 0.1955 0.2105 0.2105 0.2105 0.213 0.213 0.215 0.215 0.2135 0.2135 0.2135 0.215 0.215 0.1955 0.1955 0.1875 0.1875 0.1875 0.186 0.186 0.212 0.212 0.22 0.22 0.22 0.215 0.215 0.2235 0.2235 0.2185 0.2185 0.2185 0.2215 0.2215 0.225 0.225 0.2195 0.2195 0.223 0.223 0.223 0.2305 0.2305 0.2355 0.2355 0.2225 0.2225 0.2225 0.236 0.236 0.2235 0.2235 0.243 0.243 0.243 0.2015 0.2015 0.222 0.222 0.2 0.2 0.2 0.1875
0.2515 0.2515 0.256 0.256 0.232 0.232 0.2325 0.2325 0.2325 0.24 0.24 0.2135 0.2135 0.2165 0.2165 0.214 0.214 0.214 0.2095 0.2095 0.215 0.215 0.2285 0.2285 0.2285 0.2205 0.2205 0.22 0.22 0.207 0.207 0.207 0.2095 0.2095 0.227 0.227 0.225 0.225 0.225 0.217 0.217 0.2275 0.2275 0.238 0.238 0.238 0.249 0.249 0.2575 0.2575 0.246 0.246 0.244 0.244 0.244 0.2245 0.2245 0.22 0.22 0.231 0.231 0.231 0.226 0.226 0.232 0.232 0.242 0.242 0.242 0.263 0.263 0.2595 0.2595 0.274 0.274 0.274 0.2115
0.2515 0.2515 0.256 0.256 0.232 0.232 0.2325 0.2325 0.2325 0.24 0.24 0.2135 0.2135 0.2165 0.2165 0.214 0.214 0.214 0.2095 0.2095 0.215 0.215 0.2285 0.2285 0.2285 0.2205 0.2205 0.22 0.22 0.207 0.207 0.207 0.2095 0.2095 0.227 0.227 0.225 0.225 0.225 0.217 0.217 0.2275 0.2275 0.238 0.238 0.238 0.249 0.249 0.2575 0.2575 0.246 0.246 0.244 0.244 0.244 0.2245 0.2245 0.22 0.22 0.231 0.231 0.231 0.226 0.226 0.232 0.232 0.242 0.242 0.242 0.263 0.263 0.2595 0.2595 0.274 0.274 0.274 0.2115
0.259 0.259 0.26 0.26 0.2345 0.2345 0.2355 0.2355 0.2355 0.224 0.224 0.2225 0.2225 0.216 0.216 0.219 0.219 0.219 0.213 0.213 0.2225 0.2225 0.239 0.239 0.239 0.236 0.236 0.231 0.231 0.2345 0.2345 0.2345 0.2665 0.2665 0.244 0.244 0.2325 0.2325 0.2325 0.2275 0.2275 0.238 0.238 0.2365 0.2365 0.2365 0.2455 0.2455 0.252 0.252 0.2485 0.2485 0.2495 0.2495 0.2495 0.255 0.255 0.228 0.228 0.2235 0.2235 0.2235 0.2235 0.2235 0.2405 0.2405 0.2415 0.2415 0.2415 0.2385 0.2385 0.237 0.237 0.244 0.244 0.244 0.202
0.259 0.259 0.26 0.26 0.2345 0.2345 0.2355 0.2355 0.2355 0.224 0.224 0.2225 0.2225 0.216 0.216 0.219 0.219 0.219 0.213 0.213 0.2225 0.2225 0.239 0.239 0.239 0.236 0.236 0.231 0.231 0.2345 0.2345 0.2345 0.2665 0.2665 0.244 0.244 0.2325 0.2325 0.2325 0.2275 0.2275 0.238 0.238 0.2365 0.2365 0.2365 0.2455 0.2455 0.252 0.252 0.2485 0.2485 0.2495 0.2495 0.2495 0.255 0.255 0.228 0.228 0.2235 0.2235 0.2235 0.2235 0.2235 0.2405 0.2405 0.2415 0.2415 0.2415 0.2385 0.2385 0.237 0.237 0.244 0.244 0.244 0.202
0.259 0.259 0.26 0.26 0.2345 0.2345 0.2355 0.2355 0.2355 0.224 0.224 0.2225 0.2225 0.216 0.216 0.219 0.219 0.219 0.213 0.213 0.2225 0.2225 0.239 0.239 0.239 0.236 0.236 0.231 0.231 0.2345 0.2345 0.2345 0.2665 0.2665 0.244 0.244 0.2325 0.2325 0.2325 0.2275 0.2275 0.238 0.238 0.2365 0.2365 0.2365 0.2455 0.2455 0.252 0.252 0.2485 0.2485 0.2495 0.2495 0.2495 0.255 0.255 0.228 0.228 0.2235 0.2235 0.2235 0.2235 0.2235 0.2405 0.2405 0.2415 0.2415 0.2415 0.2385 0.2385 0.237 0.237 0.244 0.244 0.244 0.202
0.2435 0.2435 0.2505 0.2505 0.23 0.23 0.231 0.231 0.231 0.238 0.238 0.2165 0.2165 0.217 0.217 0.209 0.209 0.209 0.212 0.212 0.216 0.216 0.235 0.235 0.235 0.225 0.225 0.254 0.254 0.2535 0.2535 0.2535 0.2575 0.2575 0.2595 0.2595 0.245 0.245 0.245 0.251 0.251 0.246 0.246 0.2335 0.2335 0.2335 0.234 0.234 0.242 0.242 0.2535 0.2535 0.258 0.258 0.258 0.2575 0.2575 0.28 0.28 0.275 0.275 0.275 0.252 0.252 0.2005 0.2005 0.258 0.258 0.258 0.294 0.294 0.221 0.221 0.2165 0.2165 0.2165 0.2225
0.2435 0.2435 0.2505 0.2505 0.23 0.23 0.231 0.231 0.231 0.238 0.238 0.2165 0.2165 0.217 0.217 0.209 0.209 0.209 0.212 0.212 0.216 0.216 0.235 0.235 0.235 0.225 0.225 0.254 0.254 0.2535 0.2535 0.2535 0.2575 0.2575 0.2595 0.2595 0.245 0.245 0.245 0.251 0.251 0.246 0.246 0.2335 0.2335 0.2335 0.234 0.234 0.242 0.242 0.2535 0.2535 0.258 0.258 0.258 0.2575 0.2575 0.28 0.28 0.275 0.275 0.275 0.252 0.252 0.2005 0.2005 0.258 0.258 0.258 0.294 0.294 0.221 0.221 0.2165 0.2165 0.2165 0.2225
0.2375 0.2375 0.2325 0.2325 0.249 0.249 0.2485 0.2485 0.2485 0.248 0.248 0.235 0.235 0.242 0.242 0.2365 0.2365 0.2365 0.245 0.245 0.241 0.241 0.2125 0.2125 0.2125 0.2195 0.2195 0.2405 0.2405 0.2595 0.2595 0.2595 0.2525 0.2525 0.247 0.247 0.2395 0.2395 0.2395 0.2635 0.2635 0.254 0.254 0.2485 0.2485 0.2485 0.2465 0.2465 0.252 0.252 0.2605 0.2605 0.2695 0.2695 0.2695 0.255 0.255 0.2525 0.2525 0.277 0.277 0.277 0.2875 0.2875 0.253 0.253 0.2535 0.2535 0.2535 0.2885 0.2885 0.299 0.299 0.2615 0.2615 0.2615 0.256
0.2375 0.2375 0.2325 0.2325 0.249 0.249 0.2485 0.2485 0.2485 0.248 0.248 0.235 0.235 0.242 0.242 0.2365 0.2365 0.2365 0.245 0.245 0.241 0.241 0.2125 0.2125 0.2125 0.2195 0.2195 0.2405 0.2405 0.2595 0.2595 0.2595 0.2525 0.2525 0.247 0.247 0.2395 0.2395 0.2395 0.2635 0.2635 0.254 0.254 0.2485 0.2485 0.2485 0.2465 0.2465 0.252 0.252 0.2605 0.2605 0.2695 0.2695 0.2695 0.255 0.255 0.2525 0.2525 0.277 0.277 0.277 0.2875 0.2875 0.253 0.253 0.2535 0.2535 0.2535 0.2885 0.2885 0.299 0.299 0.2615 0.2615 0.2615 0.256
0.2375 0.2375 0.2425 0.2425 0.2615 0.2615 0.271 0.271 0.271 0.2525 0.2525 0.241 0.241 0.2375 0.2375 0.2315 0.2315 0.2315 0.259 0.259 0.257 0.257 0.2635 0.2635 0.2635 0.253 0.253 0.2555 0.2555 0.2515 0.2515 0.2515 0.265 0.265 0.2765 0.2765 0.2545 0.2545 0.2545 0.2515 0.2515 0.247 0.247 0.256 0.256 0.256 0.264 0.264 0.264 0.264 0.261 0.261 0.264 0.264 0.264 0.2725 0.2725 0.269 0.269 0.2555 0.2555 0.2555 0.286 0.286 0.279 0.279 0.2725 0.2725 0.2725 0.2585 0.2585 0.2615 0.2615 0.251 0.251 0.251 0.239
0.2375 0.2375 0.2425 0.2425 0.2615 0.2615 0.271 0.271 0.271 0.2525 0.2525 0.241 0.241 0.2375 0.2375 0.2315 0.2315 0.2315 0.259 0.259 0.257 0.257 0.2635 0.2635 0.2635 0.253 0.253 0.2555 0.2555 0.2515 0.2515 0.2515 0.265 0.265 0.2765 0.2765 0.2545 0.2545 0.2545 0.2515 0.2515 0.247 0.247 0.256 0.256 0.256 0.264 0.264 0.264 0.264 0.261 0.261 0.264 0.264 0.264 0.2725 0.2725 0.269 0.269 0.2555 0.2555 0.2555 0.286 0.286 0.279 0.279 0.2725 0.2725 0.2725 0.2585 0.2585 0.2615 0.2615 0.251 0.251 0.251 0.239
0.257 0.257 0.2555 0.2555 0.2625 0.2625 0.252 0.252 0.252 0.2455 0.2455 0.2405 0.2405 0.2385 0.2385 0.23 0.23 0.23 0.2295 0.2295 0.2365 0.2365 0.2325 0.2325 0.2325 0.2545 0.2545 0.2485 0.2485 0.2445 0.2445 0.2445 0.2595 0.2595 0.269 0.269 0.2635 0.2635 0.2635 0.2625 0.2625 0.262 0.262 0.2625 0.2625 0.2625 0.2665 0.2665 0.2685 0.2685 0.266 0.266 0.258 0.258 0.258 0.2605 0.2605 0.275 0.275 0.268 0.268 0.268 0.2665 0.2665 0.3125 0.3125 0.283 0.283 0.283 0.259 0.259 0.249 0.249 0.263 0.263 0.263 0.236
0.257 0.257 0.2555 0.2555 0.2625 0.2625 0.252 0.252 0.252 0.2455 0.2455 0.2405 0.2405 0.2385 0.2385 0.23 0.23 0.23 0.2295 0.2295 0.2365 0.2365 0.2325 0.2325 0.2325 0.2545 0.2545 0.2485 0.2485 0.2445 0.2445 0.2445 0.2595 0.2595 0.269 0.269 0.2635 0.2635 0.2635 0.2625 0.2625 0.262 0.262 0.2625 0.2625 0.2625 0.2665 0.2665 0.2685 0.2685 0.266 0.266 0.258 0.258 0.258 0.2605 0.2605 0.275 0.275 0.268 0.268 0.268 0.2665 0.2665 0.3125 0.3125 0.283 0.283 0.283 0.259 0.259 0.249 0.249 0.263 0.263 0.263 0.236
