ndvi/NOAA-18.asc
ncols         252
nrows         154
xllcorner     -18.017974
yllcorner     13.481982
cellsize      0.035948
NODATA_value  -9999
[rows 70 to 104 of 154, columns 0 to 76 of 252]
-1 -1 -1 -1 -1 -1 -1 -1 -1 -1 -1 -1 -1 -1 -1 -1 -1 -1 -1 -1 -1 -1 -1 -1 -1 -1 -1 -1 -1 -1 -1 -1 -1 -1 -1 -1 -1 -1 -1 0.2035 0.2035 0.2035 0.246 0.246 0.301 0.301 0.2125 0.2125 0.2125 0.2295 0.2295 0.2085 0.2085 0.21 0.21 0.2165 0.2165 0.2165 0.32 0.32 0.3155 0.3155 0.3155 0.3155 0.3155 0.23 0.23 0.212 0.212 0.179 0.179 0.179 0.202 0.202 0.195 0.195 0.1795
-1 -1 -1 -1 -1 -1 -1 -1 -1 -1 -1 -1 -1 -1 -1 -1 -1 -1 -1 -1 -1 -1 -1 -1 -1 -1 -1 -1 -1 -1 -1 -1 -1 -1 -1 -1 -1 0.0655 0.0655 0.128 0.128 0.128 0.2725 0.2725 0.2785 0.2785 0.2225 0.2225 0.2225 0.2115 0.2115 0.1575 0.1575 0.1965 0.1965 0.1295 0.1295 0.1295 0.176 0.176 0.213 0.213 0.213 0.213 0.213 0.2245 0.2245 0.232 0.232 0.23 0.23 0.23 0.2055 0.2055 0.2065 0.2065 0.1875
-1 -1 -1 -1 -1 -1 -1 -1 -1 -1 -1 -1 -1 -1 -1 -1 -1 -1 -1 -1 -1 -1 -1 -1 -1 -1 -1 -1 -1 -1 -1 -1 -1 -1 -1 -1 -1 0.0655 0.0655 0.128 0.128 0.128 0.2725 0.2725 0.2785 0.2785 0.2225 0.2225 0.2225 0.2115 0.2115 0.1575 0.1575 0.1965 0.1965 0.1295 0.1295 0.1295 0.176 0.176 0.213 0.213 0.213 0.213 0.213 0.2245 0.2245 0.232 0.232 0.23 0.23 0.23 0.2055 0.2055 0.2065 0.2065 0.1875
-1 -1 -1 -1 -1 -1 -1 -1 -1 -1 -1 -1 -1 -1 -1 -1 -1 -1 -1 -1 -1 -1 -1 -1 -1 -1 -1 -1 -1 -1 -1 -1 -1 -1 -1 -1 -1 0.0655 0.0655 0.128 0.128 0.128 0.2725 0.2725 0.2785 0.2785 0.2225 0.2225 0.2225 0.2115 0.2115 0.1575 0.1575 0.1965 0.1965 0.1295 0.1295 0.1295 0.176 0.176 0.213 0.213 0.213 0.213 0.213 0.2245 0.2245 0.232 0.232 0.23 0.23 0.23 0.2055 0.2055 0.2065 0.2065 0.1875
-1 -1 -1 -1 -1 -1 -1 -1 -1 -1 -1 -1 -1 -1 -1 -1 -1 -1 -1 -1 -1 -1 -1 -1 -1 -1 -1 -1 -1 -1 -1 -1 -1 -1 -1 -1 -1 0.029 0.029 0.1275 0.1275 0.1275 0.237 0.237 0.221 0.221 0.222 0.222 0.222 0.152 0.152 0.1785 0.1785 0.1855 0.1855 0.117 0.117 0.117 0.2035 0.2035 0.222 0.222 0.222 0.222 0.222 0.2205 0.2205 0.2235 0.2235 0.2305 0.2305 0.2305 0.2225 0.2225 0.207 0.207 0.183
-1 -1 -1 -1 -1 -1 -1 -1 -1 -1 -1 -1 -1 -1 -1 -1 -1 -1 -1 -1 -1 -1 -1 -1 -1 -1 -1 -1 -1 -1 -1 -1 -1 -1 -1 -1 -1 0.029 0.029 0.1275 0.1275 0.1275 0.237 0.237 0.221 0.221 0.222 0.222 0.222 0.152 0.152 0.1785 0.1785 0.1855 0.1855 0.117 0.117 0.117 0.2035 0.2035 0.222 0.222 0.222 0.222 0.222 0.2205 0.2205 0.2235 0.2235 0.2305 0.2305 0.2305 0.2225 0.2225 0.207 0.207 0.183
-1 -1 -1 -1 -1 -1 -1 -1 -1 -1 -1 -1 -1 -1 -1 -1 -1 -1 -1 -1 -1 -1 -1 -1 -1 -1 -1 -1 -1 -1 -1 -1 -1 -1 -1 -1 -1 0.0005999999 0.0005999999 0.1175 0.1175 0.1175 0.221 0.221 0.207 0.207 0.2105 0.2105 0.2105 0.183 0.183 0.21 0.21 0.1795 0.1795 0.186 0.186 0.186 0.197 0.197 0.2005 0.2005 0.2005 0.2005 0.2005 0.2275 0.2275 0.222 0.222 0.208 0.208 0.208 0.1975 0.1975 0.1855 0.1855 0.1665
-1 -1 -1 -1 -1 -1 -1 -1 -1 -1 -1 -1 -1 -1 -1 -1 -1 -1 -1 -1 -1 -1 -1 -1 -1 -1 -1 -1 -1 -1 -1 -1 -1 -1 -1 -1 -1 0.0005999999 0.0005999999 0.1175 0.1175 0.1175 0.221 0.221 0.207 0.207 0.2105 0.2105 0.2105 0.183 0.183 0.21 0.21 0.1795 0.1795 0.186 0.186 0.186 0.197 0.197 0.2005 0.2005 0.2005 0.2005 0.2005 0.2275 0.2275 0.222 0.222 0.208 0.208 0.208 0.1975 0.1975 0.1855 0.1855 0.1665
-1 -1 -1 -1 -1 -1 -1 -1 -1 -1 -1 -1 -1 -1 -1 -1 -1 -1 -1 -1 -1 -1 -1 -1 -1 -1 -1 -1 -1 -1 -1 -1 -1 -1 -1 -1 -1 0.0992 0.0992 0.1255 0.1255 0.1255 0.1595 0.1595 0.215 0.215 0.206 0.206 0.206 0.209 0.209 0.2055 0.2055 0.182 0.182 0.1895 0.1895 0.1895 0.1995 0.1995 0.2005 0.2005 0.2005 0.2005 0.2005 0.2235 0.2235 0.212 0.212 0.1965 0.1965 0.1965 0.169 0.169 0.1625 0.1625 0.1625
-1 -1 -1 -1 -1 -1 -1 -1 -1 -1 -1 -1 -1 -1 -1 -1 -1 -1 -1 -1 -1 -1 -1 -1 -1 -1 -1 -1 -1 -1 -1 -1 -1 -1 -1 -1 -1 0.0992 0.0992 0.1255 0.1255 0.1255 0.1595 0.1595 0.215 0.215 0.206 0.206 0.206 0.209 0.209 0.2055 0.2055 0.182 0.182 0.1895 0.1895 0.1895 0.1995 0.1995 0.2005 0.2005 0.2005 0.2005 0.2005 0.2235 0.2235 0.212 0.212 0.1965 0.1965 0.1965 0.169 0.169 0.1625 0.1625 0.1625
-1 -1 -1 -1 -1 -1 -1 -1 -1 -1 -1 -1 -1 -1 -1 -1 -1 -1 -1 -1 -1 -1 -1 -1 -1 -1 -1 -1 -1 -1 -1 -1 -1 -1 -1 -1 -1 0.0137 0.0137 0.286 0.286 0.286 0.215 0.215 0.203 0.203 0.191 0.191 0.191 0.1805 0.1805 0.204 0.204 0.1965 0.1965 0.1865 0.1865 0.1865 0.1555 0.1555 0.2015 0.2015 0.2015 0.2015 0.2015 0.2075 0.2075 0.1935 0.1935 0.179 0.179 0.179 0.187 0.187 0.1755 0.1755 0.195
-1 -1 -1 -1 -1 -1 -1 -1 -1 -1 -1 -1 -1 -1 -1 -1 -1 -1 -1 -1 -1 -1 -1 -1 -1 -1 -1 -1 -1 -1 -1 -1 -1 -1 -1 -1 -1 0.0137 0.0137 0.286 0.286 0.286 0.215 0.215 0.203 0.203 0.191 0.191 0.191 0.1805 0.1805 0.204 0.204 0.1965 0.1965 0.1865 0.1865 0.1865 0.1555 0.1555 0.2015 0.2015 0.2015 0.2015 0.2015 0.2075 0.2075 0.1935 0.1935 0.179 0.179 0.179 0.187 0.187 0.1755 0.1755 0.195
-1 -1 -1 -1 -1 -1 -1 -1 -1 -1 -1 -1 -1 -1 -1 -1 -1 -1 -1 -1 -1 -1 -1 -1 -1 -1 -1 -1 -1 -1 -1 -1 -1 -1 -1 -1 -1 0.0137 0.0137 0.286 0.286 0.286 0.215 0.215 0.203 0.203 0.191 0.191 0.191 0.1805 0.1805 0.204 0.204 0.1965 0.1965 0.1865 0.1865 0.1865 0.1555 0.1555 0.2015 0.2015 0.2015 0.2015 0.2015 0.2075 0.2075 0.1935 0.1935 0.179 0.179 0.179 0.187 0.187 0.1755 0.1755 0.195
-1 -1 -1 -1 -1 -1 -1 -1 -1 -1 -1 -1 -1 -1 -1 -1 -1 -1 -1 -1 -1 -1 -1 -1 -1 -1 -1 -1 -1 -1 -1 -1 -1 -1 -1 -1 -1 0.0295 0.0295 0.1785 0.1785 0.1785 0.2085 0.2085 0.1685 0.1685 0.1985 0.1985 0.1985 0.193 0.193 0.215 0.215 0.1795 0.1795 0.201 0.201 0.201 0.1925 0.1925 0.1945 0.1945 0.1945 0.1945 0.1945 0.197 0.197 0.1975 0.1975 0.176 0.176 0.176 0.184 0.184 0.1945 0.1945 0.202
-1 -1 -1 -1 -1 -1 -1 -1 -1 -1 -1 -1 -1 -1 -1 -1 -1 -1 -1 -1 -1 -1 -1 -1 -1 -1 -1 -1 -1 -1 -1 -1 -1 -1 -1 -1 -1 0.0295 0.0295 0.1785 0.1785 0.1785 0.2085 0.2085 0.1685 0.1685 0.1985 0.1985 0.1985 0.193 0.193 0.215 0.215 0.1795 0.1795 0.201 0.201 0.201 0.1925 0.1925 0.1945 0.1945 0.1945 0.1945 0.1945 0.197 0.197 0.1975 0.1975 0.176 0.176 0.176 0.184 0.184 0.1945 0.1945 0.202
-1 -1 -1 -1 -1 -1 -1 -1 -1 -1 -1 -1 -1 -1 -1 -1 -1 -1 -1 -1 -1 -1 -1 -1 -1 -1 -1 -1 -1 -1 -1 -1 -1 -1 -1 -1 -1 0.0915 0.0915 0.224 0.224 0.224 0.204 0.204 0.1675 0.1675 0.1835 0.1835 0.1835 0.229 0.229 0.21 0.21 0.174 0.174 0.192 0.192 0.192 0.1785 0.1785 0.209 0.209 0.209 0.209 0.209 0.2085 0.2085 0.1945 0.1945 0.1915 0.1915 0.1915 0.2065 0.2065 0.2105 0.2105 0.2085
-1 -1 -1 -1 -1 -1 -1 -1 -1 -1 -1 -1 -1 -1 -1 -1 -1 -1 -1 -1 -1 -1 -1 -1 -1 -1 -1 -1 -1 -1 -1 -1 -1 -1 -1 -1 -1 0.0915 0.0915 0.224 0.224 0.224 0.204 0.204 0.1675 0.1675 0.1835 0.1835 0.1835 0.229 0.229 0.21 0.21 0.174 0.174 0.192 0.192 0.192 0.1785 0.1785 0.209 0.209 0.209 0.209 0.209 0.2085 0.2085 0.1945 0.1945 0.1915 0.1915 0.1915 0.2065 0.2065 0.2105 0.2105 0.2085
-1 -1 -1 -1 -1 -1 -1 -1 -1 -1 -1 -1 -1 -1 -1 -1 -1 -1 -1 -1 -1 -1 -1 -1 -1 -1 -1 -1 -1 -1 -1 -1 -1 -1 -1 0.0255 0.0255 0.1805 0.1805 0.207 0.207 0.207 0.201 0.201 0.183 0.183 0.168 0.168 0.168 0.2115 0.2115 0.2265 0.2265 0.198 0.198 0.175 0.175 0.175 0.1735 0.1735 0.17 0.17 0.17 0.17 0.17 0.2135 0.2135 0.243 0.243 0.182 0.182 0.182 0.236 0.236 0.24 0.24 0.2425
-1 -1 -1 -1 -1 -1 -1 -1 -1 -1 -1 -1 -1 -1 -1 -1 -1 -1 -1 -1 -1 -1 -1 -1 -1 -1 -1 -1 -1 -1 -1 -1 -1 -1 -1 0.0255 0.0255 0.1805 0.1805 0.207 0.207 0.207 0.201 0.201 0.183 0.183 0.168 0.168 0.168 0.2115 0.2115 0.2265 0.2265 0.198 0.198 0.175 0.175 0.175 0.1735 0.1735 0.17 0.17 0.17 0.17 0.17 0.2135 0.2135 0.243 0.243 0.182 0.182 0.182 0.236 0.236 0.24 0.24 0.2425
-1 -1 -1 -1 -1 -1 -1 -1 -1 -1 -1 -1 -1 -1 -1 -1 -1 -1 -1 -1 -1 -1 -1 -1 -1 -1 -1 -1 -1 -1 -1 -1 -1 -1 -1 0.0255 0.0255 0.1805 0.1805 0.207 0.207 0.207 0.201 0.201 0.183 0.183 0.168 0.168 0.168 0.2115 0.2115 0.2265 0.2265 0.198 0.198 0.175 0.175 0.175 0.1735 0.1735 0.17 0.17 0.17 0.17 0.17 0.2135 0.2135 0.243 0.243 0.182 0.182 0.182 0.236 0.236 0.24 0.24 0.2425
-1 -1 -1 -1 -1 -1 -1 -1 -1 -1 -1 -1 -1 -1 -1 -1 -1 -1 -1 -1 -1 -1 -1 -1 -1 -1 -1 -1 -1 -1 -1 -1 -1 -1 -1 0.021 0.021 0.2225 0.2225 0.215 0.215 0.215 0.1905 0.1905 0.192 0.192 0.198 0.198 0.198 0.205 0.205 0.2 0.2 0.215 0.215 0.242 0.242 0.242 0.2135 0.2135 0.227 0.227 0.227 0.227 0.227 0.2305 0.2305 0.2435 0.2435 0.233 0.233 0.233 0.2355 0.2355 0.233 0.233 0.249
-1 -1 -1 -1 -1 -1 -1 -1 -1 -1 -1 -1 -1 -1 -1 -1 -1 -1 -1 -1 -1 -1 -1 -1 -1 -1 -1 -1 -1 -1 -1 -1 -1 -1 -1 0.021 0.021 0.2225 0.2225 0.215 0.215 0.215 0.1905 0.1905 0.192 0.192 0.198 0.198 0.198 0.205 0.205 0.2 0.2 0.215 0.215 0.242 0.242 0.242 0.2135 0.2135 0.227 0.227 0.227 0.227 0.227 0.2305 0.2305 0.2435 0.2435 0.233 0.233 0.233 0.2355 0.2355 0.233 0.233 0.249
-1 -1 -1 -1 -1 -1 -1 -1 -1 -1 -1 -1 -1 -1 -1 -1 -1 -1 -1 -1 -1 -1 -1 -1 -1 -1 -1 -1 -1 -1 -1 -1 0.048 0.048 0.048 0.2195 0.2195 0.214 0.214 0.19 0.19 0.19 0.195 0.195 0.2025 0.2025 0.2065 0.2065 0.2065 0.2075 0.2075 0.2095 0.2095 0.232 0.232 0.2155 0.2155 0.2155 0.2235 0.2235 0.23 0.23 0.23 0.23 0.23 0.2605 0.2605 0.2665 0.2665 0.277 0.277 0.277 0.2555 0.2555 0.247 0.247 0.2345
-1 -1 -1 -1 -1 -1 -1 -1 -1 -1 -1 -1 -1 -1 -1 -1 -1 -1 -1 -1 -1 -1 -1 -1 -1 -1 -1 -1 -1 -1 -1 -1 0.048 0.048 0.048 0.2195 0.2195 0.214 0.214 0.19 0.19 0.19 0.195 0.195 0.2025 0.2025 0.2065 0.2065 0.2065 0.2075 0.2075 0.2095 0.2095 0.232 0.232 0.2155 0.2155 0.2155 0.2235 0.2235 0.23 0.23 0.23 0.23 0.23 0.2605 0.2605 0.2665 0.2665 0.277 0.277 0.277 0.2555 0.2555 0.247 0.247 0.2345
-1 -1 -1 -1 -1 -1 -1 -1 -1 -1 -1 -1 -1 -1 -1 -1 -1 -1 -1 -1 -1 -1 -1 -1 -1 -1 -1 -1 -1 -1 0.006 0.006 0.263 0.263 0.263 0.224 0.224 0.201 0.201 0.203 0.203 0.203 0.203 0.203 0.1995 0.1995 0.214 0.214 0.214 0.21 0.21 0.207 0.207 0.23 0.23 0.2265 0.2265 0.2265 0.239 0.239 0.2515 0.2515 0.2515 0.2515 0.2515 0.2645 0.2645 0.2645 0.2645 0.2675 0.2675 0.2675 0.244 0.244 0.231 0.231 0.234
-1 -1 -1 -1 -1 -1 -1 -1 -1 -1 -1 -1 -1 -1 -1 -1 -1 -1 -1 -1 -1 -1 -1 -1 -1 -1 -1 -1 -1 -1 0.006 0.006 0.263 0.263 0.263 0.224 0.224 0.201 0.201 0.203 0.203 0.203 0.203 0.203 0.1995 0.1995 0.214 0.214 0.214 0.21 0.21 0.207 0.207 0.23 0.23 0.2265 0.2265 0.2265 0.239 0.239 0.2515 0.2515 0.2515 0.2515 0.2515 0.2645 0.2645 0.2645 0.2645 0.2675 0.2675 0.2675 0.244 0.244 0.231 0.231 0.234
-1 -1 -1 -1 -1 -1 -1 -1 -1 -1 -1 -1 -1 -1 -1 -1 -1 -1 -1 -1 -1 -1 -1 -1 -1 -1 -1 -1 -1 -1 0.006 0.006 0.263 0.263 0.263 0.224 0.224 0.201 0.201 0.203 0.203 0.203 0.203 0.203 0.1995 0.1995 0.214 0.214 0.214 0.21 0.21 0.207 0.207 0.23 0.23 0.2265 0.2265 0.2265 0.239 0.239 0.2515 0.2515 0.2515 0.2515 0.2515 0.2645 0.2645 0.2645 0.2645 0.2675 0.2675 0.2675 0.244 0.244 0.231 0.231 0.234
-1 -1 -1 -1 -1 -1 -1 -1 -1 -1 -1 -1 -1 -1 -1 -1 -1 -1 -1 -1 -1 -1 -1 -1 -1 -1 -1 -1 -1 -1 0.0795 0.0795 0.2105 0.2105 0.2105 0.2255 0.2255 0.213 0.213 0.207 0.207 0.207 0.2045 0.2045 0.2095 0.2095 0.199 0.199 0.199 0.222 0.222 0.225 0.225 0.246 0.246 0.241 0.241 0.241 0.248 0.248 0.269 0.269 0.269 0.269 0.269 0.265 0.265 0.248 0.248 0.261 0.261 0.261 0.263 0.263 0.2335 0.2335 0.2215
-1 -1 -1 -1 -1 -1 -1 -1 -1 -1 -1 -1 -1 -1 -1 -1 -1 -1 -1 -1 -1 -1 -1 -1 -1 -1 -1 -1 -1 -1 0.0795 0.0795 0.2105 0.2105 0.2105 0.2255 0.2255 0.213 0.213 0.207 0.207 0.207 0.2045 0.2045 0.2095 0.2095 0.199 0.199 0.199 0.222 0.222 0.225 0.225 0.246 0.246 0.241 0.241 0.241 0.248 0.248 0.269 0.269 0.269 0.269 0.269 0.265 0.265 0.248 0.248 0.261 0.261 0.261 0.263 0.263 0.2335 0.2335 0.2215
-1 -1 -1 -1 -1 -1 -1 -1 -1 -1 -1 -1 -1 -1 -1 -1 -1 -1 -1 -1 -1 -1 -1 -1 -1 -1 -1 -1 0.0035 0.0035 0.2065 0.2065 0.239 0.239 0.239 0.226 0.226 0.2145 0.2145 0.1995 0.1995 0.1995 0.1945 0.1945 0.2055 0.2055 0.2085 0.2085 0.2085 0.224 0.224 0.23 0.23 0.26 0.26 0.253 0.253 0.253 0.2715 0.2715 0.2605 0.2605 0.2605 0.2605 0.2605 0.276 0.276 0.2545 0.2545 0.251 0.251 0.251 0.2225 0.2225 0.2145 0.2145 0.222
-1 -1 -1 -1 -1 -1 -1 -1 -1 -1 -1 -1 -1 -1 -1 -1 -1 -1 -1 -1 -1 -1 -1 -1 -1 -1 -1 -1 0.0035 0.0035 0.2065 0.2065 0.239 0.239 0.239 0.226 0.226 0.2145 0.2145 0.1995 0.1995 0.1995 0.1945 0.1945 0.2055 0.2055 0.2085 0.2085 0.2085 0.224 0.224 0.23 0.23 0.26 0.26 0.253 0.253 0.253 0.2715 0.2715 0.2605 0.2605 0.2605 0.2605 0.2605 0.276 0.276 0.2545 0.2545 0.251 0.251 0.251 0.2225 0.2225 0.2145 0.2145 0.222
-1 -1 -1 -1 -1 -1 -1 -1 -1 -1 -1 -1 -1 -1 -1 -1 -1 -1 -1 -1 -1 -1 -1 -1 -1 0.0515 0.0515 0.0515 0.1095 0.1095 0.2475 0.2475 0.242 0.242 0.242 0.226 0.226 0.213 0.213 0.209 0.209 0.209 0.2255 0.2255 0.229 0.229 0.219 0.219 0.219 0.237 0.237 0.2475 0.2475 0.238 0.238 0.2735 0.2735 0.2735 0.2725 0.2725 0.296 0.296 0.296 0.296 0.296 0.27 0.27 0.271 0.271 0.2615 0.2615 0.2615 0.259 0.259 0.253 0.253 0.2125
-1 -1 -1 -1 -1 -1 -1 -1 -1 -1 -1 -1 -1 -1 -1 -1 -1 -1 -1 -1 -1 -1 -1 -1 -1 0.0515 0.0515 0.0515 0.1095 0.1095 0.2475 0.2475 0.242 0.242 0.242 0.226 0.226 0.213 0.213 0.209 0.209 0.209 0.2255 0.2255 0.229 0.229 0.219 0.219 0.219 0.237 0.237 0.2475 0.2475 0.238 0.238 0.2735 0.2735 0.2735 0.2725 0.2725 0.296 0.296 0.296 0.296 0.296 0.27 0.27 0.271 0.271 0.2615 0.2615 0.2615 0.259 0.259 0.253 0.253 0.2125
-1 -1 -1 -1 -1 -1 -1 -1 -1 -1 -1 -1 -1 -1 -1 -1 -1 -1 -1 -1 -1 -1 -1 0.014 0.014 0.164 0.164 0.164 0.2645 0.2645 0.209 0.209 0.217 0.217 0.217 0.2275 0.2275 0.2475 0.2475 0.237 0.237 0.237 0.249 0.249 0.232 0.232 0.2405 0.2405 0.2405 0.2365 0.2365 0.2435 0.2435 0.242 0.242 0.2335 0.2335 0.2335 0.2665 0.2665 0.266 0.266 0.266 0.266 0.266 0.2705 0.2705 0.2705 0.2705 0.2695 0.2695 0.2695 0.273 0.273 0.258 0.258 0.244
-1 -1 -1 -1 -1 -1 -1 -1 -1 -1 -1 -1 -1 -1 -1 -1 -1 -1 -1 -1 -1 -1 -1 0.014 0.014 0.164 0.164 0.164 0.2645 0.2645 0.209 0.209 0.217 0.217 0.217 0.2275 0.2275 0.2475 0.2475 0.237 0.237 0.237 0.249 0.249 0.232 0.232 0.2405 0.2405 0.2405 0.2365 0.2365 0.2435 0.2435 0.242 0.242 0.2335 0.2335 0.2335 0.2665 0.2665 0.266 0.266 0.266 0.266 0.266 0.2705 0.2705 0.2705 0.2705 0.2695 0.2695 0.2695 0.273 0.273 0.258 0.258 0.244
