ndvi/NOAA-202.asc
ncols         252
nrows         154
xllcorner     -18.017974
yllcorner     13.481982
cellsize      0.035948
NODATA_value  -9999
[rows 68 to 101 of 154, columns 156 to 233 of 252]
0.1325 0.158 0.158 0.158 0.15 0.15 0.1945 0.1945 0.216 0.216 0.2335 0.2335 0.2335 0.2315 0.2315 0.241 0.241 0.248 0.248 0.248 0.23 0.23 0.2395 0.2395 0.2575 0.2575 0.2575 0.2525 0.2525 0.227 0.227 0.2445 0.2445 0.2445 0.228 0.228 0.2315 0.2315 0.231 0.231 0.231 0.256 0.256 0.2475 0.2475 0.228 0.228 0.2535 0.2535 0.2535 0.2625 0.2625 0.289 0.289 0.289 0.289 0.289 0.2755 0.2755 0.25 0.25 0.2515 0.2515 0.2515 0.253 0.253 0.2415 0.2415 0.24 0.24 0.24 0.225 0.225 0.234 0.234 0.228 0.228 0.228
0.176 0.167 0.167 0.167 0.1655 0.1655 0.218 0.218 0.197 0.197 0.247 0.247 0.247 0.2285 0.2285 0.2385 0.2385 0.2555 0.2555 0.2555 0.2655 0.2655 0.2685 0.2685 0.25 0.25 0.25 0.279 0.279 0.269 0.269 0.272 0.272 0.272 0.26 0.26 0.2835 0.2835 0.2755 0.2755 0.2755 0.252 0.252 0.239 0.239 0.24 0.24 0.2615 0.2615 0.2615 0.266 0.266 0.267 0.267 0.2775 0.2775 0.2775 0.2755 0.2755 0.271 0.271 0.2615 0.2615 0.2615 0.264 0.264 0.2525 0.2525 0.2465 0.2465 0.2465 0.242 0.242 0.236 0.236 0.233 0.233 0.233
0.176 0.167 0.167 0.167 0.1655 0.1655 0.218 0.218 0.197 0.197 0.247 0.247 0.247 0.2285 0.2285 0.2385 0.2385 0.2555 0.2555 0.2555 0.2655 0.2655 0.2685 0.2685 0.25 0.25 0.25 0.279 0.279 0.269 0.269 0.272 0.272 0.272 0.26 0.26 0.2835 0.2835 0.2755 0.2755 0.2755 0.252 0.252 0.239 0.239 0.24 0.24 0.2615 0.2615 0.2615 0.266 0.266 0.267 0.267 0.2775 0.2775 0.2775 0.2755 0.2755 0.271 0.271 0.2615 0.2615 0.2615 0.264 0.264 0.2525 0.2525 0.2465 0.2465 0.2465 0.242 0.242 0.236 0.236 0.233 0.233 0.233
0.2035 0.1905 0.1905 0.1905 0.182 0.182 0.1765 0.1765 0.2115 0.2115 0.252 0.252 0.252 0.2485 0.2485 0.242 0.242 0.2555 0.2555 0.2555 0.254 0.254 0.2575 0.2575 0.273 0.273 0.273 0.286 0.286 0.2705 0.2705 0.273 0.273 0.273 0.281 0.281 0.2785 0.2785 0.2745 0.2745 0.2745 0.2645 0.2645 0.266 0.266 0.2655 0.2655 0.2735 0.2735 0.2735 0.2735 0.2735 0.2445 0.2445 0.2565 0.2565 0.2565 0.2615 0.2615 0.255 0.255 0.2445 0.2445 0.2445 0.2595 0.2595 0.2575 0.2575 0.242 0.242 0.242 0.251 0.251 0.263 0.263 0.2705 0.2705 0.2705
0.2035 0.1905 0.1905 0.1905 0.182 0.182 0.1765 0.1765 0.2115 0.2115 0.252 0.252 0.252 0.2485 0.2485 0.242 0.242 0.2555 0.2555 0.2555 0.254 0.254 0.2575 0.2575 0.273 0.273 0.273 0.286 0.286 0.2705 0.2705 0.273 0.273 0.273 0.281 0.281 0.2785 0.2785 0.2745 0.2745 0.2745 0.2645 0.2645 0.266 0.266 0.2655 0.2655 0.2735 0.2735 0.2735 0.2735 0.2735 0.2445 0.2445 0.2565 0.2565 0.2565 0.2615 0.2615 0.255 0.255 0.2445 0.2445 0.2445 0.2595 0.2595 0.2575 0.2575 0.242 0.242 0.242 0.251 0.251 0.263 0.263 0.2705 0.2705 0.2705
0.2035 0.1905 0.1905 0.1905 0.182 0.182 0.1765 0.1765 0.2115 0.2115 0.252 0.252 0.252 0.2485 0.2485 0.242 0.242 0.2555 0.2555 0.2555 0.254 0.254 0.2575 0.2575 0.273 0.273 0.273 0.286 0.286 0.2705 0.2705 0.273 0.273 0.273 0.281 0.281 0.2785 0.2785 0.2745 0.2745 0.2745 0.2645 0.2645 0.266 0.266 0.2655 0.2655 0.2735 0.2735 0.2735 0.2735 0.2735 0.2445 0.2445 0.2565 0.2565 0.2565 0.2615 0.2615 0.255 0.255 0.2445 0.2445 0.2445 0.2595 0.2595 0.2575 0.2575 0.242 0.242 0.242 0.251 0.251 0.263 0.263 0.2705 0.2705 0.2705
0.209 0.198 0.198 0.198 0.195 0.195 0.185 0.185 0.1915 0.1915 0.2355 0.2355 0.2355 0.225 0.225 0.2255 0.2255 0.225 0.225 0.225 0.228 0.228 0.2365 0.2365 0.275 0.275 0.275 0.295 0.295 0.3035 0.3035 0.3035 0.3035 0.3035 0.278 0.278 0.292 0.292 0.2815 0.2815 0.2815 0.305 0.305 0.2815 0.2815 0.2965 0.2965 0.3 0.3 0.3 0.3075 0.3075 0.2685 0.2685 0.2665 0.2665 0.2665 0.286 0.286 0.2625 0.2625 0.26 0.26 0.26 0.2505 0.2505 0.244 0.244 0.255 0.255 0.255 0.274 0.274 0.297 0.297 0.312 0.312 0.312
0.209 0.198 0.198 0.198 0.195 0.195 0.185 0.185 0.1915 0.1915 0.2355 0.2355 0.2355 0.225 0.225 0.2255 0.2255 0.225 0.225 0.225 0.228 0.228 0.2365 0.2365 0.275 0.275 0.275 0.295 0.295 0.3035 0.3035 0.3035 0.3035 0.3035 0.278 0.278 0.292 0.292 0.2815 0.2815 0.2815 0.305 0.305 0.2815 0.2815 0.2965 0.2965 0.3 0.3 0.3 0.3075 0.3075 0.2685 0.2685 0.2665 0.2665 0.2665 0.286 0.286 0.2625 0.2625 0.26 0.26 0.26 0.2505 0.2505 0.244 0.244 0.255 0.255 0.255 0.274 0.274 0.297 0.297 0.312 0.312 0.312
0.204 0.212 0.212 0.212 0.194 0.194 0.189 0.189 0.1825 0.1825 0.229 0.229 0.229 0.255 0.255 0.257 0.257 0.267 0.267 0.267 0.2635 0.2635 0.278 0.278 0.248 0.248 0.248 0.2775 0.2775 0.305 0.305 0.303 0.303 0.303 0.2935 0.2935 0.3075 0.3075 0.3185 0.3185 0.3185 0.324 0.324 0.316 0.316 0.2755 0.2755 0.2825 0.2825 0.2825 0.2935 0.2935 0.232 0.232 0.2615 0.2615 0.2615 0.2445 0.2445 0.2465 0.2465 0.252 0.252 0.252 0.2555 0.2555 0.2775 0.2775 0.27 0.27 0.27 0.2775 0.2775 0.301 0.301 0.3045 0.3045 0.3045
0.204 0.212 0.212 0.212 0.194 0.194 0.189 0.189 0.1825 0.1825 0.229 0.229 0.229 0.255 0.255 0.257 0.257 0.267 0.267 0.267 0.2635 0.2635 0.278 0.278 0.248 0.248 0.248 0.2775 0.2775 0.305 0.305 0.303 0.303 0.303 0.2935 0.2935 0.3075 0.3075 0.3185 0.3185 0.3185 0.324 0.324 0.316 0.316 0.2755 0.2755 0.2825 0.2825 0.2825 0.2935 0.2935 0.232 0.232 0.2615 0.2615 0.2615 0.2445 0.2445 0.2465 0.2465 0.252 0.252 0.252 0.2555 0.2555 0.2775 0.2775 0.27 0.27 0.27 0.2775 0.2775 0.301 0.301 0.3045 0.3045 0.3045
0.1745 0.1965 0.1965 0.1965 0.208 0.208 0.186 0.186 0.199 0.199 0.2415 0.2415 0.2415 0.2485 0.2485 0.2595 0.2595 0.2695 0.2695 0.2695 0.2625 0.2625 0.2745 0.2745 0.2785 0.2785 0.2785 0.2835 0.2835 0.2845 0.2845 0.31 0.31 0.31 0.311 0.311 0.334 0.334 0.3345 0.3345 0.3345 0.3305 0.3305 0.321 0.321 0.2685 0.2685 0.277 0.277 0.277 0.286 0.286 0.267 0.267 0.292 0.292 0.292 0.289 0.289 0.273 0.273 0.284 0.284 0.284 0.273 0.273 0.2635 0.2635 0.2825 0.2825 0.2825 0.3095 0.3095 0.2985 0.2985 0.2985 0.2985 0.2985
0.1745 0.1965 0.1965 0.1965 0.208 0.208 0.186 0.186 0.199 0.199 0.2415 0.2415 0.2415 0.2485 0.2485 0.2595 0.2595 0.2695 0.2695 0.2695 0.2625 0.2625 0.2745 0.2745 0.2785 0.2785 0.2785 0.2835 0.2835 0.2845 0.2845 0.31 0.31 0.31 0.311 0.311 0.334 0.334 0.3345 0.3345 0.3345 0.3305 0.3305 0.321 0.321 0.2685 0.2685 0.277 0.277 0.277 0.286 0.286 0.267 0.267 0.292 0.292 0.292 0.289 0.289 0.273 0.273 0.284 0.284 0.284 0.273 0.273 0.2635 0.2635 0.2825 0.2825 0.2825 0.3095 0.3095 0.2985 0.2985 0.2985 0.2985 0.2985
0.155 0.1695 0.1695 0.1695 0.18 0.18 0.191 0.191 0.2095 0.2095 0.243 0.243 0.243 0.2625 0.2625 0.2765 0.2765 0.269 0.269 0.269 0.2595 0.2595 0.272 0.272 0.291 0.291 0.291 0.302 0.302 0.3355 0.3355 0.3105 0.3105 0.3105 0.289 0.289 0.3295 0.3295 0.3225 0.3225 0.3225 0.328 0.328 0.2945 0.2945 0.275 0.275 0.2655 0.2655 0.2655 0.2785 0.2785 0.2955 0.2955 0.297 0.297 0.297 0.318 0.318 0.3195 0.3195 0.311 0.311 0.311 0.3065 0.3065 0.303 0.303 0.322 0.322 0.322 0.3525 0.3525 0.36 0.36 0.382 0.382 0.382
0.155 0.1695 0.1695 0.1695 0.18 0.18 0.191 0.191 0.2095 0.2095 0.243 0.243 0.243 0.2625 0.2625 0.2765 0.2765 0.269 0.269 0.269 0.2595 0.2595 0.272 0.272 0.291 0.291 0.291 0.302 0.302 0.3355 0.3355 0.3105 0.3105 0.3105 0.289 0.289 0.3295 0.3295 0.3225 0.3225 0.3225 0.328 0.328 0.2945 0.2945 0.275 0.275 0.2655 0.2655 0.2655 0.2785 0.2785 0.2955 0.2955 0.297 0.297 0.297 0.318 0.318 0.3195 0.3195 0.311 0.311 0.311 0.3065 0.3065 0.303 0.303 0.322 0.322 0.322 0.3525 0.3525 0.36 0.36 0.382 0.382 0.382
0.155 0.1695 0.1695 0.1695 0.18 0.18 0.191 0.191 0.2095 0.2095 0.243 0.243 0.243 0.2625 0.2625 0.2765 0.2765 0.269 0.269 0.269 0.2595 0.2595 0.272 0.272 0.291 0.291 0.291 0.302 0.302 0.3355 0.3355 0.3105 0.3105 0.3105 0.289 0.289 0.3295 0.3295 0.3225 0.3225 0.3225 0.328 0.328 0.2945 0.2945 0.275 0.275 0.2655 0.2655 0.2655 0.2785 0.2785 0.2955 0.2955 0.297 0.297 0.297 0.318 0.318 0.3195 0.3195 0.311 0.311 0.311 0.3065 0.3065 0.303 0.303 0.322 0.322 0.322 0.3525 0.3525 0.36 0.36 0.382 0.382 0.382
0.196 0.216 0.216 0.216 0.1905 0.1905 0.1965 0.1965 0.274 0.274 0.301 0.301 0.301 0.2835 0.2835 0.3095 0.3095 0.311 0.311 0.311 0.29 0.29 0.289 0.289 0.267 0.267 0.267 0.297 0.297 0.2785 0.2785 0.275 0.275 0.275 0.279 0.279 0.281 0.281 0.291 0.291 0.291 0.2945 0.2945 0.274 0.274 0.292 0.292 0.291 0.291 0.291 0.293 0.293 0.3205 0.3205 0.335 0.335 0.335 0.3495 0.3495 0.3435 0.3435 0.3425 0.3425 0.3425 0.3065 0.3065 0.291 0.291 0.2975 0.2975 0.2975 0.3315 0.3315 0.377 0.377 0.376 0.376 0.376
0.196 0.216 0.216 0.216 0.1905 0.1905 0.1965 0.1965 0.274 0.274 0.301 0.301 0.301 0.2835 0.2835 0.3095 0.3095 0.311 0.311 0.311 0.29 0.29 0.289 0.289 0.267 0.267 0.267 0.297 0.297 0.2785 0.2785 0.275 0.275 0.275 0.279 0.279 0.281 0.281 0.291 0.291 0.291 0.2945 0.2945 0.274 0.274 0.292 0.292 0.291 0.291 0.291 0.293 0.293 0.3205 0.3205 0.335 0.335 0.335 0.3495 0.3495 0.3435 0.3435 0.3425 0.3425 0.3425 0.3065 0.3065 0.291 0.291 0.2975 0.2975 0.2975 0.3315 0.3315 0.377 0.377 0.376 0.376 0.376
0.2035 0.1965 0.1965 0.1965 0.2045 0.2045 0.271 0.271 0.306 0.306 0.2885 0.2885 0.2885 0.2925 0.2925 0.342 0.342 0.349 0.349 0.349 0.321 0.321 0.31 0.31 0.274 0.274 0.274 0.285 0.285 0.2675 0.2675 0.2785 0.2785 0.2785 0.278 0.278 0.2775 0.2775 0.32 0.32 0.32 0.336 0.336 0.318 0.318 0.3085 0.3085 0.305 0.305 0.305 0.284 0.284 0.326 0.326 0.338 0.338 0.338 0.355 0.355 0.3715 0.3715 0.367 0.367 0.367 0.366 0.366 0.3325 0.3325 0.3475 0.3475 0.3475 0.3595 0.3595 0.365 0.365 0.389 0.389 0.389
0.2035 0.1965 0.1965 0.1965 0.2045 0.2045 0.271 0.271 0.306 0.306 0.2885 0.2885 0.2885 0.2925 0.2925 0.342 0.342 0.349 0.349 0.349 0.321 0.321 0.31 0.31 0.274 0.274 0.274 0.285 0.285 0.2675 0.2675 0.2785 0.2785 0.2785 0.278 0.278 0.2775 0.2775 0.32 0.32 0.32 0.336 0.336 0.318 0.318 0.3085 0.3085 0.305 0.305 0.305 0.284 0.284 0.326 0.326 0.338 0.338 0.338 0.355 0.355 0.3715 0.3715 0.367 0.367 0.367 0.366 0.366 0.3325 0.3325 0.3475 0.3475 0.3475 0.3595 0.3595 0.365 0.365 0.389 0.389 0.389
0.234 0.2285 0.2285 0.2285 0.2185 0.2185 0.2795 0.2795 0.3005 0.3005 0.317 0.317 0.317 0.3295 0.3295 0.3435 0.3435 0.3455 0.3455 0.3455 0.339 0.339 0.316 0.316 0.287 0.287 0.287 0.258 0.258 0.2545 0.2545 0.2955 0.2955 0.2955 0.2765 0.2765 0.289 0.289 0.337 0.337 0.337 0.348 0.348 0.301 0.301 0.306 0.306 0.3345 0.3345 0.3345 0.3255 0.3255 0.355 0.355 0.368 0.368 0.368 0.356 0.356 0.359 0.359 0.378 0.378 0.378 0.4105 0.4105 0.3745 0.3745 0.397 0.397 0.397 0.3815 0.3815 0.375 0.375 0.394 0.394 0.394
0.234 0.2285 0.2285 0.2285 0.2185 0.2185 0.2795 0.2795 0.3005 0.3005 0.317 0.317 0.317 0.3295 0.3295 0.3435 0.3435 0.3455 0.3455 0.3455 0.339 0.339 0.316 0.316 0.287 0.287 0.287 0.258 0.258 0.2545 0.2545 0.2955 0.2955 0.2955 0.2765 0.2765 0.289 0.289 0.337 0.337 0.337 0.348 0.348 0.301 0.301 0.306 0.306 0.3345 0.3345 0.3345 0.3255 0.3255 0.355 0.355 0.368 0.368 0.368 0.356 0.356 0.359 0.359 0.378 0.378 0.378 0.4105 0.4105 0.3745 0.3745 0.397 0.397 0.397 0.3815 0.3815 0.375 0.375 0.394 0.394 0.394
0.234 0.2285 0.2285 0.2285 0.2185 0.2185 0.2795 0.2795 0.3005 0.3005 0.317 0.317 0.317 0.3295 0.3295 0.3435 0.3435 0.3455 0.3455 0.3455 0.339 0.339 0.316 0.316 0.287 0.287 0.287 0.258 0.258 0.2545 0.2545 0.2955 0.2955 0.2955 0.2765 0.2765 0.289 0.289 0.337 0.337 0.337 0.348 0.348 0.301 0.301 0.306 0.306 0.3345 0.3345 0.3345 0.3255 0.3255 0.355 0.355 0.368 0.368 0.368 0.356 0.356 0.359 0.359 0.378 0.378 0.378 0.4105 0.4105 0.3745 0.3745 0.397 0.397 0.397 0.3815 0.3815 0.375 0.375 0.394 0.394 0.394
0.243 0.237 0.237 0.237 0.2385 0.2385 0.284 0.284 0.3115 0.3115 0.3615 0.3615 0.3615 0.368 0.368 0.3725 0.3725 0.3425 0.3425 0.3425 0.312 0.312 0.2795 0.2795 0.262 0.262 0.262 0.2805 0.2805 0.284 0.284 0.287 0.287 0.287 0.3095 0.3095 0.305 0.305 0.3595 0.3595 0.3595 0.339 0.339 0.3435 0.3435 0.338 0.338 0.359 0.359 0.359 0.353 0.353 0.358 0.358 0.3655 0.3655 0.3655 0.381 0.381 0.358 0.358 0.3785 0.3785 0.3785 0.3975 0.3975 0.396 0.396 0.396 0.396 0.396 0.3895 0.3895 0.407 0.407 0.4055 0.4055 0.4055
0.243 0.237 0.237 0.237 0.2385 0.2385 0.284 0.284 0.3115 0.3115 0.3615 0.3615 0.3615 0.368 0.368 0.3725 0.3725 0.3425 0.3425 0.3425 0.312 0.312 0.2795 0.2795 0.262 0.262 0.262 0.2805 0.2805 0.284 0.284 0.287 0.287 0.287 0.3095 0.3095 0.305 0.305 0.3595 0.3595 0.3595 0.339 0.339 0.3435 0.3435 0.338 0.338 0.359 0.359 0.359 0.353 0.353 0.358 0.358 0.3655 0.3655 0.3655 0.381 0.381 0.358 0.358 0.3785 0.3785 0.3785 0.3975 0.3975 0.396 0.396 0.396 0.396 0.396 0.3895 0.3895 0.407 0.407 0.4055 0.4055 0.4055
0.2055 0.2305 0.2305 0.2305 0.2605 0.2605 0.316 0.316 0.3215 0.3215 0.362 0.362 0.362 0.371 0.371 0.35 0.35 0.302 0.302 0.302 0.3075 0.3075 0.307 0.307 0.2815 0.2815 0.2815 0.293 0.293 0.3065 0.3065 0.2615 0.2615 0.2615 0.2995 0.2995 0.3185 0.3185 0.327 0.327 0.327 0.322 0.322 0.351 0.351 0.362 0.362 0.3655 0.3655 0.3655 0.347 0.347 0.3455 0.3455 0.3655 0.3655 0.3655 0.3365 0.3365 0.359 0.359 0.3625 0.3625 0.3625 0.3585 0.3585 0.369 0.369 0.3705 0.3705 0.3705 0.3975 0.3975 0.409 0.409 0.403 0.403 0.403
0.2055 0.2305 0.2305 0.2305 0.2605 0.2605 0.316 0.316 0.3215 0.3215 0.362 0.362 0.362 0.371 0.371 0.35 0.35 0.302 0.302 0.302 0.3075 0.3075 0.307 0.307 0.2815 0.2815 0.2815 0.293 0.293 0.3065 0.3065 0.2615 0.2615 0.2615 0.2995 0.2995 0.3185 0.3185 0.327 0.327 0.327 0.322 0.322 0.351 0.351 0.362 0.362 0.3655 0.3655 0.3655 0.347 0.347 0.3455 0.3455 0.3655 0.3655 0.3655 0.3365 0.3365 0.359 0.359 0.3625 0.3625 0.3625 0.3585 0.3585 0.369 0.369 0.3705 0.3705 0.3705 0.3975 0.3975 0.409 0.409 0.403 0.403 0.403
0.247 0.261 0.261 0.261 0.273 0.273 0.312 0.312 0.329 0.329 0.3495 0.3495 0.3495 0.3505 0.3505 0.3175 0.3175 0.297 0.297 0.297 0.289 0.289 0.2765 0.2765 0.2845 0.2845 0.2845 0.3125 0.3125 0.314 0.314 0.3595 0.3595 0.3595 0.3345 0.3345 0.339 0.339 0.3695 0.3695 0.3695 0.4095 0.4095 0.3925 0.3925 0.392 0.392 0.3655 0.3655 0.3655 0.3585 0.3585 0.3565 0.3565 0.331 0.331 0.331 0.3635 0.3635 0.346 0.346 0.375 0.375 0.375 0.375 0.375 0.388 0.388 0.3825 0.3825 0.3825 0.3975 0.3975 0.433 0.433 0.4285 0.4285 0.4285
0.247 0.261 0.261 0.261 0.273 0.273 0.312 0.312 0.329 0.329 0.3495 0.3495 0.3495 0.3505 0.3505 0.3175 0.3175 0.297 0.297 0.297 0.289 0.289 0.2765 0.2765 0.2845 0.2845 0.2845 0.3125 0.3125 0.314 0.314 0.3595 0.3595 0.3595 0.3345 0.3345 0.339 0.339 0.3695 0.3695 0.3695 0.4095 0.4095 0.3925 0.3925 0.392 0.392 0.3655 0.3655 0.3655 0.3585 0.3585 0.3565 0.3565 0.331 0.331 0.331 0.3635 0.3635 0.346 0.346 0.375 0.375 0.375 0.375 0.375 0.388 0.388 0.3825 0.3825 0.3825 0.3975 0.3975 0.433 0.433 0.4285 0.4285 0.4285
0.247 0.261 0.261 0.261 0.273 0.273 0.312 0.312 0.329 0.329 0.3495 0.3495 0.3495 0.3505 0.3505 0.3175 0.3175 0.297 0.297 0.297 0.289 0.289 0.2765 0.2765 0.2845 0.2845 0.2845 0.3125 0.3125 0.314 0.314 0.3595 0.3595 0.3595 0.3345 0.3345 0.339 0.339 0.3695 0.3695 0.3695 0.4095 0.4095 0.3925 0.3925 0.392 0.392 0.3655 0.3655 0.3655 0.3585 0.3585 0.3565 0.3565 0.331 0.331 0.331 0.3635 0.3635 0.346 0.346 0.375 0.375 0.375 0.375 0.375 0.388 0.388 0.3825 0.3825 0.3825 0.3975 0.3975 0.433 0.433 0.4285 0.4285 0.4285
0.285 0.3375 0.3375 0.3375 0.3045 0.3045 0.3265 0.3265 0.305 0.305 0.3175 0.3175 0.3175 0.309 0.309 0.305 0.305 0.329 0.329 0.329 0.3445 0.3445 0.338 0.338 0.3145 0.3145 0.3145 0.2895 0.2895 0.34 0.34 0.342 0.342 0.342 0.3665 0.3665 0.383 0.383 0.4205 0.4205 0.4205 0.421 0.421 0.4035 0.4035 0.3735 0.3735 0.3525 0.3525 0.3525 0.3885 0.3885 0.3645 0.3645 0.3555 0.3555 0.3555 0.3885 0.3885 0.39 0.39 0.3885 0.3885 0.3885 0.366 0.366 0.356 0.356 0.3865 0.3865 0.3865 0.4115 0.4115 0.4315 0.4315 0.47 0.47 0.47
0.285 0.3375 0.3375 0.3375 0.3045 0.3045 0.3265 0.3265 0.305 0.305 0.3175 0.3175 0.3175 0.309 0.309 0.305 0.305 0.329 0.329 0.329 0.3445 0.3445 0.338 0.338 0.3145 0.3145 0.3145 0.2895 0.2895 0.34 0.34 0.342 0.342 0.342 0.3665 0.3665 0.383 0.383 0.4205 0.4205 0.4205 0.421 0.421 0.4035 0.4035 0.3735 0.3735 0.3525 0.3525 0.3525 0.3885 0.3885 0.3645 0.3645 0.3555 0.3555 0.3555 0.3885 0.3885 0.39 0.39 0.3885 0.3885 0.3885 0.366 0.366 0.356 0.356 0.3865 0.3865 0.3865 0.4115 0.4115 0.4315 0.4315 0.47 0.47 0.47
0.333 0.3415 0.3415 0.3415 0.295 0.295 0.319 0.319 0.3035 0.3035 0.28 0.28 0.28 0.28 0.28 0.321 0.321 0.326 0.326 0.326 0.3355 0.3355 0.3255 0.3255 0.3225 0.3225 0.3225 0.322 0.322 0.369 0.369 0.3625 0.3625 0.3625 0.359 0.359 0.4005 0.4005 0.4205 0.4205 0.4205 0.4505 0.4505 0.3915 0.3915 0.36 0.36 0.367 0.367 0.367 0.3625 0.3625 0.3735 0.3735 0.3785 0.3785 0.3785 0.382 0.382 0.3785 0.3785 0.341 0.341 0.341 0.357 0.357 0.3905 0.3905 0.405 0.405 0.405 0.4255 0.4255 0.4085 0.4085 0.3875 0.3875 0.3875
0.333 0.3415 0.3415 0.3415 0.295 0.295 0.319 0.319 0.3035 0.3035 0.28 0.28 0.28 0.28 0.28 0.321 0.321 0.326 0.326 0.326 0.3355 0.3355 0.3255 0.3255 0.3225 0.3225 0.3225 0.322 0.322 0.369 0.369 0.3625 0.3625 0.3625 0.359 0.359 0.4005 0.4005 0.4205 0.4205 0.4205 0.4505 0.4505 0.3915 0.3915 0.36 0.36 0.367 0.367 0.367 0.3625 0.3625 0.3735 0.3735 0.3785 0.3785 0.3785 0.382 0.382 0.3785 0.3785 0.341 0.341 0.341 0.357 0.357 0.3905 0.3905 0.405 0.405 0.405 0.4255 0.4255 0.4085 0.4085 0.3875 0.3875 0.3875
0.3305 0.3555 0.3555 0.3555 0.313 0.313 0.324 0.324 0.316 0.316 0.3345 0.3345 0.3345 0.34 0.34 0.361 0.361 0.3715 0.3715 0.3715 0.341 0.341 0.328 0.328 0.3285 0.3285 0.3285 0.3315 0.3315 0.393 0.393 0.365 0.365 0.365 0.3805 0.3805 0.3775 0.3775 0.4005 0.4005 0.4005 0.429 0.429 0.3945 0.3945 0.339 0.339 0.3645 0.3645 0.3645 0.3465 0.3465 0.326 0.326 0.3425 0.3425 0.3425 0.346 0.346 0.3635 0.3635 0.35 0.35 0.35 0.3635 0.3635 0.3635 0.3635 0.373 0.373 0.373 0.4015 0.4015 0.3655 0.3655 0.3625 0.3625 0.3625
