ndvi/NOAA-200.asc
ncols         252
nrows         154
xllcorner     -18.017974
yllcorner     13.481982
cellsize      0.035948
NODATA_value  -9999
[rows 68 to 101 of 154, columns 77 to 153 of 252]
0.2605 0.2605 0.2395 0.2395 0.2555 0.2555 0.302 0.302 0.302 0.272 0.272 0.298 0.298 0.274 0.274 0.2635 0.2635 0.2635 0.285 0.285 0.2915 0.2915 0.2545 0.2545 0.2545 0.2265 0.2265 0.261 0.261 0.2635 0.2635 0.2635 0.2705 0.2705 0.2505 0.2505 0.2345 0.2345 0.2345 0.274 0.274 0.28 0.28 0.2385 0.2385 0.2385 0.1875 0.1875 0.1875 0.1875 0.1945 0.1945 0.235 0.235 0.235 0.264 0.264 0.3065 0.3065 0.3735 0.3735 0.3735 0.39 0.39 0.3005 0.3005 0.281 0.281 0.281 0.2935 0.2935 0.2615 0.2615 0.204 0.204 0.204 0.145
0.322 0.322 0.297 0.297 0.29 0.29 0.2995 0.2995 0.2995 0.314 0.314 0.328 0.328 0.3395 0.3395 0.3035 0.3035 0.3035 0.3115 0.3115 0.293 0.293 0.293 0.293 0.293 0.242 0.242 0.2245 0.2245 0.2455 0.2455 0.2455 0.2235 0.2235 0.2285 0.2285 0.282 0.282 0.282 0.3005 0.3005 0.3005 0.3005 0.2295 0.2295 0.2295 0.1805 0.1805 0.208 0.208 0.24 0.24 0.267 0.267 0.267 0.2685 0.2685 0.2615 0.2615 0.2815 0.2815 0.2815 0.332 0.332 0.3085 0.3085 0.2495 0.2495 0.2495 0.2445 0.2445 0.249 0.249 0.235 0.235 0.235 0.178
0.322 0.322 0.297 0.297 0.29 0.29 0.2995 0.2995 0.2995 0.314 0.314 0.328 0.328 0.3395 0.3395 0.3035 0.3035 0.3035 0.3115 0.3115 0.293 0.293 0.293 0.293 0.293 0.242 0.242 0.2245 0.2245 0.2455 0.2455 0.2455 0.2235 0.2235 0.2285 0.2285 0.282 0.282 0.282 0.3005 0.3005 0.3005 0.3005 0.2295 0.2295 0.2295 0.1805 0.1805 0.208 0.208 0.24 0.24 0.267 0.267 0.267 0.2685 0.2685 0.2615 0.2615 0.2815 0.2815 0.2815 0.332 0.332 0.3085 0.3085 0.2495 0.2495 0.2495 0.2445 0.2445 0.249 0.249 0.235 0.235 0.235 0.178
0.3115 0.3115 0.3115 0.3115 0.28 0.28 0.2915 0.2915 0.2915 0.317 0.317 0.308 0.308 0.357 0.357 0.336 0.336 0.336 0.349 0.349 0.3375 0.3375 0.3005 0.3005 0.3005 0.293 0.293 0.275 0.275 0.249 0.249 0.249 0.25 0.25 0.2555 0.2555 0.2665 0.2665 0.2665 0.3015 0.3015 0.2965 0.2965 0.276 0.276 0.276 0.222 0.222 0.2175 0.2175 0.242 0.242 0.267 0.267 0.267 0.269 0.269 0.3045 0.3045 0.3375 0.3375 0.3375 0.374 0.374 0.3265 0.3265 0.335 0.335 0.335 0.2525 0.2525 0.239 0.239 0.252 0.252 0.252 0.202
0.3115 0.3115 0.3115 0.3115 0.28 0.28 0.2915 0.2915 0.2915 0.317 0.317 0.308 0.308 0.357 0.357 0.336 0.336 0.336 0.349 0.349 0.3375 0.3375 0.3005 0.3005 0.3005 0.293 0.293 0.275 0.275 0.249 0.249 0.249 0.25 0.25 0.2555 0.2555 0.2665 0.2665 0.2665 0.3015 0.3015 0.2965 0.2965 0.276 0.276 0.276 0.222 0.222 0.2175 0.2175 0.242 0.242 0.267 0.267 0.267 0.269 0.269 0.3045 0.3045 0.3375 0.3375 0.3375 0.374 0.374 0.3265 0.3265 0.335 0.335 0.335 0.2525 0.2525 0.239 0.239 0.252 0.252 0.252 0.202
0.3115 0.3115 0.3115 0.3115 0.28 0.28 0.2915 0.2915 0.2915 0.317 0.317 0.308 0.308 0.357 0.357 0.336 0.336 0.336 0.349 0.349 0.3375 0.3375 0.3005 0.3005 0.3005 0.293 0.293 0.275 0.275 0.249 0.249 0.249 0.25 0.25 0.2555 0.2555 0.2665 0.2665 0.2665 0.3015 0.3015 0.2965 0.2965 0.276 0.276 0.276 0.222 0.222 0.2175 0.2175 0.242 0.242 0.267 0.267 0.267 0.269 0.269 0.3045 0.3045 0.3375 0.3375 0.3375 0.374 0.374 0.3265 0.3265 0.335 0.335 0.335 0.2525 0.2525 0.239 0.239 0.252 0.252 0.252 0.202
0.325 0.325 0.3025 0.3025 0.318 0.318 0.3215 0.3215 0.3215 0.3045 0.3045 0.319 0.319 0.305 0.305 0.3175 0.3175 0.3175 0.3235 0.3235 0.325 0.325 0.3295 0.3295 0.3295 0.3215 0.3215 0.3055 0.3055 0.2795 0.2795 0.2795 0.3125 0.3125 0.2975 0.2975 0.272 0.272 0.272 0.2725 0.2725 0.2865 0.2865 0.2235 0.2235 0.2235 0.2165 0.2165 0.314 0.314 0.3175 0.3175 0.309 0.309 0.309 0.321 0.321 0.349 0.349 0.3205 0.3205 0.3205 0.293 0.293 0.318 0.318 0.281 0.281 0.281 0.2535 0.2535 0.261 0.261 0.214 0.214 0.214 0.2555
0.325 0.325 0.3025 0.3025 0.318 0.318 0.3215 0.3215 0.3215 0.3045 0.3045 0.319 0.319 0.305 0.305 0.3175 0.3175 0.3175 0.3235 0.3235 0.325 0.325 0.3295 0.3295 0.3295 0.3215 0.3215 0.3055 0.3055 0.2795 0.2795 0.2795 0.3125 0.3125 0.2975 0.2975 0.272 0.272 0.272 0.2725 0.2725 0.2865 0.2865 0.2235 0.2235 0.2235 0.2165 0.2165 0.314 0.314 0.3175 0.3175 0.309 0.309 0.309 0.321 0.321 0.349 0.349 0.3205 0.3205 0.3205 0.293 0.293 0.318 0.318 0.281 0.281 0.281 0.2535 0.2535 0.261 0.261 0.214 0.214 0.214 0.2555
0.3355 0.3355 0.313 0.313 0.3595 0.3595 0.3235 0.3235 0.3235 0.2885 0.2885 0.288 0.288 0.3425 0.3425 0.3375 0.3375 0.3375 0.2965 0.2965 0.3305 0.3305 0.339 0.339 0.339 0.3235 0.3235 0.3175 0.3175 0.2965 0.2965 0.2965 0.306 0.306 0.3505 0.3505 0.2955 0.2955 0.2955 0.2635 0.2635 0.271 0.271 0.2195 0.2195 0.2195 0.224 0.224 0.325 0.325 0.331 0.331 0.315 0.315 0.315 0.319 0.319 0.2955 0.2955 0.283 0.283 0.283 0.287 0.287 0.2775 0.2775 0.2665 0.2665 0.2665 0.2545 0.2545 0.238 0.238 0.154 0.154 0.154 0.2035
0.3355 0.3355 0.313 0.313 0.3595 0.3595 0.3235 0.3235 0.3235 0.2885 0.2885 0.288 0.288 0.3425 0.3425 0.3375 0.3375 0.3375 0.2965 0.2965 0.3305 0.3305 0.339 0.339 0.339 0.3235 0.3235 0.3175 0.3175 0.2965 0.2965 0.2965 0.306 0.306 0.3505 0.3505 0.2955 0.2955 0.2955 0.2635 0.2635 0.271 0.271 0.2195 0.2195 0.2195 0.224 0.224 0.325 0.325 0.331 0.331 0.315 0.315 0.315 0.319 0.319 0.2955 0.2955 0.283 0.283 0.283 0.287 0.287 0.2775 0.2775 0.2665 0.2665 0.2665 0.2545 0.2545 0.238 0.238 0.154 0.154 0.154 0.2035
0.3135 0.3135 0.2575 0.2575 0.294 0.294 0.3125 0.3125 0.3125 0.306 0.306 0.2835 0.2835 0.295 0.295 0.3455 0.3455 0.3455 0.3015 0.3015 0.284 0.284 0.3395 0.3395 0.3395 0.347 0.347 0.34 0.34 0.3565 0.3565 0.3565 0.3405 0.3405 0.311 0.311 0.3265 0.3265 0.3265 0.2965 0.2965 0.251 0.251 0.26 0.26 0.26 0.247 0.247 0.2725 0.2725 0.277 0.277 0.2715 0.2715 0.2715 0.292 0.292 0.2835 0.2835 0.2515 0.2515 0.2515 0.2765 0.2765 0.2815 0.2815 0.283 0.283 0.283 0.247 0.247 0.219 0.219 0.189 0.189 0.189 0.1915
0.3135 0.3135 0.2575 0.2575 0.294 0.294 0.3125 0.3125 0.3125 0.306 0.306 0.2835 0.2835 0.295 0.295 0.3455 0.3455 0.3455 0.3015 0.3015 0.284 0.284 0.3395 0.3395 0.3395 0.347 0.347 0.34 0.34 0.3565 0.3565 0.3565 0.3405 0.3405 0.311 0.311 0.3265 0.3265 0.3265 0.2965 0.2965 0.251 0.251 0.26 0.26 0.26 0.247 0.247 0.2725 0.2725 0.277 0.277 0.2715 0.2715 0.2715 0.292 0.292 0.2835 0.2835 0.2515 0.2515 0.2515 0.2765 0.2765 0.2815 0.2815 0.283 0.283 0.283 0.247 0.247 0.219 0.219 0.189 0.189 0.189 0.1915
0.362 0.362 0.317 0.317 0.2875 0.2875 0.352 0.352 0.352 0.3035 0.3035 0.3415 0.3415 0.331 0.331 0.3045 0.3045 0.3045 0.2685 0.2685 0.286 0.286 0.3905 0.3905 0.3905 0.4005 0.4005 0.348 0.348 0.3575 0.3575 0.3575 0.352 0.352 0.3725 0.3725 0.3185 0.3185 0.3185 0.313 0.313 0.2835 0.2835 0.26 0.26 0.26 0.283 0.283 0.2765 0.2765 0.3095 0.3095 0.31 0.31 0.31 0.238 0.238 0.248 0.248 0.248 0.248 0.248 0.267 0.267 0.264 0.264 0.2415 0.2415 0.2415 0.279 0.279 0.1965 0.1965 0.2215 0.2215 0.2215 0.1905
0.362 0.362 0.317 0.317 0.2875 0.2875 0.352 0.352 0.352 0.3035 0.3035 0.3415 0.3415 0.331 0.331 0.3045 0.3045 0.3045 0.2685 0.2685 0.286 0.286 0.3905 0.3905 0.3905 0.4005 0.4005 0.348 0.348 0.3575 0.3575 0.3575 0.352 0.352 0.3725 0.3725 0.3185 0.3185 0.3185 0.313 0.313 0.2835 0.2835 0.26 0.26 0.26 0.283 0.283 0.2765 0.2765 0.3095 0.3095 0.31 0.31 0.31 0.238 0.238 0.248 0.248 0.248 0.248 0.248 0.267 0.267 0.264 0.264 0.2415 0.2415 0.2415 0.279 0.279 0.1965 0.1965 0.2215 0.2215 0.2215 0.1905
0.362 0.362 0.317 0.317 0.2875 0.2875 0.352 0.352 0.352 0.3035 0.3035 0.3415 0.3415 0.331 0.331 0.3045 0.3045 0.3045 0.2685 0.2685 0.286 0.286 0.3905 0.3905 0.3905 0.4005 0.4005 0.348 0.348 0.3575 0.3575 0.3575 0.352 0.352 0.3725 0.3725 0.3185 0.3185 0.3185 0.313 0.313 0.2835 0.2835 0.26 0.26 0.26 0.283 0.283 0.2765 0.2765 0.3095 0.3095 0.31 0.31 0.31 0.238 0.238 0.248 0.248 0.248 0.248 0.248 0.267 0.267 0.264 0.264 0.2415 0.2415 0.2415 0.279 0.279 0.1965 0.1965 0.2215 0.2215 0.2215 0.1905
0.35 0.35 0.3295 0.3295 0.302 0.302 0.3085 0.3085 0.3085 0.3085 0.3085 0.421 0.421 0.3685 0.3685 0.325 0.325 0.325 0.289 0.289 0.285 0.285 0.3265 0.3265 0.3265 0.356 0.356 0.315 0.315 0.3975 0.3975 0.3975 0.4585 0.4585 0.39 0.39 0.3485 0.3485 0.3485 0.3375 0.3375 0.332 0.332 0.32 0.32 0.32 0.3315 0.3315 0.3425 0.3425 0.2675 0.2675 0.2645 0.2645 0.2645 0.252 0.252 0.2515 0.2515 0.259 0.259 0.259 0.2785 0.2785 0.2685 0.2685 0.222 0.222 0.222 0.2305 0.2305 0.2205 0.2205 0.1835 0.1835 0.1835 0.138
0.35 0.35 0.3295 0.3295 0.302 0.302 0.3085 0.3085 0.3085 0.3085 0.3085 0.421 0.421 0.3685 0.3685 0.325 0.325 0.325 0.289 0.289 0.285 0.285 0.3265 0.3265 0.3265 0.356 0.356 0.315 0.315 0.3975 0.3975 0.3975 0.4585 0.4585 0.39 0.39 0.3485 0.3485 0.3485 0.3375 0.3375 0.332 0.332 0.32 0.32 0.32 0.3315 0.3315 0.3425 0.3425 0.2675 0.2675 0.2645 0.2645 0.2645 0.252 0.252 0.2515 0.2515 0.259 0.259 0.259 0.2785 0.2785 0.2685 0.2685 0.222 0.222 0.222 0.2305 0.2305 0.2205 0.2205 0.1835 0.1835 0.1835 0.138
0.4015 0.4015 0.334 0.334 0.324 0.324 0.3275 0.3275 0.3275 0.39 0.39 0.401 0.401 0.423 0.423 0.377 0.377 0.377 0.3575 0.3575 0.2965 0.2965 0.3235 0.3235 0.3235 0.333 0.333 0.316 0.316 0.345 0.345 0.345 0.3775 0.3775 0.329 0.329 0.3005 0.3005 0.3005 0.331 0.331 0.321 0.321 0.3615 0.3615 0.3615 0.364 0.364 0.3125 0.3125 0.303 0.303 0.329 0.329 0.329 0.2635 0.2635 0.2745 0.2745 0.296 0.296 0.296 0.3185 0.3185 0.26 0.26 0.237 0.237 0.237 0.234 0.234 0.226 0.226 0.1855 0.1855 0.1855 0.169
0.4015 0.4015 0.334 0.334 0.324 0.324 0.3275 0.3275 0.3275 0.39 0.39 0.401 0.401 0.423 0.423 0.377 0.377 0.377 0.3575 0.3575 0.2965 0.2965 0.3235 0.3235 0.3235 0.333 0.333 0.316 0.316 0.345 0.345 0.345 0.3775 0.3775 0.329 0.329 0.3005 0.3005 0.3005 0.331 0.331 0.321 0.321 0.3615 0.3615 0.3615 0.364 0.364 0.3125 0.3125 0.303 0.303 0.329 0.329 0.329 0.2635 0.2635 0.2745 0.2745 0.296 0.296 0.296 0.3185 0.3185 0.26 0.26 0.237 0.237 0.237 0.234 0.234 0.226 0.226 0.1855 0.1855 0.1855 0.169
0.39 0.39 0.39 0.39 0.39 0.39 0.38 0.38 0.38 0.3915 0.3915 0.3515 0.3515 0.3455 0.3455 0.3515 0.3515 0.3515 0.35 0.35 0.333 0.333 0.31 0.31 0.31 0.3015 0.3015 0.336 0.336 0.305 0.305 0.305 0.3235 0.3235 0.343 0.343 0.35 0.35 0.35 0.3605 0.3605 0.321 0.321 0.308 0.308 0.308 0.3565 0.3565 0.3345 0.3345 0.3055 0.3055 0.3265 0.3265 0.3265 0.34 0.34 0.3175 0.3175 0.318 0.318 0.318 0.3385 0.3385 0.307 0.307 0.243 0.243 0.243 0.2485 0.2485 0.2395 0.2395 0.208 0.208 0.208 0.1985
0.39 0.39 0.39 0.39 0.39 0.39 0.38 0.38 0.38 0.3915 0.3915 0.3515 0.3515 0.3455 0.3455 0.3515 0.3515 0.3515 0.35 0.35 0.333 0.333 0.31 0.31 0.31 0.3015 0.3015 0.336 0.336 0.305 0.305 0.305 0.3235 0.3235 0.343 0.343 0.35 0.35 0.35 0.3605 0.3605 0.321 0.321 0.308 0.308 0.308 0.3565 0.3565 0.3345 0.3345 0.3055 0.3055 0.3265 0.3265 0.3265 0.34 0.34 0.3175 0.3175 0.318 0.318 0.318 0.3385 0.3385 0.307 0.307 0.243 0.243 0.243 0.2485 0.2485 0.2395 0.2395 0.208 0.208 0.208 0.1985
0.39 0.39 0.39 0.39 0.39 0.39 0.38 0.38 0.38 0.3915 0.3915 0.3515 0.3515 0.3455 0.3455 0.3515 0.3515 0.3515 0.35 0.35 0.333 0.333 0.31 0.31 0.31 0.3015 0.3015 0.336 0.336 0.305 0.305 0.305 0.3235 0.3235 0.343 0.343 0.35 0.35 0.35 0.3605 0.3605 0.321 0.321 0.308 0.308 0.308 0.3565 0.3565 0.3345 0.3345 0.3055 0.3055 0.3265 0.3265 0.3265 0.34 0.34 0.3175 0.3175 0.318 0.318 0.318 0.3385 0.3385 0.307 0.307 0.243 0.243 0.243 0.2485 0.2485 0.2395 0.2395 0.208 0.208 0.208 0.1985
0.48 0.48 0.4485 0.4485 0.4 0.4 0.4225 0.4225 0.4225 0.3805 0.3805 0.3115 0.3115 0.3 0.3 0.3115 0.3115 0.3115 0.3225 0.3225 0.307 0.307 0.3225 0.3225 0.3225 0.3295 0.3295 0.3075 0.3075 0.327 0.327 0.327 0.3285 0.3285 0.3375 0.3375 0.393 0.393 0.393 0.379 0.379 0.375 0.375 0.4045 0.4045 0.4045 0.36 0.36 0.382 0.382 0.3505 0.3505 0.327 0.327 0.327 0.3475 0.3475 0.322 0.322 0.3115 0.3115 0.3115 0.3295 0.3295 0.312 0.312 0.312 0.312 0.312 0.248 0.248 0.26 0.26 0.207 0.207 0.207 0.208
0.48 0.48 0.4485 0.4485 0.4 0.4 0.4225 0.4225 0.4225 0.3805 0.3805 0.3115 0.3115 0.3 0.3 0.3115 0.3115 0.3115 0.3225 0.3225 0.307 0.307 0.3225 0.3225 0.3225 0.3295 0.3295 0.3075 0.3075 0.327 0.327 0.327 0.3285 0.3285 0.3375 0.3375 0.393 0.393 0.393 0.379 0.379 0.375 0.375 0.4045 0.4045 0.4045 0.36 0.36 0.382 0.382 0.3505 0.3505 0.327 0.327 0.327 0.3475 0.3475 0.322 0.322 0.3115 0.3115 0.3115 0.3295 0.3295 0.312 0.312 0.312 0.312 0.312 0.248 0.248 0.26 0.26 0.207 0.207 0.207 0.208
0.492 0.492 0.4265 0.4265 0.3795 0.3795 0.425 0.425 0.425 0.3615 0.3615 0.3585 0.3585 0.3375 0.3375 0.29 0.29 0.29 0.287 0.287 0.3195 0.3195 0.315 0.315 0.315 0.337 0.337 0.3165 0.3165 0.326 0.326 0.326 0.337 0.337 0.35 0.35 0.3305 0.3305 0.3305 0.344 0.344 0.3765 0.3765 0.379 0.379 0.379 0.387 0.387 0.4215 0.4215 0.3865 0.3865 0.305 0.305 0.305 0.2945 0.2945 0.2865 0.2865 0.3345 0.3345 0.3345 0.3315 0.3315 0.3405 0.3405 0.3205 0.3205 0.3205 0.294 0.294 0.2925 0.2925 0.2985 0.2985 0.2985 0.292
0.492 0.492 0.4265 0.4265 0.3795 0.3795 0.425 0.425 0.425 0.3615 0.3615 0.3585 0.3585 0.3375 0.3375 0.29 0.29 0.29 0.287 0.287 0.3195 0.3195 0.315 0.315 0.315 0.337 0.337 0.3165 0.3165 0.326 0.326 0.326 0.337 0.337 0.35 0.35 0.3305 0.3305 0.3305 0.344 0.344 0.3765 0.3765 0.379 0.379 0.379 0.387 0.387 0.4215 0.4215 0.3865 0.3865 0.305 0.305 0.305 0.2945 0.2945 0.2865 0.2865 0.3345 0.3345 0.3345 0.3315 0.3315 0.3405 0.3405 0.3205 0.3205 0.3205 0.294 0.294 0.2925 0.2925 0.2985 0.2985 0.2985 0.292
0.4565 0.4565 0.443 0.443 0.358 0.358 0.367 0.367 0.367 0.381 0.381 0.3685 0.3685 0.365 0.365 0.319 0.319 0.319 0.2935 0.2935 0.2865 0.2865 0.336 0.336 0.336 0.3265 0.3265 0.3365 0.3365 0.3245 0.3245 0.3245 0.354 0.354 0.3525 0.3525 0.3565 0.3565 0.3565 0.3525 0.3525 0.3565 0.3565 0.353 0.353 0.353 0.405 0.405 0.391 0.391 0.37 0.37 0.2745 0.2745 0.2745 0.3015 0.3015 0.2885 0.2885 0.3185 0.3185 0.3185 0.2865 0.2865 0.306 0.306 0.3265 0.3265 0.3265 0.303 0.303 0.2705 0.2705 0.3185 0.3185 0.3185 0.25
0.4565 0.4565 0.443 0.443 0.358 0.358 0.367 0.367 0.367 0.381 0.381 0.3685 0.3685 0.365 0.365 0.319 0.319 0.319 0.2935 0.2935 0.2865 0.2865 0.336 0.336 0.336 0.3265 0.3265 0.3365 0.3365 0.3245 0.3245 0.3245 0.354 0.354 0.3525 0.3525 0.3565 0.3565 0.3565 0.3525 0.3525 0.3565 0.3565 0.353 0.353 0.353 0.405 0.405 0.391 0.391 0.37 0.37 0.2745 0.2745 0.2745 0.3015 0.3015 0.2885 0.2885 0.3185 0.3185 0.3185 0.2865 0.2865 0.306 0.306 0.3265 0.3265 0.3265 0.303 0.303 0.2705 0.2705 0.3185 0.3185 0.3185 0.25
0.4565 0.4565 0.443 0.443 0.358 0.358 0.367 0.367 0.367 0.381 0.381 0.3685 0.3685 0.365 0.365 0.319 0.319 0.319 0.2935 0.2935 0.2865 0.2865 0.336 0.336 0.336 0.3265 0.3265 0.3365 0.3365 0.3245 0.3245 0.3245 0.354 0.354 0.3525 0.3525 0.3565 0.3565 0.3565 0.3525 0.3525 0.3565 0.3565 0.353 0.353 0.353 0.405 0.405 0.391 0.391 0.37 0.37 0.2745 0.2745 0.2745 0.3015 0.3015 0.2885 0.2885 0.3185 0.3185 0.3185 0.2865 0.2865 0.306 0.306 0.3265 0.3265 0.3265 0.303 0.303 0.2705 0.2705 0.3185 0.3185 0.3185 0.25
0.4405 0.4405 0.4205 0.4205 0.441 0.441 0.4285 0.4285 0.4285 0.4295 0.4295 0.3795 0.3795 0.3655 0.3655 0.339 0.339 0.339 0.3275 0.3275 0.354 0.354 0.382 0.382 0.382 0.381 0.381 0.3845 0.3845 0.365 0.365 0.365 0.378 0.378 0.3755 0.3755 0.396 0.396 0.396 0.3935 0.3935 0.361 0.361 0.368 0.368 0.368 0.3615 0.3615 0.38 0.38 0.3685 0.3685 0.3355 0.3355 0.3355 0.3565 0.3565 0.281 0.281 0.301 0.301 0.301 0.2555 0.2555 0.2755 0.2755 0.3445 0.3445 0.3445 0.4435 0.4435 0.35 0.35 0.2755 0.2755 0.2755 0.3305
0.4405 0.4405 0.4205 0.4205 0.441 0.441 0.4285 0.4285 0.4285 0.4295 0.4295 0.3795 0.3795 0.3655 0.3655 0.339 0.339 0.339 0.3275 0.3275 0.354 0.354 0.382 0.382 0.382 0.381 0.381 0.3845 0.3845 0.365 0.365 0.365 0.378 0.378 0.3755 0.3755 0.396 0.396 0.396 0.3935 0.3935 0.361 0.361 0.368 0.368 0.368 0.3615 0.3615 0.38 0.38 0.3685 0.3685 0.3355 0.3355 0.3355 0.3565 0.3565 0.281 0.281 0.301 0.301 0.301 0.2555 0.2555 0.2755 0.2755 0.3445 0.3445 0.3445 0.4435 0.4435 0.35 0.35 0.2755 0.2755 0.2755 0.3305
0.457 0.457 0.45 0.45 0.452 0.452 0.398 0.398 0.398 0.4665 0.4665 0.381 0.381 0.396 0.396 0.339 0.339 0.339 0.3625 0.3625 0.368 0.368 0.3965 0.3965 0.3965 0.415 0.415 0.41 0.41 0.391 0.391 0.391 0.372 0.372 0.3865 0.3865 0.384 0.384 0.384 0.3805 0.3805 0.39 0.39 0.408 0.408 0.408 0.3615 0.3615 0.3365 0.3365 0.3355 0.3355 0.3535 0.3535 0.3535 0.4225 0.4225 0.368 0.368 0.281 0.281 0.281 0.309 0.309 0.3495 0.3495 0.334 0.334 0.334 0.3565 0.3565 0.348 0.348 0.3485 0.3485 0.3485 0.405
0.457 0.457 0.45 0.45 0.452 0.452 0.398 0.398 0.398 0.4665 0.4665 0.381 0.381 0.396 0.396 0.339 0.339 0.339 0.3625 0.3625 0.368 0.368 0.3965 0.3965 0.3965 0.415 0.415 0.41 0.41 0.391 0.391 0.391 0.372 0.372 0.3865 0.3865 0.384 0.384 0.384 0.3805 0.3805 0.39 0.39 0.408 0.408 0.408 0.3615 0.3615 0.3365 0.3365 0.3355 0.3355 0.3535 0.3535 0.3535 0.4225 0.4225 0.368 0.368 0.281 0.281 0.281 0.309 0.309 0.3495 0.3495 0.334 0.334 0.334 0.3565 0.3565 0.348 0.348 0.3485 0.3485 0.3485 0.405
0.5435 0.5435 0.488 0.488 0.5195 0.5195 0.45 0.45 0.45 0.388 0.388 0.3395 0.3395 0.333 0.333 0.324 0.324 0.324 0.3725 0.3725 0.3685 0.3685 0.4025 0.4025 0.4025 0.4135 0.4135 0.379 0.379 0.391 0.391 0.391 0.429 0.429 0.4305 0.4305 0.3765 0.3765 0.3765 0.364 0.364 0.403 0.403 0.4155 0.4155 0.4155 0.383 0.383 0.3685 0.3685 0.396 0.396 0.432 0.432 0.432 0.4305 0.4305 0.3735 0.3735 0.3065 0.3065 0.3065 0.269 0.269 0.2985 0.2985 0.3805 0.3805 0.3805 0.4265 0.4265 0.4685 0.4685 0.488 0.488 0.488 0.4785
