ndvi/NOAA-37.asc
ncols         252
nrows         154
xllcorner     -18.017974
yllcorner     13.481982
cellsize      0.035948
NODATA_value  -9999
[rows 35 to 69 of 154, columns 77 to 153 of 252]
0.1425 0.1425 0.134 0.134 0.13 0.13 0.1325 0.1325 0.1325 0.133 0.133 0.1385 0.1385 0.1395 0.1395 0.1445 0.1445 0.1445 0.1445 0.1445 0.14 0.14 0.145 0.145 0.145 0.145 0.145 0.148 0.148 0.166 0.166 0.166 0.164 0.164 0.1475 0.1475 0.14 0.14 0.14 0.1435 0.1435 0.142 0.142 0.1575 0.1575 0.1575 0.153 0.153 0.151 0.151 0.1485 0.1485 0.155 0.155 0.155 0.1485 0.1485 0.156 0.156 0.16 0.16 0.16 0.1635 0.1635 0.168 0.168 0.1665 0.1665 0.1665 0.1595 0.1595 0.139 0.139 0.1255 0.1255 0.1255 0.1375
0.1425 0.1425 0.134 0.134 0.13 0.13 0.1325 0.1325 0.1325 0.133 0.133 0.1385 0.1385 0.1395 0.1395 0.1445 0.1445 0.1445 0.1445 0.1445 0.14 0.14 0.145 0.145 0.145 0.145 0.145 0.148 0.148 0.166 0.166 0.166 0.164 0.164 0.1475 0.1475 0.14 0.14 0.14 0.1435 0.1435 0.142 0.142 0.1575 0.1575 0.1575 0.153 0.153 0.151 0.151 0.1485 0.1485 0.155 0.155 0.155 0.1485 0.1485 0.156 0.156 0.16 0.16 0.16 0.1635 0.1635 0.168 0.168 0.1665 0.1665 0.1665 0.1595 0.1595 0.139 0.139 0.1255 0.1255 0.1255 0.1375
0.1415 0.1415 0.1355 0.1355 0.144 0.144 0.1405 0.1405 0.1405 0.14 0.14 0.1465 0.1465 0.149 0.149 0.1435 0.1435 0.1435 0.1415 0.1415 0.141 0.141 0.143 0.143 0.143 0.1495 0.1495 0.16 0.16 0.1705 0.1705 0.1705 0.1625 0.1625 0.1555 0.1555 0.1525 0.1525 0.1525 0.1545 0.1545 0.148 0.148 0.154 0.154 0.154 0.161 0.161 0.1605 0.1605 0.164 0.164 0.162 0.162 0.162 0.1665 0.1665 0.188 0.188 0.1855 0.1855 0.1855 0.1755 0.1755 0.1725 0.1725 0.168 0.168 0.168 0.165 0.165 0.121 0.121 0.142 0.142 0.142 0.133
0.1415 0.1415 0.1355 0.1355 0.144 0.144 0.1405 0.1405 0.1405 0.14 0.14 0.1465 0.1465 0.149 0.149 0.1435 0.1435 0.1435 0.1415 0.1415 0.141 0.141 0.143 0.143 0.143 0.1495 0.1495 0.16 0.16 0.1705 0.1705 0.1705 0.1625 0.1625 0.1555 0.1555 0.1525 0.1525 0.1525 0.1545 0.1545 0.148 0.148 0.154 0.154 0.154 0.161 0.161 0.1605 0.1605 0.164 0.164 0.162 0.162 0.162 0.1665 0.1665 0.188 0.188 0.1855 0.1855 0.1855 0.1755 0.1755 0.1725 0.1725 0.168 0.168 0.168 0.165 0.165 0.121 0.121 0.142 0.142 0.142 0.133
0.145 0.145 0.144 0.144 0.1385 0.1385 0.137 0.137 0.137 0.146 0.146 0.158 0.158 0.159 0.159 0.1505 0.1505 0.1505 0.142 0.142 0.1455 0.1455 0.1585 0.1585 0.1585 0.16 0.16 0.163 0.163 0.1715 0.1715 0.1715 0.1755 0.1755 0.164 0.164 0.1625 0.1625 0.1625 0.1605 0.1605 0.155 0.155 0.175 0.175 0.175 0.1835 0.1835 0.1865 0.1865 0.1845 0.1845 0.226 0.226 0.226 0.1915 0.1915 0.194 0.194 0.188 0.188 0.188 0.183 0.183 0.173 0.173 0.1605 0.1605 0.1605 0.159 0.159 0.121 0.121 0.1275 0.1275 0.1275 0.141
0.145 0.145 0.144 0.144 0.1385 0.1385 0.137 0.137 0.137 0.146 0.146 0.158 0.158 0.159 0.159 0.1505 0.1505 0.1505 0.142 0.142 0.1455 0.1455 0.1585 0.1585 0.1585 0.16 0.16 0.163 0.163 0.1715 0.1715 0.1715 0.1755 0.1755 0.164 0.164 0.1625 0.1625 0.1625 0.1605 0.1605 0.155 0.155 0.175 0.175 0.175 0.1835 0.1835 0.1865 0.1865 0.1845 0.1845 0.226 0.226 0.226 0.1915 0.1915 0.194 0.194 0.188 0.188 0.188 0.183 0.183 0.173 0.173 0.1605 0.1605 0.1605 0.159 0.159 0.121 0.121 0.1275 0.1275 0.1275 0.141
0.157 0.157 0.1525 0.1525 0.1445 0.1445 0.1405 0.1405 0.1405 0.147 0.147 0.1605 0.1605 0.1565 0.1565 0.1585 0.1585 0.1585 0.145 0.145 0.1495 0.1495 0.15 0.15 0.15 0.16 0.16 0.169 0.169 0.17 0.17 0.17 0.169 0.169 0.167 0.167 0.169 0.169 0.169 0.17 0.17 0.1735 0.1735 0.19 0.19 0.19 0.1835 0.1835 0.1885 0.1885 0.1905 0.1905 0.215 0.215 0.215 0.2215 0.2215 0.187 0.187 0.176 0.176 0.176 0.1635 0.1635 0.1645 0.1645 0.1425 0.1425 0.1425 0.151 0.151 0.142 0.142 0.1365 0.1365 0.1365 0.136
0.157 0.157 0.1525 0.1525 0.1445 0.1445 0.1405 0.1405 0.1405 0.147 0.147 0.1605 0.1605 0.1565 0.1565 0.1585 0.1585 0.1585 0.145 0.145 0.1495 0.1495 0.15 0.15 0.15 0.16 0.16 0.169 0.169 0.17 0.17 0.17 0.169 0.169 0.167 0.167 0.169 0.169 0.169 0.17 0.17 0.1735 0.1735 0.19 0.19 0.19 0.1835 0.1835 0.1885 0.1885 0.1905 0.1905 0.215 0.215 0.215 0.2215 0.2215 0.187 0.187 0.176 0.176 0.176 0.1635 0.1635 0.1645 0.1645 0.1425 0.1425 0.1425 0.151 0.151 0.142 0.142 0.1365 0.1365 0.1365 0.136
0.157 0.157 0.1525 0.1525 0.1445 0.1445 0.1405 0.1405 0.1405 0.147 0.147 0.1605 0.1605 0.1565 0.1565 0.1585 0.1585 0.1585 0.145 0.145 0.1495 0.1495 0.15 0.15 0.15 0.16 0.16 0.169 0.169 0.17 0.17 0.17 0.169 0.169 0.167 0.167 0.169 0.169 0.169 0.17 0.17 0.1735 0.1735 0.19 0.19 0.19 0.1835 0.1835 0.1885 0.1885 0.1905 0.1905 0.215 0.215 0.215 0.2215 0.2215 0.187 0.187 0.176 0.176 0.176 0.1635 0.1635 0.1645 0.1645 0.1425 0.1425 0.1425 0.151 0.151 0.142 0.142 0.1365 0.1365 0.1365 0.136
0.1595 0.1595 0.154 0.154 0.1435 0.1435 0.1485 0.1485 0.1485 0.15 0.15 0.146 0.146 0.164 0.164 0.1655 0.1655 0.1655 0.1645 0.1645 0.144 0.144 0.1515 0.1515 0.1515 0.16 0.16 0.1685 0.1685 0.167 0.167 0.167 0.1865 0.1865 0.19 0.19 0.19 0.19 0.19 0.191 0.191 0.179 0.179 0.18 0.18 0.18 0.1675 0.1675 0.168 0.168 0.1625 0.1625 0.1925 0.1925 0.1925 0.1865 0.1865 0.192 0.192 0.1645 0.1645 0.1645 0.1595 0.1595 0.1395 0.1395 0.142 0.142 0.142 0.1445 0.1445 0.131 0.131 0.1145 0.1145 0.1145 0.117
0.1595 0.1595 0.154 0.154 0.1435 0.1435 0.1485 0.1485 0.1485 0.15 0.15 0.146 0.146 0.164 0.164 0.1655 0.1655 0.1655 0.1645 0.1645 0.144 0.144 0.1515 0.1515 0.1515 0.16 0.16 0.1685 0.1685 0.167 0.167 0.167 0.1865 0.1865 0.19 0.19 0.19 0.19 0.19 0.191 0.191 0.179 0.179 0.18 0.18 0.18 0.1675 0.1675 0.168 0.168 0.1625 0.1625 0.1925 0.1925 0.1925 0.1865 0.1865 0.192 0.192 0.1645 0.1645 0.1645 0.1595 0.1595 0.1395 0.1395 0.142 0.142 0.142 0.1445 0.1445 0.131 0.131 0.1145 0.1145 0.1145 0.117
0.1645 0.1645 0.16 0.16 0.1525 0.1525 0.1575 0.1575 0.1575 0.152 0.152 0.15 0.15 0.154 0.154 0.1575 0.1575 0.1575 0.163 0.163 0.1615 0.1615 0.159 0.159 0.159 0.158 0.158 0.174 0.174 0.185 0.185 0.185 0.214 0.214 0.229 0.229 0.198 0.198 0.198 0.1565 0.1565 0.1575 0.1575 0.1645 0.1645 0.1645 0.1715 0.1715 0.201 0.201 0.195 0.195 0.1925 0.1925 0.1925 0.174 0.174 0.18 0.18 0.1685 0.1685 0.1685 0.163 0.163 0.1525 0.1525 0.152 0.152 0.152 0.1495 0.1495 0.146 0.146 0.1195 0.1195 0.1195 0.1385
0.1645 0.1645 0.16 0.16 0.1525 0.1525 0.1575 0.1575 0.1575 0.152 0.152 0.15 0.15 0.154 0.154 0.1575 0.1575 0.1575 0.163 0.163 0.1615 0.1615 0.159 0.159 0.159 0.158 0.158 0.174 0.174 0.185 0.185 0.185 0.214 0.214 0.229 0.229 0.198 0.198 0.198 0.1565 0.1565 0.1575 0.1575 0.1645 0.1645 0.1645 0.1715 0.1715 0.201 0.201 0.195 0.195 0.1925 0.1925 0.1925 0.174 0.174 0.18 0.18 0.1685 0.1685 0.1685 0.163 0.163 0.1525 0.1525 0.152 0.152 0.152 0.1495 0.1495 0.146 0.146 0.1195 0.1195 0.1195 0.1385
0.185 0.185 0.1655 0.1655 0.178 0.178 0.156 0.156 0.156 0.163 0.163 0.1495 0.1495 0.165 0.165 0.1845 0.1845 0.1845 0.1885 0.1885 0.202 0.202 0.198 0.198 0.198 0.195 0.195 0.208 0.208 0.2045 0.2045 0.2045 0.231 0.231 0.2405 0.2405 0.179 0.179 0.179 0.158 0.158 0.1545 0.1545 0.1755 0.1755 0.1755 0.186 0.186 0.185 0.185 0.182 0.182 0.181 0.181 0.181 0.171 0.171 0.1745 0.1745 0.166 0.166 0.166 0.174 0.174 0.1595 0.1595 0.169 0.169 0.169 0.18 0.18 0.1725 0.1725 0.134 0.134 0.134 0.126
0.185 0.185 0.1655 0.1655 0.178 0.178 0.156 0.156 0.156 0.163 0.163 0.1495 0.1495 0.165 0.165 0.1845 0.1845 0.1845 0.1885 0.1885 0.202 0.202 0.198 0.198 0.198 0.195 0.195 0.208 0.208 0.2045 0.2045 0.2045 0.231 0.231 0.2405 0.2405 0.179 0.179 0.179 0.158 0.158 0.1545 0.1545 0.1755 0.1755 0.1755 0.186 0.186 0.185 0.185 0.182 0.182 0.181 0.181 0.181 0.171 0.171 0.1745 0.1745 0.166 0.166 0.166 0.174 0.174 0.1595 0.1595 0.169 0.169 0.169 0.18 0.18 0.1725 0.1725 0.134 0.134 0.134 0.126
0.185 0.185 0.1655 0.1655 0.178 0.178 0.156 0.156 0.156 0.163 0.163 0.1495 0.1495 0.165 0.165 0.1845 0.1845 0.1845 0.1885 0.1885 0.202 0.202 0.198 0.198 0.198 0.195 0.195 0.208 0.208 0.2045 0.2045 0.2045 0.231 0.231 0.2405 0.2405 0.179 0.179 0.179 0.158 0.158 0.1545 0.1545 0.1755 0.1755 0.1755 0.186 0.186 0.185 0.185 0.182 0.182 0.181 0.181 0.181 0.171 0.171 0.1745 0.1745 0.166 0.166 0.166 0.174 0.174 0.1595 0.1595 0.169 0.169 0.169 0.18 0.18 0.1725 0.1725 0.134 0.134 0.134 0.126
0.184 0.184 0.186 0.186 0.1885 0.1885 0.196 0.196 0.196 0.2 0.2 0.195 0.195 0.2025 0.2025 0.1985 0.1985 0.1985 0.2075 0.2075 0.2125 0.2125 0.211 0.211 0.211 0.2125 0.2125 0.204 0.204 0.199 0.199 0.199 0.213 0.213 0.209 0.209 0.199 0.199 0.199 0.1495 0.1495 0.15 0.15 0.151 0.151 0.151 0.174 0.174 0.1545 0.1545 0.1745 0.1745 0.182 0.182 0.182 0.181 0.181 0.178 0.178 0.182 0.182 0.182 0.1835 0.1835 0.1815 0.1815 0.1855 0.1855 0.1855 0.221 0.221 0.203 0.203 0.17 0.17 0.17 0.13
0.184 0.184 0.186 0.186 0.1885 0.1885 0.196 0.196 0.196 0.2 0.2 0.195 0.195 0.2025 0.2025 0.1985 0.1985 0.1985 0.2075 0.2075 0.2125 0.2125 0.211 0.211 0.211 0.2125 0.2125 0.204 0.204 0.199 0.199 0.199 0.213 0.213 0.209 0.209 0.199 0.199 0.199 0.1495 0.1495 0.15 0.15 0.151 0.151 0.151 0.174 0.174 0.1545 0.1545 0.1745 0.1745 0.182 0.182 0.182 0.181 0.181 0.178 0.178 0.182 0.182 0.182 0.1835 0.1835 0.1815 0.1815 0.1855 0.1855 0.1855 0.221 0.221 0.203 0.203 0.17 0.17 0.17 0.13
0.196 0.196 0.189 0.189 0.194 0.194 0.199 0.199 0.199 0.206 0.206 0.2075 0.2075 0.208 0.208 0.2115 0.2115 0.2115 0.2095 0.2095 0.2145 0.2145 0.206 0.206 0.206 0.1995 0.1995 0.1975 0.1975 0.193 0.193 0.193 0.1815 0.1815 0.2105 0.2105 0.197 0.197 0.197 0.19 0.19 0.1615 0.1615 0.1545 0.1545 0.1545 0.143 0.143 0.144 0.144 0.191 0.191 0.187 0.187 0.187 0.202 0.202 0.205 0.205 0.2265 0.2265 0.2265 0.2195 0.2195 0.2175 0.2175 0.1905 0.1905 0.1905 0.188 0.188 0.1875 0.1875 0.168 0.168 0.168 0.1175
0.196 0.196 0.189 0.189 0.194 0.194 0.199 0.199 0.199 0.206 0.206 0.2075 0.2075 0.208 0.208 0.2115 0.2115 0.2115 0.2095 0.2095 0.2145 0.2145 0.206 0.206 0.206 0.1995 0.1995 0.1975 0.1975 0.193 0.193 0.193 0.1815 0.1815 0.2105 0.2105 0.197 0.197 0.197 0.19 0.19 0.1615 0.1615 0.1545 0.1545 0.1545 0.143 0.143 0.144 0.144 0.191 0.191 0.187 0.187 0.187 0.202 0.202 0.205 0.205 0.2265 0.2265 0.2265 0.2195 0.2195 0.2175 0.2175 0.1905 0.1905 0.1905 0.188 0.188 0.1875 0.1875 0.168 0.168 0.168 0.1175
0.2245 0.2245 0.2215 0.2215 0.2155 0.2155 0.2155 0.2155 0.2155 0.216 0.216 0.2135 0.2135 0.215 0.215 0.2175 0.2175 0.2175 0.2105 0.2105 0.2075 0.2075 0.204 0.204 0.204 0.1975 0.1975 0.2065 0.2065 0.1895 0.1895 0.1895 0.1725 0.1725 0.1845 0.1845 0.1785 0.1785 0.1785 0.18 0.18 0.143 0.143 0.1465 0.1465 0.1465 0.143 0.143 0.1675 0.1675 0.1915 0.1915 0.192 0.192 0.192 0.2195 0.2195 0.22 0.22 0.231 0.231 0.231 0.2255 0.2255 0.2225 0.2225 0.195 0.195 0.195 0.1805 0.1805 0.164 0.164 0.1525 0.1525 0.1525 0.1175
0.2245 0.2245 0.2215 0.2215 0.2155 0.2155 0.2155 0.2155 0.2155 0.216 0.216 0.2135 0.2135 0.215 0.215 0.2175 0.2175 0.2175 0.2105 0.2105 0.2075 0.2075 0.204 0.204 0.204 0.1975 0.1975 0.2065 0.2065 0.1895 0.1895 0.1895 0.1725 0.1725 0.1845 0.1845 0.1785 0.1785 0.1785 0.18 0.18 0.143 0.143 0.1465 0.1465 0.1465 0.143 0.143 0.1675 0.1675 0.1915 0.1915 0.192 0.192 0.192 0.2195 0.2195 0.22 0.22 0.231 0.231 0.231 0.2255 0.2255 0.2225 0.2225 0.195 0.195 0.195 0.1805 0.1805 0.164 0.164 0.1525 0.1525 0.1525 0.1175
0.2235 0.2235 0.2285 0.2285 0.2295 0.2295 0.216 0.216 0.216 0.2205 0.2205 0.2165 0.2165 0.213 0.213 0.2235 0.2235 0.2235 0.2135 0.2135 0.2125 0.2125 0.204 0.204 0.204 0.207 0.207 0.206 0.206 0.1965 0.1965 0.1965 0.172 0.172 0.1825 0.1825 0.176 0.176 0.176 0.1795 0.1795 0.168 0.168 0.1845 0.1845 0.1845 0.182 0.182 0.138 0.138 0.161 0.161 0.1855 0.1855 0.1855 0.2115 0.2115 0.2115 0.2115 0.226 0.226 0.226 0.2305 0.2305 0.224 0.224 0.214 0.214 0.214 0.1815 0.1815 0.164 0.164 0.1505 0.1505 0.1505 0.118
0.2235 0.2235 0.2285 0.2285 0.2295 0.2295 0.216 0.216 0.216 0.2205 0.2205 0.2165 0.2165 0.213 0.213 0.2235 0.2235 0.2235 0.2135 0.2135 0.2125 0.2125 0.204 0.204 0.204 0.207 0.207 0.206 0.206 0.1965 0.1965 0.1965 0.172 0.172 0.1825 0.1825 0.176 0.176 0.176 0.1795 0.1795 0.168 0.168 0.1845 0.1845 0.1845 0.182 0.182 0.138 0.138 0.161 0.161 0.1855 0.1855 0.1855 0.2115 0.2115 0.2115 0.2115 0.226 0.226 0.226 0.2305 0.2305 0.224 0.224 0.214 0.214 0.214 0.1815 0.1815 0.164 0.164 0.1505 0.1505 0.1505 0.118
0.2235 0.2235 0.2285 0.2285 0.2295 0.2295 0.216 0.216 0.216 0.2205 0.2205 0.2165 0.2165 0.213 0.213 0.2235 0.2235 0.2235 0.2135 0.2135 0.2125 0.2125 0.204 0.204 0.204 0.207 0.207 0.206 0.206 0.1965 0.1965 0.1965 0.172 0.172 0.1825 0.1825 0.176 0.176 0.176 0.1795 0.1795 0.168 0.168 0.1845 0.1845 0.1845 0.182 0.182 0.138 0.138 0.161 0.161 0.1855 0.1855 0.1855 0.2115 0.2115 0.2115 0.2115 0.226 0.226 0.226 0.2305 0.2305 0.224 0.224 0.214 0.214 0.214 0.1815 0.1815 0.164 0.164 0.1505 0.1505 0.1505 0.118
0.2215 0.2215 0.212 0.212 0.226 0.226 0.222 0.222 0.222 0.225 0.225 0.2035 0.2035 0.205 0.205 0.209 0.209 0.209 0.168 0.168 0.201 0.201 0.2155 0.2155 0.2155 0.209 0.209 0.219 0.219 0.2175 0.2175 0.2175 0.219 0.219 0.2175 0.2175 0.199 0.199 0.199 0.176 0.176 0.1625 0.1625 0.186 0.186 0.186 0.1815 0.1815 0.136 0.136 0.1255 0.1255 0.1265 0.1265 0.1265 0.1365 0.1365 0.192 0.192 0.2215 0.2215 0.2215 0.227 0.227 0.228 0.228 0.228 0.228 0.228 0.21 0.21 0.203 0.203 0.162 0.162 0.162 0.1385
0.2215 0.2215 0.212 0.212 0.226 0.226 0.222 0.222 0.222 0.225 0.225 0.2035 0.2035 0.205 0.205 0.209 0.209 0.209 0.168 0.168 0.201 0.201 0.2155 0.2155 0.2155 0.209 0.209 0.219 0.219 0.2175 0.2175 0.2175 0.219 0.219 0.2175 0.2175 0.199 0.199 0.199 0.176 0.176 0.1625 0.1625 0.186 0.186 0.186 0.1815 0.1815 0.136 0.136 0.1255 0.1255 0.1265 0.1265 0.1265 0.1365 0.1365 0.192 0.192 0.2215 0.2215 0.2215 0.227 0.227 0.228 0.228 0.228 0.228 0.228 0.21 0.21 0.203 0.203 0.162 0.162 0.162 0.1385
0.2435 0.2435 0.228 0.228 0.2605 0.2605 0.2665 0.2665 0.2665 0.25 0.25 0.2375 0.2375 0.236 0.236 0.1755 0.1755 0.1755 0.1735 0.1735 0.202 0.202 0.218 0.218 0.218 0.226 0.226 0.217 0.217 0.2275 0.2275 0.2275 0.212 0.212 0.214 0.214 0.212 0.212 0.212 0.205 0.205 0.16 0.16 0.165 0.165 0.165 0.1635 0.1635 0.126 0.126 0.123 0.123 0.124 0.124 0.124 0.164 0.164 0.182 0.182 0.2215 0.2215 0.2215 0.222 0.222 0.2155 0.2155 0.221 0.221 0.221 0.209 0.209 0.1925 0.1925 0.1605 0.1605 0.1605 0.1265
0.2435 0.2435 0.228 0.228 0.2605 0.2605 0.2665 0.2665 0.2665 0.25 0.25 0.2375 0.2375 0.236 0.236 0.1755 0.1755 0.1755 0.1735 0.1735 0.202 0.202 0.218 0.218 0.218 0.226 0.226 0.217 0.217 0.2275 0.2275 0.2275 0.212 0.212 0.214 0.214 0.212 0.212 0.212 0.205 0.205 0.16 0.16 0.165 0.165 0.165 0.1635 0.1635 0.126 0.126 0.123 0.123 0.124 0.124 0.124 0.164 0.164 0.182 0.182 0.2215 0.2215 0.2215 0.222 0.222 0.2155 0.2155 0.221 0.221 0.221 0.209 0.209 0.1925 0.1925 0.1605 0.1605 0.1605 0.1265
0.2185 0.2185 0.2095 0.2095 0.2095 0.2095 0.233 0.233 0.233 0.23 0.23 0.245 0.245 0.244 0.244 0.23 0.23 0.23 0.2135 0.2135 0.2375 0.2375 0.2145 0.2145 0.2145 0.197 0.197 0.233 0.233 0.214 0.214 0.214 0.2225 0.2225 0.217 0.217 0.2115 0.2115 0.2115 0.2105 0.2105 0.183 0.183 0.14 0.14 0.14 0.1425 0.1425 0.126 0.126 0.1185 0.1185 0.178 0.178 0.178 0.1735 0.1735 0.1885 0.1885 0.2315 0.2315 0.2315 0.2315 0.2315 0.2195 0.2195 0.2155 0.2155 0.2155 0.2195 0.2195 0.202 0.202 0.16 0.16 0.16 0.1335
0.2185 0.2185 0.2095 0.2095 0.2095 0.2095 0.233 0.233 0.233 0.23 0.23 0.245 0.245 0.244 0.244 0.23 0.23 0.23 0.2135 0.2135 0.2375 0.2375 0.2145 0.2145 0.2145 0.197 0.197 0.233 0.233 0.214 0.214 0.214 0.2225 0.2225 0.217 0.217 0.2115 0.2115 0.2115 0.2105 0.2105 0.183 0.183 0.14 0.14 0.14 0.1425 0.1425 0.126 0.126 0.1185 0.1185 0.178 0.178 0.178 0.1735 0.1735 0.1885 0.1885 0.2315 0.2315 0.2315 0.2315 0.2315 0.2195 0.2195 0.2155 0.2155 0.2155 0.2195 0.2195 0.202 0.202 0.16 0.16 0.16 0.1335
0.2185 0.2185 0.2095 0.2095 0.2095 0.2095 0.233 0.233 0.233 0.23 0.23 0.245 0.245 0.244 0.244 0.23 0.23 0.23 0.2135 0.2135 0.2375 0.2375 0.2145 0.2145 0.2145 0.197 0.197 0.233 0.233 0.214 0.214 0.214 0.2225 0.2225 0.217 0.217 0.2115 0.2115 0.2115 0.2105 0.2105 0.183 0.183 0.14 0.14 0.14 0.1425 0.1425 0.126 0.126 0.1185 0.1185 0.178 0.178 0.178 0.1735 0.1735 0.1885 0.1885 0.2315 0.2315 0.2315 0.2315 0.2315 0.2195 0.2195 0.2155 0.2155 0.2155 0.2195 0.2195 0.202 0.202 0.16 0.16 0.16 0.1335
0.203 0.203 0.2065 0.2065 0.188 0.188 0.194 0.194 0.194 0.225 0.225 0.225 0.225 0.28 0.28 0.24 0.24 0.24 0.2325 0.2325 0.233 0.233 0.226 0.226 0.226 0.2385 0.2385 0.2255 0.2255 0.2235 0.2235 0.2235 0.2175 0.2175 0.2035 0.2035 0.1995 0.1995 0.1995 0.199 0.199 0.1985 0.1985 0.1725 0.1725 0.1725 0.1375 0.1375 0.1725 0.1725 0.1615 0.1615 0.1885 0.1885 0.1885 0.191 0.191 0.1915 0.1915 0.219 0.219 0.219 0.237 0.237 0.229 0.229 0.219 0.219 0.219 0.2045 0.2045 0.192 0.192 0.1705 0.1705 0.1705 0.1365
0.203 0.203 0.2065 0.2065 0.188 0.188 0.194 0.194 0.194 0.225 0.225 0.225 0.225 0.28 0.28 0.24 0.24 0.24 0.2325 0.2325 0.233 0.233 0.226 0.226 0.226 0.2385 0.2385 0.2255 0.2255 0.2235 0.2235 0.2235 0.2175 0.2175 0.2035 0.2035 0.1995 0.1995 0.1995 0.199 0.199 0.1985 0.1985 0.1725 0.1725 0.1725 0.1375 0.1375 0.1725 0.1725 0.1615 0.1615 0.1885 0.1885 0.1885 0.191 0.191 0.1915 0.1915 0.219 0.219 0.219 0.237 0.237 0.229 0.229 0.219 0.219 0.219 0.2045 0.2045 0.192 0.192 0.1705 0.1705 0.1705 0.1365
0.2175 0.2175 0.2075 0.2075 0.2085 0.2085 0.2125 0.2125 0.2125 0.212 0.212 0.2225 0.2225 0.233 0.233 0.233 0.233 0.233 0.24 0.24 0.2285 0.2285 0.219 0.219 0.219 0.243 0.243 0.2195 0.2195 0.209 0.209 0.209 0.206 0.206 0.2015 0.2015 0.218 0.218 0.218 0.2205 0.2205 0.21 0.21 0.1705 0.1705 0.1705 0.1665 0.1665 0.16 0.16 0.1785 0.1785 0.1795 0.1795 0.1795 0.196 0.196 0.202 0.202 0.208 0.208 0.208 0.2315 0.2315 0.231 0.231 0.227 0.227 0.227 0.208 0.208 0.214 0.214 0.188 0.188 0.188 0.1415
