ndvi/NOAA-134.asc
ncols         252
nrows         154
xllcorner     -18.017974
yllcorner     13.481982
cellsize      0.035948
NODATA_value  -9999
[rows 102 to 135 of 154, columns 0 to 76 of 252]
-1 -1 -1 -1 -1 -1 -1 -1 -1 -1 -1 -1 -1 -1 -1 -1 -1 -1 -1 -1 -1 -1 -1 -1 -1 0.0297 0.0297 0.0297 0.1598 0.1598 0.296 0.296 0.2735 0.2735 0.2735 0.243 0.243 0.216 0.216 0.2275 0.2275 0.2275 0.2245 0.2245 0.2395 0.2395 0.2425 0.2425 0.2425 0.2505 0.2505 0.2545 0.2545 0.259 0.259 0.265 0.265 0.265 0.2575 0.2575 0.2555 0.2555 0.2555 0.2555 0.2555 0.2475 0.2475 0.253 0.253 0.2315 0.2315 0.2315 0.216 0.216 0.228 0.228 0.2395
-1 -1 -1 -1 -1 -1 -1 -1 -1 -1 -1 -1 -1 -1 -1 -1 -1 -1 -1 -1 -1 -1 -1 -0.0043 -0.0043 0.1635 0.1635 0.1635 0.3065 0.3065 0.2585 0.2585 0.232 0.232 0.232 0.231 0.231 0.2515 0.2515 0.266 0.266 0.266 0.251 0.251 0.255 0.255 0.254 0.254 0.254 0.255 0.255 0.255 0.255 0.258 0.258 0.261 0.261 0.261 0.266 0.266 0.254 0.254 0.254 0.254 0.254 0.248 0.248 0.245 0.245 0.241 0.241 0.241 0.2345 0.2345 0.244 0.244 0.256
-1 -1 -1 -1 -1 -1 -1 -1 -1 -1 -1 -1 -1 -1 -1 -1 -1 -1 -1 -1 -1 -1 -1 -0.0043 -0.0043 0.1635 0.1635 0.1635 0.3065 0.3065 0.2585 0.2585 0.232 0.232 0.232 0.231 0.231 0.2515 0.2515 0.266 0.266 0.266 0.251 0.251 0.255 0.255 0.254 0.254 0.254 0.255 0.255 0.255 0.255 0.258 0.258 0.261 0.261 0.261 0.266 0.266 0.254 0.254 0.254 0.254 0.254 0.248 0.248 0.245 0.245 0.241 0.241 0.241 0.2345 0.2345 0.244 0.244 0.256
-1 -1 -1 -1 -1 -1 -1 -1 -1 -1 -1 -1 -1 -1 -1 -1 -1 -1 -1 -1 -1 -1 -1 -0.0043 -0.0043 0.1635 0.1635 0.1635 0.3065 0.3065 0.2585 0.2585 0.232 0.232 0.232 0.231 0.231 0.2515 0.2515 0.266 0.266 0.266 0.251 0.251 0.255 0.255 0.254 0.254 0.254 0.255 0.255 0.255 0.255 0.258 0.258 0.261 0.261 0.261 0.266 0.266 0.254 0.254 0.254 0.254 0.254 0.248 0.248 0.245 0.245 0.241 0.241 0.241 0.2345 0.2345 0.244 0.244 0.256
-1 -1 -1 -1 -1 -1 -1 -1 -1 -1 -1 -1 -1 -1 -1 -1 -1 -1 -1 -1 -1 0.0077 0.0077 0.1441 0.1441 0.308 0.308 0.308 0.2855 0.2855 0.255 0.255 0.2525 0.2525 0.2525 0.2525 0.2525 0.2605 0.2605 0.2655 0.2655 0.2655 0.267 0.267 0.261 0.261 0.2495 0.2495 0.2495 0.251 0.251 0.255 0.255 0.2505 0.2505 0.2495 0.2495 0.2495 0.2575 0.2575 0.2575 0.2575 0.2575 0.2575 0.2575 0.2545 0.2545 0.2375 0.2375 0.242 0.242 0.242 0.261 0.261 0.249 0.249 0.2495
-1 -1 -1 -1 -1 -1 -1 -1 -1 -1 -1 -1 -1 -1 -1 -1 -1 -1 -1 -1 -1 0.0077 0.0077 0.1441 0.1441 0.308 0.308 0.308 0.2855 0.2855 0.255 0.255 0.2525 0.2525 0.2525 0.2525 0.2525 0.2605 0.2605 0.2655 0.2655 0.2655 0.267 0.267 0.261 0.261 0.2495 0.2495 0.2495 0.251 0.251 0.255 0.255 0.2505 0.2505 0.2495 0.2495 0.2495 0.2575 0.2575 0.2575 0.2575 0.2575 0.2575 0.2575 0.2545 0.2545 0.2375 0.2375 0.242 0.242 0.242 0.261 0.261 0.249 0.249 0.2495
-1 -1 -1 -1 -1 -1 -1 -1 -1 -1 -1 -1 -1 -1 -1 -1 -1 -1 -1 -1 -1 0.1337 0.1337 0.3095 0.3095 0.2915 0.2915 0.2915 0.2965 0.2965 0.266 0.266 0.267 0.267 0.267 0.2645 0.2645 0.262 0.262 0.2685 0.2685 0.2685 0.269 0.269 0.274 0.274 0.278 0.278 0.278 0.2605 0.2605 0.258 0.258 0.2405 0.2405 0.243 0.243 0.243 0.243 0.243 0.25 0.25 0.25 0.25 0.25 0.242 0.242 0.2645 0.2645 0.2675 0.2675 0.2675 0.265 0.265 0.2605 0.2605 0.2575
-1 -1 -1 -1 -1 -1 -1 -1 -1 -1 -1 -1 -1 -1 -1 -1 -1 -1 -1 -1 -1 0.1337 0.1337 0.3095 0.3095 0.2915 0.2915 0.2915 0.2965 0.2965 0.266 0.266 0.267 0.267 0.267 0.2645 0.2645 0.262 0.262 0.2685 0.2685 0.2685 0.269 0.269 0.274 0.274 0.278 0.278 0.278 0.2605 0.2605 0.258 0.258 0.2405 0.2405 0.243 0.243 0.243 0.243 0.243 0.25 0.25 0.25 0.25 0.25 0.242 0.242 0.2645 0.2645 0.2675 0.2675 0.2675 0.265 0.265 0.2605 0.2605 0.2575
-1 -1 -1 -1 -1 -1 -1 -1 -1 -1 -1 -1 -1 -1 -1 -1 -1 -1 0.1337 0.1337 0.1337 0.3095 0.3095 0.309 0.309 0.3 0.3 0.3 0.2885 0.2885 0.283 0.283 0.2695 0.2695 0.2695 0.2645 0.2645 0.2625 0.2625 0.268 0.268 0.268 0.276 0.276 0.2685 0.2685 0.2685 0.2685 0.2685 0.2675 0.2675 0.265 0.265 0.245 0.245 0.239 0.239 0.239 0.2485 0.2485 0.243 0.243 0.243 0.243 0.243 0.2525 0.2525 0.2645 0.2645 0.2685 0.2685 0.2685 0.2565 0.2565 0.244 0.244 0.266
-1 -1 -1 -1 -1 -1 -1 -1 -1 -1 -1 -1 -1 -1 -1 -1 -1 -1 0.1337 0.1337 0.1337 0.3095 0.3095 0.309 0.309 0.3 0.3 0.3 0.2885 0.2885 0.283 0.283 0.2695 0.2695 0.2695 0.2645 0.2645 0.2625 0.2625 0.268 0.268 0.268 0.276 0.276 0.2685 0.2685 0.2685 0.2685 0.2685 0.2675 0.2675 0.265 0.265 0.245 0.245 0.239 0.239 0.239 0.2485 0.2485 0.243 0.243 0.243 0.243 0.243 0.2525 0.2525 0.2645 0.2645 0.2685 0.2685 0.2685 0.2565 0.2565 0.244 0.244 0.266
-1 -1 -1 -1 -1 -1 -1 -1 -1 -1 -1 -1 -1 -1 -1 -1 -1 -1 0.1337 0.1337 0.1337 0.3095 0.3095 0.309 0.309 0.3 0.3 0.3 0.2885 0.2885 0.283 0.283 0.2695 0.2695 0.2695 0.2645 0.2645 0.2625 0.2625 0.268 0.268 0.268 0.276 0.276 0.2685 0.2685 0.2685 0.2685 0.2685 0.2675 0.2675 0.265 0.265 0.245 0.245 0.239 0.239 0.239 0.2485 0.2485 0.243 0.243 0.243 0.243 0.243 0.2525 0.2525 0.2645 0.2645 0.2685 0.2685 0.2685 0.2565 0.2565 0.244 0.244 0.266
-1 -1 -1 -1 -1 -1 -1 -1 -1 -1 -1 -1 -1 -1 -1 -1 0.2267 0.2267 0.344 0.344 0.344 0.335 0.335 0.311 0.311 0.291 0.291 0.291 0.3065 0.3065 0.2975 0.2975 0.289 0.289 0.289 0.278 0.278 0.2715 0.2715 0.275 0.275 0.275 0.2595 0.2595 0.251 0.251 0.2515 0.2515 0.2515 0.2635 0.2635 0.2535 0.2535 0.2435 0.2435 0.2495 0.2495 0.2495 0.2615 0.2615 0.255 0.255 0.255 0.255 0.255 0.26 0.26 0.247 0.247 0.2525 0.2525 0.2525 0.261 0.261 0.2615 0.2615 0.273
-1 -1 -1 -1 -1 -1 -1 -1 -1 -1 -1 -1 -1 -1 -1 -1 0.2267 0.2267 0.344 0.344 0.344 0.335 0.335 0.311 0.311 0.291 0.291 0.291 0.3065 0.3065 0.2975 0.2975 0.289 0.289 0.289 0.278 0.278 0.2715 0.2715 0.275 0.275 0.275 0.2595 0.2595 0.251 0.251 0.2515 0.2515 0.2515 0.2635 0.2635 0.2535 0.2535 0.2435 0.2435 0.2495 0.2495 0.2495 0.2615 0.2615 0.255 0.255 0.255 0.255 0.255 0.26 0.26 0.247 0.247 0.2525 0.2525 0.2525 0.261 0.261 0.2615 0.2615 0.273
-1 -1 -1 -1 -1 -1 -1 -1 -1 -1 -1 -1 0.1352 0.1352 0.1731 0.1731 0.1945 0.1945 0.341 0.341 0.341 0.334 0.334 0.343 0.343 0.3095 0.3095 0.3095 0.323 0.323 0.318 0.318 0.282 0.282 0.282 0.295 0.295 0.2875 0.2875 0.2865 0.2865 0.2865 0.278 0.278 0.266 0.266 0.258 0.258 0.258 0.245 0.245 0.25 0.25 0.2535 0.2535 0.2605 0.2605 0.2605 0.258 0.258 0.263 0.263 0.263 0.263 0.263 0.253 0.253 0.2485 0.2485 0.249 0.249 0.249 0.2585 0.2585 0.26 0.26 0.286
-1 -1 -1 -1 -1 -1 -1 -1 -1 -1 -1 -1 0.1352 0.1352 0.1731 0.1731 0.1945 0.1945 0.341 0.341 0.341 0.334 0.334 0.343 0.343 0.3095 0.3095 0.3095 0.323 0.323 0.318 0.318 0.282 0.282 0.282 0.295 0.295 0.2875 0.2875 0.2865 0.2865 0.2865 0.278 0.278 0.266 0.266 0.258 0.258 0.258 0.245 0.245 0.25 0.25 0.2535 0.2535 0.2605 0.2605 0.2605 0.258 0.258 0.263 0.263 0.263 0.263 0.263 0.253 0.253 0.2485 0.2485 0.249 0.249 0.249 0.2585 0.2585 0.26 0.26 0.286
-1 -1 -1 -1 -1 -1 -1 -1 -1 0.1497 0.1497 0.1497 0.144 0.144 0.1265 0.1265 0.1346 0.1346 0.088 0.088 0.088 0.2975 0.2975 0.3085 0.3085 0.316 0.316 0.316 0.336 0.336 0.3165 0.3165 0.284 0.284 0.284 0.2825 0.2825 0.286 0.286 0.2865 0.2865 0.2865 0.278 0.278 0.2705 0.2705 0.2515 0.2515 0.2515 0.2445 0.2445 0.247 0.247 0.252 0.252 0.2525 0.2525 0.2525 0.2665 0.2665 0.266 0.266 0.266 0.266 0.266 0.2545 0.2545 0.2615 0.2615 0.2575 0.2575 0.2575 0.2605 0.2605 0.2665 0.2665 0.2755
-1 -1 -1 -1 -1 -1 -1 -1 -1 0.1497 0.1497 0.1497 0.144 0.144 0.1265 0.1265 0.1346 0.1346 0.088 0.088 0.088 0.2975 0.2975 0.3085 0.3085 0.316 0.316 0.316 0.336 0.336 0.3165 0.3165 0.284 0.284 0.284 0.2825 0.2825 0.286 0.286 0.2865 0.2865 0.2865 0.278 0.278 0.2705 0.2705 0.2515 0.2515 0.2515 0.2445 0.2445 0.247 0.247 0.252 0.252 0.2525 0.2525 0.2525 0.2665 0.2665 0.266 0.266 0.266 0.266 0.266 0.2545 0.2545 0.2615 0.2615 0.2575 0.2575 0.2575 0.2605 0.2605 0.2665 0.2665 0.2755
-1 -1 -1 -1 -1 -1 -1 -1 -1 0.1497 0.1497 0.1497 0.144 0.144 0.1265 0.1265 0.1346 0.1346 0.088 0.088 0.088 0.2975 0.2975 0.3085 0.3085 0.316 0.316 0.316 0.336 0.336 0.3165 0.3165 0.284 0.284 0.284 0.2825 0.2825 0.286 0.286 0.2865 0.2865 0.2865 0.278 0.278 0.2705 0.2705 0.2515 0.2515 0.2515 0.2445 0.2445 0.247 0.247 0.252 0.252 0.2525 0.2525 0.2525 0.2665 0.2665 0.266 0.266 0.266 0.266 0.266 0.2545 0.2545 0.2615 0.2615 0.2575 0.2575 0.2575 0.2605 0.2605 0.2665 0.2665 0.2755
-1 -1 -1 -1 -1 -1 -1 -1 -1 -1 -1 -1 0.1177 0.1177 0.1552 0.1552 0.1892 0.1892 0.1102 0.1102 0.1102 0.268 0.268 0.3035 0.3035 0.3095 0.3095 0.3095 0.312 0.312 0.3025 0.3025 0.2755 0.2755 0.2755 0.276 0.276 0.278 0.278 0.2725 0.2725 0.2725 0.2725 0.2725 0.274 0.274 0.2765 0.2765 0.2765 0.2525 0.2525 0.241 0.241 0.2475 0.2475 0.249 0.249 0.249 0.253 0.253 0.2555 0.2555 0.2555 0.2555 0.2555 0.2475 0.2475 0.2495 0.2495 0.2615 0.2615 0.2615 0.2755 0.2755 0.2665 0.2665 0.271
-1 -1 -1 -1 -1 -1 -1 -1 -1 -1 -1 -1 0.1177 0.1177 0.1552 0.1552 0.1892 0.1892 0.1102 0.1102 0.1102 0.268 0.268 0.3035 0.3035 0.3095 0.3095 0.3095 0.312 0.312 0.3025 0.3025 0.2755 0.2755 0.2755 0.276 0.276 0.278 0.278 0.2725 0.2725 0.2725 0.2725 0.2725 0.274 0.274 0.2765 0.2765 0.2765 0.2525 0.2525 0.241 0.241 0.2475 0.2475 0.249 0.249 0.249 0.253 0.253 0.2555 0.2555 0.2555 0.2555 0.2555 0.2475 0.2475 0.2495 0.2495 0.2615 0.2615 0.2615 0.2755 0.2755 0.2665 0.2665 0.271
-1 -1 -1 -1 -1 -1 -1 -1 -1 -1 -1 -1 -1 -1 -1 -1 -1 -1 0.1827 0.1827 0.1827 0.1175 0.1175 0.2825 0.2825 0.2845 0.2845 0.2845 0.3045 0.3045 0.295 0.295 0.2735 0.2735 0.2735 0.2685 0.2685 0.266 0.266 0.2625 0.2625 0.2625 0.2615 0.2615 0.258 0.258 0.277 0.277 0.277 0.257 0.257 0.2515 0.2515 0.25 0.25 0.256 0.256 0.256 0.256 0.256 0.2575 0.2575 0.2575 0.2575 0.2575 0.258 0.258 0.2465 0.2465 0.267 0.267 0.267 0.2755 0.2755 0.2715 0.2715 0.255
-1 -1 -1 -1 -1 -1 -1 -1 -1 -1 -1 -1 -1 -1 -1 -1 -1 -1 0.1827 0.1827 0.1827 0.1175 0.1175 0.2825 0.2825 0.2845 0.2845 0.2845 0.3045 0.3045 0.295 0.295 0.2735 0.2735 0.2735 0.2685 0.2685 0.266 0.266 0.2625 0.2625 0.2625 0.2615 0.2615 0.258 0.258 0.277 0.277 0.277 0.257 0.257 0.2515 0.2515 0.25 0.25 0.256 0.256 0.256 0.256 0.256 0.2575 0.2575 0.2575 0.2575 0.2575 0.258 0.258 0.2465 0.2465 0.267 0.267 0.267 0.2755 0.2755 0.2715 0.2715 0.255
-1 -1 -1 -1 -1 -1 -1 -1 -1 -1 -1 -1 -1 -1 -1 -1 -1 -1 -1 -1 -1 0.1757 0.1757 0.146 0.146 0.298 0.298 0.298 0.2985 0.2985 0.299 0.299 0.284 0.284 0.284 0.265 0.265 0.2655 0.2655 0.25 0.25 0.25 0.2565 0.2565 0.2555 0.2555 0.2765 0.2765 0.2765 0.255 0.255 0.2565 0.2565 0.259 0.259 0.264 0.264 0.264 0.2705 0.2705 0.2535 0.2535 0.2535 0.2535 0.2535 0.2445 0.2445 0.2475 0.2475 0.261 0.261 0.261 0.261 0.261 0.2685 0.2685 0.278
-1 -1 -1 -1 -1 -1 -1 -1 -1 -1 -1 -1 -1 -1 -1 -1 -1 -1 -1 -1 -1 0.1757 0.1757 0.146 0.146 0.298 0.298 0.298 0.2985 0.2985 0.299 0.299 0.284 0.284 0.284 0.265 0.265 0.2655 0.2655 0.25 0.25 0.25 0.2565 0.2565 0.2555 0.2555 0.2765 0.2765 0.2765 0.255 0.255 0.2565 0.2565 0.259 0.259 0.264 0.264 0.264 0.2705 0.2705 0.2535 0.2535 0.2535 0.2535 0.2535 0.2445 0.2445 0.2475 0.2475 0.261 0.261 0.261 0.261 0.261 0.2685 0.2685 0.278
-1 -1 -1 -1 -1 -1 -1 -1 -1 -1 -1 -1 -1 -1 -1 -1 -1 -1 -1 -1 -1 0.1512 0.1512 0.1132 0.1132 0.2255 0.2255 0.2255 0.289 0.289 0.303 0.303 0.2985 0.2985 0.2985 0.2915 0.2915 0.245 0.245 0.213 0.213 0.213 0.2095 0.2095 0.2365 0.2365 0.2515 0.2515 0.2515 0.245 0.245 0.2615 0.2615 0.2665 0.2665 0.273 0.273 0.273 0.276 0.276 0.26 0.26 0.26 0.26 0.26 0.2615 0.2615 0.256 0.256 0.2795 0.2795 0.2795 0.2695 0.2695 0.274 0.274 0.2815
-1 -1 -1 -1 -1 -1 -1 -1 -1 -1 -1 -1 -1 -1 -1 -1 -1 -1 -1 -1 -1 0.1512 0.1512 0.1132 0.1132 0.2255 0.2255 0.2255 0.289 0.289 0.303 0.303 0.2985 0.2985 0.2985 0.2915 0.2915 0.245 0.245 0.213 0.213 0.213 0.2095 0.2095 0.2365 0.2365 0.2515 0.2515 0.2515 0.245 0.245 0.2615 0.2615 0.2665 0.2665 0.273 0.273 0.273 0.276 0.276 0.26 0.26 0.26 0.26 0.26 0.2615 0.2615 0.256 0.256 0.2795 0.2795 0.2795 0.2695 0.2695 0.274 0.274 0.2815
-1 -1 -1 -1 -1 -1 -1 -1 -1 -1 -1 -1 -1 -1 -1 -1 -1 -1 -1 -1 -1 0.1512 0.1512 0.1132 0.1132 0.2255 0.2255 0.2255 0.289 0.289 0.303 0.303 0.2985 0.2985 0.2985 0.2915 0.2915 0.245 0.245 0.213 0.213 0.213 0.2095 0.2095 0.2365 0.2365 0.2515 0.2515 0.2515 0.245 0.245 0.2615 0.2615 0.2665 0.2665 0.273 0.273 0.273 0.276 0.276 0.26 0.26 0.26 0.26 0.26 0.2615 0.2615 0.256 0.256 0.2795 0.2795 0.2795 0.2695 0.2695 0.274 0.274 0.2815
-1 -1 -1 -1 -1 -1 -1 -1 -1 -1 -1 -1 -1 -1 -1 -1 -1 -1 -1 -1 -1 -1 -1 0.2092 0.2092 0.034 0.034 0.034 0.289 0.289 0.308 0.308 0.2975 0.2975 0.2975 0.276 0.276 0.2 0.2 0.109 0.109 0.109 0.1915 0.1915 0.2345 0.2345 0.2435 0.2435 0.2435 0.259 0.259 0.275 0.275 0.284 0.284 0.2795 0.2795 0.2795 0.28 0.28 0.263 0.263 0.263 0.263 0.263 0.267 0.267 0.2895 0.2895 0.2835 0.2835 0.2835 0.2785 0.2785 0.2825 0.2825 0.2885
-1 -1 -1 -1 -1 -1 -1 -1 -1 -1 -1 -1 -1 -1 -1 -1 -1 -1 -1 -1 -1 -1 -1 0.2092 0.2092 0.034 0.034 0.034 0.289 0.289 0.308 0.308 0.2975 0.2975 0.2975 0.276 0.276 0.2 0.2 0.109 0.109 0.109 0.1915 0.1915 0.2345 0.2345 0.2435 0.2435 0.2435 0.259 0.259 0.275 0.275 0.284 0.284 0.2795 0.2795 0.2795 0.28 0.28 0.263 0.263 0.263 0.263 0.263 0.267 0.267 0.2895 0.2895 0.2835 0.2835 0.2835 0.2785 0.2785 0.2825 0.2825 0.2885
-1 -1 -1 -1 -1 -1 -1 -1 -1 -1 -1 -1 -1 -1 -1 -1 -1 -1 -1 -1 -1 -1 -1 -1 -1 0.1084 0.1084 0.1084 0.1785 0.1785 0.293 0.293 0.299 0.299 0.299 0.2255 0.2255 0.1405 0.1405 0.1035 0.1035 0.1035 0.204 0.204 0.194 0.194 0.2205 0.2205 0.2205 0.2525 0.2525 0.273 0.273 0.2755 0.2755 0.2585 0.2585 0.2585 0.277 0.277 0.2695 0.2695 0.2695 0.2695 0.2695 0.2655 0.2655 0.286 0.286 0.273 0.273 0.273 0.2865 0.2865 0.2875 0.2875 0.2905
-1 -1 -1 -1 -1 -1 -1 -1 -1 -1 -1 -1 -1 -1 -1 -1 -1 -1 -1 -1 -1 -1 -1 -1 -1 0.1084 0.1084 0.1084 0.1785 0.1785 0.293 0.293 0.299 0.299 0.299 0.2255 0.2255 0.1405 0.1405 0.1035 0.1035 0.1035 0.204 0.204 0.194 0.194 0.2205 0.2205 0.2205 0.2525 0.2525 0.273 0.273 0.2755 0.2755 0.2585 0.2585 0.2585 0.277 0.277 0.2695 0.2695 0.2695 0.2695 0.2695 0.2655 0.2655 0.286 0.286 0.273 0.273 0.273 0.2865 0.2865 0.2875 0.2875 0.2905
-1 -1 -1 -1 -1 -1 -1 -1 -1 -1 -1 -1 -1 -1 -1 -1 -1 -1 -1 -1 -1 -1 -1 -1 -1 0.1192 0.1192 0.1192 0.1455 0.1455 0.188 0.188 0.218 0.218 0.218 0.276 0.276 0.1675 0.1675 0.2625 0.2625 0.2625 0.303 0.303 0.2975 0.2975 0.3165 0.3165 0.3165 0.1715 0.1715 0.243 0.243 0.2505 0.2505 0.2645 0.2645 0.2645 0.27 0.27 0.2705 0.2705 0.2705 0.2705 0.2705 0.265 0.265 0.253 0.253 0.2665 0.2665 0.2665 0.2715 0.2715 0.269 0.269 0.2625
-1 -1 -1 -1 -1 -1 -1 -1 -1 -1 -1 -1 -1 -1 -1 -1 -1 -1 -1 -1 -1 -1 -1 -1 -1 0.1192 0.1192 0.1192 0.1455 0.1455 0.188 0.188 0.218 0.218 0.218 0.276 0.276 0.1675 0.1675 0.2625 0.2625 0.2625 0.303 0.303 0.2975 0.2975 0.3165 0.3165 0.3165 0.1715 0.1715 0.243 0.243 0.2505 0.2505 0.2645 0.2645 0.2645 0.27 0.27 0.2705 0.2705 0.2705 0.2705 0.2705 0.265 0.265 0.253 0.253 0.2665 0.2665 0.2665 0.2715 0.2715 0.269 0.269 0.2625
-1 -1 -1 -1 -1 -1 -1 -1 -1 -1 -1 -1 -1 -1 -1 -1 -1 -1 -1 -1 -1 -1 -1 -1 -1 0.1192 0.1192 0.1192 0.1455 0.1455 0.188 0.188 0.218 0.218 0.218 0.276 0.276 0.1675 0.1675 0.2625 0.2625 0.2625 0.303 0.303 0.2975 0.2975 0.3165 0.3165 0.3165 0.1715 0.1715 0.243 0.243 0.2505 0.2505 0.2645 0.2645 0.2645 0.27 0.27 0.2705 0.2705 0.2705 0.2705 0.2705 0.265 0.265 0.253 0.253 0.2665 0.2665 0.2665 0.2715 0.2715 0.269 0.269 0.2625
