ndvi/NOAA-171.asc
ncols         252
nrows         154
xllcorner     -18.017974
yllcorner     13.481982
cellsize      0.035948
NODATA_value  -9999
[rows 34 to 67 of 154, columns 77 to 153 of 252]
0.1555 0.1555 0.1495 0.1495 0.15 0.15 0.1475 0.1475 0.1475 0.1395 0.1395 0.1485 0.1485 0.152 0.152 0.154 0.154 0.154 0.156 0.156 0.16 0.16 0.1635 0.1635 0.1635 0.1595 0.1595 0.16 0.16 0.1605 0.1605 0.1605 0.1595 0.1595 0.159 0.159 0.155 0.155 0.155 0.1585 0.1585 0.1525 0.1525 0.164 0.164 0.164 0.1635 0.1635 0.16 0.16 0.1595 0.1595 0.1575 0.1575 0.1575 0.156 0.156 0.163 0.163 0.1735 0.1735 0.1735 0.1705 0.1705 0.1765 0.1765 0.1785 0.1785 0.1785 0.168 0.168 0.14 0.14 0.1255 0.1255 0.1255 0.144
0.1555 0.1555 0.1495 0.1495 0.15 0.15 0.1475 0.1475 0.1475 0.1395 0.1395 0.1485 0.1485 0.152 0.152 0.154 0.154 0.154 0.156 0.156 0.16 0.16 0.1635 0.1635 0.1635 0.1595 0.1595 0.16 0.16 0.1605 0.1605 0.1605 0.1595 0.1595 0.159 0.159 0.155 0.155 0.155 0.1585 0.1585 0.1525 0.1525 0.164 0.164 0.164 0.1635 0.1635 0.16 0.16 0.1595 0.1595 0.1575 0.1575 0.1575 0.156 0.156 0.163 0.163 0.1735 0.1735 0.1735 0.1705 0.1705 0.1765 0.1765 0.1785 0.1785 0.1785 0.168 0.168 0.14 0.14 0.1255 0.1255 0.1255 0.144
0.1555 0.1555 0.1495 0.1495 0.15 0.15 0.1475 0.1475 0.1475 0.1395 0.1395 0.1485 0.1485 0.152 0.152 0.154 0.154 0.154 0.156 0.156 0.16 0.16 0.1635 0.1635 0.1635 0.1595 0.1595 0.16 0.16 0.1605 0.1605 0.1605 0.1595 0.1595 0.159 0.159 0.155 0.155 0.155 0.1585 0.1585 0.1525 0.1525 0.164 0.164 0.164 0.1635 0.1635 0.16 0.16 0.1595 0.1595 0.1575 0.1575 0.1575 0.156 0.156 0.163 0.163 0.1735 0.1735 0.1735 0.1705 0.1705 0.1765 0.1765 0.1785 0.1785 0.1785 0.168 0.168 0.14 0.14 0.1255 0.1255 0.1255 0.144
0.165 0.165 0.166 0.166 0.162 0.162 0.1605 0.1605 0.1605 0.1595 0.1595 0.1635 0.1635 0.1675 0.1675 0.1595 0.1595 0.1595 0.164 0.164 0.166 0.166 0.163 0.163 0.163 0.174 0.174 0.17 0.17 0.174 0.174 0.174 0.1705 0.1705 0.176 0.176 0.162 0.162 0.162 0.1665 0.1665 0.1675 0.1675 0.167 0.167 0.167 0.172 0.172 0.171 0.171 0.1645 0.1645 0.1695 0.1695 0.1695 0.178 0.178 0.209 0.209 0.1965 0.1965 0.1965 0.1865 0.1865 0.181 0.181 0.174 0.174 0.174 0.168 0.168 0.157 0.157 0.1565 0.1565 0.1565 0.138
0.165 0.165 0.166 0.166 0.162 0.162 0.1605 0.1605 0.1605 0.1595 0.1595 0.1635 0.1635 0.1675 0.1675 0.1595 0.1595 0.1595 0.164 0.164 0.166 0.166 0.163 0.163 0.163 0.174 0.174 0.17 0.17 0.174 0.174 0.174 0.1705 0.1705 0.176 0.176 0.162 0.162 0.162 0.1665 0.1665 0.1675 0.1675 0.167 0.167 0.167 0.172 0.172 0.171 0.171 0.1645 0.1645 0.1695 0.1695 0.1695 0.178 0.178 0.209 0.209 0.1965 0.1965 0.1965 0.1865 0.1865 0.181 0.181 0.174 0.174 0.174 0.168 0.168 0.157 0.157 0.1565 0.1565 0.1565 0.138
0.165 0.165 0.1585 0.1585 0.158 0.158 0.1585 0.1585 0.1585 0.164 0.164 0.1645 0.1645 0.172 0.172 0.1665 0.1665 0.1665 0.1635 0.1635 0.171 0.171 0.1695 0.1695 0.1695 0.175 0.175 0.1765 0.1765 0.182 0.182 0.182 0.1835 0.1835 0.1755 0.1755 0.1765 0.1765 0.1765 0.1715 0.1715 0.177 0.177 0.191 0.191 0.191 0.186 0.186 0.1945 0.1945 0.194 0.194 0.237 0.237 0.237 0.1935 0.1935 0.1955 0.1955 0.19 0.19 0.19 0.1835 0.1835 0.1885 0.1885 0.171 0.171 0.171 0.173 0.173 0.1305 0.1305 0.127 0.127 0.127 0.1505
0.165 0.165 0.1585 0.1585 0.158 0.158 0.1585 0.1585 0.1585 0.164 0.164 0.1645 0.1645 0.172 0.172 0.1665 0.1665 0.1665 0.1635 0.1635 0.171 0.171 0.1695 0.1695 0.1695 0.175 0.175 0.1765 0.1765 0.182 0.182 0.182 0.1835 0.1835 0.1755 0.1755 0.1765 0.1765 0.1765 0.1715 0.1715 0.177 0.177 0.191 0.191 0.191 0.186 0.186 0.1945 0.1945 0.194 0.194 0.237 0.237 0.237 0.1935 0.1935 0.1955 0.1955 0.19 0.19 0.19 0.1835 0.1835 0.1885 0.1885 0.171 0.171 0.171 0.173 0.173 0.1305 0.1305 0.127 0.127 0.127 0.1505
0.175 0.175 0.1715 0.1715 0.1705 0.1705 0.168 0.168 0.168 0.163 0.163 0.165 0.165 0.179 0.179 0.177 0.177 0.177 0.1585 0.1585 0.155 0.155 0.1755 0.1755 0.1755 0.188 0.188 0.1885 0.1885 0.181 0.181 0.181 0.179 0.179 0.1745 0.1745 0.1845 0.1845 0.1845 0.1865 0.1865 0.1935 0.1935 0.1995 0.1995 0.1995 0.1945 0.1945 0.1915 0.1915 0.197 0.197 0.2095 0.2095 0.2095 0.1965 0.1965 0.187 0.187 0.185 0.185 0.185 0.163 0.163 0.1705 0.1705 0.1485 0.1485 0.1485 0.1665 0.1665 0.151 0.151 0.1355 0.1355 0.1355 0.145
0.175 0.175 0.1715 0.1715 0.1705 0.1705 0.168 0.168 0.168 0.163 0.163 0.165 0.165 0.179 0.179 0.177 0.177 0.177 0.1585 0.1585 0.155 0.155 0.1755 0.1755 0.1755 0.188 0.188 0.1885 0.1885 0.181 0.181 0.181 0.179 0.179 0.1745 0.1745 0.1845 0.1845 0.1845 0.1865 0.1865 0.1935 0.1935 0.1995 0.1995 0.1995 0.1945 0.1945 0.1915 0.1915 0.197 0.197 0.2095 0.2095 0.2095 0.1965 0.1965 0.187 0.187 0.185 0.185 0.185 0.163 0.163 0.1705 0.1705 0.1485 0.1485 0.1485 0.1665 0.1665 0.151 0.151 0.1355 0.1355 0.1355 0.145
0.175 0.175 0.1715 0.1715 0.1705 0.1705 0.168 0.168 0.168 0.163 0.163 0.165 0.165 0.179 0.179 0.177 0.177 0.177 0.1585 0.1585 0.155 0.155 0.1755 0.1755 0.1755 0.188 0.188 0.1885 0.1885 0.181 0.181 0.181 0.179 0.179 0.1745 0.1745 0.1845 0.1845 0.1845 0.1865 0.1865 0.1935 0.1935 0.1995 0.1995 0.1995 0.1945 0.1945 0.1915 0.1915 0.197 0.197 0.2095 0.2095 0.2095 0.1965 0.1965 0.187 0.187 0.185 0.185 0.185 0.163 0.163 0.1705 0.1705 0.1485 0.1485 0.1485 0.1665 0.1665 0.151 0.151 0.1355 0.1355 0.1355 0.145
0.182 0.182 0.18 0.18 0.1715 0.1715 0.167 0.167 0.167 0.163 0.163 0.156 0.156 0.17 0.17 0.1775 0.1775 0.1775 0.177 0.177 0.159 0.159 0.163 0.163 0.163 0.173 0.173 0.186 0.186 0.184 0.184 0.184 0.2055 0.2055 0.2145 0.2145 0.204 0.204 0.204 0.1965 0.1965 0.1975 0.1975 0.2035 0.2035 0.2035 0.169 0.169 0.181 0.181 0.174 0.174 0.2025 0.2025 0.2025 0.1935 0.1935 0.2105 0.2105 0.18 0.18 0.18 0.1675 0.1675 0.143 0.143 0.1465 0.1465 0.1465 0.148 0.148 0.143 0.143 0.1385 0.1385 0.1385 0.1255
0.182 0.182 0.18 0.18 0.1715 0.1715 0.167 0.167 0.167 0.163 0.163 0.156 0.156 0.17 0.17 0.1775 0.1775 0.1775 0.177 0.177 0.159 0.159 0.163 0.163 0.163 0.173 0.173 0.186 0.186 0.184 0.184 0.184 0.2055 0.2055 0.2145 0.2145 0.204 0.204 0.204 0.1965 0.1965 0.1975 0.1975 0.2035 0.2035 0.2035 0.169 0.169 0.181 0.181 0.174 0.174 0.2025 0.2025 0.2025 0.1935 0.1935 0.2105 0.2105 0.18 0.18 0.18 0.1675 0.1675 0.143 0.143 0.1465 0.1465 0.1465 0.148 0.148 0.143 0.143 0.1385 0.1385 0.1385 0.1255
0.1885 0.1885 0.1825 0.1825 0.1735 0.1735 0.174 0.174 0.174 0.1665 0.1665 0.1565 0.1565 0.157 0.157 0.1725 0.1725 0.1725 0.1795 0.1795 0.174 0.174 0.176 0.176 0.176 0.1735 0.1735 0.1945 0.1945 0.202 0.202 0.202 0.226 0.226 0.2255 0.2255 0.1915 0.1915 0.1915 0.165 0.165 0.182 0.182 0.1885 0.1885 0.1885 0.1855 0.1855 0.2165 0.2165 0.199 0.199 0.2005 0.2005 0.2005 0.177 0.177 0.175 0.175 0.1745 0.1745 0.1745 0.1705 0.1705 0.169 0.169 0.163 0.163 0.163 0.163 0.163 0.1605 0.1605 0.1545 0.1545 0.1545 0.1515
0.1885 0.1885 0.1825 0.1825 0.1735 0.1735 0.174 0.174 0.174 0.1665 0.1665 0.1565 0.1565 0.157 0.157 0.1725 0.1725 0.1725 0.1795 0.1795 0.174 0.174 0.176 0.176 0.176 0.1735 0.1735 0.1945 0.1945 0.202 0.202 0.202 0.226 0.226 0.2255 0.2255 0.1915 0.1915 0.1915 0.165 0.165 0.182 0.182 0.1885 0.1885 0.1885 0.1855 0.1855 0.2165 0.2165 0.199 0.199 0.2005 0.2005 0.2005 0.177 0.177 0.175 0.175 0.1745 0.1745 0.1745 0.1705 0.1705 0.169 0.169 0.163 0.163 0.163 0.163 0.163 0.1605 0.1605 0.1545 0.1545 0.1545 0.1515
0.2055 0.2055 0.181 0.181 0.188 0.188 0.1725 0.1725 0.1725 0.167 0.167 0.1655 0.1655 0.177 0.177 0.1905 0.1905 0.1905 0.1925 0.1925 0.213 0.213 0.2055 0.2055 0.2055 0.204 0.204 0.22 0.22 0.2045 0.2045 0.2045 0.259 0.259 0.2465 0.2465 0.1925 0.1925 0.1925 0.162 0.162 0.155 0.155 0.184 0.184 0.184 0.1925 0.1925 0.1915 0.1915 0.182 0.182 0.1865 0.1865 0.1865 0.182 0.182 0.18 0.18 0.1805 0.1805 0.1805 0.187 0.187 0.17 0.17 0.178 0.178 0.178 0.1735 0.1735 0.1975 0.1975 0.167 0.167 0.167 0.132
0.2055 0.2055 0.181 0.181 0.188 0.188 0.1725 0.1725 0.1725 0.167 0.167 0.1655 0.1655 0.177 0.177 0.1905 0.1905 0.1905 0.1925 0.1925 0.213 0.213 0.2055 0.2055 0.2055 0.204 0.204 0.22 0.22 0.2045 0.2045 0.2045 0.259 0.259 0.2465 0.2465 0.1925 0.1925 0.1925 0.162 0.162 0.155 0.155 0.184 0.184 0.184 0.1925 0.1925 0.1915 0.1915 0.182 0.182 0.1865 0.1865 0.1865 0.182 0.182 0.18 0.18 0.1805 0.1805 0.1805 0.187 0.187 0.17 0.17 0.178 0.178 0.178 0.1735 0.1735 0.1975 0.1975 0.167 0.167 0.167 0.132
0.2055 0.2055 0.181 0.181 0.188 0.188 0.1725 0.1725 0.1725 0.167 0.167 0.1655 0.1655 0.177 0.177 0.1905 0.1905 0.1905 0.1925 0.1925 0.213 0.213 0.2055 0.2055 0.2055 0.204 0.204 0.22 0.22 0.2045 0.2045 0.2045 0.259 0.259 0.2465 0.2465 0.1925 0.1925 0.1925 0.162 0.162 0.155 0.155 0.184 0.184 0.184 0.1925 0.1925 0.1915 0.1915 0.182 0.182 0.1865 0.1865 0.1865 0.182 0.182 0.18 0.18 0.1805 0.1805 0.1805 0.187 0.187 0.17 0.17 0.178 0.178 0.178 0.1735 0.1735 0.1975 0.1975 0.167 0.167 0.167 0.132
0.2035 0.2035 0.194 0.194 0.195 0.195 0.1955 0.1955 0.1955 0.2135 0.2135 0.2085 0.2085 0.214 0.214 0.2025 0.2025 0.2025 0.203 0.203 0.213 0.213 0.2205 0.2205 0.2205 0.214 0.214 0.206 0.206 0.1955 0.1955 0.1955 0.209 0.209 0.2365 0.2365 0.2275 0.2275 0.2275 0.1665 0.1665 0.152 0.152 0.1485 0.1485 0.1485 0.171 0.171 0.1555 0.1555 0.186 0.186 0.19 0.19 0.19 0.1945 0.1945 0.18 0.18 0.2005 0.2005 0.2005 0.2085 0.2085 0.211 0.211 0.2 0.2 0.2 0.205 0.205 0.202 0.202 0.1765 0.1765 0.1765 0.1355
0.2035 0.2035 0.194 0.194 0.195 0.195 0.1955 0.1955 0.1955 0.2135 0.2135 0.2085 0.2085 0.214 0.214 0.2025 0.2025 0.2025 0.203 0.203 0.213 0.213 0.2205 0.2205 0.2205 0.214 0.214 0.206 0.206 0.1955 0.1955 0.1955 0.209 0.209 0.2365 0.2365 0.2275 0.2275 0.2275 0.1665 0.1665 0.152 0.152 0.1485 0.1485 0.1485 0.171 0.171 0.1555 0.1555 0.186 0.186 0.19 0.19 0.19 0.1945 0.1945 0.18 0.18 0.2005 0.2005 0.2005 0.2085 0.2085 0.211 0.211 0.2 0.2 0.2 0.205 0.205 0.202 0.202 0.1765 0.1765 0.1765 0.1355
0.2 0.2 0.2055 0.2055 0.2005 0.2005 0.1955 0.1955 0.1955 0.212 0.212 0.2195 0.2195 0.215 0.215 0.2165 0.2165 0.2165 0.218 0.218 0.221 0.221 0.2075 0.2075 0.2075 0.2005 0.2005 0.195 0.195 0.213 0.213 0.213 0.202 0.202 0.2105 0.2105 0.192 0.192 0.192 0.183 0.183 0.1705 0.1705 0.1555 0.1555 0.1555 0.1505 0.1505 0.1725 0.1725 0.211 0.211 0.2055 0.2055 0.2055 0.2065 0.2065 0.2255 0.2255 0.233 0.233 0.233 0.2235 0.2235 0.2155 0.2155 0.1985 0.1985 0.1985 0.191 0.191 0.188 0.188 0.1755 0.1755 0.1755 0.1315
0.2 0.2 0.2055 0.2055 0.2005 0.2005 0.1955 0.1955 0.1955 0.212 0.212 0.2195 0.2195 0.215 0.215 0.2165 0.2165 0.2165 0.218 0.218 0.221 0.221 0.2075 0.2075 0.2075 0.2005 0.2005 0.195 0.195 0.213 0.213 0.213 0.202 0.202 0.2105 0.2105 0.192 0.192 0.192 0.183 0.183 0.1705 0.1705 0.1555 0.1555 0.1555 0.1505 0.1505 0.1725 0.1725 0.211 0.211 0.2055 0.2055 0.2055 0.2065 0.2065 0.2255 0.2255 0.233 0.233 0.233 0.2235 0.2235 0.2155 0.2155 0.1985 0.1985 0.1985 0.191 0.191 0.188 0.188 0.1755 0.1755 0.1755 0.1315
0.2335 0.2335 0.23 0.23 0.2235 0.2235 0.217 0.217 0.217 0.223 0.223 0.2195 0.2195 0.2145 0.2145 0.221 0.221 0.221 0.22 0.22 0.2015 0.2015 0.202 0.202 0.202 0.198 0.198 0.2115 0.2115 0.1905 0.1905 0.1905 0.1725 0.1725 0.1805 0.1805 0.183 0.183 0.183 0.1995 0.1995 0.139 0.139 0.1455 0.1455 0.1455 0.1495 0.1495 0.1715 0.1715 0.191 0.191 0.212 0.212 0.212 0.2265 0.2265 0.2335 0.2335 0.231 0.231 0.231 0.237 0.237 0.2255 0.2255 0.2025 0.2025 0.2025 0.1885 0.1885 0.185 0.185 0.182 0.182 0.182 0.124
0.2335 0.2335 0.23 0.23 0.2235 0.2235 0.217 0.217 0.217 0.223 0.223 0.2195 0.2195 0.2145 0.2145 0.221 0.221 0.221 0.22 0.22 0.2015 0.2015 0.202 0.202 0.202 0.198 0.198 0.2115 0.2115 0.1905 0.1905 0.1905 0.1725 0.1725 0.1805 0.1805 0.183 0.183 0.183 0.1995 0.1995 0.139 0.139 0.1455 0.1455 0.1455 0.1495 0.1495 0.1715 0.1715 0.191 0.191 0.212 0.212 0.212 0.2265 0.2265 0.2335 0.2335 0.231 0.231 0.231 0.237 0.237 0.2255 0.2255 0.2025 0.2025 0.2025 0.1885 0.1885 0.185 0.185 0.182 0.182 0.182 0.124
0.228 0.228 0.2195 0.2195 0.2275 0.2275 0.2195 0.2195 0.2195 0.2245 0.2245 0.2145 0.2145 0.2175 0.2175 0.2265 0.2265 0.2265 0.2145 0.2145 0.2105 0.2105 0.1975 0.1975 0.1975 0.1995 0.1995 0.2045 0.2045 0.2215 0.2215 0.2215 0.21 0.21 0.197 0.197 0.1805 0.1805 0.1805 0.177 0.177 0.168 0.168 0.2025 0.2025 0.2025 0.196 0.196 0.1405 0.1405 0.1595 0.1595 0.1895 0.1895 0.1895 0.214 0.214 0.2065 0.2065 0.2355 0.2355 0.2355 0.2325 0.2325 0.224 0.224 0.221 0.221 0.221 0.198 0.198 0.1635 0.1635 0.1645 0.1645 0.1645 0.1295
0.228 0.228 0.2195 0.2195 0.2275 0.2275 0.2195 0.2195 0.2195 0.2245 0.2245 0.2145 0.2145 0.2175 0.2175 0.2265 0.2265 0.2265 0.2145 0.2145 0.2105 0.2105 0.1975 0.1975 0.1975 0.1995 0.1995 0.2045 0.2045 0.2215 0.2215 0.2215 0.21 0.21 0.197 0.197 0.1805 0.1805 0.1805 0.177 0.177 0.168 0.168 0.2025 0.2025 0.2025 0.196 0.196 0.1405 0.1405 0.1595 0.1595 0.1895 0.1895 0.1895 0.214 0.214 0.2065 0.2065 0.2355 0.2355 0.2355 0.2325 0.2325 0.224 0.224 0.221 0.221 0.221 0.198 0.198 0.1635 0.1635 0.1645 0.1645 0.1645 0.1295
0.228 0.228 0.2195 0.2195 0.2275 0.2275 0.2195 0.2195 0.2195 0.2245 0.2245 0.2145 0.2145 0.2175 0.2175 0.2265 0.2265 0.2265 0.2145 0.2145 0.2105 0.2105 0.1975 0.1975 0.1975 0.1995 0.1995 0.2045 0.2045 0.2215 0.2215 0.2215 0.21 0.21 0.197 0.197 0.1805 0.1805 0.1805 0.177 0.177 0.168 0.168 0.2025 0.2025 0.2025 0.196 0.196 0.1405 0.1405 0.1595 0.1595 0.1895 0.1895 0.1895 0.214 0.214 0.2065 0.2065 0.2355 0.2355 0.2355 0.2325 0.2325 0.224 0.224 0.221 0.221 0.221 0.198 0.198 0.1635 0.1635 0.1645 0.1645 0.1645 0.1295
0.2205 0.2205 0.2085 0.2085 0.2235 0.2235 0.222 0.222 0.222 0.2235 0.2235 0.202 0.202 0.2065 0.2065 0.209 0.209 0.209 0.1705 0.1705 0.204 0.204 0.2125 0.2125 0.2125 0.2 0.2 0.215 0.215 0.211 0.211 0.211 0.226 0.226 0.2265 0.2265 0.204 0.204 0.204 0.17 0.17 0.1745 0.1745 0.186 0.186 0.186 0.174 0.174 0.128 0.128 0.129 0.129 0.1455 0.1455 0.1455 0.143 0.143 0.19 0.19 0.2185 0.2185 0.2185 0.2225 0.2225 0.229 0.229 0.227 0.227 0.227 0.2175 0.2175 0.205 0.205 0.1755 0.1755 0.1755 0.175
0.2205 0.2205 0.2085 0.2085 0.2235 0.2235 0.222 0.222 0.222 0.2235 0.2235 0.202 0.202 0.2065 0.2065 0.209 0.209 0.209 0.1705 0.1705 0.204 0.204 0.2125 0.2125 0.2125 0.2 0.2 0.215 0.215 0.211 0.211 0.211 0.226 0.226 0.2265 0.2265 0.204 0.204 0.204 0.17 0.17 0.1745 0.1745 0.186 0.186 0.186 0.174 0.174 0.128 0.128 0.129 0.129 0.1455 0.1455 0.1455 0.143 0.143 0.19 0.19 0.2185 0.2185 0.2185 0.2225 0.2225 0.229 0.229 0.227 0.227 0.227 0.2175 0.2175 0.205 0.205 0.1755 0.1755 0.1755 0.175
0.2445 0.2445 0.271 0.271 0.273 0.273 0.3035 0.3035 0.3035 0.2655 0.2655 0.26 0.26 0.221 0.221 0.203 0.203 0.203 0.1935 0.1935 0.245 0.245 0.248 0.248 0.248 0.2675 0.2675 0.217 0.217 0.212 0.212 0.212 0.216 0.216 0.214 0.214 0.201 0.201 0.201 0.1945 0.1945 0.1735 0.1735 0.169 0.169 0.169 0.1545 0.1545 0.126 0.126 0.1295 0.1295 0.1225 0.1225 0.1225 0.171 0.171 0.1875 0.1875 0.2155 0.2155 0.2155 0.2175 0.2175 0.2205 0.2205 0.2415 0.2415 0.2415 0.2075 0.2075 0.1875 0.1875 0.1755 0.1755 0.1755 0.1285
0.2445 0.2445 0.271 0.271 0.273 0.273 0.3035 0.3035 0.3035 0.2655 0.2655 0.26 0.26 0.221 0.221 0.203 0.203 0.203 0.1935 0.1935 0.245 0.245 0.248 0.248 0.248 0.2675 0.2675 0.217 0.217 0.212 0.212 0.212 0.216 0.216 0.214 0.214 0.201 0.201 0.201 0.1945 0.1945 0.1735 0.1735 0.169 0.169 0.169 0.1545 0.1545 0.126 0.126 0.1295 0.1295 0.1225 0.1225 0.1225 0.171 0.171 0.1875 0.1875 0.2155 0.2155 0.2155 0.2175 0.2175 0.2205 0.2205 0.2415 0.2415 0.2415 0.2075 0.2075 0.1875 0.1875 0.1755 0.1755 0.1755 0.1285
0.2445 0.2445 0.2485 0.2485 0.2375 0.2375 0.2395 0.2395 0.2395 0.2705 0.2705 0.2655 0.2655 0.265 0.265 0.2615 0.2615 0.2615 0.2615 0.2615 0.255 0.255 0.2335 0.2335 0.2335 0.2225 0.2225 0.2245 0.2245 0.2095 0.2095 0.2095 0.2135 0.2135 0.2115 0.2115 0.209 0.209 0.209 0.255 0.255 0.187 0.187 0.1355 0.1355 0.1355 0.14 0.14 0.1325 0.1325 0.1405 0.1405 0.2025 0.2025 0.2025 0.1715 0.1715 0.19 0.19 0.228 0.228 0.228 0.2215 0.2215 0.228 0.228 0.222 0.222 0.222 0.2105 0.2105 0.204 0.204 0.1765 0.1765 0.1765 0.146
0.2445 0.2445 0.2485 0.2485 0.2375 0.2375 0.2395 0.2395 0.2395 0.2705 0.2705 0.2655 0.2655 0.265 0.265 0.2615 0.2615 0.2615 0.2615 0.2615 0.255 0.255 0.2335 0.2335 0.2335 0.2225 0.2225 0.2245 0.2245 0.2095 0.2095 0.2095 0.2135 0.2135 0.2115 0.2115 0.209 0.209 0.209 0.255 0.255 0.187 0.187 0.1355 0.1355 0.1355 0.14 0.14 0.1325 0.1325 0.1405 0.1405 0.2025 0.2025 0.2025 0.1715 0.1715 0.19 0.19 0.228 0.228 0.228 0.2215 0.2215 0.228 0.228 0.222 0.222 0.222 0.2105 0.2105 0.204 0.204 0.1765 0.1765 0.1765 0.146
0.2445 0.2445 0.2485 0.2485 0.2375 0.2375 0.2395 0.2395 0.2395 0.2705 0.2705 0.2655 0.2655 0.265 0.265 0.2615 0.2615 0.2615 0.2615 0.2615 0.255 0.255 0.2335 0.2335 0.2335 0.2225 0.2225 0.2245 0.2245 0.2095 0.2095 0.2095 0.2135 0.2135 0.2115 0.2115 0.209 0.209 0.209 0.255 0.255 0.187 0.187 0.1355 0.1355 0.1355 0.14 0.14 0.1325 0.1325 0.1405 0.1405 0.2025 0.2025 0.2025 0.1715 0.1715 0.19 0.19 0.228 0.228 0.228 0.2215 0.2215 0.228 0.228 0.222 0.222 0.222 0.2105 0.2105 0.204 0.204 0.1765 0.1765 0.1765 0.146
0.214 0.214 0.2215 0.2215 0.219 0.219 0.2255 0.2255 0.2255 0.227 0.227 0.2295 0.2295 0.235 0.235 0.235 0.235 0.235 0.273 0.273 0.267 0.267 0.2555 0.2555 0.2555 0.2565 0.2565 0.23 0.23 0.216 0.216 0.216 0.2195 0.2195 0.2025 0.2025 0.1935 0.1935 0.1935 0.197 0.197 0.194 0.194 0.1825 0.1825 0.1825 0.148 0.148 0.188 0.188 0.1775 0.1775 0.189 0.189 0.189 0.1995 0.1995 0.207 0.207 0.218 0.218 0.218 0.24 0.24 0.2465 0.2465 0.2365 0.2365 0.2365 0.222 0.222 0.2025 0.2025 0.1945 0.1945 0.1945 0.1435
