ndvi/NOAA-272.asc
ncols         252
nrows         154
xllcorner     -18.017974
yllcorner     13.481982
cellsize      0.035948
NODATA_value  -9999
[rows 102 to 135 of 154, columns 0 to 76 of 252]
-1 -1 -1 -1 -1 -1 -1 -1 -1 -1 -1 -1 -1 -1 -1 -1 -1 -1 -1 -1 -1 -1 -1 -1 -1 0.0657 0.0657 0.0657 0.1235 0.1235 0.3125 0.3125 0.2845 0.2845 0.2845 0.2605 0.2605 0.2455 0.2455 0.2501 0.2501 0.2501 0.2585 0.2585 0.2861 0.2861 0.2725 0.2725 0.2725 0.3521 0.3521 0.4036 0.4036 0.4896 0.4896 0.497 0.497 0.497 0.4821 0.4821 0.578 0.578 0.578 0.578 0.578 0.4945 0.4945 0.4356 0.4356 0.463 0.463 0.463 0.4785 0.4785 0.497 0.497 0.3865
-1 -1 -1 -1 -1 -1 -1 -1 -1 -1 -1 -1 -1 -1 -1 -1 -1 -1 -1 -1 -1 -1 -1 0.0147 0.0147 0.1855 0.1855 0.1855 0.3145 0.3145 0.2366 0.2366 0.2562 0.2562 0.2562 0.2522 0.2522 0.2997 0.2997 0.3375 0.3375 0.3375 0.3011 0.3011 0.3075 0.3075 0.3771 0.3771 0.3771 0.4046 0.4046 0.4126 0.4126 0.4306 0.4306 0.4266 0.4266 0.4266 0.4415 0.4415 0.4445 0.4445 0.4445 0.4445 0.4445 0.4421 0.4421 0.4576 0.4576 0.459 0.459 0.459 0.48 0.48 0.4595 0.4595 0.422
-1 -1 -1 -1 -1 -1 -1 -1 -1 -1 -1 -1 -1 -1 -1 -1 -1 -1 -1 -1 -1 -1 -1 0.0147 0.0147 0.1855 0.1855 0.1855 0.3145 0.3145 0.2366 0.2366 0.2562 0.2562 0.2562 0.2522 0.2522 0.2997 0.2997 0.3375 0.3375 0.3375 0.3011 0.3011 0.3075 0.3075 0.3771 0.3771 0.3771 0.4046 0.4046 0.4126 0.4126 0.4306 0.4306 0.4266 0.4266 0.4266 0.4415 0.4415 0.4445 0.4445 0.4445 0.4445 0.4445 0.4421 0.4421 0.4576 0.4576 0.459 0.459 0.459 0.48 0.48 0.4595 0.4595 0.422
-1 -1 -1 -1 -1 -1 -1 -1 -1 -1 -1 -1 -1 -1 -1 -1 -1 -1 -1 -1 -1 -1 -1 0.0147 0.0147 0.1855 0.1855 0.1855 0.3145 0.3145 0.2366 0.2366 0.2562 0.2562 0.2562 0.2522 0.2522 0.2997 0.2997 0.3375 0.3375 0.3375 0.3011 0.3011 0.3075 0.3075 0.3771 0.3771 0.3771 0.4046 0.4046 0.4126 0.4126 0.4306 0.4306 0.4266 0.4266 0.4266 0.4415 0.4415 0.4445 0.4445 0.4445 0.4445 0.4445 0.4421 0.4421 0.4576 0.4576 0.459 0.459 0.459 0.48 0.48 0.4595 0.4595 0.422
-1 -1 -1 -1 -1 -1 -1 -1 -1 -1 -1 -1 -1 -1 -1 -1 -1 -1 -1 -1 -1 0.0532 0.0532 0.1365 0.1365 0.2775 0.2775 0.2775 0.2526 0.2526 0.2175 0.2175 0.2706 0.2706 0.2706 0.2825 0.2825 0.282 0.282 0.2941 0.2941 0.2941 0.2886 0.2886 0.3205 0.3205 0.3431 0.3431 0.3431 0.4101 0.4101 0.408 0.408 0.4211 0.4211 0.4005 0.4005 0.4005 0.41 0.41 0.4296 0.4296 0.4296 0.4296 0.4296 0.4725 0.4725 0.455 0.455 0.4831 0.4831 0.4831 0.4965 0.4965 0.478 0.478 0.4095
-1 -1 -1 -1 -1 -1 -1 -1 -1 -1 -1 -1 -1 -1 -1 -1 -1 -1 -1 -1 -1 0.0532 0.0532 0.1365 0.1365 0.2775 0.2775 0.2775 0.2526 0.2526 0.2175 0.2175 0.2706 0.2706 0.2706 0.2825 0.2825 0.282 0.282 0.2941 0.2941 0.2941 0.2886 0.2886 0.3205 0.3205 0.3431 0.3431 0.3431 0.4101 0.4101 0.408 0.408 0.4211 0.4211 0.4005 0.4005 0.4005 0.41 0.41 0.4296 0.4296 0.4296 0.4296 0.4296 0.4725 0.4725 0.455 0.455 0.4831 0.4831 0.4831 0.4965 0.4965 0.478 0.478 0.4095
-1 -1 -1 -1 -1 -1 -1 -1 -1 -1 -1 -1 -1 -1 -1 -1 -1 -1 -1 -1 -1 0.1345 0.1345 0.35 0.35 0.3246 0.3246 0.3246 0.2511 0.2511 0.249 0.249 0.2781 0.2781 0.2781 0.2885 0.2885 0.287 0.287 0.287 0.287 0.287 0.3426 0.3426 0.319 0.319 0.3755 0.3755 0.3755 0.3961 0.3961 0.4345 0.4345 0.4051 0.4051 0.38 0.38 0.38 0.399 0.399 0.4566 0.4566 0.4566 0.4566 0.4566 0.4301 0.4301 0.4655 0.4655 0.4661 0.4661 0.4661 0.4875 0.4875 0.484 0.484 0.3805
-1 -1 -1 -1 -1 -1 -1 -1 -1 -1 -1 -1 -1 -1 -1 -1 -1 -1 -1 -1 -1 0.1345 0.1345 0.35 0.35 0.3246 0.3246 0.3246 0.2511 0.2511 0.249 0.249 0.2781 0.2781 0.2781 0.2885 0.2885 0.287 0.287 0.287 0.287 0.287 0.3426 0.3426 0.319 0.319 0.3755 0.3755 0.3755 0.3961 0.3961 0.4345 0.4345 0.4051 0.4051 0.38 0.38 0.38 0.399 0.399 0.4566 0.4566 0.4566 0.4566 0.4566 0.4301 0.4301 0.4655 0.4655 0.4661 0.4661 0.4661 0.4875 0.4875 0.484 0.484 0.3805
-1 -1 -1 -1 -1 -1 -1 -1 -1 -1 -1 -1 -1 -1 -1 -1 -1 -1 0.1196 0.1196 0.1196 0.358 0.358 0.3586 0.3586 0.3016 0.3016 0.3016 0.27 0.27 0.263 0.263 0.261 0.261 0.261 0.28 0.28 0.2665 0.2665 0.3561 0.3561 0.3561 0.3685 0.3685 0.3481 0.3481 0.3625 0.3625 0.3625 0.4135 0.4135 0.3941 0.3941 0.3205 0.3205 0.3686 0.3686 0.3686 0.4005 0.4005 0.4256 0.4256 0.4256 0.4256 0.4256 0.3941 0.3941 0.4171 0.4171 0.4571 0.4571 0.4571 0.486 0.486 0.4861 0.4861 0.4671
-1 -1 -1 -1 -1 -1 -1 -1 -1 -1 -1 -1 -1 -1 -1 -1 -1 -1 0.1196 0.1196 0.1196 0.358 0.358 0.3586 0.3586 0.3016 0.3016 0.3016 0.27 0.27 0.263 0.263 0.261 0.261 0.261 0.28 0.28 0.2665 0.2665 0.3561 0.3561 0.3561 0.3685 0.3685 0.3481 0.3481 0.3625 0.3625 0.3625 0.4135 0.4135 0.3941 0.3941 0.3205 0.3205 0.3686 0.3686 0.3686 0.4005 0.4005 0.4256 0.4256 0.4256 0.4256 0.4256 0.3941 0.3941 0.4171 0.4171 0.4571 0.4571 0.4571 0.486 0.486 0.4861 0.4861 0.4671
-1 -1 -1 -1 -1 -1 -1 -1 -1 -1 -1 -1 -1 -1 -1 -1 -1 -1 0.1196 0.1196 0.1196 0.358 0.358 0.3586 0.3586 0.3016 0.3016 0.3016 0.27 0.27 0.263 0.263 0.261 0.261 0.261 0.28 0.28 0.2665 0.2665 0.3561 0.3561 0.3561 0.3685 0.3685 0.3481 0.3481 0.3625 0.3625 0.3625 0.4135 0.4135 0.3941 0.3941 0.3205 0.3205 0.3686 0.3686 0.3686 0.4005 0.4005 0.4256 0.4256 0.4256 0.4256 0.4256 0.3941 0.3941 0.4171 0.4171 0.4571 0.4571 0.4571 0.486 0.486 0.4861 0.4861 0.4671
-1 -1 -1 -1 -1 -1 -1 -1 -1 -1 -1 -1 -1 -1 -1 -1 0.1727 0.1727 0.4366 0.4366 0.4366 0.4141 0.4141 0.3791 0.3791 0.3035 0.3035 0.3035 0.268 0.268 0.2935 0.2935 0.2625 0.2625 0.2625 0.2625 0.2625 0.2935 0.2935 0.3356 0.3356 0.3356 0.3701 0.3701 0.318 0.318 0.3276 0.3276 0.3276 0.3661 0.3661 0.343 0.343 0.382 0.382 0.4125 0.4125 0.4125 0.418 0.418 0.401 0.401 0.401 0.401 0.401 0.387 0.387 0.3915 0.3915 0.461 0.461 0.461 0.5055 0.5055 0.482 0.482 0.509
-1 -1 -1 -1 -1 -1 -1 -1 -1 -1 -1 -1 -1 -1 -1 -1 0.1727 0.1727 0.4366 0.4366 0.4366 0.4141 0.4141 0.3791 0.3791 0.3035 0.3035 0.3035 0.268 0.268 0.2935 0.2935 0.2625 0.2625 0.2625 0.2625 0.2625 0.2935 0.2935 0.3356 0.3356 0.3356 0.3701 0.3701 0.318 0.318 0.3276 0.3276 0.3276 0.3661 0.3661 0.343 0.343 0.382 0.382 0.4125 0.4125 0.4125 0.418 0.418 0.401 0.401 0.401 0.401 0.401 0.387 0.387 0.3915 0.3915 0.461 0.461 0.461 0.5055 0.5055 0.482 0.482 0.509
-1 -1 -1 -1 -1 -1 -1 -1 -1 -1 -1 -1 0.1337 0.1337 0.1642 0.1642 0.16 0.16 0.4616 0.4616 0.4616 0.3895 0.3895 0.3676 0.3676 0.308 0.308 0.308 0.3425 0.3425 0.325 0.325 0.2865 0.2865 0.2865 0.291 0.291 0.2725 0.2725 0.3796 0.3796 0.3796 0.3135 0.3135 0.3465 0.3465 0.326 0.326 0.326 0.3195 0.3195 0.3815 0.3815 0.4065 0.4065 0.4555 0.4555 0.4555 0.438 0.438 0.411 0.411 0.411 0.411 0.411 0.429 0.429 0.4551 0.4551 0.4955 0.4955 0.4955 0.44 0.44 0.4375 0.4375 0.5521
-1 -1 -1 -1 -1 -1 -1 -1 -1 -1 -1 -1 0.1337 0.1337 0.1642 0.1642 0.16 0.16 0.4616 0.4616 0.4616 0.3895 0.3895 0.3676 0.3676 0.308 0.308 0.308 0.3425 0.3425 0.325 0.325 0.2865 0.2865 0.2865 0.291 0.291 0.2725 0.2725 0.3796 0.3796 0.3796 0.3135 0.3135 0.3465 0.3465 0.326 0.326 0.326 0.3195 0.3195 0.3815 0.3815 0.4065 0.4065 0.4555 0.4555 0.4555 0.438 0.438 0.411 0.411 0.411 0.411 0.411 0.429 0.429 0.4551 0.4551 0.4955 0.4955 0.4955 0.44 0.44 0.4375 0.4375 0.5521
-1 -1 -1 -1 -1 -1 -1 -1 -1 0.1062 0.1062 0.1062 0.1212 0.1212 0.1337 0.1337 0.1182 0.1182 0.0977 0.0977 0.0977 0.3186 0.3186 0.3621 0.3621 0.3145 0.3145 0.3145 0.262 0.262 0.2315 0.2315 0.3206 0.3206 0.3206 0.287 0.287 0.2605 0.2605 0.314 0.314 0.314 0.326 0.326 0.322 0.322 0.3876 0.3876 0.3876 0.3215 0.3215 0.443 0.443 0.41 0.41 0.349 0.349 0.349 0.3795 0.3795 0.4455 0.4455 0.4455 0.4455 0.4455 0.4745 0.4745 0.4585 0.4585 0.482 0.482 0.482 0.5365 0.5365 0.486 0.486 0.4676
-1 -1 -1 -1 -1 -1 -1 -1 -1 0.1062 0.1062 0.1062 0.1212 0.1212 0.1337 0.1337 0.1182 0.1182 0.0977 0.0977 0.0977 0.3186 0.3186 0.3621 0.3621 0.3145 0.3145 0.3145 0.262 0.262 0.2315 0.2315 0.3206 0.3206 0.3206 0.287 0.287 0.2605 0.2605 0.314 0.314 0.314 0.326 0.326 0.322 0.322 0.3876 0.3876 0.3876 0.3215 0.3215 0.443 0.443 0.41 0.41 0.349 0.349 0.349 0.3795 0.3795 0.4455 0.4455 0.4455 0.4455 0.4455 0.4745 0.4745 0.4585 0.4585 0.482 0.482 0.482 0.5365 0.5365 0.486 0.486 0.4676
-1 -1 -1 -1 -1 -1 -1 -1 -1 0.1062 0.1062 0.1062 0.1212 0.1212 0.1337 0.1337 0.1182 0.1182 0.0977 0.0977 0.0977 0.3186 0.3186 0.3621 0.3621 0.3145 0.3145 0.3145 0.262 0.262 0.2315 0.2315 0.3206 0.3206 0.3206 0.287 0.287 0.2605 0.2605 0.314 0.314 0.314 0.326 0.326 0.322 0.322 0.3876 0.3876 0.3876 0.3215 0.3215 0.443 0.443 0.41 0.41 0.349 0.349 0.349 0.3795 0.3795 0.4455 0.4455 0.4455 0.4455 0.4455 0.4745 0.4745 0.4585 0.4585 0.482 0.482 0.482 0.5365 0.5365 0.486 0.486 0.4676
-1 -1 -1 -1 -1 -1 -1 -1 -1 -1 -1 -1 0.1022 0.1022 0.0782 0.0782 0.1042 0.1042 0.0617 0.0617 0.0617 0.1585 0.1585 0.3155 0.3155 0.3621 0.3621 0.3621 0.3155 0.3155 0.2315 0.2315 0.303 0.303 0.303 0.2821 0.2821 0.2565 0.2565 0.2865 0.2865 0.2865 0.3245 0.3245 0.3225 0.3225 0.3795 0.3795 0.3795 0.411 0.411 0.3985 0.3985 0.37 0.37 0.361 0.361 0.361 0.412 0.412 0.4341 0.4341 0.4341 0.4341 0.4341 0.4295 0.4295 0.472 0.472 0.5085 0.5085 0.5085 0.4865 0.4865 0.5185 0.5185 0.4985
-1 -1 -1 -1 -1 -1 -1 -1 -1 -1 -1 -1 0.1022 0.1022 0.0782 0.0782 0.1042 0.1042 0.0617 0.0617 0.0617 0.1585 0.1585 0.3155 0.3155 0.3621 0.3621 0.3621 0.3155 0.3155 0.2315 0.2315 0.303 0.303 0.303 0.2821 0.2821 0.2565 0.2565 0.2865 0.2865 0.2865 0.3245 0.3245 0.3225 0.3225 0.3795 0.3795 0.3795 0.411 0.411 0.3985 0.3985 0.37 0.37 0.361 0.361 0.361 0.412 0.412 0.4341 0.4341 0.4341 0.4341 0.4341 0.4295 0.4295 0.472 0.472 0.5085 0.5085 0.5085 0.4865 0.4865 0.5185 0.5185 0.4985
-1 -1 -1 -1 -1 -1 -1 -1 -1 -1 -1 -1 -1 -1 -1 -1 -1 -1 0.0737 0.0737 0.0737 0.2207 0.2207 0.2605 0.2605 0.306 0.306 0.306 0.3135 0.3135 0.2991 0.2991 0.2655 0.2655 0.2655 0.2705 0.2705 0.316 0.316 0.294 0.294 0.294 0.3695 0.3695 0.399 0.399 0.405 0.405 0.405 0.457 0.457 0.4975 0.4975 0.397 0.397 0.416 0.416 0.416 0.453 0.453 0.4205 0.4205 0.4205 0.4205 0.4205 0.4435 0.4435 0.4675 0.4675 0.5195 0.5195 0.5195 0.529 0.529 0.518 0.518 0.5165
-1 -1 -1 -1 -1 -1 -1 -1 -1 -1 -1 -1 -1 -1 -1 -1 -1 -1 0.0737 0.0737 0.0737 0.2207 0.2207 0.2605 0.2605 0.306 0.306 0.306 0.3135 0.3135 0.2991 0.2991 0.2655 0.2655 0.2655 0.2705 0.2705 0.316 0.316 0.294 0.294 0.294 0.3695 0.3695 0.399 0.399 0.405 0.405 0.405 0.457 0.457 0.4975 0.4975 0.397 0.397 0.416 0.416 0.416 0.453 0.453 0.4205 0.4205 0.4205 0.4205 0.4205 0.4435 0.4435 0.4675 0.4675 0.5195 0.5195 0.5195 0.529 0.529 0.518 0.518 0.5165
-1 -1 -1 -1 -1 -1 -1 -1 -1 -1 -1 -1 -1 -1 -1 -1 -1 -1 -1 -1 -1 0.1352 0.1352 0.1285 0.1285 0.2645 0.2645 0.2645 0.2925 0.2925 0.3381 0.3381 0.298 0.298 0.298 0.245 0.245 0.2525 0.2525 0.271 0.271 0.271 0.3935 0.3935 0.4005 0.4005 0.444 0.444 0.444 0.4755 0.4755 0.415 0.415 0.43 0.43 0.4435 0.4435 0.4435 0.4465 0.4465 0.429 0.429 0.429 0.429 0.429 0.428 0.428 0.4695 0.4695 0.54 0.54 0.54 0.587 0.587 0.5965 0.5965 0.5315
-1 -1 -1 -1 -1 -1 -1 -1 -1 -1 -1 -1 -1 -1 -1 -1 -1 -1 -1 -1 -1 0.1352 0.1352 0.1285 0.1285 0.2645 0.2645 0.2645 0.2925 0.2925 0.3381 0.3381 0.298 0.298 0.298 0.245 0.245 0.2525 0.2525 0.271 0.271 0.271 0.3935 0.3935 0.4005 0.4005 0.444 0.444 0.444 0.4755 0.4755 0.415 0.415 0.43 0.43 0.4435 0.4435 0.4435 0.4465 0.4465 0.429 0.429 0.429 0.429 0.429 0.428 0.428 0.4695 0.4695 0.54 0.54 0.54 0.587 0.587 0.5965 0.5965 0.5315
-1 -1 -1 -1 -1 -1 -1 -1 -1 -1 -1 -1 -1 -1 -1 -1 -1 -1 -1 -1 -1 0.0927 0.0927 0.2082 0.2082 0.2476 0.2476 0.2476 0.4335 0.4335 0.4991 0.4991 0.384 0.384 0.384 0.2825 0.2825 0.3205 0.3205 0.3245 0.3245 0.3245 0.3395 0.3395 0.3975 0.3975 0.4365 0.4365 0.4365 0.398 0.398 0.4205 0.4205 0.4695 0.4695 0.4815 0.4815 0.4815 0.4555 0.4555 0.4735 0.4735 0.4735 0.4735 0.4735 0.4395 0.4395 0.4695 0.4695 0.4795 0.4795 0.4795 0.5265 0.5265 0.542 0.542 0.471
-1 -1 -1 -1 -1 -1 -1 -1 -1 -1 -1 -1 -1 -1 -1 -1 -1 -1 -1 -1 -1 0.0927 0.0927 0.2082 0.2082 0.2476 0.2476 0.2476 0.4335 0.4335 0.4991 0.4991 0.384 0.384 0.384 0.2825 0.2825 0.3205 0.3205 0.3245 0.3245 0.3245 0.3395 0.3395 0.3975 0.3975 0.4365 0.4365 0.4365 0.398 0.398 0.4205 0.4205 0.4695 0.4695 0.4815 0.4815 0.4815 0.4555 0.4555 0.4735 0.4735 0.4735 0.4735 0.4735 0.4395 0.4395 0.4695 0.4695 0.4795 0.4795 0.4795 0.5265 0.5265 0.542 0.542 0.471
-1 -1 -1 -1 -1 -1 -1 -1 -1 -1 -1 -1 -1 -1 -1 -1 -1 -1 -1 -1 -1 0.0927 0.0927 0.2082 0.2082 0.2476 0.2476 0.2476 0.4335 0.4335 0.4991 0.4991 0.384 0.384 0.384 0.2825 0.2825 0.3205 0.3205 0.3245 0.3245 0.3245 0.3395 0.3395 0.3975 0.3975 0.4365 0.4365 0.4365 0.398 0.398 0.4205 0.4205 0.4695 0.4695 0.4815 0.4815 0.4815 0.4555 0.4555 0.4735 0.4735 0.4735 0.4735 0.4735 0.4395 0.4395 0.4695 0.4695 0.4795 0.4795 0.4795 0.5265 0.5265 0.542 0.542 0.471
-1 -1 -1 -1 -1 -1 -1 -1 -1 -1 -1 -1 -1 -1 -1 -1 -1 -1 -1 -1 -1 -1 -1 0.1062 0.1062 0.1255 0.1255 0.1255 0.3235 0.3235 0.44 0.44 0.3895 0.3895 0.3895 0.226 0.226 0.1828 0.1828 0.1482 0.1482 0.1482 0.2731 0.2731 0.3675 0.3675 0.421 0.421 0.421 0.4305 0.4305 0.529 0.529 0.478 0.478 0.4925 0.4925 0.4925 0.4615 0.4615 0.513 0.513 0.513 0.513 0.513 0.46 0.46 0.523 0.523 0.4935 0.4935 0.4935 0.568 0.568 0.563 0.563 0.487
-1 -1 -1 -1 -1 -1 -1 -1 -1 -1 -1 -1 -1 -1 -1 -1 -1 -1 -1 -1 -1 -1 -1 0.1062 0.1062 0.1255 0.1255 0.1255 0.3235 0.3235 0.44 0.44 0.3895 0.3895 0.3895 0.226 0.226 0.1828 0.1828 0.1482 0.1482 0.1482 0.2731 0.2731 0.3675 0.3675 0.421 0.421 0.421 0.4305 0.4305 0.529 0.529 0.478 0.478 0.4925 0.4925 0.4925 0.4615 0.4615 0.513 0.513 0.513 0.513 0.513 0.46 0.46 0.523 0.523 0.4935 0.4935 0.4935 0.568 0.568 0.563 0.563 0.487
-1 -1 -1 -1 -1 -1 -1 -1 -1 -1 -1 -1 -1 -1 -1 -1 -1 -1 -1 -1 -1 -1 -1 -1 -1 0.1534 0.1534 0.1534 0.1841 0.1841 0.302 0.302 0.2415 0.2415 0.2415 0.1655 0.1655 0.1824 0.1824 0.1618 0.1618 0.1618 0.2626 0.2626 0.3145 0.3145 0.2715 0.2715 0.2715 0.4035 0.4035 0.4705 0.4705 0.505 0.505 0.4925 0.4925 0.4925 0.4595 0.4595 0.49 0.49 0.49 0.49 0.49 0.4625 0.4625 0.4945 0.4945 0.5265 0.5265 0.5265 0.478 0.478 0.535 0.535 0.595
-1 -1 -1 -1 -1 -1 -1 -1 -1 -1 -1 -1 -1 -1 -1 -1 -1 -1 -1 -1 -1 -1 -1 -1 -1 0.1534 0.1534 0.1534 0.1841 0.1841 0.302 0.302 0.2415 0.2415 0.2415 0.1655 0.1655 0.1824 0.1824 0.1618 0.1618 0.1618 0.2626 0.2626 0.3145 0.3145 0.2715 0.2715 0.2715 0.4035 0.4035 0.4705 0.4705 0.505 0.505 0.4925 0.4925 0.4925 0.4595 0.4595 0.49 0.49 0.49 0.49 0.49 0.4625 0.4625 0.4945 0.4945 0.5265 0.5265 0.5265 0.478 0.478 0.535 0.535 0.595
-1 -1 -1 -1 -1 -1 -1 -1 -1 -1 -1 -1 -1 -1 -1 -1 -1 -1 -1 -1 -1 -1 -1 -1 -1 0.0797 0.0797 0.0797 0.1194 0.1194 0.2705 0.2705 0.286 0.286 0.286 0.2706 0.2706 0.1951 0.1951 0.3065 0.3065 0.3065 0.4705 0.4705 0.5105 0.5105 0.5705 0.5705 0.5705 0.419 0.419 0.47 0.47 0.5045 0.5045 0.494 0.494 0.494 0.5025 0.5025 0.4935 0.4935 0.4935 0.4935 0.4935 0.482 0.482 0.459 0.459 0.487 0.487 0.487 0.524 0.524 0.4435 0.4435 0.467
-1 -1 -1 -1 -1 -1 -1 -1 -1 -1 -1 -1 -1 -1 -1 -1 -1 -1 -1 -1 -1 -1 -1 -1 -1 0.0797 0.0797 0.0797 0.1194 0.1194 0.2705 0.2705 0.286 0.286 0.286 0.2706 0.2706 0.1951 0.1951 0.3065 0.3065 0.3065 0.4705 0.4705 0.5105 0.5105 0.5705 0.5705 0.5705 0.419 0.419 0.47 0.47 0.5045 0.5045 0.494 0.494 0.494 0.5025 0.5025 0.4935 0.4935 0.4935 0.4935 0.4935 0.482 0.482 0.459 0.459 0.487 0.487 0.487 0.524 0.524 0.4435 0.4435 0.467
-1 -1 -1 -1 -1 -1 -1 -1 -1 -1 -1 -1 -1 -1 -1 -1 -1 -1 -1 -1 -1 -1 -1 -1 -1 0.0797 0.0797 0.0797 0.1194 0.1194 0.2705 0.2705 0.286 0.286 0.286 0.2706 0.2706 0.1951 0.1951 0.3065 0.3065 0.3065 0.4705 0.4705 0.5105 0.5105 0.5705 0.5705 0.5705 0.419 0.419 0.47 0.47 0.5045 0.5045 0.494 0.494 0.494 0.5025 0.5025 0.4935 0.4935 0.4935 0.4935 0.4935 0.482 0.482 0.459 0.459 0.487 0.487 0.487 0.524 0.524 0.4435 0.4435 0.467
