ndvi/NOAA-194.asc
ncols         252
nrows         154
xllcorner     -18.017974
yllcorner     13.481982
cellsize      0.035948
NODATA_value  -9999
[rows 68 to 101 of 154, columns 156 to 233 of 252]
0.1395 0.143 0.143 0.143 0.135 0.135 0.1475 0.1475 0.1815 0.1815 0.194 0.194 0.194 0.2165 0.2165 0.2205 0.2205 0.223 0.223 0.223 0.22 0.22 0.2135 0.2135 0.199 0.199 0.199 0.207 0.207 0.211 0.211 0.2095 0.2095 0.2095 0.2015 0.2015 0.201 0.201 0.198 0.198 0.198 0.2025 0.2025 0.197 0.197 0.2005 0.2005 0.2005 0.2005 0.2005 0.203 0.203 0.216 0.216 0.209 0.209 0.209 0.215 0.215 0.206 0.206 0.1985 0.1985 0.1985 0.1705 0.1705 0.1835 0.1835 0.2025 0.2025 0.2025 0.1975 0.1975 0.187 0.187 0.2 0.2 0.2
0.143 0.1455 0.1455 0.1455 0.147 0.147 0.161 0.161 0.158 0.158 0.216 0.216 0.216 0.2085 0.2085 0.215 0.215 0.2135 0.2135 0.2135 0.2065 0.2065 0.2145 0.2145 0.22 0.22 0.22 0.1985 0.1985 0.2045 0.2045 0.204 0.204 0.204 0.21 0.21 0.2045 0.2045 0.205 0.205 0.205 0.1975 0.1975 0.198 0.198 0.2035 0.2035 0.1975 0.1975 0.1975 0.2085 0.2085 0.212 0.212 0.217 0.217 0.217 0.217 0.217 0.2145 0.2145 0.2005 0.2005 0.2005 0.19 0.19 0.1905 0.1905 0.206 0.206 0.206 0.1935 0.1935 0.1915 0.1915 0.201 0.201 0.201
0.143 0.1455 0.1455 0.1455 0.147 0.147 0.161 0.161 0.158 0.158 0.216 0.216 0.216 0.2085 0.2085 0.215 0.215 0.2135 0.2135 0.2135 0.2065 0.2065 0.2145 0.2145 0.22 0.22 0.22 0.1985 0.1985 0.2045 0.2045 0.204 0.204 0.204 0.21 0.21 0.2045 0.2045 0.205 0.205 0.205 0.1975 0.1975 0.198 0.198 0.2035 0.2035 0.1975 0.1975 0.1975 0.2085 0.2085 0.212 0.212 0.217 0.217 0.217 0.217 0.217 0.2145 0.2145 0.2005 0.2005 0.2005 0.19 0.19 0.1905 0.1905 0.206 0.206 0.206 0.1935 0.1935 0.1915 0.1915 0.201 0.201 0.201
0.169 0.1715 0.1715 0.1715 0.16 0.16 0.1655 0.1655 0.161 0.161 0.2035 0.2035 0.2035 0.214 0.214 0.234 0.234 0.2195 0.2195 0.2195 0.205 0.205 0.205 0.205 0.2095 0.2095 0.2095 0.205 0.205 0.207 0.207 0.2055 0.2055 0.2055 0.2035 0.2035 0.202 0.202 0.2015 0.2015 0.2015 0.207 0.207 0.2025 0.2025 0.211 0.211 0.2145 0.2145 0.2145 0.214 0.214 0.2175 0.2175 0.21 0.21 0.21 0.215 0.215 0.206 0.206 0.204 0.204 0.204 0.1995 0.1995 0.1945 0.1945 0.1975 0.1975 0.1975 0.1985 0.1985 0.2265 0.2265 0.232 0.232 0.232
0.169 0.1715 0.1715 0.1715 0.16 0.16 0.1655 0.1655 0.161 0.161 0.2035 0.2035 0.2035 0.214 0.214 0.234 0.234 0.2195 0.2195 0.2195 0.205 0.205 0.205 0.205 0.2095 0.2095 0.2095 0.205 0.205 0.207 0.207 0.2055 0.2055 0.2055 0.2035 0.2035 0.202 0.202 0.2015 0.2015 0.2015 0.207 0.207 0.2025 0.2025 0.211 0.211 0.2145 0.2145 0.2145 0.214 0.214 0.2175 0.2175 0.21 0.21 0.21 0.215 0.215 0.206 0.206 0.204 0.204 0.204 0.1995 0.1995 0.1945 0.1945 0.1975 0.1975 0.1975 0.1985 0.1985 0.2265 0.2265 0.232 0.232 0.232
0.169 0.1715 0.1715 0.1715 0.16 0.16 0.1655 0.1655 0.161 0.161 0.2035 0.2035 0.2035 0.214 0.214 0.234 0.234 0.2195 0.2195 0.2195 0.205 0.205 0.205 0.205 0.2095 0.2095 0.2095 0.205 0.205 0.207 0.207 0.2055 0.2055 0.2055 0.2035 0.2035 0.202 0.202 0.2015 0.2015 0.2015 0.207 0.207 0.2025 0.2025 0.211 0.211 0.2145 0.2145 0.2145 0.214 0.214 0.2175 0.2175 0.21 0.21 0.21 0.215 0.215 0.206 0.206 0.204 0.204 0.204 0.1995 0.1995 0.1945 0.1945 0.1975 0.1975 0.1975 0.1985 0.1985 0.2265 0.2265 0.232 0.232 0.232
0.1725 0.1745 0.1745 0.1745 0.1725 0.1725 0.1765 0.1765 0.1695 0.1695 0.2055 0.2055 0.2055 0.222 0.222 0.2185 0.2185 0.214 0.214 0.214 0.21 0.21 0.23 0.23 0.2215 0.2215 0.2215 0.213 0.213 0.2195 0.2195 0.2155 0.2155 0.2155 0.2135 0.2135 0.227 0.227 0.216 0.216 0.216 0.2215 0.2215 0.22 0.22 0.2155 0.2155 0.2205 0.2205 0.2205 0.217 0.217 0.2055 0.2055 0.1995 0.1995 0.1995 0.2075 0.2075 0.212 0.212 0.209 0.209 0.209 0.208 0.208 0.1915 0.1915 0.201 0.201 0.201 0.209 0.209 0.2125 0.2125 0.2185 0.2185 0.2185
0.1725 0.1745 0.1745 0.1745 0.1725 0.1725 0.1765 0.1765 0.1695 0.1695 0.2055 0.2055 0.2055 0.222 0.222 0.2185 0.2185 0.214 0.214 0.214 0.21 0.21 0.23 0.23 0.2215 0.2215 0.2215 0.213 0.213 0.2195 0.2195 0.2155 0.2155 0.2155 0.2135 0.2135 0.227 0.227 0.216 0.216 0.216 0.2215 0.2215 0.22 0.22 0.2155 0.2155 0.2205 0.2205 0.2205 0.217 0.217 0.2055 0.2055 0.1995 0.1995 0.1995 0.2075 0.2075 0.212 0.212 0.209 0.209 0.209 0.208 0.208 0.1915 0.1915 0.201 0.201 0.201 0.209 0.209 0.2125 0.2125 0.2185 0.2185 0.2185
0.1675 0.1815 0.1815 0.1815 0.1595 0.1595 0.169 0.169 0.163 0.163 0.201 0.201 0.201 0.2295 0.2295 0.215 0.215 0.2235 0.2235 0.2235 0.215 0.215 0.2265 0.2265 0.2185 0.2185 0.2185 0.221 0.221 0.2315 0.2315 0.2275 0.2275 0.2275 0.2245 0.2245 0.2255 0.2255 0.227 0.227 0.227 0.232 0.232 0.219 0.219 0.2115 0.2115 0.22 0.22 0.22 0.214 0.214 0.195 0.195 0.206 0.206 0.206 0.2005 0.2005 0.2015 0.2015 0.211 0.211 0.211 0.216 0.216 0.2035 0.2035 0.2055 0.2055 0.2055 0.2015 0.2015 0.203 0.203 0.22 0.22 0.22
0.1675 0.1815 0.1815 0.1815 0.1595 0.1595 0.169 0.169 0.163 0.163 0.201 0.201 0.201 0.2295 0.2295 0.215 0.215 0.2235 0.2235 0.2235 0.215 0.215 0.2265 0.2265 0.2185 0.2185 0.2185 0.221 0.221 0.2315 0.2315 0.2275 0.2275 0.2275 0.2245 0.2245 0.2255 0.2255 0.227 0.227 0.227 0.232 0.232 0.219 0.219 0.2115 0.2115 0.22 0.22 0.22 0.214 0.214 0.195 0.195 0.206 0.206 0.206 0.2005 0.2005 0.2015 0.2015 0.211 0.211 0.211 0.216 0.216 0.2035 0.2035 0.2055 0.2055 0.2055 0.2015 0.2015 0.203 0.203 0.22 0.22 0.22
0.146 0.1555 0.1555 0.1555 0.159 0.159 0.1545 0.1545 0.163 0.163 0.195 0.195 0.195 0.2095 0.2095 0.23 0.23 0.2225 0.2225 0.2225 0.212 0.212 0.2155 0.2155 0.221 0.221 0.221 0.217 0.217 0.218 0.218 0.2105 0.2105 0.2105 0.216 0.216 0.223 0.223 0.2255 0.2255 0.2255 0.2155 0.2155 0.2165 0.2165 0.2045 0.2045 0.2105 0.2105 0.2105 0.219 0.219 0.2255 0.2255 0.2155 0.2155 0.2155 0.213 0.213 0.217 0.217 0.2215 0.2215 0.2215 0.223 0.223 0.212 0.212 0.212 0.212 0.212 0.2055 0.2055 0.214 0.214 0.226 0.226 0.226
0.146 0.1555 0.1555 0.1555 0.159 0.159 0.1545 0.1545 0.163 0.163 0.195 0.195 0.195 0.2095 0.2095 0.23 0.23 0.2225 0.2225 0.2225 0.212 0.212 0.2155 0.2155 0.221 0.221 0.221 0.217 0.217 0.218 0.218 0.2105 0.2105 0.2105 0.216 0.216 0.223 0.223 0.2255 0.2255 0.2255 0.2155 0.2155 0.2165 0.2165 0.2045 0.2045 0.2105 0.2105 0.2105 0.219 0.219 0.2255 0.2255 0.2155 0.2155 0.2155 0.213 0.213 0.217 0.217 0.2215 0.2215 0.2215 0.223 0.223 0.212 0.212 0.212 0.212 0.212 0.2055 0.2055 0.214 0.214 0.226 0.226 0.226
0.1445 0.156 0.156 0.156 0.1585 0.1585 0.1525 0.1525 0.166 0.166 0.205 0.205 0.205 0.2075 0.2075 0.2135 0.2135 0.2135 0.2135 0.2135 0.2065 0.2065 0.222 0.222 0.2205 0.2205 0.2205 0.225 0.225 0.2165 0.2165 0.211 0.211 0.211 0.2195 0.2195 0.222 0.222 0.2255 0.2255 0.2255 0.218 0.218 0.209 0.209 0.2125 0.2125 0.209 0.209 0.209 0.2095 0.2095 0.226 0.226 0.225 0.225 0.225 0.2235 0.2235 0.222 0.222 0.229 0.229 0.229 0.2245 0.2245 0.226 0.226 0.2185 0.2185 0.2185 0.216 0.216 0.2225 0.2225 0.228 0.228 0.228
0.1445 0.156 0.156 0.156 0.1585 0.1585 0.1525 0.1525 0.166 0.166 0.205 0.205 0.205 0.2075 0.2075 0.2135 0.2135 0.2135 0.2135 0.2135 0.2065 0.2065 0.222 0.222 0.2205 0.2205 0.2205 0.225 0.225 0.2165 0.2165 0.211 0.211 0.211 0.2195 0.2195 0.222 0.222 0.2255 0.2255 0.2255 0.218 0.218 0.209 0.209 0.2125 0.2125 0.209 0.209 0.209 0.2095 0.2095 0.226 0.226 0.225 0.225 0.225 0.2235 0.2235 0.222 0.222 0.229 0.229 0.229 0.2245 0.2245 0.226 0.226 0.2185 0.2185 0.2185 0.216 0.216 0.2225 0.2225 0.228 0.228 0.228
0.1445 0.156 0.156 0.156 0.1585 0.1585 0.1525 0.1525 0.166 0.166 0.205 0.205 0.205 0.2075 0.2075 0.2135 0.2135 0.2135 0.2135 0.2135 0.2065 0.2065 0.222 0.222 0.2205 0.2205 0.2205 0.225 0.225 0.2165 0.2165 0.211 0.211 0.211 0.2195 0.2195 0.222 0.222 0.2255 0.2255 0.2255 0.218 0.218 0.209 0.209 0.2125 0.2125 0.209 0.209 0.209 0.2095 0.2095 0.226 0.226 0.225 0.225 0.225 0.2235 0.2235 0.222 0.222 0.229 0.229 0.229 0.2245 0.2245 0.226 0.226 0.2185 0.2185 0.2185 0.216 0.216 0.2225 0.2225 0.228 0.228 0.228
0.1675 0.1615 0.1615 0.1615 0.1645 0.1645 0.151 0.151 0.199 0.199 0.2335 0.2335 0.2335 0.2215 0.2215 0.249 0.249 0.244 0.244 0.244 0.235 0.235 0.226 0.226 0.2225 0.2225 0.2225 0.2285 0.2285 0.2035 0.2035 0.209 0.209 0.209 0.2125 0.2125 0.219 0.219 0.2175 0.2175 0.2175 0.216 0.216 0.2095 0.2095 0.2195 0.2195 0.225 0.225 0.225 0.2305 0.2305 0.23 0.23 0.221 0.221 0.221 0.2175 0.2175 0.222 0.222 0.2245 0.2245 0.2245 0.225 0.225 0.2315 0.2315 0.222 0.222 0.222 0.2295 0.2295 0.2245 0.2245 0.2285 0.2285 0.2285
0.1675 0.1615 0.1615 0.1615 0.1645 0.1645 0.151 0.151 0.199 0.199 0.2335 0.2335 0.2335 0.2215 0.2215 0.249 0.249 0.244 0.244 0.244 0.235 0.235 0.226 0.226 0.2225 0.2225 0.2225 0.2285 0.2285 0.2035 0.2035 0.209 0.209 0.209 0.2125 0.2125 0.219 0.219 0.2175 0.2175 0.2175 0.216 0.216 0.2095 0.2095 0.2195 0.2195 0.225 0.225 0.225 0.2305 0.2305 0.23 0.23 0.221 0.221 0.221 0.2175 0.2175 0.222 0.222 0.2245 0.2245 0.2245 0.225 0.225 0.2315 0.2315 0.222 0.222 0.222 0.2295 0.2295 0.2245 0.2245 0.2285 0.2285 0.2285
0.1675 0.182 0.182 0.182 0.1775 0.1775 0.189 0.189 0.226 0.226 0.2235 0.2235 0.2235 0.235 0.235 0.251 0.251 0.2525 0.2525 0.2525 0.24 0.24 0.2355 0.2355 0.2145 0.2145 0.2145 0.2215 0.2215 0.215 0.215 0.2095 0.2095 0.2095 0.2135 0.2135 0.217 0.217 0.2255 0.2255 0.2255 0.2235 0.2235 0.231 0.231 0.2205 0.2205 0.2215 0.2215 0.2215 0.218 0.218 0.2345 0.2345 0.228 0.228 0.228 0.219 0.219 0.226 0.226 0.2315 0.2315 0.2315 0.229 0.229 0.2365 0.2365 0.238 0.238 0.238 0.232 0.232 0.2325 0.2325 0.232 0.232 0.232
0.1675 0.182 0.182 0.182 0.1775 0.1775 0.189 0.189 0.226 0.226 0.2235 0.2235 0.2235 0.235 0.235 0.251 0.251 0.2525 0.2525 0.2525 0.24 0.24 0.2355 0.2355 0.2145 0.2145 0.2145 0.2215 0.2215 0.215 0.215 0.2095 0.2095 0.2095 0.2135 0.2135 0.217 0.217 0.2255 0.2255 0.2255 0.2235 0.2235 0.231 0.231 0.2205 0.2205 0.2215 0.2215 0.2215 0.218 0.218 0.2345 0.2345 0.228 0.228 0.228 0.219 0.219 0.226 0.226 0.2315 0.2315 0.2315 0.229 0.229 0.2365 0.2365 0.238 0.238 0.238 0.232 0.232 0.2325 0.2325 0.232 0.232 0.232
0.1905 0.183 0.183 0.183 0.1545 0.1545 0.1885 0.1885 0.2215 0.2215 0.2325 0.2325 0.2325 0.238 0.238 0.2435 0.2435 0.2505 0.2505 0.2505 0.2515 0.2515 0.242 0.242 0.231 0.231 0.231 0.221 0.221 0.2065 0.2065 0.2095 0.2095 0.2095 0.207 0.207 0.2135 0.2135 0.2245 0.2245 0.2245 0.234 0.234 0.229 0.229 0.2255 0.2255 0.22 0.22 0.22 0.221 0.221 0.2225 0.2225 0.2205 0.2205 0.2205 0.21 0.21 0.2085 0.2085 0.224 0.224 0.224 0.234 0.234 0.2325 0.2325 0.2295 0.2295 0.2295 0.235 0.235 0.222 0.222 0.2305 0.2305 0.2305
0.1905 0.183 0.183 0.183 0.1545 0.1545 0.1885 0.1885 0.2215 0.2215 0.2325 0.2325 0.2325 0.238 0.238 0.2435 0.2435 0.2505 0.2505 0.2505 0.2515 0.2515 0.242 0.242 0.231 0.231 0.231 0.221 0.221 0.2065 0.2065 0.2095 0.2095 0.2095 0.207 0.207 0.2135 0.2135 0.2245 0.2245 0.2245 0.234 0.234 0.229 0.229 0.2255 0.2255 0.22 0.22 0.22 0.221 0.221 0.2225 0.2225 0.2205 0.2205 0.2205 0.21 0.21 0.2085 0.2085 0.224 0.224 0.224 0.234 0.234 0.2325 0.2325 0.2295 0.2295 0.2295 0.235 0.235 0.222 0.222 0.2305 0.2305 0.2305
0.1905 0.183 0.183 0.183 0.1545 0.1545 0.1885 0.1885 0.2215 0.2215 0.2325 0.2325 0.2325 0.238 0.238 0.2435 0.2435 0.2505 0.2505 0.2505 0.2515 0.2515 0.242 0.242 0.231 0.231 0.231 0.221 0.221 0.2065 0.2065 0.2095 0.2095 0.2095 0.207 0.207 0.2135 0.2135 0.2245 0.2245 0.2245 0.234 0.234 0.229 0.229 0.2255 0.2255 0.22 0.22 0.22 0.221 0.221 0.2225 0.2225 0.2205 0.2205 0.2205 0.21 0.21 0.2085 0.2085 0.224 0.224 0.224 0.234 0.234 0.2325 0.2325 0.2295 0.2295 0.2295 0.235 0.235 0.222 0.222 0.2305 0.2305 0.2305
0.179 0.196 0.196 0.196 0.186 0.186 0.201 0.201 0.23 0.23 0.2395 0.2395 0.2395 0.2385 0.2385 0.253 0.253 0.248 0.248 0.248 0.239 0.239 0.223 0.223 0.219 0.219 0.219 0.208 0.208 0.204 0.204 0.211 0.211 0.211 0.232 0.232 0.2285 0.2285 0.2275 0.2275 0.2275 0.228 0.228 0.2305 0.2305 0.231 0.231 0.2245 0.2245 0.2245 0.228 0.228 0.218 0.218 0.225 0.225 0.225 0.208 0.208 0.2075 0.2075 0.215 0.215 0.215 0.2335 0.2335 0.234 0.234 0.2255 0.2255 0.2255 0.2415 0.2415 0.235 0.235 0.2375 0.2375 0.2375
0.179 0.196 0.196 0.196 0.186 0.186 0.201 0.201 0.23 0.23 0.2395 0.2395 0.2395 0.2385 0.2385 0.253 0.253 0.248 0.248 0.248 0.239 0.239 0.223 0.223 0.219 0.219 0.219 0.208 0.208 0.204 0.204 0.211 0.211 0.211 0.232 0.232 0.2285 0.2285 0.2275 0.2275 0.2275 0.228 0.228 0.2305 0.2305 0.231 0.231 0.2245 0.2245 0.2245 0.228 0.228 0.218 0.218 0.225 0.225 0.225 0.208 0.208 0.2075 0.2075 0.215 0.215 0.215 0.2335 0.2335 0.234 0.234 0.2255 0.2255 0.2255 0.2415 0.2415 0.235 0.235 0.2375 0.2375 0.2375
0.1845 0.186 0.186 0.186 0.1925 0.1925 0.2085 0.2085 0.225 0.225 0.232 0.232 0.232 0.2515 0.2515 0.25 0.25 0.2465 0.2465 0.2465 0.2445 0.2445 0.2435 0.2435 0.2115 0.2115 0.2115 0.2 0.2 0.209 0.209 0.2045 0.2045 0.2045 0.2385 0.2385 0.234 0.234 0.232 0.232 0.232 0.2295 0.2295 0.23 0.23 0.227 0.227 0.23 0.23 0.23 0.22 0.22 0.2195 0.2195 0.211 0.211 0.211 0.2205 0.2205 0.2155 0.2155 0.227 0.227 0.227 0.229 0.229 0.2275 0.2275 0.2345 0.2345 0.2345 0.2355 0.2355 0.235 0.235 0.24 0.24 0.24
0.1845 0.186 0.186 0.186 0.1925 0.1925 0.2085 0.2085 0.225 0.225 0.232 0.232 0.232 0.2515 0.2515 0.25 0.25 0.2465 0.2465 0.2465 0.2445 0.2445 0.2435 0.2435 0.2115 0.2115 0.2115 0.2 0.2 0.209 0.209 0.2045 0.2045 0.2045 0.2385 0.2385 0.234 0.234 0.232 0.232 0.232 0.2295 0.2295 0.23 0.23 0.227 0.227 0.23 0.23 0.23 0.22 0.22 0.2195 0.2195 0.211 0.211 0.211 0.2205 0.2205 0.2155 0.2155 0.227 0.227 0.227 0.229 0.229 0.2275 0.2275 0.2345 0.2345 0.2345 0.2355 0.2355 0.235 0.235 0.24 0.24 0.24
0.196 0.2075 0.2075 0.2075 0.2045 0.2045 0.2095 0.2095 0.217 0.217 0.236 0.236 0.236 0.24 0.24 0.238 0.238 0.235 0.235 0.235 0.226 0.226 0.2115 0.2115 0.213 0.213 0.213 0.221 0.221 0.225 0.225 0.2325 0.2325 0.2325 0.226 0.226 0.2375 0.2375 0.244 0.244 0.244 0.2465 0.2465 0.2445 0.2445 0.238 0.238 0.2205 0.2205 0.2205 0.2175 0.2175 0.207 0.207 0.215 0.215 0.215 0.222 0.222 0.217 0.217 0.226 0.226 0.226 0.228 0.228 0.226 0.226 0.229 0.229 0.229 0.233 0.233 0.26 0.26 0.255 0.255 0.255
0.196 0.2075 0.2075 0.2075 0.2045 0.2045 0.2095 0.2095 0.217 0.217 0.236 0.236 0.236 0.24 0.24 0.238 0.238 0.235 0.235 0.235 0.226 0.226 0.2115 0.2115 0.213 0.213 0.213 0.221 0.221 0.225 0.225 0.2325 0.2325 0.2325 0.226 0.226 0.2375 0.2375 0.244 0.244 0.244 0.2465 0.2465 0.2445 0.2445 0.238 0.238 0.2205 0.2205 0.2205 0.2175 0.2175 0.207 0.207 0.215 0.215 0.215 0.222 0.222 0.217 0.217 0.226 0.226 0.226 0.228 0.228 0.226 0.226 0.229 0.229 0.229 0.233 0.233 0.26 0.26 0.255 0.255 0.255
0.196 0.2075 0.2075 0.2075 0.2045 0.2045 0.2095 0.2095 0.217 0.217 0.236 0.236 0.236 0.24 0.24 0.238 0.238 0.235 0.235 0.235 0.226 0.226 0.2115 0.2115 0.213 0.213 0.213 0.221 0.221 0.225 0.225 0.2325 0.2325 0.2325 0.226 0.226 0.2375 0.2375 0.244 0.244 0.244 0.2465 0.2465 0.2445 0.2445 0.238 0.238 0.2205 0.2205 0.2205 0.2175 0.2175 0.207 0.207 0.215 0.215 0.215 0.222 0.222 0.217 0.217 0.226 0.226 0.226 0.228 0.228 0.226 0.226 0.229 0.229 0.229 0.233 0.233 0.26 0.26 0.255 0.255 0.255
0.1995 0.221 0.221 0.221 0.217 0.217 0.229 0.229 0.225 0.225 0.2125 0.2125 0.2125 0.217 0.217 0.2175 0.2175 0.2235 0.2235 0.2235 0.2225 0.2225 0.204 0.204 0.2195 0.2195 0.2195 0.2255 0.2255 0.236 0.236 0.228 0.228 0.228 0.23 0.23 0.2325 0.2325 0.2485 0.2485 0.2485 0.246 0.246 0.2435 0.2435 0.2365 0.2365 0.231 0.231 0.231 0.239 0.239 0.203 0.203 0.2065 0.2065 0.2065 0.231 0.231 0.223 0.223 0.2205 0.2205 0.2205 0.21 0.21 0.2255 0.2255 0.2295 0.2295 0.2295 0.2305 0.2305 0.2525 0.2525 0.2435 0.2435 0.2435
0.1995 0.221 0.221 0.221 0.217 0.217 0.229 0.229 0.225 0.225 0.2125 0.2125 0.2125 0.217 0.217 0.2175 0.2175 0.2235 0.2235 0.2235 0.2225 0.2225 0.204 0.204 0.2195 0.2195 0.2195 0.2255 0.2255 0.236 0.236 0.228 0.228 0.228 0.23 0.23 0.2325 0.2325 0.2485 0.2485 0.2485 0.246 0.246 0.2435 0.2435 0.2365 0.2365 0.231 0.231 0.231 0.239 0.239 0.203 0.203 0.2065 0.2065 0.2065 0.231 0.231 0.223 0.223 0.2205 0.2205 0.2205 0.21 0.21 0.2255 0.2255 0.2295 0.2295 0.2295 0.2305 0.2305 0.2525 0.2525 0.2435 0.2435 0.2435
0.2205 0.209 0.209 0.209 0.197 0.197 0.2295 0.2295 0.2105 0.2105 0.209 0.209 0.209 0.205 0.205 0.229 0.229 0.246 0.246 0.246 0.2325 0.2325 0.213 0.213 0.227 0.227 0.227 0.2245 0.2245 0.239 0.239 0.2375 0.2375 0.2375 0.228 0.228 0.2295 0.2295 0.2385 0.2385 0.2385 0.238 0.238 0.235 0.235 0.242 0.242 0.235 0.235 0.235 0.2215 0.2215 0.1995 0.1995 0.19 0.19 0.19 0.195 0.195 0.207 0.207 0.202 0.202 0.202 0.198 0.198 0.196 0.196 0.2125 0.2125 0.2125 0.223 0.223 0.2305 0.2305 0.2165 0.2165 0.2165
0.2205 0.209 0.209 0.209 0.197 0.197 0.2295 0.2295 0.2105 0.2105 0.209 0.209 0.209 0.205 0.205 0.229 0.229 0.246 0.246 0.246 0.2325 0.2325 0.213 0.213 0.227 0.227 0.227 0.2245 0.2245 0.239 0.239 0.2375 0.2375 0.2375 0.228 0.228 0.2295 0.2295 0.2385 0.2385 0.2385 0.238 0.238 0.235 0.235 0.242 0.242 0.235 0.235 0.235 0.2215 0.2215 0.1995 0.1995 0.19 0.19 0.19 0.195 0.195 0.207 0.207 0.202 0.202 0.202 0.198 0.198 0.196 0.196 0.2125 0.2125 0.2125 0.223 0.223 0.2305 0.2305 0.2165 0.2165 0.2165
0.2135 0.2145 0.2145 0.2145 0.2065 0.2065 0.217 0.217 0.225 0.225 0.24 0.24 0.24 0.2265 0.2265 0.2365 0.2365 0.2505 0.2505 0.2505 0.2375 0.2375 0.2345 0.2345 0.232 0.232 0.232 0.228 0.228 0.222 0.222 0.2195 0.2195 0.2195 0.22 0.22 0.224 0.224 0.23 0.23 0.23 0.227 0.227 0.221 0.221 0.23 0.23 0.2185 0.2185 0.2185 0.2125 0.2125 0.213 0.213 0.204 0.204 0.204 0.2045 0.2045 0.206 0.206 0.2035 0.2035 0.2035 0.1995 0.1995 0.2115 0.2115 0.21 0.21 0.21 0.2105 0.2105 0.2145 0.2145 0.198 0.198 0.198
