ndvi/NOAA-133.asc
ncols         252
nrows         154
xllcorner     -18.017974
yllcorner     13.481982
cellsize      0.035948
NODATA_value  -9999
[rows 68 to 101 of 154, columns 0 to 77 of 252]
-1 -1 -1 -1 -1 -1 -1 -1 -1 -1 -1 -1 -1 -1 -1 -1 -1 -1 -1 -1 -1 -1 -1 -1 -1 -1 -1 -1 -1 -1 -1 -1 -1 -1 -1 -1 -1 -1 -1 0.1875 0.1875 0.1875 0.171 0.171 0.3555 0.3555 0.3405 0.3405 0.3405 0.257 0.257 0.2595 0.2595 0.2475 0.2475 0.2785 0.2785 0.2785 0.332 0.332 0.311 0.311 0.311 0.311 0.311 0.294 0.294 0.3301 0.3301 0.2195 0.2195 0.2195 0.1865 0.1865 0.193 0.193 0.185 0.185
-1 -1 -1 -1 -1 -1 -1 -1 -1 -1 -1 -1 -1 -1 -1 -1 -1 -1 -1 -1 -1 -1 -1 -1 -1 -1 -1 -1 -1 -1 -1 -1 -1 -1 -1 -1 -1 -1 -1 0.201 0.201 0.201 0.2555 0.2555 0.3635 0.3635 0.2685 0.2685 0.2685 0.3015 0.3015 0.271 0.271 0.2335 0.2335 0.193 0.193 0.193 0.3425 0.3425 0.347 0.347 0.347 0.347 0.347 0.2595 0.2595 0.233 0.233 0.1815 0.1815 0.1815 0.174 0.174 0.186 0.186 0.18 0.18
-1 -1 -1 -1 -1 -1 -1 -1 -1 -1 -1 -1 -1 -1 -1 -1 -1 -1 -1 -1 -1 -1 -1 -1 -1 -1 -1 -1 -1 -1 -1 -1 -1 -1 -1 -1 -1 -1 -1 0.201 0.201 0.201 0.2555 0.2555 0.3635 0.3635 0.2685 0.2685 0.2685 0.3015 0.3015 0.271 0.271 0.2335 0.2335 0.193 0.193 0.193 0.3425 0.3425 0.347 0.347 0.347 0.347 0.347 0.2595 0.2595 0.233 0.233 0.1815 0.1815 0.1815 0.174 0.174 0.186 0.186 0.18 0.18
-1 -1 -1 -1 -1 -1 -1 -1 -1 -1 -1 -1 -1 -1 -1 -1 -1 -1 -1 -1 -1 -1 -1 -1 -1 -1 -1 -1 -1 -1 -1 -1 -1 -1 -1 -1 -1 0.0847 0.0847 0.1245 0.1245 0.1245 0.2665 0.2665 0.27 0.27 0.26 0.26 0.26 0.2485 0.2485 0.2065 0.2065 0.195 0.195 0.159 0.159 0.159 0.191 0.191 0.265 0.265 0.265 0.265 0.265 0.1895 0.1895 0.203 0.203 0.189 0.189 0.189 0.203 0.203 0.2075 0.2075 0.2055 0.2055
-1 -1 -1 -1 -1 -1 -1 -1 -1 -1 -1 -1 -1 -1 -1 -1 -1 -1 -1 -1 -1 -1 -1 -1 -1 -1 -1 -1 -1 -1 -1 -1 -1 -1 -1 -1 -1 0.0847 0.0847 0.1245 0.1245 0.1245 0.2665 0.2665 0.27 0.27 0.26 0.26 0.26 0.2485 0.2485 0.2065 0.2065 0.195 0.195 0.159 0.159 0.159 0.191 0.191 0.265 0.265 0.265 0.265 0.265 0.1895 0.1895 0.203 0.203 0.189 0.189 0.189 0.203 0.203 0.2075 0.2075 0.2055 0.2055
-1 -1 -1 -1 -1 -1 -1 -1 -1 -1 -1 -1 -1 -1 -1 -1 -1 -1 -1 -1 -1 -1 -1 -1 -1 -1 -1 -1 -1 -1 -1 -1 -1 -1 -1 -1 -1 0.0847 0.0847 0.1245 0.1245 0.1245 0.2665 0.2665 0.27 0.27 0.26 0.26 0.26 0.2485 0.2485 0.2065 0.2065 0.195 0.195 0.159 0.159 0.159 0.191 0.191 0.265 0.265 0.265 0.265 0.265 0.1895 0.1895 0.203 0.203 0.189 0.189 0.189 0.203 0.203 0.2075 0.2075 0.2055 0.2055
-1 -1 -1 -1 -1 -1 -1 -1 -1 -1 -1 -1 -1 -1 -1 -1 -1 -1 -1 -1 -1 -1 -1 -1 -1 -1 -1 -1 -1 -1 -1 -1 -1 -1 -1 -1 -1 0.0427 0.0427 0.14 0.14 0.14 0.248 0.248 0.284 0.284 0.2155 0.2155 0.2155 0.209 0.209 0.202 0.202 0.1655 0.1655 0.1645 0.1645 0.1645 0.182 0.182 0.2005 0.2005 0.2005 0.2005 0.2005 0.196 0.196 0.2075 0.2075 0.218 0.218 0.218 0.2055 0.2055 0.215 0.215 0.2135 0.2135
-1 -1 -1 -1 -1 -1 -1 -1 -1 -1 -1 -1 -1 -1 -1 -1 -1 -1 -1 -1 -1 -1 -1 -1 -1 -1 -1 -1 -1 -1 -1 -1 -1 -1 -1 -1 -1 0.0427 0.0427 0.14 0.14 0.14 0.248 0.248 0.284 0.284 0.2155 0.2155 0.2155 0.209 0.209 0.202 0.202 0.1655 0.1655 0.1645 0.1645 0.1645 0.182 0.182 0.2005 0.2005 0.2005 0.2005 0.2005 0.196 0.196 0.2075 0.2075 0.218 0.218 0.218 0.2055 0.2055 0.215 0.215 0.2135 0.2135
-1 -1 -1 -1 -1 -1 -1 -1 -1 -1 -1 -1 -1 -1 -1 -1 -1 -1 -1 -1 -1 -1 -1 -1 -1 -1 -1 -1 -1 -1 -1 -1 -1 -1 -1 -1 -1 0.0077 0.0077 0.1411 0.1411 0.1411 0.258 0.258 0.2645 0.2645 0.195 0.195 0.195 0.199 0.199 0.204 0.204 0.193 0.193 0.191 0.191 0.191 0.2005 0.2005 0.2045 0.2045 0.2045 0.2045 0.2045 0.2045 0.2045 0.2185 0.2185 0.1995 0.1995 0.1995 0.195 0.195 0.194 0.194 0.196 0.196
-1 -1 -1 -1 -1 -1 -1 -1 -1 -1 -1 -1 -1 -1 -1 -1 -1 -1 -1 -1 -1 -1 -1 -1 -1 -1 -1 -1 -1 -1 -1 -1 -1 -1 -1 -1 -1 0.0077 0.0077 0.1411 0.1411 0.1411 0.258 0.258 0.2645 0.2645 0.195 0.195 0.195 0.199 0.199 0.204 0.204 0.193 0.193 0.191 0.191 0.191 0.2005 0.2005 0.2045 0.2045 0.2045 0.2045 0.2045 0.2045 0.2045 0.2185 0.2185 0.1995 0.1995 0.1995 0.195 0.195 0.194 0.194 0.196 0.196
-1 -1 -1 -1 -1 -1 -1 -1 -1 -1 -1 -1 -1 -1 -1 -1 -1 -1 -1 -1 -1 -1 -1 -1 -1 -1 -1 -1 -1 -1 -1 -1 -1 -1 -1 -1 -1 0.0787 0.0787 0.196 0.196 0.196 0.21 0.21 0.234 0.234 0.2125 0.2125 0.2125 0.2225 0.2225 0.201 0.201 0.2055 0.2055 0.1815 0.1815 0.1815 0.204 0.204 0.1975 0.1975 0.1975 0.1975 0.1975 0.2055 0.2055 0.203 0.203 0.209 0.209 0.209 0.1815 0.1815 0.1805 0.1805 0.189 0.189
-1 -1 -1 -1 -1 -1 -1 -1 -1 -1 -1 -1 -1 -1 -1 -1 -1 -1 -1 -1 -1 -1 -1 -1 -1 -1 -1 -1 -1 -1 -1 -1 -1 -1 -1 -1 -1 0.0787 0.0787 0.196 0.196 0.196 0.21 0.21 0.234 0.234 0.2125 0.2125 0.2125 0.2225 0.2225 0.201 0.201 0.2055 0.2055 0.1815 0.1815 0.1815 0.204 0.204 0.1975 0.1975 0.1975 0.1975 0.1975 0.2055 0.2055 0.203 0.203 0.209 0.209 0.209 0.1815 0.1815 0.1805 0.1805 0.189 0.189
-1 -1 -1 -1 -1 -1 -1 -1 -1 -1 -1 -1 -1 -1 -1 -1 -1 -1 -1 -1 -1 -1 -1 -1 -1 -1 -1 -1 -1 -1 -1 -1 -1 -1 -1 -1 -1 0.0797 0.0797 0.238 0.238 0.238 0.2085 0.2085 0.217 0.217 0.212 0.212 0.212 0.197 0.197 0.208 0.208 0.2245 0.2245 0.214 0.214 0.214 0.201 0.201 0.193 0.193 0.193 0.193 0.193 0.1845 0.1845 0.2075 0.2075 0.209 0.209 0.209 0.2025 0.2025 0.204 0.204 0.1815 0.1815
-1 -1 -1 -1 -1 -1 -1 -1 -1 -1 -1 -1 -1 -1 -1 -1 -1 -1 -1 -1 -1 -1 -1 -1 -1 -1 -1 -1 -1 -1 -1 -1 -1 -1 -1 -1 -1 0.0797 0.0797 0.238 0.238 0.238 0.2085 0.2085 0.217 0.217 0.212 0.212 0.212 0.197 0.197 0.208 0.208 0.2245 0.2245 0.214 0.214 0.214 0.201 0.201 0.193 0.193 0.193 0.193 0.193 0.1845 0.1845 0.2075 0.2075 0.209 0.209 0.209 0.2025 0.2025 0.204 0.204 0.1815 0.1815
-1 -1 -1 -1 -1 -1 -1 -1 -1 -1 -1 -1 -1 -1 -1 -1 -1 -1 -1 -1 -1 -1 -1 -1 -1 -1 -1 -1 -1 -1 -1 -1 -1 -1 -1 -1 -1 0.0797 0.0797 0.238 0.238 0.238 0.2085 0.2085 0.217 0.217 0.212 0.212 0.212 0.197 0.197 0.208 0.208 0.2245 0.2245 0.214 0.214 0.214 0.201 0.201 0.193 0.193 0.193 0.193 0.193 0.1845 0.1845 0.2075 0.2075 0.209 0.209 0.209 0.2025 0.2025 0.204 0.204 0.1815 0.1815
-1 -1 -1 -1 -1 -1 -1 -1 -1 -1 -1 -1 -1 -1 -1 -1 -1 -1 -1 -1 -1 -1 -1 -1 -1 -1 -1 -1 -1 -1 -1 -1 -1 -1 -1 -1 -1 0.0767 0.0767 0.184 0.184 0.184 0.226 0.226 0.2015 0.2015 0.194 0.194 0.194 0.1975 0.1975 0.2005 0.2005 0.3075 0.3075 0.203 0.203 0.203 0.198 0.198 0.2035 0.2035 0.2035 0.2035 0.2035 0.196 0.196 0.196 0.196 0.188 0.188 0.188 0.2005 0.2005 0.204 0.204 0.191 0.191
-1 -1 -1 -1 -1 -1 -1 -1 -1 -1 -1 -1 -1 -1 -1 -1 -1 -1 -1 -1 -1 -1 -1 -1 -1 -1 -1 -1 -1 -1 -1 -1 -1 -1 -1 -1 -1 0.0767 0.0767 0.184 0.184 0.184 0.226 0.226 0.2015 0.2015 0.194 0.194 0.194 0.1975 0.1975 0.2005 0.2005 0.3075 0.3075 0.203 0.203 0.203 0.198 0.198 0.2035 0.2035 0.2035 0.2035 0.2035 0.196 0.196 0.196 0.196 0.188 0.188 0.188 0.2005 0.2005 0.204 0.204 0.191 0.191
-1 -1 -1 -1 -1 -1 -1 -1 -1 -1 -1 -1 -1 -1 -1 -1 -1 -1 -1 -1 -1 -1 -1 -1 -1 -1 -1 -1 -1 -1 -1 -1 -1 -1 -1 -1 -1 0.1006 0.1006 0.234 0.234 0.234 0.2285 0.2285 0.1915 0.1915 0.1995 0.1995 0.1995 0.1915 0.1915 0.204 0.204 0.2085 0.2085 0.1785 0.1785 0.1785 0.1935 0.1935 0.2045 0.2045 0.2045 0.2045 0.2045 0.2025 0.2025 0.211 0.211 0.196 0.196 0.196 0.204 0.204 0.203 0.203 0.1945 0.1945
-1 -1 -1 -1 -1 -1 -1 -1 -1 -1 -1 -1 -1 -1 -1 -1 -1 -1 -1 -1 -1 -1 -1 -1 -1 -1 -1 -1 -1 -1 -1 -1 -1 -1 -1 -1 -1 0.1006 0.1006 0.234 0.234 0.234 0.2285 0.2285 0.1915 0.1915 0.1995 0.1995 0.1995 0.1915 0.1915 0.204 0.204 0.2085 0.2085 0.1785 0.1785 0.1785 0.1935 0.1935 0.2045 0.2045 0.2045 0.2045 0.2045 0.2025 0.2025 0.211 0.211 0.196 0.196 0.196 0.204 0.204 0.203 0.203 0.1945 0.1945
-1 -1 -1 -1 -1 -1 -1 -1 -1 -1 -1 -1 -1 -1 -1 -1 -1 -1 -1 -1 -1 -1 -1 -1 -1 -1 -1 -1 -1 -1 -1 -1 -1 -1 -1 0.0082 0.0082 0.2341 0.2341 0.236 0.236 0.236 0.209 0.209 0.197 0.197 0.2 0.2 0.2 0.19 0.19 0.1835 0.1835 0.1995 0.1995 0.2065 0.2065 0.2065 0.202 0.202 0.1965 0.1965 0.1965 0.1965 0.1965 0.203 0.203 0.211 0.211 0.1955 0.1955 0.1955 0.1735 0.1735 0.2125 0.2125 0.215 0.215
-1 -1 -1 -1 -1 -1 -1 -1 -1 -1 -1 -1 -1 -1 -1 -1 -1 -1 -1 -1 -1 -1 -1 -1 -1 -1 -1 -1 -1 -1 -1 -1 -1 -1 -1 0.0082 0.0082 0.2341 0.2341 0.236 0.236 0.236 0.209 0.209 0.197 0.197 0.2 0.2 0.2 0.19 0.19 0.1835 0.1835 0.1995 0.1995 0.2065 0.2065 0.2065 0.202 0.202 0.1965 0.1965 0.1965 0.1965 0.1965 0.203 0.203 0.211 0.211 0.1955 0.1955 0.1955 0.1735 0.1735 0.2125 0.2125 0.215 0.215
-1 -1 -1 -1 -1 -1 -1 -1 -1 -1 -1 -1 -1 -1 -1 -1 -1 -1 -1 -1 -1 -1 -1 -1 -1 -1 -1 -1 -1 -1 -1 -1 -1 -1 -1 0.0082 0.0082 0.2341 0.2341 0.236 0.236 0.236 0.209 0.209 0.197 0.197 0.2 0.2 0.2 0.19 0.19 0.1835 0.1835 0.1995 0.1995 0.2065 0.2065 0.2065 0.202 0.202 0.1965 0.1965 0.1965 0.1965 0.1965 0.203 0.203 0.211 0.211 0.1955 0.1955 0.1955 0.1735 0.1735 0.2125 0.2125 0.215 0.215
-1 -1 -1 -1 -1 -1 -1 -1 -1 -1 -1 -1 -1 -1 -1 -1 -1 -1 -1 -1 -1 -1 -1 -1 -1 -1 -1 -1 -1 -1 -1 -1 -1 -1 -1 0.073 0.073 0.232 0.232 0.211 0.211 0.211 0.208 0.208 0.1995 0.1995 0.205 0.205 0.205 0.2235 0.2235 0.2265 0.2265 0.2365 0.2365 0.2245 0.2245 0.2245 0.206 0.206 0.1835 0.1835 0.1835 0.1835 0.1835 0.191 0.191 0.2155 0.2155 0.222 0.222 0.222 0.2245 0.2245 0.209 0.209 0.22 0.22
-1 -1 -1 -1 -1 -1 -1 -1 -1 -1 -1 -1 -1 -1 -1 -1 -1 -1 -1 -1 -1 -1 -1 -1 -1 -1 -1 -1 -1 -1 -1 -1 -1 -1 -1 0.073 0.073 0.232 0.232 0.211 0.211 0.211 0.208 0.208 0.1995 0.1995 0.205 0.205 0.205 0.2235 0.2235 0.2265 0.2265 0.2365 0.2365 0.2245 0.2245 0.2245 0.206 0.206 0.1835 0.1835 0.1835 0.1835 0.1835 0.191 0.191 0.2155 0.2155 0.222 0.222 0.222 0.2245 0.2245 0.209 0.209 0.22 0.22
-1 -1 -1 -1 -1 -1 -1 -1 -1 -1 -1 -1 -1 -1 -1 -1 -1 -1 -1 -1 -1 -1 -1 -1 -1 -1 -1 -1 -1 -1 -1 -1 0.0767 0.0767 0.0767 0.2145 0.2145 0.22 0.22 0.207 0.207 0.207 0.197 0.197 0.205 0.205 0.2165 0.2165 0.2165 0.2245 0.2245 0.2215 0.2215 0.225 0.225 0.212 0.212 0.212 0.2385 0.2385 0.2295 0.2295 0.2295 0.2295 0.2295 0.234 0.234 0.228 0.228 0.2255 0.2255 0.2255 0.2105 0.2105 0.212 0.212 0.2125 0.2125
-1 -1 -1 -1 -1 -1 -1 -1 -1 -1 -1 -1 -1 -1 -1 -1 -1 -1 -1 -1 -1 -1 -1 -1 -1 -1 -1 -1 -1 -1 -1 -1 0.0767 0.0767 0.0767 0.2145 0.2145 0.22 0.22 0.207 0.207 0.207 0.197 0.197 0.205 0.205 0.2165 0.2165 0.2165 0.2245 0.2245 0.2215 0.2215 0.225 0.225 0.212 0.212 0.212 0.2385 0.2385 0.2295 0.2295 0.2295 0.2295 0.2295 0.234 0.234 0.228 0.228 0.2255 0.2255 0.2255 0.2105 0.2105 0.212 0.212 0.2125 0.2125
-1 -1 -1 -1 -1 -1 -1 -1 -1 -1 -1 -1 -1 -1 -1 -1 -1 -1 -1 -1 -1 -1 -1 -1 -1 -1 -1 -1 -1 -1 0.0452 0.0452 0.1935 0.1935 0.1935 0.223 0.223 0.202 0.202 0.1945 0.1945 0.1945 0.19 0.19 0.2025 0.2025 0.222 0.222 0.222 0.22 0.22 0.2175 0.2175 0.2345 0.2345 0.223 0.223 0.223 0.2315 0.2315 0.2345 0.2345 0.2345 0.2345 0.2345 0.242 0.242 0.243 0.243 0.2225 0.2225 0.2225 0.2145 0.2145 0.215 0.215 0.1975 0.1975
-1 -1 -1 -1 -1 -1 -1 -1 -1 -1 -1 -1 -1 -1 -1 -1 -1 -1 -1 -1 -1 -1 -1 -1 -1 -1 -1 -1 -1 -1 0.0452 0.0452 0.1935 0.1935 0.1935 0.223 0.223 0.202 0.202 0.1945 0.1945 0.1945 0.19 0.19 0.2025 0.2025 0.222 0.222 0.222 0.22 0.22 0.2175 0.2175 0.2345 0.2345 0.223 0.223 0.223 0.2315 0.2315 0.2345 0.2345 0.2345 0.2345 0.2345 0.242 0.242 0.243 0.243 0.2225 0.2225 0.2225 0.2145 0.2145 0.215 0.215 0.1975 0.1975
-1 -1 -1 -1 -1 -1 -1 -1 -1 -1 -1 -1 -1 -1 -1 -1 -1 -1 -1 -1 -1 -1 -1 -1 -1 -1 -1 -1 -1 -1 0.0452 0.0452 0.1935 0.1935 0.1935 0.223 0.223 0.202 0.202 0.1945 0.1945 0.1945 0.19 0.19 0.2025 0.2025 0.222 0.222 0.222 0.22 0.22 0.2175 0.2175 0.2345 0.2345 0.223 0.223 0.223 0.2315 0.2315 0.2345 0.2345 0.2345 0.2345 0.2345 0.242 0.242 0.243 0.243 0.2225 0.2225 0.2225 0.2145 0.2145 0.215 0.215 0.1975 0.1975
-1 -1 -1 -1 -1 -1 -1 -1 -1 -1 -1 -1 -1 -1 -1 -1 -1 -1 -1 -1 -1 -1 -1 -1 -1 -1 -1 -1 -1 -1 0.1151 0.1151 0.2485 0.2485 0.2485 0.2305 0.2305 0.209 0.209 0.202 0.202 0.202 0.1965 0.1965 0.21 0.21 0.223 0.223 0.223 0.206 0.206 0.2175 0.2175 0.223 0.223 0.2365 0.2365 0.2365 0.215 0.215 0.2235 0.2235 0.2235 0.2235 0.2235 0.245 0.245 0.221 0.221 0.2155 0.2155 0.2155 0.2135 0.2135 0.193 0.193 0.2055 0.2055
-1 -1 -1 -1 -1 -1 -1 -1 -1 -1 -1 -1 -1 -1 -1 -1 -1 -1 -1 -1 -1 -1 -1 -1 -1 -1 -1 -1 -1 -1 0.1151 0.1151 0.2485 0.2485 0.2485 0.2305 0.2305 0.209 0.209 0.202 0.202 0.202 0.1965 0.1965 0.21 0.21 0.223 0.223 0.223 0.206 0.206 0.2175 0.2175 0.223 0.223 0.2365 0.2365 0.2365 0.215 0.215 0.2235 0.2235 0.2235 0.2235 0.2235 0.245 0.245 0.221 0.221 0.2155 0.2155 0.2155 0.2135 0.2135 0.193 0.193 0.2055 0.2055
-1 -1 -1 -1 -1 -1 -1 -1 -1 -1 -1 -1 -1 -1 -1 -1 -1 -1 -1 -1 -1 -1 -1 -1 -1 -1 -1 -1 0.0567 0.0567 0.229 0.229 0.2625 0.2625 0.2625 0.236 0.236 0.2225 0.2225 0.2135 0.2135 0.2135 0.2095 0.2095 0.2195 0.2195 0.209 0.209 0.209 0.2195 0.2195 0.2255 0.2255 0.2215 0.2215 0.243 0.243 0.243 0.2325 0.2325 0.245 0.245 0.245 0.245 0.245 0.2425 0.2425 0.2015 0.2015 0.2115 0.2115 0.2115 0.182 0.182 0.174 0.174 0.21 0.21
-1 -1 -1 -1 -1 -1 -1 -1 -1 -1 -1 -1 -1 -1 -1 -1 -1 -1 -1 -1 -1 -1 -1 -1 -1 -1 -1 -1 0.0567 0.0567 0.229 0.229 0.2625 0.2625 0.2625 0.236 0.236 0.2225 0.2225 0.2135 0.2135 0.2135 0.2095 0.2095 0.2195 0.2195 0.209 0.209 0.209 0.2195 0.2195 0.2255 0.2255 0.2215 0.2215 0.243 0.243 0.243 0.2325 0.2325 0.245 0.245 0.245 0.245 0.245 0.2425 0.2425 0.2015 0.2015 0.2115 0.2115 0.2115 0.182 0.182 0.174 0.174 0.21 0.21
-1 -1 -1 -1 -1 -1 -1 -1 -1 -1 -1 -1 -1 -1 -1 -1 -1 -1 -1 -1 -1 -1 -1 -1 -1 0.0182 0.0182 0.0182 0.1441 0.1441 0.273 0.273 0.2625 0.2625 0.2625 0.23 0.23 0.2185 0.2185 0.2215 0.2215 0.2215 0.2125 0.2125 0.2085 0.2085 0.221 0.221 0.221 0.2295 0.2295 0.2275 0.2275 0.244 0.244 0.2425 0.2425 0.2425 0.2375 0.2375 0.2435 0.2435 0.2435 0.2435 0.2435 0.2405 0.2405 0.239 0.239 0.227 0.227 0.227 0.1945 0.1945 0.198 0.198 0.2125 0.2125
