ndvi/NOAA-53.asc
ncols         252
nrows         154
xllcorner     -18.017974
yllcorner     13.481982
cellsize      0.035948
NODATA_value  -9999
[rows 70 to 104 of 154, columns 77 to 153 of 252]
0.2025 0.2025 0.2205 0.2205 0.2255 0.2255 0.2175 0.2175 0.2175 0.2215 0.2215 0.2335 0.2335 0.2225 0.2225 0.2205 0.2205 0.2205 0.2005 0.2005 0.214 0.214 0.243 0.243 0.243 0.21 0.21 0.1955 0.1955 0.18 0.18 0.18 0.187 0.187 0.21 0.21 0.2135 0.2135 0.2135 0.232 0.232 0.237 0.237 0.2235 0.2235 0.2235 0.174 0.174 0.172 0.172 0.1765 0.1765 0.191 0.191 0.191 0.2145 0.2145 0.2255 0.2255 0.238 0.238 0.238 0.258 0.258 0.2715 0.2715 0.228 0.228 0.228 0.231 0.231 0.2155 0.2155 0.2295 0.2295 0.2295 0.162
0.2095 0.2095 0.2135 0.2135 0.2145 0.2145 0.2105 0.2105 0.2105 0.211 0.211 0.2085 0.2085 0.206 0.206 0.2095 0.2095 0.2095 0.1935 0.1935 0.2 0.2 0.186 0.186 0.186 0.2325 0.2325 0.2465 0.2465 0.199 0.199 0.199 0.1955 0.1955 0.195 0.195 0.208 0.208 0.208 0.214 0.214 0.232 0.232 0.2105 0.2105 0.2105 0.164 0.164 0.158 0.158 0.1805 0.1805 0.2185 0.2185 0.2185 0.219 0.219 0.201 0.201 0.2205 0.2205 0.2205 0.2565 0.2565 0.249 0.249 0.219 0.219 0.219 0.221 0.221 0.2185 0.2185 0.237 0.237 0.237 0.164
0.2095 0.2095 0.2135 0.2135 0.2145 0.2145 0.2105 0.2105 0.2105 0.211 0.211 0.2085 0.2085 0.206 0.206 0.2095 0.2095 0.2095 0.1935 0.1935 0.2 0.2 0.186 0.186 0.186 0.2325 0.2325 0.2465 0.2465 0.199 0.199 0.199 0.1955 0.1955 0.195 0.195 0.208 0.208 0.208 0.214 0.214 0.232 0.232 0.2105 0.2105 0.2105 0.164 0.164 0.158 0.158 0.1805 0.1805 0.2185 0.2185 0.2185 0.219 0.219 0.201 0.201 0.2205 0.2205 0.2205 0.2565 0.2565 0.249 0.249 0.219 0.219 0.219 0.221 0.221 0.2185 0.2185 0.237 0.237 0.237 0.164
0.2095 0.2095 0.2135 0.2135 0.2145 0.2145 0.2105 0.2105 0.2105 0.211 0.211 0.2085 0.2085 0.206 0.206 0.2095 0.2095 0.2095 0.1935 0.1935 0.2 0.2 0.186 0.186 0.186 0.2325 0.2325 0.2465 0.2465 0.199 0.199 0.199 0.1955 0.1955 0.195 0.195 0.208 0.208 0.208 0.214 0.214 0.232 0.232 0.2105 0.2105 0.2105 0.164 0.164 0.158 0.158 0.1805 0.1805 0.2185 0.2185 0.2185 0.219 0.219 0.201 0.201 0.2205 0.2205 0.2205 0.2565 0.2565 0.249 0.249 0.219 0.219 0.219 0.221 0.221 0.2185 0.2185 0.237 0.237 0.237 0.164
0.2205 0.2205 0.2345 0.2345 0.219 0.219 0.2095 0.2095 0.2095 0.216 0.216 0.1975 0.1975 0.1735 0.1735 0.1705 0.1705 0.1705 0.182 0.182 0.1905 0.1905 0.202 0.202 0.202 0.2125 0.2125 0.206 0.206 0.243 0.243 0.243 0.2675 0.2675 0.2065 0.2065 0.1985 0.1985 0.1985 0.193 0.193 0.206 0.206 0.1565 0.1565 0.1565 0.181 0.181 0.22 0.22 0.211 0.211 0.214 0.214 0.214 0.202 0.202 0.2045 0.2045 0.206 0.206 0.206 0.2185 0.2185 0.217 0.217 0.2215 0.2215 0.2215 0.2225 0.2225 0.191 0.191 0.1705 0.1705 0.1705 0.184
0.2205 0.2205 0.2345 0.2345 0.219 0.219 0.2095 0.2095 0.2095 0.216 0.216 0.1975 0.1975 0.1735 0.1735 0.1705 0.1705 0.1705 0.182 0.182 0.1905 0.1905 0.202 0.202 0.202 0.2125 0.2125 0.206 0.206 0.243 0.243 0.243 0.2675 0.2675 0.2065 0.2065 0.1985 0.1985 0.1985 0.193 0.193 0.206 0.206 0.1565 0.1565 0.1565 0.181 0.181 0.22 0.22 0.211 0.211 0.214 0.214 0.214 0.202 0.202 0.2045 0.2045 0.206 0.206 0.206 0.2185 0.2185 0.217 0.217 0.2215 0.2215 0.2215 0.2225 0.2225 0.191 0.191 0.1705 0.1705 0.1705 0.184
0.2115 0.2115 0.226 0.226 0.231 0.231 0.2095 0.2095 0.2095 0.199 0.199 0.159 0.159 0.175 0.175 0.1695 0.1695 0.1695 0.1475 0.1475 0.152 0.152 0.196 0.196 0.196 0.2035 0.2035 0.201 0.201 0.223 0.223 0.223 0.246 0.246 0.273 0.273 0.226 0.226 0.226 0.183 0.183 0.196 0.196 0.155 0.155 0.155 0.1865 0.1865 0.212 0.212 0.201 0.201 0.1995 0.1995 0.1995 0.193 0.193 0.204 0.204 0.1965 0.1965 0.1965 0.195 0.195 0.212 0.212 0.2295 0.2295 0.2295 0.211 0.211 0.2135 0.2135 0.1235 0.1235 0.1235 0.1405
0.2115 0.2115 0.226 0.226 0.231 0.231 0.2095 0.2095 0.2095 0.199 0.199 0.159 0.159 0.175 0.175 0.1695 0.1695 0.1695 0.1475 0.1475 0.152 0.152 0.196 0.196 0.196 0.2035 0.2035 0.201 0.201 0.223 0.223 0.223 0.246 0.246 0.273 0.273 0.226 0.226 0.226 0.183 0.183 0.196 0.196 0.155 0.155 0.155 0.1865 0.1865 0.212 0.212 0.201 0.201 0.1995 0.1995 0.1995 0.193 0.193 0.204 0.204 0.1965 0.1965 0.1965 0.195 0.195 0.212 0.212 0.2295 0.2295 0.2295 0.211 0.211 0.2135 0.2135 0.1235 0.1235 0.1235 0.1405
0.1955 0.1955 0.1995 0.1995 0.1785 0.1785 0.172 0.172 0.172 0.191 0.191 0.192 0.192 0.1645 0.1645 0.165 0.165 0.165 0.1735 0.1735 0.156 0.156 0.1645 0.1645 0.1645 0.1965 0.1965 0.1975 0.1975 0.2145 0.2145 0.2145 0.225 0.225 0.2125 0.2125 0.246 0.246 0.246 0.234 0.234 0.2155 0.2155 0.1875 0.1875 0.1875 0.188 0.188 0.1875 0.1875 0.1995 0.1995 0.184 0.184 0.184 0.1805 0.1805 0.1815 0.1815 0.176 0.176 0.176 0.1865 0.1865 0.172 0.172 0.1975 0.1975 0.1975 0.1815 0.1815 0.2145 0.2145 0.1755 0.1755 0.1755 0.134
0.1955 0.1955 0.1995 0.1995 0.1785 0.1785 0.172 0.172 0.172 0.191 0.191 0.192 0.192 0.1645 0.1645 0.165 0.165 0.165 0.1735 0.1735 0.156 0.156 0.1645 0.1645 0.1645 0.1965 0.1965 0.1975 0.1975 0.2145 0.2145 0.2145 0.225 0.225 0.2125 0.2125 0.246 0.246 0.246 0.234 0.234 0.2155 0.2155 0.1875 0.1875 0.1875 0.188 0.188 0.1875 0.1875 0.1995 0.1995 0.184 0.184 0.184 0.1805 0.1805 0.1815 0.1815 0.176 0.176 0.176 0.1865 0.1865 0.172 0.172 0.1975 0.1975 0.1975 0.1815 0.1815 0.2145 0.2145 0.1755 0.1755 0.1755 0.134
0.2165 0.2165 0.209 0.209 0.1995 0.1995 0.191 0.191 0.191 0.1635 0.1635 0.1855 0.1855 0.1745 0.1745 0.1735 0.1735 0.1735 0.1675 0.1675 0.1435 0.1435 0.1895 0.1895 0.1895 0.1975 0.1975 0.1915 0.1915 0.1875 0.1875 0.1875 0.211 0.211 0.2205 0.2205 0.194 0.194 0.194 0.201 0.201 0.205 0.205 0.221 0.221 0.221 0.2365 0.2365 0.21 0.21 0.1885 0.1885 0.188 0.188 0.188 0.164 0.164 0.169 0.169 0.193 0.193 0.193 0.209 0.209 0.183 0.183 0.1845 0.1845 0.1845 0.172 0.172 0.192 0.192 0.166 0.166 0.166 0.132
0.2165 0.2165 0.209 0.209 0.1995 0.1995 0.191 0.191 0.191 0.1635 0.1635 0.1855 0.1855 0.1745 0.1745 0.1735 0.1735 0.1735 0.1675 0.1675 0.1435 0.1435 0.1895 0.1895 0.1895 0.1975 0.1975 0.1915 0.1915 0.1875 0.1875 0.1875 0.211 0.211 0.2205 0.2205 0.194 0.194 0.194 0.201 0.201 0.205 0.205 0.221 0.221 0.221 0.2365 0.2365 0.21 0.21 0.1885 0.1885 0.188 0.188 0.188 0.164 0.164 0.169 0.169 0.193 0.193 0.193 0.209 0.209 0.183 0.183 0.1845 0.1845 0.1845 0.172 0.172 0.192 0.192 0.166 0.166 0.166 0.132
0.2165 0.2165 0.209 0.209 0.1995 0.1995 0.191 0.191 0.191 0.1635 0.1635 0.1855 0.1855 0.1745 0.1745 0.1735 0.1735 0.1735 0.1675 0.1675 0.1435 0.1435 0.1895 0.1895 0.1895 0.1975 0.1975 0.1915 0.1915 0.1875 0.1875 0.1875 0.211 0.211 0.2205 0.2205 0.194 0.194 0.194 0.201 0.201 0.205 0.205 0.221 0.221 0.221 0.2365 0.2365 0.21 0.21 0.1885 0.1885 0.188 0.188 0.188 0.164 0.164 0.169 0.169 0.193 0.193 0.193 0.209 0.209 0.183 0.183 0.1845 0.1845 0.1845 0.172 0.172 0.192 0.192 0.166 0.166 0.166 0.132
0.2115 0.2115 0.209 0.209 0.195 0.195 0.1985 0.1985 0.1985 0.199 0.199 0.188 0.188 0.1985 0.1985 0.208 0.208 0.208 0.1755 0.1755 0.1945 0.1945 0.198 0.198 0.198 0.205 0.205 0.215 0.215 0.191 0.191 0.191 0.1955 0.1955 0.179 0.179 0.1685 0.1685 0.1685 0.1905 0.1905 0.169 0.169 0.2065 0.2065 0.2065 0.241 0.241 0.2355 0.2355 0.191 0.191 0.193 0.193 0.193 0.1955 0.1955 0.1935 0.1935 0.203 0.203 0.203 0.209 0.209 0.201 0.201 0.1845 0.1845 0.1845 0.186 0.186 0.2 0.2 0.1735 0.1735 0.1735 0.1375
0.2115 0.2115 0.209 0.209 0.195 0.195 0.1985 0.1985 0.1985 0.199 0.199 0.188 0.188 0.1985 0.1985 0.208 0.208 0.208 0.1755 0.1755 0.1945 0.1945 0.198 0.198 0.198 0.205 0.205 0.215 0.215 0.191 0.191 0.191 0.1955 0.1955 0.179 0.179 0.1685 0.1685 0.1685 0.1905 0.1905 0.169 0.169 0.2065 0.2065 0.2065 0.241 0.241 0.2355 0.2355 0.191 0.191 0.193 0.193 0.193 0.1955 0.1955 0.1935 0.1935 0.203 0.203 0.203 0.209 0.209 0.201 0.201 0.1845 0.1845 0.1845 0.186 0.186 0.2 0.2 0.1735 0.1735 0.1735 0.1375
0.22 0.22 0.2085 0.2085 0.206 0.206 0.2135 0.2135 0.2135 0.2175 0.2175 0.2185 0.2185 0.206 0.206 0.2125 0.2125 0.2125 0.2185 0.2185 0.2015 0.2015 0.198 0.198 0.198 0.1925 0.1925 0.204 0.204 0.2005 0.2005 0.2005 0.1895 0.1895 0.1975 0.1975 0.1945 0.1945 0.1945 0.192 0.192 0.182 0.182 0.1805 0.1805 0.1805 0.1665 0.1665 0.192 0.192 0.186 0.186 0.2095 0.2095 0.2095 0.211 0.211 0.2125 0.2125 0.226 0.226 0.226 0.2235 0.2235 0.2415 0.2415 0.2005 0.2005 0.2005 0.192 0.192 0.1865 0.1865 0.166 0.166 0.166 0.158
0.22 0.22 0.2085 0.2085 0.206 0.206 0.2135 0.2135 0.2135 0.2175 0.2175 0.2185 0.2185 0.206 0.206 0.2125 0.2125 0.2125 0.2185 0.2185 0.2015 0.2015 0.198 0.198 0.198 0.1925 0.1925 0.204 0.204 0.2005 0.2005 0.2005 0.1895 0.1895 0.1975 0.1975 0.1945 0.1945 0.1945 0.192 0.192 0.182 0.182 0.1805 0.1805 0.1805 0.1665 0.1665 0.192 0.192 0.186 0.186 0.2095 0.2095 0.2095 0.211 0.211 0.2125 0.2125 0.226 0.226 0.226 0.2235 0.2235 0.2415 0.2415 0.2005 0.2005 0.2005 0.192 0.192 0.1865 0.1865 0.166 0.166 0.166 0.158
0.255 0.255 0.2715 0.2715 0.257 0.257 0.248 0.248 0.248 0.2335 0.2335 0.23 0.23 0.2375 0.2375 0.22 0.22 0.22 0.215 0.215 0.215 0.215 0.2075 0.2075 0.2075 0.206 0.206 0.2025 0.2025 0.202 0.202 0.202 0.204 0.204 0.231 0.231 0.2035 0.2035 0.2035 0.194 0.194 0.2115 0.2115 0.191 0.191 0.191 0.1595 0.1595 0.1965 0.1965 0.1995 0.1995 0.1905 0.1905 0.1905 0.2015 0.2015 0.2145 0.2145 0.2205 0.2205 0.2205 0.237 0.237 0.247 0.247 0.1855 0.1855 0.1855 0.205 0.205 0.185 0.185 0.196 0.196 0.196 0.171
0.255 0.255 0.2715 0.2715 0.257 0.257 0.248 0.248 0.248 0.2335 0.2335 0.23 0.23 0.2375 0.2375 0.22 0.22 0.22 0.215 0.215 0.215 0.215 0.2075 0.2075 0.2075 0.206 0.206 0.2025 0.2025 0.202 0.202 0.202 0.204 0.204 0.231 0.231 0.2035 0.2035 0.2035 0.194 0.194 0.2115 0.2115 0.191 0.191 0.191 0.1595 0.1595 0.1965 0.1965 0.1995 0.1995 0.1905 0.1905 0.1905 0.2015 0.2015 0.2145 0.2145 0.2205 0.2205 0.2205 0.237 0.237 0.247 0.247 0.1855 0.1855 0.1855 0.205 0.205 0.185 0.185 0.196 0.196 0.196 0.171
0.255 0.255 0.2715 0.2715 0.257 0.257 0.248 0.248 0.248 0.2335 0.2335 0.23 0.23 0.2375 0.2375 0.22 0.22 0.22 0.215 0.215 0.215 0.215 0.2075 0.2075 0.2075 0.206 0.206 0.2025 0.2025 0.202 0.202 0.202 0.204 0.204 0.231 0.231 0.2035 0.2035 0.2035 0.194 0.194 0.2115 0.2115 0.191 0.191 0.191 0.1595 0.1595 0.1965 0.1965 0.1995 0.1995 0.1905 0.1905 0.1905 0.2015 0.2015 0.2145 0.2145 0.2205 0.2205 0.2205 0.237 0.237 0.247 0.247 0.1855 0.1855 0.1855 0.205 0.205 0.185 0.185 0.196 0.196 0.196 0.171
0.2565 0.2565 0.264 0.264 0.2435 0.2435 0.1865 0.1865 0.1865 0.208 0.208 0.2185 0.2185 0.194 0.194 0.206 0.206 0.206 0.2155 0.2155 0.2055 0.2055 0.206 0.206 0.206 0.217 0.217 0.194 0.194 0.185 0.185 0.185 0.189 0.189 0.208 0.208 0.2165 0.2165 0.2165 0.2155 0.2155 0.2205 0.2205 0.2185 0.2185 0.2185 0.217 0.217 0.2155 0.2155 0.203 0.203 0.202 0.202 0.202 0.217 0.217 0.234 0.234 0.2285 0.2285 0.2285 0.233 0.233 0.227 0.227 0.2455 0.2455 0.2455 0.206 0.206 0.188 0.188 0.171 0.171 0.171 0.166
0.2565 0.2565 0.264 0.264 0.2435 0.2435 0.1865 0.1865 0.1865 0.208 0.208 0.2185 0.2185 0.194 0.194 0.206 0.206 0.206 0.2155 0.2155 0.2055 0.2055 0.206 0.206 0.206 0.217 0.217 0.194 0.194 0.185 0.185 0.185 0.189 0.189 0.208 0.208 0.2165 0.2165 0.2165 0.2155 0.2155 0.2205 0.2205 0.2185 0.2185 0.2185 0.217 0.217 0.2155 0.2155 0.203 0.203 0.202 0.202 0.202 0.217 0.217 0.234 0.234 0.2285 0.2285 0.2285 0.233 0.233 0.227 0.227 0.2455 0.2455 0.2455 0.206 0.206 0.188 0.188 0.171 0.171 0.171 0.166
0.2425 0.2425 0.247 0.247 0.2085 0.2085 0.214 0.214 0.214 0.23 0.23 0.2065 0.2065 0.21 0.21 0.2105 0.2105 0.2105 0.2055 0.2055 0.211 0.211 0.2265 0.2265 0.2265 0.2085 0.2085 0.225 0.225 0.2045 0.2045 0.2045 0.2115 0.2115 0.2285 0.2285 0.2255 0.2255 0.2255 0.217 0.217 0.2225 0.2225 0.237 0.237 0.237 0.2495 0.2495 0.2475 0.2475 0.2285 0.2285 0.2045 0.2045 0.2045 0.2005 0.2005 0.205 0.205 0.235 0.235 0.235 0.232 0.232 0.226 0.226 0.242 0.242 0.242 0.2505 0.2505 0.229 0.229 0.235 0.235 0.235 0.1805
0.2425 0.2425 0.247 0.247 0.2085 0.2085 0.214 0.214 0.214 0.23 0.23 0.2065 0.2065 0.21 0.21 0.2105 0.2105 0.2105 0.2055 0.2055 0.211 0.211 0.2265 0.2265 0.2265 0.2085 0.2085 0.225 0.225 0.2045 0.2045 0.2045 0.2115 0.2115 0.2285 0.2285 0.2255 0.2255 0.2255 0.217 0.217 0.2225 0.2225 0.237 0.237 0.237 0.2495 0.2495 0.2475 0.2475 0.2285 0.2285 0.2045 0.2045 0.2045 0.2005 0.2005 0.205 0.205 0.235 0.235 0.235 0.232 0.232 0.226 0.226 0.242 0.242 0.242 0.2505 0.2505 0.229 0.229 0.235 0.235 0.235 0.1805
0.2435 0.2435 0.2315 0.2315 0.2185 0.2185 0.224 0.224 0.224 0.209 0.209 0.232 0.232 0.214 0.214 0.2145 0.2145 0.2145 0.2045 0.2045 0.219 0.219 0.2375 0.2375 0.2375 0.23 0.23 0.2255 0.2255 0.242 0.242 0.242 0.25 0.25 0.2485 0.2485 0.2355 0.2355 0.2355 0.233 0.233 0.239 0.239 0.238 0.238 0.238 0.246 0.246 0.2355 0.2355 0.235 0.235 0.2055 0.2055 0.2055 0.248 0.248 0.2095 0.2095 0.2095 0.2095 0.2095 0.1895 0.1895 0.2365 0.2365 0.2315 0.2315 0.2315 0.2375 0.2375 0.2345 0.2345 0.2385 0.2385 0.2385 0.201
0.2435 0.2435 0.2315 0.2315 0.2185 0.2185 0.224 0.224 0.224 0.209 0.209 0.232 0.232 0.214 0.214 0.2145 0.2145 0.2145 0.2045 0.2045 0.219 0.219 0.2375 0.2375 0.2375 0.23 0.23 0.2255 0.2255 0.242 0.242 0.242 0.25 0.25 0.2485 0.2485 0.2355 0.2355 0.2355 0.233 0.233 0.239 0.239 0.238 0.238 0.238 0.246 0.246 0.2355 0.2355 0.235 0.235 0.2055 0.2055 0.2055 0.248 0.248 0.2095 0.2095 0.2095 0.2095 0.2095 0.1895 0.1895 0.2365 0.2365 0.2315 0.2315 0.2315 0.2375 0.2375 0.2345 0.2345 0.2385 0.2385 0.2385 0.201
0.2435 0.2435 0.2315 0.2315 0.2185 0.2185 0.224 0.224 0.224 0.209 0.209 0.232 0.232 0.214 0.214 0.2145 0.2145 0.2145 0.2045 0.2045 0.219 0.219 0.2375 0.2375 0.2375 0.23 0.23 0.2255 0.2255 0.242 0.242 0.242 0.25 0.25 0.2485 0.2485 0.2355 0.2355 0.2355 0.233 0.233 0.239 0.239 0.238 0.238 0.238 0.246 0.246 0.2355 0.2355 0.235 0.235 0.2055 0.2055 0.2055 0.248 0.248 0.2095 0.2095 0.2095 0.2095 0.2095 0.1895 0.1895 0.2365 0.2365 0.2315 0.2315 0.2315 0.2375 0.2375 0.2345 0.2345 0.2385 0.2385 0.2385 0.201
0.23 0.23 0.256 0.256 0.224 0.224 0.222 0.222 0.222 0.2465 0.2465 0.2305 0.2305 0.218 0.218 0.207 0.207 0.207 0.209 0.209 0.216 0.216 0.2265 0.2265 0.2265 0.224 0.224 0.256 0.256 0.2565 0.2565 0.2565 0.2585 0.2585 0.264 0.264 0.241 0.241 0.241 0.252 0.252 0.243 0.243 0.2375 0.2375 0.2375 0.227 0.227 0.2305 0.2305 0.237 0.237 0.2425 0.2425 0.2425 0.251 0.251 0.2535 0.2535 0.2175 0.2175 0.2175 0.1655 0.1655 0.1835 0.1835 0.26 0.26 0.26 0.2745 0.2745 0.201 0.201 0.2015 0.2015 0.2015 0.215
0.23 0.23 0.256 0.256 0.224 0.224 0.222 0.222 0.222 0.2465 0.2465 0.2305 0.2305 0.218 0.218 0.207 0.207 0.207 0.209 0.209 0.216 0.216 0.2265 0.2265 0.2265 0.224 0.224 0.256 0.256 0.2565 0.2565 0.2565 0.2585 0.2585 0.264 0.264 0.241 0.241 0.241 0.252 0.252 0.243 0.243 0.2375 0.2375 0.2375 0.227 0.227 0.2305 0.2305 0.237 0.237 0.2425 0.2425 0.2425 0.251 0.251 0.2535 0.2535 0.2175 0.2175 0.2175 0.1655 0.1655 0.1835 0.1835 0.26 0.26 0.26 0.2745 0.2745 0.201 0.201 0.2015 0.2015 0.2015 0.215
0.2305 0.2305 0.2275 0.2275 0.2415 0.2415 0.2455 0.2455 0.2455 0.248 0.248 0.217 0.217 0.22 0.22 0.2185 0.2185 0.2185 0.229 0.229 0.2255 0.2255 0.1985 0.1985 0.1985 0.2075 0.2075 0.2295 0.2295 0.2455 0.2455 0.2455 0.248 0.248 0.2465 0.2465 0.246 0.246 0.246 0.2575 0.2575 0.2595 0.2595 0.2635 0.2635 0.2635 0.2455 0.2455 0.2445 0.2445 0.2595 0.2595 0.273 0.273 0.273 0.2275 0.2275 0.2365 0.2365 0.264 0.264 0.264 0.2435 0.2435 0.224 0.224 0.2515 0.2515 0.2515 0.2765 0.2765 0.281 0.281 0.264 0.264 0.264 0.251
0.2305 0.2305 0.2275 0.2275 0.2415 0.2415 0.2455 0.2455 0.2455 0.248 0.248 0.217 0.217 0.22 0.22 0.2185 0.2185 0.2185 0.229 0.229 0.2255 0.2255 0.1985 0.1985 0.1985 0.2075 0.2075 0.2295 0.2295 0.2455 0.2455 0.2455 0.248 0.248 0.2465 0.2465 0.246 0.246 0.246 0.2575 0.2575 0.2595 0.2595 0.2635 0.2635 0.2635 0.2455 0.2455 0.2445 0.2445 0.2595 0.2595 0.273 0.273 0.273 0.2275 0.2275 0.2365 0.2365 0.264 0.264 0.264 0.2435 0.2435 0.224 0.224 0.2515 0.2515 0.2515 0.2765 0.2765 0.281 0.281 0.264 0.264 0.264 0.251
0.2275 0.2275 0.2295 0.2295 0.261 0.261 0.271 0.271 0.271 0.254 0.254 0.232 0.232 0.234 0.234 0.232 0.232 0.232 0.253 0.253 0.236 0.236 0.247 0.247 0.247 0.253 0.253 0.243 0.243 0.255 0.255 0.255 0.27 0.27 0.2755 0.2755 0.261 0.261 0.261 0.2595 0.2595 0.2585 0.2585 0.2575 0.2575 0.2575 0.2625 0.2625 0.261 0.261 0.263 0.263 0.265 0.265 0.265 0.2675 0.2675 0.2425 0.2425 0.246 0.246 0.246 0.2495 0.2495 0.232 0.232 0.2655 0.2655 0.2655 0.2725 0.2725 0.265 0.265 0.239 0.239 0.239 0.218
0.2275 0.2275 0.2295 0.2295 0.261 0.261 0.271 0.271 0.271 0.254 0.254 0.232 0.232 0.234 0.234 0.232 0.232 0.232 0.253 0.253 0.236 0.236 0.247 0.247 0.247 0.253 0.253 0.243 0.243 0.255 0.255 0.255 0.27 0.27 0.2755 0.2755 0.261 0.261 0.261 0.2595 0.2595 0.2585 0.2585 0.2575 0.2575 0.2575 0.2625 0.2625 0.261 0.261 0.263 0.263 0.265 0.265 0.265 0.2675 0.2675 0.2425 0.2425 0.246 0.246 0.246 0.2495 0.2495 0.232 0.232 0.2655 0.2655 0.2655 0.2725 0.2725 0.265 0.265 0.239 0.239 0.239 0.218
0.2545 0.2545 0.2515 0.2515 0.2535 0.2535 0.2415 0.2415 0.2415 0.24 0.24 0.229 0.229 0.2075 0.2075 0.213 0.213 0.213 0.21 0.21 0.225 0.225 0.2325 0.2325 0.2325 0.265 0.265 0.256 0.256 0.2565 0.2565 0.2565 0.267 0.267 0.274 0.274 0.267 0.267 0.267 0.2715 0.2715 0.266 0.266 0.263 0.263 0.263 0.2645 0.2645 0.273 0.273 0.2725 0.2725 0.2605 0.2605 0.2605 0.2505 0.2505 0.27 0.27 0.2445 0.2445 0.2445 0.254 0.254 0.2415 0.2415 0.256 0.256 0.256 0.2465 0.2465 0.241 0.241 0.253 0.253 0.253 0.243
0.2545 0.2545 0.2515 0.2515 0.2535 0.2535 0.2415 0.2415 0.2415 0.24 0.24 0.229 0.229 0.2075 0.2075 0.213 0.213 0.213 0.21 0.21 0.225 0.225 0.2325 0.2325 0.2325 0.265 0.265 0.256 0.256 0.2565 0.2565 0.2565 0.267 0.267 0.274 0.274 0.267 0.267 0.267 0.2715 0.2715 0.266 0.266 0.263 0.263 0.263 0.2645 0.2645 0.273 0.273 0.2725 0.2725 0.2605 0.2605 0.2605 0.2505 0.2505 0.27 0.27 0.2445 0.2445 0.2445 0.254 0.254 0.2415 0.2415 0.256 0.256 0.256 0.2465 0.2465 0.241 0.241 0.253 0.253 0.253 0.243
