ndvi/NOAA-138.asc
ncols         252
nrows         154
xllcorner     -18.017974
yllcorner     13.481982
cellsize      0.035948
NODATA_value  -9999
[rows 0 to 33 of 154, columns 77 to 153 of 252]
0.0995 0.0995 0.0975 0.0975 0.0995 0.0995 0.102 0.102 0.102 0.1 0.1 0.108 0.108 0.1005 0.1005 0.103 0.103 0.103 0.103 0.103 0.099 0.099 0.0965 0.0965 0.0965 0.097 0.097 0.0955 0.0955 0.0935 0.0935 0.0935 0.0965 0.0965 0.093 0.093 0.0895 0.0895 0.0895 0.0905 0.0905 0.089 0.089 0.0915 0.0915 0.0915 0.103 0.103 0.0875 0.0875 0.089 0.089 0.097 0.097 0.097 0.096 0.096 0.0985 0.0985 0.0955 0.0955 0.0955 0.1025 0.1025 0.1045 0.1045 0.1035 0.1035 0.1035 0.0995 0.0995 0.1015 0.1015 0.101 0.101 0.101 0.1005
0.0995 0.0995 0.0975 0.0975 0.0995 0.0995 0.102 0.102 0.102 0.1 0.1 0.108 0.108 0.1005 0.1005 0.103 0.103 0.103 0.103 0.103 0.099 0.099 0.0965 0.0965 0.0965 0.097 0.097 0.0955 0.0955 0.0935 0.0935 0.0935 0.0965 0.0965 0.093 0.093 0.0895 0.0895 0.0895 0.0905 0.0905 0.089 0.089 0.0915 0.0915 0.0915 0.103 0.103 0.0875 0.0875 0.089 0.089 0.097 0.097 0.097 0.096 0.096 0.0985 0.0985 0.0955 0.0955 0.0955 0.1025 0.1025 0.1045 0.1045 0.1035 0.1035 0.1035 0.0995 0.0995 0.1015 0.1015 0.101 0.101 0.101 0.1005
0.099 0.099 0.1025 0.1025 0.0985 0.0985 0.1025 0.1025 0.1025 0.111 0.111 0.0985 0.0985 0.107 0.107 0.107 0.107 0.107 0.1045 0.1045 0.105 0.105 0.099 0.099 0.099 0.096 0.096 0.0995 0.0995 0.094 0.094 0.094 0.092 0.092 0.0895 0.0895 0.09299999 0.09299999 0.09299999 0.089 0.089 0.08400001 0.08400001 0.0875 0.0875 0.0875 0.092 0.092 0.0945 0.0945 0.096 0.096 0.102 0.102 0.102 0.1025 0.1025 0.104 0.104 0.1035 0.1035 0.1035 0.1075 0.1075 0.1045 0.1045 0.1035 0.1035 0.1035 0.0955 0.0955 0.094 0.094 0.0965 0.0965 0.0965 0.104
0.099 0.099 0.1025 0.1025 0.0985 0.0985 0.1025 0.1025 0.1025 0.111 0.111 0.0985 0.0985 0.107 0.107 0.107 0.107 0.107 0.1045 0.1045 0.105 0.105 0.099 0.099 0.099 0.096 0.096 0.0995 0.0995 0.094 0.094 0.094 0.092 0.092 0.0895 0.0895 0.09299999 0.09299999 0.09299999 0.089 0.089 0.08400001 0.08400001 0.0875 0.0875 0.0875 0.092 0.092 0.0945 0.0945 0.096 0.096 0.102 0.102 0.102 0.1025 0.1025 0.104 0.104 0.1035 0.1035 0.1035 0.1075 0.1075 0.1045 0.1045 0.1035 0.1035 0.1035 0.0955 0.0955 0.094 0.094 0.0965 0.0965 0.0965 0.104
0.099 0.099 0.1025 0.1025 0.0985 0.0985 0.1025 0.1025 0.1025 0.111 0.111 0.0985 0.0985 0.107 0.107 0.107 0.107 0.107 0.1045 0.1045 0.105 0.105 0.099 0.099 0.099 0.096 0.096 0.0995 0.0995 0.094 0.094 0.094 0.092 0.092 0.0895 0.0895 0.09299999 0.09299999 0.09299999 0.089 0.089 0.08400001 0.08400001 0.0875 0.0875 0.0875 0.092 0.092 0.0945 0.0945 0.096 0.096 0.102 0.102 0.102 0.1025 0.1025 0.104 0.104 0.1035 0.1035 0.1035 0.1075 0.1075 0.1045 0.1045 0.1035 0.1035 0.1035 0.0955 0.0955 0.094 0.094 0.0965 0.0965 0.0965 0.104
0.1015 0.1015 0.101 0.101 0.1035 0.1035 0.101 0.101 0.101 0.1055 0.1055 0.1065 0.1065 0.109 0.109 0.103 0.103 0.103 0.0985 0.0985 0.0995 0.0995 0.0985 0.0985 0.0985 0.095 0.095 0.095 0.095 0.089 0.089 0.089 0.09100001 0.09100001 0.08750001 0.08750001 0.088 0.088 0.088 0.0915 0.0915 0.0875 0.0875 0.089 0.089 0.089 0.0995 0.0995 0.099 0.099 0.1055 0.1055 0.1035 0.1035 0.1035 0.1045 0.1045 0.1055 0.1055 0.107 0.107 0.107 0.102 0.102 0.104 0.104 0.1095 0.1095 0.1095 0.1085 0.1085 0.1055 0.1055 0.1035 0.1035 0.1035 0.1035
0.1015 0.1015 0.101 0.101 0.1035 0.1035 0.101 0.101 0.101 0.1055 0.1055 0.1065 0.1065 0.109 0.109 0.103 0.103 0.103 0.0985 0.0985 0.0995 0.0995 0.0985 0.0985 0.0985 0.095 0.095 0.095 0.095 0.089 0.089 0.089 0.09100001 0.09100001 0.08750001 0.08750001 0.088 0.088 0.088 0.0915 0.0915 0.0875 0.0875 0.089 0.089 0.089 0.0995 0.0995 0.099 0.099 0.1055 0.1055 0.1035 0.1035 0.1035 0.1045 0.1045 0.1055 0.1055 0.107 0.107 0.107 0.102 0.102 0.104 0.104 0.1095 0.1095 0.1095 0.1085 0.1085 0.1055 0.1055 0.1035 0.1035 0.1035 0.1035
0.102 0.102 0.103 0.103 0.1005 0.1005 0.1045 0.1045 0.1045 0.109 0.109 0.107 0.107 0.1065 0.1065 0.09999999 0.09999999 0.09999999 0.1075 0.1075 0.0995 0.0995 0.1015 0.1015 0.1015 0.1045 0.1045 0.0935 0.0935 0.0905 0.0905 0.0905 0.102 0.102 0.1005 0.1005 0.095 0.095 0.095 0.0955 0.0955 0.094 0.094 0.095 0.095 0.095 0.104 0.104 0.1085 0.1085 0.103 0.103 0.1045 0.1045 0.1045 0.1095 0.1095 0.115 0.115 0.112 0.112 0.112 0.1065 0.1065 0.1075 0.1075 0.108 0.108 0.108 0.107 0.107 0.113 0.113 0.1035 0.1035 0.1035 0.105
0.102 0.102 0.103 0.103 0.1005 0.1005 0.1045 0.1045 0.1045 0.109 0.109 0.107 0.107 0.1065 0.1065 0.09999999 0.09999999 0.09999999 0.1075 0.1075 0.0995 0.0995 0.1015 0.1015 0.1015 0.1045 0.1045 0.0935 0.0935 0.0905 0.0905 0.0905 0.102 0.102 0.1005 0.1005 0.095 0.095 0.095 0.0955 0.0955 0.094 0.094 0.095 0.095 0.095 0.104 0.104 0.1085 0.1085 0.103 0.103 0.1045 0.1045 0.1045 0.1095 0.1095 0.115 0.115 0.112 0.112 0.112 0.1065 0.1065 0.1075 0.1075 0.108 0.108 0.108 0.107 0.107 0.113 0.113 0.1035 0.1035 0.1035 0.105
0.101 0.101 0.109 0.109 0.106 0.106 0.11 0.11 0.11 0.102 0.102 0.105 0.105 0.106 0.106 0.1075 0.1075 0.1075 0.103 0.103 0.0925 0.0925 0.09999999 0.09999999 0.09999999 0.107 0.107 0.1075 0.1075 0.107 0.107 0.107 0.1035 0.1035 0.104 0.104 0.1045 0.1045 0.1045 0.102 0.102 0.098 0.098 0.105 0.105 0.105 0.1055 0.1055 0.107 0.107 0.1055 0.1055 0.1065 0.1065 0.1065 0.1115 0.1115 0.1135 0.1135 0.1105 0.1105 0.1105 0.108 0.108 0.108 0.108 0.1065 0.1065 0.1065 0.1065 0.1065 0.1095 0.1095 0.1055 0.1055 0.1055 0.107
0.101 0.101 0.109 0.109 0.106 0.106 0.11 0.11 0.11 0.102 0.102 0.105 0.105 0.106 0.106 0.1075 0.1075 0.1075 0.103 0.103 0.0925 0.0925 0.09999999 0.09999999 0.09999999 0.107 0.107 0.1075 0.1075 0.107 0.107 0.107 0.1035 0.1035 0.104 0.104 0.1045 0.1045 0.1045 0.102 0.102 0.098 0.098 0.105 0.105 0.105 0.1055 0.1055 0.107 0.107 0.1055 0.1055 0.1065 0.1065 0.1065 0.1115 0.1115 0.1135 0.1135 0.1105 0.1105 0.1105 0.108 0.108 0.108 0.108 0.1065 0.1065 0.1065 0.1065 0.1065 0.1095 0.1095 0.1055 0.1055 0.1055 0.107
0.1085 0.1085 0.1095 0.1095 0.1095 0.1095 0.109 0.109 0.109 0.109 0.109 0.1075 0.1075 0.11 0.11 0.1075 0.1075 0.1075 0.1085 0.1085 0.108 0.108 0.1105 0.1105 0.1105 0.1095 0.1095 0.1065 0.1065 0.1075 0.1075 0.1075 0.11 0.11 0.1095 0.1095 0.1035 0.1035 0.1035 0.1095 0.1095 0.108 0.108 0.1015 0.1015 0.1015 0.108 0.108 0.1055 0.1055 0.1075 0.1075 0.116 0.116 0.116 0.1125 0.1125 0.1135 0.1135 0.115 0.115 0.115 0.115 0.115 0.1135 0.1135 0.1065 0.1065 0.1065 0.1075 0.1075 0.1105 0.1105 0.1075 0.1075 0.1075 0.1105
0.1085 0.1085 0.1095 0.1095 0.1095 0.1095 0.109 0.109 0.109 0.109 0.109 0.1075 0.1075 0.11 0.11 0.1075 0.1075 0.1075 0.1085 0.1085 0.108 0.108 0.1105 0.1105 0.1105 0.1095 0.1095 0.1065 0.1065 0.1075 0.1075 0.1075 0.11 0.11 0.1095 0.1095 0.1035 0.1035 0.1035 0.1095 0.1095 0.108 0.108 0.1015 0.1015 0.1015 0.108 0.108 0.1055 0.1055 0.1075 0.1075 0.116 0.116 0.116 0.1125 0.1125 0.1135 0.1135 0.115 0.115 0.115 0.115 0.115 0.1135 0.1135 0.1065 0.1065 0.1065 0.1075 0.1075 0.1105 0.1105 0.1075 0.1075 0.1075 0.1105
0.1085 0.1085 0.1095 0.1095 0.1095 0.1095 0.109 0.109 0.109 0.109 0.109 0.1075 0.1075 0.11 0.11 0.1075 0.1075 0.1075 0.1085 0.1085 0.108 0.108 0.1105 0.1105 0.1105 0.1095 0.1095 0.1065 0.1065 0.1075 0.1075 0.1075 0.11 0.11 0.1095 0.1095 0.1035 0.1035 0.1035 0.1095 0.1095 0.108 0.108 0.1015 0.1015 0.1015 0.108 0.108 0.1055 0.1055 0.1075 0.1075 0.116 0.116 0.116 0.1125 0.1125 0.1135 0.1135 0.115 0.115 0.115 0.115 0.115 0.1135 0.1135 0.1065 0.1065 0.1065 0.1075 0.1075 0.1105 0.1105 0.1075 0.1075 0.1075 0.1105
0.11 0.11 0.1095 0.1095 0.108 0.108 0.1115 0.1115 0.1115 0.1145 0.1145 0.1115 0.1115 0.112 0.112 0.1145 0.1145 0.1145 0.1135 0.1135 0.1115 0.1115 0.109 0.109 0.109 0.111 0.111 0.105 0.105 0.107 0.107 0.107 0.1045 0.1045 0.1045 0.1045 0.1025 0.1025 0.1025 0.106 0.106 0.109 0.109 0.106 0.106 0.106 0.1105 0.1105 0.112 0.112 0.109 0.109 0.1105 0.1105 0.1105 0.114 0.114 0.1145 0.1145 0.116 0.116 0.116 0.1125 0.1125 0.113 0.113 0.11 0.11 0.11 0.104 0.104 0.106 0.106 0.1095 0.1095 0.1095 0.1085
0.11 0.11 0.1095 0.1095 0.108 0.108 0.1115 0.1115 0.1115 0.1145 0.1145 0.1115 0.1115 0.112 0.112 0.1145 0.1145 0.1145 0.1135 0.1135 0.1115 0.1115 0.109 0.109 0.109 0.111 0.111 0.105 0.105 0.107 0.107 0.107 0.1045 0.1045 0.1045 0.1045 0.1025 0.1025 0.1025 0.106 0.106 0.109 0.109 0.106 0.106 0.106 0.1105 0.1105 0.112 0.112 0.109 0.109 0.1105 0.1105 0.1105 0.114 0.114 0.1145 0.1145 0.116 0.116 0.116 0.1125 0.1125 0.113 0.113 0.11 0.11 0.11 0.104 0.104 0.106 0.106 0.1095 0.1095 0.1095 0.1085
0.109 0.109 0.1095 0.1095 0.1105 0.1105 0.11 0.11 0.11 0.109 0.109 0.113 0.113 0.12 0.12 0.1145 0.1145 0.1145 0.1115 0.1115 0.11 0.11 0.1095 0.1095 0.1095 0.1095 0.1095 0.107 0.107 0.1075 0.1075 0.1075 0.1025 0.1025 0.1045 0.1045 0.1035 0.1035 0.1035 0.1055 0.1055 0.1075 0.1075 0.105 0.105 0.105 0.1125 0.1125 0.112 0.112 0.1075 0.1075 0.108 0.108 0.108 0.1115 0.1115 0.1205 0.1205 0.1205 0.1205 0.1205 0.116 0.116 0.11 0.11 0.1075 0.1075 0.1075 0.1035 0.1035 0.105 0.105 0.103 0.103 0.103 0.1045
0.109 0.109 0.1095 0.1095 0.1105 0.1105 0.11 0.11 0.11 0.109 0.109 0.113 0.113 0.12 0.12 0.1145 0.1145 0.1145 0.1115 0.1115 0.11 0.11 0.1095 0.1095 0.1095 0.1095 0.1095 0.107 0.107 0.1075 0.1075 0.1075 0.1025 0.1025 0.1045 0.1045 0.1035 0.1035 0.1035 0.1055 0.1055 0.1075 0.1075 0.105 0.105 0.105 0.1125 0.1125 0.112 0.112 0.1075 0.1075 0.108 0.108 0.108 0.1115 0.1115 0.1205 0.1205 0.1205 0.1205 0.1205 0.116 0.116 0.11 0.11 0.1075 0.1075 0.1075 0.1035 0.1035 0.105 0.105 0.103 0.103 0.103 0.1045
0.108 0.108 0.1125 0.1125 0.113 0.113 0.1115 0.1115 0.1115 0.1135 0.1135 0.113 0.113 0.1145 0.1145 0.1125 0.1125 0.1125 0.1095 0.1095 0.112 0.112 0.11 0.11 0.11 0.108 0.108 0.1105 0.1105 0.114 0.114 0.114 0.115 0.115 0.1105 0.1105 0.106 0.106 0.106 0.105 0.105 0.103 0.103 0.109 0.109 0.109 0.1135 0.1135 0.108 0.108 0.1065 0.1065 0.104 0.104 0.104 0.106 0.106 0.122 0.122 0.122 0.122 0.122 0.115 0.115 0.1115 0.1115 0.112 0.112 0.112 0.117 0.117 0.1155 0.1155 0.0985 0.0985 0.0985 0.098
0.108 0.108 0.1125 0.1125 0.113 0.113 0.1115 0.1115 0.1115 0.1135 0.1135 0.113 0.113 0.1145 0.1145 0.1125 0.1125 0.1125 0.1095 0.1095 0.112 0.112 0.11 0.11 0.11 0.108 0.108 0.1105 0.1105 0.114 0.114 0.114 0.115 0.115 0.1105 0.1105 0.106 0.106 0.106 0.105 0.105 0.103 0.103 0.109 0.109 0.109 0.1135 0.1135 0.108 0.108 0.1065 0.1065 0.104 0.104 0.104 0.106 0.106 0.122 0.122 0.122 0.122 0.122 0.115 0.115 0.1115 0.1115 0.112 0.112 0.112 0.117 0.117 0.1155 0.1155 0.0985 0.0985 0.0985 0.098
0.108 0.108 0.1125 0.1125 0.113 0.113 0.1115 0.1115 0.1115 0.1135 0.1135 0.113 0.113 0.1145 0.1145 0.1125 0.1125 0.1125 0.1095 0.1095 0.112 0.112 0.11 0.11 0.11 0.108 0.108 0.1105 0.1105 0.114 0.114 0.114 0.115 0.115 0.1105 0.1105 0.106 0.106 0.106 0.105 0.105 0.103 0.103 0.109 0.109 0.109 0.1135 0.1135 0.108 0.108 0.1065 0.1065 0.104 0.104 0.104 0.106 0.106 0.122 0.122 0.122 0.122 0.122 0.115 0.115 0.1115 0.1115 0.112 0.112 0.112 0.117 0.117 0.1155 0.1155 0.0985 0.0985 0.0985 0.098
0.11 0.11 0.1135 0.1135 0.1135 0.1135 0.114 0.114 0.114 0.1135 0.1135 0.118 0.118 0.116 0.116 0.1145 0.1145 0.1145 0.1135 0.1135 0.1135 0.1135 0.1115 0.1115 0.1115 0.1135 0.1135 0.119 0.119 0.1295 0.1295 0.1295 0.125 0.125 0.126 0.126 0.119 0.119 0.119 0.11 0.11 0.1125 0.1125 0.1165 0.1165 0.1165 0.112 0.112 0.1055 0.1055 0.108 0.108 0.11 0.11 0.11 0.113 0.113 0.12 0.12 0.127 0.127 0.127 0.1325 0.1325 0.118 0.118 0.1185 0.1185 0.1185 0.1155 0.1155 0.1185 0.1185 0.11 0.11 0.11 0.101
0.11 0.11 0.1135 0.1135 0.1135 0.1135 0.114 0.114 0.114 0.1135 0.1135 0.118 0.118 0.116 0.116 0.1145 0.1145 0.1145 0.1135 0.1135 0.1135 0.1135 0.1115 0.1115 0.1115 0.1135 0.1135 0.119 0.119 0.1295 0.1295 0.1295 0.125 0.125 0.126 0.126 0.119 0.119 0.119 0.11 0.11 0.1125 0.1125 0.1165 0.1165 0.1165 0.112 0.112 0.1055 0.1055 0.108 0.108 0.11 0.11 0.11 0.113 0.113 0.12 0.12 0.127 0.127 0.127 0.1325 0.1325 0.118 0.118 0.1185 0.1185 0.1185 0.1155 0.1155 0.1185 0.1185 0.11 0.11 0.11 0.101
0.111 0.111 0.111 0.111 0.116 0.116 0.123 0.123 0.123 0.1295 0.1295 0.1325 0.1325 0.1275 0.1275 0.1315 0.1315 0.1315 0.128 0.128 0.132 0.132 0.122 0.122 0.122 0.1145 0.1145 0.123 0.123 0.1285 0.1285 0.1285 0.124 0.124 0.1225 0.1225 0.119 0.119 0.119 0.1145 0.1145 0.1175 0.1175 0.113 0.113 0.113 0.125 0.125 0.116 0.116 0.107 0.107 0.095 0.095 0.095 0.1075 0.1075 0.1075 0.1075 0.132 0.132 0.132 0.135 0.135 0.132 0.132 0.1205 0.1205 0.1205 0.114 0.114 0.1125 0.1125 0.112 0.112 0.112 0.107
0.111 0.111 0.111 0.111 0.116 0.116 0.123 0.123 0.123 0.1295 0.1295 0.1325 0.1325 0.1275 0.1275 0.1315 0.1315 0.1315 0.128 0.128 0.132 0.132 0.122 0.122 0.122 0.1145 0.1145 0.123 0.123 0.1285 0.1285 0.1285 0.124 0.124 0.1225 0.1225 0.119 0.119 0.119 0.1145 0.1145 0.1175 0.1175 0.113 0.113 0.113 0.125 0.125 0.116 0.116 0.107 0.107 0.095 0.095 0.095 0.1075 0.1075 0.1075 0.1075 0.132 0.132 0.132 0.135 0.135 0.132 0.132 0.1205 0.1205 0.1205 0.114 0.114 0.1125 0.1125 0.112 0.112 0.112 0.107
0.115 0.115 0.121 0.121 0.1185 0.1185 0.142 0.142 0.142 0.1455 0.1455 0.146 0.146 0.139 0.139 0.137 0.137 0.137 0.121 0.121 0.13 0.13 0.123 0.123 0.123 0.126 0.126 0.1215 0.1215 0.1265 0.1265 0.1265 0.1195 0.1195 0.118 0.118 0.116 0.116 0.116 0.1135 0.1135 0.116 0.116 0.1245 0.1245 0.1245 0.123 0.123 0.126 0.126 0.1175 0.1175 0.117 0.117 0.117 0.1105 0.1105 0.121 0.121 0.131 0.131 0.131 0.137 0.137 0.141 0.141 0.129 0.129 0.129 0.112 0.112 0.108 0.108 0.115 0.115 0.115 0.114
0.115 0.115 0.121 0.121 0.1185 0.1185 0.142 0.142 0.142 0.1455 0.1455 0.146 0.146 0.139 0.139 0.137 0.137 0.137 0.121 0.121 0.13 0.13 0.123 0.123 0.123 0.126 0.126 0.1215 0.1215 0.1265 0.1265 0.1265 0.1195 0.1195 0.118 0.118 0.116 0.116 0.116 0.1135 0.1135 0.116 0.116 0.1245 0.1245 0.1245 0.123 0.123 0.126 0.126 0.1175 0.1175 0.117 0.117 0.117 0.1105 0.1105 0.121 0.121 0.131 0.131 0.131 0.137 0.137 0.141 0.141 0.129 0.129 0.129 0.112 0.112 0.108 0.108 0.115 0.115 0.115 0.114
0.115 0.115 0.121 0.121 0.1185 0.1185 0.142 0.142 0.142 0.1455 0.1455 0.146 0.146 0.139 0.139 0.137 0.137 0.137 0.121 0.121 0.13 0.13 0.123 0.123 0.123 0.126 0.126 0.1215 0.1215 0.1265 0.1265 0.1265 0.1195 0.1195 0.118 0.118 0.116 0.116 0.116 0.1135 0.1135 0.116 0.116 0.1245 0.1245 0.1245 0.123 0.123 0.126 0.126 0.1175 0.1175 0.117 0.117 0.117 0.1105 0.1105 0.121 0.121 0.131 0.131 0.131 0.137 0.137 0.141 0.141 0.129 0.129 0.129 0.112 0.112 0.108 0.108 0.115 0.115 0.115 0.114
0.1185 0.1185 0.132 0.132 0.135 0.135 0.1445 0.1445 0.1445 0.1475 0.1475 0.1495 0.1495 0.148 0.148 0.159 0.159 0.159 0.1415 0.1415 0.1295 0.1295 0.131 0.131 0.131 0.129 0.129 0.128 0.128 0.1245 0.1245 0.1245 0.1275 0.1275 0.1295 0.1295 0.124 0.124 0.124 0.1145 0.1145 0.121 0.121 0.128 0.128 0.128 0.1265 0.1265 0.125 0.125 0.122 0.122 0.116 0.116 0.116 0.1195 0.1195 0.1255 0.1255 0.1375 0.1375 0.1375 0.1375 0.1375 0.1375 0.1375 0.134 0.134 0.134 0.1255 0.1255 0.111 0.111 0.114 0.114 0.114 0.1185
0.1185 0.1185 0.132 0.132 0.135 0.135 0.1445 0.1445 0.1445 0.1475 0.1475 0.1495 0.1495 0.148 0.148 0.159 0.159 0.159 0.1415 0.1415 0.1295 0.1295 0.131 0.131 0.131 0.129 0.129 0.128 0.128 0.1245 0.1245 0.1245 0.1275 0.1275 0.1295 0.1295 0.124 0.124 0.124 0.1145 0.1145 0.121 0.121 0.128 0.128 0.128 0.1265 0.1265 0.125 0.125 0.122 0.122 0.116 0.116 0.116 0.1195 0.1195 0.1255 0.1255 0.1375 0.1375 0.1375 0.1375 0.1375 0.1375 0.1375 0.134 0.134 0.134 0.1255 0.1255 0.111 0.111 0.114 0.114 0.114 0.1185
0.1425 0.1425 0.1365 0.1365 0.1375 0.1375 0.1345 0.1345 0.1345 0.1515 0.1515 0.1545 0.1545 0.16 0.16 0.1675 0.1675 0.1675 0.1565 0.1565 0.1425 0.1425 0.134 0.134 0.134 0.134 0.134 0.1295 0.1295 0.127 0.127 0.127 0.128 0.128 0.1375 0.1375 0.1355 0.1355 0.1355 0.129 0.129 0.13 0.13 0.1345 0.1345 0.1345 0.1335 0.1335 0.134 0.134 0.144 0.144 0.1415 0.1415 0.1415 0.139 0.139 0.139 0.139 0.1465 0.1465 0.1465 0.1415 0.1415 0.139 0.139 0.13 0.13 0.13 0.1175 0.1175 0.115 0.115 0.1135 0.1135 0.1135 0.1315
0.1425 0.1425 0.1365 0.1365 0.1375 0.1375 0.1345 0.1345 0.1345 0.1515 0.1515 0.1545 0.1545 0.16 0.16 0.1675 0.1675 0.1675 0.1565 0.1565 0.1425 0.1425 0.134 0.134 0.134 0.134 0.134 0.1295 0.1295 0.127 0.127 0.127 0.128 0.128 0.1375 0.1375 0.1355 0.1355 0.1355 0.129 0.129 0.13 0.13 0.1345 0.1345 0.1345 0.1335 0.1335 0.134 0.134 0.144 0.144 0.1415 0.1415 0.1415 0.139 0.139 0.139 0.139 0.1465 0.1465 0.1465 0.1415 0.1415 0.139 0.139 0.13 0.13 0.13 0.1175 0.1175 0.115 0.115 0.1135 0.1135 0.1135 0.1315
0.1485 0.1485 0.1495 0.1495 0.132 0.132 0.1275 0.1275 0.1275 0.134 0.134 0.144 0.144 0.1635 0.1635 0.159 0.159 0.159 0.154 0.154 0.1535 0.1535 0.156 0.156 0.156 0.1505 0.1505 0.146 0.146 0.141 0.141 0.141 0.1445 0.1445 0.144 0.144 0.1365 0.1365 0.1365 0.135 0.135 0.135 0.135 0.1625 0.1625 0.1625 0.1545 0.1545 0.149 0.149 0.15 0.15 0.145 0.145 0.145 0.142 0.142 0.138 0.138 0.136 0.136 0.136 0.1385 0.1385 0.1415 0.1415 0.1495 0.1495 0.1495 0.1385 0.1385 0.1295 0.1295 0.129 0.129 0.129 0.1285
0.1485 0.1485 0.1495 0.1495 0.132 0.132 0.1275 0.1275 0.1275 0.134 0.134 0.144 0.144 0.1635 0.1635 0.159 0.159 0.159 0.154 0.154 0.1535 0.1535 0.156 0.156 0.156 0.1505 0.1505 0.146 0.146 0.141 0.141 0.141 0.1445 0.1445 0.144 0.144 0.1365 0.1365 0.1365 0.135 0.135 0.135 0.135 0.1625 0.1625 0.1625 0.1545 0.1545 0.149 0.149 0.15 0.15 0.145 0.145 0.145 0.142 0.142 0.138 0.138 0.136 0.136 0.136 0.1385 0.1385 0.1415 0.1415 0.1495 0.1495 0.1495 0.1385 0.1385 0.1295 0.1295 0.129 0.129 0.129 0.1285
