ndvi/NOAA-112.asc
ncols         252
nrows         154
xllcorner     -18.017974
yllcorner     13.481982
cellsize      0.035948
NODATA_value  -9999
[rows 68 to 101 of 154, columns 156 to 233 of 252]
0.174 0.1585 0.1585 0.1585 0.15 0.15 0.157 0.157 0.1915 0.1915 0.208 0.208 0.208 0.2285 0.2285 0.2225 0.2225 0.225 0.225 0.225 0.2325 0.2325 0.2275 0.2275 0.2155 0.2155 0.2155 0.2235 0.2235 0.216 0.216 0.2045 0.2045 0.2045 0.2025 0.2025 0.209 0.209 0.2135 0.2135 0.2135 0.222 0.222 0.204 0.204 0.2095 0.2095 0.224 0.224 0.224 0.209 0.209 0.2095 0.2095 0.2145 0.2145 0.2145 0.2315 0.2315 0.2175 0.2175 0.2065 0.2065 0.2065 0.198 0.198 0.2315 0.2315 0.2235 0.2235 0.2235 0.205 0.205 0.2 0.2 0.21 0.21 0.21
0.1665 0.1555 0.1555 0.1555 0.156 0.156 0.177 0.177 0.159 0.159 0.224 0.224 0.224 0.2125 0.2125 0.214 0.214 0.2265 0.2265 0.2265 0.2175 0.2175 0.227 0.227 0.22 0.22 0.22 0.215 0.215 0.2145 0.2145 0.2225 0.2225 0.2225 0.211 0.211 0.2225 0.2225 0.2115 0.2115 0.2115 0.218 0.218 0.214 0.214 0.209 0.209 0.2175 0.2175 0.2175 0.212 0.212 0.234 0.234 0.2305 0.2305 0.2305 0.226 0.226 0.232 0.232 0.217 0.217 0.217 0.1975 0.1975 0.205 0.205 0.222 0.222 0.222 0.2205 0.2205 0.1995 0.1995 0.2245 0.2245 0.2245
0.1665 0.1555 0.1555 0.1555 0.156 0.156 0.177 0.177 0.159 0.159 0.224 0.224 0.224 0.2125 0.2125 0.214 0.214 0.2265 0.2265 0.2265 0.2175 0.2175 0.227 0.227 0.22 0.22 0.22 0.215 0.215 0.2145 0.2145 0.2225 0.2225 0.2225 0.211 0.211 0.2225 0.2225 0.2115 0.2115 0.2115 0.218 0.218 0.214 0.214 0.209 0.209 0.2175 0.2175 0.2175 0.212 0.212 0.234 0.234 0.2305 0.2305 0.2305 0.226 0.226 0.232 0.232 0.217 0.217 0.217 0.1975 0.1975 0.205 0.205 0.222 0.222 0.222 0.2205 0.2205 0.1995 0.1995 0.2245 0.2245 0.2245
0.1795 0.1835 0.1835 0.1835 0.1795 0.1795 0.18 0.18 0.1615 0.1615 0.214 0.214 0.214 0.219 0.219 0.222 0.222 0.2345 0.2345 0.2345 0.2125 0.2125 0.211 0.211 0.2155 0.2155 0.2155 0.221 0.221 0.215 0.215 0.2145 0.2145 0.2145 0.2105 0.2105 0.2 0.2 0.213 0.213 0.213 0.2215 0.2215 0.2345 0.2345 0.222 0.222 0.2315 0.2315 0.2315 0.229 0.229 0.2355 0.2355 0.2135 0.2135 0.2135 0.225 0.225 0.234 0.234 0.231 0.231 0.231 0.2155 0.2155 0.21 0.21 0.2095 0.2095 0.2095 0.1975 0.1975 0.2195 0.2195 0.2305 0.2305 0.2305
0.1795 0.1835 0.1835 0.1835 0.1795 0.1795 0.18 0.18 0.1615 0.1615 0.214 0.214 0.214 0.219 0.219 0.222 0.222 0.2345 0.2345 0.2345 0.2125 0.2125 0.211 0.211 0.2155 0.2155 0.2155 0.221 0.221 0.215 0.215 0.2145 0.2145 0.2145 0.2105 0.2105 0.2 0.2 0.213 0.213 0.213 0.2215 0.2215 0.2345 0.2345 0.222 0.222 0.2315 0.2315 0.2315 0.229 0.229 0.2355 0.2355 0.2135 0.2135 0.2135 0.225 0.225 0.234 0.234 0.231 0.231 0.231 0.2155 0.2155 0.21 0.21 0.2095 0.2095 0.2095 0.1975 0.1975 0.2195 0.2195 0.2305 0.2305 0.2305
0.1795 0.1835 0.1835 0.1835 0.1795 0.1795 0.18 0.18 0.1615 0.1615 0.214 0.214 0.214 0.219 0.219 0.222 0.222 0.2345 0.2345 0.2345 0.2125 0.2125 0.211 0.211 0.2155 0.2155 0.2155 0.221 0.221 0.215 0.215 0.2145 0.2145 0.2145 0.2105 0.2105 0.2 0.2 0.213 0.213 0.213 0.2215 0.2215 0.2345 0.2345 0.222 0.222 0.2315 0.2315 0.2315 0.229 0.229 0.2355 0.2355 0.2135 0.2135 0.2135 0.225 0.225 0.234 0.234 0.231 0.231 0.231 0.2155 0.2155 0.21 0.21 0.2095 0.2095 0.2095 0.1975 0.1975 0.2195 0.2195 0.2305 0.2305 0.2305
0.1855 0.194 0.194 0.194 0.1875 0.1875 0.186 0.186 0.1735 0.1735 0.218 0.218 0.218 0.219 0.219 0.216 0.216 0.221 0.221 0.221 0.2115 0.2115 0.215 0.215 0.221 0.221 0.221 0.2215 0.2215 0.2115 0.2115 0.223 0.223 0.223 0.219 0.219 0.212 0.212 0.235 0.235 0.235 0.239 0.239 0.244 0.244 0.233 0.233 0.229 0.229 0.229 0.2255 0.2255 0.219 0.219 0.208 0.208 0.208 0.2175 0.2175 0.219 0.219 0.2235 0.2235 0.2235 0.2205 0.2205 0.205 0.205 0.2025 0.2025 0.2025 0.213 0.213 0.21 0.21 0.216 0.216 0.216
0.1855 0.194 0.194 0.194 0.1875 0.1875 0.186 0.186 0.1735 0.1735 0.218 0.218 0.218 0.219 0.219 0.216 0.216 0.221 0.221 0.221 0.2115 0.2115 0.215 0.215 0.221 0.221 0.221 0.2215 0.2215 0.2115 0.2115 0.223 0.223 0.223 0.219 0.219 0.212 0.212 0.235 0.235 0.235 0.239 0.239 0.244 0.244 0.233 0.233 0.229 0.229 0.229 0.2255 0.2255 0.219 0.219 0.208 0.208 0.208 0.2175 0.2175 0.219 0.219 0.2235 0.2235 0.2235 0.2205 0.2205 0.205 0.205 0.2025 0.2025 0.2025 0.213 0.213 0.21 0.21 0.216 0.216 0.216
0.1735 0.1815 0.1815 0.1815 0.1865 0.1865 0.1765 0.1765 0.17 0.17 0.198 0.198 0.198 0.2295 0.2295 0.2195 0.2195 0.2375 0.2375 0.2375 0.219 0.219 0.2285 0.2285 0.232 0.232 0.232 0.2195 0.2195 0.225 0.225 0.225 0.225 0.225 0.2225 0.2225 0.235 0.235 0.249 0.249 0.249 0.246 0.246 0.2505 0.2505 0.223 0.223 0.2355 0.2355 0.2355 0.2355 0.2355 0.2235 0.2235 0.225 0.225 0.225 0.215 0.215 0.2145 0.2145 0.219 0.219 0.219 0.237 0.237 0.2475 0.2475 0.214 0.214 0.214 0.1985 0.1985 0.2045 0.2045 0.2205 0.2205 0.2205
0.1735 0.1815 0.1815 0.1815 0.1865 0.1865 0.1765 0.1765 0.17 0.17 0.198 0.198 0.198 0.2295 0.2295 0.2195 0.2195 0.2375 0.2375 0.2375 0.219 0.219 0.2285 0.2285 0.232 0.232 0.232 0.2195 0.2195 0.225 0.225 0.225 0.225 0.225 0.2225 0.2225 0.235 0.235 0.249 0.249 0.249 0.246 0.246 0.2505 0.2505 0.223 0.223 0.2355 0.2355 0.2355 0.2355 0.2355 0.2235 0.2235 0.225 0.225 0.225 0.215 0.215 0.2145 0.2145 0.219 0.219 0.219 0.237 0.237 0.2475 0.2475 0.214 0.214 0.214 0.1985 0.1985 0.2045 0.2045 0.2205 0.2205 0.2205
0.16 0.172 0.172 0.172 0.1585 0.1585 0.1695 0.1695 0.1705 0.1705 0.195 0.195 0.195 0.204 0.204 0.211 0.211 0.21 0.21 0.21 0.2085 0.2085 0.226 0.226 0.2205 0.2205 0.2205 0.2095 0.2095 0.212 0.212 0.2125 0.2125 0.2125 0.226 0.226 0.2255 0.2255 0.226 0.226 0.226 0.2325 0.2325 0.229 0.229 0.2085 0.2085 0.2235 0.2235 0.2235 0.227 0.227 0.235 0.235 0.2345 0.2345 0.2345 0.2235 0.2235 0.219 0.219 0.2245 0.2245 0.2245 0.224 0.224 0.2315 0.2315 0.223 0.223 0.223 0.206 0.206 0.209 0.209 0.227 0.227 0.227
0.16 0.172 0.172 0.172 0.1585 0.1585 0.1695 0.1695 0.1705 0.1705 0.195 0.195 0.195 0.204 0.204 0.211 0.211 0.21 0.21 0.21 0.2085 0.2085 0.226 0.226 0.2205 0.2205 0.2205 0.2095 0.2095 0.212 0.212 0.2125 0.2125 0.2125 0.226 0.226 0.2255 0.2255 0.226 0.226 0.226 0.2325 0.2325 0.229 0.229 0.2085 0.2085 0.2235 0.2235 0.2235 0.227 0.227 0.235 0.235 0.2345 0.2345 0.2345 0.2235 0.2235 0.219 0.219 0.2245 0.2245 0.2245 0.224 0.224 0.2315 0.2315 0.223 0.223 0.223 0.206 0.206 0.209 0.209 0.227 0.227 0.227
0.15 0.1635 0.1635 0.1635 0.156 0.156 0.156 0.156 0.1665 0.1665 0.203 0.203 0.203 0.2115 0.2115 0.217 0.217 0.2015 0.2015 0.2015 0.2055 0.2055 0.227 0.227 0.2245 0.2245 0.2245 0.226 0.226 0.2175 0.2175 0.2135 0.2135 0.2135 0.2165 0.2165 0.223 0.223 0.221 0.221 0.221 0.224 0.224 0.2205 0.2205 0.217 0.217 0.23 0.23 0.23 0.236 0.236 0.2525 0.2525 0.2355 0.2355 0.2355 0.2215 0.2215 0.225 0.225 0.2225 0.2225 0.2225 0.223 0.223 0.234 0.234 0.221 0.221 0.221 0.2205 0.2205 0.22 0.22 0.243 0.243 0.243
0.15 0.1635 0.1635 0.1635 0.156 0.156 0.156 0.156 0.1665 0.1665 0.203 0.203 0.203 0.2115 0.2115 0.217 0.217 0.2015 0.2015 0.2015 0.2055 0.2055 0.227 0.227 0.2245 0.2245 0.2245 0.226 0.226 0.2175 0.2175 0.2135 0.2135 0.2135 0.2165 0.2165 0.223 0.223 0.221 0.221 0.221 0.224 0.224 0.2205 0.2205 0.217 0.217 0.23 0.23 0.23 0.236 0.236 0.2525 0.2525 0.2355 0.2355 0.2355 0.2215 0.2215 0.225 0.225 0.2225 0.2225 0.2225 0.223 0.223 0.234 0.234 0.221 0.221 0.221 0.2205 0.2205 0.22 0.22 0.243 0.243 0.243
0.15 0.1635 0.1635 0.1635 0.156 0.156 0.156 0.156 0.1665 0.1665 0.203 0.203 0.203 0.2115 0.2115 0.217 0.217 0.2015 0.2015 0.2015 0.2055 0.2055 0.227 0.227 0.2245 0.2245 0.2245 0.226 0.226 0.2175 0.2175 0.2135 0.2135 0.2135 0.2165 0.2165 0.223 0.223 0.221 0.221 0.221 0.224 0.224 0.2205 0.2205 0.217 0.217 0.23 0.23 0.23 0.236 0.236 0.2525 0.2525 0.2355 0.2355 0.2355 0.2215 0.2215 0.225 0.225 0.2225 0.2225 0.2225 0.223 0.223 0.234 0.234 0.221 0.221 0.221 0.2205 0.2205 0.22 0.22 0.243 0.243 0.243
0.1705 0.167 0.167 0.167 0.16 0.16 0.148 0.148 0.2055 0.2055 0.206 0.206 0.206 0.222 0.222 0.2335 0.2335 0.2435 0.2435 0.2435 0.232 0.232 0.2285 0.2285 0.2205 0.2205 0.2205 0.224 0.224 0.197 0.197 0.1995 0.1995 0.1995 0.1995 0.1995 0.2105 0.2105 0.21 0.21 0.21 0.2105 0.2105 0.2205 0.2205 0.2295 0.2295 0.238 0.238 0.238 0.2475 0.2475 0.2475 0.2475 0.235 0.235 0.235 0.228 0.228 0.235 0.235 0.237 0.237 0.237 0.233 0.233 0.2325 0.2325 0.2295 0.2295 0.2295 0.233 0.233 0.2265 0.2265 0.2175 0.2175 0.2175
0.1705 0.167 0.167 0.167 0.16 0.16 0.148 0.148 0.2055 0.2055 0.206 0.206 0.206 0.222 0.222 0.2335 0.2335 0.2435 0.2435 0.2435 0.232 0.232 0.2285 0.2285 0.2205 0.2205 0.2205 0.224 0.224 0.197 0.197 0.1995 0.1995 0.1995 0.1995 0.1995 0.2105 0.2105 0.21 0.21 0.21 0.2105 0.2105 0.2205 0.2205 0.2295 0.2295 0.238 0.238 0.238 0.2475 0.2475 0.2475 0.2475 0.235 0.235 0.235 0.228 0.228 0.235 0.235 0.237 0.237 0.237 0.233 0.233 0.2325 0.2325 0.2295 0.2295 0.2295 0.233 0.233 0.2265 0.2265 0.2175 0.2175 0.2175
0.174 0.179 0.179 0.179 0.1545 0.1545 0.192 0.192 0.2175 0.2175 0.222 0.222 0.222 0.2205 0.2205 0.2215 0.2215 0.239 0.239 0.239 0.235 0.235 0.231 0.231 0.216 0.216 0.216 0.22 0.22 0.2125 0.2125 0.2075 0.2075 0.2075 0.2135 0.2135 0.2165 0.2165 0.2245 0.2245 0.2245 0.226 0.226 0.232 0.232 0.2325 0.2325 0.25 0.25 0.25 0.2385 0.2385 0.243 0.243 0.235 0.235 0.235 0.2295 0.2295 0.227 0.227 0.2345 0.2345 0.2345 0.2365 0.2365 0.2425 0.2425 0.2375 0.2375 0.2375 0.232 0.232 0.2405 0.2405 0.2275 0.2275 0.2275
0.174 0.179 0.179 0.179 0.1545 0.1545 0.192 0.192 0.2175 0.2175 0.222 0.222 0.222 0.2205 0.2205 0.2215 0.2215 0.239 0.239 0.239 0.235 0.235 0.231 0.231 0.216 0.216 0.216 0.22 0.22 0.2125 0.2125 0.2075 0.2075 0.2075 0.2135 0.2135 0.2165 0.2165 0.2245 0.2245 0.2245 0.226 0.226 0.232 0.232 0.2325 0.2325 0.25 0.25 0.25 0.2385 0.2385 0.243 0.243 0.235 0.235 0.235 0.2295 0.2295 0.227 0.227 0.2345 0.2345 0.2345 0.2365 0.2365 0.2425 0.2425 0.2375 0.2375 0.2375 0.232 0.232 0.2405 0.2405 0.2275 0.2275 0.2275
0.193 0.1855 0.1855 0.1855 0.1755 0.1755 0.1785 0.1785 0.229 0.229 0.2225 0.2225 0.2225 0.2165 0.2165 0.2235 0.2235 0.23 0.23 0.23 0.24 0.24 0.2345 0.2345 0.23 0.23 0.23 0.2225 0.2225 0.2055 0.2055 0.2165 0.2165 0.2165 0.2185 0.2185 0.22 0.22 0.224 0.224 0.224 0.23 0.23 0.2305 0.2305 0.234 0.234 0.2345 0.2345 0.2345 0.2375 0.2375 0.23 0.23 0.228 0.228 0.228 0.2285 0.2285 0.2255 0.2255 0.2305 0.2305 0.2305 0.242 0.242 0.242 0.242 0.2245 0.2245 0.2245 0.238 0.238 0.226 0.226 0.225 0.225 0.225
0.193 0.1855 0.1855 0.1855 0.1755 0.1755 0.1785 0.1785 0.229 0.229 0.2225 0.2225 0.2225 0.2165 0.2165 0.2235 0.2235 0.23 0.23 0.23 0.24 0.24 0.2345 0.2345 0.23 0.23 0.23 0.2225 0.2225 0.2055 0.2055 0.2165 0.2165 0.2165 0.2185 0.2185 0.22 0.22 0.224 0.224 0.224 0.23 0.23 0.2305 0.2305 0.234 0.234 0.2345 0.2345 0.2345 0.2375 0.2375 0.23 0.23 0.228 0.228 0.228 0.2285 0.2285 0.2255 0.2255 0.2305 0.2305 0.2305 0.242 0.242 0.242 0.242 0.2245 0.2245 0.2245 0.238 0.238 0.226 0.226 0.225 0.225 0.225
0.193 0.1855 0.1855 0.1855 0.1755 0.1755 0.1785 0.1785 0.229 0.229 0.2225 0.2225 0.2225 0.2165 0.2165 0.2235 0.2235 0.23 0.23 0.23 0.24 0.24 0.2345 0.2345 0.23 0.23 0.23 0.2225 0.2225 0.2055 0.2055 0.2165 0.2165 0.2165 0.2185 0.2185 0.22 0.22 0.224 0.224 0.224 0.23 0.23 0.2305 0.2305 0.234 0.234 0.2345 0.2345 0.2345 0.2375 0.2375 0.23 0.23 0.228 0.228 0.228 0.2285 0.2285 0.2255 0.2255 0.2305 0.2305 0.2305 0.242 0.242 0.242 0.242 0.2245 0.2245 0.2245 0.238 0.238 0.226 0.226 0.225 0.225 0.225
0.183 0.202 0.202 0.202 0.1795 0.1795 0.205 0.205 0.218 0.218 0.2285 0.2285 0.2285 0.2255 0.2255 0.2295 0.2295 0.2325 0.2325 0.2325 0.2275 0.2275 0.218 0.218 0.22 0.22 0.22 0.1945 0.1945 0.2075 0.2075 0.2095 0.2095 0.2095 0.235 0.235 0.235 0.235 0.2285 0.2285 0.2285 0.2255 0.2255 0.239 0.239 0.238 0.238 0.226 0.226 0.226 0.227 0.227 0.2235 0.2235 0.226 0.226 0.226 0.215 0.215 0.2265 0.2265 0.218 0.218 0.218 0.244 0.244 0.2335 0.2335 0.218 0.218 0.218 0.239 0.239 0.2305 0.2305 0.239 0.239 0.239
0.183 0.202 0.202 0.202 0.1795 0.1795 0.205 0.205 0.218 0.218 0.2285 0.2285 0.2285 0.2255 0.2255 0.2295 0.2295 0.2325 0.2325 0.2325 0.2275 0.2275 0.218 0.218 0.22 0.22 0.22 0.1945 0.1945 0.2075 0.2075 0.2095 0.2095 0.2095 0.235 0.235 0.235 0.235 0.2285 0.2285 0.2285 0.2255 0.2255 0.239 0.239 0.238 0.238 0.226 0.226 0.226 0.227 0.227 0.2235 0.2235 0.226 0.226 0.226 0.215 0.215 0.2265 0.2265 0.218 0.218 0.218 0.244 0.244 0.2335 0.2335 0.218 0.218 0.218 0.239 0.239 0.2305 0.2305 0.239 0.239 0.239
0.194 0.187 0.187 0.187 0.1945 0.1945 0.206 0.206 0.215 0.215 0.2295 0.2295 0.2295 0.2345 0.2345 0.241 0.241 0.2345 0.2345 0.2345 0.241 0.241 0.233 0.233 0.1995 0.1995 0.1995 0.2085 0.2085 0.215 0.215 0.2155 0.2155 0.2155 0.24 0.24 0.2355 0.2355 0.2305 0.2305 0.2305 0.238 0.238 0.227 0.227 0.23 0.23 0.2205 0.2205 0.2205 0.2195 0.2195 0.2315 0.2315 0.2305 0.2305 0.2305 0.23 0.23 0.2295 0.2295 0.234 0.234 0.234 0.2345 0.2345 0.2205 0.2205 0.2315 0.2315 0.2315 0.241 0.241 0.233 0.233 0.231 0.231 0.231
0.194 0.187 0.187 0.187 0.1945 0.1945 0.206 0.206 0.215 0.215 0.2295 0.2295 0.2295 0.2345 0.2345 0.241 0.241 0.2345 0.2345 0.2345 0.241 0.241 0.233 0.233 0.1995 0.1995 0.1995 0.2085 0.2085 0.215 0.215 0.2155 0.2155 0.2155 0.24 0.24 0.2355 0.2355 0.2305 0.2305 0.2305 0.238 0.238 0.227 0.227 0.23 0.23 0.2205 0.2205 0.2205 0.2195 0.2195 0.2315 0.2315 0.2305 0.2305 0.2305 0.23 0.23 0.2295 0.2295 0.234 0.234 0.234 0.2345 0.2345 0.2205 0.2205 0.2315 0.2315 0.2315 0.241 0.241 0.233 0.233 0.231 0.231 0.231
0.198 0.217 0.217 0.217 0.2305 0.2305 0.23 0.23 0.229 0.229 0.2345 0.2345 0.2345 0.223 0.223 0.233 0.233 0.228 0.228 0.228 0.222 0.222 0.2155 0.2155 0.213 0.213 0.213 0.2135 0.2135 0.2275 0.2275 0.2335 0.2335 0.2335 0.2395 0.2395 0.2435 0.2435 0.2355 0.2355 0.2355 0.252 0.252 0.261 0.261 0.2605 0.2605 0.2255 0.2255 0.2255 0.228 0.228 0.222 0.222 0.227 0.227 0.227 0.2225 0.2225 0.2245 0.2245 0.2435 0.2435 0.2435 0.234 0.234 0.231 0.231 0.227 0.227 0.227 0.226 0.226 0.2365 0.2365 0.2435 0.2435 0.2435
0.198 0.217 0.217 0.217 0.2305 0.2305 0.23 0.23 0.229 0.229 0.2345 0.2345 0.2345 0.223 0.223 0.233 0.233 0.228 0.228 0.228 0.222 0.222 0.2155 0.2155 0.213 0.213 0.213 0.2135 0.2135 0.2275 0.2275 0.2335 0.2335 0.2335 0.2395 0.2395 0.2435 0.2435 0.2355 0.2355 0.2355 0.252 0.252 0.261 0.261 0.2605 0.2605 0.2255 0.2255 0.2255 0.228 0.228 0.222 0.222 0.227 0.227 0.227 0.2225 0.2225 0.2245 0.2245 0.2435 0.2435 0.2435 0.234 0.234 0.231 0.231 0.227 0.227 0.227 0.226 0.226 0.2365 0.2365 0.2435 0.2435 0.2435
0.198 0.217 0.217 0.217 0.2305 0.2305 0.23 0.23 0.229 0.229 0.2345 0.2345 0.2345 0.223 0.223 0.233 0.233 0.228 0.228 0.228 0.222 0.222 0.2155 0.2155 0.213 0.213 0.213 0.2135 0.2135 0.2275 0.2275 0.2335 0.2335 0.2335 0.2395 0.2395 0.2435 0.2435 0.2355 0.2355 0.2355 0.252 0.252 0.261 0.261 0.2605 0.2605 0.2255 0.2255 0.2255 0.228 0.228 0.222 0.222 0.227 0.227 0.227 0.2225 0.2225 0.2245 0.2245 0.2435 0.2435 0.2435 0.234 0.234 0.231 0.231 0.227 0.227 0.227 0.226 0.226 0.2365 0.2365 0.2435 0.2435 0.2435
0.201 0.2245 0.2245 0.2245 0.2155 0.2155 0.227 0.227 0.209 0.209 0.2095 0.2095 0.2095 0.2075 0.2075 0.2115 0.2115 0.234 0.234 0.234 0.226 0.226 0.2015 0.2015 0.2115 0.2115 0.2115 0.228 0.228 0.231 0.231 0.222 0.222 0.222 0.212 0.212 0.2235 0.2235 0.231 0.231 0.231 0.2375 0.2375 0.247 0.247 0.2365 0.2365 0.2225 0.2225 0.2225 0.234 0.234 0.2055 0.2055 0.2 0.2 0.2 0.248 0.248 0.239 0.239 0.2375 0.2375 0.2375 0.2165 0.2165 0.228 0.228 0.212 0.212 0.212 0.2115 0.2115 0.247 0.247 0.2295 0.2295 0.2295
0.201 0.2245 0.2245 0.2245 0.2155 0.2155 0.227 0.227 0.209 0.209 0.2095 0.2095 0.2095 0.2075 0.2075 0.2115 0.2115 0.234 0.234 0.234 0.226 0.226 0.2015 0.2015 0.2115 0.2115 0.2115 0.228 0.228 0.231 0.231 0.222 0.222 0.222 0.212 0.212 0.2235 0.2235 0.231 0.231 0.231 0.2375 0.2375 0.247 0.247 0.2365 0.2365 0.2225 0.2225 0.2225 0.234 0.234 0.2055 0.2055 0.2 0.2 0.2 0.248 0.248 0.239 0.239 0.2375 0.2375 0.2375 0.2165 0.2165 0.228 0.228 0.212 0.212 0.212 0.2115 0.2115 0.247 0.247 0.2295 0.2295 0.2295
0.2 0.213 0.213 0.213 0.1965 0.1965 0.2205 0.2205 0.2185 0.2185 0.207 0.207 0.207 0.195 0.195 0.225 0.225 0.2435 0.2435 0.2435 0.235 0.235 0.226 0.226 0.225 0.225 0.225 0.2325 0.2325 0.2235 0.2235 0.2255 0.2255 0.2255 0.222 0.222 0.231 0.231 0.2425 0.2425 0.2425 0.2345 0.2345 0.234 0.234 0.245 0.245 0.235 0.235 0.235 0.2145 0.2145 0.21 0.21 0.202 0.202 0.202 0.202 0.202 0.217 0.217 0.226 0.226 0.226 0.21 0.21 0.207 0.207 0.205 0.205 0.205 0.2155 0.2155 0.2025 0.2025 0.2 0.2 0.2
0.2 0.213 0.213 0.213 0.1965 0.1965 0.2205 0.2205 0.2185 0.2185 0.207 0.207 0.207 0.195 0.195 0.225 0.225 0.2435 0.2435 0.2435 0.235 0.235 0.226 0.226 0.225 0.225 0.225 0.2325 0.2325 0.2235 0.2235 0.2255 0.2255 0.2255 0.222 0.222 0.231 0.231 0.2425 0.2425 0.2425 0.2345 0.2345 0.234 0.234 0.245 0.245 0.235 0.235 0.235 0.2145 0.2145 0.21 0.21 0.202 0.202 0.202 0.202 0.202 0.217 0.217 0.226 0.226 0.226 0.21 0.21 0.207 0.207 0.205 0.205 0.205 0.2155 0.2155 0.2025 0.2025 0.2 0.2 0.2
0.197 0.1945 0.1945 0.1945 0.198 0.198 0.1965 0.1965 0.228 0.228 0.2285 0.2285 0.2285 0.2175 0.2175 0.218 0.218 0.2405 0.2405 0.2405 0.2295 0.2295 0.2235 0.2235 0.2355 0.2355 0.2355 0.216 0.216 0.218 0.218 0.214 0.214 0.214 0.225 0.225 0.2315 0.2315 0.2275 0.2275 0.2275 0.2315 0.2315 0.2225 0.2225 0.2405 0.2405 0.23 0.23 0.23 0.2175 0.2175 0.2155 0.2155 0.2205 0.2205 0.2205 0.213 0.213 0.211 0.211 0.2085 0.2085 0.2085 0.208 0.208 0.196 0.196 0.1885 0.1885 0.1885 0.209 0.209 0.221 0.221 0.1945 0.1945 0.1945
