ndvi/NOAA-16.asc
ncols         252
nrows         154
xllcorner     -18.017974
yllcorner     13.481982
cellsize      0.035948
NODATA_value  -9999
[rows 0 to 33 of 154, columns 78 to 155 of 252]
0.1055 0.1045 0.1045 0.108 0.108 0.1125 0.1125 0.1125 0.1075 0.1075 0.1015 0.1015 0.1125 0.1125 0.112 0.112 0.112 0.1065 0.1065 0.1075 0.1075 0.1065 0.1065 0.1065 0.1045 0.1045 0.099 0.099 0.096 0.096 0.096 0.0955 0.0955 0.091 0.091 0.0905 0.0905 0.0905 0.093 0.093 0.087 0.087 0.0875 0.0875 0.0875 0.092 0.092 0.0955 0.0955 0.1025 0.1025 0.0975 0.0975 0.0975 0.0985 0.0985 0.1025 0.1025 0.099 0.099 0.099 0.1025 0.1025 0.0975 0.0975 0.1 0.1 0.1 0.092 0.092 0.099 0.099 0.1 0.1 0.1 0.0995 0.0995 0.09100001
0.1055 0.1045 0.1045 0.108 0.108 0.1125 0.1125 0.1125 0.1075 0.1075 0.1015 0.1015 0.1125 0.1125 0.112 0.112 0.112 0.1065 0.1065 0.1075 0.1075 0.1065 0.1065 0.1065 0.1045 0.1045 0.099 0.099 0.096 0.096 0.096 0.0955 0.0955 0.091 0.091 0.0905 0.0905 0.0905 0.093 0.093 0.087 0.087 0.0875 0.0875 0.0875 0.092 0.092 0.0955 0.0955 0.1025 0.1025 0.0975 0.0975 0.0975 0.0985 0.0985 0.1025 0.1025 0.099 0.099 0.099 0.1025 0.1025 0.0975 0.0975 0.1 0.1 0.1 0.092 0.092 0.099 0.099 0.1 0.1 0.1 0.0995 0.0995 0.09100001
0.11 0.1115 0.1115 0.109 0.109 0.108 0.108 0.108 0.109 0.109 0.112 0.112 0.1085 0.1085 0.11 0.11 0.11 0.1105 0.1105 0.102 0.102 0.1 0.1 0.1 0.102 0.102 0.099 0.099 0.092 0.092 0.092 0.0885 0.0885 0.089 0.089 0.0965 0.0965 0.0965 0.0905 0.0905 0.0895 0.0895 0.092 0.092 0.092 0.0985 0.0985 0.11 0.11 0.0985 0.0985 0.1115 0.1115 0.1115 0.108 0.108 0.1085 0.1085 0.103 0.103 0.103 0.102 0.102 0.0995 0.0995 0.098 0.098 0.098 0.1 0.1 0.096 0.096 0.094 0.094 0.094 0.097 0.097 0.098
0.11 0.1115 0.1115 0.109 0.109 0.108 0.108 0.108 0.109 0.109 0.112 0.112 0.1085 0.1085 0.11 0.11 0.11 0.1105 0.1105 0.102 0.102 0.1 0.1 0.1 0.102 0.102 0.099 0.099 0.092 0.092 0.092 0.0885 0.0885 0.089 0.089 0.0965 0.0965 0.0965 0.0905 0.0905 0.0895 0.0895 0.092 0.092 0.092 0.0985 0.0985 0.11 0.11 0.0985 0.0985 0.1115 0.1115 0.1115 0.108 0.108 0.1085 0.1085 0.103 0.103 0.103 0.102 0.102 0.0995 0.0995 0.098 0.098 0.098 0.1 0.1 0.096 0.096 0.094 0.094 0.094 0.097 0.097 0.098
0.11 0.1115 0.1115 0.109 0.109 0.108 0.108 0.108 0.109 0.109 0.112 0.112 0.1085 0.1085 0.11 0.11 0.11 0.1105 0.1105 0.102 0.102 0.1 0.1 0.1 0.102 0.102 0.099 0.099 0.092 0.092 0.092 0.0885 0.0885 0.089 0.089 0.0965 0.0965 0.0965 0.0905 0.0905 0.0895 0.0895 0.092 0.092 0.092 0.0985 0.0985 0.11 0.11 0.0985 0.0985 0.1115 0.1115 0.1115 0.108 0.108 0.1085 0.1085 0.103 0.103 0.103 0.102 0.102 0.0995 0.0995 0.098 0.098 0.098 0.1 0.1 0.096 0.096 0.094 0.094 0.094 0.097 0.097 0.098
0.1115 0.1085 0.1085 0.11 0.11 0.1115 0.1115 0.1115 0.111 0.111 0.112 0.112 0.1095 0.1095 0.1115 0.1115 0.1115 0.1085 0.1085 0.104 0.104 0.109 0.109 0.109 0.0995 0.0995 0.092 0.092 0.092 0.092 0.092 0.0875 0.0875 0.0885 0.0885 0.098 0.098 0.098 0.1015 0.1015 0.089 0.089 0.1 0.1 0.1 0.102 0.102 0.103 0.103 0.107 0.107 0.107 0.107 0.107 0.105 0.105 0.1015 0.1015 0.104 0.104 0.104 0.1015 0.1015 0.107 0.107 0.107 0.107 0.107 0.1075 0.1075 0.1095 0.1095 0.097 0.097 0.097 0.1025 0.1025 0.1015
0.1115 0.1085 0.1085 0.11 0.11 0.1115 0.1115 0.1115 0.111 0.111 0.112 0.112 0.1095 0.1095 0.1115 0.1115 0.1115 0.1085 0.1085 0.104 0.104 0.109 0.109 0.109 0.0995 0.0995 0.092 0.092 0.092 0.092 0.092 0.0875 0.0875 0.0885 0.0885 0.098 0.098 0.098 0.1015 0.1015 0.089 0.089 0.1 0.1 0.1 0.102 0.102 0.103 0.103 0.107 0.107 0.107 0.107 0.107 0.105 0.105 0.1015 0.1015 0.104 0.104 0.104 0.1015 0.1015 0.107 0.107 0.107 0.107 0.107 0.1075 0.1075 0.1095 0.1095 0.097 0.097 0.097 0.1025 0.1025 0.1015
0.106 0.106 0.106 0.108 0.108 0.109 0.109 0.109 0.1125 0.1125 0.112 0.112 0.1085 0.1085 0.1085 0.1085 0.1085 0.11 0.11 0.1095 0.1095 0.1035 0.1035 0.1035 0.094 0.094 0.0925 0.0925 0.0925 0.0925 0.0925 0.1045 0.1045 0.096 0.096 0.0995 0.0995 0.0995 0.099 0.099 0.1015 0.1015 0.113 0.113 0.113 0.106 0.106 0.1075 0.1075 0.1075 0.1075 0.1095 0.1095 0.1095 0.111 0.111 0.109 0.109 0.107 0.107 0.107 0.106 0.106 0.103 0.103 0.106 0.106 0.106 0.1125 0.1125 0.107 0.107 0.1035 0.1035 0.1035 0.1025 0.1025 0.1015
0.106 0.106 0.106 0.108 0.108 0.109 0.109 0.109 0.1125 0.1125 0.112 0.112 0.1085 0.1085 0.1085 0.1085 0.1085 0.11 0.11 0.1095 0.1095 0.1035 0.1035 0.1035 0.094 0.094 0.0925 0.0925 0.0925 0.0925 0.0925 0.1045 0.1045 0.096 0.096 0.0995 0.0995 0.0995 0.099 0.099 0.1015 0.1015 0.113 0.113 0.113 0.106 0.106 0.1075 0.1075 0.1075 0.1075 0.1095 0.1095 0.1095 0.111 0.111 0.109 0.109 0.107 0.107 0.107 0.106 0.106 0.103 0.103 0.106 0.106 0.106 0.1125 0.1125 0.107 0.107 0.1035 0.1035 0.1035 0.1025 0.1025 0.1015
0.1075 0.113 0.113 0.113 0.113 0.1105 0.1105 0.1105 0.11 0.11 0.112 0.112 0.112 0.112 0.11 0.11 0.11 0.1055 0.1055 0.1205 0.1205 0.115 0.115 0.115 0.122 0.122 0.1175 0.1175 0.12 0.12 0.12 0.117 0.117 0.1205 0.1205 0.1165 0.1165 0.1165 0.1025 0.1025 0.1115 0.1115 0.117 0.117 0.117 0.1195 0.1195 0.1145 0.1145 0.114 0.114 0.1105 0.1105 0.1105 0.1055 0.1055 0.1055 0.1055 0.1075 0.1075 0.1075 0.111 0.111 0.1045 0.1045 0.1075 0.1075 0.1075 0.104 0.104 0.107 0.107 0.1085 0.1085 0.1085 0.11 0.11 0.1145
0.1075 0.113 0.113 0.113 0.113 0.1105 0.1105 0.1105 0.11 0.11 0.112 0.112 0.112 0.112 0.11 0.11 0.11 0.1055 0.1055 0.1205 0.1205 0.115 0.115 0.115 0.122 0.122 0.1175 0.1175 0.12 0.12 0.12 0.117 0.117 0.1205 0.1205 0.1165 0.1165 0.1165 0.1025 0.1025 0.1115 0.1115 0.117 0.117 0.117 0.1195 0.1195 0.1145 0.1145 0.114 0.114 0.1105 0.1105 0.1105 0.1055 0.1055 0.1055 0.1055 0.1075 0.1075 0.1075 0.111 0.111 0.1045 0.1045 0.1075 0.1075 0.1075 0.104 0.104 0.107 0.107 0.1085 0.1085 0.1085 0.11 0.11 0.1145
0.1135 0.11 0.11 0.1145 0.1145 0.113 0.113 0.113 0.113 0.113 0.1125 0.1125 0.111 0.111 0.1195 0.1195 0.1195 0.121 0.121 0.1155 0.1155 0.119 0.119 0.119 0.12 0.12 0.114 0.114 0.1175 0.1175 0.1175 0.11 0.11 0.108 0.108 0.11 0.11 0.11 0.1145 0.1145 0.119 0.119 0.1185 0.1185 0.1185 0.1185 0.1185 0.1165 0.1165 0.1165 0.1165 0.1165 0.1165 0.1165 0.1155 0.1155 0.114 0.114 0.1135 0.1135 0.1135 0.1125 0.1125 0.1135 0.1135 0.114 0.114 0.114 0.112 0.112 0.11 0.11 0.115 0.115 0.115 0.1135 0.1135 0.1065
0.1135 0.11 0.11 0.1145 0.1145 0.113 0.113 0.113 0.113 0.113 0.1125 0.1125 0.111 0.111 0.1195 0.1195 0.1195 0.121 0.121 0.1155 0.1155 0.119 0.119 0.119 0.12 0.12 0.114 0.114 0.1175 0.1175 0.1175 0.11 0.11 0.108 0.108 0.11 0.11 0.11 0.1145 0.1145 0.119 0.119 0.1185 0.1185 0.1185 0.1185 0.1185 0.1165 0.1165 0.1165 0.1165 0.1165 0.1165 0.1165 0.1155 0.1155 0.114 0.114 0.1135 0.1135 0.1135 0.1125 0.1125 0.1135 0.1135 0.114 0.114 0.114 0.112 0.112 0.11 0.11 0.115 0.115 0.115 0.1135 0.1135 0.1065
0.1135 0.11 0.11 0.1145 0.1145 0.113 0.113 0.113 0.113 0.113 0.1125 0.1125 0.111 0.111 0.1195 0.1195 0.1195 0.121 0.121 0.1155 0.1155 0.119 0.119 0.119 0.12 0.12 0.114 0.114 0.1175 0.1175 0.1175 0.11 0.11 0.108 0.108 0.11 0.11 0.11 0.1145 0.1145 0.119 0.119 0.1185 0.1185 0.1185 0.1185 0.1185 0.1165 0.1165 0.1165 0.1165 0.1165 0.1165 0.1165 0.1155 0.1155 0.114 0.114 0.1135 0.1135 0.1135 0.1125 0.1125 0.1135 0.1135 0.114 0.114 0.114 0.112 0.112 0.11 0.11 0.115 0.115 0.115 0.1135 0.1135 0.1065
0.116 0.115 0.115 0.1175 0.1175 0.12 0.12 0.12 0.117 0.117 0.112 0.112 0.122 0.122 0.1245 0.1245 0.1245 0.123 0.123 0.1185 0.1185 0.1145 0.1145 0.1145 0.114 0.114 0.11 0.11 0.109 0.109 0.109 0.109 0.109 0.108 0.108 0.1075 0.1075 0.1075 0.1125 0.1125 0.119 0.119 0.1215 0.1215 0.1215 0.121 0.121 0.124 0.124 0.121 0.121 0.1215 0.1215 0.1215 0.12 0.12 0.1145 0.1145 0.116 0.116 0.116 0.112 0.112 0.116 0.116 0.116 0.116 0.116 0.114 0.114 0.114 0.114 0.116 0.116 0.116 0.113 0.113 0.114
0.116 0.115 0.115 0.1175 0.1175 0.12 0.12 0.12 0.117 0.117 0.112 0.112 0.122 0.122 0.1245 0.1245 0.1245 0.123 0.123 0.1185 0.1185 0.1145 0.1145 0.1145 0.114 0.114 0.11 0.11 0.109 0.109 0.109 0.109 0.109 0.108 0.108 0.1075 0.1075 0.1075 0.1125 0.1125 0.119 0.119 0.1215 0.1215 0.1215 0.121 0.121 0.124 0.124 0.121 0.121 0.1215 0.1215 0.1215 0.12 0.12 0.1145 0.1145 0.116 0.116 0.116 0.112 0.112 0.116 0.116 0.116 0.116 0.116 0.114 0.114 0.114 0.114 0.116 0.116 0.116 0.113 0.113 0.114
0.1145 0.1205 0.1205 0.1175 0.1175 0.117 0.117 0.117 0.1205 0.1205 0.12 0.12 0.1235 0.1235 0.1175 0.1175 0.1175 0.1165 0.1165 0.113 0.113 0.114 0.114 0.114 0.1095 0.1095 0.112 0.112 0.112 0.112 0.112 0.107 0.107 0.1115 0.1115 0.113 0.113 0.113 0.1095 0.1095 0.116 0.116 0.118 0.118 0.118 0.127 0.127 0.1245 0.1245 0.1195 0.1195 0.1205 0.1205 0.1205 0.124 0.124 0.12 0.12 0.1265 0.1265 0.1265 0.1205 0.1205 0.117 0.117 0.115 0.115 0.115 0.1105 0.1105 0.107 0.107 0.1115 0.1115 0.1115 0.1165 0.1165 0.108
0.1145 0.1205 0.1205 0.1175 0.1175 0.117 0.117 0.117 0.1205 0.1205 0.12 0.12 0.1235 0.1235 0.1175 0.1175 0.1175 0.1165 0.1165 0.113 0.113 0.114 0.114 0.114 0.1095 0.1095 0.112 0.112 0.112 0.112 0.112 0.107 0.107 0.1115 0.1115 0.113 0.113 0.113 0.1095 0.1095 0.116 0.116 0.118 0.118 0.118 0.127 0.127 0.1245 0.1245 0.1195 0.1195 0.1205 0.1205 0.1205 0.124 0.124 0.12 0.12 0.1265 0.1265 0.1265 0.1205 0.1205 0.117 0.117 0.115 0.115 0.115 0.1105 0.1105 0.107 0.107 0.1115 0.1115 0.1115 0.1165 0.1165 0.108
0.1175 0.114 0.114 0.1165 0.1165 0.1175 0.1175 0.1175 0.1245 0.1245 0.1195 0.1195 0.1105 0.1105 0.1145 0.1145 0.1145 0.1155 0.1155 0.1145 0.1145 0.114 0.114 0.114 0.1155 0.1155 0.117 0.117 0.1195 0.1195 0.1195 0.1225 0.1225 0.114 0.114 0.1125 0.1125 0.1125 0.117 0.117 0.1135 0.1135 0.1225 0.1225 0.1225 0.1245 0.1245 0.1195 0.1195 0.11 0.11 0.115 0.115 0.115 0.1095 0.1095 0.1235 0.1235 0.1235 0.1235 0.1235 0.124 0.124 0.1215 0.1215 0.1175 0.1175 0.1175 0.1175 0.1175 0.1195 0.1195 0.104 0.104 0.104 0.103 0.103 0.132
0.1175 0.114 0.114 0.1165 0.1165 0.1175 0.1175 0.1175 0.1245 0.1245 0.1195 0.1195 0.1105 0.1105 0.1145 0.1145 0.1145 0.1155 0.1155 0.1145 0.1145 0.114 0.114 0.114 0.1155 0.1155 0.117 0.117 0.1195 0.1195 0.1195 0.1225 0.1225 0.114 0.114 0.1125 0.1125 0.1125 0.117 0.117 0.1135 0.1135 0.1225 0.1225 0.1225 0.1245 0.1245 0.1195 0.1195 0.11 0.11 0.115 0.115 0.115 0.1095 0.1095 0.1235 0.1235 0.1235 0.1235 0.1235 0.124 0.124 0.1215 0.1215 0.1175 0.1175 0.1175 0.1175 0.1175 0.1195 0.1195 0.104 0.104 0.104 0.103 0.103 0.132
0.1175 0.114 0.114 0.1165 0.1165 0.1175 0.1175 0.1175 0.1245 0.1245 0.1195 0.1195 0.1105 0.1105 0.1145 0.1145 0.1145 0.1155 0.1155 0.1145 0.1145 0.114 0.114 0.114 0.1155 0.1155 0.117 0.117 0.1195 0.1195 0.1195 0.1225 0.1225 0.114 0.114 0.1125 0.1125 0.1125 0.117 0.117 0.1135 0.1135 0.1225 0.1225 0.1225 0.1245 0.1245 0.1195 0.1195 0.11 0.11 0.115 0.115 0.115 0.1095 0.1095 0.1235 0.1235 0.1235 0.1235 0.1235 0.124 0.124 0.1215 0.1215 0.1175 0.1175 0.1175 0.1175 0.1175 0.1195 0.1195 0.104 0.104 0.104 0.103 0.103 0.132
0.117 0.1195 0.1195 0.1215 0.1215 0.121 0.121 0.121 0.119 0.119 0.1135 0.1135 0.1215 0.1215 0.127 0.127 0.127 0.1205 0.1205 0.117 0.117 0.1205 0.1205 0.1205 0.123 0.123 0.126 0.126 0.127 0.127 0.127 0.1265 0.1265 0.125 0.125 0.119 0.119 0.119 0.121 0.121 0.13 0.13 0.129 0.129 0.129 0.1285 0.1285 0.13 0.13 0.1215 0.1215 0.117 0.117 0.117 0.111 0.111 0.127 0.127 0.133 0.133 0.133 0.135 0.135 0.127 0.127 0.121 0.121 0.121 0.1185 0.1185 0.116 0.116 0.1195 0.1195 0.1195 0.1035 0.1035 0.114
0.117 0.1195 0.1195 0.1215 0.1215 0.121 0.121 0.121 0.119 0.119 0.1135 0.1135 0.1215 0.1215 0.127 0.127 0.127 0.1205 0.1205 0.117 0.117 0.1205 0.1205 0.1205 0.123 0.123 0.126 0.126 0.127 0.127 0.127 0.1265 0.1265 0.125 0.125 0.119 0.119 0.119 0.121 0.121 0.13 0.13 0.129 0.129 0.129 0.1285 0.1285 0.13 0.13 0.1215 0.1215 0.117 0.117 0.117 0.111 0.111 0.127 0.127 0.133 0.133 0.133 0.135 0.135 0.127 0.127 0.121 0.121 0.121 0.1185 0.1185 0.116 0.116 0.1195 0.1195 0.1195 0.1035 0.1035 0.114
0.117 0.125 0.125 0.1275 0.1275 0.132 0.132 0.132 0.132 0.132 0.1335 0.1335 0.136 0.136 0.1365 0.1365 0.1365 0.129 0.129 0.125 0.125 0.1225 0.1225 0.1225 0.1215 0.1215 0.1285 0.1285 0.138 0.138 0.138 0.1345 0.1345 0.123 0.123 0.119 0.119 0.119 0.1205 0.1205 0.125 0.125 0.129 0.129 0.129 0.1385 0.1385 0.1355 0.1355 0.1375 0.1375 0.1165 0.1165 0.1165 0.117 0.117 0.117 0.117 0.134 0.134 0.134 0.133 0.133 0.135 0.135 0.1255 0.1255 0.1255 0.118 0.118 0.1205 0.1205 0.114 0.114 0.114 0.1085 0.1085 0.113
0.117 0.125 0.125 0.1275 0.1275 0.132 0.132 0.132 0.132 0.132 0.1335 0.1335 0.136 0.136 0.1365 0.1365 0.1365 0.129 0.129 0.125 0.125 0.1225 0.1225 0.1225 0.1215 0.1215 0.1285 0.1285 0.138 0.138 0.138 0.1345 0.1345 0.123 0.123 0.119 0.119 0.119 0.1205 0.1205 0.125 0.125 0.129 0.129 0.129 0.1385 0.1385 0.1355 0.1355 0.1375 0.1375 0.1165 0.1165 0.1165 0.117 0.117 0.117 0.117 0.134 0.134 0.134 0.133 0.133 0.135 0.135 0.1255 0.1255 0.1255 0.118 0.118 0.1205 0.1205 0.114 0.114 0.114 0.1085 0.1085 0.113
0.1325 0.134 0.134 0.133 0.133 0.136 0.136 0.136 0.1415 0.1415 0.1435 0.1435 0.1375 0.1375 0.1285 0.1285 0.1285 0.1265 0.1265 0.128 0.128 0.1335 0.1335 0.1335 0.1345 0.1345 0.134 0.134 0.1365 0.1365 0.1365 0.128 0.128 0.125 0.125 0.122 0.122 0.122 0.124 0.124 0.12 0.12 0.135 0.135 0.135 0.1435 0.1435 0.1445 0.1445 0.13 0.13 0.125 0.125 0.125 0.124 0.124 0.13 0.13 0.1235 0.1235 0.1235 0.1355 0.1355 0.14 0.14 0.1305 0.1305 0.1305 0.1165 0.1165 0.108 0.108 0.1075 0.1075 0.1075 0.113 0.113 0.1135
0.1325 0.134 0.134 0.133 0.133 0.136 0.136 0.136 0.1415 0.1415 0.1435 0.1435 0.1375 0.1375 0.1285 0.1285 0.1285 0.1265 0.1265 0.128 0.128 0.1335 0.1335 0.1335 0.1345 0.1345 0.134 0.134 0.1365 0.1365 0.1365 0.128 0.128 0.125 0.125 0.122 0.122 0.122 0.124 0.124 0.12 0.12 0.135 0.135 0.135 0.1435 0.1435 0.1445 0.1445 0.13 0.13 0.125 0.125 0.125 0.124 0.124 0.13 0.13 0.1235 0.1235 0.1235 0.1355 0.1355 0.14 0.14 0.1305 0.1305 0.1305 0.1165 0.1165 0.108 0.108 0.1075 0.1075 0.1075 0.113 0.113 0.1135
0.1325 0.134 0.134 0.133 0.133 0.136 0.136 0.136 0.1415 0.1415 0.1435 0.1435 0.1375 0.1375 0.1285 0.1285 0.1285 0.1265 0.1265 0.128 0.128 0.1335 0.1335 0.1335 0.1345 0.1345 0.134 0.134 0.1365 0.1365 0.1365 0.128 0.128 0.125 0.125 0.122 0.122 0.122 0.124 0.124 0.12 0.12 0.135 0.135 0.135 0.1435 0.1435 0.1445 0.1445 0.13 0.13 0.125 0.125 0.125 0.124 0.124 0.13 0.13 0.1235 0.1235 0.1235 0.1355 0.1355 0.14 0.14 0.1305 0.1305 0.1305 0.1165 0.1165 0.108 0.108 0.1075 0.1075 0.1075 0.113 0.113 0.1135
0.1275 0.132 0.132 0.1435 0.1435 0.143 0.143 0.143 0.142 0.142 0.15 0.15 0.143 0.143 0.1425 0.1425 0.1425 0.139 0.139 0.1305 0.1305 0.127 0.127 0.127 0.1275 0.1275 0.133 0.133 0.132 0.132 0.132 0.138 0.138 0.122 0.122 0.135 0.135 0.135 0.1265 0.1265 0.123 0.123 0.136 0.136 0.136 0.1305 0.1305 0.145 0.145 0.13 0.13 0.1305 0.1305 0.1305 0.126 0.126 0.138 0.138 0.128 0.128 0.128 0.1355 0.1355 0.132 0.132 0.131 0.131 0.131 0.1355 0.1355 0.111 0.111 0.1135 0.1135 0.1135 0.11 0.11 0.118
0.1275 0.132 0.132 0.1435 0.1435 0.143 0.143 0.143 0.142 0.142 0.15 0.15 0.143 0.143 0.1425 0.1425 0.1425 0.139 0.139 0.1305 0.1305 0.127 0.127 0.127 0.1275 0.1275 0.133 0.133 0.132 0.132 0.132 0.138 0.138 0.122 0.122 0.135 0.135 0.135 0.1265 0.1265 0.123 0.123 0.136 0.136 0.136 0.1305 0.1305 0.145 0.145 0.13 0.13 0.1305 0.1305 0.1305 0.126 0.126 0.138 0.138 0.128 0.128 0.128 0.1355 0.1355 0.132 0.132 0.131 0.131 0.131 0.1355 0.1355 0.111 0.111 0.1135 0.1135 0.1135 0.11 0.11 0.118
0.144 0.133 0.133 0.1365 0.1365 0.136 0.136 0.136 0.132 0.132 0.139 0.139 0.1535 0.1535 0.146 0.146 0.146 0.147 0.147 0.1365 0.1365 0.1325 0.1325 0.1325 0.1375 0.1375 0.133 0.133 0.1285 0.1285 0.1285 0.127 0.127 0.137 0.137 0.138 0.138 0.138 0.1285 0.1285 0.137 0.137 0.1415 0.1415 0.1415 0.1305 0.1305 0.1365 0.1365 0.1455 0.1455 0.143 0.143 0.143 0.1415 0.1415 0.1485 0.1485 0.147 0.147 0.147 0.146 0.146 0.1455 0.1455 0.1385 0.1385 0.1385 0.1225 0.1225 0.115 0.115 0.1145 0.1145 0.1145 0.1175 0.1175 0.105
0.144 0.133 0.133 0.1365 0.1365 0.136 0.136 0.136 0.132 0.132 0.139 0.139 0.1535 0.1535 0.146 0.146 0.146 0.147 0.147 0.1365 0.1365 0.1325 0.1325 0.1325 0.1375 0.1375 0.133 0.133 0.1285 0.1285 0.1285 0.127 0.127 0.137 0.137 0.138 0.138 0.138 0.1285 0.1285 0.137 0.137 0.1415 0.1415 0.1415 0.1305 0.1305 0.1365 0.1365 0.1455 0.1455 0.143 0.143 0.143 0.1415 0.1415 0.1485 0.1485 0.147 0.147 0.147 0.146 0.146 0.1455 0.1455 0.1385 0.1385 0.1385 0.1225 0.1225 0.115 0.115 0.1145 0.1145 0.1145 0.1175 0.1175 0.105
0.144 0.141 0.141 0.1255 0.1255 0.1255 0.1255 0.1255 0.137 0.137 0.142 0.142 0.15 0.15 0.1435 0.1435 0.1435 0.1355 0.1355 0.1445 0.1445 0.1485 0.1485 0.1485 0.1455 0.1455 0.1425 0.1425 0.1415 0.1415 0.1415 0.1395 0.1395 0.1445 0.1445 0.1375 0.1375 0.1375 0.1385 0.1385 0.142 0.142 0.1455 0.1455 0.1455 0.144 0.144 0.1445 0.1445 0.15 0.15 0.144 0.144 0.144 0.1425 0.1425 0.141 0.141 0.148 0.148 0.148 0.1545 0.1545 0.157 0.157 0.1575 0.1575 0.1575 0.147 0.147 0.1315 0.1315 0.128 0.128 0.128 0.135 0.135 0.1215
0.144 0.141 0.141 0.1255 0.1255 0.1255 0.1255 0.1255 0.137 0.137 0.142 0.142 0.15 0.15 0.1435 0.1435 0.1435 0.1355 0.1355 0.1445 0.1445 0.1485 0.1485 0.1485 0.1455 0.1455 0.1425 0.1425 0.1415 0.1415 0.1415 0.1395 0.1395 0.1445 0.1445 0.1375 0.1375 0.1375 0.1385 0.1385 0.142 0.142 0.1455 0.1455 0.1455 0.144 0.144 0.1445 0.1445 0.15 0.15 0.144 0.144 0.144 0.1425 0.1425 0.141 0.141 0.148 0.148 0.148 0.1545 0.1545 0.157 0.157 0.1575 0.1575 0.1575 0.147 0.147 0.1315 0.1315 0.128 0.128 0.128 0.135 0.135 0.1215
