ndvi/NOAA-56.asc
ncols         252
nrows         154
xllcorner     -18.017974
yllcorner     13.481982
cellsize      0.035948
NODATA_value  -9999
[rows 34 to 67 of 154, columns 154 to 230 of 252]
0.1195 0.1235 0.1235 0.1355 0.1355 0.1355 0.1495 0.1495 0.118 0.118 0.105 0.105 0.096 0.096 0.096 0.095 0.095 0.0925 0.0925 0.105 0.105 0.105 0.096 0.096 0.109 0.109 0.1195 0.1195 0.1195 0.1155 0.1155 0.1115 0.1115 0.107 0.107 0.107 0.1095 0.1095 0.1105 0.1105 0.111 0.111 0.111 0.101 0.101 0.099 0.099 0.116 0.116 0.1175 0.1175 0.1175 0.124 0.124 0.124 0.124 0.1235 0.1235 0.1235 0.098 0.098 0.0945 0.0945 0.0935 0.0935 0.0935 0.101 0.101 0.0985 0.0985 0.1005 0.1005 0.1005 0.0995 0.0995 0.1025 0.1025
0.1195 0.1235 0.1235 0.1355 0.1355 0.1355 0.1495 0.1495 0.118 0.118 0.105 0.105 0.096 0.096 0.096 0.095 0.095 0.0925 0.0925 0.105 0.105 0.105 0.096 0.096 0.109 0.109 0.1195 0.1195 0.1195 0.1155 0.1155 0.1115 0.1115 0.107 0.107 0.107 0.1095 0.1095 0.1105 0.1105 0.111 0.111 0.111 0.101 0.101 0.099 0.099 0.116 0.116 0.1175 0.1175 0.1175 0.124 0.124 0.124 0.124 0.1235 0.1235 0.1235 0.098 0.098 0.0945 0.0945 0.0935 0.0935 0.0935 0.101 0.101 0.0985 0.0985 0.1005 0.1005 0.1005 0.0995 0.0995 0.1025 0.1025
0.1195 0.1235 0.1235 0.1355 0.1355 0.1355 0.1495 0.1495 0.118 0.118 0.105 0.105 0.096 0.096 0.096 0.095 0.095 0.0925 0.0925 0.105 0.105 0.105 0.096 0.096 0.109 0.109 0.1195 0.1195 0.1195 0.1155 0.1155 0.1115 0.1115 0.107 0.107 0.107 0.1095 0.1095 0.1105 0.1105 0.111 0.111 0.111 0.101 0.101 0.099 0.099 0.116 0.116 0.1175 0.1175 0.1175 0.124 0.124 0.124 0.124 0.1235 0.1235 0.1235 0.098 0.098 0.0945 0.0945 0.0935 0.0935 0.0935 0.101 0.101 0.0985 0.0985 0.1005 0.1005 0.1005 0.0995 0.0995 0.1025 0.1025
0.118 0.1315 0.1315 0.1245 0.1245 0.1245 0.1125 0.1125 0.111 0.111 0.11 0.11 0.107 0.107 0.107 0.1045 0.1045 0.09900001 0.09900001 0.097 0.097 0.097 0.096 0.096 0.12 0.12 0.121 0.121 0.121 0.127 0.127 0.116 0.116 0.1175 0.1175 0.1175 0.107 0.107 0.1045 0.1045 0.105 0.105 0.105 0.0985 0.0985 0.116 0.116 0.128 0.128 0.1195 0.1195 0.1195 0.121 0.121 0.1165 0.1165 0.119 0.119 0.119 0.12 0.12 0.1055 0.1055 0.09999999 0.09999999 0.09999999 0.098 0.098 0.1075 0.1075 0.099 0.099 0.099 0.105 0.105 0.1035 0.1035
0.118 0.1315 0.1315 0.1245 0.1245 0.1245 0.1125 0.1125 0.111 0.111 0.11 0.11 0.107 0.107 0.107 0.1045 0.1045 0.09900001 0.09900001 0.097 0.097 0.097 0.096 0.096 0.12 0.12 0.121 0.121 0.121 0.127 0.127 0.116 0.116 0.1175 0.1175 0.1175 0.107 0.107 0.1045 0.1045 0.105 0.105 0.105 0.0985 0.0985 0.116 0.116 0.128 0.128 0.1195 0.1195 0.1195 0.121 0.121 0.1165 0.1165 0.119 0.119 0.119 0.12 0.12 0.1055 0.1055 0.09999999 0.09999999 0.09999999 0.098 0.098 0.1075 0.1075 0.099 0.099 0.099 0.105 0.105 0.1035 0.1035
0.123 0.1355 0.1355 0.114 0.114 0.114 0.11 0.11 0.1145 0.1145 0.112 0.112 0.1105 0.1105 0.1105 0.105 0.105 0.104 0.104 0.103 0.103 0.103 0.109 0.109 0.124 0.124 0.134 0.134 0.134 0.1225 0.1225 0.1315 0.1315 0.126 0.126 0.126 0.1175 0.1175 0.108 0.108 0.115 0.115 0.115 0.1145 0.1145 0.1255 0.1255 0.1265 0.1265 0.126 0.126 0.126 0.116 0.116 0.124 0.124 0.122 0.122 0.122 0.125 0.125 0.123 0.123 0.1 0.1 0.1 0.09450001 0.09450001 0.09649999 0.09649999 0.1075 0.1075 0.1075 0.102 0.102 0.097 0.097
0.123 0.1355 0.1355 0.114 0.114 0.114 0.11 0.11 0.1145 0.1145 0.112 0.112 0.1105 0.1105 0.1105 0.105 0.105 0.104 0.104 0.103 0.103 0.103 0.109 0.109 0.124 0.124 0.134 0.134 0.134 0.1225 0.1225 0.1315 0.1315 0.126 0.126 0.126 0.1175 0.1175 0.108 0.108 0.115 0.115 0.115 0.1145 0.1145 0.1255 0.1255 0.1265 0.1265 0.126 0.126 0.126 0.116 0.116 0.124 0.124 0.122 0.122 0.122 0.125 0.125 0.123 0.123 0.1 0.1 0.1 0.09450001 0.09450001 0.09649999 0.09649999 0.1075 0.1075 0.1075 0.102 0.102 0.097 0.097
0.123 0.1335 0.1335 0.104 0.104 0.104 0.1115 0.1115 0.111 0.111 0.1065 0.1065 0.109 0.109 0.109 0.1095 0.1095 0.1095 0.1095 0.1125 0.1125 0.1125 0.1185 0.1185 0.1325 0.1325 0.1325 0.1325 0.1325 0.141 0.141 0.1445 0.1445 0.1255 0.1255 0.1255 0.1275 0.1275 0.1255 0.1255 0.1215 0.1215 0.1215 0.1305 0.1305 0.12 0.12 0.125 0.125 0.124 0.124 0.124 0.122 0.122 0.1255 0.1255 0.123 0.123 0.123 0.12 0.12 0.1355 0.1355 0.1335 0.1335 0.1335 0.116 0.116 0.12 0.12 0.1115 0.1115 0.1115 0.115 0.115 0.108 0.108
0.123 0.1335 0.1335 0.104 0.104 0.104 0.1115 0.1115 0.111 0.111 0.1065 0.1065 0.109 0.109 0.109 0.1095 0.1095 0.1095 0.1095 0.1125 0.1125 0.1125 0.1185 0.1185 0.1325 0.1325 0.1325 0.1325 0.1325 0.141 0.141 0.1445 0.1445 0.1255 0.1255 0.1255 0.1275 0.1275 0.1255 0.1255 0.1215 0.1215 0.1215 0.1305 0.1305 0.12 0.12 0.125 0.125 0.124 0.124 0.124 0.122 0.122 0.1255 0.1255 0.123 0.123 0.123 0.12 0.12 0.1355 0.1355 0.1335 0.1335 0.1335 0.116 0.116 0.12 0.12 0.1115 0.1115 0.1115 0.115 0.115 0.108 0.108
0.123 0.1335 0.1335 0.104 0.104 0.104 0.1115 0.1115 0.111 0.111 0.1065 0.1065 0.109 0.109 0.109 0.1095 0.1095 0.1095 0.1095 0.1125 0.1125 0.1125 0.1185 0.1185 0.1325 0.1325 0.1325 0.1325 0.1325 0.141 0.141 0.1445 0.1445 0.1255 0.1255 0.1255 0.1275 0.1275 0.1255 0.1255 0.1215 0.1215 0.1215 0.1305 0.1305 0.12 0.12 0.125 0.125 0.124 0.124 0.124 0.122 0.122 0.1255 0.1255 0.123 0.123 0.123 0.12 0.12 0.1355 0.1355 0.1335 0.1335 0.1335 0.116 0.116 0.12 0.12 0.1115 0.1115 0.1115 0.115 0.115 0.108 0.108
0.116 0.143 0.143 0.1505 0.1505 0.1505 0.1265 0.1265 0.1195 0.1195 0.1325 0.1325 0.1325 0.1325 0.1325 0.126 0.126 0.185 0.185 0.1665 0.1665 0.1665 0.154 0.154 0.1475 0.1475 0.1485 0.1485 0.1485 0.1505 0.1505 0.168 0.168 0.162 0.162 0.162 0.1415 0.1415 0.1375 0.1375 0.129 0.129 0.129 0.1345 0.1345 0.139 0.139 0.155 0.155 0.137 0.137 0.137 0.139 0.139 0.1275 0.1275 0.1255 0.1255 0.1255 0.131 0.131 0.129 0.129 0.129 0.129 0.129 0.1295 0.1295 0.1215 0.1215 0.1225 0.1225 0.1225 0.124 0.124 0.1185 0.1185
0.116 0.143 0.143 0.1505 0.1505 0.1505 0.1265 0.1265 0.1195 0.1195 0.1325 0.1325 0.1325 0.1325 0.1325 0.126 0.126 0.185 0.185 0.1665 0.1665 0.1665 0.154 0.154 0.1475 0.1475 0.1485 0.1485 0.1485 0.1505 0.1505 0.168 0.168 0.162 0.162 0.162 0.1415 0.1415 0.1375 0.1375 0.129 0.129 0.129 0.1345 0.1345 0.139 0.139 0.155 0.155 0.137 0.137 0.137 0.139 0.139 0.1275 0.1275 0.1255 0.1255 0.1255 0.131 0.131 0.129 0.129 0.129 0.129 0.129 0.1295 0.1295 0.1215 0.1215 0.1225 0.1225 0.1225 0.124 0.124 0.1185 0.1185
0.1545 0.1645 0.1645 0.1765 0.1765 0.1765 0.198 0.198 0.203 0.203 0.2085 0.2085 0.2015 0.2015 0.2015 0.201 0.201 0.1925 0.1925 0.1665 0.1665 0.1665 0.173 0.173 0.1565 0.1565 0.1665 0.1665 0.1665 0.17 0.17 0.1655 0.1655 0.1575 0.1575 0.1575 0.1515 0.1515 0.1465 0.1465 0.155 0.155 0.155 0.158 0.158 0.1605 0.1605 0.1505 0.1505 0.148 0.148 0.148 0.136 0.136 0.147 0.147 0.1455 0.1455 0.1455 0.144 0.144 0.141 0.141 0.1425 0.1425 0.1425 0.137 0.137 0.123 0.123 0.12 0.12 0.12 0.1195 0.1195 0.131 0.131
0.1545 0.1645 0.1645 0.1765 0.1765 0.1765 0.198 0.198 0.203 0.203 0.2085 0.2085 0.2015 0.2015 0.2015 0.201 0.201 0.1925 0.1925 0.1665 0.1665 0.1665 0.173 0.173 0.1565 0.1565 0.1665 0.1665 0.1665 0.17 0.17 0.1655 0.1655 0.1575 0.1575 0.1575 0.1515 0.1515 0.1465 0.1465 0.155 0.155 0.155 0.158 0.158 0.1605 0.1605 0.1505 0.1505 0.148 0.148 0.148 0.136 0.136 0.147 0.147 0.1455 0.1455 0.1455 0.144 0.144 0.141 0.141 0.1425 0.1425 0.1425 0.137 0.137 0.123 0.123 0.12 0.12 0.12 0.1195 0.1195 0.131 0.131
0.1605 0.167 0.167 0.1845 0.1845 0.1845 0.2195 0.2195 0.2255 0.2255 0.192 0.192 0.2035 0.2035 0.2035 0.201 0.201 0.1875 0.1875 0.1705 0.1705 0.1705 0.1765 0.1765 0.196 0.196 0.208 0.208 0.208 0.1995 0.1995 0.172 0.172 0.175 0.175 0.175 0.159 0.159 0.154 0.154 0.179 0.179 0.179 0.176 0.176 0.1645 0.1645 0.1505 0.1505 0.155 0.155 0.155 0.1475 0.1475 0.1415 0.1415 0.145 0.145 0.145 0.155 0.155 0.1435 0.1435 0.134 0.134 0.134 0.1325 0.1325 0.126 0.126 0.1225 0.1225 0.1225 0.122 0.122 0.1285 0.1285
0.1605 0.167 0.167 0.1845 0.1845 0.1845 0.2195 0.2195 0.2255 0.2255 0.192 0.192 0.2035 0.2035 0.2035 0.201 0.201 0.1875 0.1875 0.1705 0.1705 0.1705 0.1765 0.1765 0.196 0.196 0.208 0.208 0.208 0.1995 0.1995 0.172 0.172 0.175 0.175 0.175 0.159 0.159 0.154 0.154 0.179 0.179 0.179 0.176 0.176 0.1645 0.1645 0.1505 0.1505 0.155 0.155 0.155 0.1475 0.1475 0.1415 0.1415 0.145 0.145 0.145 0.155 0.155 0.1435 0.1435 0.134 0.134 0.134 0.1325 0.1325 0.126 0.126 0.1225 0.1225 0.1225 0.122 0.122 0.1285 0.1285
0.1605 0.167 0.167 0.1845 0.1845 0.1845 0.2195 0.2195 0.2255 0.2255 0.192 0.192 0.2035 0.2035 0.2035 0.201 0.201 0.1875 0.1875 0.1705 0.1705 0.1705 0.1765 0.1765 0.196 0.196 0.208 0.208 0.208 0.1995 0.1995 0.172 0.172 0.175 0.175 0.175 0.159 0.159 0.154 0.154 0.179 0.179 0.179 0.176 0.176 0.1645 0.1645 0.1505 0.1505 0.155 0.155 0.155 0.1475 0.1475 0.1415 0.1415 0.145 0.145 0.145 0.155 0.155 0.1435 0.1435 0.134 0.134 0.134 0.1325 0.1325 0.126 0.126 0.1225 0.1225 0.1225 0.122 0.122 0.1285 0.1285
0.1435 0.1645 0.1645 0.2155 0.2155 0.2155 0.24 0.24 0.2395 0.2395 0.231 0.231 0.1975 0.1975 0.1975 0.184 0.184 0.173 0.173 0.173 0.173 0.173 0.197 0.197 0.198 0.198 0.209 0.209 0.209 0.212 0.212 0.202 0.202 0.198 0.198 0.198 0.1695 0.1695 0.157 0.157 0.1755 0.1755 0.1755 0.175 0.175 0.163 0.163 0.1495 0.1495 0.1365 0.1365 0.1365 0.136 0.136 0.15 0.15 0.163 0.163 0.163 0.178 0.178 0.17 0.17 0.1515 0.1515 0.1515 0.142 0.142 0.133 0.133 0.1305 0.1305 0.1305 0.129 0.129 0.131 0.131
0.1435 0.1645 0.1645 0.2155 0.2155 0.2155 0.24 0.24 0.2395 0.2395 0.231 0.231 0.1975 0.1975 0.1975 0.184 0.184 0.173 0.173 0.173 0.173 0.173 0.197 0.197 0.198 0.198 0.209 0.209 0.209 0.212 0.212 0.202 0.202 0.198 0.198 0.198 0.1695 0.1695 0.157 0.157 0.1755 0.1755 0.1755 0.175 0.175 0.163 0.163 0.1495 0.1495 0.1365 0.1365 0.1365 0.136 0.136 0.15 0.15 0.163 0.163 0.163 0.178 0.178 0.17 0.17 0.1515 0.1515 0.1515 0.142 0.142 0.133 0.133 0.1305 0.1305 0.1305 0.129 0.129 0.131 0.131
0.1295 0.1495 0.1495 0.2155 0.2155 0.2155 0.235 0.235 0.2475 0.2475 0.2295 0.2295 0.204 0.204 0.204 0.1935 0.1935 0.168 0.168 0.1675 0.1675 0.1675 0.2055 0.2055 0.21 0.21 0.21 0.21 0.21 0.225 0.225 0.2305 0.2305 0.229 0.229 0.229 0.206 0.206 0.198 0.198 0.1655 0.1655 0.1655 0.1545 0.1545 0.1705 0.1705 0.1545 0.1545 0.143 0.143 0.143 0.1565 0.1565 0.185 0.185 0.196 0.196 0.196 0.189 0.189 0.182 0.182 0.192 0.192 0.192 0.1665 0.1665 0.187 0.187 0.1845 0.1845 0.1845 0.1715 0.1715 0.1705 0.1705
0.1295 0.1495 0.1495 0.2155 0.2155 0.2155 0.235 0.235 0.2475 0.2475 0.2295 0.2295 0.204 0.204 0.204 0.1935 0.1935 0.168 0.168 0.1675 0.1675 0.1675 0.2055 0.2055 0.21 0.21 0.21 0.21 0.21 0.225 0.225 0.2305 0.2305 0.229 0.229 0.229 0.206 0.206 0.198 0.198 0.1655 0.1655 0.1655 0.1545 0.1545 0.1705 0.1705 0.1545 0.1545 0.143 0.143 0.143 0.1565 0.1565 0.185 0.185 0.196 0.196 0.196 0.189 0.189 0.182 0.182 0.192 0.192 0.192 0.1665 0.1665 0.187 0.187 0.1845 0.1845 0.1845 0.1715 0.1715 0.1705 0.1705
0.122 0.143 0.143 0.2075 0.2075 0.2075 0.2 0.2 0.235 0.235 0.24 0.24 0.243 0.243 0.243 0.2325 0.2325 0.207 0.207 0.232 0.232 0.232 0.2315 0.2315 0.246 0.246 0.2325 0.2325 0.2325 0.225 0.225 0.223 0.223 0.2155 0.2155 0.2155 0.193 0.193 0.2135 0.2135 0.1885 0.1885 0.1885 0.164 0.164 0.162 0.162 0.166 0.166 0.1725 0.1725 0.1725 0.1705 0.1705 0.1755 0.1755 0.1855 0.1855 0.1855 0.1925 0.1925 0.2035 0.2035 0.194 0.194 0.194 0.1905 0.1905 0.1895 0.1895 0.19 0.19 0.19 0.1785 0.1785 0.171 0.171
0.122 0.143 0.143 0.2075 0.2075 0.2075 0.2 0.2 0.235 0.235 0.24 0.24 0.243 0.243 0.243 0.2325 0.2325 0.207 0.207 0.232 0.232 0.232 0.2315 0.2315 0.246 0.246 0.2325 0.2325 0.2325 0.225 0.225 0.223 0.223 0.2155 0.2155 0.2155 0.193 0.193 0.2135 0.2135 0.1885 0.1885 0.1885 0.164 0.164 0.162 0.162 0.166 0.166 0.1725 0.1725 0.1725 0.1705 0.1705 0.1755 0.1755 0.1855 0.1855 0.1855 0.1925 0.1925 0.2035 0.2035 0.194 0.194 0.194 0.1905 0.1905 0.1895 0.1895 0.19 0.19 0.19 0.1785 0.1785 0.171 0.171
0.1225 0.1545 0.1545 0.172 0.172 0.172 0.1905 0.1905 0.207 0.207 0.216 0.216 0.2145 0.2145 0.2145 0.195 0.195 0.229 0.229 0.2135 0.2135 0.2135 0.215 0.215 0.2155 0.2155 0.214 0.214 0.214 0.226 0.226 0.2005 0.2005 0.195 0.195 0.195 0.205 0.205 0.1955 0.1955 0.1965 0.1965 0.1965 0.1655 0.1655 0.1535 0.1535 0.152 0.152 0.1545 0.1545 0.1545 0.1655 0.1655 0.1765 0.1765 0.163 0.163 0.163 0.1795 0.1795 0.1845 0.1845 0.189 0.189 0.189 0.1885 0.1885 0.1895 0.1895 0.1735 0.1735 0.1735 0.17 0.17 0.1775 0.1775
0.1225 0.1545 0.1545 0.172 0.172 0.172 0.1905 0.1905 0.207 0.207 0.216 0.216 0.2145 0.2145 0.2145 0.195 0.195 0.229 0.229 0.2135 0.2135 0.2135 0.215 0.215 0.2155 0.2155 0.214 0.214 0.214 0.226 0.226 0.2005 0.2005 0.195 0.195 0.195 0.205 0.205 0.1955 0.1955 0.1965 0.1965 0.1965 0.1655 0.1655 0.1535 0.1535 0.152 0.152 0.1545 0.1545 0.1545 0.1655 0.1655 0.1765 0.1765 0.163 0.163 0.163 0.1795 0.1795 0.1845 0.1845 0.189 0.189 0.189 0.1885 0.1885 0.1895 0.1895 0.1735 0.1735 0.1735 0.17 0.17 0.1775 0.1775
0.1225 0.1545 0.1545 0.172 0.172 0.172 0.1905 0.1905 0.207 0.207 0.216 0.216 0.2145 0.2145 0.2145 0.195 0.195 0.229 0.229 0.2135 0.2135 0.2135 0.215 0.215 0.2155 0.2155 0.214 0.214 0.214 0.226 0.226 0.2005 0.2005 0.195 0.195 0.195 0.205 0.205 0.1955 0.1955 0.1965 0.1965 0.1965 0.1655 0.1655 0.1535 0.1535 0.152 0.152 0.1545 0.1545 0.1545 0.1655 0.1655 0.1765 0.1765 0.163 0.163 0.163 0.1795 0.1795 0.1845 0.1845 0.189 0.189 0.189 0.1885 0.1885 0.1895 0.1895 0.1735 0.1735 0.1735 0.17 0.17 0.1775 0.1775
0.116 0.139 0.139 0.162 0.162 0.162 0.152 0.152 0.174 0.174 0.1985 0.1985 0.203 0.203 0.203 0.1995 0.1995 0.221 0.221 0.23 0.23 0.23 0.224 0.224 0.223 0.223 0.186 0.186 0.186 0.1995 0.1995 0.235 0.235 0.2155 0.2155 0.2155 0.2125 0.2125 0.215 0.215 0.1945 0.1945 0.1945 0.166 0.166 0.1525 0.1525 0.142 0.142 0.168 0.168 0.168 0.161 0.161 0.1505 0.1505 0.1595 0.1595 0.1595 0.175 0.175 0.169 0.169 0.185 0.185 0.185 0.1825 0.1825 0.174 0.174 0.1585 0.1585 0.1585 0.1435 0.1435 0.156 0.156
0.116 0.139 0.139 0.162 0.162 0.162 0.152 0.152 0.174 0.174 0.1985 0.1985 0.203 0.203 0.203 0.1995 0.1995 0.221 0.221 0.23 0.23 0.23 0.224 0.224 0.223 0.223 0.186 0.186 0.186 0.1995 0.1995 0.235 0.235 0.2155 0.2155 0.2155 0.2125 0.2125 0.215 0.215 0.1945 0.1945 0.1945 0.166 0.166 0.1525 0.1525 0.142 0.142 0.168 0.168 0.168 0.161 0.161 0.1505 0.1505 0.1595 0.1595 0.1595 0.175 0.175 0.169 0.169 0.185 0.185 0.185 0.1825 0.1825 0.174 0.174 0.1585 0.1585 0.1585 0.1435 0.1435 0.156 0.156
0.1525 0.1485 0.1485 0.138 0.138 0.138 0.1305 0.1305 0.142 0.142 0.182 0.182 0.193 0.193 0.193 0.2145 0.2145 0.243 0.243 0.223 0.223 0.223 0.2285 0.2285 0.233 0.233 0.2135 0.2135 0.2135 0.2205 0.2205 0.2435 0.2435 0.23 0.23 0.23 0.254 0.254 0.2485 0.2485 0.2055 0.2055 0.2055 0.192 0.192 0.18 0.18 0.201 0.201 0.1905 0.1905 0.1905 0.1975 0.1975 0.185 0.185 0.186 0.186 0.186 0.1795 0.1795 0.162 0.162 0.189 0.189 0.189 0.1935 0.1935 0.1785 0.1785 0.162 0.162 0.162 0.1685 0.1685 0.1855 0.1855
0.1525 0.1485 0.1485 0.138 0.138 0.138 0.1305 0.1305 0.142 0.142 0.182 0.182 0.193 0.193 0.193 0.2145 0.2145 0.243 0.243 0.223 0.223 0.223 0.2285 0.2285 0.233 0.233 0.2135 0.2135 0.2135 0.2205 0.2205 0.2435 0.2435 0.23 0.23 0.23 0.254 0.254 0.2485 0.2485 0.2055 0.2055 0.2055 0.192 0.192 0.18 0.18 0.201 0.201 0.1905 0.1905 0.1905 0.1975 0.1975 0.185 0.185 0.186 0.186 0.186 0.1795 0.1795 0.162 0.162 0.189 0.189 0.189 0.1935 0.1935 0.1785 0.1785 0.162 0.162 0.162 0.1685 0.1685 0.1855 0.1855
0.15 0.1515 0.1515 0.1275 0.1275 0.1275 0.155 0.155 0.1585 0.1585 0.1905 0.1905 0.19 0.19 0.19 0.2025 0.2025 0.219 0.219 0.227 0.227 0.227 0.2295 0.2295 0.2205 0.2205 0.196 0.196 0.196 0.2035 0.2035 0.2365 0.2365 0.248 0.248 0.248 0.231 0.231 0.2405 0.2405 0.244 0.244 0.244 0.2215 0.2215 0.2025 0.2025 0.217 0.217 0.215 0.215 0.215 0.2305 0.2305 0.2415 0.2415 0.245 0.245 0.245 0.1945 0.1945 0.2045 0.2045 0.194 0.194 0.194 0.202 0.202 0.1785 0.1785 0.177 0.177 0.177 0.1785 0.1785 0.1965 0.1965
0.15 0.1515 0.1515 0.1275 0.1275 0.1275 0.155 0.155 0.1585 0.1585 0.1905 0.1905 0.19 0.19 0.19 0.2025 0.2025 0.219 0.219 0.227 0.227 0.227 0.2295 0.2295 0.2205 0.2205 0.196 0.196 0.196 0.2035 0.2035 0.2365 0.2365 0.248 0.248 0.248 0.231 0.231 0.2405 0.2405 0.244 0.244 0.244 0.2215 0.2215 0.2025 0.2025 0.217 0.217 0.215 0.215 0.215 0.2305 0.2305 0.2415 0.2415 0.245 0.245 0.245 0.1945 0.1945 0.2045 0.2045 0.194 0.194 0.194 0.202 0.202 0.1785 0.1785 0.177 0.177 0.177 0.1785 0.1785 0.1965 0.1965
0.15 0.1515 0.1515 0.1275 0.1275 0.1275 0.155 0.155 0.1585 0.1585 0.1905 0.1905 0.19 0.19 0.19 0.2025 0.2025 0.219 0.219 0.227 0.227 0.227 0.2295 0.2295 0.2205 0.2205 0.196 0.196 0.196 0.2035 0.2035 0.2365 0.2365 0.248 0.248 0.248 0.231 0.231 0.2405 0.2405 0.244 0.244 0.244 0.2215 0.2215 0.2025 0.2025 0.217 0.217 0.215 0.215 0.215 0.2305 0.2305 0.2415 0.2415 0.245 0.245 0.245 0.1945 0.1945 0.2045 0.2045 0.194 0.194 0.194 0.202 0.202 0.1785 0.1785 0.177 0.177 0.177 0.1785 0.1785 0.1965 0.1965
0.1475 0.1365 0.1365 0.146 0.146 0.146 0.1475 0.1475 0.1995 0.1995 0.2075 0.2075 0.182 0.182 0.182 0.2125 0.2125 0.252 0.252 0.2525 0.2525 0.2525 0.241 0.241 0.2385 0.2385 0.253 0.253 0.253 0.2915 0.2915 0.302 0.302 0.27 0.27 0.27 0.2335 0.2335 0.2265 0.2265 0.2185 0.2185 0.2185 0.232 0.232 0.213 0.213 0.238 0.238 0.2525 0.2525 0.2525 0.268 0.268 0.2425 0.2425 0.243 0.243 0.243 0.242 0.242 0.2355 0.2355 0.2415 0.2415 0.2415 0.208 0.208 0.1825 0.1825 0.252 0.252 0.252 0.242 0.242 0.2385 0.2385
