ndvi/NOAA-201.asc
ncols         252
nrows         154
xllcorner     -18.017974
yllcorner     13.481982
cellsize      0.035948
NODATA_value  -9999
[rows 34 to 67 of 154, columns 77 to 153 of 252]
0.166 0.166 0.154 0.154 0.145 0.145 0.135 0.135 0.135 0.139 0.139 0.1435 0.1435 0.147 0.147 0.1595 0.1595 0.1595 0.1675 0.1675 0.182 0.182 0.1805 0.1805 0.1805 0.1755 0.1755 0.1655 0.1655 0.1565 0.1565 0.1565 0.167 0.167 0.163 0.163 0.1565 0.1565 0.1565 0.1575 0.1575 0.1705 0.1705 0.1595 0.1595 0.1595 0.153 0.153 0.1445 0.1445 0.1465 0.1465 0.146 0.146 0.146 0.143 0.143 0.1415 0.1415 0.1315 0.1315 0.1315 0.1325 0.1325 0.154 0.154 0.1495 0.1495 0.1495 0.146 0.146 0.144 0.144 0.126 0.126 0.126 0.1325
0.166 0.166 0.154 0.154 0.145 0.145 0.135 0.135 0.135 0.139 0.139 0.1435 0.1435 0.147 0.147 0.1595 0.1595 0.1595 0.1675 0.1675 0.182 0.182 0.1805 0.1805 0.1805 0.1755 0.1755 0.1655 0.1655 0.1565 0.1565 0.1565 0.167 0.167 0.163 0.163 0.1565 0.1565 0.1565 0.1575 0.1575 0.1705 0.1705 0.1595 0.1595 0.1595 0.153 0.153 0.1445 0.1445 0.1465 0.1465 0.146 0.146 0.146 0.143 0.143 0.1415 0.1415 0.1315 0.1315 0.1315 0.1325 0.1325 0.154 0.154 0.1495 0.1495 0.1495 0.146 0.146 0.144 0.144 0.126 0.126 0.126 0.1325
0.166 0.166 0.154 0.154 0.145 0.145 0.135 0.135 0.135 0.139 0.139 0.1435 0.1435 0.147 0.147 0.1595 0.1595 0.1595 0.1675 0.1675 0.182 0.182 0.1805 0.1805 0.1805 0.1755 0.1755 0.1655 0.1655 0.1565 0.1565 0.1565 0.167 0.167 0.163 0.163 0.1565 0.1565 0.1565 0.1575 0.1575 0.1705 0.1705 0.1595 0.1595 0.1595 0.153 0.153 0.1445 0.1445 0.1465 0.1465 0.146 0.146 0.146 0.143 0.143 0.1415 0.1415 0.1315 0.1315 0.1315 0.1325 0.1325 0.154 0.154 0.1495 0.1495 0.1495 0.146 0.146 0.144 0.144 0.126 0.126 0.126 0.1325
0.194 0.194 0.184 0.184 0.1755 0.1755 0.1735 0.1735 0.1735 0.1855 0.1855 0.1755 0.1755 0.1675 0.1675 0.1665 0.1665 0.1665 0.204 0.204 0.2055 0.2055 0.216 0.216 0.216 0.2 0.2 0.191 0.191 0.193 0.193 0.193 0.1845 0.1845 0.1675 0.1675 0.162 0.162 0.162 0.1645 0.1645 0.1755 0.1755 0.1905 0.1905 0.1905 0.172 0.172 0.169 0.169 0.169 0.169 0.1605 0.1605 0.1605 0.156 0.156 0.1545 0.1545 0.1535 0.1535 0.1535 0.149 0.149 0.157 0.157 0.1555 0.1555 0.1555 0.17 0.17 0.164 0.164 0.1435 0.1435 0.1435 0.144
0.194 0.194 0.184 0.184 0.1755 0.1755 0.1735 0.1735 0.1735 0.1855 0.1855 0.1755 0.1755 0.1675 0.1675 0.1665 0.1665 0.1665 0.204 0.204 0.2055 0.2055 0.216 0.216 0.216 0.2 0.2 0.191 0.191 0.193 0.193 0.193 0.1845 0.1845 0.1675 0.1675 0.162 0.162 0.162 0.1645 0.1645 0.1755 0.1755 0.1905 0.1905 0.1905 0.172 0.172 0.169 0.169 0.169 0.169 0.1605 0.1605 0.1605 0.156 0.156 0.1545 0.1545 0.1535 0.1535 0.1535 0.149 0.149 0.157 0.157 0.1555 0.1555 0.1555 0.17 0.17 0.164 0.164 0.1435 0.1435 0.1435 0.144
0.2095 0.2095 0.2005 0.2005 0.2015 0.2015 0.213 0.213 0.213 0.2225 0.2225 0.2175 0.2175 0.18 0.18 0.1725 0.1725 0.1725 0.2025 0.2025 0.2305 0.2305 0.2275 0.2275 0.2275 0.228 0.228 0.2335 0.2335 0.233 0.233 0.233 0.2115 0.2115 0.2005 0.2005 0.1875 0.1875 0.1875 0.187 0.187 0.189 0.189 0.2155 0.2155 0.2155 0.1935 0.1935 0.1835 0.1835 0.18 0.18 0.233 0.233 0.233 0.209 0.209 0.2065 0.2065 0.1905 0.1905 0.1905 0.162 0.162 0.159 0.159 0.163 0.163 0.163 0.1475 0.1475 0.152 0.152 0.148 0.148 0.148 0.141
0.2095 0.2095 0.2005 0.2005 0.2015 0.2015 0.213 0.213 0.213 0.2225 0.2225 0.2175 0.2175 0.18 0.18 0.1725 0.1725 0.1725 0.2025 0.2025 0.2305 0.2305 0.2275 0.2275 0.2275 0.228 0.228 0.2335 0.2335 0.233 0.233 0.233 0.2115 0.2115 0.2005 0.2005 0.1875 0.1875 0.1875 0.187 0.187 0.189 0.189 0.2155 0.2155 0.2155 0.1935 0.1935 0.1835 0.1835 0.18 0.18 0.233 0.233 0.233 0.209 0.209 0.2065 0.2065 0.1905 0.1905 0.1905 0.162 0.162 0.159 0.159 0.163 0.163 0.163 0.1475 0.1475 0.152 0.152 0.148 0.148 0.148 0.141
0.2245 0.2245 0.2095 0.2095 0.224 0.224 0.2355 0.2355 0.2355 0.2585 0.2585 0.241 0.241 0.2585 0.2585 0.2565 0.2565 0.2565 0.2405 0.2405 0.2295 0.2295 0.226 0.226 0.226 0.2465 0.2465 0.2635 0.2635 0.27 0.27 0.27 0.253 0.253 0.233 0.233 0.22 0.22 0.22 0.206 0.206 0.2215 0.2215 0.2155 0.2155 0.2155 0.2035 0.2035 0.195 0.195 0.2045 0.2045 0.2375 0.2375 0.2375 0.214 0.214 0.2215 0.2215 0.2025 0.2025 0.2025 0.182 0.182 0.1585 0.1585 0.13 0.13 0.13 0.1295 0.1295 0.1285 0.1285 0.1375 0.1375 0.1375 0.132
0.2245 0.2245 0.2095 0.2095 0.224 0.224 0.2355 0.2355 0.2355 0.2585 0.2585 0.241 0.241 0.2585 0.2585 0.2565 0.2565 0.2565 0.2405 0.2405 0.2295 0.2295 0.226 0.226 0.226 0.2465 0.2465 0.2635 0.2635 0.27 0.27 0.27 0.253 0.253 0.233 0.233 0.22 0.22 0.22 0.206 0.206 0.2215 0.2215 0.2155 0.2155 0.2155 0.2035 0.2035 0.195 0.195 0.2045 0.2045 0.2375 0.2375 0.2375 0.214 0.214 0.2215 0.2215 0.2025 0.2025 0.2025 0.182 0.182 0.1585 0.1585 0.13 0.13 0.13 0.1295 0.1295 0.1285 0.1285 0.1375 0.1375 0.1375 0.132
0.2245 0.2245 0.2095 0.2095 0.224 0.224 0.2355 0.2355 0.2355 0.2585 0.2585 0.241 0.241 0.2585 0.2585 0.2565 0.2565 0.2565 0.2405 0.2405 0.2295 0.2295 0.226 0.226 0.226 0.2465 0.2465 0.2635 0.2635 0.27 0.27 0.27 0.253 0.253 0.233 0.233 0.22 0.22 0.22 0.206 0.206 0.2215 0.2215 0.2155 0.2155 0.2155 0.2035 0.2035 0.195 0.195 0.2045 0.2045 0.2375 0.2375 0.2375 0.214 0.214 0.2215 0.2215 0.2025 0.2025 0.2025 0.182 0.182 0.1585 0.1585 0.13 0.13 0.13 0.1295 0.1295 0.1285 0.1285 0.1375 0.1375 0.1375 0.132
0.2355 0.2355 0.207 0.207 0.2215 0.2215 0.25 0.25 0.25 0.2645 0.2645 0.2785 0.2785 0.258 0.258 0.2815 0.2815 0.2815 0.2845 0.2845 0.2315 0.2315 0.216 0.216 0.216 0.242 0.242 0.2665 0.2665 0.286 0.286 0.286 0.296 0.296 0.3105 0.3105 0.2755 0.2755 0.2755 0.244 0.244 0.2145 0.2145 0.225 0.225 0.225 0.186 0.186 0.201 0.201 0.192 0.192 0.1895 0.1895 0.1895 0.208 0.208 0.1945 0.1945 0.172 0.172 0.172 0.1775 0.1775 0.151 0.151 0.146 0.146 0.146 0.137 0.137 0.129 0.129 0.1445 0.1445 0.1445 0.1515
0.2355 0.2355 0.207 0.207 0.2215 0.2215 0.25 0.25 0.25 0.2645 0.2645 0.2785 0.2785 0.258 0.258 0.2815 0.2815 0.2815 0.2845 0.2845 0.2315 0.2315 0.216 0.216 0.216 0.242 0.242 0.2665 0.2665 0.286 0.286 0.286 0.296 0.296 0.3105 0.3105 0.2755 0.2755 0.2755 0.244 0.244 0.2145 0.2145 0.225 0.225 0.225 0.186 0.186 0.201 0.201 0.192 0.192 0.1895 0.1895 0.1895 0.208 0.208 0.1945 0.1945 0.172 0.172 0.172 0.1775 0.1775 0.151 0.151 0.146 0.146 0.146 0.137 0.137 0.129 0.129 0.1445 0.1445 0.1445 0.1515
0.25 0.25 0.2445 0.2445 0.242 0.242 0.2235 0.2235 0.2235 0.25 0.25 0.277 0.277 0.2905 0.2905 0.302 0.302 0.302 0.3175 0.3175 0.2235 0.2235 0.227 0.227 0.227 0.257 0.257 0.255 0.255 0.2725 0.2725 0.2725 0.3015 0.3015 0.262 0.262 0.262 0.262 0.262 0.2365 0.2365 0.26 0.26 0.2145 0.2145 0.2145 0.215 0.215 0.2235 0.2235 0.199 0.199 0.1985 0.1985 0.1985 0.196 0.196 0.1885 0.1885 0.179 0.179 0.179 0.1615 0.1615 0.141 0.141 0.151 0.151 0.151 0.1625 0.1625 0.148 0.148 0.169 0.169 0.169 0.188
0.25 0.25 0.2445 0.2445 0.242 0.242 0.2235 0.2235 0.2235 0.25 0.25 0.277 0.277 0.2905 0.2905 0.302 0.302 0.302 0.3175 0.3175 0.2235 0.2235 0.227 0.227 0.227 0.257 0.257 0.255 0.255 0.2725 0.2725 0.2725 0.3015 0.3015 0.262 0.262 0.262 0.262 0.262 0.2365 0.2365 0.26 0.26 0.2145 0.2145 0.2145 0.215 0.215 0.2235 0.2235 0.199 0.199 0.1985 0.1985 0.1985 0.196 0.196 0.1885 0.1885 0.179 0.179 0.179 0.1615 0.1615 0.141 0.141 0.151 0.151 0.151 0.1625 0.1625 0.148 0.148 0.169 0.169 0.169 0.188
0.2625 0.2625 0.2605 0.2605 0.2735 0.2735 0.2385 0.2385 0.2385 0.223 0.223 0.216 0.216 0.285 0.285 0.3215 0.3215 0.3215 0.316 0.316 0.3105 0.3105 0.2975 0.2975 0.2975 0.273 0.273 0.3125 0.3125 0.2965 0.2965 0.2965 0.2795 0.2795 0.3045 0.3045 0.2555 0.2555 0.2555 0.232 0.232 0.2355 0.2355 0.218 0.218 0.218 0.2165 0.2165 0.2315 0.2315 0.2055 0.2055 0.205 0.205 0.205 0.208 0.208 0.1925 0.1925 0.1815 0.1815 0.1815 0.181 0.181 0.171 0.171 0.1855 0.1855 0.1855 0.196 0.196 0.1805 0.1805 0.17 0.17 0.17 0.209
0.2625 0.2625 0.2605 0.2605 0.2735 0.2735 0.2385 0.2385 0.2385 0.223 0.223 0.216 0.216 0.285 0.285 0.3215 0.3215 0.3215 0.316 0.316 0.3105 0.3105 0.2975 0.2975 0.2975 0.273 0.273 0.3125 0.3125 0.2965 0.2965 0.2965 0.2795 0.2795 0.3045 0.3045 0.2555 0.2555 0.2555 0.232 0.232 0.2355 0.2355 0.218 0.218 0.218 0.2165 0.2165 0.2315 0.2315 0.2055 0.2055 0.205 0.205 0.205 0.208 0.208 0.1925 0.1925 0.1815 0.1815 0.1815 0.181 0.181 0.171 0.171 0.1855 0.1855 0.1855 0.196 0.196 0.1805 0.1805 0.17 0.17 0.17 0.209
0.2625 0.2625 0.2605 0.2605 0.2735 0.2735 0.2385 0.2385 0.2385 0.223 0.223 0.216 0.216 0.285 0.285 0.3215 0.3215 0.3215 0.316 0.316 0.3105 0.3105 0.2975 0.2975 0.2975 0.273 0.273 0.3125 0.3125 0.2965 0.2965 0.2965 0.2795 0.2795 0.3045 0.3045 0.2555 0.2555 0.2555 0.232 0.232 0.2355 0.2355 0.218 0.218 0.218 0.2165 0.2165 0.2315 0.2315 0.2055 0.2055 0.205 0.205 0.205 0.208 0.208 0.1925 0.1925 0.1815 0.1815 0.1815 0.181 0.181 0.171 0.171 0.1855 0.1855 0.1855 0.196 0.196 0.1805 0.1805 0.17 0.17 0.17 0.209
0.274 0.274 0.2645 0.2645 0.2635 0.2635 0.2425 0.2425 0.2425 0.2735 0.2735 0.273 0.273 0.3115 0.3115 0.3275 0.3275 0.3275 0.322 0.322 0.349 0.349 0.3735 0.3735 0.3735 0.3565 0.3565 0.277 0.277 0.3235 0.3235 0.3235 0.255 0.255 0.2945 0.2945 0.2635 0.2635 0.2635 0.2305 0.2305 0.2365 0.2365 0.222 0.222 0.222 0.2515 0.2515 0.1945 0.1945 0.2275 0.2275 0.218 0.218 0.218 0.2265 0.2265 0.214 0.214 0.213 0.213 0.213 0.22 0.22 0.2365 0.2365 0.2355 0.2355 0.2355 0.2585 0.2585 0.2265 0.2265 0.197 0.197 0.197 0.176
0.274 0.274 0.2645 0.2645 0.2635 0.2635 0.2425 0.2425 0.2425 0.2735 0.2735 0.273 0.273 0.3115 0.3115 0.3275 0.3275 0.3275 0.322 0.322 0.349 0.349 0.3735 0.3735 0.3735 0.3565 0.3565 0.277 0.277 0.3235 0.3235 0.3235 0.255 0.255 0.2945 0.2945 0.2635 0.2635 0.2635 0.2305 0.2305 0.2365 0.2365 0.222 0.222 0.222 0.2515 0.2515 0.1945 0.1945 0.2275 0.2275 0.218 0.218 0.218 0.2265 0.2265 0.214 0.214 0.213 0.213 0.213 0.22 0.22 0.2365 0.2365 0.2355 0.2355 0.2355 0.2585 0.2585 0.2265 0.2265 0.197 0.197 0.197 0.176
0.306 0.306 0.284 0.284 0.304 0.304 0.28 0.28 0.28 0.2925 0.2925 0.317 0.317 0.286 0.286 0.3015 0.3015 0.3015 0.342 0.342 0.3555 0.3555 0.37 0.37 0.37 0.3565 0.3565 0.326 0.326 0.3 0.3 0.3 0.2385 0.2385 0.307 0.307 0.297 0.297 0.297 0.23 0.23 0.2295 0.2295 0.2115 0.2115 0.2115 0.184 0.184 0.1855 0.1855 0.24 0.24 0.238 0.238 0.238 0.2465 0.2465 0.2395 0.2395 0.25 0.25 0.25 0.2635 0.2635 0.2325 0.2325 0.219 0.219 0.219 0.2235 0.2235 0.2075 0.2075 0.2325 0.2325 0.2325 0.158
0.306 0.306 0.284 0.284 0.304 0.304 0.28 0.28 0.28 0.2925 0.2925 0.317 0.317 0.286 0.286 0.3015 0.3015 0.3015 0.342 0.342 0.3555 0.3555 0.37 0.37 0.37 0.3565 0.3565 0.326 0.326 0.3 0.3 0.3 0.2385 0.2385 0.307 0.307 0.297 0.297 0.297 0.23 0.23 0.2295 0.2295 0.2115 0.2115 0.2115 0.184 0.184 0.1855 0.1855 0.24 0.24 0.238 0.238 0.238 0.2465 0.2465 0.2395 0.2395 0.25 0.25 0.25 0.2635 0.2635 0.2325 0.2325 0.219 0.219 0.219 0.2235 0.2235 0.2075 0.2075 0.2325 0.2325 0.2325 0.158
0.363 0.363 0.3425 0.3425 0.306 0.306 0.323 0.323 0.323 0.3185 0.3185 0.3175 0.3175 0.305 0.305 0.3065 0.3065 0.3065 0.326 0.326 0.285 0.285 0.309 0.309 0.309 0.316 0.316 0.308 0.308 0.283 0.283 0.283 0.2755 0.2755 0.2615 0.2615 0.275 0.275 0.275 0.2355 0.2355 0.211 0.211 0.2085 0.2085 0.2085 0.2055 0.2055 0.177 0.177 0.2275 0.2275 0.284 0.284 0.284 0.3095 0.3095 0.279 0.279 0.349 0.349 0.349 0.28 0.28 0.2515 0.2515 0.2275 0.2275 0.2275 0.2035 0.2035 0.2005 0.2005 0.179 0.179 0.179 0.144
0.363 0.363 0.3425 0.3425 0.306 0.306 0.323 0.323 0.323 0.3185 0.3185 0.3175 0.3175 0.305 0.305 0.3065 0.3065 0.3065 0.326 0.326 0.285 0.285 0.309 0.309 0.309 0.316 0.316 0.308 0.308 0.283 0.283 0.283 0.2755 0.2755 0.2615 0.2615 0.275 0.275 0.275 0.2355 0.2355 0.211 0.211 0.2085 0.2085 0.2085 0.2055 0.2055 0.177 0.177 0.2275 0.2275 0.284 0.284 0.284 0.3095 0.3095 0.279 0.279 0.349 0.349 0.349 0.28 0.28 0.2515 0.2515 0.2275 0.2275 0.2275 0.2035 0.2035 0.2005 0.2005 0.179 0.179 0.179 0.144
0.388 0.388 0.3575 0.3575 0.3265 0.3265 0.327 0.327 0.327 0.337 0.337 0.306 0.306 0.305 0.305 0.3105 0.3105 0.3105 0.3235 0.3235 0.2945 0.2945 0.2705 0.2705 0.2705 0.248 0.248 0.2255 0.2255 0.2425 0.2425 0.2425 0.2475 0.2475 0.269 0.269 0.2665 0.2665 0.2665 0.2385 0.2385 0.2195 0.2195 0.2275 0.2275 0.2275 0.2035 0.2035 0.2145 0.2145 0.23 0.23 0.2425 0.2425 0.2425 0.2805 0.2805 0.316 0.316 0.3205 0.3205 0.3205 0.2765 0.2765 0.2705 0.2705 0.238 0.238 0.238 0.207 0.207 0.177 0.177 0.153 0.153 0.153 0.1365
0.388 0.388 0.3575 0.3575 0.3265 0.3265 0.327 0.327 0.327 0.337 0.337 0.306 0.306 0.305 0.305 0.3105 0.3105 0.3105 0.3235 0.3235 0.2945 0.2945 0.2705 0.2705 0.2705 0.248 0.248 0.2255 0.2255 0.2425 0.2425 0.2425 0.2475 0.2475 0.269 0.269 0.2665 0.2665 0.2665 0.2385 0.2385 0.2195 0.2195 0.2275 0.2275 0.2275 0.2035 0.2035 0.2145 0.2145 0.23 0.23 0.2425 0.2425 0.2425 0.2805 0.2805 0.316 0.316 0.3205 0.3205 0.3205 0.2765 0.2765 0.2705 0.2705 0.238 0.238 0.238 0.207 0.207 0.177 0.177 0.153 0.153 0.153 0.1365
0.388 0.388 0.3575 0.3575 0.3265 0.3265 0.327 0.327 0.327 0.337 0.337 0.306 0.306 0.305 0.305 0.3105 0.3105 0.3105 0.3235 0.3235 0.2945 0.2945 0.2705 0.2705 0.2705 0.248 0.248 0.2255 0.2255 0.2425 0.2425 0.2425 0.2475 0.2475 0.269 0.269 0.2665 0.2665 0.2665 0.2385 0.2385 0.2195 0.2195 0.2275 0.2275 0.2275 0.2035 0.2035 0.2145 0.2145 0.23 0.23 0.2425 0.2425 0.2425 0.2805 0.2805 0.316 0.316 0.3205 0.3205 0.3205 0.2765 0.2765 0.2705 0.2705 0.238 0.238 0.238 0.207 0.207 0.177 0.177 0.153 0.153 0.153 0.1365
0.347 0.347 0.3615 0.3615 0.3465 0.3465 0.34 0.34 0.34 0.3125 0.3125 0.2765 0.2765 0.2745 0.2745 0.3115 0.3115 0.3115 0.285 0.285 0.29 0.29 0.2775 0.2775 0.2775 0.273 0.273 0.2685 0.2685 0.258 0.258 0.258 0.269 0.269 0.2865 0.2865 0.31 0.31 0.31 0.23 0.23 0.222 0.222 0.278 0.278 0.278 0.2845 0.2845 0.192 0.192 0.1845 0.1845 0.143 0.143 0.143 0.1865 0.1865 0.218 0.218 0.2675 0.2675 0.2675 0.2825 0.2825 0.2485 0.2485 0.25 0.25 0.25 0.2395 0.2395 0.221 0.221 0.1655 0.1655 0.1655 0.1315
0.347 0.347 0.3615 0.3615 0.3465 0.3465 0.34 0.34 0.34 0.3125 0.3125 0.2765 0.2765 0.2745 0.2745 0.3115 0.3115 0.3115 0.285 0.285 0.29 0.29 0.2775 0.2775 0.2775 0.273 0.273 0.2685 0.2685 0.258 0.258 0.258 0.269 0.269 0.2865 0.2865 0.31 0.31 0.31 0.23 0.23 0.222 0.222 0.278 0.278 0.278 0.2845 0.2845 0.192 0.192 0.1845 0.1845 0.143 0.143 0.143 0.1865 0.1865 0.218 0.218 0.2675 0.2675 0.2675 0.2825 0.2825 0.2485 0.2485 0.25 0.25 0.25 0.2395 0.2395 0.221 0.221 0.1655 0.1655 0.1655 0.1315
0.3225 0.3225 0.321 0.321 0.3005 0.3005 0.2785 0.2785 0.2785 0.2615 0.2615 0.2555 0.2555 0.27 0.27 0.308 0.308 0.308 0.2445 0.2445 0.247 0.247 0.2725 0.2725 0.2725 0.2865 0.2865 0.2725 0.2725 0.2465 0.2465 0.2465 0.2695 0.2695 0.2965 0.2965 0.2745 0.2745 0.2745 0.2375 0.2375 0.226 0.226 0.2495 0.2495 0.2495 0.225 0.225 0.1855 0.1855 0.201 0.201 0.1965 0.1965 0.1965 0.2035 0.2035 0.224 0.224 0.2975 0.2975 0.2975 0.283 0.283 0.256 0.256 0.244 0.244 0.244 0.23 0.23 0.242 0.242 0.147 0.147 0.147 0.1515
0.3225 0.3225 0.321 0.321 0.3005 0.3005 0.2785 0.2785 0.2785 0.2615 0.2615 0.2555 0.2555 0.27 0.27 0.308 0.308 0.308 0.2445 0.2445 0.247 0.247 0.2725 0.2725 0.2725 0.2865 0.2865 0.2725 0.2725 0.2465 0.2465 0.2465 0.2695 0.2695 0.2965 0.2965 0.2745 0.2745 0.2745 0.2375 0.2375 0.226 0.226 0.2495 0.2495 0.2495 0.225 0.225 0.1855 0.1855 0.201 0.201 0.1965 0.1965 0.1965 0.2035 0.2035 0.224 0.224 0.2975 0.2975 0.2975 0.283 0.283 0.256 0.256 0.244 0.244 0.244 0.23 0.23 0.242 0.242 0.147 0.147 0.147 0.1515
0.3395 0.3395 0.2865 0.2865 0.3115 0.3115 0.3135 0.3135 0.3135 0.2925 0.2925 0.307 0.307 0.311 0.311 0.2885 0.2885 0.2885 0.2565 0.2565 0.227 0.227 0.2365 0.2365 0.2365 0.242 0.242 0.2665 0.2665 0.254 0.254 0.254 0.2715 0.2715 0.274 0.274 0.262 0.262 0.262 0.264 0.264 0.2545 0.2545 0.2245 0.2245 0.2245 0.216 0.216 0.1495 0.1495 0.174 0.174 0.2155 0.2155 0.2155 0.2175 0.2175 0.268 0.268 0.3025 0.3025 0.3025 0.2915 0.2915 0.2585 0.2585 0.2705 0.2705 0.2705 0.2995 0.2995 0.247 0.247 0.1725 0.1725 0.1725 0.146
0.3395 0.3395 0.2865 0.2865 0.3115 0.3115 0.3135 0.3135 0.3135 0.2925 0.2925 0.307 0.307 0.311 0.311 0.2885 0.2885 0.2885 0.2565 0.2565 0.227 0.227 0.2365 0.2365 0.2365 0.242 0.242 0.2665 0.2665 0.254 0.254 0.254 0.2715 0.2715 0.274 0.274 0.262 0.262 0.262 0.264 0.264 0.2545 0.2545 0.2245 0.2245 0.2245 0.216 0.216 0.1495 0.1495 0.174 0.174 0.2155 0.2155 0.2155 0.2175 0.2175 0.268 0.268 0.3025 0.3025 0.3025 0.2915 0.2915 0.2585 0.2585 0.2705 0.2705 0.2705 0.2995 0.2995 0.247 0.247 0.1725 0.1725 0.1725 0.146
0.3395 0.3395 0.2865 0.2865 0.3115 0.3115 0.3135 0.3135 0.3135 0.2925 0.2925 0.307 0.307 0.311 0.311 0.2885 0.2885 0.2885 0.2565 0.2565 0.227 0.227 0.2365 0.2365 0.2365 0.242 0.242 0.2665 0.2665 0.254 0.254 0.254 0.2715 0.2715 0.274 0.274 0.262 0.262 0.262 0.264 0.264 0.2545 0.2545 0.2245 0.2245 0.2245 0.216 0.216 0.1495 0.1495 0.174 0.174 0.2155 0.2155 0.2155 0.2175 0.2175 0.268 0.268 0.3025 0.3025 0.3025 0.2915 0.2915 0.2585 0.2585 0.2705 0.2705 0.2705 0.2995 0.2995 0.247 0.247 0.1725 0.1725 0.1725 0.146
0.3415 0.3415 0.291 0.291 0.281 0.281 0.3155 0.3155 0.3155 0.345 0.345 0.3505 0.3505 0.3565 0.3565 0.298 0.298 0.298 0.296 0.296 0.304 0.304 0.2555 0.2555 0.2555 0.237 0.237 0.244 0.244 0.2405 0.2405 0.2405 0.2675 0.2675 0.263 0.263 0.2415 0.2415 0.2415 0.2635 0.2635 0.2685 0.2685 0.2695 0.2695 0.2695 0.2115 0.2115 0.228 0.228 0.2215 0.2215 0.2515 0.2515 0.2515 0.2375 0.2375 0.254 0.254 0.317 0.317 0.317 0.323 0.323 0.3275 0.3275 0.2715 0.2715 0.2715 0.2785 0.2785 0.2435 0.2435 0.202 0.202 0.202 0.16
