ndvi/NOAA-100.asc
ncols         252
nrows         154
xllcorner     -18.017974
yllcorner     13.481982
cellsize      0.035948
NODATA_value  -9999
[rows 68 to 101 of 154, columns 77 to 153 of 252]
0.192 0.192 0.2015 0.2015 0.188 0.188 0.1885 0.1885 0.1885 0.207 0.207 0.2115 0.2115 0.231 0.231 0.2025 0.2025 0.2025 0.226 0.226 0.213 0.213 0.2155 0.2155 0.2155 0.206 0.206 0.2125 0.2125 0.196 0.196 0.196 0.1895 0.1895 0.1885 0.1885 0.183 0.183 0.183 0.184 0.184 0.185 0.185 0.1745 0.1745 0.1745 0.1305 0.1305 0.1555 0.1555 0.151 0.151 0.171 0.171 0.171 0.178 0.178 0.172 0.172 0.214 0.214 0.214 0.206 0.206 0.2115 0.2115 0.209 0.209 0.209 0.2055 0.2055 0.195 0.195 0.17 0.17 0.17 0.124
0.2015 0.2015 0.199 0.199 0.184 0.184 0.187 0.187 0.187 0.186 0.186 0.2045 0.2045 0.2055 0.2055 0.208 0.208 0.208 0.2095 0.2095 0.2005 0.2005 0.2095 0.2095 0.2095 0.2215 0.2215 0.2045 0.2045 0.1905 0.1905 0.1905 0.1865 0.1865 0.1845 0.1845 0.1955 0.1955 0.1955 0.202 0.202 0.1975 0.1975 0.169 0.169 0.169 0.1535 0.1535 0.1485 0.1485 0.157 0.157 0.161 0.161 0.161 0.176 0.176 0.1805 0.1805 0.203 0.203 0.203 0.2185 0.2185 0.2185 0.2185 0.212 0.212 0.212 0.206 0.206 0.2115 0.2115 0.18 0.18 0.18 0.1365
0.2015 0.2015 0.199 0.199 0.184 0.184 0.187 0.187 0.187 0.186 0.186 0.2045 0.2045 0.2055 0.2055 0.208 0.208 0.208 0.2095 0.2095 0.2005 0.2005 0.2095 0.2095 0.2095 0.2215 0.2215 0.2045 0.2045 0.1905 0.1905 0.1905 0.1865 0.1865 0.1845 0.1845 0.1955 0.1955 0.1955 0.202 0.202 0.1975 0.1975 0.169 0.169 0.169 0.1535 0.1535 0.1485 0.1485 0.157 0.157 0.161 0.161 0.161 0.176 0.176 0.1805 0.1805 0.203 0.203 0.203 0.2185 0.2185 0.2185 0.2185 0.212 0.212 0.212 0.206 0.206 0.2115 0.2115 0.18 0.18 0.18 0.1365
0.2085 0.2085 0.205 0.205 0.196 0.196 0.1965 0.1965 0.1965 0.1895 0.1895 0.199 0.199 0.2065 0.2065 0.202 0.202 0.202 0.205 0.205 0.196 0.196 0.189 0.189 0.189 0.2385 0.2385 0.2365 0.2365 0.2175 0.2175 0.2175 0.2055 0.2055 0.204 0.204 0.2095 0.2095 0.2095 0.195 0.195 0.2055 0.2055 0.1785 0.1785 0.1785 0.161 0.161 0.1405 0.1405 0.154 0.154 0.18 0.18 0.18 0.204 0.204 0.205 0.205 0.1945 0.1945 0.1945 0.205 0.205 0.2075 0.2075 0.1975 0.1975 0.1975 0.19 0.19 0.198 0.198 0.2045 0.2045 0.2045 0.1635
0.2085 0.2085 0.205 0.205 0.196 0.196 0.1965 0.1965 0.1965 0.1895 0.1895 0.199 0.199 0.2065 0.2065 0.202 0.202 0.202 0.205 0.205 0.196 0.196 0.189 0.189 0.189 0.2385 0.2385 0.2365 0.2365 0.2175 0.2175 0.2175 0.2055 0.2055 0.204 0.204 0.2095 0.2095 0.2095 0.195 0.195 0.2055 0.2055 0.1785 0.1785 0.1785 0.161 0.161 0.1405 0.1405 0.154 0.154 0.18 0.18 0.18 0.204 0.204 0.205 0.205 0.1945 0.1945 0.1945 0.205 0.205 0.2075 0.2075 0.1975 0.1975 0.1975 0.19 0.19 0.198 0.198 0.2045 0.2045 0.2045 0.1635
0.2085 0.2085 0.205 0.205 0.196 0.196 0.1965 0.1965 0.1965 0.1895 0.1895 0.199 0.199 0.2065 0.2065 0.202 0.202 0.202 0.205 0.205 0.196 0.196 0.189 0.189 0.189 0.2385 0.2385 0.2365 0.2365 0.2175 0.2175 0.2175 0.2055 0.2055 0.204 0.204 0.2095 0.2095 0.2095 0.195 0.195 0.2055 0.2055 0.1785 0.1785 0.1785 0.161 0.161 0.1405 0.1405 0.154 0.154 0.18 0.18 0.18 0.204 0.204 0.205 0.205 0.1945 0.1945 0.1945 0.205 0.205 0.2075 0.2075 0.1975 0.1975 0.1975 0.19 0.19 0.198 0.198 0.2045 0.2045 0.2045 0.1635
0.2085 0.2085 0.2055 0.2055 0.197 0.197 0.1885 0.1885 0.1885 0.2055 0.2055 0.1885 0.1885 0.188 0.188 0.191 0.191 0.191 0.2035 0.2035 0.205 0.205 0.204 0.204 0.204 0.198 0.198 0.2085 0.2085 0.211 0.211 0.211 0.217 0.217 0.2155 0.2155 0.207 0.207 0.207 0.2045 0.2045 0.1975 0.1975 0.1735 0.1735 0.1735 0.18 0.18 0.207 0.207 0.191 0.191 0.2025 0.2025 0.2025 0.205 0.205 0.203 0.203 0.2005 0.2005 0.2005 0.197 0.197 0.1995 0.1995 0.2135 0.2135 0.2135 0.2115 0.2115 0.1975 0.1975 0.1655 0.1655 0.1655 0.1575
0.2085 0.2085 0.2055 0.2055 0.197 0.197 0.1885 0.1885 0.1885 0.2055 0.2055 0.1885 0.1885 0.188 0.188 0.191 0.191 0.191 0.2035 0.2035 0.205 0.205 0.204 0.204 0.204 0.198 0.198 0.2085 0.2085 0.211 0.211 0.211 0.217 0.217 0.2155 0.2155 0.207 0.207 0.207 0.2045 0.2045 0.1975 0.1975 0.1735 0.1735 0.1735 0.18 0.18 0.207 0.207 0.191 0.191 0.2025 0.2025 0.2025 0.205 0.205 0.203 0.203 0.2005 0.2005 0.2005 0.197 0.197 0.1995 0.1995 0.2135 0.2135 0.2135 0.2115 0.2115 0.1975 0.1975 0.1655 0.1655 0.1655 0.1575
0.195 0.195 0.203 0.203 0.203 0.203 0.1915 0.1915 0.1915 0.2085 0.2085 0.185 0.185 0.1885 0.1885 0.199 0.199 0.199 0.1925 0.1925 0.185 0.185 0.194 0.194 0.194 0.2085 0.2085 0.213 0.213 0.2265 0.2265 0.2265 0.221 0.221 0.2165 0.2165 0.2285 0.2285 0.2285 0.2185 0.2185 0.2105 0.2105 0.204 0.204 0.204 0.1815 0.1815 0.1995 0.1995 0.2095 0.2095 0.1995 0.1995 0.1995 0.1955 0.1955 0.2025 0.2025 0.1845 0.1845 0.1845 0.1915 0.1915 0.177 0.177 0.196 0.196 0.196 0.19 0.19 0.182 0.182 0.1175 0.1175 0.1175 0.1395
0.195 0.195 0.203 0.203 0.203 0.203 0.1915 0.1915 0.1915 0.2085 0.2085 0.185 0.185 0.1885 0.1885 0.199 0.199 0.199 0.1925 0.1925 0.185 0.185 0.194 0.194 0.194 0.2085 0.2085 0.213 0.213 0.2265 0.2265 0.2265 0.221 0.221 0.2165 0.2165 0.2285 0.2285 0.2285 0.2185 0.2185 0.2105 0.2105 0.204 0.204 0.204 0.1815 0.1815 0.1995 0.1995 0.2095 0.2095 0.1995 0.1995 0.1995 0.1955 0.1955 0.2025 0.2025 0.1845 0.1845 0.1845 0.1915 0.1915 0.177 0.177 0.196 0.196 0.196 0.19 0.19 0.182 0.182 0.1175 0.1175 0.1175 0.1395
0.1965 0.1965 0.1875 0.1875 0.1865 0.1865 0.206 0.206 0.206 0.1925 0.1925 0.2025 0.2025 0.1865 0.1865 0.1935 0.1935 0.1935 0.1735 0.1735 0.1835 0.1835 0.188 0.188 0.188 0.2155 0.2155 0.194 0.194 0.201 0.201 0.201 0.223 0.223 0.2325 0.2325 0.2125 0.2125 0.2125 0.214 0.214 0.212 0.212 0.2245 0.2245 0.2245 0.214 0.214 0.2335 0.2335 0.205 0.205 0.1985 0.1985 0.1985 0.1825 0.1825 0.186 0.186 0.1915 0.1915 0.1915 0.188 0.188 0.184 0.184 0.183 0.183 0.183 0.205 0.205 0.215 0.215 0.144 0.144 0.144 0.1365
0.1965 0.1965 0.1875 0.1875 0.1865 0.1865 0.206 0.206 0.206 0.1925 0.1925 0.2025 0.2025 0.1865 0.1865 0.1935 0.1935 0.1935 0.1735 0.1735 0.1835 0.1835 0.188 0.188 0.188 0.2155 0.2155 0.194 0.194 0.201 0.201 0.201 0.223 0.223 0.2325 0.2325 0.2125 0.2125 0.2125 0.214 0.214 0.212 0.212 0.2245 0.2245 0.2245 0.214 0.214 0.2335 0.2335 0.205 0.205 0.1985 0.1985 0.1985 0.1825 0.1825 0.186 0.186 0.1915 0.1915 0.1915 0.188 0.188 0.184 0.184 0.183 0.183 0.183 0.205 0.205 0.215 0.215 0.144 0.144 0.144 0.1365
0.1925 0.1925 0.1945 0.1945 0.1915 0.1915 0.1765 0.1765 0.1765 0.1885 0.1885 0.1975 0.1975 0.206 0.206 0.182 0.182 0.182 0.1825 0.1825 0.153 0.153 0.187 0.187 0.187 0.201 0.201 0.201 0.201 0.185 0.185 0.185 0.2035 0.2035 0.2095 0.2095 0.21 0.21 0.21 0.203 0.203 0.2025 0.2025 0.222 0.222 0.222 0.227 0.227 0.2365 0.2365 0.213 0.213 0.1905 0.1905 0.1905 0.181 0.181 0.182 0.182 0.184 0.184 0.184 0.189 0.189 0.1595 0.1595 0.158 0.158 0.158 0.1525 0.1525 0.1675 0.1675 0.1645 0.1645 0.1645 0.1325
0.1925 0.1925 0.1945 0.1945 0.1915 0.1915 0.1765 0.1765 0.1765 0.1885 0.1885 0.1975 0.1975 0.206 0.206 0.182 0.182 0.182 0.1825 0.1825 0.153 0.153 0.187 0.187 0.187 0.201 0.201 0.201 0.201 0.185 0.185 0.185 0.2035 0.2035 0.2095 0.2095 0.21 0.21 0.21 0.203 0.203 0.2025 0.2025 0.222 0.222 0.222 0.227 0.227 0.2365 0.2365 0.213 0.213 0.1905 0.1905 0.1905 0.181 0.181 0.182 0.182 0.184 0.184 0.184 0.189 0.189 0.1595 0.1595 0.158 0.158 0.158 0.1525 0.1525 0.1675 0.1675 0.1645 0.1645 0.1645 0.1325
0.1925 0.1925 0.1945 0.1945 0.1915 0.1915 0.1765 0.1765 0.1765 0.1885 0.1885 0.1975 0.1975 0.206 0.206 0.182 0.182 0.182 0.1825 0.1825 0.153 0.153 0.187 0.187 0.187 0.201 0.201 0.201 0.201 0.185 0.185 0.185 0.2035 0.2035 0.2095 0.2095 0.21 0.21 0.21 0.203 0.203 0.2025 0.2025 0.222 0.222 0.222 0.227 0.227 0.2365 0.2365 0.213 0.213 0.1905 0.1905 0.1905 0.181 0.181 0.182 0.182 0.184 0.184 0.184 0.189 0.189 0.1595 0.1595 0.158 0.158 0.158 0.1525 0.1525 0.1675 0.1675 0.1645 0.1645 0.1645 0.1325
0.2165 0.2165 0.198 0.198 0.198 0.198 0.2005 0.2005 0.2005 0.206 0.206 0.207 0.207 0.2055 0.2055 0.19 0.19 0.19 0.1765 0.1765 0.185 0.185 0.2015 0.2015 0.2015 0.1935 0.1935 0.1835 0.1835 0.185 0.185 0.185 0.1925 0.1925 0.197 0.197 0.2135 0.2135 0.2135 0.215 0.215 0.204 0.204 0.1875 0.1875 0.1875 0.2105 0.2105 0.2235 0.2235 0.209 0.209 0.207 0.207 0.207 0.1935 0.1935 0.1855 0.1855 0.1905 0.1905 0.1905 0.1855 0.1855 0.177 0.177 0.159 0.159 0.159 0.1695 0.1695 0.153 0.153 0.15 0.15 0.15 0.133
0.2165 0.2165 0.198 0.198 0.198 0.198 0.2005 0.2005 0.2005 0.206 0.206 0.207 0.207 0.2055 0.2055 0.19 0.19 0.19 0.1765 0.1765 0.185 0.185 0.2015 0.2015 0.2015 0.1935 0.1935 0.1835 0.1835 0.185 0.185 0.185 0.1925 0.1925 0.197 0.197 0.2135 0.2135 0.2135 0.215 0.215 0.204 0.204 0.1875 0.1875 0.1875 0.2105 0.2105 0.2235 0.2235 0.209 0.209 0.207 0.207 0.207 0.1935 0.1935 0.1855 0.1855 0.1905 0.1905 0.1905 0.1855 0.1855 0.177 0.177 0.159 0.159 0.159 0.1695 0.1695 0.153 0.153 0.15 0.15 0.15 0.133
0.2195 0.2195 0.204 0.204 0.212 0.212 0.22 0.22 0.22 0.2275 0.2275 0.214 0.214 0.21 0.21 0.1915 0.1915 0.1915 0.2055 0.2055 0.19 0.19 0.2115 0.2115 0.2115 0.1865 0.1865 0.1995 0.1995 0.1965 0.1965 0.1965 0.198 0.198 0.2065 0.2065 0.2045 0.2045 0.2045 0.194 0.194 0.21 0.21 0.195 0.195 0.195 0.1905 0.1905 0.2045 0.2045 0.2125 0.2125 0.227 0.227 0.227 0.203 0.203 0.1935 0.1935 0.198 0.198 0.198 0.217 0.217 0.203 0.203 0.1675 0.1675 0.1675 0.1665 0.1665 0.1605 0.1605 0.1625 0.1625 0.1625 0.1375
0.2195 0.2195 0.204 0.204 0.212 0.212 0.22 0.22 0.22 0.2275 0.2275 0.214 0.214 0.21 0.21 0.1915 0.1915 0.1915 0.2055 0.2055 0.19 0.19 0.2115 0.2115 0.2115 0.1865 0.1865 0.1995 0.1995 0.1965 0.1965 0.1965 0.198 0.198 0.2065 0.2065 0.2045 0.2045 0.2045 0.194 0.194 0.21 0.21 0.195 0.195 0.195 0.1905 0.1905 0.2045 0.2045 0.2125 0.2125 0.227 0.227 0.227 0.203 0.203 0.1935 0.1935 0.198 0.198 0.198 0.217 0.217 0.203 0.203 0.1675 0.1675 0.1675 0.1665 0.1665 0.1605 0.1605 0.1625 0.1625 0.1625 0.1375
0.232 0.232 0.2285 0.2285 0.242 0.242 0.2255 0.2255 0.2255 0.217 0.217 0.213 0.213 0.2115 0.2115 0.205 0.205 0.205 0.1925 0.1925 0.189 0.189 0.1885 0.1885 0.1885 0.201 0.201 0.194 0.194 0.192 0.192 0.192 0.2085 0.2085 0.2095 0.2095 0.209 0.209 0.209 0.2175 0.2175 0.2165 0.2165 0.2195 0.2195 0.2195 0.2105 0.2105 0.2215 0.2215 0.214 0.214 0.216 0.216 0.216 0.2155 0.2155 0.1955 0.1955 0.2095 0.2095 0.2095 0.2225 0.2225 0.218 0.218 0.1775 0.1775 0.1775 0.178 0.178 0.179 0.179 0.181 0.181 0.181 0.184
0.232 0.232 0.2285 0.2285 0.242 0.242 0.2255 0.2255 0.2255 0.217 0.217 0.213 0.213 0.2115 0.2115 0.205 0.205 0.205 0.1925 0.1925 0.189 0.189 0.1885 0.1885 0.1885 0.201 0.201 0.194 0.194 0.192 0.192 0.192 0.2085 0.2085 0.2095 0.2095 0.209 0.209 0.209 0.2175 0.2175 0.2165 0.2165 0.2195 0.2195 0.2195 0.2105 0.2105 0.2215 0.2215 0.214 0.214 0.216 0.216 0.216 0.2155 0.2155 0.1955 0.1955 0.2095 0.2095 0.2095 0.2225 0.2225 0.218 0.218 0.1775 0.1775 0.1775 0.178 0.178 0.179 0.179 0.181 0.181 0.181 0.184
0.232 0.232 0.2285 0.2285 0.242 0.242 0.2255 0.2255 0.2255 0.217 0.217 0.213 0.213 0.2115 0.2115 0.205 0.205 0.205 0.1925 0.1925 0.189 0.189 0.1885 0.1885 0.1885 0.201 0.201 0.194 0.194 0.192 0.192 0.192 0.2085 0.2085 0.2095 0.2095 0.209 0.209 0.209 0.2175 0.2175 0.2165 0.2165 0.2195 0.2195 0.2195 0.2105 0.2105 0.2215 0.2215 0.214 0.214 0.216 0.216 0.216 0.2155 0.2155 0.1955 0.1955 0.2095 0.2095 0.2095 0.2225 0.2225 0.218 0.218 0.1775 0.1775 0.1775 0.178 0.178 0.179 0.179 0.181 0.181 0.181 0.184
0.2335 0.2335 0.233 0.233 0.225 0.225 0.217 0.217 0.217 0.2115 0.2115 0.2065 0.2065 0.195 0.195 0.187 0.187 0.187 0.1965 0.1965 0.185 0.185 0.1905 0.1905 0.1905 0.1815 0.1815 0.2005 0.2005 0.1905 0.1905 0.1905 0.1865 0.1865 0.196 0.196 0.209 0.209 0.209 0.2015 0.2015 0.21 0.21 0.2185 0.2185 0.2185 0.226 0.226 0.2205 0.2205 0.2125 0.2125 0.202 0.202 0.202 0.219 0.219 0.217 0.217 0.2065 0.2065 0.2065 0.226 0.226 0.208 0.208 0.2025 0.2025 0.2025 0.1685 0.1685 0.1765 0.1765 0.1645 0.1645 0.1645 0.163
0.2335 0.2335 0.233 0.233 0.225 0.225 0.217 0.217 0.217 0.2115 0.2115 0.2065 0.2065 0.195 0.195 0.187 0.187 0.187 0.1965 0.1965 0.185 0.185 0.1905 0.1905 0.1905 0.1815 0.1815 0.2005 0.2005 0.1905 0.1905 0.1905 0.1865 0.1865 0.196 0.196 0.209 0.209 0.209 0.2015 0.2015 0.21 0.21 0.2185 0.2185 0.2185 0.226 0.226 0.2205 0.2205 0.2125 0.2125 0.202 0.202 0.202 0.219 0.219 0.217 0.217 0.2065 0.2065 0.2065 0.226 0.226 0.208 0.208 0.2025 0.2025 0.2025 0.1685 0.1685 0.1765 0.1765 0.1645 0.1645 0.1645 0.163
0.2305 0.2305 0.2175 0.2175 0.217 0.217 0.2065 0.2065 0.2065 0.2125 0.2125 0.2075 0.2075 0.1795 0.1795 0.189 0.189 0.189 0.1785 0.1785 0.1895 0.1895 0.2175 0.2175 0.2175 0.2 0.2 0.1985 0.1985 0.1965 0.1965 0.1965 0.182 0.182 0.2015 0.2015 0.2165 0.2165 0.2165 0.2035 0.2035 0.2015 0.2015 0.2025 0.2025 0.2025 0.2235 0.2235 0.21 0.21 0.2205 0.2205 0.214 0.214 0.214 0.206 0.206 0.223 0.223 0.2205 0.2205 0.2205 0.214 0.214 0.2225 0.2225 0.2135 0.2135 0.2135 0.2115 0.2115 0.223 0.223 0.209 0.209 0.209 0.2175
0.2305 0.2305 0.2175 0.2175 0.217 0.217 0.2065 0.2065 0.2065 0.2125 0.2125 0.2075 0.2075 0.1795 0.1795 0.189 0.189 0.189 0.1785 0.1785 0.1895 0.1895 0.2175 0.2175 0.2175 0.2 0.2 0.1985 0.1985 0.1965 0.1965 0.1965 0.182 0.182 0.2015 0.2015 0.2165 0.2165 0.2165 0.2035 0.2035 0.2015 0.2015 0.2025 0.2025 0.2025 0.2235 0.2235 0.21 0.21 0.2205 0.2205 0.214 0.214 0.214 0.206 0.206 0.223 0.223 0.2205 0.2205 0.2205 0.214 0.214 0.2225 0.2225 0.2135 0.2135 0.2135 0.2115 0.2115 0.223 0.223 0.209 0.209 0.209 0.2175
0.232 0.232 0.2335 0.2335 0.2105 0.2105 0.232 0.232 0.232 0.2215 0.2215 0.2225 0.2225 0.201 0.201 0.1965 0.1965 0.1965 0.2 0.2 0.1935 0.1935 0.186 0.186 0.186 0.1945 0.1945 0.2 0.2 0.205 0.205 0.205 0.2135 0.2135 0.2265 0.2265 0.213 0.213 0.213 0.221 0.221 0.2105 0.2105 0.206 0.206 0.206 0.218 0.218 0.223 0.223 0.231 0.231 0.2085 0.2085 0.2085 0.2095 0.2095 0.208 0.208 0.2175 0.2175 0.2175 0.226 0.226 0.2465 0.2465 0.2315 0.2315 0.2315 0.2215 0.2215 0.215 0.215 0.203 0.203 0.203 0.1855
0.232 0.232 0.2335 0.2335 0.2105 0.2105 0.232 0.232 0.232 0.2215 0.2215 0.2225 0.2225 0.201 0.201 0.1965 0.1965 0.1965 0.2 0.2 0.1935 0.1935 0.186 0.186 0.186 0.1945 0.1945 0.2 0.2 0.205 0.205 0.205 0.2135 0.2135 0.2265 0.2265 0.213 0.213 0.213 0.221 0.221 0.2105 0.2105 0.206 0.206 0.206 0.218 0.218 0.223 0.223 0.231 0.231 0.2085 0.2085 0.2085 0.2095 0.2095 0.208 0.208 0.2175 0.2175 0.2175 0.226 0.226 0.2465 0.2465 0.2315 0.2315 0.2315 0.2215 0.2215 0.215 0.215 0.203 0.203 0.203 0.1855
0.232 0.232 0.2335 0.2335 0.2105 0.2105 0.232 0.232 0.232 0.2215 0.2215 0.2225 0.2225 0.201 0.201 0.1965 0.1965 0.1965 0.2 0.2 0.1935 0.1935 0.186 0.186 0.186 0.1945 0.1945 0.2 0.2 0.205 0.205 0.205 0.2135 0.2135 0.2265 0.2265 0.213 0.213 0.213 0.221 0.221 0.2105 0.2105 0.206 0.206 0.206 0.218 0.218 0.223 0.223 0.231 0.231 0.2085 0.2085 0.2085 0.2095 0.2095 0.208 0.208 0.2175 0.2175 0.2175 0.226 0.226 0.2465 0.2465 0.2315 0.2315 0.2315 0.2215 0.2215 0.215 0.215 0.203 0.203 0.203 0.1855
0.227 0.227 0.229 0.229 0.2305 0.2305 0.2025 0.2025 0.2025 0.2115 0.2115 0.193 0.193 0.191 0.191 0.1855 0.1855 0.1855 0.19 0.19 0.188 0.188 0.1945 0.1945 0.1945 0.2165 0.2165 0.224 0.224 0.229 0.229 0.229 0.2165 0.2165 0.22 0.22 0.2125 0.2125 0.2125 0.2315 0.2315 0.224 0.224 0.2325 0.2325 0.2325 0.232 0.232 0.227 0.227 0.2265 0.2265 0.2315 0.2315 0.2315 0.234 0.234 0.216 0.216 0.221 0.221 0.221 0.219 0.219 0.222 0.222 0.233 0.233 0.233 0.25 0.25 0.2045 0.2045 0.156 0.156 0.156 0.1915
0.227 0.227 0.229 0.229 0.2305 0.2305 0.2025 0.2025 0.2025 0.2115 0.2115 0.193 0.193 0.191 0.191 0.1855 0.1855 0.1855 0.19 0.19 0.188 0.188 0.1945 0.1945 0.1945 0.2165 0.2165 0.224 0.224 0.229 0.229 0.229 0.2165 0.2165 0.22 0.22 0.2125 0.2125 0.2125 0.2315 0.2315 0.224 0.224 0.2325 0.2325 0.2325 0.232 0.232 0.227 0.227 0.2265 0.2265 0.2315 0.2315 0.2315 0.234 0.234 0.216 0.216 0.221 0.221 0.221 0.219 0.219 0.222 0.222 0.233 0.233 0.233 0.25 0.25 0.2045 0.2045 0.156 0.156 0.156 0.1915
0.2335 0.2335 0.216 0.216 0.2075 0.2075 0.208 0.208 0.208 0.196 0.196 0.1985 0.1985 0.207 0.207 0.2 0.2 0.2 0.1915 0.1915 0.194 0.194 0.215 0.215 0.215 0.229 0.229 0.2035 0.2035 0.2145 0.2145 0.2145 0.206 0.206 0.2205 0.2205 0.223 0.223 0.223 0.2305 0.2305 0.2265 0.2265 0.2385 0.2385 0.2385 0.24 0.24 0.2195 0.2195 0.2255 0.2255 0.242 0.242 0.242 0.231 0.231 0.226 0.226 0.2215 0.2215 0.2215 0.2155 0.2155 0.204 0.204 0.24 0.24 0.24 0.254 0.254 0.233 0.233 0.222 0.222 0.222 0.215
0.2335 0.2335 0.216 0.216 0.2075 0.2075 0.208 0.208 0.208 0.196 0.196 0.1985 0.1985 0.207 0.207 0.2 0.2 0.2 0.1915 0.1915 0.194 0.194 0.215 0.215 0.215 0.229 0.229 0.2035 0.2035 0.2145 0.2145 0.2145 0.206 0.206 0.2205 0.2205 0.223 0.223 0.223 0.2305 0.2305 0.2265 0.2265 0.2385 0.2385 0.2385 0.24 0.24 0.2195 0.2195 0.2255 0.2255 0.242 0.242 0.242 0.231 0.231 0.226 0.226 0.2215 0.2215 0.2215 0.2155 0.2155 0.204 0.204 0.24 0.24 0.24 0.254 0.254 0.233 0.233 0.222 0.222 0.222 0.215
0.2075 0.2075 0.2125 0.2125 0.2295 0.2295 0.2225 0.2225 0.2225 0.2265 0.2265 0.202 0.202 0.208 0.208 0.2075 0.2075 0.2075 0.216 0.216 0.219 0.219 0.245 0.245 0.245 0.2295 0.2295 0.226 0.226 0.226 0.226 0.226 0.229 0.229 0.237 0.237 0.237 0.237 0.237 0.2295 0.2295 0.226 0.226 0.2375 0.2375 0.2375 0.2505 0.2505 0.2455 0.2455 0.2355 0.2355 0.2285 0.2285 0.2285 0.259 0.259 0.221 0.221 0.2225 0.2225 0.2225 0.2295 0.2295 0.243 0.243 0.23 0.23 0.23 0.2415 0.2415 0.223 0.223 0.215 0.215 0.215 0.2135
