ndvi/NOAA-22.asc
ncols         252
nrows         154
xllcorner     -18.017974
yllcorner     13.481982
cellsize      0.035948
NODATA_value  -9999
[rows 102 to 135 of 154, columns 0 to 76 of 252]
-1 -1 -1 -1 -1 -1 -1 -1 -1 -1 -1 -1 -1 -1 -1 -1 -1 -1 -1 -1 -1 -1 -1 -1 -1 0.0097 0.0097 0.0097 0.1415 0.1415 0.3205 0.3205 0.335 0.335 0.335 0.3065 0.3065 0.316 0.316 0.308 0.308 0.308 0.311 0.311 0.2905 0.2905 0.2975 0.2975 0.2975 0.2905 0.2905 0.2915 0.2915 0.312 0.312 0.2795 0.2795 0.2795 0.2725 0.2725 0.256 0.256 0.256 0.256 0.256 0.2545 0.2545 0.2785 0.2785 0.2625 0.2625 0.2625 0.238 0.238 0.2555 0.2555 0.28
-1 -1 -1 -1 -1 -1 -1 -1 -1 -1 -1 -1 -1 -1 -1 -1 -1 -1 -1 -1 -1 -1 -1 0.0307 0.0307 0.247 0.247 0.247 0.365 0.365 0.35 0.35 0.345 0.345 0.345 0.3815 0.3815 0.319 0.319 0.3675 0.3675 0.3675 0.3625 0.3625 0.353 0.353 0.314 0.314 0.314 0.2975 0.2975 0.333 0.333 0.3495 0.3495 0.314 0.314 0.314 0.312 0.312 0.2795 0.2795 0.2795 0.2795 0.2795 0.29 0.29 0.345 0.345 0.3395 0.3395 0.3395 0.281 0.281 0.274 0.274 0.305
-1 -1 -1 -1 -1 -1 -1 -1 -1 -1 -1 -1 -1 -1 -1 -1 -1 -1 -1 -1 -1 -1 -1 0.0307 0.0307 0.247 0.247 0.247 0.365 0.365 0.35 0.35 0.345 0.345 0.345 0.3815 0.3815 0.319 0.319 0.3675 0.3675 0.3675 0.3625 0.3625 0.353 0.353 0.314 0.314 0.314 0.2975 0.2975 0.333 0.333 0.3495 0.3495 0.314 0.314 0.314 0.312 0.312 0.2795 0.2795 0.2795 0.2795 0.2795 0.29 0.29 0.345 0.345 0.3395 0.3395 0.3395 0.281 0.281 0.274 0.274 0.305
-1 -1 -1 -1 -1 -1 -1 -1 -1 -1 -1 -1 -1 -1 -1 -1 -1 -1 -1 -1 -1 -1 -1 0.0307 0.0307 0.247 0.247 0.247 0.365 0.365 0.35 0.35 0.345 0.345 0.345 0.3815 0.3815 0.319 0.319 0.3675 0.3675 0.3675 0.3625 0.3625 0.353 0.353 0.314 0.314 0.314 0.2975 0.2975 0.333 0.333 0.3495 0.3495 0.314 0.314 0.314 0.312 0.312 0.2795 0.2795 0.2795 0.2795 0.2795 0.29 0.29 0.345 0.345 0.3395 0.3395 0.3395 0.281 0.281 0.274 0.274 0.305
-1 -1 -1 -1 -1 -1 -1 -1 -1 -1 -1 -1 -1 -1 -1 -1 -1 -1 -1 -1 -1 0.0282 0.0282 0.1195 0.1195 0.399 0.399 0.399 0.387 0.387 0.398 0.398 0.4125 0.4125 0.4125 0.3905 0.3905 0.3355 0.3355 0.3595 0.3595 0.3595 0.387 0.387 0.397 0.397 0.353 0.353 0.353 0.347 0.347 0.3295 0.3295 0.335 0.335 0.344 0.344 0.344 0.33 0.33 0.343 0.343 0.343 0.343 0.343 0.3505 0.3505 0.346 0.346 0.346 0.346 0.346 0.334 0.334 0.2895 0.2895 0.2865
-1 -1 -1 -1 -1 -1 -1 -1 -1 -1 -1 -1 -1 -1 -1 -1 -1 -1 -1 -1 -1 0.0282 0.0282 0.1195 0.1195 0.399 0.399 0.399 0.387 0.387 0.398 0.398 0.4125 0.4125 0.4125 0.3905 0.3905 0.3355 0.3355 0.3595 0.3595 0.3595 0.387 0.387 0.397 0.397 0.353 0.353 0.353 0.347 0.347 0.3295 0.3295 0.335 0.335 0.344 0.344 0.344 0.33 0.33 0.343 0.343 0.343 0.343 0.343 0.3505 0.3505 0.346 0.346 0.346 0.346 0.346 0.334 0.334 0.2895 0.2895 0.2865
-1 -1 -1 -1 -1 -1 -1 -1 -1 -1 -1 -1 -1 -1 -1 -1 -1 -1 -1 -1 -1 0.1305 0.1305 0.402 0.402 0.3905 0.3905 0.3905 0.4215 0.4215 0.4375 0.4375 0.4205 0.4205 0.4205 0.375 0.375 0.3995 0.3995 0.4095 0.4095 0.4095 0.444 0.444 0.45 0.45 0.375 0.375 0.375 0.4375 0.4375 0.3835 0.3835 0.3645 0.3645 0.352 0.352 0.352 0.339 0.339 0.3605 0.3605 0.3605 0.3605 0.3605 0.359 0.359 0.389 0.389 0.3465 0.3465 0.3465 0.349 0.349 0.327 0.327 0.3075
-1 -1 -1 -1 -1 -1 -1 -1 -1 -1 -1 -1 -1 -1 -1 -1 -1 -1 -1 -1 -1 0.1305 0.1305 0.402 0.402 0.3905 0.3905 0.3905 0.4215 0.4215 0.4375 0.4375 0.4205 0.4205 0.4205 0.375 0.375 0.3995 0.3995 0.4095 0.4095 0.4095 0.444 0.444 0.45 0.45 0.375 0.375 0.375 0.4375 0.4375 0.3835 0.3835 0.3645 0.3645 0.352 0.352 0.352 0.339 0.339 0.3605 0.3605 0.3605 0.3605 0.3605 0.359 0.359 0.389 0.389 0.3465 0.3465 0.3465 0.349 0.349 0.327 0.327 0.3075
-1 -1 -1 -1 -1 -1 -1 -1 -1 -1 -1 -1 -1 -1 -1 -1 -1 -1 0.1842 0.1842 0.1842 0.3605 0.3605 0.4035 0.4035 0.405 0.405 0.405 0.3895 0.3895 0.471 0.471 0.4576 0.4576 0.4576 0.4105 0.4105 0.4315 0.4315 0.4335 0.4335 0.4335 0.4125 0.4125 0.404 0.404 0.3925 0.3925 0.3925 0.39 0.39 0.3885 0.3885 0.389 0.389 0.3655 0.3655 0.3655 0.332 0.332 0.3125 0.3125 0.3125 0.3125 0.3125 0.315 0.315 0.352 0.352 0.36 0.36 0.36 0.355 0.355 0.3915 0.3915 0.4075
-1 -1 -1 -1 -1 -1 -1 -1 -1 -1 -1 -1 -1 -1 -1 -1 -1 -1 0.1842 0.1842 0.1842 0.3605 0.3605 0.4035 0.4035 0.405 0.405 0.405 0.3895 0.3895 0.471 0.471 0.4576 0.4576 0.4576 0.4105 0.4105 0.4315 0.4315 0.4335 0.4335 0.4335 0.4125 0.4125 0.404 0.404 0.3925 0.3925 0.3925 0.39 0.39 0.3885 0.3885 0.389 0.389 0.3655 0.3655 0.3655 0.332 0.332 0.3125 0.3125 0.3125 0.3125 0.3125 0.315 0.315 0.352 0.352 0.36 0.36 0.36 0.355 0.355 0.3915 0.3915 0.4075
-1 -1 -1 -1 -1 -1 -1 -1 -1 -1 -1 -1 -1 -1 -1 -1 -1 -1 0.1842 0.1842 0.1842 0.3605 0.3605 0.4035 0.4035 0.405 0.405 0.405 0.3895 0.3895 0.471 0.471 0.4576 0.4576 0.4576 0.4105 0.4105 0.4315 0.4315 0.4335 0.4335 0.4335 0.4125 0.4125 0.404 0.404 0.3925 0.3925 0.3925 0.39 0.39 0.3885 0.3885 0.389 0.389 0.3655 0.3655 0.3655 0.332 0.332 0.3125 0.3125 0.3125 0.3125 0.3125 0.315 0.315 0.352 0.352 0.36 0.36 0.36 0.355 0.355 0.3915 0.3915 0.4075
-1 -1 -1 -1 -1 -1 -1 -1 -1 -1 -1 -1 -1 -1 -1 -1 0.2442 0.2442 0.397 0.397 0.397 0.391 0.391 0.3555 0.3555 0.318 0.318 0.318 0.4185 0.4185 0.423 0.423 0.4235 0.4235 0.4235 0.416 0.416 0.4365 0.4365 0.4325 0.4325 0.4325 0.3805 0.3805 0.3305 0.3305 0.3525 0.3525 0.3525 0.359 0.359 0.3265 0.3265 0.278 0.278 0.3005 0.3005 0.3005 0.3085 0.3085 0.3165 0.3165 0.3165 0.3165 0.3165 0.347 0.347 0.312 0.312 0.3225 0.3225 0.3225 0.3225 0.3225 0.366 0.366 0.4005
-1 -1 -1 -1 -1 -1 -1 -1 -1 -1 -1 -1 -1 -1 -1 -1 0.2442 0.2442 0.397 0.397 0.397 0.391 0.391 0.3555 0.3555 0.318 0.318 0.318 0.4185 0.4185 0.423 0.423 0.4235 0.4235 0.4235 0.416 0.416 0.4365 0.4365 0.4325 0.4325 0.4325 0.3805 0.3805 0.3305 0.3305 0.3525 0.3525 0.3525 0.359 0.359 0.3265 0.3265 0.278 0.278 0.3005 0.3005 0.3005 0.3085 0.3085 0.3165 0.3165 0.3165 0.3165 0.3165 0.347 0.347 0.312 0.312 0.3225 0.3225 0.3225 0.3225 0.3225 0.366 0.366 0.4005
-1 -1 -1 -1 -1 -1 -1 -1 -1 -1 -1 -1 0.1812 0.1812 0.1735 0.1735 0.2175 0.2175 0.4715 0.4715 0.4715 0.4275 0.4275 0.4465 0.4465 0.3755 0.3755 0.3755 0.436 0.436 0.442 0.442 0.4345 0.4345 0.4345 0.414 0.414 0.455 0.455 0.4205 0.4205 0.4205 0.4185 0.4185 0.403 0.403 0.383 0.383 0.383 0.3235 0.3235 0.2915 0.2915 0.3005 0.3005 0.329 0.329 0.329 0.3315 0.3315 0.3205 0.3205 0.3205 0.3205 0.3205 0.3695 0.3695 0.307 0.307 0.3065 0.3065 0.3065 0.3215 0.3215 0.3715 0.3715 0.4095
-1 -1 -1 -1 -1 -1 -1 -1 -1 -1 -1 -1 0.1812 0.1812 0.1735 0.1735 0.2175 0.2175 0.4715 0.4715 0.4715 0.4275 0.4275 0.4465 0.4465 0.3755 0.3755 0.3755 0.436 0.436 0.442 0.442 0.4345 0.4345 0.4345 0.414 0.414 0.455 0.455 0.4205 0.4205 0.4205 0.4185 0.4185 0.403 0.403 0.383 0.383 0.383 0.3235 0.3235 0.2915 0.2915 0.3005 0.3005 0.329 0.329 0.329 0.3315 0.3315 0.3205 0.3205 0.3205 0.3205 0.3205 0.3695 0.3695 0.307 0.307 0.3065 0.3065 0.3065 0.3215 0.3215 0.3715 0.3715 0.4095
-1 -1 -1 -1 -1 -1 -1 -1 -1 0.1225 0.1225 0.1225 0.162 0.162 0.0995 0.0995 0.08400001 0.08400001 0.1455 0.1455 0.1455 0.385 0.385 0.422 0.422 0.431 0.431 0.431 0.4265 0.4265 0.471 0.471 0.407 0.407 0.407 0.4545 0.4545 0.4775 0.4775 0.4355 0.4355 0.4355 0.394 0.394 0.376 0.376 0.398 0.398 0.398 0.282 0.282 0.2885 0.2885 0.294 0.294 0.358 0.358 0.358 0.3445 0.3445 0.328 0.328 0.328 0.328 0.328 0.341 0.341 0.298 0.298 0.3735 0.3735 0.3735 0.3445 0.3445 0.3655 0.3655 0.4385
-1 -1 -1 -1 -1 -1 -1 -1 -1 0.1225 0.1225 0.1225 0.162 0.162 0.0995 0.0995 0.08400001 0.08400001 0.1455 0.1455 0.1455 0.385 0.385 0.422 0.422 0.431 0.431 0.431 0.4265 0.4265 0.471 0.471 0.407 0.407 0.407 0.4545 0.4545 0.4775 0.4775 0.4355 0.4355 0.4355 0.394 0.394 0.376 0.376 0.398 0.398 0.398 0.282 0.282 0.2885 0.2885 0.294 0.294 0.358 0.358 0.358 0.3445 0.3445 0.328 0.328 0.328 0.328 0.328 0.341 0.341 0.298 0.298 0.3735 0.3735 0.3735 0.3445 0.3445 0.3655 0.3655 0.4385
-1 -1 -1 -1 -1 -1 -1 -1 -1 0.1225 0.1225 0.1225 0.162 0.162 0.0995 0.0995 0.08400001 0.08400001 0.1455 0.1455 0.1455 0.385 0.385 0.422 0.422 0.431 0.431 0.431 0.4265 0.4265 0.471 0.471 0.407 0.407 0.407 0.4545 0.4545 0.4775 0.4775 0.4355 0.4355 0.4355 0.394 0.394 0.376 0.376 0.398 0.398 0.398 0.282 0.282 0.2885 0.2885 0.294 0.294 0.358 0.358 0.358 0.3445 0.3445 0.328 0.328 0.328 0.328 0.328 0.341 0.341 0.298 0.298 0.3735 0.3735 0.3735 0.3445 0.3445 0.3655 0.3655 0.4385
-1 -1 -1 -1 -1 -1 -1 -1 -1 -1 -1 -1 0.0857 0.0857 0.0532 0.0532 0.0427 0.0427 0.0987 0.0987 0.0987 0.3785 0.3785 0.369 0.369 0.4235 0.4235 0.4235 0.443 0.443 0.4155 0.4155 0.458 0.458 0.458 0.445 0.445 0.443 0.443 0.3895 0.3895 0.3895 0.336 0.336 0.342 0.342 0.375 0.375 0.375 0.3095 0.3095 0.2835 0.2835 0.3625 0.3625 0.377 0.377 0.377 0.3675 0.3675 0.3825 0.3825 0.3825 0.3825 0.3825 0.331 0.331 0.314 0.314 0.3225 0.3225 0.3225 0.3185 0.3185 0.313 0.313 0.422
-1 -1 -1 -1 -1 -1 -1 -1 -1 -1 -1 -1 0.0857 0.0857 0.0532 0.0532 0.0427 0.0427 0.0987 0.0987 0.0987 0.3785 0.3785 0.369 0.369 0.4235 0.4235 0.4235 0.443 0.443 0.4155 0.4155 0.458 0.458 0.458 0.445 0.445 0.443 0.443 0.3895 0.3895 0.3895 0.336 0.336 0.342 0.342 0.375 0.375 0.375 0.3095 0.3095 0.2835 0.2835 0.3625 0.3625 0.377 0.377 0.377 0.3675 0.3675 0.3825 0.3825 0.3825 0.3825 0.3825 0.331 0.331 0.314 0.314 0.3225 0.3225 0.3225 0.3185 0.3185 0.313 0.313 0.422
-1 -1 -1 -1 -1 -1 -1 -1 -1 -1 -1 -1 -1 -1 -1 -1 -1 -1 0.0407 0.0407 0.0407 0.2125 0.2125 0.3735 0.3735 0.388 0.388 0.388 0.3875 0.3875 0.3885 0.3885 0.414 0.414 0.414 0.4455 0.4455 0.4345 0.4345 0.3435 0.3435 0.3435 0.4135 0.4135 0.3905 0.3905 0.3325 0.3325 0.3325 0.4165 0.4165 0.3675 0.3675 0.4065 0.4065 0.355 0.355 0.355 0.3375 0.3375 0.379 0.379 0.379 0.379 0.379 0.324 0.324 0.342 0.342 0.352 0.352 0.352 0.3535 0.3535 0.3495 0.3495 0.3745
-1 -1 -1 -1 -1 -1 -1 -1 -1 -1 -1 -1 -1 -1 -1 -1 -1 -1 0.0407 0.0407 0.0407 0.2125 0.2125 0.3735 0.3735 0.388 0.388 0.388 0.3875 0.3875 0.3885 0.3885 0.414 0.414 0.414 0.4455 0.4455 0.4345 0.4345 0.3435 0.3435 0.3435 0.4135 0.4135 0.3905 0.3905 0.3325 0.3325 0.3325 0.4165 0.4165 0.3675 0.3675 0.4065 0.4065 0.355 0.355 0.355 0.3375 0.3375 0.379 0.379 0.379 0.379 0.379 0.324 0.324 0.342 0.342 0.352 0.352 0.352 0.3535 0.3535 0.3495 0.3495 0.3745
-1 -1 -1 -1 -1 -1 -1 -1 -1 -1 -1 -1 -1 -1 -1 -1 -1 -1 -1 -1 -1 0.0546 0.0546 0.3255 0.3255 0.436 0.436 0.436 0.389 0.389 0.434 0.434 0.411 0.411 0.411 0.3745 0.3745 0.414 0.414 0.3655 0.3655 0.3655 0.3685 0.3685 0.367 0.367 0.398 0.398 0.398 0.412 0.412 0.443 0.443 0.4385 0.4385 0.452 0.452 0.452 0.3915 0.3915 0.4275 0.4275 0.4275 0.4275 0.4275 0.393 0.393 0.439 0.439 0.3705 0.3705 0.3705 0.389 0.389 0.417 0.417 0.394
-1 -1 -1 -1 -1 -1 -1 -1 -1 -1 -1 -1 -1 -1 -1 -1 -1 -1 -1 -1 -1 0.0546 0.0546 0.3255 0.3255 0.436 0.436 0.436 0.389 0.389 0.434 0.434 0.411 0.411 0.411 0.3745 0.3745 0.414 0.414 0.3655 0.3655 0.3655 0.3685 0.3685 0.367 0.367 0.398 0.398 0.398 0.412 0.412 0.443 0.443 0.4385 0.4385 0.452 0.452 0.452 0.3915 0.3915 0.4275 0.4275 0.4275 0.4275 0.4275 0.393 0.393 0.439 0.439 0.3705 0.3705 0.3705 0.389 0.389 0.417 0.417 0.394
-1 -1 -1 -1 -1 -1 -1 -1 -1 -1 -1 -1 -1 -1 -1 -1 -1 -1 -1 -1 -1 0.0972 0.0972 0.2847 0.2847 0.3875 0.3875 0.3875 0.4205 0.4205 0.4535 0.4535 0.4915 0.4915 0.4915 0.4485 0.4485 0.3375 0.3375 0.295 0.295 0.295 0.3055 0.3055 0.3865 0.3865 0.452 0.452 0.452 0.476 0.476 0.4625 0.4625 0.5089999 0.5089999 0.4325 0.4325 0.4325 0.459 0.459 0.438 0.438 0.438 0.438 0.438 0.383 0.383 0.396 0.396 0.3615 0.3615 0.3615 0.3605 0.3605 0.3565 0.3565 0.363
-1 -1 -1 -1 -1 -1 -1 -1 -1 -1 -1 -1 -1 -1 -1 -1 -1 -1 -1 -1 -1 0.0972 0.0972 0.2847 0.2847 0.3875 0.3875 0.3875 0.4205 0.4205 0.4535 0.4535 0.4915 0.4915 0.4915 0.4485 0.4485 0.3375 0.3375 0.295 0.295 0.295 0.3055 0.3055 0.3865 0.3865 0.452 0.452 0.452 0.476 0.476 0.4625 0.4625 0.5089999 0.5089999 0.4325 0.4325 0.4325 0.459 0.459 0.438 0.438 0.438 0.438 0.438 0.383 0.383 0.396 0.396 0.3615 0.3615 0.3615 0.3605 0.3605 0.3565 0.3565 0.363
-1 -1 -1 -1 -1 -1 -1 -1 -1 -1 -1 -1 -1 -1 -1 -1 -1 -1 -1 -1 -1 0.0972 0.0972 0.2847 0.2847 0.3875 0.3875 0.3875 0.4205 0.4205 0.4535 0.4535 0.4915 0.4915 0.4915 0.4485 0.4485 0.3375 0.3375 0.295 0.295 0.295 0.3055 0.3055 0.3865 0.3865 0.452 0.452 0.452 0.476 0.476 0.4625 0.4625 0.5089999 0.5089999 0.4325 0.4325 0.4325 0.459 0.459 0.438 0.438 0.438 0.438 0.438 0.383 0.383 0.396 0.396 0.3615 0.3615 0.3615 0.3605 0.3605 0.3565 0.3565 0.363
-1 -1 -1 -1 -1 -1 -1 -1 -1 -1 -1 -1 -1 -1 -1 -1 -1 -1 -1 -1 -1 -1 -1 0.0567 0.0567 0.0835 0.0835 0.0835 0.4435 0.4435 0.523 0.523 0.4945 0.4945 0.4945 0.4515 0.4515 0.234 0.234 0.1425 0.1425 0.1425 0.231 0.231 0.305 0.305 0.346 0.346 0.346 0.3935 0.3935 0.4055 0.4055 0.479 0.479 0.47 0.47 0.47 0.4495 0.4495 0.476 0.476 0.476 0.476 0.476 0.4285 0.4285 0.4565 0.4565 0.42 0.42 0.42 0.378 0.378 0.3365 0.3365 0.346
-1 -1 -1 -1 -1 -1 -1 -1 -1 -1 -1 -1 -1 -1 -1 -1 -1 -1 -1 -1 -1 -1 -1 0.0567 0.0567 0.0835 0.0835 0.0835 0.4435 0.4435 0.523 0.523 0.4945 0.4945 0.4945 0.4515 0.4515 0.234 0.234 0.1425 0.1425 0.1425 0.231 0.231 0.305 0.305 0.346 0.346 0.346 0.3935 0.3935 0.4055 0.4055 0.479 0.479 0.47 0.47 0.47 0.4495 0.4495 0.476 0.476 0.476 0.476 0.476 0.4285 0.4285 0.4565 0.4565 0.42 0.42 0.42 0.378 0.378 0.3365 0.3365 0.346
-1 -1 -1 -1 -1 -1 -1 -1 -1 -1 -1 -1 -1 -1 -1 -1 -1 -1 -1 -1 -1 -1 -1 -1 -1 0.1117 0.1117 0.1117 0.3195 0.3195 0.4345 0.4345 0.4175 0.4175 0.4175 0.2775 0.2775 0.127 0.127 0.086 0.086 0.086 0.183 0.183 0.2185 0.2185 0.3175 0.3175 0.3175 0.3005 0.3005 0.338 0.338 0.42 0.42 0.4585 0.4585 0.4585 0.4895 0.4895 0.514 0.514 0.514 0.514 0.514 0.523 0.523 0.501 0.501 0.4595 0.4595 0.4595 0.4805 0.4805 0.367 0.367 0.3725
-1 -1 -1 -1 -1 -1 -1 -1 -1 -1 -1 -1 -1 -1 -1 -1 -1 -1 -1 -1 -1 -1 -1 -1 -1 0.1117 0.1117 0.1117 0.3195 0.3195 0.4345 0.4345 0.4175 0.4175 0.4175 0.2775 0.2775 0.127 0.127 0.086 0.086 0.086 0.183 0.183 0.2185 0.2185 0.3175 0.3175 0.3175 0.3005 0.3005 0.338 0.338 0.42 0.42 0.4585 0.4585 0.4585 0.4895 0.4895 0.514 0.514 0.514 0.514 0.514 0.523 0.523 0.501 0.501 0.4595 0.4595 0.4595 0.4805 0.4805 0.367 0.367 0.3725
-1 -1 -1 -1 -1 -1 -1 -1 -1 -1 -1 -1 -1 -1 -1 -1 -1 -1 -1 -1 -1 -1 -1 -1 -1 0.0667 0.0667 0.0667 0.1375 0.1375 0.3085 0.3085 0.374 0.374 0.374 0.3325 0.3325 0.191 0.191 0.325 0.325 0.325 0.373 0.373 0.319 0.319 0.3175 0.3175 0.3175 0.1925 0.1925 0.326 0.326 0.346 0.346 0.432 0.432 0.432 0.4665 0.4665 0.5015 0.5015 0.5015 0.5015 0.5015 0.4755 0.4755 0.508 0.508 0.4595 0.4595 0.4595 0.382 0.382 0.3765 0.3765 0.3585
-1 -1 -1 -1 -1 -1 -1 -1 -1 -1 -1 -1 -1 -1 -1 -1 -1 -1 -1 -1 -1 -1 -1 -1 -1 0.0667 0.0667 0.0667 0.1375 0.1375 0.3085 0.3085 0.374 0.374 0.374 0.3325 0.3325 0.191 0.191 0.325 0.325 0.325 0.373 0.373 0.319 0.319 0.3175 0.3175 0.3175 0.1925 0.1925 0.326 0.326 0.346 0.346 0.432 0.432 0.432 0.4665 0.4665 0.5015 0.5015 0.5015 0.5015 0.5015 0.4755 0.4755 0.508 0.508 0.4595 0.4595 0.4595 0.382 0.382 0.3765 0.3765 0.3585
-1 -1 -1 -1 -1 -1 -1 -1 -1 -1 -1 -1 -1 -1 -1 -1 -1 -1 -1 -1 -1 -1 -1 -1 -1 0.0667 0.0667 0.0667 0.1375 0.1375 0.3085 0.3085 0.374 0.374 0.374 0.3325 0.3325 0.191 0.191 0.325 0.325 0.325 0.373 0.373 0.319 0.319 0.3175 0.3175 0.3175 0.1925 0.1925 0.326 0.326 0.346 0.346 0.432 0.432 0.432 0.4665 0.4665 0.5015 0.5015 0.5015 0.5015 0.5015 0.4755 0.4755 0.508 0.508 0.4595 0.4595 0.4595 0.382 0.382 0.3765 0.3765 0.3585
