ndvi/NOAA-5.asc
ncols         252
nrows         154
xllcorner     -18.017974
yllcorner     13.481982
cellsize      0.035948
NODATA_value  -9999
[rows 105 to 139 of 154, columns 77 to 153 of 252]
0.2465 0.2465 0.2495 0.2495 0.2605 0.2605 0.246 0.246 0.246 0.244 0.244 0.2345 0.2345 0.245 0.245 0.2335 0.2335 0.2335 0.2255 0.2255 0.2375 0.2375 0.2345 0.2345 0.2345 0.2535 0.2535 0.2595 0.2595 0.249 0.249 0.249 0.2635 0.2635 0.267 0.267 0.2665 0.2665 0.2665 0.273 0.273 0.2585 0.2585 0.265 0.265 0.265 0.2685 0.2685 0.277 0.277 0.274 0.274 0.265 0.265 0.265 0.255 0.255 0.277 0.277 0.262 0.262 0.262 0.277 0.277 0.2955 0.2955 0.2665 0.2665 0.2665 0.2545 0.2545 0.2575 0.2575 0.2685 0.2685 0.2685 0.2385
0.2365 0.2365 0.2455 0.2455 0.251 0.251 0.2505 0.2505 0.2505 0.2275 0.2275 0.2425 0.2425 0.2435 0.2435 0.2385 0.2385 0.2385 0.244 0.244 0.24 0.24 0.2355 0.2355 0.2355 0.25 0.25 0.2655 0.2655 0.247 0.247 0.247 0.264 0.264 0.2705 0.2705 0.2705 0.2705 0.2705 0.262 0.262 0.2505 0.2505 0.262 0.262 0.262 0.2535 0.2535 0.2845 0.2845 0.2655 0.2655 0.2625 0.2625 0.2625 0.257 0.257 0.261 0.261 0.2665 0.2665 0.2665 0.2595 0.2595 0.297 0.297 0.279 0.279 0.279 0.253 0.253 0.2435 0.2435 0.248 0.248 0.248 0.244
0.2365 0.2365 0.2455 0.2455 0.251 0.251 0.2505 0.2505 0.2505 0.2275 0.2275 0.2425 0.2425 0.2435 0.2435 0.2385 0.2385 0.2385 0.244 0.244 0.24 0.24 0.2355 0.2355 0.2355 0.25 0.25 0.2655 0.2655 0.247 0.247 0.247 0.264 0.264 0.2705 0.2705 0.2705 0.2705 0.2705 0.262 0.262 0.2505 0.2505 0.262 0.262 0.262 0.2535 0.2535 0.2845 0.2845 0.2655 0.2655 0.2625 0.2625 0.2625 0.257 0.257 0.261 0.261 0.2665 0.2665 0.2665 0.2595 0.2595 0.297 0.297 0.279 0.279 0.279 0.253 0.253 0.2435 0.2435 0.248 0.248 0.248 0.244
0.251 0.251 0.245 0.245 0.2625 0.2625 0.2495 0.2495 0.2495 0.259 0.259 0.2375 0.2375 0.2665 0.2665 0.2475 0.2475 0.2475 0.251 0.251 0.2525 0.2525 0.261 0.261 0.261 0.2555 0.2555 0.264 0.264 0.243 0.243 0.243 0.2615 0.2615 0.272 0.272 0.257 0.257 0.257 0.26 0.26 0.25 0.25 0.248 0.248 0.248 0.237 0.237 0.274 0.274 0.2675 0.2675 0.2685 0.2685 0.2685 0.2435 0.2435 0.2575 0.2575 0.26 0.26 0.26 0.2655 0.2655 0.2835 0.2835 0.3045 0.3045 0.3045 0.273 0.273 0.2355 0.2355 0.2375 0.2375 0.2375 0.23
0.251 0.251 0.245 0.245 0.2625 0.2625 0.2495 0.2495 0.2495 0.259 0.259 0.2375 0.2375 0.2665 0.2665 0.2475 0.2475 0.2475 0.251 0.251 0.2525 0.2525 0.261 0.261 0.261 0.2555 0.2555 0.264 0.264 0.243 0.243 0.243 0.2615 0.2615 0.272 0.272 0.257 0.257 0.257 0.26 0.26 0.25 0.25 0.248 0.248 0.248 0.237 0.237 0.274 0.274 0.2675 0.2675 0.2685 0.2685 0.2685 0.2435 0.2435 0.2575 0.2575 0.26 0.26 0.26 0.2655 0.2655 0.2835 0.2835 0.3045 0.3045 0.3045 0.273 0.273 0.2355 0.2355 0.2375 0.2375 0.2375 0.23
0.2655 0.2655 0.251 0.251 0.253 0.253 0.2505 0.2505 0.2505 0.245 0.245 0.2475 0.2475 0.267 0.267 0.267 0.267 0.267 0.26 0.26 0.2545 0.2545 0.2555 0.2555 0.2555 0.253 0.253 0.252 0.252 0.262 0.262 0.262 0.271 0.271 0.2575 0.2575 0.268 0.268 0.268 0.245 0.245 0.2365 0.2365 0.2205 0.2205 0.2205 0.2305 0.2305 0.2475 0.2475 0.255 0.255 0.271 0.271 0.271 0.267 0.267 0.2675 0.2675 0.263 0.263 0.263 0.274 0.274 0.274 0.274 0.2855 0.2855 0.2855 0.296 0.296 0.296 0.296 0.271 0.271 0.271 0.2325
0.2655 0.2655 0.251 0.251 0.253 0.253 0.2505 0.2505 0.2505 0.245 0.245 0.2475 0.2475 0.267 0.267 0.267 0.267 0.267 0.26 0.26 0.2545 0.2545 0.2555 0.2555 0.2555 0.253 0.253 0.252 0.252 0.262 0.262 0.262 0.271 0.271 0.2575 0.2575 0.268 0.268 0.268 0.245 0.245 0.2365 0.2365 0.2205 0.2205 0.2205 0.2305 0.2305 0.2475 0.2475 0.255 0.255 0.271 0.271 0.271 0.267 0.267 0.2675 0.2675 0.263 0.263 0.263 0.274 0.274 0.274 0.274 0.2855 0.2855 0.2855 0.296 0.296 0.296 0.296 0.271 0.271 0.271 0.2325
0.2655 0.2655 0.251 0.251 0.253 0.253 0.2505 0.2505 0.2505 0.245 0.245 0.2475 0.2475 0.267 0.267 0.267 0.267 0.267 0.26 0.26 0.2545 0.2545 0.2555 0.2555 0.2555 0.253 0.253 0.252 0.252 0.262 0.262 0.262 0.271 0.271 0.2575 0.2575 0.268 0.268 0.268 0.245 0.245 0.2365 0.2365 0.2205 0.2205 0.2205 0.2305 0.2305 0.2475 0.2475 0.255 0.255 0.271 0.271 0.271 0.267 0.267 0.2675 0.2675 0.263 0.263 0.263 0.274 0.274 0.274 0.274 0.2855 0.2855 0.2855 0.296 0.296 0.296 0.296 0.271 0.271 0.271 0.2325
0.2765 0.2765 0.2715 0.2715 0.272 0.272 0.272 0.272 0.272 0.2785 0.2785 0.272 0.272 0.255 0.255 0.2625 0.2625 0.2625 0.2765 0.2765 0.2675 0.2675 0.267 0.267 0.267 0.265 0.265 0.271 0.271 0.2585 0.2585 0.2585 0.264 0.264 0.264 0.264 0.2615 0.2615 0.2615 0.2595 0.2595 0.2615 0.2615 0.27 0.27 0.27 0.2675 0.2675 0.2675 0.2675 0.2575 0.2575 0.2675 0.2675 0.2675 0.2755 0.2755 0.266 0.266 0.288 0.288 0.288 0.2705 0.2705 0.252 0.252 0.2695 0.2695 0.2695 0.273 0.273 0.2615 0.2615 0.28 0.28 0.28 0.2395
0.2765 0.2765 0.2715 0.2715 0.272 0.272 0.272 0.272 0.272 0.2785 0.2785 0.272 0.272 0.255 0.255 0.2625 0.2625 0.2625 0.2765 0.2765 0.2675 0.2675 0.267 0.267 0.267 0.265 0.265 0.271 0.271 0.2585 0.2585 0.2585 0.264 0.264 0.264 0.264 0.2615 0.2615 0.2615 0.2595 0.2595 0.2615 0.2615 0.27 0.27 0.27 0.2675 0.2675 0.2675 0.2675 0.2575 0.2575 0.2675 0.2675 0.2675 0.2755 0.2755 0.266 0.266 0.288 0.288 0.288 0.2705 0.2705 0.252 0.252 0.2695 0.2695 0.2695 0.273 0.273 0.2615 0.2615 0.28 0.28 0.28 0.2395
0.2875 0.2875 0.2745 0.2745 0.264 0.264 0.264 0.264 0.264 0.2655 0.2655 0.265 0.265 0.2715 0.2715 0.2825 0.2825 0.2825 0.291 0.291 0.2695 0.2695 0.2705 0.2705 0.2705 0.27 0.27 0.267 0.267 0.2535 0.2535 0.2535 0.259 0.259 0.272 0.272 0.2665 0.2665 0.2665 0.2555 0.2555 0.251 0.251 0.252 0.252 0.252 0.271 0.271 0.2585 0.2585 0.258 0.258 0.283 0.283 0.283 0.255 0.255 0.2715 0.2715 0.272 0.272 0.272 0.249 0.249 0.2495 0.2495 0.271 0.271 0.271 0.2575 0.2575 0.2625 0.2625 0.2825 0.2825 0.2825 0.2415
0.2875 0.2875 0.2745 0.2745 0.264 0.264 0.264 0.264 0.264 0.2655 0.2655 0.265 0.265 0.2715 0.2715 0.2825 0.2825 0.2825 0.291 0.291 0.2695 0.2695 0.2705 0.2705 0.2705 0.27 0.27 0.267 0.267 0.2535 0.2535 0.2535 0.259 0.259 0.272 0.272 0.2665 0.2665 0.2665 0.2555 0.2555 0.251 0.251 0.252 0.252 0.252 0.271 0.271 0.2585 0.2585 0.258 0.258 0.283 0.283 0.283 0.255 0.255 0.2715 0.2715 0.272 0.272 0.272 0.249 0.249 0.2495 0.2495 0.271 0.271 0.271 0.2575 0.2575 0.2625 0.2625 0.2825 0.2825 0.2825 0.2415
0.261 0.261 0.25 0.25 0.232 0.232 0.2415 0.2415 0.2415 0.267 0.267 0.2695 0.2695 0.279 0.279 0.277 0.277 0.277 0.301 0.301 0.2835 0.2835 0.2725 0.2725 0.2725 0.2855 0.2855 0.265 0.265 0.255 0.255 0.255 0.2465 0.2465 0.283 0.283 0.266 0.266 0.266 0.2435 0.2435 0.236 0.236 0.256 0.256 0.256 0.264 0.264 0.2695 0.2695 0.2735 0.2735 0.267 0.267 0.267 0.259 0.259 0.252 0.252 0.2645 0.2645 0.2645 0.262 0.262 0.2495 0.2495 0.245 0.245 0.245 0.277 0.277 0.271 0.271 0.287 0.287 0.287 0.2605
0.261 0.261 0.25 0.25 0.232 0.232 0.2415 0.2415 0.2415 0.267 0.267 0.2695 0.2695 0.279 0.279 0.277 0.277 0.277 0.301 0.301 0.2835 0.2835 0.2725 0.2725 0.2725 0.2855 0.2855 0.265 0.265 0.255 0.255 0.255 0.2465 0.2465 0.283 0.283 0.266 0.266 0.266 0.2435 0.2435 0.236 0.236 0.256 0.256 0.256 0.264 0.264 0.2695 0.2695 0.2735 0.2735 0.267 0.267 0.267 0.259 0.259 0.252 0.252 0.2645 0.2645 0.2645 0.262 0.262 0.2495 0.2495 0.245 0.245 0.245 0.277 0.277 0.271 0.271 0.287 0.287 0.287 0.2605
0.261 0.261 0.25 0.25 0.232 0.232 0.2415 0.2415 0.2415 0.267 0.267 0.2695 0.2695 0.279 0.279 0.277 0.277 0.277 0.301 0.301 0.2835 0.2835 0.2725 0.2725 0.2725 0.2855 0.2855 0.265 0.265 0.255 0.255 0.255 0.2465 0.2465 0.283 0.283 0.266 0.266 0.266 0.2435 0.2435 0.236 0.236 0.256 0.256 0.256 0.264 0.264 0.2695 0.2695 0.2735 0.2735 0.267 0.267 0.267 0.259 0.259 0.252 0.252 0.2645 0.2645 0.2645 0.262 0.262 0.2495 0.2495 0.245 0.245 0.245 0.277 0.277 0.271 0.271 0.287 0.287 0.287 0.2605
0.2535 0.2535 0.1995 0.1995 0.2125 0.2125 0.2405 0.2405 0.2405 0.255 0.255 0.28 0.28 0.287 0.287 0.282 0.282 0.282 0.2895 0.2895 0.2915 0.2915 0.262 0.262 0.262 0.2535 0.2535 0.2625 0.2625 0.2675 0.2675 0.2675 0.2755 0.2755 0.282 0.282 0.2665 0.2665 0.2665 0.266 0.266 0.2875 0.2875 0.281 0.281 0.281 0.282 0.282 0.298 0.298 0.28 0.28 0.277 0.277 0.277 0.262 0.262 0.272 0.272 0.2725 0.2725 0.2725 0.261 0.261 0.2655 0.2655 0.259 0.259 0.259 0.27 0.27 0.267 0.267 0.267 0.267 0.267 0.265
0.2535 0.2535 0.1995 0.1995 0.2125 0.2125 0.2405 0.2405 0.2405 0.255 0.255 0.28 0.28 0.287 0.287 0.282 0.282 0.282 0.2895 0.2895 0.2915 0.2915 0.262 0.262 0.262 0.2535 0.2535 0.2625 0.2625 0.2675 0.2675 0.2675 0.2755 0.2755 0.282 0.282 0.2665 0.2665 0.2665 0.266 0.266 0.2875 0.2875 0.281 0.281 0.281 0.282 0.282 0.298 0.298 0.28 0.28 0.277 0.277 0.277 0.262 0.262 0.272 0.272 0.2725 0.2725 0.2725 0.261 0.261 0.2655 0.2655 0.259 0.259 0.259 0.27 0.27 0.267 0.267 0.267 0.267 0.267 0.265
0.1885 0.1885 0.234 0.234 0.224 0.224 0.2745 0.2745 0.2745 0.28 0.28 0.291 0.291 0.275 0.275 0.2635 0.2635 0.2635 0.27 0.27 0.2595 0.2595 0.268 0.268 0.268 0.2695 0.2695 0.2805 0.2805 0.271 0.271 0.271 0.272 0.272 0.284 0.284 0.2875 0.2875 0.2875 0.2915 0.2915 0.303 0.303 0.285 0.285 0.285 0.269 0.269 0.2825 0.2825 0.289 0.289 0.3065 0.3065 0.3065 0.303 0.303 0.2805 0.2805 0.286 0.286 0.286 0.288 0.288 0.269 0.269 0.2785 0.2785 0.2785 0.2785 0.2785 0.2695 0.2695 0.277 0.277 0.277 0.274
0.1885 0.1885 0.234 0.234 0.224 0.224 0.2745 0.2745 0.2745 0.28 0.28 0.291 0.291 0.275 0.275 0.2635 0.2635 0.2635 0.27 0.27 0.2595 0.2595 0.268 0.268 0.268 0.2695 0.2695 0.2805 0.2805 0.271 0.271 0.271 0.272 0.272 0.284 0.284 0.2875 0.2875 0.2875 0.2915 0.2915 0.303 0.303 0.285 0.285 0.285 0.269 0.269 0.2825 0.2825 0.289 0.289 0.3065 0.3065 0.3065 0.303 0.303 0.2805 0.2805 0.286 0.286 0.286 0.288 0.288 0.269 0.269 0.2785 0.2785 0.2785 0.2785 0.2785 0.2695 0.2695 0.277 0.277 0.277 0.274
0.2585 0.2585 0.2545 0.2545 0.235 0.235 0.2545 0.2545 0.2545 0.25 0.25 0.256 0.256 0.2615 0.2615 0.2455 0.2455 0.2455 0.2625 0.2625 0.257 0.257 0.277 0.277 0.277 0.278 0.278 0.271 0.271 0.2815 0.2815 0.2815 0.297 0.297 0.2945 0.2945 0.3005 0.3005 0.3005 0.2965 0.2965 0.2965 0.2965 0.3035 0.3035 0.3035 0.2625 0.2625 0.289 0.289 0.3115 0.3115 0.3055 0.3055 0.3055 0.308 0.308 0.3 0.3 0.2665 0.2665 0.2665 0.2705 0.2705 0.2535 0.2535 0.2875 0.2875 0.2875 0.279 0.279 0.2775 0.2775 0.286 0.286 0.286 0.287
0.2585 0.2585 0.2545 0.2545 0.235 0.235 0.2545 0.2545 0.2545 0.25 0.25 0.256 0.256 0.2615 0.2615 0.2455 0.2455 0.2455 0.2625 0.2625 0.257 0.257 0.277 0.277 0.277 0.278 0.278 0.271 0.271 0.2815 0.2815 0.2815 0.297 0.297 0.2945 0.2945 0.3005 0.3005 0.3005 0.2965 0.2965 0.2965 0.2965 0.3035 0.3035 0.3035 0.2625 0.2625 0.289 0.289 0.3115 0.3115 0.3055 0.3055 0.3055 0.308 0.308 0.3 0.3 0.2665 0.2665 0.2665 0.2705 0.2705 0.2535 0.2535 0.2875 0.2875 0.2875 0.279 0.279 0.2775 0.2775 0.286 0.286 0.286 0.287
0.2665 0.2665 0.237 0.237 0.2685 0.2685 0.256 0.256 0.256 0.2655 0.2655 0.2615 0.2615 0.259 0.259 0.2595 0.2595 0.2595 0.277 0.277 0.28 0.28 0.283 0.283 0.283 0.283 0.283 0.296 0.296 0.2995 0.2995 0.2995 0.3015 0.3015 0.285 0.285 0.3015 0.3015 0.3015 0.288 0.288 0.288 0.288 0.3 0.3 0.3 0.2905 0.2905 0.2975 0.2975 0.308 0.308 0.3035 0.3035 0.3035 0.302 0.302 0.2835 0.2835 0.3115 0.3115 0.3115 0.2995 0.2995 0.2955 0.2955 0.3065 0.3065 0.3065 0.3025 0.3025 0.294 0.294 0.303 0.303 0.303 0.2935
0.2665 0.2665 0.237 0.237 0.2685 0.2685 0.256 0.256 0.256 0.2655 0.2655 0.2615 0.2615 0.259 0.259 0.2595 0.2595 0.2595 0.277 0.277 0.28 0.28 0.283 0.283 0.283 0.283 0.283 0.296 0.296 0.2995 0.2995 0.2995 0.3015 0.3015 0.285 0.285 0.3015 0.3015 0.3015 0.288 0.288 0.288 0.288 0.3 0.3 0.3 0.2905 0.2905 0.2975 0.2975 0.308 0.308 0.3035 0.3035 0.3035 0.302 0.302 0.2835 0.2835 0.3115 0.3115 0.3115 0.2995 0.2995 0.2955 0.2955 0.3065 0.3065 0.3065 0.3025 0.3025 0.294 0.294 0.303 0.303 0.303 0.2935
0.2665 0.2665 0.237 0.237 0.2685 0.2685 0.256 0.256 0.256 0.2655 0.2655 0.2615 0.2615 0.259 0.259 0.2595 0.2595 0.2595 0.277 0.277 0.28 0.28 0.283 0.283 0.283 0.283 0.283 0.296 0.296 0.2995 0.2995 0.2995 0.3015 0.3015 0.285 0.285 0.3015 0.3015 0.3015 0.288 0.288 0.288 0.288 0.3 0.3 0.3 0.2905 0.2905 0.2975 0.2975 0.308 0.308 0.3035 0.3035 0.3035 0.302 0.302 0.2835 0.2835 0.3115 0.3115 0.3115 0.2995 0.2995 0.2955 0.2955 0.3065 0.3065 0.3065 0.3025 0.3025 0.294 0.294 0.303 0.303 0.303 0.2935
0.2725 0.2725 0.2795 0.2795 0.272 0.272 0.27 0.27 0.27 0.2725 0.2725 0.265 0.265 0.2545 0.2545 0.26 0.26 0.26 0.271 0.271 0.2715 0.2715 0.286 0.286 0.286 0.2905 0.2905 0.2825 0.2825 0.288 0.288 0.288 0.2905 0.2905 0.3095 0.3095 0.314 0.314 0.314 0.3115 0.3115 0.3 0.3 0.306 0.306 0.306 0.2955 0.2955 0.2965 0.2965 0.297 0.297 0.3025 0.3025 0.3025 0.297 0.297 0.294 0.294 0.297 0.297 0.297 0.282 0.282 0.3175 0.3175 0.322 0.322 0.322 0.306 0.306 0.315 0.315 0.3215 0.3215 0.3215 0.3045
0.2725 0.2725 0.2795 0.2795 0.272 0.272 0.27 0.27 0.27 0.2725 0.2725 0.265 0.265 0.2545 0.2545 0.26 0.26 0.26 0.271 0.271 0.2715 0.2715 0.286 0.286 0.286 0.2905 0.2905 0.2825 0.2825 0.288 0.288 0.288 0.2905 0.2905 0.3095 0.3095 0.314 0.314 0.314 0.3115 0.3115 0.3 0.3 0.306 0.306 0.306 0.2955 0.2955 0.2965 0.2965 0.297 0.297 0.3025 0.3025 0.3025 0.297 0.297 0.294 0.294 0.297 0.297 0.297 0.282 0.282 0.3175 0.3175 0.322 0.322 0.322 0.306 0.306 0.315 0.315 0.3215 0.3215 0.3215 0.3045
0.2525 0.2525 0.2665 0.2665 0.272 0.272 0.2605 0.2605 0.2605 0.2735 0.2735 0.287 0.287 0.282 0.282 0.2785 0.2785 0.2785 0.2835 0.2835 0.2765 0.2765 0.282 0.282 0.282 0.291 0.291 0.282 0.282 0.291 0.291 0.291 0.308 0.308 0.316 0.316 0.319 0.319 0.319 0.317 0.317 0.322 0.322 0.319 0.319 0.319 0.3035 0.3035 0.3125 0.3125 0.298 0.298 0.3015 0.3015 0.3015 0.3135 0.3135 0.308 0.308 0.297 0.297 0.297 0.294 0.294 0.3195 0.3195 0.315 0.315 0.315 0.3165 0.3165 0.332 0.332 0.3385 0.3385 0.3385 0.3255
0.2525 0.2525 0.2665 0.2665 0.272 0.272 0.2605 0.2605 0.2605 0.2735 0.2735 0.287 0.287 0.282 0.282 0.2785 0.2785 0.2785 0.2835 0.2835 0.2765 0.2765 0.282 0.282 0.282 0.291 0.291 0.282 0.282 0.291 0.291 0.291 0.308 0.308 0.316 0.316 0.319 0.319 0.319 0.317 0.317 0.322 0.322 0.319 0.319 0.319 0.3035 0.3035 0.3125 0.3125 0.298 0.298 0.3015 0.3015 0.3015 0.3135 0.3135 0.308 0.308 0.297 0.297 0.297 0.294 0.294 0.3195 0.3195 0.315 0.315 0.315 0.3165 0.3165 0.332 0.332 0.3385 0.3385 0.3385 0.3255
0.2665 0.2665 0.267 0.267 0.2915 0.2915 0.282 0.282 0.282 0.2845 0.2845 0.2835 0.2835 0.2855 0.2855 0.2735 0.2735 0.2735 0.292 0.292 0.3085 0.3085 0.3055 0.3055 0.3055 0.296 0.296 0.273 0.273 0.291 0.291 0.291 0.3185 0.3185 0.3355 0.3355 0.342 0.342 0.342 0.328 0.328 0.326 0.326 0.3205 0.3205 0.3205 0.333 0.333 0.3145 0.3145 0.3245 0.3245 0.304 0.304 0.304 0.3 0.3 0.329 0.329 0.3005 0.3005 0.3005 0.3145 0.3145 0.3035 0.3035 0.323 0.323 0.323 0.3305 0.3305 0.3375 0.3375 0.3465 0.3465 0.3465 0.3185
0.2665 0.2665 0.267 0.267 0.2915 0.2915 0.282 0.282 0.282 0.2845 0.2845 0.2835 0.2835 0.2855 0.2855 0.2735 0.2735 0.2735 0.292 0.292 0.3085 0.3085 0.3055 0.3055 0.3055 0.296 0.296 0.273 0.273 0.291 0.291 0.291 0.3185 0.3185 0.3355 0.3355 0.342 0.342 0.342 0.328 0.328 0.326 0.326 0.3205 0.3205 0.3205 0.333 0.333 0.3145 0.3145 0.3245 0.3245 0.304 0.304 0.304 0.3 0.3 0.329 0.329 0.3005 0.3005 0.3005 0.3145 0.3145 0.3035 0.3035 0.323 0.323 0.323 0.3305 0.3305 0.3375 0.3375 0.3465 0.3465 0.3465 0.3185
0.2665 0.2665 0.267 0.267 0.2915 0.2915 0.282 0.282 0.282 0.2845 0.2845 0.2835 0.2835 0.2855 0.2855 0.2735 0.2735 0.2735 0.292 0.292 0.3085 0.3085 0.3055 0.3055 0.3055 0.296 0.296 0.273 0.273 0.291 0.291 0.291 0.3185 0.3185 0.3355 0.3355 0.342 0.342 0.342 0.328 0.328 0.326 0.326 0.3205 0.3205 0.3205 0.333 0.333 0.3145 0.3145 0.3245 0.3245 0.304 0.304 0.304 0.3 0.3 0.329 0.329 0.3005 0.3005 0.3005 0.3145 0.3145 0.3035 0.3035 0.323 0.323 0.323 0.3305 0.3305 0.3375 0.3375 0.3465 0.3465 0.3465 0.3185
0.2745 0.2745 0.278 0.278 0.2975 0.2975 0.2815 0.2815 0.2815 0.2965 0.2965 0.276 0.276 0.2835 0.2835 0.2935 0.2935 0.2935 0.3125 0.3125 0.309 0.309 0.34 0.34 0.34 0.3085 0.3085 0.3155 0.3155 0.297 0.297 0.297 0.331 0.331 0.317 0.317 0.315 0.315 0.315 0.3055 0.3055 0.31 0.31 0.33 0.33 0.33 0.316 0.316 0.3155 0.3155 0.329 0.329 0.323 0.323 0.323 0.3475 0.3475 0.3335 0.3335 0.3325 0.3325 0.3325 0.329 0.329 0.3275 0.3275 0.329 0.329 0.329 0.3075 0.3075 0.305 0.305 0.3365 0.3365 0.3365 0.323
0.2745 0.2745 0.278 0.278 0.2975 0.2975 0.2815 0.2815 0.2815 0.2965 0.2965 0.276 0.276 0.2835 0.2835 0.2935 0.2935 0.2935 0.3125 0.3125 0.309 0.309 0.34 0.34 0.34 0.3085 0.3085 0.3155 0.3155 0.297 0.297 0.297 0.331 0.331 0.317 0.317 0.315 0.315 0.315 0.3055 0.3055 0.31 0.31 0.33 0.33 0.33 0.316 0.316 0.3155 0.3155 0.329 0.329 0.323 0.323 0.323 0.3475 0.3475 0.3335 0.3335 0.3325 0.3325 0.3325 0.329 0.329 0.3275 0.3275 0.329 0.329 0.329 0.3075 0.3075 0.305 0.305 0.3365 0.3365 0.3365 0.323
0.275 0.275 0.2905 0.2905 0.302 0.302 0.307 0.307 0.307 0.3 0.3 0.272 0.272 0.2725 0.2725 0.304 0.304 0.304 0.3095 0.3095 0.3 0.3 0.3275 0.3275 0.3275 0.304 0.304 0.3125 0.3125 0.315 0.315 0.315 0.323 0.323 0.317 0.317 0.333 0.333 0.333 0.306 0.306 0.322 0.322 0.341 0.341 0.341 0.32 0.32 0.3345 0.3345 0.317 0.317 0.3465 0.3465 0.3465 0.3655 0.3655 0.364 0.364 0.3535 0.3535 0.3535 0.343 0.343 0.3335 0.3335 0.347 0.347 0.347 0.296 0.296 0.3075 0.3075 0.321 0.321 0.321 0.301
0.275 0.275 0.2905 0.2905 0.302 0.302 0.307 0.307 0.307 0.3 0.3 0.272 0.272 0.2725 0.2725 0.304 0.304 0.304 0.3095 0.3095 0.3 0.3 0.3275 0.3275 0.3275 0.304 0.304 0.3125 0.3125 0.315 0.315 0.315 0.323 0.323 0.317 0.317 0.333 0.333 0.333 0.306 0.306 0.322 0.322 0.341 0.341 0.341 0.32 0.32 0.3345 0.3345 0.317 0.317 0.3465 0.3465 0.3465 0.3655 0.3655 0.364 0.364 0.3535 0.3535 0.3535 0.343 0.343 0.3335 0.3335 0.347 0.347 0.347 0.296 0.296 0.3075 0.3075 0.321 0.321 0.321 0.301
