ndvi/NOAA-334.asc
ncols         252
nrows         154
xllcorner     -18.017974
yllcorner     13.481982
cellsize      0.035948
NODATA_value  -9999
[rows 0 to 33 of 154, columns 156 to 233 of 252]
0.0925 0.0925 0.0925 0.0925 0.1 0.1 0.104 0.104 0.105 0.105 0.1035 0.1035 0.1035 0.1085 0.1085 0.1075 0.1075 0.11 0.11 0.11 0.108 0.108 0.1055 0.1055 0.1035 0.1035 0.1035 0.1035 0.1035 0.1015 0.1015 0.0975 0.0975 0.0975 0.0945 0.0945 0.0935 0.0935 0.096 0.096 0.096 0.102 0.102 0.1015 0.1015 0.1015 0.1015 0.103 0.103 0.103 0.101 0.101 0.1025 0.1025 0.103 0.103 0.103 0.097 0.097 0.097 0.097 0.09900001 0.09900001 0.09900001 0.0935 0.0935 0.0905 0.0905 0.087 0.087 0.087 0.084 0.084 0.08 0.08 0.07600001 0.07600001 0.07600001
0.0925 0.0925 0.0925 0.0925 0.1 0.1 0.104 0.104 0.105 0.105 0.1035 0.1035 0.1035 0.1085 0.1085 0.1075 0.1075 0.11 0.11 0.11 0.108 0.108 0.1055 0.1055 0.1035 0.1035 0.1035 0.1035 0.1035 0.1015 0.1015 0.0975 0.0975 0.0975 0.0945 0.0945 0.0935 0.0935 0.096 0.096 0.096 0.102 0.102 0.1015 0.1015 0.1015 0.1015 0.103 0.103 0.103 0.101 0.101 0.1025 0.1025 0.103 0.103 0.103 0.097 0.097 0.097 0.097 0.09900001 0.09900001 0.09900001 0.0935 0.0935 0.0905 0.0905 0.087 0.087 0.087 0.084 0.084 0.08 0.08 0.07600001 0.07600001 0.07600001
0.094 0.0935 0.0935 0.0935 0.1005 0.1005 0.1025 0.1025 0.112 0.112 0.113 0.113 0.113 0.1095 0.1095 0.1125 0.1125 0.1035 0.1035 0.1035 0.1085 0.1085 0.108 0.108 0.108 0.108 0.108 0.107 0.107 0.1125 0.1125 0.1015 0.1015 0.1015 0.105 0.105 0.107 0.107 0.1075 0.1075 0.1075 0.126 0.126 0.1135 0.1135 0.11 0.11 0.1105 0.1105 0.1105 0.1155 0.1155 0.1145 0.1145 0.1115 0.1115 0.1115 0.1135 0.1135 0.106 0.106 0.0955 0.0955 0.0955 0.0965 0.0965 0.0935 0.0935 0.0895 0.0895 0.0895 0.087 0.087 0.0795 0.0795 0.077 0.077 0.077
0.094 0.0935 0.0935 0.0935 0.1005 0.1005 0.1025 0.1025 0.112 0.112 0.113 0.113 0.113 0.1095 0.1095 0.1125 0.1125 0.1035 0.1035 0.1035 0.1085 0.1085 0.108 0.108 0.108 0.108 0.108 0.107 0.107 0.1125 0.1125 0.1015 0.1015 0.1015 0.105 0.105 0.107 0.107 0.1075 0.1075 0.1075 0.126 0.126 0.1135 0.1135 0.11 0.11 0.1105 0.1105 0.1105 0.1155 0.1155 0.1145 0.1145 0.1115 0.1115 0.1115 0.1135 0.1135 0.106 0.106 0.0955 0.0955 0.0955 0.0965 0.0965 0.0935 0.0935 0.0895 0.0895 0.0895 0.087 0.087 0.0795 0.0795 0.077 0.077 0.077
0.094 0.0935 0.0935 0.0935 0.1005 0.1005 0.1025 0.1025 0.112 0.112 0.113 0.113 0.113 0.1095 0.1095 0.1125 0.1125 0.1035 0.1035 0.1035 0.1085 0.1085 0.108 0.108 0.108 0.108 0.108 0.107 0.107 0.1125 0.1125 0.1015 0.1015 0.1015 0.105 0.105 0.107 0.107 0.1075 0.1075 0.1075 0.126 0.126 0.1135 0.1135 0.11 0.11 0.1105 0.1105 0.1105 0.1155 0.1155 0.1145 0.1145 0.1115 0.1115 0.1115 0.1135 0.1135 0.106 0.106 0.0955 0.0955 0.0955 0.0965 0.0965 0.0935 0.0935 0.0895 0.0895 0.0895 0.087 0.087 0.0795 0.0795 0.077 0.077 0.077
0.1005 0.1095 0.1095 0.1095 0.124 0.124 0.1165 0.1165 0.1105 0.1105 0.113 0.113 0.113 0.1125 0.1125 0.1145 0.1145 0.1125 0.1125 0.1125 0.1135 0.1135 0.118 0.118 0.1155 0.1155 0.1155 0.1265 0.1265 0.132 0.132 0.1305 0.1305 0.1305 0.123 0.123 0.1165 0.1165 0.125 0.125 0.125 0.1175 0.1175 0.12 0.12 0.115 0.115 0.12 0.12 0.12 0.115 0.115 0.1135 0.1135 0.114 0.114 0.114 0.108 0.108 0.106 0.106 0.104 0.104 0.104 0.098 0.098 0.0995 0.0995 0.09 0.09 0.09 0.088 0.088 0.083 0.083 0.082 0.082 0.082
0.1005 0.1095 0.1095 0.1095 0.124 0.124 0.1165 0.1165 0.1105 0.1105 0.113 0.113 0.113 0.1125 0.1125 0.1145 0.1145 0.1125 0.1125 0.1125 0.1135 0.1135 0.118 0.118 0.1155 0.1155 0.1155 0.1265 0.1265 0.132 0.132 0.1305 0.1305 0.1305 0.123 0.123 0.1165 0.1165 0.125 0.125 0.125 0.1175 0.1175 0.12 0.12 0.115 0.115 0.12 0.12 0.12 0.115 0.115 0.1135 0.1135 0.114 0.114 0.114 0.108 0.108 0.106 0.106 0.104 0.104 0.104 0.098 0.098 0.0995 0.0995 0.09 0.09 0.09 0.088 0.088 0.083 0.083 0.082 0.082 0.082
0.1065 0.109 0.109 0.109 0.126 0.126 0.119 0.119 0.1215 0.1215 0.116 0.116 0.116 0.1205 0.1205 0.114 0.114 0.119 0.119 0.119 0.1205 0.1205 0.121 0.121 0.12 0.12 0.12 0.1215 0.1215 0.126 0.126 0.1185 0.1185 0.1185 0.118 0.118 0.1135 0.1135 0.1135 0.1135 0.1135 0.116 0.116 0.1215 0.1215 0.1235 0.1235 0.1195 0.1195 0.1195 0.115 0.115 0.114 0.114 0.1065 0.1065 0.1065 0.1085 0.1085 0.09900001 0.09900001 0.1025 0.1025 0.1025 0.09900001 0.09900001 0.098 0.098 0.0945 0.0945 0.0945 0.09299999 0.09299999 0.089 0.089 0.0875 0.0875 0.0875
0.1065 0.109 0.109 0.109 0.126 0.126 0.119 0.119 0.1215 0.1215 0.116 0.116 0.116 0.1205 0.1205 0.114 0.114 0.119 0.119 0.119 0.1205 0.1205 0.121 0.121 0.12 0.12 0.12 0.1215 0.1215 0.126 0.126 0.1185 0.1185 0.1185 0.118 0.118 0.1135 0.1135 0.1135 0.1135 0.1135 0.116 0.116 0.1215 0.1215 0.1235 0.1235 0.1195 0.1195 0.1195 0.115 0.115 0.114 0.114 0.1065 0.1065 0.1065 0.1085 0.1085 0.09900001 0.09900001 0.1025 0.1025 0.1025 0.09900001 0.09900001 0.098 0.098 0.0945 0.0945 0.0945 0.09299999 0.09299999 0.089 0.089 0.0875 0.0875 0.0875
0.121 0.1145 0.1145 0.1145 0.127 0.127 0.124 0.124 0.1145 0.1145 0.1185 0.1185 0.1185 0.1225 0.1225 0.1275 0.1275 0.125 0.125 0.125 0.117 0.117 0.1215 0.1215 0.117 0.117 0.117 0.117 0.117 0.127 0.127 0.128 0.128 0.128 0.1115 0.1115 0.113 0.113 0.1085 0.1085 0.1085 0.1035 0.1035 0.1135 0.1135 0.123 0.123 0.1195 0.1195 0.1195 0.121 0.121 0.11 0.11 0.1045 0.1045 0.1045 0.1045 0.1045 0.102 0.102 0.1035 0.1035 0.1035 0.103 0.103 0.0985 0.0985 0.0945 0.0945 0.0945 0.0925 0.0925 0.09 0.09 0.0935 0.0935 0.0935
0.121 0.1145 0.1145 0.1145 0.127 0.127 0.124 0.124 0.1145 0.1145 0.1185 0.1185 0.1185 0.1225 0.1225 0.1275 0.1275 0.125 0.125 0.125 0.117 0.117 0.1215 0.1215 0.117 0.117 0.117 0.117 0.117 0.127 0.127 0.128 0.128 0.128 0.1115 0.1115 0.113 0.113 0.1085 0.1085 0.1085 0.1035 0.1035 0.1135 0.1135 0.123 0.123 0.1195 0.1195 0.1195 0.121 0.121 0.11 0.11 0.1045 0.1045 0.1045 0.1045 0.1045 0.102 0.102 0.1035 0.1035 0.1035 0.103 0.103 0.0985 0.0985 0.0945 0.0945 0.0945 0.0925 0.0925 0.09 0.09 0.0935 0.0935 0.0935
0.1235 0.125 0.125 0.125 0.117 0.117 0.127 0.127 0.1185 0.1185 0.1215 0.1215 0.1215 0.1305 0.1305 0.131 0.131 0.128 0.128 0.128 0.112 0.112 0.1215 0.1215 0.1255 0.1255 0.1255 0.123 0.123 0.122 0.122 0.1195 0.1195 0.1195 0.1215 0.1215 0.1125 0.1125 0.125 0.125 0.125 0.1175 0.1175 0.113 0.113 0.1335 0.1335 0.1185 0.1185 0.1185 0.1155 0.1155 0.1135 0.1135 0.1125 0.1125 0.1125 0.1025 0.1025 0.1 0.1 0.091 0.091 0.091 0.094 0.094 0.087 0.087 0.087 0.087 0.087 0.0835 0.0835 0.09100001 0.09100001 0.089 0.089 0.089
0.1235 0.125 0.125 0.125 0.117 0.117 0.127 0.127 0.1185 0.1185 0.1215 0.1215 0.1215 0.1305 0.1305 0.131 0.131 0.128 0.128 0.128 0.112 0.112 0.1215 0.1215 0.1255 0.1255 0.1255 0.123 0.123 0.122 0.122 0.1195 0.1195 0.1195 0.1215 0.1215 0.1125 0.1125 0.125 0.125 0.125 0.1175 0.1175 0.113 0.113 0.1335 0.1335 0.1185 0.1185 0.1185 0.1155 0.1155 0.1135 0.1135 0.1125 0.1125 0.1125 0.1025 0.1025 0.1 0.1 0.091 0.091 0.091 0.094 0.094 0.087 0.087 0.087 0.087 0.087 0.0835 0.0835 0.09100001 0.09100001 0.089 0.089 0.089
0.1235 0.125 0.125 0.125 0.117 0.117 0.127 0.127 0.1185 0.1185 0.1215 0.1215 0.1215 0.1305 0.1305 0.131 0.131 0.128 0.128 0.128 0.112 0.112 0.1215 0.1215 0.1255 0.1255 0.1255 0.123 0.123 0.122 0.122 0.1195 0.1195 0.1195 0.1215 0.1215 0.1125 0.1125 0.125 0.125 0.125 0.1175 0.1175 0.113 0.113 0.1335 0.1335 0.1185 0.1185 0.1185 0.1155 0.1155 0.1135 0.1135 0.1125 0.1125 0.1125 0.1025 0.1025 0.1 0.1 0.091 0.091 0.091 0.094 0.094 0.087 0.087 0.087 0.087 0.087 0.0835 0.0835 0.09100001 0.09100001 0.089 0.089 0.089
0.1275 0.123 0.123 0.123 0.1225 0.1225 0.1285 0.1285 0.117 0.117 0.125 0.125 0.125 0.131 0.131 0.122 0.122 0.1305 0.1305 0.1305 0.12 0.12 0.1155 0.1155 0.1185 0.1185 0.1185 0.128 0.128 0.118 0.118 0.115 0.115 0.115 0.1245 0.1245 0.1135 0.1135 0.103 0.103 0.103 0.1095 0.1095 0.113 0.113 0.1215 0.1215 0.101 0.101 0.101 0.095 0.095 0.1115 0.1115 0.111 0.111 0.111 0.09999999 0.09999999 0.0925 0.0925 0.082 0.082 0.082 0.081 0.081 0.0765 0.0765 0.0805 0.0805 0.0805 0.081 0.081 0.095 0.095 0.0985 0.0985 0.0985
0.1275 0.123 0.123 0.123 0.1225 0.1225 0.1285 0.1285 0.117 0.117 0.125 0.125 0.125 0.131 0.131 0.122 0.122 0.1305 0.1305 0.1305 0.12 0.12 0.1155 0.1155 0.1185 0.1185 0.1185 0.128 0.128 0.118 0.118 0.115 0.115 0.115 0.1245 0.1245 0.1135 0.1135 0.103 0.103 0.103 0.1095 0.1095 0.113 0.113 0.1215 0.1215 0.101 0.101 0.101 0.095 0.095 0.1115 0.1115 0.111 0.111 0.111 0.09999999 0.09999999 0.0925 0.0925 0.082 0.082 0.082 0.081 0.081 0.0765 0.0765 0.0805 0.0805 0.0805 0.081 0.081 0.095 0.095 0.0985 0.0985 0.0985
0.1245 0.1155 0.1155 0.1155 0.1215 0.1215 0.1325 0.1325 0.1325 0.1325 0.1335 0.1335 0.1335 0.1325 0.1325 0.1325 0.1325 0.1275 0.1275 0.1275 0.1135 0.1135 0.118 0.118 0.118 0.118 0.118 0.113 0.113 0.117 0.117 0.111 0.111 0.111 0.117 0.117 0.1045 0.1045 0.1115 0.1115 0.1115 0.101 0.101 0.08400001 0.08400001 0.0765 0.0765 0.0715 0.0715 0.0715 0.088 0.088 0.092 0.092 0.097 0.097 0.097 0.092 0.092 0.089 0.089 0.0825 0.0825 0.0825 0.0855 0.0855 0.085 0.085 0.082 0.082 0.082 0.0845 0.0845 0.0925 0.0925 0.096 0.096 0.096
0.1245 0.1155 0.1155 0.1155 0.1215 0.1215 0.1325 0.1325 0.1325 0.1325 0.1335 0.1335 0.1335 0.1325 0.1325 0.1325 0.1325 0.1275 0.1275 0.1275 0.1135 0.1135 0.118 0.118 0.118 0.118 0.118 0.113 0.113 0.117 0.117 0.111 0.111 0.111 0.117 0.117 0.1045 0.1045 0.1115 0.1115 0.1115 0.101 0.101 0.08400001 0.08400001 0.0765 0.0765 0.0715 0.0715 0.0715 0.088 0.088 0.092 0.092 0.097 0.097 0.097 0.092 0.092 0.089 0.089 0.0825 0.0825 0.0825 0.0855 0.0855 0.085 0.085 0.082 0.082 0.082 0.0845 0.0845 0.0925 0.0925 0.096 0.096 0.096
0.158 0.161 0.161 0.161 0.142 0.142 0.1255 0.1255 0.1105 0.1105 0.125 0.125 0.125 0.118 0.118 0.1285 0.1285 0.133 0.133 0.133 0.1175 0.1175 0.112 0.112 0.1135 0.1135 0.1135 0.1005 0.1005 0.1 0.1 0.1045 0.1045 0.1045 0.098 0.098 0.114 0.114 0.119 0.119 0.119 0.1155 0.1155 0.1125 0.1125 0.104 0.104 0.1045 0.1045 0.1045 0.0985 0.0985 0.093 0.093 0.09450001 0.09450001 0.09450001 0.0905 0.0905 0.0855 0.0855 0.0835 0.0835 0.0835 0.08 0.08 0.08 0.08 0.079 0.079 0.079 0.083 0.083 0.086 0.086 0.0905 0.0905 0.0905
0.158 0.161 0.161 0.161 0.142 0.142 0.1255 0.1255 0.1105 0.1105 0.125 0.125 0.125 0.118 0.118 0.1285 0.1285 0.133 0.133 0.133 0.1175 0.1175 0.112 0.112 0.1135 0.1135 0.1135 0.1005 0.1005 0.1 0.1 0.1045 0.1045 0.1045 0.098 0.098 0.114 0.114 0.119 0.119 0.119 0.1155 0.1155 0.1125 0.1125 0.104 0.104 0.1045 0.1045 0.1045 0.0985 0.0985 0.093 0.093 0.09450001 0.09450001 0.09450001 0.0905 0.0905 0.0855 0.0855 0.0835 0.0835 0.0835 0.08 0.08 0.08 0.08 0.079 0.079 0.079 0.083 0.083 0.086 0.086 0.0905 0.0905 0.0905
0.158 0.161 0.161 0.161 0.142 0.142 0.1255 0.1255 0.1105 0.1105 0.125 0.125 0.125 0.118 0.118 0.1285 0.1285 0.133 0.133 0.133 0.1175 0.1175 0.112 0.112 0.1135 0.1135 0.1135 0.1005 0.1005 0.1 0.1 0.1045 0.1045 0.1045 0.098 0.098 0.114 0.114 0.119 0.119 0.119 0.1155 0.1155 0.1125 0.1125 0.104 0.104 0.1045 0.1045 0.1045 0.0985 0.0985 0.093 0.093 0.09450001 0.09450001 0.09450001 0.0905 0.0905 0.0855 0.0855 0.0835 0.0835 0.0835 0.08 0.08 0.08 0.08 0.079 0.079 0.079 0.083 0.083 0.086 0.086 0.0905 0.0905 0.0905
0.1605 0.1525 0.1525 0.1525 0.1255 0.1255 0.1215 0.1215 0.1155 0.1155 0.117 0.117 0.117 0.149 0.149 0.124 0.124 0.1165 0.1165 0.1165 0.1195 0.1195 0.1135 0.1135 0.1145 0.1145 0.1145 0.114 0.114 0.1 0.1 0.104 0.104 0.104 0.122 0.122 0.1235 0.1235 0.111 0.111 0.111 0.1145 0.1145 0.116 0.116 0.104 0.104 0.1055 0.1055 0.1055 0.103 0.103 0.099 0.099 0.094 0.094 0.094 0.098 0.098 0.092 0.092 0.09 0.09 0.09 0.0865 0.0865 0.083 0.083 0.0805 0.0805 0.0805 0.08499999 0.08499999 0.087 0.087 0.078 0.078 0.078
0.1605 0.1525 0.1525 0.1525 0.1255 0.1255 0.1215 0.1215 0.1155 0.1155 0.117 0.117 0.117 0.149 0.149 0.124 0.124 0.1165 0.1165 0.1165 0.1195 0.1195 0.1135 0.1135 0.1145 0.1145 0.1145 0.114 0.114 0.1 0.1 0.104 0.104 0.104 0.122 0.122 0.1235 0.1235 0.111 0.111 0.111 0.1145 0.1145 0.116 0.116 0.104 0.104 0.1055 0.1055 0.1055 0.103 0.103 0.099 0.099 0.094 0.094 0.094 0.098 0.098 0.092 0.092 0.09 0.09 0.09 0.0865 0.0865 0.083 0.083 0.0805 0.0805 0.0805 0.08499999 0.08499999 0.087 0.087 0.078 0.078 0.078
0.1595 0.1595 0.1595 0.1595 0.143 0.143 0.1285 0.1285 0.1185 0.1185 0.1385 0.1385 0.1385 0.1235 0.1235 0.1315 0.1315 0.138 0.138 0.138 0.142 0.142 0.133 0.133 0.136 0.136 0.136 0.128 0.128 0.122 0.122 0.134 0.134 0.134 0.126 0.126 0.1145 0.1145 0.1115 0.1115 0.1115 0.1105 0.1105 0.107 0.107 0.115 0.115 0.1095 0.1095 0.1095 0.105 0.105 0.098 0.098 0.097 0.097 0.097 0.1045 0.1045 0.106 0.106 0.0955 0.0955 0.0955 0.09299999 0.09299999 0.0875 0.0875 0.0835 0.0835 0.0835 0.089 0.089 0.089 0.089 0.07250001 0.07250001 0.07250001
0.1595 0.1595 0.1595 0.1595 0.143 0.143 0.1285 0.1285 0.1185 0.1185 0.1385 0.1385 0.1385 0.1235 0.1235 0.1315 0.1315 0.138 0.138 0.138 0.142 0.142 0.133 0.133 0.136 0.136 0.136 0.128 0.128 0.122 0.122 0.134 0.134 0.134 0.126 0.126 0.1145 0.1145 0.1115 0.1115 0.1115 0.1105 0.1105 0.107 0.107 0.115 0.115 0.1095 0.1095 0.1095 0.105 0.105 0.098 0.098 0.097 0.097 0.097 0.1045 0.1045 0.106 0.106 0.0955 0.0955 0.0955 0.09299999 0.09299999 0.0875 0.0875 0.0835 0.0835 0.0835 0.089 0.089 0.089 0.089 0.07250001 0.07250001 0.07250001
0.149 0.13 0.13 0.13 0.183 0.183 0.1665 0.1665 0.1255 0.1255 0.1585 0.1585 0.1585 0.1315 0.1315 0.1185 0.1185 0.1275 0.1275 0.1275 0.1375 0.1375 0.139 0.139 0.1355 0.1355 0.1355 0.1315 0.1315 0.1295 0.1295 0.134 0.134 0.134 0.1285 0.1285 0.111 0.111 0.11 0.11 0.11 0.107 0.107 0.116 0.116 0.1145 0.1145 0.121 0.121 0.121 0.113 0.113 0.1005 0.1005 0.105 0.105 0.105 0.1095 0.1095 0.098 0.098 0.0975 0.0975 0.0975 0.0975 0.0975 0.08400001 0.08400001 0.087 0.087 0.087 0.096 0.096 0.1025 0.1025 0.084 0.084 0.084
0.149 0.13 0.13 0.13 0.183 0.183 0.1665 0.1665 0.1255 0.1255 0.1585 0.1585 0.1585 0.1315 0.1315 0.1185 0.1185 0.1275 0.1275 0.1275 0.1375 0.1375 0.139 0.139 0.1355 0.1355 0.1355 0.1315 0.1315 0.1295 0.1295 0.134 0.134 0.134 0.1285 0.1285 0.111 0.111 0.11 0.11 0.11 0.107 0.107 0.116 0.116 0.1145 0.1145 0.121 0.121 0.121 0.113 0.113 0.1005 0.1005 0.105 0.105 0.105 0.1095 0.1095 0.098 0.098 0.0975 0.0975 0.0975 0.0975 0.0975 0.08400001 0.08400001 0.087 0.087 0.087 0.096 0.096 0.1025 0.1025 0.084 0.084 0.084
0.149 0.13 0.13 0.13 0.183 0.183 0.1665 0.1665 0.1255 0.1255 0.1585 0.1585 0.1585 0.1315 0.1315 0.1185 0.1185 0.1275 0.1275 0.1275 0.1375 0.1375 0.139 0.139 0.1355 0.1355 0.1355 0.1315 0.1315 0.1295 0.1295 0.134 0.134 0.134 0.1285 0.1285 0.111 0.111 0.11 0.11 0.11 0.107 0.107 0.116 0.116 0.1145 0.1145 0.121 0.121 0.121 0.113 0.113 0.1005 0.1005 0.105 0.105 0.105 0.1095 0.1095 0.098 0.098 0.0975 0.0975 0.0975 0.0975 0.0975 0.08400001 0.08400001 0.087 0.087 0.087 0.096 0.096 0.1025 0.1025 0.084 0.084 0.084
0.129 0.149 0.149 0.149 0.2075 0.2075 0.1825 0.1825 0.1265 0.1265 0.112 0.112 0.112 0.1215 0.1215 0.1355 0.1355 0.126 0.126 0.126 0.1435 0.1435 0.136 0.136 0.1315 0.1315 0.1315 0.1345 0.1345 0.131 0.131 0.129 0.129 0.129 0.1255 0.1255 0.113 0.113 0.109 0.109 0.109 0.1115 0.1115 0.123 0.123 0.128 0.128 0.129 0.129 0.129 0.124 0.124 0.116 0.116 0.1125 0.1125 0.1125 0.1025 0.1025 0.117 0.117 0.1155 0.1155 0.1155 0.1155 0.1155 0.1165 0.1165 0.1115 0.1115 0.1115 0.1065 0.1065 0.0985 0.0985 0.0935 0.0935 0.0935
0.129 0.149 0.149 0.149 0.2075 0.2075 0.1825 0.1825 0.1265 0.1265 0.112 0.112 0.112 0.1215 0.1215 0.1355 0.1355 0.126 0.126 0.126 0.1435 0.1435 0.136 0.136 0.1315 0.1315 0.1315 0.1345 0.1345 0.131 0.131 0.129 0.129 0.129 0.1255 0.1255 0.113 0.113 0.109 0.109 0.109 0.1115 0.1115 0.123 0.123 0.128 0.128 0.129 0.129 0.129 0.124 0.124 0.116 0.116 0.1125 0.1125 0.1125 0.1025 0.1025 0.117 0.117 0.1155 0.1155 0.1155 0.1155 0.1155 0.1165 0.1165 0.1115 0.1115 0.1115 0.1065 0.1065 0.0985 0.0985 0.0935 0.0935 0.0935
0.13 0.131 0.131 0.131 0.1475 0.1475 0.1345 0.1345 0.131 0.131 0.1125 0.1125 0.1125 0.116 0.116 0.1045 0.1045 0.152 0.152 0.152 0.141 0.141 0.1455 0.1455 0.142 0.142 0.142 0.158 0.158 0.1285 0.1285 0.124 0.124 0.124 0.1145 0.1145 0.1165 0.1165 0.118 0.118 0.118 0.1335 0.1335 0.131 0.131 0.1245 0.1245 0.1255 0.1255 0.1255 0.1285 0.1285 0.1315 0.1315 0.126 0.126 0.126 0.1155 0.1155 0.1265 0.1265 0.1285 0.1285 0.1285 0.1335 0.1335 0.117 0.117 0.1155 0.1155 0.1155 0.1075 0.1075 0.1025 0.1025 0.0965 0.0965 0.0965
0.13 0.131 0.131 0.131 0.1475 0.1475 0.1345 0.1345 0.131 0.131 0.1125 0.1125 0.1125 0.116 0.116 0.1045 0.1045 0.152 0.152 0.152 0.141 0.141 0.1455 0.1455 0.142 0.142 0.142 0.158 0.158 0.1285 0.1285 0.124 0.124 0.124 0.1145 0.1145 0.1165 0.1165 0.118 0.118 0.118 0.1335 0.1335 0.131 0.131 0.1245 0.1245 0.1255 0.1255 0.1255 0.1285 0.1285 0.1315 0.1315 0.126 0.126 0.126 0.1155 0.1155 0.1265 0.1265 0.1285 0.1285 0.1285 0.1335 0.1335 0.117 0.117 0.1155 0.1155 0.1155 0.1075 0.1075 0.1025 0.1025 0.0965 0.0965 0.0965
0.141 0.1485 0.1485 0.1485 0.161 0.161 0.1505 0.1505 0.1295 0.1295 0.123 0.123 0.123 0.134 0.134 0.124 0.124 0.142 0.142 0.142 0.14 0.14 0.1565 0.1565 0.146 0.146 0.146 0.1425 0.1425 0.144 0.144 0.112 0.112 0.112 0.1205 0.1205 0.0975 0.0975 0.115 0.115 0.115 0.1325 0.1325 0.1365 0.1365 0.14 0.14 0.135 0.135 0.135 0.1275 0.1275 0.143 0.143 0.143 0.143 0.143 0.1315 0.1315 0.1275 0.1275 0.139 0.139 0.139 0.1295 0.1295 0.1185 0.1185 0.119 0.119 0.119 0.113 0.113 0.1065 0.1065 0.105 0.105 0.105
0.141 0.1485 0.1485 0.1485 0.161 0.161 0.1505 0.1505 0.1295 0.1295 0.123 0.123 0.123 0.134 0.134 0.124 0.124 0.142 0.142 0.142 0.14 0.14 0.1565 0.1565 0.146 0.146 0.146 0.1425 0.1425 0.144 0.144 0.112 0.112 0.112 0.1205 0.1205 0.0975 0.0975 0.115 0.115 0.115 0.1325 0.1325 0.1365 0.1365 0.14 0.14 0.135 0.135 0.135 0.1275 0.1275 0.143 0.143 0.143 0.143 0.143 0.1315 0.1315 0.1275 0.1275 0.139 0.139 0.139 0.1295 0.1295 0.1185 0.1185 0.119 0.119 0.119 0.113 0.113 0.1065 0.1065 0.105 0.105 0.105
