ndvi/NOAA-246.asc
ncols         252
nrows         154
xllcorner     -18.017974
yllcorner     13.481982
cellsize      0.035948
NODATA_value  -9999
[rows 102 to 135 of 154, columns 154 to 230 of 252]
0.259 0.2415 0.2415 0.231 0.231 0.231 0.1845 0.1845 0.209 0.209 0.214 0.214 0.236 0.236 0.236 0.237 0.237 0.236 0.236 0.229 0.229 0.229 0.238 0.238 0.248 0.248 0.231 0.231 0.231 0.222 0.222 0.2425 0.2425 0.2355 0.2355 0.2355 0.227 0.227 0.238 0.238 0.228 0.228 0.228 0.2295 0.2295 0.2295 0.2295 0.219 0.219 0.208 0.208 0.208 0.209 0.209 0.2025 0.2025 0.2285 0.2285 0.2285 0.226 0.226 0.229 0.229 0.2295 0.2295 0.2295 0.2265 0.2265 0.2075 0.2075 0.206 0.206 0.206 0.205 0.205 0.222 0.222
0.2365 0.229 0.229 0.2395 0.2395 0.2395 0.2205 0.2205 0.218 0.218 0.253 0.253 0.2415 0.2415 0.2415 0.2505 0.2505 0.2375 0.2375 0.2405 0.2405 0.2405 0.245 0.245 0.2325 0.2325 0.2315 0.2315 0.2315 0.239 0.239 0.2255 0.2255 0.2335 0.2335 0.2335 0.229 0.229 0.2275 0.2275 0.2345 0.2345 0.2345 0.2225 0.2225 0.225 0.225 0.2305 0.2305 0.2455 0.2455 0.2455 0.246 0.246 0.2475 0.2475 0.254 0.254 0.254 0.2135 0.2135 0.2315 0.2315 0.2425 0.2425 0.2425 0.2415 0.2415 0.242 0.242 0.2215 0.2215 0.2215 0.2205 0.2205 0.191 0.191
0.2365 0.229 0.229 0.2395 0.2395 0.2395 0.2205 0.2205 0.218 0.218 0.253 0.253 0.2415 0.2415 0.2415 0.2505 0.2505 0.2375 0.2375 0.2405 0.2405 0.2405 0.245 0.245 0.2325 0.2325 0.2315 0.2315 0.2315 0.239 0.239 0.2255 0.2255 0.2335 0.2335 0.2335 0.229 0.229 0.2275 0.2275 0.2345 0.2345 0.2345 0.2225 0.2225 0.225 0.225 0.2305 0.2305 0.2455 0.2455 0.2455 0.246 0.246 0.2475 0.2475 0.254 0.254 0.254 0.2135 0.2135 0.2315 0.2315 0.2425 0.2425 0.2425 0.2415 0.2415 0.242 0.242 0.2215 0.2215 0.2215 0.2205 0.2205 0.191 0.191
0.2365 0.229 0.229 0.2395 0.2395 0.2395 0.2205 0.2205 0.218 0.218 0.253 0.253 0.2415 0.2415 0.2415 0.2505 0.2505 0.2375 0.2375 0.2405 0.2405 0.2405 0.245 0.245 0.2325 0.2325 0.2315 0.2315 0.2315 0.239 0.239 0.2255 0.2255 0.2335 0.2335 0.2335 0.229 0.229 0.2275 0.2275 0.2345 0.2345 0.2345 0.2225 0.2225 0.225 0.225 0.2305 0.2305 0.2455 0.2455 0.2455 0.246 0.246 0.2475 0.2475 0.254 0.254 0.254 0.2135 0.2135 0.2315 0.2315 0.2425 0.2425 0.2425 0.2415 0.2415 0.242 0.242 0.2215 0.2215 0.2215 0.2205 0.2205 0.191 0.191
0.241 0.236 0.236 0.229 0.229 0.229 0.233 0.233 0.2445 0.2445 0.2885 0.2885 0.2755 0.2755 0.2755 0.255 0.255 0.2245 0.2245 0.2205 0.2205 0.2205 0.22 0.22 0.2205 0.2205 0.2335 0.2335 0.2335 0.2615 0.2615 0.248 0.248 0.2475 0.2475 0.2475 0.239 0.239 0.236 0.236 0.2255 0.2255 0.2255 0.221 0.221 0.219 0.219 0.214 0.214 0.222 0.222 0.222 0.2365 0.2365 0.252 0.252 0.254 0.254 0.254 0.236 0.236 0.221 0.221 0.2155 0.2155 0.2155 0.2325 0.2325 0.243 0.243 0.2305 0.2305 0.2305 0.256 0.256 0.2715 0.2715
0.241 0.236 0.236 0.229 0.229 0.229 0.233 0.233 0.2445 0.2445 0.2885 0.2885 0.2755 0.2755 0.2755 0.255 0.255 0.2245 0.2245 0.2205 0.2205 0.2205 0.22 0.22 0.2205 0.2205 0.2335 0.2335 0.2335 0.2615 0.2615 0.248 0.248 0.2475 0.2475 0.2475 0.239 0.239 0.236 0.236 0.2255 0.2255 0.2255 0.221 0.221 0.219 0.219 0.214 0.214 0.222 0.222 0.222 0.2365 0.2365 0.252 0.252 0.254 0.254 0.254 0.236 0.236 0.221 0.221 0.2155 0.2155 0.2155 0.2325 0.2325 0.243 0.243 0.2305 0.2305 0.2305 0.256 0.256 0.2715 0.2715
0.228 0.238 0.238 0.2425 0.2425 0.2425 0.269 0.269 0.2615 0.2615 0.256 0.256 0.2455 0.2455 0.2455 0.2335 0.2335 0.232 0.232 0.2425 0.2425 0.2425 0.221 0.221 0.2195 0.2195 0.2525 0.2525 0.2525 0.273 0.273 0.262 0.262 0.2655 0.2655 0.2655 0.2575 0.2575 0.247 0.247 0.2315 0.2315 0.2315 0.2305 0.2305 0.2325 0.2325 0.2205 0.2205 0.2185 0.2185 0.2185 0.238 0.238 0.267 0.267 0.254 0.254 0.254 0.255 0.255 0.25 0.25 0.2555 0.2555 0.2555 0.263 0.263 0.2455 0.2455 0.2705 0.2705 0.2705 0.291 0.291 0.267 0.267
0.228 0.238 0.238 0.2425 0.2425 0.2425 0.269 0.269 0.2615 0.2615 0.256 0.256 0.2455 0.2455 0.2455 0.2335 0.2335 0.232 0.232 0.2425 0.2425 0.2425 0.221 0.221 0.2195 0.2195 0.2525 0.2525 0.2525 0.273 0.273 0.262 0.262 0.2655 0.2655 0.2655 0.2575 0.2575 0.247 0.247 0.2315 0.2315 0.2315 0.2305 0.2305 0.2325 0.2325 0.2205 0.2205 0.2185 0.2185 0.2185 0.238 0.238 0.267 0.267 0.254 0.254 0.254 0.255 0.255 0.25 0.25 0.2555 0.2555 0.2555 0.263 0.263 0.2455 0.2455 0.2705 0.2705 0.2705 0.291 0.291 0.267 0.267
0.211 0.2425 0.2425 0.231 0.231 0.231 0.2445 0.2445 0.242 0.242 0.239 0.239 0.235 0.235 0.235 0.227 0.227 0.223 0.223 0.2125 0.2125 0.2125 0.2435 0.2435 0.263 0.263 0.269 0.269 0.269 0.278 0.278 0.251 0.251 0.2785 0.2785 0.2785 0.2665 0.2665 0.2615 0.2615 0.2445 0.2445 0.2445 0.2495 0.2495 0.248 0.248 0.2365 0.2365 0.215 0.215 0.215 0.264 0.264 0.2685 0.2685 0.272 0.272 0.272 0.27 0.27 0.2455 0.2455 0.263 0.263 0.263 0.253 0.253 0.2545 0.2545 0.261 0.261 0.261 0.277 0.277 0.259 0.259
0.211 0.2425 0.2425 0.231 0.231 0.231 0.2445 0.2445 0.242 0.242 0.239 0.239 0.235 0.235 0.235 0.227 0.227 0.223 0.223 0.2125 0.2125 0.2125 0.2435 0.2435 0.263 0.263 0.269 0.269 0.269 0.278 0.278 0.251 0.251 0.2785 0.2785 0.2785 0.2665 0.2665 0.2615 0.2615 0.2445 0.2445 0.2445 0.2495 0.2495 0.248 0.248 0.2365 0.2365 0.215 0.215 0.215 0.264 0.264 0.2685 0.2685 0.272 0.272 0.272 0.27 0.27 0.2455 0.2455 0.263 0.263 0.263 0.253 0.253 0.2545 0.2545 0.261 0.261 0.261 0.277 0.277 0.259 0.259
0.211 0.2425 0.2425 0.231 0.231 0.231 0.2445 0.2445 0.242 0.242 0.239 0.239 0.235 0.235 0.235 0.227 0.227 0.223 0.223 0.2125 0.2125 0.2125 0.2435 0.2435 0.263 0.263 0.269 0.269 0.269 0.278 0.278 0.251 0.251 0.2785 0.2785 0.2785 0.2665 0.2665 0.2615 0.2615 0.2445 0.2445 0.2445 0.2495 0.2495 0.248 0.248 0.2365 0.2365 0.215 0.215 0.215 0.264 0.264 0.2685 0.2685 0.272 0.272 0.272 0.27 0.27 0.2455 0.2455 0.263 0.263 0.263 0.253 0.253 0.2545 0.2545 0.261 0.261 0.261 0.277 0.277 0.259 0.259
0.216 0.228 0.228 0.2345 0.2345 0.2345 0.234 0.234 0.24 0.24 0.2455 0.2455 0.237 0.237 0.237 0.26 0.26 0.277 0.277 0.2785 0.2785 0.2785 0.261 0.261 0.271 0.271 0.2855 0.2855 0.2855 0.2715 0.2715 0.2655 0.2655 0.2575 0.2575 0.2575 0.232 0.232 0.2345 0.2345 0.242 0.242 0.242 0.249 0.249 0.265 0.265 0.2265 0.2265 0.255 0.255 0.255 0.2675 0.2675 0.2905 0.2905 0.288 0.288 0.288 0.2605 0.2605 0.2555 0.2555 0.2705 0.2705 0.2705 0.25 0.25 0.245 0.245 0.255 0.255 0.255 0.26 0.26 0.2545 0.2545
0.216 0.228 0.228 0.2345 0.2345 0.2345 0.234 0.234 0.24 0.24 0.2455 0.2455 0.237 0.237 0.237 0.26 0.26 0.277 0.277 0.2785 0.2785 0.2785 0.261 0.261 0.271 0.271 0.2855 0.2855 0.2855 0.2715 0.2715 0.2655 0.2655 0.2575 0.2575 0.2575 0.232 0.232 0.2345 0.2345 0.242 0.242 0.242 0.249 0.249 0.265 0.265 0.2265 0.2265 0.255 0.255 0.255 0.2675 0.2675 0.2905 0.2905 0.288 0.288 0.288 0.2605 0.2605 0.2555 0.2555 0.2705 0.2705 0.2705 0.25 0.25 0.245 0.245 0.255 0.255 0.255 0.26 0.26 0.2545 0.2545
0.243 0.2375 0.2375 0.2595 0.2595 0.2595 0.2425 0.2425 0.2445 0.2445 0.247 0.247 0.2425 0.2425 0.2425 0.264 0.264 0.273 0.273 0.2675 0.2675 0.2675 0.257 0.257 0.2725 0.2725 0.2805 0.2805 0.2805 0.2685 0.2685 0.2625 0.2625 0.277 0.277 0.277 0.227 0.227 0.231 0.231 0.238 0.238 0.238 0.242 0.242 0.2525 0.2525 0.235 0.235 0.2775 0.2775 0.2775 0.266 0.266 0.2915 0.2915 0.293 0.293 0.293 0.284 0.284 0.2545 0.2545 0.264 0.264 0.264 0.272 0.272 0.244 0.244 0.258 0.258 0.258 0.275 0.275 0.2645 0.2645
0.243 0.2375 0.2375 0.2595 0.2595 0.2595 0.2425 0.2425 0.2445 0.2445 0.247 0.247 0.2425 0.2425 0.2425 0.264 0.264 0.273 0.273 0.2675 0.2675 0.2675 0.257 0.257 0.2725 0.2725 0.2805 0.2805 0.2805 0.2685 0.2685 0.2625 0.2625 0.277 0.277 0.277 0.227 0.227 0.231 0.231 0.238 0.238 0.238 0.242 0.242 0.2525 0.2525 0.235 0.235 0.2775 0.2775 0.2775 0.266 0.266 0.2915 0.2915 0.293 0.293 0.293 0.284 0.284 0.2545 0.2545 0.264 0.264 0.264 0.272 0.272 0.244 0.244 0.258 0.258 0.258 0.275 0.275 0.2645 0.2645
0.2555 0.268 0.268 0.259 0.259 0.259 0.2495 0.2495 0.2315 0.2315 0.2375 0.2375 0.2485 0.2485 0.2485 0.2585 0.2585 0.2545 0.2545 0.2465 0.2465 0.2465 0.256 0.256 0.2635 0.2635 0.259 0.259 0.259 0.256 0.256 0.2275 0.2275 0.2625 0.2625 0.2625 0.2375 0.2375 0.2335 0.2335 0.252 0.252 0.252 0.226 0.226 0.274 0.274 0.269 0.269 0.284 0.284 0.284 0.3095 0.3095 0.304 0.304 0.298 0.298 0.298 0.285 0.285 0.312 0.312 0.294 0.294 0.294 0.2755 0.2755 0.28 0.28 0.2795 0.2795 0.2795 0.262 0.262 0.2545 0.2545
0.2555 0.268 0.268 0.259 0.259 0.259 0.2495 0.2495 0.2315 0.2315 0.2375 0.2375 0.2485 0.2485 0.2485 0.2585 0.2585 0.2545 0.2545 0.2465 0.2465 0.2465 0.256 0.256 0.2635 0.2635 0.259 0.259 0.259 0.256 0.256 0.2275 0.2275 0.2625 0.2625 0.2625 0.2375 0.2375 0.2335 0.2335 0.252 0.252 0.252 0.226 0.226 0.274 0.274 0.269 0.269 0.284 0.284 0.284 0.3095 0.3095 0.304 0.304 0.298 0.298 0.298 0.285 0.285 0.312 0.312 0.294 0.294 0.294 0.2755 0.2755 0.28 0.28 0.2795 0.2795 0.2795 0.262 0.262 0.2545 0.2545
0.2555 0.268 0.268 0.259 0.259 0.259 0.2495 0.2495 0.2315 0.2315 0.2375 0.2375 0.2485 0.2485 0.2485 0.2585 0.2585 0.2545 0.2545 0.2465 0.2465 0.2465 0.256 0.256 0.2635 0.2635 0.259 0.259 0.259 0.256 0.256 0.2275 0.2275 0.2625 0.2625 0.2625 0.2375 0.2375 0.2335 0.2335 0.252 0.252 0.252 0.226 0.226 0.274 0.274 0.269 0.269 0.284 0.284 0.284 0.3095 0.3095 0.304 0.304 0.298 0.298 0.298 0.285 0.285 0.312 0.312 0.294 0.294 0.294 0.2755 0.2755 0.28 0.28 0.2795 0.2795 0.2795 0.262 0.262 0.2545 0.2545
0.2825 0.2775 0.2775 0.27 0.27 0.27 0.2655 0.2655 0.2765 0.2765 0.288 0.288 0.2785 0.2785 0.2785 0.2745 0.2745 0.295 0.295 0.246 0.246 0.246 0.2465 0.2465 0.256 0.256 0.2425 0.2425 0.2425 0.2355 0.2355 0.2505 0.2505 0.247 0.247 0.247 0.2485 0.2485 0.2655 0.2655 0.2625 0.2625 0.2625 0.276 0.276 0.285 0.285 0.284 0.284 0.2785 0.2785 0.2785 0.306 0.306 0.302 0.302 0.29 0.29 0.29 0.2835 0.2835 0.2995 0.2995 0.288 0.288 0.288 0.26 0.26 0.265 0.265 0.28 0.28 0.28 0.2875 0.2875 0.281 0.281
0.2825 0.2775 0.2775 0.27 0.27 0.27 0.2655 0.2655 0.2765 0.2765 0.288 0.288 0.2785 0.2785 0.2785 0.2745 0.2745 0.295 0.295 0.246 0.246 0.246 0.2465 0.2465 0.256 0.256 0.2425 0.2425 0.2425 0.2355 0.2355 0.2505 0.2505 0.247 0.247 0.247 0.2485 0.2485 0.2655 0.2655 0.2625 0.2625 0.2625 0.276 0.276 0.285 0.285 0.284 0.284 0.2785 0.2785 0.2785 0.306 0.306 0.302 0.302 0.29 0.29 0.29 0.2835 0.2835 0.2995 0.2995 0.288 0.288 0.288 0.26 0.26 0.265 0.265 0.28 0.28 0.28 0.2875 0.2875 0.281 0.281
0.3045 0.2875 0.2875 0.2765 0.2765 0.2765 0.263 0.263 0.2785 0.2785 0.269 0.269 0.271 0.271 0.271 0.2885 0.2885 0.2725 0.2725 0.2875 0.2875 0.2875 0.2615 0.2615 0.255 0.255 0.25 0.25 0.25 0.2385 0.2385 0.2425 0.2425 0.249 0.249 0.249 0.2615 0.2615 0.2565 0.2565 0.2735 0.2735 0.2735 0.3055 0.3055 0.3 0.3 0.322 0.322 0.303 0.303 0.303 0.3185 0.3185 0.3095 0.3095 0.2945 0.2945 0.2945 0.279 0.279 0.266 0.266 0.2685 0.2685 0.2685 0.264 0.264 0.265 0.265 0.285 0.285 0.285 0.278 0.278 0.2685 0.2685
0.3045 0.2875 0.2875 0.2765 0.2765 0.2765 0.263 0.263 0.2785 0.2785 0.269 0.269 0.271 0.271 0.271 0.2885 0.2885 0.2725 0.2725 0.2875 0.2875 0.2875 0.2615 0.2615 0.255 0.255 0.25 0.25 0.25 0.2385 0.2385 0.2425 0.2425 0.249 0.249 0.249 0.2615 0.2615 0.2565 0.2565 0.2735 0.2735 0.2735 0.3055 0.3055 0.3 0.3 0.322 0.322 0.303 0.303 0.303 0.3185 0.3185 0.3095 0.3095 0.2945 0.2945 0.2945 0.279 0.279 0.266 0.266 0.2685 0.2685 0.2685 0.264 0.264 0.265 0.265 0.285 0.285 0.285 0.278 0.278 0.2685 0.2685
0.3035 0.2955 0.2955 0.276 0.276 0.276 0.2685 0.2685 0.2735 0.2735 0.2675 0.2675 0.278 0.278 0.278 0.2665 0.2665 0.3055 0.3055 0.302 0.302 0.302 0.3125 0.3125 0.2655 0.2655 0.2355 0.2355 0.2355 0.257 0.257 0.242 0.242 0.267 0.267 0.267 0.24 0.24 0.2315 0.2315 0.2755 0.2755 0.2755 0.3095 0.3095 0.311 0.311 0.304 0.304 0.317 0.317 0.317 0.306 0.306 0.304 0.304 0.2955 0.2955 0.2955 0.2735 0.2735 0.266 0.266 0.274 0.274 0.274 0.2805 0.2805 0.2715 0.2715 0.285 0.285 0.285 0.279 0.279 0.265 0.265
0.3035 0.2955 0.2955 0.276 0.276 0.276 0.2685 0.2685 0.2735 0.2735 0.2675 0.2675 0.278 0.278 0.278 0.2665 0.2665 0.3055 0.3055 0.302 0.302 0.302 0.3125 0.3125 0.2655 0.2655 0.2355 0.2355 0.2355 0.257 0.257 0.242 0.242 0.267 0.267 0.267 0.24 0.24 0.2315 0.2315 0.2755 0.2755 0.2755 0.3095 0.3095 0.311 0.311 0.304 0.304 0.317 0.317 0.317 0.306 0.306 0.304 0.304 0.2955 0.2955 0.2955 0.2735 0.2735 0.266 0.266 0.274 0.274 0.274 0.2805 0.2805 0.2715 0.2715 0.285 0.285 0.285 0.279 0.279 0.265 0.265
0.3215 0.316 0.316 0.282 0.282 0.282 0.267 0.267 0.2715 0.2715 0.2695 0.2695 0.2695 0.2695 0.2695 0.265 0.265 0.2975 0.2975 0.3145 0.3145 0.3145 0.312 0.312 0.2895 0.2895 0.2835 0.2835 0.2835 0.2645 0.2645 0.265 0.265 0.2665 0.2665 0.2665 0.2885 0.2885 0.2575 0.2575 0.293 0.293 0.293 0.2925 0.2925 0.3045 0.3045 0.29 0.29 0.3045 0.3045 0.3045 0.289 0.289 0.2975 0.2975 0.3035 0.3035 0.3035 0.275 0.275 0.274 0.274 0.29 0.29 0.29 0.2965 0.2965 0.298 0.298 0.301 0.301 0.301 0.296 0.296 0.2985 0.2985
0.3215 0.316 0.316 0.282 0.282 0.282 0.267 0.267 0.2715 0.2715 0.2695 0.2695 0.2695 0.2695 0.2695 0.265 0.265 0.2975 0.2975 0.3145 0.3145 0.3145 0.312 0.312 0.2895 0.2895 0.2835 0.2835 0.2835 0.2645 0.2645 0.265 0.265 0.2665 0.2665 0.2665 0.2885 0.2885 0.2575 0.2575 0.293 0.293 0.293 0.2925 0.2925 0.3045 0.3045 0.29 0.29 0.3045 0.3045 0.3045 0.289 0.289 0.2975 0.2975 0.3035 0.3035 0.3035 0.275 0.275 0.274 0.274 0.29 0.29 0.29 0.2965 0.2965 0.298 0.298 0.301 0.301 0.301 0.296 0.296 0.2985 0.2985
0.3215 0.316 0.316 0.282 0.282 0.282 0.267 0.267 0.2715 0.2715 0.2695 0.2695 0.2695 0.2695 0.2695 0.265 0.265 0.2975 0.2975 0.3145 0.3145 0.3145 0.312 0.312 0.2895 0.2895 0.2835 0.2835 0.2835 0.2645 0.2645 0.265 0.265 0.2665 0.2665 0.2665 0.2885 0.2885 0.2575 0.2575 0.293 0.293 0.293 0.2925 0.2925 0.3045 0.3045 0.29 0.29 0.3045 0.3045 0.3045 0.289 0.289 0.2975 0.2975 0.3035 0.3035 0.3035 0.275 0.275 0.274 0.274 0.29 0.29 0.29 0.2965 0.2965 0.298 0.298 0.301 0.301 0.301 0.296 0.296 0.2985 0.2985
0.3215 0.3015 0.3015 0.282 0.282 0.282 0.263 0.263 0.26 0.26 0.2735 0.2735 0.2665 0.2665 0.2665 0.2765 0.2765 0.3165 0.3165 0.316 0.316 0.316 0.294 0.294 0.2905 0.2905 0.306 0.306 0.306 0.291 0.291 0.2885 0.2885 0.282 0.282 0.282 0.2905 0.2905 0.285 0.285 0.272 0.272 0.272 0.2705 0.2705 0.2735 0.2735 0.3055 0.3055 0.299 0.299 0.299 0.295 0.295 0.2935 0.2935 0.2785 0.2785 0.2785 0.2795 0.2795 0.299 0.299 0.296 0.296 0.296 0.2725 0.2725 0.29 0.29 0.2855 0.2855 0.2855 0.3 0.3 0.292 0.292
0.3215 0.3015 0.3015 0.282 0.282 0.282 0.263 0.263 0.26 0.26 0.2735 0.2735 0.2665 0.2665 0.2665 0.2765 0.2765 0.3165 0.3165 0.316 0.316 0.316 0.294 0.294 0.2905 0.2905 0.306 0.306 0.306 0.291 0.291 0.2885 0.2885 0.282 0.282 0.282 0.2905 0.2905 0.285 0.285 0.272 0.272 0.272 0.2705 0.2705 0.2735 0.2735 0.3055 0.3055 0.299 0.299 0.299 0.295 0.295 0.2935 0.2935 0.2785 0.2785 0.2785 0.2795 0.2795 0.299 0.299 0.296 0.296 0.296 0.2725 0.2725 0.29 0.29 0.2855 0.2855 0.2855 0.3 0.3 0.292 0.292
0.3625 0.3475 0.3475 0.315 0.315 0.315 0.331 0.331 0.3435 0.3435 0.3355 0.3355 0.3065 0.3065 0.3065 0.3195 0.3195 0.306 0.306 0.317 0.317 0.317 0.297 0.297 0.3085 0.3085 0.3365 0.3365 0.3365 0.3245 0.3245 0.305 0.305 0.27 0.27 0.27 0.2935 0.2935 0.3 0.3 0.302 0.302 0.302 0.2855 0.2855 0.289 0.289 0.2985 0.2985 0.3295 0.3295 0.3295 0.318 0.318 0.303 0.303 0.328 0.328 0.328 0.3375 0.3375 0.298 0.298 0.29 0.29 0.29 0.3165 0.3165 0.311 0.311 0.316 0.316 0.316 0.332 0.332 0.317 0.317
0.3625 0.3475 0.3475 0.315 0.315 0.315 0.331 0.331 0.3435 0.3435 0.3355 0.3355 0.3065 0.3065 0.3065 0.3195 0.3195 0.306 0.306 0.317 0.317 0.317 0.297 0.297 0.3085 0.3085 0.3365 0.3365 0.3365 0.3245 0.3245 0.305 0.305 0.27 0.27 0.27 0.2935 0.2935 0.3 0.3 0.302 0.302 0.302 0.2855 0.2855 0.289 0.289 0.2985 0.2985 0.3295 0.3295 0.3295 0.318 0.318 0.303 0.303 0.328 0.328 0.328 0.3375 0.3375 0.298 0.298 0.29 0.29 0.29 0.3165 0.3165 0.311 0.311 0.316 0.316 0.316 0.332 0.332 0.317 0.317
0.3445 0.3505 0.3505 0.3315 0.3315 0.3315 0.328 0.328 0.297 0.297 0.302 0.302 0.294 0.294 0.294 0.3425 0.3425 0.3185 0.3185 0.325 0.325 0.325 0.2975 0.2975 0.33 0.33 0.342 0.342 0.342 0.3435 0.3435 0.3525 0.3525 0.296 0.296 0.296 0.3105 0.3105 0.3045 0.3045 0.275 0.275 0.275 0.285 0.285 0.277 0.277 0.299 0.299 0.3285 0.3285 0.3285 0.3235 0.3235 0.3175 0.3175 0.3285 0.3285 0.3285 0.323 0.323 0.3105 0.3105 0.2795 0.2795 0.2795 0.288 0.288 0.2885 0.2885 0.3015 0.3015 0.3015 0.3315 0.3315 0.339 0.339
0.3445 0.3505 0.3505 0.3315 0.3315 0.3315 0.328 0.328 0.297 0.297 0.302 0.302 0.294 0.294 0.294 0.3425 0.3425 0.3185 0.3185 0.325 0.325 0.325 0.2975 0.2975 0.33 0.33 0.342 0.342 0.342 0.3435 0.3435 0.3525 0.3525 0.296 0.296 0.296 0.3105 0.3105 0.3045 0.3045 0.275 0.275 0.275 0.285 0.285 0.277 0.277 0.299 0.299 0.3285 0.3285 0.3285 0.3235 0.3235 0.3175 0.3175 0.3285 0.3285 0.3285 0.323 0.323 0.3105 0.3105 0.2795 0.2795 0.2795 0.288 0.288 0.2885 0.2885 0.3015 0.3015 0.3015 0.3315 0.3315 0.339 0.339
0.3445 0.3505 0.3505 0.3315 0.3315 0.3315 0.328 0.328 0.297 0.297 0.302 0.302 0.294 0.294 0.294 0.3425 0.3425 0.3185 0.3185 0.325 0.325 0.325 0.2975 0.2975 0.33 0.33 0.342 0.342 0.342 0.3435 0.3435 0.3525 0.3525 0.296 0.296 0.296 0.3105 0.3105 0.3045 0.3045 0.275 0.275 0.275 0.285 0.285 0.277 0.277 0.299 0.299 0.3285 0.3285 0.3285 0.3235 0.3235 0.3175 0.3175 0.3285 0.3285 0.3285 0.323 0.323 0.3105 0.3105 0.2795 0.2795 0.2795 0.288 0.288 0.2885 0.2885 0.3015 0.3015 0.3015 0.3315 0.3315 0.339 0.339
