ndvi/NOAA-186.asc
ncols         252
nrows         154
xllcorner     -18.017974
yllcorner     13.481982
cellsize      0.035948
NODATA_value  -9999
[rows 68 to 101 of 154, columns 0 to 76 of 252]
-1 -1 -1 -1 -1 -1 -1 -1 -1 -1 -1 -1 -1 -1 -1 -1 -1 -1 -1 -1 -1 -1 -1 -1 -1 -1 -1 -1 -1 -1 -1 -1 -1 -1 -1 -1 -1 -1 -1 0.167 0.167 0.167 0.182 0.182 0.295 0.295 0.291 0.291 0.291 0.2865 0.2865 0.261 0.261 0.3315 0.3315 0.2915 0.2915 0.2915 0.3595 0.3595 0.366 0.366 0.366 0.366 0.366 0.358 0.358 0.2965 0.2965 0.245 0.245 0.245 0.2385 0.2385 0.2315 0.2315 0.2255
-1 -1 -1 -1 -1 -1 -1 -1 -1 -1 -1 -1 -1 -1 -1 -1 -1 -1 -1 -1 -1 -1 -1 -1 -1 -1 -1 -1 -1 -1 -1 -1 -1 -1 -1 -1 -1 -1 -1 0.2335 0.2335 0.2335 0.291 0.291 0.304 0.304 0.2515 0.2515 0.2515 0.253 0.253 0.255 0.255 0.2765 0.2765 0.2675 0.2675 0.2675 0.3665 0.3665 0.36 0.36 0.36 0.36 0.36 0.26 0.26 0.256 0.256 0.2295 0.2295 0.2295 0.233 0.233 0.2225 0.2225 0.221
-1 -1 -1 -1 -1 -1 -1 -1 -1 -1 -1 -1 -1 -1 -1 -1 -1 -1 -1 -1 -1 -1 -1 -1 -1 -1 -1 -1 -1 -1 -1 -1 -1 -1 -1 -1 -1 -1 -1 0.2335 0.2335 0.2335 0.291 0.291 0.304 0.304 0.2515 0.2515 0.2515 0.253 0.253 0.255 0.255 0.2765 0.2765 0.2675 0.2675 0.2675 0.3665 0.3665 0.36 0.36 0.36 0.36 0.36 0.26 0.26 0.256 0.256 0.2295 0.2295 0.2295 0.233 0.233 0.2225 0.2225 0.221
-1 -1 -1 -1 -1 -1 -1 -1 -1 -1 -1 -1 -1 -1 -1 -1 -1 -1 -1 -1 -1 -1 -1 -1 -1 -1 -1 -1 -1 -1 -1 -1 -1 -1 -1 -1 -1 0.0525 0.0525 0.156 0.156 0.156 0.3125 0.3125 0.3215 0.3215 0.2645 0.2645 0.2645 0.2375 0.2375 0.227 0.227 0.2305 0.2305 0.221 0.221 0.221 0.222 0.222 0.24 0.24 0.24 0.24 0.24 0.262 0.262 0.249 0.249 0.244 0.244 0.244 0.253 0.253 0.2325 0.2325 0.203
-1 -1 -1 -1 -1 -1 -1 -1 -1 -1 -1 -1 -1 -1 -1 -1 -1 -1 -1 -1 -1 -1 -1 -1 -1 -1 -1 -1 -1 -1 -1 -1 -1 -1 -1 -1 -1 0.0525 0.0525 0.156 0.156 0.156 0.3125 0.3125 0.3215 0.3215 0.2645 0.2645 0.2645 0.2375 0.2375 0.227 0.227 0.2305 0.2305 0.221 0.221 0.221 0.222 0.222 0.24 0.24 0.24 0.24 0.24 0.262 0.262 0.249 0.249 0.244 0.244 0.244 0.253 0.253 0.2325 0.2325 0.203
-1 -1 -1 -1 -1 -1 -1 -1 -1 -1 -1 -1 -1 -1 -1 -1 -1 -1 -1 -1 -1 -1 -1 -1 -1 -1 -1 -1 -1 -1 -1 -1 -1 -1 -1 -1 -1 0.0525 0.0525 0.156 0.156 0.156 0.3125 0.3125 0.3215 0.3215 0.2645 0.2645 0.2645 0.2375 0.2375 0.227 0.227 0.2305 0.2305 0.221 0.221 0.221 0.222 0.222 0.24 0.24 0.24 0.24 0.24 0.262 0.262 0.249 0.249 0.244 0.244 0.244 0.253 0.253 0.2325 0.2325 0.203
-1 -1 -1 -1 -1 -1 -1 -1 -1 -1 -1 -1 -1 -1 -1 -1 -1 -1 -1 -1 -1 -1 -1 -1 -1 -1 -1 -1 -1 -1 -1 -1 -1 -1 -1 -1 -1 0.042 0.042 0.149 0.149 0.149 0.281 0.281 0.322 0.322 0.2565 0.2565 0.2565 0.1975 0.1975 0.2185 0.2185 0.202 0.202 0.1395 0.1395 0.1395 0.225 0.225 0.254 0.254 0.254 0.254 0.254 0.274 0.274 0.2475 0.2475 0.2395 0.2395 0.2395 0.2625 0.2625 0.2455 0.2455 0.2305
-1 -1 -1 -1 -1 -1 -1 -1 -1 -1 -1 -1 -1 -1 -1 -1 -1 -1 -1 -1 -1 -1 -1 -1 -1 -1 -1 -1 -1 -1 -1 -1 -1 -1 -1 -1 -1 0.042 0.042 0.149 0.149 0.149 0.281 0.281 0.322 0.322 0.2565 0.2565 0.2565 0.1975 0.1975 0.2185 0.2185 0.202 0.202 0.1395 0.1395 0.1395 0.225 0.225 0.254 0.254 0.254 0.254 0.254 0.274 0.274 0.2475 0.2475 0.2395 0.2395 0.2395 0.2625 0.2625 0.2455 0.2455 0.2305
-1 -1 -1 -1 -1 -1 -1 -1 -1 -1 -1 -1 -1 -1 -1 -1 -1 -1 -1 -1 -1 -1 -1 -1 -1 -1 -1 -1 -1 -1 -1 -1 -1 -1 -1 -1 -1 0.003 0.003 0.1405 0.1405 0.1405 0.236 0.236 0.2385 0.2385 0.2295 0.2295 0.2295 0.2165 0.2165 0.232 0.232 0.2155 0.2155 0.2205 0.2205 0.2205 0.2335 0.2335 0.234 0.234 0.234 0.234 0.234 0.2445 0.2445 0.256 0.256 0.236 0.236 0.236 0.24 0.24 0.23 0.23 0.232
-1 -1 -1 -1 -1 -1 -1 -1 -1 -1 -1 -1 -1 -1 -1 -1 -1 -1 -1 -1 -1 -1 -1 -1 -1 -1 -1 -1 -1 -1 -1 -1 -1 -1 -1 -1 -1 0.003 0.003 0.1405 0.1405 0.1405 0.236 0.236 0.2385 0.2385 0.2295 0.2295 0.2295 0.2165 0.2165 0.232 0.232 0.2155 0.2155 0.2205 0.2205 0.2205 0.2335 0.2335 0.234 0.234 0.234 0.234 0.234 0.2445 0.2445 0.256 0.256 0.236 0.236 0.236 0.24 0.24 0.23 0.23 0.232
-1 -1 -1 -1 -1 -1 -1 -1 -1 -1 -1 -1 -1 -1 -1 -1 -1 -1 -1 -1 -1 -1 -1 -1 -1 -1 -1 -1 -1 -1 -1 -1 -1 -1 -1 -1 -1 0.0992 0.0992 0.1485 0.1485 0.1485 0.1855 0.1855 0.2325 0.2325 0.227 0.227 0.227 0.2375 0.2375 0.239 0.239 0.2175 0.2175 0.2275 0.2275 0.2275 0.242 0.242 0.219 0.219 0.219 0.219 0.219 0.2225 0.2225 0.2235 0.2235 0.2225 0.2225 0.2225 0.2175 0.2175 0.215 0.215 0.2045
-1 -1 -1 -1 -1 -1 -1 -1 -1 -1 -1 -1 -1 -1 -1 -1 -1 -1 -1 -1 -1 -1 -1 -1 -1 -1 -1 -1 -1 -1 -1 -1 -1 -1 -1 -1 -1 0.0992 0.0992 0.1485 0.1485 0.1485 0.1855 0.1855 0.2325 0.2325 0.227 0.227 0.227 0.2375 0.2375 0.239 0.239 0.2175 0.2175 0.2275 0.2275 0.2275 0.242 0.242 0.219 0.219 0.219 0.219 0.219 0.2225 0.2225 0.2235 0.2235 0.2225 0.2225 0.2225 0.2175 0.2175 0.215 0.215 0.2045
-1 -1 -1 -1 -1 -1 -1 -1 -1 -1 -1 -1 -1 -1 -1 -1 -1 -1 -1 -1 -1 -1 -1 -1 -1 -1 -1 -1 -1 -1 -1 -1 -1 -1 -1 -1 -1 0.0137 0.0137 0.1865 0.1865 0.1865 0.2205 0.2205 0.2275 0.2275 0.2315 0.2315 0.2315 0.223 0.223 0.252 0.252 0.265 0.265 0.239 0.239 0.239 0.2025 0.2025 0.219 0.219 0.219 0.219 0.219 0.2345 0.2345 0.2385 0.2385 0.2165 0.2165 0.2165 0.228 0.228 0.2215 0.2215 0.22
-1 -1 -1 -1 -1 -1 -1 -1 -1 -1 -1 -1 -1 -1 -1 -1 -1 -1 -1 -1 -1 -1 -1 -1 -1 -1 -1 -1 -1 -1 -1 -1 -1 -1 -1 -1 -1 0.0137 0.0137 0.1865 0.1865 0.1865 0.2205 0.2205 0.2275 0.2275 0.2315 0.2315 0.2315 0.223 0.223 0.252 0.252 0.265 0.265 0.239 0.239 0.239 0.2025 0.2025 0.219 0.219 0.219 0.219 0.219 0.2345 0.2345 0.2385 0.2385 0.2165 0.2165 0.2165 0.228 0.228 0.2215 0.2215 0.22
-1 -1 -1 -1 -1 -1 -1 -1 -1 -1 -1 -1 -1 -1 -1 -1 -1 -1 -1 -1 -1 -1 -1 -1 -1 -1 -1 -1 -1 -1 -1 -1 -1 -1 -1 -1 -1 0.0137 0.0137 0.1865 0.1865 0.1865 0.2205 0.2205 0.2275 0.2275 0.2315 0.2315 0.2315 0.223 0.223 0.252 0.252 0.265 0.265 0.239 0.239 0.239 0.2025 0.2025 0.219 0.219 0.219 0.219 0.219 0.2345 0.2345 0.2385 0.2385 0.2165 0.2165 0.2165 0.228 0.228 0.2215 0.2215 0.22
-1 -1 -1 -1 -1 -1 -1 -1 -1 -1 -1 -1 -1 -1 -1 -1 -1 -1 -1 -1 -1 -1 -1 -1 -1 -1 -1 -1 -1 -1 -1 -1 -1 -1 -1 -1 -1 0.031 0.031 0.2 0.2 0.2 0.225 0.225 0.207 0.207 0.227 0.227 0.227 0.2355 0.2355 0.256 0.256 0.2325 0.2325 0.2435 0.2435 0.2435 0.236 0.236 0.2355 0.2355 0.2355 0.2355 0.2355 0.2395 0.2395 0.2385 0.2385 0.2235 0.2235 0.2235 0.219 0.219 0.2085 0.2085 0.2015
-1 -1 -1 -1 -1 -1 -1 -1 -1 -1 -1 -1 -1 -1 -1 -1 -1 -1 -1 -1 -1 -1 -1 -1 -1 -1 -1 -1 -1 -1 -1 -1 -1 -1 -1 -1 -1 0.031 0.031 0.2 0.2 0.2 0.225 0.225 0.207 0.207 0.227 0.227 0.227 0.2355 0.2355 0.256 0.256 0.2325 0.2325 0.2435 0.2435 0.2435 0.236 0.236 0.2355 0.2355 0.2355 0.2355 0.2355 0.2395 0.2395 0.2385 0.2385 0.2235 0.2235 0.2235 0.219 0.219 0.2085 0.2085 0.2015
-1 -1 -1 -1 -1 -1 -1 -1 -1 -1 -1 -1 -1 -1 -1 -1 -1 -1 -1 -1 -1 -1 -1 -1 -1 -1 -1 -1 -1 -1 -1 -1 -1 -1 -1 -1 -1 0.09450001 0.09450001 0.249 0.249 0.249 0.2225 0.2225 0.203 0.203 0.2135 0.2135 0.2135 0.2515 0.2515 0.2465 0.2465 0.2395 0.2395 0.2455 0.2455 0.2455 0.2395 0.2395 0.2685 0.2685 0.2685 0.2685 0.2685 0.2405 0.2405 0.227 0.227 0.214 0.214 0.214 0.2155 0.2155 0.221 0.221 0.2075
-1 -1 -1 -1 -1 -1 -1 -1 -1 -1 -1 -1 -1 -1 -1 -1 -1 -1 -1 -1 -1 -1 -1 -1 -1 -1 -1 -1 -1 -1 -1 -1 -1 -1 -1 -1 -1 0.09450001 0.09450001 0.249 0.249 0.249 0.2225 0.2225 0.203 0.203 0.2135 0.2135 0.2135 0.2515 0.2515 0.2465 0.2465 0.2395 0.2395 0.2455 0.2455 0.2455 0.2395 0.2395 0.2685 0.2685 0.2685 0.2685 0.2685 0.2405 0.2405 0.227 0.227 0.214 0.214 0.214 0.2155 0.2155 0.221 0.221 0.2075
-1 -1 -1 -1 -1 -1 -1 -1 -1 -1 -1 -1 -1 -1 -1 -1 -1 -1 -1 -1 -1 -1 -1 -1 -1 -1 -1 -1 -1 -1 -1 -1 -1 -1 -1 0.0355 0.0355 0.215 0.215 0.23 0.23 0.23 0.235 0.235 0.229 0.229 0.2075 0.2075 0.2075 0.2575 0.2575 0.2775 0.2775 0.2425 0.2425 0.242 0.242 0.242 0.2435 0.2435 0.2405 0.2405 0.2405 0.2405 0.2405 0.245 0.245 0.2535 0.2535 0.234 0.234 0.234 0.234 0.234 0.2395 0.2395 0.2385
-1 -1 -1 -1 -1 -1 -1 -1 -1 -1 -1 -1 -1 -1 -1 -1 -1 -1 -1 -1 -1 -1 -1 -1 -1 -1 -1 -1 -1 -1 -1 -1 -1 -1 -1 0.0355 0.0355 0.215 0.215 0.23 0.23 0.23 0.235 0.235 0.229 0.229 0.2075 0.2075 0.2075 0.2575 0.2575 0.2775 0.2775 0.2425 0.2425 0.242 0.242 0.242 0.2435 0.2435 0.2405 0.2405 0.2405 0.2405 0.2405 0.245 0.245 0.2535 0.2535 0.234 0.234 0.234 0.234 0.234 0.2395 0.2395 0.2385
-1 -1 -1 -1 -1 -1 -1 -1 -1 -1 -1 -1 -1 -1 -1 -1 -1 -1 -1 -1 -1 -1 -1 -1 -1 -1 -1 -1 -1 -1 -1 -1 -1 -1 -1 0.0355 0.0355 0.215 0.215 0.23 0.23 0.23 0.235 0.235 0.229 0.229 0.2075 0.2075 0.2075 0.2575 0.2575 0.2775 0.2775 0.2425 0.2425 0.242 0.242 0.242 0.2435 0.2435 0.2405 0.2405 0.2405 0.2405 0.2405 0.245 0.245 0.2535 0.2535 0.234 0.234 0.234 0.234 0.234 0.2395 0.2395 0.2385
-1 -1 -1 -1 -1 -1 -1 -1 -1 -1 -1 -1 -1 -1 -1 -1 -1 -1 -1 -1 -1 -1 -1 -1 -1 -1 -1 -1 -1 -1 -1 -1 -1 -1 -1 0.155 0.155 0.264 0.264 0.248 0.248 0.248 0.225 0.225 0.228 0.228 0.225 0.225 0.225 0.2325 0.2325 0.22 0.22 0.242 0.242 0.2585 0.2585 0.2585 0.2455 0.2455 0.2685 0.2685 0.2685 0.2685 0.2685 0.277 0.277 0.2745 0.2745 0.2395 0.2395 0.2395 0.2475 0.2475 0.244 0.244 0.246
-1 -1 -1 -1 -1 -1 -1 -1 -1 -1 -1 -1 -1 -1 -1 -1 -1 -1 -1 -1 -1 -1 -1 -1 -1 -1 -1 -1 -1 -1 -1 -1 -1 -1 -1 0.155 0.155 0.264 0.264 0.248 0.248 0.248 0.225 0.225 0.228 0.228 0.225 0.225 0.225 0.2325 0.2325 0.22 0.22 0.242 0.242 0.2585 0.2585 0.2585 0.2455 0.2455 0.2685 0.2685 0.2685 0.2685 0.2685 0.277 0.277 0.2745 0.2745 0.2395 0.2395 0.2395 0.2475 0.2475 0.244 0.244 0.246
-1 -1 -1 -1 -1 -1 -1 -1 -1 -1 -1 -1 -1 -1 -1 -1 -1 -1 -1 -1 -1 -1 -1 -1 -1 -1 -1 -1 -1 -1 -1 -1 0.056 0.056 0.056 0.2545 0.2545 0.243 0.243 0.2155 0.2155 0.2155 0.218 0.218 0.226 0.226 0.2325 0.2325 0.2325 0.244 0.244 0.2355 0.2355 0.254 0.254 0.251 0.251 0.251 0.2525 0.2525 0.262 0.262 0.262 0.262 0.262 0.277 0.277 0.274 0.274 0.2855 0.2855 0.2855 0.271 0.271 0.2625 0.2625 0.244
-1 -1 -1 -1 -1 -1 -1 -1 -1 -1 -1 -1 -1 -1 -1 -1 -1 -1 -1 -1 -1 -1 -1 -1 -1 -1 -1 -1 -1 -1 -1 -1 0.056 0.056 0.056 0.2545 0.2545 0.243 0.243 0.2155 0.2155 0.2155 0.218 0.218 0.226 0.226 0.2325 0.2325 0.2325 0.244 0.244 0.2355 0.2355 0.254 0.254 0.251 0.251 0.251 0.2525 0.2525 0.262 0.262 0.262 0.262 0.262 0.277 0.277 0.274 0.274 0.2855 0.2855 0.2855 0.271 0.271 0.2625 0.2625 0.244
-1 -1 -1 -1 -1 -1 -1 -1 -1 -1 -1 -1 -1 -1 -1 -1 -1 -1 -1 -1 -1 -1 -1 -1 -1 -1 -1 -1 -1 -1 0.0005 0.0005 0.272 0.272 0.272 0.2395 0.2395 0.2195 0.2195 0.2075 0.2075 0.2075 0.219 0.219 0.215 0.215 0.24 0.24 0.24 0.2375 0.2375 0.229 0.229 0.256 0.256 0.2505 0.2505 0.2505 0.2635 0.2635 0.2695 0.2695 0.2695 0.2695 0.2695 0.277 0.277 0.283 0.283 0.277 0.277 0.277 0.269 0.269 0.2615 0.2615 0.2515
-1 -1 -1 -1 -1 -1 -1 -1 -1 -1 -1 -1 -1 -1 -1 -1 -1 -1 -1 -1 -1 -1 -1 -1 -1 -1 -1 -1 -1 -1 0.0005 0.0005 0.272 0.272 0.272 0.2395 0.2395 0.2195 0.2195 0.2075 0.2075 0.2075 0.219 0.219 0.215 0.215 0.24 0.24 0.24 0.2375 0.2375 0.229 0.229 0.256 0.256 0.2505 0.2505 0.2505 0.2635 0.2635 0.2695 0.2695 0.2695 0.2695 0.2695 0.277 0.277 0.283 0.283 0.277 0.277 0.277 0.269 0.269 0.2615 0.2615 0.2515
-1 -1 -1 -1 -1 -1 -1 -1 -1 -1 -1 -1 -1 -1 -1 -1 -1 -1 -1 -1 -1 -1 -1 -1 -1 -1 -1 -1 -1 -1 0.0005 0.0005 0.272 0.272 0.272 0.2395 0.2395 0.2195 0.2195 0.2075 0.2075 0.2075 0.219 0.219 0.215 0.215 0.24 0.24 0.24 0.2375 0.2375 0.229 0.229 0.256 0.256 0.2505 0.2505 0.2505 0.2635 0.2635 0.2695 0.2695 0.2695 0.2695 0.2695 0.277 0.277 0.283 0.283 0.277 0.277 0.277 0.269 0.269 0.2615 0.2615 0.2515
-1 -1 -1 -1 -1 -1 -1 -1 -1 -1 -1 -1 -1 -1 -1 -1 -1 -1 -1 -1 -1 -1 -1 -1 -1 -1 -1 -1 -1 -1 0.1215 0.1215 0.261 0.261 0.261 0.236 0.236 0.2355 0.2355 0.24 0.24 0.24 0.2475 0.2475 0.2595 0.2595 0.22 0.22 0.22 0.2355 0.2355 0.243 0.243 0.2605 0.2605 0.26 0.26 0.26 0.282 0.282 0.2775 0.2775 0.2775 0.2775 0.2775 0.284 0.284 0.271 0.271 0.273 0.273 0.273 0.2645 0.2645 0.2685 0.2685 0.241
-1 -1 -1 -1 -1 -1 -1 -1 -1 -1 -1 -1 -1 -1 -1 -1 -1 -1 -1 -1 -1 -1 -1 -1 -1 -1 -1 -1 -1 -1 0.1215 0.1215 0.261 0.261 0.261 0.236 0.236 0.2355 0.2355 0.24 0.24 0.24 0.2475 0.2475 0.2595 0.2595 0.22 0.22 0.22 0.2355 0.2355 0.243 0.243 0.2605 0.2605 0.26 0.26 0.26 0.282 0.282 0.2775 0.2775 0.2775 0.2775 0.2775 0.284 0.284 0.271 0.271 0.273 0.273 0.273 0.2645 0.2645 0.2685 0.2685 0.241
-1 -1 -1 -1 -1 -1 -1 -1 -1 -1 -1 -1 -1 -1 -1 -1 -1 -1 -1 -1 -1 -1 -1 -1 -1 -1 -1 -1 0.0275 0.0275 0.24 0.24 0.2665 0.2665 0.2665 0.255 0.255 0.2345 0.2345 0.237 0.237 0.237 0.243 0.243 0.2335 0.2335 0.24 0.24 0.24 0.237 0.237 0.2425 0.2425 0.265 0.265 0.2665 0.2665 0.2665 0.2705 0.2705 0.2785 0.2785 0.2785 0.2785 0.2785 0.2885 0.2885 0.2815 0.2815 0.2745 0.2745 0.2745 0.2615 0.2615 0.253 0.253 0.24
-1 -1 -1 -1 -1 -1 -1 -1 -1 -1 -1 -1 -1 -1 -1 -1 -1 -1 -1 -1 -1 -1 -1 -1 -1 -1 -1 -1 0.0275 0.0275 0.24 0.24 0.2665 0.2665 0.2665 0.255 0.255 0.2345 0.2345 0.237 0.237 0.237 0.243 0.243 0.2335 0.2335 0.24 0.24 0.24 0.237 0.237 0.2425 0.2425 0.265 0.265 0.2665 0.2665 0.2665 0.2705 0.2705 0.2785 0.2785 0.2785 0.2785 0.2785 0.2885 0.2885 0.2815 0.2815 0.2745 0.2745 0.2745 0.2615 0.2615 0.253 0.253 0.24
-1 -1 -1 -1 -1 -1 -1 -1 -1 -1 -1 -1 -1 -1 -1 -1 -1 -1 -1 -1 -1 -1 -1 -1 -1 0.0455 0.0455 0.0455 0.1615 0.1615 0.2715 0.2715 0.2505 0.2505 0.2505 0.25 0.25 0.238 0.238 0.2385 0.2385 0.2385 0.2525 0.2525 0.247 0.247 0.234 0.234 0.234 0.2485 0.2485 0.2685 0.2685 0.2615 0.2615 0.272 0.272 0.272 0.2765 0.2765 0.295 0.295 0.295 0.295 0.295 0.2795 0.2795 0.276 0.276 0.2645 0.2645 0.2645 0.259 0.259 0.262 0.262 0.2335
