ndvi/NOAA-172.asc
ncols         252
nrows         154
xllcorner     -18.017974
yllcorner     13.481982
cellsize      0.035948
NODATA_value  -9999
[rows 68 to 101 of 154, columns 156 to 233 of 252]
0.156 0.146 0.146 0.146 0.141 0.141 0.151 0.151 0.182 0.182 0.2065 0.2065 0.2065 0.2135 0.2135 0.215 0.215 0.234 0.234 0.234 0.228 0.228 0.223 0.223 0.22 0.22 0.22 0.2225 0.2225 0.2015 0.2015 0.206 0.206 0.206 0.2025 0.2025 0.1985 0.1985 0.2065 0.2065 0.2065 0.221 0.221 0.2195 0.2195 0.1965 0.1965 0.207 0.207 0.207 0.205 0.205 0.2135 0.2135 0.2115 0.2115 0.2115 0.2345 0.2345 0.213 0.213 0.2115 0.2115 0.2115 0.2085 0.2085 0.232 0.232 0.211 0.211 0.211 0.2045 0.2045 0.196 0.196 0.2205 0.2205 0.2205
0.161 0.1495 0.1495 0.1495 0.15 0.15 0.172 0.172 0.158 0.158 0.201 0.201 0.201 0.203 0.203 0.2025 0.2025 0.2065 0.2065 0.2065 0.213 0.213 0.2175 0.2175 0.209 0.209 0.209 0.21 0.21 0.208 0.208 0.2195 0.2195 0.2195 0.216 0.216 0.217 0.217 0.211 0.211 0.211 0.2095 0.2095 0.2135 0.2135 0.206 0.206 0.1995 0.1995 0.1995 0.2 0.2 0.2185 0.2185 0.222 0.222 0.222 0.226 0.226 0.2245 0.2245 0.204 0.204 0.204 0.1905 0.1905 0.2105 0.2105 0.2155 0.2155 0.2155 0.2055 0.2055 0.1905 0.1905 0.205 0.205 0.205
0.161 0.1495 0.1495 0.1495 0.15 0.15 0.172 0.172 0.158 0.158 0.201 0.201 0.201 0.203 0.203 0.2025 0.2025 0.2065 0.2065 0.2065 0.213 0.213 0.2175 0.2175 0.209 0.209 0.209 0.21 0.21 0.208 0.208 0.2195 0.2195 0.2195 0.216 0.216 0.217 0.217 0.211 0.211 0.211 0.2095 0.2095 0.2135 0.2135 0.206 0.206 0.1995 0.1995 0.1995 0.2 0.2 0.2185 0.2185 0.222 0.222 0.222 0.226 0.226 0.2245 0.2245 0.204 0.204 0.204 0.1905 0.1905 0.2105 0.2105 0.2155 0.2155 0.2155 0.2055 0.2055 0.1905 0.1905 0.205 0.205 0.205
0.1725 0.1835 0.1835 0.1835 0.1705 0.1705 0.1745 0.1745 0.1565 0.1565 0.2085 0.2085 0.2085 0.2085 0.2085 0.2215 0.2215 0.217 0.217 0.217 0.211 0.211 0.2005 0.2005 0.2125 0.2125 0.2125 0.218 0.218 0.2 0.2 0.216 0.216 0.216 0.205 0.205 0.2055 0.2055 0.214 0.214 0.214 0.2095 0.2095 0.221 0.221 0.202 0.202 0.218 0.218 0.218 0.2175 0.2175 0.217 0.217 0.208 0.208 0.208 0.231 0.231 0.235 0.235 0.2075 0.2075 0.2075 0.2045 0.2045 0.212 0.212 0.1915 0.1915 0.1915 0.2025 0.2025 0.214 0.214 0.2385 0.2385 0.2385
0.1725 0.1835 0.1835 0.1835 0.1705 0.1705 0.1745 0.1745 0.1565 0.1565 0.2085 0.2085 0.2085 0.2085 0.2085 0.2215 0.2215 0.217 0.217 0.217 0.211 0.211 0.2005 0.2005 0.2125 0.2125 0.2125 0.218 0.218 0.2 0.2 0.216 0.216 0.216 0.205 0.205 0.2055 0.2055 0.214 0.214 0.214 0.2095 0.2095 0.221 0.221 0.202 0.202 0.218 0.218 0.218 0.2175 0.2175 0.217 0.217 0.208 0.208 0.208 0.231 0.231 0.235 0.235 0.2075 0.2075 0.2075 0.2045 0.2045 0.212 0.212 0.1915 0.1915 0.1915 0.2025 0.2025 0.214 0.214 0.2385 0.2385 0.2385
0.1725 0.1835 0.1835 0.1835 0.1705 0.1705 0.1745 0.1745 0.1565 0.1565 0.2085 0.2085 0.2085 0.2085 0.2085 0.2215 0.2215 0.217 0.217 0.217 0.211 0.211 0.2005 0.2005 0.2125 0.2125 0.2125 0.218 0.218 0.2 0.2 0.216 0.216 0.216 0.205 0.205 0.2055 0.2055 0.214 0.214 0.214 0.2095 0.2095 0.221 0.221 0.202 0.202 0.218 0.218 0.218 0.2175 0.2175 0.217 0.217 0.208 0.208 0.208 0.231 0.231 0.235 0.235 0.2075 0.2075 0.2075 0.2045 0.2045 0.212 0.212 0.1915 0.1915 0.1915 0.2025 0.2025 0.214 0.214 0.2385 0.2385 0.2385
0.172 0.1825 0.1825 0.1825 0.1795 0.1795 0.1745 0.1745 0.176 0.176 0.1925 0.1925 0.1925 0.2115 0.2115 0.211 0.211 0.209 0.209 0.209 0.208 0.208 0.218 0.218 0.2235 0.2235 0.2235 0.223 0.223 0.2195 0.2195 0.216 0.216 0.216 0.2155 0.2155 0.219 0.219 0.234 0.234 0.234 0.237 0.237 0.23 0.23 0.2265 0.2265 0.2125 0.2125 0.2125 0.2205 0.2205 0.218 0.218 0.2025 0.2025 0.2025 0.218 0.218 0.219 0.219 0.2335 0.2335 0.2335 0.217 0.217 0.204 0.204 0.1985 0.1985 0.1985 0.205 0.205 0.2135 0.2135 0.2125 0.2125 0.2125
0.172 0.1825 0.1825 0.1825 0.1795 0.1795 0.1745 0.1745 0.176 0.176 0.1925 0.1925 0.1925 0.2115 0.2115 0.211 0.211 0.209 0.209 0.209 0.208 0.208 0.218 0.218 0.2235 0.2235 0.2235 0.223 0.223 0.2195 0.2195 0.216 0.216 0.216 0.2155 0.2155 0.219 0.219 0.234 0.234 0.234 0.237 0.237 0.23 0.23 0.2265 0.2265 0.2125 0.2125 0.2125 0.2205 0.2205 0.218 0.218 0.2025 0.2025 0.2025 0.218 0.218 0.219 0.219 0.2335 0.2335 0.2335 0.217 0.217 0.204 0.204 0.1985 0.1985 0.1985 0.205 0.205 0.2135 0.2135 0.2125 0.2125 0.2125
0.1655 0.182 0.182 0.182 0.1705 0.1705 0.169 0.169 0.1585 0.1585 0.1965 0.1965 0.1965 0.2195 0.2195 0.217 0.217 0.22 0.22 0.22 0.223 0.223 0.2265 0.2265 0.228 0.228 0.228 0.228 0.228 0.233 0.233 0.232 0.232 0.232 0.2265 0.2265 0.2275 0.2275 0.228 0.228 0.228 0.231 0.231 0.2175 0.2175 0.2045 0.2045 0.218 0.218 0.218 0.2175 0.2175 0.2305 0.2305 0.2205 0.2205 0.2205 0.205 0.205 0.2135 0.2135 0.2205 0.2205 0.2205 0.231 0.231 0.2195 0.2195 0.21 0.21 0.21 0.205 0.205 0.2165 0.2165 0.218 0.218 0.218
0.1655 0.182 0.182 0.182 0.1705 0.1705 0.169 0.169 0.1585 0.1585 0.1965 0.1965 0.1965 0.2195 0.2195 0.217 0.217 0.22 0.22 0.22 0.223 0.223 0.2265 0.2265 0.228 0.228 0.228 0.228 0.228 0.233 0.233 0.232 0.232 0.232 0.2265 0.2265 0.2275 0.2275 0.228 0.228 0.228 0.231 0.231 0.2175 0.2175 0.2045 0.2045 0.218 0.218 0.218 0.2175 0.2175 0.2305 0.2305 0.2205 0.2205 0.2205 0.205 0.205 0.2135 0.2135 0.2205 0.2205 0.2205 0.231 0.231 0.2195 0.2195 0.21 0.21 0.21 0.205 0.205 0.2165 0.2165 0.218 0.218 0.218
0.152 0.156 0.156 0.156 0.149 0.149 0.1535 0.1535 0.164 0.164 0.2045 0.2045 0.2045 0.2095 0.2095 0.2025 0.2025 0.207 0.207 0.207 0.204 0.204 0.2075 0.2075 0.2205 0.2205 0.2205 0.2085 0.2085 0.213 0.213 0.206 0.206 0.206 0.21 0.21 0.212 0.212 0.2215 0.2215 0.2215 0.217 0.217 0.2215 0.2215 0.2085 0.2085 0.222 0.222 0.222 0.232 0.232 0.2255 0.2255 0.2305 0.2305 0.2305 0.2285 0.2285 0.2345 0.2345 0.2385 0.2385 0.2385 0.236 0.236 0.227 0.227 0.216 0.216 0.216 0.2155 0.2155 0.215 0.215 0.2415 0.2415 0.2415
0.152 0.156 0.156 0.156 0.149 0.149 0.1535 0.1535 0.164 0.164 0.2045 0.2045 0.2045 0.2095 0.2095 0.2025 0.2025 0.207 0.207 0.207 0.204 0.204 0.2075 0.2075 0.2205 0.2205 0.2205 0.2085 0.2085 0.213 0.213 0.206 0.206 0.206 0.21 0.21 0.212 0.212 0.2215 0.2215 0.2215 0.217 0.217 0.2215 0.2215 0.2085 0.2085 0.222 0.222 0.222 0.232 0.232 0.2255 0.2255 0.2305 0.2305 0.2305 0.2285 0.2285 0.2345 0.2345 0.2385 0.2385 0.2385 0.236 0.236 0.227 0.227 0.216 0.216 0.216 0.2155 0.2155 0.215 0.215 0.2415 0.2415 0.2415
0.1455 0.166 0.166 0.166 0.156 0.156 0.152 0.152 0.1675 0.1675 0.207 0.207 0.207 0.2095 0.2095 0.216 0.216 0.206 0.206 0.206 0.2045 0.2045 0.224 0.224 0.2235 0.2235 0.2235 0.2245 0.2245 0.217 0.217 0.216 0.216 0.216 0.215 0.215 0.2165 0.2165 0.215 0.215 0.215 0.2145 0.2145 0.217 0.217 0.2195 0.2195 0.2315 0.2315 0.2315 0.229 0.229 0.2505 0.2505 0.236 0.236 0.236 0.229 0.229 0.229 0.229 0.229 0.229 0.229 0.224 0.224 0.237 0.237 0.2235 0.2235 0.2235 0.2265 0.2265 0.226 0.226 0.2365 0.2365 0.2365
0.1455 0.166 0.166 0.166 0.156 0.156 0.152 0.152 0.1675 0.1675 0.207 0.207 0.207 0.2095 0.2095 0.216 0.216 0.206 0.206 0.206 0.2045 0.2045 0.224 0.224 0.2235 0.2235 0.2235 0.2245 0.2245 0.217 0.217 0.216 0.216 0.216 0.215 0.215 0.2165 0.2165 0.215 0.215 0.215 0.2145 0.2145 0.217 0.217 0.2195 0.2195 0.2315 0.2315 0.2315 0.229 0.229 0.2505 0.2505 0.236 0.236 0.236 0.229 0.229 0.229 0.229 0.229 0.229 0.229 0.224 0.224 0.237 0.237 0.2235 0.2235 0.2235 0.2265 0.2265 0.226 0.226 0.2365 0.2365 0.2365
0.1455 0.166 0.166 0.166 0.156 0.156 0.152 0.152 0.1675 0.1675 0.207 0.207 0.207 0.2095 0.2095 0.216 0.216 0.206 0.206 0.206 0.2045 0.2045 0.224 0.224 0.2235 0.2235 0.2235 0.2245 0.2245 0.217 0.217 0.216 0.216 0.216 0.215 0.215 0.2165 0.2165 0.215 0.215 0.215 0.2145 0.2145 0.217 0.217 0.2195 0.2195 0.2315 0.2315 0.2315 0.229 0.229 0.2505 0.2505 0.236 0.236 0.236 0.229 0.229 0.229 0.229 0.229 0.229 0.229 0.224 0.224 0.237 0.237 0.2235 0.2235 0.2235 0.2265 0.2265 0.226 0.226 0.2365 0.2365 0.2365
0.1605 0.165 0.165 0.165 0.1525 0.1525 0.143 0.143 0.1935 0.1935 0.2135 0.2135 0.2135 0.217 0.217 0.253 0.253 0.2435 0.2435 0.2435 0.2235 0.2235 0.2275 0.2275 0.22 0.22 0.22 0.2285 0.2285 0.205 0.205 0.1985 0.1985 0.1985 0.2 0.2 0.212 0.212 0.2205 0.2205 0.2205 0.2055 0.2055 0.2235 0.2235 0.2185 0.2185 0.227 0.227 0.227 0.2465 0.2465 0.247 0.247 0.232 0.232 0.232 0.2215 0.2215 0.2295 0.2295 0.233 0.233 0.233 0.231 0.231 0.2395 0.2395 0.2385 0.2385 0.2385 0.243 0.243 0.2375 0.2375 0.2405 0.2405 0.2405
0.1605 0.165 0.165 0.165 0.1525 0.1525 0.143 0.143 0.1935 0.1935 0.2135 0.2135 0.2135 0.217 0.217 0.253 0.253 0.2435 0.2435 0.2435 0.2235 0.2235 0.2275 0.2275 0.22 0.22 0.22 0.2285 0.2285 0.205 0.205 0.1985 0.1985 0.1985 0.2 0.2 0.212 0.212 0.2205 0.2205 0.2205 0.2055 0.2055 0.2235 0.2235 0.2185 0.2185 0.227 0.227 0.227 0.2465 0.2465 0.247 0.247 0.232 0.232 0.232 0.2215 0.2215 0.2295 0.2295 0.233 0.233 0.233 0.231 0.231 0.2395 0.2395 0.2385 0.2385 0.2385 0.243 0.243 0.2375 0.2375 0.2405 0.2405 0.2405
0.173 0.183 0.183 0.183 0.163 0.163 0.1915 0.1915 0.22 0.22 0.221 0.221 0.221 0.2215 0.2215 0.2405 0.2405 0.2425 0.2425 0.2425 0.2355 0.2355 0.2435 0.2435 0.216 0.216 0.216 0.216 0.216 0.213 0.213 0.212 0.212 0.212 0.219 0.219 0.2185 0.2185 0.2285 0.2285 0.2285 0.2315 0.2315 0.233 0.233 0.2315 0.2315 0.241 0.241 0.241 0.2265 0.2265 0.251 0.251 0.2295 0.2295 0.2295 0.2275 0.2275 0.227 0.227 0.2315 0.2315 0.2315 0.2365 0.2365 0.2515 0.2515 0.249 0.249 0.249 0.2445 0.2445 0.243 0.243 0.2425 0.2425 0.2425
0.173 0.183 0.183 0.183 0.163 0.163 0.1915 0.1915 0.22 0.22 0.221 0.221 0.221 0.2215 0.2215 0.2405 0.2405 0.2425 0.2425 0.2425 0.2355 0.2355 0.2435 0.2435 0.216 0.216 0.216 0.216 0.216 0.213 0.213 0.212 0.212 0.212 0.219 0.219 0.2185 0.2185 0.2285 0.2285 0.2285 0.2315 0.2315 0.233 0.233 0.2315 0.2315 0.241 0.241 0.241 0.2265 0.2265 0.251 0.251 0.2295 0.2295 0.2295 0.2275 0.2275 0.227 0.227 0.2315 0.2315 0.2315 0.2365 0.2365 0.2515 0.2515 0.249 0.249 0.249 0.2445 0.2445 0.243 0.243 0.2425 0.2425 0.2425
0.1835 0.1795 0.1795 0.1795 0.1585 0.1585 0.1805 0.1805 0.226 0.226 0.223 0.223 0.223 0.237 0.237 0.2485 0.2485 0.2615 0.2615 0.2615 0.258 0.258 0.2315 0.2315 0.2305 0.2305 0.2305 0.2125 0.2125 0.211 0.211 0.2185 0.2185 0.2185 0.218 0.218 0.215 0.215 0.224 0.224 0.224 0.2355 0.2355 0.221 0.221 0.2415 0.2415 0.2275 0.2275 0.2275 0.235 0.235 0.2405 0.2405 0.229 0.229 0.229 0.2225 0.2225 0.2235 0.2235 0.2425 0.2425 0.2425 0.2415 0.2415 0.2475 0.2475 0.2395 0.2395 0.2395 0.251 0.251 0.238 0.238 0.243 0.243 0.243
0.1835 0.1795 0.1795 0.1795 0.1585 0.1585 0.1805 0.1805 0.226 0.226 0.223 0.223 0.223 0.237 0.237 0.2485 0.2485 0.2615 0.2615 0.2615 0.258 0.258 0.2315 0.2315 0.2305 0.2305 0.2305 0.2125 0.2125 0.211 0.211 0.2185 0.2185 0.2185 0.218 0.218 0.215 0.215 0.224 0.224 0.224 0.2355 0.2355 0.221 0.221 0.2415 0.2415 0.2275 0.2275 0.2275 0.235 0.235 0.2405 0.2405 0.229 0.229 0.229 0.2225 0.2225 0.2235 0.2235 0.2425 0.2425 0.2425 0.2415 0.2415 0.2475 0.2475 0.2395 0.2395 0.2395 0.251 0.251 0.238 0.238 0.243 0.243 0.243
0.1835 0.1795 0.1795 0.1795 0.1585 0.1585 0.1805 0.1805 0.226 0.226 0.223 0.223 0.223 0.237 0.237 0.2485 0.2485 0.2615 0.2615 0.2615 0.258 0.258 0.2315 0.2315 0.2305 0.2305 0.2305 0.2125 0.2125 0.211 0.211 0.2185 0.2185 0.2185 0.218 0.218 0.215 0.215 0.224 0.224 0.224 0.2355 0.2355 0.221 0.221 0.2415 0.2415 0.2275 0.2275 0.2275 0.235 0.235 0.2405 0.2405 0.229 0.229 0.229 0.2225 0.2225 0.2235 0.2235 0.2425 0.2425 0.2425 0.2415 0.2415 0.2475 0.2475 0.2395 0.2395 0.2395 0.251 0.251 0.238 0.238 0.243 0.243 0.243
0.173 0.1925 0.1925 0.1925 0.175 0.175 0.2035 0.2035 0.2145 0.2145 0.23 0.23 0.23 0.227 0.227 0.259 0.259 0.2545 0.2545 0.2545 0.233 0.233 0.2235 0.2235 0.22 0.22 0.22 0.1985 0.1985 0.205 0.205 0.2185 0.2185 0.2185 0.2495 0.2495 0.241 0.241 0.2315 0.2315 0.2315 0.231 0.231 0.2375 0.2375 0.2465 0.2465 0.2305 0.2305 0.2305 0.229 0.229 0.219 0.219 0.222 0.222 0.222 0.226 0.226 0.2375 0.2375 0.224 0.224 0.224 0.2525 0.2525 0.2415 0.2415 0.2345 0.2345 0.2345 0.247 0.247 0.241 0.241 0.2485 0.2485 0.2485
0.173 0.1925 0.1925 0.1925 0.175 0.175 0.2035 0.2035 0.2145 0.2145 0.23 0.23 0.23 0.227 0.227 0.259 0.259 0.2545 0.2545 0.2545 0.233 0.233 0.2235 0.2235 0.22 0.22 0.22 0.1985 0.1985 0.205 0.205 0.2185 0.2185 0.2185 0.2495 0.2495 0.241 0.241 0.2315 0.2315 0.2315 0.231 0.231 0.2375 0.2375 0.2465 0.2465 0.2305 0.2305 0.2305 0.229 0.229 0.219 0.219 0.222 0.222 0.222 0.226 0.226 0.2375 0.2375 0.224 0.224 0.224 0.2525 0.2525 0.2415 0.2415 0.2345 0.2345 0.2345 0.247 0.247 0.241 0.241 0.2485 0.2485 0.2485
0.196 0.186 0.186 0.186 0.195 0.195 0.213 0.213 0.2155 0.2155 0.223 0.223 0.223 0.2315 0.2315 0.2545 0.2545 0.2435 0.2435 0.2435 0.2405 0.2405 0.247 0.247 0.2065 0.2065 0.2065 0.207 0.207 0.2 0.2 0.221 0.221 0.221 0.245 0.245 0.243 0.243 0.2355 0.2355 0.2355 0.247 0.247 0.24 0.24 0.2405 0.2405 0.23 0.23 0.23 0.223 0.223 0.241 0.241 0.2375 0.2375 0.2375 0.239 0.239 0.237 0.237 0.245 0.245 0.245 0.2465 0.2465 0.2345 0.2345 0.2485 0.2485 0.2485 0.25 0.25 0.247 0.247 0.2505 0.2505 0.2505
0.196 0.186 0.186 0.186 0.195 0.195 0.213 0.213 0.2155 0.2155 0.223 0.223 0.223 0.2315 0.2315 0.2545 0.2545 0.2435 0.2435 0.2435 0.2405 0.2405 0.247 0.247 0.2065 0.2065 0.2065 0.207 0.207 0.2 0.2 0.221 0.221 0.221 0.245 0.245 0.243 0.243 0.2355 0.2355 0.2355 0.247 0.247 0.24 0.24 0.2405 0.2405 0.23 0.23 0.23 0.223 0.223 0.241 0.241 0.2375 0.2375 0.2375 0.239 0.239 0.237 0.237 0.245 0.245 0.245 0.2465 0.2465 0.2345 0.2345 0.2485 0.2485 0.2485 0.25 0.25 0.247 0.247 0.2505 0.2505 0.2505
0.192 0.183 0.183 0.183 0.1885 0.1885 0.2055 0.2055 0.2075 0.2075 0.231 0.231 0.231 0.223 0.223 0.233 0.233 0.231 0.231 0.231 0.2205 0.2205 0.2105 0.2105 0.2155 0.2155 0.2155 0.216 0.216 0.227 0.227 0.239 0.239 0.239 0.248 0.248 0.2415 0.2415 0.2515 0.2515 0.2515 0.262 0.262 0.257 0.257 0.251 0.251 0.2385 0.2385 0.2385 0.2365 0.2365 0.223 0.223 0.2365 0.2365 0.2365 0.2415 0.2415 0.235 0.235 0.2405 0.2405 0.2405 0.243 0.243 0.2535 0.2535 0.251 0.251 0.251 0.2395 0.2395 0.2565 0.2565 0.257 0.257 0.257
0.192 0.183 0.183 0.183 0.1885 0.1885 0.2055 0.2055 0.2075 0.2075 0.231 0.231 0.231 0.223 0.223 0.233 0.233 0.231 0.231 0.231 0.2205 0.2205 0.2105 0.2105 0.2155 0.2155 0.2155 0.216 0.216 0.227 0.227 0.239 0.239 0.239 0.248 0.248 0.2415 0.2415 0.2515 0.2515 0.2515 0.262 0.262 0.257 0.257 0.251 0.251 0.2385 0.2385 0.2385 0.2365 0.2365 0.223 0.223 0.2365 0.2365 0.2365 0.2415 0.2415 0.235 0.235 0.2405 0.2405 0.2405 0.243 0.243 0.2535 0.2535 0.251 0.251 0.251 0.2395 0.2395 0.2565 0.2565 0.257 0.257 0.257
0.192 0.183 0.183 0.183 0.1885 0.1885 0.2055 0.2055 0.2075 0.2075 0.231 0.231 0.231 0.223 0.223 0.233 0.233 0.231 0.231 0.231 0.2205 0.2205 0.2105 0.2105 0.2155 0.2155 0.2155 0.216 0.216 0.227 0.227 0.239 0.239 0.239 0.248 0.248 0.2415 0.2415 0.2515 0.2515 0.2515 0.262 0.262 0.257 0.257 0.251 0.251 0.2385 0.2385 0.2385 0.2365 0.2365 0.223 0.223 0.2365 0.2365 0.2365 0.2415 0.2415 0.235 0.235 0.2405 0.2405 0.2405 0.243 0.243 0.2535 0.2535 0.251 0.251 0.251 0.2395 0.2395 0.2565 0.2565 0.257 0.257 0.257
0.2115 0.2225 0.2225 0.2225 0.214 0.214 0.22 0.22 0.2035 0.2035 0.2115 0.2115 0.2115 0.219 0.219 0.206 0.206 0.239 0.239 0.239 0.235 0.235 0.216 0.216 0.2145 0.2145 0.2145 0.2265 0.2265 0.2235 0.2235 0.2215 0.2215 0.2215 0.219 0.219 0.222 0.222 0.2435 0.2435 0.2435 0.2455 0.2455 0.247 0.247 0.2425 0.2425 0.222 0.222 0.222 0.232 0.232 0.2065 0.2065 0.2035 0.2035 0.2035 0.2465 0.2465 0.2405 0.2405 0.238 0.238 0.238 0.231 0.231 0.2305 0.2305 0.232 0.232 0.232 0.221 0.221 0.252 0.252 0.2535 0.2535 0.2535
0.2115 0.2225 0.2225 0.2225 0.214 0.214 0.22 0.22 0.2035 0.2035 0.2115 0.2115 0.2115 0.219 0.219 0.206 0.206 0.239 0.239 0.239 0.235 0.235 0.216 0.216 0.2145 0.2145 0.2145 0.2265 0.2265 0.2235 0.2235 0.2215 0.2215 0.2215 0.219 0.219 0.222 0.222 0.2435 0.2435 0.2435 0.2455 0.2455 0.247 0.247 0.2425 0.2425 0.222 0.222 0.222 0.232 0.232 0.2065 0.2065 0.2035 0.2035 0.2035 0.2465 0.2465 0.2405 0.2405 0.238 0.238 0.238 0.231 0.231 0.2305 0.2305 0.232 0.232 0.232 0.221 0.221 0.252 0.252 0.2535 0.2535 0.2535
0.1905 0.1955 0.1955 0.1955 0.185 0.185 0.222 0.222 0.2025 0.2025 0.2125 0.2125 0.2125 0.212 0.212 0.2365 0.2365 0.2515 0.2515 0.2515 0.2275 0.2275 0.2205 0.2205 0.223 0.223 0.223 0.2195 0.2195 0.232 0.232 0.227 0.227 0.227 0.226 0.226 0.228 0.228 0.256 0.256 0.256 0.2445 0.2445 0.2405 0.2405 0.252 0.252 0.2525 0.2525 0.2525 0.242 0.242 0.2455 0.2455 0.2105 0.2105 0.2105 0.2085 0.2085 0.2135 0.2135 0.2245 0.2245 0.2245 0.206 0.206 0.2075 0.2075 0.2265 0.2265 0.2265 0.2275 0.2275 0.2245 0.2245 0.212 0.212 0.212
0.1905 0.1955 0.1955 0.1955 0.185 0.185 0.222 0.222 0.2025 0.2025 0.2125 0.2125 0.2125 0.212 0.212 0.2365 0.2365 0.2515 0.2515 0.2515 0.2275 0.2275 0.2205 0.2205 0.223 0.223 0.223 0.2195 0.2195 0.232 0.232 0.227 0.227 0.227 0.226 0.226 0.228 0.228 0.256 0.256 0.256 0.2445 0.2445 0.2405 0.2405 0.252 0.252 0.2525 0.2525 0.2525 0.242 0.242 0.2455 0.2455 0.2105 0.2105 0.2105 0.2085 0.2085 0.2135 0.2135 0.2245 0.2245 0.2245 0.206 0.206 0.2075 0.2075 0.2265 0.2265 0.2265 0.2275 0.2275 0.2245 0.2245 0.212 0.212 0.212
0.1965 0.2045 0.2045 0.2045 0.2095 0.2095 0.208 0.208 0.2275 0.2275 0.2325 0.2325 0.2325 0.2245 0.2245 0.223 0.223 0.235 0.235 0.235 0.2325 0.2325 0.2225 0.2225 0.233 0.233 0.233 0.224 0.224 0.2275 0.2275 0.222 0.222 0.222 0.231 0.231 0.232 0.232 0.226 0.226 0.226 0.236 0.236 0.2345 0.2345 0.2495 0.2495 0.217 0.217 0.217 0.2305 0.2305 0.209 0.209 0.2165 0.2165 0.2165 0.2165 0.2165 0.2245 0.2245 0.2155 0.2155 0.2155 0.219 0.219 0.2325 0.2325 0.197 0.197 0.197 0.2165 0.2165 0.218 0.218 0.2065 0.2065 0.2065
