ndvi/NOAA-274.asc
ncols         252
nrows         154
xllcorner     -18.017974
yllcorner     13.481982
cellsize      0.035948
NODATA_value  -9999
[rows 34 to 67 of 154, columns 77 to 153 of 252]
0.123 0.123 0.125 0.125 0.1265 0.1265 0.123 0.123 0.123 0.113 0.113 0.136 0.136 0.1315 0.1315 0.1175 0.1175 0.1175 0.112 0.112 0.116 0.116 0.116 0.116 0.116 0.123 0.123 0.1265 0.1265 0.129 0.129 0.129 0.1415 0.1415 0.1395 0.1395 0.115 0.115 0.115 0.117 0.117 0.121 0.121 0.1145 0.1145 0.1145 0.112 0.112 0.1025 0.1025 0.109 0.109 0.115 0.115 0.115 0.1055 0.1055 0.106 0.106 0.116 0.116 0.116 0.125 0.125 0.138 0.138 0.1315 0.1315 0.1315 0.1235 0.1235 0.1025 0.1025 0.0875 0.0875 0.0875 0.1205
0.123 0.123 0.125 0.125 0.1265 0.1265 0.123 0.123 0.123 0.113 0.113 0.136 0.136 0.1315 0.1315 0.1175 0.1175 0.1175 0.112 0.112 0.116 0.116 0.116 0.116 0.116 0.123 0.123 0.1265 0.1265 0.129 0.129 0.129 0.1415 0.1415 0.1395 0.1395 0.115 0.115 0.115 0.117 0.117 0.121 0.121 0.1145 0.1145 0.1145 0.112 0.112 0.1025 0.1025 0.109 0.109 0.115 0.115 0.115 0.1055 0.1055 0.106 0.106 0.116 0.116 0.116 0.125 0.125 0.138 0.138 0.1315 0.1315 0.1315 0.1235 0.1235 0.1025 0.1025 0.0875 0.0875 0.0875 0.1205
0.123 0.123 0.125 0.125 0.1265 0.1265 0.123 0.123 0.123 0.113 0.113 0.136 0.136 0.1315 0.1315 0.1175 0.1175 0.1175 0.112 0.112 0.116 0.116 0.116 0.116 0.116 0.123 0.123 0.1265 0.1265 0.129 0.129 0.129 0.1415 0.1415 0.1395 0.1395 0.115 0.115 0.115 0.117 0.117 0.121 0.121 0.1145 0.1145 0.1145 0.112 0.112 0.1025 0.1025 0.109 0.109 0.115 0.115 0.115 0.1055 0.1055 0.106 0.106 0.116 0.116 0.116 0.125 0.125 0.138 0.138 0.1315 0.1315 0.1315 0.1235 0.1235 0.1025 0.1025 0.0875 0.0875 0.0875 0.1205
0.1265 0.1265 0.1205 0.1205 0.1205 0.1205 0.127 0.127 0.127 0.1205 0.1205 0.124 0.124 0.1235 0.1235 0.1235 0.1235 0.1235 0.123 0.123 0.118 0.118 0.1285 0.1285 0.1285 0.133 0.133 0.125 0.125 0.126 0.126 0.126 0.1205 0.1205 0.1285 0.1285 0.123 0.123 0.123 0.114 0.114 0.1265 0.1265 0.1275 0.1275 0.1275 0.13 0.13 0.128 0.128 0.127 0.127 0.1235 0.1235 0.1235 0.1285 0.1285 0.1445 0.1445 0.157 0.157 0.157 0.1435 0.1435 0.1315 0.1315 0.1235 0.1235 0.1235 0.127 0.127 0.125 0.125 0.1095 0.1095 0.1095 0.1115
0.1265 0.1265 0.1205 0.1205 0.1205 0.1205 0.127 0.127 0.127 0.1205 0.1205 0.124 0.124 0.1235 0.1235 0.1235 0.1235 0.1235 0.123 0.123 0.118 0.118 0.1285 0.1285 0.1285 0.133 0.133 0.125 0.125 0.126 0.126 0.126 0.1205 0.1205 0.1285 0.1285 0.123 0.123 0.123 0.114 0.114 0.1265 0.1265 0.1275 0.1275 0.1275 0.13 0.13 0.128 0.128 0.127 0.127 0.1235 0.1235 0.1235 0.1285 0.1285 0.1445 0.1445 0.157 0.157 0.157 0.1435 0.1435 0.1315 0.1315 0.1235 0.1235 0.1235 0.127 0.127 0.125 0.125 0.1095 0.1095 0.1095 0.1115
0.1265 0.1265 0.1205 0.1205 0.1245 0.1245 0.122 0.122 0.122 0.1285 0.1285 0.128 0.128 0.123 0.123 0.1285 0.1285 0.1285 0.1305 0.1305 0.127 0.127 0.1365 0.1365 0.1365 0.138 0.138 0.1475 0.1475 0.1425 0.1425 0.1425 0.142 0.142 0.1395 0.1395 0.1315 0.1315 0.1315 0.121 0.121 0.1245 0.1245 0.1395 0.1395 0.1395 0.1465 0.1465 0.1475 0.1475 0.1465 0.1465 0.1755 0.1755 0.1755 0.1585 0.1585 0.158 0.158 0.1505 0.1505 0.1505 0.158 0.158 0.139 0.139 0.1425 0.1425 0.1425 0.125 0.125 0.1345 0.1345 0.108 0.108 0.108 0.108
0.1265 0.1265 0.1205 0.1205 0.1245 0.1245 0.122 0.122 0.122 0.1285 0.1285 0.128 0.128 0.123 0.123 0.1285 0.1285 0.1285 0.1305 0.1305 0.127 0.127 0.1365 0.1365 0.1365 0.138 0.138 0.1475 0.1475 0.1425 0.1425 0.1425 0.142 0.142 0.1395 0.1395 0.1315 0.1315 0.1315 0.121 0.121 0.1245 0.1245 0.1395 0.1395 0.1395 0.1465 0.1465 0.1475 0.1475 0.1465 0.1465 0.1755 0.1755 0.1755 0.1585 0.1585 0.158 0.158 0.1505 0.1505 0.1505 0.158 0.158 0.139 0.139 0.1425 0.1425 0.1425 0.125 0.125 0.1345 0.1345 0.108 0.108 0.108 0.108
0.127 0.127 0.1195 0.1195 0.1205 0.1205 0.137 0.137 0.137 0.136 0.136 0.138 0.138 0.134 0.134 0.134 0.134 0.134 0.124 0.124 0.1285 0.1285 0.145 0.145 0.145 0.1385 0.1385 0.159 0.159 0.1465 0.1465 0.1465 0.1465 0.1465 0.135 0.135 0.132 0.132 0.132 0.1275 0.1275 0.1335 0.1335 0.151 0.151 0.151 0.15 0.15 0.139 0.139 0.1635 0.1635 0.1855 0.1855 0.1855 0.163 0.163 0.1625 0.1625 0.1625 0.1625 0.1625 0.1465 0.1465 0.159 0.159 0.119 0.119 0.119 0.125 0.125 0.125 0.125 0.1085 0.1085 0.1085 0.125
0.127 0.127 0.1195 0.1195 0.1205 0.1205 0.137 0.137 0.137 0.136 0.136 0.138 0.138 0.134 0.134 0.134 0.134 0.134 0.124 0.124 0.1285 0.1285 0.145 0.145 0.145 0.1385 0.1385 0.159 0.159 0.1465 0.1465 0.1465 0.1465 0.1465 0.135 0.135 0.132 0.132 0.132 0.1275 0.1275 0.1335 0.1335 0.151 0.151 0.151 0.15 0.15 0.139 0.139 0.1635 0.1635 0.1855 0.1855 0.1855 0.163 0.163 0.1625 0.1625 0.1625 0.1625 0.1625 0.1465 0.1465 0.159 0.159 0.119 0.119 0.119 0.125 0.125 0.125 0.125 0.1085 0.1085 0.1085 0.125
0.127 0.127 0.1195 0.1195 0.1205 0.1205 0.137 0.137 0.137 0.136 0.136 0.138 0.138 0.134 0.134 0.134 0.134 0.134 0.124 0.124 0.1285 0.1285 0.145 0.145 0.145 0.1385 0.1385 0.159 0.159 0.1465 0.1465 0.1465 0.1465 0.1465 0.135 0.135 0.132 0.132 0.132 0.1275 0.1275 0.1335 0.1335 0.151 0.151 0.151 0.15 0.15 0.139 0.139 0.1635 0.1635 0.1855 0.1855 0.1855 0.163 0.163 0.1625 0.1625 0.1625 0.1625 0.1625 0.1465 0.1465 0.159 0.159 0.119 0.119 0.119 0.125 0.125 0.125 0.125 0.1085 0.1085 0.1085 0.125
0.149 0.149 0.155 0.155 0.132 0.132 0.142 0.142 0.142 0.141 0.141 0.134 0.134 0.1335 0.1335 0.1305 0.1305 0.1305 0.125 0.125 0.128 0.128 0.153 0.153 0.153 0.1535 0.1535 0.153 0.153 0.151 0.151 0.151 0.1595 0.1595 0.16 0.16 0.1495 0.1495 0.1495 0.138 0.138 0.1375 0.1375 0.1515 0.1515 0.1515 0.1335 0.1335 0.135 0.135 0.142 0.142 0.167 0.167 0.167 0.159 0.159 0.153 0.153 0.1235 0.1235 0.1235 0.126 0.126 0.12 0.12 0.118 0.118 0.118 0.1215 0.1215 0.122 0.122 0.1225 0.1225 0.1225 0.1085
0.149 0.149 0.155 0.155 0.132 0.132 0.142 0.142 0.142 0.141 0.141 0.134 0.134 0.1335 0.1335 0.1305 0.1305 0.1305 0.125 0.125 0.128 0.128 0.153 0.153 0.153 0.1535 0.1535 0.153 0.153 0.151 0.151 0.151 0.1595 0.1595 0.16 0.16 0.1495 0.1495 0.1495 0.138 0.138 0.1375 0.1375 0.1515 0.1515 0.1515 0.1335 0.1335 0.135 0.135 0.142 0.142 0.167 0.167 0.167 0.159 0.159 0.153 0.153 0.1235 0.1235 0.1235 0.126 0.126 0.12 0.12 0.118 0.118 0.118 0.1215 0.1215 0.122 0.122 0.1225 0.1225 0.1225 0.1085
0.167 0.167 0.1605 0.1605 0.145 0.145 0.142 0.142 0.142 0.142 0.142 0.1375 0.1375 0.1375 0.1375 0.131 0.131 0.131 0.1425 0.1425 0.1615 0.1615 0.1575 0.1575 0.1575 0.16 0.16 0.1625 0.1625 0.162 0.162 0.162 0.1685 0.1685 0.1625 0.1625 0.1475 0.1475 0.1475 0.098 0.098 0.119 0.119 0.1165 0.1165 0.1165 0.134 0.134 0.175 0.175 0.188 0.188 0.1565 0.1565 0.1565 0.15 0.15 0.1475 0.1475 0.136 0.136 0.136 0.1505 0.1505 0.1355 0.1355 0.1315 0.1315 0.1315 0.152 0.152 0.1495 0.1495 0.1195 0.1195 0.1195 0.125
0.167 0.167 0.1605 0.1605 0.145 0.145 0.142 0.142 0.142 0.142 0.142 0.1375 0.1375 0.1375 0.1375 0.131 0.131 0.131 0.1425 0.1425 0.1615 0.1615 0.1575 0.1575 0.1575 0.16 0.16 0.1625 0.1625 0.162 0.162 0.162 0.1685 0.1685 0.1625 0.1625 0.1475 0.1475 0.1475 0.098 0.098 0.119 0.119 0.1165 0.1165 0.1165 0.134 0.134 0.175 0.175 0.188 0.188 0.1565 0.1565 0.1565 0.15 0.15 0.1475 0.1475 0.136 0.136 0.136 0.1505 0.1505 0.1355 0.1355 0.1315 0.1315 0.1315 0.152 0.152 0.1495 0.1495 0.1195 0.1195 0.1195 0.125
0.1725 0.1725 0.1525 0.1525 0.147 0.147 0.1335 0.1335 0.1335 0.1235 0.1235 0.125 0.125 0.1535 0.1535 0.159 0.159 0.159 0.158 0.158 0.168 0.168 0.18 0.18 0.18 0.1785 0.1785 0.18 0.18 0.192 0.192 0.192 0.391 0.391 0.309 0.309 0.1305 0.1305 0.1305 0.1275 0.1275 0.1195 0.1195 0.119 0.119 0.119 0.1485 0.1485 0.169 0.169 0.165 0.165 0.1625 0.1625 0.1625 0.1495 0.1495 0.155 0.155 0.134 0.134 0.134 0.156 0.156 0.1435 0.1435 0.147 0.147 0.147 0.1325 0.1325 0.149 0.149 0.124 0.124 0.124 0.112
0.1725 0.1725 0.1525 0.1525 0.147 0.147 0.1335 0.1335 0.1335 0.1235 0.1235 0.125 0.125 0.1535 0.1535 0.159 0.159 0.159 0.158 0.158 0.168 0.168 0.18 0.18 0.18 0.1785 0.1785 0.18 0.18 0.192 0.192 0.192 0.391 0.391 0.309 0.309 0.1305 0.1305 0.1305 0.1275 0.1275 0.1195 0.1195 0.119 0.119 0.119 0.1485 0.1485 0.169 0.169 0.165 0.165 0.1625 0.1625 0.1625 0.1495 0.1495 0.155 0.155 0.134 0.134 0.134 0.156 0.156 0.1435 0.1435 0.147 0.147 0.147 0.1325 0.1325 0.149 0.149 0.124 0.124 0.124 0.112
0.1725 0.1725 0.1525 0.1525 0.147 0.147 0.1335 0.1335 0.1335 0.1235 0.1235 0.125 0.125 0.1535 0.1535 0.159 0.159 0.159 0.158 0.158 0.168 0.168 0.18 0.18 0.18 0.1785 0.1785 0.18 0.18 0.192 0.192 0.192 0.391 0.391 0.309 0.309 0.1305 0.1305 0.1305 0.1275 0.1275 0.1195 0.1195 0.119 0.119 0.119 0.1485 0.1485 0.169 0.169 0.165 0.165 0.1625 0.1625 0.1625 0.1495 0.1495 0.155 0.155 0.134 0.134 0.134 0.156 0.156 0.1435 0.1435 0.147 0.147 0.147 0.1325 0.1325 0.149 0.149 0.124 0.124 0.124 0.112
0.154 0.154 0.153 0.153 0.1505 0.1505 0.1465 0.1465 0.1465 0.1615 0.1615 0.168 0.168 0.1735 0.1735 0.188 0.188 0.188 0.1855 0.1855 0.2045 0.2045 0.216 0.216 0.216 0.212 0.212 0.204 0.204 0.2025 0.2025 0.2025 0.263 0.263 0.22 0.22 0.195 0.195 0.195 0.151 0.151 0.1115 0.1115 0.1215 0.1215 0.1215 0.151 0.151 0.1365 0.1365 0.1675 0.1675 0.1825 0.1825 0.1825 0.1605 0.1605 0.152 0.152 0.144 0.144 0.144 0.15 0.15 0.1565 0.1565 0.1575 0.1575 0.1575 0.1565 0.1565 0.1605 0.1605 0.126 0.126 0.126 0.1065
0.154 0.154 0.153 0.153 0.1505 0.1505 0.1465 0.1465 0.1465 0.1615 0.1615 0.168 0.168 0.1735 0.1735 0.188 0.188 0.188 0.1855 0.1855 0.2045 0.2045 0.216 0.216 0.216 0.212 0.212 0.204 0.204 0.2025 0.2025 0.2025 0.263 0.263 0.22 0.22 0.195 0.195 0.195 0.151 0.151 0.1115 0.1115 0.1215 0.1215 0.1215 0.151 0.151 0.1365 0.1365 0.1675 0.1675 0.1825 0.1825 0.1825 0.1605 0.1605 0.152 0.152 0.144 0.144 0.144 0.15 0.15 0.1565 0.1565 0.1575 0.1575 0.1575 0.1565 0.1565 0.1605 0.1605 0.126 0.126 0.126 0.1065
0.1725 0.1725 0.1655 0.1655 0.1695 0.1695 0.1585 0.1585 0.1585 0.18 0.18 0.183 0.183 0.187 0.187 0.187 0.187 0.187 0.2095 0.2095 0.2255 0.2255 0.2285 0.2285 0.2285 0.231 0.231 0.224 0.224 0.22 0.22 0.22 0.227 0.227 0.24 0.24 0.2005 0.2005 0.2005 0.183 0.183 0.118 0.118 0.127 0.127 0.127 0.137 0.137 0.1335 0.1335 0.195 0.195 0.186 0.186 0.186 0.208 0.208 0.171 0.171 0.16 0.16 0.16 0.188 0.188 0.1825 0.1825 0.16 0.16 0.16 0.1595 0.1595 0.158 0.158 0.1385 0.1385 0.1385 0.116
0.1725 0.1725 0.1655 0.1655 0.1695 0.1695 0.1585 0.1585 0.1585 0.18 0.18 0.183 0.183 0.187 0.187 0.187 0.187 0.187 0.2095 0.2095 0.2255 0.2255 0.2285 0.2285 0.2285 0.231 0.231 0.224 0.224 0.22 0.22 0.22 0.227 0.227 0.24 0.24 0.2005 0.2005 0.2005 0.183 0.183 0.118 0.118 0.127 0.127 0.127 0.137 0.137 0.1335 0.1335 0.195 0.195 0.186 0.186 0.186 0.208 0.208 0.171 0.171 0.16 0.16 0.16 0.188 0.188 0.1825 0.1825 0.16 0.16 0.16 0.1595 0.1595 0.158 0.158 0.1385 0.1385 0.1385 0.116
0.2085 0.2085 0.196 0.196 0.179 0.179 0.1735 0.1735 0.1735 0.174 0.174 0.1825 0.1825 0.209 0.209 0.1905 0.1905 0.1905 0.1925 0.1925 0.208 0.208 0.192 0.192 0.192 0.1725 0.1725 0.1675 0.1675 0.1855 0.1855 0.1855 0.1875 0.1875 0.205 0.205 0.187 0.187 0.187 0.167 0.167 0.123 0.123 0.122 0.122 0.122 0.12 0.12 0.162 0.162 0.1755 0.1755 0.1705 0.1705 0.1705 0.1905 0.1905 0.168 0.168 0.1895 0.1895 0.1895 0.204 0.204 0.2005 0.2005 0.1675 0.1675 0.1675 0.1395 0.1395 0.154 0.154 0.118 0.118 0.118 0.1155
0.2085 0.2085 0.196 0.196 0.179 0.179 0.1735 0.1735 0.1735 0.174 0.174 0.1825 0.1825 0.209 0.209 0.1905 0.1905 0.1905 0.1925 0.1925 0.208 0.208 0.192 0.192 0.192 0.1725 0.1725 0.1675 0.1675 0.1855 0.1855 0.1855 0.1875 0.1875 0.205 0.205 0.187 0.187 0.187 0.167 0.167 0.123 0.123 0.122 0.122 0.122 0.12 0.12 0.162 0.162 0.1755 0.1755 0.1705 0.1705 0.1705 0.1905 0.1905 0.168 0.168 0.1895 0.1895 0.1895 0.204 0.204 0.2005 0.2005 0.1675 0.1675 0.1675 0.1395 0.1395 0.154 0.154 0.118 0.118 0.118 0.1155
0.2065 0.2065 0.191 0.191 0.1795 0.1795 0.189 0.189 0.189 0.1785 0.1785 0.1685 0.1685 0.175 0.175 0.175 0.175 0.175 0.182 0.182 0.186 0.186 0.1825 0.1825 0.1825 0.1845 0.1845 0.194 0.194 0.223 0.223 0.223 0.1915 0.1915 0.1955 0.1955 0.182 0.182 0.182 0.166 0.166 0.1815 0.1815 0.1505 0.1505 0.1505 0.1225 0.1225 0.1295 0.1295 0.1465 0.1465 0.183 0.183 0.183 0.1875 0.1875 0.187 0.187 0.223 0.223 0.223 0.211 0.211 0.216 0.216 0.1825 0.1825 0.1825 0.148 0.148 0.1585 0.1585 0.117 0.117 0.117 0.0915
0.2065 0.2065 0.191 0.191 0.1795 0.1795 0.189 0.189 0.189 0.1785 0.1785 0.1685 0.1685 0.175 0.175 0.175 0.175 0.175 0.182 0.182 0.186 0.186 0.1825 0.1825 0.1825 0.1845 0.1845 0.194 0.194 0.223 0.223 0.223 0.1915 0.1915 0.1955 0.1955 0.182 0.182 0.182 0.166 0.166 0.1815 0.1815 0.1505 0.1505 0.1505 0.1225 0.1225 0.1295 0.1295 0.1465 0.1465 0.183 0.183 0.183 0.1875 0.1875 0.187 0.187 0.223 0.223 0.223 0.211 0.211 0.216 0.216 0.1825 0.1825 0.1825 0.148 0.148 0.1585 0.1585 0.117 0.117 0.117 0.0915
0.2065 0.2065 0.191 0.191 0.1795 0.1795 0.189 0.189 0.189 0.1785 0.1785 0.1685 0.1685 0.175 0.175 0.175 0.175 0.175 0.182 0.182 0.186 0.186 0.1825 0.1825 0.1825 0.1845 0.1845 0.194 0.194 0.223 0.223 0.223 0.1915 0.1915 0.1955 0.1955 0.182 0.182 0.182 0.166 0.166 0.1815 0.1815 0.1505 0.1505 0.1505 0.1225 0.1225 0.1295 0.1295 0.1465 0.1465 0.183 0.183 0.183 0.1875 0.1875 0.187 0.187 0.223 0.223 0.223 0.211 0.211 0.216 0.216 0.1825 0.1825 0.1825 0.148 0.148 0.1585 0.1585 0.117 0.117 0.117 0.0915
0.2015 0.2015 0.202 0.202 0.197 0.197 0.2015 0.2015 0.2015 0.1975 0.1975 0.169 0.169 0.173 0.173 0.182 0.182 0.182 0.148 0.148 0.1675 0.1675 0.207 0.207 0.207 0.234 0.234 0.2295 0.2295 0.235 0.235 0.235 0.242 0.242 0.2275 0.2275 0.219 0.219 0.219 0.165 0.165 0.1375 0.1375 0.1755 0.1755 0.1755 0.213 0.213 0.1915 0.1915 0.2225 0.2225 0.242 0.242 0.242 0.168 0.168 0.2325 0.2325 0.2505 0.2505 0.2505 0.237 0.237 0.2405 0.2405 0.2135 0.2135 0.2135 0.2005 0.2005 0.2225 0.2225 0.1505 0.1505 0.1505 0.1225
0.2015 0.2015 0.202 0.202 0.197 0.197 0.2015 0.2015 0.2015 0.1975 0.1975 0.169 0.169 0.173 0.173 0.182 0.182 0.182 0.148 0.148 0.1675 0.1675 0.207 0.207 0.207 0.234 0.234 0.2295 0.2295 0.235 0.235 0.235 0.242 0.242 0.2275 0.2275 0.219 0.219 0.219 0.165 0.165 0.1375 0.1375 0.1755 0.1755 0.1755 0.213 0.213 0.1915 0.1915 0.2225 0.2225 0.242 0.242 0.242 0.168 0.168 0.2325 0.2325 0.2505 0.2505 0.2505 0.237 0.237 0.2405 0.2405 0.2135 0.2135 0.2135 0.2005 0.2005 0.2225 0.2225 0.1505 0.1505 0.1505 0.1225
0.1995 0.1995 0.2205 0.2205 0.218 0.218 0.316 0.316 0.316 0.18 0.18 0.1715 0.1715 0.1695 0.1695 0.162 0.162 0.162 0.151 0.151 0.1825 0.1825 0.193 0.193 0.193 0.2245 0.2245 0.234 0.234 0.2335 0.2335 0.2335 0.2325 0.2325 0.228 0.228 0.2135 0.2135 0.2135 0.2395 0.2395 0.1455 0.1455 0.1635 0.1635 0.1635 0.1715 0.1715 0.1175 0.1175 0.142 0.142 0.152 0.152 0.152 0.177 0.177 0.2015 0.2015 0.247 0.247 0.247 0.2435 0.2435 0.2425 0.2425 0.2465 0.2465 0.2465 0.2615 0.2615 0.2195 0.2195 0.1665 0.1665 0.1665 0.147
0.1995 0.1995 0.2205 0.2205 0.218 0.218 0.316 0.316 0.316 0.18 0.18 0.1715 0.1715 0.1695 0.1695 0.162 0.162 0.162 0.151 0.151 0.1825 0.1825 0.193 0.193 0.193 0.2245 0.2245 0.234 0.234 0.2335 0.2335 0.2335 0.2325 0.2325 0.228 0.228 0.2135 0.2135 0.2135 0.2395 0.2395 0.1455 0.1455 0.1635 0.1635 0.1635 0.1715 0.1715 0.1175 0.1175 0.142 0.142 0.152 0.152 0.152 0.177 0.177 0.2015 0.2015 0.247 0.247 0.247 0.2435 0.2435 0.2425 0.2425 0.2465 0.2465 0.2465 0.2615 0.2615 0.2195 0.2195 0.1665 0.1665 0.1665 0.147
0.196 0.196 0.2445 0.2445 0.372 0.372 0.305 0.305 0.305 0.3015 0.3015 0.269 0.269 0.272 0.272 0.303 0.303 0.303 0.224 0.224 0.1965 0.1965 0.193 0.193 0.193 0.196 0.196 0.273 0.273 0.236 0.236 0.236 0.2245 0.2245 0.217 0.217 0.2025 0.2025 0.2025 0.2205 0.2205 0.2025 0.2025 0.179 0.179 0.179 0.2215 0.2215 0.163 0.163 0.1565 0.1565 0.204 0.204 0.204 0.236 0.236 0.2485 0.2485 0.2955 0.2955 0.2955 0.26 0.26 0.2815 0.2815 0.3065 0.3065 0.3065 0.2935 0.2935 0.2355 0.2355 0.14 0.14 0.14 0.165
0.196 0.196 0.2445 0.2445 0.372 0.372 0.305 0.305 0.305 0.3015 0.3015 0.269 0.269 0.272 0.272 0.303 0.303 0.303 0.224 0.224 0.1965 0.1965 0.193 0.193 0.193 0.196 0.196 0.273 0.273 0.236 0.236 0.236 0.2245 0.2245 0.217 0.217 0.2025 0.2025 0.2025 0.2205 0.2205 0.2025 0.2025 0.179 0.179 0.179 0.2215 0.2215 0.163 0.163 0.1565 0.1565 0.204 0.204 0.204 0.236 0.236 0.2485 0.2485 0.2955 0.2955 0.2955 0.26 0.26 0.2815 0.2815 0.3065 0.3065 0.3065 0.2935 0.2935 0.2355 0.2355 0.14 0.14 0.14 0.165
0.196 0.196 0.2445 0.2445 0.372 0.372 0.305 0.305 0.305 0.3015 0.3015 0.269 0.269 0.272 0.272 0.303 0.303 0.303 0.224 0.224 0.1965 0.1965 0.193 0.193 0.193 0.196 0.196 0.273 0.273 0.236 0.236 0.236 0.2245 0.2245 0.217 0.217 0.2025 0.2025 0.2025 0.2205 0.2205 0.2025 0.2025 0.179 0.179 0.179 0.2215 0.2215 0.163 0.163 0.1565 0.1565 0.204 0.204 0.204 0.236 0.236 0.2485 0.2485 0.2955 0.2955 0.2955 0.26 0.26 0.2815 0.2815 0.3065 0.3065 0.3065 0.2935 0.2935 0.2355 0.2355 0.14 0.14 0.14 0.165
0.214 0.214 0.181 0.181 0.197 0.197 0.197 0.197 0.197 0.216 0.216 0.1945 0.1945 0.21 0.21 0.209 0.209 0.209 0.237 0.237 0.2465 0.2465 0.217 0.217 0.217 0.251 0.251 0.223 0.223 0.2565 0.2565 0.2565 0.228 0.228 0.2085 0.2085 0.177 0.177 0.177 0.21 0.21 0.2185 0.2185 0.1875 0.1875 0.1875 0.1645 0.1645 0.2155 0.2155 0.206 0.206 0.241 0.241 0.241 0.267 0.267 0.223 0.223 0.319 0.319 0.319 0.3495 0.3495 0.2965 0.2965 0.3035 0.3035 0.3035 0.27 0.27 0.227 0.227 0.2045 0.2045 0.2045 0.1805
