ndvi/NOAA-63.asc
ncols         252
nrows         154
xllcorner     -18.017974
yllcorner     13.481982
cellsize      0.035948
NODATA_value  -9999
[rows 102 to 135 of 154, columns 154 to 230 of 252]
0.227 0.209 0.209 0.1955 0.1955 0.1955 0.211 0.211 0.2135 0.2135 0.234 0.234 0.2395 0.2395 0.2395 0.2445 0.2445 0.242 0.242 0.255 0.255 0.255 0.2485 0.2485 0.2445 0.2445 0.249 0.249 0.249 0.2355 0.2355 0.249 0.249 0.246 0.246 0.246 0.2435 0.2435 0.2405 0.2405 0.2375 0.2375 0.2375 0.2435 0.2435 0.2315 0.2315 0.249 0.249 0.2515 0.2515 0.2515 0.2365 0.2365 0.238 0.238 0.221 0.221 0.221 0.2265 0.2265 0.2195 0.2195 0.2205 0.2205 0.2205 0.2185 0.2185 0.218 0.218 0.1945 0.1945 0.1945 0.2185 0.2185 0.223 0.223
0.216 0.2225 0.2225 0.2215 0.2215 0.2215 0.215 0.215 0.217 0.217 0.233 0.233 0.237 0.237 0.237 0.2335 0.2335 0.231 0.231 0.245 0.245 0.245 0.248 0.248 0.2535 0.2535 0.24 0.24 0.24 0.2515 0.2515 0.2575 0.2575 0.263 0.263 0.263 0.236 0.236 0.232 0.232 0.2355 0.2355 0.2355 0.244 0.244 0.24 0.24 0.2735 0.2735 0.2755 0.2755 0.2755 0.275 0.275 0.248 0.248 0.2435 0.2435 0.2435 0.225 0.225 0.2135 0.2135 0.227 0.227 0.227 0.242 0.242 0.244 0.244 0.2485 0.2485 0.2485 0.2225 0.2225 0.2175 0.2175
0.216 0.2225 0.2225 0.2215 0.2215 0.2215 0.215 0.215 0.217 0.217 0.233 0.233 0.237 0.237 0.237 0.2335 0.2335 0.231 0.231 0.245 0.245 0.245 0.248 0.248 0.2535 0.2535 0.24 0.24 0.24 0.2515 0.2515 0.2575 0.2575 0.263 0.263 0.263 0.236 0.236 0.232 0.232 0.2355 0.2355 0.2355 0.244 0.244 0.24 0.24 0.2735 0.2735 0.2755 0.2755 0.2755 0.275 0.275 0.248 0.248 0.2435 0.2435 0.2435 0.225 0.225 0.2135 0.2135 0.227 0.227 0.227 0.242 0.242 0.244 0.244 0.2485 0.2485 0.2485 0.2225 0.2225 0.2175 0.2175
0.216 0.2225 0.2225 0.2215 0.2215 0.2215 0.215 0.215 0.217 0.217 0.233 0.233 0.237 0.237 0.237 0.2335 0.2335 0.231 0.231 0.245 0.245 0.245 0.248 0.248 0.2535 0.2535 0.24 0.24 0.24 0.2515 0.2515 0.2575 0.2575 0.263 0.263 0.263 0.236 0.236 0.232 0.232 0.2355 0.2355 0.2355 0.244 0.244 0.24 0.24 0.2735 0.2735 0.2755 0.2755 0.2755 0.275 0.275 0.248 0.248 0.2435 0.2435 0.2435 0.225 0.225 0.2135 0.2135 0.227 0.227 0.227 0.242 0.242 0.244 0.244 0.2485 0.2485 0.2485 0.2225 0.2225 0.2175 0.2175
0.2365 0.24 0.24 0.228 0.228 0.228 0.2285 0.2285 0.226 0.226 0.2535 0.2535 0.238 0.238 0.238 0.238 0.238 0.2455 0.2455 0.2265 0.2265 0.2265 0.228 0.228 0.2435 0.2435 0.255 0.255 0.255 0.256 0.256 0.2655 0.2655 0.2695 0.2695 0.2695 0.2705 0.2705 0.251 0.251 0.26 0.26 0.26 0.262 0.262 0.25 0.25 0.2485 0.2485 0.272 0.272 0.272 0.25 0.25 0.28 0.28 0.28 0.28 0.28 0.2315 0.2315 0.2175 0.2175 0.214 0.214 0.214 0.2225 0.2225 0.239 0.239 0.2305 0.2305 0.2305 0.2435 0.2435 0.2355 0.2355
0.2365 0.24 0.24 0.228 0.228 0.228 0.2285 0.2285 0.226 0.226 0.2535 0.2535 0.238 0.238 0.238 0.238 0.238 0.2455 0.2455 0.2265 0.2265 0.2265 0.228 0.228 0.2435 0.2435 0.255 0.255 0.255 0.256 0.256 0.2655 0.2655 0.2695 0.2695 0.2695 0.2705 0.2705 0.251 0.251 0.26 0.26 0.26 0.262 0.262 0.25 0.25 0.2485 0.2485 0.272 0.272 0.272 0.25 0.25 0.28 0.28 0.28 0.28 0.28 0.2315 0.2315 0.2175 0.2175 0.214 0.214 0.214 0.2225 0.2225 0.239 0.239 0.2305 0.2305 0.2305 0.2435 0.2435 0.2355 0.2355
0.236 0.24 0.24 0.2395 0.2395 0.2395 0.2375 0.2375 0.2405 0.2405 0.24 0.24 0.2355 0.2355 0.2355 0.23 0.23 0.2215 0.2215 0.239 0.239 0.239 0.2405 0.2405 0.2375 0.2375 0.247 0.247 0.247 0.2565 0.2565 0.2675 0.2675 0.2785 0.2785 0.2785 0.267 0.267 0.2605 0.2605 0.268 0.268 0.268 0.2615 0.2615 0.265 0.265 0.267 0.267 0.2605 0.2605 0.2605 0.2645 0.2645 0.229 0.229 0.2295 0.2295 0.2295 0.2495 0.2495 0.242 0.242 0.236 0.236 0.236 0.2365 0.2365 0.2445 0.2445 0.237 0.237 0.237 0.2465 0.2465 0.248 0.248
0.236 0.24 0.24 0.2395 0.2395 0.2395 0.2375 0.2375 0.2405 0.2405 0.24 0.24 0.2355 0.2355 0.2355 0.23 0.23 0.2215 0.2215 0.239 0.239 0.239 0.2405 0.2405 0.2375 0.2375 0.247 0.247 0.247 0.2565 0.2565 0.2675 0.2675 0.2785 0.2785 0.2785 0.267 0.267 0.2605 0.2605 0.268 0.268 0.268 0.2615 0.2615 0.265 0.265 0.267 0.267 0.2605 0.2605 0.2605 0.2645 0.2645 0.229 0.229 0.2295 0.2295 0.2295 0.2495 0.2495 0.242 0.242 0.236 0.236 0.236 0.2365 0.2365 0.2445 0.2445 0.237 0.237 0.237 0.2465 0.2465 0.248 0.248
0.242 0.253 0.253 0.2655 0.2655 0.2655 0.2545 0.2545 0.2385 0.2385 0.2555 0.2555 0.251 0.251 0.251 0.2545 0.2545 0.2285 0.2285 0.2445 0.2445 0.2445 0.237 0.237 0.263 0.263 0.263 0.263 0.263 0.2495 0.2495 0.269 0.269 0.265 0.265 0.265 0.253 0.253 0.2665 0.2665 0.281 0.281 0.281 0.2675 0.2675 0.251 0.251 0.249 0.249 0.26 0.26 0.26 0.269 0.269 0.2565 0.2565 0.2635 0.2635 0.2635 0.261 0.261 0.2405 0.2405 0.2575 0.2575 0.2575 0.2525 0.2525 0.251 0.251 0.239 0.239 0.239 0.2555 0.2555 0.2645 0.2645
0.242 0.253 0.253 0.2655 0.2655 0.2655 0.2545 0.2545 0.2385 0.2385 0.2555 0.2555 0.251 0.251 0.251 0.2545 0.2545 0.2285 0.2285 0.2445 0.2445 0.2445 0.237 0.237 0.263 0.263 0.263 0.263 0.263 0.2495 0.2495 0.269 0.269 0.265 0.265 0.265 0.253 0.253 0.2665 0.2665 0.281 0.281 0.281 0.2675 0.2675 0.251 0.251 0.249 0.249 0.26 0.26 0.26 0.269 0.269 0.2565 0.2565 0.2635 0.2635 0.2635 0.261 0.261 0.2405 0.2405 0.2575 0.2575 0.2575 0.2525 0.2525 0.251 0.251 0.239 0.239 0.239 0.2555 0.2555 0.2645 0.2645
0.242 0.253 0.253 0.2655 0.2655 0.2655 0.2545 0.2545 0.2385 0.2385 0.2555 0.2555 0.251 0.251 0.251 0.2545 0.2545 0.2285 0.2285 0.2445 0.2445 0.2445 0.237 0.237 0.263 0.263 0.263 0.263 0.263 0.2495 0.2495 0.269 0.269 0.265 0.265 0.265 0.253 0.253 0.2665 0.2665 0.281 0.281 0.281 0.2675 0.2675 0.251 0.251 0.249 0.249 0.26 0.26 0.26 0.269 0.269 0.2565 0.2565 0.2635 0.2635 0.2635 0.261 0.261 0.2405 0.2405 0.2575 0.2575 0.2575 0.2525 0.2525 0.251 0.251 0.239 0.239 0.239 0.2555 0.2555 0.2645 0.2645
0.2625 0.244 0.244 0.247 0.247 0.247 0.2595 0.2595 0.2625 0.2625 0.2675 0.2675 0.2625 0.2625 0.2625 0.267 0.267 0.262 0.262 0.259 0.259 0.259 0.261 0.261 0.2705 0.2705 0.275 0.275 0.275 0.27 0.27 0.2715 0.2715 0.2735 0.2735 0.2735 0.264 0.264 0.24 0.24 0.2615 0.2615 0.2615 0.261 0.261 0.246 0.246 0.261 0.261 0.2415 0.2415 0.2415 0.276 0.276 0.262 0.262 0.2815 0.2815 0.2815 0.2875 0.2875 0.274 0.274 0.252 0.252 0.252 0.2645 0.2645 0.2565 0.2565 0.2585 0.2585 0.2585 0.257 0.257 0.27 0.27
0.2625 0.244 0.244 0.247 0.247 0.247 0.2595 0.2595 0.2625 0.2625 0.2675 0.2675 0.2625 0.2625 0.2625 0.267 0.267 0.262 0.262 0.259 0.259 0.259 0.261 0.261 0.2705 0.2705 0.275 0.275 0.275 0.27 0.27 0.2715 0.2715 0.2735 0.2735 0.2735 0.264 0.264 0.24 0.24 0.2615 0.2615 0.2615 0.261 0.261 0.246 0.246 0.261 0.261 0.2415 0.2415 0.2415 0.276 0.276 0.262 0.262 0.2815 0.2815 0.2815 0.2875 0.2875 0.274 0.274 0.252 0.252 0.252 0.2645 0.2645 0.2565 0.2565 0.2585 0.2585 0.2585 0.257 0.257 0.27 0.27
0.248 0.245 0.245 0.2305 0.2305 0.2305 0.2595 0.2595 0.261 0.261 0.2585 0.2585 0.261 0.261 0.261 0.2705 0.2705 0.27 0.27 0.262 0.262 0.262 0.285 0.285 0.273 0.273 0.282 0.282 0.282 0.267 0.267 0.274 0.274 0.2545 0.2545 0.2545 0.2275 0.2275 0.2195 0.2195 0.251 0.251 0.251 0.267 0.267 0.2685 0.2685 0.25 0.25 0.248 0.248 0.248 0.2835 0.2835 0.2625 0.2625 0.279 0.279 0.279 0.267 0.267 0.2605 0.2605 0.269 0.269 0.269 0.277 0.277 0.2705 0.2705 0.2595 0.2595 0.2595 0.2605 0.2605 0.2705 0.2705
0.248 0.245 0.245 0.2305 0.2305 0.2305 0.2595 0.2595 0.261 0.261 0.2585 0.2585 0.261 0.261 0.261 0.2705 0.2705 0.27 0.27 0.262 0.262 0.262 0.285 0.285 0.273 0.273 0.282 0.282 0.282 0.267 0.267 0.274 0.274 0.2545 0.2545 0.2545 0.2275 0.2275 0.2195 0.2195 0.251 0.251 0.251 0.267 0.267 0.2685 0.2685 0.25 0.25 0.248 0.248 0.248 0.2835 0.2835 0.2625 0.2625 0.279 0.279 0.279 0.267 0.267 0.2605 0.2605 0.269 0.269 0.269 0.277 0.277 0.2705 0.2705 0.2595 0.2595 0.2595 0.2605 0.2605 0.2705 0.2705
0.2575 0.262 0.262 0.2665 0.2665 0.2665 0.259 0.259 0.2495 0.2495 0.282 0.282 0.2975 0.2975 0.2975 0.289 0.289 0.2765 0.2765 0.274 0.274 0.274 0.28 0.28 0.2605 0.2605 0.2685 0.2685 0.2685 0.2455 0.2455 0.256 0.256 0.2555 0.2555 0.2555 0.2525 0.2525 0.2575 0.2575 0.266 0.266 0.266 0.266 0.266 0.251 0.251 0.2485 0.2485 0.2455 0.2455 0.2455 0.2775 0.2775 0.291 0.291 0.2805 0.2805 0.2805 0.274 0.274 0.296 0.296 0.2975 0.2975 0.2975 0.276 0.276 0.269 0.269 0.261 0.261 0.261 0.2575 0.2575 0.26 0.26
0.2575 0.262 0.262 0.2665 0.2665 0.2665 0.259 0.259 0.2495 0.2495 0.282 0.282 0.2975 0.2975 0.2975 0.289 0.289 0.2765 0.2765 0.274 0.274 0.274 0.28 0.28 0.2605 0.2605 0.2685 0.2685 0.2685 0.2455 0.2455 0.256 0.256 0.2555 0.2555 0.2555 0.2525 0.2525 0.2575 0.2575 0.266 0.266 0.266 0.266 0.266 0.251 0.251 0.2485 0.2485 0.2455 0.2455 0.2455 0.2775 0.2775 0.291 0.291 0.2805 0.2805 0.2805 0.274 0.274 0.296 0.296 0.2975 0.2975 0.2975 0.276 0.276 0.269 0.269 0.261 0.261 0.261 0.2575 0.2575 0.26 0.26
0.2575 0.262 0.262 0.2665 0.2665 0.2665 0.259 0.259 0.2495 0.2495 0.282 0.282 0.2975 0.2975 0.2975 0.289 0.289 0.2765 0.2765 0.274 0.274 0.274 0.28 0.28 0.2605 0.2605 0.2685 0.2685 0.2685 0.2455 0.2455 0.256 0.256 0.2555 0.2555 0.2555 0.2525 0.2525 0.2575 0.2575 0.266 0.266 0.266 0.266 0.266 0.251 0.251 0.2485 0.2485 0.2455 0.2455 0.2455 0.2775 0.2775 0.291 0.291 0.2805 0.2805 0.2805 0.274 0.274 0.296 0.296 0.2975 0.2975 0.2975 0.276 0.276 0.269 0.269 0.261 0.261 0.261 0.2575 0.2575 0.26 0.26
0.264 0.268 0.268 0.2855 0.2855 0.2855 0.269 0.269 0.2825 0.2825 0.29 0.29 0.2855 0.2855 0.2855 0.2715 0.2715 0.295 0.295 0.292 0.292 0.292 0.287 0.287 0.2705 0.2705 0.2595 0.2595 0.2595 0.261 0.261 0.228 0.228 0.2525 0.2525 0.2525 0.2755 0.2755 0.262 0.262 0.275 0.275 0.275 0.282 0.282 0.2725 0.2725 0.2435 0.2435 0.258 0.258 0.258 0.2595 0.2595 0.2655 0.2655 0.258 0.258 0.258 0.2725 0.2725 0.261 0.261 0.2755 0.2755 0.2755 0.2815 0.2815 0.292 0.292 0.2615 0.2615 0.2615 0.2635 0.2635 0.2675 0.2675
0.264 0.268 0.268 0.2855 0.2855 0.2855 0.269 0.269 0.2825 0.2825 0.29 0.29 0.2855 0.2855 0.2855 0.2715 0.2715 0.295 0.295 0.292 0.292 0.292 0.287 0.287 0.2705 0.2705 0.2595 0.2595 0.2595 0.261 0.261 0.228 0.228 0.2525 0.2525 0.2525 0.2755 0.2755 0.262 0.262 0.275 0.275 0.275 0.282 0.282 0.2725 0.2725 0.2435 0.2435 0.258 0.258 0.258 0.2595 0.2595 0.2655 0.2655 0.258 0.258 0.258 0.2725 0.2725 0.261 0.261 0.2755 0.2755 0.2755 0.2815 0.2815 0.292 0.292 0.2615 0.2615 0.2615 0.2635 0.2635 0.2675 0.2675
0.2855 0.2995 0.2995 0.2815 0.2815 0.2815 0.2675 0.2675 0.275 0.275 0.289 0.289 0.2805 0.2805 0.2805 0.2795 0.2795 0.302 0.302 0.297 0.297 0.297 0.2895 0.2895 0.2805 0.2805 0.261 0.261 0.261 0.259 0.259 0.2445 0.2445 0.258 0.258 0.258 0.268 0.268 0.2685 0.2685 0.286 0.286 0.286 0.262 0.262 0.2875 0.2875 0.2635 0.2635 0.2615 0.2615 0.2615 0.2985 0.2985 0.277 0.277 0.2995 0.2995 0.2995 0.2945 0.2945 0.271 0.271 0.2855 0.2855 0.2855 0.2625 0.2625 0.2505 0.2505 0.2625 0.2625 0.2625 0.283 0.283 0.273 0.273
0.2855 0.2995 0.2995 0.2815 0.2815 0.2815 0.2675 0.2675 0.275 0.275 0.289 0.289 0.2805 0.2805 0.2805 0.2795 0.2795 0.302 0.302 0.297 0.297 0.297 0.2895 0.2895 0.2805 0.2805 0.261 0.261 0.261 0.259 0.259 0.2445 0.2445 0.258 0.258 0.258 0.268 0.268 0.2685 0.2685 0.286 0.286 0.286 0.262 0.262 0.2875 0.2875 0.2635 0.2635 0.2615 0.2615 0.2615 0.2985 0.2985 0.277 0.277 0.2995 0.2995 0.2995 0.2945 0.2945 0.271 0.271 0.2855 0.2855 0.2855 0.2625 0.2625 0.2505 0.2505 0.2625 0.2625 0.2625 0.283 0.283 0.273 0.273
0.2975 0.312 0.312 0.298 0.298 0.298 0.2575 0.2575 0.283 0.283 0.29 0.29 0.284 0.284 0.284 0.2755 0.2755 0.286 0.286 0.279 0.279 0.279 0.2775 0.2775 0.288 0.288 0.2785 0.2785 0.2785 0.254 0.254 0.2515 0.2515 0.2415 0.2415 0.2415 0.266 0.266 0.26 0.26 0.2575 0.2575 0.2575 0.264 0.264 0.298 0.298 0.2855 0.2855 0.26 0.26 0.26 0.278 0.278 0.277 0.277 0.2935 0.2935 0.2935 0.2795 0.2795 0.2765 0.2765 0.2765 0.2765 0.2765 0.2595 0.2595 0.2695 0.2695 0.2605 0.2605 0.2605 0.2715 0.2715 0.283 0.283
0.2975 0.312 0.312 0.298 0.298 0.298 0.2575 0.2575 0.283 0.283 0.29 0.29 0.284 0.284 0.284 0.2755 0.2755 0.286 0.286 0.279 0.279 0.279 0.2775 0.2775 0.288 0.288 0.2785 0.2785 0.2785 0.254 0.254 0.2515 0.2515 0.2415 0.2415 0.2415 0.266 0.266 0.26 0.26 0.2575 0.2575 0.2575 0.264 0.264 0.298 0.298 0.2855 0.2855 0.26 0.26 0.26 0.278 0.278 0.277 0.277 0.2935 0.2935 0.2935 0.2795 0.2795 0.2765 0.2765 0.2765 0.2765 0.2765 0.2595 0.2595 0.2695 0.2695 0.2605 0.2605 0.2605 0.2715 0.2715 0.283 0.283
0.2915 0.2815 0.2815 0.2655 0.2655 0.2655 0.2595 0.2595 0.266 0.266 0.302 0.302 0.263 0.263 0.263 0.277 0.277 0.3035 0.3035 0.294 0.294 0.294 0.286 0.286 0.282 0.282 0.2865 0.2865 0.2865 0.2715 0.2715 0.2695 0.2695 0.2645 0.2645 0.2645 0.258 0.258 0.268 0.268 0.265 0.265 0.265 0.2685 0.2685 0.283 0.283 0.3005 0.3005 0.2735 0.2735 0.2735 0.266 0.266 0.2865 0.2865 0.2955 0.2955 0.2955 0.2925 0.2925 0.2845 0.2845 0.2785 0.2785 0.2785 0.276 0.276 0.273 0.273 0.261 0.261 0.261 0.2915 0.2915 0.287 0.287
0.2915 0.2815 0.2815 0.2655 0.2655 0.2655 0.2595 0.2595 0.266 0.266 0.302 0.302 0.263 0.263 0.263 0.277 0.277 0.3035 0.3035 0.294 0.294 0.294 0.286 0.286 0.282 0.282 0.2865 0.2865 0.2865 0.2715 0.2715 0.2695 0.2695 0.2645 0.2645 0.2645 0.258 0.258 0.268 0.268 0.265 0.265 0.265 0.2685 0.2685 0.283 0.283 0.3005 0.3005 0.2735 0.2735 0.2735 0.266 0.266 0.2865 0.2865 0.2955 0.2955 0.2955 0.2925 0.2925 0.2845 0.2845 0.2785 0.2785 0.2785 0.276 0.276 0.273 0.273 0.261 0.261 0.261 0.2915 0.2915 0.287 0.287
0.2915 0.2815 0.2815 0.2655 0.2655 0.2655 0.2595 0.2595 0.266 0.266 0.302 0.302 0.263 0.263 0.263 0.277 0.277 0.3035 0.3035 0.294 0.294 0.294 0.286 0.286 0.282 0.282 0.2865 0.2865 0.2865 0.2715 0.2715 0.2695 0.2695 0.2645 0.2645 0.2645 0.258 0.258 0.268 0.268 0.265 0.265 0.265 0.2685 0.2685 0.283 0.283 0.3005 0.3005 0.2735 0.2735 0.2735 0.266 0.266 0.2865 0.2865 0.2955 0.2955 0.2955 0.2925 0.2925 0.2845 0.2845 0.2785 0.2785 0.2785 0.276 0.276 0.273 0.273 0.261 0.261 0.261 0.2915 0.2915 0.287 0.287
0.282 0.288 0.288 0.263 0.263 0.263 0.27 0.27 0.26 0.26 0.291 0.291 0.2665 0.2665 0.2665 0.3035 0.3035 0.28 0.28 0.258 0.258 0.258 0.283 0.283 0.2695 0.2695 0.2855 0.2855 0.2855 0.2815 0.2815 0.2725 0.2725 0.265 0.265 0.265 0.2855 0.2855 0.2865 0.2865 0.2625 0.2625 0.2625 0.2565 0.2565 0.2995 0.2995 0.28 0.28 0.282 0.282 0.282 0.295 0.295 0.291 0.291 0.287 0.287 0.287 0.278 0.278 0.291 0.291 0.29 0.29 0.29 0.289 0.289 0.2755 0.2755 0.261 0.261 0.261 0.263 0.263 0.2575 0.2575
0.282 0.288 0.288 0.263 0.263 0.263 0.27 0.27 0.26 0.26 0.291 0.291 0.2665 0.2665 0.2665 0.3035 0.3035 0.28 0.28 0.258 0.258 0.258 0.283 0.283 0.2695 0.2695 0.2855 0.2855 0.2855 0.2815 0.2815 0.2725 0.2725 0.265 0.265 0.265 0.2855 0.2855 0.2865 0.2865 0.2625 0.2625 0.2625 0.2565 0.2565 0.2995 0.2995 0.28 0.28 0.282 0.282 0.282 0.295 0.295 0.291 0.291 0.287 0.287 0.287 0.278 0.278 0.291 0.291 0.29 0.29 0.29 0.289 0.289 0.2755 0.2755 0.261 0.261 0.261 0.263 0.263 0.2575 0.2575
0.287 0.2895 0.2895 0.275 0.275 0.275 0.2765 0.2765 0.269 0.269 0.2785 0.2785 0.2555 0.2555 0.2555 0.2685 0.2685 0.2765 0.2765 0.2765 0.2765 0.2765 0.2525 0.2525 0.274 0.274 0.288 0.288 0.288 0.3055 0.3055 0.2905 0.2905 0.26 0.26 0.26 0.273 0.273 0.272 0.272 0.2825 0.2825 0.2825 0.3 0.3 0.274 0.274 0.2865 0.2865 0.3215 0.3215 0.3215 0.281 0.281 0.313 0.313 0.336 0.336 0.336 0.3425 0.3425 0.304 0.304 0.294 0.294 0.294 0.2585 0.2585 0.257 0.257 0.2745 0.2745 0.2745 0.255 0.255 0.2685 0.2685
0.287 0.2895 0.2895 0.275 0.275 0.275 0.2765 0.2765 0.269 0.269 0.2785 0.2785 0.2555 0.2555 0.2555 0.2685 0.2685 0.2765 0.2765 0.2765 0.2765 0.2765 0.2525 0.2525 0.274 0.274 0.288 0.288 0.288 0.3055 0.3055 0.2905 0.2905 0.26 0.26 0.26 0.273 0.273 0.272 0.272 0.2825 0.2825 0.2825 0.3 0.3 0.274 0.274 0.2865 0.2865 0.3215 0.3215 0.3215 0.281 0.281 0.313 0.313 0.336 0.336 0.336 0.3425 0.3425 0.304 0.304 0.294 0.294 0.294 0.2585 0.2585 0.257 0.257 0.2745 0.2745 0.2745 0.255 0.255 0.2685 0.2685
0.2735 0.2685 0.2685 0.2585 0.2585 0.2585 0.2585 0.2585 0.245 0.245 0.2665 0.2665 0.28 0.28 0.28 0.2845 0.2845 0.255 0.255 0.273 0.273 0.273 0.2755 0.2755 0.2905 0.2905 0.309 0.309 0.309 0.277 0.277 0.29 0.29 0.2845 0.2845 0.2845 0.2805 0.2805 0.2635 0.2635 0.2775 0.2775 0.2775 0.2645 0.2645 0.296 0.296 0.262 0.262 0.2985 0.2985 0.2985 0.316 0.316 0.3525 0.3525 0.299 0.299 0.299 0.327 0.327 0.3175 0.3175 0.2955 0.2955 0.2955 0.306 0.306 0.275 0.275 0.26 0.26 0.26 0.2775 0.2775 0.2975 0.2975
0.2735 0.2685 0.2685 0.2585 0.2585 0.2585 0.2585 0.2585 0.245 0.245 0.2665 0.2665 0.28 0.28 0.28 0.2845 0.2845 0.255 0.255 0.273 0.273 0.273 0.2755 0.2755 0.2905 0.2905 0.309 0.309 0.309 0.277 0.277 0.29 0.29 0.2845 0.2845 0.2845 0.2805 0.2805 0.2635 0.2635 0.2775 0.2775 0.2775 0.2645 0.2645 0.296 0.296 0.262 0.262 0.2985 0.2985 0.2985 0.316 0.316 0.3525 0.3525 0.299 0.299 0.299 0.327 0.327 0.3175 0.3175 0.2955 0.2955 0.2955 0.306 0.306 0.275 0.275 0.26 0.26 0.26 0.2775 0.2775 0.2975 0.2975
0.2735 0.2685 0.2685 0.2585 0.2585 0.2585 0.2585 0.2585 0.245 0.245 0.2665 0.2665 0.28 0.28 0.28 0.2845 0.2845 0.255 0.255 0.273 0.273 0.273 0.2755 0.2755 0.2905 0.2905 0.309 0.309 0.309 0.277 0.277 0.29 0.29 0.2845 0.2845 0.2845 0.2805 0.2805 0.2635 0.2635 0.2775 0.2775 0.2775 0.2645 0.2645 0.296 0.296 0.262 0.262 0.2985 0.2985 0.2985 0.316 0.316 0.3525 0.3525 0.299 0.299 0.299 0.327 0.327 0.3175 0.3175 0.2955 0.2955 0.2955 0.306 0.306 0.275 0.275 0.26 0.26 0.26 0.2775 0.2775 0.2975 0.2975
