ndvi/NOAA-181.asc
ncols         252
nrows         154
xllcorner     -18.017974
yllcorner     13.481982
cellsize      0.035948
NODATA_value  -9999
[rows 68 to 101 of 154, columns 154 to 230 of 252]
0.1365 0.1385 0.1385 0.129 0.129 0.129 0.1325 0.1325 0.1375 0.1375 0.1885 0.1885 0.1995 0.1995 0.1995 0.221 0.221 0.218 0.218 0.2395 0.2395 0.2395 0.2195 0.2195 0.208 0.208 0.203 0.203 0.203 0.215 0.215 0.2125 0.2125 0.2105 0.2105 0.2105 0.2065 0.2065 0.2055 0.2055 0.207 0.207 0.207 0.211 0.211 0.215 0.215 0.1995 0.1995 0.2025 0.2025 0.2025 0.2065 0.2065 0.2075 0.2075 0.2135 0.2135 0.2135 0.2295 0.2295 0.2075 0.2075 0.199 0.199 0.199 0.188 0.188 0.206 0.206 0.2075 0.2075 0.2075 0.2005 0.2005 0.2065 0.2065
0.141 0.149 0.149 0.153 0.153 0.153 0.1595 0.1595 0.1645 0.1645 0.16 0.16 0.215 0.215 0.215 0.2105 0.2105 0.207 0.207 0.212 0.212 0.212 0.211 0.211 0.2195 0.2195 0.2115 0.2115 0.2115 0.206 0.206 0.205 0.205 0.2075 0.2075 0.2075 0.2005 0.2005 0.222 0.222 0.2125 0.2125 0.2125 0.2025 0.2025 0.204 0.204 0.2055 0.2055 0.202 0.202 0.202 0.2105 0.2105 0.218 0.218 0.2125 0.2125 0.2125 0.2115 0.2115 0.2145 0.2145 0.1985 0.1985 0.1985 0.1895 0.1895 0.204 0.204 0.2085 0.2085 0.2085 0.2095 0.2095 0.1965 0.1965
0.141 0.149 0.149 0.153 0.153 0.153 0.1595 0.1595 0.1645 0.1645 0.16 0.16 0.215 0.215 0.215 0.2105 0.2105 0.207 0.207 0.212 0.212 0.212 0.211 0.211 0.2195 0.2195 0.2115 0.2115 0.2115 0.206 0.206 0.205 0.205 0.2075 0.2075 0.2075 0.2005 0.2005 0.222 0.222 0.2125 0.2125 0.2125 0.2025 0.2025 0.204 0.204 0.2055 0.2055 0.202 0.202 0.202 0.2105 0.2105 0.218 0.218 0.2125 0.2125 0.2125 0.2115 0.2115 0.2145 0.2145 0.1985 0.1985 0.1985 0.1895 0.1895 0.204 0.204 0.2085 0.2085 0.2085 0.2095 0.2095 0.1965 0.1965
0.167 0.1705 0.1705 0.171 0.171 0.171 0.166 0.166 0.171 0.171 0.169 0.169 0.2035 0.2035 0.2035 0.2155 0.2155 0.2185 0.2185 0.2055 0.2055 0.2055 0.2075 0.2075 0.206 0.206 0.21 0.21 0.21 0.2215 0.2215 0.2155 0.2155 0.2135 0.2135 0.2135 0.217 0.217 0.2035 0.2035 0.207 0.207 0.207 0.2075 0.2075 0.215 0.215 0.2035 0.2035 0.213 0.213 0.213 0.213 0.213 0.2155 0.2155 0.219 0.219 0.219 0.2275 0.2275 0.23 0.23 0.222 0.222 0.222 0.204 0.204 0.2025 0.2025 0.197 0.197 0.197 0.2075 0.2075 0.225 0.225
0.167 0.1705 0.1705 0.171 0.171 0.171 0.166 0.166 0.171 0.171 0.169 0.169 0.2035 0.2035 0.2035 0.2155 0.2155 0.2185 0.2185 0.2055 0.2055 0.2055 0.2075 0.2075 0.206 0.206 0.21 0.21 0.21 0.2215 0.2215 0.2155 0.2155 0.2135 0.2135 0.2135 0.217 0.217 0.2035 0.2035 0.207 0.207 0.207 0.2075 0.2075 0.215 0.215 0.2035 0.2035 0.213 0.213 0.213 0.213 0.213 0.2155 0.2155 0.219 0.219 0.219 0.2275 0.2275 0.23 0.23 0.222 0.222 0.222 0.204 0.204 0.2025 0.2025 0.197 0.197 0.197 0.2075 0.2075 0.225 0.225
0.167 0.1705 0.1705 0.171 0.171 0.171 0.166 0.166 0.171 0.171 0.169 0.169 0.2035 0.2035 0.2035 0.2155 0.2155 0.2185 0.2185 0.2055 0.2055 0.2055 0.2075 0.2075 0.206 0.206 0.21 0.21 0.21 0.2215 0.2215 0.2155 0.2155 0.2135 0.2135 0.2135 0.217 0.217 0.2035 0.2035 0.207 0.207 0.207 0.2075 0.2075 0.215 0.215 0.2035 0.2035 0.213 0.213 0.213 0.213 0.213 0.2155 0.2155 0.219 0.219 0.219 0.2275 0.2275 0.23 0.23 0.222 0.222 0.222 0.204 0.204 0.2025 0.2025 0.197 0.197 0.197 0.2075 0.2075 0.225 0.225
0.1635 0.1765 0.1765 0.173 0.173 0.173 0.172 0.172 0.1695 0.1695 0.1775 0.1775 0.2045 0.2045 0.2045 0.2055 0.2055 0.1925 0.1925 0.214 0.214 0.214 0.199 0.199 0.2075 0.2075 0.2255 0.2255 0.2255 0.2215 0.2215 0.229 0.229 0.207 0.207 0.207 0.2135 0.2135 0.213 0.213 0.224 0.224 0.224 0.2265 0.2265 0.2185 0.2185 0.2175 0.2175 0.216 0.216 0.216 0.221 0.221 0.214 0.214 0.2065 0.2065 0.2065 0.216 0.216 0.215 0.215 0.224 0.224 0.224 0.2265 0.2265 0.1965 0.1965 0.206 0.206 0.206 0.2125 0.2125 0.2225 0.2225
0.1635 0.1765 0.1765 0.173 0.173 0.173 0.172 0.172 0.1695 0.1695 0.1775 0.1775 0.2045 0.2045 0.2045 0.2055 0.2055 0.1925 0.1925 0.214 0.214 0.214 0.199 0.199 0.2075 0.2075 0.2255 0.2255 0.2255 0.2215 0.2215 0.229 0.229 0.207 0.207 0.207 0.2135 0.2135 0.213 0.213 0.224 0.224 0.224 0.2265 0.2265 0.2185 0.2185 0.2175 0.2175 0.216 0.216 0.216 0.221 0.221 0.214 0.214 0.2065 0.2065 0.2065 0.216 0.216 0.215 0.215 0.224 0.224 0.224 0.2265 0.2265 0.1965 0.1965 0.206 0.206 0.206 0.2125 0.2125 0.2225 0.2225
0.154 0.1795 0.1795 0.1845 0.1845 0.1845 0.1635 0.1635 0.163 0.163 0.1785 0.1785 0.195 0.195 0.195 0.2145 0.2145 0.2025 0.2025 0.221 0.221 0.221 0.2115 0.2115 0.231 0.231 0.225 0.225 0.225 0.227 0.227 0.224 0.224 0.226 0.226 0.226 0.2165 0.2165 0.2305 0.2305 0.2335 0.2335 0.2335 0.231 0.231 0.24 0.24 0.2165 0.2165 0.2285 0.2285 0.2285 0.2255 0.2255 0.2015 0.2015 0.2165 0.2165 0.2165 0.211 0.211 0.2155 0.2155 0.2235 0.2235 0.2235 0.219 0.219 0.209 0.209 0.211 0.211 0.211 0.2105 0.2105 0.2165 0.2165
0.154 0.1795 0.1795 0.1845 0.1845 0.1845 0.1635 0.1635 0.163 0.163 0.1785 0.1785 0.195 0.195 0.195 0.2145 0.2145 0.2025 0.2025 0.221 0.221 0.221 0.2115 0.2115 0.231 0.231 0.225 0.225 0.225 0.227 0.227 0.224 0.224 0.226 0.226 0.226 0.2165 0.2165 0.2305 0.2305 0.2335 0.2335 0.2335 0.231 0.231 0.24 0.24 0.2165 0.2165 0.2285 0.2285 0.2285 0.2255 0.2255 0.2015 0.2015 0.2165 0.2165 0.2165 0.211 0.211 0.2155 0.2155 0.2235 0.2235 0.2235 0.219 0.219 0.209 0.209 0.211 0.211 0.211 0.2105 0.2105 0.2165 0.2165
0.139 0.148 0.148 0.157 0.157 0.157 0.153 0.153 0.157 0.157 0.1705 0.1705 0.1905 0.1905 0.1905 0.203 0.203 0.204 0.204 0.1975 0.1975 0.1975 0.2025 0.2025 0.2145 0.2145 0.2265 0.2265 0.2265 0.21 0.21 0.2165 0.2165 0.2145 0.2145 0.2145 0.218 0.218 0.224 0.224 0.2225 0.2225 0.2225 0.2255 0.2255 0.227 0.227 0.2095 0.2095 0.225 0.225 0.225 0.221 0.221 0.2245 0.2245 0.2265 0.2265 0.2265 0.2335 0.2335 0.2365 0.2365 0.2355 0.2355 0.2355 0.242 0.242 0.2245 0.2245 0.2255 0.2255 0.2255 0.213 0.213 0.2175 0.2175
0.139 0.148 0.148 0.157 0.157 0.157 0.153 0.153 0.157 0.157 0.1705 0.1705 0.1905 0.1905 0.1905 0.203 0.203 0.204 0.204 0.1975 0.1975 0.1975 0.2025 0.2025 0.2145 0.2145 0.2265 0.2265 0.2265 0.21 0.21 0.2165 0.2165 0.2145 0.2145 0.2145 0.218 0.218 0.224 0.224 0.2225 0.2225 0.2225 0.2255 0.2255 0.227 0.227 0.2095 0.2095 0.225 0.225 0.225 0.221 0.221 0.2245 0.2245 0.2265 0.2265 0.2265 0.2335 0.2335 0.2365 0.2365 0.2355 0.2355 0.2355 0.242 0.242 0.2245 0.2245 0.2255 0.2255 0.2255 0.213 0.213 0.2175 0.2175
0.1305 0.1405 0.1405 0.1635 0.1635 0.1635 0.1515 0.1515 0.153 0.153 0.153 0.153 0.1855 0.1855 0.1855 0.2115 0.2115 0.2195 0.2195 0.213 0.213 0.213 0.204 0.204 0.2195 0.2195 0.2175 0.2175 0.2175 0.222 0.222 0.2275 0.2275 0.2195 0.2195 0.2195 0.222 0.222 0.224 0.224 0.223 0.223 0.223 0.2185 0.2185 0.2175 0.2175 0.219 0.219 0.217 0.217 0.217 0.218 0.218 0.243 0.243 0.234 0.234 0.234 0.246 0.246 0.2465 0.2465 0.2355 0.2355 0.2355 0.231 0.231 0.2325 0.2325 0.219 0.219 0.219 0.229 0.229 0.2205 0.2205
0.1305 0.1405 0.1405 0.1635 0.1635 0.1635 0.1515 0.1515 0.153 0.153 0.153 0.153 0.1855 0.1855 0.1855 0.2115 0.2115 0.2195 0.2195 0.213 0.213 0.213 0.204 0.204 0.2195 0.2195 0.2175 0.2175 0.2175 0.222 0.222 0.2275 0.2275 0.2195 0.2195 0.2195 0.222 0.222 0.224 0.224 0.223 0.223 0.223 0.2185 0.2185 0.2175 0.2175 0.219 0.219 0.217 0.217 0.217 0.218 0.218 0.243 0.243 0.234 0.234 0.234 0.246 0.246 0.2465 0.2465 0.2355 0.2355 0.2355 0.231 0.231 0.2325 0.2325 0.219 0.219 0.219 0.229 0.229 0.2205 0.2205
0.1305 0.1405 0.1405 0.1635 0.1635 0.1635 0.1515 0.1515 0.153 0.153 0.153 0.153 0.1855 0.1855 0.1855 0.2115 0.2115 0.2195 0.2195 0.213 0.213 0.213 0.204 0.204 0.2195 0.2195 0.2175 0.2175 0.2175 0.222 0.222 0.2275 0.2275 0.2195 0.2195 0.2195 0.222 0.222 0.224 0.224 0.223 0.223 0.223 0.2185 0.2185 0.2175 0.2175 0.219 0.219 0.217 0.217 0.217 0.218 0.218 0.243 0.243 0.234 0.234 0.234 0.246 0.246 0.2465 0.2465 0.2355 0.2355 0.2355 0.231 0.231 0.2325 0.2325 0.219 0.219 0.219 0.229 0.229 0.2205 0.2205
0.146 0.155 0.155 0.1565 0.1565 0.1565 0.136 0.136 0.1475 0.1475 0.2065 0.2065 0.2005 0.2005 0.2005 0.212 0.212 0.2315 0.2315 0.2405 0.2405 0.2405 0.216 0.216 0.2155 0.2155 0.224 0.224 0.224 0.2245 0.2245 0.211 0.211 0.2095 0.2095 0.2095 0.2155 0.2155 0.231 0.231 0.2275 0.2275 0.2275 0.2205 0.2205 0.2285 0.2285 0.2285 0.2285 0.231 0.231 0.231 0.2465 0.2465 0.242 0.242 0.234 0.234 0.234 0.23 0.23 0.2415 0.2415 0.2295 0.2295 0.2295 0.2285 0.2285 0.2355 0.2355 0.235 0.235 0.235 0.2415 0.2415 0.238 0.238
0.146 0.155 0.155 0.1565 0.1565 0.1565 0.136 0.136 0.1475 0.1475 0.2065 0.2065 0.2005 0.2005 0.2005 0.212 0.212 0.2315 0.2315 0.2405 0.2405 0.2405 0.216 0.216 0.2155 0.2155 0.224 0.224 0.224 0.2245 0.2245 0.211 0.211 0.2095 0.2095 0.2095 0.2155 0.2155 0.231 0.231 0.2275 0.2275 0.2275 0.2205 0.2205 0.2285 0.2285 0.2285 0.2285 0.231 0.231 0.231 0.2465 0.2465 0.242 0.242 0.234 0.234 0.234 0.23 0.23 0.2415 0.2415 0.2295 0.2295 0.2295 0.2285 0.2285 0.2355 0.2355 0.235 0.235 0.235 0.2415 0.2415 0.238 0.238
0.1475 0.1565 0.1565 0.1625 0.1625 0.1625 0.1415 0.1415 0.1845 0.1845 0.217 0.217 0.2155 0.2155 0.2155 0.22 0.22 0.2405 0.2405 0.2565 0.2565 0.2565 0.2465 0.2465 0.236 0.236 0.2175 0.2175 0.2175 0.221 0.221 0.219 0.219 0.214 0.214 0.214 0.2205 0.2205 0.2235 0.2235 0.239 0.239 0.239 0.2385 0.2385 0.245 0.245 0.237 0.237 0.2385 0.2385 0.2385 0.2265 0.2265 0.2505 0.2505 0.2445 0.2445 0.2445 0.2325 0.2325 0.234 0.234 0.24 0.24 0.24 0.2455 0.2455 0.253 0.253 0.244 0.244 0.244 0.2485 0.2485 0.2435 0.2435
0.1475 0.1565 0.1565 0.1625 0.1625 0.1625 0.1415 0.1415 0.1845 0.1845 0.217 0.217 0.2155 0.2155 0.2155 0.22 0.22 0.2405 0.2405 0.2565 0.2565 0.2565 0.2465 0.2465 0.236 0.236 0.2175 0.2175 0.2175 0.221 0.221 0.219 0.219 0.214 0.214 0.214 0.2205 0.2205 0.2235 0.2235 0.239 0.239 0.239 0.2385 0.2385 0.245 0.245 0.237 0.237 0.2385 0.2385 0.2385 0.2265 0.2265 0.2505 0.2505 0.2445 0.2445 0.2445 0.2325 0.2325 0.234 0.234 0.24 0.24 0.24 0.2455 0.2455 0.253 0.253 0.244 0.244 0.244 0.2485 0.2485 0.2435 0.2435
0.179 0.1865 0.1865 0.1725 0.1725 0.1725 0.151 0.151 0.1785 0.1785 0.2295 0.2295 0.2255 0.2255 0.2255 0.2295 0.2295 0.2375 0.2375 0.2495 0.2495 0.2495 0.255 0.255 0.2435 0.2435 0.251 0.251 0.251 0.23 0.23 0.2095 0.2095 0.219 0.219 0.219 0.208 0.208 0.2235 0.2235 0.2365 0.2365 0.2365 0.2505 0.2505 0.244 0.244 0.244 0.244 0.243 0.243 0.243 0.2415 0.2415 0.231 0.231 0.2225 0.2225 0.2225 0.226 0.226 0.226 0.226 0.2375 0.2375 0.2375 0.244 0.244 0.249 0.249 0.2475 0.2475 0.2475 0.251 0.251 0.241 0.241
0.179 0.1865 0.1865 0.1725 0.1725 0.1725 0.151 0.151 0.1785 0.1785 0.2295 0.2295 0.2255 0.2255 0.2255 0.2295 0.2295 0.2375 0.2375 0.2495 0.2495 0.2495 0.255 0.255 0.2435 0.2435 0.251 0.251 0.251 0.23 0.23 0.2095 0.2095 0.219 0.219 0.219 0.208 0.208 0.2235 0.2235 0.2365 0.2365 0.2365 0.2505 0.2505 0.244 0.244 0.244 0.244 0.243 0.243 0.243 0.2415 0.2415 0.231 0.231 0.2225 0.2225 0.2225 0.226 0.226 0.226 0.226 0.2375 0.2375 0.2375 0.244 0.244 0.249 0.249 0.2475 0.2475 0.2475 0.251 0.251 0.241 0.241
0.179 0.1865 0.1865 0.1725 0.1725 0.1725 0.151 0.151 0.1785 0.1785 0.2295 0.2295 0.2255 0.2255 0.2255 0.2295 0.2295 0.2375 0.2375 0.2495 0.2495 0.2495 0.255 0.255 0.2435 0.2435 0.251 0.251 0.251 0.23 0.23 0.2095 0.2095 0.219 0.219 0.219 0.208 0.208 0.2235 0.2235 0.2365 0.2365 0.2365 0.2505 0.2505 0.244 0.244 0.244 0.244 0.243 0.243 0.243 0.2415 0.2415 0.231 0.231 0.2225 0.2225 0.2225 0.226 0.226 0.226 0.226 0.2375 0.2375 0.2375 0.244 0.244 0.249 0.249 0.2475 0.2475 0.2475 0.251 0.251 0.241 0.241
0.176 0.18 0.18 0.184 0.184 0.184 0.182 0.182 0.204 0.204 0.229 0.229 0.241 0.241 0.241 0.239 0.239 0.246 0.246 0.245 0.245 0.245 0.2425 0.2425 0.2435 0.2435 0.2415 0.2415 0.2415 0.2175 0.2175 0.222 0.222 0.2275 0.2275 0.2275 0.2415 0.2415 0.238 0.238 0.2385 0.2385 0.2385 0.2455 0.2455 0.2535 0.2535 0.2465 0.2465 0.2395 0.2395 0.2395 0.237 0.237 0.229 0.229 0.2385 0.2385 0.2385 0.2225 0.2225 0.229 0.229 0.2215 0.2215 0.2215 0.2415 0.2415 0.248 0.248 0.248 0.248 0.248 0.265 0.265 0.2555 0.2555
0.176 0.18 0.18 0.184 0.184 0.184 0.182 0.182 0.204 0.204 0.229 0.229 0.241 0.241 0.241 0.239 0.239 0.246 0.246 0.245 0.245 0.245 0.2425 0.2425 0.2435 0.2435 0.2415 0.2415 0.2415 0.2175 0.2175 0.222 0.222 0.2275 0.2275 0.2275 0.2415 0.2415 0.238 0.238 0.2385 0.2385 0.2385 0.2455 0.2455 0.2535 0.2535 0.2465 0.2465 0.2395 0.2395 0.2395 0.237 0.237 0.229 0.229 0.2385 0.2385 0.2385 0.2225 0.2225 0.229 0.229 0.2215 0.2215 0.2215 0.2415 0.2415 0.248 0.248 0.248 0.248 0.248 0.265 0.265 0.2555 0.2555
0.218 0.1845 0.1845 0.1685 0.1685 0.1685 0.187 0.187 0.201 0.201 0.219 0.219 0.2305 0.2305 0.2305 0.241 0.241 0.248 0.248 0.252 0.252 0.252 0.26 0.26 0.275 0.275 0.2265 0.2265 0.2265 0.2145 0.2145 0.222 0.222 0.2295 0.2295 0.2295 0.261 0.261 0.2515 0.2515 0.248 0.248 0.248 0.2565 0.2565 0.244 0.244 0.246 0.246 0.24 0.24 0.24 0.2355 0.2355 0.233 0.233 0.2275 0.2275 0.2275 0.2325 0.2325 0.226 0.226 0.252 0.252 0.252 0.2615 0.2615 0.2615 0.2615 0.266 0.266 0.266 0.2725 0.2725 0.269 0.269
0.218 0.1845 0.1845 0.1685 0.1685 0.1685 0.187 0.187 0.201 0.201 0.219 0.219 0.2305 0.2305 0.2305 0.241 0.241 0.248 0.248 0.252 0.252 0.252 0.26 0.26 0.275 0.275 0.2265 0.2265 0.2265 0.2145 0.2145 0.222 0.222 0.2295 0.2295 0.2295 0.261 0.261 0.2515 0.2515 0.248 0.248 0.248 0.2565 0.2565 0.244 0.244 0.246 0.246 0.24 0.24 0.24 0.2355 0.2355 0.233 0.233 0.2275 0.2275 0.2275 0.2325 0.2325 0.226 0.226 0.252 0.252 0.252 0.2615 0.2615 0.2615 0.2615 0.266 0.266 0.266 0.2725 0.2725 0.269 0.269
0.1955 0.1765 0.1765 0.204 0.204 0.204 0.207 0.207 0.225 0.225 0.2185 0.2185 0.238 0.238 0.238 0.238 0.238 0.2395 0.2395 0.2385 0.2385 0.2385 0.2365 0.2365 0.222 0.222 0.2255 0.2255 0.2255 0.237 0.237 0.2445 0.2445 0.2615 0.2615 0.2615 0.2605 0.2605 0.264 0.264 0.262 0.262 0.262 0.2715 0.2715 0.269 0.269 0.2615 0.2615 0.2425 0.2425 0.2425 0.236 0.236 0.2245 0.2245 0.2265 0.2265 0.2265 0.235 0.235 0.24 0.24 0.251 0.251 0.251 0.258 0.258 0.2565 0.2565 0.2615 0.2615 0.2615 0.259 0.259 0.28 0.28
0.1955 0.1765 0.1765 0.204 0.204 0.204 0.207 0.207 0.225 0.225 0.2185 0.2185 0.238 0.238 0.238 0.238 0.238 0.2395 0.2395 0.2385 0.2385 0.2385 0.2365 0.2365 0.222 0.222 0.2255 0.2255 0.2255 0.237 0.237 0.2445 0.2445 0.2615 0.2615 0.2615 0.2605 0.2605 0.264 0.264 0.262 0.262 0.262 0.2715 0.2715 0.269 0.269 0.2615 0.2615 0.2425 0.2425 0.2425 0.236 0.236 0.2245 0.2245 0.2265 0.2265 0.2265 0.235 0.235 0.24 0.24 0.251 0.251 0.251 0.258 0.258 0.2565 0.2565 0.2615 0.2615 0.2615 0.259 0.259 0.28 0.28
0.1955 0.1765 0.1765 0.204 0.204 0.204 0.207 0.207 0.225 0.225 0.2185 0.2185 0.238 0.238 0.238 0.238 0.238 0.2395 0.2395 0.2385 0.2385 0.2385 0.2365 0.2365 0.222 0.222 0.2255 0.2255 0.2255 0.237 0.237 0.2445 0.2445 0.2615 0.2615 0.2615 0.2605 0.2605 0.264 0.264 0.262 0.262 0.262 0.2715 0.2715 0.269 0.269 0.2615 0.2615 0.2425 0.2425 0.2425 0.236 0.236 0.2245 0.2245 0.2265 0.2265 0.2265 0.235 0.235 0.24 0.24 0.251 0.251 0.251 0.258 0.258 0.2565 0.2565 0.2615 0.2615 0.2615 0.259 0.259 0.28 0.28
0.2285 0.202 0.202 0.2175 0.2175 0.2175 0.216 0.216 0.2175 0.2175 0.2105 0.2105 0.219 0.219 0.219 0.229 0.229 0.23 0.23 0.2575 0.2575 0.2575 0.248 0.248 0.2215 0.2215 0.2525 0.2525 0.2525 0.2375 0.2375 0.2415 0.2415 0.26 0.26 0.26 0.2485 0.2485 0.263 0.263 0.2675 0.2675 0.2675 0.268 0.268 0.2685 0.2685 0.255 0.255 0.2385 0.2385 0.2385 0.2515 0.2515 0.215 0.215 0.225 0.225 0.225 0.2505 0.2505 0.245 0.245 0.2455 0.2455 0.2455 0.238 0.238 0.244 0.244 0.2515 0.2515 0.2515 0.2545 0.2545 0.2815 0.2815
0.2285 0.202 0.202 0.2175 0.2175 0.2175 0.216 0.216 0.2175 0.2175 0.2105 0.2105 0.219 0.219 0.219 0.229 0.229 0.23 0.23 0.2575 0.2575 0.2575 0.248 0.248 0.2215 0.2215 0.2525 0.2525 0.2525 0.2375 0.2375 0.2415 0.2415 0.26 0.26 0.26 0.2485 0.2485 0.263 0.263 0.2675 0.2675 0.2675 0.268 0.268 0.2685 0.2685 0.255 0.255 0.2385 0.2385 0.2385 0.2515 0.2515 0.215 0.215 0.225 0.225 0.225 0.2505 0.2505 0.245 0.245 0.2455 0.2455 0.2455 0.238 0.238 0.244 0.244 0.2515 0.2515 0.2515 0.2545 0.2545 0.2815 0.2815
0.227 0.207 0.207 0.2195 0.2195 0.2195 0.203 0.203 0.224 0.224 0.224 0.224 0.2225 0.2225 0.2225 0.211 0.211 0.25 0.25 0.267 0.267 0.267 0.241 0.241 0.2275 0.2275 0.226 0.226 0.226 0.231 0.231 0.2435 0.2435 0.2595 0.2595 0.2595 0.2505 0.2505 0.2535 0.2535 0.2615 0.2615 0.2615 0.272 0.272 0.2585 0.2585 0.2505 0.2505 0.2575 0.2575 0.2575 0.2355 0.2355 0.243 0.243 0.2255 0.2255 0.2255 0.218 0.218 0.2275 0.2275 0.2245 0.2245 0.2245 0.214 0.214 0.231 0.231 0.2375 0.2375 0.2375 0.2495 0.2495 0.273 0.273
0.227 0.207 0.207 0.2195 0.2195 0.2195 0.203 0.203 0.224 0.224 0.224 0.224 0.2225 0.2225 0.2225 0.211 0.211 0.25 0.25 0.267 0.267 0.267 0.241 0.241 0.2275 0.2275 0.226 0.226 0.226 0.231 0.231 0.2435 0.2435 0.2595 0.2595 0.2595 0.2505 0.2505 0.2535 0.2535 0.2615 0.2615 0.2615 0.272 0.272 0.2585 0.2585 0.2505 0.2505 0.2575 0.2575 0.2575 0.2355 0.2355 0.243 0.243 0.2255 0.2255 0.2255 0.218 0.218 0.2275 0.2275 0.2245 0.2245 0.2245 0.214 0.214 0.231 0.231 0.2375 0.2375 0.2375 0.2495 0.2495 0.273 0.273
0.2335 0.2135 0.2135 0.2325 0.2325 0.2325 0.211 0.211 0.2285 0.2285 0.2425 0.2425 0.2465 0.2465 0.2465 0.2355 0.2355 0.253 0.253 0.2575 0.2575 0.2575 0.239 0.239 0.2325 0.2325 0.24 0.24 0.24 0.2465 0.2465 0.2395 0.2395 0.2495 0.2495 0.2495 0.223 0.223 0.239 0.239 0.2495 0.2495 0.2495 0.261 0.261 0.2505 0.2505 0.2485 0.2485 0.2475 0.2475 0.2475 0.239 0.239 0.2285 0.2285 0.2115 0.2115 0.2115 0.2265 0.2265 0.2225 0.2225 0.2295 0.2295 0.2295 0.2195 0.2195 0.2285 0.2285 0.2245 0.2245 0.2245 0.2365 0.2365 0.225 0.225
