ndvi/NOAA-166.asc
ncols         252
nrows         154
xllcorner     -18.017974
yllcorner     13.481982
cellsize      0.035948
NODATA_value  -9999
[rows 0 to 33 of 154, columns 154 to 230 of 252]
0.0865 0.0855 0.0855 0.0865 0.0865 0.0865 0.0925 0.0925 0.0925 0.0925 0.0925 0.0925 0.0935 0.0935 0.0935 0.0995 0.0995 0.0905 0.0905 0.097 0.097 0.097 0.0935 0.0935 0.09450001 0.09450001 0.094 0.094 0.094 0.09100001 0.09100001 0.0935 0.0935 0.088 0.088 0.088 0.0875 0.0875 0.088 0.088 0.0865 0.0865 0.0865 0.09100001 0.09100001 0.0875 0.0875 0.098 0.098 0.1025 0.1025 0.1025 0.102 0.102 0.1015 0.1015 0.098 0.098 0.098 0.099 0.099 0.097 0.097 0.088 0.088 0.088 0.094 0.094 0.0895 0.0895 0.09 0.09 0.09 0.0825 0.0825 0.079 0.079
0.0865 0.0855 0.0855 0.0865 0.0865 0.0865 0.0925 0.0925 0.0925 0.0925 0.0925 0.0925 0.0935 0.0935 0.0935 0.0995 0.0995 0.0905 0.0905 0.097 0.097 0.097 0.0935 0.0935 0.09450001 0.09450001 0.094 0.094 0.094 0.09100001 0.09100001 0.0935 0.0935 0.088 0.088 0.088 0.0875 0.0875 0.088 0.088 0.0865 0.0865 0.0865 0.09100001 0.09100001 0.0875 0.0875 0.098 0.098 0.1025 0.1025 0.1025 0.102 0.102 0.1015 0.1015 0.098 0.098 0.098 0.099 0.099 0.097 0.097 0.088 0.088 0.088 0.094 0.094 0.0895 0.0895 0.09 0.09 0.09 0.0825 0.0825 0.079 0.079
0.0935 0.08050001 0.08050001 0.091 0.091 0.091 0.0965 0.0965 0.09999999 0.09999999 0.0955 0.0955 0.09649999 0.09649999 0.09649999 0.096 0.096 0.0955 0.0955 0.098 0.098 0.098 0.0925 0.0925 0.095 0.095 0.097 0.097 0.097 0.099 0.099 0.101 0.101 0.1035 0.1035 0.1035 0.0995 0.0995 0.106 0.106 0.1025 0.1025 0.1025 0.1175 0.1175 0.103 0.103 0.1075 0.1075 0.103 0.103 0.103 0.111 0.111 0.106 0.106 0.108 0.108 0.108 0.1105 0.1105 0.0955 0.0955 0.09 0.09 0.09 0.0885 0.0885 0.0835 0.0835 0.0845 0.0845 0.0845 0.083 0.083 0.08 0.08
0.0935 0.08050001 0.08050001 0.091 0.091 0.091 0.0965 0.0965 0.09999999 0.09999999 0.0955 0.0955 0.09649999 0.09649999 0.09649999 0.096 0.096 0.0955 0.0955 0.098 0.098 0.098 0.0925 0.0925 0.095 0.095 0.097 0.097 0.097 0.099 0.099 0.101 0.101 0.1035 0.1035 0.1035 0.0995 0.0995 0.106 0.106 0.1025 0.1025 0.1025 0.1175 0.1175 0.103 0.103 0.1075 0.1075 0.103 0.103 0.103 0.111 0.111 0.106 0.106 0.108 0.108 0.108 0.1105 0.1105 0.0955 0.0955 0.09 0.09 0.09 0.0885 0.0885 0.0835 0.0835 0.0845 0.0845 0.0845 0.083 0.083 0.08 0.08
0.0935 0.08050001 0.08050001 0.091 0.091 0.091 0.0965 0.0965 0.09999999 0.09999999 0.0955 0.0955 0.09649999 0.09649999 0.09649999 0.096 0.096 0.0955 0.0955 0.098 0.098 0.098 0.0925 0.0925 0.095 0.095 0.097 0.097 0.097 0.099 0.099 0.101 0.101 0.1035 0.1035 0.1035 0.0995 0.0995 0.106 0.106 0.1025 0.1025 0.1025 0.1175 0.1175 0.103 0.103 0.1075 0.1075 0.103 0.103 0.103 0.111 0.111 0.106 0.106 0.108 0.108 0.108 0.1105 0.1105 0.0955 0.0955 0.09 0.09 0.09 0.0885 0.0885 0.0835 0.0835 0.0845 0.0845 0.0845 0.083 0.083 0.08 0.08
0.094 0.0915 0.0915 0.0955 0.0955 0.0955 0.09999999 0.09999999 0.1035 0.1035 0.1035 0.1035 0.1005 0.1005 0.1005 0.1005 0.1005 0.1005 0.1005 0.0985 0.0985 0.0985 0.1005 0.1005 0.1015 0.1015 0.1045 0.1045 0.1045 0.11 0.11 0.1105 0.1105 0.1125 0.1125 0.1125 0.1135 0.1135 0.1035 0.1035 0.1155 0.1155 0.1155 0.1095 0.1095 0.102 0.102 0.103 0.103 0.1145 0.1145 0.1145 0.116 0.116 0.1065 0.1065 0.106 0.106 0.106 0.1065 0.1065 0.0935 0.0935 0.096 0.096 0.096 0.086 0.086 0.085 0.085 0.0835 0.0835 0.0835 0.082 0.082 0.081 0.081
0.094 0.0915 0.0915 0.0955 0.0955 0.0955 0.09999999 0.09999999 0.1035 0.1035 0.1035 0.1035 0.1005 0.1005 0.1005 0.1005 0.1005 0.1005 0.1005 0.0985 0.0985 0.0985 0.1005 0.1005 0.1015 0.1015 0.1045 0.1045 0.1045 0.11 0.11 0.1105 0.1105 0.1125 0.1125 0.1125 0.1135 0.1135 0.1035 0.1035 0.1155 0.1155 0.1155 0.1095 0.1095 0.102 0.102 0.103 0.103 0.1145 0.1145 0.1145 0.116 0.116 0.1065 0.1065 0.106 0.106 0.106 0.1065 0.1065 0.0935 0.0935 0.096 0.096 0.096 0.086 0.086 0.085 0.085 0.0835 0.0835 0.0835 0.082 0.082 0.081 0.081
0.0935 0.09649999 0.09649999 0.097 0.097 0.097 0.109 0.109 0.112 0.112 0.103 0.103 0.104 0.104 0.104 0.1025 0.1025 0.107 0.107 0.104 0.104 0.104 0.1075 0.1075 0.1035 0.1035 0.1065 0.1065 0.1065 0.11 0.11 0.106 0.106 0.111 0.111 0.111 0.1095 0.1095 0.1055 0.1055 0.1095 0.1095 0.1095 0.106 0.106 0.106 0.106 0.11 0.11 0.1125 0.1125 0.1125 0.1065 0.1065 0.1095 0.1095 0.1055 0.1055 0.1055 0.0985 0.0985 0.097 0.097 0.096 0.096 0.096 0.0925 0.0925 0.0925 0.0925 0.0935 0.0935 0.0935 0.0885 0.0885 0.087 0.087
0.0935 0.09649999 0.09649999 0.097 0.097 0.097 0.109 0.109 0.112 0.112 0.103 0.103 0.104 0.104 0.104 0.1025 0.1025 0.107 0.107 0.104 0.104 0.104 0.1075 0.1075 0.1035 0.1035 0.1065 0.1065 0.1065 0.11 0.11 0.106 0.106 0.111 0.111 0.111 0.1095 0.1095 0.1055 0.1055 0.1095 0.1095 0.1095 0.106 0.106 0.106 0.106 0.11 0.11 0.1125 0.1125 0.1125 0.1065 0.1065 0.1095 0.1095 0.1055 0.1055 0.1055 0.0985 0.0985 0.097 0.097 0.096 0.096 0.096 0.0925 0.0925 0.0925 0.0925 0.0935 0.0935 0.0935 0.0885 0.0885 0.087 0.087
0.099 0.1015 0.1015 0.0935 0.0935 0.0935 0.1105 0.1105 0.108 0.108 0.1075 0.1075 0.108 0.108 0.108 0.1165 0.1165 0.1085 0.1085 0.108 0.108 0.108 0.098 0.098 0.108 0.108 0.1065 0.1065 0.1065 0.1075 0.1075 0.103 0.103 0.1075 0.1075 0.1075 0.1105 0.1105 0.098 0.098 0.101 0.101 0.101 0.1045 0.1045 0.109 0.109 0.1125 0.1125 0.109 0.109 0.109 0.108 0.108 0.1075 0.1075 0.106 0.106 0.106 0.097 0.097 0.1 0.1 0.0925 0.0925 0.0925 0.088 0.088 0.09 0.09 0.089 0.089 0.089 0.0845 0.0845 0.0875 0.0875
0.099 0.1015 0.1015 0.0935 0.0935 0.0935 0.1105 0.1105 0.108 0.108 0.1075 0.1075 0.108 0.108 0.108 0.1165 0.1165 0.1085 0.1085 0.108 0.108 0.108 0.098 0.098 0.108 0.108 0.1065 0.1065 0.1065 0.1075 0.1075 0.103 0.103 0.1075 0.1075 0.1075 0.1105 0.1105 0.098 0.098 0.101 0.101 0.101 0.1045 0.1045 0.109 0.109 0.1125 0.1125 0.109 0.109 0.109 0.108 0.108 0.1075 0.1075 0.106 0.106 0.106 0.097 0.097 0.1 0.1 0.0925 0.0925 0.0925 0.088 0.088 0.09 0.09 0.089 0.089 0.089 0.0845 0.0845 0.0875 0.0875
0.1095 0.109 0.109 0.113 0.113 0.113 0.117 0.117 0.1195 0.1195 0.106 0.106 0.11 0.11 0.11 0.12 0.12 0.11 0.11 0.1025 0.1025 0.1025 0.101 0.101 0.1055 0.1055 0.1055 0.1055 0.1055 0.1145 0.1145 0.1135 0.1135 0.1165 0.1165 0.1165 0.1155 0.1155 0.1 0.1 0.102 0.102 0.102 0.0985 0.0985 0.1025 0.1025 0.1175 0.1175 0.108 0.108 0.108 0.105 0.105 0.1095 0.1095 0.1025 0.1025 0.1025 0.0995 0.0995 0.092 0.092 0.084 0.084 0.084 0.0825 0.0825 0.086 0.086 0.0825 0.0825 0.0825 0.08149999 0.08149999 0.088 0.088
0.1095 0.109 0.109 0.113 0.113 0.113 0.117 0.117 0.1195 0.1195 0.106 0.106 0.11 0.11 0.11 0.12 0.12 0.11 0.11 0.1025 0.1025 0.1025 0.101 0.101 0.1055 0.1055 0.1055 0.1055 0.1055 0.1145 0.1145 0.1135 0.1135 0.1165 0.1165 0.1165 0.1155 0.1155 0.1 0.1 0.102 0.102 0.102 0.0985 0.0985 0.1025 0.1025 0.1175 0.1175 0.108 0.108 0.108 0.105 0.105 0.1095 0.1095 0.1025 0.1025 0.1025 0.0995 0.0995 0.092 0.092 0.084 0.084 0.084 0.0825 0.0825 0.086 0.086 0.0825 0.0825 0.0825 0.08149999 0.08149999 0.088 0.088
0.1095 0.109 0.109 0.113 0.113 0.113 0.117 0.117 0.1195 0.1195 0.106 0.106 0.11 0.11 0.11 0.12 0.12 0.11 0.11 0.1025 0.1025 0.1025 0.101 0.101 0.1055 0.1055 0.1055 0.1055 0.1055 0.1145 0.1145 0.1135 0.1135 0.1165 0.1165 0.1165 0.1155 0.1155 0.1 0.1 0.102 0.102 0.102 0.0985 0.0985 0.1025 0.1025 0.1175 0.1175 0.108 0.108 0.108 0.105 0.105 0.1095 0.1095 0.1025 0.1025 0.1025 0.0995 0.0995 0.092 0.092 0.084 0.084 0.084 0.0825 0.0825 0.086 0.086 0.0825 0.0825 0.0825 0.08149999 0.08149999 0.088 0.088
0.1075 0.1115 0.1115 0.118 0.118 0.118 0.1145 0.1145 0.1235 0.1235 0.1085 0.1085 0.108 0.108 0.108 0.117 0.117 0.112 0.112 0.1125 0.1125 0.1125 0.101 0.101 0.104 0.104 0.1125 0.1125 0.1125 0.1135 0.1135 0.115 0.115 0.102 0.102 0.102 0.1065 0.1065 0.098 0.098 0.094 0.094 0.094 0.1045 0.1045 0.1025 0.1025 0.1085 0.1085 0.0995 0.0995 0.0995 0.09 0.09 0.105 0.105 0.1015 0.1015 0.1015 0.091 0.091 0.0915 0.0915 0.0835 0.0835 0.0835 0.0805 0.0805 0.0855 0.0855 0.081 0.081 0.081 0.08 0.08 0.08750001 0.08750001
0.1075 0.1115 0.1115 0.118 0.118 0.118 0.1145 0.1145 0.1235 0.1235 0.1085 0.1085 0.108 0.108 0.108 0.117 0.117 0.112 0.112 0.1125 0.1125 0.1125 0.101 0.101 0.104 0.104 0.1125 0.1125 0.1125 0.1135 0.1135 0.115 0.115 0.102 0.102 0.102 0.1065 0.1065 0.098 0.098 0.094 0.094 0.094 0.1045 0.1045 0.1025 0.1025 0.1085 0.1085 0.0995 0.0995 0.0995 0.09 0.09 0.105 0.105 0.1015 0.1015 0.1015 0.091 0.091 0.0915 0.0915 0.0835 0.0835 0.0835 0.0805 0.0805 0.0855 0.0855 0.081 0.081 0.081 0.08 0.08 0.08750001 0.08750001
0.0995 0.105 0.105 0.109 0.109 0.109 0.115 0.115 0.1185 0.1185 0.118 0.118 0.1065 0.1065 0.1065 0.101 0.101 0.107 0.107 0.105 0.105 0.105 0.1015 0.1015 0.1005 0.1005 0.104 0.104 0.104 0.0955 0.0955 0.1025 0.1025 0.101 0.101 0.101 0.1025 0.1025 0.094 0.094 0.0955 0.0955 0.0955 0.095 0.095 0.085 0.085 0.089 0.089 0.0745 0.0745 0.0745 0.0915 0.0915 0.0855 0.0855 0.0885 0.0885 0.0885 0.089 0.089 0.0845 0.0845 0.078 0.078 0.078 0.0795 0.0795 0.079 0.079 0.0815 0.0815 0.0815 0.08400001 0.08400001 0.097 0.097
0.0995 0.105 0.105 0.109 0.109 0.109 0.115 0.115 0.1185 0.1185 0.118 0.118 0.1065 0.1065 0.1065 0.101 0.101 0.107 0.107 0.105 0.105 0.105 0.1015 0.1015 0.1005 0.1005 0.104 0.104 0.104 0.0955 0.0955 0.1025 0.1025 0.101 0.101 0.101 0.1025 0.1025 0.094 0.094 0.0955 0.0955 0.0955 0.095 0.095 0.085 0.085 0.089 0.089 0.0745 0.0745 0.0745 0.0915 0.0915 0.0855 0.0855 0.0885 0.0885 0.0885 0.089 0.089 0.0845 0.0845 0.078 0.078 0.078 0.0795 0.0795 0.079 0.079 0.0815 0.0815 0.0815 0.08400001 0.08400001 0.097 0.097
0.12 0.168 0.168 0.1425 0.1425 0.1425 0.106 0.106 0.116 0.116 0.1045 0.1045 0.11 0.11 0.11 0.1005 0.1005 0.1015 0.1015 0.104 0.104 0.104 0.094 0.094 0.09 0.09 0.08750001 0.08750001 0.08750001 0.084 0.084 0.0865 0.0865 0.085 0.085 0.085 0.0945 0.0945 0.0985 0.0985 0.0995 0.0995 0.0995 0.0975 0.0975 0.098 0.098 0.0925 0.0925 0.084 0.084 0.084 0.0845 0.0845 0.0905 0.0905 0.088 0.088 0.088 0.0895 0.0895 0.0865 0.0865 0.0845 0.0845 0.0845 0.081 0.081 0.082 0.082 0.087 0.087 0.087 0.089 0.089 0.0885 0.0885
0.12 0.168 0.168 0.1425 0.1425 0.1425 0.106 0.106 0.116 0.116 0.1045 0.1045 0.11 0.11 0.11 0.1005 0.1005 0.1015 0.1015 0.104 0.104 0.104 0.094 0.094 0.09 0.09 0.08750001 0.08750001 0.08750001 0.084 0.084 0.0865 0.0865 0.085 0.085 0.085 0.0945 0.0945 0.0985 0.0985 0.0995 0.0995 0.0995 0.0975 0.0975 0.098 0.098 0.0925 0.0925 0.084 0.084 0.084 0.0845 0.0845 0.0905 0.0905 0.088 0.088 0.088 0.0895 0.0895 0.0865 0.0865 0.0845 0.0845 0.0845 0.081 0.081 0.082 0.082 0.087 0.087 0.087 0.089 0.089 0.0885 0.0885
0.12 0.168 0.168 0.1425 0.1425 0.1425 0.106 0.106 0.116 0.116 0.1045 0.1045 0.11 0.11 0.11 0.1005 0.1005 0.1015 0.1015 0.104 0.104 0.104 0.094 0.094 0.09 0.09 0.08750001 0.08750001 0.08750001 0.084 0.084 0.0865 0.0865 0.085 0.085 0.085 0.0945 0.0945 0.0985 0.0985 0.0995 0.0995 0.0995 0.0975 0.0975 0.098 0.098 0.0925 0.0925 0.084 0.084 0.084 0.0845 0.0845 0.0905 0.0905 0.088 0.088 0.088 0.0895 0.0895 0.0865 0.0865 0.0845 0.0845 0.0845 0.081 0.081 0.082 0.082 0.087 0.087 0.087 0.089 0.089 0.0885 0.0885
0.1075 0.1265 0.1265 0.129 0.129 0.129 0.137 0.137 0.1225 0.1225 0.1035 0.1035 0.1065 0.1065 0.1065 0.1115 0.1115 0.1055 0.1055 0.1075 0.1075 0.1075 0.1035 0.1035 0.0955 0.0955 0.0905 0.0905 0.0905 0.087 0.087 0.0835 0.0835 0.091 0.091 0.091 0.103 0.103 0.1075 0.1075 0.1025 0.1025 0.1025 0.103 0.103 0.1035 0.1035 0.0965 0.0965 0.095 0.095 0.095 0.087 0.087 0.08750001 0.08750001 0.0905 0.0905 0.0905 0.0885 0.0885 0.09 0.09 0.089 0.089 0.089 0.0855 0.0855 0.0855 0.0855 0.088 0.088 0.088 0.08750001 0.08750001 0.0825 0.0825
0.1075 0.1265 0.1265 0.129 0.129 0.129 0.137 0.137 0.1225 0.1225 0.1035 0.1035 0.1065 0.1065 0.1065 0.1115 0.1115 0.1055 0.1055 0.1075 0.1075 0.1075 0.1035 0.1035 0.0955 0.0955 0.0905 0.0905 0.0905 0.087 0.087 0.0835 0.0835 0.091 0.091 0.091 0.103 0.103 0.1075 0.1075 0.1025 0.1025 0.1025 0.103 0.103 0.1035 0.1035 0.0965 0.0965 0.095 0.095 0.095 0.087 0.087 0.08750001 0.08750001 0.0905 0.0905 0.0905 0.0885 0.0885 0.09 0.09 0.089 0.089 0.089 0.0855 0.0855 0.0855 0.0855 0.088 0.088 0.088 0.08750001 0.08750001 0.0825 0.0825
0.1125 0.14 0.14 0.129 0.129 0.129 0.1205 0.1205 0.1125 0.1125 0.1115 0.1115 0.109 0.109 0.109 0.1095 0.1095 0.118 0.118 0.1225 0.1225 0.1225 0.1315 0.1315 0.123 0.123 0.1255 0.1255 0.1255 0.1165 0.1165 0.1195 0.1195 0.1235 0.1235 0.1235 0.117 0.117 0.1015 0.1015 0.1005 0.1005 0.1005 0.0975 0.0975 0.09450001 0.09450001 0.104 0.104 0.095 0.095 0.095 0.0895 0.0895 0.09 0.09 0.0905 0.0905 0.0905 0.09 0.09 0.0985 0.0985 0.0925 0.0925 0.0925 0.0895 0.0895 0.0925 0.0925 0.087 0.087 0.087 0.0895 0.0895 0.0845 0.0845
0.1125 0.14 0.14 0.129 0.129 0.129 0.1205 0.1205 0.1125 0.1125 0.1115 0.1115 0.109 0.109 0.109 0.1095 0.1095 0.118 0.118 0.1225 0.1225 0.1225 0.1315 0.1315 0.123 0.123 0.1255 0.1255 0.1255 0.1165 0.1165 0.1195 0.1195 0.1235 0.1235 0.1235 0.117 0.117 0.1015 0.1015 0.1005 0.1005 0.1005 0.0975 0.0975 0.09450001 0.09450001 0.104 0.104 0.095 0.095 0.095 0.0895 0.0895 0.09 0.09 0.0905 0.0905 0.0905 0.09 0.09 0.0985 0.0985 0.0925 0.0925 0.0925 0.0895 0.0895 0.0925 0.0925 0.087 0.087 0.087 0.0895 0.0895 0.0845 0.0845
0.111 0.1105 0.1105 0.1235 0.1235 0.1235 0.158 0.158 0.131 0.131 0.126 0.126 0.13 0.13 0.13 0.1225 0.1225 0.127 0.127 0.135 0.135 0.135 0.127 0.127 0.121 0.121 0.121 0.121 0.121 0.113 0.113 0.123 0.123 0.114 0.114 0.114 0.1165 0.1165 0.104 0.104 0.1005 0.1005 0.1005 0.102 0.102 0.105 0.105 0.1 0.1 0.0985 0.0985 0.0985 0.097 0.097 0.093 0.093 0.091 0.091 0.091 0.09 0.09 0.0935 0.0935 0.095 0.095 0.095 0.096 0.096 0.09 0.09 0.09 0.09 0.09 0.0895 0.0895 0.09100001 0.09100001
0.111 0.1105 0.1105 0.1235 0.1235 0.1235 0.158 0.158 0.131 0.131 0.126 0.126 0.13 0.13 0.13 0.1225 0.1225 0.127 0.127 0.135 0.135 0.135 0.127 0.127 0.121 0.121 0.121 0.121 0.121 0.113 0.113 0.123 0.123 0.114 0.114 0.114 0.1165 0.1165 0.104 0.104 0.1005 0.1005 0.1005 0.102 0.102 0.105 0.105 0.1 0.1 0.0985 0.0985 0.0985 0.097 0.097 0.093 0.093 0.091 0.091 0.091 0.09 0.09 0.0935 0.0935 0.095 0.095 0.095 0.096 0.096 0.09 0.09 0.09 0.09 0.09 0.0895 0.0895 0.09100001 0.09100001
0.111 0.1105 0.1105 0.1235 0.1235 0.1235 0.158 0.158 0.131 0.131 0.126 0.126 0.13 0.13 0.13 0.1225 0.1225 0.127 0.127 0.135 0.135 0.135 0.127 0.127 0.121 0.121 0.121 0.121 0.121 0.113 0.113 0.123 0.123 0.114 0.114 0.114 0.1165 0.1165 0.104 0.104 0.1005 0.1005 0.1005 0.102 0.102 0.105 0.105 0.1 0.1 0.0985 0.0985 0.0985 0.097 0.097 0.093 0.093 0.091 0.091 0.091 0.09 0.09 0.0935 0.0935 0.095 0.095 0.095 0.096 0.096 0.09 0.09 0.09 0.09 0.09 0.0895 0.0895 0.09100001 0.09100001
0.102 0.1155 0.1155 0.138 0.138 0.138 0.168 0.168 0.1575 0.1575 0.126 0.126 0.1205 0.1205 0.1205 0.129 0.129 0.124 0.124 0.1215 0.1215 0.1215 0.129 0.129 0.1235 0.1235 0.1155 0.1155 0.1155 0.124 0.124 0.121 0.121 0.116 0.116 0.116 0.1125 0.1125 0.1025 0.1025 0.0995 0.0995 0.0995 0.104 0.104 0.1085 0.1085 0.1155 0.1155 0.1055 0.1055 0.1055 0.102 0.102 0.1005 0.1005 0.0935 0.0935 0.0935 0.096 0.096 0.1 0.1 0.1015 0.1015 0.1015 0.1045 0.1045 0.1035 0.1035 0.1015 0.1015 0.1015 0.104 0.104 0.099 0.099
0.102 0.1155 0.1155 0.138 0.138 0.138 0.168 0.168 0.1575 0.1575 0.126 0.126 0.1205 0.1205 0.1205 0.129 0.129 0.124 0.124 0.1215 0.1215 0.1215 0.129 0.129 0.1235 0.1235 0.1155 0.1155 0.1155 0.124 0.124 0.121 0.121 0.116 0.116 0.116 0.1125 0.1125 0.1025 0.1025 0.0995 0.0995 0.0995 0.104 0.104 0.1085 0.1085 0.1155 0.1155 0.1055 0.1055 0.1055 0.102 0.102 0.1005 0.1005 0.0935 0.0935 0.0935 0.096 0.096 0.1 0.1 0.1015 0.1015 0.1015 0.1045 0.1045 0.1035 0.1035 0.1015 0.1015 0.1015 0.104 0.104 0.099 0.099
0.1115 0.111 0.111 0.12 0.12 0.12 0.2005 0.2005 0.285 0.285 0.1155 0.1155 0.1095 0.1095 0.1095 0.1135 0.1135 0.114 0.114 0.1305 0.1305 0.1305 0.1285 0.1285 0.114 0.114 0.1165 0.1165 0.1165 0.1255 0.1255 0.1155 0.1155 0.1165 0.1165 0.1165 0.1105 0.1105 0.112 0.112 0.111 0.111 0.111 0.115 0.115 0.1155 0.1155 0.1155 0.1155 0.1115 0.1115 0.1115 0.1195 0.1195 0.1105 0.1105 0.1095 0.1095 0.1095 0.106 0.106 0.1075 0.1075 0.109 0.109 0.109 0.1105 0.1105 0.1155 0.1155 0.1095 0.1095 0.1095 0.1105 0.1105 0.1005 0.1005
0.1115 0.111 0.111 0.12 0.12 0.12 0.2005 0.2005 0.285 0.285 0.1155 0.1155 0.1095 0.1095 0.1095 0.1135 0.1135 0.114 0.114 0.1305 0.1305 0.1305 0.1285 0.1285 0.114 0.114 0.1165 0.1165 0.1165 0.1255 0.1255 0.1155 0.1155 0.1165 0.1165 0.1165 0.1105 0.1105 0.112 0.112 0.111 0.111 0.111 0.115 0.115 0.1155 0.1155 0.1155 0.1155 0.1115 0.1115 0.1115 0.1195 0.1195 0.1105 0.1105 0.1095 0.1095 0.1095 0.106 0.106 0.1075 0.1075 0.109 0.109 0.109 0.1105 0.1105 0.1155 0.1155 0.1095 0.1095 0.1095 0.1105 0.1105 0.1005 0.1005
0.125 0.1215 0.1215 0.1185 0.1185 0.1185 0.1275 0.1275 0.124 0.124 0.106 0.106 0.1045 0.1045 0.1045 0.119 0.119 0.1075 0.1075 0.104 0.104 0.104 0.117 0.117 0.1265 0.1265 0.1255 0.1255 0.1255 0.1255 0.1255 0.1255 0.1255 0.1105 0.1105 0.1105 0.1095 0.1095 0.115 0.115 0.1205 0.1205 0.1205 0.1215 0.1215 0.1235 0.1235 0.1275 0.1275 0.1265 0.1265 0.1265 0.1255 0.1255 0.119 0.119 0.1175 0.1175 0.1175 0.118 0.118 0.118 0.118 0.118 0.118 0.118 0.1205 0.1205 0.1185 0.1185 0.114 0.114 0.114 0.115 0.115 0.111 0.111
0.125 0.1215 0.1215 0.1185 0.1185 0.1185 0.1275 0.1275 0.124 0.124 0.106 0.106 0.1045 0.1045 0.1045 0.119 0.119 0.1075 0.1075 0.104 0.104 0.104 0.117 0.117 0.1265 0.1265 0.1255 0.1255 0.1255 0.1255 0.1255 0.1255 0.1255 0.1105 0.1105 0.1105 0.1095 0.1095 0.115 0.115 0.1205 0.1205 0.1205 0.1215 0.1215 0.1235 0.1235 0.1275 0.1275 0.1265 0.1265 0.1265 0.1255 0.1255 0.119 0.119 0.1175 0.1175 0.1175 0.118 0.118 0.118 0.118 0.118 0.118 0.118 0.1205 0.1205 0.1185 0.1185 0.114 0.114 0.114 0.115 0.115 0.111 0.111
