ndvi/NOAA-348.asc
ncols         252
nrows         154
xllcorner     -18.017974
yllcorner     13.481982
cellsize      0.035948
NODATA_value  -9999
[rows 0 to 34 of 154, columns 77 to 153 of 252]
0.1015 0.1015 0.09900001 0.09900001 0.104 0.104 0.1045 0.1045 0.1045 0.1115 0.1115 0.0975 0.0975 0.109 0.109 0.112 0.112 0.112 0.1135 0.1135 0.107 0.107 0.114 0.114 0.114 0.1155 0.1155 0.1105 0.1105 0.116 0.116 0.116 0.111 0.111 0.097 0.097 0.1035 0.1035 0.1035 0.104 0.104 0.098 0.098 0.102 0.102 0.102 0.096 0.096 0.0885 0.0885 0.0985 0.0985 0.11 0.11 0.11 0.1065 0.1065 0.1085 0.1085 0.1085 0.1085 0.1085 0.113 0.113 0.1105 0.1105 0.1135 0.1135 0.1135 0.105 0.105 0.1025 0.1025 0.106 0.106 0.106 0.0985
0.1015 0.1015 0.09900001 0.09900001 0.104 0.104 0.1045 0.1045 0.1045 0.1115 0.1115 0.0975 0.0975 0.109 0.109 0.112 0.112 0.112 0.1135 0.1135 0.107 0.107 0.114 0.114 0.114 0.1155 0.1155 0.1105 0.1105 0.116 0.116 0.116 0.111 0.111 0.097 0.097 0.1035 0.1035 0.1035 0.104 0.104 0.098 0.098 0.102 0.102 0.102 0.096 0.096 0.0885 0.0885 0.0985 0.0985 0.11 0.11 0.11 0.1065 0.1065 0.1085 0.1085 0.1085 0.1085 0.1085 0.113 0.113 0.1105 0.1105 0.1135 0.1135 0.1135 0.105 0.105 0.1025 0.1025 0.106 0.106 0.106 0.0985
0.106 0.106 0.107 0.107 0.107 0.107 0.11 0.11 0.11 0.104 0.104 0.1065 0.1065 0.109 0.109 0.115 0.115 0.115 0.1175 0.1175 0.117 0.117 0.1115 0.1115 0.1115 0.1135 0.1135 0.1045 0.1045 0.112 0.112 0.112 0.112 0.112 0.095 0.095 0.11 0.11 0.11 0.107 0.107 0.094 0.094 0.0955 0.0955 0.0955 0.104 0.104 0.1065 0.1065 0.1115 0.1115 0.114 0.114 0.114 0.114 0.114 0.1125 0.1125 0.106 0.106 0.106 0.1055 0.1055 0.1095 0.1095 0.1095 0.1095 0.1095 0.107 0.107 0.1075 0.1075 0.102 0.102 0.102 0.105
0.106 0.106 0.107 0.107 0.107 0.107 0.11 0.11 0.11 0.104 0.104 0.1065 0.1065 0.109 0.109 0.115 0.115 0.115 0.1175 0.1175 0.117 0.117 0.1115 0.1115 0.1115 0.1135 0.1135 0.1045 0.1045 0.112 0.112 0.112 0.112 0.112 0.095 0.095 0.11 0.11 0.11 0.107 0.107 0.094 0.094 0.0955 0.0955 0.0955 0.104 0.104 0.1065 0.1065 0.1115 0.1115 0.114 0.114 0.114 0.114 0.114 0.1125 0.1125 0.106 0.106 0.106 0.1055 0.1055 0.1095 0.1095 0.1095 0.1095 0.1095 0.107 0.107 0.1075 0.1075 0.102 0.102 0.102 0.105
0.106 0.106 0.107 0.107 0.107 0.107 0.11 0.11 0.11 0.104 0.104 0.1065 0.1065 0.109 0.109 0.115 0.115 0.115 0.1175 0.1175 0.117 0.117 0.1115 0.1115 0.1115 0.1135 0.1135 0.1045 0.1045 0.112 0.112 0.112 0.112 0.112 0.095 0.095 0.11 0.11 0.11 0.107 0.107 0.094 0.094 0.0955 0.0955 0.0955 0.104 0.104 0.1065 0.1065 0.1115 0.1115 0.114 0.114 0.114 0.114 0.114 0.1125 0.1125 0.106 0.106 0.106 0.1055 0.1055 0.1095 0.1095 0.1095 0.1095 0.1095 0.107 0.107 0.1075 0.1075 0.102 0.102 0.102 0.105
0.1085 0.1085 0.1115 0.1115 0.1105 0.1105 0.101 0.101 0.101 0.109 0.109 0.107 0.107 0.1145 0.1145 0.1095 0.1095 0.1095 0.111 0.111 0.11 0.11 0.1135 0.1135 0.1135 0.1055 0.1055 0.1055 0.1055 0.111 0.111 0.111 0.109 0.109 0.1065 0.1065 0.121 0.121 0.121 0.115 0.115 0.101 0.101 0.099 0.099 0.099 0.1025 0.1025 0.1085 0.1085 0.12 0.12 0.1165 0.1165 0.1165 0.109 0.109 0.1155 0.1155 0.114 0.114 0.114 0.117 0.117 0.126 0.126 0.1285 0.1285 0.1285 0.118 0.118 0.1145 0.1145 0.115 0.115 0.115 0.118
0.1085 0.1085 0.1115 0.1115 0.1105 0.1105 0.101 0.101 0.101 0.109 0.109 0.107 0.107 0.1145 0.1145 0.1095 0.1095 0.1095 0.111 0.111 0.11 0.11 0.1135 0.1135 0.1135 0.1055 0.1055 0.1055 0.1055 0.111 0.111 0.111 0.109 0.109 0.1065 0.1065 0.121 0.121 0.121 0.115 0.115 0.101 0.101 0.099 0.099 0.099 0.1025 0.1025 0.1085 0.1085 0.12 0.12 0.1165 0.1165 0.1165 0.109 0.109 0.1155 0.1155 0.114 0.114 0.114 0.117 0.117 0.126 0.126 0.1285 0.1285 0.1285 0.118 0.118 0.1145 0.1145 0.115 0.115 0.115 0.118
0.111 0.111 0.106 0.106 0.104 0.104 0.1055 0.1055 0.1055 0.1135 0.1135 0.113 0.113 0.112 0.112 0.1055 0.1055 0.1055 0.109 0.109 0.115 0.115 0.121 0.121 0.121 0.1105 0.1105 0.109 0.109 0.1005 0.1005 0.1005 0.1235 0.1235 0.106 0.106 0.119 0.119 0.119 0.1235 0.1235 0.121 0.121 0.111 0.111 0.111 0.1215 0.1215 0.121 0.121 0.134 0.134 0.118 0.118 0.118 0.126 0.126 0.13 0.13 0.125 0.125 0.125 0.1255 0.1255 0.1275 0.1275 0.127 0.127 0.127 0.1285 0.1285 0.1215 0.1215 0.119 0.119 0.119 0.12
0.111 0.111 0.106 0.106 0.104 0.104 0.1055 0.1055 0.1055 0.1135 0.1135 0.113 0.113 0.112 0.112 0.1055 0.1055 0.1055 0.109 0.109 0.115 0.115 0.121 0.121 0.121 0.1105 0.1105 0.109 0.109 0.1005 0.1005 0.1005 0.1235 0.1235 0.106 0.106 0.119 0.119 0.119 0.1235 0.1235 0.121 0.121 0.111 0.111 0.111 0.1215 0.1215 0.121 0.121 0.134 0.134 0.118 0.118 0.118 0.126 0.126 0.13 0.13 0.125 0.125 0.125 0.1255 0.1255 0.1275 0.1275 0.127 0.127 0.127 0.1285 0.1285 0.1215 0.1215 0.119 0.119 0.119 0.12
0.111 0.111 0.1115 0.1115 0.108 0.108 0.107 0.107 0.107 0.111 0.111 0.1065 0.1065 0.1165 0.1165 0.1185 0.1185 0.1185 0.1095 0.1095 0.1095 0.1095 0.116 0.116 0.116 0.1205 0.1205 0.1155 0.1155 0.117 0.117 0.117 0.1195 0.1195 0.1275 0.1275 0.12 0.12 0.12 0.128 0.128 0.125 0.125 0.1245 0.1245 0.1245 0.1325 0.1325 0.1345 0.1345 0.141 0.141 0.1325 0.1325 0.1325 0.126 0.126 0.138 0.138 0.127 0.127 0.127 0.1345 0.1345 0.1235 0.1235 0.1285 0.1285 0.1285 0.123 0.123 0.1255 0.1255 0.123 0.123 0.123 0.1345
0.111 0.111 0.1115 0.1115 0.108 0.108 0.107 0.107 0.107 0.111 0.111 0.1065 0.1065 0.1165 0.1165 0.1185 0.1185 0.1185 0.1095 0.1095 0.1095 0.1095 0.116 0.116 0.116 0.1205 0.1205 0.1155 0.1155 0.117 0.117 0.117 0.1195 0.1195 0.1275 0.1275 0.12 0.12 0.12 0.128 0.128 0.125 0.125 0.1245 0.1245 0.1245 0.1325 0.1325 0.1345 0.1345 0.141 0.141 0.1325 0.1325 0.1325 0.126 0.126 0.138 0.138 0.127 0.127 0.127 0.1345 0.1345 0.1235 0.1235 0.1285 0.1285 0.1285 0.123 0.123 0.1255 0.1255 0.123 0.123 0.123 0.1345
0.125 0.125 0.1175 0.1175 0.1075 0.1075 0.1075 0.1075 0.1075 0.1125 0.1125 0.1145 0.1145 0.1145 0.1145 0.1135 0.1135 0.1135 0.113 0.113 0.1185 0.1185 0.122 0.122 0.122 0.1225 0.1225 0.1205 0.1205 0.1215 0.1215 0.1215 0.119 0.119 0.118 0.118 0.118 0.118 0.118 0.1285 0.1285 0.1335 0.1335 0.134 0.134 0.134 0.14 0.14 0.137 0.137 0.143 0.143 0.1485 0.1485 0.1485 0.1385 0.1385 0.1435 0.1435 0.1285 0.1285 0.1285 0.1295 0.1295 0.129 0.129 0.1335 0.1335 0.1335 0.124 0.124 0.1185 0.1185 0.119 0.119 0.119 0.138
0.125 0.125 0.1175 0.1175 0.1075 0.1075 0.1075 0.1075 0.1075 0.1125 0.1125 0.1145 0.1145 0.1145 0.1145 0.1135 0.1135 0.1135 0.113 0.113 0.1185 0.1185 0.122 0.122 0.122 0.1225 0.1225 0.1205 0.1205 0.1215 0.1215 0.1215 0.119 0.119 0.118 0.118 0.118 0.118 0.118 0.1285 0.1285 0.1335 0.1335 0.134 0.134 0.134 0.14 0.14 0.137 0.137 0.143 0.143 0.1485 0.1485 0.1485 0.1385 0.1385 0.1435 0.1435 0.1285 0.1285 0.1285 0.1295 0.1295 0.129 0.129 0.1335 0.1335 0.1335 0.124 0.124 0.1185 0.1185 0.119 0.119 0.119 0.138
0.125 0.125 0.1175 0.1175 0.1075 0.1075 0.1075 0.1075 0.1075 0.1125 0.1125 0.1145 0.1145 0.1145 0.1145 0.1135 0.1135 0.1135 0.113 0.113 0.1185 0.1185 0.122 0.122 0.122 0.1225 0.1225 0.1205 0.1205 0.1215 0.1215 0.1215 0.119 0.119 0.118 0.118 0.118 0.118 0.118 0.1285 0.1285 0.1335 0.1335 0.134 0.134 0.134 0.14 0.14 0.137 0.137 0.143 0.143 0.1485 0.1485 0.1485 0.1385 0.1385 0.1435 0.1435 0.1285 0.1285 0.1285 0.1295 0.1295 0.129 0.129 0.1335 0.1335 0.1335 0.124 0.124 0.1185 0.1185 0.119 0.119 0.119 0.138
0.117 0.117 0.116 0.116 0.1185 0.1185 0.112 0.112 0.112 0.1165 0.1165 0.112 0.112 0.1155 0.1155 0.1185 0.1185 0.1185 0.121 0.121 0.122 0.122 0.121 0.121 0.121 0.128 0.128 0.1295 0.1295 0.1175 0.1175 0.1175 0.1205 0.1205 0.112 0.112 0.1095 0.1095 0.1095 0.1135 0.1135 0.1195 0.1195 0.122 0.122 0.122 0.1385 0.1385 0.1495 0.1495 0.163 0.163 0.161 0.161 0.161 0.154 0.154 0.152 0.152 0.132 0.132 0.132 0.127 0.127 0.1405 0.1405 0.1335 0.1335 0.1335 0.1225 0.1225 0.131 0.131 0.1305 0.1305 0.1305 0.132
0.117 0.117 0.116 0.116 0.1185 0.1185 0.112 0.112 0.112 0.1165 0.1165 0.112 0.112 0.1155 0.1155 0.1185 0.1185 0.1185 0.121 0.121 0.122 0.122 0.121 0.121 0.121 0.128 0.128 0.1295 0.1295 0.1175 0.1175 0.1175 0.1205 0.1205 0.112 0.112 0.1095 0.1095 0.1095 0.1135 0.1135 0.1195 0.1195 0.122 0.122 0.122 0.1385 0.1385 0.1495 0.1495 0.163 0.163 0.161 0.161 0.161 0.154 0.154 0.152 0.152 0.132 0.132 0.132 0.127 0.127 0.1405 0.1405 0.1335 0.1335 0.1335 0.1225 0.1225 0.131 0.131 0.1305 0.1305 0.1305 0.132
0.123 0.123 0.114 0.114 0.117 0.117 0.1225 0.1225 0.1225 0.113 0.113 0.112 0.112 0.12 0.12 0.1205 0.1205 0.1205 0.122 0.122 0.12 0.12 0.1255 0.1255 0.1255 0.122 0.122 0.1235 0.1235 0.1275 0.1275 0.1275 0.1205 0.1205 0.117 0.117 0.1115 0.1115 0.1115 0.1135 0.1135 0.124 0.124 0.122 0.122 0.122 0.134 0.134 0.143 0.143 0.1505 0.1505 0.153 0.153 0.153 0.153 0.153 0.1625 0.1625 0.1455 0.1455 0.1455 0.141 0.141 0.1395 0.1395 0.1395 0.1395 0.1395 0.121 0.121 0.119 0.119 0.113 0.113 0.113 0.117
0.123 0.123 0.114 0.114 0.117 0.117 0.1225 0.1225 0.1225 0.113 0.113 0.112 0.112 0.12 0.12 0.1205 0.1205 0.1205 0.122 0.122 0.12 0.12 0.1255 0.1255 0.1255 0.122 0.122 0.1235 0.1235 0.1275 0.1275 0.1275 0.1205 0.1205 0.117 0.117 0.1115 0.1115 0.1115 0.1135 0.1135 0.124 0.124 0.122 0.122 0.122 0.134 0.134 0.143 0.143 0.1505 0.1505 0.153 0.153 0.153 0.153 0.153 0.1625 0.1625 0.1455 0.1455 0.1455 0.141 0.141 0.1395 0.1395 0.1395 0.1395 0.1395 0.121 0.121 0.119 0.119 0.113 0.113 0.113 0.117
0.1265 0.1265 0.1145 0.1145 0.1135 0.1135 0.1145 0.1145 0.1145 0.1205 0.1205 0.1235 0.1235 0.1255 0.1255 0.1195 0.1195 0.1195 0.1185 0.1185 0.116 0.116 0.113 0.113 0.113 0.1125 0.1125 0.1205 0.1205 0.1245 0.1245 0.1245 0.1235 0.1235 0.1265 0.1265 0.123 0.123 0.123 0.1225 0.1225 0.12 0.12 0.123 0.123 0.123 0.128 0.128 0.1345 0.1345 0.1335 0.1335 0.1455 0.1455 0.1455 0.1285 0.1285 0.13 0.13 0.1315 0.1315 0.1315 0.1405 0.1405 0.145 0.145 0.144 0.144 0.144 0.1395 0.1395 0.1335 0.1335 0.122 0.122 0.122 0.139
0.1265 0.1265 0.1145 0.1145 0.1135 0.1135 0.1145 0.1145 0.1145 0.1205 0.1205 0.1235 0.1235 0.1255 0.1255 0.1195 0.1195 0.1195 0.1185 0.1185 0.116 0.116 0.113 0.113 0.113 0.1125 0.1125 0.1205 0.1205 0.1245 0.1245 0.1245 0.1235 0.1235 0.1265 0.1265 0.123 0.123 0.123 0.1225 0.1225 0.12 0.12 0.123 0.123 0.123 0.128 0.128 0.1345 0.1345 0.1335 0.1335 0.1455 0.1455 0.1455 0.1285 0.1285 0.13 0.13 0.1315 0.1315 0.1315 0.1405 0.1405 0.145 0.145 0.144 0.144 0.144 0.1395 0.1395 0.1335 0.1335 0.122 0.122 0.122 0.139
0.1265 0.1265 0.1145 0.1145 0.1135 0.1135 0.1145 0.1145 0.1145 0.1205 0.1205 0.1235 0.1235 0.1255 0.1255 0.1195 0.1195 0.1195 0.1185 0.1185 0.116 0.116 0.113 0.113 0.113 0.1125 0.1125 0.1205 0.1205 0.1245 0.1245 0.1245 0.1235 0.1235 0.1265 0.1265 0.123 0.123 0.123 0.1225 0.1225 0.12 0.12 0.123 0.123 0.123 0.128 0.128 0.1345 0.1345 0.1335 0.1335 0.1455 0.1455 0.1455 0.1285 0.1285 0.13 0.13 0.1315 0.1315 0.1315 0.1405 0.1405 0.145 0.145 0.144 0.144 0.144 0.1395 0.1395 0.1335 0.1335 0.122 0.122 0.122 0.139
0.111 0.111 0.1175 0.1175 0.12 0.12 0.1225 0.1225 0.1225 0.127 0.127 0.1245 0.1245 0.1235 0.1235 0.1245 0.1245 0.1245 0.118 0.118 0.114 0.114 0.112 0.112 0.112 0.115 0.115 0.135 0.135 0.135 0.135 0.135 0.1325 0.1325 0.1365 0.1365 0.1235 0.1235 0.1235 0.123 0.123 0.1495 0.1495 0.1705 0.1705 0.1705 0.1775 0.1775 0.1765 0.1765 0.1375 0.1375 0.121 0.121 0.121 0.109 0.109 0.11 0.11 0.11 0.11 0.11 0.143 0.143 0.143 0.143 0.139 0.139 0.139 0.1395 0.1395 0.1435 0.1435 0.131 0.131 0.131 0.1535
0.111 0.111 0.1175 0.1175 0.12 0.12 0.1225 0.1225 0.1225 0.127 0.127 0.1245 0.1245 0.1235 0.1235 0.1245 0.1245 0.1245 0.118 0.118 0.114 0.114 0.112 0.112 0.112 0.115 0.115 0.135 0.135 0.135 0.135 0.135 0.1325 0.1325 0.1365 0.1365 0.1235 0.1235 0.1235 0.123 0.123 0.1495 0.1495 0.1705 0.1705 0.1705 0.1775 0.1775 0.1765 0.1765 0.1375 0.1375 0.121 0.121 0.121 0.109 0.109 0.11 0.11 0.11 0.11 0.11 0.143 0.143 0.143 0.143 0.139 0.139 0.139 0.1395 0.1395 0.1435 0.1435 0.131 0.131 0.131 0.1535
0.1185 0.1185 0.121 0.121 0.1235 0.1235 0.133 0.133 0.133 0.1345 0.1345 0.141 0.141 0.126 0.126 0.1265 0.1265 0.1265 0.1375 0.1375 0.1325 0.1325 0.1335 0.1335 0.1335 0.133 0.133 0.14 0.14 0.1375 0.1375 0.1375 0.135 0.135 0.126 0.126 0.123 0.123 0.123 0.1215 0.1215 0.1725 0.1725 0.1695 0.1695 0.1695 0.1795 0.1795 0.1875 0.1875 0.1575 0.1575 0.1345 0.1345 0.1345 0.121 0.121 0.1145 0.1145 0.116 0.116 0.116 0.142 0.142 0.1345 0.1345 0.1345 0.1345 0.1345 0.1415 0.1415 0.1455 0.1455 0.1445 0.1445 0.1445 0.124
0.1185 0.1185 0.121 0.121 0.1235 0.1235 0.133 0.133 0.133 0.1345 0.1345 0.141 0.141 0.126 0.126 0.1265 0.1265 0.1265 0.1375 0.1375 0.1325 0.1325 0.1335 0.1335 0.1335 0.133 0.133 0.14 0.14 0.1375 0.1375 0.1375 0.135 0.135 0.126 0.126 0.123 0.123 0.123 0.1215 0.1215 0.1725 0.1725 0.1695 0.1695 0.1695 0.1795 0.1795 0.1875 0.1875 0.1575 0.1575 0.1345 0.1345 0.1345 0.121 0.121 0.1145 0.1145 0.116 0.116 0.116 0.142 0.142 0.1345 0.1345 0.1345 0.1345 0.1345 0.1415 0.1415 0.1455 0.1455 0.1445 0.1445 0.1445 0.124
0.1315 0.1315 0.133 0.133 0.131 0.131 0.1395 0.1395 0.1395 0.143 0.143 0.1385 0.1385 0.1355 0.1355 0.127 0.127 0.127 0.134 0.134 0.126 0.126 0.137 0.137 0.137 0.1375 0.1375 0.1425 0.1425 0.14 0.14 0.14 0.1305 0.1305 0.1335 0.1335 0.125 0.125 0.125 0.1225 0.1225 0.1955 0.1955 0.157 0.157 0.157 0.1725 0.1725 0.1795 0.1795 0.169 0.169 0.1375 0.1375 0.1375 0.14 0.14 0.121 0.121 0.12 0.12 0.12 0.1305 0.1305 0.1205 0.1205 0.1175 0.1175 0.1175 0.1345 0.1345 0.1345 0.1345 0.135 0.135 0.135 0.127
0.1315 0.1315 0.133 0.133 0.131 0.131 0.1395 0.1395 0.1395 0.143 0.143 0.1385 0.1385 0.1355 0.1355 0.127 0.127 0.127 0.134 0.134 0.126 0.126 0.137 0.137 0.137 0.1375 0.1375 0.1425 0.1425 0.14 0.14 0.14 0.1305 0.1305 0.1335 0.1335 0.125 0.125 0.125 0.1225 0.1225 0.1955 0.1955 0.157 0.157 0.157 0.1725 0.1725 0.1795 0.1795 0.169 0.169 0.1375 0.1375 0.1375 0.14 0.14 0.121 0.121 0.12 0.12 0.12 0.1305 0.1305 0.1205 0.1205 0.1175 0.1175 0.1175 0.1345 0.1345 0.1345 0.1345 0.135 0.135 0.135 0.127
0.1315 0.1315 0.133 0.133 0.131 0.131 0.1395 0.1395 0.1395 0.143 0.143 0.1385 0.1385 0.1355 0.1355 0.127 0.127 0.127 0.134 0.134 0.126 0.126 0.137 0.137 0.137 0.1375 0.1375 0.1425 0.1425 0.14 0.14 0.14 0.1305 0.1305 0.1335 0.1335 0.125 0.125 0.125 0.1225 0.1225 0.1955 0.1955 0.157 0.157 0.157 0.1725 0.1725 0.1795 0.1795 0.169 0.169 0.1375 0.1375 0.1375 0.14 0.14 0.121 0.121 0.12 0.12 0.12 0.1305 0.1305 0.1205 0.1205 0.1175 0.1175 0.1175 0.1345 0.1345 0.1345 0.1345 0.135 0.135 0.135 0.127
0.1335 0.1335 0.1505 0.1505 0.1435 0.1435 0.149 0.149 0.149 0.1405 0.1405 0.146 0.146 0.141 0.141 0.134 0.134 0.134 0.135 0.135 0.131 0.131 0.1365 0.1365 0.1365 0.135 0.135 0.142 0.142 0.145 0.145 0.145 0.134 0.134 0.1385 0.1385 0.133 0.133 0.133 0.1265 0.1265 0.157 0.157 0.1655 0.1655 0.1655 0.1655 0.1655 0.1665 0.1665 0.149 0.149 0.1405 0.1405 0.1405 0.1405 0.1405 0.126 0.126 0.1215 0.1215 0.1215 0.1255 0.1255 0.146 0.146 0.1315 0.1315 0.1315 0.113 0.113 0.1295 0.1295 0.1275 0.1275 0.1275 0.121
0.1335 0.1335 0.1505 0.1505 0.1435 0.1435 0.149 0.149 0.149 0.1405 0.1405 0.146 0.146 0.141 0.141 0.134 0.134 0.134 0.135 0.135 0.131 0.131 0.1365 0.1365 0.1365 0.135 0.135 0.142 0.142 0.145 0.145 0.145 0.134 0.134 0.1385 0.1385 0.133 0.133 0.133 0.1265 0.1265 0.157 0.157 0.1655 0.1655 0.1655 0.1655 0.1655 0.1665 0.1665 0.149 0.149 0.1405 0.1405 0.1405 0.1405 0.1405 0.126 0.126 0.1215 0.1215 0.1215 0.1255 0.1255 0.146 0.146 0.1315 0.1315 0.1315 0.113 0.113 0.1295 0.1295 0.1275 0.1275 0.1275 0.121
0.1285 0.1285 0.143 0.143 0.1365 0.1365 0.134 0.134 0.134 0.1325 0.1325 0.133 0.133 0.1465 0.1465 0.1425 0.1425 0.1425 0.139 0.139 0.142 0.142 0.1455 0.1455 0.1455 0.148 0.148 0.146 0.146 0.156 0.156 0.156 0.143 0.143 0.146 0.146 0.135 0.135 0.135 0.1375 0.1375 0.135 0.135 0.144 0.144 0.144 0.1375 0.1375 0.1165 0.1165 0.1145 0.1145 0.126 0.126 0.126 0.131 0.131 0.1365 0.1365 0.134 0.134 0.134 0.138 0.138 0.1365 0.1365 0.137 0.137 0.137 0.1425 0.1425 0.128 0.128 0.13 0.13 0.13 0.1245
0.1285 0.1285 0.143 0.143 0.1365 0.1365 0.134 0.134 0.134 0.1325 0.1325 0.133 0.133 0.1465 0.1465 0.1425 0.1425 0.1425 0.139 0.139 0.142 0.142 0.1455 0.1455 0.1455 0.148 0.148 0.146 0.146 0.156 0.156 0.156 0.143 0.143 0.146 0.146 0.135 0.135 0.135 0.1375 0.1375 0.135 0.135 0.144 0.144 0.144 0.1375 0.1375 0.1165 0.1165 0.1145 0.1145 0.126 0.126 0.126 0.131 0.131 0.1365 0.1365 0.134 0.134 0.134 0.138 0.138 0.1365 0.1365 0.137 0.137 0.137 0.1425 0.1425 0.128 0.128 0.13 0.13 0.13 0.1245
0.1285 0.1285 0.1355 0.1355 0.143 0.143 0.1465 0.1465 0.1465 0.139 0.139 0.1455 0.1455 0.1595 0.1595 0.1675 0.1675 0.1675 0.161 0.161 0.1535 0.1535 0.16 0.16 0.16 0.1635 0.1635 0.164 0.164 0.161 0.161 0.161 0.156 0.156 0.1595 0.1595 0.1445 0.1445 0.1445 0.1395 0.1395 0.1315 0.1315 0.157 0.157 0.157 0.151 0.151 0.1505 0.1505 0.152 0.152 0.1345 0.1345 0.1345 0.1475 0.1475 0.147 0.147 0.149 0.149 0.149 0.1385 0.1385 0.169 0.169 0.1595 0.1595 0.1595 0.1395 0.1395 0.1495 0.1495 0.121 0.121 0.121 0.1235
0.1285 0.1285 0.1355 0.1355 0.143 0.143 0.1465 0.1465 0.1465 0.139 0.139 0.1455 0.1455 0.1595 0.1595 0.1675 0.1675 0.1675 0.161 0.161 0.1535 0.1535 0.16 0.16 0.16 0.1635 0.1635 0.164 0.164 0.161 0.161 0.161 0.156 0.156 0.1595 0.1595 0.1445 0.1445 0.1445 0.1395 0.1395 0.1315 0.1315 0.157 0.157 0.157 0.151 0.151 0.1505 0.1505 0.152 0.152 0.1345 0.1345 0.1345 0.1475 0.1475 0.147 0.147 0.149 0.149 0.149 0.1385 0.1385 0.169 0.169 0.1595 0.1595 0.1595 0.1395 0.1395 0.1495 0.1495 0.121 0.121 0.121 0.1235
0.142 0.142 0.14 0.14 0.1495 0.1495 0.1455 0.1455 0.1455 0.144 0.144 0.1575 0.1575 0.154 0.154 0.1575 0.1575 0.1575 0.1635 0.1635 0.1695 0.1695 0.172 0.172 0.172 0.176 0.176 0.1715 0.1715 0.177 0.177 0.177 0.15 0.15 0.141 0.141 0.137 0.137 0.137 0.1425 0.1425 0.148 0.148 0.1735 0.1735 0.1735 0.166 0.166 0.15 0.15 0.163 0.163 0.1605 0.1605 0.1605 0.161 0.161 0.1575 0.1575 0.1645 0.1645 0.1645 0.1545 0.1545 0.156 0.156 0.146 0.146 0.146 0.147 0.147 0.1315 0.1315 0.1195 0.1195 0.1195 0.1705
