ndvi/NOAA-275.asc
ncols         252
nrows         154
xllcorner     -18.017974
yllcorner     13.481982
cellsize      0.035948
NODATA_value  -9999
[rows 102 to 135 of 154, columns 77 to 153 of 252]
0.312 0.312 0.2835 0.2835 0.3025 0.3025 0.299 0.299 0.299 0.2835 0.2835 0.2685 0.2685 0.2605 0.2605 0.267 0.267 0.267 0.2775 0.2775 0.301 0.301 0.277 0.277 0.277 0.3055 0.3055 0.2815 0.2815 0.338 0.338 0.338 0.332 0.332 0.3365 0.3365 0.33 0.33 0.33 0.342 0.342 0.3405 0.3405 0.3435 0.3435 0.3435 0.359 0.359 0.3535 0.3535 0.33 0.33 0.357 0.357 0.357 0.312 0.312 0.26 0.26 0.264 0.264 0.264 0.2185 0.2185 0.2645 0.2645 0.2815 0.2815 0.2815 0.3 0.3 0.2965 0.2965 0.2845 0.2845 0.2845 0.2605
0.29 0.29 0.2975 0.2975 0.288 0.288 0.306 0.306 0.306 0.2875 0.2875 0.2705 0.2705 0.2625 0.2625 0.272 0.272 0.272 0.282 0.282 0.2825 0.2825 0.3145 0.3145 0.3145 0.3375 0.3375 0.3555 0.3555 0.3105 0.3105 0.3105 0.3325 0.3325 0.3255 0.3255 0.352 0.352 0.352 0.3255 0.3255 0.3215 0.3215 0.324 0.324 0.324 0.355 0.355 0.304 0.304 0.2745 0.2745 0.329 0.329 0.329 0.2905 0.2905 0.291 0.291 0.2615 0.2615 0.2615 0.2455 0.2455 0.2565 0.2565 0.266 0.266 0.266 0.275 0.275 0.2095 0.2095 0.264 0.264 0.264 0.262
0.29 0.29 0.2975 0.2975 0.288 0.288 0.306 0.306 0.306 0.2875 0.2875 0.2705 0.2705 0.2625 0.2625 0.272 0.272 0.272 0.282 0.282 0.2825 0.2825 0.3145 0.3145 0.3145 0.3375 0.3375 0.3555 0.3555 0.3105 0.3105 0.3105 0.3325 0.3325 0.3255 0.3255 0.352 0.352 0.352 0.3255 0.3255 0.3215 0.3215 0.324 0.324 0.324 0.355 0.355 0.304 0.304 0.2745 0.2745 0.329 0.329 0.329 0.2905 0.2905 0.291 0.291 0.2615 0.2615 0.2615 0.2455 0.2455 0.2565 0.2565 0.266 0.266 0.266 0.275 0.275 0.2095 0.2095 0.264 0.264 0.264 0.262
0.29 0.29 0.2975 0.2975 0.288 0.288 0.306 0.306 0.306 0.2875 0.2875 0.2705 0.2705 0.2625 0.2625 0.272 0.272 0.272 0.282 0.282 0.2825 0.2825 0.3145 0.3145 0.3145 0.3375 0.3375 0.3555 0.3555 0.3105 0.3105 0.3105 0.3325 0.3325 0.3255 0.3255 0.352 0.352 0.352 0.3255 0.3255 0.3215 0.3215 0.324 0.324 0.324 0.355 0.355 0.304 0.304 0.2745 0.2745 0.329 0.329 0.329 0.2905 0.2905 0.291 0.291 0.2615 0.2615 0.2615 0.2455 0.2455 0.2565 0.2565 0.266 0.266 0.266 0.275 0.275 0.2095 0.2095 0.264 0.264 0.264 0.262
0.279 0.279 0.272 0.272 0.2785 0.2785 0.295 0.295 0.295 0.275 0.275 0.289 0.289 0.2975 0.2975 0.288 0.288 0.288 0.297 0.297 0.3485 0.3485 0.336 0.336 0.336 0.357 0.357 0.353 0.353 0.327 0.327 0.327 0.334 0.334 0.3275 0.3275 0.352 0.352 0.352 0.3325 0.3325 0.3195 0.3195 0.327 0.327 0.327 0.3305 0.3305 0.3295 0.3295 0.276 0.276 0.3165 0.3165 0.3165 0.2855 0.2855 0.2645 0.2645 0.303 0.303 0.303 0.2685 0.2685 0.289 0.289 0.2885 0.2885 0.2885 0.2605 0.2605 0.265 0.265 0.2395 0.2395 0.2395 0.2595
0.279 0.279 0.272 0.272 0.2785 0.2785 0.295 0.295 0.295 0.275 0.275 0.289 0.289 0.2975 0.2975 0.288 0.288 0.288 0.297 0.297 0.3485 0.3485 0.336 0.336 0.336 0.357 0.357 0.353 0.353 0.327 0.327 0.327 0.334 0.334 0.3275 0.3275 0.352 0.352 0.352 0.3325 0.3325 0.3195 0.3195 0.327 0.327 0.327 0.3305 0.3305 0.3295 0.3295 0.276 0.276 0.3165 0.3165 0.3165 0.2855 0.2855 0.2645 0.2645 0.303 0.303 0.303 0.2685 0.2685 0.289 0.289 0.2885 0.2885 0.2885 0.2605 0.2605 0.265 0.265 0.2395 0.2395 0.2395 0.2595
0.262 0.262 0.2915 0.2915 0.285 0.285 0.2785 0.2785 0.2785 0.316 0.316 0.326 0.326 0.304 0.304 0.3295 0.3295 0.3295 0.3635 0.3635 0.3635 0.3635 0.336 0.336 0.336 0.3685 0.3685 0.3525 0.3525 0.3615 0.3615 0.3615 0.3245 0.3245 0.3285 0.3285 0.3555 0.3555 0.3555 0.3155 0.3155 0.2925 0.2925 0.297 0.297 0.297 0.2825 0.2825 0.2695 0.2695 0.26 0.26 0.3225 0.3225 0.3225 0.2945 0.2945 0.2805 0.2805 0.2825 0.2825 0.2825 0.3495 0.3495 0.317 0.317 0.307 0.307 0.307 0.221 0.221 0.2835 0.2835 0.2445 0.2445 0.2445 0.286
0.262 0.262 0.2915 0.2915 0.285 0.285 0.2785 0.2785 0.2785 0.316 0.316 0.326 0.326 0.304 0.304 0.3295 0.3295 0.3295 0.3635 0.3635 0.3635 0.3635 0.336 0.336 0.336 0.3685 0.3685 0.3525 0.3525 0.3615 0.3615 0.3615 0.3245 0.3245 0.3285 0.3285 0.3555 0.3555 0.3555 0.3155 0.3155 0.2925 0.2925 0.297 0.297 0.297 0.2825 0.2825 0.2695 0.2695 0.26 0.26 0.3225 0.3225 0.3225 0.2945 0.2945 0.2805 0.2805 0.2825 0.2825 0.2825 0.3495 0.3495 0.317 0.317 0.307 0.307 0.307 0.221 0.221 0.2835 0.2835 0.2445 0.2445 0.2445 0.286
0.3095 0.3095 0.311 0.311 0.2905 0.2905 0.281 0.281 0.281 0.293 0.293 0.315 0.315 0.332 0.332 0.344 0.344 0.344 0.3475 0.3475 0.322 0.322 0.3175 0.3175 0.3175 0.333 0.333 0.337 0.337 0.33 0.33 0.33 0.33 0.33 0.3635 0.3635 0.285 0.285 0.285 0.288 0.288 0.27 0.27 0.338 0.338 0.338 0.298 0.298 0.327 0.327 0.304 0.304 0.337 0.337 0.337 0.353 0.353 0.333 0.333 0.322 0.322 0.322 0.329 0.329 0.31 0.31 0.2545 0.2545 0.2545 0.2715 0.2715 0.2795 0.2795 0.303 0.303 0.303 0.2965
0.3095 0.3095 0.311 0.311 0.2905 0.2905 0.281 0.281 0.281 0.293 0.293 0.315 0.315 0.332 0.332 0.344 0.344 0.344 0.3475 0.3475 0.322 0.322 0.3175 0.3175 0.3175 0.333 0.333 0.337 0.337 0.33 0.33 0.33 0.33 0.33 0.3635 0.3635 0.285 0.285 0.285 0.288 0.288 0.27 0.27 0.338 0.338 0.338 0.298 0.298 0.327 0.327 0.304 0.304 0.337 0.337 0.337 0.353 0.353 0.333 0.333 0.322 0.322 0.322 0.329 0.329 0.31 0.31 0.2545 0.2545 0.2545 0.2715 0.2715 0.2795 0.2795 0.303 0.303 0.303 0.2965
0.3095 0.3095 0.311 0.311 0.2905 0.2905 0.281 0.281 0.281 0.293 0.293 0.315 0.315 0.332 0.332 0.344 0.344 0.344 0.3475 0.3475 0.322 0.322 0.3175 0.3175 0.3175 0.333 0.333 0.337 0.337 0.33 0.33 0.33 0.33 0.33 0.3635 0.3635 0.285 0.285 0.285 0.288 0.288 0.27 0.27 0.338 0.338 0.338 0.298 0.298 0.327 0.327 0.304 0.304 0.337 0.337 0.337 0.353 0.353 0.333 0.333 0.322 0.322 0.322 0.329 0.329 0.31 0.31 0.2545 0.2545 0.2545 0.2715 0.2715 0.2795 0.2795 0.303 0.303 0.303 0.2965
0.2595 0.2595 0.2775 0.2775 0.2975 0.2975 0.317 0.317 0.317 0.3125 0.3125 0.342 0.342 0.3315 0.3315 0.342 0.342 0.342 0.375 0.375 0.339 0.339 0.3195 0.3195 0.3195 0.344 0.344 0.3205 0.3205 0.3255 0.3255 0.3255 0.334 0.334 0.345 0.345 0.297 0.297 0.297 0.303 0.303 0.2425 0.2425 0.304 0.304 0.304 0.321 0.321 0.405 0.405 0.2495 0.2495 0.302 0.302 0.302 0.279 0.279 0.3105 0.3105 0.334 0.334 0.334 0.345 0.345 0.27 0.27 0.2615 0.2615 0.2615 0.2125 0.2125 0.2175 0.2175 0.281 0.281 0.281 0.286
0.2595 0.2595 0.2775 0.2775 0.2975 0.2975 0.317 0.317 0.317 0.3125 0.3125 0.342 0.342 0.3315 0.3315 0.342 0.342 0.342 0.375 0.375 0.339 0.339 0.3195 0.3195 0.3195 0.344 0.344 0.3205 0.3205 0.3255 0.3255 0.3255 0.334 0.334 0.345 0.345 0.297 0.297 0.297 0.303 0.303 0.2425 0.2425 0.304 0.304 0.304 0.321 0.321 0.405 0.405 0.2495 0.2495 0.302 0.302 0.302 0.279 0.279 0.3105 0.3105 0.334 0.334 0.334 0.345 0.345 0.27 0.27 0.2615 0.2615 0.2615 0.2125 0.2125 0.2175 0.2175 0.281 0.281 0.281 0.286
0.2555 0.2555 0.255 0.255 0.2705 0.2705 0.2815 0.2815 0.2815 0.3065 0.3065 0.331 0.331 0.3075 0.3075 0.3275 0.3275 0.3275 0.341 0.341 0.347 0.347 0.321 0.321 0.321 0.3775 0.3775 0.3105 0.3105 0.323 0.323 0.323 0.335 0.335 0.3595 0.3595 0.3415 0.3415 0.3415 0.2555 0.2555 0.3045 0.3045 0.377 0.377 0.377 0.351 0.351 0.391 0.391 0.404 0.404 0.268 0.268 0.268 0.275 0.275 0.29 0.29 0.3405 0.3405 0.3405 0.319 0.319 0.2985 0.2985 0.308 0.308 0.308 0.313 0.313 0.25 0.25 0.258 0.258 0.258 0.2555
0.2555 0.2555 0.255 0.255 0.2705 0.2705 0.2815 0.2815 0.2815 0.3065 0.3065 0.331 0.331 0.3075 0.3075 0.3275 0.3275 0.3275 0.341 0.341 0.347 0.347 0.321 0.321 0.321 0.3775 0.3775 0.3105 0.3105 0.323 0.323 0.323 0.335 0.335 0.3595 0.3595 0.3415 0.3415 0.3415 0.2555 0.2555 0.3045 0.3045 0.377 0.377 0.377 0.351 0.351 0.391 0.391 0.404 0.404 0.268 0.268 0.268 0.275 0.275 0.29 0.29 0.3405 0.3405 0.3405 0.319 0.319 0.2985 0.2985 0.308 0.308 0.308 0.313 0.313 0.25 0.25 0.258 0.258 0.258 0.2555
0.243 0.243 0.2655 0.2655 0.2645 0.2645 0.272 0.272 0.272 0.273 0.273 0.319 0.319 0.3195 0.3195 0.346 0.346 0.346 0.3435 0.3435 0.3575 0.3575 0.3295 0.3295 0.3295 0.3705 0.3705 0.318 0.318 0.311 0.311 0.311 0.3175 0.3175 0.3485 0.3485 0.3235 0.3235 0.3235 0.3295 0.3295 0.3375 0.3375 0.373 0.373 0.373 0.3755 0.3755 0.367 0.367 0.379 0.379 0.337 0.337 0.337 0.362 0.362 0.253 0.253 0.315 0.315 0.315 0.3335 0.3335 0.3455 0.3455 0.347 0.347 0.347 0.2855 0.2855 0.2425 0.2425 0.2725 0.2725 0.2725 0.2655
0.243 0.243 0.2655 0.2655 0.2645 0.2645 0.272 0.272 0.272 0.273 0.273 0.319 0.319 0.3195 0.3195 0.346 0.346 0.346 0.3435 0.3435 0.3575 0.3575 0.3295 0.3295 0.3295 0.3705 0.3705 0.318 0.318 0.311 0.311 0.311 0.3175 0.3175 0.3485 0.3485 0.3235 0.3235 0.3235 0.3295 0.3295 0.3375 0.3375 0.373 0.373 0.373 0.3755 0.3755 0.367 0.367 0.379 0.379 0.337 0.337 0.337 0.362 0.362 0.253 0.253 0.315 0.315 0.315 0.3335 0.3335 0.3455 0.3455 0.347 0.347 0.347 0.2855 0.2855 0.2425 0.2425 0.2725 0.2725 0.2725 0.2655
0.243 0.243 0.2655 0.2655 0.2645 0.2645 0.272 0.272 0.272 0.273 0.273 0.319 0.319 0.3195 0.3195 0.346 0.346 0.346 0.3435 0.3435 0.3575 0.3575 0.3295 0.3295 0.3295 0.3705 0.3705 0.318 0.318 0.311 0.311 0.311 0.3175 0.3175 0.3485 0.3485 0.3235 0.3235 0.3235 0.3295 0.3295 0.3375 0.3375 0.373 0.373 0.373 0.3755 0.3755 0.367 0.367 0.379 0.379 0.337 0.337 0.337 0.362 0.362 0.253 0.253 0.315 0.315 0.315 0.3335 0.3335 0.3455 0.3455 0.347 0.347 0.347 0.2855 0.2855 0.2425 0.2425 0.2725 0.2725 0.2725 0.2655
0.287 0.287 0.304 0.304 0.2825 0.2825 0.27 0.27 0.27 0.2865 0.2865 0.321 0.321 0.319 0.319 0.3385 0.3385 0.3385 0.3675 0.3675 0.376 0.376 0.3675 0.3675 0.3675 0.326 0.326 0.3485 0.3485 0.3215 0.3215 0.3215 0.359 0.359 0.348 0.348 0.3595 0.3595 0.3595 0.387 0.387 0.372 0.372 0.352 0.352 0.352 0.3825 0.3825 0.388 0.388 0.3355 0.3355 0.28 0.28 0.28 0.3665 0.3665 0.3235 0.3235 0.326 0.326 0.326 0.343 0.343 0.355 0.355 0.34 0.34 0.34 0.307 0.307 0.282 0.282 0.294 0.294 0.294 0.266
0.287 0.287 0.304 0.304 0.2825 0.2825 0.27 0.27 0.27 0.2865 0.2865 0.321 0.321 0.319 0.319 0.3385 0.3385 0.3385 0.3675 0.3675 0.376 0.376 0.3675 0.3675 0.3675 0.326 0.326 0.3485 0.3485 0.3215 0.3215 0.3215 0.359 0.359 0.348 0.348 0.3595 0.3595 0.3595 0.387 0.387 0.372 0.372 0.352 0.352 0.352 0.3825 0.3825 0.388 0.388 0.3355 0.3355 0.28 0.28 0.28 0.3665 0.3665 0.3235 0.3235 0.326 0.326 0.326 0.343 0.343 0.355 0.355 0.34 0.34 0.34 0.307 0.307 0.282 0.282 0.294 0.294 0.294 0.266
0.327 0.327 0.294 0.294 0.284 0.284 0.306 0.306 0.306 0.3335 0.3335 0.3275 0.3275 0.336 0.336 0.3175 0.3175 0.3175 0.3485 0.3485 0.3615 0.3615 0.357 0.357 0.357 0.3465 0.3465 0.334 0.334 0.363 0.363 0.363 0.3585 0.3585 0.37 0.37 0.3995 0.3995 0.3995 0.359 0.359 0.343 0.343 0.3065 0.3065 0.3065 0.3455 0.3455 0.343 0.343 0.3375 0.3375 0.273 0.273 0.273 0.273 0.273 0.2925 0.2925 0.3175 0.3175 0.3175 0.3305 0.3305 0.306 0.306 0.3295 0.3295 0.3295 0.3285 0.3285 0.3045 0.3045 0.301 0.301 0.301 0.299
0.327 0.327 0.294 0.294 0.284 0.284 0.306 0.306 0.306 0.3335 0.3335 0.3275 0.3275 0.336 0.336 0.3175 0.3175 0.3175 0.3485 0.3485 0.3615 0.3615 0.357 0.357 0.357 0.3465 0.3465 0.334 0.334 0.363 0.363 0.363 0.3585 0.3585 0.37 0.37 0.3995 0.3995 0.3995 0.359 0.359 0.343 0.343 0.3065 0.3065 0.3065 0.3455 0.3455 0.343 0.343 0.3375 0.3375 0.273 0.273 0.273 0.273 0.273 0.2925 0.2925 0.3175 0.3175 0.3175 0.3305 0.3305 0.306 0.306 0.3295 0.3295 0.3295 0.3285 0.3285 0.3045 0.3045 0.301 0.301 0.301 0.299
0.336 0.336 0.3155 0.3155 0.295 0.295 0.2925 0.2925 0.2925 0.295 0.295 0.3055 0.3055 0.298 0.298 0.3485 0.3485 0.3485 0.331 0.331 0.3845 0.3845 0.388 0.388 0.388 0.3955 0.3955 0.361 0.361 0.3835 0.3835 0.3835 0.3885 0.3885 0.3965 0.3965 0.3515 0.3515 0.3515 0.3465 0.3465 0.3305 0.3305 0.318 0.318 0.318 0.3335 0.3335 0.358 0.358 0.36 0.36 0.3285 0.3285 0.3285 0.3375 0.3375 0.291 0.291 0.308 0.308 0.308 0.305 0.305 0.2995 0.2995 0.324 0.324 0.324 0.305 0.305 0.329 0.329 0.3065 0.3065 0.3065 0.317
0.336 0.336 0.3155 0.3155 0.295 0.295 0.2925 0.2925 0.2925 0.295 0.295 0.3055 0.3055 0.298 0.298 0.3485 0.3485 0.3485 0.331 0.331 0.3845 0.3845 0.388 0.388 0.388 0.3955 0.3955 0.361 0.361 0.3835 0.3835 0.3835 0.3885 0.3885 0.3965 0.3965 0.3515 0.3515 0.3515 0.3465 0.3465 0.3305 0.3305 0.318 0.318 0.318 0.3335 0.3335 0.358 0.358 0.36 0.36 0.3285 0.3285 0.3285 0.3375 0.3375 0.291 0.291 0.308 0.308 0.308 0.305 0.305 0.2995 0.2995 0.324 0.324 0.324 0.305 0.305 0.329 0.329 0.3065 0.3065 0.3065 0.317
0.3105 0.3105 0.317 0.317 0.3105 0.3105 0.303 0.303 0.303 0.2975 0.2975 0.2955 0.2955 0.317 0.317 0.324 0.324 0.324 0.343 0.343 0.3795 0.3795 0.397 0.397 0.397 0.4075 0.4075 0.393 0.393 0.381 0.381 0.381 0.342 0.342 0.363 0.363 0.33 0.33 0.33 0.3695 0.3695 0.3025 0.3025 0.3245 0.3245 0.3245 0.359 0.359 0.3735 0.3735 0.3235 0.3235 0.337 0.337 0.337 0.28 0.28 0.2755 0.2755 0.2845 0.2845 0.2845 0.31 0.31 0.3335 0.3335 0.3225 0.3225 0.3225 0.2975 0.2975 0.3335 0.3335 0.324 0.324 0.324 0.3255
0.3105 0.3105 0.317 0.317 0.3105 0.3105 0.303 0.303 0.303 0.2975 0.2975 0.2955 0.2955 0.317 0.317 0.324 0.324 0.324 0.343 0.343 0.3795 0.3795 0.397 0.397 0.397 0.4075 0.4075 0.393 0.393 0.381 0.381 0.381 0.342 0.342 0.363 0.363 0.33 0.33 0.33 0.3695 0.3695 0.3025 0.3025 0.3245 0.3245 0.3245 0.359 0.359 0.3735 0.3735 0.3235 0.3235 0.337 0.337 0.337 0.28 0.28 0.2755 0.2755 0.2845 0.2845 0.2845 0.31 0.31 0.3335 0.3335 0.3225 0.3225 0.3225 0.2975 0.2975 0.3335 0.3335 0.324 0.324 0.324 0.3255
0.3105 0.3105 0.317 0.317 0.3105 0.3105 0.303 0.303 0.303 0.2975 0.2975 0.2955 0.2955 0.317 0.317 0.324 0.324 0.324 0.343 0.343 0.3795 0.3795 0.397 0.397 0.397 0.4075 0.4075 0.393 0.393 0.381 0.381 0.381 0.342 0.342 0.363 0.363 0.33 0.33 0.33 0.3695 0.3695 0.3025 0.3025 0.3245 0.3245 0.3245 0.359 0.359 0.3735 0.3735 0.3235 0.3235 0.337 0.337 0.337 0.28 0.28 0.2755 0.2755 0.2845 0.2845 0.2845 0.31 0.31 0.3335 0.3335 0.3225 0.3225 0.3225 0.2975 0.2975 0.3335 0.3335 0.324 0.324 0.324 0.3255
0.329 0.329 0.3305 0.3305 0.3225 0.3225 0.3165 0.3165 0.3165 0.317 0.317 0.3125 0.3125 0.3295 0.3295 0.3565 0.3565 0.3565 0.345 0.345 0.3705 0.3705 0.402 0.402 0.402 0.391 0.391 0.384 0.384 0.3885 0.3885 0.3885 0.325 0.325 0.3155 0.3155 0.3495 0.3495 0.3495 0.3485 0.3485 0.308 0.308 0.3445 0.3445 0.3445 0.3485 0.3485 0.3005 0.3005 0.2915 0.2915 0.3475 0.3475 0.3475 0.335 0.335 0.343 0.343 0.337 0.337 0.337 0.3175 0.3175 0.3255 0.3255 0.373 0.373 0.373 0.3115 0.3115 0.3255 0.3255 0.3005 0.3005 0.3005 0.3385
0.329 0.329 0.3305 0.3305 0.3225 0.3225 0.3165 0.3165 0.3165 0.317 0.317 0.3125 0.3125 0.3295 0.3295 0.3565 0.3565 0.3565 0.345 0.345 0.3705 0.3705 0.402 0.402 0.402 0.391 0.391 0.384 0.384 0.3885 0.3885 0.3885 0.325 0.325 0.3155 0.3155 0.3495 0.3495 0.3495 0.3485 0.3485 0.308 0.308 0.3445 0.3445 0.3445 0.3485 0.3485 0.3005 0.3005 0.2915 0.2915 0.3475 0.3475 0.3475 0.335 0.335 0.343 0.343 0.337 0.337 0.337 0.3175 0.3175 0.3255 0.3255 0.373 0.373 0.373 0.3115 0.3115 0.3255 0.3255 0.3005 0.3005 0.3005 0.3385
0.3365 0.3365 0.349 0.349 0.3275 0.3275 0.2985 0.2985 0.2985 0.3585 0.3585 0.338 0.338 0.355 0.355 0.3665 0.3665 0.3665 0.365 0.365 0.366 0.366 0.373 0.373 0.373 0.3915 0.3915 0.3685 0.3685 0.306 0.306 0.306 0.304 0.304 0.3175 0.3175 0.332 0.332 0.332 0.322 0.322 0.3455 0.3455 0.334 0.334 0.334 0.3255 0.3255 0.352 0.352 0.313 0.313 0.3045 0.3045 0.3045 0.3345 0.3345 0.296 0.296 0.3295 0.3295 0.3295 0.3625 0.3625 0.3215 0.3215 0.3635 0.3635 0.3635 0.4015 0.4015 0.3665 0.3665 0.3305 0.3305 0.3305 0.3055
0.3365 0.3365 0.349 0.349 0.3275 0.3275 0.2985 0.2985 0.2985 0.3585 0.3585 0.338 0.338 0.355 0.355 0.3665 0.3665 0.3665 0.365 0.365 0.366 0.366 0.373 0.373 0.373 0.3915 0.3915 0.3685 0.3685 0.306 0.306 0.306 0.304 0.304 0.3175 0.3175 0.332 0.332 0.332 0.322 0.322 0.3455 0.3455 0.334 0.334 0.334 0.3255 0.3255 0.352 0.352 0.313 0.313 0.3045 0.3045 0.3045 0.3345 0.3345 0.296 0.296 0.3295 0.3295 0.3295 0.3625 0.3625 0.3215 0.3215 0.3635 0.3635 0.3635 0.4015 0.4015 0.3665 0.3665 0.3305 0.3305 0.3305 0.3055
0.3215 0.3215 0.3445 0.3445 0.341 0.341 0.3475 0.3475 0.3475 0.347 0.347 0.32 0.32 0.3265 0.3265 0.3475 0.3475 0.3475 0.339 0.339 0.344 0.344 0.3845 0.3845 0.3845 0.3435 0.3435 0.326 0.326 0.306 0.306 0.306 0.351 0.351 0.323 0.323 0.357 0.357 0.357 0.3535 0.3535 0.391 0.391 0.3775 0.3775 0.3775 0.3775 0.3775 0.3715 0.3715 0.4105 0.4105 0.384 0.384 0.384 0.376 0.376 0.3415 0.3415 0.3375 0.3375 0.3375 0.396 0.396 0.408 0.408 0.4355 0.4355 0.4355 0.3635 0.3635 0.3915 0.3915 0.379 0.379 0.379 0.306
0.3215 0.3215 0.3445 0.3445 0.341 0.341 0.3475 0.3475 0.3475 0.347 0.347 0.32 0.32 0.3265 0.3265 0.3475 0.3475 0.3475 0.339 0.339 0.344 0.344 0.3845 0.3845 0.3845 0.3435 0.3435 0.326 0.326 0.306 0.306 0.306 0.351 0.351 0.323 0.323 0.357 0.357 0.357 0.3535 0.3535 0.391 0.391 0.3775 0.3775 0.3775 0.3775 0.3775 0.3715 0.3715 0.4105 0.4105 0.384 0.384 0.384 0.376 0.376 0.3415 0.3415 0.3375 0.3375 0.3375 0.396 0.396 0.408 0.408 0.4355 0.4355 0.4355 0.3635 0.3635 0.3915 0.3915 0.379 0.379 0.379 0.306
0.3215 0.3215 0.3445 0.3445 0.341 0.341 0.3475 0.3475 0.3475 0.347 0.347 0.32 0.32 0.3265 0.3265 0.3475 0.3475 0.3475 0.339 0.339 0.344 0.344 0.3845 0.3845 0.3845 0.3435 0.3435 0.326 0.326 0.306 0.306 0.306 0.351 0.351 0.323 0.323 0.357 0.357 0.357 0.3535 0.3535 0.391 0.391 0.3775 0.3775 0.3775 0.3775 0.3775 0.3715 0.3715 0.4105 0.4105 0.384 0.384 0.384 0.376 0.376 0.3415 0.3415 0.3375 0.3375 0.3375 0.396 0.396 0.408 0.408 0.4355 0.4355 0.4355 0.3635 0.3635 0.3915 0.3915 0.379 0.379 0.379 0.306
