ndvi/NOAA-47.asc
ncols         252
nrows         154
xllcorner     -18.017974
yllcorner     13.481982
cellsize      0.035948
NODATA_value  -9999
[rows 102 to 135 of 154, columns 0 to 76 of 252]
-1 -1 -1 -1 -1 -1 -1 -1 -1 -1 -1 -1 -1 -1 -1 -1 -1 -1 -1 -1 -1 -1 -1 -1 -1 0.0117 0.0117 0.0117 0.1695 0.1695 0.3335 0.3335 0.321 0.321 0.321 0.2965 0.2965 0.3045 0.3045 0.32 0.32 0.32 0.3055 0.3055 0.2865 0.2865 0.2735 0.2735 0.2735 0.2845 0.2845 0.3 0.3 0.312 0.312 0.313 0.313 0.313 0.308 0.308 0.3065 0.3065 0.3065 0.3065 0.3065 0.296 0.296 0.3 0.3 0.2815 0.2815 0.2815 0.2685 0.2685 0.265 0.265 0.277
-1 -1 -1 -1 -1 -1 -1 -1 -1 -1 -1 -1 -1 -1 -1 -1 -1 -1 -1 -1 -1 -1 -1 0.0177 0.0177 0.237 0.237 0.237 0.3255 0.3255 0.315 0.315 0.3005 0.3005 0.3005 0.333 0.333 0.2995 0.2995 0.316 0.316 0.316 0.311 0.311 0.301 0.301 0.309 0.309 0.309 0.3215 0.3215 0.3095 0.3095 0.3195 0.3195 0.314 0.314 0.314 0.315 0.315 0.3 0.3 0.3 0.3 0.3 0.3045 0.3045 0.323 0.323 0.3195 0.3195 0.3195 0.289 0.289 0.286 0.286 0.287
-1 -1 -1 -1 -1 -1 -1 -1 -1 -1 -1 -1 -1 -1 -1 -1 -1 -1 -1 -1 -1 -1 -1 0.0177 0.0177 0.237 0.237 0.237 0.3255 0.3255 0.315 0.315 0.3005 0.3005 0.3005 0.333 0.333 0.2995 0.2995 0.316 0.316 0.316 0.311 0.311 0.301 0.301 0.309 0.309 0.309 0.3215 0.3215 0.3095 0.3095 0.3195 0.3195 0.314 0.314 0.314 0.315 0.315 0.3 0.3 0.3 0.3 0.3 0.3045 0.3045 0.323 0.323 0.3195 0.3195 0.3195 0.289 0.289 0.286 0.286 0.287
-1 -1 -1 -1 -1 -1 -1 -1 -1 -1 -1 -1 -1 -1 -1 -1 -1 -1 -1 -1 -1 -1 -1 0.0177 0.0177 0.237 0.237 0.237 0.3255 0.3255 0.315 0.315 0.3005 0.3005 0.3005 0.333 0.333 0.2995 0.2995 0.316 0.316 0.316 0.311 0.311 0.301 0.301 0.309 0.309 0.309 0.3215 0.3215 0.3095 0.3095 0.3195 0.3195 0.314 0.314 0.314 0.315 0.315 0.3 0.3 0.3 0.3 0.3 0.3045 0.3045 0.323 0.323 0.3195 0.3195 0.3195 0.289 0.289 0.286 0.286 0.287
-1 -1 -1 -1 -1 -1 -1 -1 -1 -1 -1 -1 -1 -1 -1 -1 -1 -1 -1 -1 -1 0.0197 0.0197 0.1775 0.1775 0.3575 0.3575 0.3575 0.3295 0.3295 0.2975 0.2975 0.298 0.298 0.298 0.2875 0.2875 0.3005 0.3005 0.313 0.313 0.313 0.3215 0.3215 0.3035 0.3035 0.31 0.31 0.31 0.311 0.311 0.328 0.328 0.313 0.313 0.3165 0.3165 0.3165 0.312 0.312 0.3055 0.3055 0.3055 0.3055 0.3055 0.3105 0.3105 0.3385 0.3385 0.3445 0.3445 0.3445 0.331 0.331 0.284 0.284 0.2815
-1 -1 -1 -1 -1 -1 -1 -1 -1 -1 -1 -1 -1 -1 -1 -1 -1 -1 -1 -1 -1 0.0197 0.0197 0.1775 0.1775 0.3575 0.3575 0.3575 0.3295 0.3295 0.2975 0.2975 0.298 0.298 0.298 0.2875 0.2875 0.3005 0.3005 0.313 0.313 0.313 0.3215 0.3215 0.3035 0.3035 0.31 0.31 0.31 0.311 0.311 0.328 0.328 0.313 0.313 0.3165 0.3165 0.3165 0.312 0.312 0.3055 0.3055 0.3055 0.3055 0.3055 0.3105 0.3105 0.3385 0.3385 0.3445 0.3445 0.3445 0.331 0.331 0.284 0.284 0.2815
-1 -1 -1 -1 -1 -1 -1 -1 -1 -1 -1 -1 -1 -1 -1 -1 -1 -1 -1 -1 -1 0.149 0.149 0.353 0.353 0.3635 0.3635 0.3635 0.3575 0.3575 0.3495 0.3495 0.3335 0.3335 0.3335 0.318 0.318 0.316 0.316 0.3125 0.3125 0.3125 0.313 0.313 0.338 0.338 0.332 0.332 0.332 0.323 0.323 0.326 0.326 0.3105 0.3105 0.314 0.314 0.314 0.304 0.304 0.3275 0.3275 0.3275 0.3275 0.3275 0.317 0.317 0.335 0.335 0.344 0.344 0.344 0.322 0.322 0.2935 0.2935 0.2895
-1 -1 -1 -1 -1 -1 -1 -1 -1 -1 -1 -1 -1 -1 -1 -1 -1 -1 -1 -1 -1 0.149 0.149 0.353 0.353 0.3635 0.3635 0.3635 0.3575 0.3575 0.3495 0.3495 0.3335 0.3335 0.3335 0.318 0.318 0.316 0.316 0.3125 0.3125 0.3125 0.313 0.313 0.338 0.338 0.332 0.332 0.332 0.323 0.323 0.326 0.326 0.3105 0.3105 0.314 0.314 0.314 0.304 0.304 0.3275 0.3275 0.3275 0.3275 0.3275 0.317 0.317 0.335 0.335 0.344 0.344 0.344 0.322 0.322 0.2935 0.2935 0.2895
-1 -1 -1 -1 -1 -1 -1 -1 -1 -1 -1 -1 -1 -1 -1 -1 -1 -1 0.205 0.205 0.205 0.366 0.366 0.3745 0.3745 0.3585 0.3585 0.3585 0.374 0.374 0.3685 0.3685 0.3475 0.3475 0.3475 0.32 0.32 0.336 0.336 0.3365 0.3365 0.3365 0.324 0.324 0.335 0.335 0.323 0.323 0.323 0.3375 0.3375 0.3415 0.3415 0.332 0.332 0.331 0.331 0.331 0.3145 0.3145 0.331 0.331 0.331 0.331 0.331 0.337 0.337 0.3295 0.3295 0.326 0.326 0.326 0.2965 0.2965 0.2925 0.2925 0.3225
-1 -1 -1 -1 -1 -1 -1 -1 -1 -1 -1 -1 -1 -1 -1 -1 -1 -1 0.205 0.205 0.205 0.366 0.366 0.3745 0.3745 0.3585 0.3585 0.3585 0.374 0.374 0.3685 0.3685 0.3475 0.3475 0.3475 0.32 0.32 0.336 0.336 0.3365 0.3365 0.3365 0.324 0.324 0.335 0.335 0.323 0.323 0.323 0.3375 0.3375 0.3415 0.3415 0.332 0.332 0.331 0.331 0.331 0.3145 0.3145 0.331 0.331 0.331 0.331 0.331 0.337 0.337 0.3295 0.3295 0.326 0.326 0.326 0.2965 0.2965 0.2925 0.2925 0.3225
-1 -1 -1 -1 -1 -1 -1 -1 -1 -1 -1 -1 -1 -1 -1 -1 -1 -1 0.205 0.205 0.205 0.366 0.366 0.3745 0.3745 0.3585 0.3585 0.3585 0.374 0.374 0.3685 0.3685 0.3475 0.3475 0.3475 0.32 0.32 0.336 0.336 0.3365 0.3365 0.3365 0.324 0.324 0.335 0.335 0.323 0.323 0.323 0.3375 0.3375 0.3415 0.3415 0.332 0.332 0.331 0.331 0.331 0.3145 0.3145 0.331 0.331 0.331 0.331 0.331 0.337 0.337 0.3295 0.3295 0.326 0.326 0.326 0.2965 0.2965 0.2925 0.2925 0.3225
-1 -1 -1 -1 -1 -1 -1 -1 -1 -1 -1 -1 -1 -1 -1 -1 0.2737 0.2737 0.406 0.406 0.406 0.41 0.41 0.389 0.389 0.3545 0.3545 0.3545 0.3855 0.3855 0.3525 0.3525 0.3385 0.3385 0.3385 0.323 0.323 0.3215 0.3215 0.3275 0.3275 0.3275 0.322 0.322 0.3335 0.3335 0.328 0.328 0.328 0.336 0.336 0.3215 0.3215 0.3295 0.3295 0.323 0.323 0.323 0.35 0.35 0.35 0.35 0.35 0.35 0.35 0.342 0.342 0.306 0.306 0.3 0.3 0.3 0.307 0.307 0.302 0.302 0.3135
-1 -1 -1 -1 -1 -1 -1 -1 -1 -1 -1 -1 -1 -1 -1 -1 0.2737 0.2737 0.406 0.406 0.406 0.41 0.41 0.389 0.389 0.3545 0.3545 0.3545 0.3855 0.3855 0.3525 0.3525 0.3385 0.3385 0.3385 0.323 0.323 0.3215 0.3215 0.3275 0.3275 0.3275 0.322 0.322 0.3335 0.3335 0.328 0.328 0.328 0.336 0.336 0.3215 0.3215 0.3295 0.3295 0.323 0.323 0.323 0.35 0.35 0.35 0.35 0.35 0.35 0.35 0.342 0.342 0.306 0.306 0.3 0.3 0.3 0.307 0.307 0.302 0.302 0.3135
-1 -1 -1 -1 -1 -1 -1 -1 -1 -1 -1 -1 0.1992 0.1992 0.164 0.164 0.203 0.203 0.392 0.392 0.392 0.3985 0.3985 0.3925 0.3925 0.3855 0.3855 0.3855 0.3945 0.3945 0.38 0.38 0.3795 0.3795 0.3795 0.3865 0.3865 0.3865 0.3865 0.3805 0.3805 0.3805 0.391 0.391 0.3775 0.3775 0.3475 0.3475 0.3475 0.356 0.356 0.3345 0.3345 0.3475 0.3475 0.352 0.352 0.352 0.368 0.368 0.346 0.346 0.346 0.346 0.346 0.352 0.352 0.3335 0.3335 0.32 0.32 0.32 0.3125 0.3125 0.315 0.315 0.333
-1 -1 -1 -1 -1 -1 -1 -1 -1 -1 -1 -1 0.1992 0.1992 0.164 0.164 0.203 0.203 0.392 0.392 0.392 0.3985 0.3985 0.3925 0.3925 0.3855 0.3855 0.3855 0.3945 0.3945 0.38 0.38 0.3795 0.3795 0.3795 0.3865 0.3865 0.3865 0.3865 0.3805 0.3805 0.3805 0.391 0.391 0.3775 0.3775 0.3475 0.3475 0.3475 0.356 0.356 0.3345 0.3345 0.3475 0.3475 0.352 0.352 0.352 0.368 0.368 0.346 0.346 0.346 0.346 0.346 0.352 0.352 0.3335 0.3335 0.32 0.32 0.32 0.3125 0.3125 0.315 0.315 0.333
-1 -1 -1 -1 -1 -1 -1 -1 -1 0.1995 0.1995 0.1995 0.1925 0.1925 0.1372 0.1372 0.1435 0.1435 0.1405 0.1405 0.1405 0.3795 0.3795 0.3885 0.3885 0.4125 0.4125 0.4125 0.4165 0.4165 0.389 0.389 0.3695 0.3695 0.3695 0.388 0.388 0.384 0.384 0.353 0.353 0.353 0.349 0.349 0.3655 0.3655 0.3445 0.3445 0.3445 0.348 0.348 0.334 0.334 0.339 0.339 0.3645 0.3645 0.3645 0.347 0.347 0.342 0.342 0.342 0.342 0.342 0.3365 0.3365 0.3345 0.3345 0.335 0.335 0.335 0.325 0.325 0.318 0.318 0.3235
-1 -1 -1 -1 -1 -1 -1 -1 -1 0.1995 0.1995 0.1995 0.1925 0.1925 0.1372 0.1372 0.1435 0.1435 0.1405 0.1405 0.1405 0.3795 0.3795 0.3885 0.3885 0.4125 0.4125 0.4125 0.4165 0.4165 0.389 0.389 0.3695 0.3695 0.3695 0.388 0.388 0.384 0.384 0.353 0.353 0.353 0.349 0.349 0.3655 0.3655 0.3445 0.3445 0.3445 0.348 0.348 0.334 0.334 0.339 0.339 0.3645 0.3645 0.3645 0.347 0.347 0.342 0.342 0.342 0.342 0.342 0.3365 0.3365 0.3345 0.3345 0.335 0.335 0.335 0.325 0.325 0.318 0.318 0.3235
-1 -1 -1 -1 -1 -1 -1 -1 -1 0.1995 0.1995 0.1995 0.1925 0.1925 0.1372 0.1372 0.1435 0.1435 0.1405 0.1405 0.1405 0.3795 0.3795 0.3885 0.3885 0.4125 0.4125 0.4125 0.4165 0.4165 0.389 0.389 0.3695 0.3695 0.3695 0.388 0.388 0.384 0.384 0.353 0.353 0.353 0.349 0.349 0.3655 0.3655 0.3445 0.3445 0.3445 0.348 0.348 0.334 0.334 0.339 0.339 0.3645 0.3645 0.3645 0.347 0.347 0.342 0.342 0.342 0.342 0.342 0.3365 0.3365 0.3345 0.3345 0.335 0.335 0.335 0.325 0.325 0.318 0.318 0.3235
-1 -1 -1 -1 -1 -1 -1 -1 -1 -1 -1 -1 0.0901 0.0901 0.0907 0.0907 0.0757 0.0757 0.132 0.132 0.132 0.347 0.347 0.374 0.374 0.4365 0.4365 0.4365 0.3965 0.3965 0.3915 0.3915 0.377 0.377 0.377 0.3655 0.3655 0.371 0.371 0.3615 0.3615 0.3615 0.3425 0.3425 0.356 0.356 0.3565 0.3565 0.3565 0.3295 0.3295 0.3225 0.3225 0.33 0.33 0.3505 0.3505 0.3505 0.341 0.341 0.32 0.32 0.32 0.32 0.32 0.3385 0.3385 0.3285 0.3285 0.3325 0.3325 0.3325 0.347 0.347 0.3305 0.3305 0.357
-1 -1 -1 -1 -1 -1 -1 -1 -1 -1 -1 -1 0.0901 0.0901 0.0907 0.0907 0.0757 0.0757 0.132 0.132 0.132 0.347 0.347 0.374 0.374 0.4365 0.4365 0.4365 0.3965 0.3965 0.3915 0.3915 0.377 0.377 0.377 0.3655 0.3655 0.371 0.371 0.3615 0.3615 0.3615 0.3425 0.3425 0.356 0.356 0.3565 0.3565 0.3565 0.3295 0.3295 0.3225 0.3225 0.33 0.33 0.3505 0.3505 0.3505 0.341 0.341 0.32 0.32 0.32 0.32 0.32 0.3385 0.3385 0.3285 0.3285 0.3325 0.3325 0.3325 0.347 0.347 0.3305 0.3305 0.357
-1 -1 -1 -1 -1 -1 -1 -1 -1 -1 -1 -1 -1 -1 -1 -1 -1 -1 0.0442 0.0442 0.0442 0.219 0.219 0.366 0.366 0.441 0.441 0.441 0.4035 0.4035 0.4005 0.4005 0.3575 0.3575 0.3575 0.346 0.346 0.337 0.337 0.36 0.36 0.36 0.362 0.362 0.3575 0.3575 0.36 0.36 0.36 0.3505 0.3505 0.334 0.334 0.3265 0.3265 0.3345 0.3345 0.3345 0.3415 0.3415 0.3455 0.3455 0.3455 0.3455 0.3455 0.324 0.324 0.3425 0.3425 0.3385 0.3385 0.3385 0.3575 0.3575 0.3325 0.3325 0.3345
-1 -1 -1 -1 -1 -1 -1 -1 -1 -1 -1 -1 -1 -1 -1 -1 -1 -1 0.0442 0.0442 0.0442 0.219 0.219 0.366 0.366 0.441 0.441 0.441 0.4035 0.4035 0.4005 0.4005 0.3575 0.3575 0.3575 0.346 0.346 0.337 0.337 0.36 0.36 0.36 0.362 0.362 0.3575 0.3575 0.36 0.36 0.36 0.3505 0.3505 0.334 0.334 0.3265 0.3265 0.3345 0.3345 0.3345 0.3415 0.3415 0.3455 0.3455 0.3455 0.3455 0.3455 0.324 0.324 0.3425 0.3425 0.3385 0.3385 0.3385 0.3575 0.3575 0.3325 0.3325 0.3345
-1 -1 -1 -1 -1 -1 -1 -1 -1 -1 -1 -1 -1 -1 -1 -1 -1 -1 -1 -1 -1 0.0566 0.0566 0.26 0.26 0.384 0.384 0.384 0.4105 0.4105 0.4045 0.4045 0.372 0.372 0.372 0.3525 0.3525 0.3445 0.3445 0.361 0.361 0.361 0.364 0.364 0.3325 0.3325 0.3605 0.3605 0.3605 0.3415 0.3415 0.386 0.386 0.38 0.38 0.3945 0.3945 0.3945 0.3795 0.3795 0.3815 0.3815 0.3815 0.3815 0.3815 0.3515 0.3515 0.3475 0.3475 0.3635 0.3635 0.3635 0.354 0.354 0.349 0.349 0.351
-1 -1 -1 -1 -1 -1 -1 -1 -1 -1 -1 -1 -1 -1 -1 -1 -1 -1 -1 -1 -1 0.0566 0.0566 0.26 0.26 0.384 0.384 0.384 0.4105 0.4105 0.4045 0.4045 0.372 0.372 0.372 0.3525 0.3525 0.3445 0.3445 0.361 0.361 0.361 0.364 0.364 0.3325 0.3325 0.3605 0.3605 0.3605 0.3415 0.3415 0.386 0.386 0.38 0.38 0.3945 0.3945 0.3945 0.3795 0.3795 0.3815 0.3815 0.3815 0.3815 0.3815 0.3515 0.3515 0.3475 0.3475 0.3635 0.3635 0.3635 0.354 0.354 0.349 0.349 0.351
-1 -1 -1 -1 -1 -1 -1 -1 -1 -1 -1 -1 -1 -1 -1 -1 -1 -1 -1 -1 -1 0.0912 0.0912 0.2186 0.2186 0.3295 0.3295 0.3295 0.383 0.383 0.4045 0.4045 0.3935 0.3935 0.3935 0.358 0.358 0.33 0.33 0.3135 0.3135 0.3135 0.3305 0.3305 0.3535 0.3535 0.383 0.383 0.383 0.383 0.383 0.3855 0.3855 0.397 0.397 0.3955 0.3955 0.3955 0.3945 0.3945 0.3925 0.3925 0.3925 0.3925 0.3925 0.3695 0.3695 0.3565 0.3565 0.364 0.364 0.364 0.362 0.362 0.3625 0.3625 0.382
-1 -1 -1 -1 -1 -1 -1 -1 -1 -1 -1 -1 -1 -1 -1 -1 -1 -1 -1 -1 -1 0.0912 0.0912 0.2186 0.2186 0.3295 0.3295 0.3295 0.383 0.383 0.4045 0.4045 0.3935 0.3935 0.3935 0.358 0.358 0.33 0.33 0.3135 0.3135 0.3135 0.3305 0.3305 0.3535 0.3535 0.383 0.383 0.383 0.383 0.383 0.3855 0.3855 0.397 0.397 0.3955 0.3955 0.3955 0.3945 0.3945 0.3925 0.3925 0.3925 0.3925 0.3925 0.3695 0.3695 0.3565 0.3565 0.364 0.364 0.364 0.362 0.362 0.3625 0.3625 0.382
-1 -1 -1 -1 -1 -1 -1 -1 -1 -1 -1 -1 -1 -1 -1 -1 -1 -1 -1 -1 -1 0.0912 0.0912 0.2186 0.2186 0.3295 0.3295 0.3295 0.383 0.383 0.4045 0.4045 0.3935 0.3935 0.3935 0.358 0.358 0.33 0.33 0.3135 0.3135 0.3135 0.3305 0.3305 0.3535 0.3535 0.383 0.383 0.383 0.383 0.383 0.3855 0.3855 0.397 0.397 0.3955 0.3955 0.3955 0.3945 0.3945 0.3925 0.3925 0.3925 0.3925 0.3925 0.3695 0.3695 0.3565 0.3565 0.364 0.364 0.364 0.362 0.362 0.3625 0.3625 0.382
-1 -1 -1 -1 -1 -1 -1 -1 -1 -1 -1 -1 -1 -1 -1 -1 -1 -1 -1 -1 -1 -1 -1 0.0796 0.0796 0.201 0.201 0.201 0.43 0.43 0.403 0.403 0.3795 0.3795 0.3795 0.359 0.359 0.2265 0.2265 0.214 0.214 0.214 0.3015 0.3015 0.33 0.33 0.374 0.374 0.374 0.395 0.395 0.42 0.42 0.4215 0.4215 0.423 0.423 0.423 0.38 0.38 0.3535 0.3535 0.3535 0.3535 0.3535 0.351 0.351 0.347 0.347 0.356 0.356 0.356 0.3465 0.3465 0.3545 0.3545 0.365
-1 -1 -1 -1 -1 -1 -1 -1 -1 -1 -1 -1 -1 -1 -1 -1 -1 -1 -1 -1 -1 -1 -1 0.0796 0.0796 0.201 0.201 0.201 0.43 0.43 0.403 0.403 0.3795 0.3795 0.3795 0.359 0.359 0.2265 0.2265 0.214 0.214 0.214 0.3015 0.3015 0.33 0.33 0.374 0.374 0.374 0.395 0.395 0.42 0.42 0.4215 0.4215 0.423 0.423 0.423 0.38 0.38 0.3535 0.3535 0.3535 0.3535 0.3535 0.351 0.351 0.347 0.347 0.356 0.356 0.356 0.3465 0.3465 0.3545 0.3545 0.365
-1 -1 -1 -1 -1 -1 -1 -1 -1 -1 -1 -1 -1 -1 -1 -1 -1 -1 -1 -1 -1 -1 -1 -1 -1 0.191 0.191 0.191 0.2895 0.2895 0.3845 0.3845 0.3445 0.3445 0.3445 0.268 0.268 0.1455 0.1455 0.174 0.174 0.174 0.3195 0.3195 0.3575 0.3575 0.423 0.423 0.423 0.3625 0.3625 0.404 0.404 0.391 0.391 0.3705 0.3705 0.3705 0.3645 0.3645 0.355 0.355 0.355 0.355 0.355 0.3455 0.3455 0.354 0.354 0.3565 0.3565 0.3565 0.3505 0.3505 0.3365 0.3365 0.302
-1 -1 -1 -1 -1 -1 -1 -1 -1 -1 -1 -1 -1 -1 -1 -1 -1 -1 -1 -1 -1 -1 -1 -1 -1 0.191 0.191 0.191 0.2895 0.2895 0.3845 0.3845 0.3445 0.3445 0.3445 0.268 0.268 0.1455 0.1455 0.174 0.174 0.174 0.3195 0.3195 0.3575 0.3575 0.423 0.423 0.423 0.3625 0.3625 0.404 0.404 0.391 0.391 0.3705 0.3705 0.3705 0.3645 0.3645 0.355 0.355 0.355 0.355 0.355 0.3455 0.3455 0.354 0.354 0.3565 0.3565 0.3565 0.3505 0.3505 0.3365 0.3365 0.302
-1 -1 -1 -1 -1 -1 -1 -1 -1 -1 -1 -1 -1 -1 -1 -1 -1 -1 -1 -1 -1 -1 -1 -1 -1 0.1006 0.1006 0.1006 0.2165 0.2165 0.321 0.321 0.3065 0.3065 0.3065 0.2855 0.2855 0.211 0.211 0.3305 0.3305 0.3305 0.425 0.425 0.3885 0.3885 0.323 0.323 0.323 0.3695 0.3695 0.4065 0.4065 0.403 0.403 0.391 0.391 0.391 0.3585 0.3585 0.3385 0.3385 0.3385 0.3385 0.3385 0.343 0.343 0.38 0.38 0.3685 0.3685 0.3685 0.3325 0.3325 0.3305 0.3305 0.2845
-1 -1 -1 -1 -1 -1 -1 -1 -1 -1 -1 -1 -1 -1 -1 -1 -1 -1 -1 -1 -1 -1 -1 -1 -1 0.1006 0.1006 0.1006 0.2165 0.2165 0.321 0.321 0.3065 0.3065 0.3065 0.2855 0.2855 0.211 0.211 0.3305 0.3305 0.3305 0.425 0.425 0.3885 0.3885 0.323 0.323 0.323 0.3695 0.3695 0.4065 0.4065 0.403 0.403 0.391 0.391 0.391 0.3585 0.3585 0.3385 0.3385 0.3385 0.3385 0.3385 0.343 0.343 0.38 0.38 0.3685 0.3685 0.3685 0.3325 0.3325 0.3305 0.3305 0.2845
-1 -1 -1 -1 -1 -1 -1 -1 -1 -1 -1 -1 -1 -1 -1 -1 -1 -1 -1 -1 -1 -1 -1 -1 -1 0.1006 0.1006 0.1006 0.2165 0.2165 0.321 0.321 0.3065 0.3065 0.3065 0.2855 0.2855 0.211 0.211 0.3305 0.3305 0.3305 0.425 0.425 0.3885 0.3885 0.323 0.323 0.323 0.3695 0.3695 0.4065 0.4065 0.403 0.403 0.391 0.391 0.391 0.3585 0.3585 0.3385 0.3385 0.3385 0.3385 0.3385 0.343 0.343 0.38 0.38 0.3685 0.3685 0.3685 0.3325 0.3325 0.3305 0.3305 0.2845
