ndvi/NOAA-106.asc
ncols         252
nrows         154
xllcorner     -18.017974
yllcorner     13.481982
cellsize      0.035948
NODATA_value  -9999
[rows 102 to 135 of 154, columns 78 to 155 of 252]
0.271 0.279 0.279 0.294 0.294 0.2765 0.2765 0.2765 0.2735 0.2735 0.2525 0.2525 0.2585 0.2585 0.268 0.268 0.268 0.2755 0.2755 0.2845 0.2845 0.325 0.325 0.325 0.3145 0.3145 0.2945 0.2945 0.3385 0.3385 0.3385 0.344 0.344 0.3535 0.3535 0.337 0.337 0.337 0.344 0.344 0.3625 0.3625 0.3755 0.3755 0.3755 0.4135 0.4135 0.371 0.371 0.3575 0.3575 0.3475 0.3475 0.3475 0.3575 0.3575 0.3725 0.3725 0.294 0.294 0.294 0.3615 0.3615 0.3845 0.3845 0.344 0.344 0.344 0.3825 0.3825 0.351 0.351 0.352 0.352 0.352 0.296 0.296 0.3095
0.272 0.269 0.269 0.292 0.292 0.2975 0.2975 0.2975 0.276 0.276 0.3065 0.3065 0.274 0.274 0.256 0.256 0.256 0.269 0.269 0.2735 0.2735 0.305 0.305 0.305 0.3265 0.3265 0.3365 0.3365 0.3145 0.3145 0.3145 0.3375 0.3375 0.33 0.33 0.3565 0.3565 0.3565 0.36 0.36 0.352 0.352 0.383 0.383 0.383 0.382 0.382 0.3485 0.3485 0.3985 0.3985 0.392 0.392 0.392 0.4195 0.4195 0.425 0.425 0.382 0.382 0.382 0.334 0.334 0.3085 0.3085 0.2945 0.2945 0.2945 0.3325 0.3325 0.2785 0.2785 0.282 0.282 0.282 0.3085 0.3085 0.292
0.272 0.269 0.269 0.292 0.292 0.2975 0.2975 0.2975 0.276 0.276 0.3065 0.3065 0.274 0.274 0.256 0.256 0.256 0.269 0.269 0.2735 0.2735 0.305 0.305 0.305 0.3265 0.3265 0.3365 0.3365 0.3145 0.3145 0.3145 0.3375 0.3375 0.33 0.33 0.3565 0.3565 0.3565 0.36 0.36 0.352 0.352 0.383 0.383 0.383 0.382 0.382 0.3485 0.3485 0.3985 0.3985 0.392 0.392 0.392 0.4195 0.4195 0.425 0.425 0.382 0.382 0.382 0.334 0.334 0.3085 0.3085 0.2945 0.2945 0.2945 0.3325 0.3325 0.2785 0.2785 0.282 0.282 0.282 0.3085 0.3085 0.292
0.272 0.269 0.269 0.292 0.292 0.2975 0.2975 0.2975 0.276 0.276 0.3065 0.3065 0.274 0.274 0.256 0.256 0.256 0.269 0.269 0.2735 0.2735 0.305 0.305 0.305 0.3265 0.3265 0.3365 0.3365 0.3145 0.3145 0.3145 0.3375 0.3375 0.33 0.33 0.3565 0.3565 0.3565 0.36 0.36 0.352 0.352 0.383 0.383 0.383 0.382 0.382 0.3485 0.3485 0.3985 0.3985 0.392 0.392 0.392 0.4195 0.4195 0.425 0.425 0.382 0.382 0.382 0.334 0.334 0.3085 0.3085 0.2945 0.2945 0.2945 0.3325 0.3325 0.2785 0.2785 0.282 0.282 0.282 0.3085 0.3085 0.292
0.2885 0.3005 0.3005 0.2825 0.2825 0.309 0.309 0.309 0.3595 0.3595 0.329 0.329 0.3145 0.3145 0.3245 0.3245 0.3245 0.3015 0.3015 0.3035 0.3035 0.3055 0.3055 0.3055 0.3505 0.3505 0.3695 0.3695 0.3295 0.3295 0.3295 0.3525 0.3525 0.3105 0.3105 0.3085 0.3085 0.3085 0.361 0.361 0.365 0.365 0.3805 0.3805 0.3805 0.382 0.382 0.3415 0.3415 0.414 0.414 0.4265 0.4265 0.4265 0.4285 0.4285 0.402 0.402 0.48 0.48 0.48 0.333 0.333 0.37 0.37 0.3425 0.3425 0.3425 0.3035 0.3035 0.314 0.314 0.301 0.301 0.301 0.328 0.328 0.312
0.2885 0.3005 0.3005 0.2825 0.2825 0.309 0.309 0.309 0.3595 0.3595 0.329 0.329 0.3145 0.3145 0.3245 0.3245 0.3245 0.3015 0.3015 0.3035 0.3035 0.3055 0.3055 0.3055 0.3505 0.3505 0.3695 0.3695 0.3295 0.3295 0.3295 0.3525 0.3525 0.3105 0.3105 0.3085 0.3085 0.3085 0.361 0.361 0.365 0.365 0.3805 0.3805 0.3805 0.382 0.382 0.3415 0.3415 0.414 0.414 0.4265 0.4265 0.4265 0.4285 0.4285 0.402 0.402 0.48 0.48 0.48 0.333 0.333 0.37 0.37 0.3425 0.3425 0.3425 0.3035 0.3035 0.314 0.314 0.301 0.301 0.301 0.328 0.328 0.312
0.3105 0.324 0.324 0.365 0.365 0.3095 0.3095 0.3095 0.395 0.395 0.376 0.376 0.308 0.308 0.352 0.352 0.352 0.3935 0.3935 0.35 0.35 0.3085 0.3085 0.3085 0.3585 0.3585 0.347 0.347 0.3765 0.3765 0.3765 0.381 0.381 0.305 0.305 0.323 0.323 0.323 0.321 0.321 0.3205 0.3205 0.324 0.324 0.324 0.321 0.321 0.3435 0.3435 0.414 0.414 0.4025 0.4025 0.4025 0.393 0.393 0.399 0.399 0.399 0.399 0.399 0.3905 0.3905 0.417 0.417 0.4485 0.4485 0.4485 0.3335 0.3335 0.3395 0.3395 0.303 0.303 0.303 0.352 0.352 0.3685
0.3105 0.324 0.324 0.365 0.365 0.3095 0.3095 0.3095 0.395 0.395 0.376 0.376 0.308 0.308 0.352 0.352 0.352 0.3935 0.3935 0.35 0.35 0.3085 0.3085 0.3085 0.3585 0.3585 0.347 0.347 0.3765 0.3765 0.3765 0.381 0.381 0.305 0.305 0.323 0.323 0.323 0.321 0.321 0.3205 0.3205 0.324 0.324 0.324 0.321 0.321 0.3435 0.3435 0.414 0.414 0.4025 0.4025 0.4025 0.393 0.393 0.399 0.399 0.399 0.399 0.399 0.3905 0.3905 0.417 0.417 0.4485 0.4485 0.4485 0.3335 0.3335 0.3395 0.3395 0.303 0.303 0.303 0.352 0.352 0.3685
0.36 0.336 0.336 0.34 0.34 0.331 0.331 0.331 0.39 0.39 0.375 0.375 0.3495 0.3495 0.3735 0.3735 0.3735 0.3735 0.3735 0.349 0.349 0.3465 0.3465 0.3465 0.392 0.392 0.3505 0.3505 0.3645 0.3645 0.3645 0.388 0.388 0.3675 0.3675 0.41 0.41 0.41 0.4175 0.4175 0.429 0.429 0.3845 0.3845 0.3845 0.3785 0.3785 0.3915 0.3915 0.381 0.381 0.381 0.381 0.381 0.408 0.408 0.3945 0.3945 0.4085 0.4085 0.4085 0.3685 0.3685 0.3695 0.3695 0.421 0.421 0.421 0.4615 0.4615 0.427 0.427 0.397 0.397 0.397 0.3345 0.3345 0.3655
0.36 0.336 0.336 0.34 0.34 0.331 0.331 0.331 0.39 0.39 0.375 0.375 0.3495 0.3495 0.3735 0.3735 0.3735 0.3735 0.3735 0.349 0.349 0.3465 0.3465 0.3465 0.392 0.392 0.3505 0.3505 0.3645 0.3645 0.3645 0.388 0.388 0.3675 0.3675 0.41 0.41 0.41 0.4175 0.4175 0.429 0.429 0.3845 0.3845 0.3845 0.3785 0.3785 0.3915 0.3915 0.381 0.381 0.381 0.381 0.381 0.408 0.408 0.3945 0.3945 0.4085 0.4085 0.4085 0.3685 0.3685 0.3695 0.3695 0.421 0.421 0.421 0.4615 0.4615 0.427 0.427 0.397 0.397 0.397 0.3345 0.3345 0.3655
0.36 0.336 0.336 0.34 0.34 0.331 0.331 0.331 0.39 0.39 0.375 0.375 0.3495 0.3495 0.3735 0.3735 0.3735 0.3735 0.3735 0.349 0.349 0.3465 0.3465 0.3465 0.392 0.392 0.3505 0.3505 0.3645 0.3645 0.3645 0.388 0.388 0.3675 0.3675 0.41 0.41 0.41 0.4175 0.4175 0.429 0.429 0.3845 0.3845 0.3845 0.3785 0.3785 0.3915 0.3915 0.381 0.381 0.381 0.381 0.381 0.408 0.408 0.3945 0.3945 0.4085 0.4085 0.4085 0.3685 0.3685 0.3695 0.3695 0.421 0.421 0.421 0.4615 0.4615 0.427 0.427 0.397 0.397 0.397 0.3345 0.3345 0.3655
0.363 0.405 0.405 0.46 0.46 0.4605 0.4605 0.4605 0.394 0.394 0.3745 0.3745 0.338 0.338 0.3945 0.3945 0.3945 0.4075 0.4075 0.3845 0.3845 0.3945 0.3945 0.3945 0.4135 0.4135 0.389 0.389 0.3735 0.3735 0.3735 0.394 0.394 0.356 0.356 0.3505 0.3505 0.3505 0.4055 0.4055 0.419 0.419 0.417 0.417 0.417 0.429 0.429 0.425 0.425 0.3985 0.3985 0.408 0.408 0.408 0.4085 0.4085 0.416 0.416 0.424 0.424 0.424 0.3865 0.3865 0.3705 0.3705 0.39 0.39 0.39 0.418 0.418 0.423 0.423 0.3825 0.3825 0.3825 0.464 0.464 0.366
0.363 0.405 0.405 0.46 0.46 0.4605 0.4605 0.4605 0.394 0.394 0.3745 0.3745 0.338 0.338 0.3945 0.3945 0.3945 0.4075 0.4075 0.3845 0.3845 0.3945 0.3945 0.3945 0.4135 0.4135 0.389 0.389 0.3735 0.3735 0.3735 0.394 0.394 0.356 0.356 0.3505 0.3505 0.3505 0.4055 0.4055 0.419 0.419 0.417 0.417 0.417 0.429 0.429 0.425 0.425 0.3985 0.3985 0.408 0.408 0.408 0.4085 0.4085 0.416 0.416 0.424 0.424 0.424 0.3865 0.3865 0.3705 0.3705 0.39 0.39 0.39 0.418 0.418 0.423 0.423 0.3825 0.3825 0.3825 0.464 0.464 0.366
0.3765 0.34 0.34 0.35 0.35 0.4115 0.4115 0.4115 0.344 0.344 0.3135 0.3135 0.307 0.307 0.342 0.342 0.342 0.3865 0.3865 0.378 0.378 0.3935 0.3935 0.3935 0.398 0.398 0.3895 0.3895 0.366 0.366 0.366 0.385 0.385 0.3805 0.3805 0.3425 0.3425 0.3425 0.3615 0.3615 0.417 0.417 0.412 0.412 0.412 0.388 0.388 0.4145 0.4145 0.402 0.402 0.418 0.418 0.418 0.3925 0.3925 0.4105 0.4105 0.4275 0.4275 0.4275 0.4205 0.4205 0.3485 0.3485 0.3725 0.3725 0.3725 0.399 0.399 0.376 0.376 0.364 0.364 0.364 0.3675 0.3675 0.407
0.3765 0.34 0.34 0.35 0.35 0.4115 0.4115 0.4115 0.344 0.344 0.3135 0.3135 0.307 0.307 0.342 0.342 0.342 0.3865 0.3865 0.378 0.378 0.3935 0.3935 0.3935 0.398 0.398 0.3895 0.3895 0.366 0.366 0.366 0.385 0.385 0.3805 0.3805 0.3425 0.3425 0.3425 0.3615 0.3615 0.417 0.417 0.412 0.412 0.412 0.388 0.388 0.4145 0.4145 0.402 0.402 0.418 0.418 0.418 0.3925 0.3925 0.4105 0.4105 0.4275 0.4275 0.4275 0.4205 0.4205 0.3485 0.3485 0.3725 0.3725 0.3725 0.399 0.399 0.376 0.376 0.364 0.364 0.364 0.3675 0.3675 0.407
0.3535 0.29 0.29 0.302 0.302 0.354 0.354 0.354 0.312 0.312 0.3365 0.3365 0.3525 0.3525 0.398 0.398 0.398 0.413 0.413 0.3845 0.3845 0.4145 0.4145 0.4145 0.449 0.449 0.4145 0.4145 0.4135 0.4135 0.4135 0.3805 0.3805 0.357 0.357 0.3595 0.3595 0.3595 0.349 0.349 0.4085 0.4085 0.3825 0.3825 0.3825 0.371 0.371 0.3865 0.3865 0.403 0.403 0.436 0.436 0.436 0.4035 0.4035 0.391 0.391 0.408 0.408 0.408 0.399 0.399 0.368 0.368 0.361 0.361 0.361 0.381 0.381 0.38 0.38 0.395 0.395 0.395 0.357 0.357 0.352
0.3535 0.29 0.29 0.302 0.302 0.354 0.354 0.354 0.312 0.312 0.3365 0.3365 0.3525 0.3525 0.398 0.398 0.398 0.413 0.413 0.3845 0.3845 0.4145 0.4145 0.4145 0.449 0.449 0.4145 0.4145 0.4135 0.4135 0.4135 0.3805 0.3805 0.357 0.357 0.3595 0.3595 0.3595 0.349 0.349 0.4085 0.4085 0.3825 0.3825 0.3825 0.371 0.371 0.3865 0.3865 0.403 0.403 0.436 0.436 0.436 0.4035 0.4035 0.391 0.391 0.408 0.408 0.408 0.399 0.399 0.368 0.368 0.361 0.361 0.361 0.381 0.381 0.38 0.38 0.395 0.395 0.395 0.357 0.357 0.352
0.3535 0.29 0.29 0.302 0.302 0.354 0.354 0.354 0.312 0.312 0.3365 0.3365 0.3525 0.3525 0.398 0.398 0.398 0.413 0.413 0.3845 0.3845 0.4145 0.4145 0.4145 0.449 0.449 0.4145 0.4145 0.4135 0.4135 0.4135 0.3805 0.3805 0.357 0.357 0.3595 0.3595 0.3595 0.349 0.349 0.4085 0.4085 0.3825 0.3825 0.3825 0.371 0.371 0.3865 0.3865 0.403 0.403 0.436 0.436 0.436 0.4035 0.4035 0.391 0.391 0.408 0.408 0.408 0.399 0.399 0.368 0.368 0.361 0.361 0.361 0.381 0.381 0.38 0.38 0.395 0.395 0.395 0.357 0.357 0.352
0.3245 0.2965 0.2965 0.316 0.316 0.3565 0.3565 0.3565 0.3895 0.3895 0.3835 0.3835 0.386 0.386 0.415 0.415 0.415 0.4335 0.4335 0.4455 0.4455 0.4305 0.4305 0.4305 0.445 0.445 0.4375 0.4375 0.425 0.425 0.425 0.381 0.381 0.401 0.401 0.45 0.45 0.45 0.4295 0.4295 0.4 0.4 0.379 0.379 0.379 0.3625 0.3625 0.358 0.358 0.3875 0.3875 0.417 0.417 0.417 0.3595 0.3595 0.37 0.37 0.386 0.386 0.386 0.3545 0.3545 0.3625 0.3625 0.37 0.37 0.37 0.375 0.375 0.306 0.306 0.3005 0.3005 0.3005 0.342 0.342 0.3505
0.3245 0.2965 0.2965 0.316 0.316 0.3565 0.3565 0.3565 0.3895 0.3895 0.3835 0.3835 0.386 0.386 0.415 0.415 0.415 0.4335 0.4335 0.4455 0.4455 0.4305 0.4305 0.4305 0.445 0.445 0.4375 0.4375 0.425 0.425 0.425 0.381 0.381 0.401 0.401 0.45 0.45 0.45 0.4295 0.4295 0.4 0.4 0.379 0.379 0.379 0.3625 0.3625 0.358 0.358 0.3875 0.3875 0.417 0.417 0.417 0.3595 0.3595 0.37 0.37 0.386 0.386 0.386 0.3545 0.3545 0.3625 0.3625 0.37 0.37 0.37 0.375 0.375 0.306 0.306 0.3005 0.3005 0.3005 0.342 0.342 0.3505
0.286 0.2995 0.2995 0.3295 0.3295 0.331 0.331 0.331 0.388 0.388 0.3625 0.3625 0.3845 0.3845 0.433 0.433 0.433 0.4615 0.4615 0.426 0.426 0.4295 0.4295 0.4295 0.47 0.47 0.406 0.406 0.416 0.416 0.416 0.4115 0.4115 0.4005 0.4005 0.4735 0.4735 0.4735 0.5335 0.5335 0.512 0.512 0.5085 0.5085 0.5085 0.4455 0.4455 0.425 0.425 0.3945 0.3945 0.3575 0.3575 0.3575 0.346 0.346 0.389 0.389 0.3945 0.3945 0.3945 0.4225 0.4225 0.392 0.392 0.379 0.379 0.379 0.3705 0.3705 0.331 0.331 0.33 0.33 0.33 0.345 0.345 0.347
0.286 0.2995 0.2995 0.3295 0.3295 0.331 0.331 0.331 0.388 0.388 0.3625 0.3625 0.3845 0.3845 0.433 0.433 0.433 0.4615 0.4615 0.426 0.426 0.4295 0.4295 0.4295 0.47 0.47 0.406 0.406 0.416 0.416 0.416 0.4115 0.4115 0.4005 0.4005 0.4735 0.4735 0.4735 0.5335 0.5335 0.512 0.512 0.5085 0.5085 0.5085 0.4455 0.4455 0.425 0.425 0.3945 0.3945 0.3575 0.3575 0.3575 0.346 0.346 0.389 0.389 0.3945 0.3945 0.3945 0.4225 0.4225 0.392 0.392 0.379 0.379 0.379 0.3705 0.3705 0.331 0.331 0.33 0.33 0.33 0.345 0.345 0.347
0.4785 0.5 0.5 0.487 0.487 0.401 0.401 0.401 0.428 0.428 0.4505 0.4505 0.4665 0.4665 0.4545 0.4545 0.4545 0.439 0.439 0.428 0.428 0.428 0.428 0.428 0.429 0.429 0.469 0.469 0.4975 0.4975 0.4975 0.5395 0.5395 0.5255 0.5255 0.5245 0.5245 0.5245 0.5185 0.5185 0.5225 0.5225 0.4775 0.4775 0.4775 0.4425 0.4425 0.45 0.45 0.449 0.449 0.3935 0.3935 0.3935 0.4075 0.4075 0.391 0.391 0.439 0.439 0.439 0.418 0.418 0.395 0.395 0.3655 0.3655 0.3655 0.363 0.363 0.3655 0.3655 0.355 0.355 0.355 0.408 0.408 0.3965
0.4785 0.5 0.5 0.487 0.487 0.401 0.401 0.401 0.428 0.428 0.4505 0.4505 0.4665 0.4665 0.4545 0.4545 0.4545 0.439 0.439 0.428 0.428 0.428 0.428 0.428 0.429 0.429 0.469 0.469 0.4975 0.4975 0.4975 0.5395 0.5395 0.5255 0.5255 0.5245 0.5245 0.5245 0.5185 0.5185 0.5225 0.5225 0.4775 0.4775 0.4775 0.4425 0.4425 0.45 0.45 0.449 0.449 0.3935 0.3935 0.3935 0.4075 0.4075 0.391 0.391 0.439 0.439 0.439 0.418 0.418 0.395 0.395 0.3655 0.3655 0.3655 0.363 0.363 0.3655 0.3655 0.355 0.355 0.355 0.408 0.408 0.3965
0.427 0.487 0.487 0.491 0.491 0.4595 0.4595 0.4595 0.402 0.402 0.4865 0.4865 0.401 0.401 0.3655 0.3655 0.3655 0.4005 0.4005 0.414 0.414 0.447 0.447 0.447 0.458 0.458 0.44 0.44 0.4875 0.4875 0.4875 0.546 0.546 0.55 0.55 0.5215 0.5215 0.5215 0.5046 0.5046 0.433 0.433 0.4605 0.4605 0.4605 0.483 0.483 0.4535 0.4535 0.4565 0.4565 0.446 0.446 0.446 0.3815 0.3815 0.465 0.465 0.4665 0.4665 0.4665 0.4445 0.4445 0.4195 0.4195 0.3995 0.3995 0.3995 0.4205 0.4205 0.4035 0.4035 0.419 0.419 0.419 0.405 0.405 0.4155
0.427 0.487 0.487 0.491 0.491 0.4595 0.4595 0.4595 0.402 0.402 0.4865 0.4865 0.401 0.401 0.3655 0.3655 0.3655 0.4005 0.4005 0.414 0.414 0.447 0.447 0.447 0.458 0.458 0.44 0.44 0.4875 0.4875 0.4875 0.546 0.546 0.55 0.55 0.5215 0.5215 0.5215 0.5046 0.5046 0.433 0.433 0.4605 0.4605 0.4605 0.483 0.483 0.4535 0.4535 0.4565 0.4565 0.446 0.446 0.446 0.3815 0.3815 0.465 0.465 0.4665 0.4665 0.4665 0.4445 0.4445 0.4195 0.4195 0.3995 0.3995 0.3995 0.4205 0.4205 0.4035 0.4035 0.419 0.419 0.419 0.405 0.405 0.4155
0.427 0.487 0.487 0.491 0.491 0.4595 0.4595 0.4595 0.402 0.402 0.4865 0.4865 0.401 0.401 0.3655 0.3655 0.3655 0.4005 0.4005 0.414 0.414 0.447 0.447 0.447 0.458 0.458 0.44 0.44 0.4875 0.4875 0.4875 0.546 0.546 0.55 0.55 0.5215 0.5215 0.5215 0.5046 0.5046 0.433 0.433 0.4605 0.4605 0.4605 0.483 0.483 0.4535 0.4535 0.4565 0.4565 0.446 0.446 0.446 0.3815 0.3815 0.465 0.465 0.4665 0.4665 0.4665 0.4445 0.4445 0.4195 0.4195 0.3995 0.3995 0.3995 0.4205 0.4205 0.4035 0.4035 0.419 0.419 0.419 0.405 0.405 0.4155
0.4825 0.4665 0.4665 0.462 0.462 0.477 0.477 0.477 0.4485 0.4485 0.3475 0.3475 0.369 0.369 0.3345 0.3345 0.3345 0.3695 0.3695 0.462 0.462 0.4515 0.4515 0.4515 0.5275 0.5275 0.552 0.552 0.5515 0.5515 0.5515 0.5531 0.5531 0.497 0.497 0.4755 0.4755 0.4755 0.5275 0.5275 0.4955 0.4955 0.4895 0.4895 0.4895 0.5165 0.5165 0.4615 0.4615 0.5225 0.5225 0.482 0.482 0.482 0.5085 0.5085 0.4845 0.4845 0.5165 0.5165 0.5165 0.501 0.501 0.409 0.409 0.4615 0.4615 0.4615 0.4255 0.4255 0.412 0.412 0.397 0.397 0.397 0.389 0.389 0.417
0.4825 0.4665 0.4665 0.462 0.462 0.477 0.477 0.477 0.4485 0.4485 0.3475 0.3475 0.369 0.369 0.3345 0.3345 0.3345 0.3695 0.3695 0.462 0.462 0.4515 0.4515 0.4515 0.5275 0.5275 0.552 0.552 0.5515 0.5515 0.5515 0.5531 0.5531 0.497 0.497 0.4755 0.4755 0.4755 0.5275 0.5275 0.4955 0.4955 0.4895 0.4895 0.4895 0.5165 0.5165 0.4615 0.4615 0.5225 0.5225 0.482 0.482 0.482 0.5085 0.5085 0.4845 0.4845 0.5165 0.5165 0.5165 0.501 0.501 0.409 0.409 0.4615 0.4615 0.4615 0.4255 0.4255 0.412 0.412 0.397 0.397 0.397 0.389 0.389 0.417
0.51 0.4845 0.4845 0.4605 0.4605 0.481 0.481 0.481 0.476 0.476 0.4145 0.4145 0.397 0.397 0.427 0.427 0.427 0.403 0.403 0.4605 0.4605 0.5075 0.5075 0.5075 0.515 0.515 0.5035 0.5035 0.5411 0.5411 0.5411 0.469 0.469 0.5145 0.5145 0.4385 0.4385 0.4385 0.4495 0.4495 0.5035 0.5035 0.531 0.531 0.531 0.5215 0.5215 0.4825 0.4825 0.511 0.511 0.526 0.526 0.526 0.5255 0.5255 0.4475 0.4475 0.441 0.441 0.441 0.472 0.472 0.4505 0.4505 0.4355 0.4355 0.4355 0.482 0.482 0.47 0.47 0.4145 0.4145 0.4145 0.491 0.491 0.5175
0.51 0.4845 0.4845 0.4605 0.4605 0.481 0.481 0.481 0.476 0.476 0.4145 0.4145 0.397 0.397 0.427 0.427 0.427 0.403 0.403 0.4605 0.4605 0.5075 0.5075 0.5075 0.515 0.515 0.5035 0.5035 0.5411 0.5411 0.5411 0.469 0.469 0.5145 0.5145 0.4385 0.4385 0.4385 0.4495 0.4495 0.5035 0.5035 0.531 0.531 0.531 0.5215 0.5215 0.4825 0.4825 0.511 0.511 0.526 0.526 0.526 0.5255 0.5255 0.4475 0.4475 0.441 0.441 0.441 0.472 0.472 0.4505 0.4505 0.4355 0.4355 0.4355 0.482 0.482 0.47 0.47 0.4145 0.4145 0.4145 0.491 0.491 0.5175
0.413 0.4305 0.4305 0.442 0.442 0.3995 0.3995 0.3995 0.402 0.402 0.443 0.443 0.432 0.432 0.482 0.482 0.482 0.4825 0.4825 0.456 0.456 0.4595 0.4595 0.4595 0.447 0.447 0.5225 0.5225 0.407 0.407 0.407 0.472 0.472 0.5035 0.5035 0.559 0.559 0.559 0.5555 0.5555 0.568 0.568 0.579 0.579 0.579 0.586 0.586 0.586 0.586 0.5595 0.5595 0.5650001 0.5650001 0.5650001 0.5035 0.5035 0.547 0.547 0.552 0.552 0.552 0.5765 0.5765 0.5095 0.5095 0.527 0.527 0.527 0.477 0.477 0.4645 0.4645 0.482 0.482 0.482 0.541 0.541 0.54
0.413 0.4305 0.4305 0.442 0.442 0.3995 0.3995 0.3995 0.402 0.402 0.443 0.443 0.432 0.432 0.482 0.482 0.482 0.4825 0.4825 0.456 0.456 0.4595 0.4595 0.4595 0.447 0.447 0.5225 0.5225 0.407 0.407 0.407 0.472 0.472 0.5035 0.5035 0.559 0.559 0.559 0.5555 0.5555 0.568 0.568 0.579 0.579 0.579 0.586 0.586 0.586 0.586 0.5595 0.5595 0.5650001 0.5650001 0.5650001 0.5035 0.5035 0.547 0.547 0.552 0.552 0.552 0.5765 0.5765 0.5095 0.5095 0.527 0.527 0.527 0.477 0.477 0.4645 0.4645 0.482 0.482 0.482 0.541 0.541 0.54
0.413 0.4305 0.4305 0.442 0.442 0.3995 0.3995 0.3995 0.402 0.402 0.443 0.443 0.432 0.432 0.482 0.482 0.482 0.4825 0.4825 0.456 0.456 0.4595 0.4595 0.4595 0.447 0.447 0.5225 0.5225 0.407 0.407 0.407 0.472 0.472 0.5035 0.5035 0.559 0.559 0.559 0.5555 0.5555 0.568 0.568 0.579 0.579 0.579 0.586 0.586 0.586 0.586 0.5595 0.5595 0.5650001 0.5650001 0.5650001 0.5035 0.5035 0.547 0.547 0.552 0.552 0.552 0.5765 0.5765 0.5095 0.5095 0.527 0.527 0.527 0.477 0.477 0.4645 0.4645 0.482 0.482 0.482 0.541 0.541 0.54
