ndvi/NOAA-112.asc
ncols         252
nrows         154
xllcorner     -18.017974
yllcorner     13.481982
cellsize      0.035948
NODATA_value  -9999
[rows 34 to 67 of 154, columns 156 to 233 of 252]
0.1335 0.1345 0.1345 0.1345 0.1385 0.1385 0.123 0.123 0.1295 0.1295 0.117 0.117 0.117 0.12 0.12 0.1205 0.1205 0.1255 0.1255 0.1255 0.126 0.126 0.15 0.15 0.1495 0.1495 0.1495 0.1525 0.1525 0.1545 0.1545 0.1495 0.1495 0.1495 0.1405 0.1405 0.139 0.139 0.1395 0.1395 0.1395 0.1355 0.1355 0.139 0.139 0.146 0.146 0.14 0.14 0.14 0.1425 0.1425 0.145 0.145 0.1415 0.1415 0.1415 0.145 0.145 0.134 0.134 0.131 0.131 0.131 0.133 0.133 0.132 0.132 0.133 0.133 0.133 0.139 0.139 0.13 0.13 0.132 0.132 0.132
0.1335 0.1345 0.1345 0.1345 0.1385 0.1385 0.123 0.123 0.1295 0.1295 0.117 0.117 0.117 0.12 0.12 0.1205 0.1205 0.1255 0.1255 0.1255 0.126 0.126 0.15 0.15 0.1495 0.1495 0.1495 0.1525 0.1525 0.1545 0.1545 0.1495 0.1495 0.1495 0.1405 0.1405 0.139 0.139 0.1395 0.1395 0.1395 0.1355 0.1355 0.139 0.139 0.146 0.146 0.14 0.14 0.14 0.1425 0.1425 0.145 0.145 0.1415 0.1415 0.1415 0.145 0.145 0.134 0.134 0.131 0.131 0.131 0.133 0.133 0.132 0.132 0.133 0.133 0.133 0.139 0.139 0.13 0.13 0.132 0.132 0.132
0.1335 0.1345 0.1345 0.1345 0.1385 0.1385 0.123 0.123 0.1295 0.1295 0.117 0.117 0.117 0.12 0.12 0.1205 0.1205 0.1255 0.1255 0.1255 0.126 0.126 0.15 0.15 0.1495 0.1495 0.1495 0.1525 0.1525 0.1545 0.1545 0.1495 0.1495 0.1495 0.1405 0.1405 0.139 0.139 0.1395 0.1395 0.1395 0.1355 0.1355 0.139 0.139 0.146 0.146 0.14 0.14 0.14 0.1425 0.1425 0.145 0.145 0.1415 0.1415 0.1415 0.145 0.145 0.134 0.134 0.131 0.131 0.131 0.133 0.133 0.132 0.132 0.133 0.133 0.133 0.139 0.139 0.13 0.13 0.132 0.132 0.132
0.13 0.125 0.125 0.125 0.117 0.117 0.1195 0.1195 0.117 0.117 0.121 0.121 0.121 0.126 0.126 0.122 0.122 0.116 0.116 0.116 0.116 0.116 0.151 0.151 0.155 0.155 0.155 0.169 0.169 0.1565 0.1565 0.161 0.161 0.161 0.145 0.145 0.142 0.142 0.137 0.137 0.137 0.136 0.136 0.137 0.137 0.1455 0.1455 0.143 0.143 0.143 0.141 0.141 0.142 0.142 0.1415 0.1415 0.1415 0.151 0.151 0.1455 0.1455 0.1305 0.1305 0.1305 0.1315 0.1315 0.135 0.135 0.135 0.135 0.135 0.143 0.143 0.141 0.141 0.1355 0.1355 0.1355
0.13 0.125 0.125 0.125 0.117 0.117 0.1195 0.1195 0.117 0.117 0.121 0.121 0.121 0.126 0.126 0.122 0.122 0.116 0.116 0.116 0.116 0.116 0.151 0.151 0.155 0.155 0.155 0.169 0.169 0.1565 0.1565 0.161 0.161 0.161 0.145 0.145 0.142 0.142 0.137 0.137 0.137 0.136 0.136 0.137 0.137 0.1455 0.1455 0.143 0.143 0.143 0.141 0.141 0.142 0.142 0.1415 0.1415 0.1415 0.151 0.151 0.1455 0.1455 0.1305 0.1305 0.1305 0.1315 0.1315 0.135 0.135 0.135 0.135 0.135 0.143 0.143 0.141 0.141 0.1355 0.1355 0.1355
0.122 0.109 0.109 0.109 0.108 0.108 0.122 0.122 0.1235 0.1235 0.1255 0.1255 0.1255 0.121 0.121 0.115 0.115 0.1115 0.1115 0.1115 0.112 0.112 0.156 0.156 0.171 0.171 0.171 0.1715 0.1715 0.1725 0.1725 0.163 0.163 0.163 0.148 0.148 0.1395 0.1395 0.136 0.136 0.136 0.1325 0.1325 0.1395 0.1395 0.142 0.142 0.1445 0.1445 0.1445 0.1375 0.1375 0.1305 0.1305 0.1435 0.1435 0.1435 0.154 0.154 0.1515 0.1515 0.1375 0.1375 0.1375 0.1395 0.1395 0.136 0.136 0.145 0.145 0.145 0.1465 0.1465 0.1405 0.1405 0.147 0.147 0.147
0.122 0.109 0.109 0.109 0.108 0.108 0.122 0.122 0.1235 0.1235 0.1255 0.1255 0.1255 0.121 0.121 0.115 0.115 0.1115 0.1115 0.1115 0.112 0.112 0.156 0.156 0.171 0.171 0.171 0.1715 0.1715 0.1725 0.1725 0.163 0.163 0.163 0.148 0.148 0.1395 0.1395 0.136 0.136 0.136 0.1325 0.1325 0.1395 0.1395 0.142 0.142 0.1445 0.1445 0.1445 0.1375 0.1375 0.1305 0.1305 0.1435 0.1435 0.1435 0.154 0.154 0.1515 0.1515 0.1375 0.1375 0.1375 0.1395 0.1395 0.136 0.136 0.145 0.145 0.145 0.1465 0.1465 0.1405 0.1405 0.147 0.147 0.147
0.131 0.1225 0.1225 0.1225 0.113 0.113 0.1205 0.1205 0.12 0.12 0.1205 0.1205 0.1205 0.1235 0.1235 0.12 0.12 0.128 0.128 0.128 0.1215 0.1215 0.1515 0.1515 0.157 0.157 0.157 0.1695 0.1695 0.178 0.178 0.168 0.168 0.168 0.1685 0.1685 0.149 0.149 0.1485 0.1485 0.1485 0.1445 0.1445 0.1445 0.1445 0.152 0.152 0.149 0.149 0.149 0.1375 0.1375 0.1585 0.1585 0.1495 0.1495 0.1495 0.1555 0.1555 0.1535 0.1535 0.166 0.166 0.166 0.1635 0.1635 0.153 0.153 0.147 0.147 0.147 0.146 0.146 0.148 0.148 0.144 0.144 0.144
0.131 0.1225 0.1225 0.1225 0.113 0.113 0.1205 0.1205 0.12 0.12 0.1205 0.1205 0.1205 0.1235 0.1235 0.12 0.12 0.128 0.128 0.128 0.1215 0.1215 0.1515 0.1515 0.157 0.157 0.157 0.1695 0.1695 0.178 0.178 0.168 0.168 0.168 0.1685 0.1685 0.149 0.149 0.1485 0.1485 0.1485 0.1445 0.1445 0.1445 0.1445 0.152 0.152 0.149 0.149 0.149 0.1375 0.1375 0.1585 0.1585 0.1495 0.1495 0.1495 0.1555 0.1555 0.1535 0.1535 0.166 0.166 0.166 0.1635 0.1635 0.153 0.153 0.147 0.147 0.147 0.146 0.146 0.148 0.148 0.144 0.144 0.144
0.131 0.1225 0.1225 0.1225 0.113 0.113 0.1205 0.1205 0.12 0.12 0.1205 0.1205 0.1205 0.1235 0.1235 0.12 0.12 0.128 0.128 0.128 0.1215 0.1215 0.1515 0.1515 0.157 0.157 0.157 0.1695 0.1695 0.178 0.178 0.168 0.168 0.168 0.1685 0.1685 0.149 0.149 0.1485 0.1485 0.1485 0.1445 0.1445 0.1445 0.1445 0.152 0.152 0.149 0.149 0.149 0.1375 0.1375 0.1585 0.1585 0.1495 0.1495 0.1495 0.1555 0.1555 0.1535 0.1535 0.166 0.166 0.166 0.1635 0.1635 0.153 0.153 0.147 0.147 0.147 0.146 0.146 0.148 0.148 0.144 0.144 0.144
0.1605 0.1375 0.1375 0.1375 0.1345 0.1345 0.1275 0.1275 0.134 0.134 0.137 0.137 0.137 0.127 0.127 0.164 0.164 0.166 0.166 0.166 0.1515 0.1515 0.1555 0.1555 0.163 0.163 0.163 0.1655 0.1655 0.165 0.165 0.166 0.166 0.166 0.1665 0.1665 0.151 0.151 0.154 0.154 0.154 0.156 0.156 0.15 0.15 0.145 0.145 0.162 0.162 0.162 0.148 0.148 0.1605 0.1605 0.159 0.159 0.159 0.1595 0.1595 0.1585 0.1585 0.171 0.171 0.171 0.162 0.162 0.1525 0.1525 0.1555 0.1555 0.1555 0.151 0.151 0.151 0.151 0.1435 0.1435 0.1435
0.1605 0.1375 0.1375 0.1375 0.1345 0.1345 0.1275 0.1275 0.134 0.134 0.137 0.137 0.137 0.127 0.127 0.164 0.164 0.166 0.166 0.166 0.1515 0.1515 0.1555 0.1555 0.163 0.163 0.163 0.1655 0.1655 0.165 0.165 0.166 0.166 0.166 0.1665 0.1665 0.151 0.151 0.154 0.154 0.154 0.156 0.156 0.15 0.15 0.145 0.145 0.162 0.162 0.162 0.148 0.148 0.1605 0.1605 0.159 0.159 0.159 0.1595 0.1595 0.1585 0.1585 0.171 0.171 0.171 0.162 0.162 0.1525 0.1525 0.1555 0.1555 0.1555 0.151 0.151 0.151 0.151 0.1435 0.1435 0.1435
0.14 0.161 0.161 0.161 0.203 0.203 0.174 0.174 0.1665 0.1665 0.173 0.173 0.173 0.1745 0.1745 0.1845 0.1845 0.1515 0.1515 0.1515 0.1715 0.1715 0.167 0.167 0.164 0.164 0.164 0.174 0.174 0.172 0.172 0.1725 0.1725 0.1725 0.17 0.17 0.157 0.157 0.158 0.158 0.158 0.156 0.156 0.1625 0.1625 0.1575 0.1575 0.169 0.169 0.169 0.147 0.147 0.143 0.143 0.1595 0.1595 0.1595 0.163 0.163 0.163 0.163 0.1675 0.1675 0.1675 0.1605 0.1605 0.155 0.155 0.1615 0.1615 0.1615 0.1625 0.1625 0.1525 0.1525 0.158 0.158 0.158
0.14 0.161 0.161 0.161 0.203 0.203 0.174 0.174 0.1665 0.1665 0.173 0.173 0.173 0.1745 0.1745 0.1845 0.1845 0.1515 0.1515 0.1515 0.1715 0.1715 0.167 0.167 0.164 0.164 0.164 0.174 0.174 0.172 0.172 0.1725 0.1725 0.1725 0.17 0.17 0.157 0.157 0.158 0.158 0.158 0.156 0.156 0.1625 0.1625 0.1575 0.1575 0.169 0.169 0.169 0.147 0.147 0.143 0.143 0.1595 0.1595 0.1595 0.163 0.163 0.163 0.163 0.1675 0.1675 0.1675 0.1605 0.1605 0.155 0.155 0.1615 0.1615 0.1615 0.1625 0.1625 0.1525 0.1525 0.158 0.158 0.158
0.1515 0.1685 0.1685 0.1685 0.174 0.174 0.194 0.194 0.1765 0.1765 0.1625 0.1625 0.1625 0.17 0.17 0.164 0.164 0.1695 0.1695 0.1695 0.165 0.165 0.188 0.188 0.175 0.175 0.175 0.169 0.169 0.1665 0.1665 0.1715 0.1715 0.1715 0.169 0.169 0.1715 0.1715 0.1675 0.1675 0.1675 0.1745 0.1745 0.1645 0.1645 0.1595 0.1595 0.153 0.153 0.153 0.152 0.152 0.156 0.156 0.1705 0.1705 0.1705 0.163 0.163 0.1645 0.1645 0.1605 0.1605 0.1605 0.1575 0.1575 0.1575 0.1575 0.1685 0.1685 0.1685 0.159 0.159 0.1585 0.1585 0.157 0.157 0.157
0.1515 0.1685 0.1685 0.1685 0.174 0.174 0.194 0.194 0.1765 0.1765 0.1625 0.1625 0.1625 0.17 0.17 0.164 0.164 0.1695 0.1695 0.1695 0.165 0.165 0.188 0.188 0.175 0.175 0.175 0.169 0.169 0.1665 0.1665 0.1715 0.1715 0.1715 0.169 0.169 0.1715 0.1715 0.1675 0.1675 0.1675 0.1745 0.1745 0.1645 0.1645 0.1595 0.1595 0.153 0.153 0.153 0.152 0.152 0.156 0.156 0.1705 0.1705 0.1705 0.163 0.163 0.1645 0.1645 0.1605 0.1605 0.1605 0.1575 0.1575 0.1575 0.1575 0.1685 0.1685 0.1685 0.159 0.159 0.1585 0.1585 0.157 0.157 0.157
0.1515 0.1685 0.1685 0.1685 0.174 0.174 0.194 0.194 0.1765 0.1765 0.1625 0.1625 0.1625 0.17 0.17 0.164 0.164 0.1695 0.1695 0.1695 0.165 0.165 0.188 0.188 0.175 0.175 0.175 0.169 0.169 0.1665 0.1665 0.1715 0.1715 0.1715 0.169 0.169 0.1715 0.1715 0.1675 0.1675 0.1675 0.1745 0.1745 0.1645 0.1645 0.1595 0.1595 0.153 0.153 0.153 0.152 0.152 0.156 0.156 0.1705 0.1705 0.1705 0.163 0.163 0.1645 0.1645 0.1605 0.1605 0.1605 0.1575 0.1575 0.1575 0.1575 0.1685 0.1685 0.1685 0.159 0.159 0.1585 0.1585 0.157 0.157 0.157
0.151 0.1705 0.1705 0.1705 0.192 0.192 0.215 0.215 0.189 0.189 0.1805 0.1805 0.1805 0.1605 0.1605 0.1595 0.1595 0.162 0.162 0.162 0.17 0.17 0.178 0.178 0.1795 0.1795 0.1795 0.179 0.179 0.173 0.173 0.171 0.171 0.171 0.1715 0.1715 0.1805 0.1805 0.179 0.179 0.179 0.178 0.178 0.168 0.168 0.153 0.153 0.146 0.146 0.146 0.1475 0.1475 0.1585 0.1585 0.173 0.173 0.173 0.1705 0.1705 0.165 0.165 0.1665 0.1665 0.1665 0.16 0.16 0.161 0.161 0.165 0.165 0.165 0.165 0.165 0.161 0.161 0.1595 0.1595 0.1595
0.151 0.1705 0.1705 0.1705 0.192 0.192 0.215 0.215 0.189 0.189 0.1805 0.1805 0.1805 0.1605 0.1605 0.1595 0.1595 0.162 0.162 0.162 0.17 0.17 0.178 0.178 0.1795 0.1795 0.1795 0.179 0.179 0.173 0.173 0.171 0.171 0.171 0.1715 0.1715 0.1805 0.1805 0.179 0.179 0.179 0.178 0.178 0.168 0.168 0.153 0.153 0.146 0.146 0.146 0.1475 0.1475 0.1585 0.1585 0.173 0.173 0.173 0.1705 0.1705 0.165 0.165 0.1665 0.1665 0.1665 0.16 0.16 0.161 0.161 0.165 0.165 0.165 0.165 0.165 0.161 0.161 0.1595 0.1595 0.1595
0.133 0.1745 0.1745 0.1745 0.197 0.197 0.2025 0.2025 0.192 0.192 0.187 0.187 0.187 0.158 0.158 0.169 0.169 0.171 0.171 0.171 0.169 0.169 0.195 0.195 0.1935 0.1935 0.1935 0.1935 0.1935 0.193 0.193 0.192 0.192 0.192 0.196 0.196 0.1875 0.1875 0.174 0.174 0.174 0.1625 0.1625 0.1635 0.1635 0.164 0.164 0.15 0.15 0.15 0.154 0.154 0.1515 0.1515 0.167 0.167 0.167 0.176 0.176 0.1735 0.1735 0.1765 0.1765 0.1765 0.182 0.182 0.1785 0.1785 0.1775 0.1775 0.1775 0.177 0.177 0.1815 0.1815 0.1765 0.1765 0.1765
0.133 0.1745 0.1745 0.1745 0.197 0.197 0.2025 0.2025 0.192 0.192 0.187 0.187 0.187 0.158 0.158 0.169 0.169 0.171 0.171 0.171 0.169 0.169 0.195 0.195 0.1935 0.1935 0.1935 0.1935 0.1935 0.193 0.193 0.192 0.192 0.192 0.196 0.196 0.1875 0.1875 0.174 0.174 0.174 0.1625 0.1625 0.1635 0.1635 0.164 0.164 0.15 0.15 0.15 0.154 0.154 0.1515 0.1515 0.167 0.167 0.167 0.176 0.176 0.1735 0.1735 0.1765 0.1765 0.1765 0.182 0.182 0.1785 0.1785 0.1775 0.1775 0.1775 0.177 0.177 0.1815 0.1815 0.1765 0.1765 0.1765
0.122 0.1765 0.1765 0.1765 0.1765 0.1765 0.1885 0.1885 0.191 0.191 0.1905 0.1905 0.1905 0.2135 0.2135 0.192 0.192 0.21 0.21 0.21 0.202 0.202 0.201 0.201 0.2075 0.2075 0.2075 0.211 0.211 0.201 0.201 0.186 0.186 0.186 0.1965 0.1965 0.178 0.178 0.173 0.173 0.173 0.168 0.168 0.1795 0.1795 0.164 0.164 0.1605 0.1605 0.1605 0.1585 0.1585 0.1505 0.1505 0.1615 0.1615 0.1615 0.1625 0.1625 0.178 0.178 0.179 0.179 0.179 0.177 0.177 0.1795 0.1795 0.1755 0.1755 0.1755 0.1745 0.1745 0.177 0.177 0.1725 0.1725 0.1725
0.122 0.1765 0.1765 0.1765 0.1765 0.1765 0.1885 0.1885 0.191 0.191 0.1905 0.1905 0.1905 0.2135 0.2135 0.192 0.192 0.21 0.21 0.21 0.202 0.202 0.201 0.201 0.2075 0.2075 0.2075 0.211 0.211 0.201 0.201 0.186 0.186 0.186 0.1965 0.1965 0.178 0.178 0.173 0.173 0.173 0.168 0.168 0.1795 0.1795 0.164 0.164 0.1605 0.1605 0.1605 0.1585 0.1585 0.1505 0.1505 0.1615 0.1615 0.1615 0.1625 0.1625 0.178 0.178 0.179 0.179 0.179 0.177 0.177 0.1795 0.1795 0.1755 0.1755 0.1755 0.1745 0.1745 0.177 0.177 0.1725 0.1725 0.1725
0.1395 0.144 0.144 0.144 0.175 0.175 0.18 0.18 0.176 0.176 0.1795 0.1795 0.1795 0.188 0.188 0.222 0.222 0.2225 0.2225 0.2225 0.2195 0.2195 0.227 0.227 0.2035 0.2035 0.2035 0.194 0.194 0.199 0.199 0.184 0.184 0.184 0.186 0.186 0.18 0.18 0.1735 0.1735 0.1735 0.1685 0.1685 0.17 0.17 0.16 0.16 0.1645 0.1645 0.1645 0.152 0.152 0.137 0.137 0.165 0.165 0.165 0.15 0.15 0.1715 0.1715 0.1745 0.1745 0.1745 0.1845 0.1845 0.1755 0.1755 0.174 0.174 0.174 0.177 0.177 0.178 0.178 0.18 0.18 0.18
0.1395 0.144 0.144 0.144 0.175 0.175 0.18 0.18 0.176 0.176 0.1795 0.1795 0.1795 0.188 0.188 0.222 0.222 0.2225 0.2225 0.2225 0.2195 0.2195 0.227 0.227 0.2035 0.2035 0.2035 0.194 0.194 0.199 0.199 0.184 0.184 0.184 0.186 0.186 0.18 0.18 0.1735 0.1735 0.1735 0.1685 0.1685 0.17 0.17 0.16 0.16 0.1645 0.1645 0.1645 0.152 0.152 0.137 0.137 0.165 0.165 0.165 0.15 0.15 0.1715 0.1715 0.1745 0.1745 0.1745 0.1845 0.1845 0.1755 0.1755 0.174 0.174 0.174 0.177 0.177 0.178 0.178 0.18 0.18 0.18
0.1395 0.144 0.144 0.144 0.175 0.175 0.18 0.18 0.176 0.176 0.1795 0.1795 0.1795 0.188 0.188 0.222 0.222 0.2225 0.2225 0.2225 0.2195 0.2195 0.227 0.227 0.2035 0.2035 0.2035 0.194 0.194 0.199 0.199 0.184 0.184 0.184 0.186 0.186 0.18 0.18 0.1735 0.1735 0.1735 0.1685 0.1685 0.17 0.17 0.16 0.16 0.1645 0.1645 0.1645 0.152 0.152 0.137 0.137 0.165 0.165 0.165 0.15 0.15 0.1715 0.1715 0.1745 0.1745 0.1745 0.1845 0.1845 0.1755 0.1755 0.174 0.174 0.174 0.177 0.177 0.178 0.178 0.18 0.18 0.18
0.145 0.135 0.135 0.135 0.1345 0.1345 0.177 0.177 0.171 0.171 0.1755 0.1755 0.1755 0.188 0.188 0.23 0.23 0.22 0.22 0.22 0.2315 0.2315 0.229 0.229 0.219 0.219 0.219 0.1945 0.1945 0.196 0.196 0.194 0.194 0.194 0.1865 0.1865 0.1835 0.1835 0.1925 0.1925 0.1925 0.178 0.178 0.1565 0.1565 0.1425 0.1425 0.1485 0.1485 0.1485 0.1545 0.1545 0.139 0.139 0.149 0.149 0.149 0.148 0.148 0.1615 0.1615 0.17 0.17 0.17 0.1765 0.1765 0.158 0.158 0.168 0.168 0.168 0.1585 0.1585 0.164 0.164 0.1685 0.1685 0.1685
0.145 0.135 0.135 0.135 0.1345 0.1345 0.177 0.177 0.171 0.171 0.1755 0.1755 0.1755 0.188 0.188 0.23 0.23 0.22 0.22 0.22 0.2315 0.2315 0.229 0.229 0.219 0.219 0.219 0.1945 0.1945 0.196 0.196 0.194 0.194 0.194 0.1865 0.1865 0.1835 0.1835 0.1925 0.1925 0.1925 0.178 0.178 0.1565 0.1565 0.1425 0.1425 0.1485 0.1485 0.1485 0.1545 0.1545 0.139 0.139 0.149 0.149 0.149 0.148 0.148 0.1615 0.1615 0.17 0.17 0.17 0.1765 0.1765 0.158 0.158 0.168 0.168 0.168 0.1585 0.1585 0.164 0.164 0.1685 0.1685 0.1685
0.1315 0.1405 0.1405 0.1405 0.122 0.122 0.143 0.143 0.174 0.174 0.187 0.187 0.187 0.2155 0.2155 0.231 0.231 0.2355 0.2355 0.2355 0.23 0.23 0.221 0.221 0.202 0.202 0.202 0.191 0.191 0.193 0.193 0.1935 0.1935 0.1935 0.207 0.207 0.1975 0.1975 0.1875 0.1875 0.1875 0.1895 0.1895 0.1725 0.1725 0.1575 0.1575 0.1555 0.1555 0.1555 0.1695 0.1695 0.168 0.168 0.164 0.164 0.164 0.1495 0.1495 0.1665 0.1665 0.177 0.177 0.177 0.1775 0.1775 0.1595 0.1595 0.153 0.153 0.153 0.1465 0.1465 0.155 0.155 0.173 0.173 0.173
0.1315 0.1405 0.1405 0.1405 0.122 0.122 0.143 0.143 0.174 0.174 0.187 0.187 0.187 0.2155 0.2155 0.231 0.231 0.2355 0.2355 0.2355 0.23 0.23 0.221 0.221 0.202 0.202 0.202 0.191 0.191 0.193 0.193 0.1935 0.1935 0.1935 0.207 0.207 0.1975 0.1975 0.1875 0.1875 0.1875 0.1895 0.1895 0.1725 0.1725 0.1575 0.1575 0.1555 0.1555 0.1555 0.1695 0.1695 0.168 0.168 0.164 0.164 0.164 0.1495 0.1495 0.1665 0.1665 0.177 0.177 0.177 0.1775 0.1775 0.1595 0.1595 0.153 0.153 0.153 0.1465 0.1465 0.155 0.155 0.173 0.173 0.173
0.151 0.15 0.15 0.15 0.145 0.145 0.1535 0.1535 0.1865 0.1865 0.1955 0.1955 0.1955 0.221 0.221 0.237 0.237 0.222 0.222 0.222 0.23 0.23 0.2215 0.2215 0.216 0.216 0.216 0.1985 0.1985 0.201 0.201 0.208 0.208 0.208 0.2085 0.2085 0.205 0.205 0.2115 0.2115 0.2115 0.206 0.206 0.206 0.206 0.2055 0.2055 0.199 0.199 0.199 0.2085 0.2085 0.2265 0.2265 0.2025 0.2025 0.2025 0.175 0.175 0.179 0.179 0.1945 0.1945 0.1945 0.198 0.198 0.1825 0.1825 0.1795 0.1795 0.1795 0.182 0.182 0.1815 0.1815 0.178 0.178 0.178
0.151 0.15 0.15 0.15 0.145 0.145 0.1535 0.1535 0.1865 0.1865 0.1955 0.1955 0.1955 0.221 0.221 0.237 0.237 0.222 0.222 0.222 0.23 0.23 0.2215 0.2215 0.216 0.216 0.216 0.1985 0.1985 0.201 0.201 0.208 0.208 0.208 0.2085 0.2085 0.205 0.205 0.2115 0.2115 0.2115 0.206 0.206 0.206 0.206 0.2055 0.2055 0.199 0.199 0.199 0.2085 0.2085 0.2265 0.2265 0.2025 0.2025 0.2025 0.175 0.175 0.179 0.179 0.1945 0.1945 0.1945 0.198 0.198 0.1825 0.1825 0.1795 0.1795 0.1795 0.182 0.182 0.1815 0.1815 0.178 0.178 0.178
0.151 0.15 0.15 0.15 0.145 0.145 0.1535 0.1535 0.1865 0.1865 0.1955 0.1955 0.1955 0.221 0.221 0.237 0.237 0.222 0.222 0.222 0.23 0.23 0.2215 0.2215 0.216 0.216 0.216 0.1985 0.1985 0.201 0.201 0.208 0.208 0.208 0.2085 0.2085 0.205 0.205 0.2115 0.2115 0.2115 0.206 0.206 0.206 0.206 0.2055 0.2055 0.199 0.199 0.199 0.2085 0.2085 0.2265 0.2265 0.2025 0.2025 0.2025 0.175 0.175 0.179 0.179 0.1945 0.1945 0.1945 0.198 0.198 0.1825 0.1825 0.1795 0.1795 0.1795 0.182 0.182 0.1815 0.1815 0.178 0.178 0.178
0.174 0.1585 0.1585 0.1585 0.15 0.15 0.157 0.157 0.1915 0.1915 0.208 0.208 0.208 0.2285 0.2285 0.2225 0.2225 0.225 0.225 0.225 0.2325 0.2325 0.2275 0.2275 0.2155 0.2155 0.2155 0.2235 0.2235 0.216 0.216 0.2045 0.2045 0.2045 0.2025 0.2025 0.209 0.209 0.2135 0.2135 0.2135 0.222 0.222 0.204 0.204 0.2095 0.2095 0.224 0.224 0.224 0.209 0.209 0.2095 0.2095 0.2145 0.2145 0.2145 0.2315 0.2315 0.2175 0.2175 0.2065 0.2065 0.2065 0.198 0.198 0.2315 0.2315 0.2235 0.2235 0.2235 0.205 0.205 0.2 0.2 0.21 0.21 0.21
