ndvi/NOAA-134.asc
ncols         252
nrows         154
xllcorner     -18.017974
yllcorner     13.481982
cellsize      0.035948
NODATA_value  -9999
[rows 102 to 135 of 154, columns 154 to 230 of 252]
0.2185 0.2045 0.2045 0.1585 0.1585 0.1585 0.181 0.181 0.1965 0.1965 0.2195 0.2195 0.2285 0.2285 0.2285 0.221 0.221 0.2375 0.2375 0.2445 0.2445 0.2445 0.2325 0.2325 0.2215 0.2215 0.236 0.236 0.236 0.229 0.229 0.2335 0.2335 0.2285 0.2285 0.2285 0.2235 0.2235 0.2305 0.2305 0.24 0.24 0.24 0.24 0.24 0.2365 0.2365 0.2405 0.2405 0.2295 0.2295 0.2295 0.2135 0.2135 0.206 0.206 0.191 0.191 0.191 0.193 0.193 0.1975 0.1975 0.2105 0.2105 0.2105 0.197 0.197 0.2035 0.2035 0.2115 0.2115 0.2115 0.221 0.221 0.221 0.221
0.195 0.2035 0.2035 0.205 0.205 0.205 0.201 0.201 0.2015 0.2015 0.226 0.226 0.2305 0.2305 0.2305 0.2235 0.2235 0.2245 0.2245 0.2355 0.2355 0.2355 0.2225 0.2225 0.218 0.218 0.228 0.228 0.228 0.2395 0.2395 0.237 0.237 0.237 0.237 0.237 0.2225 0.2225 0.232 0.232 0.2325 0.2325 0.2325 0.237 0.237 0.246 0.246 0.274 0.274 0.2735 0.2735 0.2735 0.233 0.233 0.205 0.205 0.203 0.203 0.203 0.206 0.206 0.2065 0.2065 0.224 0.224 0.224 0.2265 0.2265 0.2295 0.2295 0.2065 0.2065 0.2065 0.2115 0.2115 0.218 0.218
0.195 0.2035 0.2035 0.205 0.205 0.205 0.201 0.201 0.2015 0.2015 0.226 0.226 0.2305 0.2305 0.2305 0.2235 0.2235 0.2245 0.2245 0.2355 0.2355 0.2355 0.2225 0.2225 0.218 0.218 0.228 0.228 0.228 0.2395 0.2395 0.237 0.237 0.237 0.237 0.237 0.2225 0.2225 0.232 0.232 0.2325 0.2325 0.2325 0.237 0.237 0.246 0.246 0.274 0.274 0.2735 0.2735 0.2735 0.233 0.233 0.205 0.205 0.203 0.203 0.203 0.206 0.206 0.2065 0.2065 0.224 0.224 0.224 0.2265 0.2265 0.2295 0.2295 0.2065 0.2065 0.2065 0.2115 0.2115 0.218 0.218
0.195 0.2035 0.2035 0.205 0.205 0.205 0.201 0.201 0.2015 0.2015 0.226 0.226 0.2305 0.2305 0.2305 0.2235 0.2235 0.2245 0.2245 0.2355 0.2355 0.2355 0.2225 0.2225 0.218 0.218 0.228 0.228 0.228 0.2395 0.2395 0.237 0.237 0.237 0.237 0.237 0.2225 0.2225 0.232 0.232 0.2325 0.2325 0.2325 0.237 0.237 0.246 0.246 0.274 0.274 0.2735 0.2735 0.2735 0.233 0.233 0.205 0.205 0.203 0.203 0.203 0.206 0.206 0.2065 0.2065 0.224 0.224 0.224 0.2265 0.2265 0.2295 0.2295 0.2065 0.2065 0.2065 0.2115 0.2115 0.218 0.218
0.2165 0.2275 0.2275 0.233 0.233 0.233 0.1975 0.1975 0.223 0.223 0.237 0.237 0.228 0.228 0.228 0.223 0.223 0.219 0.219 0.202 0.202 0.202 0.2145 0.2145 0.2225 0.2225 0.222 0.222 0.222 0.2315 0.2315 0.256 0.256 0.2485 0.2485 0.2485 0.2455 0.2455 0.237 0.237 0.255 0.255 0.255 0.2675 0.2675 0.265 0.265 0.2475 0.2475 0.2505 0.2505 0.2505 0.265 0.265 0.2775 0.2775 0.2535 0.2535 0.2535 0.216 0.216 0.2265 0.2265 0.2285 0.2285 0.2285 0.228 0.228 0.2315 0.2315 0.2175 0.2175 0.2175 0.241 0.241 0.2435 0.2435
0.2165 0.2275 0.2275 0.233 0.233 0.233 0.1975 0.1975 0.223 0.223 0.237 0.237 0.228 0.228 0.228 0.223 0.223 0.219 0.219 0.202 0.202 0.202 0.2145 0.2145 0.2225 0.2225 0.222 0.222 0.222 0.2315 0.2315 0.256 0.256 0.2485 0.2485 0.2485 0.2455 0.2455 0.237 0.237 0.255 0.255 0.255 0.2675 0.2675 0.265 0.265 0.2475 0.2475 0.2505 0.2505 0.2505 0.265 0.265 0.2775 0.2775 0.2535 0.2535 0.2535 0.216 0.216 0.2265 0.2265 0.2285 0.2285 0.2285 0.228 0.228 0.2315 0.2315 0.2175 0.2175 0.2175 0.241 0.241 0.2435 0.2435
0.238 0.2495 0.2495 0.2315 0.2315 0.2315 0.228 0.228 0.238 0.238 0.238 0.238 0.23 0.23 0.23 0.2175 0.2175 0.2105 0.2105 0.2185 0.2185 0.2185 0.2135 0.2135 0.229 0.229 0.2135 0.2135 0.2135 0.2385 0.2385 0.245 0.245 0.2525 0.2525 0.2525 0.2435 0.2435 0.2515 0.2515 0.259 0.259 0.259 0.2475 0.2475 0.257 0.257 0.253 0.253 0.245 0.245 0.245 0.2365 0.2365 0.234 0.234 0.277 0.277 0.277 0.2455 0.2455 0.238 0.238 0.2305 0.2305 0.2305 0.2445 0.2445 0.235 0.235 0.2355 0.2355 0.2355 0.246 0.246 0.257 0.257
0.238 0.2495 0.2495 0.2315 0.2315 0.2315 0.228 0.228 0.238 0.238 0.238 0.238 0.23 0.23 0.23 0.2175 0.2175 0.2105 0.2105 0.2185 0.2185 0.2185 0.2135 0.2135 0.229 0.229 0.2135 0.2135 0.2135 0.2385 0.2385 0.245 0.245 0.2525 0.2525 0.2525 0.2435 0.2435 0.2515 0.2515 0.259 0.259 0.259 0.2475 0.2475 0.257 0.257 0.253 0.253 0.245 0.245 0.245 0.2365 0.2365 0.234 0.234 0.277 0.277 0.277 0.2455 0.2455 0.238 0.238 0.2305 0.2305 0.2305 0.2445 0.2445 0.235 0.235 0.2355 0.2355 0.2355 0.246 0.246 0.257 0.257
0.226 0.245 0.245 0.248 0.248 0.248 0.2525 0.2525 0.2475 0.2475 0.24 0.24 0.233 0.233 0.233 0.2275 0.2275 0.22 0.22 0.231 0.231 0.231 0.235 0.235 0.2435 0.2435 0.242 0.242 0.242 0.237 0.237 0.243 0.243 0.238 0.238 0.238 0.2305 0.2305 0.2585 0.2585 0.247 0.247 0.247 0.249 0.249 0.2495 0.2495 0.244 0.244 0.2355 0.2355 0.2355 0.2445 0.2445 0.241 0.241 0.2485 0.2485 0.2485 0.2415 0.2415 0.2465 0.2465 0.26 0.26 0.26 0.2535 0.2535 0.2505 0.2505 0.243 0.243 0.243 0.2365 0.2365 0.2655 0.2655
0.226 0.245 0.245 0.248 0.248 0.248 0.2525 0.2525 0.2475 0.2475 0.24 0.24 0.233 0.233 0.233 0.2275 0.2275 0.22 0.22 0.231 0.231 0.231 0.235 0.235 0.2435 0.2435 0.242 0.242 0.242 0.237 0.237 0.243 0.243 0.238 0.238 0.238 0.2305 0.2305 0.2585 0.2585 0.247 0.247 0.247 0.249 0.249 0.2495 0.2495 0.244 0.244 0.2355 0.2355 0.2355 0.2445 0.2445 0.241 0.241 0.2485 0.2485 0.2485 0.2415 0.2415 0.2465 0.2465 0.26 0.26 0.26 0.2535 0.2535 0.2505 0.2505 0.243 0.243 0.243 0.2365 0.2365 0.2655 0.2655
0.226 0.245 0.245 0.248 0.248 0.248 0.2525 0.2525 0.2475 0.2475 0.24 0.24 0.233 0.233 0.233 0.2275 0.2275 0.22 0.22 0.231 0.231 0.231 0.235 0.235 0.2435 0.2435 0.242 0.242 0.242 0.237 0.237 0.243 0.243 0.238 0.238 0.238 0.2305 0.2305 0.2585 0.2585 0.247 0.247 0.247 0.249 0.249 0.2495 0.2495 0.244 0.244 0.2355 0.2355 0.2355 0.2445 0.2445 0.241 0.241 0.2485 0.2485 0.2485 0.2415 0.2415 0.2465 0.2465 0.26 0.26 0.26 0.2535 0.2535 0.2505 0.2505 0.243 0.243 0.243 0.2365 0.2365 0.2655 0.2655
0.19 0.2185 0.2185 0.243 0.243 0.243 0.2515 0.2515 0.2405 0.2405 0.247 0.247 0.237 0.237 0.237 0.237 0.237 0.2575 0.2575 0.2385 0.2385 0.2385 0.2325 0.2325 0.2335 0.2335 0.2375 0.2375 0.2375 0.223 0.223 0.2275 0.2275 0.254 0.254 0.254 0.268 0.268 0.2425 0.2425 0.251 0.251 0.251 0.25 0.25 0.2465 0.2465 0.2515 0.2515 0.2435 0.2435 0.2435 0.2565 0.2565 0.243 0.243 0.2585 0.2585 0.2585 0.259 0.259 0.246 0.246 0.251 0.251 0.251 0.2485 0.2485 0.241 0.241 0.248 0.248 0.248 0.26 0.26 0.2625 0.2625
0.19 0.2185 0.2185 0.243 0.243 0.243 0.2515 0.2515 0.2405 0.2405 0.247 0.247 0.237 0.237 0.237 0.237 0.237 0.2575 0.2575 0.2385 0.2385 0.2385 0.2325 0.2325 0.2335 0.2335 0.2375 0.2375 0.2375 0.223 0.223 0.2275 0.2275 0.254 0.254 0.254 0.268 0.268 0.2425 0.2425 0.251 0.251 0.251 0.25 0.25 0.2465 0.2465 0.2515 0.2515 0.2435 0.2435 0.2435 0.2565 0.2565 0.243 0.243 0.2585 0.2585 0.2585 0.259 0.259 0.246 0.246 0.251 0.251 0.251 0.2485 0.2485 0.241 0.241 0.248 0.248 0.248 0.26 0.26 0.2625 0.2625
0.1965 0.229 0.229 0.218 0.218 0.218 0.249 0.249 0.2385 0.2385 0.222 0.222 0.2525 0.2525 0.2525 0.2455 0.2455 0.25 0.25 0.24 0.24 0.24 0.247 0.247 0.24 0.24 0.2385 0.2385 0.2385 0.2345 0.2345 0.241 0.241 0.2495 0.2495 0.2495 0.2165 0.2165 0.2225 0.2225 0.2415 0.2415 0.2415 0.2475 0.2475 0.251 0.251 0.249 0.249 0.2515 0.2515 0.2515 0.2385 0.2385 0.2495 0.2495 0.277 0.277 0.277 0.2755 0.2755 0.2555 0.2555 0.266 0.266 0.266 0.2525 0.2525 0.252 0.252 0.2505 0.2505 0.2505 0.257 0.257 0.2595 0.2595
0.1965 0.229 0.229 0.218 0.218 0.218 0.249 0.249 0.2385 0.2385 0.222 0.222 0.2525 0.2525 0.2525 0.2455 0.2455 0.25 0.25 0.24 0.24 0.24 0.247 0.247 0.24 0.24 0.2385 0.2385 0.2385 0.2345 0.2345 0.241 0.241 0.2495 0.2495 0.2495 0.2165 0.2165 0.2225 0.2225 0.2415 0.2415 0.2415 0.2475 0.2475 0.251 0.251 0.249 0.249 0.2515 0.2515 0.2515 0.2385 0.2385 0.2495 0.2495 0.277 0.277 0.277 0.2755 0.2755 0.2555 0.2555 0.266 0.266 0.266 0.2525 0.2525 0.252 0.252 0.2505 0.2505 0.2505 0.257 0.257 0.2595 0.2595
0.2455 0.23 0.23 0.2385 0.2385 0.2385 0.239 0.239 0.2325 0.2325 0.2525 0.2525 0.263 0.263 0.263 0.256 0.256 0.2405 0.2405 0.242 0.242 0.242 0.2325 0.2325 0.2275 0.2275 0.238 0.238 0.238 0.2335 0.2335 0.255 0.255 0.2345 0.2345 0.2345 0.1965 0.1965 0.244 0.244 0.255 0.255 0.255 0.269 0.269 0.2655 0.2655 0.237 0.237 0.248 0.248 0.248 0.256 0.256 0.2695 0.2695 0.2675 0.2675 0.2675 0.2755 0.2755 0.2785 0.2785 0.2765 0.2765 0.2765 0.266 0.266 0.2585 0.2585 0.253 0.253 0.253 0.2595 0.2595 0.2655 0.2655
0.2455 0.23 0.23 0.2385 0.2385 0.2385 0.239 0.239 0.2325 0.2325 0.2525 0.2525 0.263 0.263 0.263 0.256 0.256 0.2405 0.2405 0.242 0.242 0.242 0.2325 0.2325 0.2275 0.2275 0.238 0.238 0.238 0.2335 0.2335 0.255 0.255 0.2345 0.2345 0.2345 0.1965 0.1965 0.244 0.244 0.255 0.255 0.255 0.269 0.269 0.2655 0.2655 0.237 0.237 0.248 0.248 0.248 0.256 0.256 0.2695 0.2695 0.2675 0.2675 0.2675 0.2755 0.2755 0.2785 0.2785 0.2765 0.2765 0.2765 0.266 0.266 0.2585 0.2585 0.253 0.253 0.253 0.2595 0.2595 0.2655 0.2655
0.2455 0.23 0.23 0.2385 0.2385 0.2385 0.239 0.239 0.2325 0.2325 0.2525 0.2525 0.263 0.263 0.263 0.256 0.256 0.2405 0.2405 0.242 0.242 0.242 0.2325 0.2325 0.2275 0.2275 0.238 0.238 0.238 0.2335 0.2335 0.255 0.255 0.2345 0.2345 0.2345 0.1965 0.1965 0.244 0.244 0.255 0.255 0.255 0.269 0.269 0.2655 0.2655 0.237 0.237 0.248 0.248 0.248 0.256 0.256 0.2695 0.2695 0.2675 0.2675 0.2675 0.2755 0.2755 0.2785 0.2785 0.2765 0.2765 0.2765 0.266 0.266 0.2585 0.2585 0.253 0.253 0.253 0.2595 0.2595 0.2655 0.2655
0.2345 0.242 0.242 0.2445 0.2445 0.2445 0.245 0.245 0.2385 0.2385 0.245 0.245 0.247 0.247 0.247 0.266 0.266 0.263 0.263 0.2765 0.2765 0.2765 0.274 0.274 0.2625 0.2625 0.254 0.254 0.254 0.2265 0.2265 0.2355 0.2355 0.2295 0.2295 0.2295 0.2265 0.2265 0.2555 0.2555 0.2665 0.2665 0.2665 0.296 0.296 0.282 0.282 0.249 0.249 0.2605 0.2605 0.2605 0.276 0.276 0.2705 0.2705 0.2705 0.2705 0.2705 0.271 0.271 0.273 0.273 0.27 0.27 0.27 0.2845 0.2845 0.272 0.272 0.2785 0.2785 0.2785 0.272 0.272 0.259 0.259
0.2345 0.242 0.242 0.2445 0.2445 0.2445 0.245 0.245 0.2385 0.2385 0.245 0.245 0.247 0.247 0.247 0.266 0.266 0.263 0.263 0.2765 0.2765 0.2765 0.274 0.274 0.2625 0.2625 0.254 0.254 0.254 0.2265 0.2265 0.2355 0.2355 0.2295 0.2295 0.2295 0.2265 0.2265 0.2555 0.2555 0.2665 0.2665 0.2665 0.296 0.296 0.282 0.282 0.249 0.249 0.2605 0.2605 0.2605 0.276 0.276 0.2705 0.2705 0.2705 0.2705 0.2705 0.271 0.271 0.273 0.273 0.27 0.27 0.27 0.2845 0.2845 0.272 0.272 0.2785 0.2785 0.2785 0.272 0.272 0.259 0.259
0.2475 0.2525 0.2525 0.251 0.251 0.251 0.2375 0.2375 0.2475 0.2475 0.249 0.249 0.242 0.242 0.242 0.268 0.268 0.2765 0.2765 0.282 0.282 0.282 0.2765 0.2765 0.2745 0.2745 0.241 0.241 0.241 0.248 0.248 0.2265 0.2265 0.242 0.242 0.242 0.243 0.243 0.26 0.26 0.2585 0.2585 0.2585 0.265 0.265 0.2865 0.2865 0.2665 0.2665 0.2705 0.2705 0.2705 0.273 0.273 0.275 0.275 0.2815 0.2815 0.2815 0.269 0.269 0.2625 0.2625 0.278 0.278 0.278 0.2765 0.2765 0.2665 0.2665 0.278 0.278 0.278 0.277 0.277 0.2695 0.2695
0.2475 0.2525 0.2525 0.251 0.251 0.251 0.2375 0.2375 0.2475 0.2475 0.249 0.249 0.242 0.242 0.242 0.268 0.268 0.2765 0.2765 0.282 0.282 0.282 0.2765 0.2765 0.2745 0.2745 0.241 0.241 0.241 0.248 0.248 0.2265 0.2265 0.242 0.242 0.242 0.243 0.243 0.26 0.26 0.2585 0.2585 0.2585 0.265 0.265 0.2865 0.2865 0.2665 0.2665 0.2705 0.2705 0.2705 0.273 0.273 0.275 0.275 0.2815 0.2815 0.2815 0.269 0.269 0.2625 0.2625 0.278 0.278 0.278 0.2765 0.2765 0.2665 0.2665 0.278 0.278 0.278 0.277 0.277 0.2695 0.2695
0.266 0.2635 0.2635 0.2595 0.2595 0.2595 0.2485 0.2485 0.2485 0.2485 0.269 0.269 0.2595 0.2595 0.2595 0.27 0.27 0.2685 0.2685 0.2705 0.2705 0.2705 0.2725 0.2725 0.2875 0.2875 0.2605 0.2605 0.2605 0.2385 0.2385 0.2595 0.2595 0.243 0.243 0.243 0.238 0.238 0.2575 0.2575 0.26 0.26 0.26 0.2495 0.2495 0.2585 0.2585 0.2625 0.2625 0.268 0.268 0.268 0.283 0.283 0.271 0.271 0.273 0.273 0.273 0.276 0.276 0.272 0.272 0.2715 0.2715 0.2715 0.2655 0.2655 0.2775 0.2775 0.2775 0.2775 0.2775 0.279 0.279 0.269 0.269
0.266 0.2635 0.2635 0.2595 0.2595 0.2595 0.2485 0.2485 0.2485 0.2485 0.269 0.269 0.2595 0.2595 0.2595 0.27 0.27 0.2685 0.2685 0.2705 0.2705 0.2705 0.2725 0.2725 0.2875 0.2875 0.2605 0.2605 0.2605 0.2385 0.2385 0.2595 0.2595 0.243 0.243 0.243 0.238 0.238 0.2575 0.2575 0.26 0.26 0.26 0.2495 0.2495 0.2585 0.2585 0.2625 0.2625 0.268 0.268 0.268 0.283 0.283 0.271 0.271 0.273 0.273 0.273 0.276 0.276 0.272 0.272 0.2715 0.2715 0.2715 0.2655 0.2655 0.2775 0.2775 0.2775 0.2775 0.2775 0.279 0.279 0.269 0.269
0.2535 0.2595 0.2595 0.2515 0.2515 0.2515 0.24 0.24 0.259 0.259 0.271 0.271 0.273 0.273 0.273 0.2725 0.2725 0.265 0.265 0.268 0.268 0.268 0.264 0.264 0.271 0.271 0.2675 0.2675 0.2675 0.2585 0.2585 0.2575 0.2575 0.2615 0.2615 0.2615 0.2465 0.2465 0.258 0.258 0.261 0.261 0.261 0.264 0.264 0.306 0.306 0.28 0.28 0.29 0.29 0.29 0.282 0.282 0.2735 0.2735 0.283 0.283 0.283 0.265 0.265 0.272 0.272 0.2655 0.2655 0.2655 0.261 0.261 0.269 0.269 0.284 0.284 0.284 0.2645 0.2645 0.261 0.261
0.2535 0.2595 0.2595 0.2515 0.2515 0.2515 0.24 0.24 0.259 0.259 0.271 0.271 0.273 0.273 0.273 0.2725 0.2725 0.265 0.265 0.268 0.268 0.268 0.264 0.264 0.271 0.271 0.2675 0.2675 0.2675 0.2585 0.2585 0.2575 0.2575 0.2615 0.2615 0.2615 0.2465 0.2465 0.258 0.258 0.261 0.261 0.261 0.264 0.264 0.306 0.306 0.28 0.28 0.29 0.29 0.29 0.282 0.282 0.2735 0.2735 0.283 0.283 0.283 0.265 0.265 0.272 0.272 0.2655 0.2655 0.2655 0.261 0.261 0.269 0.269 0.284 0.284 0.284 0.2645 0.2645 0.261 0.261
0.2535 0.2595 0.2595 0.2515 0.2515 0.2515 0.24 0.24 0.259 0.259 0.271 0.271 0.273 0.273 0.273 0.2725 0.2725 0.265 0.265 0.268 0.268 0.268 0.264 0.264 0.271 0.271 0.2675 0.2675 0.2675 0.2585 0.2585 0.2575 0.2575 0.2615 0.2615 0.2615 0.2465 0.2465 0.258 0.258 0.261 0.261 0.261 0.264 0.264 0.306 0.306 0.28 0.28 0.29 0.29 0.29 0.282 0.282 0.2735 0.2735 0.283 0.283 0.283 0.265 0.265 0.272 0.272 0.2655 0.2655 0.2655 0.261 0.261 0.269 0.269 0.284 0.284 0.284 0.2645 0.2645 0.261 0.261
0.26 0.2735 0.2735 0.259 0.259 0.259 0.2555 0.2555 0.259 0.259 0.3015 0.3015 0.271 0.271 0.271 0.283 0.283 0.2705 0.2705 0.2615 0.2615 0.2615 0.262 0.262 0.2525 0.2525 0.2795 0.2795 0.2795 0.2745 0.2745 0.273 0.273 0.27 0.27 0.27 0.264 0.264 0.269 0.269 0.277 0.277 0.277 0.2865 0.2865 0.3135 0.3135 0.2955 0.2955 0.311 0.311 0.311 0.2885 0.2885 0.283 0.283 0.2755 0.2755 0.2755 0.2935 0.2935 0.2895 0.2895 0.295 0.295 0.295 0.279 0.279 0.2675 0.2675 0.269 0.269 0.269 0.2615 0.2615 0.2645 0.2645
0.26 0.2735 0.2735 0.259 0.259 0.259 0.2555 0.2555 0.259 0.259 0.3015 0.3015 0.271 0.271 0.271 0.283 0.283 0.2705 0.2705 0.2615 0.2615 0.2615 0.262 0.262 0.2525 0.2525 0.2795 0.2795 0.2795 0.2745 0.2745 0.273 0.273 0.27 0.27 0.27 0.264 0.264 0.269 0.269 0.277 0.277 0.277 0.2865 0.2865 0.3135 0.3135 0.2955 0.2955 0.311 0.311 0.311 0.2885 0.2885 0.283 0.283 0.2755 0.2755 0.2755 0.2935 0.2935 0.2895 0.2895 0.295 0.295 0.295 0.279 0.279 0.2675 0.2675 0.269 0.269 0.269 0.2615 0.2615 0.2645 0.2645
0.2895 0.279 0.279 0.304 0.304 0.304 0.263 0.263 0.2685 0.2685 0.2725 0.2725 0.2705 0.2705 0.2705 0.279 0.279 0.279 0.279 0.281 0.281 0.281 0.2715 0.2715 0.286 0.286 0.295 0.295 0.295 0.31 0.31 0.287 0.287 0.277 0.277 0.277 0.282 0.282 0.286 0.286 0.284 0.284 0.284 0.3095 0.3095 0.298 0.298 0.3015 0.3015 0.3205 0.3205 0.3205 0.3025 0.3025 0.3095 0.3095 0.3225 0.3225 0.3225 0.3275 0.3275 0.303 0.303 0.293 0.293 0.293 0.283 0.283 0.276 0.276 0.2685 0.2685 0.2685 0.25 0.25 0.2565 0.2565
0.2895 0.279 0.279 0.304 0.304 0.304 0.263 0.263 0.2685 0.2685 0.2725 0.2725 0.2705 0.2705 0.2705 0.279 0.279 0.279 0.279 0.281 0.281 0.281 0.2715 0.2715 0.286 0.286 0.295 0.295 0.295 0.31 0.31 0.287 0.287 0.277 0.277 0.277 0.282 0.282 0.286 0.286 0.284 0.284 0.284 0.3095 0.3095 0.298 0.298 0.3015 0.3015 0.3205 0.3205 0.3205 0.3025 0.3025 0.3095 0.3095 0.3225 0.3225 0.3225 0.3275 0.3275 0.303 0.303 0.293 0.293 0.293 0.283 0.283 0.276 0.276 0.2685 0.2685 0.2685 0.25 0.25 0.2565 0.2565
0.3125 0.296 0.296 0.276 0.276 0.276 0.258 0.258 0.26 0.26 0.271 0.271 0.3105 0.3105 0.3105 0.3075 0.3075 0.275 0.275 0.284 0.284 0.284 0.2925 0.2925 0.284 0.284 0.3275 0.3275 0.3275 0.291 0.291 0.2925 0.2925 0.2755 0.2755 0.2755 0.283 0.283 0.2765 0.2765 0.274 0.274 0.274 0.266 0.266 0.309 0.309 0.2875 0.2875 0.284 0.284 0.284 0.298 0.298 0.294 0.294 0.306 0.306 0.306 0.3375 0.3375 0.3205 0.3205 0.292 0.292 0.292 0.2945 0.2945 0.2845 0.2845 0.272 0.272 0.272 0.278 0.278 0.279 0.279
0.3125 0.296 0.296 0.276 0.276 0.276 0.258 0.258 0.26 0.26 0.271 0.271 0.3105 0.3105 0.3105 0.3075 0.3075 0.275 0.275 0.284 0.284 0.284 0.2925 0.2925 0.284 0.284 0.3275 0.3275 0.3275 0.291 0.291 0.2925 0.2925 0.2755 0.2755 0.2755 0.283 0.283 0.2765 0.2765 0.274 0.274 0.274 0.266 0.266 0.309 0.309 0.2875 0.2875 0.284 0.284 0.284 0.298 0.298 0.294 0.294 0.306 0.306 0.306 0.3375 0.3375 0.3205 0.3205 0.292 0.292 0.292 0.2945 0.2945 0.2845 0.2845 0.272 0.272 0.272 0.278 0.278 0.279 0.279
0.3125 0.296 0.296 0.276 0.276 0.276 0.258 0.258 0.26 0.26 0.271 0.271 0.3105 0.3105 0.3105 0.3075 0.3075 0.275 0.275 0.284 0.284 0.284 0.2925 0.2925 0.284 0.284 0.3275 0.3275 0.3275 0.291 0.291 0.2925 0.2925 0.2755 0.2755 0.2755 0.283 0.283 0.2765 0.2765 0.274 0.274 0.274 0.266 0.266 0.309 0.309 0.2875 0.2875 0.284 0.284 0.284 0.298 0.298 0.294 0.294 0.306 0.306 0.306 0.3375 0.3375 0.3205 0.3205 0.292 0.292 0.292 0.2945 0.2945 0.2845 0.2845 0.272 0.272 0.272 0.278 0.278 0.279 0.279
