ndvi/NOAA-325.asc
ncols         252
nrows         154
xllcorner     -18.017974
yllcorner     13.481982
cellsize      0.035948
NODATA_value  -9999
[rows 102 to 135 of 154, columns 0 to 77 of 252]
-1 -1 -1 -1 -1 -1 -1 -1 -1 -1 -1 -1 -1 -1 -1 -1 -1 -1 -1 -1 -1 -1 -1 -1 -1 0.026 0.026 0.026 0.2285 0.2285 0.339 0.339 0.3055 0.3055 0.3055 0.296 0.296 0.2835 0.2835 0.269 0.269 0.269 0.2715 0.2715 0.276 0.276 0.271 0.271 0.271 0.2865 0.2865 0.29 0.29 0.2815 0.2815 0.2905 0.2905 0.2905 0.2885 0.2885 0.2965 0.2965 0.2965 0.2965 0.2965 0.291 0.291 0.3035 0.3035 0.2875 0.2875 0.2875 0.281 0.281 0.2815 0.2815 0.2645 0.2645
-1 -1 -1 -1 -1 -1 -1 -1 -1 -1 -1 -1 -1 -1 -1 -1 -1 -1 -1 -1 -1 -1 -1 0.028 0.028 0.2515 0.2515 0.2515 0.3485 0.3485 0.3115 0.3115 0.289 0.289 0.289 0.2955 0.2955 0.2865 0.2865 0.292 0.292 0.292 0.2965 0.2965 0.3045 0.3045 0.2935 0.2935 0.2935 0.2965 0.2965 0.2865 0.2865 0.279 0.279 0.301 0.301 0.301 0.2945 0.2945 0.3005 0.3005 0.3005 0.3005 0.3005 0.3095 0.3095 0.3065 0.3065 0.2995 0.2995 0.2995 0.286 0.286 0.2875 0.2875 0.288 0.288
-1 -1 -1 -1 -1 -1 -1 -1 -1 -1 -1 -1 -1 -1 -1 -1 -1 -1 -1 -1 -1 -1 -1 0.028 0.028 0.2515 0.2515 0.2515 0.3485 0.3485 0.3115 0.3115 0.289 0.289 0.289 0.2955 0.2955 0.2865 0.2865 0.292 0.292 0.292 0.2965 0.2965 0.3045 0.3045 0.2935 0.2935 0.2935 0.2965 0.2965 0.2865 0.2865 0.279 0.279 0.301 0.301 0.301 0.2945 0.2945 0.3005 0.3005 0.3005 0.3005 0.3005 0.3095 0.3095 0.3065 0.3065 0.2995 0.2995 0.2995 0.286 0.286 0.2875 0.2875 0.288 0.288
-1 -1 -1 -1 -1 -1 -1 -1 -1 -1 -1 -1 -1 -1 -1 -1 -1 -1 -1 -1 -1 -1 -1 0.028 0.028 0.2515 0.2515 0.2515 0.3485 0.3485 0.3115 0.3115 0.289 0.289 0.289 0.2955 0.2955 0.2865 0.2865 0.292 0.292 0.292 0.2965 0.2965 0.3045 0.3045 0.2935 0.2935 0.2935 0.2965 0.2965 0.2865 0.2865 0.279 0.279 0.301 0.301 0.301 0.2945 0.2945 0.3005 0.3005 0.3005 0.3005 0.3005 0.3095 0.3095 0.3065 0.3065 0.2995 0.2995 0.2995 0.286 0.286 0.2875 0.2875 0.288 0.288
-1 -1 -1 -1 -1 -1 -1 -1 -1 -1 -1 -1 -1 -1 -1 -1 -1 -1 -1 -1 -1 0.0525 0.0525 0.189 0.189 0.3615 0.3615 0.3615 0.3645 0.3645 0.3285 0.3285 0.3165 0.3165 0.3165 0.3045 0.3045 0.3125 0.3125 0.301 0.301 0.301 0.306 0.306 0.308 0.308 0.2895 0.2895 0.2895 0.273 0.273 0.2845 0.2845 0.268 0.268 0.2975 0.2975 0.2975 0.2965 0.2965 0.313 0.313 0.313 0.313 0.313 0.316 0.316 0.318 0.318 0.3355 0.3355 0.3355 0.3145 0.3145 0.3215 0.3215 0.2935 0.2935
-1 -1 -1 -1 -1 -1 -1 -1 -1 -1 -1 -1 -1 -1 -1 -1 -1 -1 -1 -1 -1 0.0525 0.0525 0.189 0.189 0.3615 0.3615 0.3615 0.3645 0.3645 0.3285 0.3285 0.3165 0.3165 0.3165 0.3045 0.3045 0.3125 0.3125 0.301 0.301 0.301 0.306 0.306 0.308 0.308 0.2895 0.2895 0.2895 0.273 0.273 0.2845 0.2845 0.268 0.268 0.2975 0.2975 0.2975 0.2965 0.2965 0.313 0.313 0.313 0.313 0.313 0.316 0.316 0.318 0.318 0.3355 0.3355 0.3355 0.3145 0.3145 0.3215 0.3215 0.2935 0.2935
-1 -1 -1 -1 -1 -1 -1 -1 -1 -1 -1 -1 -1 -1 -1 -1 -1 -1 -1 -1 -1 0.1695 0.1695 0.346 0.346 0.3485 0.3485 0.3485 0.3535 0.3535 0.33 0.33 0.3025 0.3025 0.3025 0.3145 0.3145 0.306 0.306 0.302 0.302 0.302 0.2975 0.2975 0.303 0.303 0.3045 0.3045 0.3045 0.3025 0.3025 0.2905 0.2905 0.2745 0.2745 0.281 0.281 0.281 0.304 0.304 0.307 0.307 0.307 0.307 0.307 0.298 0.298 0.325 0.325 0.319 0.319 0.319 0.329 0.329 0.327 0.327 0.3035 0.3035
-1 -1 -1 -1 -1 -1 -1 -1 -1 -1 -1 -1 -1 -1 -1 -1 -1 -1 -1 -1 -1 0.1695 0.1695 0.346 0.346 0.3485 0.3485 0.3485 0.3535 0.3535 0.33 0.33 0.3025 0.3025 0.3025 0.3145 0.3145 0.306 0.306 0.302 0.302 0.302 0.2975 0.2975 0.303 0.303 0.3045 0.3045 0.3045 0.3025 0.3025 0.2905 0.2905 0.2745 0.2745 0.281 0.281 0.281 0.304 0.304 0.307 0.307 0.307 0.307 0.307 0.298 0.298 0.325 0.325 0.319 0.319 0.319 0.329 0.329 0.327 0.327 0.3035 0.3035
-1 -1 -1 -1 -1 -1 -1 -1 -1 -1 -1 -1 -1 -1 -1 -1 -1 -1 0.17 0.17 0.17 0.3625 0.3625 0.36 0.36 0.354 0.354 0.354 0.361 0.361 0.347 0.347 0.3035 0.3035 0.3035 0.305 0.305 0.3055 0.3055 0.2945 0.2945 0.2945 0.309 0.309 0.288 0.288 0.2845 0.2845 0.2845 0.3035 0.3035 0.3035 0.3035 0.2825 0.2825 0.2985 0.2985 0.2985 0.2835 0.2835 0.2885 0.2885 0.2885 0.2885 0.2885 0.286 0.286 0.303 0.303 0.3245 0.3245 0.3245 0.342 0.342 0.3505 0.3505 0.318 0.318
-1 -1 -1 -1 -1 -1 -1 -1 -1 -1 -1 -1 -1 -1 -1 -1 -1 -1 0.17 0.17 0.17 0.3625 0.3625 0.36 0.36 0.354 0.354 0.354 0.361 0.361 0.347 0.347 0.3035 0.3035 0.3035 0.305 0.305 0.3055 0.3055 0.2945 0.2945 0.2945 0.309 0.309 0.288 0.288 0.2845 0.2845 0.2845 0.3035 0.3035 0.3035 0.3035 0.2825 0.2825 0.2985 0.2985 0.2985 0.2835 0.2835 0.2885 0.2885 0.2885 0.2885 0.2885 0.286 0.286 0.303 0.303 0.3245 0.3245 0.3245 0.342 0.342 0.3505 0.3505 0.318 0.318
-1 -1 -1 -1 -1 -1 -1 -1 -1 -1 -1 -1 -1 -1 -1 -1 -1 -1 0.17 0.17 0.17 0.3625 0.3625 0.36 0.36 0.354 0.354 0.354 0.361 0.361 0.347 0.347 0.3035 0.3035 0.3035 0.305 0.305 0.3055 0.3055 0.2945 0.2945 0.2945 0.309 0.309 0.288 0.288 0.2845 0.2845 0.2845 0.3035 0.3035 0.3035 0.3035 0.2825 0.2825 0.2985 0.2985 0.2985 0.2835 0.2835 0.2885 0.2885 0.2885 0.2885 0.2885 0.286 0.286 0.303 0.303 0.3245 0.3245 0.3245 0.342 0.342 0.3505 0.3505 0.318 0.318
-1 -1 -1 -1 -1 -1 -1 -1 -1 -1 -1 -1 -1 -1 -1 -1 0.3136 0.3136 0.375 0.375 0.375 0.371 0.371 0.362 0.362 0.3705 0.3705 0.3705 0.374 0.374 0.346 0.346 0.336 0.336 0.336 0.299 0.299 0.3 0.3 0.3005 0.3005 0.3005 0.296 0.296 0.286 0.286 0.2785 0.2785 0.2785 0.28 0.28 0.2735 0.2735 0.299 0.299 0.3 0.3 0.3 0.298 0.298 0.313 0.313 0.313 0.313 0.313 0.308 0.308 0.298 0.298 0.2955 0.2955 0.2955 0.3025 0.3025 0.3005 0.3005 0.304 0.304
-1 -1 -1 -1 -1 -1 -1 -1 -1 -1 -1 -1 -1 -1 -1 -1 0.3136 0.3136 0.375 0.375 0.375 0.371 0.371 0.362 0.362 0.3705 0.3705 0.3705 0.374 0.374 0.346 0.346 0.336 0.336 0.336 0.299 0.299 0.3 0.3 0.3005 0.3005 0.3005 0.296 0.296 0.286 0.286 0.2785 0.2785 0.2785 0.28 0.28 0.2735 0.2735 0.299 0.299 0.3 0.3 0.3 0.298 0.298 0.313 0.313 0.313 0.313 0.313 0.308 0.308 0.298 0.298 0.2955 0.2955 0.2955 0.3025 0.3025 0.3005 0.3005 0.304 0.304
-1 -1 -1 -1 -1 -1 -1 -1 -1 -1 -1 -1 0.2345 0.2345 0.1915 0.1915 0.2065 0.2065 0.351 0.351 0.351 0.365 0.365 0.3885 0.3885 0.3815 0.3815 0.3815 0.363 0.363 0.3505 0.3505 0.318 0.318 0.318 0.321 0.321 0.3245 0.3245 0.31 0.31 0.31 0.299 0.299 0.294 0.294 0.2945 0.2945 0.2945 0.296 0.296 0.3 0.3 0.284 0.284 0.283 0.283 0.283 0.294 0.294 0.301 0.301 0.301 0.301 0.301 0.325 0.325 0.3105 0.3105 0.2895 0.2895 0.2895 0.3025 0.3025 0.3025 0.3025 0.3175 0.3175
-1 -1 -1 -1 -1 -1 -1 -1 -1 -1 -1 -1 0.2345 0.2345 0.1915 0.1915 0.2065 0.2065 0.351 0.351 0.351 0.365 0.365 0.3885 0.3885 0.3815 0.3815 0.3815 0.363 0.363 0.3505 0.3505 0.318 0.318 0.318 0.321 0.321 0.3245 0.3245 0.31 0.31 0.31 0.299 0.299 0.294 0.294 0.2945 0.2945 0.2945 0.296 0.296 0.3 0.3 0.284 0.284 0.283 0.283 0.283 0.294 0.294 0.301 0.301 0.301 0.301 0.301 0.325 0.325 0.3105 0.3105 0.2895 0.2895 0.2895 0.3025 0.3025 0.3025 0.3025 0.3175 0.3175
-1 -1 -1 -1 -1 -1 -1 -1 -1 0.1612 0.1612 0.1612 0.1155 0.1155 0.0927 0.0927 0.1565 0.1565 0.1245 0.1245 0.1245 0.372 0.372 0.346 0.346 0.365 0.365 0.365 0.3535 0.3535 0.346 0.346 0.323 0.323 0.323 0.324 0.324 0.327 0.327 0.316 0.316 0.316 0.3095 0.3095 0.308 0.308 0.299 0.299 0.299 0.298 0.298 0.2995 0.2995 0.287 0.287 0.296 0.296 0.296 0.2985 0.2985 0.313 0.313 0.313 0.313 0.313 0.3215 0.3215 0.325 0.325 0.32 0.32 0.32 0.338 0.338 0.307 0.307 0.316 0.316
-1 -1 -1 -1 -1 -1 -1 -1 -1 0.1612 0.1612 0.1612 0.1155 0.1155 0.0927 0.0927 0.1565 0.1565 0.1245 0.1245 0.1245 0.372 0.372 0.346 0.346 0.365 0.365 0.365 0.3535 0.3535 0.346 0.346 0.323 0.323 0.323 0.324 0.324 0.327 0.327 0.316 0.316 0.316 0.3095 0.3095 0.308 0.308 0.299 0.299 0.299 0.298 0.298 0.2995 0.2995 0.287 0.287 0.296 0.296 0.296 0.2985 0.2985 0.313 0.313 0.313 0.313 0.313 0.3215 0.3215 0.325 0.325 0.32 0.32 0.32 0.338 0.338 0.307 0.307 0.316 0.316
-1 -1 -1 -1 -1 -1 -1 -1 -1 0.1612 0.1612 0.1612 0.1155 0.1155 0.0927 0.0927 0.1565 0.1565 0.1245 0.1245 0.1245 0.372 0.372 0.346 0.346 0.365 0.365 0.365 0.3535 0.3535 0.346 0.346 0.323 0.323 0.323 0.324 0.324 0.327 0.327 0.316 0.316 0.316 0.3095 0.3095 0.308 0.308 0.299 0.299 0.299 0.298 0.298 0.2995 0.2995 0.287 0.287 0.296 0.296 0.296 0.2985 0.2985 0.313 0.313 0.313 0.313 0.313 0.3215 0.3215 0.325 0.325 0.32 0.32 0.32 0.338 0.338 0.307 0.307 0.316 0.316
-1 -1 -1 -1 -1 -1 -1 -1 -1 -1 -1 -1 0.1387 0.1387 0.1762 0.1762 0.1842 0.1842 0.1605 0.1605 0.1605 0.3615 0.3615 0.354 0.354 0.4105 0.4105 0.4105 0.338 0.338 0.3395 0.3395 0.3305 0.3305 0.3305 0.3165 0.3165 0.3115 0.3115 0.314 0.314 0.314 0.316 0.316 0.303 0.303 0.291 0.291 0.291 0.3085 0.3085 0.313 0.313 0.315 0.315 0.3075 0.3075 0.3075 0.308 0.308 0.3115 0.3115 0.3115 0.3115 0.3115 0.2995 0.2995 0.3115 0.3115 0.3135 0.3135 0.3135 0.3375 0.3375 0.313 0.313 0.3145 0.3145
-1 -1 -1 -1 -1 -1 -1 -1 -1 -1 -1 -1 0.1387 0.1387 0.1762 0.1762 0.1842 0.1842 0.1605 0.1605 0.1605 0.3615 0.3615 0.354 0.354 0.4105 0.4105 0.4105 0.338 0.338 0.3395 0.3395 0.3305 0.3305 0.3305 0.3165 0.3165 0.3115 0.3115 0.314 0.314 0.314 0.316 0.316 0.303 0.303 0.291 0.291 0.291 0.3085 0.3085 0.313 0.313 0.315 0.315 0.3075 0.3075 0.3075 0.308 0.308 0.3115 0.3115 0.3115 0.3115 0.3115 0.2995 0.2995 0.3115 0.3115 0.3135 0.3135 0.3135 0.3375 0.3375 0.313 0.313 0.3145 0.3145
-1 -1 -1 -1 -1 -1 -1 -1 -1 -1 -1 -1 -1 -1 -1 -1 -1 -1 0.1697 0.1697 0.1697 0.211 0.211 0.347 0.347 0.3345 0.3345 0.3345 0.3485 0.3485 0.3435 0.3435 0.3535 0.3535 0.3535 0.319 0.319 0.3125 0.3125 0.313 0.313 0.313 0.314 0.314 0.3 0.3 0.301 0.301 0.301 0.3045 0.3045 0.3225 0.3225 0.3335 0.3335 0.3155 0.3155 0.3155 0.318 0.318 0.314 0.314 0.314 0.314 0.314 0.303 0.303 0.301 0.301 0.317 0.317 0.317 0.332 0.332 0.338 0.338 0.306 0.306
-1 -1 -1 -1 -1 -1 -1 -1 -1 -1 -1 -1 -1 -1 -1 -1 -1 -1 0.1697 0.1697 0.1697 0.211 0.211 0.347 0.347 0.3345 0.3345 0.3345 0.3485 0.3485 0.3435 0.3435 0.3535 0.3535 0.3535 0.319 0.319 0.3125 0.3125 0.313 0.313 0.313 0.314 0.314 0.3 0.3 0.301 0.301 0.301 0.3045 0.3045 0.3225 0.3225 0.3335 0.3335 0.3155 0.3155 0.3155 0.318 0.318 0.314 0.314 0.314 0.314 0.314 0.303 0.303 0.301 0.301 0.317 0.317 0.317 0.332 0.332 0.338 0.338 0.306 0.306
-1 -1 -1 -1 -1 -1 -1 -1 -1 -1 -1 -1 -1 -1 -1 -1 -1 -1 -1 -1 -1 0.2017 0.2017 0.193 0.193 0.339 0.339 0.339 0.349 0.349 0.3445 0.3445 0.344 0.344 0.344 0.325 0.325 0.319 0.319 0.311 0.311 0.311 0.32 0.32 0.3085 0.3085 0.309 0.309 0.309 0.3175 0.3175 0.325 0.325 0.3245 0.3245 0.3295 0.3295 0.3295 0.3345 0.3345 0.34 0.34 0.34 0.34 0.34 0.318 0.318 0.3205 0.3205 0.313 0.313 0.313 0.3165 0.3165 0.318 0.318 0.3425 0.3425
-1 -1 -1 -1 -1 -1 -1 -1 -1 -1 -1 -1 -1 -1 -1 -1 -1 -1 -1 -1 -1 0.2017 0.2017 0.193 0.193 0.339 0.339 0.339 0.349 0.349 0.3445 0.3445 0.344 0.344 0.344 0.325 0.325 0.319 0.319 0.311 0.311 0.311 0.32 0.32 0.3085 0.3085 0.309 0.309 0.309 0.3175 0.3175 0.325 0.325 0.3245 0.3245 0.3295 0.3295 0.3295 0.3345 0.3345 0.34 0.34 0.34 0.34 0.34 0.318 0.318 0.3205 0.3205 0.313 0.313 0.313 0.3165 0.3165 0.318 0.318 0.3425 0.3425
-1 -1 -1 -1 -1 -1 -1 -1 -1 -1 -1 -1 -1 -1 -1 -1 -1 -1 -1 -1 -1 0.1287 0.1287 0.2985 0.2985 0.2595 0.2595 0.2595 0.3135 0.3135 0.333 0.333 0.3385 0.3385 0.3385 0.3395 0.3395 0.3115 0.3115 0.281 0.281 0.281 0.261 0.261 0.302 0.302 0.3145 0.3145 0.3145 0.3145 0.3145 0.332 0.332 0.335 0.335 0.374 0.374 0.374 0.3415 0.3415 0.335 0.335 0.335 0.335 0.335 0.319 0.319 0.3175 0.3175 0.337 0.337 0.337 0.332 0.332 0.3245 0.3245 0.3385 0.3385
-1 -1 -1 -1 -1 -1 -1 -1 -1 -1 -1 -1 -1 -1 -1 -1 -1 -1 -1 -1 -1 0.1287 0.1287 0.2985 0.2985 0.2595 0.2595 0.2595 0.3135 0.3135 0.333 0.333 0.3385 0.3385 0.3385 0.3395 0.3395 0.3115 0.3115 0.281 0.281 0.281 0.261 0.261 0.302 0.302 0.3145 0.3145 0.3145 0.3145 0.3145 0.332 0.332 0.335 0.335 0.374 0.374 0.374 0.3415 0.3415 0.335 0.335 0.335 0.335 0.335 0.319 0.319 0.3175 0.3175 0.337 0.337 0.337 0.332 0.332 0.3245 0.3245 0.3385 0.3385
-1 -1 -1 -1 -1 -1 -1 -1 -1 -1 -1 -1 -1 -1 -1 -1 -1 -1 -1 -1 -1 0.1287 0.1287 0.2985 0.2985 0.2595 0.2595 0.2595 0.3135 0.3135 0.333 0.333 0.3385 0.3385 0.3385 0.3395 0.3395 0.3115 0.3115 0.281 0.281 0.281 0.261 0.261 0.302 0.302 0.3145 0.3145 0.3145 0.3145 0.3145 0.332 0.332 0.335 0.335 0.374 0.374 0.374 0.3415 0.3415 0.335 0.335 0.335 0.335 0.335 0.319 0.319 0.3175 0.3175 0.337 0.337 0.337 0.332 0.332 0.3245 0.3245 0.3385 0.3385
-1 -1 -1 -1 -1 -1 -1 -1 -1 -1 -1 -1 -1 -1 -1 -1 -1 -1 -1 -1 -1 -1 -1 0.2167 0.2167 0.141 0.141 0.141 0.3455 0.3455 0.365 0.365 0.353 0.353 0.353 0.3805 0.3805 0.2345 0.2345 0.19 0.19 0.19 0.245 0.245 0.2775 0.2775 0.2955 0.2955 0.2955 0.313 0.313 0.3415 0.3415 0.36 0.36 0.3565 0.3565 0.3565 0.344 0.344 0.3465 0.3465 0.3465 0.3465 0.3465 0.3495 0.3495 0.347 0.347 0.34 0.34 0.34 0.3395 0.3395 0.3415 0.3415 0.3535 0.3535
-1 -1 -1 -1 -1 -1 -1 -1 -1 -1 -1 -1 -1 -1 -1 -1 -1 -1 -1 -1 -1 -1 -1 0.2167 0.2167 0.141 0.141 0.141 0.3455 0.3455 0.365 0.365 0.353 0.353 0.353 0.3805 0.3805 0.2345 0.2345 0.19 0.19 0.19 0.245 0.245 0.2775 0.2775 0.2955 0.2955 0.2955 0.313 0.313 0.3415 0.3415 0.36 0.36 0.3565 0.3565 0.3565 0.344 0.344 0.3465 0.3465 0.3465 0.3465 0.3465 0.3495 0.3495 0.347 0.347 0.34 0.34 0.34 0.3395 0.3395 0.3415 0.3415 0.3535 0.3535
-1 -1 -1 -1 -1 -1 -1 -1 -1 -1 -1 -1 -1 -1 -1 -1 -1 -1 -1 -1 -1 -1 -1 -1 -1 0.1925 0.1925 0.1925 0.219 0.219 0.3515 0.3515 0.3345 0.3345 0.3345 0.3275 0.3275 0.116 0.116 0.1645 0.1645 0.1645 0.238 0.238 0.2625 0.2625 0.29 0.29 0.29 0.292 0.292 0.325 0.325 0.3505 0.3505 0.3285 0.3285 0.3285 0.3485 0.3485 0.3315 0.3315 0.3315 0.3315 0.3315 0.3615 0.3615 0.343 0.343 0.335 0.335 0.335 0.3345 0.3345 0.332 0.332 0.3315 0.3315
-1 -1 -1 -1 -1 -1 -1 -1 -1 -1 -1 -1 -1 -1 -1 -1 -1 -1 -1 -1 -1 -1 -1 -1 -1 0.1925 0.1925 0.1925 0.219 0.219 0.3515 0.3515 0.3345 0.3345 0.3345 0.3275 0.3275 0.116 0.116 0.1645 0.1645 0.1645 0.238 0.238 0.2625 0.2625 0.29 0.29 0.29 0.292 0.292 0.325 0.325 0.3505 0.3505 0.3285 0.3285 0.3285 0.3485 0.3485 0.3315 0.3315 0.3315 0.3315 0.3315 0.3615 0.3615 0.343 0.343 0.335 0.335 0.335 0.3345 0.3345 0.332 0.332 0.3315 0.3315
-1 -1 -1 -1 -1 -1 -1 -1 -1 -1 -1 -1 -1 -1 -1 -1 -1 -1 -1 -1 -1 -1 -1 -1 -1 0.1152 0.1152 0.1152 0.2025 0.2025 0.287 0.287 0.305 0.305 0.305 0.3085 0.3085 0.1935 0.1935 0.2795 0.2795 0.2795 0.3025 0.3025 0.332 0.332 0.321 0.321 0.321 0.274 0.274 0.335 0.335 0.3375 0.3375 0.352 0.352 0.352 0.344 0.344 0.327 0.327 0.327 0.327 0.327 0.32 0.32 0.329 0.329 0.314 0.314 0.314 0.316 0.316 0.329 0.329 0.3215 0.3215
-1 -1 -1 -1 -1 -1 -1 -1 -1 -1 -1 -1 -1 -1 -1 -1 -1 -1 -1 -1 -1 -1 -1 -1 -1 0.1152 0.1152 0.1152 0.2025 0.2025 0.287 0.287 0.305 0.305 0.305 0.3085 0.3085 0.1935 0.1935 0.2795 0.2795 0.2795 0.3025 0.3025 0.332 0.332 0.321 0.321 0.321 0.274 0.274 0.335 0.335 0.3375 0.3375 0.352 0.352 0.352 0.344 0.344 0.327 0.327 0.327 0.327 0.327 0.32 0.32 0.329 0.329 0.314 0.314 0.314 0.316 0.316 0.329 0.329 0.3215 0.3215
-1 -1 -1 -1 -1 -1 -1 -1 -1 -1 -1 -1 -1 -1 -1 -1 -1 -1 -1 -1 -1 -1 -1 -1 -1 0.1152 0.1152 0.1152 0.2025 0.2025 0.287 0.287 0.305 0.305 0.305 0.3085 0.3085 0.1935 0.1935 0.2795 0.2795 0.2795 0.3025 0.3025 0.332 0.332 0.321 0.321 0.321 0.274 0.274 0.335 0.335 0.3375 0.3375 0.352 0.352 0.352 0.344 0.344 0.327 0.327 0.327 0.327 0.327 0.32 0.32 0.329 0.329 0.314 0.314 0.314 0.316 0.316 0.329 0.329 0.3215 0.3215
