ndvi/NOAA-124.asc
ncols         252
nrows         154
xllcorner     -18.017974
yllcorner     13.481982
cellsize      0.035948
NODATA_value  -9999
[rows 34 to 67 of 154, columns 154 to 230 of 252]
0.124 0.1195 0.1195 0.1045 0.1045 0.1045 0.123 0.123 0.109 0.109 0.1055 0.1055 0.095 0.095 0.095 0.0955 0.0955 0.0985 0.0985 0.1015 0.1015 0.1015 0.1065 0.1065 0.1255 0.1255 0.128 0.128 0.128 0.1365 0.1365 0.133 0.133 0.1285 0.1285 0.1285 0.1245 0.1245 0.125 0.125 0.124 0.124 0.124 0.1205 0.1205 0.1255 0.1255 0.1305 0.1305 0.1285 0.1285 0.1285 0.127 0.127 0.128 0.128 0.1285 0.1285 0.1285 0.1305 0.1305 0.124 0.124 0.125 0.125 0.125 0.123 0.123 0.1245 0.1245 0.1275 0.1275 0.1275 0.1255 0.1255 0.1225 0.1225
0.124 0.1195 0.1195 0.1045 0.1045 0.1045 0.123 0.123 0.109 0.109 0.1055 0.1055 0.095 0.095 0.095 0.0955 0.0955 0.0985 0.0985 0.1015 0.1015 0.1015 0.1065 0.1065 0.1255 0.1255 0.128 0.128 0.128 0.1365 0.1365 0.133 0.133 0.1285 0.1285 0.1285 0.1245 0.1245 0.125 0.125 0.124 0.124 0.124 0.1205 0.1205 0.1255 0.1255 0.1305 0.1305 0.1285 0.1285 0.1285 0.127 0.127 0.128 0.128 0.1285 0.1285 0.1285 0.1305 0.1305 0.124 0.124 0.125 0.125 0.125 0.123 0.123 0.1245 0.1245 0.1275 0.1275 0.1275 0.1255 0.1255 0.1225 0.1225
0.124 0.1195 0.1195 0.1045 0.1045 0.1045 0.123 0.123 0.109 0.109 0.1055 0.1055 0.095 0.095 0.095 0.0955 0.0955 0.0985 0.0985 0.1015 0.1015 0.1015 0.1065 0.1065 0.1255 0.1255 0.128 0.128 0.128 0.1365 0.1365 0.133 0.133 0.1285 0.1285 0.1285 0.1245 0.1245 0.125 0.125 0.124 0.124 0.124 0.1205 0.1205 0.1255 0.1255 0.1305 0.1305 0.1285 0.1285 0.1285 0.127 0.127 0.128 0.128 0.1285 0.1285 0.1285 0.1305 0.1305 0.124 0.124 0.125 0.125 0.125 0.123 0.123 0.1245 0.1245 0.1275 0.1275 0.1275 0.1255 0.1255 0.1225 0.1225
0.126 0.1135 0.1135 0.104 0.104 0.104 0.0995 0.0995 0.095 0.095 0.0975 0.0975 0.1015 0.1015 0.1015 0.102 0.102 0.099 0.099 0.0935 0.0935 0.0935 0.092 0.092 0.1275 0.1275 0.135 0.135 0.135 0.1495 0.1495 0.132 0.132 0.134 0.134 0.134 0.126 0.126 0.1235 0.1235 0.1195 0.1195 0.1195 0.124 0.124 0.121 0.121 0.1315 0.1315 0.1205 0.1205 0.1205 0.1155 0.1155 0.1225 0.1225 0.1305 0.1305 0.1305 0.1375 0.1375 0.1225 0.1225 0.1255 0.1255 0.1255 0.124 0.124 0.125 0.125 0.1245 0.1245 0.1245 0.135 0.135 0.132 0.132
0.126 0.1135 0.1135 0.104 0.104 0.104 0.0995 0.0995 0.095 0.095 0.0975 0.0975 0.1015 0.1015 0.1015 0.102 0.102 0.099 0.099 0.0935 0.0935 0.0935 0.092 0.092 0.1275 0.1275 0.135 0.135 0.135 0.1495 0.1495 0.132 0.132 0.134 0.134 0.134 0.126 0.126 0.1235 0.1235 0.1195 0.1195 0.1195 0.124 0.124 0.121 0.121 0.1315 0.1315 0.1205 0.1205 0.1205 0.1155 0.1155 0.1225 0.1225 0.1305 0.1305 0.1305 0.1375 0.1375 0.1225 0.1225 0.1255 0.1255 0.1255 0.124 0.124 0.125 0.125 0.1245 0.1245 0.1245 0.135 0.135 0.132 0.132
0.1225 0.11 0.11 0.0855 0.0855 0.0855 0.0905 0.0905 0.09299999 0.09299999 0.0915 0.0915 0.0985 0.0985 0.0985 0.096 0.096 0.0935 0.0935 0.088 0.088 0.088 0.0865 0.0865 0.138 0.138 0.15 0.15 0.15 0.1515 0.1515 0.1525 0.1525 0.1425 0.1425 0.1425 0.1315 0.1315 0.123 0.123 0.119 0.119 0.119 0.1165 0.1165 0.1245 0.1245 0.1255 0.1255 0.1295 0.1295 0.1295 0.126 0.126 0.1215 0.1215 0.129 0.129 0.129 0.138 0.138 0.139 0.139 0.12 0.12 0.12 0.1285 0.1285 0.124 0.124 0.1305 0.1305 0.1305 0.1325 0.1325 0.1305 0.1305
0.1225 0.11 0.11 0.0855 0.0855 0.0855 0.0905 0.0905 0.09299999 0.09299999 0.0915 0.0915 0.0985 0.0985 0.0985 0.096 0.096 0.0935 0.0935 0.088 0.088 0.088 0.0865 0.0865 0.138 0.138 0.15 0.15 0.15 0.1515 0.1515 0.1525 0.1525 0.1425 0.1425 0.1425 0.1315 0.1315 0.123 0.123 0.119 0.119 0.119 0.1165 0.1165 0.1245 0.1245 0.1255 0.1255 0.1295 0.1295 0.1295 0.126 0.126 0.1215 0.1215 0.129 0.129 0.129 0.138 0.138 0.139 0.139 0.12 0.12 0.12 0.1285 0.1285 0.124 0.124 0.1305 0.1305 0.1305 0.1325 0.1325 0.1305 0.1305
0.117 0.102 0.102 0.081 0.081 0.081 0.0855 0.0855 0.0905 0.0905 0.0955 0.0955 0.096 0.096 0.096 0.095 0.095 0.1 0.1 0.101 0.101 0.101 0.0985 0.0985 0.1305 0.1305 0.1415 0.1415 0.1415 0.1525 0.1525 0.151 0.151 0.141 0.141 0.141 0.1435 0.1435 0.1255 0.1255 0.1255 0.1255 0.1255 0.127 0.127 0.1285 0.1285 0.1285 0.1285 0.1225 0.1225 0.1225 0.121 0.121 0.1325 0.1325 0.136 0.136 0.136 0.1315 0.1315 0.131 0.131 0.1415 0.1415 0.1415 0.147 0.147 0.1415 0.1415 0.1355 0.1355 0.1355 0.139 0.139 0.134 0.134
0.117 0.102 0.102 0.081 0.081 0.081 0.0855 0.0855 0.0905 0.0905 0.0955 0.0955 0.096 0.096 0.096 0.095 0.095 0.1 0.1 0.101 0.101 0.101 0.0985 0.0985 0.1305 0.1305 0.1415 0.1415 0.1415 0.1525 0.1525 0.151 0.151 0.141 0.141 0.141 0.1435 0.1435 0.1255 0.1255 0.1255 0.1255 0.1255 0.127 0.127 0.1285 0.1285 0.1285 0.1285 0.1225 0.1225 0.1225 0.121 0.121 0.1325 0.1325 0.136 0.136 0.136 0.1315 0.1315 0.131 0.131 0.1415 0.1415 0.1415 0.147 0.147 0.1415 0.1415 0.1355 0.1355 0.1355 0.139 0.139 0.134 0.134
0.117 0.102 0.102 0.081 0.081 0.081 0.0855 0.0855 0.0905 0.0905 0.0955 0.0955 0.096 0.096 0.096 0.095 0.095 0.1 0.1 0.101 0.101 0.101 0.0985 0.0985 0.1305 0.1305 0.1415 0.1415 0.1415 0.1525 0.1525 0.151 0.151 0.141 0.141 0.141 0.1435 0.1435 0.1255 0.1255 0.1255 0.1255 0.1255 0.127 0.127 0.1285 0.1285 0.1285 0.1285 0.1225 0.1225 0.1225 0.121 0.121 0.1325 0.1325 0.136 0.136 0.136 0.1315 0.1315 0.131 0.131 0.1415 0.1415 0.1415 0.147 0.147 0.1415 0.1415 0.1355 0.1355 0.1355 0.139 0.139 0.134 0.134
0.096 0.1275 0.1275 0.122 0.122 0.122 0.106 0.106 0.1075 0.1075 0.1115 0.1115 0.1085 0.1085 0.1085 0.095 0.095 0.1345 0.1345 0.1425 0.1425 0.1425 0.121 0.121 0.1335 0.1335 0.1385 0.1385 0.1385 0.142 0.142 0.149 0.149 0.146 0.146 0.146 0.1325 0.1325 0.1295 0.1295 0.132 0.132 0.132 0.1315 0.1315 0.1335 0.1335 0.128 0.128 0.1415 0.1415 0.1415 0.1225 0.1225 0.1275 0.1275 0.1365 0.1365 0.1365 0.139 0.139 0.14 0.14 0.141 0.141 0.141 0.1455 0.1455 0.1405 0.1405 0.133 0.133 0.133 0.1375 0.1375 0.1355 0.1355
0.096 0.1275 0.1275 0.122 0.122 0.122 0.106 0.106 0.1075 0.1075 0.1115 0.1115 0.1085 0.1085 0.1085 0.095 0.095 0.1345 0.1345 0.1425 0.1425 0.1425 0.121 0.121 0.1335 0.1335 0.1385 0.1385 0.1385 0.142 0.142 0.149 0.149 0.146 0.146 0.146 0.1325 0.1325 0.1295 0.1295 0.132 0.132 0.132 0.1315 0.1315 0.1335 0.1335 0.128 0.128 0.1415 0.1415 0.1415 0.1225 0.1225 0.1275 0.1275 0.1365 0.1365 0.1365 0.139 0.139 0.14 0.14 0.141 0.141 0.141 0.1455 0.1455 0.1405 0.1405 0.133 0.133 0.133 0.1375 0.1375 0.1355 0.1355
0.115 0.082 0.082 0.139 0.139 0.139 0.1545 0.1545 0.1425 0.1425 0.1475 0.1475 0.156 0.156 0.156 0.153 0.153 0.158 0.158 0.147 0.147 0.147 0.1555 0.1555 0.138 0.138 0.1455 0.1455 0.1455 0.1455 0.1455 0.149 0.149 0.145 0.145 0.145 0.1425 0.1425 0.131 0.131 0.1375 0.1375 0.1375 0.136 0.136 0.1395 0.1395 0.125 0.125 0.1425 0.1425 0.1425 0.129 0.129 0.1295 0.1295 0.1365 0.1365 0.1365 0.1475 0.1475 0.1425 0.1425 0.14 0.14 0.14 0.1375 0.1375 0.133 0.133 0.137 0.137 0.137 0.136 0.136 0.14 0.14
0.115 0.082 0.082 0.139 0.139 0.139 0.1545 0.1545 0.1425 0.1425 0.1475 0.1475 0.156 0.156 0.156 0.153 0.153 0.158 0.158 0.147 0.147 0.147 0.1555 0.1555 0.138 0.138 0.1455 0.1455 0.1455 0.1455 0.1455 0.149 0.149 0.145 0.145 0.145 0.1425 0.1425 0.131 0.131 0.1375 0.1375 0.1375 0.136 0.136 0.1395 0.1395 0.125 0.125 0.1425 0.1425 0.1425 0.129 0.129 0.1295 0.1295 0.1365 0.1365 0.1365 0.1475 0.1475 0.1425 0.1425 0.14 0.14 0.14 0.1375 0.1375 0.133 0.133 0.137 0.137 0.137 0.136 0.136 0.14 0.14
0.115 0.1175 0.1175 0.1325 0.1325 0.1325 0.1555 0.1555 0.1665 0.1665 0.1485 0.1485 0.1465 0.1465 0.1465 0.149 0.149 0.1415 0.1415 0.1385 0.1385 0.1385 0.1435 0.1435 0.161 0.161 0.15 0.15 0.15 0.1485 0.1485 0.136 0.136 0.1475 0.1475 0.1475 0.15 0.15 0.1505 0.1505 0.1485 0.1485 0.1485 0.148 0.148 0.144 0.144 0.1375 0.1375 0.133 0.133 0.133 0.1245 0.1245 0.125 0.125 0.137 0.137 0.137 0.1465 0.1465 0.1485 0.1485 0.132 0.132 0.132 0.1325 0.1325 0.134 0.134 0.1295 0.1295 0.1295 0.136 0.136 0.138 0.138
0.115 0.1175 0.1175 0.1325 0.1325 0.1325 0.1555 0.1555 0.1665 0.1665 0.1485 0.1485 0.1465 0.1465 0.1465 0.149 0.149 0.1415 0.1415 0.1385 0.1385 0.1385 0.1435 0.1435 0.161 0.161 0.15 0.15 0.15 0.1485 0.1485 0.136 0.136 0.1475 0.1475 0.1475 0.15 0.15 0.1505 0.1505 0.1485 0.1485 0.1485 0.148 0.148 0.144 0.144 0.1375 0.1375 0.133 0.133 0.133 0.1245 0.1245 0.125 0.125 0.137 0.137 0.137 0.1465 0.1465 0.1485 0.1485 0.132 0.132 0.132 0.1325 0.1325 0.134 0.134 0.1295 0.1295 0.1295 0.136 0.136 0.138 0.138
0.115 0.1175 0.1175 0.1325 0.1325 0.1325 0.1555 0.1555 0.1665 0.1665 0.1485 0.1485 0.1465 0.1465 0.1465 0.149 0.149 0.1415 0.1415 0.1385 0.1385 0.1385 0.1435 0.1435 0.161 0.161 0.15 0.15 0.15 0.1485 0.1485 0.136 0.136 0.1475 0.1475 0.1475 0.15 0.15 0.1505 0.1505 0.1485 0.1485 0.1485 0.148 0.148 0.144 0.144 0.1375 0.1375 0.133 0.133 0.133 0.1245 0.1245 0.125 0.125 0.137 0.137 0.137 0.1465 0.1465 0.1485 0.1485 0.132 0.132 0.132 0.1325 0.1325 0.134 0.134 0.1295 0.1295 0.1295 0.136 0.136 0.138 0.138
0.103 0.124 0.124 0.1435 0.1435 0.1435 0.172 0.172 0.18 0.18 0.167 0.167 0.15 0.15 0.15 0.134 0.134 0.1455 0.1455 0.1415 0.1415 0.1415 0.154 0.154 0.1635 0.1635 0.1635 0.1635 0.1635 0.161 0.161 0.146 0.146 0.1555 0.1555 0.1555 0.153 0.153 0.161 0.161 0.1545 0.1545 0.1545 0.1515 0.1515 0.144 0.144 0.141 0.141 0.1265 0.1265 0.1265 0.125 0.125 0.1355 0.1355 0.1355 0.1355 0.1355 0.1465 0.1465 0.145 0.145 0.1425 0.1425 0.1425 0.132 0.132 0.1345 0.1345 0.1395 0.1395 0.1395 0.1375 0.1375 0.1355 0.1355
0.103 0.124 0.124 0.1435 0.1435 0.1435 0.172 0.172 0.18 0.18 0.167 0.167 0.15 0.15 0.15 0.134 0.134 0.1455 0.1455 0.1415 0.1415 0.1415 0.154 0.154 0.1635 0.1635 0.1635 0.1635 0.1635 0.161 0.161 0.146 0.146 0.1555 0.1555 0.1555 0.153 0.153 0.161 0.161 0.1545 0.1545 0.1545 0.1515 0.1515 0.144 0.144 0.141 0.141 0.1265 0.1265 0.1265 0.125 0.125 0.1355 0.1355 0.1355 0.1355 0.1355 0.1465 0.1465 0.145 0.145 0.1425 0.1425 0.1425 0.132 0.132 0.1345 0.1345 0.1395 0.1395 0.1395 0.1375 0.1375 0.1355 0.1355
0.095 0.111 0.111 0.143 0.143 0.143 0.1815 0.1815 0.177 0.177 0.176 0.176 0.1665 0.1665 0.1665 0.1415 0.1415 0.148 0.148 0.148 0.148 0.148 0.1555 0.1555 0.1835 0.1835 0.174 0.174 0.174 0.181 0.181 0.1875 0.1875 0.179 0.179 0.179 0.1715 0.1715 0.1635 0.1635 0.1535 0.1535 0.1535 0.137 0.137 0.139 0.139 0.1455 0.1455 0.1325 0.1325 0.1325 0.1345 0.1345 0.1375 0.1375 0.145 0.145 0.145 0.147 0.147 0.1505 0.1505 0.153 0.153 0.153 0.142 0.142 0.1505 0.1505 0.1485 0.1485 0.1485 0.145 0.145 0.1505 0.1505
0.095 0.111 0.111 0.143 0.143 0.143 0.1815 0.1815 0.177 0.177 0.176 0.176 0.1665 0.1665 0.1665 0.1415 0.1415 0.148 0.148 0.148 0.148 0.148 0.1555 0.1555 0.1835 0.1835 0.174 0.174 0.174 0.181 0.181 0.1875 0.1875 0.179 0.179 0.179 0.1715 0.1715 0.1635 0.1635 0.1535 0.1535 0.1535 0.137 0.137 0.139 0.139 0.1455 0.1455 0.1325 0.1325 0.1325 0.1345 0.1345 0.1375 0.1375 0.145 0.145 0.145 0.147 0.147 0.1505 0.1505 0.153 0.153 0.153 0.142 0.142 0.1505 0.1505 0.1485 0.1485 0.1485 0.145 0.145 0.1505 0.1505
0.107 0.0955 0.0955 0.15 0.15 0.15 0.1365 0.1365 0.167 0.167 0.1685 0.1685 0.1745 0.1745 0.1745 0.1855 0.1855 0.1665 0.1665 0.1865 0.1865 0.1865 0.191 0.191 0.1895 0.1895 0.185 0.185 0.185 0.1855 0.1855 0.182 0.182 0.1695 0.1695 0.1695 0.173 0.173 0.168 0.168 0.148 0.148 0.148 0.149 0.149 0.1445 0.1445 0.144 0.144 0.1395 0.1395 0.1395 0.1315 0.1315 0.1325 0.1325 0.139 0.139 0.139 0.147 0.147 0.1565 0.1565 0.154 0.154 0.154 0.153 0.153 0.15 0.15 0.155 0.155 0.155 0.154 0.154 0.1515 0.1515
0.107 0.0955 0.0955 0.15 0.15 0.15 0.1365 0.1365 0.167 0.167 0.1685 0.1685 0.1745 0.1745 0.1745 0.1855 0.1855 0.1665 0.1665 0.1865 0.1865 0.1865 0.191 0.191 0.1895 0.1895 0.185 0.185 0.185 0.1855 0.1855 0.182 0.182 0.1695 0.1695 0.1695 0.173 0.173 0.168 0.168 0.148 0.148 0.148 0.149 0.149 0.1445 0.1445 0.144 0.144 0.1395 0.1395 0.1395 0.1315 0.1315 0.1325 0.1325 0.139 0.139 0.139 0.147 0.147 0.1565 0.1565 0.154 0.154 0.154 0.153 0.153 0.15 0.15 0.155 0.155 0.155 0.154 0.154 0.1515 0.1515
0.105 0.111 0.111 0.116 0.116 0.116 0.143 0.143 0.154 0.154 0.152 0.152 0.152 0.152 0.152 0.168 0.168 0.192 0.192 0.2 0.2 0.2 0.2025 0.2025 0.2045 0.2045 0.1835 0.1835 0.1835 0.1825 0.1825 0.1765 0.1765 0.1715 0.1715 0.1715 0.166 0.166 0.161 0.161 0.147 0.147 0.147 0.1455 0.1455 0.142 0.142 0.1335 0.1335 0.144 0.144 0.144 0.1245 0.1245 0.118 0.118 0.125 0.125 0.125 0.132 0.132 0.151 0.151 0.1565 0.1565 0.1565 0.1485 0.1485 0.1495 0.1495 0.157 0.157 0.157 0.151 0.151 0.152 0.152
0.105 0.111 0.111 0.116 0.116 0.116 0.143 0.143 0.154 0.154 0.152 0.152 0.152 0.152 0.152 0.168 0.168 0.192 0.192 0.2 0.2 0.2 0.2025 0.2025 0.2045 0.2045 0.1835 0.1835 0.1835 0.1825 0.1825 0.1765 0.1765 0.1715 0.1715 0.1715 0.166 0.166 0.161 0.161 0.147 0.147 0.147 0.1455 0.1455 0.142 0.142 0.1335 0.1335 0.144 0.144 0.144 0.1245 0.1245 0.118 0.118 0.125 0.125 0.125 0.132 0.132 0.151 0.151 0.1565 0.1565 0.1565 0.1485 0.1485 0.1495 0.1495 0.157 0.157 0.157 0.151 0.151 0.152 0.152
0.105 0.111 0.111 0.116 0.116 0.116 0.143 0.143 0.154 0.154 0.152 0.152 0.152 0.152 0.152 0.168 0.168 0.192 0.192 0.2 0.2 0.2 0.2025 0.2025 0.2045 0.2045 0.1835 0.1835 0.1835 0.1825 0.1825 0.1765 0.1765 0.1715 0.1715 0.1715 0.166 0.166 0.161 0.161 0.147 0.147 0.147 0.1455 0.1455 0.142 0.142 0.1335 0.1335 0.144 0.144 0.144 0.1245 0.1245 0.118 0.118 0.125 0.125 0.125 0.132 0.132 0.151 0.151 0.1565 0.1565 0.1565 0.1485 0.1485 0.1495 0.1495 0.157 0.157 0.157 0.151 0.151 0.152 0.152
0.1195 0.1225 0.1225 0.114 0.114 0.114 0.1155 0.1155 0.152 0.152 0.15 0.15 0.1485 0.1485 0.1485 0.1645 0.1645 0.2085 0.2085 0.205 0.205 0.205 0.208 0.208 0.203 0.203 0.194 0.194 0.194 0.1845 0.1845 0.16 0.16 0.163 0.163 0.163 0.1745 0.1745 0.165 0.165 0.166 0.166 0.166 0.15 0.15 0.135 0.135 0.1285 0.1285 0.124 0.124 0.124 0.1235 0.1235 0.113 0.113 0.123 0.123 0.123 0.128 0.128 0.142 0.142 0.1375 0.1375 0.1375 0.1525 0.1525 0.141 0.141 0.1415 0.1415 0.1415 0.124 0.124 0.1395 0.1395
0.1195 0.1225 0.1225 0.114 0.114 0.114 0.1155 0.1155 0.152 0.152 0.15 0.15 0.1485 0.1485 0.1485 0.1645 0.1645 0.2085 0.2085 0.205 0.205 0.205 0.208 0.208 0.203 0.203 0.194 0.194 0.194 0.1845 0.1845 0.16 0.16 0.163 0.163 0.163 0.1745 0.1745 0.165 0.165 0.166 0.166 0.166 0.15 0.15 0.135 0.135 0.1285 0.1285 0.124 0.124 0.124 0.1235 0.1235 0.113 0.113 0.123 0.123 0.123 0.128 0.128 0.142 0.142 0.1375 0.1375 0.1375 0.1525 0.1525 0.141 0.141 0.1415 0.1415 0.1415 0.124 0.124 0.1395 0.1395
0.1205 0.1195 0.1195 0.1075 0.1075 0.1075 0.1005 0.1005 0.12 0.12 0.1435 0.1435 0.1605 0.1605 0.1605 0.1995 0.1995 0.205 0.205 0.2105 0.2105 0.2105 0.2095 0.2095 0.205 0.205 0.1825 0.1825 0.1825 0.176 0.176 0.1795 0.1795 0.181 0.181 0.181 0.1825 0.1825 0.182 0.182 0.1765 0.1765 0.1765 0.164 0.164 0.1475 0.1475 0.128 0.128 0.134 0.134 0.134 0.1425 0.1425 0.1425 0.1425 0.13 0.13 0.13 0.127 0.127 0.131 0.131 0.156 0.156 0.156 0.15 0.15 0.1315 0.1315 0.1395 0.1395 0.1395 0.129 0.129 0.144 0.144
0.1205 0.1195 0.1195 0.1075 0.1075 0.1075 0.1005 0.1005 0.12 0.12 0.1435 0.1435 0.1605 0.1605 0.1605 0.1995 0.1995 0.205 0.205 0.2105 0.2105 0.2105 0.2095 0.2095 0.205 0.205 0.1825 0.1825 0.1825 0.176 0.176 0.1795 0.1795 0.181 0.181 0.181 0.1825 0.1825 0.182 0.182 0.1765 0.1765 0.1765 0.164 0.164 0.1475 0.1475 0.128 0.128 0.134 0.134 0.134 0.1425 0.1425 0.1425 0.1425 0.13 0.13 0.13 0.127 0.127 0.131 0.131 0.156 0.156 0.156 0.15 0.15 0.1315 0.1315 0.1395 0.1395 0.1395 0.129 0.129 0.144 0.144
0.131 0.1365 0.1365 0.1245 0.1245 0.1245 0.113 0.113 0.1195 0.1195 0.164 0.164 0.1745 0.1745 0.1745 0.1935 0.1935 0.211 0.211 0.203 0.203 0.203 0.2025 0.2025 0.2015 0.2015 0.179 0.179 0.179 0.1755 0.1755 0.182 0.182 0.19 0.19 0.19 0.183 0.183 0.188 0.188 0.185 0.185 0.185 0.1785 0.1785 0.1765 0.1765 0.176 0.176 0.175 0.175 0.175 0.19 0.19 0.1985 0.1985 0.1705 0.1705 0.1705 0.1455 0.1455 0.156 0.156 0.168 0.168 0.168 0.17 0.17 0.153 0.153 0.1565 0.1565 0.1565 0.159 0.159 0.1645 0.1645
0.131 0.1365 0.1365 0.1245 0.1245 0.1245 0.113 0.113 0.1195 0.1195 0.164 0.164 0.1745 0.1745 0.1745 0.1935 0.1935 0.211 0.211 0.203 0.203 0.203 0.2025 0.2025 0.2015 0.2015 0.179 0.179 0.179 0.1755 0.1755 0.182 0.182 0.19 0.19 0.19 0.183 0.183 0.188 0.188 0.185 0.185 0.185 0.1785 0.1785 0.1765 0.1765 0.176 0.176 0.175 0.175 0.175 0.19 0.19 0.1985 0.1985 0.1705 0.1705 0.1705 0.1455 0.1455 0.156 0.156 0.168 0.168 0.168 0.17 0.17 0.153 0.153 0.1565 0.1565 0.1565 0.159 0.159 0.1645 0.1645
0.131 0.1365 0.1365 0.1245 0.1245 0.1245 0.113 0.113 0.1195 0.1195 0.164 0.164 0.1745 0.1745 0.1745 0.1935 0.1935 0.211 0.211 0.203 0.203 0.203 0.2025 0.2025 0.2015 0.2015 0.179 0.179 0.179 0.1755 0.1755 0.182 0.182 0.19 0.19 0.19 0.183 0.183 0.188 0.188 0.185 0.185 0.185 0.1785 0.1785 0.1765 0.1765 0.176 0.176 0.175 0.175 0.175 0.19 0.19 0.1985 0.1985 0.1705 0.1705 0.1705 0.1455 0.1455 0.156 0.156 0.168 0.168 0.168 0.17 0.17 0.153 0.153 0.1565 0.1565 0.1565 0.159 0.159 0.1645 0.1645
0.1165 0.136 0.136 0.1215 0.1215 0.1215 0.1225 0.1225 0.129 0.129 0.17 0.17 0.181 0.181 0.181 0.2015 0.2015 0.207 0.207 0.2025 0.2025 0.2025 0.209 0.209 0.198 0.198 0.188 0.188 0.188 0.1965 0.1965 0.2025 0.2025 0.1925 0.1925 0.1925 0.193 0.193 0.1925 0.1925 0.193 0.193 0.193 0.186 0.186 0.1895 0.1895 0.1885 0.1885 0.187 0.187 0.187 0.189 0.189 0.1895 0.1895 0.198 0.198 0.198 0.209 0.209 0.1985 0.1985 0.196 0.196 0.196 0.181 0.181 0.1775 0.1775 0.1985 0.1985 0.1985 0.186 0.186 0.1745 0.1745
