ndvi/NOAA-248.asc
ncols         252
nrows         154
xllcorner     -18.017974
yllcorner     13.481982
cellsize      0.035948
NODATA_value  -9999
[rows 68 to 101 of 154, columns 156 to 233 of 252]
0.166 0.1555 0.1555 0.1555 0.163 0.163 0.206 0.206 0.221 0.221 0.233 0.233 0.233 0.2615 0.2615 0.2695 0.2695 0.2565 0.2565 0.2565 0.2015 0.2015 0.2145 0.2145 0.253 0.253 0.253 0.2455 0.2455 0.235 0.235 0.23 0.23 0.23 0.2375 0.2375 0.272 0.272 0.268 0.268 0.268 0.234 0.234 0.223 0.223 0.2485 0.2485 0.257 0.257 0.257 0.2415 0.2415 0.2555 0.2555 0.252 0.252 0.252 0.251 0.251 0.2325 0.2325 0.2505 0.2505 0.2505 0.233 0.233 0.249 0.249 0.2615 0.2615 0.2615 0.2815 0.2815 0.266 0.266 0.294 0.294 0.294
0.177 0.1775 0.1775 0.1775 0.204 0.204 0.1995 0.1995 0.204 0.204 0.278 0.278 0.278 0.294 0.294 0.235 0.235 0.249 0.249 0.249 0.2905 0.2905 0.304 0.304 0.2565 0.2565 0.2565 0.2455 0.2455 0.2595 0.2595 0.2255 0.2255 0.2255 0.219 0.219 0.242 0.242 0.2445 0.2445 0.2445 0.2385 0.2385 0.2395 0.2395 0.2435 0.2435 0.244 0.244 0.244 0.269 0.269 0.2875 0.2875 0.289 0.289 0.289 0.243 0.243 0.229 0.229 0.234 0.234 0.234 0.2415 0.2415 0.2575 0.2575 0.269 0.269 0.269 0.3065 0.3065 0.2385 0.2385 0.269 0.269 0.269
0.177 0.1775 0.1775 0.1775 0.204 0.204 0.1995 0.1995 0.204 0.204 0.278 0.278 0.278 0.294 0.294 0.235 0.235 0.249 0.249 0.249 0.2905 0.2905 0.304 0.304 0.2565 0.2565 0.2565 0.2455 0.2455 0.2595 0.2595 0.2255 0.2255 0.2255 0.219 0.219 0.242 0.242 0.2445 0.2445 0.2445 0.2385 0.2385 0.2395 0.2395 0.2435 0.2435 0.244 0.244 0.244 0.269 0.269 0.2875 0.2875 0.289 0.289 0.289 0.243 0.243 0.229 0.229 0.234 0.234 0.234 0.2415 0.2415 0.2575 0.2575 0.269 0.269 0.269 0.3065 0.3065 0.2385 0.2385 0.269 0.269 0.269
0.1925 0.224 0.224 0.224 0.1975 0.1975 0.1865 0.1865 0.215 0.215 0.231 0.231 0.231 0.2555 0.2555 0.252 0.252 0.279 0.279 0.279 0.2975 0.2975 0.281 0.281 0.263 0.263 0.263 0.2615 0.2615 0.292 0.292 0.246 0.246 0.246 0.2475 0.2475 0.26 0.26 0.2405 0.2405 0.2405 0.2475 0.2475 0.245 0.245 0.2825 0.2825 0.285 0.285 0.285 0.2825 0.2825 0.3185 0.3185 0.3115 0.3115 0.3115 0.28 0.28 0.296 0.296 0.2605 0.2605 0.2605 0.2365 0.2365 0.263 0.263 0.269 0.269 0.269 0.288 0.288 0.3 0.3 0.3035 0.3035 0.3035
0.1925 0.224 0.224 0.224 0.1975 0.1975 0.1865 0.1865 0.215 0.215 0.231 0.231 0.231 0.2555 0.2555 0.252 0.252 0.279 0.279 0.279 0.2975 0.2975 0.281 0.281 0.263 0.263 0.263 0.2615 0.2615 0.292 0.292 0.246 0.246 0.246 0.2475 0.2475 0.26 0.26 0.2405 0.2405 0.2405 0.2475 0.2475 0.245 0.245 0.2825 0.2825 0.285 0.285 0.285 0.2825 0.2825 0.3185 0.3185 0.3115 0.3115 0.3115 0.28 0.28 0.296 0.296 0.2605 0.2605 0.2605 0.2365 0.2365 0.263 0.263 0.269 0.269 0.269 0.288 0.288 0.3 0.3 0.3035 0.3035 0.3035
0.1925 0.224 0.224 0.224 0.1975 0.1975 0.1865 0.1865 0.215 0.215 0.231 0.231 0.231 0.2555 0.2555 0.252 0.252 0.279 0.279 0.279 0.2975 0.2975 0.281 0.281 0.263 0.263 0.263 0.2615 0.2615 0.292 0.292 0.246 0.246 0.246 0.2475 0.2475 0.26 0.26 0.2405 0.2405 0.2405 0.2475 0.2475 0.245 0.245 0.2825 0.2825 0.285 0.285 0.285 0.2825 0.2825 0.3185 0.3185 0.3115 0.3115 0.3115 0.28 0.28 0.296 0.296 0.2605 0.2605 0.2605 0.2365 0.2365 0.263 0.263 0.269 0.269 0.269 0.288 0.288 0.3 0.3 0.3035 0.3035 0.3035
0.1845 0.182 0.182 0.182 0.1755 0.1755 0.189 0.189 0.198 0.198 0.2375 0.2375 0.2375 0.2295 0.2295 0.272 0.272 0.302 0.302 0.302 0.3025 0.3025 0.2415 0.2415 0.282 0.282 0.282 0.2925 0.2925 0.2985 0.2985 0.3135 0.3135 0.3135 0.315 0.315 0.2955 0.2955 0.2985 0.2985 0.2985 0.277 0.277 0.287 0.287 0.2865 0.2865 0.3065 0.3065 0.3065 0.3015 0.3015 0.28 0.28 0.2715 0.2715 0.2715 0.2655 0.2655 0.281 0.281 0.248 0.248 0.248 0.273 0.273 0.2745 0.2745 0.274 0.274 0.274 0.335 0.335 0.3185 0.3185 0.284 0.284 0.284
0.1845 0.182 0.182 0.182 0.1755 0.1755 0.189 0.189 0.198 0.198 0.2375 0.2375 0.2375 0.2295 0.2295 0.272 0.272 0.302 0.302 0.302 0.3025 0.3025 0.2415 0.2415 0.282 0.282 0.282 0.2925 0.2925 0.2985 0.2985 0.3135 0.3135 0.3135 0.315 0.315 0.2955 0.2955 0.2985 0.2985 0.2985 0.277 0.277 0.287 0.287 0.2865 0.2865 0.3065 0.3065 0.3065 0.3015 0.3015 0.28 0.28 0.2715 0.2715 0.2715 0.2655 0.2655 0.281 0.281 0.248 0.248 0.248 0.273 0.273 0.2745 0.2745 0.274 0.274 0.274 0.335 0.335 0.3185 0.3185 0.284 0.284 0.284
0.1675 0.18 0.18 0.18 0.1505 0.1505 0.174 0.174 0.1855 0.1855 0.232 0.232 0.232 0.263 0.263 0.2355 0.2355 0.304 0.304 0.304 0.276 0.276 0.282 0.282 0.2345 0.2345 0.2345 0.2765 0.2765 0.312 0.312 0.282 0.282 0.282 0.33 0.33 0.2975 0.2975 0.265 0.265 0.265 0.2985 0.2985 0.3 0.3 0.281 0.281 0.278 0.278 0.278 0.2825 0.2825 0.2625 0.2625 0.2625 0.2625 0.2625 0.3105 0.3105 0.2785 0.2785 0.312 0.312 0.312 0.3295 0.3295 0.2975 0.2975 0.3335 0.3335 0.3335 0.328 0.328 0.3095 0.3095 0.35 0.35 0.35
0.1675 0.18 0.18 0.18 0.1505 0.1505 0.174 0.174 0.1855 0.1855 0.232 0.232 0.232 0.263 0.263 0.2355 0.2355 0.304 0.304 0.304 0.276 0.276 0.282 0.282 0.2345 0.2345 0.2345 0.2765 0.2765 0.312 0.312 0.282 0.282 0.282 0.33 0.33 0.2975 0.2975 0.265 0.265 0.265 0.2985 0.2985 0.3 0.3 0.281 0.281 0.278 0.278 0.278 0.2825 0.2825 0.2625 0.2625 0.2625 0.2625 0.2625 0.3105 0.3105 0.2785 0.2785 0.312 0.312 0.312 0.3295 0.3295 0.2975 0.2975 0.3335 0.3335 0.3335 0.328 0.328 0.3095 0.3095 0.35 0.35 0.35
0.1235 0.1555 0.1555 0.1555 0.14 0.14 0.16 0.16 0.1905 0.1905 0.233 0.233 0.233 0.243 0.243 0.25 0.25 0.258 0.258 0.258 0.246 0.246 0.285 0.285 0.254 0.254 0.254 0.284 0.284 0.311 0.311 0.2895 0.2895 0.2895 0.311 0.311 0.295 0.295 0.309 0.309 0.309 0.3085 0.3085 0.2775 0.2775 0.246 0.246 0.2825 0.2825 0.2825 0.2595 0.2595 0.2885 0.2885 0.2875 0.2875 0.2875 0.335 0.335 0.3445 0.3445 0.341 0.341 0.341 0.344 0.344 0.302 0.302 0.334 0.334 0.334 0.337 0.337 0.373 0.373 0.342 0.342 0.342
0.1235 0.1555 0.1555 0.1555 0.14 0.14 0.16 0.16 0.1905 0.1905 0.233 0.233 0.233 0.243 0.243 0.25 0.25 0.258 0.258 0.258 0.246 0.246 0.285 0.285 0.254 0.254 0.254 0.284 0.284 0.311 0.311 0.2895 0.2895 0.2895 0.311 0.311 0.295 0.295 0.309 0.309 0.309 0.3085 0.3085 0.2775 0.2775 0.246 0.246 0.2825 0.2825 0.2825 0.2595 0.2595 0.2885 0.2885 0.2875 0.2875 0.2875 0.335 0.335 0.3445 0.3445 0.341 0.341 0.341 0.344 0.344 0.302 0.302 0.334 0.334 0.334 0.337 0.337 0.373 0.373 0.342 0.342 0.342
0.124 0.13 0.13 0.13 0.154 0.154 0.1605 0.1605 0.1945 0.1945 0.238 0.238 0.238 0.241 0.241 0.252 0.252 0.2695 0.2695 0.2695 0.2795 0.2795 0.2545 0.2545 0.2625 0.2625 0.2625 0.2845 0.2845 0.287 0.287 0.277 0.277 0.277 0.2785 0.2785 0.2625 0.2625 0.2805 0.2805 0.2805 0.2795 0.2795 0.264 0.264 0.2545 0.2545 0.311 0.311 0.311 0.313 0.313 0.2745 0.2745 0.3395 0.3395 0.3395 0.383 0.383 0.38 0.38 0.321 0.321 0.321 0.3145 0.3145 0.304 0.304 0.276 0.276 0.276 0.326 0.326 0.3765 0.3765 0.4105 0.4105 0.4105
0.124 0.13 0.13 0.13 0.154 0.154 0.1605 0.1605 0.1945 0.1945 0.238 0.238 0.238 0.241 0.241 0.252 0.252 0.2695 0.2695 0.2695 0.2795 0.2795 0.2545 0.2545 0.2625 0.2625 0.2625 0.2845 0.2845 0.287 0.287 0.277 0.277 0.277 0.2785 0.2785 0.2625 0.2625 0.2805 0.2805 0.2805 0.2795 0.2795 0.264 0.264 0.2545 0.2545 0.311 0.311 0.311 0.313 0.313 0.2745 0.2745 0.3395 0.3395 0.3395 0.383 0.383 0.38 0.38 0.321 0.321 0.321 0.3145 0.3145 0.304 0.304 0.276 0.276 0.276 0.326 0.326 0.3765 0.3765 0.4105 0.4105 0.4105
0.124 0.13 0.13 0.13 0.154 0.154 0.1605 0.1605 0.1945 0.1945 0.238 0.238 0.238 0.241 0.241 0.252 0.252 0.2695 0.2695 0.2695 0.2795 0.2795 0.2545 0.2545 0.2625 0.2625 0.2625 0.2845 0.2845 0.287 0.287 0.277 0.277 0.277 0.2785 0.2785 0.2625 0.2625 0.2805 0.2805 0.2805 0.2795 0.2795 0.264 0.264 0.2545 0.2545 0.311 0.311 0.311 0.313 0.313 0.2745 0.2745 0.3395 0.3395 0.3395 0.383 0.383 0.38 0.38 0.321 0.321 0.321 0.3145 0.3145 0.304 0.304 0.276 0.276 0.276 0.326 0.326 0.3765 0.3765 0.4105 0.4105 0.4105
0.155 0.154 0.154 0.154 0.1565 0.1565 0.195 0.195 0.249 0.249 0.26 0.26 0.26 0.281 0.281 0.2855 0.2855 0.2905 0.2905 0.2905 0.299 0.299 0.2525 0.2525 0.2335 0.2335 0.2335 0.221 0.221 0.229 0.229 0.246 0.246 0.246 0.2525 0.2525 0.261 0.261 0.278 0.278 0.278 0.256 0.256 0.27 0.27 0.331 0.331 0.3105 0.3105 0.3105 0.2905 0.2905 0.3595 0.3595 0.316 0.316 0.316 0.3705 0.3705 0.374 0.374 0.387 0.387 0.387 0.351 0.351 0.2995 0.2995 0.292 0.292 0.292 0.321 0.321 0.3545 0.3545 0.3495 0.3495 0.3495
0.155 0.154 0.154 0.154 0.1565 0.1565 0.195 0.195 0.249 0.249 0.26 0.26 0.26 0.281 0.281 0.2855 0.2855 0.2905 0.2905 0.2905 0.299 0.299 0.2525 0.2525 0.2335 0.2335 0.2335 0.221 0.221 0.229 0.229 0.246 0.246 0.246 0.2525 0.2525 0.261 0.261 0.278 0.278 0.278 0.256 0.256 0.27 0.27 0.331 0.331 0.3105 0.3105 0.3105 0.2905 0.2905 0.3595 0.3595 0.316 0.316 0.316 0.3705 0.3705 0.374 0.374 0.387 0.387 0.387 0.351 0.351 0.2995 0.2995 0.292 0.292 0.292 0.321 0.321 0.3545 0.3545 0.3495 0.3495 0.3495
0.1765 0.1635 0.1635 0.1635 0.161 0.161 0.2305 0.2305 0.246 0.246 0.275 0.275 0.275 0.309 0.309 0.3055 0.3055 0.265 0.265 0.265 0.291 0.291 0.2515 0.2515 0.2045 0.2045 0.2045 0.2435 0.2435 0.23 0.23 0.2435 0.2435 0.2435 0.2375 0.2375 0.257 0.257 0.267 0.267 0.267 0.292 0.292 0.326 0.326 0.3475 0.3475 0.288 0.288 0.288 0.308 0.308 0.373 0.373 0.346 0.346 0.346 0.327 0.327 0.31 0.31 0.3005 0.3005 0.3005 0.2985 0.2985 0.2855 0.2855 0.3455 0.3455 0.3455 0.3255 0.3255 0.366 0.366 0.358 0.358 0.358
0.1765 0.1635 0.1635 0.1635 0.161 0.161 0.2305 0.2305 0.246 0.246 0.275 0.275 0.275 0.309 0.309 0.3055 0.3055 0.265 0.265 0.265 0.291 0.291 0.2515 0.2515 0.2045 0.2045 0.2045 0.2435 0.2435 0.23 0.23 0.2435 0.2435 0.2435 0.2375 0.2375 0.257 0.257 0.267 0.267 0.267 0.292 0.292 0.326 0.326 0.3475 0.3475 0.288 0.288 0.288 0.308 0.308 0.373 0.373 0.346 0.346 0.346 0.327 0.327 0.31 0.31 0.3005 0.3005 0.3005 0.2985 0.2985 0.2855 0.2855 0.3455 0.3455 0.3455 0.3255 0.3255 0.366 0.366 0.358 0.358 0.358
0.174 0.2105 0.2105 0.2105 0.198 0.198 0.222 0.222 0.272 0.272 0.2915 0.2915 0.2915 0.319 0.319 0.2805 0.2805 0.281 0.281 0.281 0.305 0.305 0.275 0.275 0.2615 0.2615 0.2615 0.23 0.23 0.2315 0.2315 0.233 0.233 0.233 0.2285 0.2285 0.252 0.252 0.2875 0.2875 0.2875 0.295 0.295 0.312 0.312 0.324 0.324 0.329 0.329 0.329 0.3585 0.3585 0.3575 0.3575 0.3065 0.3065 0.3065 0.2835 0.2835 0.2825 0.2825 0.2985 0.2985 0.2985 0.296 0.296 0.3245 0.3245 0.3795 0.3795 0.3795 0.321 0.321 0.3295 0.3295 0.3175 0.3175 0.3175
0.174 0.2105 0.2105 0.2105 0.198 0.198 0.222 0.222 0.272 0.272 0.2915 0.2915 0.2915 0.319 0.319 0.2805 0.2805 0.281 0.281 0.281 0.305 0.305 0.275 0.275 0.2615 0.2615 0.2615 0.23 0.23 0.2315 0.2315 0.233 0.233 0.233 0.2285 0.2285 0.252 0.252 0.2875 0.2875 0.2875 0.295 0.295 0.312 0.312 0.324 0.324 0.329 0.329 0.329 0.3585 0.3585 0.3575 0.3575 0.3065 0.3065 0.3065 0.2835 0.2835 0.2825 0.2825 0.2985 0.2985 0.2985 0.296 0.296 0.3245 0.3245 0.3795 0.3795 0.3795 0.321 0.321 0.3295 0.3295 0.3175 0.3175 0.3175
0.174 0.2105 0.2105 0.2105 0.198 0.198 0.222 0.222 0.272 0.272 0.2915 0.2915 0.2915 0.319 0.319 0.2805 0.2805 0.281 0.281 0.281 0.305 0.305 0.275 0.275 0.2615 0.2615 0.2615 0.23 0.23 0.2315 0.2315 0.233 0.233 0.233 0.2285 0.2285 0.252 0.252 0.2875 0.2875 0.2875 0.295 0.295 0.312 0.312 0.324 0.324 0.329 0.329 0.329 0.3585 0.3585 0.3575 0.3575 0.3065 0.3065 0.3065 0.2835 0.2835 0.2825 0.2825 0.2985 0.2985 0.2985 0.296 0.296 0.3245 0.3245 0.3795 0.3795 0.3795 0.321 0.321 0.3295 0.3295 0.3175 0.3175 0.3175
0.208 0.1875 0.1875 0.1875 0.2135 0.2135 0.227 0.227 0.2795 0.2795 0.3625 0.3625 0.3625 0.3385 0.3385 0.326 0.326 0.3085 0.3085 0.3085 0.243 0.243 0.219 0.219 0.2125 0.2125 0.2125 0.2345 0.2345 0.231 0.231 0.2465 0.2465 0.2465 0.2705 0.2705 0.2865 0.2865 0.283 0.283 0.283 0.3005 0.3005 0.313 0.313 0.3075 0.3075 0.2785 0.2785 0.2785 0.272 0.272 0.3115 0.3115 0.2675 0.2675 0.2675 0.258 0.258 0.252 0.252 0.275 0.275 0.275 0.319 0.319 0.355 0.355 0.3815 0.3815 0.3815 0.356 0.356 0.4055 0.4055 0.3885 0.3885 0.3885
0.208 0.1875 0.1875 0.1875 0.2135 0.2135 0.227 0.227 0.2795 0.2795 0.3625 0.3625 0.3625 0.3385 0.3385 0.326 0.326 0.3085 0.3085 0.3085 0.243 0.243 0.219 0.219 0.2125 0.2125 0.2125 0.2345 0.2345 0.231 0.231 0.2465 0.2465 0.2465 0.2705 0.2705 0.2865 0.2865 0.283 0.283 0.283 0.3005 0.3005 0.313 0.313 0.3075 0.3075 0.2785 0.2785 0.2785 0.272 0.272 0.3115 0.3115 0.2675 0.2675 0.2675 0.258 0.258 0.252 0.252 0.275 0.275 0.275 0.319 0.319 0.355 0.355 0.3815 0.3815 0.3815 0.356 0.356 0.4055 0.4055 0.3885 0.3885 0.3885
0.2185 0.2195 0.2195 0.2195 0.2085 0.2085 0.2555 0.2555 0.3035 0.3035 0.3165 0.3165 0.3165 0.3075 0.3075 0.329 0.329 0.302 0.302 0.302 0.2935 0.2935 0.231 0.231 0.189 0.189 0.189 0.225 0.225 0.2495 0.2495 0.292 0.292 0.292 0.3035 0.3035 0.287 0.287 0.2595 0.2595 0.2595 0.2755 0.2755 0.2875 0.2875 0.2655 0.2655 0.254 0.254 0.254 0.2825 0.2825 0.2875 0.2875 0.278 0.278 0.278 0.323 0.323 0.3265 0.3265 0.3025 0.3025 0.3025 0.2815 0.2815 0.301 0.301 0.348 0.348 0.348 0.3615 0.3615 0.3575 0.3575 0.328 0.328 0.328
0.2185 0.2195 0.2195 0.2195 0.2085 0.2085 0.2555 0.2555 0.3035 0.3035 0.3165 0.3165 0.3165 0.3075 0.3075 0.329 0.329 0.302 0.302 0.302 0.2935 0.2935 0.231 0.231 0.189 0.189 0.189 0.225 0.225 0.2495 0.2495 0.292 0.292 0.292 0.3035 0.3035 0.287 0.287 0.2595 0.2595 0.2595 0.2755 0.2755 0.2875 0.2875 0.2655 0.2655 0.254 0.254 0.254 0.2825 0.2825 0.2875 0.2875 0.278 0.278 0.278 0.323 0.323 0.3265 0.3265 0.3025 0.3025 0.3025 0.2815 0.2815 0.301 0.301 0.348 0.348 0.348 0.3615 0.3615 0.3575 0.3575 0.328 0.328 0.328
0.2185 0.2185 0.2185 0.2185 0.24 0.24 0.254 0.254 0.2855 0.2855 0.2635 0.2635 0.2635 0.3105 0.3105 0.301 0.301 0.2385 0.2385 0.2385 0.2535 0.2535 0.2065 0.2065 0.2225 0.2225 0.2225 0.2745 0.2745 0.25 0.25 0.267 0.267 0.267 0.2895 0.2895 0.2325 0.2325 0.265 0.265 0.265 0.249 0.249 0.2945 0.2945 0.327 0.327 0.304 0.304 0.304 0.2775 0.2775 0.2985 0.2985 0.316 0.316 0.316 0.3205 0.3205 0.298 0.298 0.2875 0.2875 0.2875 0.2995 0.2995 0.364 0.364 0.3345 0.3345 0.3345 0.3135 0.3135 0.297 0.297 0.2455 0.2455 0.2455
0.2185 0.2185 0.2185 0.2185 0.24 0.24 0.254 0.254 0.2855 0.2855 0.2635 0.2635 0.2635 0.3105 0.3105 0.301 0.301 0.2385 0.2385 0.2385 0.2535 0.2535 0.2065 0.2065 0.2225 0.2225 0.2225 0.2745 0.2745 0.25 0.25 0.267 0.267 0.267 0.2895 0.2895 0.2325 0.2325 0.265 0.265 0.265 0.249 0.249 0.2945 0.2945 0.327 0.327 0.304 0.304 0.304 0.2775 0.2775 0.2985 0.2985 0.316 0.316 0.316 0.3205 0.3205 0.298 0.298 0.2875 0.2875 0.2875 0.2995 0.2995 0.364 0.364 0.3345 0.3345 0.3345 0.3135 0.3135 0.297 0.297 0.2455 0.2455 0.2455
0.2185 0.2185 0.2185 0.2185 0.24 0.24 0.254 0.254 0.2855 0.2855 0.2635 0.2635 0.2635 0.3105 0.3105 0.301 0.301 0.2385 0.2385 0.2385 0.2535 0.2535 0.2065 0.2065 0.2225 0.2225 0.2225 0.2745 0.2745 0.25 0.25 0.267 0.267 0.267 0.2895 0.2895 0.2325 0.2325 0.265 0.265 0.265 0.249 0.249 0.2945 0.2945 0.327 0.327 0.304 0.304 0.304 0.2775 0.2775 0.2985 0.2985 0.316 0.316 0.316 0.3205 0.3205 0.298 0.298 0.2875 0.2875 0.2875 0.2995 0.2995 0.364 0.364 0.3345 0.3345 0.3345 0.3135 0.3135 0.297 0.297 0.2455 0.2455 0.2455
0.246 0.22 0.22 0.22 0.228 0.228 0.242 0.242 0.2445 0.2445 0.2825 0.2825 0.2825 0.2525 0.2525 0.2545 0.2545 0.275 0.275 0.275 0.2495 0.2495 0.258 0.258 0.2075 0.2075 0.2075 0.2325 0.2325 0.249 0.249 0.2455 0.2455 0.2455 0.244 0.244 0.2855 0.2855 0.286 0.286 0.286 0.2575 0.2575 0.277 0.277 0.3395 0.3395 0.2755 0.2755 0.2755 0.2835 0.2835 0.259 0.259 0.313 0.313 0.313 0.2975 0.2975 0.283 0.283 0.264 0.264 0.264 0.2855 0.2855 0.314 0.314 0.3145 0.3145 0.3145 0.333 0.333 0.3045 0.3045 0.324 0.324 0.324
0.246 0.22 0.22 0.22 0.228 0.228 0.242 0.242 0.2445 0.2445 0.2825 0.2825 0.2825 0.2525 0.2525 0.2545 0.2545 0.275 0.275 0.275 0.2495 0.2495 0.258 0.258 0.2075 0.2075 0.2075 0.2325 0.2325 0.249 0.249 0.2455 0.2455 0.2455 0.244 0.244 0.2855 0.2855 0.286 0.286 0.286 0.2575 0.2575 0.277 0.277 0.3395 0.3395 0.2755 0.2755 0.2755 0.2835 0.2835 0.259 0.259 0.313 0.313 0.313 0.2975 0.2975 0.283 0.283 0.264 0.264 0.264 0.2855 0.2855 0.314 0.314 0.3145 0.3145 0.3145 0.333 0.333 0.3045 0.3045 0.324 0.324 0.324
0.2705 0.229 0.229 0.229 0.2245 0.2245 0.2625 0.2625 0.271 0.271 0.2465 0.2465 0.2465 0.2815 0.2815 0.249 0.249 0.2625 0.2625 0.2625 0.272 0.272 0.269 0.269 0.225 0.225 0.225 0.2505 0.2505 0.2605 0.2605 0.237 0.237 0.237 0.2575 0.2575 0.251 0.251 0.282 0.282 0.282 0.266 0.266 0.285 0.285 0.292 0.292 0.2625 0.2625 0.2625 0.2875 0.2875 0.307 0.307 0.3115 0.3115 0.3115 0.325 0.325 0.2775 0.2775 0.265 0.265 0.265 0.2625 0.2625 0.269 0.269 0.282 0.282 0.282 0.296 0.296 0.2945 0.2945 0.3275 0.3275 0.3275
0.2705 0.229 0.229 0.229 0.2245 0.2245 0.2625 0.2625 0.271 0.271 0.2465 0.2465 0.2465 0.2815 0.2815 0.249 0.249 0.2625 0.2625 0.2625 0.272 0.272 0.269 0.269 0.225 0.225 0.225 0.2505 0.2505 0.2605 0.2605 0.237 0.237 0.237 0.2575 0.2575 0.251 0.251 0.282 0.282 0.282 0.266 0.266 0.285 0.285 0.292 0.292 0.2625 0.2625 0.2625 0.2875 0.2875 0.307 0.307 0.3115 0.3115 0.3115 0.325 0.325 0.2775 0.2775 0.265 0.265 0.265 0.2625 0.2625 0.269 0.269 0.282 0.282 0.282 0.296 0.296 0.2945 0.2945 0.3275 0.3275 0.3275
0.26 0.235 0.235 0.235 0.227 0.227 0.236 0.236 0.2515 0.2515 0.2575 0.2575 0.2575 0.2565 0.2565 0.258 0.258 0.243 0.243 0.243 0.253 0.253 0.23 0.23 0.247 0.247 0.247 0.251 0.251 0.224 0.224 0.265 0.265 0.265 0.263 0.263 0.272 0.272 0.339 0.339 0.339 0.301 0.301 0.2865 0.2865 0.282 0.282 0.2455 0.2455 0.2455 0.248 0.248 0.2975 0.2975 0.3125 0.3125 0.3125 0.3195 0.3195 0.324 0.324 0.3095 0.3095 0.3095 0.3075 0.3075 0.267 0.267 0.245 0.245 0.245 0.2465 0.2465 0.2415 0.2415 0.239 0.239 0.239
