ndvi/NOAA-182.asc
ncols         252
nrows         154
xllcorner     -18.017974
yllcorner     13.481982
cellsize      0.035948
NODATA_value  -9999
[rows 68 to 101 of 154, columns 78 to 155 of 252]
0.202 0.202 0.202 0.2075 0.2075 0.2015 0.2015 0.2015 0.238 0.238 0.222 0.222 0.225 0.225 0.244 0.244 0.244 0.24 0.24 0.2445 0.2445 0.2375 0.2375 0.2375 0.2325 0.2325 0.2225 0.2225 0.211 0.211 0.211 0.205 0.205 0.2015 0.2015 0.198 0.198 0.198 0.1945 0.1945 0.192 0.192 0.1735 0.1735 0.1735 0.1375 0.1375 0.1745 0.1745 0.172 0.172 0.189 0.189 0.189 0.19 0.19 0.1905 0.1905 0.215 0.215 0.215 0.211 0.211 0.2195 0.2195 0.21 0.21 0.21 0.2045 0.2045 0.197 0.197 0.172 0.172 0.172 0.1345 0.1345 0.145
0.211 0.212 0.212 0.2065 0.2065 0.2125 0.2125 0.2125 0.209 0.209 0.2195 0.2195 0.221 0.221 0.226 0.226 0.226 0.2295 0.2295 0.222 0.222 0.2165 0.2165 0.2165 0.26 0.26 0.229 0.229 0.2145 0.2145 0.2145 0.208 0.208 0.2 0.2 0.22 0.22 0.22 0.214 0.214 0.2025 0.2025 0.182 0.182 0.182 0.17 0.17 0.172 0.172 0.1795 0.1795 0.185 0.185 0.185 0.1925 0.1925 0.1985 0.1985 0.205 0.205 0.205 0.23 0.23 0.23 0.23 0.224 0.224 0.224 0.214 0.214 0.2075 0.2075 0.1895 0.1895 0.1895 0.1425 0.1425 0.14
0.211 0.212 0.212 0.2065 0.2065 0.2125 0.2125 0.2125 0.209 0.209 0.2195 0.2195 0.221 0.221 0.226 0.226 0.226 0.2295 0.2295 0.222 0.222 0.2165 0.2165 0.2165 0.26 0.26 0.229 0.229 0.2145 0.2145 0.2145 0.208 0.208 0.2 0.2 0.22 0.22 0.22 0.214 0.214 0.2025 0.2025 0.182 0.182 0.182 0.17 0.17 0.172 0.172 0.1795 0.1795 0.185 0.185 0.185 0.1925 0.1925 0.1985 0.1985 0.205 0.205 0.205 0.23 0.23 0.23 0.23 0.224 0.224 0.224 0.214 0.214 0.2075 0.2075 0.1895 0.1895 0.1895 0.1425 0.1425 0.14
0.2225 0.212 0.212 0.2035 0.2035 0.2065 0.2065 0.2065 0.2095 0.2095 0.2115 0.2115 0.217 0.217 0.219 0.219 0.219 0.225 0.225 0.2225 0.2225 0.2135 0.2135 0.2135 0.2735 0.2735 0.2545 0.2545 0.243 0.243 0.243 0.212 0.212 0.214 0.214 0.2165 0.2165 0.2165 0.214 0.214 0.213 0.213 0.1845 0.1845 0.1845 0.1715 0.1715 0.164 0.164 0.177 0.177 0.2025 0.2025 0.2025 0.21 0.21 0.2145 0.2145 0.22 0.22 0.22 0.217 0.217 0.221 0.221 0.2005 0.2005 0.2005 0.1945 0.1945 0.2025 0.2025 0.204 0.204 0.204 0.1625 0.1625 0.167
0.2225 0.212 0.212 0.2035 0.2035 0.2065 0.2065 0.2065 0.2095 0.2095 0.2115 0.2115 0.217 0.217 0.219 0.219 0.219 0.225 0.225 0.2225 0.2225 0.2135 0.2135 0.2135 0.2735 0.2735 0.2545 0.2545 0.243 0.243 0.243 0.212 0.212 0.214 0.214 0.2165 0.2165 0.2165 0.214 0.214 0.213 0.213 0.1845 0.1845 0.1845 0.1715 0.1715 0.164 0.164 0.177 0.177 0.2025 0.2025 0.2025 0.21 0.21 0.2145 0.2145 0.22 0.22 0.22 0.217 0.217 0.221 0.221 0.2005 0.2005 0.2005 0.1945 0.1945 0.2025 0.2025 0.204 0.204 0.204 0.1625 0.1625 0.167
0.2225 0.212 0.212 0.2035 0.2035 0.2065 0.2065 0.2065 0.2095 0.2095 0.2115 0.2115 0.217 0.217 0.219 0.219 0.219 0.225 0.225 0.2225 0.2225 0.2135 0.2135 0.2135 0.2735 0.2735 0.2545 0.2545 0.243 0.243 0.243 0.212 0.212 0.214 0.214 0.2165 0.2165 0.2165 0.214 0.214 0.213 0.213 0.1845 0.1845 0.1845 0.1715 0.1715 0.164 0.164 0.177 0.177 0.2025 0.2025 0.2025 0.21 0.21 0.2145 0.2145 0.22 0.22 0.22 0.217 0.217 0.221 0.221 0.2005 0.2005 0.2005 0.1945 0.1945 0.2025 0.2025 0.204 0.204 0.204 0.1625 0.1625 0.167
0.2335 0.2205 0.2205 0.214 0.214 0.217 0.217 0.217 0.2185 0.2185 0.216 0.216 0.211 0.211 0.209 0.209 0.209 0.2245 0.2245 0.2175 0.2175 0.22 0.22 0.22 0.2225 0.2225 0.2315 0.2315 0.232 0.232 0.232 0.2335 0.2335 0.2215 0.2215 0.2145 0.2145 0.2145 0.215 0.215 0.1995 0.1995 0.182 0.182 0.182 0.1845 0.1845 0.221 0.221 0.2005 0.2005 0.2155 0.2155 0.2155 0.205 0.205 0.21 0.21 0.2125 0.2125 0.2125 0.2065 0.2065 0.213 0.213 0.215 0.215 0.215 0.2155 0.2155 0.2 0.2 0.1385 0.1385 0.1385 0.161 0.161 0.179
0.2335 0.2205 0.2205 0.214 0.214 0.217 0.217 0.217 0.2185 0.2185 0.216 0.216 0.211 0.211 0.209 0.209 0.209 0.2245 0.2245 0.2175 0.2175 0.22 0.22 0.22 0.2225 0.2225 0.2315 0.2315 0.232 0.232 0.232 0.2335 0.2335 0.2215 0.2215 0.2145 0.2145 0.2145 0.215 0.215 0.1995 0.1995 0.182 0.182 0.182 0.1845 0.1845 0.221 0.221 0.2005 0.2005 0.2155 0.2155 0.2155 0.205 0.205 0.21 0.21 0.2125 0.2125 0.2125 0.2065 0.2065 0.213 0.213 0.215 0.215 0.215 0.2155 0.2155 0.2 0.2 0.1385 0.1385 0.1385 0.161 0.161 0.179
0.224 0.229 0.229 0.221 0.221 0.2095 0.2095 0.2095 0.2215 0.2215 0.209 0.209 0.208 0.208 0.213 0.213 0.213 0.206 0.206 0.21 0.21 0.211 0.211 0.211 0.2175 0.2175 0.223 0.223 0.234 0.234 0.234 0.236 0.236 0.239 0.239 0.24 0.24 0.24 0.2195 0.2195 0.2195 0.2195 0.218 0.218 0.218 0.214 0.214 0.239 0.239 0.2365 0.2365 0.2145 0.2145 0.2145 0.2025 0.2025 0.2045 0.2045 0.198 0.198 0.198 0.194 0.194 0.1965 0.1965 0.2075 0.2075 0.2075 0.2075 0.2075 0.174 0.174 0.123 0.123 0.123 0.151 0.151 0.1635
0.224 0.229 0.229 0.221 0.221 0.2095 0.2095 0.2095 0.2215 0.2215 0.209 0.209 0.208 0.208 0.213 0.213 0.213 0.206 0.206 0.21 0.21 0.211 0.211 0.211 0.2175 0.2175 0.223 0.223 0.234 0.234 0.234 0.236 0.236 0.239 0.239 0.24 0.24 0.24 0.2195 0.2195 0.2195 0.2195 0.218 0.218 0.218 0.214 0.214 0.239 0.239 0.2365 0.2365 0.2145 0.2145 0.2145 0.2025 0.2025 0.2045 0.2045 0.198 0.198 0.198 0.194 0.194 0.1965 0.1965 0.2075 0.2075 0.2075 0.2075 0.2075 0.174 0.174 0.123 0.123 0.123 0.151 0.151 0.1635
0.2125 0.2055 0.2055 0.206 0.206 0.2155 0.2155 0.2155 0.208 0.208 0.2075 0.2075 0.199 0.199 0.2075 0.2075 0.2075 0.192 0.192 0.2035 0.2035 0.209 0.209 0.209 0.2175 0.2175 0.21 0.21 0.212 0.212 0.212 0.2245 0.2245 0.2355 0.2355 0.2435 0.2435 0.2435 0.236 0.236 0.2315 0.2315 0.2195 0.2195 0.2195 0.2235 0.2235 0.238 0.238 0.207 0.207 0.215 0.215 0.215 0.1975 0.1975 0.1915 0.1915 0.19 0.19 0.19 0.1965 0.1965 0.194 0.194 0.208 0.208 0.208 0.215 0.215 0.1865 0.1865 0.1525 0.1525 0.1525 0.138 0.138 0.1435
0.2125 0.2055 0.2055 0.206 0.206 0.2155 0.2155 0.2155 0.208 0.208 0.2075 0.2075 0.199 0.199 0.2075 0.2075 0.2075 0.192 0.192 0.2035 0.2035 0.209 0.209 0.209 0.2175 0.2175 0.21 0.21 0.212 0.212 0.212 0.2245 0.2245 0.2355 0.2355 0.2435 0.2435 0.2435 0.236 0.236 0.2315 0.2315 0.2195 0.2195 0.2195 0.2235 0.2235 0.238 0.238 0.207 0.207 0.215 0.215 0.215 0.1975 0.1975 0.1915 0.1915 0.19 0.19 0.19 0.1965 0.1965 0.194 0.194 0.208 0.208 0.208 0.215 0.215 0.1865 0.1865 0.1525 0.1525 0.1525 0.138 0.138 0.1435
0.211 0.1995 0.1995 0.2 0.2 0.1975 0.1975 0.1975 0.2055 0.2055 0.207 0.207 0.2035 0.2035 0.2025 0.2025 0.2025 0.202 0.202 0.179 0.179 0.204 0.204 0.204 0.2115 0.2115 0.21 0.21 0.209 0.209 0.209 0.2145 0.2145 0.2285 0.2285 0.223 0.223 0.223 0.214 0.214 0.214 0.214 0.235 0.235 0.235 0.2375 0.2375 0.2355 0.2355 0.218 0.218 0.2025 0.2025 0.2025 0.188 0.188 0.1925 0.1925 0.196 0.196 0.196 0.2035 0.2035 0.169 0.169 0.1605 0.1605 0.1605 0.1715 0.1715 0.174 0.174 0.179 0.179 0.179 0.137 0.137 0.1365
0.211 0.1995 0.1995 0.2 0.2 0.1975 0.1975 0.1975 0.2055 0.2055 0.207 0.207 0.2035 0.2035 0.2025 0.2025 0.2025 0.202 0.202 0.179 0.179 0.204 0.204 0.204 0.2115 0.2115 0.21 0.21 0.209 0.209 0.209 0.2145 0.2145 0.2285 0.2285 0.223 0.223 0.223 0.214 0.214 0.214 0.214 0.235 0.235 0.235 0.2375 0.2375 0.2355 0.2355 0.218 0.218 0.2025 0.2025 0.2025 0.188 0.188 0.1925 0.1925 0.196 0.196 0.196 0.2035 0.2035 0.169 0.169 0.1605 0.1605 0.1605 0.1715 0.1715 0.174 0.174 0.179 0.179 0.179 0.137 0.137 0.1365
0.211 0.1995 0.1995 0.2 0.2 0.1975 0.1975 0.1975 0.2055 0.2055 0.207 0.207 0.2035 0.2035 0.2025 0.2025 0.2025 0.202 0.202 0.179 0.179 0.204 0.204 0.204 0.2115 0.2115 0.21 0.21 0.209 0.209 0.209 0.2145 0.2145 0.2285 0.2285 0.223 0.223 0.223 0.214 0.214 0.214 0.214 0.235 0.235 0.235 0.2375 0.2375 0.2355 0.2355 0.218 0.218 0.2025 0.2025 0.2025 0.188 0.188 0.1925 0.1925 0.196 0.196 0.196 0.2035 0.2035 0.169 0.169 0.1605 0.1605 0.1605 0.1715 0.1715 0.174 0.174 0.179 0.179 0.179 0.137 0.137 0.1365
0.217 0.1965 0.1965 0.192 0.192 0.192 0.192 0.192 0.2075 0.2075 0.216 0.216 0.215 0.215 0.205 0.205 0.205 0.1915 0.1915 0.2055 0.2055 0.2175 0.2175 0.2175 0.211 0.211 0.204 0.204 0.1985 0.1985 0.1985 0.2055 0.2055 0.21 0.21 0.2295 0.2295 0.2295 0.226 0.226 0.2115 0.2115 0.2175 0.2175 0.2175 0.2295 0.2295 0.236 0.236 0.226 0.226 0.218 0.218 0.218 0.209 0.209 0.1945 0.1945 0.2035 0.2035 0.2035 0.2055 0.2055 0.2035 0.2035 0.173 0.173 0.173 0.1735 0.1735 0.172 0.172 0.159 0.159 0.159 0.1485 0.1485 0.162
0.217 0.1965 0.1965 0.192 0.192 0.192 0.192 0.192 0.2075 0.2075 0.216 0.216 0.215 0.215 0.205 0.205 0.205 0.1915 0.1915 0.2055 0.2055 0.2175 0.2175 0.2175 0.211 0.211 0.204 0.204 0.1985 0.1985 0.1985 0.2055 0.2055 0.21 0.21 0.2295 0.2295 0.2295 0.226 0.226 0.2115 0.2115 0.2175 0.2175 0.2175 0.2295 0.2295 0.236 0.236 0.226 0.226 0.218 0.218 0.218 0.209 0.209 0.1945 0.1945 0.2035 0.2035 0.2035 0.2055 0.2055 0.2035 0.2035 0.173 0.173 0.173 0.1735 0.1735 0.172 0.172 0.159 0.159 0.159 0.1485 0.1485 0.162
0.228 0.21 0.21 0.2105 0.2105 0.2225 0.2225 0.2225 0.2375 0.2375 0.2335 0.2335 0.227 0.227 0.2115 0.2115 0.2115 0.226 0.226 0.2175 0.2175 0.224 0.224 0.224 0.2025 0.2025 0.207 0.207 0.2045 0.2045 0.2045 0.2085 0.2085 0.2285 0.2285 0.22 0.22 0.22 0.213 0.213 0.2255 0.2255 0.2135 0.2135 0.2135 0.205 0.205 0.223 0.223 0.231 0.231 0.225 0.225 0.225 0.217 0.217 0.2025 0.2025 0.2095 0.2095 0.2095 0.2325 0.2325 0.2175 0.2175 0.1955 0.1955 0.1955 0.1805 0.1805 0.186 0.186 0.17 0.17 0.17 0.15 0.15 0.1625
0.228 0.21 0.21 0.2105 0.2105 0.2225 0.2225 0.2225 0.2375 0.2375 0.2335 0.2335 0.227 0.227 0.2115 0.2115 0.2115 0.226 0.226 0.2175 0.2175 0.224 0.224 0.224 0.2025 0.2025 0.207 0.207 0.2045 0.2045 0.2045 0.2085 0.2085 0.2285 0.2285 0.22 0.22 0.22 0.213 0.213 0.2255 0.2255 0.2135 0.2135 0.2135 0.205 0.205 0.223 0.223 0.231 0.231 0.225 0.225 0.225 0.217 0.217 0.2025 0.2025 0.2095 0.2095 0.2095 0.2325 0.2325 0.2175 0.2175 0.1955 0.1955 0.1955 0.1805 0.1805 0.186 0.186 0.17 0.17 0.17 0.15 0.15 0.1625
0.236 0.2315 0.2315 0.24 0.24 0.232 0.232 0.232 0.231 0.231 0.2235 0.2235 0.2255 0.2255 0.224 0.224 0.224 0.218 0.218 0.2045 0.2045 0.209 0.209 0.209 0.2185 0.2185 0.2125 0.2125 0.2075 0.2075 0.2075 0.224 0.224 0.2275 0.2275 0.226 0.226 0.226 0.2265 0.2265 0.2305 0.2305 0.231 0.231 0.231 0.223 0.223 0.2335 0.2335 0.232 0.232 0.23 0.23 0.23 0.2275 0.2275 0.223 0.223 0.228 0.228 0.228 0.234 0.234 0.2295 0.2295 0.194 0.194 0.194 0.1865 0.1865 0.1925 0.1925 0.1865 0.1865 0.1865 0.1865 0.1865 0.177
0.236 0.2315 0.2315 0.24 0.24 0.232 0.232 0.232 0.231 0.231 0.2235 0.2235 0.2255 0.2255 0.224 0.224 0.224 0.218 0.218 0.2045 0.2045 0.209 0.209 0.209 0.2185 0.2185 0.2125 0.2125 0.2075 0.2075 0.2075 0.224 0.224 0.2275 0.2275 0.226 0.226 0.226 0.2265 0.2265 0.2305 0.2305 0.231 0.231 0.231 0.223 0.223 0.2335 0.2335 0.232 0.232 0.23 0.23 0.23 0.2275 0.2275 0.223 0.223 0.228 0.228 0.228 0.234 0.234 0.2295 0.2295 0.194 0.194 0.194 0.1865 0.1865 0.1925 0.1925 0.1865 0.1865 0.1865 0.1865 0.1865 0.177
0.236 0.2315 0.2315 0.24 0.24 0.232 0.232 0.232 0.231 0.231 0.2235 0.2235 0.2255 0.2255 0.224 0.224 0.224 0.218 0.218 0.2045 0.2045 0.209 0.209 0.209 0.2185 0.2185 0.2125 0.2125 0.2075 0.2075 0.2075 0.224 0.224 0.2275 0.2275 0.226 0.226 0.226 0.2265 0.2265 0.2305 0.2305 0.231 0.231 0.231 0.223 0.223 0.2335 0.2335 0.232 0.232 0.23 0.23 0.23 0.2275 0.2275 0.223 0.223 0.228 0.228 0.228 0.234 0.234 0.2295 0.2295 0.194 0.194 0.194 0.1865 0.1865 0.1925 0.1925 0.1865 0.1865 0.1865 0.1865 0.1865 0.177
0.2375 0.24 0.24 0.23 0.23 0.216 0.216 0.216 0.216 0.216 0.2255 0.2255 0.2125 0.2125 0.2105 0.2105 0.2105 0.223 0.223 0.1985 0.1985 0.2075 0.2075 0.2075 0.206 0.206 0.2165 0.2165 0.205 0.205 0.205 0.207 0.207 0.2215 0.2215 0.2215 0.2215 0.2215 0.2225 0.2225 0.2315 0.2315 0.234 0.234 0.234 0.2395 0.2395 0.243 0.243 0.2245 0.2245 0.215 0.215 0.215 0.2265 0.2265 0.2315 0.2315 0.2255 0.2255 0.2255 0.232 0.232 0.2265 0.2265 0.223 0.223 0.223 0.1955 0.1955 0.1885 0.1885 0.175 0.175 0.175 0.167 0.167 0.176
0.2375 0.24 0.24 0.23 0.23 0.216 0.216 0.216 0.216 0.216 0.2255 0.2255 0.2125 0.2125 0.2105 0.2105 0.2105 0.223 0.223 0.1985 0.1985 0.2075 0.2075 0.2075 0.206 0.206 0.2165 0.2165 0.205 0.205 0.205 0.207 0.207 0.2215 0.2215 0.2215 0.2215 0.2215 0.2225 0.2225 0.2315 0.2315 0.234 0.234 0.234 0.2395 0.2395 0.243 0.243 0.2245 0.2245 0.215 0.215 0.215 0.2265 0.2265 0.2315 0.2315 0.2255 0.2255 0.2255 0.232 0.232 0.2265 0.2265 0.223 0.223 0.223 0.1955 0.1955 0.1885 0.1885 0.175 0.175 0.175 0.167 0.167 0.176
0.243 0.2255 0.2255 0.2205 0.2205 0.216 0.216 0.216 0.2235 0.2235 0.219 0.219 0.211 0.211 0.214 0.214 0.214 0.208 0.208 0.2135 0.2135 0.2295 0.2295 0.2295 0.209 0.209 0.214 0.214 0.211 0.211 0.211 0.195 0.195 0.217 0.217 0.224 0.224 0.224 0.2205 0.2205 0.2155 0.2155 0.216 0.216 0.216 0.2385 0.2385 0.226 0.226 0.2355 0.2355 0.2255 0.2255 0.2255 0.215 0.215 0.2185 0.2185 0.224 0.224 0.224 0.225 0.225 0.2235 0.2235 0.235 0.235 0.235 0.2395 0.2395 0.2335 0.2335 0.221 0.221 0.221 0.201 0.201 0.187
0.243 0.2255 0.2255 0.2205 0.2205 0.216 0.216 0.216 0.2235 0.2235 0.219 0.219 0.211 0.211 0.214 0.214 0.214 0.208 0.208 0.2135 0.2135 0.2295 0.2295 0.2295 0.209 0.209 0.214 0.214 0.211 0.211 0.211 0.195 0.195 0.217 0.217 0.224 0.224 0.224 0.2205 0.2205 0.2155 0.2155 0.216 0.216 0.216 0.2385 0.2385 0.226 0.226 0.2355 0.2355 0.2255 0.2255 0.2255 0.215 0.215 0.2185 0.2185 0.224 0.224 0.224 0.225 0.225 0.2235 0.2235 0.235 0.235 0.235 0.2395 0.2395 0.2335 0.2335 0.221 0.221 0.221 0.201 0.201 0.187
0.241 0.2405 0.2405 0.2325 0.2325 0.245 0.245 0.245 0.238 0.238 0.236 0.236 0.22 0.22 0.2135 0.2135 0.2135 0.215 0.215 0.2185 0.2185 0.224 0.224 0.224 0.2235 0.2235 0.219 0.219 0.2175 0.2175 0.2175 0.235 0.235 0.2395 0.2395 0.2255 0.2255 0.2255 0.2305 0.2305 0.2185 0.2185 0.224 0.224 0.224 0.233 0.233 0.2435 0.2435 0.2475 0.2475 0.215 0.215 0.215 0.2305 0.2305 0.2265 0.2265 0.2115 0.2115 0.2115 0.228 0.228 0.247 0.247 0.243 0.243 0.243 0.224 0.224 0.2155 0.2155 0.215 0.215 0.215 0.1975 0.1975 0.1855
0.241 0.2405 0.2405 0.2325 0.2325 0.245 0.245 0.245 0.238 0.238 0.236 0.236 0.22 0.22 0.2135 0.2135 0.2135 0.215 0.215 0.2185 0.2185 0.224 0.224 0.224 0.2235 0.2235 0.219 0.219 0.2175 0.2175 0.2175 0.235 0.235 0.2395 0.2395 0.2255 0.2255 0.2255 0.2305 0.2305 0.2185 0.2185 0.224 0.224 0.224 0.233 0.233 0.2435 0.2435 0.2475 0.2475 0.215 0.215 0.215 0.2305 0.2305 0.2265 0.2265 0.2115 0.2115 0.2115 0.228 0.228 0.247 0.247 0.243 0.243 0.243 0.224 0.224 0.2155 0.2155 0.215 0.215 0.215 0.1975 0.1975 0.1855
0.241 0.2405 0.2405 0.2325 0.2325 0.245 0.245 0.245 0.238 0.238 0.236 0.236 0.22 0.22 0.2135 0.2135 0.2135 0.215 0.215 0.2185 0.2185 0.224 0.224 0.224 0.2235 0.2235 0.219 0.219 0.2175 0.2175 0.2175 0.235 0.235 0.2395 0.2395 0.2255 0.2255 0.2255 0.2305 0.2305 0.2185 0.2185 0.224 0.224 0.224 0.233 0.233 0.2435 0.2435 0.2475 0.2475 0.215 0.215 0.215 0.2305 0.2305 0.2265 0.2265 0.2115 0.2115 0.2115 0.228 0.228 0.247 0.247 0.243 0.243 0.243 0.224 0.224 0.2155 0.2155 0.215 0.215 0.215 0.1975 0.1975 0.1855
0.2425 0.239 0.239 0.2365 0.2365 0.214 0.214 0.214 0.231 0.231 0.2275 0.2275 0.222 0.222 0.215 0.215 0.215 0.213 0.213 0.215 0.215 0.226 0.226 0.226 0.228 0.228 0.2405 0.2405 0.2455 0.2455 0.2455 0.2355 0.2355 0.2425 0.2425 0.2385 0.2385 0.2385 0.252 0.252 0.243 0.243 0.253 0.253 0.253 0.2315 0.2315 0.2285 0.2285 0.237 0.237 0.2475 0.2475 0.2475 0.246 0.246 0.226 0.226 0.246 0.246 0.246 0.2435 0.2435 0.231 0.231 0.2385 0.2385 0.2385 0.2375 0.2375 0.2205 0.2205 0.182 0.182 0.182 0.2185 0.2185 0.202
0.2425 0.239 0.239 0.2365 0.2365 0.214 0.214 0.214 0.231 0.231 0.2275 0.2275 0.222 0.222 0.215 0.215 0.215 0.213 0.213 0.215 0.215 0.226 0.226 0.226 0.228 0.228 0.2405 0.2405 0.2455 0.2455 0.2455 0.2355 0.2355 0.2425 0.2425 0.2385 0.2385 0.2385 0.252 0.252 0.243 0.243 0.253 0.253 0.253 0.2315 0.2315 0.2285 0.2285 0.237 0.237 0.2475 0.2475 0.2475 0.246 0.246 0.226 0.226 0.246 0.246 0.246 0.2435 0.2435 0.231 0.231 0.2385 0.2385 0.2385 0.2375 0.2375 0.2205 0.2205 0.182 0.182 0.182 0.2185 0.2185 0.202
0.239 0.2375 0.2375 0.226 0.226 0.2255 0.2255 0.2255 0.22 0.22 0.227 0.227 0.2275 0.2275 0.225 0.225 0.225 0.223 0.223 0.2105 0.2105 0.212 0.212 0.212 0.223 0.223 0.2215 0.2215 0.238 0.238 0.238 0.237 0.237 0.2365 0.2365 0.2455 0.2455 0.2455 0.263 0.263 0.2615 0.2615 0.266 0.266 0.266 0.2575 0.2575 0.23 0.23 0.235 0.235 0.244 0.244 0.244 0.248 0.248 0.231 0.231 0.235 0.235 0.235 0.2425 0.2425 0.235 0.235 0.2575 0.2575 0.2575 0.279 0.279 0.252 0.252 0.239 0.239 0.239 0.226 0.226 0.2125
0.239 0.2375 0.2375 0.226 0.226 0.2255 0.2255 0.2255 0.22 0.22 0.227 0.227 0.2275 0.2275 0.225 0.225 0.225 0.223 0.223 0.2105 0.2105 0.212 0.212 0.212 0.223 0.223 0.2215 0.2215 0.238 0.238 0.238 0.237 0.237 0.2365 0.2365 0.2455 0.2455 0.2455 0.263 0.263 0.2615 0.2615 0.266 0.266 0.266 0.2575 0.2575 0.23 0.23 0.235 0.235 0.244 0.244 0.244 0.248 0.248 0.231 0.231 0.235 0.235 0.235 0.2425 0.2425 0.235 0.235 0.2575 0.2575 0.2575 0.279 0.279 0.252 0.252 0.239 0.239 0.239 0.226 0.226 0.2125
0.236 0.235 0.235 0.2415 0.2415 0.2405 0.2405 0.2405 0.2445 0.2445 0.228 0.228 0.2275 0.2275 0.2315 0.2315 0.2315 0.2355 0.2355 0.237 0.237 0.234 0.234 0.234 0.2125 0.2125 0.2365 0.2365 0.241 0.241 0.241 0.2475 0.2475 0.2595 0.2595 0.2655 0.2655 0.2655 0.2645 0.2645 0.2675 0.2675 0.2575 0.2575 0.2575 0.2435 0.2435 0.2545 0.2545 0.249 0.249 0.2435 0.2435 0.2435 0.268 0.268 0.233 0.233 0.2285 0.2285 0.2285 0.229 0.229 0.2595 0.2595 0.25 0.25 0.25 0.269 0.269 0.2345 0.2345 0.2255 0.2255 0.2255 0.2185 0.2185 0.2055
