ndvi/NOAA-16.asc
ncols         252
nrows         154
xllcorner     -18.017974
yllcorner     13.481982
cellsize      0.035948
NODATA_value  -9999
[rows 68 to 101 of 154, columns 156 to 233 of 252]
0.142 0.1335 0.1335 0.1335 0.138 0.138 0.145 0.145 0.172 0.172 0.181 0.181 0.181 0.199 0.199 0.2125 0.2125 0.1925 0.1925 0.1925 0.212 0.212 0.1955 0.1955 0.203 0.203 0.203 0.2005 0.2005 0.2035 0.2035 0.1925 0.1925 0.1925 0.1955 0.1955 0.202 0.202 0.206 0.206 0.206 0.1935 0.1935 0.1895 0.1895 0.198 0.198 0.2025 0.2025 0.2025 0.195 0.195 0.1995 0.1995 0.1995 0.1995 0.1995 0.215 0.215 0.198 0.198 0.1965 0.1965 0.1965 0.1825 0.1825 0.1785 0.1785 0.203 0.203 0.203 0.188 0.188 0.1745 0.1745 0.1735 0.1735 0.1735
0.1285 0.131 0.131 0.131 0.1325 0.1325 0.14 0.14 0.147 0.147 0.199 0.199 0.199 0.196 0.196 0.201 0.201 0.2055 0.2055 0.2055 0.2105 0.2105 0.2075 0.2075 0.2065 0.2065 0.2065 0.1925 0.1925 0.1955 0.1955 0.1985 0.1985 0.1985 0.201 0.201 0.2025 0.2025 0.2015 0.2015 0.2015 0.193 0.193 0.192 0.192 0.1965 0.1965 0.197 0.197 0.197 0.199 0.199 0.213 0.213 0.2025 0.2025 0.2025 0.203 0.203 0.213 0.213 0.195 0.195 0.195 0.1725 0.1725 0.1835 0.1835 0.1935 0.1935 0.1935 0.178 0.178 0.185 0.185 0.1955 0.1955 0.1955
0.1285 0.131 0.131 0.131 0.1325 0.1325 0.14 0.14 0.147 0.147 0.199 0.199 0.199 0.196 0.196 0.201 0.201 0.2055 0.2055 0.2055 0.2105 0.2105 0.2075 0.2075 0.2065 0.2065 0.2065 0.1925 0.1925 0.1955 0.1955 0.1985 0.1985 0.1985 0.201 0.201 0.2025 0.2025 0.2015 0.2015 0.2015 0.193 0.193 0.192 0.192 0.1965 0.1965 0.197 0.197 0.197 0.199 0.199 0.213 0.213 0.2025 0.2025 0.2025 0.203 0.203 0.213 0.213 0.195 0.195 0.195 0.1725 0.1725 0.1835 0.1835 0.1935 0.1935 0.1935 0.178 0.178 0.185 0.185 0.1955 0.1955 0.1955
0.1515 0.153 0.153 0.153 0.142 0.142 0.153 0.153 0.1485 0.1485 0.192 0.192 0.192 0.1945 0.1945 0.1965 0.1965 0.2015 0.2015 0.2015 0.197 0.197 0.1915 0.1915 0.19 0.19 0.19 0.1805 0.1805 0.1935 0.1935 0.197 0.197 0.197 0.1865 0.1865 0.1965 0.1965 0.201 0.201 0.201 0.204 0.204 0.202 0.202 0.2035 0.2035 0.2115 0.2115 0.2115 0.207 0.207 0.206 0.206 0.1985 0.1985 0.1985 0.2045 0.2045 0.196 0.196 0.2045 0.2045 0.2045 0.1945 0.1945 0.1865 0.1865 0.1865 0.1865 0.1865 0.1855 0.1855 0.206 0.206 0.215 0.215 0.215
0.1515 0.153 0.153 0.153 0.142 0.142 0.153 0.153 0.1485 0.1485 0.192 0.192 0.192 0.1945 0.1945 0.1965 0.1965 0.2015 0.2015 0.2015 0.197 0.197 0.1915 0.1915 0.19 0.19 0.19 0.1805 0.1805 0.1935 0.1935 0.197 0.197 0.197 0.1865 0.1865 0.1965 0.1965 0.201 0.201 0.201 0.204 0.204 0.202 0.202 0.2035 0.2035 0.2115 0.2115 0.2115 0.207 0.207 0.206 0.206 0.1985 0.1985 0.1985 0.2045 0.2045 0.196 0.196 0.2045 0.2045 0.2045 0.1945 0.1945 0.1865 0.1865 0.1865 0.1865 0.1865 0.1855 0.1855 0.206 0.206 0.215 0.215 0.215
0.1515 0.153 0.153 0.153 0.142 0.142 0.153 0.153 0.1485 0.1485 0.192 0.192 0.192 0.1945 0.1945 0.1965 0.1965 0.2015 0.2015 0.2015 0.197 0.197 0.1915 0.1915 0.19 0.19 0.19 0.1805 0.1805 0.1935 0.1935 0.197 0.197 0.197 0.1865 0.1865 0.1965 0.1965 0.201 0.201 0.201 0.204 0.204 0.202 0.202 0.2035 0.2035 0.2115 0.2115 0.2115 0.207 0.207 0.206 0.206 0.1985 0.1985 0.1985 0.2045 0.2045 0.196 0.196 0.2045 0.2045 0.2045 0.1945 0.1945 0.1865 0.1865 0.1865 0.1865 0.1865 0.1855 0.1855 0.206 0.206 0.215 0.215 0.215
0.1545 0.159 0.159 0.159 0.1585 0.1585 0.158 0.158 0.1565 0.1565 0.197 0.197 0.197 0.2035 0.2035 0.2 0.2 0.203 0.203 0.203 0.197 0.197 0.1905 0.1905 0.2 0.2 0.2 0.2005 0.2005 0.213 0.213 0.1995 0.1995 0.1995 0.212 0.212 0.206 0.206 0.2165 0.2165 0.2165 0.2205 0.2205 0.22 0.22 0.213 0.213 0.217 0.217 0.217 0.213 0.213 0.191 0.191 0.1895 0.1895 0.1895 0.1945 0.1945 0.2025 0.2025 0.193 0.193 0.193 0.1975 0.1975 0.1785 0.1785 0.1825 0.1825 0.1825 0.2055 0.2055 0.2125 0.2125 0.198 0.198 0.198
0.1545 0.159 0.159 0.159 0.1585 0.1585 0.158 0.158 0.1565 0.1565 0.197 0.197 0.197 0.2035 0.2035 0.2 0.2 0.203 0.203 0.203 0.197 0.197 0.1905 0.1905 0.2 0.2 0.2 0.2005 0.2005 0.213 0.213 0.1995 0.1995 0.1995 0.212 0.212 0.206 0.206 0.2165 0.2165 0.2165 0.2205 0.2205 0.22 0.22 0.213 0.213 0.217 0.217 0.217 0.213 0.213 0.191 0.191 0.1895 0.1895 0.1895 0.1945 0.1945 0.2025 0.2025 0.193 0.193 0.193 0.1975 0.1975 0.1785 0.1785 0.1825 0.1825 0.1825 0.2055 0.2055 0.2125 0.2125 0.198 0.198 0.198
0.1455 0.163 0.163 0.163 0.146 0.146 0.157 0.157 0.162 0.162 0.183 0.183 0.183 0.2055 0.2055 0.2145 0.2145 0.2065 0.2065 0.2065 0.2 0.2 0.182 0.182 0.2115 0.2115 0.2115 0.209 0.209 0.2065 0.2065 0.2065 0.2065 0.2065 0.2 0.2 0.214 0.214 0.223 0.223 0.223 0.2205 0.2205 0.22 0.22 0.2115 0.2115 0.207 0.207 0.207 0.213 0.213 0.201 0.201 0.209 0.209 0.209 0.196 0.196 0.198 0.198 0.1965 0.1965 0.1965 0.212 0.212 0.204 0.204 0.1975 0.1975 0.1975 0.1935 0.1935 0.2 0.2 0.2135 0.2135 0.2135
0.1455 0.163 0.163 0.163 0.146 0.146 0.157 0.157 0.162 0.162 0.183 0.183 0.183 0.2055 0.2055 0.2145 0.2145 0.2065 0.2065 0.2065 0.2 0.2 0.182 0.182 0.2115 0.2115 0.2115 0.209 0.209 0.2065 0.2065 0.2065 0.2065 0.2065 0.2 0.2 0.214 0.214 0.223 0.223 0.223 0.2205 0.2205 0.22 0.22 0.2115 0.2115 0.207 0.207 0.207 0.213 0.213 0.201 0.201 0.209 0.209 0.209 0.196 0.196 0.198 0.198 0.1965 0.1965 0.1965 0.212 0.212 0.204 0.204 0.1975 0.1975 0.1975 0.1935 0.1935 0.2 0.2 0.2135 0.2135 0.2135
0.136 0.146 0.146 0.146 0.1465 0.1465 0.138 0.138 0.145 0.145 0.191 0.191 0.191 0.195 0.195 0.184 0.184 0.196 0.196 0.196 0.2045 0.2045 0.1995 0.1995 0.197 0.197 0.197 0.2035 0.2035 0.201 0.201 0.2045 0.2045 0.2045 0.2065 0.2065 0.2115 0.2115 0.21 0.21 0.21 0.205 0.205 0.209 0.209 0.1935 0.1935 0.2005 0.2005 0.2005 0.206 0.206 0.2025 0.2025 0.2115 0.2115 0.2115 0.1995 0.1995 0.2055 0.2055 0.213 0.213 0.213 0.212 0.212 0.2045 0.2045 0.2035 0.2035 0.2035 0.194 0.194 0.198 0.198 0.202 0.202 0.202
0.136 0.146 0.146 0.146 0.1465 0.1465 0.138 0.138 0.145 0.145 0.191 0.191 0.191 0.195 0.195 0.184 0.184 0.196 0.196 0.196 0.2045 0.2045 0.1995 0.1995 0.197 0.197 0.197 0.2035 0.2035 0.201 0.201 0.2045 0.2045 0.2045 0.2065 0.2065 0.2115 0.2115 0.21 0.21 0.21 0.205 0.205 0.209 0.209 0.1935 0.1935 0.2005 0.2005 0.2005 0.206 0.206 0.2025 0.2025 0.2115 0.2115 0.2115 0.1995 0.1995 0.2055 0.2055 0.213 0.213 0.213 0.212 0.212 0.2045 0.2045 0.2035 0.2035 0.2035 0.194 0.194 0.198 0.198 0.202 0.202 0.202
0.126 0.14 0.14 0.14 0.1375 0.1375 0.131 0.131 0.15 0.15 0.192 0.192 0.192 0.1955 0.1955 0.2015 0.2015 0.193 0.193 0.193 0.197 0.197 0.2085 0.2085 0.2135 0.2135 0.2135 0.2165 0.2165 0.21 0.21 0.2035 0.2035 0.2035 0.199 0.199 0.2005 0.2005 0.205 0.205 0.205 0.1995 0.1995 0.202 0.202 0.1955 0.1955 0.209 0.209 0.209 0.2215 0.2215 0.231 0.231 0.219 0.219 0.219 0.209 0.209 0.215 0.215 0.216 0.216 0.216 0.218 0.218 0.211 0.211 0.205 0.205 0.205 0.205 0.205 0.2 0.2 0.2135 0.2135 0.2135
0.126 0.14 0.14 0.14 0.1375 0.1375 0.131 0.131 0.15 0.15 0.192 0.192 0.192 0.1955 0.1955 0.2015 0.2015 0.193 0.193 0.193 0.197 0.197 0.2085 0.2085 0.2135 0.2135 0.2135 0.2165 0.2165 0.21 0.21 0.2035 0.2035 0.2035 0.199 0.199 0.2005 0.2005 0.205 0.205 0.205 0.1995 0.1995 0.202 0.202 0.1955 0.1955 0.209 0.209 0.209 0.2215 0.2215 0.231 0.231 0.219 0.219 0.219 0.209 0.209 0.215 0.215 0.216 0.216 0.216 0.218 0.218 0.211 0.211 0.205 0.205 0.205 0.205 0.205 0.2 0.2 0.2135 0.2135 0.2135
0.126 0.14 0.14 0.14 0.1375 0.1375 0.131 0.131 0.15 0.15 0.192 0.192 0.192 0.1955 0.1955 0.2015 0.2015 0.193 0.193 0.193 0.197 0.197 0.2085 0.2085 0.2135 0.2135 0.2135 0.2165 0.2165 0.21 0.21 0.2035 0.2035 0.2035 0.199 0.199 0.2005 0.2005 0.205 0.205 0.205 0.1995 0.1995 0.202 0.202 0.1955 0.1955 0.209 0.209 0.209 0.2215 0.2215 0.231 0.231 0.219 0.219 0.219 0.209 0.209 0.215 0.215 0.216 0.216 0.216 0.218 0.218 0.211 0.211 0.205 0.205 0.205 0.205 0.205 0.2 0.2 0.2135 0.2135 0.2135
0.153 0.147 0.147 0.147 0.145 0.145 0.135 0.135 0.194 0.194 0.2045 0.2045 0.2045 0.206 0.206 0.222 0.222 0.229 0.229 0.229 0.219 0.219 0.2105 0.2105 0.2 0.2 0.2 0.1975 0.1975 0.1905 0.1905 0.2015 0.2015 0.2015 0.195 0.195 0.2065 0.2065 0.1995 0.1995 0.1995 0.1985 0.1985 0.2045 0.2045 0.21 0.21 0.2175 0.2175 0.2175 0.221 0.221 0.231 0.231 0.224 0.224 0.224 0.223 0.223 0.222 0.222 0.2265 0.2265 0.2265 0.219 0.219 0.2195 0.2195 0.209 0.209 0.209 0.209 0.209 0.2035 0.2035 0.2115 0.2115 0.2115
0.153 0.147 0.147 0.147 0.145 0.145 0.135 0.135 0.194 0.194 0.2045 0.2045 0.2045 0.206 0.206 0.222 0.222 0.229 0.229 0.229 0.219 0.219 0.2105 0.2105 0.2 0.2 0.2 0.1975 0.1975 0.1905 0.1905 0.2015 0.2015 0.2015 0.195 0.195 0.2065 0.2065 0.1995 0.1995 0.1995 0.1985 0.1985 0.2045 0.2045 0.21 0.21 0.2175 0.2175 0.2175 0.221 0.221 0.231 0.231 0.224 0.224 0.224 0.223 0.223 0.222 0.222 0.2265 0.2265 0.2265 0.219 0.219 0.2195 0.2195 0.209 0.209 0.209 0.209 0.209 0.2035 0.2035 0.2115 0.2115 0.2115
0.1475 0.1535 0.1535 0.1535 0.1335 0.1335 0.1685 0.1685 0.1975 0.1975 0.212 0.212 0.212 0.2085 0.2085 0.22 0.22 0.2265 0.2265 0.2265 0.2155 0.2155 0.2095 0.2095 0.203 0.203 0.203 0.2 0.2 0.209 0.209 0.2 0.2 0.2 0.2095 0.2095 0.208 0.208 0.219 0.219 0.219 0.216 0.216 0.2285 0.2285 0.236 0.236 0.2265 0.2265 0.2265 0.2165 0.2165 0.223 0.223 0.2225 0.2225 0.2225 0.218 0.218 0.2085 0.2085 0.222 0.222 0.222 0.2265 0.2265 0.23 0.23 0.2275 0.2275 0.2275 0.2215 0.2215 0.222 0.222 0.214 0.214 0.214
0.1475 0.1535 0.1535 0.1535 0.1335 0.1335 0.1685 0.1685 0.1975 0.1975 0.212 0.212 0.212 0.2085 0.2085 0.22 0.22 0.2265 0.2265 0.2265 0.2155 0.2155 0.2095 0.2095 0.203 0.203 0.203 0.2 0.2 0.209 0.209 0.2 0.2 0.2 0.2095 0.2095 0.208 0.208 0.219 0.219 0.219 0.216 0.216 0.2285 0.2285 0.236 0.236 0.2265 0.2265 0.2265 0.2165 0.2165 0.223 0.223 0.2225 0.2225 0.2225 0.218 0.218 0.2085 0.2085 0.222 0.222 0.222 0.2265 0.2265 0.23 0.23 0.2275 0.2275 0.2275 0.2215 0.2215 0.222 0.222 0.214 0.214 0.214
0.1685 0.163 0.163 0.163 0.148 0.148 0.162 0.162 0.2055 0.2055 0.209 0.209 0.209 0.202 0.202 0.2065 0.2065 0.215 0.215 0.215 0.2265 0.2265 0.209 0.209 0.207 0.207 0.207 0.2065 0.2065 0.204 0.204 0.213 0.213 0.213 0.204 0.204 0.203 0.203 0.222 0.222 0.222 0.223 0.223 0.228 0.228 0.2275 0.2275 0.23 0.23 0.23 0.232 0.232 0.221 0.221 0.2115 0.2115 0.2115 0.217 0.217 0.216 0.216 0.2295 0.2295 0.2295 0.229 0.229 0.2245 0.2245 0.214 0.214 0.214 0.225 0.225 0.207 0.207 0.214 0.214 0.214
0.1685 0.163 0.163 0.163 0.148 0.148 0.162 0.162 0.2055 0.2055 0.209 0.209 0.209 0.202 0.202 0.2065 0.2065 0.215 0.215 0.215 0.2265 0.2265 0.209 0.209 0.207 0.207 0.207 0.2065 0.2065 0.204 0.204 0.213 0.213 0.213 0.204 0.204 0.203 0.203 0.222 0.222 0.222 0.223 0.223 0.228 0.228 0.2275 0.2275 0.23 0.23 0.23 0.232 0.232 0.221 0.221 0.2115 0.2115 0.2115 0.217 0.217 0.216 0.216 0.2295 0.2295 0.2295 0.229 0.229 0.2245 0.2245 0.214 0.214 0.214 0.225 0.225 0.207 0.207 0.214 0.214 0.214
0.1685 0.163 0.163 0.163 0.148 0.148 0.162 0.162 0.2055 0.2055 0.209 0.209 0.209 0.202 0.202 0.2065 0.2065 0.215 0.215 0.215 0.2265 0.2265 0.209 0.209 0.207 0.207 0.207 0.2065 0.2065 0.204 0.204 0.213 0.213 0.213 0.204 0.204 0.203 0.203 0.222 0.222 0.222 0.223 0.223 0.228 0.228 0.2275 0.2275 0.23 0.23 0.23 0.232 0.232 0.221 0.221 0.2115 0.2115 0.2115 0.217 0.217 0.216 0.216 0.2295 0.2295 0.2295 0.229 0.229 0.2245 0.2245 0.214 0.214 0.214 0.225 0.225 0.207 0.207 0.214 0.214 0.214
0.165 0.1665 0.1665 0.1665 0.166 0.166 0.18 0.18 0.2055 0.2055 0.216 0.216 0.216 0.221 0.221 0.2225 0.2225 0.224 0.224 0.224 0.2115 0.2115 0.205 0.205 0.1975 0.1975 0.1975 0.198 0.198 0.201 0.201 0.2015 0.2015 0.2015 0.2225 0.2225 0.229 0.229 0.2225 0.2225 0.2225 0.21 0.21 0.2215 0.2215 0.232 0.232 0.225 0.225 0.225 0.224 0.224 0.2195 0.2195 0.2255 0.2255 0.2255 0.2185 0.2185 0.2195 0.2195 0.212 0.212 0.212 0.2245 0.2245 0.22 0.22 0.213 0.213 0.213 0.231 0.231 0.2145 0.2145 0.223 0.223 0.223
0.165 0.1665 0.1665 0.1665 0.166 0.166 0.18 0.18 0.2055 0.2055 0.216 0.216 0.216 0.221 0.221 0.2225 0.2225 0.224 0.224 0.224 0.2115 0.2115 0.205 0.205 0.1975 0.1975 0.1975 0.198 0.198 0.201 0.201 0.2015 0.2015 0.2015 0.2225 0.2225 0.229 0.229 0.2225 0.2225 0.2225 0.21 0.21 0.2215 0.2215 0.232 0.232 0.225 0.225 0.225 0.224 0.224 0.2195 0.2195 0.2255 0.2255 0.2255 0.2185 0.2185 0.2195 0.2195 0.212 0.212 0.212 0.2245 0.2245 0.22 0.22 0.213 0.213 0.213 0.231 0.231 0.2145 0.2145 0.223 0.223 0.223
0.1685 0.1635 0.1635 0.1635 0.1685 0.1685 0.1805 0.1805 0.202 0.202 0.2235 0.2235 0.2235 0.2295 0.2295 0.2285 0.2285 0.22 0.22 0.22 0.2165 0.2165 0.2135 0.2135 0.198 0.198 0.198 0.195 0.195 0.203 0.203 0.2035 0.2035 0.2035 0.233 0.233 0.2385 0.2385 0.233 0.233 0.233 0.2315 0.2315 0.216 0.216 0.2285 0.2285 0.224 0.224 0.224 0.218 0.218 0.223 0.223 0.2265 0.2265 0.2265 0.22 0.22 0.2115 0.2115 0.2245 0.2245 0.2245 0.224 0.224 0.215 0.215 0.228 0.228 0.228 0.232 0.232 0.2225 0.2225 0.224 0.224 0.224
0.1685 0.1635 0.1635 0.1635 0.1685 0.1685 0.1805 0.1805 0.202 0.202 0.2235 0.2235 0.2235 0.2295 0.2295 0.2285 0.2285 0.22 0.22 0.22 0.2165 0.2165 0.2135 0.2135 0.198 0.198 0.198 0.195 0.195 0.203 0.203 0.2035 0.2035 0.2035 0.233 0.233 0.2385 0.2385 0.233 0.233 0.233 0.2315 0.2315 0.216 0.216 0.2285 0.2285 0.224 0.224 0.224 0.218 0.218 0.223 0.223 0.2265 0.2265 0.2265 0.22 0.22 0.2115 0.2115 0.2245 0.2245 0.2245 0.224 0.224 0.215 0.215 0.228 0.228 0.228 0.232 0.232 0.2225 0.2225 0.224 0.224 0.224
0.184 0.1905 0.1905 0.1905 0.195 0.195 0.1965 0.1965 0.1955 0.1955 0.2135 0.2135 0.2135 0.214 0.214 0.2105 0.2105 0.2105 0.2105 0.2105 0.209 0.209 0.209 0.209 0.1895 0.1895 0.1895 0.1935 0.1935 0.2035 0.2035 0.2255 0.2255 0.2255 0.21 0.21 0.2345 0.2345 0.2445 0.2445 0.2445 0.246 0.246 0.243 0.243 0.2475 0.2475 0.222 0.222 0.222 0.2215 0.2215 0.2095 0.2095 0.2145 0.2145 0.2145 0.2125 0.2125 0.205 0.205 0.2255 0.2255 0.2255 0.2215 0.2215 0.2285 0.2285 0.222 0.222 0.222 0.221 0.221 0.2455 0.2455 0.245 0.245 0.245
0.184 0.1905 0.1905 0.1905 0.195 0.195 0.1965 0.1965 0.1955 0.1955 0.2135 0.2135 0.2135 0.214 0.214 0.2105 0.2105 0.2105 0.2105 0.2105 0.209 0.209 0.209 0.209 0.1895 0.1895 0.1895 0.1935 0.1935 0.2035 0.2035 0.2255 0.2255 0.2255 0.21 0.21 0.2345 0.2345 0.2445 0.2445 0.2445 0.246 0.246 0.243 0.243 0.2475 0.2475 0.222 0.222 0.222 0.2215 0.2215 0.2095 0.2095 0.2145 0.2145 0.2145 0.2125 0.2125 0.205 0.205 0.2255 0.2255 0.2255 0.2215 0.2215 0.2285 0.2285 0.222 0.222 0.222 0.221 0.221 0.2455 0.2455 0.245 0.245 0.245
0.184 0.1905 0.1905 0.1905 0.195 0.195 0.1965 0.1965 0.1955 0.1955 0.2135 0.2135 0.2135 0.214 0.214 0.2105 0.2105 0.2105 0.2105 0.2105 0.209 0.209 0.209 0.209 0.1895 0.1895 0.1895 0.1935 0.1935 0.2035 0.2035 0.2255 0.2255 0.2255 0.21 0.21 0.2345 0.2345 0.2445 0.2445 0.2445 0.246 0.246 0.243 0.243 0.2475 0.2475 0.222 0.222 0.222 0.2215 0.2215 0.2095 0.2095 0.2145 0.2145 0.2145 0.2125 0.2125 0.205 0.205 0.2255 0.2255 0.2255 0.2215 0.2215 0.2285 0.2285 0.222 0.222 0.222 0.221 0.221 0.2455 0.2455 0.245 0.245 0.245
0.1925 0.1925 0.1925 0.1925 0.2065 0.2065 0.199 0.199 0.193 0.193 0.1885 0.1885 0.1885 0.19 0.19 0.188 0.188 0.194 0.194 0.194 0.1805 0.1805 0.183 0.183 0.2 0.2 0.2 0.2025 0.2025 0.2145 0.2145 0.2115 0.2115 0.2115 0.2145 0.2145 0.219 0.219 0.233 0.233 0.233 0.241 0.241 0.242 0.242 0.2365 0.2365 0.214 0.214 0.214 0.2275 0.2275 0.2 0.2 0.1895 0.1895 0.1895 0.2245 0.2245 0.214 0.214 0.2085 0.2085 0.2085 0.1995 0.1995 0.2275 0.2275 0.213 0.213 0.213 0.2115 0.2115 0.2315 0.2315 0.2215 0.2215 0.2215
0.1925 0.1925 0.1925 0.1925 0.2065 0.2065 0.199 0.199 0.193 0.193 0.1885 0.1885 0.1885 0.19 0.19 0.188 0.188 0.194 0.194 0.194 0.1805 0.1805 0.183 0.183 0.2 0.2 0.2 0.2025 0.2025 0.2145 0.2145 0.2115 0.2115 0.2115 0.2145 0.2145 0.219 0.219 0.233 0.233 0.233 0.241 0.241 0.242 0.242 0.2365 0.2365 0.214 0.214 0.214 0.2275 0.2275 0.2 0.2 0.1895 0.1895 0.1895 0.2245 0.2245 0.214 0.214 0.2085 0.2085 0.2085 0.1995 0.1995 0.2275 0.2275 0.213 0.213 0.213 0.2115 0.2115 0.2315 0.2315 0.2215 0.2215 0.2215
0.198 0.1995 0.1995 0.1995 0.18 0.18 0.201 0.201 0.1885 0.1885 0.1785 0.1785 0.1785 0.1885 0.1885 0.219 0.219 0.2405 0.2405 0.2405 0.227 0.227 0.2015 0.2015 0.199 0.199 0.199 0.207 0.207 0.218 0.218 0.21 0.21 0.21 0.208 0.208 0.219 0.219 0.2305 0.2305 0.2305 0.222 0.222 0.2215 0.2215 0.224 0.224 0.2225 0.2225 0.2225 0.2 0.2 0.19 0.19 0.1605 0.1605 0.1605 0.177 0.177 0.1915 0.1915 0.1845 0.1845 0.1845 0.182 0.182 0.1835 0.1835 0.204 0.204 0.204 0.2075 0.2075 0.2065 0.2065 0.206 0.206 0.206
0.198 0.1995 0.1995 0.1995 0.18 0.18 0.201 0.201 0.1885 0.1885 0.1785 0.1785 0.1785 0.1885 0.1885 0.219 0.219 0.2405 0.2405 0.2405 0.227 0.227 0.2015 0.2015 0.199 0.199 0.199 0.207 0.207 0.218 0.218 0.21 0.21 0.21 0.208 0.208 0.219 0.219 0.2305 0.2305 0.2305 0.222 0.222 0.2215 0.2215 0.224 0.224 0.2225 0.2225 0.2225 0.2 0.2 0.19 0.19 0.1605 0.1605 0.1605 0.177 0.177 0.1915 0.1915 0.1845 0.1845 0.1845 0.182 0.182 0.1835 0.1835 0.204 0.204 0.204 0.2075 0.2075 0.2065 0.2065 0.206 0.206 0.206
0.192 0.1725 0.1725 0.1725 0.1735 0.1735 0.191 0.191 0.2085 0.2085 0.2145 0.2145 0.2145 0.2115 0.2115 0.217 0.217 0.2315 0.2315 0.2315 0.2205 0.2205 0.2065 0.2065 0.2165 0.2165 0.2165 0.2005 0.2005 0.2 0.2 0.2015 0.2015 0.2015 0.197 0.197 0.208 0.208 0.2145 0.2145 0.2145 0.2115 0.2115 0.212 0.212 0.2255 0.2255 0.212 0.212 0.212 0.197 0.197 0.198 0.198 0.182 0.182 0.182 0.1755 0.1755 0.1765 0.1765 0.188 0.188 0.188 0.179 0.179 0.1885 0.1885 0.1845 0.1845 0.1845 0.1935 0.1935 0.2065 0.2065 0.1825 0.1825 0.1825
