ndvi/NOAA-333.asc
ncols         252
nrows         154
xllcorner     -18.017974
yllcorner     13.481982
cellsize      0.035948
NODATA_value  -9999
[rows 0 to 33 of 154, columns 154 to 230 of 252]
0.0595 0.0725 0.0725 0.0775 0.0775 0.0775 0.0825 0.0825 0.0755 0.0755 0.07 0.07 0.0765 0.0765 0.0765 0.08 0.08 0.0795 0.0795 0.0765 0.0765 0.0765 0.08149999 0.08149999 0.0815 0.0815 0.079 0.079 0.079 0.07600001 0.07600001 0.075 0.075 0.078 0.078 0.078 0.072 0.072 0.068 0.068 0.07 0.07 0.07 0.082 0.082 0.08 0.08 0.0755 0.0755 0.0725 0.0725 0.0725 0.073 0.073 0.07099999 0.07099999 0.07449999 0.07449999 0.07449999 0.0755 0.0755 0.078 0.078 0.072 0.072 0.072 0.07099999 0.07099999 0.0695 0.0695 0.07 0.07 0.07 0.064 0.064 0.064 0.064
0.0595 0.0725 0.0725 0.0775 0.0775 0.0775 0.0825 0.0825 0.0755 0.0755 0.07 0.07 0.0765 0.0765 0.0765 0.08 0.08 0.0795 0.0795 0.0765 0.0765 0.0765 0.08149999 0.08149999 0.0815 0.0815 0.079 0.079 0.079 0.07600001 0.07600001 0.075 0.075 0.078 0.078 0.078 0.072 0.072 0.068 0.068 0.07 0.07 0.07 0.082 0.082 0.08 0.08 0.0755 0.0755 0.0725 0.0725 0.0725 0.073 0.073 0.07099999 0.07099999 0.07449999 0.07449999 0.07449999 0.0755 0.0755 0.078 0.078 0.072 0.072 0.072 0.07099999 0.07099999 0.0695 0.0695 0.07 0.07 0.07 0.064 0.064 0.064 0.064
0.07600001 0.072 0.072 0.079 0.079 0.079 0.0705 0.0705 0.0765 0.0765 0.082 0.082 0.0795 0.0795 0.0795 0.07250001 0.07250001 0.077 0.077 0.075 0.075 0.075 0.0835 0.0835 0.082 0.082 0.0785 0.0785 0.0785 0.0775 0.0775 0.0815 0.0815 0.0825 0.0825 0.0825 0.084 0.084 0.089 0.089 0.087 0.087 0.087 0.09100001 0.09100001 0.09 0.09 0.089 0.089 0.0865 0.0865 0.0865 0.085 0.085 0.085 0.085 0.087 0.087 0.087 0.09450001 0.09450001 0.0865 0.0865 0.074 0.074 0.074 0.07250001 0.07250001 0.0695 0.0695 0.066 0.066 0.066 0.067 0.067 0.0585 0.0585
0.07600001 0.072 0.072 0.079 0.079 0.079 0.0705 0.0705 0.0765 0.0765 0.082 0.082 0.0795 0.0795 0.0795 0.07250001 0.07250001 0.077 0.077 0.075 0.075 0.075 0.0835 0.0835 0.082 0.082 0.0785 0.0785 0.0785 0.0775 0.0775 0.0815 0.0815 0.0825 0.0825 0.0825 0.084 0.084 0.089 0.089 0.087 0.087 0.087 0.09100001 0.09100001 0.09 0.09 0.089 0.089 0.0865 0.0865 0.0865 0.085 0.085 0.085 0.085 0.087 0.087 0.087 0.09450001 0.09450001 0.0865 0.0865 0.074 0.074 0.074 0.07250001 0.07250001 0.0695 0.0695 0.066 0.066 0.066 0.067 0.067 0.0585 0.0585
0.07600001 0.072 0.072 0.079 0.079 0.079 0.0705 0.0705 0.0765 0.0765 0.082 0.082 0.0795 0.0795 0.0795 0.07250001 0.07250001 0.077 0.077 0.075 0.075 0.075 0.0835 0.0835 0.082 0.082 0.0785 0.0785 0.0785 0.0775 0.0775 0.0815 0.0815 0.0825 0.0825 0.0825 0.084 0.084 0.089 0.089 0.087 0.087 0.087 0.09100001 0.09100001 0.09 0.09 0.089 0.089 0.0865 0.0865 0.0865 0.085 0.085 0.085 0.085 0.087 0.087 0.087 0.09450001 0.09450001 0.0865 0.0865 0.074 0.074 0.074 0.07250001 0.07250001 0.0695 0.0695 0.066 0.066 0.066 0.067 0.067 0.0585 0.0585
0.07799999 0.077 0.077 0.0715 0.0715 0.0715 0.079 0.079 0.081 0.081 0.075 0.075 0.07449999 0.07449999 0.07449999 0.0765 0.0765 0.08 0.08 0.082 0.082 0.082 0.0825 0.0825 0.0855 0.0855 0.095 0.095 0.095 0.112 0.112 0.1085 0.1085 0.112 0.112 0.112 0.0985 0.0985 0.094 0.094 0.0955 0.0955 0.0955 0.0935 0.0935 0.0925 0.0925 0.087 0.087 0.087 0.087 0.087 0.083 0.083 0.0835 0.0835 0.085 0.085 0.085 0.086 0.086 0.085 0.085 0.0765 0.0765 0.0765 0.0745 0.0745 0.07250001 0.07250001 0.0675 0.0675 0.0675 0.066 0.066 0.0635 0.0635
0.07799999 0.077 0.077 0.0715 0.0715 0.0715 0.079 0.079 0.081 0.081 0.075 0.075 0.07449999 0.07449999 0.07449999 0.0765 0.0765 0.08 0.08 0.082 0.082 0.082 0.0825 0.0825 0.0855 0.0855 0.095 0.095 0.095 0.112 0.112 0.1085 0.1085 0.112 0.112 0.112 0.0985 0.0985 0.094 0.094 0.0955 0.0955 0.0955 0.0935 0.0935 0.0925 0.0925 0.087 0.087 0.087 0.087 0.087 0.083 0.083 0.0835 0.0835 0.085 0.085 0.085 0.086 0.086 0.085 0.085 0.0765 0.0765 0.0765 0.0745 0.0745 0.07250001 0.07250001 0.0675 0.0675 0.0675 0.066 0.066 0.0635 0.0635
0.0775 0.0715 0.0715 0.083 0.083 0.083 0.0855 0.0855 0.0895 0.0895 0.082 0.082 0.08400001 0.08400001 0.08400001 0.0815 0.0815 0.09 0.09 0.0885 0.0885 0.0885 0.0855 0.0855 0.087 0.087 0.09649999 0.09649999 0.09649999 0.1005 0.1005 0.1075 0.1075 0.0975 0.0975 0.0975 0.0935 0.0935 0.0955 0.0955 0.1025 0.1025 0.1025 0.09299999 0.09299999 0.11 0.11 0.09299999 0.09299999 0.09649999 0.09649999 0.09649999 0.095 0.095 0.08400001 0.08400001 0.083 0.083 0.083 0.077 0.077 0.082 0.082 0.0755 0.0755 0.0755 0.0695 0.0695 0.0695 0.0695 0.0675 0.0675 0.0675 0.06900001 0.06900001 0.0675 0.0675
0.0775 0.0715 0.0715 0.083 0.083 0.083 0.0855 0.0855 0.0895 0.0895 0.082 0.082 0.08400001 0.08400001 0.08400001 0.0815 0.0815 0.09 0.09 0.0885 0.0885 0.0885 0.0855 0.0855 0.087 0.087 0.09649999 0.09649999 0.09649999 0.1005 0.1005 0.1075 0.1075 0.0975 0.0975 0.0975 0.0935 0.0935 0.0955 0.0955 0.1025 0.1025 0.1025 0.09299999 0.09299999 0.11 0.11 0.09299999 0.09299999 0.09649999 0.09649999 0.09649999 0.095 0.095 0.08400001 0.08400001 0.083 0.083 0.083 0.077 0.077 0.082 0.082 0.0755 0.0755 0.0755 0.0695 0.0695 0.0695 0.0695 0.0675 0.0675 0.0675 0.06900001 0.06900001 0.0675 0.0675
0.091 0.08149999 0.08149999 0.0885 0.0885 0.0885 0.0875 0.0875 0.087 0.087 0.0935 0.0935 0.08400001 0.08400001 0.08400001 0.097 0.097 0.092 0.092 0.0975 0.0975 0.0975 0.1015 0.1015 0.099 0.099 0.095 0.095 0.095 0.094 0.094 0.1075 0.1075 0.119 0.119 0.119 0.098 0.098 0.09299999 0.09299999 0.0855 0.0855 0.0855 0.0915 0.0915 0.099 0.099 0.0995 0.0995 0.091 0.091 0.091 0.0905 0.0905 0.0835 0.0835 0.0725 0.0725 0.0725 0.0765 0.0765 0.0745 0.0745 0.074 0.074 0.074 0.075 0.075 0.0695 0.0695 0.06900001 0.06900001 0.06900001 0.0695 0.0695 0.0685 0.0685
0.091 0.08149999 0.08149999 0.0885 0.0885 0.0885 0.0875 0.0875 0.087 0.087 0.0935 0.0935 0.08400001 0.08400001 0.08400001 0.097 0.097 0.092 0.092 0.0975 0.0975 0.0975 0.1015 0.1015 0.099 0.099 0.095 0.095 0.095 0.094 0.094 0.1075 0.1075 0.119 0.119 0.119 0.098 0.098 0.09299999 0.09299999 0.0855 0.0855 0.0855 0.0915 0.0915 0.099 0.099 0.0995 0.0995 0.091 0.091 0.091 0.0905 0.0905 0.0835 0.0835 0.0725 0.0725 0.0725 0.0765 0.0765 0.0745 0.0745 0.074 0.074 0.074 0.075 0.075 0.0695 0.0695 0.06900001 0.06900001 0.06900001 0.0695 0.0695 0.0685 0.0685
0.09 0.08750001 0.08750001 0.089 0.089 0.089 0.092 0.092 0.096 0.096 0.0975 0.0975 0.09649999 0.09649999 0.09649999 0.1025 0.1025 0.1025 0.1025 0.1175 0.1175 0.1175 0.115 0.115 0.109 0.109 0.1045 0.1045 0.1045 0.1075 0.1075 0.0995 0.0995 0.091 0.091 0.091 0.0905 0.0905 0.1115 0.1115 0.102 0.102 0.102 0.1035 0.1035 0.0875 0.0875 0.112 0.112 0.0935 0.0935 0.0935 0.0905 0.0905 0.08 0.08 0.085 0.085 0.085 0.07449999 0.07449999 0.0755 0.0755 0.066 0.066 0.066 0.0615 0.0615 0.058 0.058 0.0675 0.0675 0.0675 0.0655 0.0655 0.068 0.068
0.09 0.08750001 0.08750001 0.089 0.089 0.089 0.092 0.092 0.096 0.096 0.0975 0.0975 0.09649999 0.09649999 0.09649999 0.1025 0.1025 0.1025 0.1025 0.1175 0.1175 0.1175 0.115 0.115 0.109 0.109 0.1045 0.1045 0.1045 0.1075 0.1075 0.0995 0.0995 0.091 0.091 0.091 0.0905 0.0905 0.1115 0.1115 0.102 0.102 0.102 0.1035 0.1035 0.0875 0.0875 0.112 0.112 0.0935 0.0935 0.0935 0.0905 0.0905 0.08 0.08 0.085 0.085 0.085 0.07449999 0.07449999 0.0755 0.0755 0.066 0.066 0.066 0.0615 0.0615 0.058 0.058 0.0675 0.0675 0.0675 0.0655 0.0655 0.068 0.068
0.09 0.08750001 0.08750001 0.089 0.089 0.089 0.092 0.092 0.096 0.096 0.0975 0.0975 0.09649999 0.09649999 0.09649999 0.1025 0.1025 0.1025 0.1025 0.1175 0.1175 0.1175 0.115 0.115 0.109 0.109 0.1045 0.1045 0.1045 0.1075 0.1075 0.0995 0.0995 0.091 0.091 0.091 0.0905 0.0905 0.1115 0.1115 0.102 0.102 0.102 0.1035 0.1035 0.0875 0.0875 0.112 0.112 0.0935 0.0935 0.0935 0.0905 0.0905 0.08 0.08 0.085 0.085 0.085 0.07449999 0.07449999 0.0755 0.0755 0.066 0.066 0.066 0.0615 0.0615 0.058 0.058 0.0675 0.0675 0.0675 0.0655 0.0655 0.068 0.068
0.08149999 0.094 0.094 0.086 0.086 0.086 0.0935 0.0935 0.096 0.096 0.097 0.097 0.0995 0.0995 0.0995 0.105 0.105 0.103 0.103 0.1065 0.1065 0.1065 0.1055 0.1055 0.104 0.104 0.1045 0.1045 0.1045 0.1145 0.1145 0.09649999 0.09649999 0.096 0.096 0.096 0.099 0.099 0.0845 0.0845 0.0925 0.0925 0.0925 0.083 0.083 0.094 0.094 0.0825 0.0825 0.0685 0.0685 0.0685 0.075 0.075 0.08050001 0.08050001 0.0795 0.0795 0.0795 0.0675 0.0675 0.0575 0.0575 0.056 0.056 0.056 0.0595 0.0595 0.055 0.055 0.0635 0.0635 0.0635 0.0585 0.0585 0.073 0.073
0.08149999 0.094 0.094 0.086 0.086 0.086 0.0935 0.0935 0.096 0.096 0.097 0.097 0.0995 0.0995 0.0995 0.105 0.105 0.103 0.103 0.1065 0.1065 0.1065 0.1055 0.1055 0.104 0.104 0.1045 0.1045 0.1045 0.1145 0.1145 0.09649999 0.09649999 0.096 0.096 0.096 0.099 0.099 0.0845 0.0845 0.0925 0.0925 0.0925 0.083 0.083 0.094 0.094 0.0825 0.0825 0.0685 0.0685 0.0685 0.075 0.075 0.08050001 0.08050001 0.0795 0.0795 0.0795 0.0675 0.0675 0.0575 0.0575 0.056 0.056 0.056 0.0595 0.0595 0.055 0.055 0.0635 0.0635 0.0635 0.0585 0.0585 0.073 0.073
0.106 0.09299999 0.09299999 0.092 0.092 0.092 0.093 0.093 0.1025 0.1025 0.103 0.103 0.0975 0.0975 0.0975 0.1005 0.1005 0.1095 0.1095 0.096 0.096 0.096 0.097 0.097 0.093 0.093 0.097 0.097 0.097 0.0985 0.0985 0.094 0.094 0.1005 0.1005 0.1005 0.099 0.099 0.063 0.063 0.071 0.071 0.071 0.0755 0.0755 0.043 0.043 0.0326 0.0326 0.0505 0.0505 0.0505 0.066 0.066 0.064 0.064 0.067 0.067 0.067 0.067 0.067 0.0645 0.0645 0.065 0.065 0.065 0.0665 0.0665 0.0605 0.0605 0.061 0.061 0.061 0.069 0.069 0.074 0.074
0.106 0.09299999 0.09299999 0.092 0.092 0.092 0.093 0.093 0.1025 0.1025 0.103 0.103 0.0975 0.0975 0.0975 0.1005 0.1005 0.1095 0.1095 0.096 0.096 0.096 0.097 0.097 0.093 0.093 0.097 0.097 0.097 0.0985 0.0985 0.094 0.094 0.1005 0.1005 0.1005 0.099 0.099 0.063 0.063 0.071 0.071 0.071 0.0755 0.0755 0.043 0.043 0.0326 0.0326 0.0505 0.0505 0.0505 0.066 0.066 0.064 0.064 0.067 0.067 0.067 0.067 0.067 0.0645 0.0645 0.065 0.065 0.065 0.0665 0.0665 0.0605 0.0605 0.061 0.061 0.061 0.069 0.069 0.074 0.074
0.128 0.0895 0.0895 0.0975 0.0975 0.0975 0.1065 0.1065 0.091 0.091 0.091 0.091 0.1 0.1 0.1 0.0985 0.0985 0.1125 0.1125 0.1265 0.1265 0.1265 0.097 0.097 0.08750001 0.08750001 0.105 0.105 0.105 0.072 0.072 0.082 0.082 0.067 0.067 0.067 0.06 0.06 0.0765 0.0765 0.0775 0.0775 0.0775 0.08149999 0.08149999 0.083 0.083 0.08400001 0.08400001 0.0855 0.0855 0.0855 0.073 0.073 0.0705 0.0705 0.0695 0.0695 0.0695 0.065 0.065 0.0645 0.0645 0.054 0.054 0.054 0.061 0.061 0.063 0.063 0.068 0.068 0.068 0.0635 0.0635 0.074 0.074
0.128 0.0895 0.0895 0.0975 0.0975 0.0975 0.1065 0.1065 0.091 0.091 0.091 0.091 0.1 0.1 0.1 0.0985 0.0985 0.1125 0.1125 0.1265 0.1265 0.1265 0.097 0.097 0.08750001 0.08750001 0.105 0.105 0.105 0.072 0.072 0.082 0.082 0.067 0.067 0.067 0.06 0.06 0.0765 0.0765 0.0775 0.0775 0.0775 0.08149999 0.08149999 0.083 0.083 0.08400001 0.08400001 0.0855 0.0855 0.0855 0.073 0.073 0.0705 0.0705 0.0695 0.0695 0.0695 0.065 0.065 0.0645 0.0645 0.054 0.054 0.054 0.061 0.061 0.063 0.063 0.068 0.068 0.068 0.0635 0.0635 0.074 0.074
0.128 0.0895 0.0895 0.0975 0.0975 0.0975 0.1065 0.1065 0.091 0.091 0.091 0.091 0.1 0.1 0.1 0.0985 0.0985 0.1125 0.1125 0.1265 0.1265 0.1265 0.097 0.097 0.08750001 0.08750001 0.105 0.105 0.105 0.072 0.072 0.082 0.082 0.067 0.067 0.067 0.06 0.06 0.0765 0.0765 0.0775 0.0775 0.0775 0.08149999 0.08149999 0.083 0.083 0.08400001 0.08400001 0.0855 0.0855 0.0855 0.073 0.073 0.0705 0.0705 0.0695 0.0695 0.0695 0.065 0.065 0.0645 0.0645 0.054 0.054 0.054 0.061 0.061 0.063 0.063 0.068 0.068 0.068 0.0635 0.0635 0.074 0.074
0.16 0.1325 0.1325 0.117 0.117 0.117 0.0895 0.0895 0.105 0.105 0.0955 0.0955 0.1145 0.1145 0.1145 0.1415 0.1415 0.122 0.122 0.1055 0.1055 0.1055 0.101 0.101 0.094 0.094 0.0865 0.0865 0.0865 0.0765 0.0765 0.0745 0.0745 0.078 0.078 0.078 0.102 0.102 0.0865 0.0865 0.0825 0.0825 0.0825 0.0875 0.0875 0.0885 0.0885 0.08 0.08 0.075 0.075 0.075 0.0765 0.0765 0.073 0.073 0.0715 0.0715 0.0715 0.0695 0.0695 0.07250001 0.07250001 0.059 0.059 0.059 0.061 0.061 0.0665 0.0665 0.0605 0.0605 0.0605 0.065 0.065 0.0695 0.0695
0.16 0.1325 0.1325 0.117 0.117 0.117 0.0895 0.0895 0.105 0.105 0.0955 0.0955 0.1145 0.1145 0.1145 0.1415 0.1415 0.122 0.122 0.1055 0.1055 0.1055 0.101 0.101 0.094 0.094 0.0865 0.0865 0.0865 0.0765 0.0765 0.0745 0.0745 0.078 0.078 0.078 0.102 0.102 0.0865 0.0865 0.0825 0.0825 0.0825 0.0875 0.0875 0.0885 0.0885 0.08 0.08 0.075 0.075 0.075 0.0765 0.0765 0.073 0.073 0.0715 0.0715 0.0715 0.0695 0.0695 0.07250001 0.07250001 0.059 0.059 0.059 0.061 0.061 0.0665 0.0665 0.0605 0.0605 0.0605 0.065 0.065 0.0695 0.0695
0.1305 0.1155 0.1155 0.133 0.133 0.133 0.1305 0.1305 0.1295 0.1295 0.167 0.167 0.1545 0.1545 0.1545 0.1195 0.1195 0.1205 0.1205 0.124 0.124 0.124 0.1275 0.1275 0.1325 0.1325 0.112 0.112 0.112 0.107 0.107 0.096 0.096 0.1025 0.1025 0.1025 0.094 0.094 0.075 0.075 0.078 0.078 0.078 0.0895 0.0895 0.092 0.092 0.0845 0.0845 0.083 0.083 0.083 0.077 0.077 0.0715 0.0715 0.075 0.075 0.075 0.08 0.08 0.079 0.079 0.071 0.071 0.071 0.065 0.065 0.071 0.071 0.0635 0.0635 0.0635 0.064 0.064 0.068 0.068
0.1305 0.1155 0.1155 0.133 0.133 0.133 0.1305 0.1305 0.1295 0.1295 0.167 0.167 0.1545 0.1545 0.1545 0.1195 0.1195 0.1205 0.1205 0.124 0.124 0.124 0.1275 0.1275 0.1325 0.1325 0.112 0.112 0.112 0.107 0.107 0.096 0.096 0.1025 0.1025 0.1025 0.094 0.094 0.075 0.075 0.078 0.078 0.078 0.0895 0.0895 0.092 0.092 0.0845 0.0845 0.083 0.083 0.083 0.077 0.077 0.0715 0.0715 0.075 0.075 0.075 0.08 0.08 0.079 0.079 0.071 0.071 0.071 0.065 0.065 0.071 0.071 0.0635 0.0635 0.0635 0.064 0.064 0.068 0.068
0.121 0.1395 0.1395 0.125 0.125 0.125 0.157 0.157 0.1345 0.1345 0.127 0.127 0.169 0.169 0.169 0.137 0.137 0.1285 0.1285 0.1385 0.1385 0.1385 0.126 0.126 0.125 0.125 0.1205 0.1205 0.1205 0.1125 0.1125 0.1135 0.1135 0.098 0.098 0.098 0.0865 0.0865 0.0815 0.0815 0.0845 0.0845 0.0845 0.0845 0.0845 0.1045 0.1045 0.0955 0.0955 0.101 0.101 0.101 0.0835 0.0835 0.0755 0.0755 0.087 0.087 0.087 0.083 0.083 0.075 0.075 0.074 0.074 0.074 0.0755 0.0755 0.066 0.066 0.06550001 0.06550001 0.06550001 0.068 0.068 0.0795 0.0795
0.121 0.1395 0.1395 0.125 0.125 0.125 0.157 0.157 0.1345 0.1345 0.127 0.127 0.169 0.169 0.169 0.137 0.137 0.1285 0.1285 0.1385 0.1385 0.1385 0.126 0.126 0.125 0.125 0.1205 0.1205 0.1205 0.1125 0.1125 0.1135 0.1135 0.098 0.098 0.098 0.0865 0.0865 0.0815 0.0815 0.0845 0.0845 0.0845 0.0845 0.0845 0.1045 0.1045 0.0955 0.0955 0.101 0.101 0.101 0.0835 0.0835 0.0755 0.0755 0.087 0.087 0.087 0.083 0.083 0.075 0.075 0.074 0.074 0.074 0.0755 0.0755 0.066 0.066 0.06550001 0.06550001 0.06550001 0.068 0.068 0.0795 0.0795
0.121 0.1395 0.1395 0.125 0.125 0.125 0.157 0.157 0.1345 0.1345 0.127 0.127 0.169 0.169 0.169 0.137 0.137 0.1285 0.1285 0.1385 0.1385 0.1385 0.126 0.126 0.125 0.125 0.1205 0.1205 0.1205 0.1125 0.1125 0.1135 0.1135 0.098 0.098 0.098 0.0865 0.0865 0.0815 0.0815 0.0845 0.0845 0.0845 0.0845 0.0845 0.1045 0.1045 0.0955 0.0955 0.101 0.101 0.101 0.0835 0.0835 0.0755 0.0755 0.087 0.087 0.087 0.083 0.083 0.075 0.075 0.074 0.074 0.074 0.0755 0.0755 0.066 0.066 0.06550001 0.06550001 0.06550001 0.068 0.068 0.0795 0.0795
0.1245 0.1155 0.1155 0.0945 0.0945 0.0945 0.126 0.126 0.1575 0.1575 0.124 0.124 0.101 0.101 0.101 0.1225 0.1225 0.12 0.12 0.1255 0.1255 0.1255 0.117 0.117 0.115 0.115 0.1255 0.1255 0.1255 0.1245 0.1245 0.1045 0.1045 0.101 0.101 0.101 0.0905 0.0905 0.091 0.091 0.085 0.085 0.085 0.098 0.098 0.1125 0.1125 0.104 0.104 0.099 0.099 0.099 0.092 0.092 0.0915 0.0915 0.0875 0.0875 0.0875 0.076 0.076 0.089 0.089 0.088 0.088 0.088 0.085 0.085 0.0915 0.0915 0.0895 0.0895 0.0895 0.094 0.094 0.075 0.075
0.1245 0.1155 0.1155 0.0945 0.0945 0.0945 0.126 0.126 0.1575 0.1575 0.124 0.124 0.101 0.101 0.101 0.1225 0.1225 0.12 0.12 0.1255 0.1255 0.1255 0.117 0.117 0.115 0.115 0.1255 0.1255 0.1255 0.1245 0.1245 0.1045 0.1045 0.101 0.101 0.101 0.0905 0.0905 0.091 0.091 0.085 0.085 0.085 0.098 0.098 0.1125 0.1125 0.104 0.104 0.099 0.099 0.099 0.092 0.092 0.0915 0.0915 0.0875 0.0875 0.0875 0.076 0.076 0.089 0.089 0.088 0.088 0.088 0.085 0.085 0.0915 0.0915 0.0895 0.0895 0.0895 0.094 0.094 0.075 0.075
0.1135 0.121 0.121 0.1295 0.1295 0.1295 0.1885 0.1885 0.1265 0.1265 0.1435 0.1435 0.1135 0.1135 0.1135 0.117 0.117 0.109 0.109 0.139 0.139 0.139 0.097 0.097 0.1315 0.1315 0.13 0.13 0.13 0.1215 0.1215 0.108 0.108 0.0975 0.0975 0.0975 0.097 0.097 0.09450001 0.09450001 0.1155 0.1155 0.1155 0.1185 0.1185 0.1185 0.1185 0.1025 0.1025 0.1045 0.1045 0.1045 0.0975 0.0975 0.0905 0.0905 0.088 0.088 0.088 0.0915 0.0915 0.0935 0.0935 0.102 0.102 0.102 0.118 0.118 0.1 0.1 0.09299999 0.09299999 0.09299999 0.08400001 0.08400001 0.083 0.083
0.1135 0.121 0.121 0.1295 0.1295 0.1295 0.1885 0.1885 0.1265 0.1265 0.1435 0.1435 0.1135 0.1135 0.1135 0.117 0.117 0.109 0.109 0.139 0.139 0.139 0.097 0.097 0.1315 0.1315 0.13 0.13 0.13 0.1215 0.1215 0.108 0.108 0.0975 0.0975 0.0975 0.097 0.097 0.09450001 0.09450001 0.1155 0.1155 0.1155 0.1185 0.1185 0.1185 0.1185 0.1025 0.1025 0.1045 0.1045 0.1045 0.0975 0.0975 0.0905 0.0905 0.088 0.088 0.088 0.0915 0.0915 0.0935 0.0935 0.102 0.102 0.102 0.118 0.118 0.1 0.1 0.09299999 0.09299999 0.09299999 0.08400001 0.08400001 0.083 0.083
0.276 0.151 0.151 0.15 0.15 0.15 0.1935 0.1935 0.135 0.135 0.1165 0.1165 0.1275 0.1275 0.1275 0.141 0.141 0.147 0.147 0.1635 0.1635 0.1635 0.141 0.141 0.135 0.135 0.114 0.114 0.114 0.111 0.111 0.1315 0.1315 0.081 0.081 0.081 0.117 0.117 0.084 0.084 0.1255 0.1255 0.1255 0.14 0.14 0.1625 0.1625 0.172 0.172 0.156 0.156 0.156 0.114 0.114 0.094 0.094 0.108 0.108 0.108 0.094 0.094 0.0955 0.0955 0.113 0.113 0.113 0.1155 0.1155 0.094 0.094 0.106 0.106 0.106 0.0955 0.0955 0.09 0.09
0.276 0.151 0.151 0.15 0.15 0.15 0.1935 0.1935 0.135 0.135 0.1165 0.1165 0.1275 0.1275 0.1275 0.141 0.141 0.147 0.147 0.1635 0.1635 0.1635 0.141 0.141 0.135 0.135 0.114 0.114 0.114 0.111 0.111 0.1315 0.1315 0.081 0.081 0.081 0.117 0.117 0.084 0.084 0.1255 0.1255 0.1255 0.14 0.14 0.1625 0.1625 0.172 0.172 0.156 0.156 0.156 0.114 0.114 0.094 0.094 0.108 0.108 0.108 0.094 0.094 0.0955 0.0955 0.113 0.113 0.113 0.1155 0.1155 0.094 0.094 0.106 0.106 0.106 0.0955 0.0955 0.09 0.09
