ndvi/NOAA-230.asc
ncols         252
nrows         154
xllcorner     -18.017974
yllcorner     13.481982
cellsize      0.035948
NODATA_value  -9999
[rows 105 to 139 of 154, columns 0 to 76 of 252]
-1 -1 -1 -1 -1 -1 -1 -1 -1 -1 -1 -1 -1 -1 -1 -1 -1 -1 -1 -1 -1 -1 -1 0.0425 0.0425 0.1935 0.1935 0.1935 0.298 0.298 0.2955 0.2955 0.2695 0.2695 0.2695 0.261 0.261 0.273 0.273 0.282 0.282 0.282 0.2735 0.2735 0.2705 0.2705 0.25 0.25 0.25 0.2545 0.2545 0.259 0.259 0.2565 0.2565 0.2635 0.2635 0.2635 0.27 0.27 0.2705 0.2705 0.2705 0.2705 0.2705 0.2695 0.2695 0.269 0.269 0.2615 0.2615 0.2615 0.263 0.263 0.2495 0.2495 0.2405
-1 -1 -1 -1 -1 -1 -1 -1 -1 -1 -1 -1 -1 -1 -1 -1 -1 -1 -1 -1 -1 0.02 0.02 0.161 0.161 0.3075 0.3075 0.3075 0.3055 0.3055 0.302 0.302 0.2835 0.2835 0.2835 0.274 0.274 0.278 0.278 0.281 0.281 0.281 0.277 0.277 0.273 0.273 0.2615 0.2615 0.2615 0.2635 0.2635 0.2705 0.2705 0.2635 0.2635 0.2685 0.2685 0.2685 0.2585 0.2585 0.2635 0.2635 0.2635 0.2635 0.2635 0.2735 0.2735 0.2895 0.2895 0.2735 0.2735 0.2735 0.268 0.268 0.2665 0.2665 0.2565
-1 -1 -1 -1 -1 -1 -1 -1 -1 -1 -1 -1 -1 -1 -1 -1 -1 -1 -1 -1 -1 0.02 0.02 0.161 0.161 0.3075 0.3075 0.3075 0.3055 0.3055 0.302 0.302 0.2835 0.2835 0.2835 0.274 0.274 0.278 0.278 0.281 0.281 0.281 0.277 0.277 0.273 0.273 0.2615 0.2615 0.2615 0.2635 0.2635 0.2705 0.2705 0.2635 0.2635 0.2685 0.2685 0.2685 0.2585 0.2585 0.2635 0.2635 0.2635 0.2635 0.2635 0.2735 0.2735 0.2895 0.2895 0.2735 0.2735 0.2735 0.268 0.268 0.2665 0.2665 0.2565
-1 -1 -1 -1 -1 -1 -1 -1 -1 -1 -1 -1 -1 -1 -1 -1 -1 -1 -1 -1 -1 0.141 0.141 0.302 0.302 0.309 0.309 0.309 0.308 0.308 0.296 0.296 0.2835 0.2835 0.2835 0.2875 0.2875 0.2795 0.2795 0.281 0.281 0.281 0.2885 0.2885 0.285 0.285 0.2745 0.2745 0.2745 0.271 0.271 0.288 0.288 0.259 0.259 0.2695 0.2695 0.2695 0.2575 0.2575 0.2685 0.2685 0.2685 0.2685 0.2685 0.2675 0.2675 0.2725 0.2725 0.277 0.277 0.277 0.2815 0.2815 0.2565 0.2565 0.2645
-1 -1 -1 -1 -1 -1 -1 -1 -1 -1 -1 -1 -1 -1 -1 -1 -1 -1 -1 -1 -1 0.141 0.141 0.302 0.302 0.309 0.309 0.309 0.308 0.308 0.296 0.296 0.2835 0.2835 0.2835 0.2875 0.2875 0.2795 0.2795 0.281 0.281 0.281 0.2885 0.2885 0.285 0.285 0.2745 0.2745 0.2745 0.271 0.271 0.288 0.288 0.259 0.259 0.2695 0.2695 0.2695 0.2575 0.2575 0.2685 0.2685 0.2685 0.2685 0.2685 0.2675 0.2675 0.2725 0.2725 0.277 0.277 0.277 0.2815 0.2815 0.2565 0.2565 0.2645
-1 -1 -1 -1 -1 -1 -1 -1 -1 -1 -1 -1 -1 -1 -1 -1 -1 -1 0.1441 0.1441 0.1441 0.32 0.32 0.3145 0.3145 0.323 0.323 0.323 0.315 0.315 0.297 0.297 0.2815 0.2815 0.2815 0.2825 0.2825 0.283 0.283 0.2745 0.2745 0.2745 0.29 0.29 0.2895 0.2895 0.2785 0.2785 0.2785 0.287 0.287 0.283 0.283 0.284 0.284 0.255 0.255 0.255 0.2525 0.2525 0.2645 0.2645 0.2645 0.2645 0.2645 0.252 0.252 0.2525 0.2525 0.2575 0.2575 0.2575 0.268 0.268 0.2535 0.2535 0.2605
-1 -1 -1 -1 -1 -1 -1 -1 -1 -1 -1 -1 -1 -1 -1 -1 -1 -1 0.1441 0.1441 0.1441 0.32 0.32 0.3145 0.3145 0.323 0.323 0.323 0.315 0.315 0.297 0.297 0.2815 0.2815 0.2815 0.2825 0.2825 0.283 0.283 0.2745 0.2745 0.2745 0.29 0.29 0.2895 0.2895 0.2785 0.2785 0.2785 0.287 0.287 0.283 0.283 0.284 0.284 0.255 0.255 0.255 0.2525 0.2525 0.2645 0.2645 0.2645 0.2645 0.2645 0.252 0.252 0.2525 0.2525 0.2575 0.2575 0.2575 0.268 0.268 0.2535 0.2535 0.2605
-1 -1 -1 -1 -1 -1 -1 -1 -1 -1 -1 -1 -1 -1 -1 -1 -1 -1 0.1441 0.1441 0.1441 0.32 0.32 0.3145 0.3145 0.323 0.323 0.323 0.315 0.315 0.297 0.297 0.2815 0.2815 0.2815 0.2825 0.2825 0.283 0.283 0.2745 0.2745 0.2745 0.29 0.29 0.2895 0.2895 0.2785 0.2785 0.2785 0.287 0.287 0.283 0.283 0.284 0.284 0.255 0.255 0.255 0.2525 0.2525 0.2645 0.2645 0.2645 0.2645 0.2645 0.252 0.252 0.2525 0.2525 0.2575 0.2575 0.2575 0.268 0.268 0.2535 0.2535 0.2605
-1 -1 -1 -1 -1 -1 -1 -1 -1 -1 -1 -1 -1 -1 -1 -1 0.2501 0.2501 0.332 0.332 0.332 0.349 0.349 0.3255 0.3255 0.3165 0.3165 0.3165 0.32 0.32 0.3095 0.3095 0.288 0.288 0.288 0.2895 0.2895 0.281 0.281 0.293 0.293 0.293 0.28 0.28 0.283 0.283 0.28 0.28 0.28 0.281 0.281 0.2905 0.2905 0.2885 0.2885 0.278 0.278 0.278 0.277 0.277 0.281 0.281 0.281 0.281 0.281 0.2775 0.2775 0.271 0.271 0.26 0.26 0.26 0.2525 0.2525 0.2555 0.2555 0.239
-1 -1 -1 -1 -1 -1 -1 -1 -1 -1 -1 -1 -1 -1 -1 -1 0.2501 0.2501 0.332 0.332 0.332 0.349 0.349 0.3255 0.3255 0.3165 0.3165 0.3165 0.32 0.32 0.3095 0.3095 0.288 0.288 0.288 0.2895 0.2895 0.281 0.281 0.293 0.293 0.293 0.28 0.28 0.283 0.283 0.28 0.28 0.28 0.281 0.281 0.2905 0.2905 0.2885 0.2885 0.278 0.278 0.278 0.277 0.277 0.281 0.281 0.281 0.281 0.281 0.2775 0.2775 0.271 0.271 0.26 0.26 0.26 0.2525 0.2525 0.2555 0.2555 0.239
-1 -1 -1 -1 -1 -1 -1 -1 -1 -1 -1 -1 0.207 0.207 0.165 0.165 0.195 0.195 0.2945 0.2945 0.2945 0.3225 0.3225 0.326 0.326 0.323 0.323 0.323 0.327 0.327 0.314 0.314 0.2985 0.2985 0.2985 0.2975 0.2975 0.2855 0.2855 0.294 0.294 0.294 0.2895 0.2895 0.277 0.277 0.2705 0.2705 0.2705 0.267 0.267 0.2865 0.2865 0.28 0.28 0.2685 0.2685 0.2685 0.279 0.279 0.2875 0.2875 0.2875 0.2875 0.2875 0.2785 0.2785 0.2675 0.2675 0.257 0.257 0.257 0.253 0.253 0.2555 0.2555 0.253
-1 -1 -1 -1 -1 -1 -1 -1 -1 -1 -1 -1 0.207 0.207 0.165 0.165 0.195 0.195 0.2945 0.2945 0.2945 0.3225 0.3225 0.326 0.326 0.323 0.323 0.323 0.327 0.327 0.314 0.314 0.2985 0.2985 0.2985 0.2975 0.2975 0.2855 0.2855 0.294 0.294 0.294 0.2895 0.2895 0.277 0.277 0.2705 0.2705 0.2705 0.267 0.267 0.2865 0.2865 0.28 0.28 0.2685 0.2685 0.2685 0.279 0.279 0.2875 0.2875 0.2875 0.2875 0.2875 0.2785 0.2785 0.2675 0.2675 0.257 0.257 0.257 0.253 0.253 0.2555 0.2555 0.253
-1 -1 -1 -1 -1 -1 -1 -1 -1 0.1757 0.1757 0.1757 0.1071 0.1071 0.1402 0.1402 0.1657 0.1657 0.067 0.067 0.067 0.2795 0.2795 0.334 0.334 0.325 0.325 0.325 0.3165 0.3165 0.31 0.31 0.2965 0.2965 0.2965 0.286 0.286 0.302 0.302 0.281 0.281 0.281 0.291 0.291 0.2865 0.2865 0.2735 0.2735 0.2735 0.271 0.271 0.277 0.277 0.2775 0.2775 0.2525 0.2525 0.2525 0.264 0.264 0.286 0.286 0.286 0.286 0.286 0.2755 0.2755 0.2615 0.2615 0.264 0.264 0.264 0.2705 0.2705 0.2705 0.2705 0.252
-1 -1 -1 -1 -1 -1 -1 -1 -1 0.1757 0.1757 0.1757 0.1071 0.1071 0.1402 0.1402 0.1657 0.1657 0.067 0.067 0.067 0.2795 0.2795 0.334 0.334 0.325 0.325 0.325 0.3165 0.3165 0.31 0.31 0.2965 0.2965 0.2965 0.286 0.286 0.302 0.302 0.281 0.281 0.281 0.291 0.291 0.2865 0.2865 0.2735 0.2735 0.2735 0.271 0.271 0.277 0.277 0.2775 0.2775 0.2525 0.2525 0.2525 0.264 0.264 0.286 0.286 0.286 0.286 0.286 0.2755 0.2755 0.2615 0.2615 0.264 0.264 0.264 0.2705 0.2705 0.2705 0.2705 0.252
-1 -1 -1 -1 -1 -1 -1 -1 -1 0.1757 0.1757 0.1757 0.1071 0.1071 0.1402 0.1402 0.1657 0.1657 0.067 0.067 0.067 0.2795 0.2795 0.334 0.334 0.325 0.325 0.325 0.3165 0.3165 0.31 0.31 0.2965 0.2965 0.2965 0.286 0.286 0.302 0.302 0.281 0.281 0.281 0.291 0.291 0.2865 0.2865 0.2735 0.2735 0.2735 0.271 0.271 0.277 0.277 0.2775 0.2775 0.2525 0.2525 0.2525 0.264 0.264 0.286 0.286 0.286 0.286 0.286 0.2755 0.2755 0.2615 0.2615 0.264 0.264 0.264 0.2705 0.2705 0.2705 0.2705 0.252
-1 -1 -1 -1 -1 -1 -1 -1 -1 -1 -1 -1 0.1467 0.1467 0.1727 0.1727 0.1892 0.1892 0.1476 0.1476 0.1476 0.29 0.29 0.3 0.3 0.344 0.344 0.344 0.313 0.313 0.306 0.306 0.293 0.293 0.293 0.29 0.29 0.278 0.278 0.2785 0.2785 0.2785 0.2915 0.2915 0.2755 0.2755 0.2815 0.2815 0.2815 0.279 0.279 0.2825 0.2825 0.272 0.272 0.2565 0.2565 0.2565 0.261 0.261 0.2685 0.2685 0.2685 0.2685 0.2685 0.26 0.26 0.2665 0.2665 0.2645 0.2645 0.2645 0.2825 0.2825 0.28 0.28 0.246
-1 -1 -1 -1 -1 -1 -1 -1 -1 -1 -1 -1 0.1467 0.1467 0.1727 0.1727 0.1892 0.1892 0.1476 0.1476 0.1476 0.29 0.29 0.3 0.3 0.344 0.344 0.344 0.313 0.313 0.306 0.306 0.293 0.293 0.293 0.29 0.29 0.278 0.278 0.2785 0.2785 0.2785 0.2915 0.2915 0.2755 0.2755 0.2815 0.2815 0.2815 0.279 0.279 0.2825 0.2825 0.272 0.272 0.2565 0.2565 0.2565 0.261 0.261 0.2685 0.2685 0.2685 0.2685 0.2685 0.26 0.26 0.2665 0.2665 0.2645 0.2645 0.2645 0.2825 0.2825 0.28 0.28 0.246
-1 -1 -1 -1 -1 -1 -1 -1 -1 -1 -1 -1 -1 -1 -1 -1 -1 -1 0.1827 0.1827 0.1827 0.1845 0.1845 0.293 0.293 0.3015 0.3015 0.3015 0.311 0.311 0.328 0.328 0.3 0.3 0.3 0.2835 0.2835 0.285 0.285 0.2915 0.2915 0.2915 0.273 0.273 0.272 0.272 0.2895 0.2895 0.2895 0.2905 0.2905 0.29 0.29 0.273 0.273 0.2675 0.2675 0.2675 0.2735 0.2735 0.2625 0.2625 0.2625 0.2625 0.2625 0.26 0.26 0.268 0.268 0.2895 0.2895 0.2895 0.2865 0.2865 0.2705 0.2705 0.262
-1 -1 -1 -1 -1 -1 -1 -1 -1 -1 -1 -1 -1 -1 -1 -1 -1 -1 0.1827 0.1827 0.1827 0.1845 0.1845 0.293 0.293 0.3015 0.3015 0.3015 0.311 0.311 0.328 0.328 0.3 0.3 0.3 0.2835 0.2835 0.285 0.285 0.2915 0.2915 0.2915 0.273 0.273 0.272 0.272 0.2895 0.2895 0.2895 0.2905 0.2905 0.29 0.29 0.273 0.273 0.2675 0.2675 0.2675 0.2735 0.2735 0.2625 0.2625 0.2625 0.2625 0.2625 0.26 0.26 0.268 0.268 0.2895 0.2895 0.2895 0.2865 0.2865 0.2705 0.2705 0.262
-1 -1 -1 -1 -1 -1 -1 -1 -1 -1 -1 -1 -1 -1 -1 -1 -1 -1 -1 -1 -1 0.2392 0.2392 0.1465 0.1465 0.3045 0.3045 0.3045 0.3155 0.3155 0.329 0.329 0.3025 0.3025 0.3025 0.284 0.284 0.2825 0.2825 0.2755 0.2755 0.2755 0.2715 0.2715 0.281 0.281 0.293 0.293 0.293 0.291 0.291 0.285 0.285 0.272 0.272 0.278 0.278 0.278 0.281 0.281 0.287 0.287 0.287 0.287 0.287 0.258 0.258 0.2575 0.2575 0.2735 0.2735 0.2735 0.2735 0.2735 0.2855 0.2855 0.2905
-1 -1 -1 -1 -1 -1 -1 -1 -1 -1 -1 -1 -1 -1 -1 -1 -1 -1 -1 -1 -1 0.2392 0.2392 0.1465 0.1465 0.3045 0.3045 0.3045 0.3155 0.3155 0.329 0.329 0.3025 0.3025 0.3025 0.284 0.284 0.2825 0.2825 0.2755 0.2755 0.2755 0.2715 0.2715 0.281 0.281 0.293 0.293 0.293 0.291 0.291 0.285 0.285 0.272 0.272 0.278 0.278 0.278 0.281 0.281 0.287 0.287 0.287 0.287 0.287 0.258 0.258 0.2575 0.2575 0.2735 0.2735 0.2735 0.2735 0.2735 0.2855 0.2855 0.2905
-1 -1 -1 -1 -1 -1 -1 -1 -1 -1 -1 -1 -1 -1 -1 -1 -1 -1 -1 -1 -1 0.1512 0.1512 0.123 0.123 0.221 0.221 0.221 0.2955 0.2955 0.309 0.309 0.313 0.313 0.313 0.341 0.341 0.291 0.291 0.262 0.262 0.262 0.237 0.237 0.2715 0.2715 0.2865 0.2865 0.2865 0.2805 0.2805 0.2965 0.2965 0.2795 0.2795 0.2995 0.2995 0.2995 0.2955 0.2955 0.2885 0.2885 0.2885 0.2885 0.2885 0.2695 0.2695 0.273 0.273 0.274 0.274 0.274 0.2805 0.2805 0.275 0.275 0.269
-1 -1 -1 -1 -1 -1 -1 -1 -1 -1 -1 -1 -1 -1 -1 -1 -1 -1 -1 -1 -1 0.1512 0.1512 0.123 0.123 0.221 0.221 0.221 0.2955 0.2955 0.309 0.309 0.313 0.313 0.313 0.341 0.341 0.291 0.291 0.262 0.262 0.262 0.237 0.237 0.2715 0.2715 0.2865 0.2865 0.2865 0.2805 0.2805 0.2965 0.2965 0.2795 0.2795 0.2995 0.2995 0.2995 0.2955 0.2955 0.2885 0.2885 0.2885 0.2885 0.2885 0.2695 0.2695 0.273 0.273 0.274 0.274 0.274 0.2805 0.2805 0.275 0.275 0.269
-1 -1 -1 -1 -1 -1 -1 -1 -1 -1 -1 -1 -1 -1 -1 -1 -1 -1 -1 -1 -1 0.1512 0.1512 0.123 0.123 0.221 0.221 0.221 0.2955 0.2955 0.309 0.309 0.313 0.313 0.313 0.341 0.341 0.291 0.291 0.262 0.262 0.262 0.237 0.237 0.2715 0.2715 0.2865 0.2865 0.2865 0.2805 0.2805 0.2965 0.2965 0.2795 0.2795 0.2995 0.2995 0.2995 0.2955 0.2955 0.2885 0.2885 0.2885 0.2885 0.2885 0.2695 0.2695 0.273 0.273 0.274 0.274 0.274 0.2805 0.2805 0.275 0.275 0.269
-1 -1 -1 -1 -1 -1 -1 -1 -1 -1 -1 -1 -1 -1 -1 -1 -1 -1 -1 -1 -1 -1 -1 0.2092 0.2092 0.074 0.074 0.074 0.3135 0.3135 0.326 0.326 0.325 0.325 0.325 0.32 0.32 0.2375 0.2375 0.1755 0.1755 0.1755 0.215 0.215 0.2555 0.2555 0.268 0.268 0.268 0.279 0.279 0.2975 0.2975 0.302 0.302 0.297 0.297 0.297 0.3145 0.3145 0.287 0.287 0.287 0.287 0.287 0.2705 0.2705 0.279 0.279 0.2545 0.2545 0.2545 0.2685 0.2685 0.2755 0.2755 0.2825
-1 -1 -1 -1 -1 -1 -1 -1 -1 -1 -1 -1 -1 -1 -1 -1 -1 -1 -1 -1 -1 -1 -1 0.2092 0.2092 0.074 0.074 0.074 0.3135 0.3135 0.326 0.326 0.325 0.325 0.325 0.32 0.32 0.2375 0.2375 0.1755 0.1755 0.1755 0.215 0.215 0.2555 0.2555 0.268 0.268 0.268 0.279 0.279 0.2975 0.2975 0.302 0.302 0.297 0.297 0.297 0.3145 0.3145 0.287 0.287 0.287 0.287 0.287 0.2705 0.2705 0.279 0.279 0.2545 0.2545 0.2545 0.2685 0.2685 0.2755 0.2755 0.2825
-1 -1 -1 -1 -1 -1 -1 -1 -1 -1 -1 -1 -1 -1 -1 -1 -1 -1 -1 -1 -1 -1 -1 -1 -1 0.0915 0.0915 0.0915 0.1885 0.1885 0.319 0.319 0.305 0.305 0.305 0.225 0.225 0.162 0.162 0.149 0.149 0.149 0.2535 0.2535 0.233 0.233 0.2725 0.2725 0.2725 0.264 0.264 0.2785 0.2785 0.286 0.286 0.283 0.283 0.283 0.279 0.279 0.279 0.279 0.279 0.279 0.279 0.266 0.266 0.2815 0.2815 0.275 0.275 0.275 0.267 0.267 0.264 0.264 0.2735
-1 -1 -1 -1 -1 -1 -1 -1 -1 -1 -1 -1 -1 -1 -1 -1 -1 -1 -1 -1 -1 -1 -1 -1 -1 0.0915 0.0915 0.0915 0.1885 0.1885 0.319 0.319 0.305 0.305 0.305 0.225 0.225 0.162 0.162 0.149 0.149 0.149 0.2535 0.2535 0.233 0.233 0.2725 0.2725 0.2725 0.264 0.264 0.2785 0.2785 0.286 0.286 0.283 0.283 0.283 0.279 0.279 0.279 0.279 0.279 0.279 0.279 0.266 0.266 0.2815 0.2815 0.275 0.275 0.275 0.267 0.267 0.264 0.264 0.2735
-1 -1 -1 -1 -1 -1 -1 -1 -1 -1 -1 -1 -1 -1 -1 -1 -1 -1 -1 -1 -1 -1 -1 -1 -1 0.1192 0.1192 0.1192 0.1405 0.1405 0.2405 0.2405 0.261 0.261 0.261 0.2455 0.2455 0.1675 0.1675 0.261 0.261 0.261 0.2685 0.2685 0.2895 0.2895 0.3045 0.3045 0.3045 0.2345 0.2345 0.2925 0.2925 0.296 0.296 0.272 0.272 0.272 0.2745 0.2745 0.2755 0.2755 0.2755 0.2755 0.2755 0.274 0.274 0.275 0.275 0.269 0.269 0.269 0.269 0.269 0.268 0.268 0.271
-1 -1 -1 -1 -1 -1 -1 -1 -1 -1 -1 -1 -1 -1 -1 -1 -1 -1 -1 -1 -1 -1 -1 -1 -1 0.1192 0.1192 0.1192 0.1405 0.1405 0.2405 0.2405 0.261 0.261 0.261 0.2455 0.2455 0.1675 0.1675 0.261 0.261 0.261 0.2685 0.2685 0.2895 0.2895 0.3045 0.3045 0.3045 0.2345 0.2345 0.2925 0.2925 0.296 0.296 0.272 0.272 0.272 0.2745 0.2745 0.2755 0.2755 0.2755 0.2755 0.2755 0.274 0.274 0.275 0.275 0.269 0.269 0.269 0.269 0.269 0.268 0.268 0.271
-1 -1 -1 -1 -1 -1 -1 -1 -1 -1 -1 -1 -1 -1 -1 -1 -1 -1 -1 -1 -1 -1 -1 -1 -1 0.1192 0.1192 0.1192 0.1405 0.1405 0.2405 0.2405 0.261 0.261 0.261 0.2455 0.2455 0.1675 0.1675 0.261 0.261 0.261 0.2685 0.2685 0.2895 0.2895 0.3045 0.3045 0.3045 0.2345 0.2345 0.2925 0.2925 0.296 0.296 0.272 0.272 0.272 0.2745 0.2745 0.2755 0.2755 0.2755 0.2755 0.2755 0.274 0.274 0.275 0.275 0.269 0.269 0.269 0.269 0.269 0.268 0.268 0.271
-1 -1 -1 -1 -1 -1 -1 -1 -1 -1 -1 -1 -1 -1 -1 -1 -1 -1 -1 -1 -1 -1 -1 -1 -1 -1 -1 -1 0.049 0.049 0.1995 0.1995 0.257 0.257 0.257 0.295 0.295 0.365 0.365 0.321 0.321 0.321 0.304 0.304 0.2965 0.2965 0.302 0.302 0.302 0.285 0.285 0.2935 0.2935 0.314 0.314 0.295 0.295 0.295 0.29 0.29 0.2945 0.2945 0.2945 0.2945 0.2945 0.289 0.289 0.281 0.281 0.28 0.28 0.28 0.2775 0.2775 0.265 0.265 0.2635
-1 -1 -1 -1 -1 -1 -1 -1 -1 -1 -1 -1 -1 -1 -1 -1 -1 -1 -1 -1 -1 -1 -1 -1 -1 -1 -1 -1 0.049 0.049 0.1995 0.1995 0.257 0.257 0.257 0.295 0.295 0.365 0.365 0.321 0.321 0.321 0.304 0.304 0.2965 0.2965 0.302 0.302 0.302 0.285 0.285 0.2935 0.2935 0.314 0.314 0.295 0.295 0.295 0.29 0.29 0.2945 0.2945 0.2945 0.2945 0.2945 0.289 0.289 0.281 0.281 0.28 0.28 0.28 0.2775 0.2775 0.265 0.265 0.2635
-1 -1 -1 -1 -1 -1 -1 -1 -1 -1 -1 -1 -1 -1 -1 -1 -1 -1 -1 -1 -1 -1 -1 -1 -1 -1 -1 -1 0.0207 0.0207 0.3815 0.3815 0.4505 0.4505 0.4505 0.4726 0.4726 0.4165 0.4165 0.341 0.341 0.341 0.33 0.33 0.309 0.309 0.3005 0.3005 0.3005 0.2985 0.2985 0.2915 0.2915 0.2925 0.2925 0.2975 0.2975 0.2975 0.296 0.296 0.282 0.282 0.282 0.282 0.282 0.282 0.282 0.31 0.31 0.306 0.306 0.306 0.2845 0.2845 0.2795 0.2795 0.273
-1 -1 -1 -1 -1 -1 -1 -1 -1 -1 -1 -1 -1 -1 -1 -1 -1 -1 -1 -1 -1 -1 -1 -1 -1 -1 -1 -1 0.0207 0.0207 0.3815 0.3815 0.4505 0.4505 0.4505 0.4726 0.4726 0.4165 0.4165 0.341 0.341 0.341 0.33 0.33 0.309 0.309 0.3005 0.3005 0.3005 0.2985 0.2985 0.2915 0.2915 0.2925 0.2925 0.2975 0.2975 0.2975 0.296 0.296 0.282 0.282 0.282 0.282 0.282 0.282 0.282 0.31 0.31 0.306 0.306 0.306 0.2845 0.2845 0.2795 0.2795 0.273
