ndvi/NOAA-368.asc
ncols         252
nrows         154
xllcorner     -18.017974
yllcorner     13.481982
cellsize      0.035948
NODATA_value  -9999
[rows 70 to 104 of 154, columns 0 to 76 of 252]
-1 -1 -1 -1 -1 -1 -1 -1 -1 -1 -1 -1 -1 -1 -1 -1 -1 -1 -1 -1 -1 -1 -1 -1 -1 -1 -1 -1 -1 -1 -1 -1 -1 -1 -1 -1 -1 -1 -1 0.18 0.18 0.18 0.3325 0.3325 0.276 0.276 0.2565 0.2565 0.2565 0.243 0.243 0.262 0.262 0.3255 0.3255 0.3425 0.3425 0.3425 0.431 0.431 0.552 0.552 0.552 0.552 0.552 0.4835 0.4835 0.47 0.47 0.4535 0.4535 0.4535 0.4615 0.4615 0.4085 0.4085 0.3665
-1 -1 -1 -1 -1 -1 -1 -1 -1 -1 -1 -1 -1 -1 -1 -1 -1 -1 -1 -1 -1 -1 -1 -1 -1 -1 -1 -1 -1 -1 -1 -1 -1 -1 -1 -1 -1 0.094 0.094 0.152 0.152 0.152 0.346 0.346 0.305 0.305 0.3065 0.3065 0.3065 0.301 0.301 0.279 0.279 0.2895 0.2895 0.2825 0.2825 0.2825 0.425 0.425 0.4705 0.4705 0.4705 0.4705 0.4705 0.4585 0.4585 0.398 0.398 0.473 0.473 0.473 0.501 0.501 0.4335 0.4335 0.442
-1 -1 -1 -1 -1 -1 -1 -1 -1 -1 -1 -1 -1 -1 -1 -1 -1 -1 -1 -1 -1 -1 -1 -1 -1 -1 -1 -1 -1 -1 -1 -1 -1 -1 -1 -1 -1 0.094 0.094 0.152 0.152 0.152 0.346 0.346 0.305 0.305 0.3065 0.3065 0.3065 0.301 0.301 0.279 0.279 0.2895 0.2895 0.2825 0.2825 0.2825 0.425 0.425 0.4705 0.4705 0.4705 0.4705 0.4705 0.4585 0.4585 0.398 0.398 0.473 0.473 0.473 0.501 0.501 0.4335 0.4335 0.442
-1 -1 -1 -1 -1 -1 -1 -1 -1 -1 -1 -1 -1 -1 -1 -1 -1 -1 -1 -1 -1 -1 -1 -1 -1 -1 -1 -1 -1 -1 -1 -1 -1 -1 -1 -1 -1 0.094 0.094 0.152 0.152 0.152 0.346 0.346 0.305 0.305 0.3065 0.3065 0.3065 0.301 0.301 0.279 0.279 0.2895 0.2895 0.2825 0.2825 0.2825 0.425 0.425 0.4705 0.4705 0.4705 0.4705 0.4705 0.4585 0.4585 0.398 0.398 0.473 0.473 0.473 0.501 0.501 0.4335 0.4335 0.442
-1 -1 -1 -1 -1 -1 -1 -1 -1 -1 -1 -1 -1 -1 -1 -1 -1 -1 -1 -1 -1 -1 -1 -1 -1 -1 -1 -1 -1 -1 -1 -1 -1 -1 -1 -1 -1 0.059 0.059 0.145 0.145 0.145 0.313 0.313 0.3275 0.3275 0.3075 0.3075 0.3075 0.326 0.326 0.197 0.197 0.272 0.272 0.2575 0.2575 0.2575 0.3285 0.3285 0.3995 0.3995 0.3995 0.3995 0.3995 0.4275 0.4275 0.388 0.388 0.3565 0.3565 0.3565 0.354 0.354 0.373 0.373 0.397
-1 -1 -1 -1 -1 -1 -1 -1 -1 -1 -1 -1 -1 -1 -1 -1 -1 -1 -1 -1 -1 -1 -1 -1 -1 -1 -1 -1 -1 -1 -1 -1 -1 -1 -1 -1 -1 0.059 0.059 0.145 0.145 0.145 0.313 0.313 0.3275 0.3275 0.3075 0.3075 0.3075 0.326 0.326 0.197 0.197 0.272 0.272 0.2575 0.2575 0.2575 0.3285 0.3285 0.3995 0.3995 0.3995 0.3995 0.3995 0.4275 0.4275 0.388 0.388 0.3565 0.3565 0.3565 0.354 0.354 0.373 0.373 0.397
-1 -1 -1 -1 -1 -1 -1 -1 -1 -1 -1 -1 -1 -1 -1 -1 -1 -1 -1 -1 -1 -1 -1 -1 -1 -1 -1 -1 -1 -1 -1 -1 -1 -1 -1 -1 -1 0.0245 0.0245 0.164 0.164 0.164 0.304 0.304 0.334 0.334 0.3195 0.3195 0.3195 0.2965 0.2965 0.303 0.303 0.303 0.303 0.304 0.304 0.304 0.3805 0.3805 0.3745 0.3745 0.3745 0.3745 0.3745 0.4275 0.4275 0.4405 0.4405 0.406 0.406 0.406 0.3915 0.3915 0.3675 0.3675 0.356
-1 -1 -1 -1 -1 -1 -1 -1 -1 -1 -1 -1 -1 -1 -1 -1 -1 -1 -1 -1 -1 -1 -1 -1 -1 -1 -1 -1 -1 -1 -1 -1 -1 -1 -1 -1 -1 0.0245 0.0245 0.164 0.164 0.164 0.304 0.304 0.334 0.334 0.3195 0.3195 0.3195 0.2965 0.2965 0.303 0.303 0.303 0.303 0.304 0.304 0.304 0.3805 0.3805 0.3745 0.3745 0.3745 0.3745 0.3745 0.4275 0.4275 0.4405 0.4405 0.406 0.406 0.406 0.3915 0.3915 0.3675 0.3675 0.356
-1 -1 -1 -1 -1 -1 -1 -1 -1 -1 -1 -1 -1 -1 -1 -1 -1 -1 -1 -1 -1 -1 -1 -1 -1 -1 -1 -1 -1 -1 -1 -1 -1 -1 -1 -1 -1 0.112 0.112 0.204 0.204 0.204 0.299 0.299 0.3925 0.3925 0.334 0.334 0.334 0.303 0.303 0.3575 0.3575 0.297 0.297 0.335 0.335 0.335 0.3245 0.3245 0.349 0.349 0.349 0.349 0.349 0.3545 0.3545 0.3465 0.3465 0.4215 0.4215 0.4215 0.4235 0.4235 0.4 0.4 0.3695
-1 -1 -1 -1 -1 -1 -1 -1 -1 -1 -1 -1 -1 -1 -1 -1 -1 -1 -1 -1 -1 -1 -1 -1 -1 -1 -1 -1 -1 -1 -1 -1 -1 -1 -1 -1 -1 0.112 0.112 0.204 0.204 0.204 0.299 0.299 0.3925 0.3925 0.334 0.334 0.334 0.303 0.303 0.3575 0.3575 0.297 0.297 0.335 0.335 0.335 0.3245 0.3245 0.349 0.349 0.349 0.349 0.349 0.3545 0.3545 0.3465 0.3465 0.4215 0.4215 0.4215 0.4235 0.4235 0.4 0.4 0.3695
-1 -1 -1 -1 -1 -1 -1 -1 -1 -1 -1 -1 -1 -1 -1 -1 -1 -1 -1 -1 -1 -1 -1 -1 -1 -1 -1 -1 -1 -1 -1 -1 -1 -1 -1 -1 -1 0.194 0.194 0.2455 0.2455 0.2455 0.3395 0.3395 0.36 0.36 0.3585 0.3585 0.3585 0.3705 0.3705 0.347 0.347 0.3705 0.3705 0.341 0.341 0.341 0.3295 0.3295 0.3545 0.3545 0.3545 0.3545 0.3545 0.3745 0.3745 0.3515 0.3515 0.464 0.464 0.464 0.4585 0.4585 0.521 0.521 0.385
-1 -1 -1 -1 -1 -1 -1 -1 -1 -1 -1 -1 -1 -1 -1 -1 -1 -1 -1 -1 -1 -1 -1 -1 -1 -1 -1 -1 -1 -1 -1 -1 -1 -1 -1 -1 -1 0.194 0.194 0.2455 0.2455 0.2455 0.3395 0.3395 0.36 0.36 0.3585 0.3585 0.3585 0.3705 0.3705 0.347 0.347 0.3705 0.3705 0.341 0.341 0.341 0.3295 0.3295 0.3545 0.3545 0.3545 0.3545 0.3545 0.3745 0.3745 0.3515 0.3515 0.464 0.464 0.464 0.4585 0.4585 0.521 0.521 0.385
-1 -1 -1 -1 -1 -1 -1 -1 -1 -1 -1 -1 -1 -1 -1 -1 -1 -1 -1 -1 -1 -1 -1 -1 -1 -1 -1 -1 -1 -1 -1 -1 -1 -1 -1 -1 -1 0.194 0.194 0.2455 0.2455 0.2455 0.3395 0.3395 0.36 0.36 0.3585 0.3585 0.3585 0.3705 0.3705 0.347 0.347 0.3705 0.3705 0.341 0.341 0.341 0.3295 0.3295 0.3545 0.3545 0.3545 0.3545 0.3545 0.3745 0.3745 0.3515 0.3515 0.464 0.464 0.464 0.4585 0.4585 0.521 0.521 0.385
-1 -1 -1 -1 -1 -1 -1 -1 -1 -1 -1 -1 -1 -1 -1 -1 -1 -1 -1 -1 -1 -1 -1 -1 -1 -1 -1 -1 -1 -1 -1 -1 -1 -1 -1 -1 -1 0.0465 0.0465 0.273 0.273 0.273 0.341 0.341 0.326 0.326 0.347 0.347 0.347 0.398 0.398 0.411 0.411 0.372 0.372 0.342 0.342 0.342 0.33 0.33 0.3425 0.3425 0.3425 0.3425 0.3425 0.374 0.374 0.3985 0.3985 0.4065 0.4065 0.4065 0.404 0.404 0.523 0.523 0.3905
-1 -1 -1 -1 -1 -1 -1 -1 -1 -1 -1 -1 -1 -1 -1 -1 -1 -1 -1 -1 -1 -1 -1 -1 -1 -1 -1 -1 -1 -1 -1 -1 -1 -1 -1 -1 -1 0.0465 0.0465 0.273 0.273 0.273 0.341 0.341 0.326 0.326 0.347 0.347 0.347 0.398 0.398 0.411 0.411 0.372 0.372 0.342 0.342 0.342 0.33 0.33 0.3425 0.3425 0.3425 0.3425 0.3425 0.374 0.374 0.3985 0.3985 0.4065 0.4065 0.4065 0.404 0.404 0.523 0.523 0.3905
-1 -1 -1 -1 -1 -1 -1 -1 -1 -1 -1 -1 -1 -1 -1 -1 -1 -1 -1 -1 -1 -1 -1 -1 -1 -1 -1 -1 -1 -1 -1 -1 -1 -1 -1 -1 -1 0.1655 0.1655 0.3245 0.3245 0.3245 0.2995 0.2995 0.335 0.335 0.362 0.362 0.362 0.353 0.353 0.3775 0.3775 0.38 0.38 0.342 0.342 0.342 0.362 0.362 0.365 0.365 0.365 0.365 0.365 0.32 0.32 0.337 0.337 0.353 0.353 0.353 0.398 0.398 0.342 0.342 0.2995
-1 -1 -1 -1 -1 -1 -1 -1 -1 -1 -1 -1 -1 -1 -1 -1 -1 -1 -1 -1 -1 -1 -1 -1 -1 -1 -1 -1 -1 -1 -1 -1 -1 -1 -1 -1 -1 0.1655 0.1655 0.3245 0.3245 0.3245 0.2995 0.2995 0.335 0.335 0.362 0.362 0.362 0.353 0.353 0.3775 0.3775 0.38 0.38 0.342 0.342 0.342 0.362 0.362 0.365 0.365 0.365 0.365 0.365 0.32 0.32 0.337 0.337 0.353 0.353 0.353 0.398 0.398 0.342 0.342 0.2995
-1 -1 -1 -1 -1 -1 -1 -1 -1 -1 -1 -1 -1 -1 -1 -1 -1 -1 -1 -1 -1 -1 -1 -1 -1 -1 -1 -1 -1 -1 -1 -1 -1 -1 -1 0.0352 0.0352 0.31 0.31 0.3775 0.3775 0.3775 0.3315 0.3315 0.3445 0.3445 0.289 0.289 0.289 0.3495 0.3495 0.3735 0.3735 0.3655 0.3655 0.325 0.325 0.325 0.414 0.414 0.42 0.42 0.42 0.42 0.42 0.319 0.319 0.291 0.291 0.2985 0.2985 0.2985 0.373 0.373 0.351 0.351 0.331
-1 -1 -1 -1 -1 -1 -1 -1 -1 -1 -1 -1 -1 -1 -1 -1 -1 -1 -1 -1 -1 -1 -1 -1 -1 -1 -1 -1 -1 -1 -1 -1 -1 -1 -1 0.0352 0.0352 0.31 0.31 0.3775 0.3775 0.3775 0.3315 0.3315 0.3445 0.3445 0.289 0.289 0.289 0.3495 0.3495 0.3735 0.3735 0.3655 0.3655 0.325 0.325 0.325 0.414 0.414 0.42 0.42 0.42 0.42 0.42 0.319 0.319 0.291 0.291 0.2985 0.2985 0.2985 0.373 0.373 0.351 0.351 0.331
-1 -1 -1 -1 -1 -1 -1 -1 -1 -1 -1 -1 -1 -1 -1 -1 -1 -1 -1 -1 -1 -1 -1 -1 -1 -1 -1 -1 -1 -1 -1 -1 -1 -1 -1 0.0352 0.0352 0.31 0.31 0.3775 0.3775 0.3775 0.3315 0.3315 0.3445 0.3445 0.289 0.289 0.289 0.3495 0.3495 0.3735 0.3735 0.3655 0.3655 0.325 0.325 0.325 0.414 0.414 0.42 0.42 0.42 0.42 0.42 0.319 0.319 0.291 0.291 0.2985 0.2985 0.2985 0.373 0.373 0.351 0.351 0.331
-1 -1 -1 -1 -1 -1 -1 -1 -1 -1 -1 -1 -1 -1 -1 -1 -1 -1 -1 -1 -1 -1 -1 -1 -1 -1 -1 -1 -1 -1 -1 -1 -1 -1 -1 0.1285 0.1285 0.2775 0.2775 0.3145 0.3145 0.3145 0.329 0.329 0.298 0.298 0.2995 0.2995 0.2995 0.305 0.305 0.3055 0.3055 0.317 0.317 0.383 0.383 0.383 0.432 0.432 0.3785 0.3785 0.3785 0.3785 0.3785 0.412 0.412 0.389 0.389 0.371 0.371 0.371 0.472 0.472 0.429 0.429 0.3745
-1 -1 -1 -1 -1 -1 -1 -1 -1 -1 -1 -1 -1 -1 -1 -1 -1 -1 -1 -1 -1 -1 -1 -1 -1 -1 -1 -1 -1 -1 -1 -1 -1 -1 -1 0.1285 0.1285 0.2775 0.2775 0.3145 0.3145 0.3145 0.329 0.329 0.298 0.298 0.2995 0.2995 0.2995 0.305 0.305 0.3055 0.3055 0.317 0.317 0.383 0.383 0.383 0.432 0.432 0.3785 0.3785 0.3785 0.3785 0.3785 0.412 0.412 0.389 0.389 0.371 0.371 0.371 0.472 0.472 0.429 0.429 0.3745
-1 -1 -1 -1 -1 -1 -1 -1 -1 -1 -1 -1 -1 -1 -1 -1 -1 -1 -1 -1 -1 -1 -1 -1 -1 -1 -1 -1 -1 -1 -1 -1 0.09450001 0.09450001 0.09450001 0.3245 0.3245 0.2715 0.2715 0.276 0.276 0.276 0.324 0.324 0.308 0.308 0.3235 0.3235 0.3235 0.3355 0.3355 0.3415 0.3415 0.394 0.394 0.4095 0.4095 0.4095 0.4345 0.4345 0.425 0.425 0.425 0.425 0.425 0.4535 0.4535 0.448 0.448 0.466 0.466 0.466 0.6251 0.6251 0.447 0.447 0.4495
-1 -1 -1 -1 -1 -1 -1 -1 -1 -1 -1 -1 -1 -1 -1 -1 -1 -1 -1 -1 -1 -1 -1 -1 -1 -1 -1 -1 -1 -1 -1 -1 0.09450001 0.09450001 0.09450001 0.3245 0.3245 0.2715 0.2715 0.276 0.276 0.276 0.324 0.324 0.308 0.308 0.3235 0.3235 0.3235 0.3355 0.3355 0.3415 0.3415 0.394 0.394 0.4095 0.4095 0.4095 0.4345 0.4345 0.425 0.425 0.425 0.425 0.425 0.4535 0.4535 0.448 0.448 0.466 0.466 0.466 0.6251 0.6251 0.447 0.447 0.4495
-1 -1 -1 -1 -1 -1 -1 -1 -1 -1 -1 -1 -1 -1 -1 -1 -1 -1 -1 -1 -1 -1 -1 -1 -1 -1 -1 -1 -1 -1 0.011 0.011 0.166 0.166 0.166 0.316 0.316 0.2515 0.2515 0.2685 0.2685 0.2685 0.261 0.261 0.319 0.319 0.3425 0.3425 0.3425 0.361 0.361 0.351 0.351 0.4495 0.4495 0.475 0.475 0.475 0.461 0.461 0.4515 0.4515 0.4515 0.4515 0.4515 0.4915 0.4915 0.4585 0.4585 0.4215 0.4215 0.4215 0.5265 0.5265 0.48 0.48 0.4955
-1 -1 -1 -1 -1 -1 -1 -1 -1 -1 -1 -1 -1 -1 -1 -1 -1 -1 -1 -1 -1 -1 -1 -1 -1 -1 -1 -1 -1 -1 0.011 0.011 0.166 0.166 0.166 0.316 0.316 0.2515 0.2515 0.2685 0.2685 0.2685 0.261 0.261 0.319 0.319 0.3425 0.3425 0.3425 0.361 0.361 0.351 0.351 0.4495 0.4495 0.475 0.475 0.475 0.461 0.461 0.4515 0.4515 0.4515 0.4515 0.4515 0.4915 0.4915 0.4585 0.4585 0.4215 0.4215 0.4215 0.5265 0.5265 0.48 0.48 0.4955
-1 -1 -1 -1 -1 -1 -1 -1 -1 -1 -1 -1 -1 -1 -1 -1 -1 -1 -1 -1 -1 -1 -1 -1 -1 -1 -1 -1 -1 -1 0.011 0.011 0.166 0.166 0.166 0.316 0.316 0.2515 0.2515 0.2685 0.2685 0.2685 0.261 0.261 0.319 0.319 0.3425 0.3425 0.3425 0.361 0.361 0.351 0.351 0.4495 0.4495 0.475 0.475 0.475 0.461 0.461 0.4515 0.4515 0.4515 0.4515 0.4515 0.4915 0.4915 0.4585 0.4585 0.4215 0.4215 0.4215 0.5265 0.5265 0.48 0.48 0.4955
-1 -1 -1 -1 -1 -1 -1 -1 -1 -1 -1 -1 -1 -1 -1 -1 -1 -1 -1 -1 -1 -1 -1 -1 -1 -1 -1 -1 -1 -1 0.209 0.209 0.373 0.373 0.373 0.303 0.303 0.304 0.304 0.2965 0.2965 0.2965 0.3155 0.3155 0.3625 0.3625 0.3065 0.3065 0.3065 0.3505 0.3505 0.4415 0.4415 0.443 0.443 0.515 0.515 0.515 0.5045 0.5045 0.4965 0.4965 0.4965 0.4965 0.4965 0.448 0.448 0.48 0.48 0.472 0.472 0.472 0.4665 0.4665 0.5135 0.5135 0.5401
-1 -1 -1 -1 -1 -1 -1 -1 -1 -1 -1 -1 -1 -1 -1 -1 -1 -1 -1 -1 -1 -1 -1 -1 -1 -1 -1 -1 -1 -1 0.209 0.209 0.373 0.373 0.373 0.303 0.303 0.304 0.304 0.2965 0.2965 0.2965 0.3155 0.3155 0.3625 0.3625 0.3065 0.3065 0.3065 0.3505 0.3505 0.4415 0.4415 0.443 0.443 0.515 0.515 0.515 0.5045 0.5045 0.4965 0.4965 0.4965 0.4965 0.4965 0.448 0.448 0.48 0.48 0.472 0.472 0.472 0.4665 0.4665 0.5135 0.5135 0.5401
-1 -1 -1 -1 -1 -1 -1 -1 -1 -1 -1 -1 -1 -1 -1 -1 -1 -1 -1 -1 -1 -1 -1 -1 -1 -1 -1 -1 0.0315 0.0315 0.3215 0.3215 0.353 0.353 0.353 0.312 0.312 0.2815 0.2815 0.288 0.288 0.288 0.3355 0.3355 0.352 0.352 0.358 0.358 0.358 0.3465 0.3465 0.4275 0.4275 0.4915 0.4915 0.5325 0.5325 0.5325 0.5705 0.5705 0.536 0.536 0.536 0.536 0.536 0.5566 0.5566 0.5975 0.5975 0.5696 0.5696 0.5696 0.467 0.467 0.4765 0.4765 0.6025
-1 -1 -1 -1 -1 -1 -1 -1 -1 -1 -1 -1 -1 -1 -1 -1 -1 -1 -1 -1 -1 -1 -1 -1 -1 -1 -1 -1 0.0315 0.0315 0.3215 0.3215 0.353 0.353 0.353 0.312 0.312 0.2815 0.2815 0.288 0.288 0.288 0.3355 0.3355 0.352 0.352 0.358 0.358 0.358 0.3465 0.3465 0.4275 0.4275 0.4915 0.4915 0.5325 0.5325 0.5325 0.5705 0.5705 0.536 0.536 0.536 0.536 0.536 0.5566 0.5566 0.5975 0.5975 0.5696 0.5696 0.5696 0.467 0.467 0.4765 0.4765 0.6025
-1 -1 -1 -1 -1 -1 -1 -1 -1 -1 -1 -1 -1 -1 -1 -1 -1 -1 -1 -1 -1 -1 -1 -1 -1 0.0342 0.0342 0.0342 0.1825 0.1825 0.3505 0.3505 0.342 0.342 0.342 0.3085 0.3085 0.31 0.31 0.3115 0.3115 0.3115 0.3265 0.3265 0.3495 0.3495 0.329 0.329 0.329 0.3645 0.3645 0.383 0.383 0.5386 0.5386 0.5731 0.5731 0.5731 0.5506 0.5506 0.5235 0.5235 0.5235 0.5235 0.5235 0.513 0.513 0.5651 0.5651 0.5736 0.5736 0.5736 0.6015 0.6015 0.6155 0.6155 0.526
-1 -1 -1 -1 -1 -1 -1 -1 -1 -1 -1 -1 -1 -1 -1 -1 -1 -1 -1 -1 -1 -1 -1 -1 -1 0.0342 0.0342 0.0342 0.1825 0.1825 0.3505 0.3505 0.342 0.342 0.342 0.3085 0.3085 0.31 0.31 0.3115 0.3115 0.3115 0.3265 0.3265 0.3495 0.3495 0.329 0.329 0.329 0.3645 0.3645 0.383 0.383 0.5386 0.5386 0.5731 0.5731 0.5731 0.5506 0.5506 0.5235 0.5235 0.5235 0.5235 0.5235 0.513 0.513 0.5651 0.5651 0.5736 0.5736 0.5736 0.6015 0.6015 0.6155 0.6155 0.526
-1 -1 -1 -1 -1 -1 -1 -1 -1 -1 -1 -1 -1 -1 -1 -1 -1 -1 -1 -1 -1 -1 -1 0.0355 0.0355 0.237 0.237 0.237 0.354 0.354 0.325 0.325 0.2745 0.2745 0.2745 0.338 0.338 0.346 0.346 0.404 0.404 0.404 0.3995 0.3995 0.384 0.384 0.431 0.431 0.431 0.453 0.453 0.4745 0.4745 0.5155 0.5155 0.5445 0.5445 0.5445 0.574 0.574 0.5245 0.5245 0.5245 0.5245 0.5245 0.4375 0.4375 0.5206 0.5206 0.5821 0.5821 0.5821 0.5596 0.5596 0.4935 0.4935 0.549
-1 -1 -1 -1 -1 -1 -1 -1 -1 -1 -1 -1 -1 -1 -1 -1 -1 -1 -1 -1 -1 -1 -1 0.0355 0.0355 0.237 0.237 0.237 0.354 0.354 0.325 0.325 0.2745 0.2745 0.2745 0.338 0.338 0.346 0.346 0.404 0.404 0.404 0.3995 0.3995 0.384 0.384 0.431 0.431 0.431 0.453 0.453 0.4745 0.4745 0.5155 0.5155 0.5445 0.5445 0.5445 0.574 0.574 0.5245 0.5245 0.5245 0.5245 0.5245 0.4375 0.4375 0.5206 0.5206 0.5821 0.5821 0.5821 0.5596 0.5596 0.4935 0.4935 0.549
