ndvi/NOAA-13.asc
ncols         252
nrows         154
xllcorner     -18.017974
yllcorner     13.481982
cellsize      0.035948
NODATA_value  -9999
[rows 68 to 101 of 154, columns 156 to 233 of 252]
0.16 0.1555 0.1555 0.1555 0.16 0.16 0.1505 0.1505 0.1885 0.1885 0.1975 0.1975 0.1975 0.221 0.221 0.22 0.22 0.206 0.206 0.206 0.228 0.228 0.219 0.219 0.2145 0.2145 0.2145 0.2175 0.2175 0.216 0.216 0.2145 0.2145 0.2145 0.211 0.211 0.214 0.214 0.2145 0.2145 0.2145 0.213 0.213 0.205 0.205 0.208 0.208 0.2055 0.2055 0.2055 0.2085 0.2085 0.214 0.214 0.214 0.214 0.214 0.233 0.233 0.2185 0.2185 0.2075 0.2075 0.2075 0.196 0.196 0.1965 0.1965 0.2115 0.2115 0.2115 0.198 0.198 0.19 0.19 0.2015 0.2015 0.2015
0.1525 0.1405 0.1405 0.1405 0.143 0.143 0.1555 0.1555 0.163 0.163 0.218 0.218 0.218 0.215 0.215 0.2125 0.2125 0.2215 0.2215 0.2215 0.2165 0.2165 0.2245 0.2245 0.219 0.219 0.219 0.2135 0.2135 0.213 0.213 0.2145 0.2145 0.2145 0.219 0.219 0.2245 0.2245 0.206 0.206 0.206 0.2085 0.2085 0.2075 0.2075 0.205 0.205 0.2155 0.2155 0.2155 0.2125 0.2125 0.227 0.227 0.2225 0.2225 0.2225 0.213 0.213 0.2235 0.2235 0.2105 0.2105 0.2105 0.195 0.195 0.1985 0.1985 0.21 0.21 0.21 0.1975 0.1975 0.1995 0.1995 0.2055 0.2055 0.2055
0.1525 0.1405 0.1405 0.1405 0.143 0.143 0.1555 0.1555 0.163 0.163 0.218 0.218 0.218 0.215 0.215 0.2125 0.2125 0.2215 0.2215 0.2215 0.2165 0.2165 0.2245 0.2245 0.219 0.219 0.219 0.2135 0.2135 0.213 0.213 0.2145 0.2145 0.2145 0.219 0.219 0.2245 0.2245 0.206 0.206 0.206 0.2085 0.2085 0.2075 0.2075 0.205 0.205 0.2155 0.2155 0.2155 0.2125 0.2125 0.227 0.227 0.2225 0.2225 0.2225 0.213 0.213 0.2235 0.2235 0.2105 0.2105 0.2105 0.195 0.195 0.1985 0.1985 0.21 0.21 0.21 0.1975 0.1975 0.1995 0.1995 0.2055 0.2055 0.2055
0.1645 0.1655 0.1655 0.1655 0.1565 0.1565 0.1685 0.1685 0.1695 0.1695 0.2045 0.2045 0.2045 0.213 0.213 0.206 0.206 0.223 0.223 0.223 0.217 0.217 0.207 0.207 0.216 0.216 0.216 0.216 0.216 0.2175 0.2175 0.221 0.221 0.221 0.2105 0.2105 0.215 0.215 0.2115 0.2115 0.2115 0.213 0.213 0.229 0.229 0.229 0.229 0.2185 0.2185 0.2185 0.223 0.223 0.2275 0.2275 0.212 0.212 0.212 0.2175 0.2175 0.21 0.21 0.214 0.214 0.214 0.2045 0.2045 0.195 0.195 0.203 0.203 0.203 0.206 0.206 0.2205 0.2205 0.231 0.231 0.231
0.1645 0.1655 0.1655 0.1655 0.1565 0.1565 0.1685 0.1685 0.1695 0.1695 0.2045 0.2045 0.2045 0.213 0.213 0.206 0.206 0.223 0.223 0.223 0.217 0.217 0.207 0.207 0.216 0.216 0.216 0.216 0.216 0.2175 0.2175 0.221 0.221 0.221 0.2105 0.2105 0.215 0.215 0.2115 0.2115 0.2115 0.213 0.213 0.229 0.229 0.229 0.229 0.2185 0.2185 0.2185 0.223 0.223 0.2275 0.2275 0.212 0.212 0.212 0.2175 0.2175 0.21 0.21 0.214 0.214 0.214 0.2045 0.2045 0.195 0.195 0.203 0.203 0.203 0.206 0.206 0.2205 0.2205 0.231 0.231 0.231
0.1645 0.1655 0.1655 0.1655 0.1565 0.1565 0.1685 0.1685 0.1695 0.1695 0.2045 0.2045 0.2045 0.213 0.213 0.206 0.206 0.223 0.223 0.223 0.217 0.217 0.207 0.207 0.216 0.216 0.216 0.216 0.216 0.2175 0.2175 0.221 0.221 0.221 0.2105 0.2105 0.215 0.215 0.2115 0.2115 0.2115 0.213 0.213 0.229 0.229 0.229 0.229 0.2185 0.2185 0.2185 0.223 0.223 0.2275 0.2275 0.212 0.212 0.212 0.2175 0.2175 0.21 0.21 0.214 0.214 0.214 0.2045 0.2045 0.195 0.195 0.203 0.203 0.203 0.206 0.206 0.2205 0.2205 0.231 0.231 0.231
0.1705 0.176 0.176 0.176 0.1755 0.1755 0.174 0.174 0.1825 0.1825 0.22 0.22 0.22 0.227 0.227 0.2165 0.2165 0.223 0.223 0.223 0.209 0.209 0.2165 0.2165 0.2305 0.2305 0.2305 0.227 0.227 0.2295 0.2295 0.2255 0.2255 0.2255 0.2315 0.2315 0.217 0.217 0.225 0.225 0.225 0.232 0.232 0.2355 0.2355 0.221 0.221 0.232 0.232 0.232 0.22 0.22 0.204 0.204 0.2035 0.2035 0.2035 0.207 0.207 0.2165 0.2165 0.217 0.217 0.217 0.2125 0.2125 0.1965 0.1965 0.194 0.194 0.194 0.218 0.218 0.2225 0.2225 0.217 0.217 0.217
0.1705 0.176 0.176 0.176 0.1755 0.1755 0.174 0.174 0.1825 0.1825 0.22 0.22 0.22 0.227 0.227 0.2165 0.2165 0.223 0.223 0.223 0.209 0.209 0.2165 0.2165 0.2305 0.2305 0.2305 0.227 0.227 0.2295 0.2295 0.2255 0.2255 0.2255 0.2315 0.2315 0.217 0.217 0.225 0.225 0.225 0.232 0.232 0.2355 0.2355 0.221 0.221 0.232 0.232 0.232 0.22 0.22 0.204 0.204 0.2035 0.2035 0.2035 0.207 0.207 0.2165 0.2165 0.217 0.217 0.217 0.2125 0.2125 0.1965 0.1965 0.194 0.194 0.194 0.218 0.218 0.2225 0.2225 0.217 0.217 0.217
0.159 0.181 0.181 0.181 0.1695 0.1695 0.181 0.181 0.18 0.18 0.1985 0.1985 0.1985 0.2235 0.2235 0.242 0.242 0.2325 0.2325 0.2325 0.2205 0.2205 0.2255 0.2255 0.2295 0.2295 0.2295 0.228 0.228 0.232 0.232 0.2275 0.2275 0.2275 0.2265 0.2265 0.2365 0.2365 0.2365 0.2365 0.2365 0.234 0.234 0.2425 0.2425 0.2215 0.2215 0.228 0.228 0.228 0.225 0.225 0.21 0.21 0.2295 0.2295 0.2295 0.2125 0.2125 0.219 0.219 0.2155 0.2155 0.2155 0.2175 0.2175 0.2305 0.2305 0.215 0.215 0.215 0.213 0.213 0.2225 0.2225 0.227 0.227 0.227
0.159 0.181 0.181 0.181 0.1695 0.1695 0.181 0.181 0.18 0.18 0.1985 0.1985 0.1985 0.2235 0.2235 0.242 0.242 0.2325 0.2325 0.2325 0.2205 0.2205 0.2255 0.2255 0.2295 0.2295 0.2295 0.228 0.228 0.232 0.232 0.2275 0.2275 0.2275 0.2265 0.2265 0.2365 0.2365 0.2365 0.2365 0.2365 0.234 0.234 0.2425 0.2425 0.2215 0.2215 0.228 0.228 0.228 0.225 0.225 0.21 0.21 0.2295 0.2295 0.2295 0.2125 0.2125 0.219 0.219 0.2155 0.2155 0.2155 0.2175 0.2175 0.2305 0.2305 0.215 0.215 0.215 0.213 0.213 0.2225 0.2225 0.227 0.227 0.227
0.152 0.1595 0.1595 0.1595 0.1605 0.1605 0.1535 0.1535 0.181 0.181 0.21 0.21 0.21 0.226 0.226 0.2135 0.2135 0.22 0.22 0.22 0.21 0.21 0.228 0.228 0.228 0.228 0.228 0.225 0.225 0.2225 0.2225 0.2285 0.2285 0.2285 0.2305 0.2305 0.2335 0.2335 0.227 0.227 0.227 0.226 0.226 0.2235 0.2235 0.211 0.211 0.2215 0.2215 0.2215 0.223 0.223 0.223 0.223 0.225 0.225 0.225 0.231 0.231 0.2245 0.2245 0.231 0.231 0.231 0.2255 0.2255 0.227 0.227 0.227 0.227 0.227 0.218 0.218 0.2205 0.2205 0.2195 0.2195 0.2195
0.152 0.1595 0.1595 0.1595 0.1605 0.1605 0.1535 0.1535 0.181 0.181 0.21 0.21 0.21 0.226 0.226 0.2135 0.2135 0.22 0.22 0.22 0.21 0.21 0.228 0.228 0.228 0.228 0.228 0.225 0.225 0.2225 0.2225 0.2285 0.2285 0.2285 0.2305 0.2305 0.2335 0.2335 0.227 0.227 0.227 0.226 0.226 0.2235 0.2235 0.211 0.211 0.2215 0.2215 0.2215 0.223 0.223 0.223 0.223 0.225 0.225 0.225 0.231 0.231 0.2245 0.2245 0.231 0.231 0.231 0.2255 0.2255 0.227 0.227 0.227 0.227 0.227 0.218 0.218 0.2205 0.2205 0.2195 0.2195 0.2195
0.1415 0.159 0.159 0.159 0.1605 0.1605 0.15 0.15 0.17 0.17 0.2175 0.2175 0.2175 0.2155 0.2155 0.2255 0.2255 0.21 0.21 0.21 0.2145 0.2145 0.2225 0.2225 0.231 0.231 0.231 0.232 0.232 0.2255 0.2255 0.223 0.223 0.223 0.231 0.231 0.2255 0.2255 0.226 0.226 0.226 0.224 0.224 0.2255 0.2255 0.219 0.219 0.23 0.23 0.23 0.232 0.232 0.2435 0.2435 0.2345 0.2345 0.2345 0.234 0.234 0.242 0.242 0.242 0.242 0.242 0.243 0.243 0.2365 0.2365 0.2285 0.2285 0.2285 0.2335 0.2335 0.225 0.225 0.238 0.238 0.238
0.1415 0.159 0.159 0.159 0.1605 0.1605 0.15 0.15 0.17 0.17 0.2175 0.2175 0.2175 0.2155 0.2155 0.2255 0.2255 0.21 0.21 0.21 0.2145 0.2145 0.2225 0.2225 0.231 0.231 0.231 0.232 0.232 0.2255 0.2255 0.223 0.223 0.223 0.231 0.231 0.2255 0.2255 0.226 0.226 0.226 0.224 0.224 0.2255 0.2255 0.219 0.219 0.23 0.23 0.23 0.232 0.232 0.2435 0.2435 0.2345 0.2345 0.2345 0.234 0.234 0.242 0.242 0.242 0.242 0.242 0.243 0.243 0.2365 0.2365 0.2285 0.2285 0.2285 0.2335 0.2335 0.225 0.225 0.238 0.238 0.238
0.1415 0.159 0.159 0.159 0.1605 0.1605 0.15 0.15 0.17 0.17 0.2175 0.2175 0.2175 0.2155 0.2155 0.2255 0.2255 0.21 0.21 0.21 0.2145 0.2145 0.2225 0.2225 0.231 0.231 0.231 0.232 0.232 0.2255 0.2255 0.223 0.223 0.223 0.231 0.231 0.2255 0.2255 0.226 0.226 0.226 0.224 0.224 0.2255 0.2255 0.219 0.219 0.23 0.23 0.23 0.232 0.232 0.2435 0.2435 0.2345 0.2345 0.2345 0.234 0.234 0.242 0.242 0.242 0.242 0.242 0.243 0.243 0.2365 0.2365 0.2285 0.2285 0.2285 0.2335 0.2335 0.225 0.225 0.238 0.238 0.238
0.1685 0.167 0.167 0.167 0.1635 0.1635 0.1545 0.1545 0.217 0.217 0.2305 0.2305 0.2305 0.231 0.231 0.2415 0.2415 0.241 0.241 0.241 0.235 0.235 0.225 0.225 0.2265 0.2265 0.2265 0.213 0.213 0.213 0.213 0.215 0.215 0.215 0.219 0.219 0.23 0.23 0.229 0.229 0.229 0.2305 0.2305 0.22 0.22 0.228 0.228 0.2425 0.2425 0.2425 0.2505 0.2505 0.245 0.245 0.2415 0.2415 0.2415 0.2375 0.2375 0.24 0.24 0.244 0.244 0.244 0.242 0.242 0.247 0.247 0.2465 0.2465 0.2465 0.2355 0.2355 0.237 0.237 0.24 0.24 0.24
0.1685 0.167 0.167 0.167 0.1635 0.1635 0.1545 0.1545 0.217 0.217 0.2305 0.2305 0.2305 0.231 0.231 0.2415 0.2415 0.241 0.241 0.241 0.235 0.235 0.225 0.225 0.2265 0.2265 0.2265 0.213 0.213 0.213 0.213 0.215 0.215 0.215 0.219 0.219 0.23 0.23 0.229 0.229 0.229 0.2305 0.2305 0.22 0.22 0.228 0.228 0.2425 0.2425 0.2425 0.2505 0.2505 0.245 0.245 0.2415 0.2415 0.2415 0.2375 0.2375 0.24 0.24 0.244 0.244 0.244 0.242 0.242 0.247 0.247 0.2465 0.2465 0.2465 0.2355 0.2355 0.237 0.237 0.24 0.24 0.24
0.1755 0.1845 0.1845 0.1845 0.1735 0.1735 0.19 0.19 0.2285 0.2285 0.235 0.235 0.235 0.2385 0.2385 0.247 0.247 0.25 0.25 0.25 0.243 0.243 0.241 0.241 0.218 0.218 0.218 0.2285 0.2285 0.222 0.222 0.2205 0.2205 0.2205 0.2255 0.2255 0.23 0.23 0.2465 0.2465 0.2465 0.2485 0.2485 0.2545 0.2545 0.245 0.245 0.256 0.256 0.256 0.236 0.236 0.2465 0.2465 0.2475 0.2475 0.2475 0.2405 0.2405 0.2325 0.2325 0.2485 0.2485 0.2485 0.256 0.256 0.259 0.259 0.256 0.256 0.256 0.254 0.254 0.2495 0.2495 0.24 0.24 0.24
0.1755 0.1845 0.1845 0.1845 0.1735 0.1735 0.19 0.19 0.2285 0.2285 0.235 0.235 0.235 0.2385 0.2385 0.247 0.247 0.25 0.25 0.25 0.243 0.243 0.241 0.241 0.218 0.218 0.218 0.2285 0.2285 0.222 0.222 0.2205 0.2205 0.2205 0.2255 0.2255 0.23 0.23 0.2465 0.2465 0.2465 0.2485 0.2485 0.2545 0.2545 0.245 0.245 0.256 0.256 0.256 0.236 0.236 0.2465 0.2465 0.2475 0.2475 0.2475 0.2405 0.2405 0.2325 0.2325 0.2485 0.2485 0.2485 0.256 0.256 0.259 0.259 0.256 0.256 0.256 0.254 0.254 0.2495 0.2495 0.24 0.24 0.24
0.1895 0.189 0.189 0.189 0.166 0.166 0.178 0.178 0.2365 0.2365 0.2395 0.2395 0.2395 0.2365 0.2365 0.234 0.234 0.247 0.247 0.247 0.2525 0.2525 0.243 0.243 0.2325 0.2325 0.2325 0.236 0.236 0.217 0.217 0.2335 0.2335 0.2335 0.2235 0.2235 0.2315 0.2315 0.2475 0.2475 0.2475 0.244 0.244 0.2495 0.2495 0.2475 0.2475 0.2435 0.2435 0.2435 0.2435 0.2435 0.2375 0.2375 0.2335 0.2335 0.2335 0.2335 0.2335 0.231 0.231 0.244 0.244 0.244 0.2555 0.2555 0.256 0.256 0.2505 0.2505 0.2505 0.2555 0.2555 0.2415 0.2415 0.2495 0.2495 0.2495
0.1895 0.189 0.189 0.189 0.166 0.166 0.178 0.178 0.2365 0.2365 0.2395 0.2395 0.2395 0.2365 0.2365 0.234 0.234 0.247 0.247 0.247 0.2525 0.2525 0.243 0.243 0.2325 0.2325 0.2325 0.236 0.236 0.217 0.217 0.2335 0.2335 0.2335 0.2235 0.2235 0.2315 0.2315 0.2475 0.2475 0.2475 0.244 0.244 0.2495 0.2495 0.2475 0.2475 0.2435 0.2435 0.2435 0.2435 0.2435 0.2375 0.2375 0.2335 0.2335 0.2335 0.2335 0.2335 0.231 0.231 0.244 0.244 0.244 0.2555 0.2555 0.256 0.256 0.2505 0.2505 0.2505 0.2555 0.2555 0.2415 0.2415 0.2495 0.2495 0.2495
0.1895 0.189 0.189 0.189 0.166 0.166 0.178 0.178 0.2365 0.2365 0.2395 0.2395 0.2395 0.2365 0.2365 0.234 0.234 0.247 0.247 0.247 0.2525 0.2525 0.243 0.243 0.2325 0.2325 0.2325 0.236 0.236 0.217 0.217 0.2335 0.2335 0.2335 0.2235 0.2235 0.2315 0.2315 0.2475 0.2475 0.2475 0.244 0.244 0.2495 0.2495 0.2475 0.2475 0.2435 0.2435 0.2435 0.2435 0.2435 0.2375 0.2375 0.2335 0.2335 0.2335 0.2335 0.2335 0.231 0.231 0.244 0.244 0.244 0.2555 0.2555 0.256 0.256 0.2505 0.2505 0.2505 0.2555 0.2555 0.2415 0.2415 0.2495 0.2495 0.2495
0.185 0.192 0.192 0.192 0.1835 0.1835 0.21 0.21 0.234 0.234 0.247 0.247 0.247 0.2475 0.2475 0.246 0.246 0.2495 0.2495 0.2495 0.237 0.237 0.2255 0.2255 0.2215 0.2215 0.2215 0.218 0.218 0.2265 0.2265 0.231 0.231 0.231 0.2555 0.2555 0.2505 0.2505 0.2475 0.2475 0.2475 0.247 0.247 0.2465 0.2465 0.25 0.25 0.2475 0.2475 0.2475 0.2425 0.2425 0.235 0.235 0.24 0.24 0.24 0.2255 0.2255 0.2345 0.2345 0.2275 0.2275 0.2275 0.2485 0.2485 0.2535 0.2535 0.248 0.248 0.248 0.252 0.252 0.2455 0.2455 0.2475 0.2475 0.2475
0.185 0.192 0.192 0.192 0.1835 0.1835 0.21 0.21 0.234 0.234 0.247 0.247 0.247 0.2475 0.2475 0.246 0.246 0.2495 0.2495 0.2495 0.237 0.237 0.2255 0.2255 0.2215 0.2215 0.2215 0.218 0.218 0.2265 0.2265 0.231 0.231 0.231 0.2555 0.2555 0.2505 0.2505 0.2475 0.2475 0.2475 0.247 0.247 0.2465 0.2465 0.25 0.25 0.2475 0.2475 0.2475 0.2425 0.2425 0.235 0.235 0.24 0.24 0.24 0.2255 0.2255 0.2345 0.2345 0.2275 0.2275 0.2275 0.2485 0.2485 0.2535 0.2535 0.248 0.248 0.248 0.252 0.252 0.2455 0.2455 0.2475 0.2475 0.2475
0.195 0.192 0.192 0.192 0.193 0.193 0.2145 0.2145 0.2255 0.2255 0.2455 0.2455 0.2455 0.2505 0.2505 0.25 0.25 0.2475 0.2475 0.2475 0.253 0.253 0.2425 0.2425 0.2125 0.2125 0.2125 0.221 0.221 0.2255 0.2255 0.2295 0.2295 0.2295 0.2575 0.2575 0.2525 0.2525 0.2535 0.2535 0.2535 0.2585 0.2585 0.239 0.239 0.2485 0.2485 0.2385 0.2385 0.2385 0.2435 0.2435 0.243 0.243 0.2415 0.2415 0.2415 0.242 0.242 0.2345 0.2345 0.242 0.242 0.242 0.251 0.251 0.252 0.252 0.256 0.256 0.256 0.2605 0.2605 0.265 0.265 0.263 0.263 0.263
0.195 0.192 0.192 0.192 0.193 0.193 0.2145 0.2145 0.2255 0.2255 0.2455 0.2455 0.2455 0.2505 0.2505 0.25 0.25 0.2475 0.2475 0.2475 0.253 0.253 0.2425 0.2425 0.2125 0.2125 0.2125 0.221 0.221 0.2255 0.2255 0.2295 0.2295 0.2295 0.2575 0.2575 0.2525 0.2525 0.2535 0.2535 0.2535 0.2585 0.2585 0.239 0.239 0.2485 0.2485 0.2385 0.2385 0.2385 0.2435 0.2435 0.243 0.243 0.2415 0.2415 0.2415 0.242 0.242 0.2345 0.2345 0.242 0.242 0.242 0.251 0.251 0.252 0.252 0.256 0.256 0.256 0.2605 0.2605 0.265 0.265 0.263 0.263 0.263
0.211 0.21 0.21 0.21 0.2165 0.2165 0.218 0.218 0.2255 0.2255 0.2405 0.2405 0.2405 0.231 0.231 0.235 0.235 0.2345 0.2345 0.2345 0.2355 0.2355 0.2205 0.2205 0.221 0.221 0.221 0.2265 0.2265 0.234 0.234 0.251 0.251 0.251 0.2515 0.2515 0.263 0.263 0.2675 0.2675 0.2675 0.2645 0.2645 0.2595 0.2595 0.2595 0.2595 0.244 0.244 0.244 0.245 0.245 0.2365 0.2365 0.247 0.247 0.247 0.237 0.237 0.2335 0.2335 0.246 0.246 0.246 0.2455 0.2455 0.245 0.245 0.256 0.256 0.256 0.252 0.252 0.2755 0.2755 0.272 0.272 0.272
0.211 0.21 0.21 0.21 0.2165 0.2165 0.218 0.218 0.2255 0.2255 0.2405 0.2405 0.2405 0.231 0.231 0.235 0.235 0.2345 0.2345 0.2345 0.2355 0.2355 0.2205 0.2205 0.221 0.221 0.221 0.2265 0.2265 0.234 0.234 0.251 0.251 0.251 0.2515 0.2515 0.263 0.263 0.2675 0.2675 0.2675 0.2645 0.2645 0.2595 0.2595 0.2595 0.2595 0.244 0.244 0.244 0.245 0.245 0.2365 0.2365 0.247 0.247 0.247 0.237 0.237 0.2335 0.2335 0.246 0.246 0.246 0.2455 0.2455 0.245 0.245 0.256 0.256 0.256 0.252 0.252 0.2755 0.2755 0.272 0.272 0.272
0.211 0.21 0.21 0.21 0.2165 0.2165 0.218 0.218 0.2255 0.2255 0.2405 0.2405 0.2405 0.231 0.231 0.235 0.235 0.2345 0.2345 0.2345 0.2355 0.2355 0.2205 0.2205 0.221 0.221 0.221 0.2265 0.2265 0.234 0.234 0.251 0.251 0.251 0.2515 0.2515 0.263 0.263 0.2675 0.2675 0.2675 0.2645 0.2645 0.2595 0.2595 0.2595 0.2595 0.244 0.244 0.244 0.245 0.245 0.2365 0.2365 0.247 0.247 0.247 0.237 0.237 0.2335 0.2335 0.246 0.246 0.246 0.2455 0.2455 0.245 0.245 0.256 0.256 0.256 0.252 0.252 0.2755 0.2755 0.272 0.272 0.272
0.219 0.2275 0.2275 0.2275 0.2205 0.2205 0.231 0.231 0.221 0.221 0.216 0.216 0.216 0.221 0.221 0.2235 0.2235 0.236 0.236 0.236 0.244 0.244 0.2145 0.2145 0.225 0.225 0.225 0.2335 0.2335 0.2435 0.2435 0.25 0.25 0.25 0.244 0.244 0.259 0.259 0.265 0.265 0.265 0.2605 0.2605 0.265 0.265 0.25 0.25 0.2505 0.2505 0.2505 0.2535 0.2535 0.2225 0.2225 0.222 0.222 0.222 0.249 0.249 0.2375 0.2375 0.238 0.238 0.238 0.2275 0.2275 0.2465 0.2465 0.2475 0.2475 0.2475 0.25 0.25 0.288 0.288 0.28 0.28 0.28
0.219 0.2275 0.2275 0.2275 0.2205 0.2205 0.231 0.231 0.221 0.221 0.216 0.216 0.216 0.221 0.221 0.2235 0.2235 0.236 0.236 0.236 0.244 0.244 0.2145 0.2145 0.225 0.225 0.225 0.2335 0.2335 0.2435 0.2435 0.25 0.25 0.25 0.244 0.244 0.259 0.259 0.265 0.265 0.265 0.2605 0.2605 0.265 0.265 0.25 0.25 0.2505 0.2505 0.2505 0.2535 0.2535 0.2225 0.2225 0.222 0.222 0.222 0.249 0.249 0.2375 0.2375 0.238 0.238 0.238 0.2275 0.2275 0.2465 0.2465 0.2475 0.2475 0.2475 0.25 0.25 0.288 0.288 0.28 0.28 0.28
0.225 0.2185 0.2185 0.2185 0.204 0.204 0.229 0.229 0.222 0.222 0.2175 0.2175 0.2175 0.212 0.212 0.2405 0.2405 0.2565 0.2565 0.2565 0.2445 0.2445 0.226 0.226 0.2355 0.2355 0.2355 0.2375 0.2375 0.2495 0.2495 0.2445 0.2445 0.2445 0.2465 0.2465 0.25 0.25 0.26 0.26 0.26 0.259 0.259 0.2535 0.2535 0.253 0.253 0.2485 0.2485 0.2485 0.239 0.239 0.241 0.241 0.2145 0.2145 0.2145 0.2155 0.2155 0.223 0.223 0.223 0.223 0.223 0.2105 0.2105 0.2125 0.2125 0.2345 0.2345 0.2345 0.239 0.239 0.2515 0.2515 0.248 0.248 0.248
0.225 0.2185 0.2185 0.2185 0.204 0.204 0.229 0.229 0.222 0.222 0.2175 0.2175 0.2175 0.212 0.212 0.2405 0.2405 0.2565 0.2565 0.2565 0.2445 0.2445 0.226 0.226 0.2355 0.2355 0.2355 0.2375 0.2375 0.2495 0.2495 0.2445 0.2445 0.2445 0.2465 0.2465 0.25 0.25 0.26 0.26 0.26 0.259 0.259 0.2535 0.2535 0.253 0.253 0.2485 0.2485 0.2485 0.239 0.239 0.241 0.241 0.2145 0.2145 0.2145 0.2155 0.2155 0.223 0.223 0.223 0.223 0.223 0.2105 0.2105 0.2125 0.2125 0.2345 0.2345 0.2345 0.239 0.239 0.2515 0.2515 0.248 0.248 0.248
0.2225 0.2085 0.2085 0.2085 0.2055 0.2055 0.2225 0.2225 0.233 0.233 0.2425 0.2425 0.2425 0.24 0.24 0.2495 0.2495 0.2555 0.2555 0.2555 0.2445 0.2445 0.2375 0.2375 0.252 0.252 0.252 0.2385 0.2385 0.2435 0.2435 0.2355 0.2355 0.2355 0.234 0.234 0.2405 0.2405 0.245 0.245 0.245 0.252 0.252 0.251 0.251 0.252 0.252 0.2725 0.2725 0.2725 0.2395 0.2395 0.2315 0.2315 0.2155 0.2155 0.2155 0.2215 0.2215 0.2165 0.2165 0.223 0.223 0.223 0.2145 0.2145 0.2165 0.2165 0.213 0.213 0.213 0.223 0.223 0.233 0.233 0.2165 0.2165 0.2165
