ndvi/NOAA-335.asc
ncols         252
nrows         154
xllcorner     -18.017974
yllcorner     13.481982
cellsize      0.035948
NODATA_value  -9999
[rows 105 to 139 of 154, columns 156 to 233 of 252]
0.256 0.28 0.28 0.28 0.264 0.264 0.2375 0.2375 0.267 0.267 0.2615 0.2615 0.2615 0.312 0.312 0.3175 0.3175 0.3 0.3 0.3 0.3015 0.3015 0.266 0.266 0.292 0.292 0.292 0.3105 0.3105 0.2775 0.2775 0.254 0.254 0.254 0.274 0.274 0.255 0.255 0.285 0.285 0.285 0.2605 0.2605 0.315 0.315 0.2775 0.2775 0.2715 0.2715 0.2715 0.2785 0.2785 0.2715 0.2715 0.273 0.273 0.273 0.2655 0.2655 0.266 0.266 0.259 0.259 0.259 0.261 0.261 0.2665 0.2665 0.257 0.257 0.257 0.2705 0.2705 0.3675 0.3675 0.298 0.298 0.298
0.3135 0.2905 0.2905 0.2905 0.2775 0.2775 0.291 0.291 0.2775 0.2775 0.278 0.278 0.278 0.2605 0.2605 0.292 0.292 0.294 0.294 0.294 0.3035 0.3035 0.2845 0.2845 0.3165 0.3165 0.3165 0.306 0.306 0.323 0.323 0.3215 0.3215 0.3215 0.2685 0.2685 0.314 0.314 0.3315 0.3315 0.3315 0.293 0.293 0.3125 0.3125 0.327 0.327 0.313 0.313 0.313 0.3545 0.3545 0.383 0.383 0.3375 0.3375 0.3375 0.2765 0.2765 0.293 0.293 0.2945 0.2945 0.2945 0.2925 0.2925 0.316 0.316 0.293 0.293 0.293 0.3165 0.3165 0.3345 0.3345 0.322 0.322 0.322
0.3135 0.2905 0.2905 0.2905 0.2775 0.2775 0.291 0.291 0.2775 0.2775 0.278 0.278 0.278 0.2605 0.2605 0.292 0.292 0.294 0.294 0.294 0.3035 0.3035 0.2845 0.2845 0.3165 0.3165 0.3165 0.306 0.306 0.323 0.323 0.3215 0.3215 0.3215 0.2685 0.2685 0.314 0.314 0.3315 0.3315 0.3315 0.293 0.293 0.3125 0.3125 0.327 0.327 0.313 0.313 0.313 0.3545 0.3545 0.383 0.383 0.3375 0.3375 0.3375 0.2765 0.2765 0.293 0.293 0.2945 0.2945 0.2945 0.2925 0.2925 0.316 0.316 0.293 0.293 0.293 0.3165 0.3165 0.3345 0.3345 0.322 0.322 0.322
0.3285 0.361 0.361 0.361 0.3105 0.3105 0.3135 0.3135 0.3065 0.3065 0.2965 0.2965 0.2965 0.31 0.31 0.331 0.331 0.3355 0.3355 0.3355 0.2665 0.2665 0.3195 0.3195 0.314 0.314 0.314 0.3325 0.3325 0.347 0.347 0.296 0.296 0.296 0.34 0.34 0.33 0.33 0.2915 0.2915 0.2915 0.3 0.3 0.314 0.314 0.2715 0.2715 0.3055 0.3055 0.3055 0.38 0.38 0.369 0.369 0.336 0.336 0.336 0.3095 0.3095 0.332 0.332 0.3265 0.3265 0.3265 0.359 0.359 0.351 0.351 0.329 0.329 0.329 0.3755 0.3755 0.3655 0.3655 0.3055 0.3055 0.3055
0.3285 0.361 0.361 0.361 0.3105 0.3105 0.3135 0.3135 0.3065 0.3065 0.2965 0.2965 0.2965 0.31 0.31 0.331 0.331 0.3355 0.3355 0.3355 0.2665 0.2665 0.3195 0.3195 0.314 0.314 0.314 0.3325 0.3325 0.347 0.347 0.296 0.296 0.296 0.34 0.34 0.33 0.33 0.2915 0.2915 0.2915 0.3 0.3 0.314 0.314 0.2715 0.2715 0.3055 0.3055 0.3055 0.38 0.38 0.369 0.369 0.336 0.336 0.336 0.3095 0.3095 0.332 0.332 0.3265 0.3265 0.3265 0.359 0.359 0.351 0.351 0.329 0.329 0.329 0.3755 0.3755 0.3655 0.3655 0.3055 0.3055 0.3055
0.2875 0.3115 0.3115 0.3115 0.345 0.345 0.3145 0.3145 0.292 0.292 0.314 0.314 0.314 0.381 0.381 0.3885 0.3885 0.2905 0.2905 0.2905 0.275 0.275 0.3085 0.3085 0.3315 0.3315 0.3315 0.3075 0.3075 0.325 0.325 0.348 0.348 0.348 0.3795 0.3795 0.3205 0.3205 0.2905 0.2905 0.2905 0.3415 0.3415 0.3145 0.3145 0.325 0.325 0.285 0.285 0.285 0.2965 0.2965 0.3225 0.3225 0.354 0.354 0.354 0.3295 0.3295 0.3395 0.3395 0.329 0.329 0.329 0.3395 0.3395 0.369 0.369 0.383 0.383 0.383 0.3935 0.3935 0.4075 0.4075 0.346 0.346 0.346
0.2875 0.3115 0.3115 0.3115 0.345 0.345 0.3145 0.3145 0.292 0.292 0.314 0.314 0.314 0.381 0.381 0.3885 0.3885 0.2905 0.2905 0.2905 0.275 0.275 0.3085 0.3085 0.3315 0.3315 0.3315 0.3075 0.3075 0.325 0.325 0.348 0.348 0.348 0.3795 0.3795 0.3205 0.3205 0.2905 0.2905 0.2905 0.3415 0.3415 0.3145 0.3145 0.325 0.325 0.285 0.285 0.285 0.2965 0.2965 0.3225 0.3225 0.354 0.354 0.354 0.3295 0.3295 0.3395 0.3395 0.329 0.329 0.329 0.3395 0.3395 0.369 0.369 0.383 0.383 0.383 0.3935 0.3935 0.4075 0.4075 0.346 0.346 0.346
0.2875 0.3115 0.3115 0.3115 0.345 0.345 0.3145 0.3145 0.292 0.292 0.314 0.314 0.314 0.381 0.381 0.3885 0.3885 0.2905 0.2905 0.2905 0.275 0.275 0.3085 0.3085 0.3315 0.3315 0.3315 0.3075 0.3075 0.325 0.325 0.348 0.348 0.348 0.3795 0.3795 0.3205 0.3205 0.2905 0.2905 0.2905 0.3415 0.3415 0.3145 0.3145 0.325 0.325 0.285 0.285 0.285 0.2965 0.2965 0.3225 0.3225 0.354 0.354 0.354 0.3295 0.3295 0.3395 0.3395 0.329 0.329 0.329 0.3395 0.3395 0.369 0.369 0.383 0.383 0.383 0.3935 0.3935 0.4075 0.4075 0.346 0.346 0.346
0.336 0.35 0.35 0.35 0.317 0.317 0.3165 0.3165 0.34 0.34 0.35 0.35 0.35 0.359 0.359 0.283 0.283 0.2595 0.2595 0.2595 0.302 0.302 0.303 0.303 0.3255 0.3255 0.3255 0.321 0.321 0.328 0.328 0.3675 0.3675 0.3675 0.4565 0.4565 0.316 0.316 0.287 0.287 0.287 0.2915 0.2915 0.284 0.284 0.3375 0.3375 0.358 0.358 0.358 0.293 0.293 0.3715 0.3715 0.3705 0.3705 0.3705 0.3355 0.3355 0.3255 0.3255 0.3315 0.3315 0.3315 0.3565 0.3565 0.368 0.368 0.367 0.367 0.367 0.398 0.398 0.403 0.403 0.3615 0.3615 0.3615
0.336 0.35 0.35 0.35 0.317 0.317 0.3165 0.3165 0.34 0.34 0.35 0.35 0.35 0.359 0.359 0.283 0.283 0.2595 0.2595 0.2595 0.302 0.302 0.303 0.303 0.3255 0.3255 0.3255 0.321 0.321 0.328 0.328 0.3675 0.3675 0.3675 0.4565 0.4565 0.316 0.316 0.287 0.287 0.287 0.2915 0.2915 0.284 0.284 0.3375 0.3375 0.358 0.358 0.358 0.293 0.293 0.3715 0.3715 0.3705 0.3705 0.3705 0.3355 0.3355 0.3255 0.3255 0.3315 0.3315 0.3315 0.3565 0.3565 0.368 0.368 0.367 0.367 0.367 0.398 0.398 0.403 0.403 0.3615 0.3615 0.3615
0.322 0.294 0.294 0.294 0.365 0.365 0.346 0.346 0.3095 0.3095 0.3205 0.3205 0.3205 0.3165 0.3165 0.32 0.32 0.303 0.303 0.303 0.296 0.296 0.3255 0.3255 0.344 0.344 0.344 0.351 0.351 0.302 0.302 0.386 0.386 0.386 0.387 0.387 0.314 0.314 0.291 0.291 0.291 0.304 0.304 0.3065 0.3065 0.3245 0.3245 0.378 0.378 0.378 0.411 0.411 0.4315 0.4315 0.426 0.426 0.426 0.437 0.437 0.3895 0.3895 0.38 0.38 0.38 0.395 0.395 0.3775 0.3775 0.3785 0.3785 0.3785 0.35 0.35 0.3845 0.3845 0.3405 0.3405 0.3405
0.322 0.294 0.294 0.294 0.365 0.365 0.346 0.346 0.3095 0.3095 0.3205 0.3205 0.3205 0.3165 0.3165 0.32 0.32 0.303 0.303 0.303 0.296 0.296 0.3255 0.3255 0.344 0.344 0.344 0.351 0.351 0.302 0.302 0.386 0.386 0.386 0.387 0.387 0.314 0.314 0.291 0.291 0.291 0.304 0.304 0.3065 0.3065 0.3245 0.3245 0.378 0.378 0.378 0.411 0.411 0.4315 0.4315 0.426 0.426 0.426 0.437 0.437 0.3895 0.3895 0.38 0.38 0.38 0.395 0.395 0.3775 0.3775 0.3785 0.3785 0.3785 0.35 0.35 0.3845 0.3845 0.3405 0.3405 0.3405
0.2895 0.31 0.31 0.31 0.306 0.306 0.324 0.324 0.3365 0.3365 0.3435 0.3435 0.3435 0.332 0.332 0.336 0.336 0.279 0.279 0.279 0.28 0.28 0.2915 0.2915 0.3045 0.3045 0.3045 0.3615 0.3615 0.385 0.385 0.3405 0.3405 0.3405 0.318 0.318 0.3505 0.3505 0.383 0.383 0.383 0.4605 0.4605 0.471 0.471 0.391 0.391 0.471 0.471 0.471 0.466 0.466 0.4275 0.4275 0.4115 0.4115 0.4115 0.422 0.422 0.395 0.395 0.4125 0.4125 0.4125 0.409 0.409 0.3995 0.3995 0.4315 0.4315 0.4315 0.4195 0.4195 0.4155 0.4155 0.397 0.397 0.397
0.2895 0.31 0.31 0.31 0.306 0.306 0.324 0.324 0.3365 0.3365 0.3435 0.3435 0.3435 0.332 0.332 0.336 0.336 0.279 0.279 0.279 0.28 0.28 0.2915 0.2915 0.3045 0.3045 0.3045 0.3615 0.3615 0.385 0.385 0.3405 0.3405 0.3405 0.318 0.318 0.3505 0.3505 0.383 0.383 0.383 0.4605 0.4605 0.471 0.471 0.391 0.391 0.471 0.471 0.471 0.466 0.466 0.4275 0.4275 0.4115 0.4115 0.4115 0.422 0.422 0.395 0.395 0.4125 0.4125 0.4125 0.409 0.409 0.3995 0.3995 0.4315 0.4315 0.4315 0.4195 0.4195 0.4155 0.4155 0.397 0.397 0.397
0.2895 0.31 0.31 0.31 0.306 0.306 0.324 0.324 0.3365 0.3365 0.3435 0.3435 0.3435 0.332 0.332 0.336 0.336 0.279 0.279 0.279 0.28 0.28 0.2915 0.2915 0.3045 0.3045 0.3045 0.3615 0.3615 0.385 0.385 0.3405 0.3405 0.3405 0.318 0.318 0.3505 0.3505 0.383 0.383 0.383 0.4605 0.4605 0.471 0.471 0.391 0.391 0.471 0.471 0.471 0.466 0.466 0.4275 0.4275 0.4115 0.4115 0.4115 0.422 0.422 0.395 0.395 0.4125 0.4125 0.4125 0.409 0.409 0.3995 0.3995 0.4315 0.4315 0.4315 0.4195 0.4195 0.4155 0.4155 0.397 0.397 0.397
0.3635 0.346 0.346 0.346 0.302 0.302 0.2815 0.2815 0.3075 0.3075 0.3585 0.3585 0.3585 0.3835 0.3835 0.411 0.411 0.399 0.399 0.399 0.376 0.376 0.318 0.318 0.363 0.363 0.363 0.362 0.362 0.38 0.38 0.3735 0.3735 0.3735 0.3925 0.3925 0.434 0.434 0.422 0.422 0.422 0.4515 0.4515 0.411 0.411 0.43 0.43 0.478 0.478 0.478 0.453 0.453 0.435 0.435 0.443 0.443 0.443 0.4365 0.4365 0.4195 0.4195 0.4445 0.4445 0.4445 0.459 0.459 0.4595 0.4595 0.455 0.455 0.455 0.4005 0.4005 0.3935 0.3935 0.403 0.403 0.403
0.3635 0.346 0.346 0.346 0.302 0.302 0.2815 0.2815 0.3075 0.3075 0.3585 0.3585 0.3585 0.3835 0.3835 0.411 0.411 0.399 0.399 0.399 0.376 0.376 0.318 0.318 0.363 0.363 0.363 0.362 0.362 0.38 0.38 0.3735 0.3735 0.3735 0.3925 0.3925 0.434 0.434 0.422 0.422 0.422 0.4515 0.4515 0.411 0.411 0.43 0.43 0.478 0.478 0.478 0.453 0.453 0.435 0.435 0.443 0.443 0.443 0.4365 0.4365 0.4195 0.4195 0.4445 0.4445 0.4445 0.459 0.459 0.4595 0.4595 0.455 0.455 0.455 0.4005 0.4005 0.3935 0.3935 0.403 0.403 0.403
0.3785 0.35 0.35 0.35 0.2885 0.2885 0.281 0.281 0.2855 0.2855 0.369 0.369 0.369 0.398 0.398 0.409 0.409 0.4035 0.4035 0.4035 0.419 0.419 0.3735 0.3735 0.3725 0.3725 0.3725 0.333 0.333 0.3565 0.3565 0.4155 0.4155 0.4155 0.388 0.388 0.388 0.388 0.395 0.395 0.395 0.427 0.427 0.455 0.455 0.4735 0.4735 0.448 0.448 0.448 0.444 0.444 0.442 0.442 0.46 0.46 0.46 0.464 0.464 0.4325 0.4325 0.4315 0.4315 0.4315 0.4725 0.4725 0.4945 0.4945 0.4615 0.4615 0.4615 0.445 0.445 0.432 0.432 0.395 0.395 0.395
0.3785 0.35 0.35 0.35 0.2885 0.2885 0.281 0.281 0.2855 0.2855 0.369 0.369 0.369 0.398 0.398 0.409 0.409 0.4035 0.4035 0.4035 0.419 0.419 0.3735 0.3735 0.3725 0.3725 0.3725 0.333 0.333 0.3565 0.3565 0.4155 0.4155 0.4155 0.388 0.388 0.388 0.388 0.395 0.395 0.395 0.427 0.427 0.455 0.455 0.4735 0.4735 0.448 0.448 0.448 0.444 0.444 0.442 0.442 0.46 0.46 0.46 0.464 0.464 0.4325 0.4325 0.4315 0.4315 0.4315 0.4725 0.4725 0.4945 0.4945 0.4615 0.4615 0.4615 0.445 0.445 0.432 0.432 0.395 0.395 0.395
0.36 0.3445 0.3445 0.3445 0.3615 0.3615 0.38 0.38 0.375 0.375 0.418 0.418 0.418 0.391 0.391 0.4055 0.4055 0.399 0.399 0.399 0.4085 0.4085 0.406 0.406 0.3755 0.3755 0.3755 0.341 0.341 0.405 0.405 0.3605 0.3605 0.3605 0.3765 0.3765 0.386 0.386 0.4545 0.4545 0.4545 0.4335 0.4335 0.4515 0.4515 0.5 0.5 0.4765 0.4765 0.4765 0.465 0.465 0.458 0.458 0.505 0.505 0.505 0.5155 0.5155 0.4365 0.4365 0.4645 0.4645 0.4645 0.468 0.468 0.4725 0.4725 0.447 0.447 0.447 0.424 0.424 0.4395 0.4395 0.4435 0.4435 0.4435
0.36 0.3445 0.3445 0.3445 0.3615 0.3615 0.38 0.38 0.375 0.375 0.418 0.418 0.418 0.391 0.391 0.4055 0.4055 0.399 0.399 0.399 0.4085 0.4085 0.406 0.406 0.3755 0.3755 0.3755 0.341 0.341 0.405 0.405 0.3605 0.3605 0.3605 0.3765 0.3765 0.386 0.386 0.4545 0.4545 0.4545 0.4335 0.4335 0.4515 0.4515 0.5 0.5 0.4765 0.4765 0.4765 0.465 0.465 0.458 0.458 0.505 0.505 0.505 0.5155 0.5155 0.4365 0.4365 0.4645 0.4645 0.4645 0.468 0.468 0.4725 0.4725 0.447 0.447 0.447 0.424 0.424 0.4395 0.4395 0.4435 0.4435 0.4435
0.3685 0.373 0.373 0.373 0.3505 0.3505 0.424 0.424 0.3935 0.3935 0.436 0.436 0.436 0.4185 0.4185 0.422 0.422 0.4035 0.4035 0.4035 0.4265 0.4265 0.387 0.387 0.397 0.397 0.397 0.396 0.396 0.409 0.409 0.3385 0.3385 0.3385 0.3685 0.3685 0.4205 0.4205 0.4075 0.4075 0.4075 0.472 0.472 0.496 0.496 0.562 0.562 0.504 0.504 0.504 0.4755 0.4755 0.474 0.474 0.468 0.468 0.468 0.4715 0.4715 0.4805 0.4805 0.471 0.471 0.471 0.465 0.465 0.487 0.487 0.455 0.455 0.455 0.462 0.462 0.4405 0.4405 0.468 0.468 0.468
0.3685 0.373 0.373 0.373 0.3505 0.3505 0.424 0.424 0.3935 0.3935 0.436 0.436 0.436 0.4185 0.4185 0.422 0.422 0.4035 0.4035 0.4035 0.4265 0.4265 0.387 0.387 0.397 0.397 0.397 0.396 0.396 0.409 0.409 0.3385 0.3385 0.3385 0.3685 0.3685 0.4205 0.4205 0.4075 0.4075 0.4075 0.472 0.472 0.496 0.496 0.562 0.562 0.504 0.504 0.504 0.4755 0.4755 0.474 0.474 0.468 0.468 0.468 0.4715 0.4715 0.4805 0.4805 0.471 0.471 0.471 0.465 0.465 0.487 0.487 0.455 0.455 0.455 0.462 0.462 0.4405 0.4405 0.468 0.468 0.468
0.3685 0.373 0.373 0.373 0.3505 0.3505 0.424 0.424 0.3935 0.3935 0.436 0.436 0.436 0.4185 0.4185 0.422 0.422 0.4035 0.4035 0.4035 0.4265 0.4265 0.387 0.387 0.397 0.397 0.397 0.396 0.396 0.409 0.409 0.3385 0.3385 0.3385 0.3685 0.3685 0.4205 0.4205 0.4075 0.4075 0.4075 0.472 0.472 0.496 0.496 0.562 0.562 0.504 0.504 0.504 0.4755 0.4755 0.474 0.474 0.468 0.468 0.468 0.4715 0.4715 0.4805 0.4805 0.471 0.471 0.471 0.465 0.465 0.487 0.487 0.455 0.455 0.455 0.462 0.462 0.4405 0.4405 0.468 0.468 0.468
0.385 0.3675 0.3675 0.3675 0.398 0.398 0.456 0.456 0.438 0.438 0.3765 0.3765 0.3765 0.383 0.383 0.3865 0.3865 0.409 0.409 0.409 0.398 0.398 0.407 0.407 0.4115 0.4115 0.4115 0.4125 0.4125 0.4195 0.4195 0.3815 0.3815 0.3815 0.3795 0.3795 0.4495 0.4495 0.482 0.482 0.482 0.4725 0.4725 0.5045 0.5045 0.509 0.509 0.484 0.484 0.484 0.48 0.48 0.518 0.518 0.503 0.503 0.503 0.5085 0.5085 0.443 0.443 0.485 0.485 0.485 0.4535 0.4535 0.461 0.461 0.4365 0.4365 0.4365 0.411 0.411 0.4245 0.4245 0.403 0.403 0.403
0.385 0.3675 0.3675 0.3675 0.398 0.398 0.456 0.456 0.438 0.438 0.3765 0.3765 0.3765 0.383 0.383 0.3865 0.3865 0.409 0.409 0.409 0.398 0.398 0.407 0.407 0.4115 0.4115 0.4115 0.4125 0.4125 0.4195 0.4195 0.3815 0.3815 0.3815 0.3795 0.3795 0.4495 0.4495 0.482 0.482 0.482 0.4725 0.4725 0.5045 0.5045 0.509 0.509 0.484 0.484 0.484 0.48 0.48 0.518 0.518 0.503 0.503 0.503 0.5085 0.5085 0.443 0.443 0.485 0.485 0.485 0.4535 0.4535 0.461 0.461 0.4365 0.4365 0.4365 0.411 0.411 0.4245 0.4245 0.403 0.403 0.403
0.415 0.3855 0.3855 0.3855 0.381 0.381 0.368 0.368 0.399 0.399 0.418 0.418 0.418 0.422 0.422 0.4025 0.4025 0.393 0.393 0.393 0.395 0.395 0.3685 0.3685 0.428 0.428 0.428 0.4205 0.4205 0.4195 0.4195 0.422 0.422 0.422 0.4375 0.4375 0.466 0.466 0.515 0.515 0.515 0.5295 0.5295 0.5265 0.5265 0.5505 0.5505 0.551 0.551 0.551 0.5185 0.5185 0.504 0.504 0.549 0.549 0.549 0.548 0.548 0.5315 0.5315 0.5095 0.5095 0.5095 0.518 0.518 0.4395 0.4395 0.441 0.441 0.441 0.4345 0.4345 0.4145 0.4145 0.4485 0.4485 0.4485
0.415 0.3855 0.3855 0.3855 0.381 0.381 0.368 0.368 0.399 0.399 0.418 0.418 0.418 0.422 0.422 0.4025 0.4025 0.393 0.393 0.393 0.395 0.395 0.3685 0.3685 0.428 0.428 0.428 0.4205 0.4205 0.4195 0.4195 0.422 0.422 0.422 0.4375 0.4375 0.466 0.466 0.515 0.515 0.515 0.5295 0.5295 0.5265 0.5265 0.5505 0.5505 0.551 0.551 0.551 0.5185 0.5185 0.504 0.504 0.549 0.549 0.549 0.548 0.548 0.5315 0.5315 0.5095 0.5095 0.5095 0.518 0.518 0.4395 0.4395 0.441 0.441 0.441 0.4345 0.4345 0.4145 0.4145 0.4485 0.4485 0.4485
0.442 0.3745 0.3745 0.3745 0.4235 0.4235 0.416 0.416 0.436 0.436 0.418 0.418 0.418 0.4475 0.4475 0.4205 0.4205 0.4095 0.4095 0.4095 0.4335 0.4335 0.4645 0.4645 0.4185 0.4185 0.4185 0.449 0.449 0.487 0.487 0.409 0.409 0.409 0.4535 0.4535 0.456 0.456 0.4355 0.4355 0.4355 0.4765 0.4765 0.5415 0.5415 0.491 0.491 0.511 0.511 0.511 0.5485 0.5485 0.5505 0.5505 0.576 0.576 0.576 0.5595 0.5595 0.5395 0.5395 0.5301 0.5301 0.5301 0.4855 0.4855 0.45 0.45 0.4375 0.4375 0.4375 0.4405 0.4405 0.4375 0.4375 0.43 0.43 0.43
0.442 0.3745 0.3745 0.3745 0.4235 0.4235 0.416 0.416 0.436 0.436 0.418 0.418 0.418 0.4475 0.4475 0.4205 0.4205 0.4095 0.4095 0.4095 0.4335 0.4335 0.4645 0.4645 0.4185 0.4185 0.4185 0.449 0.449 0.487 0.487 0.409 0.409 0.409 0.4535 0.4535 0.456 0.456 0.4355 0.4355 0.4355 0.4765 0.4765 0.5415 0.5415 0.491 0.491 0.511 0.511 0.511 0.5485 0.5485 0.5505 0.5505 0.576 0.576 0.576 0.5595 0.5595 0.5395 0.5395 0.5301 0.5301 0.5301 0.4855 0.4855 0.45 0.45 0.4375 0.4375 0.4375 0.4405 0.4405 0.4375 0.4375 0.43 0.43 0.43
0.442 0.3745 0.3745 0.3745 0.4235 0.4235 0.416 0.416 0.436 0.436 0.418 0.418 0.418 0.4475 0.4475 0.4205 0.4205 0.4095 0.4095 0.4095 0.4335 0.4335 0.4645 0.4645 0.4185 0.4185 0.4185 0.449 0.449 0.487 0.487 0.409 0.409 0.409 0.4535 0.4535 0.456 0.456 0.4355 0.4355 0.4355 0.4765 0.4765 0.5415 0.5415 0.491 0.491 0.511 0.511 0.511 0.5485 0.5485 0.5505 0.5505 0.576 0.576 0.576 0.5595 0.5595 0.5395 0.5395 0.5301 0.5301 0.5301 0.4855 0.4855 0.45 0.45 0.4375 0.4375 0.4375 0.4405 0.4405 0.4375 0.4375 0.43 0.43 0.43
0.463 0.4705 0.4705 0.4705 0.4165 0.4165 0.417 0.417 0.4195 0.4195 0.423 0.423 0.423 0.4345 0.4345 0.438 0.438 0.412 0.412 0.412 0.444 0.444 0.4745 0.4745 0.4815 0.4815 0.4815 0.4485 0.4485 0.4945 0.4945 0.4225 0.4225 0.4225 0.462 0.462 0.449 0.449 0.4545 0.4545 0.4545 0.4675 0.4675 0.5665 0.5665 0.5695 0.5695 0.5485 0.5485 0.5485 0.5415 0.5415 0.539 0.539 0.544 0.544 0.544 0.537 0.537 0.569 0.569 0.5165 0.5165 0.5165 0.5105 0.5105 0.455 0.455 0.423 0.423 0.423 0.449 0.449 0.455 0.455 0.4375 0.4375 0.4375
0.463 0.4705 0.4705 0.4705 0.4165 0.4165 0.417 0.417 0.4195 0.4195 0.423 0.423 0.423 0.4345 0.4345 0.438 0.438 0.412 0.412 0.412 0.444 0.444 0.4745 0.4745 0.4815 0.4815 0.4815 0.4485 0.4485 0.4945 0.4945 0.4225 0.4225 0.4225 0.462 0.462 0.449 0.449 0.4545 0.4545 0.4545 0.4675 0.4675 0.5665 0.5665 0.5695 0.5695 0.5485 0.5485 0.5485 0.5415 0.5415 0.539 0.539 0.544 0.544 0.544 0.537 0.537 0.569 0.569 0.5165 0.5165 0.5165 0.5105 0.5105 0.455 0.455 0.423 0.423 0.423 0.449 0.449 0.455 0.455 0.4375 0.4375 0.4375
0.4965 0.4855 0.4855 0.4855 0.45 0.45 0.4205 0.4205 0.4065 0.4065 0.4265 0.4265 0.4265 0.448 0.448 0.4635 0.4635 0.427 0.427 0.427 0.4485 0.4485 0.4645 0.4645 0.4735 0.4735 0.4735 0.4875 0.4875 0.505 0.505 0.4785 0.4785 0.4785 0.447 0.447 0.4335 0.4335 0.447 0.447 0.447 0.479 0.479 0.4715 0.4715 0.5285 0.5285 0.543 0.543 0.543 0.53 0.53 0.552 0.552 0.59 0.59 0.59 0.5715 0.5715 0.5005 0.5005 0.5155 0.5155 0.5155 0.475 0.475 0.477 0.477 0.4745 0.4745 0.4745 0.451 0.451 0.456 0.456 0.485 0.485 0.485
0.4965 0.4855 0.4855 0.4855 0.45 0.45 0.4205 0.4205 0.4065 0.4065 0.4265 0.4265 0.4265 0.448 0.448 0.4635 0.4635 0.427 0.427 0.427 0.4485 0.4485 0.4645 0.4645 0.4735 0.4735 0.4735 0.4875 0.4875 0.505 0.505 0.4785 0.4785 0.4785 0.447 0.447 0.4335 0.4335 0.447 0.447 0.447 0.479 0.479 0.4715 0.4715 0.5285 0.5285 0.543 0.543 0.543 0.53 0.53 0.552 0.552 0.59 0.59 0.59 0.5715 0.5715 0.5005 0.5005 0.5155 0.5155 0.5155 0.475 0.475 0.477 0.477 0.4745 0.4745 0.4745 0.451 0.451 0.456 0.456 0.485 0.485 0.485
