ndvi/NOAA-273.asc
ncols         252
nrows         154
xllcorner     -18.017974
yllcorner     13.481982
cellsize      0.035948
NODATA_value  -9999
[rows 0 to 33 of 154, columns 154 to 230 of 252]
0.0625 0.0715 0.0715 0.066 0.066 0.066 0.0755 0.0755 0.08750001 0.08750001 0.087 0.087 0.083 0.083 0.083 0.0935 0.0935 0.08750001 0.08750001 0.0845 0.0845 0.0845 0.0865 0.0865 0.094 0.094 0.09 0.09 0.09 0.0865 0.0865 0.0865 0.0865 0.09 0.09 0.09 0.0805 0.0805 0.084 0.084 0.0825 0.0825 0.0825 0.0905 0.0905 0.088 0.088 0.087 0.087 0.0865 0.0865 0.0865 0.0745 0.0745 0.07600001 0.07600001 0.0775 0.0775 0.0775 0.079 0.079 0.078 0.078 0.077 0.077 0.077 0.0775 0.0775 0.073 0.073 0.075 0.075 0.075 0.0725 0.0725 0.064 0.064
0.0625 0.0715 0.0715 0.066 0.066 0.066 0.0755 0.0755 0.08750001 0.08750001 0.087 0.087 0.083 0.083 0.083 0.0935 0.0935 0.08750001 0.08750001 0.0845 0.0845 0.0845 0.0865 0.0865 0.094 0.094 0.09 0.09 0.09 0.0865 0.0865 0.0865 0.0865 0.09 0.09 0.09 0.0805 0.0805 0.084 0.084 0.0825 0.0825 0.0825 0.0905 0.0905 0.088 0.088 0.087 0.087 0.0865 0.0865 0.0865 0.0745 0.0745 0.07600001 0.07600001 0.0775 0.0775 0.0775 0.079 0.079 0.078 0.078 0.077 0.077 0.077 0.0775 0.0775 0.073 0.073 0.075 0.075 0.075 0.0725 0.0725 0.064 0.064
0.0675 0.0715 0.0715 0.0715 0.0715 0.0715 0.0885 0.0885 0.0895 0.0895 0.0915 0.0915 0.09100001 0.09100001 0.09100001 0.093 0.093 0.085 0.085 0.0855 0.0855 0.0855 0.087 0.087 0.089 0.089 0.09450001 0.09450001 0.09450001 0.0905 0.0905 0.09299999 0.09299999 0.095 0.095 0.095 0.1 0.1 0.1115 0.1115 0.1105 0.1105 0.1105 0.113 0.113 0.1055 0.1055 0.0965 0.0965 0.09450001 0.09450001 0.09450001 0.095 0.095 0.0935 0.0935 0.094 0.094 0.094 0.092 0.092 0.0875 0.0875 0.086 0.086 0.086 0.082 0.082 0.082 0.082 0.073 0.073 0.073 0.0755 0.0755 0.07099999 0.07099999
0.0675 0.0715 0.0715 0.0715 0.0715 0.0715 0.0885 0.0885 0.0895 0.0895 0.0915 0.0915 0.09100001 0.09100001 0.09100001 0.093 0.093 0.085 0.085 0.0855 0.0855 0.0855 0.087 0.087 0.089 0.089 0.09450001 0.09450001 0.09450001 0.0905 0.0905 0.09299999 0.09299999 0.095 0.095 0.095 0.1 0.1 0.1115 0.1115 0.1105 0.1105 0.1105 0.113 0.113 0.1055 0.1055 0.0965 0.0965 0.09450001 0.09450001 0.09450001 0.095 0.095 0.0935 0.0935 0.094 0.094 0.094 0.092 0.092 0.0875 0.0875 0.086 0.086 0.086 0.082 0.082 0.082 0.082 0.073 0.073 0.073 0.0755 0.0755 0.07099999 0.07099999
0.0675 0.0715 0.0715 0.0715 0.0715 0.0715 0.0885 0.0885 0.0895 0.0895 0.0915 0.0915 0.09100001 0.09100001 0.09100001 0.093 0.093 0.085 0.085 0.0855 0.0855 0.0855 0.087 0.087 0.089 0.089 0.09450001 0.09450001 0.09450001 0.0905 0.0905 0.09299999 0.09299999 0.095 0.095 0.095 0.1 0.1 0.1115 0.1115 0.1105 0.1105 0.1105 0.113 0.113 0.1055 0.1055 0.0965 0.0965 0.09450001 0.09450001 0.09450001 0.095 0.095 0.0935 0.0935 0.094 0.094 0.094 0.092 0.092 0.0875 0.0875 0.086 0.086 0.086 0.082 0.082 0.082 0.082 0.073 0.073 0.073 0.0755 0.0755 0.07099999 0.07099999
0.08400001 0.0855 0.0855 0.085 0.085 0.085 0.087 0.087 0.1 0.1 0.0985 0.0985 0.0995 0.0995 0.0995 0.1 0.1 0.099 0.099 0.09100001 0.09100001 0.09100001 0.0955 0.0955 0.096 0.096 0.104 0.104 0.104 0.105 0.105 0.1175 0.1175 0.1075 0.1075 0.1075 0.111 0.111 0.106 0.106 0.1085 0.1085 0.1085 0.107 0.107 0.1065 0.1065 0.0955 0.0955 0.09649999 0.09649999 0.09649999 0.09450001 0.09450001 0.095 0.095 0.087 0.087 0.087 0.0935 0.0935 0.089 0.089 0.09 0.09 0.09 0.081 0.081 0.0845 0.0845 0.0795 0.0795 0.0795 0.07099999 0.07099999 0.07250001 0.07250001
0.08400001 0.0855 0.0855 0.085 0.085 0.085 0.087 0.087 0.1 0.1 0.0985 0.0985 0.0995 0.0995 0.0995 0.1 0.1 0.099 0.099 0.09100001 0.09100001 0.09100001 0.0955 0.0955 0.096 0.096 0.104 0.104 0.104 0.105 0.105 0.1175 0.1175 0.1075 0.1075 0.1075 0.111 0.111 0.106 0.106 0.1085 0.1085 0.1085 0.107 0.107 0.1065 0.1065 0.0955 0.0955 0.09649999 0.09649999 0.09649999 0.09450001 0.09450001 0.095 0.095 0.087 0.087 0.087 0.0935 0.0935 0.089 0.089 0.09 0.09 0.09 0.081 0.081 0.0845 0.0845 0.0795 0.0795 0.0795 0.07099999 0.07099999 0.07250001 0.07250001
0.0815 0.081 0.081 0.0865 0.0865 0.0865 0.1005 0.1005 0.1045 0.1045 0.104 0.104 0.11 0.11 0.11 0.1045 0.1045 0.11 0.11 0.1005 0.1005 0.1005 0.099 0.099 0.101 0.101 0.098 0.098 0.098 0.1005 0.1005 0.1245 0.1245 0.1165 0.1165 0.1165 0.106 0.106 0.0995 0.0995 0.1065 0.1065 0.1065 0.101 0.101 0.1045 0.1045 0.099 0.099 0.09299999 0.09299999 0.09299999 0.0885 0.0885 0.0895 0.0895 0.0915 0.0915 0.0915 0.087 0.087 0.09 0.09 0.0855 0.0855 0.0855 0.0755 0.0755 0.0775 0.0775 0.075 0.075 0.075 0.07099999 0.07099999 0.0745 0.0745
0.0815 0.081 0.081 0.0865 0.0865 0.0865 0.1005 0.1005 0.1045 0.1045 0.104 0.104 0.11 0.11 0.11 0.1045 0.1045 0.11 0.11 0.1005 0.1005 0.1005 0.099 0.099 0.101 0.101 0.098 0.098 0.098 0.1005 0.1005 0.1245 0.1245 0.1165 0.1165 0.1165 0.106 0.106 0.0995 0.0995 0.1065 0.1065 0.1065 0.101 0.101 0.1045 0.1045 0.099 0.099 0.09299999 0.09299999 0.09299999 0.0885 0.0885 0.0895 0.0895 0.0915 0.0915 0.0915 0.087 0.087 0.09 0.09 0.0855 0.0855 0.0855 0.0755 0.0755 0.0775 0.0775 0.075 0.075 0.075 0.07099999 0.07099999 0.0745 0.0745
0.088 0.0925 0.0925 0.088 0.088 0.088 0.093 0.093 0.0955 0.0955 0.103 0.103 0.0985 0.0985 0.0985 0.107 0.107 0.104 0.104 0.104 0.104 0.104 0.0995 0.0995 0.1015 0.1015 0.0995 0.0995 0.0995 0.1005 0.1005 0.098 0.098 0.096 0.096 0.096 0.0885 0.0885 0.0975 0.0975 0.0855 0.0855 0.0855 0.089 0.089 0.09999999 0.09999999 0.099 0.099 0.094 0.094 0.094 0.092 0.092 0.09 0.09 0.0855 0.0855 0.0855 0.0815 0.0815 0.088 0.088 0.083 0.083 0.083 0.0765 0.0765 0.076 0.076 0.0755 0.0755 0.0755 0.073 0.073 0.076 0.076
0.088 0.0925 0.0925 0.088 0.088 0.088 0.093 0.093 0.0955 0.0955 0.103 0.103 0.0985 0.0985 0.0985 0.107 0.107 0.104 0.104 0.104 0.104 0.104 0.0995 0.0995 0.1015 0.1015 0.0995 0.0995 0.0995 0.1005 0.1005 0.098 0.098 0.096 0.096 0.096 0.0885 0.0885 0.0975 0.0975 0.0855 0.0855 0.0855 0.089 0.089 0.09999999 0.09999999 0.099 0.099 0.094 0.094 0.094 0.092 0.092 0.09 0.09 0.0855 0.0855 0.0855 0.0815 0.0815 0.088 0.088 0.083 0.083 0.083 0.0765 0.0765 0.076 0.076 0.0755 0.0755 0.0755 0.073 0.073 0.076 0.076
0.096 0.0945 0.0945 0.097 0.097 0.097 0.102 0.102 0.098 0.098 0.1035 0.1035 0.103 0.103 0.103 0.1135 0.1135 0.1135 0.1135 0.1015 0.1015 0.1015 0.097 0.097 0.103 0.103 0.108 0.108 0.108 0.101 0.101 0.0935 0.0935 0.0975 0.0975 0.0975 0.097 0.097 0.09299999 0.09299999 0.089 0.089 0.089 0.0845 0.0845 0.094 0.094 0.1055 0.1055 0.1015 0.1015 0.1015 0.08750001 0.08750001 0.0895 0.0895 0.0825 0.0825 0.0825 0.07799999 0.07799999 0.078 0.078 0.072 0.072 0.072 0.0665 0.0665 0.0605 0.0605 0.0675 0.0675 0.0675 0.067 0.067 0.07350001 0.07350001
0.096 0.0945 0.0945 0.097 0.097 0.097 0.102 0.102 0.098 0.098 0.1035 0.1035 0.103 0.103 0.103 0.1135 0.1135 0.1135 0.1135 0.1015 0.1015 0.1015 0.097 0.097 0.103 0.103 0.108 0.108 0.108 0.101 0.101 0.0935 0.0935 0.0975 0.0975 0.0975 0.097 0.097 0.09299999 0.09299999 0.089 0.089 0.089 0.0845 0.0845 0.094 0.094 0.1055 0.1055 0.1015 0.1015 0.1015 0.08750001 0.08750001 0.0895 0.0895 0.0825 0.0825 0.0825 0.07799999 0.07799999 0.078 0.078 0.072 0.072 0.072 0.0665 0.0665 0.0605 0.0605 0.0675 0.0675 0.0675 0.067 0.067 0.07350001 0.07350001
0.096 0.0945 0.0945 0.097 0.097 0.097 0.102 0.102 0.098 0.098 0.1035 0.1035 0.103 0.103 0.103 0.1135 0.1135 0.1135 0.1135 0.1015 0.1015 0.1015 0.097 0.097 0.103 0.103 0.108 0.108 0.108 0.101 0.101 0.0935 0.0935 0.0975 0.0975 0.0975 0.097 0.097 0.09299999 0.09299999 0.089 0.089 0.089 0.0845 0.0845 0.094 0.094 0.1055 0.1055 0.1015 0.1015 0.1015 0.08750001 0.08750001 0.0895 0.0895 0.0825 0.0825 0.0825 0.07799999 0.07799999 0.078 0.078 0.072 0.072 0.072 0.0665 0.0665 0.0605 0.0605 0.0675 0.0675 0.0675 0.067 0.067 0.07350001 0.07350001
0.087 0.1025 0.1025 0.084 0.084 0.084 0.103 0.103 0.107 0.107 0.1065 0.1065 0.1045 0.1045 0.1045 0.1095 0.1095 0.1215 0.1215 0.1105 0.1105 0.1105 0.1065 0.1065 0.109 0.109 0.1035 0.1035 0.1035 0.094 0.094 0.095 0.095 0.0945 0.0945 0.0945 0.085 0.085 0.0925 0.0925 0.0885 0.0885 0.0885 0.0865 0.0865 0.0905 0.0905 0.0915 0.0915 0.087 0.087 0.087 0.08 0.08 0.0925 0.0925 0.086 0.086 0.086 0.0725 0.0725 0.0546 0.0546 0.0635 0.0635 0.0635 0.063 0.063 0.058 0.058 0.065 0.065 0.065 0.066 0.066 0.0845 0.0845
0.087 0.1025 0.1025 0.084 0.084 0.084 0.103 0.103 0.107 0.107 0.1065 0.1065 0.1045 0.1045 0.1045 0.1095 0.1095 0.1215 0.1215 0.1105 0.1105 0.1105 0.1065 0.1065 0.109 0.109 0.1035 0.1035 0.1035 0.094 0.094 0.095 0.095 0.0945 0.0945 0.0945 0.085 0.085 0.0925 0.0925 0.0885 0.0885 0.0885 0.0865 0.0865 0.0905 0.0905 0.0915 0.0915 0.087 0.087 0.087 0.08 0.08 0.0925 0.0925 0.086 0.086 0.086 0.0725 0.0725 0.0546 0.0546 0.0635 0.0635 0.0635 0.063 0.063 0.058 0.058 0.065 0.065 0.065 0.066 0.066 0.0845 0.0845
0.098 0.094 0.094 0.095 0.095 0.095 0.1035 0.1035 0.1 0.1 0.1035 0.1035 0.1025 0.1025 0.1025 0.109 0.109 0.113 0.113 0.103 0.103 0.103 0.1 0.1 0.099 0.099 0.0935 0.0935 0.0935 0.09 0.09 0.086 0.086 0.0825 0.0825 0.0825 0.0815 0.0815 0.081 0.081 0.0755 0.0755 0.0755 0.0585 0.0585 0.0501 0.0501 0.035 0.035 0.0507 0.0507 0.0507 0.0465 0.0465 0.062 0.062 0.0675 0.0675 0.0675 0.0655 0.0655 0.0675 0.0675 0.0665 0.0665 0.0665 0.063 0.063 0.06 0.06 0.0665 0.0665 0.0665 0.0605 0.0605 0.075 0.075
0.098 0.094 0.094 0.095 0.095 0.095 0.1035 0.1035 0.1 0.1 0.1035 0.1035 0.1025 0.1025 0.1025 0.109 0.109 0.113 0.113 0.103 0.103 0.103 0.1 0.1 0.099 0.099 0.0935 0.0935 0.0935 0.09 0.09 0.086 0.086 0.0825 0.0825 0.0825 0.0815 0.0815 0.081 0.081 0.0755 0.0755 0.0755 0.0585 0.0585 0.0501 0.0501 0.035 0.035 0.0507 0.0507 0.0507 0.0465 0.0465 0.062 0.062 0.0675 0.0675 0.0675 0.0655 0.0655 0.0675 0.0675 0.0665 0.0665 0.0665 0.063 0.063 0.06 0.06 0.0665 0.0665 0.0665 0.0605 0.0605 0.075 0.075
0.0935 0.101 0.101 0.086 0.086 0.086 0.0905 0.0905 0.111 0.111 0.0915 0.0915 0.0935 0.0935 0.0935 0.097 0.097 0.0935 0.0935 0.1015 0.1015 0.1015 0.12 0.12 0.096 0.096 0.097 0.097 0.097 0.106 0.106 0.0685 0.0685 0.0705 0.0705 0.0705 0.0645 0.0645 0.059 0.059 0.0785 0.0785 0.0785 0.07600001 0.07600001 0.0765 0.0765 0.0785 0.0785 0.0745 0.0745 0.0745 0.06900001 0.06900001 0.067 0.067 0.0675 0.0675 0.0675 0.0655 0.0655 0.0675 0.0675 0.0635 0.0635 0.0635 0.0536 0.0536 0.057 0.057 0.0585 0.0585 0.0585 0.0695 0.0695 0.077 0.077
0.0935 0.101 0.101 0.086 0.086 0.086 0.0905 0.0905 0.111 0.111 0.0915 0.0915 0.0935 0.0935 0.0935 0.097 0.097 0.0935 0.0935 0.1015 0.1015 0.1015 0.12 0.12 0.096 0.096 0.097 0.097 0.097 0.106 0.106 0.0685 0.0685 0.0705 0.0705 0.0705 0.0645 0.0645 0.059 0.059 0.0785 0.0785 0.0785 0.07600001 0.07600001 0.0765 0.0765 0.0785 0.0785 0.0745 0.0745 0.0745 0.06900001 0.06900001 0.067 0.067 0.0675 0.0675 0.0675 0.0655 0.0655 0.0675 0.0675 0.0635 0.0635 0.0635 0.0536 0.0536 0.057 0.057 0.0585 0.0585 0.0585 0.0695 0.0695 0.077 0.077
0.0935 0.101 0.101 0.086 0.086 0.086 0.0905 0.0905 0.111 0.111 0.0915 0.0915 0.0935 0.0935 0.0935 0.097 0.097 0.0935 0.0935 0.1015 0.1015 0.1015 0.12 0.12 0.096 0.096 0.097 0.097 0.097 0.106 0.106 0.0685 0.0685 0.0705 0.0705 0.0705 0.0645 0.0645 0.059 0.059 0.0785 0.0785 0.0785 0.07600001 0.07600001 0.0765 0.0765 0.0785 0.0785 0.0745 0.0745 0.0745 0.06900001 0.06900001 0.067 0.067 0.0675 0.0675 0.0675 0.0655 0.0655 0.0675 0.0675 0.0635 0.0635 0.0635 0.0536 0.0536 0.057 0.057 0.0585 0.0585 0.0585 0.0695 0.0695 0.077 0.077
0.094 0.1315 0.1315 0.09450001 0.09450001 0.09450001 0.085 0.085 0.082 0.082 0.0905 0.0905 0.0925 0.0925 0.0925 0.0975 0.0975 0.123 0.123 0.0985 0.0985 0.0985 0.105 0.105 0.1 0.1 0.09299999 0.09299999 0.09299999 0.072 0.072 0.0755 0.0755 0.08 0.08 0.08 0.1025 0.1025 0.0955 0.0955 0.0855 0.0855 0.0855 0.0795 0.0795 0.074 0.074 0.07250001 0.07250001 0.0685 0.0685 0.0685 0.0685 0.0685 0.069 0.069 0.068 0.068 0.068 0.068 0.068 0.0705 0.0705 0.066 0.066 0.066 0.064 0.064 0.0685 0.0685 0.0675 0.0675 0.0675 0.071 0.071 0.07350001 0.07350001
0.094 0.1315 0.1315 0.09450001 0.09450001 0.09450001 0.085 0.085 0.082 0.082 0.0905 0.0905 0.0925 0.0925 0.0925 0.0975 0.0975 0.123 0.123 0.0985 0.0985 0.0985 0.105 0.105 0.1 0.1 0.09299999 0.09299999 0.09299999 0.072 0.072 0.0755 0.0755 0.08 0.08 0.08 0.1025 0.1025 0.0955 0.0955 0.0855 0.0855 0.0855 0.0795 0.0795 0.074 0.074 0.07250001 0.07250001 0.0685 0.0685 0.0685 0.0685 0.0685 0.069 0.069 0.068 0.068 0.068 0.068 0.068 0.0705 0.0705 0.066 0.066 0.066 0.064 0.064 0.0685 0.0685 0.0675 0.0675 0.0675 0.071 0.071 0.07350001 0.07350001
0.0865 0.106 0.106 0.093 0.093 0.093 0.094 0.094 0.079 0.079 0.0845 0.0845 0.102 0.102 0.102 0.1015 0.1015 0.104 0.104 0.107 0.107 0.107 0.12 0.12 0.124 0.124 0.1275 0.1275 0.1275 0.1115 0.1115 0.0975 0.0975 0.11 0.11 0.11 0.106 0.106 0.09299999 0.09299999 0.078 0.078 0.078 0.0795 0.0795 0.0785 0.0785 0.0725 0.0725 0.0655 0.0655 0.0655 0.0665 0.0665 0.0645 0.0645 0.07 0.07 0.07 0.0705 0.0705 0.0725 0.0725 0.075 0.075 0.075 0.0665 0.0665 0.072 0.072 0.0685 0.0685 0.0685 0.0675 0.0675 0.056 0.056
0.0865 0.106 0.106 0.093 0.093 0.093 0.094 0.094 0.079 0.079 0.0845 0.0845 0.102 0.102 0.102 0.1015 0.1015 0.104 0.104 0.107 0.107 0.107 0.12 0.12 0.124 0.124 0.1275 0.1275 0.1275 0.1115 0.1115 0.0975 0.0975 0.11 0.11 0.11 0.106 0.106 0.09299999 0.09299999 0.078 0.078 0.078 0.0795 0.0795 0.0785 0.0785 0.0725 0.0725 0.0655 0.0655 0.0655 0.0665 0.0665 0.0645 0.0645 0.07 0.07 0.07 0.0705 0.0705 0.0725 0.0725 0.075 0.075 0.075 0.0665 0.0665 0.072 0.072 0.0685 0.0685 0.0685 0.0675 0.0675 0.056 0.056
0.09450001 0.0975 0.0975 0.109 0.109 0.109 0.123 0.123 0.109 0.109 0.104 0.104 0.1115 0.1115 0.1115 0.11 0.11 0.119 0.119 0.1125 0.1125 0.1125 0.1105 0.1105 0.1135 0.1135 0.1215 0.1215 0.1215 0.1205 0.1205 0.1255 0.1255 0.113 0.113 0.113 0.1055 0.1055 0.0925 0.0925 0.086 0.086 0.086 0.082 0.082 0.084 0.084 0.0755 0.0755 0.07449999 0.07449999 0.07449999 0.0705 0.0705 0.066 0.066 0.07 0.07 0.07 0.071 0.071 0.0675 0.0675 0.0715 0.0715 0.0715 0.07449999 0.07449999 0.0695 0.0695 0.066 0.066 0.066 0.0625 0.0625 0.0675 0.0675
0.09450001 0.0975 0.0975 0.109 0.109 0.109 0.123 0.123 0.109 0.109 0.104 0.104 0.1115 0.1115 0.1115 0.11 0.11 0.119 0.119 0.1125 0.1125 0.1125 0.1105 0.1105 0.1135 0.1135 0.1215 0.1215 0.1215 0.1205 0.1205 0.1255 0.1255 0.113 0.113 0.113 0.1055 0.1055 0.0925 0.0925 0.086 0.086 0.086 0.082 0.082 0.084 0.084 0.0755 0.0755 0.07449999 0.07449999 0.07449999 0.0705 0.0705 0.066 0.066 0.07 0.07 0.07 0.071 0.071 0.0675 0.0675 0.0715 0.0715 0.0715 0.07449999 0.07449999 0.0695 0.0695 0.066 0.066 0.066 0.0625 0.0625 0.0675 0.0675
0.09450001 0.0975 0.0975 0.109 0.109 0.109 0.123 0.123 0.109 0.109 0.104 0.104 0.1115 0.1115 0.1115 0.11 0.11 0.119 0.119 0.1125 0.1125 0.1125 0.1105 0.1105 0.1135 0.1135 0.1215 0.1215 0.1215 0.1205 0.1205 0.1255 0.1255 0.113 0.113 0.113 0.1055 0.1055 0.0925 0.0925 0.086 0.086 0.086 0.082 0.082 0.084 0.084 0.0755 0.0755 0.07449999 0.07449999 0.07449999 0.0705 0.0705 0.066 0.066 0.07 0.07 0.07 0.071 0.071 0.0675 0.0675 0.0715 0.0715 0.0715 0.07449999 0.07449999 0.0695 0.0695 0.066 0.066 0.066 0.0625 0.0625 0.0675 0.0675
0.09 0.0865 0.0865 0.107 0.107 0.107 0.176 0.176 0.13 0.13 0.1095 0.1095 0.1055 0.1055 0.1055 0.1125 0.1125 0.12 0.12 0.1125 0.1125 0.1125 0.1215 0.1215 0.116 0.116 0.1165 0.1165 0.1165 0.1145 0.1145 0.1215 0.1215 0.1045 0.1045 0.1045 0.102 0.102 0.0955 0.0955 0.0945 0.0945 0.0945 0.0875 0.0875 0.0885 0.0885 0.086 0.086 0.0815 0.0815 0.0815 0.0785 0.0785 0.077 0.077 0.07099999 0.07099999 0.07099999 0.0735 0.0735 0.08149999 0.08149999 0.0815 0.0815 0.0815 0.08050001 0.08050001 0.089 0.089 0.088 0.088 0.088 0.08499999 0.08499999 0.074 0.074
0.09 0.0865 0.0865 0.107 0.107 0.107 0.176 0.176 0.13 0.13 0.1095 0.1095 0.1055 0.1055 0.1055 0.1125 0.1125 0.12 0.12 0.1125 0.1125 0.1125 0.1215 0.1215 0.116 0.116 0.1165 0.1165 0.1165 0.1145 0.1145 0.1215 0.1215 0.1045 0.1045 0.1045 0.102 0.102 0.0955 0.0955 0.0945 0.0945 0.0945 0.0875 0.0875 0.0885 0.0885 0.086 0.086 0.0815 0.0815 0.0815 0.0785 0.0785 0.077 0.077 0.07099999 0.07099999 0.07099999 0.0735 0.0735 0.08149999 0.08149999 0.0815 0.0815 0.0815 0.08050001 0.08050001 0.089 0.089 0.088 0.088 0.088 0.08499999 0.08499999 0.074 0.074
0.099 0.0985 0.0985 0.1225 0.1225 0.1225 0.1195 0.1195 0.1125 0.1125 0.1305 0.1305 0.119 0.119 0.119 0.116 0.116 0.1085 0.1085 0.127 0.127 0.127 0.114 0.114 0.1315 0.1315 0.124 0.124 0.124 0.119 0.119 0.1115 0.1115 0.09900001 0.09900001 0.09900001 0.0975 0.0975 0.0955 0.0955 0.0885 0.0885 0.0885 0.0865 0.0865 0.0895 0.0895 0.087 0.087 0.089 0.089 0.089 0.0905 0.0905 0.084 0.084 0.085 0.085 0.085 0.089 0.089 0.09450001 0.09450001 0.0895 0.0895 0.0895 0.1015 0.1015 0.099 0.099 0.089 0.089 0.089 0.082 0.082 0.0765 0.0765
0.099 0.0985 0.0985 0.1225 0.1225 0.1225 0.1195 0.1195 0.1125 0.1125 0.1305 0.1305 0.119 0.119 0.119 0.116 0.116 0.1085 0.1085 0.127 0.127 0.127 0.114 0.114 0.1315 0.1315 0.124 0.124 0.124 0.119 0.119 0.1115 0.1115 0.09900001 0.09900001 0.09900001 0.0975 0.0975 0.0955 0.0955 0.0885 0.0885 0.0885 0.0865 0.0865 0.0895 0.0895 0.087 0.087 0.089 0.089 0.089 0.0905 0.0905 0.084 0.084 0.085 0.085 0.085 0.089 0.089 0.09450001 0.09450001 0.0895 0.0895 0.0895 0.1015 0.1015 0.099 0.099 0.089 0.089 0.089 0.082 0.082 0.0765 0.0765
0.135 0.1195 0.1195 0.124 0.124 0.124 0.162 0.162 0.1415 0.1415 0.09900001 0.09900001 0.1005 0.1005 0.1005 0.119 0.119 0.132 0.132 0.1405 0.1405 0.1405 0.1445 0.1445 0.1235 0.1235 0.117 0.117 0.117 0.1135 0.1135 0.109 0.109 0.09100001 0.09100001 0.09100001 0.0985 0.0985 0.106 0.106 0.103 0.103 0.103 0.098 0.098 0.1025 0.1025 0.129 0.129 0.1315 0.1315 0.1315 0.107 0.107 0.09450001 0.09450001 0.0975 0.0975 0.0975 0.09649999 0.09649999 0.102 0.102 0.1025 0.1025 0.1025 0.1055 0.1055 0.101 0.101 0.106 0.106 0.106 0.103 0.103 0.0815 0.0815
0.135 0.1195 0.1195 0.124 0.124 0.124 0.162 0.162 0.1415 0.1415 0.09900001 0.09900001 0.1005 0.1005 0.1005 0.119 0.119 0.132 0.132 0.1405 0.1405 0.1405 0.1445 0.1445 0.1235 0.1235 0.117 0.117 0.117 0.1135 0.1135 0.109 0.109 0.09100001 0.09100001 0.09100001 0.0985 0.0985 0.106 0.106 0.103 0.103 0.103 0.098 0.098 0.1025 0.1025 0.129 0.129 0.1315 0.1315 0.1315 0.107 0.107 0.09450001 0.09450001 0.0975 0.0975 0.0975 0.09649999 0.09649999 0.102 0.102 0.1025 0.1025 0.1025 0.1055 0.1055 0.101 0.101 0.106 0.106 0.106 0.103 0.103 0.0815 0.0815
