ndvi/NOAA-234.asc
ncols         252
nrows         154
xllcorner     -18.017974
yllcorner     13.481982
cellsize      0.035948
NODATA_value  -9999
[rows 68 to 101 of 154, columns 0 to 76 of 252]
-1 -1 -1 -1 -1 -1 -1 -1 -1 -1 -1 -1 -1 -1 -1 -1 -1 -1 -1 -1 -1 -1 -1 -1 -1 -1 -1 -1 -1 -1 -1 -1 -1 -1 -1 -1 -1 -1 -1 0.162 0.162 0.162 0.1845 0.1845 0.293 0.293 0.2865 0.2865 0.2865 0.273 0.273 0.2655 0.2655 0.325 0.325 0.3025 0.3025 0.3025 0.3285 0.3285 0.338 0.338 0.338 0.338 0.338 0.324 0.324 0.2695 0.2695 0.217 0.217 0.217 0.2105 0.2105 0.222 0.222 0.199
-1 -1 -1 -1 -1 -1 -1 -1 -1 -1 -1 -1 -1 -1 -1 -1 -1 -1 -1 -1 -1 -1 -1 -1 -1 -1 -1 -1 -1 -1 -1 -1 -1 -1 -1 -1 -1 -1 -1 0.2065 0.2065 0.2065 0.3005 0.3005 0.2955 0.2955 0.2205 0.2205 0.2205 0.269 0.269 0.257 0.257 0.265 0.265 0.288 0.288 0.288 0.3355 0.3355 0.325 0.325 0.325 0.325 0.325 0.2815 0.2815 0.2355 0.2355 0.1835 0.1835 0.1835 0.2005 0.2005 0.186 0.186 0.175
-1 -1 -1 -1 -1 -1 -1 -1 -1 -1 -1 -1 -1 -1 -1 -1 -1 -1 -1 -1 -1 -1 -1 -1 -1 -1 -1 -1 -1 -1 -1 -1 -1 -1 -1 -1 -1 -1 -1 0.2065 0.2065 0.2065 0.3005 0.3005 0.2955 0.2955 0.2205 0.2205 0.2205 0.269 0.269 0.257 0.257 0.265 0.265 0.288 0.288 0.288 0.3355 0.3355 0.325 0.325 0.325 0.325 0.325 0.2815 0.2815 0.2355 0.2355 0.1835 0.1835 0.1835 0.2005 0.2005 0.186 0.186 0.175
-1 -1 -1 -1 -1 -1 -1 -1 -1 -1 -1 -1 -1 -1 -1 -1 -1 -1 -1 -1 -1 -1 -1 -1 -1 -1 -1 -1 -1 -1 -1 -1 -1 -1 -1 -1 -1 0.0415 0.0415 0.156 0.156 0.156 0.3035 0.3035 0.3225 0.3225 0.225 0.225 0.225 0.2435 0.2435 0.207 0.207 0.2335 0.2335 0.21 0.21 0.21 0.2155 0.2155 0.243 0.243 0.243 0.243 0.243 0.2085 0.2085 0.213 0.213 0.2235 0.2235 0.2235 0.2115 0.2115 0.192 0.192 0.1915
-1 -1 -1 -1 -1 -1 -1 -1 -1 -1 -1 -1 -1 -1 -1 -1 -1 -1 -1 -1 -1 -1 -1 -1 -1 -1 -1 -1 -1 -1 -1 -1 -1 -1 -1 -1 -1 0.0415 0.0415 0.156 0.156 0.156 0.3035 0.3035 0.3225 0.3225 0.225 0.225 0.225 0.2435 0.2435 0.207 0.207 0.2335 0.2335 0.21 0.21 0.21 0.2155 0.2155 0.243 0.243 0.243 0.243 0.243 0.2085 0.2085 0.213 0.213 0.2235 0.2235 0.2235 0.2115 0.2115 0.192 0.192 0.1915
-1 -1 -1 -1 -1 -1 -1 -1 -1 -1 -1 -1 -1 -1 -1 -1 -1 -1 -1 -1 -1 -1 -1 -1 -1 -1 -1 -1 -1 -1 -1 -1 -1 -1 -1 -1 -1 0.0415 0.0415 0.156 0.156 0.156 0.3035 0.3035 0.3225 0.3225 0.225 0.225 0.225 0.2435 0.2435 0.207 0.207 0.2335 0.2335 0.21 0.21 0.21 0.2155 0.2155 0.243 0.243 0.243 0.243 0.243 0.2085 0.2085 0.213 0.213 0.2235 0.2235 0.2235 0.2115 0.2115 0.192 0.192 0.1915
-1 -1 -1 -1 -1 -1 -1 -1 -1 -1 -1 -1 -1 -1 -1 -1 -1 -1 -1 -1 -1 -1 -1 -1 -1 -1 -1 -1 -1 -1 -1 -1 -1 -1 -1 -1 -1 0.0395 0.0395 0.162 0.162 0.162 0.2705 0.2705 0.224 0.224 0.2295 0.2295 0.2295 0.1855 0.1855 0.1765 0.1765 0.202 0.202 0.192 0.192 0.192 0.252 0.252 0.261 0.261 0.261 0.261 0.261 0.206 0.206 0.2125 0.2125 0.2165 0.2165 0.2165 0.209 0.209 0.212 0.212 0.204
-1 -1 -1 -1 -1 -1 -1 -1 -1 -1 -1 -1 -1 -1 -1 -1 -1 -1 -1 -1 -1 -1 -1 -1 -1 -1 -1 -1 -1 -1 -1 -1 -1 -1 -1 -1 -1 0.0395 0.0395 0.162 0.162 0.162 0.2705 0.2705 0.224 0.224 0.2295 0.2295 0.2295 0.1855 0.1855 0.1765 0.1765 0.202 0.202 0.192 0.192 0.192 0.252 0.252 0.261 0.261 0.261 0.261 0.261 0.206 0.206 0.2125 0.2125 0.2165 0.2165 0.2165 0.209 0.209 0.212 0.212 0.204
-1 -1 -1 -1 -1 -1 -1 -1 -1 -1 -1 -1 -1 -1 -1 -1 -1 -1 -1 -1 -1 -1 -1 -1 -1 -1 -1 -1 -1 -1 -1 -1 -1 -1 -1 -1 -1 0.0011 0.0011 0.1425 0.1425 0.1425 0.2275 0.2275 0.214 0.214 0.2235 0.2235 0.2235 0.187 0.187 0.2465 0.2465 0.232 0.232 0.225 0.225 0.225 0.244 0.244 0.23 0.23 0.23 0.23 0.23 0.2365 0.2365 0.2285 0.2285 0.217 0.217 0.217 0.227 0.227 0.2125 0.2125 0.1795
-1 -1 -1 -1 -1 -1 -1 -1 -1 -1 -1 -1 -1 -1 -1 -1 -1 -1 -1 -1 -1 -1 -1 -1 -1 -1 -1 -1 -1 -1 -1 -1 -1 -1 -1 -1 -1 0.0011 0.0011 0.1425 0.1425 0.1425 0.2275 0.2275 0.214 0.214 0.2235 0.2235 0.2235 0.187 0.187 0.2465 0.2465 0.232 0.232 0.225 0.225 0.225 0.244 0.244 0.23 0.23 0.23 0.23 0.23 0.2365 0.2365 0.2285 0.2285 0.217 0.217 0.217 0.227 0.227 0.2125 0.2125 0.1795
-1 -1 -1 -1 -1 -1 -1 -1 -1 -1 -1 -1 -1 -1 -1 -1 -1 -1 -1 -1 -1 -1 -1 -1 -1 -1 -1 -1 -1 -1 -1 -1 -1 -1 -1 -1 -1 0.115 0.115 0.1285 0.1285 0.1285 0.1585 0.1585 0.2285 0.2285 0.2235 0.2235 0.2235 0.224 0.224 0.2705 0.2705 0.2285 0.2285 0.245 0.245 0.245 0.236 0.236 0.2145 0.2145 0.2145 0.2145 0.2145 0.227 0.227 0.2175 0.2175 0.2195 0.2195 0.2195 0.22 0.22 0.2115 0.2115 0.189
-1 -1 -1 -1 -1 -1 -1 -1 -1 -1 -1 -1 -1 -1 -1 -1 -1 -1 -1 -1 -1 -1 -1 -1 -1 -1 -1 -1 -1 -1 -1 -1 -1 -1 -1 -1 -1 0.115 0.115 0.1285 0.1285 0.1285 0.1585 0.1585 0.2285 0.2285 0.2235 0.2235 0.2235 0.224 0.224 0.2705 0.2705 0.2285 0.2285 0.245 0.245 0.245 0.236 0.236 0.2145 0.2145 0.2145 0.2145 0.2145 0.227 0.227 0.2175 0.2175 0.2195 0.2195 0.2195 0.22 0.22 0.2115 0.2115 0.189
-1 -1 -1 -1 -1 -1 -1 -1 -1 -1 -1 -1 -1 -1 -1 -1 -1 -1 -1 -1 -1 -1 -1 -1 -1 -1 -1 -1 -1 -1 -1 -1 -1 -1 -1 -1 -1 0.009 0.009 0.1885 0.1885 0.1885 0.2095 0.2095 0.2295 0.2295 0.223 0.223 0.223 0.213 0.213 0.237 0.237 0.275 0.275 0.242 0.242 0.242 0.222 0.222 0.224 0.224 0.224 0.224 0.224 0.2385 0.2385 0.2215 0.2215 0.2295 0.2295 0.2295 0.2035 0.2035 0.2025 0.2025 0.2015
-1 -1 -1 -1 -1 -1 -1 -1 -1 -1 -1 -1 -1 -1 -1 -1 -1 -1 -1 -1 -1 -1 -1 -1 -1 -1 -1 -1 -1 -1 -1 -1 -1 -1 -1 -1 -1 0.009 0.009 0.1885 0.1885 0.1885 0.2095 0.2095 0.2295 0.2295 0.223 0.223 0.223 0.213 0.213 0.237 0.237 0.275 0.275 0.242 0.242 0.242 0.222 0.222 0.224 0.224 0.224 0.224 0.224 0.2385 0.2385 0.2215 0.2215 0.2295 0.2295 0.2295 0.2035 0.2035 0.2025 0.2025 0.2015
-1 -1 -1 -1 -1 -1 -1 -1 -1 -1 -1 -1 -1 -1 -1 -1 -1 -1 -1 -1 -1 -1 -1 -1 -1 -1 -1 -1 -1 -1 -1 -1 -1 -1 -1 -1 -1 0.009 0.009 0.1885 0.1885 0.1885 0.2095 0.2095 0.2295 0.2295 0.223 0.223 0.223 0.213 0.213 0.237 0.237 0.275 0.275 0.242 0.242 0.242 0.222 0.222 0.224 0.224 0.224 0.224 0.224 0.2385 0.2385 0.2215 0.2215 0.2295 0.2295 0.2295 0.2035 0.2035 0.2025 0.2025 0.2015
-1 -1 -1 -1 -1 -1 -1 -1 -1 -1 -1 -1 -1 -1 -1 -1 -1 -1 -1 -1 -1 -1 -1 -1 -1 -1 -1 -1 -1 -1 -1 -1 -1 -1 -1 -1 -1 0.052 0.052 0.1985 0.1985 0.1985 0.219 0.219 0.194 0.194 0.222 0.222 0.222 0.231 0.231 0.2425 0.2425 0.212 0.212 0.243 0.243 0.243 0.223 0.223 0.2265 0.2265 0.2265 0.2265 0.2265 0.2495 0.2495 0.244 0.244 0.2245 0.2245 0.2245 0.2265 0.2265 0.206 0.206 0.2085
-1 -1 -1 -1 -1 -1 -1 -1 -1 -1 -1 -1 -1 -1 -1 -1 -1 -1 -1 -1 -1 -1 -1 -1 -1 -1 -1 -1 -1 -1 -1 -1 -1 -1 -1 -1 -1 0.052 0.052 0.1985 0.1985 0.1985 0.219 0.219 0.194 0.194 0.222 0.222 0.222 0.231 0.231 0.2425 0.2425 0.212 0.212 0.243 0.243 0.243 0.223 0.223 0.2265 0.2265 0.2265 0.2265 0.2265 0.2495 0.2495 0.244 0.244 0.2245 0.2245 0.2245 0.2265 0.2265 0.206 0.206 0.2085
-1 -1 -1 -1 -1 -1 -1 -1 -1 -1 -1 -1 -1 -1 -1 -1 -1 -1 -1 -1 -1 -1 -1 -1 -1 -1 -1 -1 -1 -1 -1 -1 -1 -1 -1 -1 -1 0.103 0.103 0.241 0.241 0.241 0.222 0.222 0.1955 0.1955 0.2085 0.2085 0.2085 0.2405 0.2405 0.2455 0.2455 0.229 0.229 0.244 0.244 0.244 0.2525 0.2525 0.251 0.251 0.251 0.251 0.251 0.251 0.251 0.2615 0.2615 0.2405 0.2405 0.2405 0.2285 0.2285 0.2155 0.2155 0.199
-1 -1 -1 -1 -1 -1 -1 -1 -1 -1 -1 -1 -1 -1 -1 -1 -1 -1 -1 -1 -1 -1 -1 -1 -1 -1 -1 -1 -1 -1 -1 -1 -1 -1 -1 -1 -1 0.103 0.103 0.241 0.241 0.241 0.222 0.222 0.1955 0.1955 0.2085 0.2085 0.2085 0.2405 0.2405 0.2455 0.2455 0.229 0.229 0.244 0.244 0.244 0.2525 0.2525 0.251 0.251 0.251 0.251 0.251 0.251 0.251 0.2615 0.2615 0.2405 0.2405 0.2405 0.2285 0.2285 0.2155 0.2155 0.199
-1 -1 -1 -1 -1 -1 -1 -1 -1 -1 -1 -1 -1 -1 -1 -1 -1 -1 -1 -1 -1 -1 -1 -1 -1 -1 -1 -1 -1 -1 -1 -1 -1 -1 -1 0.0316 0.0316 0.197 0.197 0.2425 0.2425 0.2425 0.238 0.238 0.222 0.222 0.2105 0.2105 0.2105 0.2305 0.2305 0.245 0.245 0.235 0.235 0.2315 0.2315 0.2315 0.2455 0.2455 0.244 0.244 0.244 0.244 0.244 0.26 0.26 0.272 0.272 0.2155 0.2155 0.2155 0.2395 0.2395 0.243 0.243 0.257
-1 -1 -1 -1 -1 -1 -1 -1 -1 -1 -1 -1 -1 -1 -1 -1 -1 -1 -1 -1 -1 -1 -1 -1 -1 -1 -1 -1 -1 -1 -1 -1 -1 -1 -1 0.0316 0.0316 0.197 0.197 0.2425 0.2425 0.2425 0.238 0.238 0.222 0.222 0.2105 0.2105 0.2105 0.2305 0.2305 0.245 0.245 0.235 0.235 0.2315 0.2315 0.2315 0.2455 0.2455 0.244 0.244 0.244 0.244 0.244 0.26 0.26 0.272 0.272 0.2155 0.2155 0.2155 0.2395 0.2395 0.243 0.243 0.257
-1 -1 -1 -1 -1 -1 -1 -1 -1 -1 -1 -1 -1 -1 -1 -1 -1 -1 -1 -1 -1 -1 -1 -1 -1 -1 -1 -1 -1 -1 -1 -1 -1 -1 -1 0.0316 0.0316 0.197 0.197 0.2425 0.2425 0.2425 0.238 0.238 0.222 0.222 0.2105 0.2105 0.2105 0.2305 0.2305 0.245 0.245 0.235 0.235 0.2315 0.2315 0.2315 0.2455 0.2455 0.244 0.244 0.244 0.244 0.244 0.26 0.26 0.272 0.272 0.2155 0.2155 0.2155 0.2395 0.2395 0.243 0.243 0.257
-1 -1 -1 -1 -1 -1 -1 -1 -1 -1 -1 -1 -1 -1 -1 -1 -1 -1 -1 -1 -1 -1 -1 -1 -1 -1 -1 -1 -1 -1 -1 -1 -1 -1 -1 0.0725 0.0725 0.2325 0.2325 0.2325 0.2325 0.2325 0.22 0.22 0.2265 0.2265 0.2355 0.2355 0.2355 0.253 0.253 0.227 0.227 0.22 0.22 0.257 0.257 0.257 0.26 0.26 0.265 0.265 0.265 0.265 0.265 0.265 0.265 0.2575 0.2575 0.2515 0.2515 0.2515 0.2675 0.2675 0.2575 0.2575 0.2695
-1 -1 -1 -1 -1 -1 -1 -1 -1 -1 -1 -1 -1 -1 -1 -1 -1 -1 -1 -1 -1 -1 -1 -1 -1 -1 -1 -1 -1 -1 -1 -1 -1 -1 -1 0.0725 0.0725 0.2325 0.2325 0.2325 0.2325 0.2325 0.22 0.22 0.2265 0.2265 0.2355 0.2355 0.2355 0.253 0.253 0.227 0.227 0.22 0.22 0.257 0.257 0.257 0.26 0.26 0.265 0.265 0.265 0.265 0.265 0.265 0.265 0.2575 0.2575 0.2515 0.2515 0.2515 0.2675 0.2675 0.2575 0.2575 0.2695
-1 -1 -1 -1 -1 -1 -1 -1 -1 -1 -1 -1 -1 -1 -1 -1 -1 -1 -1 -1 -1 -1 -1 -1 -1 -1 -1 -1 -1 -1 -1 -1 0.0285 0.0285 0.0285 0.2535 0.2535 0.225 0.225 0.2155 0.2155 0.2155 0.2205 0.2205 0.2205 0.2205 0.238 0.238 0.238 0.235 0.235 0.225 0.225 0.245 0.245 0.234 0.234 0.234 0.247 0.247 0.2925 0.2925 0.2925 0.2925 0.2925 0.28 0.28 0.272 0.272 0.2845 0.2845 0.2845 0.273 0.273 0.262 0.262 0.2765
-1 -1 -1 -1 -1 -1 -1 -1 -1 -1 -1 -1 -1 -1 -1 -1 -1 -1 -1 -1 -1 -1 -1 -1 -1 -1 -1 -1 -1 -1 -1 -1 0.0285 0.0285 0.0285 0.2535 0.2535 0.225 0.225 0.2155 0.2155 0.2155 0.2205 0.2205 0.2205 0.2205 0.238 0.238 0.238 0.235 0.235 0.225 0.225 0.245 0.245 0.234 0.234 0.234 0.247 0.247 0.2925 0.2925 0.2925 0.2925 0.2925 0.28 0.28 0.272 0.272 0.2845 0.2845 0.2845 0.273 0.273 0.262 0.262 0.2765
-1 -1 -1 -1 -1 -1 -1 -1 -1 -1 -1 -1 -1 -1 -1 -1 -1 -1 -1 -1 -1 -1 -1 -1 -1 -1 -1 -1 -1 -1 0.016 0.016 0.2615 0.2615 0.2615 0.2315 0.2315 0.2095 0.2095 0.202 0.202 0.202 0.214 0.214 0.2125 0.2125 0.234 0.234 0.234 0.2375 0.2375 0.2225 0.2225 0.2525 0.2525 0.2385 0.2385 0.2385 0.2615 0.2615 0.287 0.287 0.287 0.287 0.287 0.29 0.29 0.3025 0.3025 0.286 0.286 0.286 0.269 0.269 0.2605 0.2605 0.2495
-1 -1 -1 -1 -1 -1 -1 -1 -1 -1 -1 -1 -1 -1 -1 -1 -1 -1 -1 -1 -1 -1 -1 -1 -1 -1 -1 -1 -1 -1 0.016 0.016 0.2615 0.2615 0.2615 0.2315 0.2315 0.2095 0.2095 0.202 0.202 0.202 0.214 0.214 0.2125 0.2125 0.234 0.234 0.234 0.2375 0.2375 0.2225 0.2225 0.2525 0.2525 0.2385 0.2385 0.2385 0.2615 0.2615 0.287 0.287 0.287 0.287 0.287 0.29 0.29 0.3025 0.3025 0.286 0.286 0.286 0.269 0.269 0.2605 0.2605 0.2495
-1 -1 -1 -1 -1 -1 -1 -1 -1 -1 -1 -1 -1 -1 -1 -1 -1 -1 -1 -1 -1 -1 -1 -1 -1 -1 -1 -1 -1 -1 0.016 0.016 0.2615 0.2615 0.2615 0.2315 0.2315 0.2095 0.2095 0.202 0.202 0.202 0.214 0.214 0.2125 0.2125 0.234 0.234 0.234 0.2375 0.2375 0.2225 0.2225 0.2525 0.2525 0.2385 0.2385 0.2385 0.2615 0.2615 0.287 0.287 0.287 0.287 0.287 0.29 0.29 0.3025 0.3025 0.286 0.286 0.286 0.269 0.269 0.2605 0.2605 0.2495
-1 -1 -1 -1 -1 -1 -1 -1 -1 -1 -1 -1 -1 -1 -1 -1 -1 -1 -1 -1 -1 -1 -1 -1 -1 -1 -1 -1 -1 -1 0.072 0.072 0.223 0.223 0.223 0.2335 0.2335 0.2085 0.2085 0.2085 0.2085 0.2085 0.212 0.212 0.2215 0.2215 0.2095 0.2095 0.2095 0.237 0.237 0.2275 0.2275 0.239 0.239 0.242 0.242 0.242 0.276 0.276 0.2955 0.2955 0.2955 0.2955 0.2955 0.31 0.31 0.268 0.268 0.2685 0.2685 0.2685 0.263 0.263 0.2675 0.2675 0.232
-1 -1 -1 -1 -1 -1 -1 -1 -1 -1 -1 -1 -1 -1 -1 -1 -1 -1 -1 -1 -1 -1 -1 -1 -1 -1 -1 -1 -1 -1 0.072 0.072 0.223 0.223 0.223 0.2335 0.2335 0.2085 0.2085 0.2085 0.2085 0.2085 0.212 0.212 0.2215 0.2215 0.2095 0.2095 0.2095 0.237 0.237 0.2275 0.2275 0.239 0.239 0.242 0.242 0.242 0.276 0.276 0.2955 0.2955 0.2955 0.2955 0.2955 0.31 0.31 0.268 0.268 0.2685 0.2685 0.2685 0.263 0.263 0.2675 0.2675 0.232
-1 -1 -1 -1 -1 -1 -1 -1 -1 -1 -1 -1 -1 -1 -1 -1 -1 -1 -1 -1 -1 -1 -1 -1 -1 -1 -1 -1 0.0315 0.0315 0.1955 0.1955 0.2405 0.2405 0.2405 0.236 0.236 0.2235 0.2235 0.2155 0.2155 0.2155 0.2235 0.2235 0.2305 0.2305 0.2225 0.2225 0.2225 0.248 0.248 0.2565 0.2565 0.2575 0.2575 0.269 0.269 0.269 0.2645 0.2645 0.2785 0.2785 0.2785 0.2785 0.2785 0.2835 0.2835 0.2655 0.2655 0.2445 0.2445 0.2445 0.22 0.22 0.2085 0.2085 0.2235
-1 -1 -1 -1 -1 -1 -1 -1 -1 -1 -1 -1 -1 -1 -1 -1 -1 -1 -1 -1 -1 -1 -1 -1 -1 -1 -1 -1 0.0315 0.0315 0.1955 0.1955 0.2405 0.2405 0.2405 0.236 0.236 0.2235 0.2235 0.2155 0.2155 0.2155 0.2235 0.2235 0.2305 0.2305 0.2225 0.2225 0.2225 0.248 0.248 0.2565 0.2565 0.2575 0.2575 0.269 0.269 0.269 0.2645 0.2645 0.2785 0.2785 0.2785 0.2785 0.2785 0.2835 0.2835 0.2655 0.2655 0.2445 0.2445 0.2445 0.22 0.22 0.2085 0.2085 0.2235
-1 -1 -1 -1 -1 -1 -1 -1 -1 -1 -1 -1 -1 -1 -1 -1 -1 -1 -1 -1 -1 -1 -1 -1 -1 0.0485 0.0485 0.0485 0.0955 0.0955 0.248 0.248 0.24 0.24 0.24 0.234 0.234 0.225 0.225 0.224 0.224 0.224 0.227 0.227 0.237 0.237 0.219 0.219 0.219 0.245 0.245 0.2485 0.2485 0.266 0.266 0.2835 0.2835 0.2835 0.2715 0.2715 0.2885 0.2885 0.2885 0.2885 0.2885 0.2735 0.2735 0.2585 0.2585 0.2495 0.2495 0.2495 0.2415 0.2415 0.244 0.244 0.223
