ndvi/NOAA-383.asc
ncols         252
nrows         154
xllcorner     -18.017974
yllcorner     13.481982
cellsize      0.035948
NODATA_value  -9999
[rows 35 to 69 of 154, columns 77 to 153 of 252]
0.18 0.18 0.1605 0.1605 0.1345 0.1345 0.145 0.145 0.145 0.1415 0.1415 0.1485 0.1485 0.1475 0.1475 0.158 0.158 0.158 0.175 0.175 0.157 0.157 0.153 0.153 0.153 0.1435 0.1435 0.153 0.153 0.1445 0.1445 0.1445 0.1465 0.1465 0.1515 0.1515 0.1425 0.1425 0.1425 0.137 0.137 0.14 0.14 0.162 0.162 0.162 0.1395 0.1395 0.122 0.122 0.1355 0.1355 0.1405 0.1405 0.1405 0.14 0.14 0.139 0.139 0.1515 0.1515 0.1515 0.1605 0.1605 0.1545 0.1545 0.159 0.159 0.159 0.1335 0.1335 0.1465 0.1465 0.1225 0.1225 0.1225 0.136
0.18 0.18 0.1605 0.1605 0.1345 0.1345 0.145 0.145 0.145 0.1415 0.1415 0.1485 0.1485 0.1475 0.1475 0.158 0.158 0.158 0.175 0.175 0.157 0.157 0.153 0.153 0.153 0.1435 0.1435 0.153 0.153 0.1445 0.1445 0.1445 0.1465 0.1465 0.1515 0.1515 0.1425 0.1425 0.1425 0.137 0.137 0.14 0.14 0.162 0.162 0.162 0.1395 0.1395 0.122 0.122 0.1355 0.1355 0.1405 0.1405 0.1405 0.14 0.14 0.139 0.139 0.1515 0.1515 0.1515 0.1605 0.1605 0.1545 0.1545 0.159 0.159 0.159 0.1335 0.1335 0.1465 0.1465 0.1225 0.1225 0.1225 0.136
0.1505 0.1505 0.149 0.149 0.161 0.161 0.17 0.17 0.17 0.1545 0.1545 0.145 0.145 0.1655 0.1655 0.1445 0.1445 0.1445 0.1435 0.1435 0.148 0.148 0.1495 0.1495 0.1495 0.1535 0.1535 0.1555 0.1555 0.1525 0.1525 0.1525 0.1465 0.1465 0.1435 0.1435 0.1365 0.1365 0.1365 0.143 0.143 0.148 0.148 0.159 0.159 0.159 0.165 0.165 0.147 0.147 0.1475 0.1475 0.1635 0.1635 0.1635 0.1585 0.1585 0.156 0.156 0.1685 0.1685 0.1685 0.155 0.155 0.1505 0.1505 0.171 0.171 0.171 0.2125 0.2125 0.1605 0.1605 0.164 0.164 0.164 0.133
0.1505 0.1505 0.149 0.149 0.161 0.161 0.17 0.17 0.17 0.1545 0.1545 0.145 0.145 0.1655 0.1655 0.1445 0.1445 0.1445 0.1435 0.1435 0.148 0.148 0.1495 0.1495 0.1495 0.1535 0.1535 0.1555 0.1555 0.1525 0.1525 0.1525 0.1465 0.1465 0.1435 0.1435 0.1365 0.1365 0.1365 0.143 0.143 0.148 0.148 0.159 0.159 0.159 0.165 0.165 0.147 0.147 0.1475 0.1475 0.1635 0.1635 0.1635 0.1585 0.1585 0.156 0.156 0.1685 0.1685 0.1685 0.155 0.155 0.1505 0.1505 0.171 0.171 0.171 0.2125 0.2125 0.1605 0.1605 0.164 0.164 0.164 0.133
0.148 0.148 0.1525 0.1525 0.165 0.165 0.163 0.163 0.163 0.147 0.147 0.142 0.142 0.1545 0.1545 0.135 0.135 0.135 0.135 0.135 0.16 0.16 0.168 0.168 0.168 0.151 0.151 0.144 0.144 0.155 0.155 0.155 0.152 0.152 0.1475 0.1475 0.149 0.149 0.149 0.1345 0.1345 0.133 0.133 0.145 0.145 0.145 0.196 0.196 0.173 0.173 0.171 0.171 0.209 0.209 0.209 0.181 0.181 0.2085 0.2085 0.1905 0.1905 0.1905 0.1635 0.1635 0.18 0.18 0.17 0.17 0.17 0.197 0.197 0.148 0.148 0.148 0.148 0.148 0.163
0.148 0.148 0.1525 0.1525 0.165 0.165 0.163 0.163 0.163 0.147 0.147 0.142 0.142 0.1545 0.1545 0.135 0.135 0.135 0.135 0.135 0.16 0.16 0.168 0.168 0.168 0.151 0.151 0.144 0.144 0.155 0.155 0.155 0.152 0.152 0.1475 0.1475 0.149 0.149 0.149 0.1345 0.1345 0.133 0.133 0.145 0.145 0.145 0.196 0.196 0.173 0.173 0.171 0.171 0.209 0.209 0.209 0.181 0.181 0.2085 0.2085 0.1905 0.1905 0.1905 0.1635 0.1635 0.18 0.18 0.17 0.17 0.17 0.197 0.197 0.148 0.148 0.148 0.148 0.148 0.163
0.1505 0.1505 0.142 0.142 0.142 0.142 0.1445 0.1445 0.1445 0.1455 0.1455 0.146 0.146 0.1465 0.1465 0.146 0.146 0.146 0.139 0.139 0.167 0.167 0.176 0.176 0.176 0.16 0.16 0.164 0.164 0.1615 0.1615 0.1615 0.158 0.158 0.1555 0.1555 0.1505 0.1505 0.1505 0.1545 0.1545 0.163 0.163 0.1715 0.1715 0.1715 0.181 0.181 0.1675 0.1675 0.1885 0.1885 0.2735 0.2735 0.2735 0.201 0.201 0.238 0.238 0.201 0.201 0.201 0.177 0.177 0.179 0.179 0.141 0.141 0.141 0.152 0.152 0.157 0.157 0.163 0.163 0.163 0.14
0.1505 0.1505 0.142 0.142 0.142 0.142 0.1445 0.1445 0.1445 0.1455 0.1455 0.146 0.146 0.1465 0.1465 0.146 0.146 0.146 0.139 0.139 0.167 0.167 0.176 0.176 0.176 0.16 0.16 0.164 0.164 0.1615 0.1615 0.1615 0.158 0.158 0.1555 0.1555 0.1505 0.1505 0.1505 0.1545 0.1545 0.163 0.163 0.1715 0.1715 0.1715 0.181 0.181 0.1675 0.1675 0.1885 0.1885 0.2735 0.2735 0.2735 0.201 0.201 0.238 0.238 0.201 0.201 0.201 0.177 0.177 0.179 0.179 0.141 0.141 0.141 0.152 0.152 0.157 0.157 0.163 0.163 0.163 0.14
0.1505 0.1505 0.142 0.142 0.142 0.142 0.1445 0.1445 0.1445 0.1455 0.1455 0.146 0.146 0.1465 0.1465 0.146 0.146 0.146 0.139 0.139 0.167 0.167 0.176 0.176 0.176 0.16 0.16 0.164 0.164 0.1615 0.1615 0.1615 0.158 0.158 0.1555 0.1555 0.1505 0.1505 0.1505 0.1545 0.1545 0.163 0.163 0.1715 0.1715 0.1715 0.181 0.181 0.1675 0.1675 0.1885 0.1885 0.2735 0.2735 0.2735 0.201 0.201 0.238 0.238 0.201 0.201 0.201 0.177 0.177 0.179 0.179 0.141 0.141 0.141 0.152 0.152 0.157 0.157 0.163 0.163 0.163 0.14
0.164 0.164 0.1665 0.1665 0.164 0.164 0.1565 0.1565 0.1565 0.152 0.152 0.15 0.15 0.1495 0.1495 0.1495 0.1495 0.1495 0.142 0.142 0.15 0.15 0.161 0.161 0.161 0.1685 0.1685 0.1735 0.1735 0.1555 0.1555 0.1555 0.1575 0.1575 0.163 0.163 0.174 0.174 0.174 0.179 0.179 0.1675 0.1675 0.1665 0.1665 0.1665 0.1755 0.1755 0.18 0.18 0.1655 0.1655 0.1815 0.1815 0.1815 0.1775 0.1775 0.169 0.169 0.158 0.158 0.158 0.15 0.15 0.1525 0.1525 0.1385 0.1385 0.1385 0.151 0.151 0.1485 0.1485 0.161 0.161 0.161 0.1455
0.164 0.164 0.1665 0.1665 0.164 0.164 0.1565 0.1565 0.1565 0.152 0.152 0.15 0.15 0.1495 0.1495 0.1495 0.1495 0.1495 0.142 0.142 0.15 0.15 0.161 0.161 0.161 0.1685 0.1685 0.1735 0.1735 0.1555 0.1555 0.1555 0.1575 0.1575 0.163 0.163 0.174 0.174 0.174 0.179 0.179 0.1675 0.1675 0.1665 0.1665 0.1665 0.1755 0.1755 0.18 0.18 0.1655 0.1655 0.1815 0.1815 0.1815 0.1775 0.1775 0.169 0.169 0.158 0.158 0.158 0.15 0.15 0.1525 0.1525 0.1385 0.1385 0.1385 0.151 0.151 0.1485 0.1485 0.161 0.161 0.161 0.1455
0.1595 0.1595 0.163 0.163 0.168 0.168 0.162 0.162 0.162 0.162 0.162 0.1515 0.1515 0.1365 0.1365 0.1535 0.1535 0.1535 0.143 0.143 0.1495 0.1495 0.146 0.146 0.146 0.1615 0.1615 0.1575 0.1575 0.158 0.158 0.158 0.172 0.172 0.1755 0.1755 0.1615 0.1615 0.1615 0.148 0.148 0.133 0.133 0.141 0.141 0.141 0.1385 0.1385 0.1755 0.1755 0.184 0.184 0.1755 0.1755 0.1755 0.1785 0.1785 0.1885 0.1885 0.158 0.158 0.158 0.186 0.186 0.154 0.154 0.1675 0.1675 0.1675 0.163 0.163 0.1325 0.1325 0.1415 0.1415 0.1415 0.155
0.1595 0.1595 0.163 0.163 0.168 0.168 0.162 0.162 0.162 0.162 0.162 0.1515 0.1515 0.1365 0.1365 0.1535 0.1535 0.1535 0.143 0.143 0.1495 0.1495 0.146 0.146 0.146 0.1615 0.1615 0.1575 0.1575 0.158 0.158 0.158 0.172 0.172 0.1755 0.1755 0.1615 0.1615 0.1615 0.148 0.148 0.133 0.133 0.141 0.141 0.141 0.1385 0.1385 0.1755 0.1755 0.184 0.184 0.1755 0.1755 0.1755 0.1785 0.1785 0.1885 0.1885 0.158 0.158 0.158 0.186 0.186 0.154 0.154 0.1675 0.1675 0.1675 0.163 0.163 0.1325 0.1325 0.1415 0.1415 0.1415 0.155
0.175 0.175 0.1605 0.1605 0.163 0.163 0.1565 0.1565 0.1565 0.156 0.156 0.1355 0.1355 0.1575 0.1575 0.183 0.183 0.183 0.183 0.183 0.172 0.172 0.159 0.159 0.159 0.1525 0.1525 0.1715 0.1715 0.325 0.325 0.325 0.4495 0.4495 0.223 0.223 0.128 0.128 0.128 0.145 0.145 0.126 0.126 0.1485 0.1485 0.1485 0.165 0.165 0.157 0.157 0.175 0.175 0.1775 0.1775 0.1775 0.1565 0.1565 0.1625 0.1625 0.1645 0.1645 0.1645 0.205 0.205 0.1925 0.1925 0.176 0.176 0.176 0.1715 0.1715 0.158 0.158 0.1205 0.1205 0.1205 0.1245
0.175 0.175 0.1605 0.1605 0.163 0.163 0.1565 0.1565 0.1565 0.156 0.156 0.1355 0.1355 0.1575 0.1575 0.183 0.183 0.183 0.183 0.183 0.172 0.172 0.159 0.159 0.159 0.1525 0.1525 0.1715 0.1715 0.325 0.325 0.325 0.4495 0.4495 0.223 0.223 0.128 0.128 0.128 0.145 0.145 0.126 0.126 0.1485 0.1485 0.1485 0.165 0.165 0.157 0.157 0.175 0.175 0.1775 0.1775 0.1775 0.1565 0.1565 0.1625 0.1625 0.1645 0.1645 0.1645 0.205 0.205 0.1925 0.1925 0.176 0.176 0.176 0.1715 0.1715 0.158 0.158 0.1205 0.1205 0.1205 0.1245
0.175 0.175 0.1605 0.1605 0.163 0.163 0.1565 0.1565 0.1565 0.156 0.156 0.1355 0.1355 0.1575 0.1575 0.183 0.183 0.183 0.183 0.183 0.172 0.172 0.159 0.159 0.159 0.1525 0.1525 0.1715 0.1715 0.325 0.325 0.325 0.4495 0.4495 0.223 0.223 0.128 0.128 0.128 0.145 0.145 0.126 0.126 0.1485 0.1485 0.1485 0.165 0.165 0.157 0.157 0.175 0.175 0.1775 0.1775 0.1775 0.1565 0.1565 0.1625 0.1625 0.1645 0.1645 0.1645 0.205 0.205 0.1925 0.1925 0.176 0.176 0.176 0.1715 0.1715 0.158 0.158 0.1205 0.1205 0.1205 0.1245
0.157 0.157 0.1655 0.1655 0.1875 0.1875 0.186 0.186 0.186 0.1845 0.1845 0.1715 0.1715 0.193 0.193 0.187 0.187 0.187 0.1955 0.1955 0.191 0.191 0.1765 0.1765 0.1765 0.1525 0.1525 0.1685 0.1685 0.2005 0.2005 0.2005 0.2695 0.2695 0.1935 0.1935 0.167 0.167 0.167 0.1135 0.1135 0.1165 0.1165 0.139 0.139 0.139 0.1435 0.1435 0.1445 0.1445 0.1605 0.1605 0.172 0.172 0.172 0.1675 0.1675 0.167 0.167 0.1565 0.1565 0.1565 0.1735 0.1735 0.18 0.18 0.191 0.191 0.191 0.186 0.186 0.204 0.204 0.192 0.192 0.192 0.1585
0.157 0.157 0.1655 0.1655 0.1875 0.1875 0.186 0.186 0.186 0.1845 0.1845 0.1715 0.1715 0.193 0.193 0.187 0.187 0.187 0.1955 0.1955 0.191 0.191 0.1765 0.1765 0.1765 0.1525 0.1525 0.1685 0.1685 0.2005 0.2005 0.2005 0.2695 0.2695 0.1935 0.1935 0.167 0.167 0.167 0.1135 0.1135 0.1165 0.1165 0.139 0.139 0.139 0.1435 0.1435 0.1445 0.1445 0.1605 0.1605 0.172 0.172 0.172 0.1675 0.1675 0.167 0.167 0.1565 0.1565 0.1565 0.1735 0.1735 0.18 0.18 0.191 0.191 0.191 0.186 0.186 0.204 0.204 0.192 0.192 0.192 0.1585
0.174 0.174 0.2045 0.2045 0.204 0.204 0.2045 0.2045 0.2045 0.2095 0.2095 0.212 0.212 0.1795 0.1795 0.176 0.176 0.176 0.183 0.183 0.1675 0.1675 0.17 0.17 0.17 0.1585 0.1585 0.1695 0.1695 0.166 0.166 0.166 0.159 0.159 0.196 0.196 0.1645 0.1645 0.1645 0.163 0.163 0.1315 0.1315 0.1175 0.1175 0.1175 0.107 0.107 0.116 0.116 0.172 0.172 0.1915 0.1915 0.1915 0.178 0.178 0.186 0.186 0.196 0.196 0.196 0.2015 0.2015 0.22 0.22 0.1915 0.1915 0.1915 0.196 0.196 0.21 0.21 0.177 0.177 0.177 0.12
0.174 0.174 0.2045 0.2045 0.204 0.204 0.2045 0.2045 0.2045 0.2095 0.2095 0.212 0.212 0.1795 0.1795 0.176 0.176 0.176 0.183 0.183 0.1675 0.1675 0.17 0.17 0.17 0.1585 0.1585 0.1695 0.1695 0.166 0.166 0.166 0.159 0.159 0.196 0.196 0.1645 0.1645 0.1645 0.163 0.163 0.1315 0.1315 0.1175 0.1175 0.1175 0.107 0.107 0.116 0.116 0.172 0.172 0.1915 0.1915 0.1915 0.178 0.178 0.186 0.186 0.196 0.196 0.196 0.2015 0.2015 0.22 0.22 0.1915 0.1915 0.1915 0.196 0.196 0.21 0.21 0.177 0.177 0.177 0.12
0.2495 0.2495 0.234 0.234 0.2065 0.2065 0.2095 0.2095 0.2095 0.2255 0.2255 0.2115 0.2115 0.1815 0.1815 0.184 0.184 0.184 0.191 0.191 0.1765 0.1765 0.17 0.17 0.17 0.153 0.153 0.1535 0.1535 0.1605 0.1605 0.1605 0.1615 0.1615 0.1805 0.1805 0.218 0.218 0.218 0.205 0.205 0.1335 0.1335 0.1155 0.1155 0.1155 0.11 0.11 0.194 0.194 0.169 0.169 0.182 0.182 0.182 0.189 0.189 0.201 0.201 0.2015 0.2015 0.2015 0.2195 0.2195 0.228 0.228 0.208 0.208 0.208 0.1855 0.1855 0.1925 0.1925 0.14 0.14 0.14 0.112
0.2495 0.2495 0.234 0.234 0.2065 0.2065 0.2095 0.2095 0.2095 0.2255 0.2255 0.2115 0.2115 0.1815 0.1815 0.184 0.184 0.184 0.191 0.191 0.1765 0.1765 0.17 0.17 0.17 0.153 0.153 0.1535 0.1535 0.1605 0.1605 0.1605 0.1615 0.1615 0.1805 0.1805 0.218 0.218 0.218 0.205 0.205 0.1335 0.1335 0.1155 0.1155 0.1155 0.11 0.11 0.194 0.194 0.169 0.169 0.182 0.182 0.182 0.189 0.189 0.201 0.201 0.2015 0.2015 0.2015 0.2195 0.2195 0.228 0.228 0.208 0.208 0.208 0.1855 0.1855 0.1925 0.1925 0.14 0.14 0.14 0.112
0.2425 0.2425 0.239 0.239 0.2255 0.2255 0.214 0.214 0.214 0.213 0.213 0.1825 0.1825 0.18 0.18 0.1775 0.1775 0.1775 0.1745 0.1745 0.1815 0.1815 0.166 0.166 0.166 0.168 0.168 0.172 0.172 0.183 0.183 0.183 0.167 0.167 0.1695 0.1695 0.181 0.181 0.181 0.1575 0.1575 0.143 0.143 0.1345 0.1345 0.1345 0.1325 0.1325 0.142 0.142 0.1555 0.1555 0.1725 0.1725 0.1725 0.197 0.197 0.198 0.198 0.2235 0.2235 0.2235 0.221 0.221 0.226 0.226 0.192 0.192 0.192 0.187 0.187 0.179 0.179 0.1085 0.1085 0.1085 0.1055
0.2425 0.2425 0.239 0.239 0.2255 0.2255 0.214 0.214 0.214 0.213 0.213 0.1825 0.1825 0.18 0.18 0.1775 0.1775 0.1775 0.1745 0.1745 0.1815 0.1815 0.166 0.166 0.166 0.168 0.168 0.172 0.172 0.183 0.183 0.183 0.167 0.167 0.1695 0.1695 0.181 0.181 0.181 0.1575 0.1575 0.143 0.143 0.1345 0.1345 0.1345 0.1325 0.1325 0.142 0.142 0.1555 0.1555 0.1725 0.1725 0.1725 0.197 0.197 0.198 0.198 0.2235 0.2235 0.2235 0.221 0.221 0.226 0.226 0.192 0.192 0.192 0.187 0.187 0.179 0.179 0.1085 0.1085 0.1085 0.1055
0.2425 0.2425 0.239 0.239 0.2255 0.2255 0.214 0.214 0.214 0.213 0.213 0.1825 0.1825 0.18 0.18 0.1775 0.1775 0.1775 0.1745 0.1745 0.1815 0.1815 0.166 0.166 0.166 0.168 0.168 0.172 0.172 0.183 0.183 0.183 0.167 0.167 0.1695 0.1695 0.181 0.181 0.181 0.1575 0.1575 0.143 0.143 0.1345 0.1345 0.1345 0.1325 0.1325 0.142 0.142 0.1555 0.1555 0.1725 0.1725 0.1725 0.197 0.197 0.198 0.198 0.2235 0.2235 0.2235 0.221 0.221 0.226 0.226 0.192 0.192 0.192 0.187 0.187 0.179 0.179 0.1085 0.1085 0.1085 0.1055
0.2365 0.2365 0.2105 0.2105 0.2295 0.2295 0.2185 0.2185 0.2185 0.1955 0.1955 0.169 0.169 0.188 0.188 0.1895 0.1895 0.1895 0.146 0.146 0.1665 0.1665 0.1825 0.1825 0.1825 0.176 0.176 0.1865 0.1865 0.1655 0.1655 0.1655 0.1895 0.1895 0.2215 0.2215 0.2215 0.2215 0.2215 0.193 0.193 0.1835 0.1835 0.1895 0.1895 0.1895 0.179 0.179 0.1405 0.1405 0.123 0.123 0.127 0.127 0.127 0.146 0.146 0.2025 0.2025 0.2445 0.2445 0.2445 0.268 0.268 0.2535 0.2535 0.227 0.227 0.227 0.1965 0.1965 0.1825 0.1825 0.13 0.13 0.13 0.0755
0.2365 0.2365 0.2105 0.2105 0.2295 0.2295 0.2185 0.2185 0.2185 0.1955 0.1955 0.169 0.169 0.188 0.188 0.1895 0.1895 0.1895 0.146 0.146 0.1665 0.1665 0.1825 0.1825 0.1825 0.176 0.176 0.1865 0.1865 0.1655 0.1655 0.1655 0.1895 0.1895 0.2215 0.2215 0.2215 0.2215 0.2215 0.193 0.193 0.1835 0.1835 0.1895 0.1895 0.1895 0.179 0.179 0.1405 0.1405 0.123 0.123 0.127 0.127 0.127 0.146 0.146 0.2025 0.2025 0.2445 0.2445 0.2445 0.268 0.268 0.2535 0.2535 0.227 0.227 0.227 0.1965 0.1965 0.1825 0.1825 0.13 0.13 0.13 0.0755
0.291 0.291 0.2675 0.2675 0.2305 0.2305 0.269 0.269 0.269 0.315 0.315 0.259 0.259 0.198 0.198 0.237 0.237 0.237 0.149 0.149 0.1945 0.1945 0.2825 0.2825 0.2825 0.231 0.231 0.195 0.195 0.1805 0.1805 0.1805 0.1905 0.1905 0.217 0.217 0.2315 0.2315 0.2315 0.1865 0.1865 0.1835 0.1835 0.192 0.192 0.192 0.1605 0.1605 0.12 0.12 0.1475 0.1475 0.1605 0.1605 0.1605 0.1525 0.1525 0.197 0.197 0.1985 0.1985 0.1985 0.2335 0.2335 0.25 0.25 0.2055 0.2055 0.2055 0.194 0.194 0.173 0.173 0.1475 0.1475 0.1475 0.116
0.291 0.291 0.2675 0.2675 0.2305 0.2305 0.269 0.269 0.269 0.315 0.315 0.259 0.259 0.198 0.198 0.237 0.237 0.237 0.149 0.149 0.1945 0.1945 0.2825 0.2825 0.2825 0.231 0.231 0.195 0.195 0.1805 0.1805 0.1805 0.1905 0.1905 0.217 0.217 0.2315 0.2315 0.2315 0.1865 0.1865 0.1835 0.1835 0.192 0.192 0.192 0.1605 0.1605 0.12 0.12 0.1475 0.1475 0.1605 0.1605 0.1605 0.1525 0.1525 0.197 0.197 0.1985 0.1985 0.1985 0.2335 0.2335 0.25 0.25 0.2055 0.2055 0.2055 0.194 0.194 0.173 0.173 0.1475 0.1475 0.1475 0.116
0.229 0.229 0.27 0.27 0.2815 0.2815 0.3265 0.3265 0.3265 0.2905 0.2905 0.1995 0.1995 0.211 0.211 0.2465 0.2465 0.2465 0.215 0.215 0.231 0.231 0.39 0.39 0.39 0.2245 0.2245 0.2095 0.2095 0.1865 0.1865 0.1865 0.1865 0.1865 0.176 0.176 0.2055 0.2055 0.2055 0.201 0.201 0.193 0.193 0.205 0.205 0.205 0.188 0.188 0.142 0.142 0.1205 0.1205 0.2015 0.2015 0.2015 0.179 0.179 0.1655 0.1655 0.201 0.201 0.201 0.2065 0.2065 0.2465 0.2465 0.2515 0.2515 0.2515 0.29 0.29 0.165 0.165 0.168 0.168 0.168 0.1475
0.229 0.229 0.27 0.27 0.2815 0.2815 0.3265 0.3265 0.3265 0.2905 0.2905 0.1995 0.1995 0.211 0.211 0.2465 0.2465 0.2465 0.215 0.215 0.231 0.231 0.39 0.39 0.39 0.2245 0.2245 0.2095 0.2095 0.1865 0.1865 0.1865 0.1865 0.1865 0.176 0.176 0.2055 0.2055 0.2055 0.201 0.201 0.193 0.193 0.205 0.205 0.205 0.188 0.188 0.142 0.142 0.1205 0.1205 0.2015 0.2015 0.2015 0.179 0.179 0.1655 0.1655 0.201 0.201 0.201 0.2065 0.2065 0.2465 0.2465 0.2515 0.2515 0.2515 0.29 0.29 0.165 0.165 0.168 0.168 0.168 0.1475
0.229 0.229 0.27 0.27 0.2815 0.2815 0.3265 0.3265 0.3265 0.2905 0.2905 0.1995 0.1995 0.211 0.211 0.2465 0.2465 0.2465 0.215 0.215 0.231 0.231 0.39 0.39 0.39 0.2245 0.2245 0.2095 0.2095 0.1865 0.1865 0.1865 0.1865 0.1865 0.176 0.176 0.2055 0.2055 0.2055 0.201 0.201 0.193 0.193 0.205 0.205 0.205 0.188 0.188 0.142 0.142 0.1205 0.1205 0.2015 0.2015 0.2015 0.179 0.179 0.1655 0.1655 0.201 0.201 0.201 0.2065 0.2065 0.2465 0.2465 0.2515 0.2515 0.2515 0.29 0.29 0.165 0.165 0.168 0.168 0.168 0.1475
0.259 0.259 0.2665 0.2665 0.272 0.272 0.2315 0.2315 0.2315 0.241 0.241 0.232 0.232 0.201 0.201 0.2555 0.2555 0.2555 0.279 0.279 0.2405 0.2405 0.2255 0.2255 0.2255 0.237 0.237 0.223 0.223 0.2105 0.2105 0.2105 0.194 0.194 0.19 0.19 0.2075 0.2075 0.2075 0.2035 0.2035 0.1735 0.1735 0.1585 0.1585 0.1585 0.1445 0.1445 0.159 0.159 0.173 0.173 0.203 0.203 0.203 0.1905 0.1905 0.2195 0.2195 0.202 0.202 0.202 0.234 0.234 0.2505 0.2505 0.2545 0.2545 0.2545 0.2835 0.2835 0.192 0.192 0.148 0.148 0.148 0.143
0.259 0.259 0.2665 0.2665 0.272 0.272 0.2315 0.2315 0.2315 0.241 0.241 0.232 0.232 0.201 0.201 0.2555 0.2555 0.2555 0.279 0.279 0.2405 0.2405 0.2255 0.2255 0.2255 0.237 0.237 0.223 0.223 0.2105 0.2105 0.2105 0.194 0.194 0.19 0.19 0.2075 0.2075 0.2075 0.2035 0.2035 0.1735 0.1735 0.1585 0.1585 0.1585 0.1445 0.1445 0.159 0.159 0.173 0.173 0.203 0.203 0.203 0.1905 0.1905 0.2195 0.2195 0.202 0.202 0.202 0.234 0.234 0.2505 0.2505 0.2545 0.2545 0.2545 0.2835 0.2835 0.192 0.192 0.148 0.148 0.148 0.143
0.206 0.206 0.218 0.218 0.1945 0.1945 0.186 0.186 0.186 0.1745 0.1745 0.2 0.2 0.1975 0.1975 0.185 0.185 0.185 0.19 0.19 0.29 0.29 0.4825 0.4825 0.4825 0.2785 0.2785 0.2795 0.2795 0.2325 0.2325 0.2325 0.1995 0.1995 0.2035 0.2035 0.2245 0.2245 0.2245 0.2165 0.2165 0.2165 0.2165 0.209 0.209 0.209 0.1675 0.1675 0.154 0.154 0.1655 0.1655 0.182 0.182 0.182 0.1905 0.1905 0.199 0.199 0.214 0.214 0.214 0.2455 0.2455 0.248 0.248 0.2625 0.2625 0.2625 0.2545 0.2545 0.187 0.187 0.192 0.192 0.192 0.148
