ndvi/NOAA-160.asc
ncols         252
nrows         154
xllcorner     -18.017974
yllcorner     13.481982
cellsize      0.035948
NODATA_value  -9999
[rows 34 to 67 of 154, columns 154 to 230 of 252]
0.1375 0.1395 0.1395 0.1335 0.1335 0.1335 0.1285 0.1285 0.125 0.125 0.122 0.122 0.1105 0.1105 0.1105 0.1155 0.1155 0.116 0.116 0.114 0.114 0.114 0.113 0.113 0.1395 0.1395 0.139 0.139 0.139 0.142 0.142 0.14 0.14 0.141 0.141 0.141 0.1355 0.1355 0.1355 0.1355 0.136 0.136 0.136 0.1315 0.1315 0.133 0.133 0.139 0.139 0.138 0.138 0.138 0.131 0.131 0.1325 0.1325 0.1315 0.1315 0.1315 0.1315 0.1315 0.125 0.125 0.125 0.125 0.125 0.127 0.127 0.1275 0.1275 0.1275 0.1275 0.1275 0.128 0.128 0.1225 0.1225
0.1375 0.1395 0.1395 0.1335 0.1335 0.1335 0.1285 0.1285 0.125 0.125 0.122 0.122 0.1105 0.1105 0.1105 0.1155 0.1155 0.116 0.116 0.114 0.114 0.114 0.113 0.113 0.1395 0.1395 0.139 0.139 0.139 0.142 0.142 0.14 0.14 0.141 0.141 0.141 0.1355 0.1355 0.1355 0.1355 0.136 0.136 0.136 0.1315 0.1315 0.133 0.133 0.139 0.139 0.138 0.138 0.138 0.131 0.131 0.1325 0.1325 0.1315 0.1315 0.1315 0.1315 0.1315 0.125 0.125 0.125 0.125 0.125 0.127 0.127 0.1275 0.1275 0.1275 0.1275 0.1275 0.128 0.128 0.1225 0.1225
0.1375 0.1395 0.1395 0.1335 0.1335 0.1335 0.1285 0.1285 0.125 0.125 0.122 0.122 0.1105 0.1105 0.1105 0.1155 0.1155 0.116 0.116 0.114 0.114 0.114 0.113 0.113 0.1395 0.1395 0.139 0.139 0.139 0.142 0.142 0.14 0.14 0.141 0.141 0.141 0.1355 0.1355 0.1355 0.1355 0.136 0.136 0.136 0.1315 0.1315 0.133 0.133 0.139 0.139 0.138 0.138 0.138 0.131 0.131 0.1325 0.1325 0.1315 0.1315 0.1315 0.1315 0.1315 0.125 0.125 0.125 0.125 0.125 0.127 0.127 0.1275 0.1275 0.1275 0.1275 0.1275 0.128 0.128 0.1225 0.1225
0.131 0.1285 0.1285 0.1275 0.1275 0.1275 0.1135 0.1135 0.118 0.118 0.1095 0.1095 0.113 0.113 0.113 0.111 0.111 0.115 0.115 0.109 0.109 0.109 0.1095 0.1095 0.1485 0.1485 0.1505 0.1505 0.1505 0.167 0.167 0.1475 0.1475 0.141 0.141 0.141 0.14 0.14 0.1385 0.1385 0.135 0.135 0.135 0.137 0.137 0.131 0.131 0.1375 0.1375 0.1365 0.1365 0.1365 0.141 0.141 0.133 0.133 0.1355 0.1355 0.1355 0.1395 0.1395 0.132 0.132 0.1275 0.1275 0.1275 0.125 0.125 0.1265 0.1265 0.129 0.129 0.129 0.1295 0.1295 0.131 0.131
0.131 0.1285 0.1285 0.1275 0.1275 0.1275 0.1135 0.1135 0.118 0.118 0.1095 0.1095 0.113 0.113 0.113 0.111 0.111 0.115 0.115 0.109 0.109 0.109 0.1095 0.1095 0.1485 0.1485 0.1505 0.1505 0.1505 0.167 0.167 0.1475 0.1475 0.141 0.141 0.141 0.14 0.14 0.1385 0.1385 0.135 0.135 0.135 0.137 0.137 0.131 0.131 0.1375 0.1375 0.1365 0.1365 0.1365 0.141 0.141 0.133 0.133 0.1355 0.1355 0.1355 0.1395 0.1395 0.132 0.132 0.1275 0.1275 0.1275 0.125 0.125 0.1265 0.1265 0.129 0.129 0.129 0.1295 0.1295 0.131 0.131
0.142 0.123 0.123 0.1175 0.1175 0.1175 0.103 0.103 0.1135 0.1135 0.113 0.113 0.1185 0.1185 0.1185 0.1175 0.1175 0.1125 0.1125 0.109 0.109 0.109 0.111 0.111 0.1535 0.1535 0.168 0.168 0.168 0.1615 0.1615 0.168 0.168 0.1555 0.1555 0.1555 0.1435 0.1435 0.1365 0.1365 0.1305 0.1305 0.1305 0.1335 0.1335 0.136 0.136 0.139 0.139 0.141 0.141 0.141 0.1375 0.1375 0.135 0.135 0.1405 0.1405 0.1405 0.1455 0.1455 0.1435 0.1435 0.135 0.135 0.135 0.131 0.131 0.125 0.125 0.13 0.13 0.13 0.133 0.133 0.1315 0.1315
0.142 0.123 0.123 0.1175 0.1175 0.1175 0.103 0.103 0.1135 0.1135 0.113 0.113 0.1185 0.1185 0.1185 0.1175 0.1175 0.1125 0.1125 0.109 0.109 0.109 0.111 0.111 0.1535 0.1535 0.168 0.168 0.168 0.1615 0.1615 0.168 0.168 0.1555 0.1555 0.1555 0.1435 0.1435 0.1365 0.1365 0.1305 0.1305 0.1305 0.1335 0.1335 0.136 0.136 0.139 0.139 0.141 0.141 0.141 0.1375 0.1375 0.135 0.135 0.1405 0.1405 0.1405 0.1455 0.1455 0.1435 0.1435 0.135 0.135 0.135 0.131 0.131 0.125 0.125 0.13 0.13 0.13 0.133 0.133 0.1315 0.1315
0.14 0.137 0.137 0.118 0.118 0.118 0.116 0.116 0.1135 0.1135 0.1175 0.1175 0.117 0.117 0.117 0.1185 0.1185 0.1155 0.1155 0.122 0.122 0.122 0.123 0.123 0.1575 0.1575 0.156 0.156 0.156 0.166 0.166 0.183 0.183 0.156 0.156 0.156 0.1565 0.1565 0.138 0.138 0.1375 0.1375 0.1375 0.141 0.141 0.1385 0.1385 0.1415 0.1415 0.1305 0.1305 0.1305 0.1315 0.1315 0.1345 0.1345 0.14 0.14 0.14 0.1445 0.1445 0.146 0.146 0.1485 0.1485 0.1485 0.146 0.146 0.145 0.145 0.138 0.138 0.138 0.1395 0.1395 0.134 0.134
0.14 0.137 0.137 0.118 0.118 0.118 0.116 0.116 0.1135 0.1135 0.1175 0.1175 0.117 0.117 0.117 0.1185 0.1185 0.1155 0.1155 0.122 0.122 0.122 0.123 0.123 0.1575 0.1575 0.156 0.156 0.156 0.166 0.166 0.183 0.183 0.156 0.156 0.156 0.1565 0.1565 0.138 0.138 0.1375 0.1375 0.1375 0.141 0.141 0.1385 0.1385 0.1415 0.1415 0.1305 0.1305 0.1305 0.1315 0.1315 0.1345 0.1345 0.14 0.14 0.14 0.1445 0.1445 0.146 0.146 0.1485 0.1485 0.1485 0.146 0.146 0.145 0.145 0.138 0.138 0.138 0.1395 0.1395 0.134 0.134
0.14 0.137 0.137 0.118 0.118 0.118 0.116 0.116 0.1135 0.1135 0.1175 0.1175 0.117 0.117 0.117 0.1185 0.1185 0.1155 0.1155 0.122 0.122 0.122 0.123 0.123 0.1575 0.1575 0.156 0.156 0.156 0.166 0.166 0.183 0.183 0.156 0.156 0.156 0.1565 0.1565 0.138 0.138 0.1375 0.1375 0.1375 0.141 0.141 0.1385 0.1385 0.1415 0.1415 0.1305 0.1305 0.1305 0.1315 0.1315 0.1345 0.1345 0.14 0.14 0.14 0.1445 0.1445 0.146 0.146 0.1485 0.1485 0.1485 0.146 0.146 0.145 0.145 0.138 0.138 0.138 0.1395 0.1395 0.134 0.134
0.1105 0.148 0.148 0.136 0.136 0.136 0.1315 0.1315 0.12 0.12 0.1305 0.1305 0.1295 0.1295 0.1295 0.121 0.121 0.156 0.156 0.157 0.157 0.157 0.1455 0.1455 0.151 0.151 0.1525 0.1525 0.1525 0.16 0.16 0.158 0.158 0.1605 0.1605 0.1605 0.1515 0.1515 0.146 0.146 0.148 0.148 0.148 0.1435 0.1435 0.143 0.143 0.1385 0.1385 0.1525 0.1525 0.1525 0.1425 0.1425 0.143 0.143 0.1465 0.1465 0.1465 0.155 0.155 0.154 0.154 0.1555 0.1555 0.1555 0.151 0.151 0.143 0.143 0.141 0.141 0.141 0.139 0.139 0.1365 0.1365
0.1105 0.148 0.148 0.136 0.136 0.136 0.1315 0.1315 0.12 0.12 0.1305 0.1305 0.1295 0.1295 0.1295 0.121 0.121 0.156 0.156 0.157 0.157 0.157 0.1455 0.1455 0.151 0.151 0.1525 0.1525 0.1525 0.16 0.16 0.158 0.158 0.1605 0.1605 0.1605 0.1515 0.1515 0.146 0.146 0.148 0.148 0.148 0.1435 0.1435 0.143 0.143 0.1385 0.1385 0.1525 0.1525 0.1525 0.1425 0.1425 0.143 0.143 0.1465 0.1465 0.1465 0.155 0.155 0.154 0.154 0.1555 0.1555 0.1555 0.151 0.151 0.143 0.143 0.141 0.141 0.141 0.139 0.139 0.1365 0.1365
0.13 0.1225 0.1225 0.153 0.153 0.153 0.175 0.175 0.17 0.17 0.163 0.163 0.1705 0.1705 0.1705 0.1865 0.1865 0.172 0.172 0.1485 0.1485 0.1485 0.1755 0.1755 0.158 0.158 0.158 0.158 0.158 0.162 0.162 0.1635 0.1635 0.167 0.167 0.167 0.162 0.162 0.15 0.15 0.1505 0.1505 0.1505 0.1495 0.1495 0.152 0.152 0.1505 0.1505 0.159 0.159 0.159 0.139 0.139 0.134 0.134 0.1475 0.1475 0.1475 0.1525 0.1525 0.1525 0.1525 0.154 0.154 0.154 0.146 0.146 0.1405 0.1405 0.146 0.146 0.146 0.147 0.147 0.142 0.142
0.13 0.1225 0.1225 0.153 0.153 0.153 0.175 0.175 0.17 0.17 0.163 0.163 0.1705 0.1705 0.1705 0.1865 0.1865 0.172 0.172 0.1485 0.1485 0.1485 0.1755 0.1755 0.158 0.158 0.158 0.158 0.158 0.162 0.162 0.1635 0.1635 0.167 0.167 0.167 0.162 0.162 0.15 0.15 0.1505 0.1505 0.1505 0.1495 0.1495 0.152 0.152 0.1505 0.1505 0.159 0.159 0.159 0.139 0.139 0.134 0.134 0.1475 0.1475 0.1475 0.1525 0.1525 0.1525 0.1525 0.154 0.154 0.154 0.146 0.146 0.1405 0.1405 0.146 0.146 0.146 0.147 0.147 0.142 0.142
0.124 0.129 0.129 0.158 0.158 0.158 0.166 0.166 0.185 0.185 0.166 0.166 0.167 0.167 0.167 0.1625 0.1625 0.1675 0.1675 0.1595 0.1595 0.1595 0.16 0.16 0.1705 0.1705 0.1605 0.1605 0.1605 0.1615 0.1615 0.159 0.159 0.1635 0.1635 0.1635 0.1655 0.1655 0.164 0.164 0.162 0.162 0.162 0.166 0.166 0.1595 0.1595 0.1535 0.1535 0.1445 0.1445 0.1445 0.1425 0.1425 0.149 0.149 0.1505 0.1505 0.1505 0.15 0.15 0.151 0.151 0.147 0.147 0.147 0.144 0.144 0.1445 0.1445 0.1455 0.1455 0.1455 0.145 0.145 0.143 0.143
0.124 0.129 0.129 0.158 0.158 0.158 0.166 0.166 0.185 0.185 0.166 0.166 0.167 0.167 0.167 0.1625 0.1625 0.1675 0.1675 0.1595 0.1595 0.1595 0.16 0.16 0.1705 0.1705 0.1605 0.1605 0.1605 0.1615 0.1615 0.159 0.159 0.1635 0.1635 0.1635 0.1655 0.1655 0.164 0.164 0.162 0.162 0.162 0.166 0.166 0.1595 0.1595 0.1535 0.1535 0.1445 0.1445 0.1445 0.1425 0.1425 0.149 0.149 0.1505 0.1505 0.1505 0.15 0.15 0.151 0.151 0.147 0.147 0.147 0.144 0.144 0.1445 0.1445 0.1455 0.1455 0.1455 0.145 0.145 0.143 0.143
0.124 0.129 0.129 0.158 0.158 0.158 0.166 0.166 0.185 0.185 0.166 0.166 0.167 0.167 0.167 0.1625 0.1625 0.1675 0.1675 0.1595 0.1595 0.1595 0.16 0.16 0.1705 0.1705 0.1605 0.1605 0.1605 0.1615 0.1615 0.159 0.159 0.1635 0.1635 0.1635 0.1655 0.1655 0.164 0.164 0.162 0.162 0.162 0.166 0.166 0.1595 0.1595 0.1535 0.1535 0.1445 0.1445 0.1445 0.1425 0.1425 0.149 0.149 0.1505 0.1505 0.1505 0.15 0.15 0.151 0.151 0.147 0.147 0.147 0.144 0.144 0.1445 0.1445 0.1455 0.1455 0.1455 0.145 0.145 0.143 0.143
0.1275 0.124 0.124 0.162 0.162 0.162 0.1785 0.1785 0.195 0.195 0.185 0.185 0.163 0.163 0.163 0.164 0.164 0.156 0.156 0.158 0.158 0.158 0.163 0.163 0.168 0.168 0.181 0.181 0.181 0.1835 0.1835 0.166 0.166 0.1735 0.1735 0.1735 0.1755 0.1755 0.1685 0.1685 0.1685 0.1685 0.1685 0.1625 0.1625 0.1545 0.1545 0.155 0.155 0.1425 0.1425 0.1425 0.143 0.143 0.1425 0.1425 0.1495 0.1495 0.1495 0.1575 0.1575 0.155 0.155 0.155 0.155 0.155 0.1485 0.1485 0.1465 0.1465 0.1495 0.1495 0.1495 0.1455 0.1455 0.1415 0.1415
0.1275 0.124 0.124 0.162 0.162 0.162 0.1785 0.1785 0.195 0.195 0.185 0.185 0.163 0.163 0.163 0.164 0.164 0.156 0.156 0.158 0.158 0.158 0.163 0.163 0.168 0.168 0.181 0.181 0.181 0.1835 0.1835 0.166 0.166 0.1735 0.1735 0.1735 0.1755 0.1755 0.1685 0.1685 0.1685 0.1685 0.1685 0.1625 0.1625 0.1545 0.1545 0.155 0.155 0.1425 0.1425 0.1425 0.143 0.143 0.1425 0.1425 0.1495 0.1495 0.1495 0.1575 0.1575 0.155 0.155 0.155 0.155 0.155 0.1485 0.1485 0.1465 0.1465 0.1495 0.1495 0.1495 0.1455 0.1455 0.1415 0.1415
0.1205 0.117 0.117 0.1535 0.1535 0.1535 0.188 0.188 0.196 0.196 0.185 0.185 0.177 0.177 0.177 0.1635 0.1635 0.1615 0.1615 0.162 0.162 0.162 0.171 0.171 0.1955 0.1955 0.191 0.191 0.191 0.1895 0.1895 0.198 0.198 0.194 0.194 0.194 0.1955 0.1955 0.1785 0.1785 0.1765 0.1765 0.1765 0.1545 0.1545 0.143 0.143 0.16 0.16 0.152 0.152 0.152 0.147 0.147 0.151 0.151 0.163 0.163 0.163 0.1635 0.1635 0.155 0.155 0.169 0.169 0.169 0.1555 0.1555 0.1625 0.1625 0.1645 0.1645 0.1645 0.1565 0.1565 0.164 0.164
0.1205 0.117 0.117 0.1535 0.1535 0.1535 0.188 0.188 0.196 0.196 0.185 0.185 0.177 0.177 0.177 0.1635 0.1635 0.1615 0.1615 0.162 0.162 0.162 0.171 0.171 0.1955 0.1955 0.191 0.191 0.191 0.1895 0.1895 0.198 0.198 0.194 0.194 0.194 0.1955 0.1955 0.1785 0.1785 0.1765 0.1765 0.1765 0.1545 0.1545 0.143 0.143 0.16 0.16 0.152 0.152 0.152 0.147 0.147 0.151 0.151 0.163 0.163 0.163 0.1635 0.1635 0.155 0.155 0.169 0.169 0.169 0.1555 0.1555 0.1625 0.1625 0.1645 0.1645 0.1645 0.1565 0.1565 0.164 0.164
0.117 0.114 0.114 0.172 0.172 0.172 0.1685 0.1685 0.1735 0.1735 0.179 0.179 0.1815 0.1815 0.1815 0.1865 0.1865 0.18 0.18 0.2 0.2 0.2 0.1965 0.1965 0.198 0.198 0.191 0.191 0.191 0.2035 0.2035 0.192 0.192 0.181 0.181 0.181 0.1855 0.1855 0.1675 0.1675 0.1645 0.1645 0.1645 0.163 0.163 0.1595 0.1595 0.1535 0.1535 0.1485 0.1485 0.1485 0.142 0.142 0.141 0.141 0.1535 0.1535 0.1535 0.147 0.147 0.174 0.174 0.1645 0.1645 0.1645 0.159 0.159 0.1625 0.1625 0.162 0.162 0.162 0.1595 0.1595 0.1565 0.1565
0.117 0.114 0.114 0.172 0.172 0.172 0.1685 0.1685 0.1735 0.1735 0.179 0.179 0.1815 0.1815 0.1815 0.1865 0.1865 0.18 0.18 0.2 0.2 0.2 0.1965 0.1965 0.198 0.198 0.191 0.191 0.191 0.2035 0.2035 0.192 0.192 0.181 0.181 0.181 0.1855 0.1855 0.1675 0.1675 0.1645 0.1645 0.1645 0.163 0.163 0.1595 0.1595 0.1535 0.1535 0.1485 0.1485 0.1485 0.142 0.142 0.141 0.141 0.1535 0.1535 0.1535 0.147 0.147 0.174 0.174 0.1645 0.1645 0.1645 0.159 0.159 0.1625 0.1625 0.162 0.162 0.162 0.1595 0.1595 0.1565 0.1565
0.1165 0.1215 0.1215 0.132 0.132 0.132 0.165 0.165 0.16 0.16 0.1595 0.1595 0.1655 0.1655 0.1655 0.1855 0.1855 0.2035 0.2035 0.21 0.21 0.21 0.208 0.208 0.204 0.204 0.191 0.191 0.191 0.188 0.188 0.192 0.192 0.176 0.176 0.176 0.1895 0.1895 0.175 0.175 0.159 0.159 0.159 0.166 0.166 0.15 0.15 0.1455 0.1455 0.1485 0.1485 0.1485 0.1325 0.1325 0.131 0.131 0.1315 0.1315 0.1315 0.1415 0.1415 0.1575 0.1575 0.1605 0.1605 0.1605 0.1735 0.1735 0.1645 0.1645 0.1665 0.1665 0.1665 0.157 0.157 0.158 0.158
0.1165 0.1215 0.1215 0.132 0.132 0.132 0.165 0.165 0.16 0.16 0.1595 0.1595 0.1655 0.1655 0.1655 0.1855 0.1855 0.2035 0.2035 0.21 0.21 0.21 0.208 0.208 0.204 0.204 0.191 0.191 0.191 0.188 0.188 0.192 0.192 0.176 0.176 0.176 0.1895 0.1895 0.175 0.175 0.159 0.159 0.159 0.166 0.166 0.15 0.15 0.1455 0.1455 0.1485 0.1485 0.1485 0.1325 0.1325 0.131 0.131 0.1315 0.1315 0.1315 0.1415 0.1415 0.1575 0.1575 0.1605 0.1605 0.1605 0.1735 0.1735 0.1645 0.1645 0.1665 0.1665 0.1665 0.157 0.157 0.158 0.158
0.1165 0.1215 0.1215 0.132 0.132 0.132 0.165 0.165 0.16 0.16 0.1595 0.1595 0.1655 0.1655 0.1655 0.1855 0.1855 0.2035 0.2035 0.21 0.21 0.21 0.208 0.208 0.204 0.204 0.191 0.191 0.191 0.188 0.188 0.192 0.192 0.176 0.176 0.176 0.1895 0.1895 0.175 0.175 0.159 0.159 0.159 0.166 0.166 0.15 0.15 0.1455 0.1455 0.1485 0.1485 0.1485 0.1325 0.1325 0.131 0.131 0.1315 0.1315 0.1315 0.1415 0.1415 0.1575 0.1575 0.1605 0.1605 0.1605 0.1735 0.1735 0.1645 0.1645 0.1665 0.1665 0.1665 0.157 0.157 0.158 0.158
0.1365 0.1255 0.1255 0.1185 0.1185 0.1185 0.1225 0.1225 0.1685 0.1685 0.154 0.154 0.167 0.167 0.167 0.176 0.176 0.2225 0.2225 0.2095 0.2095 0.2095 0.21 0.21 0.2085 0.2085 0.201 0.201 0.201 0.185 0.185 0.176 0.176 0.1955 0.1955 0.1955 0.1955 0.1955 0.174 0.174 0.173 0.173 0.173 0.1565 0.1565 0.145 0.145 0.134 0.134 0.136 0.136 0.136 0.135 0.135 0.1285 0.1285 0.1365 0.1365 0.1365 0.1335 0.1335 0.146 0.146 0.148 0.148 0.148 0.161 0.161 0.1415 0.1415 0.1485 0.1485 0.1485 0.141 0.141 0.1505 0.1505
0.1365 0.1255 0.1255 0.1185 0.1185 0.1185 0.1225 0.1225 0.1685 0.1685 0.154 0.154 0.167 0.167 0.167 0.176 0.176 0.2225 0.2225 0.2095 0.2095 0.2095 0.21 0.21 0.2085 0.2085 0.201 0.201 0.201 0.185 0.185 0.176 0.176 0.1955 0.1955 0.1955 0.1955 0.1955 0.174 0.174 0.173 0.173 0.173 0.1565 0.1565 0.145 0.145 0.134 0.134 0.136 0.136 0.136 0.135 0.135 0.1285 0.1285 0.1365 0.1365 0.1365 0.1335 0.1335 0.146 0.146 0.148 0.148 0.148 0.161 0.161 0.1415 0.1415 0.1485 0.1485 0.1485 0.141 0.141 0.1505 0.1505
0.125 0.124 0.124 0.1155 0.1155 0.1155 0.1245 0.1245 0.1305 0.1305 0.157 0.157 0.1665 0.1665 0.1665 0.199 0.199 0.216 0.216 0.214 0.214 0.214 0.217 0.217 0.214 0.214 0.187 0.187 0.187 0.1845 0.1845 0.194 0.194 0.201 0.201 0.201 0.197 0.197 0.189 0.189 0.179 0.179 0.179 0.171 0.171 0.151 0.151 0.1385 0.1385 0.1415 0.1415 0.1415 0.1565 0.1565 0.1445 0.1445 0.1385 0.1385 0.1385 0.1385 0.1385 0.1475 0.1475 0.1665 0.1665 0.1665 0.1555 0.1555 0.1415 0.1415 0.1425 0.1425 0.1425 0.142 0.142 0.148 0.148
0.125 0.124 0.124 0.1155 0.1155 0.1155 0.1245 0.1245 0.1305 0.1305 0.157 0.157 0.1665 0.1665 0.1665 0.199 0.199 0.216 0.216 0.214 0.214 0.214 0.217 0.217 0.214 0.214 0.187 0.187 0.187 0.1845 0.1845 0.194 0.194 0.201 0.201 0.201 0.197 0.197 0.189 0.189 0.179 0.179 0.179 0.171 0.171 0.151 0.151 0.1385 0.1385 0.1415 0.1415 0.1415 0.1565 0.1565 0.1445 0.1445 0.1385 0.1385 0.1385 0.1385 0.1385 0.1475 0.1475 0.1665 0.1665 0.1665 0.1555 0.1555 0.1415 0.1415 0.1425 0.1425 0.1425 0.142 0.142 0.148 0.148
0.1395 0.1505 0.1505 0.136 0.136 0.136 0.138 0.138 0.134 0.134 0.1685 0.1685 0.1935 0.1935 0.1935 0.201 0.201 0.2145 0.2145 0.2065 0.2065 0.2065 0.208 0.208 0.2095 0.2095 0.1915 0.1915 0.1915 0.181 0.181 0.1925 0.1925 0.2155 0.2155 0.2155 0.2005 0.2005 0.197 0.197 0.1975 0.1975 0.1975 0.189 0.189 0.1835 0.1835 0.188 0.188 0.194 0.194 0.194 0.1855 0.1855 0.1935 0.1935 0.1785 0.1785 0.1785 0.163 0.163 0.165 0.165 0.171 0.171 0.171 0.1745 0.1745 0.1595 0.1595 0.162 0.162 0.162 0.156 0.156 0.1575 0.1575
0.1395 0.1505 0.1505 0.136 0.136 0.136 0.138 0.138 0.134 0.134 0.1685 0.1685 0.1935 0.1935 0.1935 0.201 0.201 0.2145 0.2145 0.2065 0.2065 0.2065 0.208 0.208 0.2095 0.2095 0.1915 0.1915 0.1915 0.181 0.181 0.1925 0.1925 0.2155 0.2155 0.2155 0.2005 0.2005 0.197 0.197 0.1975 0.1975 0.1975 0.189 0.189 0.1835 0.1835 0.188 0.188 0.194 0.194 0.194 0.1855 0.1855 0.1935 0.1935 0.1785 0.1785 0.1785 0.163 0.163 0.165 0.165 0.171 0.171 0.171 0.1745 0.1745 0.1595 0.1595 0.162 0.162 0.162 0.156 0.156 0.1575 0.1575
0.1395 0.1505 0.1505 0.136 0.136 0.136 0.138 0.138 0.134 0.134 0.1685 0.1685 0.1935 0.1935 0.1935 0.201 0.201 0.2145 0.2145 0.2065 0.2065 0.2065 0.208 0.208 0.2095 0.2095 0.1915 0.1915 0.1915 0.181 0.181 0.1925 0.1925 0.2155 0.2155 0.2155 0.2005 0.2005 0.197 0.197 0.1975 0.1975 0.1975 0.189 0.189 0.1835 0.1835 0.188 0.188 0.194 0.194 0.194 0.1855 0.1855 0.1935 0.1935 0.1785 0.1785 0.1785 0.163 0.163 0.165 0.165 0.171 0.171 0.171 0.1745 0.1745 0.1595 0.1595 0.162 0.162 0.162 0.156 0.156 0.1575 0.1575
0.126 0.149 0.149 0.135 0.135 0.135 0.1325 0.1325 0.144 0.144 0.1745 0.1745 0.1875 0.1875 0.1875 0.2085 0.2085 0.212 0.212 0.2075 0.2075 0.2075 0.211 0.211 0.1995 0.1995 0.189 0.189 0.189 0.2045 0.2045 0.211 0.211 0.201 0.201 0.201 0.1965 0.1965 0.2005 0.2005 0.1955 0.1955 0.1955 0.2095 0.2095 0.2065 0.2065 0.1925 0.1925 0.201 0.201 0.201 0.1995 0.1995 0.2 0.2 0.207 0.207 0.207 0.213 0.213 0.1975 0.1975 0.1965 0.1965 0.1965 0.183 0.183 0.206 0.206 0.199 0.199 0.199 0.187 0.187 0.184 0.184
