ndvi/NOAA-179.asc
ncols         252
nrows         154
xllcorner     -18.017974
yllcorner     13.481982
cellsize      0.035948
NODATA_value  -9999
[rows 34 to 67 of 154, columns 154 to 230 of 252]
0.129 0.1245 0.1245 0.113 0.113 0.113 0.1345 0.1345 0.107 0.107 0.106 0.106 0.096 0.096 0.096 0.1045 0.1045 0.102 0.102 0.1065 0.1065 0.1065 0.114 0.114 0.132 0.132 0.1255 0.1255 0.1255 0.1435 0.1435 0.137 0.137 0.126 0.126 0.126 0.123 0.123 0.121 0.121 0.115 0.115 0.115 0.113 0.113 0.1195 0.1195 0.126 0.126 0.1235 0.1235 0.1235 0.122 0.122 0.1195 0.1195 0.118 0.118 0.118 0.122 0.122 0.1185 0.1185 0.1115 0.1115 0.1115 0.1175 0.1175 0.123 0.123 0.12 0.12 0.12 0.1105 0.1105 0.112 0.112
0.129 0.1245 0.1245 0.113 0.113 0.113 0.1345 0.1345 0.107 0.107 0.106 0.106 0.096 0.096 0.096 0.1045 0.1045 0.102 0.102 0.1065 0.1065 0.1065 0.114 0.114 0.132 0.132 0.1255 0.1255 0.1255 0.1435 0.1435 0.137 0.137 0.126 0.126 0.126 0.123 0.123 0.121 0.121 0.115 0.115 0.115 0.113 0.113 0.1195 0.1195 0.126 0.126 0.1235 0.1235 0.1235 0.122 0.122 0.1195 0.1195 0.118 0.118 0.118 0.122 0.122 0.1185 0.1185 0.1115 0.1115 0.1115 0.1175 0.1175 0.123 0.123 0.12 0.12 0.12 0.1105 0.1105 0.112 0.112
0.129 0.1245 0.1245 0.113 0.113 0.113 0.1345 0.1345 0.107 0.107 0.106 0.106 0.096 0.096 0.096 0.1045 0.1045 0.102 0.102 0.1065 0.1065 0.1065 0.114 0.114 0.132 0.132 0.1255 0.1255 0.1255 0.1435 0.1435 0.137 0.137 0.126 0.126 0.126 0.123 0.123 0.121 0.121 0.115 0.115 0.115 0.113 0.113 0.1195 0.1195 0.126 0.126 0.1235 0.1235 0.1235 0.122 0.122 0.1195 0.1195 0.118 0.118 0.118 0.122 0.122 0.1185 0.1185 0.1115 0.1115 0.1115 0.1175 0.1175 0.123 0.123 0.12 0.12 0.12 0.1105 0.1105 0.112 0.112
0.128 0.1255 0.1255 0.1135 0.1135 0.1135 0.1195 0.1195 0.108 0.108 0.098 0.098 0.102 0.102 0.102 0.097 0.097 0.104 0.104 0.101 0.101 0.101 0.103 0.103 0.132 0.132 0.127 0.127 0.127 0.1495 0.1495 0.1405 0.1405 0.1365 0.1365 0.1365 0.125 0.125 0.118 0.118 0.1145 0.1145 0.1145 0.123 0.123 0.114 0.114 0.132 0.132 0.1175 0.1175 0.1175 0.116 0.116 0.1195 0.1195 0.1195 0.1195 0.1195 0.1255 0.1255 0.1205 0.1205 0.1225 0.1225 0.1225 0.119 0.119 0.1125 0.1125 0.1205 0.1205 0.1205 0.119 0.119 0.1205 0.1205
0.128 0.1255 0.1255 0.1135 0.1135 0.1135 0.1195 0.1195 0.108 0.108 0.098 0.098 0.102 0.102 0.102 0.097 0.097 0.104 0.104 0.101 0.101 0.101 0.103 0.103 0.132 0.132 0.127 0.127 0.127 0.1495 0.1495 0.1405 0.1405 0.1365 0.1365 0.1365 0.125 0.125 0.118 0.118 0.1145 0.1145 0.1145 0.123 0.123 0.114 0.114 0.132 0.132 0.1175 0.1175 0.1175 0.116 0.116 0.1195 0.1195 0.1195 0.1195 0.1195 0.1255 0.1255 0.1205 0.1205 0.1225 0.1225 0.1225 0.119 0.119 0.1125 0.1125 0.1205 0.1205 0.1205 0.119 0.119 0.1205 0.1205
0.1415 0.1205 0.1205 0.1145 0.1145 0.1145 0.1085 0.1085 0.106 0.106 0.097 0.097 0.1 0.1 0.1 0.1075 0.1075 0.1045 0.1045 0.104 0.104 0.104 0.1065 0.1065 0.1395 0.1395 0.161 0.161 0.161 0.1555 0.1555 0.152 0.152 0.139 0.139 0.139 0.1295 0.1295 0.1245 0.1245 0.1185 0.1185 0.1185 0.1175 0.1175 0.121 0.121 0.125 0.125 0.123 0.123 0.123 0.128 0.128 0.122 0.122 0.1225 0.1225 0.1225 0.1275 0.1275 0.13 0.13 0.125 0.125 0.125 0.122 0.122 0.12 0.12 0.123 0.123 0.123 0.1235 0.1235 0.1225 0.1225
0.1415 0.1205 0.1205 0.1145 0.1145 0.1145 0.1085 0.1085 0.106 0.106 0.097 0.097 0.1 0.1 0.1 0.1075 0.1075 0.1045 0.1045 0.104 0.104 0.104 0.1065 0.1065 0.1395 0.1395 0.161 0.161 0.161 0.1555 0.1555 0.152 0.152 0.139 0.139 0.139 0.1295 0.1295 0.1245 0.1245 0.1185 0.1185 0.1185 0.1175 0.1175 0.121 0.121 0.125 0.125 0.123 0.123 0.123 0.128 0.128 0.122 0.122 0.1225 0.1225 0.1225 0.1275 0.1275 0.13 0.13 0.125 0.125 0.125 0.122 0.122 0.12 0.12 0.123 0.123 0.123 0.1235 0.1235 0.1225 0.1225
0.13 0.1255 0.1255 0.1295 0.1295 0.1295 0.1055 0.1055 0.102 0.102 0.098 0.098 0.109 0.109 0.109 0.1045 0.1045 0.112 0.112 0.118 0.118 0.118 0.1005 0.1005 0.1325 0.1325 0.1355 0.1355 0.1355 0.1575 0.1575 0.148 0.148 0.145 0.145 0.145 0.142 0.142 0.123 0.123 0.1275 0.1275 0.1275 0.1285 0.1285 0.1305 0.1305 0.129 0.129 0.116 0.116 0.116 0.1155 0.1155 0.1195 0.1195 0.13 0.13 0.13 0.132 0.132 0.1385 0.1385 0.1355 0.1355 0.1355 0.135 0.135 0.133 0.133 0.1235 0.1235 0.1235 0.1245 0.1245 0.128 0.128
0.13 0.1255 0.1255 0.1295 0.1295 0.1295 0.1055 0.1055 0.102 0.102 0.098 0.098 0.109 0.109 0.109 0.1045 0.1045 0.112 0.112 0.118 0.118 0.118 0.1005 0.1005 0.1325 0.1325 0.1355 0.1355 0.1355 0.1575 0.1575 0.148 0.148 0.145 0.145 0.145 0.142 0.142 0.123 0.123 0.1275 0.1275 0.1275 0.1285 0.1285 0.1305 0.1305 0.129 0.129 0.116 0.116 0.116 0.1155 0.1155 0.1195 0.1195 0.13 0.13 0.13 0.132 0.132 0.1385 0.1385 0.1355 0.1355 0.1355 0.135 0.135 0.133 0.133 0.1235 0.1235 0.1235 0.1245 0.1245 0.128 0.128
0.13 0.1255 0.1255 0.1295 0.1295 0.1295 0.1055 0.1055 0.102 0.102 0.098 0.098 0.109 0.109 0.109 0.1045 0.1045 0.112 0.112 0.118 0.118 0.118 0.1005 0.1005 0.1325 0.1325 0.1355 0.1355 0.1355 0.1575 0.1575 0.148 0.148 0.145 0.145 0.145 0.142 0.142 0.123 0.123 0.1275 0.1275 0.1275 0.1285 0.1285 0.1305 0.1305 0.129 0.129 0.116 0.116 0.116 0.1155 0.1155 0.1195 0.1195 0.13 0.13 0.13 0.132 0.132 0.1385 0.1385 0.1355 0.1355 0.1355 0.135 0.135 0.133 0.133 0.1235 0.1235 0.1235 0.1245 0.1245 0.128 0.128
0.106 0.142 0.142 0.133 0.133 0.133 0.123 0.123 0.1165 0.1165 0.1175 0.1175 0.1225 0.1225 0.1225 0.115 0.115 0.141 0.141 0.148 0.148 0.148 0.137 0.137 0.128 0.128 0.1395 0.1395 0.1395 0.145 0.145 0.1495 0.1495 0.1445 0.1445 0.1445 0.13 0.13 0.127 0.127 0.1335 0.1335 0.1335 0.1305 0.1305 0.133 0.133 0.125 0.125 0.1385 0.1385 0.1385 0.122 0.122 0.132 0.132 0.135 0.135 0.135 0.1335 0.1335 0.138 0.138 0.1415 0.1415 0.1415 0.1355 0.1355 0.1355 0.1355 0.128 0.128 0.128 0.131 0.131 0.123 0.123
0.106 0.142 0.142 0.133 0.133 0.133 0.123 0.123 0.1165 0.1165 0.1175 0.1175 0.1225 0.1225 0.1225 0.115 0.115 0.141 0.141 0.148 0.148 0.148 0.137 0.137 0.128 0.128 0.1395 0.1395 0.1395 0.145 0.145 0.1495 0.1495 0.1445 0.1445 0.1445 0.13 0.13 0.127 0.127 0.1335 0.1335 0.1335 0.1305 0.1305 0.133 0.133 0.125 0.125 0.1385 0.1385 0.1385 0.122 0.122 0.132 0.132 0.135 0.135 0.135 0.1335 0.1335 0.138 0.138 0.1415 0.1415 0.1415 0.1355 0.1355 0.1355 0.1355 0.128 0.128 0.128 0.131 0.131 0.123 0.123
0.125 0.1205 0.1205 0.146 0.146 0.146 0.146 0.146 0.159 0.159 0.1555 0.1555 0.1645 0.1645 0.1645 0.1515 0.1515 0.1495 0.1495 0.14 0.14 0.14 0.1465 0.1465 0.151 0.151 0.146 0.146 0.146 0.1485 0.1485 0.15 0.15 0.1545 0.1545 0.1545 0.148 0.148 0.135 0.135 0.1365 0.1365 0.1365 0.1335 0.1335 0.1365 0.1365 0.1245 0.1245 0.139 0.139 0.139 0.1275 0.1275 0.1295 0.1295 0.1465 0.1465 0.1465 0.136 0.136 0.153 0.153 0.138 0.138 0.138 0.1335 0.1335 0.129 0.129 0.1355 0.1355 0.1355 0.1365 0.1365 0.131 0.131
0.125 0.1205 0.1205 0.146 0.146 0.146 0.146 0.146 0.159 0.159 0.1555 0.1555 0.1645 0.1645 0.1645 0.1515 0.1515 0.1495 0.1495 0.14 0.14 0.14 0.1465 0.1465 0.151 0.151 0.146 0.146 0.146 0.1485 0.1485 0.15 0.15 0.1545 0.1545 0.1545 0.148 0.148 0.135 0.135 0.1365 0.1365 0.1365 0.1335 0.1335 0.1365 0.1365 0.1245 0.1245 0.139 0.139 0.139 0.1275 0.1275 0.1295 0.1295 0.1465 0.1465 0.1465 0.136 0.136 0.153 0.153 0.138 0.138 0.138 0.1335 0.1335 0.129 0.129 0.1355 0.1355 0.1355 0.1365 0.1365 0.131 0.131
0.1235 0.1505 0.1505 0.173 0.173 0.173 0.1635 0.1635 0.182 0.182 0.1715 0.1715 0.168 0.168 0.168 0.159 0.159 0.1605 0.1605 0.1575 0.1575 0.1575 0.1485 0.1485 0.1565 0.1565 0.1565 0.1565 0.1565 0.1605 0.1605 0.1495 0.1495 0.1475 0.1475 0.1475 0.15 0.15 0.15 0.15 0.151 0.151 0.151 0.152 0.152 0.144 0.144 0.1375 0.1375 0.129 0.129 0.129 0.126 0.126 0.123 0.123 0.1395 0.1395 0.1395 0.145 0.145 0.149 0.149 0.1365 0.1365 0.1365 0.126 0.126 0.1285 0.1285 0.1265 0.1265 0.1265 0.1315 0.1315 0.1315 0.1315
0.1235 0.1505 0.1505 0.173 0.173 0.173 0.1635 0.1635 0.182 0.182 0.1715 0.1715 0.168 0.168 0.168 0.159 0.159 0.1605 0.1605 0.1575 0.1575 0.1575 0.1485 0.1485 0.1565 0.1565 0.1565 0.1565 0.1565 0.1605 0.1605 0.1495 0.1495 0.1475 0.1475 0.1475 0.15 0.15 0.15 0.15 0.151 0.151 0.151 0.152 0.152 0.144 0.144 0.1375 0.1375 0.129 0.129 0.129 0.126 0.126 0.123 0.123 0.1395 0.1395 0.1395 0.145 0.145 0.149 0.149 0.1365 0.1365 0.1365 0.126 0.126 0.1285 0.1285 0.1265 0.1265 0.1265 0.1315 0.1315 0.1315 0.1315
0.1235 0.1505 0.1505 0.173 0.173 0.173 0.1635 0.1635 0.182 0.182 0.1715 0.1715 0.168 0.168 0.168 0.159 0.159 0.1605 0.1605 0.1575 0.1575 0.1575 0.1485 0.1485 0.1565 0.1565 0.1565 0.1565 0.1565 0.1605 0.1605 0.1495 0.1495 0.1475 0.1475 0.1475 0.15 0.15 0.15 0.15 0.151 0.151 0.151 0.152 0.152 0.144 0.144 0.1375 0.1375 0.129 0.129 0.129 0.126 0.126 0.123 0.123 0.1395 0.1395 0.1395 0.145 0.145 0.149 0.149 0.1365 0.1365 0.1365 0.126 0.126 0.1285 0.1285 0.1265 0.1265 0.1265 0.1315 0.1315 0.1315 0.1315
0.1215 0.133 0.133 0.176 0.176 0.176 0.196 0.196 0.187 0.187 0.1725 0.1725 0.173 0.173 0.173 0.1505 0.1505 0.1575 0.1575 0.159 0.159 0.159 0.165 0.165 0.1675 0.1675 0.1685 0.1685 0.1685 0.1675 0.1675 0.151 0.151 0.155 0.155 0.155 0.1515 0.1515 0.159 0.159 0.1535 0.1535 0.1535 0.1615 0.1615 0.1525 0.1525 0.147 0.147 0.129 0.129 0.129 0.116 0.116 0.1365 0.1365 0.1355 0.1355 0.1355 0.1415 0.1415 0.15 0.15 0.14 0.14 0.14 0.13 0.13 0.135 0.135 0.1315 0.1315 0.1315 0.133 0.133 0.1295 0.1295
0.1215 0.133 0.133 0.176 0.176 0.176 0.196 0.196 0.187 0.187 0.1725 0.1725 0.173 0.173 0.173 0.1505 0.1505 0.1575 0.1575 0.159 0.159 0.159 0.165 0.165 0.1675 0.1675 0.1685 0.1685 0.1685 0.1675 0.1675 0.151 0.151 0.155 0.155 0.155 0.1515 0.1515 0.159 0.159 0.1535 0.1535 0.1535 0.1615 0.1615 0.1525 0.1525 0.147 0.147 0.129 0.129 0.129 0.116 0.116 0.1365 0.1365 0.1355 0.1355 0.1355 0.1415 0.1415 0.15 0.15 0.14 0.14 0.14 0.13 0.13 0.135 0.135 0.1315 0.1315 0.1315 0.133 0.133 0.1295 0.1295
0.118 0.1255 0.1255 0.1655 0.1655 0.1655 0.197 0.197 0.2 0.2 0.183 0.183 0.179 0.179 0.179 0.173 0.173 0.1665 0.1665 0.1625 0.1625 0.1625 0.1675 0.1675 0.185 0.185 0.1865 0.1865 0.1865 0.1805 0.1805 0.1835 0.1835 0.1825 0.1825 0.1825 0.1705 0.1705 0.1715 0.1715 0.1715 0.1715 0.1715 0.141 0.141 0.15 0.15 0.151 0.151 0.1345 0.1345 0.1345 0.1405 0.1405 0.139 0.139 0.142 0.142 0.142 0.142 0.142 0.147 0.147 0.1535 0.1535 0.1535 0.138 0.138 0.1495 0.1495 0.158 0.158 0.158 0.1605 0.1605 0.158 0.158
0.118 0.1255 0.1255 0.1655 0.1655 0.1655 0.197 0.197 0.2 0.2 0.183 0.183 0.179 0.179 0.179 0.173 0.173 0.1665 0.1665 0.1625 0.1625 0.1625 0.1675 0.1675 0.185 0.185 0.1865 0.1865 0.1865 0.1805 0.1805 0.1835 0.1835 0.1825 0.1825 0.1825 0.1705 0.1705 0.1715 0.1715 0.1715 0.1715 0.1715 0.141 0.141 0.15 0.15 0.151 0.151 0.1345 0.1345 0.1345 0.1405 0.1405 0.139 0.139 0.142 0.142 0.142 0.142 0.142 0.147 0.147 0.1535 0.1535 0.1535 0.138 0.138 0.1495 0.1495 0.158 0.158 0.158 0.1605 0.1605 0.158 0.158
0.1195 0.118 0.118 0.1675 0.1675 0.1675 0.178 0.178 0.184 0.184 0.1855 0.1855 0.1825 0.1825 0.1825 0.2035 0.2035 0.1855 0.1855 0.2005 0.2005 0.2005 0.204 0.204 0.2015 0.2015 0.1995 0.1995 0.1995 0.1885 0.1885 0.18 0.18 0.18 0.18 0.18 0.193 0.193 0.188 0.188 0.1805 0.1805 0.1805 0.1735 0.1735 0.1655 0.1655 0.1645 0.1645 0.1555 0.1555 0.1555 0.1405 0.1405 0.13 0.13 0.1455 0.1455 0.1455 0.154 0.154 0.1525 0.1525 0.1575 0.1575 0.1575 0.1495 0.1495 0.158 0.158 0.154 0.154 0.154 0.1575 0.1575 0.1495 0.1495
0.1195 0.118 0.118 0.1675 0.1675 0.1675 0.178 0.178 0.184 0.184 0.1855 0.1855 0.1825 0.1825 0.1825 0.2035 0.2035 0.1855 0.1855 0.2005 0.2005 0.2005 0.204 0.204 0.2015 0.2015 0.1995 0.1995 0.1995 0.1885 0.1885 0.18 0.18 0.18 0.18 0.18 0.193 0.193 0.188 0.188 0.1805 0.1805 0.1805 0.1735 0.1735 0.1655 0.1655 0.1645 0.1645 0.1555 0.1555 0.1555 0.1405 0.1405 0.13 0.13 0.1455 0.1455 0.1455 0.154 0.154 0.1525 0.1525 0.1575 0.1575 0.1575 0.1495 0.1495 0.158 0.158 0.154 0.154 0.154 0.1575 0.1575 0.1495 0.1495
0.1155 0.1215 0.1215 0.139 0.139 0.139 0.17 0.17 0.165 0.165 0.163 0.163 0.163 0.163 0.163 0.168 0.168 0.1875 0.1875 0.1925 0.1925 0.1925 0.2035 0.2035 0.2005 0.2005 0.1845 0.1845 0.1845 0.1815 0.1815 0.192 0.192 0.1885 0.1885 0.1885 0.1805 0.1805 0.1805 0.1805 0.162 0.162 0.162 0.1565 0.1565 0.156 0.156 0.1505 0.1505 0.1615 0.1615 0.1615 0.132 0.132 0.1235 0.1235 0.1355 0.1355 0.1355 0.14 0.14 0.157 0.157 0.1505 0.1505 0.1505 0.149 0.149 0.15 0.15 0.1485 0.1485 0.1485 0.1395 0.1395 0.146 0.146
0.1155 0.1215 0.1215 0.139 0.139 0.139 0.17 0.17 0.165 0.165 0.163 0.163 0.163 0.163 0.163 0.168 0.168 0.1875 0.1875 0.1925 0.1925 0.1925 0.2035 0.2035 0.2005 0.2005 0.1845 0.1845 0.1845 0.1815 0.1815 0.192 0.192 0.1885 0.1885 0.1885 0.1805 0.1805 0.1805 0.1805 0.162 0.162 0.162 0.1565 0.1565 0.156 0.156 0.1505 0.1505 0.1615 0.1615 0.1615 0.132 0.132 0.1235 0.1235 0.1355 0.1355 0.1355 0.14 0.14 0.157 0.157 0.1505 0.1505 0.1505 0.149 0.149 0.15 0.15 0.1485 0.1485 0.1485 0.1395 0.1395 0.146 0.146
0.1155 0.1215 0.1215 0.139 0.139 0.139 0.17 0.17 0.165 0.165 0.163 0.163 0.163 0.163 0.163 0.168 0.168 0.1875 0.1875 0.1925 0.1925 0.1925 0.2035 0.2035 0.2005 0.2005 0.1845 0.1845 0.1845 0.1815 0.1815 0.192 0.192 0.1885 0.1885 0.1885 0.1805 0.1805 0.1805 0.1805 0.162 0.162 0.162 0.1565 0.1565 0.156 0.156 0.1505 0.1505 0.1615 0.1615 0.1615 0.132 0.132 0.1235 0.1235 0.1355 0.1355 0.1355 0.14 0.14 0.157 0.157 0.1505 0.1505 0.1505 0.149 0.149 0.15 0.15 0.1485 0.1485 0.1485 0.1395 0.1395 0.146 0.146
0.128 0.136 0.136 0.1325 0.1325 0.1325 0.136 0.136 0.1645 0.1645 0.1625 0.1625 0.1705 0.1705 0.1705 0.1805 0.1805 0.212 0.212 0.2205 0.2205 0.2205 0.2145 0.2145 0.2015 0.2015 0.1975 0.1975 0.1975 0.1865 0.1865 0.184 0.184 0.174 0.174 0.174 0.1855 0.1855 0.175 0.175 0.196 0.196 0.196 0.1835 0.1835 0.1695 0.1695 0.153 0.153 0.154 0.154 0.154 0.139 0.139 0.1295 0.1295 0.143 0.143 0.143 0.139 0.139 0.148 0.148 0.1565 0.1565 0.1565 0.165 0.165 0.1495 0.1495 0.1395 0.1395 0.1395 0.128 0.128 0.146 0.146
0.128 0.136 0.136 0.1325 0.1325 0.1325 0.136 0.136 0.1645 0.1645 0.1625 0.1625 0.1705 0.1705 0.1705 0.1805 0.1805 0.212 0.212 0.2205 0.2205 0.2205 0.2145 0.2145 0.2015 0.2015 0.1975 0.1975 0.1975 0.1865 0.1865 0.184 0.184 0.174 0.174 0.174 0.1855 0.1855 0.175 0.175 0.196 0.196 0.196 0.1835 0.1835 0.1695 0.1695 0.153 0.153 0.154 0.154 0.154 0.139 0.139 0.1295 0.1295 0.143 0.143 0.143 0.139 0.139 0.148 0.148 0.1565 0.1565 0.1565 0.165 0.165 0.1495 0.1495 0.1395 0.1395 0.1395 0.128 0.128 0.146 0.146
0.1195 0.1235 0.1235 0.124 0.124 0.124 0.1205 0.1205 0.14 0.14 0.1735 0.1735 0.179 0.179 0.179 0.2225 0.2225 0.2225 0.2225 0.2325 0.2325 0.2325 0.214 0.214 0.211 0.211 0.183 0.183 0.183 0.189 0.189 0.196 0.196 0.196 0.196 0.196 0.204 0.204 0.1935 0.1935 0.1835 0.1835 0.1835 0.177 0.177 0.1665 0.1665 0.151 0.151 0.155 0.155 0.155 0.1555 0.1555 0.148 0.148 0.1385 0.1385 0.1385 0.135 0.135 0.1435 0.1435 0.159 0.159 0.159 0.166 0.166 0.148 0.148 0.1575 0.1575 0.1575 0.141 0.141 0.1725 0.1725
0.1195 0.1235 0.1235 0.124 0.124 0.124 0.1205 0.1205 0.14 0.14 0.1735 0.1735 0.179 0.179 0.179 0.2225 0.2225 0.2225 0.2225 0.2325 0.2325 0.2325 0.214 0.214 0.211 0.211 0.183 0.183 0.183 0.189 0.189 0.196 0.196 0.196 0.196 0.196 0.204 0.204 0.1935 0.1935 0.1835 0.1835 0.1835 0.177 0.177 0.1665 0.1665 0.151 0.151 0.155 0.155 0.155 0.1555 0.1555 0.148 0.148 0.1385 0.1385 0.1385 0.135 0.135 0.1435 0.1435 0.159 0.159 0.159 0.166 0.166 0.148 0.148 0.1575 0.1575 0.1575 0.141 0.141 0.1725 0.1725
0.138 0.158 0.158 0.136 0.136 0.136 0.1485 0.1485 0.17 0.17 0.1765 0.1765 0.1865 0.1865 0.1865 0.222 0.222 0.23 0.23 0.2215 0.2215 0.2215 0.217 0.217 0.2145 0.2145 0.1875 0.1875 0.1875 0.1985 0.1985 0.204 0.204 0.2035 0.2035 0.2035 0.1935 0.1935 0.2015 0.2015 0.2075 0.2075 0.2075 0.195 0.195 0.1935 0.1935 0.19 0.19 0.1915 0.1915 0.1915 0.1935 0.1935 0.2085 0.2085 0.1795 0.1795 0.1795 0.155 0.155 0.16 0.16 0.175 0.175 0.175 0.177 0.177 0.162 0.162 0.1635 0.1635 0.1635 0.159 0.159 0.171 0.171
0.138 0.158 0.158 0.136 0.136 0.136 0.1485 0.1485 0.17 0.17 0.1765 0.1765 0.1865 0.1865 0.1865 0.222 0.222 0.23 0.23 0.2215 0.2215 0.2215 0.217 0.217 0.2145 0.2145 0.1875 0.1875 0.1875 0.1985 0.1985 0.204 0.204 0.2035 0.2035 0.2035 0.1935 0.1935 0.2015 0.2015 0.2075 0.2075 0.2075 0.195 0.195 0.1935 0.1935 0.19 0.19 0.1915 0.1915 0.1915 0.1935 0.1935 0.2085 0.2085 0.1795 0.1795 0.1795 0.155 0.155 0.16 0.16 0.175 0.175 0.175 0.177 0.177 0.162 0.162 0.1635 0.1635 0.1635 0.159 0.159 0.171 0.171
0.138 0.158 0.158 0.136 0.136 0.136 0.1485 0.1485 0.17 0.17 0.1765 0.1765 0.1865 0.1865 0.1865 0.222 0.222 0.23 0.23 0.2215 0.2215 0.2215 0.217 0.217 0.2145 0.2145 0.1875 0.1875 0.1875 0.1985 0.1985 0.204 0.204 0.2035 0.2035 0.2035 0.1935 0.1935 0.2015 0.2015 0.2075 0.2075 0.2075 0.195 0.195 0.1935 0.1935 0.19 0.19 0.1915 0.1915 0.1915 0.1935 0.1935 0.2085 0.2085 0.1795 0.1795 0.1795 0.155 0.155 0.16 0.16 0.175 0.175 0.175 0.177 0.177 0.162 0.162 0.1635 0.1635 0.1635 0.159 0.159 0.171 0.171
0.144 0.1645 0.1645 0.1375 0.1375 0.1375 0.133 0.133 0.142 0.142 0.1795 0.1795 0.204 0.204 0.204 0.2315 0.2315 0.2375 0.2375 0.246 0.246 0.246 0.225 0.225 0.224 0.224 0.2105 0.2105 0.2105 0.2075 0.2075 0.21 0.21 0.206 0.206 0.206 0.198 0.198 0.2015 0.2015 0.205 0.205 0.205 0.2275 0.2275 0.218 0.218 0.2035 0.2035 0.216 0.216 0.216 0.2075 0.2075 0.2155 0.2155 0.214 0.214 0.214 0.2115 0.2115 0.203 0.203 0.195 0.195 0.195 0.1755 0.1755 0.182 0.182 0.1915 0.1915 0.1915 0.1925 0.1925 0.1925 0.1925
