ndvi/NOAA-105.asc
ncols         252
nrows         154
xllcorner     -18.017974
yllcorner     13.481982
cellsize      0.035948
NODATA_value  -9999
[rows 105 to 139 of 154, columns 0 to 76 of 252]
-1 -1 -1 -1 -1 -1 -1 -1 -1 -1 -1 -1 -1 -1 -1 -1 -1 -1 -1 -1 -1 -1 -1 0.0662 0.0662 0.2825 0.2825 0.2825 0.421 0.421 0.39 0.39 0.372 0.372 0.372 0.4345 0.4345 0.4485 0.4485 0.4765 0.4765 0.4765 0.4815 0.4815 0.478 0.478 0.4285 0.4285 0.4285 0.404 0.404 0.399 0.399 0.3765 0.3765 0.4285 0.4285 0.4285 0.444 0.444 0.4475 0.4475 0.4475 0.4475 0.4475 0.4395 0.4395 0.453 0.453 0.4575 0.4575 0.4575 0.449 0.449 0.4155 0.4155 0.365
-1 -1 -1 -1 -1 -1 -1 -1 -1 -1 -1 -1 -1 -1 -1 -1 -1 -1 -1 -1 -1 0.0442 0.0442 0.236 0.236 0.4105 0.4105 0.4105 0.388 0.388 0.347 0.347 0.417 0.417 0.417 0.55 0.55 0.5215 0.5215 0.4895 0.4895 0.4895 0.4705 0.4705 0.4625 0.4625 0.4425 0.4425 0.4425 0.4665 0.4665 0.424 0.424 0.4395 0.4395 0.453 0.453 0.453 0.439 0.439 0.474 0.474 0.474 0.474 0.474 0.489 0.489 0.421 0.421 0.4415 0.4415 0.4415 0.4595 0.4595 0.432 0.432 0.386
-1 -1 -1 -1 -1 -1 -1 -1 -1 -1 -1 -1 -1 -1 -1 -1 -1 -1 -1 -1 -1 0.0442 0.0442 0.236 0.236 0.4105 0.4105 0.4105 0.388 0.388 0.347 0.347 0.417 0.417 0.417 0.55 0.55 0.5215 0.5215 0.4895 0.4895 0.4895 0.4705 0.4705 0.4625 0.4625 0.4425 0.4425 0.4425 0.4665 0.4665 0.424 0.424 0.4395 0.4395 0.453 0.453 0.453 0.439 0.439 0.474 0.474 0.474 0.474 0.474 0.489 0.489 0.421 0.421 0.4415 0.4415 0.4415 0.4595 0.4595 0.432 0.432 0.386
-1 -1 -1 -1 -1 -1 -1 -1 -1 -1 -1 -1 -1 -1 -1 -1 -1 -1 -1 -1 -1 0.187 0.187 0.476 0.476 0.48 0.48 0.48 0.4035 0.4035 0.3475 0.3475 0.44 0.44 0.44 0.5470001 0.5470001 0.564 0.564 0.5265 0.5265 0.5265 0.5475 0.5475 0.4975 0.4975 0.4465 0.4465 0.4465 0.4555 0.4555 0.5135 0.5135 0.469 0.469 0.449 0.449 0.449 0.486 0.486 0.454 0.454 0.454 0.454 0.454 0.4525 0.4525 0.5185 0.5185 0.4915 0.4915 0.4915 0.438 0.438 0.4505 0.4505 0.406
-1 -1 -1 -1 -1 -1 -1 -1 -1 -1 -1 -1 -1 -1 -1 -1 -1 -1 -1 -1 -1 0.187 0.187 0.476 0.476 0.48 0.48 0.48 0.4035 0.4035 0.3475 0.3475 0.44 0.44 0.44 0.5470001 0.5470001 0.564 0.564 0.5265 0.5265 0.5265 0.5475 0.5475 0.4975 0.4975 0.4465 0.4465 0.4465 0.4555 0.4555 0.5135 0.5135 0.469 0.469 0.449 0.449 0.449 0.486 0.486 0.454 0.454 0.454 0.454 0.454 0.4525 0.4525 0.5185 0.5185 0.4915 0.4915 0.4915 0.438 0.438 0.4505 0.4505 0.406
-1 -1 -1 -1 -1 -1 -1 -1 -1 -1 -1 -1 -1 -1 -1 -1 -1 -1 0.1952 0.1952 0.1952 0.4545 0.4545 0.456 0.456 0.4935 0.4935 0.4935 0.457 0.457 0.517 0.517 0.4885 0.4885 0.4885 0.4935 0.4935 0.509 0.509 0.5395 0.5395 0.5395 0.5555 0.5555 0.5315 0.5315 0.431 0.431 0.431 0.551 0.551 0.531 0.531 0.521 0.521 0.494 0.494 0.494 0.507 0.507 0.4735 0.4735 0.4735 0.4735 0.4735 0.4765 0.4765 0.487 0.487 0.496 0.496 0.496 0.4595 0.4595 0.444 0.444 0.466
-1 -1 -1 -1 -1 -1 -1 -1 -1 -1 -1 -1 -1 -1 -1 -1 -1 -1 0.1952 0.1952 0.1952 0.4545 0.4545 0.456 0.456 0.4935 0.4935 0.4935 0.457 0.457 0.517 0.517 0.4885 0.4885 0.4885 0.4935 0.4935 0.509 0.509 0.5395 0.5395 0.5395 0.5555 0.5555 0.5315 0.5315 0.431 0.431 0.431 0.551 0.551 0.531 0.531 0.521 0.521 0.494 0.494 0.494 0.507 0.507 0.4735 0.4735 0.4735 0.4735 0.4735 0.4765 0.4765 0.487 0.487 0.496 0.496 0.496 0.4595 0.4595 0.444 0.444 0.466
-1 -1 -1 -1 -1 -1 -1 -1 -1 -1 -1 -1 -1 -1 -1 -1 -1 -1 0.1952 0.1952 0.1952 0.4545 0.4545 0.456 0.456 0.4935 0.4935 0.4935 0.457 0.457 0.517 0.517 0.4885 0.4885 0.4885 0.4935 0.4935 0.509 0.509 0.5395 0.5395 0.5395 0.5555 0.5555 0.5315 0.5315 0.431 0.431 0.431 0.551 0.551 0.531 0.531 0.521 0.521 0.494 0.494 0.494 0.507 0.507 0.4735 0.4735 0.4735 0.4735 0.4735 0.4765 0.4765 0.487 0.487 0.496 0.496 0.496 0.4595 0.4595 0.444 0.444 0.466
-1 -1 -1 -1 -1 -1 -1 -1 -1 -1 -1 -1 -1 -1 -1 -1 0.2317 0.2317 0.598 0.598 0.598 0.5055 0.5055 0.468 0.468 0.4155 0.4155 0.4155 0.45 0.45 0.506 0.506 0.552 0.552 0.552 0.4965 0.4965 0.4645 0.4645 0.5145 0.5145 0.5145 0.545 0.545 0.557 0.557 0.473 0.473 0.473 0.4805 0.4805 0.4605 0.4605 0.5965 0.5965 0.5485 0.5485 0.5485 0.543 0.543 0.448 0.448 0.448 0.448 0.448 0.409 0.409 0.4285 0.4285 0.3995 0.3995 0.3995 0.4155 0.4155 0.3775 0.3775 0.3995
-1 -1 -1 -1 -1 -1 -1 -1 -1 -1 -1 -1 -1 -1 -1 -1 0.2317 0.2317 0.598 0.598 0.598 0.5055 0.5055 0.468 0.468 0.4155 0.4155 0.4155 0.45 0.45 0.506 0.506 0.552 0.552 0.552 0.4965 0.4965 0.4645 0.4645 0.5145 0.5145 0.5145 0.545 0.545 0.557 0.557 0.473 0.473 0.473 0.4805 0.4805 0.4605 0.4605 0.5965 0.5965 0.5485 0.5485 0.5485 0.543 0.543 0.448 0.448 0.448 0.448 0.448 0.409 0.409 0.4285 0.4285 0.3995 0.3995 0.3995 0.4155 0.4155 0.3775 0.3775 0.3995
-1 -1 -1 -1 -1 -1 -1 -1 -1 -1 -1 -1 0.1492 0.1492 0.1925 0.1925 0.246 0.246 0.536 0.536 0.536 0.5785 0.5785 0.5755 0.5755 0.528 0.528 0.528 0.463 0.463 0.481 0.481 0.499 0.499 0.499 0.489 0.489 0.5295 0.5295 0.5135 0.5135 0.5135 0.537 0.537 0.529 0.529 0.5695 0.5695 0.5695 0.5175 0.5175 0.5705 0.5705 0.578 0.578 0.5545 0.5545 0.5545 0.518 0.518 0.471 0.471 0.471 0.471 0.471 0.451 0.451 0.4555 0.4555 0.424 0.424 0.424 0.354 0.354 0.379 0.379 0.392
-1 -1 -1 -1 -1 -1 -1 -1 -1 -1 -1 -1 0.1492 0.1492 0.1925 0.1925 0.246 0.246 0.536 0.536 0.536 0.5785 0.5785 0.5755 0.5755 0.528 0.528 0.528 0.463 0.463 0.481 0.481 0.499 0.499 0.499 0.489 0.489 0.5295 0.5295 0.5135 0.5135 0.5135 0.537 0.537 0.529 0.529 0.5695 0.5695 0.5695 0.5175 0.5175 0.5705 0.5705 0.578 0.578 0.5545 0.5545 0.5545 0.518 0.518 0.471 0.471 0.471 0.471 0.471 0.451 0.451 0.4555 0.4555 0.424 0.424 0.424 0.354 0.354 0.379 0.379 0.392
-1 -1 -1 -1 -1 -1 -1 -1 -1 0.082 0.082 0.082 0.1445 0.1445 0.0967 0.0967 0.062 0.062 0.181 0.181 0.181 0.5225 0.5225 0.545 0.545 0.5725 0.5725 0.5725 0.5035 0.5035 0.546 0.546 0.5025 0.5025 0.5025 0.475 0.475 0.481 0.481 0.5455 0.5455 0.5455 0.5215 0.5215 0.534 0.534 0.522 0.522 0.522 0.511 0.511 0.4825 0.4825 0.501 0.501 0.5355 0.5355 0.5355 0.442 0.442 0.4745 0.4745 0.4745 0.4745 0.4745 0.5095 0.5095 0.539 0.539 0.5265 0.5265 0.5265 0.465 0.465 0.4095 0.4095 0.445
-1 -1 -1 -1 -1 -1 -1 -1 -1 0.082 0.082 0.082 0.1445 0.1445 0.0967 0.0967 0.062 0.062 0.181 0.181 0.181 0.5225 0.5225 0.545 0.545 0.5725 0.5725 0.5725 0.5035 0.5035 0.546 0.546 0.5025 0.5025 0.5025 0.475 0.475 0.481 0.481 0.5455 0.5455 0.5455 0.5215 0.5215 0.534 0.534 0.522 0.522 0.522 0.511 0.511 0.4825 0.4825 0.501 0.501 0.5355 0.5355 0.5355 0.442 0.442 0.4745 0.4745 0.4745 0.4745 0.4745 0.5095 0.5095 0.539 0.539 0.5265 0.5265 0.5265 0.465 0.465 0.4095 0.4095 0.445
-1 -1 -1 -1 -1 -1 -1 -1 -1 0.082 0.082 0.082 0.1445 0.1445 0.0967 0.0967 0.062 0.062 0.181 0.181 0.181 0.5225 0.5225 0.545 0.545 0.5725 0.5725 0.5725 0.5035 0.5035 0.546 0.546 0.5025 0.5025 0.5025 0.475 0.475 0.481 0.481 0.5455 0.5455 0.5455 0.5215 0.5215 0.534 0.534 0.522 0.522 0.522 0.511 0.511 0.4825 0.4825 0.501 0.501 0.5355 0.5355 0.5355 0.442 0.442 0.4745 0.4745 0.4745 0.4745 0.4745 0.5095 0.5095 0.539 0.539 0.5265 0.5265 0.5265 0.465 0.465 0.4095 0.4095 0.445
-1 -1 -1 -1 -1 -1 -1 -1 -1 -1 -1 -1 0.0737 0.0737 0.0357 0.0357 0.0602 0.0602 0.0846 0.0846 0.0846 0.382 0.382 0.533 0.533 0.563 0.563 0.563 0.5595 0.5595 0.524 0.524 0.535 0.535 0.535 0.568 0.568 0.484 0.484 0.5365 0.5365 0.5365 0.5285 0.5285 0.4975 0.4975 0.528 0.528 0.528 0.5215 0.5215 0.4815 0.4815 0.4875 0.4875 0.439 0.439 0.439 0.4555 0.4555 0.4745 0.4745 0.4745 0.4745 0.4745 0.4485 0.4485 0.526 0.526 0.493 0.493 0.493 0.4215 0.4215 0.483 0.483 0.4625
-1 -1 -1 -1 -1 -1 -1 -1 -1 -1 -1 -1 0.0737 0.0737 0.0357 0.0357 0.0602 0.0602 0.0846 0.0846 0.0846 0.382 0.382 0.533 0.533 0.563 0.563 0.563 0.5595 0.5595 0.524 0.524 0.535 0.535 0.535 0.568 0.568 0.484 0.484 0.5365 0.5365 0.5365 0.5285 0.5285 0.4975 0.4975 0.528 0.528 0.528 0.5215 0.5215 0.4815 0.4815 0.4875 0.4875 0.439 0.439 0.439 0.4555 0.4555 0.4745 0.4745 0.4745 0.4745 0.4745 0.4485 0.4485 0.526 0.526 0.493 0.493 0.493 0.4215 0.4215 0.483 0.483 0.4625
-1 -1 -1 -1 -1 -1 -1 -1 -1 -1 -1 -1 -1 -1 -1 -1 -1 -1 0.0271 0.0271 0.0271 0.2935 0.2935 0.457 0.457 0.5305 0.5305 0.5305 0.5885 0.5885 0.547 0.547 0.506 0.506 0.506 0.484 0.484 0.473 0.473 0.477 0.477 0.477 0.5125 0.5125 0.539 0.539 0.5515 0.5515 0.5515 0.4825 0.4825 0.5675 0.5675 0.5325 0.5325 0.4895 0.4895 0.4895 0.449 0.449 0.455 0.455 0.455 0.455 0.455 0.517 0.517 0.5035 0.5035 0.453 0.453 0.453 0.4055 0.4055 0.443 0.443 0.3265
-1 -1 -1 -1 -1 -1 -1 -1 -1 -1 -1 -1 -1 -1 -1 -1 -1 -1 0.0271 0.0271 0.0271 0.2935 0.2935 0.457 0.457 0.5305 0.5305 0.5305 0.5885 0.5885 0.547 0.547 0.506 0.506 0.506 0.484 0.484 0.473 0.473 0.477 0.477 0.477 0.5125 0.5125 0.539 0.539 0.5515 0.5515 0.5515 0.4825 0.4825 0.5675 0.5675 0.5325 0.5325 0.4895 0.4895 0.4895 0.449 0.449 0.455 0.455 0.455 0.455 0.455 0.517 0.517 0.5035 0.5035 0.453 0.453 0.453 0.4055 0.4055 0.443 0.443 0.3265
-1 -1 -1 -1 -1 -1 -1 -1 -1 -1 -1 -1 -1 -1 -1 -1 -1 -1 -1 -1 -1 0.08 0.08 0.3555 0.3555 0.548 0.548 0.548 0.5575 0.5575 0.585 0.585 0.509 0.509 0.509 0.4735 0.4735 0.435 0.435 0.472 0.472 0.472 0.481 0.481 0.4995 0.4995 0.538 0.538 0.538 0.548 0.548 0.503 0.503 0.539 0.539 0.532 0.532 0.532 0.5470001 0.5470001 0.5335 0.5335 0.5335 0.5335 0.5335 0.437 0.437 0.4795 0.4795 0.4685 0.4685 0.4685 0.531 0.531 0.5745 0.5745 0.5825
-1 -1 -1 -1 -1 -1 -1 -1 -1 -1 -1 -1 -1 -1 -1 -1 -1 -1 -1 -1 -1 0.08 0.08 0.3555 0.3555 0.548 0.548 0.548 0.5575 0.5575 0.585 0.585 0.509 0.509 0.509 0.4735 0.4735 0.435 0.435 0.472 0.472 0.472 0.481 0.481 0.4995 0.4995 0.538 0.538 0.538 0.548 0.548 0.503 0.503 0.539 0.539 0.532 0.532 0.532 0.5470001 0.5470001 0.5335 0.5335 0.5335 0.5335 0.5335 0.437 0.437 0.4795 0.4795 0.4685 0.4685 0.4685 0.531 0.531 0.5745 0.5745 0.5825
-1 -1 -1 -1 -1 -1 -1 -1 -1 -1 -1 -1 -1 -1 -1 -1 -1 -1 -1 -1 -1 0.0922 0.0922 0.2192 0.2192 0.445 0.445 0.445 0.612 0.612 0.6525 0.6525 0.58 0.58 0.58 0.5145 0.5145 0.3675 0.3675 0.331 0.331 0.331 0.412 0.412 0.4475 0.4475 0.562 0.562 0.562 0.5525 0.5525 0.5505 0.5505 0.589 0.589 0.551 0.551 0.551 0.479 0.479 0.5405 0.5405 0.5405 0.5405 0.5405 0.501 0.501 0.6075 0.6075 0.552 0.552 0.552 0.421 0.421 0.4795 0.4795 0.497
-1 -1 -1 -1 -1 -1 -1 -1 -1 -1 -1 -1 -1 -1 -1 -1 -1 -1 -1 -1 -1 0.0922 0.0922 0.2192 0.2192 0.445 0.445 0.445 0.612 0.612 0.6525 0.6525 0.58 0.58 0.58 0.5145 0.5145 0.3675 0.3675 0.331 0.331 0.331 0.412 0.412 0.4475 0.4475 0.562 0.562 0.562 0.5525 0.5525 0.5505 0.5505 0.589 0.589 0.551 0.551 0.551 0.479 0.479 0.5405 0.5405 0.5405 0.5405 0.5405 0.501 0.501 0.6075 0.6075 0.552 0.552 0.552 0.421 0.421 0.4795 0.4795 0.497
-1 -1 -1 -1 -1 -1 -1 -1 -1 -1 -1 -1 -1 -1 -1 -1 -1 -1 -1 -1 -1 0.0922 0.0922 0.2192 0.2192 0.445 0.445 0.445 0.612 0.612 0.6525 0.6525 0.58 0.58 0.58 0.5145 0.5145 0.3675 0.3675 0.331 0.331 0.331 0.412 0.412 0.4475 0.4475 0.562 0.562 0.562 0.5525 0.5525 0.5505 0.5505 0.589 0.589 0.551 0.551 0.551 0.479 0.479 0.5405 0.5405 0.5405 0.5405 0.5405 0.501 0.501 0.6075 0.6075 0.552 0.552 0.552 0.421 0.421 0.4795 0.4795 0.497
-1 -1 -1 -1 -1 -1 -1 -1 -1 -1 -1 -1 -1 -1 -1 -1 -1 -1 -1 -1 -1 -1 -1 0.0647 0.0647 0.1567 0.1567 0.1567 0.4755 0.4755 0.61 0.61 0.565 0.565 0.565 0.436 0.436 0.222 0.222 0.2 0.2 0.2 0.325 0.325 0.475 0.475 0.5255 0.5255 0.5255 0.5485 0.5485 0.6025 0.6025 0.6115 0.6115 0.5465 0.5465 0.5465 0.5215 0.5215 0.5535 0.5535 0.5535 0.5535 0.5535 0.5085 0.5085 0.524 0.524 0.555 0.555 0.555 0.532 0.532 0.47 0.47 0.473
-1 -1 -1 -1 -1 -1 -1 -1 -1 -1 -1 -1 -1 -1 -1 -1 -1 -1 -1 -1 -1 -1 -1 0.0647 0.0647 0.1567 0.1567 0.1567 0.4755 0.4755 0.61 0.61 0.565 0.565 0.565 0.436 0.436 0.222 0.222 0.2 0.2 0.2 0.325 0.325 0.475 0.475 0.5255 0.5255 0.5255 0.5485 0.5485 0.6025 0.6025 0.6115 0.6115 0.5465 0.5465 0.5465 0.5215 0.5215 0.5535 0.5535 0.5535 0.5535 0.5535 0.5085 0.5085 0.524 0.524 0.555 0.555 0.555 0.532 0.532 0.47 0.47 0.473
-1 -1 -1 -1 -1 -1 -1 -1 -1 -1 -1 -1 -1 -1 -1 -1 -1 -1 -1 -1 -1 -1 -1 -1 -1 0.2179 0.2179 0.2179 0.346 0.346 0.455 0.455 0.448 0.448 0.448 0.3005 0.3005 0.2285 0.2285 0.183 0.183 0.183 0.2695 0.2695 0.413 0.413 0.6535 0.6535 0.6535 0.4885 0.4885 0.561 0.561 0.6 0.6 0.536 0.536 0.536 0.5635 0.5635 0.537 0.537 0.537 0.537 0.537 0.5585 0.5585 0.5415 0.5415 0.5835 0.5835 0.5835 0.5165 0.5165 0.485 0.485 0.5285
-1 -1 -1 -1 -1 -1 -1 -1 -1 -1 -1 -1 -1 -1 -1 -1 -1 -1 -1 -1 -1 -1 -1 -1 -1 0.2179 0.2179 0.2179 0.346 0.346 0.455 0.455 0.448 0.448 0.448 0.3005 0.3005 0.2285 0.2285 0.183 0.183 0.183 0.2695 0.2695 0.413 0.413 0.6535 0.6535 0.6535 0.4885 0.4885 0.561 0.561 0.6 0.6 0.536 0.536 0.536 0.5635 0.5635 0.537 0.537 0.537 0.537 0.537 0.5585 0.5585 0.5415 0.5415 0.5835 0.5835 0.5835 0.5165 0.5165 0.485 0.485 0.5285
-1 -1 -1 -1 -1 -1 -1 -1 -1 -1 -1 -1 -1 -1 -1 -1 -1 -1 -1 -1 -1 -1 -1 -1 -1 0.0847 0.0847 0.0847 0.1619 0.1619 0.327 0.327 0.378 0.378 0.378 0.5145 0.5145 0.281 0.281 0.4175 0.4175 0.4175 0.889 0.889 0.5755 0.5755 0.6815 0.6815 0.6815 0.4435 0.4435 0.5335 0.5335 0.5825 0.5825 0.5775 0.5775 0.5775 0.595 0.595 0.628 0.628 0.628 0.628 0.628 0.556 0.556 0.477 0.477 0.5225 0.5225 0.5225 0.4845 0.4845 0.438 0.438 0.4175
-1 -1 -1 -1 -1 -1 -1 -1 -1 -1 -1 -1 -1 -1 -1 -1 -1 -1 -1 -1 -1 -1 -1 -1 -1 0.0847 0.0847 0.0847 0.1619 0.1619 0.327 0.327 0.378 0.378 0.378 0.5145 0.5145 0.281 0.281 0.4175 0.4175 0.4175 0.889 0.889 0.5755 0.5755 0.6815 0.6815 0.6815 0.4435 0.4435 0.5335 0.5335 0.5825 0.5825 0.5775 0.5775 0.5775 0.595 0.595 0.628 0.628 0.628 0.628 0.628 0.556 0.556 0.477 0.477 0.5225 0.5225 0.5225 0.4845 0.4845 0.438 0.438 0.4175
-1 -1 -1 -1 -1 -1 -1 -1 -1 -1 -1 -1 -1 -1 -1 -1 -1 -1 -1 -1 -1 -1 -1 -1 -1 0.0847 0.0847 0.0847 0.1619 0.1619 0.327 0.327 0.378 0.378 0.378 0.5145 0.5145 0.281 0.281 0.4175 0.4175 0.4175 0.889 0.889 0.5755 0.5755 0.6815 0.6815 0.6815 0.4435 0.4435 0.5335 0.5335 0.5825 0.5825 0.5775 0.5775 0.5775 0.595 0.595 0.628 0.628 0.628 0.628 0.628 0.556 0.556 0.477 0.477 0.5225 0.5225 0.5225 0.4845 0.4845 0.438 0.438 0.4175
-1 -1 -1 -1 -1 -1 -1 -1 -1 -1 -1 -1 -1 -1 -1 -1 -1 -1 -1 -1 -1 -1 -1 -1 -1 -1 -1 -1 0.0802 0.0802 0.3075 0.3075 0.3815 0.3815 0.3815 0.6059999 0.6059999 0.4425 0.4425 0.6475 0.6475 0.6475 0.6685 0.6685 0.644 0.644 0.6155 0.6155 0.6155 0.663 0.663 0.688 0.688 0.642 0.642 0.664 0.664 0.664 0.653 0.653 0.666 0.666 0.666 0.666 0.666 0.5805 0.5805 0.5105 0.5105 0.488 0.488 0.488 0.4625 0.4625 0.4695 0.4695 0.4595
-1 -1 -1 -1 -1 -1 -1 -1 -1 -1 -1 -1 -1 -1 -1 -1 -1 -1 -1 -1 -1 -1 -1 -1 -1 -1 -1 -1 0.0802 0.0802 0.3075 0.3075 0.3815 0.3815 0.3815 0.6059999 0.6059999 0.4425 0.4425 0.6475 0.6475 0.6475 0.6685 0.6685 0.644 0.644 0.6155 0.6155 0.6155 0.663 0.663 0.688 0.688 0.642 0.642 0.664 0.664 0.664 0.653 0.653 0.666 0.666 0.666 0.666 0.666 0.5805 0.5805 0.5105 0.5105 0.488 0.488 0.488 0.4625 0.4625 0.4695 0.4695 0.4595
-1 -1 -1 -1 -1 -1 -1 -1 -1 -1 -1 -1 -1 -1 -1 -1 -1 -1 -1 -1 -1 -1 -1 -1 -1 -1 -1 -1 0.0117 0.0117 0.221 0.221 0.5205 0.5205 0.5205 0.5845 0.5845 0.5475 0.5475 0.532 0.532 0.532 0.629 0.629 0.6545 0.6545 0.6185 0.6185 0.6185 0.5995 0.5995 0.584 0.584 0.549 0.549 0.589 0.589 0.589 0.5625 0.5625 0.6415 0.6415 0.6415 0.6415 0.6415 0.6435 0.6435 0.6059999 0.6059999 0.6345 0.6345 0.6345 0.615 0.615 0.584 0.584 0.5445
-1 -1 -1 -1 -1 -1 -1 -1 -1 -1 -1 -1 -1 -1 -1 -1 -1 -1 -1 -1 -1 -1 -1 -1 -1 -1 -1 -1 0.0117 0.0117 0.221 0.221 0.5205 0.5205 0.5205 0.5845 0.5845 0.5475 0.5475 0.532 0.532 0.532 0.629 0.629 0.6545 0.6545 0.6185 0.6185 0.6185 0.5995 0.5995 0.584 0.584 0.549 0.549 0.589 0.589 0.589 0.5625 0.5625 0.6415 0.6415 0.6415 0.6415 0.6415 0.6435 0.6435 0.6059999 0.6059999 0.6345 0.6345 0.6345 0.615 0.615 0.584 0.584 0.5445
