ndvi/NOAA-318.asc
ncols         252
nrows         154
xllcorner     -18.017974
yllcorner     13.481982
cellsize      0.035948
NODATA_value  -9999
[rows 102 to 135 of 154, columns 154 to 230 of 252]
0.238 0.2575 0.2575 0.254 0.254 0.254 0.172 0.172 0.199 0.199 0.1875 0.1875 0.223 0.223 0.223 0.2145 0.2145 0.2105 0.2105 0.2395 0.2395 0.2395 0.241 0.241 0.2025 0.2025 0.2025 0.2025 0.2025 0.221 0.221 0.2095 0.2095 0.193 0.193 0.193 0.187 0.187 0.205 0.205 0.2025 0.2025 0.2025 0.206 0.206 0.202 0.202 0.1985 0.1985 0.1725 0.1725 0.1725 0.177 0.177 0.2175 0.2175 0.2075 0.2075 0.2075 0.212 0.212 0.1925 0.1925 0.221 0.221 0.221 0.235 0.235 0.1755 0.1755 0.2226 0.2226 0.2226 0.2211 0.2211 0.2431 0.2431
0.244 0.24 0.24 0.241 0.241 0.241 0.1995 0.1995 0.198 0.198 0.22 0.22 0.216 0.216 0.216 0.2155 0.2155 0.2115 0.2115 0.233 0.233 0.233 0.2265 0.2265 0.215 0.215 0.2015 0.2015 0.2015 0.229 0.229 0.22 0.22 0.195 0.195 0.195 0.207 0.207 0.2145 0.2145 0.2035 0.2035 0.2035 0.213 0.213 0.1935 0.1935 0.2035 0.2035 0.2015 0.2015 0.2015 0.214 0.214 0.233 0.233 0.237 0.237 0.237 0.188 0.188 0.211 0.211 0.2215 0.2215 0.2215 0.2225 0.2225 0.2005 0.2005 0.213 0.213 0.213 0.235 0.235 0.2165 0.2165
0.244 0.24 0.24 0.241 0.241 0.241 0.1995 0.1995 0.198 0.198 0.22 0.22 0.216 0.216 0.216 0.2155 0.2155 0.2115 0.2115 0.233 0.233 0.233 0.2265 0.2265 0.215 0.215 0.2015 0.2015 0.2015 0.229 0.229 0.22 0.22 0.195 0.195 0.195 0.207 0.207 0.2145 0.2145 0.2035 0.2035 0.2035 0.213 0.213 0.1935 0.1935 0.2035 0.2035 0.2015 0.2015 0.2015 0.214 0.214 0.233 0.233 0.237 0.237 0.237 0.188 0.188 0.211 0.211 0.2215 0.2215 0.2215 0.2225 0.2225 0.2005 0.2005 0.213 0.213 0.213 0.235 0.235 0.2165 0.2165
0.244 0.24 0.24 0.241 0.241 0.241 0.1995 0.1995 0.198 0.198 0.22 0.22 0.216 0.216 0.216 0.2155 0.2155 0.2115 0.2115 0.233 0.233 0.233 0.2265 0.2265 0.215 0.215 0.2015 0.2015 0.2015 0.229 0.229 0.22 0.22 0.195 0.195 0.195 0.207 0.207 0.2145 0.2145 0.2035 0.2035 0.2035 0.213 0.213 0.1935 0.1935 0.2035 0.2035 0.2015 0.2015 0.2015 0.214 0.214 0.233 0.233 0.237 0.237 0.237 0.188 0.188 0.211 0.211 0.2215 0.2215 0.2215 0.2225 0.2225 0.2005 0.2005 0.213 0.213 0.213 0.235 0.235 0.2165 0.2165
0.2455 0.2165 0.2165 0.2255 0.2255 0.2255 0.2095 0.2095 0.2385 0.2385 0.2715 0.2715 0.252 0.252 0.252 0.226 0.226 0.228 0.228 0.2025 0.2025 0.2025 0.2185 0.2185 0.2035 0.2035 0.2115 0.2115 0.2115 0.2835 0.2835 0.2615 0.2615 0.242 0.242 0.242 0.2325 0.2325 0.198 0.198 0.1995 0.1995 0.1995 0.187 0.187 0.1955 0.1955 0.187 0.187 0.2015 0.2015 0.2015 0.2285 0.2285 0.2245 0.2245 0.2466 0.2466 0.2466 0.2065 0.2065 0.188 0.188 0.217 0.217 0.217 0.2065 0.2065 0.196 0.196 0.2355 0.2355 0.2355 0.2415 0.2415 0.245 0.245
0.2455 0.2165 0.2165 0.2255 0.2255 0.2255 0.2095 0.2095 0.2385 0.2385 0.2715 0.2715 0.252 0.252 0.252 0.226 0.226 0.228 0.228 0.2025 0.2025 0.2025 0.2185 0.2185 0.2035 0.2035 0.2115 0.2115 0.2115 0.2835 0.2835 0.2615 0.2615 0.242 0.242 0.242 0.2325 0.2325 0.198 0.198 0.1995 0.1995 0.1995 0.187 0.187 0.1955 0.1955 0.187 0.187 0.2015 0.2015 0.2015 0.2285 0.2285 0.2245 0.2245 0.2466 0.2466 0.2466 0.2065 0.2065 0.188 0.188 0.217 0.217 0.217 0.2065 0.2065 0.196 0.196 0.2355 0.2355 0.2355 0.2415 0.2415 0.245 0.245
0.227 0.259 0.259 0.2675 0.2675 0.2675 0.2455 0.2455 0.266 0.266 0.2635 0.2635 0.2315 0.2315 0.2315 0.2265 0.2265 0.2175 0.2175 0.207 0.207 0.207 0.207 0.207 0.2035 0.2035 0.2335 0.2335 0.2335 0.287 0.287 0.243 0.243 0.239 0.239 0.239 0.245 0.245 0.2315 0.2315 0.2025 0.2025 0.2025 0.206 0.206 0.2411 0.2411 0.2075 0.2075 0.2435 0.2435 0.2435 0.2651 0.2651 0.3022 0.3022 0.2747 0.2747 0.2747 0.2461 0.2461 0.2521 0.2521 0.2731 0.2731 0.2731 0.227 0.227 0.265 0.265 0.2961 0.2961 0.2961 0.3326 0.3326 0.3291 0.3291
0.227 0.259 0.259 0.2675 0.2675 0.2675 0.2455 0.2455 0.266 0.266 0.2635 0.2635 0.2315 0.2315 0.2315 0.2265 0.2265 0.2175 0.2175 0.207 0.207 0.207 0.207 0.207 0.2035 0.2035 0.2335 0.2335 0.2335 0.287 0.287 0.243 0.243 0.239 0.239 0.239 0.245 0.245 0.2315 0.2315 0.2025 0.2025 0.2025 0.206 0.206 0.2411 0.2411 0.2075 0.2075 0.2435 0.2435 0.2435 0.2651 0.2651 0.3022 0.3022 0.2747 0.2747 0.2747 0.2461 0.2461 0.2521 0.2521 0.2731 0.2731 0.2731 0.227 0.227 0.265 0.265 0.2961 0.2961 0.2961 0.3326 0.3326 0.3291 0.3291
0.2465 0.2525 0.2525 0.236 0.236 0.236 0.276 0.276 0.247 0.247 0.242 0.242 0.2365 0.2365 0.2365 0.2175 0.2175 0.233 0.233 0.213 0.213 0.213 0.2215 0.2215 0.246 0.246 0.27 0.27 0.27 0.285 0.285 0.236 0.236 0.265 0.265 0.265 0.269 0.269 0.2851 0.2851 0.2395 0.2395 0.2395 0.2821 0.2821 0.2611 0.2611 0.2285 0.2285 0.217 0.217 0.217 0.2786 0.2786 0.2686 0.2686 0.2626 0.2626 0.2626 0.258 0.258 0.246 0.246 0.23 0.23 0.23 0.2696 0.2696 0.2986 0.2986 0.2996 0.2996 0.2996 0.3111 0.3111 0.3171 0.3171
0.2465 0.2525 0.2525 0.236 0.236 0.236 0.276 0.276 0.247 0.247 0.242 0.242 0.2365 0.2365 0.2365 0.2175 0.2175 0.233 0.233 0.213 0.213 0.213 0.2215 0.2215 0.246 0.246 0.27 0.27 0.27 0.285 0.285 0.236 0.236 0.265 0.265 0.265 0.269 0.269 0.2851 0.2851 0.2395 0.2395 0.2395 0.2821 0.2821 0.2611 0.2611 0.2285 0.2285 0.217 0.217 0.217 0.2786 0.2786 0.2686 0.2686 0.2626 0.2626 0.2626 0.258 0.258 0.246 0.246 0.23 0.23 0.23 0.2696 0.2696 0.2986 0.2986 0.2996 0.2996 0.2996 0.3111 0.3111 0.3171 0.3171
0.2465 0.2525 0.2525 0.236 0.236 0.236 0.276 0.276 0.247 0.247 0.242 0.242 0.2365 0.2365 0.2365 0.2175 0.2175 0.233 0.233 0.213 0.213 0.213 0.2215 0.2215 0.246 0.246 0.27 0.27 0.27 0.285 0.285 0.236 0.236 0.265 0.265 0.265 0.269 0.269 0.2851 0.2851 0.2395 0.2395 0.2395 0.2821 0.2821 0.2611 0.2611 0.2285 0.2285 0.217 0.217 0.217 0.2786 0.2786 0.2686 0.2686 0.2626 0.2626 0.2626 0.258 0.258 0.246 0.246 0.23 0.23 0.23 0.2696 0.2696 0.2986 0.2986 0.2996 0.2996 0.2996 0.3111 0.3111 0.3171 0.3171
0.2185 0.2465 0.2465 0.2395 0.2395 0.2395 0.2615 0.2615 0.2435 0.2435 0.2455 0.2455 0.224 0.224 0.224 0.2555 0.2555 0.259 0.259 0.259 0.259 0.259 0.2565 0.2565 0.2655 0.2655 0.294 0.294 0.294 0.293 0.293 0.243 0.243 0.249 0.249 0.249 0.2495 0.2495 0.3196 0.3196 0.2761 0.2761 0.2761 0.279 0.279 0.2635 0.2635 0.2355 0.2355 0.2676 0.2676 0.2676 0.2926 0.2926 0.2645 0.2645 0.3081 0.3081 0.3081 0.2831 0.2831 0.3021 0.3021 0.3051 0.3051 0.3051 0.2981 0.2981 0.3061 0.3061 0.3156 0.3156 0.3156 0.3371 0.3371 0.2951 0.2951
0.2185 0.2465 0.2465 0.2395 0.2395 0.2395 0.2615 0.2615 0.2435 0.2435 0.2455 0.2455 0.224 0.224 0.224 0.2555 0.2555 0.259 0.259 0.259 0.259 0.259 0.2565 0.2565 0.2655 0.2655 0.294 0.294 0.294 0.293 0.293 0.243 0.243 0.249 0.249 0.249 0.2495 0.2495 0.3196 0.3196 0.2761 0.2761 0.2761 0.279 0.279 0.2635 0.2635 0.2355 0.2355 0.2676 0.2676 0.2676 0.2926 0.2926 0.2645 0.2645 0.3081 0.3081 0.3081 0.2831 0.2831 0.3021 0.3021 0.3051 0.3051 0.3051 0.2981 0.2981 0.3061 0.3061 0.3156 0.3156 0.3156 0.3371 0.3371 0.2951 0.2951
0.2335 0.224 0.224 0.252 0.252 0.252 0.2545 0.2545 0.244 0.244 0.241 0.241 0.2445 0.2445 0.2445 0.262 0.262 0.2945 0.2945 0.2725 0.2725 0.2725 0.2575 0.2575 0.2905 0.2905 0.3351 0.3351 0.3351 0.3256 0.3256 0.2385 0.2385 0.2755 0.2755 0.2755 0.3276 0.3276 0.2771 0.2771 0.266 0.266 0.266 0.2985 0.2985 0.2645 0.2645 0.2701 0.2701 0.3031 0.3031 0.3031 0.3171 0.3171 0.2765 0.2765 0.259 0.259 0.259 0.2776 0.2776 0.2936 0.2936 0.2946 0.2946 0.2946 0.3151 0.3151 0.2931 0.2931 0.3186 0.3186 0.3186 0.3125 0.3125 0.3321 0.3321
0.2335 0.224 0.224 0.252 0.252 0.252 0.2545 0.2545 0.244 0.244 0.241 0.241 0.2445 0.2445 0.2445 0.262 0.262 0.2945 0.2945 0.2725 0.2725 0.2725 0.2575 0.2575 0.2905 0.2905 0.3351 0.3351 0.3351 0.3256 0.3256 0.2385 0.2385 0.2755 0.2755 0.2755 0.3276 0.3276 0.2771 0.2771 0.266 0.266 0.266 0.2985 0.2985 0.2645 0.2645 0.2701 0.2701 0.3031 0.3031 0.3031 0.3171 0.3171 0.2765 0.2765 0.259 0.259 0.259 0.2776 0.2776 0.2936 0.2936 0.2946 0.2946 0.2946 0.3151 0.3151 0.2931 0.2931 0.3186 0.3186 0.3186 0.3125 0.3125 0.3321 0.3321
0.256 0.2605 0.2605 0.3061 0.3061 0.3061 0.2925 0.2925 0.259 0.259 0.246 0.246 0.261 0.261 0.261 0.276 0.276 0.281 0.281 0.315 0.315 0.315 0.301 0.301 0.2975 0.2975 0.3296 0.3296 0.3296 0.281 0.281 0.254 0.254 0.2675 0.2675 0.2675 0.258 0.258 0.2335 0.2335 0.257 0.257 0.257 0.2351 0.2351 0.2275 0.2275 0.2966 0.2966 0.2901 0.2901 0.2901 0.3266 0.3266 0.2795 0.2795 0.288 0.288 0.288 0.296 0.296 0.2815 0.2815 0.284 0.284 0.284 0.3386 0.3386 0.3271 0.3271 0.3125 0.3125 0.3125 0.3185 0.3185 0.3146 0.3146
0.256 0.2605 0.2605 0.3061 0.3061 0.3061 0.2925 0.2925 0.259 0.259 0.246 0.246 0.261 0.261 0.261 0.276 0.276 0.281 0.281 0.315 0.315 0.315 0.301 0.301 0.2975 0.2975 0.3296 0.3296 0.3296 0.281 0.281 0.254 0.254 0.2675 0.2675 0.2675 0.258 0.258 0.2335 0.2335 0.257 0.257 0.257 0.2351 0.2351 0.2275 0.2275 0.2966 0.2966 0.2901 0.2901 0.2901 0.3266 0.3266 0.2795 0.2795 0.288 0.288 0.288 0.296 0.296 0.2815 0.2815 0.284 0.284 0.284 0.3386 0.3386 0.3271 0.3271 0.3125 0.3125 0.3125 0.3185 0.3185 0.3146 0.3146
0.256 0.2605 0.2605 0.3061 0.3061 0.3061 0.2925 0.2925 0.259 0.259 0.246 0.246 0.261 0.261 0.261 0.276 0.276 0.281 0.281 0.315 0.315 0.315 0.301 0.301 0.2975 0.2975 0.3296 0.3296 0.3296 0.281 0.281 0.254 0.254 0.2675 0.2675 0.2675 0.258 0.258 0.2335 0.2335 0.257 0.257 0.257 0.2351 0.2351 0.2275 0.2275 0.2966 0.2966 0.2901 0.2901 0.2901 0.3266 0.3266 0.2795 0.2795 0.288 0.288 0.288 0.296 0.296 0.2815 0.2815 0.284 0.284 0.284 0.3386 0.3386 0.3271 0.3271 0.3125 0.3125 0.3125 0.3185 0.3185 0.3146 0.3146
0.3455 0.297 0.297 0.288 0.288 0.288 0.264 0.264 0.2835 0.2835 0.2885 0.2885 0.3055 0.3055 0.3055 0.285 0.285 0.3276 0.3276 0.2695 0.2695 0.2695 0.2645 0.2645 0.2665 0.2665 0.2635 0.2635 0.2635 0.2315 0.2315 0.247 0.247 0.2325 0.2325 0.2325 0.2235 0.2235 0.2607 0.2607 0.2295 0.2295 0.2295 0.2446 0.2446 0.2531 0.2531 0.2571 0.2571 0.3171 0.3171 0.3171 0.2915 0.2915 0.2995 0.2995 0.279 0.279 0.279 0.3166 0.3166 0.3395 0.3395 0.3185 0.3185 0.3185 0.273 0.273 0.276 0.276 0.2925 0.2925 0.2925 0.3391 0.3391 0.3301 0.3301
0.3455 0.297 0.297 0.288 0.288 0.288 0.264 0.264 0.2835 0.2835 0.2885 0.2885 0.3055 0.3055 0.3055 0.285 0.285 0.3276 0.3276 0.2695 0.2695 0.2695 0.2645 0.2645 0.2665 0.2665 0.2635 0.2635 0.2635 0.2315 0.2315 0.247 0.247 0.2325 0.2325 0.2325 0.2235 0.2235 0.2607 0.2607 0.2295 0.2295 0.2295 0.2446 0.2446 0.2531 0.2531 0.2571 0.2571 0.3171 0.3171 0.3171 0.2915 0.2915 0.2995 0.2995 0.279 0.279 0.279 0.3166 0.3166 0.3395 0.3395 0.3185 0.3185 0.3185 0.273 0.273 0.276 0.276 0.2925 0.2925 0.2925 0.3391 0.3391 0.3301 0.3301
0.3406 0.3015 0.3015 0.317 0.317 0.317 0.2871 0.2871 0.3291 0.3291 0.3466 0.3466 0.3185 0.3185 0.3185 0.358 0.358 0.295 0.295 0.282 0.282 0.282 0.229 0.229 0.267 0.267 0.2225 0.2225 0.2225 0.2175 0.2175 0.2475 0.2475 0.2415 0.2415 0.2415 0.2725 0.2725 0.2455 0.2455 0.2255 0.2255 0.2255 0.2435 0.2435 0.2835 0.2835 0.2665 0.2665 0.3286 0.3286 0.3286 0.312 0.312 0.315 0.315 0.2815 0.2815 0.2815 0.2966 0.2966 0.3105 0.3105 0.2815 0.2815 0.2815 0.2945 0.2945 0.287 0.287 0.2875 0.2875 0.2875 0.2955 0.2955 0.2685 0.2685
0.3406 0.3015 0.3015 0.317 0.317 0.317 0.2871 0.2871 0.3291 0.3291 0.3466 0.3466 0.3185 0.3185 0.3185 0.358 0.358 0.295 0.295 0.282 0.282 0.282 0.229 0.229 0.267 0.267 0.2225 0.2225 0.2225 0.2175 0.2175 0.2475 0.2475 0.2415 0.2415 0.2415 0.2725 0.2725 0.2455 0.2455 0.2255 0.2255 0.2255 0.2435 0.2435 0.2835 0.2835 0.2665 0.2665 0.3286 0.3286 0.3286 0.312 0.312 0.315 0.315 0.2815 0.2815 0.2815 0.2966 0.2966 0.3105 0.3105 0.2815 0.2815 0.2815 0.2945 0.2945 0.287 0.287 0.2875 0.2875 0.2875 0.2955 0.2955 0.2685 0.2685
0.3445 0.334 0.334 0.298 0.298 0.298 0.334 0.334 0.3816 0.3816 0.4046 0.4046 0.3666 0.3666 0.3666 0.322 0.322 0.327 0.327 0.3285 0.3285 0.3285 0.3325 0.3325 0.25 0.25 0.24 0.24 0.24 0.2395 0.2395 0.2971 0.2971 0.2761 0.2761 0.2761 0.3051 0.3051 0.2465 0.2465 0.2701 0.2701 0.2701 0.2605 0.2605 0.2555 0.2555 0.286 0.286 0.283 0.283 0.283 0.3375 0.3375 0.2925 0.2925 0.2635 0.2635 0.2635 0.2565 0.2565 0.284 0.284 0.3135 0.3135 0.3135 0.302 0.302 0.323 0.323 0.3535 0.3535 0.3535 0.3816 0.3816 0.27 0.27
0.3445 0.334 0.334 0.298 0.298 0.298 0.334 0.334 0.3816 0.3816 0.4046 0.4046 0.3666 0.3666 0.3666 0.322 0.322 0.327 0.327 0.3285 0.3285 0.3285 0.3325 0.3325 0.25 0.25 0.24 0.24 0.24 0.2395 0.2395 0.2971 0.2971 0.2761 0.2761 0.2761 0.3051 0.3051 0.2465 0.2465 0.2701 0.2701 0.2701 0.2605 0.2605 0.2555 0.2555 0.286 0.286 0.283 0.283 0.283 0.3375 0.3375 0.2925 0.2925 0.2635 0.2635 0.2635 0.2565 0.2565 0.284 0.284 0.3135 0.3135 0.3135 0.302 0.302 0.323 0.323 0.3535 0.3535 0.3535 0.3816 0.3816 0.27 0.27
0.38 0.359 0.359 0.3505 0.3505 0.3505 0.351 0.351 0.3831 0.3831 0.3976 0.3976 0.335 0.335 0.335 0.294 0.294 0.336 0.336 0.3435 0.3435 0.3435 0.341 0.341 0.2835 0.2835 0.3341 0.3341 0.3341 0.3421 0.3421 0.254 0.254 0.2956 0.2956 0.2956 0.2355 0.2355 0.2695 0.2695 0.3076 0.3076 0.3076 0.283 0.283 0.303 0.303 0.2995 0.2995 0.2825 0.2825 0.2825 0.2975 0.2975 0.2935 0.2935 0.3126 0.3126 0.3126 0.28 0.28 0.3485 0.3485 0.3485 0.3485 0.3485 0.359 0.359 0.33 0.33 0.3795 0.3795 0.3795 0.3675 0.3675 0.3636 0.3636
0.38 0.359 0.359 0.3505 0.3505 0.3505 0.351 0.351 0.3831 0.3831 0.3976 0.3976 0.335 0.335 0.335 0.294 0.294 0.336 0.336 0.3435 0.3435 0.3435 0.341 0.341 0.2835 0.2835 0.3341 0.3341 0.3341 0.3421 0.3421 0.254 0.254 0.2956 0.2956 0.2956 0.2355 0.2355 0.2695 0.2695 0.3076 0.3076 0.3076 0.283 0.283 0.303 0.303 0.2995 0.2995 0.2825 0.2825 0.2825 0.2975 0.2975 0.2935 0.2935 0.3126 0.3126 0.3126 0.28 0.28 0.3485 0.3485 0.3485 0.3485 0.3485 0.359 0.359 0.33 0.33 0.3795 0.3795 0.3795 0.3675 0.3675 0.3636 0.3636
0.38 0.359 0.359 0.3505 0.3505 0.3505 0.351 0.351 0.3831 0.3831 0.3976 0.3976 0.335 0.335 0.335 0.294 0.294 0.336 0.336 0.3435 0.3435 0.3435 0.341 0.341 0.2835 0.2835 0.3341 0.3341 0.3341 0.3421 0.3421 0.254 0.254 0.2956 0.2956 0.2956 0.2355 0.2355 0.2695 0.2695 0.3076 0.3076 0.3076 0.283 0.283 0.303 0.303 0.2995 0.2995 0.2825 0.2825 0.2825 0.2975 0.2975 0.2935 0.2935 0.3126 0.3126 0.3126 0.28 0.28 0.3485 0.3485 0.3485 0.3485 0.3485 0.359 0.359 0.33 0.33 0.3795 0.3795 0.3795 0.3675 0.3675 0.3636 0.3636
0.359 0.35 0.35 0.3515 0.3515 0.3515 0.3705 0.3705 0.364 0.364 0.3585 0.3585 0.321 0.321 0.321 0.3505 0.3505 0.3595 0.3595 0.325 0.325 0.325 0.3645 0.3645 0.303 0.303 0.344 0.344 0.344 0.3485 0.3485 0.2436 0.2436 0.2431 0.2431 0.2431 0.2556 0.2556 0.261 0.261 0.264 0.264 0.264 0.2525 0.2525 0.261 0.261 0.2625 0.2625 0.3115 0.3115 0.3115 0.3155 0.3155 0.3165 0.3165 0.3455 0.3455 0.3455 0.3306 0.3306 0.3466 0.3466 0.3135 0.3135 0.3135 0.3546 0.3546 0.373 0.373 0.4015 0.4015 0.4015 0.39 0.39 0.365 0.365
0.359 0.35 0.35 0.3515 0.3515 0.3515 0.3705 0.3705 0.364 0.364 0.3585 0.3585 0.321 0.321 0.321 0.3505 0.3505 0.3595 0.3595 0.325 0.325 0.325 0.3645 0.3645 0.303 0.303 0.344 0.344 0.344 0.3485 0.3485 0.2436 0.2436 0.2431 0.2431 0.2431 0.2556 0.2556 0.261 0.261 0.264 0.264 0.264 0.2525 0.2525 0.261 0.261 0.2625 0.2625 0.3115 0.3115 0.3115 0.3155 0.3155 0.3165 0.3165 0.3455 0.3455 0.3455 0.3306 0.3306 0.3466 0.3466 0.3135 0.3135 0.3135 0.3546 0.3546 0.373 0.373 0.4015 0.4015 0.4015 0.39 0.39 0.365 0.365
0.413 0.4155 0.4155 0.3565 0.3565 0.3565 0.3435 0.3435 0.4106 0.4106 0.402 0.402 0.4486 0.4486 0.4486 0.4181 0.4181 0.3946 0.3946 0.3845 0.3845 0.3845 0.31 0.31 0.379 0.379 0.359 0.359 0.359 0.346 0.346 0.3385 0.3385 0.224 0.224 0.224 0.263 0.263 0.3236 0.3236 0.2485 0.2485 0.2485 0.299 0.299 0.2645 0.2645 0.29 0.29 0.3095 0.3095 0.3095 0.3555 0.3555 0.3675 0.3675 0.4416 0.4416 0.4416 0.378 0.378 0.3625 0.3625 0.385 0.385 0.385 0.3905 0.3905 0.3665 0.3665 0.4175 0.4175 0.4175 0.374 0.374 0.3095 0.3095
0.413 0.4155 0.4155 0.3565 0.3565 0.3565 0.3435 0.3435 0.4106 0.4106 0.402 0.402 0.4486 0.4486 0.4486 0.4181 0.4181 0.3946 0.3946 0.3845 0.3845 0.3845 0.31 0.31 0.379 0.379 0.359 0.359 0.359 0.346 0.346 0.3385 0.3385 0.224 0.224 0.224 0.263 0.263 0.3236 0.3236 0.2485 0.2485 0.2485 0.299 0.299 0.2645 0.2645 0.29 0.29 0.3095 0.3095 0.3095 0.3555 0.3555 0.3675 0.3675 0.4416 0.4416 0.4416 0.378 0.378 0.3625 0.3625 0.385 0.385 0.385 0.3905 0.3905 0.3665 0.3665 0.4175 0.4175 0.4175 0.374 0.374 0.3095 0.3095
0.437 0.4115 0.4115 0.3765 0.3765 0.3765 0.3785 0.3785 0.38 0.38 0.4261 0.4261 0.4031 0.4031 0.4031 0.4076 0.4076 0.3525 0.3525 0.362 0.362 0.362 0.3245 0.3245 0.363 0.363 0.3585 0.3585 0.3585 0.351 0.351 0.348 0.348 0.3195 0.3195 0.3195 0.3666 0.3666 0.3456 0.3456 0.2945 0.2945 0.2945 0.291 0.291 0.338 0.338 0.329 0.329 0.35 0.35 0.35 0.357 0.357 0.3445 0.3445 0.383 0.383 0.383 0.4 0.4 0.4261 0.4261 0.373 0.373 0.373 0.365 0.365 0.3585 0.3585 0.3955 0.3955 0.3955 0.4015 0.4015 0.3785 0.3785
0.437 0.4115 0.4115 0.3765 0.3765 0.3765 0.3785 0.3785 0.38 0.38 0.4261 0.4261 0.4031 0.4031 0.4031 0.4076 0.4076 0.3525 0.3525 0.362 0.362 0.362 0.3245 0.3245 0.363 0.363 0.3585 0.3585 0.3585 0.351 0.351 0.348 0.348 0.3195 0.3195 0.3195 0.3666 0.3666 0.3456 0.3456 0.2945 0.2945 0.2945 0.291 0.291 0.338 0.338 0.329 0.329 0.35 0.35 0.35 0.357 0.357 0.3445 0.3445 0.383 0.383 0.383 0.4 0.4 0.4261 0.4261 0.373 0.373 0.373 0.365 0.365 0.3585 0.3585 0.3955 0.3955 0.3955 0.4015 0.4015 0.3785 0.3785
0.437 0.4115 0.4115 0.3765 0.3765 0.3765 0.3785 0.3785 0.38 0.38 0.4261 0.4261 0.4031 0.4031 0.4031 0.4076 0.4076 0.3525 0.3525 0.362 0.362 0.362 0.3245 0.3245 0.363 0.363 0.3585 0.3585 0.3585 0.351 0.351 0.348 0.348 0.3195 0.3195 0.3195 0.3666 0.3666 0.3456 0.3456 0.2945 0.2945 0.2945 0.291 0.291 0.338 0.338 0.329 0.329 0.35 0.35 0.35 0.357 0.357 0.3445 0.3445 0.383 0.383 0.383 0.4 0.4 0.4261 0.4261 0.373 0.373 0.373 0.365 0.365 0.3585 0.3585 0.3955 0.3955 0.3955 0.4015 0.4015 0.3785 0.3785
