ndvi/NOAA-130.asc
ncols         252
nrows         154
xllcorner     -18.017974
yllcorner     13.481982
cellsize      0.035948
NODATA_value  -9999
[rows 102 to 135 of 154, columns 154 to 230 of 252]
0.297 0.302 0.302 0.287 0.287 0.287 0.235 0.235 0.264 0.264 0.276 0.276 0.317 0.317 0.317 0.267 0.267 0.2975 0.2975 0.3055 0.3055 0.3055 0.2855 0.2855 0.297 0.297 0.306 0.306 0.306 0.303 0.303 0.3175 0.3175 0.3085 0.3085 0.3085 0.3075 0.3075 0.3065 0.3065 0.313 0.313 0.313 0.326 0.326 0.324 0.324 0.324 0.324 0.37 0.37 0.37 0.276 0.276 0.2885 0.2885 0.2915 0.2915 0.2915 0.313 0.313 0.3325 0.3325 0.3335 0.3335 0.3335 0.325 0.325 0.287 0.287 0.3155 0.3155 0.3155 0.356 0.356 0.345 0.345
0.2595 0.2565 0.2565 0.3095 0.3095 0.3095 0.2825 0.2825 0.3325 0.3325 0.2785 0.2785 0.2995 0.2995 0.2995 0.272 0.272 0.3135 0.3135 0.2745 0.2745 0.2745 0.271 0.271 0.297 0.297 0.3145 0.3145 0.3145 0.333 0.333 0.307 0.307 0.335 0.335 0.335 0.3155 0.3155 0.3165 0.3165 0.3235 0.3235 0.3235 0.3265 0.3265 0.342 0.342 0.365 0.365 0.3535 0.3535 0.3535 0.346 0.346 0.318 0.318 0.337 0.337 0.337 0.32 0.32 0.291 0.291 0.339 0.339 0.339 0.343 0.343 0.333 0.333 0.3115 0.3115 0.3115 0.347 0.347 0.3685 0.3685
0.2595 0.2565 0.2565 0.3095 0.3095 0.3095 0.2825 0.2825 0.3325 0.3325 0.2785 0.2785 0.2995 0.2995 0.2995 0.272 0.272 0.3135 0.3135 0.2745 0.2745 0.2745 0.271 0.271 0.297 0.297 0.3145 0.3145 0.3145 0.333 0.333 0.307 0.307 0.335 0.335 0.335 0.3155 0.3155 0.3165 0.3165 0.3235 0.3235 0.3235 0.3265 0.3265 0.342 0.342 0.365 0.365 0.3535 0.3535 0.3535 0.346 0.346 0.318 0.318 0.337 0.337 0.337 0.32 0.32 0.291 0.291 0.339 0.339 0.339 0.343 0.343 0.333 0.333 0.3115 0.3115 0.3115 0.347 0.347 0.3685 0.3685
0.2595 0.2565 0.2565 0.3095 0.3095 0.3095 0.2825 0.2825 0.3325 0.3325 0.2785 0.2785 0.2995 0.2995 0.2995 0.272 0.272 0.3135 0.3135 0.2745 0.2745 0.2745 0.271 0.271 0.297 0.297 0.3145 0.3145 0.3145 0.333 0.333 0.307 0.307 0.335 0.335 0.335 0.3155 0.3155 0.3165 0.3165 0.3235 0.3235 0.3235 0.3265 0.3265 0.342 0.342 0.365 0.365 0.3535 0.3535 0.3535 0.346 0.346 0.318 0.318 0.337 0.337 0.337 0.32 0.32 0.291 0.291 0.339 0.339 0.339 0.343 0.343 0.333 0.333 0.3115 0.3115 0.3115 0.347 0.347 0.3685 0.3685
0.261 0.28 0.28 0.2985 0.2985 0.2985 0.2935 0.2935 0.314 0.314 0.3045 0.3045 0.298 0.298 0.298 0.2885 0.2885 0.2625 0.2625 0.2755 0.2755 0.2755 0.293 0.293 0.3075 0.3075 0.317 0.317 0.317 0.347 0.347 0.366 0.366 0.369 0.369 0.369 0.354 0.354 0.348 0.348 0.369 0.369 0.369 0.45 0.45 0.3855 0.3855 0.358 0.358 0.363 0.363 0.363 0.363 0.363 0.4615 0.4615 0.4435 0.4435 0.4435 0.3515 0.3515 0.3375 0.3375 0.319 0.319 0.319 0.3405 0.3405 0.316 0.316 0.3195 0.3195 0.3195 0.353 0.353 0.354 0.354
0.261 0.28 0.28 0.2985 0.2985 0.2985 0.2935 0.2935 0.314 0.314 0.3045 0.3045 0.298 0.298 0.298 0.2885 0.2885 0.2625 0.2625 0.2755 0.2755 0.2755 0.293 0.293 0.3075 0.3075 0.317 0.317 0.317 0.347 0.347 0.366 0.366 0.369 0.369 0.369 0.354 0.354 0.348 0.348 0.369 0.369 0.369 0.45 0.45 0.3855 0.3855 0.358 0.358 0.363 0.363 0.363 0.363 0.363 0.4615 0.4615 0.4435 0.4435 0.4435 0.3515 0.3515 0.3375 0.3375 0.319 0.319 0.319 0.3405 0.3405 0.316 0.316 0.3195 0.3195 0.3195 0.353 0.353 0.354 0.354
0.339 0.382 0.382 0.3175 0.3175 0.3175 0.3275 0.3275 0.305 0.305 0.318 0.318 0.2955 0.2955 0.2955 0.271 0.271 0.2675 0.2675 0.255 0.255 0.255 0.272 0.272 0.297 0.297 0.3055 0.3055 0.3055 0.316 0.316 0.3335 0.3335 0.35 0.35 0.35 0.4335 0.4335 0.3755 0.3755 0.3755 0.3755 0.3755 0.3395 0.3395 0.3665 0.3665 0.3785 0.3785 0.3995 0.3995 0.3995 0.456 0.456 0.35 0.35 0.4045 0.4045 0.4045 0.3835 0.3835 0.3715 0.3715 0.3825 0.3825 0.3825 0.379 0.379 0.379 0.379 0.3485 0.3485 0.3485 0.382 0.382 0.395 0.395
0.339 0.382 0.382 0.3175 0.3175 0.3175 0.3275 0.3275 0.305 0.305 0.318 0.318 0.2955 0.2955 0.2955 0.271 0.271 0.2675 0.2675 0.255 0.255 0.255 0.272 0.272 0.297 0.297 0.3055 0.3055 0.3055 0.316 0.316 0.3335 0.3335 0.35 0.35 0.35 0.4335 0.4335 0.3755 0.3755 0.3755 0.3755 0.3755 0.3395 0.3395 0.3665 0.3665 0.3785 0.3785 0.3995 0.3995 0.3995 0.456 0.456 0.35 0.35 0.4045 0.4045 0.4045 0.3835 0.3835 0.3715 0.3715 0.3825 0.3825 0.3825 0.379 0.379 0.379 0.379 0.3485 0.3485 0.3485 0.382 0.382 0.395 0.395
0.323 0.356 0.356 0.345 0.345 0.345 0.3595 0.3595 0.326 0.326 0.308 0.308 0.289 0.289 0.289 0.2905 0.2905 0.299 0.299 0.3255 0.3255 0.3255 0.321 0.321 0.3175 0.3175 0.3085 0.3085 0.3085 0.3195 0.3195 0.3255 0.3255 0.3455 0.3455 0.3455 0.3585 0.3585 0.3395 0.3395 0.3615 0.3615 0.3615 0.3425 0.3425 0.3735 0.3735 0.42 0.42 0.3655 0.3655 0.3655 0.4345 0.4345 0.4695 0.4695 0.4365 0.4365 0.4365 0.42 0.42 0.359 0.359 0.3915 0.3915 0.3915 0.3865 0.3865 0.376 0.376 0.394 0.394 0.394 0.4205 0.4205 0.4075 0.4075
0.323 0.356 0.356 0.345 0.345 0.345 0.3595 0.3595 0.326 0.326 0.308 0.308 0.289 0.289 0.289 0.2905 0.2905 0.299 0.299 0.3255 0.3255 0.3255 0.321 0.321 0.3175 0.3175 0.3085 0.3085 0.3085 0.3195 0.3195 0.3255 0.3255 0.3455 0.3455 0.3455 0.3585 0.3585 0.3395 0.3395 0.3615 0.3615 0.3615 0.3425 0.3425 0.3735 0.3735 0.42 0.42 0.3655 0.3655 0.3655 0.4345 0.4345 0.4695 0.4695 0.4365 0.4365 0.4365 0.42 0.42 0.359 0.359 0.3915 0.3915 0.3915 0.3865 0.3865 0.376 0.376 0.394 0.394 0.394 0.4205 0.4205 0.4075 0.4075
0.323 0.356 0.356 0.345 0.345 0.345 0.3595 0.3595 0.326 0.326 0.308 0.308 0.289 0.289 0.289 0.2905 0.2905 0.299 0.299 0.3255 0.3255 0.3255 0.321 0.321 0.3175 0.3175 0.3085 0.3085 0.3085 0.3195 0.3195 0.3255 0.3255 0.3455 0.3455 0.3455 0.3585 0.3585 0.3395 0.3395 0.3615 0.3615 0.3615 0.3425 0.3425 0.3735 0.3735 0.42 0.42 0.3655 0.3655 0.3655 0.4345 0.4345 0.4695 0.4695 0.4365 0.4365 0.4365 0.42 0.42 0.359 0.359 0.3915 0.3915 0.3915 0.3865 0.3865 0.376 0.376 0.394 0.394 0.394 0.4205 0.4205 0.4075 0.4075
0.353 0.309 0.309 0.326 0.326 0.326 0.3845 0.3845 0.3515 0.3515 0.3305 0.3305 0.3465 0.3465 0.3465 0.31 0.31 0.358 0.358 0.3105 0.3105 0.3105 0.3415 0.3415 0.34 0.34 0.31 0.31 0.31 0.3105 0.3105 0.326 0.326 0.3675 0.3675 0.3675 0.4965 0.4965 0.389 0.389 0.3555 0.3555 0.3555 0.359 0.359 0.372 0.372 0.3975 0.3975 0.3825 0.3825 0.3825 0.4235 0.4235 0.4725 0.4725 0.4485 0.4485 0.4485 0.4665 0.4665 0.479 0.479 0.4495 0.4495 0.4495 0.391 0.391 0.398 0.398 0.4105 0.4105 0.4105 0.402 0.402 0.4195 0.4195
0.353 0.309 0.309 0.326 0.326 0.326 0.3845 0.3845 0.3515 0.3515 0.3305 0.3305 0.3465 0.3465 0.3465 0.31 0.31 0.358 0.358 0.3105 0.3105 0.3105 0.3415 0.3415 0.34 0.34 0.31 0.31 0.31 0.3105 0.3105 0.326 0.326 0.3675 0.3675 0.3675 0.4965 0.4965 0.389 0.389 0.3555 0.3555 0.3555 0.359 0.359 0.372 0.372 0.3975 0.3975 0.3825 0.3825 0.3825 0.4235 0.4235 0.4725 0.4725 0.4485 0.4485 0.4485 0.4665 0.4665 0.479 0.479 0.4495 0.4495 0.4495 0.391 0.391 0.398 0.398 0.4105 0.4105 0.4105 0.402 0.402 0.4195 0.4195
0.295 0.3445 0.3445 0.3435 0.3435 0.3435 0.3795 0.3795 0.3375 0.3375 0.341 0.341 0.3295 0.3295 0.3295 0.355 0.355 0.3635 0.3635 0.3865 0.3865 0.3865 0.3485 0.3485 0.327 0.327 0.3305 0.3305 0.3305 0.326 0.326 0.348 0.348 0.3845 0.3845 0.3845 0.366 0.366 0.3345 0.3345 0.335 0.335 0.335 0.39 0.39 0.39 0.39 0.4275 0.4275 0.475 0.475 0.475 0.42 0.42 0.473 0.473 0.482 0.482 0.482 0.4775 0.4775 0.447 0.447 0.424 0.424 0.424 0.4295 0.4295 0.431 0.431 0.419 0.419 0.419 0.3995 0.3995 0.41 0.41
0.295 0.3445 0.3445 0.3435 0.3435 0.3435 0.3795 0.3795 0.3375 0.3375 0.341 0.341 0.3295 0.3295 0.3295 0.355 0.355 0.3635 0.3635 0.3865 0.3865 0.3865 0.3485 0.3485 0.327 0.327 0.3305 0.3305 0.3305 0.326 0.326 0.348 0.348 0.3845 0.3845 0.3845 0.366 0.366 0.3345 0.3345 0.335 0.335 0.335 0.39 0.39 0.39 0.39 0.4275 0.4275 0.475 0.475 0.475 0.42 0.42 0.473 0.473 0.482 0.482 0.482 0.4775 0.4775 0.447 0.447 0.424 0.424 0.424 0.4295 0.4295 0.431 0.431 0.419 0.419 0.419 0.3995 0.3995 0.41 0.41
0.3865 0.3815 0.3815 0.3565 0.3565 0.3565 0.331 0.331 0.366 0.366 0.417 0.417 0.394 0.394 0.394 0.462 0.462 0.419 0.419 0.3905 0.3905 0.3905 0.358 0.358 0.3385 0.3385 0.354 0.354 0.354 0.386 0.386 0.43 0.43 0.356 0.356 0.356 0.299 0.299 0.369 0.369 0.3555 0.3555 0.3555 0.4605 0.4605 0.4 0.4 0.4125 0.4125 0.501 0.501 0.501 0.501 0.501 0.49 0.49 0.476 0.476 0.476 0.4635 0.4635 0.482 0.482 0.48 0.48 0.48 0.442 0.442 0.4295 0.4295 0.392 0.392 0.392 0.403 0.403 0.4025 0.4025
0.3865 0.3815 0.3815 0.3565 0.3565 0.3565 0.331 0.331 0.366 0.366 0.417 0.417 0.394 0.394 0.394 0.462 0.462 0.419 0.419 0.3905 0.3905 0.3905 0.358 0.358 0.3385 0.3385 0.354 0.354 0.354 0.386 0.386 0.43 0.43 0.356 0.356 0.356 0.299 0.299 0.369 0.369 0.3555 0.3555 0.3555 0.4605 0.4605 0.4 0.4 0.4125 0.4125 0.501 0.501 0.501 0.501 0.501 0.49 0.49 0.476 0.476 0.476 0.4635 0.4635 0.482 0.482 0.48 0.48 0.48 0.442 0.442 0.4295 0.4295 0.392 0.392 0.392 0.403 0.403 0.4025 0.4025
0.3865 0.3815 0.3815 0.3565 0.3565 0.3565 0.331 0.331 0.366 0.366 0.417 0.417 0.394 0.394 0.394 0.462 0.462 0.419 0.419 0.3905 0.3905 0.3905 0.358 0.358 0.3385 0.3385 0.354 0.354 0.354 0.386 0.386 0.43 0.43 0.356 0.356 0.356 0.299 0.299 0.369 0.369 0.3555 0.3555 0.3555 0.4605 0.4605 0.4 0.4 0.4125 0.4125 0.501 0.501 0.501 0.501 0.501 0.49 0.49 0.476 0.476 0.476 0.4635 0.4635 0.482 0.482 0.48 0.48 0.48 0.442 0.442 0.4295 0.4295 0.392 0.392 0.392 0.403 0.403 0.4025 0.4025
0.3425 0.355 0.355 0.386 0.386 0.386 0.4125 0.4125 0.4165 0.4165 0.411 0.411 0.4375 0.4375 0.4375 0.4535 0.4535 0.4575 0.4575 0.494 0.494 0.494 0.455 0.455 0.4515 0.4515 0.4585 0.4585 0.4585 0.393 0.393 0.411 0.411 0.3765 0.3765 0.3765 0.354 0.354 0.376 0.376 0.4275 0.4275 0.4275 0.4365 0.4365 0.4465 0.4465 0.4505 0.4505 0.4765 0.4765 0.4765 0.4925 0.4925 0.505 0.505 0.467 0.467 0.467 0.478 0.478 0.5145 0.5145 0.501 0.501 0.501 0.452 0.452 0.4175 0.4175 0.411 0.411 0.411 0.388 0.388 0.3785 0.3785
0.3425 0.355 0.355 0.386 0.386 0.386 0.4125 0.4125 0.4165 0.4165 0.411 0.411 0.4375 0.4375 0.4375 0.4535 0.4535 0.4575 0.4575 0.494 0.494 0.494 0.455 0.455 0.4515 0.4515 0.4585 0.4585 0.4585 0.393 0.393 0.411 0.411 0.3765 0.3765 0.3765 0.354 0.354 0.376 0.376 0.4275 0.4275 0.4275 0.4365 0.4365 0.4465 0.4465 0.4505 0.4505 0.4765 0.4765 0.4765 0.4925 0.4925 0.505 0.505 0.467 0.467 0.467 0.478 0.478 0.5145 0.5145 0.501 0.501 0.501 0.452 0.452 0.4175 0.4175 0.411 0.411 0.411 0.388 0.388 0.3785 0.3785
0.371 0.365 0.365 0.372 0.372 0.372 0.3735 0.3735 0.4626 0.4626 0.4755 0.4755 0.4696 0.4696 0.4696 0.4975 0.4975 0.511 0.511 0.466 0.466 0.466 0.504 0.504 0.4275 0.4275 0.4145 0.4145 0.4145 0.455 0.455 0.3955 0.3955 0.3675 0.3675 0.3675 0.377 0.377 0.382 0.382 0.4175 0.4175 0.4175 0.4235 0.4235 0.5045 0.5045 0.5745 0.5745 0.512 0.512 0.512 0.527 0.527 0.4975 0.4975 0.5035 0.5035 0.5035 0.4955 0.4955 0.5025 0.5025 0.4825 0.4825 0.4825 0.4285 0.4285 0.3955 0.3955 0.412 0.412 0.412 0.46 0.46 0.465 0.465
0.371 0.365 0.365 0.372 0.372 0.372 0.3735 0.3735 0.4626 0.4626 0.4755 0.4755 0.4696 0.4696 0.4696 0.4975 0.4975 0.511 0.511 0.466 0.466 0.466 0.504 0.504 0.4275 0.4275 0.4145 0.4145 0.4145 0.455 0.455 0.3955 0.3955 0.3675 0.3675 0.3675 0.377 0.377 0.382 0.382 0.4175 0.4175 0.4175 0.4235 0.4235 0.5045 0.5045 0.5745 0.5745 0.512 0.512 0.512 0.527 0.527 0.4975 0.4975 0.5035 0.5035 0.5035 0.4955 0.4955 0.5025 0.5025 0.4825 0.4825 0.4825 0.4285 0.4285 0.3955 0.3955 0.412 0.412 0.412 0.46 0.46 0.465 0.465
0.3875 0.404 0.404 0.3655 0.3655 0.3655 0.379 0.379 0.4875 0.4875 0.5085 0.5085 0.477 0.477 0.477 0.4895 0.4895 0.4925 0.4925 0.4985 0.4985 0.4985 0.4665 0.4665 0.4485 0.4485 0.416 0.416 0.416 0.377 0.377 0.4015 0.4015 0.3915 0.3915 0.3915 0.3915 0.3915 0.4295 0.4295 0.4605 0.4605 0.4605 0.451 0.451 0.5705 0.5705 0.561 0.561 0.528 0.528 0.528 0.5525 0.5525 0.527 0.527 0.507 0.507 0.507 0.4895 0.4895 0.4875 0.4875 0.4761 0.4761 0.4761 0.4415 0.4415 0.488 0.488 0.4865 0.4865 0.4865 0.4555 0.4555 0.465 0.465
0.3875 0.404 0.404 0.3655 0.3655 0.3655 0.379 0.379 0.4875 0.4875 0.5085 0.5085 0.477 0.477 0.477 0.4895 0.4895 0.4925 0.4925 0.4985 0.4985 0.4985 0.4665 0.4665 0.4485 0.4485 0.416 0.416 0.416 0.377 0.377 0.4015 0.4015 0.3915 0.3915 0.3915 0.3915 0.3915 0.4295 0.4295 0.4605 0.4605 0.4605 0.451 0.451 0.5705 0.5705 0.561 0.561 0.528 0.528 0.528 0.5525 0.5525 0.527 0.527 0.507 0.507 0.507 0.4895 0.4895 0.4875 0.4875 0.4761 0.4761 0.4761 0.4415 0.4415 0.488 0.488 0.4865 0.4865 0.4865 0.4555 0.4555 0.465 0.465
0.405 0.413 0.413 0.3825 0.3825 0.3825 0.383 0.383 0.4395 0.4395 0.462 0.462 0.485 0.485 0.485 0.455 0.455 0.4435 0.4435 0.4875 0.4875 0.4875 0.466 0.466 0.435 0.435 0.4545 0.4545 0.4545 0.4765 0.4765 0.378 0.378 0.438 0.438 0.438 0.4555 0.4555 0.4665 0.4665 0.4255 0.4255 0.4255 0.512 0.512 0.5815001 0.5815001 0.581 0.581 0.573 0.573 0.573 0.5801 0.5801 0.566 0.566 0.5285 0.5285 0.5285 0.485 0.485 0.5416 0.5416 0.488 0.488 0.488 0.451 0.451 0.461 0.461 0.43 0.43 0.43 0.502 0.502 0.4945 0.4945
0.405 0.413 0.413 0.3825 0.3825 0.3825 0.383 0.383 0.4395 0.4395 0.462 0.462 0.485 0.485 0.485 0.455 0.455 0.4435 0.4435 0.4875 0.4875 0.4875 0.466 0.466 0.435 0.435 0.4545 0.4545 0.4545 0.4765 0.4765 0.378 0.378 0.438 0.438 0.438 0.4555 0.4555 0.4665 0.4665 0.4255 0.4255 0.4255 0.512 0.512 0.5815001 0.5815001 0.581 0.581 0.573 0.573 0.573 0.5801 0.5801 0.566 0.566 0.5285 0.5285 0.5285 0.485 0.485 0.5416 0.5416 0.488 0.488 0.488 0.451 0.451 0.461 0.461 0.43 0.43 0.43 0.502 0.502 0.4945 0.4945
0.405 0.413 0.413 0.3825 0.3825 0.3825 0.383 0.383 0.4395 0.4395 0.462 0.462 0.485 0.485 0.485 0.455 0.455 0.4435 0.4435 0.4875 0.4875 0.4875 0.466 0.466 0.435 0.435 0.4545 0.4545 0.4545 0.4765 0.4765 0.378 0.378 0.438 0.438 0.438 0.4555 0.4555 0.4665 0.4665 0.4255 0.4255 0.4255 0.512 0.512 0.5815001 0.5815001 0.581 0.581 0.573 0.573 0.573 0.5801 0.5801 0.566 0.566 0.5285 0.5285 0.5285 0.485 0.485 0.5416 0.5416 0.488 0.488 0.488 0.451 0.451 0.461 0.461 0.43 0.43 0.43 0.502 0.502 0.4945 0.4945
0.39 0.45 0.45 0.415 0.415 0.415 0.434 0.434 0.4465 0.4465 0.5071 0.5071 0.5055 0.5055 0.5055 0.4475 0.4475 0.4475 0.4475 0.451 0.451 0.451 0.4645 0.4645 0.452 0.452 0.435 0.435 0.435 0.4815 0.4815 0.4655 0.4655 0.482 0.482 0.482 0.485 0.485 0.4685 0.4685 0.522 0.522 0.522 0.569 0.569 0.5925 0.5925 0.588 0.588 0.5806 0.5806 0.5806 0.5655 0.5655 0.5225 0.5225 0.51 0.51 0.51 0.5642 0.5642 0.559 0.559 0.5786 0.5786 0.5786 0.505 0.505 0.512 0.512 0.449 0.449 0.449 0.456 0.456 0.461 0.461
0.39 0.45 0.45 0.415 0.415 0.415 0.434 0.434 0.4465 0.4465 0.5071 0.5071 0.5055 0.5055 0.5055 0.4475 0.4475 0.4475 0.4475 0.451 0.451 0.451 0.4645 0.4645 0.452 0.452 0.435 0.435 0.435 0.4815 0.4815 0.4655 0.4655 0.482 0.482 0.482 0.485 0.485 0.4685 0.4685 0.522 0.522 0.522 0.569 0.569 0.5925 0.5925 0.588 0.588 0.5806 0.5806 0.5806 0.5655 0.5655 0.5225 0.5225 0.51 0.51 0.51 0.5642 0.5642 0.559 0.559 0.5786 0.5786 0.5786 0.505 0.505 0.512 0.512 0.449 0.449 0.449 0.456 0.456 0.461 0.461
0.476 0.488 0.488 0.4655 0.4655 0.4655 0.464 0.464 0.4805 0.4805 0.486 0.486 0.479 0.479 0.479 0.498 0.498 0.5105 0.5105 0.452 0.452 0.452 0.4855 0.4855 0.517 0.517 0.504 0.504 0.504 0.5455 0.5455 0.5295 0.5295 0.4945 0.4945 0.4945 0.5135 0.5135 0.499 0.499 0.524 0.524 0.524 0.5941 0.5941 0.591 0.591 0.6215 0.6215 0.6395 0.6395 0.6395 0.6101 0.6101 0.5751 0.5751 0.5045 0.5045 0.5045 0.5651 0.5651 0.5475 0.5475 0.5135 0.5135 0.5135 0.527 0.527 0.4555 0.4555 0.519 0.519 0.519 0.495 0.495 0.4915 0.4915
0.476 0.488 0.488 0.4655 0.4655 0.4655 0.464 0.464 0.4805 0.4805 0.486 0.486 0.479 0.479 0.479 0.498 0.498 0.5105 0.5105 0.452 0.452 0.452 0.4855 0.4855 0.517 0.517 0.504 0.504 0.504 0.5455 0.5455 0.5295 0.5295 0.4945 0.4945 0.4945 0.5135 0.5135 0.499 0.499 0.524 0.524 0.524 0.5941 0.5941 0.591 0.591 0.6215 0.6215 0.6395 0.6395 0.6395 0.6101 0.6101 0.5751 0.5751 0.5045 0.5045 0.5045 0.5651 0.5651 0.5475 0.5475 0.5135 0.5135 0.5135 0.527 0.527 0.4555 0.4555 0.519 0.519 0.519 0.495 0.495 0.4915 0.4915
0.4545 0.5405 0.5405 0.513 0.513 0.513 0.455 0.455 0.4405 0.4405 0.486 0.486 0.4925 0.4925 0.4925 0.5065 0.5065 0.476 0.476 0.4775 0.4775 0.4775 0.477 0.477 0.521 0.521 0.5345 0.5345 0.5345 0.5445 0.5445 0.505 0.505 0.535 0.535 0.535 0.5445 0.5445 0.493 0.493 0.569 0.569 0.569 0.5295 0.5295 0.6396 0.6396 0.602 0.602 0.592 0.592 0.592 0.5655 0.5655 0.565 0.565 0.5335 0.5335 0.5335 0.5775 0.5775 0.573 0.573 0.4805 0.4805 0.4805 0.539 0.539 0.52 0.52 0.502 0.502 0.502 0.486 0.486 0.5585001 0.5585001
0.4545 0.5405 0.5405 0.513 0.513 0.513 0.455 0.455 0.4405 0.4405 0.486 0.486 0.4925 0.4925 0.4925 0.5065 0.5065 0.476 0.476 0.4775 0.4775 0.4775 0.477 0.477 0.521 0.521 0.5345 0.5345 0.5345 0.5445 0.5445 0.505 0.505 0.535 0.535 0.535 0.5445 0.5445 0.493 0.493 0.569 0.569 0.569 0.5295 0.5295 0.6396 0.6396 0.602 0.602 0.592 0.592 0.592 0.5655 0.5655 0.565 0.565 0.5335 0.5335 0.5335 0.5775 0.5775 0.573 0.573 0.4805 0.4805 0.4805 0.539 0.539 0.52 0.52 0.502 0.502 0.502 0.486 0.486 0.5585001 0.5585001
0.4545 0.5405 0.5405 0.513 0.513 0.513 0.455 0.455 0.4405 0.4405 0.486 0.486 0.4925 0.4925 0.4925 0.5065 0.5065 0.476 0.476 0.4775 0.4775 0.4775 0.477 0.477 0.521 0.521 0.5345 0.5345 0.5345 0.5445 0.5445 0.505 0.505 0.535 0.535 0.535 0.5445 0.5445 0.493 0.493 0.569 0.569 0.569 0.5295 0.5295 0.6396 0.6396 0.602 0.602 0.592 0.592 0.592 0.5655 0.5655 0.565 0.565 0.5335 0.5335 0.5335 0.5775 0.5775 0.573 0.573 0.4805 0.4805 0.4805 0.539 0.539 0.52 0.52 0.502 0.502 0.502 0.486 0.486 0.5585001 0.5585001
