ndvi/NOAA-349.asc
ncols         252
nrows         154
xllcorner     -18.017974
yllcorner     13.481982
cellsize      0.035948
NODATA_value  -9999
[rows 34 to 67 of 154, columns 154 to 230 of 252]
0.143 0.1395 0.1395 0.1645 0.1645 0.1645 0.1535 0.1535 0.1225 0.1225 0.115 0.115 0.118 0.118 0.118 0.1195 0.1195 0.1295 0.1295 0.1265 0.1265 0.1265 0.1165 0.1165 0.1395 0.1395 0.148 0.148 0.148 0.1445 0.1445 0.149 0.149 0.134 0.134 0.134 0.1305 0.1305 0.1325 0.1325 0.1305 0.1305 0.1305 0.128 0.128 0.128 0.128 0.1305 0.1305 0.1295 0.1295 0.1295 0.128 0.128 0.13 0.13 0.1295 0.1295 0.1295 0.1475 0.1475 0.1405 0.1405 0.142 0.142 0.142 0.1445 0.1445 0.141 0.141 0.1335 0.1335 0.1335 0.131 0.131 0.13 0.13
0.143 0.1395 0.1395 0.1645 0.1645 0.1645 0.1535 0.1535 0.1225 0.1225 0.115 0.115 0.118 0.118 0.118 0.1195 0.1195 0.1295 0.1295 0.1265 0.1265 0.1265 0.1165 0.1165 0.1395 0.1395 0.148 0.148 0.148 0.1445 0.1445 0.149 0.149 0.134 0.134 0.134 0.1305 0.1305 0.1325 0.1325 0.1305 0.1305 0.1305 0.128 0.128 0.128 0.128 0.1305 0.1305 0.1295 0.1295 0.1295 0.128 0.128 0.13 0.13 0.1295 0.1295 0.1295 0.1475 0.1475 0.1405 0.1405 0.142 0.142 0.142 0.1445 0.1445 0.141 0.141 0.1335 0.1335 0.1335 0.131 0.131 0.13 0.13
0.143 0.1395 0.1395 0.1645 0.1645 0.1645 0.1535 0.1535 0.1225 0.1225 0.115 0.115 0.118 0.118 0.118 0.1195 0.1195 0.1295 0.1295 0.1265 0.1265 0.1265 0.1165 0.1165 0.1395 0.1395 0.148 0.148 0.148 0.1445 0.1445 0.149 0.149 0.134 0.134 0.134 0.1305 0.1305 0.1325 0.1325 0.1305 0.1305 0.1305 0.128 0.128 0.128 0.128 0.1305 0.1305 0.1295 0.1295 0.1295 0.128 0.128 0.13 0.13 0.1295 0.1295 0.1295 0.1475 0.1475 0.1405 0.1405 0.142 0.142 0.142 0.1445 0.1445 0.141 0.141 0.1335 0.1335 0.1335 0.131 0.131 0.13 0.13
0.1435 0.1625 0.1625 0.177 0.177 0.177 0.1355 0.1355 0.1195 0.1195 0.1135 0.1135 0.13 0.13 0.13 0.1225 0.1225 0.127 0.127 0.122 0.122 0.122 0.1265 0.1265 0.1435 0.1435 0.15 0.15 0.15 0.1595 0.1595 0.143 0.143 0.142 0.142 0.142 0.134 0.134 0.1355 0.1355 0.1315 0.1315 0.1315 0.1265 0.1265 0.1295 0.1295 0.139 0.139 0.132 0.132 0.132 0.131 0.131 0.1305 0.1305 0.1355 0.1355 0.1355 0.136 0.136 0.145 0.145 0.136 0.136 0.136 0.1385 0.1385 0.1375 0.1375 0.136 0.136 0.136 0.14 0.14 0.14 0.14
0.1435 0.1625 0.1625 0.177 0.177 0.177 0.1355 0.1355 0.1195 0.1195 0.1135 0.1135 0.13 0.13 0.13 0.1225 0.1225 0.127 0.127 0.122 0.122 0.122 0.1265 0.1265 0.1435 0.1435 0.15 0.15 0.15 0.1595 0.1595 0.143 0.143 0.142 0.142 0.142 0.134 0.134 0.1355 0.1355 0.1315 0.1315 0.1315 0.1265 0.1265 0.1295 0.1295 0.139 0.139 0.132 0.132 0.132 0.131 0.131 0.1305 0.1305 0.1355 0.1355 0.1355 0.136 0.136 0.145 0.145 0.136 0.136 0.136 0.1385 0.1385 0.1375 0.1375 0.136 0.136 0.136 0.14 0.14 0.14 0.14
0.146 0.142 0.142 0.1235 0.1235 0.1235 0.1195 0.1195 0.116 0.116 0.1235 0.1235 0.119 0.119 0.119 0.114 0.114 0.1085 0.1085 0.0975 0.0975 0.0975 0.1115 0.1115 0.147 0.147 0.163 0.163 0.163 0.1665 0.1665 0.162 0.162 0.158 0.158 0.158 0.142 0.142 0.138 0.138 0.131 0.131 0.131 0.132 0.132 0.1405 0.1405 0.139 0.139 0.1295 0.1295 0.1295 0.129 0.129 0.1345 0.1345 0.144 0.144 0.144 0.1505 0.1505 0.1455 0.1455 0.142 0.142 0.142 0.1435 0.1435 0.1425 0.1425 0.1465 0.1465 0.1465 0.1465 0.1465 0.1405 0.1405
0.146 0.142 0.142 0.1235 0.1235 0.1235 0.1195 0.1195 0.116 0.116 0.1235 0.1235 0.119 0.119 0.119 0.114 0.114 0.1085 0.1085 0.0975 0.0975 0.0975 0.1115 0.1115 0.147 0.147 0.163 0.163 0.163 0.1665 0.1665 0.162 0.162 0.158 0.158 0.158 0.142 0.142 0.138 0.138 0.131 0.131 0.131 0.132 0.132 0.1405 0.1405 0.139 0.139 0.1295 0.1295 0.1295 0.129 0.129 0.1345 0.1345 0.144 0.144 0.144 0.1505 0.1505 0.1455 0.1455 0.142 0.142 0.142 0.1435 0.1435 0.1425 0.1425 0.1465 0.1465 0.1465 0.1465 0.1465 0.1405 0.1405
0.138 0.1375 0.1375 0.12 0.12 0.12 0.1125 0.1125 0.1185 0.1185 0.1175 0.1175 0.1185 0.1185 0.1185 0.1215 0.1215 0.1145 0.1145 0.122 0.122 0.122 0.126 0.126 0.1655 0.1655 0.183 0.183 0.183 0.1725 0.1725 0.1685 0.1685 0.1525 0.1525 0.1525 0.1515 0.1515 0.142 0.142 0.1395 0.1395 0.1395 0.1375 0.1375 0.1455 0.1455 0.1425 0.1425 0.1335 0.1335 0.1335 0.144 0.144 0.1475 0.1475 0.155 0.155 0.155 0.149 0.149 0.155 0.155 0.168 0.168 0.168 0.153 0.153 0.15 0.15 0.1415 0.1415 0.1415 0.145 0.145 0.156 0.156
0.138 0.1375 0.1375 0.12 0.12 0.12 0.1125 0.1125 0.1185 0.1185 0.1175 0.1175 0.1185 0.1185 0.1185 0.1215 0.1215 0.1145 0.1145 0.122 0.122 0.122 0.126 0.126 0.1655 0.1655 0.183 0.183 0.183 0.1725 0.1725 0.1685 0.1685 0.1525 0.1525 0.1525 0.1515 0.1515 0.142 0.142 0.1395 0.1395 0.1395 0.1375 0.1375 0.1455 0.1455 0.1425 0.1425 0.1335 0.1335 0.1335 0.144 0.144 0.1475 0.1475 0.155 0.155 0.155 0.149 0.149 0.155 0.155 0.168 0.168 0.168 0.153 0.153 0.15 0.15 0.1415 0.1415 0.1415 0.145 0.145 0.156 0.156
0.138 0.1375 0.1375 0.12 0.12 0.12 0.1125 0.1125 0.1185 0.1185 0.1175 0.1175 0.1185 0.1185 0.1185 0.1215 0.1215 0.1145 0.1145 0.122 0.122 0.122 0.126 0.126 0.1655 0.1655 0.183 0.183 0.183 0.1725 0.1725 0.1685 0.1685 0.1525 0.1525 0.1525 0.1515 0.1515 0.142 0.142 0.1395 0.1395 0.1395 0.1375 0.1375 0.1455 0.1455 0.1425 0.1425 0.1335 0.1335 0.1335 0.144 0.144 0.1475 0.1475 0.155 0.155 0.155 0.149 0.149 0.155 0.155 0.168 0.168 0.168 0.153 0.153 0.15 0.15 0.1415 0.1415 0.1415 0.145 0.145 0.156 0.156
0.139 0.1915 0.1915 0.147 0.147 0.147 0.1345 0.1345 0.1595 0.1595 0.132 0.132 0.145 0.145 0.145 0.126 0.126 0.159 0.159 0.153 0.153 0.153 0.1675 0.1675 0.145 0.145 0.1495 0.1495 0.1495 0.149 0.149 0.1585 0.1585 0.169 0.169 0.169 0.151 0.151 0.149 0.149 0.15 0.15 0.15 0.151 0.151 0.152 0.152 0.16 0.16 0.16 0.16 0.16 0.145 0.145 0.1445 0.1445 0.156 0.156 0.156 0.154 0.154 0.161 0.161 0.158 0.158 0.158 0.1505 0.1505 0.137 0.137 0.1445 0.1445 0.1445 0.1415 0.1415 0.138 0.138
0.139 0.1915 0.1915 0.147 0.147 0.147 0.1345 0.1345 0.1595 0.1595 0.132 0.132 0.145 0.145 0.145 0.126 0.126 0.159 0.159 0.153 0.153 0.153 0.1675 0.1675 0.145 0.145 0.1495 0.1495 0.1495 0.149 0.149 0.1585 0.1585 0.169 0.169 0.169 0.151 0.151 0.149 0.149 0.15 0.15 0.15 0.151 0.151 0.152 0.152 0.16 0.16 0.16 0.16 0.16 0.145 0.145 0.1445 0.1445 0.156 0.156 0.156 0.154 0.154 0.161 0.161 0.158 0.158 0.158 0.1505 0.1505 0.137 0.137 0.1445 0.1445 0.1445 0.1415 0.1415 0.138 0.138
0.146 0.192 0.192 0.1935 0.1935 0.1935 0.1825 0.1825 0.1895 0.1895 0.179 0.179 0.177 0.177 0.177 0.1695 0.1695 0.1755 0.1755 0.17 0.17 0.17 0.162 0.162 0.1535 0.1535 0.1525 0.1525 0.1525 0.1525 0.1525 0.1565 0.1565 0.1605 0.1605 0.1605 0.162 0.162 0.154 0.154 0.1535 0.1535 0.1535 0.147 0.147 0.1595 0.1595 0.155 0.155 0.17 0.17 0.17 0.139 0.139 0.146 0.146 0.1685 0.1685 0.1685 0.158 0.158 0.158 0.158 0.1545 0.1545 0.1545 0.1455 0.1455 0.14 0.14 0.1495 0.1495 0.1495 0.1525 0.1525 0.1465 0.1465
0.146 0.192 0.192 0.1935 0.1935 0.1935 0.1825 0.1825 0.1895 0.1895 0.179 0.179 0.177 0.177 0.177 0.1695 0.1695 0.1755 0.1755 0.17 0.17 0.17 0.162 0.162 0.1535 0.1535 0.1525 0.1525 0.1525 0.1525 0.1525 0.1565 0.1565 0.1605 0.1605 0.1605 0.162 0.162 0.154 0.154 0.1535 0.1535 0.1535 0.147 0.147 0.1595 0.1595 0.155 0.155 0.17 0.17 0.17 0.139 0.139 0.146 0.146 0.1685 0.1685 0.1685 0.158 0.158 0.158 0.158 0.1545 0.1545 0.1545 0.1455 0.1455 0.14 0.14 0.1495 0.1495 0.1495 0.1525 0.1525 0.1465 0.1465
0.1295 0.155 0.155 0.203 0.203 0.203 0.2195 0.2195 0.1955 0.1955 0.1785 0.1785 0.181 0.181 0.181 0.175 0.175 0.153 0.153 0.156 0.156 0.156 0.156 0.156 0.18 0.18 0.171 0.171 0.171 0.1665 0.1665 0.1715 0.1715 0.1715 0.1715 0.1715 0.167 0.167 0.163 0.163 0.1645 0.1645 0.1645 0.1645 0.1645 0.155 0.155 0.1755 0.1755 0.16 0.16 0.16 0.145 0.145 0.176 0.176 0.177 0.177 0.177 0.1685 0.1685 0.165 0.165 0.1525 0.1525 0.1525 0.147 0.147 0.1435 0.1435 0.1495 0.1495 0.1495 0.153 0.153 0.1405 0.1405
0.1295 0.155 0.155 0.203 0.203 0.203 0.2195 0.2195 0.1955 0.1955 0.1785 0.1785 0.181 0.181 0.181 0.175 0.175 0.153 0.153 0.156 0.156 0.156 0.156 0.156 0.18 0.18 0.171 0.171 0.171 0.1665 0.1665 0.1715 0.1715 0.1715 0.1715 0.1715 0.167 0.167 0.163 0.163 0.1645 0.1645 0.1645 0.1645 0.1645 0.155 0.155 0.1755 0.1755 0.16 0.16 0.16 0.145 0.145 0.176 0.176 0.177 0.177 0.177 0.1685 0.1685 0.165 0.165 0.1525 0.1525 0.1525 0.147 0.147 0.1435 0.1435 0.1495 0.1495 0.1495 0.153 0.153 0.1405 0.1405
0.1295 0.155 0.155 0.203 0.203 0.203 0.2195 0.2195 0.1955 0.1955 0.1785 0.1785 0.181 0.181 0.181 0.175 0.175 0.153 0.153 0.156 0.156 0.156 0.156 0.156 0.18 0.18 0.171 0.171 0.171 0.1665 0.1665 0.1715 0.1715 0.1715 0.1715 0.1715 0.167 0.167 0.163 0.163 0.1645 0.1645 0.1645 0.1645 0.1645 0.155 0.155 0.1755 0.1755 0.16 0.16 0.16 0.145 0.145 0.176 0.176 0.177 0.177 0.177 0.1685 0.1685 0.165 0.165 0.1525 0.1525 0.1525 0.147 0.147 0.1435 0.1435 0.1495 0.1495 0.1495 0.153 0.153 0.1405 0.1405
0.1425 0.1465 0.1465 0.189 0.189 0.189 0.2085 0.2085 0.2 0.2 0.1915 0.1915 0.183 0.183 0.183 0.16 0.16 0.1575 0.1575 0.1595 0.1595 0.1595 0.169 0.169 0.177 0.177 0.179 0.179 0.179 0.1765 0.1765 0.1795 0.1795 0.172 0.172 0.172 0.188 0.188 0.2075 0.2075 0.171 0.171 0.171 0.154 0.154 0.1635 0.1635 0.153 0.153 0.1615 0.1615 0.1615 0.1505 0.1505 0.158 0.158 0.1675 0.1675 0.1675 0.169 0.169 0.1605 0.1605 0.156 0.156 0.156 0.1475 0.1475 0.1445 0.1445 0.147 0.147 0.147 0.144 0.144 0.143 0.143
0.1425 0.1465 0.1465 0.189 0.189 0.189 0.2085 0.2085 0.2 0.2 0.1915 0.1915 0.183 0.183 0.183 0.16 0.16 0.1575 0.1575 0.1595 0.1595 0.1595 0.169 0.169 0.177 0.177 0.179 0.179 0.179 0.1765 0.1765 0.1795 0.1795 0.172 0.172 0.172 0.188 0.188 0.2075 0.2075 0.171 0.171 0.171 0.154 0.154 0.1635 0.1635 0.153 0.153 0.1615 0.1615 0.1615 0.1505 0.1505 0.158 0.158 0.1675 0.1675 0.1675 0.169 0.169 0.1605 0.1605 0.156 0.156 0.156 0.1475 0.1475 0.1445 0.1445 0.147 0.147 0.147 0.144 0.144 0.143 0.143
0.121 0.1345 0.1345 0.189 0.189 0.189 0.2375 0.2375 0.2225 0.2225 0.1935 0.1935 0.206 0.206 0.206 0.1775 0.1775 0.1765 0.1765 0.167 0.167 0.167 0.172 0.172 0.1995 0.1995 0.199 0.199 0.199 0.182 0.182 0.191 0.191 0.196 0.196 0.196 0.1995 0.1995 0.1925 0.1925 0.184 0.184 0.184 0.195 0.195 0.1585 0.1585 0.165 0.165 0.163 0.163 0.163 0.152 0.152 0.151 0.151 0.178 0.178 0.178 0.1715 0.1715 0.16 0.16 0.147 0.147 0.147 0.1475 0.1475 0.149 0.149 0.152 0.152 0.152 0.1465 0.1465 0.155 0.155
0.121 0.1345 0.1345 0.189 0.189 0.189 0.2375 0.2375 0.2225 0.2225 0.1935 0.1935 0.206 0.206 0.206 0.1775 0.1775 0.1765 0.1765 0.167 0.167 0.167 0.172 0.172 0.1995 0.1995 0.199 0.199 0.199 0.182 0.182 0.191 0.191 0.196 0.196 0.196 0.1995 0.1995 0.1925 0.1925 0.184 0.184 0.184 0.195 0.195 0.1585 0.1585 0.165 0.165 0.163 0.163 0.163 0.152 0.152 0.151 0.151 0.178 0.178 0.178 0.1715 0.1715 0.16 0.16 0.147 0.147 0.147 0.1475 0.1475 0.149 0.149 0.152 0.152 0.152 0.1465 0.1465 0.155 0.155
0.114 0.1325 0.1325 0.1815 0.1815 0.1815 0.206 0.206 0.2045 0.2045 0.2005 0.2005 0.1875 0.1875 0.1875 0.1855 0.1855 0.1935 0.1935 0.1985 0.1985 0.1985 0.2115 0.2115 0.2115 0.2115 0.2035 0.2035 0.2035 0.2105 0.2105 0.2115 0.2115 0.195 0.195 0.195 0.203 0.203 0.197 0.197 0.161 0.161 0.161 0.162 0.162 0.163 0.163 0.161 0.161 0.16 0.16 0.16 0.1555 0.1555 0.1505 0.1505 0.164 0.164 0.164 0.1785 0.1785 0.1605 0.1605 0.16 0.16 0.16 0.1445 0.1445 0.1465 0.1465 0.15 0.15 0.15 0.156 0.156 0.144 0.144
0.114 0.1325 0.1325 0.1815 0.1815 0.1815 0.206 0.206 0.2045 0.2045 0.2005 0.2005 0.1875 0.1875 0.1875 0.1855 0.1855 0.1935 0.1935 0.1985 0.1985 0.1985 0.2115 0.2115 0.2115 0.2115 0.2035 0.2035 0.2035 0.2105 0.2105 0.2115 0.2115 0.195 0.195 0.195 0.203 0.203 0.197 0.197 0.161 0.161 0.161 0.162 0.162 0.163 0.163 0.161 0.161 0.16 0.16 0.16 0.1555 0.1555 0.1505 0.1505 0.164 0.164 0.164 0.1785 0.1785 0.1605 0.1605 0.16 0.16 0.16 0.1445 0.1445 0.1465 0.1465 0.15 0.15 0.15 0.156 0.156 0.144 0.144
0.1125 0.1245 0.1245 0.1755 0.1755 0.1755 0.2135 0.2135 0.187 0.187 0.1765 0.1765 0.189 0.189 0.189 0.183 0.183 0.1995 0.1995 0.207 0.207 0.207 0.201 0.201 0.2115 0.2115 0.2105 0.2105 0.2105 0.207 0.207 0.22 0.22 0.211 0.211 0.211 0.199 0.199 0.193 0.193 0.1735 0.1735 0.1735 0.165 0.165 0.1705 0.1705 0.167 0.167 0.127 0.127 0.127 0.1455 0.1455 0.1465 0.1465 0.158 0.158 0.158 0.136 0.136 0.1565 0.1565 0.155 0.155 0.155 0.168 0.168 0.1515 0.1515 0.1465 0.1465 0.1465 0.15 0.15 0.154 0.154
0.1125 0.1245 0.1245 0.1755 0.1755 0.1755 0.2135 0.2135 0.187 0.187 0.1765 0.1765 0.189 0.189 0.189 0.183 0.183 0.1995 0.1995 0.207 0.207 0.207 0.201 0.201 0.2115 0.2115 0.2105 0.2105 0.2105 0.207 0.207 0.22 0.22 0.211 0.211 0.211 0.199 0.199 0.193 0.193 0.1735 0.1735 0.1735 0.165 0.165 0.1705 0.1705 0.167 0.167 0.127 0.127 0.127 0.1455 0.1455 0.1465 0.1465 0.158 0.158 0.158 0.136 0.136 0.1565 0.1565 0.155 0.155 0.155 0.168 0.168 0.1515 0.1515 0.1465 0.1465 0.1465 0.15 0.15 0.154 0.154
0.1125 0.1245 0.1245 0.1755 0.1755 0.1755 0.2135 0.2135 0.187 0.187 0.1765 0.1765 0.189 0.189 0.189 0.183 0.183 0.1995 0.1995 0.207 0.207 0.207 0.201 0.201 0.2115 0.2115 0.2105 0.2105 0.2105 0.207 0.207 0.22 0.22 0.211 0.211 0.211 0.199 0.199 0.193 0.193 0.1735 0.1735 0.1735 0.165 0.165 0.1705 0.1705 0.167 0.167 0.127 0.127 0.127 0.1455 0.1455 0.1465 0.1465 0.158 0.158 0.158 0.136 0.136 0.1565 0.1565 0.155 0.155 0.155 0.168 0.168 0.1515 0.1515 0.1465 0.1465 0.1465 0.15 0.15 0.154 0.154
0.1135 0.1465 0.1465 0.1655 0.1655 0.1655 0.1735 0.1735 0.173 0.173 0.183 0.183 0.1775 0.1775 0.1775 0.174 0.174 0.1995 0.1995 0.2045 0.2045 0.2045 0.2165 0.2165 0.2115 0.2115 0.2 0.2 0.2 0.2145 0.2145 0.2005 0.2005 0.2045 0.2045 0.2045 0.199 0.199 0.1945 0.1945 0.1855 0.1855 0.1855 0.1685 0.1685 0.177 0.177 0.153 0.153 0.1785 0.1785 0.1785 0.1375 0.1375 0.135 0.135 0.125 0.125 0.125 0.1305 0.1305 0.148 0.148 0.185 0.185 0.185 0.1635 0.1635 0.1335 0.1335 0.143 0.143 0.143 0.168 0.168 0.148 0.148
0.1135 0.1465 0.1465 0.1655 0.1655 0.1655 0.1735 0.1735 0.173 0.173 0.183 0.183 0.1775 0.1775 0.1775 0.174 0.174 0.1995 0.1995 0.2045 0.2045 0.2045 0.2165 0.2165 0.2115 0.2115 0.2 0.2 0.2 0.2145 0.2145 0.2005 0.2005 0.2045 0.2045 0.2045 0.199 0.199 0.1945 0.1945 0.1855 0.1855 0.1855 0.1685 0.1685 0.177 0.177 0.153 0.153 0.1785 0.1785 0.1785 0.1375 0.1375 0.135 0.135 0.125 0.125 0.125 0.1305 0.1305 0.148 0.148 0.185 0.185 0.185 0.1635 0.1635 0.1335 0.1335 0.143 0.143 0.143 0.168 0.168 0.148 0.148
0.1415 0.1445 0.1445 0.1415 0.1415 0.1415 0.1595 0.1595 0.144 0.144 0.1645 0.1645 0.1765 0.1765 0.1765 0.201 0.201 0.2135 0.2135 0.214 0.214 0.214 0.213 0.213 0.223 0.223 0.2085 0.2085 0.2085 0.2045 0.2045 0.1905 0.1905 0.1915 0.1915 0.1915 0.217 0.217 0.2265 0.2265 0.207 0.207 0.207 0.175 0.175 0.148 0.148 0.1795 0.1795 0.1335 0.1335 0.1335 0.1645 0.1645 0.148 0.148 0.1295 0.1295 0.1295 0.1695 0.1695 0.1505 0.1505 0.185 0.185 0.185 0.172 0.172 0.1325 0.1325 0.1305 0.1305 0.1305 0.13 0.13 0.15 0.15
0.1415 0.1445 0.1445 0.1415 0.1415 0.1415 0.1595 0.1595 0.144 0.144 0.1645 0.1645 0.1765 0.1765 0.1765 0.201 0.201 0.2135 0.2135 0.214 0.214 0.214 0.213 0.213 0.223 0.223 0.2085 0.2085 0.2085 0.2045 0.2045 0.1905 0.1905 0.1915 0.1915 0.1915 0.217 0.217 0.2265 0.2265 0.207 0.207 0.207 0.175 0.175 0.148 0.148 0.1795 0.1795 0.1335 0.1335 0.1335 0.1645 0.1645 0.148 0.148 0.1295 0.1295 0.1295 0.1695 0.1695 0.1505 0.1505 0.185 0.185 0.185 0.172 0.172 0.1325 0.1325 0.1305 0.1305 0.1305 0.13 0.13 0.15 0.15
0.175 0.1935 0.1935 0.1455 0.1455 0.1455 0.14 0.14 0.153 0.153 0.182 0.182 0.19 0.19 0.19 0.211 0.211 0.2065 0.2065 0.2085 0.2085 0.2085 0.2135 0.2135 0.2235 0.2235 0.2245 0.2245 0.2245 0.1975 0.1975 0.22 0.22 0.2135 0.2135 0.2135 0.2045 0.2045 0.2005 0.2005 0.217 0.217 0.217 0.191 0.191 0.1665 0.1665 0.1755 0.1755 0.1815 0.1815 0.1815 0.213 0.213 0.241 0.241 0.2015 0.2015 0.2015 0.1605 0.1605 0.156 0.156 0.1935 0.1935 0.1935 0.171 0.171 0.1675 0.1675 0.154 0.154 0.154 0.1615 0.1615 0.158 0.158
0.175 0.1935 0.1935 0.1455 0.1455 0.1455 0.14 0.14 0.153 0.153 0.182 0.182 0.19 0.19 0.19 0.211 0.211 0.2065 0.2065 0.2085 0.2085 0.2085 0.2135 0.2135 0.2235 0.2235 0.2245 0.2245 0.2245 0.1975 0.1975 0.22 0.22 0.2135 0.2135 0.2135 0.2045 0.2045 0.2005 0.2005 0.217 0.217 0.217 0.191 0.191 0.1665 0.1665 0.1755 0.1755 0.1815 0.1815 0.1815 0.213 0.213 0.241 0.241 0.2015 0.2015 0.2015 0.1605 0.1605 0.156 0.156 0.1935 0.1935 0.1935 0.171 0.171 0.1675 0.1675 0.154 0.154 0.154 0.1615 0.1615 0.158 0.158
0.175 0.1935 0.1935 0.1455 0.1455 0.1455 0.14 0.14 0.153 0.153 0.182 0.182 0.19 0.19 0.19 0.211 0.211 0.2065 0.2065 0.2085 0.2085 0.2085 0.2135 0.2135 0.2235 0.2235 0.2245 0.2245 0.2245 0.1975 0.1975 0.22 0.22 0.2135 0.2135 0.2135 0.2045 0.2045 0.2005 0.2005 0.217 0.217 0.217 0.191 0.191 0.1665 0.1665 0.1755 0.1755 0.1815 0.1815 0.1815 0.213 0.213 0.241 0.241 0.2015 0.2015 0.2015 0.1605 0.1605 0.156 0.156 0.1935 0.1935 0.1935 0.171 0.171 0.1675 0.1675 0.154 0.154 0.154 0.1615 0.1615 0.158 0.158
0.171 0.145 0.145 0.162 0.162 0.162 0.1365 0.1365 0.1875 0.1875 0.187 0.187 0.205 0.205 0.205 0.221 0.221 0.2065 0.2065 0.221 0.221 0.221 0.2155 0.2155 0.2655 0.2655 0.232 0.232 0.232 0.239 0.239 0.237 0.237 0.2295 0.2295 0.2295 0.197 0.197 0.2045 0.2045 0.21 0.21 0.21 0.189 0.189 0.2195 0.2195 0.169 0.169 0.178 0.178 0.178 0.1865 0.1865 0.213 0.213 0.2405 0.2405 0.2405 0.255 0.255 0.195 0.195 0.1955 0.1955 0.1955 0.1705 0.1705 0.1825 0.1825 0.1865 0.1865 0.1865 0.1865 0.1865 0.183 0.183
