ndvi/NOAA-315.asc
ncols         252
nrows         154
xllcorner     -18.017974
yllcorner     13.481982
cellsize      0.035948
NODATA_value  -9999
[rows 35 to 69 of 154, columns 77 to 153 of 252]
0.1355 0.1355 0.1325 0.1325 0.1355 0.1355 0.128 0.128 0.128 0.1315 0.1315 0.1355 0.1355 0.128 0.128 0.1355 0.1355 0.1355 0.133 0.133 0.136 0.136 0.142 0.142 0.142 0.1415 0.1415 0.143 0.143 0.1435 0.1435 0.1435 0.146 0.146 0.137 0.137 0.1465 0.1465 0.1465 0.1445 0.1445 0.1435 0.1435 0.1515 0.1515 0.1515 0.154 0.154 0.1475 0.1475 0.143 0.143 0.152 0.152 0.152 0.1455 0.1455 0.143 0.143 0.162 0.162 0.162 0.1535 0.1535 0.1635 0.1635 0.1535 0.1535 0.1535 0.155 0.155 0.1395 0.1395 0.1095 0.1095 0.1095 0.127
0.1355 0.1355 0.1325 0.1325 0.1355 0.1355 0.128 0.128 0.128 0.1315 0.1315 0.1355 0.1355 0.128 0.128 0.1355 0.1355 0.1355 0.133 0.133 0.136 0.136 0.142 0.142 0.142 0.1415 0.1415 0.143 0.143 0.1435 0.1435 0.1435 0.146 0.146 0.137 0.137 0.1465 0.1465 0.1465 0.1445 0.1445 0.1435 0.1435 0.1515 0.1515 0.1515 0.154 0.154 0.1475 0.1475 0.143 0.143 0.152 0.152 0.152 0.1455 0.1455 0.143 0.143 0.162 0.162 0.162 0.1535 0.1535 0.1635 0.1635 0.1535 0.1535 0.1535 0.155 0.155 0.1395 0.1395 0.1095 0.1095 0.1095 0.127
0.141 0.141 0.143 0.143 0.142 0.142 0.1365 0.1365 0.1365 0.1375 0.1375 0.137 0.137 0.1535 0.1535 0.1455 0.1455 0.1455 0.139 0.139 0.148 0.148 0.141 0.141 0.141 0.1495 0.1495 0.1535 0.1535 0.15 0.15 0.15 0.1515 0.1515 0.147 0.147 0.141 0.141 0.141 0.151 0.151 0.1515 0.1515 0.1515 0.1515 0.1515 0.1585 0.1585 0.154 0.154 0.159 0.159 0.159 0.159 0.159 0.1645 0.1645 0.1895 0.1895 0.189 0.189 0.189 0.172 0.172 0.174 0.174 0.1625 0.1625 0.1625 0.1535 0.1535 0.119 0.119 0.1235 0.1235 0.1235 0.109
0.141 0.141 0.143 0.143 0.142 0.142 0.1365 0.1365 0.1365 0.1375 0.1375 0.137 0.137 0.1535 0.1535 0.1455 0.1455 0.1455 0.139 0.139 0.148 0.148 0.141 0.141 0.141 0.1495 0.1495 0.1535 0.1535 0.15 0.15 0.15 0.1515 0.1515 0.147 0.147 0.141 0.141 0.141 0.151 0.151 0.1515 0.1515 0.1515 0.1515 0.1515 0.1585 0.1585 0.154 0.154 0.159 0.159 0.159 0.159 0.159 0.1645 0.1645 0.1895 0.1895 0.189 0.189 0.189 0.172 0.172 0.174 0.174 0.1625 0.1625 0.1625 0.1535 0.1535 0.119 0.119 0.1235 0.1235 0.1235 0.109
0.1385 0.1385 0.139 0.139 0.136 0.136 0.1445 0.1445 0.1445 0.147 0.147 0.1425 0.1425 0.1485 0.1485 0.157 0.157 0.157 0.134 0.134 0.1345 0.1345 0.1525 0.1525 0.1525 0.1535 0.1535 0.1485 0.1485 0.1575 0.1575 0.1575 0.161 0.161 0.155 0.155 0.152 0.152 0.152 0.149 0.149 0.1495 0.1495 0.1615 0.1615 0.1615 0.171 0.171 0.17 0.17 0.17 0.17 0.1975 0.1975 0.1975 0.1825 0.1825 0.17 0.17 0.1835 0.1835 0.1835 0.1685 0.1685 0.1625 0.1625 0.143 0.143 0.143 0.14 0.14 0.1105 0.1105 0.1195 0.1195 0.1195 0.123
0.1385 0.1385 0.139 0.139 0.136 0.136 0.1445 0.1445 0.1445 0.147 0.147 0.1425 0.1425 0.1485 0.1485 0.157 0.157 0.157 0.134 0.134 0.1345 0.1345 0.1525 0.1525 0.1525 0.1535 0.1535 0.1485 0.1485 0.1575 0.1575 0.1575 0.161 0.161 0.155 0.155 0.152 0.152 0.152 0.149 0.149 0.1495 0.1495 0.1615 0.1615 0.1615 0.171 0.171 0.17 0.17 0.17 0.17 0.1975 0.1975 0.1975 0.1825 0.1825 0.17 0.17 0.1835 0.1835 0.1835 0.1685 0.1685 0.1625 0.1625 0.143 0.143 0.143 0.14 0.14 0.1105 0.1105 0.1195 0.1195 0.1195 0.123
0.1425 0.1425 0.1305 0.1305 0.1355 0.1355 0.1455 0.1455 0.1455 0.1475 0.1475 0.1485 0.1485 0.1475 0.1475 0.145 0.145 0.145 0.142 0.142 0.1405 0.1405 0.1515 0.1515 0.1515 0.1515 0.1515 0.1595 0.1595 0.1615 0.1615 0.1615 0.1515 0.1515 0.158 0.158 0.161 0.161 0.161 0.154 0.154 0.163 0.163 0.171 0.171 0.171 0.1725 0.1725 0.176 0.176 0.169 0.169 0.1955 0.1955 0.1955 0.172 0.172 0.17 0.17 0.1625 0.1625 0.1625 0.149 0.149 0.132 0.132 0.116 0.116 0.116 0.1315 0.1315 0.124 0.124 0.127 0.127 0.127 0.1165
0.1425 0.1425 0.1305 0.1305 0.1355 0.1355 0.1455 0.1455 0.1455 0.1475 0.1475 0.1485 0.1485 0.1475 0.1475 0.145 0.145 0.145 0.142 0.142 0.1405 0.1405 0.1515 0.1515 0.1515 0.1515 0.1515 0.1595 0.1595 0.1615 0.1615 0.1615 0.1515 0.1515 0.158 0.158 0.161 0.161 0.161 0.154 0.154 0.163 0.163 0.171 0.171 0.171 0.1725 0.1725 0.176 0.176 0.169 0.169 0.1955 0.1955 0.1955 0.172 0.172 0.17 0.17 0.1625 0.1625 0.1625 0.149 0.149 0.132 0.132 0.116 0.116 0.116 0.1315 0.1315 0.124 0.124 0.127 0.127 0.127 0.1165
0.1425 0.1425 0.1305 0.1305 0.1355 0.1355 0.1455 0.1455 0.1455 0.1475 0.1475 0.1485 0.1485 0.1475 0.1475 0.145 0.145 0.145 0.142 0.142 0.1405 0.1405 0.1515 0.1515 0.1515 0.1515 0.1515 0.1595 0.1595 0.1615 0.1615 0.1615 0.1515 0.1515 0.158 0.158 0.161 0.161 0.161 0.154 0.154 0.163 0.163 0.171 0.171 0.171 0.1725 0.1725 0.176 0.176 0.169 0.169 0.1955 0.1955 0.1955 0.172 0.172 0.17 0.17 0.1625 0.1625 0.1625 0.149 0.149 0.132 0.132 0.116 0.116 0.116 0.1315 0.1315 0.124 0.124 0.127 0.127 0.127 0.1165
0.1505 0.1505 0.143 0.143 0.1435 0.1435 0.145 0.145 0.145 0.145 0.145 0.1485 0.1485 0.1505 0.1505 0.153 0.153 0.153 0.1475 0.1475 0.145 0.145 0.148 0.148 0.148 0.1525 0.1525 0.1605 0.1605 0.1595 0.1595 0.1595 0.1645 0.1645 0.1745 0.1745 0.1835 0.1835 0.1835 0.1735 0.1735 0.173 0.173 0.1735 0.1735 0.1735 0.1615 0.1615 0.1755 0.1755 0.1585 0.1585 0.1875 0.1875 0.1875 0.1635 0.1635 0.153 0.153 0.139 0.139 0.139 0.137 0.137 0.124 0.124 0.1335 0.1335 0.1335 0.125 0.125 0.114 0.114 0.116 0.116 0.116 0.1145
0.1505 0.1505 0.143 0.143 0.1435 0.1435 0.145 0.145 0.145 0.145 0.145 0.1485 0.1485 0.1505 0.1505 0.153 0.153 0.153 0.1475 0.1475 0.145 0.145 0.148 0.148 0.148 0.1525 0.1525 0.1605 0.1605 0.1595 0.1595 0.1595 0.1645 0.1645 0.1745 0.1745 0.1835 0.1835 0.1835 0.1735 0.1735 0.173 0.173 0.1735 0.1735 0.1735 0.1615 0.1615 0.1755 0.1755 0.1585 0.1585 0.1875 0.1875 0.1875 0.1635 0.1635 0.153 0.153 0.139 0.139 0.139 0.137 0.137 0.124 0.124 0.1335 0.1335 0.1335 0.125 0.125 0.114 0.114 0.116 0.116 0.116 0.1145
0.145 0.145 0.15 0.15 0.149 0.149 0.146 0.146 0.146 0.1445 0.1445 0.1405 0.1405 0.1405 0.1405 0.14 0.14 0.14 0.1505 0.1505 0.1495 0.1495 0.1645 0.1645 0.1645 0.1565 0.1565 0.1585 0.1585 0.165 0.165 0.165 0.1865 0.1865 0.193 0.193 0.18 0.18 0.18 0.132 0.132 0.134 0.134 0.137 0.137 0.137 0.138 0.138 0.1795 0.1795 0.167 0.167 0.1535 0.1535 0.1535 0.1595 0.1595 0.173 0.173 0.158 0.158 0.158 0.1395 0.1395 0.141 0.141 0.131 0.131 0.131 0.1335 0.1335 0.1145 0.1145 0.11 0.11 0.11 0.112
0.145 0.145 0.15 0.15 0.149 0.149 0.146 0.146 0.146 0.1445 0.1445 0.1405 0.1405 0.1405 0.1405 0.14 0.14 0.14 0.1505 0.1505 0.1495 0.1495 0.1645 0.1645 0.1645 0.1565 0.1565 0.1585 0.1585 0.165 0.165 0.165 0.1865 0.1865 0.193 0.193 0.18 0.18 0.18 0.132 0.132 0.134 0.134 0.137 0.137 0.137 0.138 0.138 0.1795 0.1795 0.167 0.167 0.1535 0.1535 0.1535 0.1595 0.1595 0.173 0.173 0.158 0.158 0.158 0.1395 0.1395 0.141 0.141 0.131 0.131 0.131 0.1335 0.1335 0.1145 0.1145 0.11 0.11 0.11 0.112
0.1625 0.1625 0.1515 0.1515 0.151 0.151 0.142 0.142 0.142 0.1435 0.1435 0.132 0.132 0.1485 0.1485 0.1635 0.1635 0.1635 0.17 0.17 0.17 0.17 0.174 0.174 0.174 0.1645 0.1645 0.1655 0.1655 0.181 0.181 0.181 0.2165 0.2165 0.19 0.19 0.1475 0.1475 0.1475 0.1275 0.1275 0.1285 0.1285 0.1355 0.1355 0.1355 0.159 0.159 0.1695 0.1695 0.1645 0.1645 0.1585 0.1585 0.1585 0.1525 0.1525 0.152 0.152 0.1555 0.1555 0.1555 0.1505 0.1505 0.144 0.144 0.15 0.15 0.15 0.1505 0.1505 0.139 0.139 0.107 0.107 0.107 0.105
0.1625 0.1625 0.1515 0.1515 0.151 0.151 0.142 0.142 0.142 0.1435 0.1435 0.132 0.132 0.1485 0.1485 0.1635 0.1635 0.1635 0.17 0.17 0.17 0.17 0.174 0.174 0.174 0.1645 0.1645 0.1655 0.1655 0.181 0.181 0.181 0.2165 0.2165 0.19 0.19 0.1475 0.1475 0.1475 0.1275 0.1275 0.1285 0.1285 0.1355 0.1355 0.1355 0.159 0.159 0.1695 0.1695 0.1645 0.1645 0.1585 0.1585 0.1585 0.1525 0.1525 0.152 0.152 0.1555 0.1555 0.1555 0.1505 0.1505 0.144 0.144 0.15 0.15 0.15 0.1505 0.1505 0.139 0.139 0.107 0.107 0.107 0.105
0.1625 0.1625 0.1515 0.1515 0.151 0.151 0.142 0.142 0.142 0.1435 0.1435 0.132 0.132 0.1485 0.1485 0.1635 0.1635 0.1635 0.17 0.17 0.17 0.17 0.174 0.174 0.174 0.1645 0.1645 0.1655 0.1655 0.181 0.181 0.181 0.2165 0.2165 0.19 0.19 0.1475 0.1475 0.1475 0.1275 0.1275 0.1285 0.1285 0.1355 0.1355 0.1355 0.159 0.159 0.1695 0.1695 0.1645 0.1645 0.1585 0.1585 0.1585 0.1525 0.1525 0.152 0.152 0.1555 0.1555 0.1555 0.1505 0.1505 0.144 0.144 0.15 0.15 0.15 0.1505 0.1505 0.139 0.139 0.107 0.107 0.107 0.105
0.164 0.164 0.1565 0.1565 0.1685 0.1685 0.167 0.167 0.167 0.1695 0.1695 0.1695 0.1695 0.173 0.173 0.1735 0.1735 0.1735 0.1845 0.1845 0.1835 0.1835 0.1925 0.1925 0.1925 0.1735 0.1735 0.1705 0.1705 0.163 0.163 0.163 0.188 0.188 0.1705 0.1705 0.1385 0.1385 0.1385 0.098 0.098 0.123 0.123 0.1215 0.1215 0.1215 0.151 0.151 0.135 0.135 0.156 0.156 0.163 0.163 0.163 0.163 0.163 0.156 0.156 0.1535 0.1535 0.1535 0.15 0.15 0.162 0.162 0.171 0.171 0.171 0.167 0.167 0.1825 0.1825 0.1465 0.1465 0.1465 0.1105
0.164 0.164 0.1565 0.1565 0.1685 0.1685 0.167 0.167 0.167 0.1695 0.1695 0.1695 0.1695 0.173 0.173 0.1735 0.1735 0.1735 0.1845 0.1845 0.1835 0.1835 0.1925 0.1925 0.1925 0.1735 0.1735 0.1705 0.1705 0.163 0.163 0.163 0.188 0.188 0.1705 0.1705 0.1385 0.1385 0.1385 0.098 0.098 0.123 0.123 0.1215 0.1215 0.1215 0.151 0.151 0.135 0.135 0.156 0.156 0.163 0.163 0.163 0.163 0.163 0.156 0.156 0.1535 0.1535 0.1535 0.15 0.15 0.162 0.162 0.171 0.171 0.171 0.167 0.167 0.1825 0.1825 0.1465 0.1465 0.1465 0.1105
0.1795 0.1795 0.1745 0.1745 0.1735 0.1735 0.1625 0.1625 0.1625 0.1725 0.1725 0.182 0.182 0.1815 0.1815 0.1785 0.1785 0.1785 0.188 0.188 0.178 0.178 0.1795 0.1795 0.1795 0.18 0.18 0.169 0.169 0.1665 0.1665 0.1665 0.1535 0.1535 0.1865 0.1865 0.1605 0.1605 0.1605 0.1535 0.1535 0.1195 0.1195 0.1175 0.1175 0.1175 0.118 0.118 0.126 0.126 0.1585 0.1585 0.1695 0.1695 0.1695 0.164 0.164 0.199 0.199 0.1985 0.1985 0.1985 0.1995 0.1995 0.1875 0.1875 0.1655 0.1655 0.1655 0.1695 0.1695 0.1725 0.1725 0.151 0.151 0.151 0.1055
0.1795 0.1795 0.1745 0.1745 0.1735 0.1735 0.1625 0.1625 0.1625 0.1725 0.1725 0.182 0.182 0.1815 0.1815 0.1785 0.1785 0.1785 0.188 0.188 0.178 0.178 0.1795 0.1795 0.1795 0.18 0.18 0.169 0.169 0.1665 0.1665 0.1665 0.1535 0.1535 0.1865 0.1865 0.1605 0.1605 0.1605 0.1535 0.1535 0.1195 0.1195 0.1175 0.1175 0.1175 0.118 0.118 0.126 0.126 0.1585 0.1585 0.1695 0.1695 0.1695 0.164 0.164 0.199 0.199 0.1985 0.1985 0.1985 0.1995 0.1995 0.1875 0.1875 0.1655 0.1655 0.1655 0.1695 0.1695 0.1725 0.1725 0.151 0.151 0.151 0.1055
0.2065 0.2065 0.1995 0.1995 0.185 0.185 0.1875 0.1875 0.1875 0.1805 0.1805 0.181 0.181 0.189 0.189 0.1865 0.1865 0.1865 0.193 0.193 0.184 0.184 0.176 0.176 0.176 0.167 0.167 0.1615 0.1615 0.1535 0.1535 0.1535 0.156 0.156 0.1615 0.1615 0.148 0.148 0.148 0.129 0.129 0.1035 0.1035 0.107 0.107 0.107 0.116 0.116 0.1455 0.1455 0.167 0.167 0.1815 0.1815 0.1815 0.1985 0.1985 0.192 0.192 0.207 0.207 0.207 0.197 0.197 0.1995 0.1995 0.1735 0.1735 0.1735 0.176 0.176 0.1435 0.1435 0.138 0.138 0.138 0.1
0.2065 0.2065 0.1995 0.1995 0.185 0.185 0.1875 0.1875 0.1875 0.1805 0.1805 0.181 0.181 0.189 0.189 0.1865 0.1865 0.1865 0.193 0.193 0.184 0.184 0.176 0.176 0.176 0.167 0.167 0.1615 0.1615 0.1535 0.1535 0.1535 0.156 0.156 0.1615 0.1615 0.148 0.148 0.148 0.129 0.129 0.1035 0.1035 0.107 0.107 0.107 0.116 0.116 0.1455 0.1455 0.167 0.167 0.1815 0.1815 0.1815 0.1985 0.1985 0.192 0.192 0.207 0.207 0.207 0.197 0.197 0.1995 0.1995 0.1735 0.1735 0.1735 0.176 0.176 0.1435 0.1435 0.138 0.138 0.138 0.1
0.202 0.202 0.1935 0.1935 0.183 0.183 0.1895 0.1895 0.1895 0.1885 0.1885 0.167 0.167 0.1765 0.1765 0.176 0.176 0.176 0.1975 0.1975 0.193 0.193 0.179 0.179 0.179 0.17 0.17 0.1665 0.1665 0.1645 0.1645 0.1645 0.154 0.154 0.1625 0.1625 0.1405 0.1405 0.1405 0.1565 0.1565 0.1255 0.1255 0.128 0.128 0.128 0.139 0.139 0.138 0.138 0.1505 0.1505 0.179 0.179 0.179 0.2005 0.2005 0.19 0.19 0.202 0.202 0.202 0.204 0.204 0.2055 0.2055 0.172 0.172 0.172 0.17 0.17 0.148 0.148 0.1205 0.1205 0.1205 0.102
0.202 0.202 0.1935 0.1935 0.183 0.183 0.1895 0.1895 0.1895 0.1885 0.1885 0.167 0.167 0.1765 0.1765 0.176 0.176 0.176 0.1975 0.1975 0.193 0.193 0.179 0.179 0.179 0.17 0.17 0.1665 0.1665 0.1645 0.1645 0.1645 0.154 0.154 0.1625 0.1625 0.1405 0.1405 0.1405 0.1565 0.1565 0.1255 0.1255 0.128 0.128 0.128 0.139 0.139 0.138 0.138 0.1505 0.1505 0.179 0.179 0.179 0.2005 0.2005 0.19 0.19 0.202 0.202 0.202 0.204 0.204 0.2055 0.2055 0.172 0.172 0.172 0.17 0.17 0.148 0.148 0.1205 0.1205 0.1205 0.102
0.202 0.202 0.1935 0.1935 0.183 0.183 0.1895 0.1895 0.1895 0.1885 0.1885 0.167 0.167 0.1765 0.1765 0.176 0.176 0.176 0.1975 0.1975 0.193 0.193 0.179 0.179 0.179 0.17 0.17 0.1665 0.1665 0.1645 0.1645 0.1645 0.154 0.154 0.1625 0.1625 0.1405 0.1405 0.1405 0.1565 0.1565 0.1255 0.1255 0.128 0.128 0.128 0.139 0.139 0.138 0.138 0.1505 0.1505 0.179 0.179 0.179 0.2005 0.2005 0.19 0.19 0.202 0.202 0.202 0.204 0.204 0.2055 0.2055 0.172 0.172 0.172 0.17 0.17 0.148 0.148 0.1205 0.1205 0.1205 0.102
0.2025 0.2025 0.191 0.191 0.19 0.19 0.1985 0.1985 0.1985 0.193 0.193 0.177 0.177 0.18 0.18 0.1875 0.1875 0.1875 0.159 0.159 0.1815 0.1815 0.197 0.197 0.197 0.186 0.186 0.1955 0.1955 0.1855 0.1855 0.1855 0.176 0.176 0.1885 0.1885 0.166 0.166 0.166 0.1425 0.1425 0.125 0.125 0.1595 0.1595 0.1595 0.1525 0.1525 0.1135 0.1135 0.095 0.095 0.101 0.101 0.101 0.1375 0.1375 0.187 0.187 0.2205 0.2205 0.2205 0.22 0.22 0.2095 0.2095 0.1965 0.1965 0.1965 0.1975 0.1975 0.181 0.181 0.1435 0.1435 0.1435 0.103
0.2025 0.2025 0.191 0.191 0.19 0.19 0.1985 0.1985 0.1985 0.193 0.193 0.177 0.177 0.18 0.18 0.1875 0.1875 0.1875 0.159 0.159 0.1815 0.1815 0.197 0.197 0.197 0.186 0.186 0.1955 0.1955 0.1855 0.1855 0.1855 0.176 0.176 0.1885 0.1885 0.166 0.166 0.166 0.1425 0.1425 0.125 0.125 0.1595 0.1595 0.1595 0.1525 0.1525 0.1135 0.1135 0.095 0.095 0.101 0.101 0.101 0.1375 0.1375 0.187 0.187 0.2205 0.2205 0.2205 0.22 0.22 0.2095 0.2095 0.1965 0.1965 0.1965 0.1975 0.1975 0.181 0.181 0.1435 0.1435 0.1435 0.103
0.2135 0.2135 0.213 0.213 0.293 0.293 0.254 0.254 0.254 0.2755 0.2755 0.2945 0.2945 0.2235 0.2235 0.1885 0.1885 0.1885 0.1875 0.1875 0.244 0.244 0.2015 0.2015 0.2015 0.171 0.171 0.2065 0.2065 0.184 0.184 0.184 0.186 0.186 0.186 0.186 0.177 0.177 0.177 0.1465 0.1465 0.1205 0.1205 0.1375 0.1375 0.1375 0.1315 0.1315 0.1115 0.1115 0.107 0.107 0.108 0.108 0.108 0.1575 0.1575 0.1685 0.1685 0.2075 0.2075 0.2075 0.209 0.209 0.1985 0.1985 0.201 0.201 0.201 0.169 0.169 0.159 0.159 0.142 0.142 0.142 0.125
0.2135 0.2135 0.213 0.213 0.293 0.293 0.254 0.254 0.254 0.2755 0.2755 0.2945 0.2945 0.2235 0.2235 0.1885 0.1885 0.1885 0.1875 0.1875 0.244 0.244 0.2015 0.2015 0.2015 0.171 0.171 0.2065 0.2065 0.184 0.184 0.184 0.186 0.186 0.186 0.186 0.177 0.177 0.177 0.1465 0.1465 0.1205 0.1205 0.1375 0.1375 0.1375 0.1315 0.1315 0.1115 0.1115 0.107 0.107 0.108 0.108 0.108 0.1575 0.1575 0.1685 0.1685 0.2075 0.2075 0.2075 0.209 0.209 0.1985 0.1985 0.201 0.201 0.201 0.169 0.169 0.159 0.159 0.142 0.142 0.142 0.125
0.261 0.261 0.2065 0.2065 0.2745 0.2745 0.22 0.22 0.22 0.257 0.257 0.236 0.236 0.2495 0.2495 0.2095 0.2095 0.2095 0.226 0.226 0.242 0.242 0.2185 0.2185 0.2185 0.2165 0.2165 0.1985 0.1985 0.1915 0.1915 0.1915 0.1845 0.1845 0.169 0.169 0.158 0.158 0.158 0.143 0.143 0.154 0.154 0.114 0.114 0.114 0.115 0.115 0.092 0.092 0.09 0.09 0.133 0.133 0.133 0.1465 0.1465 0.1805 0.1805 0.203 0.203 0.203 0.192 0.192 0.198 0.198 0.199 0.199 0.199 0.181 0.181 0.1875 0.1875 0.15 0.15 0.15 0.1275
0.261 0.261 0.2065 0.2065 0.2745 0.2745 0.22 0.22 0.22 0.257 0.257 0.236 0.236 0.2495 0.2495 0.2095 0.2095 0.2095 0.226 0.226 0.242 0.242 0.2185 0.2185 0.2185 0.2165 0.2165 0.1985 0.1985 0.1915 0.1915 0.1915 0.1845 0.1845 0.169 0.169 0.158 0.158 0.158 0.143 0.143 0.154 0.154 0.114 0.114 0.114 0.115 0.115 0.092 0.092 0.09 0.09 0.133 0.133 0.133 0.1465 0.1465 0.1805 0.1805 0.203 0.203 0.203 0.192 0.192 0.198 0.198 0.199 0.199 0.199 0.181 0.181 0.1875 0.1875 0.15 0.15 0.15 0.1275
0.261 0.261 0.2065 0.2065 0.2745 0.2745 0.22 0.22 0.22 0.257 0.257 0.236 0.236 0.2495 0.2495 0.2095 0.2095 0.2095 0.226 0.226 0.242 0.242 0.2185 0.2185 0.2185 0.2165 0.2165 0.1985 0.1985 0.1915 0.1915 0.1915 0.1845 0.1845 0.169 0.169 0.158 0.158 0.158 0.143 0.143 0.154 0.154 0.114 0.114 0.114 0.115 0.115 0.092 0.092 0.09 0.09 0.133 0.133 0.133 0.1465 0.1465 0.1805 0.1805 0.203 0.203 0.203 0.192 0.192 0.198 0.198 0.199 0.199 0.199 0.181 0.181 0.1875 0.1875 0.15 0.15 0.15 0.1275
0.215 0.215 0.2685 0.2685 0.207 0.207 0.2245 0.2245 0.2245 0.2365 0.2365 0.2665 0.2665 0.239 0.239 0.2565 0.2565 0.2565 0.2905 0.2905 0.2405 0.2405 0.2235 0.2235 0.2235 0.234 0.234 0.238 0.238 0.184 0.184 0.184 0.1725 0.1725 0.1715 0.1715 0.1695 0.1695 0.1695 0.1675 0.1675 0.175 0.175 0.168 0.168 0.168 0.1225 0.1225 0.1335 0.1335 0.135 0.135 0.14 0.14 0.14 0.138 0.138 0.195 0.195 0.1885 0.1885 0.1885 0.1945 0.1945 0.2135 0.2135 0.1785 0.1785 0.1785 0.1865 0.1865 0.176 0.176 0.151 0.151 0.151 0.119
0.215 0.215 0.2685 0.2685 0.207 0.207 0.2245 0.2245 0.2245 0.2365 0.2365 0.2665 0.2665 0.239 0.239 0.2565 0.2565 0.2565 0.2905 0.2905 0.2405 0.2405 0.2235 0.2235 0.2235 0.234 0.234 0.238 0.238 0.184 0.184 0.184 0.1725 0.1725 0.1715 0.1715 0.1695 0.1695 0.1695 0.1675 0.1675 0.175 0.175 0.168 0.168 0.168 0.1225 0.1225 0.1335 0.1335 0.135 0.135 0.14 0.14 0.14 0.138 0.138 0.195 0.195 0.1885 0.1885 0.1885 0.1945 0.1945 0.2135 0.2135 0.1785 0.1785 0.1785 0.1865 0.1865 0.176 0.176 0.151 0.151 0.151 0.119
0.1865 0.1865 0.201 0.201 0.187 0.187 0.191 0.191 0.191 0.2215 0.2215 0.2415 0.2415 0.2365 0.2365 0.23 0.23 0.23 0.2265 0.2265 0.1985 0.1985 0.2035 0.2035 0.2035 0.231 0.231 0.236 0.236 0.2015 0.2015 0.2015 0.1805 0.1805 0.1905 0.1905 0.1695 0.1695 0.1695 0.185 0.185 0.1665 0.1665 0.174 0.174 0.174 0.1515 0.1515 0.135 0.135 0.141 0.141 0.146 0.146 0.146 0.163 0.163 0.171 0.171 0.1975 0.1975 0.1975 0.2055 0.2055 0.204 0.204 0.196 0.196 0.196 0.1865 0.1865 0.1915 0.1915 0.181 0.181 0.181 0.1315
