ndvi/NOAA-231.asc
ncols         252
nrows         154
xllcorner     -18.017974
yllcorner     13.481982
cellsize      0.035948
NODATA_value  -9999
[rows 0 to 34 of 154, columns 77 to 153 of 252]
0.107 0.107 0.104 0.104 0.1065 0.1065 0.105 0.105 0.105 0.0975 0.0975 0.1035 0.1035 0.1025 0.1025 0.1035 0.1035 0.1035 0.103 0.103 0.1015 0.1015 0.102 0.102 0.102 0.098 0.098 0.1005 0.1005 0.0975 0.0975 0.0975 0.0955 0.0955 0.093 0.093 0.09299999 0.09299999 0.09299999 0.0885 0.0885 0.0865 0.0865 0.0935 0.0935 0.0935 0.0915 0.0915 0.0935 0.0935 0.094 0.094 0.09299999 0.09299999 0.09299999 0.09649999 0.09649999 0.098 0.098 0.1015 0.1015 0.1015 0.105 0.105 0.105 0.105 0.103 0.103 0.103 0.096 0.096 0.1025 0.1025 0.105 0.105 0.105 0.102
0.107 0.107 0.104 0.104 0.1065 0.1065 0.105 0.105 0.105 0.0975 0.0975 0.1035 0.1035 0.1025 0.1025 0.1035 0.1035 0.1035 0.103 0.103 0.1015 0.1015 0.102 0.102 0.102 0.098 0.098 0.1005 0.1005 0.0975 0.0975 0.0975 0.0955 0.0955 0.093 0.093 0.09299999 0.09299999 0.09299999 0.0885 0.0885 0.0865 0.0865 0.0935 0.0935 0.0935 0.0915 0.0915 0.0935 0.0935 0.094 0.094 0.09299999 0.09299999 0.09299999 0.09649999 0.09649999 0.098 0.098 0.1015 0.1015 0.1015 0.105 0.105 0.105 0.105 0.103 0.103 0.103 0.096 0.096 0.1025 0.1025 0.105 0.105 0.105 0.102
0.105 0.105 0.1045 0.1045 0.1035 0.1035 0.1085 0.1085 0.1085 0.1025 0.1025 0.1055 0.1055 0.1055 0.1055 0.1055 0.1055 0.1055 0.104 0.104 0.102 0.102 0.101 0.101 0.101 0.0985 0.0985 0.098 0.098 0.09299999 0.09299999 0.09299999 0.0915 0.0915 0.083 0.083 0.09 0.09 0.09 0.087 0.087 0.0845 0.0845 0.0885 0.0885 0.0885 0.0935 0.0935 0.1025 0.1025 0.102 0.102 0.1115 0.1115 0.1115 0.112 0.112 0.1095 0.1095 0.1065 0.1065 0.1065 0.107 0.107 0.106 0.106 0.104 0.104 0.104 0.1005 0.1005 0.1045 0.1045 0.101 0.101 0.101 0.09649999
0.105 0.105 0.1045 0.1045 0.1035 0.1035 0.1085 0.1085 0.1085 0.1025 0.1025 0.1055 0.1055 0.1055 0.1055 0.1055 0.1055 0.1055 0.104 0.104 0.102 0.102 0.101 0.101 0.101 0.0985 0.0985 0.098 0.098 0.09299999 0.09299999 0.09299999 0.0915 0.0915 0.083 0.083 0.09 0.09 0.09 0.087 0.087 0.0845 0.0845 0.0885 0.0885 0.0885 0.0935 0.0935 0.1025 0.1025 0.102 0.102 0.1115 0.1115 0.1115 0.112 0.112 0.1095 0.1095 0.1065 0.1065 0.1065 0.107 0.107 0.106 0.106 0.104 0.104 0.104 0.1005 0.1005 0.1045 0.1045 0.101 0.101 0.101 0.09649999
0.105 0.105 0.1045 0.1045 0.1035 0.1035 0.1085 0.1085 0.1085 0.1025 0.1025 0.1055 0.1055 0.1055 0.1055 0.1055 0.1055 0.1055 0.104 0.104 0.102 0.102 0.101 0.101 0.101 0.0985 0.0985 0.098 0.098 0.09299999 0.09299999 0.09299999 0.0915 0.0915 0.083 0.083 0.09 0.09 0.09 0.087 0.087 0.0845 0.0845 0.0885 0.0885 0.0885 0.0935 0.0935 0.1025 0.1025 0.102 0.102 0.1115 0.1115 0.1115 0.112 0.112 0.1095 0.1095 0.1065 0.1065 0.1065 0.107 0.107 0.106 0.106 0.104 0.104 0.104 0.1005 0.1005 0.1045 0.1045 0.101 0.101 0.101 0.09649999
0.1065 0.1065 0.105 0.105 0.1025 0.1025 0.105 0.105 0.105 0.106 0.106 0.1085 0.1085 0.1095 0.1095 0.1075 0.1075 0.1075 0.1035 0.1035 0.1015 0.1015 0.103 0.103 0.103 0.0995 0.0995 0.096 0.096 0.094 0.094 0.094 0.091 0.091 0.088 0.088 0.09299999 0.09299999 0.09299999 0.0925 0.0925 0.086 0.086 0.09 0.09 0.09 0.102 0.102 0.1065 0.1065 0.108 0.108 0.107 0.107 0.107 0.1105 0.1105 0.1085 0.1085 0.1135 0.1135 0.1135 0.1125 0.1125 0.1105 0.1105 0.1065 0.1065 0.1065 0.1135 0.1135 0.107 0.107 0.1085 0.1085 0.1085 0.1105
0.1065 0.1065 0.105 0.105 0.1025 0.1025 0.105 0.105 0.105 0.106 0.106 0.1085 0.1085 0.1095 0.1095 0.1075 0.1075 0.1075 0.1035 0.1035 0.1015 0.1015 0.103 0.103 0.103 0.0995 0.0995 0.096 0.096 0.094 0.094 0.094 0.091 0.091 0.088 0.088 0.09299999 0.09299999 0.09299999 0.0925 0.0925 0.086 0.086 0.09 0.09 0.09 0.102 0.102 0.1065 0.1065 0.108 0.108 0.107 0.107 0.107 0.1105 0.1105 0.1085 0.1085 0.1135 0.1135 0.1135 0.1125 0.1125 0.1105 0.1105 0.1065 0.1065 0.1065 0.1135 0.1135 0.107 0.107 0.1085 0.1085 0.1085 0.1105
0.1 0.1 0.1035 0.1035 0.105 0.105 0.105 0.105 0.105 0.1075 0.1075 0.105 0.105 0.1075 0.1075 0.1055 0.1055 0.1055 0.1065 0.1065 0.105 0.105 0.106 0.106 0.106 0.1005 0.1005 0.0935 0.0935 0.095 0.095 0.095 0.104 0.104 0.0955 0.0955 0.0965 0.0965 0.0965 0.095 0.095 0.0935 0.0935 0.107 0.107 0.107 0.1095 0.1095 0.115 0.115 0.106 0.106 0.109 0.109 0.109 0.112 0.112 0.114 0.114 0.1085 0.1085 0.1085 0.1105 0.1105 0.111 0.111 0.113 0.113 0.113 0.114 0.114 0.113 0.113 0.111 0.111 0.111 0.109
0.1 0.1 0.1035 0.1035 0.105 0.105 0.105 0.105 0.105 0.1075 0.1075 0.105 0.105 0.1075 0.1075 0.1055 0.1055 0.1055 0.1065 0.1065 0.105 0.105 0.106 0.106 0.106 0.1005 0.1005 0.0935 0.0935 0.095 0.095 0.095 0.104 0.104 0.0955 0.0955 0.0965 0.0965 0.0965 0.095 0.095 0.0935 0.0935 0.107 0.107 0.107 0.1095 0.1095 0.115 0.115 0.106 0.106 0.109 0.109 0.109 0.112 0.112 0.114 0.114 0.1085 0.1085 0.1085 0.1105 0.1105 0.111 0.111 0.113 0.113 0.113 0.114 0.114 0.113 0.113 0.111 0.111 0.111 0.109
0.108 0.108 0.108 0.108 0.107 0.107 0.1065 0.1065 0.1065 0.109 0.109 0.104 0.104 0.1085 0.1085 0.1015 0.1015 0.1015 0.1085 0.1085 0.105 0.105 0.1015 0.1015 0.1015 0.111 0.111 0.1105 0.1105 0.1065 0.1065 0.1065 0.108 0.108 0.1095 0.1095 0.11 0.11 0.11 0.104 0.104 0.1085 0.1085 0.115 0.115 0.115 0.122 0.122 0.1155 0.1155 0.11 0.11 0.1095 0.1095 0.1095 0.1115 0.1115 0.1125 0.1125 0.1145 0.1145 0.1145 0.113 0.113 0.1105 0.1105 0.1105 0.1105 0.1105 0.112 0.112 0.1115 0.1115 0.114 0.114 0.114 0.1135
0.108 0.108 0.108 0.108 0.107 0.107 0.1065 0.1065 0.1065 0.109 0.109 0.104 0.104 0.1085 0.1085 0.1015 0.1015 0.1015 0.1085 0.1085 0.105 0.105 0.1015 0.1015 0.1015 0.111 0.111 0.1105 0.1105 0.1065 0.1065 0.1065 0.108 0.108 0.1095 0.1095 0.11 0.11 0.11 0.104 0.104 0.1085 0.1085 0.115 0.115 0.115 0.122 0.122 0.1155 0.1155 0.11 0.11 0.1095 0.1095 0.1095 0.1115 0.1115 0.1125 0.1125 0.1145 0.1145 0.1145 0.113 0.113 0.1105 0.1105 0.1105 0.1105 0.1105 0.112 0.112 0.1115 0.1115 0.114 0.114 0.114 0.1135
0.109 0.109 0.1095 0.1095 0.1065 0.1065 0.1075 0.1075 0.1075 0.1075 0.1075 0.108 0.108 0.109 0.109 0.1095 0.1095 0.1095 0.108 0.108 0.108 0.108 0.1085 0.1085 0.1085 0.1125 0.1125 0.1085 0.1085 0.1065 0.1065 0.1065 0.1065 0.1065 0.107 0.107 0.1115 0.1115 0.1115 0.1145 0.1145 0.12 0.12 0.1145 0.1145 0.1145 0.1215 0.1215 0.1185 0.1185 0.115 0.115 0.124 0.124 0.124 0.121 0.121 0.1165 0.1165 0.113 0.113 0.113 0.115 0.115 0.1155 0.1155 0.1175 0.1175 0.1175 0.1135 0.1135 0.1145 0.1145 0.114 0.114 0.114 0.135
0.109 0.109 0.1095 0.1095 0.1065 0.1065 0.1075 0.1075 0.1075 0.1075 0.1075 0.108 0.108 0.109 0.109 0.1095 0.1095 0.1095 0.108 0.108 0.108 0.108 0.1085 0.1085 0.1085 0.1125 0.1125 0.1085 0.1085 0.1065 0.1065 0.1065 0.1065 0.1065 0.107 0.107 0.1115 0.1115 0.1115 0.1145 0.1145 0.12 0.12 0.1145 0.1145 0.1145 0.1215 0.1215 0.1185 0.1185 0.115 0.115 0.124 0.124 0.124 0.121 0.121 0.1165 0.1165 0.113 0.113 0.113 0.115 0.115 0.1155 0.1155 0.1175 0.1175 0.1175 0.1135 0.1135 0.1145 0.1145 0.114 0.114 0.114 0.135
0.109 0.109 0.1095 0.1095 0.1065 0.1065 0.1075 0.1075 0.1075 0.1075 0.1075 0.108 0.108 0.109 0.109 0.1095 0.1095 0.1095 0.108 0.108 0.108 0.108 0.1085 0.1085 0.1085 0.1125 0.1125 0.1085 0.1085 0.1065 0.1065 0.1065 0.1065 0.1065 0.107 0.107 0.1115 0.1115 0.1115 0.1145 0.1145 0.12 0.12 0.1145 0.1145 0.1145 0.1215 0.1215 0.1185 0.1185 0.115 0.115 0.124 0.124 0.124 0.121 0.121 0.1165 0.1165 0.113 0.113 0.113 0.115 0.115 0.1155 0.1155 0.1175 0.1175 0.1175 0.1135 0.1135 0.1145 0.1145 0.114 0.114 0.114 0.135
0.114 0.114 0.11 0.11 0.112 0.112 0.115 0.115 0.115 0.109 0.109 0.1085 0.1085 0.122 0.122 0.1125 0.1125 0.1125 0.114 0.114 0.1105 0.1105 0.1195 0.1195 0.1195 0.116 0.116 0.1105 0.1105 0.113 0.113 0.113 0.1135 0.1135 0.113 0.113 0.1055 0.1055 0.1055 0.114 0.114 0.1225 0.1225 0.124 0.124 0.124 0.125 0.125 0.128 0.128 0.125 0.125 0.1235 0.1235 0.1235 0.12 0.12 0.118 0.118 0.1245 0.1245 0.1245 0.1145 0.1145 0.1165 0.1165 0.1135 0.1135 0.1135 0.1135 0.1135 0.11 0.11 0.1145 0.1145 0.1145 0.125
0.114 0.114 0.11 0.11 0.112 0.112 0.115 0.115 0.115 0.109 0.109 0.1085 0.1085 0.122 0.122 0.1125 0.1125 0.1125 0.114 0.114 0.1105 0.1105 0.1195 0.1195 0.1195 0.116 0.116 0.1105 0.1105 0.113 0.113 0.113 0.1135 0.1135 0.113 0.113 0.1055 0.1055 0.1055 0.114 0.114 0.1225 0.1225 0.124 0.124 0.124 0.125 0.125 0.128 0.128 0.125 0.125 0.1235 0.1235 0.1235 0.12 0.12 0.118 0.118 0.1245 0.1245 0.1245 0.1145 0.1145 0.1165 0.1165 0.1135 0.1135 0.1135 0.1135 0.1135 0.11 0.11 0.1145 0.1145 0.1145 0.125
0.1145 0.1145 0.112 0.112 0.1105 0.1105 0.11 0.11 0.11 0.1125 0.1125 0.117 0.117 0.1145 0.1145 0.1115 0.1115 0.1115 0.111 0.111 0.112 0.112 0.113 0.113 0.113 0.118 0.118 0.1125 0.1125 0.1115 0.1115 0.1115 0.1075 0.1075 0.11 0.11 0.1145 0.1145 0.1145 0.1105 0.1105 0.1175 0.1175 0.1275 0.1275 0.1275 0.1335 0.1335 0.1325 0.1325 0.126 0.126 0.128 0.128 0.128 0.124 0.124 0.1235 0.1235 0.13 0.13 0.13 0.1205 0.1205 0.12 0.12 0.1215 0.1215 0.1215 0.1105 0.1105 0.114 0.114 0.1135 0.1135 0.1135 0.112
0.1145 0.1145 0.112 0.112 0.1105 0.1105 0.11 0.11 0.11 0.1125 0.1125 0.117 0.117 0.1145 0.1145 0.1115 0.1115 0.1115 0.111 0.111 0.112 0.112 0.113 0.113 0.113 0.118 0.118 0.1125 0.1125 0.1115 0.1115 0.1115 0.1075 0.1075 0.11 0.11 0.1145 0.1145 0.1145 0.1105 0.1105 0.1175 0.1175 0.1275 0.1275 0.1275 0.1335 0.1335 0.1325 0.1325 0.126 0.126 0.128 0.128 0.128 0.124 0.124 0.1235 0.1235 0.13 0.13 0.13 0.1205 0.1205 0.12 0.12 0.1215 0.1215 0.1215 0.1105 0.1105 0.114 0.114 0.1135 0.1135 0.1135 0.112
0.112 0.112 0.1115 0.1115 0.113 0.113 0.1155 0.1155 0.1155 0.1175 0.1175 0.113 0.113 0.119 0.119 0.1215 0.1215 0.1215 0.1135 0.1135 0.1135 0.1135 0.119 0.119 0.119 0.119 0.119 0.1165 0.1165 0.1215 0.1215 0.1215 0.118 0.118 0.1165 0.1165 0.1165 0.1165 0.1165 0.1165 0.1165 0.118 0.118 0.1285 0.1285 0.1285 0.1365 0.1365 0.1345 0.1345 0.1245 0.1245 0.1225 0.1225 0.1225 0.117 0.117 0.1365 0.1365 0.135 0.135 0.135 0.13 0.13 0.123 0.123 0.122 0.122 0.122 0.1185 0.1185 0.118 0.118 0.1295 0.1295 0.1295 0.1295
0.112 0.112 0.1115 0.1115 0.113 0.113 0.1155 0.1155 0.1155 0.1175 0.1175 0.113 0.113 0.119 0.119 0.1215 0.1215 0.1215 0.1135 0.1135 0.1135 0.1135 0.119 0.119 0.119 0.119 0.119 0.1165 0.1165 0.1215 0.1215 0.1215 0.118 0.118 0.1165 0.1165 0.1165 0.1165 0.1165 0.1165 0.1165 0.118 0.118 0.1285 0.1285 0.1285 0.1365 0.1365 0.1345 0.1345 0.1245 0.1245 0.1225 0.1225 0.1225 0.117 0.117 0.1365 0.1365 0.135 0.135 0.135 0.13 0.13 0.123 0.123 0.122 0.122 0.122 0.1185 0.1185 0.118 0.118 0.1295 0.1295 0.1295 0.1295
0.112 0.112 0.1115 0.1115 0.113 0.113 0.1155 0.1155 0.1155 0.1175 0.1175 0.113 0.113 0.119 0.119 0.1215 0.1215 0.1215 0.1135 0.1135 0.1135 0.1135 0.119 0.119 0.119 0.119 0.119 0.1165 0.1165 0.1215 0.1215 0.1215 0.118 0.118 0.1165 0.1165 0.1165 0.1165 0.1165 0.1165 0.1165 0.118 0.118 0.1285 0.1285 0.1285 0.1365 0.1365 0.1345 0.1345 0.1245 0.1245 0.1225 0.1225 0.1225 0.117 0.117 0.1365 0.1365 0.135 0.135 0.135 0.13 0.13 0.123 0.123 0.122 0.122 0.122 0.1185 0.1185 0.118 0.118 0.1295 0.1295 0.1295 0.1295
0.113 0.113 0.112 0.112 0.1145 0.1145 0.122 0.122 0.122 0.1175 0.1175 0.1175 0.1175 0.1205 0.1205 0.116 0.116 0.116 0.115 0.115 0.121 0.121 0.1185 0.1185 0.1185 0.1225 0.1225 0.1275 0.1275 0.131 0.131 0.131 0.132 0.132 0.129 0.129 0.126 0.126 0.126 0.121 0.121 0.1435 0.1435 0.1455 0.1455 0.1455 0.1435 0.1435 0.144 0.144 0.1295 0.1295 0.1235 0.1235 0.1235 0.1315 0.1315 0.1355 0.1355 0.14 0.14 0.14 0.1415 0.1415 0.1245 0.1245 0.122 0.122 0.122 0.116 0.116 0.117 0.117 0.122 0.122 0.122 0.1245
0.113 0.113 0.112 0.112 0.1145 0.1145 0.122 0.122 0.122 0.1175 0.1175 0.1175 0.1175 0.1205 0.1205 0.116 0.116 0.116 0.115 0.115 0.121 0.121 0.1185 0.1185 0.1185 0.1225 0.1225 0.1275 0.1275 0.131 0.131 0.131 0.132 0.132 0.129 0.129 0.126 0.126 0.126 0.121 0.121 0.1435 0.1435 0.1455 0.1455 0.1455 0.1435 0.1435 0.144 0.144 0.1295 0.1295 0.1235 0.1235 0.1235 0.1315 0.1315 0.1355 0.1355 0.14 0.14 0.14 0.1415 0.1415 0.1245 0.1245 0.122 0.122 0.122 0.116 0.116 0.117 0.117 0.122 0.122 0.122 0.1245
0.121 0.121 0.122 0.122 0.121 0.121 0.125 0.125 0.125 0.126 0.126 0.127 0.127 0.129 0.129 0.1305 0.1305 0.1305 0.1275 0.1275 0.1285 0.1285 0.128 0.128 0.128 0.126 0.126 0.1305 0.1305 0.131 0.131 0.131 0.1305 0.1305 0.125 0.125 0.1215 0.1215 0.1215 0.1285 0.1285 0.143 0.143 0.148 0.148 0.148 0.145 0.145 0.1455 0.1455 0.1435 0.1435 0.13 0.13 0.13 0.1205 0.1205 0.1295 0.1295 0.142 0.142 0.142 0.143 0.143 0.134 0.134 0.125 0.125 0.125 0.125 0.125 0.1215 0.1215 0.123 0.123 0.123 0.1355
0.121 0.121 0.122 0.122 0.121 0.121 0.125 0.125 0.125 0.126 0.126 0.127 0.127 0.129 0.129 0.1305 0.1305 0.1305 0.1275 0.1275 0.1285 0.1285 0.128 0.128 0.128 0.126 0.126 0.1305 0.1305 0.131 0.131 0.131 0.1305 0.1305 0.125 0.125 0.1215 0.1215 0.1215 0.1285 0.1285 0.143 0.143 0.148 0.148 0.148 0.145 0.145 0.1455 0.1455 0.1435 0.1435 0.13 0.13 0.13 0.1205 0.1205 0.1295 0.1295 0.142 0.142 0.142 0.143 0.143 0.134 0.134 0.125 0.125 0.125 0.125 0.125 0.1215 0.1215 0.123 0.123 0.123 0.1355
0.1275 0.1275 0.128 0.128 0.129 0.129 0.1245 0.1245 0.1245 0.132 0.132 0.137 0.137 0.135 0.135 0.1365 0.1365 0.1365 0.138 0.138 0.134 0.134 0.128 0.128 0.128 0.131 0.131 0.132 0.132 0.129 0.129 0.129 0.135 0.135 0.136 0.136 0.131 0.131 0.131 0.1225 0.1225 0.139 0.139 0.1435 0.1435 0.1435 0.145 0.145 0.1515 0.1515 0.14 0.14 0.134 0.134 0.134 0.1285 0.1285 0.13 0.13 0.134 0.134 0.134 0.1365 0.1365 0.1375 0.1375 0.134 0.134 0.134 0.1195 0.1195 0.121 0.121 0.1165 0.1165 0.1165 0.13
0.1275 0.1275 0.128 0.128 0.129 0.129 0.1245 0.1245 0.1245 0.132 0.132 0.137 0.137 0.135 0.135 0.1365 0.1365 0.1365 0.138 0.138 0.134 0.134 0.128 0.128 0.128 0.131 0.131 0.132 0.132 0.129 0.129 0.129 0.135 0.135 0.136 0.136 0.131 0.131 0.131 0.1225 0.1225 0.139 0.139 0.1435 0.1435 0.1435 0.145 0.145 0.1515 0.1515 0.14 0.14 0.134 0.134 0.134 0.1285 0.1285 0.13 0.13 0.134 0.134 0.134 0.1365 0.1365 0.1375 0.1375 0.134 0.134 0.134 0.1195 0.1195 0.121 0.121 0.1165 0.1165 0.1165 0.13
0.1275 0.1275 0.128 0.128 0.129 0.129 0.1245 0.1245 0.1245 0.132 0.132 0.137 0.137 0.135 0.135 0.1365 0.1365 0.1365 0.138 0.138 0.134 0.134 0.128 0.128 0.128 0.131 0.131 0.132 0.132 0.129 0.129 0.129 0.135 0.135 0.136 0.136 0.131 0.131 0.131 0.1225 0.1225 0.139 0.139 0.1435 0.1435 0.1435 0.145 0.145 0.1515 0.1515 0.14 0.14 0.134 0.134 0.134 0.1285 0.1285 0.13 0.13 0.134 0.134 0.134 0.1365 0.1365 0.1375 0.1375 0.134 0.134 0.134 0.1195 0.1195 0.121 0.121 0.1165 0.1165 0.1165 0.13
0.1275 0.1275 0.1325 0.1325 0.132 0.132 0.135 0.135 0.135 0.14 0.14 0.142 0.142 0.1435 0.1435 0.145 0.145 0.145 0.135 0.135 0.1345 0.1345 0.1335 0.1335 0.1335 0.1355 0.1355 0.1365 0.1365 0.138 0.138 0.138 0.134 0.134 0.138 0.138 0.133 0.133 0.133 0.1285 0.1285 0.1395 0.1395 0.1445 0.1445 0.1445 0.1485 0.1485 0.157 0.157 0.1425 0.1425 0.14 0.14 0.14 0.131 0.131 0.1295 0.1295 0.129 0.129 0.129 0.1315 0.1315 0.1325 0.1325 0.134 0.134 0.134 0.129 0.129 0.12 0.12 0.1135 0.1135 0.1135 0.12
0.1275 0.1275 0.1325 0.1325 0.132 0.132 0.135 0.135 0.135 0.14 0.14 0.142 0.142 0.1435 0.1435 0.145 0.145 0.145 0.135 0.135 0.1345 0.1345 0.1335 0.1335 0.1335 0.1355 0.1355 0.1365 0.1365 0.138 0.138 0.138 0.134 0.134 0.138 0.138 0.133 0.133 0.133 0.1285 0.1285 0.1395 0.1395 0.1445 0.1445 0.1445 0.1485 0.1485 0.157 0.157 0.1425 0.1425 0.14 0.14 0.14 0.131 0.131 0.1295 0.1295 0.129 0.129 0.129 0.1315 0.1315 0.1325 0.1325 0.134 0.134 0.134 0.129 0.129 0.12 0.12 0.1135 0.1135 0.1135 0.12
0.1385 0.1385 0.1365 0.1365 0.1325 0.1325 0.134 0.134 0.134 0.133 0.133 0.141 0.141 0.1505 0.1505 0.1545 0.1545 0.1545 0.142 0.142 0.14 0.14 0.133 0.133 0.133 0.133 0.133 0.1405 0.1405 0.1315 0.1315 0.1315 0.137 0.137 0.1375 0.1375 0.1395 0.1395 0.1395 0.144 0.144 0.1395 0.1395 0.1425 0.1425 0.1425 0.139 0.139 0.1365 0.1365 0.139 0.139 0.141 0.141 0.141 0.14 0.14 0.1385 0.1385 0.1405 0.1405 0.1405 0.1405 0.1405 0.1455 0.1455 0.1455 0.1455 0.1455 0.1275 0.1275 0.122 0.122 0.117 0.117 0.117 0.127
0.1385 0.1385 0.1365 0.1365 0.1325 0.1325 0.134 0.134 0.134 0.133 0.133 0.141 0.141 0.1505 0.1505 0.1545 0.1545 0.1545 0.142 0.142 0.14 0.14 0.133 0.133 0.133 0.133 0.133 0.1405 0.1405 0.1315 0.1315 0.1315 0.137 0.137 0.1375 0.1375 0.1395 0.1395 0.1395 0.144 0.144 0.1395 0.1395 0.1425 0.1425 0.1425 0.139 0.139 0.1365 0.1365 0.139 0.139 0.141 0.141 0.141 0.14 0.14 0.1385 0.1385 0.1405 0.1405 0.1405 0.1405 0.1405 0.1455 0.1455 0.1455 0.1455 0.1455 0.1275 0.1275 0.122 0.122 0.117 0.117 0.117 0.127
0.1355 0.1355 0.1435 0.1435 0.1385 0.1385 0.1355 0.1355 0.1355 0.132 0.132 0.1365 0.1365 0.1475 0.1475 0.153 0.153 0.153 0.1435 0.1435 0.143 0.143 0.1445 0.1445 0.1445 0.145 0.145 0.1445 0.1445 0.1425 0.1425 0.1425 0.142 0.142 0.1445 0.1445 0.1385 0.1385 0.1385 0.1385 0.1385 0.139 0.139 0.144 0.144 0.144 0.1425 0.1425 0.137 0.137 0.143 0.143 0.14 0.14 0.14 0.1405 0.1405 0.145 0.145 0.1525 0.1525 0.1525 0.1625 0.1625 0.1705 0.1705 0.16 0.16 0.16 0.1505 0.1505 0.129 0.129 0.13 0.13 0.13 0.1485
0.1355 0.1355 0.1435 0.1435 0.1385 0.1385 0.1355 0.1355 0.1355 0.132 0.132 0.1365 0.1365 0.1475 0.1475 0.153 0.153 0.153 0.1435 0.1435 0.143 0.143 0.1445 0.1445 0.1445 0.145 0.145 0.1445 0.1445 0.1425 0.1425 0.1425 0.142 0.142 0.1445 0.1445 0.1385 0.1385 0.1385 0.1385 0.1385 0.139 0.139 0.144 0.144 0.144 0.1425 0.1425 0.137 0.137 0.143 0.143 0.14 0.14 0.14 0.1405 0.1405 0.145 0.145 0.1525 0.1525 0.1525 0.1625 0.1625 0.1705 0.1705 0.16 0.16 0.16 0.1505 0.1505 0.129 0.129 0.13 0.13 0.13 0.1485
0.1355 0.1355 0.1385 0.1385 0.1395 0.1395 0.138 0.138 0.138 0.1365 0.1365 0.1455 0.1455 0.1495 0.1495 0.15 0.15 0.15 0.1455 0.1455 0.145 0.145 0.145 0.145 0.145 0.146 0.146 0.145 0.145 0.144 0.144 0.144 0.147 0.147 0.1465 0.1465 0.145 0.145 0.145 0.1435 0.1435 0.1435 0.1435 0.149 0.149 0.149 0.1465 0.1465 0.1415 0.1415 0.142 0.142 0.1445 0.1445 0.1445 0.144 0.144 0.1515 0.1515 0.1585 0.1585 0.1585 0.1665 0.1665 0.1665 0.1665 0.1635 0.1635 0.1635 0.161 0.161 0.132 0.132 0.1295 0.1295 0.1295 0.149
