ndvi/NOAA-2.asc
ncols         252
nrows         154
xllcorner     -18.017974
yllcorner     13.481982
cellsize      0.035948
NODATA_value  -9999
[rows 70 to 104 of 154, columns 77 to 153 of 252]
0.2425 0.2425 0.242 0.242 0.2115 0.2115 0.221 0.221 0.221 0.2235 0.2235 0.2365 0.2365 0.2475 0.2475 0.2455 0.2455 0.2455 0.2565 0.2565 0.2445 0.2445 0.261 0.261 0.261 0.306 0.306 0.2625 0.2625 0.239 0.239 0.239 0.212 0.212 0.2025 0.2025 0.239 0.239 0.239 0.246 0.246 0.2395 0.2395 0.2205 0.2205 0.2205 0.182 0.182 0.1925 0.1925 0.2035 0.2035 0.2065 0.2065 0.2065 0.2275 0.2275 0.2165 0.2165 0.217 0.217 0.217 0.241 0.241 0.2335 0.2335 0.2275 0.2275 0.2275 0.214 0.214 0.2065 0.2065 0.193 0.193 0.193 0.15
0.2395 0.2395 0.234 0.234 0.2345 0.2345 0.246 0.246 0.246 0.227 0.227 0.219 0.219 0.222 0.222 0.2445 0.2445 0.2445 0.253 0.253 0.2445 0.2445 0.2305 0.2305 0.2305 0.2725 0.2725 0.268 0.268 0.2595 0.2595 0.2595 0.2325 0.2325 0.244 0.244 0.2325 0.2325 0.2325 0.2335 0.2335 0.219 0.219 0.1835 0.1835 0.1835 0.1735 0.1735 0.19 0.19 0.205 0.205 0.2175 0.2175 0.2175 0.2255 0.2255 0.2445 0.2445 0.226 0.226 0.226 0.222 0.222 0.2305 0.2305 0.2015 0.2015 0.2015 0.217 0.217 0.2125 0.2125 0.218 0.218 0.218 0.1665
0.2395 0.2395 0.234 0.234 0.2345 0.2345 0.246 0.246 0.246 0.227 0.227 0.219 0.219 0.222 0.222 0.2445 0.2445 0.2445 0.253 0.253 0.2445 0.2445 0.2305 0.2305 0.2305 0.2725 0.2725 0.268 0.268 0.2595 0.2595 0.2595 0.2325 0.2325 0.244 0.244 0.2325 0.2325 0.2325 0.2335 0.2335 0.219 0.219 0.1835 0.1835 0.1835 0.1735 0.1735 0.19 0.19 0.205 0.205 0.2175 0.2175 0.2175 0.2255 0.2255 0.2445 0.2445 0.226 0.226 0.226 0.222 0.222 0.2305 0.2305 0.2015 0.2015 0.2015 0.217 0.217 0.2125 0.2125 0.218 0.218 0.218 0.1665
0.2395 0.2395 0.234 0.234 0.2345 0.2345 0.246 0.246 0.246 0.227 0.227 0.219 0.219 0.222 0.222 0.2445 0.2445 0.2445 0.253 0.253 0.2445 0.2445 0.2305 0.2305 0.2305 0.2725 0.2725 0.268 0.268 0.2595 0.2595 0.2595 0.2325 0.2325 0.244 0.244 0.2325 0.2325 0.2325 0.2335 0.2335 0.219 0.219 0.1835 0.1835 0.1835 0.1735 0.1735 0.19 0.19 0.205 0.205 0.2175 0.2175 0.2175 0.2255 0.2255 0.2445 0.2445 0.226 0.226 0.226 0.222 0.222 0.2305 0.2305 0.2015 0.2015 0.2015 0.217 0.217 0.2125 0.2125 0.218 0.218 0.218 0.1665
0.258 0.258 0.2435 0.2435 0.2545 0.2545 0.266 0.266 0.266 0.2525 0.2525 0.2695 0.2695 0.251 0.251 0.2135 0.2135 0.2135 0.2385 0.2385 0.2365 0.2365 0.2355 0.2355 0.2355 0.252 0.252 0.242 0.242 0.2525 0.2525 0.2525 0.2565 0.2565 0.2375 0.2375 0.2425 0.2425 0.2425 0.228 0.228 0.2255 0.2255 0.1975 0.1975 0.1975 0.2195 0.2195 0.281 0.281 0.254 0.254 0.2555 0.2555 0.2555 0.238 0.238 0.2385 0.2385 0.2175 0.2175 0.2175 0.2135 0.2135 0.223 0.223 0.212 0.212 0.212 0.2285 0.2285 0.201 0.201 0.186 0.186 0.186 0.175
0.258 0.258 0.2435 0.2435 0.2545 0.2545 0.266 0.266 0.266 0.2525 0.2525 0.2695 0.2695 0.251 0.251 0.2135 0.2135 0.2135 0.2385 0.2385 0.2365 0.2365 0.2355 0.2355 0.2355 0.252 0.252 0.242 0.242 0.2525 0.2525 0.2525 0.2565 0.2565 0.2375 0.2375 0.2425 0.2425 0.2425 0.228 0.228 0.2255 0.2255 0.1975 0.1975 0.1975 0.2195 0.2195 0.281 0.281 0.254 0.254 0.2555 0.2555 0.2555 0.238 0.238 0.2385 0.2385 0.2175 0.2175 0.2175 0.2135 0.2135 0.223 0.223 0.212 0.212 0.212 0.2285 0.2285 0.201 0.201 0.186 0.186 0.186 0.175
0.269 0.269 0.2695 0.2695 0.2595 0.2595 0.247 0.247 0.247 0.2535 0.2535 0.26 0.26 0.246 0.246 0.2335 0.2335 0.2335 0.2355 0.2355 0.2285 0.2285 0.2255 0.2255 0.2255 0.23 0.23 0.2245 0.2245 0.2345 0.2345 0.2345 0.2415 0.2415 0.2475 0.2475 0.258 0.258 0.258 0.251 0.251 0.2385 0.2385 0.2325 0.2325 0.2325 0.2205 0.2205 0.2785 0.2785 0.2425 0.2425 0.239 0.239 0.239 0.2465 0.2465 0.2295 0.2295 0.204 0.204 0.204 0.215 0.215 0.2315 0.2315 0.224 0.224 0.224 0.219 0.219 0.1995 0.1995 0.1345 0.1345 0.1345 0.153
0.269 0.269 0.2695 0.2695 0.2595 0.2595 0.247 0.247 0.247 0.2535 0.2535 0.26 0.26 0.246 0.246 0.2335 0.2335 0.2335 0.2355 0.2355 0.2285 0.2285 0.2255 0.2255 0.2255 0.23 0.23 0.2245 0.2245 0.2345 0.2345 0.2345 0.2415 0.2415 0.2475 0.2475 0.258 0.258 0.258 0.251 0.251 0.2385 0.2385 0.2325 0.2325 0.2325 0.2205 0.2205 0.2785 0.2785 0.2425 0.2425 0.239 0.239 0.239 0.2465 0.2465 0.2295 0.2295 0.204 0.204 0.204 0.215 0.215 0.2315 0.2315 0.224 0.224 0.224 0.219 0.219 0.1995 0.1995 0.1345 0.1345 0.1345 0.153
0.2555 0.2555 0.25 0.25 0.246 0.246 0.232 0.232 0.232 0.2405 0.2405 0.245 0.245 0.2325 0.2325 0.237 0.237 0.237 0.241 0.241 0.23 0.23 0.2285 0.2285 0.2285 0.2265 0.2265 0.215 0.215 0.223 0.223 0.223 0.2375 0.2375 0.2605 0.2605 0.2435 0.2435 0.2435 0.25 0.25 0.2675 0.2675 0.253 0.253 0.253 0.26 0.26 0.242 0.242 0.2195 0.2195 0.229 0.229 0.229 0.2255 0.2255 0.2165 0.2165 0.2235 0.2235 0.2235 0.2015 0.2015 0.206 0.206 0.188 0.188 0.188 0.1905 0.1905 0.23 0.23 0.168 0.168 0.168 0.1445
0.2555 0.2555 0.25 0.25 0.246 0.246 0.232 0.232 0.232 0.2405 0.2405 0.245 0.245 0.2325 0.2325 0.237 0.237 0.237 0.241 0.241 0.23 0.23 0.2285 0.2285 0.2285 0.2265 0.2265 0.215 0.215 0.223 0.223 0.223 0.2375 0.2375 0.2605 0.2605 0.2435 0.2435 0.2435 0.25 0.25 0.2675 0.2675 0.253 0.253 0.253 0.26 0.26 0.242 0.242 0.2195 0.2195 0.229 0.229 0.229 0.2255 0.2255 0.2165 0.2165 0.2235 0.2235 0.2235 0.2015 0.2015 0.206 0.206 0.188 0.188 0.188 0.1905 0.1905 0.23 0.23 0.168 0.168 0.168 0.1445
0.256 0.256 0.2525 0.2525 0.2275 0.2275 0.233 0.233 0.233 0.2335 0.2335 0.235 0.235 0.235 0.235 0.225 0.225 0.225 0.2145 0.2145 0.199 0.199 0.2125 0.2125 0.2125 0.22 0.22 0.221 0.221 0.2185 0.2185 0.2185 0.219 0.219 0.2245 0.2245 0.225 0.225 0.225 0.2235 0.2235 0.2355 0.2355 0.2575 0.2575 0.2575 0.2575 0.2575 0.2625 0.2625 0.27 0.27 0.2465 0.2465 0.2465 0.2125 0.2125 0.211 0.211 0.225 0.225 0.225 0.2075 0.2075 0.172 0.172 0.1715 0.1715 0.1715 0.164 0.164 0.1735 0.1735 0.1745 0.1745 0.1745 0.1405
0.256 0.256 0.2525 0.2525 0.2275 0.2275 0.233 0.233 0.233 0.2335 0.2335 0.235 0.235 0.235 0.235 0.225 0.225 0.225 0.2145 0.2145 0.199 0.199 0.2125 0.2125 0.2125 0.22 0.22 0.221 0.221 0.2185 0.2185 0.2185 0.219 0.219 0.2245 0.2245 0.225 0.225 0.225 0.2235 0.2235 0.2355 0.2355 0.2575 0.2575 0.2575 0.2575 0.2575 0.2625 0.2625 0.27 0.27 0.2465 0.2465 0.2465 0.2125 0.2125 0.211 0.211 0.225 0.225 0.225 0.2075 0.2075 0.172 0.172 0.1715 0.1715 0.1715 0.164 0.164 0.1735 0.1735 0.1745 0.1745 0.1745 0.1405
0.256 0.256 0.2525 0.2525 0.2275 0.2275 0.233 0.233 0.233 0.2335 0.2335 0.235 0.235 0.235 0.235 0.225 0.225 0.225 0.2145 0.2145 0.199 0.199 0.2125 0.2125 0.2125 0.22 0.22 0.221 0.221 0.2185 0.2185 0.2185 0.219 0.219 0.2245 0.2245 0.225 0.225 0.225 0.2235 0.2235 0.2355 0.2355 0.2575 0.2575 0.2575 0.2575 0.2575 0.2625 0.2625 0.27 0.27 0.2465 0.2465 0.2465 0.2125 0.2125 0.211 0.211 0.225 0.225 0.225 0.2075 0.2075 0.172 0.172 0.1715 0.1715 0.1715 0.164 0.164 0.1735 0.1735 0.1745 0.1745 0.1745 0.1405
0.2435 0.2435 0.2535 0.2535 0.231 0.231 0.234 0.234 0.234 0.243 0.243 0.2435 0.2435 0.235 0.235 0.223 0.223 0.223 0.2105 0.2105 0.2195 0.2195 0.227 0.227 0.227 0.223 0.223 0.2085 0.2085 0.206 0.206 0.206 0.2125 0.2125 0.2065 0.2065 0.2305 0.2305 0.2305 0.228 0.228 0.221 0.221 0.219 0.219 0.219 0.242 0.242 0.2505 0.2505 0.251 0.251 0.243 0.243 0.243 0.2385 0.2385 0.218 0.218 0.229 0.229 0.229 0.234 0.234 0.2365 0.2365 0.1815 0.1815 0.1815 0.1865 0.1865 0.1825 0.1825 0.1585 0.1585 0.1585 0.149
0.2435 0.2435 0.2535 0.2535 0.231 0.231 0.234 0.234 0.234 0.243 0.243 0.2435 0.2435 0.235 0.235 0.223 0.223 0.223 0.2105 0.2105 0.2195 0.2195 0.227 0.227 0.227 0.223 0.223 0.2085 0.2085 0.206 0.206 0.206 0.2125 0.2125 0.2065 0.2065 0.2305 0.2305 0.2305 0.228 0.228 0.221 0.221 0.219 0.219 0.219 0.242 0.242 0.2505 0.2505 0.251 0.251 0.243 0.243 0.243 0.2385 0.2385 0.218 0.218 0.229 0.229 0.229 0.234 0.234 0.2365 0.2365 0.1815 0.1815 0.1815 0.1865 0.1865 0.1825 0.1825 0.1585 0.1585 0.1585 0.149
0.225 0.225 0.2375 0.2375 0.249 0.249 0.248 0.248 0.248 0.261 0.261 0.2645 0.2645 0.246 0.246 0.2375 0.2375 0.2375 0.2525 0.2525 0.218 0.218 0.2235 0.2235 0.2235 0.2145 0.2145 0.221 0.221 0.218 0.218 0.218 0.218 0.218 0.2625 0.2625 0.2415 0.2415 0.2415 0.2385 0.2385 0.256 0.256 0.2545 0.2545 0.2545 0.2415 0.2415 0.2335 0.2335 0.266 0.266 0.2605 0.2605 0.2605 0.285 0.285 0.262 0.262 0.271 0.271 0.271 0.2745 0.2745 0.2585 0.2585 0.2065 0.2065 0.2065 0.187 0.187 0.1885 0.1885 0.176 0.176 0.176 0.1655
0.225 0.225 0.2375 0.2375 0.249 0.249 0.248 0.248 0.248 0.261 0.261 0.2645 0.2645 0.246 0.246 0.2375 0.2375 0.2375 0.2525 0.2525 0.218 0.218 0.2235 0.2235 0.2235 0.2145 0.2145 0.221 0.221 0.218 0.218 0.218 0.218 0.218 0.2625 0.2625 0.2415 0.2415 0.2415 0.2385 0.2385 0.256 0.256 0.2545 0.2545 0.2545 0.2415 0.2415 0.2335 0.2335 0.266 0.266 0.2605 0.2605 0.2605 0.285 0.285 0.262 0.262 0.271 0.271 0.271 0.2745 0.2745 0.2585 0.2585 0.2065 0.2065 0.2065 0.187 0.187 0.1885 0.1885 0.176 0.176 0.176 0.1655
0.2275 0.2275 0.2285 0.2285 0.2415 0.2415 0.23 0.23 0.23 0.245 0.245 0.229 0.229 0.231 0.231 0.2255 0.2255 0.2255 0.2275 0.2275 0.221 0.221 0.225 0.225 0.225 0.221 0.221 0.2225 0.2225 0.213 0.213 0.213 0.2395 0.2395 0.245 0.245 0.239 0.239 0.239 0.244 0.244 0.2555 0.2555 0.2545 0.2545 0.2545 0.2555 0.2555 0.241 0.241 0.2725 0.2725 0.2425 0.2425 0.2425 0.2725 0.2725 0.2695 0.2695 0.2655 0.2655 0.2655 0.273 0.273 0.2615 0.2615 0.217 0.217 0.217 0.2055 0.2055 0.197 0.197 0.2005 0.2005 0.2005 0.203
0.2275 0.2275 0.2285 0.2285 0.2415 0.2415 0.23 0.23 0.23 0.245 0.245 0.229 0.229 0.231 0.231 0.2255 0.2255 0.2255 0.2275 0.2275 0.221 0.221 0.225 0.225 0.225 0.221 0.221 0.2225 0.2225 0.213 0.213 0.213 0.2395 0.2395 0.245 0.245 0.239 0.239 0.239 0.244 0.244 0.2555 0.2555 0.2545 0.2545 0.2545 0.2555 0.2555 0.241 0.241 0.2725 0.2725 0.2425 0.2425 0.2425 0.2725 0.2725 0.2695 0.2695 0.2655 0.2655 0.2655 0.273 0.273 0.2615 0.2615 0.217 0.217 0.217 0.2055 0.2055 0.197 0.197 0.2005 0.2005 0.2005 0.203
0.2275 0.2275 0.2285 0.2285 0.2415 0.2415 0.23 0.23 0.23 0.245 0.245 0.229 0.229 0.231 0.231 0.2255 0.2255 0.2255 0.2275 0.2275 0.221 0.221 0.225 0.225 0.225 0.221 0.221 0.2225 0.2225 0.213 0.213 0.213 0.2395 0.2395 0.245 0.245 0.239 0.239 0.239 0.244 0.244 0.2555 0.2555 0.2545 0.2545 0.2545 0.2555 0.2555 0.241 0.241 0.2725 0.2725 0.2425 0.2425 0.2425 0.2725 0.2725 0.2695 0.2695 0.2655 0.2655 0.2655 0.273 0.273 0.2615 0.2615 0.217 0.217 0.217 0.2055 0.2055 0.197 0.197 0.2005 0.2005 0.2005 0.203
0.2485 0.2485 0.242 0.242 0.2325 0.2325 0.222 0.222 0.222 0.237 0.237 0.234 0.234 0.222 0.222 0.223 0.223 0.223 0.234 0.234 0.2125 0.2125 0.212 0.212 0.212 0.2045 0.2045 0.2225 0.2225 0.2205 0.2205 0.2205 0.2125 0.2125 0.235 0.235 0.233 0.233 0.233 0.245 0.245 0.253 0.253 0.2655 0.2655 0.2655 0.2865 0.2865 0.256 0.256 0.2415 0.2415 0.2605 0.2605 0.2605 0.269 0.269 0.2755 0.2755 0.2505 0.2505 0.2505 0.2605 0.2605 0.2665 0.2665 0.24 0.24 0.24 0.2175 0.2175 0.213 0.213 0.1785 0.1785 0.1785 0.1645
0.2485 0.2485 0.242 0.242 0.2325 0.2325 0.222 0.222 0.222 0.237 0.237 0.234 0.234 0.222 0.222 0.223 0.223 0.223 0.234 0.234 0.2125 0.2125 0.212 0.212 0.212 0.2045 0.2045 0.2225 0.2225 0.2205 0.2205 0.2205 0.2125 0.2125 0.235 0.235 0.233 0.233 0.233 0.245 0.245 0.253 0.253 0.2655 0.2655 0.2655 0.2865 0.2865 0.256 0.256 0.2415 0.2415 0.2605 0.2605 0.2605 0.269 0.269 0.2755 0.2755 0.2505 0.2505 0.2505 0.2605 0.2605 0.2665 0.2665 0.24 0.24 0.24 0.2175 0.2175 0.213 0.213 0.1785 0.1785 0.1785 0.1645
0.257 0.257 0.242 0.242 0.2365 0.2365 0.2365 0.2365 0.2365 0.2285 0.2285 0.232 0.232 0.2355 0.2355 0.23 0.23 0.23 0.2285 0.2285 0.239 0.239 0.235 0.235 0.235 0.224 0.224 0.227 0.227 0.226 0.226 0.226 0.2195 0.2195 0.2375 0.2375 0.235 0.235 0.235 0.2525 0.2525 0.254 0.254 0.2495 0.2495 0.2495 0.272 0.272 0.2655 0.2655 0.2685 0.2685 0.2495 0.2495 0.2495 0.2625 0.2625 0.2585 0.2585 0.2505 0.2505 0.2505 0.259 0.259 0.26 0.26 0.26 0.26 0.26 0.2585 0.2585 0.2575 0.2575 0.243 0.243 0.243 0.2745
0.257 0.257 0.242 0.242 0.2365 0.2365 0.2365 0.2365 0.2365 0.2285 0.2285 0.232 0.232 0.2355 0.2355 0.23 0.23 0.23 0.2285 0.2285 0.239 0.239 0.235 0.235 0.235 0.224 0.224 0.227 0.227 0.226 0.226 0.226 0.2195 0.2195 0.2375 0.2375 0.235 0.235 0.235 0.2525 0.2525 0.254 0.254 0.2495 0.2495 0.2495 0.272 0.272 0.2655 0.2655 0.2685 0.2685 0.2495 0.2495 0.2495 0.2625 0.2625 0.2585 0.2585 0.2505 0.2505 0.2505 0.259 0.259 0.26 0.26 0.26 0.26 0.26 0.2585 0.2585 0.2575 0.2575 0.243 0.243 0.243 0.2745
0.2485 0.2485 0.269 0.269 0.2465 0.2465 0.2475 0.2475 0.2475 0.241 0.241 0.25 0.25 0.2425 0.2425 0.2255 0.2255 0.2255 0.2315 0.2315 0.2375 0.2375 0.242 0.242 0.242 0.238 0.238 0.238 0.238 0.2325 0.2325 0.2325 0.239 0.239 0.262 0.262 0.2505 0.2505 0.2505 0.2675 0.2675 0.2665 0.2665 0.2535 0.2535 0.2535 0.26 0.26 0.2575 0.2575 0.257 0.257 0.225 0.225 0.225 0.2655 0.2655 0.2365 0.2365 0.2435 0.2435 0.2435 0.262 0.262 0.2725 0.2725 0.26 0.26 0.26 0.2435 0.2435 0.2285 0.2285 0.233 0.233 0.233 0.2145
0.2485 0.2485 0.269 0.269 0.2465 0.2465 0.2475 0.2475 0.2475 0.241 0.241 0.25 0.25 0.2425 0.2425 0.2255 0.2255 0.2255 0.2315 0.2315 0.2375 0.2375 0.242 0.242 0.242 0.238 0.238 0.238 0.238 0.2325 0.2325 0.2325 0.239 0.239 0.262 0.262 0.2505 0.2505 0.2505 0.2675 0.2675 0.2665 0.2665 0.2535 0.2535 0.2535 0.26 0.26 0.2575 0.2575 0.257 0.257 0.225 0.225 0.225 0.2655 0.2655 0.2365 0.2365 0.2435 0.2435 0.2435 0.262 0.262 0.2725 0.2725 0.26 0.26 0.26 0.2435 0.2435 0.2285 0.2285 0.233 0.233 0.233 0.2145
0.2485 0.2485 0.269 0.269 0.2465 0.2465 0.2475 0.2475 0.2475 0.241 0.241 0.25 0.25 0.2425 0.2425 0.2255 0.2255 0.2255 0.2315 0.2315 0.2375 0.2375 0.242 0.242 0.242 0.238 0.238 0.238 0.238 0.2325 0.2325 0.2325 0.239 0.239 0.262 0.262 0.2505 0.2505 0.2505 0.2675 0.2675 0.2665 0.2665 0.2535 0.2535 0.2535 0.26 0.26 0.2575 0.2575 0.257 0.257 0.225 0.225 0.225 0.2655 0.2655 0.2365 0.2365 0.2435 0.2435 0.2435 0.262 0.262 0.2725 0.2725 0.26 0.26 0.26 0.2435 0.2435 0.2285 0.2285 0.233 0.233 0.233 0.2145
0.247 0.247 0.253 0.253 0.2495 0.2495 0.2245 0.2245 0.2245 0.2355 0.2355 0.244 0.244 0.248 0.248 0.2355 0.2355 0.2355 0.2275 0.2275 0.2335 0.2335 0.2365 0.2365 0.2365 0.244 0.244 0.247 0.247 0.253 0.253 0.253 0.2385 0.2385 0.252 0.252 0.2545 0.2545 0.2545 0.251 0.251 0.254 0.254 0.265 0.265 0.265 0.2645 0.2645 0.2645 0.2645 0.273 0.273 0.284 0.284 0.284 0.2565 0.2565 0.241 0.241 0.258 0.258 0.258 0.247 0.247 0.2405 0.2405 0.262 0.262 0.262 0.303 0.303 0.303 0.303 0.2225 0.2225 0.2225 0.244
0.247 0.247 0.253 0.253 0.2495 0.2495 0.2245 0.2245 0.2245 0.2355 0.2355 0.244 0.244 0.248 0.248 0.2355 0.2355 0.2355 0.2275 0.2275 0.2335 0.2335 0.2365 0.2365 0.2365 0.244 0.244 0.247 0.247 0.253 0.253 0.253 0.2385 0.2385 0.252 0.252 0.2545 0.2545 0.2545 0.251 0.251 0.254 0.254 0.265 0.265 0.265 0.2645 0.2645 0.2645 0.2645 0.273 0.273 0.284 0.284 0.284 0.2565 0.2565 0.241 0.241 0.258 0.258 0.258 0.247 0.247 0.2405 0.2405 0.262 0.262 0.262 0.303 0.303 0.303 0.303 0.2225 0.2225 0.2225 0.244
0.2485 0.2485 0.2385 0.2385 0.237 0.237 0.228 0.228 0.228 0.2375 0.2375 0.25 0.25 0.247 0.247 0.259 0.259 0.259 0.2595 0.2595 0.237 0.237 0.237 0.237 0.237 0.242 0.242 0.2225 0.2225 0.2405 0.2405 0.2405 0.238 0.238 0.251 0.251 0.259 0.259 0.259 0.27 0.27 0.2635 0.2635 0.2845 0.2845 0.2845 0.277 0.277 0.258 0.258 0.2705 0.2705 0.2715 0.2715 0.2715 0.262 0.262 0.2435 0.2435 0.2425 0.2425 0.2425 0.2675 0.2675 0.272 0.272 0.275 0.275 0.275 0.299 0.299 0.3 0.3 0.2665 0.2665 0.2665 0.2315
0.2485 0.2485 0.2385 0.2385 0.237 0.237 0.228 0.228 0.228 0.2375 0.2375 0.25 0.25 0.247 0.247 0.259 0.259 0.259 0.2595 0.2595 0.237 0.237 0.237 0.237 0.237 0.242 0.242 0.2225 0.2225 0.2405 0.2405 0.2405 0.238 0.238 0.251 0.251 0.259 0.259 0.259 0.27 0.27 0.2635 0.2635 0.2845 0.2845 0.2845 0.277 0.277 0.258 0.258 0.2705 0.2705 0.2715 0.2715 0.2715 0.262 0.262 0.2435 0.2435 0.2425 0.2425 0.2425 0.2675 0.2675 0.272 0.272 0.275 0.275 0.275 0.299 0.299 0.3 0.3 0.2665 0.2665 0.2665 0.2315
0.2445 0.2445 0.232 0.232 0.235 0.235 0.2505 0.2505 0.2505 0.249 0.249 0.2385 0.2385 0.2455 0.2455 0.244 0.244 0.244 0.264 0.264 0.2565 0.2565 0.2635 0.2635 0.2635 0.2495 0.2495 0.2365 0.2365 0.251 0.251 0.251 0.242 0.242 0.27 0.27 0.2765 0.2765 0.2765 0.2645 0.2645 0.264 0.264 0.26 0.26 0.26 0.273 0.273 0.284 0.284 0.282 0.282 0.2765 0.2765 0.2765 0.285 0.285 0.2545 0.2545 0.2415 0.2415 0.2415 0.258 0.258 0.3335 0.3335 0.2715 0.2715 0.2715 0.28 0.28 0.245 0.245 0.245 0.245 0.245 0.234
0.2445 0.2445 0.232 0.232 0.235 0.235 0.2505 0.2505 0.2505 0.249 0.249 0.2385 0.2385 0.2455 0.2455 0.244 0.244 0.244 0.264 0.264 0.2565 0.2565 0.2635 0.2635 0.2635 0.2495 0.2495 0.2365 0.2365 0.251 0.251 0.251 0.242 0.242 0.27 0.27 0.2765 0.2765 0.2765 0.2645 0.2645 0.264 0.264 0.26 0.26 0.26 0.273 0.273 0.284 0.284 0.282 0.282 0.2765 0.2765 0.2765 0.285 0.285 0.2545 0.2545 0.2415 0.2415 0.2415 0.258 0.258 0.3335 0.3335 0.2715 0.2715 0.2715 0.28 0.28 0.245 0.245 0.245 0.245 0.245 0.234
0.261 0.261 0.251 0.251 0.2495 0.2495 0.247 0.247 0.247 0.256 0.256 0.2605 0.2605 0.25 0.25 0.258 0.258 0.258 0.254 0.254 0.2495 0.2495 0.2495 0.2495 0.2495 0.2475 0.2475 0.24 0.24 0.232 0.232 0.232 0.2325 0.2325 0.2445 0.2445 0.266 0.266 0.266 0.2715 0.2715 0.27 0.27 0.2645 0.2645 0.2645 0.261 0.261 0.2735 0.2735 0.277 0.277 0.272 0.272 0.272 0.25 0.25 0.2455 0.2455 0.2385 0.2385 0.2385 0.2585 0.2585 0.269 0.269 0.27 0.27 0.27 0.258 0.258 0.224 0.224 0.229 0.229 0.229 0.2295
0.261 0.261 0.251 0.251 0.2495 0.2495 0.247 0.247 0.247 0.256 0.256 0.2605 0.2605 0.25 0.25 0.258 0.258 0.258 0.254 0.254 0.2495 0.2495 0.2495 0.2495 0.2495 0.2475 0.2475 0.24 0.24 0.232 0.232 0.232 0.2325 0.2325 0.2445 0.2445 0.266 0.266 0.266 0.2715 0.2715 0.27 0.27 0.2645 0.2645 0.2645 0.261 0.261 0.2735 0.2735 0.277 0.277 0.272 0.272 0.272 0.25 0.25 0.2455 0.2455 0.2385 0.2385 0.2385 0.2585 0.2585 0.269 0.269 0.27 0.27 0.27 0.258 0.258 0.224 0.224 0.229 0.229 0.229 0.2295
