ndvi/NOAA-206.asc
ncols         252
nrows         154
xllcorner     -18.017974
yllcorner     13.481982
cellsize      0.035948
NODATA_value  -9999
[rows 34 to 67 of 154, columns 77 to 153 of 252]
0.147 0.147 0.147 0.147 0.1425 0.1425 0.14 0.14 0.14 0.1385 0.1385 0.145 0.145 0.149 0.149 0.1535 0.1535 0.1535 0.1505 0.1505 0.1525 0.1525 0.153 0.153 0.153 0.153 0.153 0.1535 0.1535 0.154 0.154 0.154 0.1525 0.1525 0.151 0.151 0.1475 0.1475 0.1475 0.1485 0.1485 0.149 0.149 0.1585 0.1585 0.1585 0.1565 0.1565 0.154 0.154 0.153 0.153 0.16 0.16 0.16 0.155 0.155 0.164 0.164 0.166 0.166 0.166 0.17 0.17 0.1755 0.1755 0.171 0.171 0.171 0.161 0.161 0.1375 0.1375 0.1225 0.1225 0.1225 0.145
0.147 0.147 0.147 0.147 0.1425 0.1425 0.14 0.14 0.14 0.1385 0.1385 0.145 0.145 0.149 0.149 0.1535 0.1535 0.1535 0.1505 0.1505 0.1525 0.1525 0.153 0.153 0.153 0.153 0.153 0.1535 0.1535 0.154 0.154 0.154 0.1525 0.1525 0.151 0.151 0.1475 0.1475 0.1475 0.1485 0.1485 0.149 0.149 0.1585 0.1585 0.1585 0.1565 0.1565 0.154 0.154 0.153 0.153 0.16 0.16 0.16 0.155 0.155 0.164 0.164 0.166 0.166 0.166 0.17 0.17 0.1755 0.1755 0.171 0.171 0.171 0.161 0.161 0.1375 0.1375 0.1225 0.1225 0.1225 0.145
0.147 0.147 0.147 0.147 0.1425 0.1425 0.14 0.14 0.14 0.1385 0.1385 0.145 0.145 0.149 0.149 0.1535 0.1535 0.1535 0.1505 0.1505 0.1525 0.1525 0.153 0.153 0.153 0.153 0.153 0.1535 0.1535 0.154 0.154 0.154 0.1525 0.1525 0.151 0.151 0.1475 0.1475 0.1475 0.1485 0.1485 0.149 0.149 0.1585 0.1585 0.1585 0.1565 0.1565 0.154 0.154 0.153 0.153 0.16 0.16 0.16 0.155 0.155 0.164 0.164 0.166 0.166 0.166 0.17 0.17 0.1755 0.1755 0.171 0.171 0.171 0.161 0.161 0.1375 0.1375 0.1225 0.1225 0.1225 0.145
0.1555 0.1555 0.158 0.158 0.1575 0.1575 0.156 0.156 0.156 0.155 0.155 0.158 0.158 0.1665 0.1665 0.1545 0.1545 0.1545 0.1555 0.1555 0.1575 0.1575 0.1595 0.1595 0.1595 0.164 0.164 0.164 0.164 0.166 0.166 0.166 0.161 0.161 0.165 0.165 0.154 0.154 0.154 0.1575 0.1575 0.162 0.162 0.1655 0.1655 0.1655 0.1645 0.1645 0.1605 0.1605 0.166 0.166 0.1685 0.1685 0.1685 0.1765 0.1765 0.1995 0.1995 0.1985 0.1985 0.1985 0.185 0.185 0.1815 0.1815 0.1735 0.1735 0.1735 0.167 0.167 0.14 0.14 0.135 0.135 0.135 0.134
0.1555 0.1555 0.158 0.158 0.1575 0.1575 0.156 0.156 0.156 0.155 0.155 0.158 0.158 0.1665 0.1665 0.1545 0.1545 0.1545 0.1555 0.1555 0.1575 0.1575 0.1595 0.1595 0.1595 0.164 0.164 0.164 0.164 0.166 0.166 0.166 0.161 0.161 0.165 0.165 0.154 0.154 0.154 0.1575 0.1575 0.162 0.162 0.1655 0.1655 0.1655 0.1645 0.1645 0.1605 0.1605 0.166 0.166 0.1685 0.1685 0.1685 0.1765 0.1765 0.1995 0.1995 0.1985 0.1985 0.1985 0.185 0.185 0.1815 0.1815 0.1735 0.1735 0.1735 0.167 0.167 0.14 0.14 0.135 0.135 0.135 0.134
0.164 0.164 0.157 0.157 0.155 0.155 0.1535 0.1535 0.1535 0.1565 0.1565 0.162 0.162 0.1655 0.1655 0.167 0.167 0.167 0.1555 0.1555 0.159 0.159 0.165 0.165 0.165 0.1655 0.1655 0.1725 0.1725 0.1815 0.1815 0.1815 0.179 0.179 0.1715 0.1715 0.1665 0.1665 0.1665 0.165 0.165 0.1705 0.1705 0.1885 0.1885 0.1885 0.19 0.19 0.184 0.184 0.188 0.188 0.226 0.226 0.226 0.2105 0.2105 0.2115 0.2115 0.202 0.202 0.202 0.1865 0.1865 0.179 0.179 0.1625 0.1625 0.1625 0.161 0.161 0.128 0.128 0.1235 0.1235 0.1235 0.143
0.164 0.164 0.157 0.157 0.155 0.155 0.1535 0.1535 0.1535 0.1565 0.1565 0.162 0.162 0.1655 0.1655 0.167 0.167 0.167 0.1555 0.1555 0.159 0.159 0.165 0.165 0.165 0.1655 0.1655 0.1725 0.1725 0.1815 0.1815 0.1815 0.179 0.179 0.1715 0.1715 0.1665 0.1665 0.1665 0.165 0.165 0.1705 0.1705 0.1885 0.1885 0.1885 0.19 0.19 0.184 0.184 0.188 0.188 0.226 0.226 0.226 0.2105 0.2105 0.2115 0.2115 0.202 0.202 0.202 0.1865 0.1865 0.179 0.179 0.1625 0.1625 0.1625 0.161 0.161 0.128 0.128 0.1235 0.1235 0.1235 0.143
0.1685 0.1685 0.16 0.16 0.157 0.157 0.163 0.163 0.163 0.163 0.163 0.1645 0.1645 0.171 0.171 0.172 0.172 0.172 0.1515 0.1515 0.157 0.157 0.159 0.159 0.159 0.1755 0.1755 0.1865 0.1865 0.189 0.189 0.189 0.185 0.185 0.177 0.177 0.179 0.179 0.179 0.1775 0.1775 0.1925 0.1925 0.1985 0.1985 0.1985 0.1955 0.1955 0.1925 0.1925 0.195 0.195 0.239 0.239 0.239 0.217 0.217 0.1965 0.1965 0.183 0.183 0.183 0.1735 0.1735 0.1645 0.1645 0.143 0.143 0.143 0.152 0.152 0.138 0.138 0.129 0.129 0.129 0.138
0.1685 0.1685 0.16 0.16 0.157 0.157 0.163 0.163 0.163 0.163 0.163 0.1645 0.1645 0.171 0.171 0.172 0.172 0.172 0.1515 0.1515 0.157 0.157 0.159 0.159 0.159 0.1755 0.1755 0.1865 0.1865 0.189 0.189 0.189 0.185 0.185 0.177 0.177 0.179 0.179 0.179 0.1775 0.1775 0.1925 0.1925 0.1985 0.1985 0.1985 0.1955 0.1955 0.1925 0.1925 0.195 0.195 0.239 0.239 0.239 0.217 0.217 0.1965 0.1965 0.183 0.183 0.183 0.1735 0.1735 0.1645 0.1645 0.143 0.143 0.143 0.152 0.152 0.138 0.138 0.129 0.129 0.129 0.138
0.1685 0.1685 0.16 0.16 0.157 0.157 0.163 0.163 0.163 0.163 0.163 0.1645 0.1645 0.171 0.171 0.172 0.172 0.172 0.1515 0.1515 0.157 0.157 0.159 0.159 0.159 0.1755 0.1755 0.1865 0.1865 0.189 0.189 0.189 0.185 0.185 0.177 0.177 0.179 0.179 0.179 0.1775 0.1775 0.1925 0.1925 0.1985 0.1985 0.1985 0.1955 0.1955 0.1925 0.1925 0.195 0.195 0.239 0.239 0.239 0.217 0.217 0.1965 0.1965 0.183 0.183 0.183 0.1735 0.1735 0.1645 0.1645 0.143 0.143 0.143 0.152 0.152 0.138 0.138 0.129 0.129 0.129 0.138
0.177 0.177 0.1675 0.1675 0.1585 0.1585 0.1595 0.1595 0.1595 0.1575 0.1575 0.1595 0.1595 0.166 0.166 0.171 0.171 0.171 0.175 0.175 0.161 0.161 0.1615 0.1615 0.1615 0.1765 0.1765 0.1845 0.1845 0.188 0.188 0.188 0.203 0.203 0.2015 0.2015 0.203 0.203 0.203 0.1975 0.1975 0.209 0.209 0.2015 0.2015 0.2015 0.1795 0.1795 0.1885 0.1885 0.1795 0.1795 0.205 0.205 0.205 0.1955 0.1955 0.1925 0.1925 0.172 0.172 0.172 0.166 0.166 0.146 0.146 0.146 0.146 0.146 0.1465 0.1465 0.131 0.131 0.1285 0.1285 0.1285 0.1195
0.177 0.177 0.1675 0.1675 0.1585 0.1585 0.1595 0.1595 0.1595 0.1575 0.1575 0.1595 0.1595 0.166 0.166 0.171 0.171 0.171 0.175 0.175 0.161 0.161 0.1615 0.1615 0.1615 0.1765 0.1765 0.1845 0.1845 0.188 0.188 0.188 0.203 0.203 0.2015 0.2015 0.203 0.203 0.203 0.1975 0.1975 0.209 0.209 0.2015 0.2015 0.2015 0.1795 0.1795 0.1885 0.1885 0.1795 0.1795 0.205 0.205 0.205 0.1955 0.1955 0.1925 0.1925 0.172 0.172 0.172 0.166 0.166 0.146 0.146 0.146 0.146 0.146 0.1465 0.1465 0.131 0.131 0.1285 0.1285 0.1285 0.1195
0.1785 0.1785 0.172 0.172 0.1665 0.1665 0.1675 0.1675 0.1675 0.157 0.157 0.1525 0.1525 0.1565 0.1565 0.1675 0.1675 0.1675 0.1725 0.1725 0.178 0.178 0.186 0.186 0.186 0.1735 0.1735 0.1885 0.1885 0.198 0.198 0.198 0.224 0.224 0.2205 0.2205 0.2 0.2 0.2 0.159 0.159 0.1695 0.1695 0.183 0.183 0.183 0.1765 0.1765 0.2125 0.2125 0.201 0.201 0.201 0.201 0.201 0.1855 0.1855 0.181 0.181 0.171 0.171 0.171 0.1705 0.1705 0.156 0.156 0.15 0.15 0.15 0.1555 0.1555 0.147 0.147 0.1425 0.1425 0.1425 0.133
0.1785 0.1785 0.172 0.172 0.1665 0.1665 0.1675 0.1675 0.1675 0.157 0.157 0.1525 0.1525 0.1565 0.1565 0.1675 0.1675 0.1675 0.1725 0.1725 0.178 0.178 0.186 0.186 0.186 0.1735 0.1735 0.1885 0.1885 0.198 0.198 0.198 0.224 0.224 0.2205 0.2205 0.2 0.2 0.2 0.159 0.159 0.1695 0.1695 0.183 0.183 0.183 0.1765 0.1765 0.2125 0.2125 0.201 0.201 0.201 0.201 0.201 0.1855 0.1855 0.181 0.181 0.171 0.171 0.171 0.1705 0.1705 0.156 0.156 0.15 0.15 0.15 0.1555 0.1555 0.147 0.147 0.1425 0.1425 0.1425 0.133
0.19 0.19 0.176 0.176 0.179 0.179 0.161 0.161 0.161 0.162 0.162 0.1625 0.1625 0.169 0.169 0.188 0.188 0.188 0.1965 0.1965 0.2115 0.2115 0.2075 0.2075 0.2075 0.1985 0.1985 0.216 0.216 0.209 0.209 0.209 0.2355 0.2355 0.2415 0.2415 0.1865 0.1865 0.1865 0.162 0.162 0.16 0.16 0.1855 0.1855 0.1855 0.1945 0.1945 0.1955 0.1955 0.1905 0.1905 0.1885 0.1885 0.1885 0.18 0.18 0.18 0.18 0.1735 0.1735 0.1735 0.1845 0.1845 0.166 0.166 0.1855 0.1855 0.1855 0.172 0.172 0.172 0.172 0.1365 0.1365 0.1365 0.1295
0.19 0.19 0.176 0.176 0.179 0.179 0.161 0.161 0.161 0.162 0.162 0.1625 0.1625 0.169 0.169 0.188 0.188 0.188 0.1965 0.1965 0.2115 0.2115 0.2075 0.2075 0.2075 0.1985 0.1985 0.216 0.216 0.209 0.209 0.209 0.2355 0.2355 0.2415 0.2415 0.1865 0.1865 0.1865 0.162 0.162 0.16 0.16 0.1855 0.1855 0.1855 0.1945 0.1945 0.1955 0.1955 0.1905 0.1905 0.1885 0.1885 0.1885 0.18 0.18 0.18 0.18 0.1735 0.1735 0.1735 0.1845 0.1845 0.166 0.166 0.1855 0.1855 0.1855 0.172 0.172 0.172 0.172 0.1365 0.1365 0.1365 0.1295
0.19 0.19 0.176 0.176 0.179 0.179 0.161 0.161 0.161 0.162 0.162 0.1625 0.1625 0.169 0.169 0.188 0.188 0.188 0.1965 0.1965 0.2115 0.2115 0.2075 0.2075 0.2075 0.1985 0.1985 0.216 0.216 0.209 0.209 0.209 0.2355 0.2355 0.2415 0.2415 0.1865 0.1865 0.1865 0.162 0.162 0.16 0.16 0.1855 0.1855 0.1855 0.1945 0.1945 0.1955 0.1955 0.1905 0.1905 0.1885 0.1885 0.1885 0.18 0.18 0.18 0.18 0.1735 0.1735 0.1735 0.1845 0.1845 0.166 0.166 0.1855 0.1855 0.1855 0.172 0.172 0.172 0.172 0.1365 0.1365 0.1365 0.1295
0.1935 0.1935 0.1885 0.1885 0.1915 0.1915 0.2025 0.2025 0.2025 0.2005 0.2005 0.2105 0.2105 0.2095 0.2095 0.2135 0.2135 0.2135 0.211 0.211 0.212 0.212 0.217 0.217 0.217 0.211 0.211 0.208 0.208 0.196 0.196 0.196 0.2135 0.2135 0.216 0.216 0.21 0.21 0.21 0.153 0.153 0.17 0.17 0.155 0.155 0.155 0.194 0.194 0.165 0.165 0.187 0.187 0.1865 0.1865 0.1865 0.1865 0.1865 0.191 0.191 0.1925 0.1925 0.1925 0.1885 0.1885 0.187 0.187 0.1945 0.1945 0.1945 0.205 0.205 0.201 0.201 0.165 0.165 0.165 0.1305
0.1935 0.1935 0.1885 0.1885 0.1915 0.1915 0.2025 0.2025 0.2025 0.2005 0.2005 0.2105 0.2105 0.2095 0.2095 0.2135 0.2135 0.2135 0.211 0.211 0.212 0.212 0.217 0.217 0.217 0.211 0.211 0.208 0.208 0.196 0.196 0.196 0.2135 0.2135 0.216 0.216 0.21 0.21 0.21 0.153 0.153 0.17 0.17 0.155 0.155 0.155 0.194 0.194 0.165 0.165 0.187 0.187 0.1865 0.1865 0.1865 0.1865 0.1865 0.191 0.191 0.1925 0.1925 0.1925 0.1885 0.1885 0.187 0.187 0.1945 0.1945 0.1945 0.205 0.205 0.201 0.201 0.165 0.165 0.165 0.1305
0.1985 0.1985 0.2085 0.2085 0.204 0.204 0.2 0.2 0.2 0.2105 0.2105 0.2145 0.2145 0.207 0.207 0.2135 0.2135 0.2135 0.2115 0.2115 0.2135 0.2135 0.2145 0.2145 0.2145 0.2115 0.2115 0.195 0.195 0.202 0.202 0.202 0.1795 0.1795 0.2145 0.2145 0.1995 0.1995 0.1995 0.1965 0.1965 0.172 0.172 0.156 0.156 0.156 0.1585 0.1585 0.1675 0.1675 0.1995 0.1995 0.2025 0.2025 0.2025 0.2055 0.2055 0.2205 0.2205 0.238 0.238 0.238 0.219 0.219 0.2385 0.2385 0.1985 0.1985 0.1985 0.187 0.187 0.19 0.19 0.1725 0.1725 0.1725 0.132
0.1985 0.1985 0.2085 0.2085 0.204 0.204 0.2 0.2 0.2 0.2105 0.2105 0.2145 0.2145 0.207 0.207 0.2135 0.2135 0.2135 0.2115 0.2115 0.2135 0.2135 0.2145 0.2145 0.2145 0.2115 0.2115 0.195 0.195 0.202 0.202 0.202 0.1795 0.1795 0.2145 0.2145 0.1995 0.1995 0.1995 0.1965 0.1965 0.172 0.172 0.156 0.156 0.156 0.1585 0.1585 0.1675 0.1675 0.1995 0.1995 0.2025 0.2025 0.2025 0.2055 0.2055 0.2205 0.2205 0.238 0.238 0.238 0.219 0.219 0.2385 0.2385 0.1985 0.1985 0.1985 0.187 0.187 0.19 0.19 0.1725 0.1725 0.1725 0.132
0.236 0.236 0.227 0.227 0.228 0.228 0.2165 0.2165 0.2165 0.217 0.217 0.214 0.214 0.212 0.212 0.2155 0.2155 0.2155 0.221 0.221 0.2025 0.2025 0.205 0.205 0.205 0.197 0.197 0.194 0.194 0.205 0.205 0.205 0.1725 0.1725 0.1855 0.1855 0.1835 0.1835 0.1835 0.19 0.19 0.1475 0.1475 0.159 0.159 0.159 0.15 0.15 0.1785 0.1785 0.1975 0.1975 0.199 0.199 0.199 0.2185 0.2185 0.2325 0.2325 0.2295 0.2295 0.2295 0.2205 0.2205 0.223 0.223 0.201 0.201 0.201 0.182 0.182 0.1705 0.1705 0.1655 0.1655 0.1655 0.1235
0.236 0.236 0.227 0.227 0.228 0.228 0.2165 0.2165 0.2165 0.217 0.217 0.214 0.214 0.212 0.212 0.2155 0.2155 0.2155 0.221 0.221 0.2025 0.2025 0.205 0.205 0.205 0.197 0.197 0.194 0.194 0.205 0.205 0.205 0.1725 0.1725 0.1855 0.1855 0.1835 0.1835 0.1835 0.19 0.19 0.1475 0.1475 0.159 0.159 0.159 0.15 0.15 0.1785 0.1785 0.1975 0.1975 0.199 0.199 0.199 0.2185 0.2185 0.2325 0.2325 0.2295 0.2295 0.2295 0.2205 0.2205 0.223 0.223 0.201 0.201 0.201 0.182 0.182 0.1705 0.1705 0.1655 0.1655 0.1655 0.1235
0.237 0.237 0.2235 0.2235 0.224 0.224 0.217 0.217 0.217 0.2225 0.2225 0.226 0.226 0.22 0.22 0.2295 0.2295 0.2295 0.2125 0.2125 0.2135 0.2135 0.201 0.201 0.201 0.2185 0.2185 0.2195 0.2195 0.215 0.215 0.215 0.194 0.194 0.1905 0.1905 0.1855 0.1855 0.1855 0.1865 0.1865 0.1765 0.1765 0.184 0.184 0.184 0.1575 0.1575 0.174 0.174 0.161 0.161 0.182 0.182 0.182 0.213 0.213 0.2095 0.2095 0.236 0.236 0.236 0.2215 0.2215 0.2195 0.2195 0.2105 0.2105 0.2105 0.1855 0.1855 0.1655 0.1655 0.1565 0.1565 0.1565 0.123
0.237 0.237 0.2235 0.2235 0.224 0.224 0.217 0.217 0.217 0.2225 0.2225 0.226 0.226 0.22 0.22 0.2295 0.2295 0.2295 0.2125 0.2125 0.2135 0.2135 0.201 0.201 0.201 0.2185 0.2185 0.2195 0.2195 0.215 0.215 0.215 0.194 0.194 0.1905 0.1905 0.1855 0.1855 0.1855 0.1865 0.1865 0.1765 0.1765 0.184 0.184 0.184 0.1575 0.1575 0.174 0.174 0.161 0.161 0.182 0.182 0.182 0.213 0.213 0.2095 0.2095 0.236 0.236 0.236 0.2215 0.2215 0.2195 0.2195 0.2105 0.2105 0.2105 0.1855 0.1855 0.1655 0.1655 0.1565 0.1565 0.1565 0.123
0.237 0.237 0.2235 0.2235 0.224 0.224 0.217 0.217 0.217 0.2225 0.2225 0.226 0.226 0.22 0.22 0.2295 0.2295 0.2295 0.2125 0.2125 0.2135 0.2135 0.201 0.201 0.201 0.2185 0.2185 0.2195 0.2195 0.215 0.215 0.215 0.194 0.194 0.1905 0.1905 0.1855 0.1855 0.1855 0.1865 0.1865 0.1765 0.1765 0.184 0.184 0.184 0.1575 0.1575 0.174 0.174 0.161 0.161 0.182 0.182 0.182 0.213 0.213 0.2095 0.2095 0.236 0.236 0.236 0.2215 0.2215 0.2195 0.2195 0.2105 0.2105 0.2105 0.1855 0.1855 0.1655 0.1655 0.1565 0.1565 0.1565 0.123
0.2245 0.2245 0.213 0.213 0.223 0.223 0.2185 0.2185 0.2185 0.2255 0.2255 0.2105 0.2105 0.209 0.209 0.212 0.212 0.212 0.183 0.183 0.2035 0.2035 0.2155 0.2155 0.2155 0.212 0.212 0.21 0.21 0.2105 0.2105 0.2105 0.216 0.216 0.2165 0.2165 0.197 0.197 0.197 0.174 0.174 0.1745 0.1745 0.195 0.195 0.195 0.181 0.181 0.1375 0.1375 0.139 0.139 0.146 0.146 0.146 0.14 0.14 0.1915 0.1915 0.215 0.215 0.215 0.2245 0.2245 0.218 0.218 0.23 0.23 0.23 0.211 0.211 0.201 0.201 0.159 0.159 0.159 0.142
0.2245 0.2245 0.213 0.213 0.223 0.223 0.2185 0.2185 0.2185 0.2255 0.2255 0.2105 0.2105 0.209 0.209 0.212 0.212 0.212 0.183 0.183 0.2035 0.2035 0.2155 0.2155 0.2155 0.212 0.212 0.21 0.21 0.2105 0.2105 0.2105 0.216 0.216 0.2165 0.2165 0.197 0.197 0.197 0.174 0.174 0.1745 0.1745 0.195 0.195 0.195 0.181 0.181 0.1375 0.1375 0.139 0.139 0.146 0.146 0.146 0.14 0.14 0.1915 0.1915 0.215 0.215 0.215 0.2245 0.2245 0.218 0.218 0.23 0.23 0.23 0.211 0.211 0.201 0.201 0.159 0.159 0.159 0.142
0.254 0.254 0.2675 0.2675 0.2785 0.2785 0.2855 0.2855 0.2855 0.2655 0.2655 0.264 0.264 0.23 0.23 0.2115 0.2115 0.2115 0.208 0.208 0.229 0.229 0.2295 0.2295 0.2295 0.2205 0.2205 0.218 0.218 0.206 0.206 0.206 0.206 0.206 0.212 0.212 0.199 0.199 0.199 0.201 0.201 0.1605 0.1605 0.174 0.174 0.174 0.164 0.164 0.132 0.132 0.1305 0.1305 0.125 0.125 0.125 0.1635 0.1635 0.182 0.182 0.2135 0.2135 0.2135 0.214 0.214 0.2205 0.2205 0.213 0.213 0.213 0.195 0.195 0.1865 0.1865 0.1635 0.1635 0.1635 0.1305
0.254 0.254 0.2675 0.2675 0.2785 0.2785 0.2855 0.2855 0.2855 0.2655 0.2655 0.264 0.264 0.23 0.23 0.2115 0.2115 0.2115 0.208 0.208 0.229 0.229 0.2295 0.2295 0.2295 0.2205 0.2205 0.218 0.218 0.206 0.206 0.206 0.206 0.206 0.212 0.212 0.199 0.199 0.199 0.201 0.201 0.1605 0.1605 0.174 0.174 0.174 0.164 0.164 0.132 0.132 0.1305 0.1305 0.125 0.125 0.125 0.1635 0.1635 0.182 0.182 0.2135 0.2135 0.2135 0.214 0.214 0.2205 0.2205 0.213 0.213 0.213 0.195 0.195 0.1865 0.1865 0.1635 0.1635 0.1635 0.1305
0.252 0.252 0.2905 0.2905 0.254 0.254 0.2665 0.2665 0.2665 0.3105 0.3105 0.2745 0.2745 0.2655 0.2655 0.26 0.26 0.26 0.2625 0.2625 0.256 0.256 0.2305 0.2305 0.2305 0.2225 0.2225 0.233 0.233 0.2115 0.2115 0.2115 0.2185 0.2185 0.2135 0.2135 0.2065 0.2065 0.2065 0.2155 0.2155 0.179 0.179 0.1425 0.1425 0.1425 0.1435 0.1435 0.1365 0.1365 0.1405 0.1405 0.1805 0.1805 0.1805 0.169 0.169 0.187 0.187 0.226 0.226 0.226 0.2205 0.2205 0.213 0.213 0.211 0.211 0.211 0.208 0.208 0.2 0.2 0.168 0.168 0.168 0.146
0.252 0.252 0.2905 0.2905 0.254 0.254 0.2665 0.2665 0.2665 0.3105 0.3105 0.2745 0.2745 0.2655 0.2655 0.26 0.26 0.26 0.2625 0.2625 0.256 0.256 0.2305 0.2305 0.2305 0.2225 0.2225 0.233 0.233 0.2115 0.2115 0.2115 0.2185 0.2185 0.2135 0.2135 0.2065 0.2065 0.2065 0.2155 0.2155 0.179 0.179 0.1425 0.1425 0.1425 0.1435 0.1435 0.1365 0.1365 0.1405 0.1405 0.1805 0.1805 0.1805 0.169 0.169 0.187 0.187 0.226 0.226 0.226 0.2205 0.2205 0.213 0.213 0.211 0.211 0.211 0.208 0.208 0.2 0.2 0.168 0.168 0.168 0.146
0.252 0.252 0.2905 0.2905 0.254 0.254 0.2665 0.2665 0.2665 0.3105 0.3105 0.2745 0.2745 0.2655 0.2655 0.26 0.26 0.26 0.2625 0.2625 0.256 0.256 0.2305 0.2305 0.2305 0.2225 0.2225 0.233 0.233 0.2115 0.2115 0.2115 0.2185 0.2185 0.2135 0.2135 0.2065 0.2065 0.2065 0.2155 0.2155 0.179 0.179 0.1425 0.1425 0.1425 0.1435 0.1435 0.1365 0.1365 0.1405 0.1405 0.1805 0.1805 0.1805 0.169 0.169 0.187 0.187 0.226 0.226 0.226 0.2205 0.2205 0.213 0.213 0.211 0.211 0.211 0.208 0.208 0.2 0.2 0.168 0.168 0.168 0.146
0.232 0.232 0.2835 0.2835 0.227 0.227 0.2185 0.2185 0.2185 0.252 0.252 0.226 0.226 0.2725 0.2725 0.26 0.26 0.26 0.2815 0.2815 0.284 0.284 0.2725 0.2725 0.2725 0.262 0.262 0.231 0.231 0.2205 0.2205 0.2205 0.211 0.211 0.2025 0.2025 0.197 0.197 0.197 0.2005 0.2005 0.1965 0.1965 0.1825 0.1825 0.1825 0.146 0.146 0.183 0.183 0.1805 0.1805 0.1915 0.1915 0.1915 0.192 0.192 0.1935 0.1935 0.221 0.221 0.221 0.2305 0.2305 0.2275 0.2275 0.218 0.218 0.218 0.21 0.21 0.203 0.203 0.1795 0.1795 0.1795 0.14
