ndvi/NOAA-223.asc
ncols         252
nrows         154
xllcorner     -18.017974
yllcorner     13.481982
cellsize      0.035948
NODATA_value  -9999
[rows 105 to 139 of 154, columns 154 to 230 of 252]
0.3915 0.402 0.402 0.337 0.337 0.337 0.303 0.303 0.336 0.336 0.39 0.39 0.375 0.375 0.375 0.392 0.392 0.347 0.347 0.3165 0.3165 0.3165 0.3265 0.3265 0.357 0.357 0.349 0.349 0.349 0.344 0.344 0.3165 0.3165 0.3265 0.3265 0.3265 0.395 0.395 0.4 0.4 0.3625 0.3625 0.3625 0.3655 0.3655 0.39 0.39 0.3885 0.3885 0.4435 0.4435 0.4435 0.3215 0.3215 0.4905 0.4905 0.469 0.469 0.469 0.418 0.418 0.4085 0.4085 0.373 0.373 0.373 0.352 0.352 0.3355 0.3355 0.351 0.351 0.351 0.355 0.355 0.327 0.327
0.402 0.417 0.417 0.4285 0.4285 0.4285 0.3265 0.3265 0.374 0.374 0.485 0.485 0.4555 0.4555 0.4555 0.3825 0.3825 0.3785 0.3785 0.3975 0.3975 0.3975 0.3155 0.3155 0.3595 0.3595 0.4315 0.4315 0.4315 0.4865 0.4865 0.4525 0.4525 0.5045 0.5045 0.5045 0.447 0.447 0.419 0.419 0.3875 0.3875 0.3875 0.3975 0.3975 0.403 0.403 0.408 0.408 0.4415 0.4415 0.4415 0.474 0.474 0.521 0.521 0.526 0.526 0.526 0.422 0.422 0.405 0.405 0.404 0.404 0.404 0.403 0.403 0.3755 0.3755 0.3615 0.3615 0.3615 0.381 0.381 0.416 0.416
0.402 0.417 0.417 0.4285 0.4285 0.4285 0.3265 0.3265 0.374 0.374 0.485 0.485 0.4555 0.4555 0.4555 0.3825 0.3825 0.3785 0.3785 0.3975 0.3975 0.3975 0.3155 0.3155 0.3595 0.3595 0.4315 0.4315 0.4315 0.4865 0.4865 0.4525 0.4525 0.5045 0.5045 0.5045 0.447 0.447 0.419 0.419 0.3875 0.3875 0.3875 0.3975 0.3975 0.403 0.403 0.408 0.408 0.4415 0.4415 0.4415 0.474 0.474 0.521 0.521 0.526 0.526 0.526 0.422 0.422 0.405 0.405 0.404 0.404 0.404 0.403 0.403 0.3755 0.3755 0.3615 0.3615 0.3615 0.381 0.381 0.416 0.416
0.4115 0.4305 0.4305 0.4745 0.4745 0.4745 0.4945 0.4945 0.475 0.475 0.476 0.476 0.447 0.447 0.447 0.455 0.455 0.386 0.386 0.3705 0.3705 0.3705 0.4 0.4 0.4385 0.4385 0.4855 0.4855 0.4855 0.478 0.478 0.475 0.475 0.5015 0.5015 0.5015 0.4835 0.4835 0.455 0.455 0.432 0.432 0.432 0.415 0.415 0.4015 0.4015 0.444 0.444 0.4335 0.4335 0.4335 0.4825 0.4825 0.5615 0.5615 0.527 0.527 0.527 0.443 0.443 0.444 0.444 0.4895 0.4895 0.4895 0.491 0.491 0.478 0.478 0.487 0.487 0.487 0.4615 0.4615 0.441 0.441
0.4115 0.4305 0.4305 0.4745 0.4745 0.4745 0.4945 0.4945 0.475 0.475 0.476 0.476 0.447 0.447 0.447 0.455 0.455 0.386 0.386 0.3705 0.3705 0.3705 0.4 0.4 0.4385 0.4385 0.4855 0.4855 0.4855 0.478 0.478 0.475 0.475 0.5015 0.5015 0.5015 0.4835 0.4835 0.455 0.455 0.432 0.432 0.432 0.415 0.415 0.4015 0.4015 0.444 0.444 0.4335 0.4335 0.4335 0.4825 0.4825 0.5615 0.5615 0.527 0.527 0.527 0.443 0.443 0.444 0.444 0.4895 0.4895 0.4895 0.491 0.491 0.478 0.478 0.487 0.487 0.487 0.4615 0.4615 0.441 0.441
0.3825 0.4645 0.4645 0.476 0.476 0.476 0.4555 0.4555 0.457 0.457 0.4215 0.4215 0.452 0.452 0.452 0.451 0.451 0.4095 0.4095 0.427 0.427 0.427 0.421 0.421 0.4715 0.4715 0.428 0.428 0.428 0.4715 0.4715 0.4705 0.4705 0.4925 0.4925 0.4925 0.4645 0.4645 0.4595 0.4595 0.4955 0.4955 0.4955 0.483 0.483 0.4365 0.4365 0.4635 0.4635 0.4705 0.4705 0.4705 0.5635 0.5635 0.577 0.577 0.51 0.51 0.51 0.477 0.477 0.4815 0.4815 0.469 0.469 0.469 0.4755 0.4755 0.4845 0.4845 0.442 0.442 0.442 0.4325 0.4325 0.4135 0.4135
0.3825 0.4645 0.4645 0.476 0.476 0.476 0.4555 0.4555 0.457 0.457 0.4215 0.4215 0.452 0.452 0.452 0.451 0.451 0.4095 0.4095 0.427 0.427 0.427 0.421 0.421 0.4715 0.4715 0.428 0.428 0.428 0.4715 0.4715 0.4705 0.4705 0.4925 0.4925 0.4925 0.4645 0.4645 0.4595 0.4595 0.4955 0.4955 0.4955 0.483 0.483 0.4365 0.4365 0.4635 0.4635 0.4705 0.4705 0.4705 0.5635 0.5635 0.577 0.577 0.51 0.51 0.51 0.477 0.477 0.4815 0.4815 0.469 0.469 0.469 0.4755 0.4755 0.4845 0.4845 0.442 0.442 0.442 0.4325 0.4325 0.4135 0.4135
0.3825 0.4645 0.4645 0.476 0.476 0.476 0.4555 0.4555 0.457 0.457 0.4215 0.4215 0.452 0.452 0.452 0.451 0.451 0.4095 0.4095 0.427 0.427 0.427 0.421 0.421 0.4715 0.4715 0.428 0.428 0.428 0.4715 0.4715 0.4705 0.4705 0.4925 0.4925 0.4925 0.4645 0.4645 0.4595 0.4595 0.4955 0.4955 0.4955 0.483 0.483 0.4365 0.4365 0.4635 0.4635 0.4705 0.4705 0.4705 0.5635 0.5635 0.577 0.577 0.51 0.51 0.51 0.477 0.477 0.4815 0.4815 0.469 0.469 0.469 0.4755 0.4755 0.4845 0.4845 0.442 0.442 0.442 0.4325 0.4325 0.4135 0.4135
0.4085 0.4425 0.4425 0.4315 0.4315 0.4315 0.4735 0.4735 0.3965 0.3965 0.4265 0.4265 0.4275 0.4275 0.4275 0.47 0.47 0.4665 0.4665 0.492 0.492 0.492 0.5085 0.5085 0.4735 0.4735 0.457 0.457 0.457 0.5115 0.5115 0.5135 0.5135 0.4905 0.4905 0.4905 0.5075 0.5075 0.5105 0.5105 0.4725 0.4725 0.4725 0.467 0.467 0.4525 0.4525 0.4555 0.4555 0.525 0.525 0.525 0.5665 0.5665 0.5525 0.5525 0.479 0.479 0.479 0.3955 0.3955 0.431 0.431 0.4595 0.4595 0.4595 0.501 0.501 0.478 0.478 0.46 0.46 0.46 0.416 0.416 0.472 0.472
0.4085 0.4425 0.4425 0.4315 0.4315 0.4315 0.4735 0.4735 0.3965 0.3965 0.4265 0.4265 0.4275 0.4275 0.4275 0.47 0.47 0.4665 0.4665 0.492 0.492 0.492 0.5085 0.5085 0.4735 0.4735 0.457 0.457 0.457 0.5115 0.5115 0.5135 0.5135 0.4905 0.4905 0.4905 0.5075 0.5075 0.5105 0.5105 0.4725 0.4725 0.4725 0.467 0.467 0.4525 0.4525 0.4555 0.4555 0.525 0.525 0.525 0.5665 0.5665 0.5525 0.5525 0.479 0.479 0.479 0.3955 0.3955 0.431 0.431 0.4595 0.4595 0.4595 0.501 0.501 0.478 0.478 0.46 0.46 0.46 0.416 0.416 0.472 0.472
0.401 0.378 0.378 0.4705 0.4705 0.4705 0.441 0.441 0.3625 0.3625 0.41 0.41 0.4685 0.4685 0.4685 0.4905 0.4905 0.506 0.506 0.4415 0.4415 0.4415 0.503 0.503 0.5095 0.5095 0.491 0.491 0.491 0.503 0.503 0.471 0.471 0.4385 0.4385 0.4385 0.396 0.396 0.3335 0.3335 0.3825 0.3825 0.3825 0.525 0.525 0.5325 0.5325 0.522 0.522 0.6105 0.6105 0.6105 0.558 0.558 0.5835 0.5835 0.522 0.522 0.522 0.487 0.487 0.4545 0.4545 0.4715 0.4715 0.4715 0.4825 0.4825 0.4785 0.4785 0.496 0.496 0.496 0.4855 0.4855 0.524 0.524
0.401 0.378 0.378 0.4705 0.4705 0.4705 0.441 0.441 0.3625 0.3625 0.41 0.41 0.4685 0.4685 0.4685 0.4905 0.4905 0.506 0.506 0.4415 0.4415 0.4415 0.503 0.503 0.5095 0.5095 0.491 0.491 0.491 0.503 0.503 0.471 0.471 0.4385 0.4385 0.4385 0.396 0.396 0.3335 0.3335 0.3825 0.3825 0.3825 0.525 0.525 0.5325 0.5325 0.522 0.522 0.6105 0.6105 0.6105 0.558 0.558 0.5835 0.5835 0.522 0.522 0.522 0.487 0.487 0.4545 0.4545 0.4715 0.4715 0.4715 0.4825 0.4825 0.4785 0.4785 0.496 0.496 0.496 0.4855 0.4855 0.524 0.524
0.412 0.454 0.454 0.4535 0.4535 0.4535 0.394 0.394 0.4475 0.4475 0.478 0.478 0.4805 0.4805 0.4805 0.5385 0.5385 0.5205 0.5205 0.5025 0.5025 0.5025 0.5065 0.5065 0.4635 0.4635 0.4715 0.4715 0.4715 0.4455 0.4455 0.485 0.485 0.422 0.422 0.422 0.3915 0.3915 0.408 0.408 0.4365 0.4365 0.4365 0.4305 0.4305 0.4995 0.4995 0.5355 0.5355 0.5305 0.5305 0.5305 0.522 0.522 0.4875 0.4875 0.5355 0.5355 0.5355 0.4755 0.4755 0.5465 0.5465 0.5715 0.5715 0.5715 0.597 0.597 0.5975 0.5975 0.5755 0.5755 0.5755 0.523 0.523 0.486 0.486
0.412 0.454 0.454 0.4535 0.4535 0.4535 0.394 0.394 0.4475 0.4475 0.478 0.478 0.4805 0.4805 0.4805 0.5385 0.5385 0.5205 0.5205 0.5025 0.5025 0.5025 0.5065 0.5065 0.4635 0.4635 0.4715 0.4715 0.4715 0.4455 0.4455 0.485 0.485 0.422 0.422 0.422 0.3915 0.3915 0.408 0.408 0.4365 0.4365 0.4365 0.4305 0.4305 0.4995 0.4995 0.5355 0.5355 0.5305 0.5305 0.5305 0.522 0.522 0.4875 0.4875 0.5355 0.5355 0.5355 0.4755 0.4755 0.5465 0.5465 0.5715 0.5715 0.5715 0.597 0.597 0.5975 0.5975 0.5755 0.5755 0.5755 0.523 0.523 0.486 0.486
0.412 0.454 0.454 0.4535 0.4535 0.4535 0.394 0.394 0.4475 0.4475 0.478 0.478 0.4805 0.4805 0.4805 0.5385 0.5385 0.5205 0.5205 0.5025 0.5025 0.5025 0.5065 0.5065 0.4635 0.4635 0.4715 0.4715 0.4715 0.4455 0.4455 0.485 0.485 0.422 0.422 0.422 0.3915 0.3915 0.408 0.408 0.4365 0.4365 0.4365 0.4305 0.4305 0.4995 0.4995 0.5355 0.5355 0.5305 0.5305 0.5305 0.522 0.522 0.4875 0.4875 0.5355 0.5355 0.5355 0.4755 0.4755 0.5465 0.5465 0.5715 0.5715 0.5715 0.597 0.597 0.5975 0.5975 0.5755 0.5755 0.5755 0.523 0.523 0.486 0.486
0.356 0.396 0.396 0.4605 0.4605 0.4605 0.418 0.418 0.4815 0.4815 0.5355 0.5355 0.51 0.51 0.51 0.532 0.532 0.5085 0.5085 0.4725 0.4725 0.4725 0.5085 0.5085 0.526 0.526 0.4775 0.4775 0.4775 0.415 0.415 0.433 0.433 0.429 0.429 0.429 0.419 0.419 0.458 0.458 0.4235 0.4235 0.4235 0.4375 0.4375 0.4645 0.4645 0.5205 0.5205 0.5215 0.5215 0.5215 0.5455 0.5455 0.521 0.521 0.5 0.5 0.5 0.45 0.45 0.492 0.492 0.53 0.53 0.53 0.564 0.564 0.5685 0.5685 0.5555 0.5555 0.5555 0.5455 0.5455 0.51 0.51
0.356 0.396 0.396 0.4605 0.4605 0.4605 0.418 0.418 0.4815 0.4815 0.5355 0.5355 0.51 0.51 0.51 0.532 0.532 0.5085 0.5085 0.4725 0.4725 0.4725 0.5085 0.5085 0.526 0.526 0.4775 0.4775 0.4775 0.415 0.415 0.433 0.433 0.429 0.429 0.429 0.419 0.419 0.458 0.458 0.4235 0.4235 0.4235 0.4375 0.4375 0.4645 0.4645 0.5205 0.5205 0.5215 0.5215 0.5215 0.5455 0.5455 0.521 0.521 0.5 0.5 0.5 0.45 0.45 0.492 0.492 0.53 0.53 0.53 0.564 0.564 0.5685 0.5685 0.5555 0.5555 0.5555 0.5455 0.5455 0.51 0.51
0.393 0.4295 0.4295 0.438 0.438 0.438 0.425 0.425 0.4735 0.4735 0.5025 0.5025 0.5255 0.5255 0.5255 0.5675 0.5675 0.5865 0.5865 0.543 0.543 0.543 0.5075 0.5075 0.5235 0.5235 0.433 0.433 0.433 0.406 0.406 0.394 0.394 0.4525 0.4525 0.4525 0.425 0.425 0.432 0.432 0.445 0.445 0.445 0.5105 0.5105 0.519 0.519 0.5065 0.5065 0.579 0.579 0.579 0.5355 0.5355 0.525 0.525 0.501 0.501 0.501 0.4695 0.4695 0.435 0.435 0.4565 0.4565 0.4565 0.4985 0.4985 0.4935 0.4935 0.5625 0.5625 0.5625 0.5685 0.5685 0.569 0.569
0.393 0.4295 0.4295 0.438 0.438 0.438 0.425 0.425 0.4735 0.4735 0.5025 0.5025 0.5255 0.5255 0.5255 0.5675 0.5675 0.5865 0.5865 0.543 0.543 0.543 0.5075 0.5075 0.5235 0.5235 0.433 0.433 0.433 0.406 0.406 0.394 0.394 0.4525 0.4525 0.4525 0.425 0.425 0.432 0.432 0.445 0.445 0.445 0.5105 0.5105 0.519 0.519 0.5065 0.5065 0.579 0.579 0.579 0.5355 0.5355 0.525 0.525 0.501 0.501 0.501 0.4695 0.4695 0.435 0.435 0.4565 0.4565 0.4565 0.4985 0.4985 0.4935 0.4935 0.5625 0.5625 0.5625 0.5685 0.5685 0.569 0.569
0.418 0.418 0.418 0.457 0.457 0.457 0.3615 0.3615 0.4545 0.4545 0.545 0.545 0.561 0.561 0.561 0.579 0.579 0.5905 0.5905 0.528 0.528 0.528 0.5305 0.5305 0.4695 0.4695 0.4255 0.4255 0.4255 0.4475 0.4475 0.4615 0.4615 0.431 0.431 0.431 0.433 0.433 0.449 0.449 0.4425 0.4425 0.4425 0.497 0.497 0.498 0.498 0.521 0.521 0.511 0.511 0.511 0.537 0.537 0.538 0.538 0.4925 0.4925 0.4925 0.4475 0.4475 0.468 0.468 0.5075 0.5075 0.5075 0.507 0.507 0.471 0.471 0.5215 0.5215 0.5215 0.51 0.51 0.494 0.494
0.418 0.418 0.418 0.457 0.457 0.457 0.3615 0.3615 0.4545 0.4545 0.545 0.545 0.561 0.561 0.561 0.579 0.579 0.5905 0.5905 0.528 0.528 0.528 0.5305 0.5305 0.4695 0.4695 0.4255 0.4255 0.4255 0.4475 0.4475 0.4615 0.4615 0.431 0.431 0.431 0.433 0.433 0.449 0.449 0.4425 0.4425 0.4425 0.497 0.497 0.498 0.498 0.521 0.521 0.511 0.511 0.511 0.537 0.537 0.538 0.538 0.4925 0.4925 0.4925 0.4475 0.4475 0.468 0.468 0.5075 0.5075 0.5075 0.507 0.507 0.471 0.471 0.5215 0.5215 0.5215 0.51 0.51 0.494 0.494
0.5305 0.4775 0.4775 0.4455 0.4455 0.4455 0.4825 0.4825 0.5700001 0.5700001 0.618 0.618 0.6425 0.6425 0.6425 0.5825 0.5825 0.59 0.59 0.5145 0.5145 0.5145 0.524 0.524 0.469 0.469 0.4625 0.4625 0.4625 0.4795 0.4795 0.5215 0.5215 0.5 0.5 0.5 0.476 0.476 0.461 0.461 0.4545 0.4545 0.4545 0.471 0.471 0.499 0.499 0.502 0.502 0.5256 0.5256 0.5256 0.4795 0.4795 0.5165 0.5165 0.5095 0.5095 0.5095 0.5115 0.5115 0.513 0.513 0.5605 0.5605 0.5605 0.5685 0.5685 0.5095 0.5095 0.501 0.501 0.501 0.5285 0.5285 0.5445 0.5445
0.5305 0.4775 0.4775 0.4455 0.4455 0.4455 0.4825 0.4825 0.5700001 0.5700001 0.618 0.618 0.6425 0.6425 0.6425 0.5825 0.5825 0.59 0.59 0.5145 0.5145 0.5145 0.524 0.524 0.469 0.469 0.4625 0.4625 0.4625 0.4795 0.4795 0.5215 0.5215 0.5 0.5 0.5 0.476 0.476 0.461 0.461 0.4545 0.4545 0.4545 0.471 0.471 0.499 0.499 0.502 0.502 0.5256 0.5256 0.5256 0.4795 0.4795 0.5165 0.5165 0.5095 0.5095 0.5095 0.5115 0.5115 0.513 0.513 0.5605 0.5605 0.5605 0.5685 0.5685 0.5095 0.5095 0.501 0.501 0.501 0.5285 0.5285 0.5445 0.5445
0.5305 0.4775 0.4775 0.4455 0.4455 0.4455 0.4825 0.4825 0.5700001 0.5700001 0.618 0.618 0.6425 0.6425 0.6425 0.5825 0.5825 0.59 0.59 0.5145 0.5145 0.5145 0.524 0.524 0.469 0.469 0.4625 0.4625 0.4625 0.4795 0.4795 0.5215 0.5215 0.5 0.5 0.5 0.476 0.476 0.461 0.461 0.4545 0.4545 0.4545 0.471 0.471 0.499 0.499 0.502 0.502 0.5256 0.5256 0.5256 0.4795 0.4795 0.5165 0.5165 0.5095 0.5095 0.5095 0.5115 0.5115 0.513 0.513 0.5605 0.5605 0.5605 0.5685 0.5685 0.5095 0.5095 0.501 0.501 0.501 0.5285 0.5285 0.5445 0.5445
0.512 0.471 0.471 0.497 0.497 0.497 0.5595 0.5595 0.5675 0.5675 0.608 0.608 0.562 0.562 0.562 0.562 0.562 0.4895 0.4895 0.467 0.467 0.467 0.482 0.482 0.4455 0.4455 0.4685 0.4685 0.4685 0.487 0.487 0.55 0.55 0.5135 0.5135 0.5135 0.5255001 0.5255001 0.484 0.484 0.457 0.457 0.457 0.5035 0.5035 0.513 0.513 0.5095 0.5095 0.4965 0.4965 0.4965 0.4895 0.4895 0.467 0.467 0.469 0.469 0.469 0.516 0.516 0.511 0.511 0.483 0.483 0.483 0.5265 0.5265 0.556 0.556 0.5 0.5 0.5 0.5145 0.5145 0.4625 0.4625
0.512 0.471 0.471 0.497 0.497 0.497 0.5595 0.5595 0.5675 0.5675 0.608 0.608 0.562 0.562 0.562 0.562 0.562 0.4895 0.4895 0.467 0.467 0.467 0.482 0.482 0.4455 0.4455 0.4685 0.4685 0.4685 0.487 0.487 0.55 0.55 0.5135 0.5135 0.5135 0.5255001 0.5255001 0.484 0.484 0.457 0.457 0.457 0.5035 0.5035 0.513 0.513 0.5095 0.5095 0.4965 0.4965 0.4965 0.4895 0.4895 0.467 0.467 0.469 0.469 0.469 0.516 0.516 0.511 0.511 0.483 0.483 0.483 0.5265 0.5265 0.556 0.556 0.5 0.5 0.5 0.5145 0.5145 0.4625 0.4625
0.5885 0.521 0.521 0.4845 0.4845 0.4845 0.4735 0.4735 0.4965 0.4965 0.504 0.504 0.4655 0.4655 0.4655 0.466 0.466 0.482 0.482 0.465 0.465 0.465 0.4445 0.4445 0.4815 0.4815 0.521 0.521 0.521 0.5275 0.5275 0.484 0.484 0.4041 0.4041 0.4041 0.4255 0.4255 0.448 0.448 0.4545 0.4545 0.4545 0.4836 0.4836 0.5085 0.5085 0.5045 0.5045 0.5616 0.5616 0.5616 0.5161 0.5161 0.528 0.528 0.5565 0.5565 0.5565 0.549 0.549 0.5095 0.5095 0.4905 0.4905 0.4905 0.4651 0.4651 0.5075 0.5075 0.5325 0.5325 0.5325 0.499 0.499 0.4445 0.4445
0.5885 0.521 0.521 0.4845 0.4845 0.4845 0.4735 0.4735 0.4965 0.4965 0.504 0.504 0.4655 0.4655 0.4655 0.466 0.466 0.482 0.482 0.465 0.465 0.465 0.4445 0.4445 0.4815 0.4815 0.521 0.521 0.521 0.5275 0.5275 0.484 0.484 0.4041 0.4041 0.4041 0.4255 0.4255 0.448 0.448 0.4545 0.4545 0.4545 0.4836 0.4836 0.5085 0.5085 0.5045 0.5045 0.5616 0.5616 0.5616 0.5161 0.5161 0.528 0.528 0.5565 0.5565 0.5565 0.549 0.549 0.5095 0.5095 0.4905 0.4905 0.4905 0.4651 0.4651 0.5075 0.5075 0.5325 0.5325 0.5325 0.499 0.499 0.4445 0.4445
0.61 0.5545 0.5545 0.553 0.553 0.553 0.468 0.468 0.4895 0.4895 0.5055 0.5055 0.496 0.496 0.496 0.5125 0.5125 0.493 0.493 0.4845 0.4845 0.4845 0.507 0.507 0.4615 0.4615 0.5415 0.5415 0.5415 0.54 0.54 0.4375 0.4375 0.435 0.435 0.435 0.4545 0.4545 0.482 0.482 0.495 0.495 0.495 0.4735 0.4735 0.498 0.498 0.511 0.511 0.5175 0.5175 0.5175 0.5345 0.5345 0.526 0.526 0.541 0.541 0.541 0.5361 0.5361 0.5341 0.5341 0.4496 0.4496 0.4496 0.44 0.44 0.4105 0.4105 0.434 0.434 0.434 0.4485 0.4485 0.452 0.452
0.61 0.5545 0.5545 0.553 0.553 0.553 0.468 0.468 0.4895 0.4895 0.5055 0.5055 0.496 0.496 0.496 0.5125 0.5125 0.493 0.493 0.4845 0.4845 0.4845 0.507 0.507 0.4615 0.4615 0.5415 0.5415 0.5415 0.54 0.54 0.4375 0.4375 0.435 0.435 0.435 0.4545 0.4545 0.482 0.482 0.495 0.495 0.495 0.4735 0.4735 0.498 0.498 0.511 0.511 0.5175 0.5175 0.5175 0.5345 0.5345 0.526 0.526 0.541 0.541 0.541 0.5361 0.5361 0.5341 0.5341 0.4496 0.4496 0.4496 0.44 0.44 0.4105 0.4105 0.434 0.434 0.434 0.4485 0.4485 0.452 0.452
0.61 0.5545 0.5545 0.553 0.553 0.553 0.468 0.468 0.4895 0.4895 0.5055 0.5055 0.496 0.496 0.496 0.5125 0.5125 0.493 0.493 0.4845 0.4845 0.4845 0.507 0.507 0.4615 0.4615 0.5415 0.5415 0.5415 0.54 0.54 0.4375 0.4375 0.435 0.435 0.435 0.4545 0.4545 0.482 0.482 0.495 0.495 0.495 0.4735 0.4735 0.498 0.498 0.511 0.511 0.5175 0.5175 0.5175 0.5345 0.5345 0.526 0.526 0.541 0.541 0.541 0.5361 0.5361 0.5341 0.5341 0.4496 0.4496 0.4496 0.44 0.44 0.4105 0.4105 0.434 0.434 0.434 0.4485 0.4485 0.452 0.452
0.576 0.522 0.522 0.599 0.599 0.599 0.5785 0.5785 0.5615 0.5615 0.5795 0.5795 0.5525 0.5525 0.5525 0.513 0.513 0.528 0.528 0.5105 0.5105 0.5105 0.5135 0.5135 0.5555 0.5555 0.568 0.568 0.568 0.556 0.556 0.543 0.543 0.4975 0.4975 0.4975 0.4795 0.4795 0.549 0.549 0.523 0.523 0.523 0.5175 0.5175 0.5445 0.5445 0.5195 0.5195 0.5215 0.5215 0.5215 0.5515 0.5515 0.5615 0.5615 0.5432 0.5432 0.5432 0.4787 0.4787 0.491 0.491 0.414 0.414 0.414 0.42 0.42 0.4495 0.4495 0.4615 0.4615 0.4615 0.4845 0.4845 0.5175 0.5175
0.576 0.522 0.522 0.599 0.599 0.599 0.5785 0.5785 0.5615 0.5615 0.5795 0.5795 0.5525 0.5525 0.5525 0.513 0.513 0.528 0.528 0.5105 0.5105 0.5105 0.5135 0.5135 0.5555 0.5555 0.568 0.568 0.568 0.556 0.556 0.543 0.543 0.4975 0.4975 0.4975 0.4795 0.4795 0.549 0.549 0.523 0.523 0.523 0.5175 0.5175 0.5445 0.5445 0.5195 0.5195 0.5215 0.5215 0.5215 0.5515 0.5515 0.5615 0.5615 0.5432 0.5432 0.5432 0.4787 0.4787 0.491 0.491 0.414 0.414 0.414 0.42 0.42 0.4495 0.4495 0.4615 0.4615 0.4615 0.4845 0.4845 0.5175 0.5175
0.56 0.5925 0.5925 0.512 0.512 0.512 0.511 0.511 0.6174999 0.6174999 0.5785 0.5785 0.521 0.521 0.521 0.499 0.499 0.5485 0.5485 0.52 0.52 0.52 0.5335 0.5335 0.5615 0.5615 0.5575 0.5575 0.5575 0.541 0.541 0.572 0.572 0.5245 0.5245 0.5245 0.5 0.5 0.4985 0.4985 0.489 0.489 0.489 0.4685 0.4685 0.499 0.499 0.5205 0.5205 0.5135 0.5135 0.5135 0.5095 0.5095 0.5186 0.5186 0.544 0.544 0.544 0.5376 0.5376 0.5211 0.5211 0.4745 0.4745 0.4745 0.4595 0.4595 0.4995 0.4995 0.453 0.453 0.453 0.431 0.431 0.4845 0.4845
0.56 0.5925 0.5925 0.512 0.512 0.512 0.511 0.511 0.6174999 0.6174999 0.5785 0.5785 0.521 0.521 0.521 0.499 0.499 0.5485 0.5485 0.52 0.52 0.52 0.5335 0.5335 0.5615 0.5615 0.5575 0.5575 0.5575 0.541 0.541 0.572 0.572 0.5245 0.5245 0.5245 0.5 0.5 0.4985 0.4985 0.489 0.489 0.489 0.4685 0.4685 0.499 0.499 0.5205 0.5205 0.5135 0.5135 0.5135 0.5095 0.5095 0.5186 0.5186 0.544 0.544 0.544 0.5376 0.5376 0.5211 0.5211 0.4745 0.4745 0.4745 0.4595 0.4595 0.4995 0.4995 0.453 0.453 0.453 0.431 0.431 0.4845 0.4845
