ndvi/NOAA-75.asc
ncols         252
nrows         154
xllcorner     -18.017974
yllcorner     13.481982
cellsize      0.035948
NODATA_value  -9999
[rows 68 to 101 of 154, columns 0 to 76 of 252]
-1 -1 -1 -1 -1 -1 -1 -1 -1 -1 -1 -1 -1 -1 -1 -1 -1 -1 -1 -1 -1 -1 -1 -1 -1 -1 -1 -1 -1 -1 -1 -1 -1 -1 -1 -1 -1 -1 -1 0.2015 0.2015 0.2015 0.2085 0.2085 0.3705 0.3705 0.3975 0.3975 0.3975 0.2625 0.2625 0.2865 0.2865 0.258 0.258 0.264 0.264 0.264 0.351 0.351 0.3915 0.3915 0.3915 0.3915 0.3915 0.3875 0.3875 0.296 0.296 0.202 0.202 0.202 0.209 0.209 0.1985 0.1985 0.2065
-1 -1 -1 -1 -1 -1 -1 -1 -1 -1 -1 -1 -1 -1 -1 -1 -1 -1 -1 -1 -1 -1 -1 -1 -1 -1 -1 -1 -1 -1 -1 -1 -1 -1 -1 -1 -1 -1 -1 0.2405 0.2405 0.2405 0.3105 0.3105 0.3845 0.3845 0.318 0.318 0.318 0.308 0.308 0.273 0.273 0.2405 0.2405 0.199 0.199 0.199 0.3805 0.3805 0.299 0.299 0.299 0.299 0.299 0.279 0.279 0.215 0.215 0.209 0.209 0.209 0.2115 0.2115 0.2095 0.2095 0.2205
-1 -1 -1 -1 -1 -1 -1 -1 -1 -1 -1 -1 -1 -1 -1 -1 -1 -1 -1 -1 -1 -1 -1 -1 -1 -1 -1 -1 -1 -1 -1 -1 -1 -1 -1 -1 -1 -1 -1 0.2405 0.2405 0.2405 0.3105 0.3105 0.3845 0.3845 0.318 0.318 0.318 0.308 0.308 0.273 0.273 0.2405 0.2405 0.199 0.199 0.199 0.3805 0.3805 0.299 0.299 0.299 0.299 0.299 0.279 0.279 0.215 0.215 0.209 0.209 0.209 0.2115 0.2115 0.2095 0.2095 0.2205
-1 -1 -1 -1 -1 -1 -1 -1 -1 -1 -1 -1 -1 -1 -1 -1 -1 -1 -1 -1 -1 -1 -1 -1 -1 -1 -1 -1 -1 -1 -1 -1 -1 -1 -1 -1 -1 0.116 0.116 0.1965 0.1965 0.1965 0.311 0.311 0.334 0.334 0.2495 0.2495 0.2495 0.247 0.247 0.2045 0.2045 0.212 0.212 0.203 0.203 0.203 0.2145 0.2145 0.254 0.254 0.254 0.254 0.254 0.2355 0.2355 0.2305 0.2305 0.2275 0.2275 0.2275 0.217 0.217 0.226 0.226 0.2325
-1 -1 -1 -1 -1 -1 -1 -1 -1 -1 -1 -1 -1 -1 -1 -1 -1 -1 -1 -1 -1 -1 -1 -1 -1 -1 -1 -1 -1 -1 -1 -1 -1 -1 -1 -1 -1 0.116 0.116 0.1965 0.1965 0.1965 0.311 0.311 0.334 0.334 0.2495 0.2495 0.2495 0.247 0.247 0.2045 0.2045 0.212 0.212 0.203 0.203 0.203 0.2145 0.2145 0.254 0.254 0.254 0.254 0.254 0.2355 0.2355 0.2305 0.2305 0.2275 0.2275 0.2275 0.217 0.217 0.226 0.226 0.2325
-1 -1 -1 -1 -1 -1 -1 -1 -1 -1 -1 -1 -1 -1 -1 -1 -1 -1 -1 -1 -1 -1 -1 -1 -1 -1 -1 -1 -1 -1 -1 -1 -1 -1 -1 -1 -1 0.116 0.116 0.1965 0.1965 0.1965 0.311 0.311 0.334 0.334 0.2495 0.2495 0.2495 0.247 0.247 0.2045 0.2045 0.212 0.212 0.203 0.203 0.203 0.2145 0.2145 0.254 0.254 0.254 0.254 0.254 0.2355 0.2355 0.2305 0.2305 0.2275 0.2275 0.2275 0.217 0.217 0.226 0.226 0.2325
-1 -1 -1 -1 -1 -1 -1 -1 -1 -1 -1 -1 -1 -1 -1 -1 -1 -1 -1 -1 -1 -1 -1 -1 -1 -1 -1 -1 -1 -1 -1 -1 -1 -1 -1 -1 -1 0.0455 0.0455 0.1755 0.1755 0.1755 0.2875 0.2875 0.29 0.29 0.2375 0.2375 0.2375 0.2015 0.2015 0.2165 0.2165 0.1965 0.1965 0.2055 0.2055 0.2055 0.21 0.21 0.243 0.243 0.243 0.243 0.243 0.2355 0.2355 0.2385 0.2385 0.234 0.234 0.234 0.2315 0.2315 0.232 0.232 0.238
-1 -1 -1 -1 -1 -1 -1 -1 -1 -1 -1 -1 -1 -1 -1 -1 -1 -1 -1 -1 -1 -1 -1 -1 -1 -1 -1 -1 -1 -1 -1 -1 -1 -1 -1 -1 -1 0.0455 0.0455 0.1755 0.1755 0.1755 0.2875 0.2875 0.29 0.29 0.2375 0.2375 0.2375 0.2015 0.2015 0.2165 0.2165 0.1965 0.1965 0.2055 0.2055 0.2055 0.21 0.21 0.243 0.243 0.243 0.243 0.243 0.2355 0.2355 0.2385 0.2385 0.234 0.234 0.234 0.2315 0.2315 0.232 0.232 0.238
-1 -1 -1 -1 -1 -1 -1 -1 -1 -1 -1 -1 -1 -1 -1 -1 -1 -1 -1 -1 -1 -1 -1 -1 -1 -1 -1 -1 -1 -1 -1 -1 -1 -1 -1 -1 -1 0.0255 0.0255 0.194 0.194 0.194 0.2595 0.2595 0.2635 0.2635 0.2385 0.2385 0.2385 0.2375 0.2375 0.2355 0.2355 0.228 0.228 0.2395 0.2395 0.2395 0.237 0.237 0.2365 0.2365 0.2365 0.2365 0.2365 0.2465 0.2465 0.2435 0.2435 0.238 0.238 0.238 0.2275 0.2275 0.2275 0.2275 0.238
-1 -1 -1 -1 -1 -1 -1 -1 -1 -1 -1 -1 -1 -1 -1 -1 -1 -1 -1 -1 -1 -1 -1 -1 -1 -1 -1 -1 -1 -1 -1 -1 -1 -1 -1 -1 -1 0.0255 0.0255 0.194 0.194 0.194 0.2595 0.2595 0.2635 0.2635 0.2385 0.2385 0.2385 0.2375 0.2375 0.2355 0.2355 0.228 0.228 0.2395 0.2395 0.2395 0.237 0.237 0.2365 0.2365 0.2365 0.2365 0.2365 0.2465 0.2465 0.2435 0.2435 0.238 0.238 0.238 0.2275 0.2275 0.2275 0.2275 0.238
-1 -1 -1 -1 -1 -1 -1 -1 -1 -1 -1 -1 -1 -1 -1 -1 -1 -1 -1 -1 -1 -1 -1 -1 -1 -1 -1 -1 -1 -1 -1 -1 -1 -1 -1 -1 -1 0.0182 0.0182 0.2315 0.2315 0.2315 0.2325 0.2325 0.2585 0.2585 0.232 0.232 0.232 0.238 0.238 0.2255 0.2255 0.237 0.237 0.2435 0.2435 0.2435 0.2325 0.2325 0.232 0.232 0.232 0.232 0.232 0.241 0.241 0.2465 0.2465 0.2365 0.2365 0.2365 0.2425 0.2425 0.2385 0.2385 0.2395
-1 -1 -1 -1 -1 -1 -1 -1 -1 -1 -1 -1 -1 -1 -1 -1 -1 -1 -1 -1 -1 -1 -1 -1 -1 -1 -1 -1 -1 -1 -1 -1 -1 -1 -1 -1 -1 0.0182 0.0182 0.2315 0.2315 0.2315 0.2325 0.2325 0.2585 0.2585 0.232 0.232 0.232 0.238 0.238 0.2255 0.2255 0.237 0.237 0.2435 0.2435 0.2435 0.2325 0.2325 0.232 0.232 0.232 0.232 0.232 0.241 0.241 0.2465 0.2465 0.2365 0.2365 0.2365 0.2425 0.2425 0.2385 0.2385 0.2395
-1 -1 -1 -1 -1 -1 -1 -1 -1 -1 -1 -1 -1 -1 -1 -1 -1 -1 -1 -1 -1 -1 -1 -1 -1 -1 -1 -1 -1 -1 -1 -1 -1 -1 -1 -1 -1 0.0582 0.0582 0.21 0.21 0.21 0.253 0.253 0.237 0.237 0.2335 0.2335 0.2335 0.227 0.227 0.2405 0.2405 0.2355 0.2355 0.248 0.248 0.248 0.2285 0.2285 0.2415 0.2415 0.2415 0.2415 0.2415 0.257 0.257 0.265 0.265 0.2495 0.2495 0.2495 0.248 0.248 0.248 0.248 0.2395
-1 -1 -1 -1 -1 -1 -1 -1 -1 -1 -1 -1 -1 -1 -1 -1 -1 -1 -1 -1 -1 -1 -1 -1 -1 -1 -1 -1 -1 -1 -1 -1 -1 -1 -1 -1 -1 0.0582 0.0582 0.21 0.21 0.21 0.253 0.253 0.237 0.237 0.2335 0.2335 0.2335 0.227 0.227 0.2405 0.2405 0.2355 0.2355 0.248 0.248 0.248 0.2285 0.2285 0.2415 0.2415 0.2415 0.2415 0.2415 0.257 0.257 0.265 0.265 0.2495 0.2495 0.2495 0.248 0.248 0.248 0.248 0.2395
-1 -1 -1 -1 -1 -1 -1 -1 -1 -1 -1 -1 -1 -1 -1 -1 -1 -1 -1 -1 -1 -1 -1 -1 -1 -1 -1 -1 -1 -1 -1 -1 -1 -1 -1 -1 -1 0.0582 0.0582 0.21 0.21 0.21 0.253 0.253 0.237 0.237 0.2335 0.2335 0.2335 0.227 0.227 0.2405 0.2405 0.2355 0.2355 0.248 0.248 0.248 0.2285 0.2285 0.2415 0.2415 0.2415 0.2415 0.2415 0.257 0.257 0.265 0.265 0.2495 0.2495 0.2495 0.248 0.248 0.248 0.248 0.2395
-1 -1 -1 -1 -1 -1 -1 -1 -1 -1 -1 -1 -1 -1 -1 -1 -1 -1 -1 -1 -1 -1 -1 -1 -1 -1 -1 -1 -1 -1 -1 -1 -1 -1 -1 -1 -1 0.111 0.111 0.224 0.224 0.224 0.243 0.243 0.218 0.218 0.2135 0.2135 0.2135 0.228 0.228 0.231 0.231 0.2395 0.2395 0.251 0.251 0.251 0.2405 0.2405 0.2435 0.2435 0.2435 0.2435 0.2435 0.2615 0.2615 0.2695 0.2695 0.271 0.271 0.271 0.256 0.256 0.2485 0.2485 0.247
-1 -1 -1 -1 -1 -1 -1 -1 -1 -1 -1 -1 -1 -1 -1 -1 -1 -1 -1 -1 -1 -1 -1 -1 -1 -1 -1 -1 -1 -1 -1 -1 -1 -1 -1 -1 -1 0.111 0.111 0.224 0.224 0.224 0.243 0.243 0.218 0.218 0.2135 0.2135 0.2135 0.228 0.228 0.231 0.231 0.2395 0.2395 0.251 0.251 0.251 0.2405 0.2405 0.2435 0.2435 0.2435 0.2435 0.2435 0.2615 0.2615 0.2695 0.2695 0.271 0.271 0.271 0.256 0.256 0.2485 0.2485 0.247
-1 -1 -1 -1 -1 -1 -1 -1 -1 -1 -1 -1 -1 -1 -1 -1 -1 -1 -1 -1 -1 -1 -1 -1 -1 -1 -1 -1 -1 -1 -1 -1 -1 -1 -1 -1 -1 0.1215 0.1215 0.2765 0.2765 0.2765 0.2555 0.2555 0.2145 0.2145 0.218 0.218 0.218 0.229 0.229 0.2395 0.2395 0.2345 0.2345 0.2445 0.2445 0.2445 0.2405 0.2405 0.241 0.241 0.241 0.241 0.241 0.2395 0.2395 0.2585 0.2585 0.251 0.251 0.251 0.2465 0.2465 0.277 0.277 0.272
-1 -1 -1 -1 -1 -1 -1 -1 -1 -1 -1 -1 -1 -1 -1 -1 -1 -1 -1 -1 -1 -1 -1 -1 -1 -1 -1 -1 -1 -1 -1 -1 -1 -1 -1 -1 -1 0.1215 0.1215 0.2765 0.2765 0.2765 0.2555 0.2555 0.2145 0.2145 0.218 0.218 0.218 0.229 0.229 0.2395 0.2395 0.2345 0.2345 0.2445 0.2445 0.2445 0.2405 0.2405 0.241 0.241 0.241 0.241 0.241 0.2395 0.2395 0.2585 0.2585 0.251 0.251 0.251 0.2465 0.2465 0.277 0.277 0.272
-1 -1 -1 -1 -1 -1 -1 -1 -1 -1 -1 -1 -1 -1 -1 -1 -1 -1 -1 -1 -1 -1 -1 -1 -1 -1 -1 -1 -1 -1 -1 -1 -1 -1 -1 0.0576 0.0576 0.2745 0.2745 0.2495 0.2495 0.2495 0.2355 0.2355 0.2285 0.2285 0.2275 0.2275 0.2275 0.2265 0.2265 0.2225 0.2225 0.2315 0.2315 0.259 0.259 0.259 0.264 0.264 0.25 0.25 0.25 0.25 0.25 0.235 0.235 0.241 0.241 0.251 0.251 0.251 0.2695 0.2695 0.2825 0.2825 0.2795
-1 -1 -1 -1 -1 -1 -1 -1 -1 -1 -1 -1 -1 -1 -1 -1 -1 -1 -1 -1 -1 -1 -1 -1 -1 -1 -1 -1 -1 -1 -1 -1 -1 -1 -1 0.0576 0.0576 0.2745 0.2745 0.2495 0.2495 0.2495 0.2355 0.2355 0.2285 0.2285 0.2275 0.2275 0.2275 0.2265 0.2265 0.2225 0.2225 0.2315 0.2315 0.259 0.259 0.259 0.264 0.264 0.25 0.25 0.25 0.25 0.25 0.235 0.235 0.241 0.241 0.251 0.251 0.251 0.2695 0.2695 0.2825 0.2825 0.2795
-1 -1 -1 -1 -1 -1 -1 -1 -1 -1 -1 -1 -1 -1 -1 -1 -1 -1 -1 -1 -1 -1 -1 -1 -1 -1 -1 -1 -1 -1 -1 -1 -1 -1 -1 0.0576 0.0576 0.2745 0.2745 0.2495 0.2495 0.2495 0.2355 0.2355 0.2285 0.2285 0.2275 0.2275 0.2275 0.2265 0.2265 0.2225 0.2225 0.2315 0.2315 0.259 0.259 0.259 0.264 0.264 0.25 0.25 0.25 0.25 0.25 0.235 0.235 0.241 0.241 0.251 0.251 0.251 0.2695 0.2695 0.2825 0.2825 0.2795
-1 -1 -1 -1 -1 -1 -1 -1 -1 -1 -1 -1 -1 -1 -1 -1 -1 -1 -1 -1 -1 -1 -1 -1 -1 -1 -1 -1 -1 -1 -1 -1 -1 -1 -1 0.1325 0.1325 0.2615 0.2615 0.238 0.238 0.238 0.2275 0.2275 0.232 0.232 0.238 0.238 0.238 0.242 0.242 0.2465 0.2465 0.2545 0.2545 0.246 0.246 0.246 0.2405 0.2405 0.245 0.245 0.245 0.245 0.245 0.2615 0.2615 0.298 0.298 0.279 0.279 0.279 0.2875 0.2875 0.282 0.282 0.2635
-1 -1 -1 -1 -1 -1 -1 -1 -1 -1 -1 -1 -1 -1 -1 -1 -1 -1 -1 -1 -1 -1 -1 -1 -1 -1 -1 -1 -1 -1 -1 -1 -1 -1 -1 0.1325 0.1325 0.2615 0.2615 0.238 0.238 0.238 0.2275 0.2275 0.232 0.232 0.238 0.238 0.238 0.242 0.242 0.2465 0.2465 0.2545 0.2545 0.246 0.246 0.246 0.2405 0.2405 0.245 0.245 0.245 0.245 0.245 0.2615 0.2615 0.298 0.298 0.279 0.279 0.279 0.2875 0.2875 0.282 0.282 0.2635
-1 -1 -1 -1 -1 -1 -1 -1 -1 -1 -1 -1 -1 -1 -1 -1 -1 -1 -1 -1 -1 -1 -1 -1 -1 -1 -1 -1 -1 -1 -1 -1 0.106 0.106 0.106 0.2635 0.2635 0.2435 0.2435 0.232 0.232 0.232 0.2325 0.2325 0.234 0.234 0.245 0.245 0.245 0.251 0.251 0.2635 0.2635 0.2635 0.2635 0.26 0.26 0.26 0.2685 0.2685 0.2655 0.2655 0.2655 0.2655 0.2655 0.2755 0.2755 0.2895 0.2895 0.289 0.289 0.289 0.2835 0.2835 0.2805 0.2805 0.25
-1 -1 -1 -1 -1 -1 -1 -1 -1 -1 -1 -1 -1 -1 -1 -1 -1 -1 -1 -1 -1 -1 -1 -1 -1 -1 -1 -1 -1 -1 -1 -1 0.106 0.106 0.106 0.2635 0.2635 0.2435 0.2435 0.232 0.232 0.232 0.2325 0.2325 0.234 0.234 0.245 0.245 0.245 0.251 0.251 0.2635 0.2635 0.2635 0.2635 0.26 0.26 0.26 0.2685 0.2685 0.2655 0.2655 0.2655 0.2655 0.2655 0.2755 0.2755 0.2895 0.2895 0.289 0.289 0.289 0.2835 0.2835 0.2805 0.2805 0.25
-1 -1 -1 -1 -1 -1 -1 -1 -1 -1 -1 -1 -1 -1 -1 -1 -1 -1 -1 -1 -1 -1 -1 -1 -1 -1 -1 -1 -1 -1 0.042 0.042 0.2875 0.2875 0.2875 0.2445 0.2445 0.2285 0.2285 0.219 0.219 0.219 0.2265 0.2265 0.2335 0.2335 0.251 0.251 0.251 0.251 0.251 0.259 0.259 0.2585 0.2585 0.26 0.26 0.26 0.278 0.278 0.2765 0.2765 0.2765 0.2765 0.2765 0.2755 0.2755 0.2805 0.2805 0.2855 0.2855 0.2855 0.288 0.288 0.272 0.272 0.2605
-1 -1 -1 -1 -1 -1 -1 -1 -1 -1 -1 -1 -1 -1 -1 -1 -1 -1 -1 -1 -1 -1 -1 -1 -1 -1 -1 -1 -1 -1 0.042 0.042 0.2875 0.2875 0.2875 0.2445 0.2445 0.2285 0.2285 0.219 0.219 0.219 0.2265 0.2265 0.2335 0.2335 0.251 0.251 0.251 0.251 0.251 0.259 0.259 0.2585 0.2585 0.26 0.26 0.26 0.278 0.278 0.2765 0.2765 0.2765 0.2765 0.2765 0.2755 0.2755 0.2805 0.2805 0.2855 0.2855 0.2855 0.288 0.288 0.272 0.272 0.2605
-1 -1 -1 -1 -1 -1 -1 -1 -1 -1 -1 -1 -1 -1 -1 -1 -1 -1 -1 -1 -1 -1 -1 -1 -1 -1 -1 -1 -1 -1 0.042 0.042 0.2875 0.2875 0.2875 0.2445 0.2445 0.2285 0.2285 0.219 0.219 0.219 0.2265 0.2265 0.2335 0.2335 0.251 0.251 0.251 0.251 0.251 0.259 0.259 0.2585 0.2585 0.26 0.26 0.26 0.278 0.278 0.2765 0.2765 0.2765 0.2765 0.2765 0.2755 0.2755 0.2805 0.2805 0.2855 0.2855 0.2855 0.288 0.288 0.272 0.272 0.2605
-1 -1 -1 -1 -1 -1 -1 -1 -1 -1 -1 -1 -1 -1 -1 -1 -1 -1 -1 -1 -1 -1 -1 -1 -1 -1 -1 -1 -1 -1 0.17 0.17 0.2705 0.2705 0.2705 0.252 0.252 0.2295 0.2295 0.2255 0.2255 0.2255 0.23 0.23 0.2375 0.2375 0.2535 0.2535 0.2535 0.2675 0.2675 0.2635 0.2635 0.255 0.255 0.269 0.269 0.269 0.286 0.286 0.277 0.277 0.277 0.277 0.277 0.2755 0.2755 0.2705 0.2705 0.265 0.265 0.265 0.2525 0.2525 0.2535 0.2535 0.251
-1 -1 -1 -1 -1 -1 -1 -1 -1 -1 -1 -1 -1 -1 -1 -1 -1 -1 -1 -1 -1 -1 -1 -1 -1 -1 -1 -1 -1 -1 0.17 0.17 0.2705 0.2705 0.2705 0.252 0.252 0.2295 0.2295 0.2255 0.2255 0.2255 0.23 0.23 0.2375 0.2375 0.2535 0.2535 0.2535 0.2675 0.2675 0.2635 0.2635 0.255 0.255 0.269 0.269 0.269 0.286 0.286 0.277 0.277 0.277 0.277 0.277 0.2755 0.2755 0.2705 0.2705 0.265 0.265 0.265 0.2525 0.2525 0.2535 0.2535 0.251
-1 -1 -1 -1 -1 -1 -1 -1 -1 -1 -1 -1 -1 -1 -1 -1 -1 -1 -1 -1 -1 -1 -1 -1 -1 -1 -1 -1 0.0805 0.0805 0.272 0.272 0.2725 0.2725 0.2725 0.257 0.257 0.2515 0.2515 0.2375 0.2375 0.2375 0.232 0.232 0.244 0.244 0.254 0.254 0.254 0.248 0.248 0.264 0.264 0.2615 0.2615 0.2665 0.2665 0.2665 0.267 0.267 0.272 0.272 0.272 0.272 0.272 0.2695 0.2695 0.261 0.261 0.2585 0.2585 0.2585 0.244 0.244 0.245 0.245 0.256
-1 -1 -1 -1 -1 -1 -1 -1 -1 -1 -1 -1 -1 -1 -1 -1 -1 -1 -1 -1 -1 -1 -1 -1 -1 -1 -1 -1 0.0805 0.0805 0.272 0.272 0.2725 0.2725 0.2725 0.257 0.257 0.2515 0.2515 0.2375 0.2375 0.2375 0.232 0.232 0.244 0.244 0.254 0.254 0.254 0.248 0.248 0.264 0.264 0.2615 0.2615 0.2665 0.2665 0.2665 0.267 0.267 0.272 0.272 0.272 0.272 0.272 0.2695 0.2695 0.261 0.261 0.2585 0.2585 0.2585 0.244 0.244 0.245 0.245 0.256
-1 -1 -1 -1 -1 -1 -1 -1 -1 -1 -1 -1 -1 -1 -1 -1 -1 -1 -1 -1 -1 -1 -1 -1 -1 0.036 0.036 0.036 0.153 0.153 0.2985 0.2985 0.273 0.273 0.273 0.2535 0.2535 0.242 0.242 0.2475 0.2475 0.2475 0.2515 0.2515 0.2585 0.2585 0.2515 0.2515 0.2515 0.258 0.258 0.266 0.266 0.262 0.262 0.266 0.266 0.266 0.274 0.274 0.2765 0.2765 0.2765 0.2765 0.2765 0.2735 0.2735 0.2785 0.2785 0.269 0.269 0.269 0.251 0.251 0.2585 0.2585 0.26
