ndvi/NOAA-327.asc
ncols         252
nrows         154
xllcorner     -18.017974
yllcorner     13.481982
cellsize      0.035948
NODATA_value  -9999
[rows 102 to 135 of 154, columns 154 to 230 of 252]
0.166 0.142 0.142 0.158 0.158 0.158 0.174 0.174 0.165 0.165 0.1825 0.1825 0.1865 0.1865 0.1865 0.186 0.186 0.2065 0.2065 0.231 0.231 0.231 0.2 0.2 0.191 0.191 0.189 0.189 0.189 0.192 0.192 0.196 0.196 0.211 0.211 0.211 0.195 0.195 0.196 0.196 0.1975 0.1975 0.1975 0.2085 0.2085 0.2 0.2 0.2035 0.2035 0.179 0.179 0.179 0.165 0.165 0.1655 0.1655 0.167 0.167 0.167 0.177 0.177 0.186 0.186 0.193 0.193 0.193 0.189 0.189 0.205 0.205 0.1955 0.1955 0.1955 0.1845 0.1845 0.207 0.207
0.18 0.1685 0.1685 0.164 0.164 0.164 0.1555 0.1555 0.161 0.161 0.1945 0.1945 0.183 0.183 0.183 0.169 0.169 0.1845 0.1845 0.205 0.205 0.205 0.1925 0.1925 0.1965 0.1965 0.1865 0.1865 0.1865 0.2105 0.2105 0.2115 0.2115 0.201 0.201 0.201 0.195 0.195 0.1965 0.1965 0.199 0.199 0.199 0.198 0.198 0.193 0.193 0.239 0.239 0.2345 0.2345 0.2345 0.199 0.199 0.173 0.173 0.212 0.212 0.212 0.1825 0.1825 0.2065 0.2065 0.1925 0.1925 0.1925 0.2045 0.2045 0.1885 0.1885 0.2025 0.2025 0.2025 0.199 0.199 0.2035 0.2035
0.18 0.1685 0.1685 0.164 0.164 0.164 0.1555 0.1555 0.161 0.161 0.1945 0.1945 0.183 0.183 0.183 0.169 0.169 0.1845 0.1845 0.205 0.205 0.205 0.1925 0.1925 0.1965 0.1965 0.1865 0.1865 0.1865 0.2105 0.2105 0.2115 0.2115 0.201 0.201 0.201 0.195 0.195 0.1965 0.1965 0.199 0.199 0.199 0.198 0.198 0.193 0.193 0.239 0.239 0.2345 0.2345 0.2345 0.199 0.199 0.173 0.173 0.212 0.212 0.212 0.1825 0.1825 0.2065 0.2065 0.1925 0.1925 0.1925 0.2045 0.2045 0.1885 0.1885 0.2025 0.2025 0.2025 0.199 0.199 0.2035 0.2035
0.18 0.1685 0.1685 0.164 0.164 0.164 0.1555 0.1555 0.161 0.161 0.1945 0.1945 0.183 0.183 0.183 0.169 0.169 0.1845 0.1845 0.205 0.205 0.205 0.1925 0.1925 0.1965 0.1965 0.1865 0.1865 0.1865 0.2105 0.2105 0.2115 0.2115 0.201 0.201 0.201 0.195 0.195 0.1965 0.1965 0.199 0.199 0.199 0.198 0.198 0.193 0.193 0.239 0.239 0.2345 0.2345 0.2345 0.199 0.199 0.173 0.173 0.212 0.212 0.212 0.1825 0.1825 0.2065 0.2065 0.1925 0.1925 0.1925 0.2045 0.2045 0.1885 0.1885 0.2025 0.2025 0.2025 0.199 0.199 0.2035 0.2035
0.1845 0.1915 0.1915 0.187 0.187 0.187 0.178 0.178 0.1625 0.1625 0.1815 0.1815 0.159 0.159 0.159 0.183 0.183 0.1985 0.1985 0.1885 0.1885 0.1885 0.189 0.189 0.2035 0.2035 0.1835 0.1835 0.1835 0.1735 0.1735 0.209 0.209 0.2035 0.2035 0.2035 0.2295 0.2295 0.214 0.214 0.2135 0.2135 0.2135 0.211 0.211 0.241 0.241 0.21 0.21 0.2335 0.2335 0.2335 0.1895 0.1895 0.23 0.23 0.208 0.208 0.208 0.198 0.198 0.1985 0.1985 0.2055 0.2055 0.2055 0.215 0.215 0.2115 0.2115 0.217 0.217 0.217 0.249 0.249 0.235 0.235
0.1845 0.1915 0.1915 0.187 0.187 0.187 0.178 0.178 0.1625 0.1625 0.1815 0.1815 0.159 0.159 0.159 0.183 0.183 0.1985 0.1985 0.1885 0.1885 0.1885 0.189 0.189 0.2035 0.2035 0.1835 0.1835 0.1835 0.1735 0.1735 0.209 0.209 0.2035 0.2035 0.2035 0.2295 0.2295 0.214 0.214 0.2135 0.2135 0.2135 0.211 0.211 0.241 0.241 0.21 0.21 0.2335 0.2335 0.2335 0.1895 0.1895 0.23 0.23 0.208 0.208 0.208 0.198 0.198 0.1985 0.1985 0.2055 0.2055 0.2055 0.215 0.215 0.2115 0.2115 0.217 0.217 0.217 0.249 0.249 0.235 0.235
0.1925 0.2015 0.2015 0.157 0.157 0.157 0.206 0.206 0.207 0.207 0.1825 0.1825 0.1875 0.1875 0.1875 0.171 0.171 0.191 0.191 0.199 0.199 0.199 0.192 0.192 0.1825 0.1825 0.178 0.178 0.178 0.1725 0.1725 0.2075 0.2075 0.229 0.229 0.229 0.228 0.228 0.212 0.212 0.2 0.2 0.2 0.2125 0.2125 0.205 0.205 0.2205 0.2205 0.2075 0.2075 0.2075 0.181 0.181 0.198 0.198 0.192 0.192 0.192 0.2315 0.2315 0.25 0.25 0.244 0.244 0.244 0.223 0.223 0.2245 0.2245 0.2635 0.2635 0.2635 0.2635 0.2635 0.262 0.262
0.1925 0.2015 0.2015 0.157 0.157 0.157 0.206 0.206 0.207 0.207 0.1825 0.1825 0.1875 0.1875 0.1875 0.171 0.171 0.191 0.191 0.199 0.199 0.199 0.192 0.192 0.1825 0.1825 0.178 0.178 0.178 0.1725 0.1725 0.2075 0.2075 0.229 0.229 0.229 0.228 0.228 0.212 0.212 0.2 0.2 0.2 0.2125 0.2125 0.205 0.205 0.2205 0.2205 0.2075 0.2075 0.2075 0.181 0.181 0.198 0.198 0.192 0.192 0.192 0.2315 0.2315 0.25 0.25 0.244 0.244 0.244 0.223 0.223 0.2245 0.2245 0.2635 0.2635 0.2635 0.2635 0.2635 0.262 0.262
0.19 0.185 0.185 0.1985 0.1985 0.1985 0.2145 0.2145 0.208 0.208 0.192 0.192 0.1735 0.1735 0.1735 0.1875 0.1875 0.1845 0.1845 0.1855 0.1855 0.1855 0.1885 0.1885 0.219 0.219 0.2175 0.2175 0.2175 0.2055 0.2055 0.219 0.219 0.2215 0.2215 0.2215 0.252 0.252 0.231 0.231 0.213 0.213 0.213 0.211 0.211 0.2035 0.2035 0.197 0.197 0.202 0.202 0.202 0.2055 0.2055 0.2265 0.2265 0.2395 0.2395 0.2395 0.218 0.218 0.246 0.246 0.244 0.244 0.244 0.2435 0.2435 0.245 0.245 0.248 0.248 0.248 0.26 0.26 0.268 0.268
0.19 0.185 0.185 0.1985 0.1985 0.1985 0.2145 0.2145 0.208 0.208 0.192 0.192 0.1735 0.1735 0.1735 0.1875 0.1875 0.1845 0.1845 0.1855 0.1855 0.1855 0.1885 0.1885 0.219 0.219 0.2175 0.2175 0.2175 0.2055 0.2055 0.219 0.219 0.2215 0.2215 0.2215 0.252 0.252 0.231 0.231 0.213 0.213 0.213 0.211 0.211 0.2035 0.2035 0.197 0.197 0.202 0.202 0.202 0.2055 0.2055 0.2265 0.2265 0.2395 0.2395 0.2395 0.218 0.218 0.246 0.246 0.244 0.244 0.244 0.2435 0.2435 0.245 0.245 0.248 0.248 0.248 0.26 0.26 0.268 0.268
0.19 0.185 0.185 0.1985 0.1985 0.1985 0.2145 0.2145 0.208 0.208 0.192 0.192 0.1735 0.1735 0.1735 0.1875 0.1875 0.1845 0.1845 0.1855 0.1855 0.1855 0.1885 0.1885 0.219 0.219 0.2175 0.2175 0.2175 0.2055 0.2055 0.219 0.219 0.2215 0.2215 0.2215 0.252 0.252 0.231 0.231 0.213 0.213 0.213 0.211 0.211 0.2035 0.2035 0.197 0.197 0.202 0.202 0.202 0.2055 0.2055 0.2265 0.2265 0.2395 0.2395 0.2395 0.218 0.218 0.246 0.246 0.244 0.244 0.244 0.2435 0.2435 0.245 0.245 0.248 0.248 0.248 0.26 0.26 0.268 0.268
0.162 0.181 0.181 0.201 0.201 0.201 0.203 0.203 0.2025 0.2025 0.2055 0.2055 0.188 0.188 0.188 0.2045 0.2045 0.2315 0.2315 0.219 0.219 0.219 0.198 0.198 0.207 0.207 0.204 0.204 0.204 0.2265 0.2265 0.2155 0.2155 0.248 0.248 0.248 0.22 0.22 0.2275 0.2275 0.2045 0.2045 0.2045 0.2125 0.2125 0.2075 0.2075 0.2065 0.2065 0.208 0.208 0.208 0.215 0.215 0.23 0.23 0.2545 0.2545 0.2545 0.237 0.237 0.236 0.236 0.252 0.252 0.252 0.2665 0.2665 0.2625 0.2625 0.2635 0.2635 0.2635 0.2645 0.2645 0.2615 0.2615
0.162 0.181 0.181 0.201 0.201 0.201 0.203 0.203 0.2025 0.2025 0.2055 0.2055 0.188 0.188 0.188 0.2045 0.2045 0.2315 0.2315 0.219 0.219 0.219 0.198 0.198 0.207 0.207 0.204 0.204 0.204 0.2265 0.2265 0.2155 0.2155 0.248 0.248 0.248 0.22 0.22 0.2275 0.2275 0.2045 0.2045 0.2045 0.2125 0.2125 0.2075 0.2075 0.2065 0.2065 0.208 0.208 0.208 0.215 0.215 0.23 0.23 0.2545 0.2545 0.2545 0.237 0.237 0.236 0.236 0.252 0.252 0.252 0.2665 0.2665 0.2625 0.2625 0.2635 0.2635 0.2635 0.2645 0.2645 0.2615 0.2615
0.189 0.178 0.178 0.1855 0.1855 0.1855 0.192 0.192 0.196 0.196 0.203 0.203 0.2115 0.2115 0.2115 0.21 0.21 0.229 0.229 0.2165 0.2165 0.2165 0.2235 0.2235 0.2055 0.2055 0.204 0.204 0.204 0.199 0.199 0.211 0.211 0.246 0.246 0.246 0.2425 0.2425 0.179 0.179 0.195 0.195 0.195 0.22 0.22 0.2045 0.2045 0.214 0.214 0.206 0.206 0.206 0.2045 0.2045 0.208 0.208 0.2595 0.2595 0.2595 0.254 0.254 0.254 0.254 0.2545 0.2545 0.2545 0.247 0.247 0.258 0.258 0.2615 0.2615 0.2615 0.2715 0.2715 0.283 0.283
0.189 0.178 0.178 0.1855 0.1855 0.1855 0.192 0.192 0.196 0.196 0.203 0.203 0.2115 0.2115 0.2115 0.21 0.21 0.229 0.229 0.2165 0.2165 0.2165 0.2235 0.2235 0.2055 0.2055 0.204 0.204 0.204 0.199 0.199 0.211 0.211 0.246 0.246 0.246 0.2425 0.2425 0.179 0.179 0.195 0.195 0.195 0.22 0.22 0.2045 0.2045 0.214 0.214 0.206 0.206 0.206 0.2045 0.2045 0.208 0.208 0.2595 0.2595 0.2595 0.254 0.254 0.254 0.254 0.2545 0.2545 0.2545 0.247 0.247 0.258 0.258 0.2615 0.2615 0.2615 0.2715 0.2715 0.283 0.283
0.206 0.1965 0.1965 0.2005 0.2005 0.2005 0.2035 0.2035 0.1925 0.1925 0.2095 0.2095 0.2315 0.2315 0.2315 0.2315 0.2315 0.2315 0.2315 0.2235 0.2235 0.2235 0.2365 0.2365 0.2285 0.2285 0.204 0.204 0.204 0.221 0.221 0.2075 0.2075 0.2025 0.2025 0.2025 0.21 0.21 0.1935 0.1935 0.2175 0.2175 0.2175 0.1695 0.1695 0.196 0.196 0.212 0.212 0.2155 0.2155 0.2155 0.211 0.211 0.228 0.228 0.22 0.22 0.22 0.2055 0.2055 0.248 0.248 0.2475 0.2475 0.2475 0.2385 0.2385 0.2685 0.2685 0.2745 0.2745 0.2745 0.2565 0.2565 0.2635 0.2635
0.206 0.1965 0.1965 0.2005 0.2005 0.2005 0.2035 0.2035 0.1925 0.1925 0.2095 0.2095 0.2315 0.2315 0.2315 0.2315 0.2315 0.2315 0.2315 0.2235 0.2235 0.2235 0.2365 0.2365 0.2285 0.2285 0.204 0.204 0.204 0.221 0.221 0.2075 0.2075 0.2025 0.2025 0.2025 0.21 0.21 0.1935 0.1935 0.2175 0.2175 0.2175 0.1695 0.1695 0.196 0.196 0.212 0.212 0.2155 0.2155 0.2155 0.211 0.211 0.228 0.228 0.22 0.22 0.22 0.2055 0.2055 0.248 0.248 0.2475 0.2475 0.2475 0.2385 0.2385 0.2685 0.2685 0.2745 0.2745 0.2745 0.2565 0.2565 0.2635 0.2635
0.206 0.1965 0.1965 0.2005 0.2005 0.2005 0.2035 0.2035 0.1925 0.1925 0.2095 0.2095 0.2315 0.2315 0.2315 0.2315 0.2315 0.2315 0.2315 0.2235 0.2235 0.2235 0.2365 0.2365 0.2285 0.2285 0.204 0.204 0.204 0.221 0.221 0.2075 0.2075 0.2025 0.2025 0.2025 0.21 0.21 0.1935 0.1935 0.2175 0.2175 0.2175 0.1695 0.1695 0.196 0.196 0.212 0.212 0.2155 0.2155 0.2155 0.211 0.211 0.228 0.228 0.22 0.22 0.22 0.2055 0.2055 0.248 0.248 0.2475 0.2475 0.2475 0.2385 0.2385 0.2685 0.2685 0.2745 0.2745 0.2745 0.2565 0.2565 0.2635 0.2635
0.2185 0.198 0.198 0.1975 0.1975 0.1975 0.207 0.207 0.1995 0.1995 0.213 0.213 0.213 0.213 0.213 0.232 0.232 0.2455 0.2455 0.2405 0.2405 0.2405 0.22 0.22 0.226 0.226 0.217 0.217 0.217 0.188 0.188 0.2015 0.2015 0.2545 0.2545 0.2545 0.2495 0.2495 0.214 0.214 0.1885 0.1885 0.1885 0.241 0.241 0.219 0.219 0.232 0.232 0.2385 0.2385 0.2385 0.2415 0.2415 0.215 0.215 0.2155 0.2155 0.2155 0.2335 0.2335 0.2565 0.2565 0.265 0.265 0.265 0.245 0.245 0.2805 0.2805 0.2765 0.2765 0.2765 0.229 0.229 0.2335 0.2335
0.2185 0.198 0.198 0.1975 0.1975 0.1975 0.207 0.207 0.1995 0.1995 0.213 0.213 0.213 0.213 0.213 0.232 0.232 0.2455 0.2455 0.2405 0.2405 0.2405 0.22 0.22 0.226 0.226 0.217 0.217 0.217 0.188 0.188 0.2015 0.2015 0.2545 0.2545 0.2545 0.2495 0.2495 0.214 0.214 0.1885 0.1885 0.1885 0.241 0.241 0.219 0.219 0.232 0.232 0.2385 0.2385 0.2385 0.2415 0.2415 0.215 0.215 0.2155 0.2155 0.2155 0.2335 0.2335 0.2565 0.2565 0.265 0.265 0.265 0.245 0.245 0.2805 0.2805 0.2765 0.2765 0.2765 0.229 0.229 0.2335 0.2335
0.219 0.2115 0.2115 0.2 0.2 0.2 0.2 0.2 0.1995 0.1995 0.228 0.228 0.2105 0.2105 0.2105 0.2185 0.2185 0.228 0.228 0.248 0.248 0.248 0.227 0.227 0.234 0.234 0.2315 0.2315 0.2315 0.2285 0.2285 0.231 0.231 0.207 0.207 0.207 0.2135 0.2135 0.18 0.18 0.1815 0.1815 0.1815 0.22 0.22 0.2505 0.2505 0.2405 0.2405 0.217 0.217 0.217 0.2425 0.2425 0.233 0.233 0.2485 0.2485 0.2485 0.2395 0.2395 0.2425 0.2425 0.2895 0.2895 0.2895 0.287 0.287 0.2785 0.2785 0.268 0.268 0.268 0.245 0.245 0.2455 0.2455
0.219 0.2115 0.2115 0.2 0.2 0.2 0.2 0.2 0.1995 0.1995 0.228 0.228 0.2105 0.2105 0.2105 0.2185 0.2185 0.228 0.228 0.248 0.248 0.248 0.227 0.227 0.234 0.234 0.2315 0.2315 0.2315 0.2285 0.2285 0.231 0.231 0.207 0.207 0.207 0.2135 0.2135 0.18 0.18 0.1815 0.1815 0.1815 0.22 0.22 0.2505 0.2505 0.2405 0.2405 0.217 0.217 0.217 0.2425 0.2425 0.233 0.233 0.2485 0.2485 0.2485 0.2395 0.2395 0.2425 0.2425 0.2895 0.2895 0.2895 0.287 0.287 0.2785 0.2785 0.268 0.268 0.268 0.245 0.245 0.2455 0.2455
0.228 0.2315 0.2315 0.221 0.221 0.221 0.1935 0.1935 0.2265 0.2265 0.225 0.225 0.235 0.235 0.235 0.2715 0.2715 0.259 0.259 0.2485 0.2485 0.2485 0.241 0.241 0.232 0.232 0.223 0.223 0.223 0.189 0.189 0.2115 0.2115 0.2155 0.2155 0.2155 0.177 0.177 0.1965 0.1965 0.2175 0.2175 0.2175 0.2105 0.2105 0.237 0.237 0.2365 0.2365 0.2315 0.2315 0.2315 0.2475 0.2475 0.247 0.247 0.226 0.226 0.226 0.247 0.247 0.264 0.264 0.271 0.271 0.271 0.252 0.252 0.2645 0.2645 0.2645 0.2645 0.2645 0.252 0.252 0.249 0.249
0.228 0.2315 0.2315 0.221 0.221 0.221 0.1935 0.1935 0.2265 0.2265 0.225 0.225 0.235 0.235 0.235 0.2715 0.2715 0.259 0.259 0.2485 0.2485 0.2485 0.241 0.241 0.232 0.232 0.223 0.223 0.223 0.189 0.189 0.2115 0.2115 0.2155 0.2155 0.2155 0.177 0.177 0.1965 0.1965 0.2175 0.2175 0.2175 0.2105 0.2105 0.237 0.237 0.2365 0.2365 0.2315 0.2315 0.2315 0.2475 0.2475 0.247 0.247 0.226 0.226 0.226 0.247 0.247 0.264 0.264 0.271 0.271 0.271 0.252 0.252 0.2645 0.2645 0.2645 0.2645 0.2645 0.252 0.252 0.249 0.249
0.2225 0.2315 0.2315 0.2225 0.2225 0.2225 0.227 0.227 0.2215 0.2215 0.2235 0.2235 0.2485 0.2485 0.2485 0.2465 0.2465 0.236 0.236 0.243 0.243 0.243 0.23 0.23 0.2545 0.2545 0.2575 0.2575 0.2575 0.2255 0.2255 0.23 0.23 0.2145 0.2145 0.2145 0.2075 0.2075 0.225 0.225 0.2065 0.2065 0.2065 0.2285 0.2285 0.2425 0.2425 0.23 0.23 0.244 0.244 0.244 0.241 0.241 0.2365 0.2365 0.2385 0.2385 0.2385 0.237 0.237 0.235 0.235 0.247 0.247 0.247 0.2545 0.2545 0.2435 0.2435 0.2615 0.2615 0.2615 0.26 0.26 0.2575 0.2575
0.2225 0.2315 0.2315 0.2225 0.2225 0.2225 0.227 0.227 0.2215 0.2215 0.2235 0.2235 0.2485 0.2485 0.2485 0.2465 0.2465 0.236 0.236 0.243 0.243 0.243 0.23 0.23 0.2545 0.2545 0.2575 0.2575 0.2575 0.2255 0.2255 0.23 0.23 0.2145 0.2145 0.2145 0.2075 0.2075 0.225 0.225 0.2065 0.2065 0.2065 0.2285 0.2285 0.2425 0.2425 0.23 0.23 0.244 0.244 0.244 0.241 0.241 0.2365 0.2365 0.2385 0.2385 0.2385 0.237 0.237 0.235 0.235 0.247 0.247 0.247 0.2545 0.2545 0.2435 0.2435 0.2615 0.2615 0.2615 0.26 0.26 0.2575 0.2575
0.2225 0.2315 0.2315 0.2225 0.2225 0.2225 0.227 0.227 0.2215 0.2215 0.2235 0.2235 0.2485 0.2485 0.2485 0.2465 0.2465 0.236 0.236 0.243 0.243 0.243 0.23 0.23 0.2545 0.2545 0.2575 0.2575 0.2575 0.2255 0.2255 0.23 0.23 0.2145 0.2145 0.2145 0.2075 0.2075 0.225 0.225 0.2065 0.2065 0.2065 0.2285 0.2285 0.2425 0.2425 0.23 0.23 0.244 0.244 0.244 0.241 0.241 0.2365 0.2365 0.2385 0.2385 0.2385 0.237 0.237 0.235 0.235 0.247 0.247 0.247 0.2545 0.2545 0.2435 0.2435 0.2615 0.2615 0.2615 0.26 0.26 0.2575 0.2575
0.2365 0.2545 0.2545 0.224 0.224 0.224 0.222 0.222 0.2315 0.2315 0.246 0.246 0.235 0.235 0.235 0.2455 0.2455 0.2385 0.2385 0.225 0.225 0.225 0.2285 0.2285 0.231 0.231 0.2455 0.2455 0.2455 0.22 0.22 0.24 0.24 0.2275 0.2275 0.2275 0.224 0.224 0.2245 0.2245 0.2225 0.2225 0.2225 0.225 0.225 0.2575 0.2575 0.23 0.23 0.244 0.244 0.244 0.2535 0.2535 0.249 0.249 0.232 0.232 0.232 0.2515 0.2515 0.2615 0.2615 0.264 0.264 0.264 0.2525 0.2525 0.2745 0.2745 0.258 0.258 0.258 0.2405 0.2405 0.2405 0.2405
0.2365 0.2545 0.2545 0.224 0.224 0.224 0.222 0.222 0.2315 0.2315 0.246 0.246 0.235 0.235 0.235 0.2455 0.2455 0.2385 0.2385 0.225 0.225 0.225 0.2285 0.2285 0.231 0.231 0.2455 0.2455 0.2455 0.22 0.22 0.24 0.24 0.2275 0.2275 0.2275 0.224 0.224 0.2245 0.2245 0.2225 0.2225 0.2225 0.225 0.225 0.2575 0.2575 0.23 0.23 0.244 0.244 0.244 0.2535 0.2535 0.249 0.249 0.232 0.232 0.232 0.2515 0.2515 0.2615 0.2615 0.264 0.264 0.264 0.2525 0.2525 0.2745 0.2745 0.258 0.258 0.258 0.2405 0.2405 0.2405 0.2405
0.253 0.25 0.25 0.24 0.24 0.24 0.2365 0.2365 0.2525 0.2525 0.267 0.267 0.261 0.261 0.261 0.2615 0.2615 0.261 0.261 0.251 0.251 0.251 0.2605 0.2605 0.2605 0.2605 0.2655 0.2655 0.2655 0.269 0.269 0.248 0.248 0.2375 0.2375 0.2375 0.2365 0.2365 0.217 0.217 0.2125 0.2125 0.2125 0.223 0.223 0.24 0.24 0.238 0.238 0.253 0.253 0.253 0.2695 0.2695 0.263 0.263 0.2825 0.2825 0.2825 0.2865 0.2865 0.253 0.253 0.254 0.254 0.254 0.2345 0.2345 0.2435 0.2435 0.2415 0.2415 0.2415 0.236 0.236 0.2485 0.2485
0.253 0.25 0.25 0.24 0.24 0.24 0.2365 0.2365 0.2525 0.2525 0.267 0.267 0.261 0.261 0.261 0.2615 0.2615 0.261 0.261 0.251 0.251 0.251 0.2605 0.2605 0.2605 0.2605 0.2655 0.2655 0.2655 0.269 0.269 0.248 0.248 0.2375 0.2375 0.2375 0.2365 0.2365 0.217 0.217 0.2125 0.2125 0.2125 0.223 0.223 0.24 0.24 0.238 0.238 0.253 0.253 0.253 0.2695 0.2695 0.263 0.263 0.2825 0.2825 0.2825 0.2865 0.2865 0.253 0.253 0.254 0.254 0.254 0.2345 0.2345 0.2435 0.2435 0.2415 0.2415 0.2415 0.236 0.236 0.2485 0.2485
0.263 0.265 0.265 0.2695 0.2695 0.2695 0.247 0.247 0.247 0.247 0.2625 0.2625 0.249 0.249 0.249 0.2595 0.2595 0.25 0.25 0.264 0.264 0.264 0.2805 0.2805 0.2595 0.2595 0.262 0.262 0.262 0.2605 0.2605 0.2685 0.2685 0.255 0.255 0.255 0.244 0.244 0.22 0.22 0.219 0.219 0.219 0.203 0.203 0.2365 0.2365 0.2255 0.2255 0.2265 0.2265 0.2265 0.239 0.239 0.2445 0.2445 0.2485 0.2485 0.2485 0.28 0.28 0.285 0.285 0.257 0.257 0.257 0.2565 0.2565 0.246 0.246 0.259 0.259 0.259 0.2615 0.2615 0.273 0.273
0.263 0.265 0.265 0.2695 0.2695 0.2695 0.247 0.247 0.247 0.247 0.2625 0.2625 0.249 0.249 0.249 0.2595 0.2595 0.25 0.25 0.264 0.264 0.264 0.2805 0.2805 0.2595 0.2595 0.262 0.262 0.262 0.2605 0.2605 0.2685 0.2685 0.255 0.255 0.255 0.244 0.244 0.22 0.22 0.219 0.219 0.219 0.203 0.203 0.2365 0.2365 0.2255 0.2255 0.2265 0.2265 0.2265 0.239 0.239 0.2445 0.2445 0.2485 0.2485 0.2485 0.28 0.28 0.285 0.285 0.257 0.257 0.257 0.2565 0.2565 0.246 0.246 0.259 0.259 0.259 0.2615 0.2615 0.273 0.273
0.263 0.265 0.265 0.2695 0.2695 0.2695 0.247 0.247 0.247 0.247 0.2625 0.2625 0.249 0.249 0.249 0.2595 0.2595 0.25 0.25 0.264 0.264 0.264 0.2805 0.2805 0.2595 0.2595 0.262 0.262 0.262 0.2605 0.2605 0.2685 0.2685 0.255 0.255 0.255 0.244 0.244 0.22 0.22 0.219 0.219 0.219 0.203 0.203 0.2365 0.2365 0.2255 0.2255 0.2265 0.2265 0.2265 0.239 0.239 0.2445 0.2445 0.2485 0.2485 0.2485 0.28 0.28 0.285 0.285 0.257 0.257 0.257 0.2565 0.2565 0.246 0.246 0.259 0.259 0.259 0.2615 0.2615 0.273 0.273
