ndvi/NOAA-360.asc
ncols         252
nrows         154
xllcorner     -18.017974
yllcorner     13.481982
cellsize      0.035948
NODATA_value  -9999
[rows 68 to 101 of 154, columns 0 to 76 of 252]
-1 -1 -1 -1 -1 -1 -1 -1 -1 -1 -1 -1 -1 -1 -1 -1 -1 -1 -1 -1 -1 -1 -1 -1 -1 -1 -1 -1 -1 -1 -1 -1 -1 -1 -1 -1 -1 -1 -1 0.209 0.209 0.209 0.292 0.292 0.422 0.422 0.3815 0.3815 0.3815 0.3125 0.3125 0.296 0.296 0.292 0.292 0.2525 0.2525 0.2525 0.394 0.394 0.446 0.446 0.446 0.446 0.446 0.41 0.41 0.4115 0.4115 0.1985 0.1985 0.1985 0.202 0.202 0.202 0.202 0.228
-1 -1 -1 -1 -1 -1 -1 -1 -1 -1 -1 -1 -1 -1 -1 -1 -1 -1 -1 -1 -1 -1 -1 -1 -1 -1 -1 -1 -1 -1 -1 -1 -1 -1 -1 -1 -1 -1 -1 0.17 0.17 0.17 0.2995 0.2995 0.3785 0.3785 0.3925 0.3925 0.3925 0.32 0.32 0.3115 0.3115 0.35 0.35 0.315 0.315 0.315 0.4175 0.4175 0.445 0.445 0.445 0.445 0.445 0.292 0.292 0.2255 0.2255 0.205 0.205 0.205 0.203 0.203 0.201 0.201 0.199
-1 -1 -1 -1 -1 -1 -1 -1 -1 -1 -1 -1 -1 -1 -1 -1 -1 -1 -1 -1 -1 -1 -1 -1 -1 -1 -1 -1 -1 -1 -1 -1 -1 -1 -1 -1 -1 -1 -1 0.17 0.17 0.17 0.2995 0.2995 0.3785 0.3785 0.3925 0.3925 0.3925 0.32 0.32 0.3115 0.3115 0.35 0.35 0.315 0.315 0.315 0.4175 0.4175 0.445 0.445 0.445 0.445 0.445 0.292 0.292 0.2255 0.2255 0.205 0.205 0.205 0.203 0.203 0.201 0.201 0.199
-1 -1 -1 -1 -1 -1 -1 -1 -1 -1 -1 -1 -1 -1 -1 -1 -1 -1 -1 -1 -1 -1 -1 -1 -1 -1 -1 -1 -1 -1 -1 -1 -1 -1 -1 -1 -1 0.122 0.122 0.175 0.175 0.175 0.312 0.312 0.3355 0.3355 0.3195 0.3195 0.3195 0.2935 0.2935 0.2325 0.2325 0.2415 0.2415 0.2375 0.2375 0.2375 0.307 0.307 0.2555 0.2555 0.2555 0.2555 0.2555 0.2125 0.2125 0.2145 0.2145 0.2145 0.2145 0.2145 0.222 0.222 0.2125 0.2125 0.2115
-1 -1 -1 -1 -1 -1 -1 -1 -1 -1 -1 -1 -1 -1 -1 -1 -1 -1 -1 -1 -1 -1 -1 -1 -1 -1 -1 -1 -1 -1 -1 -1 -1 -1 -1 -1 -1 0.122 0.122 0.175 0.175 0.175 0.312 0.312 0.3355 0.3355 0.3195 0.3195 0.3195 0.2935 0.2935 0.2325 0.2325 0.2415 0.2415 0.2375 0.2375 0.2375 0.307 0.307 0.2555 0.2555 0.2555 0.2555 0.2555 0.2125 0.2125 0.2145 0.2145 0.2145 0.2145 0.2145 0.222 0.222 0.2125 0.2125 0.2115
-1 -1 -1 -1 -1 -1 -1 -1 -1 -1 -1 -1 -1 -1 -1 -1 -1 -1 -1 -1 -1 -1 -1 -1 -1 -1 -1 -1 -1 -1 -1 -1 -1 -1 -1 -1 -1 0.122 0.122 0.175 0.175 0.175 0.312 0.312 0.3355 0.3355 0.3195 0.3195 0.3195 0.2935 0.2935 0.2325 0.2325 0.2415 0.2415 0.2375 0.2375 0.2375 0.307 0.307 0.2555 0.2555 0.2555 0.2555 0.2555 0.2125 0.2125 0.2145 0.2145 0.2145 0.2145 0.2145 0.222 0.222 0.2125 0.2125 0.2115
-1 -1 -1 -1 -1 -1 -1 -1 -1 -1 -1 -1 -1 -1 -1 -1 -1 -1 -1 -1 -1 -1 -1 -1 -1 -1 -1 -1 -1 -1 -1 -1 -1 -1 -1 -1 -1 0.0405 0.0405 0.162 0.162 0.162 0.2635 0.2635 0.3195 0.3195 0.2555 0.2555 0.2555 0.269 0.269 0.2175 0.2175 0.182 0.182 0.251 0.251 0.251 0.228 0.228 0.227 0.227 0.227 0.227 0.227 0.2225 0.2225 0.215 0.215 0.2135 0.2135 0.2135 0.22 0.22 0.2155 0.2155 0.2315
-1 -1 -1 -1 -1 -1 -1 -1 -1 -1 -1 -1 -1 -1 -1 -1 -1 -1 -1 -1 -1 -1 -1 -1 -1 -1 -1 -1 -1 -1 -1 -1 -1 -1 -1 -1 -1 0.0405 0.0405 0.162 0.162 0.162 0.2635 0.2635 0.3195 0.3195 0.2555 0.2555 0.2555 0.269 0.269 0.2175 0.2175 0.182 0.182 0.251 0.251 0.251 0.228 0.228 0.227 0.227 0.227 0.227 0.227 0.2225 0.2225 0.215 0.215 0.2135 0.2135 0.2135 0.22 0.22 0.2155 0.2155 0.2315
-1 -1 -1 -1 -1 -1 -1 -1 -1 -1 -1 -1 -1 -1 -1 -1 -1 -1 -1 -1 -1 -1 -1 -1 -1 -1 -1 -1 -1 -1 -1 -1 -1 -1 -1 -1 -1 0.0225 0.0225 0.2145 0.2145 0.2145 0.287 0.287 0.274 0.274 0.2595 0.2595 0.2595 0.2135 0.2135 0.271 0.271 0.276 0.276 0.24 0.24 0.24 0.244 0.244 0.231 0.231 0.231 0.231 0.231 0.2315 0.2315 0.228 0.228 0.2215 0.2215 0.2215 0.2165 0.2165 0.2065 0.2065 0.21
-1 -1 -1 -1 -1 -1 -1 -1 -1 -1 -1 -1 -1 -1 -1 -1 -1 -1 -1 -1 -1 -1 -1 -1 -1 -1 -1 -1 -1 -1 -1 -1 -1 -1 -1 -1 -1 0.0225 0.0225 0.2145 0.2145 0.2145 0.287 0.287 0.274 0.274 0.2595 0.2595 0.2595 0.2135 0.2135 0.271 0.271 0.276 0.276 0.24 0.24 0.24 0.244 0.244 0.231 0.231 0.231 0.231 0.231 0.2315 0.2315 0.228 0.228 0.2215 0.2215 0.2215 0.2165 0.2165 0.2065 0.2065 0.21
-1 -1 -1 -1 -1 -1 -1 -1 -1 -1 -1 -1 -1 -1 -1 -1 -1 -1 -1 -1 -1 -1 -1 -1 -1 -1 -1 -1 -1 -1 -1 -1 -1 -1 -1 -1 -1 0.0457 0.0457 0.2095 0.2095 0.2095 0.244 0.244 0.2605 0.2605 0.249 0.249 0.249 0.2275 0.2275 0.2505 0.2505 0.2275 0.2275 0.2615 0.2615 0.2615 0.2445 0.2445 0.2365 0.2365 0.2365 0.2365 0.2365 0.231 0.231 0.21 0.21 0.2325 0.2325 0.2325 0.2165 0.2165 0.21 0.21 0.2095
-1 -1 -1 -1 -1 -1 -1 -1 -1 -1 -1 -1 -1 -1 -1 -1 -1 -1 -1 -1 -1 -1 -1 -1 -1 -1 -1 -1 -1 -1 -1 -1 -1 -1 -1 -1 -1 0.0457 0.0457 0.2095 0.2095 0.2095 0.244 0.244 0.2605 0.2605 0.249 0.249 0.249 0.2275 0.2275 0.2505 0.2505 0.2275 0.2275 0.2615 0.2615 0.2615 0.2445 0.2445 0.2365 0.2365 0.2365 0.2365 0.2365 0.231 0.231 0.21 0.21 0.2325 0.2325 0.2325 0.2165 0.2165 0.21 0.21 0.2095
-1 -1 -1 -1 -1 -1 -1 -1 -1 -1 -1 -1 -1 -1 -1 -1 -1 -1 -1 -1 -1 -1 -1 -1 -1 -1 -1 -1 -1 -1 -1 -1 -1 -1 -1 -1 -1 0.2942 0.2942 0.258 0.258 0.258 0.275 0.275 0.2635 0.2635 0.2485 0.2485 0.2485 0.2345 0.2345 0.2345 0.2345 0.234 0.234 0.2785 0.2785 0.2785 0.244 0.244 0.25 0.25 0.25 0.25 0.25 0.2365 0.2365 0.2375 0.2375 0.233 0.233 0.233 0.2225 0.2225 0.2285 0.2285 0.226
-1 -1 -1 -1 -1 -1 -1 -1 -1 -1 -1 -1 -1 -1 -1 -1 -1 -1 -1 -1 -1 -1 -1 -1 -1 -1 -1 -1 -1 -1 -1 -1 -1 -1 -1 -1 -1 0.2942 0.2942 0.258 0.258 0.258 0.275 0.275 0.2635 0.2635 0.2485 0.2485 0.2485 0.2345 0.2345 0.2345 0.2345 0.234 0.234 0.2785 0.2785 0.2785 0.244 0.244 0.25 0.25 0.25 0.25 0.25 0.2365 0.2365 0.2375 0.2375 0.233 0.233 0.233 0.2225 0.2225 0.2285 0.2285 0.226
-1 -1 -1 -1 -1 -1 -1 -1 -1 -1 -1 -1 -1 -1 -1 -1 -1 -1 -1 -1 -1 -1 -1 -1 -1 -1 -1 -1 -1 -1 -1 -1 -1 -1 -1 -1 -1 0.2942 0.2942 0.258 0.258 0.258 0.275 0.275 0.2635 0.2635 0.2485 0.2485 0.2485 0.2345 0.2345 0.2345 0.2345 0.234 0.234 0.2785 0.2785 0.2785 0.244 0.244 0.25 0.25 0.25 0.25 0.25 0.2365 0.2365 0.2375 0.2375 0.233 0.233 0.233 0.2225 0.2225 0.2285 0.2285 0.226
-1 -1 -1 -1 -1 -1 -1 -1 -1 -1 -1 -1 -1 -1 -1 -1 -1 -1 -1 -1 -1 -1 -1 -1 -1 -1 -1 -1 -1 -1 -1 -1 -1 -1 -1 -1 -1 0.123 0.123 0.262 0.262 0.262 0.2945 0.2945 0.2505 0.2505 0.257 0.257 0.257 0.2285 0.2285 0.2305 0.2305 0.2685 0.2685 0.2495 0.2495 0.2495 0.2475 0.2475 0.252 0.252 0.252 0.252 0.252 0.2435 0.2435 0.229 0.229 0.2245 0.2245 0.2245 0.2345 0.2345 0.2365 0.2365 0.2325
-1 -1 -1 -1 -1 -1 -1 -1 -1 -1 -1 -1 -1 -1 -1 -1 -1 -1 -1 -1 -1 -1 -1 -1 -1 -1 -1 -1 -1 -1 -1 -1 -1 -1 -1 -1 -1 0.123 0.123 0.262 0.262 0.262 0.2945 0.2945 0.2505 0.2505 0.257 0.257 0.257 0.2285 0.2285 0.2305 0.2305 0.2685 0.2685 0.2495 0.2495 0.2495 0.2475 0.2475 0.252 0.252 0.252 0.252 0.252 0.2435 0.2435 0.229 0.229 0.2245 0.2245 0.2245 0.2345 0.2345 0.2365 0.2365 0.2325
-1 -1 -1 -1 -1 -1 -1 -1 -1 -1 -1 -1 -1 -1 -1 -1 -1 -1 -1 -1 -1 -1 -1 -1 -1 -1 -1 -1 -1 -1 -1 -1 -1 -1 -1 -1 -1 0.126 0.126 0.2895 0.2895 0.2895 0.303 0.303 0.2635 0.2635 0.24 0.24 0.24 0.2475 0.2475 0.2435 0.2435 0.246 0.246 0.2835 0.2835 0.2835 0.249 0.249 0.251 0.251 0.251 0.251 0.251 0.233 0.233 0.2355 0.2355 0.231 0.231 0.231 0.247 0.247 0.2495 0.2495 0.245
-1 -1 -1 -1 -1 -1 -1 -1 -1 -1 -1 -1 -1 -1 -1 -1 -1 -1 -1 -1 -1 -1 -1 -1 -1 -1 -1 -1 -1 -1 -1 -1 -1 -1 -1 -1 -1 0.126 0.126 0.2895 0.2895 0.2895 0.303 0.303 0.2635 0.2635 0.24 0.24 0.24 0.2475 0.2475 0.2435 0.2435 0.246 0.246 0.2835 0.2835 0.2835 0.249 0.249 0.251 0.251 0.251 0.251 0.251 0.233 0.233 0.2355 0.2355 0.231 0.231 0.231 0.247 0.247 0.2495 0.2495 0.245
-1 -1 -1 -1 -1 -1 -1 -1 -1 -1 -1 -1 -1 -1 -1 -1 -1 -1 -1 -1 -1 -1 -1 -1 -1 -1 -1 -1 -1 -1 -1 -1 -1 -1 -1 0.0335 0.0335 0.287 0.287 0.2795 0.2795 0.2795 0.275 0.275 0.2655 0.2655 0.2395 0.2395 0.2395 0.2615 0.2615 0.257 0.257 0.2375 0.2375 0.243 0.243 0.243 0.245 0.245 0.2675 0.2675 0.2675 0.2675 0.2675 0.2355 0.2355 0.242 0.242 0.231 0.231 0.231 0.239 0.239 0.2375 0.2375 0.2575
-1 -1 -1 -1 -1 -1 -1 -1 -1 -1 -1 -1 -1 -1 -1 -1 -1 -1 -1 -1 -1 -1 -1 -1 -1 -1 -1 -1 -1 -1 -1 -1 -1 -1 -1 0.0335 0.0335 0.287 0.287 0.2795 0.2795 0.2795 0.275 0.275 0.2655 0.2655 0.2395 0.2395 0.2395 0.2615 0.2615 0.257 0.257 0.2375 0.2375 0.243 0.243 0.243 0.245 0.245 0.2675 0.2675 0.2675 0.2675 0.2675 0.2355 0.2355 0.242 0.242 0.231 0.231 0.231 0.239 0.239 0.2375 0.2375 0.2575
-1 -1 -1 -1 -1 -1 -1 -1 -1 -1 -1 -1 -1 -1 -1 -1 -1 -1 -1 -1 -1 -1 -1 -1 -1 -1 -1 -1 -1 -1 -1 -1 -1 -1 -1 0.0335 0.0335 0.287 0.287 0.2795 0.2795 0.2795 0.275 0.275 0.2655 0.2655 0.2395 0.2395 0.2395 0.2615 0.2615 0.257 0.257 0.2375 0.2375 0.243 0.243 0.243 0.245 0.245 0.2675 0.2675 0.2675 0.2675 0.2675 0.2355 0.2355 0.242 0.242 0.231 0.231 0.231 0.239 0.239 0.2375 0.2375 0.2575
-1 -1 -1 -1 -1 -1 -1 -1 -1 -1 -1 -1 -1 -1 -1 -1 -1 -1 -1 -1 -1 -1 -1 -1 -1 -1 -1 -1 -1 -1 -1 -1 -1 -1 -1 0.1405 0.1405 0.2575 0.2575 0.251 0.251 0.251 0.244 0.244 0.251 0.251 0.2475 0.2475 0.2475 0.257 0.257 0.247 0.247 0.2475 0.2475 0.235 0.235 0.235 0.2345 0.2345 0.2455 0.2455 0.2455 0.2455 0.2455 0.2535 0.2535 0.2485 0.2485 0.2535 0.2535 0.2535 0.254 0.254 0.2385 0.2385 0.246
-1 -1 -1 -1 -1 -1 -1 -1 -1 -1 -1 -1 -1 -1 -1 -1 -1 -1 -1 -1 -1 -1 -1 -1 -1 -1 -1 -1 -1 -1 -1 -1 -1 -1 -1 0.1405 0.1405 0.2575 0.2575 0.251 0.251 0.251 0.244 0.244 0.251 0.251 0.2475 0.2475 0.2475 0.257 0.257 0.247 0.247 0.2475 0.2475 0.235 0.235 0.235 0.2345 0.2345 0.2455 0.2455 0.2455 0.2455 0.2455 0.2535 0.2535 0.2485 0.2485 0.2535 0.2535 0.2535 0.254 0.254 0.2385 0.2385 0.246
-1 -1 -1 -1 -1 -1 -1 -1 -1 -1 -1 -1 -1 -1 -1 -1 -1 -1 -1 -1 -1 -1 -1 -1 -1 -1 -1 -1 -1 -1 -1 -1 0.096 0.096 0.096 0.244 0.244 0.2535 0.2535 0.2315 0.2315 0.2315 0.234 0.234 0.238 0.238 0.251 0.251 0.251 0.2545 0.2545 0.2495 0.2495 0.2515 0.2515 0.262 0.262 0.262 0.2495 0.2495 0.2585 0.2585 0.2585 0.2585 0.2585 0.2515 0.2515 0.246 0.246 0.253 0.253 0.253 0.2545 0.2545 0.2585 0.2585 0.2425
-1 -1 -1 -1 -1 -1 -1 -1 -1 -1 -1 -1 -1 -1 -1 -1 -1 -1 -1 -1 -1 -1 -1 -1 -1 -1 -1 -1 -1 -1 -1 -1 0.096 0.096 0.096 0.244 0.244 0.2535 0.2535 0.2315 0.2315 0.2315 0.234 0.234 0.238 0.238 0.251 0.251 0.251 0.2545 0.2545 0.2495 0.2495 0.2515 0.2515 0.262 0.262 0.262 0.2495 0.2495 0.2585 0.2585 0.2585 0.2585 0.2585 0.2515 0.2515 0.246 0.246 0.253 0.253 0.253 0.2545 0.2545 0.2585 0.2585 0.2425
-1 -1 -1 -1 -1 -1 -1 -1 -1 -1 -1 -1 -1 -1 -1 -1 -1 -1 -1 -1 -1 -1 -1 -1 -1 -1 -1 -1 -1 -1 0.065 0.065 0.254 0.254 0.254 0.2605 0.2605 0.2645 0.2645 0.241 0.241 0.241 0.238 0.238 0.24 0.24 0.2625 0.2625 0.2625 0.255 0.255 0.2385 0.2385 0.2405 0.2405 0.2425 0.2425 0.2425 0.2525 0.2525 0.255 0.255 0.255 0.255 0.255 0.251 0.251 0.251 0.251 0.2885 0.2885 0.2885 0.3095 0.3095 0.285 0.285 0.259
-1 -1 -1 -1 -1 -1 -1 -1 -1 -1 -1 -1 -1 -1 -1 -1 -1 -1 -1 -1 -1 -1 -1 -1 -1 -1 -1 -1 -1 -1 0.065 0.065 0.254 0.254 0.254 0.2605 0.2605 0.2645 0.2645 0.241 0.241 0.241 0.238 0.238 0.24 0.24 0.2625 0.2625 0.2625 0.255 0.255 0.2385 0.2385 0.2405 0.2405 0.2425 0.2425 0.2425 0.2525 0.2525 0.255 0.255 0.255 0.255 0.255 0.251 0.251 0.251 0.251 0.2885 0.2885 0.2885 0.3095 0.3095 0.285 0.285 0.259
-1 -1 -1 -1 -1 -1 -1 -1 -1 -1 -1 -1 -1 -1 -1 -1 -1 -1 -1 -1 -1 -1 -1 -1 -1 -1 -1 -1 -1 -1 0.065 0.065 0.254 0.254 0.254 0.2605 0.2605 0.2645 0.2645 0.241 0.241 0.241 0.238 0.238 0.24 0.24 0.2625 0.2625 0.2625 0.255 0.255 0.2385 0.2385 0.2405 0.2405 0.2425 0.2425 0.2425 0.2525 0.2525 0.255 0.255 0.255 0.255 0.255 0.251 0.251 0.251 0.251 0.2885 0.2885 0.2885 0.3095 0.3095 0.285 0.285 0.259
-1 -1 -1 -1 -1 -1 -1 -1 -1 -1 -1 -1 -1 -1 -1 -1 -1 -1 -1 -1 -1 -1 -1 -1 -1 -1 -1 -1 -1 -1 0.14 0.14 0.288 0.288 0.288 0.2615 0.2615 0.261 0.261 0.244 0.244 0.244 0.243 0.243 0.233 0.233 0.2495 0.2495 0.2495 0.2435 0.2435 0.2365 0.2365 0.242 0.242 0.254 0.254 0.254 0.2585 0.2585 0.2605 0.2605 0.2605 0.2605 0.2605 0.2605 0.2605 0.274 0.274 0.275 0.275 0.275 0.2825 0.2825 0.265 0.265 0.291
-1 -1 -1 -1 -1 -1 -1 -1 -1 -1 -1 -1 -1 -1 -1 -1 -1 -1 -1 -1 -1 -1 -1 -1 -1 -1 -1 -1 -1 -1 0.14 0.14 0.288 0.288 0.288 0.2615 0.2615 0.261 0.261 0.244 0.244 0.244 0.243 0.243 0.233 0.233 0.2495 0.2495 0.2495 0.2435 0.2435 0.2365 0.2365 0.242 0.242 0.254 0.254 0.254 0.2585 0.2585 0.2605 0.2605 0.2605 0.2605 0.2605 0.2605 0.2605 0.274 0.274 0.275 0.275 0.275 0.2825 0.2825 0.265 0.265 0.291
-1 -1 -1 -1 -1 -1 -1 -1 -1 -1 -1 -1 -1 -1 -1 -1 -1 -1 -1 -1 -1 -1 -1 -1 -1 -1 -1 -1 0.0825 0.0825 0.2685 0.2685 0.2725 0.2725 0.2725 0.2835 0.2835 0.272 0.272 0.2435 0.2435 0.2435 0.2465 0.2465 0.242 0.242 0.2415 0.2415 0.2415 0.2385 0.2385 0.2385 0.2385 0.242 0.242 0.2555 0.2555 0.2555 0.2555 0.2555 0.257 0.257 0.257 0.257 0.257 0.269 0.269 0.2655 0.2655 0.293 0.293 0.293 0.3095 0.3095 0.2705 0.2705 0.2955
-1 -1 -1 -1 -1 -1 -1 -1 -1 -1 -1 -1 -1 -1 -1 -1 -1 -1 -1 -1 -1 -1 -1 -1 -1 -1 -1 -1 0.0825 0.0825 0.2685 0.2685 0.2725 0.2725 0.2725 0.2835 0.2835 0.272 0.272 0.2435 0.2435 0.2435 0.2465 0.2465 0.242 0.242 0.2415 0.2415 0.2415 0.2385 0.2385 0.2385 0.2385 0.242 0.242 0.2555 0.2555 0.2555 0.2555 0.2555 0.257 0.257 0.257 0.257 0.257 0.269 0.269 0.2655 0.2655 0.293 0.293 0.293 0.3095 0.3095 0.2705 0.2705 0.2955
-1 -1 -1 -1 -1 -1 -1 -1 -1 -1 -1 -1 -1 -1 -1 -1 -1 -1 -1 -1 -1 -1 -1 -1 -1 0.0445 0.0445 0.0445 0.195 0.195 0.2915 0.2915 0.2865 0.2865 0.2865 0.293 0.293 0.269 0.269 0.257 0.257 0.257 0.2505 0.2505 0.249 0.249 0.2555 0.2555 0.2555 0.26 0.26 0.2355 0.2355 0.2625 0.2625 0.2785 0.2785 0.2785 0.268 0.268 0.271 0.271 0.271 0.271 0.271 0.2975 0.2975 0.3455 0.3455 0.329 0.329 0.329 0.293 0.293 0.296 0.296 0.2675
