ndvi/NOAA-225.asc
ncols         252
nrows         154
xllcorner     -18.017974
yllcorner     13.481982
cellsize      0.035948
NODATA_value  -9999
[rows 102 to 135 of 154, columns 0 to 77 of 252]
-1 -1 -1 -1 -1 -1 -1 -1 -1 -1 -1 -1 -1 -1 -1 -1 -1 -1 -1 -1 -1 -1 -1 -1 -1 0.0161 0.0161 0.0161 0.2305 0.2305 0.5025 0.5025 0.4465 0.4465 0.4465 0.397 0.397 0.5165 0.5165 0.5585 0.5585 0.5585 0.5825 0.5825 0.4955 0.4955 0.491 0.491 0.491 0.516 0.516 0.5825 0.5825 0.617 0.617 0.635 0.635 0.635 0.611 0.611 0.6 0.6 0.6 0.6 0.6 0.5975 0.5975 0.587 0.587 0.564 0.564 0.564 0.5005 0.5005 0.5525 0.5525 0.4115 0.4115
-1 -1 -1 -1 -1 -1 -1 -1 -1 -1 -1 -1 -1 -1 -1 -1 -1 -1 -1 -1 -1 -1 -1 0.055 0.055 0.367 0.367 0.367 0.4375 0.4375 0.408 0.408 0.3905 0.3905 0.3905 0.5135 0.5135 0.485 0.485 0.595 0.595 0.595 0.57 0.57 0.5805 0.5805 0.555 0.555 0.555 0.5515 0.5515 0.5475 0.5475 0.5645 0.5645 0.5955 0.5955 0.5955 0.619 0.619 0.552 0.552 0.552 0.552 0.552 0.5595 0.5595 0.5535 0.5535 0.511 0.511 0.511 0.505 0.505 0.513 0.513 0.535 0.535
-1 -1 -1 -1 -1 -1 -1 -1 -1 -1 -1 -1 -1 -1 -1 -1 -1 -1 -1 -1 -1 -1 -1 0.055 0.055 0.367 0.367 0.367 0.4375 0.4375 0.408 0.408 0.3905 0.3905 0.3905 0.5135 0.5135 0.485 0.485 0.595 0.595 0.595 0.57 0.57 0.5805 0.5805 0.555 0.555 0.555 0.5515 0.5515 0.5475 0.5475 0.5645 0.5645 0.5955 0.5955 0.5955 0.619 0.619 0.552 0.552 0.552 0.552 0.552 0.5595 0.5595 0.5535 0.5535 0.511 0.511 0.511 0.505 0.505 0.513 0.513 0.535 0.535
-1 -1 -1 -1 -1 -1 -1 -1 -1 -1 -1 -1 -1 -1 -1 -1 -1 -1 -1 -1 -1 -1 -1 0.055 0.055 0.367 0.367 0.367 0.4375 0.4375 0.408 0.408 0.3905 0.3905 0.3905 0.5135 0.5135 0.485 0.485 0.595 0.595 0.595 0.57 0.57 0.5805 0.5805 0.555 0.555 0.555 0.5515 0.5515 0.5475 0.5475 0.5645 0.5645 0.5955 0.5955 0.5955 0.619 0.619 0.552 0.552 0.552 0.552 0.552 0.5595 0.5595 0.5535 0.5535 0.511 0.511 0.511 0.505 0.505 0.513 0.513 0.535 0.535
-1 -1 -1 -1 -1 -1 -1 -1 -1 -1 -1 -1 -1 -1 -1 -1 -1 -1 -1 -1 -1 0.035 0.035 0.2475 0.2475 0.3965 0.3965 0.3965 0.3835 0.3835 0.372 0.372 0.5075 0.5075 0.5075 0.581 0.581 0.565 0.565 0.5355 0.5355 0.5355 0.5445 0.5445 0.576 0.576 0.5595 0.5595 0.5595 0.5714999 0.5714999 0.502 0.502 0.5895 0.5895 0.6265 0.6265 0.6265 0.558 0.558 0.5195 0.5195 0.5195 0.5195 0.5195 0.532 0.532 0.574 0.574 0.594 0.594 0.594 0.5585 0.5585 0.5455 0.5455 0.48 0.48
-1 -1 -1 -1 -1 -1 -1 -1 -1 -1 -1 -1 -1 -1 -1 -1 -1 -1 -1 -1 -1 0.035 0.035 0.2475 0.2475 0.3965 0.3965 0.3965 0.3835 0.3835 0.372 0.372 0.5075 0.5075 0.5075 0.581 0.581 0.565 0.565 0.5355 0.5355 0.5355 0.5445 0.5445 0.576 0.576 0.5595 0.5595 0.5595 0.5714999 0.5714999 0.502 0.502 0.5895 0.5895 0.6265 0.6265 0.6265 0.558 0.558 0.5195 0.5195 0.5195 0.5195 0.5195 0.532 0.532 0.574 0.574 0.594 0.594 0.594 0.5585 0.5585 0.5455 0.5455 0.48 0.48
-1 -1 -1 -1 -1 -1 -1 -1 -1 -1 -1 -1 -1 -1 -1 -1 -1 -1 -1 -1 -1 0.296 0.296 0.523 0.523 0.469 0.469 0.469 0.438 0.438 0.3865 0.3865 0.4825 0.4825 0.4825 0.5825 0.5825 0.6235 0.6235 0.5545 0.5545 0.5545 0.577 0.577 0.5905 0.5905 0.5605 0.5605 0.5605 0.608 0.608 0.5925 0.5925 0.5925 0.5925 0.514 0.514 0.514 0.5535001 0.5535001 0.514 0.514 0.514 0.514 0.514 0.524 0.524 0.597 0.597 0.633 0.633 0.633 0.619 0.619 0.541 0.541 0.473 0.473
-1 -1 -1 -1 -1 -1 -1 -1 -1 -1 -1 -1 -1 -1 -1 -1 -1 -1 -1 -1 -1 0.296 0.296 0.523 0.523 0.469 0.469 0.469 0.438 0.438 0.3865 0.3865 0.4825 0.4825 0.4825 0.5825 0.5825 0.6235 0.6235 0.5545 0.5545 0.5545 0.577 0.577 0.5905 0.5905 0.5605 0.5605 0.5605 0.608 0.608 0.5925 0.5925 0.5925 0.5925 0.514 0.514 0.514 0.5535001 0.5535001 0.514 0.514 0.514 0.514 0.514 0.524 0.524 0.597 0.597 0.633 0.633 0.633 0.619 0.619 0.541 0.541 0.473 0.473
-1 -1 -1 -1 -1 -1 -1 -1 -1 -1 -1 -1 -1 -1 -1 -1 -1 -1 0.293 0.293 0.293 0.4905 0.4905 0.49 0.49 0.4735 0.4735 0.4735 0.501 0.501 0.558 0.558 0.578 0.578 0.578 0.559 0.559 0.594 0.594 0.6035 0.6035 0.6035 0.6365 0.6365 0.5995 0.5995 0.5645 0.5645 0.5645 0.6215 0.6215 0.591 0.591 0.595 0.595 0.5455 0.5455 0.5455 0.5335 0.5335 0.5305 0.5305 0.5305 0.5305 0.5305 0.5725 0.5725 0.539 0.539 0.5515 0.5515 0.5515 0.565 0.565 0.5664999 0.5664999 0.53 0.53
-1 -1 -1 -1 -1 -1 -1 -1 -1 -1 -1 -1 -1 -1 -1 -1 -1 -1 0.293 0.293 0.293 0.4905 0.4905 0.49 0.49 0.4735 0.4735 0.4735 0.501 0.501 0.558 0.558 0.578 0.578 0.578 0.559 0.559 0.594 0.594 0.6035 0.6035 0.6035 0.6365 0.6365 0.5995 0.5995 0.5645 0.5645 0.5645 0.6215 0.6215 0.591 0.591 0.595 0.595 0.5455 0.5455 0.5455 0.5335 0.5335 0.5305 0.5305 0.5305 0.5305 0.5305 0.5725 0.5725 0.539 0.539 0.5515 0.5515 0.5515 0.565 0.565 0.5664999 0.5664999 0.53 0.53
-1 -1 -1 -1 -1 -1 -1 -1 -1 -1 -1 -1 -1 -1 -1 -1 -1 -1 0.293 0.293 0.293 0.4905 0.4905 0.49 0.49 0.4735 0.4735 0.4735 0.501 0.501 0.558 0.558 0.578 0.578 0.578 0.559 0.559 0.594 0.594 0.6035 0.6035 0.6035 0.6365 0.6365 0.5995 0.5995 0.5645 0.5645 0.5645 0.6215 0.6215 0.591 0.591 0.595 0.595 0.5455 0.5455 0.5455 0.5335 0.5335 0.5305 0.5305 0.5305 0.5305 0.5305 0.5725 0.5725 0.539 0.539 0.5515 0.5515 0.5515 0.565 0.565 0.5664999 0.5664999 0.53 0.53
-1 -1 -1 -1 -1 -1 -1 -1 -1 -1 -1 -1 -1 -1 -1 -1 0.313 0.313 0.62 0.62 0.62 0.569 0.569 0.543 0.543 0.537 0.537 0.537 0.491 0.491 0.559 0.559 0.5595 0.5595 0.5595 0.5295 0.5295 0.5725 0.5725 0.601 0.601 0.601 0.638 0.638 0.6435 0.6435 0.5675 0.5675 0.5675 0.5495 0.5495 0.539 0.539 0.631 0.631 0.6215 0.6215 0.6215 0.6 0.6 0.5365 0.5365 0.5365 0.5365 0.5365 0.5565 0.5565 0.5745 0.5745 0.607 0.607 0.607 0.5565 0.5565 0.523 0.523 0.5755 0.5755
-1 -1 -1 -1 -1 -1 -1 -1 -1 -1 -1 -1 -1 -1 -1 -1 0.313 0.313 0.62 0.62 0.62 0.569 0.569 0.543 0.543 0.537 0.537 0.537 0.491 0.491 0.559 0.559 0.5595 0.5595 0.5595 0.5295 0.5295 0.5725 0.5725 0.601 0.601 0.601 0.638 0.638 0.6435 0.6435 0.5675 0.5675 0.5675 0.5495 0.5495 0.539 0.539 0.631 0.631 0.6215 0.6215 0.6215 0.6 0.6 0.5365 0.5365 0.5365 0.5365 0.5365 0.5565 0.5565 0.5745 0.5745 0.607 0.607 0.607 0.5565 0.5565 0.523 0.523 0.5755 0.5755
-1 -1 -1 -1 -1 -1 -1 -1 -1 -1 -1 -1 0.1271 0.1271 0.234 0.234 0.275 0.275 0.5599999 0.5599999 0.5599999 0.596 0.596 0.5415 0.5415 0.564 0.564 0.564 0.5365 0.5365 0.468 0.468 0.4865 0.4865 0.4865 0.527 0.527 0.5635 0.5635 0.5775 0.5775 0.5775 0.613 0.613 0.5955 0.5955 0.5645 0.5645 0.5645 0.5455 0.5455 0.607 0.607 0.6375 0.6375 0.6165 0.6165 0.6165 0.6285 0.6285 0.617 0.617 0.617 0.617 0.617 0.598 0.598 0.553 0.553 0.5565 0.5565 0.5565 0.561 0.561 0.521 0.521 0.5685 0.5685
-1 -1 -1 -1 -1 -1 -1 -1 -1 -1 -1 -1 0.1271 0.1271 0.234 0.234 0.275 0.275 0.5599999 0.5599999 0.5599999 0.596 0.596 0.5415 0.5415 0.564 0.564 0.564 0.5365 0.5365 0.468 0.468 0.4865 0.4865 0.4865 0.527 0.527 0.5635 0.5635 0.5775 0.5775 0.5775 0.613 0.613 0.5955 0.5955 0.5645 0.5645 0.5645 0.5455 0.5455 0.607 0.607 0.6375 0.6375 0.6165 0.6165 0.6165 0.6285 0.6285 0.617 0.617 0.617 0.617 0.617 0.598 0.598 0.553 0.553 0.5565 0.5565 0.5565 0.561 0.561 0.521 0.521 0.5685 0.5685
-1 -1 -1 -1 -1 -1 -1 -1 -1 0.09 0.09 0.09 0.1207 0.1207 0.1027 0.1027 0.0645 0.0645 0.1975 0.1975 0.1975 0.5865 0.5865 0.553 0.553 0.624 0.624 0.624 0.517 0.517 0.608 0.608 0.543 0.543 0.543 0.501 0.501 0.518 0.518 0.544 0.544 0.544 0.5875 0.5875 0.5645 0.5645 0.576 0.576 0.576 0.5700001 0.5700001 0.596 0.596 0.5955 0.5955 0.5895 0.5895 0.5895 0.5935 0.5935 0.631 0.631 0.631 0.631 0.631 0.601 0.601 0.5185 0.5185 0.5535 0.5535 0.5535 0.557 0.557 0.5375 0.5375 0.573 0.573
-1 -1 -1 -1 -1 -1 -1 -1 -1 0.09 0.09 0.09 0.1207 0.1207 0.1027 0.1027 0.0645 0.0645 0.1975 0.1975 0.1975 0.5865 0.5865 0.553 0.553 0.624 0.624 0.624 0.517 0.517 0.608 0.608 0.543 0.543 0.543 0.501 0.501 0.518 0.518 0.544 0.544 0.544 0.5875 0.5875 0.5645 0.5645 0.576 0.576 0.576 0.5700001 0.5700001 0.596 0.596 0.5955 0.5955 0.5895 0.5895 0.5895 0.5935 0.5935 0.631 0.631 0.631 0.631 0.631 0.601 0.601 0.5185 0.5185 0.5535 0.5535 0.5535 0.557 0.557 0.5375 0.5375 0.573 0.573
-1 -1 -1 -1 -1 -1 -1 -1 -1 0.09 0.09 0.09 0.1207 0.1207 0.1027 0.1027 0.0645 0.0645 0.1975 0.1975 0.1975 0.5865 0.5865 0.553 0.553 0.624 0.624 0.624 0.517 0.517 0.608 0.608 0.543 0.543 0.543 0.501 0.501 0.518 0.518 0.544 0.544 0.544 0.5875 0.5875 0.5645 0.5645 0.576 0.576 0.576 0.5700001 0.5700001 0.596 0.596 0.5955 0.5955 0.5895 0.5895 0.5895 0.5935 0.5935 0.631 0.631 0.631 0.631 0.631 0.601 0.601 0.5185 0.5185 0.5535 0.5535 0.5535 0.557 0.557 0.5375 0.5375 0.573 0.573
-1 -1 -1 -1 -1 -1 -1 -1 -1 -1 -1 -1 0.0772 0.0772 0.0316 0.0316 0.0602 0.0602 0.0925 0.0925 0.0925 0.435 0.435 0.5385 0.5385 0.567 0.567 0.567 0.6045001 0.6045001 0.5405 0.5405 0.537 0.537 0.537 0.557 0.557 0.5125 0.5125 0.5635 0.5635 0.5635 0.582 0.582 0.561 0.561 0.611 0.611 0.611 0.629 0.629 0.6 0.6 0.6135 0.6135 0.5785 0.5785 0.5785 0.601 0.601 0.5925 0.5925 0.5925 0.5925 0.5925 0.55 0.55 0.5465 0.5465 0.5779999 0.5779999 0.5779999 0.5425 0.5425 0.5650001 0.5650001 0.5525 0.5525
-1 -1 -1 -1 -1 -1 -1 -1 -1 -1 -1 -1 0.0772 0.0772 0.0316 0.0316 0.0602 0.0602 0.0925 0.0925 0.0925 0.435 0.435 0.5385 0.5385 0.567 0.567 0.567 0.6045001 0.6045001 0.5405 0.5405 0.537 0.537 0.537 0.557 0.557 0.5125 0.5125 0.5635 0.5635 0.5635 0.582 0.582 0.561 0.561 0.611 0.611 0.611 0.629 0.629 0.6 0.6 0.6135 0.6135 0.5785 0.5785 0.5785 0.601 0.601 0.5925 0.5925 0.5925 0.5925 0.5925 0.55 0.55 0.5465 0.5465 0.5779999 0.5779999 0.5779999 0.5425 0.5425 0.5650001 0.5650001 0.5525 0.5525
-1 -1 -1 -1 -1 -1 -1 -1 -1 -1 -1 -1 -1 -1 -1 -1 -1 -1 0.03 0.03 0.03 0.386 0.386 0.472 0.472 0.5415 0.5415 0.5415 0.6385 0.6385 0.538 0.538 0.513 0.513 0.513 0.53 0.53 0.556 0.556 0.558 0.558 0.558 0.548 0.548 0.585 0.585 0.617 0.617 0.617 0.61 0.61 0.642 0.642 0.605 0.605 0.5865 0.5865 0.5865 0.6195 0.6195 0.5575 0.5575 0.5575 0.5575 0.5575 0.566 0.566 0.56 0.56 0.581 0.581 0.581 0.5345 0.5345 0.5115 0.5115 0.5065 0.5065
-1 -1 -1 -1 -1 -1 -1 -1 -1 -1 -1 -1 -1 -1 -1 -1 -1 -1 0.03 0.03 0.03 0.386 0.386 0.472 0.472 0.5415 0.5415 0.5415 0.6385 0.6385 0.538 0.538 0.513 0.513 0.513 0.53 0.53 0.556 0.556 0.558 0.558 0.558 0.548 0.548 0.585 0.585 0.617 0.617 0.617 0.61 0.61 0.642 0.642 0.605 0.605 0.5865 0.5865 0.5865 0.6195 0.6195 0.5575 0.5575 0.5575 0.5575 0.5575 0.566 0.566 0.56 0.56 0.581 0.581 0.581 0.5345 0.5345 0.5115 0.5115 0.5065 0.5065
-1 -1 -1 -1 -1 -1 -1 -1 -1 -1 -1 -1 -1 -1 -1 -1 -1 -1 -1 -1 -1 0.132 0.132 0.3305 0.3305 0.596 0.596 0.596 0.5635 0.5635 0.599 0.599 0.545 0.545 0.545 0.5285 0.5285 0.5175 0.5175 0.545 0.545 0.545 0.5545 0.5545 0.5535 0.5535 0.571 0.571 0.571 0.58 0.58 0.5535 0.5535 0.612 0.612 0.6035 0.6035 0.6035 0.6105 0.6105 0.6 0.6 0.6 0.6 0.6 0.5685 0.5685 0.6055 0.6055 0.611 0.611 0.611 0.626 0.626 0.6475 0.6475 0.6305 0.6305
-1 -1 -1 -1 -1 -1 -1 -1 -1 -1 -1 -1 -1 -1 -1 -1 -1 -1 -1 -1 -1 0.132 0.132 0.3305 0.3305 0.596 0.596 0.596 0.5635 0.5635 0.599 0.599 0.545 0.545 0.545 0.5285 0.5285 0.5175 0.5175 0.545 0.545 0.545 0.5545 0.5545 0.5535 0.5535 0.571 0.571 0.571 0.58 0.58 0.5535 0.5535 0.612 0.612 0.6035 0.6035 0.6035 0.6105 0.6105 0.6 0.6 0.6 0.6 0.6 0.5685 0.5685 0.6055 0.6055 0.611 0.611 0.611 0.626 0.626 0.6475 0.6475 0.6305 0.6305
-1 -1 -1 -1 -1 -1 -1 -1 -1 -1 -1 -1 -1 -1 -1 -1 -1 -1 -1 -1 -1 0.0922 0.0922 0.2312 0.2312 0.4505 0.4505 0.4505 0.5815 0.5815 0.6465 0.6465 0.5895 0.5895 0.5895 0.557 0.557 0.517 0.517 0.421 0.421 0.421 0.4855 0.4855 0.492 0.492 0.5425 0.5425 0.5425 0.5599999 0.5599999 0.5915 0.5915 0.676 0.676 0.6445 0.6445 0.6445 0.6395 0.6395 0.681 0.681 0.681 0.681 0.681 0.621 0.621 0.6615 0.6615 0.634 0.634 0.634 0.567 0.567 0.566 0.566 0.547 0.547
-1 -1 -1 -1 -1 -1 -1 -1 -1 -1 -1 -1 -1 -1 -1 -1 -1 -1 -1 -1 -1 0.0922 0.0922 0.2312 0.2312 0.4505 0.4505 0.4505 0.5815 0.5815 0.6465 0.6465 0.5895 0.5895 0.5895 0.557 0.557 0.517 0.517 0.421 0.421 0.421 0.4855 0.4855 0.492 0.492 0.5425 0.5425 0.5425 0.5599999 0.5599999 0.5915 0.5915 0.676 0.676 0.6445 0.6445 0.6445 0.6395 0.6395 0.681 0.681 0.681 0.681 0.681 0.621 0.621 0.6615 0.6615 0.634 0.634 0.634 0.567 0.567 0.566 0.566 0.547 0.547
-1 -1 -1 -1 -1 -1 -1 -1 -1 -1 -1 -1 -1 -1 -1 -1 -1 -1 -1 -1 -1 0.0922 0.0922 0.2312 0.2312 0.4505 0.4505 0.4505 0.5815 0.5815 0.6465 0.6465 0.5895 0.5895 0.5895 0.557 0.557 0.517 0.517 0.421 0.421 0.421 0.4855 0.4855 0.492 0.492 0.5425 0.5425 0.5425 0.5599999 0.5599999 0.5915 0.5915 0.676 0.676 0.6445 0.6445 0.6445 0.6395 0.6395 0.681 0.681 0.681 0.681 0.681 0.621 0.621 0.6615 0.6615 0.634 0.634 0.634 0.567 0.567 0.566 0.566 0.547 0.547
-1 -1 -1 -1 -1 -1 -1 -1 -1 -1 -1 -1 -1 -1 -1 -1 -1 -1 -1 -1 -1 -1 -1 0.0711 0.0711 0.261 0.261 0.261 0.4515 0.4515 0.587 0.587 0.5915 0.5915 0.5915 0.446 0.446 0.185 0.185 0.1805 0.1805 0.1805 0.466 0.466 0.481 0.481 0.5455 0.5455 0.5455 0.588 0.588 0.6025 0.6025 0.667 0.667 0.6585 0.6585 0.6585 0.683 0.683 0.6375 0.6375 0.6375 0.6375 0.6375 0.5965 0.5965 0.6085 0.6085 0.6445 0.6445 0.6445 0.6585 0.6585 0.612 0.612 0.5825 0.5825
-1 -1 -1 -1 -1 -1 -1 -1 -1 -1 -1 -1 -1 -1 -1 -1 -1 -1 -1 -1 -1 -1 -1 0.0711 0.0711 0.261 0.261 0.261 0.4515 0.4515 0.587 0.587 0.5915 0.5915 0.5915 0.446 0.446 0.185 0.185 0.1805 0.1805 0.1805 0.466 0.466 0.481 0.481 0.5455 0.5455 0.5455 0.588 0.588 0.6025 0.6025 0.667 0.667 0.6585 0.6585 0.6585 0.683 0.683 0.6375 0.6375 0.6375 0.6375 0.6375 0.5965 0.5965 0.6085 0.6085 0.6445 0.6445 0.6445 0.6585 0.6585 0.612 0.612 0.5825 0.5825
-1 -1 -1 -1 -1 -1 -1 -1 -1 -1 -1 -1 -1 -1 -1 -1 -1 -1 -1 -1 -1 -1 -1 -1 -1 0.1131 0.1131 0.1131 0.3635 0.3635 0.4555 0.4555 0.422 0.422 0.422 0.197 0.197 0.2005 0.2005 0.2515 0.2515 0.2515 0.3235 0.3235 0.4215 0.4215 0.5686 0.5686 0.5686 0.4935 0.4935 0.5855 0.5855 0.6395 0.6395 0.6315 0.6315 0.6315 0.6275 0.6275 0.64 0.64 0.64 0.64 0.64 0.6455 0.6455 0.621 0.621 0.709 0.709 0.709 0.5885 0.5885 0.5665 0.5665 0.61 0.61
-1 -1 -1 -1 -1 -1 -1 -1 -1 -1 -1 -1 -1 -1 -1 -1 -1 -1 -1 -1 -1 -1 -1 -1 -1 0.1131 0.1131 0.1131 0.3635 0.3635 0.4555 0.4555 0.422 0.422 0.422 0.197 0.197 0.2005 0.2005 0.2515 0.2515 0.2515 0.3235 0.3235 0.4215 0.4215 0.5686 0.5686 0.5686 0.4935 0.4935 0.5855 0.5855 0.6395 0.6395 0.6315 0.6315 0.6315 0.6275 0.6275 0.64 0.64 0.64 0.64 0.64 0.6455 0.6455 0.621 0.621 0.709 0.709 0.709 0.5885 0.5885 0.5665 0.5665 0.61 0.61
-1 -1 -1 -1 -1 -1 -1 -1 -1 -1 -1 -1 -1 -1 -1 -1 -1 -1 -1 -1 -1 -1 -1 -1 -1 0.0642 0.0642 0.0642 0.126 0.126 0.3545 0.3545 0.3175 0.3175 0.3175 0.3325 0.3325 0.5695 0.5695 0.4115 0.4115 0.4115 0.6531 0.6531 0.5765 0.5765 0.6569999 0.6569999 0.6569999 0.504 0.504 0.53 0.53 0.562 0.562 0.5715 0.5715 0.5715 0.5995 0.5995 0.6595 0.6595 0.6595 0.6595 0.6595 0.5955 0.5955 0.5625 0.5625 0.596 0.596 0.596 0.5875 0.5875 0.583 0.583 0.551 0.551
-1 -1 -1 -1 -1 -1 -1 -1 -1 -1 -1 -1 -1 -1 -1 -1 -1 -1 -1 -1 -1 -1 -1 -1 -1 0.0642 0.0642 0.0642 0.126 0.126 0.3545 0.3545 0.3175 0.3175 0.3175 0.3325 0.3325 0.5695 0.5695 0.4115 0.4115 0.4115 0.6531 0.6531 0.5765 0.5765 0.6569999 0.6569999 0.6569999 0.504 0.504 0.53 0.53 0.562 0.562 0.5715 0.5715 0.5715 0.5995 0.5995 0.6595 0.6595 0.6595 0.6595 0.6595 0.5955 0.5955 0.5625 0.5625 0.596 0.596 0.596 0.5875 0.5875 0.583 0.583 0.551 0.551
-1 -1 -1 -1 -1 -1 -1 -1 -1 -1 -1 -1 -1 -1 -1 -1 -1 -1 -1 -1 -1 -1 -1 -1 -1 0.0642 0.0642 0.0642 0.126 0.126 0.3545 0.3545 0.3175 0.3175 0.3175 0.3325 0.3325 0.5695 0.5695 0.4115 0.4115 0.4115 0.6531 0.6531 0.5765 0.5765 0.6569999 0.6569999 0.6569999 0.504 0.504 0.53 0.53 0.562 0.562 0.5715 0.5715 0.5715 0.5995 0.5995 0.6595 0.6595 0.6595 0.6595 0.6595 0.5955 0.5955 0.5625 0.5625 0.596 0.596 0.596 0.5875 0.5875 0.583 0.583 0.551 0.551
