ndvi/NOAA-126.asc
ncols         252
nrows         154
xllcorner     -18.017974
yllcorner     13.481982
cellsize      0.035948
NODATA_value  -9999
[rows 0 to 33 of 154, columns 156 to 233 of 252]
0.095 0.0985 0.0985 0.0985 0.1005 0.1005 0.1 0.1 0.0985 0.0985 0.09299999 0.09299999 0.09299999 0.096 0.096 0.096 0.096 0.0925 0.0925 0.0925 0.09649999 0.09649999 0.0945 0.0945 0.0975 0.0975 0.0975 0.092 0.092 0.094 0.094 0.095 0.095 0.095 0.094 0.094 0.088 0.088 0.087 0.087 0.087 0.095 0.095 0.101 0.101 0.106 0.106 0.1035 0.1035 0.1035 0.108 0.108 0.1085 0.1085 0.1075 0.1075 0.1075 0.104 0.104 0.1035 0.1035 0.103 0.103 0.103 0.0995 0.0995 0.095 0.095 0.095 0.095 0.095 0.094 0.094 0.0885 0.0885 0.085 0.085 0.085
0.095 0.0985 0.0985 0.0985 0.1005 0.1005 0.1 0.1 0.0985 0.0985 0.09299999 0.09299999 0.09299999 0.096 0.096 0.096 0.096 0.0925 0.0925 0.0925 0.09649999 0.09649999 0.0945 0.0945 0.0975 0.0975 0.0975 0.092 0.092 0.094 0.094 0.095 0.095 0.095 0.094 0.094 0.088 0.088 0.087 0.087 0.087 0.095 0.095 0.101 0.101 0.106 0.106 0.1035 0.1035 0.1035 0.108 0.108 0.1085 0.1085 0.1075 0.1075 0.1075 0.104 0.104 0.1035 0.1035 0.103 0.103 0.103 0.0995 0.0995 0.095 0.095 0.095 0.095 0.095 0.094 0.094 0.0885 0.0885 0.085 0.085 0.085
0.0865 0.098 0.098 0.098 0.0985 0.0985 0.0985 0.0985 0.096 0.096 0.098 0.098 0.098 0.096 0.096 0.096 0.096 0.095 0.095 0.095 0.092 0.092 0.094 0.094 0.0975 0.0975 0.0975 0.098 0.098 0.096 0.096 0.1 0.1 0.1 0.1085 0.1085 0.105 0.105 0.099 0.099 0.099 0.1055 0.1055 0.107 0.107 0.1095 0.1095 0.111 0.111 0.111 0.1135 0.1135 0.1105 0.1105 0.112 0.112 0.112 0.115 0.115 0.1105 0.1105 0.104 0.104 0.104 0.1035 0.1035 0.102 0.102 0.099 0.099 0.099 0.0975 0.0975 0.0895 0.0895 0.0915 0.0915 0.0915
0.0865 0.098 0.098 0.098 0.0985 0.0985 0.0985 0.0985 0.096 0.096 0.098 0.098 0.098 0.096 0.096 0.096 0.096 0.095 0.095 0.095 0.092 0.092 0.094 0.094 0.0975 0.0975 0.0975 0.098 0.098 0.096 0.096 0.1 0.1 0.1 0.1085 0.1085 0.105 0.105 0.099 0.099 0.099 0.1055 0.1055 0.107 0.107 0.1095 0.1095 0.111 0.111 0.111 0.1135 0.1135 0.1105 0.1105 0.112 0.112 0.112 0.115 0.115 0.1105 0.1105 0.104 0.104 0.104 0.1035 0.1035 0.102 0.102 0.099 0.099 0.099 0.0975 0.0975 0.0895 0.0895 0.0915 0.0915 0.0915
0.0865 0.098 0.098 0.098 0.0985 0.0985 0.0985 0.0985 0.096 0.096 0.098 0.098 0.098 0.096 0.096 0.096 0.096 0.095 0.095 0.095 0.092 0.092 0.094 0.094 0.0975 0.0975 0.0975 0.098 0.098 0.096 0.096 0.1 0.1 0.1 0.1085 0.1085 0.105 0.105 0.099 0.099 0.099 0.1055 0.1055 0.107 0.107 0.1095 0.1095 0.111 0.111 0.111 0.1135 0.1135 0.1105 0.1105 0.112 0.112 0.112 0.115 0.115 0.1105 0.1105 0.104 0.104 0.104 0.1035 0.1035 0.102 0.102 0.099 0.099 0.099 0.0975 0.0975 0.0895 0.0895 0.0915 0.0915 0.0915
0.099 0.0985 0.0985 0.0985 0.0975 0.0975 0.0995 0.0995 0.096 0.096 0.0965 0.0965 0.0965 0.099 0.099 0.097 0.097 0.101 0.101 0.101 0.1035 0.1035 0.1045 0.1045 0.1065 0.1065 0.1065 0.104 0.104 0.1095 0.1095 0.11 0.11 0.11 0.107 0.107 0.105 0.105 0.108 0.108 0.108 0.105 0.105 0.109 0.109 0.1025 0.1025 0.1045 0.1045 0.1045 0.1085 0.1085 0.109 0.109 0.107 0.107 0.107 0.109 0.109 0.106 0.106 0.1065 0.1065 0.1065 0.101 0.101 0.0985 0.0985 0.0965 0.0965 0.0965 0.098 0.098 0.094 0.094 0.094 0.094 0.094
0.099 0.0985 0.0985 0.0985 0.0975 0.0975 0.0995 0.0995 0.096 0.096 0.0965 0.0965 0.0965 0.099 0.099 0.097 0.097 0.101 0.101 0.101 0.1035 0.1035 0.1045 0.1045 0.1065 0.1065 0.1065 0.104 0.104 0.1095 0.1095 0.11 0.11 0.11 0.107 0.107 0.105 0.105 0.108 0.108 0.108 0.105 0.105 0.109 0.109 0.1025 0.1025 0.1045 0.1045 0.1045 0.1085 0.1085 0.109 0.109 0.107 0.107 0.107 0.109 0.109 0.106 0.106 0.1065 0.1065 0.1065 0.101 0.101 0.0985 0.0985 0.0965 0.0965 0.0965 0.098 0.098 0.094 0.094 0.094 0.094 0.094
0.098 0.0975 0.0975 0.0975 0.1005 0.1005 0.106 0.106 0.1025 0.1025 0.1015 0.1015 0.1015 0.101 0.101 0.1055 0.1055 0.106 0.106 0.106 0.105 0.105 0.1025 0.1025 0.1025 0.1025 0.1025 0.101 0.101 0.1045 0.1045 0.108 0.108 0.108 0.1105 0.1105 0.104 0.104 0.107 0.107 0.107 0.1055 0.1055 0.109 0.109 0.1065 0.1065 0.112 0.112 0.112 0.105 0.105 0.103 0.103 0.1065 0.1065 0.1065 0.1075 0.1075 0.1075 0.1075 0.107 0.107 0.107 0.101 0.101 0.1015 0.1015 0.103 0.103 0.103 0.1015 0.1015 0.099 0.099 0.0985 0.0985 0.0985
0.098 0.0975 0.0975 0.0975 0.1005 0.1005 0.106 0.106 0.1025 0.1025 0.1015 0.1015 0.1015 0.101 0.101 0.1055 0.1055 0.106 0.106 0.106 0.105 0.105 0.1025 0.1025 0.1025 0.1025 0.1025 0.101 0.101 0.1045 0.1045 0.108 0.108 0.108 0.1105 0.1105 0.104 0.104 0.107 0.107 0.107 0.1055 0.1055 0.109 0.109 0.1065 0.1065 0.112 0.112 0.112 0.105 0.105 0.103 0.103 0.1065 0.1065 0.1065 0.1075 0.1075 0.1075 0.1075 0.107 0.107 0.107 0.101 0.101 0.1015 0.1015 0.103 0.103 0.103 0.1015 0.1015 0.099 0.099 0.0985 0.0985 0.0985
0.0955 0.0975 0.0975 0.0975 0.1015 0.1015 0.1085 0.1085 0.1025 0.1025 0.0995 0.0995 0.0995 0.1055 0.1055 0.1075 0.1075 0.1055 0.1055 0.1055 0.102 0.102 0.1045 0.1045 0.1025 0.1025 0.1025 0.106 0.106 0.11 0.11 0.1045 0.1045 0.1045 0.1005 0.1005 0.095 0.095 0.0975 0.0975 0.0975 0.0945 0.0945 0.1035 0.1035 0.1075 0.1075 0.1025 0.1025 0.1025 0.104 0.104 0.101 0.101 0.1035 0.1035 0.1035 0.1045 0.1045 0.1045 0.1045 0.1075 0.1075 0.1075 0.1015 0.1015 0.0985 0.0985 0.1 0.1 0.1 0.0985 0.0985 0.0995 0.0995 0.1 0.1 0.1
0.0955 0.0975 0.0975 0.0975 0.1015 0.1015 0.1085 0.1085 0.1025 0.1025 0.0995 0.0995 0.0995 0.1055 0.1055 0.1075 0.1075 0.1055 0.1055 0.1055 0.102 0.102 0.1045 0.1045 0.1025 0.1025 0.1025 0.106 0.106 0.11 0.11 0.1045 0.1045 0.1045 0.1005 0.1005 0.095 0.095 0.0975 0.0975 0.0975 0.0945 0.0945 0.1035 0.1035 0.1075 0.1075 0.1025 0.1025 0.1025 0.104 0.104 0.101 0.101 0.1035 0.1035 0.1035 0.1045 0.1045 0.1045 0.1045 0.1075 0.1075 0.1075 0.1015 0.1015 0.0985 0.0985 0.1 0.1 0.1 0.0985 0.0985 0.0995 0.0995 0.1 0.1 0.1
0.1 0.1135 0.1135 0.1135 0.103 0.103 0.1125 0.1125 0.108 0.108 0.105 0.105 0.105 0.1055 0.1055 0.1065 0.1065 0.1025 0.1025 0.1025 0.102 0.102 0.1055 0.1055 0.1085 0.1085 0.1085 0.1075 0.1075 0.1055 0.1055 0.105 0.105 0.105 0.099 0.099 0.0995 0.0995 0.099 0.099 0.099 0.1015 0.1015 0.0975 0.0975 0.1085 0.1085 0.104 0.104 0.104 0.1035 0.1035 0.106 0.106 0.105 0.105 0.105 0.1005 0.1005 0.099 0.099 0.095 0.095 0.095 0.097 0.097 0.09299999 0.09299999 0.0935 0.0935 0.0935 0.0955 0.0955 0.097 0.097 0.09900001 0.09900001 0.09900001
0.1 0.1135 0.1135 0.1135 0.103 0.103 0.1125 0.1125 0.108 0.108 0.105 0.105 0.105 0.1055 0.1055 0.1065 0.1065 0.1025 0.1025 0.1025 0.102 0.102 0.1055 0.1055 0.1085 0.1085 0.1085 0.1075 0.1075 0.1055 0.1055 0.105 0.105 0.105 0.099 0.099 0.0995 0.0995 0.099 0.099 0.099 0.1015 0.1015 0.0975 0.0975 0.1085 0.1085 0.104 0.104 0.104 0.1035 0.1035 0.106 0.106 0.105 0.105 0.105 0.1005 0.1005 0.099 0.099 0.095 0.095 0.095 0.097 0.097 0.09299999 0.09299999 0.0935 0.0935 0.0935 0.0955 0.0955 0.097 0.097 0.09900001 0.09900001 0.09900001
0.1 0.1135 0.1135 0.1135 0.103 0.103 0.1125 0.1125 0.108 0.108 0.105 0.105 0.105 0.1055 0.1055 0.1065 0.1065 0.1025 0.1025 0.1025 0.102 0.102 0.1055 0.1055 0.1085 0.1085 0.1085 0.1075 0.1075 0.1055 0.1055 0.105 0.105 0.105 0.099 0.099 0.0995 0.0995 0.099 0.099 0.099 0.1015 0.1015 0.0975 0.0975 0.1085 0.1085 0.104 0.104 0.104 0.1035 0.1035 0.106 0.106 0.105 0.105 0.105 0.1005 0.1005 0.099 0.099 0.095 0.095 0.095 0.097 0.097 0.09299999 0.09299999 0.0935 0.0935 0.0935 0.0955 0.0955 0.097 0.097 0.09900001 0.09900001 0.09900001
0.1095 0.109 0.109 0.109 0.108 0.108 0.116 0.116 0.115 0.115 0.1135 0.1135 0.1135 0.1095 0.1095 0.108 0.108 0.106 0.106 0.106 0.1035 0.1035 0.103 0.103 0.12 0.12 0.12 0.103 0.103 0.1025 0.1025 0.098 0.098 0.098 0.097 0.097 0.097 0.097 0.094 0.094 0.094 0.0955 0.0955 0.099 0.099 0.0975 0.0975 0.0895 0.0895 0.0895 0.0955 0.0955 0.0925 0.0925 0.105 0.105 0.105 0.09999999 0.09999999 0.097 0.097 0.095 0.095 0.095 0.09299999 0.09299999 0.096 0.096 0.096 0.096 0.096 0.0885 0.0885 0.0935 0.0935 0.1025 0.1025 0.1025
0.1095 0.109 0.109 0.109 0.108 0.108 0.116 0.116 0.115 0.115 0.1135 0.1135 0.1135 0.1095 0.1095 0.108 0.108 0.106 0.106 0.106 0.1035 0.1035 0.103 0.103 0.12 0.12 0.12 0.103 0.103 0.1025 0.1025 0.098 0.098 0.098 0.097 0.097 0.097 0.097 0.094 0.094 0.094 0.0955 0.0955 0.099 0.099 0.0975 0.0975 0.0895 0.0895 0.0895 0.0955 0.0955 0.0925 0.0925 0.105 0.105 0.105 0.09999999 0.09999999 0.097 0.097 0.095 0.095 0.095 0.09299999 0.09299999 0.096 0.096 0.096 0.096 0.096 0.0885 0.0885 0.0935 0.0935 0.1025 0.1025 0.1025
0.1065 0.1085 0.1085 0.1085 0.1085 0.1085 0.1155 0.1155 0.111 0.111 0.1075 0.1075 0.1075 0.109 0.109 0.109 0.109 0.1075 0.1075 0.1075 0.107 0.107 0.104 0.104 0.1035 0.1035 0.1035 0.103 0.103 0.0955 0.0955 0.093 0.093 0.093 0.088 0.088 0.088 0.088 0.0935 0.0935 0.0935 0.085 0.085 0.0815 0.0815 0.07449999 0.07449999 0.0735 0.0735 0.0735 0.0875 0.0875 0.098 0.098 0.088 0.088 0.088 0.098 0.098 0.097 0.097 0.1005 0.1005 0.1005 0.098 0.098 0.096 0.096 0.0915 0.0915 0.0915 0.0955 0.0955 0.09649999 0.09649999 0.101 0.101 0.101
0.1065 0.1085 0.1085 0.1085 0.1085 0.1085 0.1155 0.1155 0.111 0.111 0.1075 0.1075 0.1075 0.109 0.109 0.109 0.109 0.1075 0.1075 0.1075 0.107 0.107 0.104 0.104 0.1035 0.1035 0.1035 0.103 0.103 0.0955 0.0955 0.093 0.093 0.093 0.088 0.088 0.088 0.088 0.0935 0.0935 0.0935 0.085 0.085 0.0815 0.0815 0.07449999 0.07449999 0.0735 0.0735 0.0735 0.0875 0.0875 0.098 0.098 0.088 0.088 0.088 0.098 0.098 0.097 0.097 0.1005 0.1005 0.1005 0.098 0.098 0.096 0.096 0.0915 0.0915 0.0915 0.0955 0.0955 0.09649999 0.09649999 0.101 0.101 0.101
0.098 0.0955 0.0955 0.0955 0.0935 0.0935 0.092 0.092 0.089 0.089 0.092 0.092 0.092 0.0935 0.0935 0.0935 0.0935 0.101 0.101 0.101 0.09100001 0.09100001 0.09999999 0.09999999 0.095 0.095 0.095 0.091 0.091 0.086 0.086 0.081 0.081 0.081 0.086 0.086 0.08849999 0.08849999 0.086 0.086 0.086 0.0925 0.0925 0.0895 0.0895 0.097 0.097 0.09900001 0.09900001 0.09900001 0.0975 0.0975 0.09450001 0.09450001 0.098 0.098 0.098 0.098 0.098 0.09999999 0.09999999 0.1005 0.1005 0.1005 0.098 0.098 0.098 0.098 0.094 0.094 0.094 0.0935 0.0935 0.0965 0.0965 0.0985 0.0985 0.0985
0.098 0.0955 0.0955 0.0955 0.0935 0.0935 0.092 0.092 0.089 0.089 0.092 0.092 0.092 0.0935 0.0935 0.0935 0.0935 0.101 0.101 0.101 0.09100001 0.09100001 0.09999999 0.09999999 0.095 0.095 0.095 0.091 0.091 0.086 0.086 0.081 0.081 0.081 0.086 0.086 0.08849999 0.08849999 0.086 0.086 0.086 0.0925 0.0925 0.0895 0.0895 0.097 0.097 0.09900001 0.09900001 0.09900001 0.0975 0.0975 0.09450001 0.09450001 0.098 0.098 0.098 0.098 0.098 0.09999999 0.09999999 0.1005 0.1005 0.1005 0.098 0.098 0.098 0.098 0.094 0.094 0.094 0.0935 0.0935 0.0965 0.0965 0.0985 0.0985 0.0985
0.098 0.0955 0.0955 0.0955 0.0935 0.0935 0.092 0.092 0.089 0.089 0.092 0.092 0.092 0.0935 0.0935 0.0935 0.0935 0.101 0.101 0.101 0.09100001 0.09100001 0.09999999 0.09999999 0.095 0.095 0.095 0.091 0.091 0.086 0.086 0.081 0.081 0.081 0.086 0.086 0.08849999 0.08849999 0.086 0.086 0.086 0.0925 0.0925 0.0895 0.0895 0.097 0.097 0.09900001 0.09900001 0.09900001 0.0975 0.0975 0.09450001 0.09450001 0.098 0.098 0.098 0.098 0.098 0.09999999 0.09999999 0.1005 0.1005 0.1005 0.098 0.098 0.098 0.098 0.094 0.094 0.094 0.0935 0.0935 0.0965 0.0965 0.0985 0.0985 0.0985
0.1115 0.1085 0.1085 0.1085 0.0955 0.0955 0.084 0.084 0.0905 0.0905 0.09450001 0.09450001 0.09450001 0.098 0.098 0.099 0.099 0.1045 0.1045 0.1045 0.097 0.097 0.103 0.103 0.0975 0.0975 0.0975 0.096 0.096 0.0885 0.0885 0.081 0.081 0.081 0.104 0.104 0.1045 0.1045 0.1035 0.1035 0.1035 0.103 0.103 0.1005 0.1005 0.0995 0.0995 0.095 0.095 0.095 0.0975 0.0975 0.098 0.098 0.0995 0.0995 0.0995 0.1005 0.1005 0.1035 0.1035 0.1005 0.1005 0.1005 0.09900001 0.09900001 0.096 0.096 0.0995 0.0995 0.0995 0.096 0.096 0.096 0.096 0.09450001 0.09450001 0.09450001
0.1115 0.1085 0.1085 0.1085 0.0955 0.0955 0.084 0.084 0.0905 0.0905 0.09450001 0.09450001 0.09450001 0.098 0.098 0.099 0.099 0.1045 0.1045 0.1045 0.097 0.097 0.103 0.103 0.0975 0.0975 0.0975 0.096 0.096 0.0885 0.0885 0.081 0.081 0.081 0.104 0.104 0.1045 0.1045 0.1035 0.1035 0.1035 0.103 0.103 0.1005 0.1005 0.0995 0.0995 0.095 0.095 0.095 0.0975 0.0975 0.098 0.098 0.0995 0.0995 0.0995 0.1005 0.1005 0.1035 0.1035 0.1005 0.1005 0.1005 0.09900001 0.09900001 0.096 0.096 0.0995 0.0995 0.0995 0.096 0.096 0.096 0.096 0.09450001 0.09450001 0.09450001
0.1085 0.1175 0.1175 0.1175 0.1155 0.1155 0.1105 0.1105 0.1055 0.1055 0.1095 0.1095 0.1095 0.1025 0.1025 0.09649999 0.09649999 0.1105 0.1105 0.1105 0.1165 0.1165 0.114 0.114 0.1145 0.1145 0.1145 0.111 0.111 0.1155 0.1155 0.104 0.104 0.104 0.117 0.117 0.109 0.109 0.104 0.104 0.104 0.1055 0.1055 0.103 0.103 0.1035 0.1035 0.0945 0.0945 0.0945 0.096 0.096 0.0955 0.0955 0.1 0.1 0.1 0.101 0.101 0.108 0.108 0.1055 0.1055 0.1055 0.103 0.103 0.1025 0.1025 0.1055 0.1055 0.1055 0.0995 0.0995 0.1035 0.1035 0.096 0.096 0.096
0.1085 0.1175 0.1175 0.1175 0.1155 0.1155 0.1105 0.1105 0.1055 0.1055 0.1095 0.1095 0.1095 0.1025 0.1025 0.09649999 0.09649999 0.1105 0.1105 0.1105 0.1165 0.1165 0.114 0.114 0.1145 0.1145 0.1145 0.111 0.111 0.1155 0.1155 0.104 0.104 0.104 0.117 0.117 0.109 0.109 0.104 0.104 0.104 0.1055 0.1055 0.103 0.103 0.1035 0.1035 0.0945 0.0945 0.0945 0.096 0.096 0.0955 0.0955 0.1 0.1 0.1 0.101 0.101 0.108 0.108 0.1055 0.1055 0.1055 0.103 0.103 0.1025 0.1025 0.1055 0.1055 0.1055 0.0995 0.0995 0.1035 0.1035 0.096 0.096 0.096
0.113 0.1215 0.1215 0.1215 0.1305 0.1305 0.1245 0.1245 0.127 0.127 0.1285 0.1285 0.1285 0.1315 0.1315 0.1215 0.1215 0.1275 0.1275 0.1275 0.1305 0.1305 0.117 0.117 0.1185 0.1185 0.1185 0.1145 0.1145 0.121 0.121 0.1195 0.1195 0.1195 0.115 0.115 0.1115 0.1115 0.104 0.104 0.104 0.1055 0.1055 0.1055 0.1055 0.1 0.1 0.1035 0.1035 0.1035 0.104 0.104 0.0995 0.0995 0.098 0.098 0.098 0.103 0.103 0.1085 0.1085 0.105 0.105 0.105 0.107 0.107 0.1035 0.1035 0.104 0.104 0.104 0.1015 0.1015 0.097 0.097 0.1015 0.1015 0.1015
0.113 0.1215 0.1215 0.1215 0.1305 0.1305 0.1245 0.1245 0.127 0.127 0.1285 0.1285 0.1285 0.1315 0.1315 0.1215 0.1215 0.1275 0.1275 0.1275 0.1305 0.1305 0.117 0.117 0.1185 0.1185 0.1185 0.1145 0.1145 0.121 0.121 0.1195 0.1195 0.1195 0.115 0.115 0.1115 0.1115 0.104 0.104 0.104 0.1055 0.1055 0.1055 0.1055 0.1 0.1 0.1035 0.1035 0.1035 0.104 0.104 0.0995 0.0995 0.098 0.098 0.098 0.103 0.103 0.1085 0.1085 0.105 0.105 0.105 0.107 0.107 0.1035 0.1035 0.104 0.104 0.104 0.1015 0.1015 0.097 0.097 0.1015 0.1015 0.1015
0.113 0.1215 0.1215 0.1215 0.1305 0.1305 0.1245 0.1245 0.127 0.127 0.1285 0.1285 0.1285 0.1315 0.1315 0.1215 0.1215 0.1275 0.1275 0.1275 0.1305 0.1305 0.117 0.117 0.1185 0.1185 0.1185 0.1145 0.1145 0.121 0.121 0.1195 0.1195 0.1195 0.115 0.115 0.1115 0.1115 0.104 0.104 0.104 0.1055 0.1055 0.1055 0.1055 0.1 0.1 0.1035 0.1035 0.1035 0.104 0.104 0.0995 0.0995 0.098 0.098 0.098 0.103 0.103 0.1085 0.1085 0.105 0.105 0.105 0.107 0.107 0.1035 0.1035 0.104 0.104 0.104 0.1015 0.1015 0.097 0.097 0.1015 0.1015 0.1015
0.117 0.1345 0.1345 0.1345 0.141 0.141 0.1355 0.1355 0.1315 0.1315 0.1275 0.1275 0.1275 0.131 0.131 0.126 0.126 0.1205 0.1205 0.1205 0.123 0.123 0.1245 0.1245 0.12 0.12 0.12 0.12 0.12 0.126 0.126 0.1275 0.1275 0.1275 0.1165 0.1165 0.1145 0.1145 0.1115 0.1115 0.1115 0.106 0.106 0.112 0.112 0.112 0.112 0.112 0.112 0.112 0.107 0.107 0.101 0.101 0.1025 0.1025 0.1025 0.102 0.102 0.11 0.11 0.112 0.112 0.112 0.115 0.115 0.113 0.113 0.1115 0.1115 0.1115 0.111 0.111 0.105 0.105 0.1085 0.1085 0.1085
0.117 0.1345 0.1345 0.1345 0.141 0.141 0.1355 0.1355 0.1315 0.1315 0.1275 0.1275 0.1275 0.131 0.131 0.126 0.126 0.1205 0.1205 0.1205 0.123 0.123 0.1245 0.1245 0.12 0.12 0.12 0.12 0.12 0.126 0.126 0.1275 0.1275 0.1275 0.1165 0.1165 0.1145 0.1145 0.1115 0.1115 0.1115 0.106 0.106 0.112 0.112 0.112 0.112 0.112 0.112 0.112 0.107 0.107 0.101 0.101 0.1025 0.1025 0.1025 0.102 0.102 0.11 0.11 0.112 0.112 0.112 0.115 0.115 0.113 0.113 0.1115 0.1115 0.1115 0.111 0.111 0.105 0.105 0.1085 0.1085 0.1085
0.1135 0.134 0.134 0.134 0.1265 0.1265 0.13 0.13 0.125 0.125 0.1155 0.1155 0.1155 0.1255 0.1255 0.116 0.116 0.1275 0.1275 0.1275 0.123 0.123 0.126 0.126 0.118 0.118 0.118 0.124 0.124 0.118 0.118 0.1115 0.1115 0.1115 0.1205 0.1205 0.119 0.119 0.115 0.115 0.115 0.1125 0.1125 0.1155 0.1155 0.117 0.117 0.116 0.116 0.116 0.1145 0.1145 0.115 0.115 0.1115 0.1115 0.1115 0.113 0.113 0.1155 0.1155 0.116 0.116 0.116 0.124 0.124 0.12 0.12 0.1155 0.1155 0.1155 0.114 0.114 0.104 0.104 0.1055 0.1055 0.1055
0.1135 0.134 0.134 0.134 0.1265 0.1265 0.13 0.13 0.125 0.125 0.1155 0.1155 0.1155 0.1255 0.1255 0.116 0.116 0.1275 0.1275 0.1275 0.123 0.123 0.126 0.126 0.118 0.118 0.118 0.124 0.124 0.118 0.118 0.1115 0.1115 0.1115 0.1205 0.1205 0.119 0.119 0.115 0.115 0.115 0.1125 0.1125 0.1155 0.1155 0.117 0.117 0.116 0.116 0.116 0.1145 0.1145 0.115 0.115 0.1115 0.1115 0.1115 0.113 0.113 0.1155 0.1155 0.116 0.116 0.116 0.124 0.124 0.12 0.12 0.1155 0.1155 0.1155 0.114 0.114 0.104 0.104 0.1055 0.1055 0.1055
0.124 0.1215 0.1215 0.1215 0.147 0.147 0.126 0.126 0.1095 0.1095 0.1055 0.1055 0.1055 0.1155 0.1155 0.1105 0.1105 0.117 0.117 0.117 0.113 0.113 0.116 0.116 0.1095 0.1095 0.1095 0.125 0.125 0.1295 0.1295 0.116 0.116 0.116 0.125 0.125 0.122 0.122 0.12 0.12 0.12 0.1195 0.1195 0.121 0.121 0.135 0.135 0.1315 0.1315 0.1315 0.125 0.125 0.1195 0.1195 0.116 0.116 0.116 0.1145 0.1145 0.1185 0.1185 0.1195 0.1195 0.1195 0.1185 0.1185 0.117 0.117 0.1165 0.1165 0.1165 0.1195 0.1195 0.1095 0.1095 0.115 0.115 0.115
0.124 0.1215 0.1215 0.1215 0.147 0.147 0.126 0.126 0.1095 0.1095 0.1055 0.1055 0.1055 0.1155 0.1155 0.1105 0.1105 0.117 0.117 0.117 0.113 0.113 0.116 0.116 0.1095 0.1095 0.1095 0.125 0.125 0.1295 0.1295 0.116 0.116 0.116 0.125 0.125 0.122 0.122 0.12 0.12 0.12 0.1195 0.1195 0.121 0.121 0.135 0.135 0.1315 0.1315 0.1315 0.125 0.125 0.1195 0.1195 0.116 0.116 0.116 0.1145 0.1145 0.1185 0.1185 0.1195 0.1195 0.1195 0.1185 0.1185 0.117 0.117 0.1165 0.1165 0.1165 0.1195 0.1195 0.1095 0.1095 0.115 0.115 0.115
