ndvi/NOAA-80.asc
ncols         252
nrows         154
xllcorner     -18.017974
yllcorner     13.481982
cellsize      0.035948
NODATA_value  -9999
[rows 68 to 101 of 154, columns 0 to 76 of 252]
-1 -1 -1 -1 -1 -1 -1 -1 -1 -1 -1 -1 -1 -1 -1 -1 -1 -1 -1 -1 -1 -1 -1 -1 -1 -1 -1 -1 -1 -1 -1 -1 -1 -1 -1 -1 -1 -1 -1 0.151 0.151 0.151 0.164 0.164 0.302 0.302 0.2885 0.2885 0.2885 0.283 0.283 0.3045 0.3045 0.3305 0.3305 0.291 0.291 0.291 0.3665 0.3665 0.4285 0.4285 0.4285 0.4285 0.4285 0.2535 0.2535 0.266 0.266 0.289 0.289 0.289 0.227 0.227 0.2605 0.2605 0.2515
-1 -1 -1 -1 -1 -1 -1 -1 -1 -1 -1 -1 -1 -1 -1 -1 -1 -1 -1 -1 -1 -1 -1 -1 -1 -1 -1 -1 -1 -1 -1 -1 -1 -1 -1 -1 -1 -1 -1 0.213 0.213 0.213 0.2495 0.2495 0.322 0.322 0.337 0.337 0.337 0.232 0.232 0.247 0.247 0.2795 0.2795 0.2675 0.2675 0.2675 0.377 0.377 0.3985 0.3985 0.3985 0.3985 0.3985 0.329 0.329 0.3435 0.3435 0.2915 0.2915 0.2915 0.275 0.275 0.2875 0.2875 0.3285
-1 -1 -1 -1 -1 -1 -1 -1 -1 -1 -1 -1 -1 -1 -1 -1 -1 -1 -1 -1 -1 -1 -1 -1 -1 -1 -1 -1 -1 -1 -1 -1 -1 -1 -1 -1 -1 -1 -1 0.213 0.213 0.213 0.2495 0.2495 0.322 0.322 0.337 0.337 0.337 0.232 0.232 0.247 0.247 0.2795 0.2795 0.2675 0.2675 0.2675 0.377 0.377 0.3985 0.3985 0.3985 0.3985 0.3985 0.329 0.329 0.3435 0.3435 0.2915 0.2915 0.2915 0.275 0.275 0.2875 0.2875 0.3285
-1 -1 -1 -1 -1 -1 -1 -1 -1 -1 -1 -1 -1 -1 -1 -1 -1 -1 -1 -1 -1 -1 -1 -1 -1 -1 -1 -1 -1 -1 -1 -1 -1 -1 -1 -1 -1 0.0536 0.0536 0.1665 0.1665 0.1665 0.2545 0.2545 0.3065 0.3065 0.2375 0.2375 0.2375 0.225 0.225 0.179 0.179 0.203 0.203 0.275 0.275 0.275 0.337 0.337 0.3535 0.3535 0.3535 0.3535 0.3535 0.315 0.315 0.3045 0.3045 0.3315 0.3315 0.3315 0.3335 0.3335 0.2835 0.2835 0.2855
-1 -1 -1 -1 -1 -1 -1 -1 -1 -1 -1 -1 -1 -1 -1 -1 -1 -1 -1 -1 -1 -1 -1 -1 -1 -1 -1 -1 -1 -1 -1 -1 -1 -1 -1 -1 -1 0.0536 0.0536 0.1665 0.1665 0.1665 0.2545 0.2545 0.3065 0.3065 0.2375 0.2375 0.2375 0.225 0.225 0.179 0.179 0.203 0.203 0.275 0.275 0.275 0.337 0.337 0.3535 0.3535 0.3535 0.3535 0.3535 0.315 0.315 0.3045 0.3045 0.3315 0.3315 0.3315 0.3335 0.3335 0.2835 0.2835 0.2855
-1 -1 -1 -1 -1 -1 -1 -1 -1 -1 -1 -1 -1 -1 -1 -1 -1 -1 -1 -1 -1 -1 -1 -1 -1 -1 -1 -1 -1 -1 -1 -1 -1 -1 -1 -1 -1 0.0536 0.0536 0.1665 0.1665 0.1665 0.2545 0.2545 0.3065 0.3065 0.2375 0.2375 0.2375 0.225 0.225 0.179 0.179 0.203 0.203 0.275 0.275 0.275 0.337 0.337 0.3535 0.3535 0.3535 0.3535 0.3535 0.315 0.315 0.3045 0.3045 0.3315 0.3315 0.3315 0.3335 0.3335 0.2835 0.2835 0.2855
-1 -1 -1 -1 -1 -1 -1 -1 -1 -1 -1 -1 -1 -1 -1 -1 -1 -1 -1 -1 -1 -1 -1 -1 -1 -1 -1 -1 -1 -1 -1 -1 -1 -1 -1 -1 -1 0.0352 0.0352 0.1635 0.1635 0.1635 0.229 0.229 0.246 0.246 0.2265 0.2265 0.2265 0.19 0.19 0.228 0.228 0.262 0.262 0.384 0.384 0.384 0.2825 0.2825 0.3905 0.3905 0.3905 0.3905 0.3905 0.451 0.451 0.348 0.348 0.312 0.312 0.312 0.3095 0.3095 0.279 0.279 0.2995
-1 -1 -1 -1 -1 -1 -1 -1 -1 -1 -1 -1 -1 -1 -1 -1 -1 -1 -1 -1 -1 -1 -1 -1 -1 -1 -1 -1 -1 -1 -1 -1 -1 -1 -1 -1 -1 0.0352 0.0352 0.1635 0.1635 0.1635 0.229 0.229 0.246 0.246 0.2265 0.2265 0.2265 0.19 0.19 0.228 0.228 0.262 0.262 0.384 0.384 0.384 0.2825 0.2825 0.3905 0.3905 0.3905 0.3905 0.3905 0.451 0.451 0.348 0.348 0.312 0.312 0.312 0.3095 0.3095 0.279 0.279 0.2995
-1 -1 -1 -1 -1 -1 -1 -1 -1 -1 -1 -1 -1 -1 -1 -1 -1 -1 -1 -1 -1 -1 -1 -1 -1 -1 -1 -1 -1 -1 -1 -1 -1 -1 -1 -1 -1 0.0046 0.0046 0.1405 0.1405 0.1405 0.333 0.333 0.31 0.31 0.303 0.303 0.303 0.3095 0.3095 0.368 0.368 0.397 0.397 0.35 0.35 0.35 0.409 0.409 0.392 0.392 0.392 0.392 0.392 0.421 0.421 0.42 0.42 0.329 0.329 0.329 0.291 0.291 0.2835 0.2835 0.276
-1 -1 -1 -1 -1 -1 -1 -1 -1 -1 -1 -1 -1 -1 -1 -1 -1 -1 -1 -1 -1 -1 -1 -1 -1 -1 -1 -1 -1 -1 -1 -1 -1 -1 -1 -1 -1 0.0046 0.0046 0.1405 0.1405 0.1405 0.333 0.333 0.31 0.31 0.303 0.303 0.303 0.3095 0.3095 0.368 0.368 0.397 0.397 0.35 0.35 0.35 0.409 0.409 0.392 0.392 0.392 0.392 0.392 0.421 0.421 0.42 0.42 0.329 0.329 0.329 0.291 0.291 0.2835 0.2835 0.276
-1 -1 -1 -1 -1 -1 -1 -1 -1 -1 -1 -1 -1 -1 -1 -1 -1 -1 -1 -1 -1 -1 -1 -1 -1 -1 -1 -1 -1 -1 -1 -1 -1 -1 -1 -1 -1 0.0872 0.0872 0.1085 0.1085 0.1085 0.2155 0.2155 0.2695 0.2695 0.3095 0.3095 0.3095 0.3475 0.3475 0.3115 0.3115 0.346 0.346 0.3895 0.3895 0.3895 0.392 0.392 0.4395 0.4395 0.4395 0.4395 0.4395 0.4105 0.4105 0.398 0.398 0.318 0.318 0.318 0.2935 0.2935 0.2925 0.2925 0.2945
-1 -1 -1 -1 -1 -1 -1 -1 -1 -1 -1 -1 -1 -1 -1 -1 -1 -1 -1 -1 -1 -1 -1 -1 -1 -1 -1 -1 -1 -1 -1 -1 -1 -1 -1 -1 -1 0.0872 0.0872 0.1085 0.1085 0.1085 0.2155 0.2155 0.2695 0.2695 0.3095 0.3095 0.3095 0.3475 0.3475 0.3115 0.3115 0.346 0.346 0.3895 0.3895 0.3895 0.392 0.392 0.4395 0.4395 0.4395 0.4395 0.4395 0.4105 0.4105 0.398 0.398 0.318 0.318 0.318 0.2935 0.2935 0.2925 0.2925 0.2945
-1 -1 -1 -1 -1 -1 -1 -1 -1 -1 -1 -1 -1 -1 -1 -1 -1 -1 -1 -1 -1 -1 -1 -1 -1 -1 -1 -1 -1 -1 -1 -1 -1 -1 -1 -1 -1 0.0037 0.0037 0.2455 0.2455 0.2455 0.3365 0.3365 0.262 0.262 0.4155 0.4155 0.4155 0.405 0.405 0.352 0.352 0.302 0.302 0.4055 0.4055 0.4055 0.4135 0.4135 0.3705 0.3705 0.3705 0.3705 0.3705 0.353 0.353 0.3445 0.3445 0.3375 0.3375 0.3375 0.2865 0.2865 0.307 0.307 0.337
-1 -1 -1 -1 -1 -1 -1 -1 -1 -1 -1 -1 -1 -1 -1 -1 -1 -1 -1 -1 -1 -1 -1 -1 -1 -1 -1 -1 -1 -1 -1 -1 -1 -1 -1 -1 -1 0.0037 0.0037 0.2455 0.2455 0.2455 0.3365 0.3365 0.262 0.262 0.4155 0.4155 0.4155 0.405 0.405 0.352 0.352 0.302 0.302 0.4055 0.4055 0.4055 0.4135 0.4135 0.3705 0.3705 0.3705 0.3705 0.3705 0.353 0.353 0.3445 0.3445 0.3375 0.3375 0.3375 0.2865 0.2865 0.307 0.307 0.337
-1 -1 -1 -1 -1 -1 -1 -1 -1 -1 -1 -1 -1 -1 -1 -1 -1 -1 -1 -1 -1 -1 -1 -1 -1 -1 -1 -1 -1 -1 -1 -1 -1 -1 -1 -1 -1 0.0037 0.0037 0.2455 0.2455 0.2455 0.3365 0.3365 0.262 0.262 0.4155 0.4155 0.4155 0.405 0.405 0.352 0.352 0.302 0.302 0.4055 0.4055 0.4055 0.4135 0.4135 0.3705 0.3705 0.3705 0.3705 0.3705 0.353 0.353 0.3445 0.3445 0.3375 0.3375 0.3375 0.2865 0.2865 0.307 0.307 0.337
-1 -1 -1 -1 -1 -1 -1 -1 -1 -1 -1 -1 -1 -1 -1 -1 -1 -1 -1 -1 -1 -1 -1 -1 -1 -1 -1 -1 -1 -1 -1 -1 -1 -1 -1 -1 -1 0.0381 0.0381 0.216 0.216 0.216 0.2475 0.2475 0.305 0.305 0.319 0.319 0.319 0.324 0.324 0.3255 0.3255 0.3415 0.3415 0.359 0.359 0.359 0.3255 0.3255 0.3745 0.3745 0.3745 0.3745 0.3745 0.4055 0.4055 0.367 0.367 0.309 0.309 0.309 0.259 0.259 0.3065 0.3065 0.343
-1 -1 -1 -1 -1 -1 -1 -1 -1 -1 -1 -1 -1 -1 -1 -1 -1 -1 -1 -1 -1 -1 -1 -1 -1 -1 -1 -1 -1 -1 -1 -1 -1 -1 -1 -1 -1 0.0381 0.0381 0.216 0.216 0.216 0.2475 0.2475 0.305 0.305 0.319 0.319 0.319 0.324 0.324 0.3255 0.3255 0.3415 0.3415 0.359 0.359 0.359 0.3255 0.3255 0.3745 0.3745 0.3745 0.3745 0.3745 0.4055 0.4055 0.367 0.367 0.309 0.309 0.309 0.259 0.259 0.3065 0.3065 0.343
-1 -1 -1 -1 -1 -1 -1 -1 -1 -1 -1 -1 -1 -1 -1 -1 -1 -1 -1 -1 -1 -1 -1 -1 -1 -1 -1 -1 -1 -1 -1 -1 -1 -1 -1 -1 -1 0.0931 0.0931 0.2725 0.2725 0.2725 0.3045 0.3045 0.3125 0.3125 0.287 0.287 0.287 0.2955 0.2955 0.337 0.337 0.3605 0.3605 0.318 0.318 0.318 0.319 0.319 0.356 0.356 0.356 0.356 0.356 0.357 0.357 0.324 0.324 0.309 0.309 0.309 0.2865 0.2865 0.342 0.342 0.306
-1 -1 -1 -1 -1 -1 -1 -1 -1 -1 -1 -1 -1 -1 -1 -1 -1 -1 -1 -1 -1 -1 -1 -1 -1 -1 -1 -1 -1 -1 -1 -1 -1 -1 -1 -1 -1 0.0931 0.0931 0.2725 0.2725 0.2725 0.3045 0.3045 0.3125 0.3125 0.287 0.287 0.287 0.2955 0.2955 0.337 0.337 0.3605 0.3605 0.318 0.318 0.318 0.319 0.319 0.356 0.356 0.356 0.356 0.356 0.357 0.357 0.324 0.324 0.309 0.309 0.309 0.2865 0.2865 0.342 0.342 0.306
-1 -1 -1 -1 -1 -1 -1 -1 -1 -1 -1 -1 -1 -1 -1 -1 -1 -1 -1 -1 -1 -1 -1 -1 -1 -1 -1 -1 -1 -1 -1 -1 -1 -1 -1 0.0321 0.0321 0.216 0.216 0.301 0.301 0.301 0.3385 0.3385 0.3235 0.3235 0.331 0.331 0.331 0.309 0.309 0.3895 0.3895 0.37 0.37 0.358 0.358 0.358 0.3755 0.3755 0.364 0.364 0.364 0.364 0.364 0.324 0.324 0.3315 0.3315 0.272 0.272 0.272 0.2785 0.2785 0.353 0.353 0.3555
-1 -1 -1 -1 -1 -1 -1 -1 -1 -1 -1 -1 -1 -1 -1 -1 -1 -1 -1 -1 -1 -1 -1 -1 -1 -1 -1 -1 -1 -1 -1 -1 -1 -1 -1 0.0321 0.0321 0.216 0.216 0.301 0.301 0.301 0.3385 0.3385 0.3235 0.3235 0.331 0.331 0.331 0.309 0.309 0.3895 0.3895 0.37 0.37 0.358 0.358 0.358 0.3755 0.3755 0.364 0.364 0.364 0.364 0.364 0.324 0.324 0.3315 0.3315 0.272 0.272 0.272 0.2785 0.2785 0.353 0.353 0.3555
-1 -1 -1 -1 -1 -1 -1 -1 -1 -1 -1 -1 -1 -1 -1 -1 -1 -1 -1 -1 -1 -1 -1 -1 -1 -1 -1 -1 -1 -1 -1 -1 -1 -1 -1 0.0321 0.0321 0.216 0.216 0.301 0.301 0.301 0.3385 0.3385 0.3235 0.3235 0.331 0.331 0.331 0.309 0.309 0.3895 0.3895 0.37 0.37 0.358 0.358 0.358 0.3755 0.3755 0.364 0.364 0.364 0.364 0.364 0.324 0.324 0.3315 0.3315 0.272 0.272 0.272 0.2785 0.2785 0.353 0.353 0.3555
-1 -1 -1 -1 -1 -1 -1 -1 -1 -1 -1 -1 -1 -1 -1 -1 -1 -1 -1 -1 -1 -1 -1 -1 -1 -1 -1 -1 -1 -1 -1 -1 -1 -1 -1 0.1677 0.1677 0.32 0.32 0.3755 0.3755 0.3755 0.303 0.303 0.293 0.293 0.2915 0.2915 0.2915 0.371 0.371 0.348 0.348 0.3195 0.3195 0.358 0.358 0.358 0.335 0.335 0.356 0.356 0.356 0.356 0.356 0.386 0.386 0.3895 0.3895 0.3555 0.3555 0.3555 0.3555 0.3555 0.3715 0.3715 0.361
-1 -1 -1 -1 -1 -1 -1 -1 -1 -1 -1 -1 -1 -1 -1 -1 -1 -1 -1 -1 -1 -1 -1 -1 -1 -1 -1 -1 -1 -1 -1 -1 -1 -1 -1 0.1677 0.1677 0.32 0.32 0.3755 0.3755 0.3755 0.303 0.303 0.293 0.293 0.2915 0.2915 0.2915 0.371 0.371 0.348 0.348 0.3195 0.3195 0.358 0.358 0.358 0.335 0.335 0.356 0.356 0.356 0.356 0.356 0.386 0.386 0.3895 0.3895 0.3555 0.3555 0.3555 0.3555 0.3555 0.3715 0.3715 0.361
-1 -1 -1 -1 -1 -1 -1 -1 -1 -1 -1 -1 -1 -1 -1 -1 -1 -1 -1 -1 -1 -1 -1 -1 -1 -1 -1 -1 -1 -1 -1 -1 0.0717 0.0717 0.0717 0.277 0.277 0.3645 0.3645 0.387 0.387 0.387 0.2895 0.2895 0.309 0.309 0.3315 0.3315 0.3315 0.333 0.333 0.3265 0.3265 0.374 0.374 0.3985 0.3985 0.3985 0.4155 0.4155 0.4545 0.4545 0.4545 0.4545 0.4545 0.4225 0.4225 0.4125 0.4125 0.4135 0.4135 0.4135 0.411 0.411 0.3795 0.3795 0.3655
-1 -1 -1 -1 -1 -1 -1 -1 -1 -1 -1 -1 -1 -1 -1 -1 -1 -1 -1 -1 -1 -1 -1 -1 -1 -1 -1 -1 -1 -1 -1 -1 0.0717 0.0717 0.0717 0.277 0.277 0.3645 0.3645 0.387 0.387 0.387 0.2895 0.2895 0.309 0.309 0.3315 0.3315 0.3315 0.333 0.333 0.3265 0.3265 0.374 0.374 0.3985 0.3985 0.3985 0.4155 0.4155 0.4545 0.4545 0.4545 0.4545 0.4545 0.4225 0.4225 0.4125 0.4125 0.4135 0.4135 0.4135 0.411 0.411 0.3795 0.3795 0.3655
-1 -1 -1 -1 -1 -1 -1 -1 -1 -1 -1 -1 -1 -1 -1 -1 -1 -1 -1 -1 -1 -1 -1 -1 -1 -1 -1 -1 -1 -1 0.0217 0.0217 0.2736 0.2736 0.2736 0.3145 0.3145 0.3715 0.3715 0.36 0.36 0.36 0.3265 0.3265 0.304 0.304 0.3145 0.3145 0.3145 0.32 0.32 0.325 0.325 0.4115 0.4115 0.408 0.408 0.408 0.465 0.465 0.4405 0.4405 0.4405 0.4405 0.4405 0.3905 0.3905 0.431 0.431 0.434 0.434 0.434 0.421 0.421 0.365 0.365 0.385
-1 -1 -1 -1 -1 -1 -1 -1 -1 -1 -1 -1 -1 -1 -1 -1 -1 -1 -1 -1 -1 -1 -1 -1 -1 -1 -1 -1 -1 -1 0.0217 0.0217 0.2736 0.2736 0.2736 0.3145 0.3145 0.3715 0.3715 0.36 0.36 0.36 0.3265 0.3265 0.304 0.304 0.3145 0.3145 0.3145 0.32 0.32 0.325 0.325 0.4115 0.4115 0.408 0.408 0.408 0.465 0.465 0.4405 0.4405 0.4405 0.4405 0.4405 0.3905 0.3905 0.431 0.431 0.434 0.434 0.434 0.421 0.421 0.365 0.365 0.385
-1 -1 -1 -1 -1 -1 -1 -1 -1 -1 -1 -1 -1 -1 -1 -1 -1 -1 -1 -1 -1 -1 -1 -1 -1 -1 -1 -1 -1 -1 0.0217 0.0217 0.2736 0.2736 0.2736 0.3145 0.3145 0.3715 0.3715 0.36 0.36 0.36 0.3265 0.3265 0.304 0.304 0.3145 0.3145 0.3145 0.32 0.32 0.325 0.325 0.4115 0.4115 0.408 0.408 0.408 0.465 0.465 0.4405 0.4405 0.4405 0.4405 0.4405 0.3905 0.3905 0.431 0.431 0.434 0.434 0.434 0.421 0.421 0.365 0.365 0.385
-1 -1 -1 -1 -1 -1 -1 -1 -1 -1 -1 -1 -1 -1 -1 -1 -1 -1 -1 -1 -1 -1 -1 -1 -1 -1 -1 -1 -1 -1 0.1096 0.1096 0.257 0.257 0.257 0.3135 0.3135 0.3085 0.3085 0.333 0.333 0.333 0.3465 0.3465 0.3035 0.3035 0.32 0.32 0.32 0.3705 0.3705 0.3005 0.3005 0.379 0.379 0.4305 0.4305 0.4305 0.441 0.441 0.4565 0.4565 0.4565 0.4565 0.4565 0.3995 0.3995 0.374 0.374 0.4055 0.4055 0.4055 0.4025 0.4025 0.4055 0.4055 0.402
-1 -1 -1 -1 -1 -1 -1 -1 -1 -1 -1 -1 -1 -1 -1 -1 -1 -1 -1 -1 -1 -1 -1 -1 -1 -1 -1 -1 -1 -1 0.1096 0.1096 0.257 0.257 0.257 0.3135 0.3135 0.3085 0.3085 0.333 0.333 0.333 0.3465 0.3465 0.3035 0.3035 0.32 0.32 0.32 0.3705 0.3705 0.3005 0.3005 0.379 0.379 0.4305 0.4305 0.4305 0.441 0.441 0.4565 0.4565 0.4565 0.4565 0.4565 0.3995 0.3995 0.374 0.374 0.4055 0.4055 0.4055 0.4025 0.4025 0.4055 0.4055 0.402
-1 -1 -1 -1 -1 -1 -1 -1 -1 -1 -1 -1 -1 -1 -1 -1 -1 -1 -1 -1 -1 -1 -1 -1 -1 -1 -1 -1 0.0421 0.0421 0.229 0.229 0.328 0.328 0.328 0.316 0.316 0.2655 0.2655 0.2655 0.2655 0.2655 0.2975 0.2975 0.302 0.302 0.311 0.311 0.311 0.319 0.319 0.3745 0.3745 0.4305 0.4305 0.422 0.422 0.422 0.473 0.473 0.448 0.448 0.448 0.448 0.448 0.4275 0.4275 0.4435 0.4435 0.429 0.429 0.429 0.399 0.399 0.3755 0.3755 0.375
-1 -1 -1 -1 -1 -1 -1 -1 -1 -1 -1 -1 -1 -1 -1 -1 -1 -1 -1 -1 -1 -1 -1 -1 -1 -1 -1 -1 0.0421 0.0421 0.229 0.229 0.328 0.328 0.328 0.316 0.316 0.2655 0.2655 0.2655 0.2655 0.2655 0.2975 0.2975 0.302 0.302 0.311 0.311 0.311 0.319 0.319 0.3745 0.3745 0.4305 0.4305 0.422 0.422 0.422 0.473 0.473 0.448 0.448 0.448 0.448 0.448 0.4275 0.4275 0.4435 0.4435 0.429 0.429 0.429 0.399 0.399 0.3755 0.3755 0.375
-1 -1 -1 -1 -1 -1 -1 -1 -1 -1 -1 -1 -1 -1 -1 -1 -1 -1 -1 -1 -1 -1 -1 -1 -1 0.049 0.049 0.049 0.1301 0.1301 0.326 0.326 0.32 0.32 0.32 0.294 0.294 0.266 0.266 0.2905 0.2905 0.2905 0.316 0.316 0.2985 0.2985 0.2965 0.2965 0.2965 0.367 0.367 0.385 0.385 0.4605 0.4605 0.4995 0.4995 0.4995 0.4785 0.4785 0.481 0.481 0.481 0.481 0.481 0.4505 0.4505 0.401 0.401 0.396 0.396 0.396 0.4595 0.4595 0.42 0.42 0.325
