ndvi/NOAA-125.asc
ncols         252
nrows         154
xllcorner     -18.017974
yllcorner     13.481982
cellsize      0.035948
NODATA_value  -9999
[rows 34 to 67 of 154, columns 77 to 153 of 252]
0.1675 0.1675 0.1565 0.1565 0.157 0.157 0.15 0.15 0.15 0.1455 0.1455 0.147 0.147 0.148 0.148 0.1585 0.1585 0.1585 0.1635 0.1635 0.172 0.172 0.1725 0.1725 0.1725 0.169 0.169 0.1685 0.1685 0.166 0.166 0.166 0.1805 0.1805 0.174 0.174 0.1695 0.1695 0.1695 0.172 0.172 0.1775 0.1775 0.185 0.185 0.185 0.171 0.171 0.17 0.17 0.162 0.162 0.1595 0.1595 0.1595 0.1525 0.1525 0.156 0.156 0.1435 0.1435 0.1435 0.151 0.151 0.1655 0.1655 0.1655 0.1655 0.1655 0.164 0.164 0.1495 0.1495 0.137 0.137 0.137 0.143
0.1675 0.1675 0.1565 0.1565 0.157 0.157 0.15 0.15 0.15 0.1455 0.1455 0.147 0.147 0.148 0.148 0.1585 0.1585 0.1585 0.1635 0.1635 0.172 0.172 0.1725 0.1725 0.1725 0.169 0.169 0.1685 0.1685 0.166 0.166 0.166 0.1805 0.1805 0.174 0.174 0.1695 0.1695 0.1695 0.172 0.172 0.1775 0.1775 0.185 0.185 0.185 0.171 0.171 0.17 0.17 0.162 0.162 0.1595 0.1595 0.1595 0.1525 0.1525 0.156 0.156 0.1435 0.1435 0.1435 0.151 0.151 0.1655 0.1655 0.1655 0.1655 0.1655 0.164 0.164 0.1495 0.1495 0.137 0.137 0.137 0.143
0.1675 0.1675 0.1565 0.1565 0.157 0.157 0.15 0.15 0.15 0.1455 0.1455 0.147 0.147 0.148 0.148 0.1585 0.1585 0.1585 0.1635 0.1635 0.172 0.172 0.1725 0.1725 0.1725 0.169 0.169 0.1685 0.1685 0.166 0.166 0.166 0.1805 0.1805 0.174 0.174 0.1695 0.1695 0.1695 0.172 0.172 0.1775 0.1775 0.185 0.185 0.185 0.171 0.171 0.17 0.17 0.162 0.162 0.1595 0.1595 0.1595 0.1525 0.1525 0.156 0.156 0.1435 0.1435 0.1435 0.151 0.151 0.1655 0.1655 0.1655 0.1655 0.1655 0.164 0.164 0.1495 0.1495 0.137 0.137 0.137 0.143
0.1835 0.1835 0.1845 0.1845 0.178 0.178 0.1725 0.1725 0.1725 0.1835 0.1835 0.1775 0.1775 0.1745 0.1745 0.1565 0.1565 0.1565 0.1725 0.1725 0.176 0.176 0.191 0.191 0.191 0.1915 0.1915 0.196 0.196 0.195 0.195 0.195 0.1955 0.1955 0.185 0.185 0.1805 0.1805 0.1805 0.1865 0.1865 0.192 0.192 0.21 0.21 0.21 0.193 0.193 0.187 0.187 0.1855 0.1855 0.1775 0.1775 0.1775 0.1755 0.1755 0.1825 0.1825 0.177 0.177 0.177 0.1715 0.1715 0.171 0.171 0.1715 0.1715 0.1715 0.1565 0.1565 0.134 0.134 0.1415 0.1415 0.1415 0.146
0.1835 0.1835 0.1845 0.1845 0.178 0.178 0.1725 0.1725 0.1725 0.1835 0.1835 0.1775 0.1775 0.1745 0.1745 0.1565 0.1565 0.1565 0.1725 0.1725 0.176 0.176 0.191 0.191 0.191 0.1915 0.1915 0.196 0.196 0.195 0.195 0.195 0.1955 0.1955 0.185 0.185 0.1805 0.1805 0.1805 0.1865 0.1865 0.192 0.192 0.21 0.21 0.21 0.193 0.193 0.187 0.187 0.1855 0.1855 0.1775 0.1775 0.1775 0.1755 0.1755 0.1825 0.1825 0.177 0.177 0.177 0.1715 0.1715 0.171 0.171 0.1715 0.1715 0.1715 0.1565 0.1565 0.134 0.134 0.1415 0.1415 0.1415 0.146
0.189 0.189 0.185 0.185 0.1875 0.1875 0.1875 0.1875 0.1875 0.1905 0.1905 0.186 0.186 0.187 0.187 0.177 0.177 0.177 0.172 0.172 0.1795 0.1795 0.1865 0.1865 0.1865 0.1905 0.1905 0.1995 0.1995 0.199 0.199 0.199 0.2015 0.2015 0.207 0.207 0.194 0.194 0.194 0.2045 0.2045 0.2035 0.2035 0.229 0.229 0.229 0.2085 0.2085 0.1925 0.1925 0.1875 0.1875 0.2535 0.2535 0.2535 0.2275 0.2275 0.223 0.223 0.203 0.203 0.203 0.1765 0.1765 0.1735 0.1735 0.17 0.17 0.17 0.149 0.149 0.136 0.136 0.145 0.145 0.145 0.151
0.189 0.189 0.185 0.185 0.1875 0.1875 0.1875 0.1875 0.1875 0.1905 0.1905 0.186 0.186 0.187 0.187 0.177 0.177 0.177 0.172 0.172 0.1795 0.1795 0.1865 0.1865 0.1865 0.1905 0.1905 0.1995 0.1995 0.199 0.199 0.199 0.2015 0.2015 0.207 0.207 0.194 0.194 0.194 0.2045 0.2045 0.2035 0.2035 0.229 0.229 0.229 0.2085 0.2085 0.1925 0.1925 0.1875 0.1875 0.2535 0.2535 0.2535 0.2275 0.2275 0.223 0.223 0.203 0.203 0.203 0.1765 0.1765 0.1735 0.1735 0.17 0.17 0.17 0.149 0.149 0.136 0.136 0.145 0.145 0.145 0.151
0.2 0.2 0.1835 0.1835 0.1895 0.1895 0.1865 0.1865 0.1865 0.191 0.191 0.1945 0.1945 0.199 0.199 0.2095 0.2095 0.2095 0.1845 0.1845 0.183 0.183 0.1925 0.1925 0.1925 0.2025 0.2025 0.2165 0.2165 0.216 0.216 0.216 0.22 0.22 0.206 0.206 0.213 0.213 0.213 0.2115 0.2115 0.2165 0.2165 0.222 0.222 0.222 0.1995 0.1995 0.209 0.209 0.2105 0.2105 0.2515 0.2515 0.2515 0.2275 0.2275 0.215 0.215 0.1945 0.1945 0.1945 0.1635 0.1635 0.1635 0.1635 0.139 0.139 0.139 0.147 0.147 0.139 0.139 0.1415 0.1415 0.1415 0.1475
0.2 0.2 0.1835 0.1835 0.1895 0.1895 0.1865 0.1865 0.1865 0.191 0.191 0.1945 0.1945 0.199 0.199 0.2095 0.2095 0.2095 0.1845 0.1845 0.183 0.183 0.1925 0.1925 0.1925 0.2025 0.2025 0.2165 0.2165 0.216 0.216 0.216 0.22 0.22 0.206 0.206 0.213 0.213 0.213 0.2115 0.2115 0.2165 0.2165 0.222 0.222 0.222 0.1995 0.1995 0.209 0.209 0.2105 0.2105 0.2515 0.2515 0.2515 0.2275 0.2275 0.215 0.215 0.1945 0.1945 0.1945 0.1635 0.1635 0.1635 0.1635 0.139 0.139 0.139 0.147 0.147 0.139 0.139 0.1415 0.1415 0.1415 0.1475
0.2 0.2 0.1835 0.1835 0.1895 0.1895 0.1865 0.1865 0.1865 0.191 0.191 0.1945 0.1945 0.199 0.199 0.2095 0.2095 0.2095 0.1845 0.1845 0.183 0.183 0.1925 0.1925 0.1925 0.2025 0.2025 0.2165 0.2165 0.216 0.216 0.216 0.22 0.22 0.206 0.206 0.213 0.213 0.213 0.2115 0.2115 0.2165 0.2165 0.222 0.222 0.222 0.1995 0.1995 0.209 0.209 0.2105 0.2105 0.2515 0.2515 0.2515 0.2275 0.2275 0.215 0.215 0.1945 0.1945 0.1945 0.1635 0.1635 0.1635 0.1635 0.139 0.139 0.139 0.147 0.147 0.139 0.139 0.1415 0.1415 0.1415 0.1475
0.201 0.201 0.187 0.187 0.1935 0.1935 0.1895 0.1895 0.1895 0.1885 0.1885 0.1865 0.1865 0.1945 0.1945 0.209 0.209 0.209 0.207 0.207 0.188 0.188 0.1865 0.1865 0.1865 0.2065 0.2065 0.2095 0.2095 0.216 0.216 0.216 0.2325 0.2325 0.238 0.238 0.23 0.23 0.23 0.225 0.225 0.2165 0.2165 0.215 0.215 0.215 0.199 0.199 0.198 0.198 0.192 0.192 0.2075 0.2075 0.2075 0.2045 0.2045 0.1925 0.1925 0.1695 0.1695 0.1695 0.1625 0.1625 0.15 0.15 0.1465 0.1465 0.1465 0.146 0.146 0.137 0.137 0.1155 0.1155 0.1155 0.1355
0.201 0.201 0.187 0.187 0.1935 0.1935 0.1895 0.1895 0.1895 0.1885 0.1885 0.1865 0.1865 0.1945 0.1945 0.209 0.209 0.209 0.207 0.207 0.188 0.188 0.1865 0.1865 0.1865 0.2065 0.2065 0.2095 0.2095 0.216 0.216 0.216 0.2325 0.2325 0.238 0.238 0.23 0.23 0.23 0.225 0.225 0.2165 0.2165 0.215 0.215 0.215 0.199 0.199 0.198 0.198 0.192 0.192 0.2075 0.2075 0.2075 0.2045 0.2045 0.1925 0.1925 0.1695 0.1695 0.1695 0.1625 0.1625 0.15 0.15 0.1465 0.1465 0.1465 0.146 0.146 0.137 0.137 0.1155 0.1155 0.1155 0.1355
0.225 0.225 0.2185 0.2185 0.2105 0.2105 0.2025 0.2025 0.2025 0.192 0.192 0.178 0.178 0.194 0.194 0.2075 0.2075 0.2075 0.207 0.207 0.221 0.221 0.2185 0.2185 0.2185 0.2075 0.2075 0.2225 0.2225 0.228 0.228 0.228 0.249 0.249 0.238 0.238 0.2335 0.2335 0.2335 0.209 0.209 0.2115 0.2115 0.2085 0.2085 0.2085 0.232 0.232 0.233 0.233 0.203 0.203 0.2125 0.2125 0.2125 0.1945 0.1945 0.181 0.181 0.1785 0.1785 0.1785 0.165 0.165 0.1575 0.1575 0.159 0.159 0.159 0.1535 0.1535 0.157 0.157 0.131 0.131 0.131 0.1625
0.225 0.225 0.2185 0.2185 0.2105 0.2105 0.2025 0.2025 0.2025 0.192 0.192 0.178 0.178 0.194 0.194 0.2075 0.2075 0.2075 0.207 0.207 0.221 0.221 0.2185 0.2185 0.2185 0.2075 0.2075 0.2225 0.2225 0.228 0.228 0.228 0.249 0.249 0.238 0.238 0.2335 0.2335 0.2335 0.209 0.209 0.2115 0.2115 0.2085 0.2085 0.2085 0.232 0.232 0.233 0.233 0.203 0.203 0.2125 0.2125 0.2125 0.1945 0.1945 0.181 0.181 0.1785 0.1785 0.1785 0.165 0.165 0.1575 0.1575 0.159 0.159 0.159 0.1535 0.1535 0.157 0.157 0.131 0.131 0.131 0.1625
0.2335 0.2335 0.224 0.224 0.227 0.227 0.203 0.203 0.203 0.203 0.203 0.1855 0.1855 0.231 0.231 0.2275 0.2275 0.2275 0.233 0.233 0.242 0.242 0.2345 0.2345 0.2345 0.2245 0.2245 0.244 0.244 0.2485 0.2485 0.2485 0.245 0.245 0.2465 0.2465 0.2125 0.2125 0.2125 0.1935 0.1935 0.203 0.203 0.2065 0.2065 0.2065 0.215 0.215 0.21 0.21 0.1975 0.1975 0.206 0.206 0.206 0.2065 0.2065 0.194 0.194 0.1785 0.1785 0.1785 0.186 0.186 0.177 0.177 0.185 0.185 0.185 0.186 0.186 0.1805 0.1805 0.1685 0.1685 0.1685 0.163
0.2335 0.2335 0.224 0.224 0.227 0.227 0.203 0.203 0.203 0.203 0.203 0.1855 0.1855 0.231 0.231 0.2275 0.2275 0.2275 0.233 0.233 0.242 0.242 0.2345 0.2345 0.2345 0.2245 0.2245 0.244 0.244 0.2485 0.2485 0.2485 0.245 0.245 0.2465 0.2465 0.2125 0.2125 0.2125 0.1935 0.1935 0.203 0.203 0.2065 0.2065 0.2065 0.215 0.215 0.21 0.21 0.1975 0.1975 0.206 0.206 0.206 0.2065 0.2065 0.194 0.194 0.1785 0.1785 0.1785 0.186 0.186 0.177 0.177 0.185 0.185 0.185 0.186 0.186 0.1805 0.1805 0.1685 0.1685 0.1685 0.163
0.2335 0.2335 0.224 0.224 0.227 0.227 0.203 0.203 0.203 0.203 0.203 0.1855 0.1855 0.231 0.231 0.2275 0.2275 0.2275 0.233 0.233 0.242 0.242 0.2345 0.2345 0.2345 0.2245 0.2245 0.244 0.244 0.2485 0.2485 0.2485 0.245 0.245 0.2465 0.2465 0.2125 0.2125 0.2125 0.1935 0.1935 0.203 0.203 0.2065 0.2065 0.2065 0.215 0.215 0.21 0.21 0.1975 0.1975 0.206 0.206 0.206 0.2065 0.2065 0.194 0.194 0.1785 0.1785 0.1785 0.186 0.186 0.177 0.177 0.185 0.185 0.185 0.186 0.186 0.1805 0.1805 0.1685 0.1685 0.1685 0.163
0.214 0.214 0.2185 0.2185 0.208 0.208 0.2205 0.2205 0.2205 0.235 0.235 0.2345 0.2345 0.247 0.247 0.2425 0.2425 0.2425 0.238 0.238 0.233 0.233 0.2335 0.2335 0.2335 0.2405 0.2405 0.2305 0.2305 0.2295 0.2295 0.2295 0.219 0.219 0.258 0.258 0.2405 0.2405 0.2405 0.2005 0.2005 0.205 0.205 0.2115 0.2115 0.2115 0.2035 0.2035 0.169 0.169 0.194 0.194 0.2145 0.2145 0.2145 0.22 0.22 0.2035 0.2035 0.189 0.189 0.189 0.2145 0.2145 0.231 0.231 0.22 0.22 0.22 0.224 0.224 0.221 0.221 0.1725 0.1725 0.1725 0.1575
0.214 0.214 0.2185 0.2185 0.208 0.208 0.2205 0.2205 0.2205 0.235 0.235 0.2345 0.2345 0.247 0.247 0.2425 0.2425 0.2425 0.238 0.238 0.233 0.233 0.2335 0.2335 0.2335 0.2405 0.2405 0.2305 0.2305 0.2295 0.2295 0.2295 0.219 0.219 0.258 0.258 0.2405 0.2405 0.2405 0.2005 0.2005 0.205 0.205 0.2115 0.2115 0.2115 0.2035 0.2035 0.169 0.169 0.194 0.194 0.2145 0.2145 0.2145 0.22 0.22 0.2035 0.2035 0.189 0.189 0.189 0.2145 0.2145 0.231 0.231 0.22 0.22 0.22 0.224 0.224 0.221 0.221 0.1725 0.1725 0.1725 0.1575
0.213 0.213 0.1985 0.1985 0.2385 0.2385 0.241 0.241 0.241 0.25 0.25 0.2495 0.2495 0.253 0.253 0.2525 0.2525 0.2525 0.2475 0.2475 0.2365 0.2365 0.2255 0.2255 0.2255 0.22 0.22 0.213 0.213 0.2085 0.2085 0.2085 0.1995 0.1995 0.238 0.238 0.233 0.233 0.233 0.22 0.22 0.2065 0.2065 0.192 0.192 0.192 0.1765 0.1765 0.1515 0.1515 0.2035 0.2035 0.206 0.206 0.206 0.217 0.217 0.235 0.235 0.2425 0.2425 0.2425 0.2375 0.2375 0.225 0.225 0.2205 0.2205 0.2205 0.2205 0.2205 0.214 0.214 0.217 0.217 0.217 0.1475
0.213 0.213 0.1985 0.1985 0.2385 0.2385 0.241 0.241 0.241 0.25 0.25 0.2495 0.2495 0.253 0.253 0.2525 0.2525 0.2525 0.2475 0.2475 0.2365 0.2365 0.2255 0.2255 0.2255 0.22 0.22 0.213 0.213 0.2085 0.2085 0.2085 0.1995 0.1995 0.238 0.238 0.233 0.233 0.233 0.22 0.22 0.2065 0.2065 0.192 0.192 0.192 0.1765 0.1765 0.1515 0.1515 0.2035 0.2035 0.206 0.206 0.206 0.217 0.217 0.235 0.235 0.2425 0.2425 0.2425 0.2375 0.2375 0.225 0.225 0.2205 0.2205 0.2205 0.2205 0.2205 0.214 0.214 0.217 0.217 0.217 0.1475
0.2495 0.2495 0.253 0.253 0.2505 0.2505 0.256 0.256 0.256 0.266 0.266 0.268 0.268 0.2605 0.2605 0.2615 0.2615 0.2615 0.257 0.257 0.2395 0.2395 0.228 0.228 0.228 0.222 0.222 0.2105 0.2105 0.2025 0.2025 0.2025 0.191 0.191 0.203 0.203 0.1995 0.1995 0.1995 0.213 0.213 0.1795 0.1795 0.177 0.177 0.177 0.1775 0.1775 0.1795 0.1795 0.188 0.188 0.196 0.196 0.196 0.2285 0.2285 0.238 0.238 0.253 0.253 0.253 0.229 0.229 0.2205 0.2205 0.207 0.207 0.207 0.1985 0.1985 0.186 0.186 0.1605 0.1605 0.1605 0.1335
0.2495 0.2495 0.253 0.253 0.2505 0.2505 0.256 0.256 0.256 0.266 0.266 0.268 0.268 0.2605 0.2605 0.2615 0.2615 0.2615 0.257 0.257 0.2395 0.2395 0.228 0.228 0.228 0.222 0.222 0.2105 0.2105 0.2025 0.2025 0.2025 0.191 0.191 0.203 0.203 0.1995 0.1995 0.1995 0.213 0.213 0.1795 0.1795 0.177 0.177 0.177 0.1775 0.1775 0.1795 0.1795 0.188 0.188 0.196 0.196 0.196 0.2285 0.2285 0.238 0.238 0.253 0.253 0.253 0.229 0.229 0.2205 0.2205 0.207 0.207 0.207 0.1985 0.1985 0.186 0.186 0.1605 0.1605 0.1605 0.1335
0.249 0.249 0.238 0.238 0.248 0.248 0.255 0.255 0.255 0.2495 0.2495 0.2465 0.2465 0.2455 0.2455 0.249 0.249 0.249 0.253 0.253 0.2465 0.2465 0.2405 0.2405 0.2405 0.231 0.231 0.224 0.224 0.2165 0.2165 0.2165 0.2065 0.2065 0.213 0.213 0.1945 0.1945 0.1945 0.204 0.204 0.188 0.188 0.194 0.194 0.194 0.204 0.204 0.161 0.161 0.1615 0.1615 0.188 0.188 0.188 0.1995 0.1995 0.2085 0.2085 0.2365 0.2365 0.2365 0.226 0.226 0.227 0.227 0.195 0.195 0.195 0.194 0.194 0.1645 0.1645 0.1705 0.1705 0.1705 0.121
0.249 0.249 0.238 0.238 0.248 0.248 0.255 0.255 0.255 0.2495 0.2495 0.2465 0.2465 0.2455 0.2455 0.249 0.249 0.249 0.253 0.253 0.2465 0.2465 0.2405 0.2405 0.2405 0.231 0.231 0.224 0.224 0.2165 0.2165 0.2165 0.2065 0.2065 0.213 0.213 0.1945 0.1945 0.1945 0.204 0.204 0.188 0.188 0.194 0.194 0.194 0.204 0.204 0.161 0.161 0.1615 0.1615 0.188 0.188 0.188 0.1995 0.1995 0.2085 0.2085 0.2365 0.2365 0.2365 0.226 0.226 0.227 0.227 0.195 0.195 0.195 0.194 0.194 0.1645 0.1645 0.1705 0.1705 0.1705 0.121
0.249 0.249 0.238 0.238 0.248 0.248 0.255 0.255 0.255 0.2495 0.2495 0.2465 0.2465 0.2455 0.2455 0.249 0.249 0.249 0.253 0.253 0.2465 0.2465 0.2405 0.2405 0.2405 0.231 0.231 0.224 0.224 0.2165 0.2165 0.2165 0.2065 0.2065 0.213 0.213 0.1945 0.1945 0.1945 0.204 0.204 0.188 0.188 0.194 0.194 0.194 0.204 0.204 0.161 0.161 0.1615 0.1615 0.188 0.188 0.188 0.1995 0.1995 0.2085 0.2085 0.2365 0.2365 0.2365 0.226 0.226 0.227 0.227 0.195 0.195 0.195 0.194 0.194 0.1645 0.1645 0.1705 0.1705 0.1705 0.121
0.2305 0.2305 0.23 0.23 0.238 0.238 0.241 0.241 0.241 0.2125 0.2125 0.21 0.21 0.2005 0.2005 0.2415 0.2415 0.2415 0.165 0.165 0.2125 0.2125 0.2195 0.2195 0.2195 0.233 0.233 0.228 0.228 0.222 0.222 0.222 0.2235 0.2235 0.226 0.226 0.2185 0.2185 0.2185 0.186 0.186 0.1845 0.1845 0.199 0.199 0.199 0.1925 0.1925 0.141 0.141 0.1205 0.1205 0.139 0.139 0.139 0.144 0.144 0.1955 0.1955 0.2355 0.2355 0.2355 0.242 0.242 0.227 0.227 0.219 0.219 0.219 0.2185 0.2185 0.199 0.199 0.1735 0.1735 0.1735 0.14
0.2305 0.2305 0.23 0.23 0.238 0.238 0.241 0.241 0.241 0.2125 0.2125 0.21 0.21 0.2005 0.2005 0.2415 0.2415 0.2415 0.165 0.165 0.2125 0.2125 0.2195 0.2195 0.2195 0.233 0.233 0.228 0.228 0.222 0.222 0.222 0.2235 0.2235 0.226 0.226 0.2185 0.2185 0.2185 0.186 0.186 0.1845 0.1845 0.199 0.199 0.199 0.1925 0.1925 0.141 0.141 0.1205 0.1205 0.139 0.139 0.139 0.144 0.144 0.1955 0.1955 0.2355 0.2355 0.2355 0.242 0.242 0.227 0.227 0.219 0.219 0.219 0.2185 0.2185 0.199 0.199 0.1735 0.1735 0.1735 0.14
0.2345 0.2345 0.22 0.22 0.234 0.234 0.229 0.229 0.229 0.2435 0.2435 0.229 0.229 0.218 0.218 0.1955 0.1955 0.1955 0.1625 0.1625 0.1755 0.1755 0.2 0.2 0.2 0.22 0.22 0.218 0.218 0.2265 0.2265 0.2265 0.2375 0.2375 0.2375 0.2375 0.2165 0.2165 0.2165 0.2235 0.2235 0.1755 0.1755 0.185 0.185 0.185 0.1595 0.1595 0.1255 0.1255 0.144 0.144 0.147 0.147 0.147 0.1795 0.1795 0.1945 0.1945 0.236 0.236 0.236 0.2475 0.2475 0.2405 0.2405 0.222 0.222 0.222 0.2225 0.2225 0.21 0.21 0.1745 0.1745 0.1745 0.1565
0.2345 0.2345 0.22 0.22 0.234 0.234 0.229 0.229 0.229 0.2435 0.2435 0.229 0.229 0.218 0.218 0.1955 0.1955 0.1955 0.1625 0.1625 0.1755 0.1755 0.2 0.2 0.2 0.22 0.22 0.218 0.218 0.2265 0.2265 0.2265 0.2375 0.2375 0.2375 0.2375 0.2165 0.2165 0.2165 0.2235 0.2235 0.1755 0.1755 0.185 0.185 0.185 0.1595 0.1595 0.1255 0.1255 0.144 0.144 0.147 0.147 0.147 0.1795 0.1795 0.1945 0.1945 0.236 0.236 0.236 0.2475 0.2475 0.2405 0.2405 0.222 0.222 0.222 0.2225 0.2225 0.21 0.21 0.1745 0.1745 0.1745 0.1565
0.2285 0.2285 0.224 0.224 0.24 0.24 0.2545 0.2545 0.2545 0.285 0.285 0.2685 0.2685 0.263 0.263 0.247 0.247 0.247 0.217 0.217 0.208 0.208 0.1945 0.1945 0.1945 0.169 0.169 0.2015 0.2015 0.208 0.208 0.208 0.2285 0.2285 0.235 0.235 0.236 0.236 0.236 0.2415 0.2415 0.2155 0.2155 0.1675 0.1675 0.1675 0.16 0.16 0.1325 0.1325 0.1545 0.1545 0.1975 0.1975 0.1975 0.1945 0.1945 0.2165 0.2165 0.2375 0.2375 0.2375 0.244 0.244 0.242 0.242 0.233 0.233 0.233 0.212 0.212 0.235 0.235 0.182 0.182 0.182 0.155
0.2285 0.2285 0.224 0.224 0.24 0.24 0.2545 0.2545 0.2545 0.285 0.285 0.2685 0.2685 0.263 0.263 0.247 0.247 0.247 0.217 0.217 0.208 0.208 0.1945 0.1945 0.1945 0.169 0.169 0.2015 0.2015 0.208 0.208 0.208 0.2285 0.2285 0.235 0.235 0.236 0.236 0.236 0.2415 0.2415 0.2155 0.2155 0.1675 0.1675 0.1675 0.16 0.16 0.1325 0.1325 0.1545 0.1545 0.1975 0.1975 0.1975 0.1945 0.1945 0.2165 0.2165 0.2375 0.2375 0.2375 0.244 0.244 0.242 0.242 0.233 0.233 0.233 0.212 0.212 0.235 0.235 0.182 0.182 0.182 0.155
0.2285 0.2285 0.224 0.224 0.24 0.24 0.2545 0.2545 0.2545 0.285 0.285 0.2685 0.2685 0.263 0.263 0.247 0.247 0.247 0.217 0.217 0.208 0.208 0.1945 0.1945 0.1945 0.169 0.169 0.2015 0.2015 0.208 0.208 0.208 0.2285 0.2285 0.235 0.235 0.236 0.236 0.236 0.2415 0.2415 0.2155 0.2155 0.1675 0.1675 0.1675 0.16 0.16 0.1325 0.1325 0.1545 0.1545 0.1975 0.1975 0.1975 0.1945 0.1945 0.2165 0.2165 0.2375 0.2375 0.2375 0.244 0.244 0.242 0.242 0.233 0.233 0.233 0.212 0.212 0.235 0.235 0.182 0.182 0.182 0.155
0.223 0.223 0.2275 0.2275 0.2245 0.2245 0.246 0.246 0.246 0.2675 0.2675 0.2575 0.2575 0.263 0.263 0.258 0.258 0.258 0.2695 0.2695 0.2645 0.2645 0.241 0.241 0.241 0.192 0.192 0.194 0.194 0.1995 0.1995 0.1995 0.225 0.225 0.2305 0.2305 0.2295 0.2295 0.2295 0.2475 0.2475 0.247 0.247 0.2175 0.2175 0.2175 0.157 0.157 0.184 0.184 0.1925 0.1925 0.2125 0.2125 0.2125 0.2145 0.2145 0.2195 0.2195 0.239 0.239 0.239 0.2505 0.2505 0.261 0.261 0.237 0.237 0.237 0.2245 0.2245 0.237 0.237 0.211 0.211 0.211 0.141
