ndvi/NOAA-343.asc
ncols         252
nrows         154
xllcorner     -18.017974
yllcorner     13.481982
cellsize      0.035948
NODATA_value  -9999
[rows 102 to 135 of 154, columns 77 to 153 of 252]
0.321 0.321 0.3225 0.3225 0.33 0.33 0.338 0.338 0.338 0.31 0.31 0.2645 0.2645 0.284 0.284 0.289 0.289 0.289 0.2775 0.2775 0.3235 0.3235 0.357 0.357 0.357 0.3585 0.3585 0.3765 0.3765 0.3905 0.3905 0.3905 0.3955 0.3955 0.398 0.398 0.427 0.427 0.427 0.3805 0.3805 0.384 0.384 0.4095 0.4095 0.4095 0.403 0.403 0.365 0.365 0.418 0.418 0.429 0.429 0.429 0.3155 0.3155 0.311 0.311 0.3105 0.3105 0.3105 0.3165 0.3165 0.2435 0.2435 0.279 0.279 0.279 0.312 0.312 0.3175 0.3175 0.3425 0.3425 0.3425 0.291
0.324 0.324 0.3255 0.3255 0.3415 0.3415 0.3505 0.3505 0.3505 0.3345 0.3345 0.282 0.282 0.303 0.303 0.304 0.304 0.304 0.3115 0.3115 0.3865 0.3865 0.375 0.375 0.375 0.374 0.374 0.3925 0.3925 0.392 0.392 0.392 0.4131 0.4131 0.4316 0.4316 0.3865 0.3865 0.3865 0.3735 0.3735 0.3905 0.3905 0.415 0.415 0.415 0.4291 0.4291 0.388 0.388 0.411 0.411 0.422 0.422 0.422 0.3755 0.3755 0.361 0.361 0.2715 0.2715 0.2715 0.3045 0.3045 0.3165 0.3165 0.2775 0.2775 0.2775 0.295 0.295 0.305 0.305 0.3185 0.3185 0.3185 0.305
0.324 0.324 0.3255 0.3255 0.3415 0.3415 0.3505 0.3505 0.3505 0.3345 0.3345 0.282 0.282 0.303 0.303 0.304 0.304 0.304 0.3115 0.3115 0.3865 0.3865 0.375 0.375 0.375 0.374 0.374 0.3925 0.3925 0.392 0.392 0.392 0.4131 0.4131 0.4316 0.4316 0.3865 0.3865 0.3865 0.3735 0.3735 0.3905 0.3905 0.415 0.415 0.415 0.4291 0.4291 0.388 0.388 0.411 0.411 0.422 0.422 0.422 0.3755 0.3755 0.361 0.361 0.2715 0.2715 0.2715 0.3045 0.3045 0.3165 0.3165 0.2775 0.2775 0.2775 0.295 0.295 0.305 0.305 0.3185 0.3185 0.3185 0.305
0.324 0.324 0.3255 0.3255 0.3415 0.3415 0.3505 0.3505 0.3505 0.3345 0.3345 0.282 0.282 0.303 0.303 0.304 0.304 0.304 0.3115 0.3115 0.3865 0.3865 0.375 0.375 0.375 0.374 0.374 0.3925 0.3925 0.392 0.392 0.392 0.4131 0.4131 0.4316 0.4316 0.3865 0.3865 0.3865 0.3735 0.3735 0.3905 0.3905 0.415 0.415 0.415 0.4291 0.4291 0.388 0.388 0.411 0.411 0.422 0.422 0.422 0.3755 0.3755 0.361 0.361 0.2715 0.2715 0.2715 0.3045 0.3045 0.3165 0.3165 0.2775 0.2775 0.2775 0.295 0.295 0.305 0.305 0.3185 0.3185 0.3185 0.305
0.3185 0.3185 0.3145 0.3145 0.314 0.314 0.311 0.311 0.311 0.301 0.301 0.2995 0.2995 0.3115 0.3115 0.3315 0.3315 0.3315 0.35 0.35 0.373 0.373 0.405 0.405 0.405 0.375 0.375 0.341 0.341 0.3705 0.3705 0.3705 0.398 0.398 0.4386 0.4386 0.4075 0.4075 0.4075 0.387 0.387 0.384 0.384 0.424 0.424 0.424 0.3705 0.3705 0.387 0.387 0.4155 0.4155 0.3945 0.3945 0.3945 0.3745 0.3745 0.3905 0.3905 0.3205 0.3205 0.3205 0.342 0.342 0.3425 0.3425 0.306 0.306 0.306 0.3 0.3 0.308 0.308 0.3125 0.3125 0.3125 0.346
0.3185 0.3185 0.3145 0.3145 0.314 0.314 0.311 0.311 0.311 0.301 0.301 0.2995 0.2995 0.3115 0.3115 0.3315 0.3315 0.3315 0.35 0.35 0.373 0.373 0.405 0.405 0.405 0.375 0.375 0.341 0.341 0.3705 0.3705 0.3705 0.398 0.398 0.4386 0.4386 0.4075 0.4075 0.4075 0.387 0.387 0.384 0.384 0.424 0.424 0.424 0.3705 0.3705 0.387 0.387 0.4155 0.4155 0.3945 0.3945 0.3945 0.3745 0.3745 0.3905 0.3905 0.3205 0.3205 0.3205 0.342 0.342 0.3425 0.3425 0.306 0.306 0.306 0.3 0.3 0.308 0.308 0.3125 0.3125 0.3125 0.346
0.3215 0.3215 0.305 0.305 0.2975 0.2975 0.3055 0.3055 0.3055 0.345 0.345 0.325 0.325 0.331 0.331 0.3545 0.3545 0.3545 0.3765 0.3765 0.3815 0.3815 0.3765 0.3765 0.3765 0.3915 0.3915 0.347 0.347 0.38 0.38 0.38 0.414 0.414 0.411 0.411 0.3795 0.3795 0.3795 0.3465 0.3465 0.364 0.364 0.363 0.363 0.363 0.3225 0.3225 0.314 0.314 0.395 0.395 0.316 0.316 0.316 0.3575 0.3575 0.373 0.373 0.3805 0.3805 0.3805 0.3565 0.3565 0.3875 0.3875 0.3075 0.3075 0.3075 0.301 0.301 0.2385 0.2385 0.2775 0.2775 0.2775 0.357
0.3215 0.3215 0.305 0.305 0.2975 0.2975 0.3055 0.3055 0.3055 0.345 0.345 0.325 0.325 0.331 0.331 0.3545 0.3545 0.3545 0.3765 0.3765 0.3815 0.3815 0.3765 0.3765 0.3765 0.3915 0.3915 0.347 0.347 0.38 0.38 0.38 0.414 0.414 0.411 0.411 0.3795 0.3795 0.3795 0.3465 0.3465 0.364 0.364 0.363 0.363 0.363 0.3225 0.3225 0.314 0.314 0.395 0.395 0.316 0.316 0.316 0.3575 0.3575 0.373 0.373 0.3805 0.3805 0.3805 0.3565 0.3565 0.3875 0.3875 0.3075 0.3075 0.3075 0.301 0.301 0.2385 0.2385 0.2775 0.2775 0.2775 0.357
0.3015 0.3015 0.294 0.294 0.2535 0.2535 0.31 0.31 0.31 0.327 0.327 0.33 0.33 0.3235 0.3235 0.3005 0.3005 0.3005 0.3055 0.3055 0.322 0.322 0.364 0.364 0.364 0.366 0.366 0.3875 0.3875 0.3565 0.3565 0.3565 0.3835 0.3835 0.3915 0.3915 0.392 0.392 0.392 0.3365 0.3365 0.3395 0.3395 0.375 0.375 0.375 0.32 0.32 0.3615 0.3615 0.3965 0.3965 0.3645 0.3645 0.3645 0.388 0.388 0.4355 0.4355 0.416 0.416 0.416 0.3855 0.3855 0.3925 0.3925 0.403 0.403 0.403 0.393 0.393 0.4035 0.4035 0.3035 0.3035 0.3035 0.349
0.3015 0.3015 0.294 0.294 0.2535 0.2535 0.31 0.31 0.31 0.327 0.327 0.33 0.33 0.3235 0.3235 0.3005 0.3005 0.3005 0.3055 0.3055 0.322 0.322 0.364 0.364 0.364 0.366 0.366 0.3875 0.3875 0.3565 0.3565 0.3565 0.3835 0.3835 0.3915 0.3915 0.392 0.392 0.392 0.3365 0.3365 0.3395 0.3395 0.375 0.375 0.375 0.32 0.32 0.3615 0.3615 0.3965 0.3965 0.3645 0.3645 0.3645 0.388 0.388 0.4355 0.4355 0.416 0.416 0.416 0.3855 0.3855 0.3925 0.3925 0.403 0.403 0.403 0.393 0.393 0.4035 0.4035 0.3035 0.3035 0.3035 0.349
0.3015 0.3015 0.294 0.294 0.2535 0.2535 0.31 0.31 0.31 0.327 0.327 0.33 0.33 0.3235 0.3235 0.3005 0.3005 0.3005 0.3055 0.3055 0.322 0.322 0.364 0.364 0.364 0.366 0.366 0.3875 0.3875 0.3565 0.3565 0.3565 0.3835 0.3835 0.3915 0.3915 0.392 0.392 0.392 0.3365 0.3365 0.3395 0.3395 0.375 0.375 0.375 0.32 0.32 0.3615 0.3615 0.3965 0.3965 0.3645 0.3645 0.3645 0.388 0.388 0.4355 0.4355 0.416 0.416 0.416 0.3855 0.3855 0.3925 0.3925 0.403 0.403 0.403 0.393 0.393 0.4035 0.4035 0.3035 0.3035 0.3035 0.349
0.3225 0.3225 0.3275 0.3275 0.2935 0.2935 0.3445 0.3445 0.3445 0.3705 0.3705 0.354 0.354 0.334 0.334 0.358 0.358 0.358 0.3605 0.3605 0.399 0.399 0.386 0.386 0.386 0.369 0.369 0.412 0.412 0.438 0.438 0.438 0.433 0.433 0.4655 0.4655 0.3805 0.3805 0.3805 0.434 0.434 0.3405 0.3405 0.354 0.354 0.354 0.319 0.319 0.399 0.399 0.4355 0.4355 0.449 0.449 0.449 0.4085 0.4085 0.3795 0.3795 0.426 0.426 0.426 0.383 0.383 0.3865 0.3865 0.3835 0.3835 0.3835 0.389 0.389 0.3305 0.3305 0.335 0.335 0.335 0.35
0.3225 0.3225 0.3275 0.3275 0.2935 0.2935 0.3445 0.3445 0.3445 0.3705 0.3705 0.354 0.354 0.334 0.334 0.358 0.358 0.358 0.3605 0.3605 0.399 0.399 0.386 0.386 0.386 0.369 0.369 0.412 0.412 0.438 0.438 0.438 0.433 0.433 0.4655 0.4655 0.3805 0.3805 0.3805 0.434 0.434 0.3405 0.3405 0.354 0.354 0.354 0.319 0.319 0.399 0.399 0.4355 0.4355 0.449 0.449 0.449 0.4085 0.4085 0.3795 0.3795 0.426 0.426 0.426 0.383 0.383 0.3865 0.3865 0.3835 0.3835 0.3835 0.389 0.389 0.3305 0.3305 0.335 0.335 0.335 0.35
0.3235 0.3235 0.35 0.35 0.3315 0.3315 0.3365 0.3365 0.3365 0.35 0.35 0.345 0.345 0.3795 0.3795 0.359 0.359 0.359 0.3695 0.3695 0.4075 0.4075 0.379 0.379 0.379 0.374 0.374 0.4075 0.4075 0.3935 0.3935 0.3935 0.405 0.405 0.454 0.454 0.4385 0.4385 0.4385 0.433 0.433 0.397 0.397 0.351 0.351 0.351 0.3615 0.3615 0.4 0.4 0.422 0.422 0.433 0.433 0.433 0.3915 0.3915 0.4125 0.4125 0.418 0.418 0.418 0.4145 0.4145 0.3835 0.3835 0.423 0.423 0.423 0.4155 0.4155 0.361 0.361 0.3945 0.3945 0.3945 0.3805
0.3235 0.3235 0.35 0.35 0.3315 0.3315 0.3365 0.3365 0.3365 0.35 0.35 0.345 0.345 0.3795 0.3795 0.359 0.359 0.359 0.3695 0.3695 0.4075 0.4075 0.379 0.379 0.379 0.374 0.374 0.4075 0.4075 0.3935 0.3935 0.3935 0.405 0.405 0.454 0.454 0.4385 0.4385 0.4385 0.433 0.433 0.397 0.397 0.351 0.351 0.351 0.3615 0.3615 0.4 0.4 0.422 0.422 0.433 0.433 0.433 0.3915 0.3915 0.4125 0.4125 0.418 0.418 0.418 0.4145 0.4145 0.3835 0.3835 0.423 0.423 0.423 0.4155 0.4155 0.361 0.361 0.3945 0.3945 0.3945 0.3805
0.3185 0.3185 0.322 0.322 0.308 0.308 0.311 0.311 0.311 0.3445 0.3445 0.336 0.336 0.3745 0.3745 0.412 0.412 0.412 0.404 0.404 0.397 0.397 0.3955 0.3955 0.3955 0.372 0.372 0.3995 0.3995 0.389 0.389 0.389 0.389 0.389 0.4345 0.4345 0.4405 0.4405 0.4405 0.427 0.427 0.399 0.399 0.3945 0.3945 0.3945 0.406 0.406 0.4465 0.4465 0.4265 0.4265 0.443 0.443 0.443 0.4175 0.4175 0.417 0.417 0.4295 0.4295 0.4295 0.397 0.397 0.3975 0.3975 0.4005 0.4005 0.4005 0.409 0.409 0.47 0.47 0.4605 0.4605 0.4605 0.4245
0.3185 0.3185 0.322 0.322 0.308 0.308 0.311 0.311 0.311 0.3445 0.3445 0.336 0.336 0.3745 0.3745 0.412 0.412 0.412 0.404 0.404 0.397 0.397 0.3955 0.3955 0.3955 0.372 0.372 0.3995 0.3995 0.389 0.389 0.389 0.389 0.389 0.4345 0.4345 0.4405 0.4405 0.4405 0.427 0.427 0.399 0.399 0.3945 0.3945 0.3945 0.406 0.406 0.4465 0.4465 0.4265 0.4265 0.443 0.443 0.443 0.4175 0.4175 0.417 0.417 0.4295 0.4295 0.4295 0.397 0.397 0.3975 0.3975 0.4005 0.4005 0.4005 0.409 0.409 0.47 0.47 0.4605 0.4605 0.4605 0.4245
0.3185 0.3185 0.322 0.322 0.308 0.308 0.311 0.311 0.311 0.3445 0.3445 0.336 0.336 0.3745 0.3745 0.412 0.412 0.412 0.404 0.404 0.397 0.397 0.3955 0.3955 0.3955 0.372 0.372 0.3995 0.3995 0.389 0.389 0.389 0.389 0.389 0.4345 0.4345 0.4405 0.4405 0.4405 0.427 0.427 0.399 0.399 0.3945 0.3945 0.3945 0.406 0.406 0.4465 0.4465 0.4265 0.4265 0.443 0.443 0.443 0.4175 0.4175 0.417 0.417 0.4295 0.4295 0.4295 0.397 0.397 0.3975 0.3975 0.4005 0.4005 0.4005 0.409 0.409 0.47 0.47 0.4605 0.4605 0.4605 0.4245
0.287 0.287 0.283 0.283 0.3295 0.3295 0.3085 0.3085 0.3085 0.3425 0.3425 0.332 0.332 0.353 0.353 0.368 0.368 0.368 0.4025 0.4025 0.424 0.424 0.3965 0.3965 0.3965 0.3735 0.3735 0.408 0.408 0.4075 0.4075 0.4075 0.443 0.443 0.441 0.441 0.4395 0.4395 0.4395 0.4275 0.4275 0.419 0.419 0.4525 0.4525 0.4525 0.4565 0.4565 0.489 0.489 0.507 0.507 0.521 0.521 0.521 0.427 0.427 0.469 0.469 0.413 0.413 0.413 0.402 0.402 0.4065 0.4065 0.3485 0.3485 0.3485 0.419 0.419 0.3665 0.3665 0.372 0.372 0.372 0.4475
0.287 0.287 0.283 0.283 0.3295 0.3295 0.3085 0.3085 0.3085 0.3425 0.3425 0.332 0.332 0.353 0.353 0.368 0.368 0.368 0.4025 0.4025 0.424 0.424 0.3965 0.3965 0.3965 0.3735 0.3735 0.408 0.408 0.4075 0.4075 0.4075 0.443 0.443 0.441 0.441 0.4395 0.4395 0.4395 0.4275 0.4275 0.419 0.419 0.4525 0.4525 0.4525 0.4565 0.4565 0.489 0.489 0.507 0.507 0.521 0.521 0.521 0.427 0.427 0.469 0.469 0.413 0.413 0.413 0.402 0.402 0.4065 0.4065 0.3485 0.3485 0.3485 0.419 0.419 0.3665 0.3665 0.372 0.372 0.372 0.4475
0.3665 0.3665 0.398 0.398 0.3805 0.3805 0.3925 0.3925 0.3925 0.3845 0.3845 0.361 0.361 0.366 0.366 0.38 0.38 0.38 0.357 0.357 0.4035 0.4035 0.43 0.43 0.43 0.478 0.478 0.5005 0.5005 0.4265 0.4265 0.4265 0.4135 0.4135 0.4645 0.4645 0.466 0.466 0.466 0.507 0.507 0.519 0.519 0.5125 0.5125 0.5125 0.5325 0.5325 0.511 0.511 0.5395 0.5395 0.5495 0.5495 0.5495 0.5005 0.5005 0.4505 0.4505 0.469 0.469 0.469 0.5235 0.5235 0.5045 0.5045 0.496 0.496 0.496 0.428 0.428 0.4955 0.4955 0.486 0.486 0.486 0.459
0.3665 0.3665 0.398 0.398 0.3805 0.3805 0.3925 0.3925 0.3925 0.3845 0.3845 0.361 0.361 0.366 0.366 0.38 0.38 0.38 0.357 0.357 0.4035 0.4035 0.43 0.43 0.43 0.478 0.478 0.5005 0.5005 0.4265 0.4265 0.4265 0.4135 0.4135 0.4645 0.4645 0.466 0.466 0.466 0.507 0.507 0.519 0.519 0.5125 0.5125 0.5125 0.5325 0.5325 0.511 0.511 0.5395 0.5395 0.5495 0.5495 0.5495 0.5005 0.5005 0.4505 0.4505 0.469 0.469 0.469 0.5235 0.5235 0.5045 0.5045 0.496 0.496 0.496 0.428 0.428 0.4955 0.4955 0.486 0.486 0.486 0.459
0.335 0.335 0.371 0.371 0.3565 0.3565 0.388 0.388 0.388 0.3685 0.3685 0.3685 0.3685 0.392 0.392 0.388 0.388 0.388 0.343 0.343 0.3585 0.3585 0.4645 0.4645 0.4645 0.4355 0.4355 0.4565 0.4565 0.4745 0.4745 0.4745 0.478 0.478 0.465 0.465 0.518 0.518 0.518 0.504 0.504 0.513 0.513 0.528 0.528 0.528 0.5145 0.5145 0.5435 0.5435 0.554 0.554 0.569 0.569 0.569 0.527 0.527 0.522 0.522 0.4955 0.4955 0.4955 0.519 0.519 0.5255 0.5255 0.4995 0.4995 0.4995 0.503 0.503 0.4915 0.4915 0.49 0.49 0.49 0.521
0.335 0.335 0.371 0.371 0.3565 0.3565 0.388 0.388 0.388 0.3685 0.3685 0.3685 0.3685 0.392 0.392 0.388 0.388 0.388 0.343 0.343 0.3585 0.3585 0.4645 0.4645 0.4645 0.4355 0.4355 0.4565 0.4565 0.4745 0.4745 0.4745 0.478 0.478 0.465 0.465 0.518 0.518 0.518 0.504 0.504 0.513 0.513 0.528 0.528 0.528 0.5145 0.5145 0.5435 0.5435 0.554 0.554 0.569 0.569 0.569 0.527 0.527 0.522 0.522 0.4955 0.4955 0.4955 0.519 0.519 0.5255 0.5255 0.4995 0.4995 0.4995 0.503 0.503 0.4915 0.4915 0.49 0.49 0.49 0.521
0.3455 0.3455 0.3545 0.3545 0.3695 0.3695 0.3765 0.3765 0.3765 0.3785 0.3785 0.396 0.396 0.38 0.38 0.392 0.392 0.392 0.394 0.394 0.489 0.489 0.458 0.458 0.458 0.514 0.514 0.5085 0.5085 0.4795 0.4795 0.4795 0.462 0.462 0.493 0.493 0.4845 0.4845 0.4845 0.489 0.489 0.5065 0.5065 0.546 0.546 0.546 0.538 0.538 0.53 0.53 0.5495 0.5495 0.594 0.594 0.594 0.5205 0.5205 0.4705 0.4705 0.545 0.545 0.545 0.5065 0.5065 0.4905 0.4905 0.4925 0.4925 0.4925 0.447 0.447 0.4695 0.4695 0.486 0.486 0.486 0.469
0.3455 0.3455 0.3545 0.3545 0.3695 0.3695 0.3765 0.3765 0.3765 0.3785 0.3785 0.396 0.396 0.38 0.38 0.392 0.392 0.392 0.394 0.394 0.489 0.489 0.458 0.458 0.458 0.514 0.514 0.5085 0.5085 0.4795 0.4795 0.4795 0.462 0.462 0.493 0.493 0.4845 0.4845 0.4845 0.489 0.489 0.5065 0.5065 0.546 0.546 0.546 0.538 0.538 0.53 0.53 0.5495 0.5495 0.594 0.594 0.594 0.5205 0.5205 0.4705 0.4705 0.545 0.545 0.545 0.5065 0.5065 0.4905 0.4905 0.4925 0.4925 0.4925 0.447 0.447 0.4695 0.4695 0.486 0.486 0.486 0.469
0.3455 0.3455 0.3545 0.3545 0.3695 0.3695 0.3765 0.3765 0.3765 0.3785 0.3785 0.396 0.396 0.38 0.38 0.392 0.392 0.392 0.394 0.394 0.489 0.489 0.458 0.458 0.458 0.514 0.514 0.5085 0.5085 0.4795 0.4795 0.4795 0.462 0.462 0.493 0.493 0.4845 0.4845 0.4845 0.489 0.489 0.5065 0.5065 0.546 0.546 0.546 0.538 0.538 0.53 0.53 0.5495 0.5495 0.594 0.594 0.594 0.5205 0.5205 0.4705 0.4705 0.545 0.545 0.545 0.5065 0.5065 0.4905 0.4905 0.4925 0.4925 0.4925 0.447 0.447 0.4695 0.4695 0.486 0.486 0.486 0.469
0.3305 0.3305 0.368 0.368 0.3795 0.3795 0.4105 0.4105 0.4105 0.427 0.427 0.4005 0.4005 0.4 0.4 0.393 0.393 0.393 0.4485 0.4485 0.4645 0.4645 0.4855 0.4855 0.4855 0.4975 0.4975 0.5415 0.5415 0.5295 0.5295 0.5295 0.4855 0.4855 0.479 0.479 0.4545 0.4545 0.4545 0.5065 0.5065 0.5095 0.5095 0.516 0.516 0.516 0.5515 0.5515 0.5495 0.5495 0.5775 0.5775 0.578 0.578 0.578 0.489 0.489 0.469 0.469 0.4895 0.4895 0.4895 0.47 0.47 0.4215 0.4215 0.493 0.493 0.493 0.4925 0.4925 0.4955 0.4955 0.4575 0.4575 0.4575 0.5195
0.3305 0.3305 0.368 0.368 0.3795 0.3795 0.4105 0.4105 0.4105 0.427 0.427 0.4005 0.4005 0.4 0.4 0.393 0.393 0.393 0.4485 0.4485 0.4645 0.4645 0.4855 0.4855 0.4855 0.4975 0.4975 0.5415 0.5415 0.5295 0.5295 0.5295 0.4855 0.4855 0.479 0.479 0.4545 0.4545 0.4545 0.5065 0.5065 0.5095 0.5095 0.516 0.516 0.516 0.5515 0.5515 0.5495 0.5495 0.5775 0.5775 0.578 0.578 0.578 0.489 0.489 0.469 0.469 0.4895 0.4895 0.4895 0.47 0.47 0.4215 0.4215 0.493 0.493 0.493 0.4925 0.4925 0.4955 0.4955 0.4575 0.4575 0.4575 0.5195
0.377 0.377 0.3755 0.3755 0.401 0.401 0.4025 0.4025 0.4025 0.4335 0.4335 0.429 0.429 0.4165 0.4165 0.4355 0.4355 0.4355 0.473 0.473 0.471 0.471 0.4985 0.4985 0.4985 0.535 0.535 0.5765 0.5765 0.504 0.504 0.504 0.496 0.496 0.5095 0.5095 0.499 0.499 0.499 0.509 0.509 0.5225 0.5225 0.4995 0.4995 0.4995 0.505 0.505 0.5635 0.5635 0.573 0.573 0.5885 0.5885 0.5885 0.5675 0.5675 0.532 0.532 0.451 0.451 0.451 0.427 0.427 0.399 0.399 0.389 0.389 0.389 0.4696 0.4696 0.5116 0.5116 0.5125 0.5125 0.5125 0.5256
0.377 0.377 0.3755 0.3755 0.401 0.401 0.4025 0.4025 0.4025 0.4335 0.4335 0.429 0.429 0.4165 0.4165 0.4355 0.4355 0.4355 0.473 0.473 0.471 0.471 0.4985 0.4985 0.4985 0.535 0.535 0.5765 0.5765 0.504 0.504 0.504 0.496 0.496 0.5095 0.5095 0.499 0.499 0.499 0.509 0.509 0.5225 0.5225 0.4995 0.4995 0.4995 0.505 0.505 0.5635 0.5635 0.573 0.573 0.5885 0.5885 0.5885 0.5675 0.5675 0.532 0.532 0.451 0.451 0.451 0.427 0.427 0.399 0.399 0.389 0.389 0.389 0.4696 0.4696 0.5116 0.5116 0.5125 0.5125 0.5125 0.5256
0.3645 0.3645 0.3775 0.3775 0.4145 0.4145 0.4125 0.4125 0.4125 0.4195 0.4195 0.4305 0.4305 0.4525 0.4525 0.4425 0.4425 0.4425 0.4605 0.4605 0.492 0.492 0.5425 0.5425 0.5425 0.5355 0.5355 0.5265 0.5265 0.5 0.5 0.5 0.4845 0.4845 0.532 0.532 0.528 0.528 0.528 0.551 0.551 0.5635 0.5635 0.556 0.556 0.556 0.5775 0.5775 0.551 0.551 0.5585 0.5585 0.604 0.604 0.604 0.597 0.597 0.5695 0.5695 0.5605 0.5605 0.5605 0.5731 0.5731 0.5685 0.5685 0.4385 0.4385 0.4385 0.4245 0.4245 0.419 0.419 0.504 0.504 0.504 0.517
0.3645 0.3645 0.3775 0.3775 0.4145 0.4145 0.4125 0.4125 0.4125 0.4195 0.4195 0.4305 0.4305 0.4525 0.4525 0.4425 0.4425 0.4425 0.4605 0.4605 0.492 0.492 0.5425 0.5425 0.5425 0.5355 0.5355 0.5265 0.5265 0.5 0.5 0.5 0.4845 0.4845 0.532 0.532 0.528 0.528 0.528 0.551 0.551 0.5635 0.5635 0.556 0.556 0.556 0.5775 0.5775 0.551 0.551 0.5585 0.5585 0.604 0.604 0.604 0.597 0.597 0.5695 0.5695 0.5605 0.5605 0.5605 0.5731 0.5731 0.5685 0.5685 0.4385 0.4385 0.4385 0.4245 0.4245 0.419 0.419 0.504 0.504 0.504 0.517
0.3645 0.3645 0.3775 0.3775 0.4145 0.4145 0.4125 0.4125 0.4125 0.4195 0.4195 0.4305 0.4305 0.4525 0.4525 0.4425 0.4425 0.4425 0.4605 0.4605 0.492 0.492 0.5425 0.5425 0.5425 0.5355 0.5355 0.5265 0.5265 0.5 0.5 0.5 0.4845 0.4845 0.532 0.532 0.528 0.528 0.528 0.551 0.551 0.5635 0.5635 0.556 0.556 0.556 0.5775 0.5775 0.551 0.551 0.5585 0.5585 0.604 0.604 0.604 0.597 0.597 0.5695 0.5695 0.5605 0.5605 0.5605 0.5731 0.5731 0.5685 0.5685 0.4385 0.4385 0.4385 0.4245 0.4245 0.419 0.419 0.504 0.504 0.504 0.517
