ndvi/NOAA-233.asc
ncols         252
nrows         154
xllcorner     -18.017974
yllcorner     13.481982
cellsize      0.035948
NODATA_value  -9999
[rows 102 to 135 of 154, columns 154 to 230 of 252]
0.267 0.2655 0.2655 0.2715 0.2715 0.2715 0.2065 0.2065 0.2195 0.2195 0.23 0.23 0.2405 0.2405 0.2405 0.2495 0.2495 0.247 0.247 0.2455 0.2455 0.2455 0.243 0.243 0.2235 0.2235 0.242 0.242 0.242 0.2415 0.2415 0.2475 0.2475 0.2335 0.2335 0.2335 0.2295 0.2295 0.222 0.222 0.2375 0.2375 0.2375 0.234 0.234 0.24 0.24 0.24 0.24 0.224 0.224 0.224 0.2285 0.2285 0.2075 0.2075 0.236 0.236 0.236 0.2435 0.2435 0.2385 0.2385 0.2505 0.2505 0.2505 0.253 0.253 0.2285 0.2285 0.219 0.219 0.219 0.226 0.226 0.23 0.23
0.26 0.267 0.267 0.247 0.247 0.247 0.2325 0.2325 0.2345 0.2345 0.2525 0.2525 0.249 0.249 0.249 0.2395 0.2395 0.2385 0.2385 0.258 0.258 0.258 0.242 0.242 0.219 0.219 0.242 0.242 0.242 0.246 0.246 0.2455 0.2455 0.237 0.237 0.237 0.229 0.229 0.2325 0.2325 0.2425 0.2425 0.2425 0.257 0.257 0.246 0.246 0.2495 0.2495 0.267 0.267 0.267 0.251 0.251 0.244 0.244 0.2745 0.2745 0.2745 0.2285 0.2285 0.2455 0.2455 0.2495 0.2495 0.2495 0.256 0.256 0.259 0.259 0.2475 0.2475 0.2475 0.2405 0.2405 0.2115 0.2115
0.26 0.267 0.267 0.247 0.247 0.247 0.2325 0.2325 0.2345 0.2345 0.2525 0.2525 0.249 0.249 0.249 0.2395 0.2395 0.2385 0.2385 0.258 0.258 0.258 0.242 0.242 0.219 0.219 0.242 0.242 0.242 0.246 0.246 0.2455 0.2455 0.237 0.237 0.237 0.229 0.229 0.2325 0.2325 0.2425 0.2425 0.2425 0.257 0.257 0.246 0.246 0.2495 0.2495 0.267 0.267 0.267 0.251 0.251 0.244 0.244 0.2745 0.2745 0.2745 0.2285 0.2285 0.2455 0.2455 0.2495 0.2495 0.2495 0.256 0.256 0.259 0.259 0.2475 0.2475 0.2475 0.2405 0.2405 0.2115 0.2115
0.26 0.267 0.267 0.247 0.247 0.247 0.2325 0.2325 0.2345 0.2345 0.2525 0.2525 0.249 0.249 0.249 0.2395 0.2395 0.2385 0.2385 0.258 0.258 0.258 0.242 0.242 0.219 0.219 0.242 0.242 0.242 0.246 0.246 0.2455 0.2455 0.237 0.237 0.237 0.229 0.229 0.2325 0.2325 0.2425 0.2425 0.2425 0.257 0.257 0.246 0.246 0.2495 0.2495 0.267 0.267 0.267 0.251 0.251 0.244 0.244 0.2745 0.2745 0.2745 0.2285 0.2285 0.2455 0.2455 0.2495 0.2495 0.2495 0.256 0.256 0.259 0.259 0.2475 0.2475 0.2475 0.2405 0.2405 0.2115 0.2115
0.26 0.2555 0.2555 0.2515 0.2515 0.2515 0.2375 0.2375 0.2445 0.2445 0.275 0.275 0.2755 0.2755 0.2755 0.2395 0.2395 0.2185 0.2185 0.2205 0.2205 0.2205 0.216 0.216 0.229 0.229 0.233 0.233 0.233 0.2795 0.2795 0.2765 0.2765 0.2735 0.2735 0.2735 0.269 0.269 0.2545 0.2545 0.243 0.243 0.243 0.257 0.257 0.2505 0.2505 0.2385 0.2385 0.2485 0.2485 0.2485 0.2695 0.2695 0.289 0.289 0.263 0.263 0.263 0.249 0.249 0.2295 0.2295 0.23 0.23 0.23 0.237 0.237 0.237 0.237 0.247 0.247 0.247 0.2685 0.2685 0.258 0.258
0.26 0.2555 0.2555 0.2515 0.2515 0.2515 0.2375 0.2375 0.2445 0.2445 0.275 0.275 0.2755 0.2755 0.2755 0.2395 0.2395 0.2185 0.2185 0.2205 0.2205 0.2205 0.216 0.216 0.229 0.229 0.233 0.233 0.233 0.2795 0.2795 0.2765 0.2765 0.2735 0.2735 0.2735 0.269 0.269 0.2545 0.2545 0.243 0.243 0.243 0.257 0.257 0.2505 0.2505 0.2385 0.2385 0.2485 0.2485 0.2485 0.2695 0.2695 0.289 0.289 0.263 0.263 0.263 0.249 0.249 0.2295 0.2295 0.23 0.23 0.23 0.237 0.237 0.237 0.237 0.247 0.247 0.247 0.2685 0.2685 0.258 0.258
0.237 0.2535 0.2535 0.271 0.271 0.271 0.285 0.285 0.272 0.272 0.271 0.271 0.27 0.27 0.27 0.2675 0.2675 0.24 0.24 0.24 0.24 0.24 0.237 0.237 0.245 0.245 0.272 0.272 0.272 0.2975 0.2975 0.284 0.284 0.292 0.292 0.292 0.299 0.299 0.2795 0.2795 0.255 0.255 0.255 0.264 0.264 0.2715 0.2715 0.252 0.252 0.2405 0.2405 0.2405 0.2605 0.2605 0.29 0.29 0.2675 0.2675 0.2675 0.258 0.258 0.262 0.262 0.259 0.259 0.259 0.269 0.269 0.2565 0.2565 0.2785 0.2785 0.2785 0.298 0.298 0.2815 0.2815
0.237 0.2535 0.2535 0.271 0.271 0.271 0.285 0.285 0.272 0.272 0.271 0.271 0.27 0.27 0.27 0.2675 0.2675 0.24 0.24 0.24 0.24 0.24 0.237 0.237 0.245 0.245 0.272 0.272 0.272 0.2975 0.2975 0.284 0.284 0.292 0.292 0.292 0.299 0.299 0.2795 0.2795 0.255 0.255 0.255 0.264 0.264 0.2715 0.2715 0.252 0.252 0.2405 0.2405 0.2405 0.2605 0.2605 0.29 0.29 0.2675 0.2675 0.2675 0.258 0.258 0.262 0.262 0.259 0.259 0.259 0.269 0.269 0.2565 0.2565 0.2785 0.2785 0.2785 0.298 0.298 0.2815 0.2815
0.225 0.271 0.271 0.259 0.259 0.259 0.274 0.274 0.268 0.268 0.275 0.275 0.276 0.276 0.276 0.265 0.265 0.24 0.24 0.2385 0.2385 0.2385 0.255 0.255 0.2735 0.2735 0.2755 0.2755 0.2755 0.29 0.29 0.279 0.279 0.324 0.324 0.324 0.291 0.291 0.2775 0.2775 0.259 0.259 0.259 0.2795 0.2795 0.275 0.275 0.2685 0.2685 0.2385 0.2385 0.2385 0.2875 0.2875 0.2995 0.2995 0.309 0.309 0.309 0.2935 0.2935 0.2545 0.2545 0.267 0.267 0.267 0.276 0.276 0.291 0.291 0.2965 0.2965 0.2965 0.293 0.293 0.293 0.293
0.225 0.271 0.271 0.259 0.259 0.259 0.274 0.274 0.268 0.268 0.275 0.275 0.276 0.276 0.276 0.265 0.265 0.24 0.24 0.2385 0.2385 0.2385 0.255 0.255 0.2735 0.2735 0.2755 0.2755 0.2755 0.29 0.29 0.279 0.279 0.324 0.324 0.324 0.291 0.291 0.2775 0.2775 0.259 0.259 0.259 0.2795 0.2795 0.275 0.275 0.2685 0.2685 0.2385 0.2385 0.2385 0.2875 0.2875 0.2995 0.2995 0.309 0.309 0.309 0.2935 0.2935 0.2545 0.2545 0.267 0.267 0.267 0.276 0.276 0.291 0.291 0.2965 0.2965 0.2965 0.293 0.293 0.293 0.293
0.225 0.271 0.271 0.259 0.259 0.259 0.274 0.274 0.268 0.268 0.275 0.275 0.276 0.276 0.276 0.265 0.265 0.24 0.24 0.2385 0.2385 0.2385 0.255 0.255 0.2735 0.2735 0.2755 0.2755 0.2755 0.29 0.29 0.279 0.279 0.324 0.324 0.324 0.291 0.291 0.2775 0.2775 0.259 0.259 0.259 0.2795 0.2795 0.275 0.275 0.2685 0.2685 0.2385 0.2385 0.2385 0.2875 0.2875 0.2995 0.2995 0.309 0.309 0.309 0.2935 0.2935 0.2545 0.2545 0.267 0.267 0.267 0.276 0.276 0.291 0.291 0.2965 0.2965 0.2965 0.293 0.293 0.293 0.293
0.2505 0.258 0.258 0.2625 0.2625 0.2625 0.267 0.267 0.2565 0.2565 0.283 0.283 0.2795 0.2795 0.2795 0.2805 0.2805 0.2885 0.2885 0.298 0.298 0.298 0.2735 0.2735 0.2785 0.2785 0.2985 0.2985 0.2985 0.282 0.282 0.2825 0.2825 0.2785 0.2785 0.2785 0.2735 0.2735 0.26 0.26 0.264 0.264 0.264 0.265 0.265 0.2855 0.2855 0.25 0.25 0.261 0.261 0.261 0.2765 0.2765 0.296 0.296 0.293 0.293 0.293 0.286 0.286 0.2835 0.2835 0.2785 0.2785 0.2785 0.2665 0.2665 0.2825 0.2825 0.2765 0.2765 0.2765 0.273 0.273 0.2675 0.2675
0.2505 0.258 0.258 0.2625 0.2625 0.2625 0.267 0.267 0.2565 0.2565 0.283 0.283 0.2795 0.2795 0.2795 0.2805 0.2805 0.2885 0.2885 0.298 0.298 0.298 0.2735 0.2735 0.2785 0.2785 0.2985 0.2985 0.2985 0.282 0.282 0.2825 0.2825 0.2785 0.2785 0.2785 0.2735 0.2735 0.26 0.26 0.264 0.264 0.264 0.265 0.265 0.2855 0.2855 0.25 0.25 0.261 0.261 0.261 0.2765 0.2765 0.296 0.296 0.293 0.293 0.293 0.286 0.286 0.2835 0.2835 0.2785 0.2785 0.2785 0.2665 0.2665 0.2825 0.2825 0.2765 0.2765 0.2765 0.273 0.273 0.2675 0.2675
0.2455 0.2355 0.2355 0.261 0.261 0.261 0.2715 0.2715 0.272 0.272 0.2655 0.2655 0.2615 0.2615 0.2615 0.2795 0.2795 0.2815 0.2815 0.2835 0.2835 0.2835 0.265 0.265 0.264 0.264 0.2875 0.2875 0.2875 0.302 0.302 0.2845 0.2845 0.315 0.315 0.315 0.2825 0.2825 0.257 0.257 0.271 0.271 0.271 0.2725 0.2725 0.2675 0.2675 0.247 0.247 0.291 0.291 0.291 0.273 0.273 0.2905 0.2905 0.2955 0.2955 0.2955 0.3185 0.3185 0.28 0.28 0.2725 0.2725 0.2725 0.2825 0.2825 0.2775 0.2775 0.2775 0.2775 0.2775 0.3 0.3 0.2985 0.2985
0.2455 0.2355 0.2355 0.261 0.261 0.261 0.2715 0.2715 0.272 0.272 0.2655 0.2655 0.2615 0.2615 0.2615 0.2795 0.2795 0.2815 0.2815 0.2835 0.2835 0.2835 0.265 0.265 0.264 0.264 0.2875 0.2875 0.2875 0.302 0.302 0.2845 0.2845 0.315 0.315 0.315 0.2825 0.2825 0.257 0.257 0.271 0.271 0.271 0.2725 0.2725 0.2675 0.2675 0.247 0.247 0.291 0.291 0.291 0.273 0.273 0.2905 0.2905 0.2955 0.2955 0.2955 0.3185 0.3185 0.28 0.28 0.2725 0.2725 0.2725 0.2825 0.2825 0.2775 0.2775 0.2775 0.2775 0.2775 0.3 0.3 0.2985 0.2985
0.249 0.2565 0.2565 0.2755 0.2755 0.2755 0.271 0.271 0.264 0.264 0.264 0.264 0.2725 0.2725 0.2725 0.27 0.27 0.272 0.272 0.2715 0.2715 0.2715 0.266 0.266 0.265 0.265 0.271 0.271 0.271 0.274 0.274 0.2555 0.2555 0.2825 0.2825 0.2825 0.283 0.283 0.265 0.265 0.2815 0.2815 0.2815 0.2605 0.2605 0.302 0.302 0.2905 0.2905 0.321 0.321 0.321 0.3015 0.3015 0.288 0.288 0.3105 0.3105 0.3105 0.296 0.296 0.32 0.32 0.3235 0.3235 0.3235 0.307 0.307 0.3315 0.3315 0.336 0.336 0.336 0.32 0.32 0.306 0.306
0.249 0.2565 0.2565 0.2755 0.2755 0.2755 0.271 0.271 0.264 0.264 0.264 0.264 0.2725 0.2725 0.2725 0.27 0.27 0.272 0.272 0.2715 0.2715 0.2715 0.266 0.266 0.265 0.265 0.271 0.271 0.271 0.274 0.274 0.2555 0.2555 0.2825 0.2825 0.2825 0.283 0.283 0.265 0.265 0.2815 0.2815 0.2815 0.2605 0.2605 0.302 0.302 0.2905 0.2905 0.321 0.321 0.321 0.3015 0.3015 0.288 0.288 0.3105 0.3105 0.3105 0.296 0.296 0.32 0.32 0.3235 0.3235 0.3235 0.307 0.307 0.3315 0.3315 0.336 0.336 0.336 0.32 0.32 0.306 0.306
0.249 0.2565 0.2565 0.2755 0.2755 0.2755 0.271 0.271 0.264 0.264 0.264 0.264 0.2725 0.2725 0.2725 0.27 0.27 0.272 0.272 0.2715 0.2715 0.2715 0.266 0.266 0.265 0.265 0.271 0.271 0.271 0.274 0.274 0.2555 0.2555 0.2825 0.2825 0.2825 0.283 0.283 0.265 0.265 0.2815 0.2815 0.2815 0.2605 0.2605 0.302 0.302 0.2905 0.2905 0.321 0.321 0.321 0.3015 0.3015 0.288 0.288 0.3105 0.3105 0.3105 0.296 0.296 0.32 0.32 0.3235 0.3235 0.3235 0.307 0.307 0.3315 0.3315 0.336 0.336 0.336 0.32 0.32 0.306 0.306
0.262 0.272 0.272 0.269 0.269 0.269 0.258 0.258 0.3015 0.3015 0.2855 0.2855 0.2885 0.2885 0.2885 0.2985 0.2985 0.3015 0.3015 0.275 0.275 0.275 0.282 0.282 0.2725 0.2725 0.268 0.268 0.268 0.262 0.262 0.2825 0.2825 0.2905 0.2905 0.2905 0.2725 0.2725 0.2705 0.2705 0.248 0.248 0.248 0.2805 0.2805 0.2835 0.2835 0.293 0.293 0.302 0.302 0.302 0.3185 0.3185 0.293 0.293 0.306 0.306 0.306 0.308 0.308 0.317 0.317 0.3465 0.3465 0.3465 0.326 0.326 0.338 0.338 0.328 0.328 0.328 0.31 0.31 0.2905 0.2905
0.262 0.272 0.272 0.269 0.269 0.269 0.258 0.258 0.3015 0.3015 0.2855 0.2855 0.2885 0.2885 0.2885 0.2985 0.2985 0.3015 0.3015 0.275 0.275 0.275 0.282 0.282 0.2725 0.2725 0.268 0.268 0.268 0.262 0.262 0.2825 0.2825 0.2905 0.2905 0.2905 0.2725 0.2725 0.2705 0.2705 0.248 0.248 0.248 0.2805 0.2805 0.2835 0.2835 0.293 0.293 0.302 0.302 0.302 0.3185 0.3185 0.293 0.293 0.306 0.306 0.306 0.308 0.308 0.317 0.317 0.3465 0.3465 0.3465 0.326 0.326 0.338 0.338 0.328 0.328 0.328 0.31 0.31 0.2905 0.2905
0.284 0.2775 0.2775 0.283 0.283 0.283 0.256 0.256 0.2825 0.2825 0.2975 0.2975 0.295 0.295 0.295 0.3085 0.3085 0.2985 0.2985 0.3065 0.3065 0.3065 0.2735 0.2735 0.2935 0.2935 0.2875 0.2875 0.2875 0.28 0.28 0.2805 0.2805 0.2745 0.2745 0.2745 0.282 0.282 0.2625 0.2625 0.261 0.261 0.261 0.29 0.29 0.301 0.301 0.3265 0.3265 0.309 0.309 0.309 0.322 0.322 0.307 0.307 0.3365 0.3365 0.3365 0.329 0.329 0.2925 0.2925 0.3095 0.3095 0.3095 0.312 0.312 0.3175 0.3175 0.3185 0.3185 0.3185 0.3145 0.3145 0.295 0.295
0.284 0.2775 0.2775 0.283 0.283 0.283 0.256 0.256 0.2825 0.2825 0.2975 0.2975 0.295 0.295 0.295 0.3085 0.3085 0.2985 0.2985 0.3065 0.3065 0.3065 0.2735 0.2735 0.2935 0.2935 0.2875 0.2875 0.2875 0.28 0.28 0.2805 0.2805 0.2745 0.2745 0.2745 0.282 0.282 0.2625 0.2625 0.261 0.261 0.261 0.29 0.29 0.301 0.301 0.3265 0.3265 0.309 0.309 0.309 0.322 0.322 0.307 0.307 0.3365 0.3365 0.3365 0.329 0.329 0.2925 0.2925 0.3095 0.3095 0.3095 0.312 0.312 0.3175 0.3175 0.3185 0.3185 0.3185 0.3145 0.3145 0.295 0.295
0.278 0.29 0.29 0.2675 0.2675 0.2675 0.2655 0.2655 0.2855 0.2855 0.295 0.295 0.2985 0.2985 0.2985 0.3075 0.3075 0.3195 0.3195 0.3005 0.3005 0.3005 0.3275 0.3275 0.2985 0.2985 0.2835 0.2835 0.2835 0.275 0.275 0.3005 0.3005 0.2745 0.2745 0.2745 0.2665 0.2665 0.255 0.255 0.2855 0.2855 0.2855 0.3075 0.3075 0.291 0.291 0.334 0.334 0.3425 0.3425 0.3425 0.3235 0.3235 0.338 0.338 0.306 0.306 0.306 0.3085 0.3085 0.2945 0.2945 0.307 0.307 0.307 0.3165 0.3165 0.2985 0.2985 0.338 0.338 0.338 0.3055 0.3055 0.304 0.304
0.278 0.29 0.29 0.2675 0.2675 0.2675 0.2655 0.2655 0.2855 0.2855 0.295 0.295 0.2985 0.2985 0.2985 0.3075 0.3075 0.3195 0.3195 0.3005 0.3005 0.3005 0.3275 0.3275 0.2985 0.2985 0.2835 0.2835 0.2835 0.275 0.275 0.3005 0.3005 0.2745 0.2745 0.2745 0.2665 0.2665 0.255 0.255 0.2855 0.2855 0.2855 0.3075 0.3075 0.291 0.291 0.334 0.334 0.3425 0.3425 0.3425 0.3235 0.3235 0.338 0.338 0.306 0.306 0.306 0.3085 0.3085 0.2945 0.2945 0.307 0.307 0.307 0.3165 0.3165 0.2985 0.2985 0.338 0.338 0.338 0.3055 0.3055 0.304 0.304
0.286 0.307 0.307 0.279 0.279 0.279 0.292 0.292 0.294 0.294 0.2935 0.2935 0.313 0.313 0.313 0.313 0.313 0.319 0.319 0.3025 0.3025 0.3025 0.3225 0.3225 0.31 0.31 0.286 0.286 0.286 0.288 0.288 0.303 0.303 0.2805 0.2805 0.2805 0.294 0.294 0.282 0.282 0.325 0.325 0.325 0.2995 0.2995 0.3285 0.3285 0.326 0.326 0.323 0.323 0.323 0.317 0.317 0.321 0.321 0.309 0.309 0.309 0.303 0.303 0.3085 0.3085 0.327 0.327 0.327 0.3385 0.3385 0.3545 0.3545 0.3275 0.3275 0.3275 0.3395 0.3395 0.334 0.334
0.286 0.307 0.307 0.279 0.279 0.279 0.292 0.292 0.294 0.294 0.2935 0.2935 0.313 0.313 0.313 0.313 0.313 0.319 0.319 0.3025 0.3025 0.3025 0.3225 0.3225 0.31 0.31 0.286 0.286 0.286 0.288 0.288 0.303 0.303 0.2805 0.2805 0.2805 0.294 0.294 0.282 0.282 0.325 0.325 0.325 0.2995 0.2995 0.3285 0.3285 0.326 0.326 0.323 0.323 0.323 0.317 0.317 0.321 0.321 0.309 0.309 0.309 0.303 0.303 0.3085 0.3085 0.327 0.327 0.327 0.3385 0.3385 0.3545 0.3545 0.3275 0.3275 0.3275 0.3395 0.3395 0.334 0.334
0.286 0.307 0.307 0.279 0.279 0.279 0.292 0.292 0.294 0.294 0.2935 0.2935 0.313 0.313 0.313 0.313 0.313 0.319 0.319 0.3025 0.3025 0.3025 0.3225 0.3225 0.31 0.31 0.286 0.286 0.286 0.288 0.288 0.303 0.303 0.2805 0.2805 0.2805 0.294 0.294 0.282 0.282 0.325 0.325 0.325 0.2995 0.2995 0.3285 0.3285 0.326 0.326 0.323 0.323 0.323 0.317 0.317 0.321 0.321 0.309 0.309 0.309 0.303 0.303 0.3085 0.3085 0.327 0.327 0.327 0.3385 0.3385 0.3545 0.3545 0.3275 0.3275 0.3275 0.3395 0.3395 0.334 0.334
0.291 0.299 0.299 0.275 0.275 0.275 0.2815 0.2815 0.296 0.296 0.2975 0.2975 0.2965 0.2965 0.2965 0.3285 0.3285 0.322 0.322 0.3285 0.3285 0.3285 0.3315 0.3315 0.3095 0.3095 0.3125 0.3125 0.3125 0.323 0.323 0.3355 0.3355 0.301 0.301 0.301 0.303 0.303 0.319 0.319 0.2975 0.2975 0.2975 0.314 0.314 0.3065 0.3065 0.31 0.31 0.348 0.348 0.348 0.3255 0.3255 0.3255 0.3255 0.3415 0.3415 0.3415 0.3215 0.3215 0.3365 0.3365 0.329 0.329 0.329 0.324 0.324 0.3055 0.3055 0.309 0.309 0.309 0.3305 0.3305 0.3065 0.3065
0.291 0.299 0.299 0.275 0.275 0.275 0.2815 0.2815 0.296 0.296 0.2975 0.2975 0.2965 0.2965 0.2965 0.3285 0.3285 0.322 0.322 0.3285 0.3285 0.3285 0.3315 0.3315 0.3095 0.3095 0.3125 0.3125 0.3125 0.323 0.323 0.3355 0.3355 0.301 0.301 0.301 0.303 0.303 0.319 0.319 0.2975 0.2975 0.2975 0.314 0.314 0.3065 0.3065 0.31 0.31 0.348 0.348 0.348 0.3255 0.3255 0.3255 0.3255 0.3415 0.3415 0.3415 0.3215 0.3215 0.3365 0.3365 0.329 0.329 0.329 0.324 0.324 0.3055 0.3055 0.309 0.309 0.309 0.3305 0.3305 0.3065 0.3065
0.324 0.3155 0.3155 0.2785 0.2785 0.2785 0.2765 0.2765 0.2895 0.2895 0.2805 0.2805 0.2765 0.2765 0.2765 0.3005 0.3005 0.3195 0.3195 0.33 0.33 0.33 0.33 0.33 0.3365 0.3365 0.363 0.363 0.363 0.367 0.367 0.346 0.346 0.286 0.286 0.286 0.3005 0.3005 0.3005 0.3005 0.302 0.302 0.302 0.309 0.309 0.3235 0.3235 0.336 0.336 0.3615 0.3615 0.3615 0.354 0.354 0.3395 0.3395 0.3435 0.3435 0.3435 0.36 0.36 0.331 0.331 0.347 0.347 0.347 0.357 0.357 0.321 0.321 0.3475 0.3475 0.3475 0.321 0.321 0.303 0.303
0.324 0.3155 0.3155 0.2785 0.2785 0.2785 0.2765 0.2765 0.2895 0.2895 0.2805 0.2805 0.2765 0.2765 0.2765 0.3005 0.3005 0.3195 0.3195 0.33 0.33 0.33 0.33 0.33 0.3365 0.3365 0.363 0.363 0.363 0.367 0.367 0.346 0.346 0.286 0.286 0.286 0.3005 0.3005 0.3005 0.3005 0.302 0.302 0.302 0.309 0.309 0.3235 0.3235 0.336 0.336 0.3615 0.3615 0.3615 0.354 0.354 0.3395 0.3395 0.3435 0.3435 0.3435 0.36 0.36 0.331 0.331 0.347 0.347 0.347 0.357 0.357 0.321 0.321 0.3475 0.3475 0.3475 0.321 0.321 0.303 0.303
0.3255 0.3465 0.3465 0.313 0.313 0.313 0.2985 0.2985 0.2835 0.2835 0.2765 0.2765 0.2705 0.2705 0.2705 0.3015 0.3015 0.312 0.312 0.326 0.326 0.326 0.3095 0.3095 0.36 0.36 0.3605 0.3605 0.3605 0.352 0.352 0.3535 0.3535 0.321 0.321 0.321 0.3495 0.3495 0.326 0.326 0.3215 0.3215 0.3215 0.3295 0.3295 0.3205 0.3205 0.32 0.32 0.365 0.365 0.365 0.341 0.341 0.357 0.357 0.3505 0.3505 0.3505 0.3525 0.3525 0.345 0.345 0.344 0.344 0.344 0.346 0.346 0.317 0.317 0.346 0.346 0.346 0.3135 0.3135 0.309 0.309
0.3255 0.3465 0.3465 0.313 0.313 0.313 0.2985 0.2985 0.2835 0.2835 0.2765 0.2765 0.2705 0.2705 0.2705 0.3015 0.3015 0.312 0.312 0.326 0.326 0.326 0.3095 0.3095 0.36 0.36 0.3605 0.3605 0.3605 0.352 0.352 0.3535 0.3535 0.321 0.321 0.321 0.3495 0.3495 0.326 0.326 0.3215 0.3215 0.3215 0.3295 0.3295 0.3205 0.3205 0.32 0.32 0.365 0.365 0.365 0.341 0.341 0.357 0.357 0.3505 0.3505 0.3505 0.3525 0.3525 0.345 0.345 0.344 0.344 0.344 0.346 0.346 0.317 0.317 0.346 0.346 0.346 0.3135 0.3135 0.309 0.309
0.3255 0.3465 0.3465 0.313 0.313 0.313 0.2985 0.2985 0.2835 0.2835 0.2765 0.2765 0.2705 0.2705 0.2705 0.3015 0.3015 0.312 0.312 0.326 0.326 0.326 0.3095 0.3095 0.36 0.36 0.3605 0.3605 0.3605 0.352 0.352 0.3535 0.3535 0.321 0.321 0.321 0.3495 0.3495 0.326 0.326 0.3215 0.3215 0.3215 0.3295 0.3295 0.3205 0.3205 0.32 0.32 0.365 0.365 0.365 0.341 0.341 0.357 0.357 0.3505 0.3505 0.3505 0.3525 0.3525 0.345 0.345 0.344 0.344 0.344 0.346 0.346 0.317 0.317 0.346 0.346 0.346 0.3135 0.3135 0.309 0.309
