ndvi/NOAA-162.asc
ncols         252
nrows         154
xllcorner     -18.017974
yllcorner     13.481982
cellsize      0.035948
NODATA_value  -9999
[rows 34 to 67 of 154, columns 154 to 230 of 252]
0.1325 0.1415 0.1415 0.1425 0.1425 0.1425 0.143 0.143 0.132 0.132 0.1275 0.1275 0.1175 0.1175 0.1175 0.113 0.113 0.1245 0.1245 0.1185 0.1185 0.1185 0.1145 0.1145 0.1345 0.1345 0.141 0.141 0.141 0.1395 0.1395 0.138 0.138 0.131 0.131 0.131 0.127 0.127 0.129 0.129 0.128 0.128 0.128 0.126 0.126 0.1255 0.1255 0.137 0.137 0.137 0.137 0.137 0.137 0.137 0.1415 0.1415 0.1345 0.1345 0.1345 0.14 0.14 0.1355 0.1355 0.136 0.136 0.136 0.1375 0.1375 0.138 0.138 0.143 0.143 0.143 0.137 0.137 0.1355 0.1355
0.1325 0.1415 0.1415 0.1425 0.1425 0.1425 0.143 0.143 0.132 0.132 0.1275 0.1275 0.1175 0.1175 0.1175 0.113 0.113 0.1245 0.1245 0.1185 0.1185 0.1185 0.1145 0.1145 0.1345 0.1345 0.141 0.141 0.141 0.1395 0.1395 0.138 0.138 0.131 0.131 0.131 0.127 0.127 0.129 0.129 0.128 0.128 0.128 0.126 0.126 0.1255 0.1255 0.137 0.137 0.137 0.137 0.137 0.137 0.137 0.1415 0.1415 0.1345 0.1345 0.1345 0.14 0.14 0.1355 0.1355 0.136 0.136 0.136 0.1375 0.1375 0.138 0.138 0.143 0.143 0.143 0.137 0.137 0.1355 0.1355
0.1325 0.1415 0.1415 0.1425 0.1425 0.1425 0.143 0.143 0.132 0.132 0.1275 0.1275 0.1175 0.1175 0.1175 0.113 0.113 0.1245 0.1245 0.1185 0.1185 0.1185 0.1145 0.1145 0.1345 0.1345 0.141 0.141 0.141 0.1395 0.1395 0.138 0.138 0.131 0.131 0.131 0.127 0.127 0.129 0.129 0.128 0.128 0.128 0.126 0.126 0.1255 0.1255 0.137 0.137 0.137 0.137 0.137 0.137 0.137 0.1415 0.1415 0.1345 0.1345 0.1345 0.14 0.14 0.1355 0.1355 0.136 0.136 0.136 0.1375 0.1375 0.138 0.138 0.143 0.143 0.143 0.137 0.137 0.1355 0.1355
0.145 0.1435 0.1435 0.1405 0.1405 0.1405 0.132 0.132 0.1355 0.1355 0.122 0.122 0.1335 0.1335 0.1335 0.125 0.125 0.127 0.127 0.115 0.115 0.115 0.121 0.121 0.137 0.137 0.145 0.145 0.145 0.1565 0.1565 0.1435 0.1435 0.1395 0.1395 0.1395 0.1315 0.1315 0.127 0.127 0.128 0.128 0.128 0.128 0.128 0.129 0.129 0.143 0.143 0.141 0.141 0.141 0.1435 0.1435 0.138 0.138 0.143 0.143 0.143 0.139 0.139 0.1405 0.1405 0.1395 0.1395 0.1395 0.134 0.134 0.1365 0.1365 0.1445 0.1445 0.1445 0.145 0.145 0.143 0.143
0.145 0.1435 0.1435 0.1405 0.1405 0.1405 0.132 0.132 0.1355 0.1355 0.122 0.122 0.1335 0.1335 0.1335 0.125 0.125 0.127 0.127 0.115 0.115 0.115 0.121 0.121 0.137 0.137 0.145 0.145 0.145 0.1565 0.1565 0.1435 0.1435 0.1395 0.1395 0.1395 0.1315 0.1315 0.127 0.127 0.128 0.128 0.128 0.128 0.128 0.129 0.129 0.143 0.143 0.141 0.141 0.141 0.1435 0.1435 0.138 0.138 0.143 0.143 0.143 0.139 0.139 0.1405 0.1405 0.1395 0.1395 0.1395 0.134 0.134 0.1365 0.1365 0.1445 0.1445 0.1445 0.145 0.145 0.143 0.143
0.143 0.137 0.137 0.1295 0.1295 0.1295 0.131 0.131 0.128 0.128 0.1265 0.1265 0.1315 0.1315 0.1315 0.13 0.13 0.133 0.133 0.1195 0.1195 0.1195 0.128 0.128 0.1415 0.1415 0.1475 0.1475 0.1475 0.154 0.154 0.153 0.153 0.146 0.146 0.146 0.1385 0.1385 0.129 0.129 0.1365 0.1365 0.1365 0.136 0.136 0.151 0.151 0.15 0.15 0.154 0.154 0.154 0.143 0.143 0.1495 0.1495 0.149 0.149 0.149 0.1485 0.1485 0.1435 0.1435 0.1505 0.1505 0.1505 0.142 0.142 0.14 0.14 0.1465 0.1465 0.1465 0.1505 0.1505 0.1445 0.1445
0.143 0.137 0.137 0.1295 0.1295 0.1295 0.131 0.131 0.128 0.128 0.1265 0.1265 0.1315 0.1315 0.1315 0.13 0.13 0.133 0.133 0.1195 0.1195 0.1195 0.128 0.128 0.1415 0.1415 0.1475 0.1475 0.1475 0.154 0.154 0.153 0.153 0.146 0.146 0.146 0.1385 0.1385 0.129 0.129 0.1365 0.1365 0.1365 0.136 0.136 0.151 0.151 0.15 0.15 0.154 0.154 0.154 0.143 0.143 0.1495 0.1495 0.149 0.149 0.149 0.1485 0.1485 0.1435 0.1435 0.1505 0.1505 0.1505 0.142 0.142 0.14 0.14 0.1465 0.1465 0.1465 0.1505 0.1505 0.1445 0.1445
0.142 0.144 0.144 0.1235 0.1235 0.1235 0.1325 0.1325 0.133 0.133 0.1235 0.1235 0.131 0.131 0.131 0.136 0.136 0.1335 0.1335 0.131 0.131 0.131 0.1295 0.1295 0.1495 0.1495 0.1525 0.1525 0.1525 0.16 0.16 0.1685 0.1685 0.156 0.156 0.156 0.1575 0.1575 0.1605 0.1605 0.162 0.162 0.162 0.1495 0.1495 0.151 0.151 0.1525 0.1525 0.146 0.146 0.146 0.1455 0.1455 0.139 0.139 0.151 0.151 0.151 0.1455 0.1455 0.154 0.154 0.1585 0.1585 0.1585 0.1485 0.1485 0.1445 0.1445 0.1355 0.1355 0.1355 0.139 0.139 0.1395 0.1395
0.142 0.144 0.144 0.1235 0.1235 0.1235 0.1325 0.1325 0.133 0.133 0.1235 0.1235 0.131 0.131 0.131 0.136 0.136 0.1335 0.1335 0.131 0.131 0.131 0.1295 0.1295 0.1495 0.1495 0.1525 0.1525 0.1525 0.16 0.16 0.1685 0.1685 0.156 0.156 0.156 0.1575 0.1575 0.1605 0.1605 0.162 0.162 0.162 0.1495 0.1495 0.151 0.151 0.1525 0.1525 0.146 0.146 0.146 0.1455 0.1455 0.139 0.139 0.151 0.151 0.151 0.1455 0.1455 0.154 0.154 0.1585 0.1585 0.1585 0.1485 0.1485 0.1445 0.1445 0.1355 0.1355 0.1355 0.139 0.139 0.1395 0.1395
0.142 0.144 0.144 0.1235 0.1235 0.1235 0.1325 0.1325 0.133 0.133 0.1235 0.1235 0.131 0.131 0.131 0.136 0.136 0.1335 0.1335 0.131 0.131 0.131 0.1295 0.1295 0.1495 0.1495 0.1525 0.1525 0.1525 0.16 0.16 0.1685 0.1685 0.156 0.156 0.156 0.1575 0.1575 0.1605 0.1605 0.162 0.162 0.162 0.1495 0.1495 0.151 0.151 0.1525 0.1525 0.146 0.146 0.146 0.1455 0.1455 0.139 0.139 0.151 0.151 0.151 0.1455 0.1455 0.154 0.154 0.1585 0.1585 0.1585 0.1485 0.1485 0.1445 0.1445 0.1355 0.1355 0.1355 0.139 0.139 0.1395 0.1395
0.138 0.1565 0.1565 0.168 0.168 0.168 0.1385 0.1385 0.134 0.134 0.1435 0.1435 0.154 0.154 0.154 0.145 0.145 0.187 0.187 0.1605 0.1605 0.1605 0.1575 0.1575 0.161 0.161 0.168 0.168 0.168 0.1765 0.1765 0.1785 0.1785 0.1805 0.1805 0.1805 0.1615 0.1615 0.142 0.142 0.1515 0.1515 0.1515 0.156 0.156 0.16 0.16 0.1575 0.1575 0.172 0.172 0.172 0.1575 0.1575 0.156 0.156 0.1405 0.1405 0.1405 0.158 0.158 0.159 0.159 0.1555 0.1555 0.1555 0.146 0.146 0.141 0.141 0.1445 0.1445 0.1445 0.147 0.147 0.137 0.137
0.138 0.1565 0.1565 0.168 0.168 0.168 0.1385 0.1385 0.134 0.134 0.1435 0.1435 0.154 0.154 0.154 0.145 0.145 0.187 0.187 0.1605 0.1605 0.1605 0.1575 0.1575 0.161 0.161 0.168 0.168 0.168 0.1765 0.1765 0.1785 0.1785 0.1805 0.1805 0.1805 0.1615 0.1615 0.142 0.142 0.1515 0.1515 0.1515 0.156 0.156 0.16 0.16 0.1575 0.1575 0.172 0.172 0.172 0.1575 0.1575 0.156 0.156 0.1405 0.1405 0.1405 0.158 0.158 0.159 0.159 0.1555 0.1555 0.1555 0.146 0.146 0.141 0.141 0.1445 0.1445 0.1445 0.147 0.147 0.137 0.137
0.152 0.1765 0.1765 0.1725 0.1725 0.1725 0.1955 0.1955 0.1975 0.1975 0.198 0.198 0.1965 0.1965 0.1965 0.1975 0.1975 0.1935 0.1935 0.177 0.177 0.177 0.2005 0.2005 0.159 0.159 0.1805 0.1805 0.1805 0.1865 0.1865 0.1835 0.1835 0.186 0.186 0.186 0.1745 0.1745 0.165 0.165 0.179 0.179 0.179 0.1915 0.1915 0.1895 0.1895 0.1725 0.1725 0.173 0.173 0.173 0.1755 0.1755 0.162 0.162 0.16 0.16 0.16 0.1675 0.1675 0.1595 0.1595 0.162 0.162 0.162 0.153 0.153 0.149 0.149 0.146 0.146 0.146 0.1555 0.1555 0.1535 0.1535
0.152 0.1765 0.1765 0.1725 0.1725 0.1725 0.1955 0.1955 0.1975 0.1975 0.198 0.198 0.1965 0.1965 0.1965 0.1975 0.1975 0.1935 0.1935 0.177 0.177 0.177 0.2005 0.2005 0.159 0.159 0.1805 0.1805 0.1805 0.1865 0.1865 0.1835 0.1835 0.186 0.186 0.186 0.1745 0.1745 0.165 0.165 0.179 0.179 0.179 0.1915 0.1915 0.1895 0.1895 0.1725 0.1725 0.173 0.173 0.173 0.1755 0.1755 0.162 0.162 0.16 0.16 0.16 0.1675 0.1675 0.1595 0.1595 0.162 0.162 0.162 0.153 0.153 0.149 0.149 0.146 0.146 0.146 0.1555 0.1555 0.1535 0.1535
0.1595 0.155 0.155 0.1925 0.1925 0.1925 0.197 0.197 0.2115 0.2115 0.1915 0.1915 0.191 0.191 0.191 0.184 0.184 0.195 0.195 0.1745 0.1745 0.1745 0.1855 0.1855 0.1855 0.1855 0.1955 0.1955 0.1955 0.199 0.199 0.1875 0.1875 0.197 0.197 0.197 0.197 0.197 0.1735 0.1735 0.19 0.19 0.19 0.1825 0.1825 0.1815 0.1815 0.1755 0.1755 0.165 0.165 0.165 0.156 0.156 0.156 0.156 0.17 0.17 0.17 0.168 0.168 0.158 0.158 0.1605 0.1605 0.1605 0.1735 0.1735 0.1585 0.1585 0.149 0.149 0.149 0.1515 0.1515 0.1545 0.1545
0.1595 0.155 0.155 0.1925 0.1925 0.1925 0.197 0.197 0.2115 0.2115 0.1915 0.1915 0.191 0.191 0.191 0.184 0.184 0.195 0.195 0.1745 0.1745 0.1745 0.1855 0.1855 0.1855 0.1855 0.1955 0.1955 0.1955 0.199 0.199 0.1875 0.1875 0.197 0.197 0.197 0.197 0.197 0.1735 0.1735 0.19 0.19 0.19 0.1825 0.1825 0.1815 0.1815 0.1755 0.1755 0.165 0.165 0.165 0.156 0.156 0.156 0.156 0.17 0.17 0.17 0.168 0.168 0.158 0.158 0.1605 0.1605 0.1605 0.1735 0.1735 0.1585 0.1585 0.149 0.149 0.149 0.1515 0.1515 0.1545 0.1545
0.1595 0.155 0.155 0.1925 0.1925 0.1925 0.197 0.197 0.2115 0.2115 0.1915 0.1915 0.191 0.191 0.191 0.184 0.184 0.195 0.195 0.1745 0.1745 0.1745 0.1855 0.1855 0.1855 0.1855 0.1955 0.1955 0.1955 0.199 0.199 0.1875 0.1875 0.197 0.197 0.197 0.197 0.197 0.1735 0.1735 0.19 0.19 0.19 0.1825 0.1825 0.1815 0.1815 0.1755 0.1755 0.165 0.165 0.165 0.156 0.156 0.156 0.156 0.17 0.17 0.17 0.168 0.168 0.158 0.158 0.1605 0.1605 0.1605 0.1735 0.1735 0.1585 0.1585 0.149 0.149 0.149 0.1515 0.1515 0.1545 0.1545
0.154 0.1525 0.1525 0.178 0.178 0.178 0.2 0.2 0.2175 0.2175 0.224 0.224 0.199 0.199 0.199 0.19 0.19 0.1655 0.1655 0.1625 0.1625 0.1625 0.1695 0.1695 0.183 0.183 0.2065 0.2065 0.2065 0.2115 0.2115 0.2 0.2 0.1975 0.1975 0.1975 0.184 0.184 0.19 0.19 0.2015 0.2015 0.2015 0.1735 0.1735 0.169 0.169 0.174 0.174 0.146 0.146 0.146 0.146 0.146 0.1575 0.1575 0.179 0.179 0.179 0.183 0.183 0.1775 0.1775 0.1755 0.1755 0.1755 0.175 0.175 0.162 0.162 0.1745 0.1745 0.1745 0.1645 0.1645 0.1585 0.1585
0.154 0.1525 0.1525 0.178 0.178 0.178 0.2 0.2 0.2175 0.2175 0.224 0.224 0.199 0.199 0.199 0.19 0.19 0.1655 0.1655 0.1625 0.1625 0.1625 0.1695 0.1695 0.183 0.183 0.2065 0.2065 0.2065 0.2115 0.2115 0.2 0.2 0.1975 0.1975 0.1975 0.184 0.184 0.19 0.19 0.2015 0.2015 0.2015 0.1735 0.1735 0.169 0.169 0.174 0.174 0.146 0.146 0.146 0.146 0.146 0.1575 0.1575 0.179 0.179 0.179 0.183 0.183 0.1775 0.1775 0.1755 0.1755 0.1755 0.175 0.175 0.162 0.162 0.1745 0.1745 0.1745 0.1645 0.1645 0.1585 0.1585
0.1465 0.143 0.143 0.1855 0.1855 0.1855 0.1935 0.1935 0.201 0.201 0.2195 0.2195 0.221 0.221 0.221 0.196 0.196 0.161 0.161 0.1615 0.1615 0.1615 0.182 0.182 0.2 0.2 0.216 0.216 0.216 0.21 0.21 0.227 0.227 0.2285 0.2285 0.2285 0.222 0.222 0.213 0.213 0.203 0.203 0.203 0.181 0.181 0.1815 0.1815 0.184 0.184 0.161 0.161 0.161 0.1595 0.1595 0.1895 0.1895 0.1905 0.1905 0.1905 0.188 0.188 0.189 0.189 0.205 0.205 0.205 0.177 0.177 0.202 0.202 0.2045 0.2045 0.2045 0.213 0.213 0.201 0.201
0.1465 0.143 0.143 0.1855 0.1855 0.1855 0.1935 0.1935 0.201 0.201 0.2195 0.2195 0.221 0.221 0.221 0.196 0.196 0.161 0.161 0.1615 0.1615 0.1615 0.182 0.182 0.2 0.2 0.216 0.216 0.216 0.21 0.21 0.227 0.227 0.2285 0.2285 0.2285 0.222 0.222 0.213 0.213 0.203 0.203 0.203 0.181 0.181 0.1815 0.1815 0.184 0.184 0.161 0.161 0.161 0.1595 0.1595 0.1895 0.1895 0.1905 0.1905 0.1905 0.188 0.188 0.189 0.189 0.205 0.205 0.205 0.177 0.177 0.202 0.202 0.2045 0.2045 0.2045 0.213 0.213 0.201 0.201
0.128 0.1415 0.1415 0.184 0.184 0.184 0.186 0.186 0.1985 0.1985 0.202 0.202 0.2085 0.2085 0.2085 0.212 0.212 0.203 0.203 0.2175 0.2175 0.2175 0.2095 0.2095 0.225 0.225 0.2165 0.2165 0.2165 0.234 0.234 0.217 0.217 0.2025 0.2025 0.2025 0.205 0.205 0.196 0.196 0.192 0.192 0.192 0.187 0.187 0.1835 0.1835 0.172 0.172 0.173 0.173 0.173 0.181 0.181 0.1755 0.1755 0.177 0.177 0.177 0.181 0.181 0.1975 0.1975 0.2095 0.2095 0.2095 0.2015 0.2015 0.203 0.203 0.2045 0.2045 0.2045 0.2095 0.2095 0.188 0.188
0.128 0.1415 0.1415 0.184 0.184 0.184 0.186 0.186 0.1985 0.1985 0.202 0.202 0.2085 0.2085 0.2085 0.212 0.212 0.203 0.203 0.2175 0.2175 0.2175 0.2095 0.2095 0.225 0.225 0.2165 0.2165 0.2165 0.234 0.234 0.217 0.217 0.2025 0.2025 0.2025 0.205 0.205 0.196 0.196 0.192 0.192 0.192 0.187 0.187 0.1835 0.1835 0.172 0.172 0.173 0.173 0.173 0.181 0.181 0.1755 0.1755 0.177 0.177 0.177 0.181 0.181 0.1975 0.1975 0.2095 0.2095 0.2095 0.2015 0.2015 0.203 0.203 0.2045 0.2045 0.2045 0.2095 0.2095 0.188 0.188
0.1135 0.1325 0.1325 0.1485 0.1485 0.1485 0.19 0.19 0.194 0.194 0.1855 0.1855 0.1895 0.1895 0.1895 0.2135 0.2135 0.2255 0.2255 0.219 0.219 0.219 0.237 0.237 0.226 0.226 0.2145 0.2145 0.2145 0.2125 0.2125 0.206 0.206 0.1955 0.1955 0.1955 0.1985 0.1985 0.1905 0.1905 0.201 0.201 0.201 0.181 0.181 0.171 0.171 0.153 0.153 0.1525 0.1525 0.1525 0.156 0.156 0.1645 0.1645 0.163 0.163 0.163 0.168 0.168 0.1865 0.1865 0.1975 0.1975 0.1975 0.207 0.207 0.1975 0.1975 0.196 0.196 0.196 0.19 0.19 0.204 0.204
0.1135 0.1325 0.1325 0.1485 0.1485 0.1485 0.19 0.19 0.194 0.194 0.1855 0.1855 0.1895 0.1895 0.1895 0.2135 0.2135 0.2255 0.2255 0.219 0.219 0.219 0.237 0.237 0.226 0.226 0.2145 0.2145 0.2145 0.2125 0.2125 0.206 0.206 0.1955 0.1955 0.1955 0.1985 0.1985 0.1905 0.1905 0.201 0.201 0.201 0.181 0.181 0.171 0.171 0.153 0.153 0.1525 0.1525 0.1525 0.156 0.156 0.1645 0.1645 0.163 0.163 0.163 0.168 0.168 0.1865 0.1865 0.1975 0.1975 0.1975 0.207 0.207 0.1975 0.1975 0.196 0.196 0.196 0.19 0.19 0.204 0.204
0.1135 0.1325 0.1325 0.1485 0.1485 0.1485 0.19 0.19 0.194 0.194 0.1855 0.1855 0.1895 0.1895 0.1895 0.2135 0.2135 0.2255 0.2255 0.219 0.219 0.219 0.237 0.237 0.226 0.226 0.2145 0.2145 0.2145 0.2125 0.2125 0.206 0.206 0.1955 0.1955 0.1955 0.1985 0.1985 0.1905 0.1905 0.201 0.201 0.201 0.181 0.181 0.171 0.171 0.153 0.153 0.1525 0.1525 0.1525 0.156 0.156 0.1645 0.1645 0.163 0.163 0.163 0.168 0.168 0.1865 0.1865 0.1975 0.1975 0.1975 0.207 0.207 0.1975 0.1975 0.196 0.196 0.196 0.19 0.19 0.204 0.204
0.14 0.15 0.15 0.142 0.142 0.142 0.1475 0.1475 0.166 0.166 0.1745 0.1745 0.191 0.191 0.191 0.2045 0.2045 0.218 0.218 0.2335 0.2335 0.2335 0.239 0.239 0.236 0.236 0.2135 0.2135 0.2135 0.189 0.189 0.1955 0.1955 0.1995 0.1995 0.1995 0.213 0.213 0.1945 0.1945 0.1995 0.1995 0.1995 0.1685 0.1685 0.1455 0.1455 0.141 0.141 0.1525 0.1525 0.1525 0.1605 0.1605 0.1485 0.1485 0.171 0.171 0.171 0.1695 0.1695 0.1655 0.1655 0.1845 0.1845 0.1845 0.192 0.192 0.182 0.182 0.1975 0.1975 0.1975 0.191 0.191 0.204 0.204
0.14 0.15 0.15 0.142 0.142 0.142 0.1475 0.1475 0.166 0.166 0.1745 0.1745 0.191 0.191 0.191 0.2045 0.2045 0.218 0.218 0.2335 0.2335 0.2335 0.239 0.239 0.236 0.236 0.2135 0.2135 0.2135 0.189 0.189 0.1955 0.1955 0.1995 0.1995 0.1995 0.213 0.213 0.1945 0.1945 0.1995 0.1995 0.1995 0.1685 0.1685 0.1455 0.1455 0.141 0.141 0.1525 0.1525 0.1525 0.1605 0.1605 0.1485 0.1485 0.171 0.171 0.171 0.1695 0.1695 0.1655 0.1655 0.1845 0.1845 0.1845 0.192 0.192 0.182 0.182 0.1975 0.1975 0.1975 0.191 0.191 0.204 0.204
0.1585 0.1495 0.1495 0.141 0.141 0.141 0.1565 0.1565 0.15 0.15 0.1765 0.1765 0.1815 0.1815 0.1815 0.209 0.209 0.2385 0.2385 0.2365 0.2365 0.2365 0.2445 0.2445 0.2375 0.2375 0.201 0.201 0.201 0.2065 0.2065 0.2075 0.2075 0.2045 0.2045 0.2045 0.2085 0.2085 0.1945 0.1945 0.204 0.204 0.204 0.191 0.191 0.1825 0.1825 0.1795 0.1795 0.184 0.184 0.184 0.1975 0.1975 0.18 0.18 0.1695 0.1695 0.1695 0.1775 0.1775 0.1775 0.1775 0.197 0.197 0.197 0.1935 0.1935 0.1765 0.1765 0.169 0.169 0.169 0.184 0.184 0.179 0.179
0.1585 0.1495 0.1495 0.141 0.141 0.141 0.1565 0.1565 0.15 0.15 0.1765 0.1765 0.1815 0.1815 0.1815 0.209 0.209 0.2385 0.2385 0.2365 0.2365 0.2365 0.2445 0.2445 0.2375 0.2375 0.201 0.201 0.201 0.2065 0.2065 0.2075 0.2075 0.2045 0.2045 0.2045 0.2085 0.2085 0.1945 0.1945 0.204 0.204 0.204 0.191 0.191 0.1825 0.1825 0.1795 0.1795 0.184 0.184 0.184 0.1975 0.1975 0.18 0.18 0.1695 0.1695 0.1695 0.1775 0.1775 0.1775 0.1775 0.197 0.197 0.197 0.1935 0.1935 0.1765 0.1765 0.169 0.169 0.169 0.184 0.184 0.179 0.179
0.1555 0.1695 0.1695 0.148 0.148 0.148 0.1705 0.1705 0.157 0.157 0.199 0.199 0.1965 0.1965 0.1965 0.208 0.208 0.226 0.226 0.225 0.225 0.225 0.221 0.221 0.2295 0.2295 0.2125 0.2125 0.2125 0.182 0.182 0.202 0.202 0.225 0.225 0.225 0.224 0.224 0.2065 0.2065 0.2075 0.2075 0.2075 0.216 0.216 0.1815 0.1815 0.2125 0.2125 0.2145 0.2145 0.2145 0.204 0.204 0.2115 0.2115 0.219 0.219 0.219 0.211 0.211 0.224 0.224 0.2015 0.2015 0.2015 0.209 0.209 0.1965 0.1965 0.184 0.184 0.184 0.184 0.184 0.187 0.187
0.1555 0.1695 0.1695 0.148 0.148 0.148 0.1705 0.1705 0.157 0.157 0.199 0.199 0.1965 0.1965 0.1965 0.208 0.208 0.226 0.226 0.225 0.225 0.225 0.221 0.221 0.2295 0.2295 0.2125 0.2125 0.2125 0.182 0.182 0.202 0.202 0.225 0.225 0.225 0.224 0.224 0.2065 0.2065 0.2075 0.2075 0.2075 0.216 0.216 0.1815 0.1815 0.2125 0.2125 0.2145 0.2145 0.2145 0.204 0.204 0.2115 0.2115 0.219 0.219 0.219 0.211 0.211 0.224 0.224 0.2015 0.2015 0.2015 0.209 0.209 0.1965 0.1965 0.184 0.184 0.184 0.184 0.184 0.187 0.187
0.1555 0.1695 0.1695 0.148 0.148 0.148 0.1705 0.1705 0.157 0.157 0.199 0.199 0.1965 0.1965 0.1965 0.208 0.208 0.226 0.226 0.225 0.225 0.225 0.221 0.221 0.2295 0.2295 0.2125 0.2125 0.2125 0.182 0.182 0.202 0.202 0.225 0.225 0.225 0.224 0.224 0.2065 0.2065 0.2075 0.2075 0.2075 0.216 0.216 0.1815 0.1815 0.2125 0.2125 0.2145 0.2145 0.2145 0.204 0.204 0.2115 0.2115 0.219 0.219 0.219 0.211 0.211 0.224 0.224 0.2015 0.2015 0.2015 0.209 0.209 0.1965 0.1965 0.184 0.184 0.184 0.184 0.184 0.187 0.187
0.1385 0.171 0.171 0.16 0.16 0.16 0.1535 0.1535 0.1935 0.1935 0.1875 0.1875 0.1855 0.1855 0.1855 0.217 0.217 0.2445 0.2445 0.2335 0.2335 0.2335 0.231 0.231 0.2185 0.2185 0.198 0.198 0.198 0.2345 0.2345 0.223 0.223 0.2185 0.2185 0.2185 0.218 0.218 0.1985 0.1985 0.21 0.21 0.21 0.222 0.222 0.2185 0.2185 0.192 0.192 0.203 0.203 0.203 0.2055 0.2055 0.2245 0.2245 0.234 0.234 0.234 0.228 0.228 0.2295 0.2295 0.22 0.22 0.22 0.2025 0.2025 0.221 0.221 0.2295 0.2295 0.2295 0.2185 0.2185 0.215 0.215
