ndvi/NOAA-371.asc
ncols         252
nrows         154
xllcorner     -18.017974
yllcorner     13.481982
cellsize      0.035948
NODATA_value  -9999
[rows 102 to 135 of 154, columns 154 to 230 of 252]
0.315 0.47 0.47 0.304 0.304 0.304 0.2255 0.2255 0.2395 0.2395 0.234 0.234 0.272 0.272 0.272 0.294 0.294 0.322 0.322 0.31 0.31 0.31 0.3 0.3 0.2695 0.2695 0.2735 0.2735 0.2735 0.2745 0.2745 0.3125 0.3125 0.27 0.27 0.27 0.2565 0.2565 0.243 0.243 0.2525 0.2525 0.2525 0.214 0.214 0.217 0.217 0.2025 0.2025 0.2205 0.2205 0.2205 0.2015 0.2015 0.2295 0.2295 0.2897 0.2897 0.2897 0.2657 0.2657 0.2597 0.2597 0.2205 0.2205 0.2205 0.266 0.266 0.249 0.249 0.2945 0.2945 0.2945 0.316 0.316 0.3335 0.3335
0.3585 0.2845 0.2845 0.266 0.266 0.266 0.2705 0.2705 0.269 0.269 0.281 0.281 0.275 0.275 0.275 0.3215 0.3215 0.2745 0.2745 0.2885 0.2885 0.2885 0.2955 0.2955 0.282 0.282 0.2765 0.2765 0.2765 0.2965 0.2965 0.2985 0.2985 0.277 0.277 0.277 0.27 0.27 0.251 0.251 0.2435 0.2435 0.2435 0.2982 0.2982 0.3167 0.3167 0.3427 0.3427 0.273 0.273 0.273 0.262 0.262 0.2952 0.2952 0.2967 0.2967 0.2967 0.243 0.243 0.2617 0.2617 0.3017 0.3017 0.3017 0.272 0.272 0.2895 0.2895 0.302 0.302 0.302 0.3085 0.3085 0.361 0.361
0.3585 0.2845 0.2845 0.266 0.266 0.266 0.2705 0.2705 0.269 0.269 0.281 0.281 0.275 0.275 0.275 0.3215 0.3215 0.2745 0.2745 0.2885 0.2885 0.2885 0.2955 0.2955 0.282 0.282 0.2765 0.2765 0.2765 0.2965 0.2965 0.2985 0.2985 0.277 0.277 0.277 0.27 0.27 0.251 0.251 0.2435 0.2435 0.2435 0.2982 0.2982 0.3167 0.3167 0.3427 0.3427 0.273 0.273 0.273 0.262 0.262 0.2952 0.2952 0.2967 0.2967 0.2967 0.243 0.243 0.2617 0.2617 0.3017 0.3017 0.3017 0.272 0.272 0.2895 0.2895 0.302 0.302 0.302 0.3085 0.3085 0.361 0.361
0.3585 0.2845 0.2845 0.266 0.266 0.266 0.2705 0.2705 0.269 0.269 0.281 0.281 0.275 0.275 0.275 0.3215 0.3215 0.2745 0.2745 0.2885 0.2885 0.2885 0.2955 0.2955 0.282 0.282 0.2765 0.2765 0.2765 0.2965 0.2965 0.2985 0.2985 0.277 0.277 0.277 0.27 0.27 0.251 0.251 0.2435 0.2435 0.2435 0.2982 0.2982 0.3167 0.3167 0.3427 0.3427 0.273 0.273 0.273 0.262 0.262 0.2952 0.2952 0.2967 0.2967 0.2967 0.243 0.243 0.2617 0.2617 0.3017 0.3017 0.3017 0.272 0.272 0.2895 0.2895 0.302 0.302 0.302 0.3085 0.3085 0.361 0.361
0.3145 0.3225 0.3225 0.312 0.312 0.312 0.2935 0.2935 0.2715 0.2715 0.315 0.315 0.3205 0.3205 0.3205 0.2735 0.2735 0.3 0.3 0.283 0.283 0.283 0.2705 0.2705 0.2535 0.2535 0.2655 0.2655 0.2655 0.3165 0.3165 0.335 0.335 0.3325 0.3325 0.3325 0.306 0.306 0.3135 0.3135 0.347 0.347 0.347 0.3395 0.3395 0.3697 0.3697 0.3262 0.3262 0.4497 0.4497 0.4497 0.343 0.343 0.3565 0.3565 0.34 0.34 0.34 0.2685 0.2685 0.2877 0.2877 0.308 0.308 0.308 0.268 0.268 0.2485 0.2485 0.2275 0.2275 0.2275 0.3425 0.3425 0.357 0.357
0.3145 0.3225 0.3225 0.312 0.312 0.312 0.2935 0.2935 0.2715 0.2715 0.315 0.315 0.3205 0.3205 0.3205 0.2735 0.2735 0.3 0.3 0.283 0.283 0.283 0.2705 0.2705 0.2535 0.2535 0.2655 0.2655 0.2655 0.3165 0.3165 0.335 0.335 0.3325 0.3325 0.3325 0.306 0.306 0.3135 0.3135 0.347 0.347 0.347 0.3395 0.3395 0.3697 0.3697 0.3262 0.3262 0.4497 0.4497 0.4497 0.343 0.343 0.3565 0.3565 0.34 0.34 0.34 0.2685 0.2685 0.2877 0.2877 0.308 0.308 0.308 0.268 0.268 0.2485 0.2485 0.2275 0.2275 0.2275 0.3425 0.3425 0.357 0.357
0.3435 0.374 0.374 0.371 0.371 0.371 0.2965 0.2965 0.3175 0.3175 0.281 0.281 0.301 0.301 0.301 0.3285 0.3285 0.283 0.283 0.2705 0.2705 0.2705 0.261 0.261 0.2865 0.2865 0.3225 0.3225 0.3225 0.4045 0.4045 0.37 0.37 0.3175 0.3175 0.3175 0.3475 0.3475 0.3485 0.3485 0.32 0.32 0.32 0.281 0.281 0.286 0.286 0.3472 0.3472 0.3647 0.3647 0.3647 0.3475 0.3475 0.3925 0.3925 0.3285 0.3285 0.3285 0.3277 0.3277 0.3417 0.3417 0.293 0.293 0.293 0.267 0.267 0.263 0.263 0.273 0.273 0.273 0.3365 0.3365 0.3245 0.3245
0.3435 0.374 0.374 0.371 0.371 0.371 0.2965 0.2965 0.3175 0.3175 0.281 0.281 0.301 0.301 0.301 0.3285 0.3285 0.283 0.283 0.2705 0.2705 0.2705 0.261 0.261 0.2865 0.2865 0.3225 0.3225 0.3225 0.4045 0.4045 0.37 0.37 0.3175 0.3175 0.3175 0.3475 0.3475 0.3485 0.3485 0.32 0.32 0.32 0.281 0.281 0.286 0.286 0.3472 0.3472 0.3647 0.3647 0.3647 0.3475 0.3475 0.3925 0.3925 0.3285 0.3285 0.3285 0.3277 0.3277 0.3417 0.3417 0.293 0.293 0.293 0.267 0.267 0.263 0.263 0.273 0.273 0.273 0.3365 0.3365 0.3245 0.3245
0.367 0.3505 0.3505 0.311 0.311 0.311 0.3335 0.3335 0.321 0.321 0.319 0.319 0.344 0.344 0.344 0.3655 0.3655 0.3725 0.3725 0.3045 0.3045 0.3045 0.277 0.277 0.323 0.323 0.342 0.342 0.342 0.369 0.369 0.3705 0.3705 0.294 0.294 0.294 0.378 0.378 0.31 0.31 0.3125 0.3125 0.3125 0.324 0.324 0.324 0.324 0.251 0.251 0.3312 0.3312 0.3312 0.3427 0.3427 0.3772 0.3772 0.3802 0.3802 0.3802 0.3495 0.3495 0.2695 0.2695 0.2735 0.2735 0.2735 0.2625 0.2625 0.2895 0.2895 0.292 0.292 0.292 0.331 0.331 0.405 0.405
0.367 0.3505 0.3505 0.311 0.311 0.311 0.3335 0.3335 0.321 0.321 0.319 0.319 0.344 0.344 0.344 0.3655 0.3655 0.3725 0.3725 0.3045 0.3045 0.3045 0.277 0.277 0.323 0.323 0.342 0.342 0.342 0.369 0.369 0.3705 0.3705 0.294 0.294 0.294 0.378 0.378 0.31 0.31 0.3125 0.3125 0.3125 0.324 0.324 0.324 0.324 0.251 0.251 0.3312 0.3312 0.3312 0.3427 0.3427 0.3772 0.3772 0.3802 0.3802 0.3802 0.3495 0.3495 0.2695 0.2695 0.2735 0.2735 0.2735 0.2625 0.2625 0.2895 0.2895 0.292 0.292 0.292 0.331 0.331 0.405 0.405
0.367 0.3505 0.3505 0.311 0.311 0.311 0.3335 0.3335 0.321 0.321 0.319 0.319 0.344 0.344 0.344 0.3655 0.3655 0.3725 0.3725 0.3045 0.3045 0.3045 0.277 0.277 0.323 0.323 0.342 0.342 0.342 0.369 0.369 0.3705 0.3705 0.294 0.294 0.294 0.378 0.378 0.31 0.31 0.3125 0.3125 0.3125 0.324 0.324 0.324 0.324 0.251 0.251 0.3312 0.3312 0.3312 0.3427 0.3427 0.3772 0.3772 0.3802 0.3802 0.3802 0.3495 0.3495 0.2695 0.2695 0.2735 0.2735 0.2735 0.2625 0.2625 0.2895 0.2895 0.292 0.292 0.292 0.331 0.331 0.405 0.405
0.3155 0.359 0.359 0.3925 0.3925 0.3925 0.3525 0.3525 0.335 0.335 0.322 0.322 0.3385 0.3385 0.3385 0.3535 0.3535 0.295 0.295 0.3095 0.3095 0.3095 0.317 0.317 0.328 0.328 0.4145 0.4145 0.4145 0.368 0.368 0.3425 0.3425 0.366 0.366 0.366 0.4875 0.4875 0.34 0.34 0.312 0.312 0.312 0.3185 0.3185 0.3115 0.3115 0.3135 0.3135 0.348 0.348 0.348 0.3135 0.3135 0.352 0.352 0.3975 0.3975 0.3975 0.3435 0.3435 0.2935 0.2935 0.2835 0.2835 0.2835 0.3065 0.3065 0.293 0.293 0.3345 0.3345 0.3345 0.332 0.332 0.3975 0.3975
0.3155 0.359 0.359 0.3925 0.3925 0.3925 0.3525 0.3525 0.335 0.335 0.322 0.322 0.3385 0.3385 0.3385 0.3535 0.3535 0.295 0.295 0.3095 0.3095 0.3095 0.317 0.317 0.328 0.328 0.4145 0.4145 0.4145 0.368 0.368 0.3425 0.3425 0.366 0.366 0.366 0.4875 0.4875 0.34 0.34 0.312 0.312 0.312 0.3185 0.3185 0.3115 0.3115 0.3135 0.3135 0.348 0.348 0.348 0.3135 0.3135 0.352 0.352 0.3975 0.3975 0.3975 0.3435 0.3435 0.2935 0.2935 0.2835 0.2835 0.2835 0.3065 0.3065 0.293 0.293 0.3345 0.3345 0.3345 0.332 0.332 0.3975 0.3975
0.331 0.3685 0.3685 0.3565 0.3565 0.3565 0.379 0.379 0.3195 0.3195 0.2815 0.2815 0.342 0.342 0.342 0.315 0.315 0.325 0.325 0.342 0.342 0.342 0.3045 0.3045 0.353 0.353 0.39 0.39 0.39 0.348 0.348 0.3795 0.3795 0.375 0.375 0.375 0.3825 0.3825 0.3405 0.3405 0.3355 0.3355 0.3355 0.312 0.312 0.311 0.311 0.3245 0.3245 0.373 0.373 0.373 0.362 0.362 0.355 0.355 0.366 0.366 0.366 0.3655 0.3655 0.328 0.328 0.2935 0.2935 0.2935 0.3405 0.3405 0.3335 0.3335 0.3805 0.3805 0.3805 0.364 0.364 0.3525 0.3525
0.331 0.3685 0.3685 0.3565 0.3565 0.3565 0.379 0.379 0.3195 0.3195 0.2815 0.2815 0.342 0.342 0.342 0.315 0.315 0.325 0.325 0.342 0.342 0.342 0.3045 0.3045 0.353 0.353 0.39 0.39 0.39 0.348 0.348 0.3795 0.3795 0.375 0.375 0.375 0.3825 0.3825 0.3405 0.3405 0.3355 0.3355 0.3355 0.312 0.312 0.311 0.311 0.3245 0.3245 0.373 0.373 0.373 0.362 0.362 0.355 0.355 0.366 0.366 0.366 0.3655 0.3655 0.328 0.328 0.2935 0.2935 0.2935 0.3405 0.3405 0.3335 0.3335 0.3805 0.3805 0.3805 0.364 0.364 0.3525 0.3525
0.349 0.323 0.323 0.347 0.347 0.347 0.339 0.339 0.329 0.329 0.3605 0.3605 0.3525 0.3525 0.3525 0.366 0.366 0.3385 0.3385 0.3275 0.3275 0.3275 0.3465 0.3465 0.324 0.324 0.3385 0.3385 0.3385 0.3515 0.3515 0.391 0.391 0.338 0.338 0.338 0.2725 0.2725 0.333 0.333 0.328 0.328 0.328 0.405 0.405 0.476 0.476 0.3595 0.3595 0.3915 0.3915 0.3915 0.4125 0.4125 0.407 0.407 0.3885 0.3885 0.3885 0.4285 0.4285 0.391 0.391 0.407 0.407 0.407 0.395 0.395 0.402 0.402 0.3875 0.3875 0.3875 0.3695 0.3695 0.3905 0.3905
0.349 0.323 0.323 0.347 0.347 0.347 0.339 0.339 0.329 0.329 0.3605 0.3605 0.3525 0.3525 0.3525 0.366 0.366 0.3385 0.3385 0.3275 0.3275 0.3275 0.3465 0.3465 0.324 0.324 0.3385 0.3385 0.3385 0.3515 0.3515 0.391 0.391 0.338 0.338 0.338 0.2725 0.2725 0.333 0.333 0.328 0.328 0.328 0.405 0.405 0.476 0.476 0.3595 0.3595 0.3915 0.3915 0.3915 0.4125 0.4125 0.407 0.407 0.3885 0.3885 0.3885 0.4285 0.4285 0.391 0.391 0.407 0.407 0.407 0.395 0.395 0.402 0.402 0.3875 0.3875 0.3875 0.3695 0.3695 0.3905 0.3905
0.349 0.323 0.323 0.347 0.347 0.347 0.339 0.339 0.329 0.329 0.3605 0.3605 0.3525 0.3525 0.3525 0.366 0.366 0.3385 0.3385 0.3275 0.3275 0.3275 0.3465 0.3465 0.324 0.324 0.3385 0.3385 0.3385 0.3515 0.3515 0.391 0.391 0.338 0.338 0.338 0.2725 0.2725 0.333 0.333 0.328 0.328 0.328 0.405 0.405 0.476 0.476 0.3595 0.3595 0.3915 0.3915 0.3915 0.4125 0.4125 0.407 0.407 0.3885 0.3885 0.3885 0.4285 0.4285 0.391 0.391 0.407 0.407 0.407 0.395 0.395 0.402 0.402 0.3875 0.3875 0.3875 0.3695 0.3695 0.3905 0.3905
0.4095 0.3815 0.3815 0.3575 0.3575 0.3575 0.3795 0.3795 0.3615 0.3615 0.3795 0.3795 0.398 0.398 0.398 0.3895 0.3895 0.38 0.38 0.4065 0.4065 0.4065 0.395 0.395 0.362 0.362 0.387 0.387 0.387 0.3785 0.3785 0.3955 0.3955 0.295 0.295 0.295 0.363 0.363 0.3825 0.3825 0.3805 0.3805 0.3805 0.4235 0.4235 0.409 0.409 0.442 0.442 0.4595 0.4595 0.4595 0.493 0.493 0.4175 0.4175 0.3915 0.3915 0.3915 0.416 0.416 0.405 0.405 0.422 0.422 0.422 0.4515 0.4515 0.454 0.454 0.437 0.437 0.437 0.3805 0.3805 0.3705 0.3705
0.4095 0.3815 0.3815 0.3575 0.3575 0.3575 0.3795 0.3795 0.3615 0.3615 0.3795 0.3795 0.398 0.398 0.398 0.3895 0.3895 0.38 0.38 0.4065 0.4065 0.4065 0.395 0.395 0.362 0.362 0.387 0.387 0.387 0.3785 0.3785 0.3955 0.3955 0.295 0.295 0.295 0.363 0.363 0.3825 0.3825 0.3805 0.3805 0.3805 0.4235 0.4235 0.409 0.409 0.442 0.442 0.4595 0.4595 0.4595 0.493 0.493 0.4175 0.4175 0.3915 0.3915 0.3915 0.416 0.416 0.405 0.405 0.422 0.422 0.422 0.4515 0.4515 0.454 0.454 0.437 0.437 0.437 0.3805 0.3805 0.3705 0.3705
0.3665 0.4135 0.4135 0.3685 0.3685 0.3685 0.397 0.397 0.3925 0.3925 0.377 0.377 0.361 0.361 0.361 0.4685 0.4685 0.4155 0.4155 0.4315 0.4315 0.4315 0.4275 0.4275 0.453 0.453 0.3755 0.3755 0.3755 0.2785 0.2785 0.363 0.363 0.3745 0.3745 0.3745 0.3605 0.3605 0.3545 0.3545 0.3635 0.3635 0.3635 0.423 0.423 0.41 0.41 0.459 0.459 0.4505 0.4505 0.4505 0.4875 0.4875 0.476 0.476 0.4 0.4 0.4 0.413 0.413 0.39 0.39 0.3935 0.3935 0.3935 0.475 0.475 0.529 0.529 0.4325 0.4325 0.4325 0.395 0.395 0.3855 0.3855
0.3665 0.4135 0.4135 0.3685 0.3685 0.3685 0.397 0.397 0.3925 0.3925 0.377 0.377 0.361 0.361 0.361 0.4685 0.4685 0.4155 0.4155 0.4315 0.4315 0.4315 0.4275 0.4275 0.453 0.453 0.3755 0.3755 0.3755 0.2785 0.2785 0.363 0.363 0.3745 0.3745 0.3745 0.3605 0.3605 0.3545 0.3545 0.3635 0.3635 0.3635 0.423 0.423 0.41 0.41 0.459 0.459 0.4505 0.4505 0.4505 0.4875 0.4875 0.476 0.476 0.4 0.4 0.4 0.413 0.413 0.39 0.39 0.3935 0.3935 0.3935 0.475 0.475 0.529 0.529 0.4325 0.4325 0.4325 0.395 0.395 0.3855 0.3855
0.389 0.3805 0.3805 0.3715 0.3715 0.3715 0.4375 0.4375 0.4345 0.4345 0.4085 0.4085 0.404 0.404 0.404 0.424 0.424 0.485 0.485 0.472 0.472 0.472 0.468 0.468 0.44 0.44 0.3525 0.3525 0.3525 0.386 0.386 0.426 0.426 0.3885 0.3885 0.3885 0.4085 0.4085 0.427 0.427 0.447 0.447 0.447 0.4575 0.4575 0.485 0.485 0.5205 0.5205 0.4545 0.4545 0.4545 0.4545 0.4545 0.441 0.441 0.517 0.517 0.517 0.4955 0.4955 0.4235 0.4235 0.4305 0.4305 0.4305 0.458 0.458 0.467 0.467 0.531 0.531 0.531 0.4635 0.4635 0.424 0.424
0.389 0.3805 0.3805 0.3715 0.3715 0.3715 0.4375 0.4375 0.4345 0.4345 0.4085 0.4085 0.404 0.404 0.404 0.424 0.424 0.485 0.485 0.472 0.472 0.472 0.468 0.468 0.44 0.44 0.3525 0.3525 0.3525 0.386 0.386 0.426 0.426 0.3885 0.3885 0.3885 0.4085 0.4085 0.427 0.427 0.447 0.447 0.447 0.4575 0.4575 0.485 0.485 0.5205 0.5205 0.4545 0.4545 0.4545 0.4545 0.4545 0.441 0.441 0.517 0.517 0.517 0.4955 0.4955 0.4235 0.4235 0.4305 0.4305 0.4305 0.458 0.458 0.467 0.467 0.531 0.531 0.531 0.4635 0.4635 0.424 0.424
0.386 0.4075 0.4075 0.4255 0.4255 0.4255 0.4155 0.4155 0.4685 0.4685 0.4675 0.4675 0.5355 0.5355 0.5355 0.4995 0.4995 0.5125 0.5125 0.435 0.435 0.435 0.3855 0.3855 0.3805 0.3805 0.3815 0.3815 0.3815 0.401 0.401 0.4745 0.4745 0.45 0.45 0.45 0.364 0.364 0.4245 0.4245 0.4085 0.4085 0.4085 0.449 0.449 0.4935 0.4935 0.487 0.487 0.4955 0.4955 0.4955 0.448 0.448 0.4885 0.4885 0.4615 0.4615 0.4615 0.471 0.471 0.469 0.469 0.4895 0.4895 0.4895 0.488 0.488 0.527 0.527 0.5125 0.5125 0.5125 0.4545 0.4545 0.433 0.433
0.386 0.4075 0.4075 0.4255 0.4255 0.4255 0.4155 0.4155 0.4685 0.4685 0.4675 0.4675 0.5355 0.5355 0.5355 0.4995 0.4995 0.5125 0.5125 0.435 0.435 0.435 0.3855 0.3855 0.3805 0.3805 0.3815 0.3815 0.3815 0.401 0.401 0.4745 0.4745 0.45 0.45 0.45 0.364 0.364 0.4245 0.4245 0.4085 0.4085 0.4085 0.449 0.449 0.4935 0.4935 0.487 0.487 0.4955 0.4955 0.4955 0.448 0.448 0.4885 0.4885 0.4615 0.4615 0.4615 0.471 0.471 0.469 0.469 0.4895 0.4895 0.4895 0.488 0.488 0.527 0.527 0.5125 0.5125 0.5125 0.4545 0.4545 0.433 0.433
0.386 0.4075 0.4075 0.4255 0.4255 0.4255 0.4155 0.4155 0.4685 0.4685 0.4675 0.4675 0.5355 0.5355 0.5355 0.4995 0.4995 0.5125 0.5125 0.435 0.435 0.435 0.3855 0.3855 0.3805 0.3805 0.3815 0.3815 0.3815 0.401 0.401 0.4745 0.4745 0.45 0.45 0.45 0.364 0.364 0.4245 0.4245 0.4085 0.4085 0.4085 0.449 0.449 0.4935 0.4935 0.487 0.487 0.4955 0.4955 0.4955 0.448 0.448 0.4885 0.4885 0.4615 0.4615 0.4615 0.471 0.471 0.469 0.469 0.4895 0.4895 0.4895 0.488 0.488 0.527 0.527 0.5125 0.5125 0.5125 0.4545 0.4545 0.433 0.433
0.4045 0.4095 0.4095 0.422 0.422 0.422 0.5045 0.5045 0.484 0.484 0.5335 0.5335 0.4965 0.4965 0.4965 0.493 0.493 0.426 0.426 0.4095 0.4095 0.4095 0.457 0.457 0.464 0.464 0.4185 0.4185 0.4185 0.437 0.437 0.422 0.422 0.393 0.393 0.393 0.419 0.419 0.446 0.446 0.4195 0.4195 0.4195 0.456 0.456 0.526 0.526 0.5075 0.5075 0.5065 0.5065 0.5065 0.4715 0.4715 0.5105 0.5105 0.511 0.511 0.511 0.5005 0.5005 0.4525 0.4525 0.524 0.524 0.524 0.495 0.495 0.4765 0.4765 0.4435 0.4435 0.4435 0.419 0.419 0.4505 0.4505
0.4045 0.4095 0.4095 0.422 0.422 0.422 0.5045 0.5045 0.484 0.484 0.5335 0.5335 0.4965 0.4965 0.4965 0.493 0.493 0.426 0.426 0.4095 0.4095 0.4095 0.457 0.457 0.464 0.464 0.4185 0.4185 0.4185 0.437 0.437 0.422 0.422 0.393 0.393 0.393 0.419 0.419 0.446 0.446 0.4195 0.4195 0.4195 0.456 0.456 0.526 0.526 0.5075 0.5075 0.5065 0.5065 0.5065 0.4715 0.4715 0.5105 0.5105 0.511 0.511 0.511 0.5005 0.5005 0.4525 0.4525 0.524 0.524 0.524 0.495 0.495 0.4765 0.4765 0.4435 0.4435 0.4435 0.419 0.419 0.4505 0.4505
0.4955 0.493 0.493 0.431 0.431 0.431 0.476 0.476 0.509 0.509 0.489 0.489 0.523 0.523 0.523 0.5475 0.5475 0.493 0.493 0.4375 0.4375 0.4375 0.446 0.446 0.4355 0.4355 0.434 0.434 0.434 0.455 0.455 0.397 0.397 0.439 0.439 0.439 0.414 0.414 0.3775 0.3775 0.539 0.539 0.539 0.52 0.52 0.5866 0.5866 0.598 0.598 0.5655 0.5655 0.5655 0.5755 0.5755 0.5435 0.5435 0.5575 0.5575 0.5575 0.6035 0.6035 0.5535 0.5535 0.506 0.506 0.506 0.4905 0.4905 0.5405 0.5405 0.458 0.458 0.458 0.3725 0.3725 0.4355 0.4355
0.4955 0.493 0.493 0.431 0.431 0.431 0.476 0.476 0.509 0.509 0.489 0.489 0.523 0.523 0.523 0.5475 0.5475 0.493 0.493 0.4375 0.4375 0.4375 0.446 0.446 0.4355 0.4355 0.434 0.434 0.434 0.455 0.455 0.397 0.397 0.439 0.439 0.439 0.414 0.414 0.3775 0.3775 0.539 0.539 0.539 0.52 0.52 0.5866 0.5866 0.598 0.598 0.5655 0.5655 0.5655 0.5755 0.5755 0.5435 0.5435 0.5575 0.5575 0.5575 0.6035 0.6035 0.5535 0.5535 0.506 0.506 0.506 0.4905 0.4905 0.5405 0.5405 0.458 0.458 0.458 0.3725 0.3725 0.4355 0.4355
0.535 0.5295 0.5295 0.4685 0.4685 0.4685 0.484 0.484 0.486 0.486 0.5195 0.5195 0.538 0.538 0.538 0.5505 0.5505 0.4585 0.4585 0.4695 0.4695 0.4695 0.4645 0.4645 0.442 0.442 0.5095 0.5095 0.5095 0.457 0.457 0.4705 0.4705 0.4855 0.4855 0.4855 0.4865 0.4865 0.5435 0.5435 0.4765 0.4765 0.4765 0.5275 0.5275 0.5645 0.5645 0.5714999 0.5714999 0.5415 0.5415 0.5415 0.618 0.618 0.6021 0.6021 0.6005 0.6005 0.6005 0.5985 0.5985 0.579 0.579 0.5976 0.5976 0.5976 0.4885 0.4885 0.4175 0.4175 0.41 0.41 0.41 0.4305 0.4305 0.4695 0.4695
0.535 0.5295 0.5295 0.4685 0.4685 0.4685 0.484 0.484 0.486 0.486 0.5195 0.5195 0.538 0.538 0.538 0.5505 0.5505 0.4585 0.4585 0.4695 0.4695 0.4695 0.4645 0.4645 0.442 0.442 0.5095 0.5095 0.5095 0.457 0.457 0.4705 0.4705 0.4855 0.4855 0.4855 0.4865 0.4865 0.5435 0.5435 0.4765 0.4765 0.4765 0.5275 0.5275 0.5645 0.5645 0.5714999 0.5714999 0.5415 0.5415 0.5415 0.618 0.618 0.6021 0.6021 0.6005 0.6005 0.6005 0.5985 0.5985 0.579 0.579 0.5976 0.5976 0.5976 0.4885 0.4885 0.4175 0.4175 0.41 0.41 0.41 0.4305 0.4305 0.4695 0.4695
0.535 0.5295 0.5295 0.4685 0.4685 0.4685 0.484 0.484 0.486 0.486 0.5195 0.5195 0.538 0.538 0.538 0.5505 0.5505 0.4585 0.4585 0.4695 0.4695 0.4695 0.4645 0.4645 0.442 0.442 0.5095 0.5095 0.5095 0.457 0.457 0.4705 0.4705 0.4855 0.4855 0.4855 0.4865 0.4865 0.5435 0.5435 0.4765 0.4765 0.4765 0.5275 0.5275 0.5645 0.5645 0.5714999 0.5714999 0.5415 0.5415 0.5415 0.618 0.618 0.6021 0.6021 0.6005 0.6005 0.6005 0.5985 0.5985 0.579 0.579 0.5976 0.5976 0.5976 0.4885 0.4885 0.4175 0.4175 0.41 0.41 0.41 0.4305 0.4305 0.4695 0.4695
