ndvi/NOAA-237.asc
ncols         252
nrows         154
xllcorner     -18.017974
yllcorner     13.481982
cellsize      0.035948
NODATA_value  -9999
[rows 34 to 67 of 154, columns 154 to 230 of 252]
0.132 0.152 0.152 0.1405 0.1405 0.1405 0.1385 0.1385 0.133 0.133 0.1315 0.1315 0.1255 0.1255 0.1255 0.1235 0.1235 0.1255 0.1255 0.136 0.136 0.136 0.1445 0.1445 0.1575 0.1575 0.142 0.142 0.142 0.1355 0.1355 0.1325 0.1325 0.1325 0.1325 0.1325 0.1375 0.1375 0.1355 0.1355 0.134 0.134 0.134 0.1235 0.1235 0.125 0.125 0.1375 0.1375 0.14 0.14 0.14 0.139 0.139 0.137 0.137 0.147 0.147 0.147 0.146 0.146 0.1305 0.1305 0.1315 0.1315 0.1315 0.133 0.133 0.1365 0.1365 0.1415 0.1415 0.1415 0.1465 0.1465 0.127 0.127
0.132 0.152 0.152 0.1405 0.1405 0.1405 0.1385 0.1385 0.133 0.133 0.1315 0.1315 0.1255 0.1255 0.1255 0.1235 0.1235 0.1255 0.1255 0.136 0.136 0.136 0.1445 0.1445 0.1575 0.1575 0.142 0.142 0.142 0.1355 0.1355 0.1325 0.1325 0.1325 0.1325 0.1325 0.1375 0.1375 0.1355 0.1355 0.134 0.134 0.134 0.1235 0.1235 0.125 0.125 0.1375 0.1375 0.14 0.14 0.14 0.139 0.139 0.137 0.137 0.147 0.147 0.147 0.146 0.146 0.1305 0.1305 0.1315 0.1315 0.1315 0.133 0.133 0.1365 0.1365 0.1415 0.1415 0.1415 0.1465 0.1465 0.127 0.127
0.132 0.152 0.152 0.1405 0.1405 0.1405 0.1385 0.1385 0.133 0.133 0.1315 0.1315 0.1255 0.1255 0.1255 0.1235 0.1235 0.1255 0.1255 0.136 0.136 0.136 0.1445 0.1445 0.1575 0.1575 0.142 0.142 0.142 0.1355 0.1355 0.1325 0.1325 0.1325 0.1325 0.1325 0.1375 0.1375 0.1355 0.1355 0.134 0.134 0.134 0.1235 0.1235 0.125 0.125 0.1375 0.1375 0.14 0.14 0.14 0.139 0.139 0.137 0.137 0.147 0.147 0.147 0.146 0.146 0.1305 0.1305 0.1315 0.1315 0.1315 0.133 0.133 0.1365 0.1365 0.1415 0.1415 0.1415 0.1465 0.1465 0.127 0.127
0.1445 0.145 0.145 0.1415 0.1415 0.1415 0.1525 0.1525 0.127 0.127 0.124 0.124 0.1245 0.1245 0.1245 0.1235 0.1235 0.1225 0.1225 0.127 0.127 0.127 0.158 0.158 0.161 0.161 0.16 0.16 0.16 0.156 0.156 0.147 0.147 0.145 0.145 0.145 0.1375 0.1375 0.135 0.135 0.1275 0.1275 0.1275 0.1315 0.1315 0.1385 0.1385 0.15 0.15 0.142 0.142 0.142 0.1445 0.1445 0.1415 0.1415 0.154 0.154 0.154 0.1425 0.1425 0.136 0.136 0.124 0.124 0.124 0.1405 0.1405 0.147 0.147 0.1605 0.1605 0.1605 0.152 0.152 0.144 0.144
0.1445 0.145 0.145 0.1415 0.1415 0.1415 0.1525 0.1525 0.127 0.127 0.124 0.124 0.1245 0.1245 0.1245 0.1235 0.1235 0.1225 0.1225 0.127 0.127 0.127 0.158 0.158 0.161 0.161 0.16 0.16 0.16 0.156 0.156 0.147 0.147 0.145 0.145 0.145 0.1375 0.1375 0.135 0.135 0.1275 0.1275 0.1275 0.1315 0.1315 0.1385 0.1385 0.15 0.15 0.142 0.142 0.142 0.1445 0.1445 0.1415 0.1415 0.154 0.154 0.154 0.1425 0.1425 0.136 0.136 0.124 0.124 0.124 0.1405 0.1405 0.147 0.147 0.1605 0.1605 0.1605 0.152 0.152 0.144 0.144
0.1405 0.1295 0.1295 0.1255 0.1255 0.1255 0.1225 0.1225 0.126 0.126 0.1215 0.1215 0.1205 0.1205 0.1205 0.132 0.132 0.1335 0.1335 0.1485 0.1485 0.1485 0.145 0.145 0.1655 0.1655 0.167 0.167 0.167 0.17 0.17 0.166 0.166 0.163 0.163 0.163 0.148 0.148 0.132 0.132 0.1305 0.1305 0.1305 0.1285 0.1285 0.1435 0.1435 0.167 0.167 0.146 0.146 0.146 0.151 0.151 0.154 0.154 0.1615 0.1615 0.1615 0.151 0.151 0.1465 0.1465 0.1315 0.1315 0.1315 0.1425 0.1425 0.1515 0.1515 0.155 0.155 0.155 0.1415 0.1415 0.1465 0.1465
0.1405 0.1295 0.1295 0.1255 0.1255 0.1255 0.1225 0.1225 0.126 0.126 0.1215 0.1215 0.1205 0.1205 0.1205 0.132 0.132 0.1335 0.1335 0.1485 0.1485 0.1485 0.145 0.145 0.1655 0.1655 0.167 0.167 0.167 0.17 0.17 0.166 0.166 0.163 0.163 0.163 0.148 0.148 0.132 0.132 0.1305 0.1305 0.1305 0.1285 0.1285 0.1435 0.1435 0.167 0.167 0.146 0.146 0.146 0.151 0.151 0.154 0.154 0.1615 0.1615 0.1615 0.151 0.151 0.1465 0.1465 0.1315 0.1315 0.1315 0.1425 0.1425 0.1515 0.1515 0.155 0.155 0.155 0.1415 0.1415 0.1465 0.1465
0.1285 0.1365 0.1365 0.1305 0.1305 0.1305 0.1225 0.1225 0.1375 0.1375 0.14 0.14 0.1325 0.1325 0.1325 0.1385 0.1385 0.154 0.154 0.154 0.154 0.154 0.159 0.159 0.168 0.168 0.169 0.169 0.169 0.1725 0.1725 0.1685 0.1685 0.1645 0.1645 0.1645 0.158 0.158 0.153 0.153 0.1485 0.1485 0.1485 0.147 0.147 0.1495 0.1495 0.153 0.153 0.144 0.144 0.144 0.1375 0.1375 0.154 0.154 0.1525 0.1525 0.1525 0.159 0.159 0.1525 0.1525 0.1585 0.1585 0.1585 0.1535 0.1535 0.156 0.156 0.15 0.15 0.15 0.1595 0.1595 0.1415 0.1415
0.1285 0.1365 0.1365 0.1305 0.1305 0.1305 0.1225 0.1225 0.1375 0.1375 0.14 0.14 0.1325 0.1325 0.1325 0.1385 0.1385 0.154 0.154 0.154 0.154 0.154 0.159 0.159 0.168 0.168 0.169 0.169 0.169 0.1725 0.1725 0.1685 0.1685 0.1645 0.1645 0.1645 0.158 0.158 0.153 0.153 0.1485 0.1485 0.1485 0.147 0.147 0.1495 0.1495 0.153 0.153 0.144 0.144 0.144 0.1375 0.1375 0.154 0.154 0.1525 0.1525 0.1525 0.159 0.159 0.1525 0.1525 0.1585 0.1585 0.1585 0.1535 0.1535 0.156 0.156 0.15 0.15 0.15 0.1595 0.1595 0.1415 0.1415
0.1285 0.1365 0.1365 0.1305 0.1305 0.1305 0.1225 0.1225 0.1375 0.1375 0.14 0.14 0.1325 0.1325 0.1325 0.1385 0.1385 0.154 0.154 0.154 0.154 0.154 0.159 0.159 0.168 0.168 0.169 0.169 0.169 0.1725 0.1725 0.1685 0.1685 0.1645 0.1645 0.1645 0.158 0.158 0.153 0.153 0.1485 0.1485 0.1485 0.147 0.147 0.1495 0.1495 0.153 0.153 0.144 0.144 0.144 0.1375 0.1375 0.154 0.154 0.1525 0.1525 0.1525 0.159 0.159 0.1525 0.1525 0.1585 0.1585 0.1585 0.1535 0.1535 0.156 0.156 0.15 0.15 0.15 0.1595 0.1595 0.1415 0.1415
0.116 0.1515 0.1515 0.154 0.154 0.154 0.1335 0.1335 0.1295 0.1295 0.1475 0.1475 0.1565 0.1565 0.1565 0.16 0.16 0.209 0.209 0.1865 0.1865 0.1865 0.1565 0.1565 0.1645 0.1645 0.174 0.174 0.174 0.185 0.185 0.201 0.201 0.1855 0.1855 0.1855 0.17 0.17 0.159 0.159 0.1705 0.1705 0.1705 0.159 0.159 0.1575 0.1575 0.1695 0.1695 0.176 0.176 0.176 0.185 0.185 0.1885 0.1885 0.158 0.158 0.158 0.153 0.153 0.162 0.162 0.1655 0.1655 0.1655 0.1625 0.1625 0.152 0.152 0.1505 0.1505 0.1505 0.15 0.15 0.1415 0.1415
0.116 0.1515 0.1515 0.154 0.154 0.154 0.1335 0.1335 0.1295 0.1295 0.1475 0.1475 0.1565 0.1565 0.1565 0.16 0.16 0.209 0.209 0.1865 0.1865 0.1865 0.1565 0.1565 0.1645 0.1645 0.174 0.174 0.174 0.185 0.185 0.201 0.201 0.1855 0.1855 0.1855 0.17 0.17 0.159 0.159 0.1705 0.1705 0.1705 0.159 0.159 0.1575 0.1575 0.1695 0.1695 0.176 0.176 0.176 0.185 0.185 0.1885 0.1885 0.158 0.158 0.158 0.153 0.153 0.162 0.162 0.1655 0.1655 0.1655 0.1625 0.1625 0.152 0.152 0.1505 0.1505 0.1505 0.15 0.15 0.1415 0.1415
0.1635 0.1645 0.1645 0.198 0.198 0.198 0.1985 0.1985 0.194 0.194 0.207 0.207 0.2245 0.2245 0.2245 0.21 0.21 0.208 0.208 0.185 0.185 0.185 0.1845 0.1845 0.177 0.177 0.226 0.226 0.226 0.21 0.21 0.204 0.204 0.1885 0.1885 0.1885 0.175 0.175 0.174 0.174 0.1855 0.1855 0.1855 0.1915 0.1915 0.1935 0.1935 0.2205 0.2205 0.197 0.197 0.197 0.185 0.185 0.173 0.173 0.178 0.178 0.178 0.179 0.179 0.1625 0.1625 0.165 0.165 0.165 0.1605 0.1605 0.1525 0.1525 0.153 0.153 0.153 0.1695 0.1695 0.166 0.166
0.1635 0.1645 0.1645 0.198 0.198 0.198 0.1985 0.1985 0.194 0.194 0.207 0.207 0.2245 0.2245 0.2245 0.21 0.21 0.208 0.208 0.185 0.185 0.185 0.1845 0.1845 0.177 0.177 0.226 0.226 0.226 0.21 0.21 0.204 0.204 0.1885 0.1885 0.1885 0.175 0.175 0.174 0.174 0.1855 0.1855 0.1855 0.1915 0.1915 0.1935 0.1935 0.2205 0.2205 0.197 0.197 0.197 0.185 0.185 0.173 0.173 0.178 0.178 0.178 0.179 0.179 0.1625 0.1625 0.165 0.165 0.165 0.1605 0.1605 0.1525 0.1525 0.153 0.153 0.153 0.1695 0.1695 0.166 0.166
0.155 0.1905 0.1905 0.1975 0.1975 0.1975 0.2115 0.2115 0.241 0.241 0.2195 0.2195 0.212 0.212 0.212 0.2075 0.2075 0.198 0.198 0.1805 0.1805 0.1805 0.185 0.185 0.224 0.224 0.237 0.237 0.237 0.2325 0.2325 0.2165 0.2165 0.2235 0.2235 0.2235 0.1925 0.1925 0.187 0.187 0.2065 0.2065 0.2065 0.2215 0.2215 0.207 0.207 0.205 0.205 0.1895 0.1895 0.1895 0.187 0.187 0.186 0.186 0.1985 0.1985 0.1985 0.1775 0.1775 0.168 0.168 0.161 0.161 0.161 0.1575 0.1575 0.159 0.159 0.1835 0.1835 0.1835 0.1675 0.1675 0.175 0.175
0.155 0.1905 0.1905 0.1975 0.1975 0.1975 0.2115 0.2115 0.241 0.241 0.2195 0.2195 0.212 0.212 0.212 0.2075 0.2075 0.198 0.198 0.1805 0.1805 0.1805 0.185 0.185 0.224 0.224 0.237 0.237 0.237 0.2325 0.2325 0.2165 0.2165 0.2235 0.2235 0.2235 0.1925 0.1925 0.187 0.187 0.2065 0.2065 0.2065 0.2215 0.2215 0.207 0.207 0.205 0.205 0.1895 0.1895 0.1895 0.187 0.187 0.186 0.186 0.1985 0.1985 0.1985 0.1775 0.1775 0.168 0.168 0.161 0.161 0.161 0.1575 0.1575 0.159 0.159 0.1835 0.1835 0.1835 0.1675 0.1675 0.175 0.175
0.155 0.1905 0.1905 0.1975 0.1975 0.1975 0.2115 0.2115 0.241 0.241 0.2195 0.2195 0.212 0.212 0.212 0.2075 0.2075 0.198 0.198 0.1805 0.1805 0.1805 0.185 0.185 0.224 0.224 0.237 0.237 0.237 0.2325 0.2325 0.2165 0.2165 0.2235 0.2235 0.2235 0.1925 0.1925 0.187 0.187 0.2065 0.2065 0.2065 0.2215 0.2215 0.207 0.207 0.205 0.205 0.1895 0.1895 0.1895 0.187 0.187 0.186 0.186 0.1985 0.1985 0.1985 0.1775 0.1775 0.168 0.168 0.161 0.161 0.161 0.1575 0.1575 0.159 0.159 0.1835 0.1835 0.1835 0.1675 0.1675 0.175 0.175
0.1595 0.1845 0.1845 0.2225 0.2225 0.2225 0.228 0.228 0.2435 0.2435 0.243 0.243 0.2195 0.2195 0.2195 0.2 0.2 0.1865 0.1865 0.172 0.172 0.172 0.178 0.178 0.201 0.201 0.236 0.236 0.236 0.25 0.25 0.24 0.24 0.23 0.23 0.23 0.1995 0.1995 0.208 0.208 0.2275 0.2275 0.2275 0.2315 0.2315 0.21 0.21 0.194 0.194 0.1565 0.1565 0.1565 0.1685 0.1685 0.197 0.197 0.2195 0.2195 0.2195 0.2355 0.2355 0.207 0.207 0.188 0.188 0.188 0.171 0.171 0.1575 0.1575 0.167 0.167 0.167 0.1775 0.1775 0.173 0.173
0.1595 0.1845 0.1845 0.2225 0.2225 0.2225 0.228 0.228 0.2435 0.2435 0.243 0.243 0.2195 0.2195 0.2195 0.2 0.2 0.1865 0.1865 0.172 0.172 0.172 0.178 0.178 0.201 0.201 0.236 0.236 0.236 0.25 0.25 0.24 0.24 0.23 0.23 0.23 0.1995 0.1995 0.208 0.208 0.2275 0.2275 0.2275 0.2315 0.2315 0.21 0.21 0.194 0.194 0.1565 0.1565 0.1565 0.1685 0.1685 0.197 0.197 0.2195 0.2195 0.2195 0.2355 0.2355 0.207 0.207 0.188 0.188 0.188 0.171 0.171 0.1575 0.1575 0.167 0.167 0.167 0.1775 0.1775 0.173 0.173
0.1445 0.171 0.171 0.221 0.221 0.221 0.236 0.236 0.247 0.247 0.2545 0.2545 0.243 0.243 0.243 0.2355 0.2355 0.2035 0.2035 0.1775 0.1775 0.1775 0.2215 0.2215 0.2465 0.2465 0.256 0.256 0.256 0.2775 0.2775 0.266 0.266 0.273 0.273 0.273 0.249 0.249 0.252 0.252 0.23 0.23 0.23 0.2265 0.2265 0.206 0.206 0.217 0.217 0.165 0.165 0.165 0.2085 0.2085 0.2395 0.2395 0.2415 0.2415 0.2415 0.2435 0.2435 0.208 0.208 0.251 0.251 0.251 0.214 0.214 0.2205 0.2205 0.2235 0.2235 0.2235 0.265 0.265 0.259 0.259
0.1445 0.171 0.171 0.221 0.221 0.221 0.236 0.236 0.247 0.247 0.2545 0.2545 0.243 0.243 0.243 0.2355 0.2355 0.2035 0.2035 0.1775 0.1775 0.1775 0.2215 0.2215 0.2465 0.2465 0.256 0.256 0.256 0.2775 0.2775 0.266 0.266 0.273 0.273 0.273 0.249 0.249 0.252 0.252 0.23 0.23 0.23 0.2265 0.2265 0.206 0.206 0.217 0.217 0.165 0.165 0.165 0.2085 0.2085 0.2395 0.2395 0.2415 0.2415 0.2415 0.2435 0.2435 0.208 0.208 0.251 0.251 0.251 0.214 0.214 0.2205 0.2205 0.2235 0.2235 0.2235 0.265 0.265 0.259 0.259
0.1655 0.1515 0.1515 0.217 0.217 0.217 0.2165 0.2165 0.224 0.224 0.2405 0.2405 0.2585 0.2585 0.2585 0.262 0.262 0.2435 0.2435 0.254 0.254 0.254 0.27 0.27 0.285 0.285 0.251 0.251 0.251 0.2545 0.2545 0.2665 0.2665 0.2865 0.2865 0.2865 0.28 0.28 0.293 0.293 0.2735 0.2735 0.2735 0.2475 0.2475 0.251 0.251 0.2285 0.2285 0.233 0.233 0.233 0.2395 0.2395 0.2135 0.2135 0.221 0.221 0.221 0.2495 0.2495 0.258 0.258 0.266 0.266 0.266 0.234 0.234 0.2285 0.2285 0.238 0.238 0.238 0.273 0.273 0.2645 0.2645
0.1655 0.1515 0.1515 0.217 0.217 0.217 0.2165 0.2165 0.224 0.224 0.2405 0.2405 0.2585 0.2585 0.2585 0.262 0.262 0.2435 0.2435 0.254 0.254 0.254 0.27 0.27 0.285 0.285 0.251 0.251 0.251 0.2545 0.2545 0.2665 0.2665 0.2865 0.2865 0.2865 0.28 0.28 0.293 0.293 0.2735 0.2735 0.2735 0.2475 0.2475 0.251 0.251 0.2285 0.2285 0.233 0.233 0.233 0.2395 0.2395 0.2135 0.2135 0.221 0.221 0.221 0.2495 0.2495 0.258 0.258 0.266 0.266 0.266 0.234 0.234 0.2285 0.2285 0.238 0.238 0.238 0.273 0.273 0.2645 0.2645
0.155 0.148 0.148 0.2235 0.2235 0.2235 0.298 0.298 0.25 0.25 0.254 0.254 0.2565 0.2565 0.2565 0.24 0.24 0.2865 0.2865 0.2835 0.2835 0.2835 0.281 0.281 0.2685 0.2685 0.269 0.269 0.269 0.2925 0.2925 0.273 0.273 0.2775 0.2775 0.2775 0.278 0.278 0.271 0.271 0.2675 0.2675 0.2675 0.2065 0.2065 0.2165 0.2165 0.2005 0.2005 0.2165 0.2165 0.2165 0.237 0.237 0.1925 0.1925 0.221 0.221 0.221 0.224 0.224 0.2585 0.2585 0.255 0.255 0.255 0.255 0.255 0.262 0.262 0.251 0.251 0.251 0.265 0.265 0.277 0.277
0.155 0.148 0.148 0.2235 0.2235 0.2235 0.298 0.298 0.25 0.25 0.254 0.254 0.2565 0.2565 0.2565 0.24 0.24 0.2865 0.2865 0.2835 0.2835 0.2835 0.281 0.281 0.2685 0.2685 0.269 0.269 0.269 0.2925 0.2925 0.273 0.273 0.2775 0.2775 0.2775 0.278 0.278 0.271 0.271 0.2675 0.2675 0.2675 0.2065 0.2065 0.2165 0.2165 0.2005 0.2005 0.2165 0.2165 0.2165 0.237 0.237 0.1925 0.1925 0.221 0.221 0.221 0.224 0.224 0.2585 0.2585 0.255 0.255 0.255 0.255 0.255 0.262 0.262 0.251 0.251 0.251 0.265 0.265 0.277 0.277
0.155 0.148 0.148 0.2235 0.2235 0.2235 0.298 0.298 0.25 0.25 0.254 0.254 0.2565 0.2565 0.2565 0.24 0.24 0.2865 0.2865 0.2835 0.2835 0.2835 0.281 0.281 0.2685 0.2685 0.269 0.269 0.269 0.2925 0.2925 0.273 0.273 0.2775 0.2775 0.2775 0.278 0.278 0.271 0.271 0.2675 0.2675 0.2675 0.2065 0.2065 0.2165 0.2165 0.2005 0.2005 0.2165 0.2165 0.2165 0.237 0.237 0.1925 0.1925 0.221 0.221 0.221 0.224 0.224 0.2585 0.2585 0.255 0.255 0.255 0.255 0.255 0.262 0.262 0.251 0.251 0.251 0.265 0.265 0.277 0.277
0.165 0.2025 0.2025 0.2185 0.2185 0.2185 0.215 0.215 0.232 0.232 0.2585 0.2585 0.253 0.253 0.253 0.2645 0.2645 0.282 0.282 0.306 0.306 0.306 0.3105 0.3105 0.2705 0.2705 0.2755 0.2755 0.2755 0.268 0.268 0.29 0.29 0.272 0.272 0.272 0.293 0.293 0.286 0.286 0.303 0.303 0.303 0.2595 0.2595 0.1985 0.1985 0.2295 0.2295 0.224 0.224 0.224 0.2 0.2 0.2285 0.2285 0.2155 0.2155 0.2155 0.2275 0.2275 0.2655 0.2655 0.2755 0.2755 0.2755 0.2665 0.2665 0.244 0.244 0.238 0.238 0.238 0.287 0.287 0.2505 0.2505
0.165 0.2025 0.2025 0.2185 0.2185 0.2185 0.215 0.215 0.232 0.232 0.2585 0.2585 0.253 0.253 0.253 0.2645 0.2645 0.282 0.282 0.306 0.306 0.306 0.3105 0.3105 0.2705 0.2705 0.2755 0.2755 0.2755 0.268 0.268 0.29 0.29 0.272 0.272 0.272 0.293 0.293 0.286 0.286 0.303 0.303 0.303 0.2595 0.2595 0.1985 0.1985 0.2295 0.2295 0.224 0.224 0.224 0.2 0.2 0.2285 0.2285 0.2155 0.2155 0.2155 0.2275 0.2275 0.2655 0.2655 0.2755 0.2755 0.2755 0.2665 0.2665 0.244 0.244 0.238 0.238 0.238 0.287 0.287 0.2505 0.2505
0.1975 0.201 0.201 0.179 0.179 0.179 0.2065 0.2065 0.238 0.238 0.283 0.283 0.311 0.311 0.311 0.3135 0.3135 0.3205 0.3205 0.306 0.306 0.306 0.3045 0.3045 0.282 0.282 0.253 0.253 0.253 0.2635 0.2635 0.3085 0.3085 0.301 0.301 0.301 0.325 0.325 0.2895 0.2895 0.2655 0.2655 0.2655 0.2675 0.2675 0.2605 0.2605 0.281 0.281 0.2895 0.2895 0.2895 0.293 0.293 0.233 0.233 0.2465 0.2465 0.2465 0.247 0.247 0.241 0.241 0.3035 0.3035 0.3035 0.295 0.295 0.2595 0.2595 0.252 0.252 0.252 0.27 0.27 0.2765 0.2765
0.1975 0.201 0.201 0.179 0.179 0.179 0.2065 0.2065 0.238 0.238 0.283 0.283 0.311 0.311 0.311 0.3135 0.3135 0.3205 0.3205 0.306 0.306 0.306 0.3045 0.3045 0.282 0.282 0.253 0.253 0.253 0.2635 0.2635 0.3085 0.3085 0.301 0.301 0.301 0.325 0.325 0.2895 0.2895 0.2655 0.2655 0.2655 0.2675 0.2675 0.2605 0.2605 0.281 0.281 0.2895 0.2895 0.2895 0.293 0.293 0.233 0.233 0.2465 0.2465 0.2465 0.247 0.247 0.241 0.241 0.3035 0.3035 0.3035 0.295 0.295 0.2595 0.2595 0.252 0.252 0.252 0.27 0.27 0.2765 0.2765
0.211 0.2655 0.2655 0.2285 0.2285 0.2285 0.233 0.233 0.215 0.215 0.3075 0.3075 0.2885 0.2885 0.2885 0.306 0.306 0.3715 0.3715 0.3405 0.3405 0.3405 0.356 0.356 0.3415 0.3415 0.3315 0.3315 0.3315 0.292 0.292 0.297 0.297 0.312 0.312 0.312 0.3905 0.3905 0.365 0.365 0.3425 0.3425 0.3425 0.323 0.323 0.306 0.306 0.322 0.322 0.3 0.3 0.3 0.3425 0.3425 0.3225 0.3225 0.295 0.295 0.295 0.2745 0.2745 0.29 0.29 0.3395 0.3395 0.3395 0.2845 0.2845 0.2935 0.2935 0.256 0.256 0.256 0.2605 0.2605 0.27 0.27
0.211 0.2655 0.2655 0.2285 0.2285 0.2285 0.233 0.233 0.215 0.215 0.3075 0.3075 0.2885 0.2885 0.2885 0.306 0.306 0.3715 0.3715 0.3405 0.3405 0.3405 0.356 0.356 0.3415 0.3415 0.3315 0.3315 0.3315 0.292 0.292 0.297 0.297 0.312 0.312 0.312 0.3905 0.3905 0.365 0.365 0.3425 0.3425 0.3425 0.323 0.323 0.306 0.306 0.322 0.322 0.3 0.3 0.3 0.3425 0.3425 0.3225 0.3225 0.295 0.295 0.295 0.2745 0.2745 0.29 0.29 0.3395 0.3395 0.3395 0.2845 0.2845 0.2935 0.2935 0.256 0.256 0.256 0.2605 0.2605 0.27 0.27
0.211 0.2655 0.2655 0.2285 0.2285 0.2285 0.233 0.233 0.215 0.215 0.3075 0.3075 0.2885 0.2885 0.2885 0.306 0.306 0.3715 0.3715 0.3405 0.3405 0.3405 0.356 0.356 0.3415 0.3415 0.3315 0.3315 0.3315 0.292 0.292 0.297 0.297 0.312 0.312 0.312 0.3905 0.3905 0.365 0.365 0.3425 0.3425 0.3425 0.323 0.323 0.306 0.306 0.322 0.322 0.3 0.3 0.3 0.3425 0.3425 0.3225 0.3225 0.295 0.295 0.295 0.2745 0.2745 0.29 0.29 0.3395 0.3395 0.3395 0.2845 0.2845 0.2935 0.2935 0.256 0.256 0.256 0.2605 0.2605 0.27 0.27
0.206 0.264 0.264 0.226 0.226 0.226 0.201 0.201 0.244 0.244 0.273 0.273 0.2975 0.2975 0.2975 0.3175 0.3175 0.369 0.369 0.4685 0.4685 0.4685 0.396 0.396 0.343 0.343 0.3365 0.3365 0.3365 0.3555 0.3555 0.3695 0.3695 0.348 0.348 0.348 0.344 0.344 0.3425 0.3425 0.3485 0.3485 0.3485 0.3605 0.3605 0.347 0.347 0.324 0.324 0.3185 0.3185 0.3185 0.3395 0.3395 0.3415 0.3415 0.3115 0.3115 0.3115 0.337 0.337 0.3225 0.3225 0.311 0.311 0.311 0.2815 0.2815 0.2925 0.2925 0.3155 0.3155 0.3155 0.3505 0.3505 0.345 0.345
