ndvi/NOAA-341.asc
ncols         252
nrows         154
xllcorner     -18.017974
yllcorner     13.481982
cellsize      0.035948
NODATA_value  -9999
[rows 102 to 135 of 154, columns 156 to 233 of 252]
0.181 0.193 0.193 0.193 0.139 0.139 0.1575 0.1575 0.174 0.174 0.194 0.194 0.194 0.1995 0.1995 0.193 0.193 0.2195 0.2195 0.2195 0.2215 0.2215 0.203 0.203 0.2135 0.2135 0.2135 0.216 0.216 0.216 0.216 0.185 0.185 0.185 0.1995 0.1995 0.1945 0.1945 0.1925 0.1925 0.1925 0.1825 0.1825 0.201 0.201 0.1785 0.1785 0.157 0.157 0.157 0.171 0.171 0.162 0.162 0.1515 0.1515 0.1515 0.1665 0.1665 0.158 0.158 0.159 0.159 0.159 0.178 0.178 0.163 0.163 0.151 0.151 0.151 0.1715 0.1715 0.1845 0.1845 0.1815 0.1815 0.1815
0.1945 0.187 0.187 0.187 0.167 0.167 0.168 0.168 0.209 0.209 0.1965 0.1965 0.1965 0.2045 0.2045 0.1965 0.1965 0.22 0.22 0.22 0.216 0.216 0.194 0.194 0.185 0.185 0.185 0.225 0.225 0.2125 0.2125 0.2015 0.2015 0.2015 0.2 0.2 0.19 0.19 0.1975 0.1975 0.1975 0.183 0.183 0.1975 0.1975 0.187 0.187 0.1975 0.1975 0.1975 0.1785 0.1785 0.1935 0.1935 0.1895 0.1895 0.1895 0.1715 0.1715 0.1745 0.1745 0.1855 0.1855 0.1855 0.167 0.167 0.1515 0.1515 0.143 0.143 0.143 0.157 0.157 0.152 0.152 0.1695 0.1695 0.1695
0.1945 0.187 0.187 0.187 0.167 0.167 0.168 0.168 0.209 0.209 0.1965 0.1965 0.1965 0.2045 0.2045 0.1965 0.1965 0.22 0.22 0.22 0.216 0.216 0.194 0.194 0.185 0.185 0.185 0.225 0.225 0.2125 0.2125 0.2015 0.2015 0.2015 0.2 0.2 0.19 0.19 0.1975 0.1975 0.1975 0.183 0.183 0.1975 0.1975 0.187 0.187 0.1975 0.1975 0.1975 0.1785 0.1785 0.1935 0.1935 0.1895 0.1895 0.1895 0.1715 0.1715 0.1745 0.1745 0.1855 0.1855 0.1855 0.167 0.167 0.1515 0.1515 0.143 0.143 0.143 0.157 0.157 0.152 0.152 0.1695 0.1695 0.1695
0.1945 0.187 0.187 0.187 0.167 0.167 0.168 0.168 0.209 0.209 0.1965 0.1965 0.1965 0.2045 0.2045 0.1965 0.1965 0.22 0.22 0.22 0.216 0.216 0.194 0.194 0.185 0.185 0.185 0.225 0.225 0.2125 0.2125 0.2015 0.2015 0.2015 0.2 0.2 0.19 0.19 0.1975 0.1975 0.1975 0.183 0.183 0.1975 0.1975 0.187 0.187 0.1975 0.1975 0.1975 0.1785 0.1785 0.1935 0.1935 0.1895 0.1895 0.1895 0.1715 0.1715 0.1745 0.1745 0.1855 0.1855 0.1855 0.167 0.167 0.1515 0.1515 0.143 0.143 0.143 0.157 0.157 0.152 0.152 0.1695 0.1695 0.1695
0.201 0.1795 0.1795 0.1795 0.179 0.179 0.1905 0.1905 0.2245 0.2245 0.2405 0.2405 0.2405 0.1845 0.1845 0.2015 0.2015 0.198 0.198 0.198 0.199 0.199 0.1995 0.1995 0.2225 0.2225 0.2225 0.255 0.255 0.2525 0.2525 0.225 0.225 0.225 0.2215 0.2215 0.1945 0.1945 0.1945 0.1945 0.1945 0.1905 0.1905 0.193 0.193 0.1665 0.1665 0.2135 0.2135 0.2135 0.1985 0.1985 0.2065 0.2065 0.175 0.175 0.175 0.1625 0.1625 0.175 0.175 0.173 0.173 0.173 0.1685 0.1685 0.1495 0.1495 0.157 0.157 0.157 0.1935 0.1935 0.1805 0.1805 0.1575 0.1575 0.1575
0.201 0.1795 0.1795 0.1795 0.179 0.179 0.1905 0.1905 0.2245 0.2245 0.2405 0.2405 0.2405 0.1845 0.1845 0.2015 0.2015 0.198 0.198 0.198 0.199 0.199 0.1995 0.1995 0.2225 0.2225 0.2225 0.255 0.255 0.2525 0.2525 0.225 0.225 0.225 0.2215 0.2215 0.1945 0.1945 0.1945 0.1945 0.1945 0.1905 0.1905 0.193 0.193 0.1665 0.1665 0.2135 0.2135 0.2135 0.1985 0.1985 0.2065 0.2065 0.175 0.175 0.175 0.1625 0.1625 0.175 0.175 0.173 0.173 0.173 0.1685 0.1685 0.1495 0.1495 0.157 0.157 0.157 0.1935 0.1935 0.1805 0.1805 0.1575 0.1575 0.1575
0.227 0.227 0.227 0.227 0.2525 0.2525 0.2525 0.2525 0.2455 0.2455 0.2325 0.2325 0.2325 0.2105 0.2105 0.1925 0.1925 0.1985 0.1985 0.1985 0.193 0.193 0.203 0.203 0.223 0.223 0.223 0.2205 0.2205 0.23 0.23 0.228 0.228 0.228 0.2375 0.2375 0.223 0.223 0.196 0.196 0.196 0.2015 0.2015 0.192 0.192 0.18 0.18 0.1645 0.1645 0.1645 0.144 0.144 0.1245 0.1245 0.131 0.131 0.131 0.1775 0.1775 0.189 0.189 0.197 0.197 0.197 0.1785 0.1785 0.1715 0.1715 0.194 0.194 0.194 0.2145 0.2145 0.213 0.213 0.217 0.217 0.217
0.227 0.227 0.227 0.227 0.2525 0.2525 0.2525 0.2525 0.2455 0.2455 0.2325 0.2325 0.2325 0.2105 0.2105 0.1925 0.1925 0.1985 0.1985 0.1985 0.193 0.193 0.203 0.203 0.223 0.223 0.223 0.2205 0.2205 0.23 0.23 0.228 0.228 0.228 0.2375 0.2375 0.223 0.223 0.196 0.196 0.196 0.2015 0.2015 0.192 0.192 0.18 0.18 0.1645 0.1645 0.1645 0.144 0.144 0.1245 0.1245 0.131 0.131 0.131 0.1775 0.1775 0.189 0.189 0.197 0.197 0.197 0.1785 0.1785 0.1715 0.1715 0.194 0.194 0.194 0.2145 0.2145 0.213 0.213 0.217 0.217 0.217
0.2135 0.2115 0.2115 0.2115 0.237 0.237 0.225 0.225 0.228 0.228 0.2275 0.2275 0.2275 0.2335 0.2335 0.193 0.193 0.2035 0.2035 0.2035 0.2155 0.2155 0.224 0.224 0.227 0.227 0.227 0.2335 0.2335 0.2095 0.2095 0.236 0.236 0.236 0.2335 0.2335 0.2125 0.2125 0.198 0.198 0.198 0.2225 0.2225 0.187 0.187 0.1905 0.1905 0.1705 0.1705 0.1705 0.1215 0.1215 0.1635 0.1635 0.201 0.201 0.201 0.2315 0.2315 0.1835 0.1835 0.2035 0.2035 0.2035 0.2015 0.2015 0.201 0.201 0.206 0.206 0.206 0.191 0.191 0.1835 0.1835 0.211 0.211 0.211
0.2135 0.2115 0.2115 0.2115 0.237 0.237 0.225 0.225 0.228 0.228 0.2275 0.2275 0.2275 0.2335 0.2335 0.193 0.193 0.2035 0.2035 0.2035 0.2155 0.2155 0.224 0.224 0.227 0.227 0.227 0.2335 0.2335 0.2095 0.2095 0.236 0.236 0.236 0.2335 0.2335 0.2125 0.2125 0.198 0.198 0.198 0.2225 0.2225 0.187 0.187 0.1905 0.1905 0.1705 0.1705 0.1705 0.1215 0.1215 0.1635 0.1635 0.201 0.201 0.201 0.2315 0.2315 0.1835 0.1835 0.2035 0.2035 0.2035 0.2015 0.2015 0.201 0.201 0.206 0.206 0.206 0.191 0.191 0.1835 0.1835 0.211 0.211 0.211
0.2135 0.2115 0.2115 0.2115 0.237 0.237 0.225 0.225 0.228 0.228 0.2275 0.2275 0.2275 0.2335 0.2335 0.193 0.193 0.2035 0.2035 0.2035 0.2155 0.2155 0.224 0.224 0.227 0.227 0.227 0.2335 0.2335 0.2095 0.2095 0.236 0.236 0.236 0.2335 0.2335 0.2125 0.2125 0.198 0.198 0.198 0.2225 0.2225 0.187 0.187 0.1905 0.1905 0.1705 0.1705 0.1705 0.1215 0.1215 0.1635 0.1635 0.201 0.201 0.201 0.2315 0.2315 0.1835 0.1835 0.2035 0.2035 0.2035 0.2015 0.2015 0.201 0.201 0.206 0.206 0.206 0.191 0.191 0.1835 0.1835 0.211 0.211 0.211
0.2305 0.2075 0.2075 0.2075 0.234 0.234 0.221 0.221 0.2355 0.2355 0.2275 0.2275 0.2275 0.2385 0.2385 0.2385 0.2385 0.2345 0.2345 0.2345 0.2355 0.2355 0.2375 0.2375 0.2355 0.2355 0.2355 0.232 0.232 0.228 0.228 0.206 0.206 0.206 0.193 0.193 0.1905 0.1905 0.1665 0.1665 0.1665 0.2025 0.2025 0.208 0.208 0.217 0.217 0.1845 0.1845 0.1845 0.197 0.197 0.2255 0.2255 0.2235 0.2235 0.2235 0.1995 0.1995 0.1815 0.1815 0.1955 0.1955 0.1955 0.215 0.215 0.2085 0.2085 0.2065 0.2065 0.2065 0.21 0.21 0.1905 0.1905 0.1915 0.1915 0.1915
0.2305 0.2075 0.2075 0.2075 0.234 0.234 0.221 0.221 0.2355 0.2355 0.2275 0.2275 0.2275 0.2385 0.2385 0.2385 0.2385 0.2345 0.2345 0.2345 0.2355 0.2355 0.2375 0.2375 0.2355 0.2355 0.2355 0.232 0.232 0.228 0.228 0.206 0.206 0.206 0.193 0.193 0.1905 0.1905 0.1665 0.1665 0.1665 0.2025 0.2025 0.208 0.208 0.217 0.217 0.1845 0.1845 0.1845 0.197 0.197 0.2255 0.2255 0.2235 0.2235 0.2235 0.1995 0.1995 0.1815 0.1815 0.1955 0.1955 0.1955 0.215 0.215 0.2085 0.2085 0.2065 0.2065 0.2065 0.21 0.21 0.1905 0.1905 0.1915 0.1915 0.1915
0.222 0.231 0.231 0.231 0.2215 0.2215 0.21 0.21 0.2225 0.2225 0.217 0.217 0.217 0.2375 0.2375 0.2415 0.2415 0.2255 0.2255 0.2255 0.236 0.236 0.2465 0.2465 0.223 0.223 0.223 0.204 0.204 0.2285 0.2285 0.2555 0.2555 0.2555 0.222 0.222 0.1865 0.1865 0.1985 0.1985 0.1985 0.208 0.208 0.181 0.181 0.133 0.133 0.1525 0.1525 0.1525 0.193 0.193 0.1975 0.1975 0.207 0.207 0.207 0.1865 0.1865 0.189 0.189 0.196 0.196 0.196 0.2325 0.2325 0.2155 0.2155 0.2255 0.2255 0.2255 0.21 0.21 0.1965 0.1965 0.197 0.197 0.197
0.222 0.231 0.231 0.231 0.2215 0.2215 0.21 0.21 0.2225 0.2225 0.217 0.217 0.217 0.2375 0.2375 0.2415 0.2415 0.2255 0.2255 0.2255 0.236 0.236 0.2465 0.2465 0.223 0.223 0.223 0.204 0.204 0.2285 0.2285 0.2555 0.2555 0.2555 0.222 0.222 0.1865 0.1865 0.1985 0.1985 0.1985 0.208 0.208 0.181 0.181 0.133 0.133 0.1525 0.1525 0.1525 0.193 0.193 0.1975 0.1975 0.207 0.207 0.207 0.1865 0.1865 0.189 0.189 0.196 0.196 0.196 0.2325 0.2325 0.2155 0.2155 0.2255 0.2255 0.2255 0.21 0.21 0.1965 0.1965 0.197 0.197 0.197
0.221 0.1925 0.1925 0.1925 0.22 0.22 0.21 0.21 0.2375 0.2375 0.221 0.221 0.221 0.2425 0.2425 0.2285 0.2285 0.2485 0.2485 0.2485 0.2415 0.2415 0.2275 0.2275 0.215 0.215 0.215 0.2405 0.2405 0.2295 0.2295 0.194 0.194 0.194 0.194 0.194 0.174 0.174 0.1685 0.1685 0.1685 0.1335 0.1335 0.1685 0.1685 0.1675 0.1675 0.1825 0.1825 0.1825 0.196 0.196 0.1995 0.1995 0.2065 0.2065 0.2065 0.1985 0.1985 0.234 0.234 0.2205 0.2205 0.2205 0.2475 0.2475 0.23 0.23 0.231 0.231 0.231 0.219 0.219 0.213 0.213 0.2055 0.2055 0.2055
0.221 0.1925 0.1925 0.1925 0.22 0.22 0.21 0.21 0.2375 0.2375 0.221 0.221 0.221 0.2425 0.2425 0.2285 0.2285 0.2485 0.2485 0.2485 0.2415 0.2415 0.2275 0.2275 0.215 0.215 0.215 0.2405 0.2405 0.2295 0.2295 0.194 0.194 0.194 0.194 0.194 0.174 0.174 0.1685 0.1685 0.1685 0.1335 0.1335 0.1685 0.1685 0.1675 0.1675 0.1825 0.1825 0.1825 0.196 0.196 0.1995 0.1995 0.2065 0.2065 0.2065 0.1985 0.1985 0.234 0.234 0.2205 0.2205 0.2205 0.2475 0.2475 0.23 0.23 0.231 0.231 0.231 0.219 0.219 0.213 0.213 0.2055 0.2055 0.2055
0.221 0.1925 0.1925 0.1925 0.22 0.22 0.21 0.21 0.2375 0.2375 0.221 0.221 0.221 0.2425 0.2425 0.2285 0.2285 0.2485 0.2485 0.2485 0.2415 0.2415 0.2275 0.2275 0.215 0.215 0.215 0.2405 0.2405 0.2295 0.2295 0.194 0.194 0.194 0.194 0.194 0.174 0.174 0.1685 0.1685 0.1685 0.1335 0.1335 0.1685 0.1685 0.1675 0.1675 0.1825 0.1825 0.1825 0.196 0.196 0.1995 0.1995 0.2065 0.2065 0.2065 0.1985 0.1985 0.234 0.234 0.2205 0.2205 0.2205 0.2475 0.2475 0.23 0.23 0.231 0.231 0.231 0.219 0.219 0.213 0.213 0.2055 0.2055 0.2055
0.204 0.2215 0.2215 0.2215 0.2265 0.2265 0.2515 0.2515 0.228 0.228 0.227 0.227 0.227 0.2265 0.2265 0.2215 0.2215 0.2235 0.2235 0.2235 0.213 0.213 0.2095 0.2095 0.2355 0.2355 0.2355 0.218 0.218 0.245 0.245 0.2165 0.2165 0.2165 0.224 0.224 0.2015 0.2015 0.1765 0.1765 0.1765 0.177 0.177 0.1945 0.1945 0.176 0.176 0.1805 0.1805 0.1805 0.2295 0.2295 0.2105 0.2105 0.2215 0.2215 0.2215 0.206 0.206 0.215 0.215 0.2375 0.2375 0.2375 0.2 0.2 0.2205 0.2205 0.223 0.223 0.223 0.2175 0.2175 0.2025 0.2025 0.2025 0.2025 0.2025
0.204 0.2215 0.2215 0.2215 0.2265 0.2265 0.2515 0.2515 0.228 0.228 0.227 0.227 0.227 0.2265 0.2265 0.2215 0.2215 0.2235 0.2235 0.2235 0.213 0.213 0.2095 0.2095 0.2355 0.2355 0.2355 0.218 0.218 0.245 0.245 0.2165 0.2165 0.2165 0.224 0.224 0.2015 0.2015 0.1765 0.1765 0.1765 0.177 0.177 0.1945 0.1945 0.176 0.176 0.1805 0.1805 0.1805 0.2295 0.2295 0.2105 0.2105 0.2215 0.2215 0.2215 0.206 0.206 0.215 0.215 0.2375 0.2375 0.2375 0.2 0.2 0.2205 0.2205 0.223 0.223 0.223 0.2175 0.2175 0.2025 0.2025 0.2025 0.2025 0.2025
0.252 0.2495 0.2495 0.2495 0.2005 0.2005 0.2225 0.2225 0.2165 0.2165 0.232 0.232 0.232 0.245 0.245 0.2125 0.2125 0.2275 0.2275 0.2275 0.19 0.19 0.2285 0.2285 0.212 0.212 0.212 0.182 0.182 0.197 0.197 0.227 0.227 0.227 0.215 0.215 0.211 0.211 0.188 0.188 0.188 0.196 0.196 0.1955 0.1955 0.205 0.205 0.2095 0.2095 0.2095 0.233 0.233 0.2125 0.2125 0.221 0.221 0.221 0.217 0.217 0.234 0.234 0.21 0.21 0.21 0.2045 0.2045 0.2225 0.2225 0.2325 0.2325 0.2325 0.22 0.22 0.216 0.216 0.214 0.214 0.214
0.252 0.2495 0.2495 0.2495 0.2005 0.2005 0.2225 0.2225 0.2165 0.2165 0.232 0.232 0.232 0.245 0.245 0.2125 0.2125 0.2275 0.2275 0.2275 0.19 0.19 0.2285 0.2285 0.212 0.212 0.212 0.182 0.182 0.197 0.197 0.227 0.227 0.227 0.215 0.215 0.211 0.211 0.188 0.188 0.188 0.196 0.196 0.1955 0.1955 0.205 0.205 0.2095 0.2095 0.2095 0.233 0.233 0.2125 0.2125 0.221 0.221 0.221 0.217 0.217 0.234 0.234 0.21 0.21 0.21 0.2045 0.2045 0.2225 0.2225 0.2325 0.2325 0.2325 0.22 0.22 0.216 0.216 0.214 0.214 0.214
0.247 0.2385 0.2385 0.2385 0.215 0.215 0.2155 0.2155 0.221 0.221 0.24 0.24 0.24 0.21 0.21 0.225 0.225 0.248 0.248 0.248 0.239 0.239 0.2365 0.2365 0.205 0.205 0.205 0.2245 0.2245 0.221 0.221 0.205 0.205 0.205 0.1915 0.1915 0.1955 0.1955 0.1825 0.1825 0.1825 0.1885 0.1885 0.141 0.141 0.2 0.2 0.222 0.222 0.222 0.226 0.226 0.2095 0.2095 0.2315 0.2315 0.2315 0.227 0.227 0.216 0.216 0.221 0.221 0.221 0.239 0.239 0.228 0.228 0.2275 0.2275 0.2275 0.2295 0.2295 0.225 0.225 0.234 0.234 0.234
0.247 0.2385 0.2385 0.2385 0.215 0.215 0.2155 0.2155 0.221 0.221 0.24 0.24 0.24 0.21 0.21 0.225 0.225 0.248 0.248 0.248 0.239 0.239 0.2365 0.2365 0.205 0.205 0.205 0.2245 0.2245 0.221 0.221 0.205 0.205 0.205 0.1915 0.1915 0.1955 0.1955 0.1825 0.1825 0.1825 0.1885 0.1885 0.141 0.141 0.2 0.2 0.222 0.222 0.222 0.226 0.226 0.2095 0.2095 0.2315 0.2315 0.2315 0.227 0.227 0.216 0.216 0.221 0.221 0.221 0.239 0.239 0.228 0.228 0.2275 0.2275 0.2275 0.2295 0.2295 0.225 0.225 0.234 0.234 0.234
0.254 0.216 0.216 0.216 0.2095 0.2095 0.208 0.208 0.199 0.199 0.2495 0.2495 0.2495 0.2275 0.2275 0.2495 0.2495 0.242 0.242 0.242 0.2275 0.2275 0.221 0.221 0.209 0.209 0.209 0.2205 0.2205 0.242 0.242 0.1995 0.1995 0.1995 0.1935 0.1935 0.1885 0.1885 0.1745 0.1745 0.1745 0.197 0.197 0.219 0.219 0.226 0.226 0.2125 0.2125 0.2125 0.2285 0.2285 0.196 0.196 0.1985 0.1985 0.1985 0.1955 0.1955 0.224 0.224 0.225 0.225 0.225 0.241 0.241 0.2455 0.2455 0.237 0.237 0.237 0.2475 0.2475 0.2395 0.2395 0.241 0.241 0.241
0.254 0.216 0.216 0.216 0.2095 0.2095 0.208 0.208 0.199 0.199 0.2495 0.2495 0.2495 0.2275 0.2275 0.2495 0.2495 0.242 0.242 0.242 0.2275 0.2275 0.221 0.221 0.209 0.209 0.209 0.2205 0.2205 0.242 0.242 0.1995 0.1995 0.1995 0.1935 0.1935 0.1885 0.1885 0.1745 0.1745 0.1745 0.197 0.197 0.219 0.219 0.226 0.226 0.2125 0.2125 0.2125 0.2285 0.2285 0.196 0.196 0.1985 0.1985 0.1985 0.1955 0.1955 0.224 0.224 0.225 0.225 0.225 0.241 0.241 0.2455 0.2455 0.237 0.237 0.237 0.2475 0.2475 0.2395 0.2395 0.241 0.241 0.241
0.254 0.216 0.216 0.216 0.2095 0.2095 0.208 0.208 0.199 0.199 0.2495 0.2495 0.2495 0.2275 0.2275 0.2495 0.2495 0.242 0.242 0.242 0.2275 0.2275 0.221 0.221 0.209 0.209 0.209 0.2205 0.2205 0.242 0.242 0.1995 0.1995 0.1995 0.1935 0.1935 0.1885 0.1885 0.1745 0.1745 0.1745 0.197 0.197 0.219 0.219 0.226 0.226 0.2125 0.2125 0.2125 0.2285 0.2285 0.196 0.196 0.1985 0.1985 0.1985 0.1955 0.1955 0.224 0.224 0.225 0.225 0.225 0.241 0.241 0.2455 0.2455 0.237 0.237 0.237 0.2475 0.2475 0.2395 0.2395 0.241 0.241 0.241
0.2205 0.23 0.23 0.23 0.2165 0.2165 0.2425 0.2425 0.215 0.215 0.232 0.232 0.232 0.231 0.231 0.245 0.245 0.2515 0.2515 0.2515 0.2445 0.2445 0.224 0.224 0.2295 0.2295 0.2295 0.226 0.226 0.2025 0.2025 0.186 0.186 0.186 0.2175 0.2175 0.2365 0.2365 0.1815 0.1815 0.1815 0.236 0.236 0.225 0.225 0.21 0.21 0.238 0.238 0.238 0.227 0.227 0.2345 0.2345 0.241 0.241 0.241 0.2295 0.2295 0.214 0.214 0.199 0.199 0.199 0.1965 0.1965 0.2115 0.2115 0.212 0.212 0.212 0.2405 0.2405 0.207 0.207 0.208 0.208 0.208
0.2205 0.23 0.23 0.23 0.2165 0.2165 0.2425 0.2425 0.215 0.215 0.232 0.232 0.232 0.231 0.231 0.245 0.245 0.2515 0.2515 0.2515 0.2445 0.2445 0.224 0.224 0.2295 0.2295 0.2295 0.226 0.226 0.2025 0.2025 0.186 0.186 0.186 0.2175 0.2175 0.2365 0.2365 0.1815 0.1815 0.1815 0.236 0.236 0.225 0.225 0.21 0.21 0.238 0.238 0.238 0.227 0.227 0.2345 0.2345 0.241 0.241 0.241 0.2295 0.2295 0.214 0.214 0.199 0.199 0.199 0.1965 0.1965 0.2115 0.2115 0.212 0.212 0.212 0.2405 0.2405 0.207 0.207 0.208 0.208 0.208
0.2335 0.24 0.24 0.24 0.219 0.219 0.206 0.206 0.232 0.232 0.248 0.248 0.248 0.2525 0.2525 0.2725 0.2725 0.263 0.263 0.263 0.2615 0.2615 0.2475 0.2475 0.2805 0.2805 0.2805 0.29 0.29 0.2515 0.2515 0.2135 0.2135 0.2135 0.223 0.223 0.2265 0.2265 0.192 0.192 0.192 0.2325 0.2325 0.196 0.196 0.2475 0.2475 0.2755 0.2755 0.2755 0.2515 0.2515 0.2195 0.2195 0.232 0.232 0.232 0.278 0.278 0.225 0.225 0.2415 0.2415 0.2415 0.2535 0.2535 0.212 0.212 0.2695 0.2695 0.2695 0.2565 0.2565 0.227 0.227 0.2215 0.2215 0.2215
0.2335 0.24 0.24 0.24 0.219 0.219 0.206 0.206 0.232 0.232 0.248 0.248 0.248 0.2525 0.2525 0.2725 0.2725 0.263 0.263 0.263 0.2615 0.2615 0.2475 0.2475 0.2805 0.2805 0.2805 0.29 0.29 0.2515 0.2515 0.2135 0.2135 0.2135 0.223 0.223 0.2265 0.2265 0.192 0.192 0.192 0.2325 0.2325 0.196 0.196 0.2475 0.2475 0.2755 0.2755 0.2755 0.2515 0.2515 0.2195 0.2195 0.232 0.232 0.232 0.278 0.278 0.225 0.225 0.2415 0.2415 0.2415 0.2535 0.2535 0.212 0.212 0.2695 0.2695 0.2695 0.2565 0.2565 0.227 0.227 0.2215 0.2215 0.2215
0.289 0.271 0.271 0.271 0.2335 0.2335 0.2235 0.2235 0.2725 0.2725 0.275 0.275 0.275 0.2675 0.2675 0.271 0.271 0.256 0.256 0.256 0.2785 0.2785 0.2455 0.2455 0.278 0.278 0.278 0.29 0.29 0.246 0.246 0.2425 0.2425 0.2425 0.2215 0.2215 0.217 0.217 0.211 0.211 0.211 0.2675 0.2675 0.267 0.267 0.2565 0.2565 0.244 0.244 0.244 0.261 0.261 0.224 0.224 0.249 0.249 0.249 0.2805 0.2805 0.256 0.256 0.235 0.235 0.235 0.185 0.185 0.2345 0.2345 0.248 0.248 0.248 0.2455 0.2455 0.2595 0.2595 0.241 0.241 0.241
0.289 0.271 0.271 0.271 0.2335 0.2335 0.2235 0.2235 0.2725 0.2725 0.275 0.275 0.275 0.2675 0.2675 0.271 0.271 0.256 0.256 0.256 0.2785 0.2785 0.2455 0.2455 0.278 0.278 0.278 0.29 0.29 0.246 0.246 0.2425 0.2425 0.2425 0.2215 0.2215 0.217 0.217 0.211 0.211 0.211 0.2675 0.2675 0.267 0.267 0.2565 0.2565 0.244 0.244 0.244 0.261 0.261 0.224 0.224 0.249 0.249 0.249 0.2805 0.2805 0.256 0.256 0.235 0.235 0.235 0.185 0.185 0.2345 0.2345 0.248 0.248 0.248 0.2455 0.2455 0.2595 0.2595 0.241 0.241 0.241
0.289 0.271 0.271 0.271 0.2335 0.2335 0.2235 0.2235 0.2725 0.2725 0.275 0.275 0.275 0.2675 0.2675 0.271 0.271 0.256 0.256 0.256 0.2785 0.2785 0.2455 0.2455 0.278 0.278 0.278 0.29 0.29 0.246 0.246 0.2425 0.2425 0.2425 0.2215 0.2215 0.217 0.217 0.211 0.211 0.211 0.2675 0.2675 0.267 0.267 0.2565 0.2565 0.244 0.244 0.244 0.261 0.261 0.224 0.224 0.249 0.249 0.249 0.2805 0.2805 0.256 0.256 0.235 0.235 0.235 0.185 0.185 0.2345 0.2345 0.248 0.248 0.248 0.2455 0.2455 0.2595 0.2595 0.241 0.241 0.241
