ndvi/NOAA-270.asc
ncols         252
nrows         154
xllcorner     -18.017974
yllcorner     13.481982
cellsize      0.035948
NODATA_value  -9999
[rows 68 to 101 of 154, columns 77 to 153 of 252]
0.2036 0.2036 0.2226 0.2226 0.2296 0.2296 0.2457 0.2457 0.2457 0.2631 0.2631 0.2612 0.2612 0.2522 0.2522 0.2681 0.2681 0.2681 0.2481 0.2481 0.2652 0.2652 0.2355 0.2355 0.2355 0.1951 0.1951 0.1852 0.1852 0.2132 0.2132 0.2132 0.2187 0.2187 0.2177 0.2177 0.2192 0.2192 0.2192 0.2292 0.2292 0.2327 0.2327 0.2159 0.2159 0.2159 0.1695 0.1695 0.2001 0.2001 0.2127 0.2127 0.2066 0.2066 0.2066 0.2271 0.2271 0.2132 0.2132 0.2061 0.2061 0.2061 0.2181 0.2181 0.2386 0.2386 0.2181 0.2181 0.2181 0.2187 0.2187 0.2297 0.2297 0.1917 0.1917 0.1917 0.1385
0.1902 0.1902 0.2157 0.2157 0.2272 0.2272 0.2177 0.2177 0.2177 0.2262 0.2262 0.2262 0.2262 0.2212 0.2212 0.2127 0.2127 0.2127 0.2022 0.2022 0.2217 0.2217 0.2462 0.2462 0.2462 0.2257 0.2257 0.2112 0.2112 0.2402 0.2402 0.2402 0.2116 0.2116 0.2167 0.2167 0.2142 0.2142 0.2142 0.2427 0.2427 0.2467 0.2467 0.2252 0.2252 0.2252 0.1796 0.1796 0.2012 0.2012 0.2217 0.2217 0.1937 0.1937 0.1937 0.2197 0.2197 0.2132 0.2132 0.2065 0.2065 0.2065 0.2296 0.2296 0.2285 0.2285 0.2136 0.2136 0.2136 0.2161 0.2161 0.2167 0.2167 0.2066 0.2066 0.2066 0.1691
0.1902 0.1902 0.2157 0.2157 0.2272 0.2272 0.2177 0.2177 0.2177 0.2262 0.2262 0.2262 0.2262 0.2212 0.2212 0.2127 0.2127 0.2127 0.2022 0.2022 0.2217 0.2217 0.2462 0.2462 0.2462 0.2257 0.2257 0.2112 0.2112 0.2402 0.2402 0.2402 0.2116 0.2116 0.2167 0.2167 0.2142 0.2142 0.2142 0.2427 0.2427 0.2467 0.2467 0.2252 0.2252 0.2252 0.1796 0.1796 0.2012 0.2012 0.2217 0.2217 0.1937 0.1937 0.1937 0.2197 0.2197 0.2132 0.2132 0.2065 0.2065 0.2065 0.2296 0.2296 0.2285 0.2285 0.2136 0.2136 0.2136 0.2161 0.2161 0.2167 0.2167 0.2066 0.2066 0.2066 0.1691
0.1992 0.1992 0.2017 0.2017 0.2067 0.2067 0.2087 0.2087 0.2087 0.2157 0.2157 0.2182 0.2182 0.2107 0.2107 0.2146 0.2146 0.2146 0.2051 0.2051 0.2102 0.2102 0.2197 0.2197 0.2197 0.2531 0.2531 0.2532 0.2532 0.1942 0.1942 0.1942 0.2092 0.2092 0.1977 0.1977 0.2172 0.2172 0.2172 0.2152 0.2152 0.2412 0.2412 0.2157 0.2157 0.2157 0.2012 0.2012 0.1957 0.1957 0.2192 0.2192 0.2157 0.2157 0.2157 0.2081 0.2081 0.2256 0.2256 0.2227 0.2227 0.2227 0.2412 0.2412 0.2246 0.2246 0.2137 0.2137 0.2137 0.2122 0.2122 0.1997 0.1997 0.2267 0.2267 0.2267 0.177
0.1992 0.1992 0.2017 0.2017 0.2067 0.2067 0.2087 0.2087 0.2087 0.2157 0.2157 0.2182 0.2182 0.2107 0.2107 0.2146 0.2146 0.2146 0.2051 0.2051 0.2102 0.2102 0.2197 0.2197 0.2197 0.2531 0.2531 0.2532 0.2532 0.1942 0.1942 0.1942 0.2092 0.2092 0.1977 0.1977 0.2172 0.2172 0.2172 0.2152 0.2152 0.2412 0.2412 0.2157 0.2157 0.2157 0.2012 0.2012 0.1957 0.1957 0.2192 0.2192 0.2157 0.2157 0.2157 0.2081 0.2081 0.2256 0.2256 0.2227 0.2227 0.2227 0.2412 0.2412 0.2246 0.2246 0.2137 0.2137 0.2137 0.2122 0.2122 0.1997 0.1997 0.2267 0.2267 0.2267 0.177
0.1992 0.1992 0.2017 0.2017 0.2067 0.2067 0.2087 0.2087 0.2087 0.2157 0.2157 0.2182 0.2182 0.2107 0.2107 0.2146 0.2146 0.2146 0.2051 0.2051 0.2102 0.2102 0.2197 0.2197 0.2197 0.2531 0.2531 0.2532 0.2532 0.1942 0.1942 0.1942 0.2092 0.2092 0.1977 0.1977 0.2172 0.2172 0.2172 0.2152 0.2152 0.2412 0.2412 0.2157 0.2157 0.2157 0.2012 0.2012 0.1957 0.1957 0.2192 0.2192 0.2157 0.2157 0.2157 0.2081 0.2081 0.2256 0.2256 0.2227 0.2227 0.2227 0.2412 0.2412 0.2246 0.2246 0.2137 0.2137 0.2137 0.2122 0.2122 0.1997 0.1997 0.2267 0.2267 0.2267 0.177
0.213 0.213 0.2252 0.2252 0.2172 0.2172 0.2122 0.2122 0.2122 0.2382 0.2382 0.2202 0.2202 0.2382 0.2382 0.2036 0.2036 0.2036 0.2146 0.2146 0.2245 0.2245 0.2245 0.2245 0.2245 0.241 0.241 0.228 0.228 0.2497 0.2497 0.2497 0.2587 0.2587 0.1947 0.1947 0.1962 0.1962 0.1962 0.1917 0.1917 0.2037 0.2037 0.1837 0.1837 0.1837 0.1951 0.1951 0.2237 0.2237 0.2146 0.2146 0.2136 0.2136 0.2136 0.2021 0.2021 0.2022 0.2022 0.1972 0.1972 0.1972 0.2062 0.2062 0.2102 0.2102 0.2172 0.2172 0.2172 0.2132 0.2132 0.2007 0.2007 0.1761 0.1761 0.1761 0.163
0.213 0.213 0.2252 0.2252 0.2172 0.2172 0.2122 0.2122 0.2122 0.2382 0.2382 0.2202 0.2202 0.2382 0.2382 0.2036 0.2036 0.2036 0.2146 0.2146 0.2245 0.2245 0.2245 0.2245 0.2245 0.241 0.241 0.228 0.228 0.2497 0.2497 0.2497 0.2587 0.2587 0.1947 0.1947 0.1962 0.1962 0.1962 0.1917 0.1917 0.2037 0.2037 0.1837 0.1837 0.1837 0.1951 0.1951 0.2237 0.2237 0.2146 0.2146 0.2136 0.2136 0.2136 0.2021 0.2021 0.2022 0.2022 0.1972 0.1972 0.1972 0.2062 0.2062 0.2102 0.2102 0.2172 0.2172 0.2172 0.2132 0.2132 0.2007 0.2007 0.1761 0.1761 0.1761 0.163
0.2172 0.2172 0.2332 0.2332 0.2322 0.2322 0.2357 0.2357 0.2357 0.2252 0.2252 0.2522 0.2522 0.204 0.204 0.2 0.2 0.2 0.228 0.228 0.215 0.215 0.216 0.216 0.216 0.222 0.222 0.212 0.212 0.2255 0.2255 0.2255 0.2492 0.2492 0.2697 0.2697 0.2356 0.2356 0.2356 0.2071 0.2071 0.2081 0.2081 0.1727 0.1727 0.1727 0.1912 0.1912 0.2031 0.2031 0.1987 0.1987 0.1952 0.1952 0.1952 0.2057 0.2057 0.1977 0.1977 0.2292 0.2292 0.2292 0.1932 0.1932 0.1962 0.1962 0.22 0.22 0.22 0.2245 0.2245 0.2029 0.2029 0.0981 0.0981 0.0981 0.118
0.2172 0.2172 0.2332 0.2332 0.2322 0.2322 0.2357 0.2357 0.2357 0.2252 0.2252 0.2522 0.2522 0.204 0.204 0.2 0.2 0.2 0.228 0.228 0.215 0.215 0.216 0.216 0.216 0.222 0.222 0.212 0.212 0.2255 0.2255 0.2255 0.2492 0.2492 0.2697 0.2697 0.2356 0.2356 0.2356 0.2071 0.2071 0.2081 0.2081 0.1727 0.1727 0.1727 0.1912 0.1912 0.2031 0.2031 0.1987 0.1987 0.1952 0.1952 0.1952 0.2057 0.2057 0.1977 0.1977 0.2292 0.2292 0.2292 0.1932 0.1932 0.1962 0.1962 0.22 0.22 0.22 0.2245 0.2245 0.2029 0.2029 0.0981 0.0981 0.0981 0.118
0.2087 0.2087 0.2157 0.2157 0.2837 0.2837 0.2762 0.2762 0.2762 0.2131 0.2131 0.226 0.226 0.2052 0.2052 0.223 0.223 0.223 0.216 0.216 0.205 0.205 0.204 0.204 0.204 0.212 0.212 0.2136 0.2136 0.208 0.208 0.208 0.219 0.219 0.2455 0.2455 0.2582 0.2582 0.2582 0.2291 0.2291 0.2286 0.2286 0.1925 0.1925 0.1925 0.2041 0.2041 0.2011 0.2011 0.1887 0.1887 0.2247 0.2247 0.2247 0.2272 0.2272 0.2167 0.2167 0.2102 0.2102 0.2102 0.1962 0.1962 0.1832 0.1832 0.203 0.203 0.203 0.1665 0.1665 0.176 0.176 0.1597 0.1597 0.1597 0.1005
0.2087 0.2087 0.2157 0.2157 0.2837 0.2837 0.2762 0.2762 0.2762 0.2131 0.2131 0.226 0.226 0.2052 0.2052 0.223 0.223 0.223 0.216 0.216 0.205 0.205 0.204 0.204 0.204 0.212 0.212 0.2136 0.2136 0.208 0.208 0.208 0.219 0.219 0.2455 0.2455 0.2582 0.2582 0.2582 0.2291 0.2291 0.2286 0.2286 0.1925 0.1925 0.1925 0.2041 0.2041 0.2011 0.2011 0.1887 0.1887 0.2247 0.2247 0.2247 0.2272 0.2272 0.2167 0.2167 0.2102 0.2102 0.2102 0.1962 0.1962 0.1832 0.1832 0.203 0.203 0.203 0.1665 0.1665 0.176 0.176 0.1597 0.1597 0.1597 0.1005
0.2077 0.2077 0.226 0.226 0.205 0.205 0.2192 0.2192 0.2192 0.2352 0.2352 0.2237 0.2237 0.1735 0.1735 0.1877 0.1877 0.1877 0.185 0.185 0.199 0.199 0.2015 0.2015 0.2015 0.2015 0.2015 0.2285 0.2285 0.204 0.204 0.204 0.2285 0.2285 0.2367 0.2367 0.2112 0.2112 0.2112 0.2021 0.2021 0.2011 0.2011 0.184 0.184 0.184 0.216 0.216 0.2005 0.2005 0.2192 0.2192 0.2172 0.2172 0.2172 0.1912 0.1912 0.1887 0.1887 0.2002 0.2002 0.2002 0.211 0.211 0.1885 0.1885 0.19 0.19 0.19 0.166 0.166 0.1566 0.1566 0.1531 0.1531 0.1531 0.1255
0.2077 0.2077 0.226 0.226 0.205 0.205 0.2192 0.2192 0.2192 0.2352 0.2352 0.2237 0.2237 0.1735 0.1735 0.1877 0.1877 0.1877 0.185 0.185 0.199 0.199 0.2015 0.2015 0.2015 0.2015 0.2015 0.2285 0.2285 0.204 0.204 0.204 0.2285 0.2285 0.2367 0.2367 0.2112 0.2112 0.2112 0.2021 0.2021 0.2011 0.2011 0.184 0.184 0.184 0.216 0.216 0.2005 0.2005 0.2192 0.2192 0.2172 0.2172 0.2172 0.1912 0.1912 0.1887 0.1887 0.2002 0.2002 0.2002 0.211 0.211 0.1885 0.1885 0.19 0.19 0.19 0.166 0.166 0.1566 0.1566 0.1531 0.1531 0.1531 0.1255
0.2077 0.2077 0.226 0.226 0.205 0.205 0.2192 0.2192 0.2192 0.2352 0.2352 0.2237 0.2237 0.1735 0.1735 0.1877 0.1877 0.1877 0.185 0.185 0.199 0.199 0.2015 0.2015 0.2015 0.2015 0.2015 0.2285 0.2285 0.204 0.204 0.204 0.2285 0.2285 0.2367 0.2367 0.2112 0.2112 0.2112 0.2021 0.2021 0.2011 0.2011 0.184 0.184 0.184 0.216 0.216 0.2005 0.2005 0.2192 0.2192 0.2172 0.2172 0.2172 0.1912 0.1912 0.1887 0.1887 0.2002 0.2002 0.2002 0.211 0.211 0.1885 0.1885 0.19 0.19 0.19 0.166 0.166 0.1566 0.1566 0.1531 0.1531 0.1531 0.1255
0.195 0.195 0.197 0.197 0.1995 0.1995 0.1857 0.1857 0.1857 0.1945 0.1945 0.217 0.217 0.203 0.203 0.1981 0.1981 0.1981 0.1697 0.1697 0.1747 0.1747 0.1927 0.1927 0.1927 0.1915 0.1915 0.1867 0.1867 0.2242 0.2242 0.2242 0.2001 0.2001 0.2027 0.2027 0.1956 0.1956 0.1956 0.1897 0.1897 0.2087 0.2087 0.1982 0.1982 0.1982 0.2161 0.2161 0.2245 0.2245 0.192 0.192 0.1922 0.1922 0.1922 0.2177 0.2177 0.1912 0.1912 0.1952 0.1952 0.1952 0.1826 0.1826 0.1832 0.1832 0.1745 0.1745 0.1745 0.1725 0.1725 0.201 0.201 0.1615 0.1615 0.1615 0.1305
0.195 0.195 0.197 0.197 0.1995 0.1995 0.1857 0.1857 0.1857 0.1945 0.1945 0.217 0.217 0.203 0.203 0.1981 0.1981 0.1981 0.1697 0.1697 0.1747 0.1747 0.1927 0.1927 0.1927 0.1915 0.1915 0.1867 0.1867 0.2242 0.2242 0.2242 0.2001 0.2001 0.2027 0.2027 0.1956 0.1956 0.1956 0.1897 0.1897 0.2087 0.2087 0.1982 0.1982 0.1982 0.2161 0.2161 0.2245 0.2245 0.192 0.192 0.1922 0.1922 0.1922 0.2177 0.2177 0.1912 0.1912 0.1952 0.1952 0.1952 0.1826 0.1826 0.1832 0.1832 0.1745 0.1745 0.1745 0.1725 0.1725 0.201 0.201 0.1615 0.1615 0.1615 0.1305
0.2015 0.2015 0.1845 0.1845 0.1735 0.1735 0.188 0.188 0.188 0.2115 0.2115 0.193 0.193 0.196 0.196 0.2 0.2 0.2 0.2035 0.2035 0.183 0.183 0.187 0.187 0.187 0.1802 0.1802 0.1797 0.1797 0.1962 0.1962 0.1962 0.1927 0.1927 0.1991 0.1991 0.2207 0.2207 0.2207 0.2187 0.2187 0.2217 0.2217 0.1761 0.1761 0.1761 0.1881 0.1881 0.1931 0.1931 0.1896 0.1896 0.18 0.18 0.18 0.1825 0.1825 0.2007 0.2007 0.2041 0.2041 0.2041 0.2286 0.2286 0.2185 0.2185 0.2055 0.2055 0.2055 0.16 0.16 0.163 0.163 0.1522 0.1522 0.1522 0.146
0.2015 0.2015 0.1845 0.1845 0.1735 0.1735 0.188 0.188 0.188 0.2115 0.2115 0.193 0.193 0.196 0.196 0.2 0.2 0.2 0.2035 0.2035 0.183 0.183 0.187 0.187 0.187 0.1802 0.1802 0.1797 0.1797 0.1962 0.1962 0.1962 0.1927 0.1927 0.1991 0.1991 0.2207 0.2207 0.2207 0.2187 0.2187 0.2217 0.2217 0.1761 0.1761 0.1761 0.1881 0.1881 0.1931 0.1931 0.1896 0.1896 0.18 0.18 0.18 0.1825 0.1825 0.2007 0.2007 0.2041 0.2041 0.2041 0.2286 0.2286 0.2185 0.2185 0.2055 0.2055 0.2055 0.16 0.16 0.163 0.163 0.1522 0.1522 0.1522 0.146
0.243 0.243 0.224 0.224 0.2105 0.2105 0.2345 0.2345 0.2345 0.189 0.189 0.198 0.198 0.2055 0.2055 0.2025 0.2025 0.2025 0.198 0.198 0.1957 0.1957 0.195 0.195 0.195 0.1657 0.1657 0.1716 0.1716 0.174 0.174 0.174 0.1695 0.1695 0.189 0.189 0.2 0.2 0.2 0.198 0.198 0.1896 0.1896 0.177 0.177 0.177 0.1902 0.1902 0.1926 0.1926 0.2155 0.2155 0.1905 0.1905 0.1905 0.187 0.187 0.202 0.202 0.2065 0.2065 0.2065 0.2085 0.2085 0.206 0.206 0.168 0.168 0.168 0.1615 0.1615 0.164 0.164 0.1755 0.1755 0.1755 0.163
0.243 0.243 0.224 0.224 0.2105 0.2105 0.2345 0.2345 0.2345 0.189 0.189 0.198 0.198 0.2055 0.2055 0.2025 0.2025 0.2025 0.198 0.198 0.1957 0.1957 0.195 0.195 0.195 0.1657 0.1657 0.1716 0.1716 0.174 0.174 0.174 0.1695 0.1695 0.189 0.189 0.2 0.2 0.2 0.198 0.198 0.1896 0.1896 0.177 0.177 0.177 0.1902 0.1902 0.1926 0.1926 0.2155 0.2155 0.1905 0.1905 0.1905 0.187 0.187 0.202 0.202 0.2065 0.2065 0.2065 0.2085 0.2085 0.206 0.206 0.168 0.168 0.168 0.1615 0.1615 0.164 0.164 0.1755 0.1755 0.1755 0.163
0.243 0.243 0.224 0.224 0.2105 0.2105 0.2345 0.2345 0.2345 0.189 0.189 0.198 0.198 0.2055 0.2055 0.2025 0.2025 0.2025 0.198 0.198 0.1957 0.1957 0.195 0.195 0.195 0.1657 0.1657 0.1716 0.1716 0.174 0.174 0.174 0.1695 0.1695 0.189 0.189 0.2 0.2 0.2 0.198 0.198 0.1896 0.1896 0.177 0.177 0.177 0.1902 0.1902 0.1926 0.1926 0.2155 0.2155 0.1905 0.1905 0.1905 0.187 0.187 0.202 0.202 0.2065 0.2065 0.2065 0.2085 0.2085 0.206 0.206 0.168 0.168 0.168 0.1615 0.1615 0.164 0.164 0.1755 0.1755 0.1755 0.163
0.214 0.214 0.212 0.212 0.2145 0.2145 0.2185 0.2185 0.2185 0.22 0.22 0.2165 0.2165 0.197 0.197 0.1925 0.1925 0.1925 0.1887 0.1887 0.1857 0.1857 0.1587 0.1587 0.1587 0.1845 0.1845 0.1745 0.1745 0.1777 0.1777 0.1777 0.1565 0.1565 0.1785 0.1785 0.1775 0.1775 0.1775 0.1805 0.1805 0.1775 0.1775 0.1795 0.1795 0.1795 0.1842 0.1842 0.202 0.202 0.184 0.184 0.196 0.196 0.196 0.198 0.198 0.2095 0.2095 0.198 0.198 0.198 0.212 0.212 0.2075 0.2075 0.1865 0.1865 0.1865 0.158 0.158 0.1825 0.1825 0.169 0.169 0.169 0.1665
0.214 0.214 0.212 0.212 0.2145 0.2145 0.2185 0.2185 0.2185 0.22 0.22 0.2165 0.2165 0.197 0.197 0.1925 0.1925 0.1925 0.1887 0.1887 0.1857 0.1857 0.1587 0.1587 0.1587 0.1845 0.1845 0.1745 0.1745 0.1777 0.1777 0.1777 0.1565 0.1565 0.1785 0.1785 0.1775 0.1775 0.1775 0.1805 0.1805 0.1775 0.1775 0.1795 0.1795 0.1795 0.1842 0.1842 0.202 0.202 0.184 0.184 0.196 0.196 0.196 0.198 0.198 0.2095 0.2095 0.198 0.198 0.198 0.212 0.212 0.2075 0.2075 0.1865 0.1865 0.1865 0.158 0.158 0.1825 0.1825 0.169 0.169 0.169 0.1665
0.235 0.235 0.216 0.216 0.199 0.199 0.205 0.205 0.205 0.2025 0.2025 0.1885 0.1885 0.1902 0.1902 0.1907 0.1907 0.1907 0.1722 0.1722 0.1831 0.1831 0.186 0.186 0.186 0.1726 0.1726 0.1805 0.1805 0.176 0.176 0.176 0.169 0.169 0.169 0.169 0.1675 0.1675 0.1675 0.1725 0.1725 0.1725 0.1725 0.1795 0.1795 0.1795 0.194 0.194 0.2035 0.2035 0.2015 0.2015 0.214 0.214 0.214 0.19 0.19 0.186 0.186 0.1965 0.1965 0.1965 0.1985 0.1985 0.208 0.208 0.1895 0.1895 0.1895 0.1845 0.1845 0.1985 0.1985 0.23 0.23 0.23 0.1865
0.235 0.235 0.216 0.216 0.199 0.199 0.205 0.205 0.205 0.2025 0.2025 0.1885 0.1885 0.1902 0.1902 0.1907 0.1907 0.1907 0.1722 0.1722 0.1831 0.1831 0.186 0.186 0.186 0.1726 0.1726 0.1805 0.1805 0.176 0.176 0.176 0.169 0.169 0.169 0.169 0.1675 0.1675 0.1675 0.1725 0.1725 0.1725 0.1725 0.1795 0.1795 0.1795 0.194 0.194 0.2035 0.2035 0.2015 0.2015 0.214 0.214 0.214 0.19 0.19 0.186 0.186 0.1965 0.1965 0.1965 0.1985 0.1985 0.208 0.208 0.1895 0.1895 0.1895 0.1845 0.1845 0.1985 0.1985 0.23 0.23 0.23 0.1865
0.2105 0.2105 0.206 0.206 0.2105 0.2105 0.202 0.202 0.202 0.1975 0.1975 0.202 0.202 0.1985 0.1985 0.195 0.195 0.195 0.1857 0.1857 0.163 0.163 0.185 0.185 0.185 0.1745 0.1745 0.1705 0.1705 0.185 0.185 0.185 0.205 0.205 0.2095 0.2095 0.1645 0.1645 0.1645 0.159 0.159 0.19 0.19 0.183 0.183 0.183 0.1975 0.1975 0.2055 0.2055 0.205 0.205 0.2075 0.2075 0.2075 0.239 0.239 0.1985 0.1985 0.1955 0.1955 0.1955 0.1605 0.1605 0.208 0.208 0.19 0.19 0.19 0.1915 0.1915 0.192 0.192 0.1965 0.1965 0.1965 0.1715
0.2105 0.2105 0.206 0.206 0.2105 0.2105 0.202 0.202 0.202 0.1975 0.1975 0.202 0.202 0.1985 0.1985 0.195 0.195 0.195 0.1857 0.1857 0.163 0.163 0.185 0.185 0.185 0.1745 0.1745 0.1705 0.1705 0.185 0.185 0.185 0.205 0.205 0.2095 0.2095 0.1645 0.1645 0.1645 0.159 0.159 0.19 0.19 0.183 0.183 0.183 0.1975 0.1975 0.2055 0.2055 0.205 0.205 0.2075 0.2075 0.2075 0.239 0.239 0.1985 0.1985 0.1955 0.1955 0.1955 0.1605 0.1605 0.208 0.208 0.19 0.19 0.19 0.1915 0.1915 0.192 0.192 0.1965 0.1965 0.1965 0.1715
0.2105 0.2105 0.206 0.206 0.2105 0.2105 0.202 0.202 0.202 0.1975 0.1975 0.202 0.202 0.1985 0.1985 0.195 0.195 0.195 0.1857 0.1857 0.163 0.163 0.185 0.185 0.185 0.1745 0.1745 0.1705 0.1705 0.185 0.185 0.185 0.205 0.205 0.2095 0.2095 0.1645 0.1645 0.1645 0.159 0.159 0.19 0.19 0.183 0.183 0.183 0.1975 0.1975 0.2055 0.2055 0.205 0.205 0.2075 0.2075 0.2075 0.239 0.239 0.1985 0.1985 0.1955 0.1955 0.1955 0.1605 0.1605 0.208 0.208 0.19 0.19 0.19 0.1915 0.1915 0.192 0.192 0.1965 0.1965 0.1965 0.1715
0.21 0.21 0.229 0.229 0.2085 0.2085 0.201 0.201 0.201 0.1925 0.1925 0.198 0.198 0.201 0.201 0.179 0.179 0.179 0.171 0.171 0.1645 0.1645 0.198 0.198 0.198 0.196 0.196 0.194 0.194 0.209 0.209 0.209 0.2025 0.2025 0.192 0.192 0.198 0.198 0.198 0.2155 0.2155 0.1965 0.1965 0.1805 0.1805 0.1805 0.173 0.173 0.198 0.198 0.213 0.213 0.2015 0.2015 0.2015 0.211 0.211 0.212 0.212 0.2011 0.2011 0.2011 0.167 0.167 0.1735 0.1735 0.2225 0.2225 0.2225 0.211 0.211 0.187 0.187 0.1625 0.1625 0.1625 0.171
0.21 0.21 0.229 0.229 0.2085 0.2085 0.201 0.201 0.201 0.1925 0.1925 0.198 0.198 0.201 0.201 0.179 0.179 0.179 0.171 0.171 0.1645 0.1645 0.198 0.198 0.198 0.196 0.196 0.194 0.194 0.209 0.209 0.209 0.2025 0.2025 0.192 0.192 0.198 0.198 0.198 0.2155 0.2155 0.1965 0.1965 0.1805 0.1805 0.1805 0.173 0.173 0.198 0.198 0.213 0.213 0.2015 0.2015 0.2015 0.211 0.211 0.212 0.212 0.2011 0.2011 0.2011 0.167 0.167 0.1735 0.1735 0.2225 0.2225 0.2225 0.211 0.211 0.187 0.187 0.1625 0.1625 0.1625 0.171
0.212 0.212 0.2075 0.2075 0.2 0.2 0.2075 0.2075 0.2075 0.2205 0.2205 0.2045 0.2045 0.2132 0.2132 0.2141 0.2141 0.2141 0.2095 0.2095 0.21 0.21 0.1925 0.1925 0.1925 0.19 0.19 0.198 0.198 0.2185 0.2185 0.2185 0.1995 0.1995 0.2075 0.2075 0.214 0.214 0.214 0.217 0.217 0.222 0.222 0.1915 0.1915 0.1915 0.1975 0.1975 0.195 0.195 0.222 0.222 0.2115 0.2115 0.2115 0.2065 0.2065 0.224 0.224 0.2205 0.2205 0.2205 0.219 0.219 0.2275 0.2275 0.2285 0.2285 0.2285 0.2565 0.2565 0.2235 0.2235 0.2085 0.2085 0.2085 0.207
0.212 0.212 0.2075 0.2075 0.2 0.2 0.2075 0.2075 0.2075 0.2205 0.2205 0.2045 0.2045 0.2132 0.2132 0.2141 0.2141 0.2141 0.2095 0.2095 0.21 0.21 0.1925 0.1925 0.1925 0.19 0.19 0.198 0.198 0.2185 0.2185 0.2185 0.1995 0.1995 0.2075 0.2075 0.214 0.214 0.214 0.217 0.217 0.222 0.222 0.1915 0.1915 0.1915 0.1975 0.1975 0.195 0.195 0.222 0.222 0.2115 0.2115 0.2115 0.2065 0.2065 0.224 0.224 0.2205 0.2205 0.2205 0.219 0.219 0.2275 0.2275 0.2285 0.2285 0.2285 0.2565 0.2565 0.2235 0.2235 0.2085 0.2085 0.2085 0.207
0.218 0.218 0.2235 0.2235 0.216 0.216 0.2305 0.2305 0.2305 0.2105 0.2105 0.208 0.208 0.204 0.204 0.199 0.199 0.199 0.218 0.218 0.2085 0.2085 0.218 0.218 0.218 0.205 0.205 0.2205 0.2205 0.217 0.217 0.217 0.2215 0.2215 0.236 0.236 0.2155 0.2155 0.2155 0.2055 0.2055 0.2145 0.2145 0.2025 0.2025 0.2025 0.2125 0.2125 0.221 0.221 0.2285 0.2285 0.239 0.239 0.239 0.2095 0.2095 0.206 0.206 0.2125 0.2125 0.2125 0.2205 0.2205 0.219 0.219 0.2405 0.2405 0.2405 0.249 0.249 0.2105 0.2105 0.21 0.21 0.21 0.197
