ndvi/NOAA-361.asc
ncols         252
nrows         154
xllcorner     -18.017974
yllcorner     13.481982
cellsize      0.035948
NODATA_value  -9999
[rows 105 to 139 of 154, columns 154 to 230 of 252]
0.2165 0.2305 0.2305 0.1995 0.1995 0.1995 0.2205 0.2205 0.2105 0.2105 0.217 0.217 0.2145 0.2145 0.2145 0.2215 0.2215 0.2065 0.2065 0.235 0.235 0.235 0.22 0.22 0.2495 0.2495 0.223 0.223 0.223 0.221 0.221 0.235 0.235 0.224 0.224 0.224 0.196 0.196 0.2 0.2 0.21 0.21 0.21 0.1985 0.1985 0.2095 0.2095 0.236 0.236 0.2475 0.2475 0.2475 0.2215 0.2215 0.206 0.206 0.218 0.218 0.218 0.1995 0.1995 0.2135 0.2135 0.205 0.205 0.205 0.217 0.217 0.2075 0.2075 0.2065 0.2065 0.2065 0.2035 0.2035 0.2175 0.2175
0.2465 0.2365 0.2365 0.22 0.22 0.22 0.2115 0.2115 0.1935 0.1935 0.214 0.214 0.2065 0.2065 0.2065 0.217 0.217 0.1955 0.1955 0.1975 0.1975 0.1975 0.202 0.202 0.1935 0.1935 0.2065 0.2065 0.2065 0.217 0.217 0.2195 0.2195 0.237 0.237 0.237 0.2495 0.2495 0.212 0.212 0.204 0.204 0.204 0.2155 0.2155 0.2295 0.2295 0.219 0.219 0.263 0.263 0.263 0.221 0.221 0.257 0.257 0.233 0.233 0.233 0.2265 0.2265 0.2195 0.2195 0.2345 0.2345 0.2345 0.209 0.209 0.21 0.21 0.217 0.217 0.217 0.24 0.24 0.2335 0.2335
0.2465 0.2365 0.2365 0.22 0.22 0.22 0.2115 0.2115 0.1935 0.1935 0.214 0.214 0.2065 0.2065 0.2065 0.217 0.217 0.1955 0.1955 0.1975 0.1975 0.1975 0.202 0.202 0.1935 0.1935 0.2065 0.2065 0.2065 0.217 0.217 0.2195 0.2195 0.237 0.237 0.237 0.2495 0.2495 0.212 0.212 0.204 0.204 0.204 0.2155 0.2155 0.2295 0.2295 0.219 0.219 0.263 0.263 0.263 0.221 0.221 0.257 0.257 0.233 0.233 0.233 0.2265 0.2265 0.2195 0.2195 0.2345 0.2345 0.2345 0.209 0.209 0.21 0.21 0.217 0.217 0.217 0.24 0.24 0.2335 0.2335
0.2335 0.2425 0.2425 0.2385 0.2385 0.2385 0.2085 0.2085 0.218 0.218 0.223 0.223 0.2145 0.2145 0.2145 0.247 0.247 0.21 0.21 0.2125 0.2125 0.2125 0.1905 0.1905 0.19 0.19 0.222 0.222 0.222 0.252 0.252 0.227 0.227 0.224 0.224 0.224 0.241 0.241 0.226 0.226 0.2045 0.2045 0.2045 0.232 0.232 0.228 0.228 0.2245 0.2245 0.235 0.235 0.235 0.1895 0.1895 0.2145 0.2145 0.2435 0.2435 0.2435 0.2255 0.2255 0.2185 0.2185 0.2335 0.2335 0.2335 0.221 0.221 0.23 0.23 0.2375 0.2375 0.2375 0.2465 0.2465 0.2315 0.2315
0.2335 0.2425 0.2425 0.2385 0.2385 0.2385 0.2085 0.2085 0.218 0.218 0.223 0.223 0.2145 0.2145 0.2145 0.247 0.247 0.21 0.21 0.2125 0.2125 0.2125 0.1905 0.1905 0.19 0.19 0.222 0.222 0.222 0.252 0.252 0.227 0.227 0.224 0.224 0.224 0.241 0.241 0.226 0.226 0.2045 0.2045 0.2045 0.232 0.232 0.228 0.228 0.2245 0.2245 0.235 0.235 0.235 0.1895 0.1895 0.2145 0.2145 0.2435 0.2435 0.2435 0.2255 0.2255 0.2185 0.2185 0.2335 0.2335 0.2335 0.221 0.221 0.23 0.23 0.2375 0.2375 0.2375 0.2465 0.2465 0.2315 0.2315
0.227 0.245 0.245 0.239 0.239 0.239 0.242 0.242 0.234 0.234 0.235 0.235 0.227 0.227 0.227 0.229 0.229 0.204 0.204 0.2085 0.2085 0.2085 0.2245 0.2245 0.2505 0.2505 0.241 0.241 0.241 0.249 0.249 0.244 0.244 0.2215 0.2215 0.2215 0.2525 0.2525 0.257 0.257 0.222 0.222 0.222 0.213 0.213 0.2155 0.2155 0.2085 0.2085 0.231 0.231 0.231 0.237 0.237 0.243 0.243 0.278 0.278 0.278 0.2475 0.2475 0.258 0.258 0.2375 0.2375 0.2375 0.2375 0.2375 0.236 0.236 0.252 0.252 0.252 0.2405 0.2405 0.2495 0.2495
0.227 0.245 0.245 0.239 0.239 0.239 0.242 0.242 0.234 0.234 0.235 0.235 0.227 0.227 0.227 0.229 0.229 0.204 0.204 0.2085 0.2085 0.2085 0.2245 0.2245 0.2505 0.2505 0.241 0.241 0.241 0.249 0.249 0.244 0.244 0.2215 0.2215 0.2215 0.2525 0.2525 0.257 0.257 0.222 0.222 0.222 0.213 0.213 0.2155 0.2155 0.2085 0.2085 0.231 0.231 0.231 0.237 0.237 0.243 0.243 0.278 0.278 0.278 0.2475 0.2475 0.258 0.258 0.2375 0.2375 0.2375 0.2375 0.2375 0.236 0.236 0.252 0.252 0.252 0.2405 0.2405 0.2495 0.2495
0.227 0.245 0.245 0.239 0.239 0.239 0.242 0.242 0.234 0.234 0.235 0.235 0.227 0.227 0.227 0.229 0.229 0.204 0.204 0.2085 0.2085 0.2085 0.2245 0.2245 0.2505 0.2505 0.241 0.241 0.241 0.249 0.249 0.244 0.244 0.2215 0.2215 0.2215 0.2525 0.2525 0.257 0.257 0.222 0.222 0.222 0.213 0.213 0.2155 0.2155 0.2085 0.2085 0.231 0.231 0.231 0.237 0.237 0.243 0.243 0.278 0.278 0.278 0.2475 0.2475 0.258 0.258 0.2375 0.2375 0.2375 0.2375 0.2375 0.236 0.236 0.252 0.252 0.252 0.2405 0.2405 0.2495 0.2495
0.2365 0.256 0.256 0.236 0.236 0.236 0.2495 0.2495 0.2405 0.2405 0.243 0.243 0.23 0.23 0.23 0.253 0.253 0.2465 0.2465 0.246 0.246 0.246 0.2655 0.2655 0.2555 0.2555 0.255 0.255 0.255 0.272 0.272 0.2385 0.2385 0.222 0.222 0.222 0.255 0.255 0.266 0.266 0.226 0.226 0.226 0.2295 0.2295 0.215 0.215 0.225 0.225 0.2305 0.2305 0.2305 0.2535 0.2535 0.2635 0.2635 0.2725 0.2725 0.2725 0.2405 0.2405 0.224 0.224 0.228 0.228 0.228 0.2325 0.2325 0.2425 0.2425 0.257 0.257 0.257 0.248 0.248 0.272 0.272
0.2365 0.256 0.256 0.236 0.236 0.236 0.2495 0.2495 0.2405 0.2405 0.243 0.243 0.23 0.23 0.23 0.253 0.253 0.2465 0.2465 0.246 0.246 0.246 0.2655 0.2655 0.2555 0.2555 0.255 0.255 0.255 0.272 0.272 0.2385 0.2385 0.222 0.222 0.222 0.255 0.255 0.266 0.266 0.226 0.226 0.226 0.2295 0.2295 0.215 0.215 0.225 0.225 0.2305 0.2305 0.2305 0.2535 0.2535 0.2635 0.2635 0.2725 0.2725 0.2725 0.2405 0.2405 0.224 0.224 0.228 0.228 0.228 0.2325 0.2325 0.2425 0.2425 0.257 0.257 0.257 0.248 0.248 0.272 0.272
0.2255 0.234 0.234 0.2475 0.2475 0.2475 0.2515 0.2515 0.26 0.26 0.2265 0.2265 0.2405 0.2405 0.2405 0.2435 0.2435 0.2445 0.2445 0.2565 0.2565 0.2565 0.255 0.255 0.2645 0.2645 0.2645 0.2645 0.2645 0.2655 0.2655 0.274 0.274 0.253 0.253 0.253 0.23 0.23 0.228 0.228 0.238 0.238 0.238 0.229 0.229 0.231 0.231 0.2385 0.2385 0.246 0.246 0.246 0.3065 0.3065 0.3095 0.3095 0.296 0.296 0.296 0.275 0.275 0.259 0.259 0.255 0.255 0.255 0.264 0.264 0.271 0.271 0.297 0.297 0.297 0.2695 0.2695 0.271 0.271
0.2255 0.234 0.234 0.2475 0.2475 0.2475 0.2515 0.2515 0.26 0.26 0.2265 0.2265 0.2405 0.2405 0.2405 0.2435 0.2435 0.2445 0.2445 0.2565 0.2565 0.2565 0.255 0.255 0.2645 0.2645 0.2645 0.2645 0.2645 0.2655 0.2655 0.274 0.274 0.253 0.253 0.253 0.23 0.23 0.228 0.228 0.238 0.238 0.238 0.229 0.229 0.231 0.231 0.2385 0.2385 0.246 0.246 0.246 0.3065 0.3065 0.3095 0.3095 0.296 0.296 0.296 0.275 0.275 0.259 0.259 0.255 0.255 0.255 0.264 0.264 0.271 0.271 0.297 0.297 0.297 0.2695 0.2695 0.271 0.271
0.2515 0.235 0.235 0.2415 0.2415 0.2415 0.252 0.252 0.252 0.252 0.264 0.264 0.247 0.247 0.247 0.254 0.254 0.2385 0.2385 0.2485 0.2485 0.2485 0.26 0.26 0.2555 0.2555 0.261 0.261 0.261 0.223 0.223 0.254 0.254 0.243 0.243 0.243 0.216 0.216 0.2345 0.2345 0.258 0.258 0.258 0.2405 0.2405 0.223 0.223 0.251 0.251 0.2615 0.2615 0.2615 0.294 0.294 0.3025 0.3025 0.2755 0.2755 0.2755 0.275 0.275 0.273 0.273 0.263 0.263 0.263 0.254 0.254 0.265 0.265 0.2665 0.2665 0.2665 0.2755 0.2755 0.259 0.259
0.2515 0.235 0.235 0.2415 0.2415 0.2415 0.252 0.252 0.252 0.252 0.264 0.264 0.247 0.247 0.247 0.254 0.254 0.2385 0.2385 0.2485 0.2485 0.2485 0.26 0.26 0.2555 0.2555 0.261 0.261 0.261 0.223 0.223 0.254 0.254 0.243 0.243 0.243 0.216 0.216 0.2345 0.2345 0.258 0.258 0.258 0.2405 0.2405 0.223 0.223 0.251 0.251 0.2615 0.2615 0.2615 0.294 0.294 0.3025 0.3025 0.2755 0.2755 0.2755 0.275 0.275 0.273 0.273 0.263 0.263 0.263 0.254 0.254 0.265 0.265 0.2665 0.2665 0.2665 0.2755 0.2755 0.259 0.259
0.2515 0.235 0.235 0.2415 0.2415 0.2415 0.252 0.252 0.252 0.252 0.264 0.264 0.247 0.247 0.247 0.254 0.254 0.2385 0.2385 0.2485 0.2485 0.2485 0.26 0.26 0.2555 0.2555 0.261 0.261 0.261 0.223 0.223 0.254 0.254 0.243 0.243 0.243 0.216 0.216 0.2345 0.2345 0.258 0.258 0.258 0.2405 0.2405 0.223 0.223 0.251 0.251 0.2615 0.2615 0.2615 0.294 0.294 0.3025 0.3025 0.2755 0.2755 0.2755 0.275 0.275 0.273 0.273 0.263 0.263 0.263 0.254 0.254 0.265 0.265 0.2665 0.2665 0.2665 0.2755 0.2755 0.259 0.259
0.264 0.257 0.257 0.268 0.268 0.268 0.2565 0.2565 0.2615 0.2615 0.267 0.267 0.263 0.263 0.263 0.261 0.261 0.249 0.249 0.248 0.248 0.248 0.2455 0.2455 0.2525 0.2525 0.244 0.244 0.244 0.2205 0.2205 0.216 0.216 0.2395 0.2395 0.2395 0.2685 0.2685 0.247 0.247 0.2285 0.2285 0.2285 0.247 0.247 0.279 0.279 0.2725 0.2725 0.29 0.29 0.29 0.2765 0.2765 0.2695 0.2695 0.259 0.259 0.259 0.28 0.28 0.279 0.279 0.2675 0.2675 0.2675 0.2385 0.2385 0.287 0.287 0.268 0.268 0.268 0.262 0.262 0.2645 0.2645
0.264 0.257 0.257 0.268 0.268 0.268 0.2565 0.2565 0.2615 0.2615 0.267 0.267 0.263 0.263 0.263 0.261 0.261 0.249 0.249 0.248 0.248 0.248 0.2455 0.2455 0.2525 0.2525 0.244 0.244 0.244 0.2205 0.2205 0.216 0.216 0.2395 0.2395 0.2395 0.2685 0.2685 0.247 0.247 0.2285 0.2285 0.2285 0.247 0.247 0.279 0.279 0.2725 0.2725 0.29 0.29 0.29 0.2765 0.2765 0.2695 0.2695 0.259 0.259 0.259 0.28 0.28 0.279 0.279 0.2675 0.2675 0.2675 0.2385 0.2385 0.287 0.287 0.268 0.268 0.268 0.262 0.262 0.2645 0.2645
0.275 0.2995 0.2995 0.2575 0.2575 0.2575 0.2285 0.2285 0.241 0.241 0.2725 0.2725 0.2345 0.2345 0.2345 0.252 0.252 0.259 0.259 0.276 0.276 0.276 0.24 0.24 0.241 0.241 0.2305 0.2305 0.2305 0.212 0.212 0.22 0.22 0.2395 0.2395 0.2395 0.2505 0.2505 0.2565 0.2565 0.2915 0.2915 0.2915 0.2705 0.2705 0.281 0.281 0.278 0.278 0.288 0.288 0.288 0.2945 0.2945 0.2765 0.2765 0.265 0.265 0.265 0.2635 0.2635 0.2925 0.2925 0.286 0.286 0.286 0.2765 0.2765 0.2855 0.2855 0.2835 0.2835 0.2835 0.26 0.26 0.263 0.263
0.275 0.2995 0.2995 0.2575 0.2575 0.2575 0.2285 0.2285 0.241 0.241 0.2725 0.2725 0.2345 0.2345 0.2345 0.252 0.252 0.259 0.259 0.276 0.276 0.276 0.24 0.24 0.241 0.241 0.2305 0.2305 0.2305 0.212 0.212 0.22 0.22 0.2395 0.2395 0.2395 0.2505 0.2505 0.2565 0.2565 0.2915 0.2915 0.2915 0.2705 0.2705 0.281 0.281 0.278 0.278 0.288 0.288 0.288 0.2945 0.2945 0.2765 0.2765 0.265 0.265 0.265 0.2635 0.2635 0.2925 0.2925 0.286 0.286 0.286 0.2765 0.2765 0.2855 0.2855 0.2835 0.2835 0.2835 0.26 0.26 0.263 0.263
0.2915 0.2905 0.2905 0.261 0.261 0.261 0.2635 0.2635 0.261 0.261 0.249 0.249 0.255 0.255 0.255 0.2705 0.2705 0.2795 0.2795 0.2835 0.2835 0.2835 0.253 0.253 0.2485 0.2485 0.236 0.236 0.236 0.2335 0.2335 0.243 0.243 0.2485 0.2485 0.2485 0.256 0.256 0.262 0.262 0.257 0.257 0.257 0.236 0.236 0.2425 0.2425 0.2755 0.2755 0.2775 0.2775 0.2775 0.298 0.298 0.2835 0.2835 0.2745 0.2745 0.2745 0.3005 0.3005 0.2955 0.2955 0.3095 0.3095 0.3095 0.2765 0.2765 0.298 0.298 0.2985 0.2985 0.2985 0.3125 0.3125 0.31 0.31
0.2915 0.2905 0.2905 0.261 0.261 0.261 0.2635 0.2635 0.261 0.261 0.249 0.249 0.255 0.255 0.255 0.2705 0.2705 0.2795 0.2795 0.2835 0.2835 0.2835 0.253 0.253 0.2485 0.2485 0.236 0.236 0.236 0.2335 0.2335 0.243 0.243 0.2485 0.2485 0.2485 0.256 0.256 0.262 0.262 0.257 0.257 0.257 0.236 0.236 0.2425 0.2425 0.2755 0.2755 0.2775 0.2775 0.2775 0.298 0.298 0.2835 0.2835 0.2745 0.2745 0.2745 0.3005 0.3005 0.2955 0.2955 0.3095 0.3095 0.3095 0.2765 0.2765 0.298 0.298 0.2985 0.2985 0.2985 0.3125 0.3125 0.31 0.31
0.265 0.275 0.275 0.2785 0.2785 0.2785 0.251 0.251 0.2755 0.2755 0.272 0.272 0.282 0.282 0.282 0.286 0.286 0.2845 0.2845 0.2675 0.2675 0.2675 0.2665 0.2665 0.2675 0.2675 0.246 0.246 0.246 0.2735 0.2735 0.253 0.253 0.271 0.271 0.271 0.25 0.25 0.2655 0.2655 0.2455 0.2455 0.2455 0.269 0.269 0.294 0.294 0.2935 0.2935 0.3175 0.3175 0.3175 0.286 0.286 0.3025 0.3025 0.319 0.319 0.319 0.329 0.329 0.3 0.3 0.3195 0.3195 0.3195 0.306 0.306 0.318 0.318 0.332 0.332 0.332 0.305 0.305 0.3155 0.3155
0.265 0.275 0.275 0.2785 0.2785 0.2785 0.251 0.251 0.2755 0.2755 0.272 0.272 0.282 0.282 0.282 0.286 0.286 0.2845 0.2845 0.2675 0.2675 0.2675 0.2665 0.2665 0.2675 0.2675 0.246 0.246 0.246 0.2735 0.2735 0.253 0.253 0.271 0.271 0.271 0.25 0.25 0.2655 0.2655 0.2455 0.2455 0.2455 0.269 0.269 0.294 0.294 0.2935 0.2935 0.3175 0.3175 0.3175 0.286 0.286 0.3025 0.3025 0.319 0.319 0.319 0.329 0.329 0.3 0.3 0.3195 0.3195 0.3195 0.306 0.306 0.318 0.318 0.332 0.332 0.332 0.305 0.305 0.3155 0.3155
0.265 0.275 0.275 0.2785 0.2785 0.2785 0.251 0.251 0.2755 0.2755 0.272 0.272 0.282 0.282 0.282 0.286 0.286 0.2845 0.2845 0.2675 0.2675 0.2675 0.2665 0.2665 0.2675 0.2675 0.246 0.246 0.246 0.2735 0.2735 0.253 0.253 0.271 0.271 0.271 0.25 0.25 0.2655 0.2655 0.2455 0.2455 0.2455 0.269 0.269 0.294 0.294 0.2935 0.2935 0.3175 0.3175 0.3175 0.286 0.286 0.3025 0.3025 0.319 0.319 0.319 0.329 0.329 0.3 0.3 0.3195 0.3195 0.3195 0.306 0.306 0.318 0.318 0.332 0.332 0.332 0.305 0.305 0.3155 0.3155
0.277 0.288 0.288 0.28 0.28 0.28 0.2785 0.2785 0.2835 0.2835 0.298 0.298 0.307 0.307 0.307 0.304 0.304 0.272 0.272 0.2735 0.2735 0.2735 0.2895 0.2895 0.267 0.267 0.2675 0.2675 0.2675 0.281 0.281 0.2885 0.2885 0.2645 0.2645 0.2645 0.276 0.276 0.279 0.279 0.266 0.266 0.266 0.283 0.283 0.309 0.309 0.3115 0.3115 0.3185 0.3185 0.3185 0.3095 0.3095 0.306 0.306 0.3305 0.3305 0.3305 0.3285 0.3285 0.281 0.281 0.347 0.347 0.347 0.3065 0.3065 0.2955 0.2955 0.2955 0.2955 0.2955 0.278 0.278 0.282 0.282
0.277 0.288 0.288 0.28 0.28 0.28 0.2785 0.2785 0.2835 0.2835 0.298 0.298 0.307 0.307 0.307 0.304 0.304 0.272 0.272 0.2735 0.2735 0.2735 0.2895 0.2895 0.267 0.267 0.2675 0.2675 0.2675 0.281 0.281 0.2885 0.2885 0.2645 0.2645 0.2645 0.276 0.276 0.279 0.279 0.266 0.266 0.266 0.283 0.283 0.309 0.309 0.3115 0.3115 0.3185 0.3185 0.3185 0.3095 0.3095 0.306 0.306 0.3305 0.3305 0.3305 0.3285 0.3285 0.281 0.281 0.347 0.347 0.347 0.3065 0.3065 0.2955 0.2955 0.2955 0.2955 0.2955 0.278 0.278 0.282 0.282
0.3045 0.3055 0.3055 0.28 0.28 0.28 0.257 0.257 0.277 0.277 0.289 0.289 0.2995 0.2995 0.2995 0.295 0.295 0.314 0.314 0.3105 0.3105 0.3105 0.3175 0.3175 0.302 0.302 0.306 0.306 0.306 0.321 0.321 0.2955 0.2955 0.307 0.307 0.307 0.295 0.295 0.307 0.307 0.2855 0.2855 0.2855 0.297 0.297 0.3315 0.3315 0.312 0.312 0.332 0.332 0.332 0.319 0.319 0.3145 0.3145 0.323 0.323 0.323 0.3445 0.3445 0.3525 0.3525 0.3315 0.3315 0.3315 0.297 0.297 0.3265 0.3265 0.284 0.284 0.284 0.264 0.264 0.2925 0.2925
0.3045 0.3055 0.3055 0.28 0.28 0.28 0.257 0.257 0.277 0.277 0.289 0.289 0.2995 0.2995 0.2995 0.295 0.295 0.314 0.314 0.3105 0.3105 0.3105 0.3175 0.3175 0.302 0.302 0.306 0.306 0.306 0.321 0.321 0.2955 0.2955 0.307 0.307 0.307 0.295 0.295 0.307 0.307 0.2855 0.2855 0.2855 0.297 0.297 0.3315 0.3315 0.312 0.312 0.332 0.332 0.332 0.319 0.319 0.3145 0.3145 0.323 0.323 0.323 0.3445 0.3445 0.3525 0.3525 0.3315 0.3315 0.3315 0.297 0.297 0.3265 0.3265 0.284 0.284 0.284 0.264 0.264 0.2925 0.2925
0.3205 0.305 0.305 0.297 0.297 0.297 0.2855 0.2855 0.275 0.275 0.2985 0.2985 0.3095 0.3095 0.3095 0.3315 0.3315 0.3065 0.3065 0.318 0.318 0.318 0.3345 0.3345 0.3095 0.3095 0.3095 0.3095 0.3095 0.287 0.287 0.295 0.295 0.286 0.286 0.286 0.2865 0.2865 0.2815 0.2815 0.2875 0.2875 0.2875 0.285 0.285 0.301 0.301 0.3215 0.3215 0.309 0.309 0.309 0.334 0.334 0.3335 0.3335 0.3515 0.3515 0.3515 0.3495 0.3495 0.3695 0.3695 0.324 0.324 0.324 0.2905 0.2905 0.3 0.3 0.289 0.289 0.289 0.311 0.311 0.3015 0.3015
0.3205 0.305 0.305 0.297 0.297 0.297 0.2855 0.2855 0.275 0.275 0.2985 0.2985 0.3095 0.3095 0.3095 0.3315 0.3315 0.3065 0.3065 0.318 0.318 0.318 0.3345 0.3345 0.3095 0.3095 0.3095 0.3095 0.3095 0.287 0.287 0.295 0.295 0.286 0.286 0.286 0.2865 0.2865 0.2815 0.2815 0.2875 0.2875 0.2875 0.285 0.285 0.301 0.301 0.3215 0.3215 0.309 0.309 0.309 0.334 0.334 0.3335 0.3335 0.3515 0.3515 0.3515 0.3495 0.3495 0.3695 0.3695 0.324 0.324 0.324 0.2905 0.2905 0.3 0.3 0.289 0.289 0.289 0.311 0.311 0.3015 0.3015
0.3205 0.305 0.305 0.297 0.297 0.297 0.2855 0.2855 0.275 0.275 0.2985 0.2985 0.3095 0.3095 0.3095 0.3315 0.3315 0.3065 0.3065 0.318 0.318 0.318 0.3345 0.3345 0.3095 0.3095 0.3095 0.3095 0.3095 0.287 0.287 0.295 0.295 0.286 0.286 0.286 0.2865 0.2865 0.2815 0.2815 0.2875 0.2875 0.2875 0.285 0.285 0.301 0.301 0.3215 0.3215 0.309 0.309 0.309 0.334 0.334 0.3335 0.3335 0.3515 0.3515 0.3515 0.3495 0.3495 0.3695 0.3695 0.324 0.324 0.324 0.2905 0.2905 0.3 0.3 0.289 0.289 0.289 0.311 0.311 0.3015 0.3015
0.296 0.3155 0.3155 0.3035 0.3035 0.3035 0.2675 0.2675 0.2835 0.2835 0.285 0.285 0.294 0.294 0.294 0.3045 0.3045 0.31 0.31 0.3225 0.3225 0.3225 0.33 0.33 0.3245 0.3245 0.332 0.332 0.332 0.315 0.315 0.295 0.295 0.316 0.316 0.316 0.2935 0.2935 0.29 0.29 0.288 0.288 0.288 0.309 0.309 0.3195 0.3195 0.2975 0.2975 0.3295 0.3295 0.3295 0.3195 0.3195 0.328 0.328 0.353 0.353 0.353 0.343 0.343 0.3555 0.3555 0.3295 0.3295 0.3295 0.321 0.321 0.32 0.32 0.3265 0.3265 0.3265 0.2855 0.2855 0.3025 0.3025
0.296 0.3155 0.3155 0.3035 0.3035 0.3035 0.2675 0.2675 0.2835 0.2835 0.285 0.285 0.294 0.294 0.294 0.3045 0.3045 0.31 0.31 0.3225 0.3225 0.3225 0.33 0.33 0.3245 0.3245 0.332 0.332 0.332 0.315 0.315 0.295 0.295 0.316 0.316 0.316 0.2935 0.2935 0.29 0.29 0.288 0.288 0.288 0.309 0.309 0.3195 0.3195 0.2975 0.2975 0.3295 0.3295 0.3295 0.3195 0.3195 0.328 0.328 0.353 0.353 0.353 0.343 0.343 0.3555 0.3555 0.3295 0.3295 0.3295 0.321 0.321 0.32 0.32 0.3265 0.3265 0.3265 0.2855 0.2855 0.3025 0.3025
0.29 0.328 0.328 0.3165 0.3165 0.3165 0.311 0.311 0.2875 0.2875 0.3075 0.3075 0.3275 0.3275 0.3275 0.3205 0.3205 0.326 0.326 0.3275 0.3275 0.3275 0.316 0.316 0.3125 0.3125 0.332 0.332 0.332 0.3255 0.3255 0.333 0.333 0.333 0.333 0.333 0.3205 0.3205 0.3035 0.3035 0.3095 0.3095 0.3095 0.3085 0.3085 0.2895 0.2895 0.3105 0.3105 0.3385 0.3385 0.3385 0.3215 0.3215 0.343 0.343 0.3385 0.3385 0.3385 0.3385 0.3385 0.3445 0.3445 0.343 0.343 0.343 0.3355 0.3355 0.326 0.326 0.3445 0.3445 0.3445 0.323 0.323 0.348 0.348
0.29 0.328 0.328 0.3165 0.3165 0.3165 0.311 0.311 0.2875 0.2875 0.3075 0.3075 0.3275 0.3275 0.3275 0.3205 0.3205 0.326 0.326 0.3275 0.3275 0.3275 0.316 0.316 0.3125 0.3125 0.332 0.332 0.332 0.3255 0.3255 0.333 0.333 0.333 0.333 0.333 0.3205 0.3205 0.3035 0.3035 0.3095 0.3095 0.3095 0.3085 0.3085 0.2895 0.2895 0.3105 0.3105 0.3385 0.3385 0.3385 0.3215 0.3215 0.343 0.343 0.3385 0.3385 0.3385 0.3385 0.3385 0.3445 0.3445 0.343 0.343 0.343 0.3355 0.3355 0.326 0.326 0.3445 0.3445 0.3445 0.323 0.323 0.348 0.348
