ndvi/NOAA-102.asc
ncols         252
nrows         154
xllcorner     -18.017974
yllcorner     13.481982
cellsize      0.035948
NODATA_value  -9999
[rows 0 to 34 of 154, columns 77 to 153 of 252]
0.0995 0.0995 0.096 0.096 0.096 0.096 0.1015 0.1015 0.1015 0.0985 0.0985 0.1045 0.1045 0.096 0.096 0.101 0.101 0.101 0.0995 0.0995 0.0955 0.0955 0.096 0.096 0.096 0.095 0.095 0.0955 0.0955 0.096 0.096 0.096 0.092 0.092 0.0895 0.0895 0.089 0.089 0.089 0.09100001 0.09100001 0.092 0.092 0.094 0.094 0.094 0.1045 0.1045 0.0835 0.0835 0.089 0.089 0.0905 0.0905 0.0905 0.096 0.096 0.099 0.099 0.094 0.094 0.094 0.104 0.104 0.1005 0.1005 0.106 0.106 0.106 0.096 0.096 0.1035 0.1035 0.106 0.106 0.106 0.099
0.0995 0.0995 0.096 0.096 0.096 0.096 0.1015 0.1015 0.1015 0.0985 0.0985 0.1045 0.1045 0.096 0.096 0.101 0.101 0.101 0.0995 0.0995 0.0955 0.0955 0.096 0.096 0.096 0.095 0.095 0.0955 0.0955 0.096 0.096 0.096 0.092 0.092 0.0895 0.0895 0.089 0.089 0.089 0.09100001 0.09100001 0.092 0.092 0.094 0.094 0.094 0.1045 0.1045 0.0835 0.0835 0.089 0.089 0.0905 0.0905 0.0905 0.096 0.096 0.099 0.099 0.094 0.094 0.094 0.104 0.104 0.1005 0.1005 0.106 0.106 0.106 0.096 0.096 0.1035 0.1035 0.106 0.106 0.106 0.099
0.0995 0.0995 0.099 0.099 0.098 0.098 0.1 0.1 0.1 0.112 0.112 0.1 0.1 0.1025 0.1025 0.101 0.101 0.101 0.102 0.102 0.1045 0.1045 0.102 0.102 0.102 0.096 0.096 0.099 0.099 0.09299999 0.09299999 0.09299999 0.0895 0.0895 0.0895 0.0895 0.0915 0.0915 0.0915 0.0895 0.0895 0.08499999 0.08499999 0.092 0.092 0.092 0.0935 0.0935 0.0955 0.0955 0.0975 0.0975 0.1065 0.1065 0.1065 0.101 0.101 0.106 0.106 0.105 0.105 0.105 0.109 0.109 0.1055 0.1055 0.1065 0.1065 0.1065 0.0925 0.0925 0.09900001 0.09900001 0.1 0.1 0.1 0.1075
0.0995 0.0995 0.099 0.099 0.098 0.098 0.1 0.1 0.1 0.112 0.112 0.1 0.1 0.1025 0.1025 0.101 0.101 0.101 0.102 0.102 0.1045 0.1045 0.102 0.102 0.102 0.096 0.096 0.099 0.099 0.09299999 0.09299999 0.09299999 0.0895 0.0895 0.0895 0.0895 0.0915 0.0915 0.0915 0.0895 0.0895 0.08499999 0.08499999 0.092 0.092 0.092 0.0935 0.0935 0.0955 0.0955 0.0975 0.0975 0.1065 0.1065 0.1065 0.101 0.101 0.106 0.106 0.105 0.105 0.105 0.109 0.109 0.1055 0.1055 0.1065 0.1065 0.1065 0.0925 0.0925 0.09900001 0.09900001 0.1 0.1 0.1 0.1075
0.0995 0.0995 0.099 0.099 0.098 0.098 0.1 0.1 0.1 0.112 0.112 0.1 0.1 0.1025 0.1025 0.101 0.101 0.101 0.102 0.102 0.1045 0.1045 0.102 0.102 0.102 0.096 0.096 0.099 0.099 0.09299999 0.09299999 0.09299999 0.0895 0.0895 0.0895 0.0895 0.0915 0.0915 0.0915 0.0895 0.0895 0.08499999 0.08499999 0.092 0.092 0.092 0.0935 0.0935 0.0955 0.0955 0.0975 0.0975 0.1065 0.1065 0.1065 0.101 0.101 0.106 0.106 0.105 0.105 0.105 0.109 0.109 0.1055 0.1055 0.1065 0.1065 0.1065 0.0925 0.0925 0.09900001 0.09900001 0.1 0.1 0.1 0.1075
0.0965 0.0965 0.09999999 0.09999999 0.1035 0.1035 0.098 0.098 0.098 0.1025 0.1025 0.1045 0.1045 0.106 0.106 0.105 0.105 0.105 0.1045 0.1045 0.099 0.099 0.096 0.096 0.096 0.093 0.093 0.0965 0.0965 0.0885 0.0885 0.0885 0.0915 0.0915 0.084 0.084 0.09 0.09 0.09 0.0885 0.0885 0.0865 0.0865 0.09450001 0.09450001 0.09450001 0.0985 0.0985 0.103 0.103 0.1075 0.1075 0.1105 0.1105 0.1105 0.109 0.109 0.109 0.109 0.1115 0.1115 0.1115 0.1065 0.1065 0.1035 0.1035 0.11 0.11 0.11 0.105 0.105 0.1035 0.1035 0.1035 0.1035 0.1035 0.106
0.0965 0.0965 0.09999999 0.09999999 0.1035 0.1035 0.098 0.098 0.098 0.1025 0.1025 0.1045 0.1045 0.106 0.106 0.105 0.105 0.105 0.1045 0.1045 0.099 0.099 0.096 0.096 0.096 0.093 0.093 0.0965 0.0965 0.0885 0.0885 0.0885 0.0915 0.0915 0.084 0.084 0.09 0.09 0.09 0.0885 0.0885 0.0865 0.0865 0.09450001 0.09450001 0.09450001 0.0985 0.0985 0.103 0.103 0.1075 0.1075 0.1105 0.1105 0.1105 0.109 0.109 0.109 0.109 0.1115 0.1115 0.1115 0.1065 0.1065 0.1035 0.1035 0.11 0.11 0.11 0.105 0.105 0.1035 0.1035 0.1035 0.1035 0.1035 0.106
0.1055 0.1055 0.103 0.103 0.0955 0.0955 0.102 0.102 0.102 0.105 0.105 0.1035 0.1035 0.105 0.105 0.1015 0.1015 0.1015 0.1095 0.1095 0.099 0.099 0.0985 0.0985 0.0985 0.1025 0.1025 0.096 0.096 0.095 0.095 0.095 0.1015 0.1015 0.1015 0.1015 0.098 0.098 0.098 0.0975 0.0975 0.0915 0.0915 0.0995 0.0995 0.0995 0.1125 0.1125 0.1155 0.1155 0.109 0.109 0.1105 0.1105 0.1105 0.112 0.112 0.116 0.116 0.1125 0.1125 0.1125 0.109 0.109 0.108 0.108 0.113 0.113 0.113 0.1015 0.1015 0.113 0.113 0.1025 0.1025 0.1025 0.11
0.1055 0.1055 0.103 0.103 0.0955 0.0955 0.102 0.102 0.102 0.105 0.105 0.1035 0.1035 0.105 0.105 0.1015 0.1015 0.1015 0.1095 0.1095 0.099 0.099 0.0985 0.0985 0.0985 0.1025 0.1025 0.096 0.096 0.095 0.095 0.095 0.1015 0.1015 0.1015 0.1015 0.098 0.098 0.098 0.0975 0.0975 0.0915 0.0915 0.0995 0.0995 0.0995 0.1125 0.1125 0.1155 0.1155 0.109 0.109 0.1105 0.1105 0.1105 0.112 0.112 0.116 0.116 0.1125 0.1125 0.1125 0.109 0.109 0.108 0.108 0.113 0.113 0.113 0.1015 0.1015 0.113 0.113 0.1025 0.1025 0.1025 0.11
0.1025 0.1025 0.105 0.105 0.101 0.101 0.114 0.114 0.114 0.1005 0.1005 0.102 0.102 0.1045 0.1045 0.1095 0.1095 0.1095 0.1035 0.1035 0.092 0.092 0.095 0.095 0.095 0.107 0.107 0.108 0.108 0.1095 0.1095 0.1095 0.104 0.104 0.112 0.112 0.1035 0.1035 0.1035 0.1025 0.1025 0.0995 0.0995 0.106 0.106 0.106 0.1115 0.1115 0.1125 0.1125 0.1105 0.1105 0.1135 0.1135 0.1135 0.116 0.116 0.1165 0.1165 0.1155 0.1155 0.1155 0.1115 0.1115 0.1135 0.1135 0.111 0.111 0.111 0.1125 0.1125 0.113 0.113 0.1135 0.1135 0.1135 0.109
0.1025 0.1025 0.105 0.105 0.101 0.101 0.114 0.114 0.114 0.1005 0.1005 0.102 0.102 0.1045 0.1045 0.1095 0.1095 0.1095 0.1035 0.1035 0.092 0.092 0.095 0.095 0.095 0.107 0.107 0.108 0.108 0.1095 0.1095 0.1095 0.104 0.104 0.112 0.112 0.1035 0.1035 0.1035 0.1025 0.1025 0.0995 0.0995 0.106 0.106 0.106 0.1115 0.1115 0.1125 0.1125 0.1105 0.1105 0.1135 0.1135 0.1135 0.116 0.116 0.1165 0.1165 0.1155 0.1155 0.1155 0.1115 0.1115 0.1135 0.1135 0.111 0.111 0.111 0.1125 0.1125 0.113 0.113 0.1135 0.1135 0.1135 0.109
0.107 0.107 0.1115 0.1115 0.1075 0.1075 0.108 0.108 0.108 0.109 0.109 0.1055 0.1055 0.115 0.115 0.1035 0.1035 0.1035 0.1065 0.1065 0.11 0.11 0.11 0.11 0.11 0.11 0.11 0.108 0.108 0.108 0.108 0.108 0.1135 0.1135 0.113 0.113 0.108 0.108 0.108 0.112 0.112 0.112 0.112 0.109 0.109 0.109 0.1145 0.1145 0.114 0.114 0.1155 0.1155 0.1215 0.1215 0.1215 0.1155 0.1155 0.1125 0.1125 0.119 0.119 0.119 0.1215 0.1215 0.1185 0.1185 0.1155 0.1155 0.1155 0.111 0.111 0.113 0.113 0.11 0.11 0.11 0.117
0.107 0.107 0.1115 0.1115 0.1075 0.1075 0.108 0.108 0.108 0.109 0.109 0.1055 0.1055 0.115 0.115 0.1035 0.1035 0.1035 0.1065 0.1065 0.11 0.11 0.11 0.11 0.11 0.11 0.11 0.108 0.108 0.108 0.108 0.108 0.1135 0.1135 0.113 0.113 0.108 0.108 0.108 0.112 0.112 0.112 0.112 0.109 0.109 0.109 0.1145 0.1145 0.114 0.114 0.1155 0.1155 0.1215 0.1215 0.1215 0.1155 0.1155 0.1125 0.1125 0.119 0.119 0.119 0.1215 0.1215 0.1185 0.1185 0.1155 0.1155 0.1155 0.111 0.111 0.113 0.113 0.11 0.11 0.11 0.117
0.107 0.107 0.1115 0.1115 0.1075 0.1075 0.108 0.108 0.108 0.109 0.109 0.1055 0.1055 0.115 0.115 0.1035 0.1035 0.1035 0.1065 0.1065 0.11 0.11 0.11 0.11 0.11 0.11 0.11 0.108 0.108 0.108 0.108 0.108 0.1135 0.1135 0.113 0.113 0.108 0.108 0.108 0.112 0.112 0.112 0.112 0.109 0.109 0.109 0.1145 0.1145 0.114 0.114 0.1155 0.1155 0.1215 0.1215 0.1215 0.1155 0.1155 0.1125 0.1125 0.119 0.119 0.119 0.1215 0.1215 0.1185 0.1185 0.1155 0.1155 0.1155 0.111 0.111 0.113 0.113 0.11 0.11 0.11 0.117
0.115 0.115 0.1135 0.1135 0.112 0.112 0.1125 0.1125 0.1125 0.1085 0.1085 0.109 0.109 0.1115 0.1115 0.1125 0.1125 0.1125 0.1135 0.1135 0.114 0.114 0.111 0.111 0.111 0.111 0.111 0.1065 0.1065 0.108 0.108 0.108 0.1095 0.1095 0.1115 0.1115 0.109 0.109 0.109 0.109 0.109 0.1135 0.1135 0.1095 0.1095 0.1095 0.117 0.117 0.123 0.123 0.117 0.117 0.12 0.12 0.12 0.124 0.124 0.1225 0.1225 0.1205 0.1205 0.1205 0.1215 0.1215 0.1215 0.1215 0.113 0.113 0.113 0.1125 0.1125 0.1135 0.1135 0.1175 0.1175 0.1175 0.1175
0.115 0.115 0.1135 0.1135 0.112 0.112 0.1125 0.1125 0.1125 0.1085 0.1085 0.109 0.109 0.1115 0.1115 0.1125 0.1125 0.1125 0.1135 0.1135 0.114 0.114 0.111 0.111 0.111 0.111 0.111 0.1065 0.1065 0.108 0.108 0.108 0.1095 0.1095 0.1115 0.1115 0.109 0.109 0.109 0.109 0.109 0.1135 0.1135 0.1095 0.1095 0.1095 0.117 0.117 0.123 0.123 0.117 0.117 0.12 0.12 0.12 0.124 0.124 0.1225 0.1225 0.1205 0.1205 0.1205 0.1215 0.1215 0.1215 0.1215 0.113 0.113 0.113 0.1125 0.1125 0.1135 0.1135 0.1175 0.1175 0.1175 0.1175
0.1115 0.1115 0.115 0.115 0.117 0.117 0.115 0.115 0.115 0.1155 0.1155 0.1105 0.1105 0.1175 0.1175 0.1155 0.1155 0.1155 0.119 0.119 0.114 0.114 0.1115 0.1115 0.1115 0.1125 0.1125 0.1075 0.1075 0.1115 0.1115 0.1115 0.1065 0.1065 0.11 0.11 0.111 0.111 0.111 0.113 0.113 0.1135 0.1135 0.111 0.111 0.111 0.1215 0.1215 0.1225 0.1225 0.118 0.118 0.118 0.118 0.118 0.1185 0.1185 0.121 0.121 0.123 0.123 0.123 0.126 0.126 0.12 0.12 0.1185 0.1185 0.1185 0.115 0.115 0.11 0.11 0.1135 0.1135 0.1135 0.112
0.1115 0.1115 0.115 0.115 0.117 0.117 0.115 0.115 0.115 0.1155 0.1155 0.1105 0.1105 0.1175 0.1175 0.1155 0.1155 0.1155 0.119 0.119 0.114 0.114 0.1115 0.1115 0.1115 0.1125 0.1125 0.1075 0.1075 0.1115 0.1115 0.1115 0.1065 0.1065 0.11 0.11 0.111 0.111 0.111 0.113 0.113 0.1135 0.1135 0.111 0.111 0.111 0.1215 0.1215 0.1225 0.1225 0.118 0.118 0.118 0.118 0.118 0.1185 0.1185 0.121 0.121 0.123 0.123 0.123 0.126 0.126 0.12 0.12 0.1185 0.1185 0.1185 0.115 0.115 0.11 0.11 0.1135 0.1135 0.1135 0.112
0.1125 0.1125 0.1185 0.1185 0.1155 0.1155 0.1145 0.1145 0.1145 0.113 0.113 0.1165 0.1165 0.123 0.123 0.1195 0.1195 0.1195 0.113 0.113 0.1165 0.1165 0.114 0.114 0.114 0.1095 0.1095 0.115 0.115 0.1195 0.1195 0.1195 0.1175 0.1175 0.114 0.114 0.111 0.111 0.111 0.1125 0.1125 0.1125 0.1125 0.1175 0.1175 0.1175 0.1245 0.1245 0.1175 0.1175 0.1155 0.1155 0.114 0.114 0.114 0.1155 0.1155 0.126 0.126 0.1285 0.1285 0.1285 0.127 0.127 0.124 0.124 0.121 0.121 0.121 0.126 0.126 0.1245 0.1245 0.112 0.112 0.112 0.103
0.1125 0.1125 0.1185 0.1185 0.1155 0.1155 0.1145 0.1145 0.1145 0.113 0.113 0.1165 0.1165 0.123 0.123 0.1195 0.1195 0.1195 0.113 0.113 0.1165 0.1165 0.114 0.114 0.114 0.1095 0.1095 0.115 0.115 0.1195 0.1195 0.1195 0.1175 0.1175 0.114 0.114 0.111 0.111 0.111 0.1125 0.1125 0.1125 0.1125 0.1175 0.1175 0.1175 0.1245 0.1245 0.1175 0.1175 0.1155 0.1155 0.114 0.114 0.114 0.1155 0.1155 0.126 0.126 0.1285 0.1285 0.1285 0.127 0.127 0.124 0.124 0.121 0.121 0.121 0.126 0.126 0.1245 0.1245 0.112 0.112 0.112 0.103
0.1125 0.1125 0.1185 0.1185 0.1155 0.1155 0.1145 0.1145 0.1145 0.113 0.113 0.1165 0.1165 0.123 0.123 0.1195 0.1195 0.1195 0.113 0.113 0.1165 0.1165 0.114 0.114 0.114 0.1095 0.1095 0.115 0.115 0.1195 0.1195 0.1195 0.1175 0.1175 0.114 0.114 0.111 0.111 0.111 0.1125 0.1125 0.1125 0.1125 0.1175 0.1175 0.1175 0.1245 0.1245 0.1175 0.1175 0.1155 0.1155 0.114 0.114 0.114 0.1155 0.1155 0.126 0.126 0.1285 0.1285 0.1285 0.127 0.127 0.124 0.124 0.121 0.121 0.121 0.126 0.126 0.1245 0.1245 0.112 0.112 0.112 0.103
0.116 0.116 0.119 0.119 0.116 0.116 0.114 0.114 0.114 0.118 0.118 0.122 0.122 0.12 0.12 0.1185 0.1185 0.1185 0.1165 0.1165 0.119 0.119 0.117 0.117 0.117 0.118 0.118 0.126 0.126 0.138 0.138 0.138 0.132 0.132 0.133 0.133 0.126 0.126 0.126 0.121 0.121 0.12 0.12 0.129 0.129 0.129 0.1235 0.1235 0.1205 0.1205 0.1175 0.1175 0.118 0.118 0.118 0.1285 0.1285 0.129 0.129 0.134 0.134 0.134 0.138 0.138 0.125 0.125 0.1295 0.1295 0.1295 0.132 0.132 0.1325 0.1325 0.1245 0.1245 0.1245 0.111
0.116 0.116 0.119 0.119 0.116 0.116 0.114 0.114 0.114 0.118 0.118 0.122 0.122 0.12 0.12 0.1185 0.1185 0.1185 0.1165 0.1165 0.119 0.119 0.117 0.117 0.117 0.118 0.118 0.126 0.126 0.138 0.138 0.138 0.132 0.132 0.133 0.133 0.126 0.126 0.126 0.121 0.121 0.12 0.12 0.129 0.129 0.129 0.1235 0.1235 0.1205 0.1205 0.1175 0.1175 0.118 0.118 0.118 0.1285 0.1285 0.129 0.129 0.134 0.134 0.134 0.138 0.138 0.125 0.125 0.1295 0.1295 0.1295 0.132 0.132 0.1325 0.1325 0.1245 0.1245 0.1245 0.111
0.117 0.117 0.117 0.117 0.1205 0.1205 0.1265 0.1265 0.1265 0.134 0.134 0.1365 0.1365 0.1315 0.1315 0.13 0.13 0.13 0.132 0.132 0.136 0.136 0.132 0.132 0.132 0.1285 0.1285 0.131 0.131 0.1315 0.1315 0.1315 0.128 0.128 0.1275 0.1275 0.1255 0.1255 0.1255 0.121 0.121 0.125 0.125 0.127 0.127 0.127 0.131 0.131 0.127 0.127 0.1245 0.1245 0.1055 0.1055 0.1055 0.1165 0.1165 0.1205 0.1205 0.1385 0.1385 0.1385 0.1365 0.1365 0.13 0.13 0.1305 0.1305 0.1305 0.1265 0.1265 0.1275 0.1275 0.1285 0.1285 0.1285 0.1195
0.117 0.117 0.117 0.117 0.1205 0.1205 0.1265 0.1265 0.1265 0.134 0.134 0.1365 0.1365 0.1315 0.1315 0.13 0.13 0.13 0.132 0.132 0.136 0.136 0.132 0.132 0.132 0.1285 0.1285 0.131 0.131 0.1315 0.1315 0.1315 0.128 0.128 0.1275 0.1275 0.1255 0.1255 0.1255 0.121 0.121 0.125 0.125 0.127 0.127 0.127 0.131 0.131 0.127 0.127 0.1245 0.1245 0.1055 0.1055 0.1055 0.1165 0.1165 0.1205 0.1205 0.1385 0.1385 0.1385 0.1365 0.1365 0.13 0.13 0.1305 0.1305 0.1305 0.1265 0.1265 0.1275 0.1275 0.1285 0.1285 0.1285 0.1195
0.121 0.121 0.125 0.125 0.122 0.122 0.143 0.143 0.143 0.144 0.144 0.147 0.147 0.1375 0.1375 0.139 0.139 0.139 0.138 0.138 0.135 0.135 0.1305 0.1305 0.1305 0.1325 0.1325 0.1275 0.1275 0.1285 0.1285 0.1285 0.129 0.129 0.1325 0.1325 0.128 0.128 0.128 0.1245 0.1245 0.1275 0.1275 0.1305 0.1305 0.1305 0.127 0.127 0.128 0.128 0.129 0.129 0.126 0.126 0.126 0.121 0.121 0.1265 0.1265 0.136 0.136 0.136 0.14 0.14 0.145 0.145 0.1335 0.1335 0.1335 0.129 0.129 0.1215 0.1215 0.133 0.133 0.133 0.1245
0.121 0.121 0.125 0.125 0.122 0.122 0.143 0.143 0.143 0.144 0.144 0.147 0.147 0.1375 0.1375 0.139 0.139 0.139 0.138 0.138 0.135 0.135 0.1305 0.1305 0.1305 0.1325 0.1325 0.1275 0.1275 0.1285 0.1285 0.1285 0.129 0.129 0.1325 0.1325 0.128 0.128 0.128 0.1245 0.1245 0.1275 0.1275 0.1305 0.1305 0.1305 0.127 0.127 0.128 0.128 0.129 0.129 0.126 0.126 0.126 0.121 0.121 0.1265 0.1265 0.136 0.136 0.136 0.14 0.14 0.145 0.145 0.1335 0.1335 0.1335 0.129 0.129 0.1215 0.1215 0.133 0.133 0.133 0.1245
0.121 0.121 0.125 0.125 0.122 0.122 0.143 0.143 0.143 0.144 0.144 0.147 0.147 0.1375 0.1375 0.139 0.139 0.139 0.138 0.138 0.135 0.135 0.1305 0.1305 0.1305 0.1325 0.1325 0.1275 0.1275 0.1285 0.1285 0.1285 0.129 0.129 0.1325 0.1325 0.128 0.128 0.128 0.1245 0.1245 0.1275 0.1275 0.1305 0.1305 0.1305 0.127 0.127 0.128 0.128 0.129 0.129 0.126 0.126 0.126 0.121 0.121 0.1265 0.1265 0.136 0.136 0.136 0.14 0.14 0.145 0.145 0.1335 0.1335 0.1335 0.129 0.129 0.1215 0.1215 0.133 0.133 0.133 0.1245
0.1255 0.1255 0.1375 0.1375 0.137 0.137 0.144 0.144 0.144 0.15 0.15 0.153 0.153 0.148 0.148 0.163 0.163 0.163 0.144 0.144 0.1365 0.1365 0.1355 0.1355 0.1355 0.1375 0.1375 0.136 0.136 0.1325 0.1325 0.1325 0.1305 0.1305 0.1365 0.1365 0.1325 0.1325 0.1325 0.128 0.128 0.135 0.135 0.1325 0.1325 0.1325 0.132 0.132 0.1285 0.1285 0.1365 0.1365 0.125 0.125 0.125 0.1315 0.1315 0.133 0.133 0.1405 0.1405 0.1405 0.1405 0.1405 0.1415 0.1415 0.1355 0.1355 0.1355 0.128 0.128 0.126 0.126 0.1265 0.1265 0.1265 0.1265
0.1255 0.1255 0.1375 0.1375 0.137 0.137 0.144 0.144 0.144 0.15 0.15 0.153 0.153 0.148 0.148 0.163 0.163 0.163 0.144 0.144 0.1365 0.1365 0.1355 0.1355 0.1355 0.1375 0.1375 0.136 0.136 0.1325 0.1325 0.1325 0.1305 0.1305 0.1365 0.1365 0.1325 0.1325 0.1325 0.128 0.128 0.135 0.135 0.1325 0.1325 0.1325 0.132 0.132 0.1285 0.1285 0.1365 0.1365 0.125 0.125 0.125 0.1315 0.1315 0.133 0.133 0.1405 0.1405 0.1405 0.1405 0.1405 0.1415 0.1415 0.1355 0.1355 0.1355 0.128 0.128 0.126 0.126 0.1265 0.1265 0.1265 0.1265
0.1455 0.1455 0.145 0.145 0.139 0.139 0.1385 0.1385 0.1385 0.1525 0.1525 0.156 0.156 0.162 0.162 0.1775 0.1775 0.1775 0.159 0.159 0.146 0.146 0.1345 0.1345 0.1345 0.1355 0.1355 0.1415 0.1415 0.1415 0.1415 0.1415 0.138 0.138 0.141 0.141 0.1405 0.1405 0.1405 0.1435 0.1435 0.131 0.131 0.139 0.139 0.139 0.137 0.137 0.1395 0.1395 0.1495 0.1495 0.1455 0.1455 0.1455 0.145 0.145 0.148 0.148 0.1495 0.1495 0.1495 0.1425 0.1425 0.1415 0.1415 0.129 0.129 0.129 0.1315 0.1315 0.126 0.126 0.124 0.124 0.124 0.147
0.1455 0.1455 0.145 0.145 0.139 0.139 0.1385 0.1385 0.1385 0.1525 0.1525 0.156 0.156 0.162 0.162 0.1775 0.1775 0.1775 0.159 0.159 0.146 0.146 0.1345 0.1345 0.1345 0.1355 0.1355 0.1415 0.1415 0.1415 0.1415 0.1415 0.138 0.138 0.141 0.141 0.1405 0.1405 0.1405 0.1435 0.1435 0.131 0.131 0.139 0.139 0.139 0.137 0.137 0.1395 0.1395 0.1495 0.1495 0.1455 0.1455 0.1455 0.145 0.145 0.148 0.148 0.1495 0.1495 0.1495 0.1425 0.1425 0.1415 0.1415 0.129 0.129 0.129 0.1315 0.1315 0.126 0.126 0.124 0.124 0.124 0.147
0.1565 0.1565 0.15 0.15 0.1385 0.1385 0.135 0.135 0.135 0.1455 0.1455 0.1485 0.1485 0.1675 0.1675 0.165 0.165 0.165 0.1535 0.1535 0.1565 0.1565 0.1605 0.1605 0.1605 0.1545 0.1545 0.153 0.153 0.15 0.15 0.15 0.1505 0.1505 0.1455 0.1455 0.141 0.141 0.141 0.1395 0.1395 0.141 0.141 0.164 0.164 0.164 0.158 0.158 0.1575 0.1575 0.1555 0.1555 0.148 0.148 0.148 0.1475 0.1475 0.151 0.151 0.14 0.14 0.14 0.143 0.143 0.144 0.144 0.1515 0.1515 0.1515 0.14 0.14 0.1335 0.1335 0.135 0.135 0.135 0.1385
0.1565 0.1565 0.15 0.15 0.1385 0.1385 0.135 0.135 0.135 0.1455 0.1455 0.1485 0.1485 0.1675 0.1675 0.165 0.165 0.165 0.1535 0.1535 0.1565 0.1565 0.1605 0.1605 0.1605 0.1545 0.1545 0.153 0.153 0.15 0.15 0.15 0.1505 0.1505 0.1455 0.1455 0.141 0.141 0.141 0.1395 0.1395 0.141 0.141 0.164 0.164 0.164 0.158 0.158 0.1575 0.1575 0.1555 0.1555 0.148 0.148 0.148 0.1475 0.1475 0.151 0.151 0.14 0.14 0.14 0.143 0.143 0.144 0.144 0.1515 0.1515 0.1515 0.14 0.14 0.1335 0.1335 0.135 0.135 0.135 0.1385
0.167 0.167 0.1555 0.1555 0.151 0.151 0.146 0.146 0.146 0.1415 0.1415 0.146 0.146 0.1455 0.1455 0.1525 0.1525 0.1525 0.1585 0.1585 0.1675 0.1675 0.165 0.165 0.165 0.165 0.165 0.165 0.165 0.164 0.164 0.164 0.1755 0.1755 0.1715 0.1715 0.1655 0.1655 0.1655 0.1675 0.1675 0.1725 0.1725 0.185 0.185 0.185 0.1655 0.1655 0.158 0.158 0.1575 0.1575 0.159 0.159 0.159 0.151 0.151 0.148 0.148 0.137 0.137 0.137 0.143 0.143 0.1595 0.1595 0.164 0.164 0.164 0.156 0.156 0.1495 0.1495 0.132 0.132 0.132 0.1355
