ndvi/NOAA-240.asc
ncols         252
nrows         154
xllcorner     -18.017974
yllcorner     13.481982
cellsize      0.035948
NODATA_value  -9999
[rows 34 to 67 of 154, columns 154 to 230 of 252]
0.123 0.132 0.132 0.146 0.146 0.146 0.134 0.134 0.116 0.116 0.1105 0.1105 0.0995 0.0995 0.0995 0.1085 0.1085 0.104 0.104 0.111 0.111 0.111 0.116 0.116 0.1285 0.1285 0.1445 0.1445 0.1445 0.1485 0.1485 0.149 0.149 0.1215 0.1215 0.1215 0.1285 0.1285 0.1255 0.1255 0.131 0.131 0.131 0.13 0.13 0.119 0.119 0.1315 0.1315 0.139 0.139 0.139 0.1355 0.1355 0.131 0.131 0.137 0.137 0.137 0.1465 0.1465 0.137 0.137 0.1325 0.1325 0.1325 0.135 0.135 0.1325 0.1325 0.1405 0.1405 0.1405 0.139 0.139 0.1285 0.1285
0.123 0.132 0.132 0.146 0.146 0.146 0.134 0.134 0.116 0.116 0.1105 0.1105 0.0995 0.0995 0.0995 0.1085 0.1085 0.104 0.104 0.111 0.111 0.111 0.116 0.116 0.1285 0.1285 0.1445 0.1445 0.1445 0.1485 0.1485 0.149 0.149 0.1215 0.1215 0.1215 0.1285 0.1285 0.1255 0.1255 0.131 0.131 0.131 0.13 0.13 0.119 0.119 0.1315 0.1315 0.139 0.139 0.139 0.1355 0.1355 0.131 0.131 0.137 0.137 0.137 0.1465 0.1465 0.137 0.137 0.1325 0.1325 0.1325 0.135 0.135 0.1325 0.1325 0.1405 0.1405 0.1405 0.139 0.139 0.1285 0.1285
0.123 0.132 0.132 0.146 0.146 0.146 0.134 0.134 0.116 0.116 0.1105 0.1105 0.0995 0.0995 0.0995 0.1085 0.1085 0.104 0.104 0.111 0.111 0.111 0.116 0.116 0.1285 0.1285 0.1445 0.1445 0.1445 0.1485 0.1485 0.149 0.149 0.1215 0.1215 0.1215 0.1285 0.1285 0.1255 0.1255 0.131 0.131 0.131 0.13 0.13 0.119 0.119 0.1315 0.1315 0.139 0.139 0.139 0.1355 0.1355 0.131 0.131 0.137 0.137 0.137 0.1465 0.1465 0.137 0.137 0.1325 0.1325 0.1325 0.135 0.135 0.1325 0.1325 0.1405 0.1405 0.1405 0.139 0.139 0.1285 0.1285
0.1255 0.121 0.121 0.112 0.112 0.112 0.1205 0.1205 0.1115 0.1115 0.1025 0.1025 0.102 0.102 0.102 0.1085 0.1085 0.106 0.106 0.1075 0.1075 0.1075 0.1085 0.1085 0.134 0.134 0.1295 0.1295 0.1295 0.1535 0.1535 0.1375 0.1375 0.1305 0.1305 0.1305 0.1355 0.1355 0.128 0.128 0.1315 0.1315 0.1315 0.1285 0.1285 0.128 0.128 0.1305 0.1305 0.138 0.138 0.138 0.128 0.128 0.1335 0.1335 0.1405 0.1405 0.1405 0.138 0.138 0.1315 0.1315 0.1285 0.1285 0.1285 0.1355 0.1355 0.142 0.142 0.144 0.144 0.144 0.1515 0.1515 0.144 0.144
0.1255 0.121 0.121 0.112 0.112 0.112 0.1205 0.1205 0.1115 0.1115 0.1025 0.1025 0.102 0.102 0.102 0.1085 0.1085 0.106 0.106 0.1075 0.1075 0.1075 0.1085 0.1085 0.134 0.134 0.1295 0.1295 0.1295 0.1535 0.1535 0.1375 0.1375 0.1305 0.1305 0.1305 0.1355 0.1355 0.128 0.128 0.1315 0.1315 0.1315 0.1285 0.1285 0.128 0.128 0.1305 0.1305 0.138 0.138 0.138 0.128 0.128 0.1335 0.1335 0.1405 0.1405 0.1405 0.138 0.138 0.1315 0.1315 0.1285 0.1285 0.1285 0.1355 0.1355 0.142 0.142 0.144 0.144 0.144 0.1515 0.1515 0.144 0.144
0.119 0.1155 0.1155 0.102 0.102 0.102 0.106 0.106 0.0975 0.0975 0.1015 0.1015 0.112 0.112 0.112 0.106 0.106 0.098 0.098 0.0995 0.0995 0.0995 0.1065 0.1065 0.1625 0.1625 0.17 0.17 0.17 0.156 0.156 0.162 0.162 0.1495 0.1495 0.1495 0.134 0.134 0.1385 0.1385 0.1375 0.1375 0.1375 0.1195 0.1195 0.142 0.142 0.1435 0.1435 0.1275 0.1275 0.1275 0.1235 0.1235 0.127 0.127 0.1295 0.1295 0.1295 0.1285 0.1285 0.139 0.139 0.1405 0.1405 0.1405 0.1385 0.1385 0.1435 0.1435 0.151 0.151 0.151 0.1445 0.1445 0.149 0.149
0.119 0.1155 0.1155 0.102 0.102 0.102 0.106 0.106 0.0975 0.0975 0.1015 0.1015 0.112 0.112 0.112 0.106 0.106 0.098 0.098 0.0995 0.0995 0.0995 0.1065 0.1065 0.1625 0.1625 0.17 0.17 0.17 0.156 0.156 0.162 0.162 0.1495 0.1495 0.1495 0.134 0.134 0.1385 0.1385 0.1375 0.1375 0.1375 0.1195 0.1195 0.142 0.142 0.1435 0.1435 0.1275 0.1275 0.1275 0.1235 0.1235 0.127 0.127 0.1295 0.1295 0.1295 0.1285 0.1285 0.139 0.139 0.1405 0.1405 0.1405 0.1385 0.1385 0.1435 0.1435 0.151 0.151 0.151 0.1445 0.1445 0.149 0.149
0.145 0.124 0.124 0.1205 0.1205 0.1205 0.0995 0.0995 0.105 0.105 0.103 0.103 0.108 0.108 0.108 0.1085 0.1085 0.1035 0.1035 0.106 0.106 0.106 0.1195 0.1195 0.1435 0.1435 0.1445 0.1445 0.1445 0.1565 0.1565 0.1575 0.1575 0.14 0.14 0.14 0.1355 0.1355 0.138 0.138 0.132 0.132 0.132 0.139 0.139 0.1365 0.1365 0.142 0.142 0.137 0.137 0.137 0.136 0.136 0.137 0.137 0.1355 0.1355 0.1355 0.1445 0.1445 0.137 0.137 0.1425 0.1425 0.1425 0.1455 0.1455 0.141 0.141 0.1425 0.1425 0.1425 0.1435 0.1435 0.131 0.131
0.145 0.124 0.124 0.1205 0.1205 0.1205 0.0995 0.0995 0.105 0.105 0.103 0.103 0.108 0.108 0.108 0.1085 0.1085 0.1035 0.1035 0.106 0.106 0.106 0.1195 0.1195 0.1435 0.1435 0.1445 0.1445 0.1445 0.1565 0.1565 0.1575 0.1575 0.14 0.14 0.14 0.1355 0.1355 0.138 0.138 0.132 0.132 0.132 0.139 0.139 0.1365 0.1365 0.142 0.142 0.137 0.137 0.137 0.136 0.136 0.137 0.137 0.1355 0.1355 0.1355 0.1445 0.1445 0.137 0.137 0.1425 0.1425 0.1425 0.1455 0.1455 0.141 0.141 0.1425 0.1425 0.1425 0.1435 0.1435 0.131 0.131
0.145 0.124 0.124 0.1205 0.1205 0.1205 0.0995 0.0995 0.105 0.105 0.103 0.103 0.108 0.108 0.108 0.1085 0.1085 0.1035 0.1035 0.106 0.106 0.106 0.1195 0.1195 0.1435 0.1435 0.1445 0.1445 0.1445 0.1565 0.1565 0.1575 0.1575 0.14 0.14 0.14 0.1355 0.1355 0.138 0.138 0.132 0.132 0.132 0.139 0.139 0.1365 0.1365 0.142 0.142 0.137 0.137 0.137 0.136 0.136 0.137 0.137 0.1355 0.1355 0.1355 0.1445 0.1445 0.137 0.137 0.1425 0.1425 0.1425 0.1455 0.1455 0.141 0.141 0.1425 0.1425 0.1425 0.1435 0.1435 0.131 0.131
0.112 0.135 0.135 0.126 0.126 0.126 0.1145 0.1145 0.1135 0.1135 0.113 0.113 0.119 0.119 0.119 0.119 0.119 0.15 0.15 0.1495 0.1495 0.1495 0.1425 0.1425 0.136 0.136 0.13 0.13 0.13 0.1385 0.1385 0.148 0.148 0.144 0.144 0.144 0.138 0.138 0.146 0.146 0.1465 0.1465 0.1465 0.14 0.14 0.136 0.136 0.138 0.138 0.1465 0.1465 0.1465 0.1355 0.1355 0.141 0.141 0.144 0.144 0.144 0.146 0.146 0.136 0.136 0.1335 0.1335 0.1335 0.1395 0.1395 0.1385 0.1385 0.1455 0.1455 0.1455 0.145 0.145 0.135 0.135
0.112 0.135 0.135 0.126 0.126 0.126 0.1145 0.1145 0.1135 0.1135 0.113 0.113 0.119 0.119 0.119 0.119 0.119 0.15 0.15 0.1495 0.1495 0.1495 0.1425 0.1425 0.136 0.136 0.13 0.13 0.13 0.1385 0.1385 0.148 0.148 0.144 0.144 0.144 0.138 0.138 0.146 0.146 0.1465 0.1465 0.1465 0.14 0.14 0.136 0.136 0.138 0.138 0.1465 0.1465 0.1465 0.1355 0.1355 0.141 0.141 0.144 0.144 0.144 0.146 0.146 0.136 0.136 0.1335 0.1335 0.1335 0.1395 0.1395 0.1385 0.1385 0.1455 0.1455 0.1455 0.145 0.145 0.135 0.135
0.109 0.113 0.113 0.163 0.163 0.163 0.1525 0.1525 0.152 0.152 0.149 0.149 0.167 0.167 0.167 0.168 0.168 0.161 0.161 0.1615 0.1615 0.1615 0.161 0.161 0.14 0.14 0.143 0.143 0.143 0.142 0.142 0.1525 0.1525 0.144 0.144 0.144 0.1605 0.1605 0.15 0.15 0.1315 0.1315 0.1315 0.141 0.141 0.1445 0.1445 0.146 0.146 0.139 0.139 0.139 0.137 0.137 0.135 0.135 0.1385 0.1385 0.1385 0.143 0.143 0.1335 0.1335 0.1485 0.1485 0.1485 0.1325 0.1325 0.1415 0.1415 0.147 0.147 0.147 0.15 0.15 0.142 0.142
0.109 0.113 0.113 0.163 0.163 0.163 0.1525 0.1525 0.152 0.152 0.149 0.149 0.167 0.167 0.167 0.168 0.168 0.161 0.161 0.1615 0.1615 0.1615 0.161 0.161 0.14 0.14 0.143 0.143 0.143 0.142 0.142 0.1525 0.1525 0.144 0.144 0.144 0.1605 0.1605 0.15 0.15 0.1315 0.1315 0.1315 0.141 0.141 0.1445 0.1445 0.146 0.146 0.139 0.139 0.139 0.137 0.137 0.135 0.135 0.1385 0.1385 0.1385 0.143 0.143 0.1335 0.1335 0.1485 0.1485 0.1485 0.1325 0.1325 0.1415 0.1415 0.147 0.147 0.147 0.15 0.15 0.142 0.142
0.121 0.134 0.134 0.151 0.151 0.151 0.1675 0.1675 0.174 0.174 0.155 0.155 0.149 0.149 0.149 0.166 0.166 0.1495 0.1495 0.1365 0.1365 0.1365 0.1525 0.1525 0.155 0.155 0.1535 0.1535 0.1535 0.152 0.152 0.151 0.151 0.1455 0.1455 0.1455 0.1585 0.1585 0.161 0.161 0.1555 0.1555 0.1555 0.1485 0.1485 0.1485 0.1485 0.14 0.14 0.142 0.142 0.142 0.143 0.143 0.1445 0.1445 0.141 0.141 0.141 0.151 0.151 0.1455 0.1455 0.1385 0.1385 0.1385 0.1325 0.1325 0.1315 0.1315 0.151 0.151 0.151 0.148 0.148 0.1445 0.1445
0.121 0.134 0.134 0.151 0.151 0.151 0.1675 0.1675 0.174 0.174 0.155 0.155 0.149 0.149 0.149 0.166 0.166 0.1495 0.1495 0.1365 0.1365 0.1365 0.1525 0.1525 0.155 0.155 0.1535 0.1535 0.1535 0.152 0.152 0.151 0.151 0.1455 0.1455 0.1455 0.1585 0.1585 0.161 0.161 0.1555 0.1555 0.1555 0.1485 0.1485 0.1485 0.1485 0.14 0.14 0.142 0.142 0.142 0.143 0.143 0.1445 0.1445 0.141 0.141 0.141 0.151 0.151 0.1455 0.1455 0.1385 0.1385 0.1385 0.1325 0.1325 0.1315 0.1315 0.151 0.151 0.151 0.148 0.148 0.1445 0.1445
0.121 0.134 0.134 0.151 0.151 0.151 0.1675 0.1675 0.174 0.174 0.155 0.155 0.149 0.149 0.149 0.166 0.166 0.1495 0.1495 0.1365 0.1365 0.1365 0.1525 0.1525 0.155 0.155 0.1535 0.1535 0.1535 0.152 0.152 0.151 0.151 0.1455 0.1455 0.1455 0.1585 0.1585 0.161 0.161 0.1555 0.1555 0.1555 0.1485 0.1485 0.1485 0.1485 0.14 0.14 0.142 0.142 0.142 0.143 0.143 0.1445 0.1445 0.141 0.141 0.141 0.151 0.151 0.1455 0.1455 0.1385 0.1385 0.1385 0.1325 0.1325 0.1315 0.1315 0.151 0.151 0.151 0.148 0.148 0.1445 0.1445
0.1185 0.114 0.114 0.1585 0.1585 0.1585 0.176 0.176 0.167 0.167 0.1655 0.1655 0.157 0.157 0.157 0.1505 0.1505 0.1495 0.1495 0.1475 0.1475 0.1475 0.152 0.152 0.154 0.154 0.164 0.164 0.164 0.161 0.161 0.149 0.149 0.1505 0.1505 0.1505 0.171 0.171 0.1815 0.1815 0.1595 0.1595 0.1595 0.164 0.164 0.158 0.158 0.1415 0.1415 0.1345 0.1345 0.1345 0.1315 0.1315 0.149 0.149 0.1505 0.1505 0.1505 0.152 0.152 0.151 0.151 0.144 0.144 0.144 0.137 0.137 0.1355 0.1355 0.1375 0.1375 0.1375 0.138 0.138 0.144 0.144
0.1185 0.114 0.114 0.1585 0.1585 0.1585 0.176 0.176 0.167 0.167 0.1655 0.1655 0.157 0.157 0.157 0.1505 0.1505 0.1495 0.1495 0.1475 0.1475 0.1475 0.152 0.152 0.154 0.154 0.164 0.164 0.164 0.161 0.161 0.149 0.149 0.1505 0.1505 0.1505 0.171 0.171 0.1815 0.1815 0.1595 0.1595 0.1595 0.164 0.164 0.158 0.158 0.1415 0.1415 0.1345 0.1345 0.1345 0.1315 0.1315 0.149 0.149 0.1505 0.1505 0.1505 0.152 0.152 0.151 0.151 0.144 0.144 0.144 0.137 0.137 0.1355 0.1355 0.1375 0.1375 0.1375 0.138 0.138 0.144 0.144
0.1105 0.111 0.111 0.1545 0.1545 0.1545 0.181 0.181 0.1845 0.1845 0.1775 0.1775 0.1675 0.1675 0.1675 0.158 0.158 0.1645 0.1645 0.151 0.151 0.151 0.1555 0.1555 0.181 0.181 0.178 0.178 0.178 0.1825 0.1825 0.1775 0.1775 0.177 0.177 0.177 0.166 0.166 0.1725 0.1725 0.169 0.169 0.169 0.148 0.148 0.1585 0.1585 0.159 0.159 0.143 0.143 0.143 0.155 0.155 0.1445 0.1445 0.1565 0.1565 0.1565 0.1555 0.1555 0.159 0.159 0.1645 0.1645 0.1645 0.1565 0.1565 0.1515 0.1515 0.1565 0.1565 0.1565 0.16 0.16 0.162 0.162
0.1105 0.111 0.111 0.1545 0.1545 0.1545 0.181 0.181 0.1845 0.1845 0.1775 0.1775 0.1675 0.1675 0.1675 0.158 0.158 0.1645 0.1645 0.151 0.151 0.151 0.1555 0.1555 0.181 0.181 0.178 0.178 0.178 0.1825 0.1825 0.1775 0.1775 0.177 0.177 0.177 0.166 0.166 0.1725 0.1725 0.169 0.169 0.169 0.148 0.148 0.1585 0.1585 0.159 0.159 0.143 0.143 0.143 0.155 0.155 0.1445 0.1445 0.1565 0.1565 0.1565 0.1555 0.1555 0.159 0.159 0.1645 0.1645 0.1645 0.1565 0.1565 0.1515 0.1515 0.1565 0.1565 0.1565 0.16 0.16 0.162 0.162
0.1035 0.1115 0.1115 0.183 0.183 0.183 0.17 0.17 0.1785 0.1785 0.18 0.18 0.1775 0.1775 0.1775 0.1715 0.1715 0.1845 0.1845 0.1945 0.1945 0.1945 0.1865 0.1865 0.192 0.192 0.187 0.187 0.187 0.184 0.184 0.1855 0.1855 0.1845 0.1845 0.1845 0.1815 0.1815 0.1795 0.1795 0.176 0.176 0.176 0.1635 0.1635 0.172 0.172 0.161 0.161 0.1725 0.1725 0.1725 0.159 0.159 0.1505 0.1505 0.159 0.159 0.159 0.157 0.157 0.1685 0.1685 0.163 0.163 0.163 0.157 0.157 0.1545 0.1545 0.161 0.161 0.161 0.166 0.166 0.168 0.168
0.1035 0.1115 0.1115 0.183 0.183 0.183 0.17 0.17 0.1785 0.1785 0.18 0.18 0.1775 0.1775 0.1775 0.1715 0.1715 0.1845 0.1845 0.1945 0.1945 0.1945 0.1865 0.1865 0.192 0.192 0.187 0.187 0.187 0.184 0.184 0.1855 0.1855 0.1845 0.1845 0.1845 0.1815 0.1815 0.1795 0.1795 0.176 0.176 0.176 0.1635 0.1635 0.172 0.172 0.161 0.161 0.1725 0.1725 0.1725 0.159 0.159 0.1505 0.1505 0.159 0.159 0.159 0.157 0.157 0.1685 0.1685 0.163 0.163 0.163 0.157 0.157 0.1545 0.1545 0.161 0.161 0.161 0.166 0.166 0.168 0.168
0.1015 0.104 0.104 0.1315 0.1315 0.1315 0.176 0.176 0.173 0.173 0.1665 0.1665 0.1715 0.1715 0.1715 0.169 0.169 0.189 0.189 0.204 0.204 0.204 0.204 0.204 0.203 0.203 0.1815 0.1815 0.1815 0.1975 0.1975 0.2015 0.2015 0.1795 0.1795 0.1795 0.198 0.198 0.183 0.183 0.1805 0.1805 0.1805 0.1615 0.1615 0.1725 0.1725 0.181 0.181 0.216 0.216 0.216 0.152 0.152 0.135 0.135 0.143 0.143 0.143 0.155 0.155 0.166 0.166 0.1575 0.1575 0.1575 0.161 0.161 0.1615 0.1615 0.165 0.165 0.165 0.172 0.172 0.1615 0.1615
0.1015 0.104 0.104 0.1315 0.1315 0.1315 0.176 0.176 0.173 0.173 0.1665 0.1665 0.1715 0.1715 0.1715 0.169 0.169 0.189 0.189 0.204 0.204 0.204 0.204 0.204 0.203 0.203 0.1815 0.1815 0.1815 0.1975 0.1975 0.2015 0.2015 0.1795 0.1795 0.1795 0.198 0.198 0.183 0.183 0.1805 0.1805 0.1805 0.1615 0.1615 0.1725 0.1725 0.181 0.181 0.216 0.216 0.216 0.152 0.152 0.135 0.135 0.143 0.143 0.143 0.155 0.155 0.166 0.166 0.1575 0.1575 0.1575 0.161 0.161 0.1615 0.1615 0.165 0.165 0.165 0.172 0.172 0.1615 0.1615
0.1015 0.104 0.104 0.1315 0.1315 0.1315 0.176 0.176 0.173 0.173 0.1665 0.1665 0.1715 0.1715 0.1715 0.169 0.169 0.189 0.189 0.204 0.204 0.204 0.204 0.204 0.203 0.203 0.1815 0.1815 0.1815 0.1975 0.1975 0.2015 0.2015 0.1795 0.1795 0.1795 0.198 0.198 0.183 0.183 0.1805 0.1805 0.1805 0.1615 0.1615 0.1725 0.1725 0.181 0.181 0.216 0.216 0.216 0.152 0.152 0.135 0.135 0.143 0.143 0.143 0.155 0.155 0.166 0.166 0.1575 0.1575 0.1575 0.161 0.161 0.1615 0.1615 0.165 0.165 0.165 0.172 0.172 0.1615 0.1615
0.128 0.1215 0.1215 0.128 0.128 0.128 0.1385 0.1385 0.1595 0.1595 0.163 0.163 0.16 0.16 0.16 0.171 0.171 0.2075 0.2075 0.2115 0.2115 0.2115 0.2115 0.2115 0.205 0.205 0.184 0.184 0.184 0.1805 0.1805 0.1825 0.1825 0.191 0.191 0.191 0.197 0.197 0.2005 0.2005 0.2125 0.2125 0.2125 0.178 0.178 0.1515 0.1515 0.1565 0.1565 0.1415 0.1415 0.1415 0.145 0.145 0.1495 0.1495 0.135 0.135 0.135 0.1415 0.1415 0.1565 0.1565 0.1595 0.1595 0.1595 0.159 0.159 0.152 0.152 0.146 0.146 0.146 0.149 0.149 0.1535 0.1535
0.128 0.1215 0.1215 0.128 0.128 0.128 0.1385 0.1385 0.1595 0.1595 0.163 0.163 0.16 0.16 0.16 0.171 0.171 0.2075 0.2075 0.2115 0.2115 0.2115 0.2115 0.2115 0.205 0.205 0.184 0.184 0.184 0.1805 0.1805 0.1825 0.1825 0.191 0.191 0.191 0.197 0.197 0.2005 0.2005 0.2125 0.2125 0.2125 0.178 0.178 0.1515 0.1515 0.1565 0.1565 0.1415 0.1415 0.1415 0.145 0.145 0.1495 0.1495 0.135 0.135 0.135 0.1415 0.1415 0.1565 0.1565 0.1595 0.1595 0.1595 0.159 0.159 0.152 0.152 0.146 0.146 0.146 0.149 0.149 0.1535 0.1535
0.1195 0.1255 0.1255 0.1185 0.1185 0.1185 0.125 0.125 0.14 0.14 0.1665 0.1665 0.1885 0.1885 0.1885 0.2095 0.2095 0.238 0.238 0.2085 0.2085 0.2085 0.2145 0.2145 0.207 0.207 0.1955 0.1955 0.1955 0.1775 0.1775 0.2085 0.2085 0.202 0.202 0.202 0.208 0.208 0.2015 0.2015 0.2045 0.2045 0.2045 0.1875 0.1875 0.1635 0.1635 0.157 0.157 0.1695 0.1695 0.1695 0.1845 0.1845 0.1695 0.1695 0.149 0.149 0.149 0.1515 0.1515 0.1545 0.1545 0.174 0.174 0.174 0.18 0.18 0.164 0.164 0.1615 0.1615 0.1615 0.155 0.155 0.1655 0.1655
0.1195 0.1255 0.1255 0.1185 0.1185 0.1185 0.125 0.125 0.14 0.14 0.1665 0.1665 0.1885 0.1885 0.1885 0.2095 0.2095 0.238 0.238 0.2085 0.2085 0.2085 0.2145 0.2145 0.207 0.207 0.1955 0.1955 0.1955 0.1775 0.1775 0.2085 0.2085 0.202 0.202 0.202 0.208 0.208 0.2015 0.2015 0.2045 0.2045 0.2045 0.1875 0.1875 0.1635 0.1635 0.157 0.157 0.1695 0.1695 0.1695 0.1845 0.1845 0.1695 0.1695 0.149 0.149 0.149 0.1515 0.1515 0.1545 0.1545 0.174 0.174 0.174 0.18 0.18 0.164 0.164 0.1615 0.1615 0.1615 0.155 0.155 0.1655 0.1655
0.1425 0.1535 0.1535 0.1395 0.1395 0.1395 0.128 0.128 0.155 0.155 0.188 0.188 0.1885 0.1885 0.1885 0.199 0.199 0.219 0.219 0.223 0.223 0.223 0.2055 0.2055 0.212 0.212 0.1885 0.1885 0.1885 0.194 0.194 0.216 0.216 0.2115 0.2115 0.2115 0.2215 0.2215 0.2355 0.2355 0.2375 0.2375 0.2375 0.23 0.23 0.2105 0.2105 0.208 0.208 0.192 0.192 0.192 0.215 0.215 0.246 0.246 0.192 0.192 0.192 0.1745 0.1745 0.1645 0.1645 0.2 0.2 0.2 0.194 0.194 0.1785 0.1785 0.1695 0.1695 0.1695 0.167 0.167 0.166 0.166
0.1425 0.1535 0.1535 0.1395 0.1395 0.1395 0.128 0.128 0.155 0.155 0.188 0.188 0.1885 0.1885 0.1885 0.199 0.199 0.219 0.219 0.223 0.223 0.223 0.2055 0.2055 0.212 0.212 0.1885 0.1885 0.1885 0.194 0.194 0.216 0.216 0.2115 0.2115 0.2115 0.2215 0.2215 0.2355 0.2355 0.2375 0.2375 0.2375 0.23 0.23 0.2105 0.2105 0.208 0.208 0.192 0.192 0.192 0.215 0.215 0.246 0.246 0.192 0.192 0.192 0.1745 0.1745 0.1645 0.1645 0.2 0.2 0.2 0.194 0.194 0.1785 0.1785 0.1695 0.1695 0.1695 0.167 0.167 0.166 0.166
0.1425 0.1535 0.1535 0.1395 0.1395 0.1395 0.128 0.128 0.155 0.155 0.188 0.188 0.1885 0.1885 0.1885 0.199 0.199 0.219 0.219 0.223 0.223 0.223 0.2055 0.2055 0.212 0.212 0.1885 0.1885 0.1885 0.194 0.194 0.216 0.216 0.2115 0.2115 0.2115 0.2215 0.2215 0.2355 0.2355 0.2375 0.2375 0.2375 0.23 0.23 0.2105 0.2105 0.208 0.208 0.192 0.192 0.192 0.215 0.215 0.246 0.246 0.192 0.192 0.192 0.1745 0.1745 0.1645 0.1645 0.2 0.2 0.2 0.194 0.194 0.1785 0.1785 0.1695 0.1695 0.1695 0.167 0.167 0.166 0.166
0.1415 0.1605 0.1605 0.1485 0.1485 0.1485 0.149 0.149 0.1585 0.1585 0.1825 0.1825 0.192 0.192 0.192 0.211 0.211 0.225 0.225 0.2245 0.2245 0.2245 0.2245 0.2245 0.21 0.21 0.199 0.199 0.199 0.207 0.207 0.2155 0.2155 0.2165 0.2165 0.2165 0.2305 0.2305 0.2205 0.2205 0.2175 0.2175 0.2175 0.212 0.212 0.1995 0.1995 0.197 0.197 0.214 0.214 0.214 0.2105 0.2105 0.2175 0.2175 0.221 0.221 0.221 0.216 0.216 0.214 0.214 0.204 0.204 0.204 0.191 0.191 0.2005 0.2005 0.213 0.213 0.213 0.195 0.195 0.196 0.196
