ndvi/NOAA-75.asc
ncols         252
nrows         154
xllcorner     -18.017974
yllcorner     13.481982
cellsize      0.035948
NODATA_value  -9999
[rows 34 to 67 of 154, columns 77 to 153 of 252]
0.147 0.147 0.1445 0.1445 0.143 0.143 0.1405 0.1405 0.1405 0.1415 0.1415 0.145 0.145 0.147 0.147 0.1505 0.1505 0.1505 0.149 0.149 0.146 0.146 0.153 0.153 0.153 0.154 0.154 0.1545 0.1545 0.156 0.156 0.156 0.1555 0.1555 0.15 0.15 0.1515 0.1515 0.1515 0.1575 0.1575 0.1515 0.1515 0.1615 0.1615 0.1615 0.1575 0.1575 0.1585 0.1585 0.159 0.159 0.1595 0.1595 0.1595 0.147 0.147 0.158 0.158 0.161 0.161 0.161 0.1665 0.1665 0.1615 0.1615 0.168 0.168 0.168 0.1605 0.1605 0.1335 0.1335 0.126 0.126 0.126 0.1355
0.147 0.147 0.1445 0.1445 0.143 0.143 0.1405 0.1405 0.1405 0.1415 0.1415 0.145 0.145 0.147 0.147 0.1505 0.1505 0.1505 0.149 0.149 0.146 0.146 0.153 0.153 0.153 0.154 0.154 0.1545 0.1545 0.156 0.156 0.156 0.1555 0.1555 0.15 0.15 0.1515 0.1515 0.1515 0.1575 0.1575 0.1515 0.1515 0.1615 0.1615 0.1615 0.1575 0.1575 0.1585 0.1585 0.159 0.159 0.1595 0.1595 0.1595 0.147 0.147 0.158 0.158 0.161 0.161 0.161 0.1665 0.1665 0.1615 0.1615 0.168 0.168 0.168 0.1605 0.1605 0.1335 0.1335 0.126 0.126 0.126 0.1355
0.147 0.147 0.1445 0.1445 0.143 0.143 0.1405 0.1405 0.1405 0.1415 0.1415 0.145 0.145 0.147 0.147 0.1505 0.1505 0.1505 0.149 0.149 0.146 0.146 0.153 0.153 0.153 0.154 0.154 0.1545 0.1545 0.156 0.156 0.156 0.1555 0.1555 0.15 0.15 0.1515 0.1515 0.1515 0.1575 0.1575 0.1515 0.1515 0.1615 0.1615 0.1615 0.1575 0.1575 0.1585 0.1585 0.159 0.159 0.1595 0.1595 0.1595 0.147 0.147 0.158 0.158 0.161 0.161 0.161 0.1665 0.1665 0.1615 0.1615 0.168 0.168 0.168 0.1605 0.1605 0.1335 0.1335 0.126 0.126 0.126 0.1355
0.1545 0.1545 0.1505 0.1505 0.1515 0.1515 0.151 0.151 0.151 0.149 0.149 0.1545 0.1545 0.1665 0.1665 0.1475 0.1475 0.1475 0.15 0.15 0.1485 0.1485 0.152 0.152 0.152 0.1625 0.1625 0.1705 0.1705 0.169 0.169 0.169 0.164 0.164 0.173 0.173 0.1595 0.1595 0.1595 0.162 0.162 0.1635 0.1635 0.167 0.167 0.167 0.166 0.166 0.1655 0.1655 0.1655 0.1655 0.1625 0.1625 0.1625 0.1695 0.1695 0.1955 0.1955 0.187 0.187 0.187 0.1785 0.1785 0.1745 0.1745 0.1625 0.1625 0.1625 0.157 0.157 0.144 0.144 0.1495 0.1495 0.1495 0.14
0.1545 0.1545 0.1505 0.1505 0.1515 0.1515 0.151 0.151 0.151 0.149 0.149 0.1545 0.1545 0.1665 0.1665 0.1475 0.1475 0.1475 0.15 0.15 0.1485 0.1485 0.152 0.152 0.152 0.1625 0.1625 0.1705 0.1705 0.169 0.169 0.169 0.164 0.164 0.173 0.173 0.1595 0.1595 0.1595 0.162 0.162 0.1635 0.1635 0.167 0.167 0.167 0.166 0.166 0.1655 0.1655 0.1655 0.1655 0.1625 0.1625 0.1625 0.1695 0.1695 0.1955 0.1955 0.187 0.187 0.187 0.1785 0.1785 0.1745 0.1745 0.1625 0.1625 0.1625 0.157 0.157 0.144 0.144 0.1495 0.1495 0.1495 0.14
0.1585 0.1585 0.1505 0.1505 0.1465 0.1465 0.1445 0.1445 0.1445 0.158 0.158 0.1645 0.1645 0.1655 0.1655 0.1625 0.1625 0.1625 0.1535 0.1535 0.156 0.156 0.161 0.161 0.161 0.163 0.163 0.171 0.171 0.1775 0.1775 0.1775 0.1845 0.1845 0.1755 0.1755 0.17 0.17 0.17 0.164 0.164 0.168 0.168 0.182 0.182 0.182 0.187 0.187 0.1855 0.1855 0.1815 0.1815 0.223 0.223 0.223 0.198 0.198 0.193 0.193 0.178 0.178 0.178 0.1725 0.1725 0.166 0.166 0.153 0.153 0.153 0.1545 0.1545 0.123 0.123 0.1225 0.1225 0.1225 0.1445
0.1585 0.1585 0.1505 0.1505 0.1465 0.1465 0.1445 0.1445 0.1445 0.158 0.158 0.1645 0.1645 0.1655 0.1655 0.1625 0.1625 0.1625 0.1535 0.1535 0.156 0.156 0.161 0.161 0.161 0.163 0.163 0.171 0.171 0.1775 0.1775 0.1775 0.1845 0.1845 0.1755 0.1755 0.17 0.17 0.17 0.164 0.164 0.168 0.168 0.182 0.182 0.182 0.187 0.187 0.1855 0.1855 0.1815 0.1815 0.223 0.223 0.223 0.198 0.198 0.193 0.193 0.178 0.178 0.178 0.1725 0.1725 0.166 0.166 0.153 0.153 0.153 0.1545 0.1545 0.123 0.123 0.1225 0.1225 0.1225 0.1445
0.1635 0.1635 0.16 0.16 0.1525 0.1525 0.154 0.154 0.154 0.155 0.155 0.1595 0.1595 0.1615 0.1615 0.162 0.162 0.162 0.1475 0.1475 0.1505 0.1505 0.163 0.163 0.163 0.168 0.168 0.179 0.179 0.1845 0.1845 0.1845 0.183 0.183 0.171 0.171 0.1705 0.1705 0.1705 0.178 0.178 0.186 0.186 0.197 0.197 0.197 0.188 0.188 0.185 0.185 0.1865 0.1865 0.2085 0.2085 0.2085 0.1895 0.1895 0.1785 0.1785 0.1735 0.1735 0.1735 0.161 0.161 0.165 0.165 0.1395 0.1395 0.1395 0.152 0.152 0.1355 0.1355 0.1295 0.1295 0.1295 0.1275
0.1635 0.1635 0.16 0.16 0.1525 0.1525 0.154 0.154 0.154 0.155 0.155 0.1595 0.1595 0.1615 0.1615 0.162 0.162 0.162 0.1475 0.1475 0.1505 0.1505 0.163 0.163 0.163 0.168 0.168 0.179 0.179 0.1845 0.1845 0.1845 0.183 0.183 0.171 0.171 0.1705 0.1705 0.1705 0.178 0.178 0.186 0.186 0.197 0.197 0.197 0.188 0.188 0.185 0.185 0.1865 0.1865 0.2085 0.2085 0.2085 0.1895 0.1895 0.1785 0.1785 0.1735 0.1735 0.1735 0.161 0.161 0.165 0.165 0.1395 0.1395 0.1395 0.152 0.152 0.1355 0.1355 0.1295 0.1295 0.1295 0.1275
0.1635 0.1635 0.16 0.16 0.1525 0.1525 0.154 0.154 0.154 0.155 0.155 0.1595 0.1595 0.1615 0.1615 0.162 0.162 0.162 0.1475 0.1475 0.1505 0.1505 0.163 0.163 0.163 0.168 0.168 0.179 0.179 0.1845 0.1845 0.1845 0.183 0.183 0.171 0.171 0.1705 0.1705 0.1705 0.178 0.178 0.186 0.186 0.197 0.197 0.197 0.188 0.188 0.185 0.185 0.1865 0.1865 0.2085 0.2085 0.2085 0.1895 0.1895 0.1785 0.1785 0.1735 0.1735 0.1735 0.161 0.161 0.165 0.165 0.1395 0.1395 0.1395 0.152 0.152 0.1355 0.1355 0.1295 0.1295 0.1295 0.1275
0.166 0.166 0.1605 0.1605 0.154 0.154 0.1545 0.1545 0.1545 0.1545 0.1545 0.1525 0.1525 0.164 0.164 0.1655 0.1655 0.1655 0.166 0.166 0.1575 0.1575 0.1585 0.1585 0.1585 0.168 0.168 0.177 0.177 0.181 0.181 0.181 0.194 0.194 0.2015 0.2015 0.1925 0.1925 0.1925 0.1875 0.1875 0.1895 0.1895 0.1915 0.1915 0.1915 0.165 0.165 0.1745 0.1745 0.1695 0.1695 0.1925 0.1925 0.1925 0.178 0.178 0.174 0.174 0.157 0.157 0.157 0.156 0.156 0.139 0.139 0.14 0.14 0.14 0.1445 0.1445 0.1225 0.1225 0.1315 0.1315 0.1315 0.1115
0.166 0.166 0.1605 0.1605 0.154 0.154 0.1545 0.1545 0.1545 0.1545 0.1545 0.1525 0.1525 0.164 0.164 0.1655 0.1655 0.1655 0.166 0.166 0.1575 0.1575 0.1585 0.1585 0.1585 0.168 0.168 0.177 0.177 0.181 0.181 0.181 0.194 0.194 0.2015 0.2015 0.1925 0.1925 0.1925 0.1875 0.1875 0.1895 0.1895 0.1915 0.1915 0.1915 0.165 0.165 0.1745 0.1745 0.1695 0.1695 0.1925 0.1925 0.1925 0.178 0.178 0.174 0.174 0.157 0.157 0.157 0.156 0.156 0.139 0.139 0.14 0.14 0.14 0.1445 0.1445 0.1225 0.1225 0.1315 0.1315 0.1315 0.1115
0.17 0.17 0.17 0.17 0.1615 0.1615 0.1625 0.1625 0.1625 0.1545 0.1545 0.146 0.146 0.149 0.149 0.17 0.17 0.17 0.168 0.168 0.169 0.169 0.1705 0.1705 0.1705 0.168 0.168 0.185 0.185 0.197 0.197 0.197 0.2205 0.2205 0.2285 0.2285 0.195 0.195 0.195 0.1515 0.1515 0.1595 0.1595 0.1825 0.1825 0.1825 0.176 0.176 0.206 0.206 0.194 0.194 0.1875 0.1875 0.1875 0.1805 0.1805 0.1815 0.1815 0.1695 0.1695 0.1695 0.1655 0.1655 0.155 0.155 0.1485 0.1485 0.1485 0.155 0.155 0.141 0.141 0.1455 0.1455 0.1455 0.1355
0.17 0.17 0.17 0.17 0.1615 0.1615 0.1625 0.1625 0.1625 0.1545 0.1545 0.146 0.146 0.149 0.149 0.17 0.17 0.17 0.168 0.168 0.169 0.169 0.1705 0.1705 0.1705 0.168 0.168 0.185 0.185 0.197 0.197 0.197 0.2205 0.2205 0.2285 0.2285 0.195 0.195 0.195 0.1515 0.1515 0.1595 0.1595 0.1825 0.1825 0.1825 0.176 0.176 0.206 0.206 0.194 0.194 0.1875 0.1875 0.1875 0.1805 0.1805 0.1815 0.1815 0.1695 0.1695 0.1695 0.1655 0.1655 0.155 0.155 0.1485 0.1485 0.1485 0.155 0.155 0.141 0.141 0.1455 0.1455 0.1455 0.1355
0.188 0.188 0.169 0.169 0.174 0.174 0.162 0.162 0.162 0.1625 0.1625 0.1555 0.1555 0.1655 0.1655 0.1885 0.1885 0.1885 0.196 0.196 0.2005 0.2005 0.205 0.205 0.205 0.2 0.2 0.2185 0.2185 0.2035 0.2035 0.2035 0.234 0.234 0.236 0.236 0.1755 0.1755 0.1755 0.1595 0.1595 0.158 0.158 0.1805 0.1805 0.1805 0.192 0.192 0.1895 0.1895 0.18 0.18 0.182 0.182 0.182 0.172 0.172 0.174 0.174 0.167 0.167 0.167 0.179 0.179 0.1655 0.1655 0.1665 0.1665 0.1665 0.168 0.168 0.167 0.167 0.137 0.137 0.137 0.1275
0.188 0.188 0.169 0.169 0.174 0.174 0.162 0.162 0.162 0.1625 0.1625 0.1555 0.1555 0.1655 0.1655 0.1885 0.1885 0.1885 0.196 0.196 0.2005 0.2005 0.205 0.205 0.205 0.2 0.2 0.2185 0.2185 0.2035 0.2035 0.2035 0.234 0.234 0.236 0.236 0.1755 0.1755 0.1755 0.1595 0.1595 0.158 0.158 0.1805 0.1805 0.1805 0.192 0.192 0.1895 0.1895 0.18 0.18 0.182 0.182 0.182 0.172 0.172 0.174 0.174 0.167 0.167 0.167 0.179 0.179 0.1655 0.1655 0.1665 0.1665 0.1665 0.168 0.168 0.167 0.167 0.137 0.137 0.137 0.1275
0.188 0.188 0.169 0.169 0.174 0.174 0.162 0.162 0.162 0.1625 0.1625 0.1555 0.1555 0.1655 0.1655 0.1885 0.1885 0.1885 0.196 0.196 0.2005 0.2005 0.205 0.205 0.205 0.2 0.2 0.2185 0.2185 0.2035 0.2035 0.2035 0.234 0.234 0.236 0.236 0.1755 0.1755 0.1755 0.1595 0.1595 0.158 0.158 0.1805 0.1805 0.1805 0.192 0.192 0.1895 0.1895 0.18 0.18 0.182 0.182 0.182 0.172 0.172 0.174 0.174 0.167 0.167 0.167 0.179 0.179 0.1655 0.1655 0.1665 0.1665 0.1665 0.168 0.168 0.167 0.167 0.137 0.137 0.137 0.1275
0.1885 0.1885 0.1935 0.1935 0.1885 0.1885 0.1945 0.1945 0.1945 0.195 0.195 0.1975 0.1975 0.1995 0.1995 0.2075 0.2075 0.2075 0.2075 0.2075 0.2125 0.2125 0.22 0.22 0.22 0.2195 0.2195 0.2 0.2 0.1935 0.1935 0.1935 0.2 0.2 0.2065 0.2065 0.208 0.208 0.208 0.1545 0.1545 0.165 0.165 0.155 0.155 0.155 0.1725 0.1725 0.1525 0.1525 0.177 0.177 0.183 0.183 0.183 0.19 0.19 0.182 0.182 0.188 0.188 0.188 0.1875 0.1875 0.19 0.19 0.1895 0.1895 0.1895 0.1975 0.1975 0.1965 0.1965 0.163 0.163 0.163 0.12
0.1885 0.1885 0.1935 0.1935 0.1885 0.1885 0.1945 0.1945 0.1945 0.195 0.195 0.1975 0.1975 0.1995 0.1995 0.2075 0.2075 0.2075 0.2075 0.2075 0.2125 0.2125 0.22 0.22 0.22 0.2195 0.2195 0.2 0.2 0.1935 0.1935 0.1935 0.2 0.2 0.2065 0.2065 0.208 0.208 0.208 0.1545 0.1545 0.165 0.165 0.155 0.155 0.155 0.1725 0.1725 0.1525 0.1525 0.177 0.177 0.183 0.183 0.183 0.19 0.19 0.182 0.182 0.188 0.188 0.188 0.1875 0.1875 0.19 0.19 0.1895 0.1895 0.1895 0.1975 0.1975 0.1965 0.1965 0.163 0.163 0.163 0.12
0.2 0.2 0.1935 0.1935 0.198 0.198 0.1985 0.1985 0.1985 0.2075 0.2075 0.2095 0.2095 0.2065 0.2065 0.2165 0.2165 0.2165 0.2105 0.2105 0.219 0.219 0.2115 0.2115 0.2115 0.2035 0.2035 0.1945 0.1945 0.192 0.192 0.192 0.17 0.17 0.214 0.214 0.203 0.203 0.203 0.19 0.19 0.1605 0.1605 0.156 0.156 0.156 0.143 0.143 0.171 0.171 0.197 0.197 0.1945 0.1945 0.1945 0.198 0.198 0.2115 0.2115 0.2395 0.2395 0.2395 0.231 0.231 0.225 0.225 0.207 0.207 0.207 0.1865 0.1865 0.181 0.181 0.1635 0.1635 0.1635 0.1255
0.2 0.2 0.1935 0.1935 0.198 0.198 0.1985 0.1985 0.1985 0.2075 0.2075 0.2095 0.2095 0.2065 0.2065 0.2165 0.2165 0.2165 0.2105 0.2105 0.219 0.219 0.2115 0.2115 0.2115 0.2035 0.2035 0.1945 0.1945 0.192 0.192 0.192 0.17 0.17 0.214 0.214 0.203 0.203 0.203 0.19 0.19 0.1605 0.1605 0.156 0.156 0.156 0.143 0.143 0.171 0.171 0.197 0.197 0.1945 0.1945 0.1945 0.198 0.198 0.2115 0.2115 0.2395 0.2395 0.2395 0.231 0.231 0.225 0.225 0.207 0.207 0.207 0.1865 0.1865 0.181 0.181 0.1635 0.1635 0.1635 0.1255
0.2285 0.2285 0.222 0.222 0.213 0.213 0.2125 0.2125 0.2125 0.2165 0.2165 0.2195 0.2195 0.2145 0.2145 0.2215 0.2215 0.2215 0.2175 0.2175 0.2095 0.2095 0.2065 0.2065 0.2065 0.1985 0.1985 0.2055 0.2055 0.202 0.202 0.202 0.1725 0.1725 0.187 0.187 0.179 0.179 0.179 0.186 0.186 0.1455 0.1455 0.149 0.149 0.149 0.152 0.152 0.164 0.164 0.188 0.188 0.205 0.205 0.205 0.2225 0.2225 0.2335 0.2335 0.239 0.239 0.239 0.233 0.233 0.2245 0.2245 0.205 0.205 0.205 0.1815 0.1815 0.1605 0.1605 0.158 0.158 0.158 0.1225
0.2285 0.2285 0.222 0.222 0.213 0.213 0.2125 0.2125 0.2125 0.2165 0.2165 0.2195 0.2195 0.2145 0.2145 0.2215 0.2215 0.2215 0.2175 0.2175 0.2095 0.2095 0.2065 0.2065 0.2065 0.1985 0.1985 0.2055 0.2055 0.202 0.202 0.202 0.1725 0.1725 0.187 0.187 0.179 0.179 0.179 0.186 0.186 0.1455 0.1455 0.149 0.149 0.149 0.152 0.152 0.164 0.164 0.188 0.188 0.205 0.205 0.205 0.2225 0.2225 0.2335 0.2335 0.239 0.239 0.239 0.233 0.233 0.2245 0.2245 0.205 0.205 0.205 0.1815 0.1815 0.1605 0.1605 0.158 0.158 0.158 0.1225
0.2215 0.2215 0.2235 0.2235 0.2255 0.2255 0.217 0.217 0.217 0.2265 0.2265 0.218 0.218 0.2225 0.2225 0.2325 0.2325 0.2325 0.2195 0.2195 0.2225 0.2225 0.2095 0.2095 0.2095 0.214 0.214 0.2105 0.2105 0.2155 0.2155 0.2155 0.187 0.187 0.187 0.187 0.177 0.177 0.177 0.18 0.18 0.169 0.169 0.187 0.187 0.187 0.165 0.165 0.1435 0.1435 0.1665 0.1665 0.1945 0.1945 0.1945 0.218 0.218 0.215 0.215 0.229 0.229 0.229 0.2325 0.2325 0.225 0.225 0.1965 0.1965 0.1965 0.1825 0.1825 0.1605 0.1605 0.1535 0.1535 0.1535 0.126
0.2215 0.2215 0.2235 0.2235 0.2255 0.2255 0.217 0.217 0.217 0.2265 0.2265 0.218 0.218 0.2225 0.2225 0.2325 0.2325 0.2325 0.2195 0.2195 0.2225 0.2225 0.2095 0.2095 0.2095 0.214 0.214 0.2105 0.2105 0.2155 0.2155 0.2155 0.187 0.187 0.187 0.187 0.177 0.177 0.177 0.18 0.18 0.169 0.169 0.187 0.187 0.187 0.165 0.165 0.1435 0.1435 0.1665 0.1665 0.1945 0.1945 0.1945 0.218 0.218 0.215 0.215 0.229 0.229 0.229 0.2325 0.2325 0.225 0.225 0.1965 0.1965 0.1965 0.1825 0.1825 0.1605 0.1605 0.1535 0.1535 0.1535 0.126
0.2215 0.2215 0.2235 0.2235 0.2255 0.2255 0.217 0.217 0.217 0.2265 0.2265 0.218 0.218 0.2225 0.2225 0.2325 0.2325 0.2325 0.2195 0.2195 0.2225 0.2225 0.2095 0.2095 0.2095 0.214 0.214 0.2105 0.2105 0.2155 0.2155 0.2155 0.187 0.187 0.187 0.187 0.177 0.177 0.177 0.18 0.18 0.169 0.169 0.187 0.187 0.187 0.165 0.165 0.1435 0.1435 0.1665 0.1665 0.1945 0.1945 0.1945 0.218 0.218 0.215 0.215 0.229 0.229 0.229 0.2325 0.2325 0.225 0.225 0.1965 0.1965 0.1965 0.1825 0.1825 0.1605 0.1605 0.1535 0.1535 0.1535 0.126
0.2215 0.2215 0.2135 0.2135 0.2245 0.2245 0.2205 0.2205 0.2205 0.2245 0.2245 0.2095 0.2095 0.2095 0.2095 0.211 0.211 0.211 0.167 0.167 0.2085 0.2085 0.22 0.22 0.22 0.2185 0.2185 0.221 0.221 0.222 0.222 0.222 0.2295 0.2295 0.2255 0.2255 0.1985 0.1985 0.1985 0.1825 0.1825 0.167 0.167 0.1945 0.1945 0.1945 0.182 0.182 0.1425 0.1425 0.1315 0.1315 0.1595 0.1595 0.1595 0.142 0.142 0.196 0.196 0.2255 0.2255 0.2255 0.232 0.232 0.222 0.222 0.2205 0.2205 0.2205 0.211 0.211 0.2 0.2 0.157 0.157 0.157 0.147
0.2215 0.2215 0.2135 0.2135 0.2245 0.2245 0.2205 0.2205 0.2205 0.2245 0.2245 0.2095 0.2095 0.2095 0.2095 0.211 0.211 0.211 0.167 0.167 0.2085 0.2085 0.22 0.22 0.22 0.2185 0.2185 0.221 0.221 0.222 0.222 0.222 0.2295 0.2295 0.2255 0.2255 0.1985 0.1985 0.1985 0.1825 0.1825 0.167 0.167 0.1945 0.1945 0.1945 0.182 0.182 0.1425 0.1425 0.1315 0.1315 0.1595 0.1595 0.1595 0.142 0.142 0.196 0.196 0.2255 0.2255 0.2255 0.232 0.232 0.222 0.222 0.2205 0.2205 0.2205 0.211 0.211 0.2 0.2 0.157 0.157 0.157 0.147
0.2205 0.2205 0.23 0.23 0.245 0.245 0.2555 0.2555 0.2555 0.242 0.242 0.2365 0.2365 0.216 0.216 0.1885 0.1885 0.1885 0.1675 0.1675 0.2075 0.2075 0.211 0.211 0.211 0.2245 0.2245 0.2315 0.2315 0.2225 0.2225 0.2225 0.224 0.224 0.2255 0.2255 0.216 0.216 0.216 0.21 0.21 0.171 0.171 0.178 0.178 0.178 0.151 0.151 0.1265 0.1265 0.136 0.136 0.1325 0.1325 0.1325 0.172 0.172 0.1835 0.1835 0.2185 0.2185 0.2185 0.225 0.225 0.216 0.216 0.217 0.217 0.217 0.1915 0.1915 0.187 0.187 0.168 0.168 0.168 0.127
0.2205 0.2205 0.23 0.23 0.245 0.245 0.2555 0.2555 0.2555 0.242 0.242 0.2365 0.2365 0.216 0.216 0.1885 0.1885 0.1885 0.1675 0.1675 0.2075 0.2075 0.211 0.211 0.211 0.2245 0.2245 0.2315 0.2315 0.2225 0.2225 0.2225 0.224 0.224 0.2255 0.2255 0.216 0.216 0.216 0.21 0.21 0.171 0.171 0.178 0.178 0.178 0.151 0.151 0.1265 0.1265 0.136 0.136 0.1325 0.1325 0.1325 0.172 0.172 0.1835 0.1835 0.2185 0.2185 0.2185 0.225 0.225 0.216 0.216 0.217 0.217 0.217 0.1915 0.1915 0.187 0.187 0.168 0.168 0.168 0.127
0.224 0.224 0.226 0.226 0.2145 0.2145 0.2245 0.2245 0.2245 0.2285 0.2285 0.2365 0.2365 0.2265 0.2265 0.226 0.226 0.226 0.219 0.219 0.2405 0.2405 0.2115 0.2115 0.2115 0.2075 0.2075 0.236 0.236 0.224 0.224 0.224 0.237 0.237 0.22 0.22 0.217 0.217 0.217 0.2345 0.2345 0.1895 0.1895 0.1385 0.1385 0.1385 0.146 0.146 0.138 0.138 0.146 0.146 0.19 0.19 0.19 0.1785 0.1785 0.191 0.191 0.243 0.243 0.243 0.2225 0.2225 0.2185 0.2185 0.2145 0.2145 0.2145 0.206 0.206 0.196 0.196 0.167 0.167 0.167 0.1425
0.224 0.224 0.226 0.226 0.2145 0.2145 0.2245 0.2245 0.2245 0.2285 0.2285 0.2365 0.2365 0.2265 0.2265 0.226 0.226 0.226 0.219 0.219 0.2405 0.2405 0.2115 0.2115 0.2115 0.2075 0.2075 0.236 0.236 0.224 0.224 0.224 0.237 0.237 0.22 0.22 0.217 0.217 0.217 0.2345 0.2345 0.1895 0.1895 0.1385 0.1385 0.1385 0.146 0.146 0.138 0.138 0.146 0.146 0.19 0.19 0.19 0.1785 0.1785 0.191 0.191 0.243 0.243 0.243 0.2225 0.2225 0.2185 0.2185 0.2145 0.2145 0.2145 0.206 0.206 0.196 0.196 0.167 0.167 0.167 0.1425
0.224 0.224 0.226 0.226 0.2145 0.2145 0.2245 0.2245 0.2245 0.2285 0.2285 0.2365 0.2365 0.2265 0.2265 0.226 0.226 0.226 0.219 0.219 0.2405 0.2405 0.2115 0.2115 0.2115 0.2075 0.2075 0.236 0.236 0.224 0.224 0.224 0.237 0.237 0.22 0.22 0.217 0.217 0.217 0.2345 0.2345 0.1895 0.1895 0.1385 0.1385 0.1385 0.146 0.146 0.138 0.138 0.146 0.146 0.19 0.19 0.19 0.1785 0.1785 0.191 0.191 0.243 0.243 0.243 0.2225 0.2225 0.2185 0.2185 0.2145 0.2145 0.2145 0.206 0.206 0.196 0.196 0.167 0.167 0.167 0.1425
0.2065 0.2065 0.2135 0.2135 0.1955 0.1955 0.205 0.205 0.205 0.221 0.221 0.2285 0.2285 0.231 0.231 0.223 0.223 0.223 0.223 0.223 0.235 0.235 0.23 0.23 0.23 0.2245 0.2245 0.2295 0.2295 0.2215 0.2215 0.2215 0.2155 0.2155 0.2075 0.2075 0.203 0.203 0.203 0.206 0.206 0.1975 0.1975 0.1815 0.1815 0.1815 0.1455 0.1455 0.191 0.191 0.179 0.179 0.1975 0.1975 0.1975 0.207 0.207 0.197 0.197 0.2235 0.2235 0.2235 0.2245 0.2245 0.2235 0.2235 0.222 0.222 0.222 0.2115 0.2115 0.208 0.208 0.1915 0.1915 0.1915 0.142
