ndvi/NOAA-217.asc
ncols         252
nrows         154
xllcorner     -18.017974
yllcorner     13.481982
cellsize      0.035948
NODATA_value  -9999
[rows 105 to 139 of 154, columns 154 to 230 of 252]
0.2245 0.2365 0.2365 0.2095 0.2095 0.2095 0.2165 0.2165 0.226 0.226 0.245 0.245 0.241 0.241 0.241 0.237 0.237 0.2425 0.2425 0.2385 0.2385 0.2385 0.229 0.229 0.216 0.216 0.2355 0.2355 0.2355 0.2465 0.2465 0.2475 0.2475 0.2305 0.2305 0.2305 0.2355 0.2355 0.244 0.244 0.2435 0.2435 0.2435 0.2575 0.2575 0.2575 0.2575 0.2875 0.2875 0.2865 0.2865 0.2865 0.241 0.241 0.2125 0.2125 0.222 0.222 0.222 0.196 0.196 0.227 0.227 0.239 0.239 0.239 0.236 0.236 0.2455 0.2455 0.22 0.22 0.22 0.226 0.226 0.2275 0.2275
0.246 0.247 0.247 0.2515 0.2515 0.2515 0.236 0.236 0.227 0.227 0.247 0.247 0.2375 0.2375 0.2375 0.2435 0.2435 0.219 0.219 0.213 0.213 0.213 0.2145 0.2145 0.2255 0.2255 0.2295 0.2295 0.2295 0.241 0.241 0.257 0.257 0.2585 0.2585 0.2585 0.2575 0.2575 0.2565 0.2565 0.276 0.276 0.276 0.314 0.314 0.3185 0.3185 0.2665 0.2665 0.282 0.282 0.282 0.328 0.328 0.366 0.366 0.2375 0.2375 0.2375 0.2135 0.2135 0.234 0.234 0.238 0.238 0.238 0.244 0.244 0.239 0.239 0.23 0.23 0.23 0.261 0.261 0.267 0.267
0.246 0.247 0.247 0.2515 0.2515 0.2515 0.236 0.236 0.227 0.227 0.247 0.247 0.2375 0.2375 0.2375 0.2435 0.2435 0.219 0.219 0.213 0.213 0.213 0.2145 0.2145 0.2255 0.2255 0.2295 0.2295 0.2295 0.241 0.241 0.257 0.257 0.2585 0.2585 0.2585 0.2575 0.2575 0.2565 0.2565 0.276 0.276 0.276 0.314 0.314 0.3185 0.3185 0.2665 0.2665 0.282 0.282 0.282 0.328 0.328 0.366 0.366 0.2375 0.2375 0.2375 0.2135 0.2135 0.234 0.234 0.238 0.238 0.238 0.244 0.244 0.239 0.239 0.23 0.23 0.23 0.261 0.261 0.267 0.267
0.249 0.2555 0.2555 0.2455 0.2455 0.2455 0.244 0.244 0.246 0.246 0.2505 0.2505 0.241 0.241 0.241 0.246 0.246 0.2305 0.2305 0.22 0.22 0.22 0.227 0.227 0.2335 0.2335 0.2315 0.2315 0.2315 0.243 0.243 0.2595 0.2595 0.2725 0.2725 0.2725 0.3295 0.3295 0.2755 0.2755 0.278 0.278 0.278 0.282 0.282 0.2565 0.2565 0.2605 0.2605 0.2475 0.2475 0.2475 0.2605 0.2605 0.299 0.299 0.2585 0.2585 0.2585 0.2455 0.2455 0.2435 0.2435 0.241 0.241 0.241 0.2545 0.2545 0.2545 0.2545 0.2435 0.2435 0.2435 0.258 0.258 0.2665 0.2665
0.249 0.2555 0.2555 0.2455 0.2455 0.2455 0.244 0.244 0.246 0.246 0.2505 0.2505 0.241 0.241 0.241 0.246 0.246 0.2305 0.2305 0.22 0.22 0.22 0.227 0.227 0.2335 0.2335 0.2315 0.2315 0.2315 0.243 0.243 0.2595 0.2595 0.2725 0.2725 0.2725 0.3295 0.3295 0.2755 0.2755 0.278 0.278 0.278 0.282 0.282 0.2565 0.2565 0.2605 0.2605 0.2475 0.2475 0.2475 0.2605 0.2605 0.299 0.299 0.2585 0.2585 0.2585 0.2455 0.2455 0.2435 0.2435 0.241 0.241 0.241 0.2545 0.2545 0.2545 0.2545 0.2435 0.2435 0.2435 0.258 0.258 0.2665 0.2665
0.2545 0.2595 0.2595 0.2595 0.2595 0.2595 0.264 0.264 0.2515 0.2515 0.246 0.246 0.2425 0.2425 0.2425 0.2635 0.2635 0.232 0.232 0.241 0.241 0.241 0.2455 0.2455 0.248 0.248 0.243 0.243 0.243 0.244 0.244 0.2565 0.2565 0.264 0.264 0.264 0.2715 0.2715 0.276 0.276 0.2475 0.2475 0.2475 0.2575 0.2575 0.2645 0.2645 0.253 0.253 0.234 0.234 0.234 0.247 0.247 0.253 0.253 0.2425 0.2425 0.2425 0.243 0.243 0.257 0.257 0.264 0.264 0.264 0.2675 0.2675 0.261 0.261 0.246 0.246 0.246 0.2535 0.2535 0.273 0.273
0.2545 0.2595 0.2595 0.2595 0.2595 0.2595 0.264 0.264 0.2515 0.2515 0.246 0.246 0.2425 0.2425 0.2425 0.2635 0.2635 0.232 0.232 0.241 0.241 0.241 0.2455 0.2455 0.248 0.248 0.243 0.243 0.243 0.244 0.244 0.2565 0.2565 0.264 0.264 0.264 0.2715 0.2715 0.276 0.276 0.2475 0.2475 0.2475 0.2575 0.2575 0.2645 0.2645 0.253 0.253 0.234 0.234 0.234 0.247 0.247 0.253 0.253 0.2425 0.2425 0.2425 0.243 0.243 0.257 0.257 0.264 0.264 0.264 0.2675 0.2675 0.261 0.261 0.246 0.246 0.246 0.2535 0.2535 0.273 0.273
0.2545 0.2595 0.2595 0.2595 0.2595 0.2595 0.264 0.264 0.2515 0.2515 0.246 0.246 0.2425 0.2425 0.2425 0.2635 0.2635 0.232 0.232 0.241 0.241 0.241 0.2455 0.2455 0.248 0.248 0.243 0.243 0.243 0.244 0.244 0.2565 0.2565 0.264 0.264 0.264 0.2715 0.2715 0.276 0.276 0.2475 0.2475 0.2475 0.2575 0.2575 0.2645 0.2645 0.253 0.253 0.234 0.234 0.234 0.247 0.247 0.253 0.253 0.2425 0.2425 0.2425 0.243 0.243 0.257 0.257 0.264 0.264 0.264 0.2675 0.2675 0.261 0.261 0.246 0.246 0.246 0.2535 0.2535 0.273 0.273
0.253 0.2465 0.2465 0.2565 0.2565 0.2565 0.2595 0.2595 0.25 0.25 0.2555 0.2555 0.264 0.264 0.264 0.286 0.286 0.266 0.266 0.2395 0.2395 0.2395 0.2315 0.2315 0.2335 0.2335 0.247 0.247 0.247 0.244 0.244 0.26 0.26 0.2905 0.2905 0.2905 0.2985 0.2985 0.256 0.256 0.265 0.265 0.265 0.259 0.259 0.2475 0.2475 0.2615 0.2615 0.248 0.248 0.248 0.272 0.272 0.2735 0.2735 0.271 0.271 0.271 0.2635 0.2635 0.262 0.262 0.261 0.261 0.261 0.245 0.245 0.243 0.243 0.244 0.244 0.244 0.267 0.267 0.28 0.28
0.253 0.2465 0.2465 0.2565 0.2565 0.2565 0.2595 0.2595 0.25 0.25 0.2555 0.2555 0.264 0.264 0.264 0.286 0.286 0.266 0.266 0.2395 0.2395 0.2395 0.2315 0.2315 0.2335 0.2335 0.247 0.247 0.247 0.244 0.244 0.26 0.26 0.2905 0.2905 0.2905 0.2985 0.2985 0.256 0.256 0.265 0.265 0.265 0.259 0.259 0.2475 0.2475 0.2615 0.2615 0.248 0.248 0.248 0.272 0.272 0.2735 0.2735 0.271 0.271 0.271 0.2635 0.2635 0.262 0.262 0.261 0.261 0.261 0.245 0.245 0.243 0.243 0.244 0.244 0.244 0.267 0.267 0.28 0.28
0.2345 0.253 0.253 0.242 0.242 0.242 0.26 0.26 0.242 0.242 0.2465 0.2465 0.251 0.251 0.251 0.2445 0.2445 0.2585 0.2585 0.2465 0.2465 0.2465 0.2485 0.2485 0.237 0.237 0.251 0.251 0.251 0.245 0.245 0.2615 0.2615 0.275 0.275 0.275 0.2615 0.2615 0.236 0.236 0.2545 0.2545 0.2545 0.2615 0.2615 0.2635 0.2635 0.2615 0.2615 0.276 0.276 0.276 0.278 0.278 0.271 0.271 0.292 0.292 0.292 0.28 0.28 0.267 0.267 0.267 0.267 0.267 0.2595 0.2595 0.2585 0.2585 0.264 0.264 0.264 0.257 0.257 0.2735 0.2735
0.2345 0.253 0.253 0.242 0.242 0.242 0.26 0.26 0.242 0.242 0.2465 0.2465 0.251 0.251 0.251 0.2445 0.2445 0.2585 0.2585 0.2465 0.2465 0.2465 0.2485 0.2485 0.237 0.237 0.251 0.251 0.251 0.245 0.245 0.2615 0.2615 0.275 0.275 0.275 0.2615 0.2615 0.236 0.236 0.2545 0.2545 0.2545 0.2615 0.2615 0.2635 0.2635 0.2615 0.2615 0.276 0.276 0.276 0.278 0.278 0.271 0.271 0.292 0.292 0.292 0.28 0.28 0.267 0.267 0.267 0.267 0.267 0.2595 0.2595 0.2585 0.2585 0.264 0.264 0.264 0.257 0.257 0.2735 0.2735
0.265 0.2455 0.2455 0.2365 0.2365 0.2365 0.2445 0.2445 0.245 0.245 0.2615 0.2615 0.258 0.258 0.258 0.2555 0.2555 0.238 0.238 0.2415 0.2415 0.2415 0.2305 0.2305 0.236 0.236 0.239 0.239 0.239 0.253 0.253 0.269 0.269 0.251 0.251 0.251 0.2455 0.2455 0.2475 0.2475 0.2675 0.2675 0.2675 0.317 0.317 0.3105 0.3105 0.2945 0.2945 0.274 0.274 0.274 0.295 0.295 0.295 0.295 0.2835 0.2835 0.2835 0.308 0.308 0.287 0.287 0.286 0.286 0.286 0.293 0.293 0.2895 0.2895 0.2745 0.2745 0.2745 0.2645 0.2645 0.2825 0.2825
0.265 0.2455 0.2455 0.2365 0.2365 0.2365 0.2445 0.2445 0.245 0.245 0.2615 0.2615 0.258 0.258 0.258 0.2555 0.2555 0.238 0.238 0.2415 0.2415 0.2415 0.2305 0.2305 0.236 0.236 0.239 0.239 0.239 0.253 0.253 0.269 0.269 0.251 0.251 0.251 0.2455 0.2455 0.2475 0.2475 0.2675 0.2675 0.2675 0.317 0.317 0.3105 0.3105 0.2945 0.2945 0.274 0.274 0.274 0.295 0.295 0.295 0.295 0.2835 0.2835 0.2835 0.308 0.308 0.287 0.287 0.286 0.286 0.286 0.293 0.293 0.2895 0.2895 0.2745 0.2745 0.2745 0.2645 0.2645 0.2825 0.2825
0.265 0.2455 0.2455 0.2365 0.2365 0.2365 0.2445 0.2445 0.245 0.245 0.2615 0.2615 0.258 0.258 0.258 0.2555 0.2555 0.238 0.238 0.2415 0.2415 0.2415 0.2305 0.2305 0.236 0.236 0.239 0.239 0.239 0.253 0.253 0.269 0.269 0.251 0.251 0.251 0.2455 0.2455 0.2475 0.2475 0.2675 0.2675 0.2675 0.317 0.317 0.3105 0.3105 0.2945 0.2945 0.274 0.274 0.274 0.295 0.295 0.295 0.295 0.2835 0.2835 0.2835 0.308 0.308 0.287 0.287 0.286 0.286 0.286 0.293 0.293 0.2895 0.2895 0.2745 0.2745 0.2745 0.2645 0.2645 0.2825 0.2825
0.2525 0.2405 0.2405 0.2295 0.2295 0.2295 0.2465 0.2465 0.233 0.233 0.241 0.241 0.2545 0.2545 0.2545 0.2675 0.2675 0.2845 0.2845 0.293 0.293 0.293 0.2785 0.2785 0.274 0.274 0.254 0.254 0.254 0.239 0.239 0.245 0.245 0.25 0.25 0.25 0.362 0.362 0.3015 0.3015 0.335 0.335 0.335 0.335 0.335 0.3095 0.3095 0.2825 0.2825 0.308 0.308 0.308 0.297 0.297 0.301 0.301 0.2825 0.2825 0.2825 0.289 0.289 0.293 0.293 0.284 0.284 0.284 0.291 0.291 0.3165 0.3165 0.295 0.295 0.295 0.2645 0.2645 0.261 0.261
0.2525 0.2405 0.2405 0.2295 0.2295 0.2295 0.2465 0.2465 0.233 0.233 0.241 0.241 0.2545 0.2545 0.2545 0.2675 0.2675 0.2845 0.2845 0.293 0.293 0.293 0.2785 0.2785 0.274 0.274 0.254 0.254 0.254 0.239 0.239 0.245 0.245 0.25 0.25 0.25 0.362 0.362 0.3015 0.3015 0.335 0.335 0.335 0.335 0.335 0.3095 0.3095 0.2825 0.2825 0.308 0.308 0.308 0.297 0.297 0.301 0.301 0.2825 0.2825 0.2825 0.289 0.289 0.293 0.293 0.284 0.284 0.284 0.291 0.291 0.3165 0.3165 0.295 0.295 0.295 0.2645 0.2645 0.261 0.261
0.249 0.2625 0.2625 0.2465 0.2465 0.2465 0.224 0.224 0.242 0.242 0.2365 0.2365 0.259 0.259 0.259 0.301 0.301 0.277 0.277 0.288 0.288 0.288 0.2945 0.2945 0.283 0.283 0.259 0.259 0.259 0.236 0.236 0.243 0.243 0.278 0.278 0.278 0.353 0.353 0.275 0.275 0.317 0.317 0.317 0.297 0.297 0.3025 0.3025 0.3 0.3 0.316 0.316 0.316 0.305 0.305 0.2925 0.2925 0.2955 0.2955 0.2955 0.2925 0.2925 0.284 0.284 0.304 0.304 0.304 0.312 0.312 0.2945 0.2945 0.2995 0.2995 0.2995 0.2825 0.2825 0.2885 0.2885
0.249 0.2625 0.2625 0.2465 0.2465 0.2465 0.224 0.224 0.242 0.242 0.2365 0.2365 0.259 0.259 0.259 0.301 0.301 0.277 0.277 0.288 0.288 0.288 0.2945 0.2945 0.283 0.283 0.259 0.259 0.259 0.236 0.236 0.243 0.243 0.278 0.278 0.278 0.353 0.353 0.275 0.275 0.317 0.317 0.317 0.297 0.297 0.3025 0.3025 0.3 0.3 0.316 0.316 0.316 0.305 0.305 0.2925 0.2925 0.2955 0.2955 0.2955 0.2925 0.2925 0.284 0.284 0.304 0.304 0.304 0.312 0.312 0.2945 0.2945 0.2995 0.2995 0.2995 0.2825 0.2825 0.2885 0.2885
0.286 0.2745 0.2745 0.27 0.27 0.27 0.2595 0.2595 0.282 0.282 0.294 0.294 0.294 0.294 0.294 0.2915 0.2915 0.3065 0.3065 0.29 0.29 0.29 0.2885 0.2885 0.2975 0.2975 0.2705 0.2705 0.2705 0.26 0.26 0.2745 0.2745 0.261 0.261 0.261 0.282 0.282 0.2645 0.2645 0.2755 0.2755 0.2755 0.278 0.278 0.2965 0.2965 0.2895 0.2895 0.2955 0.2955 0.2955 0.302 0.302 0.289 0.289 0.3025 0.3025 0.3025 0.2935 0.2935 0.295 0.295 0.2925 0.2925 0.2925 0.286 0.286 0.2955 0.2955 0.3125 0.3125 0.3125 0.2885 0.2885 0.282 0.282
0.286 0.2745 0.2745 0.27 0.27 0.27 0.2595 0.2595 0.282 0.282 0.294 0.294 0.294 0.294 0.294 0.2915 0.2915 0.3065 0.3065 0.29 0.29 0.29 0.2885 0.2885 0.2975 0.2975 0.2705 0.2705 0.2705 0.26 0.26 0.2745 0.2745 0.261 0.261 0.261 0.282 0.282 0.2645 0.2645 0.2755 0.2755 0.2755 0.278 0.278 0.2965 0.2965 0.2895 0.2895 0.2955 0.2955 0.2955 0.302 0.302 0.289 0.289 0.3025 0.3025 0.3025 0.2935 0.2935 0.295 0.295 0.2925 0.2925 0.2925 0.286 0.286 0.2955 0.2955 0.3125 0.3125 0.3125 0.2885 0.2885 0.282 0.282
0.272 0.2725 0.2725 0.268 0.268 0.268 0.2565 0.2565 0.2855 0.2855 0.2925 0.2925 0.292 0.292 0.292 0.2995 0.2995 0.2795 0.2795 0.279 0.279 0.279 0.298 0.298 0.296 0.296 0.2895 0.2895 0.2895 0.2715 0.2715 0.2805 0.2805 0.2625 0.2625 0.2625 0.246 0.246 0.2725 0.2725 0.27 0.27 0.27 0.3125 0.3125 0.3295 0.3295 0.321 0.321 0.329 0.329 0.329 0.2775 0.2775 0.296 0.296 0.3195 0.3195 0.3195 0.2835 0.2835 0.301 0.301 0.3005 0.3005 0.3005 0.291 0.291 0.3015 0.3015 0.308 0.308 0.308 0.288 0.288 0.2855 0.2855
0.272 0.2725 0.2725 0.268 0.268 0.268 0.2565 0.2565 0.2855 0.2855 0.2925 0.2925 0.292 0.292 0.292 0.2995 0.2995 0.2795 0.2795 0.279 0.279 0.279 0.298 0.298 0.296 0.296 0.2895 0.2895 0.2895 0.2715 0.2715 0.2805 0.2805 0.2625 0.2625 0.2625 0.246 0.246 0.2725 0.2725 0.27 0.27 0.27 0.3125 0.3125 0.3295 0.3295 0.321 0.321 0.329 0.329 0.329 0.2775 0.2775 0.296 0.296 0.3195 0.3195 0.3195 0.2835 0.2835 0.301 0.301 0.3005 0.3005 0.3005 0.291 0.291 0.3015 0.3015 0.308 0.308 0.308 0.288 0.288 0.2855 0.2855
0.272 0.2725 0.2725 0.268 0.268 0.268 0.2565 0.2565 0.2855 0.2855 0.2925 0.2925 0.292 0.292 0.292 0.2995 0.2995 0.2795 0.2795 0.279 0.279 0.279 0.298 0.298 0.296 0.296 0.2895 0.2895 0.2895 0.2715 0.2715 0.2805 0.2805 0.2625 0.2625 0.2625 0.246 0.246 0.2725 0.2725 0.27 0.27 0.27 0.3125 0.3125 0.3295 0.3295 0.321 0.321 0.329 0.329 0.329 0.2775 0.2775 0.296 0.296 0.3195 0.3195 0.3195 0.2835 0.2835 0.301 0.301 0.3005 0.3005 0.3005 0.291 0.291 0.3015 0.3015 0.308 0.308 0.308 0.288 0.288 0.2855 0.2855
0.264 0.2685 0.2685 0.272 0.272 0.272 0.266 0.266 0.2705 0.2705 0.3055 0.3055 0.2825 0.2825 0.2825 0.3025 0.3025 0.29 0.29 0.2825 0.2825 0.2825 0.275 0.275 0.293 0.293 0.2885 0.2885 0.2885 0.2955 0.2955 0.2925 0.2925 0.268 0.268 0.268 0.271 0.271 0.2695 0.2695 0.293 0.293 0.293 0.2995 0.2995 0.3395 0.3395 0.3345 0.3345 0.328 0.328 0.328 0.311 0.311 0.3075 0.3075 0.297 0.297 0.297 0.305 0.305 0.307 0.307 0.326 0.326 0.326 0.299 0.299 0.305 0.305 0.296 0.296 0.296 0.278 0.278 0.287 0.287
0.264 0.2685 0.2685 0.272 0.272 0.272 0.266 0.266 0.2705 0.2705 0.3055 0.3055 0.2825 0.2825 0.2825 0.3025 0.3025 0.29 0.29 0.2825 0.2825 0.2825 0.275 0.275 0.293 0.293 0.2885 0.2885 0.2885 0.2955 0.2955 0.2925 0.2925 0.268 0.268 0.268 0.271 0.271 0.2695 0.2695 0.293 0.293 0.293 0.2995 0.2995 0.3395 0.3395 0.3345 0.3345 0.328 0.328 0.328 0.311 0.311 0.3075 0.3075 0.297 0.297 0.297 0.305 0.305 0.307 0.307 0.326 0.326 0.326 0.299 0.299 0.305 0.305 0.296 0.296 0.296 0.278 0.278 0.287 0.287
0.3065 0.286 0.286 0.2865 0.2865 0.2865 0.2765 0.2765 0.2935 0.2935 0.3075 0.3075 0.3135 0.3135 0.3135 0.322 0.322 0.314 0.314 0.3055 0.3055 0.3055 0.285 0.285 0.304 0.304 0.3035 0.3035 0.3035 0.3025 0.3025 0.298 0.298 0.298 0.298 0.298 0.299 0.299 0.292 0.292 0.297 0.297 0.297 0.3275 0.3275 0.3405 0.3405 0.3395 0.3395 0.3535 0.3535 0.3535 0.3275 0.3275 0.3425 0.3425 0.337 0.337 0.337 0.355 0.355 0.34 0.34 0.327 0.327 0.327 0.31 0.31 0.3035 0.3035 0.298 0.298 0.298 0.2745 0.2745 0.2815 0.2815
0.3065 0.286 0.286 0.2865 0.2865 0.2865 0.2765 0.2765 0.2935 0.2935 0.3075 0.3075 0.3135 0.3135 0.3135 0.322 0.322 0.314 0.314 0.3055 0.3055 0.3055 0.285 0.285 0.304 0.304 0.3035 0.3035 0.3035 0.3025 0.3025 0.298 0.298 0.298 0.298 0.298 0.299 0.299 0.292 0.292 0.297 0.297 0.297 0.3275 0.3275 0.3405 0.3405 0.3395 0.3395 0.3535 0.3535 0.3535 0.3275 0.3275 0.3425 0.3425 0.337 0.337 0.337 0.355 0.355 0.34 0.34 0.327 0.327 0.327 0.31 0.31 0.3035 0.3035 0.298 0.298 0.298 0.2745 0.2745 0.2815 0.2815
0.3 0.297 0.297 0.2855 0.2855 0.2855 0.2735 0.2735 0.2705 0.2705 0.2985 0.2985 0.3175 0.3175 0.3175 0.3195 0.3195 0.298 0.298 0.296 0.296 0.296 0.298 0.298 0.2955 0.2955 0.3155 0.3155 0.3155 0.2955 0.2955 0.3235 0.3235 0.3055 0.3055 0.3055 0.322 0.322 0.298 0.298 0.312 0.312 0.312 0.353 0.353 0.3455 0.3455 0.3185 0.3185 0.33 0.33 0.33 0.3255 0.3255 0.3495 0.3495 0.353 0.353 0.353 0.373 0.373 0.3545 0.3545 0.3465 0.3465 0.3465 0.306 0.306 0.2925 0.2925 0.297 0.297 0.297 0.302 0.302 0.301 0.301
0.3 0.297 0.297 0.2855 0.2855 0.2855 0.2735 0.2735 0.2705 0.2705 0.2985 0.2985 0.3175 0.3175 0.3175 0.3195 0.3195 0.298 0.298 0.296 0.296 0.296 0.298 0.298 0.2955 0.2955 0.3155 0.3155 0.3155 0.2955 0.2955 0.3235 0.3235 0.3055 0.3055 0.3055 0.322 0.322 0.298 0.298 0.312 0.312 0.312 0.353 0.353 0.3455 0.3455 0.3185 0.3185 0.33 0.33 0.33 0.3255 0.3255 0.3495 0.3495 0.353 0.353 0.353 0.373 0.373 0.3545 0.3545 0.3465 0.3465 0.3465 0.306 0.306 0.2925 0.2925 0.297 0.297 0.297 0.302 0.302 0.301 0.301
0.3 0.297 0.297 0.2855 0.2855 0.2855 0.2735 0.2735 0.2705 0.2705 0.2985 0.2985 0.3175 0.3175 0.3175 0.3195 0.3195 0.298 0.298 0.296 0.296 0.296 0.298 0.298 0.2955 0.2955 0.3155 0.3155 0.3155 0.2955 0.2955 0.3235 0.3235 0.3055 0.3055 0.3055 0.322 0.322 0.298 0.298 0.312 0.312 0.312 0.353 0.353 0.3455 0.3455 0.3185 0.3185 0.33 0.33 0.33 0.3255 0.3255 0.3495 0.3495 0.353 0.353 0.353 0.373 0.373 0.3545 0.3545 0.3465 0.3465 0.3465 0.306 0.306 0.2925 0.2925 0.297 0.297 0.297 0.302 0.302 0.301 0.301
0.3045 0.3195 0.3195 0.3135 0.3135 0.3135 0.2805 0.2805 0.2815 0.2815 0.295 0.295 0.3065 0.3065 0.3065 0.322 0.322 0.3245 0.3245 0.31 0.31 0.31 0.2965 0.2965 0.3095 0.3095 0.323 0.323 0.323 0.299 0.299 0.311 0.311 0.321 0.321 0.321 0.2975 0.2975 0.286 0.286 0.3255 0.3255 0.3255 0.3315 0.3315 0.3375 0.3375 0.343 0.343 0.3435 0.3435 0.3435 0.334 0.334 0.356 0.356 0.372 0.372 0.372 0.3675 0.3675 0.3535 0.3535 0.336 0.336 0.336 0.347 0.347 0.3215 0.3215 0.3045 0.3045 0.3045 0.299 0.299 0.312 0.312
0.3045 0.3195 0.3195 0.3135 0.3135 0.3135 0.2805 0.2805 0.2815 0.2815 0.295 0.295 0.3065 0.3065 0.3065 0.322 0.322 0.3245 0.3245 0.31 0.31 0.31 0.2965 0.2965 0.3095 0.3095 0.323 0.323 0.323 0.299 0.299 0.311 0.311 0.321 0.321 0.321 0.2975 0.2975 0.286 0.286 0.3255 0.3255 0.3255 0.3315 0.3315 0.3375 0.3375 0.343 0.343 0.3435 0.3435 0.3435 0.334 0.334 0.356 0.356 0.372 0.372 0.372 0.3675 0.3675 0.3535 0.3535 0.336 0.336 0.336 0.347 0.347 0.3215 0.3215 0.3045 0.3045 0.3045 0.299 0.299 0.312 0.312
0.298 0.319 0.319 0.332 0.332 0.332 0.275 0.275 0.294 0.294 0.3025 0.3025 0.306 0.306 0.306 0.3165 0.3165 0.326 0.326 0.326 0.326 0.326 0.313 0.313 0.3155 0.3155 0.2935 0.2935 0.2935 0.3165 0.3165 0.3065 0.3065 0.3065 0.3065 0.3065 0.2885 0.2885 0.2945 0.2945 0.311 0.311 0.311 0.31 0.31 0.3415 0.3415 0.3425 0.3425 0.321 0.321 0.321 0.34 0.34 0.3295 0.3295 0.3645 0.3645 0.3645 0.359 0.359 0.3325 0.3325 0.356 0.356 0.356 0.334 0.334 0.3115 0.3115 0.328 0.328 0.328 0.3335 0.3335 0.3285 0.3285
0.298 0.319 0.319 0.332 0.332 0.332 0.275 0.275 0.294 0.294 0.3025 0.3025 0.306 0.306 0.306 0.3165 0.3165 0.326 0.326 0.326 0.326 0.326 0.313 0.313 0.3155 0.3155 0.2935 0.2935 0.2935 0.3165 0.3165 0.3065 0.3065 0.3065 0.3065 0.3065 0.2885 0.2885 0.2945 0.2945 0.311 0.311 0.311 0.31 0.31 0.3415 0.3415 0.3425 0.3425 0.321 0.321 0.321 0.34 0.34 0.3295 0.3295 0.3645 0.3645 0.3645 0.359 0.359 0.3325 0.3325 0.356 0.356 0.356 0.334 0.334 0.3115 0.3115 0.328 0.328 0.328 0.3335 0.3335 0.3285 0.3285
