ndvi/NOAA-28.asc
ncols         252
nrows         154
xllcorner     -18.017974
yllcorner     13.481982
cellsize      0.035948
NODATA_value  -9999
[rows 70 to 104 of 154, columns 77 to 153 of 252]
0.1945 0.1945 0.2 0.2 0.183 0.183 0.1905 0.1905 0.1905 0.2015 0.2015 0.2155 0.2155 0.2235 0.2235 0.2155 0.2155 0.2155 0.2085 0.2085 0.199 0.199 0.1965 0.1965 0.1965 0.2335 0.2335 0.212 0.212 0.207 0.207 0.207 0.1945 0.1945 0.194 0.194 0.217 0.217 0.217 0.218 0.218 0.205 0.205 0.174 0.174 0.174 0.153 0.153 0.156 0.156 0.17 0.17 0.177 0.177 0.177 0.1875 0.1875 0.2045 0.2045 0.212 0.212 0.212 0.227 0.227 0.22 0.22 0.211 0.211 0.211 0.1975 0.1975 0.1945 0.1945 0.178 0.178 0.178 0.132
0.2075 0.2075 0.213 0.213 0.1935 0.1935 0.1915 0.1915 0.1915 0.2005 0.2005 0.1985 0.1985 0.203 0.203 0.2055 0.2055 0.2055 0.2125 0.2125 0.205 0.205 0.1965 0.1965 0.1965 0.2205 0.2205 0.232 0.232 0.2175 0.2175 0.2175 0.2115 0.2115 0.2085 0.2085 0.2055 0.2055 0.2055 0.1995 0.1995 0.2005 0.2005 0.175 0.175 0.175 0.163 0.163 0.1605 0.1605 0.166 0.166 0.1925 0.1925 0.1925 0.2 0.2 0.2135 0.2135 0.2065 0.2065 0.2065 0.2125 0.2125 0.215 0.215 0.1915 0.1915 0.1915 0.1845 0.1845 0.1935 0.1935 0.197 0.197 0.197 0.152
0.2075 0.2075 0.213 0.213 0.1935 0.1935 0.1915 0.1915 0.1915 0.2005 0.2005 0.1985 0.1985 0.203 0.203 0.2055 0.2055 0.2055 0.2125 0.2125 0.205 0.205 0.1965 0.1965 0.1965 0.2205 0.2205 0.232 0.232 0.2175 0.2175 0.2175 0.2115 0.2115 0.2085 0.2085 0.2055 0.2055 0.2055 0.1995 0.1995 0.2005 0.2005 0.175 0.175 0.175 0.163 0.163 0.1605 0.1605 0.166 0.166 0.1925 0.1925 0.1925 0.2 0.2 0.2135 0.2135 0.2065 0.2065 0.2065 0.2125 0.2125 0.215 0.215 0.1915 0.1915 0.1915 0.1845 0.1845 0.1935 0.1935 0.197 0.197 0.197 0.152
0.2075 0.2075 0.213 0.213 0.1935 0.1935 0.1915 0.1915 0.1915 0.2005 0.2005 0.1985 0.1985 0.203 0.203 0.2055 0.2055 0.2055 0.2125 0.2125 0.205 0.205 0.1965 0.1965 0.1965 0.2205 0.2205 0.232 0.232 0.2175 0.2175 0.2175 0.2115 0.2115 0.2085 0.2085 0.2055 0.2055 0.2055 0.1995 0.1995 0.2005 0.2005 0.175 0.175 0.175 0.163 0.163 0.1605 0.1605 0.166 0.166 0.1925 0.1925 0.1925 0.2 0.2 0.2135 0.2135 0.2065 0.2065 0.2065 0.2125 0.2125 0.215 0.215 0.1915 0.1915 0.1915 0.1845 0.1845 0.1935 0.1935 0.197 0.197 0.197 0.152
0.218 0.218 0.2075 0.2075 0.203 0.203 0.198 0.198 0.198 0.1945 0.1945 0.1985 0.1985 0.1995 0.1995 0.2045 0.2045 0.2045 0.222 0.222 0.213 0.213 0.2035 0.2035 0.2035 0.197 0.197 0.217 0.217 0.211 0.211 0.211 0.216 0.216 0.2055 0.2055 0.211 0.211 0.211 0.21 0.21 0.1995 0.1995 0.176 0.176 0.176 0.178 0.178 0.215 0.215 0.197 0.197 0.205 0.205 0.205 0.2005 0.2005 0.201 0.201 0.2095 0.2095 0.2095 0.2035 0.2035 0.2075 0.2075 0.21 0.21 0.21 0.21 0.21 0.195 0.195 0.167 0.167 0.167 0.1585
0.218 0.218 0.2075 0.2075 0.203 0.203 0.198 0.198 0.198 0.1945 0.1945 0.1985 0.1985 0.1995 0.1995 0.2045 0.2045 0.2045 0.222 0.222 0.213 0.213 0.2035 0.2035 0.2035 0.197 0.197 0.217 0.217 0.211 0.211 0.211 0.216 0.216 0.2055 0.2055 0.211 0.211 0.211 0.21 0.21 0.1995 0.1995 0.176 0.176 0.176 0.178 0.178 0.215 0.215 0.197 0.197 0.205 0.205 0.205 0.2005 0.2005 0.201 0.201 0.2095 0.2095 0.2095 0.2035 0.2035 0.2075 0.2075 0.21 0.21 0.21 0.21 0.21 0.195 0.195 0.167 0.167 0.167 0.1585
0.2125 0.2125 0.215 0.215 0.207 0.207 0.199 0.199 0.199 0.2165 0.2165 0.1995 0.1995 0.1965 0.1965 0.2045 0.2045 0.2045 0.1915 0.1915 0.21 0.21 0.1935 0.1935 0.1935 0.2045 0.2045 0.2055 0.2055 0.2155 0.2155 0.2155 0.227 0.227 0.2155 0.2155 0.2235 0.2235 0.2235 0.21 0.21 0.2085 0.2085 0.198 0.198 0.198 0.175 0.175 0.2065 0.2065 0.2025 0.2025 0.202 0.202 0.202 0.2005 0.2005 0.2005 0.2005 0.192 0.192 0.192 0.1955 0.1955 0.19 0.19 0.202 0.202 0.202 0.1875 0.1875 0.179 0.179 0.115 0.115 0.115 0.133
0.2125 0.2125 0.215 0.215 0.207 0.207 0.199 0.199 0.199 0.2165 0.2165 0.1995 0.1995 0.1965 0.1965 0.2045 0.2045 0.2045 0.1915 0.1915 0.21 0.21 0.1935 0.1935 0.1935 0.2045 0.2045 0.2055 0.2055 0.2155 0.2155 0.2155 0.227 0.227 0.2155 0.2155 0.2235 0.2235 0.2235 0.21 0.21 0.2085 0.2085 0.198 0.198 0.198 0.175 0.175 0.2065 0.2065 0.2025 0.2025 0.202 0.202 0.202 0.2005 0.2005 0.2005 0.2005 0.192 0.192 0.192 0.1955 0.1955 0.19 0.19 0.202 0.202 0.202 0.1875 0.1875 0.179 0.179 0.115 0.115 0.115 0.133
0.205 0.205 0.1965 0.1965 0.1985 0.1985 0.2 0.2 0.2 0.195 0.195 0.1975 0.1975 0.195 0.195 0.187 0.187 0.187 0.178 0.178 0.19 0.19 0.1925 0.1925 0.1925 0.2065 0.2065 0.2005 0.2005 0.1985 0.1985 0.1985 0.2165 0.2165 0.223 0.223 0.2115 0.2115 0.2115 0.214 0.214 0.2165 0.2165 0.2085 0.2085 0.2085 0.2105 0.2105 0.2255 0.2255 0.1985 0.1985 0.1935 0.1935 0.1935 0.19 0.19 0.184 0.184 0.184 0.184 0.184 0.1865 0.1865 0.186 0.186 0.179 0.179 0.179 0.1725 0.1725 0.2035 0.2035 0.14 0.14 0.14 0.134
0.205 0.205 0.1965 0.1965 0.1985 0.1985 0.2 0.2 0.2 0.195 0.195 0.1975 0.1975 0.195 0.195 0.187 0.187 0.187 0.178 0.178 0.19 0.19 0.1925 0.1925 0.1925 0.2065 0.2065 0.2005 0.2005 0.1985 0.1985 0.1985 0.2165 0.2165 0.223 0.223 0.2115 0.2115 0.2115 0.214 0.214 0.2165 0.2165 0.2085 0.2085 0.2085 0.2105 0.2105 0.2255 0.2255 0.1985 0.1985 0.1935 0.1935 0.1935 0.19 0.19 0.184 0.184 0.184 0.184 0.184 0.1865 0.1865 0.186 0.186 0.179 0.179 0.179 0.1725 0.1725 0.2035 0.2035 0.14 0.14 0.14 0.134
0.201 0.201 0.202 0.202 0.1865 0.1865 0.1915 0.1915 0.1915 0.1965 0.1965 0.19 0.19 0.195 0.195 0.1805 0.1805 0.1805 0.187 0.187 0.1705 0.1705 0.1885 0.1885 0.1885 0.195 0.195 0.198 0.198 0.19 0.19 0.19 0.208 0.208 0.213 0.213 0.214 0.214 0.214 0.2045 0.2045 0.2035 0.2035 0.2305 0.2305 0.2305 0.2265 0.2265 0.227 0.227 0.2235 0.2235 0.1975 0.1975 0.1975 0.1785 0.1785 0.1785 0.1785 0.186 0.186 0.186 0.1925 0.1925 0.166 0.166 0.1635 0.1635 0.1635 0.1505 0.1505 0.166 0.166 0.1645 0.1645 0.1645 0.1345
0.201 0.201 0.202 0.202 0.1865 0.1865 0.1915 0.1915 0.1915 0.1965 0.1965 0.19 0.19 0.195 0.195 0.1805 0.1805 0.1805 0.187 0.187 0.1705 0.1705 0.1885 0.1885 0.1885 0.195 0.195 0.198 0.198 0.19 0.19 0.19 0.208 0.208 0.213 0.213 0.214 0.214 0.214 0.2045 0.2045 0.2035 0.2035 0.2305 0.2305 0.2305 0.2265 0.2265 0.227 0.227 0.2235 0.2235 0.1975 0.1975 0.1975 0.1785 0.1785 0.1785 0.1785 0.186 0.186 0.186 0.1925 0.1925 0.166 0.166 0.1635 0.1635 0.1635 0.1505 0.1505 0.166 0.166 0.1645 0.1645 0.1645 0.1345
0.201 0.201 0.202 0.202 0.1865 0.1865 0.1915 0.1915 0.1915 0.1965 0.1965 0.19 0.19 0.195 0.195 0.1805 0.1805 0.1805 0.187 0.187 0.1705 0.1705 0.1885 0.1885 0.1885 0.195 0.195 0.198 0.198 0.19 0.19 0.19 0.208 0.208 0.213 0.213 0.214 0.214 0.214 0.2045 0.2045 0.2035 0.2035 0.2305 0.2305 0.2305 0.2265 0.2265 0.227 0.227 0.2235 0.2235 0.1975 0.1975 0.1975 0.1785 0.1785 0.1785 0.1785 0.186 0.186 0.186 0.1925 0.1925 0.166 0.166 0.1635 0.1635 0.1635 0.1505 0.1505 0.166 0.166 0.1645 0.1645 0.1645 0.1345
0.1995 0.1995 0.209 0.209 0.1875 0.1875 0.1865 0.1865 0.1865 0.195 0.195 0.1945 0.1945 0.1935 0.1935 0.186 0.186 0.186 0.1755 0.1755 0.185 0.185 0.1975 0.1975 0.1975 0.193 0.193 0.1865 0.1865 0.1885 0.1885 0.1885 0.1985 0.1985 0.1995 0.1995 0.2225 0.2225 0.2225 0.222 0.222 0.2125 0.2125 0.189 0.189 0.189 0.2115 0.2115 0.2255 0.2255 0.21 0.21 0.2065 0.2065 0.2065 0.201 0.201 0.1865 0.1865 0.194 0.194 0.194 0.191 0.191 0.2 0.2 0.165 0.165 0.165 0.1765 0.1765 0.167 0.167 0.161 0.161 0.161 0.1445
0.1995 0.1995 0.209 0.209 0.1875 0.1875 0.1865 0.1865 0.1865 0.195 0.195 0.1945 0.1945 0.1935 0.1935 0.186 0.186 0.186 0.1755 0.1755 0.185 0.185 0.1975 0.1975 0.1975 0.193 0.193 0.1865 0.1865 0.1885 0.1885 0.1885 0.1985 0.1985 0.1995 0.1995 0.2225 0.2225 0.2225 0.222 0.222 0.2125 0.2125 0.189 0.189 0.189 0.2115 0.2115 0.2255 0.2255 0.21 0.21 0.2065 0.2065 0.2065 0.201 0.201 0.1865 0.1865 0.194 0.194 0.194 0.191 0.191 0.2 0.2 0.165 0.165 0.165 0.1765 0.1765 0.167 0.167 0.161 0.161 0.161 0.1445
0.211 0.211 0.206 0.206 0.2065 0.2065 0.209 0.209 0.209 0.216 0.216 0.2095 0.2095 0.2035 0.2035 0.201 0.201 0.201 0.203 0.203 0.189 0.189 0.204 0.204 0.204 0.185 0.185 0.188 0.188 0.1905 0.1905 0.1905 0.2 0.2 0.2435 0.2435 0.2285 0.2285 0.2285 0.225 0.225 0.2335 0.2335 0.216 0.216 0.216 0.207 0.207 0.2055 0.2055 0.2095 0.2095 0.2165 0.2165 0.2165 0.2045 0.2045 0.2065 0.2065 0.2085 0.2085 0.2085 0.2175 0.2175 0.2095 0.2095 0.1885 0.1885 0.1885 0.178 0.178 0.173 0.173 0.1735 0.1735 0.1735 0.1505
0.211 0.211 0.206 0.206 0.2065 0.2065 0.209 0.209 0.209 0.216 0.216 0.2095 0.2095 0.2035 0.2035 0.201 0.201 0.201 0.203 0.203 0.189 0.189 0.204 0.204 0.204 0.185 0.185 0.188 0.188 0.1905 0.1905 0.1905 0.2 0.2 0.2435 0.2435 0.2285 0.2285 0.2285 0.225 0.225 0.2335 0.2335 0.216 0.216 0.216 0.207 0.207 0.2055 0.2055 0.2095 0.2095 0.2165 0.2165 0.2165 0.2045 0.2045 0.2065 0.2065 0.2085 0.2085 0.2085 0.2175 0.2175 0.2095 0.2095 0.1885 0.1885 0.1885 0.178 0.178 0.173 0.173 0.1735 0.1735 0.1735 0.1505
0.2225 0.2225 0.221 0.221 0.227 0.227 0.2145 0.2145 0.2145 0.2085 0.2085 0.2035 0.2035 0.2005 0.2005 0.2 0.2 0.2 0.1925 0.1925 0.1925 0.1925 0.2125 0.2125 0.2125 0.195 0.195 0.195 0.195 0.1915 0.1915 0.1915 0.2015 0.2015 0.2235 0.2235 0.2175 0.2175 0.2175 0.234 0.234 0.2255 0.2255 0.227 0.227 0.227 0.2115 0.2115 0.222 0.222 0.2195 0.2195 0.2115 0.2115 0.2115 0.2065 0.2065 0.2025 0.2025 0.211 0.211 0.211 0.221 0.221 0.2175 0.2175 0.1825 0.1825 0.1825 0.183 0.183 0.1845 0.1845 0.1905 0.1905 0.1905 0.1835
0.2225 0.2225 0.221 0.221 0.227 0.227 0.2145 0.2145 0.2145 0.2085 0.2085 0.2035 0.2035 0.2005 0.2005 0.2 0.2 0.2 0.1925 0.1925 0.1925 0.1925 0.2125 0.2125 0.2125 0.195 0.195 0.195 0.195 0.1915 0.1915 0.1915 0.2015 0.2015 0.2235 0.2235 0.2175 0.2175 0.2175 0.234 0.234 0.2255 0.2255 0.227 0.227 0.227 0.2115 0.2115 0.222 0.222 0.2195 0.2195 0.2115 0.2115 0.2115 0.2065 0.2065 0.2025 0.2025 0.211 0.211 0.211 0.221 0.221 0.2175 0.2175 0.1825 0.1825 0.1825 0.183 0.183 0.1845 0.1845 0.1905 0.1905 0.1905 0.1835
0.2225 0.2225 0.221 0.221 0.227 0.227 0.2145 0.2145 0.2145 0.2085 0.2085 0.2035 0.2035 0.2005 0.2005 0.2 0.2 0.2 0.1925 0.1925 0.1925 0.1925 0.2125 0.2125 0.2125 0.195 0.195 0.195 0.195 0.1915 0.1915 0.1915 0.2015 0.2015 0.2235 0.2235 0.2175 0.2175 0.2175 0.234 0.234 0.2255 0.2255 0.227 0.227 0.227 0.2115 0.2115 0.222 0.222 0.2195 0.2195 0.2115 0.2115 0.2115 0.2065 0.2065 0.2025 0.2025 0.211 0.211 0.211 0.221 0.221 0.2175 0.2175 0.1825 0.1825 0.1825 0.183 0.183 0.1845 0.1845 0.1905 0.1905 0.1905 0.1835
0.2145 0.2145 0.222 0.222 0.2135 0.2135 0.2 0.2 0.2 0.198 0.198 0.204 0.204 0.1965 0.1965 0.191 0.191 0.191 0.1915 0.1915 0.1815 0.1815 0.193 0.193 0.193 0.186 0.186 0.1955 0.1955 0.1905 0.1905 0.1905 0.19 0.19 0.2 0.2 0.2135 0.2135 0.2135 0.206 0.206 0.224 0.224 0.2235 0.2235 0.2235 0.229 0.229 0.219 0.219 0.2125 0.2125 0.2095 0.2095 0.2095 0.2165 0.2165 0.2205 0.2205 0.2055 0.2055 0.2055 0.22 0.22 0.2115 0.2115 0.2085 0.2085 0.2085 0.178 0.178 0.1915 0.1915 0.1695 0.1695 0.1695 0.172
0.2145 0.2145 0.222 0.222 0.2135 0.2135 0.2 0.2 0.2 0.198 0.198 0.204 0.204 0.1965 0.1965 0.191 0.191 0.191 0.1915 0.1915 0.1815 0.1815 0.193 0.193 0.193 0.186 0.186 0.1955 0.1955 0.1905 0.1905 0.1905 0.19 0.19 0.2 0.2 0.2135 0.2135 0.2135 0.206 0.206 0.224 0.224 0.2235 0.2235 0.2235 0.229 0.229 0.219 0.219 0.2125 0.2125 0.2095 0.2095 0.2095 0.2165 0.2165 0.2205 0.2205 0.2055 0.2055 0.2055 0.22 0.22 0.2115 0.2115 0.2085 0.2085 0.2085 0.178 0.178 0.1915 0.1915 0.1695 0.1695 0.1695 0.172
0.2255 0.2255 0.202 0.202 0.2015 0.2015 0.2 0.2 0.2 0.205 0.205 0.1975 0.1975 0.187 0.187 0.1995 0.1995 0.1995 0.1845 0.1845 0.1935 0.1935 0.2065 0.2065 0.2065 0.1995 0.1995 0.1995 0.1995 0.1985 0.1985 0.1985 0.197 0.197 0.21 0.21 0.2135 0.2135 0.2135 0.21 0.21 0.215 0.215 0.2235 0.2235 0.2235 0.2325 0.2325 0.212 0.212 0.2295 0.2295 0.2135 0.2135 0.2135 0.2065 0.2065 0.218 0.218 0.208 0.208 0.208 0.2135 0.2135 0.2175 0.2175 0.2145 0.2145 0.2145 0.224 0.224 0.2355 0.2355 0.2235 0.2235 0.2235 0.2075
0.2255 0.2255 0.202 0.202 0.2015 0.2015 0.2 0.2 0.2 0.205 0.205 0.1975 0.1975 0.187 0.187 0.1995 0.1995 0.1995 0.1845 0.1845 0.1935 0.1935 0.2065 0.2065 0.2065 0.1995 0.1995 0.1995 0.1995 0.1985 0.1985 0.1985 0.197 0.197 0.21 0.21 0.2135 0.2135 0.2135 0.21 0.21 0.215 0.215 0.2235 0.2235 0.2235 0.2325 0.2325 0.212 0.212 0.2295 0.2295 0.2135 0.2135 0.2135 0.2065 0.2065 0.218 0.218 0.208 0.208 0.208 0.2135 0.2135 0.2175 0.2175 0.2145 0.2145 0.2145 0.224 0.224 0.2355 0.2355 0.2235 0.2235 0.2235 0.2075
0.225 0.225 0.2315 0.2315 0.21 0.21 0.218 0.218 0.218 0.2145 0.2145 0.219 0.219 0.2025 0.2025 0.2005 0.2005 0.2005 0.199 0.199 0.1965 0.1965 0.2085 0.2085 0.2085 0.203 0.203 0.2095 0.2095 0.206 0.206 0.206 0.231 0.231 0.2265 0.2265 0.2125 0.2125 0.2125 0.233 0.233 0.223 0.223 0.2285 0.2285 0.2285 0.232 0.232 0.229 0.229 0.23 0.23 0.215 0.215 0.215 0.22 0.22 0.214 0.214 0.2055 0.2055 0.2055 0.225 0.225 0.2395 0.2395 0.2255 0.2255 0.2255 0.207 0.207 0.205 0.205 0.204 0.204 0.204 0.1885
0.225 0.225 0.2315 0.2315 0.21 0.21 0.218 0.218 0.218 0.2145 0.2145 0.219 0.219 0.2025 0.2025 0.2005 0.2005 0.2005 0.199 0.199 0.1965 0.1965 0.2085 0.2085 0.2085 0.203 0.203 0.2095 0.2095 0.206 0.206 0.206 0.231 0.231 0.2265 0.2265 0.2125 0.2125 0.2125 0.233 0.233 0.223 0.223 0.2285 0.2285 0.2285 0.232 0.232 0.229 0.229 0.23 0.23 0.215 0.215 0.215 0.22 0.22 0.214 0.214 0.2055 0.2055 0.2055 0.225 0.225 0.2395 0.2395 0.2255 0.2255 0.2255 0.207 0.207 0.205 0.205 0.204 0.204 0.204 0.1885
0.225 0.225 0.2315 0.2315 0.21 0.21 0.218 0.218 0.218 0.2145 0.2145 0.219 0.219 0.2025 0.2025 0.2005 0.2005 0.2005 0.199 0.199 0.1965 0.1965 0.2085 0.2085 0.2085 0.203 0.203 0.2095 0.2095 0.206 0.206 0.206 0.231 0.231 0.2265 0.2265 0.2125 0.2125 0.2125 0.233 0.233 0.223 0.223 0.2285 0.2285 0.2285 0.232 0.232 0.229 0.229 0.23 0.23 0.215 0.215 0.215 0.22 0.22 0.214 0.214 0.2055 0.2055 0.2055 0.225 0.225 0.2395 0.2395 0.2255 0.2255 0.2255 0.207 0.207 0.205 0.205 0.204 0.204 0.204 0.1885
0.2165 0.2165 0.2195 0.2195 0.215 0.215 0.1985 0.1985 0.1985 0.2025 0.2025 0.2035 0.2035 0.2075 0.2075 0.1855 0.1855 0.1855 0.194 0.194 0.1985 0.1985 0.195 0.195 0.195 0.214 0.214 0.2295 0.2295 0.233 0.233 0.233 0.2095 0.2095 0.215 0.215 0.224 0.224 0.224 0.232 0.232 0.221 0.221 0.229 0.229 0.229 0.2345 0.2345 0.2335 0.2335 0.227 0.227 0.233 0.233 0.233 0.233 0.233 0.2215 0.2215 0.2275 0.2275 0.2275 0.2165 0.2165 0.218 0.218 0.2315 0.2315 0.2315 0.2515 0.2515 0.238 0.238 0.169 0.169 0.169 0.203
0.2165 0.2165 0.2195 0.2195 0.215 0.215 0.1985 0.1985 0.1985 0.2025 0.2025 0.2035 0.2035 0.2075 0.2075 0.1855 0.1855 0.1855 0.194 0.194 0.1985 0.1985 0.195 0.195 0.195 0.214 0.214 0.2295 0.2295 0.233 0.233 0.233 0.2095 0.2095 0.215 0.215 0.224 0.224 0.224 0.232 0.232 0.221 0.221 0.229 0.229 0.229 0.2345 0.2345 0.2335 0.2335 0.227 0.227 0.233 0.233 0.233 0.233 0.233 0.2215 0.2215 0.2275 0.2275 0.2275 0.2165 0.2165 0.218 0.218 0.2315 0.2315 0.2315 0.2515 0.2515 0.238 0.238 0.169 0.169 0.169 0.203
0.2195 0.2195 0.207 0.207 0.202 0.202 0.2 0.2 0.2 0.2015 0.2015 0.201 0.201 0.207 0.207 0.22 0.22 0.22 0.2105 0.2105 0.207 0.207 0.2135 0.2135 0.2135 0.223 0.223 0.212 0.212 0.2165 0.2165 0.2165 0.2135 0.2135 0.2145 0.2145 0.227 0.227 0.227 0.2245 0.2245 0.2255 0.2255 0.2375 0.2375 0.2375 0.238 0.238 0.2295 0.2295 0.233 0.233 0.2415 0.2415 0.2415 0.234 0.234 0.222 0.222 0.222 0.222 0.222 0.219 0.219 0.221 0.221 0.2365 0.2365 0.2365 0.2605 0.2605 0.243 0.243 0.2225 0.2225 0.2225 0.206
0.2195 0.2195 0.207 0.207 0.202 0.202 0.2 0.2 0.2 0.2015 0.2015 0.201 0.201 0.207 0.207 0.22 0.22 0.22 0.2105 0.2105 0.207 0.207 0.2135 0.2135 0.2135 0.223 0.223 0.212 0.212 0.2165 0.2165 0.2165 0.2135 0.2135 0.2145 0.2145 0.227 0.227 0.227 0.2245 0.2245 0.2255 0.2255 0.2375 0.2375 0.2375 0.238 0.238 0.2295 0.2295 0.233 0.233 0.2415 0.2415 0.2415 0.234 0.234 0.222 0.222 0.222 0.222 0.222 0.219 0.219 0.221 0.221 0.2365 0.2365 0.2365 0.2605 0.2605 0.243 0.243 0.2225 0.2225 0.2225 0.206
0.216 0.216 0.21 0.21 0.22 0.22 0.2105 0.2105 0.2105 0.229 0.229 0.205 0.205 0.201 0.201 0.1965 0.1965 0.1965 0.215 0.215 0.2175 0.2175 0.2365 0.2365 0.2365 0.218 0.218 0.219 0.219 0.2155 0.2155 0.2155 0.2205 0.2205 0.2335 0.2335 0.234 0.234 0.234 0.236 0.236 0.231 0.231 0.2355 0.2355 0.2355 0.25 0.25 0.25 0.25 0.234 0.234 0.2325 0.2325 0.2325 0.2565 0.2565 0.2215 0.2215 0.218 0.218 0.218 0.2275 0.2275 0.237 0.237 0.238 0.238 0.238 0.2425 0.2425 0.2245 0.2245 0.213 0.213 0.213 0.207
0.216 0.216 0.21 0.21 0.22 0.22 0.2105 0.2105 0.2105 0.229 0.229 0.205 0.205 0.201 0.201 0.1965 0.1965 0.1965 0.215 0.215 0.2175 0.2175 0.2365 0.2365 0.2365 0.218 0.218 0.219 0.219 0.2155 0.2155 0.2155 0.2205 0.2205 0.2335 0.2335 0.234 0.234 0.234 0.236 0.236 0.231 0.231 0.2355 0.2355 0.2355 0.25 0.25 0.25 0.25 0.234 0.234 0.2325 0.2325 0.2325 0.2565 0.2565 0.2215 0.2215 0.218 0.218 0.218 0.2275 0.2275 0.237 0.237 0.238 0.238 0.238 0.2425 0.2425 0.2245 0.2245 0.213 0.213 0.213 0.207
0.2355 0.2355 0.2285 0.2285 0.2195 0.2195 0.21 0.21 0.21 0.221 0.221 0.2285 0.2285 0.218 0.218 0.217 0.217 0.217 0.2075 0.2075 0.2055 0.2055 0.2105 0.2105 0.2105 0.214 0.214 0.2165 0.2165 0.212 0.212 0.212 0.214 0.214 0.2345 0.2345 0.24 0.24 0.24 0.228 0.228 0.23 0.23 0.244 0.244 0.244 0.237 0.237 0.2365 0.2365 0.2335 0.2335 0.2385 0.2385 0.2385 0.239 0.239 0.233 0.233 0.221 0.221 0.221 0.236 0.236 0.2215 0.2215 0.237 0.237 0.237 0.234 0.234 0.2075 0.2075 0.2165 0.2165 0.2165 0.1995
0.2355 0.2355 0.2285 0.2285 0.2195 0.2195 0.21 0.21 0.21 0.221 0.221 0.2285 0.2285 0.218 0.218 0.217 0.217 0.217 0.2075 0.2075 0.2055 0.2055 0.2105 0.2105 0.2105 0.214 0.214 0.2165 0.2165 0.212 0.212 0.212 0.214 0.214 0.2345 0.2345 0.24 0.24 0.24 0.228 0.228 0.23 0.23 0.244 0.244 0.244 0.237 0.237 0.2365 0.2365 0.2335 0.2335 0.2385 0.2385 0.2385 0.239 0.239 0.233 0.233 0.221 0.221 0.221 0.236 0.236 0.2215 0.2215 0.237 0.237 0.237 0.234 0.234 0.2075 0.2075 0.2165 0.2165 0.2165 0.1995
