ndvi/NOAA-240.asc
ncols         252
nrows         154
xllcorner     -18.017974
yllcorner     13.481982
cellsize      0.035948
NODATA_value  -9999
[rows 102 to 135 of 154, columns 0 to 76 of 252]
-1 -1 -1 -1 -1 -1 -1 -1 -1 -1 -1 -1 -1 -1 -1 -1 -1 -1 -1 -1 -1 -1 -1 -1 -1 0.0745 0.0745 0.0745 0.2155 0.2155 0.36 0.36 0.327 0.327 0.327 0.303 0.303 0.2805 0.2805 0.279 0.279 0.279 0.272 0.272 0.2695 0.2695 0.2835 0.2835 0.2835 0.286 0.286 0.2915 0.2915 0.298 0.298 0.2935 0.2935 0.2935 0.3095 0.3095 0.305 0.305 0.305 0.305 0.305 0.3025 0.3025 0.301 0.301 0.291 0.291 0.291 0.292 0.292 0.279 0.279 0.276
-1 -1 -1 -1 -1 -1 -1 -1 -1 -1 -1 -1 -1 -1 -1 -1 -1 -1 -1 -1 -1 -1 -1 0.0325 0.0325 0.247 0.247 0.247 0.33 0.33 0.315 0.315 0.295 0.295 0.295 0.3035 0.3035 0.299 0.299 0.299 0.299 0.299 0.2875 0.2875 0.271 0.271 0.281 0.281 0.281 0.2925 0.2925 0.294 0.294 0.2905 0.2905 0.302 0.302 0.302 0.2895 0.2895 0.296 0.296 0.296 0.296 0.296 0.3105 0.3105 0.3005 0.3005 0.3075 0.3075 0.3075 0.312 0.312 0.2975 0.2975 0.2815
-1 -1 -1 -1 -1 -1 -1 -1 -1 -1 -1 -1 -1 -1 -1 -1 -1 -1 -1 -1 -1 -1 -1 0.0325 0.0325 0.247 0.247 0.247 0.33 0.33 0.315 0.315 0.295 0.295 0.295 0.3035 0.3035 0.299 0.299 0.299 0.299 0.299 0.2875 0.2875 0.271 0.271 0.281 0.281 0.281 0.2925 0.2925 0.294 0.294 0.2905 0.2905 0.302 0.302 0.302 0.2895 0.2895 0.296 0.296 0.296 0.296 0.296 0.3105 0.3105 0.3005 0.3005 0.3075 0.3075 0.3075 0.312 0.312 0.2975 0.2975 0.2815
-1 -1 -1 -1 -1 -1 -1 -1 -1 -1 -1 -1 -1 -1 -1 -1 -1 -1 -1 -1 -1 -1 -1 0.0325 0.0325 0.247 0.247 0.247 0.33 0.33 0.315 0.315 0.295 0.295 0.295 0.3035 0.3035 0.299 0.299 0.299 0.299 0.299 0.2875 0.2875 0.271 0.271 0.281 0.281 0.281 0.2925 0.2925 0.294 0.294 0.2905 0.2905 0.302 0.302 0.302 0.2895 0.2895 0.296 0.296 0.296 0.296 0.296 0.3105 0.3105 0.3005 0.3005 0.3075 0.3075 0.3075 0.312 0.312 0.2975 0.2975 0.2815
-1 -1 -1 -1 -1 -1 -1 -1 -1 -1 -1 -1 -1 -1 -1 -1 -1 -1 -1 -1 -1 0.0355 0.0355 0.198 0.198 0.371 0.371 0.371 0.3395 0.3395 0.324 0.324 0.298 0.298 0.298 0.299 0.299 0.295 0.295 0.315 0.315 0.315 0.302 0.302 0.296 0.296 0.285 0.285 0.285 0.285 0.285 0.299 0.299 0.2945 0.2945 0.295 0.295 0.295 0.279 0.279 0.303 0.303 0.303 0.303 0.303 0.307 0.307 0.308 0.308 0.316 0.316 0.316 0.318 0.318 0.3095 0.3095 0.294
-1 -1 -1 -1 -1 -1 -1 -1 -1 -1 -1 -1 -1 -1 -1 -1 -1 -1 -1 -1 -1 0.0355 0.0355 0.198 0.198 0.371 0.371 0.371 0.3395 0.3395 0.324 0.324 0.298 0.298 0.298 0.299 0.299 0.295 0.295 0.315 0.315 0.315 0.302 0.302 0.296 0.296 0.285 0.285 0.285 0.285 0.285 0.299 0.299 0.2945 0.2945 0.295 0.295 0.295 0.279 0.279 0.303 0.303 0.303 0.303 0.303 0.307 0.307 0.308 0.308 0.316 0.316 0.316 0.318 0.318 0.3095 0.3095 0.294
-1 -1 -1 -1 -1 -1 -1 -1 -1 -1 -1 -1 -1 -1 -1 -1 -1 -1 -1 -1 -1 0.1955 0.1955 0.3525 0.3525 0.368 0.368 0.368 0.341 0.341 0.3105 0.3105 0.297 0.297 0.297 0.2955 0.2955 0.307 0.307 0.325 0.325 0.325 0.301 0.301 0.3035 0.3035 0.292 0.292 0.292 0.2905 0.2905 0.306 0.306 0.2855 0.2855 0.3005 0.3005 0.3005 0.29 0.29 0.3055 0.3055 0.3055 0.3055 0.3055 0.311 0.311 0.3255 0.3255 0.325 0.325 0.325 0.3345 0.3345 0.3155 0.3155 0.2955
-1 -1 -1 -1 -1 -1 -1 -1 -1 -1 -1 -1 -1 -1 -1 -1 -1 -1 -1 -1 -1 0.1955 0.1955 0.3525 0.3525 0.368 0.368 0.368 0.341 0.341 0.3105 0.3105 0.297 0.297 0.297 0.2955 0.2955 0.307 0.307 0.325 0.325 0.325 0.301 0.301 0.3035 0.3035 0.292 0.292 0.292 0.2905 0.2905 0.306 0.306 0.2855 0.2855 0.3005 0.3005 0.3005 0.29 0.29 0.3055 0.3055 0.3055 0.3055 0.3055 0.311 0.311 0.3255 0.3255 0.325 0.325 0.325 0.3345 0.3345 0.3155 0.3155 0.2955
-1 -1 -1 -1 -1 -1 -1 -1 -1 -1 -1 -1 -1 -1 -1 -1 -1 -1 0.2395 0.2395 0.2395 0.3855 0.3855 0.378 0.378 0.37 0.37 0.37 0.344 0.344 0.3365 0.3365 0.301 0.301 0.301 0.308 0.308 0.2925 0.2925 0.288 0.288 0.288 0.2985 0.2985 0.3005 0.3005 0.3025 0.3025 0.3025 0.301 0.301 0.3115 0.3115 0.294 0.294 0.2905 0.2905 0.2905 0.296 0.296 0.303 0.303 0.303 0.303 0.303 0.301 0.301 0.3145 0.3145 0.3285 0.3285 0.3285 0.338 0.338 0.3315 0.3315 0.3205
-1 -1 -1 -1 -1 -1 -1 -1 -1 -1 -1 -1 -1 -1 -1 -1 -1 -1 0.2395 0.2395 0.2395 0.3855 0.3855 0.378 0.378 0.37 0.37 0.37 0.344 0.344 0.3365 0.3365 0.301 0.301 0.301 0.308 0.308 0.2925 0.2925 0.288 0.288 0.288 0.2985 0.2985 0.3005 0.3005 0.3025 0.3025 0.3025 0.301 0.301 0.3115 0.3115 0.294 0.294 0.2905 0.2905 0.2905 0.296 0.296 0.303 0.303 0.303 0.303 0.303 0.301 0.301 0.3145 0.3145 0.3285 0.3285 0.3285 0.338 0.338 0.3315 0.3315 0.3205
-1 -1 -1 -1 -1 -1 -1 -1 -1 -1 -1 -1 -1 -1 -1 -1 -1 -1 0.2395 0.2395 0.2395 0.3855 0.3855 0.378 0.378 0.37 0.37 0.37 0.344 0.344 0.3365 0.3365 0.301 0.301 0.301 0.308 0.308 0.2925 0.2925 0.288 0.288 0.288 0.2985 0.2985 0.3005 0.3005 0.3025 0.3025 0.3025 0.301 0.301 0.3115 0.3115 0.294 0.294 0.2905 0.2905 0.2905 0.296 0.296 0.303 0.303 0.303 0.303 0.303 0.301 0.301 0.3145 0.3145 0.3285 0.3285 0.3285 0.338 0.338 0.3315 0.3315 0.3205
-1 -1 -1 -1 -1 -1 -1 -1 -1 -1 -1 -1 -1 -1 -1 -1 0.4755 0.4755 0.4505 0.4505 0.4505 0.4195 0.4195 0.392 0.392 0.396 0.396 0.396 0.373 0.373 0.3345 0.3345 0.3245 0.3245 0.3245 0.3035 0.3035 0.3035 0.3035 0.303 0.303 0.303 0.289 0.289 0.2955 0.2955 0.291 0.291 0.291 0.2895 0.2895 0.2955 0.2955 0.303 0.303 0.291 0.291 0.291 0.302 0.302 0.3055 0.3055 0.3055 0.3055 0.3055 0.299 0.299 0.296 0.296 0.287 0.287 0.287 0.308 0.308 0.302 0.302 0.2775
-1 -1 -1 -1 -1 -1 -1 -1 -1 -1 -1 -1 -1 -1 -1 -1 0.4755 0.4755 0.4505 0.4505 0.4505 0.4195 0.4195 0.392 0.392 0.396 0.396 0.396 0.373 0.373 0.3345 0.3345 0.3245 0.3245 0.3245 0.3035 0.3035 0.3035 0.3035 0.303 0.303 0.303 0.289 0.289 0.2955 0.2955 0.291 0.291 0.291 0.2895 0.2895 0.2955 0.2955 0.303 0.303 0.291 0.291 0.291 0.302 0.302 0.3055 0.3055 0.3055 0.3055 0.3055 0.299 0.299 0.296 0.296 0.287 0.287 0.287 0.308 0.308 0.302 0.302 0.2775
-1 -1 -1 -1 -1 -1 -1 -1 -1 -1 -1 -1 0.2035 0.2035 0.194 0.194 0.217 0.217 0.3865 0.3865 0.3865 0.3975 0.3975 0.422 0.422 0.393 0.393 0.393 0.3695 0.3695 0.343 0.343 0.349 0.349 0.349 0.335 0.335 0.343 0.343 0.3335 0.3335 0.3335 0.335 0.335 0.3245 0.3245 0.2925 0.2925 0.2925 0.2865 0.2865 0.291 0.291 0.2825 0.2825 0.2865 0.2865 0.2865 0.295 0.295 0.304 0.304 0.304 0.304 0.304 0.3015 0.3015 0.2815 0.2815 0.291 0.291 0.291 0.291 0.291 0.29 0.29 0.274
-1 -1 -1 -1 -1 -1 -1 -1 -1 -1 -1 -1 0.2035 0.2035 0.194 0.194 0.217 0.217 0.3865 0.3865 0.3865 0.3975 0.3975 0.422 0.422 0.393 0.393 0.393 0.3695 0.3695 0.343 0.343 0.349 0.349 0.349 0.335 0.335 0.343 0.343 0.3335 0.3335 0.3335 0.335 0.335 0.3245 0.3245 0.2925 0.2925 0.2925 0.2865 0.2865 0.291 0.291 0.2825 0.2825 0.2865 0.2865 0.2865 0.295 0.295 0.304 0.304 0.304 0.304 0.304 0.3015 0.3015 0.2815 0.2815 0.291 0.291 0.291 0.291 0.291 0.29 0.29 0.274
-1 -1 -1 -1 -1 -1 -1 -1 -1 0.1377 0.1377 0.1377 0.1202 0.1202 0.1527 0.1527 0.1002 0.1002 0.1525 0.1525 0.1525 0.3985 0.3985 0.407 0.407 0.415 0.415 0.415 0.369 0.369 0.3615 0.3615 0.3365 0.3365 0.3365 0.334 0.334 0.3445 0.3445 0.335 0.335 0.335 0.345 0.345 0.316 0.316 0.3 0.3 0.3 0.295 0.295 0.272 0.272 0.2745 0.2745 0.2875 0.2875 0.2875 0.2955 0.2955 0.322 0.322 0.322 0.322 0.322 0.3 0.3 0.2875 0.2875 0.291 0.291 0.291 0.287 0.287 0.271 0.271 0.2665
-1 -1 -1 -1 -1 -1 -1 -1 -1 0.1377 0.1377 0.1377 0.1202 0.1202 0.1527 0.1527 0.1002 0.1002 0.1525 0.1525 0.1525 0.3985 0.3985 0.407 0.407 0.415 0.415 0.415 0.369 0.369 0.3615 0.3615 0.3365 0.3365 0.3365 0.334 0.334 0.3445 0.3445 0.335 0.335 0.335 0.345 0.345 0.316 0.316 0.3 0.3 0.3 0.295 0.295 0.272 0.272 0.2745 0.2745 0.2875 0.2875 0.2875 0.2955 0.2955 0.322 0.322 0.322 0.322 0.322 0.3 0.3 0.2875 0.2875 0.291 0.291 0.291 0.287 0.287 0.271 0.271 0.2665
-1 -1 -1 -1 -1 -1 -1 -1 -1 0.1377 0.1377 0.1377 0.1202 0.1202 0.1527 0.1527 0.1002 0.1002 0.1525 0.1525 0.1525 0.3985 0.3985 0.407 0.407 0.415 0.415 0.415 0.369 0.369 0.3615 0.3615 0.3365 0.3365 0.3365 0.334 0.334 0.3445 0.3445 0.335 0.335 0.335 0.345 0.345 0.316 0.316 0.3 0.3 0.3 0.295 0.295 0.272 0.272 0.2745 0.2745 0.2875 0.2875 0.2875 0.2955 0.2955 0.322 0.322 0.322 0.322 0.322 0.3 0.3 0.2875 0.2875 0.291 0.291 0.291 0.287 0.287 0.271 0.271 0.2665
-1 -1 -1 -1 -1 -1 -1 -1 -1 -1 -1 -1 0.1192 0.1192 0.1577 0.1577 0.1732 0.1732 0.1491 0.1491 0.1491 0.3425 0.3425 0.3495 0.3495 0.365 0.365 0.365 0.367 0.367 0.3675 0.3675 0.3395 0.3395 0.3395 0.3325 0.3325 0.323 0.323 0.339 0.339 0.339 0.331 0.331 0.3225 0.3225 0.3115 0.3115 0.3115 0.3095 0.3095 0.292 0.292 0.3115 0.3115 0.287 0.287 0.287 0.299 0.299 0.314 0.314 0.314 0.314 0.314 0.316 0.316 0.294 0.294 0.277 0.277 0.277 0.311 0.311 0.3 0.3 0.2755
-1 -1 -1 -1 -1 -1 -1 -1 -1 -1 -1 -1 0.1192 0.1192 0.1577 0.1577 0.1732 0.1732 0.1491 0.1491 0.1491 0.3425 0.3425 0.3495 0.3495 0.365 0.365 0.365 0.367 0.367 0.3675 0.3675 0.3395 0.3395 0.3395 0.3325 0.3325 0.323 0.323 0.339 0.339 0.339 0.331 0.331 0.3225 0.3225 0.3115 0.3115 0.3115 0.3095 0.3095 0.292 0.292 0.3115 0.3115 0.287 0.287 0.287 0.299 0.299 0.314 0.314 0.314 0.314 0.314 0.316 0.316 0.294 0.294 0.277 0.277 0.277 0.311 0.311 0.3 0.3 0.2755
-1 -1 -1 -1 -1 -1 -1 -1 -1 -1 -1 -1 -1 -1 -1 -1 -1 -1 0.1392 0.1392 0.1392 0.2105 0.2105 0.3425 0.3425 0.3685 0.3685 0.3685 0.378 0.378 0.3645 0.3645 0.345 0.345 0.345 0.327 0.327 0.3355 0.3355 0.338 0.338 0.338 0.3035 0.3035 0.323 0.323 0.3115 0.3115 0.3115 0.3085 0.3085 0.328 0.328 0.337 0.337 0.2975 0.2975 0.2975 0.3055 0.3055 0.3015 0.3015 0.3015 0.3015 0.3015 0.3145 0.3145 0.301 0.301 0.308 0.308 0.308 0.312 0.312 0.296 0.296 0.271
-1 -1 -1 -1 -1 -1 -1 -1 -1 -1 -1 -1 -1 -1 -1 -1 -1 -1 0.1392 0.1392 0.1392 0.2105 0.2105 0.3425 0.3425 0.3685 0.3685 0.3685 0.378 0.378 0.3645 0.3645 0.345 0.345 0.345 0.327 0.327 0.3355 0.3355 0.338 0.338 0.338 0.3035 0.3035 0.323 0.323 0.3115 0.3115 0.3115 0.3085 0.3085 0.328 0.328 0.337 0.337 0.2975 0.2975 0.2975 0.3055 0.3055 0.3015 0.3015 0.3015 0.3015 0.3015 0.3145 0.3145 0.301 0.301 0.308 0.308 0.308 0.312 0.312 0.296 0.296 0.271
-1 -1 -1 -1 -1 -1 -1 -1 -1 -1 -1 -1 -1 -1 -1 -1 -1 -1 -1 -1 -1 0.1237 0.1237 0.2055 0.2055 0.365 0.365 0.365 0.359 0.359 0.3685 0.3685 0.3545 0.3545 0.3545 0.3465 0.3465 0.3355 0.3355 0.323 0.323 0.323 0.3125 0.3125 0.3175 0.3175 0.3185 0.3185 0.3185 0.3275 0.3275 0.328 0.328 0.35 0.35 0.3235 0.3235 0.3235 0.351 0.351 0.346 0.346 0.346 0.346 0.346 0.3105 0.3105 0.3295 0.3295 0.322 0.322 0.322 0.3165 0.3165 0.306 0.306 0.306
-1 -1 -1 -1 -1 -1 -1 -1 -1 -1 -1 -1 -1 -1 -1 -1 -1 -1 -1 -1 -1 0.1237 0.1237 0.2055 0.2055 0.365 0.365 0.365 0.359 0.359 0.3685 0.3685 0.3545 0.3545 0.3545 0.3465 0.3465 0.3355 0.3355 0.323 0.323 0.323 0.3125 0.3125 0.3175 0.3175 0.3185 0.3185 0.3185 0.3275 0.3275 0.328 0.328 0.35 0.35 0.3235 0.3235 0.3235 0.351 0.351 0.346 0.346 0.346 0.346 0.346 0.3105 0.3105 0.3295 0.3295 0.322 0.322 0.322 0.3165 0.3165 0.306 0.306 0.306
-1 -1 -1 -1 -1 -1 -1 -1 -1 -1 -1 -1 -1 -1 -1 -1 -1 -1 -1 -1 -1 0.1037 0.1037 0.1726 0.1726 0.335 0.335 0.335 0.3985 0.3985 0.3725 0.3725 0.374 0.374 0.374 0.343 0.343 0.281 0.281 0.2225 0.2225 0.2225 0.286 0.286 0.32 0.32 0.32 0.32 0.32 0.3335 0.3335 0.336 0.336 0.3385 0.3385 0.352 0.352 0.352 0.341 0.341 0.3635 0.3635 0.3635 0.3635 0.3635 0.3455 0.3455 0.309 0.309 0.3385 0.3385 0.3385 0.3145 0.3145 0.321 0.321 0.312
-1 -1 -1 -1 -1 -1 -1 -1 -1 -1 -1 -1 -1 -1 -1 -1 -1 -1 -1 -1 -1 0.1037 0.1037 0.1726 0.1726 0.335 0.335 0.335 0.3985 0.3985 0.3725 0.3725 0.374 0.374 0.374 0.343 0.343 0.281 0.281 0.2225 0.2225 0.2225 0.286 0.286 0.32 0.32 0.32 0.32 0.32 0.3335 0.3335 0.336 0.336 0.3385 0.3385 0.352 0.352 0.352 0.341 0.341 0.3635 0.3635 0.3635 0.3635 0.3635 0.3455 0.3455 0.309 0.309 0.3385 0.3385 0.3385 0.3145 0.3145 0.321 0.321 0.312
-1 -1 -1 -1 -1 -1 -1 -1 -1 -1 -1 -1 -1 -1 -1 -1 -1 -1 -1 -1 -1 0.1037 0.1037 0.1726 0.1726 0.335 0.335 0.335 0.3985 0.3985 0.3725 0.3725 0.374 0.374 0.374 0.343 0.343 0.281 0.281 0.2225 0.2225 0.2225 0.286 0.286 0.32 0.32 0.32 0.32 0.32 0.3335 0.3335 0.336 0.336 0.3385 0.3385 0.352 0.352 0.352 0.341 0.341 0.3635 0.3635 0.3635 0.3635 0.3635 0.3455 0.3455 0.309 0.309 0.3385 0.3385 0.3385 0.3145 0.3145 0.321 0.321 0.312
-1 -1 -1 -1 -1 -1 -1 -1 -1 -1 -1 -1 -1 -1 -1 -1 -1 -1 -1 -1 -1 -1 -1 0.2142 0.2142 0.1615 0.1615 0.1615 0.406 0.406 0.384 0.384 0.3465 0.3465 0.3465 0.282 0.282 0.2155 0.2155 0.23 0.23 0.23 0.2475 0.2475 0.2785 0.2785 0.292 0.292 0.292 0.33 0.33 0.3375 0.3375 0.342 0.342 0.3495 0.3495 0.3495 0.3345 0.3345 0.357 0.357 0.357 0.357 0.357 0.336 0.336 0.335 0.335 0.331 0.331 0.331 0.3265 0.3265 0.313 0.313 0.298
-1 -1 -1 -1 -1 -1 -1 -1 -1 -1 -1 -1 -1 -1 -1 -1 -1 -1 -1 -1 -1 -1 -1 0.2142 0.2142 0.1615 0.1615 0.1615 0.406 0.406 0.384 0.384 0.3465 0.3465 0.3465 0.282 0.282 0.2155 0.2155 0.23 0.23 0.23 0.2475 0.2475 0.2785 0.2785 0.292 0.292 0.292 0.33 0.33 0.3375 0.3375 0.342 0.342 0.3495 0.3495 0.3495 0.3345 0.3345 0.357 0.357 0.357 0.357 0.357 0.336 0.336 0.335 0.335 0.331 0.331 0.331 0.3265 0.3265 0.313 0.313 0.298
-1 -1 -1 -1 -1 -1 -1 -1 -1 -1 -1 -1 -1 -1 -1 -1 -1 -1 -1 -1 -1 -1 -1 -1 -1 0.002 0.002 0.002 0.2285 0.2285 0.3675 0.3675 0.309 0.309 0.309 0.2505 0.2505 0.218 0.218 0.1945 0.1945 0.1945 0.3275 0.3275 0.2955 0.2955 0.1835 0.1835 0.1835 0.2635 0.2635 0.313 0.313 0.341 0.341 0.3305 0.3305 0.3305 0.3505 0.3505 0.3465 0.3465 0.3465 0.3465 0.3465 0.333 0.333 0.3375 0.3375 0.326 0.326 0.326 0.33 0.33 0.3265 0.3265 0.3095
-1 -1 -1 -1 -1 -1 -1 -1 -1 -1 -1 -1 -1 -1 -1 -1 -1 -1 -1 -1 -1 -1 -1 -1 -1 0.002 0.002 0.002 0.2285 0.2285 0.3675 0.3675 0.309 0.309 0.309 0.2505 0.2505 0.218 0.218 0.1945 0.1945 0.1945 0.3275 0.3275 0.2955 0.2955 0.1835 0.1835 0.1835 0.2635 0.2635 0.313 0.313 0.341 0.341 0.3305 0.3305 0.3305 0.3505 0.3505 0.3465 0.3465 0.3465 0.3465 0.3465 0.333 0.333 0.3375 0.3375 0.326 0.326 0.326 0.33 0.33 0.3265 0.3265 0.3095
-1 -1 -1 -1 -1 -1 -1 -1 -1 -1 -1 -1 -1 -1 -1 -1 -1 -1 -1 -1 -1 -1 -1 -1 -1 0.0907 0.0907 0.0907 0.228 0.228 0.2345 0.2345 0.2915 0.2915 0.2915 0.304 0.304 0.212 0.212 0.283 0.283 0.283 0.3195 0.3195 0.3165 0.3165 0.321 0.321 0.321 0.2915 0.2915 0.337 0.337 0.3435 0.3435 0.343 0.343 0.343 0.331 0.331 0.3385 0.3385 0.3385 0.3385 0.3385 0.3165 0.3165 0.3105 0.3105 0.3095 0.3095 0.3095 0.315 0.315 0.3155 0.3155 0.2995
-1 -1 -1 -1 -1 -1 -1 -1 -1 -1 -1 -1 -1 -1 -1 -1 -1 -1 -1 -1 -1 -1 -1 -1 -1 0.0907 0.0907 0.0907 0.228 0.228 0.2345 0.2345 0.2915 0.2915 0.2915 0.304 0.304 0.212 0.212 0.283 0.283 0.283 0.3195 0.3195 0.3165 0.3165 0.321 0.321 0.321 0.2915 0.2915 0.337 0.337 0.3435 0.3435 0.343 0.343 0.343 0.331 0.331 0.3385 0.3385 0.3385 0.3385 0.3385 0.3165 0.3165 0.3105 0.3105 0.3095 0.3095 0.3095 0.315 0.315 0.3155 0.3155 0.2995
-1 -1 -1 -1 -1 -1 -1 -1 -1 -1 -1 -1 -1 -1 -1 -1 -1 -1 -1 -1 -1 -1 -1 -1 -1 0.0907 0.0907 0.0907 0.228 0.228 0.2345 0.2345 0.2915 0.2915 0.2915 0.304 0.304 0.212 0.212 0.283 0.283 0.283 0.3195 0.3195 0.3165 0.3165 0.321 0.321 0.321 0.2915 0.2915 0.337 0.337 0.3435 0.3435 0.343 0.343 0.343 0.331 0.331 0.3385 0.3385 0.3385 0.3385 0.3385 0.3165 0.3165 0.3105 0.3105 0.3095 0.3095 0.3095 0.315 0.315 0.3155 0.3155 0.2995
