ndvi/NOAA-132.asc
ncols         252
nrows         154
xllcorner     -18.017974
yllcorner     13.481982
cellsize      0.035948
NODATA_value  -9999
[rows 102 to 135 of 154, columns 154 to 230 of 252]
0.2365 0.229 0.229 0.219 0.219 0.219 0.2085 0.2085 0.2245 0.2245 0.242 0.242 0.2455 0.2455 0.2455 0.249 0.249 0.259 0.259 0.26 0.26 0.26 0.2535 0.2535 0.2535 0.2535 0.264 0.264 0.264 0.254 0.254 0.274 0.274 0.263 0.263 0.263 0.262 0.262 0.256 0.256 0.2605 0.2605 0.2605 0.2735 0.2735 0.267 0.267 0.2745 0.2745 0.2645 0.2645 0.2645 0.229 0.229 0.2255 0.2255 0.215 0.215 0.215 0.232 0.232 0.234 0.234 0.2385 0.2385 0.2385 0.238 0.238 0.229 0.229 0.233 0.233 0.233 0.247 0.247 0.2715 0.2715
0.217 0.2325 0.2325 0.24 0.24 0.24 0.217 0.217 0.2355 0.2355 0.243 0.243 0.246 0.246 0.246 0.2445 0.2445 0.255 0.255 0.2545 0.2545 0.2545 0.2475 0.2475 0.251 0.251 0.259 0.259 0.259 0.279 0.279 0.275 0.275 0.2715 0.2715 0.2715 0.254 0.254 0.26 0.26 0.259 0.259 0.259 0.269 0.269 0.277 0.277 0.317 0.317 0.304 0.304 0.304 0.2725 0.2725 0.244 0.244 0.2325 0.2325 0.2325 0.2425 0.2425 0.241 0.241 0.2515 0.2515 0.2515 0.2595 0.2595 0.258 0.258 0.241 0.241 0.241 0.2565 0.2565 0.2595 0.2595
0.217 0.2325 0.2325 0.24 0.24 0.24 0.217 0.217 0.2355 0.2355 0.243 0.243 0.246 0.246 0.246 0.2445 0.2445 0.255 0.255 0.2545 0.2545 0.2545 0.2475 0.2475 0.251 0.251 0.259 0.259 0.259 0.279 0.279 0.275 0.275 0.2715 0.2715 0.2715 0.254 0.254 0.26 0.26 0.259 0.259 0.259 0.269 0.269 0.277 0.277 0.317 0.317 0.304 0.304 0.304 0.2725 0.2725 0.244 0.244 0.2325 0.2325 0.2325 0.2425 0.2425 0.241 0.241 0.2515 0.2515 0.2515 0.2595 0.2595 0.258 0.258 0.241 0.241 0.241 0.2565 0.2565 0.2595 0.2595
0.217 0.2325 0.2325 0.24 0.24 0.24 0.217 0.217 0.2355 0.2355 0.243 0.243 0.246 0.246 0.246 0.2445 0.2445 0.255 0.255 0.2545 0.2545 0.2545 0.2475 0.2475 0.251 0.251 0.259 0.259 0.259 0.279 0.279 0.275 0.275 0.2715 0.2715 0.2715 0.254 0.254 0.26 0.26 0.259 0.259 0.259 0.269 0.269 0.277 0.277 0.317 0.317 0.304 0.304 0.304 0.2725 0.2725 0.244 0.244 0.2325 0.2325 0.2325 0.2425 0.2425 0.241 0.241 0.2515 0.2515 0.2515 0.2595 0.2595 0.258 0.258 0.241 0.241 0.241 0.2565 0.2565 0.2595 0.2595
0.2455 0.2515 0.2515 0.255 0.255 0.255 0.2285 0.2285 0.2375 0.2375 0.2535 0.2535 0.25 0.25 0.25 0.2425 0.2425 0.252 0.252 0.2275 0.2275 0.2275 0.2515 0.2515 0.24 0.24 0.2565 0.2565 0.2565 0.265 0.265 0.2835 0.2835 0.3095 0.3095 0.3095 0.284 0.284 0.2715 0.2715 0.294 0.294 0.294 0.322 0.322 0.298 0.298 0.2715 0.2715 0.278 0.278 0.278 0.2935 0.2935 0.369 0.369 0.306 0.306 0.306 0.262 0.262 0.255 0.255 0.2485 0.2485 0.2485 0.2515 0.2515 0.2515 0.2515 0.243 0.243 0.243 0.2685 0.2685 0.267 0.267
0.2455 0.2515 0.2515 0.255 0.255 0.255 0.2285 0.2285 0.2375 0.2375 0.2535 0.2535 0.25 0.25 0.25 0.2425 0.2425 0.252 0.252 0.2275 0.2275 0.2275 0.2515 0.2515 0.24 0.24 0.2565 0.2565 0.2565 0.265 0.265 0.2835 0.2835 0.3095 0.3095 0.3095 0.284 0.284 0.2715 0.2715 0.294 0.294 0.294 0.322 0.322 0.298 0.298 0.2715 0.2715 0.278 0.278 0.278 0.2935 0.2935 0.369 0.369 0.306 0.306 0.306 0.262 0.262 0.255 0.255 0.2485 0.2485 0.2485 0.2515 0.2515 0.2515 0.2515 0.243 0.243 0.243 0.2685 0.2685 0.267 0.267
0.2675 0.2745 0.2745 0.2535 0.2535 0.2535 0.244 0.244 0.253 0.253 0.253 0.253 0.2585 0.2585 0.2585 0.235 0.235 0.241 0.241 0.2215 0.2215 0.2215 0.237 0.237 0.256 0.256 0.2485 0.2485 0.2485 0.2675 0.2675 0.2825 0.2825 0.2905 0.2905 0.2905 0.2975 0.2975 0.2965 0.2965 0.299 0.299 0.299 0.289 0.289 0.288 0.288 0.2755 0.2755 0.2685 0.2685 0.2685 0.275 0.275 0.3025 0.3025 0.3355 0.3355 0.3355 0.2945 0.2945 0.283 0.283 0.266 0.266 0.266 0.2935 0.2935 0.2905 0.2905 0.2705 0.2705 0.2705 0.2865 0.2865 0.3015 0.3015
0.2675 0.2745 0.2745 0.2535 0.2535 0.2535 0.244 0.244 0.253 0.253 0.253 0.253 0.2585 0.2585 0.2585 0.235 0.235 0.241 0.241 0.2215 0.2215 0.2215 0.237 0.237 0.256 0.256 0.2485 0.2485 0.2485 0.2675 0.2675 0.2825 0.2825 0.2905 0.2905 0.2905 0.2975 0.2975 0.2965 0.2965 0.299 0.299 0.299 0.289 0.289 0.288 0.288 0.2755 0.2755 0.2685 0.2685 0.2685 0.275 0.275 0.3025 0.3025 0.3355 0.3355 0.3355 0.2945 0.2945 0.283 0.283 0.266 0.266 0.266 0.2935 0.2935 0.2905 0.2905 0.2705 0.2705 0.2705 0.2865 0.2865 0.3015 0.3015
0.257 0.2735 0.2735 0.2755 0.2755 0.2755 0.273 0.273 0.2645 0.2645 0.254 0.254 0.256 0.256 0.256 0.2525 0.2525 0.2435 0.2435 0.25 0.25 0.25 0.254 0.254 0.268 0.268 0.267 0.267 0.267 0.2675 0.2675 0.276 0.276 0.2815 0.2815 0.2815 0.2835 0.2835 0.3045 0.3045 0.282 0.282 0.282 0.2705 0.2705 0.268 0.268 0.2845 0.2845 0.257 0.257 0.257 0.271 0.271 0.283 0.283 0.288 0.288 0.288 0.285 0.285 0.2735 0.2735 0.2855 0.2855 0.2855 0.302 0.302 0.2875 0.2875 0.2785 0.2785 0.2785 0.2835 0.2835 0.324 0.324
0.257 0.2735 0.2735 0.2755 0.2755 0.2755 0.273 0.273 0.2645 0.2645 0.254 0.254 0.256 0.256 0.256 0.2525 0.2525 0.2435 0.2435 0.25 0.25 0.25 0.254 0.254 0.268 0.268 0.267 0.267 0.267 0.2675 0.2675 0.276 0.276 0.2815 0.2815 0.2815 0.2835 0.2835 0.3045 0.3045 0.282 0.282 0.282 0.2705 0.2705 0.268 0.268 0.2845 0.2845 0.257 0.257 0.257 0.271 0.271 0.283 0.283 0.288 0.288 0.288 0.285 0.285 0.2735 0.2735 0.2855 0.2855 0.2855 0.302 0.302 0.2875 0.2875 0.2785 0.2785 0.2785 0.2835 0.2835 0.324 0.324
0.257 0.2735 0.2735 0.2755 0.2755 0.2755 0.273 0.273 0.2645 0.2645 0.254 0.254 0.256 0.256 0.256 0.2525 0.2525 0.2435 0.2435 0.25 0.25 0.25 0.254 0.254 0.268 0.268 0.267 0.267 0.267 0.2675 0.2675 0.276 0.276 0.2815 0.2815 0.2815 0.2835 0.2835 0.3045 0.3045 0.282 0.282 0.282 0.2705 0.2705 0.268 0.268 0.2845 0.2845 0.257 0.257 0.257 0.271 0.271 0.283 0.283 0.288 0.288 0.288 0.285 0.285 0.2735 0.2735 0.2855 0.2855 0.2855 0.302 0.302 0.2875 0.2875 0.2785 0.2785 0.2785 0.2835 0.2835 0.324 0.324
0.2355 0.258 0.258 0.269 0.269 0.269 0.2745 0.2745 0.262 0.262 0.2645 0.2645 0.263 0.263 0.263 0.282 0.282 0.2745 0.2745 0.2575 0.2575 0.2575 0.255 0.255 0.2585 0.2585 0.2635 0.2635 0.2635 0.2525 0.2525 0.2595 0.2595 0.302 0.302 0.302 0.3145 0.3145 0.2775 0.2775 0.2765 0.2765 0.2765 0.271 0.271 0.267 0.267 0.279 0.279 0.267 0.267 0.267 0.2855 0.2855 0.295 0.295 0.308 0.308 0.308 0.303 0.303 0.303 0.303 0.279 0.279 0.279 0.2785 0.2785 0.275 0.275 0.2835 0.2835 0.2835 0.2835 0.2835 0.296 0.296
0.2355 0.258 0.258 0.269 0.269 0.269 0.2745 0.2745 0.262 0.262 0.2645 0.2645 0.263 0.263 0.263 0.282 0.282 0.2745 0.2745 0.2575 0.2575 0.2575 0.255 0.255 0.2585 0.2585 0.2635 0.2635 0.2635 0.2525 0.2525 0.2595 0.2595 0.302 0.302 0.302 0.3145 0.3145 0.2775 0.2775 0.2765 0.2765 0.2765 0.271 0.271 0.267 0.267 0.279 0.279 0.267 0.267 0.267 0.2855 0.2855 0.295 0.295 0.308 0.308 0.308 0.303 0.303 0.303 0.303 0.279 0.279 0.279 0.2785 0.2785 0.275 0.275 0.2835 0.2835 0.2835 0.2835 0.2835 0.296 0.296
0.239 0.254 0.254 0.2515 0.2515 0.2515 0.277 0.277 0.2615 0.2615 0.257 0.257 0.2645 0.2645 0.2645 0.2625 0.2625 0.279 0.279 0.2625 0.2625 0.2625 0.2665 0.2665 0.261 0.261 0.2595 0.2595 0.2595 0.26 0.26 0.276 0.276 0.283 0.283 0.283 0.2635 0.2635 0.261 0.261 0.267 0.267 0.267 0.2765 0.2765 0.278 0.278 0.27 0.27 0.279 0.279 0.279 0.275 0.275 0.299 0.299 0.3315 0.3315 0.3315 0.322 0.322 0.295 0.295 0.3015 0.3015 0.3015 0.2925 0.2925 0.2775 0.2775 0.286 0.286 0.286 0.28 0.28 0.2975 0.2975
0.239 0.254 0.254 0.2515 0.2515 0.2515 0.277 0.277 0.2615 0.2615 0.257 0.257 0.2645 0.2645 0.2645 0.2625 0.2625 0.279 0.279 0.2625 0.2625 0.2625 0.2665 0.2665 0.261 0.261 0.2595 0.2595 0.2595 0.26 0.26 0.276 0.276 0.283 0.283 0.283 0.2635 0.2635 0.261 0.261 0.267 0.267 0.267 0.2765 0.2765 0.278 0.278 0.27 0.27 0.279 0.279 0.279 0.275 0.275 0.299 0.299 0.3315 0.3315 0.3315 0.322 0.322 0.295 0.295 0.3015 0.3015 0.3015 0.2925 0.2925 0.2775 0.2775 0.286 0.286 0.286 0.28 0.28 0.2975 0.2975
0.2675 0.257 0.257 0.2615 0.2615 0.2615 0.2635 0.2635 0.244 0.244 0.2785 0.2785 0.2835 0.2835 0.2835 0.288 0.288 0.2645 0.2645 0.2645 0.2645 0.2645 0.2605 0.2605 0.2565 0.2565 0.2605 0.2605 0.2605 0.2615 0.2615 0.285 0.285 0.265 0.265 0.265 0.2285 0.2285 0.2755 0.2755 0.289 0.289 0.289 0.317 0.317 0.315 0.315 0.292 0.292 0.28 0.28 0.28 0.3055 0.3055 0.308 0.308 0.3125 0.3125 0.3125 0.314 0.314 0.321 0.321 0.311 0.311 0.311 0.3005 0.3005 0.269 0.269 0.3 0.3 0.3 0.284 0.284 0.2915 0.2915
0.2675 0.257 0.257 0.2615 0.2615 0.2615 0.2635 0.2635 0.244 0.244 0.2785 0.2785 0.2835 0.2835 0.2835 0.288 0.288 0.2645 0.2645 0.2645 0.2645 0.2645 0.2605 0.2605 0.2565 0.2565 0.2605 0.2605 0.2605 0.2615 0.2615 0.285 0.285 0.265 0.265 0.265 0.2285 0.2285 0.2755 0.2755 0.289 0.289 0.289 0.317 0.317 0.315 0.315 0.292 0.292 0.28 0.28 0.28 0.3055 0.3055 0.308 0.308 0.3125 0.3125 0.3125 0.314 0.314 0.321 0.321 0.311 0.311 0.311 0.3005 0.3005 0.269 0.269 0.3 0.3 0.3 0.284 0.284 0.2915 0.2915
0.2675 0.257 0.257 0.2615 0.2615 0.2615 0.2635 0.2635 0.244 0.244 0.2785 0.2785 0.2835 0.2835 0.2835 0.288 0.288 0.2645 0.2645 0.2645 0.2645 0.2645 0.2605 0.2605 0.2565 0.2565 0.2605 0.2605 0.2605 0.2615 0.2615 0.285 0.285 0.265 0.265 0.265 0.2285 0.2285 0.2755 0.2755 0.289 0.289 0.289 0.317 0.317 0.315 0.315 0.292 0.292 0.28 0.28 0.28 0.3055 0.3055 0.308 0.308 0.3125 0.3125 0.3125 0.314 0.314 0.321 0.321 0.311 0.311 0.311 0.3005 0.3005 0.269 0.269 0.3 0.3 0.3 0.284 0.284 0.2915 0.2915
0.2665 0.272 0.272 0.277 0.277 0.277 0.2715 0.2715 0.2685 0.2685 0.2795 0.2795 0.287 0.287 0.287 0.291 0.291 0.307 0.307 0.32 0.32 0.32 0.3035 0.3035 0.2985 0.2985 0.2825 0.2825 0.2825 0.2515 0.2515 0.266 0.266 0.2655 0.2655 0.2655 0.2655 0.2655 0.2875 0.2875 0.3035 0.3035 0.3035 0.3095 0.3095 0.311 0.311 0.282 0.282 0.2905 0.2905 0.2905 0.316 0.316 0.318 0.318 0.3075 0.3075 0.3075 0.311 0.311 0.322 0.322 0.323 0.323 0.323 0.3195 0.3195 0.3005 0.3005 0.317 0.317 0.317 0.299 0.299 0.2905 0.2905
0.2665 0.272 0.272 0.277 0.277 0.277 0.2715 0.2715 0.2685 0.2685 0.2795 0.2795 0.287 0.287 0.287 0.291 0.291 0.307 0.307 0.32 0.32 0.32 0.3035 0.3035 0.2985 0.2985 0.2825 0.2825 0.2825 0.2515 0.2515 0.266 0.266 0.2655 0.2655 0.2655 0.2655 0.2655 0.2875 0.2875 0.3035 0.3035 0.3035 0.3095 0.3095 0.311 0.311 0.282 0.282 0.2905 0.2905 0.2905 0.316 0.316 0.318 0.318 0.3075 0.3075 0.3075 0.311 0.311 0.322 0.322 0.323 0.323 0.323 0.3195 0.3195 0.3005 0.3005 0.317 0.317 0.317 0.299 0.299 0.2905 0.2905
0.281 0.2805 0.2805 0.282 0.282 0.282 0.266 0.266 0.275 0.275 0.2785 0.2785 0.2875 0.2875 0.2875 0.3075 0.3075 0.2965 0.2965 0.304 0.304 0.304 0.32 0.32 0.3255 0.3255 0.2865 0.2865 0.2865 0.2675 0.2675 0.2585 0.2585 0.2895 0.2895 0.2895 0.2765 0.2765 0.284 0.284 0.284 0.284 0.284 0.3035 0.3035 0.3255 0.3255 0.3065 0.3065 0.319 0.319 0.319 0.3315 0.3315 0.326 0.326 0.3175 0.3175 0.3175 0.316 0.316 0.3085 0.3085 0.3295 0.3295 0.3295 0.313 0.313 0.3125 0.3125 0.3195 0.3195 0.3195 0.307 0.307 0.3205 0.3205
0.281 0.2805 0.2805 0.282 0.282 0.282 0.266 0.266 0.275 0.275 0.2785 0.2785 0.2875 0.2875 0.2875 0.3075 0.3075 0.2965 0.2965 0.304 0.304 0.304 0.32 0.32 0.3255 0.3255 0.2865 0.2865 0.2865 0.2675 0.2675 0.2585 0.2585 0.2895 0.2895 0.2895 0.2765 0.2765 0.284 0.284 0.284 0.284 0.284 0.3035 0.3035 0.3255 0.3255 0.3065 0.3065 0.319 0.319 0.319 0.3315 0.3315 0.326 0.326 0.3175 0.3175 0.3175 0.316 0.316 0.3085 0.3085 0.3295 0.3295 0.3295 0.313 0.313 0.3125 0.3125 0.3195 0.3195 0.3195 0.307 0.307 0.3205 0.3205
0.3035 0.297 0.297 0.2955 0.2955 0.2955 0.2825 0.2825 0.275 0.275 0.294 0.294 0.291 0.291 0.291 0.3085 0.3085 0.303 0.303 0.306 0.306 0.306 0.309 0.309 0.325 0.325 0.297 0.297 0.297 0.271 0.271 0.29 0.29 0.269 0.269 0.269 0.276 0.276 0.2985 0.2985 0.2985 0.2985 0.2985 0.2825 0.2825 0.316 0.316 0.31 0.31 0.3165 0.3165 0.3165 0.336 0.336 0.319 0.319 0.318 0.318 0.318 0.3245 0.3245 0.3095 0.3095 0.308 0.308 0.308 0.299 0.299 0.3155 0.3155 0.3205 0.3205 0.3205 0.315 0.315 0.3145 0.3145
0.3035 0.297 0.297 0.2955 0.2955 0.2955 0.2825 0.2825 0.275 0.275 0.294 0.294 0.291 0.291 0.291 0.3085 0.3085 0.303 0.303 0.306 0.306 0.306 0.309 0.309 0.325 0.325 0.297 0.297 0.297 0.271 0.271 0.29 0.29 0.269 0.269 0.269 0.276 0.276 0.2985 0.2985 0.2985 0.2985 0.2985 0.2825 0.2825 0.316 0.316 0.31 0.31 0.3165 0.3165 0.3165 0.336 0.336 0.319 0.319 0.318 0.318 0.318 0.3245 0.3245 0.3095 0.3095 0.308 0.308 0.308 0.299 0.299 0.3155 0.3155 0.3205 0.3205 0.3205 0.315 0.315 0.3145 0.3145
0.29 0.295 0.295 0.2835 0.2835 0.2835 0.2555 0.2555 0.2935 0.2935 0.299 0.299 0.295 0.295 0.295 0.3115 0.3115 0.2945 0.2945 0.3115 0.3115 0.3115 0.308 0.308 0.2945 0.2945 0.3045 0.3045 0.3045 0.2975 0.2975 0.294 0.294 0.2815 0.2815 0.2815 0.26 0.26 0.293 0.293 0.2935 0.2935 0.2935 0.3185 0.3185 0.3615 0.3615 0.3415 0.3415 0.3495 0.3495 0.3495 0.3285 0.3285 0.327 0.327 0.3255 0.3255 0.3255 0.3025 0.3025 0.3275 0.3275 0.3165 0.3165 0.3165 0.31 0.31 0.326 0.326 0.32 0.32 0.32 0.3025 0.3025 0.309 0.309
0.29 0.295 0.295 0.2835 0.2835 0.2835 0.2555 0.2555 0.2935 0.2935 0.299 0.299 0.295 0.295 0.295 0.3115 0.3115 0.2945 0.2945 0.3115 0.3115 0.3115 0.308 0.308 0.2945 0.2945 0.3045 0.3045 0.3045 0.2975 0.2975 0.294 0.294 0.2815 0.2815 0.2815 0.26 0.26 0.293 0.293 0.2935 0.2935 0.2935 0.3185 0.3185 0.3615 0.3615 0.3415 0.3415 0.3495 0.3495 0.3495 0.3285 0.3285 0.327 0.327 0.3255 0.3255 0.3255 0.3025 0.3025 0.3275 0.3275 0.3165 0.3165 0.3165 0.31 0.31 0.326 0.326 0.32 0.32 0.32 0.3025 0.3025 0.309 0.309
0.29 0.295 0.295 0.2835 0.2835 0.2835 0.2555 0.2555 0.2935 0.2935 0.299 0.299 0.295 0.295 0.295 0.3115 0.3115 0.2945 0.2945 0.3115 0.3115 0.3115 0.308 0.308 0.2945 0.2945 0.3045 0.3045 0.3045 0.2975 0.2975 0.294 0.294 0.2815 0.2815 0.2815 0.26 0.26 0.293 0.293 0.2935 0.2935 0.2935 0.3185 0.3185 0.3615 0.3615 0.3415 0.3415 0.3495 0.3495 0.3495 0.3285 0.3285 0.327 0.327 0.3255 0.3255 0.3255 0.3025 0.3025 0.3275 0.3275 0.3165 0.3165 0.3165 0.31 0.31 0.326 0.326 0.32 0.32 0.32 0.3025 0.3025 0.309 0.309
0.3005 0.3225 0.3225 0.2755 0.2755 0.2755 0.276 0.276 0.2865 0.2865 0.345 0.345 0.3075 0.3075 0.3075 0.308 0.308 0.2965 0.2965 0.3035 0.3035 0.3035 0.288 0.288 0.2955 0.2955 0.3145 0.3145 0.3145 0.3005 0.3005 0.31 0.31 0.287 0.287 0.287 0.28 0.28 0.306 0.306 0.315 0.315 0.315 0.333 0.333 0.3685 0.3685 0.361 0.361 0.3515 0.3515 0.3515 0.352 0.352 0.3325 0.3325 0.3335 0.3335 0.3335 0.358 0.358 0.351 0.351 0.357 0.357 0.357 0.3335 0.3335 0.3325 0.3325 0.328 0.328 0.328 0.3025 0.3025 0.3115 0.3115
0.3005 0.3225 0.3225 0.2755 0.2755 0.2755 0.276 0.276 0.2865 0.2865 0.345 0.345 0.3075 0.3075 0.3075 0.308 0.308 0.2965 0.2965 0.3035 0.3035 0.3035 0.288 0.288 0.2955 0.2955 0.3145 0.3145 0.3145 0.3005 0.3005 0.31 0.31 0.287 0.287 0.287 0.28 0.28 0.306 0.306 0.315 0.315 0.315 0.333 0.333 0.3685 0.3685 0.361 0.361 0.3515 0.3515 0.3515 0.352 0.352 0.3325 0.3325 0.3335 0.3335 0.3335 0.358 0.358 0.351 0.351 0.357 0.357 0.357 0.3335 0.3335 0.3325 0.3325 0.328 0.328 0.328 0.3025 0.3025 0.3115 0.3115
0.3255 0.336 0.336 0.34 0.34 0.34 0.284 0.284 0.2875 0.2875 0.3155 0.3155 0.3045 0.3045 0.3045 0.31 0.31 0.302 0.302 0.3025 0.3025 0.3025 0.308 0.308 0.323 0.323 0.3175 0.3175 0.3175 0.3285 0.3285 0.3145 0.3145 0.3095 0.3095 0.3095 0.306 0.306 0.3175 0.3175 0.3165 0.3165 0.3165 0.36 0.36 0.3655 0.3655 0.3645 0.3645 0.3901 0.3901 0.3901 0.3625 0.3625 0.3715 0.3715 0.3645 0.3645 0.3645 0.36 0.36 0.3695 0.3695 0.335 0.335 0.335 0.3435 0.3435 0.3175 0.3175 0.3155 0.3155 0.3155 0.2945 0.2945 0.3015 0.3015
0.3255 0.336 0.336 0.34 0.34 0.34 0.284 0.284 0.2875 0.2875 0.3155 0.3155 0.3045 0.3045 0.3045 0.31 0.31 0.302 0.302 0.3025 0.3025 0.3025 0.308 0.308 0.323 0.323 0.3175 0.3175 0.3175 0.3285 0.3285 0.3145 0.3145 0.3095 0.3095 0.3095 0.306 0.306 0.3175 0.3175 0.3165 0.3165 0.3165 0.36 0.36 0.3655 0.3655 0.3645 0.3645 0.3901 0.3901 0.3901 0.3625 0.3625 0.3715 0.3715 0.3645 0.3645 0.3645 0.36 0.36 0.3695 0.3695 0.335 0.335 0.335 0.3435 0.3435 0.3175 0.3175 0.3155 0.3155 0.3155 0.2945 0.2945 0.3015 0.3015
0.337 0.3555 0.3555 0.3015 0.3015 0.3015 0.2875 0.2875 0.298 0.298 0.3045 0.3045 0.325 0.325 0.325 0.3275 0.3275 0.3025 0.3025 0.3185 0.3185 0.3185 0.323 0.323 0.3105 0.3105 0.3245 0.3245 0.3245 0.3205 0.3205 0.322 0.322 0.308 0.308 0.308 0.319 0.319 0.3055 0.3055 0.2925 0.2925 0.2925 0.3065 0.3065 0.3906 0.3906 0.361 0.361 0.3335 0.3335 0.3335 0.3395 0.3395 0.349 0.349 0.338 0.338 0.338 0.373 0.373 0.3725 0.3725 0.3305 0.3305 0.3305 0.3375 0.3375 0.326 0.326 0.3115 0.3115 0.3115 0.303 0.303 0.3205 0.3205
0.337 0.3555 0.3555 0.3015 0.3015 0.3015 0.2875 0.2875 0.298 0.298 0.3045 0.3045 0.325 0.325 0.325 0.3275 0.3275 0.3025 0.3025 0.3185 0.3185 0.3185 0.323 0.323 0.3105 0.3105 0.3245 0.3245 0.3245 0.3205 0.3205 0.322 0.322 0.308 0.308 0.308 0.319 0.319 0.3055 0.3055 0.2925 0.2925 0.2925 0.3065 0.3065 0.3906 0.3906 0.361 0.361 0.3335 0.3335 0.3335 0.3395 0.3395 0.349 0.349 0.338 0.338 0.338 0.373 0.373 0.3725 0.3725 0.3305 0.3305 0.3305 0.3375 0.3375 0.326 0.326 0.3115 0.3115 0.3115 0.303 0.303 0.3205 0.3205
0.337 0.3555 0.3555 0.3015 0.3015 0.3015 0.2875 0.2875 0.298 0.298 0.3045 0.3045 0.325 0.325 0.325 0.3275 0.3275 0.3025 0.3025 0.3185 0.3185 0.3185 0.323 0.323 0.3105 0.3105 0.3245 0.3245 0.3245 0.3205 0.3205 0.322 0.322 0.308 0.308 0.308 0.319 0.319 0.3055 0.3055 0.2925 0.2925 0.2925 0.3065 0.3065 0.3906 0.3906 0.361 0.361 0.3335 0.3335 0.3335 0.3395 0.3395 0.349 0.349 0.338 0.338 0.338 0.373 0.373 0.3725 0.3725 0.3305 0.3305 0.3305 0.3375 0.3375 0.326 0.326 0.3115 0.3115 0.3115 0.303 0.303 0.3205 0.3205
