ndvi/NOAA-122.asc
ncols         252
nrows         154
xllcorner     -18.017974
yllcorner     13.481982
cellsize      0.035948
NODATA_value  -9999
[rows 105 to 139 of 154, columns 0 to 76 of 252]
-1 -1 -1 -1 -1 -1 -1 -1 -1 -1 -1 -1 -1 -1 -1 -1 -1 -1 -1 -1 -1 -1 -1 -0.0043 -0.0043 0.1575 0.1575 0.1575 0.2785 0.2785 0.248 0.248 0.2145 0.2145 0.2145 0.224 0.224 0.241 0.241 0.2475 0.2475 0.2475 0.2395 0.2395 0.243 0.243 0.245 0.245 0.245 0.2485 0.2485 0.253 0.253 0.2575 0.2575 0.2545 0.2545 0.2545 0.265 0.265 0.2555 0.2555 0.2555 0.2555 0.2555 0.238 0.238 0.234 0.234 0.231 0.231 0.231 0.217 0.217 0.2225 0.2225 0.227
-1 -1 -1 -1 -1 -1 -1 -1 -1 -1 -1 -1 -1 -1 -1 -1 -1 -1 -1 -1 -1 0.0077 0.0077 0.1385 0.1385 0.284 0.284 0.284 0.267 0.267 0.2445 0.2445 0.252 0.252 0.252 0.24 0.24 0.253 0.253 0.2615 0.2615 0.2615 0.2535 0.2535 0.2475 0.2475 0.239 0.239 0.239 0.2405 0.2405 0.2445 0.2445 0.2435 0.2435 0.2475 0.2475 0.2475 0.251 0.251 0.25 0.25 0.25 0.25 0.25 0.2465 0.2465 0.237 0.237 0.231 0.231 0.231 0.2465 0.2465 0.2415 0.2415 0.221
-1 -1 -1 -1 -1 -1 -1 -1 -1 -1 -1 -1 -1 -1 -1 -1 -1 -1 -1 -1 -1 0.0077 0.0077 0.1385 0.1385 0.284 0.284 0.284 0.267 0.267 0.2445 0.2445 0.252 0.252 0.252 0.24 0.24 0.253 0.253 0.2615 0.2615 0.2615 0.2535 0.2535 0.2475 0.2475 0.239 0.239 0.239 0.2405 0.2405 0.2445 0.2445 0.2435 0.2435 0.2475 0.2475 0.2475 0.251 0.251 0.25 0.25 0.25 0.25 0.25 0.2465 0.2465 0.237 0.237 0.231 0.231 0.231 0.2465 0.2465 0.2415 0.2415 0.221
-1 -1 -1 -1 -1 -1 -1 -1 -1 -1 -1 -1 -1 -1 -1 -1 -1 -1 -1 -1 -1 0.1346 0.1346 0.291 0.291 0.2625 0.2625 0.2625 0.2685 0.2685 0.2475 0.2475 0.245 0.245 0.245 0.2465 0.2465 0.2505 0.2505 0.256 0.256 0.256 0.2545 0.2545 0.264 0.264 0.274 0.274 0.274 0.246 0.246 0.25 0.25 0.231 0.231 0.2405 0.2405 0.2405 0.2435 0.2435 0.255 0.255 0.255 0.255 0.255 0.246 0.246 0.2435 0.2435 0.2345 0.2345 0.2345 0.25 0.25 0.2445 0.2445 0.234
-1 -1 -1 -1 -1 -1 -1 -1 -1 -1 -1 -1 -1 -1 -1 -1 -1 -1 -1 -1 -1 0.1346 0.1346 0.291 0.291 0.2625 0.2625 0.2625 0.2685 0.2685 0.2475 0.2475 0.245 0.245 0.245 0.2465 0.2465 0.2505 0.2505 0.256 0.256 0.256 0.2545 0.2545 0.264 0.264 0.274 0.274 0.274 0.246 0.246 0.25 0.25 0.231 0.231 0.2405 0.2405 0.2405 0.2435 0.2435 0.255 0.255 0.255 0.255 0.255 0.246 0.246 0.2435 0.2435 0.2345 0.2345 0.2345 0.25 0.25 0.2445 0.2445 0.234
-1 -1 -1 -1 -1 -1 -1 -1 -1 -1 -1 -1 -1 -1 -1 -1 -1 -1 0.1426 0.1426 0.1426 0.292 0.292 0.2925 0.2925 0.291 0.291 0.291 0.265 0.265 0.258 0.258 0.236 0.236 0.236 0.247 0.247 0.2465 0.2465 0.254 0.254 0.254 0.2595 0.2595 0.2525 0.2525 0.2595 0.2595 0.2595 0.259 0.259 0.256 0.256 0.2435 0.2435 0.238 0.238 0.238 0.2485 0.2485 0.252 0.252 0.252 0.252 0.252 0.242 0.242 0.251 0.251 0.232 0.232 0.232 0.238 0.238 0.237 0.237 0.256
-1 -1 -1 -1 -1 -1 -1 -1 -1 -1 -1 -1 -1 -1 -1 -1 -1 -1 0.1426 0.1426 0.1426 0.292 0.292 0.2925 0.2925 0.291 0.291 0.291 0.265 0.265 0.258 0.258 0.236 0.236 0.236 0.247 0.247 0.2465 0.2465 0.254 0.254 0.254 0.2595 0.2595 0.2525 0.2525 0.2595 0.2595 0.2595 0.259 0.259 0.256 0.256 0.2435 0.2435 0.238 0.238 0.238 0.2485 0.2485 0.252 0.252 0.252 0.252 0.252 0.242 0.242 0.251 0.251 0.232 0.232 0.232 0.238 0.238 0.237 0.237 0.256
-1 -1 -1 -1 -1 -1 -1 -1 -1 -1 -1 -1 -1 -1 -1 -1 -1 -1 0.1426 0.1426 0.1426 0.292 0.292 0.2925 0.2925 0.291 0.291 0.291 0.265 0.265 0.258 0.258 0.236 0.236 0.236 0.247 0.247 0.2465 0.2465 0.254 0.254 0.254 0.2595 0.2595 0.2525 0.2525 0.2595 0.2595 0.2595 0.259 0.259 0.256 0.256 0.2435 0.2435 0.238 0.238 0.238 0.2485 0.2485 0.252 0.252 0.252 0.252 0.252 0.242 0.242 0.251 0.251 0.232 0.232 0.232 0.238 0.238 0.237 0.237 0.256
-1 -1 -1 -1 -1 -1 -1 -1 -1 -1 -1 -1 -1 -1 -1 -1 0.2267 0.2267 0.3365 0.3365 0.3365 0.325 0.325 0.2935 0.2935 0.264 0.264 0.264 0.276 0.276 0.263 0.263 0.2525 0.2525 0.2525 0.257 0.257 0.2555 0.2555 0.2585 0.2585 0.2585 0.24 0.24 0.2365 0.2365 0.2575 0.2575 0.2575 0.262 0.262 0.2565 0.2565 0.246 0.246 0.2475 0.2475 0.2475 0.264 0.264 0.2545 0.2545 0.2545 0.2545 0.2545 0.2595 0.2595 0.243 0.243 0.2445 0.2445 0.2445 0.258 0.258 0.2545 0.2545 0.249
-1 -1 -1 -1 -1 -1 -1 -1 -1 -1 -1 -1 -1 -1 -1 -1 0.2267 0.2267 0.3365 0.3365 0.3365 0.325 0.325 0.2935 0.2935 0.264 0.264 0.264 0.276 0.276 0.263 0.263 0.2525 0.2525 0.2525 0.257 0.257 0.2555 0.2555 0.2585 0.2585 0.2585 0.24 0.24 0.2365 0.2365 0.2575 0.2575 0.2575 0.262 0.262 0.2565 0.2565 0.246 0.246 0.2475 0.2475 0.2475 0.264 0.264 0.2545 0.2545 0.2545 0.2545 0.2545 0.2595 0.2595 0.243 0.243 0.2445 0.2445 0.2445 0.258 0.258 0.2545 0.2545 0.249
-1 -1 -1 -1 -1 -1 -1 -1 -1 -1 -1 -1 0.1902 0.1902 0.1561 0.1561 0.1835 0.1835 0.3285 0.3285 0.3285 0.331 0.331 0.3235 0.3235 0.2845 0.2845 0.2845 0.2685 0.2685 0.281 0.281 0.2535 0.2535 0.2535 0.265 0.265 0.2745 0.2745 0.2735 0.2735 0.2735 0.27 0.27 0.2625 0.2625 0.2545 0.2545 0.2545 0.243 0.243 0.245 0.245 0.2535 0.2535 0.2605 0.2605 0.2605 0.2665 0.2665 0.27 0.27 0.27 0.27 0.27 0.257 0.257 0.237 0.237 0.236 0.236 0.236 0.245 0.245 0.2505 0.2505 0.2665
-1 -1 -1 -1 -1 -1 -1 -1 -1 -1 -1 -1 0.1902 0.1902 0.1561 0.1561 0.1835 0.1835 0.3285 0.3285 0.3285 0.331 0.331 0.3235 0.3235 0.2845 0.2845 0.2845 0.2685 0.2685 0.281 0.281 0.2535 0.2535 0.2535 0.265 0.265 0.2745 0.2745 0.2735 0.2735 0.2735 0.27 0.27 0.2625 0.2625 0.2545 0.2545 0.2545 0.243 0.243 0.245 0.245 0.2535 0.2535 0.2605 0.2605 0.2605 0.2665 0.2665 0.27 0.27 0.27 0.27 0.27 0.257 0.257 0.237 0.237 0.236 0.236 0.236 0.245 0.245 0.2505 0.2505 0.2665
-1 -1 -1 -1 -1 -1 -1 -1 -1 0.1612 0.1612 0.1612 0.118 0.118 0.1255 0.1255 0.1361 0.1361 0.098 0.098 0.098 0.2655 0.2655 0.2825 0.2825 0.2845 0.2845 0.2845 0.2875 0.2875 0.2795 0.2795 0.2645 0.2645 0.2645 0.2535 0.2535 0.2675 0.2675 0.263 0.263 0.263 0.2665 0.2665 0.257 0.257 0.246 0.246 0.246 0.246 0.246 0.244 0.244 0.248 0.248 0.253 0.253 0.253 0.2595 0.2595 0.269 0.269 0.269 0.269 0.269 0.257 0.257 0.264 0.264 0.252 0.252 0.252 0.2425 0.2425 0.2525 0.2525 0.26
-1 -1 -1 -1 -1 -1 -1 -1 -1 0.1612 0.1612 0.1612 0.118 0.118 0.1255 0.1255 0.1361 0.1361 0.098 0.098 0.098 0.2655 0.2655 0.2825 0.2825 0.2845 0.2845 0.2845 0.2875 0.2875 0.2795 0.2795 0.2645 0.2645 0.2645 0.2535 0.2535 0.2675 0.2675 0.263 0.263 0.263 0.2665 0.2665 0.257 0.257 0.246 0.246 0.246 0.246 0.246 0.244 0.244 0.248 0.248 0.253 0.253 0.253 0.2595 0.2595 0.269 0.269 0.269 0.269 0.269 0.257 0.257 0.264 0.264 0.252 0.252 0.252 0.2425 0.2425 0.2525 0.2525 0.26
-1 -1 -1 -1 -1 -1 -1 -1 -1 0.1612 0.1612 0.1612 0.118 0.118 0.1255 0.1255 0.1361 0.1361 0.098 0.098 0.098 0.2655 0.2655 0.2825 0.2825 0.2845 0.2845 0.2845 0.2875 0.2875 0.2795 0.2795 0.2645 0.2645 0.2645 0.2535 0.2535 0.2675 0.2675 0.263 0.263 0.263 0.2665 0.2665 0.257 0.257 0.246 0.246 0.246 0.246 0.246 0.244 0.244 0.248 0.248 0.253 0.253 0.253 0.2595 0.2595 0.269 0.269 0.269 0.269 0.269 0.257 0.257 0.264 0.264 0.252 0.252 0.252 0.2425 0.2425 0.2525 0.2525 0.26
-1 -1 -1 -1 -1 -1 -1 -1 -1 -1 -1 -1 0.1307 0.1307 0.1727 0.1727 0.1892 0.1892 0.0992 0.0992 0.0992 0.225 0.225 0.2805 0.2805 0.273 0.273 0.273 0.274 0.274 0.2655 0.2655 0.247 0.247 0.247 0.2545 0.2545 0.2615 0.2615 0.2635 0.2635 0.2635 0.2635 0.2635 0.26 0.26 0.266 0.266 0.266 0.2495 0.2495 0.2425 0.2425 0.251 0.251 0.249 0.249 0.249 0.259 0.259 0.259 0.259 0.259 0.259 0.259 0.2475 0.2475 0.253 0.253 0.2495 0.2495 0.2495 0.2735 0.2735 0.2565 0.2565 0.2555
-1 -1 -1 -1 -1 -1 -1 -1 -1 -1 -1 -1 0.1307 0.1307 0.1727 0.1727 0.1892 0.1892 0.0992 0.0992 0.0992 0.225 0.225 0.2805 0.2805 0.273 0.273 0.273 0.274 0.274 0.2655 0.2655 0.247 0.247 0.247 0.2545 0.2545 0.2615 0.2615 0.2635 0.2635 0.2635 0.2635 0.2635 0.26 0.26 0.266 0.266 0.266 0.2495 0.2495 0.2425 0.2425 0.251 0.251 0.249 0.249 0.249 0.259 0.259 0.259 0.259 0.259 0.259 0.259 0.2475 0.2475 0.253 0.253 0.2495 0.2495 0.2495 0.2735 0.2735 0.2565 0.2565 0.2555
-1 -1 -1 -1 -1 -1 -1 -1 -1 -1 -1 -1 -1 -1 -1 -1 -1 -1 0.1827 0.1827 0.1827 0.209 0.209 0.2295 0.2295 0.2515 0.2515 0.2515 0.276 0.276 0.2655 0.2655 0.2445 0.2445 0.2445 0.2455 0.2455 0.247 0.247 0.242 0.242 0.242 0.2455 0.2455 0.246 0.246 0.276 0.276 0.276 0.26 0.26 0.265 0.265 0.255 0.255 0.2605 0.2605 0.2605 0.2575 0.2575 0.2535 0.2535 0.2535 0.2535 0.2535 0.2535 0.2535 0.2505 0.2505 0.2575 0.2575 0.2575 0.2625 0.2625 0.256 0.256 0.2515
-1 -1 -1 -1 -1 -1 -1 -1 -1 -1 -1 -1 -1 -1 -1 -1 -1 -1 0.1827 0.1827 0.1827 0.209 0.209 0.2295 0.2295 0.2515 0.2515 0.2515 0.276 0.276 0.2655 0.2655 0.2445 0.2445 0.2445 0.2455 0.2455 0.247 0.247 0.242 0.242 0.242 0.2455 0.2455 0.246 0.246 0.276 0.276 0.276 0.26 0.26 0.265 0.265 0.255 0.255 0.2605 0.2605 0.2605 0.2575 0.2575 0.2535 0.2535 0.2535 0.2535 0.2535 0.2535 0.2535 0.2505 0.2505 0.2575 0.2575 0.2575 0.2625 0.2625 0.256 0.256 0.2515
-1 -1 -1 -1 -1 -1 -1 -1 -1 -1 -1 -1 -1 -1 -1 -1 -1 -1 -1 -1 -1 0.2062 0.2062 0.08849999 0.08849999 0.2605 0.2605 0.2605 0.27 0.27 0.2725 0.2725 0.251 0.251 0.251 0.2405 0.2405 0.2475 0.2475 0.234 0.234 0.234 0.241 0.241 0.2505 0.2505 0.2755 0.2755 0.2755 0.2645 0.2645 0.2635 0.2635 0.263 0.263 0.2695 0.2695 0.2695 0.2755 0.2755 0.258 0.258 0.258 0.258 0.258 0.25 0.25 0.2585 0.2585 0.2585 0.2585 0.2585 0.2535 0.2535 0.266 0.266 0.2755
-1 -1 -1 -1 -1 -1 -1 -1 -1 -1 -1 -1 -1 -1 -1 -1 -1 -1 -1 -1 -1 0.2062 0.2062 0.08849999 0.08849999 0.2605 0.2605 0.2605 0.27 0.27 0.2725 0.2725 0.251 0.251 0.251 0.2405 0.2405 0.2475 0.2475 0.234 0.234 0.234 0.241 0.241 0.2505 0.2505 0.2755 0.2755 0.2755 0.2645 0.2645 0.2635 0.2635 0.263 0.263 0.2695 0.2695 0.2695 0.2755 0.2755 0.258 0.258 0.258 0.258 0.258 0.25 0.25 0.2585 0.2585 0.2585 0.2585 0.2585 0.2535 0.2535 0.266 0.266 0.2755
-1 -1 -1 -1 -1 -1 -1 -1 -1 -1 -1 -1 -1 -1 -1 -1 -1 -1 -1 -1 -1 0.1512 0.1512 0.1132 0.1132 0.176 0.176 0.176 0.26 0.26 0.279 0.279 0.278 0.278 0.278 0.266 0.266 0.23 0.23 0.206 0.206 0.206 0.2005 0.2005 0.237 0.237 0.2545 0.2545 0.2545 0.249 0.249 0.2725 0.2725 0.278 0.278 0.2805 0.2805 0.2805 0.2825 0.2825 0.265 0.265 0.265 0.265 0.265 0.2685 0.2685 0.263 0.263 0.28 0.28 0.28 0.263 0.263 0.2625 0.2625 0.279
-1 -1 -1 -1 -1 -1 -1 -1 -1 -1 -1 -1 -1 -1 -1 -1 -1 -1 -1 -1 -1 0.1512 0.1512 0.1132 0.1132 0.176 0.176 0.176 0.26 0.26 0.279 0.279 0.278 0.278 0.278 0.266 0.266 0.23 0.23 0.206 0.206 0.206 0.2005 0.2005 0.237 0.237 0.2545 0.2545 0.2545 0.249 0.249 0.2725 0.2725 0.278 0.278 0.2805 0.2805 0.2805 0.2825 0.2825 0.265 0.265 0.265 0.265 0.265 0.2685 0.2685 0.263 0.263 0.28 0.28 0.28 0.263 0.263 0.2625 0.2625 0.279
-1 -1 -1 -1 -1 -1 -1 -1 -1 -1 -1 -1 -1 -1 -1 -1 -1 -1 -1 -1 -1 0.1512 0.1512 0.1132 0.1132 0.176 0.176 0.176 0.26 0.26 0.279 0.279 0.278 0.278 0.278 0.266 0.266 0.23 0.23 0.206 0.206 0.206 0.2005 0.2005 0.237 0.237 0.2545 0.2545 0.2545 0.249 0.249 0.2725 0.2725 0.278 0.278 0.2805 0.2805 0.2805 0.2825 0.2825 0.265 0.265 0.265 0.265 0.265 0.2685 0.2685 0.263 0.263 0.28 0.28 0.28 0.263 0.263 0.2625 0.2625 0.279
-1 -1 -1 -1 -1 -1 -1 -1 -1 -1 -1 -1 -1 -1 -1 -1 -1 -1 -1 -1 -1 -1 -1 0.2092 0.2092 0.055 0.055 0.055 0.258 0.258 0.2855 0.2855 0.277 0.277 0.277 0.25 0.25 0.1815 0.1815 0.127 0.127 0.127 0.1815 0.1815 0.234 0.234 0.2435 0.2435 0.2435 0.2615 0.2615 0.2865 0.2865 0.2845 0.2845 0.286 0.286 0.286 0.2685 0.2685 0.265 0.265 0.265 0.265 0.265 0.2665 0.2665 0.2845 0.2845 0.28 0.28 0.28 0.2615 0.2615 0.2755 0.2755 0.2645
-1 -1 -1 -1 -1 -1 -1 -1 -1 -1 -1 -1 -1 -1 -1 -1 -1 -1 -1 -1 -1 -1 -1 0.2092 0.2092 0.055 0.055 0.055 0.258 0.258 0.2855 0.2855 0.277 0.277 0.277 0.25 0.25 0.1815 0.1815 0.127 0.127 0.127 0.1815 0.1815 0.234 0.234 0.2435 0.2435 0.2435 0.2615 0.2615 0.2865 0.2865 0.2845 0.2845 0.286 0.286 0.286 0.2685 0.2685 0.265 0.265 0.265 0.265 0.265 0.2665 0.2665 0.2845 0.2845 0.28 0.28 0.28 0.2615 0.2615 0.2755 0.2755 0.2645
-1 -1 -1 -1 -1 -1 -1 -1 -1 -1 -1 -1 -1 -1 -1 -1 -1 -1 -1 -1 -1 -1 -1 -1 -1 0.1084 0.1084 0.1084 0.137 0.137 0.256 0.256 0.2755 0.2755 0.2755 0.207 0.207 0.1175 0.1175 0.09299999 0.09299999 0.09299999 0.182 0.182 0.1895 0.1895 0.233 0.233 0.233 0.241 0.241 0.28 0.28 0.2805 0.2805 0.2655 0.2655 0.2655 0.2635 0.2635 0.258 0.258 0.258 0.258 0.258 0.2605 0.2605 0.2745 0.2745 0.2785 0.2785 0.2785 0.2775 0.2775 0.2785 0.2785 0.282
-1 -1 -1 -1 -1 -1 -1 -1 -1 -1 -1 -1 -1 -1 -1 -1 -1 -1 -1 -1 -1 -1 -1 -1 -1 0.1084 0.1084 0.1084 0.137 0.137 0.256 0.256 0.2755 0.2755 0.2755 0.207 0.207 0.1175 0.1175 0.09299999 0.09299999 0.09299999 0.182 0.182 0.1895 0.1895 0.233 0.233 0.233 0.241 0.241 0.28 0.28 0.2805 0.2805 0.2655 0.2655 0.2655 0.2635 0.2635 0.258 0.258 0.258 0.258 0.258 0.2605 0.2605 0.2745 0.2745 0.2785 0.2785 0.2785 0.2775 0.2775 0.2785 0.2785 0.282
-1 -1 -1 -1 -1 -1 -1 -1 -1 -1 -1 -1 -1 -1 -1 -1 -1 -1 -1 -1 -1 -1 -1 -1 -1 0.1022 0.1022 0.1022 0.1261 0.1261 0.169 0.169 0.1975 0.1975 0.1975 0.264 0.264 0.162 0.162 0.2685 0.2685 0.2685 0.2785 0.2785 0.2755 0.2755 0.2625 0.2625 0.2625 0.1565 0.1565 0.245 0.245 0.261 0.261 0.2675 0.2675 0.2675 0.266 0.266 0.269 0.269 0.269 0.269 0.269 0.255 0.255 0.243 0.243 0.244 0.244 0.244 0.256 0.256 0.2445 0.2445 0.257
-1 -1 -1 -1 -1 -1 -1 -1 -1 -1 -1 -1 -1 -1 -1 -1 -1 -1 -1 -1 -1 -1 -1 -1 -1 0.1022 0.1022 0.1022 0.1261 0.1261 0.169 0.169 0.1975 0.1975 0.1975 0.264 0.264 0.162 0.162 0.2685 0.2685 0.2685 0.2785 0.2785 0.2755 0.2755 0.2625 0.2625 0.2625 0.1565 0.1565 0.245 0.245 0.261 0.261 0.2675 0.2675 0.2675 0.266 0.266 0.269 0.269 0.269 0.269 0.269 0.255 0.255 0.243 0.243 0.244 0.244 0.244 0.256 0.256 0.2445 0.2445 0.257
-1 -1 -1 -1 -1 -1 -1 -1 -1 -1 -1 -1 -1 -1 -1 -1 -1 -1 -1 -1 -1 -1 -1 -1 -1 0.1022 0.1022 0.1022 0.1261 0.1261 0.169 0.169 0.1975 0.1975 0.1975 0.264 0.264 0.162 0.162 0.2685 0.2685 0.2685 0.2785 0.2785 0.2755 0.2755 0.2625 0.2625 0.2625 0.1565 0.1565 0.245 0.245 0.261 0.261 0.2675 0.2675 0.2675 0.266 0.266 0.269 0.269 0.269 0.269 0.269 0.255 0.255 0.243 0.243 0.244 0.244 0.244 0.256 0.256 0.2445 0.2445 0.257
-1 -1 -1 -1 -1 -1 -1 -1 -1 -1 -1 -1 -1 -1 -1 -1 -1 -1 -1 -1 -1 -1 -1 -1 -1 -1 -1 -1 0.0557 0.0557 0.1795 0.1795 0.229 0.229 0.229 0.329 0.329 0.3515 0.3515 0.2895 0.2895 0.2895 0.285 0.285 0.281 0.281 0.288 0.288 0.288 0.258 0.258 0.275 0.275 0.295 0.295 0.2855 0.2855 0.2855 0.2765 0.2765 0.2695 0.2695 0.2695 0.2695 0.2695 0.2495 0.2495 0.2395 0.2395 0.233 0.233 0.233 0.2495 0.2495 0.248 0.248 0.2385
-1 -1 -1 -1 -1 -1 -1 -1 -1 -1 -1 -1 -1 -1 -1 -1 -1 -1 -1 -1 -1 -1 -1 -1 -1 -1 -1 -1 0.0557 0.0557 0.1795 0.1795 0.229 0.229 0.229 0.329 0.329 0.3515 0.3515 0.2895 0.2895 0.2895 0.285 0.285 0.281 0.281 0.288 0.288 0.288 0.258 0.258 0.275 0.275 0.295 0.295 0.2855 0.2855 0.2855 0.2765 0.2765 0.2695 0.2695 0.2695 0.2695 0.2695 0.2495 0.2495 0.2395 0.2395 0.233 0.233 0.233 0.2495 0.2495 0.248 0.248 0.2385
-1 -1 -1 -1 -1 -1 -1 -1 -1 -1 -1 -1 -1 -1 -1 -1 -1 -1 -1 -1 -1 -1 -1 -1 -1 -1 -1 -1 0.0207 0.0207 0.3351 0.3351 0.479 0.479 0.479 0.464 0.464 0.4415 0.4415 0.3405 0.3405 0.3405 0.2865 0.2865 0.2675 0.2675 0.263 0.263 0.263 0.254 0.254 0.2275 0.2275 0.2475 0.2475 0.251 0.251 0.251 0.244 0.244 0.2715 0.2715 0.2715 0.2715 0.2715 0.26 0.26 0.263 0.263 0.2635 0.2635 0.2635 0.259 0.259 0.261 0.261 0.24
-1 -1 -1 -1 -1 -1 -1 -1 -1 -1 -1 -1 -1 -1 -1 -1 -1 -1 -1 -1 -1 -1 -1 -1 -1 -1 -1 -1 0.0207 0.0207 0.3351 0.3351 0.479 0.479 0.479 0.464 0.464 0.4415 0.4415 0.3405 0.3405 0.3405 0.2865 0.2865 0.2675 0.2675 0.263 0.263 0.263 0.254 0.254 0.2275 0.2275 0.2475 0.2475 0.251 0.251 0.251 0.244 0.244 0.2715 0.2715 0.2715 0.2715 0.2715 0.26 0.26 0.263 0.263 0.2635 0.2635 0.2635 0.259 0.259 0.261 0.261 0.24
