ndvi/NOAA-293.asc
ncols         252
nrows         154
xllcorner     -18.017974
yllcorner     13.481982
cellsize      0.035948
NODATA_value  -9999
[rows 68 to 101 of 154, columns 154 to 230 of 252]
0.141 0.1785 0.1785 0.156 0.156 0.156 0.1455 0.1455 0.199 0.199 0.193 0.193 0.224 0.224 0.224 0.225 0.225 0.2265 0.2265 0.225 0.225 0.225 0.2085 0.2085 0.208 0.208 0.1845 0.1845 0.1845 0.2015 0.2015 0.213 0.213 0.213 0.213 0.213 0.201 0.201 0.1975 0.1975 0.208 0.208 0.208 0.208 0.208 0.197 0.197 0.193 0.193 0.202 0.202 0.202 0.202 0.202 0.2095 0.2095 0.2115 0.2115 0.2115 0.2115 0.2115 0.199 0.199 0.204 0.204 0.204 0.2085 0.2085 0.2045 0.2045 0.21 0.21 0.21 0.1995 0.1995 0.1975 0.1975
0.161 0.1885 0.1885 0.189 0.189 0.189 0.1825 0.1825 0.2065 0.2065 0.188 0.188 0.2045 0.2045 0.2045 0.2245 0.2245 0.22 0.22 0.2105 0.2105 0.2105 0.2055 0.2055 0.2155 0.2155 0.212 0.212 0.212 0.2095 0.2095 0.2095 0.2095 0.1875 0.1875 0.1875 0.2065 0.2065 0.1965 0.1965 0.2095 0.2095 0.2095 0.197 0.197 0.203 0.203 0.1935 0.1935 0.197 0.197 0.197 0.2055 0.2055 0.213 0.213 0.22 0.22 0.22 0.206 0.206 0.218 0.218 0.205 0.205 0.205 0.199 0.199 0.202 0.202 0.2065 0.2065 0.2065 0.2075 0.2075 0.194 0.194
0.161 0.1885 0.1885 0.189 0.189 0.189 0.1825 0.1825 0.2065 0.2065 0.188 0.188 0.2045 0.2045 0.2045 0.2245 0.2245 0.22 0.22 0.2105 0.2105 0.2105 0.2055 0.2055 0.2155 0.2155 0.212 0.212 0.212 0.2095 0.2095 0.2095 0.2095 0.1875 0.1875 0.1875 0.2065 0.2065 0.1965 0.1965 0.2095 0.2095 0.2095 0.197 0.197 0.203 0.203 0.1935 0.1935 0.197 0.197 0.197 0.2055 0.2055 0.213 0.213 0.22 0.22 0.22 0.206 0.206 0.218 0.218 0.205 0.205 0.205 0.199 0.199 0.202 0.202 0.2065 0.2065 0.2065 0.2075 0.2075 0.194 0.194
0.1935 0.17 0.17 0.195 0.195 0.195 0.2145 0.2145 0.2085 0.2085 0.1765 0.1765 0.2005 0.2005 0.2005 0.204 0.204 0.2065 0.2065 0.207 0.207 0.207 0.192 0.192 0.1955 0.1955 0.219 0.219 0.219 0.222 0.222 0.2195 0.2195 0.201 0.201 0.201 0.2095 0.2095 0.2 0.2 0.197 0.197 0.197 0.2055 0.2055 0.205 0.205 0.2165 0.2165 0.2155 0.2155 0.2155 0.2085 0.2085 0.228 0.228 0.215 0.215 0.215 0.225 0.225 0.2165 0.2165 0.2055 0.2055 0.2055 0.2035 0.2035 0.204 0.204 0.188 0.188 0.188 0.1985 0.1985 0.2055 0.2055
0.1935 0.17 0.17 0.195 0.195 0.195 0.2145 0.2145 0.2085 0.2085 0.1765 0.1765 0.2005 0.2005 0.2005 0.204 0.204 0.2065 0.2065 0.207 0.207 0.207 0.192 0.192 0.1955 0.1955 0.219 0.219 0.219 0.222 0.222 0.2195 0.2195 0.201 0.201 0.201 0.2095 0.2095 0.2 0.2 0.197 0.197 0.197 0.2055 0.2055 0.205 0.205 0.2165 0.2165 0.2155 0.2155 0.2155 0.2085 0.2085 0.228 0.228 0.215 0.215 0.215 0.225 0.225 0.2165 0.2165 0.2055 0.2055 0.2055 0.2035 0.2035 0.204 0.204 0.188 0.188 0.188 0.1985 0.1985 0.2055 0.2055
0.1935 0.17 0.17 0.195 0.195 0.195 0.2145 0.2145 0.2085 0.2085 0.1765 0.1765 0.2005 0.2005 0.2005 0.204 0.204 0.2065 0.2065 0.207 0.207 0.207 0.192 0.192 0.1955 0.1955 0.219 0.219 0.219 0.222 0.222 0.2195 0.2195 0.201 0.201 0.201 0.2095 0.2095 0.2 0.2 0.197 0.197 0.197 0.2055 0.2055 0.205 0.205 0.2165 0.2165 0.2155 0.2155 0.2155 0.2085 0.2085 0.228 0.228 0.215 0.215 0.215 0.225 0.225 0.2165 0.2165 0.2055 0.2055 0.2055 0.2035 0.2035 0.204 0.204 0.188 0.188 0.188 0.1985 0.1985 0.2055 0.2055
0.173 0.182 0.182 0.189 0.189 0.189 0.177 0.177 0.2075 0.2075 0.1765 0.1765 0.198 0.198 0.198 0.2025 0.2025 0.207 0.207 0.197 0.197 0.197 0.186 0.186 0.2005 0.2005 0.2105 0.2105 0.2105 0.213 0.213 0.2135 0.2135 0.2235 0.2235 0.2235 0.232 0.232 0.2315 0.2315 0.2385 0.2385 0.2385 0.234 0.234 0.225 0.225 0.233 0.233 0.226 0.226 0.226 0.2245 0.2245 0.217 0.217 0.2135 0.2135 0.2135 0.214 0.214 0.215 0.215 0.2155 0.2155 0.2155 0.197 0.197 0.1905 0.1905 0.1905 0.1905 0.1905 0.1915 0.1915 0.201 0.201
0.173 0.182 0.182 0.189 0.189 0.189 0.177 0.177 0.2075 0.2075 0.1765 0.1765 0.198 0.198 0.198 0.2025 0.2025 0.207 0.207 0.197 0.197 0.197 0.186 0.186 0.2005 0.2005 0.2105 0.2105 0.2105 0.213 0.213 0.2135 0.2135 0.2235 0.2235 0.2235 0.232 0.232 0.2315 0.2315 0.2385 0.2385 0.2385 0.234 0.234 0.225 0.225 0.233 0.233 0.226 0.226 0.226 0.2245 0.2245 0.217 0.217 0.2135 0.2135 0.2135 0.214 0.214 0.215 0.215 0.2155 0.2155 0.2155 0.197 0.197 0.1905 0.1905 0.1905 0.1905 0.1905 0.1915 0.1915 0.201 0.201
0.126 0.1675 0.1675 0.205 0.205 0.205 0.1785 0.1785 0.188 0.188 0.1645 0.1645 0.188 0.188 0.188 0.2015 0.2015 0.211 0.211 0.212 0.212 0.212 0.207 0.207 0.195 0.195 0.198 0.198 0.198 0.2145 0.2145 0.22 0.22 0.23 0.23 0.23 0.229 0.229 0.234 0.234 0.233 0.233 0.233 0.235 0.235 0.2285 0.2285 0.232 0.232 0.231 0.231 0.231 0.2215 0.2215 0.2055 0.2055 0.214 0.214 0.214 0.229 0.229 0.2135 0.2135 0.2145 0.2145 0.2145 0.209 0.209 0.201 0.201 0.19 0.19 0.19 0.198 0.198 0.2015 0.2015
0.126 0.1675 0.1675 0.205 0.205 0.205 0.1785 0.1785 0.188 0.188 0.1645 0.1645 0.188 0.188 0.188 0.2015 0.2015 0.211 0.211 0.212 0.212 0.212 0.207 0.207 0.195 0.195 0.198 0.198 0.198 0.2145 0.2145 0.22 0.22 0.23 0.23 0.23 0.229 0.229 0.234 0.234 0.233 0.233 0.233 0.235 0.235 0.2285 0.2285 0.232 0.232 0.231 0.231 0.231 0.2215 0.2215 0.2055 0.2055 0.214 0.214 0.214 0.229 0.229 0.2135 0.2135 0.2145 0.2145 0.2145 0.209 0.209 0.201 0.201 0.19 0.19 0.19 0.198 0.198 0.2015 0.2015
0.109 0.1305 0.1305 0.149 0.149 0.149 0.1345 0.1345 0.1445 0.1445 0.1555 0.1555 0.189 0.189 0.189 0.1865 0.1865 0.193 0.193 0.194 0.194 0.194 0.1885 0.1885 0.2075 0.2075 0.198 0.198 0.198 0.213 0.213 0.211 0.211 0.2115 0.2115 0.2115 0.2155 0.2155 0.225 0.225 0.232 0.232 0.232 0.2255 0.2255 0.217 0.217 0.2095 0.2095 0.22 0.22 0.22 0.2135 0.2135 0.2095 0.2095 0.21 0.21 0.21 0.229 0.229 0.232 0.232 0.226 0.226 0.226 0.2315 0.2315 0.225 0.225 0.21 0.21 0.21 0.202 0.202 0.188 0.188
0.109 0.1305 0.1305 0.149 0.149 0.149 0.1345 0.1345 0.1445 0.1445 0.1555 0.1555 0.189 0.189 0.189 0.1865 0.1865 0.193 0.193 0.194 0.194 0.194 0.1885 0.1885 0.2075 0.2075 0.198 0.198 0.198 0.213 0.213 0.211 0.211 0.2115 0.2115 0.2115 0.2155 0.2155 0.225 0.225 0.232 0.232 0.232 0.2255 0.2255 0.217 0.217 0.2095 0.2095 0.22 0.22 0.22 0.2135 0.2135 0.2095 0.2095 0.21 0.21 0.21 0.229 0.229 0.232 0.232 0.226 0.226 0.226 0.2315 0.2315 0.225 0.225 0.21 0.21 0.21 0.202 0.202 0.188 0.188
0.147 0.1315 0.1315 0.163 0.163 0.163 0.1575 0.1575 0.1365 0.1365 0.1565 0.1565 0.19 0.19 0.19 0.189 0.189 0.1945 0.1945 0.197 0.197 0.197 0.2095 0.2095 0.2055 0.2055 0.2185 0.2185 0.2185 0.2105 0.2105 0.2115 0.2115 0.21 0.21 0.21 0.2095 0.2095 0.207 0.207 0.216 0.216 0.216 0.2215 0.2215 0.2245 0.2245 0.203 0.203 0.2195 0.2195 0.2195 0.219 0.219 0.215 0.215 0.2365 0.2365 0.2365 0.24 0.24 0.2425 0.2425 0.246 0.246 0.246 0.2365 0.2365 0.218 0.218 0.2335 0.2335 0.2335 0.2335 0.2335 0.2305 0.2305
0.147 0.1315 0.1315 0.163 0.163 0.163 0.1575 0.1575 0.1365 0.1365 0.1565 0.1565 0.19 0.19 0.19 0.189 0.189 0.1945 0.1945 0.197 0.197 0.197 0.2095 0.2095 0.2055 0.2055 0.2185 0.2185 0.2185 0.2105 0.2105 0.2115 0.2115 0.21 0.21 0.21 0.2095 0.2095 0.207 0.207 0.216 0.216 0.216 0.2215 0.2215 0.2245 0.2245 0.203 0.203 0.2195 0.2195 0.2195 0.219 0.219 0.215 0.215 0.2365 0.2365 0.2365 0.24 0.24 0.2425 0.2425 0.246 0.246 0.246 0.2365 0.2365 0.218 0.218 0.2335 0.2335 0.2335 0.2335 0.2335 0.2305 0.2305
0.147 0.1315 0.1315 0.163 0.163 0.163 0.1575 0.1575 0.1365 0.1365 0.1565 0.1565 0.19 0.19 0.19 0.189 0.189 0.1945 0.1945 0.197 0.197 0.197 0.2095 0.2095 0.2055 0.2055 0.2185 0.2185 0.2185 0.2105 0.2105 0.2115 0.2115 0.21 0.21 0.21 0.2095 0.2095 0.207 0.207 0.216 0.216 0.216 0.2215 0.2215 0.2245 0.2245 0.203 0.203 0.2195 0.2195 0.2195 0.219 0.219 0.215 0.215 0.2365 0.2365 0.2365 0.24 0.24 0.2425 0.2425 0.246 0.246 0.246 0.2365 0.2365 0.218 0.218 0.2335 0.2335 0.2335 0.2335 0.2335 0.2305 0.2305
0.1265 0.1455 0.1455 0.153 0.153 0.153 0.1305 0.1305 0.1585 0.1585 0.182 0.182 0.195 0.195 0.195 0.2045 0.2045 0.2105 0.2105 0.2265 0.2265 0.2265 0.219 0.219 0.211 0.211 0.2005 0.2005 0.2005 0.2085 0.2085 0.2125 0.2125 0.2135 0.2135 0.2135 0.2055 0.2055 0.2035 0.2035 0.2 0.2 0.2 0.2025 0.2025 0.204 0.204 0.2135 0.2135 0.25 0.25 0.25 0.257 0.257 0.256 0.256 0.2515 0.2515 0.2515 0.254 0.254 0.228 0.228 0.2355 0.2355 0.2355 0.243 0.243 0.229 0.229 0.2335 0.2335 0.2335 0.2395 0.2395 0.2355 0.2355
0.1265 0.1455 0.1455 0.153 0.153 0.153 0.1305 0.1305 0.1585 0.1585 0.182 0.182 0.195 0.195 0.195 0.2045 0.2045 0.2105 0.2105 0.2265 0.2265 0.2265 0.219 0.219 0.211 0.211 0.2005 0.2005 0.2005 0.2085 0.2085 0.2125 0.2125 0.2135 0.2135 0.2135 0.2055 0.2055 0.2035 0.2035 0.2 0.2 0.2 0.2025 0.2025 0.204 0.204 0.2135 0.2135 0.25 0.25 0.25 0.257 0.257 0.256 0.256 0.2515 0.2515 0.2515 0.254 0.254 0.228 0.228 0.2355 0.2355 0.2355 0.243 0.243 0.229 0.229 0.2335 0.2335 0.2335 0.2395 0.2395 0.2355 0.2355
0.1415 0.152 0.152 0.1975 0.1975 0.1975 0.1545 0.1545 0.1675 0.1675 0.189 0.189 0.1995 0.1995 0.1995 0.207 0.207 0.232 0.232 0.2225 0.2225 0.2225 0.217 0.217 0.2095 0.2095 0.204 0.204 0.204 0.219 0.219 0.2095 0.2095 0.2095 0.2095 0.2095 0.2095 0.2095 0.2135 0.2135 0.22 0.22 0.22 0.221 0.221 0.21 0.21 0.238 0.238 0.248 0.248 0.248 0.251 0.251 0.2475 0.2475 0.257 0.257 0.257 0.2555 0.2555 0.2265 0.2265 0.2215 0.2215 0.2215 0.2265 0.2265 0.2135 0.2135 0.2355 0.2355 0.2355 0.2235 0.2235 0.209 0.209
0.1415 0.152 0.152 0.1975 0.1975 0.1975 0.1545 0.1545 0.1675 0.1675 0.189 0.189 0.1995 0.1995 0.1995 0.207 0.207 0.232 0.232 0.2225 0.2225 0.2225 0.217 0.217 0.2095 0.2095 0.204 0.204 0.204 0.219 0.219 0.2095 0.2095 0.2095 0.2095 0.2095 0.2095 0.2095 0.2135 0.2135 0.22 0.22 0.22 0.221 0.221 0.21 0.21 0.238 0.238 0.248 0.248 0.248 0.251 0.251 0.2475 0.2475 0.257 0.257 0.257 0.2555 0.2555 0.2265 0.2265 0.2215 0.2215 0.2215 0.2265 0.2265 0.2135 0.2135 0.2355 0.2355 0.2355 0.2235 0.2235 0.209 0.209
0.167 0.167 0.167 0.1645 0.1645 0.1645 0.1665 0.1665 0.18 0.18 0.194 0.194 0.1975 0.1975 0.1975 0.2165 0.2165 0.2275 0.2275 0.2135 0.2135 0.2135 0.2105 0.2105 0.2135 0.2135 0.2045 0.2045 0.2045 0.2085 0.2085 0.208 0.208 0.208 0.208 0.208 0.202 0.202 0.2205 0.2205 0.2175 0.2175 0.2175 0.214 0.214 0.218 0.218 0.2165 0.2165 0.248 0.248 0.248 0.244 0.244 0.232 0.232 0.223 0.223 0.223 0.216 0.216 0.212 0.212 0.217 0.217 0.217 0.215 0.215 0.2025 0.2025 0.2235 0.2235 0.2235 0.234 0.234 0.2265 0.2265
0.167 0.167 0.167 0.1645 0.1645 0.1645 0.1665 0.1665 0.18 0.18 0.194 0.194 0.1975 0.1975 0.1975 0.2165 0.2165 0.2275 0.2275 0.2135 0.2135 0.2135 0.2105 0.2105 0.2135 0.2135 0.2045 0.2045 0.2045 0.2085 0.2085 0.208 0.208 0.208 0.208 0.208 0.202 0.202 0.2205 0.2205 0.2175 0.2175 0.2175 0.214 0.214 0.218 0.218 0.2165 0.2165 0.248 0.248 0.248 0.244 0.244 0.232 0.232 0.223 0.223 0.223 0.216 0.216 0.212 0.212 0.217 0.217 0.217 0.215 0.215 0.2025 0.2025 0.2235 0.2235 0.2235 0.234 0.234 0.2265 0.2265
0.167 0.167 0.167 0.1645 0.1645 0.1645 0.1665 0.1665 0.18 0.18 0.194 0.194 0.1975 0.1975 0.1975 0.2165 0.2165 0.2275 0.2275 0.2135 0.2135 0.2135 0.2105 0.2105 0.2135 0.2135 0.2045 0.2045 0.2045 0.2085 0.2085 0.208 0.208 0.208 0.208 0.208 0.202 0.202 0.2205 0.2205 0.2175 0.2175 0.2175 0.214 0.214 0.218 0.218 0.2165 0.2165 0.248 0.248 0.248 0.244 0.244 0.232 0.232 0.223 0.223 0.223 0.216 0.216 0.212 0.212 0.217 0.217 0.217 0.215 0.215 0.2025 0.2025 0.2235 0.2235 0.2235 0.234 0.234 0.2265 0.2265
0.1725 0.1685 0.1685 0.194 0.194 0.194 0.1635 0.1635 0.17 0.17 0.2055 0.2055 0.206 0.206 0.206 0.212 0.212 0.223 0.223 0.2185 0.2185 0.2185 0.214 0.214 0.1965 0.1965 0.183 0.183 0.183 0.2105 0.2105 0.2095 0.2095 0.2035 0.2035 0.2035 0.22 0.22 0.2435 0.2435 0.2345 0.2345 0.2345 0.222 0.222 0.2125 0.2125 0.215 0.215 0.2265 0.2265 0.2265 0.218 0.218 0.2355 0.2355 0.231 0.231 0.231 0.217 0.217 0.211 0.211 0.2025 0.2025 0.2025 0.2025 0.2025 0.2035 0.2035 0.2165 0.2165 0.2165 0.213 0.213 0.203 0.203
0.1725 0.1685 0.1685 0.194 0.194 0.194 0.1635 0.1635 0.17 0.17 0.2055 0.2055 0.206 0.206 0.206 0.212 0.212 0.223 0.223 0.2185 0.2185 0.2185 0.214 0.214 0.1965 0.1965 0.183 0.183 0.183 0.2105 0.2105 0.2095 0.2095 0.2035 0.2035 0.2035 0.22 0.22 0.2435 0.2435 0.2345 0.2345 0.2345 0.222 0.222 0.2125 0.2125 0.215 0.215 0.2265 0.2265 0.2265 0.218 0.218 0.2355 0.2355 0.231 0.231 0.231 0.217 0.217 0.211 0.211 0.2025 0.2025 0.2025 0.2025 0.2025 0.2035 0.2035 0.2165 0.2165 0.2165 0.213 0.213 0.203 0.203
0.208 0.181 0.181 0.1845 0.1845 0.1845 0.1955 0.1955 0.181 0.181 0.2015 0.2015 0.216 0.216 0.216 0.224 0.224 0.22 0.22 0.2 0.2 0.2 0.215 0.215 0.203 0.203 0.205 0.205 0.205 0.202 0.202 0.209 0.209 0.2165 0.2165 0.2165 0.2575 0.2575 0.24 0.24 0.225 0.225 0.225 0.229 0.229 0.2075 0.2075 0.223 0.223 0.2235 0.2235 0.2235 0.2255 0.2255 0.226 0.226 0.221 0.221 0.221 0.211 0.211 0.2155 0.2155 0.2115 0.2115 0.2115 0.2015 0.2015 0.2295 0.2295 0.205 0.205 0.205 0.2025 0.2025 0.2015 0.2015
0.208 0.181 0.181 0.1845 0.1845 0.1845 0.1955 0.1955 0.181 0.181 0.2015 0.2015 0.216 0.216 0.216 0.224 0.224 0.22 0.22 0.2 0.2 0.2 0.215 0.215 0.203 0.203 0.205 0.205 0.205 0.202 0.202 0.209 0.209 0.2165 0.2165 0.2165 0.2575 0.2575 0.24 0.24 0.225 0.225 0.225 0.229 0.229 0.2075 0.2075 0.223 0.223 0.2235 0.2235 0.2235 0.2255 0.2255 0.226 0.226 0.221 0.221 0.221 0.211 0.211 0.2155 0.2155 0.2115 0.2115 0.2115 0.2015 0.2015 0.2295 0.2295 0.205 0.205 0.205 0.2025 0.2025 0.2015 0.2015
0.191 0.19 0.19 0.187 0.187 0.187 0.1835 0.1835 0.1745 0.1745 0.187 0.187 0.2085 0.2085 0.2085 0.225 0.225 0.2075 0.2075 0.2035 0.2035 0.2035 0.18 0.18 0.174 0.174 0.2025 0.2025 0.2025 0.217 0.217 0.2035 0.2035 0.2145 0.2145 0.2145 0.231 0.231 0.235 0.235 0.2395 0.2395 0.2395 0.225 0.225 0.2335 0.2335 0.2385 0.2385 0.226 0.226 0.226 0.224 0.224 0.2235 0.2235 0.222 0.222 0.222 0.2025 0.2025 0.2135 0.2135 0.215 0.215 0.215 0.2195 0.2195 0.2235 0.2235 0.214 0.214 0.214 0.22 0.22 0.206 0.206
0.191 0.19 0.19 0.187 0.187 0.187 0.1835 0.1835 0.1745 0.1745 0.187 0.187 0.2085 0.2085 0.2085 0.225 0.225 0.2075 0.2075 0.2035 0.2035 0.2035 0.18 0.18 0.174 0.174 0.2025 0.2025 0.2025 0.217 0.217 0.2035 0.2035 0.2145 0.2145 0.2145 0.231 0.231 0.235 0.235 0.2395 0.2395 0.2395 0.225 0.225 0.2335 0.2335 0.2385 0.2385 0.226 0.226 0.226 0.224 0.224 0.2235 0.2235 0.222 0.222 0.222 0.2025 0.2025 0.2135 0.2135 0.215 0.215 0.215 0.2195 0.2195 0.2235 0.2235 0.214 0.214 0.214 0.22 0.22 0.206 0.206
0.191 0.19 0.19 0.187 0.187 0.187 0.1835 0.1835 0.1745 0.1745 0.187 0.187 0.2085 0.2085 0.2085 0.225 0.225 0.2075 0.2075 0.2035 0.2035 0.2035 0.18 0.18 0.174 0.174 0.2025 0.2025 0.2025 0.217 0.217 0.2035 0.2035 0.2145 0.2145 0.2145 0.231 0.231 0.235 0.235 0.2395 0.2395 0.2395 0.225 0.225 0.2335 0.2335 0.2385 0.2385 0.226 0.226 0.226 0.224 0.224 0.2235 0.2235 0.222 0.222 0.222 0.2025 0.2025 0.2135 0.2135 0.215 0.215 0.215 0.2195 0.2195 0.2235 0.2235 0.214 0.214 0.214 0.22 0.22 0.206 0.206
0.2015 0.211 0.211 0.1835 0.1835 0.1835 0.191 0.191 0.177 0.177 0.179 0.179 0.202 0.202 0.202 0.1965 0.1965 0.2035 0.2035 0.2035 0.2035 0.2035 0.193 0.193 0.19 0.19 0.208 0.208 0.208 0.2195 0.2195 0.2085 0.2085 0.209 0.209 0.209 0.226 0.226 0.2505 0.2505 0.2445 0.2445 0.2445 0.2395 0.2395 0.2235 0.2235 0.235 0.235 0.2105 0.2105 0.2105 0.207 0.207 0.1995 0.1995 0.212 0.212 0.212 0.2 0.2 0.1995 0.1995 0.193 0.193 0.193 0.2085 0.2085 0.201 0.201 0.211 0.211 0.211 0.21 0.21 0.201 0.201
0.2015 0.211 0.211 0.1835 0.1835 0.1835 0.191 0.191 0.177 0.177 0.179 0.179 0.202 0.202 0.202 0.1965 0.1965 0.2035 0.2035 0.2035 0.2035 0.2035 0.193 0.193 0.19 0.19 0.208 0.208 0.208 0.2195 0.2195 0.2085 0.2085 0.209 0.209 0.209 0.226 0.226 0.2505 0.2505 0.2445 0.2445 0.2445 0.2395 0.2395 0.2235 0.2235 0.235 0.235 0.2105 0.2105 0.2105 0.207 0.207 0.1995 0.1995 0.212 0.212 0.212 0.2 0.2 0.1995 0.1995 0.193 0.193 0.193 0.2085 0.2085 0.201 0.201 0.211 0.211 0.211 0.21 0.21 0.201 0.201
0.221 0.2185 0.2185 0.1855 0.1855 0.1855 0.1665 0.1665 0.1865 0.1865 0.196 0.196 0.2 0.2 0.2 0.2125 0.2125 0.2225 0.2225 0.219 0.219 0.219 0.206 0.206 0.199 0.199 0.2055 0.2055 0.2055 0.212 0.212 0.2115 0.2115 0.202 0.202 0.202 0.2255 0.2255 0.243 0.243 0.241 0.241 0.241 0.2415 0.2415 0.2355 0.2355 0.218 0.218 0.2195 0.2195 0.2195 0.202 0.202 0.2105 0.2105 0.192 0.192 0.192 0.195 0.195 0.197 0.197 0.199 0.199 0.199 0.196 0.196 0.1975 0.1975 0.2005 0.2005 0.2005 0.231 0.231 0.224 0.224
0.221 0.2185 0.2185 0.1855 0.1855 0.1855 0.1665 0.1665 0.1865 0.1865 0.196 0.196 0.2 0.2 0.2 0.2125 0.2125 0.2225 0.2225 0.219 0.219 0.219 0.206 0.206 0.199 0.199 0.2055 0.2055 0.2055 0.212 0.212 0.2115 0.2115 0.202 0.202 0.202 0.2255 0.2255 0.243 0.243 0.241 0.241 0.241 0.2415 0.2415 0.2355 0.2355 0.218 0.218 0.2195 0.2195 0.2195 0.202 0.202 0.2105 0.2105 0.192 0.192 0.192 0.195 0.195 0.197 0.197 0.199 0.199 0.199 0.196 0.196 0.1975 0.1975 0.2005 0.2005 0.2005 0.231 0.231 0.224 0.224
0.205 0.2065 0.2065 0.191 0.191 0.191 0.169 0.169 0.194 0.194 0.2 0.2 0.2185 0.2185 0.2185 0.212 0.212 0.2175 0.2175 0.2325 0.2325 0.2325 0.2235 0.2235 0.208 0.208 0.218 0.218 0.218 0.2145 0.2145 0.21 0.21 0.2205 0.2205 0.2205 0.2305 0.2305 0.236 0.236 0.2385 0.2385 0.2385 0.231 0.231 0.225 0.225 0.221 0.221 0.216 0.216 0.216 0.2035 0.2035 0.2155 0.2155 0.199 0.199 0.199 0.208 0.208 0.193 0.193 0.1995 0.1995 0.1995 0.1975 0.1975 0.192 0.192 0.1935 0.1935 0.1935 0.215 0.215 0.2005 0.2005
