ndvi/NOAA-259.asc
ncols         252
nrows         154
xllcorner     -18.017974
yllcorner     13.481982
cellsize      0.035948
NODATA_value  -9999
[rows 34 to 67 of 154, columns 154 to 230 of 252]
0.106 0.107 0.107 0.1155 0.1155 0.1155 0.1185 0.1185 0.0955 0.0955 0.094 0.094 0.084 0.084 0.084 0.0935 0.0935 0.089 0.089 0.087 0.087 0.087 0.0895 0.0895 0.0985 0.0985 0.111 0.111 0.111 0.115 0.115 0.1145 0.1145 0.109 0.109 0.109 0.095 0.095 0.0995 0.0995 0.106 0.106 0.106 0.099 0.099 0.1035 0.1035 0.118 0.118 0.116 0.116 0.116 0.1215 0.1215 0.1205 0.1205 0.1215 0.1215 0.1215 0.104 0.104 0.0965 0.0965 0.095 0.095 0.095 0.098 0.098 0.099 0.099 0.106 0.106 0.106 0.1015 0.1015 0.0995 0.0995
0.106 0.107 0.107 0.1155 0.1155 0.1155 0.1185 0.1185 0.0955 0.0955 0.094 0.094 0.084 0.084 0.084 0.0935 0.0935 0.089 0.089 0.087 0.087 0.087 0.0895 0.0895 0.0985 0.0985 0.111 0.111 0.111 0.115 0.115 0.1145 0.1145 0.109 0.109 0.109 0.095 0.095 0.0995 0.0995 0.106 0.106 0.106 0.099 0.099 0.1035 0.1035 0.118 0.118 0.116 0.116 0.116 0.1215 0.1215 0.1205 0.1205 0.1215 0.1215 0.1215 0.104 0.104 0.0965 0.0965 0.095 0.095 0.095 0.098 0.098 0.099 0.099 0.106 0.106 0.106 0.1015 0.1015 0.0995 0.0995
0.106 0.107 0.107 0.1155 0.1155 0.1155 0.1185 0.1185 0.0955 0.0955 0.094 0.094 0.084 0.084 0.084 0.0935 0.0935 0.089 0.089 0.087 0.087 0.087 0.0895 0.0895 0.0985 0.0985 0.111 0.111 0.111 0.115 0.115 0.1145 0.1145 0.109 0.109 0.109 0.095 0.095 0.0995 0.0995 0.106 0.106 0.106 0.099 0.099 0.1035 0.1035 0.118 0.118 0.116 0.116 0.116 0.1215 0.1215 0.1205 0.1205 0.1215 0.1215 0.1215 0.104 0.104 0.0965 0.0965 0.095 0.095 0.095 0.098 0.098 0.099 0.099 0.106 0.106 0.106 0.1015 0.1015 0.0995 0.0995
0.108 0.1325 0.1325 0.117 0.117 0.117 0.09649999 0.09649999 0.0935 0.0935 0.092 0.092 0.0905 0.0905 0.0905 0.0925 0.0925 0.0925 0.0925 0.09 0.09 0.09 0.083 0.083 0.104 0.104 0.115 0.115 0.115 0.129 0.129 0.122 0.122 0.1155 0.1155 0.1155 0.0985 0.0985 0.098 0.098 0.105 0.105 0.105 0.105 0.105 0.1145 0.1145 0.132 0.132 0.114 0.114 0.114 0.116 0.116 0.121 0.121 0.127 0.127 0.127 0.121 0.121 0.108 0.108 0.103 0.103 0.103 0.09450001 0.09450001 0.1035 0.1035 0.109 0.109 0.109 0.107 0.107 0.108 0.108
0.108 0.1325 0.1325 0.117 0.117 0.117 0.09649999 0.09649999 0.0935 0.0935 0.092 0.092 0.0905 0.0905 0.0905 0.0925 0.0925 0.0925 0.0925 0.09 0.09 0.09 0.083 0.083 0.104 0.104 0.115 0.115 0.115 0.129 0.129 0.122 0.122 0.1155 0.1155 0.1155 0.0985 0.0985 0.098 0.098 0.105 0.105 0.105 0.105 0.105 0.1145 0.1145 0.132 0.132 0.114 0.114 0.114 0.116 0.116 0.121 0.121 0.127 0.127 0.127 0.121 0.121 0.108 0.108 0.103 0.103 0.103 0.09450001 0.09450001 0.1035 0.1035 0.109 0.109 0.109 0.107 0.107 0.108 0.108
0.1215 0.1255 0.1255 0.107 0.107 0.107 0.0985 0.0985 0.094 0.094 0.09100001 0.09100001 0.0865 0.0865 0.0865 0.089 0.089 0.0835 0.0835 0.0825 0.0825 0.0825 0.098 0.098 0.127 0.127 0.1195 0.1195 0.1195 0.1265 0.1265 0.124 0.124 0.1185 0.1185 0.1185 0.113 0.113 0.106 0.106 0.1045 0.1045 0.1045 0.112 0.112 0.1255 0.1255 0.129 0.129 0.122 0.122 0.122 0.115 0.115 0.1205 0.1205 0.128 0.128 0.128 0.128 0.128 0.13 0.13 0.109 0.109 0.109 0.1025 0.1025 0.1065 0.1065 0.1085 0.1085 0.1085 0.1075 0.1075 0.1075 0.1075
0.1215 0.1255 0.1255 0.107 0.107 0.107 0.0985 0.0985 0.094 0.094 0.09100001 0.09100001 0.0865 0.0865 0.0865 0.089 0.089 0.0835 0.0835 0.0825 0.0825 0.0825 0.098 0.098 0.127 0.127 0.1195 0.1195 0.1195 0.1265 0.1265 0.124 0.124 0.1185 0.1185 0.1185 0.113 0.113 0.106 0.106 0.1045 0.1045 0.1045 0.112 0.112 0.1255 0.1255 0.129 0.129 0.122 0.122 0.122 0.115 0.115 0.1205 0.1205 0.128 0.128 0.128 0.128 0.128 0.13 0.13 0.109 0.109 0.109 0.1025 0.1025 0.1065 0.1065 0.1085 0.1085 0.1085 0.1075 0.1075 0.1075 0.1075
0.0905 0.107 0.107 0.09 0.09 0.09 0.08750001 0.08750001 0.086 0.086 0.0885 0.0885 0.08750001 0.08750001 0.08750001 0.0895 0.0895 0.0925 0.0925 0.106 0.106 0.106 0.113 0.113 0.1405 0.1405 0.128 0.128 0.128 0.136 0.136 0.1345 0.1345 0.1275 0.1275 0.1275 0.1245 0.1245 0.1245 0.1245 0.1215 0.1215 0.1215 0.125 0.125 0.131 0.131 0.1295 0.1295 0.124 0.124 0.124 0.12 0.12 0.1115 0.1115 0.119 0.119 0.119 0.1215 0.1215 0.1375 0.1375 0.139 0.139 0.139 0.1225 0.1225 0.1225 0.1225 0.1185 0.1185 0.1185 0.1155 0.1155 0.0985 0.0985
0.0905 0.107 0.107 0.09 0.09 0.09 0.08750001 0.08750001 0.086 0.086 0.0885 0.0885 0.08750001 0.08750001 0.08750001 0.0895 0.0895 0.0925 0.0925 0.106 0.106 0.106 0.113 0.113 0.1405 0.1405 0.128 0.128 0.128 0.136 0.136 0.1345 0.1345 0.1275 0.1275 0.1275 0.1245 0.1245 0.1245 0.1245 0.1215 0.1215 0.1215 0.125 0.125 0.131 0.131 0.1295 0.1295 0.124 0.124 0.124 0.12 0.12 0.1115 0.1115 0.119 0.119 0.119 0.1215 0.1215 0.1375 0.1375 0.139 0.139 0.139 0.1225 0.1225 0.1225 0.1225 0.1185 0.1185 0.1185 0.1155 0.1155 0.0985 0.0985
0.0905 0.107 0.107 0.09 0.09 0.09 0.08750001 0.08750001 0.086 0.086 0.0885 0.0885 0.08750001 0.08750001 0.08750001 0.0895 0.0895 0.0925 0.0925 0.106 0.106 0.106 0.113 0.113 0.1405 0.1405 0.128 0.128 0.128 0.136 0.136 0.1345 0.1345 0.1275 0.1275 0.1275 0.1245 0.1245 0.1245 0.1245 0.1215 0.1215 0.1215 0.125 0.125 0.131 0.131 0.1295 0.1295 0.124 0.124 0.124 0.12 0.12 0.1115 0.1115 0.119 0.119 0.119 0.1215 0.1215 0.1375 0.1375 0.139 0.139 0.139 0.1225 0.1225 0.1225 0.1225 0.1185 0.1185 0.1185 0.1155 0.1155 0.0985 0.0985
0.092 0.1195 0.1195 0.117 0.117 0.117 0.1025 0.1025 0.1065 0.1065 0.1225 0.1225 0.1075 0.1075 0.1075 0.1065 0.1065 0.1685 0.1685 0.162 0.162 0.162 0.127 0.127 0.1295 0.1295 0.1515 0.1515 0.1515 0.1515 0.1515 0.1535 0.1535 0.152 0.152 0.152 0.1355 0.1355 0.1225 0.1225 0.127 0.127 0.127 0.1295 0.1295 0.1375 0.1375 0.1295 0.1295 0.131 0.131 0.131 0.1195 0.1195 0.116 0.116 0.116 0.116 0.116 0.12 0.12 0.134 0.134 0.126 0.126 0.126 0.1265 0.1265 0.1235 0.1235 0.1275 0.1275 0.1275 0.1245 0.1245 0.122 0.122
0.092 0.1195 0.1195 0.117 0.117 0.117 0.1025 0.1025 0.1065 0.1065 0.1225 0.1225 0.1075 0.1075 0.1075 0.1065 0.1065 0.1685 0.1685 0.162 0.162 0.162 0.127 0.127 0.1295 0.1295 0.1515 0.1515 0.1515 0.1515 0.1515 0.1535 0.1535 0.152 0.152 0.152 0.1355 0.1355 0.1225 0.1225 0.127 0.127 0.127 0.1295 0.1295 0.1375 0.1375 0.1295 0.1295 0.131 0.131 0.131 0.1195 0.1195 0.116 0.116 0.116 0.116 0.116 0.12 0.12 0.134 0.134 0.126 0.126 0.126 0.1265 0.1265 0.1235 0.1235 0.1275 0.1275 0.1275 0.1245 0.1245 0.122 0.122
0.1715 0.151 0.151 0.151 0.151 0.151 0.172 0.172 0.18 0.18 0.187 0.187 0.1895 0.1895 0.1895 0.179 0.179 0.165 0.165 0.1535 0.1535 0.1535 0.142 0.142 0.134 0.134 0.15 0.15 0.15 0.1545 0.1545 0.1575 0.1575 0.1545 0.1545 0.1545 0.14 0.14 0.136 0.136 0.1475 0.1475 0.1475 0.159 0.159 0.148 0.148 0.1345 0.1345 0.128 0.128 0.128 0.1215 0.1215 0.1235 0.1235 0.1315 0.1315 0.1315 0.1375 0.1375 0.135 0.135 0.131 0.131 0.131 0.131 0.131 0.1245 0.1245 0.1355 0.1355 0.1355 0.1315 0.1315 0.133 0.133
0.1715 0.151 0.151 0.151 0.151 0.151 0.172 0.172 0.18 0.18 0.187 0.187 0.1895 0.1895 0.1895 0.179 0.179 0.165 0.165 0.1535 0.1535 0.1535 0.142 0.142 0.134 0.134 0.15 0.15 0.15 0.1545 0.1545 0.1575 0.1575 0.1545 0.1545 0.1545 0.14 0.14 0.136 0.136 0.1475 0.1475 0.1475 0.159 0.159 0.148 0.148 0.1345 0.1345 0.128 0.128 0.128 0.1215 0.1215 0.1235 0.1235 0.1315 0.1315 0.1315 0.1375 0.1375 0.135 0.135 0.131 0.131 0.131 0.131 0.131 0.1245 0.1245 0.1355 0.1355 0.1355 0.1315 0.1315 0.133 0.133
0.156 0.141 0.141 0.1645 0.1645 0.1645 0.1765 0.1765 0.199 0.199 0.1765 0.1765 0.1995 0.1995 0.1995 0.1845 0.1845 0.1585 0.1585 0.154 0.154 0.154 0.1425 0.1425 0.166 0.166 0.172 0.172 0.172 0.1605 0.1605 0.17 0.17 0.1605 0.1605 0.1605 0.1605 0.1605 0.1555 0.1555 0.1725 0.1725 0.1725 0.1605 0.1605 0.1475 0.1475 0.137 0.137 0.122 0.122 0.122 0.124 0.124 0.13 0.13 0.1395 0.1395 0.1395 0.144 0.144 0.138 0.138 0.1305 0.1305 0.1305 0.1285 0.1285 0.125 0.125 0.123 0.123 0.123 0.1315 0.1315 0.131 0.131
0.156 0.141 0.141 0.1645 0.1645 0.1645 0.1765 0.1765 0.199 0.199 0.1765 0.1765 0.1995 0.1995 0.1995 0.1845 0.1845 0.1585 0.1585 0.154 0.154 0.154 0.1425 0.1425 0.166 0.166 0.172 0.172 0.172 0.1605 0.1605 0.17 0.17 0.1605 0.1605 0.1605 0.1605 0.1605 0.1555 0.1555 0.1725 0.1725 0.1725 0.1605 0.1605 0.1475 0.1475 0.137 0.137 0.122 0.122 0.122 0.124 0.124 0.13 0.13 0.1395 0.1395 0.1395 0.144 0.144 0.138 0.138 0.1305 0.1305 0.1305 0.1285 0.1285 0.125 0.125 0.123 0.123 0.123 0.1315 0.1315 0.131 0.131
0.156 0.141 0.141 0.1645 0.1645 0.1645 0.1765 0.1765 0.199 0.199 0.1765 0.1765 0.1995 0.1995 0.1995 0.1845 0.1845 0.1585 0.1585 0.154 0.154 0.154 0.1425 0.1425 0.166 0.166 0.172 0.172 0.172 0.1605 0.1605 0.17 0.17 0.1605 0.1605 0.1605 0.1605 0.1605 0.1555 0.1555 0.1725 0.1725 0.1725 0.1605 0.1605 0.1475 0.1475 0.137 0.137 0.122 0.122 0.122 0.124 0.124 0.13 0.13 0.1395 0.1395 0.1395 0.144 0.144 0.138 0.138 0.1305 0.1305 0.1305 0.1285 0.1285 0.125 0.125 0.123 0.123 0.123 0.1315 0.1315 0.131 0.131
0.1235 0.131 0.131 0.162 0.162 0.162 0.187 0.187 0.1915 0.1915 0.2025 0.2025 0.1695 0.1695 0.1695 0.1595 0.1595 0.1575 0.1575 0.1475 0.1475 0.1475 0.152 0.152 0.177 0.177 0.1855 0.1855 0.1855 0.1955 0.1955 0.2115 0.2115 0.2055 0.2055 0.2055 0.167 0.167 0.1605 0.1605 0.1715 0.1715 0.1715 0.154 0.154 0.1445 0.1445 0.1365 0.1365 0.114 0.114 0.114 0.1185 0.1185 0.1445 0.1445 0.159 0.159 0.159 0.177 0.177 0.1595 0.1595 0.156 0.156 0.156 0.131 0.131 0.1285 0.1285 0.1265 0.1265 0.1265 0.136 0.136 0.132 0.132
0.1235 0.131 0.131 0.162 0.162 0.162 0.187 0.187 0.1915 0.1915 0.2025 0.2025 0.1695 0.1695 0.1695 0.1595 0.1595 0.1575 0.1575 0.1475 0.1475 0.1475 0.152 0.152 0.177 0.177 0.1855 0.1855 0.1855 0.1955 0.1955 0.2115 0.2115 0.2055 0.2055 0.2055 0.167 0.167 0.1605 0.1605 0.1715 0.1715 0.1715 0.154 0.154 0.1445 0.1445 0.1365 0.1365 0.114 0.114 0.114 0.1185 0.1185 0.1445 0.1445 0.159 0.159 0.159 0.177 0.177 0.1595 0.1595 0.156 0.156 0.156 0.131 0.131 0.1285 0.1285 0.1265 0.1265 0.1265 0.136 0.136 0.132 0.132
0.1035 0.116 0.116 0.159 0.159 0.159 0.1775 0.1775 0.1795 0.1795 0.1935 0.1935 0.1975 0.1975 0.1975 0.1575 0.1575 0.15 0.15 0.149 0.149 0.149 0.1785 0.1785 0.196 0.196 0.1995 0.1995 0.1995 0.2495 0.2495 0.2565 0.2565 0.2305 0.2305 0.2305 0.204 0.204 0.1805 0.1805 0.1675 0.1675 0.1675 0.1545 0.1545 0.1415 0.1415 0.139 0.139 0.125 0.125 0.125 0.141 0.141 0.18 0.18 0.197 0.197 0.197 0.198 0.198 0.1835 0.1835 0.2 0.2 0.2 0.1715 0.1715 0.213 0.213 0.1945 0.1945 0.1945 0.202 0.202 0.1845 0.1845
0.1035 0.116 0.116 0.159 0.159 0.159 0.1775 0.1775 0.1795 0.1795 0.1935 0.1935 0.1975 0.1975 0.1975 0.1575 0.1575 0.15 0.15 0.149 0.149 0.149 0.1785 0.1785 0.196 0.196 0.1995 0.1995 0.1995 0.2495 0.2495 0.2565 0.2565 0.2305 0.2305 0.2305 0.204 0.204 0.1805 0.1805 0.1675 0.1675 0.1675 0.1545 0.1545 0.1415 0.1415 0.139 0.139 0.125 0.125 0.125 0.141 0.141 0.18 0.18 0.197 0.197 0.197 0.198 0.198 0.1835 0.1835 0.2 0.2 0.2 0.1715 0.1715 0.213 0.213 0.1945 0.1945 0.1945 0.202 0.202 0.1845 0.1845
0.088 0.113 0.113 0.1615 0.1615 0.1615 0.162 0.162 0.177 0.177 0.1845 0.1845 0.194 0.194 0.194 0.2145 0.2145 0.2005 0.2005 0.208 0.208 0.208 0.2365 0.2365 0.2535 0.2535 0.238 0.238 0.238 0.2305 0.2305 0.2445 0.2445 0.2175 0.2175 0.2175 0.195 0.195 0.1955 0.1955 0.177 0.177 0.177 0.1535 0.1535 0.155 0.155 0.1525 0.1525 0.173 0.173 0.173 0.1845 0.1845 0.1865 0.1865 0.2005 0.2005 0.2005 0.205 0.205 0.2085 0.2085 0.2155 0.2155 0.2155 0.2205 0.2205 0.2095 0.2095 0.211 0.211 0.211 0.2055 0.2055 0.184 0.184
0.088 0.113 0.113 0.1615 0.1615 0.1615 0.162 0.162 0.177 0.177 0.1845 0.1845 0.194 0.194 0.194 0.2145 0.2145 0.2005 0.2005 0.208 0.208 0.208 0.2365 0.2365 0.2535 0.2535 0.238 0.238 0.238 0.2305 0.2305 0.2445 0.2445 0.2175 0.2175 0.2175 0.195 0.195 0.1955 0.1955 0.177 0.177 0.177 0.1535 0.1535 0.155 0.155 0.1525 0.1525 0.173 0.173 0.173 0.1845 0.1845 0.1865 0.1865 0.2005 0.2005 0.2005 0.205 0.205 0.2085 0.2085 0.2155 0.2155 0.2155 0.2205 0.2205 0.2095 0.2095 0.211 0.211 0.211 0.2055 0.2055 0.184 0.184
0.083 0.1395 0.1395 0.156 0.156 0.156 0.168 0.168 0.171 0.171 0.179 0.179 0.1825 0.1825 0.1825 0.1905 0.1905 0.2345 0.2345 0.237 0.237 0.237 0.2355 0.2355 0.24 0.24 0.214 0.214 0.214 0.191 0.191 0.196 0.196 0.1905 0.1905 0.1905 0.192 0.192 0.187 0.187 0.173 0.173 0.173 0.1455 0.1455 0.1375 0.1375 0.1345 0.1345 0.159 0.159 0.159 0.1585 0.1585 0.1455 0.1455 0.16 0.16 0.16 0.1775 0.1775 0.191 0.191 0.186 0.186 0.186 0.195 0.195 0.2205 0.2205 0.204 0.204 0.204 0.19 0.19 0.177 0.177
0.083 0.1395 0.1395 0.156 0.156 0.156 0.168 0.168 0.171 0.171 0.179 0.179 0.1825 0.1825 0.1825 0.1905 0.1905 0.2345 0.2345 0.237 0.237 0.237 0.2355 0.2355 0.24 0.24 0.214 0.214 0.214 0.191 0.191 0.196 0.196 0.1905 0.1905 0.1905 0.192 0.192 0.187 0.187 0.173 0.173 0.173 0.1455 0.1455 0.1375 0.1375 0.1345 0.1345 0.159 0.159 0.159 0.1585 0.1585 0.1455 0.1455 0.16 0.16 0.16 0.1775 0.1775 0.191 0.191 0.186 0.186 0.186 0.195 0.195 0.2205 0.2205 0.204 0.204 0.204 0.19 0.19 0.177 0.177
0.083 0.1395 0.1395 0.156 0.156 0.156 0.168 0.168 0.171 0.171 0.179 0.179 0.1825 0.1825 0.1825 0.1905 0.1905 0.2345 0.2345 0.237 0.237 0.237 0.2355 0.2355 0.24 0.24 0.214 0.214 0.214 0.191 0.191 0.196 0.196 0.1905 0.1905 0.1905 0.192 0.192 0.187 0.187 0.173 0.173 0.173 0.1455 0.1455 0.1375 0.1375 0.1345 0.1345 0.159 0.159 0.159 0.1585 0.1585 0.1455 0.1455 0.16 0.16 0.16 0.1775 0.1775 0.191 0.191 0.186 0.186 0.186 0.195 0.195 0.2205 0.2205 0.204 0.204 0.204 0.19 0.19 0.177 0.177
0.1135 0.133 0.133 0.147 0.147 0.147 0.1525 0.1525 0.156 0.156 0.1725 0.1725 0.1845 0.1845 0.1845 0.2125 0.2125 0.2455 0.2455 0.259 0.259 0.259 0.264 0.264 0.2505 0.2505 0.2405 0.2405 0.2405 0.1945 0.1945 0.1915 0.1915 0.181 0.181 0.181 0.185 0.185 0.1755 0.1755 0.1705 0.1705 0.1705 0.1535 0.1535 0.1325 0.1325 0.124 0.124 0.1405 0.1405 0.1405 0.1565 0.1565 0.137 0.137 0.158 0.158 0.158 0.175 0.175 0.173 0.173 0.179 0.179 0.179 0.1755 0.1755 0.173 0.173 0.178 0.178 0.178 0.1555 0.1555 0.1755 0.1755
0.1135 0.133 0.133 0.147 0.147 0.147 0.1525 0.1525 0.156 0.156 0.1725 0.1725 0.1845 0.1845 0.1845 0.2125 0.2125 0.2455 0.2455 0.259 0.259 0.259 0.264 0.264 0.2505 0.2505 0.2405 0.2405 0.2405 0.1945 0.1945 0.1915 0.1915 0.181 0.181 0.181 0.185 0.185 0.1755 0.1755 0.1705 0.1705 0.1705 0.1535 0.1535 0.1325 0.1325 0.124 0.124 0.1405 0.1405 0.1405 0.1565 0.1565 0.137 0.137 0.158 0.158 0.158 0.175 0.175 0.173 0.173 0.179 0.179 0.179 0.1755 0.1755 0.173 0.173 0.178 0.178 0.178 0.1555 0.1555 0.1755 0.1755
0.146 0.1475 0.1475 0.1505 0.1505 0.1505 0.173 0.173 0.165 0.165 0.1745 0.1745 0.1885 0.1885 0.1885 0.249 0.249 0.2675 0.2675 0.277 0.277 0.277 0.273 0.273 0.2405 0.2405 0.224 0.224 0.224 0.202 0.202 0.191 0.191 0.1955 0.1955 0.1955 0.2355 0.2355 0.2145 0.2145 0.1845 0.1845 0.1845 0.1875 0.1875 0.1895 0.1895 0.185 0.185 0.174 0.174 0.174 0.203 0.203 0.1685 0.1685 0.1515 0.1515 0.1515 0.1565 0.1565 0.1625 0.1625 0.1745 0.1745 0.1745 0.1715 0.1715 0.194 0.194 0.176 0.176 0.176 0.1675 0.1675 0.179 0.179
0.146 0.1475 0.1475 0.1505 0.1505 0.1505 0.173 0.173 0.165 0.165 0.1745 0.1745 0.1885 0.1885 0.1885 0.249 0.249 0.2675 0.2675 0.277 0.277 0.277 0.273 0.273 0.2405 0.2405 0.224 0.224 0.224 0.202 0.202 0.191 0.191 0.1955 0.1955 0.1955 0.2355 0.2355 0.2145 0.2145 0.1845 0.1845 0.1845 0.1875 0.1875 0.1895 0.1895 0.185 0.185 0.174 0.174 0.174 0.203 0.203 0.1685 0.1685 0.1515 0.1515 0.1515 0.1565 0.1565 0.1625 0.1625 0.1745 0.1745 0.1745 0.1715 0.1715 0.194 0.194 0.176 0.176 0.176 0.1675 0.1675 0.179 0.179
0.1555 0.142 0.142 0.149 0.149 0.149 0.1625 0.1625 0.1695 0.1695 0.2145 0.2145 0.24 0.24 0.24 0.25 0.25 0.2485 0.2485 0.2445 0.2445 0.2445 0.2575 0.2575 0.25 0.25 0.2415 0.2415 0.2415 0.2215 0.2215 0.228 0.228 0.2405 0.2405 0.2405 0.2225 0.2225 0.209 0.209 0.203 0.203 0.203 0.225 0.225 0.2045 0.2045 0.2 0.2 0.2195 0.2195 0.2195 0.224 0.224 0.2355 0.2355 0.1985 0.1985 0.1985 0.1895 0.1895 0.238 0.238 0.243 0.243 0.243 0.1935 0.1935 0.1955 0.1955 0.1845 0.1845 0.1845 0.1695 0.1695 0.1765 0.1765
0.1555 0.142 0.142 0.149 0.149 0.149 0.1625 0.1625 0.1695 0.1695 0.2145 0.2145 0.24 0.24 0.24 0.25 0.25 0.2485 0.2485 0.2445 0.2445 0.2445 0.2575 0.2575 0.25 0.25 0.2415 0.2415 0.2415 0.2215 0.2215 0.228 0.228 0.2405 0.2405 0.2405 0.2225 0.2225 0.209 0.209 0.203 0.203 0.203 0.225 0.225 0.2045 0.2045 0.2 0.2 0.2195 0.2195 0.2195 0.224 0.224 0.2355 0.2355 0.1985 0.1985 0.1985 0.1895 0.1895 0.238 0.238 0.243 0.243 0.243 0.1935 0.1935 0.1955 0.1955 0.1845 0.1845 0.1845 0.1695 0.1695 0.1765 0.1765
0.1555 0.142 0.142 0.149 0.149 0.149 0.1625 0.1625 0.1695 0.1695 0.2145 0.2145 0.24 0.24 0.24 0.25 0.25 0.2485 0.2485 0.2445 0.2445 0.2445 0.2575 0.2575 0.25 0.25 0.2415 0.2415 0.2415 0.2215 0.2215 0.228 0.228 0.2405 0.2405 0.2405 0.2225 0.2225 0.209 0.209 0.203 0.203 0.203 0.225 0.225 0.2045 0.2045 0.2 0.2 0.2195 0.2195 0.2195 0.224 0.224 0.2355 0.2355 0.1985 0.1985 0.1985 0.1895 0.1895 0.238 0.238 0.243 0.243 0.243 0.1935 0.1935 0.1955 0.1955 0.1845 0.1845 0.1845 0.1695 0.1695 0.1765 0.1765
0.142 0.157 0.157 0.172 0.172 0.172 0.168 0.168 0.2005 0.2005 0.208 0.208 0.2085 0.2085 0.2085 0.2475 0.2475 0.253 0.253 0.2555 0.2555 0.2555 0.282 0.282 0.289 0.289 0.3005 0.3005 0.3005 0.3 0.3 0.294 0.294 0.2705 0.2705 0.2705 0.275 0.275 0.2595 0.2595 0.2785 0.2785 0.2785 0.2475 0.2475 0.258 0.258 0.275 0.275 0.227 0.227 0.227 0.2325 0.2325 0.2725 0.2725 0.2825 0.2825 0.2825 0.2335 0.2335 0.2225 0.2225 0.2465 0.2465 0.2465 0.2635 0.2635 0.2535 0.2535 0.2775 0.2775 0.2775 0.243 0.243 0.24 0.24
