ndvi/NOAA-274.asc
ncols         252
nrows         154
xllcorner     -18.017974
yllcorner     13.481982
cellsize      0.035948
NODATA_value  -9999
[rows 34 to 67 of 154, columns 154 to 230 of 252]
0.1205 0.122 0.122 0.1105 0.1105 0.1105 0.118 0.118 0.12 0.12 0.129 0.129 0.1085 0.1085 0.1085 0.1035 0.1035 0.125 0.125 0.1355 0.1355 0.1355 0.1155 0.1155 0.124 0.124 0.137 0.137 0.137 0.1245 0.1245 0.1125 0.1125 0.0985 0.0985 0.0985 0.0995 0.0995 0.0955 0.0955 0.0965 0.0965 0.0965 0.104 0.104 0.107 0.107 0.103 0.103 0.119 0.119 0.119 0.1105 0.1105 0.1225 0.1225 0.119 0.119 0.119 0.127 0.127 0.12 0.12 0.113 0.113 0.113 0.1165 0.1165 0.118 0.118 0.123 0.123 0.123 0.116 0.116 0.105 0.105
0.1205 0.122 0.122 0.1105 0.1105 0.1105 0.118 0.118 0.12 0.12 0.129 0.129 0.1085 0.1085 0.1085 0.1035 0.1035 0.125 0.125 0.1355 0.1355 0.1355 0.1155 0.1155 0.124 0.124 0.137 0.137 0.137 0.1245 0.1245 0.1125 0.1125 0.0985 0.0985 0.0985 0.0995 0.0995 0.0955 0.0955 0.0965 0.0965 0.0965 0.104 0.104 0.107 0.107 0.103 0.103 0.119 0.119 0.119 0.1105 0.1105 0.1225 0.1225 0.119 0.119 0.119 0.127 0.127 0.12 0.12 0.113 0.113 0.113 0.1165 0.1165 0.118 0.118 0.123 0.123 0.123 0.116 0.116 0.105 0.105
0.1205 0.122 0.122 0.1105 0.1105 0.1105 0.118 0.118 0.12 0.12 0.129 0.129 0.1085 0.1085 0.1085 0.1035 0.1035 0.125 0.125 0.1355 0.1355 0.1355 0.1155 0.1155 0.124 0.124 0.137 0.137 0.137 0.1245 0.1245 0.1125 0.1125 0.0985 0.0985 0.0985 0.0995 0.0995 0.0955 0.0955 0.0965 0.0965 0.0965 0.104 0.104 0.107 0.107 0.103 0.103 0.119 0.119 0.119 0.1105 0.1105 0.1225 0.1225 0.119 0.119 0.119 0.127 0.127 0.12 0.12 0.113 0.113 0.113 0.1165 0.1165 0.118 0.118 0.123 0.123 0.123 0.116 0.116 0.105 0.105
0.1115 0.118 0.118 0.1315 0.1315 0.1315 0.1035 0.1035 0.0905 0.0905 0.095 0.095 0.1025 0.1025 0.1025 0.115 0.115 0.12 0.12 0.117 0.117 0.117 0.113 0.113 0.1265 0.1265 0.1215 0.1215 0.1215 0.1325 0.1325 0.1185 0.1185 0.121 0.121 0.121 0.108 0.108 0.107 0.107 0.1085 0.1085 0.1085 0.106 0.106 0.11 0.11 0.1095 0.1095 0.1075 0.1075 0.1075 0.113 0.113 0.1235 0.1235 0.1 0.1 0.1 0.105 0.105 0.1155 0.1155 0.1165 0.1165 0.1165 0.114 0.114 0.118 0.118 0.113 0.113 0.113 0.1155 0.1155 0.1125 0.1125
0.1115 0.118 0.118 0.1315 0.1315 0.1315 0.1035 0.1035 0.0905 0.0905 0.095 0.095 0.1025 0.1025 0.1025 0.115 0.115 0.12 0.12 0.117 0.117 0.117 0.113 0.113 0.1265 0.1265 0.1215 0.1215 0.1215 0.1325 0.1325 0.1185 0.1185 0.121 0.121 0.121 0.108 0.108 0.107 0.107 0.1085 0.1085 0.1085 0.106 0.106 0.11 0.11 0.1095 0.1095 0.1075 0.1075 0.1075 0.113 0.113 0.1235 0.1235 0.1 0.1 0.1 0.105 0.105 0.1155 0.1155 0.1165 0.1165 0.1165 0.114 0.114 0.118 0.118 0.113 0.113 0.113 0.1155 0.1155 0.1125 0.1125
0.108 0.1165 0.1165 0.096 0.096 0.096 0.108 0.108 0.098 0.098 0.1055 0.1055 0.1045 0.1045 0.1045 0.107 0.107 0.1015 0.1015 0.1015 0.1015 0.1015 0.096 0.096 0.132 0.132 0.1585 0.1585 0.1585 0.155 0.155 0.135 0.135 0.127 0.127 0.127 0.115 0.115 0.1125 0.1125 0.1015 0.1015 0.1015 0.105 0.105 0.1165 0.1165 0.1075 0.1075 0.1065 0.1065 0.1065 0.101 0.101 0.1125 0.1125 0.1095 0.1095 0.1095 0.1165 0.1165 0.1255 0.1255 0.126 0.126 0.126 0.1205 0.1205 0.118 0.118 0.12 0.12 0.12 0.117 0.117 0.118 0.118
0.108 0.1165 0.1165 0.096 0.096 0.096 0.108 0.108 0.098 0.098 0.1055 0.1055 0.1045 0.1045 0.1045 0.107 0.107 0.1015 0.1015 0.1015 0.1015 0.1015 0.096 0.096 0.132 0.132 0.1585 0.1585 0.1585 0.155 0.155 0.135 0.135 0.127 0.127 0.127 0.115 0.115 0.1125 0.1125 0.1015 0.1015 0.1015 0.105 0.105 0.1165 0.1165 0.1075 0.1075 0.1065 0.1065 0.1065 0.101 0.101 0.1125 0.1125 0.1095 0.1095 0.1095 0.1165 0.1165 0.1255 0.1255 0.126 0.126 0.126 0.1205 0.1205 0.118 0.118 0.12 0.12 0.12 0.117 0.117 0.118 0.118
0.125 0.1075 0.1075 0.09100001 0.09100001 0.09100001 0.097 0.097 0.0985 0.0985 0.132 0.132 0.118 0.118 0.118 0.1075 0.1075 0.1045 0.1045 0.102 0.102 0.102 0.113 0.113 0.1245 0.1245 0.1335 0.1335 0.1335 0.1415 0.1415 0.129 0.129 0.129 0.129 0.129 0.118 0.118 0.11 0.11 0.1145 0.1145 0.1145 0.1195 0.1195 0.132 0.132 0.113 0.113 0.129 0.129 0.129 0.1175 0.1175 0.1295 0.1295 0.13 0.13 0.13 0.1255 0.1255 0.121 0.121 0.1305 0.1305 0.1305 0.138 0.138 0.125 0.125 0.1075 0.1075 0.1075 0.111 0.111 0.1255 0.1255
0.125 0.1075 0.1075 0.09100001 0.09100001 0.09100001 0.097 0.097 0.0985 0.0985 0.132 0.132 0.118 0.118 0.118 0.1075 0.1075 0.1045 0.1045 0.102 0.102 0.102 0.113 0.113 0.1245 0.1245 0.1335 0.1335 0.1335 0.1415 0.1415 0.129 0.129 0.129 0.129 0.129 0.118 0.118 0.11 0.11 0.1145 0.1145 0.1145 0.1195 0.1195 0.132 0.132 0.113 0.113 0.129 0.129 0.129 0.1175 0.1175 0.1295 0.1295 0.13 0.13 0.13 0.1255 0.1255 0.121 0.121 0.1305 0.1305 0.1305 0.138 0.138 0.125 0.125 0.1075 0.1075 0.1075 0.111 0.111 0.1255 0.1255
0.125 0.1075 0.1075 0.09100001 0.09100001 0.09100001 0.097 0.097 0.0985 0.0985 0.132 0.132 0.118 0.118 0.118 0.1075 0.1075 0.1045 0.1045 0.102 0.102 0.102 0.113 0.113 0.1245 0.1245 0.1335 0.1335 0.1335 0.1415 0.1415 0.129 0.129 0.129 0.129 0.129 0.118 0.118 0.11 0.11 0.1145 0.1145 0.1145 0.1195 0.1195 0.132 0.132 0.113 0.113 0.129 0.129 0.129 0.1175 0.1175 0.1295 0.1295 0.13 0.13 0.13 0.1255 0.1255 0.121 0.121 0.1305 0.1305 0.1305 0.138 0.138 0.125 0.125 0.1075 0.1075 0.1075 0.111 0.111 0.1255 0.1255
0.1085 0.137 0.137 0.122 0.122 0.122 0.123 0.123 0.151 0.151 0.136 0.136 0.1135 0.1135 0.1135 0.1095 0.1095 0.13 0.13 0.1375 0.1375 0.1375 0.1135 0.1135 0.1235 0.1235 0.1265 0.1265 0.1265 0.139 0.139 0.144 0.144 0.1455 0.1455 0.1455 0.127 0.127 0.1355 0.1355 0.132 0.132 0.132 0.1355 0.1355 0.1415 0.1415 0.144 0.144 0.1455 0.1455 0.1455 0.1285 0.1285 0.135 0.135 0.146 0.146 0.146 0.162 0.162 0.147 0.147 0.1545 0.1545 0.1545 0.156 0.156 0.1535 0.1535 0.155 0.155 0.155 0.138 0.138 0.117 0.117
0.1085 0.137 0.137 0.122 0.122 0.122 0.123 0.123 0.151 0.151 0.136 0.136 0.1135 0.1135 0.1135 0.1095 0.1095 0.13 0.13 0.1375 0.1375 0.1375 0.1135 0.1135 0.1235 0.1235 0.1265 0.1265 0.1265 0.139 0.139 0.144 0.144 0.1455 0.1455 0.1455 0.127 0.127 0.1355 0.1355 0.132 0.132 0.132 0.1355 0.1355 0.1415 0.1415 0.144 0.144 0.1455 0.1455 0.1455 0.1285 0.1285 0.135 0.135 0.146 0.146 0.146 0.162 0.162 0.147 0.147 0.1545 0.1545 0.1545 0.156 0.156 0.1535 0.1535 0.155 0.155 0.155 0.138 0.138 0.117 0.117
0.125 0.139 0.139 0.1505 0.1505 0.1505 0.1885 0.1885 0.1415 0.1415 0.1415 0.1415 0.152 0.152 0.152 0.152 0.152 0.1525 0.1525 0.1435 0.1435 0.1435 0.1535 0.1535 0.136 0.136 0.1405 0.1405 0.1405 0.1445 0.1445 0.1565 0.1565 0.1655 0.1655 0.1655 0.13 0.13 0.1345 0.1345 0.138 0.138 0.138 0.1415 0.1415 0.167 0.167 0.163 0.163 0.166 0.166 0.166 0.137 0.137 0.145 0.145 0.1755 0.1755 0.1755 0.179 0.179 0.173 0.173 0.1665 0.1665 0.1665 0.1555 0.1555 0.1645 0.1645 0.172 0.172 0.172 0.1575 0.1575 0.1275 0.1275
0.125 0.139 0.139 0.1505 0.1505 0.1505 0.1885 0.1885 0.1415 0.1415 0.1415 0.1415 0.152 0.152 0.152 0.152 0.152 0.1525 0.1525 0.1435 0.1435 0.1435 0.1535 0.1535 0.136 0.136 0.1405 0.1405 0.1405 0.1445 0.1445 0.1565 0.1565 0.1655 0.1655 0.1655 0.13 0.13 0.1345 0.1345 0.138 0.138 0.138 0.1415 0.1415 0.167 0.167 0.163 0.163 0.166 0.166 0.166 0.137 0.137 0.145 0.145 0.1755 0.1755 0.1755 0.179 0.179 0.173 0.173 0.1665 0.1665 0.1665 0.1555 0.1555 0.1645 0.1645 0.172 0.172 0.172 0.1575 0.1575 0.1275 0.1275
0.112 0.126 0.126 0.1615 0.1615 0.1615 0.153 0.153 0.156 0.156 0.149 0.149 0.158 0.158 0.158 0.1315 0.1315 0.1385 0.1385 0.1505 0.1505 0.1505 0.149 0.149 0.1525 0.1525 0.148 0.148 0.148 0.149 0.149 0.154 0.154 0.1625 0.1625 0.1625 0.1665 0.1665 0.142 0.142 0.184 0.184 0.184 0.187 0.187 0.1705 0.1705 0.1705 0.1705 0.153 0.153 0.153 0.16 0.16 0.1645 0.1645 0.184 0.184 0.184 0.1865 0.1865 0.169 0.169 0.151 0.151 0.151 0.16 0.16 0.1725 0.1725 0.1665 0.1665 0.1665 0.1765 0.1765 0.1565 0.1565
0.112 0.126 0.126 0.1615 0.1615 0.1615 0.153 0.153 0.156 0.156 0.149 0.149 0.158 0.158 0.158 0.1315 0.1315 0.1385 0.1385 0.1505 0.1505 0.1505 0.149 0.149 0.1525 0.1525 0.148 0.148 0.148 0.149 0.149 0.154 0.154 0.1625 0.1625 0.1625 0.1665 0.1665 0.142 0.142 0.184 0.184 0.184 0.187 0.187 0.1705 0.1705 0.1705 0.1705 0.153 0.153 0.153 0.16 0.16 0.1645 0.1645 0.184 0.184 0.184 0.1865 0.1865 0.169 0.169 0.151 0.151 0.151 0.16 0.16 0.1725 0.1725 0.1665 0.1665 0.1665 0.1765 0.1765 0.1565 0.1565
0.112 0.126 0.126 0.1615 0.1615 0.1615 0.153 0.153 0.156 0.156 0.149 0.149 0.158 0.158 0.158 0.1315 0.1315 0.1385 0.1385 0.1505 0.1505 0.1505 0.149 0.149 0.1525 0.1525 0.148 0.148 0.148 0.149 0.149 0.154 0.154 0.1625 0.1625 0.1625 0.1665 0.1665 0.142 0.142 0.184 0.184 0.184 0.187 0.187 0.1705 0.1705 0.1705 0.1705 0.153 0.153 0.153 0.16 0.16 0.1645 0.1645 0.184 0.184 0.184 0.1865 0.1865 0.169 0.169 0.151 0.151 0.151 0.16 0.16 0.1725 0.1725 0.1665 0.1665 0.1665 0.1765 0.1765 0.1565 0.1565
0.1065 0.1555 0.1555 0.1645 0.1645 0.1645 0.1585 0.1585 0.1765 0.1765 0.165 0.165 0.146 0.146 0.146 0.149 0.149 0.15 0.15 0.148 0.148 0.148 0.1515 0.1515 0.17 0.17 0.1755 0.1755 0.1755 0.1505 0.1505 0.151 0.151 0.174 0.174 0.174 0.2 0.2 0.1785 0.1785 0.185 0.185 0.185 0.2085 0.2085 0.193 0.193 0.1685 0.1685 0.1745 0.1745 0.1745 0.1795 0.1795 0.181 0.181 0.185 0.185 0.185 0.189 0.189 0.163 0.163 0.1635 0.1635 0.1635 0.154 0.154 0.1625 0.1625 0.1675 0.1675 0.1675 0.1695 0.1695 0.161 0.161
0.1065 0.1555 0.1555 0.1645 0.1645 0.1645 0.1585 0.1585 0.1765 0.1765 0.165 0.165 0.146 0.146 0.146 0.149 0.149 0.15 0.15 0.148 0.148 0.148 0.1515 0.1515 0.17 0.17 0.1755 0.1755 0.1755 0.1505 0.1505 0.151 0.151 0.174 0.174 0.174 0.2 0.2 0.1785 0.1785 0.185 0.185 0.185 0.2085 0.2085 0.193 0.193 0.1685 0.1685 0.1745 0.1745 0.1745 0.1795 0.1795 0.181 0.181 0.185 0.185 0.185 0.189 0.189 0.163 0.163 0.1635 0.1635 0.1635 0.154 0.154 0.1625 0.1625 0.1675 0.1675 0.1675 0.1695 0.1695 0.161 0.161
0.116 0.1545 0.1545 0.175 0.175 0.175 0.1895 0.1895 0.1915 0.1915 0.1735 0.1735 0.1605 0.1605 0.1605 0.142 0.142 0.1535 0.1535 0.1535 0.1535 0.1535 0.1595 0.1595 0.191 0.191 0.1875 0.1875 0.1875 0.1895 0.1895 0.2085 0.2085 0.2375 0.2375 0.2375 0.235 0.235 0.195 0.195 0.198 0.198 0.198 0.1735 0.1735 0.1835 0.1835 0.1745 0.1745 0.1735 0.1735 0.1735 0.176 0.176 0.1915 0.1915 0.1755 0.1755 0.1755 0.19 0.19 0.1905 0.1905 0.179 0.179 0.179 0.1935 0.1935 0.1705 0.1705 0.185 0.185 0.185 0.194 0.194 0.206 0.206
0.116 0.1545 0.1545 0.175 0.175 0.175 0.1895 0.1895 0.1915 0.1915 0.1735 0.1735 0.1605 0.1605 0.1605 0.142 0.142 0.1535 0.1535 0.1535 0.1535 0.1535 0.1595 0.1595 0.191 0.191 0.1875 0.1875 0.1875 0.1895 0.1895 0.2085 0.2085 0.2375 0.2375 0.2375 0.235 0.235 0.195 0.195 0.198 0.198 0.198 0.1735 0.1735 0.1835 0.1835 0.1745 0.1745 0.1735 0.1735 0.1735 0.176 0.176 0.1915 0.1915 0.1755 0.1755 0.1755 0.19 0.19 0.1905 0.1905 0.179 0.179 0.179 0.1935 0.1935 0.1705 0.1705 0.185 0.185 0.185 0.194 0.194 0.206 0.206
0.1155 0.09 0.09 0.154 0.154 0.154 0.1755 0.1755 0.1655 0.1655 0.1715 0.1715 0.1695 0.1695 0.1695 0.176 0.176 0.183 0.183 0.2045 0.2045 0.2045 0.187 0.187 0.1845 0.1845 0.2435 0.2435 0.2435 0.228 0.228 0.233 0.233 0.2095 0.2095 0.2095 0.205 0.205 0.1885 0.1885 0.2 0.2 0.2 0.1865 0.1865 0.18 0.18 0.1955 0.1955 0.172 0.172 0.172 0.1635 0.1635 0.175 0.175 0.2015 0.2015 0.2015 0.195 0.195 0.2075 0.2075 0.2225 0.2225 0.2225 0.2 0.2 0.1985 0.1985 0.22 0.22 0.22 0.215 0.215 0.199 0.199
0.1155 0.09 0.09 0.154 0.154 0.154 0.1755 0.1755 0.1655 0.1655 0.1715 0.1715 0.1695 0.1695 0.1695 0.176 0.176 0.183 0.183 0.2045 0.2045 0.2045 0.187 0.187 0.1845 0.1845 0.2435 0.2435 0.2435 0.228 0.228 0.233 0.233 0.2095 0.2095 0.2095 0.205 0.205 0.1885 0.1885 0.2 0.2 0.2 0.1865 0.1865 0.18 0.18 0.1955 0.1955 0.172 0.172 0.172 0.1635 0.1635 0.175 0.175 0.2015 0.2015 0.2015 0.195 0.195 0.2075 0.2075 0.2225 0.2225 0.2225 0.2 0.2 0.1985 0.1985 0.22 0.22 0.22 0.215 0.215 0.199 0.199
0.0915 0.087 0.087 0.1425 0.1425 0.1425 0.1735 0.1735 0.1665 0.1665 0.155 0.155 0.1695 0.1695 0.1695 0.1705 0.1705 0.206 0.206 0.2355 0.2355 0.2355 0.231 0.231 0.2405 0.2405 0.2045 0.2045 0.2045 0.226 0.226 0.2025 0.2025 0.214 0.214 0.214 0.1925 0.1925 0.181 0.181 0.18 0.18 0.18 0.181 0.181 0.182 0.182 0.1515 0.1515 0.198 0.198 0.198 0.1625 0.1625 0.151 0.151 0.166 0.166 0.166 0.1795 0.1795 0.2135 0.2135 0.1805 0.1805 0.1805 0.192 0.192 0.209 0.209 0.2005 0.2005 0.2005 0.1755 0.1755 0.234 0.234
0.0915 0.087 0.087 0.1425 0.1425 0.1425 0.1735 0.1735 0.1665 0.1665 0.155 0.155 0.1695 0.1695 0.1695 0.1705 0.1705 0.206 0.206 0.2355 0.2355 0.2355 0.231 0.231 0.2405 0.2405 0.2045 0.2045 0.2045 0.226 0.226 0.2025 0.2025 0.214 0.214 0.214 0.1925 0.1925 0.181 0.181 0.18 0.18 0.18 0.181 0.181 0.182 0.182 0.1515 0.1515 0.198 0.198 0.198 0.1625 0.1625 0.151 0.151 0.166 0.166 0.166 0.1795 0.1795 0.2135 0.2135 0.1805 0.1805 0.1805 0.192 0.192 0.209 0.209 0.2005 0.2005 0.2005 0.1755 0.1755 0.234 0.234
0.0915 0.087 0.087 0.1425 0.1425 0.1425 0.1735 0.1735 0.1665 0.1665 0.155 0.155 0.1695 0.1695 0.1695 0.1705 0.1705 0.206 0.206 0.2355 0.2355 0.2355 0.231 0.231 0.2405 0.2405 0.2045 0.2045 0.2045 0.226 0.226 0.2025 0.2025 0.214 0.214 0.214 0.1925 0.1925 0.181 0.181 0.18 0.18 0.18 0.181 0.181 0.182 0.182 0.1515 0.1515 0.198 0.198 0.198 0.1625 0.1625 0.151 0.151 0.166 0.166 0.166 0.1795 0.1795 0.2135 0.2135 0.1805 0.1805 0.1805 0.192 0.192 0.209 0.209 0.2005 0.2005 0.2005 0.1755 0.1755 0.234 0.234
0.1225 0.141 0.141 0.137 0.137 0.137 0.169 0.169 0.201 0.201 0.1805 0.1805 0.177 0.177 0.177 0.178 0.178 0.238 0.238 0.24 0.24 0.24 0.228 0.228 0.2085 0.2085 0.1905 0.1905 0.1905 0.1885 0.1885 0.2235 0.2235 0.215 0.215 0.215 0.22 0.22 0.1935 0.1935 0.2215 0.2215 0.2215 0.192 0.192 0.153 0.153 0.144 0.144 0.1305 0.1305 0.1305 0.1655 0.1655 0.1625 0.1625 0.1465 0.1465 0.1465 0.203 0.203 0.1965 0.1965 0.194 0.194 0.194 0.198 0.198 0.195 0.195 0.199 0.199 0.199 0.16 0.16 0.181 0.181
0.1225 0.141 0.141 0.137 0.137 0.137 0.169 0.169 0.201 0.201 0.1805 0.1805 0.177 0.177 0.177 0.178 0.178 0.238 0.238 0.24 0.24 0.24 0.228 0.228 0.2085 0.2085 0.1905 0.1905 0.1905 0.1885 0.1885 0.2235 0.2235 0.215 0.215 0.215 0.22 0.22 0.1935 0.1935 0.2215 0.2215 0.2215 0.192 0.192 0.153 0.153 0.144 0.144 0.1305 0.1305 0.1305 0.1655 0.1655 0.1625 0.1625 0.1465 0.1465 0.1465 0.203 0.203 0.1965 0.1965 0.194 0.194 0.194 0.198 0.198 0.195 0.195 0.199 0.199 0.199 0.16 0.16 0.181 0.181
0.147 0.142 0.142 0.126 0.126 0.126 0.1135 0.1135 0.1355 0.1355 0.166 0.166 0.183 0.183 0.183 0.2365 0.2365 0.2195 0.2195 0.212 0.212 0.212 0.2055 0.2055 0.2065 0.2065 0.189 0.189 0.189 0.204 0.204 0.235 0.235 0.2195 0.2195 0.2195 0.216 0.216 0.1995 0.1995 0.219 0.219 0.219 0.204 0.204 0.206 0.206 0.2015 0.2015 0.18 0.18 0.18 0.2155 0.2155 0.196 0.196 0.1895 0.1895 0.1895 0.1995 0.1995 0.1965 0.1965 0.212 0.212 0.212 0.214 0.214 0.207 0.207 0.2055 0.2055 0.2055 0.175 0.175 0.1715 0.1715
0.147 0.142 0.142 0.126 0.126 0.126 0.1135 0.1135 0.1355 0.1355 0.166 0.166 0.183 0.183 0.183 0.2365 0.2365 0.2195 0.2195 0.212 0.212 0.212 0.2055 0.2055 0.2065 0.2065 0.189 0.189 0.189 0.204 0.204 0.235 0.235 0.2195 0.2195 0.2195 0.216 0.216 0.1995 0.1995 0.219 0.219 0.219 0.204 0.204 0.206 0.206 0.2015 0.2015 0.18 0.18 0.18 0.2155 0.2155 0.196 0.196 0.1895 0.1895 0.1895 0.1995 0.1995 0.1965 0.1965 0.212 0.212 0.212 0.214 0.214 0.207 0.207 0.2055 0.2055 0.2055 0.175 0.175 0.1715 0.1715
0.165 0.1245 0.1245 0.1535 0.1535 0.1535 0.123 0.123 0.163 0.163 0.2125 0.2125 0.1955 0.1955 0.1955 0.2185 0.2185 0.2225 0.2225 0.2305 0.2305 0.2305 0.222 0.222 0.221 0.221 0.1985 0.1985 0.1985 0.2095 0.2095 0.2315 0.2315 0.234 0.234 0.234 0.269 0.269 0.2485 0.2485 0.23 0.23 0.23 0.23 0.23 0.2395 0.2395 0.212 0.212 0.2335 0.2335 0.2335 0.247 0.247 0.29 0.29 0.2265 0.2265 0.2265 0.21 0.21 0.199 0.199 0.2145 0.2145 0.2145 0.21 0.21 0.2125 0.2125 0.203 0.203 0.203 0.184 0.184 0.199 0.199
0.165 0.1245 0.1245 0.1535 0.1535 0.1535 0.123 0.123 0.163 0.163 0.2125 0.2125 0.1955 0.1955 0.1955 0.2185 0.2185 0.2225 0.2225 0.2305 0.2305 0.2305 0.222 0.222 0.221 0.221 0.1985 0.1985 0.1985 0.2095 0.2095 0.2315 0.2315 0.234 0.234 0.234 0.269 0.269 0.2485 0.2485 0.23 0.23 0.23 0.23 0.23 0.2395 0.2395 0.212 0.212 0.2335 0.2335 0.2335 0.247 0.247 0.29 0.29 0.2265 0.2265 0.2265 0.21 0.21 0.199 0.199 0.2145 0.2145 0.2145 0.21 0.21 0.2125 0.2125 0.203 0.203 0.203 0.184 0.184 0.199 0.199
0.165 0.1245 0.1245 0.1535 0.1535 0.1535 0.123 0.123 0.163 0.163 0.2125 0.2125 0.1955 0.1955 0.1955 0.2185 0.2185 0.2225 0.2225 0.2305 0.2305 0.2305 0.222 0.222 0.221 0.221 0.1985 0.1985 0.1985 0.2095 0.2095 0.2315 0.2315 0.234 0.234 0.234 0.269 0.269 0.2485 0.2485 0.23 0.23 0.23 0.23 0.23 0.2395 0.2395 0.212 0.212 0.2335 0.2335 0.2335 0.247 0.247 0.29 0.29 0.2265 0.2265 0.2265 0.21 0.21 0.199 0.199 0.2145 0.2145 0.2145 0.21 0.21 0.2125 0.2125 0.203 0.203 0.203 0.184 0.184 0.199 0.199
0.1805 0.176 0.176 0.1665 0.1665 0.1665 0.163 0.163 0.1695 0.1695 0.206 0.206 0.2135 0.2135 0.2135 0.253 0.253 0.245 0.245 0.2165 0.2165 0.2165 0.2485 0.2485 0.247 0.247 0.2735 0.2735 0.2735 0.2685 0.2685 0.25 0.25 0.244 0.244 0.244 0.231 0.231 0.243 0.243 0.232 0.232 0.232 0.2425 0.2425 0.2375 0.2375 0.2305 0.2305 0.2675 0.2675 0.2675 0.2885 0.2885 0.2775 0.2775 0.2955 0.2955 0.2955 0.2815 0.2815 0.2685 0.2685 0.2315 0.2315 0.2315 0.2425 0.2425 0.244 0.244 0.2455 0.2455 0.2455 0.2215 0.2215 0.217 0.217
