ndvi/NOAA-154.asc
ncols         252
nrows         154
xllcorner     -18.017974
yllcorner     13.481982
cellsize      0.035948
NODATA_value  -9999
[rows 0 to 33 of 154, columns 78 to 155 of 252]
0.09 0.09100001 0.09100001 0.089 0.089 0.089 0.089 0.089 0.0875 0.0875 0.09299999 0.09299999 0.0925 0.0925 0.089 0.089 0.089 0.0875 0.0875 0.0895 0.0895 0.08750001 0.08750001 0.08750001 0.085 0.085 0.094 0.094 0.088 0.088 0.088 0.085 0.085 0.0795 0.0795 0.0855 0.0855 0.0855 0.086 0.086 0.0835 0.0835 0.085 0.085 0.085 0.094 0.094 0.0865 0.0865 0.0785 0.0785 0.0885 0.0885 0.0885 0.091 0.091 0.0935 0.0935 0.0985 0.0985 0.0985 0.0905 0.0905 0.0835 0.0835 0.085 0.085 0.085 0.08 0.08 0.0805 0.0805 0.0845 0.0845 0.0845 0.0845 0.0845 0.0785
0.09 0.09100001 0.09100001 0.089 0.089 0.089 0.089 0.089 0.0875 0.0875 0.09299999 0.09299999 0.0925 0.0925 0.089 0.089 0.089 0.0875 0.0875 0.0895 0.0895 0.08750001 0.08750001 0.08750001 0.085 0.085 0.094 0.094 0.088 0.088 0.088 0.085 0.085 0.0795 0.0795 0.0855 0.0855 0.0855 0.086 0.086 0.0835 0.0835 0.085 0.085 0.085 0.094 0.094 0.0865 0.0865 0.0785 0.0785 0.0885 0.0885 0.0885 0.091 0.091 0.0935 0.0935 0.0985 0.0985 0.0985 0.0905 0.0905 0.0835 0.0835 0.085 0.085 0.085 0.08 0.08 0.0805 0.0805 0.0845 0.0845 0.0845 0.0845 0.0845 0.0785
0.104 0.1005 0.1005 0.0915 0.0915 0.0915 0.0915 0.0915 0.095 0.095 0.0935 0.0935 0.089 0.089 0.0915 0.0915 0.0915 0.089 0.089 0.0895 0.0895 0.0915 0.0915 0.0915 0.087 0.087 0.0845 0.0845 0.081 0.081 0.081 0.077 0.077 0.0755 0.0755 0.09 0.09 0.09 0.086 0.086 0.0825 0.0825 0.081 0.081 0.081 0.0875 0.0875 0.087 0.087 0.0885 0.0885 0.095 0.095 0.095 0.093 0.093 0.096 0.096 0.095 0.095 0.095 0.098 0.098 0.0845 0.0845 0.08400001 0.08400001 0.08400001 0.0815 0.0815 0.081 0.081 0.081 0.081 0.081 0.082 0.082 0.082
0.104 0.1005 0.1005 0.0915 0.0915 0.0915 0.0915 0.0915 0.095 0.095 0.0935 0.0935 0.089 0.089 0.0915 0.0915 0.0915 0.089 0.089 0.0895 0.0895 0.0915 0.0915 0.0915 0.087 0.087 0.0845 0.0845 0.081 0.081 0.081 0.077 0.077 0.0755 0.0755 0.09 0.09 0.09 0.086 0.086 0.0825 0.0825 0.081 0.081 0.081 0.0875 0.0875 0.087 0.087 0.0885 0.0885 0.095 0.095 0.095 0.093 0.093 0.096 0.096 0.095 0.095 0.095 0.098 0.098 0.0845 0.0845 0.08400001 0.08400001 0.08400001 0.0815 0.0815 0.081 0.081 0.081 0.081 0.081 0.082 0.082 0.082
0.104 0.1005 0.1005 0.0915 0.0915 0.0915 0.0915 0.0915 0.095 0.095 0.0935 0.0935 0.089 0.089 0.0915 0.0915 0.0915 0.089 0.089 0.0895 0.0895 0.0915 0.0915 0.0915 0.087 0.087 0.0845 0.0845 0.081 0.081 0.081 0.077 0.077 0.0755 0.0755 0.09 0.09 0.09 0.086 0.086 0.0825 0.0825 0.081 0.081 0.081 0.0875 0.0875 0.087 0.087 0.0885 0.0885 0.095 0.095 0.095 0.093 0.093 0.096 0.096 0.095 0.095 0.095 0.098 0.098 0.0845 0.0845 0.08400001 0.08400001 0.08400001 0.0815 0.0815 0.081 0.081 0.081 0.081 0.081 0.082 0.082 0.082
0.1035 0.0915 0.0915 0.093 0.093 0.0965 0.0965 0.0965 0.0965 0.0965 0.09450001 0.09450001 0.09100001 0.09100001 0.091 0.091 0.091 0.0905 0.0905 0.0875 0.0875 0.0855 0.0855 0.0855 0.0835 0.0835 0.0815 0.0815 0.0815 0.0815 0.0815 0.082 0.082 0.08499999 0.08499999 0.094 0.094 0.094 0.0955 0.0955 0.078 0.078 0.082 0.082 0.082 0.084 0.084 0.0915 0.0915 0.088 0.088 0.0955 0.0955 0.0955 0.0885 0.0885 0.089 0.089 0.0955 0.0955 0.0955 0.0925 0.0925 0.096 0.096 0.101 0.101 0.101 0.093 0.093 0.0995 0.0995 0.09100001 0.09100001 0.09100001 0.088 0.088 0.087
0.1035 0.0915 0.0915 0.093 0.093 0.0965 0.0965 0.0965 0.0965 0.0965 0.09450001 0.09450001 0.09100001 0.09100001 0.091 0.091 0.091 0.0905 0.0905 0.0875 0.0875 0.0855 0.0855 0.0855 0.0835 0.0835 0.0815 0.0815 0.0815 0.0815 0.0815 0.082 0.082 0.08499999 0.08499999 0.094 0.094 0.094 0.0955 0.0955 0.078 0.078 0.082 0.082 0.082 0.084 0.084 0.0915 0.0915 0.088 0.088 0.0955 0.0955 0.0955 0.0885 0.0885 0.089 0.089 0.0955 0.0955 0.0955 0.0925 0.0925 0.096 0.096 0.101 0.101 0.101 0.093 0.093 0.0995 0.0995 0.09100001 0.09100001 0.09100001 0.088 0.088 0.087
0.09649999 0.09100001 0.09100001 0.096 0.096 0.0985 0.0985 0.0985 0.096 0.096 0.0945 0.0945 0.092 0.092 0.089 0.089 0.089 0.091 0.091 0.0935 0.0935 0.087 0.087 0.087 0.087 0.087 0.086 0.086 0.0865 0.0865 0.0865 0.09649999 0.09649999 0.0935 0.0935 0.0935 0.0935 0.0935 0.0905 0.0905 0.0845 0.0845 0.086 0.086 0.086 0.0905 0.0905 0.0915 0.0915 0.09100001 0.09100001 0.0965 0.0965 0.0965 0.104 0.104 0.09900001 0.09900001 0.0995 0.0995 0.0995 0.0995 0.0995 0.097 0.097 0.1015 0.1015 0.1015 0.0995 0.0995 0.1035 0.1035 0.1075 0.1075 0.1075 0.0925 0.0925 0.094
0.09649999 0.09100001 0.09100001 0.096 0.096 0.0985 0.0985 0.0985 0.096 0.096 0.0945 0.0945 0.092 0.092 0.089 0.089 0.089 0.091 0.091 0.0935 0.0935 0.087 0.087 0.087 0.087 0.087 0.086 0.086 0.0865 0.0865 0.0865 0.09649999 0.09649999 0.0935 0.0935 0.0935 0.0935 0.0935 0.0905 0.0905 0.0845 0.0845 0.086 0.086 0.086 0.0905 0.0905 0.0915 0.0915 0.09100001 0.09100001 0.0965 0.0965 0.0965 0.104 0.104 0.09900001 0.09900001 0.0995 0.0995 0.0995 0.0995 0.0995 0.097 0.097 0.1015 0.1015 0.1015 0.0995 0.0995 0.1035 0.1035 0.1075 0.1075 0.1075 0.0925 0.0925 0.094
0.099 0.094 0.094 0.0955 0.0955 0.098 0.098 0.098 0.09649999 0.09649999 0.0925 0.0925 0.095 0.095 0.097 0.097 0.097 0.0945 0.0945 0.0975 0.0975 0.095 0.095 0.095 0.0995 0.0995 0.097 0.097 0.099 0.099 0.099 0.102 0.102 0.106 0.106 0.09999999 0.09999999 0.09999999 0.092 0.092 0.091 0.091 0.0905 0.0905 0.0905 0.107 0.107 0.099 0.099 0.098 0.098 0.09450001 0.09450001 0.09450001 0.105 0.105 0.105 0.105 0.102 0.102 0.102 0.1055 0.1055 0.102 0.102 0.0995 0.0995 0.0995 0.09299999 0.09299999 0.1 0.1 0.103 0.103 0.103 0.0995 0.0995 0.1045
0.099 0.094 0.094 0.0955 0.0955 0.098 0.098 0.098 0.09649999 0.09649999 0.0925 0.0925 0.095 0.095 0.097 0.097 0.097 0.0945 0.0945 0.0975 0.0975 0.095 0.095 0.095 0.0995 0.0995 0.097 0.097 0.099 0.099 0.099 0.102 0.102 0.106 0.106 0.09999999 0.09999999 0.09999999 0.092 0.092 0.091 0.091 0.0905 0.0905 0.0905 0.107 0.107 0.099 0.099 0.098 0.098 0.09450001 0.09450001 0.09450001 0.105 0.105 0.105 0.105 0.102 0.102 0.102 0.1055 0.1055 0.102 0.102 0.0995 0.0995 0.0995 0.09299999 0.09299999 0.1 0.1 0.103 0.103 0.103 0.0995 0.0995 0.1045
0.0945 0.0975 0.0975 0.095 0.095 0.0955 0.0955 0.0955 0.09649999 0.09649999 0.0935 0.0935 0.098 0.098 0.099 0.099 0.099 0.0995 0.0995 0.097 0.097 0.0975 0.0975 0.0975 0.097 0.097 0.1015 0.1015 0.093 0.093 0.093 0.095 0.095 0.0915 0.0915 0.0935 0.0935 0.0935 0.0965 0.0965 0.102 0.102 0.1005 0.1005 0.1005 0.1025 0.1025 0.1015 0.1015 0.1005 0.1005 0.1145 0.1145 0.1145 0.115 0.115 0.1105 0.1105 0.115 0.115 0.115 0.113 0.113 0.1135 0.1135 0.109 0.109 0.109 0.096 0.096 0.104 0.104 0.0995 0.0995 0.0995 0.103 0.103 0.1005
0.0945 0.0975 0.0975 0.095 0.095 0.0955 0.0955 0.0955 0.09649999 0.09649999 0.0935 0.0935 0.098 0.098 0.099 0.099 0.099 0.0995 0.0995 0.097 0.097 0.0975 0.0975 0.0975 0.097 0.097 0.1015 0.1015 0.093 0.093 0.093 0.095 0.095 0.0915 0.0915 0.0935 0.0935 0.0935 0.0965 0.0965 0.102 0.102 0.1005 0.1005 0.1005 0.1025 0.1025 0.1015 0.1015 0.1005 0.1005 0.1145 0.1145 0.1145 0.115 0.115 0.1105 0.1105 0.115 0.115 0.115 0.113 0.113 0.1135 0.1135 0.109 0.109 0.109 0.096 0.096 0.104 0.104 0.0995 0.0995 0.0995 0.103 0.103 0.1005
0.0945 0.0975 0.0975 0.095 0.095 0.0955 0.0955 0.0955 0.09649999 0.09649999 0.0935 0.0935 0.098 0.098 0.099 0.099 0.099 0.0995 0.0995 0.097 0.097 0.0975 0.0975 0.0975 0.097 0.097 0.1015 0.1015 0.093 0.093 0.093 0.095 0.095 0.0915 0.0915 0.0935 0.0935 0.0935 0.0965 0.0965 0.102 0.102 0.1005 0.1005 0.1005 0.1025 0.1025 0.1015 0.1015 0.1005 0.1005 0.1145 0.1145 0.1145 0.115 0.115 0.1105 0.1105 0.115 0.115 0.115 0.113 0.113 0.1135 0.1135 0.109 0.109 0.109 0.096 0.096 0.104 0.104 0.0995 0.0995 0.0995 0.103 0.103 0.1005
0.0995 0.0925 0.0925 0.0975 0.0975 0.09900001 0.09900001 0.09900001 0.1095 0.1095 0.0975 0.0975 0.1 0.1 0.1025 0.1025 0.1025 0.102 0.102 0.1035 0.1035 0.104 0.104 0.104 0.103 0.103 0.1035 0.1035 0.1005 0.1005 0.1005 0.098 0.098 0.0905 0.0905 0.09 0.09 0.09 0.0945 0.0945 0.099 0.099 0.105 0.105 0.105 0.1135 0.1135 0.1105 0.1105 0.107 0.107 0.122 0.122 0.122 0.127 0.127 0.119 0.119 0.133 0.133 0.133 0.1185 0.1185 0.126 0.126 0.111 0.111 0.111 0.102 0.102 0.1045 0.1045 0.1105 0.1105 0.1105 0.099 0.099 0.1025
0.0995 0.0925 0.0925 0.0975 0.0975 0.09900001 0.09900001 0.09900001 0.1095 0.1095 0.0975 0.0975 0.1 0.1 0.1025 0.1025 0.1025 0.102 0.102 0.1035 0.1035 0.104 0.104 0.104 0.103 0.103 0.1035 0.1035 0.1005 0.1005 0.1005 0.098 0.098 0.0905 0.0905 0.09 0.09 0.09 0.0945 0.0945 0.099 0.099 0.105 0.105 0.105 0.1135 0.1135 0.1105 0.1105 0.107 0.107 0.122 0.122 0.122 0.127 0.127 0.119 0.119 0.133 0.133 0.133 0.1185 0.1185 0.126 0.126 0.111 0.111 0.111 0.102 0.102 0.1045 0.1045 0.1105 0.1105 0.1105 0.099 0.099 0.1025
0.094 0.0975 0.0975 0.093 0.093 0.098 0.098 0.098 0.1015 0.1015 0.0995 0.0995 0.102 0.102 0.096 0.096 0.096 0.0975 0.0975 0.103 0.103 0.1025 0.1025 0.1025 0.106 0.106 0.1035 0.1035 0.107 0.107 0.107 0.1025 0.1025 0.1015 0.1015 0.095 0.095 0.095 0.09299999 0.09299999 0.0975 0.0975 0.1035 0.1035 0.1035 0.117 0.117 0.1085 0.1085 0.1145 0.1145 0.118 0.118 0.118 0.1185 0.1185 0.1255 0.1255 0.1335 0.1335 0.1335 0.124 0.124 0.1135 0.1135 0.113 0.113 0.113 0.09900001 0.09900001 0.1005 0.1005 0.1035 0.1035 0.1035 0.106 0.106 0.0975
0.094 0.0975 0.0975 0.093 0.093 0.098 0.098 0.098 0.1015 0.1015 0.0995 0.0995 0.102 0.102 0.096 0.096 0.096 0.0975 0.0975 0.103 0.103 0.1025 0.1025 0.1025 0.106 0.106 0.1035 0.1035 0.107 0.107 0.107 0.1025 0.1025 0.1015 0.1015 0.095 0.095 0.095 0.09299999 0.09299999 0.0975 0.0975 0.1035 0.1035 0.1035 0.117 0.117 0.1085 0.1085 0.1145 0.1145 0.118 0.118 0.118 0.1185 0.1185 0.1255 0.1255 0.1335 0.1335 0.1335 0.124 0.124 0.1135 0.1135 0.113 0.113 0.113 0.09900001 0.09900001 0.1005 0.1005 0.1035 0.1035 0.1035 0.106 0.106 0.0975
0.094 0.095 0.095 0.0955 0.0955 0.098 0.098 0.098 0.0985 0.0985 0.097 0.097 0.0965 0.0965 0.0995 0.0995 0.0995 0.1005 0.1005 0.098 0.098 0.1045 0.1045 0.1045 0.1065 0.1065 0.108 0.108 0.1135 0.1135 0.1135 0.118 0.118 0.1125 0.1125 0.103 0.103 0.103 0.103 0.103 0.09649999 0.09649999 0.1085 0.1085 0.1085 0.1145 0.1145 0.1175 0.1175 0.107 0.107 0.116 0.116 0.116 0.1085 0.1085 0.13 0.13 0.1305 0.1305 0.1305 0.1245 0.1245 0.1135 0.1135 0.113 0.113 0.113 0.112 0.112 0.1235 0.1235 0.1015 0.1015 0.1015 0.0995 0.0995 0.147
0.094 0.095 0.095 0.0955 0.0955 0.098 0.098 0.098 0.0985 0.0985 0.097 0.097 0.0965 0.0965 0.0995 0.0995 0.0995 0.1005 0.1005 0.098 0.098 0.1045 0.1045 0.1045 0.1065 0.1065 0.108 0.108 0.1135 0.1135 0.1135 0.118 0.118 0.1125 0.1125 0.103 0.103 0.103 0.103 0.103 0.09649999 0.09649999 0.1085 0.1085 0.1085 0.1145 0.1145 0.1175 0.1175 0.107 0.107 0.116 0.116 0.116 0.1085 0.1085 0.13 0.13 0.1305 0.1305 0.1305 0.1245 0.1245 0.1135 0.1135 0.113 0.113 0.113 0.112 0.112 0.1235 0.1235 0.1015 0.1015 0.1015 0.0995 0.0995 0.147
0.094 0.095 0.095 0.0955 0.0955 0.098 0.098 0.098 0.0985 0.0985 0.097 0.097 0.0965 0.0965 0.0995 0.0995 0.0995 0.1005 0.1005 0.098 0.098 0.1045 0.1045 0.1045 0.1065 0.1065 0.108 0.108 0.1135 0.1135 0.1135 0.118 0.118 0.1125 0.1125 0.103 0.103 0.103 0.103 0.103 0.09649999 0.09649999 0.1085 0.1085 0.1085 0.1145 0.1145 0.1175 0.1175 0.107 0.107 0.116 0.116 0.116 0.1085 0.1085 0.13 0.13 0.1305 0.1305 0.1305 0.1245 0.1245 0.1135 0.1135 0.113 0.113 0.113 0.112 0.112 0.1235 0.1235 0.1015 0.1015 0.1015 0.0995 0.0995 0.147
0.094 0.096 0.096 0.098 0.098 0.097 0.097 0.097 0.1005 0.1005 0.096 0.096 0.1005 0.1005 0.1045 0.1045 0.1045 0.1065 0.1065 0.106 0.106 0.11 0.11 0.11 0.118 0.118 0.121 0.121 0.121 0.121 0.121 0.126 0.126 0.122 0.122 0.1105 0.1105 0.1105 0.101 0.101 0.1225 0.1225 0.124 0.124 0.124 0.13 0.13 0.1355 0.1355 0.1245 0.1245 0.1185 0.1185 0.1185 0.12 0.12 0.139 0.139 0.135 0.135 0.135 0.141 0.141 0.1215 0.1215 0.115 0.115 0.115 0.1055 0.1055 0.134 0.134 0.111 0.111 0.111 0.101 0.101 0.155
0.094 0.096 0.096 0.098 0.098 0.097 0.097 0.097 0.1005 0.1005 0.096 0.096 0.1005 0.1005 0.1045 0.1045 0.1045 0.1065 0.1065 0.106 0.106 0.11 0.11 0.11 0.118 0.118 0.121 0.121 0.121 0.121 0.121 0.126 0.126 0.122 0.122 0.1105 0.1105 0.1105 0.101 0.101 0.1225 0.1225 0.124 0.124 0.124 0.13 0.13 0.1355 0.1355 0.1245 0.1245 0.1185 0.1185 0.1185 0.12 0.12 0.139 0.139 0.135 0.135 0.135 0.141 0.141 0.1215 0.1215 0.115 0.115 0.115 0.1055 0.1055 0.134 0.134 0.111 0.111 0.111 0.101 0.101 0.155
0.0985 0.0985 0.0985 0.09900001 0.09900001 0.11 0.11 0.11 0.1115 0.1115 0.1095 0.1095 0.1235 0.1235 0.125 0.125 0.125 0.1075 0.1075 0.1085 0.1085 0.1145 0.1145 0.1145 0.115 0.115 0.126 0.126 0.137 0.137 0.137 0.1455 0.1455 0.132 0.132 0.1055 0.1055 0.1055 0.104 0.104 0.1135 0.1135 0.122 0.122 0.122 0.142 0.142 0.138 0.138 0.1495 0.1495 0.12 0.12 0.12 0.107 0.107 0.12 0.12 0.1345 0.1345 0.1345 0.1325 0.1325 0.1245 0.1245 0.117 0.117 0.117 0.1195 0.1195 0.1145 0.1145 0.1115 0.1115 0.1115 0.1105 0.1105 0.133
0.0985 0.0985 0.0985 0.09900001 0.09900001 0.11 0.11 0.11 0.1115 0.1115 0.1095 0.1095 0.1235 0.1235 0.125 0.125 0.125 0.1075 0.1075 0.1085 0.1085 0.1145 0.1145 0.1145 0.115 0.115 0.126 0.126 0.137 0.137 0.137 0.1455 0.1455 0.132 0.132 0.1055 0.1055 0.1055 0.104 0.104 0.1135 0.1135 0.122 0.122 0.122 0.142 0.142 0.138 0.138 0.1495 0.1495 0.12 0.12 0.12 0.107 0.107 0.12 0.12 0.1345 0.1345 0.1345 0.1325 0.1325 0.1245 0.1245 0.117 0.117 0.117 0.1195 0.1195 0.1145 0.1145 0.1115 0.1115 0.1115 0.1105 0.1105 0.133
0.102 0.1095 0.1095 0.1085 0.1085 0.119 0.119 0.119 0.1235 0.1235 0.13 0.13 0.126 0.126 0.123 0.123 0.123 0.1125 0.1125 0.116 0.116 0.113 0.113 0.113 0.1155 0.1155 0.119 0.119 0.131 0.131 0.131 0.145 0.145 0.1405 0.1405 0.115 0.115 0.115 0.1035 0.1035 0.109 0.109 0.1275 0.1275 0.1275 0.1425 0.1425 0.1465 0.1465 0.133 0.133 0.1215 0.1215 0.1215 0.117 0.117 0.118 0.118 0.1205 0.1205 0.1205 0.133 0.133 0.1245 0.1245 0.1275 0.1275 0.1275 0.108 0.108 0.0985 0.0985 0.0985 0.0985 0.0985 0.1055 0.1055 0.1145
0.102 0.1095 0.1095 0.1085 0.1085 0.119 0.119 0.119 0.1235 0.1235 0.13 0.13 0.126 0.126 0.123 0.123 0.123 0.1125 0.1125 0.116 0.116 0.113 0.113 0.113 0.1155 0.1155 0.119 0.119 0.131 0.131 0.131 0.145 0.145 0.1405 0.1405 0.115 0.115 0.115 0.1035 0.1035 0.109 0.109 0.1275 0.1275 0.1275 0.1425 0.1425 0.1465 0.1465 0.133 0.133 0.1215 0.1215 0.1215 0.117 0.117 0.118 0.118 0.1205 0.1205 0.1205 0.133 0.133 0.1245 0.1245 0.1275 0.1275 0.1275 0.108 0.108 0.0985 0.0985 0.0985 0.0985 0.0985 0.1055 0.1055 0.1145
0.102 0.1095 0.1095 0.1085 0.1085 0.119 0.119 0.119 0.1235 0.1235 0.13 0.13 0.126 0.126 0.123 0.123 0.123 0.1125 0.1125 0.116 0.116 0.113 0.113 0.113 0.1155 0.1155 0.119 0.119 0.131 0.131 0.131 0.145 0.145 0.1405 0.1405 0.115 0.115 0.115 0.1035 0.1035 0.109 0.109 0.1275 0.1275 0.1275 0.1425 0.1425 0.1465 0.1465 0.133 0.133 0.1215 0.1215 0.1215 0.117 0.117 0.118 0.118 0.1205 0.1205 0.1205 0.133 0.133 0.1245 0.1245 0.1275 0.1275 0.1275 0.108 0.108 0.0985 0.0985 0.0985 0.0985 0.0985 0.1055 0.1055 0.1145
0.1065 0.1135 0.1135 0.1225 0.1225 0.1255 0.1255 0.1255 0.1295 0.1295 0.134 0.134 0.1365 0.1365 0.143 0.143 0.143 0.131 0.131 0.1145 0.1145 0.1095 0.1095 0.1095 0.113 0.113 0.122 0.122 0.1205 0.1205 0.1205 0.1385 0.1385 0.1235 0.1235 0.118 0.118 0.118 0.1095 0.1095 0.1185 0.1185 0.133 0.133 0.133 0.129 0.129 0.1445 0.1445 0.1175 0.1175 0.126 0.126 0.126 0.1135 0.1135 0.1255 0.1255 0.125 0.125 0.125 0.1285 0.1285 0.1295 0.1295 0.123 0.123 0.123 0.1295 0.1295 0.105 0.105 0.1045 0.1045 0.1045 0.09900001 0.09900001 0.122
0.1065 0.1135 0.1135 0.1225 0.1225 0.1255 0.1255 0.1255 0.1295 0.1295 0.134 0.134 0.1365 0.1365 0.143 0.143 0.143 0.131 0.131 0.1145 0.1145 0.1095 0.1095 0.1095 0.113 0.113 0.122 0.122 0.1205 0.1205 0.1205 0.1385 0.1385 0.1235 0.1235 0.118 0.118 0.118 0.1095 0.1095 0.1185 0.1185 0.133 0.133 0.133 0.129 0.129 0.1445 0.1445 0.1175 0.1175 0.126 0.126 0.126 0.1135 0.1135 0.1255 0.1255 0.125 0.125 0.125 0.1285 0.1285 0.1295 0.1295 0.123 0.123 0.123 0.1295 0.1295 0.105 0.105 0.1045 0.1045 0.1045 0.09900001 0.09900001 0.122
0.1325 0.1165 0.1165 0.1205 0.1205 0.124 0.124 0.124 0.128 0.128 0.139 0.139 0.147 0.147 0.146 0.146 0.146 0.138 0.138 0.1325 0.1325 0.125 0.125 0.125 0.131 0.131 0.132 0.132 0.1275 0.1275 0.1275 0.1265 0.1265 0.1335 0.1335 0.1315 0.1315 0.1315 0.1175 0.1175 0.1385 0.1385 0.133 0.133 0.133 0.1285 0.1285 0.133 0.133 0.1435 0.1435 0.1375 0.1375 0.1375 0.1375 0.1375 0.1445 0.1445 0.1375 0.1375 0.1375 0.1375 0.1375 0.1425 0.1425 0.129 0.129 0.129 0.117 0.117 0.1005 0.1005 0.1055 0.1055 0.1055 0.1125 0.1125 0.09299999
0.1325 0.1165 0.1165 0.1205 0.1205 0.124 0.124 0.124 0.128 0.128 0.139 0.139 0.147 0.147 0.146 0.146 0.146 0.138 0.138 0.1325 0.1325 0.125 0.125 0.125 0.131 0.131 0.132 0.132 0.1275 0.1275 0.1275 0.1265 0.1265 0.1335 0.1335 0.1315 0.1315 0.1315 0.1175 0.1175 0.1385 0.1385 0.133 0.133 0.133 0.1285 0.1285 0.133 0.133 0.1435 0.1435 0.1375 0.1375 0.1375 0.1375 0.1375 0.1445 0.1445 0.1375 0.1375 0.1375 0.1375 0.1375 0.1425 0.1425 0.129 0.129 0.129 0.117 0.117 0.1005 0.1005 0.1055 0.1055 0.1055 0.1125 0.1125 0.09299999
0.136 0.129 0.129 0.1155 0.1155 0.1185 0.1185 0.1185 0.13 0.13 0.1335 0.1335 0.146 0.146 0.1465 0.1465 0.1465 0.139 0.139 0.135 0.135 0.1395 0.1395 0.1395 0.1405 0.1405 0.141 0.141 0.1395 0.1395 0.1395 0.139 0.139 0.141 0.141 0.1315 0.1315 0.1315 0.133 0.133 0.137 0.137 0.1695 0.1695 0.1695 0.158 0.158 0.143 0.143 0.1385 0.1385 0.1385 0.1385 0.1385 0.132 0.132 0.1365 0.1365 0.139 0.139 0.139 0.142 0.142 0.146 0.146 0.1595 0.1595 0.1595 0.1485 0.1485 0.1375 0.1375 0.1305 0.1305 0.1305 0.1555 0.1555 0.1255
0.136 0.129 0.129 0.1155 0.1155 0.1185 0.1185 0.1185 0.13 0.13 0.1335 0.1335 0.146 0.146 0.1465 0.1465 0.1465 0.139 0.139 0.135 0.135 0.1395 0.1395 0.1395 0.1405 0.1405 0.141 0.141 0.1395 0.1395 0.1395 0.139 0.139 0.141 0.141 0.1315 0.1315 0.1315 0.133 0.133 0.137 0.137 0.1695 0.1695 0.1695 0.158 0.158 0.143 0.143 0.1385 0.1385 0.1385 0.1385 0.1385 0.132 0.132 0.1365 0.1365 0.139 0.139 0.139 0.142 0.142 0.146 0.146 0.1595 0.1595 0.1595 0.1485 0.1485 0.1375 0.1375 0.1305 0.1305 0.1305 0.1555 0.1555 0.1255
