ndvi/NOAA-87.asc
ncols         252
nrows         154
xllcorner     -18.017974
yllcorner     13.481982
cellsize      0.035948
NODATA_value  -9999
[rows 68 to 101 of 154, columns 77 to 153 of 252]
0.208 0.208 0.222 0.222 0.2025 0.2025 0.204 0.204 0.204 0.225 0.225 0.2225 0.2225 0.273 0.273 0.2255 0.2255 0.2255 0.2415 0.2415 0.2405 0.2405 0.2465 0.2465 0.2465 0.237 0.237 0.23 0.23 0.216 0.216 0.216 0.2115 0.2115 0.1985 0.1985 0.201 0.201 0.201 0.1995 0.1995 0.201 0.201 0.18 0.18 0.18 0.1415 0.1415 0.187 0.187 0.1845 0.1845 0.188 0.188 0.188 0.201 0.201 0.194 0.194 0.2225 0.2225 0.2225 0.2225 0.2225 0.234 0.234 0.2225 0.2225 0.2225 0.215 0.215 0.205 0.205 0.1965 0.1965 0.1965 0.1415
0.224 0.224 0.2155 0.2155 0.1985 0.1985 0.208 0.208 0.208 0.211 0.211 0.2355 0.2355 0.2405 0.2405 0.2315 0.2315 0.2315 0.2285 0.2285 0.231 0.231 0.2265 0.2265 0.2265 0.2725 0.2725 0.2465 0.2465 0.2195 0.2195 0.2195 0.203 0.203 0.1995 0.1995 0.21 0.21 0.21 0.217 0.217 0.21 0.21 0.208 0.208 0.208 0.1795 0.1795 0.178 0.178 0.179 0.179 0.1875 0.1875 0.1875 0.1985 0.1985 0.2065 0.2065 0.2115 0.2115 0.2115 0.231 0.231 0.231 0.231 0.2235 0.2235 0.2235 0.212 0.212 0.2205 0.2205 0.202 0.202 0.202 0.1455
0.224 0.224 0.2155 0.2155 0.1985 0.1985 0.208 0.208 0.208 0.211 0.211 0.2355 0.2355 0.2405 0.2405 0.2315 0.2315 0.2315 0.2285 0.2285 0.231 0.231 0.2265 0.2265 0.2265 0.2725 0.2725 0.2465 0.2465 0.2195 0.2195 0.2195 0.203 0.203 0.1995 0.1995 0.21 0.21 0.21 0.217 0.217 0.21 0.21 0.208 0.208 0.208 0.1795 0.1795 0.178 0.178 0.179 0.179 0.1875 0.1875 0.1875 0.1985 0.1985 0.2065 0.2065 0.2115 0.2115 0.2115 0.231 0.231 0.231 0.231 0.2235 0.2235 0.2235 0.212 0.212 0.2205 0.2205 0.202 0.202 0.202 0.1455
0.222 0.222 0.224 0.224 0.211 0.211 0.2075 0.2075 0.2075 0.206 0.206 0.2135 0.2135 0.2135 0.2135 0.22 0.22 0.22 0.24 0.24 0.224 0.224 0.214 0.214 0.214 0.2695 0.2695 0.254 0.254 0.2455 0.2455 0.2455 0.22 0.22 0.221 0.221 0.216 0.216 0.216 0.216 0.216 0.216 0.216 0.19 0.19 0.19 0.1645 0.1645 0.1645 0.1645 0.179 0.179 0.2105 0.2105 0.2105 0.2125 0.2125 0.2255 0.2255 0.22 0.22 0.22 0.219 0.219 0.221 0.221 0.2125 0.2125 0.2125 0.2155 0.2155 0.2185 0.2185 0.222 0.222 0.222 0.1705
0.222 0.222 0.224 0.224 0.211 0.211 0.2075 0.2075 0.2075 0.206 0.206 0.2135 0.2135 0.2135 0.2135 0.22 0.22 0.22 0.24 0.24 0.224 0.224 0.214 0.214 0.214 0.2695 0.2695 0.254 0.254 0.2455 0.2455 0.2455 0.22 0.22 0.221 0.221 0.216 0.216 0.216 0.216 0.216 0.216 0.216 0.19 0.19 0.19 0.1645 0.1645 0.1645 0.1645 0.179 0.179 0.2105 0.2105 0.2105 0.2125 0.2125 0.2255 0.2255 0.22 0.22 0.22 0.219 0.219 0.221 0.221 0.2125 0.2125 0.2125 0.2155 0.2155 0.2185 0.2185 0.222 0.222 0.222 0.1705
0.222 0.222 0.224 0.224 0.211 0.211 0.2075 0.2075 0.2075 0.206 0.206 0.2135 0.2135 0.2135 0.2135 0.22 0.22 0.22 0.24 0.24 0.224 0.224 0.214 0.214 0.214 0.2695 0.2695 0.254 0.254 0.2455 0.2455 0.2455 0.22 0.22 0.221 0.221 0.216 0.216 0.216 0.216 0.216 0.216 0.216 0.19 0.19 0.19 0.1645 0.1645 0.1645 0.1645 0.179 0.179 0.2105 0.2105 0.2105 0.2125 0.2125 0.2255 0.2255 0.22 0.22 0.22 0.219 0.219 0.221 0.221 0.2125 0.2125 0.2125 0.2155 0.2155 0.2185 0.2185 0.222 0.222 0.222 0.1705
0.2315 0.2315 0.2205 0.2205 0.2125 0.2125 0.2175 0.2175 0.2175 0.216 0.216 0.237 0.237 0.222 0.222 0.2085 0.2085 0.2085 0.221 0.221 0.213 0.213 0.219 0.219 0.219 0.219 0.219 0.2395 0.2395 0.2425 0.2425 0.2425 0.2375 0.2375 0.225 0.225 0.237 0.237 0.237 0.2215 0.2215 0.212 0.212 0.1835 0.1835 0.1835 0.189 0.189 0.237 0.237 0.212 0.212 0.221 0.221 0.221 0.2145 0.2145 0.2185 0.2185 0.211 0.211 0.211 0.208 0.208 0.217 0.217 0.2165 0.2165 0.2165 0.2235 0.2235 0.208 0.208 0.1725 0.1725 0.1725 0.1855
0.2315 0.2315 0.2205 0.2205 0.2125 0.2125 0.2175 0.2175 0.2175 0.216 0.216 0.237 0.237 0.222 0.222 0.2085 0.2085 0.2085 0.221 0.221 0.213 0.213 0.219 0.219 0.219 0.219 0.219 0.2395 0.2395 0.2425 0.2425 0.2425 0.2375 0.2375 0.225 0.225 0.237 0.237 0.237 0.2215 0.2215 0.212 0.212 0.1835 0.1835 0.1835 0.189 0.189 0.237 0.237 0.212 0.212 0.221 0.221 0.221 0.2145 0.2145 0.2185 0.2185 0.211 0.211 0.211 0.208 0.208 0.217 0.217 0.2165 0.2165 0.2165 0.2235 0.2235 0.208 0.208 0.1725 0.1725 0.1725 0.1855
0.2015 0.2015 0.219 0.219 0.2105 0.2105 0.2115 0.2115 0.2115 0.219 0.219 0.2215 0.2215 0.2255 0.2255 0.2175 0.2175 0.2175 0.205 0.205 0.2075 0.2075 0.214 0.214 0.214 0.2245 0.2245 0.228 0.228 0.2285 0.2285 0.2285 0.232 0.232 0.232 0.232 0.239 0.239 0.239 0.2375 0.2375 0.233 0.233 0.2225 0.2225 0.2225 0.205 0.205 0.2395 0.2395 0.224 0.224 0.2085 0.2085 0.2085 0.209 0.209 0.21 0.21 0.198 0.198 0.198 0.203 0.203 0.2005 0.2005 0.2115 0.2115 0.2115 0.2125 0.2125 0.183 0.183 0.114 0.114 0.114 0.161
0.2015 0.2015 0.219 0.219 0.2105 0.2105 0.2115 0.2115 0.2115 0.219 0.219 0.2215 0.2215 0.2255 0.2255 0.2175 0.2175 0.2175 0.205 0.205 0.2075 0.2075 0.214 0.214 0.214 0.2245 0.2245 0.228 0.228 0.2285 0.2285 0.2285 0.232 0.232 0.232 0.232 0.239 0.239 0.239 0.2375 0.2375 0.233 0.233 0.2225 0.2225 0.2225 0.205 0.205 0.2395 0.2395 0.224 0.224 0.2085 0.2085 0.2085 0.209 0.209 0.21 0.21 0.198 0.198 0.198 0.203 0.203 0.2005 0.2005 0.2115 0.2115 0.2115 0.2125 0.2125 0.183 0.183 0.114 0.114 0.114 0.161
0.198 0.198 0.201 0.201 0.1985 0.1985 0.21 0.21 0.21 0.2095 0.2095 0.212 0.212 0.2065 0.2065 0.206 0.206 0.206 0.197 0.197 0.2025 0.2025 0.205 0.205 0.205 0.2265 0.2265 0.2065 0.2065 0.2095 0.2095 0.2095 0.2265 0.2265 0.246 0.246 0.2355 0.2355 0.2355 0.2395 0.2395 0.2625 0.2625 0.239 0.239 0.239 0.2575 0.2575 0.246 0.246 0.2115 0.2115 0.2225 0.2225 0.2225 0.2105 0.2105 0.2025 0.2025 0.2065 0.2065 0.2065 0.2015 0.2015 0.1965 0.1965 0.186 0.186 0.186 0.196 0.196 0.2255 0.2255 0.1645 0.1645 0.1645 0.14
0.198 0.198 0.201 0.201 0.1985 0.1985 0.21 0.21 0.21 0.2095 0.2095 0.212 0.212 0.2065 0.2065 0.206 0.206 0.206 0.197 0.197 0.2025 0.2025 0.205 0.205 0.205 0.2265 0.2265 0.2065 0.2065 0.2095 0.2095 0.2095 0.2265 0.2265 0.246 0.246 0.2355 0.2355 0.2355 0.2395 0.2395 0.2625 0.2625 0.239 0.239 0.239 0.2575 0.2575 0.246 0.246 0.2115 0.2115 0.2225 0.2225 0.2225 0.2105 0.2105 0.2025 0.2025 0.2065 0.2065 0.2065 0.2015 0.2015 0.1965 0.1965 0.186 0.186 0.186 0.196 0.196 0.2255 0.2255 0.1645 0.1645 0.1645 0.14
0.2 0.2 0.208 0.208 0.2045 0.2045 0.2 0.2 0.2 0.207 0.207 0.208 0.208 0.2085 0.2085 0.1995 0.1995 0.1995 0.194 0.194 0.1855 0.1855 0.203 0.203 0.203 0.214 0.214 0.2185 0.2185 0.2255 0.2255 0.2255 0.225 0.225 0.2375 0.2375 0.25 0.25 0.25 0.2235 0.2235 0.245 0.245 0.2405 0.2405 0.2405 0.2515 0.2515 0.2605 0.2605 0.244 0.244 0.2205 0.2205 0.2205 0.199 0.199 0.193 0.193 0.2205 0.2205 0.2205 0.2055 0.2055 0.1755 0.1755 0.1675 0.1675 0.1675 0.1655 0.1655 0.1795 0.1795 0.1765 0.1765 0.1765 0.1415
0.2 0.2 0.208 0.208 0.2045 0.2045 0.2 0.2 0.2 0.207 0.207 0.208 0.208 0.2085 0.2085 0.1995 0.1995 0.1995 0.194 0.194 0.1855 0.1855 0.203 0.203 0.203 0.214 0.214 0.2185 0.2185 0.2255 0.2255 0.2255 0.225 0.225 0.2375 0.2375 0.25 0.25 0.25 0.2235 0.2235 0.245 0.245 0.2405 0.2405 0.2405 0.2515 0.2515 0.2605 0.2605 0.244 0.244 0.2205 0.2205 0.2205 0.199 0.199 0.193 0.193 0.2205 0.2205 0.2205 0.2055 0.2055 0.1755 0.1755 0.1675 0.1675 0.1675 0.1655 0.1655 0.1795 0.1795 0.1765 0.1765 0.1765 0.1415
0.2 0.2 0.208 0.208 0.2045 0.2045 0.2 0.2 0.2 0.207 0.207 0.208 0.208 0.2085 0.2085 0.1995 0.1995 0.1995 0.194 0.194 0.1855 0.1855 0.203 0.203 0.203 0.214 0.214 0.2185 0.2185 0.2255 0.2255 0.2255 0.225 0.225 0.2375 0.2375 0.25 0.25 0.25 0.2235 0.2235 0.245 0.245 0.2405 0.2405 0.2405 0.2515 0.2515 0.2605 0.2605 0.244 0.244 0.2205 0.2205 0.2205 0.199 0.199 0.193 0.193 0.2205 0.2205 0.2205 0.2055 0.2055 0.1755 0.1755 0.1675 0.1675 0.1675 0.1655 0.1655 0.1795 0.1795 0.1765 0.1765 0.1765 0.1415
0.2265 0.2265 0.2295 0.2295 0.2175 0.2175 0.222 0.222 0.222 0.2225 0.2225 0.2265 0.2265 0.2095 0.2095 0.203 0.203 0.203 0.189 0.189 0.202 0.202 0.2215 0.2215 0.2215 0.215 0.215 0.205 0.205 0.208 0.208 0.208 0.218 0.218 0.2125 0.2125 0.254 0.254 0.254 0.253 0.253 0.2295 0.2295 0.2195 0.2195 0.2195 0.239 0.239 0.2495 0.2495 0.226 0.226 0.2135 0.2135 0.2135 0.2065 0.2065 0.19 0.19 0.212 0.212 0.212 0.2145 0.2145 0.239 0.239 0.1885 0.1885 0.1885 0.1865 0.1865 0.1765 0.1765 0.1615 0.1615 0.1615 0.148
0.2265 0.2265 0.2295 0.2295 0.2175 0.2175 0.222 0.222 0.222 0.2225 0.2225 0.2265 0.2265 0.2095 0.2095 0.203 0.203 0.203 0.189 0.189 0.202 0.202 0.2215 0.2215 0.2215 0.215 0.215 0.205 0.205 0.208 0.208 0.208 0.218 0.218 0.2125 0.2125 0.254 0.254 0.254 0.253 0.253 0.2295 0.2295 0.2195 0.2195 0.2195 0.239 0.239 0.2495 0.2495 0.226 0.226 0.2135 0.2135 0.2135 0.2065 0.2065 0.19 0.19 0.212 0.212 0.212 0.2145 0.2145 0.239 0.239 0.1885 0.1885 0.1885 0.1865 0.1865 0.1765 0.1765 0.1615 0.1615 0.1615 0.148
0.2475 0.2475 0.244 0.244 0.2395 0.2395 0.2355 0.2355 0.2355 0.2495 0.2495 0.242 0.242 0.2245 0.2245 0.2245 0.2245 0.2245 0.233 0.233 0.21 0.21 0.22 0.22 0.22 0.207 0.207 0.2225 0.2225 0.219 0.219 0.219 0.227 0.227 0.249 0.249 0.217 0.217 0.217 0.2265 0.2265 0.239 0.239 0.237 0.237 0.237 0.227 0.227 0.228 0.228 0.2455 0.2455 0.245 0.245 0.245 0.219 0.219 0.2025 0.2025 0.226 0.226 0.226 0.24 0.24 0.237 0.237 0.2045 0.2045 0.2045 0.1845 0.1845 0.187 0.187 0.176 0.176 0.176 0.1615
0.2475 0.2475 0.244 0.244 0.2395 0.2395 0.2355 0.2355 0.2355 0.2495 0.2495 0.242 0.242 0.2245 0.2245 0.2245 0.2245 0.2245 0.233 0.233 0.21 0.21 0.22 0.22 0.22 0.207 0.207 0.2225 0.2225 0.219 0.219 0.219 0.227 0.227 0.249 0.249 0.217 0.217 0.217 0.2265 0.2265 0.239 0.239 0.237 0.237 0.237 0.227 0.227 0.228 0.228 0.2455 0.2455 0.245 0.245 0.245 0.219 0.219 0.2025 0.2025 0.226 0.226 0.226 0.24 0.24 0.237 0.237 0.2045 0.2045 0.2045 0.1845 0.1845 0.187 0.187 0.176 0.176 0.176 0.1615
0.251 0.251 0.2475 0.2475 0.2535 0.2535 0.233 0.233 0.233 0.2375 0.2375 0.2315 0.2315 0.229 0.229 0.224 0.224 0.224 0.22 0.22 0.2165 0.2165 0.22 0.22 0.22 0.2215 0.2215 0.224 0.224 0.2265 0.2265 0.2265 0.247 0.247 0.2515 0.2515 0.2345 0.2345 0.2345 0.2385 0.2385 0.244 0.244 0.2405 0.2405 0.2405 0.236 0.236 0.233 0.233 0.258 0.258 0.228 0.228 0.228 0.22 0.22 0.216 0.216 0.24 0.24 0.24 0.2515 0.2515 0.2405 0.2405 0.2065 0.2065 0.2065 0.188 0.188 0.1935 0.1935 0.1995 0.1995 0.1995 0.203
0.251 0.251 0.2475 0.2475 0.2535 0.2535 0.233 0.233 0.233 0.2375 0.2375 0.2315 0.2315 0.229 0.229 0.224 0.224 0.224 0.22 0.22 0.2165 0.2165 0.22 0.22 0.22 0.2215 0.2215 0.224 0.224 0.2265 0.2265 0.2265 0.247 0.247 0.2515 0.2515 0.2345 0.2345 0.2345 0.2385 0.2385 0.244 0.244 0.2405 0.2405 0.2405 0.236 0.236 0.233 0.233 0.258 0.258 0.228 0.228 0.228 0.22 0.22 0.216 0.216 0.24 0.24 0.24 0.2515 0.2515 0.2405 0.2405 0.2065 0.2065 0.2065 0.188 0.188 0.1935 0.1935 0.1995 0.1995 0.1995 0.203
0.251 0.251 0.2475 0.2475 0.2535 0.2535 0.233 0.233 0.233 0.2375 0.2375 0.2315 0.2315 0.229 0.229 0.224 0.224 0.224 0.22 0.22 0.2165 0.2165 0.22 0.22 0.22 0.2215 0.2215 0.224 0.224 0.2265 0.2265 0.2265 0.247 0.247 0.2515 0.2515 0.2345 0.2345 0.2345 0.2385 0.2385 0.244 0.244 0.2405 0.2405 0.2405 0.236 0.236 0.233 0.233 0.258 0.258 0.228 0.228 0.228 0.22 0.22 0.216 0.216 0.24 0.24 0.24 0.2515 0.2515 0.2405 0.2405 0.2065 0.2065 0.2065 0.188 0.188 0.1935 0.1935 0.1995 0.1995 0.1995 0.203
0.246 0.246 0.243 0.243 0.236 0.236 0.225 0.225 0.225 0.229 0.229 0.229 0.229 0.221 0.221 0.2215 0.2215 0.2215 0.231 0.231 0.2205 0.2205 0.205 0.205 0.205 0.226 0.226 0.2385 0.2385 0.23 0.23 0.23 0.2115 0.2115 0.231 0.231 0.2275 0.2275 0.2275 0.229 0.229 0.2395 0.2395 0.253 0.253 0.253 0.2675 0.2675 0.238 0.238 0.234 0.234 0.23 0.23 0.23 0.2315 0.2315 0.2255 0.2255 0.228 0.228 0.228 0.231 0.231 0.234 0.234 0.217 0.217 0.217 0.196 0.196 0.2095 0.2095 0.184 0.184 0.184 0.172
0.246 0.246 0.243 0.243 0.236 0.236 0.225 0.225 0.225 0.229 0.229 0.229 0.229 0.221 0.221 0.2215 0.2215 0.2215 0.231 0.231 0.2205 0.2205 0.205 0.205 0.205 0.226 0.226 0.2385 0.2385 0.23 0.23 0.23 0.2115 0.2115 0.231 0.231 0.2275 0.2275 0.2275 0.229 0.229 0.2395 0.2395 0.253 0.253 0.253 0.2675 0.2675 0.238 0.238 0.234 0.234 0.23 0.23 0.23 0.2315 0.2315 0.2255 0.2255 0.228 0.228 0.228 0.231 0.231 0.234 0.234 0.217 0.217 0.217 0.196 0.196 0.2095 0.2095 0.184 0.184 0.184 0.172
0.25 0.25 0.2365 0.2365 0.2405 0.2405 0.2365 0.2365 0.2365 0.2255 0.2255 0.223 0.223 0.2215 0.2215 0.2195 0.2195 0.2195 0.2175 0.2175 0.226 0.226 0.2235 0.2235 0.2235 0.222 0.222 0.226 0.226 0.2275 0.2275 0.2275 0.2135 0.2135 0.237 0.237 0.253 0.253 0.253 0.241 0.241 0.235 0.235 0.223 0.223 0.223 0.2455 0.2455 0.232 0.232 0.2445 0.2445 0.2335 0.2335 0.2335 0.234 0.234 0.232 0.232 0.2185 0.2185 0.2185 0.213 0.213 0.243 0.243 0.222 0.222 0.222 0.2265 0.2265 0.244 0.244 0.2325 0.2325 0.2325 0.2235
0.25 0.25 0.2365 0.2365 0.2405 0.2405 0.2365 0.2365 0.2365 0.2255 0.2255 0.223 0.223 0.2215 0.2215 0.2195 0.2195 0.2195 0.2175 0.2175 0.226 0.226 0.2235 0.2235 0.2235 0.222 0.222 0.226 0.226 0.2275 0.2275 0.2275 0.2135 0.2135 0.237 0.237 0.253 0.253 0.253 0.241 0.241 0.235 0.235 0.223 0.223 0.223 0.2455 0.2455 0.232 0.232 0.2445 0.2445 0.2335 0.2335 0.2335 0.234 0.234 0.232 0.232 0.2185 0.2185 0.2185 0.213 0.213 0.243 0.243 0.222 0.222 0.222 0.2265 0.2265 0.244 0.244 0.2325 0.2325 0.2325 0.2235
0.247 0.247 0.252 0.252 0.238 0.238 0.2475 0.2475 0.2475 0.2435 0.2435 0.2365 0.2365 0.231 0.231 0.2255 0.2255 0.2255 0.223 0.223 0.219 0.219 0.212 0.212 0.212 0.2265 0.2265 0.235 0.235 0.2425 0.2425 0.2425 0.2375 0.2375 0.2675 0.2675 0.2535 0.2535 0.2535 0.2545 0.2545 0.252 0.252 0.2265 0.2265 0.2265 0.2295 0.2295 0.2335 0.2335 0.249 0.249 0.227 0.227 0.227 0.256 0.256 0.229 0.229 0.221 0.221 0.221 0.2465 0.2465 0.269 0.269 0.25 0.25 0.25 0.233 0.233 0.2255 0.2255 0.2275 0.2275 0.2275 0.207
0.247 0.247 0.252 0.252 0.238 0.238 0.2475 0.2475 0.2475 0.2435 0.2435 0.2365 0.2365 0.231 0.231 0.2255 0.2255 0.2255 0.223 0.223 0.219 0.219 0.212 0.212 0.212 0.2265 0.2265 0.235 0.235 0.2425 0.2425 0.2425 0.2375 0.2375 0.2675 0.2675 0.2535 0.2535 0.2535 0.2545 0.2545 0.252 0.252 0.2265 0.2265 0.2265 0.2295 0.2295 0.2335 0.2335 0.249 0.249 0.227 0.227 0.227 0.256 0.256 0.229 0.229 0.221 0.221 0.221 0.2465 0.2465 0.269 0.269 0.25 0.25 0.25 0.233 0.233 0.2255 0.2255 0.2275 0.2275 0.2275 0.207
0.247 0.247 0.252 0.252 0.238 0.238 0.2475 0.2475 0.2475 0.2435 0.2435 0.2365 0.2365 0.231 0.231 0.2255 0.2255 0.2255 0.223 0.223 0.219 0.219 0.212 0.212 0.212 0.2265 0.2265 0.235 0.235 0.2425 0.2425 0.2425 0.2375 0.2375 0.2675 0.2675 0.2535 0.2535 0.2535 0.2545 0.2545 0.252 0.252 0.2265 0.2265 0.2265 0.2295 0.2295 0.2335 0.2335 0.249 0.249 0.227 0.227 0.227 0.256 0.256 0.229 0.229 0.221 0.221 0.221 0.2465 0.2465 0.269 0.269 0.25 0.25 0.25 0.233 0.233 0.2255 0.2255 0.2275 0.2275 0.2275 0.207
0.2385 0.2385 0.245 0.245 0.2365 0.2365 0.2175 0.2175 0.2175 0.2255 0.2255 0.2185 0.2185 0.2265 0.2265 0.2165 0.2165 0.2165 0.207 0.207 0.205 0.205 0.22 0.22 0.22 0.2375 0.2375 0.241 0.241 0.2355 0.2355 0.2355 0.2215 0.2215 0.2375 0.2375 0.251 0.251 0.251 0.253 0.253 0.232 0.232 0.2545 0.2545 0.2545 0.2585 0.2585 0.261 0.261 0.255 0.255 0.265 0.265 0.265 0.261 0.261 0.2385 0.2385 0.2655 0.2655 0.2655 0.237 0.237 0.2315 0.2315 0.234 0.234 0.234 0.2675 0.2675 0.2275 0.2275 0.1805 0.1805 0.1805 0.2245
0.2385 0.2385 0.245 0.245 0.2365 0.2365 0.2175 0.2175 0.2175 0.2255 0.2255 0.2185 0.2185 0.2265 0.2265 0.2165 0.2165 0.2165 0.207 0.207 0.205 0.205 0.22 0.22 0.22 0.2375 0.2375 0.241 0.241 0.2355 0.2355 0.2355 0.2215 0.2215 0.2375 0.2375 0.251 0.251 0.251 0.253 0.253 0.232 0.232 0.2545 0.2545 0.2545 0.2585 0.2585 0.261 0.261 0.255 0.255 0.265 0.265 0.265 0.261 0.261 0.2385 0.2385 0.2655 0.2655 0.2655 0.237 0.237 0.2315 0.2315 0.234 0.234 0.234 0.2675 0.2675 0.2275 0.2275 0.1805 0.1805 0.1805 0.2245
0.244 0.244 0.233 0.233 0.2335 0.2335 0.23 0.23 0.23 0.234 0.234 0.255 0.255 0.239 0.239 0.2385 0.2385 0.2385 0.229 0.229 0.2215 0.2215 0.2245 0.2245 0.2245 0.2235 0.2235 0.213 0.213 0.2295 0.2295 0.2295 0.2205 0.2205 0.2365 0.2365 0.2535 0.2535 0.2535 0.279 0.279 0.257 0.257 0.2775 0.2775 0.2775 0.27 0.27 0.2625 0.2625 0.264 0.264 0.266 0.266 0.266 0.252 0.252 0.236 0.236 0.2335 0.2335 0.2335 0.2545 0.2545 0.2385 0.2385 0.2605 0.2605 0.2605 0.284 0.284 0.2795 0.2795 0.259 0.259 0.259 0.2275
0.244 0.244 0.233 0.233 0.2335 0.2335 0.23 0.23 0.23 0.234 0.234 0.255 0.255 0.239 0.239 0.2385 0.2385 0.2385 0.229 0.229 0.2215 0.2215 0.2245 0.2245 0.2245 0.2235 0.2235 0.213 0.213 0.2295 0.2295 0.2295 0.2205 0.2205 0.2365 0.2365 0.2535 0.2535 0.2535 0.279 0.279 0.257 0.257 0.2775 0.2775 0.2775 0.27 0.27 0.2625 0.2625 0.264 0.264 0.266 0.266 0.266 0.252 0.252 0.236 0.236 0.2335 0.2335 0.2335 0.2545 0.2545 0.2385 0.2385 0.2605 0.2605 0.2605 0.284 0.284 0.2795 0.2795 0.259 0.259 0.259 0.2275
0.221 0.221 0.2265 0.2265 0.234 0.234 0.241 0.241 0.241 0.251 0.251 0.2375 0.2375 0.2355 0.2355 0.2375 0.2375 0.2375 0.256 0.256 0.2545 0.2545 0.2655 0.2655 0.2655 0.2395 0.2395 0.234 0.234 0.2505 0.2505 0.2505 0.257 0.257 0.2725 0.2725 0.2745 0.2745 0.2745 0.267 0.267 0.2515 0.2515 0.2525 0.2525 0.2525 0.2625 0.2625 0.2575 0.2575 0.262 0.262 0.2495 0.2495 0.2495 0.2805 0.2805 0.2505 0.2505 0.2435 0.2435 0.2435 0.2405 0.2405 0.283 0.283 0.2505 0.2505 0.2505 0.2695 0.2695 0.237 0.237 0.2285 0.2285 0.2285 0.224
