ndvi/NOAA-370.asc
ncols         252
nrows         154
xllcorner     -18.017974
yllcorner     13.481982
cellsize      0.035948
NODATA_value  -9999
[rows 0 to 34 of 154, columns 77 to 153 of 252]
0.1025 0.1025 0.099 0.099 0.0995 0.0995 0.09999999 0.09999999 0.09999999 0.102 0.102 0.097 0.097 0.097 0.097 0.098 0.098 0.098 0.096 0.096 0.0955 0.0955 0.097 0.097 0.097 0.0955 0.0955 0.099 0.099 0.094 0.094 0.094 0.0915 0.0915 0.088 0.088 0.087 0.087 0.087 0.0895 0.0895 0.087 0.087 0.087 0.087 0.087 0.085 0.085 0.082 0.082 0.09 0.09 0.0955 0.0955 0.0955 0.09299999 0.09299999 0.0995 0.0995 0.1005 0.1005 0.1005 0.101 0.101 0.1025 0.1025 0.1025 0.1025 0.1025 0.0915 0.0915 0.0915 0.0915 0.094 0.094 0.094 0.088
0.1025 0.1025 0.099 0.099 0.0995 0.0995 0.09999999 0.09999999 0.09999999 0.102 0.102 0.097 0.097 0.097 0.097 0.098 0.098 0.098 0.096 0.096 0.0955 0.0955 0.097 0.097 0.097 0.0955 0.0955 0.099 0.099 0.094 0.094 0.094 0.0915 0.0915 0.088 0.088 0.087 0.087 0.087 0.0895 0.0895 0.087 0.087 0.087 0.087 0.087 0.085 0.085 0.082 0.082 0.09 0.09 0.0955 0.0955 0.0955 0.09299999 0.09299999 0.0995 0.0995 0.1005 0.1005 0.1005 0.101 0.101 0.1025 0.1025 0.1025 0.1025 0.1025 0.0915 0.0915 0.0915 0.0915 0.094 0.094 0.094 0.088
0.102 0.102 0.1005 0.1005 0.103 0.103 0.09999999 0.09999999 0.09999999 0.09900001 0.09900001 0.1015 0.1015 0.1015 0.1015 0.1035 0.1035 0.1035 0.1015 0.1015 0.099 0.099 0.0955 0.0955 0.0955 0.0965 0.0965 0.097 0.097 0.0985 0.0985 0.0985 0.092 0.092 0.089 0.089 0.0985 0.0985 0.0985 0.092 0.092 0.085 0.085 0.0855 0.0855 0.0855 0.0915 0.0915 0.09450001 0.09450001 0.096 0.096 0.1005 0.1005 0.1005 0.1015 0.1015 0.1055 0.1055 0.1025 0.1025 0.1025 0.09999999 0.09999999 0.103 0.103 0.101 0.101 0.101 0.0965 0.0965 0.0985 0.0985 0.0955 0.0955 0.0955 0.0915
0.102 0.102 0.1005 0.1005 0.103 0.103 0.09999999 0.09999999 0.09999999 0.09900001 0.09900001 0.1015 0.1015 0.1015 0.1015 0.1035 0.1035 0.1035 0.1015 0.1015 0.099 0.099 0.0955 0.0955 0.0955 0.0965 0.0965 0.097 0.097 0.0985 0.0985 0.0985 0.092 0.092 0.089 0.089 0.0985 0.0985 0.0985 0.092 0.092 0.085 0.085 0.0855 0.0855 0.0855 0.0915 0.0915 0.09450001 0.09450001 0.096 0.096 0.1005 0.1005 0.1005 0.1015 0.1015 0.1055 0.1055 0.1025 0.1025 0.1025 0.09999999 0.09999999 0.103 0.103 0.101 0.101 0.101 0.0965 0.0965 0.0985 0.0985 0.0955 0.0955 0.0955 0.0915
0.102 0.102 0.1005 0.1005 0.103 0.103 0.09999999 0.09999999 0.09999999 0.09900001 0.09900001 0.1015 0.1015 0.1015 0.1015 0.1035 0.1035 0.1035 0.1015 0.1015 0.099 0.099 0.0955 0.0955 0.0955 0.0965 0.0965 0.097 0.097 0.0985 0.0985 0.0985 0.092 0.092 0.089 0.089 0.0985 0.0985 0.0985 0.092 0.092 0.085 0.085 0.0855 0.0855 0.0855 0.0915 0.0915 0.09450001 0.09450001 0.096 0.096 0.1005 0.1005 0.1005 0.1015 0.1015 0.1055 0.1055 0.1025 0.1025 0.1025 0.09999999 0.09999999 0.103 0.103 0.101 0.101 0.101 0.0965 0.0965 0.0985 0.0985 0.0955 0.0955 0.0955 0.0915
0.102 0.102 0.101 0.101 0.1005 0.1005 0.1005 0.1005 0.1005 0.104 0.104 0.1035 0.1035 0.1045 0.1045 0.103 0.103 0.103 0.101 0.101 0.097 0.097 0.1045 0.1045 0.1045 0.09649999 0.09649999 0.098 0.098 0.0965 0.0965 0.0965 0.098 0.098 0.09299999 0.09299999 0.0975 0.0975 0.0975 0.09450001 0.09450001 0.086 0.086 0.095 0.095 0.095 0.0925 0.0925 0.0995 0.0995 0.1025 0.1025 0.1015 0.1015 0.1015 0.102 0.102 0.107 0.107 0.1055 0.1055 0.1055 0.1065 0.1065 0.11 0.11 0.1095 0.1095 0.1095 0.105 0.105 0.1035 0.1035 0.1045 0.1045 0.1045 0.1045
0.102 0.102 0.101 0.101 0.1005 0.1005 0.1005 0.1005 0.1005 0.104 0.104 0.1035 0.1035 0.1045 0.1045 0.103 0.103 0.103 0.101 0.101 0.097 0.097 0.1045 0.1045 0.1045 0.09649999 0.09649999 0.098 0.098 0.0965 0.0965 0.0965 0.098 0.098 0.09299999 0.09299999 0.0975 0.0975 0.0975 0.09450001 0.09450001 0.086 0.086 0.095 0.095 0.095 0.0925 0.0925 0.0995 0.0995 0.1025 0.1025 0.1015 0.1015 0.1015 0.102 0.102 0.107 0.107 0.1055 0.1055 0.1055 0.1065 0.1065 0.11 0.11 0.1095 0.1095 0.1095 0.105 0.105 0.1035 0.1035 0.1045 0.1045 0.1045 0.1045
0.102 0.102 0.1025 0.1025 0.1015 0.1015 0.106 0.106 0.106 0.107 0.107 0.106 0.106 0.1005 0.1005 0.096 0.096 0.096 0.1015 0.1015 0.101 0.101 0.105 0.105 0.105 0.106 0.106 0.101 0.101 0.093 0.093 0.093 0.09900001 0.09900001 0.097 0.097 0.097 0.097 0.097 0.09450001 0.09450001 0.0975 0.0975 0.104 0.104 0.104 0.113 0.113 0.1165 0.1165 0.1145 0.1145 0.107 0.107 0.107 0.11 0.11 0.111 0.111 0.108 0.108 0.108 0.105 0.105 0.1075 0.1075 0.107 0.107 0.107 0.1135 0.1135 0.106 0.106 0.111 0.111 0.111 0.107
0.102 0.102 0.1025 0.1025 0.1015 0.1015 0.106 0.106 0.106 0.107 0.107 0.106 0.106 0.1005 0.1005 0.096 0.096 0.096 0.1015 0.1015 0.101 0.101 0.105 0.105 0.105 0.106 0.106 0.101 0.101 0.093 0.093 0.093 0.09900001 0.09900001 0.097 0.097 0.097 0.097 0.097 0.09450001 0.09450001 0.0975 0.0975 0.104 0.104 0.104 0.113 0.113 0.1165 0.1165 0.1145 0.1145 0.107 0.107 0.107 0.11 0.11 0.111 0.111 0.108 0.108 0.108 0.105 0.105 0.1075 0.1075 0.107 0.107 0.107 0.1135 0.1135 0.106 0.106 0.111 0.111 0.111 0.107
0.103 0.103 0.1045 0.1045 0.1055 0.1055 0.107 0.107 0.107 0.1035 0.1035 0.1035 0.1035 0.103 0.103 0.103 0.103 0.103 0.1025 0.1025 0.1 0.1 0.1015 0.1015 0.1015 0.108 0.108 0.11 0.11 0.1105 0.1105 0.1105 0.112 0.112 0.1125 0.1125 0.108 0.108 0.108 0.102 0.102 0.1085 0.1085 0.1155 0.1155 0.1155 0.1255 0.1255 0.1235 0.1235 0.1215 0.1215 0.119 0.119 0.119 0.112 0.112 0.117 0.117 0.109 0.109 0.109 0.111 0.111 0.1065 0.1065 0.1115 0.1115 0.1115 0.1165 0.1165 0.113 0.113 0.111 0.111 0.111 0.125
0.103 0.103 0.1045 0.1045 0.1055 0.1055 0.107 0.107 0.107 0.1035 0.1035 0.1035 0.1035 0.103 0.103 0.103 0.103 0.103 0.1025 0.1025 0.1 0.1 0.1015 0.1015 0.1015 0.108 0.108 0.11 0.11 0.1105 0.1105 0.1105 0.112 0.112 0.1125 0.1125 0.108 0.108 0.108 0.102 0.102 0.1085 0.1085 0.1155 0.1155 0.1155 0.1255 0.1255 0.1235 0.1235 0.1215 0.1215 0.119 0.119 0.119 0.112 0.112 0.117 0.117 0.109 0.109 0.109 0.111 0.111 0.1065 0.1065 0.1115 0.1115 0.1115 0.1165 0.1165 0.113 0.113 0.111 0.111 0.111 0.125
0.1195 0.1195 0.1105 0.1105 0.1085 0.1085 0.1065 0.1065 0.1065 0.108 0.108 0.1065 0.1065 0.1085 0.1085 0.106 0.106 0.106 0.1075 0.1075 0.108 0.108 0.1105 0.1105 0.1105 0.1135 0.1135 0.113 0.113 0.1165 0.1165 0.1165 0.1155 0.1155 0.1135 0.1135 0.1095 0.1095 0.1095 0.115 0.115 0.123 0.123 0.1305 0.1305 0.1305 0.1275 0.1275 0.126 0.126 0.13 0.13 0.128 0.128 0.128 0.1155 0.1155 0.1225 0.1225 0.118 0.118 0.118 0.1165 0.1165 0.1175 0.1175 0.1225 0.1225 0.1225 0.123 0.123 0.112 0.112 0.121 0.121 0.121 0.135
0.1195 0.1195 0.1105 0.1105 0.1085 0.1085 0.1065 0.1065 0.1065 0.108 0.108 0.1065 0.1065 0.1085 0.1085 0.106 0.106 0.106 0.1075 0.1075 0.108 0.108 0.1105 0.1105 0.1105 0.1135 0.1135 0.113 0.113 0.1165 0.1165 0.1165 0.1155 0.1155 0.1135 0.1135 0.1095 0.1095 0.1095 0.115 0.115 0.123 0.123 0.1305 0.1305 0.1305 0.1275 0.1275 0.126 0.126 0.13 0.13 0.128 0.128 0.128 0.1155 0.1155 0.1225 0.1225 0.118 0.118 0.118 0.1165 0.1165 0.1175 0.1175 0.1225 0.1225 0.1225 0.123 0.123 0.112 0.112 0.121 0.121 0.121 0.135
0.1195 0.1195 0.1105 0.1105 0.1085 0.1085 0.1065 0.1065 0.1065 0.108 0.108 0.1065 0.1065 0.1085 0.1085 0.106 0.106 0.106 0.1075 0.1075 0.108 0.108 0.1105 0.1105 0.1105 0.1135 0.1135 0.113 0.113 0.1165 0.1165 0.1165 0.1155 0.1155 0.1135 0.1135 0.1095 0.1095 0.1095 0.115 0.115 0.123 0.123 0.1305 0.1305 0.1305 0.1275 0.1275 0.126 0.126 0.13 0.13 0.128 0.128 0.128 0.1155 0.1155 0.1225 0.1225 0.118 0.118 0.118 0.1165 0.1165 0.1175 0.1175 0.1225 0.1225 0.1225 0.123 0.123 0.112 0.112 0.121 0.121 0.121 0.135
0.1165 0.1165 0.112 0.112 0.114 0.114 0.111 0.111 0.111 0.11 0.11 0.107 0.107 0.112 0.112 0.116 0.116 0.116 0.115 0.115 0.114 0.114 0.116 0.116 0.116 0.118 0.118 0.1175 0.1175 0.1155 0.1155 0.1155 0.119 0.119 0.1205 0.1205 0.116 0.116 0.116 0.1165 0.1165 0.129 0.129 0.1315 0.1315 0.1315 0.131 0.131 0.137 0.137 0.135 0.135 0.135 0.135 0.135 0.135 0.135 0.133 0.133 0.1315 0.1315 0.1315 0.122 0.122 0.128 0.128 0.1245 0.1245 0.1245 0.1175 0.1175 0.1225 0.1225 0.148 0.148 0.148 0.147
0.1165 0.1165 0.112 0.112 0.114 0.114 0.111 0.111 0.111 0.11 0.11 0.107 0.107 0.112 0.112 0.116 0.116 0.116 0.115 0.115 0.114 0.114 0.116 0.116 0.116 0.118 0.118 0.1175 0.1175 0.1155 0.1155 0.1155 0.119 0.119 0.1205 0.1205 0.116 0.116 0.116 0.1165 0.1165 0.129 0.129 0.1315 0.1315 0.1315 0.131 0.131 0.137 0.137 0.135 0.135 0.135 0.135 0.135 0.135 0.135 0.133 0.133 0.1315 0.1315 0.1315 0.122 0.122 0.128 0.128 0.1245 0.1245 0.1245 0.1175 0.1175 0.1225 0.1225 0.148 0.148 0.148 0.147
0.115 0.115 0.113 0.113 0.114 0.114 0.1135 0.1135 0.1135 0.1145 0.1145 0.112 0.112 0.116 0.116 0.114 0.114 0.114 0.112 0.112 0.116 0.116 0.1175 0.1175 0.1175 0.1205 0.1205 0.1135 0.1135 0.11 0.11 0.11 0.113 0.113 0.114 0.114 0.114 0.114 0.114 0.111 0.111 0.1295 0.1295 0.127 0.127 0.127 0.135 0.135 0.1405 0.1405 0.1375 0.1375 0.1375 0.1375 0.1375 0.127 0.127 0.131 0.131 0.1335 0.1335 0.1335 0.1345 0.1345 0.1325 0.1325 0.1255 0.1255 0.1255 0.1145 0.1145 0.1315 0.1315 0.14 0.14 0.14 0.146
0.115 0.115 0.113 0.113 0.114 0.114 0.1135 0.1135 0.1135 0.1145 0.1145 0.112 0.112 0.116 0.116 0.114 0.114 0.114 0.112 0.112 0.116 0.116 0.1175 0.1175 0.1175 0.1205 0.1205 0.1135 0.1135 0.11 0.11 0.11 0.113 0.113 0.114 0.114 0.114 0.114 0.114 0.111 0.111 0.1295 0.1295 0.127 0.127 0.127 0.135 0.135 0.1405 0.1405 0.1375 0.1375 0.1375 0.1375 0.1375 0.127 0.127 0.131 0.131 0.1335 0.1335 0.1335 0.1345 0.1345 0.1325 0.1325 0.1255 0.1255 0.1255 0.1145 0.1145 0.1315 0.1315 0.14 0.14 0.14 0.146
0.117 0.117 0.1145 0.1145 0.113 0.113 0.1165 0.1165 0.1165 0.119 0.119 0.1175 0.1175 0.114 0.114 0.1135 0.1135 0.1135 0.114 0.114 0.111 0.111 0.116 0.116 0.116 0.1115 0.1115 0.1135 0.1135 0.1195 0.1195 0.1195 0.119 0.119 0.1165 0.1165 0.112 0.112 0.112 0.114 0.114 0.1205 0.1205 0.1285 0.1285 0.1285 0.135 0.135 0.138 0.138 0.1325 0.1325 0.139 0.139 0.139 0.125 0.125 0.1385 0.1385 0.14 0.14 0.14 0.153 0.153 0.1505 0.1505 0.1365 0.1365 0.1365 0.1615 0.1615 0.1615 0.1615 0.1515 0.1515 0.1515 0.1785
0.117 0.117 0.1145 0.1145 0.113 0.113 0.1165 0.1165 0.1165 0.119 0.119 0.1175 0.1175 0.114 0.114 0.1135 0.1135 0.1135 0.114 0.114 0.111 0.111 0.116 0.116 0.116 0.1115 0.1115 0.1135 0.1135 0.1195 0.1195 0.1195 0.119 0.119 0.1165 0.1165 0.112 0.112 0.112 0.114 0.114 0.1205 0.1205 0.1285 0.1285 0.1285 0.135 0.135 0.138 0.138 0.1325 0.1325 0.139 0.139 0.139 0.125 0.125 0.1385 0.1385 0.14 0.14 0.14 0.153 0.153 0.1505 0.1505 0.1365 0.1365 0.1365 0.1615 0.1615 0.1615 0.1615 0.1515 0.1515 0.1515 0.1785
0.117 0.117 0.1145 0.1145 0.113 0.113 0.1165 0.1165 0.1165 0.119 0.119 0.1175 0.1175 0.114 0.114 0.1135 0.1135 0.1135 0.114 0.114 0.111 0.111 0.116 0.116 0.116 0.1115 0.1115 0.1135 0.1135 0.1195 0.1195 0.1195 0.119 0.119 0.1165 0.1165 0.112 0.112 0.112 0.114 0.114 0.1205 0.1205 0.1285 0.1285 0.1285 0.135 0.135 0.138 0.138 0.1325 0.1325 0.139 0.139 0.139 0.125 0.125 0.1385 0.1385 0.14 0.14 0.14 0.153 0.153 0.1505 0.1505 0.1365 0.1365 0.1365 0.1615 0.1615 0.1615 0.1615 0.1515 0.1515 0.1515 0.1785
0.112 0.112 0.1205 0.1205 0.118 0.118 0.12 0.12 0.12 0.123 0.123 0.1195 0.1195 0.1155 0.1155 0.1155 0.1155 0.1155 0.119 0.119 0.1175 0.1175 0.1135 0.1135 0.1135 0.119 0.119 0.125 0.125 0.1295 0.1295 0.1295 0.134 0.134 0.131 0.131 0.123 0.123 0.123 0.1175 0.1175 0.1355 0.1355 0.1415 0.1415 0.1415 0.145 0.145 0.142 0.142 0.1345 0.1345 0.131 0.131 0.131 0.1305 0.1305 0.142 0.142 0.1495 0.1495 0.1495 0.1435 0.1435 0.1455 0.1455 0.1425 0.1425 0.1425 0.17 0.17 0.152 0.152 0.1575 0.1575 0.1575 0.1725
0.112 0.112 0.1205 0.1205 0.118 0.118 0.12 0.12 0.12 0.123 0.123 0.1195 0.1195 0.1155 0.1155 0.1155 0.1155 0.1155 0.119 0.119 0.1175 0.1175 0.1135 0.1135 0.1135 0.119 0.119 0.125 0.125 0.1295 0.1295 0.1295 0.134 0.134 0.131 0.131 0.123 0.123 0.123 0.1175 0.1175 0.1355 0.1355 0.1415 0.1415 0.1415 0.145 0.145 0.142 0.142 0.1345 0.1345 0.131 0.131 0.131 0.1305 0.1305 0.142 0.142 0.1495 0.1495 0.1495 0.1435 0.1435 0.1455 0.1455 0.1425 0.1425 0.1425 0.17 0.17 0.152 0.152 0.1575 0.1575 0.1575 0.1725
0.1155 0.1155 0.1175 0.1175 0.119 0.119 0.1315 0.1315 0.1315 0.134 0.134 0.1385 0.1385 0.1285 0.1285 0.131 0.131 0.131 0.138 0.138 0.1325 0.1325 0.1315 0.1315 0.1315 0.136 0.136 0.144 0.144 0.1365 0.1365 0.1365 0.129 0.129 0.1295 0.1295 0.1245 0.1245 0.1245 0.121 0.121 0.148 0.148 0.148 0.148 0.148 0.1495 0.1495 0.143 0.143 0.1635 0.1635 0.152 0.152 0.152 0.139 0.139 0.148 0.148 0.1575 0.1575 0.1575 0.143 0.143 0.1365 0.1365 0.1635 0.1635 0.1635 0.162 0.162 0.1545 0.1545 0.1525 0.1525 0.1525 0.1425
0.1155 0.1155 0.1175 0.1175 0.119 0.119 0.1315 0.1315 0.1315 0.134 0.134 0.1385 0.1385 0.1285 0.1285 0.131 0.131 0.131 0.138 0.138 0.1325 0.1325 0.1315 0.1315 0.1315 0.136 0.136 0.144 0.144 0.1365 0.1365 0.1365 0.129 0.129 0.1295 0.1295 0.1245 0.1245 0.1245 0.121 0.121 0.148 0.148 0.148 0.148 0.148 0.1495 0.1495 0.143 0.143 0.1635 0.1635 0.152 0.152 0.152 0.139 0.139 0.148 0.148 0.1575 0.1575 0.1575 0.143 0.143 0.1365 0.1365 0.1635 0.1635 0.1635 0.162 0.162 0.1545 0.1545 0.1525 0.1525 0.1525 0.1425
0.1295 0.1295 0.1285 0.1285 0.1325 0.1325 0.1395 0.1395 0.1395 0.126 0.126 0.147 0.147 0.1375 0.1375 0.13 0.13 0.13 0.1315 0.1315 0.1275 0.1275 0.1325 0.1325 0.1325 0.141 0.141 0.1475 0.1475 0.1395 0.1395 0.1395 0.1425 0.1425 0.1375 0.1375 0.1275 0.1275 0.1275 0.123 0.123 0.149 0.149 0.1495 0.1495 0.1495 0.1485 0.1485 0.166 0.166 0.1705 0.1705 0.1545 0.1545 0.1545 0.1515 0.1515 0.1515 0.1515 0.154 0.154 0.154 0.1415 0.1415 0.1605 0.1605 0.153 0.153 0.153 0.1595 0.1595 0.144 0.144 0.1345 0.1345 0.1345 0.1345
0.1295 0.1295 0.1285 0.1285 0.1325 0.1325 0.1395 0.1395 0.1395 0.126 0.126 0.147 0.147 0.1375 0.1375 0.13 0.13 0.13 0.1315 0.1315 0.1275 0.1275 0.1325 0.1325 0.1325 0.141 0.141 0.1475 0.1475 0.1395 0.1395 0.1395 0.1425 0.1425 0.1375 0.1375 0.1275 0.1275 0.1275 0.123 0.123 0.149 0.149 0.1495 0.1495 0.1495 0.1485 0.1485 0.166 0.166 0.1705 0.1705 0.1545 0.1545 0.1545 0.1515 0.1515 0.1515 0.1515 0.154 0.154 0.154 0.1415 0.1415 0.1605 0.1605 0.153 0.153 0.153 0.1595 0.1595 0.144 0.144 0.1345 0.1345 0.1345 0.1345
0.1295 0.1295 0.1285 0.1285 0.1325 0.1325 0.1395 0.1395 0.1395 0.126 0.126 0.147 0.147 0.1375 0.1375 0.13 0.13 0.13 0.1315 0.1315 0.1275 0.1275 0.1325 0.1325 0.1325 0.141 0.141 0.1475 0.1475 0.1395 0.1395 0.1395 0.1425 0.1425 0.1375 0.1375 0.1275 0.1275 0.1275 0.123 0.123 0.149 0.149 0.1495 0.1495 0.1495 0.1485 0.1485 0.166 0.166 0.1705 0.1705 0.1545 0.1545 0.1545 0.1515 0.1515 0.1515 0.1515 0.154 0.154 0.154 0.1415 0.1415 0.1605 0.1605 0.153 0.153 0.153 0.1595 0.1595 0.144 0.144 0.1345 0.1345 0.1345 0.1345
0.1335 0.1335 0.15 0.15 0.1495 0.1495 0.1555 0.1555 0.1555 0.147 0.147 0.1645 0.1645 0.138 0.138 0.141 0.141 0.141 0.137 0.137 0.135 0.135 0.137 0.137 0.137 0.141 0.141 0.149 0.149 0.149 0.149 0.149 0.1405 0.1405 0.143 0.143 0.136 0.136 0.136 0.132 0.132 0.1685 0.1685 0.1375 0.1375 0.1375 0.151 0.151 0.135 0.135 0.1455 0.1455 0.1595 0.1595 0.1595 0.1505 0.1505 0.1425 0.1425 0.146 0.146 0.146 0.157 0.157 0.149 0.149 0.1575 0.1575 0.1575 0.1465 0.1465 0.1375 0.1375 0.1405 0.1405 0.1405 0.126
0.1335 0.1335 0.15 0.15 0.1495 0.1495 0.1555 0.1555 0.1555 0.147 0.147 0.1645 0.1645 0.138 0.138 0.141 0.141 0.141 0.137 0.137 0.135 0.135 0.137 0.137 0.137 0.141 0.141 0.149 0.149 0.149 0.149 0.149 0.1405 0.1405 0.143 0.143 0.136 0.136 0.136 0.132 0.132 0.1685 0.1685 0.1375 0.1375 0.1375 0.151 0.151 0.135 0.135 0.1455 0.1455 0.1595 0.1595 0.1595 0.1505 0.1505 0.1425 0.1425 0.146 0.146 0.146 0.157 0.157 0.149 0.149 0.1575 0.1575 0.1575 0.1465 0.1465 0.1375 0.1375 0.1405 0.1405 0.1405 0.126
0.1255 0.1255 0.155 0.155 0.1455 0.1455 0.145 0.145 0.145 0.1435 0.1435 0.145 0.145 0.176 0.176 0.1725 0.1725 0.1725 0.167 0.167 0.14 0.14 0.1445 0.1445 0.1445 0.1425 0.1425 0.1405 0.1405 0.1425 0.1425 0.1425 0.143 0.143 0.1435 0.1435 0.1425 0.1425 0.1425 0.1485 0.1485 0.1535 0.1535 0.141 0.141 0.141 0.1445 0.1445 0.1315 0.1315 0.1295 0.1295 0.18 0.18 0.18 0.174 0.174 0.1595 0.1595 0.1795 0.1795 0.1795 0.1785 0.1785 0.1655 0.1655 0.176 0.176 0.176 0.1525 0.1525 0.1365 0.1365 0.142 0.142 0.142 0.129
0.1255 0.1255 0.155 0.155 0.1455 0.1455 0.145 0.145 0.145 0.1435 0.1435 0.145 0.145 0.176 0.176 0.1725 0.1725 0.1725 0.167 0.167 0.14 0.14 0.1445 0.1445 0.1445 0.1425 0.1425 0.1405 0.1405 0.1425 0.1425 0.1425 0.143 0.143 0.1435 0.1435 0.1425 0.1425 0.1425 0.1485 0.1485 0.1535 0.1535 0.141 0.141 0.141 0.1445 0.1445 0.1315 0.1315 0.1295 0.1295 0.18 0.18 0.18 0.174 0.174 0.1595 0.1595 0.1795 0.1795 0.1795 0.1785 0.1785 0.1655 0.1655 0.176 0.176 0.176 0.1525 0.1525 0.1365 0.1365 0.142 0.142 0.142 0.129
0.145 0.145 0.1415 0.1415 0.146 0.146 0.1385 0.1385 0.1385 0.1455 0.1455 0.1605 0.1605 0.1715 0.1715 0.1815 0.1815 0.1815 0.175 0.175 0.187 0.187 0.1815 0.1815 0.1815 0.1735 0.1735 0.1585 0.1585 0.16 0.16 0.16 0.175 0.175 0.158 0.158 0.1655 0.1655 0.1655 0.164 0.164 0.157 0.157 0.199 0.199 0.199 0.1975 0.1975 0.1695 0.1695 0.182 0.182 0.187 0.187 0.187 0.1955 0.1955 0.1655 0.1655 0.2035 0.2035 0.2035 0.216 0.216 0.2095 0.2095 0.2095 0.2095 0.2095 0.164 0.164 0.2095 0.2095 0.1475 0.1475 0.1475 0.141
0.145 0.145 0.1415 0.1415 0.146 0.146 0.1385 0.1385 0.1385 0.1455 0.1455 0.1605 0.1605 0.1715 0.1715 0.1815 0.1815 0.1815 0.175 0.175 0.187 0.187 0.1815 0.1815 0.1815 0.1735 0.1735 0.1585 0.1585 0.16 0.16 0.16 0.175 0.175 0.158 0.158 0.1655 0.1655 0.1655 0.164 0.164 0.157 0.157 0.199 0.199 0.199 0.1975 0.1975 0.1695 0.1695 0.182 0.182 0.187 0.187 0.187 0.1955 0.1955 0.1655 0.1655 0.2035 0.2035 0.2035 0.216 0.216 0.2095 0.2095 0.2095 0.2095 0.2095 0.164 0.164 0.2095 0.2095 0.1475 0.1475 0.1475 0.141
0.1715 0.1715 0.1785 0.1785 0.144 0.144 0.1295 0.1295 0.1295 0.15 0.15 0.1685 0.1685 0.171 0.171 0.1765 0.1765 0.1765 0.2255 0.2255 0.235 0.235 0.242 0.242 0.242 0.2405 0.2405 0.1945 0.1945 0.2355 0.2355 0.2355 0.214 0.214 0.2075 0.2075 0.1845 0.1845 0.1845 0.2085 0.2085 0.2145 0.2145 0.2635 0.2635 0.2635 0.202 0.202 0.162 0.162 0.1815 0.1815 0.171 0.171 0.171 0.1785 0.1785 0.2315 0.2315 0.189 0.189 0.189 0.2095 0.2095 0.2075 0.2075 0.275 0.275 0.275 0.2035 0.2035 0.1785 0.1785 0.146 0.146 0.146 0.157
