ndvi/NOAA-239.asc
ncols         252
nrows         154
xllcorner     -18.017974
yllcorner     13.481982
cellsize      0.035948
NODATA_value  -9999
[rows 102 to 135 of 154, columns 154 to 230 of 252]
0.2675 0.273 0.273 0.2655 0.2655 0.2655 0.2775 0.2775 0.2625 0.2625 0.2645 0.2645 0.289 0.289 0.289 0.2915 0.2915 0.306 0.306 0.2995 0.2995 0.2995 0.276 0.276 0.278 0.278 0.282 0.282 0.282 0.2615 0.2615 0.279 0.279 0.2925 0.2925 0.2925 0.2745 0.2745 0.271 0.271 0.27 0.27 0.27 0.289 0.289 0.29 0.29 0.2835 0.2835 0.276 0.276 0.276 0.2625 0.2625 0.232 0.232 0.221 0.221 0.221 0.247 0.247 0.2365 0.2365 0.2545 0.2545 0.2545 0.25 0.25 0.225 0.225 0.244 0.244 0.244 0.247 0.247 0.2515 0.2515
0.2705 0.2835 0.2835 0.32 0.32 0.32 0.253 0.253 0.263 0.263 0.291 0.291 0.2955 0.2955 0.2955 0.281 0.281 0.288 0.288 0.3085 0.3085 0.3085 0.322 0.322 0.319 0.319 0.3025 0.3025 0.3025 0.305 0.305 0.288 0.288 0.2715 0.2715 0.2715 0.2725 0.2725 0.2775 0.2775 0.279 0.279 0.279 0.2805 0.2805 0.299 0.299 0.3165 0.3165 0.329 0.329 0.329 0.312 0.312 0.2635 0.2635 0.2715 0.2715 0.2715 0.24 0.24 0.25 0.25 0.2725 0.2725 0.2725 0.2715 0.2715 0.2705 0.2705 0.2515 0.2515 0.2515 0.2655 0.2655 0.263 0.263
0.2705 0.2835 0.2835 0.32 0.32 0.32 0.253 0.253 0.263 0.263 0.291 0.291 0.2955 0.2955 0.2955 0.281 0.281 0.288 0.288 0.3085 0.3085 0.3085 0.322 0.322 0.319 0.319 0.3025 0.3025 0.3025 0.305 0.305 0.288 0.288 0.2715 0.2715 0.2715 0.2725 0.2725 0.2775 0.2775 0.279 0.279 0.279 0.2805 0.2805 0.299 0.299 0.3165 0.3165 0.329 0.329 0.329 0.312 0.312 0.2635 0.2635 0.2715 0.2715 0.2715 0.24 0.24 0.25 0.25 0.2725 0.2725 0.2725 0.2715 0.2715 0.2705 0.2705 0.2515 0.2515 0.2515 0.2655 0.2655 0.263 0.263
0.2705 0.2835 0.2835 0.32 0.32 0.32 0.253 0.253 0.263 0.263 0.291 0.291 0.2955 0.2955 0.2955 0.281 0.281 0.288 0.288 0.3085 0.3085 0.3085 0.322 0.322 0.319 0.319 0.3025 0.3025 0.3025 0.305 0.305 0.288 0.288 0.2715 0.2715 0.2715 0.2725 0.2725 0.2775 0.2775 0.279 0.279 0.279 0.2805 0.2805 0.299 0.299 0.3165 0.3165 0.329 0.329 0.329 0.312 0.312 0.2635 0.2635 0.2715 0.2715 0.2715 0.24 0.24 0.25 0.25 0.2725 0.2725 0.2725 0.2715 0.2715 0.2705 0.2705 0.2515 0.2515 0.2515 0.2655 0.2655 0.263 0.263
0.2895 0.3045 0.3045 0.2875 0.2875 0.2875 0.2825 0.2825 0.262 0.262 0.278 0.278 0.285 0.285 0.285 0.2895 0.2895 0.3185 0.3185 0.298 0.298 0.298 0.2855 0.2855 0.2595 0.2595 0.279 0.279 0.279 0.295 0.295 0.3155 0.3155 0.298 0.298 0.298 0.2845 0.2845 0.2985 0.2985 0.3145 0.3145 0.3145 0.3 0.3 0.2955 0.2955 0.2805 0.2805 0.2745 0.2745 0.2745 0.32 0.32 0.334 0.334 0.317 0.317 0.317 0.2605 0.2605 0.277 0.277 0.2575 0.2575 0.2575 0.275 0.275 0.269 0.269 0.256 0.256 0.256 0.287 0.287 0.287 0.287
0.2895 0.3045 0.3045 0.2875 0.2875 0.2875 0.2825 0.2825 0.262 0.262 0.278 0.278 0.285 0.285 0.285 0.2895 0.2895 0.3185 0.3185 0.298 0.298 0.298 0.2855 0.2855 0.2595 0.2595 0.279 0.279 0.279 0.295 0.295 0.3155 0.3155 0.298 0.298 0.298 0.2845 0.2845 0.2985 0.2985 0.3145 0.3145 0.3145 0.3 0.3 0.2955 0.2955 0.2805 0.2805 0.2745 0.2745 0.2745 0.32 0.32 0.334 0.334 0.317 0.317 0.317 0.2605 0.2605 0.277 0.277 0.2575 0.2575 0.2575 0.275 0.275 0.269 0.269 0.256 0.256 0.256 0.287 0.287 0.287 0.287
0.2955 0.313 0.313 0.2815 0.2815 0.2815 0.3005 0.3005 0.29 0.29 0.2815 0.2815 0.2765 0.2765 0.2765 0.289 0.289 0.31 0.31 0.3065 0.3065 0.3065 0.267 0.267 0.278 0.278 0.275 0.275 0.275 0.2805 0.2805 0.2945 0.2945 0.293 0.293 0.293 0.3015 0.3015 0.3025 0.3025 0.2885 0.2885 0.2885 0.31 0.31 0.295 0.295 0.261 0.261 0.241 0.241 0.241 0.282 0.282 0.2495 0.2495 0.328 0.328 0.328 0.2965 0.2965 0.287 0.287 0.292 0.292 0.292 0.2625 0.2625 0.2665 0.2665 0.292 0.292 0.292 0.2715 0.2715 0.2775 0.2775
0.2955 0.313 0.313 0.2815 0.2815 0.2815 0.3005 0.3005 0.29 0.29 0.2815 0.2815 0.2765 0.2765 0.2765 0.289 0.289 0.31 0.31 0.3065 0.3065 0.3065 0.267 0.267 0.278 0.278 0.275 0.275 0.275 0.2805 0.2805 0.2945 0.2945 0.293 0.293 0.293 0.3015 0.3015 0.3025 0.3025 0.2885 0.2885 0.2885 0.31 0.31 0.295 0.295 0.261 0.261 0.241 0.241 0.241 0.282 0.282 0.2495 0.2495 0.328 0.328 0.328 0.2965 0.2965 0.287 0.287 0.292 0.292 0.292 0.2625 0.2625 0.2665 0.2665 0.292 0.292 0.292 0.2715 0.2715 0.2775 0.2775
0.2755 0.2875 0.2875 0.306 0.306 0.306 0.296 0.296 0.2865 0.2865 0.2835 0.2835 0.2965 0.2965 0.2965 0.3025 0.3025 0.2675 0.2675 0.2565 0.2565 0.2565 0.26 0.26 0.272 0.272 0.299 0.299 0.299 0.2935 0.2935 0.2955 0.2955 0.3975 0.3975 0.3975 0.355 0.355 0.312 0.312 0.3055 0.3055 0.3055 0.284 0.284 0.276 0.276 0.2585 0.2585 0.249 0.249 0.249 0.269 0.269 0.32 0.32 0.339 0.339 0.339 0.334 0.334 0.302 0.302 0.298 0.298 0.298 0.271 0.271 0.2745 0.2745 0.2825 0.2825 0.2825 0.2825 0.2825 0.2685 0.2685
0.2755 0.2875 0.2875 0.306 0.306 0.306 0.296 0.296 0.2865 0.2865 0.2835 0.2835 0.2965 0.2965 0.2965 0.3025 0.3025 0.2675 0.2675 0.2565 0.2565 0.2565 0.26 0.26 0.272 0.272 0.299 0.299 0.299 0.2935 0.2935 0.2955 0.2955 0.3975 0.3975 0.3975 0.355 0.355 0.312 0.312 0.3055 0.3055 0.3055 0.284 0.284 0.276 0.276 0.2585 0.2585 0.249 0.249 0.249 0.269 0.269 0.32 0.32 0.339 0.339 0.339 0.334 0.334 0.302 0.302 0.298 0.298 0.298 0.271 0.271 0.2745 0.2745 0.2825 0.2825 0.2825 0.2825 0.2825 0.2685 0.2685
0.2755 0.2875 0.2875 0.306 0.306 0.306 0.296 0.296 0.2865 0.2865 0.2835 0.2835 0.2965 0.2965 0.2965 0.3025 0.3025 0.2675 0.2675 0.2565 0.2565 0.2565 0.26 0.26 0.272 0.272 0.299 0.299 0.299 0.2935 0.2935 0.2955 0.2955 0.3975 0.3975 0.3975 0.355 0.355 0.312 0.312 0.3055 0.3055 0.3055 0.284 0.284 0.276 0.276 0.2585 0.2585 0.249 0.249 0.249 0.269 0.269 0.32 0.32 0.339 0.339 0.339 0.334 0.334 0.302 0.302 0.298 0.298 0.298 0.271 0.271 0.2745 0.2745 0.2825 0.2825 0.2825 0.2825 0.2825 0.2685 0.2685
0.3005 0.3005 0.3005 0.3005 0.3005 0.3005 0.322 0.322 0.284 0.284 0.3035 0.3035 0.282 0.282 0.282 0.29 0.29 0.2855 0.2855 0.2715 0.2715 0.2715 0.2535 0.2535 0.2655 0.2655 0.2865 0.2865 0.2865 0.3065 0.3065 0.314 0.314 0.4435 0.4435 0.4435 0.387 0.387 0.3095 0.3095 0.287 0.287 0.287 0.28 0.28 0.279 0.279 0.2585 0.2585 0.2775 0.2775 0.2775 0.309 0.309 0.3495 0.3495 0.3345 0.3345 0.3345 0.322 0.322 0.2955 0.2955 0.2785 0.2785 0.2785 0.3055 0.3055 0.2585 0.2585 0.313 0.313 0.313 0.3085 0.3085 0.3 0.3
0.3005 0.3005 0.3005 0.3005 0.3005 0.3005 0.322 0.322 0.284 0.284 0.3035 0.3035 0.282 0.282 0.282 0.29 0.29 0.2855 0.2855 0.2715 0.2715 0.2715 0.2535 0.2535 0.2655 0.2655 0.2865 0.2865 0.2865 0.3065 0.3065 0.314 0.314 0.4435 0.4435 0.4435 0.387 0.387 0.3095 0.3095 0.287 0.287 0.287 0.28 0.28 0.279 0.279 0.2585 0.2585 0.2775 0.2775 0.2775 0.309 0.309 0.3495 0.3495 0.3345 0.3345 0.3345 0.322 0.322 0.2955 0.2955 0.2785 0.2785 0.2785 0.3055 0.3055 0.2585 0.2585 0.313 0.313 0.313 0.3085 0.3085 0.3 0.3
0.2945 0.3055 0.3055 0.3225 0.3225 0.3225 0.266 0.266 0.309 0.309 0.27 0.27 0.288 0.288 0.288 0.282 0.282 0.2885 0.2885 0.273 0.273 0.273 0.2855 0.2855 0.275 0.275 0.2815 0.2815 0.2815 0.3175 0.3175 0.2845 0.2845 0.283 0.283 0.283 0.3555 0.3555 0.2985 0.2985 0.3035 0.3035 0.3035 0.3075 0.3075 0.272 0.272 0.2875 0.2875 0.2955 0.2955 0.2955 0.3 0.3 0.3445 0.3445 0.352 0.352 0.352 0.349 0.349 0.316 0.316 0.317 0.317 0.317 0.3135 0.3135 0.2925 0.2925 0.3015 0.3015 0.3015 0.301 0.301 0.29 0.29
0.2945 0.3055 0.3055 0.3225 0.3225 0.3225 0.266 0.266 0.309 0.309 0.27 0.27 0.288 0.288 0.288 0.282 0.282 0.2885 0.2885 0.273 0.273 0.273 0.2855 0.2855 0.275 0.275 0.2815 0.2815 0.2815 0.3175 0.3175 0.2845 0.2845 0.283 0.283 0.283 0.3555 0.3555 0.2985 0.2985 0.3035 0.3035 0.3035 0.3075 0.3075 0.272 0.272 0.2875 0.2875 0.2955 0.2955 0.2955 0.3 0.3 0.3445 0.3445 0.352 0.352 0.352 0.349 0.349 0.316 0.316 0.317 0.317 0.317 0.3135 0.3135 0.2925 0.2925 0.3015 0.3015 0.3015 0.301 0.301 0.29 0.29
0.29 0.2835 0.2835 0.2815 0.2815 0.2815 0.306 0.306 0.275 0.275 0.2915 0.2915 0.3365 0.3365 0.3365 0.297 0.297 0.2945 0.2945 0.284 0.284 0.284 0.3065 0.3065 0.274 0.274 0.271 0.271 0.271 0.295 0.295 0.2985 0.2985 0.3155 0.3155 0.3155 0.31 0.31 0.2985 0.2985 0.3225 0.3225 0.3225 0.33 0.33 0.338 0.338 0.31 0.31 0.312 0.312 0.312 0.3565 0.3565 0.3465 0.3465 0.3585 0.3585 0.3585 0.3345 0.3345 0.3455 0.3455 0.3165 0.3165 0.3165 0.2865 0.2865 0.3105 0.3105 0.325 0.325 0.325 0.3075 0.3075 0.335 0.335
0.29 0.2835 0.2835 0.2815 0.2815 0.2815 0.306 0.306 0.275 0.275 0.2915 0.2915 0.3365 0.3365 0.3365 0.297 0.297 0.2945 0.2945 0.284 0.284 0.284 0.3065 0.3065 0.274 0.274 0.271 0.271 0.271 0.295 0.295 0.2985 0.2985 0.3155 0.3155 0.3155 0.31 0.31 0.2985 0.2985 0.3225 0.3225 0.3225 0.33 0.33 0.338 0.338 0.31 0.31 0.312 0.312 0.312 0.3565 0.3565 0.3465 0.3465 0.3585 0.3585 0.3585 0.3345 0.3345 0.3455 0.3455 0.3165 0.3165 0.3165 0.2865 0.2865 0.3105 0.3105 0.325 0.325 0.325 0.3075 0.3075 0.335 0.335
0.29 0.2835 0.2835 0.2815 0.2815 0.2815 0.306 0.306 0.275 0.275 0.2915 0.2915 0.3365 0.3365 0.3365 0.297 0.297 0.2945 0.2945 0.284 0.284 0.284 0.3065 0.3065 0.274 0.274 0.271 0.271 0.271 0.295 0.295 0.2985 0.2985 0.3155 0.3155 0.3155 0.31 0.31 0.2985 0.2985 0.3225 0.3225 0.3225 0.33 0.33 0.338 0.338 0.31 0.31 0.312 0.312 0.312 0.3565 0.3565 0.3465 0.3465 0.3585 0.3585 0.3585 0.3345 0.3345 0.3455 0.3455 0.3165 0.3165 0.3165 0.2865 0.2865 0.3105 0.3105 0.325 0.325 0.325 0.3075 0.3075 0.335 0.335
0.3115 0.3 0.3 0.291 0.291 0.291 0.33 0.33 0.294 0.294 0.3035 0.3035 0.3285 0.3285 0.3285 0.2955 0.2955 0.3105 0.3105 0.322 0.322 0.322 0.3135 0.3135 0.304 0.304 0.299 0.299 0.299 0.282 0.282 0.297 0.297 0.3245 0.3245 0.3245 0.3 0.3 0.29 0.29 0.34 0.34 0.34 0.352 0.352 0.3245 0.3245 0.323 0.323 0.3325 0.3325 0.3325 0.36 0.36 0.3645 0.3645 0.334 0.334 0.334 0.3605 0.3605 0.3165 0.3165 0.3165 0.3165 0.3165 0.29 0.29 0.34 0.34 0.363 0.363 0.363 0.341 0.341 0.327 0.327
0.3115 0.3 0.3 0.291 0.291 0.291 0.33 0.33 0.294 0.294 0.3035 0.3035 0.3285 0.3285 0.3285 0.2955 0.2955 0.3105 0.3105 0.322 0.322 0.322 0.3135 0.3135 0.304 0.304 0.299 0.299 0.299 0.282 0.282 0.297 0.297 0.3245 0.3245 0.3245 0.3 0.3 0.29 0.29 0.34 0.34 0.34 0.352 0.352 0.3245 0.3245 0.323 0.323 0.3325 0.3325 0.3325 0.36 0.36 0.3645 0.3645 0.334 0.334 0.334 0.3605 0.3605 0.3165 0.3165 0.3165 0.3165 0.3165 0.29 0.29 0.34 0.34 0.363 0.363 0.363 0.341 0.341 0.327 0.327
0.317 0.319 0.319 0.2965 0.2965 0.2965 0.3365 0.3365 0.2995 0.2995 0.2855 0.2855 0.3025 0.3025 0.3025 0.3195 0.3195 0.3385 0.3385 0.338 0.338 0.338 0.335 0.335 0.337 0.337 0.313 0.313 0.313 0.324 0.324 0.322 0.322 0.3185 0.3185 0.3185 0.315 0.315 0.3245 0.3245 0.3125 0.3125 0.3125 0.3055 0.3055 0.2905 0.2905 0.3385 0.3385 0.339 0.339 0.339 0.3605 0.3605 0.351 0.351 0.3755 0.3755 0.3755 0.346 0.346 0.3155 0.3155 0.319 0.319 0.319 0.3395 0.3395 0.3185 0.3185 0.3345 0.3345 0.3345 0.328 0.328 0.33 0.33
0.317 0.319 0.319 0.2965 0.2965 0.2965 0.3365 0.3365 0.2995 0.2995 0.2855 0.2855 0.3025 0.3025 0.3025 0.3195 0.3195 0.3385 0.3385 0.338 0.338 0.338 0.335 0.335 0.337 0.337 0.313 0.313 0.313 0.324 0.324 0.322 0.322 0.3185 0.3185 0.3185 0.315 0.315 0.3245 0.3245 0.3125 0.3125 0.3125 0.3055 0.3055 0.2905 0.2905 0.3385 0.3385 0.339 0.339 0.339 0.3605 0.3605 0.351 0.351 0.3755 0.3755 0.3755 0.346 0.346 0.3155 0.3155 0.319 0.319 0.319 0.3395 0.3395 0.3185 0.3185 0.3345 0.3345 0.3345 0.328 0.328 0.33 0.33
0.361 0.3525 0.3525 0.3235 0.3235 0.3235 0.2955 0.2955 0.2775 0.2775 0.323 0.323 0.3345 0.3345 0.3345 0.337 0.337 0.3285 0.3285 0.3185 0.3185 0.3185 0.3395 0.3395 0.345 0.345 0.33 0.33 0.33 0.296 0.296 0.312 0.312 0.292 0.292 0.292 0.297 0.297 0.3155 0.3155 0.349 0.349 0.349 0.341 0.341 0.3235 0.3235 0.3665 0.3665 0.326 0.326 0.326 0.366 0.366 0.354 0.354 0.345 0.345 0.345 0.3345 0.3345 0.3295 0.3295 0.341 0.341 0.341 0.349 0.349 0.333 0.333 0.311 0.311 0.311 0.307 0.307 0.343 0.343
0.361 0.3525 0.3525 0.3235 0.3235 0.3235 0.2955 0.2955 0.2775 0.2775 0.323 0.323 0.3345 0.3345 0.3345 0.337 0.337 0.3285 0.3285 0.3185 0.3185 0.3185 0.3395 0.3395 0.345 0.345 0.33 0.33 0.33 0.296 0.296 0.312 0.312 0.292 0.292 0.292 0.297 0.297 0.3155 0.3155 0.349 0.349 0.349 0.341 0.341 0.3235 0.3235 0.3665 0.3665 0.326 0.326 0.326 0.366 0.366 0.354 0.354 0.345 0.345 0.345 0.3345 0.3345 0.3295 0.3295 0.341 0.341 0.341 0.349 0.349 0.333 0.333 0.311 0.311 0.311 0.307 0.307 0.343 0.343
0.3485 0.3275 0.3275 0.3115 0.3115 0.3115 0.3015 0.3015 0.355 0.355 0.3575 0.3575 0.375 0.375 0.375 0.368 0.368 0.334 0.334 0.327 0.327 0.327 0.3075 0.3075 0.344 0.344 0.323 0.323 0.323 0.3235 0.3235 0.3265 0.3265 0.292 0.292 0.292 0.3285 0.3285 0.3345 0.3345 0.358 0.358 0.358 0.3415 0.3415 0.4 0.4 0.356 0.356 0.3705 0.3705 0.3705 0.368 0.368 0.3485 0.3485 0.36 0.36 0.36 0.349 0.349 0.346 0.346 0.3755 0.3755 0.3755 0.362 0.362 0.3575 0.3575 0.311 0.311 0.311 0.322 0.322 0.3555 0.3555
0.3485 0.3275 0.3275 0.3115 0.3115 0.3115 0.3015 0.3015 0.355 0.355 0.3575 0.3575 0.375 0.375 0.375 0.368 0.368 0.334 0.334 0.327 0.327 0.327 0.3075 0.3075 0.344 0.344 0.323 0.323 0.323 0.3235 0.3235 0.3265 0.3265 0.292 0.292 0.292 0.3285 0.3285 0.3345 0.3345 0.358 0.358 0.358 0.3415 0.3415 0.4 0.4 0.356 0.356 0.3705 0.3705 0.3705 0.368 0.368 0.3485 0.3485 0.36 0.36 0.36 0.349 0.349 0.346 0.346 0.3755 0.3755 0.3755 0.362 0.362 0.3575 0.3575 0.311 0.311 0.311 0.322 0.322 0.3555 0.3555
0.3485 0.3275 0.3275 0.3115 0.3115 0.3115 0.3015 0.3015 0.355 0.355 0.3575 0.3575 0.375 0.375 0.375 0.368 0.368 0.334 0.334 0.327 0.327 0.327 0.3075 0.3075 0.344 0.344 0.323 0.323 0.323 0.3235 0.3235 0.3265 0.3265 0.292 0.292 0.292 0.3285 0.3285 0.3345 0.3345 0.358 0.358 0.358 0.3415 0.3415 0.4 0.4 0.356 0.356 0.3705 0.3705 0.3705 0.368 0.368 0.3485 0.3485 0.36 0.36 0.36 0.349 0.349 0.346 0.346 0.3755 0.3755 0.3755 0.362 0.362 0.3575 0.3575 0.311 0.311 0.311 0.322 0.322 0.3555 0.3555
0.323 0.3605 0.3605 0.308 0.308 0.308 0.297 0.297 0.332 0.332 0.3305 0.3305 0.3365 0.3365 0.3365 0.3435 0.3435 0.327 0.327 0.3495 0.3495 0.3495 0.346 0.346 0.3355 0.3355 0.3335 0.3335 0.3335 0.3475 0.3475 0.3215 0.3215 0.3255 0.3255 0.3255 0.3285 0.3285 0.332 0.332 0.37 0.37 0.37 0.373 0.373 0.38 0.38 0.3755 0.3755 0.3865 0.3865 0.3865 0.373 0.373 0.37 0.37 0.351 0.351 0.351 0.3615 0.3615 0.393 0.393 0.357 0.357 0.357 0.34 0.34 0.3795 0.3795 0.3375 0.3375 0.3375 0.357 0.357 0.3615 0.3615
0.323 0.3605 0.3605 0.308 0.308 0.308 0.297 0.297 0.332 0.332 0.3305 0.3305 0.3365 0.3365 0.3365 0.3435 0.3435 0.327 0.327 0.3495 0.3495 0.3495 0.346 0.346 0.3355 0.3355 0.3335 0.3335 0.3335 0.3475 0.3475 0.3215 0.3215 0.3255 0.3255 0.3255 0.3285 0.3285 0.332 0.332 0.37 0.37 0.37 0.373 0.373 0.38 0.38 0.3755 0.3755 0.3865 0.3865 0.3865 0.373 0.373 0.37 0.37 0.351 0.351 0.351 0.3615 0.3615 0.393 0.393 0.357 0.357 0.357 0.34 0.34 0.3795 0.3795 0.3375 0.3375 0.3375 0.357 0.357 0.3615 0.3615
0.3045 0.345 0.345 0.338 0.338 0.338 0.316 0.316 0.3295 0.3295 0.321 0.321 0.3215 0.3215 0.3215 0.319 0.319 0.3185 0.3185 0.321 0.321 0.321 0.339 0.339 0.358 0.358 0.354 0.354 0.354 0.3585 0.3585 0.366 0.366 0.339 0.339 0.339 0.3275 0.3275 0.3065 0.3065 0.3315 0.3315 0.3315 0.3815 0.3815 0.395 0.395 0.4005 0.4005 0.393 0.393 0.393 0.4175 0.4175 0.4295 0.4295 0.435 0.435 0.435 0.4535 0.4535 0.37 0.37 0.3995 0.3995 0.3995 0.3665 0.3665 0.3355 0.3355 0.341 0.341 0.341 0.3495 0.3495 0.383 0.383
0.3045 0.345 0.345 0.338 0.338 0.338 0.316 0.316 0.3295 0.3295 0.321 0.321 0.3215 0.3215 0.3215 0.319 0.319 0.3185 0.3185 0.321 0.321 0.321 0.339 0.339 0.358 0.358 0.354 0.354 0.354 0.3585 0.3585 0.366 0.366 0.339 0.339 0.339 0.3275 0.3275 0.3065 0.3065 0.3315 0.3315 0.3315 0.3815 0.3815 0.395 0.395 0.4005 0.4005 0.393 0.393 0.393 0.4175 0.4175 0.4295 0.4295 0.435 0.435 0.435 0.4535 0.4535 0.37 0.37 0.3995 0.3995 0.3995 0.3665 0.3665 0.3355 0.3355 0.341 0.341 0.341 0.3495 0.3495 0.383 0.383
0.3165 0.3775 0.3775 0.328 0.328 0.328 0.3175 0.3175 0.29 0.29 0.325 0.325 0.355 0.355 0.355 0.3315 0.3315 0.333 0.333 0.3175 0.3175 0.3175 0.368 0.368 0.392 0.392 0.3625 0.3625 0.3625 0.4225 0.4225 0.3955 0.3955 0.3505 0.3505 0.3505 0.296 0.296 0.3315 0.3315 0.348 0.348 0.348 0.3895 0.3895 0.441 0.441 0.422 0.422 0.426 0.426 0.426 0.4585 0.4585 0.43 0.43 0.447 0.447 0.447 0.417 0.417 0.3865 0.3865 0.3995 0.3995 0.3995 0.36 0.36 0.353 0.353 0.349 0.349 0.349 0.3545 0.3545 0.392 0.392
0.3165 0.3775 0.3775 0.328 0.328 0.328 0.3175 0.3175 0.29 0.29 0.325 0.325 0.355 0.355 0.355 0.3315 0.3315 0.333 0.333 0.3175 0.3175 0.3175 0.368 0.368 0.392 0.392 0.3625 0.3625 0.3625 0.4225 0.4225 0.3955 0.3955 0.3505 0.3505 0.3505 0.296 0.296 0.3315 0.3315 0.348 0.348 0.348 0.3895 0.3895 0.441 0.441 0.422 0.422 0.426 0.426 0.426 0.4585 0.4585 0.43 0.43 0.447 0.447 0.447 0.417 0.417 0.3865 0.3865 0.3995 0.3995 0.3995 0.36 0.36 0.353 0.353 0.349 0.349 0.349 0.3545 0.3545 0.392 0.392
0.3165 0.3775 0.3775 0.328 0.328 0.328 0.3175 0.3175 0.29 0.29 0.325 0.325 0.355 0.355 0.355 0.3315 0.3315 0.333 0.333 0.3175 0.3175 0.3175 0.368 0.368 0.392 0.392 0.3625 0.3625 0.3625 0.4225 0.4225 0.3955 0.3955 0.3505 0.3505 0.3505 0.296 0.296 0.3315 0.3315 0.348 0.348 0.348 0.3895 0.3895 0.441 0.441 0.422 0.422 0.426 0.426 0.426 0.4585 0.4585 0.43 0.43 0.447 0.447 0.447 0.417 0.417 0.3865 0.3865 0.3995 0.3995 0.3995 0.36 0.36 0.353 0.353 0.349 0.349 0.349 0.3545 0.3545 0.392 0.392
