ndvi/NOAA-93.asc
ncols         252
nrows         154
xllcorner     -18.017974
yllcorner     13.481982
cellsize      0.035948
NODATA_value  -9999
[rows 0 to 33 of 154, columns 154 to 230 of 252]
0.108 0.0935 0.0935 0.1025 0.1025 0.1025 0.108 0.108 0.1145 0.1145 0.111 0.111 0.1085 0.1085 0.1085 0.111 0.111 0.104 0.104 0.1075 0.1075 0.1075 0.1175 0.1175 0.1195 0.1195 0.122 0.122 0.122 0.1195 0.1195 0.1225 0.1225 0.1215 0.1215 0.1215 0.108 0.108 0.101 0.101 0.097 0.097 0.097 0.1065 0.1065 0.1075 0.1075 0.1075 0.1075 0.108 0.108 0.108 0.104 0.104 0.1105 0.1105 0.1125 0.1125 0.1125 0.1165 0.1165 0.1185 0.1185 0.116 0.116 0.116 0.1075 0.1075 0.1035 0.1035 0.0975 0.0975 0.0975 0.109 0.109 0.09 0.09
0.108 0.0935 0.0935 0.1025 0.1025 0.1025 0.108 0.108 0.1145 0.1145 0.111 0.111 0.1085 0.1085 0.1085 0.111 0.111 0.104 0.104 0.1075 0.1075 0.1075 0.1175 0.1175 0.1195 0.1195 0.122 0.122 0.122 0.1195 0.1195 0.1225 0.1225 0.1215 0.1215 0.1215 0.108 0.108 0.101 0.101 0.097 0.097 0.097 0.1065 0.1065 0.1075 0.1075 0.1075 0.1075 0.108 0.108 0.108 0.104 0.104 0.1105 0.1105 0.1125 0.1125 0.1125 0.1165 0.1165 0.1185 0.1185 0.116 0.116 0.116 0.1075 0.1075 0.1035 0.1035 0.0975 0.0975 0.0975 0.109 0.109 0.09 0.09
0.0985 0.09999999 0.09999999 0.1025 0.1025 0.1025 0.107 0.107 0.112 0.112 0.1095 0.1095 0.109 0.109 0.109 0.108 0.108 0.1085 0.1085 0.114 0.114 0.114 0.1205 0.1205 0.125 0.125 0.1285 0.1285 0.1285 0.1235 0.1235 0.117 0.117 0.125 0.125 0.125 0.122 0.122 0.118 0.118 0.1185 0.1185 0.1185 0.117 0.117 0.1195 0.1195 0.1125 0.1125 0.114 0.114 0.114 0.117 0.117 0.112 0.112 0.1155 0.1155 0.1155 0.1225 0.1225 0.12 0.12 0.1195 0.1195 0.1195 0.113 0.113 0.117 0.117 0.1135 0.1135 0.1135 0.1155 0.1155 0.102 0.102
0.0985 0.09999999 0.09999999 0.1025 0.1025 0.1025 0.107 0.107 0.112 0.112 0.1095 0.1095 0.109 0.109 0.109 0.108 0.108 0.1085 0.1085 0.114 0.114 0.114 0.1205 0.1205 0.125 0.125 0.1285 0.1285 0.1285 0.1235 0.1235 0.117 0.117 0.125 0.125 0.125 0.122 0.122 0.118 0.118 0.1185 0.1185 0.1185 0.117 0.117 0.1195 0.1195 0.1125 0.1125 0.114 0.114 0.114 0.117 0.117 0.112 0.112 0.1155 0.1155 0.1155 0.1225 0.1225 0.12 0.12 0.1195 0.1195 0.1195 0.113 0.113 0.117 0.117 0.1135 0.1135 0.1135 0.1155 0.1155 0.102 0.102
0.0985 0.09999999 0.09999999 0.1025 0.1025 0.1025 0.107 0.107 0.112 0.112 0.1095 0.1095 0.109 0.109 0.109 0.108 0.108 0.1085 0.1085 0.114 0.114 0.114 0.1205 0.1205 0.125 0.125 0.1285 0.1285 0.1285 0.1235 0.1235 0.117 0.117 0.125 0.125 0.125 0.122 0.122 0.118 0.118 0.1185 0.1185 0.1185 0.117 0.117 0.1195 0.1195 0.1125 0.1125 0.114 0.114 0.114 0.117 0.117 0.112 0.112 0.1155 0.1155 0.1155 0.1225 0.1225 0.12 0.12 0.1195 0.1195 0.1195 0.113 0.113 0.117 0.117 0.1135 0.1135 0.1135 0.1155 0.1155 0.102 0.102
0.1045 0.111 0.111 0.1065 0.1065 0.1065 0.114 0.114 0.1285 0.1285 0.13 0.13 0.134 0.134 0.134 0.1265 0.1265 0.121 0.121 0.1355 0.1355 0.1355 0.1255 0.1255 0.1285 0.1285 0.1315 0.1315 0.1315 0.1355 0.1355 0.1275 0.1275 0.1285 0.1285 0.1285 0.1205 0.1205 0.1165 0.1165 0.122 0.122 0.122 0.1185 0.1185 0.116 0.116 0.109 0.109 0.113 0.113 0.113 0.111 0.111 0.118 0.118 0.118 0.118 0.118 0.1155 0.1155 0.119 0.119 0.1145 0.1145 0.1145 0.108 0.108 0.1075 0.1075 0.107 0.107 0.107 0.1065 0.1065 0.1095 0.1095
0.1045 0.111 0.111 0.1065 0.1065 0.1065 0.114 0.114 0.1285 0.1285 0.13 0.13 0.134 0.134 0.134 0.1265 0.1265 0.121 0.121 0.1355 0.1355 0.1355 0.1255 0.1255 0.1285 0.1285 0.1315 0.1315 0.1315 0.1355 0.1355 0.1275 0.1275 0.1285 0.1285 0.1285 0.1205 0.1205 0.1165 0.1165 0.122 0.122 0.122 0.1185 0.1185 0.116 0.116 0.109 0.109 0.113 0.113 0.113 0.111 0.111 0.118 0.118 0.118 0.118 0.118 0.1155 0.1155 0.119 0.119 0.1145 0.1145 0.1145 0.108 0.108 0.1075 0.1075 0.107 0.107 0.107 0.1065 0.1065 0.1095 0.1095
0.1155 0.108 0.108 0.1085 0.1085 0.1085 0.1275 0.1275 0.124 0.124 0.1295 0.1295 0.1405 0.1405 0.1405 0.143 0.143 0.1345 0.1345 0.1285 0.1285 0.1285 0.135 0.135 0.135 0.135 0.152 0.152 0.152 0.137 0.137 0.14 0.14 0.125 0.125 0.125 0.121 0.121 0.121 0.121 0.1235 0.1235 0.1235 0.12 0.12 0.1235 0.1235 0.1135 0.1135 0.1135 0.1135 0.1135 0.118 0.118 0.122 0.122 0.1155 0.1155 0.1155 0.115 0.115 0.113 0.113 0.1165 0.1165 0.1165 0.104 0.104 0.101 0.101 0.104 0.104 0.104 0.1015 0.1015 0.1045 0.1045
0.1155 0.108 0.108 0.1085 0.1085 0.1085 0.1275 0.1275 0.124 0.124 0.1295 0.1295 0.1405 0.1405 0.1405 0.143 0.143 0.1345 0.1345 0.1285 0.1285 0.1285 0.135 0.135 0.135 0.135 0.152 0.152 0.152 0.137 0.137 0.14 0.14 0.125 0.125 0.125 0.121 0.121 0.121 0.121 0.1235 0.1235 0.1235 0.12 0.12 0.1235 0.1235 0.1135 0.1135 0.1135 0.1135 0.1135 0.118 0.118 0.122 0.122 0.1155 0.1155 0.1155 0.115 0.115 0.113 0.113 0.1165 0.1165 0.1165 0.104 0.104 0.101 0.101 0.104 0.104 0.104 0.1015 0.1015 0.1045 0.1045
0.125 0.1115 0.1115 0.125 0.125 0.125 0.1335 0.1335 0.123 0.123 0.149 0.149 0.1585 0.1585 0.1585 0.1575 0.1575 0.1505 0.1505 0.1585 0.1585 0.1585 0.1415 0.1415 0.1385 0.1385 0.131 0.131 0.131 0.124 0.124 0.112 0.112 0.1145 0.1145 0.1145 0.112 0.112 0.119 0.119 0.1075 0.1075 0.1075 0.108 0.108 0.1115 0.1115 0.1245 0.1245 0.118 0.118 0.118 0.1155 0.1155 0.1185 0.1185 0.121 0.121 0.121 0.1085 0.1085 0.11 0.11 0.109 0.109 0.109 0.1055 0.1055 0.103 0.103 0.1025 0.1025 0.1025 0.1015 0.1015 0.1015 0.1015
0.125 0.1115 0.1115 0.125 0.125 0.125 0.1335 0.1335 0.123 0.123 0.149 0.149 0.1585 0.1585 0.1585 0.1575 0.1575 0.1505 0.1505 0.1585 0.1585 0.1585 0.1415 0.1415 0.1385 0.1385 0.131 0.131 0.131 0.124 0.124 0.112 0.112 0.1145 0.1145 0.1145 0.112 0.112 0.119 0.119 0.1075 0.1075 0.1075 0.108 0.108 0.1115 0.1115 0.1245 0.1245 0.118 0.118 0.118 0.1155 0.1155 0.1185 0.1185 0.121 0.121 0.121 0.1085 0.1085 0.11 0.11 0.109 0.109 0.109 0.1055 0.1055 0.103 0.103 0.1025 0.1025 0.1025 0.1015 0.1015 0.1015 0.1015
0.1225 0.1165 0.1165 0.1255 0.1255 0.1255 0.1245 0.1245 0.1325 0.1325 0.1465 0.1465 0.1465 0.1465 0.1465 0.147 0.147 0.16 0.16 0.162 0.162 0.162 0.1625 0.1625 0.1445 0.1445 0.128 0.128 0.128 0.124 0.124 0.1185 0.1185 0.1115 0.1115 0.1115 0.115 0.115 0.11 0.11 0.1145 0.1145 0.1145 0.114 0.114 0.114 0.114 0.1215 0.1215 0.116 0.116 0.116 0.1155 0.1155 0.117 0.117 0.109 0.109 0.109 0.1055 0.1055 0.1045 0.1045 0.094 0.094 0.094 0.09100001 0.09100001 0.1 0.1 0.095 0.095 0.095 0.09649999 0.09649999 0.1035 0.1035
0.1225 0.1165 0.1165 0.1255 0.1255 0.1255 0.1245 0.1245 0.1325 0.1325 0.1465 0.1465 0.1465 0.1465 0.1465 0.147 0.147 0.16 0.16 0.162 0.162 0.162 0.1625 0.1625 0.1445 0.1445 0.128 0.128 0.128 0.124 0.124 0.1185 0.1185 0.1115 0.1115 0.1115 0.115 0.115 0.11 0.11 0.1145 0.1145 0.1145 0.114 0.114 0.114 0.114 0.1215 0.1215 0.116 0.116 0.116 0.1155 0.1155 0.117 0.117 0.109 0.109 0.109 0.1055 0.1055 0.1045 0.1045 0.094 0.094 0.094 0.09100001 0.09100001 0.1 0.1 0.095 0.095 0.095 0.09649999 0.09649999 0.1035 0.1035
0.1225 0.1165 0.1165 0.1255 0.1255 0.1255 0.1245 0.1245 0.1325 0.1325 0.1465 0.1465 0.1465 0.1465 0.1465 0.147 0.147 0.16 0.16 0.162 0.162 0.162 0.1625 0.1625 0.1445 0.1445 0.128 0.128 0.128 0.124 0.124 0.1185 0.1185 0.1115 0.1115 0.1115 0.115 0.115 0.11 0.11 0.1145 0.1145 0.1145 0.114 0.114 0.114 0.114 0.1215 0.1215 0.116 0.116 0.116 0.1155 0.1155 0.117 0.117 0.109 0.109 0.109 0.1055 0.1055 0.1045 0.1045 0.094 0.094 0.094 0.09100001 0.09100001 0.1 0.1 0.095 0.095 0.095 0.09649999 0.09649999 0.1035 0.1035
0.116 0.1245 0.1245 0.134 0.134 0.134 0.1395 0.1395 0.1505 0.1505 0.148 0.148 0.154 0.154 0.154 0.1525 0.1525 0.1565 0.1565 0.1605 0.1605 0.1605 0.156 0.156 0.143 0.143 0.1335 0.1335 0.1335 0.122 0.122 0.118 0.118 0.1125 0.1125 0.1125 0.114 0.114 0.1165 0.1165 0.104 0.104 0.104 0.111 0.111 0.1105 0.1105 0.1035 0.1035 0.0895 0.0895 0.0895 0.102 0.102 0.1105 0.1105 0.124 0.124 0.124 0.1115 0.1115 0.097 0.097 0.0995 0.0995 0.0995 0.097 0.097 0.097 0.097 0.102 0.102 0.102 0.1035 0.1035 0.0985 0.0985
0.116 0.1245 0.1245 0.134 0.134 0.134 0.1395 0.1395 0.1505 0.1505 0.148 0.148 0.154 0.154 0.154 0.1525 0.1525 0.1565 0.1565 0.1605 0.1605 0.1605 0.156 0.156 0.143 0.143 0.1335 0.1335 0.1335 0.122 0.122 0.118 0.118 0.1125 0.1125 0.1125 0.114 0.114 0.1165 0.1165 0.104 0.104 0.104 0.111 0.111 0.1105 0.1105 0.1035 0.1035 0.0895 0.0895 0.0895 0.102 0.102 0.1105 0.1105 0.124 0.124 0.124 0.1115 0.1115 0.097 0.097 0.0995 0.0995 0.0995 0.097 0.097 0.097 0.097 0.102 0.102 0.102 0.1035 0.1035 0.0985 0.0985
0.1205 0.157 0.157 0.13 0.13 0.13 0.157 0.157 0.1505 0.1505 0.164 0.164 0.171 0.171 0.171 0.1815 0.1815 0.16 0.16 0.166 0.166 0.166 0.1565 0.1565 0.147 0.147 0.123 0.123 0.123 0.118 0.118 0.1085 0.1085 0.1145 0.1145 0.1145 0.0995 0.0995 0.112 0.112 0.094 0.094 0.094 0.094 0.094 0.089 0.089 0.0795 0.0795 0.0635 0.0635 0.0635 0.07700001 0.07700001 0.09 0.09 0.0975 0.0975 0.0975 0.0995 0.0995 0.101 0.101 0.105 0.105 0.105 0.102 0.102 0.09999999 0.09999999 0.104 0.104 0.104 0.1055 0.1055 0.102 0.102
0.1205 0.157 0.157 0.13 0.13 0.13 0.157 0.157 0.1505 0.1505 0.164 0.164 0.171 0.171 0.171 0.1815 0.1815 0.16 0.16 0.166 0.166 0.166 0.1565 0.1565 0.147 0.147 0.123 0.123 0.123 0.118 0.118 0.1085 0.1085 0.1145 0.1145 0.1145 0.0995 0.0995 0.112 0.112 0.094 0.094 0.094 0.094 0.094 0.089 0.089 0.0795 0.0795 0.0635 0.0635 0.0635 0.07700001 0.07700001 0.09 0.09 0.0975 0.0975 0.0975 0.0995 0.0995 0.101 0.101 0.105 0.105 0.105 0.102 0.102 0.09999999 0.09999999 0.104 0.104 0.104 0.1055 0.1055 0.102 0.102
0.1165 0.1555 0.1555 0.1355 0.1355 0.1355 0.1505 0.1505 0.162 0.162 0.1255 0.1255 0.139 0.139 0.139 0.1275 0.1275 0.1305 0.1305 0.141 0.141 0.141 0.1275 0.1275 0.1205 0.1205 0.112 0.112 0.112 0.104 0.104 0.0895 0.0895 0.09100001 0.09100001 0.09100001 0.095 0.095 0.105 0.105 0.1165 0.1165 0.1165 0.116 0.116 0.1105 0.1105 0.106 0.106 0.1075 0.1075 0.1075 0.1005 0.1005 0.098 0.098 0.0985 0.0985 0.0985 0.1005 0.1005 0.103 0.103 0.09999999 0.09999999 0.09999999 0.098 0.098 0.1005 0.1005 0.1025 0.1025 0.1025 0.103 0.103 0.104 0.104
0.1165 0.1555 0.1555 0.1355 0.1355 0.1355 0.1505 0.1505 0.162 0.162 0.1255 0.1255 0.139 0.139 0.139 0.1275 0.1275 0.1305 0.1305 0.141 0.141 0.141 0.1275 0.1275 0.1205 0.1205 0.112 0.112 0.112 0.104 0.104 0.0895 0.0895 0.09100001 0.09100001 0.09100001 0.095 0.095 0.105 0.105 0.1165 0.1165 0.1165 0.116 0.116 0.1105 0.1105 0.106 0.106 0.1075 0.1075 0.1075 0.1005 0.1005 0.098 0.098 0.0985 0.0985 0.0985 0.1005 0.1005 0.103 0.103 0.09999999 0.09999999 0.09999999 0.098 0.098 0.1005 0.1005 0.1025 0.1025 0.1025 0.103 0.103 0.104 0.104
0.1165 0.1555 0.1555 0.1355 0.1355 0.1355 0.1505 0.1505 0.162 0.162 0.1255 0.1255 0.139 0.139 0.139 0.1275 0.1275 0.1305 0.1305 0.141 0.141 0.141 0.1275 0.1275 0.1205 0.1205 0.112 0.112 0.112 0.104 0.104 0.0895 0.0895 0.09100001 0.09100001 0.09100001 0.095 0.095 0.105 0.105 0.1165 0.1165 0.1165 0.116 0.116 0.1105 0.1105 0.106 0.106 0.1075 0.1075 0.1075 0.1005 0.1005 0.098 0.098 0.0985 0.0985 0.0985 0.1005 0.1005 0.103 0.103 0.09999999 0.09999999 0.09999999 0.098 0.098 0.1005 0.1005 0.1025 0.1025 0.1025 0.103 0.103 0.104 0.104
0.124 0.17 0.17 0.145 0.145 0.145 0.133 0.133 0.1165 0.1165 0.133 0.133 0.13 0.13 0.13 0.1545 0.1545 0.1745 0.1745 0.155 0.155 0.155 0.1315 0.1315 0.145 0.145 0.121 0.121 0.121 0.1065 0.1065 0.1065 0.1065 0.103 0.103 0.103 0.1295 0.1295 0.119 0.119 0.11 0.11 0.11 0.1095 0.1095 0.1075 0.1075 0.1035 0.1035 0.09450001 0.09450001 0.09450001 0.097 0.097 0.09450001 0.09450001 0.099 0.099 0.099 0.0995 0.0995 0.1075 0.1075 0.103 0.103 0.103 0.103 0.103 0.1085 0.1085 0.1065 0.1065 0.1065 0.103 0.103 0.096 0.096
0.124 0.17 0.17 0.145 0.145 0.145 0.133 0.133 0.1165 0.1165 0.133 0.133 0.13 0.13 0.13 0.1545 0.1545 0.1745 0.1745 0.155 0.155 0.155 0.1315 0.1315 0.145 0.145 0.121 0.121 0.121 0.1065 0.1065 0.1065 0.1065 0.103 0.103 0.103 0.1295 0.1295 0.119 0.119 0.11 0.11 0.11 0.1095 0.1095 0.1075 0.1075 0.1035 0.1035 0.09450001 0.09450001 0.09450001 0.097 0.097 0.09450001 0.09450001 0.099 0.099 0.099 0.0995 0.0995 0.1075 0.1075 0.103 0.103 0.103 0.103 0.103 0.1085 0.1085 0.1065 0.1065 0.1065 0.103 0.103 0.096 0.096
0.117 0.135 0.135 0.1535 0.1535 0.1535 0.1435 0.1435 0.176 0.176 0.1415 0.1415 0.1755 0.1755 0.1755 0.162 0.162 0.137 0.137 0.17 0.17 0.17 0.1685 0.1685 0.1635 0.1635 0.1655 0.1655 0.1655 0.1645 0.1645 0.152 0.152 0.1265 0.1265 0.1265 0.128 0.128 0.121 0.121 0.1085 0.1085 0.1085 0.1075 0.1075 0.1035 0.1035 0.107 0.107 0.0975 0.0975 0.0975 0.097 0.097 0.097 0.097 0.1015 0.1015 0.1015 0.107 0.107 0.1115 0.1115 0.111 0.111 0.111 0.1105 0.1105 0.1075 0.1075 0.1075 0.1075 0.1075 0.1025 0.1025 0.0995 0.0995
0.117 0.135 0.135 0.1535 0.1535 0.1535 0.1435 0.1435 0.176 0.176 0.1415 0.1415 0.1755 0.1755 0.1755 0.162 0.162 0.137 0.137 0.17 0.17 0.17 0.1685 0.1685 0.1635 0.1635 0.1655 0.1655 0.1655 0.1645 0.1645 0.152 0.152 0.1265 0.1265 0.1265 0.128 0.128 0.121 0.121 0.1085 0.1085 0.1085 0.1075 0.1075 0.1035 0.1035 0.107 0.107 0.0975 0.0975 0.0975 0.097 0.097 0.097 0.097 0.1015 0.1015 0.1015 0.107 0.107 0.1115 0.1115 0.111 0.111 0.111 0.1105 0.1105 0.1075 0.1075 0.1075 0.1075 0.1075 0.1025 0.1025 0.0995 0.0995
0.1255 0.15 0.15 0.175 0.175 0.175 0.1935 0.1935 0.19 0.19 0.204 0.204 0.2145 0.2145 0.2145 0.2075 0.2075 0.2 0.2 0.169 0.169 0.169 0.16 0.16 0.1345 0.1345 0.134 0.134 0.134 0.1375 0.1375 0.136 0.136 0.1275 0.1275 0.1275 0.1225 0.1225 0.117 0.117 0.113 0.113 0.113 0.1085 0.1085 0.108 0.108 0.1095 0.1095 0.113 0.113 0.113 0.1065 0.1065 0.1015 0.1015 0.101 0.101 0.101 0.1065 0.1065 0.11 0.11 0.1155 0.1155 0.1155 0.117 0.117 0.1065 0.1065 0.1055 0.1055 0.1055 0.0975 0.0975 0.098 0.098
0.1255 0.15 0.15 0.175 0.175 0.175 0.1935 0.1935 0.19 0.19 0.204 0.204 0.2145 0.2145 0.2145 0.2075 0.2075 0.2 0.2 0.169 0.169 0.169 0.16 0.16 0.1345 0.1345 0.134 0.134 0.134 0.1375 0.1375 0.136 0.136 0.1275 0.1275 0.1275 0.1225 0.1225 0.117 0.117 0.113 0.113 0.113 0.1085 0.1085 0.108 0.108 0.1095 0.1095 0.113 0.113 0.113 0.1065 0.1065 0.1015 0.1015 0.101 0.101 0.101 0.1065 0.1065 0.11 0.11 0.1155 0.1155 0.1155 0.117 0.117 0.1065 0.1065 0.1055 0.1055 0.1055 0.0975 0.0975 0.098 0.098
0.1255 0.15 0.15 0.175 0.175 0.175 0.1935 0.1935 0.19 0.19 0.204 0.204 0.2145 0.2145 0.2145 0.2075 0.2075 0.2 0.2 0.169 0.169 0.169 0.16 0.16 0.1345 0.1345 0.134 0.134 0.134 0.1375 0.1375 0.136 0.136 0.1275 0.1275 0.1275 0.1225 0.1225 0.117 0.117 0.113 0.113 0.113 0.1085 0.1085 0.108 0.108 0.1095 0.1095 0.113 0.113 0.113 0.1065 0.1065 0.1015 0.1015 0.101 0.101 0.101 0.1065 0.1065 0.11 0.11 0.1155 0.1155 0.1155 0.117 0.117 0.1065 0.1065 0.1055 0.1055 0.1055 0.0975 0.0975 0.098 0.098
0.151 0.151 0.151 0.182 0.182 0.182 0.2105 0.2105 0.2625 0.2625 0.2005 0.2005 0.1975 0.1975 0.1975 0.185 0.185 0.198 0.198 0.143 0.143 0.143 0.1375 0.1375 0.1265 0.1265 0.123 0.123 0.123 0.129 0.129 0.1235 0.1235 0.126 0.126 0.126 0.1245 0.1245 0.1275 0.1275 0.117 0.117 0.117 0.11 0.11 0.1105 0.1105 0.1225 0.1225 0.117 0.117 0.117 0.1155 0.1155 0.1085 0.1085 0.1065 0.1065 0.1065 0.106 0.106 0.1135 0.1135 0.122 0.122 0.122 0.129 0.129 0.1225 0.1225 0.116 0.116 0.116 0.1125 0.1125 0.107 0.107
0.151 0.151 0.151 0.182 0.182 0.182 0.2105 0.2105 0.2625 0.2625 0.2005 0.2005 0.1975 0.1975 0.1975 0.185 0.185 0.198 0.198 0.143 0.143 0.143 0.1375 0.1375 0.1265 0.1265 0.123 0.123 0.123 0.129 0.129 0.1235 0.1235 0.126 0.126 0.126 0.1245 0.1245 0.1275 0.1275 0.117 0.117 0.117 0.11 0.11 0.1105 0.1105 0.1225 0.1225 0.117 0.117 0.117 0.1155 0.1155 0.1085 0.1085 0.1065 0.1065 0.1065 0.106 0.106 0.1135 0.1135 0.122 0.122 0.122 0.129 0.129 0.1225 0.1225 0.116 0.116 0.116 0.1125 0.1125 0.107 0.107
0.149 0.136 0.136 0.153 0.153 0.153 0.1425 0.1425 0.146 0.146 0.155 0.155 0.189 0.189 0.189 0.1775 0.1775 0.1845 0.1845 0.146 0.146 0.146 0.1495 0.1495 0.142 0.142 0.144 0.144 0.144 0.138 0.138 0.1385 0.1385 0.133 0.133 0.133 0.132 0.132 0.124 0.124 0.1285 0.1285 0.1285 0.129 0.129 0.1285 0.1285 0.119 0.119 0.123 0.123 0.123 0.1245 0.1245 0.118 0.118 0.1145 0.1145 0.1145 0.122 0.122 0.1205 0.1205 0.118 0.118 0.118 0.128 0.128 0.1225 0.1225 0.1135 0.1135 0.1135 0.108 0.108 0.106 0.106
0.149 0.136 0.136 0.153 0.153 0.153 0.1425 0.1425 0.146 0.146 0.155 0.155 0.189 0.189 0.189 0.1775 0.1775 0.1845 0.1845 0.146 0.146 0.146 0.1495 0.1495 0.142 0.142 0.144 0.144 0.144 0.138 0.138 0.1385 0.1385 0.133 0.133 0.133 0.132 0.132 0.124 0.124 0.1285 0.1285 0.1285 0.129 0.129 0.1285 0.1285 0.119 0.119 0.123 0.123 0.123 0.1245 0.1245 0.118 0.118 0.1145 0.1145 0.1145 0.122 0.122 0.1205 0.1205 0.118 0.118 0.118 0.128 0.128 0.1225 0.1225 0.1135 0.1135 0.1135 0.108 0.108 0.106 0.106
0.139 0.136 0.136 0.1645 0.1645 0.1645 0.204 0.204 0.172 0.172 0.153 0.153 0.124 0.124 0.124 0.1365 0.1365 0.1375 0.1375 0.1705 0.1705 0.1705 0.147 0.147 0.153 0.153 0.1575 0.1575 0.1575 0.137 0.137 0.1405 0.1405 0.126 0.126 0.126 0.1405 0.1405 0.134 0.134 0.138 0.138 0.138 0.1285 0.1285 0.1375 0.1375 0.1425 0.1425 0.148 0.148 0.148 0.1495 0.1495 0.127 0.127 0.1225 0.1225 0.1225 0.1205 0.1205 0.133 0.133 0.13 0.13 0.13 0.124 0.124 0.122 0.122 0.121 0.121 0.121 0.123 0.123 0.108 0.108
0.139 0.136 0.136 0.1645 0.1645 0.1645 0.204 0.204 0.172 0.172 0.153 0.153 0.124 0.124 0.124 0.1365 0.1365 0.1375 0.1375 0.1705 0.1705 0.1705 0.147 0.147 0.153 0.153 0.1575 0.1575 0.1575 0.137 0.137 0.1405 0.1405 0.126 0.126 0.126 0.1405 0.1405 0.134 0.134 0.138 0.138 0.138 0.1285 0.1285 0.1375 0.1375 0.1425 0.1425 0.148 0.148 0.148 0.1495 0.1495 0.127 0.127 0.1225 0.1225 0.1225 0.1205 0.1205 0.133 0.133 0.13 0.13 0.13 0.124 0.124 0.122 0.122 0.121 0.121 0.121 0.123 0.123 0.108 0.108
