ndvi/NOAA-142.asc
ncols         252
nrows         154
xllcorner     -18.017974
yllcorner     13.481982
cellsize      0.035948
NODATA_value  -9999
[rows 0 to 33 of 154, columns 78 to 155 of 252]
0.0825 0.0795 0.0795 0.08 0.08 0.083 0.083 0.083 0.083 0.083 0.089 0.089 0.082 0.082 0.0865 0.0865 0.0865 0.086 0.086 0.08750001 0.08750001 0.0885 0.0885 0.0885 0.0805 0.0805 0.082 0.082 0.0835 0.0835 0.0835 0.0785 0.0785 0.078 0.078 0.077 0.077 0.077 0.074 0.074 0.075 0.075 0.0755 0.0755 0.0755 0.079 0.079 0.071 0.071 0.0875 0.0875 0.08149999 0.08149999 0.08149999 0.0815 0.0815 0.08 0.08 0.085 0.085 0.085 0.086 0.086 0.09 0.09 0.088 0.088 0.088 0.08 0.08 0.07799999 0.07799999 0.086 0.086 0.086 0.0845 0.0845 0.07799999
0.0825 0.0795 0.0795 0.08 0.08 0.083 0.083 0.083 0.083 0.083 0.089 0.089 0.082 0.082 0.0865 0.0865 0.0865 0.086 0.086 0.08750001 0.08750001 0.0885 0.0885 0.0885 0.0805 0.0805 0.082 0.082 0.0835 0.0835 0.0835 0.0785 0.0785 0.078 0.078 0.077 0.077 0.077 0.074 0.074 0.075 0.075 0.0755 0.0755 0.0755 0.079 0.079 0.071 0.071 0.0875 0.0875 0.08149999 0.08149999 0.08149999 0.0815 0.0815 0.08 0.08 0.085 0.085 0.085 0.086 0.086 0.09 0.09 0.088 0.088 0.088 0.08 0.08 0.07799999 0.07799999 0.086 0.086 0.086 0.0845 0.0845 0.07799999
0.086 0.081 0.081 0.082 0.082 0.0855 0.0855 0.0855 0.0905 0.0905 0.0855 0.0855 0.0825 0.0825 0.087 0.087 0.087 0.089 0.089 0.08400001 0.08400001 0.0925 0.0925 0.0925 0.0835 0.0835 0.0855 0.0855 0.079 0.079 0.079 0.071 0.071 0.07449999 0.07449999 0.076 0.076 0.076 0.073 0.073 0.0695 0.0695 0.0775 0.0775 0.0775 0.0845 0.0845 0.0875 0.0875 0.084 0.084 0.096 0.096 0.096 0.09450001 0.09450001 0.095 0.095 0.086 0.086 0.086 0.087 0.087 0.085 0.085 0.0845 0.0845 0.0845 0.081 0.081 0.0835 0.0835 0.07799999 0.07799999 0.07799999 0.08400001 0.08400001 0.081
0.086 0.081 0.081 0.082 0.082 0.0855 0.0855 0.0855 0.0905 0.0905 0.0855 0.0855 0.0825 0.0825 0.087 0.087 0.087 0.089 0.089 0.08400001 0.08400001 0.0925 0.0925 0.0925 0.0835 0.0835 0.0855 0.0855 0.079 0.079 0.079 0.071 0.071 0.07449999 0.07449999 0.076 0.076 0.076 0.073 0.073 0.0695 0.0695 0.0775 0.0775 0.0775 0.0845 0.0845 0.0875 0.0875 0.084 0.084 0.096 0.096 0.096 0.09450001 0.09450001 0.095 0.095 0.086 0.086 0.086 0.087 0.087 0.085 0.085 0.0845 0.0845 0.0845 0.081 0.081 0.0835 0.0835 0.07799999 0.07799999 0.07799999 0.08400001 0.08400001 0.081
0.086 0.081 0.081 0.082 0.082 0.0855 0.0855 0.0855 0.0905 0.0905 0.0855 0.0855 0.0825 0.0825 0.087 0.087 0.087 0.089 0.089 0.08400001 0.08400001 0.0925 0.0925 0.0925 0.0835 0.0835 0.0855 0.0855 0.079 0.079 0.079 0.071 0.071 0.07449999 0.07449999 0.076 0.076 0.076 0.073 0.073 0.0695 0.0695 0.0775 0.0775 0.0775 0.0845 0.0845 0.0875 0.0875 0.084 0.084 0.096 0.096 0.096 0.09450001 0.09450001 0.095 0.095 0.086 0.086 0.086 0.087 0.087 0.085 0.085 0.0845 0.0845 0.0845 0.081 0.081 0.0835 0.0835 0.07799999 0.07799999 0.07799999 0.08400001 0.08400001 0.081
0.081 0.0835 0.0835 0.08750001 0.08750001 0.0845 0.0845 0.0845 0.0875 0.0875 0.086 0.086 0.086 0.086 0.088 0.088 0.088 0.0885 0.0885 0.0855 0.0855 0.087 0.087 0.087 0.081 0.081 0.0805 0.0805 0.073 0.073 0.073 0.0755 0.0755 0.072 0.072 0.0785 0.0785 0.0785 0.0815 0.0815 0.07600001 0.07600001 0.0835 0.0835 0.0835 0.0855 0.0855 0.0865 0.0865 0.0925 0.0925 0.093 0.093 0.093 0.09 0.09 0.095 0.095 0.0895 0.0895 0.0895 0.0915 0.0915 0.086 0.086 0.0905 0.0905 0.0905 0.0855 0.0855 0.0905 0.0905 0.0915 0.0915 0.0915 0.08400001 0.08400001 0.0895
0.081 0.0835 0.0835 0.08750001 0.08750001 0.0845 0.0845 0.0845 0.0875 0.0875 0.086 0.086 0.086 0.086 0.088 0.088 0.088 0.0885 0.0885 0.0855 0.0855 0.087 0.087 0.087 0.081 0.081 0.0805 0.0805 0.073 0.073 0.073 0.0755 0.0755 0.072 0.072 0.0785 0.0785 0.0785 0.0815 0.0815 0.07600001 0.07600001 0.0835 0.0835 0.0835 0.0855 0.0855 0.0865 0.0865 0.0925 0.0925 0.093 0.093 0.093 0.09 0.09 0.095 0.095 0.0895 0.0895 0.0895 0.0915 0.0915 0.086 0.086 0.0905 0.0905 0.0905 0.0855 0.0855 0.0905 0.0905 0.0915 0.0915 0.0915 0.08400001 0.08400001 0.0895
0.085 0.081 0.081 0.0825 0.0825 0.087 0.087 0.087 0.088 0.088 0.08849999 0.08849999 0.0845 0.0845 0.0895 0.0895 0.0895 0.089 0.089 0.09 0.09 0.086 0.086 0.086 0.0915 0.0915 0.079 0.079 0.0795 0.0795 0.0795 0.087 0.087 0.085 0.085 0.0795 0.0795 0.0795 0.0795 0.0795 0.083 0.083 0.092 0.092 0.092 0.1025 0.1025 0.0955 0.0955 0.0975 0.0975 0.0935 0.0935 0.0935 0.095 0.095 0.0935 0.0935 0.0935 0.0935 0.0935 0.092 0.092 0.094 0.094 0.095 0.095 0.095 0.096 0.096 0.0925 0.0925 0.0855 0.0855 0.0855 0.092 0.092 0.0855
0.085 0.081 0.081 0.0825 0.0825 0.087 0.087 0.087 0.088 0.088 0.08849999 0.08849999 0.0845 0.0845 0.0895 0.0895 0.0895 0.089 0.089 0.09 0.09 0.086 0.086 0.086 0.0915 0.0915 0.079 0.079 0.0795 0.0795 0.0795 0.087 0.087 0.085 0.085 0.0795 0.0795 0.0795 0.0795 0.0795 0.083 0.083 0.092 0.092 0.092 0.1025 0.1025 0.0955 0.0955 0.0975 0.0975 0.0935 0.0935 0.0935 0.095 0.095 0.0935 0.0935 0.0935 0.0935 0.0935 0.092 0.092 0.094 0.094 0.095 0.095 0.095 0.096 0.096 0.0925 0.0925 0.0855 0.0855 0.0855 0.092 0.092 0.0855
0.0795 0.0915 0.0915 0.086 0.086 0.08849999 0.08849999 0.08849999 0.0865 0.0865 0.087 0.087 0.089 0.089 0.087 0.087 0.087 0.09649999 0.09649999 0.096 0.096 0.0865 0.0865 0.0865 0.095 0.095 0.0915 0.0915 0.0895 0.0895 0.0895 0.0975 0.0975 0.0975 0.0975 0.0945 0.0945 0.0945 0.087 0.087 0.09100001 0.09100001 0.0995 0.0995 0.0995 0.108 0.108 0.1065 0.1065 0.09299999 0.09299999 0.103 0.103 0.103 0.101 0.101 0.0955 0.0955 0.0975 0.0975 0.0975 0.09900001 0.09900001 0.097 0.097 0.097 0.097 0.097 0.086 0.086 0.096 0.096 0.0875 0.0875 0.0875 0.0935 0.0935 0.0905
0.0795 0.0915 0.0915 0.086 0.086 0.08849999 0.08849999 0.08849999 0.0865 0.0865 0.087 0.087 0.089 0.089 0.087 0.087 0.087 0.09649999 0.09649999 0.096 0.096 0.0865 0.0865 0.0865 0.095 0.095 0.0915 0.0915 0.0895 0.0895 0.0895 0.0975 0.0975 0.0975 0.0975 0.0945 0.0945 0.0945 0.087 0.087 0.09100001 0.09100001 0.0995 0.0995 0.0995 0.108 0.108 0.1065 0.1065 0.09299999 0.09299999 0.103 0.103 0.103 0.101 0.101 0.0955 0.0955 0.0975 0.0975 0.0975 0.09900001 0.09900001 0.097 0.097 0.097 0.097 0.097 0.086 0.086 0.096 0.096 0.0875 0.0875 0.0875 0.0935 0.0935 0.0905
0.09100001 0.09450001 0.09450001 0.09299999 0.09299999 0.0925 0.0925 0.0925 0.0895 0.0895 0.09 0.09 0.0905 0.0905 0.098 0.098 0.098 0.095 0.095 0.0935 0.0935 0.1 0.1 0.1 0.1 0.1 0.0925 0.0925 0.09 0.09 0.09 0.0905 0.0905 0.0975 0.0975 0.09299999 0.09299999 0.09299999 0.0955 0.0955 0.1065 0.1065 0.104 0.104 0.104 0.108 0.108 0.1045 0.1045 0.1065 0.1065 0.1075 0.1075 0.1075 0.106 0.106 0.104 0.104 0.0965 0.0965 0.0965 0.103 0.103 0.106 0.106 0.102 0.102 0.102 0.0995 0.0995 0.0915 0.0915 0.09100001 0.09100001 0.09100001 0.101 0.101 0.0925
0.09100001 0.09450001 0.09450001 0.09299999 0.09299999 0.0925 0.0925 0.0925 0.0895 0.0895 0.09 0.09 0.0905 0.0905 0.098 0.098 0.098 0.095 0.095 0.0935 0.0935 0.1 0.1 0.1 0.1 0.1 0.0925 0.0925 0.09 0.09 0.09 0.0905 0.0905 0.0975 0.0975 0.09299999 0.09299999 0.09299999 0.0955 0.0955 0.1065 0.1065 0.104 0.104 0.104 0.108 0.108 0.1045 0.1045 0.1065 0.1065 0.1075 0.1075 0.1075 0.106 0.106 0.104 0.104 0.0965 0.0965 0.0965 0.103 0.103 0.106 0.106 0.102 0.102 0.102 0.0995 0.0995 0.0915 0.0915 0.09100001 0.09100001 0.09100001 0.101 0.101 0.0925
0.09100001 0.09450001 0.09450001 0.09299999 0.09299999 0.0925 0.0925 0.0925 0.0895 0.0895 0.09 0.09 0.0905 0.0905 0.098 0.098 0.098 0.095 0.095 0.0935 0.0935 0.1 0.1 0.1 0.1 0.1 0.0925 0.0925 0.09 0.09 0.09 0.0905 0.0905 0.0975 0.0975 0.09299999 0.09299999 0.09299999 0.0955 0.0955 0.1065 0.1065 0.104 0.104 0.104 0.108 0.108 0.1045 0.1045 0.1065 0.1065 0.1075 0.1075 0.1075 0.106 0.106 0.104 0.104 0.0965 0.0965 0.0965 0.103 0.103 0.106 0.106 0.102 0.102 0.102 0.0995 0.0995 0.0915 0.0915 0.09100001 0.09100001 0.09100001 0.101 0.101 0.0925
0.0935 0.0985 0.0985 0.094 0.094 0.101 0.101 0.101 0.0935 0.0935 0.092 0.092 0.0965 0.0965 0.1065 0.1065 0.1065 0.0975 0.0975 0.1035 0.1035 0.103 0.103 0.103 0.1015 0.1015 0.094 0.094 0.09100001 0.09100001 0.09100001 0.091 0.091 0.092 0.092 0.091 0.091 0.091 0.0935 0.0935 0.1075 0.1075 0.1095 0.1095 0.1095 0.111 0.111 0.114 0.114 0.1115 0.1115 0.1105 0.1105 0.1105 0.109 0.109 0.1025 0.1025 0.108 0.108 0.108 0.104 0.104 0.1065 0.1065 0.107 0.107 0.107 0.093 0.093 0.0905 0.0905 0.101 0.101 0.101 0.09900001 0.09900001 0.0925
0.0935 0.0985 0.0985 0.094 0.094 0.101 0.101 0.101 0.0935 0.0935 0.092 0.092 0.0965 0.0965 0.1065 0.1065 0.1065 0.0975 0.0975 0.1035 0.1035 0.103 0.103 0.103 0.1015 0.1015 0.094 0.094 0.09100001 0.09100001 0.09100001 0.091 0.091 0.092 0.092 0.091 0.091 0.091 0.0935 0.0935 0.1075 0.1075 0.1095 0.1095 0.1095 0.111 0.111 0.114 0.114 0.1115 0.1115 0.1105 0.1105 0.1105 0.109 0.109 0.1025 0.1025 0.108 0.108 0.108 0.104 0.104 0.1065 0.1065 0.107 0.107 0.107 0.093 0.093 0.0905 0.0905 0.101 0.101 0.101 0.09900001 0.09900001 0.0925
0.1015 0.096 0.096 0.098 0.098 0.0985 0.0985 0.0985 0.1005 0.1005 0.0985 0.0985 0.1015 0.1015 0.102 0.102 0.102 0.103 0.103 0.1025 0.1025 0.101 0.101 0.101 0.1 0.1 0.0985 0.0985 0.094 0.094 0.094 0.09 0.09 0.091 0.091 0.0945 0.0945 0.0945 0.0925 0.0925 0.1065 0.1065 0.108 0.108 0.108 0.117 0.117 0.1105 0.1105 0.1115 0.1115 0.11 0.11 0.11 0.114 0.114 0.112 0.112 0.1215 0.1215 0.1215 0.113 0.113 0.108 0.108 0.103 0.103 0.103 0.0915 0.0915 0.089 0.089 0.0995 0.0995 0.0995 0.0985 0.0985 0.097
0.1015 0.096 0.096 0.098 0.098 0.0985 0.0985 0.0985 0.1005 0.1005 0.0985 0.0985 0.1015 0.1015 0.102 0.102 0.102 0.103 0.103 0.1025 0.1025 0.101 0.101 0.101 0.1 0.1 0.0985 0.0985 0.094 0.094 0.094 0.09 0.09 0.091 0.091 0.0945 0.0945 0.0945 0.0925 0.0925 0.1065 0.1065 0.108 0.108 0.108 0.117 0.117 0.1105 0.1105 0.1115 0.1115 0.11 0.11 0.11 0.114 0.114 0.112 0.112 0.1215 0.1215 0.1215 0.113 0.113 0.108 0.108 0.103 0.103 0.103 0.0915 0.0915 0.089 0.089 0.0995 0.0995 0.0995 0.0985 0.0985 0.097
0.0975 0.103 0.103 0.09450001 0.09450001 0.098 0.098 0.098 0.102 0.102 0.1065 0.1065 0.108 0.108 0.1005 0.1005 0.1005 0.099 0.099 0.1 0.1 0.099 0.099 0.099 0.0955 0.0955 0.102 0.102 0.104 0.104 0.104 0.1095 0.1095 0.09450001 0.09450001 0.09999999 0.09999999 0.09999999 0.093 0.093 0.1055 0.1055 0.1135 0.1135 0.1135 0.113 0.113 0.112 0.112 0.109 0.109 0.098 0.098 0.098 0.1025 0.1025 0.1135 0.1135 0.1175 0.1175 0.1175 0.119 0.119 0.115 0.115 0.107 0.107 0.107 0.1055 0.1055 0.1055 0.1055 0.0985 0.0985 0.0985 0.109 0.109 0.136
0.0975 0.103 0.103 0.09450001 0.09450001 0.098 0.098 0.098 0.102 0.102 0.1065 0.1065 0.108 0.108 0.1005 0.1005 0.1005 0.099 0.099 0.1 0.1 0.099 0.099 0.099 0.0955 0.0955 0.102 0.102 0.104 0.104 0.104 0.1095 0.1095 0.09450001 0.09450001 0.09999999 0.09999999 0.09999999 0.093 0.093 0.1055 0.1055 0.1135 0.1135 0.1135 0.113 0.113 0.112 0.112 0.109 0.109 0.098 0.098 0.098 0.1025 0.1025 0.1135 0.1135 0.1175 0.1175 0.1175 0.119 0.119 0.115 0.115 0.107 0.107 0.107 0.1055 0.1055 0.1055 0.1055 0.0985 0.0985 0.0985 0.109 0.109 0.136
0.0975 0.103 0.103 0.09450001 0.09450001 0.098 0.098 0.098 0.102 0.102 0.1065 0.1065 0.108 0.108 0.1005 0.1005 0.1005 0.099 0.099 0.1 0.1 0.099 0.099 0.099 0.0955 0.0955 0.102 0.102 0.104 0.104 0.104 0.1095 0.1095 0.09450001 0.09450001 0.09999999 0.09999999 0.09999999 0.093 0.093 0.1055 0.1055 0.1135 0.1135 0.1135 0.113 0.113 0.112 0.112 0.109 0.109 0.098 0.098 0.098 0.1025 0.1025 0.1135 0.1135 0.1175 0.1175 0.1175 0.119 0.119 0.115 0.115 0.107 0.107 0.107 0.1055 0.1055 0.1055 0.1055 0.0985 0.0985 0.0985 0.109 0.109 0.136
0.1025 0.1025 0.1025 0.106 0.106 0.097 0.097 0.097 0.11 0.11 0.1005 0.1005 0.1005 0.1005 0.0985 0.0985 0.0985 0.103 0.103 0.1 0.1 0.0995 0.0995 0.0995 0.0995 0.0995 0.112 0.112 0.1125 0.1125 0.1125 0.1105 0.1105 0.1115 0.1115 0.1085 0.1085 0.1085 0.105 0.105 0.1235 0.1235 0.1265 0.1265 0.1265 0.127 0.127 0.124 0.124 0.1135 0.1135 0.102 0.102 0.102 0.105 0.105 0.1205 0.1205 0.126 0.126 0.126 0.13 0.13 0.1145 0.1145 0.1105 0.1105 0.1105 0.1085 0.1085 0.116 0.116 0.107 0.107 0.107 0.1015 0.1015 0.129
0.1025 0.1025 0.1025 0.106 0.106 0.097 0.097 0.097 0.11 0.11 0.1005 0.1005 0.1005 0.1005 0.0985 0.0985 0.0985 0.103 0.103 0.1 0.1 0.0995 0.0995 0.0995 0.0995 0.0995 0.112 0.112 0.1125 0.1125 0.1125 0.1105 0.1105 0.1115 0.1115 0.1085 0.1085 0.1085 0.105 0.105 0.1235 0.1235 0.1265 0.1265 0.1265 0.127 0.127 0.124 0.124 0.1135 0.1135 0.102 0.102 0.102 0.105 0.105 0.1205 0.1205 0.126 0.126 0.126 0.13 0.13 0.1145 0.1145 0.1105 0.1105 0.1105 0.1085 0.1085 0.116 0.116 0.107 0.107 0.107 0.1015 0.1015 0.129
0.1005 0.096 0.096 0.095 0.095 0.1045 0.1045 0.1045 0.111 0.111 0.1175 0.1175 0.119 0.119 0.12 0.12 0.12 0.1175 0.1175 0.107 0.107 0.1115 0.1115 0.1115 0.116 0.116 0.117 0.117 0.127 0.127 0.127 0.1215 0.1215 0.1125 0.1125 0.107 0.107 0.107 0.107 0.107 0.12 0.12 0.124 0.124 0.124 0.138 0.138 0.1345 0.1345 0.132 0.132 0.1135 0.1135 0.1135 0.105 0.105 0.105 0.105 0.126 0.126 0.126 0.125 0.125 0.127 0.127 0.115 0.115 0.115 0.1115 0.1115 0.1135 0.1135 0.1015 0.1015 0.1015 0.095 0.095 0.1105
0.1005 0.096 0.096 0.095 0.095 0.1045 0.1045 0.1045 0.111 0.111 0.1175 0.1175 0.119 0.119 0.12 0.12 0.12 0.1175 0.1175 0.107 0.107 0.1115 0.1115 0.1115 0.116 0.116 0.117 0.117 0.127 0.127 0.127 0.1215 0.1215 0.1125 0.1125 0.107 0.107 0.107 0.107 0.107 0.12 0.12 0.124 0.124 0.124 0.138 0.138 0.1345 0.1345 0.132 0.132 0.1135 0.1135 0.1135 0.105 0.105 0.105 0.105 0.126 0.126 0.126 0.125 0.125 0.127 0.127 0.115 0.115 0.115 0.1115 0.1115 0.1135 0.1135 0.1015 0.1015 0.1015 0.095 0.095 0.1105
0.112 0.109 0.109 0.1095 0.1095 0.119 0.119 0.119 0.122 0.122 0.1275 0.1275 0.1275 0.1275 0.1205 0.1205 0.1205 0.117 0.117 0.107 0.107 0.108 0.108 0.108 0.115 0.115 0.118 0.118 0.119 0.119 0.119 0.1175 0.1175 0.1155 0.1155 0.111 0.111 0.111 0.107 0.107 0.117 0.117 0.1305 0.1305 0.1305 0.134 0.134 0.136 0.136 0.1275 0.1275 0.1215 0.1215 0.1215 0.113 0.113 0.115 0.115 0.1135 0.1135 0.1135 0.1265 0.1265 0.117 0.117 0.124 0.124 0.124 0.1045 0.1045 0.1025 0.1025 0.0975 0.0975 0.0975 0.1025 0.1025 0.104
0.112 0.109 0.109 0.1095 0.1095 0.119 0.119 0.119 0.122 0.122 0.1275 0.1275 0.1275 0.1275 0.1205 0.1205 0.1205 0.117 0.117 0.107 0.107 0.108 0.108 0.108 0.115 0.115 0.118 0.118 0.119 0.119 0.119 0.1175 0.1175 0.1155 0.1155 0.111 0.111 0.111 0.107 0.107 0.117 0.117 0.1305 0.1305 0.1305 0.134 0.134 0.136 0.136 0.1275 0.1275 0.1215 0.1215 0.1215 0.113 0.113 0.115 0.115 0.1135 0.1135 0.1135 0.1265 0.1265 0.117 0.117 0.124 0.124 0.124 0.1045 0.1045 0.1025 0.1025 0.0975 0.0975 0.0975 0.1025 0.1025 0.104
0.112 0.109 0.109 0.1095 0.1095 0.119 0.119 0.119 0.122 0.122 0.1275 0.1275 0.1275 0.1275 0.1205 0.1205 0.1205 0.117 0.117 0.107 0.107 0.108 0.108 0.108 0.115 0.115 0.118 0.118 0.119 0.119 0.119 0.1175 0.1175 0.1155 0.1155 0.111 0.111 0.111 0.107 0.107 0.117 0.117 0.1305 0.1305 0.1305 0.134 0.134 0.136 0.136 0.1275 0.1275 0.1215 0.1215 0.1215 0.113 0.113 0.115 0.115 0.1135 0.1135 0.1135 0.1265 0.1265 0.117 0.117 0.124 0.124 0.124 0.1045 0.1045 0.1025 0.1025 0.0975 0.0975 0.0975 0.1025 0.1025 0.104
0.116 0.129 0.129 0.126 0.126 0.1275 0.1275 0.1275 0.1325 0.1325 0.135 0.135 0.134 0.134 0.1295 0.1295 0.1295 0.124 0.124 0.114 0.114 0.114 0.114 0.114 0.117 0.117 0.1205 0.1205 0.117 0.117 0.117 0.116 0.116 0.117 0.117 0.1135 0.1135 0.1135 0.117 0.117 0.1215 0.1215 0.1325 0.1325 0.1325 0.1265 0.1265 0.14 0.14 0.1205 0.1205 0.124 0.124 0.124 0.119 0.119 0.1205 0.1205 0.1105 0.1105 0.1105 0.121 0.121 0.1195 0.1195 0.1165 0.1165 0.1165 0.1225 0.1225 0.101 0.101 0.0995 0.0995 0.0995 0.1 0.1 0.113
0.116 0.129 0.129 0.126 0.126 0.1275 0.1275 0.1275 0.1325 0.1325 0.135 0.135 0.134 0.134 0.1295 0.1295 0.1295 0.124 0.124 0.114 0.114 0.114 0.114 0.114 0.117 0.117 0.1205 0.1205 0.117 0.117 0.117 0.116 0.116 0.117 0.117 0.1135 0.1135 0.1135 0.117 0.117 0.1215 0.1215 0.1325 0.1325 0.1325 0.1265 0.1265 0.14 0.14 0.1205 0.1205 0.124 0.124 0.124 0.119 0.119 0.1205 0.1205 0.1105 0.1105 0.1105 0.121 0.121 0.1195 0.1195 0.1165 0.1165 0.1165 0.1225 0.1225 0.101 0.101 0.0995 0.0995 0.0995 0.1 0.1 0.113
0.126 0.1285 0.1285 0.1375 0.1375 0.1315 0.1315 0.1315 0.129 0.129 0.1335 0.1335 0.1435 0.1435 0.1415 0.1415 0.1415 0.1345 0.1345 0.1225 0.1225 0.1225 0.1225 0.1225 0.125 0.125 0.1185 0.1185 0.122 0.122 0.122 0.12 0.12 0.127 0.127 0.131 0.131 0.131 0.1255 0.1255 0.13 0.13 0.131 0.131 0.131 0.1275 0.1275 0.1265 0.1265 0.132 0.132 0.1335 0.1335 0.1335 0.131 0.131 0.137 0.137 0.1305 0.1305 0.1305 0.135 0.135 0.132 0.132 0.1165 0.1165 0.1165 0.1145 0.1145 0.105 0.105 0.1015 0.1015 0.1015 0.105 0.105 0.1015
0.126 0.1285 0.1285 0.1375 0.1375 0.1315 0.1315 0.1315 0.129 0.129 0.1335 0.1335 0.1435 0.1435 0.1415 0.1415 0.1415 0.1345 0.1345 0.1225 0.1225 0.1225 0.1225 0.1225 0.125 0.125 0.1185 0.1185 0.122 0.122 0.122 0.12 0.12 0.127 0.127 0.131 0.131 0.131 0.1255 0.1255 0.13 0.13 0.131 0.131 0.131 0.1275 0.1275 0.1265 0.1265 0.132 0.132 0.1335 0.1335 0.1335 0.131 0.131 0.137 0.137 0.1305 0.1305 0.1305 0.135 0.135 0.132 0.132 0.1165 0.1165 0.1165 0.1145 0.1145 0.105 0.105 0.1015 0.1015 0.1015 0.105 0.105 0.1015
0.134 0.126 0.126 0.1215 0.1215 0.1135 0.1135 0.1135 0.1275 0.1275 0.129 0.129 0.143 0.143 0.145 0.145 0.145 0.1335 0.1335 0.1285 0.1285 0.136 0.136 0.136 0.135 0.135 0.1305 0.1305 0.1315 0.1315 0.1315 0.13 0.13 0.1345 0.1345 0.127 0.127 0.127 0.1285 0.1285 0.1305 0.1305 0.137 0.137 0.137 0.136 0.136 0.131 0.131 0.133 0.133 0.1275 0.1275 0.1275 0.128 0.128 0.132 0.132 0.1285 0.1285 0.1285 0.141 0.141 0.146 0.146 0.144 0.144 0.144 0.1385 0.1385 0.1215 0.1215 0.119 0.119 0.119 0.115 0.115 0.119
0.134 0.126 0.126 0.1215 0.1215 0.1135 0.1135 0.1135 0.1275 0.1275 0.129 0.129 0.143 0.143 0.145 0.145 0.145 0.1335 0.1335 0.1285 0.1285 0.136 0.136 0.136 0.135 0.135 0.1305 0.1305 0.1315 0.1315 0.1315 0.13 0.13 0.1345 0.1345 0.127 0.127 0.127 0.1285 0.1285 0.1305 0.1305 0.137 0.137 0.137 0.136 0.136 0.131 0.131 0.133 0.133 0.1275 0.1275 0.1275 0.128 0.128 0.132 0.132 0.1285 0.1285 0.1285 0.141 0.141 0.146 0.146 0.144 0.144 0.144 0.1385 0.1385 0.1215 0.1215 0.119 0.119 0.119 0.115 0.115 0.119
