ndvi/NOAA-55.asc
ncols         252
nrows         154
xllcorner     -18.017974
yllcorner     13.481982
cellsize      0.035948
NODATA_value  -9999
[rows 70 to 104 of 154, columns 0 to 76 of 252]
-1 -1 -1 -1 -1 -1 -1 -1 -1 -1 -1 -1 -1 -1 -1 -1 -1 -1 -1 -1 -1 -1 -1 -1 -1 -1 -1 -1 -1 -1 -1 -1 -1 -1 -1 -1 -1 -1 -1 0.218 0.218 0.218 0.2705 0.2705 0.302 0.302 0.2315 0.2315 0.2315 0.235 0.235 0.224 0.224 0.2455 0.2455 0.2795 0.2795 0.2795 0.3395 0.3395 0.315 0.315 0.315 0.315 0.315 0.277 0.277 0.3095 0.3095 0.214 0.214 0.214 0.229 0.229 0.217 0.217 0.2125
-1 -1 -1 -1 -1 -1 -1 -1 -1 -1 -1 -1 -1 -1 -1 -1 -1 -1 -1 -1 -1 -1 -1 -1 -1 -1 -1 -1 -1 -1 -1 -1 -1 -1 -1 -1 -1 0.07 0.07 0.1445 0.1445 0.1445 0.2905 0.2905 0.3165 0.3165 0.247 0.247 0.247 0.224 0.224 0.1935 0.1935 0.2195 0.2195 0.2435 0.2435 0.2435 0.2615 0.2615 0.2465 0.2465 0.2465 0.2465 0.2465 0.265 0.265 0.267 0.267 0.238 0.238 0.238 0.2375 0.2375 0.2305 0.2305 0.2095
-1 -1 -1 -1 -1 -1 -1 -1 -1 -1 -1 -1 -1 -1 -1 -1 -1 -1 -1 -1 -1 -1 -1 -1 -1 -1 -1 -1 -1 -1 -1 -1 -1 -1 -1 -1 -1 0.07 0.07 0.1445 0.1445 0.1445 0.2905 0.2905 0.3165 0.3165 0.247 0.247 0.247 0.224 0.224 0.1935 0.1935 0.2195 0.2195 0.2435 0.2435 0.2435 0.2615 0.2615 0.2465 0.2465 0.2465 0.2465 0.2465 0.265 0.265 0.267 0.267 0.238 0.238 0.238 0.2375 0.2375 0.2305 0.2305 0.2095
-1 -1 -1 -1 -1 -1 -1 -1 -1 -1 -1 -1 -1 -1 -1 -1 -1 -1 -1 -1 -1 -1 -1 -1 -1 -1 -1 -1 -1 -1 -1 -1 -1 -1 -1 -1 -1 0.07 0.07 0.1445 0.1445 0.1445 0.2905 0.2905 0.3165 0.3165 0.247 0.247 0.247 0.224 0.224 0.1935 0.1935 0.2195 0.2195 0.2435 0.2435 0.2435 0.2615 0.2615 0.2465 0.2465 0.2465 0.2465 0.2465 0.265 0.265 0.267 0.267 0.238 0.238 0.238 0.2375 0.2375 0.2305 0.2305 0.2095
-1 -1 -1 -1 -1 -1 -1 -1 -1 -1 -1 -1 -1 -1 -1 -1 -1 -1 -1 -1 -1 -1 -1 -1 -1 -1 -1 -1 -1 -1 -1 -1 -1 -1 -1 -1 -1 0.027 0.027 0.1415 0.1415 0.1415 0.247 0.247 0.2495 0.2495 0.233 0.233 0.233 0.1875 0.1875 0.22 0.22 0.207 0.207 0.207 0.207 0.207 0.2385 0.2385 0.2765 0.2765 0.2765 0.2765 0.2765 0.285 0.285 0.27 0.27 0.24 0.24 0.24 0.2435 0.2435 0.237 0.237 0.2285
-1 -1 -1 -1 -1 -1 -1 -1 -1 -1 -1 -1 -1 -1 -1 -1 -1 -1 -1 -1 -1 -1 -1 -1 -1 -1 -1 -1 -1 -1 -1 -1 -1 -1 -1 -1 -1 0.027 0.027 0.1415 0.1415 0.1415 0.247 0.247 0.2495 0.2495 0.233 0.233 0.233 0.1875 0.1875 0.22 0.22 0.207 0.207 0.207 0.207 0.207 0.2385 0.2385 0.2765 0.2765 0.2765 0.2765 0.2765 0.285 0.285 0.27 0.27 0.24 0.24 0.24 0.2435 0.2435 0.237 0.237 0.2285
-1 -1 -1 -1 -1 -1 -1 -1 -1 -1 -1 -1 -1 -1 -1 -1 -1 -1 -1 -1 -1 -1 -1 -1 -1 -1 -1 -1 -1 -1 -1 -1 -1 -1 -1 -1 -1 0.006 0.006 0.129 0.129 0.129 0.2415 0.2415 0.2365 0.2365 0.237 0.237 0.237 0.2095 0.2095 0.2385 0.2385 0.239 0.239 0.2605 0.2605 0.2605 0.265 0.265 0.2425 0.2425 0.2425 0.2425 0.2425 0.2445 0.2445 0.2685 0.2685 0.243 0.243 0.243 0.2395 0.2395 0.2225 0.2225 0.233
-1 -1 -1 -1 -1 -1 -1 -1 -1 -1 -1 -1 -1 -1 -1 -1 -1 -1 -1 -1 -1 -1 -1 -1 -1 -1 -1 -1 -1 -1 -1 -1 -1 -1 -1 -1 -1 0.006 0.006 0.129 0.129 0.129 0.2415 0.2415 0.2365 0.2365 0.237 0.237 0.237 0.2095 0.2095 0.2385 0.2385 0.239 0.239 0.2605 0.2605 0.2605 0.265 0.265 0.2425 0.2425 0.2425 0.2425 0.2425 0.2445 0.2445 0.2685 0.2685 0.243 0.243 0.243 0.2395 0.2395 0.2225 0.2225 0.233
-1 -1 -1 -1 -1 -1 -1 -1 -1 -1 -1 -1 -1 -1 -1 -1 -1 -1 -1 -1 -1 -1 -1 -1 -1 -1 -1 -1 -1 -1 -1 -1 -1 -1 -1 -1 -1 0.1237 0.1237 0.1465 0.1465 0.1465 0.179 0.179 0.246 0.246 0.2365 0.2365 0.2365 0.2395 0.2395 0.2385 0.2385 0.2515 0.2515 0.269 0.269 0.269 0.2575 0.2575 0.2385 0.2385 0.2385 0.2385 0.2385 0.2585 0.2585 0.2415 0.2415 0.2305 0.2305 0.2305 0.262 0.262 0.246 0.246 0.231
-1 -1 -1 -1 -1 -1 -1 -1 -1 -1 -1 -1 -1 -1 -1 -1 -1 -1 -1 -1 -1 -1 -1 -1 -1 -1 -1 -1 -1 -1 -1 -1 -1 -1 -1 -1 -1 0.1237 0.1237 0.1465 0.1465 0.1465 0.179 0.179 0.246 0.246 0.2365 0.2365 0.2365 0.2395 0.2395 0.2385 0.2385 0.2515 0.2515 0.269 0.269 0.269 0.2575 0.2575 0.2385 0.2385 0.2385 0.2385 0.2385 0.2585 0.2585 0.2415 0.2415 0.2305 0.2305 0.2305 0.262 0.262 0.246 0.246 0.231
-1 -1 -1 -1 -1 -1 -1 -1 -1 -1 -1 -1 -1 -1 -1 -1 -1 -1 -1 -1 -1 -1 -1 -1 -1 -1 -1 -1 -1 -1 -1 -1 -1 -1 -1 -1 -1 -0.0068 -0.0068 0.237 0.237 0.237 0.2415 0.2415 0.24 0.24 0.236 0.236 0.236 0.26 0.26 0.282 0.282 0.247 0.247 0.281 0.281 0.281 0.2495 0.2495 0.243 0.243 0.243 0.243 0.243 0.248 0.248 0.251 0.251 0.2285 0.2285 0.2285 0.2355 0.2355 0.228 0.228 0.2315
-1 -1 -1 -1 -1 -1 -1 -1 -1 -1 -1 -1 -1 -1 -1 -1 -1 -1 -1 -1 -1 -1 -1 -1 -1 -1 -1 -1 -1 -1 -1 -1 -1 -1 -1 -1 -1 -0.0068 -0.0068 0.237 0.237 0.237 0.2415 0.2415 0.24 0.24 0.236 0.236 0.236 0.26 0.26 0.282 0.282 0.247 0.247 0.281 0.281 0.281 0.2495 0.2495 0.243 0.243 0.243 0.243 0.243 0.248 0.248 0.251 0.251 0.2285 0.2285 0.2285 0.2355 0.2355 0.228 0.228 0.2315
-1 -1 -1 -1 -1 -1 -1 -1 -1 -1 -1 -1 -1 -1 -1 -1 -1 -1 -1 -1 -1 -1 -1 -1 -1 -1 -1 -1 -1 -1 -1 -1 -1 -1 -1 -1 -1 -0.0068 -0.0068 0.237 0.237 0.237 0.2415 0.2415 0.24 0.24 0.236 0.236 0.236 0.26 0.26 0.282 0.282 0.247 0.247 0.281 0.281 0.281 0.2495 0.2495 0.243 0.243 0.243 0.243 0.243 0.248 0.248 0.251 0.251 0.2285 0.2285 0.2285 0.2355 0.2355 0.228 0.228 0.2315
-1 -1 -1 -1 -1 -1 -1 -1 -1 -1 -1 -1 -1 -1 -1 -1 -1 -1 -1 -1 -1 -1 -1 -1 -1 -1 -1 -1 -1 -1 -1 -1 -1 -1 -1 -1 -1 0.02 0.02 0.1875 0.1875 0.1875 0.2165 0.2165 0.2105 0.2105 0.2435 0.2435 0.2435 0.262 0.262 0.267 0.267 0.2355 0.2355 0.253 0.253 0.253 0.244 0.244 0.246 0.246 0.246 0.246 0.246 0.2505 0.2505 0.2435 0.2435 0.2405 0.2405 0.2405 0.238 0.238 0.2355 0.2355 0.2205
-1 -1 -1 -1 -1 -1 -1 -1 -1 -1 -1 -1 -1 -1 -1 -1 -1 -1 -1 -1 -1 -1 -1 -1 -1 -1 -1 -1 -1 -1 -1 -1 -1 -1 -1 -1 -1 0.02 0.02 0.1875 0.1875 0.1875 0.2165 0.2165 0.2105 0.2105 0.2435 0.2435 0.2435 0.262 0.262 0.267 0.267 0.2355 0.2355 0.253 0.253 0.253 0.244 0.244 0.246 0.246 0.246 0.246 0.246 0.2505 0.2505 0.2435 0.2435 0.2405 0.2405 0.2405 0.238 0.238 0.2355 0.2355 0.2205
-1 -1 -1 -1 -1 -1 -1 -1 -1 -1 -1 -1 -1 -1 -1 -1 -1 -1 -1 -1 -1 -1 -1 -1 -1 -1 -1 -1 -1 -1 -1 -1 -1 -1 -1 -1 -1 0.1115 0.1115 0.2375 0.2375 0.2375 0.2165 0.2165 0.2015 0.2015 0.2415 0.2415 0.2415 0.2675 0.2675 0.275 0.275 0.296 0.296 0.273 0.273 0.273 0.245 0.245 0.2545 0.2545 0.2545 0.2545 0.2545 0.2555 0.2555 0.2405 0.2405 0.2435 0.2435 0.2435 0.248 0.248 0.257 0.257 0.242
-1 -1 -1 -1 -1 -1 -1 -1 -1 -1 -1 -1 -1 -1 -1 -1 -1 -1 -1 -1 -1 -1 -1 -1 -1 -1 -1 -1 -1 -1 -1 -1 -1 -1 -1 -1 -1 0.1115 0.1115 0.2375 0.2375 0.2375 0.2165 0.2165 0.2015 0.2015 0.2415 0.2415 0.2415 0.2675 0.2675 0.275 0.275 0.296 0.296 0.273 0.273 0.273 0.245 0.245 0.2545 0.2545 0.2545 0.2545 0.2545 0.2555 0.2555 0.2405 0.2405 0.2435 0.2435 0.2435 0.248 0.248 0.257 0.257 0.242
-1 -1 -1 -1 -1 -1 -1 -1 -1 -1 -1 -1 -1 -1 -1 -1 -1 -1 -1 -1 -1 -1 -1 -1 -1 -1 -1 -1 -1 -1 -1 -1 -1 -1 -1 0.0416 0.0416 0.2075 0.2075 0.237 0.237 0.237 0.2275 0.2275 0.229 0.229 0.237 0.237 0.237 0.2875 0.2875 0.305 0.305 0.294 0.294 0.2555 0.2555 0.2555 0.2595 0.2595 0.252 0.252 0.252 0.252 0.252 0.261 0.261 0.2735 0.2735 0.25 0.25 0.25 0.2805 0.2805 0.282 0.282 0.2785
-1 -1 -1 -1 -1 -1 -1 -1 -1 -1 -1 -1 -1 -1 -1 -1 -1 -1 -1 -1 -1 -1 -1 -1 -1 -1 -1 -1 -1 -1 -1 -1 -1 -1 -1 0.0416 0.0416 0.2075 0.2075 0.237 0.237 0.237 0.2275 0.2275 0.229 0.229 0.237 0.237 0.237 0.2875 0.2875 0.305 0.305 0.294 0.294 0.2555 0.2555 0.2555 0.2595 0.2595 0.252 0.252 0.252 0.252 0.252 0.261 0.261 0.2735 0.2735 0.25 0.25 0.25 0.2805 0.2805 0.282 0.282 0.2785
-1 -1 -1 -1 -1 -1 -1 -1 -1 -1 -1 -1 -1 -1 -1 -1 -1 -1 -1 -1 -1 -1 -1 -1 -1 -1 -1 -1 -1 -1 -1 -1 -1 -1 -1 0.0416 0.0416 0.2075 0.2075 0.237 0.237 0.237 0.2275 0.2275 0.229 0.229 0.237 0.237 0.237 0.2875 0.2875 0.305 0.305 0.294 0.294 0.2555 0.2555 0.2555 0.2595 0.2595 0.252 0.252 0.252 0.252 0.252 0.261 0.261 0.2735 0.2735 0.25 0.25 0.25 0.2805 0.2805 0.282 0.282 0.2785
-1 -1 -1 -1 -1 -1 -1 -1 -1 -1 -1 -1 -1 -1 -1 -1 -1 -1 -1 -1 -1 -1 -1 -1 -1 -1 -1 -1 -1 -1 -1 -1 -1 -1 -1 0.09900001 0.09900001 0.235 0.235 0.2365 0.2365 0.2365 0.21 0.21 0.2205 0.2205 0.232 0.232 0.232 0.2555 0.2555 0.239 0.239 0.2345 0.2345 0.2555 0.2555 0.2555 0.2465 0.2465 0.274 0.274 0.274 0.274 0.274 0.2835 0.2835 0.286 0.286 0.2755 0.2755 0.2755 0.268 0.268 0.2565 0.2565 0.288
-1 -1 -1 -1 -1 -1 -1 -1 -1 -1 -1 -1 -1 -1 -1 -1 -1 -1 -1 -1 -1 -1 -1 -1 -1 -1 -1 -1 -1 -1 -1 -1 -1 -1 -1 0.09900001 0.09900001 0.235 0.235 0.2365 0.2365 0.2365 0.21 0.21 0.2205 0.2205 0.232 0.232 0.232 0.2555 0.2555 0.239 0.239 0.2345 0.2345 0.2555 0.2555 0.2555 0.2465 0.2465 0.274 0.274 0.274 0.274 0.274 0.2835 0.2835 0.286 0.286 0.2755 0.2755 0.2755 0.268 0.268 0.2565 0.2565 0.288
-1 -1 -1 -1 -1 -1 -1 -1 -1 -1 -1 -1 -1 -1 -1 -1 -1 -1 -1 -1 -1 -1 -1 -1 -1 -1 -1 -1 -1 -1 -1 -1 0.0586 0.0586 0.0586 0.227 0.227 0.236 0.236 0.2115 0.2115 0.2115 0.2175 0.2175 0.2275 0.2275 0.24 0.24 0.24 0.243 0.243 0.2485 0.2485 0.2595 0.2595 0.243 0.243 0.243 0.2565 0.2565 0.275 0.275 0.275 0.275 0.275 0.303 0.303 0.314 0.314 0.3145 0.3145 0.3145 0.286 0.286 0.264 0.264 0.26
-1 -1 -1 -1 -1 -1 -1 -1 -1 -1 -1 -1 -1 -1 -1 -1 -1 -1 -1 -1 -1 -1 -1 -1 -1 -1 -1 -1 -1 -1 -1 -1 0.0586 0.0586 0.0586 0.227 0.227 0.236 0.236 0.2115 0.2115 0.2115 0.2175 0.2175 0.2275 0.2275 0.24 0.24 0.24 0.243 0.243 0.2485 0.2485 0.2595 0.2595 0.243 0.243 0.243 0.2565 0.2565 0.275 0.275 0.275 0.275 0.275 0.303 0.303 0.314 0.314 0.3145 0.3145 0.3145 0.286 0.286 0.264 0.264 0.26
-1 -1 -1 -1 -1 -1 -1 -1 -1 -1 -1 -1 -1 -1 -1 -1 -1 -1 -1 -1 -1 -1 -1 -1 -1 -1 -1 -1 -1 -1 0.008099999 0.008099999 0.255 0.255 0.255 0.234 0.234 0.2165 0.2165 0.2195 0.2195 0.2195 0.2195 0.2195 0.2235 0.2235 0.2435 0.2435 0.2435 0.239 0.239 0.238 0.238 0.261 0.261 0.2585 0.2585 0.2585 0.261 0.261 0.274 0.274 0.274 0.274 0.274 0.288 0.288 0.302 0.302 0.3045 0.3045 0.3045 0.2815 0.2815 0.2525 0.2525 0.2585
-1 -1 -1 -1 -1 -1 -1 -1 -1 -1 -1 -1 -1 -1 -1 -1 -1 -1 -1 -1 -1 -1 -1 -1 -1 -1 -1 -1 -1 -1 0.008099999 0.008099999 0.255 0.255 0.255 0.234 0.234 0.2165 0.2165 0.2195 0.2195 0.2195 0.2195 0.2195 0.2235 0.2235 0.2435 0.2435 0.2435 0.239 0.239 0.238 0.238 0.261 0.261 0.2585 0.2585 0.2585 0.261 0.261 0.274 0.274 0.274 0.274 0.274 0.288 0.288 0.302 0.302 0.3045 0.3045 0.3045 0.2815 0.2815 0.2525 0.2525 0.2585
-1 -1 -1 -1 -1 -1 -1 -1 -1 -1 -1 -1 -1 -1 -1 -1 -1 -1 -1 -1 -1 -1 -1 -1 -1 -1 -1 -1 -1 -1 0.008099999 0.008099999 0.255 0.255 0.255 0.234 0.234 0.2165 0.2165 0.2195 0.2195 0.2195 0.2195 0.2195 0.2235 0.2235 0.2435 0.2435 0.2435 0.239 0.239 0.238 0.238 0.261 0.261 0.2585 0.2585 0.2585 0.261 0.261 0.274 0.274 0.274 0.274 0.274 0.288 0.288 0.302 0.302 0.3045 0.3045 0.3045 0.2815 0.2815 0.2525 0.2525 0.2585
-1 -1 -1 -1 -1 -1 -1 -1 -1 -1 -1 -1 -1 -1 -1 -1 -1 -1 -1 -1 -1 -1 -1 -1 -1 -1 -1 -1 -1 -1 0.0905 0.0905 0.2205 0.2205 0.2205 0.2385 0.2385 0.2255 0.2255 0.222 0.222 0.222 0.2165 0.2165 0.233 0.233 0.2205 0.2205 0.2205 0.2475 0.2475 0.259 0.259 0.27 0.27 0.2685 0.2685 0.2685 0.2765 0.2765 0.2875 0.2875 0.2875 0.2875 0.2875 0.2955 0.2955 0.266 0.266 0.282 0.282 0.282 0.2795 0.2795 0.2555 0.2555 0.2365
-1 -1 -1 -1 -1 -1 -1 -1 -1 -1 -1 -1 -1 -1 -1 -1 -1 -1 -1 -1 -1 -1 -1 -1 -1 -1 -1 -1 -1 -1 0.0905 0.0905 0.2205 0.2205 0.2205 0.2385 0.2385 0.2255 0.2255 0.222 0.222 0.222 0.2165 0.2165 0.233 0.233 0.2205 0.2205 0.2205 0.2475 0.2475 0.259 0.259 0.27 0.27 0.2685 0.2685 0.2685 0.2765 0.2765 0.2875 0.2875 0.2875 0.2875 0.2875 0.2955 0.2955 0.266 0.266 0.282 0.282 0.282 0.2795 0.2795 0.2555 0.2555 0.2365
-1 -1 -1 -1 -1 -1 -1 -1 -1 -1 -1 -1 -1 -1 -1 -1 -1 -1 -1 -1 -1 -1 -1 -1 -1 -1 -1 -1 0.0051 0.0051 0.202 0.202 0.258 0.258 0.258 0.2435 0.2435 0.2315 0.2315 0.214 0.214 0.214 0.209 0.209 0.2275 0.2275 0.229 0.229 0.229 0.238 0.238 0.2475 0.2475 0.2905 0.2905 0.2795 0.2795 0.2795 0.2885 0.2885 0.286 0.286 0.286 0.286 0.286 0.2985 0.2985 0.2835 0.2835 0.268 0.268 0.268 0.246 0.246 0.228 0.228 0.237
-1 -1 -1 -1 -1 -1 -1 -1 -1 -1 -1 -1 -1 -1 -1 -1 -1 -1 -1 -1 -1 -1 -1 -1 -1 -1 -1 -1 0.0051 0.0051 0.202 0.202 0.258 0.258 0.258 0.2435 0.2435 0.2315 0.2315 0.214 0.214 0.214 0.209 0.209 0.2275 0.2275 0.229 0.229 0.229 0.238 0.238 0.2475 0.2475 0.2905 0.2905 0.2795 0.2795 0.2795 0.2885 0.2885 0.286 0.286 0.286 0.286 0.286 0.2985 0.2985 0.2835 0.2835 0.268 0.268 0.268 0.246 0.246 0.228 0.228 0.237
-1 -1 -1 -1 -1 -1 -1 -1 -1 -1 -1 -1 -1 -1 -1 -1 -1 -1 -1 -1 -1 -1 -1 -1 -1 0.0556 0.0556 0.0556 0.1145 0.1145 0.272 0.272 0.2485 0.2485 0.2485 0.242 0.242 0.23 0.23 0.2365 0.2365 0.2365 0.2355 0.2355 0.242 0.242 0.231 0.231 0.231 0.2565 0.2565 0.2735 0.2735 0.269 0.269 0.2945 0.2945 0.2945 0.2925 0.2925 0.319 0.319 0.319 0.319 0.319 0.305 0.305 0.3065 0.3065 0.2875 0.2875 0.2875 0.28 0.28 0.2745 0.2745 0.2265
-1 -1 -1 -1 -1 -1 -1 -1 -1 -1 -1 -1 -1 -1 -1 -1 -1 -1 -1 -1 -1 -1 -1 -1 -1 0.0556 0.0556 0.0556 0.1145 0.1145 0.272 0.272 0.2485 0.2485 0.2485 0.242 0.242 0.23 0.23 0.2365 0.2365 0.2365 0.2355 0.2355 0.242 0.242 0.231 0.231 0.231 0.2565 0.2565 0.2735 0.2735 0.269 0.269 0.2945 0.2945 0.2945 0.2925 0.2925 0.319 0.319 0.319 0.319 0.319 0.305 0.305 0.3065 0.3065 0.2875 0.2875 0.2875 0.28 0.28 0.2745 0.2745 0.2265
-1 -1 -1 -1 -1 -1 -1 -1 -1 -1 -1 -1 -1 -1 -1 -1 -1 -1 -1 -1 -1 -1 -1 0.0121 0.0121 0.1675 0.1675 0.1675 0.2625 0.2625 0.225 0.225 0.231 0.231 0.231 0.236 0.236 0.261 0.261 0.249 0.249 0.249 0.264 0.264 0.254 0.254 0.2555 0.2555 0.2555 0.257 0.257 0.267 0.267 0.264 0.264 0.26 0.26 0.26 0.275 0.275 0.2985 0.2985 0.2985 0.2985 0.2985 0.291 0.291 0.301 0.301 0.3065 0.3065 0.3065 0.2925 0.2925 0.279 0.279 0.266
-1 -1 -1 -1 -1 -1 -1 -1 -1 -1 -1 -1 -1 -1 -1 -1 -1 -1 -1 -1 -1 -1 -1 0.0121 0.0121 0.1675 0.1675 0.1675 0.2625 0.2625 0.225 0.225 0.231 0.231 0.231 0.236 0.236 0.261 0.261 0.249 0.249 0.249 0.264 0.264 0.254 0.254 0.2555 0.2555 0.2555 0.257 0.257 0.267 0.267 0.264 0.264 0.26 0.26 0.26 0.275 0.275 0.2985 0.2985 0.2985 0.2985 0.2985 0.291 0.291 0.301 0.301 0.3065 0.3065 0.3065 0.2925 0.2925 0.279 0.279 0.266
