ndvi/NOAA-316.asc
ncols         252
nrows         154
xllcorner     -18.017974
yllcorner     13.481982
cellsize      0.035948
NODATA_value  -9999
[rows 0 to 33 of 154, columns 156 to 233 of 252]
0.094 0.09649999 0.09649999 0.09649999 0.1 0.1 0.09900001 0.09900001 0.1015 0.1015 0.1005 0.1005 0.1005 0.105 0.105 0.1015 0.1015 0.0985 0.0985 0.0985 0.1015 0.1015 0.1025 0.1025 0.1015 0.1015 0.1015 0.102 0.102 0.097 0.097 0.097 0.097 0.097 0.09299999 0.09299999 0.094 0.094 0.09649999 0.09649999 0.09649999 0.101 0.101 0.0985 0.0985 0.105 0.105 0.107 0.107 0.107 0.1055 0.1055 0.1025 0.1025 0.1035 0.1035 0.1035 0.1015 0.1015 0.0985 0.0985 0.0985 0.0985 0.0985 0.097 0.097 0.0935 0.0935 0.095 0.095 0.095 0.094 0.094 0.09 0.09 0.085 0.085 0.085
0.094 0.09649999 0.09649999 0.09649999 0.1 0.1 0.09900001 0.09900001 0.1015 0.1015 0.1005 0.1005 0.1005 0.105 0.105 0.1015 0.1015 0.0985 0.0985 0.0985 0.1015 0.1015 0.1025 0.1025 0.1015 0.1015 0.1015 0.102 0.102 0.097 0.097 0.097 0.097 0.097 0.09299999 0.09299999 0.094 0.094 0.09649999 0.09649999 0.09649999 0.101 0.101 0.0985 0.0985 0.105 0.105 0.107 0.107 0.107 0.1055 0.1055 0.1025 0.1025 0.1035 0.1035 0.1035 0.1015 0.1015 0.0985 0.0985 0.0985 0.0985 0.0985 0.097 0.097 0.0935 0.0935 0.095 0.095 0.095 0.094 0.094 0.09 0.09 0.085 0.085 0.085
0.0945 0.098 0.098 0.098 0.099 0.099 0.099 0.099 0.103 0.103 0.102 0.102 0.102 0.1065 0.1065 0.1045 0.1045 0.102 0.102 0.102 0.1085 0.1085 0.105 0.105 0.109 0.109 0.109 0.1025 0.1025 0.1015 0.1015 0.106 0.106 0.106 0.1035 0.1035 0.104 0.104 0.104 0.104 0.104 0.122 0.122 0.11 0.11 0.111 0.111 0.112 0.112 0.112 0.111 0.111 0.109 0.109 0.1115 0.1115 0.1115 0.113 0.113 0.1075 0.1075 0.102 0.102 0.102 0.1035 0.1035 0.101 0.101 0.0985 0.0985 0.0985 0.0955 0.0955 0.089 0.089 0.086 0.086 0.086
0.0945 0.098 0.098 0.098 0.099 0.099 0.099 0.099 0.103 0.103 0.102 0.102 0.102 0.1065 0.1065 0.1045 0.1045 0.102 0.102 0.102 0.1085 0.1085 0.105 0.105 0.109 0.109 0.109 0.1025 0.1025 0.1015 0.1015 0.106 0.106 0.106 0.1035 0.1035 0.104 0.104 0.104 0.104 0.104 0.122 0.122 0.11 0.11 0.111 0.111 0.112 0.112 0.112 0.111 0.111 0.109 0.109 0.1115 0.1115 0.1115 0.113 0.113 0.1075 0.1075 0.102 0.102 0.102 0.1035 0.1035 0.101 0.101 0.0985 0.0985 0.0985 0.0955 0.0955 0.089 0.089 0.086 0.086 0.086
0.0945 0.098 0.098 0.098 0.099 0.099 0.099 0.099 0.103 0.103 0.102 0.102 0.102 0.1065 0.1065 0.1045 0.1045 0.102 0.102 0.102 0.1085 0.1085 0.105 0.105 0.109 0.109 0.109 0.1025 0.1025 0.1015 0.1015 0.106 0.106 0.106 0.1035 0.1035 0.104 0.104 0.104 0.104 0.104 0.122 0.122 0.11 0.11 0.111 0.111 0.112 0.112 0.112 0.111 0.111 0.109 0.109 0.1115 0.1115 0.1115 0.113 0.113 0.1075 0.1075 0.102 0.102 0.102 0.1035 0.1035 0.101 0.101 0.0985 0.0985 0.0985 0.0955 0.0955 0.089 0.089 0.086 0.086 0.086
0.0985 0.102 0.102 0.102 0.1065 0.1065 0.09999999 0.09999999 0.106 0.106 0.107 0.107 0.107 0.113 0.113 0.107 0.107 0.104 0.104 0.104 0.112 0.112 0.1115 0.1115 0.1145 0.1145 0.1145 0.113 0.113 0.1175 0.1175 0.116 0.116 0.116 0.117 0.117 0.115 0.115 0.12 0.12 0.12 0.116 0.116 0.1115 0.1115 0.115 0.115 0.114 0.114 0.114 0.114 0.114 0.112 0.112 0.1145 0.1145 0.1145 0.1125 0.1125 0.1075 0.1075 0.1095 0.1095 0.1095 0.103 0.103 0.1025 0.1025 0.0995 0.0995 0.0995 0.09649999 0.09649999 0.0965 0.0965 0.0955 0.0955 0.0955
0.0985 0.102 0.102 0.102 0.1065 0.1065 0.09999999 0.09999999 0.106 0.106 0.107 0.107 0.107 0.113 0.113 0.107 0.107 0.104 0.104 0.104 0.112 0.112 0.1115 0.1115 0.1145 0.1145 0.1145 0.113 0.113 0.1175 0.1175 0.116 0.116 0.116 0.117 0.117 0.115 0.115 0.12 0.12 0.12 0.116 0.116 0.1115 0.1115 0.115 0.115 0.114 0.114 0.114 0.114 0.114 0.112 0.112 0.1145 0.1145 0.1145 0.1125 0.1125 0.1075 0.1075 0.1095 0.1095 0.1095 0.103 0.103 0.1025 0.1025 0.0995 0.0995 0.0995 0.09649999 0.09649999 0.0965 0.0965 0.0955 0.0955 0.0955
0.1015 0.1065 0.1065 0.1065 0.111 0.111 0.112 0.112 0.1145 0.1145 0.109 0.109 0.109 0.109 0.109 0.1105 0.1105 0.1125 0.1125 0.1125 0.112 0.112 0.115 0.115 0.1125 0.1125 0.1125 0.108 0.108 0.1145 0.1145 0.1125 0.1125 0.1125 0.114 0.114 0.115 0.115 0.112 0.112 0.112 0.116 0.116 0.113 0.113 0.1185 0.1185 0.117 0.117 0.117 0.11 0.11 0.1135 0.1135 0.1135 0.1135 0.1135 0.11 0.11 0.1125 0.1125 0.1085 0.1085 0.1085 0.1095 0.1095 0.106 0.106 0.103 0.103 0.103 0.1045 0.1045 0.103 0.103 0.1 0.1 0.1
0.1015 0.1065 0.1065 0.1065 0.111 0.111 0.112 0.112 0.1145 0.1145 0.109 0.109 0.109 0.109 0.109 0.1105 0.1105 0.1125 0.1125 0.1125 0.112 0.112 0.115 0.115 0.1125 0.1125 0.1125 0.108 0.108 0.1145 0.1145 0.1125 0.1125 0.1125 0.114 0.114 0.115 0.115 0.112 0.112 0.112 0.116 0.116 0.113 0.113 0.1185 0.1185 0.117 0.117 0.117 0.11 0.11 0.1135 0.1135 0.1135 0.1135 0.1135 0.11 0.11 0.1125 0.1125 0.1085 0.1085 0.1085 0.1095 0.1095 0.106 0.106 0.103 0.103 0.103 0.1045 0.1045 0.103 0.103 0.1 0.1 0.1
0.109 0.11 0.11 0.11 0.1115 0.1115 0.115 0.115 0.1095 0.1095 0.112 0.112 0.112 0.116 0.116 0.122 0.122 0.12 0.12 0.12 0.1135 0.1135 0.1165 0.1165 0.1125 0.1125 0.1125 0.114 0.114 0.107 0.107 0.109 0.109 0.109 0.113 0.113 0.11 0.11 0.107 0.107 0.107 0.108 0.108 0.115 0.115 0.119 0.119 0.117 0.117 0.117 0.1185 0.1185 0.1125 0.1125 0.111 0.111 0.111 0.105 0.105 0.1095 0.1095 0.1075 0.1075 0.1075 0.1055 0.1055 0.107 0.107 0.106 0.106 0.106 0.1015 0.1015 0.099 0.099 0.1015 0.1015 0.1015
0.109 0.11 0.11 0.11 0.1115 0.1115 0.115 0.115 0.1095 0.1095 0.112 0.112 0.112 0.116 0.116 0.122 0.122 0.12 0.12 0.12 0.1135 0.1135 0.1165 0.1165 0.1125 0.1125 0.1125 0.114 0.114 0.107 0.107 0.109 0.109 0.109 0.113 0.113 0.11 0.11 0.107 0.107 0.107 0.108 0.108 0.115 0.115 0.119 0.119 0.117 0.117 0.117 0.1185 0.1185 0.1125 0.1125 0.111 0.111 0.111 0.105 0.105 0.1095 0.1095 0.1075 0.1075 0.1075 0.1055 0.1055 0.107 0.107 0.106 0.106 0.106 0.1015 0.1015 0.099 0.099 0.1015 0.1015 0.1015
0.116 0.1155 0.1155 0.1155 0.1115 0.1115 0.113 0.113 0.1125 0.1125 0.1145 0.1145 0.1145 0.1235 0.1235 0.116 0.116 0.1105 0.1105 0.1105 0.107 0.107 0.112 0.112 0.1265 0.1265 0.1265 0.1125 0.1125 0.109 0.109 0.109 0.109 0.109 0.113 0.113 0.111 0.111 0.1095 0.1095 0.1095 0.1045 0.1045 0.1095 0.1095 0.1215 0.1215 0.117 0.117 0.117 0.1095 0.1095 0.1155 0.1155 0.1125 0.1125 0.1125 0.1065 0.1065 0.1045 0.1045 0.096 0.096 0.096 0.097 0.097 0.0925 0.0925 0.097 0.097 0.097 0.0975 0.0975 0.103 0.103 0.0975 0.0975 0.0975
0.116 0.1155 0.1155 0.1155 0.1115 0.1115 0.113 0.113 0.1125 0.1125 0.1145 0.1145 0.1145 0.1235 0.1235 0.116 0.116 0.1105 0.1105 0.1105 0.107 0.107 0.112 0.112 0.1265 0.1265 0.1265 0.1125 0.1125 0.109 0.109 0.109 0.109 0.109 0.113 0.113 0.111 0.111 0.1095 0.1095 0.1095 0.1045 0.1045 0.1095 0.1095 0.1215 0.1215 0.117 0.117 0.117 0.1095 0.1095 0.1155 0.1155 0.1125 0.1125 0.1125 0.1065 0.1065 0.1045 0.1045 0.096 0.096 0.096 0.097 0.097 0.0925 0.0925 0.097 0.097 0.097 0.0975 0.0975 0.103 0.103 0.0975 0.0975 0.0975
0.116 0.1155 0.1155 0.1155 0.1115 0.1115 0.113 0.113 0.1125 0.1125 0.1145 0.1145 0.1145 0.1235 0.1235 0.116 0.116 0.1105 0.1105 0.1105 0.107 0.107 0.112 0.112 0.1265 0.1265 0.1265 0.1125 0.1125 0.109 0.109 0.109 0.109 0.109 0.113 0.113 0.111 0.111 0.1095 0.1095 0.1095 0.1045 0.1045 0.1095 0.1095 0.1215 0.1215 0.117 0.117 0.117 0.1095 0.1095 0.1155 0.1155 0.1125 0.1125 0.1125 0.1065 0.1065 0.1045 0.1045 0.096 0.096 0.096 0.097 0.097 0.0925 0.0925 0.097 0.097 0.097 0.0975 0.0975 0.103 0.103 0.0975 0.0975 0.0975
0.114 0.1095 0.1095 0.1095 0.1125 0.1125 0.1235 0.1235 0.119 0.119 0.117 0.117 0.117 0.1175 0.1175 0.1145 0.1145 0.127 0.127 0.127 0.1065 0.1065 0.1085 0.1085 0.1085 0.1085 0.1085 0.1095 0.1095 0.111 0.111 0.106 0.106 0.106 0.1085 0.1085 0.1085 0.1085 0.1025 0.1025 0.1025 0.107 0.107 0.114 0.114 0.109 0.109 0.1035 0.1035 0.1035 0.101 0.101 0.1135 0.1135 0.11 0.11 0.11 0.097 0.097 0.094 0.094 0.0895 0.0895 0.0895 0.0865 0.0865 0.084 0.084 0.0905 0.0905 0.0905 0.08750001 0.08750001 0.1 0.1 0.104 0.104 0.104
0.114 0.1095 0.1095 0.1095 0.1125 0.1125 0.1235 0.1235 0.119 0.119 0.117 0.117 0.117 0.1175 0.1175 0.1145 0.1145 0.127 0.127 0.127 0.1065 0.1065 0.1085 0.1085 0.1085 0.1085 0.1085 0.1095 0.1095 0.111 0.111 0.106 0.106 0.106 0.1085 0.1085 0.1085 0.1085 0.1025 0.1025 0.1025 0.107 0.107 0.114 0.114 0.109 0.109 0.1035 0.1035 0.1035 0.101 0.101 0.1135 0.1135 0.11 0.11 0.11 0.097 0.097 0.094 0.094 0.0895 0.0895 0.0895 0.0865 0.0865 0.084 0.084 0.0905 0.0905 0.0905 0.08750001 0.08750001 0.1 0.1 0.104 0.104 0.104
0.115 0.1115 0.1115 0.1115 0.115 0.115 0.1235 0.1235 0.1195 0.1195 0.116 0.116 0.116 0.121 0.121 0.116 0.116 0.114 0.114 0.114 0.105 0.105 0.1115 0.1115 0.106 0.106 0.106 0.104 0.104 0.1005 0.1005 0.102 0.102 0.102 0.108 0.108 0.102 0.102 0.098 0.098 0.098 0.0975 0.0975 0.088 0.088 0.0645 0.0645 0.0665 0.0665 0.0665 0.081 0.081 0.098 0.098 0.1 0.1 0.1 0.099 0.099 0.0925 0.0925 0.0895 0.0895 0.0895 0.089 0.089 0.0925 0.0925 0.0925 0.0925 0.0925 0.09 0.09 0.107 0.107 0.106 0.106 0.106
0.115 0.1115 0.1115 0.1115 0.115 0.115 0.1235 0.1235 0.1195 0.1195 0.116 0.116 0.116 0.121 0.121 0.116 0.116 0.114 0.114 0.114 0.105 0.105 0.1115 0.1115 0.106 0.106 0.106 0.104 0.104 0.1005 0.1005 0.102 0.102 0.102 0.108 0.108 0.102 0.102 0.098 0.098 0.098 0.0975 0.0975 0.088 0.088 0.0645 0.0645 0.0665 0.0665 0.0665 0.081 0.081 0.098 0.098 0.1 0.1 0.1 0.099 0.099 0.0925 0.0925 0.0895 0.0895 0.0895 0.089 0.089 0.0925 0.0925 0.0925 0.0925 0.0925 0.09 0.09 0.107 0.107 0.106 0.106 0.106
0.1535 0.152 0.152 0.152 0.106 0.106 0.097 0.097 0.102 0.102 0.1085 0.1085 0.1085 0.1015 0.1015 0.11 0.11 0.1095 0.1095 0.1095 0.1065 0.1065 0.1035 0.1035 0.096 0.096 0.096 0.0935 0.0935 0.0915 0.0915 0.086 0.086 0.086 0.096 0.096 0.0895 0.0895 0.1025 0.1025 0.1025 0.108 0.108 0.111 0.111 0.102 0.102 0.0975 0.0975 0.0975 0.096 0.096 0.097 0.097 0.0975 0.0975 0.0975 0.09450001 0.09450001 0.094 0.094 0.0935 0.0935 0.0935 0.08750001 0.08750001 0.0915 0.0915 0.0935 0.0935 0.0935 0.096 0.096 0.0985 0.0985 0.1005 0.1005 0.1005
0.1535 0.152 0.152 0.152 0.106 0.106 0.097 0.097 0.102 0.102 0.1085 0.1085 0.1085 0.1015 0.1015 0.11 0.11 0.1095 0.1095 0.1095 0.1065 0.1065 0.1035 0.1035 0.096 0.096 0.096 0.0935 0.0935 0.0915 0.0915 0.086 0.086 0.086 0.096 0.096 0.0895 0.0895 0.1025 0.1025 0.1025 0.108 0.108 0.111 0.111 0.102 0.102 0.0975 0.0975 0.0975 0.096 0.096 0.097 0.097 0.0975 0.0975 0.0975 0.09450001 0.09450001 0.094 0.094 0.0935 0.0935 0.0935 0.08750001 0.08750001 0.0915 0.0915 0.0935 0.0935 0.0935 0.096 0.096 0.0985 0.0985 0.1005 0.1005 0.1005
0.1535 0.152 0.152 0.152 0.106 0.106 0.097 0.097 0.102 0.102 0.1085 0.1085 0.1085 0.1015 0.1015 0.11 0.11 0.1095 0.1095 0.1095 0.1065 0.1065 0.1035 0.1035 0.096 0.096 0.096 0.0935 0.0935 0.0915 0.0915 0.086 0.086 0.086 0.096 0.096 0.0895 0.0895 0.1025 0.1025 0.1025 0.108 0.108 0.111 0.111 0.102 0.102 0.0975 0.0975 0.0975 0.096 0.096 0.097 0.097 0.0975 0.0975 0.0975 0.09450001 0.09450001 0.094 0.094 0.0935 0.0935 0.0935 0.08750001 0.08750001 0.0915 0.0915 0.0935 0.0935 0.0935 0.096 0.096 0.0985 0.0985 0.1005 0.1005 0.1005
0.1105 0.127 0.127 0.127 0.1085 0.1085 0.108 0.108 0.1045 0.1045 0.098 0.098 0.098 0.113 0.113 0.112 0.112 0.11 0.11 0.11 0.11 0.11 0.103 0.103 0.0975 0.0975 0.0975 0.097 0.097 0.0865 0.0865 0.1005 0.1005 0.1005 0.1145 0.1145 0.116 0.116 0.1065 0.1065 0.1065 0.1095 0.1095 0.11 0.11 0.1095 0.1095 0.1065 0.1065 0.1065 0.0995 0.0995 0.099 0.099 0.097 0.097 0.097 0.099 0.099 0.1005 0.1005 0.1 0.1 0.1 0.095 0.095 0.093 0.093 0.095 0.095 0.095 0.0975 0.0975 0.095 0.095 0.09299999 0.09299999 0.09299999
0.1105 0.127 0.127 0.127 0.1085 0.1085 0.108 0.108 0.1045 0.1045 0.098 0.098 0.098 0.113 0.113 0.112 0.112 0.11 0.11 0.11 0.11 0.11 0.103 0.103 0.0975 0.0975 0.0975 0.097 0.097 0.0865 0.0865 0.1005 0.1005 0.1005 0.1145 0.1145 0.116 0.116 0.1065 0.1065 0.1065 0.1095 0.1095 0.11 0.11 0.1095 0.1095 0.1065 0.1065 0.1065 0.0995 0.0995 0.099 0.099 0.097 0.097 0.097 0.099 0.099 0.1005 0.1005 0.1 0.1 0.1 0.095 0.095 0.093 0.093 0.095 0.095 0.095 0.0975 0.0975 0.095 0.095 0.09299999 0.09299999 0.09299999
0.117 0.13 0.13 0.13 0.124 0.124 0.1155 0.1155 0.1125 0.1125 0.111 0.111 0.111 0.1075 0.1075 0.118 0.118 0.126 0.126 0.126 0.1315 0.1315 0.1255 0.1255 0.122 0.122 0.122 0.1195 0.1195 0.109 0.109 0.13 0.13 0.13 0.125 0.125 0.119 0.119 0.116 0.116 0.116 0.1145 0.1145 0.107 0.107 0.111 0.111 0.105 0.105 0.105 0.098 0.098 0.0985 0.0985 0.097 0.097 0.097 0.104 0.104 0.101 0.101 0.103 0.103 0.103 0.1 0.1 0.1015 0.1015 0.098 0.098 0.098 0.0985 0.0985 0.0945 0.0945 0.0895 0.0895 0.0895
0.117 0.13 0.13 0.13 0.124 0.124 0.1155 0.1155 0.1125 0.1125 0.111 0.111 0.111 0.1075 0.1075 0.118 0.118 0.126 0.126 0.126 0.1315 0.1315 0.1255 0.1255 0.122 0.122 0.122 0.1195 0.1195 0.109 0.109 0.13 0.13 0.13 0.125 0.125 0.119 0.119 0.116 0.116 0.116 0.1145 0.1145 0.107 0.107 0.111 0.111 0.105 0.105 0.105 0.098 0.098 0.0985 0.0985 0.097 0.097 0.097 0.104 0.104 0.101 0.101 0.103 0.103 0.103 0.1 0.1 0.1015 0.1015 0.098 0.098 0.098 0.0985 0.0985 0.0945 0.0945 0.0895 0.0895 0.0895
0.1165 0.1335 0.1335 0.1335 0.148 0.148 0.142 0.142 0.1075 0.1075 0.0995 0.0995 0.0995 0.1035 0.1035 0.116 0.116 0.1215 0.1215 0.1215 0.116 0.116 0.1255 0.1255 0.1305 0.1305 0.1305 0.1275 0.1275 0.13 0.13 0.1275 0.1275 0.1275 0.1315 0.1315 0.1165 0.1165 0.1135 0.1135 0.1135 0.1065 0.1065 0.112 0.112 0.107 0.107 0.1085 0.1085 0.1085 0.1075 0.1075 0.1025 0.1025 0.102 0.102 0.102 0.1015 0.1015 0.104 0.104 0.1075 0.1075 0.1075 0.102 0.102 0.101 0.101 0.0985 0.0985 0.0985 0.097 0.097 0.1055 0.1055 0.0965 0.0965 0.0965
0.1165 0.1335 0.1335 0.1335 0.148 0.148 0.142 0.142 0.1075 0.1075 0.0995 0.0995 0.0995 0.1035 0.1035 0.116 0.116 0.1215 0.1215 0.1215 0.116 0.116 0.1255 0.1255 0.1305 0.1305 0.1305 0.1275 0.1275 0.13 0.13 0.1275 0.1275 0.1275 0.1315 0.1315 0.1165 0.1165 0.1135 0.1135 0.1135 0.1065 0.1065 0.112 0.112 0.107 0.107 0.1085 0.1085 0.1085 0.1075 0.1075 0.1025 0.1025 0.102 0.102 0.102 0.1015 0.1015 0.104 0.104 0.1075 0.1075 0.1075 0.102 0.102 0.101 0.101 0.0985 0.0985 0.0985 0.097 0.097 0.1055 0.1055 0.0965 0.0965 0.0965
0.1165 0.1335 0.1335 0.1335 0.148 0.148 0.142 0.142 0.1075 0.1075 0.0995 0.0995 0.0995 0.1035 0.1035 0.116 0.116 0.1215 0.1215 0.1215 0.116 0.116 0.1255 0.1255 0.1305 0.1305 0.1305 0.1275 0.1275 0.13 0.13 0.1275 0.1275 0.1275 0.1315 0.1315 0.1165 0.1165 0.1135 0.1135 0.1135 0.1065 0.1065 0.112 0.112 0.107 0.107 0.1085 0.1085 0.1085 0.1075 0.1075 0.1025 0.1025 0.102 0.102 0.102 0.1015 0.1015 0.104 0.104 0.1075 0.1075 0.1075 0.102 0.102 0.101 0.101 0.0985 0.0985 0.0985 0.097 0.097 0.1055 0.1055 0.0965 0.0965 0.0965
0.103 0.1285 0.1285 0.1285 0.1435 0.1435 0.145 0.145 0.1065 0.1065 0.1055 0.1055 0.1055 0.1055 0.1055 0.1105 0.1105 0.1205 0.1205 0.1205 0.1195 0.1195 0.1215 0.1215 0.1325 0.1325 0.1325 0.138 0.138 0.1365 0.1365 0.1265 0.1265 0.1265 0.122 0.122 0.116 0.116 0.1145 0.1145 0.1145 0.112 0.112 0.117 0.117 0.1185 0.1185 0.116 0.116 0.116 0.1145 0.1145 0.11 0.11 0.1035 0.1035 0.1035 0.105 0.105 0.1095 0.1095 0.1115 0.1115 0.1115 0.11 0.11 0.112 0.112 0.107 0.107 0.107 0.109 0.109 0.106 0.106 0.102 0.102 0.102
0.103 0.1285 0.1285 0.1285 0.1435 0.1435 0.145 0.145 0.1065 0.1065 0.1055 0.1055 0.1055 0.1055 0.1055 0.1105 0.1105 0.1205 0.1205 0.1205 0.1195 0.1195 0.1215 0.1215 0.1325 0.1325 0.1325 0.138 0.138 0.1365 0.1365 0.1265 0.1265 0.1265 0.122 0.122 0.116 0.116 0.1145 0.1145 0.1145 0.112 0.112 0.117 0.117 0.1185 0.1185 0.116 0.116 0.116 0.1145 0.1145 0.11 0.11 0.1035 0.1035 0.1035 0.105 0.105 0.1095 0.1095 0.1115 0.1115 0.1115 0.11 0.11 0.112 0.112 0.107 0.107 0.107 0.109 0.109 0.106 0.106 0.102 0.102 0.102
0.1235 0.1165 0.1165 0.1165 0.122 0.122 0.1195 0.1195 0.109 0.109 0.0995 0.0995 0.0995 0.0995 0.0995 0.106 0.106 0.12 0.12 0.12 0.124 0.124 0.1345 0.1345 0.133 0.133 0.133 0.152 0.152 0.125 0.125 0.1285 0.1285 0.1285 0.12 0.12 0.1265 0.1265 0.117 0.117 0.117 0.123 0.123 0.1245 0.1245 0.121 0.121 0.1205 0.1205 0.1205 0.124 0.124 0.125 0.125 0.1185 0.1185 0.1185 0.1125 0.1125 0.118 0.118 0.1185 0.1185 0.1185 0.122 0.122 0.12 0.12 0.1155 0.1155 0.1155 0.105 0.105 0.1085 0.1085 0.1115 0.1115 0.1115
0.1235 0.1165 0.1165 0.1165 0.122 0.122 0.1195 0.1195 0.109 0.109 0.0995 0.0995 0.0995 0.0995 0.0995 0.106 0.106 0.12 0.12 0.12 0.124 0.124 0.1345 0.1345 0.133 0.133 0.133 0.152 0.152 0.125 0.125 0.1285 0.1285 0.1285 0.12 0.12 0.1265 0.1265 0.117 0.117 0.117 0.123 0.123 0.1245 0.1245 0.121 0.121 0.1205 0.1205 0.1205 0.124 0.124 0.125 0.125 0.1185 0.1185 0.1185 0.1125 0.1125 0.118 0.118 0.1185 0.1185 0.1185 0.122 0.122 0.12 0.12 0.1155 0.1155 0.1155 0.105 0.105 0.1085 0.1085 0.1115 0.1115 0.1115
0.107 0.111 0.111 0.111 0.1075 0.1075 0.1065 0.1065 0.115 0.115 0.108 0.108 0.108 0.1175 0.1175 0.095 0.095 0.1005 0.1005 0.1005 0.1015 0.1015 0.1325 0.1325 0.1335 0.1335 0.1335 0.142 0.142 0.1385 0.1385 0.1115 0.1115 0.1115 0.121 0.121 0.11 0.11 0.11 0.11 0.11 0.114 0.114 0.1165 0.1165 0.1175 0.1175 0.115 0.115 0.115 0.1315 0.1315 0.1265 0.1265 0.125 0.125 0.125 0.127 0.127 0.1285 0.1285 0.125 0.125 0.125 0.1275 0.1275 0.125 0.125 0.1195 0.1195 0.1195 0.116 0.116 0.1135 0.1135 0.119 0.119 0.119
0.107 0.111 0.111 0.111 0.1075 0.1075 0.1065 0.1065 0.115 0.115 0.108 0.108 0.108 0.1175 0.1175 0.095 0.095 0.1005 0.1005 0.1005 0.1015 0.1015 0.1325 0.1325 0.1335 0.1335 0.1335 0.142 0.142 0.1385 0.1385 0.1115 0.1115 0.1115 0.121 0.121 0.11 0.11 0.11 0.11 0.11 0.114 0.114 0.1165 0.1165 0.1175 0.1175 0.115 0.115 0.115 0.1315 0.1315 0.1265 0.1265 0.125 0.125 0.125 0.127 0.127 0.1285 0.1285 0.125 0.125 0.125 0.1275 0.1275 0.125 0.125 0.1195 0.1195 0.1195 0.116 0.116 0.1135 0.1135 0.119 0.119 0.119
