ndvi/NOAA-31.asc
ncols         252
nrows         154
xllcorner     -18.017974
yllcorner     13.481982
cellsize      0.035948
NODATA_value  -9999
[rows 68 to 101 of 154, columns 154 to 230 of 252]
0.1465 0.148 0.148 0.136 0.136 0.136 0.145 0.145 0.1785 0.1785 0.168 0.168 0.1725 0.1725 0.1725 0.232 0.232 0.259 0.259 0.275 0.275 0.275 0.224 0.224 0.2285 0.2285 0.207 0.207 0.207 0.219 0.219 0.2215 0.2215 0.206 0.206 0.206 0.2105 0.2105 0.2055 0.2055 0.2035 0.2035 0.2035 0.219 0.219 0.2155 0.2155 0.2115 0.2115 0.2225 0.2225 0.2225 0.219 0.219 0.222 0.222 0.2325 0.2325 0.2325 0.2385 0.2385 0.2265 0.2265 0.216 0.216 0.216 0.178 0.178 0.183 0.183 0.2345 0.2345 0.2345 0.232 0.232 0.228 0.228
0.1755 0.1685 0.1685 0.1575 0.1575 0.1575 0.1625 0.1625 0.1725 0.1725 0.1725 0.1725 0.2035 0.2035 0.2035 0.252 0.252 0.2235 0.2235 0.217 0.217 0.217 0.215 0.215 0.2265 0.2265 0.2295 0.2295 0.2295 0.225 0.225 0.227 0.227 0.213 0.213 0.213 0.208 0.208 0.213 0.213 0.233 0.233 0.233 0.234 0.234 0.215 0.215 0.2155 0.2155 0.216 0.216 0.216 0.2245 0.2245 0.2445 0.2445 0.2235 0.2235 0.2235 0.2275 0.2275 0.205 0.205 0.2065 0.2065 0.2065 0.19 0.19 0.199 0.199 0.23 0.23 0.23 0.2395 0.2395 0.2295 0.2295
0.1755 0.1685 0.1685 0.1575 0.1575 0.1575 0.1625 0.1625 0.1725 0.1725 0.1725 0.1725 0.2035 0.2035 0.2035 0.252 0.252 0.2235 0.2235 0.217 0.217 0.217 0.215 0.215 0.2265 0.2265 0.2295 0.2295 0.2295 0.225 0.225 0.227 0.227 0.213 0.213 0.213 0.208 0.208 0.213 0.213 0.233 0.233 0.233 0.234 0.234 0.215 0.215 0.2155 0.2155 0.216 0.216 0.216 0.2245 0.2245 0.2445 0.2445 0.2235 0.2235 0.2235 0.2275 0.2275 0.205 0.205 0.2065 0.2065 0.2065 0.19 0.19 0.199 0.199 0.23 0.23 0.23 0.2395 0.2395 0.2295 0.2295
0.1715 0.1665 0.1665 0.2055 0.2055 0.2055 0.1835 0.1835 0.1655 0.1655 0.141 0.141 0.1935 0.1935 0.1935 0.2095 0.2095 0.2165 0.2165 0.202 0.202 0.202 0.212 0.212 0.209 0.209 0.2355 0.2355 0.2355 0.239 0.239 0.258 0.258 0.251 0.251 0.251 0.2395 0.2395 0.2125 0.2125 0.2285 0.2285 0.2285 0.228 0.228 0.2235 0.2235 0.2385 0.2385 0.2405 0.2405 0.2405 0.251 0.251 0.245 0.245 0.235 0.235 0.235 0.2365 0.2365 0.2225 0.2225 0.2205 0.2205 0.2205 0.215 0.215 0.1985 0.1985 0.218 0.218 0.218 0.2245 0.2245 0.2425 0.2425
0.1715 0.1665 0.1665 0.2055 0.2055 0.2055 0.1835 0.1835 0.1655 0.1655 0.141 0.141 0.1935 0.1935 0.1935 0.2095 0.2095 0.2165 0.2165 0.202 0.202 0.202 0.212 0.212 0.209 0.209 0.2355 0.2355 0.2355 0.239 0.239 0.258 0.258 0.251 0.251 0.251 0.2395 0.2395 0.2125 0.2125 0.2285 0.2285 0.2285 0.228 0.228 0.2235 0.2235 0.2385 0.2385 0.2405 0.2405 0.2405 0.251 0.251 0.245 0.245 0.235 0.235 0.235 0.2365 0.2365 0.2225 0.2225 0.2205 0.2205 0.2205 0.215 0.215 0.1985 0.1985 0.218 0.218 0.218 0.2245 0.2245 0.2425 0.2425
0.1715 0.1665 0.1665 0.2055 0.2055 0.2055 0.1835 0.1835 0.1655 0.1655 0.141 0.141 0.1935 0.1935 0.1935 0.2095 0.2095 0.2165 0.2165 0.202 0.202 0.202 0.212 0.212 0.209 0.209 0.2355 0.2355 0.2355 0.239 0.239 0.258 0.258 0.251 0.251 0.251 0.2395 0.2395 0.2125 0.2125 0.2285 0.2285 0.2285 0.228 0.228 0.2235 0.2235 0.2385 0.2385 0.2405 0.2405 0.2405 0.251 0.251 0.245 0.245 0.235 0.235 0.235 0.2365 0.2365 0.2225 0.2225 0.2205 0.2205 0.2205 0.215 0.215 0.1985 0.1985 0.218 0.218 0.218 0.2245 0.2245 0.2425 0.2425
0.183 0.1865 0.1865 0.19 0.19 0.19 0.1795 0.1795 0.175 0.175 0.1655 0.1655 0.1905 0.1905 0.1905 0.2105 0.2105 0.22 0.22 0.1995 0.1995 0.1995 0.203 0.203 0.2095 0.2095 0.2545 0.2545 0.2545 0.258 0.258 0.251 0.251 0.259 0.259 0.259 0.265 0.265 0.259 0.259 0.2645 0.2645 0.2645 0.267 0.267 0.2585 0.2585 0.2675 0.2675 0.2485 0.2485 0.2485 0.2465 0.2465 0.2465 0.2465 0.2315 0.2315 0.2315 0.2335 0.2335 0.238 0.238 0.224 0.224 0.224 0.2225 0.2225 0.209 0.209 0.228 0.228 0.228 0.241 0.241 0.258 0.258
0.183 0.1865 0.1865 0.19 0.19 0.19 0.1795 0.1795 0.175 0.175 0.1655 0.1655 0.1905 0.1905 0.1905 0.2105 0.2105 0.22 0.22 0.1995 0.1995 0.1995 0.203 0.203 0.2095 0.2095 0.2545 0.2545 0.2545 0.258 0.258 0.251 0.251 0.259 0.259 0.259 0.265 0.265 0.259 0.259 0.2645 0.2645 0.2645 0.267 0.267 0.2585 0.2585 0.2675 0.2675 0.2485 0.2485 0.2485 0.2465 0.2465 0.2465 0.2465 0.2315 0.2315 0.2315 0.2335 0.2335 0.238 0.238 0.224 0.224 0.224 0.2225 0.2225 0.209 0.209 0.228 0.228 0.228 0.241 0.241 0.258 0.258
0.14 0.1845 0.1845 0.1915 0.1915 0.1915 0.1615 0.1615 0.169 0.169 0.1585 0.1585 0.1935 0.1935 0.1935 0.2225 0.2225 0.2355 0.2355 0.213 0.213 0.213 0.2205 0.2205 0.264 0.264 0.2385 0.2385 0.2385 0.2645 0.2645 0.273 0.273 0.249 0.249 0.249 0.2535 0.2535 0.239 0.239 0.2435 0.2435 0.2435 0.252 0.252 0.2445 0.2445 0.2665 0.2665 0.259 0.259 0.259 0.256 0.256 0.244 0.244 0.264 0.264 0.264 0.2695 0.2695 0.2465 0.2465 0.255 0.255 0.255 0.2435 0.2435 0.2185 0.2185 0.2165 0.2165 0.2165 0.236 0.236 0.2405 0.2405
0.14 0.1845 0.1845 0.1915 0.1915 0.1915 0.1615 0.1615 0.169 0.169 0.1585 0.1585 0.1935 0.1935 0.1935 0.2225 0.2225 0.2355 0.2355 0.213 0.213 0.213 0.2205 0.2205 0.264 0.264 0.2385 0.2385 0.2385 0.2645 0.2645 0.273 0.273 0.249 0.249 0.249 0.2535 0.2535 0.239 0.239 0.2435 0.2435 0.2435 0.252 0.252 0.2445 0.2445 0.2665 0.2665 0.259 0.259 0.259 0.256 0.256 0.244 0.244 0.264 0.264 0.264 0.2695 0.2695 0.2465 0.2465 0.255 0.255 0.255 0.2435 0.2435 0.2185 0.2185 0.2165 0.2165 0.2165 0.236 0.236 0.2405 0.2405
0.135 0.1375 0.1375 0.1605 0.1605 0.1605 0.141 0.141 0.1495 0.1495 0.1745 0.1745 0.2085 0.2085 0.2085 0.216 0.216 0.218 0.218 0.2275 0.2275 0.2275 0.2355 0.2355 0.2935 0.2935 0.2715 0.2715 0.2715 0.2655 0.2655 0.256 0.256 0.265 0.265 0.265 0.261 0.261 0.261 0.261 0.2545 0.2545 0.2545 0.246 0.246 0.235 0.235 0.2305 0.2305 0.2475 0.2475 0.2475 0.2415 0.2415 0.2555 0.2555 0.2695 0.2695 0.2695 0.2875 0.2875 0.263 0.263 0.271 0.271 0.271 0.2715 0.2715 0.2565 0.2565 0.2585 0.2585 0.2585 0.237 0.237 0.2415 0.2415
0.135 0.1375 0.1375 0.1605 0.1605 0.1605 0.141 0.141 0.1495 0.1495 0.1745 0.1745 0.2085 0.2085 0.2085 0.216 0.216 0.218 0.218 0.2275 0.2275 0.2275 0.2355 0.2355 0.2935 0.2935 0.2715 0.2715 0.2715 0.2655 0.2655 0.256 0.256 0.265 0.265 0.265 0.261 0.261 0.261 0.261 0.2545 0.2545 0.2545 0.246 0.246 0.235 0.235 0.2305 0.2305 0.2475 0.2475 0.2475 0.2415 0.2415 0.2555 0.2555 0.2695 0.2695 0.2695 0.2875 0.2875 0.263 0.263 0.271 0.271 0.271 0.2715 0.2715 0.2565 0.2565 0.2585 0.2585 0.2585 0.237 0.237 0.2415 0.2415
0.122 0.1435 0.1435 0.1325 0.1325 0.1325 0.145 0.145 0.141 0.141 0.1705 0.1705 0.207 0.207 0.207 0.2175 0.2175 0.2445 0.2445 0.269 0.269 0.269 0.2875 0.2875 0.2675 0.2675 0.265 0.265 0.265 0.2675 0.2675 0.2545 0.2545 0.2585 0.2585 0.2585 0.259 0.259 0.234 0.234 0.2495 0.2495 0.2495 0.2455 0.2455 0.2235 0.2235 0.2235 0.2235 0.2475 0.2475 0.2475 0.268 0.268 0.278 0.278 0.2515 0.2515 0.2515 0.2565 0.2565 0.2765 0.2765 0.2945 0.2945 0.2945 0.298 0.298 0.2915 0.2915 0.2765 0.2765 0.2765 0.2865 0.2865 0.269 0.269
0.122 0.1435 0.1435 0.1325 0.1325 0.1325 0.145 0.145 0.141 0.141 0.1705 0.1705 0.207 0.207 0.207 0.2175 0.2175 0.2445 0.2445 0.269 0.269 0.269 0.2875 0.2875 0.2675 0.2675 0.265 0.265 0.265 0.2675 0.2675 0.2545 0.2545 0.2585 0.2585 0.2585 0.259 0.259 0.234 0.234 0.2495 0.2495 0.2495 0.2455 0.2455 0.2235 0.2235 0.2235 0.2235 0.2475 0.2475 0.2475 0.268 0.268 0.278 0.278 0.2515 0.2515 0.2515 0.2565 0.2565 0.2765 0.2765 0.2945 0.2945 0.2945 0.298 0.298 0.2915 0.2915 0.2765 0.2765 0.2765 0.2865 0.2865 0.269 0.269
0.122 0.1435 0.1435 0.1325 0.1325 0.1325 0.145 0.145 0.141 0.141 0.1705 0.1705 0.207 0.207 0.207 0.2175 0.2175 0.2445 0.2445 0.269 0.269 0.269 0.2875 0.2875 0.2675 0.2675 0.265 0.265 0.265 0.2675 0.2675 0.2545 0.2545 0.2585 0.2585 0.2585 0.259 0.259 0.234 0.234 0.2495 0.2495 0.2495 0.2455 0.2455 0.2235 0.2235 0.2235 0.2235 0.2475 0.2475 0.2475 0.268 0.268 0.278 0.278 0.2515 0.2515 0.2515 0.2565 0.2565 0.2765 0.2765 0.2945 0.2945 0.2945 0.298 0.298 0.2915 0.2915 0.2765 0.2765 0.2765 0.2865 0.2865 0.269 0.269
0.133 0.1475 0.1475 0.1555 0.1555 0.1555 0.1395 0.1395 0.1605 0.1605 0.2095 0.2095 0.2185 0.2185 0.2185 0.256 0.256 0.28 0.28 0.2835 0.2835 0.2835 0.2695 0.2695 0.2595 0.2595 0.2515 0.2515 0.2515 0.2485 0.2485 0.2305 0.2305 0.24 0.24 0.24 0.228 0.228 0.2425 0.2425 0.2455 0.2455 0.2455 0.269 0.269 0.2665 0.2665 0.2645 0.2645 0.2795 0.2795 0.2795 0.2875 0.2875 0.2775 0.2775 0.269 0.269 0.269 0.268 0.268 0.2705 0.2705 0.292 0.292 0.292 0.303 0.303 0.296 0.296 0.2995 0.2995 0.2995 0.2965 0.2965 0.2935 0.2935
0.133 0.1475 0.1475 0.1555 0.1555 0.1555 0.1395 0.1395 0.1605 0.1605 0.2095 0.2095 0.2185 0.2185 0.2185 0.256 0.256 0.28 0.28 0.2835 0.2835 0.2835 0.2695 0.2695 0.2595 0.2595 0.2515 0.2515 0.2515 0.2485 0.2485 0.2305 0.2305 0.24 0.24 0.24 0.228 0.228 0.2425 0.2425 0.2455 0.2455 0.2455 0.269 0.269 0.2665 0.2665 0.2645 0.2645 0.2795 0.2795 0.2795 0.2875 0.2875 0.2775 0.2775 0.269 0.269 0.269 0.268 0.268 0.2705 0.2705 0.292 0.292 0.292 0.303 0.303 0.296 0.296 0.2995 0.2995 0.2995 0.2965 0.2965 0.2935 0.2935
0.147 0.167 0.167 0.1625 0.1625 0.1625 0.153 0.153 0.191 0.191 0.231 0.231 0.2485 0.2485 0.2485 0.2645 0.2645 0.303 0.303 0.296 0.296 0.296 0.2875 0.2875 0.2735 0.2735 0.259 0.259 0.259 0.2485 0.2485 0.2265 0.2265 0.232 0.232 0.232 0.247 0.247 0.2445 0.2445 0.264 0.264 0.264 0.277 0.277 0.25 0.25 0.2675 0.2675 0.2725 0.2725 0.2725 0.277 0.277 0.2735 0.2735 0.275 0.275 0.275 0.2855 0.2855 0.2865 0.2865 0.295 0.295 0.295 0.3075 0.3075 0.2965 0.2965 0.3035 0.3035 0.3035 0.3045 0.3045 0.292 0.292
0.147 0.167 0.167 0.1625 0.1625 0.1625 0.153 0.153 0.191 0.191 0.231 0.231 0.2485 0.2485 0.2485 0.2645 0.2645 0.303 0.303 0.296 0.296 0.296 0.2875 0.2875 0.2735 0.2735 0.259 0.259 0.259 0.2485 0.2485 0.2265 0.2265 0.232 0.232 0.232 0.247 0.247 0.2445 0.2445 0.264 0.264 0.264 0.277 0.277 0.25 0.25 0.2675 0.2675 0.2725 0.2725 0.2725 0.277 0.277 0.2735 0.2735 0.275 0.275 0.275 0.2855 0.2855 0.2865 0.2865 0.295 0.295 0.295 0.3075 0.3075 0.2965 0.2965 0.3035 0.3035 0.3035 0.3045 0.3045 0.292 0.292
0.164 0.1825 0.1825 0.1795 0.1795 0.1795 0.1825 0.1825 0.1825 0.1825 0.245 0.245 0.2465 0.2465 0.2465 0.2845 0.2845 0.296 0.296 0.281 0.281 0.281 0.2795 0.2795 0.248 0.248 0.2615 0.2615 0.2615 0.2265 0.2265 0.234 0.234 0.2395 0.2395 0.2395 0.2425 0.2425 0.2555 0.2555 0.2865 0.2865 0.2865 0.301 0.301 0.295 0.295 0.2495 0.2495 0.2695 0.2695 0.2695 0.2735 0.2735 0.2885 0.2885 0.288 0.288 0.288 0.29 0.29 0.28 0.28 0.2835 0.2835 0.2835 0.308 0.308 0.3015 0.3015 0.3085 0.3085 0.3085 0.2975 0.2975 0.2725 0.2725
0.164 0.1825 0.1825 0.1795 0.1795 0.1795 0.1825 0.1825 0.1825 0.1825 0.245 0.245 0.2465 0.2465 0.2465 0.2845 0.2845 0.296 0.296 0.281 0.281 0.281 0.2795 0.2795 0.248 0.248 0.2615 0.2615 0.2615 0.2265 0.2265 0.234 0.234 0.2395 0.2395 0.2395 0.2425 0.2425 0.2555 0.2555 0.2865 0.2865 0.2865 0.301 0.301 0.295 0.295 0.2495 0.2495 0.2695 0.2695 0.2695 0.2735 0.2735 0.2885 0.2885 0.288 0.288 0.288 0.29 0.29 0.28 0.28 0.2835 0.2835 0.2835 0.308 0.308 0.3015 0.3015 0.3085 0.3085 0.3085 0.2975 0.2975 0.2725 0.2725
0.164 0.1825 0.1825 0.1795 0.1795 0.1795 0.1825 0.1825 0.1825 0.1825 0.245 0.245 0.2465 0.2465 0.2465 0.2845 0.2845 0.296 0.296 0.281 0.281 0.281 0.2795 0.2795 0.248 0.248 0.2615 0.2615 0.2615 0.2265 0.2265 0.234 0.234 0.2395 0.2395 0.2395 0.2425 0.2425 0.2555 0.2555 0.2865 0.2865 0.2865 0.301 0.301 0.295 0.295 0.2495 0.2495 0.2695 0.2695 0.2695 0.2735 0.2735 0.2885 0.2885 0.288 0.288 0.288 0.29 0.29 0.28 0.28 0.2835 0.2835 0.2835 0.308 0.308 0.3015 0.3015 0.3085 0.3085 0.3085 0.2975 0.2975 0.2725 0.2725
0.1685 0.199 0.199 0.2045 0.2045 0.2045 0.204 0.204 0.2015 0.2015 0.2585 0.2585 0.276 0.276 0.276 0.2875 0.2875 0.255 0.255 0.2555 0.2555 0.2555 0.2465 0.2465 0.239 0.239 0.2245 0.2245 0.2245 0.2385 0.2385 0.234 0.234 0.251 0.251 0.251 0.28 0.28 0.2995 0.2995 0.3095 0.3095 0.3095 0.2785 0.2785 0.29 0.29 0.2955 0.2955 0.284 0.284 0.284 0.2755 0.2755 0.285 0.285 0.2805 0.2805 0.2805 0.2815 0.2815 0.2815 0.2815 0.2685 0.2685 0.2685 0.285 0.285 0.2755 0.2755 0.28 0.28 0.28 0.2625 0.2625 0.258 0.258
0.1685 0.199 0.199 0.2045 0.2045 0.2045 0.204 0.204 0.2015 0.2015 0.2585 0.2585 0.276 0.276 0.276 0.2875 0.2875 0.255 0.255 0.2555 0.2555 0.2555 0.2465 0.2465 0.239 0.239 0.2245 0.2245 0.2245 0.2385 0.2385 0.234 0.234 0.251 0.251 0.251 0.28 0.28 0.2995 0.2995 0.3095 0.3095 0.3095 0.2785 0.2785 0.29 0.29 0.2955 0.2955 0.284 0.284 0.284 0.2755 0.2755 0.285 0.285 0.2805 0.2805 0.2805 0.2815 0.2815 0.2815 0.2815 0.2685 0.2685 0.2685 0.285 0.285 0.2755 0.2755 0.28 0.28 0.28 0.2625 0.2625 0.258 0.258
0.1915 0.2045 0.2045 0.2175 0.2175 0.2175 0.212 0.212 0.1985 0.1985 0.2545 0.2545 0.285 0.285 0.285 0.291 0.291 0.2725 0.2725 0.2675 0.2675 0.2675 0.27 0.27 0.2545 0.2545 0.2345 0.2345 0.2345 0.2425 0.2425 0.2565 0.2565 0.272 0.272 0.272 0.3245 0.3245 0.342 0.342 0.3015 0.3015 0.3015 0.299 0.299 0.282 0.282 0.304 0.304 0.2745 0.2745 0.2745 0.2835 0.2835 0.283 0.283 0.2745 0.2745 0.2745 0.2615 0.2615 0.256 0.256 0.2545 0.2545 0.2545 0.273 0.273 0.2735 0.2735 0.261 0.261 0.261 0.2385 0.2385 0.244 0.244
0.1915 0.2045 0.2045 0.2175 0.2175 0.2175 0.212 0.212 0.1985 0.1985 0.2545 0.2545 0.285 0.285 0.285 0.291 0.291 0.2725 0.2725 0.2675 0.2675 0.2675 0.27 0.27 0.2545 0.2545 0.2345 0.2345 0.2345 0.2425 0.2425 0.2565 0.2565 0.272 0.272 0.272 0.3245 0.3245 0.342 0.342 0.3015 0.3015 0.3015 0.299 0.299 0.282 0.282 0.304 0.304 0.2745 0.2745 0.2745 0.2835 0.2835 0.283 0.283 0.2745 0.2745 0.2745 0.2615 0.2615 0.256 0.256 0.2545 0.2545 0.2545 0.273 0.273 0.2735 0.2735 0.261 0.261 0.261 0.2385 0.2385 0.244 0.244
0.214 0.2095 0.2095 0.23 0.23 0.23 0.226 0.226 0.2165 0.2165 0.2335 0.2335 0.2485 0.2485 0.2485 0.2515 0.2515 0.275 0.275 0.26 0.26 0.26 0.2305 0.2305 0.234 0.234 0.247 0.247 0.247 0.2595 0.2595 0.2565 0.2565 0.3 0.3 0.3 0.292 0.292 0.2885 0.2885 0.28 0.28 0.28 0.2865 0.2865 0.3035 0.3035 0.2885 0.2885 0.258 0.258 0.258 0.2645 0.2645 0.263 0.263 0.266 0.266 0.266 0.253 0.253 0.253 0.253 0.255 0.255 0.255 0.2635 0.2635 0.265 0.265 0.2585 0.2585 0.2585 0.2385 0.2385 0.256 0.256
0.214 0.2095 0.2095 0.23 0.23 0.23 0.226 0.226 0.2165 0.2165 0.2335 0.2335 0.2485 0.2485 0.2485 0.2515 0.2515 0.275 0.275 0.26 0.26 0.26 0.2305 0.2305 0.234 0.234 0.247 0.247 0.247 0.2595 0.2595 0.2565 0.2565 0.3 0.3 0.3 0.292 0.292 0.2885 0.2885 0.28 0.28 0.28 0.2865 0.2865 0.3035 0.3035 0.2885 0.2885 0.258 0.258 0.258 0.2645 0.2645 0.263 0.263 0.266 0.266 0.266 0.253 0.253 0.253 0.253 0.255 0.255 0.255 0.2635 0.2635 0.265 0.265 0.2585 0.2585 0.2585 0.2385 0.2385 0.256 0.256
0.214 0.2095 0.2095 0.23 0.23 0.23 0.226 0.226 0.2165 0.2165 0.2335 0.2335 0.2485 0.2485 0.2485 0.2515 0.2515 0.275 0.275 0.26 0.26 0.26 0.2305 0.2305 0.234 0.234 0.247 0.247 0.247 0.2595 0.2595 0.2565 0.2565 0.3 0.3 0.3 0.292 0.292 0.2885 0.2885 0.28 0.28 0.28 0.2865 0.2865 0.3035 0.3035 0.2885 0.2885 0.258 0.258 0.258 0.2645 0.2645 0.263 0.263 0.266 0.266 0.266 0.253 0.253 0.253 0.253 0.255 0.255 0.255 0.2635 0.2635 0.265 0.265 0.2585 0.2585 0.2585 0.2385 0.2385 0.256 0.256
0.2225 0.242 0.242 0.2295 0.2295 0.2295 0.234 0.234 0.225 0.225 0.2235 0.2235 0.235 0.235 0.235 0.256 0.256 0.231 0.231 0.2615 0.2615 0.2615 0.2495 0.2495 0.2345 0.2345 0.2485 0.2485 0.2485 0.263 0.263 0.287 0.287 0.285 0.285 0.285 0.282 0.282 0.3 0.3 0.2785 0.2785 0.2785 0.292 0.292 0.2825 0.2825 0.275 0.275 0.2295 0.2295 0.2295 0.226 0.226 0.213 0.213 0.244 0.244 0.244 0.2315 0.2315 0.2395 0.2395 0.2425 0.2425 0.2425 0.2445 0.2445 0.244 0.244 0.2525 0.2525 0.2525 0.2495 0.2495 0.2385 0.2385
0.2225 0.242 0.242 0.2295 0.2295 0.2295 0.234 0.234 0.225 0.225 0.2235 0.2235 0.235 0.235 0.235 0.256 0.256 0.231 0.231 0.2615 0.2615 0.2615 0.2495 0.2495 0.2345 0.2345 0.2485 0.2485 0.2485 0.263 0.263 0.287 0.287 0.285 0.285 0.285 0.282 0.282 0.3 0.3 0.2785 0.2785 0.2785 0.292 0.292 0.2825 0.2825 0.275 0.275 0.2295 0.2295 0.2295 0.226 0.226 0.213 0.213 0.244 0.244 0.244 0.2315 0.2315 0.2395 0.2395 0.2425 0.2425 0.2425 0.2445 0.2445 0.244 0.244 0.2525 0.2525 0.2525 0.2495 0.2495 0.2385 0.2385
0.2615 0.2455 0.2455 0.231 0.231 0.231 0.216 0.216 0.2245 0.2245 0.2445 0.2445 0.2435 0.2435 0.2435 0.254 0.254 0.273 0.273 0.291 0.291 0.291 0.27 0.27 0.237 0.237 0.2605 0.2605 0.2605 0.2725 0.2725 0.283 0.283 0.269 0.269 0.269 0.261 0.261 0.251 0.251 0.2845 0.2845 0.2845 0.2855 0.2855 0.2875 0.2875 0.2365 0.2365 0.2145 0.2145 0.2145 0.2405 0.2405 0.229 0.229 0.2515 0.2515 0.2515 0.248 0.248 0.238 0.238 0.243 0.243 0.243 0.258 0.258 0.227 0.227 0.2375 0.2375 0.2375 0.2465 0.2465 0.201 0.201
0.2615 0.2455 0.2455 0.231 0.231 0.231 0.216 0.216 0.2245 0.2245 0.2445 0.2445 0.2435 0.2435 0.2435 0.254 0.254 0.273 0.273 0.291 0.291 0.291 0.27 0.27 0.237 0.237 0.2605 0.2605 0.2605 0.2725 0.2725 0.283 0.283 0.269 0.269 0.269 0.261 0.261 0.251 0.251 0.2845 0.2845 0.2845 0.2855 0.2855 0.2875 0.2875 0.2365 0.2365 0.2145 0.2145 0.2145 0.2405 0.2405 0.229 0.229 0.2515 0.2515 0.2515 0.248 0.248 0.238 0.238 0.243 0.243 0.243 0.258 0.258 0.227 0.227 0.2375 0.2375 0.2375 0.2465 0.2465 0.201 0.201
0.2425 0.225 0.225 0.2015 0.2015 0.2015 0.208 0.208 0.2315 0.2315 0.249 0.249 0.251 0.251 0.251 0.2625 0.2625 0.261 0.261 0.2755 0.2755 0.2755 0.271 0.271 0.244 0.244 0.259 0.259 0.259 0.27 0.27 0.2925 0.2925 0.274 0.274 0.274 0.253 0.253 0.2395 0.2395 0.263 0.263 0.263 0.27 0.27 0.2855 0.2855 0.257 0.257 0.2495 0.2495 0.2495 0.2415 0.2415 0.2515 0.2515 0.2835 0.2835 0.2835 0.25 0.25 0.2495 0.2495 0.2565 0.2565 0.2565 0.251 0.251 0.2235 0.2235 0.207 0.207 0.207 0.213 0.213 0.1905 0.1905
