ndvi/NOAA-27.asc
ncols         252
nrows         154
xllcorner     -18.017974
yllcorner     13.481982
cellsize      0.035948
NODATA_value  -9999
[rows 102 to 135 of 154, columns 0 to 76 of 252]
-1 -1 -1 -1 -1 -1 -1 -1 -1 -1 -1 -1 -1 -1 -1 -1 -1 -1 -1 -1 -1 -1 -1 -1 -1 0.0426 0.0426 0.0426 0.157 0.157 0.2865 0.2865 0.249 0.249 0.249 0.222 0.222 0.2085 0.2085 0.231 0.231 0.231 0.2245 0.2245 0.232 0.232 0.2205 0.2205 0.2205 0.234 0.234 0.2395 0.2395 0.246 0.246 0.2485 0.2485 0.2485 0.241 0.241 0.2425 0.2425 0.2425 0.2425 0.2425 0.241 0.241 0.2455 0.2455 0.2205 0.2205 0.2205 0.218 0.218 0.2005 0.2005 0.203
-1 -1 -1 -1 -1 -1 -1 -1 -1 -1 -1 -1 -1 -1 -1 -1 -1 -1 -1 -1 -1 -1 -1 0.005 0.005 0.1925 0.1925 0.1925 0.278 0.278 0.247 0.247 0.231 0.231 0.231 0.217 0.217 0.237 0.237 0.24 0.24 0.24 0.2275 0.2275 0.231 0.231 0.236 0.236 0.236 0.2395 0.2395 0.2415 0.2415 0.248 0.248 0.2425 0.2425 0.2425 0.253 0.253 0.245 0.245 0.245 0.245 0.245 0.2275 0.2275 0.2305 0.2305 0.226 0.226 0.226 0.21 0.21 0.2085 0.2085 0.216
-1 -1 -1 -1 -1 -1 -1 -1 -1 -1 -1 -1 -1 -1 -1 -1 -1 -1 -1 -1 -1 -1 -1 0.005 0.005 0.1925 0.1925 0.1925 0.278 0.278 0.247 0.247 0.231 0.231 0.231 0.217 0.217 0.237 0.237 0.24 0.24 0.24 0.2275 0.2275 0.231 0.231 0.236 0.236 0.236 0.2395 0.2395 0.2415 0.2415 0.248 0.248 0.2425 0.2425 0.2425 0.253 0.253 0.245 0.245 0.245 0.245 0.245 0.2275 0.2275 0.2305 0.2305 0.226 0.226 0.226 0.21 0.21 0.2085 0.2085 0.216
-1 -1 -1 -1 -1 -1 -1 -1 -1 -1 -1 -1 -1 -1 -1 -1 -1 -1 -1 -1 -1 -1 -1 0.005 0.005 0.1925 0.1925 0.1925 0.278 0.278 0.247 0.247 0.231 0.231 0.231 0.217 0.217 0.237 0.237 0.24 0.24 0.24 0.2275 0.2275 0.231 0.231 0.236 0.236 0.236 0.2395 0.2395 0.2415 0.2415 0.248 0.248 0.2425 0.2425 0.2425 0.253 0.253 0.245 0.245 0.245 0.245 0.245 0.2275 0.2275 0.2305 0.2305 0.226 0.226 0.226 0.21 0.21 0.2085 0.2085 0.216
-1 -1 -1 -1 -1 -1 -1 -1 -1 -1 -1 -1 -1 -1 -1 -1 -1 -1 -1 -1 -1 0.005 0.005 0.1565 0.1565 0.2825 0.2825 0.2825 0.247 0.247 0.241 0.241 0.2465 0.2465 0.2465 0.2355 0.2355 0.2395 0.2395 0.251 0.251 0.251 0.2435 0.2435 0.2385 0.2385 0.232 0.232 0.232 0.242 0.242 0.2405 0.2405 0.2355 0.2355 0.2405 0.2405 0.2405 0.2465 0.2465 0.2425 0.2425 0.2425 0.2425 0.2425 0.2395 0.2395 0.2305 0.2305 0.229 0.229 0.229 0.2325 0.2325 0.2185 0.2185 0.214
-1 -1 -1 -1 -1 -1 -1 -1 -1 -1 -1 -1 -1 -1 -1 -1 -1 -1 -1 -1 -1 0.005 0.005 0.1565 0.1565 0.2825 0.2825 0.2825 0.247 0.247 0.241 0.241 0.2465 0.2465 0.2465 0.2355 0.2355 0.2395 0.2395 0.251 0.251 0.251 0.2435 0.2435 0.2385 0.2385 0.232 0.232 0.232 0.242 0.242 0.2405 0.2405 0.2355 0.2355 0.2405 0.2405 0.2405 0.2465 0.2465 0.2425 0.2425 0.2425 0.2425 0.2425 0.2395 0.2395 0.2305 0.2305 0.229 0.229 0.229 0.2325 0.2325 0.2185 0.2185 0.214
-1 -1 -1 -1 -1 -1 -1 -1 -1 -1 -1 -1 -1 -1 -1 -1 -1 -1 -1 -1 -1 0.127 0.127 0.2925 0.2925 0.257 0.257 0.257 0.2735 0.2735 0.246 0.246 0.2455 0.2455 0.2455 0.245 0.245 0.246 0.246 0.246 0.246 0.246 0.246 0.246 0.247 0.247 0.264 0.264 0.264 0.2495 0.2495 0.246 0.246 0.2295 0.2295 0.227 0.227 0.227 0.229 0.229 0.236 0.236 0.236 0.236 0.236 0.235 0.235 0.2475 0.2475 0.238 0.238 0.238 0.2365 0.2365 0.233 0.233 0.2275
-1 -1 -1 -1 -1 -1 -1 -1 -1 -1 -1 -1 -1 -1 -1 -1 -1 -1 -1 -1 -1 0.127 0.127 0.2925 0.2925 0.257 0.257 0.257 0.2735 0.2735 0.246 0.246 0.2455 0.2455 0.2455 0.245 0.245 0.246 0.246 0.246 0.246 0.246 0.246 0.246 0.247 0.247 0.264 0.264 0.264 0.2495 0.2495 0.246 0.246 0.2295 0.2295 0.227 0.227 0.227 0.229 0.229 0.236 0.236 0.236 0.236 0.236 0.235 0.235 0.2475 0.2475 0.238 0.238 0.238 0.2365 0.2365 0.233 0.233 0.2275
-1 -1 -1 -1 -1 -1 -1 -1 -1 -1 -1 -1 -1 -1 -1 -1 -1 -1 0.176 0.176 0.176 0.281 0.281 0.2835 0.2835 0.2735 0.2735 0.2735 0.276 0.276 0.2605 0.2605 0.249 0.249 0.249 0.2475 0.2475 0.242 0.242 0.247 0.247 0.247 0.2515 0.2515 0.243 0.243 0.2525 0.2525 0.2525 0.2495 0.2495 0.2485 0.2485 0.2385 0.2385 0.231 0.231 0.231 0.2385 0.2385 0.232 0.232 0.232 0.232 0.232 0.2285 0.2285 0.245 0.245 0.2425 0.2425 0.2425 0.234 0.234 0.2315 0.2315 0.2475
-1 -1 -1 -1 -1 -1 -1 -1 -1 -1 -1 -1 -1 -1 -1 -1 -1 -1 0.176 0.176 0.176 0.281 0.281 0.2835 0.2835 0.2735 0.2735 0.2735 0.276 0.276 0.2605 0.2605 0.249 0.249 0.249 0.2475 0.2475 0.242 0.242 0.247 0.247 0.247 0.2515 0.2515 0.243 0.243 0.2525 0.2525 0.2525 0.2495 0.2495 0.2485 0.2485 0.2385 0.2385 0.231 0.231 0.231 0.2385 0.2385 0.232 0.232 0.232 0.232 0.232 0.2285 0.2285 0.245 0.245 0.2425 0.2425 0.2425 0.234 0.234 0.2315 0.2315 0.2475
-1 -1 -1 -1 -1 -1 -1 -1 -1 -1 -1 -1 -1 -1 -1 -1 -1 -1 0.176 0.176 0.176 0.281 0.281 0.2835 0.2835 0.2735 0.2735 0.2735 0.276 0.276 0.2605 0.2605 0.249 0.249 0.249 0.2475 0.2475 0.242 0.242 0.247 0.247 0.247 0.2515 0.2515 0.243 0.243 0.2525 0.2525 0.2525 0.2495 0.2495 0.2485 0.2485 0.2385 0.2385 0.231 0.231 0.231 0.2385 0.2385 0.232 0.232 0.232 0.232 0.232 0.2285 0.2285 0.245 0.245 0.2425 0.2425 0.2425 0.234 0.234 0.2315 0.2315 0.2475
-1 -1 -1 -1 -1 -1 -1 -1 -1 -1 -1 -1 -1 -1 -1 -1 0.2291 0.2291 0.3325 0.3325 0.3325 0.3115 0.3115 0.2865 0.2865 0.273 0.273 0.273 0.278 0.278 0.2685 0.2685 0.2605 0.2605 0.2605 0.26 0.26 0.253 0.253 0.254 0.254 0.254 0.236 0.236 0.2215 0.2215 0.231 0.231 0.231 0.2395 0.2395 0.2295 0.2295 0.2245 0.2245 0.23 0.23 0.23 0.241 0.241 0.2325 0.2325 0.2325 0.2325 0.2325 0.228 0.228 0.2215 0.2215 0.234 0.234 0.234 0.2465 0.2465 0.2425 0.2425 0.2375
-1 -1 -1 -1 -1 -1 -1 -1 -1 -1 -1 -1 -1 -1 -1 -1 0.2291 0.2291 0.3325 0.3325 0.3325 0.3115 0.3115 0.2865 0.2865 0.273 0.273 0.273 0.278 0.278 0.2685 0.2685 0.2605 0.2605 0.2605 0.26 0.26 0.253 0.253 0.254 0.254 0.254 0.236 0.236 0.2215 0.2215 0.231 0.231 0.231 0.2395 0.2395 0.2295 0.2295 0.2245 0.2245 0.23 0.23 0.23 0.241 0.241 0.2325 0.2325 0.2325 0.2325 0.2325 0.228 0.228 0.2215 0.2215 0.234 0.234 0.234 0.2465 0.2465 0.2425 0.2425 0.2375
-1 -1 -1 -1 -1 -1 -1 -1 -1 -1 -1 -1 0.21 0.21 0.1585 0.1585 0.1815 0.1815 0.308 0.308 0.308 0.3095 0.3095 0.2985 0.2985 0.275 0.275 0.275 0.272 0.272 0.287 0.287 0.242 0.242 0.242 0.255 0.255 0.2585 0.2585 0.272 0.272 0.272 0.2645 0.2645 0.2455 0.2455 0.239 0.239 0.239 0.221 0.221 0.226 0.226 0.231 0.231 0.2325 0.2325 0.2325 0.2365 0.2365 0.235 0.235 0.235 0.235 0.235 0.229 0.229 0.222 0.222 0.2215 0.2215 0.2215 0.235 0.235 0.227 0.227 0.2575
-1 -1 -1 -1 -1 -1 -1 -1 -1 -1 -1 -1 0.21 0.21 0.1585 0.1585 0.1815 0.1815 0.308 0.308 0.308 0.3095 0.3095 0.2985 0.2985 0.275 0.275 0.275 0.272 0.272 0.287 0.287 0.242 0.242 0.242 0.255 0.255 0.2585 0.2585 0.272 0.272 0.272 0.2645 0.2645 0.2455 0.2455 0.239 0.239 0.239 0.221 0.221 0.226 0.226 0.231 0.231 0.2325 0.2325 0.2325 0.2365 0.2365 0.235 0.235 0.235 0.235 0.235 0.229 0.229 0.222 0.222 0.2215 0.2215 0.2215 0.235 0.235 0.227 0.227 0.2575
-1 -1 -1 -1 -1 -1 -1 -1 -1 0.1576 0.1576 0.1576 0.1145 0.1145 0.1491 0.1491 0.1251 0.1251 0.08 0.08 0.08 0.2495 0.2495 0.2905 0.2905 0.276 0.276 0.276 0.2755 0.2755 0.2825 0.2825 0.2505 0.2505 0.2505 0.245 0.245 0.253 0.253 0.2415 0.2415 0.2415 0.257 0.257 0.25 0.25 0.222 0.222 0.222 0.2175 0.2175 0.2205 0.2205 0.2235 0.2235 0.2245 0.2245 0.2245 0.2415 0.2415 0.233 0.233 0.233 0.233 0.233 0.224 0.224 0.2355 0.2355 0.23 0.23 0.23 0.231 0.231 0.2355 0.2355 0.2515
-1 -1 -1 -1 -1 -1 -1 -1 -1 0.1576 0.1576 0.1576 0.1145 0.1145 0.1491 0.1491 0.1251 0.1251 0.08 0.08 0.08 0.2495 0.2495 0.2905 0.2905 0.276 0.276 0.276 0.2755 0.2755 0.2825 0.2825 0.2505 0.2505 0.2505 0.245 0.245 0.253 0.253 0.2415 0.2415 0.2415 0.257 0.257 0.25 0.25 0.222 0.222 0.222 0.2175 0.2175 0.2205 0.2205 0.2235 0.2235 0.2245 0.2245 0.2245 0.2415 0.2415 0.233 0.233 0.233 0.233 0.233 0.224 0.224 0.2355 0.2355 0.23 0.23 0.23 0.231 0.231 0.2355 0.2355 0.2515
-1 -1 -1 -1 -1 -1 -1 -1 -1 0.1576 0.1576 0.1576 0.1145 0.1145 0.1491 0.1491 0.1251 0.1251 0.08 0.08 0.08 0.2495 0.2495 0.2905 0.2905 0.276 0.276 0.276 0.2755 0.2755 0.2825 0.2825 0.2505 0.2505 0.2505 0.245 0.245 0.253 0.253 0.2415 0.2415 0.2415 0.257 0.257 0.25 0.25 0.222 0.222 0.222 0.2175 0.2175 0.2205 0.2205 0.2235 0.2235 0.2245 0.2245 0.2245 0.2415 0.2415 0.233 0.233 0.233 0.233 0.233 0.224 0.224 0.2355 0.2355 0.23 0.23 0.23 0.231 0.231 0.2355 0.2355 0.2515
-1 -1 -1 -1 -1 -1 -1 -1 -1 -1 -1 -1 0.1266 0.1266 0.1786 0.1786 0.1607 0.1607 0.1511 0.1511 0.1511 0.223 0.223 0.265 0.265 0.296 0.296 0.296 0.275 0.275 0.2675 0.2675 0.248 0.248 0.248 0.2485 0.2485 0.243 0.243 0.252 0.252 0.252 0.252 0.252 0.2445 0.2445 0.257 0.257 0.257 0.2245 0.2245 0.23 0.23 0.2245 0.2245 0.225 0.225 0.225 0.229 0.229 0.222 0.222 0.222 0.222 0.222 0.2115 0.2115 0.226 0.226 0.236 0.236 0.236 0.252 0.252 0.239 0.239 0.2495
-1 -1 -1 -1 -1 -1 -1 -1 -1 -1 -1 -1 0.1266 0.1266 0.1786 0.1786 0.1607 0.1607 0.1511 0.1511 0.1511 0.223 0.223 0.265 0.265 0.296 0.296 0.296 0.275 0.275 0.2675 0.2675 0.248 0.248 0.248 0.2485 0.2485 0.243 0.243 0.252 0.252 0.252 0.252 0.252 0.2445 0.2445 0.257 0.257 0.257 0.2245 0.2245 0.23 0.23 0.2245 0.2245 0.225 0.225 0.225 0.229 0.229 0.222 0.222 0.222 0.222 0.222 0.2115 0.2115 0.226 0.226 0.236 0.236 0.236 0.252 0.252 0.239 0.239 0.2495
-1 -1 -1 -1 -1 -1 -1 -1 -1 -1 -1 -1 -1 -1 -1 -1 -1 -1 0.1682 0.1682 0.1682 0.1515 0.1515 0.2285 0.2285 0.2525 0.2525 0.2525 0.281 0.281 0.2655 0.2655 0.2445 0.2445 0.2445 0.2445 0.2445 0.237 0.237 0.2325 0.2325 0.2325 0.234 0.234 0.2415 0.2415 0.2585 0.2585 0.2585 0.2435 0.2435 0.2535 0.2535 0.236 0.236 0.237 0.237 0.237 0.2275 0.2275 0.2215 0.2215 0.2215 0.2215 0.2215 0.2265 0.2265 0.2265 0.2265 0.2395 0.2395 0.2395 0.266 0.266 0.248 0.248 0.246
-1 -1 -1 -1 -1 -1 -1 -1 -1 -1 -1 -1 -1 -1 -1 -1 -1 -1 0.1682 0.1682 0.1682 0.1515 0.1515 0.2285 0.2285 0.2525 0.2525 0.2525 0.281 0.281 0.2655 0.2655 0.2445 0.2445 0.2445 0.2445 0.2445 0.237 0.237 0.2325 0.2325 0.2325 0.234 0.234 0.2415 0.2415 0.2585 0.2585 0.2585 0.2435 0.2435 0.2535 0.2535 0.236 0.236 0.237 0.237 0.237 0.2275 0.2275 0.2215 0.2215 0.2215 0.2215 0.2215 0.2265 0.2265 0.2265 0.2265 0.2395 0.2395 0.2395 0.266 0.266 0.248 0.248 0.246
-1 -1 -1 -1 -1 -1 -1 -1 -1 -1 -1 -1 -1 -1 -1 -1 -1 -1 -1 -1 -1 0.1742 0.1742 0.105 0.105 0.26 0.26 0.26 0.276 0.276 0.267 0.267 0.2525 0.2525 0.2525 0.237 0.237 0.246 0.246 0.227 0.227 0.227 0.2385 0.2385 0.2435 0.2435 0.2625 0.2625 0.2625 0.2435 0.2435 0.241 0.241 0.2475 0.2475 0.2535 0.2535 0.2535 0.242 0.242 0.2265 0.2265 0.2265 0.2265 0.2265 0.212 0.212 0.2255 0.2255 0.2245 0.2245 0.2245 0.2465 0.2465 0.2555 0.2555 0.2515
-1 -1 -1 -1 -1 -1 -1 -1 -1 -1 -1 -1 -1 -1 -1 -1 -1 -1 -1 -1 -1 0.1742 0.1742 0.105 0.105 0.26 0.26 0.26 0.276 0.276 0.267 0.267 0.2525 0.2525 0.2525 0.237 0.237 0.246 0.246 0.227 0.227 0.227 0.2385 0.2385 0.2435 0.2435 0.2625 0.2625 0.2625 0.2435 0.2435 0.241 0.241 0.2475 0.2475 0.2535 0.2535 0.2535 0.242 0.242 0.2265 0.2265 0.2265 0.2265 0.2265 0.212 0.212 0.2255 0.2255 0.2245 0.2245 0.2245 0.2465 0.2465 0.2555 0.2555 0.2515
-1 -1 -1 -1 -1 -1 -1 -1 -1 -1 -1 -1 -1 -1 -1 -1 -1 -1 -1 -1 -1 0.1512 0.1512 0.106 0.106 0.185 0.185 0.185 0.2745 0.2745 0.279 0.279 0.2805 0.2805 0.2805 0.2705 0.2705 0.2345 0.2345 0.2 0.2 0.2 0.179 0.179 0.2135 0.2135 0.2355 0.2355 0.2355 0.2255 0.2255 0.244 0.244 0.247 0.247 0.2645 0.2645 0.2645 0.26 0.26 0.237 0.237 0.237 0.237 0.237 0.2415 0.2415 0.2385 0.2385 0.245 0.245 0.245 0.238 0.238 0.24 0.24 0.237
-1 -1 -1 -1 -1 -1 -1 -1 -1 -1 -1 -1 -1 -1 -1 -1 -1 -1 -1 -1 -1 0.1512 0.1512 0.106 0.106 0.185 0.185 0.185 0.2745 0.2745 0.279 0.279 0.2805 0.2805 0.2805 0.2705 0.2705 0.2345 0.2345 0.2 0.2 0.2 0.179 0.179 0.2135 0.2135 0.2355 0.2355 0.2355 0.2255 0.2255 0.244 0.244 0.247 0.247 0.2645 0.2645 0.2645 0.26 0.26 0.237 0.237 0.237 0.237 0.237 0.2415 0.2415 0.2385 0.2385 0.245 0.245 0.245 0.238 0.238 0.24 0.24 0.237
-1 -1 -1 -1 -1 -1 -1 -1 -1 -1 -1 -1 -1 -1 -1 -1 -1 -1 -1 -1 -1 0.1512 0.1512 0.106 0.106 0.185 0.185 0.185 0.2745 0.2745 0.279 0.279 0.2805 0.2805 0.2805 0.2705 0.2705 0.2345 0.2345 0.2 0.2 0.2 0.179 0.179 0.2135 0.2135 0.2355 0.2355 0.2355 0.2255 0.2255 0.244 0.244 0.247 0.247 0.2645 0.2645 0.2645 0.26 0.26 0.237 0.237 0.237 0.237 0.237 0.2415 0.2415 0.2385 0.2385 0.245 0.245 0.245 0.238 0.238 0.24 0.24 0.237
-1 -1 -1 -1 -1 -1 -1 -1 -1 -1 -1 -1 -1 -1 -1 -1 -1 -1 -1 -1 -1 -1 -1 0.1967 0.1967 0.06 0.06 0.06 0.267 0.267 0.288 0.288 0.2735 0.2735 0.2735 0.266 0.266 0.1945 0.1945 0.1355 0.1355 0.1355 0.196 0.196 0.214 0.214 0.2195 0.2195 0.2195 0.235 0.235 0.255 0.255 0.2575 0.2575 0.2735 0.2735 0.2735 0.265 0.265 0.2435 0.2435 0.2435 0.2435 0.2435 0.263 0.263 0.276 0.276 0.2555 0.2555 0.2555 0.2445 0.2445 0.2455 0.2455 0.245
-1 -1 -1 -1 -1 -1 -1 -1 -1 -1 -1 -1 -1 -1 -1 -1 -1 -1 -1 -1 -1 -1 -1 0.1967 0.1967 0.06 0.06 0.06 0.267 0.267 0.288 0.288 0.2735 0.2735 0.2735 0.266 0.266 0.1945 0.1945 0.1355 0.1355 0.1355 0.196 0.196 0.214 0.214 0.2195 0.2195 0.2195 0.235 0.235 0.255 0.255 0.2575 0.2575 0.2735 0.2735 0.2735 0.265 0.265 0.2435 0.2435 0.2435 0.2435 0.2435 0.263 0.263 0.276 0.276 0.2555 0.2555 0.2555 0.2445 0.2445 0.2455 0.2455 0.245
-1 -1 -1 -1 -1 -1 -1 -1 -1 -1 -1 -1 -1 -1 -1 -1 -1 -1 -1 -1 -1 -1 -1 -1 -1 0.0741 0.0741 0.0741 0.144 0.144 0.2625 0.2625 0.28 0.28 0.28 0.2205 0.2205 0.141 0.141 0.1405 0.1405 0.1405 0.2055 0.2055 0.167 0.167 0.233 0.233 0.233 0.221 0.221 0.256 0.256 0.2545 0.2545 0.236 0.236 0.236 0.248 0.248 0.2635 0.2635 0.2635 0.2635 0.2635 0.249 0.249 0.273 0.273 0.2675 0.2675 0.2675 0.26 0.26 0.2655 0.2655 0.264
-1 -1 -1 -1 -1 -1 -1 -1 -1 -1 -1 -1 -1 -1 -1 -1 -1 -1 -1 -1 -1 -1 -1 -1 -1 0.0741 0.0741 0.0741 0.144 0.144 0.2625 0.2625 0.28 0.28 0.28 0.2205 0.2205 0.141 0.141 0.1405 0.1405 0.1405 0.2055 0.2055 0.167 0.167 0.233 0.233 0.233 0.221 0.221 0.256 0.256 0.2545 0.2545 0.236 0.236 0.236 0.248 0.248 0.2635 0.2635 0.2635 0.2635 0.2635 0.249 0.249 0.273 0.273 0.2675 0.2675 0.2675 0.26 0.26 0.2655 0.2655 0.264
-1 -1 -1 -1 -1 -1 -1 -1 -1 -1 -1 -1 -1 -1 -1 -1 -1 -1 -1 -1 -1 -1 -1 -1 -1 0.0887 0.0887 0.0887 0.087 0.087 0.188 0.188 0.2175 0.2175 0.2175 0.257 0.257 0.1895 0.1895 0.25 0.25 0.25 0.263 0.263 0.283 0.283 0.271 0.271 0.271 0.179 0.179 0.2255 0.2255 0.226 0.226 0.228 0.228 0.228 0.2505 0.2505 0.26 0.26 0.26 0.26 0.26 0.2535 0.2535 0.243 0.243 0.239 0.239 0.239 0.254 0.254 0.2485 0.2485 0.2465
-1 -1 -1 -1 -1 -1 -1 -1 -1 -1 -1 -1 -1 -1 -1 -1 -1 -1 -1 -1 -1 -1 -1 -1 -1 0.0887 0.0887 0.0887 0.087 0.087 0.188 0.188 0.2175 0.2175 0.2175 0.257 0.257 0.1895 0.1895 0.25 0.25 0.25 0.263 0.263 0.283 0.283 0.271 0.271 0.271 0.179 0.179 0.2255 0.2255 0.226 0.226 0.228 0.228 0.228 0.2505 0.2505 0.26 0.26 0.26 0.26 0.26 0.2535 0.2535 0.243 0.243 0.239 0.239 0.239 0.254 0.254 0.2485 0.2485 0.2465
-1 -1 -1 -1 -1 -1 -1 -1 -1 -1 -1 -1 -1 -1 -1 -1 -1 -1 -1 -1 -1 -1 -1 -1 -1 0.0887 0.0887 0.0887 0.087 0.087 0.188 0.188 0.2175 0.2175 0.2175 0.257 0.257 0.1895 0.1895 0.25 0.25 0.25 0.263 0.263 0.283 0.283 0.271 0.271 0.271 0.179 0.179 0.2255 0.2255 0.226 0.226 0.228 0.228 0.228 0.2505 0.2505 0.26 0.26 0.26 0.26 0.26 0.2535 0.2535 0.243 0.243 0.239 0.239 0.239 0.254 0.254 0.2485 0.2485 0.2465
