ndvi/NOAA-159.asc
ncols         252
nrows         154
xllcorner     -18.017974
yllcorner     13.481982
cellsize      0.035948
NODATA_value  -9999
[rows 68 to 101 of 154, columns 156 to 233 of 252]
0.1445 0.1275 0.1275 0.1275 0.1305 0.1305 0.1415 0.1415 0.1735 0.1735 0.186 0.186 0.186 0.207 0.207 0.2125 0.2125 0.2135 0.2135 0.2135 0.2175 0.2175 0.2085 0.2085 0.203 0.203 0.203 0.209 0.209 0.215 0.215 0.2085 0.2085 0.2085 0.206 0.206 0.2045 0.2045 0.2025 0.2025 0.2025 0.1955 0.1955 0.1915 0.1915 0.19 0.19 0.1965 0.1965 0.1965 0.197 0.197 0.2055 0.2055 0.2055 0.2055 0.2055 0.2155 0.2155 0.21 0.21 0.1985 0.1985 0.1985 0.1945 0.1945 0.187 0.187 0.203 0.203 0.203 0.195 0.195 0.182 0.182 0.192 0.192 0.192
0.1415 0.144 0.144 0.144 0.138 0.138 0.138 0.138 0.149 0.149 0.2085 0.2085 0.2085 0.2085 0.2085 0.2075 0.2075 0.2145 0.2145 0.2145 0.213 0.213 0.2185 0.2185 0.202 0.202 0.202 0.1965 0.1965 0.205 0.205 0.202 0.202 0.202 0.202 0.202 0.1935 0.1935 0.195 0.195 0.195 0.1895 0.1895 0.1905 0.1905 0.1955 0.1955 0.198 0.198 0.198 0.213 0.213 0.207 0.207 0.2125 0.2125 0.2125 0.2095 0.2095 0.2115 0.2115 0.1985 0.1985 0.1985 0.1895 0.1895 0.188 0.188 0.2015 0.2015 0.2015 0.1925 0.1925 0.1865 0.1865 0.2075 0.2075 0.2075
0.1415 0.144 0.144 0.144 0.138 0.138 0.138 0.138 0.149 0.149 0.2085 0.2085 0.2085 0.2085 0.2085 0.2075 0.2075 0.2145 0.2145 0.2145 0.213 0.213 0.2185 0.2185 0.202 0.202 0.202 0.1965 0.1965 0.205 0.205 0.202 0.202 0.202 0.202 0.202 0.1935 0.1935 0.195 0.195 0.195 0.1895 0.1895 0.1905 0.1905 0.1955 0.1955 0.198 0.198 0.198 0.213 0.213 0.207 0.207 0.2125 0.2125 0.2125 0.2095 0.2095 0.2115 0.2115 0.1985 0.1985 0.1985 0.1895 0.1895 0.188 0.188 0.2015 0.2015 0.2015 0.1925 0.1925 0.1865 0.1865 0.2075 0.2075 0.2075
0.1605 0.1685 0.1685 0.1685 0.1585 0.1585 0.153 0.153 0.161 0.161 0.1915 0.1915 0.1915 0.2025 0.2025 0.1935 0.1935 0.2025 0.2025 0.2025 0.206 0.206 0.195 0.195 0.1985 0.1985 0.1985 0.1975 0.1975 0.193 0.193 0.1955 0.1955 0.1955 0.198 0.198 0.201 0.201 0.1945 0.1945 0.1945 0.198 0.198 0.1955 0.1955 0.21 0.21 0.2165 0.2165 0.2165 0.2195 0.2195 0.212 0.212 0.2105 0.2105 0.2105 0.214 0.214 0.2055 0.2055 0.2105 0.2105 0.2105 0.1985 0.1985 0.192 0.192 0.194 0.194 0.194 0.203 0.203 0.211 0.211 0.214 0.214 0.214
0.1605 0.1685 0.1685 0.1685 0.1585 0.1585 0.153 0.153 0.161 0.161 0.1915 0.1915 0.1915 0.2025 0.2025 0.1935 0.1935 0.2025 0.2025 0.2025 0.206 0.206 0.195 0.195 0.1985 0.1985 0.1985 0.1975 0.1975 0.193 0.193 0.1955 0.1955 0.1955 0.198 0.198 0.201 0.201 0.1945 0.1945 0.1945 0.198 0.198 0.1955 0.1955 0.21 0.21 0.2165 0.2165 0.2165 0.2195 0.2195 0.212 0.212 0.2105 0.2105 0.2105 0.214 0.214 0.2055 0.2055 0.2105 0.2105 0.2105 0.1985 0.1985 0.192 0.192 0.194 0.194 0.194 0.203 0.203 0.211 0.211 0.214 0.214 0.214
0.1605 0.1685 0.1685 0.1685 0.1585 0.1585 0.153 0.153 0.161 0.161 0.1915 0.1915 0.1915 0.2025 0.2025 0.1935 0.1935 0.2025 0.2025 0.2025 0.206 0.206 0.195 0.195 0.1985 0.1985 0.1985 0.1975 0.1975 0.193 0.193 0.1955 0.1955 0.1955 0.198 0.198 0.201 0.201 0.1945 0.1945 0.1945 0.198 0.198 0.1955 0.1955 0.21 0.21 0.2165 0.2165 0.2165 0.2195 0.2195 0.212 0.212 0.2105 0.2105 0.2105 0.214 0.214 0.2055 0.2055 0.2105 0.2105 0.2105 0.1985 0.1985 0.192 0.192 0.194 0.194 0.194 0.203 0.203 0.211 0.211 0.214 0.214 0.214
0.167 0.17 0.17 0.17 0.1695 0.1695 0.1625 0.1625 0.1515 0.1515 0.194 0.194 0.194 0.2035 0.2035 0.1925 0.1925 0.203 0.203 0.203 0.2005 0.2005 0.193 0.193 0.2115 0.2115 0.2115 0.2075 0.2075 0.2075 0.2075 0.206 0.206 0.206 0.22 0.22 0.2185 0.2185 0.217 0.217 0.217 0.217 0.217 0.2195 0.2195 0.2145 0.2145 0.217 0.217 0.217 0.2165 0.2165 0.203 0.203 0.207 0.207 0.207 0.2085 0.2085 0.215 0.215 0.2095 0.2095 0.2095 0.205 0.205 0.184 0.184 0.198 0.198 0.198 0.2155 0.2155 0.2195 0.2195 0.218 0.218 0.218
0.167 0.17 0.17 0.17 0.1695 0.1695 0.1625 0.1625 0.1515 0.1515 0.194 0.194 0.194 0.2035 0.2035 0.1925 0.1925 0.203 0.203 0.203 0.2005 0.2005 0.193 0.193 0.2115 0.2115 0.2115 0.2075 0.2075 0.2075 0.2075 0.206 0.206 0.206 0.22 0.22 0.2185 0.2185 0.217 0.217 0.217 0.217 0.217 0.2195 0.2195 0.2145 0.2145 0.217 0.217 0.217 0.2165 0.2165 0.203 0.203 0.207 0.207 0.207 0.2085 0.2085 0.215 0.215 0.2095 0.2095 0.2095 0.205 0.205 0.184 0.184 0.198 0.198 0.198 0.2155 0.2155 0.2195 0.2195 0.218 0.218 0.218
0.156 0.164 0.164 0.164 0.159 0.159 0.154 0.154 0.166 0.166 0.1885 0.1885 0.1885 0.208 0.208 0.195 0.195 0.2145 0.2145 0.2145 0.2025 0.2025 0.21 0.21 0.222 0.222 0.222 0.2205 0.2205 0.2175 0.2175 0.2195 0.2195 0.2195 0.218 0.218 0.226 0.226 0.234 0.234 0.234 0.2335 0.2335 0.2275 0.2275 0.215 0.215 0.2225 0.2225 0.2225 0.2235 0.2235 0.2015 0.2015 0.2115 0.2115 0.2115 0.2035 0.2035 0.21 0.21 0.2135 0.2135 0.2135 0.232 0.232 0.2095 0.2095 0.208 0.208 0.208 0.208 0.208 0.2125 0.2125 0.2205 0.2205 0.2205
0.156 0.164 0.164 0.164 0.159 0.159 0.154 0.154 0.166 0.166 0.1885 0.1885 0.1885 0.208 0.208 0.195 0.195 0.2145 0.2145 0.2145 0.2025 0.2025 0.21 0.21 0.222 0.222 0.222 0.2205 0.2205 0.2175 0.2175 0.2195 0.2195 0.2195 0.218 0.218 0.226 0.226 0.234 0.234 0.234 0.2335 0.2335 0.2275 0.2275 0.215 0.215 0.2225 0.2225 0.2225 0.2235 0.2235 0.2015 0.2015 0.2115 0.2115 0.2115 0.2035 0.2035 0.21 0.21 0.2135 0.2135 0.2135 0.232 0.232 0.2095 0.2095 0.208 0.208 0.208 0.208 0.208 0.2125 0.2125 0.2205 0.2205 0.2205
0.147 0.1555 0.1555 0.1555 0.1515 0.1515 0.144 0.144 0.1575 0.1575 0.1855 0.1855 0.1855 0.195 0.195 0.187 0.187 0.195 0.195 0.195 0.194 0.194 0.2075 0.2075 0.216 0.216 0.216 0.215 0.215 0.214 0.214 0.2195 0.2195 0.2195 0.218 0.218 0.221 0.221 0.218 0.218 0.218 0.2235 0.2235 0.223 0.223 0.204 0.204 0.217 0.217 0.217 0.2215 0.2215 0.211 0.211 0.222 0.222 0.222 0.222 0.222 0.2275 0.2275 0.2325 0.2325 0.2325 0.2315 0.2315 0.223 0.223 0.221 0.221 0.221 0.208 0.208 0.2195 0.2195 0.223 0.223 0.223
0.147 0.1555 0.1555 0.1555 0.1515 0.1515 0.144 0.144 0.1575 0.1575 0.1855 0.1855 0.1855 0.195 0.195 0.187 0.187 0.195 0.195 0.195 0.194 0.194 0.2075 0.2075 0.216 0.216 0.216 0.215 0.215 0.214 0.214 0.2195 0.2195 0.2195 0.218 0.218 0.221 0.221 0.218 0.218 0.218 0.2235 0.2235 0.223 0.223 0.204 0.204 0.217 0.217 0.217 0.2215 0.2215 0.211 0.211 0.222 0.222 0.222 0.222 0.222 0.2275 0.2275 0.2325 0.2325 0.2325 0.2315 0.2315 0.223 0.223 0.221 0.221 0.221 0.208 0.208 0.2195 0.2195 0.223 0.223 0.223
0.1335 0.1505 0.1505 0.1505 0.142 0.142 0.136 0.136 0.16 0.16 0.1825 0.1825 0.1825 0.199 0.199 0.2085 0.2085 0.203 0.203 0.203 0.198 0.198 0.212 0.212 0.2175 0.2175 0.2175 0.22 0.22 0.2175 0.2175 0.213 0.213 0.213 0.2155 0.2155 0.2175 0.2175 0.22 0.22 0.22 0.2145 0.2145 0.214 0.214 0.2105 0.2105 0.231 0.231 0.231 0.221 0.221 0.2405 0.2405 0.226 0.226 0.226 0.2295 0.2295 0.2325 0.2325 0.2305 0.2305 0.2305 0.2265 0.2265 0.227 0.227 0.2125 0.2125 0.2125 0.2265 0.2265 0.2245 0.2245 0.2315 0.2315 0.2315
0.1335 0.1505 0.1505 0.1505 0.142 0.142 0.136 0.136 0.16 0.16 0.1825 0.1825 0.1825 0.199 0.199 0.2085 0.2085 0.203 0.203 0.203 0.198 0.198 0.212 0.212 0.2175 0.2175 0.2175 0.22 0.22 0.2175 0.2175 0.213 0.213 0.213 0.2155 0.2155 0.2175 0.2175 0.22 0.22 0.22 0.2145 0.2145 0.214 0.214 0.2105 0.2105 0.231 0.231 0.231 0.221 0.221 0.2405 0.2405 0.226 0.226 0.226 0.2295 0.2295 0.2325 0.2325 0.2305 0.2305 0.2305 0.2265 0.2265 0.227 0.227 0.2125 0.2125 0.2125 0.2265 0.2265 0.2245 0.2245 0.2315 0.2315 0.2315
0.1335 0.1505 0.1505 0.1505 0.142 0.142 0.136 0.136 0.16 0.16 0.1825 0.1825 0.1825 0.199 0.199 0.2085 0.2085 0.203 0.203 0.203 0.198 0.198 0.212 0.212 0.2175 0.2175 0.2175 0.22 0.22 0.2175 0.2175 0.213 0.213 0.213 0.2155 0.2155 0.2175 0.2175 0.22 0.22 0.22 0.2145 0.2145 0.214 0.214 0.2105 0.2105 0.231 0.231 0.231 0.221 0.221 0.2405 0.2405 0.226 0.226 0.226 0.2295 0.2295 0.2325 0.2325 0.2305 0.2305 0.2305 0.2265 0.2265 0.227 0.227 0.2125 0.2125 0.2125 0.2265 0.2265 0.2245 0.2245 0.2315 0.2315 0.2315
0.158 0.159 0.159 0.159 0.141 0.141 0.1455 0.1455 0.2025 0.2025 0.2015 0.2015 0.2015 0.214 0.214 0.244 0.244 0.234 0.234 0.234 0.2095 0.2095 0.2135 0.2135 0.2055 0.2055 0.2055 0.204 0.204 0.2 0.2 0.207 0.207 0.207 0.1935 0.1935 0.1995 0.1995 0.2075 0.2075 0.2075 0.213 0.213 0.2145 0.2145 0.2165 0.2165 0.2295 0.2295 0.2295 0.2415 0.2415 0.2335 0.2335 0.2275 0.2275 0.2275 0.2265 0.2265 0.2305 0.2305 0.236 0.236 0.236 0.23 0.23 0.2305 0.2305 0.2315 0.2315 0.2315 0.2285 0.2285 0.23 0.23 0.232 0.232 0.232
0.158 0.159 0.159 0.159 0.141 0.141 0.1455 0.1455 0.2025 0.2025 0.2015 0.2015 0.2015 0.214 0.214 0.244 0.244 0.234 0.234 0.234 0.2095 0.2095 0.2135 0.2135 0.2055 0.2055 0.2055 0.204 0.204 0.2 0.2 0.207 0.207 0.207 0.1935 0.1935 0.1995 0.1995 0.2075 0.2075 0.2075 0.213 0.213 0.2145 0.2145 0.2165 0.2165 0.2295 0.2295 0.2295 0.2415 0.2415 0.2335 0.2335 0.2275 0.2275 0.2275 0.2265 0.2265 0.2305 0.2305 0.236 0.236 0.236 0.23 0.23 0.2305 0.2305 0.2315 0.2315 0.2315 0.2285 0.2285 0.23 0.23 0.232 0.232 0.232
0.155 0.1485 0.1485 0.1485 0.1485 0.1485 0.1745 0.1745 0.2135 0.2135 0.2065 0.2065 0.2065 0.22 0.22 0.229 0.229 0.239 0.239 0.239 0.2305 0.2305 0.2295 0.2295 0.2065 0.2065 0.2065 0.2135 0.2135 0.1935 0.1935 0.1915 0.1915 0.1915 0.206 0.206 0.202 0.202 0.2225 0.2225 0.2225 0.2275 0.2275 0.2335 0.2335 0.236 0.236 0.232 0.232 0.232 0.2255 0.2255 0.234 0.234 0.226 0.226 0.226 0.225 0.225 0.2275 0.2275 0.237 0.237 0.237 0.2355 0.2355 0.2375 0.2375 0.24 0.24 0.24 0.241 0.241 0.243 0.243 0.235 0.235 0.235
0.155 0.1485 0.1485 0.1485 0.1485 0.1485 0.1745 0.1745 0.2135 0.2135 0.2065 0.2065 0.2065 0.22 0.22 0.229 0.229 0.239 0.239 0.239 0.2305 0.2305 0.2295 0.2295 0.2065 0.2065 0.2065 0.2135 0.2135 0.1935 0.1935 0.1915 0.1915 0.1915 0.206 0.206 0.202 0.202 0.2225 0.2225 0.2225 0.2275 0.2275 0.2335 0.2335 0.236 0.236 0.232 0.232 0.232 0.2255 0.2255 0.234 0.234 0.226 0.226 0.226 0.225 0.225 0.2275 0.2275 0.237 0.237 0.237 0.2355 0.2355 0.2375 0.2375 0.24 0.24 0.24 0.241 0.241 0.243 0.243 0.235 0.235 0.235
0.174 0.1735 0.1735 0.1735 0.153 0.153 0.161 0.161 0.219 0.219 0.218 0.218 0.218 0.207 0.207 0.2235 0.2235 0.2315 0.2315 0.2315 0.245 0.245 0.233 0.233 0.2275 0.2275 0.2275 0.2095 0.2095 0.1995 0.1995 0.205 0.205 0.205 0.21 0.21 0.2125 0.2125 0.216 0.216 0.216 0.2275 0.2275 0.225 0.225 0.239 0.239 0.231 0.231 0.231 0.233 0.233 0.223 0.223 0.2195 0.2195 0.2195 0.222 0.222 0.2165 0.2165 0.2355 0.2355 0.2355 0.2365 0.2365 0.2295 0.2295 0.233 0.233 0.233 0.2405 0.2405 0.2315 0.2315 0.2365 0.2365 0.2365
0.174 0.1735 0.1735 0.1735 0.153 0.153 0.161 0.161 0.219 0.219 0.218 0.218 0.218 0.207 0.207 0.2235 0.2235 0.2315 0.2315 0.2315 0.245 0.245 0.233 0.233 0.2275 0.2275 0.2275 0.2095 0.2095 0.1995 0.1995 0.205 0.205 0.205 0.21 0.21 0.2125 0.2125 0.216 0.216 0.216 0.2275 0.2275 0.225 0.225 0.239 0.239 0.231 0.231 0.231 0.233 0.233 0.223 0.223 0.2195 0.2195 0.2195 0.222 0.222 0.2165 0.2165 0.2355 0.2355 0.2355 0.2365 0.2365 0.2295 0.2295 0.233 0.233 0.233 0.2405 0.2405 0.2315 0.2315 0.2365 0.2365 0.2365
0.174 0.1735 0.1735 0.1735 0.153 0.153 0.161 0.161 0.219 0.219 0.218 0.218 0.218 0.207 0.207 0.2235 0.2235 0.2315 0.2315 0.2315 0.245 0.245 0.233 0.233 0.2275 0.2275 0.2275 0.2095 0.2095 0.1995 0.1995 0.205 0.205 0.205 0.21 0.21 0.2125 0.2125 0.216 0.216 0.216 0.2275 0.2275 0.225 0.225 0.239 0.239 0.231 0.231 0.231 0.233 0.233 0.223 0.223 0.2195 0.2195 0.2195 0.222 0.222 0.2165 0.2165 0.2355 0.2355 0.2355 0.2365 0.2365 0.2295 0.2295 0.233 0.233 0.233 0.2405 0.2405 0.2315 0.2315 0.2365 0.2365 0.2365
0.1725 0.18 0.18 0.18 0.179 0.179 0.1895 0.1895 0.215 0.215 0.2245 0.2245 0.2245 0.2245 0.2245 0.243 0.243 0.234 0.234 0.234 0.223 0.223 0.219 0.219 0.221 0.221 0.221 0.202 0.202 0.2045 0.2045 0.205 0.205 0.205 0.232 0.232 0.2315 0.2315 0.235 0.235 0.235 0.23 0.23 0.2335 0.2335 0.2305 0.2305 0.231 0.231 0.231 0.229 0.229 0.2195 0.2195 0.228 0.228 0.228 0.2195 0.2195 0.218 0.218 0.2125 0.2125 0.2125 0.2375 0.2375 0.2285 0.2285 0.2275 0.2275 0.2275 0.2415 0.2415 0.238 0.238 0.2335 0.2335 0.2335
0.1725 0.18 0.18 0.18 0.179 0.179 0.1895 0.1895 0.215 0.215 0.2245 0.2245 0.2245 0.2245 0.2245 0.243 0.243 0.234 0.234 0.234 0.223 0.223 0.219 0.219 0.221 0.221 0.221 0.202 0.202 0.2045 0.2045 0.205 0.205 0.205 0.232 0.232 0.2315 0.2315 0.235 0.235 0.235 0.23 0.23 0.2335 0.2335 0.2305 0.2305 0.231 0.231 0.231 0.229 0.229 0.2195 0.2195 0.228 0.228 0.228 0.2195 0.2195 0.218 0.218 0.2125 0.2125 0.2125 0.2375 0.2375 0.2285 0.2285 0.2275 0.2275 0.2275 0.2415 0.2415 0.238 0.238 0.2335 0.2335 0.2335
0.1785 0.186 0.186 0.186 0.1705 0.1705 0.1845 0.1845 0.21 0.21 0.2135 0.2135 0.2135 0.2285 0.2285 0.2325 0.2325 0.232 0.232 0.232 0.241 0.241 0.2425 0.2425 0.207 0.207 0.207 0.201 0.201 0.212 0.212 0.208 0.208 0.208 0.2355 0.2355 0.244 0.244 0.231 0.231 0.231 0.2345 0.2345 0.2305 0.2305 0.235 0.235 0.2265 0.2265 0.2265 0.2265 0.2265 0.231 0.231 0.2215 0.2215 0.2215 0.2305 0.2305 0.2195 0.2195 0.231 0.231 0.231 0.2375 0.2375 0.2305 0.2305 0.2345 0.2345 0.2345 0.241 0.241 0.2435 0.2435 0.238 0.238 0.238
0.1785 0.186 0.186 0.186 0.1705 0.1705 0.1845 0.1845 0.21 0.21 0.2135 0.2135 0.2135 0.2285 0.2285 0.2325 0.2325 0.232 0.232 0.232 0.241 0.241 0.2425 0.2425 0.207 0.207 0.207 0.201 0.201 0.212 0.212 0.208 0.208 0.208 0.2355 0.2355 0.244 0.244 0.231 0.231 0.231 0.2345 0.2345 0.2305 0.2305 0.235 0.235 0.2265 0.2265 0.2265 0.2265 0.2265 0.231 0.231 0.2215 0.2215 0.2215 0.2305 0.2305 0.2195 0.2195 0.231 0.231 0.231 0.2375 0.2375 0.2305 0.2305 0.2345 0.2345 0.2345 0.241 0.241 0.2435 0.2435 0.238 0.238 0.238
0.1795 0.2055 0.2055 0.2055 0.2045 0.2045 0.201 0.201 0.206 0.206 0.2265 0.2265 0.2265 0.214 0.214 0.22 0.22 0.2185 0.2185 0.2185 0.2195 0.2195 0.2155 0.2155 0.204 0.204 0.204 0.206 0.206 0.22 0.22 0.235 0.235 0.235 0.2395 0.2395 0.2395 0.2395 0.246 0.246 0.246 0.2405 0.2405 0.243 0.243 0.2455 0.2455 0.233 0.233 0.233 0.2255 0.2255 0.219 0.219 0.2295 0.2295 0.2295 0.23 0.23 0.217 0.217 0.237 0.237 0.237 0.229 0.229 0.229 0.229 0.2305 0.2305 0.2305 0.233 0.233 0.2475 0.2475 0.2475 0.2475 0.2475
0.1795 0.2055 0.2055 0.2055 0.2045 0.2045 0.201 0.201 0.206 0.206 0.2265 0.2265 0.2265 0.214 0.214 0.22 0.22 0.2185 0.2185 0.2185 0.2195 0.2195 0.2155 0.2155 0.204 0.204 0.204 0.206 0.206 0.22 0.22 0.235 0.235 0.235 0.2395 0.2395 0.2395 0.2395 0.246 0.246 0.246 0.2405 0.2405 0.243 0.243 0.2455 0.2455 0.233 0.233 0.233 0.2255 0.2255 0.219 0.219 0.2295 0.2295 0.2295 0.23 0.23 0.217 0.217 0.237 0.237 0.237 0.229 0.229 0.229 0.229 0.2305 0.2305 0.2305 0.233 0.233 0.2475 0.2475 0.2475 0.2475 0.2475
0.1795 0.2055 0.2055 0.2055 0.2045 0.2045 0.201 0.201 0.206 0.206 0.2265 0.2265 0.2265 0.214 0.214 0.22 0.22 0.2185 0.2185 0.2185 0.2195 0.2195 0.2155 0.2155 0.204 0.204 0.204 0.206 0.206 0.22 0.22 0.235 0.235 0.235 0.2395 0.2395 0.2395 0.2395 0.246 0.246 0.246 0.2405 0.2405 0.243 0.243 0.2455 0.2455 0.233 0.233 0.233 0.2255 0.2255 0.219 0.219 0.2295 0.2295 0.2295 0.23 0.23 0.217 0.217 0.237 0.237 0.237 0.229 0.229 0.229 0.229 0.2305 0.2305 0.2305 0.233 0.233 0.2475 0.2475 0.2475 0.2475 0.2475
0.1805 0.201 0.201 0.201 0.208 0.208 0.206 0.206 0.201 0.201 0.2045 0.2045 0.2045 0.2065 0.2065 0.2 0.2 0.2225 0.2225 0.2225 0.1995 0.1995 0.197 0.197 0.2085 0.2085 0.2085 0.218 0.218 0.2205 0.2205 0.228 0.228 0.228 0.227 0.227 0.2455 0.2455 0.242 0.242 0.242 0.2375 0.2375 0.244 0.244 0.243 0.243 0.2245 0.2245 0.2245 0.239 0.239 0.209 0.209 0.208 0.208 0.208 0.2415 0.2415 0.2305 0.2305 0.2295 0.2295 0.2295 0.214 0.214 0.2225 0.2225 0.225 0.225 0.225 0.2285 0.2285 0.2615 0.2615 0.233 0.233 0.233
0.1805 0.201 0.201 0.201 0.208 0.208 0.206 0.206 0.201 0.201 0.2045 0.2045 0.2045 0.2065 0.2065 0.2 0.2 0.2225 0.2225 0.2225 0.1995 0.1995 0.197 0.197 0.2085 0.2085 0.2085 0.218 0.218 0.2205 0.2205 0.228 0.228 0.228 0.227 0.227 0.2455 0.2455 0.242 0.242 0.242 0.2375 0.2375 0.244 0.244 0.243 0.243 0.2245 0.2245 0.2245 0.239 0.239 0.209 0.209 0.208 0.208 0.208 0.2415 0.2415 0.2305 0.2305 0.2295 0.2295 0.2295 0.214 0.214 0.2225 0.2225 0.225 0.225 0.225 0.2285 0.2285 0.2615 0.2615 0.233 0.233 0.233
0.2085 0.206 0.206 0.206 0.1925 0.1925 0.209 0.209 0.2085 0.2085 0.1955 0.1955 0.1955 0.1905 0.1905 0.226 0.226 0.242 0.242 0.242 0.236 0.236 0.2215 0.2215 0.222 0.222 0.222 0.224 0.224 0.2285 0.2285 0.2295 0.2295 0.2295 0.222 0.222 0.225 0.225 0.2405 0.2405 0.2405 0.239 0.239 0.2285 0.2285 0.241 0.241 0.243 0.243 0.243 0.226 0.226 0.2075 0.2075 0.2145 0.2145 0.2145 0.205 0.205 0.2105 0.2105 0.2115 0.2115 0.2115 0.201 0.201 0.2 0.2 0.2075 0.2075 0.2075 0.2195 0.2195 0.232 0.232 0.215 0.215 0.215
0.2085 0.206 0.206 0.206 0.1925 0.1925 0.209 0.209 0.2085 0.2085 0.1955 0.1955 0.1955 0.1905 0.1905 0.226 0.226 0.242 0.242 0.242 0.236 0.236 0.2215 0.2215 0.222 0.222 0.222 0.224 0.224 0.2285 0.2285 0.2295 0.2295 0.2295 0.222 0.222 0.225 0.225 0.2405 0.2405 0.2405 0.239 0.239 0.2285 0.2285 0.241 0.241 0.243 0.243 0.243 0.226 0.226 0.2075 0.2075 0.2145 0.2145 0.2145 0.205 0.205 0.2105 0.2105 0.2115 0.2115 0.2115 0.201 0.201 0.2 0.2 0.2075 0.2075 0.2075 0.2195 0.2195 0.232 0.232 0.215 0.215 0.215
0.204 0.192 0.192 0.192 0.1765 0.1765 0.2075 0.2075 0.225 0.225 0.221 0.221 0.221 0.232 0.232 0.2315 0.2315 0.243 0.243 0.243 0.2325 0.2325 0.2275 0.2275 0.234 0.234 0.234 0.2195 0.2195 0.223 0.223 0.215 0.215 0.215 0.2215 0.2215 0.2335 0.2335 0.2245 0.2245 0.2245 0.226 0.226 0.2305 0.2305 0.2355 0.2355 0.231 0.231 0.231 0.2175 0.2175 0.211 0.211 0.1985 0.1985 0.1985 0.2 0.2 0.1955 0.1955 0.202 0.202 0.202 0.2015 0.2015 0.2045 0.2045 0.212 0.212 0.212 0.203 0.203 0.2145 0.2145 0.2005 0.2005 0.2005
