ndvi/NOAA-216.asc
ncols         252
nrows         154
xllcorner     -18.017974
yllcorner     13.481982
cellsize      0.035948
NODATA_value  -9999
[rows 102 to 135 of 154, columns 154 to 230 of 252]
0.2705 0.2335 0.2335 0.2375 0.2375 0.2375 0.218 0.218 0.2765 0.2765 0.267 0.267 0.272 0.272 0.272 0.3 0.3 0.2925 0.2925 0.2775 0.2775 0.2775 0.2755 0.2755 0.253 0.253 0.265 0.265 0.265 0.271 0.271 0.2725 0.2725 0.27 0.27 0.27 0.266 0.266 0.2745 0.2745 0.2935 0.2935 0.2935 0.287 0.287 0.28 0.28 0.305 0.305 0.2665 0.2665 0.2665 0.2425 0.2425 0.235 0.235 0.22 0.22 0.22 0.222 0.222 0.2395 0.2395 0.258 0.258 0.258 0.248 0.248 0.2405 0.2405 0.28 0.28 0.28 0.279 0.279 0.302 0.302
0.28 0.2645 0.2645 0.2495 0.2495 0.2495 0.234 0.234 0.2595 0.2595 0.2585 0.2585 0.2705 0.2705 0.2705 0.265 0.265 0.2695 0.2695 0.2625 0.2625 0.2625 0.2565 0.2565 0.2495 0.2495 0.2635 0.2635 0.2635 0.2845 0.2845 0.279 0.279 0.267 0.267 0.267 0.2735 0.2735 0.2865 0.2865 0.2685 0.2685 0.2685 0.293 0.293 0.309 0.309 0.3865 0.3865 0.3345 0.3345 0.3345 0.2975 0.2975 0.25 0.25 0.2515 0.2515 0.2515 0.2365 0.2365 0.251 0.251 0.325 0.325 0.325 0.295 0.295 0.2775 0.2775 0.271 0.271 0.271 0.327 0.327 0.3015 0.3015
0.28 0.2645 0.2645 0.2495 0.2495 0.2495 0.234 0.234 0.2595 0.2595 0.2585 0.2585 0.2705 0.2705 0.2705 0.265 0.265 0.2695 0.2695 0.2625 0.2625 0.2625 0.2565 0.2565 0.2495 0.2495 0.2635 0.2635 0.2635 0.2845 0.2845 0.279 0.279 0.267 0.267 0.267 0.2735 0.2735 0.2865 0.2865 0.2685 0.2685 0.2685 0.293 0.293 0.309 0.309 0.3865 0.3865 0.3345 0.3345 0.3345 0.2975 0.2975 0.25 0.25 0.2515 0.2515 0.2515 0.2365 0.2365 0.251 0.251 0.325 0.325 0.325 0.295 0.295 0.2775 0.2775 0.271 0.271 0.271 0.327 0.327 0.3015 0.3015
0.28 0.2645 0.2645 0.2495 0.2495 0.2495 0.234 0.234 0.2595 0.2595 0.2585 0.2585 0.2705 0.2705 0.2705 0.265 0.265 0.2695 0.2695 0.2625 0.2625 0.2625 0.2565 0.2565 0.2495 0.2495 0.2635 0.2635 0.2635 0.2845 0.2845 0.279 0.279 0.267 0.267 0.267 0.2735 0.2735 0.2865 0.2865 0.2685 0.2685 0.2685 0.293 0.293 0.309 0.309 0.3865 0.3865 0.3345 0.3345 0.3345 0.2975 0.2975 0.25 0.25 0.2515 0.2515 0.2515 0.2365 0.2365 0.251 0.251 0.325 0.325 0.325 0.295 0.295 0.2775 0.2775 0.271 0.271 0.271 0.327 0.327 0.3015 0.3015
0.2535 0.292 0.292 0.292 0.292 0.292 0.2435 0.2435 0.265 0.265 0.282 0.282 0.263 0.263 0.263 0.2775 0.2775 0.27 0.27 0.2615 0.2615 0.2615 0.2555 0.2555 0.2625 0.2625 0.2715 0.2715 0.2715 0.261 0.261 0.2925 0.2925 0.3025 0.3025 0.3025 0.291 0.291 0.2905 0.2905 0.34 0.34 0.34 0.3805 0.3805 0.3625 0.3625 0.312 0.312 0.326 0.326 0.326 0.431 0.431 0.433 0.433 0.2965 0.2965 0.2965 0.2425 0.2425 0.265 0.265 0.3005 0.3005 0.3005 0.2915 0.2915 0.2755 0.2755 0.2955 0.2955 0.2955 0.329 0.329 0.3315 0.3315
0.2535 0.292 0.292 0.292 0.292 0.292 0.2435 0.2435 0.265 0.265 0.282 0.282 0.263 0.263 0.263 0.2775 0.2775 0.27 0.27 0.2615 0.2615 0.2615 0.2555 0.2555 0.2625 0.2625 0.2715 0.2715 0.2715 0.261 0.261 0.2925 0.2925 0.3025 0.3025 0.3025 0.291 0.291 0.2905 0.2905 0.34 0.34 0.34 0.3805 0.3805 0.3625 0.3625 0.312 0.312 0.326 0.326 0.326 0.431 0.431 0.433 0.433 0.2965 0.2965 0.2965 0.2425 0.2425 0.265 0.265 0.3005 0.3005 0.3005 0.2915 0.2915 0.2755 0.2755 0.2955 0.2955 0.2955 0.329 0.329 0.3315 0.3315
0.3 0.2825 0.2825 0.2855 0.2855 0.2855 0.2785 0.2785 0.3025 0.3025 0.284 0.284 0.283 0.283 0.283 0.264 0.264 0.2595 0.2595 0.2665 0.2665 0.2665 0.261 0.261 0.258 0.258 0.28 0.28 0.28 0.2665 0.2665 0.292 0.292 0.2985 0.2985 0.2985 0.4115 0.4115 0.357 0.357 0.3365 0.3365 0.3365 0.3205 0.3205 0.2915 0.2915 0.277 0.277 0.286 0.286 0.286 0.3035 0.3035 0.39 0.39 0.354 0.354 0.354 0.28 0.28 0.3115 0.3115 0.281 0.281 0.281 0.296 0.296 0.314 0.314 0.3165 0.3165 0.3165 0.3155 0.3155 0.3255 0.3255
0.3 0.2825 0.2825 0.2855 0.2855 0.2855 0.2785 0.2785 0.3025 0.3025 0.284 0.284 0.283 0.283 0.283 0.264 0.264 0.2595 0.2595 0.2665 0.2665 0.2665 0.261 0.261 0.258 0.258 0.28 0.28 0.28 0.2665 0.2665 0.292 0.292 0.2985 0.2985 0.2985 0.4115 0.4115 0.357 0.357 0.3365 0.3365 0.3365 0.3205 0.3205 0.2915 0.2915 0.277 0.277 0.286 0.286 0.286 0.3035 0.3035 0.39 0.39 0.354 0.354 0.354 0.28 0.28 0.3115 0.3115 0.281 0.281 0.281 0.296 0.296 0.314 0.314 0.3165 0.3165 0.3165 0.3155 0.3155 0.3255 0.3255
0.2975 0.3145 0.3145 0.2825 0.2825 0.2825 0.314 0.314 0.2905 0.2905 0.281 0.281 0.2785 0.2785 0.2785 0.327 0.327 0.306 0.306 0.276 0.276 0.276 0.2775 0.2775 0.2665 0.2665 0.2775 0.2775 0.2775 0.2775 0.2775 0.3095 0.3095 0.291 0.291 0.291 0.3245 0.3245 0.3115 0.3115 0.302 0.302 0.302 0.292 0.292 0.325 0.325 0.3275 0.3275 0.288 0.288 0.288 0.2845 0.2845 0.28 0.28 0.291 0.291 0.291 0.287 0.287 0.2885 0.2885 0.299 0.299 0.299 0.2995 0.2995 0.29 0.29 0.3045 0.3045 0.3045 0.3305 0.3305 0.3405 0.3405
0.2975 0.3145 0.3145 0.2825 0.2825 0.2825 0.314 0.314 0.2905 0.2905 0.281 0.281 0.2785 0.2785 0.2785 0.327 0.327 0.306 0.306 0.276 0.276 0.276 0.2775 0.2775 0.2665 0.2665 0.2775 0.2775 0.2775 0.2775 0.2775 0.3095 0.3095 0.291 0.291 0.291 0.3245 0.3245 0.3115 0.3115 0.302 0.302 0.302 0.292 0.292 0.325 0.325 0.3275 0.3275 0.288 0.288 0.288 0.2845 0.2845 0.28 0.28 0.291 0.291 0.291 0.287 0.287 0.2885 0.2885 0.299 0.299 0.299 0.2995 0.2995 0.29 0.29 0.3045 0.3045 0.3045 0.3305 0.3305 0.3405 0.3405
0.2975 0.3145 0.3145 0.2825 0.2825 0.2825 0.314 0.314 0.2905 0.2905 0.281 0.281 0.2785 0.2785 0.2785 0.327 0.327 0.306 0.306 0.276 0.276 0.276 0.2775 0.2775 0.2665 0.2665 0.2775 0.2775 0.2775 0.2775 0.2775 0.3095 0.3095 0.291 0.291 0.291 0.3245 0.3245 0.3115 0.3115 0.302 0.302 0.302 0.292 0.292 0.325 0.325 0.3275 0.3275 0.288 0.288 0.288 0.2845 0.2845 0.28 0.28 0.291 0.291 0.291 0.287 0.287 0.2885 0.2885 0.299 0.299 0.299 0.2995 0.2995 0.29 0.29 0.3045 0.3045 0.3045 0.3305 0.3305 0.3405 0.3405
0.279 0.291 0.291 0.3015 0.3015 0.3015 0.2805 0.2805 0.289 0.289 0.277 0.277 0.2925 0.2925 0.2925 0.337 0.337 0.3085 0.3085 0.277 0.277 0.277 0.275 0.275 0.2595 0.2595 0.281 0.281 0.281 0.263 0.263 0.307 0.307 0.344 0.344 0.344 0.327 0.327 0.2945 0.2945 0.3155 0.3155 0.3155 0.2915 0.2915 0.294 0.294 0.307 0.307 0.2905 0.2905 0.2905 0.3095 0.3095 0.3325 0.3325 0.326 0.326 0.326 0.294 0.294 0.301 0.301 0.2905 0.2905 0.2905 0.2895 0.2895 0.2835 0.2835 0.296 0.296 0.296 0.309 0.309 0.349 0.349
0.279 0.291 0.291 0.3015 0.3015 0.3015 0.2805 0.2805 0.289 0.289 0.277 0.277 0.2925 0.2925 0.2925 0.337 0.337 0.3085 0.3085 0.277 0.277 0.277 0.275 0.275 0.2595 0.2595 0.281 0.281 0.281 0.263 0.263 0.307 0.307 0.344 0.344 0.344 0.327 0.327 0.2945 0.2945 0.3155 0.3155 0.3155 0.2915 0.2915 0.294 0.294 0.307 0.307 0.2905 0.2905 0.2905 0.3095 0.3095 0.3325 0.3325 0.326 0.326 0.326 0.294 0.294 0.301 0.301 0.2905 0.2905 0.2905 0.2895 0.2895 0.2835 0.2835 0.296 0.296 0.296 0.309 0.309 0.349 0.349
0.2695 0.2765 0.2765 0.276 0.276 0.276 0.307 0.307 0.2695 0.2695 0.279 0.279 0.322 0.322 0.322 0.2745 0.2745 0.285 0.285 0.2835 0.2835 0.2835 0.272 0.272 0.268 0.268 0.281 0.281 0.281 0.282 0.282 0.2975 0.2975 0.356 0.356 0.356 0.3215 0.3215 0.271 0.271 0.291 0.291 0.291 0.2785 0.2785 0.3125 0.3125 0.3155 0.3155 0.316 0.316 0.316 0.321 0.321 0.3175 0.3175 0.3255 0.3255 0.3255 0.362 0.362 0.3205 0.3205 0.3155 0.3155 0.3155 0.314 0.314 0.31 0.31 0.291 0.291 0.291 0.3045 0.3045 0.342 0.342
0.2695 0.2765 0.2765 0.276 0.276 0.276 0.307 0.307 0.2695 0.2695 0.279 0.279 0.322 0.322 0.322 0.2745 0.2745 0.285 0.285 0.2835 0.2835 0.2835 0.272 0.272 0.268 0.268 0.281 0.281 0.281 0.282 0.282 0.2975 0.2975 0.356 0.356 0.356 0.3215 0.3215 0.271 0.271 0.291 0.291 0.291 0.2785 0.2785 0.3125 0.3125 0.3155 0.3155 0.316 0.316 0.316 0.321 0.321 0.3175 0.3175 0.3255 0.3255 0.3255 0.362 0.362 0.3205 0.3205 0.3155 0.3155 0.3155 0.314 0.314 0.31 0.31 0.291 0.291 0.291 0.3045 0.3045 0.342 0.342
0.2815 0.2925 0.2925 0.273 0.273 0.273 0.2805 0.2805 0.283 0.283 0.306 0.306 0.2945 0.2945 0.2945 0.2875 0.2875 0.294 0.294 0.2755 0.2755 0.2755 0.282 0.282 0.273 0.273 0.267 0.267 0.267 0.3065 0.3065 0.3135 0.3135 0.3115 0.3115 0.3115 0.2755 0.2755 0.289 0.289 0.292 0.292 0.292 0.4235 0.4235 0.395 0.395 0.4175 0.4175 0.348 0.348 0.348 0.3565 0.3565 0.337 0.337 0.332 0.332 0.332 0.352 0.352 0.355 0.355 0.3535 0.3535 0.3535 0.3395 0.3395 0.317 0.317 0.3535 0.3535 0.3535 0.2865 0.2865 0.342 0.342
0.2815 0.2925 0.2925 0.273 0.273 0.273 0.2805 0.2805 0.283 0.283 0.306 0.306 0.2945 0.2945 0.2945 0.2875 0.2875 0.294 0.294 0.2755 0.2755 0.2755 0.282 0.282 0.273 0.273 0.267 0.267 0.267 0.3065 0.3065 0.3135 0.3135 0.3115 0.3115 0.3115 0.2755 0.2755 0.289 0.289 0.292 0.292 0.292 0.4235 0.4235 0.395 0.395 0.4175 0.4175 0.348 0.348 0.348 0.3565 0.3565 0.337 0.337 0.332 0.332 0.332 0.352 0.352 0.355 0.355 0.3535 0.3535 0.3535 0.3395 0.3395 0.317 0.317 0.3535 0.3535 0.3535 0.2865 0.2865 0.342 0.342
0.2815 0.2925 0.2925 0.273 0.273 0.273 0.2805 0.2805 0.283 0.283 0.306 0.306 0.2945 0.2945 0.2945 0.2875 0.2875 0.294 0.294 0.2755 0.2755 0.2755 0.282 0.282 0.273 0.273 0.267 0.267 0.267 0.3065 0.3065 0.3135 0.3135 0.3115 0.3115 0.3115 0.2755 0.2755 0.289 0.289 0.292 0.292 0.292 0.4235 0.4235 0.395 0.395 0.4175 0.4175 0.348 0.348 0.348 0.3565 0.3565 0.337 0.337 0.332 0.332 0.332 0.352 0.352 0.355 0.355 0.3535 0.3535 0.3535 0.3395 0.3395 0.317 0.317 0.3535 0.3535 0.3535 0.2865 0.2865 0.342 0.342
0.287 0.283 0.283 0.288 0.288 0.288 0.303 0.303 0.2695 0.2695 0.2755 0.2755 0.3125 0.3125 0.3125 0.3035 0.3035 0.3235 0.3235 0.338 0.338 0.338 0.3165 0.3165 0.315 0.315 0.2955 0.2955 0.2955 0.261 0.261 0.292 0.292 0.2685 0.2685 0.2685 0.4065 0.4065 0.3845 0.3845 0.4405 0.4405 0.4405 0.424 0.424 0.3615 0.3615 0.3205 0.3205 0.3855 0.3855 0.3855 0.34 0.34 0.3495 0.3495 0.3575 0.3575 0.3575 0.3355 0.3355 0.3375 0.3375 0.33 0.33 0.33 0.377 0.377 0.364 0.364 0.323 0.323 0.323 0.3005 0.3005 0.3175 0.3175
0.287 0.283 0.283 0.288 0.288 0.288 0.303 0.303 0.2695 0.2695 0.2755 0.2755 0.3125 0.3125 0.3125 0.3035 0.3035 0.3235 0.3235 0.338 0.338 0.338 0.3165 0.3165 0.315 0.315 0.2955 0.2955 0.2955 0.261 0.261 0.292 0.292 0.2685 0.2685 0.2685 0.4065 0.4065 0.3845 0.3845 0.4405 0.4405 0.4405 0.424 0.424 0.3615 0.3615 0.3205 0.3205 0.3855 0.3855 0.3855 0.34 0.34 0.3495 0.3495 0.3575 0.3575 0.3575 0.3355 0.3355 0.3375 0.3375 0.33 0.33 0.33 0.377 0.377 0.364 0.364 0.323 0.323 0.323 0.3005 0.3005 0.3175 0.3175
0.303 0.298 0.298 0.296 0.296 0.296 0.2735 0.2735 0.2855 0.2855 0.298 0.298 0.3125 0.3125 0.3125 0.3565 0.3565 0.309 0.309 0.3285 0.3285 0.3285 0.351 0.351 0.3235 0.3235 0.297 0.297 0.297 0.2665 0.2665 0.2935 0.2935 0.332 0.332 0.332 0.321 0.321 0.368 0.368 0.418 0.418 0.418 0.3505 0.3505 0.3305 0.3305 0.3415 0.3415 0.365 0.365 0.365 0.3515 0.3515 0.378 0.378 0.357 0.357 0.357 0.3175 0.3175 0.3385 0.3385 0.341 0.341 0.341 0.3265 0.3265 0.335 0.335 0.3545 0.3545 0.3545 0.352 0.352 0.3475 0.3475
0.303 0.298 0.298 0.296 0.296 0.296 0.2735 0.2735 0.2855 0.2855 0.298 0.298 0.3125 0.3125 0.3125 0.3565 0.3565 0.309 0.309 0.3285 0.3285 0.3285 0.351 0.351 0.3235 0.3235 0.297 0.297 0.297 0.2665 0.2665 0.2935 0.2935 0.332 0.332 0.332 0.321 0.321 0.368 0.368 0.418 0.418 0.418 0.3505 0.3505 0.3305 0.3305 0.3415 0.3415 0.365 0.365 0.365 0.3515 0.3515 0.378 0.378 0.357 0.357 0.357 0.3175 0.3175 0.3385 0.3385 0.341 0.341 0.341 0.3265 0.3265 0.335 0.335 0.3545 0.3545 0.3545 0.352 0.352 0.3475 0.3475
0.326 0.311 0.311 0.302 0.302 0.302 0.304 0.304 0.306 0.306 0.3185 0.3185 0.3405 0.3405 0.3405 0.3505 0.3505 0.3415 0.3415 0.3525 0.3525 0.3525 0.3305 0.3305 0.3395 0.3395 0.3205 0.3205 0.3205 0.31 0.31 0.344 0.344 0.301 0.301 0.301 0.3095 0.3095 0.3055 0.3055 0.3225 0.3225 0.3225 0.363 0.363 0.3345 0.3345 0.33 0.33 0.3645 0.3645 0.3645 0.359 0.359 0.3595 0.3595 0.3675 0.3675 0.3675 0.376 0.376 0.3335 0.3335 0.336 0.336 0.336 0.334 0.334 0.3535 0.3535 0.313 0.313 0.313 0.3265 0.3265 0.3365 0.3365
0.326 0.311 0.311 0.302 0.302 0.302 0.304 0.304 0.306 0.306 0.3185 0.3185 0.3405 0.3405 0.3405 0.3505 0.3505 0.3415 0.3415 0.3525 0.3525 0.3525 0.3305 0.3305 0.3395 0.3395 0.3205 0.3205 0.3205 0.31 0.31 0.344 0.344 0.301 0.301 0.301 0.3095 0.3095 0.3055 0.3055 0.3225 0.3225 0.3225 0.363 0.363 0.3345 0.3345 0.33 0.33 0.3645 0.3645 0.3645 0.359 0.359 0.3595 0.3595 0.3675 0.3675 0.3675 0.376 0.376 0.3335 0.3335 0.336 0.336 0.336 0.334 0.334 0.3535 0.3535 0.313 0.313 0.313 0.3265 0.3265 0.3365 0.3365
0.329 0.335 0.335 0.3125 0.3125 0.3125 0.3105 0.3105 0.3245 0.3245 0.3425 0.3425 0.316 0.316 0.316 0.344 0.344 0.314 0.314 0.3315 0.3315 0.3315 0.3295 0.3295 0.323 0.323 0.323 0.323 0.323 0.328 0.328 0.344 0.344 0.291 0.291 0.291 0.285 0.285 0.3335 0.3335 0.3435 0.3435 0.3435 0.382 0.382 0.377 0.377 0.3975 0.3975 0.3705 0.3705 0.3705 0.345 0.345 0.342 0.342 0.384 0.384 0.384 0.3365 0.3365 0.3525 0.3525 0.3495 0.3495 0.3495 0.353 0.353 0.341 0.341 0.3395 0.3395 0.3395 0.329 0.329 0.317 0.317
0.329 0.335 0.335 0.3125 0.3125 0.3125 0.3105 0.3105 0.3245 0.3245 0.3425 0.3425 0.316 0.316 0.316 0.344 0.344 0.314 0.314 0.3315 0.3315 0.3315 0.3295 0.3295 0.323 0.323 0.323 0.323 0.323 0.328 0.328 0.344 0.344 0.291 0.291 0.291 0.285 0.285 0.3335 0.3335 0.3435 0.3435 0.3435 0.382 0.382 0.377 0.377 0.3975 0.3975 0.3705 0.3705 0.3705 0.345 0.345 0.342 0.342 0.384 0.384 0.384 0.3365 0.3365 0.3525 0.3525 0.3495 0.3495 0.3495 0.353 0.353 0.341 0.341 0.3395 0.3395 0.3395 0.329 0.329 0.317 0.317
0.329 0.335 0.335 0.3125 0.3125 0.3125 0.3105 0.3105 0.3245 0.3245 0.3425 0.3425 0.316 0.316 0.316 0.344 0.344 0.314 0.314 0.3315 0.3315 0.3315 0.3295 0.3295 0.323 0.323 0.323 0.323 0.323 0.328 0.328 0.344 0.344 0.291 0.291 0.291 0.285 0.285 0.3335 0.3335 0.3435 0.3435 0.3435 0.382 0.382 0.377 0.377 0.3975 0.3975 0.3705 0.3705 0.3705 0.345 0.345 0.342 0.342 0.384 0.384 0.384 0.3365 0.3365 0.3525 0.3525 0.3495 0.3495 0.3495 0.353 0.353 0.341 0.341 0.3395 0.3395 0.3395 0.329 0.329 0.317 0.317
0.3185 0.319 0.319 0.3075 0.3075 0.3075 0.328 0.328 0.319 0.319 0.3685 0.3685 0.334 0.334 0.334 0.3285 0.3285 0.345 0.345 0.314 0.314 0.314 0.3045 0.3045 0.335 0.335 0.3305 0.3305 0.3305 0.3355 0.3355 0.343 0.343 0.291 0.291 0.291 0.3315 0.3315 0.326 0.326 0.327 0.327 0.327 0.355 0.355 0.431 0.431 0.407 0.407 0.3845 0.3845 0.3845 0.3925 0.3925 0.371 0.371 0.3555 0.3555 0.3555 0.3505 0.3505 0.341 0.341 0.3675 0.3675 0.3675 0.332 0.332 0.349 0.349 0.3525 0.3525 0.3525 0.3375 0.3375 0.352 0.352
0.3185 0.319 0.319 0.3075 0.3075 0.3075 0.328 0.328 0.319 0.319 0.3685 0.3685 0.334 0.334 0.334 0.3285 0.3285 0.345 0.345 0.314 0.314 0.314 0.3045 0.3045 0.335 0.335 0.3305 0.3305 0.3305 0.3355 0.3355 0.343 0.343 0.291 0.291 0.291 0.3315 0.3315 0.326 0.326 0.327 0.327 0.327 0.355 0.355 0.431 0.431 0.407 0.407 0.3845 0.3845 0.3845 0.3925 0.3925 0.371 0.371 0.3555 0.3555 0.3555 0.3505 0.3505 0.341 0.341 0.3675 0.3675 0.3675 0.332 0.332 0.349 0.349 0.3525 0.3525 0.3525 0.3375 0.3375 0.352 0.352
0.3495 0.3255 0.3255 0.325 0.325 0.325 0.331 0.331 0.3255 0.3255 0.344 0.344 0.3535 0.3535 0.3535 0.3865 0.3865 0.3445 0.3445 0.339 0.339 0.339 0.327 0.327 0.338 0.338 0.3425 0.3425 0.3425 0.3295 0.3295 0.3205 0.3205 0.3385 0.3385 0.3385 0.362 0.362 0.339 0.339 0.3235 0.3235 0.3235 0.373 0.373 0.4125 0.4125 0.3965 0.3965 0.385 0.385 0.385 0.3705 0.3705 0.391 0.391 0.3635 0.3635 0.3635 0.4075 0.4075 0.3775 0.3775 0.3775 0.3775 0.3775 0.351 0.351 0.3545 0.3545 0.362 0.362 0.362 0.356 0.356 0.343 0.343
0.3495 0.3255 0.3255 0.325 0.325 0.325 0.331 0.331 0.3255 0.3255 0.344 0.344 0.3535 0.3535 0.3535 0.3865 0.3865 0.3445 0.3445 0.339 0.339 0.339 0.327 0.327 0.338 0.338 0.3425 0.3425 0.3425 0.3295 0.3295 0.3205 0.3205 0.3385 0.3385 0.3385 0.362 0.362 0.339 0.339 0.3235 0.3235 0.3235 0.373 0.373 0.4125 0.4125 0.3965 0.3965 0.385 0.385 0.385 0.3705 0.3705 0.391 0.391 0.3635 0.3635 0.3635 0.4075 0.4075 0.3775 0.3775 0.3775 0.3775 0.3775 0.351 0.351 0.3545 0.3545 0.362 0.362 0.362 0.356 0.356 0.343 0.343
0.337 0.3375 0.3375 0.3025 0.3025 0.3025 0.291 0.291 0.32 0.32 0.3365 0.3365 0.377 0.377 0.377 0.3665 0.3665 0.347 0.347 0.346 0.346 0.346 0.32 0.32 0.3375 0.3375 0.338 0.338 0.338 0.329 0.329 0.387 0.387 0.354 0.354 0.354 0.3445 0.3445 0.372 0.372 0.365 0.365 0.365 0.4255 0.4255 0.4365 0.4365 0.412 0.412 0.368 0.368 0.368 0.4105 0.4105 0.4535 0.4535 0.403 0.403 0.403 0.442 0.442 0.397 0.397 0.408 0.408 0.408 0.3585 0.3585 0.371 0.371 0.386 0.386 0.386 0.3795 0.3795 0.3445 0.3445
0.337 0.3375 0.3375 0.3025 0.3025 0.3025 0.291 0.291 0.32 0.32 0.3365 0.3365 0.377 0.377 0.377 0.3665 0.3665 0.347 0.347 0.346 0.346 0.346 0.32 0.32 0.3375 0.3375 0.338 0.338 0.338 0.329 0.329 0.387 0.387 0.354 0.354 0.354 0.3445 0.3445 0.372 0.372 0.365 0.365 0.365 0.4255 0.4255 0.4365 0.4365 0.412 0.412 0.368 0.368 0.368 0.4105 0.4105 0.4535 0.4535 0.403 0.403 0.403 0.442 0.442 0.397 0.397 0.408 0.408 0.408 0.3585 0.3585 0.371 0.371 0.386 0.386 0.386 0.3795 0.3795 0.3445 0.3445
0.337 0.3375 0.3375 0.3025 0.3025 0.3025 0.291 0.291 0.32 0.32 0.3365 0.3365 0.377 0.377 0.377 0.3665 0.3665 0.347 0.347 0.346 0.346 0.346 0.32 0.32 0.3375 0.3375 0.338 0.338 0.338 0.329 0.329 0.387 0.387 0.354 0.354 0.354 0.3445 0.3445 0.372 0.372 0.365 0.365 0.365 0.4255 0.4255 0.4365 0.4365 0.412 0.412 0.368 0.368 0.368 0.4105 0.4105 0.4535 0.4535 0.403 0.403 0.403 0.442 0.442 0.397 0.397 0.408 0.408 0.408 0.3585 0.3585 0.371 0.371 0.386 0.386 0.386 0.3795 0.3795 0.3445 0.3445
