ndvi/NOAA-126.asc
ncols         252
nrows         154
xllcorner     -18.017974
yllcorner     13.481982
cellsize      0.035948
NODATA_value  -9999
[rows 68 to 101 of 154, columns 78 to 155 of 252]
0.208 0.209 0.209 0.211 0.211 0.232 0.232 0.232 0.2565 0.2565 0.2515 0.2515 0.2445 0.2445 0.2515 0.2515 0.2515 0.2475 0.2475 0.251 0.251 0.2285 0.2285 0.2285 0.179 0.179 0.176 0.176 0.181 0.181 0.181 0.2045 0.2045 0.2165 0.2165 0.215 0.215 0.215 0.234 0.234 0.239 0.239 0.213 0.213 0.213 0.1515 0.1515 0.173 0.173 0.175 0.175 0.195 0.195 0.195 0.201 0.201 0.205 0.205 0.218 0.218 0.218 0.2345 0.2345 0.241 0.241 0.2215 0.2215 0.2215 0.2135 0.2135 0.223 0.223 0.1975 0.1975 0.1975 0.133 0.133 0.1555
0.199 0.2125 0.2125 0.219 0.219 0.2025 0.2025 0.2025 0.2215 0.2215 0.2265 0.2265 0.2195 0.2195 0.221 0.221 0.221 0.205 0.205 0.2165 0.2165 0.2445 0.2445 0.2445 0.1995 0.1995 0.168 0.168 0.1695 0.1695 0.1695 0.1795 0.1795 0.2025 0.2025 0.201 0.201 0.201 0.2255 0.2255 0.236 0.236 0.2195 0.2195 0.2195 0.184 0.184 0.1745 0.1745 0.1815 0.1815 0.1925 0.1925 0.1925 0.215 0.215 0.214 0.214 0.227 0.227 0.227 0.2445 0.2445 0.2575 0.2575 0.225 0.225 0.225 0.2215 0.2215 0.225 0.225 0.227 0.227 0.227 0.158 0.158 0.1695
0.199 0.2125 0.2125 0.219 0.219 0.2025 0.2025 0.2025 0.2215 0.2215 0.2265 0.2265 0.2195 0.2195 0.221 0.221 0.221 0.205 0.205 0.2165 0.2165 0.2445 0.2445 0.2445 0.1995 0.1995 0.168 0.168 0.1695 0.1695 0.1695 0.1795 0.1795 0.2025 0.2025 0.201 0.201 0.201 0.2255 0.2255 0.236 0.236 0.2195 0.2195 0.2195 0.184 0.184 0.1745 0.1745 0.1815 0.1815 0.1925 0.1925 0.1925 0.215 0.215 0.214 0.214 0.227 0.227 0.227 0.2445 0.2445 0.2575 0.2575 0.225 0.225 0.225 0.2215 0.2215 0.225 0.225 0.227 0.227 0.227 0.158 0.158 0.1695
0.193 0.2055 0.2055 0.2095 0.2095 0.2045 0.2045 0.2045 0.206 0.206 0.1975 0.1975 0.2085 0.2085 0.2085 0.2085 0.2085 0.195 0.195 0.196 0.196 0.183 0.183 0.183 0.2275 0.2275 0.245 0.245 0.1855 0.1855 0.1855 0.185 0.185 0.1855 0.1855 0.204 0.204 0.204 0.2155 0.2155 0.248 0.248 0.211 0.211 0.211 0.1675 0.1675 0.1535 0.1535 0.178 0.178 0.212 0.212 0.212 0.2145 0.2145 0.207 0.207 0.2295 0.2295 0.2295 0.2555 0.2555 0.2445 0.2445 0.2135 0.2135 0.2135 0.2195 0.2195 0.213 0.213 0.2325 0.2325 0.2325 0.164 0.164 0.181
0.193 0.2055 0.2055 0.2095 0.2095 0.2045 0.2045 0.2045 0.206 0.206 0.1975 0.1975 0.2085 0.2085 0.2085 0.2085 0.2085 0.195 0.195 0.196 0.196 0.183 0.183 0.183 0.2275 0.2275 0.245 0.245 0.1855 0.1855 0.1855 0.185 0.185 0.1855 0.1855 0.204 0.204 0.204 0.2155 0.2155 0.248 0.248 0.211 0.211 0.211 0.1675 0.1675 0.1535 0.1535 0.178 0.178 0.212 0.212 0.212 0.2145 0.2145 0.207 0.207 0.2295 0.2295 0.2295 0.2555 0.2555 0.2445 0.2445 0.2135 0.2135 0.2135 0.2195 0.2195 0.213 0.213 0.2325 0.2325 0.2325 0.164 0.164 0.181
0.193 0.2055 0.2055 0.2095 0.2095 0.2045 0.2045 0.2045 0.206 0.206 0.1975 0.1975 0.2085 0.2085 0.2085 0.2085 0.2085 0.195 0.195 0.196 0.196 0.183 0.183 0.183 0.2275 0.2275 0.245 0.245 0.1855 0.1855 0.1855 0.185 0.185 0.1855 0.1855 0.204 0.204 0.204 0.2155 0.2155 0.248 0.248 0.211 0.211 0.211 0.1675 0.1675 0.1535 0.1535 0.178 0.178 0.212 0.212 0.212 0.2145 0.2145 0.207 0.207 0.2295 0.2295 0.2295 0.2555 0.2555 0.2445 0.2445 0.2135 0.2135 0.2135 0.2195 0.2195 0.213 0.213 0.2325 0.2325 0.2325 0.164 0.164 0.181
0.211 0.222 0.222 0.207 0.207 0.1995 0.1995 0.1995 0.213 0.213 0.193 0.193 0.167 0.167 0.1635 0.1635 0.1635 0.1855 0.1855 0.189 0.189 0.2 0.2 0.2 0.21 0.21 0.21 0.21 0.237 0.237 0.237 0.254 0.254 0.204 0.204 0.188 0.188 0.188 0.1885 0.1885 0.2025 0.2025 0.155 0.155 0.155 0.1775 0.1775 0.221 0.221 0.211 0.211 0.2125 0.2125 0.2125 0.209 0.209 0.202 0.202 0.205 0.205 0.205 0.2165 0.2165 0.219 0.219 0.223 0.223 0.223 0.219 0.219 0.179 0.179 0.157 0.157 0.157 0.1715 0.1715 0.19
0.211 0.222 0.222 0.207 0.207 0.1995 0.1995 0.1995 0.213 0.213 0.193 0.193 0.167 0.167 0.1635 0.1635 0.1635 0.1855 0.1855 0.189 0.189 0.2 0.2 0.2 0.21 0.21 0.21 0.21 0.237 0.237 0.237 0.254 0.254 0.204 0.204 0.188 0.188 0.188 0.1885 0.1885 0.2025 0.2025 0.155 0.155 0.155 0.1775 0.1775 0.221 0.221 0.211 0.211 0.2125 0.2125 0.2125 0.209 0.209 0.202 0.202 0.205 0.205 0.205 0.2165 0.2165 0.219 0.219 0.223 0.223 0.223 0.219 0.219 0.179 0.179 0.157 0.157 0.157 0.1715 0.1715 0.19
0.196 0.2125 0.2125 0.219 0.219 0.1965 0.1965 0.1965 0.192 0.192 0.1465 0.1465 0.169 0.169 0.164 0.164 0.164 0.135 0.135 0.15 0.15 0.1935 0.1935 0.1935 0.202 0.202 0.199 0.199 0.2215 0.2215 0.2215 0.247 0.247 0.273 0.273 0.2235 0.2235 0.2235 0.1815 0.1815 0.19 0.19 0.1585 0.1585 0.1585 0.179 0.179 0.213 0.213 0.196 0.196 0.196 0.196 0.196 0.1915 0.1915 0.198 0.198 0.186 0.186 0.186 0.193 0.193 0.212 0.212 0.213 0.213 0.213 0.207 0.207 0.202 0.202 0.1085 0.1085 0.1085 0.1295 0.1295 0.18
0.196 0.2125 0.2125 0.219 0.219 0.1965 0.1965 0.1965 0.192 0.192 0.1465 0.1465 0.169 0.169 0.164 0.164 0.164 0.135 0.135 0.15 0.15 0.1935 0.1935 0.1935 0.202 0.202 0.199 0.199 0.2215 0.2215 0.2215 0.247 0.247 0.273 0.273 0.2235 0.2235 0.2235 0.1815 0.1815 0.19 0.19 0.1585 0.1585 0.1585 0.179 0.179 0.213 0.213 0.196 0.196 0.196 0.196 0.196 0.1915 0.1915 0.198 0.198 0.186 0.186 0.186 0.193 0.193 0.212 0.212 0.213 0.213 0.213 0.207 0.207 0.202 0.202 0.1085 0.1085 0.1085 0.1295 0.1295 0.18
0.1825 0.1875 0.1875 0.1565 0.1565 0.159 0.159 0.159 0.1835 0.1835 0.178 0.178 0.158 0.158 0.1595 0.1595 0.1595 0.1655 0.1655 0.1475 0.1475 0.1625 0.1625 0.1625 0.1965 0.1965 0.193 0.193 0.2085 0.2085 0.2085 0.2195 0.2195 0.2055 0.2055 0.241 0.241 0.241 0.2405 0.2405 0.2075 0.2075 0.1805 0.1805 0.1805 0.174 0.174 0.1805 0.1805 0.197 0.197 0.1835 0.1835 0.1835 0.183 0.183 0.1755 0.1755 0.172 0.172 0.172 0.1745 0.1745 0.1695 0.1695 0.2075 0.2075 0.2075 0.204 0.204 0.1955 0.1955 0.17 0.17 0.17 0.1315 0.1315 0.14
0.1825 0.1875 0.1875 0.1565 0.1565 0.159 0.159 0.159 0.1835 0.1835 0.178 0.178 0.158 0.158 0.1595 0.1595 0.1595 0.1655 0.1655 0.1475 0.1475 0.1625 0.1625 0.1625 0.1965 0.1965 0.193 0.193 0.2085 0.2085 0.2085 0.2195 0.2195 0.2055 0.2055 0.241 0.241 0.241 0.2405 0.2405 0.2075 0.2075 0.1805 0.1805 0.1805 0.174 0.174 0.1805 0.1805 0.197 0.197 0.1835 0.1835 0.1835 0.183 0.183 0.1755 0.1755 0.172 0.172 0.172 0.1745 0.1745 0.1695 0.1695 0.2075 0.2075 0.2075 0.204 0.204 0.1955 0.1955 0.17 0.17 0.17 0.1315 0.1315 0.14
0.2135 0.2 0.2 0.1845 0.1845 0.1775 0.1775 0.1775 0.154 0.154 0.169 0.169 0.163 0.163 0.1655 0.1655 0.1655 0.161 0.161 0.134 0.134 0.1805 0.1805 0.1805 0.1985 0.1985 0.192 0.192 0.185 0.185 0.185 0.21 0.21 0.226 0.226 0.2 0.2 0.2 0.207 0.207 0.213 0.213 0.219 0.219 0.219 0.221 0.221 0.197 0.197 0.184 0.184 0.1845 0.1845 0.1845 0.1585 0.1585 0.16 0.16 0.1855 0.1855 0.1855 0.2015 0.2015 0.1855 0.1855 0.185 0.185 0.185 0.171 0.171 0.1865 0.1865 0.176 0.176 0.176 0.123 0.123 0.141
0.2135 0.2 0.2 0.1845 0.1845 0.1775 0.1775 0.1775 0.154 0.154 0.169 0.169 0.163 0.163 0.1655 0.1655 0.1655 0.161 0.161 0.134 0.134 0.1805 0.1805 0.1805 0.1985 0.1985 0.192 0.192 0.185 0.185 0.185 0.21 0.21 0.226 0.226 0.2 0.2 0.2 0.207 0.207 0.213 0.213 0.219 0.219 0.219 0.221 0.221 0.197 0.197 0.184 0.184 0.1845 0.1845 0.1845 0.1585 0.1585 0.16 0.16 0.1855 0.1855 0.1855 0.2015 0.2015 0.1855 0.1855 0.185 0.185 0.185 0.171 0.171 0.1865 0.1865 0.176 0.176 0.176 0.123 0.123 0.141
0.2135 0.2 0.2 0.1845 0.1845 0.1775 0.1775 0.1775 0.154 0.154 0.169 0.169 0.163 0.163 0.1655 0.1655 0.1655 0.161 0.161 0.134 0.134 0.1805 0.1805 0.1805 0.1985 0.1985 0.192 0.192 0.185 0.185 0.185 0.21 0.21 0.226 0.226 0.2 0.2 0.2 0.207 0.207 0.213 0.213 0.219 0.219 0.219 0.221 0.221 0.197 0.197 0.184 0.184 0.1845 0.1845 0.1845 0.1585 0.1585 0.16 0.16 0.1855 0.1855 0.1855 0.2015 0.2015 0.1855 0.1855 0.185 0.185 0.185 0.171 0.171 0.1865 0.1865 0.176 0.176 0.176 0.123 0.123 0.141
0.2025 0.1975 0.1975 0.185 0.185 0.184 0.184 0.184 0.189 0.189 0.1745 0.1745 0.19 0.19 0.1985 0.1985 0.1985 0.169 0.169 0.1775 0.1775 0.1855 0.1855 0.1855 0.1995 0.1995 0.2005 0.2005 0.189 0.189 0.189 0.197 0.197 0.1805 0.1805 0.1725 0.1725 0.1725 0.191 0.191 0.1855 0.1855 0.215 0.215 0.215 0.242 0.242 0.232 0.232 0.192 0.192 0.188 0.188 0.188 0.1795 0.1795 0.1815 0.1815 0.1965 0.1965 0.1965 0.2055 0.2055 0.197 0.197 0.181 0.181 0.181 0.1775 0.1775 0.1965 0.1965 0.1745 0.1745 0.1745 0.135 0.135 0.1475
0.2025 0.1975 0.1975 0.185 0.185 0.184 0.184 0.184 0.189 0.189 0.1745 0.1745 0.19 0.19 0.1985 0.1985 0.1985 0.169 0.169 0.1775 0.1775 0.1855 0.1855 0.1855 0.1995 0.1995 0.2005 0.2005 0.189 0.189 0.189 0.197 0.197 0.1805 0.1805 0.1725 0.1725 0.1725 0.191 0.191 0.1855 0.1855 0.215 0.215 0.215 0.242 0.242 0.232 0.232 0.192 0.192 0.188 0.188 0.188 0.1795 0.1795 0.1815 0.1815 0.1965 0.1965 0.1965 0.2055 0.2055 0.197 0.197 0.181 0.181 0.181 0.1775 0.1775 0.1965 0.1965 0.1745 0.1745 0.1745 0.135 0.135 0.1475
0.2065 0.2015 0.2015 0.195 0.195 0.194 0.194 0.194 0.1965 0.1965 0.2025 0.2025 0.194 0.194 0.1985 0.1985 0.1985 0.2025 0.2025 0.1875 0.1875 0.181 0.181 0.181 0.1825 0.1825 0.192 0.192 0.186 0.186 0.186 0.1815 0.1815 0.175 0.175 0.1775 0.1775 0.1775 0.177 0.177 0.192 0.192 0.1845 0.1845 0.1845 0.1715 0.1715 0.203 0.203 0.1825 0.1825 0.2025 0.2025 0.2025 0.203 0.203 0.196 0.196 0.207 0.207 0.207 0.2125 0.2125 0.236 0.236 0.188 0.188 0.188 0.187 0.187 0.19 0.19 0.169 0.169 0.169 0.156 0.156 0.157
0.2065 0.2015 0.2015 0.195 0.195 0.194 0.194 0.194 0.1965 0.1965 0.2025 0.2025 0.194 0.194 0.1985 0.1985 0.1985 0.2025 0.2025 0.1875 0.1875 0.181 0.181 0.181 0.1825 0.1825 0.192 0.192 0.186 0.186 0.186 0.1815 0.1815 0.175 0.175 0.1775 0.1775 0.1775 0.177 0.177 0.192 0.192 0.1845 0.1845 0.1845 0.1715 0.1715 0.203 0.203 0.1825 0.1825 0.2025 0.2025 0.2025 0.203 0.203 0.196 0.196 0.207 0.207 0.207 0.2125 0.2125 0.236 0.236 0.188 0.188 0.188 0.187 0.187 0.19 0.19 0.169 0.169 0.169 0.156 0.156 0.157
0.248 0.267 0.267 0.2415 0.2415 0.2265 0.2265 0.2265 0.228 0.228 0.222 0.222 0.227 0.227 0.2155 0.2155 0.2155 0.207 0.207 0.197 0.197 0.2005 0.2005 0.2005 0.1895 0.1895 0.193 0.193 0.192 0.192 0.192 0.1875 0.1875 0.212 0.212 0.203 0.203 0.203 0.1905 0.1905 0.204 0.204 0.185 0.185 0.185 0.1555 0.1555 0.195 0.195 0.185 0.185 0.19 0.19 0.19 0.1975 0.1975 0.2085 0.2085 0.215 0.215 0.215 0.23 0.23 0.2405 0.2405 0.1825 0.1825 0.1825 0.195 0.195 0.189 0.189 0.1965 0.1965 0.1965 0.169 0.169 0.1685
0.248 0.267 0.267 0.2415 0.2415 0.2265 0.2265 0.2265 0.228 0.228 0.222 0.222 0.227 0.227 0.2155 0.2155 0.2155 0.207 0.207 0.197 0.197 0.2005 0.2005 0.2005 0.1895 0.1895 0.193 0.193 0.192 0.192 0.192 0.1875 0.1875 0.212 0.212 0.203 0.203 0.203 0.1905 0.1905 0.204 0.204 0.185 0.185 0.185 0.1555 0.1555 0.195 0.195 0.185 0.185 0.19 0.19 0.19 0.1975 0.1975 0.2085 0.2085 0.215 0.215 0.215 0.23 0.23 0.2405 0.2405 0.1825 0.1825 0.1825 0.195 0.195 0.189 0.189 0.1965 0.1965 0.1965 0.169 0.169 0.1685
0.248 0.267 0.267 0.2415 0.2415 0.2265 0.2265 0.2265 0.228 0.228 0.222 0.222 0.227 0.227 0.2155 0.2155 0.2155 0.207 0.207 0.197 0.197 0.2005 0.2005 0.2005 0.1895 0.1895 0.193 0.193 0.192 0.192 0.192 0.1875 0.1875 0.212 0.212 0.203 0.203 0.203 0.1905 0.1905 0.204 0.204 0.185 0.185 0.185 0.1555 0.1555 0.195 0.195 0.185 0.185 0.19 0.19 0.19 0.1975 0.1975 0.2085 0.2085 0.215 0.215 0.215 0.23 0.23 0.2405 0.2405 0.1825 0.1825 0.1825 0.195 0.195 0.189 0.189 0.1965 0.1965 0.1965 0.169 0.169 0.1685
0.249 0.243 0.243 0.2375 0.2375 0.18 0.18 0.18 0.19 0.19 0.209 0.209 0.1835 0.1835 0.199 0.199 0.199 0.2065 0.2065 0.196 0.196 0.1995 0.1995 0.1995 0.202 0.202 0.183 0.183 0.1705 0.1705 0.1705 0.178 0.178 0.204 0.204 0.2095 0.2095 0.2095 0.2045 0.2045 0.2105 0.2105 0.2065 0.2065 0.2065 0.2075 0.2075 0.214 0.214 0.2 0.2 0.202 0.202 0.202 0.216 0.216 0.231 0.231 0.2185 0.2185 0.2185 0.225 0.225 0.2225 0.2225 0.2305 0.2305 0.2305 0.1885 0.1885 0.1935 0.1935 0.1735 0.1735 0.1735 0.1675 0.1675 0.18
0.249 0.243 0.243 0.2375 0.2375 0.18 0.18 0.18 0.19 0.19 0.209 0.209 0.1835 0.1835 0.199 0.199 0.199 0.2065 0.2065 0.196 0.196 0.1995 0.1995 0.1995 0.202 0.202 0.183 0.183 0.1705 0.1705 0.1705 0.178 0.178 0.204 0.204 0.2095 0.2095 0.2095 0.2045 0.2045 0.2105 0.2105 0.2065 0.2065 0.2065 0.2075 0.2075 0.214 0.214 0.2 0.2 0.202 0.202 0.202 0.216 0.216 0.231 0.231 0.2185 0.2185 0.2185 0.225 0.225 0.2225 0.2225 0.2305 0.2305 0.2305 0.1885 0.1885 0.1935 0.1935 0.1735 0.1735 0.1735 0.1675 0.1675 0.18
0.2425 0.244 0.244 0.2125 0.2125 0.2115 0.2115 0.2115 0.222 0.222 0.1975 0.1975 0.196 0.196 0.197 0.197 0.197 0.191 0.191 0.196 0.196 0.214 0.214 0.214 0.207 0.207 0.208 0.208 0.19 0.19 0.19 0.2025 0.2025 0.215 0.215 0.2075 0.2075 0.2075 0.21 0.21 0.213 0.213 0.2265 0.2265 0.2265 0.2405 0.2405 0.242 0.242 0.225 0.225 0.2075 0.2075 0.2075 0.19 0.19 0.198 0.198 0.219 0.219 0.219 0.2215 0.2215 0.226 0.226 0.2345 0.2345 0.2345 0.2345 0.2345 0.236 0.236 0.238 0.238 0.238 0.181 0.181 0.2005
0.2425 0.244 0.244 0.2125 0.2125 0.2115 0.2115 0.2115 0.222 0.222 0.1975 0.1975 0.196 0.196 0.197 0.197 0.197 0.191 0.191 0.196 0.196 0.214 0.214 0.214 0.207 0.207 0.208 0.208 0.19 0.19 0.19 0.2025 0.2025 0.215 0.215 0.2075 0.2075 0.2075 0.21 0.21 0.213 0.213 0.2265 0.2265 0.2265 0.2405 0.2405 0.242 0.242 0.225 0.225 0.2075 0.2075 0.2075 0.19 0.19 0.198 0.198 0.219 0.219 0.219 0.2215 0.2215 0.226 0.226 0.2345 0.2345 0.2345 0.2345 0.2345 0.236 0.236 0.238 0.238 0.238 0.181 0.181 0.2005
0.2455 0.2265 0.2265 0.2125 0.2125 0.2185 0.2185 0.2185 0.2025 0.2025 0.224 0.224 0.1965 0.1965 0.2095 0.2095 0.2095 0.198 0.198 0.21 0.21 0.229 0.229 0.229 0.2165 0.2165 0.215 0.215 0.2245 0.2245 0.2245 0.2415 0.2415 0.236 0.236 0.2225 0.2225 0.2225 0.2185 0.2185 0.227 0.227 0.2195 0.2195 0.2195 0.2425 0.2425 0.2335 0.2335 0.232 0.232 0.2385 0.2385 0.2385 0.2315 0.2315 0.1925 0.1925 0.1985 0.1985 0.1985 0.1795 0.1795 0.2265 0.2265 0.2225 0.2225 0.2225 0.2275 0.2275 0.226 0.226 0.235 0.235 0.235 0.194 0.194 0.195
0.2455 0.2265 0.2265 0.2125 0.2125 0.2185 0.2185 0.2185 0.2025 0.2025 0.224 0.224 0.1965 0.1965 0.2095 0.2095 0.2095 0.198 0.198 0.21 0.21 0.229 0.229 0.229 0.2165 0.2165 0.215 0.215 0.2245 0.2245 0.2245 0.2415 0.2415 0.236 0.236 0.2225 0.2225 0.2225 0.2185 0.2185 0.227 0.227 0.2195 0.2195 0.2195 0.2425 0.2425 0.2335 0.2335 0.232 0.232 0.2385 0.2385 0.2385 0.2315 0.2315 0.1925 0.1925 0.1985 0.1985 0.1985 0.1795 0.1795 0.2265 0.2265 0.2225 0.2225 0.2225 0.2275 0.2275 0.226 0.226 0.235 0.235 0.235 0.194 0.194 0.195
0.2455 0.2265 0.2265 0.2125 0.2125 0.2185 0.2185 0.2185 0.2025 0.2025 0.224 0.224 0.1965 0.1965 0.2095 0.2095 0.2095 0.198 0.198 0.21 0.21 0.229 0.229 0.229 0.2165 0.2165 0.215 0.215 0.2245 0.2245 0.2245 0.2415 0.2415 0.236 0.236 0.2225 0.2225 0.2225 0.2185 0.2185 0.227 0.227 0.2195 0.2195 0.2195 0.2425 0.2425 0.2335 0.2335 0.232 0.232 0.2385 0.2385 0.2385 0.2315 0.2315 0.1925 0.1925 0.1985 0.1985 0.1985 0.1795 0.1795 0.2265 0.2265 0.2225 0.2225 0.2225 0.2275 0.2275 0.226 0.226 0.235 0.235 0.235 0.194 0.194 0.195
0.225 0.2455 0.2455 0.221 0.221 0.214 0.214 0.214 0.2325 0.2325 0.222 0.222 0.206 0.206 0.1965 0.1965 0.1965 0.203 0.203 0.2115 0.2115 0.225 0.225 0.225 0.2165 0.2165 0.241 0.241 0.241 0.241 0.241 0.2405 0.2405 0.2495 0.2495 0.2295 0.2295 0.2295 0.233 0.233 0.234 0.234 0.2255 0.2255 0.2255 0.222 0.222 0.218 0.218 0.2305 0.2305 0.235 0.235 0.235 0.248 0.248 0.2695 0.2695 0.2315 0.2315 0.2315 0.183 0.183 0.1795 0.1795 0.2495 0.2495 0.2495 0.276 0.276 0.1985 0.1985 0.1975 0.1975 0.1975 0.207 0.207 0.2115
0.225 0.2455 0.2455 0.221 0.221 0.214 0.214 0.214 0.2325 0.2325 0.222 0.222 0.206 0.206 0.1965 0.1965 0.1965 0.203 0.203 0.2115 0.2115 0.225 0.225 0.225 0.2165 0.2165 0.241 0.241 0.241 0.241 0.241 0.2405 0.2405 0.2495 0.2495 0.2295 0.2295 0.2295 0.233 0.233 0.234 0.234 0.2255 0.2255 0.2255 0.222 0.222 0.218 0.218 0.2305 0.2305 0.235 0.235 0.235 0.248 0.248 0.2695 0.2695 0.2315 0.2315 0.2315 0.183 0.183 0.1795 0.1795 0.2495 0.2495 0.2495 0.276 0.276 0.1985 0.1985 0.1975 0.1975 0.1975 0.207 0.207 0.2115
0.2255 0.223 0.223 0.237 0.237 0.2365 0.2365 0.2365 0.2385 0.2385 0.201 0.201 0.203 0.203 0.2035 0.2035 0.2035 0.216 0.216 0.212 0.212 0.197 0.197 0.197 0.218 0.218 0.228 0.228 0.242 0.242 0.242 0.2305 0.2305 0.2295 0.2295 0.2355 0.2355 0.2355 0.246 0.246 0.2435 0.2435 0.2595 0.2595 0.2595 0.246 0.246 0.2325 0.2325 0.247 0.247 0.2635 0.2635 0.2635 0.2215 0.2215 0.245 0.245 0.2635 0.2635 0.2635 0.238 0.238 0.21 0.21 0.247 0.247 0.247 0.275 0.275 0.2745 0.2745 0.253 0.253 0.253 0.246 0.246 0.23
0.2255 0.223 0.223 0.237 0.237 0.2365 0.2365 0.2365 0.2385 0.2385 0.201 0.201 0.203 0.203 0.2035 0.2035 0.2035 0.216 0.216 0.212 0.212 0.197 0.197 0.197 0.218 0.218 0.228 0.228 0.242 0.242 0.242 0.2305 0.2305 0.2295 0.2295 0.2355 0.2355 0.2355 0.246 0.246 0.2435 0.2435 0.2595 0.2595 0.2595 0.246 0.246 0.2325 0.2325 0.247 0.247 0.2635 0.2635 0.2635 0.2215 0.2215 0.245 0.245 0.2635 0.2635 0.2635 0.238 0.238 0.21 0.21 0.247 0.247 0.247 0.275 0.275 0.2745 0.2745 0.253 0.253 0.253 0.246 0.246 0.23
0.2095 0.221 0.221 0.249 0.249 0.2615 0.2615 0.2615 0.2465 0.2465 0.2225 0.2225 0.2355 0.2355 0.2265 0.2265 0.2265 0.2505 0.2505 0.2215 0.2215 0.237 0.237 0.237 0.2455 0.2455 0.2385 0.2385 0.243 0.243 0.243 0.263 0.263 0.276 0.276 0.247 0.247 0.247 0.257 0.257 0.2535 0.2535 0.2505 0.2505 0.2505 0.2535 0.2535 0.2545 0.2545 0.255 0.255 0.257 0.257 0.257 0.265 0.265 0.2535 0.2535 0.2495 0.2495 0.2495 0.289 0.289 0.225 0.225 0.263 0.263 0.263 0.2635 0.2635 0.263 0.263 0.2465 0.2465 0.2465 0.2265 0.2265 0.2155
