ndvi/NOAA-375.asc
ncols         252
nrows         154
xllcorner     -18.017974
yllcorner     13.481982
cellsize      0.035948
NODATA_value  -9999
[rows 105 to 139 of 154, columns 0 to 76 of 252]
-1 -1 -1 -1 -1 -1 -1 -1 -1 -1 -1 -1 -1 -1 -1 -1 -1 -1 -1 -1 -1 -1 -1 0.0205 0.0205 0.224 0.224 0.224 0.308 0.308 0.25 0.25 0.2285 0.2285 0.2285 0.232 0.232 0.241 0.241 0.256 0.256 0.256 0.2575 0.2575 0.2485 0.2485 0.259 0.259 0.259 0.2895 0.2895 0.289 0.289 0.262 0.262 0.2795 0.2795 0.2795 0.285 0.285 0.277 0.277 0.277 0.277 0.277 0.269 0.269 0.3085 0.3085 0.2895 0.2895 0.2895 0.2485 0.2485 0.2585 0.2585 0.2875
-1 -1 -1 -1 -1 -1 -1 -1 -1 -1 -1 -1 -1 -1 -1 -1 -1 -1 -1 -1 -1 0.0385 0.0385 0.1725 0.1725 0.33 0.33 0.33 0.302 0.302 0.25 0.25 0.2565 0.2565 0.2565 0.248 0.248 0.261 0.261 0.2655 0.2655 0.2655 0.257 0.257 0.2595 0.2595 0.263 0.263 0.263 0.2705 0.2705 0.273 0.273 0.2675 0.2675 0.2935 0.2935 0.2935 0.2695 0.2695 0.2995 0.2995 0.2995 0.2995 0.2995 0.3045 0.3045 0.3265 0.3265 0.323 0.323 0.323 0.3265 0.3265 0.3145 0.3145 0.319
-1 -1 -1 -1 -1 -1 -1 -1 -1 -1 -1 -1 -1 -1 -1 -1 -1 -1 -1 -1 -1 0.0385 0.0385 0.1725 0.1725 0.33 0.33 0.33 0.302 0.302 0.25 0.25 0.2565 0.2565 0.2565 0.248 0.248 0.261 0.261 0.2655 0.2655 0.2655 0.257 0.257 0.2595 0.2595 0.263 0.263 0.263 0.2705 0.2705 0.273 0.273 0.2675 0.2675 0.2935 0.2935 0.2935 0.2695 0.2695 0.2995 0.2995 0.2995 0.2995 0.2995 0.3045 0.3045 0.3265 0.3265 0.323 0.323 0.323 0.3265 0.3265 0.3145 0.3145 0.319
-1 -1 -1 -1 -1 -1 -1 -1 -1 -1 -1 -1 -1 -1 -1 -1 -1 -1 -1 -1 -1 0.1505 0.1505 0.3095 0.3095 0.286 0.286 0.286 0.286 0.286 0.2655 0.2655 0.2565 0.2565 0.2565 0.249 0.249 0.261 0.261 0.269 0.269 0.269 0.257 0.257 0.2565 0.2565 0.2765 0.2765 0.2765 0.2835 0.2835 0.2865 0.2865 0.2615 0.2615 0.271 0.271 0.271 0.2645 0.2645 0.296 0.296 0.296 0.296 0.296 0.2895 0.2895 0.307 0.307 0.335 0.335 0.335 0.323 0.323 0.3295 0.3295 0.327
-1 -1 -1 -1 -1 -1 -1 -1 -1 -1 -1 -1 -1 -1 -1 -1 -1 -1 -1 -1 -1 0.1505 0.1505 0.3095 0.3095 0.286 0.286 0.286 0.286 0.286 0.2655 0.2655 0.2565 0.2565 0.2565 0.249 0.249 0.261 0.261 0.269 0.269 0.269 0.257 0.257 0.2565 0.2565 0.2765 0.2765 0.2765 0.2835 0.2835 0.2865 0.2865 0.2615 0.2615 0.271 0.271 0.271 0.2645 0.2645 0.296 0.296 0.296 0.296 0.296 0.2895 0.2895 0.307 0.307 0.335 0.335 0.335 0.323 0.323 0.3295 0.3295 0.327
-1 -1 -1 -1 -1 -1 -1 -1 -1 -1 -1 -1 -1 -1 -1 -1 -1 -1 0.1185 0.1185 0.1185 0.3045 0.3045 0.3105 0.3105 0.2965 0.2965 0.2965 0.2925 0.2925 0.2875 0.2875 0.256 0.256 0.256 0.246 0.246 0.2545 0.2545 0.2625 0.2625 0.2625 0.27 0.27 0.248 0.248 0.2605 0.2605 0.2605 0.282 0.282 0.2795 0.2795 0.2665 0.2665 0.28 0.28 0.28 0.2635 0.2635 0.2575 0.2575 0.2575 0.2575 0.2575 0.261 0.261 0.2895 0.2895 0.3195 0.3195 0.3195 0.3365 0.3365 0.3355 0.3355 0.289
-1 -1 -1 -1 -1 -1 -1 -1 -1 -1 -1 -1 -1 -1 -1 -1 -1 -1 0.1185 0.1185 0.1185 0.3045 0.3045 0.3105 0.3105 0.2965 0.2965 0.2965 0.2925 0.2925 0.2875 0.2875 0.256 0.256 0.256 0.246 0.246 0.2545 0.2545 0.2625 0.2625 0.2625 0.27 0.27 0.248 0.248 0.2605 0.2605 0.2605 0.282 0.282 0.2795 0.2795 0.2665 0.2665 0.28 0.28 0.28 0.2635 0.2635 0.2575 0.2575 0.2575 0.2575 0.2575 0.261 0.261 0.2895 0.2895 0.3195 0.3195 0.3195 0.3365 0.3365 0.3355 0.3355 0.289
-1 -1 -1 -1 -1 -1 -1 -1 -1 -1 -1 -1 -1 -1 -1 -1 -1 -1 0.1185 0.1185 0.1185 0.3045 0.3045 0.3105 0.3105 0.2965 0.2965 0.2965 0.2925 0.2925 0.2875 0.2875 0.256 0.256 0.256 0.246 0.246 0.2545 0.2545 0.2625 0.2625 0.2625 0.27 0.27 0.248 0.248 0.2605 0.2605 0.2605 0.282 0.282 0.2795 0.2795 0.2665 0.2665 0.28 0.28 0.28 0.2635 0.2635 0.2575 0.2575 0.2575 0.2575 0.2575 0.261 0.261 0.2895 0.2895 0.3195 0.3195 0.3195 0.3365 0.3365 0.3355 0.3355 0.289
-1 -1 -1 -1 -1 -1 -1 -1 -1 -1 -1 -1 -1 -1 -1 -1 0.1575 0.1575 0.3325 0.3325 0.3325 0.333 0.333 0.3055 0.3055 0.3425 0.3425 0.3425 0.3095 0.3095 0.2905 0.2905 0.268 0.268 0.268 0.2535 0.2535 0.2495 0.2495 0.2535 0.2535 0.2535 0.2585 0.2585 0.256 0.256 0.256 0.256 0.256 0.26 0.26 0.259 0.259 0.257 0.257 0.2725 0.2725 0.2725 0.268 0.268 0.2775 0.2775 0.2775 0.2775 0.2775 0.279 0.279 0.2655 0.2655 0.268 0.268 0.268 0.277 0.277 0.2665 0.2665 0.27
-1 -1 -1 -1 -1 -1 -1 -1 -1 -1 -1 -1 -1 -1 -1 -1 0.1575 0.1575 0.3325 0.3325 0.3325 0.333 0.333 0.3055 0.3055 0.3425 0.3425 0.3425 0.3095 0.3095 0.2905 0.2905 0.268 0.268 0.268 0.2535 0.2535 0.2495 0.2495 0.2535 0.2535 0.2535 0.2585 0.2585 0.256 0.256 0.256 0.256 0.256 0.26 0.26 0.259 0.259 0.257 0.257 0.2725 0.2725 0.2725 0.268 0.268 0.2775 0.2775 0.2775 0.2775 0.2775 0.279 0.279 0.2655 0.2655 0.268 0.268 0.268 0.277 0.277 0.2665 0.2665 0.27
-1 -1 -1 -1 -1 -1 -1 -1 -1 -1 -1 -1 0.169 0.169 0.169 0.169 0.1945 0.1945 0.3325 0.3325 0.3325 0.3015 0.3015 0.3265 0.3265 0.3165 0.3165 0.3165 0.313 0.313 0.291 0.291 0.261 0.261 0.261 0.27 0.27 0.2805 0.2805 0.2655 0.2655 0.2655 0.26 0.26 0.261 0.261 0.263 0.263 0.263 0.265 0.265 0.2735 0.2735 0.2695 0.2695 0.2705 0.2705 0.2705 0.269 0.269 0.2735 0.2735 0.2735 0.2735 0.2735 0.2575 0.2575 0.2585 0.2585 0.259 0.259 0.259 0.2545 0.2545 0.266 0.266 0.2925
-1 -1 -1 -1 -1 -1 -1 -1 -1 -1 -1 -1 0.169 0.169 0.169 0.169 0.1945 0.1945 0.3325 0.3325 0.3325 0.3015 0.3015 0.3265 0.3265 0.3165 0.3165 0.3165 0.313 0.313 0.291 0.291 0.261 0.261 0.261 0.27 0.27 0.2805 0.2805 0.2655 0.2655 0.2655 0.26 0.26 0.261 0.261 0.263 0.263 0.263 0.265 0.265 0.2735 0.2735 0.2695 0.2695 0.2705 0.2705 0.2705 0.269 0.269 0.2735 0.2735 0.2735 0.2735 0.2735 0.2575 0.2575 0.2585 0.2585 0.259 0.259 0.259 0.2545 0.2545 0.266 0.266 0.2925
-1 -1 -1 -1 -1 -1 -1 -1 -1 0.1465 0.1465 0.1465 0.083 0.083 0.1589 0.1589 0.1169 0.1169 0.0555 0.0555 0.0555 0.3095 0.3095 0.303 0.303 0.347 0.347 0.347 0.339 0.339 0.2895 0.2895 0.2805 0.2805 0.2805 0.265 0.265 0.274 0.274 0.268 0.268 0.268 0.264 0.264 0.268 0.268 0.268 0.268 0.268 0.2725 0.2725 0.276 0.276 0.259 0.259 0.259 0.259 0.259 0.282 0.282 0.2705 0.2705 0.2705 0.2705 0.2705 0.2615 0.2615 0.248 0.248 0.253 0.253 0.253 0.251 0.251 0.234 0.234 0.255
-1 -1 -1 -1 -1 -1 -1 -1 -1 0.1465 0.1465 0.1465 0.083 0.083 0.1589 0.1589 0.1169 0.1169 0.0555 0.0555 0.0555 0.3095 0.3095 0.303 0.303 0.347 0.347 0.347 0.339 0.339 0.2895 0.2895 0.2805 0.2805 0.2805 0.265 0.265 0.274 0.274 0.268 0.268 0.268 0.264 0.264 0.268 0.268 0.268 0.268 0.268 0.2725 0.2725 0.276 0.276 0.259 0.259 0.259 0.259 0.259 0.282 0.282 0.2705 0.2705 0.2705 0.2705 0.2705 0.2615 0.2615 0.248 0.248 0.253 0.253 0.253 0.251 0.251 0.234 0.234 0.255
-1 -1 -1 -1 -1 -1 -1 -1 -1 0.1465 0.1465 0.1465 0.083 0.083 0.1589 0.1589 0.1169 0.1169 0.0555 0.0555 0.0555 0.3095 0.3095 0.303 0.303 0.347 0.347 0.347 0.339 0.339 0.2895 0.2895 0.2805 0.2805 0.2805 0.265 0.265 0.274 0.274 0.268 0.268 0.268 0.264 0.264 0.268 0.268 0.268 0.268 0.268 0.2725 0.2725 0.276 0.276 0.259 0.259 0.259 0.259 0.259 0.282 0.282 0.2705 0.2705 0.2705 0.2705 0.2705 0.2615 0.2615 0.248 0.248 0.253 0.253 0.253 0.251 0.251 0.234 0.234 0.255
-1 -1 -1 -1 -1 -1 -1 -1 -1 -1 -1 -1 0.1174 0.1174 0.1619 0.1619 0.1804 0.1804 0.1487 0.1487 0.1487 0.27 0.27 0.2935 0.2935 0.339 0.339 0.339 0.372 0.372 0.3025 0.3025 0.2795 0.2795 0.2795 0.266 0.266 0.268 0.268 0.265 0.265 0.265 0.279 0.279 0.265 0.265 0.272 0.272 0.272 0.2755 0.2755 0.2745 0.2745 0.268 0.268 0.256 0.256 0.256 0.2655 0.2655 0.2625 0.2625 0.2625 0.2625 0.2625 0.248 0.248 0.196 0.196 0.244 0.244 0.244 0.2705 0.2705 0.2385 0.2385 0.2415
-1 -1 -1 -1 -1 -1 -1 -1 -1 -1 -1 -1 0.1174 0.1174 0.1619 0.1619 0.1804 0.1804 0.1487 0.1487 0.1487 0.27 0.27 0.2935 0.2935 0.339 0.339 0.339 0.372 0.372 0.3025 0.3025 0.2795 0.2795 0.2795 0.266 0.266 0.268 0.268 0.265 0.265 0.265 0.279 0.279 0.265 0.265 0.272 0.272 0.272 0.2755 0.2755 0.2745 0.2745 0.268 0.268 0.256 0.256 0.256 0.2655 0.2655 0.2625 0.2625 0.2625 0.2625 0.2625 0.248 0.248 0.196 0.196 0.244 0.244 0.244 0.2705 0.2705 0.2385 0.2385 0.2415
-1 -1 -1 -1 -1 -1 -1 -1 -1 -1 -1 -1 -1 -1 -1 -1 -1 -1 0.2144 0.2144 0.2144 0.206 0.206 0.301 0.301 0.294 0.294 0.294 0.2965 0.2965 0.297 0.297 0.305 0.305 0.305 0.2725 0.2725 0.264 0.264 0.2645 0.2645 0.2645 0.266 0.266 0.2615 0.2615 0.2635 0.2635 0.2635 0.2725 0.2725 0.273 0.273 0.276 0.276 0.2675 0.2675 0.2675 0.2555 0.2555 0.2395 0.2395 0.2395 0.2395 0.2395 0.211 0.211 0.2215 0.2215 0.271 0.271 0.271 0.2875 0.2875 0.281 0.281 0.2505
-1 -1 -1 -1 -1 -1 -1 -1 -1 -1 -1 -1 -1 -1 -1 -1 -1 -1 0.2144 0.2144 0.2144 0.206 0.206 0.301 0.301 0.294 0.294 0.294 0.2965 0.2965 0.297 0.297 0.305 0.305 0.305 0.2725 0.2725 0.264 0.264 0.2645 0.2645 0.2645 0.266 0.266 0.2615 0.2615 0.2635 0.2635 0.2635 0.2725 0.2725 0.273 0.273 0.276 0.276 0.2675 0.2675 0.2675 0.2555 0.2555 0.2395 0.2395 0.2395 0.2395 0.2395 0.211 0.211 0.2215 0.2215 0.271 0.271 0.271 0.2875 0.2875 0.281 0.281 0.2505
-1 -1 -1 -1 -1 -1 -1 -1 -1 -1 -1 -1 -1 -1 -1 -1 -1 -1 -1 -1 -1 0.1265 0.1265 0.1515 0.1515 0.297 0.297 0.297 0.304 0.304 0.3115 0.3115 0.301 0.301 0.301 0.2845 0.2845 0.2675 0.2675 0.2615 0.2615 0.2615 0.2735 0.2735 0.2595 0.2595 0.277 0.277 0.277 0.2785 0.2785 0.2635 0.2635 0.258 0.258 0.2545 0.2545 0.2545 0.252 0.252 0.2555 0.2555 0.2555 0.2555 0.2555 0.244 0.244 0.2535 0.2535 0.2455 0.2455 0.2455 0.2195 0.2195 0.2485 0.2485 0.266
-1 -1 -1 -1 -1 -1 -1 -1 -1 -1 -1 -1 -1 -1 -1 -1 -1 -1 -1 -1 -1 0.1265 0.1265 0.1515 0.1515 0.297 0.297 0.297 0.304 0.304 0.3115 0.3115 0.301 0.301 0.301 0.2845 0.2845 0.2675 0.2675 0.2615 0.2615 0.2615 0.2735 0.2735 0.2595 0.2595 0.277 0.277 0.277 0.2785 0.2785 0.2635 0.2635 0.258 0.258 0.2545 0.2545 0.2545 0.252 0.252 0.2555 0.2555 0.2555 0.2555 0.2555 0.244 0.244 0.2535 0.2535 0.2455 0.2455 0.2455 0.2195 0.2195 0.2485 0.2485 0.266
-1 -1 -1 -1 -1 -1 -1 -1 -1 -1 -1 -1 -1 -1 -1 -1 -1 -1 -1 -1 -1 0.1609 0.1609 0.3685 0.3685 0.2405 0.2405 0.2405 0.2765 0.2765 0.297 0.297 0.289 0.289 0.289 0.317 0.317 0.278 0.278 0.2625 0.2625 0.2625 0.227 0.227 0.257 0.257 0.2625 0.2625 0.2625 0.2685 0.2685 0.274 0.274 0.263 0.263 0.269 0.269 0.269 0.2845 0.2845 0.2625 0.2625 0.2625 0.2625 0.2625 0.2605 0.2605 0.257 0.257 0.262 0.262 0.262 0.24 0.24 0.269 0.269 0.2615
-1 -1 -1 -1 -1 -1 -1 -1 -1 -1 -1 -1 -1 -1 -1 -1 -1 -1 -1 -1 -1 0.1609 0.1609 0.3685 0.3685 0.2405 0.2405 0.2405 0.2765 0.2765 0.297 0.297 0.289 0.289 0.289 0.317 0.317 0.278 0.278 0.2625 0.2625 0.2625 0.227 0.227 0.257 0.257 0.2625 0.2625 0.2625 0.2685 0.2685 0.274 0.274 0.263 0.263 0.269 0.269 0.269 0.2845 0.2845 0.2625 0.2625 0.2625 0.2625 0.2625 0.2605 0.2605 0.257 0.257 0.262 0.262 0.262 0.24 0.24 0.269 0.269 0.2615
-1 -1 -1 -1 -1 -1 -1 -1 -1 -1 -1 -1 -1 -1 -1 -1 -1 -1 -1 -1 -1 0.1609 0.1609 0.3685 0.3685 0.2405 0.2405 0.2405 0.2765 0.2765 0.297 0.297 0.289 0.289 0.289 0.317 0.317 0.278 0.278 0.2625 0.2625 0.2625 0.227 0.227 0.257 0.257 0.2625 0.2625 0.2625 0.2685 0.2685 0.274 0.274 0.263 0.263 0.269 0.269 0.269 0.2845 0.2845 0.2625 0.2625 0.2625 0.2625 0.2625 0.2605 0.2605 0.257 0.257 0.262 0.262 0.262 0.24 0.24 0.269 0.269 0.2615
-1 -1 -1 -1 -1 -1 -1 -1 -1 -1 -1 -1 -1 -1 -1 -1 -1 -1 -1 -1 -1 -1 -1 0.1849 0.1849 0.0785 0.0785 0.0785 0.299 0.299 0.3065 0.3065 0.3055 0.3055 0.3055 0.419 0.419 0.218 0.218 0.1645 0.1645 0.1645 0.2135 0.2135 0.233 0.233 0.2475 0.2475 0.2475 0.2665 0.2665 0.2925 0.2925 0.31 0.31 0.3425 0.3425 0.3425 0.343 0.343 0.249 0.249 0.249 0.249 0.249 0.2415 0.2415 0.276 0.276 0.257 0.257 0.257 0.26 0.26 0.2615 0.2615 0.2705
-1 -1 -1 -1 -1 -1 -1 -1 -1 -1 -1 -1 -1 -1 -1 -1 -1 -1 -1 -1 -1 -1 -1 0.1849 0.1849 0.0785 0.0785 0.0785 0.299 0.299 0.3065 0.3065 0.3055 0.3055 0.3055 0.419 0.419 0.218 0.218 0.1645 0.1645 0.1645 0.2135 0.2135 0.233 0.233 0.2475 0.2475 0.2475 0.2665 0.2665 0.2925 0.2925 0.31 0.31 0.3425 0.3425 0.3425 0.343 0.343 0.249 0.249 0.249 0.249 0.249 0.2415 0.2415 0.276 0.276 0.257 0.257 0.257 0.26 0.26 0.2615 0.2615 0.2705
-1 -1 -1 -1 -1 -1 -1 -1 -1 -1 -1 -1 -1 -1 -1 -1 -1 -1 -1 -1 -1 -1 -1 -1 -1 0.124 0.124 0.124 0.1855 0.1855 0.3025 0.3025 0.3165 0.3165 0.3165 0.203 0.203 0.08750001 0.08750001 0.125 0.125 0.125 0.223 0.223 0.215 0.215 0.2715 0.2715 0.2715 0.2485 0.2485 0.2755 0.2755 0.2915 0.2915 0.328 0.328 0.328 0.297 0.297 0.274 0.274 0.274 0.274 0.274 0.254 0.254 0.263 0.263 0.265 0.265 0.265 0.261 0.261 0.2565 0.2565 0.253
-1 -1 -1 -1 -1 -1 -1 -1 -1 -1 -1 -1 -1 -1 -1 -1 -1 -1 -1 -1 -1 -1 -1 -1 -1 0.124 0.124 0.124 0.1855 0.1855 0.3025 0.3025 0.3165 0.3165 0.3165 0.203 0.203 0.08750001 0.08750001 0.125 0.125 0.125 0.223 0.223 0.215 0.215 0.2715 0.2715 0.2715 0.2485 0.2485 0.2755 0.2755 0.2915 0.2915 0.328 0.328 0.328 0.297 0.297 0.274 0.274 0.274 0.274 0.274 0.254 0.254 0.263 0.263 0.265 0.265 0.265 0.261 0.261 0.2565 0.2565 0.253
-1 -1 -1 -1 -1 -1 -1 -1 -1 -1 -1 -1 -1 -1 -1 -1 -1 -1 -1 -1 -1 -1 -1 -1 -1 0.0989 0.0989 0.0989 0.114 0.114 0.249 0.249 0.268 0.268 0.268 0.2225 0.2225 0.161 0.161 0.2485 0.2485 0.2485 0.2345 0.2345 0.2735 0.2735 0.251 0.251 0.251 0.208 0.208 0.268 0.268 0.272 0.272 0.2845 0.2845 0.2845 0.289 0.289 0.2965 0.2965 0.2965 0.2965 0.2965 0.286 0.286 0.2375 0.2375 0.2395 0.2395 0.2395 0.246 0.246 0.2545 0.2545 0.2585
-1 -1 -1 -1 -1 -1 -1 -1 -1 -1 -1 -1 -1 -1 -1 -1 -1 -1 -1 -1 -1 -1 -1 -1 -1 0.0989 0.0989 0.0989 0.114 0.114 0.249 0.249 0.268 0.268 0.268 0.2225 0.2225 0.161 0.161 0.2485 0.2485 0.2485 0.2345 0.2345 0.2735 0.2735 0.251 0.251 0.251 0.208 0.208 0.268 0.268 0.272 0.272 0.2845 0.2845 0.2845 0.289 0.289 0.2965 0.2965 0.2965 0.2965 0.2965 0.286 0.286 0.2375 0.2375 0.2395 0.2395 0.2395 0.246 0.246 0.2545 0.2545 0.2585
-1 -1 -1 -1 -1 -1 -1 -1 -1 -1 -1 -1 -1 -1 -1 -1 -1 -1 -1 -1 -1 -1 -1 -1 -1 0.0989 0.0989 0.0989 0.114 0.114 0.249 0.249 0.268 0.268 0.268 0.2225 0.2225 0.161 0.161 0.2485 0.2485 0.2485 0.2345 0.2345 0.2735 0.2735 0.251 0.251 0.251 0.208 0.208 0.268 0.268 0.272 0.272 0.2845 0.2845 0.2845 0.289 0.289 0.2965 0.2965 0.2965 0.2965 0.2965 0.286 0.286 0.2375 0.2375 0.2395 0.2395 0.2395 0.246 0.246 0.2545 0.2545 0.2585
-1 -1 -1 -1 -1 -1 -1 -1 -1 -1 -1 -1 -1 -1 -1 -1 -1 -1 -1 -1 -1 -1 -1 -1 -1 -1 -1 -1 0.1155 0.1155 0.2385 0.2385 0.257 0.257 0.257 0.337 0.337 0.3855 0.3855 0.301 0.301 0.301 0.2835 0.2835 0.2745 0.2745 0.2595 0.2595 0.2595 0.2535 0.2535 0.2475 0.2475 0.3005 0.3005 0.2925 0.2925 0.2925 0.2915 0.2915 0.288 0.288 0.288 0.288 0.288 0.2735 0.2735 0.268 0.268 0.2715 0.2715 0.2715 0.2565 0.2565 0.2535 0.2535 0.2505
-1 -1 -1 -1 -1 -1 -1 -1 -1 -1 -1 -1 -1 -1 -1 -1 -1 -1 -1 -1 -1 -1 -1 -1 -1 -1 -1 -1 0.1155 0.1155 0.2385 0.2385 0.257 0.257 0.257 0.337 0.337 0.3855 0.3855 0.301 0.301 0.301 0.2835 0.2835 0.2745 0.2745 0.2595 0.2595 0.2595 0.2535 0.2535 0.2475 0.2475 0.3005 0.3005 0.2925 0.2925 0.2925 0.2915 0.2915 0.288 0.288 0.288 0.288 0.288 0.2735 0.2735 0.268 0.268 0.2715 0.2715 0.2715 0.2565 0.2565 0.2535 0.2535 0.2505
-1 -1 -1 -1 -1 -1 -1 -1 -1 -1 -1 -1 -1 -1 -1 -1 -1 -1 -1 -1 -1 -1 -1 -1 -1 -1 -1 -1 0.0315 0.0315 0.3895 0.3895 0.4255 0.4255 0.4255 0.477 0.477 0.3785 0.3785 0.3305 0.3305 0.3305 0.3565 0.3565 0.2735 0.2735 0.263 0.263 0.263 0.2565 0.2565 0.2755 0.2755 0.278 0.278 0.2685 0.2685 0.2685 0.2785 0.2785 0.267 0.267 0.267 0.267 0.267 0.2685 0.2685 0.2725 0.2725 0.2805 0.2805 0.2805 0.277 0.277 0.2715 0.2715 0.267
-1 -1 -1 -1 -1 -1 -1 -1 -1 -1 -1 -1 -1 -1 -1 -1 -1 -1 -1 -1 -1 -1 -1 -1 -1 -1 -1 -1 0.0315 0.0315 0.3895 0.3895 0.4255 0.4255 0.4255 0.477 0.477 0.3785 0.3785 0.3305 0.3305 0.3305 0.3565 0.3565 0.2735 0.2735 0.263 0.263 0.263 0.2565 0.2565 0.2755 0.2755 0.278 0.278 0.2685 0.2685 0.2685 0.2785 0.2785 0.267 0.267 0.267 0.267 0.267 0.2685 0.2685 0.2725 0.2725 0.2805 0.2805 0.2805 0.277 0.277 0.2715 0.2715 0.267
