ndvi/NOAA-229.asc
ncols         252
nrows         154
xllcorner     -18.017974
yllcorner     13.481982
cellsize      0.035948
NODATA_value  -9999
[rows 70 to 104 of 154, columns 0 to 76 of 252]
-1 -1 -1 -1 -1 -1 -1 -1 -1 -1 -1 -1 -1 -1 -1 -1 -1 -1 -1 -1 -1 -1 -1 -1 -1 -1 -1 -1 -1 -1 -1 -1 -1 -1 -1 -1 -1 -1 -1 0.297 0.297 0.297 0.3805 0.3805 0.4015 0.4015 0.3705 0.3705 0.3705 0.352 0.352 0.327 0.327 0.298 0.298 0.311 0.311 0.311 0.3965 0.3965 0.4125 0.4125 0.4125 0.4125 0.4125 0.33 0.33 0.269 0.269 0.252 0.252 0.252 0.2435 0.2435 0.243 0.243 0.2415
-1 -1 -1 -1 -1 -1 -1 -1 -1 -1 -1 -1 -1 -1 -1 -1 -1 -1 -1 -1 -1 -1 -1 -1 -1 -1 -1 -1 -1 -1 -1 -1 -1 -1 -1 -1 -1 0.146 0.146 0.2175 0.2175 0.2175 0.4925 0.4925 0.3275 0.3275 0.2905 0.2905 0.2905 0.295 0.295 0.3 0.3 0.259 0.259 0.2745 0.2745 0.2745 0.249 0.249 0.313 0.313 0.313 0.313 0.313 0.2605 0.2605 0.2545 0.2545 0.251 0.251 0.251 0.247 0.247 0.244 0.244 0.2465
-1 -1 -1 -1 -1 -1 -1 -1 -1 -1 -1 -1 -1 -1 -1 -1 -1 -1 -1 -1 -1 -1 -1 -1 -1 -1 -1 -1 -1 -1 -1 -1 -1 -1 -1 -1 -1 0.146 0.146 0.2175 0.2175 0.2175 0.4925 0.4925 0.3275 0.3275 0.2905 0.2905 0.2905 0.295 0.295 0.3 0.3 0.259 0.259 0.2745 0.2745 0.2745 0.249 0.249 0.313 0.313 0.313 0.313 0.313 0.2605 0.2605 0.2545 0.2545 0.251 0.251 0.251 0.247 0.247 0.244 0.244 0.2465
-1 -1 -1 -1 -1 -1 -1 -1 -1 -1 -1 -1 -1 -1 -1 -1 -1 -1 -1 -1 -1 -1 -1 -1 -1 -1 -1 -1 -1 -1 -1 -1 -1 -1 -1 -1 -1 0.146 0.146 0.2175 0.2175 0.2175 0.4925 0.4925 0.3275 0.3275 0.2905 0.2905 0.2905 0.295 0.295 0.3 0.3 0.259 0.259 0.2745 0.2745 0.2745 0.249 0.249 0.313 0.313 0.313 0.313 0.313 0.2605 0.2605 0.2545 0.2545 0.251 0.251 0.251 0.247 0.247 0.244 0.244 0.2465
-1 -1 -1 -1 -1 -1 -1 -1 -1 -1 -1 -1 -1 -1 -1 -1 -1 -1 -1 -1 -1 -1 -1 -1 -1 -1 -1 -1 -1 -1 -1 -1 -1 -1 -1 -1 -1 0.0425 0.0425 0.227 0.227 0.227 0.369 0.369 0.3415 0.3415 0.265 0.265 0.265 0.262 0.262 0.2585 0.2585 0.1995 0.1995 0.2645 0.2645 0.2645 0.271 0.271 0.2735 0.2735 0.2735 0.2735 0.2735 0.2795 0.2795 0.258 0.258 0.2565 0.2565 0.2565 0.2595 0.2595 0.2565 0.2565 0.2615
-1 -1 -1 -1 -1 -1 -1 -1 -1 -1 -1 -1 -1 -1 -1 -1 -1 -1 -1 -1 -1 -1 -1 -1 -1 -1 -1 -1 -1 -1 -1 -1 -1 -1 -1 -1 -1 0.0425 0.0425 0.227 0.227 0.227 0.369 0.369 0.3415 0.3415 0.265 0.265 0.265 0.262 0.262 0.2585 0.2585 0.1995 0.1995 0.2645 0.2645 0.2645 0.271 0.271 0.2735 0.2735 0.2735 0.2735 0.2735 0.2795 0.2795 0.258 0.258 0.2565 0.2565 0.2565 0.2595 0.2595 0.2565 0.2565 0.2615
-1 -1 -1 -1 -1 -1 -1 -1 -1 -1 -1 -1 -1 -1 -1 -1 -1 -1 -1 -1 -1 -1 -1 -1 -1 -1 -1 -1 -1 -1 -1 -1 -1 -1 -1 -1 -1 0.018 0.018 0.221 0.221 0.221 0.325 0.325 0.3285 0.3285 0.2945 0.2945 0.2945 0.293 0.293 0.299 0.299 0.2755 0.2755 0.269 0.269 0.269 0.268 0.268 0.266 0.266 0.266 0.266 0.266 0.2795 0.2795 0.266 0.266 0.265 0.265 0.265 0.2635 0.2635 0.2555 0.2555 0.251
-1 -1 -1 -1 -1 -1 -1 -1 -1 -1 -1 -1 -1 -1 -1 -1 -1 -1 -1 -1 -1 -1 -1 -1 -1 -1 -1 -1 -1 -1 -1 -1 -1 -1 -1 -1 -1 0.018 0.018 0.221 0.221 0.221 0.325 0.325 0.3285 0.3285 0.2945 0.2945 0.2945 0.293 0.293 0.299 0.299 0.2755 0.2755 0.269 0.269 0.269 0.268 0.268 0.266 0.266 0.266 0.266 0.266 0.2795 0.2795 0.266 0.266 0.265 0.265 0.265 0.2635 0.2635 0.2555 0.2555 0.251
-1 -1 -1 -1 -1 -1 -1 -1 -1 -1 -1 -1 -1 -1 -1 -1 -1 -1 -1 -1 -1 -1 -1 -1 -1 -1 -1 -1 -1 -1 -1 -1 -1 -1 -1 -1 -1 0.113 0.113 0.2775 0.2775 0.2775 0.316 0.316 0.3145 0.3145 0.278 0.278 0.278 0.27 0.27 0.299 0.299 0.306 0.306 0.305 0.305 0.305 0.2655 0.2655 0.2565 0.2565 0.2565 0.2565 0.2565 0.269 0.269 0.2625 0.2625 0.258 0.258 0.258 0.268 0.268 0.2685 0.2685 0.244
-1 -1 -1 -1 -1 -1 -1 -1 -1 -1 -1 -1 -1 -1 -1 -1 -1 -1 -1 -1 -1 -1 -1 -1 -1 -1 -1 -1 -1 -1 -1 -1 -1 -1 -1 -1 -1 0.113 0.113 0.2775 0.2775 0.2775 0.316 0.316 0.3145 0.3145 0.278 0.278 0.278 0.27 0.27 0.299 0.299 0.306 0.306 0.305 0.305 0.305 0.2655 0.2655 0.2565 0.2565 0.2565 0.2565 0.2565 0.269 0.269 0.2625 0.2625 0.258 0.258 0.258 0.268 0.268 0.2685 0.2685 0.244
-1 -1 -1 -1 -1 -1 -1 -1 -1 -1 -1 -1 -1 -1 -1 -1 -1 -1 -1 -1 -1 -1 -1 -1 -1 -1 -1 -1 -1 -1 -1 -1 -1 -1 -1 -1 -1 0.1505 0.1505 0.2705 0.2705 0.2705 0.3065 0.3065 0.288 0.288 0.2845 0.2845 0.2845 0.266 0.266 0.281 0.281 0.287 0.287 0.284 0.284 0.284 0.2635 0.2635 0.26 0.26 0.26 0.26 0.26 0.269 0.269 0.2505 0.2505 0.2525 0.2525 0.2525 0.247 0.247 0.26 0.26 0.243
-1 -1 -1 -1 -1 -1 -1 -1 -1 -1 -1 -1 -1 -1 -1 -1 -1 -1 -1 -1 -1 -1 -1 -1 -1 -1 -1 -1 -1 -1 -1 -1 -1 -1 -1 -1 -1 0.1505 0.1505 0.2705 0.2705 0.2705 0.3065 0.3065 0.288 0.288 0.2845 0.2845 0.2845 0.266 0.266 0.281 0.281 0.287 0.287 0.284 0.284 0.284 0.2635 0.2635 0.26 0.26 0.26 0.26 0.26 0.269 0.269 0.2505 0.2505 0.2525 0.2525 0.2525 0.247 0.247 0.26 0.26 0.243
-1 -1 -1 -1 -1 -1 -1 -1 -1 -1 -1 -1 -1 -1 -1 -1 -1 -1 -1 -1 -1 -1 -1 -1 -1 -1 -1 -1 -1 -1 -1 -1 -1 -1 -1 -1 -1 0.1505 0.1505 0.2705 0.2705 0.2705 0.3065 0.3065 0.288 0.288 0.2845 0.2845 0.2845 0.266 0.266 0.281 0.281 0.287 0.287 0.284 0.284 0.284 0.2635 0.2635 0.26 0.26 0.26 0.26 0.26 0.269 0.269 0.2505 0.2505 0.2525 0.2525 0.2525 0.247 0.247 0.26 0.26 0.243
-1 -1 -1 -1 -1 -1 -1 -1 -1 -1 -1 -1 -1 -1 -1 -1 -1 -1 -1 -1 -1 -1 -1 -1 -1 -1 -1 -1 -1 -1 -1 -1 -1 -1 -1 -1 -1 0.174 0.174 0.27 0.27 0.27 0.3065 0.3065 0.282 0.282 0.2705 0.2705 0.2705 0.2625 0.2625 0.2765 0.2765 0.286 0.286 0.3 0.3 0.3 0.264 0.264 0.2565 0.2565 0.2565 0.2565 0.2565 0.252 0.252 0.2655 0.2655 0.2715 0.2715 0.2715 0.2595 0.2595 0.2575 0.2575 0.246
-1 -1 -1 -1 -1 -1 -1 -1 -1 -1 -1 -1 -1 -1 -1 -1 -1 -1 -1 -1 -1 -1 -1 -1 -1 -1 -1 -1 -1 -1 -1 -1 -1 -1 -1 -1 -1 0.174 0.174 0.27 0.27 0.27 0.3065 0.3065 0.282 0.282 0.2705 0.2705 0.2705 0.2625 0.2625 0.2765 0.2765 0.286 0.286 0.3 0.3 0.3 0.264 0.264 0.2565 0.2565 0.2565 0.2565 0.2565 0.252 0.252 0.2655 0.2655 0.2715 0.2715 0.2715 0.2595 0.2595 0.2575 0.2575 0.246
-1 -1 -1 -1 -1 -1 -1 -1 -1 -1 -1 -1 -1 -1 -1 -1 -1 -1 -1 -1 -1 -1 -1 -1 -1 -1 -1 -1 -1 -1 -1 -1 -1 -1 -1 -1 -1 0.158 0.158 0.3185 0.3185 0.3185 0.3185 0.3185 0.2865 0.2865 0.2615 0.2615 0.2615 0.273 0.273 0.266 0.266 0.2715 0.2715 0.2815 0.2815 0.2815 0.281 0.281 0.271 0.271 0.271 0.271 0.271 0.2655 0.2655 0.2665 0.2665 0.2625 0.2625 0.2625 0.258 0.258 0.271 0.271 0.273
-1 -1 -1 -1 -1 -1 -1 -1 -1 -1 -1 -1 -1 -1 -1 -1 -1 -1 -1 -1 -1 -1 -1 -1 -1 -1 -1 -1 -1 -1 -1 -1 -1 -1 -1 -1 -1 0.158 0.158 0.3185 0.3185 0.3185 0.3185 0.3185 0.2865 0.2865 0.2615 0.2615 0.2615 0.273 0.273 0.266 0.266 0.2715 0.2715 0.2815 0.2815 0.2815 0.281 0.281 0.271 0.271 0.271 0.271 0.271 0.2655 0.2655 0.2665 0.2665 0.2625 0.2625 0.2625 0.258 0.258 0.271 0.271 0.273
-1 -1 -1 -1 -1 -1 -1 -1 -1 -1 -1 -1 -1 -1 -1 -1 -1 -1 -1 -1 -1 -1 -1 -1 -1 -1 -1 -1 -1 -1 -1 -1 -1 -1 -1 0.1475 0.1475 0.3365 0.3365 0.307 0.307 0.307 0.3 0.3 0.2915 0.2915 0.275 0.275 0.275 0.2835 0.2835 0.2885 0.2885 0.279 0.279 0.2805 0.2805 0.2805 0.293 0.293 0.2895 0.2895 0.2895 0.2895 0.2895 0.285 0.285 0.2885 0.2885 0.279 0.279 0.279 0.27 0.27 0.273 0.273 0.2795
-1 -1 -1 -1 -1 -1 -1 -1 -1 -1 -1 -1 -1 -1 -1 -1 -1 -1 -1 -1 -1 -1 -1 -1 -1 -1 -1 -1 -1 -1 -1 -1 -1 -1 -1 0.1475 0.1475 0.3365 0.3365 0.307 0.307 0.307 0.3 0.3 0.2915 0.2915 0.275 0.275 0.275 0.2835 0.2835 0.2885 0.2885 0.279 0.279 0.2805 0.2805 0.2805 0.293 0.293 0.2895 0.2895 0.2895 0.2895 0.2895 0.285 0.285 0.2885 0.2885 0.279 0.279 0.279 0.27 0.27 0.273 0.273 0.2795
-1 -1 -1 -1 -1 -1 -1 -1 -1 -1 -1 -1 -1 -1 -1 -1 -1 -1 -1 -1 -1 -1 -1 -1 -1 -1 -1 -1 -1 -1 -1 -1 -1 -1 -1 0.1475 0.1475 0.3365 0.3365 0.307 0.307 0.307 0.3 0.3 0.2915 0.2915 0.275 0.275 0.275 0.2835 0.2835 0.2885 0.2885 0.279 0.279 0.2805 0.2805 0.2805 0.293 0.293 0.2895 0.2895 0.2895 0.2895 0.2895 0.285 0.285 0.2885 0.2885 0.279 0.279 0.279 0.27 0.27 0.273 0.273 0.2795
-1 -1 -1 -1 -1 -1 -1 -1 -1 -1 -1 -1 -1 -1 -1 -1 -1 -1 -1 -1 -1 -1 -1 -1 -1 -1 -1 -1 -1 -1 -1 -1 -1 -1 -1 0.1955 0.1955 0.317 0.317 0.313 0.313 0.313 0.3055 0.3055 0.3085 0.3085 0.2955 0.2955 0.2955 0.304 0.304 0.308 0.308 0.2885 0.2885 0.296 0.296 0.296 0.318 0.318 0.331 0.331 0.331 0.331 0.331 0.3075 0.3075 0.295 0.295 0.2905 0.2905 0.2905 0.289 0.289 0.286 0.286 0.2865
-1 -1 -1 -1 -1 -1 -1 -1 -1 -1 -1 -1 -1 -1 -1 -1 -1 -1 -1 -1 -1 -1 -1 -1 -1 -1 -1 -1 -1 -1 -1 -1 -1 -1 -1 0.1955 0.1955 0.317 0.317 0.313 0.313 0.313 0.3055 0.3055 0.3085 0.3085 0.2955 0.2955 0.2955 0.304 0.304 0.308 0.308 0.2885 0.2885 0.296 0.296 0.296 0.318 0.318 0.331 0.331 0.331 0.331 0.331 0.3075 0.3075 0.295 0.295 0.2905 0.2905 0.2905 0.289 0.289 0.286 0.286 0.2865
-1 -1 -1 -1 -1 -1 -1 -1 -1 -1 -1 -1 -1 -1 -1 -1 -1 -1 -1 -1 -1 -1 -1 -1 -1 -1 -1 -1 -1 -1 -1 -1 0.131 0.131 0.131 0.3105 0.3105 0.3115 0.3115 0.3 0.3 0.3 0.3055 0.3055 0.3075 0.3075 0.3065 0.3065 0.3065 0.3215 0.3215 0.309 0.309 0.303 0.303 0.287 0.287 0.287 0.29 0.29 0.31 0.31 0.31 0.31 0.31 0.3145 0.3145 0.287 0.287 0.294 0.294 0.294 0.2825 0.2825 0.2855 0.2855 0.289
-1 -1 -1 -1 -1 -1 -1 -1 -1 -1 -1 -1 -1 -1 -1 -1 -1 -1 -1 -1 -1 -1 -1 -1 -1 -1 -1 -1 -1 -1 -1 -1 0.131 0.131 0.131 0.3105 0.3105 0.3115 0.3115 0.3 0.3 0.3 0.3055 0.3055 0.3075 0.3075 0.3065 0.3065 0.3065 0.3215 0.3215 0.309 0.309 0.303 0.303 0.287 0.287 0.287 0.29 0.29 0.31 0.31 0.31 0.31 0.31 0.3145 0.3145 0.287 0.287 0.294 0.294 0.294 0.2825 0.2825 0.2855 0.2855 0.289
-1 -1 -1 -1 -1 -1 -1 -1 -1 -1 -1 -1 -1 -1 -1 -1 -1 -1 -1 -1 -1 -1 -1 -1 -1 -1 -1 -1 -1 -1 0.0805 0.0805 0.31 0.31 0.31 0.3145 0.3145 0.3045 0.3045 0.286 0.286 0.286 0.295 0.295 0.3085 0.3085 0.3105 0.3105 0.3105 0.3065 0.3065 0.302 0.302 0.2945 0.2945 0.2885 0.2885 0.2885 0.303 0.303 0.3115 0.3115 0.3115 0.3115 0.3115 0.3025 0.3025 0.313 0.313 0.2895 0.2895 0.2895 0.282 0.282 0.2895 0.2895 0.2695
-1 -1 -1 -1 -1 -1 -1 -1 -1 -1 -1 -1 -1 -1 -1 -1 -1 -1 -1 -1 -1 -1 -1 -1 -1 -1 -1 -1 -1 -1 0.0805 0.0805 0.31 0.31 0.31 0.3145 0.3145 0.3045 0.3045 0.286 0.286 0.286 0.295 0.295 0.3085 0.3085 0.3105 0.3105 0.3105 0.3065 0.3065 0.302 0.302 0.2945 0.2945 0.2885 0.2885 0.2885 0.303 0.303 0.3115 0.3115 0.3115 0.3115 0.3115 0.3025 0.3025 0.313 0.313 0.2895 0.2895 0.2895 0.282 0.282 0.2895 0.2895 0.2695
-1 -1 -1 -1 -1 -1 -1 -1 -1 -1 -1 -1 -1 -1 -1 -1 -1 -1 -1 -1 -1 -1 -1 -1 -1 -1 -1 -1 -1 -1 0.0805 0.0805 0.31 0.31 0.31 0.3145 0.3145 0.3045 0.3045 0.286 0.286 0.286 0.295 0.295 0.3085 0.3085 0.3105 0.3105 0.3105 0.3065 0.3065 0.302 0.302 0.2945 0.2945 0.2885 0.2885 0.2885 0.303 0.303 0.3115 0.3115 0.3115 0.3115 0.3115 0.3025 0.3025 0.313 0.313 0.2895 0.2895 0.2895 0.282 0.282 0.2895 0.2895 0.2695
-1 -1 -1 -1 -1 -1 -1 -1 -1 -1 -1 -1 -1 -1 -1 -1 -1 -1 -1 -1 -1 -1 -1 -1 -1 -1 -1 -1 -1 -1 0.16 0.16 0.333 0.333 0.333 0.3185 0.3185 0.3005 0.3005 0.2805 0.2805 0.2805 0.29 0.29 0.3035 0.3035 0.2985 0.2985 0.2985 0.3025 0.3025 0.312 0.312 0.3065 0.3065 0.296 0.296 0.296 0.319 0.319 0.3225 0.3225 0.3225 0.3225 0.3225 0.3185 0.3185 0.313 0.313 0.3 0.3 0.3 0.286 0.286 0.2715 0.2715 0.285
-1 -1 -1 -1 -1 -1 -1 -1 -1 -1 -1 -1 -1 -1 -1 -1 -1 -1 -1 -1 -1 -1 -1 -1 -1 -1 -1 -1 -1 -1 0.16 0.16 0.333 0.333 0.333 0.3185 0.3185 0.3005 0.3005 0.2805 0.2805 0.2805 0.29 0.29 0.3035 0.3035 0.2985 0.2985 0.2985 0.3025 0.3025 0.312 0.312 0.3065 0.3065 0.296 0.296 0.296 0.319 0.319 0.3225 0.3225 0.3225 0.3225 0.3225 0.3185 0.3185 0.313 0.313 0.3 0.3 0.3 0.286 0.286 0.2715 0.2715 0.285
-1 -1 -1 -1 -1 -1 -1 -1 -1 -1 -1 -1 -1 -1 -1 -1 -1 -1 -1 -1 -1 -1 -1 -1 -1 -1 -1 -1 0.1205 0.1205 0.338 0.338 0.351 0.351 0.351 0.339 0.339 0.3055 0.3055 0.301 0.301 0.301 0.298 0.298 0.294 0.294 0.296 0.296 0.296 0.3005 0.3005 0.312 0.312 0.3135 0.3135 0.3065 0.3065 0.3065 0.2985 0.2985 0.316 0.316 0.316 0.316 0.316 0.3045 0.3045 0.309 0.309 0.311 0.311 0.311 0.2905 0.2905 0.2755 0.2755 0.282
-1 -1 -1 -1 -1 -1 -1 -1 -1 -1 -1 -1 -1 -1 -1 -1 -1 -1 -1 -1 -1 -1 -1 -1 -1 -1 -1 -1 0.1205 0.1205 0.338 0.338 0.351 0.351 0.351 0.339 0.339 0.3055 0.3055 0.301 0.301 0.301 0.298 0.298 0.294 0.294 0.296 0.296 0.296 0.3005 0.3005 0.312 0.312 0.3135 0.3135 0.3065 0.3065 0.3065 0.2985 0.2985 0.316 0.316 0.316 0.316 0.316 0.3045 0.3045 0.309 0.309 0.311 0.311 0.311 0.2905 0.2905 0.2755 0.2755 0.282
-1 -1 -1 -1 -1 -1 -1 -1 -1 -1 -1 -1 -1 -1 -1 -1 -1 -1 -1 -1 -1 -1 -1 -1 -1 0.071 0.071 0.071 0.2715 0.2715 0.3635 0.3635 0.344 0.344 0.344 0.322 0.322 0.3185 0.3185 0.3175 0.3175 0.3175 0.3085 0.3085 0.2965 0.2965 0.295 0.295 0.295 0.3005 0.3005 0.318 0.318 0.3125 0.3125 0.3365 0.3365 0.3365 0.319 0.319 0.329 0.329 0.329 0.329 0.329 0.33 0.33 0.322 0.322 0.2945 0.2945 0.2945 0.2965 0.2965 0.294 0.294 0.2775
-1 -1 -1 -1 -1 -1 -1 -1 -1 -1 -1 -1 -1 -1 -1 -1 -1 -1 -1 -1 -1 -1 -1 -1 -1 0.071 0.071 0.071 0.2715 0.2715 0.3635 0.3635 0.344 0.344 0.344 0.322 0.322 0.3185 0.3185 0.3175 0.3175 0.3175 0.3085 0.3085 0.2965 0.2965 0.295 0.295 0.295 0.3005 0.3005 0.318 0.318 0.3125 0.3125 0.3365 0.3365 0.3365 0.319 0.319 0.329 0.329 0.329 0.329 0.329 0.33 0.33 0.322 0.322 0.2945 0.2945 0.2945 0.2965 0.2965 0.294 0.294 0.2775
-1 -1 -1 -1 -1 -1 -1 -1 -1 -1 -1 -1 -1 -1 -1 -1 -1 -1 -1 -1 -1 -1 -1 0.0355 0.0355 0.289 0.289 0.289 0.3485 0.3485 0.3455 0.3455 0.328 0.328 0.328 0.317 0.317 0.3205 0.3205 0.3215 0.3215 0.3215 0.3215 0.3215 0.317 0.317 0.3025 0.3025 0.3025 0.308 0.308 0.297 0.297 0.301 0.301 0.312 0.312 0.312 0.309 0.309 0.3085 0.3085 0.3085 0.3085 0.3085 0.3135 0.3135 0.309 0.309 0.3075 0.3075 0.3075 0.308 0.308 0.304 0.304 0.2885
-1 -1 -1 -1 -1 -1 -1 -1 -1 -1 -1 -1 -1 -1 -1 -1 -1 -1 -1 -1 -1 -1 -1 0.0355 0.0355 0.289 0.289 0.289 0.3485 0.3485 0.3455 0.3455 0.328 0.328 0.328 0.317 0.317 0.3205 0.3205 0.3215 0.3215 0.3215 0.3215 0.3215 0.317 0.317 0.3025 0.3025 0.3025 0.308 0.308 0.297 0.297 0.301 0.301 0.312 0.312 0.312 0.309 0.309 0.3085 0.3085 0.3085 0.3085 0.3085 0.3135 0.3135 0.309 0.309 0.3075 0.3075 0.3075 0.308 0.308 0.304 0.304 0.2885
