ndvi/NOAA-376.asc
ncols         252
nrows         154
xllcorner     -18.017974
yllcorner     13.481982
cellsize      0.035948
NODATA_value  -9999
[rows 34 to 67 of 154, columns 154 to 230 of 252]
0.135 0.1425 0.1425 0.128 0.128 0.128 0.1245 0.1245 0.1225 0.1225 0.1115 0.1115 0.117 0.117 0.117 0.1185 0.1185 0.13 0.13 0.1245 0.1245 0.1245 0.1105 0.1105 0.135 0.135 0.143 0.143 0.143 0.1385 0.1385 0.1435 0.1435 0.129 0.129 0.129 0.128 0.128 0.13 0.13 0.1255 0.1255 0.1255 0.127 0.127 0.129 0.129 0.1335 0.1335 0.1325 0.1325 0.1325 0.1305 0.1305 0.1365 0.1365 0.132 0.132 0.132 0.1435 0.1435 0.1355 0.1355 0.1395 0.1395 0.1395 0.141 0.141 0.1385 0.1385 0.138 0.138 0.138 0.137 0.137 0.1305 0.1305
0.135 0.1425 0.1425 0.128 0.128 0.128 0.1245 0.1245 0.1225 0.1225 0.1115 0.1115 0.117 0.117 0.117 0.1185 0.1185 0.13 0.13 0.1245 0.1245 0.1245 0.1105 0.1105 0.135 0.135 0.143 0.143 0.143 0.1385 0.1385 0.1435 0.1435 0.129 0.129 0.129 0.128 0.128 0.13 0.13 0.1255 0.1255 0.1255 0.127 0.127 0.129 0.129 0.1335 0.1335 0.1325 0.1325 0.1325 0.1305 0.1305 0.1365 0.1365 0.132 0.132 0.132 0.1435 0.1435 0.1355 0.1355 0.1395 0.1395 0.1395 0.141 0.141 0.1385 0.1385 0.138 0.138 0.138 0.137 0.137 0.1305 0.1305
0.135 0.1425 0.1425 0.128 0.128 0.128 0.1245 0.1245 0.1225 0.1225 0.1115 0.1115 0.117 0.117 0.117 0.1185 0.1185 0.13 0.13 0.1245 0.1245 0.1245 0.1105 0.1105 0.135 0.135 0.143 0.143 0.143 0.1385 0.1385 0.1435 0.1435 0.129 0.129 0.129 0.128 0.128 0.13 0.13 0.1255 0.1255 0.1255 0.127 0.127 0.129 0.129 0.1335 0.1335 0.1325 0.1325 0.1325 0.1305 0.1305 0.1365 0.1365 0.132 0.132 0.132 0.1435 0.1435 0.1355 0.1355 0.1395 0.1395 0.1395 0.141 0.141 0.1385 0.1385 0.138 0.138 0.138 0.137 0.137 0.1305 0.1305
0.131 0.118 0.118 0.1235 0.1235 0.1235 0.127 0.127 0.1155 0.1155 0.1145 0.1145 0.117 0.117 0.117 0.121 0.121 0.128 0.128 0.1195 0.1195 0.1195 0.1235 0.1235 0.1375 0.1375 0.1475 0.1475 0.1475 0.156 0.156 0.142 0.142 0.142 0.142 0.142 0.133 0.133 0.13 0.13 0.1295 0.1295 0.1295 0.1275 0.1275 0.133 0.133 0.141 0.141 0.1405 0.1405 0.1405 0.133 0.133 0.1315 0.1315 0.136 0.136 0.136 0.1345 0.1345 0.1435 0.1435 0.1405 0.1405 0.1405 0.142 0.142 0.14 0.14 0.138 0.138 0.138 0.1415 0.1415 0.142 0.142
0.131 0.118 0.118 0.1235 0.1235 0.1235 0.127 0.127 0.1155 0.1155 0.1145 0.1145 0.117 0.117 0.117 0.121 0.121 0.128 0.128 0.1195 0.1195 0.1195 0.1235 0.1235 0.1375 0.1375 0.1475 0.1475 0.1475 0.156 0.156 0.142 0.142 0.142 0.142 0.142 0.133 0.133 0.13 0.13 0.1295 0.1295 0.1295 0.1275 0.1275 0.133 0.133 0.141 0.141 0.1405 0.1405 0.1405 0.133 0.133 0.1315 0.1315 0.136 0.136 0.136 0.1345 0.1345 0.1435 0.1435 0.1405 0.1405 0.1405 0.142 0.142 0.14 0.14 0.138 0.138 0.138 0.1415 0.1415 0.142 0.142
0.1425 0.125 0.125 0.116 0.116 0.116 0.11 0.11 0.114 0.114 0.1175 0.1175 0.1185 0.1185 0.1185 0.1145 0.1145 0.1095 0.1095 0.1015 0.1015 0.1015 0.114 0.114 0.1455 0.1455 0.1395 0.1395 0.1395 0.1535 0.1535 0.1465 0.1465 0.1475 0.1475 0.1475 0.143 0.143 0.137 0.137 0.132 0.132 0.132 0.14 0.14 0.149 0.149 0.1415 0.1415 0.14 0.14 0.14 0.131 0.131 0.134 0.134 0.1405 0.1405 0.1405 0.1495 0.1495 0.1465 0.1465 0.146 0.146 0.146 0.143 0.143 0.1425 0.1425 0.1435 0.1435 0.1435 0.145 0.145 0.1385 0.1385
0.1425 0.125 0.125 0.116 0.116 0.116 0.11 0.11 0.114 0.114 0.1175 0.1175 0.1185 0.1185 0.1185 0.1145 0.1145 0.1095 0.1095 0.1015 0.1015 0.1015 0.114 0.114 0.1455 0.1455 0.1395 0.1395 0.1395 0.1535 0.1535 0.1465 0.1465 0.1475 0.1475 0.1475 0.143 0.143 0.137 0.137 0.132 0.132 0.132 0.14 0.14 0.149 0.149 0.1415 0.1415 0.14 0.14 0.14 0.131 0.131 0.134 0.134 0.1405 0.1405 0.1405 0.1495 0.1495 0.1465 0.1465 0.146 0.146 0.146 0.143 0.143 0.1425 0.1425 0.1435 0.1435 0.1435 0.145 0.145 0.1385 0.1385
0.135 0.1285 0.1285 0.1145 0.1145 0.1145 0.1115 0.1115 0.1145 0.1145 0.1135 0.1135 0.118 0.118 0.118 0.1175 0.1175 0.1115 0.1115 0.1145 0.1145 0.1145 0.127 0.127 0.134 0.134 0.139 0.139 0.139 0.157 0.157 0.1515 0.1515 0.1465 0.1465 0.1465 0.152 0.152 0.133 0.133 0.1355 0.1355 0.1355 0.141 0.141 0.1505 0.1505 0.1465 0.1465 0.1495 0.1495 0.1495 0.1495 0.1495 0.162 0.162 0.151 0.151 0.151 0.1465 0.1465 0.1445 0.1445 0.1625 0.1625 0.1625 0.15 0.15 0.1455 0.1455 0.1405 0.1405 0.1405 0.141 0.141 0.156 0.156
0.135 0.1285 0.1285 0.1145 0.1145 0.1145 0.1115 0.1115 0.1145 0.1145 0.1135 0.1135 0.118 0.118 0.118 0.1175 0.1175 0.1115 0.1115 0.1145 0.1145 0.1145 0.127 0.127 0.134 0.134 0.139 0.139 0.139 0.157 0.157 0.1515 0.1515 0.1465 0.1465 0.1465 0.152 0.152 0.133 0.133 0.1355 0.1355 0.1355 0.141 0.141 0.1505 0.1505 0.1465 0.1465 0.1495 0.1495 0.1495 0.1495 0.1495 0.162 0.162 0.151 0.151 0.151 0.1465 0.1465 0.1445 0.1445 0.1625 0.1625 0.1625 0.15 0.15 0.1455 0.1455 0.1405 0.1405 0.1405 0.141 0.141 0.156 0.156
0.135 0.1285 0.1285 0.1145 0.1145 0.1145 0.1115 0.1115 0.1145 0.1145 0.1135 0.1135 0.118 0.118 0.118 0.1175 0.1175 0.1115 0.1115 0.1145 0.1145 0.1145 0.127 0.127 0.134 0.134 0.139 0.139 0.139 0.157 0.157 0.1515 0.1515 0.1465 0.1465 0.1465 0.152 0.152 0.133 0.133 0.1355 0.1355 0.1355 0.141 0.141 0.1505 0.1505 0.1465 0.1465 0.1495 0.1495 0.1495 0.1495 0.1495 0.162 0.162 0.151 0.151 0.151 0.1465 0.1465 0.1445 0.1445 0.1625 0.1625 0.1625 0.15 0.15 0.1455 0.1455 0.1405 0.1405 0.1405 0.141 0.141 0.156 0.156
0.1335 0.1325 0.1325 0.12 0.12 0.12 0.127 0.127 0.119 0.119 0.1275 0.1275 0.1275 0.1275 0.1275 0.1175 0.1175 0.1405 0.1405 0.1385 0.1385 0.1385 0.133 0.133 0.1415 0.1415 0.1345 0.1345 0.1345 0.1465 0.1465 0.1505 0.1505 0.163 0.163 0.163 0.154 0.154 0.149 0.149 0.1495 0.1495 0.1495 0.14 0.14 0.1585 0.1585 0.162 0.162 0.1655 0.1655 0.1655 0.161 0.161 0.149 0.149 0.1445 0.1445 0.1445 0.1425 0.1425 0.1495 0.1495 0.1585 0.1585 0.1585 0.1615 0.1615 0.145 0.145 0.1495 0.1495 0.1495 0.1435 0.1435 0.142 0.142
0.1335 0.1325 0.1325 0.12 0.12 0.12 0.127 0.127 0.119 0.119 0.1275 0.1275 0.1275 0.1275 0.1275 0.1175 0.1175 0.1405 0.1405 0.1385 0.1385 0.1385 0.133 0.133 0.1415 0.1415 0.1345 0.1345 0.1345 0.1465 0.1465 0.1505 0.1505 0.163 0.163 0.163 0.154 0.154 0.149 0.149 0.1495 0.1495 0.1495 0.14 0.14 0.1585 0.1585 0.162 0.162 0.1655 0.1655 0.1655 0.161 0.161 0.149 0.149 0.1445 0.1445 0.1445 0.1425 0.1425 0.1495 0.1495 0.1585 0.1585 0.1585 0.1615 0.1615 0.145 0.145 0.1495 0.1495 0.1495 0.1435 0.1435 0.142 0.142
0.137 0.1615 0.1615 0.16 0.16 0.16 0.17 0.17 0.1745 0.1745 0.1675 0.1675 0.157 0.157 0.157 0.178 0.178 0.167 0.167 0.162 0.162 0.162 0.1605 0.1605 0.142 0.142 0.1525 0.1525 0.1525 0.15 0.15 0.1525 0.1525 0.15 0.15 0.15 0.1555 0.1555 0.1455 0.1455 0.151 0.151 0.151 0.1565 0.1565 0.1545 0.1545 0.158 0.158 0.1755 0.1755 0.1755 0.1435 0.1435 0.145 0.145 0.16 0.16 0.16 0.1495 0.1495 0.15 0.15 0.1565 0.1565 0.1565 0.1505 0.1505 0.152 0.152 0.155 0.155 0.155 0.1525 0.1525 0.1455 0.1455
0.137 0.1615 0.1615 0.16 0.16 0.16 0.17 0.17 0.1745 0.1745 0.1675 0.1675 0.157 0.157 0.157 0.178 0.178 0.167 0.167 0.162 0.162 0.162 0.1605 0.1605 0.142 0.142 0.1525 0.1525 0.1525 0.15 0.15 0.1525 0.1525 0.15 0.15 0.15 0.1555 0.1555 0.1455 0.1455 0.151 0.151 0.151 0.1565 0.1565 0.1545 0.1545 0.158 0.158 0.1755 0.1755 0.1755 0.1435 0.1435 0.145 0.145 0.16 0.16 0.16 0.1495 0.1495 0.15 0.15 0.1565 0.1565 0.1565 0.1505 0.1505 0.152 0.152 0.155 0.155 0.155 0.1525 0.1525 0.1455 0.1455
0.13 0.128 0.128 0.163 0.163 0.163 0.182 0.182 0.188 0.188 0.1595 0.1595 0.1645 0.1645 0.1645 0.181 0.181 0.1565 0.1565 0.1515 0.1515 0.1515 0.1555 0.1555 0.169 0.169 0.163 0.163 0.163 0.1505 0.1505 0.1575 0.1575 0.1545 0.1545 0.1545 0.154 0.154 0.183 0.183 0.1585 0.1585 0.1585 0.1545 0.1545 0.1625 0.1625 0.1545 0.1545 0.1615 0.1615 0.1615 0.1425 0.1425 0.1585 0.1585 0.16 0.16 0.16 0.145 0.145 0.1475 0.1475 0.1525 0.1525 0.1525 0.147 0.147 0.1575 0.1575 0.1535 0.1535 0.1535 0.1665 0.1665 0.16 0.16
0.13 0.128 0.128 0.163 0.163 0.163 0.182 0.182 0.188 0.188 0.1595 0.1595 0.1645 0.1645 0.1645 0.181 0.181 0.1565 0.1565 0.1515 0.1515 0.1515 0.1555 0.1555 0.169 0.169 0.163 0.163 0.163 0.1505 0.1505 0.1575 0.1575 0.1545 0.1545 0.1545 0.154 0.154 0.183 0.183 0.1585 0.1585 0.1585 0.1545 0.1545 0.1625 0.1625 0.1545 0.1545 0.1615 0.1615 0.1615 0.1425 0.1425 0.1585 0.1585 0.16 0.16 0.16 0.145 0.145 0.1475 0.1475 0.1525 0.1525 0.1525 0.147 0.147 0.1575 0.1575 0.1535 0.1535 0.1535 0.1665 0.1665 0.16 0.16
0.13 0.128 0.128 0.163 0.163 0.163 0.182 0.182 0.188 0.188 0.1595 0.1595 0.1645 0.1645 0.1645 0.181 0.181 0.1565 0.1565 0.1515 0.1515 0.1515 0.1555 0.1555 0.169 0.169 0.163 0.163 0.163 0.1505 0.1505 0.1575 0.1575 0.1545 0.1545 0.1545 0.154 0.154 0.183 0.183 0.1585 0.1585 0.1585 0.1545 0.1545 0.1625 0.1625 0.1545 0.1545 0.1615 0.1615 0.1615 0.1425 0.1425 0.1585 0.1585 0.16 0.16 0.16 0.145 0.145 0.1475 0.1475 0.1525 0.1525 0.1525 0.147 0.147 0.1575 0.1575 0.1535 0.1535 0.1535 0.1665 0.1665 0.16 0.16
0.1445 0.1195 0.1195 0.167 0.167 0.167 0.196 0.196 0.185 0.185 0.1895 0.1895 0.1795 0.1795 0.1795 0.1585 0.1585 0.1525 0.1525 0.1585 0.1585 0.1585 0.167 0.167 0.1765 0.1765 0.1765 0.1765 0.1765 0.1685 0.1685 0.159 0.159 0.1605 0.1605 0.1605 0.161 0.161 0.1935 0.1935 0.168 0.168 0.168 0.15 0.15 0.159 0.159 0.1435 0.1435 0.148 0.148 0.148 0.141 0.141 0.1495 0.1495 0.1515 0.1515 0.1515 0.1545 0.1545 0.1465 0.1465 0.1585 0.1585 0.1585 0.1645 0.1645 0.1645 0.1645 0.1615 0.1615 0.1615 0.168 0.168 0.1705 0.1705
0.1445 0.1195 0.1195 0.167 0.167 0.167 0.196 0.196 0.185 0.185 0.1895 0.1895 0.1795 0.1795 0.1795 0.1585 0.1585 0.1525 0.1525 0.1585 0.1585 0.1585 0.167 0.167 0.1765 0.1765 0.1765 0.1765 0.1765 0.1685 0.1685 0.159 0.159 0.1605 0.1605 0.1605 0.161 0.161 0.1935 0.1935 0.168 0.168 0.168 0.15 0.15 0.159 0.159 0.1435 0.1435 0.148 0.148 0.148 0.141 0.141 0.1495 0.1495 0.1515 0.1515 0.1515 0.1545 0.1545 0.1465 0.1465 0.1585 0.1585 0.1585 0.1645 0.1645 0.1645 0.1645 0.1615 0.1615 0.1615 0.168 0.168 0.1705 0.1705
0.125 0.125 0.125 0.1735 0.1735 0.1735 0.2035 0.2035 0.19 0.19 0.184 0.184 0.186 0.186 0.186 0.1755 0.1755 0.1665 0.1665 0.163 0.163 0.163 0.166 0.166 0.1925 0.1925 0.2065 0.2065 0.2065 0.1955 0.1955 0.1895 0.1895 0.1795 0.1795 0.1795 0.19 0.19 0.1955 0.1955 0.1725 0.1725 0.1725 0.161 0.161 0.156 0.156 0.152 0.152 0.1505 0.1505 0.1505 0.144 0.144 0.1485 0.1485 0.165 0.165 0.165 0.1625 0.1625 0.163 0.163 0.1765 0.1765 0.1765 0.161 0.161 0.183 0.183 0.191 0.191 0.191 0.175 0.175 0.18 0.18
0.125 0.125 0.125 0.1735 0.1735 0.1735 0.2035 0.2035 0.19 0.19 0.184 0.184 0.186 0.186 0.186 0.1755 0.1755 0.1665 0.1665 0.163 0.163 0.163 0.166 0.166 0.1925 0.1925 0.2065 0.2065 0.2065 0.1955 0.1955 0.1895 0.1895 0.1795 0.1795 0.1795 0.19 0.19 0.1955 0.1955 0.1725 0.1725 0.1725 0.161 0.161 0.156 0.156 0.152 0.152 0.1505 0.1505 0.1505 0.144 0.144 0.1485 0.1485 0.165 0.165 0.165 0.1625 0.1625 0.163 0.163 0.1765 0.1765 0.1765 0.161 0.161 0.183 0.183 0.191 0.191 0.191 0.175 0.175 0.18 0.18
0.1185 0.127 0.127 0.1745 0.1745 0.1745 0.208 0.208 0.179 0.179 0.182 0.182 0.1935 0.1935 0.1935 0.186 0.186 0.1875 0.1875 0.198 0.198 0.198 0.1975 0.1975 0.2025 0.2025 0.2255 0.2255 0.2255 0.2145 0.2145 0.192 0.192 0.1885 0.1885 0.1885 0.206 0.206 0.178 0.178 0.164 0.164 0.164 0.165 0.165 0.1485 0.1485 0.151 0.151 0.144 0.144 0.144 0.148 0.148 0.1425 0.1425 0.1765 0.1765 0.1765 0.1715 0.1715 0.1865 0.1865 0.168 0.168 0.168 0.155 0.155 0.174 0.174 0.186 0.186 0.186 0.18 0.18 0.1705 0.1705
0.1185 0.127 0.127 0.1745 0.1745 0.1745 0.208 0.208 0.179 0.179 0.182 0.182 0.1935 0.1935 0.1935 0.186 0.186 0.1875 0.1875 0.198 0.198 0.198 0.1975 0.1975 0.2025 0.2025 0.2255 0.2255 0.2255 0.2145 0.2145 0.192 0.192 0.1885 0.1885 0.1885 0.206 0.206 0.178 0.178 0.164 0.164 0.164 0.165 0.165 0.1485 0.1485 0.151 0.151 0.144 0.144 0.144 0.148 0.148 0.1425 0.1425 0.1765 0.1765 0.1765 0.1715 0.1715 0.1865 0.1865 0.168 0.168 0.168 0.155 0.155 0.174 0.174 0.186 0.186 0.186 0.18 0.18 0.1705 0.1705
0.1085 0.1395 0.1395 0.1315 0.1315 0.1315 0.192 0.192 0.165 0.165 0.161 0.161 0.176 0.176 0.176 0.189 0.189 0.19 0.19 0.211 0.211 0.211 0.1995 0.1995 0.203 0.203 0.2065 0.2065 0.2065 0.2045 0.2045 0.202 0.202 0.212 0.212 0.212 0.186 0.186 0.1905 0.1905 0.1725 0.1725 0.1725 0.166 0.166 0.1435 0.1435 0.1335 0.1335 0.139 0.139 0.139 0.1405 0.1405 0.14 0.14 0.1495 0.1495 0.1495 0.158 0.158 0.1635 0.1635 0.167 0.167 0.167 0.173 0.173 0.159 0.159 0.1655 0.1655 0.1655 0.159 0.159 0.163 0.163
0.1085 0.1395 0.1395 0.1315 0.1315 0.1315 0.192 0.192 0.165 0.165 0.161 0.161 0.176 0.176 0.176 0.189 0.189 0.19 0.19 0.211 0.211 0.211 0.1995 0.1995 0.203 0.203 0.2065 0.2065 0.2065 0.2045 0.2045 0.202 0.202 0.212 0.212 0.212 0.186 0.186 0.1905 0.1905 0.1725 0.1725 0.1725 0.166 0.166 0.1435 0.1435 0.1335 0.1335 0.139 0.139 0.139 0.1405 0.1405 0.14 0.14 0.1495 0.1495 0.1495 0.158 0.158 0.1635 0.1635 0.167 0.167 0.167 0.173 0.173 0.159 0.159 0.1655 0.1655 0.1655 0.159 0.159 0.163 0.163
0.1085 0.1395 0.1395 0.1315 0.1315 0.1315 0.192 0.192 0.165 0.165 0.161 0.161 0.176 0.176 0.176 0.189 0.189 0.19 0.19 0.211 0.211 0.211 0.1995 0.1995 0.203 0.203 0.2065 0.2065 0.2065 0.2045 0.2045 0.202 0.202 0.212 0.212 0.212 0.186 0.186 0.1905 0.1905 0.1725 0.1725 0.1725 0.166 0.166 0.1435 0.1435 0.1335 0.1335 0.139 0.139 0.139 0.1405 0.1405 0.14 0.14 0.1495 0.1495 0.1495 0.158 0.158 0.1635 0.1635 0.167 0.167 0.167 0.173 0.173 0.159 0.159 0.1655 0.1655 0.1655 0.159 0.159 0.163 0.163
0.0955 0.115 0.115 0.0975 0.0975 0.0975 0.1325 0.1325 0.1545 0.1545 0.167 0.167 0.175 0.175 0.175 0.1715 0.1715 0.2005 0.2005 0.203 0.203 0.203 0.22 0.22 0.206 0.206 0.185 0.185 0.185 0.193 0.193 0.203 0.203 0.1995 0.1995 0.1995 0.2025 0.2025 0.195 0.195 0.174 0.174 0.174 0.1645 0.1645 0.1365 0.1365 0.13 0.13 0.148 0.148 0.148 0.1305 0.1305 0.1175 0.1175 0.1115 0.1115 0.1115 0.1365 0.1365 0.155 0.155 0.1615 0.1615 0.1615 0.168 0.168 0.151 0.151 0.152 0.152 0.152 0.1465 0.1465 0.152 0.152
0.0955 0.115 0.115 0.0975 0.0975 0.0975 0.1325 0.1325 0.1545 0.1545 0.167 0.167 0.175 0.175 0.175 0.1715 0.1715 0.2005 0.2005 0.203 0.203 0.203 0.22 0.22 0.206 0.206 0.185 0.185 0.185 0.193 0.193 0.203 0.203 0.1995 0.1995 0.1995 0.2025 0.2025 0.195 0.195 0.174 0.174 0.174 0.1645 0.1645 0.1365 0.1365 0.13 0.13 0.148 0.148 0.148 0.1305 0.1305 0.1175 0.1175 0.1115 0.1115 0.1115 0.1365 0.1365 0.155 0.155 0.1615 0.1615 0.1615 0.168 0.168 0.151 0.151 0.152 0.152 0.152 0.1465 0.1465 0.152 0.152
0.1265 0.1235 0.1235 0.127 0.127 0.127 0.096 0.096 0.1285 0.1285 0.1565 0.1565 0.185 0.185 0.185 0.1965 0.1965 0.2175 0.2175 0.218 0.218 0.218 0.2145 0.2145 0.2125 0.2125 0.205 0.205 0.205 0.203 0.203 0.2 0.2 0.2 0.2 0.2 0.1905 0.1905 0.188 0.188 0.195 0.195 0.195 0.1645 0.1645 0.1415 0.1415 0.1475 0.1475 0.1375 0.1375 0.1375 0.1465 0.1465 0.147 0.147 0.1455 0.1455 0.1455 0.145 0.145 0.1515 0.1515 0.1855 0.1855 0.1855 0.1865 0.1865 0.1655 0.1655 0.1415 0.1415 0.1415 0.147 0.147 0.1565 0.1565
0.1265 0.1235 0.1235 0.127 0.127 0.127 0.096 0.096 0.1285 0.1285 0.1565 0.1565 0.185 0.185 0.185 0.1965 0.1965 0.2175 0.2175 0.218 0.218 0.218 0.2145 0.2145 0.2125 0.2125 0.205 0.205 0.205 0.203 0.203 0.2 0.2 0.2 0.2 0.2 0.1905 0.1905 0.188 0.188 0.195 0.195 0.195 0.1645 0.1645 0.1415 0.1415 0.1475 0.1475 0.1375 0.1375 0.1375 0.1465 0.1465 0.147 0.147 0.1455 0.1455 0.1455 0.145 0.145 0.1515 0.1515 0.1855 0.1855 0.1855 0.1865 0.1865 0.1655 0.1655 0.1415 0.1415 0.1415 0.147 0.147 0.1565 0.1565
0.14 0.152 0.152 0.1255 0.1255 0.1255 0.11 0.11 0.1375 0.1375 0.1645 0.1645 0.1845 0.1845 0.1845 0.208 0.208 0.208 0.208 0.2245 0.2245 0.2245 0.2265 0.2265 0.222 0.222 0.2025 0.2025 0.2025 0.1775 0.1775 0.1965 0.1965 0.194 0.194 0.194 0.2025 0.2025 0.1945 0.1945 0.198 0.198 0.198 0.187 0.187 0.1745 0.1745 0.1755 0.1755 0.174 0.174 0.174 0.1855 0.1855 0.2145 0.2145 0.1745 0.1745 0.1745 0.155 0.155 0.1705 0.1705 0.1985 0.1985 0.1985 0.193 0.193 0.169 0.169 0.1555 0.1555 0.1555 0.1745 0.1745 0.1735 0.1735
0.14 0.152 0.152 0.1255 0.1255 0.1255 0.11 0.11 0.1375 0.1375 0.1645 0.1645 0.1845 0.1845 0.1845 0.208 0.208 0.208 0.208 0.2245 0.2245 0.2245 0.2265 0.2265 0.222 0.222 0.2025 0.2025 0.2025 0.1775 0.1775 0.1965 0.1965 0.194 0.194 0.194 0.2025 0.2025 0.1945 0.1945 0.198 0.198 0.198 0.187 0.187 0.1745 0.1745 0.1755 0.1755 0.174 0.174 0.174 0.1855 0.1855 0.2145 0.2145 0.1745 0.1745 0.1745 0.155 0.155 0.1705 0.1705 0.1985 0.1985 0.1985 0.193 0.193 0.169 0.169 0.1555 0.1555 0.1555 0.1745 0.1745 0.1735 0.1735
0.14 0.152 0.152 0.1255 0.1255 0.1255 0.11 0.11 0.1375 0.1375 0.1645 0.1645 0.1845 0.1845 0.1845 0.208 0.208 0.208 0.208 0.2245 0.2245 0.2245 0.2265 0.2265 0.222 0.222 0.2025 0.2025 0.2025 0.1775 0.1775 0.1965 0.1965 0.194 0.194 0.194 0.2025 0.2025 0.1945 0.1945 0.198 0.198 0.198 0.187 0.187 0.1745 0.1745 0.1755 0.1755 0.174 0.174 0.174 0.1855 0.1855 0.2145 0.2145 0.1745 0.1745 0.1745 0.155 0.155 0.1705 0.1705 0.1985 0.1985 0.1985 0.193 0.193 0.169 0.169 0.1555 0.1555 0.1555 0.1745 0.1745 0.1735 0.1735
0.1465 0.15 0.15 0.1455 0.1455 0.1455 0.135 0.135 0.149 0.149 0.171 0.171 0.1805 0.1805 0.1805 0.2305 0.2305 0.225 0.225 0.2315 0.2315 0.2315 0.236 0.236 0.2485 0.2485 0.209 0.209 0.209 0.2195 0.2195 0.224 0.224 0.22 0.22 0.22 0.212 0.212 0.1945 0.1945 0.1845 0.1845 0.1845 0.195 0.195 0.2125 0.2125 0.1845 0.1845 0.1805 0.1805 0.1805 0.199 0.199 0.213 0.213 0.217 0.217 0.217 0.21 0.21 0.201 0.201 0.1895 0.1895 0.1895 0.18 0.18 0.238 0.238 0.217 0.217 0.217 0.201 0.201 0.1895 0.1895
