ndvi/NOAA-193.asc
ncols         252
nrows         154
xllcorner     -18.017974
yllcorner     13.481982
cellsize      0.035948
NODATA_value  -9999
[rows 68 to 101 of 154, columns 154 to 230 of 252]
0.1435 0.16 0.16 0.1385 0.1385 0.1385 0.1395 0.1395 0.1495 0.1495 0.186 0.186 0.2055 0.2055 0.2055 0.2285 0.2285 0.231 0.231 0.244 0.244 0.244 0.2255 0.2255 0.2135 0.2135 0.205 0.205 0.205 0.217 0.217 0.2165 0.2165 0.2135 0.2135 0.2135 0.213 0.213 0.209 0.209 0.2125 0.2125 0.2125 0.223 0.223 0.2105 0.2105 0.21 0.21 0.2165 0.2165 0.2165 0.2095 0.2095 0.225 0.225 0.218 0.218 0.218 0.2255 0.2255 0.213 0.213 0.202 0.202 0.202 0.1935 0.1935 0.1995 0.1995 0.2095 0.2095 0.2095 0.201 0.201 0.193 0.193
0.1515 0.159 0.159 0.1475 0.1475 0.1475 0.1505 0.1505 0.172 0.172 0.1685 0.1685 0.2225 0.2225 0.2225 0.2135 0.2135 0.2095 0.2095 0.215 0.215 0.215 0.216 0.216 0.22 0.22 0.222 0.222 0.222 0.2105 0.2105 0.214 0.214 0.2125 0.2125 0.2125 0.211 0.211 0.2095 0.2095 0.2105 0.2105 0.2105 0.2085 0.2085 0.2105 0.2105 0.212 0.212 0.2115 0.2115 0.2115 0.219 0.219 0.2145 0.2145 0.2355 0.2355 0.2355 0.2225 0.2225 0.215 0.215 0.207 0.207 0.207 0.19 0.19 0.2015 0.2015 0.215 0.215 0.215 0.203 0.203 0.1965 0.1965
0.1515 0.159 0.159 0.1475 0.1475 0.1475 0.1505 0.1505 0.172 0.172 0.1685 0.1685 0.2225 0.2225 0.2225 0.2135 0.2135 0.2095 0.2095 0.215 0.215 0.215 0.216 0.216 0.22 0.22 0.222 0.222 0.222 0.2105 0.2105 0.214 0.214 0.2125 0.2125 0.2125 0.211 0.211 0.2095 0.2095 0.2105 0.2105 0.2105 0.2085 0.2085 0.2105 0.2105 0.212 0.212 0.2115 0.2115 0.2115 0.219 0.219 0.2145 0.2145 0.2355 0.2355 0.2355 0.2225 0.2225 0.215 0.215 0.207 0.207 0.207 0.19 0.19 0.2015 0.2015 0.215 0.215 0.215 0.203 0.203 0.1965 0.1965
0.175 0.1825 0.1825 0.1845 0.1845 0.1845 0.169 0.169 0.173 0.173 0.171 0.171 0.2095 0.2095 0.2095 0.216 0.216 0.237 0.237 0.2205 0.2205 0.2205 0.215 0.215 0.2065 0.2065 0.2105 0.2105 0.2105 0.2165 0.2165 0.214 0.214 0.2145 0.2145 0.2145 0.2135 0.2135 0.204 0.204 0.2125 0.2125 0.2125 0.214 0.214 0.223 0.223 0.219 0.219 0.2255 0.2255 0.2255 0.225 0.225 0.2175 0.2175 0.2125 0.2125 0.2125 0.2185 0.2185 0.2155 0.2155 0.21 0.21 0.21 0.2105 0.2105 0.2095 0.2095 0.198 0.198 0.198 0.2055 0.2055 0.2945 0.2945
0.175 0.1825 0.1825 0.1845 0.1845 0.1845 0.169 0.169 0.173 0.173 0.171 0.171 0.2095 0.2095 0.2095 0.216 0.216 0.237 0.237 0.2205 0.2205 0.2205 0.215 0.215 0.2065 0.2065 0.2105 0.2105 0.2105 0.2165 0.2165 0.214 0.214 0.2145 0.2145 0.2145 0.2135 0.2135 0.204 0.204 0.2125 0.2125 0.2125 0.214 0.214 0.223 0.223 0.219 0.219 0.2255 0.2255 0.2255 0.225 0.225 0.2175 0.2175 0.2125 0.2125 0.2125 0.2185 0.2185 0.2155 0.2155 0.21 0.21 0.21 0.2105 0.2105 0.2095 0.2095 0.198 0.198 0.198 0.2055 0.2055 0.2945 0.2945
0.175 0.1825 0.1825 0.1845 0.1845 0.1845 0.169 0.169 0.173 0.173 0.171 0.171 0.2095 0.2095 0.2095 0.216 0.216 0.237 0.237 0.2205 0.2205 0.2205 0.215 0.215 0.2065 0.2065 0.2105 0.2105 0.2105 0.2165 0.2165 0.214 0.214 0.2145 0.2145 0.2145 0.2135 0.2135 0.204 0.204 0.2125 0.2125 0.2125 0.214 0.214 0.223 0.223 0.219 0.219 0.2255 0.2255 0.2255 0.225 0.225 0.2175 0.2175 0.2125 0.2125 0.2125 0.2185 0.2185 0.2155 0.2155 0.21 0.21 0.21 0.2105 0.2105 0.2095 0.2095 0.198 0.198 0.198 0.2055 0.2055 0.2945 0.2945
0.1795 0.177 0.177 0.176 0.176 0.176 0.178 0.178 0.174 0.174 0.177 0.177 0.217 0.217 0.217 0.2185 0.2185 0.221 0.221 0.2105 0.2105 0.2105 0.2095 0.2095 0.22 0.22 0.222 0.222 0.222 0.22 0.22 0.229 0.229 0.224 0.224 0.224 0.214 0.214 0.226 0.226 0.222 0.222 0.222 0.2285 0.2285 0.2345 0.2345 0.2245 0.2245 0.2295 0.2295 0.2295 0.226 0.226 0.213 0.213 0.203 0.203 0.203 0.212 0.212 0.2175 0.2175 0.22 0.22 0.22 0.2105 0.2105 0.206 0.206 0.2055 0.2055 0.2055 0.218 0.218 0.2305 0.2305
0.1795 0.177 0.177 0.176 0.176 0.176 0.178 0.178 0.174 0.174 0.177 0.177 0.217 0.217 0.217 0.2185 0.2185 0.221 0.221 0.2105 0.2105 0.2105 0.2095 0.2095 0.22 0.22 0.222 0.222 0.222 0.22 0.22 0.229 0.229 0.224 0.224 0.224 0.214 0.214 0.226 0.226 0.222 0.222 0.222 0.2285 0.2285 0.2345 0.2345 0.2245 0.2245 0.2295 0.2295 0.2295 0.226 0.226 0.213 0.213 0.203 0.203 0.203 0.212 0.212 0.2175 0.2175 0.22 0.22 0.22 0.2105 0.2105 0.206 0.206 0.2055 0.2055 0.2055 0.218 0.218 0.2305 0.2305
0.177 0.186 0.186 0.2015 0.2015 0.2015 0.163 0.163 0.1705 0.1705 0.1765 0.1765 0.213 0.213 0.213 0.2315 0.2315 0.2165 0.2165 0.231 0.231 0.231 0.2185 0.2185 0.231 0.231 0.2195 0.2195 0.2195 0.2245 0.2245 0.2315 0.2315 0.23 0.23 0.23 0.225 0.225 0.232 0.232 0.232 0.232 0.232 0.2345 0.2345 0.236 0.236 0.22 0.22 0.226 0.226 0.226 0.2165 0.2165 0.193 0.193 0.206 0.206 0.206 0.2055 0.2055 0.2165 0.2165 0.2175 0.2175 0.2175 0.205 0.205 0.204 0.204 0.2175 0.2175 0.2175 0.2095 0.2095 0.2255 0.2255
0.177 0.186 0.186 0.2015 0.2015 0.2015 0.163 0.163 0.1705 0.1705 0.1765 0.1765 0.213 0.213 0.213 0.2315 0.2315 0.2165 0.2165 0.231 0.231 0.231 0.2185 0.2185 0.231 0.231 0.2195 0.2195 0.2195 0.2245 0.2245 0.2315 0.2315 0.23 0.23 0.23 0.225 0.225 0.232 0.232 0.232 0.232 0.232 0.2345 0.2345 0.236 0.236 0.22 0.22 0.226 0.226 0.226 0.2165 0.2165 0.193 0.193 0.206 0.206 0.206 0.2055 0.2055 0.2165 0.2165 0.2175 0.2175 0.2175 0.205 0.205 0.204 0.204 0.2175 0.2175 0.2175 0.2095 0.2095 0.2255 0.2255
0.1445 0.151 0.151 0.1585 0.1585 0.1585 0.16 0.16 0.1615 0.1615 0.1755 0.1755 0.206 0.206 0.206 0.2165 0.2165 0.223 0.223 0.226 0.226 0.226 0.208 0.208 0.216 0.216 0.2245 0.2245 0.2245 0.2255 0.2255 0.221 0.221 0.225 0.225 0.225 0.231 0.231 0.229 0.229 0.2285 0.2285 0.2285 0.225 0.225 0.225 0.225 0.2105 0.2105 0.2185 0.2185 0.2185 0.2165 0.2165 0.2245 0.2245 0.22 0.22 0.22 0.225 0.225 0.2235 0.2235 0.2355 0.2355 0.2355 0.2325 0.2325 0.22 0.22 0.2215 0.2215 0.2215 0.2205 0.2205 0.2255 0.2255
0.1445 0.151 0.151 0.1585 0.1585 0.1585 0.16 0.16 0.1615 0.1615 0.1755 0.1755 0.206 0.206 0.206 0.2165 0.2165 0.223 0.223 0.226 0.226 0.226 0.208 0.208 0.216 0.216 0.2245 0.2245 0.2245 0.2255 0.2255 0.221 0.221 0.225 0.225 0.225 0.231 0.231 0.229 0.229 0.2285 0.2285 0.2285 0.225 0.225 0.225 0.225 0.2105 0.2105 0.2185 0.2185 0.2185 0.2165 0.2165 0.2245 0.2245 0.22 0.22 0.22 0.225 0.225 0.2235 0.2235 0.2355 0.2355 0.2355 0.2325 0.2325 0.22 0.22 0.2215 0.2215 0.2215 0.2205 0.2205 0.2255 0.2255
0.1485 0.143 0.143 0.166 0.166 0.166 0.161 0.161 0.156 0.156 0.167 0.167 0.207 0.207 0.207 0.212 0.212 0.2275 0.2275 0.2175 0.2175 0.2175 0.2075 0.2075 0.231 0.231 0.224 0.224 0.224 0.2305 0.2305 0.2255 0.2255 0.2195 0.2195 0.2195 0.2265 0.2265 0.2285 0.2285 0.226 0.226 0.226 0.2225 0.2225 0.2215 0.2215 0.2175 0.2175 0.2155 0.2155 0.2155 0.214 0.214 0.2335 0.2335 0.2275 0.2275 0.2275 0.2295 0.2295 0.232 0.232 0.2315 0.2315 0.2315 0.234 0.234 0.2265 0.2265 0.224 0.224 0.224 0.2255 0.2255 0.2185 0.2185
0.1485 0.143 0.143 0.166 0.166 0.166 0.161 0.161 0.156 0.156 0.167 0.167 0.207 0.207 0.207 0.212 0.212 0.2275 0.2275 0.2175 0.2175 0.2175 0.2075 0.2075 0.231 0.231 0.224 0.224 0.224 0.2305 0.2305 0.2255 0.2255 0.2195 0.2195 0.2195 0.2265 0.2265 0.2285 0.2285 0.226 0.226 0.226 0.2225 0.2225 0.2215 0.2215 0.2175 0.2175 0.2155 0.2155 0.2155 0.214 0.214 0.2335 0.2335 0.2275 0.2275 0.2275 0.2295 0.2295 0.232 0.232 0.2315 0.2315 0.2315 0.234 0.234 0.2265 0.2265 0.224 0.224 0.224 0.2255 0.2255 0.2185 0.2185
0.1485 0.143 0.143 0.166 0.166 0.166 0.161 0.161 0.156 0.156 0.167 0.167 0.207 0.207 0.207 0.212 0.212 0.2275 0.2275 0.2175 0.2175 0.2175 0.2075 0.2075 0.231 0.231 0.224 0.224 0.224 0.2305 0.2305 0.2255 0.2255 0.2195 0.2195 0.2195 0.2265 0.2265 0.2285 0.2285 0.226 0.226 0.226 0.2225 0.2225 0.2215 0.2215 0.2175 0.2175 0.2155 0.2155 0.2155 0.214 0.214 0.2335 0.2335 0.2275 0.2275 0.2275 0.2295 0.2295 0.232 0.232 0.2315 0.2315 0.2315 0.234 0.234 0.2265 0.2265 0.224 0.224 0.224 0.2255 0.2255 0.2185 0.2185
0.1405 0.167 0.167 0.165 0.165 0.165 0.158 0.158 0.1445 0.1445 0.2175 0.2175 0.225 0.225 0.225 0.2265 0.2265 0.235 0.235 0.239 0.239 0.239 0.222 0.222 0.2235 0.2235 0.221 0.221 0.221 0.2235 0.2235 0.2055 0.2055 0.2105 0.2105 0.2105 0.2175 0.2175 0.227 0.227 0.228 0.228 0.228 0.2225 0.2225 0.2195 0.2195 0.2255 0.2255 0.2375 0.2375 0.2375 0.2445 0.2445 0.2365 0.2365 0.2295 0.2295 0.2295 0.2305 0.2305 0.234 0.234 0.232 0.232 0.232 0.2345 0.2345 0.2345 0.2345 0.2375 0.2375 0.2375 0.233 0.233 0.2245 0.2245
0.1405 0.167 0.167 0.165 0.165 0.165 0.158 0.158 0.1445 0.1445 0.2175 0.2175 0.225 0.225 0.225 0.2265 0.2265 0.235 0.235 0.239 0.239 0.239 0.222 0.222 0.2235 0.2235 0.221 0.221 0.221 0.2235 0.2235 0.2055 0.2055 0.2105 0.2105 0.2105 0.2175 0.2175 0.227 0.227 0.228 0.228 0.228 0.2225 0.2225 0.2195 0.2195 0.2255 0.2255 0.2375 0.2375 0.2375 0.2445 0.2445 0.2365 0.2365 0.2295 0.2295 0.2295 0.2305 0.2305 0.234 0.234 0.232 0.232 0.232 0.2345 0.2345 0.2345 0.2345 0.2375 0.2375 0.2375 0.233 0.233 0.2245 0.2245
0.156 0.181 0.181 0.1845 0.1845 0.1845 0.175 0.175 0.197 0.197 0.2405 0.2405 0.232 0.232 0.232 0.244 0.244 0.255 0.255 0.265 0.265 0.265 0.24 0.24 0.2355 0.2355 0.217 0.217 0.217 0.2235 0.2235 0.217 0.217 0.2165 0.2165 0.2165 0.2205 0.2205 0.223 0.223 0.239 0.239 0.239 0.237 0.237 0.2395 0.2395 0.2295 0.2295 0.2375 0.2375 0.2375 0.2255 0.2255 0.242 0.242 0.237 0.237 0.237 0.235 0.235 0.234 0.234 0.2385 0.2385 0.2385 0.2425 0.2425 0.2505 0.2505 0.246 0.246 0.246 0.2465 0.2465 0.2405 0.2405
0.156 0.181 0.181 0.1845 0.1845 0.1845 0.175 0.175 0.197 0.197 0.2405 0.2405 0.232 0.232 0.232 0.244 0.244 0.255 0.255 0.265 0.265 0.265 0.24 0.24 0.2355 0.2355 0.217 0.217 0.217 0.2235 0.2235 0.217 0.217 0.2165 0.2165 0.2165 0.2205 0.2205 0.223 0.223 0.239 0.239 0.239 0.237 0.237 0.2395 0.2395 0.2295 0.2295 0.2375 0.2375 0.2375 0.2255 0.2255 0.242 0.242 0.237 0.237 0.237 0.235 0.235 0.234 0.234 0.2385 0.2385 0.2385 0.2425 0.2425 0.2505 0.2505 0.246 0.246 0.246 0.2465 0.2465 0.2405 0.2405
0.191 0.1895 0.1895 0.187 0.187 0.187 0.161 0.161 0.191 0.191 0.235 0.235 0.234 0.234 0.234 0.2555 0.2555 0.25 0.25 0.258 0.258 0.258 0.256 0.256 0.2415 0.2415 0.233 0.233 0.233 0.2385 0.2385 0.2115 0.2115 0.218 0.218 0.218 0.2115 0.2115 0.222 0.222 0.232 0.232 0.232 0.237 0.237 0.2395 0.2395 0.2415 0.2415 0.2285 0.2285 0.2285 0.232 0.232 0.231 0.231 0.219 0.219 0.219 0.214 0.214 0.2125 0.2125 0.2225 0.2225 0.2225 0.2425 0.2425 0.248 0.248 0.2435 0.2435 0.2435 0.2515 0.2515 0.232 0.232
0.191 0.1895 0.1895 0.187 0.187 0.187 0.161 0.161 0.191 0.191 0.235 0.235 0.234 0.234 0.234 0.2555 0.2555 0.25 0.25 0.258 0.258 0.258 0.256 0.256 0.2415 0.2415 0.233 0.233 0.233 0.2385 0.2385 0.2115 0.2115 0.218 0.218 0.218 0.2115 0.2115 0.222 0.222 0.232 0.232 0.232 0.237 0.237 0.2395 0.2395 0.2415 0.2415 0.2285 0.2285 0.2285 0.232 0.232 0.231 0.231 0.219 0.219 0.219 0.214 0.214 0.2125 0.2125 0.2225 0.2225 0.2225 0.2425 0.2425 0.248 0.248 0.2435 0.2435 0.2435 0.2515 0.2515 0.232 0.232
0.191 0.1895 0.1895 0.187 0.187 0.187 0.161 0.161 0.191 0.191 0.235 0.235 0.234 0.234 0.234 0.2555 0.2555 0.25 0.25 0.258 0.258 0.258 0.256 0.256 0.2415 0.2415 0.233 0.233 0.233 0.2385 0.2385 0.2115 0.2115 0.218 0.218 0.218 0.2115 0.2115 0.222 0.222 0.232 0.232 0.232 0.237 0.237 0.2395 0.2395 0.2415 0.2415 0.2285 0.2285 0.2285 0.232 0.232 0.231 0.231 0.219 0.219 0.219 0.214 0.214 0.2125 0.2125 0.2225 0.2225 0.2225 0.2425 0.2425 0.248 0.248 0.2435 0.2435 0.2435 0.2515 0.2515 0.232 0.232
0.1795 0.1925 0.1925 0.1945 0.1945 0.1945 0.1935 0.1935 0.2215 0.2215 0.228 0.228 0.25 0.25 0.25 0.2495 0.2495 0.255 0.255 0.254 0.254 0.254 0.239 0.239 0.226 0.226 0.2245 0.2245 0.2245 0.213 0.213 0.216 0.216 0.2235 0.2235 0.2235 0.239 0.239 0.234 0.234 0.2375 0.2375 0.2375 0.24 0.24 0.2425 0.2425 0.24 0.24 0.239 0.239 0.239 0.236 0.236 0.2275 0.2275 0.23 0.23 0.23 0.2085 0.2085 0.2115 0.2115 0.2215 0.2215 0.2215 0.2445 0.2445 0.2455 0.2455 0.241 0.241 0.241 0.251 0.251 0.245 0.245
0.1795 0.1925 0.1925 0.1945 0.1945 0.1945 0.1935 0.1935 0.2215 0.2215 0.228 0.228 0.25 0.25 0.25 0.2495 0.2495 0.255 0.255 0.254 0.254 0.254 0.239 0.239 0.226 0.226 0.2245 0.2245 0.2245 0.213 0.213 0.216 0.216 0.2235 0.2235 0.2235 0.239 0.239 0.234 0.234 0.2375 0.2375 0.2375 0.24 0.24 0.2425 0.2425 0.24 0.24 0.239 0.239 0.239 0.236 0.236 0.2275 0.2275 0.23 0.23 0.23 0.2085 0.2085 0.2115 0.2115 0.2215 0.2215 0.2215 0.2445 0.2445 0.2455 0.2455 0.241 0.241 0.241 0.251 0.251 0.245 0.245
0.239 0.1975 0.1975 0.1835 0.1835 0.1835 0.1875 0.1875 0.2135 0.2135 0.222 0.222 0.2405 0.2405 0.2405 0.248 0.248 0.257 0.257 0.25 0.25 0.25 0.247 0.247 0.2515 0.2515 0.2185 0.2185 0.2185 0.218 0.218 0.22 0.22 0.2135 0.2135 0.2135 0.247 0.247 0.2425 0.2425 0.2395 0.2395 0.2395 0.237 0.237 0.239 0.239 0.2405 0.2405 0.238 0.238 0.238 0.223 0.223 0.2305 0.2305 0.2195 0.2195 0.2195 0.2265 0.2265 0.2215 0.2215 0.235 0.235 0.235 0.2405 0.2405 0.2365 0.2365 0.2445 0.2445 0.2445 0.245 0.245 0.2565 0.2565
0.239 0.1975 0.1975 0.1835 0.1835 0.1835 0.1875 0.1875 0.2135 0.2135 0.222 0.222 0.2405 0.2405 0.2405 0.248 0.248 0.257 0.257 0.25 0.25 0.25 0.247 0.247 0.2515 0.2515 0.2185 0.2185 0.2185 0.218 0.218 0.22 0.22 0.2135 0.2135 0.2135 0.247 0.247 0.2425 0.2425 0.2395 0.2395 0.2395 0.237 0.237 0.239 0.239 0.2405 0.2405 0.238 0.238 0.238 0.223 0.223 0.2305 0.2305 0.2195 0.2195 0.2195 0.2265 0.2265 0.2215 0.2215 0.235 0.235 0.235 0.2405 0.2405 0.2365 0.2365 0.2445 0.2445 0.2445 0.245 0.245 0.2565 0.2565
0.201 0.205 0.205 0.202 0.202 0.202 0.2095 0.2095 0.211 0.211 0.219 0.219 0.24 0.24 0.24 0.245 0.245 0.244 0.244 0.237 0.237 0.237 0.2295 0.2295 0.22 0.22 0.218 0.218 0.218 0.2235 0.2235 0.2265 0.2265 0.242 0.242 0.242 0.2385 0.2385 0.2415 0.2415 0.259 0.259 0.259 0.2525 0.2525 0.2505 0.2505 0.2475 0.2475 0.231 0.231 0.231 0.2225 0.2225 0.218 0.218 0.22 0.22 0.22 0.226 0.226 0.223 0.223 0.232 0.232 0.232 0.2355 0.2355 0.233 0.233 0.2425 0.2425 0.2425 0.2395 0.2395 0.263 0.263
0.201 0.205 0.205 0.202 0.202 0.202 0.2095 0.2095 0.211 0.211 0.219 0.219 0.24 0.24 0.24 0.245 0.245 0.244 0.244 0.237 0.237 0.237 0.2295 0.2295 0.22 0.22 0.218 0.218 0.218 0.2235 0.2235 0.2265 0.2265 0.242 0.242 0.242 0.2385 0.2385 0.2415 0.2415 0.259 0.259 0.259 0.2525 0.2525 0.2505 0.2505 0.2475 0.2475 0.231 0.231 0.231 0.2225 0.2225 0.218 0.218 0.22 0.22 0.22 0.226 0.226 0.223 0.223 0.232 0.232 0.232 0.2355 0.2355 0.233 0.233 0.2425 0.2425 0.2425 0.2395 0.2395 0.263 0.263
0.201 0.205 0.205 0.202 0.202 0.202 0.2095 0.2095 0.211 0.211 0.219 0.219 0.24 0.24 0.24 0.245 0.245 0.244 0.244 0.237 0.237 0.237 0.2295 0.2295 0.22 0.22 0.218 0.218 0.218 0.2235 0.2235 0.2265 0.2265 0.242 0.242 0.242 0.2385 0.2385 0.2415 0.2415 0.259 0.259 0.259 0.2525 0.2525 0.2505 0.2505 0.2475 0.2475 0.231 0.231 0.231 0.2225 0.2225 0.218 0.218 0.22 0.22 0.22 0.226 0.226 0.223 0.223 0.232 0.232 0.232 0.2355 0.2355 0.233 0.233 0.2425 0.2425 0.2425 0.2395 0.2395 0.263 0.263
0.2115 0.2125 0.2125 0.2175 0.2175 0.2175 0.2155 0.2155 0.2275 0.2275 0.219 0.219 0.2135 0.2135 0.2135 0.2175 0.2175 0.211 0.211 0.245 0.245 0.245 0.231 0.231 0.2035 0.2035 0.216 0.216 0.216 0.227 0.227 0.2325 0.2325 0.235 0.235 0.235 0.2405 0.2405 0.246 0.246 0.254 0.254 0.254 0.2615 0.2615 0.2555 0.2555 0.244 0.244 0.2315 0.2315 0.2315 0.25 0.25 0.204 0.204 0.214 0.214 0.214 0.2325 0.2325 0.231 0.231 0.226 0.226 0.226 0.2145 0.2145 0.2165 0.2165 0.2315 0.2315 0.2315 0.245 0.245 0.264 0.264
0.2115 0.2125 0.2125 0.2175 0.2175 0.2175 0.2155 0.2155 0.2275 0.2275 0.219 0.219 0.2135 0.2135 0.2135 0.2175 0.2175 0.211 0.211 0.245 0.245 0.245 0.231 0.231 0.2035 0.2035 0.216 0.216 0.216 0.227 0.227 0.2325 0.2325 0.235 0.235 0.235 0.2405 0.2405 0.246 0.246 0.254 0.254 0.254 0.2615 0.2615 0.2555 0.2555 0.244 0.244 0.2315 0.2315 0.2315 0.25 0.25 0.204 0.204 0.214 0.214 0.214 0.2325 0.2325 0.231 0.231 0.226 0.226 0.226 0.2145 0.2145 0.2165 0.2165 0.2315 0.2315 0.2315 0.245 0.245 0.264 0.264
0.2295 0.226 0.226 0.217 0.217 0.217 0.1955 0.1955 0.223 0.223 0.2145 0.2145 0.2265 0.2265 0.2265 0.2025 0.2025 0.2365 0.2365 0.245 0.245 0.245 0.232 0.232 0.219 0.219 0.227 0.227 0.227 0.2295 0.2295 0.2405 0.2405 0.241 0.241 0.241 0.236 0.236 0.2335 0.2335 0.2465 0.2465 0.2465 0.2515 0.2515 0.2435 0.2435 0.2475 0.2475 0.244 0.244 0.244 0.2395 0.2395 0.211 0.211 0.214 0.214 0.214 0.2035 0.2035 0.2085 0.2085 0.2015 0.2015 0.2015 0.203 0.203 0.2045 0.2045 0.219 0.219 0.219 0.2265 0.2265 0.254 0.254
0.2295 0.226 0.226 0.217 0.217 0.217 0.1955 0.1955 0.223 0.223 0.2145 0.2145 0.2265 0.2265 0.2265 0.2025 0.2025 0.2365 0.2365 0.245 0.245 0.245 0.232 0.232 0.219 0.219 0.227 0.227 0.227 0.2295 0.2295 0.2405 0.2405 0.241 0.241 0.241 0.236 0.236 0.2335 0.2335 0.2465 0.2465 0.2465 0.2515 0.2515 0.2435 0.2435 0.2475 0.2475 0.244 0.244 0.244 0.2395 0.2395 0.211 0.211 0.214 0.214 0.214 0.2035 0.2035 0.2085 0.2085 0.2015 0.2015 0.2015 0.203 0.203 0.2045 0.2045 0.219 0.219 0.219 0.2265 0.2265 0.254 0.254
0.238 0.223 0.223 0.238 0.238 0.238 0.202 0.202 0.2125 0.2125 0.232 0.232 0.232 0.232 0.232 0.2345 0.2345 0.245 0.245 0.25 0.25 0.25 0.243 0.243 0.2325 0.2325 0.238 0.238 0.238 0.231 0.231 0.2325 0.2325 0.228 0.228 0.228 0.2305 0.2305 0.2325 0.2325 0.2395 0.2395 0.2395 0.2365 0.2365 0.2325 0.2325 0.2405 0.2405 0.23 0.23 0.23 0.215 0.215 0.2095 0.2095 0.2085 0.2085 0.2085 0.1995 0.1995 0.214 0.214 0.2075 0.2075 0.2075 0.1985 0.1985 0.207 0.207 0.204 0.204 0.204 0.216 0.216 0.2205 0.2205
