ndvi/NOAA-380.asc
ncols         252
nrows         154
xllcorner     -18.017974
yllcorner     13.481982
cellsize      0.035948
NODATA_value  -9999
[rows 105 to 139 of 154, columns 0 to 76 of 252]
-1 -1 -1 -1 -1 -1 -1 -1 -1 -1 -1 -1 -1 -1 -1 -1 -1 -1 -1 -1 -1 -1 -1 0.07250001 0.07250001 0.3115 0.3115 0.3115 0.4435 0.4435 0.365 0.365 0.298 0.298 0.298 0.3265 0.3265 0.3455 0.3455 0.3865 0.3865 0.3865 0.3915 0.3915 0.3755 0.3755 0.4725 0.4725 0.4725 0.4655 0.4655 0.464 0.464 0.42 0.42 0.4595 0.4595 0.4595 0.4595 0.4595 0.4385 0.4385 0.4385 0.4385 0.4385 0.4145 0.4145 0.449 0.449 0.486 0.486 0.486 0.5345 0.5345 0.5325 0.5325 0.5145
-1 -1 -1 -1 -1 -1 -1 -1 -1 -1 -1 -1 -1 -1 -1 -1 -1 -1 -1 -1 -1 0.0552 0.0552 0.227 0.227 0.392 0.392 0.392 0.396 0.396 0.325 0.325 0.329 0.329 0.329 0.3815 0.3815 0.385 0.385 0.4025 0.4025 0.4025 0.437 0.437 0.4325 0.4325 0.492 0.492 0.492 0.4865 0.4865 0.391 0.391 0.411 0.411 0.4145 0.4145 0.4145 0.4035 0.4035 0.468 0.468 0.468 0.468 0.468 0.523 0.523 0.5175 0.5175 0.5775 0.5775 0.5775 0.5695 0.5695 0.595 0.595 0.5215
-1 -1 -1 -1 -1 -1 -1 -1 -1 -1 -1 -1 -1 -1 -1 -1 -1 -1 -1 -1 -1 0.0552 0.0552 0.227 0.227 0.392 0.392 0.392 0.396 0.396 0.325 0.325 0.329 0.329 0.329 0.3815 0.3815 0.385 0.385 0.4025 0.4025 0.4025 0.437 0.437 0.4325 0.4325 0.492 0.492 0.492 0.4865 0.4865 0.391 0.391 0.411 0.411 0.4145 0.4145 0.4145 0.4035 0.4035 0.468 0.468 0.468 0.468 0.468 0.523 0.523 0.5175 0.5175 0.5775 0.5775 0.5775 0.5695 0.5695 0.595 0.595 0.5215
-1 -1 -1 -1 -1 -1 -1 -1 -1 -1 -1 -1 -1 -1 -1 -1 -1 -1 -1 -1 -1 0.1815 0.1815 0.418 0.418 0.4505 0.4505 0.4505 0.3475 0.3475 0.2955 0.2955 0.318 0.318 0.318 0.384 0.384 0.3905 0.3905 0.4255 0.4255 0.4255 0.4255 0.4255 0.3915 0.3915 0.3705 0.3705 0.3705 0.4325 0.4325 0.4715 0.4715 0.441 0.441 0.4385 0.4385 0.4385 0.4225 0.4225 0.4915 0.4915 0.4915 0.4915 0.4915 0.525 0.525 0.576 0.576 0.5855 0.5855 0.5855 0.58 0.58 0.5685 0.5685 0.5565
-1 -1 -1 -1 -1 -1 -1 -1 -1 -1 -1 -1 -1 -1 -1 -1 -1 -1 -1 -1 -1 0.1815 0.1815 0.418 0.418 0.4505 0.4505 0.4505 0.3475 0.3475 0.2955 0.2955 0.318 0.318 0.318 0.384 0.384 0.3905 0.3905 0.4255 0.4255 0.4255 0.4255 0.4255 0.3915 0.3915 0.3705 0.3705 0.3705 0.4325 0.4325 0.4715 0.4715 0.441 0.441 0.4385 0.4385 0.4385 0.4225 0.4225 0.4915 0.4915 0.4915 0.4915 0.4915 0.525 0.525 0.576 0.576 0.5855 0.5855 0.5855 0.58 0.58 0.5685 0.5685 0.5565
-1 -1 -1 -1 -1 -1 -1 -1 -1 -1 -1 -1 -1 -1 -1 -1 -1 -1 0.2265 0.2265 0.2265 0.4205 0.4205 0.4685 0.4685 0.449 0.449 0.449 0.358 0.358 0.3275 0.3275 0.3455 0.3455 0.3455 0.3845 0.3845 0.357 0.357 0.4005 0.4005 0.4005 0.4375 0.4375 0.403 0.403 0.3835 0.3835 0.3835 0.4605 0.4605 0.4425 0.4425 0.4475 0.4475 0.4435 0.4435 0.4435 0.437 0.437 0.465 0.465 0.465 0.465 0.465 0.5085 0.5085 0.5245 0.5245 0.5695 0.5695 0.5695 0.5485 0.5485 0.5515 0.5515 0.5115
-1 -1 -1 -1 -1 -1 -1 -1 -1 -1 -1 -1 -1 -1 -1 -1 -1 -1 0.2265 0.2265 0.2265 0.4205 0.4205 0.4685 0.4685 0.449 0.449 0.449 0.358 0.358 0.3275 0.3275 0.3455 0.3455 0.3455 0.3845 0.3845 0.357 0.357 0.4005 0.4005 0.4005 0.4375 0.4375 0.403 0.403 0.3835 0.3835 0.3835 0.4605 0.4605 0.4425 0.4425 0.4475 0.4475 0.4435 0.4435 0.4435 0.437 0.437 0.465 0.465 0.465 0.465 0.465 0.5085 0.5085 0.5245 0.5245 0.5695 0.5695 0.5695 0.5485 0.5485 0.5515 0.5515 0.5115
-1 -1 -1 -1 -1 -1 -1 -1 -1 -1 -1 -1 -1 -1 -1 -1 -1 -1 0.2265 0.2265 0.2265 0.4205 0.4205 0.4685 0.4685 0.449 0.449 0.449 0.358 0.358 0.3275 0.3275 0.3455 0.3455 0.3455 0.3845 0.3845 0.357 0.357 0.4005 0.4005 0.4005 0.4375 0.4375 0.403 0.403 0.3835 0.3835 0.3835 0.4605 0.4605 0.4425 0.4425 0.4475 0.4475 0.4435 0.4435 0.4435 0.437 0.437 0.465 0.465 0.465 0.465 0.465 0.5085 0.5085 0.5245 0.5245 0.5695 0.5695 0.5695 0.5485 0.5485 0.5515 0.5515 0.5115
-1 -1 -1 -1 -1 -1 -1 -1 -1 -1 -1 -1 -1 -1 -1 -1 0.175 0.175 0.522 0.522 0.522 0.447 0.447 0.446 0.446 0.474 0.474 0.474 0.346 0.346 0.3305 0.3305 0.3555 0.3555 0.3555 0.3125 0.3125 0.3195 0.3195 0.3865 0.3865 0.3865 0.438 0.438 0.4235 0.4235 0.3945 0.3945 0.3945 0.4405 0.4405 0.4485 0.4485 0.4015 0.4015 0.387 0.387 0.387 0.4245 0.4245 0.421 0.421 0.421 0.421 0.421 0.433 0.433 0.3935 0.3935 0.447 0.447 0.447 0.4435 0.4435 0.4905 0.4905 0.51
-1 -1 -1 -1 -1 -1 -1 -1 -1 -1 -1 -1 -1 -1 -1 -1 0.175 0.175 0.522 0.522 0.522 0.447 0.447 0.446 0.446 0.474 0.474 0.474 0.346 0.346 0.3305 0.3305 0.3555 0.3555 0.3555 0.3125 0.3125 0.3195 0.3195 0.3865 0.3865 0.3865 0.438 0.438 0.4235 0.4235 0.3945 0.3945 0.3945 0.4405 0.4405 0.4485 0.4485 0.4015 0.4015 0.387 0.387 0.387 0.4245 0.4245 0.421 0.421 0.421 0.421 0.421 0.433 0.433 0.3935 0.3935 0.447 0.447 0.447 0.4435 0.4435 0.4905 0.4905 0.51
-1 -1 -1 -1 -1 -1 -1 -1 -1 -1 -1 -1 0.1025 0.1025 0.136 0.136 0.1425 0.1425 0.443 0.443 0.443 0.497 0.497 0.459 0.459 0.4125 0.4125 0.4125 0.363 0.363 0.3575 0.3575 0.3565 0.3565 0.3565 0.413 0.413 0.438 0.438 0.421 0.421 0.421 0.4205 0.4205 0.4175 0.4175 0.3745 0.3745 0.3745 0.41 0.41 0.4365 0.4365 0.444 0.444 0.446 0.446 0.446 0.458 0.458 0.465 0.465 0.465 0.465 0.465 0.438 0.438 0.3885 0.3885 0.3985 0.3985 0.3985 0.3545 0.3545 0.426 0.426 0.547
-1 -1 -1 -1 -1 -1 -1 -1 -1 -1 -1 -1 0.1025 0.1025 0.136 0.136 0.1425 0.1425 0.443 0.443 0.443 0.497 0.497 0.459 0.459 0.4125 0.4125 0.4125 0.363 0.363 0.3575 0.3575 0.3565 0.3565 0.3565 0.413 0.413 0.438 0.438 0.421 0.421 0.421 0.4205 0.4205 0.4175 0.4175 0.3745 0.3745 0.3745 0.41 0.41 0.4365 0.4365 0.444 0.444 0.446 0.446 0.446 0.458 0.458 0.465 0.465 0.465 0.465 0.465 0.438 0.438 0.3885 0.3885 0.3985 0.3985 0.3985 0.3545 0.3545 0.426 0.426 0.547
-1 -1 -1 -1 -1 -1 -1 -1 -1 0.0939 0.0939 0.0939 0.07250001 0.07250001 0.1214 0.1214 0.1137 0.1137 0.1315 0.1315 0.1315 0.5345 0.5345 0.451 0.451 0.4095 0.4095 0.4095 0.367 0.367 0.346 0.346 0.369 0.369 0.369 0.4085 0.4085 0.3985 0.3985 0.4145 0.4145 0.4145 0.454 0.454 0.4335 0.4335 0.3715 0.3715 0.3715 0.358 0.358 0.3815 0.3815 0.426 0.426 0.4415 0.4415 0.4415 0.4695 0.4695 0.434 0.434 0.434 0.434 0.434 0.4235 0.4235 0.345 0.345 0.409 0.409 0.409 0.395 0.395 0.438 0.438 0.481
-1 -1 -1 -1 -1 -1 -1 -1 -1 0.0939 0.0939 0.0939 0.07250001 0.07250001 0.1214 0.1214 0.1137 0.1137 0.1315 0.1315 0.1315 0.5345 0.5345 0.451 0.451 0.4095 0.4095 0.4095 0.367 0.367 0.346 0.346 0.369 0.369 0.369 0.4085 0.4085 0.3985 0.3985 0.4145 0.4145 0.4145 0.454 0.454 0.4335 0.4335 0.3715 0.3715 0.3715 0.358 0.358 0.3815 0.3815 0.426 0.426 0.4415 0.4415 0.4415 0.4695 0.4695 0.434 0.434 0.434 0.434 0.434 0.4235 0.4235 0.345 0.345 0.409 0.409 0.409 0.395 0.395 0.438 0.438 0.481
-1 -1 -1 -1 -1 -1 -1 -1 -1 0.0939 0.0939 0.0939 0.07250001 0.07250001 0.1214 0.1214 0.1137 0.1137 0.1315 0.1315 0.1315 0.5345 0.5345 0.451 0.451 0.4095 0.4095 0.4095 0.367 0.367 0.346 0.346 0.369 0.369 0.369 0.4085 0.4085 0.3985 0.3985 0.4145 0.4145 0.4145 0.454 0.454 0.4335 0.4335 0.3715 0.3715 0.3715 0.358 0.358 0.3815 0.3815 0.426 0.426 0.4415 0.4415 0.4415 0.4695 0.4695 0.434 0.434 0.434 0.434 0.434 0.4235 0.4235 0.345 0.345 0.409 0.409 0.409 0.395 0.395 0.438 0.438 0.481
-1 -1 -1 -1 -1 -1 -1 -1 -1 -1 -1 -1 0.0864 0.0864 0.0689 0.0689 0.1079 0.1079 0.081 0.081 0.081 0.3925 0.3925 0.442 0.442 0.4505 0.4505 0.4505 0.379 0.379 0.3305 0.3305 0.36 0.36 0.36 0.339 0.339 0.4115 0.4115 0.453 0.453 0.453 0.465 0.465 0.4585 0.4585 0.4215 0.4215 0.4215 0.418 0.418 0.405 0.405 0.445 0.445 0.4465 0.4465 0.4465 0.4525 0.4525 0.4185 0.4185 0.4185 0.4185 0.4185 0.3325 0.3325 0.3655 0.3655 0.409 0.409 0.409 0.4525 0.4525 0.412 0.412 0.3795
-1 -1 -1 -1 -1 -1 -1 -1 -1 -1 -1 -1 0.0864 0.0864 0.0689 0.0689 0.1079 0.1079 0.081 0.081 0.081 0.3925 0.3925 0.442 0.442 0.4505 0.4505 0.4505 0.379 0.379 0.3305 0.3305 0.36 0.36 0.36 0.339 0.339 0.4115 0.4115 0.453 0.453 0.453 0.465 0.465 0.4585 0.4585 0.4215 0.4215 0.4215 0.418 0.418 0.405 0.405 0.445 0.445 0.4465 0.4465 0.4465 0.4525 0.4525 0.4185 0.4185 0.4185 0.4185 0.4185 0.3325 0.3325 0.3655 0.3655 0.409 0.409 0.409 0.4525 0.4525 0.412 0.412 0.3795
-1 -1 -1 -1 -1 -1 -1 -1 -1 -1 -1 -1 -1 -1 -1 -1 -1 -1 0.0614 0.0614 0.0614 0.265 0.265 0.336 0.336 0.3455 0.3455 0.3455 0.3495 0.3495 0.3775 0.3775 0.405 0.405 0.405 0.365 0.365 0.4455 0.4455 0.447 0.447 0.447 0.413 0.413 0.445 0.445 0.4775 0.4775 0.4775 0.3987 0.3987 0.4355 0.4355 0.442 0.442 0.471 0.471 0.471 0.425 0.425 0.3935 0.3935 0.3935 0.3935 0.3935 0.447 0.447 0.3935 0.3935 0.513 0.513 0.513 0.484 0.484 0.442 0.442 0.4545
-1 -1 -1 -1 -1 -1 -1 -1 -1 -1 -1 -1 -1 -1 -1 -1 -1 -1 0.0614 0.0614 0.0614 0.265 0.265 0.336 0.336 0.3455 0.3455 0.3455 0.3495 0.3495 0.3775 0.3775 0.405 0.405 0.405 0.365 0.365 0.4455 0.4455 0.447 0.447 0.447 0.413 0.413 0.445 0.445 0.4775 0.4775 0.4775 0.3987 0.3987 0.4355 0.4355 0.442 0.442 0.471 0.471 0.471 0.425 0.425 0.3935 0.3935 0.3935 0.3935 0.3935 0.447 0.447 0.3935 0.3935 0.513 0.513 0.513 0.484 0.484 0.442 0.442 0.4545
-1 -1 -1 -1 -1 -1 -1 -1 -1 -1 -1 -1 -1 -1 -1 -1 -1 -1 -1 -1 -1 0.1472 0.1472 0.206 0.206 0.3525 0.3525 0.3525 0.363 0.363 0.435 0.435 0.413 0.413 0.413 0.425 0.425 0.395 0.395 0.37 0.37 0.37 0.4175 0.4175 0.478 0.478 0.4875 0.4875 0.4875 0.456 0.456 0.4255 0.4255 0.473 0.473 0.4415 0.4415 0.4415 0.429 0.429 0.3805 0.3805 0.3805 0.3805 0.3805 0.3335 0.3335 0.393 0.393 0.4505 0.4505 0.4505 0.4175 0.4175 0.43 0.43 0.388
-1 -1 -1 -1 -1 -1 -1 -1 -1 -1 -1 -1 -1 -1 -1 -1 -1 -1 -1 -1 -1 0.1472 0.1472 0.206 0.206 0.3525 0.3525 0.3525 0.363 0.363 0.435 0.435 0.413 0.413 0.413 0.425 0.425 0.395 0.395 0.37 0.37 0.37 0.4175 0.4175 0.478 0.478 0.4875 0.4875 0.4875 0.456 0.456 0.4255 0.4255 0.473 0.473 0.4415 0.4415 0.4415 0.429 0.429 0.3805 0.3805 0.3805 0.3805 0.3805 0.3335 0.3335 0.393 0.393 0.4505 0.4505 0.4505 0.4175 0.4175 0.43 0.43 0.388
-1 -1 -1 -1 -1 -1 -1 -1 -1 -1 -1 -1 -1 -1 -1 -1 -1 -1 -1 -1 -1 0.09540001 0.09540001 0.2465 0.2465 0.4125 0.4125 0.4125 0.5095 0.5095 0.5425 0.5425 0.4855 0.4855 0.4855 0.4675 0.4675 0.3965 0.3965 0.324 0.324 0.324 0.35 0.35 0.436 0.436 0.526 0.526 0.526 0.4525 0.4525 0.4275 0.4275 0.48 0.48 0.4505 0.4505 0.4505 0.4565 0.4565 0.4455 0.4455 0.4455 0.4455 0.4455 0.367 0.367 0.408 0.408 0.3855 0.3855 0.3855 0.351 0.351 0.4295 0.4295 0.4195
-1 -1 -1 -1 -1 -1 -1 -1 -1 -1 -1 -1 -1 -1 -1 -1 -1 -1 -1 -1 -1 0.09540001 0.09540001 0.2465 0.2465 0.4125 0.4125 0.4125 0.5095 0.5095 0.5425 0.5425 0.4855 0.4855 0.4855 0.4675 0.4675 0.3965 0.3965 0.324 0.324 0.324 0.35 0.35 0.436 0.436 0.526 0.526 0.526 0.4525 0.4525 0.4275 0.4275 0.48 0.48 0.4505 0.4505 0.4505 0.4565 0.4565 0.4455 0.4455 0.4455 0.4455 0.4455 0.367 0.367 0.408 0.408 0.3855 0.3855 0.3855 0.351 0.351 0.4295 0.4295 0.4195
-1 -1 -1 -1 -1 -1 -1 -1 -1 -1 -1 -1 -1 -1 -1 -1 -1 -1 -1 -1 -1 0.09540001 0.09540001 0.2465 0.2465 0.4125 0.4125 0.4125 0.5095 0.5095 0.5425 0.5425 0.4855 0.4855 0.4855 0.4675 0.4675 0.3965 0.3965 0.324 0.324 0.324 0.35 0.35 0.436 0.436 0.526 0.526 0.526 0.4525 0.4525 0.4275 0.4275 0.48 0.48 0.4505 0.4505 0.4505 0.4565 0.4565 0.4455 0.4455 0.4455 0.4455 0.4455 0.367 0.367 0.408 0.408 0.3855 0.3855 0.3855 0.351 0.351 0.4295 0.4295 0.4195
-1 -1 -1 -1 -1 -1 -1 -1 -1 -1 -1 -1 -1 -1 -1 -1 -1 -1 -1 -1 -1 -1 -1 0.1579 0.1579 0.1375 0.1375 0.1375 0.388 0.388 0.4855 0.4855 0.4425 0.4425 0.4425 0.3065 0.3065 0.165 0.165 0.133 0.133 0.133 0.3395 0.3395 0.4045 0.4045 0.441 0.441 0.441 0.4415 0.4415 0.4187 0.4187 0.513 0.513 0.5915 0.5915 0.5915 0.516 0.516 0.446 0.446 0.446 0.446 0.446 0.401 0.401 0.3885 0.3885 0.4235 0.4235 0.4235 0.4025 0.4025 0.4115 0.4115 0.4285
-1 -1 -1 -1 -1 -1 -1 -1 -1 -1 -1 -1 -1 -1 -1 -1 -1 -1 -1 -1 -1 -1 -1 0.1579 0.1579 0.1375 0.1375 0.1375 0.388 0.388 0.4855 0.4855 0.4425 0.4425 0.4425 0.3065 0.3065 0.165 0.165 0.133 0.133 0.133 0.3395 0.3395 0.4045 0.4045 0.441 0.441 0.441 0.4415 0.4415 0.4187 0.4187 0.513 0.513 0.5915 0.5915 0.5915 0.516 0.516 0.446 0.446 0.446 0.446 0.446 0.401 0.401 0.3885 0.3885 0.4235 0.4235 0.4235 0.4025 0.4025 0.4115 0.4115 0.4285
-1 -1 -1 -1 -1 -1 -1 -1 -1 -1 -1 -1 -1 -1 -1 -1 -1 -1 -1 -1 -1 -1 -1 -1 -1 0.0755 0.0755 0.0755 0.2425 0.2425 0.3405 0.3405 0.3405 0.3405 0.3405 0.2125 0.2125 0.1225 0.1225 0.1335 0.1335 0.1335 0.3505 0.3505 0.382 0.382 0.499 0.499 0.499 0.4135 0.4135 0.439 0.439 0.4715 0.4715 0.492 0.492 0.492 0.4905 0.4905 0.4995 0.4995 0.4995 0.4995 0.4995 0.4315 0.4315 0.4225 0.4225 0.4245 0.4245 0.4245 0.412 0.412 0.406 0.406 0.4365
-1 -1 -1 -1 -1 -1 -1 -1 -1 -1 -1 -1 -1 -1 -1 -1 -1 -1 -1 -1 -1 -1 -1 -1 -1 0.0755 0.0755 0.0755 0.2425 0.2425 0.3405 0.3405 0.3405 0.3405 0.3405 0.2125 0.2125 0.1225 0.1225 0.1335 0.1335 0.1335 0.3505 0.3505 0.382 0.382 0.499 0.499 0.499 0.4135 0.4135 0.439 0.439 0.4715 0.4715 0.492 0.492 0.492 0.4905 0.4905 0.4995 0.4995 0.4995 0.4995 0.4995 0.4315 0.4315 0.4225 0.4225 0.4245 0.4245 0.4245 0.412 0.412 0.406 0.406 0.4365
-1 -1 -1 -1 -1 -1 -1 -1 -1 -1 -1 -1 -1 -1 -1 -1 -1 -1 -1 -1 -1 -1 -1 -1 -1 0.0764 0.0764 0.0764 0.072 0.072 0.347 0.347 0.3705 0.3705 0.3705 0.173 0.173 0.204 0.204 0.3295 0.3295 0.3295 0.4675 0.4675 0.4175 0.4175 0.4791 0.4791 0.4791 0.3715 0.3715 0.4295 0.4295 0.4485 0.4485 0.486 0.486 0.486 0.479 0.479 0.509 0.509 0.509 0.509 0.509 0.4515 0.4515 0.3635 0.3635 0.3955 0.3955 0.3955 0.3925 0.3925 0.36 0.36 0.3395
-1 -1 -1 -1 -1 -1 -1 -1 -1 -1 -1 -1 -1 -1 -1 -1 -1 -1 -1 -1 -1 -1 -1 -1 -1 0.0764 0.0764 0.0764 0.072 0.072 0.347 0.347 0.3705 0.3705 0.3705 0.173 0.173 0.204 0.204 0.3295 0.3295 0.3295 0.4675 0.4675 0.4175 0.4175 0.4791 0.4791 0.4791 0.3715 0.3715 0.4295 0.4295 0.4485 0.4485 0.486 0.486 0.486 0.479 0.479 0.509 0.509 0.509 0.509 0.509 0.4515 0.4515 0.3635 0.3635 0.3955 0.3955 0.3955 0.3925 0.3925 0.36 0.36 0.3395
-1 -1 -1 -1 -1 -1 -1 -1 -1 -1 -1 -1 -1 -1 -1 -1 -1 -1 -1 -1 -1 -1 -1 -1 -1 0.0764 0.0764 0.0764 0.072 0.072 0.347 0.347 0.3705 0.3705 0.3705 0.173 0.173 0.204 0.204 0.3295 0.3295 0.3295 0.4675 0.4675 0.4175 0.4175 0.4791 0.4791 0.4791 0.3715 0.3715 0.4295 0.4295 0.4485 0.4485 0.486 0.486 0.486 0.479 0.479 0.509 0.509 0.509 0.509 0.509 0.4515 0.4515 0.3635 0.3635 0.3955 0.3955 0.3955 0.3925 0.3925 0.36 0.36 0.3395
-1 -1 -1 -1 -1 -1 -1 -1 -1 -1 -1 -1 -1 -1 -1 -1 -1 -1 -1 -1 -1 -1 -1 -1 -1 -1 -1 -1 0.07449999 0.07449999 0.259 0.259 0.293 0.293 0.293 0.3815 0.3815 0.4135 0.4135 0.4675 0.4675 0.4675 0.408 0.408 0.575 0.575 0.4335 0.4335 0.4335 0.4445 0.4445 0.4405 0.4405 0.4665 0.4665 0.4885 0.4885 0.4885 0.468 0.468 0.494 0.494 0.494 0.494 0.494 0.474 0.474 0.4525 0.4525 0.4345 0.4345 0.4345 0.4295 0.4295 0.4365 0.4365 0.351
-1 -1 -1 -1 -1 -1 -1 -1 -1 -1 -1 -1 -1 -1 -1 -1 -1 -1 -1 -1 -1 -1 -1 -1 -1 -1 -1 -1 0.07449999 0.07449999 0.259 0.259 0.293 0.293 0.293 0.3815 0.3815 0.4135 0.4135 0.4675 0.4675 0.4675 0.408 0.408 0.575 0.575 0.4335 0.4335 0.4335 0.4445 0.4445 0.4405 0.4405 0.4665 0.4665 0.4885 0.4885 0.4885 0.468 0.468 0.494 0.494 0.494 0.494 0.494 0.474 0.474 0.4525 0.4525 0.4345 0.4345 0.4345 0.4295 0.4295 0.4365 0.4365 0.351
-1 -1 -1 -1 -1 -1 -1 -1 -1 -1 -1 -1 -1 -1 -1 -1 -1 -1 -1 -1 -1 -1 -1 -1 -1 -1 -1 -1 0.0129 0.0129 0.473 0.473 0.5875 0.5875 0.5875 0.5421 0.5421 0.378 0.378 0.3485 0.3485 0.3485 0.366 0.366 0.38 0.38 0.3335 0.3335 0.3335 0.366 0.366 0.4175 0.4175 0.3595 0.3595 0.428 0.428 0.428 0.4115 0.4115 0.49 0.49 0.49 0.49 0.49 0.497 0.497 0.4315 0.4315 0.393 0.393 0.393 0.44 0.44 0.343 0.343 0.4285
-1 -1 -1 -1 -1 -1 -1 -1 -1 -1 -1 -1 -1 -1 -1 -1 -1 -1 -1 -1 -1 -1 -1 -1 -1 -1 -1 -1 0.0129 0.0129 0.473 0.473 0.5875 0.5875 0.5875 0.5421 0.5421 0.378 0.378 0.3485 0.3485 0.3485 0.366 0.366 0.38 0.38 0.3335 0.3335 0.3335 0.366 0.366 0.4175 0.4175 0.3595 0.3595 0.428 0.428 0.428 0.4115 0.4115 0.49 0.49 0.49 0.49 0.49 0.497 0.497 0.4315 0.4315 0.393 0.393 0.393 0.44 0.44 0.343 0.343 0.4285
