ndvi/NOAA-280.asc
ncols         252
nrows         154
xllcorner     -18.017974
yllcorner     13.481982
cellsize      0.035948
NODATA_value  -9999
[rows 70 to 104 of 154, columns 154 to 230 of 252]
0.131 0.1405 0.1405 0.13 0.13 0.13 0.1475 0.1475 0.15 0.15 0.148 0.148 0.1825 0.1825 0.1825 0.187 0.187 0.1925 0.1925 0.202 0.202 0.202 0.1895 0.1895 0.198 0.198 0.195 0.195 0.195 0.195 0.195 0.1955 0.1955 0.197 0.197 0.197 0.1765 0.1765 0.173 0.173 0.1875 0.1875 0.1875 0.188 0.188 0.1815 0.1815 0.1665 0.1665 0.165 0.165 0.165 0.1855 0.1855 0.194 0.194 0.2065 0.2065 0.2065 0.2 0.2 0.194 0.194 0.174 0.174 0.174 0.161 0.161 0.1645 0.1645 0.1665 0.1665 0.1665 0.164 0.164 0.1715 0.1715
0.1475 0.1475 0.1475 0.141 0.141 0.141 0.149 0.149 0.166 0.166 0.14 0.14 0.188 0.188 0.188 0.179 0.179 0.1795 0.1795 0.2105 0.2105 0.2105 0.1955 0.1955 0.1855 0.1855 0.182 0.182 0.182 0.1905 0.1905 0.193 0.193 0.191 0.191 0.191 0.173 0.173 0.1775 0.1775 0.1765 0.1765 0.1765 0.1805 0.1805 0.169 0.169 0.1975 0.1975 0.202 0.202 0.202 0.199 0.199 0.2025 0.2025 0.1925 0.1925 0.1925 0.203 0.203 0.198 0.198 0.172 0.172 0.172 0.17 0.17 0.163 0.163 0.1635 0.1635 0.1635 0.1615 0.1615 0.1715 0.1715
0.1475 0.1475 0.1475 0.141 0.141 0.141 0.149 0.149 0.166 0.166 0.14 0.14 0.188 0.188 0.188 0.179 0.179 0.1795 0.1795 0.2105 0.2105 0.2105 0.1955 0.1955 0.1855 0.1855 0.182 0.182 0.182 0.1905 0.1905 0.193 0.193 0.191 0.191 0.191 0.173 0.173 0.1775 0.1775 0.1765 0.1765 0.1765 0.1805 0.1805 0.169 0.169 0.1975 0.1975 0.202 0.202 0.202 0.199 0.199 0.2025 0.2025 0.1925 0.1925 0.1925 0.203 0.203 0.198 0.198 0.172 0.172 0.172 0.17 0.17 0.163 0.163 0.1635 0.1635 0.1635 0.1615 0.1615 0.1715 0.1715
0.1475 0.1475 0.1475 0.141 0.141 0.141 0.149 0.149 0.166 0.166 0.14 0.14 0.188 0.188 0.188 0.179 0.179 0.1795 0.1795 0.2105 0.2105 0.2105 0.1955 0.1955 0.1855 0.1855 0.182 0.182 0.182 0.1905 0.1905 0.193 0.193 0.191 0.191 0.191 0.173 0.173 0.1775 0.1775 0.1765 0.1765 0.1765 0.1805 0.1805 0.169 0.169 0.1975 0.1975 0.202 0.202 0.202 0.199 0.199 0.2025 0.2025 0.1925 0.1925 0.1925 0.203 0.203 0.198 0.198 0.172 0.172 0.172 0.17 0.17 0.163 0.163 0.1635 0.1635 0.1635 0.1615 0.1615 0.1715 0.1715
0.128 0.1415 0.1415 0.142 0.142 0.142 0.1455 0.1455 0.1595 0.1595 0.147 0.147 0.176 0.176 0.176 0.183 0.183 0.189 0.189 0.187 0.187 0.187 0.1885 0.1885 0.189 0.189 0.199 0.199 0.199 0.202 0.202 0.1965 0.1965 0.195 0.195 0.195 0.1965 0.1965 0.1795 0.1795 0.1835 0.1835 0.1835 0.198 0.198 0.1925 0.1925 0.198 0.198 0.2145 0.2145 0.2145 0.2095 0.2095 0.2115 0.2115 0.217 0.217 0.217 0.21 0.21 0.2085 0.2085 0.1925 0.1925 0.1925 0.181 0.181 0.1645 0.1645 0.163 0.163 0.163 0.1785 0.1785 0.165 0.165
0.128 0.1415 0.1415 0.142 0.142 0.142 0.1455 0.1455 0.1595 0.1595 0.147 0.147 0.176 0.176 0.176 0.183 0.183 0.189 0.189 0.187 0.187 0.187 0.1885 0.1885 0.189 0.189 0.199 0.199 0.199 0.202 0.202 0.1965 0.1965 0.195 0.195 0.195 0.1965 0.1965 0.1795 0.1795 0.1835 0.1835 0.1835 0.198 0.198 0.1925 0.1925 0.198 0.198 0.2145 0.2145 0.2145 0.2095 0.2095 0.2115 0.2115 0.217 0.217 0.217 0.21 0.21 0.2085 0.2085 0.1925 0.1925 0.1925 0.181 0.181 0.1645 0.1645 0.163 0.163 0.163 0.1785 0.1785 0.165 0.165
0.122 0.153 0.153 0.164 0.164 0.164 0.1375 0.1375 0.142 0.142 0.143 0.143 0.1705 0.1705 0.1705 0.1895 0.1895 0.188 0.188 0.2135 0.2135 0.2135 0.204 0.204 0.192 0.192 0.196 0.196 0.196 0.1905 0.1905 0.1935 0.1935 0.194 0.194 0.194 0.185 0.185 0.19 0.19 0.204 0.204 0.204 0.205 0.205 0.209 0.209 0.2095 0.2095 0.2185 0.2185 0.2185 0.218 0.218 0.2145 0.2145 0.231 0.231 0.231 0.205 0.205 0.1925 0.1925 0.1935 0.1935 0.1935 0.1805 0.1805 0.162 0.162 0.1655 0.1655 0.1655 0.175 0.175 0.1785 0.1785
0.122 0.153 0.153 0.164 0.164 0.164 0.1375 0.1375 0.142 0.142 0.143 0.143 0.1705 0.1705 0.1705 0.1895 0.1895 0.188 0.188 0.2135 0.2135 0.2135 0.204 0.204 0.192 0.192 0.196 0.196 0.196 0.1905 0.1905 0.1935 0.1935 0.194 0.194 0.194 0.185 0.185 0.19 0.19 0.204 0.204 0.204 0.205 0.205 0.209 0.209 0.2095 0.2095 0.2185 0.2185 0.2185 0.218 0.218 0.2145 0.2145 0.231 0.231 0.231 0.205 0.205 0.1925 0.1925 0.1935 0.1935 0.1935 0.1805 0.1805 0.162 0.162 0.1655 0.1655 0.1655 0.175 0.175 0.1785 0.1785
0.1275 0.135 0.135 0.1345 0.1345 0.1345 0.1305 0.1305 0.1305 0.1305 0.1335 0.1335 0.1815 0.1815 0.1815 0.1825 0.1825 0.178 0.178 0.181 0.181 0.181 0.186 0.186 0.1975 0.1975 0.1895 0.1895 0.1895 0.187 0.187 0.198 0.198 0.1925 0.1925 0.1925 0.1965 0.1965 0.1985 0.1985 0.2055 0.2055 0.2055 0.2105 0.2105 0.2145 0.2145 0.211 0.211 0.2225 0.2225 0.2225 0.2175 0.2175 0.2295 0.2295 0.24 0.24 0.24 0.2155 0.2155 0.2145 0.2145 0.2055 0.2055 0.2055 0.2 0.2 0.187 0.187 0.185 0.185 0.185 0.17 0.17 0.1695 0.1695
0.1275 0.135 0.135 0.1345 0.1345 0.1345 0.1305 0.1305 0.1305 0.1305 0.1335 0.1335 0.1815 0.1815 0.1815 0.1825 0.1825 0.178 0.178 0.181 0.181 0.181 0.186 0.186 0.1975 0.1975 0.1895 0.1895 0.1895 0.187 0.187 0.198 0.198 0.1925 0.1925 0.1925 0.1965 0.1965 0.1985 0.1985 0.2055 0.2055 0.2055 0.2105 0.2105 0.2145 0.2145 0.211 0.211 0.2225 0.2225 0.2225 0.2175 0.2175 0.2295 0.2295 0.24 0.24 0.24 0.2155 0.2155 0.2145 0.2145 0.2055 0.2055 0.2055 0.2 0.2 0.187 0.187 0.185 0.185 0.185 0.17 0.17 0.1695 0.1695
0.1305 0.141 0.141 0.128 0.128 0.128 0.126 0.126 0.1165 0.1165 0.14 0.14 0.1655 0.1655 0.1655 0.1775 0.1775 0.194 0.194 0.1885 0.1885 0.1885 0.194 0.194 0.194 0.194 0.204 0.204 0.204 0.2 0.2 0.2055 0.2055 0.19 0.19 0.19 0.1975 0.1975 0.1925 0.1925 0.21 0.21 0.21 0.2135 0.2135 0.2095 0.2095 0.1975 0.1975 0.2145 0.2145 0.2145 0.2215 0.2215 0.2295 0.2295 0.2075 0.2075 0.2075 0.217 0.217 0.2095 0.2095 0.2005 0.2005 0.2005 0.1995 0.1995 0.2345 0.2345 0.205 0.205 0.205 0.2045 0.2045 0.201 0.201
0.1305 0.141 0.141 0.128 0.128 0.128 0.126 0.126 0.1165 0.1165 0.14 0.14 0.1655 0.1655 0.1655 0.1775 0.1775 0.194 0.194 0.1885 0.1885 0.1885 0.194 0.194 0.194 0.194 0.204 0.204 0.204 0.2 0.2 0.2055 0.2055 0.19 0.19 0.19 0.1975 0.1975 0.1925 0.1925 0.21 0.21 0.21 0.2135 0.2135 0.2095 0.2095 0.1975 0.1975 0.2145 0.2145 0.2145 0.2215 0.2215 0.2295 0.2295 0.2075 0.2075 0.2075 0.217 0.217 0.2095 0.2095 0.2005 0.2005 0.2005 0.1995 0.1995 0.2345 0.2345 0.205 0.205 0.205 0.2045 0.2045 0.201 0.201
0.1305 0.141 0.141 0.128 0.128 0.128 0.126 0.126 0.1165 0.1165 0.14 0.14 0.1655 0.1655 0.1655 0.1775 0.1775 0.194 0.194 0.1885 0.1885 0.1885 0.194 0.194 0.194 0.194 0.204 0.204 0.204 0.2 0.2 0.2055 0.2055 0.19 0.19 0.19 0.1975 0.1975 0.1925 0.1925 0.21 0.21 0.21 0.2135 0.2135 0.2095 0.2095 0.1975 0.1975 0.2145 0.2145 0.2145 0.2215 0.2215 0.2295 0.2295 0.2075 0.2075 0.2075 0.217 0.217 0.2095 0.2095 0.2005 0.2005 0.2005 0.1995 0.1995 0.2345 0.2345 0.205 0.205 0.205 0.2045 0.2045 0.201 0.201
0.143 0.143 0.143 0.144 0.144 0.144 0.133 0.133 0.13 0.13 0.1835 0.1835 0.201 0.201 0.201 0.1865 0.1865 0.218 0.218 0.22 0.22 0.22 0.2205 0.2205 0.198 0.198 0.2105 0.2105 0.2105 0.201 0.201 0.1865 0.1865 0.191 0.191 0.191 0.1985 0.1985 0.205 0.205 0.2085 0.2085 0.2085 0.2065 0.2065 0.2125 0.2125 0.215 0.215 0.2105 0.2105 0.2105 0.2155 0.2155 0.224 0.224 0.218 0.218 0.218 0.2105 0.2105 0.2185 0.2185 0.207 0.207 0.207 0.2005 0.2005 0.2135 0.2135 0.2155 0.2155 0.2155 0.214 0.214 0.212 0.212
0.143 0.143 0.143 0.144 0.144 0.144 0.133 0.133 0.13 0.13 0.1835 0.1835 0.201 0.201 0.201 0.1865 0.1865 0.218 0.218 0.22 0.22 0.22 0.2205 0.2205 0.198 0.198 0.2105 0.2105 0.2105 0.201 0.201 0.1865 0.1865 0.191 0.191 0.191 0.1985 0.1985 0.205 0.205 0.2085 0.2085 0.2085 0.2065 0.2065 0.2125 0.2125 0.215 0.215 0.2105 0.2105 0.2105 0.2155 0.2155 0.224 0.224 0.218 0.218 0.218 0.2105 0.2105 0.2185 0.2185 0.207 0.207 0.207 0.2005 0.2005 0.2135 0.2135 0.2155 0.2155 0.2155 0.214 0.214 0.212 0.212
0.147 0.141 0.141 0.166 0.166 0.166 0.144 0.144 0.1595 0.1595 0.194 0.194 0.2075 0.2075 0.2075 0.1945 0.1945 0.2135 0.2135 0.225 0.225 0.225 0.2095 0.2095 0.2045 0.2045 0.202 0.202 0.202 0.208 0.208 0.199 0.199 0.2015 0.2015 0.2015 0.1945 0.1945 0.1995 0.1995 0.2075 0.2075 0.2075 0.2285 0.2285 0.2335 0.2335 0.2275 0.2275 0.2055 0.2055 0.2055 0.21 0.21 0.2195 0.2195 0.216 0.216 0.216 0.1995 0.1995 0.2005 0.2005 0.1945 0.1945 0.1945 0.205 0.205 0.217 0.217 0.225 0.225 0.225 0.22 0.22 0.214 0.214
0.147 0.141 0.141 0.166 0.166 0.166 0.144 0.144 0.1595 0.1595 0.194 0.194 0.2075 0.2075 0.2075 0.1945 0.1945 0.2135 0.2135 0.225 0.225 0.225 0.2095 0.2095 0.2045 0.2045 0.202 0.202 0.202 0.208 0.208 0.199 0.199 0.2015 0.2015 0.2015 0.1945 0.1945 0.1995 0.1995 0.2075 0.2075 0.2075 0.2285 0.2285 0.2335 0.2335 0.2275 0.2275 0.2055 0.2055 0.2055 0.21 0.21 0.2195 0.2195 0.216 0.216 0.216 0.1995 0.1995 0.2005 0.2005 0.1945 0.1945 0.1945 0.205 0.205 0.217 0.217 0.225 0.225 0.225 0.22 0.22 0.214 0.214
0.18 0.161 0.161 0.1615 0.1615 0.1615 0.1325 0.1325 0.1615 0.1615 0.193 0.193 0.2025 0.2025 0.2025 0.2195 0.2195 0.217 0.217 0.213 0.213 0.213 0.229 0.229 0.204 0.204 0.1965 0.1965 0.1965 0.182 0.182 0.1865 0.1865 0.1945 0.1945 0.1945 0.1795 0.1795 0.1845 0.1845 0.207 0.207 0.207 0.2185 0.2185 0.2085 0.2085 0.2235 0.2235 0.208 0.208 0.208 0.218 0.218 0.2095 0.2095 0.205 0.205 0.205 0.203 0.203 0.198 0.198 0.197 0.197 0.197 0.212 0.212 0.2095 0.2095 0.214 0.214 0.214 0.2225 0.2225 0.2265 0.2265
0.18 0.161 0.161 0.1615 0.1615 0.1615 0.1325 0.1325 0.1615 0.1615 0.193 0.193 0.2025 0.2025 0.2025 0.2195 0.2195 0.217 0.217 0.213 0.213 0.213 0.229 0.229 0.204 0.204 0.1965 0.1965 0.1965 0.182 0.182 0.1865 0.1865 0.1945 0.1945 0.1945 0.1795 0.1795 0.1845 0.1845 0.207 0.207 0.207 0.2185 0.2185 0.2085 0.2085 0.2235 0.2235 0.208 0.208 0.208 0.218 0.218 0.2095 0.2095 0.205 0.205 0.205 0.203 0.203 0.198 0.198 0.197 0.197 0.197 0.212 0.212 0.2095 0.2095 0.214 0.214 0.214 0.2225 0.2225 0.2265 0.2265
0.18 0.161 0.161 0.1615 0.1615 0.1615 0.1325 0.1325 0.1615 0.1615 0.193 0.193 0.2025 0.2025 0.2025 0.2195 0.2195 0.217 0.217 0.213 0.213 0.213 0.229 0.229 0.204 0.204 0.1965 0.1965 0.1965 0.182 0.182 0.1865 0.1865 0.1945 0.1945 0.1945 0.1795 0.1795 0.1845 0.1845 0.207 0.207 0.207 0.2185 0.2185 0.2085 0.2085 0.2235 0.2235 0.208 0.208 0.208 0.218 0.218 0.2095 0.2095 0.205 0.205 0.205 0.203 0.203 0.198 0.198 0.197 0.197 0.197 0.212 0.212 0.2095 0.2095 0.214 0.214 0.214 0.2225 0.2225 0.2265 0.2265
0.1655 0.1525 0.1525 0.1795 0.1795 0.1795 0.154 0.154 0.1735 0.1735 0.1985 0.1985 0.205 0.205 0.205 0.224 0.224 0.2325 0.2325 0.228 0.228 0.228 0.209 0.209 0.19 0.19 0.196 0.196 0.196 0.1855 0.1855 0.1975 0.1975 0.1935 0.1935 0.1935 0.2025 0.2025 0.2135 0.2135 0.2165 0.2165 0.2165 0.2105 0.2105 0.217 0.217 0.225 0.225 0.219 0.219 0.219 0.216 0.216 0.204 0.204 0.198 0.198 0.198 0.19 0.19 0.1955 0.1955 0.206 0.206 0.206 0.2215 0.2215 0.226 0.226 0.2115 0.2115 0.2115 0.226 0.226 0.2185 0.2185
0.1655 0.1525 0.1525 0.1795 0.1795 0.1795 0.154 0.154 0.1735 0.1735 0.1985 0.1985 0.205 0.205 0.205 0.224 0.224 0.2325 0.2325 0.228 0.228 0.228 0.209 0.209 0.19 0.19 0.196 0.196 0.196 0.1855 0.1855 0.1975 0.1975 0.1935 0.1935 0.1935 0.2025 0.2025 0.2135 0.2135 0.2165 0.2165 0.2165 0.2105 0.2105 0.217 0.217 0.225 0.225 0.219 0.219 0.219 0.216 0.216 0.204 0.204 0.198 0.198 0.198 0.19 0.19 0.1955 0.1955 0.206 0.206 0.206 0.2215 0.2215 0.226 0.226 0.2115 0.2115 0.2115 0.226 0.226 0.2185 0.2185
0.206 0.1685 0.1685 0.18 0.18 0.18 0.1635 0.1635 0.188 0.188 0.1965 0.1965 0.22 0.22 0.22 0.2255 0.2255 0.227 0.227 0.2305 0.2305 0.2305 0.2155 0.2155 0.2245 0.2245 0.179 0.179 0.179 0.1915 0.1915 0.189 0.189 0.1915 0.1915 0.1915 0.2065 0.2065 0.207 0.207 0.2065 0.2065 0.2065 0.2115 0.2115 0.2095 0.2095 0.208 0.208 0.21 0.21 0.21 0.2105 0.2105 0.202 0.202 0.2005 0.2005 0.2005 0.2 0.2 0.204 0.204 0.2105 0.2105 0.2105 0.2065 0.2065 0.212 0.212 0.225 0.225 0.225 0.2295 0.2295 0.226 0.226
0.206 0.1685 0.1685 0.18 0.18 0.18 0.1635 0.1635 0.188 0.188 0.1965 0.1965 0.22 0.22 0.22 0.2255 0.2255 0.227 0.227 0.2305 0.2305 0.2305 0.2155 0.2155 0.2245 0.2245 0.179 0.179 0.179 0.1915 0.1915 0.189 0.189 0.1915 0.1915 0.1915 0.2065 0.2065 0.207 0.207 0.2065 0.2065 0.2065 0.2115 0.2115 0.2095 0.2095 0.208 0.208 0.21 0.21 0.21 0.2105 0.2105 0.202 0.202 0.2005 0.2005 0.2005 0.2 0.2 0.204 0.204 0.2105 0.2105 0.2105 0.2065 0.2065 0.212 0.212 0.225 0.225 0.225 0.2295 0.2295 0.226 0.226
0.1755 0.1825 0.1825 0.1845 0.1845 0.1845 0.1785 0.1785 0.182 0.182 0.1835 0.1835 0.202 0.202 0.202 0.215 0.215 0.2255 0.2255 0.216 0.216 0.216 0.2045 0.2045 0.195 0.195 0.1945 0.1945 0.1945 0.1995 0.1995 0.2185 0.2185 0.235 0.235 0.235 0.225 0.225 0.2235 0.2235 0.208 0.208 0.208 0.2095 0.2095 0.21 0.21 0.2165 0.2165 0.214 0.214 0.214 0.198 0.198 0.208 0.208 0.2025 0.2025 0.2025 0.203 0.203 0.196 0.196 0.2075 0.2075 0.2075 0.211 0.211 0.2155 0.2155 0.2275 0.2275 0.2275 0.2315 0.2315 0.234 0.234
0.1755 0.1825 0.1825 0.1845 0.1845 0.1845 0.1785 0.1785 0.182 0.182 0.1835 0.1835 0.202 0.202 0.202 0.215 0.215 0.2255 0.2255 0.216 0.216 0.216 0.2045 0.2045 0.195 0.195 0.1945 0.1945 0.1945 0.1995 0.1995 0.2185 0.2185 0.235 0.235 0.235 0.225 0.225 0.2235 0.2235 0.208 0.208 0.208 0.2095 0.2095 0.21 0.21 0.2165 0.2165 0.214 0.214 0.214 0.198 0.198 0.208 0.208 0.2025 0.2025 0.2025 0.203 0.203 0.196 0.196 0.2075 0.2075 0.2075 0.211 0.211 0.2155 0.2155 0.2275 0.2275 0.2275 0.2315 0.2315 0.234 0.234
0.1755 0.1825 0.1825 0.1845 0.1845 0.1845 0.1785 0.1785 0.182 0.182 0.1835 0.1835 0.202 0.202 0.202 0.215 0.215 0.2255 0.2255 0.216 0.216 0.216 0.2045 0.2045 0.195 0.195 0.1945 0.1945 0.1945 0.1995 0.1995 0.2185 0.2185 0.235 0.235 0.235 0.225 0.225 0.2235 0.2235 0.208 0.208 0.208 0.2095 0.2095 0.21 0.21 0.2165 0.2165 0.214 0.214 0.214 0.198 0.198 0.208 0.208 0.2025 0.2025 0.2025 0.203 0.203 0.196 0.196 0.2075 0.2075 0.2075 0.211 0.211 0.2155 0.2155 0.2275 0.2275 0.2275 0.2315 0.2315 0.234 0.234
0.184 0.183 0.183 0.1865 0.1865 0.1865 0.194 0.194 0.1915 0.1915 0.2075 0.2075 0.1995 0.1995 0.1995 0.199 0.199 0.182 0.182 0.1955 0.1955 0.1955 0.191 0.191 0.1785 0.1785 0.1895 0.1895 0.1895 0.2035 0.2035 0.211 0.211 0.2125 0.2125 0.2125 0.2075 0.2075 0.207 0.207 0.2045 0.2045 0.2045 0.199 0.199 0.2275 0.2275 0.2145 0.2145 0.213 0.213 0.213 0.2035 0.2035 0.192 0.192 0.1885 0.1885 0.1885 0.205 0.205 0.1995 0.1995 0.195 0.195 0.195 0.2015 0.2015 0.216 0.216 0.2295 0.2295 0.2295 0.208 0.208 0.2155 0.2155
0.184 0.183 0.183 0.1865 0.1865 0.1865 0.194 0.194 0.1915 0.1915 0.2075 0.2075 0.1995 0.1995 0.1995 0.199 0.199 0.182 0.182 0.1955 0.1955 0.1955 0.191 0.191 0.1785 0.1785 0.1895 0.1895 0.1895 0.2035 0.2035 0.211 0.211 0.2125 0.2125 0.2125 0.2075 0.2075 0.207 0.207 0.2045 0.2045 0.2045 0.199 0.199 0.2275 0.2275 0.2145 0.2145 0.213 0.213 0.213 0.2035 0.2035 0.192 0.192 0.1885 0.1885 0.1885 0.205 0.205 0.1995 0.1995 0.195 0.195 0.195 0.2015 0.2015 0.216 0.216 0.2295 0.2295 0.2295 0.208 0.208 0.2155 0.2155
0.2205 0.218 0.218 0.2015 0.2015 0.2015 0.187 0.187 0.201 0.201 0.189 0.189 0.1885 0.1885 0.1885 0.1945 0.1945 0.2005 0.2005 0.209 0.209 0.209 0.2035 0.2035 0.1935 0.1935 0.1925 0.1925 0.1925 0.2055 0.2055 0.2095 0.2095 0.2135 0.2135 0.2135 0.198 0.198 0.191 0.191 0.2065 0.2065 0.2065 0.1895 0.1895 0.197 0.197 0.207 0.207 0.208 0.208 0.208 0.1965 0.1965 0.1885 0.1885 0.1755 0.1755 0.1755 0.187 0.187 0.2045 0.2045 0.196 0.196 0.196 0.193 0.193 0.2025 0.2025 0.2105 0.2105 0.2105 0.218 0.218 0.214 0.214
0.2205 0.218 0.218 0.2015 0.2015 0.2015 0.187 0.187 0.201 0.201 0.189 0.189 0.1885 0.1885 0.1885 0.1945 0.1945 0.2005 0.2005 0.209 0.209 0.209 0.2035 0.2035 0.1935 0.1935 0.1925 0.1925 0.1925 0.2055 0.2055 0.2095 0.2095 0.2135 0.2135 0.2135 0.198 0.198 0.191 0.191 0.2065 0.2065 0.2065 0.1895 0.1895 0.197 0.197 0.207 0.207 0.208 0.208 0.208 0.1965 0.1965 0.1885 0.1885 0.1755 0.1755 0.1755 0.187 0.187 0.2045 0.2045 0.196 0.196 0.196 0.193 0.193 0.2025 0.2025 0.2105 0.2105 0.2105 0.218 0.218 0.214 0.214
0.203 0.1875 0.1875 0.18 0.18 0.18 0.189 0.189 0.1775 0.1775 0.2005 0.2005 0.2 0.2 0.2 0.1965 0.1965 0.21 0.21 0.232 0.232 0.232 0.2105 0.2105 0.203 0.203 0.2135 0.2135 0.2135 0.199 0.199 0.2065 0.2065 0.2085 0.2085 0.2085 0.194 0.194 0.199 0.199 0.2055 0.2055 0.2055 0.1955 0.1955 0.2 0.2 0.197 0.197 0.1935 0.1935 0.1935 0.189 0.189 0.192 0.192 0.196 0.196 0.196 0.1875 0.1875 0.192 0.192 0.1895 0.1895 0.1895 0.195 0.195 0.2005 0.2005 0.184 0.184 0.184 0.199 0.199 0.203 0.203
0.203 0.1875 0.1875 0.18 0.18 0.18 0.189 0.189 0.1775 0.1775 0.2005 0.2005 0.2 0.2 0.2 0.1965 0.1965 0.21 0.21 0.232 0.232 0.232 0.2105 0.2105 0.203 0.203 0.2135 0.2135 0.2135 0.199 0.199 0.2065 0.2065 0.2085 0.2085 0.2085 0.194 0.194 0.199 0.199 0.2055 0.2055 0.2055 0.1955 0.1955 0.2 0.2 0.197 0.197 0.1935 0.1935 0.1935 0.189 0.189 0.192 0.192 0.196 0.196 0.196 0.1875 0.1875 0.192 0.192 0.1895 0.1895 0.1895 0.195 0.195 0.2005 0.2005 0.184 0.184 0.184 0.199 0.199 0.203 0.203
0.203 0.1875 0.1875 0.203 0.203 0.203 0.1865 0.1865 0.191 0.191 0.204 0.204 0.2015 0.2015 0.2015 0.2065 0.2065 0.2035 0.2035 0.2045 0.2045 0.2045 0.202 0.202 0.2025 0.2025 0.2005 0.2005 0.2005 0.209 0.209 0.208 0.208 0.2085 0.2085 0.2085 0.197 0.197 0.2085 0.2085 0.204 0.204 0.204 0.2075 0.2075 0.202 0.202 0.2215 0.2215 0.234 0.234 0.234 0.212 0.212 0.2035 0.2035 0.2095 0.2095 0.2095 0.1965 0.1965 0.1965 0.1965 0.1945 0.1945 0.1945 0.192 0.192 0.209 0.209 0.211 0.211 0.211 0.1885 0.1885 0.1825 0.1825
0.203 0.1875 0.1875 0.203 0.203 0.203 0.1865 0.1865 0.191 0.191 0.204 0.204 0.2015 0.2015 0.2015 0.2065 0.2065 0.2035 0.2035 0.2045 0.2045 0.2045 0.202 0.202 0.2025 0.2025 0.2005 0.2005 0.2005 0.209 0.209 0.208 0.208 0.2085 0.2085 0.2085 0.197 0.197 0.2085 0.2085 0.204 0.204 0.204 0.2075 0.2075 0.202 0.202 0.2215 0.2215 0.234 0.234 0.234 0.212 0.212 0.2035 0.2035 0.2095 0.2095 0.2095 0.1965 0.1965 0.1965 0.1965 0.1945 0.1945 0.1945 0.192 0.192 0.209 0.209 0.211 0.211 0.211 0.1885 0.1885 0.1825 0.1825
