ndvi/NOAA-103.asc
ncols         252
nrows         154
xllcorner     -18.017974
yllcorner     13.481982
cellsize      0.035948
NODATA_value  -9999
[rows 70 to 104 of 154, columns 154 to 230 of 252]
0.1675 0.163 0.163 0.1625 0.1625 0.1625 0.175 0.175 0.1805 0.1805 0.178 0.178 0.214 0.214 0.214 0.2465 0.2465 0.24 0.24 0.2285 0.2285 0.2285 0.2335 0.2335 0.2425 0.2425 0.258 0.258 0.258 0.239 0.239 0.23 0.23 0.223 0.223 0.223 0.228 0.228 0.2375 0.2375 0.2425 0.2425 0.2425 0.228 0.228 0.219 0.219 0.2235 0.2235 0.226 0.226 0.226 0.2295 0.2295 0.2855 0.2855 0.274 0.274 0.274 0.2475 0.2475 0.2365 0.2365 0.2165 0.2165 0.2165 0.213 0.213 0.235 0.235 0.2505 0.2505 0.2505 0.263 0.263 0.2555 0.2555
0.1595 0.187 0.187 0.21 0.21 0.21 0.19 0.19 0.1765 0.1765 0.1695 0.1695 0.204 0.204 0.204 0.2155 0.2155 0.2235 0.2235 0.2105 0.2105 0.2105 0.225 0.225 0.2305 0.2305 0.2445 0.2445 0.2445 0.2565 0.2565 0.261 0.261 0.236 0.236 0.236 0.234 0.234 0.227 0.227 0.229 0.229 0.229 0.227 0.227 0.226 0.226 0.2405 0.2405 0.2625 0.2625 0.2625 0.252 0.252 0.273 0.273 0.267 0.267 0.267 0.26 0.26 0.2545 0.2545 0.2495 0.2495 0.2495 0.2335 0.2335 0.2295 0.2295 0.2305 0.2305 0.2305 0.2425 0.2425 0.2565 0.2565
0.1595 0.187 0.187 0.21 0.21 0.21 0.19 0.19 0.1765 0.1765 0.1695 0.1695 0.204 0.204 0.204 0.2155 0.2155 0.2235 0.2235 0.2105 0.2105 0.2105 0.225 0.225 0.2305 0.2305 0.2445 0.2445 0.2445 0.2565 0.2565 0.261 0.261 0.236 0.236 0.236 0.234 0.234 0.227 0.227 0.229 0.229 0.229 0.227 0.227 0.226 0.226 0.2405 0.2405 0.2625 0.2625 0.2625 0.252 0.252 0.273 0.273 0.267 0.267 0.267 0.26 0.26 0.2545 0.2545 0.2495 0.2495 0.2495 0.2335 0.2335 0.2295 0.2295 0.2305 0.2305 0.2305 0.2425 0.2425 0.2565 0.2565
0.1595 0.187 0.187 0.21 0.21 0.21 0.19 0.19 0.1765 0.1765 0.1695 0.1695 0.204 0.204 0.204 0.2155 0.2155 0.2235 0.2235 0.2105 0.2105 0.2105 0.225 0.225 0.2305 0.2305 0.2445 0.2445 0.2445 0.2565 0.2565 0.261 0.261 0.236 0.236 0.236 0.234 0.234 0.227 0.227 0.229 0.229 0.229 0.227 0.227 0.226 0.226 0.2405 0.2405 0.2625 0.2625 0.2625 0.252 0.252 0.273 0.273 0.267 0.267 0.267 0.26 0.26 0.2545 0.2545 0.2495 0.2495 0.2495 0.2335 0.2335 0.2295 0.2295 0.2305 0.2305 0.2305 0.2425 0.2425 0.2565 0.2565
0.1695 0.1895 0.1895 0.2035 0.2035 0.2035 0.1995 0.1995 0.1785 0.1785 0.183 0.183 0.2055 0.2055 0.2055 0.2325 0.2325 0.2345 0.2345 0.22 0.22 0.22 0.2275 0.2275 0.2385 0.2385 0.2485 0.2485 0.2485 0.25 0.25 0.2545 0.2545 0.267 0.267 0.267 0.2815 0.2815 0.2685 0.2685 0.285 0.285 0.285 0.2815 0.2815 0.2665 0.2665 0.2775 0.2775 0.274 0.274 0.274 0.2635 0.2635 0.272 0.272 0.2585 0.2585 0.2585 0.2685 0.2685 0.266 0.266 0.2365 0.2365 0.2365 0.2505 0.2505 0.231 0.231 0.227 0.227 0.227 0.25 0.25 0.2605 0.2605
0.1695 0.1895 0.1895 0.2035 0.2035 0.2035 0.1995 0.1995 0.1785 0.1785 0.183 0.183 0.2055 0.2055 0.2055 0.2325 0.2325 0.2345 0.2345 0.22 0.22 0.22 0.2275 0.2275 0.2385 0.2385 0.2485 0.2485 0.2485 0.25 0.25 0.2545 0.2545 0.267 0.267 0.267 0.2815 0.2815 0.2685 0.2685 0.285 0.285 0.285 0.2815 0.2815 0.2665 0.2665 0.2775 0.2775 0.274 0.274 0.274 0.2635 0.2635 0.272 0.272 0.2585 0.2585 0.2585 0.2685 0.2685 0.266 0.266 0.2365 0.2365 0.2365 0.2505 0.2505 0.231 0.231 0.227 0.227 0.227 0.25 0.25 0.2605 0.2605
0.131 0.178 0.178 0.1975 0.1975 0.1975 0.177 0.177 0.173 0.173 0.164 0.164 0.214 0.214 0.214 0.2405 0.2405 0.248 0.248 0.231 0.231 0.231 0.2495 0.2495 0.25 0.25 0.24 0.24 0.24 0.256 0.256 0.254 0.254 0.2615 0.2615 0.2615 0.2585 0.2585 0.262 0.262 0.261 0.261 0.261 0.27 0.27 0.251 0.251 0.252 0.252 0.257 0.257 0.257 0.261 0.261 0.2565 0.2565 0.273 0.273 0.273 0.278 0.278 0.281 0.281 0.2885 0.2885 0.2885 0.2595 0.2595 0.255 0.255 0.2225 0.2225 0.2225 0.237 0.237 0.256 0.256
0.131 0.178 0.178 0.1975 0.1975 0.1975 0.177 0.177 0.173 0.173 0.164 0.164 0.214 0.214 0.214 0.2405 0.2405 0.248 0.248 0.231 0.231 0.231 0.2495 0.2495 0.25 0.25 0.24 0.24 0.24 0.256 0.256 0.254 0.254 0.2615 0.2615 0.2615 0.2585 0.2585 0.262 0.262 0.261 0.261 0.261 0.27 0.27 0.251 0.251 0.252 0.252 0.257 0.257 0.257 0.261 0.261 0.2565 0.2565 0.273 0.273 0.273 0.278 0.278 0.281 0.281 0.2885 0.2885 0.2885 0.2595 0.2595 0.255 0.255 0.2225 0.2225 0.2225 0.237 0.237 0.256 0.256
0.126 0.143 0.143 0.167 0.167 0.167 0.1575 0.1575 0.157 0.157 0.1935 0.1935 0.2165 0.2165 0.2165 0.2225 0.2225 0.2235 0.2235 0.231 0.231 0.231 0.229 0.229 0.2465 0.2465 0.24 0.24 0.24 0.2475 0.2475 0.25 0.25 0.264 0.264 0.264 0.25 0.25 0.2625 0.2625 0.258 0.258 0.258 0.2535 0.2535 0.249 0.249 0.2465 0.2465 0.273 0.273 0.273 0.256 0.256 0.2655 0.2655 0.267 0.267 0.267 0.283 0.283 0.2785 0.2785 0.3025 0.3025 0.3025 0.287 0.287 0.2685 0.2685 0.27 0.27 0.27 0.248 0.248 0.2525 0.2525
0.126 0.143 0.143 0.167 0.167 0.167 0.1575 0.1575 0.157 0.157 0.1935 0.1935 0.2165 0.2165 0.2165 0.2225 0.2225 0.2235 0.2235 0.231 0.231 0.231 0.229 0.229 0.2465 0.2465 0.24 0.24 0.24 0.2475 0.2475 0.25 0.25 0.264 0.264 0.264 0.25 0.25 0.2625 0.2625 0.258 0.258 0.258 0.2535 0.2535 0.249 0.249 0.2465 0.2465 0.273 0.273 0.273 0.256 0.256 0.2655 0.2655 0.267 0.267 0.267 0.283 0.283 0.2785 0.2785 0.3025 0.3025 0.3025 0.287 0.287 0.2685 0.2685 0.27 0.27 0.27 0.248 0.248 0.2525 0.2525
0.122 0.144 0.144 0.1485 0.1485 0.1485 0.146 0.146 0.1575 0.1575 0.2 0.2 0.233 0.233 0.233 0.2405 0.2405 0.2385 0.2385 0.2455 0.2455 0.2455 0.253 0.253 0.245 0.245 0.242 0.242 0.242 0.2345 0.2345 0.2435 0.2435 0.2475 0.2475 0.2475 0.2545 0.2545 0.2305 0.2305 0.2555 0.2555 0.2555 0.2665 0.2665 0.249 0.249 0.241 0.241 0.276 0.276 0.276 0.2685 0.2685 0.259 0.259 0.278 0.278 0.278 0.2775 0.2775 0.298 0.298 0.3105 0.3105 0.3105 0.312 0.312 0.2875 0.2875 0.2845 0.2845 0.2845 0.298 0.298 0.2805 0.2805
0.122 0.144 0.144 0.1485 0.1485 0.1485 0.146 0.146 0.1575 0.1575 0.2 0.2 0.233 0.233 0.233 0.2405 0.2405 0.2385 0.2385 0.2455 0.2455 0.2455 0.253 0.253 0.245 0.245 0.242 0.242 0.242 0.2345 0.2345 0.2435 0.2435 0.2475 0.2475 0.2475 0.2545 0.2545 0.2305 0.2305 0.2555 0.2555 0.2555 0.2665 0.2665 0.249 0.249 0.241 0.241 0.276 0.276 0.276 0.2685 0.2685 0.259 0.259 0.278 0.278 0.278 0.2775 0.2775 0.298 0.298 0.3105 0.3105 0.3105 0.312 0.312 0.2875 0.2875 0.2845 0.2845 0.2845 0.298 0.298 0.2805 0.2805
0.122 0.144 0.144 0.1485 0.1485 0.1485 0.146 0.146 0.1575 0.1575 0.2 0.2 0.233 0.233 0.233 0.2405 0.2405 0.2385 0.2385 0.2455 0.2455 0.2455 0.253 0.253 0.245 0.245 0.242 0.242 0.242 0.2345 0.2345 0.2435 0.2435 0.2475 0.2475 0.2475 0.2545 0.2545 0.2305 0.2305 0.2555 0.2555 0.2555 0.2665 0.2665 0.249 0.249 0.241 0.241 0.276 0.276 0.276 0.2685 0.2685 0.259 0.259 0.278 0.278 0.278 0.2775 0.2775 0.298 0.298 0.3105 0.3105 0.3105 0.312 0.312 0.2875 0.2875 0.2845 0.2845 0.2845 0.298 0.298 0.2805 0.2805
0.134 0.1715 0.1715 0.1555 0.1555 0.1555 0.1575 0.1575 0.168 0.168 0.231 0.231 0.2435 0.2435 0.2435 0.2545 0.2545 0.272 0.272 0.291 0.291 0.291 0.294 0.294 0.269 0.269 0.2495 0.2495 0.2495 0.246 0.246 0.2265 0.2265 0.2475 0.2475 0.2475 0.234 0.234 0.2465 0.2465 0.2525 0.2525 0.2525 0.259 0.259 0.271 0.271 0.2735 0.2735 0.2865 0.2865 0.2865 0.2825 0.2825 0.2775 0.2775 0.2865 0.2865 0.2865 0.308 0.308 0.3085 0.3085 0.3105 0.3105 0.3105 0.316 0.316 0.2995 0.2995 0.312 0.312 0.312 0.3025 0.3025 0.309 0.309
0.134 0.1715 0.1715 0.1555 0.1555 0.1555 0.1575 0.1575 0.168 0.168 0.231 0.231 0.2435 0.2435 0.2435 0.2545 0.2545 0.272 0.272 0.291 0.291 0.291 0.294 0.294 0.269 0.269 0.2495 0.2495 0.2495 0.246 0.246 0.2265 0.2265 0.2475 0.2475 0.2475 0.234 0.234 0.2465 0.2465 0.2525 0.2525 0.2525 0.259 0.259 0.271 0.271 0.2735 0.2735 0.2865 0.2865 0.2865 0.2825 0.2825 0.2775 0.2775 0.2865 0.2865 0.2865 0.308 0.308 0.3085 0.3085 0.3105 0.3105 0.3105 0.316 0.316 0.2995 0.2995 0.312 0.312 0.312 0.3025 0.3025 0.309 0.309
0.163 0.194 0.194 0.172 0.172 0.172 0.169 0.169 0.199 0.199 0.2365 0.2365 0.249 0.249 0.249 0.2645 0.2645 0.306 0.306 0.3095 0.3095 0.3095 0.3195 0.3195 0.2935 0.2935 0.25 0.25 0.25 0.246 0.246 0.2445 0.2445 0.242 0.242 0.242 0.239 0.239 0.2485 0.2485 0.29 0.29 0.29 0.2875 0.2875 0.2925 0.2925 0.298 0.298 0.3155 0.3155 0.3155 0.319 0.319 0.2945 0.2945 0.3215 0.3215 0.3215 0.338 0.338 0.34 0.34 0.3325 0.3325 0.3325 0.325 0.325 0.3025 0.3025 0.3125 0.3125 0.3125 0.3255 0.3255 0.34 0.34
0.163 0.194 0.194 0.172 0.172 0.172 0.169 0.169 0.199 0.199 0.2365 0.2365 0.249 0.249 0.249 0.2645 0.2645 0.306 0.306 0.3095 0.3095 0.3095 0.3195 0.3195 0.2935 0.2935 0.25 0.25 0.25 0.246 0.246 0.2445 0.2445 0.242 0.242 0.242 0.239 0.239 0.2485 0.2485 0.29 0.29 0.29 0.2875 0.2875 0.2925 0.2925 0.298 0.298 0.3155 0.3155 0.3155 0.319 0.319 0.2945 0.2945 0.3215 0.3215 0.3215 0.338 0.338 0.34 0.34 0.3325 0.3325 0.3325 0.325 0.325 0.3025 0.3025 0.3125 0.3125 0.3125 0.3255 0.3255 0.34 0.34
0.2135 0.2035 0.2035 0.2115 0.2115 0.2115 0.2045 0.2045 0.215 0.215 0.242 0.242 0.267 0.267 0.267 0.291 0.291 0.301 0.301 0.3 0.3 0.3 0.273 0.273 0.2705 0.2705 0.277 0.277 0.277 0.24 0.24 0.2415 0.2415 0.2435 0.2435 0.2435 0.2425 0.2425 0.264 0.264 0.296 0.296 0.296 0.2885 0.2885 0.303 0.303 0.2995 0.2995 0.312 0.312 0.312 0.3475 0.3475 0.328 0.328 0.326 0.326 0.326 0.3285 0.3285 0.326 0.326 0.3195 0.3195 0.3195 0.3205 0.3205 0.314 0.314 0.327 0.327 0.327 0.34 0.34 0.3455 0.3455
0.2135 0.2035 0.2035 0.2115 0.2115 0.2115 0.2045 0.2045 0.215 0.215 0.242 0.242 0.267 0.267 0.267 0.291 0.291 0.301 0.301 0.3 0.3 0.3 0.273 0.273 0.2705 0.2705 0.277 0.277 0.277 0.24 0.24 0.2415 0.2415 0.2435 0.2435 0.2435 0.2425 0.2425 0.264 0.264 0.296 0.296 0.296 0.2885 0.2885 0.303 0.303 0.2995 0.2995 0.312 0.312 0.312 0.3475 0.3475 0.328 0.328 0.326 0.326 0.326 0.3285 0.3285 0.326 0.326 0.3195 0.3195 0.3195 0.3205 0.3205 0.314 0.314 0.327 0.327 0.327 0.34 0.34 0.3455 0.3455
0.2135 0.2035 0.2035 0.2115 0.2115 0.2115 0.2045 0.2045 0.215 0.215 0.242 0.242 0.267 0.267 0.267 0.291 0.291 0.301 0.301 0.3 0.3 0.3 0.273 0.273 0.2705 0.2705 0.277 0.277 0.277 0.24 0.24 0.2415 0.2415 0.2435 0.2435 0.2435 0.2425 0.2425 0.264 0.264 0.296 0.296 0.296 0.2885 0.2885 0.303 0.303 0.2995 0.2995 0.312 0.312 0.312 0.3475 0.3475 0.328 0.328 0.326 0.326 0.326 0.3285 0.3285 0.326 0.326 0.3195 0.3195 0.3195 0.3205 0.3205 0.314 0.314 0.327 0.327 0.327 0.34 0.34 0.3455 0.3455
0.22 0.2035 0.2035 0.2235 0.2235 0.2235 0.211 0.211 0.218 0.218 0.262 0.262 0.2875 0.2875 0.2875 0.309 0.309 0.2955 0.2955 0.274 0.274 0.274 0.2665 0.2665 0.257 0.257 0.2325 0.2325 0.2325 0.2235 0.2235 0.2485 0.2485 0.26 0.26 0.26 0.279 0.279 0.3015 0.3015 0.3275 0.3275 0.3275 0.3145 0.3145 0.2995 0.2995 0.3055 0.3055 0.332 0.332 0.332 0.333 0.333 0.322 0.322 0.3065 0.3065 0.3065 0.301 0.301 0.3225 0.3225 0.296 0.296 0.296 0.3245 0.3245 0.3265 0.3265 0.331 0.331 0.331 0.329 0.329 0.3075 0.3075
0.22 0.2035 0.2035 0.2235 0.2235 0.2235 0.211 0.211 0.218 0.218 0.262 0.262 0.2875 0.2875 0.2875 0.309 0.309 0.2955 0.2955 0.274 0.274 0.274 0.2665 0.2665 0.257 0.257 0.2325 0.2325 0.2325 0.2235 0.2235 0.2485 0.2485 0.26 0.26 0.26 0.279 0.279 0.3015 0.3015 0.3275 0.3275 0.3275 0.3145 0.3145 0.2995 0.2995 0.3055 0.3055 0.332 0.332 0.332 0.333 0.333 0.322 0.322 0.3065 0.3065 0.3065 0.301 0.301 0.3225 0.3225 0.296 0.296 0.296 0.3245 0.3245 0.3265 0.3265 0.331 0.331 0.331 0.329 0.329 0.3075 0.3075
0.2425 0.224 0.224 0.2245 0.2245 0.2245 0.2265 0.2265 0.223 0.223 0.273 0.273 0.291 0.291 0.291 0.309 0.309 0.295 0.295 0.2805 0.2805 0.2805 0.272 0.272 0.267 0.267 0.2465 0.2465 0.2465 0.26 0.26 0.2705 0.2705 0.28 0.28 0.28 0.314 0.314 0.3445 0.3445 0.302 0.302 0.302 0.3175 0.3175 0.299 0.299 0.326 0.326 0.3215 0.3215 0.3215 0.314 0.314 0.3035 0.3035 0.3175 0.3175 0.3175 0.2905 0.2905 0.298 0.298 0.291 0.291 0.291 0.2965 0.2965 0.318 0.318 0.3035 0.3035 0.3035 0.284 0.284 0.2785 0.2785
0.2425 0.224 0.224 0.2245 0.2245 0.2245 0.2265 0.2265 0.223 0.223 0.273 0.273 0.291 0.291 0.291 0.309 0.309 0.295 0.295 0.2805 0.2805 0.2805 0.272 0.272 0.267 0.267 0.2465 0.2465 0.2465 0.26 0.26 0.2705 0.2705 0.28 0.28 0.28 0.314 0.314 0.3445 0.3445 0.302 0.302 0.302 0.3175 0.3175 0.299 0.299 0.326 0.326 0.3215 0.3215 0.3215 0.314 0.314 0.3035 0.3035 0.3175 0.3175 0.3175 0.2905 0.2905 0.298 0.298 0.291 0.291 0.291 0.2965 0.2965 0.318 0.318 0.3035 0.3035 0.3035 0.284 0.284 0.2785 0.2785
0.243 0.2355 0.2355 0.2545 0.2545 0.2545 0.2345 0.2345 0.249 0.249 0.232 0.232 0.265 0.265 0.265 0.298 0.298 0.2955 0.2955 0.2735 0.2735 0.2735 0.2475 0.2475 0.2495 0.2495 0.2595 0.2595 0.2595 0.2915 0.2915 0.298 0.298 0.299 0.299 0.299 0.301 0.301 0.3115 0.3115 0.296 0.296 0.296 0.296 0.296 0.304 0.304 0.3125 0.3125 0.2895 0.2895 0.2895 0.2775 0.2775 0.2785 0.2785 0.3085 0.3085 0.3085 0.2955 0.2955 0.293 0.293 0.29 0.29 0.29 0.304 0.304 0.3095 0.3095 0.2945 0.2945 0.2945 0.2965 0.2965 0.296 0.296
0.243 0.2355 0.2355 0.2545 0.2545 0.2545 0.2345 0.2345 0.249 0.249 0.232 0.232 0.265 0.265 0.265 0.298 0.298 0.2955 0.2955 0.2735 0.2735 0.2735 0.2475 0.2475 0.2495 0.2495 0.2595 0.2595 0.2595 0.2915 0.2915 0.298 0.298 0.299 0.299 0.299 0.301 0.301 0.3115 0.3115 0.296 0.296 0.296 0.296 0.296 0.304 0.304 0.3125 0.3125 0.2895 0.2895 0.2895 0.2775 0.2775 0.2785 0.2785 0.3085 0.3085 0.3085 0.2955 0.2955 0.293 0.293 0.29 0.29 0.29 0.304 0.304 0.3095 0.3095 0.2945 0.2945 0.2945 0.2965 0.2965 0.296 0.296
0.243 0.2355 0.2355 0.2545 0.2545 0.2545 0.2345 0.2345 0.249 0.249 0.232 0.232 0.265 0.265 0.265 0.298 0.298 0.2955 0.2955 0.2735 0.2735 0.2735 0.2475 0.2475 0.2495 0.2495 0.2595 0.2595 0.2595 0.2915 0.2915 0.298 0.298 0.299 0.299 0.299 0.301 0.301 0.3115 0.3115 0.296 0.296 0.296 0.296 0.296 0.304 0.304 0.3125 0.3125 0.2895 0.2895 0.2895 0.2775 0.2775 0.2785 0.2785 0.3085 0.3085 0.3085 0.2955 0.2955 0.293 0.293 0.29 0.29 0.29 0.304 0.304 0.3095 0.3095 0.2945 0.2945 0.2945 0.2965 0.2965 0.296 0.296
0.278 0.3275 0.3275 0.287 0.287 0.287 0.2385 0.2385 0.2435 0.2435 0.257 0.257 0.2545 0.2545 0.2545 0.2655 0.2655 0.291 0.291 0.272 0.272 0.272 0.244 0.244 0.2505 0.2505 0.2605 0.2605 0.2605 0.278 0.278 0.3 0.3 0.298 0.298 0.298 0.3065 0.3065 0.318 0.318 0.284 0.284 0.284 0.297 0.297 0.287 0.287 0.3045 0.3045 0.285 0.285 0.285 0.285 0.285 0.2705 0.2705 0.304 0.304 0.304 0.2865 0.2865 0.2785 0.2785 0.2715 0.2715 0.2715 0.2845 0.2845 0.289 0.289 0.2945 0.2945 0.2945 0.322 0.322 0.3165 0.3165
0.278 0.3275 0.3275 0.287 0.287 0.287 0.2385 0.2385 0.2435 0.2435 0.257 0.257 0.2545 0.2545 0.2545 0.2655 0.2655 0.291 0.291 0.272 0.272 0.272 0.244 0.244 0.2505 0.2505 0.2605 0.2605 0.2605 0.278 0.278 0.3 0.3 0.298 0.298 0.298 0.3065 0.3065 0.318 0.318 0.284 0.284 0.284 0.297 0.297 0.287 0.287 0.3045 0.3045 0.285 0.285 0.285 0.285 0.285 0.2705 0.2705 0.304 0.304 0.304 0.2865 0.2865 0.2785 0.2785 0.2715 0.2715 0.2715 0.2845 0.2845 0.289 0.289 0.2945 0.2945 0.2945 0.322 0.322 0.3165 0.3165
0.3645 0.302 0.302 0.263 0.263 0.263 0.2275 0.2275 0.242 0.242 0.3035 0.3035 0.264 0.264 0.264 0.3 0.3 0.2885 0.2885 0.309 0.309 0.309 0.2985 0.2985 0.2805 0.2805 0.2755 0.2755 0.2755 0.2825 0.2825 0.2875 0.2875 0.2885 0.2885 0.2885 0.2855 0.2855 0.278 0.278 0.2975 0.2975 0.2975 0.2835 0.2835 0.28 0.28 0.259 0.259 0.253 0.253 0.253 0.2715 0.2715 0.287 0.287 0.2795 0.2795 0.2795 0.279 0.279 0.2855 0.2855 0.2985 0.2985 0.2985 0.2965 0.2965 0.2715 0.2715 0.308 0.308 0.308 0.3265 0.3265 0.2775 0.2775
0.3645 0.302 0.302 0.263 0.263 0.263 0.2275 0.2275 0.242 0.242 0.3035 0.3035 0.264 0.264 0.264 0.3 0.3 0.2885 0.2885 0.309 0.309 0.309 0.2985 0.2985 0.2805 0.2805 0.2755 0.2755 0.2755 0.2825 0.2825 0.2875 0.2875 0.2885 0.2885 0.2885 0.2855 0.2855 0.278 0.278 0.2975 0.2975 0.2975 0.2835 0.2835 0.28 0.28 0.259 0.259 0.253 0.253 0.253 0.2715 0.2715 0.287 0.287 0.2795 0.2795 0.2795 0.279 0.279 0.2855 0.2855 0.2985 0.2985 0.2985 0.2965 0.2965 0.2715 0.2715 0.308 0.308 0.308 0.3265 0.3265 0.2775 0.2775
0.2895 0.284 0.284 0.2835 0.2835 0.2835 0.23 0.23 0.2415 0.2415 0.2655 0.2655 0.283 0.283 0.283 0.285 0.285 0.283 0.283 0.2965 0.2965 0.2965 0.2875 0.2875 0.277 0.277 0.2955 0.2955 0.2955 0.3 0.3 0.318 0.318 0.3035 0.3035 0.3035 0.284 0.284 0.267 0.267 0.278 0.278 0.278 0.268 0.268 0.2775 0.2775 0.279 0.279 0.2755 0.2755 0.2755 0.271 0.271 0.2895 0.2895 0.343 0.343 0.343 0.29 0.29 0.292 0.292 0.3025 0.3025 0.3025 0.306 0.306 0.2825 0.2825 0.2885 0.2885 0.2885 0.2815 0.2815 0.236 0.236
0.2895 0.284 0.284 0.2835 0.2835 0.2835 0.23 0.23 0.2415 0.2415 0.2655 0.2655 0.283 0.283 0.283 0.285 0.285 0.283 0.283 0.2965 0.2965 0.2965 0.2875 0.2875 0.277 0.277 0.2955 0.2955 0.2955 0.3 0.3 0.318 0.318 0.3035 0.3035 0.3035 0.284 0.284 0.267 0.267 0.278 0.278 0.278 0.268 0.268 0.2775 0.2775 0.279 0.279 0.2755 0.2755 0.2755 0.271 0.271 0.2895 0.2895 0.343 0.343 0.343 0.29 0.29 0.292 0.292 0.3025 0.3025 0.3025 0.306 0.306 0.2825 0.2825 0.2885 0.2885 0.2885 0.2815 0.2815 0.236 0.236
0.2905 0.291 0.291 0.328 0.328 0.328 0.2825 0.2825 0.272 0.272 0.292 0.292 0.2875 0.2875 0.2875 0.2725 0.2725 0.2745 0.2745 0.2715 0.2715 0.2715 0.2735 0.2735 0.288 0.288 0.3075 0.3075 0.3075 0.325 0.325 0.334 0.334 0.315 0.315 0.315 0.3165 0.3165 0.3075 0.3075 0.2955 0.2955 0.2955 0.2835 0.2835 0.2935 0.2935 0.3015 0.3015 0.32 0.32 0.32 0.349 0.349 0.3765 0.3765 0.3525 0.3525 0.3525 0.283 0.283 0.323 0.323 0.321 0.321 0.321 0.3595 0.3595 0.3245 0.3245 0.281 0.281 0.281 0.274 0.274 0.2685 0.2685
0.2905 0.291 0.291 0.328 0.328 0.328 0.2825 0.2825 0.272 0.272 0.292 0.292 0.2875 0.2875 0.2875 0.2725 0.2725 0.2745 0.2745 0.2715 0.2715 0.2715 0.2735 0.2735 0.288 0.288 0.3075 0.3075 0.3075 0.325 0.325 0.334 0.334 0.315 0.315 0.315 0.3165 0.3165 0.3075 0.3075 0.2955 0.2955 0.2955 0.2835 0.2835 0.2935 0.2935 0.3015 0.3015 0.32 0.32 0.32 0.349 0.349 0.3765 0.3765 0.3525 0.3525 0.3525 0.283 0.283 0.323 0.323 0.321 0.321 0.321 0.3595 0.3595 0.3245 0.3245 0.281 0.281 0.281 0.274 0.274 0.2685 0.2685
