ndvi/NOAA-352.asc
ncols         252
nrows         154
xllcorner     -18.017974
yllcorner     13.481982
cellsize      0.035948
NODATA_value  -9999
[rows 34 to 67 of 154, columns 77 to 153 of 252]
0.1375 0.1375 0.146 0.146 0.149 0.149 0.146 0.146 0.146 0.1415 0.1415 0.1445 0.1445 0.142 0.142 0.143 0.143 0.143 0.139 0.139 0.142 0.142 0.148 0.148 0.148 0.1575 0.1575 0.156 0.156 0.1465 0.1465 0.1465 0.14 0.14 0.1325 0.1325 0.134 0.134 0.134 0.13 0.13 0.127 0.127 0.143 0.143 0.143 0.1325 0.1325 0.1205 0.1205 0.13 0.13 0.1345 0.1345 0.1345 0.14 0.14 0.1325 0.1325 0.1465 0.1465 0.1465 0.143 0.143 0.143 0.143 0.1465 0.1465 0.1465 0.1355 0.1355 0.1295 0.1295 0.1175 0.1175 0.1175 0.127
0.1375 0.1375 0.146 0.146 0.149 0.149 0.146 0.146 0.146 0.1415 0.1415 0.1445 0.1445 0.142 0.142 0.143 0.143 0.143 0.139 0.139 0.142 0.142 0.148 0.148 0.148 0.1575 0.1575 0.156 0.156 0.1465 0.1465 0.1465 0.14 0.14 0.1325 0.1325 0.134 0.134 0.134 0.13 0.13 0.127 0.127 0.143 0.143 0.143 0.1325 0.1325 0.1205 0.1205 0.13 0.13 0.1345 0.1345 0.1345 0.14 0.14 0.1325 0.1325 0.1465 0.1465 0.1465 0.143 0.143 0.143 0.143 0.1465 0.1465 0.1465 0.1355 0.1355 0.1295 0.1295 0.1175 0.1175 0.1175 0.127
0.1375 0.1375 0.146 0.146 0.149 0.149 0.146 0.146 0.146 0.1415 0.1415 0.1445 0.1445 0.142 0.142 0.143 0.143 0.143 0.139 0.139 0.142 0.142 0.148 0.148 0.148 0.1575 0.1575 0.156 0.156 0.1465 0.1465 0.1465 0.14 0.14 0.1325 0.1325 0.134 0.134 0.134 0.13 0.13 0.127 0.127 0.143 0.143 0.143 0.1325 0.1325 0.1205 0.1205 0.13 0.13 0.1345 0.1345 0.1345 0.14 0.14 0.1325 0.1325 0.1465 0.1465 0.1465 0.143 0.143 0.143 0.143 0.1465 0.1465 0.1465 0.1355 0.1355 0.1295 0.1295 0.1175 0.1175 0.1175 0.127
0.1505 0.1505 0.152 0.152 0.157 0.157 0.1465 0.1465 0.1465 0.1405 0.1405 0.141 0.141 0.1515 0.1515 0.132 0.132 0.132 0.139 0.139 0.146 0.146 0.147 0.147 0.147 0.1545 0.1545 0.157 0.157 0.1575 0.1575 0.1575 0.143 0.143 0.1405 0.1405 0.136 0.136 0.136 0.128 0.128 0.1365 0.1365 0.147 0.147 0.147 0.1425 0.1425 0.141 0.141 0.1475 0.1475 0.144 0.144 0.144 0.152 0.152 0.171 0.171 0.166 0.166 0.166 0.1515 0.1515 0.1435 0.1435 0.1535 0.1535 0.1535 0.137 0.137 0.0975 0.0975 0.126 0.126 0.126 0.122
0.1505 0.1505 0.152 0.152 0.157 0.157 0.1465 0.1465 0.1465 0.1405 0.1405 0.141 0.141 0.1515 0.1515 0.132 0.132 0.132 0.139 0.139 0.146 0.146 0.147 0.147 0.147 0.1545 0.1545 0.157 0.157 0.1575 0.1575 0.1575 0.143 0.143 0.1405 0.1405 0.136 0.136 0.136 0.128 0.128 0.1365 0.1365 0.147 0.147 0.147 0.1425 0.1425 0.141 0.141 0.1475 0.1475 0.144 0.144 0.144 0.152 0.152 0.171 0.171 0.166 0.166 0.166 0.1515 0.1515 0.1435 0.1435 0.1535 0.1535 0.1535 0.137 0.137 0.0975 0.0975 0.126 0.126 0.126 0.122
0.1465 0.1465 0.1455 0.1455 0.1505 0.1505 0.145 0.145 0.145 0.1465 0.1465 0.1435 0.1435 0.15 0.15 0.1445 0.1445 0.1445 0.1305 0.1305 0.1395 0.1395 0.1505 0.1505 0.1505 0.141 0.141 0.1415 0.1415 0.15 0.15 0.15 0.1475 0.1475 0.154 0.154 0.149 0.149 0.149 0.146 0.146 0.14 0.14 0.1575 0.1575 0.1575 0.155 0.155 0.152 0.152 0.162 0.162 0.1835 0.1835 0.1835 0.1735 0.1735 0.1665 0.1665 0.1825 0.1825 0.1825 0.141 0.141 0.13 0.13 0.1345 0.1345 0.1345 0.133 0.133 0.098 0.098 0.1285 0.1285 0.1285 0.11
0.1465 0.1465 0.1455 0.1455 0.1505 0.1505 0.145 0.145 0.145 0.1465 0.1465 0.1435 0.1435 0.15 0.15 0.1445 0.1445 0.1445 0.1305 0.1305 0.1395 0.1395 0.1505 0.1505 0.1505 0.141 0.141 0.1415 0.1415 0.15 0.15 0.15 0.1475 0.1475 0.154 0.154 0.149 0.149 0.149 0.146 0.146 0.14 0.14 0.1575 0.1575 0.1575 0.155 0.155 0.152 0.152 0.162 0.162 0.1835 0.1835 0.1835 0.1735 0.1735 0.1665 0.1665 0.1825 0.1825 0.1825 0.141 0.141 0.13 0.13 0.1345 0.1345 0.1345 0.133 0.133 0.098 0.098 0.1285 0.1285 0.1285 0.11
0.156 0.156 0.1505 0.1505 0.1465 0.1465 0.1465 0.1465 0.1465 0.148 0.148 0.1485 0.1485 0.148 0.148 0.1385 0.1385 0.1385 0.134 0.134 0.138 0.138 0.148 0.148 0.148 0.148 0.148 0.1465 0.1465 0.15 0.15 0.15 0.1465 0.1465 0.1485 0.1485 0.15 0.15 0.15 0.148 0.148 0.158 0.158 0.1655 0.1655 0.1655 0.166 0.166 0.1605 0.1605 0.1625 0.1625 0.194 0.194 0.194 0.1695 0.1695 0.19 0.19 0.164 0.164 0.164 0.133 0.133 0.128 0.128 0.1205 0.1205 0.1205 0.14 0.14 0.115 0.115 0.1305 0.1305 0.1305 0.1235
0.156 0.156 0.1505 0.1505 0.1465 0.1465 0.1465 0.1465 0.1465 0.148 0.148 0.1485 0.1485 0.148 0.148 0.1385 0.1385 0.1385 0.134 0.134 0.138 0.138 0.148 0.148 0.148 0.148 0.148 0.1465 0.1465 0.15 0.15 0.15 0.1465 0.1465 0.1485 0.1485 0.15 0.15 0.15 0.148 0.148 0.158 0.158 0.1655 0.1655 0.1655 0.166 0.166 0.1605 0.1605 0.1625 0.1625 0.194 0.194 0.194 0.1695 0.1695 0.19 0.19 0.164 0.164 0.164 0.133 0.133 0.128 0.128 0.1205 0.1205 0.1205 0.14 0.14 0.115 0.115 0.1305 0.1305 0.1305 0.1235
0.156 0.156 0.1505 0.1505 0.1465 0.1465 0.1465 0.1465 0.1465 0.148 0.148 0.1485 0.1485 0.148 0.148 0.1385 0.1385 0.1385 0.134 0.134 0.138 0.138 0.148 0.148 0.148 0.148 0.148 0.1465 0.1465 0.15 0.15 0.15 0.1465 0.1465 0.1485 0.1485 0.15 0.15 0.15 0.148 0.148 0.158 0.158 0.1655 0.1655 0.1655 0.166 0.166 0.1605 0.1605 0.1625 0.1625 0.194 0.194 0.194 0.1695 0.1695 0.19 0.19 0.164 0.164 0.164 0.133 0.133 0.128 0.128 0.1205 0.1205 0.1205 0.14 0.14 0.115 0.115 0.1305 0.1305 0.1305 0.1235
0.156 0.156 0.146 0.146 0.1485 0.1485 0.1485 0.1485 0.1485 0.1505 0.1505 0.1495 0.1495 0.1495 0.1495 0.144 0.144 0.144 0.1335 0.1335 0.145 0.145 0.137 0.137 0.137 0.144 0.144 0.153 0.153 0.1485 0.1485 0.1485 0.147 0.147 0.1645 0.1645 0.1655 0.1655 0.1655 0.165 0.165 0.162 0.162 0.163 0.163 0.163 0.1775 0.1775 0.171 0.171 0.156 0.156 0.1735 0.1735 0.1735 0.169 0.169 0.15 0.15 0.146 0.146 0.146 0.1215 0.1215 0.138 0.138 0.127 0.127 0.127 0.1305 0.1305 0.124 0.124 0.1245 0.1245 0.1245 0.131
0.156 0.156 0.146 0.146 0.1485 0.1485 0.1485 0.1485 0.1485 0.1505 0.1505 0.1495 0.1495 0.1495 0.1495 0.144 0.144 0.144 0.1335 0.1335 0.145 0.145 0.137 0.137 0.137 0.144 0.144 0.153 0.153 0.1485 0.1485 0.1485 0.147 0.147 0.1645 0.1645 0.1655 0.1655 0.1655 0.165 0.165 0.162 0.162 0.163 0.163 0.163 0.1775 0.1775 0.171 0.171 0.156 0.156 0.1735 0.1735 0.1735 0.169 0.169 0.15 0.15 0.146 0.146 0.146 0.1215 0.1215 0.138 0.138 0.127 0.127 0.127 0.1305 0.1305 0.124 0.124 0.1245 0.1245 0.1245 0.131
0.158 0.158 0.155 0.155 0.1525 0.1525 0.154 0.154 0.154 0.1485 0.1485 0.1395 0.1395 0.135 0.135 0.1325 0.1325 0.1325 0.145 0.145 0.1445 0.1445 0.138 0.138 0.138 0.1445 0.1445 0.1455 0.1455 0.152 0.152 0.152 0.1635 0.1635 0.179 0.179 0.1585 0.1585 0.1585 0.1265 0.1265 0.133 0.133 0.1335 0.1335 0.1335 0.1385 0.1385 0.168 0.168 0.1645 0.1645 0.149 0.149 0.149 0.1515 0.1515 0.1545 0.1545 0.1395 0.1395 0.1395 0.1335 0.1335 0.118 0.118 0.1095 0.1095 0.1095 0.1215 0.1215 0.1055 0.1055 0.1245 0.1245 0.1245 0.118
0.158 0.158 0.155 0.155 0.1525 0.1525 0.154 0.154 0.154 0.1485 0.1485 0.1395 0.1395 0.135 0.135 0.1325 0.1325 0.1325 0.145 0.145 0.1445 0.1445 0.138 0.138 0.138 0.1445 0.1445 0.1455 0.1455 0.152 0.152 0.152 0.1635 0.1635 0.179 0.179 0.1585 0.1585 0.1585 0.1265 0.1265 0.133 0.133 0.1335 0.1335 0.1335 0.1385 0.1385 0.168 0.168 0.1645 0.1645 0.149 0.149 0.149 0.1515 0.1515 0.1545 0.1545 0.1395 0.1395 0.1395 0.1335 0.1335 0.118 0.118 0.1095 0.1095 0.1095 0.1215 0.1215 0.1055 0.1055 0.1245 0.1245 0.1245 0.118
0.1735 0.1735 0.1555 0.1555 0.157 0.157 0.1465 0.1465 0.1465 0.1375 0.1375 0.1315 0.1315 0.1475 0.1475 0.1645 0.1645 0.1645 0.1665 0.1665 0.162 0.162 0.149 0.149 0.149 0.1535 0.1535 0.1585 0.1585 0.187 0.187 0.187 0.224 0.224 0.197 0.197 0.13 0.13 0.13 0.1335 0.1335 0.1225 0.1225 0.144 0.144 0.144 0.151 0.151 0.1565 0.1565 0.1555 0.1555 0.155 0.155 0.155 0.1515 0.1515 0.1485 0.1485 0.142 0.142 0.142 0.1475 0.1475 0.1475 0.1475 0.1415 0.1415 0.1415 0.1265 0.1265 0.135 0.135 0.1185 0.1185 0.1185 0.11
0.1735 0.1735 0.1555 0.1555 0.157 0.157 0.1465 0.1465 0.1465 0.1375 0.1375 0.1315 0.1315 0.1475 0.1475 0.1645 0.1645 0.1645 0.1665 0.1665 0.162 0.162 0.149 0.149 0.149 0.1535 0.1535 0.1585 0.1585 0.187 0.187 0.187 0.224 0.224 0.197 0.197 0.13 0.13 0.13 0.1335 0.1335 0.1225 0.1225 0.144 0.144 0.144 0.151 0.151 0.1565 0.1565 0.1555 0.1555 0.155 0.155 0.155 0.1515 0.1515 0.1485 0.1485 0.142 0.142 0.142 0.1475 0.1475 0.1475 0.1475 0.1415 0.1415 0.1415 0.1265 0.1265 0.135 0.135 0.1185 0.1185 0.1185 0.11
0.1735 0.1735 0.1555 0.1555 0.157 0.157 0.1465 0.1465 0.1465 0.1375 0.1375 0.1315 0.1315 0.1475 0.1475 0.1645 0.1645 0.1645 0.1665 0.1665 0.162 0.162 0.149 0.149 0.149 0.1535 0.1535 0.1585 0.1585 0.187 0.187 0.187 0.224 0.224 0.197 0.197 0.13 0.13 0.13 0.1335 0.1335 0.1225 0.1225 0.144 0.144 0.144 0.151 0.151 0.1565 0.1565 0.1555 0.1555 0.155 0.155 0.155 0.1515 0.1515 0.1485 0.1485 0.142 0.142 0.142 0.1475 0.1475 0.1475 0.1475 0.1415 0.1415 0.1415 0.1265 0.1265 0.135 0.135 0.1185 0.1185 0.1185 0.11
0.159 0.159 0.155 0.155 0.1615 0.1615 0.158 0.158 0.158 0.16 0.16 0.165 0.165 0.1725 0.1725 0.173 0.173 0.173 0.171 0.171 0.167 0.167 0.1645 0.1645 0.1645 0.1455 0.1455 0.16 0.16 0.178 0.178 0.178 0.165 0.165 0.172 0.172 0.1605 0.1605 0.1605 0.1075 0.1075 0.1255 0.1255 0.1265 0.1265 0.1265 0.1425 0.1425 0.1265 0.1265 0.163 0.163 0.1535 0.1535 0.1535 0.162 0.162 0.152 0.152 0.1395 0.1395 0.1395 0.146 0.146 0.152 0.152 0.1605 0.1605 0.1605 0.1705 0.1705 0.1735 0.1735 0.159 0.159 0.159 0.114
0.159 0.159 0.155 0.155 0.1615 0.1615 0.158 0.158 0.158 0.16 0.16 0.165 0.165 0.1725 0.1725 0.173 0.173 0.173 0.171 0.171 0.167 0.167 0.1645 0.1645 0.1645 0.1455 0.1455 0.16 0.16 0.178 0.178 0.178 0.165 0.165 0.172 0.172 0.1605 0.1605 0.1605 0.1075 0.1075 0.1255 0.1255 0.1265 0.1265 0.1265 0.1425 0.1425 0.1265 0.1265 0.163 0.163 0.1535 0.1535 0.1535 0.162 0.162 0.152 0.152 0.1395 0.1395 0.1395 0.146 0.146 0.152 0.152 0.1605 0.1605 0.1605 0.1705 0.1705 0.1735 0.1735 0.159 0.159 0.159 0.114
0.1605 0.1605 0.1725 0.1725 0.165 0.165 0.161 0.161 0.161 0.1685 0.1685 0.1775 0.1775 0.164 0.164 0.164 0.164 0.164 0.172 0.172 0.161 0.161 0.1695 0.1695 0.1695 0.1575 0.1575 0.1625 0.1625 0.16 0.16 0.16 0.1535 0.1535 0.181 0.181 0.169 0.169 0.169 0.1615 0.1615 0.132 0.132 0.1295 0.1295 0.1295 0.13 0.13 0.1175 0.1175 0.1605 0.1605 0.1665 0.1665 0.1665 0.167 0.167 0.1745 0.1745 0.1825 0.1825 0.1825 0.186 0.186 0.1815 0.1815 0.1635 0.1635 0.1635 0.173 0.173 0.1735 0.1735 0.165 0.165 0.165 0.118
0.1605 0.1605 0.1725 0.1725 0.165 0.165 0.161 0.161 0.161 0.1685 0.1685 0.1775 0.1775 0.164 0.164 0.164 0.164 0.164 0.172 0.172 0.161 0.161 0.1695 0.1695 0.1695 0.1575 0.1575 0.1625 0.1625 0.16 0.16 0.16 0.1535 0.1535 0.181 0.181 0.169 0.169 0.169 0.1615 0.1615 0.132 0.132 0.1295 0.1295 0.1295 0.13 0.13 0.1175 0.1175 0.1605 0.1605 0.1665 0.1665 0.1665 0.167 0.167 0.1745 0.1745 0.1825 0.1825 0.1825 0.186 0.186 0.1815 0.1815 0.1635 0.1635 0.1635 0.173 0.173 0.1735 0.1735 0.165 0.165 0.165 0.118
0.2075 0.2075 0.193 0.193 0.196 0.196 0.184 0.184 0.184 0.1885 0.1885 0.175 0.175 0.1835 0.1835 0.1765 0.1765 0.1765 0.187 0.187 0.1475 0.1475 0.157 0.157 0.157 0.156 0.156 0.1575 0.1575 0.1675 0.1675 0.1675 0.1555 0.1555 0.1595 0.1595 0.1605 0.1605 0.1605 0.151 0.151 0.113 0.113 0.1235 0.1235 0.1235 0.103 0.103 0.14 0.14 0.1565 0.1565 0.174 0.174 0.174 0.1945 0.1945 0.1925 0.1925 0.201 0.201 0.201 0.185 0.185 0.191 0.191 0.1785 0.1785 0.1785 0.171 0.171 0.1555 0.1555 0.1425 0.1425 0.1425 0.111
0.2075 0.2075 0.193 0.193 0.196 0.196 0.184 0.184 0.184 0.1885 0.1885 0.175 0.175 0.1835 0.1835 0.1765 0.1765 0.1765 0.187 0.187 0.1475 0.1475 0.157 0.157 0.157 0.156 0.156 0.1575 0.1575 0.1675 0.1675 0.1675 0.1555 0.1555 0.1595 0.1595 0.1605 0.1605 0.1605 0.151 0.151 0.113 0.113 0.1235 0.1235 0.1235 0.103 0.103 0.14 0.14 0.1565 0.1565 0.174 0.174 0.174 0.1945 0.1945 0.1925 0.1925 0.201 0.201 0.201 0.185 0.185 0.191 0.191 0.1785 0.1785 0.1785 0.171 0.171 0.1555 0.1555 0.1425 0.1425 0.1425 0.111
0.2055 0.2055 0.194 0.194 0.1785 0.1785 0.1815 0.1815 0.1815 0.18 0.18 0.1695 0.1695 0.163 0.163 0.167 0.167 0.167 0.1655 0.1655 0.164 0.164 0.1565 0.1565 0.1565 0.152 0.152 0.16 0.16 0.159 0.159 0.159 0.159 0.159 0.155 0.155 0.1475 0.1475 0.1475 0.153 0.153 0.134 0.134 0.1185 0.1185 0.1185 0.1295 0.1295 0.1345 0.1345 0.143 0.143 0.1655 0.1655 0.1655 0.1905 0.1905 0.198 0.198 0.198 0.198 0.198 0.1965 0.1965 0.184 0.184 0.1635 0.1635 0.1635 0.156 0.156 0.145 0.145 0.124 0.124 0.124 0.107
0.2055 0.2055 0.194 0.194 0.1785 0.1785 0.1815 0.1815 0.1815 0.18 0.18 0.1695 0.1695 0.163 0.163 0.167 0.167 0.167 0.1655 0.1655 0.164 0.164 0.1565 0.1565 0.1565 0.152 0.152 0.16 0.16 0.159 0.159 0.159 0.159 0.159 0.155 0.155 0.1475 0.1475 0.1475 0.153 0.153 0.134 0.134 0.1185 0.1185 0.1185 0.1295 0.1295 0.1345 0.1345 0.143 0.143 0.1655 0.1655 0.1655 0.1905 0.1905 0.198 0.198 0.198 0.198 0.198 0.1965 0.1965 0.184 0.184 0.1635 0.1635 0.1635 0.156 0.156 0.145 0.145 0.124 0.124 0.124 0.107
0.2055 0.2055 0.194 0.194 0.1785 0.1785 0.1815 0.1815 0.1815 0.18 0.18 0.1695 0.1695 0.163 0.163 0.167 0.167 0.167 0.1655 0.1655 0.164 0.164 0.1565 0.1565 0.1565 0.152 0.152 0.16 0.16 0.159 0.159 0.159 0.159 0.159 0.155 0.155 0.1475 0.1475 0.1475 0.153 0.153 0.134 0.134 0.1185 0.1185 0.1185 0.1295 0.1295 0.1345 0.1345 0.143 0.143 0.1655 0.1655 0.1655 0.1905 0.1905 0.198 0.198 0.198 0.198 0.198 0.1965 0.1965 0.184 0.184 0.1635 0.1635 0.1635 0.156 0.156 0.145 0.145 0.124 0.124 0.124 0.107
0.196 0.196 0.193 0.193 0.1895 0.1895 0.1875 0.1875 0.1875 0.1875 0.1875 0.17 0.17 0.1665 0.1665 0.171 0.171 0.171 0.142 0.142 0.1595 0.1595 0.166 0.166 0.166 0.1755 0.1755 0.1725 0.1725 0.171 0.171 0.171 0.1775 0.1775 0.172 0.172 0.1515 0.1515 0.1515 0.151 0.151 0.128 0.128 0.155 0.155 0.155 0.156 0.156 0.1135 0.1135 0.115 0.115 0.119 0.119 0.119 0.1345 0.1345 0.1965 0.1965 0.229 0.229 0.229 0.2265 0.2265 0.197 0.197 0.202 0.202 0.202 0.1935 0.1935 0.1985 0.1985 0.139 0.139 0.139 0.087
0.196 0.196 0.193 0.193 0.1895 0.1895 0.1875 0.1875 0.1875 0.1875 0.1875 0.17 0.17 0.1665 0.1665 0.171 0.171 0.171 0.142 0.142 0.1595 0.1595 0.166 0.166 0.166 0.1755 0.1755 0.1725 0.1725 0.171 0.171 0.171 0.1775 0.1775 0.172 0.172 0.1515 0.1515 0.1515 0.151 0.151 0.128 0.128 0.155 0.155 0.155 0.156 0.156 0.1135 0.1135 0.115 0.115 0.119 0.119 0.119 0.1345 0.1345 0.1965 0.1965 0.229 0.229 0.229 0.2265 0.2265 0.197 0.197 0.202 0.202 0.202 0.1935 0.1935 0.1985 0.1985 0.139 0.139 0.139 0.087
0.23 0.23 0.227 0.227 0.207 0.207 0.224 0.224 0.224 0.256 0.256 0.22 0.22 0.173 0.173 0.1645 0.1645 0.1645 0.151 0.151 0.1715 0.1715 0.184 0.184 0.184 0.1785 0.1785 0.186 0.186 0.1745 0.1745 0.1745 0.1975 0.1975 0.182 0.182 0.168 0.168 0.168 0.161 0.161 0.1355 0.1355 0.1315 0.1315 0.1315 0.1445 0.1445 0.1075 0.1075 0.1355 0.1355 0.1415 0.1415 0.1415 0.1475 0.1475 0.173 0.173 0.2115 0.2115 0.2115 0.2105 0.2105 0.216 0.216 0.184 0.184 0.184 0.172 0.172 0.1755 0.1755 0.146 0.146 0.146 0.1345
0.23 0.23 0.227 0.227 0.207 0.207 0.224 0.224 0.224 0.256 0.256 0.22 0.22 0.173 0.173 0.1645 0.1645 0.1645 0.151 0.151 0.1715 0.1715 0.184 0.184 0.184 0.1785 0.1785 0.186 0.186 0.1745 0.1745 0.1745 0.1975 0.1975 0.182 0.182 0.168 0.168 0.168 0.161 0.161 0.1355 0.1355 0.1315 0.1315 0.1315 0.1445 0.1445 0.1075 0.1075 0.1355 0.1355 0.1415 0.1415 0.1415 0.1475 0.1475 0.173 0.173 0.2115 0.2115 0.2115 0.2105 0.2105 0.216 0.216 0.184 0.184 0.184 0.172 0.172 0.1755 0.1755 0.146 0.146 0.146 0.1345
0.1975 0.1975 0.2515 0.2515 0.214 0.214 0.241 0.241 0.241 0.214 0.214 0.221 0.221 0.189 0.189 0.194 0.194 0.194 0.23 0.23 0.2215 0.2215 0.183 0.183 0.183 0.185 0.185 0.177 0.177 0.175 0.175 0.175 0.167 0.167 0.16 0.16 0.166 0.166 0.166 0.1615 0.1615 0.1535 0.1535 0.128 0.128 0.128 0.1355 0.1355 0.1075 0.1075 0.088 0.088 0.158 0.158 0.158 0.164 0.164 0.1695 0.1695 0.2125 0.2125 0.2125 0.186 0.186 0.188 0.188 0.1815 0.1815 0.1815 0.1835 0.1835 0.1885 0.1885 0.2055 0.2055 0.2055 0.1215
0.1975 0.1975 0.2515 0.2515 0.214 0.214 0.241 0.241 0.241 0.214 0.214 0.221 0.221 0.189 0.189 0.194 0.194 0.194 0.23 0.23 0.2215 0.2215 0.183 0.183 0.183 0.185 0.185 0.177 0.177 0.175 0.175 0.175 0.167 0.167 0.16 0.16 0.166 0.166 0.166 0.1615 0.1615 0.1535 0.1535 0.128 0.128 0.128 0.1355 0.1355 0.1075 0.1075 0.088 0.088 0.158 0.158 0.158 0.164 0.164 0.1695 0.1695 0.2125 0.2125 0.2125 0.186 0.186 0.188 0.188 0.1815 0.1815 0.1815 0.1835 0.1835 0.1885 0.1885 0.2055 0.2055 0.2055 0.1215
0.1975 0.1975 0.2515 0.2515 0.214 0.214 0.241 0.241 0.241 0.214 0.214 0.221 0.221 0.189 0.189 0.194 0.194 0.194 0.23 0.23 0.2215 0.2215 0.183 0.183 0.183 0.185 0.185 0.177 0.177 0.175 0.175 0.175 0.167 0.167 0.16 0.16 0.166 0.166 0.166 0.1615 0.1615 0.1535 0.1535 0.128 0.128 0.128 0.1355 0.1355 0.1075 0.1075 0.088 0.088 0.158 0.158 0.158 0.164 0.164 0.1695 0.1695 0.2125 0.2125 0.2125 0.186 0.186 0.188 0.188 0.1815 0.1815 0.1815 0.1835 0.1835 0.1885 0.1885 0.2055 0.2055 0.2055 0.1215
0.2475 0.2475 0.2165 0.2165 0.234 0.234 0.2265 0.2265 0.2265 0.238 0.238 0.235 0.235 0.19 0.19 0.2055 0.2055 0.2055 0.208 0.208 0.1975 0.1975 0.208 0.208 0.208 0.2005 0.2005 0.1805 0.1805 0.178 0.178 0.178 0.1775 0.1775 0.167 0.167 0.1775 0.1775 0.1775 0.166 0.166 0.159 0.159 0.1585 0.1585 0.1585 0.105 0.105 0.1385 0.1385 0.158 0.158 0.17 0.17 0.17 0.176 0.176 0.161 0.161 0.1835 0.1835 0.1835 0.179 0.179 0.1975 0.1975 0.194 0.194 0.194 0.2105 0.2105 0.173 0.173 0.146 0.146 0.146 0.123
