ndvi/NOAA-184.asc
ncols         252
nrows         154
xllcorner     -18.017974
yllcorner     13.481982
cellsize      0.035948
NODATA_value  -9999
[rows 102 to 135 of 154, columns 154 to 230 of 252]
0.2135 0.1955 0.1955 0.1845 0.1845 0.1845 0.2085 0.2085 0.212 0.212 0.228 0.228 0.2375 0.2375 0.2375 0.222 0.222 0.2275 0.2275 0.2485 0.2485 0.2485 0.225 0.225 0.221 0.221 0.2295 0.2295 0.2295 0.2415 0.2415 0.2245 0.2245 0.2095 0.2095 0.2095 0.2175 0.2175 0.235 0.235 0.229 0.229 0.229 0.23 0.23 0.2275 0.2275 0.2375 0.2375 0.22 0.22 0.22 0.223 0.223 0.1995 0.1995 0.186 0.186 0.186 0.1945 0.1945 0.2065 0.2065 0.209 0.209 0.209 0.203 0.203 0.205 0.205 0.201 0.201 0.201 0.2075 0.2075 0.209 0.209
0.213 0.2105 0.2105 0.2145 0.2145 0.2145 0.213 0.213 0.209 0.209 0.2335 0.2335 0.2295 0.2295 0.2295 0.217 0.217 0.21 0.21 0.235 0.235 0.235 0.2325 0.2325 0.221 0.221 0.2155 0.2155 0.2155 0.237 0.237 0.2315 0.2315 0.2215 0.2215 0.2215 0.2085 0.2085 0.224 0.224 0.226 0.226 0.226 0.2445 0.2445 0.2435 0.2435 0.2695 0.2695 0.267 0.267 0.267 0.233 0.233 0.2075 0.2075 0.2075 0.2075 0.2075 0.202 0.202 0.1975 0.1975 0.215 0.215 0.215 0.2085 0.2085 0.2245 0.2245 0.2085 0.2085 0.2085 0.209 0.209 0.2225 0.2225
0.213 0.2105 0.2105 0.2145 0.2145 0.2145 0.213 0.213 0.209 0.209 0.2335 0.2335 0.2295 0.2295 0.2295 0.217 0.217 0.21 0.21 0.235 0.235 0.235 0.2325 0.2325 0.221 0.221 0.2155 0.2155 0.2155 0.237 0.237 0.2315 0.2315 0.2215 0.2215 0.2215 0.2085 0.2085 0.224 0.224 0.226 0.226 0.226 0.2445 0.2445 0.2435 0.2435 0.2695 0.2695 0.267 0.267 0.267 0.233 0.233 0.2075 0.2075 0.2075 0.2075 0.2075 0.202 0.202 0.1975 0.1975 0.215 0.215 0.215 0.2085 0.2085 0.2245 0.2245 0.2085 0.2085 0.2085 0.209 0.209 0.2225 0.2225
0.213 0.2105 0.2105 0.2145 0.2145 0.2145 0.213 0.213 0.209 0.209 0.2335 0.2335 0.2295 0.2295 0.2295 0.217 0.217 0.21 0.21 0.235 0.235 0.235 0.2325 0.2325 0.221 0.221 0.2155 0.2155 0.2155 0.237 0.237 0.2315 0.2315 0.2215 0.2215 0.2215 0.2085 0.2085 0.224 0.224 0.226 0.226 0.226 0.2445 0.2445 0.2435 0.2435 0.2695 0.2695 0.267 0.267 0.267 0.233 0.233 0.2075 0.2075 0.2075 0.2075 0.2075 0.202 0.202 0.1975 0.1975 0.215 0.215 0.215 0.2085 0.2085 0.2245 0.2245 0.2085 0.2085 0.2085 0.209 0.209 0.2225 0.2225
0.2205 0.227 0.227 0.2225 0.2225 0.2225 0.2045 0.2045 0.2205 0.2205 0.239 0.239 0.2265 0.2265 0.2265 0.228 0.228 0.218 0.218 0.2195 0.2195 0.2195 0.2275 0.2275 0.221 0.221 0.223 0.223 0.223 0.215 0.215 0.246 0.246 0.2325 0.2325 0.2325 0.2445 0.2445 0.236 0.236 0.2385 0.2385 0.2385 0.24 0.24 0.235 0.235 0.233 0.233 0.227 0.227 0.227 0.236 0.236 0.2275 0.2275 0.25 0.25 0.25 0.209 0.209 0.207 0.207 0.2075 0.2075 0.2075 0.219 0.219 0.2295 0.2295 0.2125 0.2125 0.2125 0.219 0.219 0.2225 0.2225
0.2205 0.227 0.227 0.2225 0.2225 0.2225 0.2045 0.2045 0.2205 0.2205 0.239 0.239 0.2265 0.2265 0.2265 0.228 0.228 0.218 0.218 0.2195 0.2195 0.2195 0.2275 0.2275 0.221 0.221 0.223 0.223 0.223 0.215 0.215 0.246 0.246 0.2325 0.2325 0.2325 0.2445 0.2445 0.236 0.236 0.2385 0.2385 0.2385 0.24 0.24 0.235 0.235 0.233 0.233 0.227 0.227 0.227 0.236 0.236 0.2275 0.2275 0.25 0.25 0.25 0.209 0.209 0.207 0.207 0.2075 0.2075 0.2075 0.219 0.219 0.2295 0.2295 0.2125 0.2125 0.2125 0.219 0.219 0.2225 0.2225
0.221 0.232 0.232 0.2235 0.2235 0.2235 0.2235 0.2235 0.2255 0.2255 0.231 0.231 0.2205 0.2205 0.2205 0.215 0.215 0.213 0.213 0.223 0.223 0.223 0.221 0.221 0.2245 0.2245 0.216 0.216 0.216 0.218 0.218 0.221 0.221 0.249 0.249 0.249 0.247 0.247 0.2505 0.2505 0.2445 0.2445 0.2445 0.242 0.242 0.236 0.236 0.228 0.228 0.232 0.232 0.232 0.2245 0.2245 0.1975 0.1975 0.208 0.208 0.208 0.2325 0.2325 0.234 0.234 0.225 0.225 0.225 0.2335 0.2335 0.231 0.231 0.2215 0.2215 0.2215 0.238 0.238 0.245 0.245
0.221 0.232 0.232 0.2235 0.2235 0.2235 0.2235 0.2235 0.2255 0.2255 0.231 0.231 0.2205 0.2205 0.2205 0.215 0.215 0.213 0.213 0.223 0.223 0.223 0.221 0.221 0.2245 0.2245 0.216 0.216 0.216 0.218 0.218 0.221 0.221 0.249 0.249 0.249 0.247 0.247 0.2505 0.2505 0.2445 0.2445 0.2445 0.242 0.242 0.236 0.236 0.228 0.228 0.232 0.232 0.232 0.2245 0.2245 0.1975 0.1975 0.208 0.208 0.208 0.2325 0.2325 0.234 0.234 0.225 0.225 0.225 0.2335 0.2335 0.231 0.231 0.2215 0.2215 0.2215 0.238 0.238 0.245 0.245
0.2175 0.2325 0.2325 0.2415 0.2415 0.2415 0.2445 0.2445 0.227 0.227 0.2315 0.2315 0.2295 0.2295 0.2295 0.2335 0.2335 0.212 0.212 0.225 0.225 0.225 0.217 0.217 0.229 0.229 0.2355 0.2355 0.2355 0.2205 0.2205 0.2295 0.2295 0.233 0.233 0.233 0.225 0.225 0.248 0.248 0.241 0.241 0.241 0.2405 0.2405 0.2315 0.2315 0.217 0.217 0.23 0.23 0.23 0.238 0.238 0.217 0.217 0.221 0.221 0.221 0.2305 0.2305 0.232 0.232 0.2415 0.2415 0.2415 0.2445 0.2445 0.2295 0.2295 0.2405 0.2405 0.2405 0.235 0.235 0.262 0.262
0.2175 0.2325 0.2325 0.2415 0.2415 0.2415 0.2445 0.2445 0.227 0.227 0.2315 0.2315 0.2295 0.2295 0.2295 0.2335 0.2335 0.212 0.212 0.225 0.225 0.225 0.217 0.217 0.229 0.229 0.2355 0.2355 0.2355 0.2205 0.2205 0.2295 0.2295 0.233 0.233 0.233 0.225 0.225 0.248 0.248 0.241 0.241 0.241 0.2405 0.2405 0.2315 0.2315 0.217 0.217 0.23 0.23 0.23 0.238 0.238 0.217 0.217 0.221 0.221 0.221 0.2305 0.2305 0.232 0.232 0.2415 0.2415 0.2415 0.2445 0.2445 0.2295 0.2295 0.2405 0.2405 0.2405 0.235 0.235 0.262 0.262
0.2175 0.2325 0.2325 0.2415 0.2415 0.2415 0.2445 0.2445 0.227 0.227 0.2315 0.2315 0.2295 0.2295 0.2295 0.2335 0.2335 0.212 0.212 0.225 0.225 0.225 0.217 0.217 0.229 0.229 0.2355 0.2355 0.2355 0.2205 0.2205 0.2295 0.2295 0.233 0.233 0.233 0.225 0.225 0.248 0.248 0.241 0.241 0.241 0.2405 0.2405 0.2315 0.2315 0.217 0.217 0.23 0.23 0.23 0.238 0.238 0.217 0.217 0.221 0.221 0.221 0.2305 0.2305 0.232 0.232 0.2415 0.2415 0.2415 0.2445 0.2445 0.2295 0.2295 0.2405 0.2405 0.2405 0.235 0.235 0.262 0.262
0.216 0.222 0.222 0.239 0.239 0.239 0.2345 0.2345 0.232 0.232 0.236 0.236 0.2325 0.2325 0.2325 0.2275 0.2275 0.2435 0.2435 0.238 0.238 0.238 0.226 0.226 0.2275 0.2275 0.228 0.228 0.228 0.2275 0.2275 0.226 0.226 0.2625 0.2625 0.2625 0.2565 0.2565 0.2315 0.2315 0.2345 0.2345 0.2345 0.236 0.236 0.2265 0.2265 0.2345 0.2345 0.2185 0.2185 0.2185 0.2335 0.2335 0.2315 0.2315 0.2435 0.2435 0.2435 0.239 0.239 0.2325 0.2325 0.2325 0.2325 0.2325 0.2405 0.2405 0.2375 0.2375 0.2385 0.2385 0.2385 0.241 0.241 0.247 0.247
0.216 0.222 0.222 0.239 0.239 0.239 0.2345 0.2345 0.232 0.232 0.236 0.236 0.2325 0.2325 0.2325 0.2275 0.2275 0.2435 0.2435 0.238 0.238 0.238 0.226 0.226 0.2275 0.2275 0.228 0.228 0.228 0.2275 0.2275 0.226 0.226 0.2625 0.2625 0.2625 0.2565 0.2565 0.2315 0.2315 0.2345 0.2345 0.2345 0.236 0.236 0.2265 0.2265 0.2345 0.2345 0.2185 0.2185 0.2185 0.2335 0.2335 0.2315 0.2315 0.2435 0.2435 0.2435 0.239 0.239 0.2325 0.2325 0.2325 0.2325 0.2325 0.2405 0.2405 0.2375 0.2375 0.2385 0.2385 0.2385 0.241 0.241 0.247 0.247
0.2165 0.227 0.227 0.2125 0.2125 0.2125 0.234 0.234 0.2275 0.2275 0.218 0.218 0.236 0.236 0.236 0.2325 0.2325 0.239 0.239 0.239 0.239 0.239 0.2425 0.2425 0.2315 0.2315 0.2335 0.2335 0.2335 0.2245 0.2245 0.232 0.232 0.239 0.239 0.239 0.209 0.209 0.205 0.205 0.2305 0.2305 0.2305 0.23 0.23 0.246 0.246 0.2295 0.2295 0.226 0.226 0.226 0.242 0.242 0.2225 0.2225 0.243 0.243 0.243 0.2425 0.2425 0.2495 0.2495 0.2465 0.2465 0.2465 0.245 0.245 0.247 0.247 0.2275 0.2275 0.2275 0.249 0.249 0.2505 0.2505
0.2165 0.227 0.227 0.2125 0.2125 0.2125 0.234 0.234 0.2275 0.2275 0.218 0.218 0.236 0.236 0.236 0.2325 0.2325 0.239 0.239 0.239 0.239 0.239 0.2425 0.2425 0.2315 0.2315 0.2335 0.2335 0.2335 0.2245 0.2245 0.232 0.232 0.239 0.239 0.239 0.209 0.209 0.205 0.205 0.2305 0.2305 0.2305 0.23 0.23 0.246 0.246 0.2295 0.2295 0.226 0.226 0.226 0.242 0.242 0.2225 0.2225 0.243 0.243 0.243 0.2425 0.2425 0.2495 0.2495 0.2465 0.2465 0.2465 0.245 0.245 0.247 0.247 0.2275 0.2275 0.2275 0.249 0.249 0.2505 0.2505
0.243 0.229 0.229 0.2345 0.2345 0.2345 0.233 0.233 0.2245 0.2245 0.239 0.239 0.2505 0.2505 0.2505 0.252 0.252 0.2405 0.2405 0.238 0.238 0.238 0.2425 0.2425 0.236 0.236 0.242 0.242 0.242 0.2355 0.2355 0.2465 0.2465 0.2275 0.2275 0.2275 0.211 0.211 0.2105 0.2105 0.2425 0.2425 0.2425 0.2445 0.2445 0.228 0.228 0.2195 0.2195 0.219 0.219 0.219 0.234 0.234 0.2565 0.2565 0.247 0.247 0.247 0.2495 0.2495 0.2535 0.2535 0.2575 0.2575 0.2575 0.247 0.247 0.242 0.242 0.25 0.25 0.25 0.24 0.24 0.238 0.238
0.243 0.229 0.229 0.2345 0.2345 0.2345 0.233 0.233 0.2245 0.2245 0.239 0.239 0.2505 0.2505 0.2505 0.252 0.252 0.2405 0.2405 0.238 0.238 0.238 0.2425 0.2425 0.236 0.236 0.242 0.242 0.242 0.2355 0.2355 0.2465 0.2465 0.2275 0.2275 0.2275 0.211 0.211 0.2105 0.2105 0.2425 0.2425 0.2425 0.2445 0.2445 0.228 0.228 0.2195 0.2195 0.219 0.219 0.219 0.234 0.234 0.2565 0.2565 0.247 0.247 0.247 0.2495 0.2495 0.2535 0.2535 0.2575 0.2575 0.2575 0.247 0.247 0.242 0.242 0.25 0.25 0.25 0.24 0.24 0.238 0.238
0.243 0.229 0.229 0.2345 0.2345 0.2345 0.233 0.233 0.2245 0.2245 0.239 0.239 0.2505 0.2505 0.2505 0.252 0.252 0.2405 0.2405 0.238 0.238 0.238 0.2425 0.2425 0.236 0.236 0.242 0.242 0.242 0.2355 0.2355 0.2465 0.2465 0.2275 0.2275 0.2275 0.211 0.211 0.2105 0.2105 0.2425 0.2425 0.2425 0.2445 0.2445 0.228 0.228 0.2195 0.2195 0.219 0.219 0.219 0.234 0.234 0.2565 0.2565 0.247 0.247 0.247 0.2495 0.2495 0.2535 0.2535 0.2575 0.2575 0.2575 0.247 0.247 0.242 0.242 0.25 0.25 0.25 0.24 0.24 0.238 0.238
0.2385 0.245 0.245 0.241 0.241 0.241 0.2425 0.2425 0.234 0.234 0.2445 0.2445 0.2495 0.2495 0.2495 0.255 0.255 0.261 0.261 0.266 0.266 0.266 0.2645 0.2645 0.257 0.257 0.2485 0.2485 0.2485 0.2275 0.2275 0.224 0.224 0.2315 0.2315 0.2315 0.23 0.23 0.217 0.217 0.216 0.216 0.216 0.2255 0.2255 0.242 0.242 0.231 0.231 0.239 0.239 0.239 0.247 0.247 0.256 0.256 0.2495 0.2495 0.2495 0.255 0.255 0.252 0.252 0.2545 0.2545 0.2545 0.2465 0.2465 0.257 0.257 0.2555 0.2555 0.2555 0.237 0.237 0.2345 0.2345
0.2385 0.245 0.245 0.241 0.241 0.241 0.2425 0.2425 0.234 0.234 0.2445 0.2445 0.2495 0.2495 0.2495 0.255 0.255 0.261 0.261 0.266 0.266 0.266 0.2645 0.2645 0.257 0.257 0.2485 0.2485 0.2485 0.2275 0.2275 0.224 0.224 0.2315 0.2315 0.2315 0.23 0.23 0.217 0.217 0.216 0.216 0.216 0.2255 0.2255 0.242 0.242 0.231 0.231 0.239 0.239 0.239 0.247 0.247 0.256 0.256 0.2495 0.2495 0.2495 0.255 0.255 0.252 0.252 0.2545 0.2545 0.2545 0.2465 0.2465 0.257 0.257 0.2555 0.2555 0.2555 0.237 0.237 0.2345 0.2345
0.23 0.245 0.245 0.2505 0.2505 0.2505 0.238 0.238 0.2355 0.2355 0.247 0.247 0.2465 0.2465 0.2465 0.245 0.245 0.2505 0.2505 0.257 0.257 0.257 0.262 0.262 0.26 0.26 0.2335 0.2335 0.2335 0.2345 0.2345 0.2175 0.2175 0.225 0.225 0.225 0.2115 0.2115 0.223 0.223 0.2145 0.2145 0.2145 0.2215 0.2215 0.2645 0.2645 0.239 0.239 0.2615 0.2615 0.2615 0.2405 0.2405 0.258 0.258 0.2665 0.2665 0.2665 0.257 0.257 0.2415 0.2415 0.2545 0.2545 0.2545 0.2565 0.2565 0.2425 0.2425 0.2405 0.2405 0.2405 0.2465 0.2465 0.265 0.265
0.23 0.245 0.245 0.2505 0.2505 0.2505 0.238 0.238 0.2355 0.2355 0.247 0.247 0.2465 0.2465 0.2465 0.245 0.245 0.2505 0.2505 0.257 0.257 0.257 0.262 0.262 0.26 0.26 0.2335 0.2335 0.2335 0.2345 0.2345 0.2175 0.2175 0.225 0.225 0.225 0.2115 0.2115 0.223 0.223 0.2145 0.2145 0.2145 0.2215 0.2215 0.2645 0.2645 0.239 0.239 0.2615 0.2615 0.2615 0.2405 0.2405 0.258 0.258 0.2665 0.2665 0.2665 0.257 0.257 0.2415 0.2415 0.2545 0.2545 0.2545 0.2565 0.2565 0.2425 0.2425 0.2405 0.2405 0.2405 0.2465 0.2465 0.265 0.265
0.2645 0.269 0.269 0.251 0.251 0.251 0.226 0.226 0.237 0.237 0.2545 0.2545 0.247 0.247 0.247 0.249 0.249 0.254 0.254 0.245 0.245 0.245 0.2475 0.2475 0.263 0.263 0.2475 0.2475 0.2475 0.2285 0.2285 0.2335 0.2335 0.2165 0.2165 0.2165 0.214 0.214 0.235 0.235 0.234 0.234 0.234 0.219 0.219 0.2445 0.2445 0.2645 0.2645 0.257 0.257 0.257 0.2545 0.2545 0.262 0.262 0.2665 0.2665 0.2665 0.262 0.262 0.2655 0.2655 0.2495 0.2495 0.2495 0.238 0.238 0.2345 0.2345 0.2515 0.2515 0.2515 0.243 0.243 0.254 0.254
0.2645 0.269 0.269 0.251 0.251 0.251 0.226 0.226 0.237 0.237 0.2545 0.2545 0.247 0.247 0.247 0.249 0.249 0.254 0.254 0.245 0.245 0.245 0.2475 0.2475 0.263 0.263 0.2475 0.2475 0.2475 0.2285 0.2285 0.2335 0.2335 0.2165 0.2165 0.2165 0.214 0.214 0.235 0.235 0.234 0.234 0.234 0.219 0.219 0.2445 0.2445 0.2645 0.2645 0.257 0.257 0.257 0.2545 0.2545 0.262 0.262 0.2665 0.2665 0.2665 0.262 0.262 0.2655 0.2655 0.2495 0.2495 0.2495 0.238 0.238 0.2345 0.2345 0.2515 0.2515 0.2515 0.243 0.243 0.254 0.254
0.2465 0.246 0.246 0.23 0.23 0.23 0.237 0.237 0.2305 0.2305 0.254 0.254 0.2385 0.2385 0.2385 0.2585 0.2585 0.244 0.244 0.2385 0.2385 0.2385 0.251 0.251 0.2575 0.2575 0.2565 0.2565 0.2565 0.2415 0.2415 0.252 0.252 0.245 0.245 0.245 0.2285 0.2285 0.2385 0.2385 0.2325 0.2325 0.2325 0.2295 0.2295 0.274 0.274 0.2735 0.2735 0.2885 0.2885 0.2885 0.252 0.252 0.2565 0.2565 0.2575 0.2575 0.2575 0.2605 0.2605 0.2615 0.2615 0.267 0.267 0.267 0.248 0.248 0.256 0.256 0.2515 0.2515 0.2515 0.2525 0.2525 0.246 0.246
0.2465 0.246 0.246 0.23 0.23 0.23 0.237 0.237 0.2305 0.2305 0.254 0.254 0.2385 0.2385 0.2385 0.2585 0.2585 0.244 0.244 0.2385 0.2385 0.2385 0.251 0.251 0.2575 0.2575 0.2565 0.2565 0.2565 0.2415 0.2415 0.252 0.252 0.245 0.245 0.245 0.2285 0.2285 0.2385 0.2385 0.2325 0.2325 0.2325 0.2295 0.2295 0.274 0.274 0.2735 0.2735 0.2885 0.2885 0.2885 0.252 0.252 0.2565 0.2565 0.2575 0.2575 0.2575 0.2605 0.2605 0.2615 0.2615 0.267 0.267 0.267 0.248 0.248 0.256 0.256 0.2515 0.2515 0.2515 0.2525 0.2525 0.246 0.246
0.2465 0.246 0.246 0.23 0.23 0.23 0.237 0.237 0.2305 0.2305 0.254 0.254 0.2385 0.2385 0.2385 0.2585 0.2585 0.244 0.244 0.2385 0.2385 0.2385 0.251 0.251 0.2575 0.2575 0.2565 0.2565 0.2565 0.2415 0.2415 0.252 0.252 0.245 0.245 0.245 0.2285 0.2285 0.2385 0.2385 0.2325 0.2325 0.2325 0.2295 0.2295 0.274 0.274 0.2735 0.2735 0.2885 0.2885 0.2885 0.252 0.252 0.2565 0.2565 0.2575 0.2575 0.2575 0.2605 0.2605 0.2615 0.2615 0.267 0.267 0.267 0.248 0.248 0.256 0.256 0.2515 0.2515 0.2515 0.2525 0.2525 0.246 0.246
0.2475 0.2485 0.2485 0.2445 0.2445 0.2445 0.2375 0.2375 0.2235 0.2235 0.2675 0.2675 0.2415 0.2415 0.2415 0.263 0.263 0.2555 0.2555 0.2445 0.2445 0.2445 0.2425 0.2425 0.237 0.237 0.253 0.253 0.253 0.2505 0.2505 0.254 0.254 0.244 0.244 0.244 0.2485 0.2485 0.252 0.252 0.245 0.245 0.245 0.264 0.264 0.295 0.295 0.2645 0.2645 0.2745 0.2745 0.2745 0.27 0.27 0.2665 0.2665 0.268 0.268 0.268 0.266 0.266 0.2535 0.2535 0.266 0.266 0.266 0.2695 0.2695 0.2535 0.2535 0.248 0.248 0.248 0.2435 0.2435 0.2435 0.2435
0.2475 0.2485 0.2485 0.2445 0.2445 0.2445 0.2375 0.2375 0.2235 0.2235 0.2675 0.2675 0.2415 0.2415 0.2415 0.263 0.263 0.2555 0.2555 0.2445 0.2445 0.2445 0.2425 0.2425 0.237 0.237 0.253 0.253 0.253 0.2505 0.2505 0.254 0.254 0.244 0.244 0.244 0.2485 0.2485 0.252 0.252 0.245 0.245 0.245 0.264 0.264 0.295 0.295 0.2645 0.2645 0.2745 0.2745 0.2745 0.27 0.27 0.2665 0.2665 0.268 0.268 0.268 0.266 0.266 0.2535 0.2535 0.266 0.266 0.266 0.2695 0.2695 0.2535 0.2535 0.248 0.248 0.248 0.2435 0.2435 0.2435 0.2435
0.258 0.245 0.245 0.253 0.253 0.253 0.2355 0.2355 0.2375 0.2375 0.2535 0.2535 0.249 0.249 0.249 0.256 0.256 0.258 0.258 0.2625 0.2625 0.2625 0.245 0.245 0.274 0.274 0.2755 0.2755 0.2755 0.287 0.287 0.2705 0.2705 0.2615 0.2615 0.2615 0.2595 0.2595 0.261 0.261 0.254 0.254 0.254 0.2745 0.2745 0.283 0.283 0.2985 0.2985 0.2815 0.2815 0.2815 0.2865 0.2865 0.287 0.287 0.301 0.301 0.301 0.301 0.301 0.2715 0.2715 0.268 0.268 0.268 0.265 0.265 0.266 0.266 0.2655 0.2655 0.2655 0.246 0.246 0.2545 0.2545
0.258 0.245 0.245 0.253 0.253 0.253 0.2355 0.2355 0.2375 0.2375 0.2535 0.2535 0.249 0.249 0.249 0.256 0.256 0.258 0.258 0.2625 0.2625 0.2625 0.245 0.245 0.274 0.274 0.2755 0.2755 0.2755 0.287 0.287 0.2705 0.2705 0.2615 0.2615 0.2615 0.2595 0.2595 0.261 0.261 0.254 0.254 0.254 0.2745 0.2745 0.283 0.283 0.2985 0.2985 0.2815 0.2815 0.2815 0.2865 0.2865 0.287 0.287 0.301 0.301 0.301 0.301 0.301 0.2715 0.2715 0.268 0.268 0.268 0.265 0.265 0.266 0.266 0.2655 0.2655 0.2655 0.246 0.246 0.2545 0.2545
0.2635 0.261 0.261 0.2435 0.2435 0.2435 0.2345 0.2345 0.2365 0.2365 0.2425 0.2425 0.2575 0.2575 0.2575 0.264 0.264 0.2385 0.2385 0.2485 0.2485 0.2485 0.2585 0.2585 0.262 0.262 0.2935 0.2935 0.2935 0.2755 0.2755 0.2845 0.2845 0.253 0.253 0.253 0.261 0.261 0.2415 0.2415 0.2715 0.2715 0.2715 0.2525 0.2525 0.2695 0.2695 0.2695 0.2695 0.2745 0.2745 0.2745 0.2895 0.2895 0.295 0.295 0.26 0.26 0.26 0.293 0.293 0.3055 0.3055 0.2655 0.2655 0.2655 0.2815 0.2815 0.2855 0.2855 0.2705 0.2705 0.2705 0.269 0.269 0.266 0.266
0.2635 0.261 0.261 0.2435 0.2435 0.2435 0.2345 0.2345 0.2365 0.2365 0.2425 0.2425 0.2575 0.2575 0.2575 0.264 0.264 0.2385 0.2385 0.2485 0.2485 0.2485 0.2585 0.2585 0.262 0.262 0.2935 0.2935 0.2935 0.2755 0.2755 0.2845 0.2845 0.253 0.253 0.253 0.261 0.261 0.2415 0.2415 0.2715 0.2715 0.2715 0.2525 0.2525 0.2695 0.2695 0.2695 0.2695 0.2745 0.2745 0.2745 0.2895 0.2895 0.295 0.295 0.26 0.26 0.26 0.293 0.293 0.3055 0.3055 0.2655 0.2655 0.2655 0.2815 0.2815 0.2855 0.2855 0.2705 0.2705 0.2705 0.269 0.269 0.266 0.266
0.2635 0.261 0.261 0.2435 0.2435 0.2435 0.2345 0.2345 0.2365 0.2365 0.2425 0.2425 0.2575 0.2575 0.2575 0.264 0.264 0.2385 0.2385 0.2485 0.2485 0.2485 0.2585 0.2585 0.262 0.262 0.2935 0.2935 0.2935 0.2755 0.2755 0.2845 0.2845 0.253 0.253 0.253 0.261 0.261 0.2415 0.2415 0.2715 0.2715 0.2715 0.2525 0.2525 0.2695 0.2695 0.2695 0.2695 0.2745 0.2745 0.2745 0.2895 0.2895 0.295 0.295 0.26 0.26 0.26 0.293 0.293 0.3055 0.3055 0.2655 0.2655 0.2655 0.2815 0.2815 0.2855 0.2855 0.2705 0.2705 0.2705 0.269 0.269 0.266 0.266
