ndvi/NOAA-263.asc
ncols         252
nrows         154
xllcorner     -18.017974
yllcorner     13.481982
cellsize      0.035948
NODATA_value  -9999
[rows 102 to 135 of 154, columns 77 to 153 of 252]
0.287 0.287 0.3095 0.3095 0.3085 0.3085 0.3065 0.3065 0.3065 0.303 0.303 0.278 0.278 0.275 0.275 0.298 0.298 0.298 0.3195 0.3195 0.316 0.316 0.338 0.338 0.338 0.3405 0.3405 0.342 0.342 0.3345 0.3345 0.3345 0.3425 0.3425 0.3465 0.3465 0.3425 0.3425 0.3425 0.3485 0.3485 0.3175 0.3175 0.335 0.335 0.335 0.3545 0.3545 0.325 0.325 0.3635 0.3635 0.351 0.351 0.351 0.326 0.326 0.2775 0.2775 0.268 0.268 0.268 0.256 0.256 0.313 0.313 0.3115 0.3115 0.3115 0.325 0.325 0.3465 0.3465 0.333 0.333 0.333 0.3395
0.295 0.295 0.3125 0.3125 0.314 0.314 0.3085 0.3085 0.3085 0.302 0.302 0.297 0.297 0.2835 0.2835 0.3105 0.3105 0.3105 0.3125 0.3125 0.325 0.325 0.354 0.354 0.354 0.3325 0.3325 0.3505 0.3505 0.339 0.339 0.339 0.3495 0.3495 0.335 0.335 0.3505 0.3505 0.3505 0.342 0.342 0.333 0.333 0.3455 0.3455 0.3455 0.344 0.344 0.332 0.332 0.36 0.36 0.3505 0.3505 0.3505 0.3435 0.3435 0.3295 0.3295 0.292 0.292 0.292 0.2895 0.2895 0.278 0.278 0.299 0.299 0.299 0.284 0.284 0.2545 0.2545 0.2795 0.2795 0.2795 0.2875
0.295 0.295 0.3125 0.3125 0.314 0.314 0.3085 0.3085 0.3085 0.302 0.302 0.297 0.297 0.2835 0.2835 0.3105 0.3105 0.3105 0.3125 0.3125 0.325 0.325 0.354 0.354 0.354 0.3325 0.3325 0.3505 0.3505 0.339 0.339 0.339 0.3495 0.3495 0.335 0.335 0.3505 0.3505 0.3505 0.342 0.342 0.333 0.333 0.3455 0.3455 0.3455 0.344 0.344 0.332 0.332 0.36 0.36 0.3505 0.3505 0.3505 0.3435 0.3435 0.3295 0.3295 0.292 0.292 0.292 0.2895 0.2895 0.278 0.278 0.299 0.299 0.299 0.284 0.284 0.2545 0.2545 0.2795 0.2795 0.2795 0.2875
0.295 0.295 0.3125 0.3125 0.314 0.314 0.3085 0.3085 0.3085 0.302 0.302 0.297 0.297 0.2835 0.2835 0.3105 0.3105 0.3105 0.3125 0.3125 0.325 0.325 0.354 0.354 0.354 0.3325 0.3325 0.3505 0.3505 0.339 0.339 0.339 0.3495 0.3495 0.335 0.335 0.3505 0.3505 0.3505 0.342 0.342 0.333 0.333 0.3455 0.3455 0.3455 0.344 0.344 0.332 0.332 0.36 0.36 0.3505 0.3505 0.3505 0.3435 0.3435 0.3295 0.3295 0.292 0.292 0.292 0.2895 0.2895 0.278 0.278 0.299 0.299 0.299 0.284 0.284 0.2545 0.2545 0.2795 0.2795 0.2795 0.2875
0.285 0.285 0.3195 0.3195 0.3185 0.3185 0.324 0.324 0.324 0.3295 0.3295 0.3025 0.3025 0.308 0.308 0.3235 0.3235 0.3235 0.32 0.32 0.3515 0.3515 0.3525 0.3525 0.3525 0.3605 0.3605 0.3465 0.3465 0.352 0.352 0.352 0.356 0.356 0.3635 0.3635 0.3505 0.3505 0.3505 0.349 0.349 0.3415 0.3415 0.34 0.34 0.34 0.348 0.348 0.3595 0.3595 0.368 0.368 0.3625 0.3625 0.3625 0.3325 0.3325 0.327 0.327 0.3345 0.3345 0.3345 0.3125 0.3125 0.306 0.306 0.2985 0.2985 0.2985 0.2795 0.2795 0.273 0.273 0.292 0.292 0.292 0.303
0.285 0.285 0.3195 0.3195 0.3185 0.3185 0.324 0.324 0.324 0.3295 0.3295 0.3025 0.3025 0.308 0.308 0.3235 0.3235 0.3235 0.32 0.32 0.3515 0.3515 0.3525 0.3525 0.3525 0.3605 0.3605 0.3465 0.3465 0.352 0.352 0.352 0.356 0.356 0.3635 0.3635 0.3505 0.3505 0.3505 0.349 0.349 0.3415 0.3415 0.34 0.34 0.34 0.348 0.348 0.3595 0.3595 0.368 0.368 0.3625 0.3625 0.3625 0.3325 0.3325 0.327 0.327 0.3345 0.3345 0.3345 0.3125 0.3125 0.306 0.306 0.2985 0.2985 0.2985 0.2795 0.2795 0.273 0.273 0.292 0.292 0.292 0.303
0.34 0.34 0.3395 0.3395 0.3185 0.3185 0.3375 0.3375 0.3375 0.317 0.317 0.326 0.326 0.324 0.324 0.331 0.331 0.331 0.3465 0.3465 0.365 0.365 0.361 0.361 0.361 0.358 0.358 0.3635 0.3635 0.353 0.353 0.353 0.3625 0.3625 0.3555 0.3555 0.357 0.357 0.357 0.342 0.342 0.3515 0.3515 0.3435 0.3435 0.3435 0.364 0.364 0.3615 0.3615 0.367 0.367 0.3645 0.3645 0.3645 0.34 0.34 0.335 0.335 0.338 0.338 0.338 0.34 0.34 0.329 0.329 0.3415 0.3415 0.3415 0.2905 0.2905 0.302 0.302 0.2985 0.2985 0.2985 0.312
0.34 0.34 0.3395 0.3395 0.3185 0.3185 0.3375 0.3375 0.3375 0.317 0.317 0.326 0.326 0.324 0.324 0.331 0.331 0.331 0.3465 0.3465 0.365 0.365 0.361 0.361 0.361 0.358 0.358 0.3635 0.3635 0.353 0.353 0.353 0.3625 0.3625 0.3555 0.3555 0.357 0.357 0.357 0.342 0.342 0.3515 0.3515 0.3435 0.3435 0.3435 0.364 0.364 0.3615 0.3615 0.367 0.367 0.3645 0.3645 0.3645 0.34 0.34 0.335 0.335 0.338 0.338 0.338 0.34 0.34 0.329 0.329 0.3415 0.3415 0.3415 0.2905 0.2905 0.302 0.302 0.2985 0.2985 0.2985 0.312
0.376 0.376 0.36 0.36 0.326 0.326 0.3185 0.3185 0.3185 0.325 0.325 0.3515 0.3515 0.3595 0.3595 0.371 0.371 0.371 0.3795 0.3795 0.371 0.371 0.3565 0.3565 0.3565 0.3595 0.3595 0.359 0.359 0.3795 0.3795 0.3795 0.4095 0.4095 0.395 0.395 0.408 0.408 0.408 0.3725 0.3725 0.4 0.4 0.385 0.385 0.385 0.361 0.361 0.3725 0.3725 0.3955 0.3955 0.4015 0.4015 0.4015 0.381 0.381 0.3695 0.3695 0.3415 0.3415 0.3415 0.333 0.333 0.3335 0.3335 0.3615 0.3615 0.3615 0.3615 0.3615 0.327 0.327 0.3095 0.3095 0.3095 0.325
0.376 0.376 0.36 0.36 0.326 0.326 0.3185 0.3185 0.3185 0.325 0.325 0.3515 0.3515 0.3595 0.3595 0.371 0.371 0.371 0.3795 0.3795 0.371 0.371 0.3565 0.3565 0.3565 0.3595 0.3595 0.359 0.359 0.3795 0.3795 0.3795 0.4095 0.4095 0.395 0.395 0.408 0.408 0.408 0.3725 0.3725 0.4 0.4 0.385 0.385 0.385 0.361 0.361 0.3725 0.3725 0.3955 0.3955 0.4015 0.4015 0.4015 0.381 0.381 0.3695 0.3695 0.3415 0.3415 0.3415 0.333 0.333 0.3335 0.3335 0.3615 0.3615 0.3615 0.3615 0.3615 0.327 0.327 0.3095 0.3095 0.3095 0.325
0.376 0.376 0.36 0.36 0.326 0.326 0.3185 0.3185 0.3185 0.325 0.325 0.3515 0.3515 0.3595 0.3595 0.371 0.371 0.371 0.3795 0.3795 0.371 0.371 0.3565 0.3565 0.3565 0.3595 0.3595 0.359 0.359 0.3795 0.3795 0.3795 0.4095 0.4095 0.395 0.395 0.408 0.408 0.408 0.3725 0.3725 0.4 0.4 0.385 0.385 0.385 0.361 0.361 0.3725 0.3725 0.3955 0.3955 0.4015 0.4015 0.4015 0.381 0.381 0.3695 0.3695 0.3415 0.3415 0.3415 0.333 0.333 0.3335 0.3335 0.3615 0.3615 0.3615 0.3615 0.3615 0.327 0.327 0.3095 0.3095 0.3095 0.325
0.344 0.344 0.3715 0.3715 0.375 0.375 0.3595 0.3595 0.3595 0.358 0.358 0.36 0.36 0.3575 0.3575 0.365 0.365 0.365 0.364 0.364 0.3755 0.3755 0.3885 0.3885 0.3885 0.3755 0.3755 0.391 0.391 0.4195 0.4195 0.4195 0.414 0.414 0.3995 0.3995 0.394 0.394 0.394 0.3955 0.3955 0.4115 0.4115 0.379 0.379 0.379 0.434 0.434 0.406 0.406 0.3935 0.3935 0.413 0.413 0.413 0.334 0.334 0.378 0.378 0.358 0.358 0.358 0.329 0.329 0.331 0.331 0.3495 0.3495 0.3495 0.3585 0.3585 0.347 0.347 0.334 0.334 0.334 0.2915
0.344 0.344 0.3715 0.3715 0.375 0.375 0.3595 0.3595 0.3595 0.358 0.358 0.36 0.36 0.3575 0.3575 0.365 0.365 0.365 0.364 0.364 0.3755 0.3755 0.3885 0.3885 0.3885 0.3755 0.3755 0.391 0.391 0.4195 0.4195 0.4195 0.414 0.414 0.3995 0.3995 0.394 0.394 0.394 0.3955 0.3955 0.4115 0.4115 0.379 0.379 0.379 0.434 0.434 0.406 0.406 0.3935 0.3935 0.413 0.413 0.413 0.334 0.334 0.378 0.378 0.358 0.358 0.358 0.329 0.329 0.331 0.331 0.3495 0.3495 0.3495 0.3585 0.3585 0.347 0.347 0.334 0.334 0.334 0.2915
0.335 0.335 0.349 0.349 0.363 0.363 0.3445 0.3445 0.3445 0.3475 0.3475 0.359 0.359 0.3665 0.3665 0.3625 0.3625 0.3625 0.379 0.379 0.399 0.399 0.3875 0.3875 0.3875 0.3875 0.3875 0.4135 0.4135 0.3965 0.3965 0.3965 0.3735 0.3735 0.395 0.395 0.4065 0.4065 0.4065 0.407 0.407 0.3935 0.3935 0.4025 0.4025 0.4025 0.42 0.42 0.445 0.445 0.3805 0.3805 0.3755 0.3755 0.3755 0.3725 0.3725 0.3795 0.3795 0.3695 0.3695 0.3695 0.348 0.348 0.337 0.337 0.351 0.351 0.351 0.364 0.364 0.353 0.353 0.356 0.356 0.356 0.342
0.335 0.335 0.349 0.349 0.363 0.363 0.3445 0.3445 0.3445 0.3475 0.3475 0.359 0.359 0.3665 0.3665 0.3625 0.3625 0.3625 0.379 0.379 0.399 0.399 0.3875 0.3875 0.3875 0.3875 0.3875 0.4135 0.4135 0.3965 0.3965 0.3965 0.3735 0.3735 0.395 0.395 0.4065 0.4065 0.4065 0.407 0.407 0.3935 0.3935 0.4025 0.4025 0.4025 0.42 0.42 0.445 0.445 0.3805 0.3805 0.3755 0.3755 0.3755 0.3725 0.3725 0.3795 0.3795 0.3695 0.3695 0.3695 0.348 0.348 0.337 0.337 0.351 0.351 0.351 0.364 0.364 0.353 0.353 0.356 0.356 0.356 0.342
0.3255 0.3255 0.3245 0.3245 0.331 0.331 0.328 0.328 0.328 0.348 0.348 0.376 0.376 0.391 0.391 0.3825 0.3825 0.3825 0.399 0.399 0.3875 0.3875 0.3725 0.3725 0.3725 0.393 0.393 0.3725 0.3725 0.3565 0.3565 0.3565 0.3595 0.3595 0.3925 0.3925 0.3835 0.3835 0.3835 0.3875 0.3875 0.408 0.408 0.3985 0.3985 0.3985 0.4135 0.4135 0.4155 0.4155 0.4195 0.4195 0.3925 0.3925 0.3925 0.369 0.369 0.3655 0.3655 0.372 0.372 0.372 0.3605 0.3605 0.3775 0.3775 0.3845 0.3845 0.3845 0.3635 0.3635 0.3665 0.3665 0.359 0.359 0.359 0.3465
0.3255 0.3255 0.3245 0.3245 0.331 0.331 0.328 0.328 0.328 0.348 0.348 0.376 0.376 0.391 0.391 0.3825 0.3825 0.3825 0.399 0.399 0.3875 0.3875 0.3725 0.3725 0.3725 0.393 0.393 0.3725 0.3725 0.3565 0.3565 0.3565 0.3595 0.3595 0.3925 0.3925 0.3835 0.3835 0.3835 0.3875 0.3875 0.408 0.408 0.3985 0.3985 0.3985 0.4135 0.4135 0.4155 0.4155 0.4195 0.4195 0.3925 0.3925 0.3925 0.369 0.369 0.3655 0.3655 0.372 0.372 0.372 0.3605 0.3605 0.3775 0.3775 0.3845 0.3845 0.3845 0.3635 0.3635 0.3665 0.3665 0.359 0.359 0.359 0.3465
0.3255 0.3255 0.3245 0.3245 0.331 0.331 0.328 0.328 0.328 0.348 0.348 0.376 0.376 0.391 0.391 0.3825 0.3825 0.3825 0.399 0.399 0.3875 0.3875 0.3725 0.3725 0.3725 0.393 0.393 0.3725 0.3725 0.3565 0.3565 0.3565 0.3595 0.3595 0.3925 0.3925 0.3835 0.3835 0.3835 0.3875 0.3875 0.408 0.408 0.3985 0.3985 0.3985 0.4135 0.4135 0.4155 0.4155 0.4195 0.4195 0.3925 0.3925 0.3925 0.369 0.369 0.3655 0.3655 0.372 0.372 0.372 0.3605 0.3605 0.3775 0.3775 0.3845 0.3845 0.3845 0.3635 0.3635 0.3665 0.3665 0.359 0.359 0.359 0.3465
0.337 0.337 0.349 0.349 0.3355 0.3355 0.3755 0.3755 0.3755 0.3765 0.3765 0.3785 0.3785 0.378 0.378 0.381 0.381 0.381 0.3795 0.3795 0.403 0.403 0.3805 0.3805 0.3805 0.3875 0.3875 0.391 0.391 0.373 0.373 0.373 0.3875 0.3875 0.385 0.385 0.397 0.397 0.397 0.385 0.385 0.4015 0.4015 0.412 0.412 0.412 0.4165 0.4165 0.426 0.426 0.4225 0.4225 0.395 0.395 0.395 0.353 0.353 0.363 0.363 0.3615 0.3615 0.3615 0.378 0.378 0.3535 0.3535 0.3755 0.3755 0.3755 0.391 0.391 0.4 0.4 0.3955 0.3955 0.3955 0.364
0.337 0.337 0.349 0.349 0.3355 0.3355 0.3755 0.3755 0.3755 0.3765 0.3765 0.3785 0.3785 0.378 0.378 0.381 0.381 0.381 0.3795 0.3795 0.403 0.403 0.3805 0.3805 0.3805 0.3875 0.3875 0.391 0.391 0.373 0.373 0.373 0.3875 0.3875 0.385 0.385 0.397 0.397 0.397 0.385 0.385 0.4015 0.4015 0.412 0.412 0.412 0.4165 0.4165 0.426 0.426 0.4225 0.4225 0.395 0.395 0.395 0.353 0.353 0.363 0.363 0.3615 0.3615 0.3615 0.378 0.378 0.3535 0.3535 0.3755 0.3755 0.3755 0.391 0.391 0.4 0.4 0.3955 0.3955 0.3955 0.364
0.32 0.32 0.31 0.31 0.35 0.35 0.378 0.378 0.378 0.356 0.356 0.357 0.357 0.378 0.378 0.3835 0.3835 0.3835 0.3955 0.3955 0.391 0.391 0.395 0.395 0.395 0.3965 0.3965 0.409 0.409 0.3915 0.3915 0.3915 0.382 0.382 0.3875 0.3875 0.3995 0.3995 0.3995 0.4295 0.4295 0.382 0.382 0.419 0.419 0.419 0.441 0.441 0.45 0.45 0.439 0.439 0.412 0.412 0.412 0.381 0.381 0.4345 0.4345 0.4085 0.4085 0.4085 0.408 0.408 0.4015 0.4015 0.4105 0.4105 0.4105 0.3925 0.3925 0.385 0.385 0.392 0.392 0.392 0.367
0.32 0.32 0.31 0.31 0.35 0.35 0.378 0.378 0.378 0.356 0.356 0.357 0.357 0.378 0.378 0.3835 0.3835 0.3835 0.3955 0.3955 0.391 0.391 0.395 0.395 0.395 0.3965 0.3965 0.409 0.409 0.3915 0.3915 0.3915 0.382 0.382 0.3875 0.3875 0.3995 0.3995 0.3995 0.4295 0.4295 0.382 0.382 0.419 0.419 0.419 0.441 0.441 0.45 0.45 0.439 0.439 0.412 0.412 0.412 0.381 0.381 0.4345 0.4345 0.4085 0.4085 0.4085 0.408 0.408 0.4015 0.4015 0.4105 0.4105 0.4105 0.3925 0.3925 0.385 0.385 0.392 0.392 0.392 0.367
0.3945 0.3945 0.3365 0.3365 0.3415 0.3415 0.35 0.35 0.35 0.3625 0.3625 0.385 0.385 0.3765 0.3765 0.37 0.37 0.37 0.402 0.402 0.4155 0.4155 0.408 0.408 0.408 0.4105 0.4105 0.4275 0.4275 0.4055 0.4055 0.4055 0.4095 0.4095 0.4215 0.4215 0.437 0.437 0.437 0.4205 0.4205 0.428 0.428 0.4405 0.4405 0.4405 0.427 0.427 0.4405 0.4405 0.4395 0.4395 0.397 0.397 0.397 0.3755 0.3755 0.411 0.411 0.408 0.408 0.408 0.3965 0.3965 0.3635 0.3635 0.3855 0.3855 0.3855 0.361 0.361 0.3935 0.3935 0.378 0.378 0.378 0.385
0.3945 0.3945 0.3365 0.3365 0.3415 0.3415 0.35 0.35 0.35 0.3625 0.3625 0.385 0.385 0.3765 0.3765 0.37 0.37 0.37 0.402 0.402 0.4155 0.4155 0.408 0.408 0.408 0.4105 0.4105 0.4275 0.4275 0.4055 0.4055 0.4055 0.4095 0.4095 0.4215 0.4215 0.437 0.437 0.437 0.4205 0.4205 0.428 0.428 0.4405 0.4405 0.4405 0.427 0.427 0.4405 0.4405 0.4395 0.4395 0.397 0.397 0.397 0.3755 0.3755 0.411 0.411 0.408 0.408 0.408 0.3965 0.3965 0.3635 0.3635 0.3855 0.3855 0.3855 0.361 0.361 0.3935 0.3935 0.378 0.378 0.378 0.385
0.3965 0.3965 0.385 0.385 0.363 0.363 0.357 0.357 0.357 0.3545 0.3545 0.373 0.373 0.404 0.404 0.3985 0.3985 0.3985 0.383 0.383 0.405 0.405 0.406 0.406 0.406 0.4275 0.4275 0.4435 0.4435 0.415 0.415 0.415 0.432 0.432 0.398 0.398 0.4045 0.4045 0.4045 0.399 0.399 0.3895 0.3895 0.4115 0.4115 0.4115 0.4395 0.4395 0.439 0.439 0.4345 0.4345 0.425 0.425 0.425 0.3635 0.3635 0.4115 0.4115 0.3915 0.3915 0.3915 0.385 0.385 0.3665 0.3665 0.359 0.359 0.359 0.361 0.361 0.3895 0.3895 0.409 0.409 0.409 0.4065
0.3965 0.3965 0.385 0.385 0.363 0.363 0.357 0.357 0.357 0.3545 0.3545 0.373 0.373 0.404 0.404 0.3985 0.3985 0.3985 0.383 0.383 0.405 0.405 0.406 0.406 0.406 0.4275 0.4275 0.4435 0.4435 0.415 0.415 0.415 0.432 0.432 0.398 0.398 0.4045 0.4045 0.4045 0.399 0.399 0.3895 0.3895 0.4115 0.4115 0.4115 0.4395 0.4395 0.439 0.439 0.4345 0.4345 0.425 0.425 0.425 0.3635 0.3635 0.4115 0.4115 0.3915 0.3915 0.3915 0.385 0.385 0.3665 0.3665 0.359 0.359 0.359 0.361 0.361 0.3895 0.3895 0.409 0.409 0.409 0.4065
0.3965 0.3965 0.385 0.385 0.363 0.363 0.357 0.357 0.357 0.3545 0.3545 0.373 0.373 0.404 0.404 0.3985 0.3985 0.3985 0.383 0.383 0.405 0.405 0.406 0.406 0.406 0.4275 0.4275 0.4435 0.4435 0.415 0.415 0.415 0.432 0.432 0.398 0.398 0.4045 0.4045 0.4045 0.399 0.399 0.3895 0.3895 0.4115 0.4115 0.4115 0.4395 0.4395 0.439 0.439 0.4345 0.4345 0.425 0.425 0.425 0.3635 0.3635 0.4115 0.4115 0.3915 0.3915 0.3915 0.385 0.385 0.3665 0.3665 0.359 0.359 0.359 0.361 0.361 0.3895 0.3895 0.409 0.409 0.409 0.4065
0.424 0.424 0.38 0.38 0.367 0.367 0.3735 0.3735 0.3735 0.382 0.382 0.4015 0.4015 0.4195 0.4195 0.3975 0.3975 0.3975 0.3915 0.3915 0.4395 0.4395 0.428 0.428 0.428 0.43 0.43 0.4275 0.4275 0.4235 0.4235 0.4235 0.3885 0.3885 0.358 0.358 0.4055 0.4055 0.4055 0.3785 0.3785 0.391 0.391 0.423 0.423 0.423 0.4045 0.4045 0.41 0.41 0.4495 0.4495 0.3955 0.3955 0.3955 0.4145 0.4145 0.3975 0.3975 0.3715 0.3715 0.3715 0.3675 0.3675 0.403 0.403 0.4105 0.4105 0.4105 0.3605 0.3605 0.3665 0.3665 0.403 0.403 0.403 0.3925
0.424 0.424 0.38 0.38 0.367 0.367 0.3735 0.3735 0.3735 0.382 0.382 0.4015 0.4015 0.4195 0.4195 0.3975 0.3975 0.3975 0.3915 0.3915 0.4395 0.4395 0.428 0.428 0.428 0.43 0.43 0.4275 0.4275 0.4235 0.4235 0.4235 0.3885 0.3885 0.358 0.358 0.4055 0.4055 0.4055 0.3785 0.3785 0.391 0.391 0.423 0.423 0.423 0.4045 0.4045 0.41 0.41 0.4495 0.4495 0.3955 0.3955 0.3955 0.4145 0.4145 0.3975 0.3975 0.3715 0.3715 0.3715 0.3675 0.3675 0.403 0.403 0.4105 0.4105 0.4105 0.3605 0.3605 0.3665 0.3665 0.403 0.403 0.403 0.3925
0.415 0.415 0.4 0.4 0.3915 0.3915 0.385 0.385 0.385 0.3945 0.3945 0.386 0.386 0.4125 0.4125 0.438 0.438 0.438 0.413 0.413 0.439 0.439 0.436 0.436 0.436 0.428 0.428 0.42 0.42 0.438 0.438 0.438 0.424 0.424 0.417 0.417 0.448 0.448 0.448 0.4245 0.4245 0.43 0.43 0.421 0.421 0.421 0.4275 0.4275 0.4385 0.4385 0.398 0.398 0.4315 0.4315 0.4315 0.4075 0.4075 0.364 0.364 0.3855 0.3855 0.3855 0.3705 0.3705 0.4225 0.4225 0.3965 0.3965 0.3965 0.3965 0.3965 0.3775 0.3775 0.361 0.361 0.361 0.3835
0.415 0.415 0.4 0.4 0.3915 0.3915 0.385 0.385 0.385 0.3945 0.3945 0.386 0.386 0.4125 0.4125 0.438 0.438 0.438 0.413 0.413 0.439 0.439 0.436 0.436 0.436 0.428 0.428 0.42 0.42 0.438 0.438 0.438 0.424 0.424 0.417 0.417 0.448 0.448 0.448 0.4245 0.4245 0.43 0.43 0.421 0.421 0.421 0.4275 0.4275 0.4385 0.4385 0.398 0.398 0.4315 0.4315 0.4315 0.4075 0.4075 0.364 0.364 0.3855 0.3855 0.3855 0.3705 0.3705 0.4225 0.4225 0.3965 0.3965 0.3965 0.3965 0.3965 0.3775 0.3775 0.361 0.361 0.361 0.3835
0.3625 0.3625 0.3725 0.3725 0.3955 0.3955 0.387 0.387 0.387 0.37 0.37 0.3985 0.3985 0.4065 0.4065 0.413 0.413 0.413 0.3975 0.3975 0.424 0.424 0.418 0.418 0.418 0.3705 0.3705 0.416 0.416 0.4325 0.4325 0.4325 0.4345 0.4345 0.418 0.418 0.4035 0.4035 0.4035 0.4425 0.4425 0.4815 0.4815 0.449 0.449 0.449 0.4705 0.4705 0.459 0.459 0.481 0.481 0.4505 0.4505 0.4505 0.4555 0.4555 0.4605 0.4605 0.4215 0.4215 0.4215 0.44 0.44 0.4205 0.4205 0.418 0.418 0.418 0.409 0.409 0.3955 0.3955 0.3775 0.3775 0.3775 0.358
0.3625 0.3625 0.3725 0.3725 0.3955 0.3955 0.387 0.387 0.387 0.37 0.37 0.3985 0.3985 0.4065 0.4065 0.413 0.413 0.413 0.3975 0.3975 0.424 0.424 0.418 0.418 0.418 0.3705 0.3705 0.416 0.416 0.4325 0.4325 0.4325 0.4345 0.4345 0.418 0.418 0.4035 0.4035 0.4035 0.4425 0.4425 0.4815 0.4815 0.449 0.449 0.449 0.4705 0.4705 0.459 0.459 0.481 0.481 0.4505 0.4505 0.4505 0.4555 0.4555 0.4605 0.4605 0.4215 0.4215 0.4215 0.44 0.44 0.4205 0.4205 0.418 0.418 0.418 0.409 0.409 0.3955 0.3955 0.3775 0.3775 0.3775 0.358
0.3625 0.3625 0.3725 0.3725 0.3955 0.3955 0.387 0.387 0.387 0.37 0.37 0.3985 0.3985 0.4065 0.4065 0.413 0.413 0.413 0.3975 0.3975 0.424 0.424 0.418 0.418 0.418 0.3705 0.3705 0.416 0.416 0.4325 0.4325 0.4325 0.4345 0.4345 0.418 0.418 0.4035 0.4035 0.4035 0.4425 0.4425 0.4815 0.4815 0.449 0.449 0.449 0.4705 0.4705 0.459 0.459 0.481 0.481 0.4505 0.4505 0.4505 0.4555 0.4555 0.4605 0.4605 0.4215 0.4215 0.4215 0.44 0.44 0.4205 0.4205 0.418 0.418 0.418 0.409 0.409 0.3955 0.3955 0.3775 0.3775 0.3775 0.358
