ndvi/NOAA-115.asc
ncols         252
nrows         154
xllcorner     -18.017974
yllcorner     13.481982
cellsize      0.035948
NODATA_value  -9999
[rows 0 to 33 of 154, columns 154 to 230 of 252]
0.0915 0.08 0.08 0.092 0.092 0.092 0.096 0.096 0.0965 0.0965 0.095 0.095 0.0885 0.0885 0.0885 0.0905 0.0905 0.0885 0.0885 0.09 0.09 0.09 0.089 0.089 0.086 0.086 0.087 0.087 0.087 0.087 0.087 0.09100001 0.09100001 0.093 0.093 0.093 0.091 0.091 0.0885 0.0885 0.0905 0.0905 0.0905 0.098 0.098 0.095 0.095 0.0975 0.0975 0.1 0.1 0.1 0.103 0.103 0.103 0.103 0.1035 0.1035 0.1035 0.102 0.102 0.0985 0.0985 0.099 0.099 0.099 0.0995 0.0995 0.094 0.094 0.095 0.095 0.095 0.095 0.095 0.0915 0.0915
0.0915 0.08 0.08 0.092 0.092 0.092 0.096 0.096 0.0965 0.0965 0.095 0.095 0.0885 0.0885 0.0885 0.0905 0.0905 0.0885 0.0885 0.09 0.09 0.09 0.089 0.089 0.086 0.086 0.087 0.087 0.087 0.087 0.087 0.09100001 0.09100001 0.093 0.093 0.093 0.091 0.091 0.0885 0.0885 0.0905 0.0905 0.0905 0.098 0.098 0.095 0.095 0.0975 0.0975 0.1 0.1 0.1 0.103 0.103 0.103 0.103 0.1035 0.1035 0.1035 0.102 0.102 0.0985 0.0985 0.099 0.099 0.099 0.0995 0.0995 0.094 0.094 0.095 0.095 0.095 0.095 0.095 0.0915 0.0915
0.0935 0.082 0.082 0.09 0.09 0.09 0.094 0.094 0.0955 0.0955 0.0865 0.0865 0.087 0.087 0.087 0.0925 0.0925 0.0895 0.0895 0.0875 0.0875 0.0875 0.08750001 0.08750001 0.093 0.093 0.093 0.093 0.093 0.0935 0.0935 0.088 0.088 0.0915 0.0915 0.0915 0.101 0.101 0.103 0.103 0.099 0.099 0.099 0.1045 0.1045 0.1035 0.1035 0.104 0.104 0.1055 0.1055 0.1055 0.1085 0.1085 0.1025 0.1025 0.1045 0.1045 0.1045 0.108 0.108 0.104 0.104 0.101 0.101 0.101 0.103 0.103 0.1025 0.1025 0.098 0.098 0.098 0.097 0.097 0.09450001 0.09450001
0.0935 0.082 0.082 0.09 0.09 0.09 0.094 0.094 0.0955 0.0955 0.0865 0.0865 0.087 0.087 0.087 0.0925 0.0925 0.0895 0.0895 0.0875 0.0875 0.0875 0.08750001 0.08750001 0.093 0.093 0.093 0.093 0.093 0.0935 0.0935 0.088 0.088 0.0915 0.0915 0.0915 0.101 0.101 0.103 0.103 0.099 0.099 0.099 0.1045 0.1045 0.1035 0.1035 0.104 0.104 0.1055 0.1055 0.1055 0.1085 0.1085 0.1025 0.1025 0.1045 0.1045 0.1045 0.108 0.108 0.104 0.104 0.101 0.101 0.101 0.103 0.103 0.1025 0.1025 0.098 0.098 0.098 0.097 0.097 0.09450001 0.09450001
0.0935 0.082 0.082 0.09 0.09 0.09 0.094 0.094 0.0955 0.0955 0.0865 0.0865 0.087 0.087 0.087 0.0925 0.0925 0.0895 0.0895 0.0875 0.0875 0.0875 0.08750001 0.08750001 0.093 0.093 0.093 0.093 0.093 0.0935 0.0935 0.088 0.088 0.0915 0.0915 0.0915 0.101 0.101 0.103 0.103 0.099 0.099 0.099 0.1045 0.1045 0.1035 0.1035 0.104 0.104 0.1055 0.1055 0.1055 0.1085 0.1085 0.1025 0.1025 0.1045 0.1045 0.1045 0.108 0.108 0.104 0.104 0.101 0.101 0.101 0.103 0.103 0.1025 0.1025 0.098 0.098 0.098 0.097 0.097 0.09450001 0.09450001
0.0945 0.0955 0.0955 0.094 0.094 0.094 0.092 0.092 0.0915 0.0915 0.0915 0.0915 0.086 0.086 0.086 0.09100001 0.09100001 0.0905 0.0905 0.097 0.097 0.097 0.0965 0.0965 0.09450001 0.09450001 0.099 0.099 0.099 0.1015 0.1015 0.106 0.106 0.1085 0.1085 0.1085 0.1035 0.1035 0.104 0.104 0.1045 0.1045 0.1045 0.1025 0.1025 0.1005 0.1005 0.0985 0.0985 0.1005 0.1005 0.1005 0.103 0.103 0.1025 0.1025 0.099 0.099 0.099 0.1005 0.1005 0.102 0.102 0.1015 0.1015 0.1015 0.1005 0.1005 0.097 0.097 0.096 0.096 0.096 0.09649999 0.09649999 0.09450001 0.09450001
0.0945 0.0955 0.0955 0.094 0.094 0.094 0.092 0.092 0.0915 0.0915 0.0915 0.0915 0.086 0.086 0.086 0.09100001 0.09100001 0.0905 0.0905 0.097 0.097 0.097 0.0965 0.0965 0.09450001 0.09450001 0.099 0.099 0.099 0.1015 0.1015 0.106 0.106 0.1085 0.1085 0.1085 0.1035 0.1035 0.104 0.104 0.1045 0.1045 0.1045 0.1025 0.1025 0.1005 0.1005 0.0985 0.0985 0.1005 0.1005 0.1005 0.103 0.103 0.1025 0.1025 0.099 0.099 0.099 0.1005 0.1005 0.102 0.102 0.1015 0.1015 0.1015 0.1005 0.1005 0.097 0.097 0.096 0.096 0.096 0.09649999 0.09649999 0.09450001 0.09450001
0.09550001 0.0965 0.0965 0.09550001 0.09550001 0.09550001 0.092 0.092 0.098 0.098 0.096 0.096 0.09649999 0.09649999 0.09649999 0.0975 0.0975 0.0965 0.0965 0.094 0.094 0.094 0.092 0.092 0.1005 0.1005 0.097 0.097 0.097 0.0985 0.0985 0.0965 0.0965 0.103 0.103 0.103 0.1005 0.1005 0.1015 0.1015 0.09900001 0.09900001 0.09900001 0.102 0.102 0.1055 0.1055 0.1015 0.1015 0.1065 0.1065 0.1065 0.098 0.098 0.0985 0.0985 0.099 0.099 0.099 0.105 0.105 0.1015 0.1015 0.1025 0.1025 0.1025 0.102 0.102 0.09999999 0.09999999 0.1055 0.1055 0.1055 0.1 0.1 0.0985 0.0985
0.09550001 0.0965 0.0965 0.09550001 0.09550001 0.09550001 0.092 0.092 0.098 0.098 0.096 0.096 0.09649999 0.09649999 0.09649999 0.0975 0.0975 0.0965 0.0965 0.094 0.094 0.094 0.092 0.092 0.1005 0.1005 0.097 0.097 0.097 0.0985 0.0985 0.0965 0.0965 0.103 0.103 0.103 0.1005 0.1005 0.1015 0.1015 0.09900001 0.09900001 0.09900001 0.102 0.102 0.1055 0.1055 0.1015 0.1015 0.1065 0.1065 0.1065 0.098 0.098 0.0985 0.0985 0.099 0.099 0.099 0.105 0.105 0.1015 0.1015 0.1025 0.1025 0.1025 0.102 0.102 0.09999999 0.09999999 0.1055 0.1055 0.1055 0.1 0.1 0.0985 0.0985
0.0975 0.0935 0.0935 0.0935 0.0935 0.0935 0.092 0.092 0.0995 0.0995 0.0985 0.0985 0.0955 0.0955 0.0955 0.101 0.101 0.0985 0.0985 0.1005 0.1005 0.1005 0.092 0.092 0.0985 0.0985 0.09649999 0.09649999 0.09649999 0.1005 0.1005 0.104 0.104 0.0985 0.0985 0.0985 0.09100001 0.09100001 0.09 0.09 0.088 0.088 0.088 0.0925 0.0925 0.1025 0.1025 0.1055 0.1055 0.0945 0.0945 0.0945 0.097 0.097 0.0995 0.0995 0.098 0.098 0.098 0.098 0.098 0.0985 0.0985 0.1025 0.1025 0.1025 0.101 0.101 0.09999999 0.09999999 0.0975 0.0975 0.0975 0.09649999 0.09649999 0.0965 0.0965
0.0975 0.0935 0.0935 0.0935 0.0935 0.0935 0.092 0.092 0.0995 0.0995 0.0985 0.0985 0.0955 0.0955 0.0955 0.101 0.101 0.0985 0.0985 0.1005 0.1005 0.1005 0.092 0.092 0.0985 0.0985 0.09649999 0.09649999 0.09649999 0.1005 0.1005 0.104 0.104 0.0985 0.0985 0.0985 0.09100001 0.09100001 0.09 0.09 0.088 0.088 0.088 0.0925 0.0925 0.1025 0.1025 0.1055 0.1055 0.0945 0.0945 0.0945 0.097 0.097 0.0995 0.0995 0.098 0.098 0.098 0.098 0.098 0.0985 0.0985 0.1025 0.1025 0.1025 0.101 0.101 0.09999999 0.09999999 0.0975 0.0975 0.0975 0.09649999 0.09649999 0.0965 0.0965
0.0995 0.09550001 0.09550001 0.0985 0.0985 0.0985 0.096 0.096 0.1045 0.1045 0.1045 0.1045 0.104 0.104 0.104 0.101 0.101 0.101 0.101 0.0975 0.0975 0.0975 0.0915 0.0915 0.09550001 0.09550001 0.099 0.099 0.099 0.0995 0.0995 0.0935 0.0935 0.087 0.087 0.087 0.087 0.087 0.086 0.086 0.0925 0.0925 0.0925 0.09 0.09 0.089 0.089 0.1075 0.1075 0.099 0.099 0.099 0.099 0.099 0.101 0.101 0.104 0.104 0.104 0.09299999 0.09299999 0.0935 0.0935 0.094 0.094 0.094 0.096 0.096 0.0935 0.0935 0.092 0.092 0.092 0.093 0.093 0.0955 0.0955
0.0995 0.09550001 0.09550001 0.0985 0.0985 0.0985 0.096 0.096 0.1045 0.1045 0.1045 0.1045 0.104 0.104 0.104 0.101 0.101 0.101 0.101 0.0975 0.0975 0.0975 0.0915 0.0915 0.09550001 0.09550001 0.099 0.099 0.099 0.0995 0.0995 0.0935 0.0935 0.087 0.087 0.087 0.087 0.087 0.086 0.086 0.0925 0.0925 0.0925 0.09 0.09 0.089 0.089 0.1075 0.1075 0.099 0.099 0.099 0.099 0.099 0.101 0.101 0.104 0.104 0.104 0.09299999 0.09299999 0.0935 0.0935 0.094 0.094 0.094 0.096 0.096 0.0935 0.0935 0.092 0.092 0.092 0.093 0.093 0.0955 0.0955
0.0995 0.09550001 0.09550001 0.0985 0.0985 0.0985 0.096 0.096 0.1045 0.1045 0.1045 0.1045 0.104 0.104 0.104 0.101 0.101 0.101 0.101 0.0975 0.0975 0.0975 0.0915 0.0915 0.09550001 0.09550001 0.099 0.099 0.099 0.0995 0.0995 0.0935 0.0935 0.087 0.087 0.087 0.087 0.087 0.086 0.086 0.0925 0.0925 0.0925 0.09 0.09 0.089 0.089 0.1075 0.1075 0.099 0.099 0.099 0.099 0.099 0.101 0.101 0.104 0.104 0.104 0.09299999 0.09299999 0.0935 0.0935 0.094 0.094 0.094 0.096 0.096 0.0935 0.0935 0.092 0.092 0.092 0.093 0.093 0.0955 0.0955
0.09649999 0.1 0.1 0.0925 0.0925 0.0925 0.1025 0.1025 0.1085 0.1085 0.1075 0.1075 0.111 0.111 0.111 0.1065 0.1065 0.104 0.104 0.0955 0.0955 0.0955 0.0975 0.0975 0.104 0.104 0.1065 0.1065 0.1065 0.093 0.093 0.089 0.089 0.0815 0.0815 0.0815 0.081 0.081 0.0895 0.0895 0.087 0.087 0.087 0.0905 0.0905 0.0975 0.0975 0.09450001 0.09450001 0.0855 0.0855 0.0855 0.09 0.09 0.087 0.087 0.0965 0.0965 0.0965 0.094 0.094 0.099 0.099 0.088 0.088 0.088 0.09 0.09 0.096 0.096 0.094 0.094 0.094 0.093 0.093 0.0935 0.0935
0.09649999 0.1 0.1 0.0925 0.0925 0.0925 0.1025 0.1025 0.1085 0.1085 0.1075 0.1075 0.111 0.111 0.111 0.1065 0.1065 0.104 0.104 0.0955 0.0955 0.0955 0.0975 0.0975 0.104 0.104 0.1065 0.1065 0.1065 0.093 0.093 0.089 0.089 0.0815 0.0815 0.0815 0.081 0.081 0.0895 0.0895 0.087 0.087 0.087 0.0905 0.0905 0.0975 0.0975 0.09450001 0.09450001 0.0855 0.0855 0.0855 0.09 0.09 0.087 0.087 0.0965 0.0965 0.0965 0.094 0.094 0.099 0.099 0.088 0.088 0.088 0.09 0.09 0.096 0.096 0.094 0.094 0.094 0.093 0.093 0.0935 0.0935
0.1015 0.098 0.098 0.104 0.104 0.104 0.1045 0.1045 0.101 0.101 0.109 0.109 0.103 0.103 0.103 0.1065 0.1065 0.1015 0.1015 0.09450001 0.09450001 0.09450001 0.0965 0.0965 0.0955 0.0955 0.09100001 0.09100001 0.09100001 0.0875 0.0875 0.07700001 0.07700001 0.078 0.078 0.078 0.074 0.074 0.0825 0.0825 0.083 0.083 0.083 0.073 0.073 0.072 0.072 0.0675 0.0675 0.0735 0.0735 0.0735 0.0755 0.0755 0.086 0.086 0.087 0.087 0.087 0.0935 0.0935 0.094 0.094 0.099 0.099 0.099 0.0985 0.0985 0.0985 0.0985 0.096 0.096 0.096 0.093 0.093 0.098 0.098
0.1015 0.098 0.098 0.104 0.104 0.104 0.1045 0.1045 0.101 0.101 0.109 0.109 0.103 0.103 0.103 0.1065 0.1065 0.1015 0.1015 0.09450001 0.09450001 0.09450001 0.0965 0.0965 0.0955 0.0955 0.09100001 0.09100001 0.09100001 0.0875 0.0875 0.07700001 0.07700001 0.078 0.078 0.078 0.074 0.074 0.0825 0.0825 0.083 0.083 0.083 0.073 0.073 0.072 0.072 0.0675 0.0675 0.0735 0.0735 0.0735 0.0755 0.0755 0.086 0.086 0.087 0.087 0.087 0.0935 0.0935 0.094 0.094 0.099 0.099 0.099 0.0985 0.0985 0.0985 0.0985 0.096 0.096 0.096 0.093 0.093 0.098 0.098
0.1005 0.088 0.088 0.087 0.087 0.087 0.0915 0.0915 0.0925 0.0925 0.0865 0.0865 0.094 0.094 0.094 0.088 0.088 0.0875 0.0875 0.09 0.09 0.09 0.089 0.089 0.091 0.091 0.088 0.088 0.088 0.08149999 0.08149999 0.0735 0.0735 0.067 0.067 0.067 0.078 0.078 0.0835 0.0835 0.0825 0.0825 0.0825 0.0815 0.0815 0.0895 0.0895 0.089 0.089 0.09299999 0.09299999 0.09299999 0.09 0.09 0.0915 0.0915 0.0925 0.0925 0.0925 0.095 0.095 0.0985 0.0985 0.1 0.1 0.1 0.1 0.1 0.0975 0.0975 0.0955 0.0955 0.0955 0.0965 0.0965 0.095 0.095
0.1005 0.088 0.088 0.087 0.087 0.087 0.0915 0.0915 0.0925 0.0925 0.0865 0.0865 0.094 0.094 0.094 0.088 0.088 0.0875 0.0875 0.09 0.09 0.09 0.089 0.089 0.091 0.091 0.088 0.088 0.088 0.08149999 0.08149999 0.0735 0.0735 0.067 0.067 0.067 0.078 0.078 0.0835 0.0835 0.0825 0.0825 0.0825 0.0815 0.0815 0.0895 0.0895 0.089 0.089 0.09299999 0.09299999 0.09299999 0.09 0.09 0.0915 0.0915 0.0925 0.0925 0.0925 0.095 0.095 0.0985 0.0985 0.1 0.1 0.1 0.1 0.1 0.0975 0.0975 0.0955 0.0955 0.0955 0.0965 0.0965 0.095 0.095
0.1005 0.088 0.088 0.087 0.087 0.087 0.0915 0.0915 0.0925 0.0925 0.0865 0.0865 0.094 0.094 0.094 0.088 0.088 0.0875 0.0875 0.09 0.09 0.09 0.089 0.089 0.091 0.091 0.088 0.088 0.088 0.08149999 0.08149999 0.0735 0.0735 0.067 0.067 0.067 0.078 0.078 0.0835 0.0835 0.0825 0.0825 0.0825 0.0815 0.0815 0.0895 0.0895 0.089 0.089 0.09299999 0.09299999 0.09299999 0.09 0.09 0.0915 0.0915 0.0925 0.0925 0.0925 0.095 0.095 0.0985 0.0985 0.1 0.1 0.1 0.1 0.1 0.0975 0.0975 0.0955 0.0955 0.0955 0.0965 0.0965 0.095 0.095
0.0965 0.0985 0.0985 0.09550001 0.09550001 0.09550001 0.084 0.084 0.0805 0.0805 0.0915 0.0915 0.09450001 0.09450001 0.09450001 0.0915 0.0915 0.0885 0.0885 0.0935 0.0935 0.0935 0.09299999 0.09299999 0.097 0.097 0.08750001 0.08750001 0.08750001 0.0865 0.0865 0.0755 0.0755 0.0755 0.0755 0.0755 0.089 0.089 0.0975 0.0975 0.0975 0.0975 0.0975 0.095 0.095 0.097 0.097 0.096 0.096 0.092 0.092 0.092 0.09550001 0.09550001 0.094 0.094 0.094 0.094 0.094 0.096 0.096 0.099 0.099 0.0985 0.0985 0.0985 0.1 0.1 0.0975 0.0975 0.0995 0.0995 0.0995 0.094 0.094 0.096 0.096
0.0965 0.0985 0.0985 0.09550001 0.09550001 0.09550001 0.084 0.084 0.0805 0.0805 0.0915 0.0915 0.09450001 0.09450001 0.09450001 0.0915 0.0915 0.0885 0.0885 0.0935 0.0935 0.0935 0.09299999 0.09299999 0.097 0.097 0.08750001 0.08750001 0.08750001 0.0865 0.0865 0.0755 0.0755 0.0755 0.0755 0.0755 0.089 0.089 0.0975 0.0975 0.0975 0.0975 0.0975 0.095 0.095 0.097 0.097 0.096 0.096 0.092 0.092 0.092 0.09550001 0.09550001 0.094 0.094 0.094 0.094 0.094 0.096 0.096 0.099 0.099 0.0985 0.0985 0.0985 0.1 0.1 0.0975 0.0975 0.0995 0.0995 0.0995 0.094 0.094 0.096 0.096
0.102 0.0995 0.0995 0.096 0.096 0.096 0.0955 0.0955 0.095 0.095 0.106 0.106 0.104 0.104 0.104 0.0895 0.0895 0.09649999 0.09649999 0.106 0.106 0.106 0.108 0.108 0.103 0.103 0.1065 0.1065 0.1065 0.09900001 0.09900001 0.1055 0.1055 0.103 0.103 0.103 0.1 0.1 0.09900001 0.09900001 0.095 0.095 0.095 0.096 0.096 0.096 0.096 0.0995 0.0995 0.094 0.094 0.094 0.094 0.094 0.0925 0.0925 0.094 0.094 0.094 0.097 0.097 0.1035 0.1035 0.106 0.106 0.106 0.1015 0.1015 0.101 0.101 0.101 0.101 0.101 0.0995 0.0995 0.0975 0.0975
0.102 0.0995 0.0995 0.096 0.096 0.096 0.0955 0.0955 0.095 0.095 0.106 0.106 0.104 0.104 0.104 0.0895 0.0895 0.09649999 0.09649999 0.106 0.106 0.106 0.108 0.108 0.103 0.103 0.1065 0.1065 0.1065 0.09900001 0.09900001 0.1055 0.1055 0.103 0.103 0.103 0.1 0.1 0.09900001 0.09900001 0.095 0.095 0.095 0.096 0.096 0.096 0.096 0.0995 0.0995 0.094 0.094 0.094 0.094 0.094 0.0925 0.0925 0.094 0.094 0.094 0.097 0.097 0.1035 0.1035 0.106 0.106 0.106 0.1015 0.1015 0.101 0.101 0.101 0.101 0.101 0.0995 0.0995 0.0975 0.0975
0.11 0.0935 0.0935 0.0995 0.0995 0.0995 0.122 0.122 0.1055 0.1055 0.1165 0.1165 0.116 0.116 0.116 0.124 0.124 0.1095 0.1095 0.12 0.12 0.12 0.119 0.119 0.1005 0.1005 0.104 0.104 0.104 0.105 0.105 0.107 0.107 0.108 0.108 0.108 0.107 0.107 0.1005 0.1005 0.0985 0.0985 0.0985 0.099 0.099 0.098 0.098 0.098 0.098 0.1015 0.1015 0.1015 0.0985 0.0985 0.09450001 0.09450001 0.0965 0.0965 0.0965 0.099 0.099 0.104 0.104 0.1065 0.1065 0.1065 0.106 0.106 0.1025 0.1025 0.1015 0.1015 0.1015 0.0995 0.0995 0.094 0.094
0.11 0.0935 0.0935 0.0995 0.0995 0.0995 0.122 0.122 0.1055 0.1055 0.1165 0.1165 0.116 0.116 0.116 0.124 0.124 0.1095 0.1095 0.12 0.12 0.12 0.119 0.119 0.1005 0.1005 0.104 0.104 0.104 0.105 0.105 0.107 0.107 0.108 0.108 0.108 0.107 0.107 0.1005 0.1005 0.0985 0.0985 0.0985 0.099 0.099 0.098 0.098 0.098 0.098 0.1015 0.1015 0.1015 0.0985 0.0985 0.09450001 0.09450001 0.0965 0.0965 0.0965 0.099 0.099 0.104 0.104 0.1065 0.1065 0.1065 0.106 0.106 0.1025 0.1025 0.1015 0.1015 0.1015 0.0995 0.0995 0.094 0.094
0.11 0.0935 0.0935 0.0995 0.0995 0.0995 0.122 0.122 0.1055 0.1055 0.1165 0.1165 0.116 0.116 0.116 0.124 0.124 0.1095 0.1095 0.12 0.12 0.12 0.119 0.119 0.1005 0.1005 0.104 0.104 0.104 0.105 0.105 0.107 0.107 0.108 0.108 0.108 0.107 0.107 0.1005 0.1005 0.0985 0.0985 0.0985 0.099 0.099 0.098 0.098 0.098 0.098 0.1015 0.1015 0.1015 0.0985 0.0985 0.09450001 0.09450001 0.0965 0.0965 0.0965 0.099 0.099 0.104 0.104 0.1065 0.1065 0.1065 0.106 0.106 0.1025 0.1025 0.1015 0.1015 0.1015 0.0995 0.0995 0.094 0.094
0.1115 0.1115 0.1115 0.1255 0.1255 0.1255 0.136 0.136 0.127 0.127 0.1235 0.1235 0.1205 0.1205 0.1205 0.1245 0.1245 0.1195 0.1195 0.116 0.116 0.116 0.114 0.114 0.119 0.119 0.1055 0.1055 0.1055 0.1065 0.1065 0.1095 0.1095 0.1035 0.1035 0.1035 0.1025 0.1025 0.104 0.104 0.0995 0.0995 0.0995 0.099 0.099 0.102 0.102 0.103 0.103 0.104 0.104 0.104 0.1015 0.1015 0.0985 0.0985 0.09900001 0.09900001 0.09900001 0.098 0.098 0.1075 0.1075 0.109 0.109 0.109 0.112 0.112 0.1105 0.1105 0.1085 0.1085 0.1085 0.107 0.107 0.1035 0.1035
0.1115 0.1115 0.1115 0.1255 0.1255 0.1255 0.136 0.136 0.127 0.127 0.1235 0.1235 0.1205 0.1205 0.1205 0.1245 0.1245 0.1195 0.1195 0.116 0.116 0.116 0.114 0.114 0.119 0.119 0.1055 0.1055 0.1055 0.1065 0.1065 0.1095 0.1095 0.1035 0.1035 0.1035 0.1025 0.1025 0.104 0.104 0.0995 0.0995 0.0995 0.099 0.099 0.102 0.102 0.103 0.103 0.104 0.104 0.104 0.1015 0.1015 0.0985 0.0985 0.09900001 0.09900001 0.09900001 0.098 0.098 0.1075 0.1075 0.109 0.109 0.109 0.112 0.112 0.1105 0.1105 0.1085 0.1085 0.1085 0.107 0.107 0.1035 0.1035
0.12 0.106 0.106 0.123 0.123 0.123 0.129 0.129 0.1265 0.1265 0.1115 0.1115 0.108 0.108 0.108 0.116 0.116 0.1085 0.1085 0.1155 0.1155 0.1155 0.1135 0.1135 0.1085 0.1085 0.1045 0.1045 0.1045 0.1115 0.1115 0.102 0.102 0.09999999 0.09999999 0.09999999 0.1055 0.1055 0.1075 0.1075 0.11 0.11 0.11 0.109 0.109 0.1105 0.1105 0.1115 0.1115 0.1105 0.1105 0.1105 0.1115 0.1115 0.1085 0.1085 0.107 0.107 0.107 0.1105 0.1105 0.1135 0.1135 0.115 0.115 0.115 0.119 0.119 0.119 0.119 0.1115 0.1115 0.1115 0.11 0.11 0.107 0.107
0.12 0.106 0.106 0.123 0.123 0.123 0.129 0.129 0.1265 0.1265 0.1115 0.1115 0.108 0.108 0.108 0.116 0.116 0.1085 0.1085 0.1155 0.1155 0.1155 0.1135 0.1135 0.1085 0.1085 0.1045 0.1045 0.1045 0.1115 0.1115 0.102 0.102 0.09999999 0.09999999 0.09999999 0.1055 0.1055 0.1075 0.1075 0.11 0.11 0.11 0.109 0.109 0.1105 0.1105 0.1115 0.1115 0.1105 0.1105 0.1105 0.1115 0.1115 0.1085 0.1085 0.107 0.107 0.107 0.1105 0.1105 0.1135 0.1135 0.115 0.115 0.115 0.119 0.119 0.119 0.119 0.1115 0.1115 0.1115 0.11 0.11 0.107 0.107
0.1275 0.1175 0.1175 0.117 0.117 0.117 0.1285 0.1285 0.116 0.116 0.087 0.087 0.082 0.082 0.082 0.087 0.087 0.098 0.098 0.107 0.107 0.107 0.109 0.109 0.089 0.089 0.091 0.091 0.091 0.1005 0.1005 0.1045 0.1045 0.1105 0.1105 0.1105 0.112 0.112 0.1155 0.1155 0.1105 0.1105 0.1105 0.1075 0.1075 0.112 0.112 0.1275 0.1275 0.1245 0.1245 0.1245 0.123 0.123 0.114 0.114 0.111 0.111 0.111 0.1145 0.1145 0.116 0.116 0.1175 0.1175 0.1175 0.115 0.115 0.112 0.112 0.1135 0.1135 0.1135 0.116 0.116 0.1085 0.1085
0.1275 0.1175 0.1175 0.117 0.117 0.117 0.1285 0.1285 0.116 0.116 0.087 0.087 0.082 0.082 0.082 0.087 0.087 0.098 0.098 0.107 0.107 0.107 0.109 0.109 0.089 0.089 0.091 0.091 0.091 0.1005 0.1005 0.1045 0.1045 0.1105 0.1105 0.1105 0.112 0.112 0.1155 0.1155 0.1105 0.1105 0.1105 0.1075 0.1075 0.112 0.112 0.1275 0.1275 0.1245 0.1245 0.1245 0.123 0.123 0.114 0.114 0.111 0.111 0.111 0.1145 0.1145 0.116 0.116 0.1175 0.1175 0.1175 0.115 0.115 0.112 0.112 0.1135 0.1135 0.1135 0.116 0.116 0.1085 0.1085
