ndvi/NOAA-232.asc
ncols         252
nrows         154
xllcorner     -18.017974
yllcorner     13.481982
cellsize      0.035948
NODATA_value  -9999
[rows 34 to 67 of 154, columns 156 to 233 of 252]
0.145 0.1355 0.1355 0.1355 0.1305 0.1305 0.1195 0.1195 0.1135 0.1135 0.1105 0.1105 0.1105 0.111 0.111 0.12 0.12 0.117 0.117 0.117 0.121 0.121 0.136 0.136 0.1465 0.1465 0.1465 0.1365 0.1365 0.1415 0.1415 0.1265 0.1265 0.1265 0.1235 0.1235 0.123 0.123 0.128 0.128 0.128 0.124 0.124 0.1275 0.1275 0.1275 0.1275 0.133 0.133 0.133 0.1305 0.1305 0.1335 0.1335 0.1305 0.1305 0.1305 0.133 0.133 0.1245 0.1245 0.1205 0.1205 0.1205 0.1225 0.1225 0.127 0.127 0.13 0.13 0.13 0.1315 0.1315 0.121 0.121 0.1205 0.1205 0.1205
0.145 0.1355 0.1355 0.1355 0.1305 0.1305 0.1195 0.1195 0.1135 0.1135 0.1105 0.1105 0.1105 0.111 0.111 0.12 0.12 0.117 0.117 0.117 0.121 0.121 0.136 0.136 0.1465 0.1465 0.1465 0.1365 0.1365 0.1415 0.1415 0.1265 0.1265 0.1265 0.1235 0.1235 0.123 0.123 0.128 0.128 0.128 0.124 0.124 0.1275 0.1275 0.1275 0.1275 0.133 0.133 0.133 0.1305 0.1305 0.1335 0.1335 0.1305 0.1305 0.1305 0.133 0.133 0.1245 0.1245 0.1205 0.1205 0.1205 0.1225 0.1225 0.127 0.127 0.13 0.13 0.13 0.1315 0.1315 0.121 0.121 0.1205 0.1205 0.1205
0.145 0.1355 0.1355 0.1355 0.1305 0.1305 0.1195 0.1195 0.1135 0.1135 0.1105 0.1105 0.1105 0.111 0.111 0.12 0.12 0.117 0.117 0.117 0.121 0.121 0.136 0.136 0.1465 0.1465 0.1465 0.1365 0.1365 0.1415 0.1415 0.1265 0.1265 0.1265 0.1235 0.1235 0.123 0.123 0.128 0.128 0.128 0.124 0.124 0.1275 0.1275 0.1275 0.1275 0.133 0.133 0.133 0.1305 0.1305 0.1335 0.1335 0.1305 0.1305 0.1305 0.133 0.133 0.1245 0.1245 0.1205 0.1205 0.1205 0.1225 0.1225 0.127 0.127 0.13 0.13 0.13 0.1315 0.1315 0.121 0.121 0.1205 0.1205 0.1205
0.1255 0.125 0.125 0.125 0.119 0.119 0.1185 0.1185 0.122 0.122 0.114 0.114 0.114 0.119 0.119 0.1155 0.1155 0.0985 0.0985 0.0985 0.114 0.114 0.1535 0.1535 0.143 0.143 0.143 0.156 0.156 0.141 0.141 0.139 0.139 0.139 0.1295 0.1295 0.1225 0.1225 0.1245 0.1245 0.1245 0.1285 0.1285 0.129 0.129 0.1325 0.1325 0.127 0.127 0.127 0.1285 0.1285 0.132 0.132 0.1315 0.1315 0.1315 0.136 0.136 0.1325 0.1325 0.129 0.129 0.129 0.127 0.127 0.133 0.133 0.1345 0.1345 0.1345 0.1385 0.1385 0.134 0.134 0.124 0.124 0.124
0.1255 0.125 0.125 0.125 0.119 0.119 0.1185 0.1185 0.122 0.122 0.114 0.114 0.114 0.119 0.119 0.1155 0.1155 0.0985 0.0985 0.0985 0.114 0.114 0.1535 0.1535 0.143 0.143 0.143 0.156 0.156 0.141 0.141 0.139 0.139 0.139 0.1295 0.1295 0.1225 0.1225 0.1245 0.1245 0.1245 0.1285 0.1285 0.129 0.129 0.1325 0.1325 0.127 0.127 0.127 0.1285 0.1285 0.132 0.132 0.1315 0.1315 0.1315 0.136 0.136 0.1325 0.1325 0.129 0.129 0.129 0.127 0.127 0.133 0.133 0.1345 0.1345 0.1345 0.1385 0.1385 0.134 0.134 0.124 0.124 0.124
0.12 0.1175 0.1175 0.1175 0.1085 0.1085 0.114 0.114 0.115 0.115 0.1195 0.1195 0.1195 0.1195 0.1195 0.1035 0.1035 0.1005 0.1005 0.1005 0.131 0.131 0.1455 0.1455 0.1545 0.1545 0.1545 0.1625 0.1625 0.155 0.155 0.144 0.144 0.144 0.1335 0.1335 0.127 0.127 0.1255 0.1255 0.1255 0.1265 0.1265 0.1335 0.1335 0.1365 0.1365 0.132 0.132 0.132 0.1365 0.1365 0.129 0.129 0.131 0.131 0.131 0.1385 0.1385 0.14 0.14 0.132 0.132 0.132 0.132 0.132 0.138 0.138 0.1405 0.1405 0.1405 0.134 0.134 0.1375 0.1375 0.1295 0.1295 0.1295
0.12 0.1175 0.1175 0.1175 0.1085 0.1085 0.114 0.114 0.115 0.115 0.1195 0.1195 0.1195 0.1195 0.1195 0.1035 0.1035 0.1005 0.1005 0.1005 0.131 0.131 0.1455 0.1455 0.1545 0.1545 0.1545 0.1625 0.1625 0.155 0.155 0.144 0.144 0.144 0.1335 0.1335 0.127 0.127 0.1255 0.1255 0.1255 0.1265 0.1265 0.1335 0.1335 0.1365 0.1365 0.132 0.132 0.132 0.1365 0.1365 0.129 0.129 0.131 0.131 0.131 0.1385 0.1385 0.14 0.14 0.132 0.132 0.132 0.132 0.132 0.138 0.138 0.1405 0.1405 0.1405 0.134 0.134 0.1375 0.1375 0.1295 0.1295 0.1295
0.136 0.114 0.114 0.114 0.1125 0.1125 0.1155 0.1155 0.115 0.115 0.118 0.118 0.118 0.115 0.115 0.108 0.108 0.113 0.113 0.113 0.124 0.124 0.1375 0.1375 0.143 0.143 0.143 0.1725 0.1725 0.161 0.161 0.1445 0.1445 0.1445 0.144 0.144 0.1325 0.1325 0.134 0.134 0.134 0.1345 0.1345 0.138 0.138 0.139 0.139 0.123 0.123 0.123 0.1275 0.1275 0.138 0.138 0.133 0.133 0.133 0.141 0.141 0.141 0.141 0.147 0.147 0.147 0.15 0.15 0.153 0.153 0.1395 0.1395 0.1395 0.1365 0.1365 0.1365 0.1365 0.1225 0.1225 0.1225
0.136 0.114 0.114 0.114 0.1125 0.1125 0.1155 0.1155 0.115 0.115 0.118 0.118 0.118 0.115 0.115 0.108 0.108 0.113 0.113 0.113 0.124 0.124 0.1375 0.1375 0.143 0.143 0.143 0.1725 0.1725 0.161 0.161 0.1445 0.1445 0.1445 0.144 0.144 0.1325 0.1325 0.134 0.134 0.134 0.1345 0.1345 0.138 0.138 0.139 0.139 0.123 0.123 0.123 0.1275 0.1275 0.138 0.138 0.133 0.133 0.133 0.141 0.141 0.141 0.141 0.147 0.147 0.147 0.15 0.15 0.153 0.153 0.1395 0.1395 0.1395 0.1365 0.1365 0.1365 0.1365 0.1225 0.1225 0.1225
0.136 0.114 0.114 0.114 0.1125 0.1125 0.1155 0.1155 0.115 0.115 0.118 0.118 0.118 0.115 0.115 0.108 0.108 0.113 0.113 0.113 0.124 0.124 0.1375 0.1375 0.143 0.143 0.143 0.1725 0.1725 0.161 0.161 0.1445 0.1445 0.1445 0.144 0.144 0.1325 0.1325 0.134 0.134 0.134 0.1345 0.1345 0.138 0.138 0.139 0.139 0.123 0.123 0.123 0.1275 0.1275 0.138 0.138 0.133 0.133 0.133 0.141 0.141 0.141 0.141 0.147 0.147 0.147 0.15 0.15 0.153 0.153 0.1395 0.1395 0.1395 0.1365 0.1365 0.1365 0.1365 0.1225 0.1225 0.1225
0.1265 0.137 0.137 0.137 0.1255 0.1255 0.121 0.121 0.1285 0.1285 0.128 0.128 0.128 0.1215 0.1215 0.1475 0.1475 0.152 0.152 0.152 0.147 0.147 0.135 0.135 0.1375 0.1375 0.1375 0.1485 0.1485 0.152 0.152 0.152 0.152 0.152 0.142 0.142 0.1395 0.1395 0.1385 0.1385 0.1385 0.132 0.132 0.142 0.142 0.142 0.142 0.1445 0.1445 0.1445 0.133 0.133 0.134 0.134 0.1435 0.1435 0.1435 0.144 0.144 0.147 0.147 0.1425 0.1425 0.1425 0.1465 0.1465 0.146 0.146 0.142 0.142 0.142 0.14 0.14 0.138 0.138 0.1285 0.1285 0.1285
0.1265 0.137 0.137 0.137 0.1255 0.1255 0.121 0.121 0.1285 0.1285 0.128 0.128 0.128 0.1215 0.1215 0.1475 0.1475 0.152 0.152 0.152 0.147 0.147 0.135 0.135 0.1375 0.1375 0.1375 0.1485 0.1485 0.152 0.152 0.152 0.152 0.152 0.142 0.142 0.1395 0.1395 0.1385 0.1385 0.1385 0.132 0.132 0.142 0.142 0.142 0.142 0.1445 0.1445 0.1445 0.133 0.133 0.134 0.134 0.1435 0.1435 0.1435 0.144 0.144 0.147 0.147 0.1425 0.1425 0.1425 0.1465 0.1465 0.146 0.146 0.142 0.142 0.142 0.14 0.14 0.138 0.138 0.1285 0.1285 0.1285
0.1365 0.163 0.163 0.163 0.158 0.158 0.1625 0.1625 0.154 0.154 0.17 0.17 0.17 0.172 0.172 0.1745 0.1745 0.1575 0.1575 0.1575 0.151 0.151 0.1455 0.1455 0.145 0.145 0.145 0.143 0.143 0.15 0.15 0.1525 0.1525 0.1525 0.156 0.156 0.142 0.142 0.1425 0.1425 0.1425 0.1405 0.1405 0.14 0.14 0.1445 0.1445 0.137 0.137 0.137 0.1275 0.1275 0.133 0.133 0.1435 0.1435 0.1435 0.151 0.151 0.143 0.143 0.145 0.145 0.145 0.1445 0.1445 0.139 0.139 0.1405 0.1405 0.1405 0.145 0.145 0.1435 0.1435 0.1455 0.1455 0.1455
0.1365 0.163 0.163 0.163 0.158 0.158 0.1625 0.1625 0.154 0.154 0.17 0.17 0.17 0.172 0.172 0.1745 0.1745 0.1575 0.1575 0.1575 0.151 0.151 0.1455 0.1455 0.145 0.145 0.145 0.143 0.143 0.15 0.15 0.1525 0.1525 0.1525 0.156 0.156 0.142 0.142 0.1425 0.1425 0.1425 0.1405 0.1405 0.14 0.14 0.1445 0.1445 0.137 0.137 0.137 0.1275 0.1275 0.133 0.133 0.1435 0.1435 0.1435 0.151 0.151 0.143 0.143 0.145 0.145 0.145 0.1445 0.1445 0.139 0.139 0.1405 0.1405 0.1405 0.145 0.145 0.1435 0.1435 0.1455 0.1455 0.1455
0.1265 0.154 0.154 0.154 0.166 0.166 0.181 0.181 0.1695 0.1695 0.16 0.16 0.16 0.163 0.163 0.169 0.169 0.155 0.155 0.155 0.153 0.153 0.161 0.161 0.1515 0.1515 0.1515 0.1495 0.1495 0.149 0.149 0.148 0.148 0.148 0.1545 0.1545 0.166 0.166 0.1525 0.1525 0.1525 0.1475 0.1475 0.1465 0.1465 0.1385 0.1385 0.1475 0.1475 0.1475 0.1315 0.1315 0.139 0.139 0.1485 0.1485 0.1485 0.1535 0.1535 0.145 0.145 0.145 0.145 0.145 0.1395 0.1395 0.139 0.139 0.145 0.145 0.145 0.1435 0.1435 0.1385 0.1385 0.139 0.139 0.139
0.1265 0.154 0.154 0.154 0.166 0.166 0.181 0.181 0.1695 0.1695 0.16 0.16 0.16 0.163 0.163 0.169 0.169 0.155 0.155 0.155 0.153 0.153 0.161 0.161 0.1515 0.1515 0.1515 0.1495 0.1495 0.149 0.149 0.148 0.148 0.148 0.1545 0.1545 0.166 0.166 0.1525 0.1525 0.1525 0.1475 0.1475 0.1465 0.1465 0.1385 0.1385 0.1475 0.1475 0.1475 0.1315 0.1315 0.139 0.139 0.1485 0.1485 0.1485 0.1535 0.1535 0.145 0.145 0.145 0.145 0.145 0.1395 0.1395 0.139 0.139 0.145 0.145 0.145 0.1435 0.1435 0.1385 0.1385 0.139 0.139 0.139
0.1265 0.154 0.154 0.154 0.166 0.166 0.181 0.181 0.1695 0.1695 0.16 0.16 0.16 0.163 0.163 0.169 0.169 0.155 0.155 0.155 0.153 0.153 0.161 0.161 0.1515 0.1515 0.1515 0.1495 0.1495 0.149 0.149 0.148 0.148 0.148 0.1545 0.1545 0.166 0.166 0.1525 0.1525 0.1525 0.1475 0.1475 0.1465 0.1465 0.1385 0.1385 0.1475 0.1475 0.1475 0.1315 0.1315 0.139 0.139 0.1485 0.1485 0.1485 0.1535 0.1535 0.145 0.145 0.145 0.145 0.145 0.1395 0.1395 0.139 0.139 0.145 0.145 0.145 0.1435 0.1435 0.1385 0.1385 0.139 0.139 0.139
0.142 0.1735 0.1735 0.1735 0.188 0.188 0.192 0.192 0.173 0.173 0.196 0.196 0.196 0.1625 0.1625 0.1545 0.1545 0.152 0.152 0.152 0.159 0.159 0.1625 0.1625 0.1675 0.1675 0.1675 0.163 0.163 0.1495 0.1495 0.1575 0.1575 0.1575 0.1855 0.1855 0.165 0.165 0.1575 0.1575 0.1575 0.15 0.15 0.147 0.147 0.147 0.147 0.1425 0.1425 0.1425 0.131 0.131 0.1535 0.1535 0.1445 0.1445 0.1445 0.1485 0.1485 0.155 0.155 0.1485 0.1485 0.1485 0.1405 0.1405 0.1445 0.1445 0.1445 0.1445 0.1445 0.143 0.143 0.1405 0.1405 0.1385 0.1385 0.1385
0.142 0.1735 0.1735 0.1735 0.188 0.188 0.192 0.192 0.173 0.173 0.196 0.196 0.196 0.1625 0.1625 0.1545 0.1545 0.152 0.152 0.152 0.159 0.159 0.1625 0.1625 0.1675 0.1675 0.1675 0.163 0.163 0.1495 0.1495 0.1575 0.1575 0.1575 0.1855 0.1855 0.165 0.165 0.1575 0.1575 0.1575 0.15 0.15 0.147 0.147 0.147 0.147 0.1425 0.1425 0.1425 0.131 0.131 0.1535 0.1535 0.1445 0.1445 0.1445 0.1485 0.1485 0.155 0.155 0.1485 0.1485 0.1485 0.1405 0.1405 0.1445 0.1445 0.1445 0.1445 0.1445 0.143 0.143 0.1405 0.1405 0.1385 0.1385 0.1385
0.127 0.16 0.16 0.16 0.192 0.192 0.197 0.197 0.192 0.192 0.1785 0.1785 0.1785 0.195 0.195 0.1805 0.1805 0.1565 0.1565 0.1565 0.16 0.16 0.1845 0.1845 0.186 0.186 0.186 0.185 0.185 0.184 0.184 0.182 0.182 0.182 0.1865 0.1865 0.183 0.183 0.1615 0.1615 0.1615 0.145 0.145 0.1445 0.1445 0.1475 0.1475 0.1335 0.1335 0.1335 0.1455 0.1455 0.149 0.149 0.1565 0.1565 0.1565 0.153 0.153 0.1605 0.1605 0.165 0.165 0.165 0.16 0.16 0.1515 0.1515 0.158 0.158 0.158 0.1595 0.1595 0.1625 0.1625 0.1625 0.1625 0.1625
0.127 0.16 0.16 0.16 0.192 0.192 0.197 0.197 0.192 0.192 0.1785 0.1785 0.1785 0.195 0.195 0.1805 0.1805 0.1565 0.1565 0.1565 0.16 0.16 0.1845 0.1845 0.186 0.186 0.186 0.185 0.185 0.184 0.184 0.182 0.182 0.182 0.1865 0.1865 0.183 0.183 0.1615 0.1615 0.1615 0.145 0.145 0.1445 0.1445 0.1475 0.1475 0.1335 0.1335 0.1335 0.1455 0.1455 0.149 0.149 0.1565 0.1565 0.1565 0.153 0.153 0.1605 0.1605 0.165 0.165 0.165 0.16 0.16 0.1515 0.1515 0.158 0.158 0.158 0.1595 0.1595 0.1625 0.1625 0.1625 0.1625 0.1625
0.1105 0.1695 0.1695 0.1695 0.187 0.187 0.185 0.185 0.191 0.191 0.19 0.19 0.19 0.188 0.188 0.1985 0.1985 0.206 0.206 0.206 0.191 0.191 0.195 0.195 0.192 0.192 0.192 0.1965 0.1965 0.192 0.192 0.179 0.179 0.179 0.1895 0.1895 0.1745 0.1745 0.1685 0.1685 0.1685 0.1525 0.1525 0.154 0.154 0.1465 0.1465 0.148 0.148 0.148 0.1445 0.1445 0.139 0.139 0.17 0.17 0.17 0.1585 0.1585 0.176 0.176 0.1595 0.1595 0.1595 0.1525 0.1525 0.152 0.152 0.1655 0.1655 0.1655 0.163 0.163 0.165 0.165 0.1625 0.1625 0.1625
0.1105 0.1695 0.1695 0.1695 0.187 0.187 0.185 0.185 0.191 0.191 0.19 0.19 0.19 0.188 0.188 0.1985 0.1985 0.206 0.206 0.206 0.191 0.191 0.195 0.195 0.192 0.192 0.192 0.1965 0.1965 0.192 0.192 0.179 0.179 0.179 0.1895 0.1895 0.1745 0.1745 0.1685 0.1685 0.1685 0.1525 0.1525 0.154 0.154 0.1465 0.1465 0.148 0.148 0.148 0.1445 0.1445 0.139 0.139 0.17 0.17 0.17 0.1585 0.1585 0.176 0.176 0.1595 0.1595 0.1595 0.1525 0.1525 0.152 0.152 0.1655 0.1655 0.1655 0.163 0.163 0.165 0.165 0.1625 0.1625 0.1625
0.1185 0.137 0.137 0.137 0.189 0.189 0.171 0.171 0.169 0.169 0.1695 0.1695 0.1695 0.181 0.181 0.192 0.192 0.204 0.204 0.204 0.202 0.202 0.2 0.2 0.1895 0.1895 0.1895 0.201 0.201 0.195 0.195 0.1785 0.1785 0.1785 0.175 0.175 0.1745 0.1745 0.164 0.164 0.164 0.159 0.159 0.1415 0.1415 0.142 0.142 0.1385 0.1385 0.1385 0.137 0.137 0.1265 0.1265 0.138 0.138 0.138 0.1475 0.1475 0.163 0.163 0.1535 0.1535 0.1535 0.161 0.161 0.1535 0.1535 0.159 0.159 0.159 0.167 0.167 0.1635 0.1635 0.163 0.163 0.163
0.1185 0.137 0.137 0.137 0.189 0.189 0.171 0.171 0.169 0.169 0.1695 0.1695 0.1695 0.181 0.181 0.192 0.192 0.204 0.204 0.204 0.202 0.202 0.2 0.2 0.1895 0.1895 0.1895 0.201 0.201 0.195 0.195 0.1785 0.1785 0.1785 0.175 0.175 0.1745 0.1745 0.164 0.164 0.164 0.159 0.159 0.1415 0.1415 0.142 0.142 0.1385 0.1385 0.1385 0.137 0.137 0.1265 0.1265 0.138 0.138 0.138 0.1475 0.1475 0.163 0.163 0.1535 0.1535 0.1535 0.161 0.161 0.1535 0.1535 0.159 0.159 0.159 0.167 0.167 0.1635 0.1635 0.163 0.163 0.163
0.1185 0.137 0.137 0.137 0.189 0.189 0.171 0.171 0.169 0.169 0.1695 0.1695 0.1695 0.181 0.181 0.192 0.192 0.204 0.204 0.204 0.202 0.202 0.2 0.2 0.1895 0.1895 0.1895 0.201 0.201 0.195 0.195 0.1785 0.1785 0.1785 0.175 0.175 0.1745 0.1745 0.164 0.164 0.164 0.159 0.159 0.1415 0.1415 0.142 0.142 0.1385 0.1385 0.1385 0.137 0.137 0.1265 0.1265 0.138 0.138 0.138 0.1475 0.1475 0.163 0.163 0.1535 0.1535 0.1535 0.161 0.161 0.1535 0.1535 0.159 0.159 0.159 0.167 0.167 0.1635 0.1635 0.163 0.163 0.163
0.137 0.1195 0.1195 0.1195 0.1285 0.1285 0.166 0.166 0.163 0.163 0.1655 0.1655 0.1655 0.1835 0.1835 0.215 0.215 0.208 0.208 0.208 0.2085 0.2085 0.1985 0.1985 0.1975 0.1975 0.1975 0.181 0.181 0.1835 0.1835 0.187 0.187 0.187 0.187 0.187 0.174 0.174 0.176 0.176 0.176 0.1795 0.1795 0.1435 0.1435 0.1465 0.1465 0.136 0.136 0.136 0.145 0.145 0.1385 0.1385 0.1255 0.1255 0.1255 0.134 0.134 0.154 0.154 0.148 0.148 0.148 0.162 0.162 0.1415 0.1415 0.1425 0.1425 0.1425 0.143 0.143 0.156 0.156 0.162 0.162 0.162
0.137 0.1195 0.1195 0.1195 0.1285 0.1285 0.166 0.166 0.163 0.163 0.1655 0.1655 0.1655 0.1835 0.1835 0.215 0.215 0.208 0.208 0.208 0.2085 0.2085 0.1985 0.1985 0.1975 0.1975 0.1975 0.181 0.181 0.1835 0.1835 0.187 0.187 0.187 0.187 0.187 0.174 0.174 0.176 0.176 0.176 0.1795 0.1795 0.1435 0.1435 0.1465 0.1465 0.136 0.136 0.136 0.145 0.145 0.1385 0.1385 0.1255 0.1255 0.1255 0.134 0.134 0.154 0.154 0.148 0.148 0.148 0.162 0.162 0.1415 0.1415 0.1425 0.1425 0.1425 0.143 0.143 0.156 0.156 0.162 0.162 0.162
0.1225 0.127 0.127 0.127 0.1165 0.1165 0.1325 0.1325 0.154 0.154 0.1695 0.1695 0.1695 0.196 0.196 0.217 0.217 0.2195 0.2195 0.2195 0.218 0.218 0.2025 0.2025 0.1885 0.1885 0.1885 0.181 0.181 0.201 0.201 0.193 0.193 0.193 0.1955 0.1955 0.198 0.198 0.1825 0.1825 0.1825 0.172 0.172 0.1525 0.1525 0.143 0.143 0.15 0.15 0.15 0.1625 0.1625 0.15 0.15 0.1425 0.1425 0.1425 0.147 0.147 0.144 0.144 0.161 0.161 0.161 0.164 0.164 0.137 0.137 0.1505 0.1505 0.1505 0.139 0.139 0.159 0.159 0.1615 0.1615 0.1615
0.1225 0.127 0.127 0.127 0.1165 0.1165 0.1325 0.1325 0.154 0.154 0.1695 0.1695 0.1695 0.196 0.196 0.217 0.217 0.2195 0.2195 0.2195 0.218 0.218 0.2025 0.2025 0.1885 0.1885 0.1885 0.181 0.181 0.201 0.201 0.193 0.193 0.193 0.1955 0.1955 0.198 0.198 0.1825 0.1825 0.1825 0.172 0.172 0.1525 0.1525 0.143 0.143 0.15 0.15 0.15 0.1625 0.1625 0.15 0.15 0.1425 0.1425 0.1425 0.147 0.147 0.144 0.144 0.161 0.161 0.161 0.164 0.164 0.137 0.137 0.1505 0.1505 0.1505 0.139 0.139 0.159 0.159 0.1615 0.1615 0.1615
0.1545 0.142 0.142 0.142 0.129 0.129 0.141 0.141 0.177 0.177 0.175 0.175 0.175 0.1995 0.1995 0.1985 0.1985 0.2195 0.2195 0.2195 0.201 0.201 0.2095 0.2095 0.1775 0.1775 0.1775 0.177 0.177 0.192 0.192 0.1915 0.1915 0.1915 0.204 0.204 0.201 0.201 0.212 0.212 0.212 0.197 0.197 0.183 0.183 0.182 0.182 0.1895 0.1895 0.1895 0.2005 0.2005 0.194 0.194 0.179 0.179 0.179 0.1665 0.1665 0.1625 0.1625 0.1775 0.1775 0.1775 0.182 0.182 0.175 0.175 0.156 0.156 0.156 0.1655 0.1655 0.157 0.157 0.1675 0.1675 0.1675
0.1545 0.142 0.142 0.142 0.129 0.129 0.141 0.141 0.177 0.177 0.175 0.175 0.175 0.1995 0.1995 0.1985 0.1985 0.2195 0.2195 0.2195 0.201 0.201 0.2095 0.2095 0.1775 0.1775 0.1775 0.177 0.177 0.192 0.192 0.1915 0.1915 0.1915 0.204 0.204 0.201 0.201 0.212 0.212 0.212 0.197 0.197 0.183 0.183 0.182 0.182 0.1895 0.1895 0.1895 0.2005 0.2005 0.194 0.194 0.179 0.179 0.179 0.1665 0.1665 0.1625 0.1625 0.1775 0.1775 0.1775 0.182 0.182 0.175 0.175 0.156 0.156 0.156 0.1655 0.1655 0.157 0.157 0.1675 0.1675 0.1675
0.1545 0.142 0.142 0.142 0.129 0.129 0.141 0.141 0.177 0.177 0.175 0.175 0.175 0.1995 0.1995 0.1985 0.1985 0.2195 0.2195 0.2195 0.201 0.201 0.2095 0.2095 0.1775 0.1775 0.1775 0.177 0.177 0.192 0.192 0.1915 0.1915 0.1915 0.204 0.204 0.201 0.201 0.212 0.212 0.212 0.197 0.197 0.183 0.183 0.182 0.182 0.1895 0.1895 0.1895 0.2005 0.2005 0.194 0.194 0.179 0.179 0.179 0.1665 0.1665 0.1625 0.1625 0.1775 0.1775 0.1775 0.182 0.182 0.175 0.175 0.156 0.156 0.156 0.1655 0.1655 0.157 0.157 0.1675 0.1675 0.1675
0.1495 0.1385 0.1385 0.1385 0.138 0.138 0.1385 0.1385 0.1675 0.1675 0.1815 0.1815 0.1815 0.203 0.203 0.2195 0.2195 0.2015 0.2015 0.2015 0.2115 0.2115 0.204 0.204 0.191 0.191 0.191 0.1925 0.1925 0.206 0.206 0.202 0.202 0.202 0.197 0.197 0.2025 0.2025 0.198 0.198 0.198 0.198 0.198 0.1895 0.1895 0.187 0.187 0.1955 0.1955 0.1955 0.201 0.201 0.207 0.207 0.207 0.207 0.207 0.209 0.209 0.211 0.211 0.1965 0.1965 0.1965 0.187 0.187 0.191 0.191 0.203 0.203 0.203 0.193 0.193 0.1755 0.1755 0.193 0.193 0.193
