ndvi/NOAA-288.asc
ncols         252
nrows         154
xllcorner     -18.017974
yllcorner     13.481982
cellsize      0.035948
NODATA_value  -9999
[rows 102 to 135 of 154, columns 154 to 230 of 252]
0.2385 0.2525 0.2525 0.252 0.252 0.252 0.19 0.19 0.2295 0.2295 0.2395 0.2395 0.215 0.215 0.215 0.237 0.237 0.2565 0.2565 0.2305 0.2305 0.2305 0.2215 0.2215 0.2315 0.2315 0.226 0.226 0.226 0.2225 0.2225 0.229 0.229 0.237 0.237 0.237 0.25 0.25 0.2465 0.2465 0.262 0.262 0.262 0.2655 0.2655 0.258 0.258 0.2565 0.2565 0.222 0.222 0.222 0.203 0.203 0.2055 0.2055 0.211 0.211 0.211 0.2045 0.2045 0.2005 0.2005 0.199 0.199 0.199 0.202 0.202 0.2015 0.2015 0.2085 0.2085 0.2085 0.231 0.231 0.225 0.225
0.238 0.2375 0.2375 0.2175 0.2175 0.2175 0.2075 0.2075 0.2265 0.2265 0.221 0.221 0.2195 0.2195 0.2195 0.233 0.233 0.2435 0.2435 0.224 0.224 0.224 0.2265 0.2265 0.26 0.26 0.245 0.245 0.245 0.243 0.243 0.2415 0.2415 0.234 0.234 0.234 0.243 0.243 0.238 0.238 0.2625 0.2625 0.2625 0.2725 0.2725 0.254 0.254 0.292 0.292 0.2945 0.2945 0.2945 0.247 0.247 0.22 0.22 0.2195 0.2195 0.2195 0.2025 0.2025 0.217 0.217 0.228 0.228 0.228 0.2245 0.2245 0.2315 0.2315 0.2185 0.2185 0.2185 0.2475 0.2475 0.235 0.235
0.238 0.2375 0.2375 0.2175 0.2175 0.2175 0.2075 0.2075 0.2265 0.2265 0.221 0.221 0.2195 0.2195 0.2195 0.233 0.233 0.2435 0.2435 0.224 0.224 0.224 0.2265 0.2265 0.26 0.26 0.245 0.245 0.245 0.243 0.243 0.2415 0.2415 0.234 0.234 0.234 0.243 0.243 0.238 0.238 0.2625 0.2625 0.2625 0.2725 0.2725 0.254 0.254 0.292 0.292 0.2945 0.2945 0.2945 0.247 0.247 0.22 0.22 0.2195 0.2195 0.2195 0.2025 0.2025 0.217 0.217 0.228 0.228 0.228 0.2245 0.2245 0.2315 0.2315 0.2185 0.2185 0.2185 0.2475 0.2475 0.235 0.235
0.238 0.2375 0.2375 0.2175 0.2175 0.2175 0.2075 0.2075 0.2265 0.2265 0.221 0.221 0.2195 0.2195 0.2195 0.233 0.233 0.2435 0.2435 0.224 0.224 0.224 0.2265 0.2265 0.26 0.26 0.245 0.245 0.245 0.243 0.243 0.2415 0.2415 0.234 0.234 0.234 0.243 0.243 0.238 0.238 0.2625 0.2625 0.2625 0.2725 0.2725 0.254 0.254 0.292 0.292 0.2945 0.2945 0.2945 0.247 0.247 0.22 0.22 0.2195 0.2195 0.2195 0.2025 0.2025 0.217 0.217 0.228 0.228 0.228 0.2245 0.2245 0.2315 0.2315 0.2185 0.2185 0.2185 0.2475 0.2475 0.235 0.235
0.225 0.248 0.248 0.256 0.256 0.256 0.2285 0.2285 0.224 0.224 0.245 0.245 0.2355 0.2355 0.2355 0.256 0.256 0.2285 0.2285 0.23 0.23 0.23 0.221 0.221 0.2295 0.2295 0.2335 0.2335 0.2335 0.2575 0.2575 0.296 0.296 0.27 0.27 0.27 0.2495 0.2495 0.267 0.267 0.2965 0.2965 0.2965 0.318 0.318 0.2935 0.2935 0.2605 0.2605 0.2725 0.2725 0.2725 0.379 0.379 0.3365 0.3365 0.246 0.246 0.246 0.2395 0.2395 0.228 0.228 0.239 0.239 0.239 0.267 0.267 0.2255 0.2255 0.2395 0.2395 0.2395 0.2525 0.2525 0.2425 0.2425
0.225 0.248 0.248 0.256 0.256 0.256 0.2285 0.2285 0.224 0.224 0.245 0.245 0.2355 0.2355 0.2355 0.256 0.256 0.2285 0.2285 0.23 0.23 0.23 0.221 0.221 0.2295 0.2295 0.2335 0.2335 0.2335 0.2575 0.2575 0.296 0.296 0.27 0.27 0.27 0.2495 0.2495 0.267 0.267 0.2965 0.2965 0.2965 0.318 0.318 0.2935 0.2935 0.2605 0.2605 0.2725 0.2725 0.2725 0.379 0.379 0.3365 0.3365 0.246 0.246 0.246 0.2395 0.2395 0.228 0.228 0.239 0.239 0.239 0.267 0.267 0.2255 0.2255 0.2395 0.2395 0.2395 0.2525 0.2525 0.2425 0.2425
0.2175 0.237 0.237 0.2485 0.2485 0.2485 0.2345 0.2345 0.2545 0.2545 0.256 0.256 0.2455 0.2455 0.2455 0.246 0.246 0.2615 0.2615 0.2455 0.2455 0.2455 0.218 0.218 0.279 0.279 0.275 0.275 0.275 0.2895 0.2895 0.308 0.308 0.272 0.272 0.272 0.3545 0.3545 0.307 0.307 0.3045 0.3045 0.3045 0.286 0.286 0.278 0.278 0.2625 0.2625 0.243 0.243 0.243 0.253 0.253 0.3155 0.3155 0.31 0.31 0.31 0.248 0.248 0.2695 0.2695 0.243 0.243 0.243 0.2485 0.2485 0.251 0.251 0.2415 0.2415 0.2415 0.246 0.246 0.2605 0.2605
0.2175 0.237 0.237 0.2485 0.2485 0.2485 0.2345 0.2345 0.2545 0.2545 0.256 0.256 0.2455 0.2455 0.2455 0.246 0.246 0.2615 0.2615 0.2455 0.2455 0.2455 0.218 0.218 0.279 0.279 0.275 0.275 0.275 0.2895 0.2895 0.308 0.308 0.272 0.272 0.272 0.3545 0.3545 0.307 0.307 0.3045 0.3045 0.3045 0.286 0.286 0.278 0.278 0.2625 0.2625 0.243 0.243 0.243 0.253 0.253 0.3155 0.3155 0.31 0.31 0.31 0.248 0.248 0.2695 0.2695 0.243 0.243 0.243 0.2485 0.2485 0.251 0.251 0.2415 0.2415 0.2415 0.246 0.246 0.2605 0.2605
0.2345 0.237 0.237 0.267 0.267 0.267 0.2655 0.2655 0.26 0.26 0.2535 0.2535 0.247 0.247 0.247 0.272 0.272 0.2675 0.2675 0.2525 0.2525 0.2525 0.259 0.259 0.2645 0.2645 0.2775 0.2775 0.2775 0.292 0.292 0.297 0.297 0.277 0.277 0.277 0.321 0.321 0.3165 0.3165 0.274 0.274 0.274 0.282 0.282 0.2775 0.2775 0.2715 0.2715 0.241 0.241 0.241 0.2455 0.2455 0.2575 0.2575 0.226 0.226 0.226 0.275 0.275 0.2495 0.2495 0.2655 0.2655 0.2655 0.247 0.247 0.2485 0.2485 0.251 0.251 0.251 0.25 0.25 0.2695 0.2695
0.2345 0.237 0.237 0.267 0.267 0.267 0.2655 0.2655 0.26 0.26 0.2535 0.2535 0.247 0.247 0.247 0.272 0.272 0.2675 0.2675 0.2525 0.2525 0.2525 0.259 0.259 0.2645 0.2645 0.2775 0.2775 0.2775 0.292 0.292 0.297 0.297 0.277 0.277 0.277 0.321 0.321 0.3165 0.3165 0.274 0.274 0.274 0.282 0.282 0.2775 0.2775 0.2715 0.2715 0.241 0.241 0.241 0.2455 0.2455 0.2575 0.2575 0.226 0.226 0.226 0.275 0.275 0.2495 0.2495 0.2655 0.2655 0.2655 0.247 0.247 0.2485 0.2485 0.251 0.251 0.251 0.25 0.25 0.2695 0.2695
0.2345 0.237 0.237 0.267 0.267 0.267 0.2655 0.2655 0.26 0.26 0.2535 0.2535 0.247 0.247 0.247 0.272 0.272 0.2675 0.2675 0.2525 0.2525 0.2525 0.259 0.259 0.2645 0.2645 0.2775 0.2775 0.2775 0.292 0.292 0.297 0.297 0.277 0.277 0.277 0.321 0.321 0.3165 0.3165 0.274 0.274 0.274 0.282 0.282 0.2775 0.2775 0.2715 0.2715 0.241 0.241 0.241 0.2455 0.2455 0.2575 0.2575 0.226 0.226 0.226 0.275 0.275 0.2495 0.2495 0.2655 0.2655 0.2655 0.247 0.247 0.2485 0.2485 0.251 0.251 0.251 0.25 0.25 0.2695 0.2695
0.284 0.282 0.282 0.293 0.293 0.293 0.2695 0.2695 0.264 0.264 0.2565 0.2565 0.253 0.253 0.253 0.281 0.281 0.2655 0.2655 0.2465 0.2465 0.2465 0.2615 0.2615 0.261 0.261 0.253 0.253 0.253 0.256 0.256 0.2595 0.2595 0.309 0.309 0.309 0.3495 0.3495 0.257 0.257 0.2905 0.2905 0.2905 0.2895 0.2895 0.26 0.26 0.2515 0.2515 0.273 0.273 0.273 0.253 0.253 0.273 0.273 0.273 0.273 0.273 0.2425 0.2425 0.253 0.253 0.2655 0.2655 0.2655 0.255 0.255 0.241 0.241 0.253 0.253 0.253 0.285 0.285 0.296 0.296
0.284 0.282 0.282 0.293 0.293 0.293 0.2695 0.2695 0.264 0.264 0.2565 0.2565 0.253 0.253 0.253 0.281 0.281 0.2655 0.2655 0.2465 0.2465 0.2465 0.2615 0.2615 0.261 0.261 0.253 0.253 0.253 0.256 0.256 0.2595 0.2595 0.309 0.309 0.309 0.3495 0.3495 0.257 0.257 0.2905 0.2905 0.2905 0.2895 0.2895 0.26 0.26 0.2515 0.2515 0.273 0.273 0.273 0.253 0.253 0.273 0.273 0.273 0.273 0.273 0.2425 0.2425 0.253 0.253 0.2655 0.2655 0.2655 0.255 0.255 0.241 0.241 0.253 0.253 0.253 0.285 0.285 0.296 0.296
0.266 0.269 0.269 0.278 0.278 0.278 0.288 0.288 0.255 0.255 0.26 0.26 0.2875 0.2875 0.2875 0.2865 0.2865 0.265 0.265 0.2605 0.2605 0.2605 0.249 0.249 0.24 0.24 0.2605 0.2605 0.2605 0.2915 0.2915 0.2805 0.2805 0.2935 0.2935 0.2935 0.354 0.354 0.266 0.266 0.2855 0.2855 0.2855 0.2825 0.2825 0.2905 0.2905 0.2815 0.2815 0.284 0.284 0.284 0.278 0.278 0.2665 0.2665 0.298 0.298 0.298 0.2645 0.2645 0.2865 0.2865 0.2725 0.2725 0.2725 0.278 0.278 0.283 0.283 0.2705 0.2705 0.2705 0.2715 0.2715 0.289 0.289
0.266 0.269 0.269 0.278 0.278 0.278 0.288 0.288 0.255 0.255 0.26 0.26 0.2875 0.2875 0.2875 0.2865 0.2865 0.265 0.265 0.2605 0.2605 0.2605 0.249 0.249 0.24 0.24 0.2605 0.2605 0.2605 0.2915 0.2915 0.2805 0.2805 0.2935 0.2935 0.2935 0.354 0.354 0.266 0.266 0.2855 0.2855 0.2855 0.2825 0.2825 0.2905 0.2905 0.2815 0.2815 0.284 0.284 0.284 0.278 0.278 0.2665 0.2665 0.298 0.298 0.298 0.2645 0.2645 0.2865 0.2865 0.2725 0.2725 0.2725 0.278 0.278 0.283 0.283 0.2705 0.2705 0.2705 0.2715 0.2715 0.289 0.289
0.277 0.287 0.287 0.253 0.253 0.253 0.2525 0.2525 0.2715 0.2715 0.3265 0.3265 0.292 0.292 0.292 0.2815 0.2815 0.2645 0.2645 0.253 0.253 0.253 0.252 0.252 0.254 0.254 0.2515 0.2515 0.2515 0.308 0.308 0.288 0.288 0.296 0.296 0.296 0.2785 0.2785 0.276 0.276 0.2825 0.2825 0.2825 0.3635 0.3635 0.3685 0.3685 0.3745 0.3745 0.325 0.325 0.325 0.3435 0.3435 0.314 0.314 0.3005 0.3005 0.3005 0.3185 0.3185 0.3055 0.3055 0.3135 0.3135 0.3135 0.302 0.302 0.3225 0.3225 0.2815 0.2815 0.2815 0.2805 0.2805 0.2675 0.2675
0.277 0.287 0.287 0.253 0.253 0.253 0.2525 0.2525 0.2715 0.2715 0.3265 0.3265 0.292 0.292 0.292 0.2815 0.2815 0.2645 0.2645 0.253 0.253 0.253 0.252 0.252 0.254 0.254 0.2515 0.2515 0.2515 0.308 0.308 0.288 0.288 0.296 0.296 0.296 0.2785 0.2785 0.276 0.276 0.2825 0.2825 0.2825 0.3635 0.3635 0.3685 0.3685 0.3745 0.3745 0.325 0.325 0.325 0.3435 0.3435 0.314 0.314 0.3005 0.3005 0.3005 0.3185 0.3185 0.3055 0.3055 0.3135 0.3135 0.3135 0.302 0.302 0.3225 0.3225 0.2815 0.2815 0.2815 0.2805 0.2805 0.2675 0.2675
0.277 0.287 0.287 0.253 0.253 0.253 0.2525 0.2525 0.2715 0.2715 0.3265 0.3265 0.292 0.292 0.292 0.2815 0.2815 0.2645 0.2645 0.253 0.253 0.253 0.252 0.252 0.254 0.254 0.2515 0.2515 0.2515 0.308 0.308 0.288 0.288 0.296 0.296 0.296 0.2785 0.2785 0.276 0.276 0.2825 0.2825 0.2825 0.3635 0.3635 0.3685 0.3685 0.3745 0.3745 0.325 0.325 0.325 0.3435 0.3435 0.314 0.314 0.3005 0.3005 0.3005 0.3185 0.3185 0.3055 0.3055 0.3135 0.3135 0.3135 0.302 0.302 0.3225 0.3225 0.2815 0.2815 0.2815 0.2805 0.2805 0.2675 0.2675
0.294 0.2615 0.2615 0.259 0.259 0.259 0.3025 0.3025 0.2695 0.2695 0.28 0.28 0.3005 0.3005 0.3005 0.314 0.314 0.3235 0.3235 0.3205 0.3205 0.3205 0.301 0.301 0.2915 0.2915 0.2695 0.2695 0.2695 0.297 0.297 0.3045 0.3045 0.2605 0.2605 0.2605 0.3775 0.3775 0.376 0.376 0.3665 0.3665 0.3665 0.366 0.366 0.313 0.313 0.3035 0.3035 0.3345 0.3345 0.3345 0.328 0.328 0.34 0.34 0.3175 0.3175 0.3175 0.33 0.33 0.3225 0.3225 0.326 0.326 0.326 0.306 0.306 0.3115 0.3115 0.299 0.299 0.299 0.2795 0.2795 0.269 0.269
0.294 0.2615 0.2615 0.259 0.259 0.259 0.3025 0.3025 0.2695 0.2695 0.28 0.28 0.3005 0.3005 0.3005 0.314 0.314 0.3235 0.3235 0.3205 0.3205 0.3205 0.301 0.301 0.2915 0.2915 0.2695 0.2695 0.2695 0.297 0.297 0.3045 0.3045 0.2605 0.2605 0.2605 0.3775 0.3775 0.376 0.376 0.3665 0.3665 0.3665 0.366 0.366 0.313 0.313 0.3035 0.3035 0.3345 0.3345 0.3345 0.328 0.328 0.34 0.34 0.3175 0.3175 0.3175 0.33 0.33 0.3225 0.3225 0.326 0.326 0.326 0.306 0.306 0.3115 0.3115 0.299 0.299 0.299 0.2795 0.2795 0.269 0.269
0.288 0.293 0.293 0.278 0.278 0.278 0.2915 0.2915 0.29 0.29 0.309 0.309 0.277 0.277 0.277 0.343 0.343 0.3195 0.3195 0.315 0.315 0.315 0.3395 0.3395 0.3395 0.3395 0.3155 0.3155 0.3155 0.28 0.28 0.265 0.265 0.38 0.38 0.38 0.3195 0.3195 0.2955 0.2955 0.363 0.363 0.363 0.3675 0.3675 0.3455 0.3455 0.34 0.34 0.3405 0.3405 0.3405 0.3425 0.3425 0.313 0.313 0.3215 0.3215 0.3215 0.3285 0.3285 0.332 0.332 0.328 0.328 0.328 0.305 0.305 0.299 0.299 0.2805 0.2805 0.2805 0.291 0.291 0.2815 0.2815
0.288 0.293 0.293 0.278 0.278 0.278 0.2915 0.2915 0.29 0.29 0.309 0.309 0.277 0.277 0.277 0.343 0.343 0.3195 0.3195 0.315 0.315 0.315 0.3395 0.3395 0.3395 0.3395 0.3155 0.3155 0.3155 0.28 0.28 0.265 0.265 0.38 0.38 0.38 0.3195 0.3195 0.2955 0.2955 0.363 0.363 0.363 0.3675 0.3675 0.3455 0.3455 0.34 0.34 0.3405 0.3405 0.3405 0.3425 0.3425 0.313 0.313 0.3215 0.3215 0.3215 0.3285 0.3285 0.332 0.332 0.328 0.328 0.328 0.305 0.305 0.299 0.299 0.2805 0.2805 0.2805 0.291 0.291 0.2815 0.2815
0.3235 0.3235 0.3235 0.2985 0.2985 0.2985 0.2975 0.2975 0.308 0.308 0.2855 0.2855 0.317 0.317 0.317 0.322 0.322 0.3365 0.3365 0.3435 0.3435 0.3435 0.3195 0.3195 0.3255 0.3255 0.3275 0.3275 0.3275 0.3195 0.3195 0.3185 0.3185 0.325 0.325 0.325 0.341 0.341 0.304 0.304 0.3105 0.3105 0.3105 0.312 0.312 0.3185 0.3185 0.337 0.337 0.3655 0.3655 0.3655 0.366 0.366 0.343 0.343 0.326 0.326 0.326 0.337 0.337 0.311 0.311 0.299 0.299 0.299 0.3005 0.3005 0.2965 0.2965 0.2995 0.2995 0.2995 0.3015 0.3015 0.281 0.281
0.3235 0.3235 0.3235 0.2985 0.2985 0.2985 0.2975 0.2975 0.308 0.308 0.2855 0.2855 0.317 0.317 0.317 0.322 0.322 0.3365 0.3365 0.3435 0.3435 0.3435 0.3195 0.3195 0.3255 0.3255 0.3275 0.3275 0.3275 0.3195 0.3195 0.3185 0.3185 0.325 0.325 0.325 0.341 0.341 0.304 0.304 0.3105 0.3105 0.3105 0.312 0.312 0.3185 0.3185 0.337 0.337 0.3655 0.3655 0.3655 0.366 0.366 0.343 0.343 0.326 0.326 0.326 0.337 0.337 0.311 0.311 0.299 0.299 0.299 0.3005 0.3005 0.2965 0.2965 0.2995 0.2995 0.2995 0.3015 0.3015 0.281 0.281
0.293 0.319 0.319 0.3225 0.3225 0.3225 0.355 0.355 0.3175 0.3175 0.341 0.341 0.3335 0.3335 0.3335 0.3265 0.3265 0.3485 0.3485 0.3395 0.3395 0.3395 0.313 0.313 0.301 0.301 0.3115 0.3115 0.3115 0.293 0.293 0.346 0.346 0.3205 0.3205 0.3205 0.2825 0.2825 0.3195 0.3195 0.285 0.285 0.285 0.3265 0.3265 0.3375 0.3375 0.344 0.344 0.3475 0.3475 0.3475 0.3505 0.3505 0.345 0.345 0.3245 0.3245 0.3245 0.321 0.321 0.316 0.316 0.322 0.322 0.322 0.293 0.293 0.2875 0.2875 0.296 0.296 0.296 0.289 0.289 0.2925 0.2925
0.293 0.319 0.319 0.3225 0.3225 0.3225 0.355 0.355 0.3175 0.3175 0.341 0.341 0.3335 0.3335 0.3335 0.3265 0.3265 0.3485 0.3485 0.3395 0.3395 0.3395 0.313 0.313 0.301 0.301 0.3115 0.3115 0.3115 0.293 0.293 0.346 0.346 0.3205 0.3205 0.3205 0.2825 0.2825 0.3195 0.3195 0.285 0.285 0.285 0.3265 0.3265 0.3375 0.3375 0.344 0.344 0.3475 0.3475 0.3475 0.3505 0.3505 0.345 0.345 0.3245 0.3245 0.3245 0.321 0.321 0.316 0.316 0.322 0.322 0.322 0.293 0.293 0.2875 0.2875 0.296 0.296 0.296 0.289 0.289 0.2925 0.2925
0.293 0.319 0.319 0.3225 0.3225 0.3225 0.355 0.355 0.3175 0.3175 0.341 0.341 0.3335 0.3335 0.3335 0.3265 0.3265 0.3485 0.3485 0.3395 0.3395 0.3395 0.313 0.313 0.301 0.301 0.3115 0.3115 0.3115 0.293 0.293 0.346 0.346 0.3205 0.3205 0.3205 0.2825 0.2825 0.3195 0.3195 0.285 0.285 0.285 0.3265 0.3265 0.3375 0.3375 0.344 0.344 0.3475 0.3475 0.3475 0.3505 0.3505 0.345 0.345 0.3245 0.3245 0.3245 0.321 0.321 0.316 0.316 0.322 0.322 0.322 0.293 0.293 0.2875 0.2875 0.296 0.296 0.296 0.289 0.289 0.2925 0.2925
0.3165 0.3155 0.3155 0.329 0.329 0.329 0.3 0.3 0.345 0.345 0.3895 0.3895 0.3535 0.3535 0.3535 0.3305 0.3305 0.323 0.323 0.3135 0.3135 0.3135 0.3285 0.3285 0.319 0.319 0.333 0.333 0.333 0.3225 0.3225 0.347 0.347 0.3015 0.3015 0.3015 0.3135 0.3135 0.2955 0.2955 0.319 0.319 0.319 0.3285 0.3285 0.3855 0.3855 0.3605 0.3605 0.3505 0.3505 0.3505 0.366 0.366 0.3285 0.3285 0.352 0.352 0.352 0.3385 0.3385 0.346 0.346 0.335 0.335 0.335 0.342 0.342 0.333 0.333 0.3185 0.3185 0.3185 0.297 0.297 0.305 0.305
0.3165 0.3155 0.3155 0.329 0.329 0.329 0.3 0.3 0.345 0.345 0.3895 0.3895 0.3535 0.3535 0.3535 0.3305 0.3305 0.323 0.323 0.3135 0.3135 0.3135 0.3285 0.3285 0.319 0.319 0.333 0.333 0.333 0.3225 0.3225 0.347 0.347 0.3015 0.3015 0.3015 0.3135 0.3135 0.2955 0.2955 0.319 0.319 0.319 0.3285 0.3285 0.3855 0.3855 0.3605 0.3605 0.3505 0.3505 0.3505 0.366 0.366 0.3285 0.3285 0.352 0.352 0.352 0.3385 0.3385 0.346 0.346 0.335 0.335 0.335 0.342 0.342 0.333 0.333 0.3185 0.3185 0.3185 0.297 0.297 0.305 0.305
0.335 0.3495 0.3495 0.3495 0.3495 0.3495 0.326 0.326 0.32 0.32 0.332 0.332 0.366 0.366 0.366 0.365 0.365 0.3165 0.3165 0.3195 0.3195 0.3195 0.3115 0.3115 0.3275 0.3275 0.3375 0.3375 0.3375 0.3275 0.3275 0.3045 0.3045 0.302 0.302 0.302 0.306 0.306 0.2975 0.2975 0.3025 0.3025 0.3025 0.3515 0.3515 0.366 0.366 0.3615 0.3615 0.3345 0.3345 0.3345 0.3335 0.3335 0.3785 0.3785 0.38 0.38 0.38 0.3915 0.3915 0.4015 0.4015 0.383 0.383 0.383 0.318 0.318 0.329 0.329 0.318 0.318 0.318 0.305 0.305 0.324 0.324
0.335 0.3495 0.3495 0.3495 0.3495 0.3495 0.326 0.326 0.32 0.32 0.332 0.332 0.366 0.366 0.366 0.365 0.365 0.3165 0.3165 0.3195 0.3195 0.3195 0.3115 0.3115 0.3275 0.3275 0.3375 0.3375 0.3375 0.3275 0.3275 0.3045 0.3045 0.302 0.302 0.302 0.306 0.306 0.2975 0.2975 0.3025 0.3025 0.3025 0.3515 0.3515 0.366 0.366 0.3615 0.3615 0.3345 0.3345 0.3345 0.3335 0.3335 0.3785 0.3785 0.38 0.38 0.38 0.3915 0.3915 0.4015 0.4015 0.383 0.383 0.383 0.318 0.318 0.329 0.329 0.318 0.318 0.318 0.305 0.305 0.324 0.324
0.3475 0.3385 0.3385 0.315 0.315 0.315 0.3225 0.3225 0.335 0.335 0.3 0.3 0.3125 0.3125 0.3125 0.3315 0.3315 0.361 0.361 0.342 0.342 0.342 0.3325 0.3325 0.327 0.327 0.347 0.347 0.347 0.3355 0.3355 0.3485 0.3485 0.2995 0.2995 0.2995 0.3035 0.3035 0.2895 0.2895 0.324 0.324 0.324 0.398 0.398 0.3775 0.3775 0.3645 0.3645 0.343 0.343 0.343 0.348 0.348 0.361 0.361 0.4035 0.4035 0.4035 0.4295 0.4295 0.3655 0.3655 0.3835 0.3835 0.3835 0.375 0.375 0.326 0.326 0.3295 0.3295 0.3295 0.3185 0.3185 0.3165 0.3165
0.3475 0.3385 0.3385 0.315 0.315 0.315 0.3225 0.3225 0.335 0.335 0.3 0.3 0.3125 0.3125 0.3125 0.3315 0.3315 0.361 0.361 0.342 0.342 0.342 0.3325 0.3325 0.327 0.327 0.347 0.347 0.347 0.3355 0.3355 0.3485 0.3485 0.2995 0.2995 0.2995 0.3035 0.3035 0.2895 0.2895 0.324 0.324 0.324 0.398 0.398 0.3775 0.3775 0.3645 0.3645 0.343 0.343 0.343 0.348 0.348 0.361 0.361 0.4035 0.4035 0.4035 0.4295 0.4295 0.3655 0.3655 0.3835 0.3835 0.3835 0.375 0.375 0.326 0.326 0.3295 0.3295 0.3295 0.3185 0.3185 0.3165 0.3165
0.3475 0.3385 0.3385 0.315 0.315 0.315 0.3225 0.3225 0.335 0.335 0.3 0.3 0.3125 0.3125 0.3125 0.3315 0.3315 0.361 0.361 0.342 0.342 0.342 0.3325 0.3325 0.327 0.327 0.347 0.347 0.347 0.3355 0.3355 0.3485 0.3485 0.2995 0.2995 0.2995 0.3035 0.3035 0.2895 0.2895 0.324 0.324 0.324 0.398 0.398 0.3775 0.3775 0.3645 0.3645 0.343 0.343 0.343 0.348 0.348 0.361 0.361 0.4035 0.4035 0.4035 0.4295 0.4295 0.3655 0.3655 0.3835 0.3835 0.3835 0.375 0.375 0.326 0.326 0.3295 0.3295 0.3295 0.3185 0.3185 0.3165 0.3165
