ndvi/NOAA-91.asc
ncols         252
nrows         154
xllcorner     -18.017974
yllcorner     13.481982
cellsize      0.035948
NODATA_value  -9999
[rows 102 to 135 of 154, columns 154 to 230 of 252]
0.401 0.346 0.346 0.3655 0.3655 0.3655 0.2325 0.2325 0.253 0.253 0.291 0.291 0.307 0.307 0.307 0.3165 0.3165 0.342 0.342 0.3445 0.3445 0.3445 0.332 0.332 0.3325 0.3325 0.3565 0.3565 0.3565 0.358 0.358 0.4055 0.4055 0.428 0.428 0.428 0.451 0.451 0.4075 0.4075 0.403 0.403 0.403 0.39 0.39 0.3605 0.3605 0.326 0.326 0.347 0.347 0.347 0.3115 0.3115 0.323 0.323 0.4225 0.4225 0.4225 0.348 0.348 0.326 0.326 0.327 0.327 0.327 0.351 0.351 0.334 0.334 0.3385 0.3385 0.3385 0.398 0.398 0.401 0.401
0.3465 0.389 0.389 0.3675 0.3675 0.3675 0.2745 0.2745 0.2915 0.2915 0.356 0.356 0.3465 0.3465 0.3465 0.3455 0.3455 0.321 0.321 0.299 0.299 0.299 0.3135 0.3135 0.336 0.336 0.3535 0.3535 0.3535 0.35 0.35 0.4455 0.4455 0.48 0.48 0.48 0.485 0.485 0.365 0.365 0.353 0.353 0.353 0.375 0.375 0.351 0.351 0.354 0.354 0.384 0.384 0.384 0.384 0.384 0.3815 0.3815 0.419 0.419 0.419 0.3415 0.3415 0.388 0.388 0.402 0.402 0.402 0.3955 0.3955 0.3785 0.3785 0.3465 0.3465 0.3465 0.354 0.354 0.371 0.371
0.3465 0.389 0.389 0.3675 0.3675 0.3675 0.2745 0.2745 0.2915 0.2915 0.356 0.356 0.3465 0.3465 0.3465 0.3455 0.3455 0.321 0.321 0.299 0.299 0.299 0.3135 0.3135 0.336 0.336 0.3535 0.3535 0.3535 0.35 0.35 0.4455 0.4455 0.48 0.48 0.48 0.485 0.485 0.365 0.365 0.353 0.353 0.353 0.375 0.375 0.351 0.351 0.354 0.354 0.384 0.384 0.384 0.384 0.384 0.3815 0.3815 0.419 0.419 0.419 0.3415 0.3415 0.388 0.388 0.402 0.402 0.402 0.3955 0.3955 0.3785 0.3785 0.3465 0.3465 0.3465 0.354 0.354 0.371 0.371
0.3465 0.389 0.389 0.3675 0.3675 0.3675 0.2745 0.2745 0.2915 0.2915 0.356 0.356 0.3465 0.3465 0.3465 0.3455 0.3455 0.321 0.321 0.299 0.299 0.299 0.3135 0.3135 0.336 0.336 0.3535 0.3535 0.3535 0.35 0.35 0.4455 0.4455 0.48 0.48 0.48 0.485 0.485 0.365 0.365 0.353 0.353 0.353 0.375 0.375 0.351 0.351 0.354 0.354 0.384 0.384 0.384 0.384 0.384 0.3815 0.3815 0.419 0.419 0.419 0.3415 0.3415 0.388 0.388 0.402 0.402 0.402 0.3955 0.3955 0.3785 0.3785 0.3465 0.3465 0.3465 0.354 0.354 0.371 0.371
0.342 0.343 0.343 0.364 0.364 0.364 0.3225 0.3225 0.3265 0.3265 0.336 0.336 0.368 0.368 0.368 0.3325 0.3325 0.3525 0.3525 0.312 0.312 0.312 0.319 0.319 0.355 0.355 0.3495 0.3495 0.3495 0.4465 0.4465 0.5 0.5 0.534 0.534 0.534 0.475 0.475 0.4025 0.4025 0.42 0.42 0.42 0.413 0.413 0.382 0.382 0.3515 0.3515 0.403 0.403 0.403 0.4435 0.4435 0.5155 0.5155 0.4795 0.4795 0.4795 0.424 0.424 0.374 0.374 0.421 0.421 0.421 0.4315 0.4315 0.3795 0.3795 0.3955 0.3955 0.3955 0.4075 0.4075 0.3985 0.3985
0.342 0.343 0.343 0.364 0.364 0.364 0.3225 0.3225 0.3265 0.3265 0.336 0.336 0.368 0.368 0.368 0.3325 0.3325 0.3525 0.3525 0.312 0.312 0.312 0.319 0.319 0.355 0.355 0.3495 0.3495 0.3495 0.4465 0.4465 0.5 0.5 0.534 0.534 0.534 0.475 0.475 0.4025 0.4025 0.42 0.42 0.42 0.413 0.413 0.382 0.382 0.3515 0.3515 0.403 0.403 0.403 0.4435 0.4435 0.5155 0.5155 0.4795 0.4795 0.4795 0.424 0.424 0.374 0.374 0.421 0.421 0.421 0.4315 0.4315 0.3795 0.3795 0.3955 0.3955 0.3955 0.4075 0.4075 0.3985 0.3985
0.3195 0.407 0.407 0.397 0.397 0.397 0.4675 0.4675 0.375 0.375 0.418 0.418 0.3535 0.3535 0.3535 0.345 0.345 0.3295 0.3295 0.2985 0.2985 0.2985 0.3285 0.3285 0.371 0.371 0.4225 0.4225 0.4225 0.439 0.439 0.4565 0.4565 0.5145 0.5145 0.5145 0.4605 0.4605 0.412 0.412 0.4105 0.4105 0.4105 0.414 0.414 0.3815 0.3815 0.4645 0.4645 0.4535 0.4535 0.4535 0.4425 0.4425 0.501 0.501 0.4805 0.4805 0.4805 0.463 0.463 0.4685 0.4685 0.4035 0.4035 0.4035 0.4475 0.4475 0.365 0.365 0.4585 0.4585 0.4585 0.458 0.458 0.5065 0.5065
0.3195 0.407 0.407 0.397 0.397 0.397 0.4675 0.4675 0.375 0.375 0.418 0.418 0.3535 0.3535 0.3535 0.345 0.345 0.3295 0.3295 0.2985 0.2985 0.2985 0.3285 0.3285 0.371 0.371 0.4225 0.4225 0.4225 0.439 0.439 0.4565 0.4565 0.5145 0.5145 0.5145 0.4605 0.4605 0.412 0.412 0.4105 0.4105 0.4105 0.414 0.414 0.3815 0.3815 0.4645 0.4645 0.4535 0.4535 0.4535 0.4425 0.4425 0.501 0.501 0.4805 0.4805 0.4805 0.463 0.463 0.4685 0.4685 0.4035 0.4035 0.4035 0.4475 0.4475 0.365 0.365 0.4585 0.4585 0.4585 0.458 0.458 0.5065 0.5065
0.302 0.3835 0.3835 0.449 0.449 0.449 0.4975 0.4975 0.433 0.433 0.388 0.388 0.3585 0.3585 0.3585 0.4065 0.4065 0.3765 0.3765 0.402 0.402 0.402 0.4135 0.4135 0.4275 0.4275 0.4245 0.4245 0.4245 0.4505 0.4505 0.4465 0.4465 0.4765 0.4765 0.4765 0.455 0.455 0.412 0.412 0.4065 0.4065 0.4065 0.4225 0.4225 0.4075 0.4075 0.418 0.418 0.411 0.411 0.411 0.527 0.527 0.547 0.547 0.497 0.497 0.497 0.4715 0.4715 0.464 0.464 0.4435 0.4435 0.4435 0.4485 0.4485 0.4415 0.4415 0.416 0.416 0.416 0.446 0.446 0.432 0.432
0.302 0.3835 0.3835 0.449 0.449 0.449 0.4975 0.4975 0.433 0.433 0.388 0.388 0.3585 0.3585 0.3585 0.4065 0.4065 0.3765 0.3765 0.402 0.402 0.402 0.4135 0.4135 0.4275 0.4275 0.4245 0.4245 0.4245 0.4505 0.4505 0.4465 0.4465 0.4765 0.4765 0.4765 0.455 0.455 0.412 0.412 0.4065 0.4065 0.4065 0.4225 0.4225 0.4075 0.4075 0.418 0.418 0.411 0.411 0.411 0.527 0.527 0.547 0.547 0.497 0.497 0.497 0.4715 0.4715 0.464 0.464 0.4435 0.4435 0.4435 0.4485 0.4485 0.4415 0.4415 0.416 0.416 0.416 0.446 0.446 0.432 0.432
0.302 0.3835 0.3835 0.449 0.449 0.449 0.4975 0.4975 0.433 0.433 0.388 0.388 0.3585 0.3585 0.3585 0.4065 0.4065 0.3765 0.3765 0.402 0.402 0.402 0.4135 0.4135 0.4275 0.4275 0.4245 0.4245 0.4245 0.4505 0.4505 0.4465 0.4465 0.4765 0.4765 0.4765 0.455 0.455 0.412 0.412 0.4065 0.4065 0.4065 0.4225 0.4225 0.4075 0.4075 0.418 0.418 0.411 0.411 0.411 0.527 0.527 0.547 0.547 0.497 0.497 0.497 0.4715 0.4715 0.464 0.464 0.4435 0.4435 0.4435 0.4485 0.4485 0.4415 0.4415 0.416 0.416 0.416 0.446 0.446 0.432 0.432
0.3705 0.3795 0.3795 0.3865 0.3865 0.3865 0.489 0.489 0.425 0.425 0.4155 0.4155 0.4055 0.4055 0.4055 0.4935 0.4935 0.415 0.415 0.402 0.402 0.402 0.3635 0.3635 0.4135 0.4135 0.4455 0.4455 0.4455 0.4625 0.4625 0.4705 0.4705 0.4115 0.4115 0.4115 0.479 0.479 0.4065 0.4065 0.404 0.404 0.404 0.4425 0.4425 0.392 0.392 0.4195 0.4195 0.45 0.45 0.45 0.5375 0.5375 0.563 0.563 0.484 0.484 0.484 0.4035 0.4035 0.4445 0.4445 0.3875 0.3875 0.3875 0.43 0.43 0.465 0.465 0.463 0.463 0.463 0.4365 0.4365 0.4275 0.4275
0.3705 0.3795 0.3795 0.3865 0.3865 0.3865 0.489 0.489 0.425 0.425 0.4155 0.4155 0.4055 0.4055 0.4055 0.4935 0.4935 0.415 0.415 0.402 0.402 0.402 0.3635 0.3635 0.4135 0.4135 0.4455 0.4455 0.4455 0.4625 0.4625 0.4705 0.4705 0.4115 0.4115 0.4115 0.479 0.479 0.4065 0.4065 0.404 0.404 0.404 0.4425 0.4425 0.392 0.392 0.4195 0.4195 0.45 0.45 0.45 0.5375 0.5375 0.563 0.563 0.484 0.484 0.484 0.4035 0.4035 0.4445 0.4445 0.3875 0.3875 0.3875 0.43 0.43 0.465 0.465 0.463 0.463 0.463 0.4365 0.4365 0.4275 0.4275
0.4645 0.468 0.468 0.395 0.395 0.395 0.4385 0.4385 0.432 0.432 0.423 0.423 0.451 0.451 0.451 0.474 0.474 0.46 0.46 0.42 0.42 0.42 0.3915 0.3915 0.419 0.419 0.453 0.453 0.453 0.4335 0.4335 0.4025 0.4025 0.453 0.453 0.453 0.498 0.498 0.384 0.384 0.373 0.373 0.373 0.426 0.426 0.4045 0.4045 0.4375 0.4375 0.5165 0.5165 0.5165 0.5875 0.5875 0.576 0.576 0.504 0.504 0.504 0.471 0.471 0.4525 0.4525 0.4435 0.4435 0.4435 0.47 0.47 0.442 0.442 0.493 0.493 0.493 0.494 0.494 0.4225 0.4225
0.4645 0.468 0.468 0.395 0.395 0.395 0.4385 0.4385 0.432 0.432 0.423 0.423 0.451 0.451 0.451 0.474 0.474 0.46 0.46 0.42 0.42 0.42 0.3915 0.3915 0.419 0.419 0.453 0.453 0.453 0.4335 0.4335 0.4025 0.4025 0.453 0.453 0.453 0.498 0.498 0.384 0.384 0.373 0.373 0.373 0.426 0.426 0.4045 0.4045 0.4375 0.4375 0.5165 0.5165 0.5165 0.5875 0.5875 0.576 0.576 0.504 0.504 0.504 0.471 0.471 0.4525 0.4525 0.4435 0.4435 0.4435 0.47 0.47 0.442 0.442 0.493 0.493 0.493 0.494 0.494 0.4225 0.4225
0.563 0.534 0.534 0.5865 0.5865 0.5865 0.4475 0.4475 0.465 0.465 0.411 0.411 0.4065 0.4065 0.4065 0.479 0.479 0.493 0.493 0.431 0.431 0.431 0.436 0.436 0.4275 0.4275 0.454 0.454 0.454 0.4475 0.4475 0.3835 0.3835 0.423 0.423 0.423 0.428 0.428 0.45 0.45 0.461 0.461 0.461 0.4105 0.4105 0.4475 0.4475 0.4675 0.4675 0.4805 0.4805 0.4805 0.515 0.515 0.5235 0.5235 0.4985 0.4985 0.4985 0.4505 0.4505 0.535 0.535 0.501 0.501 0.501 0.5405 0.5405 0.4825 0.4825 0.5035 0.5035 0.5035 0.5555 0.5555 0.511 0.511
0.563 0.534 0.534 0.5865 0.5865 0.5865 0.4475 0.4475 0.465 0.465 0.411 0.411 0.4065 0.4065 0.4065 0.479 0.479 0.493 0.493 0.431 0.431 0.431 0.436 0.436 0.4275 0.4275 0.454 0.454 0.454 0.4475 0.4475 0.3835 0.3835 0.423 0.423 0.423 0.428 0.428 0.45 0.45 0.461 0.461 0.461 0.4105 0.4105 0.4475 0.4475 0.4675 0.4675 0.4805 0.4805 0.4805 0.515 0.515 0.5235 0.5235 0.4985 0.4985 0.4985 0.4505 0.4505 0.535 0.535 0.501 0.501 0.501 0.5405 0.5405 0.4825 0.4825 0.5035 0.5035 0.5035 0.5555 0.5555 0.511 0.511
0.563 0.534 0.534 0.5865 0.5865 0.5865 0.4475 0.4475 0.465 0.465 0.411 0.411 0.4065 0.4065 0.4065 0.479 0.479 0.493 0.493 0.431 0.431 0.431 0.436 0.436 0.4275 0.4275 0.454 0.454 0.454 0.4475 0.4475 0.3835 0.3835 0.423 0.423 0.423 0.428 0.428 0.45 0.45 0.461 0.461 0.461 0.4105 0.4105 0.4475 0.4475 0.4675 0.4675 0.4805 0.4805 0.4805 0.515 0.515 0.5235 0.5235 0.4985 0.4985 0.4985 0.4505 0.4505 0.535 0.535 0.501 0.501 0.501 0.5405 0.5405 0.4825 0.4825 0.5035 0.5035 0.5035 0.5555 0.5555 0.511 0.511
0.586 0.5735 0.5735 0.5495 0.5495 0.5495 0.5195 0.5195 0.5135 0.5135 0.5115 0.5115 0.442 0.442 0.442 0.462 0.462 0.5 0.5 0.4925 0.4925 0.4925 0.4525 0.4525 0.4585 0.4585 0.4645 0.4645 0.4645 0.408 0.408 0.3865 0.3865 0.4285 0.4285 0.4285 0.403 0.403 0.455 0.455 0.419 0.419 0.419 0.4395 0.4395 0.462 0.462 0.471 0.471 0.4691 0.4691 0.4691 0.5155 0.5155 0.509 0.509 0.4975 0.4975 0.4975 0.4355 0.4355 0.515 0.515 0.527 0.527 0.527 0.5265 0.5265 0.4945 0.4945 0.49 0.49 0.49 0.5775 0.5775 0.55 0.55
0.586 0.5735 0.5735 0.5495 0.5495 0.5495 0.5195 0.5195 0.5135 0.5135 0.5115 0.5115 0.442 0.442 0.442 0.462 0.462 0.5 0.5 0.4925 0.4925 0.4925 0.4525 0.4525 0.4585 0.4585 0.4645 0.4645 0.4645 0.408 0.408 0.3865 0.3865 0.4285 0.4285 0.4285 0.403 0.403 0.455 0.455 0.419 0.419 0.419 0.4395 0.4395 0.462 0.462 0.471 0.471 0.4691 0.4691 0.4691 0.5155 0.5155 0.509 0.509 0.4975 0.4975 0.4975 0.4355 0.4355 0.515 0.515 0.527 0.527 0.527 0.5265 0.5265 0.4945 0.4945 0.49 0.49 0.49 0.5775 0.5775 0.55 0.55
0.608 0.5075 0.5075 0.56 0.56 0.56 0.488 0.488 0.5795 0.5795 0.5285 0.5285 0.5215 0.5215 0.5215 0.5085 0.5085 0.4896 0.4896 0.5105 0.5105 0.5105 0.4795 0.4795 0.4175 0.4175 0.4 0.4 0.4 0.3815 0.3815 0.3905 0.3905 0.5125 0.5125 0.5125 0.502 0.502 0.4695 0.4695 0.46 0.46 0.46 0.523 0.523 0.549 0.549 0.516 0.516 0.5035 0.5035 0.5035 0.559 0.559 0.546 0.546 0.48 0.48 0.48 0.4635 0.4635 0.473 0.473 0.503 0.503 0.503 0.4935 0.4935 0.5405 0.5405 0.5345 0.5345 0.5345 0.555 0.555 0.4985 0.4985
0.608 0.5075 0.5075 0.56 0.56 0.56 0.488 0.488 0.5795 0.5795 0.5285 0.5285 0.5215 0.5215 0.5215 0.5085 0.5085 0.4896 0.4896 0.5105 0.5105 0.5105 0.4795 0.4795 0.4175 0.4175 0.4 0.4 0.4 0.3815 0.3815 0.3905 0.3905 0.5125 0.5125 0.5125 0.502 0.502 0.4695 0.4695 0.46 0.46 0.46 0.523 0.523 0.549 0.549 0.516 0.516 0.5035 0.5035 0.5035 0.559 0.559 0.546 0.546 0.48 0.48 0.48 0.4635 0.4635 0.473 0.473 0.503 0.503 0.503 0.4935 0.4935 0.5405 0.5405 0.5345 0.5345 0.5345 0.555 0.555 0.4985 0.4985
0.622 0.561 0.561 0.6035 0.6035 0.6035 0.4375 0.4375 0.5645 0.5645 0.562 0.562 0.5235 0.5235 0.5235 0.505 0.505 0.486 0.486 0.4845 0.4845 0.4845 0.512 0.512 0.469 0.469 0.3895 0.3895 0.3895 0.3715 0.3715 0.4375 0.4375 0.479 0.479 0.479 0.481 0.481 0.4785 0.4785 0.5319999 0.5319999 0.5319999 0.503 0.503 0.5015 0.5015 0.5535001 0.5535001 0.5535 0.5535 0.5535 0.5745 0.5745 0.5195 0.5195 0.5015 0.5015 0.5015 0.524 0.524 0.516 0.516 0.514 0.514 0.514 0.528 0.528 0.5495 0.5495 0.51 0.51 0.51 0.5215 0.5215 0.478 0.478
0.622 0.561 0.561 0.6035 0.6035 0.6035 0.4375 0.4375 0.5645 0.5645 0.562 0.562 0.5235 0.5235 0.5235 0.505 0.505 0.486 0.486 0.4845 0.4845 0.4845 0.512 0.512 0.469 0.469 0.3895 0.3895 0.3895 0.3715 0.3715 0.4375 0.4375 0.479 0.479 0.479 0.481 0.481 0.4785 0.4785 0.5319999 0.5319999 0.5319999 0.503 0.503 0.5015 0.5015 0.5535001 0.5535001 0.5535 0.5535 0.5535 0.5745 0.5745 0.5195 0.5195 0.5015 0.5015 0.5015 0.524 0.524 0.516 0.516 0.514 0.514 0.514 0.528 0.528 0.5495 0.5495 0.51 0.51 0.51 0.5215 0.5215 0.478 0.478
0.62 0.5445 0.5445 0.5455 0.5455 0.5455 0.5255 0.5255 0.5015 0.5015 0.6005 0.6005 0.595 0.595 0.595 0.5475 0.5475 0.549 0.549 0.489 0.489 0.489 0.5045 0.5045 0.4875 0.4875 0.471 0.471 0.471 0.4505 0.4505 0.468 0.468 0.5545 0.5545 0.5545 0.499 0.499 0.512 0.512 0.501 0.501 0.501 0.505 0.505 0.5065 0.5065 0.511 0.511 0.4995 0.4995 0.4995 0.519 0.519 0.5105 0.5105 0.4935 0.4935 0.4935 0.51 0.51 0.489 0.489 0.548 0.548 0.548 0.5745 0.5745 0.5725 0.5725 0.5265 0.5265 0.5265 0.506 0.506 0.527 0.527
0.62 0.5445 0.5445 0.5455 0.5455 0.5455 0.5255 0.5255 0.5015 0.5015 0.6005 0.6005 0.595 0.595 0.595 0.5475 0.5475 0.549 0.549 0.489 0.489 0.489 0.5045 0.5045 0.4875 0.4875 0.471 0.471 0.471 0.4505 0.4505 0.468 0.468 0.5545 0.5545 0.5545 0.499 0.499 0.512 0.512 0.501 0.501 0.501 0.505 0.505 0.5065 0.5065 0.511 0.511 0.4995 0.4995 0.4995 0.519 0.519 0.5105 0.5105 0.4935 0.4935 0.4935 0.51 0.51 0.489 0.489 0.548 0.548 0.548 0.5745 0.5745 0.5725 0.5725 0.5265 0.5265 0.5265 0.506 0.506 0.527 0.527
0.62 0.5445 0.5445 0.5455 0.5455 0.5455 0.5255 0.5255 0.5015 0.5015 0.6005 0.6005 0.595 0.595 0.595 0.5475 0.5475 0.549 0.549 0.489 0.489 0.489 0.5045 0.5045 0.4875 0.4875 0.471 0.471 0.471 0.4505 0.4505 0.468 0.468 0.5545 0.5545 0.5545 0.499 0.499 0.512 0.512 0.501 0.501 0.501 0.505 0.505 0.5065 0.5065 0.511 0.511 0.4995 0.4995 0.4995 0.519 0.519 0.5105 0.5105 0.4935 0.4935 0.4935 0.51 0.51 0.489 0.489 0.548 0.548 0.548 0.5745 0.5745 0.5725 0.5725 0.5265 0.5265 0.5265 0.506 0.506 0.527 0.527
0.618 0.5255 0.5255 0.515 0.515 0.515 0.5225 0.5225 0.5995 0.5995 0.587 0.587 0.5925 0.5925 0.5925 0.547 0.547 0.5185 0.5185 0.5275 0.5275 0.5275 0.508 0.508 0.4765 0.4765 0.4585 0.4585 0.4585 0.494 0.494 0.551 0.551 0.5255 0.5255 0.5255 0.5425 0.5425 0.562 0.562 0.5175 0.5175 0.5175 0.4646 0.4646 0.4825 0.4825 0.5125 0.5125 0.531 0.531 0.531 0.53 0.53 0.5265 0.5265 0.534 0.534 0.534 0.503 0.503 0.5375 0.5375 0.484 0.484 0.484 0.5705 0.5705 0.503 0.503 0.4895 0.4895 0.4895 0.4845 0.4845 0.491 0.491
0.618 0.5255 0.5255 0.515 0.515 0.515 0.5225 0.5225 0.5995 0.5995 0.587 0.587 0.5925 0.5925 0.5925 0.547 0.547 0.5185 0.5185 0.5275 0.5275 0.5275 0.508 0.508 0.4765 0.4765 0.4585 0.4585 0.4585 0.494 0.494 0.551 0.551 0.5255 0.5255 0.5255 0.5425 0.5425 0.562 0.562 0.5175 0.5175 0.5175 0.4646 0.4646 0.4825 0.4825 0.5125 0.5125 0.531 0.531 0.531 0.53 0.53 0.5265 0.5265 0.534 0.534 0.534 0.503 0.503 0.5375 0.5375 0.484 0.484 0.484 0.5705 0.5705 0.503 0.503 0.4895 0.4895 0.4895 0.4845 0.4845 0.491 0.491
0.566 0.563 0.563 0.549 0.549 0.549 0.495 0.495 0.612 0.612 0.657 0.657 0.6385 0.6385 0.6385 0.588 0.588 0.5335 0.5335 0.53 0.53 0.53 0.446 0.446 0.4745 0.4745 0.535 0.535 0.535 0.5365 0.5365 0.5585 0.5585 0.523 0.523 0.523 0.5085 0.5085 0.514 0.514 0.4785 0.4785 0.4785 0.528 0.528 0.534 0.534 0.5305 0.5305 0.5795 0.5795 0.5795 0.562 0.562 0.5855 0.5855 0.604 0.604 0.604 0.6075 0.6075 0.5725 0.5725 0.5575 0.5575 0.5575 0.519 0.519 0.501 0.501 0.523 0.523 0.523 0.471 0.471 0.4585 0.4585
0.566 0.563 0.563 0.549 0.549 0.549 0.495 0.495 0.612 0.612 0.657 0.657 0.6385 0.6385 0.6385 0.588 0.588 0.5335 0.5335 0.53 0.53 0.53 0.446 0.446 0.4745 0.4745 0.535 0.535 0.535 0.5365 0.5365 0.5585 0.5585 0.523 0.523 0.523 0.5085 0.5085 0.514 0.514 0.4785 0.4785 0.4785 0.528 0.528 0.534 0.534 0.5305 0.5305 0.5795 0.5795 0.5795 0.562 0.562 0.5855 0.5855 0.604 0.604 0.604 0.6075 0.6075 0.5725 0.5725 0.5575 0.5575 0.5575 0.519 0.519 0.501 0.501 0.523 0.523 0.523 0.471 0.471 0.4585 0.4585
0.5845 0.565 0.565 0.5305001 0.5305001 0.5305001 0.499 0.499 0.535 0.535 0.584 0.584 0.6545 0.6545 0.6545 0.6185 0.6185 0.564 0.564 0.548 0.548 0.548 0.513 0.513 0.5955 0.5955 0.5505 0.5505 0.5505 0.579 0.579 0.5145 0.5145 0.511 0.511 0.511 0.5235 0.5235 0.4805 0.4805 0.494 0.494 0.494 0.495 0.495 0.5475 0.5475 0.561 0.561 0.5395 0.5395 0.5395 0.5735 0.5735 0.5395 0.5395 0.5825 0.5825 0.5825 0.5745 0.5745 0.518 0.518 0.529 0.529 0.529 0.4975 0.4975 0.485 0.485 0.5215 0.5215 0.5215 0.492 0.492 0.458 0.458
0.5845 0.565 0.565 0.5305001 0.5305001 0.5305001 0.499 0.499 0.535 0.535 0.584 0.584 0.6545 0.6545 0.6545 0.6185 0.6185 0.564 0.564 0.548 0.548 0.548 0.513 0.513 0.5955 0.5955 0.5505 0.5505 0.5505 0.579 0.579 0.5145 0.5145 0.511 0.511 0.511 0.5235 0.5235 0.4805 0.4805 0.494 0.494 0.494 0.495 0.495 0.5475 0.5475 0.561 0.561 0.5395 0.5395 0.5395 0.5735 0.5735 0.5395 0.5395 0.5825 0.5825 0.5825 0.5745 0.5745 0.518 0.518 0.529 0.529 0.529 0.4975 0.4975 0.485 0.485 0.5215 0.5215 0.5215 0.492 0.492 0.458 0.458
0.5845 0.565 0.565 0.5305001 0.5305001 0.5305001 0.499 0.499 0.535 0.535 0.584 0.584 0.6545 0.6545 0.6545 0.6185 0.6185 0.564 0.564 0.548 0.548 0.548 0.513 0.513 0.5955 0.5955 0.5505 0.5505 0.5505 0.579 0.579 0.5145 0.5145 0.511 0.511 0.511 0.5235 0.5235 0.4805 0.4805 0.494 0.494 0.494 0.495 0.495 0.5475 0.5475 0.561 0.561 0.5395 0.5395 0.5395 0.5735 0.5735 0.5395 0.5395 0.5825 0.5825 0.5825 0.5745 0.5745 0.518 0.518 0.529 0.529 0.529 0.4975 0.4975 0.485 0.485 0.5215 0.5215 0.5215 0.492 0.492 0.458 0.458
