ndvi/NOAA-343.asc
ncols         252
nrows         154
xllcorner     -18.017974
yllcorner     13.481982
cellsize      0.035948
NODATA_value  -9999
[rows 68 to 101 of 154, columns 154 to 230 of 252]
0.1295 0.1045 0.1045 0.1275 0.1275 0.1275 0.1505 0.1505 0.1555 0.1555 0.1885 0.1885 0.1955 0.1955 0.1955 0.2325 0.2325 0.264 0.264 0.2795 0.2795 0.2795 0.2765 0.2765 0.2725 0.2725 0.2665 0.2665 0.2665 0.243 0.243 0.27 0.27 0.2485 0.2485 0.2485 0.1815 0.1815 0.2445 0.2445 0.288 0.288 0.288 0.244 0.244 0.203 0.203 0.218 0.218 0.235 0.235 0.235 0.248 0.248 0.202 0.202 0.2025 0.2025 0.2025 0.2095 0.2095 0.199 0.199 0.1785 0.1785 0.1785 0.1655 0.1655 0.158 0.158 0.2155 0.2155 0.2155 0.172 0.172 0.151 0.151
0.1475 0.1495 0.1495 0.1715 0.1715 0.1715 0.1525 0.1525 0.142 0.142 0.197 0.197 0.253 0.253 0.253 0.2625 0.2625 0.2515 0.2515 0.2605 0.2605 0.2605 0.2815 0.2815 0.297 0.297 0.283 0.283 0.283 0.224 0.224 0.201 0.201 0.2015 0.2015 0.2015 0.2185 0.2185 0.2265 0.2265 0.265 0.265 0.265 0.2445 0.2445 0.224 0.224 0.228 0.228 0.233 0.233 0.233 0.2065 0.2065 0.2375 0.2375 0.254 0.254 0.254 0.2175 0.2175 0.23 0.23 0.2125 0.2125 0.2125 0.212 0.212 0.241 0.241 0.2125 0.2125 0.2125 0.195 0.195 0.173 0.173
0.1475 0.1495 0.1495 0.1715 0.1715 0.1715 0.1525 0.1525 0.142 0.142 0.197 0.197 0.253 0.253 0.253 0.2625 0.2625 0.2515 0.2515 0.2605 0.2605 0.2605 0.2815 0.2815 0.297 0.297 0.283 0.283 0.283 0.224 0.224 0.201 0.201 0.2015 0.2015 0.2015 0.2185 0.2185 0.2265 0.2265 0.265 0.265 0.265 0.2445 0.2445 0.224 0.224 0.228 0.228 0.233 0.233 0.233 0.2065 0.2065 0.2375 0.2375 0.254 0.254 0.254 0.2175 0.2175 0.23 0.23 0.2125 0.2125 0.2125 0.212 0.212 0.241 0.241 0.2125 0.2125 0.2125 0.195 0.195 0.173 0.173
0.157 0.169 0.169 0.196 0.196 0.196 0.152 0.152 0.1335 0.1335 0.2155 0.2155 0.2755 0.2755 0.2755 0.262 0.262 0.222 0.222 0.2575 0.2575 0.2575 0.2575 0.2575 0.2755 0.2755 0.264 0.264 0.264 0.2545 0.2545 0.241 0.241 0.21 0.21 0.21 0.24 0.24 0.27 0.27 0.272 0.272 0.272 0.268 0.268 0.228 0.228 0.2475 0.2475 0.2315 0.2315 0.2315 0.233 0.233 0.275 0.275 0.2745 0.2745 0.2745 0.2855 0.2855 0.2695 0.2695 0.2475 0.2475 0.2475 0.2405 0.2405 0.248 0.248 0.205 0.205 0.205 0.221 0.221 0.284 0.284
0.157 0.169 0.169 0.196 0.196 0.196 0.152 0.152 0.1335 0.1335 0.2155 0.2155 0.2755 0.2755 0.2755 0.262 0.262 0.222 0.222 0.2575 0.2575 0.2575 0.2575 0.2575 0.2755 0.2755 0.264 0.264 0.264 0.2545 0.2545 0.241 0.241 0.21 0.21 0.21 0.24 0.24 0.27 0.27 0.272 0.272 0.272 0.268 0.268 0.228 0.228 0.2475 0.2475 0.2315 0.2315 0.2315 0.233 0.233 0.275 0.275 0.2745 0.2745 0.2745 0.2855 0.2855 0.2695 0.2695 0.2475 0.2475 0.2475 0.2405 0.2405 0.248 0.248 0.205 0.205 0.205 0.221 0.221 0.284 0.284
0.157 0.169 0.169 0.196 0.196 0.196 0.152 0.152 0.1335 0.1335 0.2155 0.2155 0.2755 0.2755 0.2755 0.262 0.262 0.222 0.222 0.2575 0.2575 0.2575 0.2575 0.2575 0.2755 0.2755 0.264 0.264 0.264 0.2545 0.2545 0.241 0.241 0.21 0.21 0.21 0.24 0.24 0.27 0.27 0.272 0.272 0.272 0.268 0.268 0.228 0.228 0.2475 0.2475 0.2315 0.2315 0.2315 0.233 0.233 0.275 0.275 0.2745 0.2745 0.2745 0.2855 0.2855 0.2695 0.2695 0.2475 0.2475 0.2475 0.2405 0.2405 0.248 0.248 0.205 0.205 0.205 0.221 0.221 0.284 0.284
0.14 0.1965 0.1965 0.1615 0.1615 0.1615 0.12 0.12 0.147 0.147 0.1915 0.1915 0.2035 0.2035 0.2035 0.2175 0.2175 0.263 0.263 0.271 0.271 0.271 0.2625 0.2625 0.225 0.225 0.2355 0.2355 0.2355 0.292 0.292 0.2935 0.2935 0.3085 0.3085 0.3085 0.332 0.332 0.3005 0.3005 0.314 0.314 0.314 0.299 0.299 0.293 0.293 0.286 0.286 0.277 0.277 0.277 0.265 0.265 0.292 0.292 0.2755 0.2755 0.2755 0.335 0.335 0.324 0.324 0.262 0.262 0.262 0.249 0.249 0.2125 0.2125 0.229 0.229 0.229 0.273 0.273 0.3035 0.3035
0.14 0.1965 0.1965 0.1615 0.1615 0.1615 0.12 0.12 0.147 0.147 0.1915 0.1915 0.2035 0.2035 0.2035 0.2175 0.2175 0.263 0.263 0.271 0.271 0.271 0.2625 0.2625 0.225 0.225 0.2355 0.2355 0.2355 0.292 0.292 0.2935 0.2935 0.3085 0.3085 0.3085 0.332 0.332 0.3005 0.3005 0.314 0.314 0.314 0.299 0.299 0.293 0.293 0.286 0.286 0.277 0.277 0.277 0.265 0.265 0.292 0.292 0.2755 0.2755 0.2755 0.335 0.335 0.324 0.324 0.262 0.262 0.262 0.249 0.249 0.2125 0.2125 0.229 0.229 0.229 0.273 0.273 0.3035 0.3035
0.11 0.1885 0.1885 0.1425 0.1425 0.1425 0.07600001 0.07600001 0.18 0.18 0.1825 0.1825 0.2085 0.2085 0.2085 0.2255 0.2255 0.2875 0.2875 0.271 0.271 0.271 0.2735 0.2735 0.2595 0.2595 0.216 0.216 0.216 0.2765 0.2765 0.3145 0.3145 0.331 0.331 0.331 0.33 0.33 0.3155 0.3155 0.3085 0.3085 0.3085 0.321 0.321 0.3045 0.3045 0.289 0.289 0.276 0.276 0.276 0.2535 0.2535 0.2405 0.2405 0.307 0.307 0.307 0.311 0.311 0.307 0.307 0.3175 0.3175 0.3175 0.3165 0.3165 0.211 0.211 0.264 0.264 0.264 0.31 0.31 0.297 0.297
0.11 0.1885 0.1885 0.1425 0.1425 0.1425 0.07600001 0.07600001 0.18 0.18 0.1825 0.1825 0.2085 0.2085 0.2085 0.2255 0.2255 0.2875 0.2875 0.271 0.271 0.271 0.2735 0.2735 0.2595 0.2595 0.216 0.216 0.216 0.2765 0.2765 0.3145 0.3145 0.331 0.331 0.331 0.33 0.33 0.3155 0.3155 0.3085 0.3085 0.3085 0.321 0.321 0.3045 0.3045 0.289 0.289 0.276 0.276 0.276 0.2535 0.2535 0.2405 0.2405 0.307 0.307 0.307 0.311 0.311 0.307 0.307 0.3175 0.3175 0.3175 0.3165 0.3165 0.211 0.211 0.264 0.264 0.264 0.31 0.31 0.297 0.297
0.109 0.129 0.129 0.1395 0.1395 0.1395 0.1005 0.1005 0.1435 0.1435 0.197 0.197 0.235 0.235 0.235 0.218 0.218 0.2245 0.2245 0.2435 0.2435 0.2435 0.2535 0.2535 0.2375 0.2375 0.2345 0.2345 0.2345 0.2715 0.2715 0.337 0.337 0.3295 0.3295 0.3295 0.3295 0.3295 0.322 0.322 0.2995 0.2995 0.2995 0.297 0.297 0.256 0.256 0.2205 0.2205 0.262 0.262 0.262 0.256 0.256 0.3375 0.3375 0.3405 0.3405 0.3405 0.2935 0.2935 0.3045 0.3045 0.2945 0.2945 0.2945 0.321 0.321 0.2645 0.2645 0.2215 0.2215 0.2215 0.2825 0.2825 0.3015 0.3015
0.109 0.129 0.129 0.1395 0.1395 0.1395 0.1005 0.1005 0.1435 0.1435 0.197 0.197 0.235 0.235 0.235 0.218 0.218 0.2245 0.2245 0.2435 0.2435 0.2435 0.2535 0.2535 0.2375 0.2375 0.2345 0.2345 0.2345 0.2715 0.2715 0.337 0.337 0.3295 0.3295 0.3295 0.3295 0.3295 0.322 0.322 0.2995 0.2995 0.2995 0.297 0.297 0.256 0.256 0.2205 0.2205 0.262 0.262 0.262 0.256 0.256 0.3375 0.3375 0.3405 0.3405 0.3405 0.2935 0.2935 0.3045 0.3045 0.2945 0.2945 0.2945 0.321 0.321 0.2645 0.2645 0.2215 0.2215 0.2215 0.2825 0.2825 0.3015 0.3015
0.0995 0.1065 0.1065 0.072 0.072 0.072 0.0815 0.0815 0.145 0.145 0.1695 0.1695 0.203 0.203 0.203 0.2325 0.2325 0.2315 0.2315 0.2635 0.2635 0.2635 0.233 0.233 0.224 0.224 0.2745 0.2745 0.2745 0.273 0.273 0.262 0.262 0.299 0.299 0.299 0.2835 0.2835 0.2625 0.2625 0.2595 0.2595 0.2595 0.2215 0.2215 0.226 0.226 0.2705 0.2705 0.2825 0.2825 0.2825 0.3435 0.3435 0.333 0.333 0.3245 0.3245 0.3245 0.2925 0.2925 0.2975 0.2975 0.2215 0.2215 0.2215 0.241 0.241 0.2385 0.2385 0.264 0.264 0.264 0.2605 0.2605 0.253 0.253
0.0995 0.1065 0.1065 0.072 0.072 0.072 0.0815 0.0815 0.145 0.145 0.1695 0.1695 0.203 0.203 0.203 0.2325 0.2325 0.2315 0.2315 0.2635 0.2635 0.2635 0.233 0.233 0.224 0.224 0.2745 0.2745 0.2745 0.273 0.273 0.262 0.262 0.299 0.299 0.299 0.2835 0.2835 0.2625 0.2625 0.2595 0.2595 0.2595 0.2215 0.2215 0.226 0.226 0.2705 0.2705 0.2825 0.2825 0.2825 0.3435 0.3435 0.333 0.333 0.3245 0.3245 0.3245 0.2925 0.2925 0.2975 0.2975 0.2215 0.2215 0.2215 0.241 0.241 0.2385 0.2385 0.264 0.264 0.264 0.2605 0.2605 0.253 0.253
0.0995 0.1065 0.1065 0.072 0.072 0.072 0.0815 0.0815 0.145 0.145 0.1695 0.1695 0.203 0.203 0.203 0.2325 0.2325 0.2315 0.2315 0.2635 0.2635 0.2635 0.233 0.233 0.224 0.224 0.2745 0.2745 0.2745 0.273 0.273 0.262 0.262 0.299 0.299 0.299 0.2835 0.2835 0.2625 0.2625 0.2595 0.2595 0.2595 0.2215 0.2215 0.226 0.226 0.2705 0.2705 0.2825 0.2825 0.2825 0.3435 0.3435 0.333 0.333 0.3245 0.3245 0.3245 0.2925 0.2925 0.2975 0.2975 0.2215 0.2215 0.2215 0.241 0.241 0.2385 0.2385 0.264 0.264 0.264 0.2605 0.2605 0.253 0.253
0.024 0.1335 0.1335 0.1315 0.1315 0.1315 0.1145 0.1145 0.1365 0.1365 0.2215 0.2215 0.2365 0.2365 0.2365 0.2305 0.2305 0.2255 0.2255 0.238 0.238 0.238 0.239 0.239 0.2865 0.2865 0.275 0.275 0.275 0.2665 0.2665 0.26 0.26 0.247 0.247 0.247 0.2125 0.2125 0.215 0.215 0.227 0.227 0.227 0.246 0.246 0.2675 0.2675 0.3465 0.3465 0.362 0.362 0.362 0.3605 0.3605 0.347 0.347 0.351 0.351 0.351 0.29 0.29 0.255 0.255 0.2755 0.2755 0.2755 0.2975 0.2975 0.264 0.264 0.2245 0.2245 0.2245 0.241 0.241 0.2215 0.2215
0.024 0.1335 0.1335 0.1315 0.1315 0.1315 0.1145 0.1145 0.1365 0.1365 0.2215 0.2215 0.2365 0.2365 0.2365 0.2305 0.2305 0.2255 0.2255 0.238 0.238 0.238 0.239 0.239 0.2865 0.2865 0.275 0.275 0.275 0.2665 0.2665 0.26 0.26 0.247 0.247 0.247 0.2125 0.2125 0.215 0.215 0.227 0.227 0.227 0.246 0.246 0.2675 0.2675 0.3465 0.3465 0.362 0.362 0.362 0.3605 0.3605 0.347 0.347 0.351 0.351 0.351 0.29 0.29 0.255 0.255 0.2755 0.2755 0.2755 0.2975 0.2975 0.264 0.264 0.2245 0.2245 0.2245 0.241 0.241 0.2215 0.2215
0.09 0.0865 0.0865 0.094 0.094 0.094 0.1045 0.1045 0.1615 0.1615 0.1795 0.1795 0.219 0.219 0.219 0.199 0.199 0.27 0.27 0.287 0.287 0.287 0.254 0.254 0.2535 0.2535 0.27 0.27 0.27 0.295 0.295 0.2755 0.2755 0.261 0.261 0.261 0.237 0.237 0.2155 0.2155 0.227 0.227 0.227 0.235 0.235 0.2735 0.2735 0.31 0.31 0.315 0.315 0.315 0.321 0.321 0.293 0.293 0.3145 0.3145 0.3145 0.288 0.288 0.2575 0.2575 0.267 0.267 0.267 0.2705 0.2705 0.268 0.268 0.28 0.28 0.28 0.255 0.255 0.225 0.225
0.09 0.0865 0.0865 0.094 0.094 0.094 0.1045 0.1045 0.1615 0.1615 0.1795 0.1795 0.219 0.219 0.219 0.199 0.199 0.27 0.27 0.287 0.287 0.287 0.254 0.254 0.2535 0.2535 0.27 0.27 0.27 0.295 0.295 0.2755 0.2755 0.261 0.261 0.261 0.237 0.237 0.2155 0.2155 0.227 0.227 0.227 0.235 0.235 0.2735 0.2735 0.31 0.31 0.315 0.315 0.315 0.321 0.321 0.293 0.293 0.3145 0.3145 0.3145 0.288 0.288 0.2575 0.2575 0.267 0.267 0.267 0.2705 0.2705 0.268 0.268 0.28 0.28 0.28 0.255 0.255 0.225 0.225
0.101 0.127 0.127 0.138 0.138 0.138 0.1575 0.1575 0.1525 0.1525 0.208 0.208 0.2455 0.2455 0.2455 0.2855 0.2855 0.251 0.251 0.2735 0.2735 0.2735 0.249 0.249 0.274 0.274 0.2545 0.2545 0.2545 0.2715 0.2715 0.2665 0.2665 0.2165 0.2165 0.2165 0.204 0.204 0.212 0.212 0.2595 0.2595 0.2595 0.2325 0.2325 0.245 0.245 0.249 0.249 0.2615 0.2615 0.2615 0.2885 0.2885 0.342 0.342 0.353 0.353 0.353 0.3005 0.3005 0.2695 0.2695 0.2605 0.2605 0.2605 0.2725 0.2725 0.26 0.26 0.2895 0.2895 0.2895 0.279 0.279 0.2395 0.2395
0.101 0.127 0.127 0.138 0.138 0.138 0.1575 0.1575 0.1525 0.1525 0.208 0.208 0.2455 0.2455 0.2455 0.2855 0.2855 0.251 0.251 0.2735 0.2735 0.2735 0.249 0.249 0.274 0.274 0.2545 0.2545 0.2545 0.2715 0.2715 0.2665 0.2665 0.2165 0.2165 0.2165 0.204 0.204 0.212 0.212 0.2595 0.2595 0.2595 0.2325 0.2325 0.245 0.245 0.249 0.249 0.2615 0.2615 0.2615 0.2885 0.2885 0.342 0.342 0.353 0.353 0.353 0.3005 0.3005 0.2695 0.2695 0.2605 0.2605 0.2605 0.2725 0.2725 0.26 0.26 0.2895 0.2895 0.2895 0.279 0.279 0.2395 0.2395
0.101 0.127 0.127 0.138 0.138 0.138 0.1575 0.1575 0.1525 0.1525 0.208 0.208 0.2455 0.2455 0.2455 0.2855 0.2855 0.251 0.251 0.2735 0.2735 0.2735 0.249 0.249 0.274 0.274 0.2545 0.2545 0.2545 0.2715 0.2715 0.2665 0.2665 0.2165 0.2165 0.2165 0.204 0.204 0.212 0.212 0.2595 0.2595 0.2595 0.2325 0.2325 0.245 0.245 0.249 0.249 0.2615 0.2615 0.2615 0.2885 0.2885 0.342 0.342 0.353 0.353 0.353 0.3005 0.3005 0.2695 0.2695 0.2605 0.2605 0.2605 0.2725 0.2725 0.26 0.26 0.2895 0.2895 0.2895 0.279 0.279 0.2395 0.2395
0.1355 0.1435 0.1435 0.11 0.11 0.11 0.1745 0.1745 0.1835 0.1835 0.237 0.237 0.243 0.243 0.243 0.3085 0.3085 0.335 0.335 0.327 0.327 0.327 0.2465 0.2465 0.2555 0.2555 0.243 0.243 0.243 0.2905 0.2905 0.2875 0.2875 0.235 0.235 0.235 0.22 0.22 0.2345 0.2345 0.289 0.289 0.289 0.27 0.27 0.2835 0.2835 0.271 0.271 0.3395 0.3395 0.3395 0.3285 0.3285 0.3355 0.3355 0.3525 0.3525 0.3525 0.3 0.3 0.2785 0.2785 0.2605 0.2605 0.2605 0.233 0.233 0.185 0.185 0.2135 0.2135 0.2135 0.2245 0.2245 0.242 0.242
0.1355 0.1435 0.1435 0.11 0.11 0.11 0.1745 0.1745 0.1835 0.1835 0.237 0.237 0.243 0.243 0.243 0.3085 0.3085 0.335 0.335 0.327 0.327 0.327 0.2465 0.2465 0.2555 0.2555 0.243 0.243 0.243 0.2905 0.2905 0.2875 0.2875 0.235 0.235 0.235 0.22 0.22 0.2345 0.2345 0.289 0.289 0.289 0.27 0.27 0.2835 0.2835 0.271 0.271 0.3395 0.3395 0.3395 0.3285 0.3285 0.3355 0.3355 0.3525 0.3525 0.3525 0.3 0.3 0.2785 0.2785 0.2605 0.2605 0.2605 0.233 0.233 0.185 0.185 0.2135 0.2135 0.2135 0.2245 0.2245 0.242 0.242
0.0935 0.1935 0.1935 0.1735 0.1735 0.1735 0.1825 0.1825 0.1965 0.1965 0.247 0.247 0.274 0.274 0.274 0.34 0.34 0.3185 0.3185 0.293 0.293 0.293 0.3145 0.3145 0.26 0.26 0.243 0.243 0.243 0.2785 0.2785 0.273 0.273 0.2985 0.2985 0.2985 0.3135 0.3135 0.3 0.3 0.2845 0.2845 0.2845 0.26 0.26 0.2555 0.2555 0.274 0.274 0.259 0.259 0.259 0.317 0.317 0.304 0.304 0.2885 0.2885 0.2885 0.2515 0.2515 0.2535 0.2535 0.2455 0.2455 0.2455 0.262 0.262 0.248 0.248 0.2205 0.2205 0.2205 0.287 0.287 0.3105 0.3105
0.0935 0.1935 0.1935 0.1735 0.1735 0.1735 0.1825 0.1825 0.1965 0.1965 0.247 0.247 0.274 0.274 0.274 0.34 0.34 0.3185 0.3185 0.293 0.293 0.293 0.3145 0.3145 0.26 0.26 0.243 0.243 0.243 0.2785 0.2785 0.273 0.273 0.2985 0.2985 0.2985 0.3135 0.3135 0.3 0.3 0.2845 0.2845 0.2845 0.26 0.26 0.2555 0.2555 0.274 0.274 0.259 0.259 0.259 0.317 0.317 0.304 0.304 0.2885 0.2885 0.2885 0.2515 0.2515 0.2535 0.2535 0.2455 0.2455 0.2455 0.262 0.262 0.248 0.248 0.2205 0.2205 0.2205 0.287 0.287 0.3105 0.3105
0.239 0.1795 0.1795 0.2 0.2 0.2 0.2465 0.2465 0.1735 0.1735 0.1945 0.1945 0.27 0.27 0.27 0.2905 0.2905 0.329 0.329 0.2675 0.2675 0.2675 0.2355 0.2355 0.245 0.245 0.267 0.267 0.267 0.2915 0.2915 0.2635 0.2635 0.292 0.292 0.292 0.293 0.293 0.264 0.264 0.226 0.226 0.226 0.205 0.205 0.1925 0.1925 0.246 0.246 0.2305 0.2305 0.2305 0.2455 0.2455 0.238 0.238 0.2365 0.2365 0.2365 0.204 0.204 0.2015 0.2015 0.1925 0.1925 0.1925 0.2405 0.2405 0.2395 0.2395 0.233 0.233 0.233 0.271 0.271 0.2745 0.2745
0.239 0.1795 0.1795 0.2 0.2 0.2 0.2465 0.2465 0.1735 0.1735 0.1945 0.1945 0.27 0.27 0.27 0.2905 0.2905 0.329 0.329 0.2675 0.2675 0.2675 0.2355 0.2355 0.245 0.245 0.267 0.267 0.267 0.2915 0.2915 0.2635 0.2635 0.292 0.292 0.292 0.293 0.293 0.264 0.264 0.226 0.226 0.226 0.205 0.205 0.1925 0.1925 0.246 0.246 0.2305 0.2305 0.2305 0.2455 0.2455 0.238 0.238 0.2365 0.2365 0.2365 0.204 0.204 0.2015 0.2015 0.1925 0.1925 0.1925 0.2405 0.2405 0.2395 0.2395 0.233 0.233 0.233 0.271 0.271 0.2745 0.2745
0.239 0.1795 0.1795 0.2 0.2 0.2 0.2465 0.2465 0.1735 0.1735 0.1945 0.1945 0.27 0.27 0.27 0.2905 0.2905 0.329 0.329 0.2675 0.2675 0.2675 0.2355 0.2355 0.245 0.245 0.267 0.267 0.267 0.2915 0.2915 0.2635 0.2635 0.292 0.292 0.292 0.293 0.293 0.264 0.264 0.226 0.226 0.226 0.205 0.205 0.1925 0.1925 0.246 0.246 0.2305 0.2305 0.2305 0.2455 0.2455 0.238 0.238 0.2365 0.2365 0.2365 0.204 0.204 0.2015 0.2015 0.1925 0.1925 0.1925 0.2405 0.2405 0.2395 0.2395 0.233 0.233 0.233 0.271 0.271 0.2745 0.2745
0.2565 0.2695 0.2695 0.187 0.187 0.187 0.2305 0.2305 0.202 0.202 0.224 0.224 0.252 0.252 0.252 0.297 0.297 0.247 0.247 0.2255 0.2255 0.2255 0.228 0.228 0.2315 0.2315 0.252 0.252 0.252 0.2875 0.2875 0.3065 0.3065 0.3105 0.3105 0.3105 0.338 0.338 0.331 0.331 0.2745 0.2745 0.2745 0.252 0.252 0.2105 0.2105 0.298 0.298 0.285 0.285 0.285 0.268 0.268 0.2525 0.2525 0.189 0.189 0.189 0.1525 0.1525 0.1795 0.1795 0.2225 0.2225 0.2225 0.2315 0.2315 0.219 0.219 0.255 0.255 0.255 0.2495 0.2495 0.252 0.252
0.2565 0.2695 0.2695 0.187 0.187 0.187 0.2305 0.2305 0.202 0.202 0.224 0.224 0.252 0.252 0.252 0.297 0.297 0.247 0.247 0.2255 0.2255 0.2255 0.228 0.228 0.2315 0.2315 0.252 0.252 0.252 0.2875 0.2875 0.3065 0.3065 0.3105 0.3105 0.3105 0.338 0.338 0.331 0.331 0.2745 0.2745 0.2745 0.252 0.252 0.2105 0.2105 0.298 0.298 0.285 0.285 0.285 0.268 0.268 0.2525 0.2525 0.189 0.189 0.189 0.1525 0.1525 0.1795 0.1795 0.2225 0.2225 0.2225 0.2315 0.2315 0.219 0.219 0.255 0.255 0.255 0.2495 0.2495 0.252 0.252
0.36 0.296 0.296 0.247 0.247 0.247 0.229 0.229 0.1955 0.1955 0.221 0.221 0.21 0.21 0.21 0.242 0.242 0.2695 0.2695 0.3255 0.3255 0.3255 0.3255 0.3255 0.3195 0.3195 0.341 0.341 0.341 0.353 0.353 0.376 0.376 0.3265 0.3265 0.3265 0.3555 0.3555 0.352 0.352 0.318 0.318 0.318 0.2965 0.2965 0.2955 0.2955 0.2915 0.2915 0.2765 0.2765 0.2765 0.233 0.233 0.196 0.196 0.1755 0.1755 0.1755 0.1705 0.1705 0.1605 0.1605 0.19 0.19 0.19 0.242 0.242 0.2175 0.2175 0.226 0.226 0.226 0.2705 0.2705 0.2845 0.2845
0.36 0.296 0.296 0.247 0.247 0.247 0.229 0.229 0.1955 0.1955 0.221 0.221 0.21 0.21 0.21 0.242 0.242 0.2695 0.2695 0.3255 0.3255 0.3255 0.3255 0.3255 0.3195 0.3195 0.341 0.341 0.341 0.353 0.353 0.376 0.376 0.3265 0.3265 0.3265 0.3555 0.3555 0.352 0.352 0.318 0.318 0.318 0.2965 0.2965 0.2955 0.2955 0.2915 0.2915 0.2765 0.2765 0.2765 0.233 0.233 0.196 0.196 0.1755 0.1755 0.1755 0.1705 0.1705 0.1605 0.1605 0.19 0.19 0.19 0.242 0.242 0.2175 0.2175 0.226 0.226 0.226 0.2705 0.2705 0.2845 0.2845
0.291 0.3145 0.3145 0.289 0.289 0.289 0.21 0.21 0.2085 0.2085 0.243 0.243 0.3005 0.3005 0.3005 0.2825 0.2825 0.296 0.296 0.3265 0.3265 0.3265 0.347 0.347 0.3655 0.3655 0.347 0.347 0.347 0.3725 0.3725 0.3975 0.3975 0.3745 0.3745 0.3745 0.3695 0.3695 0.364 0.364 0.3505 0.3505 0.3505 0.3365 0.3365 0.303 0.303 0.209 0.209 0.218 0.218 0.218 0.1955 0.1955 0.249 0.249 0.2135 0.2135 0.2135 0.1785 0.1785 0.1715 0.1715 0.1645 0.1645 0.1645 0.173 0.173 0.179 0.179 0.1775 0.1775 0.1775 0.2215 0.2215 0.1955 0.1955
