ndvi/NOAA-363.asc
ncols         252
nrows         154
xllcorner     -18.017974
yllcorner     13.481982
cellsize      0.035948
NODATA_value  -9999
[rows 68 to 101 of 154, columns 78 to 155 of 252]
0.21 0.2305 0.2305 0.2155 0.2155 0.2095 0.2095 0.2095 0.208 0.208 0.287 0.287 0.1975 0.1975 0.1885 0.1885 0.1885 0.196 0.196 0.207 0.207 0.199 0.199 0.199 0.2025 0.2025 0.1735 0.1735 0.177 0.177 0.177 0.158 0.158 0.1625 0.1625 0.177 0.177 0.177 0.173 0.173 0.17 0.17 0.119 0.119 0.119 0.0895 0.0895 0.1265 0.1265 0.1405 0.1405 0.1535 0.1535 0.1535 0.1435 0.1435 0.16 0.16 0.188 0.188 0.188 0.199 0.199 0.193 0.193 0.192 0.192 0.192 0.2105 0.2105 0.1745 0.1745 0.145 0.145 0.145 0.137 0.137 0.1285
0.1895 0.1905 0.1905 0.1825 0.1825 0.196 0.196 0.196 0.19 0.19 0.2055 0.2055 0.1915 0.1915 0.1895 0.1895 0.1895 0.191 0.191 0.1755 0.1755 0.18 0.18 0.18 0.225 0.225 0.1985 0.1985 0.172 0.172 0.172 0.164 0.164 0.1695 0.1695 0.1665 0.1665 0.1665 0.1825 0.1825 0.173 0.173 0.1515 0.1515 0.1515 0.139 0.139 0.1385 0.1385 0.1495 0.1495 0.1555 0.1555 0.1555 0.161 0.161 0.182 0.182 0.1795 0.1795 0.1795 0.1915 0.1915 0.193 0.193 0.191 0.191 0.191 0.206 0.206 0.1905 0.1905 0.1655 0.1655 0.1655 0.1165 0.1165 0.1305
0.1895 0.1905 0.1905 0.1825 0.1825 0.196 0.196 0.196 0.19 0.19 0.2055 0.2055 0.1915 0.1915 0.1895 0.1895 0.1895 0.191 0.191 0.1755 0.1755 0.18 0.18 0.18 0.225 0.225 0.1985 0.1985 0.172 0.172 0.172 0.164 0.164 0.1695 0.1695 0.1665 0.1665 0.1665 0.1825 0.1825 0.173 0.173 0.1515 0.1515 0.1515 0.139 0.139 0.1385 0.1385 0.1495 0.1495 0.1555 0.1555 0.1555 0.161 0.161 0.182 0.182 0.1795 0.1795 0.1795 0.1915 0.1915 0.193 0.193 0.191 0.191 0.191 0.206 0.206 0.1905 0.1905 0.1655 0.1655 0.1655 0.1165 0.1165 0.1305
0.207 0.2005 0.2005 0.189 0.189 0.1845 0.1845 0.1845 0.1885 0.1885 0.188 0.188 0.1915 0.1915 0.1945 0.1945 0.1945 0.198 0.198 0.1865 0.1865 0.225 0.225 0.225 0.2315 0.2315 0.204 0.204 0.1865 0.1865 0.1865 0.197 0.197 0.1785 0.1785 0.1915 0.1915 0.1915 0.206 0.206 0.1935 0.1935 0.1845 0.1845 0.1845 0.138 0.138 0.143 0.143 0.152 0.152 0.1745 0.1745 0.1745 0.1915 0.1915 0.183 0.183 0.199 0.199 0.199 0.195 0.195 0.1935 0.1935 0.194 0.194 0.194 0.1725 0.1725 0.1755 0.1755 0.183 0.183 0.183 0.151 0.151 0.1535
0.207 0.2005 0.2005 0.189 0.189 0.1845 0.1845 0.1845 0.1885 0.1885 0.188 0.188 0.1915 0.1915 0.1945 0.1945 0.1945 0.198 0.198 0.1865 0.1865 0.225 0.225 0.225 0.2315 0.2315 0.204 0.204 0.1865 0.1865 0.1865 0.197 0.197 0.1785 0.1785 0.1915 0.1915 0.1915 0.206 0.206 0.1935 0.1935 0.1845 0.1845 0.1845 0.138 0.138 0.143 0.143 0.152 0.152 0.1745 0.1745 0.1745 0.1915 0.1915 0.183 0.183 0.199 0.199 0.199 0.195 0.195 0.1935 0.1935 0.194 0.194 0.194 0.1725 0.1725 0.1755 0.1755 0.183 0.183 0.183 0.151 0.151 0.1535
0.207 0.2005 0.2005 0.189 0.189 0.1845 0.1845 0.1845 0.1885 0.1885 0.188 0.188 0.1915 0.1915 0.1945 0.1945 0.1945 0.198 0.198 0.1865 0.1865 0.225 0.225 0.225 0.2315 0.2315 0.204 0.204 0.1865 0.1865 0.1865 0.197 0.197 0.1785 0.1785 0.1915 0.1915 0.1915 0.206 0.206 0.1935 0.1935 0.1845 0.1845 0.1845 0.138 0.138 0.143 0.143 0.152 0.152 0.1745 0.1745 0.1745 0.1915 0.1915 0.183 0.183 0.199 0.199 0.199 0.195 0.195 0.1935 0.1935 0.194 0.194 0.194 0.1725 0.1725 0.1755 0.1755 0.183 0.183 0.183 0.151 0.151 0.1535
0.2175 0.2125 0.2125 0.196 0.196 0.1915 0.1915 0.1915 0.193 0.193 0.194 0.194 0.185 0.185 0.1835 0.1835 0.1835 0.1785 0.1785 0.1725 0.1725 0.1865 0.1865 0.1865 0.188 0.188 0.206 0.206 0.2065 0.2065 0.2065 0.2055 0.2055 0.1935 0.1935 0.2015 0.2015 0.2015 0.182 0.182 0.1815 0.1815 0.146 0.146 0.146 0.156 0.156 0.1985 0.1985 0.173 0.173 0.171 0.171 0.171 0.1755 0.1755 0.1815 0.1815 0.1915 0.1915 0.1915 0.1825 0.1825 0.2075 0.2075 0.2175 0.2175 0.2175 0.1945 0.1945 0.2075 0.2075 0.151 0.151 0.151 0.141 0.141 0.137
0.2175 0.2125 0.2125 0.196 0.196 0.1915 0.1915 0.1915 0.193 0.193 0.194 0.194 0.185 0.185 0.1835 0.1835 0.1835 0.1785 0.1785 0.1725 0.1725 0.1865 0.1865 0.1865 0.188 0.188 0.206 0.206 0.2065 0.2065 0.2065 0.2055 0.2055 0.1935 0.1935 0.2015 0.2015 0.2015 0.182 0.182 0.1815 0.1815 0.146 0.146 0.146 0.156 0.156 0.1985 0.1985 0.173 0.173 0.171 0.171 0.171 0.1755 0.1755 0.1815 0.1815 0.1915 0.1915 0.1915 0.1825 0.1825 0.2075 0.2075 0.2175 0.2175 0.2175 0.1945 0.1945 0.2075 0.2075 0.151 0.151 0.151 0.141 0.141 0.137
0.204 0.2 0.2 0.1985 0.1985 0.1895 0.1895 0.1895 0.194 0.194 0.1875 0.1875 0.1905 0.1905 0.1895 0.1895 0.1895 0.185 0.185 0.1835 0.1835 0.185 0.185 0.185 0.1905 0.1905 0.1965 0.1965 0.197 0.197 0.197 0.1955 0.1955 0.2165 0.2165 0.2105 0.2105 0.2105 0.1955 0.1955 0.1915 0.1915 0.1725 0.1725 0.1725 0.1505 0.1505 0.2115 0.2115 0.2025 0.2025 0.1855 0.1855 0.1855 0.1845 0.1845 0.1745 0.1745 0.1655 0.1655 0.1655 0.1725 0.1725 0.178 0.178 0.158 0.158 0.158 0.174 0.174 0.15 0.15 0.1355 0.1355 0.1355 0.126 0.126 0.1485
0.204 0.2 0.2 0.1985 0.1985 0.1895 0.1895 0.1895 0.194 0.194 0.1875 0.1875 0.1905 0.1905 0.1895 0.1895 0.1895 0.185 0.185 0.1835 0.1835 0.185 0.185 0.185 0.1905 0.1905 0.1965 0.1965 0.197 0.197 0.197 0.1955 0.1955 0.2165 0.2165 0.2105 0.2105 0.2105 0.1955 0.1955 0.1915 0.1915 0.1725 0.1725 0.1725 0.1505 0.1505 0.2115 0.2115 0.2025 0.2025 0.1855 0.1855 0.1855 0.1845 0.1845 0.1745 0.1745 0.1655 0.1655 0.1655 0.1725 0.1725 0.178 0.178 0.158 0.158 0.158 0.174 0.174 0.15 0.15 0.1355 0.1355 0.1355 0.126 0.126 0.1485
0.2005 0.1905 0.1905 0.1865 0.1865 0.1955 0.1955 0.1955 0.1945 0.1945 0.1905 0.1905 0.203 0.203 0.193 0.193 0.193 0.1955 0.1955 0.1945 0.1945 0.195 0.195 0.195 0.19 0.19 0.198 0.198 0.2 0.2 0.2 0.22 0.22 0.233 0.233 0.2105 0.2105 0.2105 0.216 0.216 0.2175 0.2175 0.2005 0.2005 0.2005 0.196 0.196 0.2015 0.2015 0.17 0.17 0.176 0.176 0.176 0.1585 0.1585 0.1355 0.1355 0.165 0.165 0.165 0.1865 0.1865 0.1885 0.1885 0.177 0.177 0.177 0.191 0.191 0.1695 0.1695 0.1465 0.1465 0.1465 0.119 0.119 0.138
0.2005 0.1905 0.1905 0.1865 0.1865 0.1955 0.1955 0.1955 0.1945 0.1945 0.1905 0.1905 0.203 0.203 0.193 0.193 0.193 0.1955 0.1955 0.1945 0.1945 0.195 0.195 0.195 0.19 0.19 0.198 0.198 0.2 0.2 0.2 0.22 0.22 0.233 0.233 0.2105 0.2105 0.2105 0.216 0.216 0.2175 0.2175 0.2005 0.2005 0.2005 0.196 0.196 0.2015 0.2015 0.17 0.17 0.176 0.176 0.176 0.1585 0.1585 0.1355 0.1355 0.165 0.165 0.165 0.1865 0.1865 0.1885 0.1885 0.177 0.177 0.177 0.191 0.191 0.1695 0.1695 0.1465 0.1465 0.1465 0.119 0.119 0.138
0.213 0.2065 0.2065 0.188 0.188 0.187 0.187 0.187 0.2175 0.2175 0.215 0.215 0.208 0.208 0.2135 0.2135 0.2135 0.203 0.203 0.2005 0.2005 0.19 0.19 0.19 0.1945 0.1945 0.193 0.193 0.195 0.195 0.195 0.2155 0.2155 0.2195 0.2195 0.206 0.206 0.206 0.2 0.2 0.2005 0.2005 0.198 0.198 0.198 0.212 0.212 0.2055 0.2055 0.1745 0.1745 0.152 0.152 0.152 0.1455 0.1455 0.146 0.146 0.163 0.163 0.163 0.1965 0.1965 0.1655 0.1655 0.1425 0.1425 0.1425 0.1375 0.1375 0.128 0.128 0.156 0.156 0.156 0.123 0.123 0.1265
0.213 0.2065 0.2065 0.188 0.188 0.187 0.187 0.187 0.2175 0.2175 0.215 0.215 0.208 0.208 0.2135 0.2135 0.2135 0.203 0.203 0.2005 0.2005 0.19 0.19 0.19 0.1945 0.1945 0.193 0.193 0.195 0.195 0.195 0.2155 0.2155 0.2195 0.2195 0.206 0.206 0.206 0.2 0.2 0.2005 0.2005 0.198 0.198 0.198 0.212 0.212 0.2055 0.2055 0.1745 0.1745 0.152 0.152 0.152 0.1455 0.1455 0.146 0.146 0.163 0.163 0.163 0.1965 0.1965 0.1655 0.1655 0.1425 0.1425 0.1425 0.1375 0.1375 0.128 0.128 0.156 0.156 0.156 0.123 0.123 0.1265
0.213 0.2065 0.2065 0.188 0.188 0.187 0.187 0.187 0.2175 0.2175 0.215 0.215 0.208 0.208 0.2135 0.2135 0.2135 0.203 0.203 0.2005 0.2005 0.19 0.19 0.19 0.1945 0.1945 0.193 0.193 0.195 0.195 0.195 0.2155 0.2155 0.2195 0.2195 0.206 0.206 0.206 0.2 0.2 0.2005 0.2005 0.198 0.198 0.198 0.212 0.212 0.2055 0.2055 0.1745 0.1745 0.152 0.152 0.152 0.1455 0.1455 0.146 0.146 0.163 0.163 0.163 0.1965 0.1965 0.1655 0.1655 0.1425 0.1425 0.1425 0.1375 0.1375 0.128 0.128 0.156 0.156 0.156 0.123 0.123 0.1265
0.2205 0.2085 0.2085 0.1905 0.1905 0.188 0.188 0.188 0.217 0.217 0.2275 0.2275 0.218 0.218 0.214 0.214 0.214 0.207 0.207 0.188 0.188 0.2065 0.2065 0.2065 0.202 0.202 0.207 0.207 0.2065 0.2065 0.2065 0.219 0.219 0.216 0.216 0.222 0.222 0.222 0.2125 0.2125 0.2 0.2 0.187 0.187 0.187 0.196 0.196 0.2395 0.2395 0.191 0.191 0.169 0.169 0.169 0.168 0.168 0.1765 0.1765 0.174 0.174 0.174 0.169 0.169 0.1825 0.1825 0.1645 0.1645 0.1645 0.17 0.17 0.167 0.167 0.1495 0.1495 0.1495 0.1385 0.1385 0.151
0.2205 0.2085 0.2085 0.1905 0.1905 0.188 0.188 0.188 0.217 0.217 0.2275 0.2275 0.218 0.218 0.214 0.214 0.214 0.207 0.207 0.188 0.188 0.2065 0.2065 0.2065 0.202 0.202 0.207 0.207 0.2065 0.2065 0.2065 0.219 0.219 0.216 0.216 0.222 0.222 0.222 0.2125 0.2125 0.2 0.2 0.187 0.187 0.187 0.196 0.196 0.2395 0.2395 0.191 0.191 0.169 0.169 0.169 0.168 0.168 0.1765 0.1765 0.174 0.174 0.174 0.169 0.169 0.1825 0.1825 0.1645 0.1645 0.1645 0.17 0.17 0.167 0.167 0.1495 0.1495 0.1495 0.1385 0.1385 0.151
0.2175 0.2025 0.2025 0.186 0.186 0.213 0.213 0.213 0.2125 0.2125 0.217 0.217 0.2035 0.2035 0.21 0.21 0.21 0.2215 0.2215 0.218 0.218 0.205 0.205 0.205 0.2045 0.2045 0.2245 0.2245 0.225 0.225 0.225 0.2345 0.2345 0.2245 0.2245 0.2275 0.2275 0.2275 0.218 0.218 0.21 0.21 0.19 0.19 0.19 0.1865 0.1865 0.201 0.201 0.2125 0.2125 0.2005 0.2005 0.2005 0.195 0.195 0.185 0.185 0.1875 0.1875 0.1875 0.2065 0.2065 0.171 0.171 0.164 0.164 0.164 0.157 0.157 0.1585 0.1585 0.146 0.146 0.146 0.1385 0.1385 0.152
0.2175 0.2025 0.2025 0.186 0.186 0.213 0.213 0.213 0.2125 0.2125 0.217 0.217 0.2035 0.2035 0.21 0.21 0.21 0.2215 0.2215 0.218 0.218 0.205 0.205 0.205 0.2045 0.2045 0.2245 0.2245 0.225 0.225 0.225 0.2345 0.2345 0.2245 0.2245 0.2275 0.2275 0.2275 0.218 0.218 0.21 0.21 0.19 0.19 0.19 0.1865 0.1865 0.201 0.201 0.2125 0.2125 0.2005 0.2005 0.2005 0.195 0.195 0.185 0.185 0.1875 0.1875 0.1875 0.2065 0.2065 0.171 0.171 0.164 0.164 0.164 0.157 0.157 0.1585 0.1585 0.146 0.146 0.146 0.1385 0.1385 0.152
0.2245 0.201 0.201 0.207 0.207 0.2205 0.2205 0.2205 0.214 0.214 0.2025 0.2025 0.205 0.205 0.197 0.197 0.197 0.2055 0.2055 0.1925 0.1925 0.207 0.207 0.207 0.2115 0.2115 0.2205 0.2205 0.2245 0.2245 0.2245 0.2315 0.2315 0.2015 0.2015 0.204 0.204 0.204 0.231 0.231 0.2305 0.2305 0.2365 0.2365 0.2365 0.205 0.205 0.197 0.197 0.245 0.245 0.202 0.202 0.202 0.1945 0.1945 0.1805 0.1805 0.1965 0.1965 0.1965 0.205 0.205 0.2065 0.2065 0.172 0.172 0.172 0.1685 0.1685 0.174 0.174 0.1505 0.1505 0.1505 0.1305 0.1305 0.146
0.2245 0.201 0.201 0.207 0.207 0.2205 0.2205 0.2205 0.214 0.214 0.2025 0.2025 0.205 0.205 0.197 0.197 0.197 0.2055 0.2055 0.1925 0.1925 0.207 0.207 0.207 0.2115 0.2115 0.2205 0.2205 0.2245 0.2245 0.2245 0.2315 0.2315 0.2015 0.2015 0.204 0.204 0.204 0.231 0.231 0.2305 0.2305 0.2365 0.2365 0.2365 0.205 0.205 0.197 0.197 0.245 0.245 0.202 0.202 0.202 0.1945 0.1945 0.1805 0.1805 0.1965 0.1965 0.1965 0.205 0.205 0.2065 0.2065 0.172 0.172 0.172 0.1685 0.1685 0.174 0.174 0.1505 0.1505 0.1505 0.1305 0.1305 0.146
0.2245 0.201 0.201 0.207 0.207 0.2205 0.2205 0.2205 0.214 0.214 0.2025 0.2025 0.205 0.205 0.197 0.197 0.197 0.2055 0.2055 0.1925 0.1925 0.207 0.207 0.207 0.2115 0.2115 0.2205 0.2205 0.2245 0.2245 0.2245 0.2315 0.2315 0.2015 0.2015 0.204 0.204 0.204 0.231 0.231 0.2305 0.2305 0.2365 0.2365 0.2365 0.205 0.205 0.197 0.197 0.245 0.245 0.202 0.202 0.202 0.1945 0.1945 0.1805 0.1805 0.1965 0.1965 0.1965 0.205 0.205 0.2065 0.2065 0.172 0.172 0.172 0.1685 0.1685 0.174 0.174 0.1505 0.1505 0.1505 0.1305 0.1305 0.146
0.214 0.2235 0.2235 0.217 0.217 0.2175 0.2175 0.2175 0.2195 0.2195 0.213 0.213 0.2 0.2 0.1945 0.1945 0.1945 0.2175 0.2175 0.2005 0.2005 0.206 0.206 0.206 0.2115 0.2115 0.2115 0.2115 0.258 0.258 0.258 0.226 0.226 0.2435 0.2435 0.2455 0.2455 0.2455 0.242 0.242 0.277 0.277 0.252 0.252 0.252 0.2415 0.2415 0.2295 0.2295 0.2115 0.2115 0.197 0.197 0.197 0.2045 0.2045 0.1995 0.1995 0.226 0.226 0.226 0.238 0.238 0.2285 0.2285 0.1825 0.1825 0.1825 0.159 0.159 0.1875 0.1875 0.1475 0.1475 0.1475 0.1385 0.1385 0.181
0.214 0.2235 0.2235 0.217 0.217 0.2175 0.2175 0.2175 0.2195 0.2195 0.213 0.213 0.2 0.2 0.1945 0.1945 0.1945 0.2175 0.2175 0.2005 0.2005 0.206 0.206 0.206 0.2115 0.2115 0.2115 0.2115 0.258 0.258 0.258 0.226 0.226 0.2435 0.2435 0.2455 0.2455 0.2455 0.242 0.242 0.277 0.277 0.252 0.252 0.252 0.2415 0.2415 0.2295 0.2295 0.2115 0.2115 0.197 0.197 0.197 0.2045 0.2045 0.1995 0.1995 0.226 0.226 0.226 0.238 0.238 0.2285 0.2285 0.1825 0.1825 0.1825 0.159 0.159 0.1875 0.1875 0.1475 0.1475 0.1475 0.1385 0.1385 0.181
0.2085 0.222 0.222 0.218 0.218 0.2005 0.2005 0.2005 0.203 0.203 0.21 0.21 0.203 0.203 0.2085 0.2085 0.2085 0.2175 0.2175 0.192 0.192 0.219 0.219 0.219 0.2115 0.2115 0.2345 0.2345 0.2625 0.2625 0.2625 0.2285 0.2285 0.2675 0.2675 0.2385 0.2385 0.2385 0.244 0.244 0.245 0.245 0.253 0.253 0.253 0.2515 0.2515 0.2185 0.2185 0.196 0.196 0.217 0.217 0.217 0.2035 0.2035 0.182 0.182 0.208 0.208 0.208 0.2275 0.2275 0.231 0.231 0.1945 0.1945 0.1945 0.195 0.195 0.2205 0.2205 0.1795 0.1795 0.1795 0.194 0.194 0.167
0.2085 0.222 0.222 0.218 0.218 0.2005 0.2005 0.2005 0.203 0.203 0.21 0.21 0.203 0.203 0.2085 0.2085 0.2085 0.2175 0.2175 0.192 0.192 0.219 0.219 0.219 0.2115 0.2115 0.2345 0.2345 0.2625 0.2625 0.2625 0.2285 0.2285 0.2675 0.2675 0.2385 0.2385 0.2385 0.244 0.244 0.245 0.245 0.253 0.253 0.253 0.2515 0.2515 0.2185 0.2185 0.196 0.196 0.217 0.217 0.217 0.2035 0.2035 0.182 0.182 0.208 0.208 0.208 0.2275 0.2275 0.231 0.231 0.1945 0.1945 0.1945 0.195 0.195 0.2205 0.2205 0.1795 0.1795 0.1795 0.194 0.194 0.167
0.2045 0.187 0.187 0.213 0.213 0.2135 0.2135 0.2135 0.2205 0.2205 0.2335 0.2335 0.2195 0.2195 0.223 0.223 0.223 0.2355 0.2355 0.2335 0.2335 0.2205 0.2205 0.2205 0.217 0.217 0.241 0.241 0.254 0.254 0.254 0.2775 0.2775 0.2625 0.2625 0.258 0.258 0.258 0.2575 0.2575 0.2165 0.2165 0.248 0.248 0.248 0.2375 0.2375 0.217 0.217 0.222 0.222 0.1995 0.1995 0.1995 0.1985 0.1985 0.19 0.19 0.1665 0.1665 0.1665 0.186 0.186 0.218 0.218 0.189 0.189 0.189 0.191 0.191 0.1835 0.1835 0.187 0.187 0.187 0.178 0.178 0.178
0.2045 0.187 0.187 0.213 0.213 0.2135 0.2135 0.2135 0.2205 0.2205 0.2335 0.2335 0.2195 0.2195 0.223 0.223 0.223 0.2355 0.2355 0.2335 0.2335 0.2205 0.2205 0.2205 0.217 0.217 0.241 0.241 0.254 0.254 0.254 0.2775 0.2775 0.2625 0.2625 0.258 0.258 0.258 0.2575 0.2575 0.2165 0.2165 0.248 0.248 0.248 0.2375 0.2375 0.217 0.217 0.222 0.222 0.1995 0.1995 0.1995 0.1985 0.1985 0.19 0.19 0.1665 0.1665 0.1665 0.186 0.186 0.218 0.218 0.189 0.189 0.189 0.191 0.191 0.1835 0.1835 0.187 0.187 0.187 0.178 0.178 0.178
0.2045 0.187 0.187 0.213 0.213 0.2135 0.2135 0.2135 0.2205 0.2205 0.2335 0.2335 0.2195 0.2195 0.223 0.223 0.223 0.2355 0.2355 0.2335 0.2335 0.2205 0.2205 0.2205 0.217 0.217 0.241 0.241 0.254 0.254 0.254 0.2775 0.2775 0.2625 0.2625 0.258 0.258 0.258 0.2575 0.2575 0.2165 0.2165 0.248 0.248 0.248 0.2375 0.2375 0.217 0.217 0.222 0.222 0.1995 0.1995 0.1995 0.1985 0.1985 0.19 0.19 0.1665 0.1665 0.1665 0.186 0.186 0.218 0.218 0.189 0.189 0.189 0.191 0.191 0.1835 0.1835 0.187 0.187 0.187 0.178 0.178 0.178
0.2125 0.1985 0.1985 0.2105 0.2105 0.2165 0.2165 0.2165 0.219 0.219 0.2305 0.2305 0.2355 0.2355 0.241 0.241 0.241 0.215 0.215 0.215 0.215 0.1955 0.1955 0.1955 0.1995 0.1995 0.237 0.237 0.247 0.247 0.247 0.244 0.244 0.269 0.269 0.2805 0.2805 0.2805 0.2525 0.2525 0.255 0.255 0.23 0.23 0.23 0.218 0.218 0.223 0.223 0.227 0.227 0.231 0.231 0.231 0.219 0.219 0.2055 0.2055 0.218 0.218 0.218 0.247 0.247 0.211 0.211 0.2355 0.2355 0.2355 0.226 0.226 0.1935 0.1935 0.1635 0.1635 0.1635 0.1795 0.1795 0.1595
0.2125 0.1985 0.1985 0.2105 0.2105 0.2165 0.2165 0.2165 0.219 0.219 0.2305 0.2305 0.2355 0.2355 0.241 0.241 0.241 0.215 0.215 0.215 0.215 0.1955 0.1955 0.1955 0.1995 0.1995 0.237 0.237 0.247 0.247 0.247 0.244 0.244 0.269 0.269 0.2805 0.2805 0.2805 0.2525 0.2525 0.255 0.255 0.23 0.23 0.23 0.218 0.218 0.223 0.223 0.227 0.227 0.231 0.231 0.231 0.219 0.219 0.2055 0.2055 0.218 0.218 0.218 0.247 0.247 0.211 0.211 0.2355 0.2355 0.2355 0.226 0.226 0.1935 0.1935 0.1635 0.1635 0.1635 0.1795 0.1795 0.1595
0.2095 0.223 0.223 0.22 0.22 0.216 0.216 0.216 0.198 0.198 0.213 0.213 0.209 0.209 0.2 0.2 0.2 0.2245 0.2245 0.2265 0.2265 0.2305 0.2305 0.2305 0.2185 0.2185 0.2295 0.2295 0.2285 0.2285 0.2285 0.239 0.239 0.25 0.25 0.256 0.256 0.256 0.2345 0.2345 0.207 0.207 0.2605 0.2605 0.2605 0.2465 0.2465 0.234 0.234 0.2295 0.2295 0.227 0.227 0.227 0.219 0.219 0.2075 0.2075 0.206 0.206 0.206 0.206 0.206 0.206 0.206 0.236 0.236 0.236 0.2345 0.2345 0.223 0.223 0.206 0.206 0.206 0.209 0.209 0.1815
0.2095 0.223 0.223 0.22 0.22 0.216 0.216 0.216 0.198 0.198 0.213 0.213 0.209 0.209 0.2 0.2 0.2 0.2245 0.2245 0.2265 0.2265 0.2305 0.2305 0.2305 0.2185 0.2185 0.2295 0.2295 0.2285 0.2285 0.2285 0.239 0.239 0.25 0.25 0.256 0.256 0.256 0.2345 0.2345 0.207 0.207 0.2605 0.2605 0.2605 0.2465 0.2465 0.234 0.234 0.2295 0.2295 0.227 0.227 0.227 0.219 0.219 0.2075 0.2075 0.206 0.206 0.206 0.206 0.206 0.206 0.206 0.236 0.236 0.236 0.2345 0.2345 0.223 0.223 0.206 0.206 0.206 0.209 0.209 0.1815
0.2115 0.2305 0.2305 0.214 0.214 0.225 0.225 0.225 0.237 0.237 0.21 0.21 0.2095 0.2095 0.2075 0.2075 0.2075 0.1855 0.1855 0.198 0.198 0.21 0.21 0.21 0.201 0.201 0.213 0.213 0.2265 0.2265 0.2265 0.239 0.239 0.2505 0.2505 0.261 0.261 0.261 0.26 0.26 0.2365 0.2365 0.264 0.264 0.264 0.263 0.263 0.258 0.258 0.266 0.266 0.2415 0.2415 0.2415 0.236 0.236 0.216 0.216 0.2085 0.2085 0.2085 0.184 0.184 0.218 0.218 0.2495 0.2495 0.2495 0.2335 0.2335 0.2215 0.2215 0.1775 0.1775 0.1775 0.201 0.201 0.1925
