ndvi/NOAA-347.asc
ncols         252
nrows         154
xllcorner     -18.017974
yllcorner     13.481982
cellsize      0.035948
NODATA_value  -9999
[rows 34 to 67 of 154, columns 154 to 230 of 252]
0.149 0.1415 0.1415 0.1705 0.1705 0.1705 0.1545 0.1545 0.1125 0.1125 0.1225 0.1225 0.1135 0.1135 0.1135 0.133 0.133 0.132 0.132 0.1355 0.1355 0.1355 0.123 0.123 0.136 0.136 0.1395 0.1395 0.1395 0.135 0.135 0.1615 0.1615 0.1315 0.1315 0.1315 0.133 0.133 0.136 0.136 0.119 0.119 0.119 0.134 0.134 0.1195 0.1195 0.1195 0.1195 0.1135 0.1135 0.1135 0.1225 0.1225 0.123 0.123 0.131 0.131 0.131 0.1455 0.1455 0.138 0.138 0.138 0.138 0.138 0.14 0.14 0.134 0.134 0.1245 0.1245 0.1245 0.126 0.126 0.1265 0.1265
0.149 0.1415 0.1415 0.1705 0.1705 0.1705 0.1545 0.1545 0.1125 0.1125 0.1225 0.1225 0.1135 0.1135 0.1135 0.133 0.133 0.132 0.132 0.1355 0.1355 0.1355 0.123 0.123 0.136 0.136 0.1395 0.1395 0.1395 0.135 0.135 0.1615 0.1615 0.1315 0.1315 0.1315 0.133 0.133 0.136 0.136 0.119 0.119 0.119 0.134 0.134 0.1195 0.1195 0.1195 0.1195 0.1135 0.1135 0.1135 0.1225 0.1225 0.123 0.123 0.131 0.131 0.131 0.1455 0.1455 0.138 0.138 0.138 0.138 0.138 0.14 0.14 0.134 0.134 0.1245 0.1245 0.1245 0.126 0.126 0.1265 0.1265
0.149 0.1415 0.1415 0.1705 0.1705 0.1705 0.1545 0.1545 0.1125 0.1125 0.1225 0.1225 0.1135 0.1135 0.1135 0.133 0.133 0.132 0.132 0.1355 0.1355 0.1355 0.123 0.123 0.136 0.136 0.1395 0.1395 0.1395 0.135 0.135 0.1615 0.1615 0.1315 0.1315 0.1315 0.133 0.133 0.136 0.136 0.119 0.119 0.119 0.134 0.134 0.1195 0.1195 0.1195 0.1195 0.1135 0.1135 0.1135 0.1225 0.1225 0.123 0.123 0.131 0.131 0.131 0.1455 0.1455 0.138 0.138 0.138 0.138 0.138 0.14 0.14 0.134 0.134 0.1245 0.1245 0.1245 0.126 0.126 0.1265 0.1265
0.1475 0.163 0.163 0.146 0.146 0.146 0.182 0.182 0.105 0.105 0.1095 0.1095 0.1245 0.1245 0.1245 0.136 0.136 0.1305 0.1305 0.1245 0.1245 0.1245 0.1315 0.1315 0.1425 0.1425 0.156 0.156 0.156 0.149 0.149 0.1295 0.1295 0.1325 0.1325 0.1325 0.1245 0.1245 0.1285 0.1285 0.129 0.129 0.129 0.128 0.128 0.1325 0.1325 0.134 0.134 0.114 0.114 0.114 0.123 0.123 0.125 0.125 0.162 0.162 0.162 0.15 0.15 0.1395 0.1395 0.131 0.131 0.131 0.1315 0.1315 0.1335 0.1335 0.131 0.131 0.131 0.1355 0.1355 0.129 0.129
0.1475 0.163 0.163 0.146 0.146 0.146 0.182 0.182 0.105 0.105 0.1095 0.1095 0.1245 0.1245 0.1245 0.136 0.136 0.1305 0.1305 0.1245 0.1245 0.1245 0.1315 0.1315 0.1425 0.1425 0.156 0.156 0.156 0.149 0.149 0.1295 0.1295 0.1325 0.1325 0.1325 0.1245 0.1245 0.1285 0.1285 0.129 0.129 0.129 0.128 0.128 0.1325 0.1325 0.134 0.134 0.114 0.114 0.114 0.123 0.123 0.125 0.125 0.162 0.162 0.162 0.15 0.15 0.1395 0.1395 0.131 0.131 0.131 0.1315 0.1315 0.1335 0.1335 0.131 0.131 0.131 0.1355 0.1355 0.129 0.129
0.153 0.1405 0.1405 0.1365 0.1365 0.1365 0.137 0.137 0.1075 0.1075 0.1135 0.1135 0.123 0.123 0.123 0.113 0.113 0.1115 0.1115 0.095 0.095 0.095 0.1065 0.1065 0.1545 0.1545 0.19 0.19 0.19 0.1535 0.1535 0.1515 0.1515 0.139 0.139 0.139 0.12 0.12 0.1365 0.1365 0.133 0.133 0.133 0.1295 0.1295 0.1405 0.1405 0.1345 0.1345 0.1265 0.1265 0.1265 0.1145 0.1145 0.141 0.141 0.1545 0.1545 0.1545 0.15 0.15 0.1385 0.1385 0.135 0.135 0.135 0.1375 0.1375 0.139 0.139 0.1445 0.1445 0.1445 0.1405 0.1405 0.1345 0.1345
0.153 0.1405 0.1405 0.1365 0.1365 0.1365 0.137 0.137 0.1075 0.1075 0.1135 0.1135 0.123 0.123 0.123 0.113 0.113 0.1115 0.1115 0.095 0.095 0.095 0.1065 0.1065 0.1545 0.1545 0.19 0.19 0.19 0.1535 0.1535 0.1515 0.1515 0.139 0.139 0.139 0.12 0.12 0.1365 0.1365 0.133 0.133 0.133 0.1295 0.1295 0.1405 0.1405 0.1345 0.1345 0.1265 0.1265 0.1265 0.1145 0.1145 0.141 0.141 0.1545 0.1545 0.1545 0.15 0.15 0.1385 0.1385 0.135 0.135 0.135 0.1375 0.1375 0.139 0.139 0.1445 0.1445 0.1445 0.1405 0.1405 0.1345 0.1345
0.162 0.139 0.139 0.1205 0.1205 0.1205 0.122 0.122 0.1335 0.1335 0.1265 0.1265 0.112 0.112 0.112 0.12 0.12 0.127 0.127 0.1175 0.1175 0.1175 0.108 0.108 0.1565 0.1565 0.1615 0.1615 0.1615 0.1665 0.1665 0.152 0.152 0.136 0.136 0.136 0.1425 0.1425 0.1355 0.1355 0.1405 0.1405 0.1405 0.1325 0.1325 0.141 0.141 0.1345 0.1345 0.1165 0.1165 0.1165 0.133 0.133 0.1305 0.1305 0.1475 0.1475 0.1475 0.1385 0.1385 0.1505 0.1505 0.1575 0.1575 0.1575 0.15 0.15 0.1525 0.1525 0.139 0.139 0.139 0.1545 0.1545 0.158 0.158
0.162 0.139 0.139 0.1205 0.1205 0.1205 0.122 0.122 0.1335 0.1335 0.1265 0.1265 0.112 0.112 0.112 0.12 0.12 0.127 0.127 0.1175 0.1175 0.1175 0.108 0.108 0.1565 0.1565 0.1615 0.1615 0.1615 0.1665 0.1665 0.152 0.152 0.136 0.136 0.136 0.1425 0.1425 0.1355 0.1355 0.1405 0.1405 0.1405 0.1325 0.1325 0.141 0.141 0.1345 0.1345 0.1165 0.1165 0.1165 0.133 0.133 0.1305 0.1305 0.1475 0.1475 0.1475 0.1385 0.1385 0.1505 0.1505 0.1575 0.1575 0.1575 0.15 0.15 0.1525 0.1525 0.139 0.139 0.139 0.1545 0.1545 0.158 0.158
0.162 0.139 0.139 0.1205 0.1205 0.1205 0.122 0.122 0.1335 0.1335 0.1265 0.1265 0.112 0.112 0.112 0.12 0.12 0.127 0.127 0.1175 0.1175 0.1175 0.108 0.108 0.1565 0.1565 0.1615 0.1615 0.1615 0.1665 0.1665 0.152 0.152 0.136 0.136 0.136 0.1425 0.1425 0.1355 0.1355 0.1405 0.1405 0.1405 0.1325 0.1325 0.141 0.141 0.1345 0.1345 0.1165 0.1165 0.1165 0.133 0.133 0.1305 0.1305 0.1475 0.1475 0.1475 0.1385 0.1385 0.1505 0.1505 0.1575 0.1575 0.1575 0.15 0.15 0.1525 0.1525 0.139 0.139 0.139 0.1545 0.1545 0.158 0.158
0.16 0.1675 0.1675 0.181 0.181 0.181 0.127 0.127 0.1525 0.1525 0.1335 0.1335 0.135 0.135 0.135 0.12 0.12 0.1545 0.1545 0.1635 0.1635 0.1635 0.123 0.123 0.1365 0.1365 0.1335 0.1335 0.1335 0.143 0.143 0.147 0.147 0.159 0.159 0.159 0.1325 0.1325 0.1355 0.1355 0.135 0.135 0.135 0.129 0.129 0.1345 0.1345 0.14 0.14 0.1435 0.1435 0.1435 0.1355 0.1355 0.1465 0.1465 0.15 0.15 0.15 0.1485 0.1485 0.153 0.153 0.1415 0.1415 0.1415 0.129 0.129 0.1245 0.1245 0.145 0.145 0.145 0.133 0.133 0.132 0.132
0.16 0.1675 0.1675 0.181 0.181 0.181 0.127 0.127 0.1525 0.1525 0.1335 0.1335 0.135 0.135 0.135 0.12 0.12 0.1545 0.1545 0.1635 0.1635 0.1635 0.123 0.123 0.1365 0.1365 0.1335 0.1335 0.1335 0.143 0.143 0.147 0.147 0.159 0.159 0.159 0.1325 0.1325 0.1355 0.1355 0.135 0.135 0.135 0.129 0.129 0.1345 0.1345 0.14 0.14 0.1435 0.1435 0.1435 0.1355 0.1355 0.1465 0.1465 0.15 0.15 0.15 0.1485 0.1485 0.153 0.153 0.1415 0.1415 0.1415 0.129 0.129 0.1245 0.1245 0.145 0.145 0.145 0.133 0.133 0.132 0.132
0.13 0.187 0.187 0.216 0.216 0.216 0.207 0.207 0.181 0.181 0.19 0.19 0.192 0.192 0.192 0.1725 0.1725 0.1735 0.1735 0.172 0.172 0.172 0.163 0.163 0.1355 0.1355 0.143 0.143 0.143 0.143 0.143 0.155 0.155 0.1465 0.1465 0.1465 0.1525 0.1525 0.135 0.135 0.1385 0.1385 0.1385 0.123 0.123 0.1335 0.1335 0.147 0.147 0.145 0.145 0.145 0.149 0.149 0.1745 0.1745 0.1755 0.1755 0.1755 0.1585 0.1585 0.159 0.159 0.1405 0.1405 0.1405 0.13 0.13 0.1335 0.1335 0.14 0.14 0.14 0.1355 0.1355 0.1485 0.1485
0.13 0.187 0.187 0.216 0.216 0.216 0.207 0.207 0.181 0.181 0.19 0.19 0.192 0.192 0.192 0.1725 0.1725 0.1735 0.1735 0.172 0.172 0.172 0.163 0.163 0.1355 0.1355 0.143 0.143 0.143 0.143 0.143 0.155 0.155 0.1465 0.1465 0.1465 0.1525 0.1525 0.135 0.135 0.1385 0.1385 0.1385 0.123 0.123 0.1335 0.1335 0.147 0.147 0.145 0.145 0.145 0.149 0.149 0.1745 0.1745 0.1755 0.1755 0.1755 0.1585 0.1585 0.159 0.159 0.1405 0.1405 0.1405 0.13 0.13 0.1335 0.1335 0.14 0.14 0.14 0.1355 0.1355 0.1485 0.1485
0.13 0.1625 0.1625 0.206 0.206 0.206 0.2125 0.2125 0.1975 0.1975 0.1675 0.1675 0.1885 0.1885 0.1885 0.215 0.215 0.1515 0.1515 0.149 0.149 0.149 0.1455 0.1455 0.1755 0.1755 0.1695 0.1695 0.1695 0.1985 0.1985 0.1825 0.1825 0.1795 0.1795 0.1795 0.1645 0.1645 0.139 0.139 0.147 0.147 0.147 0.1495 0.1495 0.1425 0.1425 0.1415 0.1415 0.1485 0.1485 0.1485 0.1535 0.1535 0.1875 0.1875 0.175 0.175 0.175 0.15 0.15 0.16 0.16 0.1445 0.1445 0.1445 0.1395 0.1395 0.133 0.133 0.139 0.139 0.139 0.143 0.143 0.139 0.139
0.13 0.1625 0.1625 0.206 0.206 0.206 0.2125 0.2125 0.1975 0.1975 0.1675 0.1675 0.1885 0.1885 0.1885 0.215 0.215 0.1515 0.1515 0.149 0.149 0.149 0.1455 0.1455 0.1755 0.1755 0.1695 0.1695 0.1695 0.1985 0.1985 0.1825 0.1825 0.1795 0.1795 0.1795 0.1645 0.1645 0.139 0.139 0.147 0.147 0.147 0.1495 0.1495 0.1425 0.1425 0.1415 0.1415 0.1485 0.1485 0.1485 0.1535 0.1535 0.1875 0.1875 0.175 0.175 0.175 0.15 0.15 0.16 0.16 0.1445 0.1445 0.1445 0.1395 0.1395 0.133 0.133 0.139 0.139 0.139 0.143 0.143 0.139 0.139
0.13 0.1625 0.1625 0.206 0.206 0.206 0.2125 0.2125 0.1975 0.1975 0.1675 0.1675 0.1885 0.1885 0.1885 0.215 0.215 0.1515 0.1515 0.149 0.149 0.149 0.1455 0.1455 0.1755 0.1755 0.1695 0.1695 0.1695 0.1985 0.1985 0.1825 0.1825 0.1795 0.1795 0.1795 0.1645 0.1645 0.139 0.139 0.147 0.147 0.147 0.1495 0.1495 0.1425 0.1425 0.1415 0.1415 0.1485 0.1485 0.1485 0.1535 0.1535 0.1875 0.1875 0.175 0.175 0.175 0.15 0.15 0.16 0.16 0.1445 0.1445 0.1445 0.1395 0.1395 0.133 0.133 0.139 0.139 0.139 0.143 0.143 0.139 0.139
0.127 0.138 0.138 0.1995 0.1995 0.1995 0.2265 0.2265 0.2055 0.2055 0.182 0.182 0.1965 0.1965 0.1965 0.1635 0.1635 0.153 0.153 0.1495 0.1495 0.1495 0.156 0.156 0.184 0.184 0.172 0.172 0.172 0.1915 0.1915 0.1895 0.1895 0.2 0.2 0.2 0.173 0.173 0.1795 0.1795 0.184 0.184 0.184 0.164 0.164 0.148 0.148 0.1635 0.1635 0.148 0.148 0.148 0.1455 0.1455 0.1575 0.1575 0.1755 0.1755 0.1755 0.154 0.154 0.1565 0.1565 0.156 0.156 0.156 0.1485 0.1485 0.135 0.135 0.1265 0.1265 0.1265 0.1395 0.1395 0.14 0.14
0.127 0.138 0.138 0.1995 0.1995 0.1995 0.2265 0.2265 0.2055 0.2055 0.182 0.182 0.1965 0.1965 0.1965 0.1635 0.1635 0.153 0.153 0.1495 0.1495 0.1495 0.156 0.156 0.184 0.184 0.172 0.172 0.172 0.1915 0.1915 0.1895 0.1895 0.2 0.2 0.2 0.173 0.173 0.1795 0.1795 0.184 0.184 0.184 0.164 0.164 0.148 0.148 0.1635 0.1635 0.148 0.148 0.148 0.1455 0.1455 0.1575 0.1575 0.1755 0.1755 0.1755 0.154 0.154 0.1565 0.1565 0.156 0.156 0.156 0.1485 0.1485 0.135 0.135 0.1265 0.1265 0.1265 0.1395 0.1395 0.14 0.14
0.1295 0.121 0.121 0.198 0.198 0.198 0.235 0.235 0.2385 0.2385 0.1945 0.1945 0.1895 0.1895 0.1895 0.173 0.173 0.1805 0.1805 0.1625 0.1625 0.1625 0.165 0.165 0.1945 0.1945 0.19 0.19 0.19 0.2105 0.2105 0.2335 0.2335 0.2205 0.2205 0.2205 0.2 0.2 0.1925 0.1925 0.158 0.158 0.158 0.176 0.176 0.157 0.157 0.159 0.159 0.1685 0.1685 0.1685 0.156 0.156 0.158 0.158 0.169 0.169 0.169 0.1695 0.1695 0.162 0.162 0.1415 0.1415 0.1415 0.136 0.136 0.155 0.155 0.1455 0.1455 0.1455 0.1495 0.1495 0.1585 0.1585
0.1295 0.121 0.121 0.198 0.198 0.198 0.235 0.235 0.2385 0.2385 0.1945 0.1945 0.1895 0.1895 0.1895 0.173 0.173 0.1805 0.1805 0.1625 0.1625 0.1625 0.165 0.165 0.1945 0.1945 0.19 0.19 0.19 0.2105 0.2105 0.2335 0.2335 0.2205 0.2205 0.2205 0.2 0.2 0.1925 0.1925 0.158 0.158 0.158 0.176 0.176 0.157 0.157 0.159 0.159 0.1685 0.1685 0.1685 0.156 0.156 0.158 0.158 0.169 0.169 0.169 0.1695 0.1695 0.162 0.162 0.1415 0.1415 0.1415 0.136 0.136 0.155 0.155 0.1455 0.1455 0.1455 0.1495 0.1495 0.1585 0.1585
0.109 0.139 0.139 0.201 0.201 0.201 0.2015 0.2015 0.199 0.199 0.1745 0.1745 0.18 0.18 0.18 0.1815 0.1815 0.1925 0.1925 0.1975 0.1975 0.1975 0.2165 0.2165 0.2125 0.2125 0.1985 0.1985 0.1985 0.233 0.233 0.2395 0.2395 0.216 0.216 0.216 0.1985 0.1985 0.215 0.215 0.169 0.169 0.169 0.1575 0.1575 0.1615 0.1615 0.178 0.178 0.143 0.143 0.143 0.149 0.149 0.1425 0.1425 0.139 0.139 0.139 0.153 0.153 0.149 0.149 0.1565 0.1565 0.1565 0.1675 0.1675 0.163 0.163 0.157 0.157 0.157 0.151 0.151 0.1505 0.1505
0.109 0.139 0.139 0.201 0.201 0.201 0.2015 0.2015 0.199 0.199 0.1745 0.1745 0.18 0.18 0.18 0.1815 0.1815 0.1925 0.1925 0.1975 0.1975 0.1975 0.2165 0.2165 0.2125 0.2125 0.1985 0.1985 0.1985 0.233 0.233 0.2395 0.2395 0.216 0.216 0.216 0.1985 0.1985 0.215 0.215 0.169 0.169 0.169 0.1575 0.1575 0.1615 0.1615 0.178 0.178 0.143 0.143 0.143 0.149 0.149 0.1425 0.1425 0.139 0.139 0.139 0.153 0.153 0.149 0.149 0.1565 0.1565 0.1565 0.1675 0.1675 0.163 0.163 0.157 0.157 0.157 0.151 0.151 0.1505 0.1505
0.1045 0.1345 0.1345 0.1425 0.1425 0.1425 0.184 0.184 0.171 0.171 0.166 0.166 0.164 0.164 0.164 0.183 0.183 0.1995 0.1995 0.1985 0.1985 0.1985 0.202 0.202 0.237 0.237 0.221 0.221 0.221 0.2055 0.2055 0.2575 0.2575 0.237 0.237 0.237 0.216 0.216 0.198 0.198 0.17 0.17 0.17 0.17 0.17 0.1615 0.1615 0.1305 0.1305 0.1235 0.1235 0.1235 0.1245 0.1245 0.1355 0.1355 0.154 0.154 0.154 0.1665 0.1665 0.16 0.16 0.175 0.175 0.175 0.184 0.184 0.1755 0.1755 0.1565 0.1565 0.1565 0.1495 0.1495 0.156 0.156
0.1045 0.1345 0.1345 0.1425 0.1425 0.1425 0.184 0.184 0.171 0.171 0.166 0.166 0.164 0.164 0.164 0.183 0.183 0.1995 0.1995 0.1985 0.1985 0.1985 0.202 0.202 0.237 0.237 0.221 0.221 0.221 0.2055 0.2055 0.2575 0.2575 0.237 0.237 0.237 0.216 0.216 0.198 0.198 0.17 0.17 0.17 0.17 0.17 0.1615 0.1615 0.1305 0.1305 0.1235 0.1235 0.1235 0.1245 0.1245 0.1355 0.1355 0.154 0.154 0.154 0.1665 0.1665 0.16 0.16 0.175 0.175 0.175 0.184 0.184 0.1755 0.1755 0.1565 0.1565 0.1565 0.1495 0.1495 0.156 0.156
0.1045 0.1345 0.1345 0.1425 0.1425 0.1425 0.184 0.184 0.171 0.171 0.166 0.166 0.164 0.164 0.164 0.183 0.183 0.1995 0.1995 0.1985 0.1985 0.1985 0.202 0.202 0.237 0.237 0.221 0.221 0.221 0.2055 0.2055 0.2575 0.2575 0.237 0.237 0.237 0.216 0.216 0.198 0.198 0.17 0.17 0.17 0.17 0.17 0.1615 0.1615 0.1305 0.1305 0.1235 0.1235 0.1235 0.1245 0.1245 0.1355 0.1355 0.154 0.154 0.154 0.1665 0.1665 0.16 0.16 0.175 0.175 0.175 0.184 0.184 0.1755 0.1755 0.1565 0.1565 0.1565 0.1495 0.1495 0.156 0.156
0.137 0.135 0.135 0.1235 0.1235 0.1235 0.1935 0.1935 0.179 0.179 0.1715 0.1715 0.1805 0.1805 0.1805 0.181 0.181 0.2135 0.2135 0.2115 0.2115 0.2115 0.2175 0.2175 0.231 0.231 0.206 0.206 0.206 0.2435 0.2435 0.206 0.206 0.2055 0.2055 0.2055 0.1955 0.1955 0.1755 0.1755 0.194 0.194 0.194 0.148 0.148 0.1875 0.1875 0.146 0.146 0.178 0.178 0.178 0.1385 0.1385 0.114 0.114 0.134 0.134 0.134 0.147 0.147 0.152 0.152 0.1875 0.1875 0.1875 0.184 0.184 0.1415 0.1415 0.132 0.132 0.132 0.1385 0.1385 0.1395 0.1395
0.137 0.135 0.135 0.1235 0.1235 0.1235 0.1935 0.1935 0.179 0.179 0.1715 0.1715 0.1805 0.1805 0.1805 0.181 0.181 0.2135 0.2135 0.2115 0.2115 0.2115 0.2175 0.2175 0.231 0.231 0.206 0.206 0.206 0.2435 0.2435 0.206 0.206 0.2055 0.2055 0.2055 0.1955 0.1955 0.1755 0.1755 0.194 0.194 0.194 0.148 0.148 0.1875 0.1875 0.146 0.146 0.178 0.178 0.178 0.1385 0.1385 0.114 0.114 0.134 0.134 0.134 0.147 0.147 0.152 0.152 0.1875 0.1875 0.1875 0.184 0.184 0.1415 0.1415 0.132 0.132 0.132 0.1385 0.1385 0.1395 0.1395
0.15 0.156 0.156 0.1225 0.1225 0.1225 0.153 0.153 0.13 0.13 0.1555 0.1555 0.1665 0.1665 0.1665 0.191 0.191 0.2305 0.2305 0.243 0.243 0.243 0.2235 0.2235 0.237 0.237 0.2125 0.2125 0.2125 0.1975 0.1975 0.2225 0.2225 0.2195 0.2195 0.2195 0.223 0.223 0.2255 0.2255 0.24 0.24 0.24 0.1825 0.1825 0.206 0.206 0.1805 0.1805 0.166 0.166 0.166 0.187 0.187 0.172 0.172 0.1385 0.1385 0.1385 0.1835 0.1835 0.174 0.174 0.195 0.195 0.195 0.164 0.164 0.1585 0.1585 0.132 0.132 0.132 0.1365 0.1365 0.1375 0.1375
0.15 0.156 0.156 0.1225 0.1225 0.1225 0.153 0.153 0.13 0.13 0.1555 0.1555 0.1665 0.1665 0.1665 0.191 0.191 0.2305 0.2305 0.243 0.243 0.243 0.2235 0.2235 0.237 0.237 0.2125 0.2125 0.2125 0.1975 0.1975 0.2225 0.2225 0.2195 0.2195 0.2195 0.223 0.223 0.2255 0.2255 0.24 0.24 0.24 0.1825 0.1825 0.206 0.206 0.1805 0.1805 0.166 0.166 0.166 0.187 0.187 0.172 0.172 0.1385 0.1385 0.1385 0.1835 0.1835 0.174 0.174 0.195 0.195 0.195 0.164 0.164 0.1585 0.1585 0.132 0.132 0.132 0.1365 0.1365 0.1375 0.1375
0.1625 0.125 0.125 0.148 0.148 0.148 0.0885 0.0885 0.1515 0.1515 0.181 0.181 0.2015 0.2015 0.2015 0.2175 0.2175 0.2335 0.2335 0.225 0.225 0.225 0.2325 0.2325 0.232 0.232 0.2295 0.2295 0.2295 0.228 0.228 0.254 0.254 0.2285 0.2285 0.2285 0.231 0.231 0.2415 0.2415 0.203 0.203 0.203 0.1955 0.1955 0.178 0.178 0.1805 0.1805 0.2285 0.2285 0.2285 0.234 0.234 0.257 0.257 0.1885 0.1885 0.1885 0.1665 0.1665 0.184 0.184 0.195 0.195 0.195 0.2105 0.2105 0.1425 0.1425 0.1605 0.1605 0.1605 0.1455 0.1455 0.1495 0.1495
0.1625 0.125 0.125 0.148 0.148 0.148 0.0885 0.0885 0.1515 0.1515 0.181 0.181 0.2015 0.2015 0.2015 0.2175 0.2175 0.2335 0.2335 0.225 0.225 0.225 0.2325 0.2325 0.232 0.232 0.2295 0.2295 0.2295 0.228 0.228 0.254 0.254 0.2285 0.2285 0.2285 0.231 0.231 0.2415 0.2415 0.203 0.203 0.203 0.1955 0.1955 0.178 0.178 0.1805 0.1805 0.2285 0.2285 0.2285 0.234 0.234 0.257 0.257 0.1885 0.1885 0.1885 0.1665 0.1665 0.184 0.184 0.195 0.195 0.195 0.2105 0.2105 0.1425 0.1425 0.1605 0.1605 0.1605 0.1455 0.1455 0.1495 0.1495
0.1625 0.125 0.125 0.148 0.148 0.148 0.0885 0.0885 0.1515 0.1515 0.181 0.181 0.2015 0.2015 0.2015 0.2175 0.2175 0.2335 0.2335 0.225 0.225 0.225 0.2325 0.2325 0.232 0.232 0.2295 0.2295 0.2295 0.228 0.228 0.254 0.254 0.2285 0.2285 0.2285 0.231 0.231 0.2415 0.2415 0.203 0.203 0.203 0.1955 0.1955 0.178 0.178 0.1805 0.1805 0.2285 0.2285 0.2285 0.234 0.234 0.257 0.257 0.1885 0.1885 0.1885 0.1665 0.1665 0.184 0.184 0.195 0.195 0.195 0.2105 0.2105 0.1425 0.1425 0.1605 0.1605 0.1605 0.1455 0.1455 0.1495 0.1495
0.1745 0.179 0.179 0.1645 0.1645 0.1645 0.184 0.184 0.191 0.191 0.198 0.198 0.2005 0.2005 0.2005 0.2295 0.2295 0.2105 0.2105 0.2335 0.2335 0.2335 0.2195 0.2195 0.2645 0.2645 0.29 0.29 0.29 0.317 0.317 0.3175 0.3175 0.2515 0.2515 0.2515 0.2065 0.2065 0.2035 0.2035 0.2205 0.2205 0.2205 0.1945 0.1945 0.177 0.177 0.179 0.179 0.193 0.193 0.193 0.1865 0.1865 0.2365 0.2365 0.2865 0.2865 0.2865 0.2855 0.2855 0.243 0.243 0.211 0.211 0.211 0.175 0.175 0.185 0.185 0.189 0.189 0.189 0.206 0.206 0.209 0.209
