ndvi/NOAA-358.asc
ncols         252
nrows         154
xllcorner     -18.017974
yllcorner     13.481982
cellsize      0.035948
NODATA_value  -9999
[rows 102 to 135 of 154, columns 77 to 153 of 252]
0.5325 0.5325 0.545 0.545 0.52 0.52 0.543 0.543 0.543 0.471 0.471 0.4635 0.4635 0.453 0.453 0.499 0.499 0.499 0.4475 0.4475 0.482 0.482 0.519 0.519 0.519 0.5675 0.5675 0.5115 0.5115 0.4805 0.4805 0.4805 0.451 0.451 0.512 0.512 0.5305001 0.5305001 0.5305001 0.5965 0.5965 0.594 0.594 0.602 0.602 0.602 0.593 0.593 0.524 0.524 0.573 0.573 0.5565 0.5565 0.5565 0.5115 0.5115 0.5195 0.5195 0.53 0.53 0.53 0.573 0.573 0.342 0.342 0.4895 0.4895 0.4895 0.636 0.636 0.565 0.565 0.6651 0.6651 0.6651 0.4756
0.559 0.559 0.501 0.501 0.476 0.476 0.6215 0.6215 0.6215 0.559 0.559 0.584 0.584 0.5185 0.5185 0.564 0.564 0.564 0.4765 0.4765 0.527 0.527 0.559 0.559 0.559 0.5025 0.5025 0.5125 0.5125 0.4835 0.4835 0.4835 0.476 0.476 0.4815 0.4815 0.5975 0.5975 0.5975 0.484 0.484 0.648 0.648 0.586 0.586 0.586 0.6485 0.6485 0.5535 0.5535 0.6195 0.6195 0.5375 0.5375 0.5375 0.602 0.602 0.5865 0.5865 0.6425 0.6425 0.6425 0.473 0.473 0.3515 0.3515 0.507 0.507 0.507 0.5135 0.5135 0.548 0.548 0.6576 0.6576 0.6576 0.4895
0.559 0.559 0.501 0.501 0.476 0.476 0.6215 0.6215 0.6215 0.559 0.559 0.584 0.584 0.5185 0.5185 0.564 0.564 0.564 0.4765 0.4765 0.527 0.527 0.559 0.559 0.559 0.5025 0.5025 0.5125 0.5125 0.4835 0.4835 0.4835 0.476 0.476 0.4815 0.4815 0.5975 0.5975 0.5975 0.484 0.484 0.648 0.648 0.586 0.586 0.586 0.6485 0.6485 0.5535 0.5535 0.6195 0.6195 0.5375 0.5375 0.5375 0.602 0.602 0.5865 0.5865 0.6425 0.6425 0.6425 0.473 0.473 0.3515 0.3515 0.507 0.507 0.507 0.5135 0.5135 0.548 0.548 0.6576 0.6576 0.6576 0.4895
0.559 0.559 0.501 0.501 0.476 0.476 0.6215 0.6215 0.6215 0.559 0.559 0.584 0.584 0.5185 0.5185 0.564 0.564 0.564 0.4765 0.4765 0.527 0.527 0.559 0.559 0.559 0.5025 0.5025 0.5125 0.5125 0.4835 0.4835 0.4835 0.476 0.476 0.4815 0.4815 0.5975 0.5975 0.5975 0.484 0.484 0.648 0.648 0.586 0.586 0.586 0.6485 0.6485 0.5535 0.5535 0.6195 0.6195 0.5375 0.5375 0.5375 0.602 0.602 0.5865 0.5865 0.6425 0.6425 0.6425 0.473 0.473 0.3515 0.3515 0.507 0.507 0.507 0.5135 0.5135 0.548 0.548 0.6576 0.6576 0.6576 0.4895
0.5885 0.5885 0.526 0.526 0.5155 0.5155 0.4985 0.4985 0.4985 0.538 0.538 0.623 0.623 0.5035 0.5035 0.541 0.541 0.541 0.581 0.581 0.6235 0.6235 0.6155 0.6155 0.6155 0.505 0.505 0.589 0.589 0.444 0.444 0.444 0.486 0.486 0.511 0.511 0.488 0.488 0.488 0.527 0.527 0.561 0.561 0.598 0.598 0.598 0.55 0.55 0.5905 0.5905 0.6485 0.6485 0.5945 0.5945 0.5945 0.6115 0.6115 0.6005 0.6005 0.532 0.532 0.532 0.5325 0.5325 0.4845 0.4845 0.3655 0.3655 0.3655 0.382 0.382 0.506 0.506 0.483 0.483 0.483 0.5115
0.5885 0.5885 0.526 0.526 0.5155 0.5155 0.4985 0.4985 0.4985 0.538 0.538 0.623 0.623 0.5035 0.5035 0.541 0.541 0.541 0.581 0.581 0.6235 0.6235 0.6155 0.6155 0.6155 0.505 0.505 0.589 0.589 0.444 0.444 0.444 0.486 0.486 0.511 0.511 0.488 0.488 0.488 0.527 0.527 0.561 0.561 0.598 0.598 0.598 0.55 0.55 0.5905 0.5905 0.6485 0.6485 0.5945 0.5945 0.5945 0.6115 0.6115 0.6005 0.6005 0.532 0.532 0.532 0.5325 0.5325 0.4845 0.4845 0.3655 0.3655 0.3655 0.382 0.382 0.506 0.506 0.483 0.483 0.483 0.5115
0.568 0.568 0.6696 0.6696 0.514 0.514 0.472 0.472 0.472 0.48 0.48 0.5325 0.5325 0.576 0.576 0.5765 0.5765 0.5765 0.636 0.636 0.5615 0.5615 0.65 0.65 0.65 0.619 0.619 0.548 0.548 0.4735 0.4735 0.4735 0.4925 0.4925 0.485 0.485 0.52 0.52 0.52 0.5115 0.5115 0.5625 0.5625 0.6305 0.6305 0.6305 0.5755 0.5755 0.591 0.591 0.561 0.561 0.599 0.599 0.599 0.5625 0.5625 0.561 0.561 0.509 0.509 0.509 0.5175 0.5175 0.5815 0.5815 0.4585 0.4585 0.4585 0.445 0.445 0.3755 0.3755 0.4075 0.4075 0.4075 0.5335
0.568 0.568 0.6696 0.6696 0.514 0.514 0.472 0.472 0.472 0.48 0.48 0.5325 0.5325 0.576 0.576 0.5765 0.5765 0.5765 0.636 0.636 0.5615 0.5615 0.65 0.65 0.65 0.619 0.619 0.548 0.548 0.4735 0.4735 0.4735 0.4925 0.4925 0.485 0.485 0.52 0.52 0.52 0.5115 0.5115 0.5625 0.5625 0.6305 0.6305 0.6305 0.5755 0.5755 0.591 0.591 0.561 0.561 0.599 0.599 0.599 0.5625 0.5625 0.561 0.561 0.509 0.509 0.509 0.5175 0.5175 0.5815 0.5815 0.4585 0.4585 0.4585 0.445 0.445 0.3755 0.3755 0.4075 0.4075 0.4075 0.5335
0.612 0.612 0.634 0.634 0.5385 0.5385 0.5175 0.5175 0.5175 0.58 0.58 0.5335 0.5335 0.575 0.575 0.6475 0.6475 0.6475 0.5755 0.5755 0.602 0.602 0.633 0.633 0.633 0.54 0.54 0.5055 0.5055 0.4365 0.4365 0.4365 0.438 0.438 0.5875 0.5875 0.5585 0.5585 0.5585 0.507 0.507 0.5515 0.5515 0.6085 0.6085 0.6085 0.657 0.657 0.5725 0.5725 0.51 0.51 0.604 0.604 0.604 0.595 0.595 0.647 0.647 0.657 0.657 0.657 0.5925 0.5925 0.5445 0.5445 0.5355 0.5355 0.5355 0.5225 0.5225 0.42 0.42 0.4005 0.4005 0.4005 0.4385
0.612 0.612 0.634 0.634 0.5385 0.5385 0.5175 0.5175 0.5175 0.58 0.58 0.5335 0.5335 0.575 0.575 0.6475 0.6475 0.6475 0.5755 0.5755 0.602 0.602 0.633 0.633 0.633 0.54 0.54 0.5055 0.5055 0.4365 0.4365 0.4365 0.438 0.438 0.5875 0.5875 0.5585 0.5585 0.5585 0.507 0.507 0.5515 0.5515 0.6085 0.6085 0.6085 0.657 0.657 0.5725 0.5725 0.51 0.51 0.604 0.604 0.604 0.595 0.595 0.647 0.647 0.657 0.657 0.657 0.5925 0.5925 0.5445 0.5445 0.5355 0.5355 0.5355 0.5225 0.5225 0.42 0.42 0.4005 0.4005 0.4005 0.4385
0.612 0.612 0.634 0.634 0.5385 0.5385 0.5175 0.5175 0.5175 0.58 0.58 0.5335 0.5335 0.575 0.575 0.6475 0.6475 0.6475 0.5755 0.5755 0.602 0.602 0.633 0.633 0.633 0.54 0.54 0.5055 0.5055 0.4365 0.4365 0.4365 0.438 0.438 0.5875 0.5875 0.5585 0.5585 0.5585 0.507 0.507 0.5515 0.5515 0.6085 0.6085 0.6085 0.657 0.657 0.5725 0.5725 0.51 0.51 0.604 0.604 0.604 0.595 0.595 0.647 0.647 0.657 0.657 0.657 0.5925 0.5925 0.5445 0.5445 0.5355 0.5355 0.5355 0.5225 0.5225 0.42 0.42 0.4005 0.4005 0.4005 0.4385
0.517 0.517 0.5915 0.5915 0.595 0.595 0.64 0.64 0.64 0.604 0.604 0.6535 0.6535 0.582 0.582 0.6925 0.6925 0.6925 0.645 0.645 0.646 0.646 0.604 0.604 0.604 0.5865 0.5865 0.5025 0.5025 0.501 0.501 0.501 0.5345 0.5345 0.5265 0.5265 0.599 0.599 0.599 0.5470001 0.5470001 0.533 0.533 0.565 0.565 0.565 0.5805 0.5805 0.614 0.614 0.651 0.651 0.6395 0.6395 0.6395 0.6345 0.6345 0.6485 0.6485 0.59 0.59 0.59 0.553 0.553 0.5265 0.5265 0.536 0.536 0.536 0.5435 0.5435 0.467 0.467 0.3795 0.3795 0.3795 0.4555
0.517 0.517 0.5915 0.5915 0.595 0.595 0.64 0.64 0.64 0.604 0.604 0.6535 0.6535 0.582 0.582 0.6925 0.6925 0.6925 0.645 0.645 0.646 0.646 0.604 0.604 0.604 0.5865 0.5865 0.5025 0.5025 0.501 0.501 0.501 0.5345 0.5345 0.5265 0.5265 0.599 0.599 0.599 0.5470001 0.5470001 0.533 0.533 0.565 0.565 0.565 0.5805 0.5805 0.614 0.614 0.651 0.651 0.6395 0.6395 0.6395 0.6345 0.6345 0.6485 0.6485 0.59 0.59 0.59 0.553 0.553 0.5265 0.5265 0.536 0.536 0.536 0.5435 0.5435 0.467 0.467 0.3795 0.3795 0.3795 0.4555
0.565 0.565 0.5205 0.5205 0.5365 0.5365 0.604 0.604 0.604 0.5995 0.5995 0.6125 0.6125 0.624 0.624 0.6385 0.6385 0.6385 0.6085 0.6085 0.594 0.594 0.5825 0.5825 0.5825 0.5965 0.5965 0.566 0.566 0.4875 0.4875 0.4875 0.52 0.52 0.5615 0.5615 0.575 0.575 0.575 0.5665 0.5665 0.5395 0.5395 0.5745 0.5745 0.5745 0.577 0.577 0.579 0.579 0.6065 0.6065 0.644 0.644 0.644 0.6105 0.6105 0.6176 0.6176 0.6291 0.6291 0.6291 0.5664999 0.5664999 0.5375 0.5375 0.5185 0.5185 0.5185 0.534 0.534 0.5265 0.5265 0.4575 0.4575 0.4575 0.39
0.565 0.565 0.5205 0.5205 0.5365 0.5365 0.604 0.604 0.604 0.5995 0.5995 0.6125 0.6125 0.624 0.624 0.6385 0.6385 0.6385 0.6085 0.6085 0.594 0.594 0.5825 0.5825 0.5825 0.5965 0.5965 0.566 0.566 0.4875 0.4875 0.4875 0.52 0.52 0.5615 0.5615 0.575 0.575 0.575 0.5665 0.5665 0.5395 0.5395 0.5745 0.5745 0.5745 0.577 0.577 0.579 0.579 0.6065 0.6065 0.644 0.644 0.644 0.6105 0.6105 0.6176 0.6176 0.6291 0.6291 0.6291 0.5664999 0.5664999 0.5375 0.5375 0.5185 0.5185 0.5185 0.534 0.534 0.5265 0.5265 0.4575 0.4575 0.4575 0.39
0.549 0.549 0.525 0.525 0.532 0.532 0.5795 0.5795 0.5795 0.587 0.587 0.614 0.614 0.589 0.589 0.5955 0.5955 0.5955 0.6095001 0.6095001 0.6425 0.6425 0.6425 0.6425 0.6425 0.6531 0.6531 0.566 0.566 0.5715 0.5715 0.5715 0.6175 0.6175 0.557 0.557 0.5725 0.5725 0.5725 0.5355 0.5355 0.5825 0.5825 0.6281 0.6281 0.6281 0.5805 0.5805 0.6715 0.6715 0.6321 0.6321 0.6191 0.6191 0.6191 0.6875 0.6875 0.6141 0.6141 0.5715 0.5715 0.5715 0.6286 0.6286 0.561 0.561 0.498 0.498 0.498 0.5255 0.5255 0.5435 0.5435 0.5145 0.5145 0.5145 0.495
0.549 0.549 0.525 0.525 0.532 0.532 0.5795 0.5795 0.5795 0.587 0.587 0.614 0.614 0.589 0.589 0.5955 0.5955 0.5955 0.6095001 0.6095001 0.6425 0.6425 0.6425 0.6425 0.6425 0.6531 0.6531 0.566 0.566 0.5715 0.5715 0.5715 0.6175 0.6175 0.557 0.557 0.5725 0.5725 0.5725 0.5355 0.5355 0.5825 0.5825 0.6281 0.6281 0.6281 0.5805 0.5805 0.6715 0.6715 0.6321 0.6321 0.6191 0.6191 0.6191 0.6875 0.6875 0.6141 0.6141 0.5715 0.5715 0.5715 0.6286 0.6286 0.561 0.561 0.498 0.498 0.498 0.5255 0.5255 0.5435 0.5435 0.5145 0.5145 0.5145 0.495
0.549 0.549 0.525 0.525 0.532 0.532 0.5795 0.5795 0.5795 0.587 0.587 0.614 0.614 0.589 0.589 0.5955 0.5955 0.5955 0.6095001 0.6095001 0.6425 0.6425 0.6425 0.6425 0.6425 0.6531 0.6531 0.566 0.566 0.5715 0.5715 0.5715 0.6175 0.6175 0.557 0.557 0.5725 0.5725 0.5725 0.5355 0.5355 0.5825 0.5825 0.6281 0.6281 0.6281 0.5805 0.5805 0.6715 0.6715 0.6321 0.6321 0.6191 0.6191 0.6191 0.6875 0.6875 0.6141 0.6141 0.5715 0.5715 0.5715 0.6286 0.6286 0.561 0.561 0.498 0.498 0.498 0.5255 0.5255 0.5435 0.5435 0.5145 0.5145 0.5145 0.495
0.562 0.562 0.5065 0.5065 0.503 0.503 0.554 0.554 0.554 0.578 0.578 0.626 0.626 0.5995 0.5995 0.561 0.561 0.561 0.602 0.602 0.6195 0.6195 0.6 0.6 0.6 0.549 0.549 0.5575 0.5575 0.5925 0.5925 0.5925 0.573 0.573 0.6275 0.6275 0.568 0.568 0.568 0.586 0.586 0.6271 0.6271 0.607 0.607 0.607 0.6075 0.6075 0.6765 0.6765 0.5965 0.5965 0.6786 0.6786 0.6786 0.61 0.61 0.639 0.639 0.6391 0.6391 0.6391 0.544 0.544 0.52 0.52 0.5185 0.5185 0.5185 0.5215 0.5215 0.551 0.551 0.504 0.504 0.504 0.529
0.562 0.562 0.5065 0.5065 0.503 0.503 0.554 0.554 0.554 0.578 0.578 0.626 0.626 0.5995 0.5995 0.561 0.561 0.561 0.602 0.602 0.6195 0.6195 0.6 0.6 0.6 0.549 0.549 0.5575 0.5575 0.5925 0.5925 0.5925 0.573 0.573 0.6275 0.6275 0.568 0.568 0.568 0.586 0.586 0.6271 0.6271 0.607 0.607 0.607 0.6075 0.6075 0.6765 0.6765 0.5965 0.5965 0.6786 0.6786 0.6786 0.61 0.61 0.639 0.639 0.6391 0.6391 0.6391 0.544 0.544 0.52 0.52 0.5185 0.5185 0.5185 0.5215 0.5215 0.551 0.551 0.504 0.504 0.504 0.529
0.5125 0.5125 0.4985 0.4985 0.502 0.502 0.573 0.573 0.573 0.494 0.494 0.5345 0.5345 0.5135 0.5135 0.554 0.554 0.554 0.561 0.561 0.5515 0.5515 0.5715 0.5715 0.5715 0.5785 0.5785 0.5875 0.5875 0.597 0.597 0.597 0.6146 0.6146 0.616 0.616 0.5615 0.5615 0.5615 0.5965 0.5965 0.5445 0.5445 0.611 0.611 0.611 0.6311 0.6311 0.6375 0.6375 0.5985 0.5985 0.6391 0.6391 0.6391 0.5995 0.5995 0.5625 0.5625 0.574 0.574 0.574 0.6215 0.6215 0.597 0.597 0.563 0.563 0.563 0.569 0.569 0.59 0.59 0.574 0.574 0.574 0.5575
0.5125 0.5125 0.4985 0.4985 0.502 0.502 0.573 0.573 0.573 0.494 0.494 0.5345 0.5345 0.5135 0.5135 0.554 0.554 0.554 0.561 0.561 0.5515 0.5515 0.5715 0.5715 0.5715 0.5785 0.5785 0.5875 0.5875 0.597 0.597 0.597 0.6146 0.6146 0.616 0.616 0.5615 0.5615 0.5615 0.5965 0.5965 0.5445 0.5445 0.611 0.611 0.611 0.6311 0.6311 0.6375 0.6375 0.5985 0.5985 0.6391 0.6391 0.6391 0.5995 0.5995 0.5625 0.5625 0.574 0.574 0.574 0.6215 0.6215 0.597 0.597 0.563 0.563 0.563 0.569 0.569 0.59 0.59 0.574 0.574 0.574 0.5575
0.5505 0.5505 0.569 0.569 0.551 0.551 0.52 0.52 0.52 0.5195 0.5195 0.5505 0.5505 0.576 0.576 0.596 0.596 0.596 0.5765 0.5765 0.561 0.561 0.586 0.586 0.586 0.5545 0.5545 0.615 0.615 0.5425 0.5425 0.5425 0.596 0.596 0.6015 0.6015 0.6516 0.6516 0.6516 0.589 0.589 0.5425 0.5425 0.556 0.556 0.556 0.604 0.604 0.6105 0.6105 0.5595 0.5595 0.602 0.602 0.602 0.5635 0.5635 0.5415 0.5415 0.5595 0.5595 0.5595 0.644 0.644 0.5835 0.5835 0.5975 0.5975 0.5975 0.5665 0.5665 0.539 0.539 0.544 0.544 0.544 0.5775
0.5505 0.5505 0.569 0.569 0.551 0.551 0.52 0.52 0.52 0.5195 0.5195 0.5505 0.5505 0.576 0.576 0.596 0.596 0.596 0.5765 0.5765 0.561 0.561 0.586 0.586 0.586 0.5545 0.5545 0.615 0.615 0.5425 0.5425 0.5425 0.596 0.596 0.6015 0.6015 0.6516 0.6516 0.6516 0.589 0.589 0.5425 0.5425 0.556 0.556 0.556 0.604 0.604 0.6105 0.6105 0.5595 0.5595 0.602 0.602 0.602 0.5635 0.5635 0.5415 0.5415 0.5595 0.5595 0.5595 0.644 0.644 0.5835 0.5835 0.5975 0.5975 0.5975 0.5665 0.5665 0.539 0.539 0.544 0.544 0.544 0.5775
0.5585001 0.5585001 0.5715 0.5715 0.55 0.55 0.5425 0.5425 0.5425 0.562 0.562 0.564 0.564 0.5545 0.5545 0.578 0.578 0.578 0.6015 0.6015 0.602 0.602 0.5795 0.5795 0.5795 0.5715 0.5715 0.595 0.595 0.5675 0.5675 0.5675 0.6075 0.6075 0.6205 0.6205 0.605 0.605 0.605 0.562 0.562 0.587 0.587 0.5725 0.5725 0.5725 0.5595 0.5595 0.538 0.538 0.603 0.603 0.5995 0.5995 0.5995 0.547 0.547 0.531 0.531 0.5815 0.5815 0.5815 0.5985 0.5985 0.5715 0.5715 0.547 0.547 0.547 0.579 0.579 0.5955 0.5955 0.552 0.552 0.552 0.5635
0.5585001 0.5585001 0.5715 0.5715 0.55 0.55 0.5425 0.5425 0.5425 0.562 0.562 0.564 0.564 0.5545 0.5545 0.578 0.578 0.578 0.6015 0.6015 0.602 0.602 0.5795 0.5795 0.5795 0.5715 0.5715 0.595 0.595 0.5675 0.5675 0.5675 0.6075 0.6075 0.6205 0.6205 0.605 0.605 0.605 0.562 0.562 0.587 0.587 0.5725 0.5725 0.5725 0.5595 0.5595 0.538 0.538 0.603 0.603 0.5995 0.5995 0.5995 0.547 0.547 0.531 0.531 0.5815 0.5815 0.5815 0.5985 0.5985 0.5715 0.5715 0.547 0.547 0.547 0.579 0.579 0.5955 0.5955 0.552 0.552 0.552 0.5635
0.5585001 0.5585001 0.5715 0.5715 0.55 0.55 0.5425 0.5425 0.5425 0.562 0.562 0.564 0.564 0.5545 0.5545 0.578 0.578 0.578 0.6015 0.6015 0.602 0.602 0.5795 0.5795 0.5795 0.5715 0.5715 0.595 0.595 0.5675 0.5675 0.5675 0.6075 0.6075 0.6205 0.6205 0.605 0.605 0.605 0.562 0.562 0.587 0.587 0.5725 0.5725 0.5725 0.5595 0.5595 0.538 0.538 0.603 0.603 0.5995 0.5995 0.5995 0.547 0.547 0.531 0.531 0.5815 0.5815 0.5815 0.5985 0.5985 0.5715 0.5715 0.547 0.547 0.547 0.579 0.579 0.5955 0.5955 0.552 0.552 0.552 0.5635
0.5565 0.5565 0.5650001 0.5650001 0.5555 0.5555 0.564 0.564 0.564 0.5755 0.5755 0.5695 0.5695 0.576 0.576 0.544 0.544 0.544 0.5265 0.5265 0.557 0.557 0.5115 0.5115 0.5115 0.503 0.503 0.598 0.598 0.6581 0.6581 0.6581 0.613 0.613 0.6125 0.6125 0.564 0.564 0.564 0.5895 0.5895 0.5805 0.5805 0.566 0.566 0.566 0.567 0.567 0.555 0.555 0.6165 0.6165 0.5795 0.5795 0.5795 0.52 0.52 0.54 0.54 0.5845 0.5845 0.5845 0.5695 0.5695 0.558 0.558 0.605 0.605 0.605 0.59 0.59 0.6105 0.6105 0.541 0.541 0.541 0.522
0.5565 0.5565 0.5650001 0.5650001 0.5555 0.5555 0.564 0.564 0.564 0.5755 0.5755 0.5695 0.5695 0.576 0.576 0.544 0.544 0.544 0.5265 0.5265 0.557 0.557 0.5115 0.5115 0.5115 0.503 0.503 0.598 0.598 0.6581 0.6581 0.6581 0.613 0.613 0.6125 0.6125 0.564 0.564 0.564 0.5895 0.5895 0.5805 0.5805 0.566 0.566 0.566 0.567 0.567 0.555 0.555 0.6165 0.6165 0.5795 0.5795 0.5795 0.52 0.52 0.54 0.54 0.5845 0.5845 0.5845 0.5695 0.5695 0.558 0.558 0.605 0.605 0.605 0.59 0.59 0.6105 0.6105 0.541 0.541 0.541 0.522
0.5595 0.5595 0.5905 0.5905 0.5685 0.5685 0.5745 0.5745 0.5745 0.5505 0.5505 0.561 0.561 0.5295 0.5295 0.536 0.536 0.536 0.57 0.57 0.5375 0.5375 0.583 0.583 0.583 0.575 0.575 0.5935 0.5935 0.6726 0.6726 0.6726 0.561 0.561 0.6115 0.6115 0.5965 0.5965 0.5965 0.6315 0.6315 0.5865 0.5865 0.6035 0.6035 0.6035 0.5895 0.5895 0.5645 0.5645 0.605 0.605 0.575 0.575 0.575 0.552 0.552 0.554 0.554 0.561 0.561 0.561 0.5995 0.5995 0.6165 0.6165 0.6426 0.6426 0.6426 0.6496 0.6496 0.597 0.597 0.5825 0.5825 0.5825 0.579
0.5595 0.5595 0.5905 0.5905 0.5685 0.5685 0.5745 0.5745 0.5745 0.5505 0.5505 0.561 0.561 0.5295 0.5295 0.536 0.536 0.536 0.57 0.57 0.5375 0.5375 0.583 0.583 0.583 0.575 0.575 0.5935 0.5935 0.6726 0.6726 0.6726 0.561 0.561 0.6115 0.6115 0.5965 0.5965 0.5965 0.6315 0.6315 0.5865 0.5865 0.6035 0.6035 0.6035 0.5895 0.5895 0.5645 0.5645 0.605 0.605 0.575 0.575 0.575 0.552 0.552 0.554 0.554 0.561 0.561 0.561 0.5995 0.5995 0.6165 0.6165 0.6426 0.6426 0.6426 0.6496 0.6496 0.597 0.597 0.5825 0.5825 0.5825 0.579
0.5155 0.5155 0.533 0.533 0.5405 0.5405 0.576 0.576 0.576 0.5835 0.5835 0.535 0.535 0.5165 0.5165 0.554 0.554 0.554 0.5805 0.5805 0.556 0.556 0.5645 0.5645 0.5645 0.5875 0.5875 0.599 0.599 0.6521 0.6521 0.6521 0.599 0.599 0.608 0.608 0.621 0.621 0.621 0.6486 0.6486 0.6556 0.6556 0.6686 0.6686 0.6686 0.6636 0.6636 0.6175 0.6175 0.6406 0.6406 0.5985 0.5985 0.5985 0.553 0.553 0.6035 0.6035 0.623 0.623 0.623 0.672 0.672 0.6486 0.6486 0.7786 0.7786 0.7786 0.7106 0.7106 0.6741 0.6741 0.6706 0.6706 0.6706 0.6331
0.5155 0.5155 0.533 0.533 0.5405 0.5405 0.576 0.576 0.576 0.5835 0.5835 0.535 0.535 0.5165 0.5165 0.554 0.554 0.554 0.5805 0.5805 0.556 0.556 0.5645 0.5645 0.5645 0.5875 0.5875 0.599 0.599 0.6521 0.6521 0.6521 0.599 0.599 0.608 0.608 0.621 0.621 0.621 0.6486 0.6486 0.6556 0.6556 0.6686 0.6686 0.6686 0.6636 0.6636 0.6175 0.6175 0.6406 0.6406 0.5985 0.5985 0.5985 0.553 0.553 0.6035 0.6035 0.623 0.623 0.623 0.672 0.672 0.6486 0.6486 0.7786 0.7786 0.7786 0.7106 0.7106 0.6741 0.6741 0.6706 0.6706 0.6706 0.6331
0.5155 0.5155 0.533 0.533 0.5405 0.5405 0.576 0.576 0.576 0.5835 0.5835 0.535 0.535 0.5165 0.5165 0.554 0.554 0.554 0.5805 0.5805 0.556 0.556 0.5645 0.5645 0.5645 0.5875 0.5875 0.599 0.599 0.6521 0.6521 0.6521 0.599 0.599 0.608 0.608 0.621 0.621 0.621 0.6486 0.6486 0.6556 0.6556 0.6686 0.6686 0.6686 0.6636 0.6636 0.6175 0.6175 0.6406 0.6406 0.5985 0.5985 0.5985 0.553 0.553 0.6035 0.6035 0.623 0.623 0.623 0.672 0.672 0.6486 0.6486 0.7786 0.7786 0.7786 0.7106 0.7106 0.6741 0.6741 0.6706 0.6706 0.6706 0.6331
