ndvi/NOAA-11.asc
ncols         252
nrows         154
xllcorner     -18.017974
yllcorner     13.481982
cellsize      0.035948
NODATA_value  -9999
[rows 68 to 101 of 154, columns 154 to 230 of 252]
0.151 0.159 0.159 0.1475 0.1475 0.1475 0.1635 0.1635 0.155 0.155 0.1865 0.1865 0.1985 0.1985 0.1985 0.2225 0.2225 0.2195 0.2195 0.2135 0.2135 0.2135 0.2265 0.2265 0.222 0.222 0.202 0.202 0.202 0.2095 0.2095 0.212 0.212 0.21 0.21 0.21 0.1995 0.1995 0.2085 0.2085 0.211 0.211 0.211 0.2095 0.2095 0.193 0.193 0.195 0.195 0.2095 0.2095 0.2095 0.214 0.214 0.2065 0.2065 0.218 0.218 0.218 0.233 0.233 0.215 0.215 0.217 0.217 0.217 0.1885 0.1885 0.207 0.207 0.2115 0.2115 0.2115 0.1975 0.1975 0.19 0.19
0.1465 0.1455 0.1455 0.141 0.141 0.141 0.143 0.143 0.157 0.157 0.151 0.151 0.226 0.226 0.226 0.218 0.218 0.206 0.206 0.2215 0.2215 0.2215 0.2225 0.2225 0.2335 0.2335 0.2215 0.2215 0.2215 0.209 0.209 0.2075 0.2075 0.2045 0.2045 0.2045 0.213 0.213 0.229 0.229 0.205 0.205 0.205 0.201 0.201 0.1995 0.1995 0.204 0.204 0.2145 0.2145 0.2145 0.2115 0.2115 0.2265 0.2265 0.216 0.216 0.216 0.215 0.215 0.219 0.219 0.2075 0.2075 0.2075 0.2005 0.2005 0.2 0.2 0.209 0.209 0.209 0.1995 0.1995 0.2 0.2
0.1465 0.1455 0.1455 0.141 0.141 0.141 0.143 0.143 0.157 0.157 0.151 0.151 0.226 0.226 0.226 0.218 0.218 0.206 0.206 0.2215 0.2215 0.2215 0.2225 0.2225 0.2335 0.2335 0.2215 0.2215 0.2215 0.209 0.209 0.2075 0.2075 0.2045 0.2045 0.2045 0.213 0.213 0.229 0.229 0.205 0.205 0.205 0.201 0.201 0.1995 0.1995 0.204 0.204 0.2145 0.2145 0.2145 0.2115 0.2115 0.2265 0.2265 0.216 0.216 0.216 0.215 0.215 0.219 0.219 0.2075 0.2075 0.2075 0.2005 0.2005 0.2 0.2 0.209 0.209 0.209 0.1995 0.1995 0.2 0.2
0.1615 0.162 0.162 0.163 0.163 0.163 0.15 0.15 0.155 0.155 0.174 0.174 0.2255 0.2255 0.2255 0.2195 0.2195 0.214 0.214 0.226 0.226 0.226 0.2115 0.2115 0.217 0.217 0.2165 0.2165 0.2165 0.235 0.235 0.2205 0.2205 0.218 0.218 0.218 0.2135 0.2135 0.2205 0.2205 0.21 0.21 0.21 0.2025 0.2025 0.223 0.223 0.231 0.231 0.223 0.223 0.223 0.227 0.227 0.2285 0.2285 0.214 0.214 0.214 0.2235 0.2235 0.2165 0.2165 0.214 0.214 0.214 0.213 0.213 0.205 0.205 0.205 0.205 0.205 0.2175 0.2175 0.2285 0.2285
0.1615 0.162 0.162 0.163 0.163 0.163 0.15 0.15 0.155 0.155 0.174 0.174 0.2255 0.2255 0.2255 0.2195 0.2195 0.214 0.214 0.226 0.226 0.226 0.2115 0.2115 0.217 0.217 0.2165 0.2165 0.2165 0.235 0.235 0.2205 0.2205 0.218 0.218 0.218 0.2135 0.2135 0.2205 0.2205 0.21 0.21 0.21 0.2025 0.2025 0.223 0.223 0.231 0.231 0.223 0.223 0.223 0.227 0.227 0.2285 0.2285 0.214 0.214 0.214 0.2235 0.2235 0.2165 0.2165 0.214 0.214 0.214 0.213 0.213 0.205 0.205 0.205 0.205 0.205 0.2175 0.2175 0.2285 0.2285
0.1615 0.162 0.162 0.163 0.163 0.163 0.15 0.15 0.155 0.155 0.174 0.174 0.2255 0.2255 0.2255 0.2195 0.2195 0.214 0.214 0.226 0.226 0.226 0.2115 0.2115 0.217 0.217 0.2165 0.2165 0.2165 0.235 0.235 0.2205 0.2205 0.218 0.218 0.218 0.2135 0.2135 0.2205 0.2205 0.21 0.21 0.21 0.2025 0.2025 0.223 0.223 0.231 0.231 0.223 0.223 0.223 0.227 0.227 0.2285 0.2285 0.214 0.214 0.214 0.2235 0.2235 0.2165 0.2165 0.214 0.214 0.214 0.213 0.213 0.205 0.205 0.205 0.205 0.205 0.2175 0.2175 0.2285 0.2285
0.178 0.1855 0.1855 0.1775 0.1775 0.1775 0.17 0.17 0.1625 0.1625 0.174 0.174 0.219 0.219 0.219 0.242 0.242 0.2365 0.2365 0.2285 0.2285 0.2285 0.216 0.216 0.22 0.22 0.243 0.243 0.243 0.2465 0.2465 0.2415 0.2415 0.2415 0.2415 0.2415 0.2325 0.2325 0.2205 0.2205 0.219 0.219 0.219 0.227 0.227 0.241 0.241 0.225 0.225 0.253 0.253 0.253 0.2265 0.2265 0.2065 0.2065 0.209 0.209 0.209 0.221 0.221 0.222 0.222 0.2195 0.2195 0.2195 0.216 0.216 0.197 0.197 0.2025 0.2025 0.2025 0.226 0.226 0.2245 0.2245
0.178 0.1855 0.1855 0.1775 0.1775 0.1775 0.17 0.17 0.1625 0.1625 0.174 0.174 0.219 0.219 0.219 0.242 0.242 0.2365 0.2365 0.2285 0.2285 0.2285 0.216 0.216 0.22 0.22 0.243 0.243 0.243 0.2465 0.2465 0.2415 0.2415 0.2415 0.2415 0.2415 0.2325 0.2325 0.2205 0.2205 0.219 0.219 0.219 0.227 0.227 0.241 0.241 0.225 0.225 0.253 0.253 0.253 0.2265 0.2265 0.2065 0.2065 0.209 0.209 0.209 0.221 0.221 0.222 0.222 0.2195 0.2195 0.2195 0.216 0.216 0.197 0.197 0.2025 0.2025 0.2025 0.226 0.226 0.2245 0.2245
0.141 0.173 0.173 0.183 0.183 0.183 0.151 0.151 0.1735 0.1735 0.169 0.169 0.196 0.196 0.196 0.2275 0.2275 0.2405 0.2405 0.229 0.229 0.229 0.2175 0.2175 0.224 0.224 0.2315 0.2315 0.2315 0.2265 0.2265 0.239 0.239 0.2275 0.2275 0.2275 0.237 0.237 0.2455 0.2455 0.24 0.24 0.24 0.236 0.236 0.268 0.268 0.235 0.235 0.2245 0.2245 0.2245 0.2345 0.2345 0.2225 0.2225 0.2205 0.2205 0.2205 0.217 0.217 0.22 0.22 0.226 0.226 0.226 0.2345 0.2345 0.228 0.228 0.223 0.223 0.223 0.2195 0.2195 0.23 0.23
0.141 0.173 0.173 0.183 0.183 0.183 0.151 0.151 0.1735 0.1735 0.169 0.169 0.196 0.196 0.196 0.2275 0.2275 0.2405 0.2405 0.229 0.229 0.229 0.2175 0.2175 0.224 0.224 0.2315 0.2315 0.2315 0.2265 0.2265 0.239 0.239 0.2275 0.2275 0.2275 0.237 0.237 0.2455 0.2455 0.24 0.24 0.24 0.236 0.236 0.268 0.268 0.235 0.235 0.2245 0.2245 0.2245 0.2345 0.2345 0.2225 0.2225 0.2205 0.2205 0.2205 0.217 0.217 0.22 0.22 0.226 0.226 0.226 0.2345 0.2345 0.228 0.228 0.223 0.223 0.223 0.2195 0.2195 0.23 0.23
0.134 0.155 0.155 0.1585 0.1585 0.1585 0.163 0.163 0.135 0.135 0.182 0.182 0.2145 0.2145 0.2145 0.215 0.215 0.2295 0.2295 0.2005 0.2005 0.2005 0.2045 0.2045 0.2285 0.2285 0.2315 0.2315 0.2315 0.2255 0.2255 0.23 0.23 0.2325 0.2325 0.2325 0.238 0.238 0.242 0.242 0.2375 0.2375 0.2375 0.229 0.229 0.2305 0.2305 0.225 0.225 0.2175 0.2175 0.2175 0.2335 0.2335 0.2265 0.2265 0.234 0.234 0.234 0.223 0.223 0.224 0.224 0.236 0.236 0.236 0.236 0.236 0.2275 0.2275 0.231 0.231 0.231 0.223 0.223 0.2305 0.2305
0.134 0.155 0.155 0.1585 0.1585 0.1585 0.163 0.163 0.135 0.135 0.182 0.182 0.2145 0.2145 0.2145 0.215 0.215 0.2295 0.2295 0.2005 0.2005 0.2005 0.2045 0.2045 0.2285 0.2285 0.2315 0.2315 0.2315 0.2255 0.2255 0.23 0.23 0.2325 0.2325 0.2325 0.238 0.238 0.242 0.242 0.2375 0.2375 0.2375 0.229 0.229 0.2305 0.2305 0.225 0.225 0.2175 0.2175 0.2175 0.2335 0.2335 0.2265 0.2265 0.234 0.234 0.234 0.223 0.223 0.224 0.224 0.236 0.236 0.236 0.236 0.236 0.2275 0.2275 0.231 0.231 0.231 0.223 0.223 0.2305 0.2305
0.136 0.129 0.129 0.15 0.15 0.15 0.1595 0.1595 0.139 0.139 0.1625 0.1625 0.216 0.216 0.216 0.2125 0.2125 0.2385 0.2385 0.2225 0.2225 0.2225 0.228 0.228 0.235 0.235 0.2295 0.2295 0.2295 0.234 0.234 0.2305 0.2305 0.226 0.226 0.226 0.235 0.235 0.2245 0.2245 0.238 0.238 0.238 0.22 0.22 0.228 0.228 0.2235 0.2235 0.2345 0.2345 0.2345 0.2285 0.2285 0.235 0.235 0.235 0.235 0.235 0.2425 0.2425 0.246 0.246 0.2535 0.2535 0.2535 0.248 0.248 0.2435 0.2435 0.2355 0.2355 0.2355 0.2375 0.2375 0.2335 0.2335
0.136 0.129 0.129 0.15 0.15 0.15 0.1595 0.1595 0.139 0.139 0.1625 0.1625 0.216 0.216 0.216 0.2125 0.2125 0.2385 0.2385 0.2225 0.2225 0.2225 0.228 0.228 0.235 0.235 0.2295 0.2295 0.2295 0.234 0.234 0.2305 0.2305 0.226 0.226 0.226 0.235 0.235 0.2245 0.2245 0.238 0.238 0.238 0.22 0.22 0.228 0.228 0.2235 0.2235 0.2345 0.2345 0.2345 0.2285 0.2285 0.235 0.235 0.235 0.235 0.235 0.2425 0.2425 0.246 0.246 0.2535 0.2535 0.2535 0.248 0.248 0.2435 0.2435 0.2355 0.2355 0.2355 0.2375 0.2375 0.2335 0.2335
0.136 0.129 0.129 0.15 0.15 0.15 0.1595 0.1595 0.139 0.139 0.1625 0.1625 0.216 0.216 0.216 0.2125 0.2125 0.2385 0.2385 0.2225 0.2225 0.2225 0.228 0.228 0.235 0.235 0.2295 0.2295 0.2295 0.234 0.234 0.2305 0.2305 0.226 0.226 0.226 0.235 0.235 0.2245 0.2245 0.238 0.238 0.238 0.22 0.22 0.228 0.228 0.2235 0.2235 0.2345 0.2345 0.2345 0.2285 0.2285 0.235 0.235 0.235 0.235 0.235 0.2425 0.2425 0.246 0.246 0.2535 0.2535 0.2535 0.248 0.248 0.2435 0.2435 0.2355 0.2355 0.2355 0.2375 0.2375 0.2335 0.2335
0.1295 0.162 0.162 0.1725 0.1725 0.1725 0.1665 0.1665 0.153 0.153 0.239 0.239 0.2655 0.2655 0.2655 0.238 0.238 0.255 0.255 0.2445 0.2445 0.2445 0.2305 0.2305 0.233 0.233 0.2135 0.2135 0.2135 0.216 0.216 0.209 0.209 0.2135 0.2135 0.2135 0.223 0.223 0.2325 0.2325 0.23 0.23 0.23 0.2325 0.2325 0.227 0.227 0.2325 0.2325 0.241 0.241 0.241 0.251 0.251 0.246 0.246 0.244 0.244 0.244 0.2445 0.2445 0.2485 0.2485 0.2615 0.2615 0.2615 0.2465 0.2465 0.2555 0.2555 0.254 0.254 0.254 0.2455 0.2455 0.241 0.241
0.1295 0.162 0.162 0.1725 0.1725 0.1725 0.1665 0.1665 0.153 0.153 0.239 0.239 0.2655 0.2655 0.2655 0.238 0.238 0.255 0.255 0.2445 0.2445 0.2445 0.2305 0.2305 0.233 0.233 0.2135 0.2135 0.2135 0.216 0.216 0.209 0.209 0.2135 0.2135 0.2135 0.223 0.223 0.2325 0.2325 0.23 0.23 0.23 0.2325 0.2325 0.227 0.227 0.2325 0.2325 0.241 0.241 0.241 0.251 0.251 0.246 0.246 0.244 0.244 0.244 0.2445 0.2445 0.2485 0.2485 0.2615 0.2615 0.2615 0.2465 0.2465 0.2555 0.2555 0.254 0.254 0.254 0.2455 0.2455 0.241 0.241
0.1425 0.1685 0.1685 0.164 0.164 0.164 0.1565 0.1565 0.198 0.198 0.2515 0.2515 0.2445 0.2445 0.2445 0.2495 0.2495 0.2515 0.2515 0.2615 0.2615 0.2615 0.2375 0.2375 0.229 0.229 0.217 0.217 0.217 0.234 0.234 0.229 0.229 0.2205 0.2205 0.2205 0.232 0.232 0.241 0.241 0.254 0.254 0.254 0.2665 0.2665 0.261 0.261 0.256 0.256 0.257 0.257 0.257 0.2525 0.2525 0.2505 0.2505 0.2595 0.2595 0.2595 0.251 0.251 0.244 0.244 0.2565 0.2565 0.2565 0.262 0.262 0.264 0.264 0.262 0.262 0.262 0.2615 0.2615 0.2635 0.2635
0.1425 0.1685 0.1685 0.164 0.164 0.164 0.1565 0.1565 0.198 0.198 0.2515 0.2515 0.2445 0.2445 0.2445 0.2495 0.2495 0.2515 0.2515 0.2615 0.2615 0.2615 0.2375 0.2375 0.229 0.229 0.217 0.217 0.217 0.234 0.234 0.229 0.229 0.2205 0.2205 0.2205 0.232 0.232 0.241 0.241 0.254 0.254 0.254 0.2665 0.2665 0.261 0.261 0.256 0.256 0.257 0.257 0.257 0.2525 0.2525 0.2505 0.2505 0.2595 0.2595 0.2595 0.251 0.251 0.244 0.244 0.2565 0.2565 0.2565 0.262 0.262 0.264 0.264 0.262 0.262 0.262 0.2615 0.2615 0.2635 0.2635
0.1815 0.1945 0.1945 0.1925 0.1925 0.1925 0.184 0.184 0.182 0.182 0.2485 0.2485 0.2485 0.2485 0.2485 0.241 0.241 0.2385 0.2385 0.255 0.255 0.255 0.2525 0.2525 0.234 0.234 0.2345 0.2345 0.2345 0.2325 0.2325 0.212 0.212 0.245 0.245 0.245 0.2405 0.2405 0.2385 0.2385 0.25 0.25 0.25 0.2595 0.2595 0.2675 0.2675 0.265 0.265 0.2545 0.2545 0.2545 0.255 0.255 0.246 0.246 0.244 0.244 0.244 0.2435 0.2435 0.2455 0.2455 0.252 0.252 0.252 0.263 0.263 0.2665 0.2665 0.261 0.261 0.261 0.272 0.272 0.2565 0.2565
0.1815 0.1945 0.1945 0.1925 0.1925 0.1925 0.184 0.184 0.182 0.182 0.2485 0.2485 0.2485 0.2485 0.2485 0.241 0.241 0.2385 0.2385 0.255 0.255 0.255 0.2525 0.2525 0.234 0.234 0.2345 0.2345 0.2345 0.2325 0.2325 0.212 0.212 0.245 0.245 0.245 0.2405 0.2405 0.2385 0.2385 0.25 0.25 0.25 0.2595 0.2595 0.2675 0.2675 0.265 0.265 0.2545 0.2545 0.2545 0.255 0.255 0.246 0.246 0.244 0.244 0.244 0.2435 0.2435 0.2455 0.2455 0.252 0.252 0.252 0.263 0.263 0.2665 0.2665 0.261 0.261 0.261 0.272 0.272 0.2565 0.2565
0.1815 0.1945 0.1945 0.1925 0.1925 0.1925 0.184 0.184 0.182 0.182 0.2485 0.2485 0.2485 0.2485 0.2485 0.241 0.241 0.2385 0.2385 0.255 0.255 0.255 0.2525 0.2525 0.234 0.234 0.2345 0.2345 0.2345 0.2325 0.2325 0.212 0.212 0.245 0.245 0.245 0.2405 0.2405 0.2385 0.2385 0.25 0.25 0.25 0.2595 0.2595 0.2675 0.2675 0.265 0.265 0.2545 0.2545 0.2545 0.255 0.255 0.246 0.246 0.244 0.244 0.244 0.2435 0.2435 0.2455 0.2455 0.252 0.252 0.252 0.263 0.263 0.2665 0.2665 0.261 0.261 0.261 0.272 0.272 0.2565 0.2565
0.1955 0.185 0.185 0.185 0.185 0.185 0.203 0.203 0.1985 0.1985 0.227 0.227 0.249 0.249 0.249 0.2475 0.2475 0.258 0.258 0.252 0.252 0.252 0.2385 0.2385 0.225 0.225 0.2245 0.2245 0.2245 0.223 0.223 0.221 0.221 0.2295 0.2295 0.2295 0.259 0.259 0.2585 0.2585 0.2655 0.2655 0.2655 0.2545 0.2545 0.266 0.266 0.272 0.272 0.2625 0.2625 0.2625 0.262 0.262 0.248 0.248 0.2555 0.2555 0.2555 0.246 0.246 0.243 0.243 0.245 0.245 0.245 0.2675 0.2675 0.2655 0.2655 0.2735 0.2735 0.2735 0.2795 0.2795 0.259 0.259
0.1955 0.185 0.185 0.185 0.185 0.185 0.203 0.203 0.1985 0.1985 0.227 0.227 0.249 0.249 0.249 0.2475 0.2475 0.258 0.258 0.252 0.252 0.252 0.2385 0.2385 0.225 0.225 0.2245 0.2245 0.2245 0.223 0.223 0.221 0.221 0.2295 0.2295 0.2295 0.259 0.259 0.2585 0.2585 0.2655 0.2655 0.2655 0.2545 0.2545 0.266 0.266 0.272 0.272 0.2625 0.2625 0.2625 0.262 0.262 0.248 0.248 0.2555 0.2555 0.2555 0.246 0.246 0.243 0.243 0.245 0.245 0.245 0.2675 0.2675 0.2655 0.2655 0.2735 0.2735 0.2735 0.2795 0.2795 0.259 0.259
0.2145 0.186 0.186 0.179 0.179 0.179 0.1885 0.1885 0.2145 0.2145 0.2275 0.2275 0.2515 0.2515 0.2515 0.257 0.257 0.2605 0.2605 0.2465 0.2465 0.2465 0.254 0.254 0.252 0.252 0.23 0.23 0.23 0.2215 0.2215 0.236 0.236 0.233 0.233 0.233 0.2725 0.2725 0.271 0.271 0.273 0.273 0.273 0.2805 0.2805 0.25 0.25 0.2635 0.2635 0.257 0.257 0.257 0.2555 0.2555 0.2595 0.2595 0.2675 0.2675 0.2675 0.252 0.252 0.246 0.246 0.264 0.264 0.264 0.2685 0.2685 0.2675 0.2675 0.276 0.276 0.276 0.2865 0.2865 0.2795 0.2795
0.2145 0.186 0.186 0.179 0.179 0.179 0.1885 0.1885 0.2145 0.2145 0.2275 0.2275 0.2515 0.2515 0.2515 0.257 0.257 0.2605 0.2605 0.2465 0.2465 0.2465 0.254 0.254 0.252 0.252 0.23 0.23 0.23 0.2215 0.2215 0.236 0.236 0.233 0.233 0.233 0.2725 0.2725 0.271 0.271 0.273 0.273 0.273 0.2805 0.2805 0.25 0.25 0.2635 0.2635 0.257 0.257 0.257 0.2555 0.2555 0.2595 0.2595 0.2675 0.2675 0.2675 0.252 0.252 0.246 0.246 0.264 0.264 0.264 0.2685 0.2685 0.2675 0.2675 0.276 0.276 0.276 0.2865 0.2865 0.2795 0.2795
0.24 0.2285 0.2285 0.2075 0.2075 0.2075 0.2085 0.2085 0.2155 0.2155 0.2255 0.2255 0.2485 0.2485 0.2485 0.256 0.256 0.252 0.252 0.2395 0.2395 0.2395 0.2375 0.2375 0.2295 0.2295 0.224 0.224 0.224 0.242 0.242 0.237 0.237 0.2635 0.2635 0.2635 0.277 0.277 0.272 0.272 0.287 0.287 0.287 0.289 0.289 0.2715 0.2715 0.275 0.275 0.265 0.265 0.265 0.269 0.269 0.258 0.258 0.271 0.271 0.271 0.256 0.256 0.2465 0.2465 0.2685 0.2685 0.2685 0.265 0.265 0.2635 0.2635 0.2635 0.2635 0.2635 0.278 0.278 0.31 0.31
0.24 0.2285 0.2285 0.2075 0.2075 0.2075 0.2085 0.2085 0.2155 0.2155 0.2255 0.2255 0.2485 0.2485 0.2485 0.256 0.256 0.252 0.252 0.2395 0.2395 0.2395 0.2375 0.2375 0.2295 0.2295 0.224 0.224 0.224 0.242 0.242 0.237 0.237 0.2635 0.2635 0.2635 0.277 0.277 0.272 0.272 0.287 0.287 0.287 0.289 0.289 0.2715 0.2715 0.275 0.275 0.265 0.265 0.265 0.269 0.269 0.258 0.258 0.271 0.271 0.271 0.256 0.256 0.2465 0.2465 0.2685 0.2685 0.2685 0.265 0.265 0.2635 0.2635 0.2635 0.2635 0.2635 0.278 0.278 0.31 0.31
0.24 0.2285 0.2285 0.2075 0.2075 0.2075 0.2085 0.2085 0.2155 0.2155 0.2255 0.2255 0.2485 0.2485 0.2485 0.256 0.256 0.252 0.252 0.2395 0.2395 0.2395 0.2375 0.2375 0.2295 0.2295 0.224 0.224 0.224 0.242 0.242 0.237 0.237 0.2635 0.2635 0.2635 0.277 0.277 0.272 0.272 0.287 0.287 0.287 0.289 0.289 0.2715 0.2715 0.275 0.275 0.265 0.265 0.265 0.269 0.269 0.258 0.258 0.271 0.271 0.271 0.256 0.256 0.2465 0.2465 0.2685 0.2685 0.2685 0.265 0.265 0.2635 0.2635 0.2635 0.2635 0.2635 0.278 0.278 0.31 0.31
0.2455 0.2105 0.2105 0.2395 0.2395 0.2395 0.218 0.218 0.2445 0.2445 0.2255 0.2255 0.2225 0.2225 0.2225 0.2185 0.2185 0.2285 0.2285 0.255 0.255 0.255 0.2535 0.2535 0.2375 0.2375 0.24 0.24 0.24 0.2435 0.2435 0.25 0.25 0.2745 0.2745 0.2745 0.2515 0.2515 0.254 0.254 0.2665 0.2665 0.2665 0.2935 0.2935 0.2865 0.2865 0.275 0.275 0.2615 0.2615 0.2615 0.2735 0.2735 0.245 0.245 0.25 0.25 0.25 0.2715 0.2715 0.2535 0.2535 0.255 0.255 0.255 0.2565 0.2565 0.2635 0.2635 0.261 0.261 0.261 0.29 0.29 0.327 0.327
0.2455 0.2105 0.2105 0.2395 0.2395 0.2395 0.218 0.218 0.2445 0.2445 0.2255 0.2255 0.2225 0.2225 0.2225 0.2185 0.2185 0.2285 0.2285 0.255 0.255 0.255 0.2535 0.2535 0.2375 0.2375 0.24 0.24 0.24 0.2435 0.2435 0.25 0.25 0.2745 0.2745 0.2745 0.2515 0.2515 0.254 0.254 0.2665 0.2665 0.2665 0.2935 0.2935 0.2865 0.2865 0.275 0.275 0.2615 0.2615 0.2615 0.2735 0.2735 0.245 0.245 0.25 0.25 0.25 0.2715 0.2715 0.2535 0.2535 0.255 0.255 0.255 0.2565 0.2565 0.2635 0.2635 0.261 0.261 0.261 0.29 0.29 0.327 0.327
0.262 0.235 0.235 0.2285 0.2285 0.2285 0.2165 0.2165 0.233 0.233 0.2325 0.2325 0.233 0.233 0.233 0.2215 0.2215 0.258 0.258 0.269 0.269 0.269 0.2635 0.2635 0.237 0.237 0.2555 0.2555 0.2555 0.2535 0.2535 0.254 0.254 0.2535 0.2535 0.2535 0.2545 0.2545 0.268 0.268 0.278 0.278 0.278 0.29 0.29 0.2755 0.2755 0.2745 0.2745 0.2725 0.2725 0.2725 0.2475 0.2475 0.271 0.271 0.23 0.23 0.23 0.232 0.232 0.246 0.246 0.2385 0.2385 0.2385 0.2245 0.2245 0.231 0.231 0.253 0.253 0.253 0.2485 0.2485 0.268 0.268
0.262 0.235 0.235 0.2285 0.2285 0.2285 0.2165 0.2165 0.233 0.233 0.2325 0.2325 0.233 0.233 0.233 0.2215 0.2215 0.258 0.258 0.269 0.269 0.269 0.2635 0.2635 0.237 0.237 0.2555 0.2555 0.2555 0.2535 0.2535 0.254 0.254 0.2535 0.2535 0.2535 0.2545 0.2545 0.268 0.268 0.278 0.278 0.278 0.29 0.29 0.2755 0.2755 0.2745 0.2745 0.2725 0.2725 0.2725 0.2475 0.2475 0.271 0.271 0.23 0.23 0.23 0.232 0.232 0.246 0.246 0.2385 0.2385 0.2385 0.2245 0.2245 0.231 0.231 0.253 0.253 0.253 0.2485 0.2485 0.268 0.268
0.2435 0.2335 0.2335 0.2325 0.2325 0.2325 0.218 0.218 0.2375 0.2375 0.2435 0.2435 0.2515 0.2515 0.2515 0.245 0.245 0.266 0.266 0.2705 0.2705 0.2705 0.263 0.263 0.26 0.26 0.26 0.26 0.26 0.245 0.245 0.2285 0.2285 0.2335 0.2335 0.2335 0.23 0.23 0.252 0.252 0.2665 0.2665 0.2665 0.2805 0.2805 0.268 0.268 0.286 0.286 0.2865 0.2865 0.2865 0.266 0.266 0.2405 0.2405 0.2585 0.2585 0.2585 0.2435 0.2435 0.221 0.221 0.2345 0.2345 0.2345 0.2235 0.2235 0.224 0.224 0.2395 0.2395 0.2395 0.2545 0.2545 0.251 0.251
