ndvi/NOAA-145.asc
ncols         252
nrows         154
xllcorner     -18.017974
yllcorner     13.481982
cellsize      0.035948
NODATA_value  -9999
[rows 34 to 67 of 154, columns 156 to 233 of 252]
0.142 0.125 0.125 0.125 0.134 0.134 0.125 0.125 0.1185 0.1185 0.1065 0.1065 0.1065 0.108 0.108 0.114 0.114 0.121 0.121 0.121 0.1205 0.1205 0.144 0.144 0.149 0.149 0.149 0.1455 0.1455 0.15 0.15 0.1425 0.1425 0.1425 0.144 0.144 0.143 0.143 0.1425 0.1425 0.1425 0.1295 0.1295 0.1355 0.1355 0.1415 0.1415 0.138 0.138 0.138 0.141 0.141 0.138 0.138 0.136 0.136 0.136 0.1395 0.1395 0.1315 0.1315 0.131 0.131 0.131 0.1335 0.1335 0.1315 0.1315 0.135 0.135 0.135 0.131 0.131 0.1235 0.1235 0.1285 0.1285 0.1285
0.142 0.125 0.125 0.125 0.134 0.134 0.125 0.125 0.1185 0.1185 0.1065 0.1065 0.1065 0.108 0.108 0.114 0.114 0.121 0.121 0.121 0.1205 0.1205 0.144 0.144 0.149 0.149 0.149 0.1455 0.1455 0.15 0.15 0.1425 0.1425 0.1425 0.144 0.144 0.143 0.143 0.1425 0.1425 0.1425 0.1295 0.1295 0.1355 0.1355 0.1415 0.1415 0.138 0.138 0.138 0.141 0.141 0.138 0.138 0.136 0.136 0.136 0.1395 0.1395 0.1315 0.1315 0.131 0.131 0.131 0.1335 0.1335 0.1315 0.1315 0.135 0.135 0.135 0.131 0.131 0.1235 0.1235 0.1285 0.1285 0.1285
0.142 0.125 0.125 0.125 0.134 0.134 0.125 0.125 0.1185 0.1185 0.1065 0.1065 0.1065 0.108 0.108 0.114 0.114 0.121 0.121 0.121 0.1205 0.1205 0.144 0.144 0.149 0.149 0.149 0.1455 0.1455 0.15 0.15 0.1425 0.1425 0.1425 0.144 0.144 0.143 0.143 0.1425 0.1425 0.1425 0.1295 0.1295 0.1355 0.1355 0.1415 0.1415 0.138 0.138 0.138 0.141 0.141 0.138 0.138 0.136 0.136 0.136 0.1395 0.1395 0.1315 0.1315 0.131 0.131 0.131 0.1335 0.1335 0.1315 0.1315 0.135 0.135 0.135 0.131 0.131 0.1235 0.1235 0.1285 0.1285 0.1285
0.1255 0.126 0.126 0.126 0.129 0.129 0.1135 0.1135 0.1115 0.1115 0.116 0.116 0.116 0.1145 0.1145 0.1155 0.1155 0.108 0.108 0.108 0.1035 0.1035 0.146 0.146 0.143 0.143 0.143 0.156 0.156 0.1465 0.1465 0.1455 0.1455 0.1455 0.1375 0.1375 0.1455 0.1455 0.141 0.141 0.141 0.134 0.134 0.1315 0.1315 0.1395 0.1395 0.139 0.139 0.139 0.1335 0.1335 0.138 0.138 0.136 0.136 0.136 0.1395 0.1395 0.139 0.139 0.1355 0.1355 0.1355 0.1305 0.1305 0.1285 0.1285 0.133 0.133 0.133 0.136 0.136 0.1345 0.1345 0.1295 0.1295 0.1295
0.1255 0.126 0.126 0.126 0.129 0.129 0.1135 0.1135 0.1115 0.1115 0.116 0.116 0.116 0.1145 0.1145 0.1155 0.1155 0.108 0.108 0.108 0.1035 0.1035 0.146 0.146 0.143 0.143 0.143 0.156 0.156 0.1465 0.1465 0.1455 0.1455 0.1455 0.1375 0.1375 0.1455 0.1455 0.141 0.141 0.141 0.134 0.134 0.1315 0.1315 0.1395 0.1395 0.139 0.139 0.139 0.1335 0.1335 0.138 0.138 0.136 0.136 0.136 0.1395 0.1395 0.139 0.139 0.1355 0.1355 0.1355 0.1305 0.1305 0.1285 0.1285 0.133 0.133 0.133 0.136 0.136 0.1345 0.1345 0.1295 0.1295 0.1295
0.1255 0.104 0.104 0.104 0.1065 0.1065 0.1095 0.1095 0.1155 0.1155 0.116 0.116 0.116 0.117 0.117 0.11 0.11 0.107 0.107 0.107 0.1065 0.1065 0.1485 0.1485 0.165 0.165 0.165 0.1615 0.1615 0.1645 0.1645 0.156 0.156 0.156 0.1465 0.1465 0.1405 0.1405 0.1345 0.1345 0.1345 0.1285 0.1285 0.1365 0.1365 0.1365 0.1365 0.138 0.138 0.138 0.138 0.138 0.1315 0.1315 0.138 0.138 0.138 0.1465 0.1465 0.145 0.145 0.136 0.136 0.136 0.137 0.137 0.1255 0.1255 0.134 0.134 0.134 0.142 0.142 0.14 0.14 0.143 0.143 0.143
0.1255 0.104 0.104 0.104 0.1065 0.1065 0.1095 0.1095 0.1155 0.1155 0.116 0.116 0.116 0.117 0.117 0.11 0.11 0.107 0.107 0.107 0.1065 0.1065 0.1485 0.1485 0.165 0.165 0.165 0.1615 0.1615 0.1645 0.1645 0.156 0.156 0.156 0.1465 0.1465 0.1405 0.1405 0.1345 0.1345 0.1345 0.1285 0.1285 0.1365 0.1365 0.1365 0.1365 0.138 0.138 0.138 0.138 0.138 0.1315 0.1315 0.138 0.138 0.138 0.1465 0.1465 0.145 0.145 0.136 0.136 0.136 0.137 0.137 0.1255 0.1255 0.134 0.134 0.134 0.142 0.142 0.14 0.14 0.143 0.143 0.143
0.126 0.096 0.096 0.096 0.1105 0.1105 0.108 0.108 0.114 0.114 0.119 0.119 0.119 0.119 0.119 0.119 0.119 0.1295 0.1295 0.1295 0.1225 0.1225 0.1475 0.1475 0.156 0.156 0.156 0.164 0.164 0.169 0.169 0.158 0.158 0.158 0.1655 0.1655 0.1405 0.1405 0.1435 0.1435 0.1435 0.1355 0.1355 0.137 0.137 0.1405 0.1405 0.1345 0.1345 0.1345 0.1345 0.1345 0.1415 0.1415 0.142 0.142 0.142 0.148 0.148 0.1465 0.1465 0.1495 0.1495 0.1495 0.1545 0.1545 0.1475 0.1475 0.141 0.141 0.141 0.143 0.143 0.1375 0.1375 0.144 0.144 0.144
0.126 0.096 0.096 0.096 0.1105 0.1105 0.108 0.108 0.114 0.114 0.119 0.119 0.119 0.119 0.119 0.119 0.119 0.1295 0.1295 0.1295 0.1225 0.1225 0.1475 0.1475 0.156 0.156 0.156 0.164 0.164 0.169 0.169 0.158 0.158 0.158 0.1655 0.1655 0.1405 0.1405 0.1435 0.1435 0.1435 0.1355 0.1355 0.137 0.137 0.1405 0.1405 0.1345 0.1345 0.1345 0.1345 0.1345 0.1415 0.1415 0.142 0.142 0.142 0.148 0.148 0.1465 0.1465 0.1495 0.1495 0.1495 0.1545 0.1545 0.1475 0.1475 0.141 0.141 0.141 0.143 0.143 0.1375 0.1375 0.144 0.144 0.144
0.126 0.096 0.096 0.096 0.1105 0.1105 0.108 0.108 0.114 0.114 0.119 0.119 0.119 0.119 0.119 0.119 0.119 0.1295 0.1295 0.1295 0.1225 0.1225 0.1475 0.1475 0.156 0.156 0.156 0.164 0.164 0.169 0.169 0.158 0.158 0.158 0.1655 0.1655 0.1405 0.1405 0.1435 0.1435 0.1435 0.1355 0.1355 0.137 0.137 0.1405 0.1405 0.1345 0.1345 0.1345 0.1345 0.1345 0.1415 0.1415 0.142 0.142 0.142 0.148 0.148 0.1465 0.1465 0.1495 0.1495 0.1495 0.1545 0.1545 0.1475 0.1475 0.141 0.141 0.141 0.143 0.143 0.1375 0.1375 0.144 0.144 0.144
0.1475 0.138 0.138 0.138 0.122 0.122 0.1245 0.1245 0.127 0.127 0.1275 0.1275 0.1275 0.124 0.124 0.1645 0.1645 0.1635 0.1635 0.1635 0.1475 0.1475 0.1365 0.1365 0.1515 0.1515 0.1515 0.1565 0.1565 0.156 0.156 0.1535 0.1535 0.1535 0.147 0.147 0.1445 0.1445 0.1445 0.1445 0.1445 0.144 0.144 0.1435 0.1435 0.1475 0.1475 0.154 0.154 0.154 0.1355 0.1355 0.1425 0.1425 0.139 0.139 0.139 0.15 0.15 0.149 0.149 0.155 0.155 0.155 0.155 0.155 0.147 0.147 0.149 0.149 0.149 0.1435 0.1435 0.1385 0.1385 0.1335 0.1335 0.1335
0.1475 0.138 0.138 0.138 0.122 0.122 0.1245 0.1245 0.127 0.127 0.1275 0.1275 0.1275 0.124 0.124 0.1645 0.1645 0.1635 0.1635 0.1635 0.1475 0.1475 0.1365 0.1365 0.1515 0.1515 0.1515 0.1565 0.1565 0.156 0.156 0.1535 0.1535 0.1535 0.147 0.147 0.1445 0.1445 0.1445 0.1445 0.1445 0.144 0.144 0.1435 0.1435 0.1475 0.1475 0.154 0.154 0.154 0.1355 0.1355 0.1425 0.1425 0.139 0.139 0.139 0.15 0.15 0.149 0.149 0.155 0.155 0.155 0.155 0.155 0.147 0.147 0.149 0.149 0.149 0.1435 0.1435 0.1385 0.1385 0.1335 0.1335 0.1335
0.121 0.162 0.162 0.162 0.195 0.195 0.1665 0.1665 0.164 0.164 0.1705 0.1705 0.1705 0.1635 0.1635 0.1695 0.1695 0.164 0.164 0.164 0.166 0.166 0.1585 0.1585 0.1615 0.1615 0.1615 0.1545 0.1545 0.1605 0.1605 0.1595 0.1595 0.1595 0.151 0.151 0.1455 0.1455 0.146 0.146 0.146 0.147 0.147 0.153 0.153 0.1415 0.1415 0.162 0.162 0.162 0.1365 0.1365 0.134 0.134 0.15 0.15 0.15 0.1515 0.1515 0.157 0.157 0.1515 0.1515 0.1515 0.15 0.15 0.147 0.147 0.1505 0.1505 0.1505 0.151 0.151 0.1455 0.1455 0.145 0.145 0.145
0.121 0.162 0.162 0.162 0.195 0.195 0.1665 0.1665 0.164 0.164 0.1705 0.1705 0.1705 0.1635 0.1635 0.1695 0.1695 0.164 0.164 0.164 0.166 0.166 0.1585 0.1585 0.1615 0.1615 0.1615 0.1545 0.1545 0.1605 0.1605 0.1595 0.1595 0.1595 0.151 0.151 0.1455 0.1455 0.146 0.146 0.146 0.147 0.147 0.153 0.153 0.1415 0.1415 0.162 0.162 0.162 0.1365 0.1365 0.134 0.134 0.15 0.15 0.15 0.1515 0.1515 0.157 0.157 0.1515 0.1515 0.1515 0.15 0.15 0.147 0.147 0.1505 0.1505 0.1505 0.151 0.151 0.1455 0.1455 0.145 0.145 0.145
0.1405 0.1505 0.1505 0.1505 0.168 0.168 0.187 0.187 0.1675 0.1675 0.165 0.165 0.165 0.168 0.168 0.154 0.154 0.158 0.158 0.158 0.158 0.158 0.171 0.171 0.1645 0.1645 0.1645 0.161 0.161 0.15 0.15 0.158 0.158 0.158 0.1545 0.1545 0.159 0.159 0.168 0.168 0.168 0.1645 0.1645 0.1565 0.1565 0.1505 0.1505 0.15 0.15 0.15 0.1455 0.1455 0.1455 0.1455 0.156 0.156 0.156 0.1585 0.1585 0.158 0.158 0.149 0.149 0.149 0.149 0.149 0.1525 0.1525 0.1505 0.1505 0.1505 0.1505 0.1505 0.151 0.151 0.1485 0.1485 0.1485
0.1405 0.1505 0.1505 0.1505 0.168 0.168 0.187 0.187 0.1675 0.1675 0.165 0.165 0.165 0.168 0.168 0.154 0.154 0.158 0.158 0.158 0.158 0.158 0.171 0.171 0.1645 0.1645 0.1645 0.161 0.161 0.15 0.15 0.158 0.158 0.158 0.1545 0.1545 0.159 0.159 0.168 0.168 0.168 0.1645 0.1645 0.1565 0.1565 0.1505 0.1505 0.15 0.15 0.15 0.1455 0.1455 0.1455 0.1455 0.156 0.156 0.156 0.1585 0.1585 0.158 0.158 0.149 0.149 0.149 0.149 0.149 0.1525 0.1525 0.1505 0.1505 0.1505 0.1505 0.1505 0.151 0.151 0.1485 0.1485 0.1485
0.1405 0.1505 0.1505 0.1505 0.168 0.168 0.187 0.187 0.1675 0.1675 0.165 0.165 0.165 0.168 0.168 0.154 0.154 0.158 0.158 0.158 0.158 0.158 0.171 0.171 0.1645 0.1645 0.1645 0.161 0.161 0.15 0.15 0.158 0.158 0.158 0.1545 0.1545 0.159 0.159 0.168 0.168 0.168 0.1645 0.1645 0.1565 0.1565 0.1505 0.1505 0.15 0.15 0.15 0.1455 0.1455 0.1455 0.1455 0.156 0.156 0.156 0.1585 0.1585 0.158 0.158 0.149 0.149 0.149 0.149 0.149 0.1525 0.1525 0.1505 0.1505 0.1505 0.1505 0.1505 0.151 0.151 0.1485 0.1485 0.1485
0.1495 0.1665 0.1665 0.1665 0.1855 0.1855 0.21 0.21 0.1925 0.1925 0.18 0.18 0.18 0.1565 0.1565 0.157 0.157 0.161 0.161 0.161 0.171 0.171 0.1785 0.1785 0.1815 0.1815 0.1815 0.173 0.173 0.177 0.177 0.1715 0.1715 0.1715 0.168 0.168 0.172 0.172 0.1785 0.1785 0.1785 0.1685 0.1685 0.1605 0.1605 0.1465 0.1465 0.142 0.142 0.142 0.1365 0.1365 0.149 0.149 0.1535 0.1535 0.1535 0.161 0.161 0.158 0.158 0.1585 0.1585 0.1585 0.143 0.143 0.148 0.148 0.157 0.157 0.157 0.1535 0.1535 0.1515 0.1515 0.145 0.145 0.145
0.1495 0.1665 0.1665 0.1665 0.1855 0.1855 0.21 0.21 0.1925 0.1925 0.18 0.18 0.18 0.1565 0.1565 0.157 0.157 0.161 0.161 0.161 0.171 0.171 0.1785 0.1785 0.1815 0.1815 0.1815 0.173 0.173 0.177 0.177 0.1715 0.1715 0.1715 0.168 0.168 0.172 0.172 0.1785 0.1785 0.1785 0.1685 0.1685 0.1605 0.1605 0.1465 0.1465 0.142 0.142 0.142 0.1365 0.1365 0.149 0.149 0.1535 0.1535 0.1535 0.161 0.161 0.158 0.158 0.1585 0.1585 0.1585 0.143 0.143 0.148 0.148 0.157 0.157 0.157 0.1535 0.1535 0.1515 0.1515 0.145 0.145 0.145
0.1265 0.171 0.171 0.171 0.193 0.193 0.1965 0.1965 0.192 0.192 0.1825 0.1825 0.1825 0.166 0.166 0.164 0.164 0.168 0.168 0.168 0.1695 0.1695 0.196 0.196 0.192 0.192 0.192 0.19 0.19 0.2 0.2 0.208 0.208 0.208 0.196 0.196 0.1815 0.1815 0.1785 0.1785 0.1785 0.1555 0.1555 0.161 0.161 0.151 0.151 0.143 0.143 0.143 0.1445 0.1445 0.148 0.148 0.161 0.161 0.161 0.163 0.163 0.1665 0.1665 0.1735 0.1735 0.1735 0.1435 0.1435 0.1685 0.1685 0.167 0.167 0.167 0.164 0.164 0.172 0.172 0.1655 0.1655 0.1655
0.1265 0.171 0.171 0.171 0.193 0.193 0.1965 0.1965 0.192 0.192 0.1825 0.1825 0.1825 0.166 0.166 0.164 0.164 0.168 0.168 0.168 0.1695 0.1695 0.196 0.196 0.192 0.192 0.192 0.19 0.19 0.2 0.2 0.208 0.208 0.208 0.196 0.196 0.1815 0.1815 0.1785 0.1785 0.1785 0.1555 0.1555 0.161 0.161 0.151 0.151 0.143 0.143 0.143 0.1445 0.1445 0.148 0.148 0.161 0.161 0.161 0.163 0.163 0.1665 0.1665 0.1735 0.1735 0.1735 0.1435 0.1435 0.1685 0.1685 0.167 0.167 0.167 0.164 0.164 0.172 0.172 0.1655 0.1655 0.1655
0.12 0.1755 0.1755 0.1755 0.1615 0.1615 0.184 0.184 0.1865 0.1865 0.1895 0.1895 0.1895 0.2055 0.2055 0.187 0.187 0.1985 0.1985 0.1985 0.2005 0.2005 0.201 0.201 0.2025 0.2025 0.2025 0.205 0.205 0.1925 0.1925 0.1865 0.1865 0.1865 0.193 0.193 0.1815 0.1815 0.1805 0.1805 0.1805 0.1785 0.1785 0.1745 0.1745 0.182 0.182 0.165 0.165 0.165 0.165 0.165 0.153 0.153 0.1575 0.1575 0.1575 0.159 0.159 0.1765 0.1765 0.1745 0.1745 0.1745 0.1645 0.1645 0.1705 0.1705 0.167 0.167 0.167 0.1705 0.1705 0.1725 0.1725 0.1765 0.1765 0.1765
0.12 0.1755 0.1755 0.1755 0.1615 0.1615 0.184 0.184 0.1865 0.1865 0.1895 0.1895 0.1895 0.2055 0.2055 0.187 0.187 0.1985 0.1985 0.1985 0.2005 0.2005 0.201 0.201 0.2025 0.2025 0.2025 0.205 0.205 0.1925 0.1925 0.1865 0.1865 0.1865 0.193 0.193 0.1815 0.1815 0.1805 0.1805 0.1805 0.1785 0.1785 0.1745 0.1745 0.182 0.182 0.165 0.165 0.165 0.165 0.165 0.153 0.153 0.1575 0.1575 0.1575 0.159 0.159 0.1765 0.1765 0.1745 0.1745 0.1745 0.1645 0.1645 0.1705 0.1705 0.167 0.167 0.167 0.1705 0.1705 0.1725 0.1725 0.1765 0.1765 0.1765
0.133 0.137 0.137 0.137 0.163 0.163 0.186 0.186 0.176 0.176 0.1725 0.1725 0.1725 0.1795 0.1795 0.2155 0.2155 0.2215 0.2215 0.2215 0.21 0.21 0.213 0.213 0.208 0.208 0.208 0.185 0.185 0.197 0.197 0.1875 0.1875 0.1875 0.192 0.192 0.184 0.184 0.178 0.178 0.178 0.1635 0.1635 0.163 0.163 0.163 0.163 0.155 0.155 0.155 0.156 0.156 0.1385 0.1385 0.164 0.164 0.164 0.155 0.155 0.179 0.179 0.1775 0.1775 0.1775 0.1675 0.1675 0.1645 0.1645 0.1705 0.1705 0.1705 0.169 0.169 0.1755 0.1755 0.1835 0.1835 0.1835
0.133 0.137 0.137 0.137 0.163 0.163 0.186 0.186 0.176 0.176 0.1725 0.1725 0.1725 0.1795 0.1795 0.2155 0.2155 0.2215 0.2215 0.2215 0.21 0.21 0.213 0.213 0.208 0.208 0.208 0.185 0.185 0.197 0.197 0.1875 0.1875 0.1875 0.192 0.192 0.184 0.184 0.178 0.178 0.178 0.1635 0.1635 0.163 0.163 0.163 0.163 0.155 0.155 0.155 0.156 0.156 0.1385 0.1385 0.164 0.164 0.164 0.155 0.155 0.179 0.179 0.1775 0.1775 0.1775 0.1675 0.1675 0.1645 0.1645 0.1705 0.1705 0.1705 0.169 0.169 0.1755 0.1755 0.1835 0.1835 0.1835
0.133 0.137 0.137 0.137 0.163 0.163 0.186 0.186 0.176 0.176 0.1725 0.1725 0.1725 0.1795 0.1795 0.2155 0.2155 0.2215 0.2215 0.2215 0.21 0.21 0.213 0.213 0.208 0.208 0.208 0.185 0.185 0.197 0.197 0.1875 0.1875 0.1875 0.192 0.192 0.184 0.184 0.178 0.178 0.178 0.1635 0.1635 0.163 0.163 0.163 0.163 0.155 0.155 0.155 0.156 0.156 0.1385 0.1385 0.164 0.164 0.164 0.155 0.155 0.179 0.179 0.1775 0.1775 0.1775 0.1675 0.1675 0.1645 0.1645 0.1705 0.1705 0.1705 0.169 0.169 0.1755 0.1755 0.1835 0.1835 0.1835
0.135 0.126 0.126 0.126 0.131 0.131 0.1845 0.1845 0.1795 0.1795 0.1715 0.1715 0.1715 0.1875 0.1875 0.226 0.226 0.226 0.226 0.226 0.2255 0.2255 0.216 0.216 0.1965 0.1965 0.1965 0.196 0.196 0.194 0.194 0.194 0.194 0.194 0.1925 0.1925 0.1835 0.1835 0.195 0.195 0.195 0.169 0.169 0.1505 0.1505 0.147 0.147 0.1875 0.1875 0.1875 0.1475 0.1475 0.1365 0.1365 0.1265 0.1265 0.1265 0.144 0.144 0.159 0.159 0.155 0.155 0.155 0.173 0.173 0.161 0.161 0.153 0.153 0.153 0.1525 0.1525 0.162 0.162 0.159 0.159 0.159
0.135 0.126 0.126 0.126 0.131 0.131 0.1845 0.1845 0.1795 0.1795 0.1715 0.1715 0.1715 0.1875 0.1875 0.226 0.226 0.226 0.226 0.226 0.2255 0.2255 0.216 0.216 0.1965 0.1965 0.1965 0.196 0.196 0.194 0.194 0.194 0.194 0.194 0.1925 0.1925 0.1835 0.1835 0.195 0.195 0.195 0.169 0.169 0.1505 0.1505 0.147 0.147 0.1875 0.1875 0.1875 0.1475 0.1475 0.1365 0.1365 0.1265 0.1265 0.1265 0.144 0.144 0.159 0.159 0.155 0.155 0.155 0.173 0.173 0.161 0.161 0.153 0.153 0.153 0.1525 0.1525 0.162 0.162 0.159 0.159 0.159
0.1335 0.135 0.135 0.135 0.095 0.095 0.141 0.141 0.1785 0.1785 0.194 0.194 0.194 0.215 0.215 0.228 0.228 0.233 0.233 0.233 0.23 0.23 0.22 0.22 0.205 0.205 0.205 0.1905 0.1905 0.194 0.194 0.201 0.201 0.201 0.205 0.205 0.2335 0.2335 0.199 0.199 0.199 0.2025 0.2025 0.1865 0.1865 0.1575 0.1575 0.169 0.169 0.169 0.1685 0.1685 0.1735 0.1735 0.1615 0.1615 0.1615 0.1425 0.1425 0.1605 0.1605 0.18 0.18 0.18 0.1785 0.1785 0.1455 0.1455 0.1485 0.1485 0.1485 0.1235 0.1235 0.1645 0.1645 0.1575 0.1575 0.1575
0.1335 0.135 0.135 0.135 0.095 0.095 0.141 0.141 0.1785 0.1785 0.194 0.194 0.194 0.215 0.215 0.228 0.228 0.233 0.233 0.233 0.23 0.23 0.22 0.22 0.205 0.205 0.205 0.1905 0.1905 0.194 0.194 0.201 0.201 0.201 0.205 0.205 0.2335 0.2335 0.199 0.199 0.199 0.2025 0.2025 0.1865 0.1865 0.1575 0.1575 0.169 0.169 0.169 0.1685 0.1685 0.1735 0.1735 0.1615 0.1615 0.1615 0.1425 0.1425 0.1605 0.1605 0.18 0.18 0.18 0.1785 0.1785 0.1455 0.1455 0.1485 0.1485 0.1485 0.1235 0.1235 0.1645 0.1645 0.1575 0.1575 0.1575
0.1475 0.1455 0.1455 0.1455 0.1335 0.1335 0.151 0.151 0.199 0.199 0.216 0.216 0.216 0.2325 0.2325 0.227 0.227 0.2265 0.2265 0.2265 0.224 0.224 0.2195 0.2195 0.206 0.206 0.206 0.1995 0.1995 0.2065 0.2065 0.215 0.215 0.215 0.2125 0.2125 0.2365 0.2365 0.2145 0.2145 0.2145 0.2145 0.2145 0.2035 0.2035 0.194 0.194 0.202 0.202 0.202 0.2045 0.2045 0.218 0.218 0.1975 0.1975 0.1975 0.177 0.177 0.1745 0.1745 0.198 0.198 0.198 0.194 0.194 0.178 0.178 0.173 0.173 0.173 0.1715 0.1715 0.173 0.173 0.167 0.167 0.167
0.1475 0.1455 0.1455 0.1455 0.1335 0.1335 0.151 0.151 0.199 0.199 0.216 0.216 0.216 0.2325 0.2325 0.227 0.227 0.2265 0.2265 0.2265 0.224 0.224 0.2195 0.2195 0.206 0.206 0.206 0.1995 0.1995 0.2065 0.2065 0.215 0.215 0.215 0.2125 0.2125 0.2365 0.2365 0.2145 0.2145 0.2145 0.2145 0.2145 0.2035 0.2035 0.194 0.194 0.202 0.202 0.202 0.2045 0.2045 0.218 0.218 0.1975 0.1975 0.1975 0.177 0.177 0.1745 0.1745 0.198 0.198 0.198 0.194 0.194 0.178 0.178 0.173 0.173 0.173 0.1715 0.1715 0.173 0.173 0.167 0.167 0.167
0.1475 0.1455 0.1455 0.1455 0.1335 0.1335 0.151 0.151 0.199 0.199 0.216 0.216 0.216 0.2325 0.2325 0.227 0.227 0.2265 0.2265 0.2265 0.224 0.224 0.2195 0.2195 0.206 0.206 0.206 0.1995 0.1995 0.2065 0.2065 0.215 0.215 0.215 0.2125 0.2125 0.2365 0.2365 0.2145 0.2145 0.2145 0.2145 0.2145 0.2035 0.2035 0.194 0.194 0.202 0.202 0.202 0.2045 0.2045 0.218 0.218 0.1975 0.1975 0.1975 0.177 0.177 0.1745 0.1745 0.198 0.198 0.198 0.194 0.194 0.178 0.178 0.173 0.173 0.173 0.1715 0.1715 0.173 0.173 0.167 0.167 0.167
0.1645 0.1565 0.1565 0.1565 0.159 0.159 0.1565 0.1565 0.19 0.19 0.2 0.2 0.2 0.2385 0.2385 0.2255 0.2255 0.2385 0.2385 0.2385 0.2335 0.2335 0.226 0.226 0.204 0.204 0.204 0.216 0.216 0.216 0.216 0.2085 0.2085 0.2085 0.207 0.207 0.209 0.209 0.2085 0.2085 0.2085 0.227 0.227 0.2195 0.2195 0.2025 0.2025 0.2225 0.2225 0.2225 0.207 0.207 0.211 0.211 0.212 0.212 0.212 0.24 0.24 0.2105 0.2105 0.205 0.205 0.205 0.1875 0.1875 0.218 0.218 0.2125 0.2125 0.2125 0.197 0.197 0.186 0.186 0.1965 0.1965 0.1965
