ndvi/NOAA-109.asc
ncols         252
nrows         154
xllcorner     -18.017974
yllcorner     13.481982
cellsize      0.035948
NODATA_value  -9999
[rows 68 to 101 of 154, columns 154 to 230 of 252]
0.1275 0.154 0.154 0.126 0.126 0.126 0.139 0.139 0.145 0.145 0.1815 0.1815 0.1865 0.1865 0.1865 0.215 0.215 0.2125 0.2125 0.1995 0.1995 0.1995 0.2135 0.2135 0.206 0.206 0.197 0.197 0.197 0.2015 0.2015 0.2045 0.2045 0.1845 0.1845 0.1845 0.185 0.185 0.186 0.186 0.1965 0.1965 0.1965 0.192 0.192 0.1885 0.1885 0.2095 0.2095 0.2025 0.2025 0.2025 0.184 0.184 0.204 0.204 0.2155 0.2155 0.2155 0.2295 0.2295 0.213 0.213 0.2015 0.2015 0.2015 0.184 0.184 0.1945 0.1945 0.212 0.212 0.212 0.196 0.196 0.1865 0.1865
0.139 0.139 0.139 0.13 0.13 0.13 0.1405 0.1405 0.1485 0.1485 0.145 0.145 0.211 0.211 0.211 0.2155 0.2155 0.21 0.21 0.216 0.216 0.216 0.216 0.216 0.218 0.218 0.205 0.205 0.205 0.1745 0.1745 0.1885 0.1885 0.2015 0.2015 0.2015 0.1965 0.1965 0.1905 0.1905 0.197 0.197 0.197 0.203 0.203 0.193 0.193 0.201 0.201 0.201 0.201 0.201 0.207 0.207 0.2175 0.2175 0.213 0.213 0.213 0.207 0.207 0.2285 0.2285 0.2085 0.2085 0.2085 0.1765 0.1765 0.1975 0.1975 0.2105 0.2105 0.2105 0.211 0.211 0.2045 0.2045
0.139 0.139 0.139 0.13 0.13 0.13 0.1405 0.1405 0.1485 0.1485 0.145 0.145 0.211 0.211 0.211 0.2155 0.2155 0.21 0.21 0.216 0.216 0.216 0.216 0.216 0.218 0.218 0.205 0.205 0.205 0.1745 0.1745 0.1885 0.1885 0.2015 0.2015 0.2015 0.1965 0.1965 0.1905 0.1905 0.197 0.197 0.197 0.203 0.203 0.193 0.193 0.201 0.201 0.201 0.201 0.201 0.207 0.207 0.2175 0.2175 0.213 0.213 0.213 0.207 0.207 0.2285 0.2285 0.2085 0.2085 0.2085 0.1765 0.1765 0.1975 0.1975 0.2105 0.2105 0.2105 0.211 0.211 0.2045 0.2045
0.1575 0.157 0.157 0.16 0.16 0.16 0.15 0.15 0.164 0.164 0.157 0.157 0.2005 0.2005 0.2005 0.2195 0.2195 0.2115 0.2115 0.198 0.198 0.198 0.212 0.212 0.207 0.207 0.2035 0.2035 0.2035 0.1975 0.1975 0.189 0.189 0.179 0.179 0.179 0.181 0.181 0.1855 0.1855 0.197 0.197 0.197 0.2115 0.2115 0.2195 0.2195 0.2125 0.2125 0.22 0.22 0.22 0.225 0.225 0.214 0.214 0.204 0.204 0.204 0.22 0.22 0.2075 0.2075 0.215 0.215 0.215 0.2025 0.2025 0.192 0.192 0.1975 0.1975 0.1975 0.196 0.196 0.215 0.215
0.1575 0.157 0.157 0.16 0.16 0.16 0.15 0.15 0.164 0.164 0.157 0.157 0.2005 0.2005 0.2005 0.2195 0.2195 0.2115 0.2115 0.198 0.198 0.198 0.212 0.212 0.207 0.207 0.2035 0.2035 0.2035 0.1975 0.1975 0.189 0.189 0.179 0.179 0.179 0.181 0.181 0.1855 0.1855 0.197 0.197 0.197 0.2115 0.2115 0.2195 0.2195 0.2125 0.2125 0.22 0.22 0.22 0.225 0.225 0.214 0.214 0.204 0.204 0.204 0.22 0.22 0.2075 0.2075 0.215 0.215 0.215 0.2025 0.2025 0.192 0.192 0.1975 0.1975 0.1975 0.196 0.196 0.215 0.215
0.1575 0.157 0.157 0.16 0.16 0.16 0.15 0.15 0.164 0.164 0.157 0.157 0.2005 0.2005 0.2005 0.2195 0.2195 0.2115 0.2115 0.198 0.198 0.198 0.212 0.212 0.207 0.207 0.2035 0.2035 0.2035 0.1975 0.1975 0.189 0.189 0.179 0.179 0.179 0.181 0.181 0.1855 0.1855 0.197 0.197 0.197 0.2115 0.2115 0.2195 0.2195 0.2125 0.2125 0.22 0.22 0.22 0.225 0.225 0.214 0.214 0.204 0.204 0.204 0.22 0.22 0.2075 0.2075 0.215 0.215 0.215 0.2025 0.2025 0.192 0.192 0.1975 0.1975 0.1975 0.196 0.196 0.215 0.215
0.1755 0.1665 0.1665 0.176 0.176 0.176 0.172 0.172 0.17 0.17 0.1715 0.1715 0.2195 0.2195 0.2195 0.2205 0.2205 0.2095 0.2095 0.212 0.212 0.212 0.2005 0.2005 0.205 0.205 0.2085 0.2085 0.2085 0.2105 0.2105 0.2055 0.2055 0.2115 0.2115 0.2115 0.2165 0.2165 0.2155 0.2155 0.226 0.226 0.226 0.236 0.236 0.233 0.233 0.2255 0.2255 0.2225 0.2225 0.2225 0.223 0.223 0.198 0.198 0.197 0.197 0.197 0.2095 0.2095 0.2205 0.2205 0.219 0.219 0.219 0.216 0.216 0.1965 0.1965 0.19 0.19 0.19 0.2015 0.2015 0.207 0.207
0.1755 0.1665 0.1665 0.176 0.176 0.176 0.172 0.172 0.17 0.17 0.1715 0.1715 0.2195 0.2195 0.2195 0.2205 0.2205 0.2095 0.2095 0.212 0.212 0.212 0.2005 0.2005 0.205 0.205 0.2085 0.2085 0.2085 0.2105 0.2105 0.2055 0.2055 0.2115 0.2115 0.2115 0.2165 0.2165 0.2155 0.2155 0.226 0.226 0.226 0.236 0.236 0.233 0.233 0.2255 0.2255 0.2225 0.2225 0.2225 0.223 0.223 0.198 0.198 0.197 0.197 0.197 0.2095 0.2095 0.2205 0.2205 0.219 0.219 0.219 0.216 0.216 0.1965 0.1965 0.19 0.19 0.19 0.2015 0.2015 0.207 0.207
0.146 0.1645 0.1645 0.1805 0.1805 0.1805 0.1705 0.1705 0.1615 0.1615 0.1705 0.1705 0.19 0.19 0.19 0.222 0.222 0.212 0.212 0.2125 0.2125 0.2125 0.207 0.207 0.194 0.194 0.218 0.218 0.218 0.216 0.216 0.207 0.207 0.2015 0.2015 0.2015 0.214 0.214 0.234 0.234 0.2415 0.2415 0.2415 0.2355 0.2355 0.246 0.246 0.217 0.217 0.236 0.236 0.236 0.2265 0.2265 0.2165 0.2165 0.224 0.224 0.224 0.199 0.199 0.2125 0.2125 0.2195 0.2195 0.2195 0.2265 0.2265 0.22 0.22 0.211 0.211 0.211 0.2075 0.2075 0.213 0.213
0.146 0.1645 0.1645 0.1805 0.1805 0.1805 0.1705 0.1705 0.1615 0.1615 0.1705 0.1705 0.19 0.19 0.19 0.222 0.222 0.212 0.212 0.2125 0.2125 0.2125 0.207 0.207 0.194 0.194 0.218 0.218 0.218 0.216 0.216 0.207 0.207 0.2015 0.2015 0.2015 0.214 0.214 0.234 0.234 0.2415 0.2415 0.2415 0.2355 0.2355 0.246 0.246 0.217 0.217 0.236 0.236 0.236 0.2265 0.2265 0.2165 0.2165 0.224 0.224 0.224 0.199 0.199 0.2125 0.2125 0.2195 0.2195 0.2195 0.2265 0.2265 0.22 0.22 0.211 0.211 0.211 0.2075 0.2075 0.213 0.213
0.13 0.1375 0.1375 0.155 0.155 0.155 0.156 0.156 0.155 0.155 0.1655 0.1655 0.1915 0.1915 0.1915 0.2135 0.2135 0.2085 0.2085 0.1905 0.1905 0.1905 0.2005 0.2005 0.1995 0.1995 0.2245 0.2245 0.2245 0.21 0.21 0.2075 0.2075 0.2105 0.2105 0.2105 0.2325 0.2325 0.239 0.239 0.229 0.229 0.229 0.229 0.229 0.2335 0.2335 0.209 0.209 0.224 0.224 0.224 0.2125 0.2125 0.219 0.219 0.2255 0.2255 0.2255 0.2155 0.2155 0.2205 0.2205 0.23 0.23 0.23 0.2215 0.2215 0.2155 0.2155 0.224 0.224 0.224 0.2115 0.2115 0.2185 0.2185
0.13 0.1375 0.1375 0.155 0.155 0.155 0.156 0.156 0.155 0.155 0.1655 0.1655 0.1915 0.1915 0.1915 0.2135 0.2135 0.2085 0.2085 0.1905 0.1905 0.1905 0.2005 0.2005 0.1995 0.1995 0.2245 0.2245 0.2245 0.21 0.21 0.2075 0.2075 0.2105 0.2105 0.2105 0.2325 0.2325 0.239 0.239 0.229 0.229 0.229 0.229 0.229 0.2335 0.2335 0.209 0.209 0.224 0.224 0.224 0.2125 0.2125 0.219 0.219 0.2255 0.2255 0.2255 0.2155 0.2155 0.2205 0.2205 0.23 0.23 0.23 0.2215 0.2215 0.2155 0.2155 0.224 0.224 0.224 0.2115 0.2115 0.2185 0.2185
0.119 0.1285 0.1285 0.1395 0.1395 0.1395 0.1385 0.1385 0.144 0.144 0.163 0.163 0.214 0.214 0.214 0.211 0.211 0.2225 0.2225 0.199 0.199 0.199 0.1955 0.1955 0.213 0.213 0.226 0.226 0.226 0.217 0.217 0.211 0.211 0.2085 0.2085 0.2085 0.213 0.213 0.2105 0.2105 0.224 0.224 0.224 0.2225 0.2225 0.22 0.22 0.2115 0.2115 0.233 0.233 0.233 0.236 0.236 0.2385 0.2385 0.233 0.233 0.233 0.223 0.223 0.2355 0.2355 0.241 0.241 0.241 0.233 0.233 0.2295 0.2295 0.222 0.222 0.222 0.229 0.229 0.217 0.217
0.119 0.1285 0.1285 0.1395 0.1395 0.1395 0.1385 0.1385 0.144 0.144 0.163 0.163 0.214 0.214 0.214 0.211 0.211 0.2225 0.2225 0.199 0.199 0.199 0.1955 0.1955 0.213 0.213 0.226 0.226 0.226 0.217 0.217 0.211 0.211 0.2085 0.2085 0.2085 0.213 0.213 0.2105 0.2105 0.224 0.224 0.224 0.2225 0.2225 0.22 0.22 0.2115 0.2115 0.233 0.233 0.233 0.236 0.236 0.2385 0.2385 0.233 0.233 0.233 0.223 0.223 0.2355 0.2355 0.241 0.241 0.241 0.233 0.233 0.2295 0.2295 0.222 0.222 0.222 0.229 0.229 0.217 0.217
0.119 0.1285 0.1285 0.1395 0.1395 0.1395 0.1385 0.1385 0.144 0.144 0.163 0.163 0.214 0.214 0.214 0.211 0.211 0.2225 0.2225 0.199 0.199 0.199 0.1955 0.1955 0.213 0.213 0.226 0.226 0.226 0.217 0.217 0.211 0.211 0.2085 0.2085 0.2085 0.213 0.213 0.2105 0.2105 0.224 0.224 0.224 0.2225 0.2225 0.22 0.22 0.2115 0.2115 0.233 0.233 0.233 0.236 0.236 0.2385 0.2385 0.233 0.233 0.233 0.223 0.223 0.2355 0.2355 0.241 0.241 0.241 0.233 0.233 0.2295 0.2295 0.222 0.222 0.222 0.229 0.229 0.217 0.217
0.1205 0.1555 0.1555 0.1565 0.1565 0.1565 0.1555 0.1555 0.145 0.145 0.2045 0.2045 0.2115 0.2115 0.2115 0.2185 0.2185 0.2315 0.2315 0.234 0.234 0.234 0.2275 0.2275 0.2095 0.2095 0.21 0.21 0.21 0.1975 0.1975 0.1925 0.1925 0.202 0.202 0.202 0.203 0.203 0.211 0.211 0.207 0.207 0.207 0.223 0.223 0.211 0.211 0.2285 0.2285 0.239 0.239 0.239 0.244 0.244 0.237 0.237 0.2425 0.2425 0.2425 0.2395 0.2395 0.243 0.243 0.245 0.245 0.245 0.24 0.24 0.234 0.234 0.2435 0.2435 0.2435 0.235 0.235 0.234 0.234
0.1205 0.1555 0.1555 0.1565 0.1565 0.1565 0.1555 0.1555 0.145 0.145 0.2045 0.2045 0.2115 0.2115 0.2115 0.2185 0.2185 0.2315 0.2315 0.234 0.234 0.234 0.2275 0.2275 0.2095 0.2095 0.21 0.21 0.21 0.1975 0.1975 0.1925 0.1925 0.202 0.202 0.202 0.203 0.203 0.211 0.211 0.207 0.207 0.207 0.223 0.223 0.211 0.211 0.2285 0.2285 0.239 0.239 0.239 0.244 0.244 0.237 0.237 0.2425 0.2425 0.2425 0.2395 0.2395 0.243 0.243 0.245 0.245 0.245 0.24 0.24 0.234 0.234 0.2435 0.2435 0.2435 0.235 0.235 0.234 0.234
0.144 0.16 0.16 0.159 0.159 0.159 0.145 0.145 0.1795 0.1795 0.209 0.209 0.2195 0.2195 0.2195 0.222 0.222 0.2305 0.2305 0.233 0.233 0.233 0.2355 0.2355 0.228 0.228 0.2085 0.2085 0.2085 0.2145 0.2145 0.207 0.207 0.195 0.195 0.195 0.2055 0.2055 0.2165 0.2165 0.232 0.232 0.232 0.235 0.235 0.245 0.245 0.227 0.227 0.226 0.226 0.226 0.2365 0.2365 0.2405 0.2405 0.244 0.244 0.244 0.2415 0.2415 0.2365 0.2365 0.2415 0.2415 0.2415 0.2465 0.2465 0.251 0.251 0.246 0.246 0.246 0.2415 0.2415 0.2415 0.2415
0.144 0.16 0.16 0.159 0.159 0.159 0.145 0.145 0.1795 0.1795 0.209 0.209 0.2195 0.2195 0.2195 0.222 0.222 0.2305 0.2305 0.233 0.233 0.233 0.2355 0.2355 0.228 0.228 0.2085 0.2085 0.2085 0.2145 0.2145 0.207 0.207 0.195 0.195 0.195 0.2055 0.2055 0.2165 0.2165 0.232 0.232 0.232 0.235 0.235 0.245 0.245 0.227 0.227 0.226 0.226 0.226 0.2365 0.2365 0.2405 0.2405 0.244 0.244 0.244 0.2415 0.2415 0.2365 0.2365 0.2415 0.2415 0.2415 0.2465 0.2465 0.251 0.251 0.246 0.246 0.246 0.2415 0.2415 0.2415 0.2415
0.1815 0.1835 0.1835 0.18 0.18 0.18 0.163 0.163 0.176 0.176 0.2195 0.2195 0.2285 0.2285 0.2285 0.2255 0.2255 0.216 0.216 0.228 0.228 0.228 0.24 0.24 0.234 0.234 0.2225 0.2225 0.2225 0.202 0.202 0.2075 0.2075 0.2175 0.2175 0.2175 0.212 0.212 0.2195 0.2195 0.2335 0.2335 0.2335 0.2265 0.2265 0.2415 0.2415 0.24 0.24 0.2365 0.2365 0.2365 0.2375 0.2375 0.23 0.23 0.2305 0.2305 0.2305 0.2245 0.2245 0.2245 0.2245 0.2305 0.2305 0.2305 0.254 0.254 0.252 0.252 0.2455 0.2455 0.2455 0.2535 0.2535 0.233 0.233
0.1815 0.1835 0.1835 0.18 0.18 0.18 0.163 0.163 0.176 0.176 0.2195 0.2195 0.2285 0.2285 0.2285 0.2255 0.2255 0.216 0.216 0.228 0.228 0.228 0.24 0.24 0.234 0.234 0.2225 0.2225 0.2225 0.202 0.202 0.2075 0.2075 0.2175 0.2175 0.2175 0.212 0.212 0.2195 0.2195 0.2335 0.2335 0.2335 0.2265 0.2265 0.2415 0.2415 0.24 0.24 0.2365 0.2365 0.2365 0.2375 0.2375 0.23 0.23 0.2305 0.2305 0.2305 0.2245 0.2245 0.2245 0.2245 0.2305 0.2305 0.2305 0.254 0.254 0.252 0.252 0.2455 0.2455 0.2455 0.2535 0.2535 0.233 0.233
0.1815 0.1835 0.1835 0.18 0.18 0.18 0.163 0.163 0.176 0.176 0.2195 0.2195 0.2285 0.2285 0.2285 0.2255 0.2255 0.216 0.216 0.228 0.228 0.228 0.24 0.24 0.234 0.234 0.2225 0.2225 0.2225 0.202 0.202 0.2075 0.2075 0.2175 0.2175 0.2175 0.212 0.212 0.2195 0.2195 0.2335 0.2335 0.2335 0.2265 0.2265 0.2415 0.2415 0.24 0.24 0.2365 0.2365 0.2365 0.2375 0.2375 0.23 0.23 0.2305 0.2305 0.2305 0.2245 0.2245 0.2245 0.2245 0.2305 0.2305 0.2305 0.254 0.254 0.252 0.252 0.2455 0.2455 0.2455 0.2535 0.2535 0.233 0.233
0.1635 0.166 0.166 0.176 0.176 0.176 0.1725 0.1725 0.195 0.195 0.2255 0.2255 0.2375 0.2375 0.2375 0.2345 0.2345 0.2295 0.2295 0.235 0.235 0.235 0.224 0.224 0.2235 0.2235 0.209 0.209 0.209 0.208 0.208 0.211 0.211 0.21 0.21 0.21 0.242 0.242 0.2285 0.2285 0.239 0.239 0.239 0.239 0.239 0.2415 0.2415 0.2465 0.2465 0.2415 0.2415 0.2415 0.232 0.232 0.227 0.227 0.2275 0.2275 0.2275 0.22 0.22 0.2245 0.2245 0.2185 0.2185 0.2185 0.242 0.242 0.246 0.246 0.245 0.245 0.245 0.258 0.258 0.2465 0.2465
0.1635 0.166 0.166 0.176 0.176 0.176 0.1725 0.1725 0.195 0.195 0.2255 0.2255 0.2375 0.2375 0.2375 0.2345 0.2345 0.2295 0.2295 0.235 0.235 0.235 0.224 0.224 0.2235 0.2235 0.209 0.209 0.209 0.208 0.208 0.211 0.211 0.21 0.21 0.21 0.242 0.242 0.2285 0.2285 0.239 0.239 0.239 0.239 0.239 0.2415 0.2415 0.2465 0.2465 0.2415 0.2415 0.2415 0.232 0.232 0.227 0.227 0.2275 0.2275 0.2275 0.22 0.22 0.2245 0.2245 0.2185 0.2185 0.2185 0.242 0.242 0.246 0.246 0.245 0.245 0.245 0.258 0.258 0.2465 0.2465
0.2105 0.184 0.184 0.17 0.17 0.17 0.1785 0.1785 0.189 0.189 0.2185 0.2185 0.237 0.237 0.237 0.2425 0.2425 0.2435 0.2435 0.241 0.241 0.241 0.2415 0.2415 0.2295 0.2295 0.2045 0.2045 0.2045 0.2035 0.2035 0.2095 0.2095 0.2085 0.2085 0.2085 0.252 0.252 0.2475 0.2475 0.2375 0.2375 0.2375 0.2465 0.2465 0.2365 0.2365 0.246 0.246 0.2365 0.2365 0.2365 0.234 0.234 0.2265 0.2265 0.2225 0.2225 0.2225 0.223 0.223 0.2285 0.2285 0.226 0.226 0.226 0.2285 0.2285 0.2355 0.2355 0.246 0.246 0.246 0.2565 0.2565 0.263 0.263
0.2105 0.184 0.184 0.17 0.17 0.17 0.1785 0.1785 0.189 0.189 0.2185 0.2185 0.237 0.237 0.237 0.2425 0.2425 0.2435 0.2435 0.241 0.241 0.241 0.2415 0.2415 0.2295 0.2295 0.2045 0.2045 0.2045 0.2035 0.2035 0.2095 0.2095 0.2085 0.2085 0.2085 0.252 0.252 0.2475 0.2475 0.2375 0.2375 0.2375 0.2465 0.2465 0.2365 0.2365 0.246 0.246 0.2365 0.2365 0.2365 0.234 0.234 0.2265 0.2265 0.2225 0.2225 0.2225 0.223 0.223 0.2285 0.2285 0.226 0.226 0.226 0.2285 0.2285 0.2355 0.2355 0.246 0.246 0.246 0.2565 0.2565 0.263 0.263
0.204 0.1865 0.1865 0.1945 0.1945 0.1945 0.208 0.208 0.212 0.212 0.23 0.23 0.236 0.236 0.236 0.232 0.232 0.231 0.231 0.2275 0.2275 0.2275 0.2275 0.2275 0.218 0.218 0.195 0.195 0.195 0.206 0.206 0.213 0.213 0.2285 0.2285 0.2285 0.231 0.231 0.2565 0.2565 0.262 0.262 0.262 0.266 0.266 0.2605 0.2605 0.2555 0.2555 0.24 0.24 0.24 0.243 0.243 0.2325 0.2325 0.235 0.235 0.235 0.2255 0.2255 0.2115 0.2115 0.227 0.227 0.227 0.2165 0.2165 0.221 0.221 0.235 0.235 0.235 0.2475 0.2475 0.2825 0.2825
0.204 0.1865 0.1865 0.1945 0.1945 0.1945 0.208 0.208 0.212 0.212 0.23 0.23 0.236 0.236 0.236 0.232 0.232 0.231 0.231 0.2275 0.2275 0.2275 0.2275 0.2275 0.218 0.218 0.195 0.195 0.195 0.206 0.206 0.213 0.213 0.2285 0.2285 0.2285 0.231 0.231 0.2565 0.2565 0.262 0.262 0.262 0.266 0.266 0.2605 0.2605 0.2555 0.2555 0.24 0.24 0.24 0.243 0.243 0.2325 0.2325 0.235 0.235 0.235 0.2255 0.2255 0.2115 0.2115 0.227 0.227 0.227 0.2165 0.2165 0.221 0.221 0.235 0.235 0.235 0.2475 0.2475 0.2825 0.2825
0.204 0.1865 0.1865 0.1945 0.1945 0.1945 0.208 0.208 0.212 0.212 0.23 0.23 0.236 0.236 0.236 0.232 0.232 0.231 0.231 0.2275 0.2275 0.2275 0.2275 0.2275 0.218 0.218 0.195 0.195 0.195 0.206 0.206 0.213 0.213 0.2285 0.2285 0.2285 0.231 0.231 0.2565 0.2565 0.262 0.262 0.262 0.266 0.266 0.2605 0.2605 0.2555 0.2555 0.24 0.24 0.24 0.243 0.243 0.2325 0.2325 0.235 0.235 0.235 0.2255 0.2255 0.2115 0.2115 0.227 0.227 0.227 0.2165 0.2165 0.221 0.221 0.235 0.235 0.235 0.2475 0.2475 0.2825 0.2825
0.193 0.183 0.183 0.204 0.204 0.204 0.2125 0.2125 0.207 0.207 0.206 0.206 0.203 0.203 0.203 0.197 0.197 0.206 0.206 0.2195 0.2195 0.2195 0.22 0.22 0.201 0.201 0.2065 0.2065 0.2065 0.2195 0.2195 0.2295 0.2295 0.232 0.232 0.232 0.229 0.229 0.244 0.244 0.249 0.249 0.249 0.2645 0.2645 0.268 0.268 0.2545 0.2545 0.2375 0.2375 0.2375 0.254 0.254 0.212 0.212 0.21 0.21 0.21 0.2245 0.2245 0.2185 0.2185 0.209 0.209 0.209 0.1915 0.1915 0.22 0.22 0.225 0.225 0.225 0.242 0.242 0.282 0.282
0.193 0.183 0.183 0.204 0.204 0.204 0.2125 0.2125 0.207 0.207 0.206 0.206 0.203 0.203 0.203 0.197 0.197 0.206 0.206 0.2195 0.2195 0.2195 0.22 0.22 0.201 0.201 0.2065 0.2065 0.2065 0.2195 0.2195 0.2295 0.2295 0.232 0.232 0.232 0.229 0.229 0.244 0.244 0.249 0.249 0.249 0.2645 0.2645 0.268 0.268 0.2545 0.2545 0.2375 0.2375 0.2375 0.254 0.254 0.212 0.212 0.21 0.21 0.21 0.2245 0.2245 0.2185 0.2185 0.209 0.209 0.209 0.1915 0.1915 0.22 0.22 0.225 0.225 0.225 0.242 0.242 0.282 0.282
0.2165 0.2055 0.2055 0.206 0.206 0.206 0.1915 0.1915 0.2075 0.2075 0.2075 0.2075 0.1785 0.1785 0.1785 0.1915 0.1915 0.2295 0.2295 0.241 0.241 0.241 0.2295 0.2295 0.2115 0.2115 0.227 0.227 0.227 0.2325 0.2325 0.2225 0.2225 0.22 0.22 0.22 0.217 0.217 0.244 0.244 0.262 0.262 0.262 0.259 0.259 0.2535 0.2535 0.254 0.254 0.233 0.233 0.233 0.21 0.21 0.189 0.189 0.1935 0.1935 0.1935 0.1855 0.1855 0.193 0.193 0.19 0.19 0.19 0.197 0.197 0.2015 0.2015 0.216 0.216 0.216 0.225 0.225 0.222 0.222
0.2165 0.2055 0.2055 0.206 0.206 0.206 0.1915 0.1915 0.2075 0.2075 0.2075 0.2075 0.1785 0.1785 0.1785 0.1915 0.1915 0.2295 0.2295 0.241 0.241 0.241 0.2295 0.2295 0.2115 0.2115 0.227 0.227 0.227 0.2325 0.2325 0.2225 0.2225 0.22 0.22 0.22 0.217 0.217 0.244 0.244 0.262 0.262 0.262 0.259 0.259 0.2535 0.2535 0.254 0.254 0.233 0.233 0.233 0.21 0.21 0.189 0.189 0.1935 0.1935 0.1935 0.1855 0.1855 0.193 0.193 0.19 0.19 0.19 0.197 0.197 0.2015 0.2015 0.216 0.216 0.216 0.225 0.225 0.222 0.222
0.2155 0.2035 0.2035 0.171 0.171 0.171 0.179 0.179 0.195 0.195 0.2185 0.2185 0.23 0.23 0.23 0.214 0.214 0.228 0.228 0.2355 0.2355 0.2355 0.225 0.225 0.218 0.218 0.2345 0.2345 0.2345 0.222 0.222 0.211 0.211 0.2115 0.2115 0.2115 0.223 0.223 0.2255 0.2255 0.2395 0.2395 0.2395 0.25 0.25 0.246 0.246 0.2435 0.2435 0.227 0.227 0.227 0.206 0.206 0.211 0.211 0.201 0.201 0.201 0.1915 0.1915 0.1935 0.1935 0.1985 0.1985 0.1985 0.1945 0.1945 0.1905 0.1905 0.2055 0.2055 0.2055 0.2265 0.2265 0.2245 0.2245
