ndvi/NOAA-119.asc
ncols         252
nrows         154
xllcorner     -18.017974
yllcorner     13.481982
cellsize      0.035948
NODATA_value  -9999
[rows 102 to 135 of 154, columns 77 to 153 of 252]
0.283 0.283 0.2735 0.2735 0.289 0.289 0.2945 0.2945 0.2945 0.287 0.287 0.2655 0.2655 0.259 0.259 0.2615 0.2615 0.2615 0.266 0.266 0.268 0.268 0.28 0.28 0.28 0.2675 0.2675 0.2855 0.2855 0.2595 0.2595 0.2595 0.273 0.273 0.277 0.277 0.284 0.284 0.284 0.2855 0.2855 0.2895 0.2895 0.315 0.315 0.315 0.3275 0.3275 0.312 0.312 0.3 0.3 0.3035 0.3035 0.3035 0.2915 0.2915 0.271 0.271 0.243 0.243 0.243 0.234 0.234 0.2775 0.2775 0.257 0.257 0.257 0.2665 0.2665 0.268 0.268 0.2735 0.2735 0.2735 0.2475
0.2995 0.2995 0.2885 0.2885 0.298 0.298 0.291 0.291 0.291 0.289 0.289 0.292 0.292 0.271 0.271 0.2505 0.2505 0.2505 0.2465 0.2465 0.245 0.245 0.2345 0.2345 0.2345 0.265 0.265 0.2715 0.2715 0.2685 0.2685 0.2685 0.2765 0.2765 0.272 0.272 0.295 0.295 0.295 0.282 0.282 0.288 0.288 0.287 0.287 0.287 0.313 0.313 0.315 0.315 0.315 0.315 0.3215 0.3215 0.3215 0.2915 0.2915 0.2885 0.2885 0.2775 0.2775 0.2775 0.2485 0.2485 0.2525 0.2525 0.259 0.259 0.259 0.2605 0.2605 0.2325 0.2325 0.23 0.23 0.23 0.2285
0.2995 0.2995 0.2885 0.2885 0.298 0.298 0.291 0.291 0.291 0.289 0.289 0.292 0.292 0.271 0.271 0.2505 0.2505 0.2505 0.2465 0.2465 0.245 0.245 0.2345 0.2345 0.2345 0.265 0.265 0.2715 0.2715 0.2685 0.2685 0.2685 0.2765 0.2765 0.272 0.272 0.295 0.295 0.295 0.282 0.282 0.288 0.288 0.287 0.287 0.287 0.313 0.313 0.315 0.315 0.315 0.315 0.3215 0.3215 0.3215 0.2915 0.2915 0.2885 0.2885 0.2775 0.2775 0.2775 0.2485 0.2485 0.2525 0.2525 0.259 0.259 0.259 0.2605 0.2605 0.2325 0.2325 0.23 0.23 0.23 0.2285
0.2995 0.2995 0.2885 0.2885 0.298 0.298 0.291 0.291 0.291 0.289 0.289 0.292 0.292 0.271 0.271 0.2505 0.2505 0.2505 0.2465 0.2465 0.245 0.245 0.2345 0.2345 0.2345 0.265 0.265 0.2715 0.2715 0.2685 0.2685 0.2685 0.2765 0.2765 0.272 0.272 0.295 0.295 0.295 0.282 0.282 0.288 0.288 0.287 0.287 0.287 0.313 0.313 0.315 0.315 0.315 0.315 0.3215 0.3215 0.3215 0.2915 0.2915 0.2885 0.2885 0.2775 0.2775 0.2775 0.2485 0.2485 0.2525 0.2525 0.259 0.259 0.259 0.2605 0.2605 0.2325 0.2325 0.23 0.23 0.23 0.2285
0.296 0.296 0.3015 0.3015 0.2915 0.2915 0.295 0.295 0.295 0.269 0.269 0.271 0.271 0.2785 0.2785 0.2445 0.2445 0.2445 0.235 0.235 0.256 0.256 0.257 0.257 0.257 0.274 0.274 0.288 0.288 0.277 0.277 0.277 0.2805 0.2805 0.2705 0.2705 0.281 0.281 0.281 0.2885 0.2885 0.272 0.272 0.298 0.298 0.298 0.3035 0.3035 0.3075 0.3075 0.3165 0.3165 0.3215 0.3215 0.3215 0.314 0.314 0.2865 0.2865 0.3185 0.3185 0.3185 0.261 0.261 0.262 0.262 0.2515 0.2515 0.2515 0.246 0.246 0.225 0.225 0.2445 0.2445 0.2445 0.253
0.296 0.296 0.3015 0.3015 0.2915 0.2915 0.295 0.295 0.295 0.269 0.269 0.271 0.271 0.2785 0.2785 0.2445 0.2445 0.2445 0.235 0.235 0.256 0.256 0.257 0.257 0.257 0.274 0.274 0.288 0.288 0.277 0.277 0.277 0.2805 0.2805 0.2705 0.2705 0.281 0.281 0.281 0.2885 0.2885 0.272 0.272 0.298 0.298 0.298 0.3035 0.3035 0.3075 0.3075 0.3165 0.3165 0.3215 0.3215 0.3215 0.314 0.314 0.2865 0.2865 0.3185 0.3185 0.3185 0.261 0.261 0.262 0.262 0.2515 0.2515 0.2515 0.246 0.246 0.225 0.225 0.2445 0.2445 0.2445 0.253
0.3205 0.3205 0.3035 0.3035 0.317 0.317 0.2985 0.2985 0.2985 0.303 0.303 0.294 0.294 0.284 0.284 0.2795 0.2795 0.2795 0.2825 0.2825 0.2765 0.2765 0.272 0.272 0.272 0.289 0.289 0.2835 0.2835 0.2895 0.2895 0.2895 0.2945 0.2945 0.2815 0.2815 0.2855 0.2855 0.2855 0.279 0.279 0.2785 0.2785 0.273 0.273 0.273 0.262 0.262 0.2925 0.2925 0.3155 0.3155 0.3165 0.3165 0.3165 0.335 0.335 0.305 0.305 0.3035 0.3035 0.3035 0.2935 0.2935 0.286 0.286 0.308 0.308 0.308 0.2705 0.2705 0.25 0.25 0.249 0.249 0.249 0.277
0.3205 0.3205 0.3035 0.3035 0.317 0.317 0.2985 0.2985 0.2985 0.303 0.303 0.294 0.294 0.284 0.284 0.2795 0.2795 0.2795 0.2825 0.2825 0.2765 0.2765 0.272 0.272 0.272 0.289 0.289 0.2835 0.2835 0.2895 0.2895 0.2895 0.2945 0.2945 0.2815 0.2815 0.2855 0.2855 0.2855 0.279 0.279 0.2785 0.2785 0.273 0.273 0.273 0.262 0.262 0.2925 0.2925 0.3155 0.3155 0.3165 0.3165 0.3165 0.335 0.335 0.305 0.305 0.3035 0.3035 0.3035 0.2935 0.2935 0.286 0.286 0.308 0.308 0.308 0.2705 0.2705 0.25 0.25 0.249 0.249 0.249 0.277
0.3385 0.3385 0.3335 0.3335 0.303 0.303 0.299 0.299 0.299 0.3095 0.3095 0.307 0.307 0.3185 0.3185 0.3105 0.3105 0.3105 0.291 0.291 0.275 0.275 0.28 0.28 0.28 0.2915 0.2915 0.3045 0.3045 0.303 0.303 0.303 0.316 0.316 0.3175 0.3175 0.3 0.3 0.3 0.2945 0.2945 0.319 0.319 0.3075 0.3075 0.3075 0.299 0.299 0.312 0.312 0.318 0.318 0.32 0.32 0.32 0.357 0.357 0.35 0.35 0.334 0.334 0.334 0.313 0.313 0.3095 0.3095 0.332 0.332 0.332 0.3435 0.3435 0.31 0.31 0.2835 0.2835 0.2835 0.285
0.3385 0.3385 0.3335 0.3335 0.303 0.303 0.299 0.299 0.299 0.3095 0.3095 0.307 0.307 0.3185 0.3185 0.3105 0.3105 0.3105 0.291 0.291 0.275 0.275 0.28 0.28 0.28 0.2915 0.2915 0.3045 0.3045 0.303 0.303 0.303 0.316 0.316 0.3175 0.3175 0.3 0.3 0.3 0.2945 0.2945 0.319 0.319 0.3075 0.3075 0.3075 0.299 0.299 0.312 0.312 0.318 0.318 0.32 0.32 0.32 0.357 0.357 0.35 0.35 0.334 0.334 0.334 0.313 0.313 0.3095 0.3095 0.332 0.332 0.332 0.3435 0.3435 0.31 0.31 0.2835 0.2835 0.2835 0.285
0.3385 0.3385 0.3335 0.3335 0.303 0.303 0.299 0.299 0.299 0.3095 0.3095 0.307 0.307 0.3185 0.3185 0.3105 0.3105 0.3105 0.291 0.291 0.275 0.275 0.28 0.28 0.28 0.2915 0.2915 0.3045 0.3045 0.303 0.303 0.303 0.316 0.316 0.3175 0.3175 0.3 0.3 0.3 0.2945 0.2945 0.319 0.319 0.3075 0.3075 0.3075 0.299 0.299 0.312 0.312 0.318 0.318 0.32 0.32 0.32 0.357 0.357 0.35 0.35 0.334 0.334 0.334 0.313 0.313 0.3095 0.3095 0.332 0.332 0.332 0.3435 0.3435 0.31 0.31 0.2835 0.2835 0.2835 0.285
0.3375 0.3375 0.356 0.356 0.3495 0.3495 0.3415 0.3415 0.3415 0.335 0.335 0.326 0.326 0.3085 0.3085 0.3075 0.3075 0.3075 0.3105 0.3105 0.3015 0.3015 0.286 0.286 0.286 0.3025 0.3025 0.314 0.314 0.3265 0.3265 0.3265 0.325 0.325 0.3195 0.3195 0.3215 0.3215 0.3215 0.3335 0.3335 0.3265 0.3265 0.3435 0.3435 0.3435 0.345 0.345 0.327 0.327 0.3325 0.3325 0.3195 0.3195 0.3195 0.347 0.347 0.3225 0.3225 0.33 0.33 0.33 0.328 0.328 0.317 0.317 0.3265 0.3265 0.3265 0.332 0.332 0.3365 0.3365 0.2865 0.2865 0.2865 0.293
0.3375 0.3375 0.356 0.356 0.3495 0.3495 0.3415 0.3415 0.3415 0.335 0.335 0.326 0.326 0.3085 0.3085 0.3075 0.3075 0.3075 0.3105 0.3105 0.3015 0.3015 0.286 0.286 0.286 0.3025 0.3025 0.314 0.314 0.3265 0.3265 0.3265 0.325 0.325 0.3195 0.3195 0.3215 0.3215 0.3215 0.3335 0.3335 0.3265 0.3265 0.3435 0.3435 0.3435 0.345 0.345 0.327 0.327 0.3325 0.3325 0.3195 0.3195 0.3195 0.347 0.347 0.3225 0.3225 0.33 0.33 0.33 0.328 0.328 0.317 0.317 0.3265 0.3265 0.3265 0.332 0.332 0.3365 0.3365 0.2865 0.2865 0.2865 0.293
0.356 0.356 0.3345 0.3345 0.3085 0.3085 0.3435 0.3435 0.3435 0.319 0.319 0.3155 0.3155 0.316 0.316 0.317 0.317 0.317 0.3185 0.3185 0.302 0.302 0.2915 0.2915 0.2915 0.3055 0.3055 0.3275 0.3275 0.3205 0.3205 0.3205 0.336 0.336 0.342 0.342 0.3405 0.3405 0.3405 0.3245 0.3245 0.329 0.329 0.324 0.324 0.324 0.346 0.346 0.3515 0.3515 0.3435 0.3435 0.344 0.344 0.344 0.334 0.334 0.3285 0.3285 0.332 0.332 0.332 0.3295 0.3295 0.317 0.317 0.328 0.328 0.328 0.3365 0.3365 0.3215 0.3215 0.3035 0.3035 0.3035 0.2685
0.356 0.356 0.3345 0.3345 0.3085 0.3085 0.3435 0.3435 0.3435 0.319 0.319 0.3155 0.3155 0.316 0.316 0.317 0.317 0.317 0.3185 0.3185 0.302 0.302 0.2915 0.2915 0.2915 0.3055 0.3055 0.3275 0.3275 0.3205 0.3205 0.3205 0.336 0.336 0.342 0.342 0.3405 0.3405 0.3405 0.3245 0.3245 0.329 0.329 0.324 0.324 0.324 0.346 0.346 0.3515 0.3515 0.3435 0.3435 0.344 0.344 0.344 0.334 0.334 0.3285 0.3285 0.332 0.332 0.332 0.3295 0.3295 0.317 0.317 0.328 0.328 0.328 0.3365 0.3365 0.3215 0.3215 0.3035 0.3035 0.3035 0.2685
0.35 0.35 0.319 0.319 0.322 0.322 0.3195 0.3195 0.3195 0.318 0.318 0.334 0.334 0.3185 0.3185 0.3225 0.3225 0.3225 0.339 0.339 0.3195 0.3195 0.301 0.301 0.301 0.306 0.306 0.327 0.327 0.325 0.325 0.325 0.329 0.329 0.3245 0.3245 0.3225 0.3225 0.3225 0.324 0.324 0.3225 0.3225 0.333 0.333 0.333 0.337 0.337 0.3545 0.3545 0.3535 0.3535 0.35 0.35 0.35 0.356 0.356 0.3405 0.3405 0.3385 0.3385 0.3385 0.337 0.337 0.322 0.322 0.328 0.328 0.328 0.3325 0.3325 0.331 0.331 0.3415 0.3415 0.3415 0.3055
0.35 0.35 0.319 0.319 0.322 0.322 0.3195 0.3195 0.3195 0.318 0.318 0.334 0.334 0.3185 0.3185 0.3225 0.3225 0.3225 0.339 0.339 0.3195 0.3195 0.301 0.301 0.301 0.306 0.306 0.327 0.327 0.325 0.325 0.325 0.329 0.329 0.3245 0.3245 0.3225 0.3225 0.3225 0.324 0.324 0.3225 0.3225 0.333 0.333 0.333 0.337 0.337 0.3545 0.3545 0.3535 0.3535 0.35 0.35 0.35 0.356 0.356 0.3405 0.3405 0.3385 0.3385 0.3385 0.337 0.337 0.322 0.322 0.328 0.328 0.328 0.3325 0.3325 0.331 0.331 0.3415 0.3415 0.3415 0.3055
0.35 0.35 0.319 0.319 0.322 0.322 0.3195 0.3195 0.3195 0.318 0.318 0.334 0.334 0.3185 0.3185 0.3225 0.3225 0.3225 0.339 0.339 0.3195 0.3195 0.301 0.301 0.301 0.306 0.306 0.327 0.327 0.325 0.325 0.325 0.329 0.329 0.3245 0.3245 0.3225 0.3225 0.3225 0.324 0.324 0.3225 0.3225 0.333 0.333 0.333 0.337 0.337 0.3545 0.3545 0.3535 0.3535 0.35 0.35 0.35 0.356 0.356 0.3405 0.3405 0.3385 0.3385 0.3385 0.337 0.337 0.322 0.322 0.328 0.328 0.328 0.3325 0.3325 0.331 0.331 0.3415 0.3415 0.3415 0.3055
0.338 0.338 0.315 0.315 0.3055 0.3055 0.3185 0.3185 0.3185 0.31 0.31 0.3265 0.3265 0.3285 0.3285 0.328 0.328 0.328 0.33 0.33 0.331 0.331 0.304 0.304 0.304 0.3125 0.3125 0.3255 0.3255 0.337 0.337 0.337 0.341 0.341 0.3345 0.3345 0.335 0.335 0.335 0.332 0.332 0.3235 0.3235 0.3555 0.3555 0.3555 0.3415 0.3415 0.345 0.345 0.339 0.339 0.35 0.35 0.35 0.3345 0.3345 0.341 0.341 0.3305 0.3305 0.3305 0.3345 0.3345 0.337 0.337 0.335 0.335 0.335 0.325 0.325 0.3155 0.3155 0.312 0.312 0.312 0.307
0.338 0.338 0.315 0.315 0.3055 0.3055 0.3185 0.3185 0.3185 0.31 0.31 0.3265 0.3265 0.3285 0.3285 0.328 0.328 0.328 0.33 0.33 0.331 0.331 0.304 0.304 0.304 0.3125 0.3125 0.3255 0.3255 0.337 0.337 0.337 0.341 0.341 0.3345 0.3345 0.335 0.335 0.335 0.332 0.332 0.3235 0.3235 0.3555 0.3555 0.3555 0.3415 0.3415 0.345 0.345 0.339 0.339 0.35 0.35 0.35 0.3345 0.3345 0.341 0.341 0.3305 0.3305 0.3305 0.3345 0.3345 0.337 0.337 0.335 0.335 0.335 0.325 0.325 0.3155 0.3155 0.312 0.312 0.312 0.307
0.3215 0.3215 0.3 0.3 0.321 0.321 0.318 0.318 0.318 0.3375 0.3375 0.3125 0.3125 0.3275 0.3275 0.307 0.307 0.307 0.33 0.33 0.3295 0.3295 0.3115 0.3115 0.3115 0.319 0.319 0.3255 0.3255 0.364 0.364 0.364 0.349 0.349 0.3435 0.3435 0.3295 0.3295 0.3295 0.3375 0.3375 0.3535 0.3535 0.384 0.384 0.384 0.389 0.389 0.3705 0.3705 0.346 0.346 0.342 0.342 0.342 0.324 0.324 0.3355 0.3355 0.348 0.348 0.348 0.353 0.353 0.333 0.333 0.3365 0.3365 0.3365 0.328 0.328 0.318 0.318 0.319 0.319 0.319 0.3385
0.3215 0.3215 0.3 0.3 0.321 0.321 0.318 0.318 0.318 0.3375 0.3375 0.3125 0.3125 0.3275 0.3275 0.307 0.307 0.307 0.33 0.33 0.3295 0.3295 0.3115 0.3115 0.3115 0.319 0.319 0.3255 0.3255 0.364 0.364 0.364 0.349 0.349 0.3435 0.3435 0.3295 0.3295 0.3295 0.3375 0.3375 0.3535 0.3535 0.384 0.384 0.384 0.389 0.389 0.3705 0.3705 0.346 0.346 0.342 0.342 0.342 0.324 0.324 0.3355 0.3355 0.348 0.348 0.348 0.353 0.353 0.333 0.333 0.3365 0.3365 0.3365 0.328 0.328 0.318 0.318 0.319 0.319 0.319 0.3385
0.4 0.4 0.3015 0.3015 0.284 0.284 0.3 0.3 0.3 0.312 0.312 0.3405 0.3405 0.3205 0.3205 0.312 0.312 0.312 0.3295 0.3295 0.311 0.311 0.3235 0.3235 0.3235 0.3245 0.3245 0.3085 0.3085 0.31 0.31 0.31 0.3305 0.3305 0.3185 0.3185 0.3375 0.3375 0.3375 0.37 0.37 0.3735 0.3735 0.354 0.354 0.354 0.3495 0.3495 0.347 0.347 0.349 0.349 0.356 0.356 0.356 0.342 0.342 0.3315 0.3315 0.3425 0.3425 0.3425 0.346 0.346 0.3315 0.3315 0.323 0.323 0.323 0.318 0.318 0.3155 0.3155 0.322 0.322 0.322 0.327
0.4 0.4 0.3015 0.3015 0.284 0.284 0.3 0.3 0.3 0.312 0.312 0.3405 0.3405 0.3205 0.3205 0.312 0.312 0.312 0.3295 0.3295 0.311 0.311 0.3235 0.3235 0.3235 0.3245 0.3245 0.3085 0.3085 0.31 0.31 0.31 0.3305 0.3305 0.3185 0.3185 0.3375 0.3375 0.3375 0.37 0.37 0.3735 0.3735 0.354 0.354 0.354 0.3495 0.3495 0.347 0.347 0.349 0.349 0.356 0.356 0.356 0.342 0.342 0.3315 0.3315 0.3425 0.3425 0.3425 0.346 0.346 0.3315 0.3315 0.323 0.323 0.323 0.318 0.318 0.3155 0.3155 0.322 0.322 0.322 0.327
0.426 0.426 0.3715 0.3715 0.3475 0.3475 0.3365 0.3365 0.3365 0.325 0.325 0.3635 0.3635 0.314 0.314 0.314 0.314 0.314 0.31 0.31 0.329 0.329 0.341 0.341 0.341 0.328 0.328 0.3565 0.3565 0.3255 0.3255 0.3255 0.359 0.359 0.3885 0.3885 0.3495 0.3495 0.3495 0.3945 0.3945 0.3505 0.3505 0.3395 0.3395 0.3395 0.3255 0.3255 0.349 0.349 0.3495 0.3495 0.3515 0.3515 0.3515 0.346 0.346 0.3365 0.3365 0.322 0.322 0.322 0.332 0.332 0.3125 0.3125 0.3 0.3 0.3 0.329 0.329 0.302 0.302 0.3195 0.3195 0.3195 0.325
0.426 0.426 0.3715 0.3715 0.3475 0.3475 0.3365 0.3365 0.3365 0.325 0.325 0.3635 0.3635 0.314 0.314 0.314 0.314 0.314 0.31 0.31 0.329 0.329 0.341 0.341 0.341 0.328 0.328 0.3565 0.3565 0.3255 0.3255 0.3255 0.359 0.359 0.3885 0.3885 0.3495 0.3495 0.3495 0.3945 0.3945 0.3505 0.3505 0.3395 0.3395 0.3395 0.3255 0.3255 0.349 0.349 0.3495 0.3495 0.3515 0.3515 0.3515 0.346 0.346 0.3365 0.3365 0.322 0.322 0.322 0.332 0.332 0.3125 0.3125 0.3 0.3 0.3 0.329 0.329 0.302 0.302 0.3195 0.3195 0.3195 0.325
0.426 0.426 0.3715 0.3715 0.3475 0.3475 0.3365 0.3365 0.3365 0.325 0.325 0.3635 0.3635 0.314 0.314 0.314 0.314 0.314 0.31 0.31 0.329 0.329 0.341 0.341 0.341 0.328 0.328 0.3565 0.3565 0.3255 0.3255 0.3255 0.359 0.359 0.3885 0.3885 0.3495 0.3495 0.3495 0.3945 0.3945 0.3505 0.3505 0.3395 0.3395 0.3395 0.3255 0.3255 0.349 0.349 0.3495 0.3495 0.3515 0.3515 0.3515 0.346 0.346 0.3365 0.3365 0.322 0.322 0.322 0.332 0.332 0.3125 0.3125 0.3 0.3 0.3 0.329 0.329 0.302 0.302 0.3195 0.3195 0.3195 0.325
0.408 0.408 0.3785 0.3785 0.374 0.374 0.37 0.37 0.37 0.359 0.359 0.3405 0.3405 0.323 0.323 0.301 0.301 0.301 0.297 0.297 0.313 0.313 0.3305 0.3305 0.3305 0.338 0.338 0.344 0.344 0.3856 0.3856 0.3856 0.384 0.384 0.31 0.31 0.3536 0.3536 0.3536 0.339 0.339 0.324 0.324 0.3695 0.3695 0.3695 0.35 0.35 0.32 0.32 0.335 0.335 0.3425 0.3425 0.3425 0.348 0.348 0.3445 0.3445 0.3575 0.3575 0.3575 0.323 0.323 0.3315 0.3315 0.341 0.341 0.341 0.316 0.316 0.317 0.317 0.3275 0.3275 0.3275 0.3255
0.408 0.408 0.3785 0.3785 0.374 0.374 0.37 0.37 0.37 0.359 0.359 0.3405 0.3405 0.323 0.323 0.301 0.301 0.301 0.297 0.297 0.313 0.313 0.3305 0.3305 0.3305 0.338 0.338 0.344 0.344 0.3856 0.3856 0.3856 0.384 0.384 0.31 0.31 0.3536 0.3536 0.3536 0.339 0.339 0.324 0.324 0.3695 0.3695 0.3695 0.35 0.35 0.32 0.32 0.335 0.335 0.3425 0.3425 0.3425 0.348 0.348 0.3445 0.3445 0.3575 0.3575 0.3575 0.323 0.323 0.3315 0.3315 0.341 0.341 0.341 0.316 0.316 0.317 0.317 0.3275 0.3275 0.3275 0.3255
0.3625 0.3625 0.3725 0.3725 0.39 0.39 0.3575 0.3575 0.3575 0.356 0.356 0.326 0.326 0.3425 0.3425 0.3025 0.3025 0.3025 0.307 0.307 0.32 0.32 0.313 0.313 0.313 0.3405 0.3405 0.3901 0.3901 0.3786 0.3786 0.3786 0.318 0.318 0.3516 0.3516 0.3641 0.3641 0.3641 0.3441 0.3441 0.3595 0.3595 0.3285 0.3285 0.3285 0.3385 0.3385 0.3426 0.3426 0.3726 0.3726 0.3671 0.3671 0.3671 0.3545 0.3545 0.3295 0.3295 0.3365 0.3365 0.3365 0.306 0.306 0.327 0.327 0.333 0.333 0.333 0.3645 0.3645 0.345 0.345 0.31 0.31 0.31 0.3725
0.3625 0.3625 0.3725 0.3725 0.39 0.39 0.3575 0.3575 0.3575 0.356 0.356 0.326 0.326 0.3425 0.3425 0.3025 0.3025 0.3025 0.307 0.307 0.32 0.32 0.313 0.313 0.313 0.3405 0.3405 0.3901 0.3901 0.3786 0.3786 0.3786 0.318 0.318 0.3516 0.3516 0.3641 0.3641 0.3641 0.3441 0.3441 0.3595 0.3595 0.3285 0.3285 0.3285 0.3385 0.3385 0.3426 0.3426 0.3726 0.3726 0.3671 0.3671 0.3671 0.3545 0.3545 0.3295 0.3295 0.3365 0.3365 0.3365 0.306 0.306 0.327 0.327 0.333 0.333 0.333 0.3645 0.3645 0.345 0.345 0.31 0.31 0.31 0.3725
0.3365 0.3365 0.336 0.336 0.3335 0.3335 0.307 0.307 0.307 0.3255 0.3255 0.3305 0.3305 0.331 0.331 0.3265 0.3265 0.3265 0.3285 0.3285 0.3215 0.3215 0.348 0.348 0.348 0.318 0.318 0.3856 0.3856 0.3295 0.3295 0.3295 0.3115 0.3115 0.3996 0.3996 0.3796 0.3796 0.3796 0.373 0.373 0.3846 0.3846 0.3886 0.3886 0.3886 0.3956 0.3956 0.3601 0.3601 0.362 0.362 0.4136 0.4136 0.4136 0.3626 0.3626 0.3606 0.3606 0.3811 0.3811 0.3811 0.4056 0.4056 0.3746 0.3746 0.375 0.375 0.375 0.361 0.361 0.338 0.338 0.347 0.347 0.347 0.386
0.3365 0.3365 0.336 0.336 0.3335 0.3335 0.307 0.307 0.307 0.3255 0.3255 0.3305 0.3305 0.331 0.331 0.3265 0.3265 0.3265 0.3285 0.3285 0.3215 0.3215 0.348 0.348 0.348 0.318 0.318 0.3856 0.3856 0.3295 0.3295 0.3295 0.3115 0.3115 0.3996 0.3996 0.3796 0.3796 0.3796 0.373 0.373 0.3846 0.3846 0.3886 0.3886 0.3886 0.3956 0.3956 0.3601 0.3601 0.362 0.362 0.4136 0.4136 0.4136 0.3626 0.3626 0.3606 0.3606 0.3811 0.3811 0.3811 0.4056 0.4056 0.3746 0.3746 0.375 0.375 0.375 0.361 0.361 0.338 0.338 0.347 0.347 0.347 0.386
0.3365 0.3365 0.336 0.336 0.3335 0.3335 0.307 0.307 0.307 0.3255 0.3255 0.3305 0.3305 0.331 0.331 0.3265 0.3265 0.3265 0.3285 0.3285 0.3215 0.3215 0.348 0.348 0.348 0.318 0.318 0.3856 0.3856 0.3295 0.3295 0.3295 0.3115 0.3115 0.3996 0.3996 0.3796 0.3796 0.3796 0.373 0.373 0.3846 0.3846 0.3886 0.3886 0.3886 0.3956 0.3956 0.3601 0.3601 0.362 0.362 0.4136 0.4136 0.4136 0.3626 0.3626 0.3606 0.3606 0.3811 0.3811 0.3811 0.4056 0.4056 0.3746 0.3746 0.375 0.375 0.375 0.361 0.361 0.338 0.338 0.347 0.347 0.347 0.386
