ndvi/NOAA-227.asc
ncols         252
nrows         154
xllcorner     -18.017974
yllcorner     13.481982
cellsize      0.035948
NODATA_value  -9999
[rows 34 to 67 of 154, columns 154 to 230 of 252]
0.148 0.171 0.171 0.1455 0.1455 0.1455 0.122 0.122 0.128 0.128 0.109 0.109 0.09999999 0.09999999 0.09999999 0.1045 0.1045 0.0965 0.0965 0.1005 0.1005 0.1005 0.126 0.126 0.131 0.131 0.1305 0.1305 0.1305 0.135 0.135 0.1445 0.1445 0.1335 0.1335 0.1335 0.1295 0.1295 0.1255 0.1255 0.123 0.123 0.123 0.129 0.129 0.128 0.128 0.136 0.136 0.1325 0.1325 0.1325 0.127 0.127 0.1395 0.1395 0.1325 0.1325 0.1325 0.1365 0.1365 0.122 0.122 0.118 0.118 0.118 0.125 0.125 0.131 0.131 0.1345 0.1345 0.1345 0.1395 0.1395 0.1115 0.1115
0.148 0.171 0.171 0.1455 0.1455 0.1455 0.122 0.122 0.128 0.128 0.109 0.109 0.09999999 0.09999999 0.09999999 0.1045 0.1045 0.0965 0.0965 0.1005 0.1005 0.1005 0.126 0.126 0.131 0.131 0.1305 0.1305 0.1305 0.135 0.135 0.1445 0.1445 0.1335 0.1335 0.1335 0.1295 0.1295 0.1255 0.1255 0.123 0.123 0.123 0.129 0.129 0.128 0.128 0.136 0.136 0.1325 0.1325 0.1325 0.127 0.127 0.1395 0.1395 0.1325 0.1325 0.1325 0.1365 0.1365 0.122 0.122 0.118 0.118 0.118 0.125 0.125 0.131 0.131 0.1345 0.1345 0.1345 0.1395 0.1395 0.1115 0.1115
0.148 0.171 0.171 0.1455 0.1455 0.1455 0.122 0.122 0.128 0.128 0.109 0.109 0.09999999 0.09999999 0.09999999 0.1045 0.1045 0.0965 0.0965 0.1005 0.1005 0.1005 0.126 0.126 0.131 0.131 0.1305 0.1305 0.1305 0.135 0.135 0.1445 0.1445 0.1335 0.1335 0.1335 0.1295 0.1295 0.1255 0.1255 0.123 0.123 0.123 0.129 0.129 0.128 0.128 0.136 0.136 0.1325 0.1325 0.1325 0.127 0.127 0.1395 0.1395 0.1325 0.1325 0.1325 0.1365 0.1365 0.122 0.122 0.118 0.118 0.118 0.125 0.125 0.131 0.131 0.1345 0.1345 0.1345 0.1395 0.1395 0.1115 0.1115
0.144 0.115 0.115 0.1205 0.1205 0.1205 0.1245 0.1245 0.1225 0.1225 0.105 0.105 0.1095 0.1095 0.1095 0.1065 0.1065 0.101 0.101 0.1195 0.1195 0.1195 0.1165 0.1165 0.1505 0.1505 0.138 0.138 0.138 0.149 0.149 0.141 0.141 0.136 0.136 0.136 0.131 0.131 0.1235 0.1235 0.1275 0.1275 0.1275 0.123 0.123 0.124 0.124 0.128 0.128 0.111 0.111 0.111 0.1145 0.1145 0.1295 0.1295 0.132 0.132 0.132 0.1365 0.1365 0.13 0.13 0.1295 0.1295 0.1295 0.149 0.149 0.149 0.149 0.1425 0.1425 0.1425 0.133 0.133 0.131 0.131
0.144 0.115 0.115 0.1205 0.1205 0.1205 0.1245 0.1245 0.1225 0.1225 0.105 0.105 0.1095 0.1095 0.1095 0.1065 0.1065 0.101 0.101 0.1195 0.1195 0.1195 0.1165 0.1165 0.1505 0.1505 0.138 0.138 0.138 0.149 0.149 0.141 0.141 0.136 0.136 0.136 0.131 0.131 0.1235 0.1235 0.1275 0.1275 0.1275 0.123 0.123 0.124 0.124 0.128 0.128 0.111 0.111 0.111 0.1145 0.1145 0.1295 0.1295 0.132 0.132 0.132 0.1365 0.1365 0.13 0.13 0.1295 0.1295 0.1295 0.149 0.149 0.149 0.149 0.1425 0.1425 0.1425 0.133 0.133 0.131 0.131
0.149 0.123 0.123 0.125 0.125 0.125 0.106 0.106 0.117 0.117 0.1175 0.1175 0.1075 0.1075 0.1075 0.112 0.112 0.1015 0.1015 0.1105 0.1105 0.1105 0.1155 0.1155 0.14 0.14 0.1575 0.1575 0.1575 0.162 0.162 0.1525 0.1525 0.1445 0.1445 0.1445 0.128 0.128 0.139 0.139 0.1405 0.1405 0.1405 0.128 0.128 0.1365 0.1365 0.1415 0.1415 0.1325 0.1325 0.1325 0.138 0.138 0.118 0.118 0.1215 0.1215 0.1215 0.1415 0.1415 0.1445 0.1445 0.1485 0.1485 0.1485 0.161 0.161 0.17 0.17 0.1445 0.1445 0.1445 0.139 0.139 0.148 0.148
0.149 0.123 0.123 0.125 0.125 0.125 0.106 0.106 0.117 0.117 0.1175 0.1175 0.1075 0.1075 0.1075 0.112 0.112 0.1015 0.1015 0.1105 0.1105 0.1105 0.1155 0.1155 0.14 0.14 0.1575 0.1575 0.1575 0.162 0.162 0.1525 0.1525 0.1445 0.1445 0.1445 0.128 0.128 0.139 0.139 0.1405 0.1405 0.1405 0.128 0.128 0.1365 0.1365 0.1415 0.1415 0.1325 0.1325 0.1325 0.138 0.138 0.118 0.118 0.1215 0.1215 0.1215 0.1415 0.1415 0.1445 0.1445 0.1485 0.1485 0.1485 0.161 0.161 0.17 0.17 0.1445 0.1445 0.1445 0.139 0.139 0.148 0.148
0.163 0.17 0.17 0.129 0.129 0.129 0.112 0.112 0.1335 0.1335 0.139 0.139 0.117 0.117 0.117 0.116 0.116 0.1125 0.1125 0.1125 0.1125 0.1125 0.12 0.12 0.133 0.133 0.14 0.14 0.14 0.158 0.158 0.1595 0.1595 0.15 0.15 0.15 0.1465 0.1465 0.139 0.139 0.136 0.136 0.136 0.133 0.133 0.1395 0.1395 0.1335 0.1335 0.1205 0.1205 0.1205 0.113 0.113 0.1215 0.1215 0.1345 0.1345 0.1345 0.1525 0.1525 0.1515 0.1515 0.1635 0.1635 0.1635 0.17 0.17 0.163 0.163 0.152 0.152 0.152 0.155 0.155 0.1405 0.1405
0.163 0.17 0.17 0.129 0.129 0.129 0.112 0.112 0.1335 0.1335 0.139 0.139 0.117 0.117 0.117 0.116 0.116 0.1125 0.1125 0.1125 0.1125 0.1125 0.12 0.12 0.133 0.133 0.14 0.14 0.14 0.158 0.158 0.1595 0.1595 0.15 0.15 0.15 0.1465 0.1465 0.139 0.139 0.136 0.136 0.136 0.133 0.133 0.1395 0.1395 0.1335 0.1335 0.1205 0.1205 0.1205 0.113 0.113 0.1215 0.1215 0.1345 0.1345 0.1345 0.1525 0.1525 0.1515 0.1515 0.1635 0.1635 0.1635 0.17 0.17 0.163 0.163 0.152 0.152 0.152 0.155 0.155 0.1405 0.1405
0.163 0.17 0.17 0.129 0.129 0.129 0.112 0.112 0.1335 0.1335 0.139 0.139 0.117 0.117 0.117 0.116 0.116 0.1125 0.1125 0.1125 0.1125 0.1125 0.12 0.12 0.133 0.133 0.14 0.14 0.14 0.158 0.158 0.1595 0.1595 0.15 0.15 0.15 0.1465 0.1465 0.139 0.139 0.136 0.136 0.136 0.133 0.133 0.1395 0.1395 0.1335 0.1335 0.1205 0.1205 0.1205 0.113 0.113 0.1215 0.1215 0.1345 0.1345 0.1345 0.1525 0.1525 0.1515 0.1515 0.1635 0.1635 0.1635 0.17 0.17 0.163 0.163 0.152 0.152 0.152 0.155 0.155 0.1405 0.1405
0.1345 0.1775 0.1775 0.138 0.138 0.138 0.1355 0.1355 0.125 0.125 0.1385 0.1385 0.1455 0.1455 0.1455 0.145 0.145 0.1445 0.1445 0.1425 0.1425 0.1425 0.134 0.134 0.126 0.126 0.1405 0.1405 0.1405 0.144 0.144 0.1495 0.1495 0.144 0.144 0.144 0.143 0.143 0.1425 0.1425 0.1345 0.1345 0.1345 0.1285 0.1285 0.1325 0.1325 0.141 0.141 0.149 0.149 0.149 0.136 0.136 0.151 0.151 0.159 0.159 0.159 0.1485 0.1485 0.1405 0.1405 0.151 0.151 0.151 0.15 0.15 0.1485 0.1485 0.147 0.147 0.147 0.1445 0.1445 0.137 0.137
0.1345 0.1775 0.1775 0.138 0.138 0.138 0.1355 0.1355 0.125 0.125 0.1385 0.1385 0.1455 0.1455 0.1455 0.145 0.145 0.1445 0.1445 0.1425 0.1425 0.1425 0.134 0.134 0.126 0.126 0.1405 0.1405 0.1405 0.144 0.144 0.1495 0.1495 0.144 0.144 0.144 0.143 0.143 0.1425 0.1425 0.1345 0.1345 0.1345 0.1285 0.1285 0.1325 0.1325 0.141 0.141 0.149 0.149 0.149 0.136 0.136 0.151 0.151 0.159 0.159 0.159 0.1485 0.1485 0.1405 0.1405 0.151 0.151 0.151 0.15 0.15 0.1485 0.1485 0.147 0.147 0.147 0.1445 0.1445 0.137 0.137
0.15 0.1265 0.1265 0.162 0.162 0.162 0.1755 0.1755 0.167 0.167 0.1695 0.1695 0.1675 0.1675 0.1675 0.1675 0.1675 0.1675 0.1675 0.154 0.154 0.154 0.15 0.15 0.141 0.141 0.1515 0.1515 0.1515 0.147 0.147 0.15 0.15 0.1505 0.1505 0.1505 0.1615 0.1615 0.148 0.148 0.1375 0.1375 0.1375 0.1315 0.1315 0.1355 0.1355 0.139 0.139 0.1335 0.1335 0.1335 0.1485 0.1485 0.1395 0.1395 0.151 0.151 0.151 0.1555 0.1555 0.149 0.149 0.15 0.15 0.15 0.146 0.146 0.1485 0.1485 0.154 0.154 0.154 0.147 0.147 0.1465 0.1465
0.15 0.1265 0.1265 0.162 0.162 0.162 0.1755 0.1755 0.167 0.167 0.1695 0.1695 0.1675 0.1675 0.1675 0.1675 0.1675 0.1675 0.1675 0.154 0.154 0.154 0.15 0.15 0.141 0.141 0.1515 0.1515 0.1515 0.147 0.147 0.15 0.15 0.1505 0.1505 0.1505 0.1615 0.1615 0.148 0.148 0.1375 0.1375 0.1375 0.1315 0.1315 0.1355 0.1355 0.139 0.139 0.1335 0.1335 0.1335 0.1485 0.1485 0.1395 0.1395 0.151 0.151 0.151 0.1555 0.1555 0.149 0.149 0.15 0.15 0.15 0.146 0.146 0.1485 0.1485 0.154 0.154 0.154 0.147 0.147 0.1465 0.1465
0.123 0.1435 0.1435 0.16 0.16 0.16 0.177 0.177 0.1895 0.1895 0.175 0.175 0.146 0.146 0.146 0.1825 0.1825 0.1725 0.1725 0.18 0.18 0.18 0.17 0.17 0.1615 0.1615 0.148 0.148 0.148 0.1535 0.1535 0.1565 0.1565 0.1655 0.1655 0.1655 0.1625 0.1625 0.17 0.17 0.1705 0.1705 0.1705 0.1895 0.1895 0.1415 0.1415 0.1405 0.1405 0.157 0.157 0.157 0.163 0.163 0.156 0.156 0.1685 0.1685 0.1685 0.155 0.155 0.1665 0.1665 0.1535 0.1535 0.1535 0.1445 0.1445 0.1475 0.1475 0.1505 0.1505 0.1505 0.1435 0.1435 0.1355 0.1355
0.123 0.1435 0.1435 0.16 0.16 0.16 0.177 0.177 0.1895 0.1895 0.175 0.175 0.146 0.146 0.146 0.1825 0.1825 0.1725 0.1725 0.18 0.18 0.18 0.17 0.17 0.1615 0.1615 0.148 0.148 0.148 0.1535 0.1535 0.1565 0.1565 0.1655 0.1655 0.1655 0.1625 0.1625 0.17 0.17 0.1705 0.1705 0.1705 0.1895 0.1895 0.1415 0.1415 0.1405 0.1405 0.157 0.157 0.157 0.163 0.163 0.156 0.156 0.1685 0.1685 0.1685 0.155 0.155 0.1665 0.1665 0.1535 0.1535 0.1535 0.1445 0.1445 0.1475 0.1475 0.1505 0.1505 0.1505 0.1435 0.1435 0.1355 0.1355
0.123 0.1435 0.1435 0.16 0.16 0.16 0.177 0.177 0.1895 0.1895 0.175 0.175 0.146 0.146 0.146 0.1825 0.1825 0.1725 0.1725 0.18 0.18 0.18 0.17 0.17 0.1615 0.1615 0.148 0.148 0.148 0.1535 0.1535 0.1565 0.1565 0.1655 0.1655 0.1655 0.1625 0.1625 0.17 0.17 0.1705 0.1705 0.1705 0.1895 0.1895 0.1415 0.1415 0.1405 0.1405 0.157 0.157 0.157 0.163 0.163 0.156 0.156 0.1685 0.1685 0.1685 0.155 0.155 0.1665 0.1665 0.1535 0.1535 0.1535 0.1445 0.1445 0.1475 0.1475 0.1505 0.1505 0.1505 0.1435 0.1435 0.1355 0.1355
0.102 0.151 0.151 0.1815 0.1815 0.1815 0.196 0.196 0.204 0.204 0.1825 0.1825 0.1705 0.1705 0.1705 0.1525 0.1525 0.168 0.168 0.174 0.174 0.174 0.175 0.175 0.179 0.179 0.1795 0.1795 0.1795 0.1765 0.1765 0.178 0.178 0.196 0.196 0.196 0.217 0.217 0.186 0.186 0.17 0.17 0.17 0.16 0.16 0.152 0.152 0.158 0.158 0.13 0.13 0.13 0.129 0.129 0.1595 0.1595 0.1685 0.1685 0.1685 0.1645 0.1645 0.1765 0.1765 0.171 0.171 0.171 0.15 0.15 0.151 0.151 0.164 0.164 0.164 0.152 0.152 0.144 0.144
0.102 0.151 0.151 0.1815 0.1815 0.1815 0.196 0.196 0.204 0.204 0.1825 0.1825 0.1705 0.1705 0.1705 0.1525 0.1525 0.168 0.168 0.174 0.174 0.174 0.175 0.175 0.179 0.179 0.1795 0.1795 0.1795 0.1765 0.1765 0.178 0.178 0.196 0.196 0.196 0.217 0.217 0.186 0.186 0.17 0.17 0.17 0.16 0.16 0.152 0.152 0.158 0.158 0.13 0.13 0.13 0.129 0.129 0.1595 0.1595 0.1685 0.1685 0.1685 0.1645 0.1645 0.1765 0.1765 0.171 0.171 0.171 0.15 0.15 0.151 0.151 0.164 0.164 0.164 0.152 0.152 0.144 0.144
0.095 0.136 0.136 0.195 0.195 0.195 0.194 0.194 0.2125 0.2125 0.1925 0.1925 0.192 0.192 0.192 0.215 0.215 0.191 0.191 0.1725 0.1725 0.1725 0.1915 0.1915 0.2175 0.2175 0.2205 0.2205 0.2205 0.2065 0.2065 0.219 0.219 0.2145 0.2145 0.2145 0.208 0.208 0.1875 0.1875 0.1715 0.1715 0.1715 0.158 0.158 0.171 0.171 0.177 0.177 0.156 0.156 0.156 0.166 0.166 0.156 0.156 0.1555 0.1555 0.1555 0.145 0.145 0.1595 0.1595 0.1795 0.1795 0.1795 0.164 0.164 0.1565 0.1565 0.164 0.164 0.164 0.1705 0.1705 0.177 0.177
0.095 0.136 0.136 0.195 0.195 0.195 0.194 0.194 0.2125 0.2125 0.1925 0.1925 0.192 0.192 0.192 0.215 0.215 0.191 0.191 0.1725 0.1725 0.1725 0.1915 0.1915 0.2175 0.2175 0.2205 0.2205 0.2205 0.2065 0.2065 0.219 0.219 0.2145 0.2145 0.2145 0.208 0.208 0.1875 0.1875 0.1715 0.1715 0.1715 0.158 0.158 0.171 0.171 0.177 0.177 0.156 0.156 0.156 0.166 0.166 0.156 0.156 0.1555 0.1555 0.1555 0.145 0.145 0.1595 0.1595 0.1795 0.1795 0.1795 0.164 0.164 0.1565 0.1565 0.164 0.164 0.164 0.1705 0.1705 0.177 0.177
0.119 0.1225 0.1225 0.1715 0.1715 0.1715 0.211 0.211 0.199 0.199 0.2075 0.2075 0.2165 0.2165 0.2165 0.232 0.232 0.202 0.202 0.218 0.218 0.218 0.218 0.218 0.241 0.241 0.2115 0.2115 0.2115 0.211 0.211 0.223 0.223 0.2345 0.2345 0.2345 0.24 0.24 0.187 0.187 0.194 0.194 0.194 0.1715 0.1715 0.1845 0.1845 0.146 0.146 0.1595 0.1595 0.1595 0.1615 0.1615 0.138 0.138 0.1745 0.1745 0.1745 0.1795 0.1795 0.185 0.185 0.178 0.178 0.178 0.1845 0.1845 0.1565 0.1565 0.17 0.17 0.17 0.18 0.18 0.1865 0.1865
0.119 0.1225 0.1225 0.1715 0.1715 0.1715 0.211 0.211 0.199 0.199 0.2075 0.2075 0.2165 0.2165 0.2165 0.232 0.232 0.202 0.202 0.218 0.218 0.218 0.218 0.218 0.241 0.241 0.2115 0.2115 0.2115 0.211 0.211 0.223 0.223 0.2345 0.2345 0.2345 0.24 0.24 0.187 0.187 0.194 0.194 0.194 0.1715 0.1715 0.1845 0.1845 0.146 0.146 0.1595 0.1595 0.1595 0.1615 0.1615 0.138 0.138 0.1745 0.1745 0.1745 0.1795 0.1795 0.185 0.185 0.178 0.178 0.178 0.1845 0.1845 0.1565 0.1565 0.17 0.17 0.17 0.18 0.18 0.1865 0.1865
0.172 0.148 0.148 0.181 0.181 0.181 0.1885 0.1885 0.18 0.18 0.1705 0.1705 0.1815 0.1815 0.1815 0.22 0.22 0.2425 0.2425 0.234 0.234 0.234 0.2235 0.2235 0.2 0.2 0.238 0.238 0.238 0.2455 0.2455 0.238 0.238 0.205 0.205 0.205 0.2075 0.2075 0.2395 0.2395 0.201 0.201 0.201 0.1635 0.1635 0.1315 0.1315 0.1455 0.1455 0.1865 0.1865 0.1865 0.1495 0.1495 0.1245 0.1245 0.148 0.148 0.148 0.1845 0.1845 0.188 0.188 0.156 0.156 0.156 0.1835 0.1835 0.1595 0.1595 0.182 0.182 0.182 0.173 0.173 0.175 0.175
0.172 0.148 0.148 0.181 0.181 0.181 0.1885 0.1885 0.18 0.18 0.1705 0.1705 0.1815 0.1815 0.1815 0.22 0.22 0.2425 0.2425 0.234 0.234 0.234 0.2235 0.2235 0.2 0.2 0.238 0.238 0.238 0.2455 0.2455 0.238 0.238 0.205 0.205 0.205 0.2075 0.2075 0.2395 0.2395 0.201 0.201 0.201 0.1635 0.1635 0.1315 0.1315 0.1455 0.1455 0.1865 0.1865 0.1865 0.1495 0.1495 0.1245 0.1245 0.148 0.148 0.148 0.1845 0.1845 0.188 0.188 0.156 0.156 0.156 0.1835 0.1835 0.1595 0.1595 0.182 0.182 0.182 0.173 0.173 0.175 0.175
0.172 0.148 0.148 0.181 0.181 0.181 0.1885 0.1885 0.18 0.18 0.1705 0.1705 0.1815 0.1815 0.1815 0.22 0.22 0.2425 0.2425 0.234 0.234 0.234 0.2235 0.2235 0.2 0.2 0.238 0.238 0.238 0.2455 0.2455 0.238 0.238 0.205 0.205 0.205 0.2075 0.2075 0.2395 0.2395 0.201 0.201 0.201 0.1635 0.1635 0.1315 0.1315 0.1455 0.1455 0.1865 0.1865 0.1865 0.1495 0.1495 0.1245 0.1245 0.148 0.148 0.148 0.1845 0.1845 0.188 0.188 0.156 0.156 0.156 0.1835 0.1835 0.1595 0.1595 0.182 0.182 0.182 0.173 0.173 0.175 0.175
0.1455 0.1565 0.1565 0.086 0.086 0.086 0.1045 0.1045 0.18 0.18 0.1755 0.1755 0.1705 0.1705 0.1705 0.2205 0.2205 0.2505 0.2505 0.2535 0.2535 0.2535 0.243 0.243 0.228 0.228 0.242 0.242 0.242 0.2255 0.2255 0.2715 0.2715 0.274 0.274 0.274 0.215 0.215 0.203 0.203 0.218 0.218 0.218 0.2105 0.2105 0.198 0.198 0.158 0.158 0.1685 0.1685 0.1685 0.2265 0.2265 0.1555 0.1555 0.144 0.144 0.144 0.153 0.153 0.179 0.179 0.158 0.158 0.158 0.1595 0.1595 0.13 0.13 0.14 0.14 0.14 0.125 0.125 0.1515 0.1515
0.1455 0.1565 0.1565 0.086 0.086 0.086 0.1045 0.1045 0.18 0.18 0.1755 0.1755 0.1705 0.1705 0.1705 0.2205 0.2205 0.2505 0.2505 0.2535 0.2535 0.2535 0.243 0.243 0.228 0.228 0.242 0.242 0.242 0.2255 0.2255 0.2715 0.2715 0.274 0.274 0.274 0.215 0.215 0.203 0.203 0.218 0.218 0.218 0.2105 0.2105 0.198 0.198 0.158 0.158 0.1685 0.1685 0.1685 0.2265 0.2265 0.1555 0.1555 0.144 0.144 0.144 0.153 0.153 0.179 0.179 0.158 0.158 0.158 0.1595 0.1595 0.13 0.13 0.14 0.14 0.14 0.125 0.125 0.1515 0.1515
0.1215 0.115 0.115 0.164 0.164 0.164 0.1345 0.1345 0.167 0.167 0.184 0.184 0.186 0.186 0.186 0.2105 0.2105 0.24 0.24 0.238 0.238 0.238 0.2415 0.2415 0.2235 0.2235 0.1985 0.1985 0.1985 0.1895 0.1895 0.2075 0.2075 0.2045 0.2045 0.2045 0.2125 0.2125 0.2185 0.2185 0.2135 0.2135 0.2135 0.2005 0.2005 0.192 0.192 0.162 0.162 0.1945 0.1945 0.1945 0.1955 0.1955 0.2335 0.2335 0.171 0.171 0.171 0.146 0.146 0.1635 0.1635 0.1845 0.1845 0.1845 0.183 0.183 0.1395 0.1395 0.176 0.176 0.176 0.1675 0.1675 0.189 0.189
0.1215 0.115 0.115 0.164 0.164 0.164 0.1345 0.1345 0.167 0.167 0.184 0.184 0.186 0.186 0.186 0.2105 0.2105 0.24 0.24 0.238 0.238 0.238 0.2415 0.2415 0.2235 0.2235 0.1985 0.1985 0.1985 0.1895 0.1895 0.2075 0.2075 0.2045 0.2045 0.2045 0.2125 0.2125 0.2185 0.2185 0.2135 0.2135 0.2135 0.2005 0.2005 0.192 0.192 0.162 0.162 0.1945 0.1945 0.1945 0.1955 0.1955 0.2335 0.2335 0.171 0.171 0.171 0.146 0.146 0.1635 0.1635 0.1845 0.1845 0.1845 0.183 0.183 0.1395 0.1395 0.176 0.176 0.176 0.1675 0.1675 0.189 0.189
0.157 0.1905 0.1905 0.1665 0.1665 0.1665 0.229 0.229 0.1445 0.1445 0.191 0.191 0.1915 0.1915 0.1915 0.21 0.21 0.205 0.205 0.235 0.235 0.235 0.222 0.222 0.2185 0.2185 0.213 0.213 0.213 0.1995 0.1995 0.232 0.232 0.2 0.2 0.2 0.218 0.218 0.2065 0.2065 0.2275 0.2275 0.2275 0.222 0.222 0.2165 0.2165 0.232 0.232 0.2155 0.2155 0.2155 0.2315 0.2315 0.269 0.269 0.2165 0.2165 0.2165 0.1915 0.1915 0.1935 0.1935 0.192 0.192 0.192 0.1895 0.1895 0.193 0.193 0.206 0.206 0.206 0.2125 0.2125 0.177 0.177
0.157 0.1905 0.1905 0.1665 0.1665 0.1665 0.229 0.229 0.1445 0.1445 0.191 0.191 0.1915 0.1915 0.1915 0.21 0.21 0.205 0.205 0.235 0.235 0.235 0.222 0.222 0.2185 0.2185 0.213 0.213 0.213 0.1995 0.1995 0.232 0.232 0.2 0.2 0.2 0.218 0.218 0.2065 0.2065 0.2275 0.2275 0.2275 0.222 0.222 0.2165 0.2165 0.232 0.232 0.2155 0.2155 0.2155 0.2315 0.2315 0.269 0.269 0.2165 0.2165 0.2165 0.1915 0.1915 0.1935 0.1935 0.192 0.192 0.192 0.1895 0.1895 0.193 0.193 0.206 0.206 0.206 0.2125 0.2125 0.177 0.177
0.157 0.1905 0.1905 0.1665 0.1665 0.1665 0.229 0.229 0.1445 0.1445 0.191 0.191 0.1915 0.1915 0.1915 0.21 0.21 0.205 0.205 0.235 0.235 0.235 0.222 0.222 0.2185 0.2185 0.213 0.213 0.213 0.1995 0.1995 0.232 0.232 0.2 0.2 0.2 0.218 0.218 0.2065 0.2065 0.2275 0.2275 0.2275 0.222 0.222 0.2165 0.2165 0.232 0.232 0.2155 0.2155 0.2155 0.2315 0.2315 0.269 0.269 0.2165 0.2165 0.2165 0.1915 0.1915 0.1935 0.1935 0.192 0.192 0.192 0.1895 0.1895 0.193 0.193 0.206 0.206 0.206 0.2125 0.2125 0.177 0.177
0.1525 0.192 0.192 0.133 0.133 0.133 0.1215 0.1215 0.151 0.151 0.2025 0.2025 0.22 0.22 0.22 0.247 0.247 0.2355 0.2355 0.2505 0.2505 0.2505 0.2225 0.2225 0.2175 0.2175 0.1885 0.1885 0.1885 0.2095 0.2095 0.213 0.213 0.213 0.213 0.213 0.227 0.227 0.2075 0.2075 0.206 0.206 0.206 0.2105 0.2105 0.1965 0.1965 0.19 0.19 0.2305 0.2305 0.2305 0.2125 0.2125 0.2325 0.2325 0.222 0.222 0.222 0.232 0.232 0.245 0.245 0.189 0.189 0.189 0.1875 0.1875 0.224 0.224 0.2065 0.2065 0.2065 0.2465 0.2465 0.2395 0.2395
