ndvi/NOAA-49.asc
ncols         252
nrows         154
xllcorner     -18.017974
yllcorner     13.481982
cellsize      0.035948
NODATA_value  -9999
[rows 68 to 101 of 154, columns 77 to 153 of 252]
0.2025 0.2025 0.2075 0.2075 0.2045 0.2045 0.2065 0.2065 0.2065 0.2 0.2 0.221 0.221 0.237 0.237 0.2205 0.2205 0.2205 0.246 0.246 0.2515 0.2515 0.266 0.266 0.266 0.233 0.233 0.2305 0.2305 0.225 0.225 0.225 0.211 0.211 0.206 0.206 0.2005 0.2005 0.2005 0.199 0.199 0.1995 0.1995 0.1875 0.1875 0.1875 0.1435 0.1435 0.182 0.182 0.1755 0.1755 0.188 0.188 0.188 0.1985 0.1985 0.197 0.197 0.2375 0.2375 0.2375 0.2515 0.2515 0.233 0.233 0.23 0.23 0.23 0.2245 0.2245 0.2005 0.2005 0.182 0.182 0.182 0.146
0.2185 0.2185 0.2185 0.2185 0.213 0.213 0.214 0.214 0.214 0.2095 0.2095 0.234 0.234 0.246 0.246 0.2375 0.2375 0.2375 0.2445 0.2445 0.2605 0.2605 0.2465 0.2465 0.2465 0.28 0.28 0.242 0.242 0.225 0.225 0.225 0.208 0.208 0.203 0.203 0.2185 0.2185 0.2185 0.2305 0.2305 0.211 0.211 0.186 0.186 0.186 0.1615 0.1615 0.1655 0.1655 0.177 0.177 0.1855 0.1855 0.1855 0.195 0.195 0.21 0.21 0.211 0.211 0.211 0.2385 0.2385 0.232 0.232 0.2295 0.2295 0.2295 0.211 0.211 0.206 0.206 0.184 0.184 0.184 0.152
0.2185 0.2185 0.2185 0.2185 0.213 0.213 0.214 0.214 0.214 0.2095 0.2095 0.234 0.234 0.246 0.246 0.2375 0.2375 0.2375 0.2445 0.2445 0.2605 0.2605 0.2465 0.2465 0.2465 0.28 0.28 0.242 0.242 0.225 0.225 0.225 0.208 0.208 0.203 0.203 0.2185 0.2185 0.2185 0.2305 0.2305 0.211 0.211 0.186 0.186 0.186 0.1615 0.1615 0.1655 0.1655 0.177 0.177 0.1855 0.1855 0.1855 0.195 0.195 0.21 0.21 0.211 0.211 0.211 0.2385 0.2385 0.232 0.232 0.2295 0.2295 0.2295 0.211 0.211 0.206 0.206 0.184 0.184 0.184 0.152
0.225 0.225 0.223 0.223 0.2165 0.2165 0.2145 0.2145 0.2145 0.214 0.214 0.215 0.215 0.222 0.222 0.2315 0.2315 0.2315 0.239 0.239 0.237 0.237 0.2345 0.2345 0.2345 0.2945 0.2945 0.2535 0.2535 0.247 0.247 0.247 0.2275 0.2275 0.221 0.221 0.2105 0.2105 0.2105 0.212 0.212 0.2095 0.2095 0.1845 0.1845 0.1845 0.1725 0.1725 0.1665 0.1665 0.183 0.183 0.2075 0.2075 0.2075 0.2115 0.2115 0.2195 0.2195 0.22 0.22 0.22 0.2205 0.2205 0.2315 0.2315 0.219 0.219 0.219 0.2145 0.2145 0.2065 0.2065 0.203 0.203 0.203 0.1695
0.225 0.225 0.223 0.223 0.2165 0.2165 0.2145 0.2145 0.2145 0.214 0.214 0.215 0.215 0.222 0.222 0.2315 0.2315 0.2315 0.239 0.239 0.237 0.237 0.2345 0.2345 0.2345 0.2945 0.2945 0.2535 0.2535 0.247 0.247 0.247 0.2275 0.2275 0.221 0.221 0.2105 0.2105 0.2105 0.212 0.212 0.2095 0.2095 0.1845 0.1845 0.1845 0.1725 0.1725 0.1665 0.1665 0.183 0.183 0.2075 0.2075 0.2075 0.2115 0.2115 0.2195 0.2195 0.22 0.22 0.22 0.2205 0.2205 0.2315 0.2315 0.219 0.219 0.219 0.2145 0.2145 0.2065 0.2065 0.203 0.203 0.203 0.1695
0.225 0.225 0.223 0.223 0.2165 0.2165 0.2145 0.2145 0.2145 0.214 0.214 0.215 0.215 0.222 0.222 0.2315 0.2315 0.2315 0.239 0.239 0.237 0.237 0.2345 0.2345 0.2345 0.2945 0.2945 0.2535 0.2535 0.247 0.247 0.247 0.2275 0.2275 0.221 0.221 0.2105 0.2105 0.2105 0.212 0.212 0.2095 0.2095 0.1845 0.1845 0.1845 0.1725 0.1725 0.1665 0.1665 0.183 0.183 0.2075 0.2075 0.2075 0.2115 0.2115 0.2195 0.2195 0.22 0.22 0.22 0.2205 0.2205 0.2315 0.2315 0.219 0.219 0.219 0.2145 0.2145 0.2065 0.2065 0.203 0.203 0.203 0.1695
0.2335 0.2335 0.2205 0.2205 0.22 0.22 0.2135 0.2135 0.2135 0.224 0.224 0.2215 0.2215 0.2195 0.2195 0.2225 0.2225 0.2225 0.226 0.226 0.2265 0.2265 0.226 0.226 0.226 0.2255 0.2255 0.243 0.243 0.2485 0.2485 0.2485 0.2375 0.2375 0.227 0.227 0.217 0.217 0.217 0.216 0.216 0.193 0.193 0.179 0.179 0.179 0.1875 0.1875 0.2285 0.2285 0.2075 0.2075 0.22 0.22 0.22 0.2155 0.2155 0.222 0.222 0.227 0.227 0.227 0.2185 0.2185 0.225 0.225 0.2305 0.2305 0.2305 0.2235 0.2235 0.211 0.211 0.1715 0.1715 0.1715 0.192
0.2335 0.2335 0.2205 0.2205 0.22 0.22 0.2135 0.2135 0.2135 0.224 0.224 0.2215 0.2215 0.2195 0.2195 0.2225 0.2225 0.2225 0.226 0.226 0.2265 0.2265 0.226 0.226 0.226 0.2255 0.2255 0.243 0.243 0.2485 0.2485 0.2485 0.2375 0.2375 0.227 0.227 0.217 0.217 0.217 0.216 0.216 0.193 0.193 0.179 0.179 0.179 0.1875 0.1875 0.2285 0.2285 0.2075 0.2075 0.22 0.22 0.22 0.2155 0.2155 0.222 0.222 0.227 0.227 0.227 0.2185 0.2185 0.225 0.225 0.2305 0.2305 0.2305 0.2235 0.2235 0.211 0.211 0.1715 0.1715 0.1715 0.192
0.224 0.224 0.2265 0.2265 0.223 0.223 0.214 0.214 0.214 0.2245 0.2245 0.21 0.21 0.216 0.216 0.2205 0.2205 0.2205 0.214 0.214 0.211 0.211 0.2235 0.2235 0.2235 0.227 0.227 0.2235 0.2235 0.2355 0.2355 0.2355 0.242 0.242 0.2445 0.2445 0.239 0.239 0.239 0.239 0.239 0.2355 0.2355 0.2005 0.2005 0.2005 0.194 0.194 0.236 0.236 0.2285 0.2285 0.212 0.212 0.212 0.2175 0.2175 0.2155 0.2155 0.2215 0.2215 0.2215 0.2135 0.2135 0.1985 0.1985 0.218 0.218 0.218 0.218 0.218 0.193 0.193 0.125 0.125 0.125 0.159
0.224 0.224 0.2265 0.2265 0.223 0.223 0.214 0.214 0.214 0.2245 0.2245 0.21 0.21 0.216 0.216 0.2205 0.2205 0.2205 0.214 0.214 0.211 0.211 0.2235 0.2235 0.2235 0.227 0.227 0.2235 0.2235 0.2355 0.2355 0.2355 0.242 0.242 0.2445 0.2445 0.239 0.239 0.239 0.239 0.239 0.2355 0.2355 0.2005 0.2005 0.2005 0.194 0.194 0.236 0.236 0.2285 0.2285 0.212 0.212 0.212 0.2175 0.2175 0.2155 0.2155 0.2215 0.2215 0.2215 0.2135 0.2135 0.1985 0.1985 0.218 0.218 0.218 0.218 0.218 0.193 0.193 0.125 0.125 0.125 0.159
0.211 0.211 0.2075 0.2075 0.2085 0.2085 0.2135 0.2135 0.2135 0.2095 0.2095 0.212 0.212 0.204 0.204 0.209 0.209 0.209 0.198 0.198 0.2025 0.2025 0.209 0.209 0.209 0.2215 0.2215 0.2145 0.2145 0.2165 0.2165 0.2165 0.2315 0.2315 0.249 0.249 0.239 0.239 0.239 0.2345 0.2345 0.2565 0.2565 0.232 0.232 0.232 0.241 0.241 0.2395 0.2395 0.219 0.219 0.2245 0.2245 0.2245 0.21 0.21 0.195 0.195 0.2025 0.2025 0.2025 0.206 0.206 0.2025 0.2025 0.1935 0.1935 0.1935 0.1925 0.1925 0.1836 0.1836 0.1575 0.1575 0.1575 0.1495
0.211 0.211 0.2075 0.2075 0.2085 0.2085 0.2135 0.2135 0.2135 0.2095 0.2095 0.212 0.212 0.204 0.204 0.209 0.209 0.209 0.198 0.198 0.2025 0.2025 0.209 0.209 0.209 0.2215 0.2215 0.2145 0.2145 0.2165 0.2165 0.2165 0.2315 0.2315 0.249 0.249 0.239 0.239 0.239 0.2345 0.2345 0.2565 0.2565 0.232 0.232 0.232 0.241 0.241 0.2395 0.2395 0.219 0.219 0.2245 0.2245 0.2245 0.21 0.21 0.195 0.195 0.2025 0.2025 0.2025 0.206 0.206 0.2025 0.2025 0.1935 0.1935 0.1935 0.1925 0.1925 0.1836 0.1836 0.1575 0.1575 0.1575 0.1495
0.2195 0.2195 0.2055 0.2055 0.204 0.204 0.1985 0.1985 0.1985 0.213 0.213 0.2125 0.2125 0.216 0.216 0.1975 0.1975 0.1975 0.1965 0.1965 0.1715 0.1715 0.2005 0.2005 0.2005 0.2055 0.2055 0.209 0.209 0.207 0.207 0.207 0.2145 0.2145 0.2305 0.2305 0.242 0.242 0.242 0.2705 0.2705 0.2495 0.2495 0.256 0.256 0.256 0.254 0.254 0.2445 0.2445 0.2305 0.2305 0.212 0.212 0.212 0.1945 0.1945 0.206 0.206 0.2055 0.2055 0.2055 0.21 0.21 0.18 0.18 0.1765 0.1765 0.1765 0.175 0.175 0.174 0.174 0.1695 0.1695 0.1695 0.1595
0.2195 0.2195 0.2055 0.2055 0.204 0.204 0.1985 0.1985 0.1985 0.213 0.213 0.2125 0.2125 0.216 0.216 0.1975 0.1975 0.1975 0.1965 0.1965 0.1715 0.1715 0.2005 0.2005 0.2005 0.2055 0.2055 0.209 0.209 0.207 0.207 0.207 0.2145 0.2145 0.2305 0.2305 0.242 0.242 0.242 0.2705 0.2705 0.2495 0.2495 0.256 0.256 0.256 0.254 0.254 0.2445 0.2445 0.2305 0.2305 0.212 0.212 0.212 0.1945 0.1945 0.206 0.206 0.2055 0.2055 0.2055 0.21 0.21 0.18 0.18 0.1765 0.1765 0.1765 0.175 0.175 0.174 0.174 0.1695 0.1695 0.1695 0.1595
0.2195 0.2195 0.2055 0.2055 0.204 0.204 0.1985 0.1985 0.1985 0.213 0.213 0.2125 0.2125 0.216 0.216 0.1975 0.1975 0.1975 0.1965 0.1965 0.1715 0.1715 0.2005 0.2005 0.2005 0.2055 0.2055 0.209 0.209 0.207 0.207 0.207 0.2145 0.2145 0.2305 0.2305 0.242 0.242 0.242 0.2705 0.2705 0.2495 0.2495 0.256 0.256 0.256 0.254 0.254 0.2445 0.2445 0.2305 0.2305 0.212 0.212 0.212 0.1945 0.1945 0.206 0.206 0.2055 0.2055 0.2055 0.21 0.21 0.18 0.18 0.1765 0.1765 0.1765 0.175 0.175 0.174 0.174 0.1695 0.1695 0.1695 0.1595
0.2175 0.2175 0.209 0.209 0.2055 0.2055 0.204 0.204 0.204 0.2165 0.2165 0.223 0.223 0.2205 0.2205 0.2035 0.2035 0.2035 0.185 0.185 0.1975 0.1975 0.214 0.214 0.214 0.2055 0.2055 0.1965 0.1965 0.1955 0.1955 0.1955 0.2135 0.2135 0.2075 0.2075 0.2395 0.2395 0.2395 0.235 0.235 0.274 0.274 0.257 0.257 0.257 0.257 0.257 0.269 0.269 0.221 0.221 0.2115 0.2115 0.2115 0.227 0.227 0.2175 0.2175 0.2055 0.2055 0.2055 0.203 0.203 0.2135 0.2135 0.1875 0.1875 0.1875 0.1845 0.1845 0.188 0.188 0.1685 0.1685 0.1685 0.1535
0.2175 0.2175 0.209 0.209 0.2055 0.2055 0.204 0.204 0.204 0.2165 0.2165 0.223 0.223 0.2205 0.2205 0.2035 0.2035 0.2035 0.185 0.185 0.1975 0.1975 0.214 0.214 0.214 0.2055 0.2055 0.1965 0.1965 0.1955 0.1955 0.1955 0.2135 0.2135 0.2075 0.2075 0.2395 0.2395 0.2395 0.235 0.235 0.274 0.274 0.257 0.257 0.257 0.257 0.257 0.269 0.269 0.221 0.221 0.2115 0.2115 0.2115 0.227 0.227 0.2175 0.2175 0.2055 0.2055 0.2055 0.203 0.203 0.2135 0.2135 0.1875 0.1875 0.1875 0.1845 0.1845 0.188 0.188 0.1685 0.1685 0.1685 0.1535
0.211 0.211 0.2045 0.2045 0.2075 0.2075 0.2235 0.2235 0.2235 0.237 0.237 0.235 0.235 0.225 0.225 0.2095 0.2095 0.2095 0.221 0.221 0.2095 0.2095 0.2245 0.2245 0.2245 0.2035 0.2035 0.2065 0.2065 0.211 0.211 0.211 0.2125 0.2125 0.244 0.244 0.235 0.235 0.235 0.227 0.227 0.2405 0.2405 0.235 0.235 0.235 0.221 0.221 0.232 0.232 0.24 0.24 0.234 0.234 0.234 0.2225 0.2225 0.225 0.225 0.2305 0.2305 0.2305 0.2455 0.2455 0.23 0.23 0.209 0.209 0.209 0.192 0.192 0.195 0.195 0.1835 0.1835 0.1835 0.165
0.211 0.211 0.2045 0.2045 0.2075 0.2075 0.2235 0.2235 0.2235 0.237 0.237 0.235 0.235 0.225 0.225 0.2095 0.2095 0.2095 0.221 0.221 0.2095 0.2095 0.2245 0.2245 0.2245 0.2035 0.2035 0.2065 0.2065 0.211 0.211 0.211 0.2125 0.2125 0.244 0.244 0.235 0.235 0.235 0.227 0.227 0.2405 0.2405 0.235 0.235 0.235 0.221 0.221 0.232 0.232 0.24 0.24 0.234 0.234 0.234 0.2225 0.2225 0.225 0.225 0.2305 0.2305 0.2305 0.2455 0.2455 0.23 0.23 0.209 0.209 0.209 0.192 0.192 0.195 0.195 0.1835 0.1835 0.1835 0.165
0.242 0.242 0.2385 0.2385 0.241 0.241 0.228 0.228 0.228 0.2295 0.2295 0.221 0.221 0.216 0.216 0.2095 0.2095 0.2095 0.206 0.206 0.2 0.2 0.212 0.212 0.212 0.2175 0.2175 0.2215 0.2215 0.2055 0.2055 0.2055 0.2265 0.2265 0.234 0.234 0.233 0.233 0.233 0.236 0.236 0.2375 0.2375 0.2435 0.2435 0.2435 0.246 0.246 0.2385 0.2385 0.253 0.253 0.2305 0.2305 0.2305 0.23 0.23 0.23 0.23 0.2385 0.2385 0.2385 0.241 0.241 0.2305 0.2305 0.2035 0.2035 0.2035 0.1965 0.1965 0.202 0.202 0.2065 0.2065 0.2065 0.2065
0.242 0.242 0.2385 0.2385 0.241 0.241 0.228 0.228 0.228 0.2295 0.2295 0.221 0.221 0.216 0.216 0.2095 0.2095 0.2095 0.206 0.206 0.2 0.2 0.212 0.212 0.212 0.2175 0.2175 0.2215 0.2215 0.2055 0.2055 0.2055 0.2265 0.2265 0.234 0.234 0.233 0.233 0.233 0.236 0.236 0.2375 0.2375 0.2435 0.2435 0.2435 0.246 0.246 0.2385 0.2385 0.253 0.253 0.2305 0.2305 0.2305 0.23 0.23 0.23 0.23 0.2385 0.2385 0.2385 0.241 0.241 0.2305 0.2305 0.2035 0.2035 0.2035 0.1965 0.1965 0.202 0.202 0.2065 0.2065 0.2065 0.2065
0.242 0.242 0.2385 0.2385 0.241 0.241 0.228 0.228 0.228 0.2295 0.2295 0.221 0.221 0.216 0.216 0.2095 0.2095 0.2095 0.206 0.206 0.2 0.2 0.212 0.212 0.212 0.2175 0.2175 0.2215 0.2215 0.2055 0.2055 0.2055 0.2265 0.2265 0.234 0.234 0.233 0.233 0.233 0.236 0.236 0.2375 0.2375 0.2435 0.2435 0.2435 0.246 0.246 0.2385 0.2385 0.253 0.253 0.2305 0.2305 0.2305 0.23 0.23 0.23 0.23 0.2385 0.2385 0.2385 0.241 0.241 0.2305 0.2305 0.2035 0.2035 0.2035 0.1965 0.1965 0.202 0.202 0.2065 0.2065 0.2065 0.2065
0.2265 0.2265 0.2255 0.2255 0.2165 0.2165 0.2005 0.2005 0.2005 0.2115 0.2115 0.223 0.223 0.2055 0.2055 0.2055 0.2055 0.2055 0.213 0.213 0.1925 0.1925 0.2055 0.2055 0.2055 0.2005 0.2005 0.211 0.211 0.205 0.205 0.205 0.201 0.201 0.2095 0.2095 0.2285 0.2285 0.2285 0.237 0.237 0.2435 0.2435 0.2425 0.2425 0.2425 0.256 0.256 0.2455 0.2455 0.23 0.23 0.238 0.238 0.238 0.229 0.229 0.237 0.237 0.233 0.233 0.233 0.2385 0.2385 0.2375 0.2375 0.236 0.236 0.236 0.197 0.197 0.2035 0.2035 0.185 0.185 0.185 0.18
0.2265 0.2265 0.2255 0.2255 0.2165 0.2165 0.2005 0.2005 0.2005 0.2115 0.2115 0.223 0.223 0.2055 0.2055 0.2055 0.2055 0.2055 0.213 0.213 0.1925 0.1925 0.2055 0.2055 0.2055 0.2005 0.2005 0.211 0.211 0.205 0.205 0.205 0.201 0.201 0.2095 0.2095 0.2285 0.2285 0.2285 0.237 0.237 0.2435 0.2435 0.2425 0.2425 0.2425 0.256 0.256 0.2455 0.2455 0.23 0.23 0.238 0.238 0.238 0.229 0.229 0.237 0.237 0.233 0.233 0.233 0.2385 0.2385 0.2375 0.2375 0.236 0.236 0.236 0.197 0.197 0.2035 0.2035 0.185 0.185 0.185 0.18
0.228 0.228 0.209 0.209 0.2075 0.2075 0.206 0.206 0.206 0.214 0.214 0.2 0.2 0.1835 0.1835 0.205 0.205 0.205 0.2115 0.2115 0.2185 0.2185 0.222 0.222 0.222 0.2 0.2 0.2205 0.2205 0.21 0.21 0.21 0.196 0.196 0.209 0.209 0.225 0.225 0.225 0.227 0.227 0.231 0.231 0.2375 0.2375 0.2375 0.2545 0.2545 0.2465 0.2465 0.249 0.249 0.248 0.248 0.248 0.215 0.215 0.225 0.225 0.232 0.232 0.232 0.24 0.24 0.241 0.241 0.243 0.243 0.243 0.254 0.254 0.2415 0.2415 0.241 0.241 0.241 0.2435
0.228 0.228 0.209 0.209 0.2075 0.2075 0.206 0.206 0.206 0.214 0.214 0.2 0.2 0.1835 0.1835 0.205 0.205 0.205 0.2115 0.2115 0.2185 0.2185 0.222 0.222 0.222 0.2 0.2 0.2205 0.2205 0.21 0.21 0.21 0.196 0.196 0.209 0.209 0.225 0.225 0.225 0.227 0.227 0.231 0.231 0.2375 0.2375 0.2375 0.2545 0.2545 0.2465 0.2465 0.249 0.249 0.248 0.248 0.248 0.215 0.215 0.225 0.225 0.232 0.232 0.232 0.24 0.24 0.241 0.241 0.243 0.243 0.243 0.254 0.254 0.2415 0.2415 0.241 0.241 0.241 0.2435
0.221 0.221 0.23 0.23 0.2135 0.2135 0.223 0.223 0.223 0.2165 0.2165 0.2225 0.2225 0.201 0.201 0.195 0.195 0.195 0.202 0.202 0.213 0.213 0.2165 0.2165 0.2165 0.223 0.223 0.2145 0.2145 0.2185 0.2185 0.2185 0.235 0.235 0.2355 0.2355 0.223 0.223 0.223 0.2335 0.2335 0.232 0.232 0.2425 0.2425 0.2425 0.25 0.25 0.2495 0.2495 0.249 0.249 0.239 0.239 0.239 0.255 0.255 0.233 0.233 0.2275 0.2275 0.2275 0.2495 0.2495 0.257 0.257 0.257 0.257 0.257 0.2315 0.2315 0.2265 0.2265 0.2235 0.2235 0.2235 0.205
0.221 0.221 0.23 0.23 0.2135 0.2135 0.223 0.223 0.223 0.2165 0.2165 0.2225 0.2225 0.201 0.201 0.195 0.195 0.195 0.202 0.202 0.213 0.213 0.2165 0.2165 0.2165 0.223 0.223 0.2145 0.2145 0.2185 0.2185 0.2185 0.235 0.235 0.2355 0.2355 0.223 0.223 0.223 0.2335 0.2335 0.232 0.232 0.2425 0.2425 0.2425 0.25 0.25 0.2495 0.2495 0.249 0.249 0.239 0.239 0.239 0.255 0.255 0.233 0.233 0.2275 0.2275 0.2275 0.2495 0.2495 0.257 0.257 0.257 0.257 0.257 0.2315 0.2315 0.2265 0.2265 0.2235 0.2235 0.2235 0.205
0.221 0.221 0.23 0.23 0.2135 0.2135 0.223 0.223 0.223 0.2165 0.2165 0.2225 0.2225 0.201 0.201 0.195 0.195 0.195 0.202 0.202 0.213 0.213 0.2165 0.2165 0.2165 0.223 0.223 0.2145 0.2145 0.2185 0.2185 0.2185 0.235 0.235 0.2355 0.2355 0.223 0.223 0.223 0.2335 0.2335 0.232 0.232 0.2425 0.2425 0.2425 0.25 0.25 0.2495 0.2495 0.249 0.249 0.239 0.239 0.239 0.255 0.255 0.233 0.233 0.2275 0.2275 0.2275 0.2495 0.2495 0.257 0.257 0.257 0.257 0.257 0.2315 0.2315 0.2265 0.2265 0.2235 0.2235 0.2235 0.205
0.2285 0.2285 0.2245 0.2245 0.2235 0.2235 0.1965 0.1965 0.1965 0.2125 0.2125 0.2165 0.2165 0.197 0.197 0.1885 0.1885 0.1885 0.1975 0.1975 0.195 0.195 0.2105 0.2105 0.2105 0.2255 0.2255 0.2395 0.2395 0.253 0.253 0.253 0.2345 0.2345 0.2415 0.2415 0.2355 0.2355 0.2355 0.254 0.254 0.242 0.242 0.2595 0.2595 0.2595 0.248 0.248 0.252 0.252 0.24 0.24 0.251 0.251 0.251 0.2505 0.2505 0.2535 0.2535 0.2715 0.2715 0.2715 0.259 0.259 0.2545 0.2545 0.256 0.256 0.256 0.264 0.264 0.241 0.241 0.209 0.209 0.209 0.226
0.2285 0.2285 0.2245 0.2245 0.2235 0.2235 0.1965 0.1965 0.1965 0.2125 0.2125 0.2165 0.2165 0.197 0.197 0.1885 0.1885 0.1885 0.1975 0.1975 0.195 0.195 0.2105 0.2105 0.2105 0.2255 0.2255 0.2395 0.2395 0.253 0.253 0.253 0.2345 0.2345 0.2415 0.2415 0.2355 0.2355 0.2355 0.254 0.254 0.242 0.242 0.2595 0.2595 0.2595 0.248 0.248 0.252 0.252 0.24 0.24 0.251 0.251 0.251 0.2505 0.2505 0.2535 0.2535 0.2715 0.2715 0.2715 0.259 0.259 0.2545 0.2545 0.256 0.256 0.256 0.264 0.264 0.241 0.241 0.209 0.209 0.209 0.226
0.229 0.229 0.206 0.206 0.2065 0.2065 0.202 0.202 0.202 0.213 0.213 0.229 0.229 0.222 0.222 0.211 0.211 0.211 0.21 0.21 0.2075 0.2075 0.215 0.215 0.215 0.2485 0.2485 0.2405 0.2405 0.2495 0.2495 0.2495 0.241 0.241 0.2395 0.2395 0.245 0.245 0.245 0.258 0.258 0.2625 0.2625 0.2735 0.2735 0.2735 0.262 0.262 0.258 0.258 0.258 0.258 0.266 0.266 0.266 0.258 0.258 0.237 0.237 0.2525 0.2525 0.2525 0.2795 0.2795 0.2615 0.2615 0.2685 0.2685 0.2685 0.276 0.276 0.2645 0.2645 0.2485 0.2485 0.2485 0.233
0.229 0.229 0.206 0.206 0.2065 0.2065 0.202 0.202 0.202 0.213 0.213 0.229 0.229 0.222 0.222 0.211 0.211 0.211 0.21 0.21 0.2075 0.2075 0.215 0.215 0.215 0.2485 0.2485 0.2405 0.2405 0.2495 0.2495 0.2495 0.241 0.241 0.2395 0.2395 0.245 0.245 0.245 0.258 0.258 0.2625 0.2625 0.2735 0.2735 0.2735 0.262 0.262 0.258 0.258 0.258 0.258 0.266 0.266 0.266 0.258 0.258 0.237 0.237 0.2525 0.2525 0.2525 0.2795 0.2795 0.2615 0.2615 0.2685 0.2685 0.2685 0.276 0.276 0.2645 0.2645 0.2485 0.2485 0.2485 0.233
0.219 0.219 0.22 0.22 0.234 0.234 0.2295 0.2295 0.2295 0.2425 0.2425 0.2205 0.2205 0.2245 0.2245 0.2175 0.2175 0.2175 0.226 0.226 0.2285 0.2285 0.242 0.242 0.242 0.2305 0.2305 0.2415 0.2415 0.2565 0.2565 0.2565 0.2515 0.2515 0.272 0.272 0.28 0.28 0.28 0.261 0.261 0.273 0.273 0.2785 0.2785 0.2785 0.2885 0.2885 0.2865 0.2865 0.282 0.282 0.2825 0.2825 0.2825 0.2745 0.2745 0.2485 0.2485 0.239 0.239 0.239 0.25 0.25 0.278 0.278 0.2685 0.2685 0.2685 0.2725 0.2725 0.251 0.251 0.2375 0.2375 0.2375 0.238
