ndvi/NOAA-308.asc
ncols         252
nrows         154
xllcorner     -18.017974
yllcorner     13.481982
cellsize      0.035948
NODATA_value  -9999
[rows 68 to 101 of 154, columns 76 to 151 of 252]
0.2661 0.2661 0.2661 0.2556 0.2556 0.2751 0.2751 0.2861 0.2861 0.2861 0.3506 0.3506 0.3351 0.3351 0.3056 0.3056 0.3006 0.3006 0.3006 0.2826 0.2826 0.2892 0.2892 0.2481 0.2481 0.2481 0.2136 0.2136 0.218 0.218 0.2422 0.2422 0.2422 0.2727 0.2727 0.2772 0.2772 0.2656 0.2656 0.2656 0.2657 0.2657 0.2632 0.2632 0.2189 0.2189 0.2189 0.1595 0.1595 0.1942 0.1942 0.2072 0.2072 0.2115 0.2115 0.2115 0.2296 0.2296 0.2477 0.2477 0.2625 0.2625 0.2625 0.306 0.306 0.263 0.263 0.2545 0.2545 0.2545 0.301 0.301 0.2655 0.2655 0.2216 0.2216
0.2671 0.2671 0.2671 0.2851 0.2851 0.2751 0.2751 0.2981 0.2981 0.2981 0.3091 0.3091 0.3241 0.3241 0.3271 0.3271 0.3051 0.3051 0.3051 0.2891 0.2891 0.2861 0.2861 0.2871 0.2871 0.2871 0.2372 0.2372 0.2252 0.2252 0.2217 0.2217 0.2217 0.2391 0.2391 0.2712 0.2712 0.2667 0.2667 0.2667 0.2757 0.2757 0.2672 0.2672 0.2237 0.2237 0.2237 0.1861 0.1861 0.1927 0.1927 0.2182 0.2182 0.2322 0.2322 0.2322 0.2402 0.2402 0.2596 0.2596 0.3085 0.3085 0.3085 0.3395 0.3395 0.337 0.337 0.29 0.29 0.29 0.28 0.28 0.2765 0.2765 0.253 0.253
0.2671 0.2671 0.2671 0.2851 0.2851 0.2751 0.2751 0.2981 0.2981 0.2981 0.3091 0.3091 0.3241 0.3241 0.3271 0.3271 0.3051 0.3051 0.3051 0.2891 0.2891 0.2861 0.2861 0.2871 0.2871 0.2871 0.2372 0.2372 0.2252 0.2252 0.2217 0.2217 0.2217 0.2391 0.2391 0.2712 0.2712 0.2667 0.2667 0.2667 0.2757 0.2757 0.2672 0.2672 0.2237 0.2237 0.2237 0.1861 0.1861 0.1927 0.1927 0.2182 0.2182 0.2322 0.2322 0.2322 0.2402 0.2402 0.2596 0.2596 0.3085 0.3085 0.3085 0.3395 0.3395 0.337 0.337 0.29 0.29 0.29 0.28 0.28 0.2765 0.2765 0.253 0.253
0.3071 0.3071 0.3071 0.2811 0.2811 0.2781 0.2781 0.2851 0.2851 0.2851 0.2981 0.2981 0.2916 0.2916 0.3211 0.3211 0.2945 0.2945 0.2945 0.2846 0.2846 0.3216 0.3216 0.2951 0.2951 0.2951 0.2796 0.2796 0.2822 0.2822 0.2447 0.2447 0.2447 0.2267 0.2267 0.2461 0.2461 0.2796 0.2796 0.2796 0.2991 0.2991 0.2931 0.2931 0.2537 0.2537 0.2537 0.2077 0.2077 0.2002 0.2002 0.2202 0.2202 0.2471 0.2471 0.2471 0.248 0.248 0.355 0.355 0.3375 0.3375 0.3375 0.386 0.386 0.367 0.367 0.322 0.322 0.322 0.253 0.253 0.292 0.292 0.298 0.298
0.3071 0.3071 0.3071 0.2811 0.2811 0.2781 0.2781 0.2851 0.2851 0.2851 0.2981 0.2981 0.2916 0.2916 0.3211 0.3211 0.2945 0.2945 0.2945 0.2846 0.2846 0.3216 0.3216 0.2951 0.2951 0.2951 0.2796 0.2796 0.2822 0.2822 0.2447 0.2447 0.2447 0.2267 0.2267 0.2461 0.2461 0.2796 0.2796 0.2796 0.2991 0.2991 0.2931 0.2931 0.2537 0.2537 0.2537 0.2077 0.2077 0.2002 0.2002 0.2202 0.2202 0.2471 0.2471 0.2471 0.248 0.248 0.355 0.355 0.3375 0.3375 0.3375 0.386 0.386 0.367 0.367 0.322 0.322 0.322 0.253 0.253 0.292 0.292 0.298 0.298
0.3071 0.3071 0.3071 0.2811 0.2811 0.2781 0.2781 0.2851 0.2851 0.2851 0.2981 0.2981 0.2916 0.2916 0.3211 0.3211 0.2945 0.2945 0.2945 0.2846 0.2846 0.3216 0.3216 0.2951 0.2951 0.2951 0.2796 0.2796 0.2822 0.2822 0.2447 0.2447 0.2447 0.2267 0.2267 0.2461 0.2461 0.2796 0.2796 0.2796 0.2991 0.2991 0.2931 0.2931 0.2537 0.2537 0.2537 0.2077 0.2077 0.2002 0.2002 0.2202 0.2202 0.2471 0.2471 0.2471 0.248 0.248 0.355 0.355 0.3375 0.3375 0.3375 0.386 0.386 0.367 0.367 0.322 0.322 0.322 0.253 0.253 0.292 0.292 0.298 0.298
0.3286 0.3286 0.3286 0.3281 0.3281 0.3176 0.3176 0.3271 0.3271 0.3271 0.3031 0.3031 0.3186 0.3186 0.3016 0.3016 0.2996 0.2996 0.2996 0.3396 0.3396 0.3101 0.3101 0.3306 0.3306 0.3306 0.3281 0.3281 0.3091 0.3091 0.3116 0.3116 0.3116 0.2897 0.2897 0.2312 0.2312 0.2222 0.2222 0.2222 0.2342 0.2342 0.2437 0.2437 0.1791 0.1791 0.1791 0.1912 0.1912 0.2812 0.2812 0.2475 0.2475 0.2805 0.2805 0.2805 0.3215 0.3215 0.312 0.312 0.323 0.323 0.323 0.353 0.353 0.3545 0.3545 0.356 0.356 0.356 0.2715 0.2715 0.287 0.287 0.207 0.207
0.3286 0.3286 0.3286 0.3281 0.3281 0.3176 0.3176 0.3271 0.3271 0.3271 0.3031 0.3031 0.3186 0.3186 0.3016 0.3016 0.2996 0.2996 0.2996 0.3396 0.3396 0.3101 0.3101 0.3306 0.3306 0.3306 0.3281 0.3281 0.3091 0.3091 0.3116 0.3116 0.3116 0.2897 0.2897 0.2312 0.2312 0.2222 0.2222 0.2222 0.2342 0.2342 0.2437 0.2437 0.1791 0.1791 0.1791 0.1912 0.1912 0.2812 0.2812 0.2475 0.2475 0.2805 0.2805 0.2805 0.3215 0.3215 0.312 0.312 0.323 0.323 0.323 0.353 0.353 0.3545 0.3545 0.356 0.356 0.356 0.2715 0.2715 0.287 0.287 0.207 0.207
0.3676 0.3676 0.3676 0.3306 0.3306 0.3861 0.3861 0.3576 0.3576 0.3576 0.3306 0.3306 0.3391 0.3391 0.3171 0.3171 0.3381 0.3381 0.3381 0.3406 0.3406 0.3241 0.3241 0.3096 0.3096 0.3096 0.3026 0.3026 0.2936 0.2936 0.282 0.282 0.282 0.2956 0.2956 0.3232 0.3232 0.2702 0.2702 0.2702 0.2222 0.2222 0.2027 0.2027 0.1847 0.1847 0.1847 0.2017 0.2017 0.272 0.272 0.2835 0.2835 0.2485 0.2485 0.2485 0.309 0.309 0.2555 0.2555 0.29 0.29 0.29 0.3125 0.3125 0.3345 0.3345 0.362 0.362 0.362 0.2955 0.2955 0.242 0.242 0.094 0.094
0.3676 0.3676 0.3676 0.3306 0.3306 0.3861 0.3861 0.3576 0.3576 0.3576 0.3306 0.3306 0.3391 0.3391 0.3171 0.3171 0.3381 0.3381 0.3381 0.3406 0.3406 0.3241 0.3241 0.3096 0.3096 0.3096 0.3026 0.3026 0.2936 0.2936 0.282 0.282 0.282 0.2956 0.2956 0.3232 0.3232 0.2702 0.2702 0.2702 0.2222 0.2222 0.2027 0.2027 0.1847 0.1847 0.1847 0.2017 0.2017 0.272 0.272 0.2835 0.2835 0.2485 0.2485 0.2485 0.309 0.309 0.2555 0.2555 0.29 0.29 0.29 0.3125 0.3125 0.3345 0.3345 0.362 0.362 0.362 0.2955 0.2955 0.242 0.242 0.094 0.094
0.3331 0.3331 0.3331 0.3596 0.3596 0.3526 0.3526 0.3036 0.3036 0.3036 0.3296 0.3296 0.2831 0.2831 0.2871 0.2871 0.3051 0.3051 0.3051 0.3211 0.3211 0.2961 0.2961 0.2755 0.2755 0.2755 0.2926 0.2926 0.2886 0.2886 0.2716 0.2716 0.2716 0.2495 0.2495 0.3097 0.3097 0.3031 0.3031 0.3031 0.2602 0.2602 0.2152 0.2152 0.1925 0.1925 0.1925 0.1875 0.1875 0.2345 0.2345 0.245 0.245 0.246 0.246 0.246 0.2815 0.2815 0.2676 0.2676 0.2795 0.2795 0.2795 0.4455 0.4455 0.363 0.363 0.3485 0.3485 0.3485 0.3215 0.3215 0.2065 0.2065 0.1855 0.1855
0.3331 0.3331 0.3331 0.3596 0.3596 0.3526 0.3526 0.3036 0.3036 0.3036 0.3296 0.3296 0.2831 0.2831 0.2871 0.2871 0.3051 0.3051 0.3051 0.3211 0.3211 0.2961 0.2961 0.2755 0.2755 0.2755 0.2926 0.2926 0.2886 0.2886 0.2716 0.2716 0.2716 0.2495 0.2495 0.3097 0.3097 0.3031 0.3031 0.3031 0.2602 0.2602 0.2152 0.2152 0.1925 0.1925 0.1925 0.1875 0.1875 0.2345 0.2345 0.245 0.245 0.246 0.246 0.246 0.2815 0.2815 0.2676 0.2676 0.2795 0.2795 0.2795 0.4455 0.4455 0.363 0.363 0.3485 0.3485 0.3485 0.3215 0.3215 0.2065 0.2065 0.1855 0.1855
0.3396 0.3396 0.3396 0.3091 0.3091 0.3516 0.3516 0.3376 0.3376 0.3376 0.3111 0.3111 0.2956 0.2956 0.2946 0.2946 0.2667 0.2667 0.2667 0.2891 0.2891 0.2585 0.2585 0.2795 0.2795 0.2795 0.265 0.265 0.219 0.219 0.229 0.229 0.229 0.253 0.253 0.303 0.303 0.2695 0.2695 0.2695 0.237 0.237 0.23 0.23 0.185 0.185 0.185 0.2055 0.2055 0.2 0.2 0.2475 0.2475 0.2755 0.2755 0.2755 0.3045 0.3045 0.321 0.321 0.313 0.313 0.313 0.3125 0.3125 0.2735 0.2735 0.242 0.242 0.242 0.234 0.234 0.2275 0.2275 0.193 0.193
0.3396 0.3396 0.3396 0.3091 0.3091 0.3516 0.3516 0.3376 0.3376 0.3376 0.3111 0.3111 0.2956 0.2956 0.2946 0.2946 0.2667 0.2667 0.2667 0.2891 0.2891 0.2585 0.2585 0.2795 0.2795 0.2795 0.265 0.265 0.219 0.219 0.229 0.229 0.229 0.253 0.253 0.303 0.303 0.2695 0.2695 0.2695 0.237 0.237 0.23 0.23 0.185 0.185 0.185 0.2055 0.2055 0.2 0.2 0.2475 0.2475 0.2755 0.2755 0.2755 0.3045 0.3045 0.321 0.321 0.313 0.313 0.313 0.3125 0.3125 0.2735 0.2735 0.242 0.242 0.242 0.234 0.234 0.2275 0.2275 0.193 0.193
0.3396 0.3396 0.3396 0.3091 0.3091 0.3516 0.3516 0.3376 0.3376 0.3376 0.3111 0.3111 0.2956 0.2956 0.2946 0.2946 0.2667 0.2667 0.2667 0.2891 0.2891 0.2585 0.2585 0.2795 0.2795 0.2795 0.265 0.265 0.219 0.219 0.229 0.229 0.229 0.253 0.253 0.303 0.303 0.2695 0.2695 0.2695 0.237 0.237 0.23 0.23 0.185 0.185 0.185 0.2055 0.2055 0.2 0.2 0.2475 0.2475 0.2755 0.2755 0.2755 0.3045 0.3045 0.321 0.321 0.313 0.313 0.313 0.3125 0.3125 0.2735 0.2735 0.242 0.242 0.242 0.234 0.234 0.2275 0.2275 0.193 0.193
0.3486 0.3486 0.3486 0.3236 0.3236 0.3306 0.3306 0.3431 0.3431 0.3431 0.3541 0.3541 0.3192 0.3192 0.3126 0.3126 0.3112 0.3112 0.3112 0.2712 0.2712 0.2777 0.2777 0.2706 0.2706 0.2706 0.246 0.246 0.2697 0.2697 0.2636 0.2636 0.2636 0.2455 0.2455 0.2401 0.2401 0.2285 0.2285 0.2285 0.2431 0.2431 0.263 0.263 0.2731 0.2731 0.2731 0.2985 0.2985 0.2225 0.2225 0.273 0.273 0.3 0.3 0.3 0.284 0.284 0.323 0.323 0.3325 0.3325 0.3325 0.353 0.353 0.3115 0.3115 0.2425 0.2425 0.2425 0.254 0.254 0.2365 0.2365 0.2295 0.2295
0.3486 0.3486 0.3486 0.3236 0.3236 0.3306 0.3306 0.3431 0.3431 0.3431 0.3541 0.3541 0.3192 0.3192 0.3126 0.3126 0.3112 0.3112 0.3112 0.2712 0.2712 0.2777 0.2777 0.2706 0.2706 0.2706 0.246 0.246 0.2697 0.2697 0.2636 0.2636 0.2636 0.2455 0.2455 0.2401 0.2401 0.2285 0.2285 0.2285 0.2431 0.2431 0.263 0.263 0.2731 0.2731 0.2731 0.2985 0.2985 0.2225 0.2225 0.273 0.273 0.3 0.3 0.3 0.284 0.284 0.323 0.323 0.3325 0.3325 0.3325 0.353 0.353 0.3115 0.3115 0.2425 0.2425 0.2425 0.254 0.254 0.2365 0.2365 0.2295 0.2295
0.3516 0.3516 0.3516 0.3351 0.3351 0.3461 0.3461 0.3396 0.3396 0.3396 0.3491 0.3491 0.3391 0.3391 0.3417 0.3417 0.3311 0.3311 0.3311 0.3402 0.3402 0.3151 0.3151 0.3076 0.3076 0.3076 0.2921 0.2921 0.2446 0.2446 0.2692 0.2692 0.2692 0.2721 0.2721 0.2926 0.2926 0.2711 0.2711 0.2711 0.291 0.291 0.3021 0.3021 0.2831 0.2831 0.2831 0.2806 0.2806 0.285 0.285 0.218 0.218 0.3236 0.3236 0.3236 0.319 0.319 0.2931 0.2931 0.363 0.363 0.363 0.3265 0.3265 0.3565 0.3565 0.2635 0.2635 0.2635 0.2415 0.2415 0.2725 0.2725 0.19 0.19
0.3516 0.3516 0.3516 0.3351 0.3351 0.3461 0.3461 0.3396 0.3396 0.3396 0.3491 0.3491 0.3391 0.3391 0.3417 0.3417 0.3311 0.3311 0.3311 0.3402 0.3402 0.3151 0.3151 0.3076 0.3076 0.3076 0.2921 0.2921 0.2446 0.2446 0.2692 0.2692 0.2692 0.2721 0.2721 0.2926 0.2926 0.2711 0.2711 0.2711 0.291 0.291 0.3021 0.3021 0.2831 0.2831 0.2831 0.2806 0.2806 0.285 0.285 0.218 0.218 0.3236 0.3236 0.3236 0.319 0.319 0.2931 0.2931 0.363 0.363 0.363 0.3265 0.3265 0.3565 0.3565 0.2635 0.2635 0.2635 0.2415 0.2415 0.2725 0.2725 0.19 0.19
0.3656 0.3656 0.3656 0.3771 0.3771 0.4191 0.4191 0.3671 0.3671 0.3671 0.3542 0.3542 0.3712 0.3712 0.3761 0.3761 0.3601 0.3601 0.3601 0.3261 0.3261 0.3321 0.3321 0.3446 0.3446 0.3446 0.333 0.333 0.347 0.347 0.3071 0.3071 0.3071 0.3495 0.3495 0.3436 0.3436 0.279 0.279 0.279 0.2885 0.2885 0.2831 0.2831 0.2865 0.2865 0.2865 0.2941 0.2941 0.3036 0.3036 0.2415 0.2415 0.2986 0.2986 0.2986 0.302 0.302 0.3765 0.3765 0.3945 0.3945 0.3945 0.42 0.42 0.365 0.365 0.265 0.265 0.265 0.2565 0.2565 0.2575 0.2575 0.2445 0.2445
0.3656 0.3656 0.3656 0.3771 0.3771 0.4191 0.4191 0.3671 0.3671 0.3671 0.3542 0.3542 0.3712 0.3712 0.3761 0.3761 0.3601 0.3601 0.3601 0.3261 0.3261 0.3321 0.3321 0.3446 0.3446 0.3446 0.333 0.333 0.347 0.347 0.3071 0.3071 0.3071 0.3495 0.3495 0.3436 0.3436 0.279 0.279 0.279 0.2885 0.2885 0.2831 0.2831 0.2865 0.2865 0.2865 0.2941 0.2941 0.3036 0.3036 0.2415 0.2415 0.2986 0.2986 0.2986 0.302 0.302 0.3765 0.3765 0.3945 0.3945 0.3945 0.42 0.42 0.365 0.365 0.265 0.265 0.265 0.2565 0.2565 0.2575 0.2575 0.2445 0.2445
0.3656 0.3656 0.3656 0.3771 0.3771 0.4191 0.4191 0.3671 0.3671 0.3671 0.3542 0.3542 0.3712 0.3712 0.3761 0.3761 0.3601 0.3601 0.3601 0.3261 0.3261 0.3321 0.3321 0.3446 0.3446 0.3446 0.333 0.333 0.347 0.347 0.3071 0.3071 0.3071 0.3495 0.3495 0.3436 0.3436 0.279 0.279 0.279 0.2885 0.2885 0.2831 0.2831 0.2865 0.2865 0.2865 0.2941 0.2941 0.3036 0.3036 0.2415 0.2415 0.2986 0.2986 0.2986 0.302 0.302 0.3765 0.3765 0.3945 0.3945 0.3945 0.42 0.42 0.365 0.365 0.265 0.265 0.265 0.2565 0.2565 0.2575 0.2575 0.2445 0.2445
0.3335 0.3335 0.3335 0.4281 0.4281 0.3676 0.3676 0.361 0.361 0.361 0.3976 0.3976 0.3591 0.3591 0.3381 0.3381 0.3645 0.3645 0.3645 0.3485 0.3485 0.3306 0.3306 0.3641 0.3641 0.3641 0.2941 0.2941 0.3136 0.3136 0.304 0.304 0.304 0.3066 0.3066 0.3261 0.3261 0.2995 0.2995 0.2995 0.291 0.291 0.2945 0.2945 0.3425 0.3425 0.3425 0.325 0.325 0.3196 0.3196 0.2986 0.2986 0.2275 0.2275 0.2275 0.2925 0.2925 0.388 0.388 0.3765 0.3765 0.3765 0.4085 0.4085 0.419 0.419 0.375 0.375 0.375 0.2615 0.2615 0.2976 0.2976 0.2511 0.2511
0.3335 0.3335 0.3335 0.4281 0.4281 0.3676 0.3676 0.361 0.361 0.361 0.3976 0.3976 0.3591 0.3591 0.3381 0.3381 0.3645 0.3645 0.3645 0.3485 0.3485 0.3306 0.3306 0.3641 0.3641 0.3641 0.2941 0.2941 0.3136 0.3136 0.304 0.304 0.304 0.3066 0.3066 0.3261 0.3261 0.2995 0.2995 0.2995 0.291 0.291 0.2945 0.2945 0.3425 0.3425 0.3425 0.325 0.325 0.3196 0.3196 0.2986 0.2986 0.2275 0.2275 0.2275 0.2925 0.2925 0.388 0.388 0.3765 0.3765 0.3765 0.4085 0.4085 0.419 0.419 0.375 0.375 0.375 0.2615 0.2615 0.2976 0.2976 0.2511 0.2511
0.4306 0.4306 0.4306 0.4071 0.4071 0.3617 0.3617 0.3601 0.3601 0.3601 0.357 0.357 0.3535 0.3535 0.3407 0.3407 0.3495 0.3495 0.3495 0.3551 0.3551 0.3555 0.3555 0.3416 0.3416 0.3416 0.3181 0.3181 0.306 0.306 0.3361 0.3361 0.3361 0.3226 0.3226 0.3175 0.3175 0.34 0.34 0.34 0.3331 0.3331 0.3 0.3 0.375 0.375 0.375 0.3805 0.3805 0.3485 0.3485 0.3506 0.3506 0.3206 0.3206 0.3206 0.3336 0.3336 0.3466 0.3466 0.365 0.365 0.365 0.3315 0.3315 0.3815 0.3815 0.387 0.387 0.387 0.35 0.35 0.3585 0.3585 0.3 0.3
0.4306 0.4306 0.4306 0.4071 0.4071 0.3617 0.3617 0.3601 0.3601 0.3601 0.357 0.357 0.3535 0.3535 0.3407 0.3407 0.3495 0.3495 0.3495 0.3551 0.3551 0.3555 0.3555 0.3416 0.3416 0.3416 0.3181 0.3181 0.306 0.306 0.3361 0.3361 0.3361 0.3226 0.3226 0.3175 0.3175 0.34 0.34 0.34 0.3331 0.3331 0.3 0.3 0.375 0.375 0.375 0.3805 0.3805 0.3485 0.3485 0.3506 0.3506 0.3206 0.3206 0.3206 0.3336 0.3336 0.3466 0.3466 0.365 0.365 0.365 0.3315 0.3315 0.3815 0.3815 0.387 0.387 0.387 0.35 0.35 0.3585 0.3585 0.3 0.3
0.4101 0.4101 0.4101 0.4315 0.4315 0.346 0.346 0.3275 0.3275 0.3275 0.3385 0.3385 0.3395 0.3395 0.3585 0.3585 0.3476 0.3476 0.3476 0.3605 0.3605 0.3645 0.3645 0.3195 0.3195 0.3195 0.31 0.31 0.3051 0.3051 0.307 0.307 0.307 0.3885 0.3885 0.367 0.367 0.3525 0.3525 0.3525 0.322 0.322 0.3495 0.3495 0.352 0.352 0.352 0.404 0.404 0.3555 0.3555 0.3405 0.3405 0.3225 0.3225 0.3225 0.2715 0.2715 0.273 0.273 0.3406 0.3406 0.3406 0.334 0.334 0.374 0.374 0.3315 0.3315 0.3315 0.306 0.306 0.3495 0.3495 0.3475 0.3475
0.4101 0.4101 0.4101 0.4315 0.4315 0.346 0.346 0.3275 0.3275 0.3275 0.3385 0.3385 0.3395 0.3395 0.3585 0.3585 0.3476 0.3476 0.3476 0.3605 0.3605 0.3645 0.3645 0.3195 0.3195 0.3195 0.31 0.31 0.3051 0.3051 0.307 0.307 0.307 0.3885 0.3885 0.367 0.367 0.3525 0.3525 0.3525 0.322 0.322 0.3495 0.3495 0.352 0.352 0.352 0.404 0.404 0.3555 0.3555 0.3405 0.3405 0.3225 0.3225 0.3225 0.2715 0.2715 0.273 0.273 0.3406 0.3406 0.3406 0.334 0.334 0.374 0.374 0.3315 0.3315 0.3315 0.306 0.306 0.3495 0.3495 0.3475 0.3475
0.4101 0.4101 0.4101 0.4315 0.4315 0.346 0.346 0.3275 0.3275 0.3275 0.3385 0.3385 0.3395 0.3395 0.3585 0.3585 0.3476 0.3476 0.3476 0.3605 0.3605 0.3645 0.3645 0.3195 0.3195 0.3195 0.31 0.31 0.3051 0.3051 0.307 0.307 0.307 0.3885 0.3885 0.367 0.367 0.3525 0.3525 0.3525 0.322 0.322 0.3495 0.3495 0.352 0.352 0.352 0.404 0.404 0.3555 0.3555 0.3405 0.3405 0.3225 0.3225 0.3225 0.2715 0.2715 0.273 0.273 0.3406 0.3406 0.3406 0.334 0.334 0.374 0.374 0.3315 0.3315 0.3315 0.306 0.306 0.3495 0.3495 0.3475 0.3475
0.4067 0.4067 0.4067 0.339 0.339 0.3115 0.3115 0.3266 0.3266 0.3266 0.345 0.345 0.3175 0.3175 0.3025 0.3025 0.3125 0.3125 0.3125 0.347 0.347 0.355 0.355 0.3285 0.3285 0.3285 0.3015 0.3015 0.3175 0.3175 0.2935 0.2935 0.2935 0.317 0.317 0.338 0.338 0.341 0.341 0.341 0.355 0.355 0.341 0.341 0.322 0.322 0.322 0.306 0.306 0.35 0.35 0.3535 0.3535 0.3525 0.3525 0.3525 0.359 0.359 0.358 0.358 0.3056 0.3056 0.3056 0.1895 0.1895 0.3155 0.3155 0.348 0.348 0.348 0.4105 0.4105 0.3025 0.3025 0.2715 0.2715
0.4067 0.4067 0.4067 0.339 0.339 0.3115 0.3115 0.3266 0.3266 0.3266 0.345 0.345 0.3175 0.3175 0.3025 0.3025 0.3125 0.3125 0.3125 0.347 0.347 0.355 0.355 0.3285 0.3285 0.3285 0.3015 0.3015 0.3175 0.3175 0.2935 0.2935 0.2935 0.317 0.317 0.338 0.338 0.341 0.341 0.341 0.355 0.355 0.341 0.341 0.322 0.322 0.322 0.306 0.306 0.35 0.35 0.3535 0.3535 0.3525 0.3525 0.3525 0.359 0.359 0.358 0.358 0.3056 0.3056 0.3056 0.1895 0.1895 0.3155 0.3155 0.348 0.348 0.348 0.4105 0.4105 0.3025 0.3025 0.2715 0.2715
0.3656 0.3656 0.3656 0.3307 0.3307 0.3436 0.3436 0.3656 0.3656 0.3656 0.3351 0.3351 0.33 0.33 0.3475 0.3475 0.3675 0.3675 0.3675 0.361 0.361 0.3706 0.3706 0.3095 0.3095 0.3095 0.328 0.328 0.3275 0.3275 0.328 0.328 0.328 0.2955 0.2955 0.3345 0.3345 0.32 0.32 0.32 0.3265 0.3265 0.3205 0.3205 0.3245 0.3245 0.3245 0.3235 0.3235 0.3445 0.3445 0.399 0.399 0.4235 0.4235 0.4235 0.367 0.367 0.3805 0.3805 0.3445 0.3445 0.3445 0.262 0.262 0.3721 0.3721 0.388 0.388 0.388 0.4945 0.4945 0.5051 0.5051 0.444 0.444
0.3656 0.3656 0.3656 0.3307 0.3307 0.3436 0.3436 0.3656 0.3656 0.3656 0.3351 0.3351 0.33 0.33 0.3475 0.3475 0.3675 0.3675 0.3675 0.361 0.361 0.3706 0.3706 0.3095 0.3095 0.3095 0.328 0.328 0.3275 0.3275 0.328 0.328 0.328 0.2955 0.2955 0.3345 0.3345 0.32 0.32 0.32 0.3265 0.3265 0.3205 0.3205 0.3245 0.3245 0.3245 0.3235 0.3235 0.3445 0.3445 0.399 0.399 0.4235 0.4235 0.4235 0.367 0.367 0.3805 0.3805 0.3445 0.3445 0.3445 0.262 0.262 0.3721 0.3721 0.388 0.388 0.388 0.4945 0.4945 0.5051 0.5051 0.444 0.444
0.339 0.339 0.339 0.3431 0.3431 0.3681 0.3681 0.4226 0.4226 0.4226 0.3825 0.3825 0.3165 0.3165 0.3501 0.3501 0.391 0.391 0.391 0.4345 0.4345 0.3946 0.3946 0.3746 0.3746 0.3746 0.335 0.335 0.359 0.359 0.322 0.322 0.322 0.328 0.328 0.3315 0.3315 0.349 0.349 0.349 0.3595 0.3595 0.376 0.376 0.3875 0.3875 0.3875 0.3985 0.3985 0.393 0.393 0.417 0.417 0.442 0.442 0.442 0.454 0.454 0.4816 0.4816 0.397 0.397 0.397 0.3715 0.3715 0.2775 0.2775 0.425 0.425 0.425 0.4986 0.4986 0.455 0.455 0.5165 0.5165
