ndvi/NOAA-205.asc
ncols         252
nrows         154
xllcorner     -18.017974
yllcorner     13.481982
cellsize      0.035948
NODATA_value  -9999
[rows 70 to 104 of 154, columns 154 to 230 of 252]
0.1565 0.1645 0.1645 0.16 0.16 0.16 0.1595 0.1595 0.1805 0.1805 0.175 0.175 0.221 0.221 0.221 0.221 0.221 0.2175 0.2175 0.222 0.222 0.222 0.221 0.221 0.224 0.224 0.218 0.218 0.218 0.219 0.219 0.2165 0.2165 0.2215 0.2215 0.2215 0.208 0.208 0.2185 0.2185 0.2135 0.2135 0.2135 0.2155 0.2155 0.209 0.209 0.212 0.212 0.209 0.209 0.209 0.217 0.217 0.2245 0.2245 0.229 0.229 0.229 0.226 0.226 0.2235 0.2235 0.215 0.215 0.215 0.1985 0.1985 0.201 0.201 0.2135 0.2135 0.2135 0.2085 0.2085 0.2075 0.2075
0.175 0.1855 0.1855 0.181 0.181 0.181 0.1735 0.1735 0.186 0.186 0.169 0.169 0.2245 0.2245 0.2245 0.219 0.219 0.2355 0.2355 0.217 0.217 0.217 0.2165 0.2165 0.2185 0.2185 0.216 0.216 0.216 0.2165 0.2165 0.2135 0.2135 0.21 0.21 0.21 0.2115 0.2115 0.2085 0.2085 0.2165 0.2165 0.2165 0.2215 0.2215 0.221 0.221 0.2185 0.2185 0.228 0.228 0.228 0.229 0.229 0.225 0.225 0.2155 0.2155 0.2155 0.2225 0.2225 0.222 0.222 0.2215 0.2215 0.2215 0.2105 0.2105 0.21 0.21 0.208 0.208 0.208 0.2155 0.2155 0.224 0.224
0.175 0.1855 0.1855 0.181 0.181 0.181 0.1735 0.1735 0.186 0.186 0.169 0.169 0.2245 0.2245 0.2245 0.219 0.219 0.2355 0.2355 0.217 0.217 0.217 0.2165 0.2165 0.2185 0.2185 0.216 0.216 0.216 0.2165 0.2165 0.2135 0.2135 0.21 0.21 0.21 0.2115 0.2115 0.2085 0.2085 0.2165 0.2165 0.2165 0.2215 0.2215 0.221 0.221 0.2185 0.2185 0.228 0.228 0.228 0.229 0.229 0.225 0.225 0.2155 0.2155 0.2155 0.2225 0.2225 0.222 0.222 0.2215 0.2215 0.2215 0.2105 0.2105 0.21 0.21 0.208 0.208 0.208 0.2155 0.2155 0.224 0.224
0.175 0.1855 0.1855 0.181 0.181 0.181 0.1735 0.1735 0.186 0.186 0.169 0.169 0.2245 0.2245 0.2245 0.219 0.219 0.2355 0.2355 0.217 0.217 0.217 0.2165 0.2165 0.2185 0.2185 0.216 0.216 0.216 0.2165 0.2165 0.2135 0.2135 0.21 0.21 0.21 0.2115 0.2115 0.2085 0.2085 0.2165 0.2165 0.2165 0.2215 0.2215 0.221 0.221 0.2185 0.2185 0.228 0.228 0.228 0.229 0.229 0.225 0.225 0.2155 0.2155 0.2155 0.2225 0.2225 0.222 0.222 0.2215 0.2215 0.2215 0.2105 0.2105 0.21 0.21 0.208 0.208 0.208 0.2155 0.2155 0.224 0.224
0.188 0.1785 0.1785 0.184 0.184 0.184 0.1905 0.1905 0.1815 0.1815 0.1805 0.1805 0.2155 0.2155 0.2155 0.216 0.216 0.216 0.216 0.214 0.214 0.214 0.214 0.214 0.216 0.216 0.222 0.222 0.222 0.2235 0.2235 0.2185 0.2185 0.214 0.214 0.214 0.2205 0.2205 0.233 0.233 0.229 0.229 0.229 0.236 0.236 0.231 0.231 0.228 0.228 0.233 0.233 0.233 0.225 0.225 0.2155 0.2155 0.21 0.21 0.21 0.2255 0.2255 0.223 0.223 0.2275 0.2275 0.2275 0.221 0.221 0.2055 0.2055 0.211 0.211 0.211 0.225 0.225 0.237 0.237
0.188 0.1785 0.1785 0.184 0.184 0.184 0.1905 0.1905 0.1815 0.1815 0.1805 0.1805 0.2155 0.2155 0.2155 0.216 0.216 0.216 0.216 0.214 0.214 0.214 0.214 0.214 0.216 0.216 0.222 0.222 0.222 0.2235 0.2235 0.2185 0.2185 0.214 0.214 0.214 0.2205 0.2205 0.233 0.233 0.229 0.229 0.229 0.236 0.236 0.231 0.231 0.228 0.228 0.233 0.233 0.233 0.225 0.225 0.2155 0.2155 0.21 0.21 0.21 0.2255 0.2255 0.223 0.223 0.2275 0.2275 0.2275 0.221 0.221 0.2055 0.2055 0.211 0.211 0.211 0.225 0.225 0.237 0.237
0.1725 0.188 0.188 0.187 0.187 0.187 0.1705 0.1705 0.174 0.174 0.178 0.178 0.2135 0.2135 0.2135 0.2265 0.2265 0.222 0.222 0.228 0.228 0.228 0.216 0.216 0.2195 0.2195 0.221 0.221 0.221 0.226 0.226 0.2275 0.2275 0.2255 0.2255 0.2255 0.227 0.227 0.239 0.239 0.2525 0.2525 0.2525 0.251 0.251 0.243 0.243 0.2255 0.2255 0.2275 0.2275 0.2275 0.223 0.223 0.204 0.204 0.218 0.218 0.218 0.2155 0.2155 0.2165 0.2165 0.2205 0.2205 0.2205 0.22 0.22 0.2175 0.2175 0.226 0.226 0.226 0.2225 0.2225 0.2345 0.2345
0.1725 0.188 0.188 0.187 0.187 0.187 0.1705 0.1705 0.174 0.174 0.178 0.178 0.2135 0.2135 0.2135 0.2265 0.2265 0.222 0.222 0.228 0.228 0.228 0.216 0.216 0.2195 0.2195 0.221 0.221 0.221 0.226 0.226 0.2275 0.2275 0.2255 0.2255 0.2255 0.227 0.227 0.239 0.239 0.2525 0.2525 0.2525 0.251 0.251 0.243 0.243 0.2255 0.2255 0.2275 0.2275 0.2275 0.223 0.223 0.204 0.204 0.218 0.218 0.218 0.2155 0.2155 0.2165 0.2165 0.2205 0.2205 0.2205 0.22 0.22 0.2175 0.2175 0.226 0.226 0.226 0.2225 0.2225 0.2345 0.2345
0.1475 0.1565 0.1565 0.1615 0.1615 0.1615 0.1665 0.1665 0.1755 0.1755 0.178 0.178 0.2065 0.2065 0.2065 0.2165 0.2165 0.219 0.219 0.21 0.21 0.21 0.204 0.204 0.215 0.215 0.226 0.226 0.226 0.2175 0.2175 0.2175 0.2175 0.235 0.235 0.235 0.2415 0.2415 0.249 0.249 0.2425 0.2425 0.2425 0.248 0.248 0.245 0.245 0.221 0.221 0.227 0.227 0.227 0.2285 0.2285 0.2265 0.2265 0.231 0.231 0.231 0.2345 0.2345 0.2405 0.2405 0.2425 0.2425 0.2425 0.241 0.241 0.222 0.222 0.2245 0.2245 0.2245 0.223 0.223 0.2305 0.2305
0.1475 0.1565 0.1565 0.1615 0.1615 0.1615 0.1665 0.1665 0.1755 0.1755 0.178 0.178 0.2065 0.2065 0.2065 0.2165 0.2165 0.219 0.219 0.21 0.21 0.21 0.204 0.204 0.215 0.215 0.226 0.226 0.226 0.2175 0.2175 0.2175 0.2175 0.235 0.235 0.235 0.2415 0.2415 0.249 0.249 0.2425 0.2425 0.2425 0.248 0.248 0.245 0.245 0.221 0.221 0.227 0.227 0.227 0.2285 0.2285 0.2265 0.2265 0.231 0.231 0.231 0.2345 0.2345 0.2405 0.2405 0.2425 0.2425 0.2425 0.241 0.241 0.222 0.222 0.2245 0.2245 0.2245 0.223 0.223 0.2305 0.2305
0.1475 0.1495 0.1495 0.163 0.163 0.163 0.1625 0.1625 0.1595 0.1595 0.1745 0.1745 0.211 0.211 0.211 0.214 0.214 0.229 0.229 0.2165 0.2165 0.2165 0.208 0.208 0.2255 0.2255 0.236 0.236 0.236 0.2355 0.2355 0.227 0.227 0.235 0.235 0.235 0.238 0.238 0.24 0.24 0.2415 0.2415 0.2415 0.2375 0.2375 0.2315 0.2315 0.2185 0.2185 0.235 0.235 0.235 0.228 0.228 0.245 0.245 0.249 0.249 0.249 0.2595 0.2595 0.265 0.265 0.252 0.252 0.252 0.245 0.245 0.238 0.238 0.232 0.232 0.232 0.2425 0.2425 0.248 0.248
0.1475 0.1495 0.1495 0.163 0.163 0.163 0.1625 0.1625 0.1595 0.1595 0.1745 0.1745 0.211 0.211 0.211 0.214 0.214 0.229 0.229 0.2165 0.2165 0.2165 0.208 0.208 0.2255 0.2255 0.236 0.236 0.236 0.2355 0.2355 0.227 0.227 0.235 0.235 0.235 0.238 0.238 0.24 0.24 0.2415 0.2415 0.2415 0.2375 0.2375 0.2315 0.2315 0.2185 0.2185 0.235 0.235 0.235 0.228 0.228 0.245 0.245 0.249 0.249 0.249 0.2595 0.2595 0.265 0.265 0.252 0.252 0.252 0.245 0.245 0.238 0.238 0.232 0.232 0.232 0.2425 0.2425 0.248 0.248
0.1475 0.1495 0.1495 0.163 0.163 0.163 0.1625 0.1625 0.1595 0.1595 0.1745 0.1745 0.211 0.211 0.211 0.214 0.214 0.229 0.229 0.2165 0.2165 0.2165 0.208 0.208 0.2255 0.2255 0.236 0.236 0.236 0.2355 0.2355 0.227 0.227 0.235 0.235 0.235 0.238 0.238 0.24 0.24 0.2415 0.2415 0.2415 0.2375 0.2375 0.2315 0.2315 0.2185 0.2185 0.235 0.235 0.235 0.228 0.228 0.245 0.245 0.249 0.249 0.249 0.2595 0.2595 0.265 0.265 0.252 0.252 0.252 0.245 0.245 0.238 0.238 0.232 0.232 0.232 0.2425 0.2425 0.248 0.248
0.1525 0.166 0.166 0.1675 0.1675 0.1675 0.1565 0.1565 0.1485 0.1485 0.222 0.222 0.2305 0.2305 0.2305 0.237 0.237 0.249 0.249 0.235 0.235 0.235 0.233 0.233 0.225 0.225 0.231 0.231 0.231 0.242 0.242 0.2155 0.2155 0.221 0.221 0.221 0.2355 0.2355 0.241 0.241 0.241 0.241 0.241 0.2365 0.2365 0.2245 0.2245 0.2315 0.2315 0.243 0.243 0.243 0.262 0.262 0.253 0.253 0.263 0.263 0.263 0.2665 0.2665 0.2615 0.2615 0.255 0.255 0.255 0.2545 0.2545 0.2495 0.2495 0.2565 0.2565 0.2565 0.24 0.24 0.244 0.244
0.1525 0.166 0.166 0.1675 0.1675 0.1675 0.1565 0.1565 0.1485 0.1485 0.222 0.222 0.2305 0.2305 0.2305 0.237 0.237 0.249 0.249 0.235 0.235 0.235 0.233 0.233 0.225 0.225 0.231 0.231 0.231 0.242 0.242 0.2155 0.2155 0.221 0.221 0.221 0.2355 0.2355 0.241 0.241 0.241 0.241 0.241 0.2365 0.2365 0.2245 0.2245 0.2315 0.2315 0.243 0.243 0.243 0.262 0.262 0.253 0.253 0.263 0.263 0.263 0.2665 0.2665 0.2615 0.2615 0.255 0.255 0.255 0.2545 0.2545 0.2495 0.2495 0.2565 0.2565 0.2565 0.24 0.24 0.244 0.244
0.162 0.175 0.175 0.1845 0.1845 0.1845 0.183 0.183 0.205 0.205 0.2385 0.2385 0.2425 0.2425 0.2425 0.2425 0.2425 0.259 0.259 0.266 0.266 0.266 0.248 0.248 0.2385 0.2385 0.2315 0.2315 0.2315 0.237 0.237 0.227 0.227 0.2305 0.2305 0.2305 0.226 0.226 0.2345 0.2345 0.247 0.247 0.247 0.249 0.249 0.258 0.258 0.2425 0.2425 0.2575 0.2575 0.2575 0.245 0.245 0.264 0.264 0.2525 0.2525 0.2525 0.25 0.25 0.247 0.247 0.2515 0.2515 0.2515 0.2555 0.2555 0.258 0.258 0.2545 0.2545 0.2545 0.2565 0.2565 0.2535 0.2535
0.162 0.175 0.175 0.1845 0.1845 0.1845 0.183 0.183 0.205 0.205 0.2385 0.2385 0.2425 0.2425 0.2425 0.2425 0.2425 0.259 0.259 0.266 0.266 0.266 0.248 0.248 0.2385 0.2385 0.2315 0.2315 0.2315 0.237 0.237 0.227 0.227 0.2305 0.2305 0.2305 0.226 0.226 0.2345 0.2345 0.247 0.247 0.247 0.249 0.249 0.258 0.258 0.2425 0.2425 0.2575 0.2575 0.2575 0.245 0.245 0.264 0.264 0.2525 0.2525 0.2525 0.25 0.25 0.247 0.247 0.2515 0.2515 0.2515 0.2555 0.2555 0.258 0.258 0.2545 0.2545 0.2545 0.2565 0.2565 0.2535 0.2535
0.197 0.1965 0.1965 0.1855 0.1855 0.1855 0.1675 0.1675 0.191 0.191 0.251 0.251 0.2455 0.2455 0.2455 0.242 0.242 0.2535 0.2535 0.26 0.26 0.26 0.261 0.261 0.256 0.256 0.25 0.25 0.25 0.2245 0.2245 0.2195 0.2195 0.23 0.23 0.23 0.2255 0.2255 0.2305 0.2305 0.2435 0.2435 0.2435 0.254 0.254 0.25 0.25 0.2665 0.2665 0.2495 0.2495 0.2495 0.2485 0.2485 0.252 0.252 0.2445 0.2445 0.2445 0.264 0.264 0.2565 0.2565 0.261 0.261 0.261 0.262 0.262 0.2615 0.2615 0.264 0.264 0.264 0.27 0.27 0.2525 0.2525
0.197 0.1965 0.1965 0.1855 0.1855 0.1855 0.1675 0.1675 0.191 0.191 0.251 0.251 0.2455 0.2455 0.2455 0.242 0.242 0.2535 0.2535 0.26 0.26 0.26 0.261 0.261 0.256 0.256 0.25 0.25 0.25 0.2245 0.2245 0.2195 0.2195 0.23 0.23 0.23 0.2255 0.2255 0.2305 0.2305 0.2435 0.2435 0.2435 0.254 0.254 0.25 0.25 0.2665 0.2665 0.2495 0.2495 0.2495 0.2485 0.2485 0.252 0.252 0.2445 0.2445 0.2445 0.264 0.264 0.2565 0.2565 0.261 0.261 0.261 0.262 0.262 0.2615 0.2615 0.264 0.264 0.264 0.27 0.27 0.2525 0.2525
0.197 0.1965 0.1965 0.1855 0.1855 0.1855 0.1675 0.1675 0.191 0.191 0.251 0.251 0.2455 0.2455 0.2455 0.242 0.242 0.2535 0.2535 0.26 0.26 0.26 0.261 0.261 0.256 0.256 0.25 0.25 0.25 0.2245 0.2245 0.2195 0.2195 0.23 0.23 0.23 0.2255 0.2255 0.2305 0.2305 0.2435 0.2435 0.2435 0.254 0.254 0.25 0.25 0.2665 0.2665 0.2495 0.2495 0.2495 0.2485 0.2485 0.252 0.252 0.2445 0.2445 0.2445 0.264 0.264 0.2565 0.2565 0.261 0.261 0.261 0.262 0.262 0.2615 0.2615 0.264 0.264 0.264 0.27 0.27 0.2525 0.2525
0.1845 0.1925 0.1925 0.1995 0.1995 0.1995 0.192 0.192 0.2175 0.2175 0.247 0.247 0.269 0.269 0.269 0.2595 0.2595 0.2625 0.2625 0.2545 0.2545 0.2545 0.244 0.244 0.2385 0.2385 0.2345 0.2345 0.2345 0.219 0.219 0.222 0.222 0.225 0.225 0.225 0.249 0.249 0.249 0.249 0.249 0.249 0.249 0.256 0.256 0.258 0.258 0.2575 0.2575 0.256 0.256 0.256 0.255 0.255 0.245 0.245 0.249 0.249 0.249 0.2515 0.2515 0.256 0.256 0.246 0.246 0.246 0.261 0.261 0.249 0.249 0.2695 0.2695 0.2695 0.279 0.279 0.2625 0.2625
0.1845 0.1925 0.1925 0.1995 0.1995 0.1995 0.192 0.192 0.2175 0.2175 0.247 0.247 0.269 0.269 0.269 0.2595 0.2595 0.2625 0.2625 0.2545 0.2545 0.2545 0.244 0.244 0.2385 0.2385 0.2345 0.2345 0.2345 0.219 0.219 0.222 0.222 0.225 0.225 0.225 0.249 0.249 0.249 0.249 0.249 0.249 0.249 0.256 0.256 0.258 0.258 0.2575 0.2575 0.256 0.256 0.256 0.255 0.255 0.245 0.245 0.249 0.249 0.249 0.2515 0.2515 0.256 0.256 0.246 0.246 0.246 0.261 0.261 0.249 0.249 0.2695 0.2695 0.2695 0.279 0.279 0.2625 0.2625
0.2425 0.196 0.196 0.2045 0.2045 0.2045 0.1995 0.1995 0.216 0.216 0.2345 0.2345 0.254 0.254 0.254 0.2585 0.2585 0.2585 0.2585 0.2575 0.2575 0.2575 0.2655 0.2655 0.264 0.264 0.226 0.226 0.226 0.2225 0.2225 0.2315 0.2315 0.2325 0.2325 0.2325 0.2535 0.2535 0.254 0.254 0.2455 0.2455 0.2455 0.262 0.262 0.2545 0.2545 0.2625 0.2625 0.265 0.265 0.265 0.2485 0.2485 0.2485 0.2485 0.252 0.252 0.252 0.241 0.241 0.238 0.238 0.2585 0.2585 0.2585 0.2555 0.2555 0.255 0.255 0.2745 0.2745 0.2745 0.2785 0.2785 0.285 0.285
0.2425 0.196 0.196 0.2045 0.2045 0.2045 0.1995 0.1995 0.216 0.216 0.2345 0.2345 0.254 0.254 0.254 0.2585 0.2585 0.2585 0.2585 0.2575 0.2575 0.2575 0.2655 0.2655 0.264 0.264 0.226 0.226 0.226 0.2225 0.2225 0.2315 0.2315 0.2325 0.2325 0.2325 0.2535 0.2535 0.254 0.254 0.2455 0.2455 0.2455 0.262 0.262 0.2545 0.2545 0.2625 0.2625 0.265 0.265 0.265 0.2485 0.2485 0.2485 0.2485 0.252 0.252 0.252 0.241 0.241 0.238 0.238 0.2585 0.2585 0.2585 0.2555 0.2555 0.255 0.255 0.2745 0.2745 0.2745 0.2785 0.2785 0.285 0.285
0.204 0.2135 0.2135 0.2095 0.2095 0.2095 0.2125 0.2125 0.2205 0.2205 0.2305 0.2305 0.2445 0.2445 0.2445 0.246 0.246 0.2485 0.2485 0.2405 0.2405 0.2405 0.2525 0.2525 0.2215 0.2215 0.2275 0.2275 0.2275 0.234 0.234 0.244 0.244 0.2565 0.2565 0.2565 0.2735 0.2735 0.2625 0.2625 0.2785 0.2785 0.2785 0.2745 0.2745 0.278 0.278 0.272 0.272 0.244 0.244 0.244 0.253 0.253 0.2495 0.2495 0.2465 0.2465 0.2465 0.239 0.239 0.236 0.236 0.2535 0.2535 0.2535 0.2575 0.2575 0.2615 0.2615 0.274 0.274 0.274 0.2615 0.2615 0.3065 0.3065
0.204 0.2135 0.2135 0.2095 0.2095 0.2095 0.2125 0.2125 0.2205 0.2205 0.2305 0.2305 0.2445 0.2445 0.2445 0.246 0.246 0.2485 0.2485 0.2405 0.2405 0.2405 0.2525 0.2525 0.2215 0.2215 0.2275 0.2275 0.2275 0.234 0.234 0.244 0.244 0.2565 0.2565 0.2565 0.2735 0.2735 0.2625 0.2625 0.2785 0.2785 0.2785 0.2745 0.2745 0.278 0.278 0.272 0.272 0.244 0.244 0.244 0.253 0.253 0.2495 0.2495 0.2465 0.2465 0.2465 0.239 0.239 0.236 0.236 0.2535 0.2535 0.2535 0.2575 0.2575 0.2615 0.2615 0.274 0.274 0.274 0.2615 0.2615 0.3065 0.3065
0.204 0.2135 0.2135 0.2095 0.2095 0.2095 0.2125 0.2125 0.2205 0.2205 0.2305 0.2305 0.2445 0.2445 0.2445 0.246 0.246 0.2485 0.2485 0.2405 0.2405 0.2405 0.2525 0.2525 0.2215 0.2215 0.2275 0.2275 0.2275 0.234 0.234 0.244 0.244 0.2565 0.2565 0.2565 0.2735 0.2735 0.2625 0.2625 0.2785 0.2785 0.2785 0.2745 0.2745 0.278 0.278 0.272 0.272 0.244 0.244 0.244 0.253 0.253 0.2495 0.2495 0.2465 0.2465 0.2465 0.239 0.239 0.236 0.236 0.2535 0.2535 0.2535 0.2575 0.2575 0.2615 0.2615 0.274 0.274 0.274 0.2615 0.2615 0.3065 0.3065
0.234 0.217 0.217 0.234 0.234 0.234 0.2265 0.2265 0.2255 0.2255 0.218 0.218 0.2305 0.2305 0.2305 0.231 0.231 0.228 0.228 0.2595 0.2595 0.2595 0.2535 0.2535 0.224 0.224 0.23 0.23 0.23 0.235 0.235 0.251 0.251 0.2525 0.2525 0.2525 0.24 0.24 0.251 0.251 0.282 0.282 0.282 0.271 0.271 0.2895 0.2895 0.268 0.268 0.2435 0.2435 0.2435 0.269 0.269 0.225 0.225 0.2255 0.2255 0.2255 0.2465 0.2465 0.2495 0.2495 0.251 0.251 0.251 0.2365 0.2365 0.2515 0.2515 0.2515 0.2515 0.2515 0.2525 0.2525 0.295 0.295
0.234 0.217 0.217 0.234 0.234 0.234 0.2265 0.2265 0.2255 0.2255 0.218 0.218 0.2305 0.2305 0.2305 0.231 0.231 0.228 0.228 0.2595 0.2595 0.2595 0.2535 0.2535 0.224 0.224 0.23 0.23 0.23 0.235 0.235 0.251 0.251 0.2525 0.2525 0.2525 0.24 0.24 0.251 0.251 0.282 0.282 0.282 0.271 0.271 0.2895 0.2895 0.268 0.268 0.2435 0.2435 0.2435 0.269 0.269 0.225 0.225 0.2255 0.2255 0.2255 0.2465 0.2465 0.2495 0.2495 0.251 0.251 0.251 0.2365 0.2365 0.2515 0.2515 0.2515 0.2515 0.2515 0.2525 0.2525 0.295 0.295
0.2315 0.223 0.223 0.216 0.216 0.216 0.2035 0.2035 0.2355 0.2355 0.2325 0.2325 0.2325 0.2325 0.2325 0.2175 0.2175 0.253 0.253 0.267 0.267 0.267 0.244 0.244 0.229 0.229 0.2335 0.2335 0.2335 0.239 0.239 0.2505 0.2505 0.264 0.264 0.264 0.245 0.245 0.25 0.25 0.271 0.271 0.271 0.2695 0.2695 0.259 0.259 0.27 0.27 0.277 0.277 0.277 0.2755 0.2755 0.2505 0.2505 0.257 0.257 0.257 0.22 0.22 0.2225 0.2225 0.247 0.247 0.247 0.222 0.222 0.228 0.228 0.2425 0.2425 0.2425 0.2545 0.2545 0.2735 0.2735
0.2315 0.223 0.223 0.216 0.216 0.216 0.2035 0.2035 0.2355 0.2355 0.2325 0.2325 0.2325 0.2325 0.2325 0.2175 0.2175 0.253 0.253 0.267 0.267 0.267 0.244 0.244 0.229 0.229 0.2335 0.2335 0.2335 0.239 0.239 0.2505 0.2505 0.264 0.264 0.264 0.245 0.245 0.25 0.25 0.271 0.271 0.271 0.2695 0.2695 0.259 0.259 0.27 0.27 0.277 0.277 0.277 0.2755 0.2755 0.2505 0.2505 0.257 0.257 0.257 0.22 0.22 0.2225 0.2225 0.247 0.247 0.247 0.222 0.222 0.228 0.228 0.2425 0.2425 0.2425 0.2545 0.2545 0.2735 0.2735
0.239 0.225 0.225 0.2495 0.2495 0.2495 0.2175 0.2175 0.2265 0.2265 0.245 0.245 0.2465 0.2465 0.2465 0.2455 0.2455 0.2605 0.2605 0.258 0.258 0.258 0.2505 0.2505 0.2425 0.2425 0.255 0.255 0.255 0.239 0.239 0.25 0.25 0.2505 0.2505 0.2505 0.2545 0.2545 0.2505 0.2505 0.2435 0.2435 0.2435 0.252 0.252 0.2475 0.2475 0.2755 0.2755 0.2675 0.2675 0.2675 0.2505 0.2505 0.2285 0.2285 0.222 0.222 0.222 0.2345 0.2345 0.253 0.253 0.2265 0.2265 0.2265 0.218 0.218 0.23 0.23 0.2375 0.2375 0.2375 0.2355 0.2355 0.241 0.241
0.239 0.225 0.225 0.2495 0.2495 0.2495 0.2175 0.2175 0.2265 0.2265 0.245 0.245 0.2465 0.2465 0.2465 0.2455 0.2455 0.2605 0.2605 0.258 0.258 0.258 0.2505 0.2505 0.2425 0.2425 0.255 0.255 0.255 0.239 0.239 0.25 0.25 0.2505 0.2505 0.2505 0.2545 0.2545 0.2505 0.2505 0.2435 0.2435 0.2435 0.252 0.252 0.2475 0.2475 0.2755 0.2755 0.2675 0.2675 0.2675 0.2505 0.2505 0.2285 0.2285 0.222 0.222 0.222 0.2345 0.2345 0.253 0.253 0.2265 0.2265 0.2265 0.218 0.218 0.23 0.23 0.2375 0.2375 0.2375 0.2355 0.2355 0.241 0.241
0.2425 0.2545 0.2545 0.2535 0.2535 0.2535 0.219 0.219 0.246 0.246 0.2605 0.2605 0.246 0.246 0.246 0.2475 0.2475 0.261 0.261 0.255 0.255 0.255 0.2445 0.2445 0.2465 0.2465 0.245 0.245 0.245 0.265 0.265 0.251 0.251 0.268 0.268 0.268 0.2415 0.2415 0.245 0.245 0.246 0.246 0.246 0.27 0.27 0.2675 0.2675 0.2885 0.2885 0.2875 0.2875 0.2875 0.2715 0.2715 0.2265 0.2265 0.2235 0.2235 0.2235 0.218 0.218 0.222 0.222 0.2335 0.2335 0.2335 0.2405 0.2405 0.2475 0.2475 0.2375 0.2375 0.2375 0.2295 0.2295 0.222 0.222
0.2425 0.2545 0.2545 0.2535 0.2535 0.2535 0.219 0.219 0.246 0.246 0.2605 0.2605 0.246 0.246 0.246 0.2475 0.2475 0.261 0.261 0.255 0.255 0.255 0.2445 0.2445 0.2465 0.2465 0.245 0.245 0.245 0.265 0.265 0.251 0.251 0.268 0.268 0.268 0.2415 0.2415 0.245 0.245 0.246 0.246 0.246 0.27 0.27 0.2675 0.2675 0.2885 0.2885 0.2875 0.2875 0.2875 0.2715 0.2715 0.2265 0.2265 0.2235 0.2235 0.2235 0.218 0.218 0.222 0.222 0.2335 0.2335 0.2335 0.2405 0.2405 0.2475 0.2475 0.2375 0.2375 0.2375 0.2295 0.2295 0.222 0.222
