ndvi/NOAA-156.asc
ncols         252
nrows         154
xllcorner     -18.017974
yllcorner     13.481982
cellsize      0.035948
NODATA_value  -9999
[rows 102 to 135 of 154, columns 77 to 153 of 252]
0.284 0.284 0.2675 0.2675 0.27 0.27 0.2995 0.2995 0.2995 0.2825 0.2825 0.2665 0.2665 0.274 0.274 0.2665 0.2665 0.2665 0.3075 0.3075 0.298 0.298 0.315 0.315 0.315 0.284 0.284 0.3235 0.3235 0.3285 0.3285 0.3285 0.312 0.312 0.331 0.331 0.3095 0.3095 0.3095 0.3045 0.3045 0.285 0.285 0.297 0.297 0.297 0.3185 0.3185 0.3045 0.3045 0.2945 0.2945 0.29 0.29 0.29 0.2995 0.2995 0.2805 0.2805 0.249 0.249 0.249 0.261 0.261 0.323 0.323 0.2905 0.2905 0.2905 0.313 0.313 0.2665 0.2665 0.265 0.265 0.265 0.2585
0.2995 0.2995 0.287 0.287 0.285 0.285 0.3125 0.3125 0.3125 0.308 0.308 0.3155 0.3155 0.306 0.306 0.269 0.269 0.269 0.281 0.281 0.285 0.285 0.2775 0.2775 0.2775 0.3075 0.3075 0.3295 0.3295 0.295 0.295 0.295 0.3155 0.3155 0.3035 0.3035 0.329 0.329 0.329 0.315 0.315 0.288 0.288 0.301 0.301 0.301 0.328 0.328 0.297 0.297 0.2945 0.2945 0.2925 0.2925 0.2925 0.286 0.286 0.285 0.285 0.2875 0.2875 0.2875 0.2635 0.2635 0.283 0.283 0.2895 0.2895 0.2895 0.292 0.292 0.255 0.255 0.267 0.267 0.267 0.258
0.2995 0.2995 0.287 0.287 0.285 0.285 0.3125 0.3125 0.3125 0.308 0.308 0.3155 0.3155 0.306 0.306 0.269 0.269 0.269 0.281 0.281 0.285 0.285 0.2775 0.2775 0.2775 0.3075 0.3075 0.3295 0.3295 0.295 0.295 0.295 0.3155 0.3155 0.3035 0.3035 0.329 0.329 0.329 0.315 0.315 0.288 0.288 0.301 0.301 0.301 0.328 0.328 0.297 0.297 0.2945 0.2945 0.2925 0.2925 0.2925 0.286 0.286 0.285 0.285 0.2875 0.2875 0.2875 0.2635 0.2635 0.283 0.283 0.2895 0.2895 0.2895 0.292 0.292 0.255 0.255 0.267 0.267 0.267 0.258
0.2995 0.2995 0.287 0.287 0.285 0.285 0.3125 0.3125 0.3125 0.308 0.308 0.3155 0.3155 0.306 0.306 0.269 0.269 0.269 0.281 0.281 0.285 0.285 0.2775 0.2775 0.2775 0.3075 0.3075 0.3295 0.3295 0.295 0.295 0.295 0.3155 0.3155 0.3035 0.3035 0.329 0.329 0.329 0.315 0.315 0.288 0.288 0.301 0.301 0.301 0.328 0.328 0.297 0.297 0.2945 0.2945 0.2925 0.2925 0.2925 0.286 0.286 0.285 0.285 0.2875 0.2875 0.2875 0.2635 0.2635 0.283 0.283 0.2895 0.2895 0.2895 0.292 0.292 0.255 0.255 0.267 0.267 0.267 0.258
0.289 0.289 0.297 0.297 0.2975 0.2975 0.323 0.323 0.323 0.313 0.313 0.3195 0.3195 0.3095 0.3095 0.299 0.299 0.299 0.2895 0.2895 0.3185 0.3185 0.301 0.301 0.301 0.316 0.316 0.3205 0.3205 0.318 0.318 0.318 0.3125 0.3125 0.312 0.312 0.325 0.325 0.325 0.317 0.317 0.3245 0.3245 0.33 0.33 0.33 0.3045 0.3045 0.2985 0.2985 0.2955 0.2955 0.271 0.271 0.271 0.28 0.28 0.263 0.263 0.31 0.31 0.31 0.287 0.287 0.3055 0.3055 0.3105 0.3105 0.3105 0.268 0.268 0.283 0.283 0.2515 0.2515 0.2515 0.2585
0.289 0.289 0.297 0.297 0.2975 0.2975 0.323 0.323 0.323 0.313 0.313 0.3195 0.3195 0.3095 0.3095 0.299 0.299 0.299 0.2895 0.2895 0.3185 0.3185 0.301 0.301 0.301 0.316 0.316 0.3205 0.3205 0.318 0.318 0.318 0.3125 0.3125 0.312 0.312 0.325 0.325 0.325 0.317 0.317 0.3245 0.3245 0.33 0.33 0.33 0.3045 0.3045 0.2985 0.2985 0.2955 0.2955 0.271 0.271 0.271 0.28 0.28 0.263 0.263 0.31 0.31 0.31 0.287 0.287 0.3055 0.3055 0.3105 0.3105 0.3105 0.268 0.268 0.283 0.283 0.2515 0.2515 0.2515 0.2585
0.306 0.306 0.3065 0.3065 0.3165 0.3165 0.307 0.307 0.307 0.29 0.29 0.297 0.297 0.3065 0.3065 0.32 0.32 0.32 0.347 0.347 0.345 0.345 0.314 0.314 0.314 0.326 0.326 0.3135 0.3135 0.2895 0.2895 0.2895 0.3015 0.3015 0.3135 0.3135 0.324 0.324 0.324 0.293 0.293 0.298 0.298 0.354 0.354 0.354 0.292 0.292 0.311 0.311 0.306 0.306 0.2855 0.2855 0.2855 0.27 0.27 0.269 0.269 0.2845 0.2845 0.2845 0.3105 0.3105 0.328 0.328 0.353 0.353 0.353 0.3385 0.3385 0.3025 0.3025 0.2525 0.2525 0.2525 0.271
0.306 0.306 0.3065 0.3065 0.3165 0.3165 0.307 0.307 0.307 0.29 0.29 0.297 0.297 0.3065 0.3065 0.32 0.32 0.32 0.347 0.347 0.345 0.345 0.314 0.314 0.314 0.326 0.326 0.3135 0.3135 0.2895 0.2895 0.2895 0.3015 0.3015 0.3135 0.3135 0.324 0.324 0.324 0.293 0.293 0.298 0.298 0.354 0.354 0.354 0.292 0.292 0.311 0.311 0.306 0.306 0.2855 0.2855 0.2855 0.27 0.27 0.269 0.269 0.2845 0.2845 0.2845 0.3105 0.3105 0.328 0.328 0.353 0.353 0.353 0.3385 0.3385 0.3025 0.3025 0.2525 0.2525 0.2525 0.271
0.323 0.323 0.3165 0.3165 0.3045 0.3045 0.32 0.32 0.32 0.274 0.274 0.3155 0.3155 0.3295 0.3295 0.349 0.349 0.349 0.343 0.343 0.3375 0.3375 0.3215 0.3215 0.3215 0.332 0.332 0.321 0.321 0.317 0.317 0.317 0.3025 0.3025 0.3165 0.3165 0.3165 0.3165 0.3165 0.306 0.306 0.3615 0.3615 0.3675 0.3675 0.3675 0.3345 0.3345 0.3295 0.3295 0.32 0.32 0.2945 0.2945 0.2945 0.3546 0.3546 0.3356 0.3356 0.3135 0.3135 0.3135 0.304 0.304 0.302 0.302 0.309 0.309 0.309 0.399 0.399 0.377 0.377 0.2875 0.2875 0.2875 0.2615
0.323 0.323 0.3165 0.3165 0.3045 0.3045 0.32 0.32 0.32 0.274 0.274 0.3155 0.3155 0.3295 0.3295 0.349 0.349 0.349 0.343 0.343 0.3375 0.3375 0.3215 0.3215 0.3215 0.332 0.332 0.321 0.321 0.317 0.317 0.317 0.3025 0.3025 0.3165 0.3165 0.3165 0.3165 0.3165 0.306 0.306 0.3615 0.3615 0.3675 0.3675 0.3675 0.3345 0.3345 0.3295 0.3295 0.32 0.32 0.2945 0.2945 0.2945 0.3546 0.3546 0.3356 0.3356 0.3135 0.3135 0.3135 0.304 0.304 0.302 0.302 0.309 0.309 0.309 0.399 0.399 0.377 0.377 0.2875 0.2875 0.2875 0.2615
0.323 0.323 0.3165 0.3165 0.3045 0.3045 0.32 0.32 0.32 0.274 0.274 0.3155 0.3155 0.3295 0.3295 0.349 0.349 0.349 0.343 0.343 0.3375 0.3375 0.3215 0.3215 0.3215 0.332 0.332 0.321 0.321 0.317 0.317 0.317 0.3025 0.3025 0.3165 0.3165 0.3165 0.3165 0.3165 0.306 0.306 0.3615 0.3615 0.3675 0.3675 0.3675 0.3345 0.3345 0.3295 0.3295 0.32 0.32 0.2945 0.2945 0.2945 0.3546 0.3546 0.3356 0.3356 0.3135 0.3135 0.3135 0.304 0.304 0.302 0.302 0.309 0.309 0.309 0.399 0.399 0.377 0.377 0.2875 0.2875 0.2875 0.2615
0.331 0.331 0.3595 0.3595 0.367 0.367 0.35 0.35 0.35 0.317 0.317 0.3365 0.3365 0.299 0.299 0.307 0.307 0.307 0.3515 0.3515 0.327 0.327 0.3285 0.3285 0.3285 0.343 0.343 0.3305 0.3305 0.3195 0.3195 0.3195 0.306 0.306 0.324 0.324 0.3395 0.3395 0.3395 0.363 0.363 0.3115 0.3115 0.37 0.37 0.37 0.4275 0.4275 0.329 0.329 0.3245 0.3245 0.2815 0.2815 0.2815 0.2985 0.2985 0.3125 0.3125 0.3235 0.3235 0.3235 0.3205 0.3205 0.3215 0.3215 0.303 0.303 0.303 0.309 0.309 0.344 0.344 0.3185 0.3185 0.3185 0.317
0.331 0.331 0.3595 0.3595 0.367 0.367 0.35 0.35 0.35 0.317 0.317 0.3365 0.3365 0.299 0.299 0.307 0.307 0.307 0.3515 0.3515 0.327 0.327 0.3285 0.3285 0.3285 0.343 0.343 0.3305 0.3305 0.3195 0.3195 0.3195 0.306 0.306 0.324 0.324 0.3395 0.3395 0.3395 0.363 0.363 0.3115 0.3115 0.37 0.37 0.37 0.4275 0.4275 0.329 0.329 0.3245 0.3245 0.2815 0.2815 0.2815 0.2985 0.2985 0.3125 0.3125 0.3235 0.3235 0.3235 0.3205 0.3205 0.3215 0.3215 0.303 0.303 0.303 0.309 0.309 0.344 0.344 0.3185 0.3185 0.3185 0.317
0.336 0.336 0.331 0.331 0.3205 0.3205 0.347 0.347 0.347 0.302 0.302 0.3175 0.3175 0.309 0.309 0.338 0.338 0.338 0.3595 0.3595 0.2785 0.2785 0.325 0.325 0.325 0.318 0.318 0.3055 0.3055 0.307 0.307 0.307 0.304 0.304 0.3025 0.3025 0.325 0.325 0.325 0.341 0.341 0.3035 0.3035 0.379 0.379 0.379 0.3725 0.3725 0.324 0.324 0.338 0.338 0.3166 0.3166 0.3166 0.3271 0.3271 0.3035 0.3035 0.348 0.348 0.348 0.315 0.315 0.305 0.305 0.3335 0.3335 0.3335 0.3085 0.3085 0.336 0.336 0.3705 0.3705 0.3705 0.274
0.336 0.336 0.331 0.331 0.3205 0.3205 0.347 0.347 0.347 0.302 0.302 0.3175 0.3175 0.309 0.309 0.338 0.338 0.338 0.3595 0.3595 0.2785 0.2785 0.325 0.325 0.325 0.318 0.318 0.3055 0.3055 0.307 0.307 0.307 0.304 0.304 0.3025 0.3025 0.325 0.325 0.325 0.341 0.341 0.3035 0.3035 0.379 0.379 0.379 0.3725 0.3725 0.324 0.324 0.338 0.338 0.3166 0.3166 0.3166 0.3271 0.3271 0.3035 0.3035 0.348 0.348 0.348 0.315 0.315 0.305 0.305 0.3335 0.3335 0.3335 0.3085 0.3085 0.336 0.336 0.3705 0.3705 0.3705 0.274
0.3495 0.3495 0.324 0.324 0.326 0.326 0.307 0.307 0.307 0.33 0.33 0.3315 0.3315 0.313 0.313 0.324 0.324 0.324 0.3345 0.3345 0.328 0.328 0.3515 0.3515 0.3515 0.33 0.33 0.3015 0.3015 0.3345 0.3345 0.3345 0.32 0.32 0.301 0.301 0.321 0.321 0.321 0.3235 0.3235 0.326 0.326 0.349 0.349 0.349 0.3375 0.3375 0.351 0.351 0.344 0.344 0.3435 0.3435 0.3435 0.3546 0.3546 0.3071 0.3071 0.3195 0.3195 0.3195 0.349 0.349 0.33 0.33 0.3225 0.3225 0.3225 0.329 0.329 0.3015 0.3015 0.338 0.338 0.338 0.3035
0.3495 0.3495 0.324 0.324 0.326 0.326 0.307 0.307 0.307 0.33 0.33 0.3315 0.3315 0.313 0.313 0.324 0.324 0.324 0.3345 0.3345 0.328 0.328 0.3515 0.3515 0.3515 0.33 0.33 0.3015 0.3015 0.3345 0.3345 0.3345 0.32 0.32 0.301 0.301 0.321 0.321 0.321 0.3235 0.3235 0.326 0.326 0.349 0.349 0.349 0.3375 0.3375 0.351 0.351 0.344 0.344 0.3435 0.3435 0.3435 0.3546 0.3546 0.3071 0.3071 0.3195 0.3195 0.3195 0.349 0.349 0.33 0.33 0.3225 0.3225 0.3225 0.329 0.329 0.3015 0.3015 0.338 0.338 0.338 0.3035
0.3495 0.3495 0.324 0.324 0.326 0.326 0.307 0.307 0.307 0.33 0.33 0.3315 0.3315 0.313 0.313 0.324 0.324 0.324 0.3345 0.3345 0.328 0.328 0.3515 0.3515 0.3515 0.33 0.33 0.3015 0.3015 0.3345 0.3345 0.3345 0.32 0.32 0.301 0.301 0.321 0.321 0.321 0.3235 0.3235 0.326 0.326 0.349 0.349 0.349 0.3375 0.3375 0.351 0.351 0.344 0.344 0.3435 0.3435 0.3435 0.3546 0.3546 0.3071 0.3071 0.3195 0.3195 0.3195 0.349 0.349 0.33 0.33 0.3225 0.3225 0.3225 0.329 0.329 0.3015 0.3015 0.338 0.338 0.338 0.3035
0.365 0.365 0.3245 0.3245 0.3005 0.3005 0.3225 0.3225 0.3225 0.318 0.318 0.323 0.323 0.3155 0.3155 0.305 0.305 0.305 0.3215 0.3215 0.383 0.383 0.341 0.341 0.341 0.3365 0.3365 0.308 0.308 0.334 0.334 0.334 0.32 0.32 0.342 0.342 0.3345 0.3345 0.3345 0.364 0.364 0.349 0.349 0.3755 0.3755 0.3755 0.3605 0.3605 0.332 0.332 0.3705 0.3705 0.3795 0.3795 0.3795 0.297 0.297 0.2915 0.2915 0.314 0.314 0.314 0.328 0.328 0.3555 0.3555 0.34 0.34 0.34 0.3095 0.3095 0.3105 0.3105 0.2965 0.2965 0.2965 0.282
0.365 0.365 0.3245 0.3245 0.3005 0.3005 0.3225 0.3225 0.3225 0.318 0.318 0.323 0.323 0.3155 0.3155 0.305 0.305 0.305 0.3215 0.3215 0.383 0.383 0.341 0.341 0.341 0.3365 0.3365 0.308 0.308 0.334 0.334 0.334 0.32 0.32 0.342 0.342 0.3345 0.3345 0.3345 0.364 0.364 0.349 0.349 0.3755 0.3755 0.3755 0.3605 0.3605 0.332 0.332 0.3705 0.3705 0.3795 0.3795 0.3795 0.297 0.297 0.2915 0.2915 0.314 0.314 0.314 0.328 0.328 0.3555 0.3555 0.34 0.34 0.34 0.3095 0.3095 0.3105 0.3105 0.2965 0.2965 0.2965 0.282
0.3085 0.3085 0.269 0.269 0.327 0.327 0.3435 0.3435 0.3435 0.31 0.31 0.316 0.316 0.309 0.309 0.316 0.316 0.316 0.3115 0.3115 0.322 0.322 0.3145 0.3145 0.3145 0.3235 0.3235 0.322 0.322 0.3405 0.3405 0.3405 0.3505 0.3505 0.3795 0.3795 0.3535 0.3535 0.3535 0.3835 0.3835 0.3545 0.3545 0.3775 0.3775 0.3775 0.3975 0.3975 0.398 0.398 0.3545 0.3545 0.4055 0.4055 0.4055 0.333 0.333 0.3305 0.3305 0.344 0.344 0.344 0.365 0.365 0.33 0.33 0.329 0.329 0.329 0.341 0.341 0.3265 0.3265 0.3325 0.3325 0.3325 0.286
0.3085 0.3085 0.269 0.269 0.327 0.327 0.3435 0.3435 0.3435 0.31 0.31 0.316 0.316 0.309 0.309 0.316 0.316 0.316 0.3115 0.3115 0.322 0.322 0.3145 0.3145 0.3145 0.3235 0.3235 0.322 0.322 0.3405 0.3405 0.3405 0.3505 0.3505 0.3795 0.3795 0.3535 0.3535 0.3535 0.3835 0.3835 0.3545 0.3545 0.3775 0.3775 0.3775 0.3975 0.3975 0.398 0.398 0.3545 0.3545 0.4055 0.4055 0.4055 0.333 0.333 0.3305 0.3305 0.344 0.344 0.344 0.365 0.365 0.33 0.33 0.329 0.329 0.329 0.341 0.341 0.3265 0.3265 0.3325 0.3325 0.3325 0.286
0.363 0.363 0.354 0.354 0.303 0.303 0.318 0.318 0.318 0.315 0.315 0.3515 0.3515 0.351 0.351 0.3395 0.3395 0.3395 0.346 0.346 0.327 0.327 0.324 0.324 0.324 0.346 0.346 0.331 0.331 0.328 0.328 0.328 0.353 0.353 0.373 0.373 0.392 0.392 0.392 0.3855 0.3855 0.3845 0.3845 0.346 0.346 0.346 0.3275 0.3275 0.333 0.333 0.322 0.322 0.3335 0.3335 0.3335 0.3445 0.3445 0.3225 0.3225 0.347 0.347 0.347 0.3475 0.3475 0.35 0.35 0.3145 0.3145 0.3145 0.3165 0.3165 0.316 0.316 0.3125 0.3125 0.3125 0.3065
0.363 0.363 0.354 0.354 0.303 0.303 0.318 0.318 0.318 0.315 0.315 0.3515 0.3515 0.351 0.351 0.3395 0.3395 0.3395 0.346 0.346 0.327 0.327 0.324 0.324 0.324 0.346 0.346 0.331 0.331 0.328 0.328 0.328 0.353 0.353 0.373 0.373 0.392 0.392 0.392 0.3855 0.3855 0.3845 0.3845 0.346 0.346 0.346 0.3275 0.3275 0.333 0.333 0.322 0.322 0.3335 0.3335 0.3335 0.3445 0.3445 0.3225 0.3225 0.347 0.347 0.347 0.3475 0.3475 0.35 0.35 0.3145 0.3145 0.3145 0.3165 0.3165 0.316 0.316 0.3125 0.3125 0.3125 0.3065
0.3655 0.3655 0.3695 0.3695 0.341 0.341 0.344 0.344 0.344 0.3445 0.3445 0.347 0.347 0.319 0.319 0.3725 0.3725 0.3725 0.3475 0.3475 0.3155 0.3155 0.301 0.301 0.301 0.317 0.317 0.323 0.323 0.3205 0.3205 0.3205 0.322 0.322 0.3615 0.3615 0.3395 0.3395 0.3395 0.312 0.312 0.3285 0.3285 0.3135 0.3135 0.3135 0.3385 0.3385 0.325 0.325 0.32 0.32 0.323 0.323 0.323 0.3245 0.3245 0.3365 0.3365 0.3045 0.3045 0.3045 0.355 0.355 0.329 0.329 0.305 0.305 0.305 0.303 0.303 0.282 0.282 0.299 0.299 0.299 0.2935
0.3655 0.3655 0.3695 0.3695 0.341 0.341 0.344 0.344 0.344 0.3445 0.3445 0.347 0.347 0.319 0.319 0.3725 0.3725 0.3725 0.3475 0.3475 0.3155 0.3155 0.301 0.301 0.301 0.317 0.317 0.323 0.323 0.3205 0.3205 0.3205 0.322 0.322 0.3615 0.3615 0.3395 0.3395 0.3395 0.312 0.312 0.3285 0.3285 0.3135 0.3135 0.3135 0.3385 0.3385 0.325 0.325 0.32 0.32 0.323 0.323 0.323 0.3245 0.3245 0.3365 0.3365 0.3045 0.3045 0.3045 0.355 0.355 0.329 0.329 0.305 0.305 0.305 0.303 0.303 0.282 0.282 0.299 0.299 0.299 0.2935
0.3655 0.3655 0.3695 0.3695 0.341 0.341 0.344 0.344 0.344 0.3445 0.3445 0.347 0.347 0.319 0.319 0.3725 0.3725 0.3725 0.3475 0.3475 0.3155 0.3155 0.301 0.301 0.301 0.317 0.317 0.323 0.323 0.3205 0.3205 0.3205 0.322 0.322 0.3615 0.3615 0.3395 0.3395 0.3395 0.312 0.312 0.3285 0.3285 0.3135 0.3135 0.3135 0.3385 0.3385 0.325 0.325 0.32 0.32 0.323 0.323 0.323 0.3245 0.3245 0.3365 0.3365 0.3045 0.3045 0.3045 0.355 0.355 0.329 0.329 0.305 0.305 0.305 0.303 0.303 0.282 0.282 0.299 0.299 0.299 0.2935
0.382 0.382 0.381 0.381 0.3705 0.3705 0.364 0.364 0.364 0.355 0.355 0.327 0.327 0.328 0.328 0.351 0.351 0.351 0.329 0.329 0.35 0.35 0.3055 0.3055 0.3055 0.3535 0.3535 0.3205 0.3205 0.352 0.352 0.352 0.3365 0.3365 0.323 0.323 0.3315 0.3315 0.3315 0.3325 0.3325 0.326 0.326 0.3055 0.3055 0.3055 0.353 0.353 0.3605 0.3605 0.3585 0.3585 0.325 0.325 0.325 0.341 0.341 0.332 0.332 0.352 0.352 0.352 0.367 0.367 0.3095 0.3095 0.3325 0.3325 0.3325 0.3165 0.3165 0.3045 0.3045 0.328 0.328 0.328 0.2995
0.382 0.382 0.381 0.381 0.3705 0.3705 0.364 0.364 0.364 0.355 0.355 0.327 0.327 0.328 0.328 0.351 0.351 0.351 0.329 0.329 0.35 0.35 0.3055 0.3055 0.3055 0.3535 0.3535 0.3205 0.3205 0.352 0.352 0.352 0.3365 0.3365 0.323 0.323 0.3315 0.3315 0.3315 0.3325 0.3325 0.326 0.326 0.3055 0.3055 0.3055 0.353 0.353 0.3605 0.3605 0.3585 0.3585 0.325 0.325 0.325 0.341 0.341 0.332 0.332 0.352 0.352 0.352 0.367 0.367 0.3095 0.3095 0.3325 0.3325 0.3325 0.3165 0.3165 0.3045 0.3045 0.328 0.328 0.328 0.2995
0.373 0.373 0.373 0.373 0.3565 0.3565 0.3225 0.3225 0.3225 0.3425 0.3425 0.305 0.305 0.337 0.337 0.3455 0.3455 0.3455 0.334 0.334 0.349 0.349 0.3495 0.3495 0.3495 0.35 0.35 0.344 0.344 0.3455 0.3455 0.3455 0.3155 0.3155 0.342 0.342 0.3555 0.3555 0.3555 0.3375 0.3375 0.3095 0.3095 0.343 0.343 0.343 0.3425 0.3425 0.313 0.313 0.32 0.32 0.303 0.303 0.303 0.3455 0.3455 0.3375 0.3375 0.3315 0.3315 0.3315 0.3285 0.3285 0.3075 0.3075 0.3345 0.3345 0.3345 0.343 0.343 0.348 0.348 0.3475 0.3475 0.3475 0.321
0.373 0.373 0.373 0.373 0.3565 0.3565 0.3225 0.3225 0.3225 0.3425 0.3425 0.305 0.305 0.337 0.337 0.3455 0.3455 0.3455 0.334 0.334 0.349 0.349 0.3495 0.3495 0.3495 0.35 0.35 0.344 0.344 0.3455 0.3455 0.3455 0.3155 0.3155 0.342 0.342 0.3555 0.3555 0.3555 0.3375 0.3375 0.3095 0.3095 0.343 0.343 0.343 0.3425 0.3425 0.313 0.313 0.32 0.32 0.303 0.303 0.303 0.3455 0.3455 0.3375 0.3375 0.3315 0.3315 0.3315 0.3285 0.3285 0.3075 0.3075 0.3345 0.3345 0.3345 0.343 0.343 0.348 0.348 0.3475 0.3475 0.3475 0.321
0.34 0.34 0.328 0.328 0.352 0.352 0.3545 0.3545 0.3545 0.3235 0.3235 0.3645 0.3645 0.326 0.326 0.361 0.361 0.361 0.35 0.35 0.365 0.365 0.395 0.395 0.395 0.34 0.34 0.33 0.33 0.3155 0.3155 0.3155 0.32 0.32 0.3685 0.3685 0.344 0.344 0.344 0.3865 0.3865 0.355 0.355 0.3605 0.3605 0.3605 0.351 0.351 0.3335 0.3335 0.3475 0.3475 0.3575 0.3575 0.3575 0.3495 0.3495 0.337 0.337 0.345 0.345 0.345 0.327 0.327 0.3285 0.3285 0.3325 0.3325 0.3325 0.3765 0.3765 0.361 0.361 0.3255 0.3255 0.3255 0.3025
0.34 0.34 0.328 0.328 0.352 0.352 0.3545 0.3545 0.3545 0.3235 0.3235 0.3645 0.3645 0.326 0.326 0.361 0.361 0.361 0.35 0.35 0.365 0.365 0.395 0.395 0.395 0.34 0.34 0.33 0.33 0.3155 0.3155 0.3155 0.32 0.32 0.3685 0.3685 0.344 0.344 0.344 0.3865 0.3865 0.355 0.355 0.3605 0.3605 0.3605 0.351 0.351 0.3335 0.3335 0.3475 0.3475 0.3575 0.3575 0.3575 0.3495 0.3495 0.337 0.337 0.345 0.345 0.345 0.327 0.327 0.3285 0.3285 0.3325 0.3325 0.3325 0.3765 0.3765 0.361 0.361 0.3255 0.3255 0.3255 0.3025
0.34 0.34 0.328 0.328 0.352 0.352 0.3545 0.3545 0.3545 0.3235 0.3235 0.3645 0.3645 0.326 0.326 0.361 0.361 0.361 0.35 0.35 0.365 0.365 0.395 0.395 0.395 0.34 0.34 0.33 0.33 0.3155 0.3155 0.3155 0.32 0.32 0.3685 0.3685 0.344 0.344 0.344 0.3865 0.3865 0.355 0.355 0.3605 0.3605 0.3605 0.351 0.351 0.3335 0.3335 0.3475 0.3475 0.3575 0.3575 0.3575 0.3495 0.3495 0.337 0.337 0.345 0.345 0.345 0.327 0.327 0.3285 0.3285 0.3325 0.3325 0.3325 0.3765 0.3765 0.361 0.361 0.3255 0.3255 0.3255 0.3025
