ndvi/NOAA-349.asc
ncols         252
nrows         154
xllcorner     -18.017974
yllcorner     13.481982
cellsize      0.035948
NODATA_value  -9999
[rows 102 to 135 of 154, columns 77 to 153 of 252]
0.289 0.289 0.322 0.322 0.2935 0.2935 0.2975 0.2975 0.2975 0.2925 0.2925 0.273 0.273 0.289 0.289 0.2835 0.2835 0.2835 0.282 0.282 0.277 0.277 0.3165 0.3165 0.3165 0.353 0.353 0.3295 0.3295 0.321 0.321 0.321 0.3045 0.3045 0.3085 0.3085 0.2985 0.2985 0.2985 0.3595 0.3595 0.363 0.363 0.3525 0.3525 0.3525 0.402 0.402 0.3835 0.3835 0.3975 0.3975 0.357 0.357 0.357 0.291 0.291 0.299 0.299 0.2615 0.2615 0.2615 0.263 0.263 0.274 0.274 0.304 0.304 0.304 0.268 0.268 0.2775 0.2775 0.279 0.279 0.279 0.265
0.2965 0.2965 0.302 0.302 0.3175 0.3175 0.3555 0.3555 0.3555 0.3175 0.3175 0.329 0.329 0.278 0.278 0.2975 0.2975 0.2975 0.2905 0.2905 0.3155 0.3155 0.3345 0.3345 0.3345 0.3305 0.3305 0.289 0.289 0.2985 0.2985 0.2985 0.304 0.304 0.297 0.297 0.338 0.338 0.338 0.298 0.298 0.368 0.368 0.391 0.391 0.391 0.404 0.404 0.377 0.377 0.371 0.371 0.3455 0.3455 0.3455 0.3105 0.3105 0.308 0.308 0.265 0.265 0.265 0.2475 0.2475 0.3105 0.3105 0.314 0.314 0.314 0.3215 0.3215 0.2735 0.2735 0.2835 0.2835 0.2835 0.273
0.2965 0.2965 0.302 0.302 0.3175 0.3175 0.3555 0.3555 0.3555 0.3175 0.3175 0.329 0.329 0.278 0.278 0.2975 0.2975 0.2975 0.2905 0.2905 0.3155 0.3155 0.3345 0.3345 0.3345 0.3305 0.3305 0.289 0.289 0.2985 0.2985 0.2985 0.304 0.304 0.297 0.297 0.338 0.338 0.338 0.298 0.298 0.368 0.368 0.391 0.391 0.391 0.404 0.404 0.377 0.377 0.371 0.371 0.3455 0.3455 0.3455 0.3105 0.3105 0.308 0.308 0.265 0.265 0.265 0.2475 0.2475 0.3105 0.3105 0.314 0.314 0.314 0.3215 0.3215 0.2735 0.2735 0.2835 0.2835 0.2835 0.273
0.2965 0.2965 0.302 0.302 0.3175 0.3175 0.3555 0.3555 0.3555 0.3175 0.3175 0.329 0.329 0.278 0.278 0.2975 0.2975 0.2975 0.2905 0.2905 0.3155 0.3155 0.3345 0.3345 0.3345 0.3305 0.3305 0.289 0.289 0.2985 0.2985 0.2985 0.304 0.304 0.297 0.297 0.338 0.338 0.338 0.298 0.298 0.368 0.368 0.391 0.391 0.391 0.404 0.404 0.377 0.377 0.371 0.371 0.3455 0.3455 0.3455 0.3105 0.3105 0.308 0.308 0.265 0.265 0.265 0.2475 0.2475 0.3105 0.3105 0.314 0.314 0.314 0.3215 0.3215 0.2735 0.2735 0.2835 0.2835 0.2835 0.273
0.33 0.33 0.321 0.321 0.3095 0.3095 0.3335 0.3335 0.3335 0.3475 0.3475 0.3235 0.3235 0.287 0.287 0.31 0.31 0.31 0.324 0.324 0.3355 0.3355 0.384 0.384 0.384 0.3085 0.3085 0.3375 0.3375 0.305 0.305 0.305 0.2735 0.2735 0.3085 0.3085 0.349 0.349 0.349 0.3495 0.3495 0.3765 0.3765 0.3935 0.3935 0.3935 0.3565 0.3565 0.3545 0.3545 0.3865 0.3865 0.369 0.369 0.369 0.306 0.306 0.3275 0.3275 0.3095 0.3095 0.3095 0.266 0.266 0.296 0.296 0.3195 0.3195 0.3195 0.296 0.296 0.2705 0.2705 0.2465 0.2465 0.2465 0.279
0.33 0.33 0.321 0.321 0.3095 0.3095 0.3335 0.3335 0.3335 0.3475 0.3475 0.3235 0.3235 0.287 0.287 0.31 0.31 0.31 0.324 0.324 0.3355 0.3355 0.384 0.384 0.384 0.3085 0.3085 0.3375 0.3375 0.305 0.305 0.305 0.2735 0.2735 0.3085 0.3085 0.349 0.349 0.349 0.3495 0.3495 0.3765 0.3765 0.3935 0.3935 0.3935 0.3565 0.3565 0.3545 0.3545 0.3865 0.3865 0.369 0.369 0.369 0.306 0.306 0.3275 0.3275 0.3095 0.3095 0.3095 0.266 0.266 0.296 0.296 0.3195 0.3195 0.3195 0.296 0.296 0.2705 0.2705 0.2465 0.2465 0.2465 0.279
0.336 0.336 0.342 0.342 0.3175 0.3175 0.34 0.34 0.34 0.329 0.329 0.3025 0.3025 0.3415 0.3415 0.334 0.334 0.334 0.3545 0.3545 0.3365 0.3365 0.313 0.313 0.313 0.3185 0.3185 0.296 0.296 0.2705 0.2705 0.2705 0.2835 0.2835 0.3325 0.3325 0.3205 0.3205 0.3205 0.312 0.312 0.391 0.391 0.353 0.353 0.353 0.3375 0.3375 0.3435 0.3435 0.348 0.348 0.3135 0.3135 0.3135 0.2995 0.2995 0.3475 0.3475 0.344 0.344 0.344 0.333 0.333 0.342 0.342 0.3295 0.3295 0.3295 0.306 0.306 0.323 0.323 0.2795 0.2795 0.2795 0.28
0.336 0.336 0.342 0.342 0.3175 0.3175 0.34 0.34 0.34 0.329 0.329 0.3025 0.3025 0.3415 0.3415 0.334 0.334 0.334 0.3545 0.3545 0.3365 0.3365 0.313 0.313 0.313 0.3185 0.3185 0.296 0.296 0.2705 0.2705 0.2705 0.2835 0.2835 0.3325 0.3325 0.3205 0.3205 0.3205 0.312 0.312 0.391 0.391 0.353 0.353 0.353 0.3375 0.3375 0.3435 0.3435 0.348 0.348 0.3135 0.3135 0.3135 0.2995 0.2995 0.3475 0.3475 0.344 0.344 0.344 0.333 0.333 0.342 0.342 0.3295 0.3295 0.3295 0.306 0.306 0.323 0.323 0.2795 0.2795 0.2795 0.28
0.335 0.335 0.35 0.35 0.3285 0.3285 0.3405 0.3405 0.3405 0.348 0.348 0.31 0.31 0.32 0.32 0.3685 0.3685 0.3685 0.329 0.329 0.351 0.351 0.353 0.353 0.353 0.3355 0.3355 0.344 0.344 0.301 0.301 0.301 0.304 0.304 0.3285 0.3285 0.292 0.292 0.292 0.3045 0.3045 0.3035 0.3035 0.3415 0.3415 0.3415 0.3485 0.3485 0.337 0.337 0.317 0.317 0.3485 0.3485 0.3485 0.3545 0.3545 0.3605 0.3605 0.366 0.366 0.366 0.348 0.348 0.276 0.276 0.274 0.274 0.274 0.29 0.29 0.2755 0.2755 0.2795 0.2795 0.2795 0.2545
0.335 0.335 0.35 0.35 0.3285 0.3285 0.3405 0.3405 0.3405 0.348 0.348 0.31 0.31 0.32 0.32 0.3685 0.3685 0.3685 0.329 0.329 0.351 0.351 0.353 0.353 0.353 0.3355 0.3355 0.344 0.344 0.301 0.301 0.301 0.304 0.304 0.3285 0.3285 0.292 0.292 0.292 0.3045 0.3045 0.3035 0.3035 0.3415 0.3415 0.3415 0.3485 0.3485 0.337 0.337 0.317 0.317 0.3485 0.3485 0.3485 0.3545 0.3545 0.3605 0.3605 0.366 0.366 0.366 0.348 0.348 0.276 0.276 0.274 0.274 0.274 0.29 0.29 0.2755 0.2755 0.2795 0.2795 0.2795 0.2545
0.335 0.335 0.35 0.35 0.3285 0.3285 0.3405 0.3405 0.3405 0.348 0.348 0.31 0.31 0.32 0.32 0.3685 0.3685 0.3685 0.329 0.329 0.351 0.351 0.353 0.353 0.353 0.3355 0.3355 0.344 0.344 0.301 0.301 0.301 0.304 0.304 0.3285 0.3285 0.292 0.292 0.292 0.3045 0.3045 0.3035 0.3035 0.3415 0.3415 0.3415 0.3485 0.3485 0.337 0.337 0.317 0.317 0.3485 0.3485 0.3485 0.3545 0.3545 0.3605 0.3605 0.366 0.366 0.366 0.348 0.348 0.276 0.276 0.274 0.274 0.274 0.29 0.29 0.2755 0.2755 0.2795 0.2795 0.2795 0.2545
0.314 0.314 0.3445 0.3445 0.331 0.331 0.331 0.331 0.331 0.315 0.315 0.36 0.36 0.339 0.339 0.337 0.337 0.337 0.3375 0.3375 0.338 0.338 0.3355 0.3355 0.3355 0.347 0.347 0.3215 0.3215 0.323 0.323 0.323 0.3305 0.3305 0.35 0.35 0.344 0.344 0.344 0.291 0.291 0.259 0.259 0.282 0.282 0.282 0.319 0.319 0.3075 0.3075 0.3685 0.3685 0.3635 0.3635 0.3635 0.3645 0.3645 0.3455 0.3455 0.3405 0.3405 0.3405 0.3285 0.3285 0.2645 0.2645 0.251 0.251 0.251 0.296 0.296 0.271 0.271 0.235 0.235 0.235 0.2675
0.314 0.314 0.3445 0.3445 0.331 0.331 0.331 0.331 0.331 0.315 0.315 0.36 0.36 0.339 0.339 0.337 0.337 0.337 0.3375 0.3375 0.338 0.338 0.3355 0.3355 0.3355 0.347 0.347 0.3215 0.3215 0.323 0.323 0.323 0.3305 0.3305 0.35 0.35 0.344 0.344 0.344 0.291 0.291 0.259 0.259 0.282 0.282 0.282 0.319 0.319 0.3075 0.3075 0.3685 0.3685 0.3635 0.3635 0.3635 0.3645 0.3645 0.3455 0.3455 0.3405 0.3405 0.3405 0.3285 0.3285 0.2645 0.2645 0.251 0.251 0.251 0.296 0.296 0.271 0.271 0.235 0.235 0.235 0.2675
0.3605 0.3605 0.3495 0.3495 0.318 0.318 0.3435 0.3435 0.3435 0.296 0.296 0.3445 0.3445 0.3615 0.3615 0.3525 0.3525 0.3525 0.3165 0.3165 0.3085 0.3085 0.3055 0.3055 0.3055 0.328 0.328 0.3245 0.3245 0.296 0.296 0.296 0.33 0.33 0.335 0.335 0.3215 0.3215 0.3215 0.296 0.296 0.288 0.288 0.276 0.276 0.276 0.2995 0.2995 0.3055 0.3055 0.3435 0.3435 0.3815 0.3815 0.3815 0.3075 0.3075 0.3245 0.3245 0.339 0.339 0.339 0.3345 0.3345 0.3375 0.3375 0.306 0.306 0.306 0.2745 0.2745 0.2385 0.2385 0.2395 0.2395 0.2395 0.2305
0.3605 0.3605 0.3495 0.3495 0.318 0.318 0.3435 0.3435 0.3435 0.296 0.296 0.3445 0.3445 0.3615 0.3615 0.3525 0.3525 0.3525 0.3165 0.3165 0.3085 0.3085 0.3055 0.3055 0.3055 0.328 0.328 0.3245 0.3245 0.296 0.296 0.296 0.33 0.33 0.335 0.335 0.3215 0.3215 0.3215 0.296 0.296 0.288 0.288 0.276 0.276 0.276 0.2995 0.2995 0.3055 0.3055 0.3435 0.3435 0.3815 0.3815 0.3815 0.3075 0.3075 0.3245 0.3245 0.339 0.339 0.339 0.3345 0.3345 0.3375 0.3375 0.306 0.306 0.306 0.2745 0.2745 0.2385 0.2385 0.2395 0.2395 0.2395 0.2305
0.359 0.359 0.337 0.337 0.3415 0.3415 0.3105 0.3105 0.3105 0.3325 0.3325 0.3305 0.3305 0.292 0.292 0.298 0.298 0.298 0.318 0.318 0.289 0.289 0.3105 0.3105 0.3105 0.3365 0.3365 0.336 0.336 0.338 0.338 0.338 0.337 0.337 0.3505 0.3505 0.3345 0.3345 0.3345 0.3 0.3 0.32 0.32 0.309 0.309 0.309 0.333 0.333 0.336 0.336 0.3605 0.3605 0.3595 0.3595 0.3595 0.365 0.365 0.316 0.316 0.3365 0.3365 0.3365 0.343 0.343 0.3375 0.3375 0.2885 0.2885 0.2885 0.276 0.276 0.2735 0.2735 0.271 0.271 0.271 0.2635
0.359 0.359 0.337 0.337 0.3415 0.3415 0.3105 0.3105 0.3105 0.3325 0.3325 0.3305 0.3305 0.292 0.292 0.298 0.298 0.298 0.318 0.318 0.289 0.289 0.3105 0.3105 0.3105 0.3365 0.3365 0.336 0.336 0.338 0.338 0.338 0.337 0.337 0.3505 0.3505 0.3345 0.3345 0.3345 0.3 0.3 0.32 0.32 0.309 0.309 0.309 0.333 0.333 0.336 0.336 0.3605 0.3605 0.3595 0.3595 0.3595 0.365 0.365 0.316 0.316 0.3365 0.3365 0.3365 0.343 0.343 0.3375 0.3375 0.2885 0.2885 0.2885 0.276 0.276 0.2735 0.2735 0.271 0.271 0.271 0.2635
0.359 0.359 0.337 0.337 0.3415 0.3415 0.3105 0.3105 0.3105 0.3325 0.3325 0.3305 0.3305 0.292 0.292 0.298 0.298 0.298 0.318 0.318 0.289 0.289 0.3105 0.3105 0.3105 0.3365 0.3365 0.336 0.336 0.338 0.338 0.338 0.337 0.337 0.3505 0.3505 0.3345 0.3345 0.3345 0.3 0.3 0.32 0.32 0.309 0.309 0.309 0.333 0.333 0.336 0.336 0.3605 0.3605 0.3595 0.3595 0.3595 0.365 0.365 0.316 0.316 0.3365 0.3365 0.3365 0.343 0.343 0.3375 0.3375 0.2885 0.2885 0.2885 0.276 0.276 0.2735 0.2735 0.271 0.271 0.271 0.2635
0.3785 0.3785 0.304 0.304 0.302 0.302 0.3115 0.3115 0.3115 0.3515 0.3515 0.3455 0.3455 0.328 0.328 0.321 0.321 0.321 0.3495 0.3495 0.338 0.338 0.3275 0.3275 0.3275 0.3325 0.3325 0.345 0.345 0.3405 0.3405 0.3405 0.3515 0.3515 0.382 0.382 0.348 0.348 0.348 0.3575 0.3575 0.354 0.354 0.334 0.334 0.334 0.332 0.332 0.3685 0.3685 0.336 0.336 0.3555 0.3555 0.3555 0.325 0.325 0.297 0.297 0.332 0.332 0.332 0.326 0.326 0.3105 0.3105 0.2885 0.2885 0.2885 0.306 0.306 0.315 0.315 0.286 0.286 0.286 0.3115
0.3785 0.3785 0.304 0.304 0.302 0.302 0.3115 0.3115 0.3115 0.3515 0.3515 0.3455 0.3455 0.328 0.328 0.321 0.321 0.321 0.3495 0.3495 0.338 0.338 0.3275 0.3275 0.3275 0.3325 0.3325 0.345 0.345 0.3405 0.3405 0.3405 0.3515 0.3515 0.382 0.382 0.348 0.348 0.348 0.3575 0.3575 0.354 0.354 0.334 0.334 0.334 0.332 0.332 0.3685 0.3685 0.336 0.336 0.3555 0.3555 0.3555 0.325 0.325 0.297 0.297 0.332 0.332 0.332 0.326 0.326 0.3105 0.3105 0.2885 0.2885 0.2885 0.306 0.306 0.315 0.315 0.286 0.286 0.286 0.3115
0.3395 0.3395 0.293 0.293 0.3205 0.3205 0.31 0.31 0.31 0.3145 0.3145 0.3215 0.3215 0.3325 0.3325 0.339 0.339 0.339 0.319 0.319 0.342 0.342 0.3365 0.3365 0.3365 0.312 0.312 0.3565 0.3565 0.338 0.338 0.338 0.36 0.36 0.3565 0.3565 0.352 0.352 0.352 0.372 0.372 0.303 0.303 0.374 0.374 0.374 0.36 0.36 0.371 0.371 0.3675 0.3675 0.3745 0.3745 0.3745 0.355 0.355 0.337 0.337 0.3715 0.3715 0.3715 0.365 0.365 0.325 0.325 0.327 0.327 0.327 0.316 0.316 0.332 0.332 0.288 0.288 0.288 0.2955
0.3395 0.3395 0.293 0.293 0.3205 0.3205 0.31 0.31 0.31 0.3145 0.3145 0.3215 0.3215 0.3325 0.3325 0.339 0.339 0.339 0.319 0.319 0.342 0.342 0.3365 0.3365 0.3365 0.312 0.312 0.3565 0.3565 0.338 0.338 0.338 0.36 0.36 0.3565 0.3565 0.352 0.352 0.352 0.372 0.372 0.303 0.303 0.374 0.374 0.374 0.36 0.36 0.371 0.371 0.3675 0.3675 0.3745 0.3745 0.3745 0.355 0.355 0.337 0.337 0.3715 0.3715 0.3715 0.365 0.365 0.325 0.325 0.327 0.327 0.327 0.316 0.316 0.332 0.332 0.288 0.288 0.288 0.2955
0.3235 0.3235 0.324 0.324 0.2845 0.2845 0.294 0.294 0.294 0.3 0.3 0.3025 0.3025 0.3115 0.3115 0.3275 0.3275 0.3275 0.322 0.322 0.3105 0.3105 0.331 0.331 0.331 0.3005 0.3005 0.302 0.302 0.342 0.342 0.342 0.37 0.37 0.3535 0.3535 0.3665 0.3665 0.3665 0.3515 0.3515 0.285 0.285 0.311 0.311 0.311 0.317 0.317 0.3635 0.3635 0.3405 0.3405 0.3725 0.3725 0.3725 0.336 0.336 0.3245 0.3245 0.31 0.31 0.31 0.3305 0.3305 0.3615 0.3615 0.336 0.336 0.336 0.304 0.304 0.286 0.286 0.2885 0.2885 0.2885 0.2925
0.3235 0.3235 0.324 0.324 0.2845 0.2845 0.294 0.294 0.294 0.3 0.3 0.3025 0.3025 0.3115 0.3115 0.3275 0.3275 0.3275 0.322 0.322 0.3105 0.3105 0.331 0.331 0.331 0.3005 0.3005 0.302 0.302 0.342 0.342 0.342 0.37 0.37 0.3535 0.3535 0.3665 0.3665 0.3665 0.3515 0.3515 0.285 0.285 0.311 0.311 0.311 0.317 0.317 0.3635 0.3635 0.3405 0.3405 0.3725 0.3725 0.3725 0.336 0.336 0.3245 0.3245 0.31 0.31 0.31 0.3305 0.3305 0.3615 0.3615 0.336 0.336 0.336 0.304 0.304 0.286 0.286 0.2885 0.2885 0.2885 0.2925
0.322 0.322 0.3075 0.3075 0.287 0.287 0.3055 0.3055 0.3055 0.3 0.3 0.292 0.292 0.2995 0.2995 0.3205 0.3205 0.3205 0.3125 0.3125 0.356 0.356 0.3495 0.3495 0.3495 0.351 0.351 0.327 0.327 0.342 0.342 0.342 0.3295 0.3295 0.309 0.309 0.3465 0.3465 0.3465 0.302 0.302 0.3475 0.3475 0.341 0.341 0.341 0.337 0.337 0.324 0.324 0.341 0.341 0.3435 0.3435 0.3435 0.3475 0.3475 0.338 0.338 0.345 0.345 0.345 0.3355 0.3355 0.3355 0.3355 0.2965 0.2965 0.2965 0.3 0.3 0.308 0.308 0.2865 0.2865 0.2865 0.294
0.322 0.322 0.3075 0.3075 0.287 0.287 0.3055 0.3055 0.3055 0.3 0.3 0.292 0.292 0.2995 0.2995 0.3205 0.3205 0.3205 0.3125 0.3125 0.356 0.356 0.3495 0.3495 0.3495 0.351 0.351 0.327 0.327 0.342 0.342 0.342 0.3295 0.3295 0.309 0.309 0.3465 0.3465 0.3465 0.302 0.302 0.3475 0.3475 0.341 0.341 0.341 0.337 0.337 0.324 0.324 0.341 0.341 0.3435 0.3435 0.3435 0.3475 0.3475 0.338 0.338 0.345 0.345 0.345 0.3355 0.3355 0.3355 0.3355 0.2965 0.2965 0.2965 0.3 0.3 0.308 0.308 0.2865 0.2865 0.2865 0.294
0.322 0.322 0.3075 0.3075 0.287 0.287 0.3055 0.3055 0.3055 0.3 0.3 0.292 0.292 0.2995 0.2995 0.3205 0.3205 0.3205 0.3125 0.3125 0.356 0.356 0.3495 0.3495 0.3495 0.351 0.351 0.327 0.327 0.342 0.342 0.342 0.3295 0.3295 0.309 0.309 0.3465 0.3465 0.3465 0.302 0.302 0.3475 0.3475 0.341 0.341 0.341 0.337 0.337 0.324 0.324 0.341 0.341 0.3435 0.3435 0.3435 0.3475 0.3475 0.338 0.338 0.345 0.345 0.345 0.3355 0.3355 0.3355 0.3355 0.2965 0.2965 0.2965 0.3 0.3 0.308 0.308 0.2865 0.2865 0.2865 0.294
0.3275 0.3275 0.334 0.334 0.3155 0.3155 0.3025 0.3025 0.3025 0.332 0.332 0.317 0.317 0.304 0.304 0.305 0.305 0.305 0.288 0.288 0.2995 0.2995 0.309 0.309 0.309 0.314 0.314 0.385 0.385 0.3005 0.3005 0.3005 0.302 0.302 0.3225 0.3225 0.3115 0.3115 0.3115 0.322 0.322 0.3375 0.3375 0.3175 0.3175 0.3175 0.3295 0.3295 0.321 0.321 0.307 0.307 0.3355 0.3355 0.3355 0.323 0.323 0.3295 0.3295 0.348 0.348 0.348 0.313 0.313 0.337 0.337 0.3235 0.3235 0.3235 0.324 0.324 0.315 0.315 0.32 0.32 0.32 0.2955
0.3275 0.3275 0.334 0.334 0.3155 0.3155 0.3025 0.3025 0.3025 0.332 0.332 0.317 0.317 0.304 0.304 0.305 0.305 0.305 0.288 0.288 0.2995 0.2995 0.309 0.309 0.309 0.314 0.314 0.385 0.385 0.3005 0.3005 0.3005 0.302 0.302 0.3225 0.3225 0.3115 0.3115 0.3115 0.322 0.322 0.3375 0.3375 0.3175 0.3175 0.3175 0.3295 0.3295 0.321 0.321 0.307 0.307 0.3355 0.3355 0.3355 0.323 0.323 0.3295 0.3295 0.348 0.348 0.348 0.313 0.313 0.337 0.337 0.3235 0.3235 0.3235 0.324 0.324 0.315 0.315 0.32 0.32 0.32 0.2955
0.326 0.326 0.342 0.342 0.318 0.318 0.305 0.305 0.305 0.286 0.286 0.31 0.31 0.3035 0.3035 0.3135 0.3135 0.3135 0.312 0.312 0.307 0.307 0.332 0.332 0.332 0.31 0.31 0.328 0.328 0.3235 0.3235 0.3235 0.3025 0.3025 0.3465 0.3465 0.314 0.314 0.314 0.3365 0.3365 0.327 0.327 0.315 0.315 0.315 0.324 0.324 0.313 0.313 0.324 0.324 0.3345 0.3345 0.3345 0.315 0.315 0.3205 0.3205 0.3155 0.3155 0.3155 0.306 0.306 0.3405 0.3405 0.335 0.335 0.335 0.3465 0.3465 0.3405 0.3405 0.3335 0.3335 0.3335 0.3445
0.326 0.326 0.342 0.342 0.318 0.318 0.305 0.305 0.305 0.286 0.286 0.31 0.31 0.3035 0.3035 0.3135 0.3135 0.3135 0.312 0.312 0.307 0.307 0.332 0.332 0.332 0.31 0.31 0.328 0.328 0.3235 0.3235 0.3235 0.3025 0.3025 0.3465 0.3465 0.314 0.314 0.314 0.3365 0.3365 0.327 0.327 0.315 0.315 0.315 0.324 0.324 0.313 0.313 0.324 0.324 0.3345 0.3345 0.3345 0.315 0.315 0.3205 0.3205 0.3155 0.3155 0.3155 0.306 0.306 0.3405 0.3405 0.335 0.335 0.335 0.3465 0.3465 0.3405 0.3405 0.3335 0.3335 0.3335 0.3445
0.304 0.304 0.3115 0.3115 0.312 0.312 0.3165 0.3165 0.3165 0.309 0.309 0.301 0.301 0.2925 0.2925 0.3125 0.3125 0.3125 0.3155 0.3155 0.321 0.321 0.3265 0.3265 0.3265 0.317 0.317 0.32 0.32 0.3185 0.3185 0.3185 0.2975 0.2975 0.33 0.33 0.323 0.323 0.323 0.3375 0.3375 0.33 0.33 0.3375 0.3375 0.3375 0.3125 0.3125 0.311 0.311 0.3445 0.3445 0.3395 0.3395 0.3395 0.3305 0.3305 0.31 0.31 0.338 0.338 0.338 0.3445 0.3445 0.3665 0.3665 0.385 0.385 0.385 0.3725 0.3725 0.383 0.383 0.345 0.345 0.345 0.356
0.304 0.304 0.3115 0.3115 0.312 0.312 0.3165 0.3165 0.3165 0.309 0.309 0.301 0.301 0.2925 0.2925 0.3125 0.3125 0.3125 0.3155 0.3155 0.321 0.321 0.3265 0.3265 0.3265 0.317 0.317 0.32 0.32 0.3185 0.3185 0.3185 0.2975 0.2975 0.33 0.33 0.323 0.323 0.323 0.3375 0.3375 0.33 0.33 0.3375 0.3375 0.3375 0.3125 0.3125 0.311 0.311 0.3445 0.3445 0.3395 0.3395 0.3395 0.3305 0.3305 0.31 0.31 0.338 0.338 0.338 0.3445 0.3445 0.3665 0.3665 0.385 0.385 0.385 0.3725 0.3725 0.383 0.383 0.345 0.345 0.345 0.356
0.304 0.304 0.3115 0.3115 0.312 0.312 0.3165 0.3165 0.3165 0.309 0.309 0.301 0.301 0.2925 0.2925 0.3125 0.3125 0.3125 0.3155 0.3155 0.321 0.321 0.3265 0.3265 0.3265 0.317 0.317 0.32 0.32 0.3185 0.3185 0.3185 0.2975 0.2975 0.33 0.33 0.323 0.323 0.323 0.3375 0.3375 0.33 0.33 0.3375 0.3375 0.3375 0.3125 0.3125 0.311 0.311 0.3445 0.3445 0.3395 0.3395 0.3395 0.3305 0.3305 0.31 0.31 0.338 0.338 0.338 0.3445 0.3445 0.3665 0.3665 0.385 0.385 0.385 0.3725 0.3725 0.383 0.383 0.345 0.345 0.345 0.356
