ndvi/NOAA-120.asc
ncols         252
nrows         154
xllcorner     -18.017974
yllcorner     13.481982
cellsize      0.035948
NODATA_value  -9999
[rows 70 to 104 of 154, columns 77 to 153 of 252]
0.2005 0.2005 0.2015 0.2015 0.1955 0.1955 0.2 0.2 0.2 0.205 0.205 0.218 0.218 0.21 0.21 0.224 0.224 0.224 0.23 0.23 0.2165 0.2165 0.215 0.215 0.215 0.258 0.258 0.2315 0.2315 0.217 0.217 0.217 0.1945 0.1945 0.1925 0.1925 0.206 0.206 0.206 0.2105 0.2105 0.202 0.202 0.1835 0.1835 0.1835 0.155 0.155 0.1535 0.1535 0.159 0.159 0.172 0.172 0.172 0.178 0.178 0.1725 0.1725 0.201 0.201 0.201 0.2245 0.2245 0.2295 0.2295 0.22 0.22 0.22 0.218 0.218 0.2135 0.2135 0.1985 0.1985 0.1985 0.148
0.226 0.226 0.208 0.208 0.2035 0.2035 0.197 0.197 0.197 0.1975 0.1975 0.2025 0.2025 0.2115 0.2115 0.214 0.214 0.214 0.212 0.212 0.211 0.211 0.2055 0.2055 0.2055 0.27 0.27 0.245 0.245 0.228 0.228 0.228 0.209 0.209 0.2095 0.2095 0.208 0.208 0.208 0.2035 0.2035 0.205 0.205 0.181 0.181 0.181 0.1665 0.1665 0.1535 0.1535 0.1635 0.1635 0.18 0.18 0.18 0.1975 0.1975 0.2055 0.2055 0.203 0.203 0.203 0.199 0.199 0.2125 0.2125 0.1995 0.1995 0.1995 0.223 0.223 0.206 0.206 0.21 0.21 0.21 0.1695
0.226 0.226 0.208 0.208 0.2035 0.2035 0.197 0.197 0.197 0.1975 0.1975 0.2025 0.2025 0.2115 0.2115 0.214 0.214 0.214 0.212 0.212 0.211 0.211 0.2055 0.2055 0.2055 0.27 0.27 0.245 0.245 0.228 0.228 0.228 0.209 0.209 0.2095 0.2095 0.208 0.208 0.208 0.2035 0.2035 0.205 0.205 0.181 0.181 0.181 0.1665 0.1665 0.1535 0.1535 0.1635 0.1635 0.18 0.18 0.18 0.1975 0.1975 0.2055 0.2055 0.203 0.203 0.203 0.199 0.199 0.2125 0.2125 0.1995 0.1995 0.1995 0.223 0.223 0.206 0.206 0.21 0.21 0.21 0.1695
0.226 0.226 0.208 0.208 0.2035 0.2035 0.197 0.197 0.197 0.1975 0.1975 0.2025 0.2025 0.2115 0.2115 0.214 0.214 0.214 0.212 0.212 0.211 0.211 0.2055 0.2055 0.2055 0.27 0.27 0.245 0.245 0.228 0.228 0.228 0.209 0.209 0.2095 0.2095 0.208 0.208 0.208 0.2035 0.2035 0.205 0.205 0.181 0.181 0.181 0.1665 0.1665 0.1535 0.1535 0.1635 0.1635 0.18 0.18 0.18 0.1975 0.1975 0.2055 0.2055 0.203 0.203 0.203 0.199 0.199 0.2125 0.2125 0.1995 0.1995 0.1995 0.223 0.223 0.206 0.206 0.21 0.21 0.21 0.1695
0.236 0.236 0.221 0.221 0.2145 0.2145 0.226 0.226 0.226 0.2205 0.2205 0.217 0.217 0.205 0.205 0.208 0.208 0.208 0.2175 0.2175 0.2155 0.2155 0.2145 0.2145 0.2145 0.213 0.213 0.22 0.22 0.2235 0.2235 0.2235 0.2285 0.2285 0.228 0.228 0.2155 0.2155 0.2155 0.209 0.209 0.1965 0.1965 0.1795 0.1795 0.1795 0.185 0.185 0.2195 0.2195 0.21 0.21 0.212 0.212 0.212 0.2055 0.2055 0.1985 0.1985 0.2115 0.2115 0.2115 0.1975 0.1975 0.197 0.197 0.199 0.199 0.199 0.2115 0.2115 0.1965 0.1965 0.163 0.163 0.163 0.1855
0.236 0.236 0.221 0.221 0.2145 0.2145 0.226 0.226 0.226 0.2205 0.2205 0.217 0.217 0.205 0.205 0.208 0.208 0.208 0.2175 0.2175 0.2155 0.2155 0.2145 0.2145 0.2145 0.213 0.213 0.22 0.22 0.2235 0.2235 0.2235 0.2285 0.2285 0.228 0.228 0.2155 0.2155 0.2155 0.209 0.209 0.1965 0.1965 0.1795 0.1795 0.1795 0.185 0.185 0.2195 0.2195 0.21 0.21 0.212 0.212 0.212 0.2055 0.2055 0.1985 0.1985 0.2115 0.2115 0.2115 0.1975 0.1975 0.197 0.197 0.199 0.199 0.199 0.2115 0.2115 0.1965 0.1965 0.163 0.163 0.163 0.1855
0.2245 0.2245 0.223 0.223 0.2215 0.2215 0.203 0.203 0.203 0.2195 0.2195 0.206 0.206 0.2115 0.2115 0.214 0.214 0.214 0.2065 0.2065 0.206 0.206 0.2035 0.2035 0.2035 0.2065 0.2065 0.2125 0.2125 0.2285 0.2285 0.2285 0.234 0.234 0.222 0.222 0.2365 0.2365 0.2365 0.2125 0.2125 0.23 0.23 0.214 0.214 0.214 0.208 0.208 0.2155 0.2155 0.223 0.223 0.2155 0.2155 0.2155 0.205 0.205 0.207 0.207 0.189 0.189 0.189 0.197 0.197 0.181 0.181 0.2115 0.2115 0.2115 0.199 0.199 0.1775 0.1775 0.109 0.109 0.109 0.178
0.2245 0.2245 0.223 0.223 0.2215 0.2215 0.203 0.203 0.203 0.2195 0.2195 0.206 0.206 0.2115 0.2115 0.214 0.214 0.214 0.2065 0.2065 0.206 0.206 0.2035 0.2035 0.2035 0.2065 0.2065 0.2125 0.2125 0.2285 0.2285 0.2285 0.234 0.234 0.222 0.222 0.2365 0.2365 0.2365 0.2125 0.2125 0.23 0.23 0.214 0.214 0.214 0.208 0.208 0.2155 0.2155 0.223 0.223 0.2155 0.2155 0.2155 0.205 0.205 0.207 0.207 0.189 0.189 0.189 0.197 0.197 0.181 0.181 0.2115 0.2115 0.2115 0.199 0.199 0.1775 0.1775 0.109 0.109 0.109 0.178
0.212 0.212 0.202 0.202 0.203 0.203 0.2145 0.2145 0.2145 0.211 0.211 0.217 0.217 0.2035 0.2035 0.202 0.202 0.202 0.191 0.191 0.2025 0.2025 0.1945 0.1945 0.1945 0.2115 0.2115 0.196 0.196 0.204 0.204 0.204 0.2215 0.2215 0.229 0.229 0.207 0.207 0.207 0.2485 0.2485 0.2325 0.2325 0.2305 0.2305 0.2305 0.235 0.235 0.2745 0.2745 0.207 0.207 0.209 0.209 0.209 0.195 0.195 0.191 0.191 0.194 0.194 0.194 0.1855 0.1855 0.19 0.19 0.1905 0.1905 0.1905 0.209 0.209 0.2055 0.2055 0.1565 0.1565 0.1565 0.1435
0.212 0.212 0.202 0.202 0.203 0.203 0.2145 0.2145 0.2145 0.211 0.211 0.217 0.217 0.2035 0.2035 0.202 0.202 0.202 0.191 0.191 0.2025 0.2025 0.1945 0.1945 0.1945 0.2115 0.2115 0.196 0.196 0.204 0.204 0.204 0.2215 0.2215 0.229 0.229 0.207 0.207 0.207 0.2485 0.2485 0.2325 0.2325 0.2305 0.2305 0.2305 0.235 0.235 0.2745 0.2745 0.207 0.207 0.209 0.209 0.209 0.195 0.195 0.191 0.191 0.194 0.194 0.194 0.1855 0.1855 0.19 0.19 0.1905 0.1905 0.1905 0.209 0.209 0.2055 0.2055 0.1565 0.1565 0.1565 0.1435
0.212 0.212 0.2095 0.2095 0.2025 0.2025 0.1985 0.1985 0.1985 0.2115 0.2115 0.214 0.214 0.224 0.224 0.199 0.199 0.199 0.198 0.198 0.187 0.187 0.1955 0.1955 0.1955 0.206 0.206 0.2065 0.2065 0.195 0.195 0.195 0.2125 0.2125 0.2125 0.2125 0.213 0.213 0.213 0.2105 0.2105 0.223 0.223 0.2665 0.2665 0.2665 0.248 0.248 0.2545 0.2545 0.2305 0.2305 0.203 0.203 0.203 0.1945 0.1945 0.1935 0.1935 0.2 0.2 0.2 0.1935 0.1935 0.166 0.166 0.157 0.157 0.157 0.16 0.16 0.1755 0.1755 0.1775 0.1775 0.1775 0.1375
0.212 0.212 0.2095 0.2095 0.2025 0.2025 0.1985 0.1985 0.1985 0.2115 0.2115 0.214 0.214 0.224 0.224 0.199 0.199 0.199 0.198 0.198 0.187 0.187 0.1955 0.1955 0.1955 0.206 0.206 0.2065 0.2065 0.195 0.195 0.195 0.2125 0.2125 0.2125 0.2125 0.213 0.213 0.213 0.2105 0.2105 0.223 0.223 0.2665 0.2665 0.2665 0.248 0.248 0.2545 0.2545 0.2305 0.2305 0.203 0.203 0.203 0.1945 0.1945 0.1935 0.1935 0.2 0.2 0.2 0.1935 0.1935 0.166 0.166 0.157 0.157 0.157 0.16 0.16 0.1755 0.1755 0.1775 0.1775 0.1775 0.1375
0.212 0.212 0.2095 0.2095 0.2025 0.2025 0.1985 0.1985 0.1985 0.2115 0.2115 0.214 0.214 0.224 0.224 0.199 0.199 0.199 0.198 0.198 0.187 0.187 0.1955 0.1955 0.1955 0.206 0.206 0.2065 0.2065 0.195 0.195 0.195 0.2125 0.2125 0.2125 0.2125 0.213 0.213 0.213 0.2105 0.2105 0.223 0.223 0.2665 0.2665 0.2665 0.248 0.248 0.2545 0.2545 0.2305 0.2305 0.203 0.203 0.203 0.1945 0.1945 0.1935 0.1935 0.2 0.2 0.2 0.1935 0.1935 0.166 0.166 0.157 0.157 0.157 0.16 0.16 0.1755 0.1755 0.1775 0.1775 0.1775 0.1375
0.233 0.233 0.2185 0.2185 0.2095 0.2095 0.214 0.214 0.214 0.216 0.216 0.2235 0.2235 0.217 0.217 0.203 0.203 0.203 0.1915 0.1915 0.2025 0.2025 0.211 0.211 0.211 0.203 0.203 0.2005 0.2005 0.195 0.195 0.195 0.1905 0.1905 0.1965 0.1965 0.22 0.22 0.22 0.216 0.216 0.2185 0.2185 0.205 0.205 0.205 0.238 0.238 0.2695 0.2695 0.2365 0.2365 0.225 0.225 0.225 0.2145 0.2145 0.1955 0.1955 0.197 0.197 0.197 0.202 0.202 0.186 0.186 0.1845 0.1845 0.1845 0.1705 0.1705 0.166 0.166 0.169 0.169 0.169 0.154
0.233 0.233 0.2185 0.2185 0.2095 0.2095 0.214 0.214 0.214 0.216 0.216 0.2235 0.2235 0.217 0.217 0.203 0.203 0.203 0.1915 0.1915 0.2025 0.2025 0.211 0.211 0.211 0.203 0.203 0.2005 0.2005 0.195 0.195 0.195 0.1905 0.1905 0.1965 0.1965 0.22 0.22 0.22 0.216 0.216 0.2185 0.2185 0.205 0.205 0.205 0.238 0.238 0.2695 0.2695 0.2365 0.2365 0.225 0.225 0.225 0.2145 0.2145 0.1955 0.1955 0.197 0.197 0.197 0.202 0.202 0.186 0.186 0.1845 0.1845 0.1845 0.1705 0.1705 0.166 0.166 0.169 0.169 0.169 0.154
0.261 0.261 0.244 0.244 0.2355 0.2355 0.237 0.237 0.237 0.241 0.241 0.2425 0.2425 0.2245 0.2245 0.219 0.219 0.219 0.227 0.227 0.2165 0.2165 0.235 0.235 0.235 0.204 0.204 0.2155 0.2155 0.207 0.207 0.207 0.204 0.204 0.2435 0.2435 0.2225 0.2225 0.2225 0.217 0.217 0.239 0.239 0.2105 0.2105 0.2105 0.2095 0.2095 0.222 0.222 0.2505 0.2505 0.225 0.225 0.225 0.2115 0.2115 0.207 0.207 0.224 0.224 0.224 0.2345 0.2345 0.2165 0.2165 0.1655 0.1655 0.1655 0.194 0.194 0.1805 0.1805 0.159 0.159 0.159 0.146
0.261 0.261 0.244 0.244 0.2355 0.2355 0.237 0.237 0.237 0.241 0.241 0.2425 0.2425 0.2245 0.2245 0.219 0.219 0.219 0.227 0.227 0.2165 0.2165 0.235 0.235 0.235 0.204 0.204 0.2155 0.2155 0.207 0.207 0.207 0.204 0.204 0.2435 0.2435 0.2225 0.2225 0.2225 0.217 0.217 0.239 0.239 0.2105 0.2105 0.2105 0.2095 0.2095 0.222 0.222 0.2505 0.2505 0.225 0.225 0.225 0.2115 0.2115 0.207 0.207 0.224 0.224 0.224 0.2345 0.2345 0.2165 0.2165 0.1655 0.1655 0.1655 0.194 0.194 0.1805 0.1805 0.159 0.159 0.159 0.146
0.261 0.261 0.2605 0.2605 0.257 0.257 0.2375 0.2375 0.2375 0.241 0.241 0.228 0.228 0.235 0.235 0.221 0.221 0.221 0.218 0.218 0.2115 0.2115 0.219 0.219 0.219 0.2275 0.2275 0.225 0.225 0.2065 0.2065 0.2065 0.23 0.23 0.2305 0.2305 0.23 0.23 0.23 0.2375 0.2375 0.2375 0.2375 0.24 0.24 0.24 0.229 0.229 0.2435 0.2435 0.248 0.248 0.2295 0.2295 0.2295 0.2205 0.2205 0.227 0.227 0.2375 0.2375 0.2375 0.2375 0.2375 0.2325 0.2325 0.2005 0.2005 0.2005 0.1845 0.1845 0.18 0.18 0.175 0.175 0.175 0.207
0.261 0.261 0.2605 0.2605 0.257 0.257 0.2375 0.2375 0.2375 0.241 0.241 0.228 0.228 0.235 0.235 0.221 0.221 0.221 0.218 0.218 0.2115 0.2115 0.219 0.219 0.219 0.2275 0.2275 0.225 0.225 0.2065 0.2065 0.2065 0.23 0.23 0.2305 0.2305 0.23 0.23 0.23 0.2375 0.2375 0.2375 0.2375 0.24 0.24 0.24 0.229 0.229 0.2435 0.2435 0.248 0.248 0.2295 0.2295 0.2295 0.2205 0.2205 0.227 0.227 0.2375 0.2375 0.2375 0.2375 0.2375 0.2325 0.2325 0.2005 0.2005 0.2005 0.1845 0.1845 0.18 0.18 0.175 0.175 0.175 0.207
0.261 0.261 0.2605 0.2605 0.257 0.257 0.2375 0.2375 0.2375 0.241 0.241 0.228 0.228 0.235 0.235 0.221 0.221 0.221 0.218 0.218 0.2115 0.2115 0.219 0.219 0.219 0.2275 0.2275 0.225 0.225 0.2065 0.2065 0.2065 0.23 0.23 0.2305 0.2305 0.23 0.23 0.23 0.2375 0.2375 0.2375 0.2375 0.24 0.24 0.24 0.229 0.229 0.2435 0.2435 0.248 0.248 0.2295 0.2295 0.2295 0.2205 0.2205 0.227 0.227 0.2375 0.2375 0.2375 0.2375 0.2375 0.2325 0.2325 0.2005 0.2005 0.2005 0.1845 0.1845 0.18 0.18 0.175 0.175 0.175 0.207
0.259 0.259 0.2635 0.2635 0.245 0.245 0.2235 0.2235 0.2235 0.2215 0.2215 0.2305 0.2305 0.217 0.217 0.2115 0.2115 0.2115 0.226 0.226 0.214 0.214 0.2145 0.2145 0.2145 0.2075 0.2075 0.216 0.216 0.21 0.21 0.21 0.208 0.208 0.2255 0.2255 0.2275 0.2275 0.2275 0.229 0.229 0.2355 0.2355 0.24 0.24 0.24 0.2505 0.2505 0.24 0.24 0.2255 0.2255 0.242 0.242 0.242 0.2295 0.2295 0.2445 0.2445 0.251 0.251 0.251 0.233 0.233 0.224 0.224 0.22 0.22 0.22 0.1815 0.1815 0.194 0.194 0.178 0.178 0.178 0.177
0.259 0.259 0.2635 0.2635 0.245 0.245 0.2235 0.2235 0.2235 0.2215 0.2215 0.2305 0.2305 0.217 0.217 0.2115 0.2115 0.2115 0.226 0.226 0.214 0.214 0.2145 0.2145 0.2145 0.2075 0.2075 0.216 0.216 0.21 0.21 0.21 0.208 0.208 0.2255 0.2255 0.2275 0.2275 0.2275 0.229 0.229 0.2355 0.2355 0.24 0.24 0.24 0.2505 0.2505 0.24 0.24 0.2255 0.2255 0.242 0.242 0.242 0.2295 0.2295 0.2445 0.2445 0.251 0.251 0.251 0.233 0.233 0.224 0.224 0.22 0.22 0.22 0.1815 0.1815 0.194 0.194 0.178 0.178 0.178 0.177
0.2595 0.2595 0.2405 0.2405 0.2425 0.2425 0.225 0.225 0.225 0.229 0.229 0.2235 0.2235 0.2195 0.2195 0.226 0.226 0.226 0.2165 0.2165 0.223 0.223 0.2365 0.2365 0.2365 0.215 0.215 0.22 0.22 0.215 0.215 0.215 0.1985 0.1985 0.2295 0.2295 0.235 0.235 0.235 0.226 0.226 0.233 0.233 0.2315 0.2315 0.2315 0.2515 0.2515 0.244 0.244 0.2435 0.2435 0.2445 0.2445 0.2445 0.2395 0.2395 0.233 0.233 0.224 0.224 0.224 0.2205 0.2205 0.226 0.226 0.2335 0.2335 0.2335 0.246 0.246 0.242 0.242 0.2375 0.2375 0.2375 0.209
0.2595 0.2595 0.2405 0.2405 0.2425 0.2425 0.225 0.225 0.225 0.229 0.229 0.2235 0.2235 0.2195 0.2195 0.226 0.226 0.226 0.2165 0.2165 0.223 0.223 0.2365 0.2365 0.2365 0.215 0.215 0.22 0.22 0.215 0.215 0.215 0.1985 0.1985 0.2295 0.2295 0.235 0.235 0.235 0.226 0.226 0.233 0.233 0.2315 0.2315 0.2315 0.2515 0.2515 0.244 0.244 0.2435 0.2435 0.2445 0.2445 0.2445 0.2395 0.2395 0.233 0.233 0.224 0.224 0.224 0.2205 0.2205 0.226 0.226 0.2335 0.2335 0.2335 0.246 0.246 0.242 0.242 0.2375 0.2375 0.2375 0.209
0.2605 0.2605 0.2565 0.2565 0.242 0.242 0.242 0.242 0.242 0.241 0.241 0.234 0.234 0.232 0.232 0.215 0.215 0.215 0.2245 0.2245 0.2315 0.2315 0.231 0.231 0.231 0.2355 0.2355 0.2335 0.2335 0.2295 0.2295 0.2295 0.2445 0.2445 0.253 0.253 0.241 0.241 0.241 0.251 0.251 0.245 0.245 0.2405 0.2405 0.2405 0.2465 0.2465 0.2495 0.2495 0.242 0.242 0.229 0.229 0.229 0.2665 0.2665 0.237 0.237 0.2325 0.2325 0.2325 0.24 0.24 0.2675 0.2675 0.255 0.255 0.255 0.252 0.252 0.2265 0.2265 0.234 0.234 0.234 0.205
0.2605 0.2605 0.2565 0.2565 0.242 0.242 0.242 0.242 0.242 0.241 0.241 0.234 0.234 0.232 0.232 0.215 0.215 0.215 0.2245 0.2245 0.2315 0.2315 0.231 0.231 0.231 0.2355 0.2355 0.2335 0.2335 0.2295 0.2295 0.2295 0.2445 0.2445 0.253 0.253 0.241 0.241 0.241 0.251 0.251 0.245 0.245 0.2405 0.2405 0.2405 0.2465 0.2465 0.2495 0.2495 0.242 0.242 0.229 0.229 0.229 0.2665 0.2665 0.237 0.237 0.2325 0.2325 0.2325 0.24 0.24 0.2675 0.2675 0.255 0.255 0.255 0.252 0.252 0.2265 0.2265 0.234 0.234 0.234 0.205
0.2605 0.2605 0.2565 0.2565 0.242 0.242 0.242 0.242 0.242 0.241 0.241 0.234 0.234 0.232 0.232 0.215 0.215 0.215 0.2245 0.2245 0.2315 0.2315 0.231 0.231 0.231 0.2355 0.2355 0.2335 0.2335 0.2295 0.2295 0.2295 0.2445 0.2445 0.253 0.253 0.241 0.241 0.241 0.251 0.251 0.245 0.245 0.2405 0.2405 0.2405 0.2465 0.2465 0.2495 0.2495 0.242 0.242 0.229 0.229 0.229 0.2665 0.2665 0.237 0.237 0.2325 0.2325 0.2325 0.24 0.24 0.2675 0.2675 0.255 0.255 0.255 0.252 0.252 0.2265 0.2265 0.234 0.234 0.234 0.205
0.2485 0.2485 0.245 0.245 0.2415 0.2415 0.218 0.218 0.218 0.233 0.233 0.235 0.235 0.24 0.24 0.224 0.224 0.224 0.22 0.22 0.229 0.229 0.2485 0.2485 0.2485 0.251 0.251 0.2605 0.2605 0.265 0.265 0.265 0.25 0.25 0.2535 0.2535 0.2445 0.2445 0.2445 0.265 0.265 0.259 0.259 0.259 0.259 0.259 0.2505 0.2505 0.2535 0.2535 0.248 0.248 0.2545 0.2545 0.2545 0.26 0.26 0.2475 0.2475 0.2895 0.2895 0.2895 0.251 0.251 0.243 0.243 0.2505 0.2505 0.2505 0.256 0.256 0.2315 0.2315 0.182 0.182 0.182 0.233
0.2485 0.2485 0.245 0.245 0.2415 0.2415 0.218 0.218 0.218 0.233 0.233 0.235 0.235 0.24 0.24 0.224 0.224 0.224 0.22 0.22 0.229 0.229 0.2485 0.2485 0.2485 0.251 0.251 0.2605 0.2605 0.265 0.265 0.265 0.25 0.25 0.2535 0.2535 0.2445 0.2445 0.2445 0.265 0.265 0.259 0.259 0.259 0.259 0.259 0.2505 0.2505 0.2535 0.2535 0.248 0.248 0.2545 0.2545 0.2545 0.26 0.26 0.2475 0.2475 0.2895 0.2895 0.2895 0.251 0.251 0.243 0.243 0.2505 0.2505 0.2505 0.256 0.256 0.2315 0.2315 0.182 0.182 0.182 0.233
0.2415 0.2415 0.2355 0.2355 0.225 0.225 0.222 0.222 0.222 0.2355 0.2355 0.237 0.237 0.2365 0.2365 0.2385 0.2385 0.2385 0.2295 0.2295 0.217 0.217 0.2415 0.2415 0.2415 0.2585 0.2585 0.249 0.249 0.242 0.242 0.242 0.2405 0.2405 0.2605 0.2605 0.259 0.259 0.259 0.2775 0.2775 0.277 0.277 0.2735 0.2735 0.2735 0.2705 0.2705 0.2545 0.2545 0.26 0.26 0.2705 0.2705 0.2705 0.2505 0.2505 0.24 0.24 0.2445 0.2445 0.2445 0.2605 0.2605 0.229 0.229 0.263 0.263 0.263 0.2875 0.2875 0.2535 0.2535 0.2475 0.2475 0.2475 0.2335
0.2415 0.2415 0.2355 0.2355 0.225 0.225 0.222 0.222 0.222 0.2355 0.2355 0.237 0.237 0.2365 0.2365 0.2385 0.2385 0.2385 0.2295 0.2295 0.217 0.217 0.2415 0.2415 0.2415 0.2585 0.2585 0.249 0.249 0.242 0.242 0.242 0.2405 0.2405 0.2605 0.2605 0.259 0.259 0.259 0.2775 0.2775 0.277 0.277 0.2735 0.2735 0.2735 0.2705 0.2705 0.2545 0.2545 0.26 0.26 0.2705 0.2705 0.2705 0.2505 0.2505 0.24 0.24 0.2445 0.2445 0.2445 0.2605 0.2605 0.229 0.229 0.263 0.263 0.263 0.2875 0.2875 0.2535 0.2535 0.2475 0.2475 0.2475 0.2335
0.231 0.231 0.242 0.242 0.254 0.254 0.2505 0.2505 0.2505 0.2605 0.2605 0.245 0.245 0.233 0.233 0.2375 0.2375 0.2375 0.2495 0.2495 0.249 0.249 0.2525 0.2525 0.2525 0.246 0.246 0.264 0.264 0.2535 0.2535 0.2535 0.2555 0.2555 0.272 0.272 0.2715 0.2715 0.2715 0.277 0.277 0.276 0.276 0.283 0.283 0.283 0.303 0.303 0.29 0.29 0.279 0.279 0.2735 0.2735 0.2735 0.275 0.275 0.2455 0.2455 0.234 0.234 0.234 0.2385 0.2385 0.2975 0.2975 0.257 0.257 0.257 0.266 0.266 0.2425 0.2425 0.2375 0.2375 0.2375 0.232
0.231 0.231 0.242 0.242 0.254 0.254 0.2505 0.2505 0.2505 0.2605 0.2605 0.245 0.245 0.233 0.233 0.2375 0.2375 0.2375 0.2495 0.2495 0.249 0.249 0.2525 0.2525 0.2525 0.246 0.246 0.264 0.264 0.2535 0.2535 0.2535 0.2555 0.2555 0.272 0.272 0.2715 0.2715 0.2715 0.277 0.277 0.276 0.276 0.283 0.283 0.283 0.303 0.303 0.29 0.29 0.279 0.279 0.2735 0.2735 0.2735 0.275 0.275 0.2455 0.2455 0.234 0.234 0.234 0.2385 0.2385 0.2975 0.2975 0.257 0.257 0.257 0.266 0.266 0.2425 0.2425 0.2375 0.2375 0.2375 0.232
0.2525 0.2525 0.2655 0.2655 0.2675 0.2675 0.2645 0.2645 0.2645 0.2595 0.2595 0.2595 0.2595 0.2435 0.2435 0.2375 0.2375 0.2375 0.235 0.235 0.235 0.235 0.2255 0.2255 0.2255 0.25 0.25 0.245 0.245 0.254 0.254 0.254 0.263 0.263 0.264 0.264 0.275 0.275 0.275 0.285 0.285 0.27 0.27 0.2795 0.2795 0.2795 0.2735 0.2735 0.282 0.282 0.2845 0.2845 0.287 0.287 0.287 0.2765 0.2765 0.2625 0.2625 0.245 0.245 0.245 0.2505 0.2505 0.2705 0.2705 0.2665 0.2665 0.2665 0.2465 0.2465 0.2285 0.2285 0.2245 0.2245 0.2245 0.2195
0.2525 0.2525 0.2655 0.2655 0.2675 0.2675 0.2645 0.2645 0.2645 0.2595 0.2595 0.2595 0.2595 0.2435 0.2435 0.2375 0.2375 0.2375 0.235 0.235 0.235 0.235 0.2255 0.2255 0.2255 0.25 0.25 0.245 0.245 0.254 0.254 0.254 0.263 0.263 0.264 0.264 0.275 0.275 0.275 0.285 0.285 0.27 0.27 0.2795 0.2795 0.2795 0.2735 0.2735 0.282 0.282 0.2845 0.2845 0.287 0.287 0.287 0.2765 0.2765 0.2625 0.2625 0.245 0.245 0.245 0.2505 0.2505 0.2705 0.2705 0.2665 0.2665 0.2665 0.2465 0.2465 0.2285 0.2285 0.2245 0.2245 0.2245 0.2195
