ndvi/NOAA-177.asc
ncols         252
nrows         154
xllcorner     -18.017974
yllcorner     13.481982
cellsize      0.035948
NODATA_value  -9999
[rows 0 to 33 of 154, columns 77 to 153 of 252]
0.11 0.11 0.1045 0.1045 0.106 0.106 0.1075 0.1075 0.1075 0.1055 0.1055 0.106 0.106 0.116 0.116 0.1155 0.1155 0.1155 0.1115 0.1115 0.1085 0.1085 0.104 0.104 0.104 0.103 0.103 0.0995 0.0995 0.1085 0.1085 0.1085 0.1085 0.1085 0.103 0.103 0.09900001 0.09900001 0.09900001 0.1075 0.1075 0.1025 0.1025 0.105 0.105 0.105 0.1075 0.1075 0.0985 0.0985 0.1015 0.1015 0.1045 0.1045 0.1045 0.103 0.103 0.104 0.104 0.1005 0.1005 0.1005 0.107 0.107 0.1115 0.1115 0.108 0.108 0.108 0.102 0.102 0.1015 0.1015 0.1025 0.1025 0.1025 0.09100001
0.11 0.11 0.1045 0.1045 0.106 0.106 0.1075 0.1075 0.1075 0.1055 0.1055 0.106 0.106 0.116 0.116 0.1155 0.1155 0.1155 0.1115 0.1115 0.1085 0.1085 0.104 0.104 0.104 0.103 0.103 0.0995 0.0995 0.1085 0.1085 0.1085 0.1085 0.1085 0.103 0.103 0.09900001 0.09900001 0.09900001 0.1075 0.1075 0.1025 0.1025 0.105 0.105 0.105 0.1075 0.1075 0.0985 0.0985 0.1015 0.1015 0.1045 0.1045 0.1045 0.103 0.103 0.104 0.104 0.1005 0.1005 0.1005 0.107 0.107 0.1115 0.1115 0.108 0.108 0.108 0.102 0.102 0.1015 0.1015 0.1025 0.1025 0.1025 0.09100001
0.1145 0.1145 0.113 0.113 0.104 0.104 0.1065 0.1065 0.1065 0.102 0.102 0.113 0.113 0.1165 0.1165 0.1125 0.1125 0.1125 0.1135 0.1135 0.1105 0.1105 0.1025 0.1025 0.1025 0.106 0.106 0.103 0.103 0.107 0.107 0.107 0.103 0.103 0.1035 0.1035 0.097 0.097 0.097 0.1015 0.1015 0.0975 0.0975 0.102 0.102 0.102 0.1085 0.1085 0.1095 0.1095 0.1135 0.1135 0.1185 0.1185 0.1185 0.11 0.11 0.1115 0.1115 0.1065 0.1065 0.1065 0.1115 0.1115 0.1065 0.1065 0.11 0.11 0.11 0.105 0.105 0.101 0.101 0.099 0.099 0.099 0.095
0.1145 0.1145 0.113 0.113 0.104 0.104 0.1065 0.1065 0.1065 0.102 0.102 0.113 0.113 0.1165 0.1165 0.1125 0.1125 0.1125 0.1135 0.1135 0.1105 0.1105 0.1025 0.1025 0.1025 0.106 0.106 0.103 0.103 0.107 0.107 0.107 0.103 0.103 0.1035 0.1035 0.097 0.097 0.097 0.1015 0.1015 0.0975 0.0975 0.102 0.102 0.102 0.1085 0.1085 0.1095 0.1095 0.1135 0.1135 0.1185 0.1185 0.1185 0.11 0.11 0.1115 0.1115 0.1065 0.1065 0.1065 0.1115 0.1115 0.1065 0.1065 0.11 0.11 0.11 0.105 0.105 0.101 0.101 0.099 0.099 0.099 0.095
0.1145 0.1145 0.113 0.113 0.104 0.104 0.1065 0.1065 0.1065 0.102 0.102 0.113 0.113 0.1165 0.1165 0.1125 0.1125 0.1125 0.1135 0.1135 0.1105 0.1105 0.1025 0.1025 0.1025 0.106 0.106 0.103 0.103 0.107 0.107 0.107 0.103 0.103 0.1035 0.1035 0.097 0.097 0.097 0.1015 0.1015 0.0975 0.0975 0.102 0.102 0.102 0.1085 0.1085 0.1095 0.1095 0.1135 0.1135 0.1185 0.1185 0.1185 0.11 0.11 0.1115 0.1115 0.1065 0.1065 0.1065 0.1115 0.1115 0.1065 0.1065 0.11 0.11 0.11 0.105 0.105 0.101 0.101 0.099 0.099 0.099 0.095
0.1095 0.1095 0.109 0.109 0.112 0.112 0.1075 0.1075 0.1075 0.111 0.111 0.1175 0.1175 0.1195 0.1195 0.117 0.117 0.117 0.1125 0.1125 0.1035 0.1035 0.1025 0.1025 0.1025 0.101 0.101 0.1045 0.1045 0.103 0.103 0.103 0.1005 0.1005 0.1035 0.1035 0.103 0.103 0.103 0.108 0.108 0.1005 0.1005 0.11 0.11 0.11 0.1095 0.1095 0.116 0.116 0.119 0.119 0.116 0.116 0.116 0.1145 0.1145 0.1095 0.1095 0.115 0.115 0.115 0.1115 0.1115 0.106 0.106 0.1125 0.1125 0.1125 0.109 0.109 0.1065 0.1065 0.0985 0.0985 0.0985 0.096
0.1095 0.1095 0.109 0.109 0.112 0.112 0.1075 0.1075 0.1075 0.111 0.111 0.1175 0.1175 0.1195 0.1195 0.117 0.117 0.117 0.1125 0.1125 0.1035 0.1035 0.1025 0.1025 0.1025 0.101 0.101 0.1045 0.1045 0.103 0.103 0.103 0.1005 0.1005 0.1035 0.1035 0.103 0.103 0.103 0.108 0.108 0.1005 0.1005 0.11 0.11 0.11 0.1095 0.1095 0.116 0.116 0.119 0.119 0.116 0.116 0.116 0.1145 0.1145 0.1095 0.1095 0.115 0.115 0.115 0.1115 0.1115 0.106 0.106 0.1125 0.1125 0.1125 0.109 0.109 0.1065 0.1065 0.0985 0.0985 0.0985 0.096
0.113 0.113 0.112 0.112 0.112 0.112 0.1115 0.1115 0.1115 0.118 0.118 0.119 0.119 0.1155 0.1155 0.1175 0.1175 0.1175 0.1155 0.1155 0.1135 0.1135 0.1085 0.1085 0.1085 0.099 0.099 0.1025 0.1025 0.101 0.101 0.101 0.116 0.116 0.116 0.116 0.114 0.114 0.114 0.1085 0.1085 0.107 0.107 0.1125 0.1125 0.1125 0.128 0.128 0.1255 0.1255 0.12 0.12 0.1145 0.1145 0.1145 0.1165 0.1165 0.1225 0.1225 0.1215 0.1215 0.1215 0.114 0.114 0.1105 0.1105 0.113 0.113 0.113 0.1105 0.1105 0.111 0.111 0.1045 0.1045 0.1045 0.0985
0.113 0.113 0.112 0.112 0.112 0.112 0.1115 0.1115 0.1115 0.118 0.118 0.119 0.119 0.1155 0.1155 0.1175 0.1175 0.1175 0.1155 0.1155 0.1135 0.1135 0.1085 0.1085 0.1085 0.099 0.099 0.1025 0.1025 0.101 0.101 0.101 0.116 0.116 0.116 0.116 0.114 0.114 0.114 0.1085 0.1085 0.107 0.107 0.1125 0.1125 0.1125 0.128 0.128 0.1255 0.1255 0.12 0.12 0.1145 0.1145 0.1145 0.1165 0.1165 0.1225 0.1225 0.1215 0.1215 0.1215 0.114 0.114 0.1105 0.1105 0.113 0.113 0.113 0.1105 0.1105 0.111 0.111 0.1045 0.1045 0.1045 0.0985
0.114 0.114 0.1185 0.1185 0.116 0.116 0.116 0.116 0.116 0.116 0.116 0.1125 0.1125 0.1145 0.1145 0.1175 0.1175 0.1175 0.111 0.111 0.117 0.117 0.1125 0.1125 0.1125 0.119 0.119 0.1205 0.1205 0.111 0.111 0.111 0.1265 0.1265 0.129 0.129 0.121 0.121 0.121 0.1195 0.1195 0.116 0.116 0.122 0.122 0.122 0.1235 0.1235 0.1215 0.1215 0.119 0.119 0.116 0.116 0.116 0.1165 0.1165 0.1225 0.1225 0.1175 0.1175 0.1175 0.1215 0.1215 0.1165 0.1165 0.114 0.114 0.114 0.1125 0.1125 0.115 0.115 0.1085 0.1085 0.1085 0.09999999
0.114 0.114 0.1185 0.1185 0.116 0.116 0.116 0.116 0.116 0.116 0.116 0.1125 0.1125 0.1145 0.1145 0.1175 0.1175 0.1175 0.111 0.111 0.117 0.117 0.1125 0.1125 0.1125 0.119 0.119 0.1205 0.1205 0.111 0.111 0.111 0.1265 0.1265 0.129 0.129 0.121 0.121 0.121 0.1195 0.1195 0.116 0.116 0.122 0.122 0.122 0.1235 0.1235 0.1215 0.1215 0.119 0.119 0.116 0.116 0.116 0.1165 0.1165 0.1225 0.1225 0.1175 0.1175 0.1175 0.1215 0.1215 0.1165 0.1165 0.114 0.114 0.114 0.1125 0.1125 0.115 0.115 0.1085 0.1085 0.1085 0.09999999
0.121 0.121 0.1215 0.1215 0.12 0.12 0.118 0.118 0.118 0.116 0.116 0.117 0.117 0.117 0.117 0.124 0.124 0.124 0.124 0.124 0.119 0.119 0.122 0.122 0.122 0.1235 0.1235 0.118 0.118 0.1215 0.1215 0.1215 0.1235 0.1235 0.1245 0.1245 0.1225 0.1225 0.1225 0.126 0.126 0.1245 0.1245 0.126 0.126 0.126 0.1235 0.1235 0.126 0.126 0.1255 0.1255 0.117 0.117 0.117 0.12 0.12 0.128 0.128 0.128 0.128 0.128 0.1265 0.1265 0.1225 0.1225 0.1145 0.1145 0.1145 0.1155 0.1155 0.113 0.113 0.106 0.106 0.106 0.12
0.121 0.121 0.1215 0.1215 0.12 0.12 0.118 0.118 0.118 0.116 0.116 0.117 0.117 0.117 0.117 0.124 0.124 0.124 0.124 0.124 0.119 0.119 0.122 0.122 0.122 0.1235 0.1235 0.118 0.118 0.1215 0.1215 0.1215 0.1235 0.1235 0.1245 0.1245 0.1225 0.1225 0.1225 0.126 0.126 0.1245 0.1245 0.126 0.126 0.126 0.1235 0.1235 0.126 0.126 0.1255 0.1255 0.117 0.117 0.117 0.12 0.12 0.128 0.128 0.128 0.128 0.128 0.1265 0.1265 0.1225 0.1225 0.1145 0.1145 0.1145 0.1155 0.1155 0.113 0.113 0.106 0.106 0.106 0.12
0.121 0.121 0.1215 0.1215 0.12 0.12 0.118 0.118 0.118 0.116 0.116 0.117 0.117 0.117 0.117 0.124 0.124 0.124 0.124 0.124 0.119 0.119 0.122 0.122 0.122 0.1235 0.1235 0.118 0.118 0.1215 0.1215 0.1215 0.1235 0.1235 0.1245 0.1245 0.1225 0.1225 0.1225 0.126 0.126 0.1245 0.1245 0.126 0.126 0.126 0.1235 0.1235 0.126 0.126 0.1255 0.1255 0.117 0.117 0.117 0.12 0.12 0.128 0.128 0.128 0.128 0.128 0.1265 0.1265 0.1225 0.1225 0.1145 0.1145 0.1145 0.1155 0.1155 0.113 0.113 0.106 0.106 0.106 0.12
0.1245 0.1245 0.122 0.122 0.12 0.12 0.1255 0.1255 0.1255 0.1245 0.1245 0.124 0.124 0.124 0.124 0.1225 0.1225 0.1225 0.126 0.126 0.1255 0.1255 0.1215 0.1215 0.1215 0.1235 0.1235 0.1225 0.1225 0.1195 0.1195 0.1195 0.1205 0.1205 0.1215 0.1215 0.1195 0.1195 0.1195 0.1195 0.1195 0.1235 0.1235 0.123 0.123 0.123 0.1265 0.1265 0.136 0.136 0.1185 0.1185 0.131 0.131 0.131 0.1335 0.1335 0.133 0.133 0.129 0.129 0.129 0.1295 0.1295 0.1295 0.1295 0.1215 0.1215 0.1215 0.1145 0.1145 0.112 0.112 0.1125 0.1125 0.1125 0.118
0.1245 0.1245 0.122 0.122 0.12 0.12 0.1255 0.1255 0.1255 0.1245 0.1245 0.124 0.124 0.124 0.124 0.1225 0.1225 0.1225 0.126 0.126 0.1255 0.1255 0.1215 0.1215 0.1215 0.1235 0.1235 0.1225 0.1225 0.1195 0.1195 0.1195 0.1205 0.1205 0.1215 0.1215 0.1195 0.1195 0.1195 0.1195 0.1195 0.1235 0.1235 0.123 0.123 0.123 0.1265 0.1265 0.136 0.136 0.1185 0.1185 0.131 0.131 0.131 0.1335 0.1335 0.133 0.133 0.129 0.129 0.129 0.1295 0.1295 0.1295 0.1295 0.1215 0.1215 0.1215 0.1145 0.1145 0.112 0.112 0.1125 0.1125 0.1125 0.118
0.1225 0.1225 0.1265 0.1265 0.1255 0.1255 0.127 0.127 0.127 0.126 0.126 0.1285 0.1285 0.1355 0.1355 0.13 0.13 0.13 0.1285 0.1285 0.1255 0.1255 0.125 0.125 0.125 0.1245 0.1245 0.124 0.124 0.1255 0.1255 0.1255 0.1195 0.1195 0.1195 0.1195 0.1205 0.1205 0.1205 0.122 0.122 0.1195 0.1195 0.1255 0.1255 0.1255 0.133 0.133 0.135 0.135 0.128 0.128 0.134 0.134 0.134 0.1315 0.1315 0.1245 0.1245 0.1275 0.1275 0.1275 0.135 0.135 0.1295 0.1295 0.1225 0.1225 0.1225 0.117 0.117 0.1135 0.1135 0.1085 0.1085 0.1085 0.112
0.1225 0.1225 0.1265 0.1265 0.1255 0.1255 0.127 0.127 0.127 0.126 0.126 0.1285 0.1285 0.1355 0.1355 0.13 0.13 0.13 0.1285 0.1285 0.1255 0.1255 0.125 0.125 0.125 0.1245 0.1245 0.124 0.124 0.1255 0.1255 0.1255 0.1195 0.1195 0.1195 0.1195 0.1205 0.1205 0.1205 0.122 0.122 0.1195 0.1195 0.1255 0.1255 0.1255 0.133 0.133 0.135 0.135 0.128 0.128 0.134 0.134 0.134 0.1315 0.1315 0.1245 0.1245 0.1275 0.1275 0.1275 0.135 0.135 0.1295 0.1295 0.1225 0.1225 0.1225 0.117 0.117 0.1135 0.1135 0.1085 0.1085 0.1085 0.112
0.1225 0.1225 0.1265 0.1265 0.127 0.127 0.1295 0.1295 0.1295 0.132 0.132 0.1305 0.1305 0.131 0.131 0.127 0.127 0.127 0.127 0.127 0.13 0.13 0.118 0.118 0.118 0.1245 0.1245 0.1285 0.1285 0.134 0.134 0.134 0.1315 0.1315 0.1275 0.1275 0.123 0.123 0.123 0.1205 0.1205 0.129 0.129 0.133 0.133 0.133 0.1385 0.1385 0.133 0.133 0.1245 0.1245 0.1295 0.1295 0.1295 0.136 0.136 0.1385 0.1385 0.139 0.139 0.139 0.142 0.142 0.129 0.129 0.1315 0.1315 0.1315 0.1345 0.1345 0.123 0.123 0.1055 0.1055 0.1055 0.1085
0.1225 0.1225 0.1265 0.1265 0.127 0.127 0.1295 0.1295 0.1295 0.132 0.132 0.1305 0.1305 0.131 0.131 0.127 0.127 0.127 0.127 0.127 0.13 0.13 0.118 0.118 0.118 0.1245 0.1245 0.1285 0.1285 0.134 0.134 0.134 0.1315 0.1315 0.1275 0.1275 0.123 0.123 0.123 0.1205 0.1205 0.129 0.129 0.133 0.133 0.133 0.1385 0.1385 0.133 0.133 0.1245 0.1245 0.1295 0.1295 0.1295 0.136 0.136 0.1385 0.1385 0.139 0.139 0.139 0.142 0.142 0.129 0.129 0.1315 0.1315 0.1315 0.1345 0.1345 0.123 0.123 0.1055 0.1055 0.1055 0.1085
0.1225 0.1225 0.1265 0.1265 0.127 0.127 0.1295 0.1295 0.1295 0.132 0.132 0.1305 0.1305 0.131 0.131 0.127 0.127 0.127 0.127 0.127 0.13 0.13 0.118 0.118 0.118 0.1245 0.1245 0.1285 0.1285 0.134 0.134 0.134 0.1315 0.1315 0.1275 0.1275 0.123 0.123 0.123 0.1205 0.1205 0.129 0.129 0.133 0.133 0.133 0.1385 0.1385 0.133 0.133 0.1245 0.1245 0.1295 0.1295 0.1295 0.136 0.136 0.1385 0.1385 0.139 0.139 0.139 0.142 0.142 0.129 0.129 0.1315 0.1315 0.1315 0.1345 0.1345 0.123 0.123 0.1055 0.1055 0.1055 0.1085
0.13 0.13 0.1315 0.1315 0.135 0.135 0.1315 0.1315 0.1315 0.134 0.134 0.132 0.132 0.133 0.133 0.131 0.131 0.131 0.128 0.128 0.1295 0.1295 0.1265 0.1265 0.1265 0.1325 0.1325 0.142 0.142 0.155 0.155 0.155 0.1545 0.1545 0.149 0.149 0.134 0.134 0.134 0.1295 0.1295 0.1395 0.1395 0.1485 0.1485 0.1485 0.1415 0.1415 0.1385 0.1385 0.129 0.129 0.14 0.14 0.14 0.132 0.132 0.146 0.146 0.149 0.149 0.149 0.1535 0.1535 0.1375 0.1375 0.139 0.139 0.139 0.138 0.138 0.129 0.129 0.1155 0.1155 0.1155 0.105
0.13 0.13 0.1315 0.1315 0.135 0.135 0.1315 0.1315 0.1315 0.134 0.134 0.132 0.132 0.133 0.133 0.131 0.131 0.131 0.128 0.128 0.1295 0.1295 0.1265 0.1265 0.1265 0.1325 0.1325 0.142 0.142 0.155 0.155 0.155 0.1545 0.1545 0.149 0.149 0.134 0.134 0.134 0.1295 0.1295 0.1395 0.1395 0.1485 0.1485 0.1485 0.1415 0.1415 0.1385 0.1385 0.129 0.129 0.14 0.14 0.14 0.132 0.132 0.146 0.146 0.149 0.149 0.149 0.1535 0.1535 0.1375 0.1375 0.139 0.139 0.139 0.138 0.138 0.129 0.129 0.1155 0.1155 0.1155 0.105
0.131 0.131 0.134 0.134 0.138 0.138 0.145 0.145 0.145 0.153 0.153 0.157 0.157 0.149 0.149 0.142 0.142 0.142 0.1495 0.1495 0.152 0.152 0.1405 0.1405 0.1405 0.145 0.145 0.1535 0.1535 0.1505 0.1505 0.1505 0.146 0.146 0.143 0.143 0.134 0.134 0.134 0.131 0.131 0.142 0.142 0.139 0.139 0.139 0.146 0.146 0.146 0.146 0.1355 0.1355 0.1275 0.1275 0.1275 0.139 0.139 0.142 0.142 0.1505 0.1505 0.1505 0.154 0.154 0.153 0.153 0.1525 0.1525 0.1525 0.138 0.138 0.128 0.128 0.1245 0.1245 0.1245 0.1155
0.131 0.131 0.134 0.134 0.138 0.138 0.145 0.145 0.145 0.153 0.153 0.157 0.157 0.149 0.149 0.142 0.142 0.142 0.1495 0.1495 0.152 0.152 0.1405 0.1405 0.1405 0.145 0.145 0.1535 0.1535 0.1505 0.1505 0.1505 0.146 0.146 0.143 0.143 0.134 0.134 0.134 0.131 0.131 0.142 0.142 0.139 0.139 0.139 0.146 0.146 0.146 0.146 0.1355 0.1355 0.1275 0.1275 0.1275 0.139 0.139 0.142 0.142 0.1505 0.1505 0.1505 0.154 0.154 0.153 0.153 0.1525 0.1525 0.1525 0.138 0.138 0.128 0.128 0.1245 0.1245 0.1245 0.1155
0.142 0.142 0.142 0.142 0.142 0.142 0.1655 0.1655 0.1655 0.1675 0.1675 0.169 0.169 0.1615 0.1615 0.159 0.159 0.159 0.1535 0.1535 0.15 0.15 0.136 0.136 0.136 0.148 0.148 0.1535 0.1535 0.1485 0.1485 0.1485 0.15 0.15 0.1425 0.1425 0.1295 0.1295 0.1295 0.132 0.132 0.136 0.136 0.147 0.147 0.147 0.1395 0.1395 0.144 0.144 0.1475 0.1475 0.1435 0.1435 0.1435 0.134 0.134 0.138 0.138 0.1495 0.1495 0.1495 0.1575 0.1575 0.167 0.167 0.1645 0.1645 0.1645 0.127 0.127 0.1235 0.1235 0.125 0.125 0.125 0.123
0.142 0.142 0.142 0.142 0.142 0.142 0.1655 0.1655 0.1655 0.1675 0.1675 0.169 0.169 0.1615 0.1615 0.159 0.159 0.159 0.1535 0.1535 0.15 0.15 0.136 0.136 0.136 0.148 0.148 0.1535 0.1535 0.1485 0.1485 0.1485 0.15 0.15 0.1425 0.1425 0.1295 0.1295 0.1295 0.132 0.132 0.136 0.136 0.147 0.147 0.147 0.1395 0.1395 0.144 0.144 0.1475 0.1475 0.1435 0.1435 0.1435 0.134 0.134 0.138 0.138 0.1495 0.1495 0.1495 0.1575 0.1575 0.167 0.167 0.1645 0.1645 0.1645 0.127 0.127 0.1235 0.1235 0.125 0.125 0.125 0.123
0.142 0.142 0.142 0.142 0.142 0.142 0.1655 0.1655 0.1655 0.1675 0.1675 0.169 0.169 0.1615 0.1615 0.159 0.159 0.159 0.1535 0.1535 0.15 0.15 0.136 0.136 0.136 0.148 0.148 0.1535 0.1535 0.1485 0.1485 0.1485 0.15 0.15 0.1425 0.1425 0.1295 0.1295 0.1295 0.132 0.132 0.136 0.136 0.147 0.147 0.147 0.1395 0.1395 0.144 0.144 0.1475 0.1475 0.1435 0.1435 0.1435 0.134 0.134 0.138 0.138 0.1495 0.1495 0.1495 0.1575 0.1575 0.167 0.167 0.1645 0.1645 0.1645 0.127 0.127 0.1235 0.1235 0.125 0.125 0.125 0.123
0.1435 0.1435 0.1615 0.1615 0.1595 0.1595 0.182 0.182 0.182 0.182 0.182 0.183 0.183 0.171 0.171 0.185 0.185 0.185 0.164 0.164 0.163 0.163 0.161 0.161 0.161 0.1525 0.1525 0.15 0.15 0.1425 0.1425 0.1425 0.145 0.145 0.15 0.15 0.14 0.14 0.14 0.135 0.135 0.14 0.14 0.1395 0.1395 0.1395 0.142 0.142 0.1475 0.1475 0.1485 0.1485 0.143 0.143 0.143 0.152 0.152 0.153 0.153 0.1595 0.1595 0.1595 0.1535 0.1535 0.163 0.163 0.1555 0.1555 0.1555 0.134 0.134 0.124 0.124 0.1275 0.1275 0.1275 0.119
0.1435 0.1435 0.1615 0.1615 0.1595 0.1595 0.182 0.182 0.182 0.182 0.182 0.183 0.183 0.171 0.171 0.185 0.185 0.185 0.164 0.164 0.163 0.163 0.161 0.161 0.161 0.1525 0.1525 0.15 0.15 0.1425 0.1425 0.1425 0.145 0.145 0.15 0.15 0.14 0.14 0.14 0.135 0.135 0.14 0.14 0.1395 0.1395 0.1395 0.142 0.142 0.1475 0.1475 0.1485 0.1485 0.143 0.143 0.143 0.152 0.152 0.153 0.153 0.1595 0.1595 0.1595 0.1535 0.1535 0.163 0.163 0.1555 0.1555 0.1555 0.134 0.134 0.124 0.124 0.1275 0.1275 0.1275 0.119
0.1675 0.1675 0.171 0.171 0.1715 0.1715 0.18 0.18 0.18 0.1935 0.1935 0.179 0.179 0.1955 0.1955 0.199 0.199 0.199 0.1865 0.1865 0.16 0.16 0.149 0.149 0.149 0.1525 0.1525 0.1515 0.1515 0.154 0.154 0.154 0.153 0.153 0.155 0.155 0.149 0.149 0.149 0.15 0.15 0.146 0.146 0.1525 0.1525 0.1525 0.147 0.147 0.1515 0.1515 0.1675 0.1675 0.158 0.158 0.158 0.1665 0.1665 0.182 0.182 0.182 0.182 0.182 0.175 0.175 0.1625 0.1625 0.149 0.149 0.149 0.1365 0.1365 0.1235 0.1235 0.132 0.132 0.132 0.1375
0.1675 0.1675 0.171 0.171 0.1715 0.1715 0.18 0.18 0.18 0.1935 0.1935 0.179 0.179 0.1955 0.1955 0.199 0.199 0.199 0.1865 0.1865 0.16 0.16 0.149 0.149 0.149 0.1525 0.1525 0.1515 0.1515 0.154 0.154 0.154 0.153 0.153 0.155 0.155 0.149 0.149 0.149 0.15 0.15 0.146 0.146 0.1525 0.1525 0.1525 0.147 0.147 0.1515 0.1515 0.1675 0.1675 0.158 0.158 0.158 0.1665 0.1665 0.182 0.182 0.182 0.182 0.182 0.175 0.175 0.1625 0.1625 0.149 0.149 0.149 0.1365 0.1365 0.1235 0.1235 0.132 0.132 0.132 0.1375
0.1875 0.1875 0.175 0.175 0.1635 0.1635 0.172 0.172 0.172 0.1555 0.1555 0.179 0.179 0.226 0.226 0.1925 0.1925 0.1925 0.1835 0.1835 0.178 0.178 0.189 0.189 0.189 0.177 0.177 0.1695 0.1695 0.1605 0.1605 0.1605 0.163 0.163 0.1605 0.1605 0.153 0.153 0.153 0.1545 0.1545 0.151 0.151 0.1815 0.1815 0.1815 0.184 0.184 0.179 0.179 0.1755 0.1755 0.162 0.162 0.162 0.17 0.17 0.158 0.158 0.1625 0.1625 0.1625 0.1775 0.1775 0.16 0.16 0.159 0.159 0.159 0.151 0.151 0.1445 0.1445 0.131 0.131 0.131 0.14
0.1875 0.1875 0.175 0.175 0.1635 0.1635 0.172 0.172 0.172 0.1555 0.1555 0.179 0.179 0.226 0.226 0.1925 0.1925 0.1925 0.1835 0.1835 0.178 0.178 0.189 0.189 0.189 0.177 0.177 0.1695 0.1695 0.1605 0.1605 0.1605 0.163 0.163 0.1605 0.1605 0.153 0.153 0.153 0.1545 0.1545 0.151 0.151 0.1815 0.1815 0.1815 0.184 0.184 0.179 0.179 0.1755 0.1755 0.162 0.162 0.162 0.17 0.17 0.158 0.158 0.1625 0.1625 0.1625 0.1775 0.1775 0.16 0.16 0.159 0.159 0.159 0.151 0.151 0.1445 0.1445 0.131 0.131 0.131 0.14
