ndvi/NOAA-34.asc
ncols         252
nrows         154
xllcorner     -18.017974
yllcorner     13.481982
cellsize      0.035948
NODATA_value  -9999
[rows 34 to 67 of 154, columns 77 to 153 of 252]
0.132 0.132 0.132 0.132 0.1305 0.1305 0.128 0.128 0.128 0.1305 0.1305 0.132 0.132 0.1325 0.1325 0.1385 0.1385 0.1385 0.137 0.137 0.135 0.135 0.137 0.137 0.137 0.1445 0.1445 0.139 0.139 0.142 0.142 0.142 0.1415 0.1415 0.1325 0.1325 0.124 0.124 0.124 0.1295 0.1295 0.123 0.123 0.14 0.14 0.14 0.127 0.127 0.125 0.125 0.1295 0.1295 0.131 0.131 0.131 0.124 0.124 0.1375 0.1375 0.1365 0.1365 0.1365 0.139 0.139 0.136 0.136 0.1435 0.1435 0.1435 0.128 0.128 0.117 0.117 0.0965 0.0965 0.0965 0.106
0.132 0.132 0.132 0.132 0.1305 0.1305 0.128 0.128 0.128 0.1305 0.1305 0.132 0.132 0.1325 0.1325 0.1385 0.1385 0.1385 0.137 0.137 0.135 0.135 0.137 0.137 0.137 0.1445 0.1445 0.139 0.139 0.142 0.142 0.142 0.1415 0.1415 0.1325 0.1325 0.124 0.124 0.124 0.1295 0.1295 0.123 0.123 0.14 0.14 0.14 0.127 0.127 0.125 0.125 0.1295 0.1295 0.131 0.131 0.131 0.124 0.124 0.1375 0.1375 0.1365 0.1365 0.1365 0.139 0.139 0.136 0.136 0.1435 0.1435 0.1435 0.128 0.128 0.117 0.117 0.0965 0.0965 0.0965 0.106
0.132 0.132 0.132 0.132 0.1305 0.1305 0.128 0.128 0.128 0.1305 0.1305 0.132 0.132 0.1325 0.1325 0.1385 0.1385 0.1385 0.137 0.137 0.135 0.135 0.137 0.137 0.137 0.1445 0.1445 0.139 0.139 0.142 0.142 0.142 0.1415 0.1415 0.1325 0.1325 0.124 0.124 0.124 0.1295 0.1295 0.123 0.123 0.14 0.14 0.14 0.127 0.127 0.125 0.125 0.1295 0.1295 0.131 0.131 0.131 0.124 0.124 0.1375 0.1375 0.1365 0.1365 0.1365 0.139 0.139 0.136 0.136 0.1435 0.1435 0.1435 0.128 0.128 0.117 0.117 0.0965 0.0965 0.0965 0.106
0.1335 0.1335 0.13 0.13 0.134 0.134 0.133 0.133 0.133 0.135 0.135 0.1365 0.1365 0.151 0.151 0.1335 0.1335 0.1335 0.138 0.138 0.131 0.131 0.1345 0.1345 0.1345 0.147 0.147 0.1415 0.1415 0.1335 0.1335 0.1335 0.1365 0.1365 0.1395 0.1395 0.1355 0.1355 0.1355 0.144 0.144 0.125 0.125 0.139 0.139 0.139 0.1425 0.1425 0.133 0.133 0.139 0.139 0.1415 0.1415 0.1415 0.143 0.143 0.165 0.165 0.163 0.163 0.163 0.156 0.156 0.1485 0.1485 0.1445 0.1445 0.1445 0.1365 0.1365 0.112 0.112 0.0815 0.0815 0.0815 0.1045
0.1335 0.1335 0.13 0.13 0.134 0.134 0.133 0.133 0.133 0.135 0.135 0.1365 0.1365 0.151 0.151 0.1335 0.1335 0.1335 0.138 0.138 0.131 0.131 0.1345 0.1345 0.1345 0.147 0.147 0.1415 0.1415 0.1335 0.1335 0.1335 0.1365 0.1365 0.1395 0.1395 0.1355 0.1355 0.1355 0.144 0.144 0.125 0.125 0.139 0.139 0.139 0.1425 0.1425 0.133 0.133 0.139 0.139 0.1415 0.1415 0.1415 0.143 0.143 0.165 0.165 0.163 0.163 0.163 0.156 0.156 0.1485 0.1485 0.1445 0.1445 0.1445 0.1365 0.1365 0.112 0.112 0.0815 0.0815 0.0815 0.1045
0.1315 0.1315 0.131 0.131 0.1295 0.1295 0.1345 0.1345 0.1345 0.1455 0.1455 0.1515 0.1515 0.1495 0.1495 0.1455 0.1455 0.1455 0.132 0.132 0.13 0.13 0.136 0.136 0.136 0.139 0.139 0.1425 0.1425 0.145 0.145 0.145 0.1455 0.1455 0.144 0.144 0.148 0.148 0.148 0.1435 0.1435 0.136 0.136 0.152 0.152 0.152 0.1615 0.1615 0.152 0.152 0.1585 0.1585 0.19 0.19 0.19 0.1565 0.1565 0.169 0.169 0.159 0.159 0.159 0.16 0.16 0.147 0.147 0.1365 0.1365 0.1365 0.135 0.135 0.0825 0.0825 0.087 0.087 0.087 0.105
0.1315 0.1315 0.131 0.131 0.1295 0.1295 0.1345 0.1345 0.1345 0.1455 0.1455 0.1515 0.1515 0.1495 0.1495 0.1455 0.1455 0.1455 0.132 0.132 0.13 0.13 0.136 0.136 0.136 0.139 0.139 0.1425 0.1425 0.145 0.145 0.145 0.1455 0.1455 0.144 0.144 0.148 0.148 0.148 0.1435 0.1435 0.136 0.136 0.152 0.152 0.152 0.1615 0.1615 0.152 0.152 0.1585 0.1585 0.19 0.19 0.19 0.1565 0.1565 0.169 0.169 0.159 0.159 0.159 0.16 0.16 0.147 0.147 0.1365 0.1365 0.1365 0.135 0.135 0.0825 0.0825 0.087 0.087 0.087 0.105
0.1395 0.1395 0.1335 0.1335 0.134 0.134 0.1385 0.1385 0.1385 0.149 0.149 0.1545 0.1545 0.1585 0.1585 0.1575 0.1575 0.1575 0.1275 0.1275 0.124 0.124 0.1305 0.1305 0.1305 0.1345 0.1345 0.1465 0.1465 0.154 0.154 0.154 0.154 0.154 0.1475 0.1475 0.1465 0.1465 0.1465 0.1425 0.1425 0.1535 0.1535 0.164 0.164 0.164 0.153 0.153 0.1555 0.1555 0.1685 0.1685 0.2005 0.2005 0.2005 0.206 0.206 0.1645 0.1645 0.1585 0.1585 0.1585 0.1385 0.1385 0.141 0.141 0.098 0.098 0.098 0.117 0.117 0.113 0.113 0.097 0.097 0.097 0.087
0.1395 0.1395 0.1335 0.1335 0.134 0.134 0.1385 0.1385 0.1385 0.149 0.149 0.1545 0.1545 0.1585 0.1585 0.1575 0.1575 0.1575 0.1275 0.1275 0.124 0.124 0.1305 0.1305 0.1305 0.1345 0.1345 0.1465 0.1465 0.154 0.154 0.154 0.154 0.154 0.1475 0.1475 0.1465 0.1465 0.1465 0.1425 0.1425 0.1535 0.1535 0.164 0.164 0.164 0.153 0.153 0.1555 0.1555 0.1685 0.1685 0.2005 0.2005 0.2005 0.206 0.206 0.1645 0.1645 0.1585 0.1585 0.1585 0.1385 0.1385 0.141 0.141 0.098 0.098 0.098 0.117 0.117 0.113 0.113 0.097 0.097 0.097 0.087
0.1395 0.1395 0.1335 0.1335 0.134 0.134 0.1385 0.1385 0.1385 0.149 0.149 0.1545 0.1545 0.1585 0.1585 0.1575 0.1575 0.1575 0.1275 0.1275 0.124 0.124 0.1305 0.1305 0.1305 0.1345 0.1345 0.1465 0.1465 0.154 0.154 0.154 0.154 0.154 0.1475 0.1475 0.1465 0.1465 0.1465 0.1425 0.1425 0.1535 0.1535 0.164 0.164 0.164 0.153 0.153 0.1555 0.1555 0.1685 0.1685 0.2005 0.2005 0.2005 0.206 0.206 0.1645 0.1645 0.1585 0.1585 0.1585 0.1385 0.1385 0.141 0.141 0.098 0.098 0.098 0.117 0.117 0.113 0.113 0.097 0.097 0.097 0.087
0.145 0.145 0.144 0.144 0.1405 0.1405 0.152 0.152 0.152 0.154 0.154 0.157 0.157 0.171 0.171 0.169 0.169 0.169 0.151 0.151 0.1305 0.1305 0.131 0.131 0.131 0.146 0.146 0.148 0.148 0.15 0.15 0.15 0.164 0.164 0.1605 0.1605 0.167 0.167 0.167 0.1685 0.1685 0.145 0.145 0.136 0.136 0.136 0.134 0.134 0.1405 0.1405 0.143 0.143 0.163 0.163 0.163 0.1545 0.1545 0.15 0.15 0.114 0.114 0.114 0.128 0.128 0.112 0.112 0.107 0.107 0.107 0.118 0.118 0.096 0.096 0.09649999 0.09649999 0.09649999 0.085
0.145 0.145 0.144 0.144 0.1405 0.1405 0.152 0.152 0.152 0.154 0.154 0.157 0.157 0.171 0.171 0.169 0.169 0.169 0.151 0.151 0.1305 0.1305 0.131 0.131 0.131 0.146 0.146 0.148 0.148 0.15 0.15 0.15 0.164 0.164 0.1605 0.1605 0.167 0.167 0.167 0.1685 0.1685 0.145 0.145 0.136 0.136 0.136 0.134 0.134 0.1405 0.1405 0.143 0.143 0.163 0.163 0.163 0.1545 0.1545 0.15 0.15 0.114 0.114 0.114 0.128 0.128 0.112 0.112 0.107 0.107 0.107 0.118 0.118 0.096 0.096 0.09649999 0.09649999 0.09649999 0.085
0.1505 0.1505 0.1475 0.1475 0.155 0.155 0.1545 0.1545 0.1545 0.154 0.154 0.1555 0.1555 0.1605 0.1605 0.166 0.166 0.166 0.136 0.136 0.1475 0.1475 0.1375 0.1375 0.1375 0.14 0.14 0.1445 0.1445 0.168 0.168 0.168 0.1965 0.1965 0.21 0.21 0.1725 0.1725 0.1725 0.136 0.136 0.133 0.133 0.125 0.125 0.125 0.1415 0.1415 0.1575 0.1575 0.167 0.167 0.1465 0.1465 0.1465 0.141 0.141 0.1475 0.1475 0.137 0.137 0.137 0.134 0.134 0.1095 0.1095 0.1145 0.1145 0.1145 0.109 0.109 0.111 0.111 0.111 0.111 0.111 0.094
0.1505 0.1505 0.1475 0.1475 0.155 0.155 0.1545 0.1545 0.1545 0.154 0.154 0.1555 0.1555 0.1605 0.1605 0.166 0.166 0.166 0.136 0.136 0.1475 0.1475 0.1375 0.1375 0.1375 0.14 0.14 0.1445 0.1445 0.168 0.168 0.168 0.1965 0.1965 0.21 0.21 0.1725 0.1725 0.1725 0.136 0.136 0.133 0.133 0.125 0.125 0.125 0.1415 0.1415 0.1575 0.1575 0.167 0.167 0.1465 0.1465 0.1465 0.141 0.141 0.1475 0.1475 0.137 0.137 0.137 0.134 0.134 0.1095 0.1095 0.1145 0.1145 0.1145 0.109 0.109 0.111 0.111 0.111 0.111 0.111 0.094
0.169 0.169 0.156 0.156 0.1555 0.1555 0.155 0.155 0.155 0.1425 0.1425 0.1465 0.1465 0.149 0.149 0.171 0.171 0.171 0.1775 0.1775 0.172 0.172 0.169 0.169 0.169 0.17 0.17 0.18 0.18 0.175 0.175 0.175 0.2125 0.2125 0.2195 0.2195 0.1475 0.1475 0.1475 0.1265 0.1265 0.13 0.13 0.1355 0.1355 0.1355 0.1525 0.1525 0.1695 0.1695 0.157 0.157 0.1505 0.1505 0.1505 0.138 0.138 0.141 0.141 0.1255 0.1255 0.1255 0.1245 0.1245 0.1295 0.1295 0.122 0.122 0.122 0.1365 0.1365 0.132 0.132 0.1025 0.1025 0.1025 0.1145
0.169 0.169 0.156 0.156 0.1555 0.1555 0.155 0.155 0.155 0.1425 0.1425 0.1465 0.1465 0.149 0.149 0.171 0.171 0.171 0.1775 0.1775 0.172 0.172 0.169 0.169 0.169 0.17 0.17 0.18 0.18 0.175 0.175 0.175 0.2125 0.2125 0.2195 0.2195 0.1475 0.1475 0.1475 0.1265 0.1265 0.13 0.13 0.1355 0.1355 0.1355 0.1525 0.1525 0.1695 0.1695 0.157 0.157 0.1505 0.1505 0.1505 0.138 0.138 0.141 0.141 0.1255 0.1255 0.1255 0.1245 0.1245 0.1295 0.1295 0.122 0.122 0.122 0.1365 0.1365 0.132 0.132 0.1025 0.1025 0.1025 0.1145
0.169 0.169 0.156 0.156 0.1555 0.1555 0.155 0.155 0.155 0.1425 0.1425 0.1465 0.1465 0.149 0.149 0.171 0.171 0.171 0.1775 0.1775 0.172 0.172 0.169 0.169 0.169 0.17 0.17 0.18 0.18 0.175 0.175 0.175 0.2125 0.2125 0.2195 0.2195 0.1475 0.1475 0.1475 0.1265 0.1265 0.13 0.13 0.1355 0.1355 0.1355 0.1525 0.1525 0.1695 0.1695 0.157 0.157 0.1505 0.1505 0.1505 0.138 0.138 0.141 0.141 0.1255 0.1255 0.1255 0.1245 0.1245 0.1295 0.1295 0.122 0.122 0.122 0.1365 0.1365 0.132 0.132 0.1025 0.1025 0.1025 0.1145
0.1655 0.1655 0.167 0.167 0.1775 0.1775 0.183 0.183 0.183 0.1855 0.1855 0.1855 0.1855 0.174 0.174 0.1825 0.1825 0.1825 0.1915 0.1915 0.1855 0.1855 0.1835 0.1835 0.1835 0.1825 0.1825 0.1825 0.1825 0.178 0.178 0.178 0.2655 0.2655 0.2585 0.2585 0.1505 0.1505 0.1505 0.1135 0.1135 0.0975 0.0975 0.128 0.128 0.128 0.1645 0.1645 0.1275 0.1275 0.151 0.151 0.1495 0.1495 0.1495 0.144 0.144 0.1375 0.1375 0.1395 0.1395 0.1395 0.1555 0.1555 0.1445 0.1445 0.133 0.133 0.133 0.1715 0.1715 0.161 0.161 0.1415 0.1415 0.1415 0.0795
0.1655 0.1655 0.167 0.167 0.1775 0.1775 0.183 0.183 0.183 0.1855 0.1855 0.1855 0.1855 0.174 0.174 0.1825 0.1825 0.1825 0.1915 0.1915 0.1855 0.1855 0.1835 0.1835 0.1835 0.1825 0.1825 0.1825 0.1825 0.178 0.178 0.178 0.2655 0.2655 0.2585 0.2585 0.1505 0.1505 0.1505 0.1135 0.1135 0.0975 0.0975 0.128 0.128 0.128 0.1645 0.1645 0.1275 0.1275 0.151 0.151 0.1495 0.1495 0.1495 0.144 0.144 0.1375 0.1375 0.1395 0.1395 0.1395 0.1555 0.1555 0.1445 0.1445 0.133 0.133 0.133 0.1715 0.1715 0.161 0.161 0.1415 0.1415 0.1415 0.0795
0.176 0.176 0.1705 0.1705 0.184 0.184 0.184 0.184 0.184 0.196 0.196 0.186 0.186 0.191 0.191 0.196 0.196 0.196 0.2085 0.2085 0.1945 0.1945 0.1855 0.1855 0.1855 0.184 0.184 0.1815 0.1815 0.168 0.168 0.168 0.128 0.128 0.193 0.193 0.172 0.172 0.172 0.1685 0.1685 0.1215 0.1215 0.131 0.131 0.131 0.119 0.119 0.103 0.103 0.145 0.145 0.1395 0.1395 0.1395 0.16 0.16 0.1645 0.1645 0.157 0.157 0.157 0.1975 0.1975 0.2105 0.2105 0.1645 0.1645 0.1645 0.157 0.157 0.167 0.167 0.1445 0.1445 0.1445 0.073
0.176 0.176 0.1705 0.1705 0.184 0.184 0.184 0.184 0.184 0.196 0.196 0.186 0.186 0.191 0.191 0.196 0.196 0.196 0.2085 0.2085 0.1945 0.1945 0.1855 0.1855 0.1855 0.184 0.184 0.1815 0.1815 0.168 0.168 0.168 0.128 0.128 0.193 0.193 0.172 0.172 0.172 0.1685 0.1685 0.1215 0.1215 0.131 0.131 0.131 0.119 0.119 0.103 0.103 0.145 0.145 0.1395 0.1395 0.1395 0.16 0.16 0.1645 0.1645 0.157 0.157 0.157 0.1975 0.1975 0.2105 0.2105 0.1645 0.1645 0.1645 0.157 0.157 0.167 0.167 0.1445 0.1445 0.1445 0.073
0.1975 0.1975 0.2015 0.2015 0.1955 0.1955 0.199 0.199 0.199 0.205 0.205 0.195 0.195 0.2045 0.2045 0.2055 0.2055 0.2055 0.2005 0.2005 0.1945 0.1945 0.193 0.193 0.193 0.184 0.184 0.1685 0.1685 0.1425 0.1425 0.1425 0.141 0.141 0.1655 0.1655 0.166 0.166 0.166 0.143 0.143 0.114 0.114 0.1285 0.1285 0.1285 0.1175 0.1175 0.1325 0.1325 0.157 0.157 0.1865 0.1865 0.1865 0.1985 0.1985 0.1805 0.1805 0.213 0.213 0.213 0.211 0.211 0.2155 0.2155 0.1825 0.1825 0.1825 0.1645 0.1645 0.15 0.15 0.1415 0.1415 0.1415 0.0925
0.1975 0.1975 0.2015 0.2015 0.1955 0.1955 0.199 0.199 0.199 0.205 0.205 0.195 0.195 0.2045 0.2045 0.2055 0.2055 0.2055 0.2005 0.2005 0.1945 0.1945 0.193 0.193 0.193 0.184 0.184 0.1685 0.1685 0.1425 0.1425 0.1425 0.141 0.141 0.1655 0.1655 0.166 0.166 0.166 0.143 0.143 0.114 0.114 0.1285 0.1285 0.1285 0.1175 0.1175 0.1325 0.1325 0.157 0.157 0.1865 0.1865 0.1865 0.1985 0.1985 0.1805 0.1805 0.213 0.213 0.213 0.211 0.211 0.2155 0.2155 0.1825 0.1825 0.1825 0.1645 0.1645 0.15 0.15 0.1415 0.1415 0.1415 0.0925
0.1925 0.1925 0.2075 0.2075 0.207 0.207 0.206 0.206 0.206 0.2055 0.2055 0.199 0.199 0.204 0.204 0.2105 0.2105 0.2105 0.2 0.2 0.194 0.194 0.191 0.191 0.191 0.1815 0.1815 0.1825 0.1825 0.185 0.185 0.185 0.15 0.15 0.1465 0.1465 0.147 0.147 0.147 0.165 0.165 0.1585 0.1585 0.147 0.147 0.147 0.106 0.106 0.1545 0.1545 0.149 0.149 0.1625 0.1625 0.1625 0.198 0.198 0.21 0.21 0.222 0.222 0.222 0.223 0.223 0.2195 0.2195 0.1935 0.1935 0.1935 0.145 0.145 0.149 0.149 0.117 0.117 0.117 0.102
0.1925 0.1925 0.2075 0.2075 0.207 0.207 0.206 0.206 0.206 0.2055 0.2055 0.199 0.199 0.204 0.204 0.2105 0.2105 0.2105 0.2 0.2 0.194 0.194 0.191 0.191 0.191 0.1815 0.1815 0.1825 0.1825 0.185 0.185 0.185 0.15 0.15 0.1465 0.1465 0.147 0.147 0.147 0.165 0.165 0.1585 0.1585 0.147 0.147 0.147 0.106 0.106 0.1545 0.1545 0.149 0.149 0.1625 0.1625 0.1625 0.198 0.198 0.21 0.21 0.222 0.222 0.222 0.223 0.223 0.2195 0.2195 0.1935 0.1935 0.1935 0.145 0.145 0.149 0.149 0.117 0.117 0.117 0.102
0.1925 0.1925 0.2075 0.2075 0.207 0.207 0.206 0.206 0.206 0.2055 0.2055 0.199 0.199 0.204 0.204 0.2105 0.2105 0.2105 0.2 0.2 0.194 0.194 0.191 0.191 0.191 0.1815 0.1815 0.1825 0.1825 0.185 0.185 0.185 0.15 0.15 0.1465 0.1465 0.147 0.147 0.147 0.165 0.165 0.1585 0.1585 0.147 0.147 0.147 0.106 0.106 0.1545 0.1545 0.149 0.149 0.1625 0.1625 0.1625 0.198 0.198 0.21 0.21 0.222 0.222 0.222 0.223 0.223 0.2195 0.2195 0.1935 0.1935 0.1935 0.145 0.145 0.149 0.149 0.117 0.117 0.117 0.102
0.205 0.205 0.2025 0.2025 0.2065 0.2065 0.2085 0.2085 0.2085 0.207 0.207 0.186 0.186 0.192 0.192 0.1945 0.1945 0.1945 0.1605 0.1605 0.1965 0.1965 0.2045 0.2045 0.2045 0.195 0.195 0.1895 0.1895 0.1975 0.1975 0.1975 0.183 0.183 0.1845 0.1845 0.1825 0.1825 0.1825 0.1545 0.1545 0.1375 0.1375 0.161 0.161 0.161 0.155 0.155 0.1105 0.1105 0.1135 0.1135 0.0565 0.0565 0.0565 0.116 0.116 0.211 0.211 0.2315 0.2315 0.2315 0.2385 0.2385 0.2085 0.2085 0.218 0.218 0.218 0.189 0.189 0.1985 0.1985 0.133 0.133 0.133 0.1025
0.205 0.205 0.2025 0.2025 0.2065 0.2065 0.2085 0.2085 0.2085 0.207 0.207 0.186 0.186 0.192 0.192 0.1945 0.1945 0.1945 0.1605 0.1605 0.1965 0.1965 0.2045 0.2045 0.2045 0.195 0.195 0.1895 0.1895 0.1975 0.1975 0.1975 0.183 0.183 0.1845 0.1845 0.1825 0.1825 0.1825 0.1545 0.1545 0.1375 0.1375 0.161 0.161 0.161 0.155 0.155 0.1105 0.1105 0.1135 0.1135 0.0565 0.0565 0.0565 0.116 0.116 0.211 0.211 0.2315 0.2315 0.2315 0.2385 0.2385 0.2085 0.2085 0.218 0.218 0.218 0.189 0.189 0.1985 0.1985 0.133 0.133 0.133 0.1025
0.21 0.21 0.2035 0.2035 0.2335 0.2335 0.2305 0.2305 0.2305 0.214 0.214 0.2135 0.2135 0.196 0.196 0.1765 0.1765 0.1765 0.1535 0.1535 0.1375 0.1375 0.18 0.18 0.18 0.195 0.195 0.1955 0.1955 0.1885 0.1885 0.1885 0.1915 0.1915 0.192 0.192 0.185 0.185 0.185 0.1575 0.1575 0.1265 0.1265 0.1385 0.1385 0.1385 0.1395 0.1395 0.136 0.136 0.151 0.151 0.141 0.141 0.141 0.15 0.15 0.2095 0.2095 0.2495 0.2495 0.2495 0.242 0.242 0.2395 0.2395 0.1915 0.1915 0.1915 0.18 0.18 0.1655 0.1655 0.141 0.141 0.141 0.1195
0.21 0.21 0.2035 0.2035 0.2335 0.2335 0.2305 0.2305 0.2305 0.214 0.214 0.2135 0.2135 0.196 0.196 0.1765 0.1765 0.1765 0.1535 0.1535 0.1375 0.1375 0.18 0.18 0.18 0.195 0.195 0.1955 0.1955 0.1885 0.1885 0.1885 0.1915 0.1915 0.192 0.192 0.185 0.185 0.185 0.1575 0.1575 0.1265 0.1265 0.1385 0.1385 0.1385 0.1395 0.1395 0.136 0.136 0.151 0.151 0.141 0.141 0.141 0.15 0.15 0.2095 0.2095 0.2495 0.2495 0.2495 0.242 0.242 0.2395 0.2395 0.1915 0.1915 0.1915 0.18 0.18 0.1655 0.1655 0.141 0.141 0.141 0.1195
0.1965 0.1965 0.1925 0.1925 0.187 0.187 0.2425 0.2425 0.2425 0.236 0.236 0.22 0.22 0.216 0.216 0.208 0.208 0.208 0.2 0.2 0.194 0.194 0.186 0.186 0.186 0.186 0.186 0.2145 0.2145 0.1875 0.1875 0.1875 0.1935 0.1935 0.1855 0.1855 0.179 0.179 0.179 0.1385 0.1385 0.1535 0.1535 0.1195 0.1195 0.1195 0.1185 0.1185 0.1175 0.1175 0.1075 0.1075 0.1375 0.1375 0.1375 0.1735 0.1735 0.2095 0.2095 0.2515 0.2515 0.2515 0.241 0.241 0.219 0.219 0.22 0.22 0.22 0.2335 0.2335 0.1985 0.1985 0.1365 0.1365 0.1365 0.14
0.1965 0.1965 0.1925 0.1925 0.187 0.187 0.2425 0.2425 0.2425 0.236 0.236 0.22 0.22 0.216 0.216 0.208 0.208 0.208 0.2 0.2 0.194 0.194 0.186 0.186 0.186 0.186 0.186 0.2145 0.2145 0.1875 0.1875 0.1875 0.1935 0.1935 0.1855 0.1855 0.179 0.179 0.179 0.1385 0.1385 0.1535 0.1535 0.1195 0.1195 0.1195 0.1185 0.1185 0.1175 0.1175 0.1075 0.1075 0.1375 0.1375 0.1375 0.1735 0.1735 0.2095 0.2095 0.2515 0.2515 0.2515 0.241 0.241 0.219 0.219 0.22 0.22 0.22 0.2335 0.2335 0.1985 0.1985 0.1365 0.1365 0.1365 0.14
0.1965 0.1965 0.1925 0.1925 0.187 0.187 0.2425 0.2425 0.2425 0.236 0.236 0.22 0.22 0.216 0.216 0.208 0.208 0.208 0.2 0.2 0.194 0.194 0.186 0.186 0.186 0.186 0.186 0.2145 0.2145 0.1875 0.1875 0.1875 0.1935 0.1935 0.1855 0.1855 0.179 0.179 0.179 0.1385 0.1385 0.1535 0.1535 0.1195 0.1195 0.1195 0.1185 0.1185 0.1175 0.1175 0.1075 0.1075 0.1375 0.1375 0.1375 0.1735 0.1735 0.2095 0.2095 0.2515 0.2515 0.2515 0.241 0.241 0.219 0.219 0.22 0.22 0.22 0.2335 0.2335 0.1985 0.1985 0.1365 0.1365 0.1365 0.14
0.1815 0.1815 0.1955 0.1955 0.177 0.177 0.246 0.246 0.246 0.196 0.196 0.233 0.233 0.282 0.282 0.2305 0.2305 0.2305 0.1945 0.1945 0.1985 0.1985 0.204 0.204 0.204 0.19 0.19 0.1995 0.1995 0.1805 0.1805 0.1805 0.1815 0.1815 0.182 0.182 0.1795 0.1795 0.1795 0.194 0.194 0.179 0.179 0.1665 0.1665 0.1665 0.115 0.115 0.153 0.153 0.144 0.144 0.19 0.19 0.19 0.2285 0.2285 0.181 0.181 0.225 0.225 0.225 0.1935 0.1935 0.203 0.203 0.204 0.204 0.204 0.2135 0.2135 0.1855 0.1855 0.1405 0.1405 0.1405 0.109
