ndvi/NOAA-127.asc
ncols         252
nrows         154
xllcorner     -18.017974
yllcorner     13.481982
cellsize      0.035948
NODATA_value  -9999
[rows 102 to 135 of 154, columns 77 to 153 of 252]
0.2445 0.2445 0.2835 0.2835 0.3005 0.3005 0.3355 0.3355 0.3355 0.3285 0.3285 0.2845 0.2845 0.2695 0.2695 0.268 0.268 0.268 0.282 0.282 0.2675 0.2675 0.277 0.277 0.277 0.3005 0.3005 0.27 0.27 0.301 0.301 0.301 0.3095 0.3095 0.307 0.307 0.3015 0.3015 0.3015 0.3115 0.3115 0.3025 0.3025 0.336 0.336 0.336 0.3145 0.3145 0.3125 0.3125 0.3125 0.3125 0.331 0.331 0.331 0.292 0.292 0.266 0.266 0.261 0.261 0.261 0.3435 0.3435 0.282 0.282 0.2945 0.2945 0.2945 0.3115 0.3115 0.322 0.322 0.295 0.295 0.295 0.273
0.2725 0.2725 0.295 0.295 0.2945 0.2945 0.2835 0.2835 0.2835 0.284 0.284 0.2755 0.2755 0.266 0.266 0.276 0.276 0.276 0.2915 0.2915 0.261 0.261 0.282 0.282 0.282 0.323 0.323 0.265 0.265 0.2795 0.2795 0.2795 0.295 0.295 0.3075 0.3075 0.3045 0.3045 0.3045 0.296 0.296 0.3005 0.3005 0.3195 0.3195 0.3195 0.3255 0.3255 0.338 0.338 0.332 0.332 0.317 0.317 0.317 0.2735 0.2735 0.3285 0.3285 0.293 0.293 0.293 0.2735 0.2735 0.3055 0.3055 0.256 0.256 0.256 0.285 0.285 0.2835 0.2835 0.295 0.295 0.295 0.2695
0.2725 0.2725 0.295 0.295 0.2945 0.2945 0.2835 0.2835 0.2835 0.284 0.284 0.2755 0.2755 0.266 0.266 0.276 0.276 0.276 0.2915 0.2915 0.261 0.261 0.282 0.282 0.282 0.323 0.323 0.265 0.265 0.2795 0.2795 0.2795 0.295 0.295 0.3075 0.3075 0.3045 0.3045 0.3045 0.296 0.296 0.3005 0.3005 0.3195 0.3195 0.3195 0.3255 0.3255 0.338 0.338 0.332 0.332 0.317 0.317 0.317 0.2735 0.2735 0.3285 0.3285 0.293 0.293 0.293 0.2735 0.2735 0.3055 0.3055 0.256 0.256 0.256 0.285 0.285 0.2835 0.2835 0.295 0.295 0.295 0.2695
0.2725 0.2725 0.295 0.295 0.2945 0.2945 0.2835 0.2835 0.2835 0.284 0.284 0.2755 0.2755 0.266 0.266 0.276 0.276 0.276 0.2915 0.2915 0.261 0.261 0.282 0.282 0.282 0.323 0.323 0.265 0.265 0.2795 0.2795 0.2795 0.295 0.295 0.3075 0.3075 0.3045 0.3045 0.3045 0.296 0.296 0.3005 0.3005 0.3195 0.3195 0.3195 0.3255 0.3255 0.338 0.338 0.332 0.332 0.317 0.317 0.317 0.2735 0.2735 0.3285 0.3285 0.293 0.293 0.293 0.2735 0.2735 0.3055 0.3055 0.256 0.256 0.256 0.285 0.285 0.2835 0.2835 0.295 0.295 0.295 0.2695
0.2695 0.2695 0.292 0.292 0.291 0.291 0.318 0.318 0.318 0.2705 0.2705 0.271 0.271 0.281 0.281 0.284 0.284 0.284 0.2785 0.2785 0.2625 0.2625 0.2905 0.2905 0.2905 0.325 0.325 0.2805 0.2805 0.259 0.259 0.259 0.2895 0.2895 0.283 0.283 0.2905 0.2905 0.2905 0.2975 0.2975 0.308 0.308 0.325 0.325 0.325 0.3225 0.3225 0.3275 0.3275 0.3165 0.3165 0.312 0.312 0.312 0.323 0.323 0.323 0.323 0.308 0.308 0.308 0.2775 0.2775 0.307 0.307 0.3025 0.3025 0.3025 0.2595 0.2595 0.2695 0.2695 0.282 0.282 0.282 0.2915
0.2695 0.2695 0.292 0.292 0.291 0.291 0.318 0.318 0.318 0.2705 0.2705 0.271 0.271 0.281 0.281 0.284 0.284 0.284 0.2785 0.2785 0.2625 0.2625 0.2905 0.2905 0.2905 0.325 0.325 0.2805 0.2805 0.259 0.259 0.259 0.2895 0.2895 0.283 0.283 0.2905 0.2905 0.2905 0.2975 0.2975 0.308 0.308 0.325 0.325 0.325 0.3225 0.3225 0.3275 0.3275 0.3165 0.3165 0.312 0.312 0.312 0.323 0.323 0.323 0.323 0.308 0.308 0.308 0.2775 0.2775 0.307 0.307 0.3025 0.3025 0.3025 0.2595 0.2595 0.2695 0.2695 0.282 0.282 0.282 0.2915
0.2915 0.2915 0.2865 0.2865 0.2945 0.2945 0.2945 0.2945 0.2945 0.308 0.308 0.286 0.286 0.3075 0.3075 0.292 0.292 0.292 0.2955 0.2955 0.295 0.295 0.3045 0.3045 0.3045 0.318 0.318 0.2665 0.2665 0.2725 0.2725 0.2725 0.282 0.282 0.3225 0.3225 0.2955 0.2955 0.2955 0.295 0.295 0.299 0.299 0.291 0.291 0.291 0.28 0.28 0.3045 0.3045 0.3385 0.3385 0.3375 0.3375 0.3375 0.3435 0.3435 0.317 0.317 0.309 0.309 0.309 0.3055 0.3055 0.3005 0.3005 0.3175 0.3175 0.3175 0.276 0.276 0.2505 0.2505 0.2515 0.2515 0.2515 0.2785
0.2915 0.2915 0.2865 0.2865 0.2945 0.2945 0.2945 0.2945 0.2945 0.308 0.308 0.286 0.286 0.3075 0.3075 0.292 0.292 0.292 0.2955 0.2955 0.295 0.295 0.3045 0.3045 0.3045 0.318 0.318 0.2665 0.2665 0.2725 0.2725 0.2725 0.282 0.282 0.3225 0.3225 0.2955 0.2955 0.2955 0.295 0.295 0.299 0.299 0.291 0.291 0.291 0.28 0.28 0.3045 0.3045 0.3385 0.3385 0.3375 0.3375 0.3375 0.3435 0.3435 0.317 0.317 0.309 0.309 0.309 0.3055 0.3055 0.3005 0.3005 0.3175 0.3175 0.3175 0.276 0.276 0.2505 0.2505 0.2515 0.2515 0.2515 0.2785
0.304 0.304 0.294 0.294 0.2795 0.2795 0.283 0.283 0.283 0.2925 0.2925 0.303 0.303 0.3235 0.3235 0.3385 0.3385 0.3385 0.326 0.326 0.2995 0.2995 0.3005 0.3005 0.3005 0.289 0.289 0.2805 0.2805 0.298 0.298 0.298 0.3305 0.3305 0.3025 0.3025 0.3255 0.3255 0.3255 0.2765 0.2765 0.3005 0.3005 0.2815 0.2815 0.2815 0.3025 0.3025 0.316 0.316 0.327 0.327 0.348 0.348 0.348 0.407 0.407 0.346 0.346 0.331 0.331 0.331 0.324 0.324 0.3425 0.3425 0.3615 0.3615 0.3615 0.385 0.385 0.371 0.371 0.3155 0.3155 0.3155 0.2635
0.304 0.304 0.294 0.294 0.2795 0.2795 0.283 0.283 0.283 0.2925 0.2925 0.303 0.303 0.3235 0.3235 0.3385 0.3385 0.3385 0.326 0.326 0.2995 0.2995 0.3005 0.3005 0.3005 0.289 0.289 0.2805 0.2805 0.298 0.298 0.298 0.3305 0.3305 0.3025 0.3025 0.3255 0.3255 0.3255 0.2765 0.2765 0.3005 0.3005 0.2815 0.2815 0.2815 0.3025 0.3025 0.316 0.316 0.327 0.327 0.348 0.348 0.348 0.407 0.407 0.346 0.346 0.331 0.331 0.331 0.324 0.324 0.3425 0.3425 0.3615 0.3615 0.3615 0.385 0.385 0.371 0.371 0.3155 0.3155 0.3155 0.2635
0.304 0.304 0.294 0.294 0.2795 0.2795 0.283 0.283 0.283 0.2925 0.2925 0.303 0.303 0.3235 0.3235 0.3385 0.3385 0.3385 0.326 0.326 0.2995 0.2995 0.3005 0.3005 0.3005 0.289 0.289 0.2805 0.2805 0.298 0.298 0.298 0.3305 0.3305 0.3025 0.3025 0.3255 0.3255 0.3255 0.2765 0.2765 0.3005 0.3005 0.2815 0.2815 0.2815 0.3025 0.3025 0.316 0.316 0.327 0.327 0.348 0.348 0.348 0.407 0.407 0.346 0.346 0.331 0.331 0.331 0.324 0.324 0.3425 0.3425 0.3615 0.3615 0.3615 0.385 0.385 0.371 0.371 0.3155 0.3155 0.3155 0.2635
0.322 0.322 0.344 0.344 0.3215 0.3215 0.324 0.324 0.324 0.32 0.32 0.326 0.326 0.31 0.31 0.3245 0.3245 0.3245 0.328 0.328 0.339 0.339 0.329 0.329 0.329 0.316 0.316 0.301 0.301 0.317 0.317 0.317 0.3195 0.3195 0.329 0.329 0.2975 0.2975 0.2975 0.3245 0.3245 0.3245 0.3245 0.3305 0.3305 0.3305 0.3535 0.3535 0.35 0.35 0.3415 0.3415 0.346 0.346 0.346 0.4015 0.4015 0.32 0.32 0.326 0.326 0.326 0.3335 0.3335 0.3345 0.3345 0.3605 0.3605 0.3605 0.3735 0.3735 0.343 0.343 0.3245 0.3245 0.3245 0.2925
0.322 0.322 0.344 0.344 0.3215 0.3215 0.324 0.324 0.324 0.32 0.32 0.326 0.326 0.31 0.31 0.3245 0.3245 0.3245 0.328 0.328 0.339 0.339 0.329 0.329 0.329 0.316 0.316 0.301 0.301 0.317 0.317 0.317 0.3195 0.3195 0.329 0.329 0.2975 0.2975 0.2975 0.3245 0.3245 0.3245 0.3245 0.3305 0.3305 0.3305 0.3535 0.3535 0.35 0.35 0.3415 0.3415 0.346 0.346 0.346 0.4015 0.4015 0.32 0.32 0.326 0.326 0.326 0.3335 0.3335 0.3345 0.3345 0.3605 0.3605 0.3605 0.3735 0.3735 0.343 0.343 0.3245 0.3245 0.3245 0.2925
0.347 0.347 0.3585 0.3585 0.354 0.354 0.3145 0.3145 0.3145 0.3205 0.3205 0.3405 0.3405 0.35 0.35 0.3355 0.3355 0.3355 0.352 0.352 0.3565 0.3565 0.3365 0.3365 0.3365 0.3255 0.3255 0.3395 0.3395 0.345 0.345 0.345 0.323 0.323 0.3185 0.3185 0.342 0.342 0.342 0.339 0.339 0.318 0.318 0.3525 0.3525 0.3525 0.359 0.359 0.3635 0.3635 0.3505 0.3505 0.3625 0.3625 0.3625 0.32 0.32 0.341 0.341 0.345 0.345 0.345 0.3315 0.3315 0.322 0.322 0.356 0.356 0.356 0.3575 0.3575 0.346 0.346 0.3745 0.3745 0.3745 0.291
0.347 0.347 0.3585 0.3585 0.354 0.354 0.3145 0.3145 0.3145 0.3205 0.3205 0.3405 0.3405 0.35 0.35 0.3355 0.3355 0.3355 0.352 0.352 0.3565 0.3565 0.3365 0.3365 0.3365 0.3255 0.3255 0.3395 0.3395 0.345 0.345 0.345 0.323 0.323 0.3185 0.3185 0.342 0.342 0.342 0.339 0.339 0.318 0.318 0.3525 0.3525 0.3525 0.359 0.359 0.3635 0.3635 0.3505 0.3505 0.3625 0.3625 0.3625 0.32 0.32 0.341 0.341 0.345 0.345 0.345 0.3315 0.3315 0.322 0.322 0.356 0.356 0.356 0.3575 0.3575 0.346 0.346 0.3745 0.3745 0.3745 0.291
0.312 0.312 0.3395 0.3395 0.326 0.326 0.318 0.318 0.318 0.3335 0.3335 0.3355 0.3355 0.352 0.352 0.351 0.351 0.351 0.362 0.362 0.3725 0.3725 0.3565 0.3565 0.3565 0.346 0.346 0.353 0.353 0.342 0.342 0.342 0.3405 0.3405 0.3475 0.3475 0.3545 0.3545 0.3545 0.327 0.327 0.34 0.34 0.3415 0.3415 0.3415 0.3645 0.3645 0.3855 0.3855 0.35 0.35 0.3435 0.3435 0.3435 0.3295 0.3295 0.373 0.373 0.365 0.365 0.365 0.327 0.327 0.3275 0.3275 0.3205 0.3205 0.3205 0.3415 0.3415 0.353 0.353 0.396 0.396 0.396 0.3725
0.312 0.312 0.3395 0.3395 0.326 0.326 0.318 0.318 0.318 0.3335 0.3335 0.3355 0.3355 0.352 0.352 0.351 0.351 0.351 0.362 0.362 0.3725 0.3725 0.3565 0.3565 0.3565 0.346 0.346 0.353 0.353 0.342 0.342 0.342 0.3405 0.3405 0.3475 0.3475 0.3545 0.3545 0.3545 0.327 0.327 0.34 0.34 0.3415 0.3415 0.3415 0.3645 0.3645 0.3855 0.3855 0.35 0.35 0.3435 0.3435 0.3435 0.3295 0.3295 0.373 0.373 0.365 0.365 0.365 0.327 0.327 0.3275 0.3275 0.3205 0.3205 0.3205 0.3415 0.3415 0.353 0.353 0.396 0.396 0.396 0.3725
0.312 0.312 0.3395 0.3395 0.326 0.326 0.318 0.318 0.318 0.3335 0.3335 0.3355 0.3355 0.352 0.352 0.351 0.351 0.351 0.362 0.362 0.3725 0.3725 0.3565 0.3565 0.3565 0.346 0.346 0.353 0.353 0.342 0.342 0.342 0.3405 0.3405 0.3475 0.3475 0.3545 0.3545 0.3545 0.327 0.327 0.34 0.34 0.3415 0.3415 0.3415 0.3645 0.3645 0.3855 0.3855 0.35 0.35 0.3435 0.3435 0.3435 0.3295 0.3295 0.373 0.373 0.365 0.365 0.365 0.327 0.327 0.3275 0.3275 0.3205 0.3205 0.3205 0.3415 0.3415 0.353 0.353 0.396 0.396 0.396 0.3725
0.3415 0.3415 0.3155 0.3155 0.315 0.315 0.313 0.313 0.313 0.319 0.319 0.3445 0.3445 0.355 0.355 0.3665 0.3665 0.3665 0.3815 0.3815 0.3775 0.3775 0.368 0.368 0.368 0.364 0.364 0.35 0.35 0.3515 0.3515 0.3515 0.3615 0.3615 0.3795 0.3795 0.3825 0.3825 0.3825 0.3805 0.3805 0.3895 0.3895 0.3865 0.3865 0.3865 0.3795 0.3795 0.397 0.397 0.385 0.385 0.4125 0.4125 0.4125 0.3685 0.3685 0.407 0.407 0.3695 0.3695 0.3695 0.344 0.344 0.3385 0.3385 0.3255 0.3255 0.3255 0.358 0.358 0.3695 0.3695 0.3755 0.3755 0.3755 0.408
0.3415 0.3415 0.3155 0.3155 0.315 0.315 0.313 0.313 0.313 0.319 0.319 0.3445 0.3445 0.355 0.355 0.3665 0.3665 0.3665 0.3815 0.3815 0.3775 0.3775 0.368 0.368 0.368 0.364 0.364 0.35 0.35 0.3515 0.3515 0.3515 0.3615 0.3615 0.3795 0.3795 0.3825 0.3825 0.3825 0.3805 0.3805 0.3895 0.3895 0.3865 0.3865 0.3865 0.3795 0.3795 0.397 0.397 0.385 0.385 0.4125 0.4125 0.4125 0.3685 0.3685 0.407 0.407 0.3695 0.3695 0.3695 0.344 0.344 0.3385 0.3385 0.3255 0.3255 0.3255 0.358 0.358 0.3695 0.3695 0.3755 0.3755 0.3755 0.408
0.322 0.322 0.354 0.354 0.3165 0.3165 0.3935 0.3935 0.3935 0.3855 0.3855 0.371 0.371 0.3855 0.3855 0.3545 0.3545 0.3545 0.3875 0.3875 0.37 0.37 0.3785 0.3785 0.3785 0.394 0.394 0.368 0.368 0.368 0.368 0.368 0.382 0.382 0.4015 0.4015 0.413 0.413 0.413 0.435 0.435 0.4121 0.4121 0.409 0.409 0.409 0.416 0.416 0.445 0.445 0.445 0.445 0.444 0.444 0.444 0.4475 0.4475 0.3935 0.3935 0.379 0.379 0.379 0.4185 0.4185 0.393 0.393 0.377 0.377 0.377 0.381 0.381 0.383 0.383 0.413 0.413 0.413 0.4065
0.322 0.322 0.354 0.354 0.3165 0.3165 0.3935 0.3935 0.3935 0.3855 0.3855 0.371 0.371 0.3855 0.3855 0.3545 0.3545 0.3545 0.3875 0.3875 0.37 0.37 0.3785 0.3785 0.3785 0.394 0.394 0.368 0.368 0.368 0.368 0.368 0.382 0.382 0.4015 0.4015 0.413 0.413 0.413 0.435 0.435 0.4121 0.4121 0.409 0.409 0.409 0.416 0.416 0.445 0.445 0.445 0.445 0.444 0.444 0.444 0.4475 0.4475 0.3935 0.3935 0.379 0.379 0.379 0.4185 0.4185 0.393 0.393 0.377 0.377 0.377 0.381 0.381 0.383 0.383 0.413 0.413 0.413 0.4065
0.319 0.319 0.3325 0.3325 0.318 0.318 0.3755 0.3755 0.3755 0.341 0.341 0.38 0.38 0.363 0.363 0.3305 0.3305 0.3305 0.371 0.371 0.4165 0.4165 0.3925 0.3925 0.3925 0.38 0.38 0.3755 0.3755 0.3955 0.3955 0.3955 0.393 0.393 0.4035 0.4035 0.419 0.419 0.419 0.4175 0.4175 0.373 0.373 0.378 0.378 0.378 0.403 0.403 0.418 0.418 0.4165 0.4165 0.41 0.41 0.41 0.396 0.396 0.438 0.438 0.4005 0.4005 0.4005 0.393 0.393 0.387 0.387 0.3975 0.3975 0.3975 0.406 0.406 0.424 0.424 0.4515 0.4515 0.4515 0.473
0.319 0.319 0.3325 0.3325 0.318 0.318 0.3755 0.3755 0.3755 0.341 0.341 0.38 0.38 0.363 0.363 0.3305 0.3305 0.3305 0.371 0.371 0.4165 0.4165 0.3925 0.3925 0.3925 0.38 0.38 0.3755 0.3755 0.3955 0.3955 0.3955 0.393 0.393 0.4035 0.4035 0.419 0.419 0.419 0.4175 0.4175 0.373 0.373 0.378 0.378 0.378 0.403 0.403 0.418 0.418 0.4165 0.4165 0.41 0.41 0.41 0.396 0.396 0.438 0.438 0.4005 0.4005 0.4005 0.393 0.393 0.387 0.387 0.3975 0.3975 0.3975 0.406 0.406 0.424 0.424 0.4515 0.4515 0.4515 0.473
0.3395 0.3395 0.3395 0.3395 0.3615 0.3615 0.336 0.336 0.336 0.3615 0.3615 0.3965 0.3965 0.3405 0.3405 0.3345 0.3345 0.3345 0.37 0.37 0.436 0.436 0.4475 0.4475 0.4475 0.4145 0.4145 0.43 0.43 0.4025 0.4025 0.4025 0.413 0.413 0.4 0.4 0.398 0.398 0.398 0.388 0.388 0.404 0.404 0.4165 0.4165 0.4165 0.404 0.404 0.4075 0.4075 0.3775 0.3775 0.4205 0.4205 0.4205 0.385 0.385 0.432 0.432 0.449 0.449 0.449 0.4015 0.4015 0.431 0.431 0.456 0.456 0.456 0.456 0.456 0.4475 0.4475 0.5155 0.5155 0.5155 0.5385
0.3395 0.3395 0.3395 0.3395 0.3615 0.3615 0.336 0.336 0.336 0.3615 0.3615 0.3965 0.3965 0.3405 0.3405 0.3345 0.3345 0.3345 0.37 0.37 0.436 0.436 0.4475 0.4475 0.4475 0.4145 0.4145 0.43 0.43 0.4025 0.4025 0.4025 0.413 0.413 0.4 0.4 0.398 0.398 0.398 0.388 0.388 0.404 0.404 0.4165 0.4165 0.4165 0.404 0.404 0.4075 0.4075 0.3775 0.3775 0.4205 0.4205 0.4205 0.385 0.385 0.432 0.432 0.449 0.449 0.449 0.4015 0.4015 0.431 0.431 0.456 0.456 0.456 0.456 0.456 0.4475 0.4475 0.5155 0.5155 0.5155 0.5385
0.3395 0.3395 0.3395 0.3395 0.3615 0.3615 0.336 0.336 0.336 0.3615 0.3615 0.3965 0.3965 0.3405 0.3405 0.3345 0.3345 0.3345 0.37 0.37 0.436 0.436 0.4475 0.4475 0.4475 0.4145 0.4145 0.43 0.43 0.4025 0.4025 0.4025 0.413 0.413 0.4 0.4 0.398 0.398 0.398 0.388 0.388 0.404 0.404 0.4165 0.4165 0.4165 0.404 0.404 0.4075 0.4075 0.3775 0.3775 0.4205 0.4205 0.4205 0.385 0.385 0.432 0.432 0.449 0.449 0.449 0.4015 0.4015 0.431 0.431 0.456 0.456 0.456 0.456 0.456 0.4475 0.4475 0.5155 0.5155 0.5155 0.5385
0.3105 0.3105 0.3115 0.3115 0.352 0.352 0.3385 0.3385 0.3385 0.365 0.365 0.3405 0.3405 0.319 0.319 0.337 0.337 0.337 0.353 0.353 0.3995 0.3995 0.4075 0.4075 0.4075 0.4315 0.4315 0.4145 0.4145 0.4265 0.4265 0.4265 0.416 0.416 0.3995 0.3995 0.41 0.41 0.41 0.438 0.438 0.4275 0.4275 0.4095 0.4095 0.4095 0.389 0.389 0.3745 0.3745 0.383 0.383 0.3985 0.3985 0.3985 0.3965 0.3965 0.3565 0.3565 0.405 0.405 0.405 0.434 0.434 0.456 0.456 0.482 0.482 0.482 0.4805 0.4805 0.4806 0.4806 0.4905 0.4905 0.4905 0.5085
0.3105 0.3105 0.3115 0.3115 0.352 0.352 0.3385 0.3385 0.3385 0.365 0.365 0.3405 0.3405 0.319 0.319 0.337 0.337 0.337 0.353 0.353 0.3995 0.3995 0.4075 0.4075 0.4075 0.4315 0.4315 0.4145 0.4145 0.4265 0.4265 0.4265 0.416 0.416 0.3995 0.3995 0.41 0.41 0.41 0.438 0.438 0.4275 0.4275 0.4095 0.4095 0.4095 0.389 0.389 0.3745 0.3745 0.383 0.383 0.3985 0.3985 0.3985 0.3965 0.3965 0.3565 0.3565 0.405 0.405 0.405 0.434 0.434 0.456 0.456 0.482 0.482 0.482 0.4805 0.4805 0.4806 0.4806 0.4905 0.4905 0.4905 0.5085
0.3025 0.3025 0.318 0.318 0.3335 0.3335 0.3635 0.3635 0.3635 0.367 0.367 0.3765 0.3765 0.3355 0.3355 0.351 0.351 0.351 0.357 0.357 0.371 0.371 0.408 0.408 0.408 0.4695 0.4695 0.481 0.481 0.3945 0.3945 0.3945 0.419 0.419 0.466 0.466 0.4775 0.4775 0.4775 0.4811 0.4811 0.445 0.445 0.397 0.397 0.397 0.429 0.429 0.3875 0.3875 0.4165 0.4165 0.45 0.45 0.45 0.453 0.453 0.4545 0.4545 0.4375 0.4375 0.4375 0.443 0.443 0.471 0.471 0.513 0.513 0.513 0.5015 0.5015 0.5425 0.5425 0.539 0.539 0.539 0.554
0.3025 0.3025 0.318 0.318 0.3335 0.3335 0.3635 0.3635 0.3635 0.367 0.367 0.3765 0.3765 0.3355 0.3355 0.351 0.351 0.351 0.357 0.357 0.371 0.371 0.408 0.408 0.408 0.4695 0.4695 0.481 0.481 0.3945 0.3945 0.3945 0.419 0.419 0.466 0.466 0.4775 0.4775 0.4775 0.4811 0.4811 0.445 0.445 0.397 0.397 0.397 0.429 0.429 0.3875 0.3875 0.4165 0.4165 0.45 0.45 0.45 0.453 0.453 0.4545 0.4545 0.4375 0.4375 0.4375 0.443 0.443 0.471 0.471 0.513 0.513 0.513 0.5015 0.5015 0.5425 0.5425 0.539 0.539 0.539 0.554
0.293 0.293 0.3185 0.3185 0.3485 0.3485 0.3565 0.3565 0.3565 0.3315 0.3315 0.353 0.353 0.3485 0.3485 0.343 0.343 0.343 0.402 0.402 0.4165 0.4165 0.49 0.49 0.49 0.5065 0.5065 0.4875 0.4875 0.4685 0.4685 0.4685 0.477 0.477 0.4745 0.4745 0.549 0.549 0.549 0.5336 0.5336 0.4806 0.4806 0.455 0.455 0.455 0.4791 0.4791 0.4941 0.4941 0.4775 0.4775 0.505 0.505 0.505 0.533 0.533 0.543 0.543 0.5545 0.5545 0.5545 0.563 0.563 0.5251 0.5251 0.5485 0.5485 0.5485 0.547 0.547 0.5345 0.5345 0.529 0.529 0.529 0.5565
0.293 0.293 0.3185 0.3185 0.3485 0.3485 0.3565 0.3565 0.3565 0.3315 0.3315 0.353 0.353 0.3485 0.3485 0.343 0.343 0.343 0.402 0.402 0.4165 0.4165 0.49 0.49 0.49 0.5065 0.5065 0.4875 0.4875 0.4685 0.4685 0.4685 0.477 0.477 0.4745 0.4745 0.549 0.549 0.549 0.5336 0.5336 0.4806 0.4806 0.455 0.455 0.455 0.4791 0.4791 0.4941 0.4941 0.4775 0.4775 0.505 0.505 0.505 0.533 0.533 0.543 0.543 0.5545 0.5545 0.5545 0.563 0.563 0.5251 0.5251 0.5485 0.5485 0.5485 0.547 0.547 0.5345 0.5345 0.529 0.529 0.529 0.5565
0.293 0.293 0.3185 0.3185 0.3485 0.3485 0.3565 0.3565 0.3565 0.3315 0.3315 0.353 0.353 0.3485 0.3485 0.343 0.343 0.343 0.402 0.402 0.4165 0.4165 0.49 0.49 0.49 0.5065 0.5065 0.4875 0.4875 0.4685 0.4685 0.4685 0.477 0.477 0.4745 0.4745 0.549 0.549 0.549 0.5336 0.5336 0.4806 0.4806 0.455 0.455 0.455 0.4791 0.4791 0.4941 0.4941 0.4775 0.4775 0.505 0.505 0.505 0.533 0.533 0.543 0.543 0.5545 0.5545 0.5545 0.563 0.563 0.5251 0.5251 0.5485 0.5485 0.5485 0.547 0.547 0.5345 0.5345 0.529 0.529 0.529 0.5565
