ndvi/NOAA-309.asc
ncols         252
nrows         154
xllcorner     -18.017974
yllcorner     13.481982
cellsize      0.035948
NODATA_value  -9999
[rows 68 to 101 of 154, columns 0 to 76 of 252]
-1 -1 -1 -1 -1 -1 -1 -1 -1 -1 -1 -1 -1 -1 -1 -1 -1 -1 -1 -1 -1 -1 -1 -1 -1 -1 -1 -1 -1 -1 -1 -1 -1 -1 -1 -1 -1 -1 -1 0.1697 0.1697 0.1697 0.3086 0.3086 0.4215 0.4215 0.4135 0.4135 0.4135 0.3255 0.3255 0.3635 0.3635 0.3995 0.3995 0.3835 0.3835 0.3835 0.4945 0.4945 0.498 0.498 0.498 0.498 0.498 0.424 0.424 0.432 0.432 0.389 0.389 0.389 0.335 0.335 0.3535 0.3535 0.3335
-1 -1 -1 -1 -1 -1 -1 -1 -1 -1 -1 -1 -1 -1 -1 -1 -1 -1 -1 -1 -1 -1 -1 -1 -1 -1 -1 -1 -1 -1 -1 -1 -1 -1 -1 -1 -1 -1 -1 0.263 0.263 0.263 0.354 0.354 0.328 0.328 0.3121 0.3121 0.3121 0.3625 0.3625 0.419 0.419 0.399 0.399 0.4095 0.4095 0.4095 0.448 0.448 0.474 0.474 0.474 0.474 0.474 0.4025 0.4025 0.414 0.414 0.3275 0.3275 0.3275 0.3225 0.3225 0.318 0.318 0.337
-1 -1 -1 -1 -1 -1 -1 -1 -1 -1 -1 -1 -1 -1 -1 -1 -1 -1 -1 -1 -1 -1 -1 -1 -1 -1 -1 -1 -1 -1 -1 -1 -1 -1 -1 -1 -1 -1 -1 0.263 0.263 0.263 0.354 0.354 0.328 0.328 0.3121 0.3121 0.3121 0.3625 0.3625 0.419 0.419 0.399 0.399 0.4095 0.4095 0.4095 0.448 0.448 0.474 0.474 0.474 0.474 0.474 0.4025 0.4025 0.414 0.414 0.3275 0.3275 0.3275 0.3225 0.3225 0.318 0.318 0.337
-1 -1 -1 -1 -1 -1 -1 -1 -1 -1 -1 -1 -1 -1 -1 -1 -1 -1 -1 -1 -1 -1 -1 -1 -1 -1 -1 -1 -1 -1 -1 -1 -1 -1 -1 -1 -1 0.0917 0.0917 0.19 0.19 0.19 0.44 0.44 0.3451 0.3451 0.3116 0.3116 0.3116 0.4075 0.4075 0.3155 0.3155 0.311 0.311 0.361 0.361 0.361 0.4765 0.4765 0.4295 0.4295 0.4295 0.4295 0.4295 0.4305 0.4305 0.375 0.375 0.425 0.425 0.425 0.367 0.367 0.358 0.358 0.367
-1 -1 -1 -1 -1 -1 -1 -1 -1 -1 -1 -1 -1 -1 -1 -1 -1 -1 -1 -1 -1 -1 -1 -1 -1 -1 -1 -1 -1 -1 -1 -1 -1 -1 -1 -1 -1 0.0917 0.0917 0.19 0.19 0.19 0.44 0.44 0.3451 0.3451 0.3116 0.3116 0.3116 0.4075 0.4075 0.3155 0.3155 0.311 0.311 0.361 0.361 0.361 0.4765 0.4765 0.4295 0.4295 0.4295 0.4295 0.4295 0.4305 0.4305 0.375 0.375 0.425 0.425 0.425 0.367 0.367 0.358 0.358 0.367
-1 -1 -1 -1 -1 -1 -1 -1 -1 -1 -1 -1 -1 -1 -1 -1 -1 -1 -1 -1 -1 -1 -1 -1 -1 -1 -1 -1 -1 -1 -1 -1 -1 -1 -1 -1 -1 0.0917 0.0917 0.19 0.19 0.19 0.44 0.44 0.3451 0.3451 0.3116 0.3116 0.3116 0.4075 0.4075 0.3155 0.3155 0.311 0.311 0.361 0.361 0.361 0.4765 0.4765 0.4295 0.4295 0.4295 0.4295 0.4295 0.4305 0.4305 0.375 0.375 0.425 0.425 0.425 0.367 0.367 0.358 0.358 0.367
-1 -1 -1 -1 -1 -1 -1 -1 -1 -1 -1 -1 -1 -1 -1 -1 -1 -1 -1 -1 -1 -1 -1 -1 -1 -1 -1 -1 -1 -1 -1 -1 -1 -1 -1 -1 -1 0.0451 0.0451 0.1565 0.1565 0.1565 0.35 0.35 0.433 0.433 0.3245 0.3245 0.3245 0.4225 0.4225 0.2886 0.2886 0.33 0.33 0.4325 0.4325 0.4325 0.382 0.382 0.438 0.438 0.438 0.438 0.438 0.4455 0.4455 0.4795 0.4795 0.441 0.441 0.441 0.398 0.398 0.4625 0.4625 0.41
-1 -1 -1 -1 -1 -1 -1 -1 -1 -1 -1 -1 -1 -1 -1 -1 -1 -1 -1 -1 -1 -1 -1 -1 -1 -1 -1 -1 -1 -1 -1 -1 -1 -1 -1 -1 -1 0.0451 0.0451 0.1565 0.1565 0.1565 0.35 0.35 0.433 0.433 0.3245 0.3245 0.3245 0.4225 0.4225 0.2886 0.2886 0.33 0.33 0.4325 0.4325 0.4325 0.382 0.382 0.438 0.438 0.438 0.438 0.438 0.4455 0.4455 0.4795 0.4795 0.441 0.441 0.441 0.398 0.398 0.4625 0.4625 0.41
-1 -1 -1 -1 -1 -1 -1 -1 -1 -1 -1 -1 -1 -1 -1 -1 -1 -1 -1 -1 -1 -1 -1 -1 -1 -1 -1 -1 -1 -1 -1 -1 -1 -1 -1 -1 -1 0.0007 0.0007 0.1667 0.1667 0.1667 0.366 0.366 0.382 0.382 0.414 0.414 0.414 0.3725 0.3725 0.38 0.38 0.391 0.391 0.4535 0.4535 0.4535 0.5135 0.5135 0.455 0.455 0.455 0.455 0.455 0.516 0.516 0.4965 0.4965 0.4665 0.4665 0.4665 0.439 0.439 0.4185 0.4185 0.42
-1 -1 -1 -1 -1 -1 -1 -1 -1 -1 -1 -1 -1 -1 -1 -1 -1 -1 -1 -1 -1 -1 -1 -1 -1 -1 -1 -1 -1 -1 -1 -1 -1 -1 -1 -1 -1 0.0007 0.0007 0.1667 0.1667 0.1667 0.366 0.366 0.382 0.382 0.414 0.414 0.414 0.3725 0.3725 0.38 0.38 0.391 0.391 0.4535 0.4535 0.4535 0.5135 0.5135 0.455 0.455 0.455 0.455 0.455 0.516 0.516 0.4965 0.4965 0.4665 0.4665 0.4665 0.439 0.439 0.4185 0.4185 0.42
-1 -1 -1 -1 -1 -1 -1 -1 -1 -1 -1 -1 -1 -1 -1 -1 -1 -1 -1 -1 -1 -1 -1 -1 -1 -1 -1 -1 -1 -1 -1 -1 -1 -1 -1 -1 -1 0.0392 0.0392 0.1225 0.1225 0.1225 0.297 0.297 0.3865 0.3865 0.3825 0.3825 0.3825 0.4325 0.4325 0.415 0.415 0.4115 0.4115 0.4435 0.4435 0.4435 0.456 0.456 0.504 0.504 0.504 0.504 0.504 0.502 0.502 0.519 0.519 0.5215 0.5215 0.5215 0.439 0.439 0.386 0.386 0.4075
-1 -1 -1 -1 -1 -1 -1 -1 -1 -1 -1 -1 -1 -1 -1 -1 -1 -1 -1 -1 -1 -1 -1 -1 -1 -1 -1 -1 -1 -1 -1 -1 -1 -1 -1 -1 -1 0.0392 0.0392 0.1225 0.1225 0.1225 0.297 0.297 0.3865 0.3865 0.3825 0.3825 0.3825 0.4325 0.4325 0.415 0.415 0.4115 0.4115 0.4435 0.4435 0.4435 0.456 0.456 0.504 0.504 0.504 0.504 0.504 0.502 0.502 0.519 0.519 0.5215 0.5215 0.5215 0.439 0.439 0.386 0.386 0.4075
-1 -1 -1 -1 -1 -1 -1 -1 -1 -1 -1 -1 -1 -1 -1 -1 -1 -1 -1 -1 -1 -1 -1 -1 -1 -1 -1 -1 -1 -1 -1 -1 -1 -1 -1 -1 -1 0.0157 0.0157 0.2425 0.2425 0.2425 0.4285 0.4285 0.4035 0.4035 0.3955 0.3955 0.3955 0.4385 0.4385 0.519 0.519 0.4105 0.4105 0.4445 0.4445 0.4445 0.4065 0.4065 0.416 0.416 0.416 0.416 0.416 0.5085 0.5085 0.533 0.533 0.524 0.524 0.524 0.4435 0.4435 0.4445 0.4445 0.4221
-1 -1 -1 -1 -1 -1 -1 -1 -1 -1 -1 -1 -1 -1 -1 -1 -1 -1 -1 -1 -1 -1 -1 -1 -1 -1 -1 -1 -1 -1 -1 -1 -1 -1 -1 -1 -1 0.0157 0.0157 0.2425 0.2425 0.2425 0.4285 0.4285 0.4035 0.4035 0.3955 0.3955 0.3955 0.4385 0.4385 0.519 0.519 0.4105 0.4105 0.4445 0.4445 0.4445 0.4065 0.4065 0.416 0.416 0.416 0.416 0.416 0.5085 0.5085 0.533 0.533 0.524 0.524 0.524 0.4435 0.4435 0.4445 0.4445 0.4221
-1 -1 -1 -1 -1 -1 -1 -1 -1 -1 -1 -1 -1 -1 -1 -1 -1 -1 -1 -1 -1 -1 -1 -1 -1 -1 -1 -1 -1 -1 -1 -1 -1 -1 -1 -1 -1 0.0157 0.0157 0.2425 0.2425 0.2425 0.4285 0.4285 0.4035 0.4035 0.3955 0.3955 0.3955 0.4385 0.4385 0.519 0.519 0.4105 0.4105 0.4445 0.4445 0.4445 0.4065 0.4065 0.416 0.416 0.416 0.416 0.416 0.5085 0.5085 0.533 0.533 0.524 0.524 0.524 0.4435 0.4435 0.4445 0.4445 0.4221
-1 -1 -1 -1 -1 -1 -1 -1 -1 -1 -1 -1 -1 -1 -1 -1 -1 -1 -1 -1 -1 -1 -1 -1 -1 -1 -1 -1 -1 -1 -1 -1 -1 -1 -1 -1 -1 0.0492 0.0492 0.3 0.3 0.3 0.366 0.366 0.375 0.375 0.418 0.418 0.418 0.4925 0.4925 0.4855 0.4855 0.5095 0.5095 0.521 0.521 0.521 0.4765 0.4765 0.455 0.455 0.455 0.455 0.455 0.4655 0.4655 0.498 0.498 0.5470001 0.5470001 0.5470001 0.4155 0.4155 0.423 0.423 0.4116
-1 -1 -1 -1 -1 -1 -1 -1 -1 -1 -1 -1 -1 -1 -1 -1 -1 -1 -1 -1 -1 -1 -1 -1 -1 -1 -1 -1 -1 -1 -1 -1 -1 -1 -1 -1 -1 0.0492 0.0492 0.3 0.3 0.3 0.366 0.366 0.375 0.375 0.418 0.418 0.418 0.4925 0.4925 0.4855 0.4855 0.5095 0.5095 0.521 0.521 0.521 0.4765 0.4765 0.455 0.455 0.455 0.455 0.455 0.4655 0.4655 0.498 0.498 0.5470001 0.5470001 0.5470001 0.4155 0.4155 0.423 0.423 0.4116
-1 -1 -1 -1 -1 -1 -1 -1 -1 -1 -1 -1 -1 -1 -1 -1 -1 -1 -1 -1 -1 -1 -1 -1 -1 -1 -1 -1 -1 -1 -1 -1 -1 -1 -1 -1 -1 0.1036 0.1036 0.387 0.387 0.387 0.3855 0.3855 0.341 0.341 0.4465 0.4465 0.4465 0.3995 0.3995 0.437 0.437 0.478 0.478 0.473 0.473 0.473 0.4215 0.4215 0.4735 0.4735 0.4735 0.4735 0.4735 0.4641 0.4641 0.4865 0.4865 0.445 0.445 0.445 0.431 0.431 0.4701 0.4701 0.4206
-1 -1 -1 -1 -1 -1 -1 -1 -1 -1 -1 -1 -1 -1 -1 -1 -1 -1 -1 -1 -1 -1 -1 -1 -1 -1 -1 -1 -1 -1 -1 -1 -1 -1 -1 -1 -1 0.1036 0.1036 0.387 0.387 0.387 0.3855 0.3855 0.341 0.341 0.4465 0.4465 0.4465 0.3995 0.3995 0.437 0.437 0.478 0.478 0.473 0.473 0.473 0.4215 0.4215 0.4735 0.4735 0.4735 0.4735 0.4735 0.4641 0.4641 0.4865 0.4865 0.445 0.445 0.445 0.431 0.431 0.4701 0.4701 0.4206
-1 -1 -1 -1 -1 -1 -1 -1 -1 -1 -1 -1 -1 -1 -1 -1 -1 -1 -1 -1 -1 -1 -1 -1 -1 -1 -1 -1 -1 -1 -1 -1 -1 -1 -1 0.0282 0.0282 0.3505 0.3505 0.4045 0.4045 0.4045 0.424 0.424 0.376 0.376 0.388 0.388 0.388 0.41 0.41 0.4745 0.4745 0.4465 0.4465 0.417 0.417 0.417 0.506 0.506 0.5155 0.5155 0.5155 0.5155 0.5155 0.473 0.473 0.528 0.528 0.6215 0.6215 0.6215 0.474 0.474 0.4835 0.4835 0.4635
-1 -1 -1 -1 -1 -1 -1 -1 -1 -1 -1 -1 -1 -1 -1 -1 -1 -1 -1 -1 -1 -1 -1 -1 -1 -1 -1 -1 -1 -1 -1 -1 -1 -1 -1 0.0282 0.0282 0.3505 0.3505 0.4045 0.4045 0.4045 0.424 0.424 0.376 0.376 0.388 0.388 0.388 0.41 0.41 0.4745 0.4745 0.4465 0.4465 0.417 0.417 0.417 0.506 0.506 0.5155 0.5155 0.5155 0.5155 0.5155 0.473 0.473 0.528 0.528 0.6215 0.6215 0.6215 0.474 0.474 0.4835 0.4835 0.4635
-1 -1 -1 -1 -1 -1 -1 -1 -1 -1 -1 -1 -1 -1 -1 -1 -1 -1 -1 -1 -1 -1 -1 -1 -1 -1 -1 -1 -1 -1 -1 -1 -1 -1 -1 0.0282 0.0282 0.3505 0.3505 0.4045 0.4045 0.4045 0.424 0.424 0.376 0.376 0.388 0.388 0.388 0.41 0.41 0.4745 0.4745 0.4465 0.4465 0.417 0.417 0.417 0.506 0.506 0.5155 0.5155 0.5155 0.5155 0.5155 0.473 0.473 0.528 0.528 0.6215 0.6215 0.6215 0.474 0.474 0.4835 0.4835 0.4635
-1 -1 -1 -1 -1 -1 -1 -1 -1 -1 -1 -1 -1 -1 -1 -1 -1 -1 -1 -1 -1 -1 -1 -1 -1 -1 -1 -1 -1 -1 -1 -1 -1 -1 -1 0.361 0.361 0.4415 0.4415 0.423 0.423 0.423 0.3875 0.3875 0.3865 0.3865 0.398 0.398 0.398 0.3585 0.3585 0.399 0.399 0.464 0.464 0.55 0.55 0.55 0.5775 0.5775 0.5039999 0.5039999 0.5039999 0.5039999 0.5039999 0.529 0.529 0.4765 0.4765 0.484 0.484 0.484 0.507 0.507 0.476 0.476 0.485
-1 -1 -1 -1 -1 -1 -1 -1 -1 -1 -1 -1 -1 -1 -1 -1 -1 -1 -1 -1 -1 -1 -1 -1 -1 -1 -1 -1 -1 -1 -1 -1 -1 -1 -1 0.361 0.361 0.4415 0.4415 0.423 0.423 0.423 0.3875 0.3875 0.3865 0.3865 0.398 0.398 0.398 0.3585 0.3585 0.399 0.399 0.464 0.464 0.55 0.55 0.55 0.5775 0.5775 0.5039999 0.5039999 0.5039999 0.5039999 0.5039999 0.529 0.529 0.4765 0.4765 0.484 0.484 0.484 0.507 0.507 0.476 0.476 0.485
-1 -1 -1 -1 -1 -1 -1 -1 -1 -1 -1 -1 -1 -1 -1 -1 -1 -1 -1 -1 -1 -1 -1 -1 -1 -1 -1 -1 -1 -1 -1 -1 0.0992 0.0992 0.0992 0.463 0.463 0.4425 0.4425 0.423 0.423 0.423 0.376 0.376 0.386 0.386 0.3995 0.3995 0.3995 0.3655 0.3655 0.3995 0.3995 0.523 0.523 0.519 0.519 0.519 0.554 0.554 0.5595 0.5595 0.5595 0.5595 0.5595 0.5425 0.5425 0.561 0.561 0.5725 0.5725 0.5725 0.6205 0.6205 0.5355 0.5355 0.5455
-1 -1 -1 -1 -1 -1 -1 -1 -1 -1 -1 -1 -1 -1 -1 -1 -1 -1 -1 -1 -1 -1 -1 -1 -1 -1 -1 -1 -1 -1 -1 -1 0.0992 0.0992 0.0992 0.463 0.463 0.4425 0.4425 0.423 0.423 0.423 0.376 0.376 0.386 0.386 0.3995 0.3995 0.3995 0.3655 0.3655 0.3995 0.3995 0.523 0.523 0.519 0.519 0.519 0.554 0.554 0.5595 0.5595 0.5595 0.5595 0.5595 0.5425 0.5425 0.561 0.561 0.5725 0.5725 0.5725 0.6205 0.6205 0.5355 0.5355 0.5455
-1 -1 -1 -1 -1 -1 -1 -1 -1 -1 -1 -1 -1 -1 -1 -1 -1 -1 -1 -1 -1 -1 -1 -1 -1 -1 -1 -1 -1 -1 0.0267 0.0267 0.276 0.276 0.276 0.4255 0.4255 0.4155 0.4155 0.3896 0.3896 0.3896 0.3755 0.3755 0.3685 0.3685 0.3805 0.3805 0.3805 0.3735 0.3735 0.4265 0.4265 0.5115 0.5115 0.5445 0.5445 0.5445 0.6075 0.6075 0.573 0.573 0.573 0.573 0.573 0.545 0.545 0.549 0.549 0.566 0.566 0.566 0.5895 0.5895 0.515 0.515 0.4931
-1 -1 -1 -1 -1 -1 -1 -1 -1 -1 -1 -1 -1 -1 -1 -1 -1 -1 -1 -1 -1 -1 -1 -1 -1 -1 -1 -1 -1 -1 0.0267 0.0267 0.276 0.276 0.276 0.4255 0.4255 0.4155 0.4155 0.3896 0.3896 0.3896 0.3755 0.3755 0.3685 0.3685 0.3805 0.3805 0.3805 0.3735 0.3735 0.4265 0.4265 0.5115 0.5115 0.5445 0.5445 0.5445 0.6075 0.6075 0.573 0.573 0.573 0.573 0.573 0.545 0.545 0.549 0.549 0.566 0.566 0.566 0.5895 0.5895 0.515 0.515 0.4931
-1 -1 -1 -1 -1 -1 -1 -1 -1 -1 -1 -1 -1 -1 -1 -1 -1 -1 -1 -1 -1 -1 -1 -1 -1 -1 -1 -1 -1 -1 0.0267 0.0267 0.276 0.276 0.276 0.4255 0.4255 0.4155 0.4155 0.3896 0.3896 0.3896 0.3755 0.3755 0.3685 0.3685 0.3805 0.3805 0.3805 0.3735 0.3735 0.4265 0.4265 0.5115 0.5115 0.5445 0.5445 0.5445 0.6075 0.6075 0.573 0.573 0.573 0.573 0.573 0.545 0.545 0.549 0.549 0.566 0.566 0.566 0.5895 0.5895 0.515 0.515 0.4931
-1 -1 -1 -1 -1 -1 -1 -1 -1 -1 -1 -1 -1 -1 -1 -1 -1 -1 -1 -1 -1 -1 -1 -1 -1 -1 -1 -1 -1 -1 0.196 0.196 0.476 0.476 0.476 0.436 0.436 0.4161 0.4161 0.3996 0.3996 0.3996 0.3475 0.3475 0.404 0.404 0.4395 0.4395 0.4395 0.4725 0.4725 0.5035 0.5035 0.5515 0.5515 0.551 0.551 0.551 0.64 0.64 0.5779999 0.5779999 0.5779999 0.5779999 0.5779999 0.5685 0.5685 0.524 0.524 0.532 0.532 0.532 0.5595 0.5595 0.564 0.564 0.5475
-1 -1 -1 -1 -1 -1 -1 -1 -1 -1 -1 -1 -1 -1 -1 -1 -1 -1 -1 -1 -1 -1 -1 -1 -1 -1 -1 -1 -1 -1 0.196 0.196 0.476 0.476 0.476 0.436 0.436 0.4161 0.4161 0.3996 0.3996 0.3996 0.3475 0.3475 0.404 0.404 0.4395 0.4395 0.4395 0.4725 0.4725 0.5035 0.5035 0.5515 0.5515 0.551 0.551 0.551 0.64 0.64 0.5779999 0.5779999 0.5779999 0.5779999 0.5779999 0.5685 0.5685 0.524 0.524 0.532 0.532 0.532 0.5595 0.5595 0.564 0.564 0.5475
-1 -1 -1 -1 -1 -1 -1 -1 -1 -1 -1 -1 -1 -1 -1 -1 -1 -1 -1 -1 -1 -1 -1 -1 -1 -1 -1 -1 0.07269999 0.07269999 0.394 0.394 0.453 0.453 0.453 0.4795 0.4795 0.378 0.378 0.389 0.389 0.389 0.422 0.422 0.4305 0.4305 0.4995 0.4995 0.4995 0.5305 0.5305 0.5041 0.5041 0.5655 0.5655 0.6055 0.6055 0.6055 0.6395 0.6395 0.606 0.606 0.606 0.606 0.606 0.5855 0.5855 0.547 0.547 0.5285 0.5285 0.5285 0.5505 0.5505 0.542 0.542 0.5126
-1 -1 -1 -1 -1 -1 -1 -1 -1 -1 -1 -1 -1 -1 -1 -1 -1 -1 -1 -1 -1 -1 -1 -1 -1 -1 -1 -1 0.07269999 0.07269999 0.394 0.394 0.453 0.453 0.453 0.4795 0.4795 0.378 0.378 0.389 0.389 0.389 0.422 0.422 0.4305 0.4305 0.4995 0.4995 0.4995 0.5305 0.5305 0.5041 0.5041 0.5655 0.5655 0.6055 0.6055 0.6055 0.6395 0.6395 0.606 0.606 0.606 0.606 0.606 0.5855 0.5855 0.547 0.547 0.5285 0.5285 0.5285 0.5505 0.5505 0.542 0.542 0.5126
-1 -1 -1 -1 -1 -1 -1 -1 -1 -1 -1 -1 -1 -1 -1 -1 -1 -1 -1 -1 -1 -1 -1 -1 -1 0.0207 0.0207 0.0207 0.259 0.259 0.506 0.506 0.469 0.469 0.469 0.3925 0.3925 0.374 0.374 0.371 0.371 0.371 0.4385 0.4385 0.4415 0.4415 0.4705 0.4705 0.4705 0.4835 0.4835 0.5127 0.5127 0.5406 0.5406 0.5185 0.5185 0.5185 0.5442 0.5442 0.58 0.58 0.58 0.58 0.58 0.5371 0.5371 0.5021 0.5021 0.5416 0.5416 0.5416 0.5591 0.5591 0.5811 0.5811 0.4887
