ndvi/NOAA-150.asc
ncols         252
nrows         154
xllcorner     -18.017974
yllcorner     13.481982
cellsize      0.035948
NODATA_value  -9999
[rows 102 to 135 of 154, columns 0 to 76 of 252]
-1 -1 -1 -1 -1 -1 -1 -1 -1 -1 -1 -1 -1 -1 -1 -1 -1 -1 -1 -1 -1 -1 -1 -1 -1 0.049 0.049 0.049 0.0865 0.0865 0.248 0.248 0.244 0.244 0.244 0.228 0.228 0.219 0.219 0.2045 0.2045 0.2045 0.2125 0.2125 0.235 0.235 0.214 0.214 0.214 0.237 0.237 0.2495 0.2495 0.2345 0.2345 0.253 0.253 0.253 0.2635 0.2635 0.2945 0.2945 0.2945 0.2945 0.2945 0.2695 0.2695 0.2685 0.2685 0.264 0.264 0.264 0.2545 0.2545 0.253 0.253 0.1995
-1 -1 -1 -1 -1 -1 -1 -1 -1 -1 -1 -1 -1 -1 -1 -1 -1 -1 -1 -1 -1 -1 -1 0.0112 0.0112 0.145 0.145 0.145 0.2655 0.2655 0.2125 0.2125 0.2205 0.2205 0.2205 0.2245 0.2245 0.2475 0.2475 0.238 0.238 0.238 0.246 0.246 0.2285 0.2285 0.238 0.238 0.238 0.2335 0.2335 0.2395 0.2395 0.231 0.231 0.2195 0.2195 0.2195 0.25 0.25 0.271 0.271 0.271 0.271 0.271 0.267 0.267 0.271 0.271 0.278 0.278 0.278 0.271 0.271 0.256 0.256 0.242
-1 -1 -1 -1 -1 -1 -1 -1 -1 -1 -1 -1 -1 -1 -1 -1 -1 -1 -1 -1 -1 -1 -1 0.0112 0.0112 0.145 0.145 0.145 0.2655 0.2655 0.2125 0.2125 0.2205 0.2205 0.2205 0.2245 0.2245 0.2475 0.2475 0.238 0.238 0.238 0.246 0.246 0.2285 0.2285 0.238 0.238 0.238 0.2335 0.2335 0.2395 0.2395 0.231 0.231 0.2195 0.2195 0.2195 0.25 0.25 0.271 0.271 0.271 0.271 0.271 0.267 0.267 0.271 0.271 0.278 0.278 0.278 0.271 0.271 0.256 0.256 0.242
-1 -1 -1 -1 -1 -1 -1 -1 -1 -1 -1 -1 -1 -1 -1 -1 -1 -1 -1 -1 -1 -1 -1 0.0112 0.0112 0.145 0.145 0.145 0.2655 0.2655 0.2125 0.2125 0.2205 0.2205 0.2205 0.2245 0.2245 0.2475 0.2475 0.238 0.238 0.238 0.246 0.246 0.2285 0.2285 0.238 0.238 0.238 0.2335 0.2335 0.2395 0.2395 0.231 0.231 0.2195 0.2195 0.2195 0.25 0.25 0.271 0.271 0.271 0.271 0.271 0.267 0.267 0.271 0.271 0.278 0.278 0.278 0.271 0.271 0.256 0.256 0.242
-1 -1 -1 -1 -1 -1 -1 -1 -1 -1 -1 -1 -1 -1 -1 -1 -1 -1 -1 -1 -1 0.028 0.028 0.122 0.122 0.2245 0.2245 0.2245 0.222 0.222 0.215 0.215 0.2045 0.2045 0.2045 0.242 0.242 0.248 0.248 0.253 0.253 0.253 0.249 0.249 0.234 0.234 0.2265 0.2265 0.2265 0.239 0.239 0.241 0.241 0.229 0.229 0.256 0.256 0.256 0.2735 0.2735 0.2655 0.2655 0.2655 0.2655 0.2655 0.2685 0.2685 0.278 0.278 0.278 0.278 0.278 0.288 0.288 0.2775 0.2775 0.233
-1 -1 -1 -1 -1 -1 -1 -1 -1 -1 -1 -1 -1 -1 -1 -1 -1 -1 -1 -1 -1 0.028 0.028 0.122 0.122 0.2245 0.2245 0.2245 0.222 0.222 0.215 0.215 0.2045 0.2045 0.2045 0.242 0.242 0.248 0.248 0.253 0.253 0.253 0.249 0.249 0.234 0.234 0.2265 0.2265 0.2265 0.239 0.239 0.241 0.241 0.229 0.229 0.256 0.256 0.256 0.2735 0.2735 0.2655 0.2655 0.2655 0.2655 0.2655 0.2685 0.2685 0.278 0.278 0.278 0.278 0.278 0.288 0.288 0.2775 0.2775 0.233
-1 -1 -1 -1 -1 -1 -1 -1 -1 -1 -1 -1 -1 -1 -1 -1 -1 -1 -1 -1 -1 0.083 0.083 0.247 0.247 0.2525 0.2525 0.2525 0.2225 0.2225 0.214 0.214 0.225 0.225 0.225 0.248 0.248 0.245 0.245 0.261 0.261 0.261 0.2705 0.2705 0.242 0.242 0.242 0.242 0.242 0.2295 0.2295 0.247 0.247 0.2615 0.2615 0.256 0.256 0.256 0.267 0.267 0.2665 0.2665 0.2665 0.2665 0.2665 0.2635 0.2635 0.2745 0.2745 0.291 0.291 0.291 0.2695 0.2695 0.2575 0.2575 0.2285
-1 -1 -1 -1 -1 -1 -1 -1 -1 -1 -1 -1 -1 -1 -1 -1 -1 -1 -1 -1 -1 0.083 0.083 0.247 0.247 0.2525 0.2525 0.2525 0.2225 0.2225 0.214 0.214 0.225 0.225 0.225 0.248 0.248 0.245 0.245 0.261 0.261 0.261 0.2705 0.2705 0.242 0.242 0.242 0.242 0.242 0.2295 0.2295 0.247 0.247 0.2615 0.2615 0.256 0.256 0.256 0.267 0.267 0.2665 0.2665 0.2665 0.2665 0.2665 0.2635 0.2635 0.2745 0.2745 0.291 0.291 0.291 0.2695 0.2695 0.2575 0.2575 0.2285
-1 -1 -1 -1 -1 -1 -1 -1 -1 -1 -1 -1 -1 -1 -1 -1 -1 -1 0.0805 0.0805 0.0805 0.248 0.248 0.2425 0.2425 0.2475 0.2475 0.2475 0.2325 0.2325 0.2215 0.2215 0.2335 0.2335 0.2335 0.2535 0.2535 0.2545 0.2545 0.258 0.258 0.258 0.262 0.262 0.253 0.253 0.2395 0.2395 0.2395 0.252 0.252 0.2515 0.2515 0.2445 0.2445 0.248 0.248 0.248 0.2475 0.2475 0.2665 0.2665 0.2665 0.2665 0.2665 0.25 0.25 0.253 0.253 0.2825 0.2825 0.2825 0.2565 0.2565 0.248 0.248 0.2295
-1 -1 -1 -1 -1 -1 -1 -1 -1 -1 -1 -1 -1 -1 -1 -1 -1 -1 0.0805 0.0805 0.0805 0.248 0.248 0.2425 0.2425 0.2475 0.2475 0.2475 0.2325 0.2325 0.2215 0.2215 0.2335 0.2335 0.2335 0.2535 0.2535 0.2545 0.2545 0.258 0.258 0.258 0.262 0.262 0.253 0.253 0.2395 0.2395 0.2395 0.252 0.252 0.2515 0.2515 0.2445 0.2445 0.248 0.248 0.248 0.2475 0.2475 0.2665 0.2665 0.2665 0.2665 0.2665 0.25 0.25 0.253 0.253 0.2825 0.2825 0.2825 0.2565 0.2565 0.248 0.248 0.2295
-1 -1 -1 -1 -1 -1 -1 -1 -1 -1 -1 -1 -1 -1 -1 -1 -1 -1 0.0805 0.0805 0.0805 0.248 0.248 0.2425 0.2425 0.2475 0.2475 0.2475 0.2325 0.2325 0.2215 0.2215 0.2335 0.2335 0.2335 0.2535 0.2535 0.2545 0.2545 0.258 0.258 0.258 0.262 0.262 0.253 0.253 0.2395 0.2395 0.2395 0.252 0.252 0.2515 0.2515 0.2445 0.2445 0.248 0.248 0.248 0.2475 0.2475 0.2665 0.2665 0.2665 0.2665 0.2665 0.25 0.25 0.253 0.253 0.2825 0.2825 0.2825 0.2565 0.2565 0.248 0.248 0.2295
-1 -1 -1 -1 -1 -1 -1 -1 -1 -1 -1 -1 -1 -1 -1 -1 0.1271 0.1271 0.278 0.278 0.278 0.264 0.264 0.258 0.258 0.2235 0.2235 0.2235 0.225 0.225 0.246 0.246 0.256 0.256 0.256 0.261 0.261 0.2445 0.2445 0.249 0.249 0.249 0.257 0.257 0.238 0.238 0.245 0.245 0.245 0.254 0.254 0.24 0.24 0.219 0.219 0.241 0.241 0.241 0.2565 0.2565 0.2435 0.2435 0.2435 0.2435 0.2435 0.2385 0.2385 0.248 0.248 0.2395 0.2395 0.2395 0.259 0.259 0.2425 0.2425 0.239
-1 -1 -1 -1 -1 -1 -1 -1 -1 -1 -1 -1 -1 -1 -1 -1 0.1271 0.1271 0.278 0.278 0.278 0.264 0.264 0.258 0.258 0.2235 0.2235 0.2235 0.225 0.225 0.246 0.246 0.256 0.256 0.256 0.261 0.261 0.2445 0.2445 0.249 0.249 0.249 0.257 0.257 0.238 0.238 0.245 0.245 0.245 0.254 0.254 0.24 0.24 0.219 0.219 0.241 0.241 0.241 0.2565 0.2565 0.2435 0.2435 0.2435 0.2435 0.2435 0.2385 0.2385 0.248 0.248 0.2395 0.2395 0.2395 0.259 0.259 0.2425 0.2425 0.239
-1 -1 -1 -1 -1 -1 -1 -1 -1 -1 -1 -1 0.1002 0.1002 0.1495 0.1495 0.0975 0.0975 0.276 0.276 0.276 0.2685 0.2685 0.2655 0.2655 0.248 0.248 0.248 0.2495 0.2495 0.2525 0.2525 0.261 0.261 0.261 0.2565 0.2565 0.2525 0.2525 0.2525 0.2525 0.2525 0.2365 0.2365 0.2365 0.2365 0.2135 0.2135 0.2135 0.228 0.228 0.222 0.222 0.212 0.212 0.215 0.215 0.215 0.2435 0.2435 0.2435 0.2435 0.2435 0.2435 0.2435 0.24 0.24 0.24 0.24 0.248 0.248 0.248 0.2475 0.2475 0.2425 0.2425 0.235
-1 -1 -1 -1 -1 -1 -1 -1 -1 -1 -1 -1 0.1002 0.1002 0.1495 0.1495 0.0975 0.0975 0.276 0.276 0.276 0.2685 0.2685 0.2655 0.2655 0.248 0.248 0.248 0.2495 0.2495 0.2525 0.2525 0.261 0.261 0.261 0.2565 0.2565 0.2525 0.2525 0.2525 0.2525 0.2525 0.2365 0.2365 0.2365 0.2365 0.2135 0.2135 0.2135 0.228 0.228 0.222 0.222 0.212 0.212 0.215 0.215 0.215 0.2435 0.2435 0.2435 0.2435 0.2435 0.2435 0.2435 0.24 0.24 0.24 0.24 0.248 0.248 0.248 0.2475 0.2475 0.2425 0.2425 0.235
-1 -1 -1 -1 -1 -1 -1 -1 -1 0.102 0.102 0.102 0.0805 0.0805 0.1037 0.1037 0.1087 0.1087 0.0375 0.0375 0.0375 0.265 0.265 0.2455 0.2455 0.2445 0.2445 0.2445 0.256 0.256 0.261 0.261 0.2525 0.2525 0.2525 0.2545 0.2545 0.2485 0.2485 0.242 0.242 0.242 0.2405 0.2405 0.23 0.23 0.2215 0.2215 0.2215 0.2515 0.2515 0.2315 0.2315 0.2255 0.2255 0.221 0.221 0.221 0.223 0.223 0.2265 0.2265 0.2265 0.2265 0.2265 0.245 0.245 0.229 0.229 0.229 0.229 0.229 0.258 0.258 0.24 0.24 0.224
-1 -1 -1 -1 -1 -1 -1 -1 -1 0.102 0.102 0.102 0.0805 0.0805 0.1037 0.1037 0.1087 0.1087 0.0375 0.0375 0.0375 0.265 0.265 0.2455 0.2455 0.2445 0.2445 0.2445 0.256 0.256 0.261 0.261 0.2525 0.2525 0.2525 0.2545 0.2545 0.2485 0.2485 0.242 0.242 0.242 0.2405 0.2405 0.23 0.23 0.2215 0.2215 0.2215 0.2515 0.2515 0.2315 0.2315 0.2255 0.2255 0.221 0.221 0.221 0.223 0.223 0.2265 0.2265 0.2265 0.2265 0.2265 0.245 0.245 0.229 0.229 0.229 0.229 0.229 0.258 0.258 0.24 0.24 0.224
-1 -1 -1 -1 -1 -1 -1 -1 -1 0.102 0.102 0.102 0.0805 0.0805 0.1037 0.1037 0.1087 0.1087 0.0375 0.0375 0.0375 0.265 0.265 0.2455 0.2455 0.2445 0.2445 0.2445 0.256 0.256 0.261 0.261 0.2525 0.2525 0.2525 0.2545 0.2545 0.2485 0.2485 0.242 0.242 0.242 0.2405 0.2405 0.23 0.23 0.2215 0.2215 0.2215 0.2515 0.2515 0.2315 0.2315 0.2255 0.2255 0.221 0.221 0.221 0.223 0.223 0.2265 0.2265 0.2265 0.2265 0.2265 0.245 0.245 0.229 0.229 0.229 0.229 0.229 0.258 0.258 0.24 0.24 0.224
-1 -1 -1 -1 -1 -1 -1 -1 -1 -1 -1 -1 0.0967 0.0967 0.0777 0.0777 0.1722 0.1722 0.1182 0.1182 0.1182 0.143 0.143 0.2655 0.2655 0.2665 0.2665 0.2665 0.2495 0.2495 0.257 0.257 0.2405 0.2405 0.2405 0.236 0.236 0.232 0.232 0.2355 0.2355 0.2355 0.2425 0.2425 0.2315 0.2315 0.2295 0.2295 0.2295 0.243 0.243 0.238 0.238 0.235 0.235 0.23 0.23 0.23 0.2445 0.2445 0.231 0.231 0.231 0.231 0.231 0.218 0.218 0.23 0.23 0.2365 0.2365 0.2365 0.2385 0.2385 0.243 0.243 0.2195
-1 -1 -1 -1 -1 -1 -1 -1 -1 -1 -1 -1 0.0967 0.0967 0.0777 0.0777 0.1722 0.1722 0.1182 0.1182 0.1182 0.143 0.143 0.2655 0.2655 0.2665 0.2665 0.2665 0.2495 0.2495 0.257 0.257 0.2405 0.2405 0.2405 0.236 0.236 0.232 0.232 0.2355 0.2355 0.2355 0.2425 0.2425 0.2315 0.2315 0.2295 0.2295 0.2295 0.243 0.243 0.238 0.238 0.235 0.235 0.23 0.23 0.23 0.2445 0.2445 0.231 0.231 0.231 0.231 0.231 0.218 0.218 0.23 0.23 0.2365 0.2365 0.2365 0.2385 0.2385 0.243 0.243 0.2195
-1 -1 -1 -1 -1 -1 -1 -1 -1 -1 -1 -1 -1 -1 -1 -1 -1 -1 0.0792 0.0792 0.0792 0.0825 0.0825 0.2245 0.2245 0.242 0.242 0.242 0.259 0.259 0.241 0.241 0.2455 0.2455 0.2455 0.2465 0.2465 0.247 0.247 0.247 0.247 0.247 0.246 0.246 0.247 0.247 0.236 0.236 0.236 0.243 0.243 0.249 0.249 0.2305 0.2305 0.2505 0.2505 0.2505 0.242 0.242 0.217 0.217 0.217 0.217 0.217 0.225 0.225 0.21 0.21 0.2175 0.2175 0.2175 0.2335 0.2335 0.2175 0.2175 0.184
-1 -1 -1 -1 -1 -1 -1 -1 -1 -1 -1 -1 -1 -1 -1 -1 -1 -1 0.0792 0.0792 0.0792 0.0825 0.0825 0.2245 0.2245 0.242 0.242 0.242 0.259 0.259 0.241 0.241 0.2455 0.2455 0.2455 0.2465 0.2465 0.247 0.247 0.247 0.247 0.247 0.246 0.246 0.247 0.247 0.236 0.236 0.236 0.243 0.243 0.249 0.249 0.2305 0.2305 0.2505 0.2505 0.2505 0.242 0.242 0.217 0.217 0.217 0.217 0.217 0.225 0.225 0.21 0.21 0.2175 0.2175 0.2175 0.2335 0.2335 0.2175 0.2175 0.184
-1 -1 -1 -1 -1 -1 -1 -1 -1 -1 -1 -1 -1 -1 -1 -1 -1 -1 -1 -1 -1 0.1452 0.1452 0.1905 0.1905 0.2275 0.2275 0.2275 0.2675 0.2675 0.2855 0.2855 0.2585 0.2585 0.2585 0.25 0.25 0.252 0.252 0.2375 0.2375 0.2375 0.249 0.249 0.251 0.251 0.2475 0.2475 0.2475 0.247 0.247 0.254 0.254 0.2585 0.2585 0.2475 0.2475 0.2475 0.2495 0.2495 0.251 0.251 0.251 0.251 0.251 0.2235 0.2235 0.2345 0.2345 0.2025 0.2025 0.2025 0.218 0.218 0.242 0.242 0.2085
-1 -1 -1 -1 -1 -1 -1 -1 -1 -1 -1 -1 -1 -1 -1 -1 -1 -1 -1 -1 -1 0.1452 0.1452 0.1905 0.1905 0.2275 0.2275 0.2275 0.2675 0.2675 0.2855 0.2855 0.2585 0.2585 0.2585 0.25 0.25 0.252 0.252 0.2375 0.2375 0.2375 0.249 0.249 0.251 0.251 0.2475 0.2475 0.2475 0.247 0.247 0.254 0.254 0.2585 0.2585 0.2475 0.2475 0.2475 0.2495 0.2495 0.251 0.251 0.251 0.251 0.251 0.2235 0.2235 0.2345 0.2345 0.2025 0.2025 0.2025 0.218 0.218 0.242 0.242 0.2085
-1 -1 -1 -1 -1 -1 -1 -1 -1 -1 -1 -1 -1 -1 -1 -1 -1 -1 -1 -1 -1 0.1627 0.1627 0.0626 0.0626 0.1525 0.1525 0.1525 0.2865 0.2865 0.318 0.318 0.3005 0.3005 0.3005 0.269 0.269 0.229 0.229 0.1895 0.1895 0.1895 0.2395 0.2395 0.2305 0.2305 0.26 0.26 0.26 0.2315 0.2315 0.2655 0.2655 0.2695 0.2695 0.2405 0.2405 0.2405 0.2475 0.2475 0.249 0.249 0.249 0.249 0.249 0.245 0.245 0.25 0.25 0.2445 0.2445 0.2445 0.212 0.212 0.218 0.218 0.251
-1 -1 -1 -1 -1 -1 -1 -1 -1 -1 -1 -1 -1 -1 -1 -1 -1 -1 -1 -1 -1 0.1627 0.1627 0.0626 0.0626 0.1525 0.1525 0.1525 0.2865 0.2865 0.318 0.318 0.3005 0.3005 0.3005 0.269 0.269 0.229 0.229 0.1895 0.1895 0.1895 0.2395 0.2395 0.2305 0.2305 0.26 0.26 0.26 0.2315 0.2315 0.2655 0.2655 0.2695 0.2695 0.2405 0.2405 0.2405 0.2475 0.2475 0.249 0.249 0.249 0.249 0.249 0.245 0.245 0.25 0.25 0.2445 0.2445 0.2445 0.212 0.212 0.218 0.218 0.251
-1 -1 -1 -1 -1 -1 -1 -1 -1 -1 -1 -1 -1 -1 -1 -1 -1 -1 -1 -1 -1 0.1627 0.1627 0.0626 0.0626 0.1525 0.1525 0.1525 0.2865 0.2865 0.318 0.318 0.3005 0.3005 0.3005 0.269 0.269 0.229 0.229 0.1895 0.1895 0.1895 0.2395 0.2395 0.2305 0.2305 0.26 0.26 0.26 0.2315 0.2315 0.2655 0.2655 0.2695 0.2695 0.2405 0.2405 0.2405 0.2475 0.2475 0.249 0.249 0.249 0.249 0.249 0.245 0.245 0.25 0.25 0.2445 0.2445 0.2445 0.212 0.212 0.218 0.218 0.251
-1 -1 -1 -1 -1 -1 -1 -1 -1 -1 -1 -1 -1 -1 -1 -1 -1 -1 -1 -1 -1 -1 -1 0.1587 0.1587 0.05 0.05 0.05 0.211 0.211 0.3115 0.3115 0.287 0.287 0.287 0.2185 0.2185 0.1505 0.1505 0.1135 0.1135 0.1135 0.191 0.191 0.2435 0.2435 0.234 0.234 0.234 0.2365 0.2365 0.2635 0.2635 0.283 0.283 0.2755 0.2755 0.2755 0.249 0.249 0.2645 0.2645 0.2645 0.2645 0.2645 0.248 0.248 0.26 0.26 0.2505 0.2505 0.2505 0.2495 0.2495 0.24 0.24 0.249
-1 -1 -1 -1 -1 -1 -1 -1 -1 -1 -1 -1 -1 -1 -1 -1 -1 -1 -1 -1 -1 -1 -1 0.1587 0.1587 0.05 0.05 0.05 0.211 0.211 0.3115 0.3115 0.287 0.287 0.287 0.2185 0.2185 0.1505 0.1505 0.1135 0.1135 0.1135 0.191 0.191 0.2435 0.2435 0.234 0.234 0.234 0.2365 0.2365 0.2635 0.2635 0.283 0.283 0.2755 0.2755 0.2755 0.249 0.249 0.2645 0.2645 0.2645 0.2645 0.2645 0.248 0.248 0.26 0.26 0.2505 0.2505 0.2505 0.2495 0.2495 0.24 0.24 0.249
-1 -1 -1 -1 -1 -1 -1 -1 -1 -1 -1 -1 -1 -1 -1 -1 -1 -1 -1 -1 -1 -1 -1 -1 -1 0.0748 0.0748 0.0748 0.079 0.079 0.195 0.195 0.2065 0.2065 0.2065 0.165 0.165 0.155 0.155 0.1315 0.1315 0.1315 0.226 0.226 0.2125 0.2125 0.2275 0.2275 0.2275 0.215 0.215 0.2655 0.2655 0.276 0.276 0.2615 0.2615 0.2615 0.2645 0.2645 0.271 0.271 0.271 0.271 0.271 0.233 0.233 0.2575 0.2575 0.2325 0.2325 0.2325 0.2465 0.2465 0.2355 0.2355 0.226
-1 -1 -1 -1 -1 -1 -1 -1 -1 -1 -1 -1 -1 -1 -1 -1 -1 -1 -1 -1 -1 -1 -1 -1 -1 0.0748 0.0748 0.0748 0.079 0.079 0.195 0.195 0.2065 0.2065 0.2065 0.165 0.165 0.155 0.155 0.1315 0.1315 0.1315 0.226 0.226 0.2125 0.2125 0.2275 0.2275 0.2275 0.215 0.215 0.2655 0.2655 0.276 0.276 0.2615 0.2615 0.2615 0.2645 0.2645 0.271 0.271 0.271 0.271 0.271 0.233 0.233 0.2575 0.2575 0.2325 0.2325 0.2325 0.2465 0.2465 0.2355 0.2355 0.226
-1 -1 -1 -1 -1 -1 -1 -1 -1 -1 -1 -1 -1 -1 -1 -1 -1 -1 -1 -1 -1 -1 -1 -1 -1 0.0797 0.0797 0.0797 0.1072 0.1072 0.171 0.171 0.174 0.174 0.174 0.223 0.223 0.122 0.122 0.263 0.263 0.263 0.277 0.277 0.312 0.312 0.298 0.298 0.298 0.1865 0.1865 0.1905 0.1905 0.2305 0.2305 0.244 0.244 0.244 0.259 0.259 0.263 0.263 0.263 0.263 0.263 0.244 0.244 0.2245 0.2245 0.2415 0.2415 0.2415 0.2405 0.2405 0.2515 0.2515 0.234
-1 -1 -1 -1 -1 -1 -1 -1 -1 -1 -1 -1 -1 -1 -1 -1 -1 -1 -1 -1 -1 -1 -1 -1 -1 0.0797 0.0797 0.0797 0.1072 0.1072 0.171 0.171 0.174 0.174 0.174 0.223 0.223 0.122 0.122 0.263 0.263 0.263 0.277 0.277 0.312 0.312 0.298 0.298 0.298 0.1865 0.1865 0.1905 0.1905 0.2305 0.2305 0.244 0.244 0.244 0.259 0.259 0.263 0.263 0.263 0.263 0.263 0.244 0.244 0.2245 0.2245 0.2415 0.2415 0.2415 0.2405 0.2405 0.2515 0.2515 0.234
-1 -1 -1 -1 -1 -1 -1 -1 -1 -1 -1 -1 -1 -1 -1 -1 -1 -1 -1 -1 -1 -1 -1 -1 -1 0.0797 0.0797 0.0797 0.1072 0.1072 0.171 0.171 0.174 0.174 0.174 0.223 0.223 0.122 0.122 0.263 0.263 0.263 0.277 0.277 0.312 0.312 0.298 0.298 0.298 0.1865 0.1865 0.1905 0.1905 0.2305 0.2305 0.244 0.244 0.244 0.259 0.259 0.263 0.263 0.263 0.263 0.263 0.244 0.244 0.2245 0.2245 0.2415 0.2415 0.2415 0.2405 0.2405 0.2515 0.2515 0.234
