ndvi/NOAA-301.asc
ncols         252
nrows         154
xllcorner     -18.017974
yllcorner     13.481982
cellsize      0.035948
NODATA_value  -9999
[rows 0 to 33 of 154, columns 154 to 230 of 252]
0.1025 0.1075 0.1075 0.1095 0.1095 0.1095 0.1215 0.1215 0.1155 0.1155 0.1145 0.1145 0.108 0.108 0.108 0.1165 0.1165 0.109 0.109 0.112 0.112 0.112 0.1165 0.1165 0.11 0.11 0.1165 0.1165 0.1165 0.1135 0.1135 0.1095 0.1095 0.1105 0.1105 0.1105 0.1085 0.1085 0.107 0.107 0.11 0.11 0.11 0.1135 0.1135 0.1115 0.1115 0.117 0.117 0.1195 0.1195 0.1195 0.1185 0.1185 0.1215 0.1215 0.1155 0.1155 0.1155 0.1115 0.1115 0.1105 0.1105 0.105 0.105 0.105 0.1025 0.1025 0.1015 0.1015 0.1015 0.1015 0.1015 0.095 0.095 0.0905 0.0905
0.1025 0.1075 0.1075 0.1095 0.1095 0.1095 0.1215 0.1215 0.1155 0.1155 0.1145 0.1145 0.108 0.108 0.108 0.1165 0.1165 0.109 0.109 0.112 0.112 0.112 0.1165 0.1165 0.11 0.11 0.1165 0.1165 0.1165 0.1135 0.1135 0.1095 0.1095 0.1105 0.1105 0.1105 0.1085 0.1085 0.107 0.107 0.11 0.11 0.11 0.1135 0.1135 0.1115 0.1115 0.117 0.117 0.1195 0.1195 0.1195 0.1185 0.1185 0.1215 0.1215 0.1155 0.1155 0.1155 0.1115 0.1115 0.1105 0.1105 0.105 0.105 0.105 0.1025 0.1025 0.1015 0.1015 0.1015 0.1015 0.1015 0.095 0.095 0.0905 0.0905
0.1105 0.098 0.098 0.1085 0.1085 0.1085 0.115 0.115 0.1165 0.1165 0.1185 0.1185 0.112 0.112 0.112 0.116 0.116 0.1215 0.1215 0.1205 0.1205 0.1205 0.1185 0.1185 0.119 0.119 0.1215 0.1215 0.1215 0.119 0.119 0.117 0.117 0.121 0.121 0.121 0.1255 0.1255 0.1165 0.1165 0.1235 0.1235 0.1235 0.13 0.13 0.1275 0.1275 0.126 0.126 0.129 0.129 0.129 0.1285 0.1285 0.122 0.122 0.1225 0.1225 0.1225 0.1255 0.1255 0.1225 0.1225 0.113 0.113 0.113 0.1115 0.1115 0.1075 0.1075 0.103 0.103 0.103 0.101 0.101 0.0905 0.0905
0.1105 0.098 0.098 0.1085 0.1085 0.1085 0.115 0.115 0.1165 0.1165 0.1185 0.1185 0.112 0.112 0.112 0.116 0.116 0.1215 0.1215 0.1205 0.1205 0.1205 0.1185 0.1185 0.119 0.119 0.1215 0.1215 0.1215 0.119 0.119 0.117 0.117 0.121 0.121 0.121 0.1255 0.1255 0.1165 0.1165 0.1235 0.1235 0.1235 0.13 0.13 0.1275 0.1275 0.126 0.126 0.129 0.129 0.129 0.1285 0.1285 0.122 0.122 0.1225 0.1225 0.1225 0.1255 0.1255 0.1225 0.1225 0.113 0.113 0.113 0.1115 0.1115 0.1075 0.1075 0.103 0.103 0.103 0.101 0.101 0.0905 0.0905
0.1105 0.098 0.098 0.1085 0.1085 0.1085 0.115 0.115 0.1165 0.1165 0.1185 0.1185 0.112 0.112 0.112 0.116 0.116 0.1215 0.1215 0.1205 0.1205 0.1205 0.1185 0.1185 0.119 0.119 0.1215 0.1215 0.1215 0.119 0.119 0.117 0.117 0.121 0.121 0.121 0.1255 0.1255 0.1165 0.1165 0.1235 0.1235 0.1235 0.13 0.13 0.1275 0.1275 0.126 0.126 0.129 0.129 0.129 0.1285 0.1285 0.122 0.122 0.1225 0.1225 0.1225 0.1255 0.1255 0.1225 0.1225 0.113 0.113 0.113 0.1115 0.1115 0.1075 0.1075 0.103 0.103 0.103 0.101 0.101 0.0905 0.0905
0.1175 0.1175 0.1175 0.117 0.117 0.117 0.1285 0.1285 0.114 0.114 0.113 0.113 0.127 0.127 0.127 0.126 0.126 0.124 0.124 0.1215 0.1215 0.1215 0.128 0.128 0.1295 0.1295 0.134 0.134 0.134 0.133 0.133 0.135 0.135 0.129 0.129 0.129 0.132 0.132 0.1305 0.1305 0.1385 0.1385 0.1385 0.127 0.127 0.123 0.123 0.128 0.128 0.129 0.129 0.129 0.1295 0.1295 0.124 0.124 0.1205 0.1205 0.1205 0.117 0.117 0.1135 0.1135 0.116 0.116 0.116 0.1105 0.1105 0.112 0.112 0.1075 0.1075 0.1075 0.1005 0.1005 0.099 0.099
0.1175 0.1175 0.1175 0.117 0.117 0.117 0.1285 0.1285 0.114 0.114 0.113 0.113 0.127 0.127 0.127 0.126 0.126 0.124 0.124 0.1215 0.1215 0.1215 0.128 0.128 0.1295 0.1295 0.134 0.134 0.134 0.133 0.133 0.135 0.135 0.129 0.129 0.129 0.132 0.132 0.1305 0.1305 0.1385 0.1385 0.1385 0.127 0.127 0.123 0.123 0.128 0.128 0.129 0.129 0.129 0.1295 0.1295 0.124 0.124 0.1205 0.1205 0.1205 0.117 0.117 0.1135 0.1135 0.116 0.116 0.116 0.1105 0.1105 0.112 0.112 0.1075 0.1075 0.1075 0.1005 0.1005 0.099 0.099
0.112 0.117 0.117 0.119 0.119 0.119 0.1265 0.1265 0.129 0.129 0.1345 0.1345 0.1285 0.1285 0.1285 0.13 0.13 0.1335 0.1335 0.131 0.131 0.131 0.1295 0.1295 0.129 0.129 0.134 0.134 0.134 0.13 0.13 0.131 0.131 0.1255 0.1255 0.1255 0.1285 0.1285 0.135 0.135 0.132 0.132 0.132 0.126 0.126 0.1205 0.1205 0.1325 0.1325 0.132 0.132 0.132 0.1165 0.1165 0.123 0.123 0.123 0.123 0.123 0.12 0.12 0.1185 0.1185 0.1165 0.1165 0.1165 0.113 0.113 0.114 0.114 0.1065 0.1065 0.1065 0.105 0.105 0.106 0.106
0.112 0.117 0.117 0.119 0.119 0.119 0.1265 0.1265 0.129 0.129 0.1345 0.1345 0.1285 0.1285 0.1285 0.13 0.13 0.1335 0.1335 0.131 0.131 0.131 0.1295 0.1295 0.129 0.129 0.134 0.134 0.134 0.13 0.13 0.131 0.131 0.1255 0.1255 0.1255 0.1285 0.1285 0.135 0.135 0.132 0.132 0.132 0.126 0.126 0.1205 0.1205 0.1325 0.1325 0.132 0.132 0.132 0.1165 0.1165 0.123 0.123 0.123 0.123 0.123 0.12 0.12 0.1185 0.1185 0.1165 0.1165 0.1165 0.113 0.113 0.114 0.114 0.1065 0.1065 0.1065 0.105 0.105 0.106 0.106
0.119 0.1245 0.1245 0.1185 0.1185 0.1185 0.1315 0.1315 0.137 0.137 0.129 0.129 0.131 0.131 0.131 0.134 0.134 0.136 0.136 0.138 0.138 0.138 0.1305 0.1305 0.1285 0.1285 0.1285 0.1285 0.1285 0.131 0.131 0.134 0.134 0.126 0.126 0.126 0.1275 0.1275 0.1195 0.1195 0.1215 0.1215 0.1215 0.122 0.122 0.1225 0.1225 0.1265 0.1265 0.131 0.131 0.131 0.1335 0.1335 0.126 0.126 0.1225 0.1225 0.1225 0.117 0.117 0.115 0.115 0.118 0.118 0.118 0.113 0.113 0.113 0.113 0.1085 0.1085 0.1085 0.1055 0.1055 0.1085 0.1085
0.119 0.1245 0.1245 0.1185 0.1185 0.1185 0.1315 0.1315 0.137 0.137 0.129 0.129 0.131 0.131 0.131 0.134 0.134 0.136 0.136 0.138 0.138 0.138 0.1305 0.1305 0.1285 0.1285 0.1285 0.1285 0.1285 0.131 0.131 0.134 0.134 0.126 0.126 0.126 0.1275 0.1275 0.1195 0.1195 0.1215 0.1215 0.1215 0.122 0.122 0.1225 0.1225 0.1265 0.1265 0.131 0.131 0.131 0.1335 0.1335 0.126 0.126 0.1225 0.1225 0.1225 0.117 0.117 0.115 0.115 0.118 0.118 0.118 0.113 0.113 0.113 0.113 0.1085 0.1085 0.1085 0.1055 0.1055 0.1085 0.1085
0.131 0.129 0.129 0.131 0.131 0.131 0.1345 0.1345 0.1395 0.1395 0.1285 0.1285 0.1385 0.1385 0.1385 0.139 0.139 0.1375 0.1375 0.132 0.132 0.132 0.124 0.124 0.134 0.134 0.1345 0.1345 0.1345 0.133 0.133 0.1285 0.1285 0.1235 0.1235 0.1235 0.1225 0.1225 0.117 0.117 0.115 0.115 0.115 0.113 0.113 0.1265 0.1265 0.1365 0.1365 0.1265 0.1265 0.1265 0.1245 0.1245 0.125 0.125 0.1265 0.1265 0.1265 0.1205 0.1205 0.117 0.117 0.109 0.109 0.109 0.0955 0.0955 0.101 0.101 0.0985 0.0985 0.0985 0.1045 0.1045 0.1105 0.1105
0.131 0.129 0.129 0.131 0.131 0.131 0.1345 0.1345 0.1395 0.1395 0.1285 0.1285 0.1385 0.1385 0.1385 0.139 0.139 0.1375 0.1375 0.132 0.132 0.132 0.124 0.124 0.134 0.134 0.1345 0.1345 0.1345 0.133 0.133 0.1285 0.1285 0.1235 0.1235 0.1235 0.1225 0.1225 0.117 0.117 0.115 0.115 0.115 0.113 0.113 0.1265 0.1265 0.1365 0.1365 0.1265 0.1265 0.1265 0.1245 0.1245 0.125 0.125 0.1265 0.1265 0.1265 0.1205 0.1205 0.117 0.117 0.109 0.109 0.109 0.0955 0.0955 0.101 0.101 0.0985 0.0985 0.0985 0.1045 0.1045 0.1105 0.1105
0.131 0.129 0.129 0.131 0.131 0.131 0.1345 0.1345 0.1395 0.1395 0.1285 0.1285 0.1385 0.1385 0.1385 0.139 0.139 0.1375 0.1375 0.132 0.132 0.132 0.124 0.124 0.134 0.134 0.1345 0.1345 0.1345 0.133 0.133 0.1285 0.1285 0.1235 0.1235 0.1235 0.1225 0.1225 0.117 0.117 0.115 0.115 0.115 0.113 0.113 0.1265 0.1265 0.1365 0.1365 0.1265 0.1265 0.1265 0.1245 0.1245 0.125 0.125 0.1265 0.1265 0.1265 0.1205 0.1205 0.117 0.117 0.109 0.109 0.109 0.0955 0.0955 0.101 0.101 0.0985 0.0985 0.0985 0.1045 0.1045 0.1105 0.1105
0.1295 0.1255 0.1255 0.119 0.119 0.119 0.1355 0.1355 0.1395 0.1395 0.139 0.139 0.1415 0.1415 0.1415 0.1475 0.1475 0.134 0.134 0.136 0.136 0.136 0.1225 0.1225 0.125 0.125 0.1225 0.1225 0.1225 0.1215 0.1215 0.125 0.125 0.121 0.121 0.121 0.122 0.122 0.1165 0.1165 0.1185 0.1185 0.1185 0.1285 0.1285 0.133 0.133 0.12 0.12 0.118 0.118 0.118 0.116 0.116 0.1315 0.1315 0.121 0.121 0.121 0.1085 0.1085 0.09999999 0.09999999 0.0945 0.0945 0.0945 0.0905 0.0905 0.088 0.088 0.092 0.092 0.092 0.09299999 0.09299999 0.109 0.109
0.1295 0.1255 0.1255 0.119 0.119 0.119 0.1355 0.1355 0.1395 0.1395 0.139 0.139 0.1415 0.1415 0.1415 0.1475 0.1475 0.134 0.134 0.136 0.136 0.136 0.1225 0.1225 0.125 0.125 0.1225 0.1225 0.1225 0.1215 0.1215 0.125 0.125 0.121 0.121 0.121 0.122 0.122 0.1165 0.1165 0.1185 0.1185 0.1185 0.1285 0.1285 0.133 0.133 0.12 0.12 0.118 0.118 0.118 0.116 0.116 0.1315 0.1315 0.121 0.121 0.121 0.1085 0.1085 0.09999999 0.09999999 0.0945 0.0945 0.0945 0.0905 0.0905 0.088 0.088 0.092 0.092 0.092 0.09299999 0.09299999 0.109 0.109
0.1325 0.1355 0.1355 0.1315 0.1315 0.1315 0.1325 0.1325 0.1355 0.1355 0.1355 0.1355 0.126 0.126 0.126 0.1335 0.1335 0.134 0.134 0.1285 0.1285 0.1285 0.126 0.126 0.1195 0.1195 0.1255 0.1255 0.1255 0.1205 0.1205 0.1205 0.1205 0.1195 0.1195 0.1195 0.1235 0.1235 0.1155 0.1155 0.1155 0.1155 0.1155 0.108 0.108 0.0925 0.0925 0.068 0.068 0.0735 0.0735 0.0735 0.0985 0.0985 0.109 0.109 0.1055 0.1055 0.1055 0.1065 0.1065 0.1035 0.1035 0.1005 0.1005 0.1005 0.102 0.102 0.098 0.098 0.09100001 0.09100001 0.09100001 0.09450001 0.09450001 0.1105 0.1105
0.1325 0.1355 0.1355 0.1315 0.1315 0.1315 0.1325 0.1325 0.1355 0.1355 0.1355 0.1355 0.126 0.126 0.126 0.1335 0.1335 0.134 0.134 0.1285 0.1285 0.1285 0.126 0.126 0.1195 0.1195 0.1255 0.1255 0.1255 0.1205 0.1205 0.1205 0.1205 0.1195 0.1195 0.1195 0.1235 0.1235 0.1155 0.1155 0.1155 0.1155 0.1155 0.108 0.108 0.0925 0.0925 0.068 0.068 0.0735 0.0735 0.0735 0.0985 0.0985 0.109 0.109 0.1055 0.1055 0.1055 0.1065 0.1065 0.1035 0.1035 0.1005 0.1005 0.1005 0.102 0.102 0.098 0.098 0.09100001 0.09100001 0.09100001 0.09450001 0.09450001 0.1105 0.1105
0.131 0.137 0.137 0.166 0.166 0.166 0.1195 0.1195 0.1155 0.1155 0.121 0.121 0.12 0.12 0.12 0.1105 0.1105 0.119 0.119 0.1175 0.1175 0.1175 0.111 0.111 0.119 0.119 0.1065 0.1065 0.1065 0.0955 0.0955 0.1025 0.1025 0.097 0.097 0.097 0.1175 0.1175 0.09649999 0.09649999 0.1135 0.1135 0.1135 0.111 0.111 0.1165 0.1165 0.1045 0.1045 0.1025 0.1025 0.1025 0.0975 0.0975 0.101 0.101 0.1005 0.1005 0.1005 0.1065 0.1065 0.104 0.104 0.1015 0.1015 0.1015 0.097 0.097 0.0925 0.0925 0.0975 0.0975 0.0975 0.0975 0.0975 0.102 0.102
0.131 0.137 0.137 0.166 0.166 0.166 0.1195 0.1195 0.1155 0.1155 0.121 0.121 0.12 0.12 0.12 0.1105 0.1105 0.119 0.119 0.1175 0.1175 0.1175 0.111 0.111 0.119 0.119 0.1065 0.1065 0.1065 0.0955 0.0955 0.1025 0.1025 0.097 0.097 0.097 0.1175 0.1175 0.09649999 0.09649999 0.1135 0.1135 0.1135 0.111 0.111 0.1165 0.1165 0.1045 0.1045 0.1025 0.1025 0.1025 0.0975 0.0975 0.101 0.101 0.1005 0.1005 0.1005 0.1065 0.1065 0.104 0.104 0.1015 0.1015 0.1015 0.097 0.097 0.0925 0.0925 0.0975 0.0975 0.0975 0.0975 0.0975 0.102 0.102
0.131 0.137 0.137 0.166 0.166 0.166 0.1195 0.1195 0.1155 0.1155 0.121 0.121 0.12 0.12 0.12 0.1105 0.1105 0.119 0.119 0.1175 0.1175 0.1175 0.111 0.111 0.119 0.119 0.1065 0.1065 0.1065 0.0955 0.0955 0.1025 0.1025 0.097 0.097 0.097 0.1175 0.1175 0.09649999 0.09649999 0.1135 0.1135 0.1135 0.111 0.111 0.1165 0.1165 0.1045 0.1045 0.1025 0.1025 0.1025 0.0975 0.0975 0.101 0.101 0.1005 0.1005 0.1005 0.1065 0.1065 0.104 0.104 0.1015 0.1015 0.1015 0.097 0.097 0.0925 0.0925 0.0975 0.0975 0.0975 0.0975 0.0975 0.102 0.102
0.167 0.17 0.17 0.14 0.14 0.14 0.1225 0.1225 0.1195 0.1195 0.1215 0.1215 0.1165 0.1165 0.1165 0.1165 0.1165 0.1265 0.1265 0.12 0.12 0.12 0.1225 0.1225 0.11 0.11 0.11 0.11 0.11 0.103 0.103 0.08750001 0.08750001 0.113 0.113 0.113 0.119 0.119 0.1245 0.1245 0.1205 0.1205 0.1205 0.1175 0.1175 0.1185 0.1185 0.1155 0.1155 0.115 0.115 0.115 0.1065 0.1065 0.105 0.105 0.107 0.107 0.107 0.109 0.109 0.115 0.115 0.11 0.11 0.11 0.097 0.097 0.092 0.092 0.0935 0.0935 0.0935 0.097 0.097 0.1 0.1
0.167 0.17 0.17 0.14 0.14 0.14 0.1225 0.1225 0.1195 0.1195 0.1215 0.1215 0.1165 0.1165 0.1165 0.1165 0.1165 0.1265 0.1265 0.12 0.12 0.12 0.1225 0.1225 0.11 0.11 0.11 0.11 0.11 0.103 0.103 0.08750001 0.08750001 0.113 0.113 0.113 0.119 0.119 0.1245 0.1245 0.1205 0.1205 0.1205 0.1175 0.1175 0.1185 0.1185 0.1155 0.1155 0.115 0.115 0.115 0.1065 0.1065 0.105 0.105 0.107 0.107 0.107 0.109 0.109 0.115 0.115 0.11 0.11 0.11 0.097 0.097 0.092 0.092 0.0935 0.0935 0.0935 0.097 0.097 0.1 0.1
0.134 0.179 0.179 0.1535 0.1535 0.1535 0.14 0.14 0.1235 0.1235 0.1235 0.1235 0.117 0.117 0.117 0.162 0.162 0.1275 0.1275 0.1295 0.1295 0.1295 0.1405 0.1405 0.1335 0.1335 0.127 0.127 0.127 0.1195 0.1195 0.1105 0.1105 0.137 0.137 0.137 0.132 0.132 0.1215 0.1215 0.122 0.122 0.122 0.116 0.116 0.1075 0.1075 0.1125 0.1125 0.1075 0.1075 0.1075 0.1005 0.1005 0.0995 0.0995 0.0975 0.0975 0.0975 0.1145 0.1145 0.1065 0.1065 0.106 0.106 0.106 0.09999999 0.09999999 0.1025 0.1025 0.1015 0.1015 0.1015 0.1035 0.1035 0.0925 0.0925
0.134 0.179 0.179 0.1535 0.1535 0.1535 0.14 0.14 0.1235 0.1235 0.1235 0.1235 0.117 0.117 0.117 0.162 0.162 0.1275 0.1275 0.1295 0.1295 0.1295 0.1405 0.1405 0.1335 0.1335 0.127 0.127 0.127 0.1195 0.1195 0.1105 0.1105 0.137 0.137 0.137 0.132 0.132 0.1215 0.1215 0.122 0.122 0.122 0.116 0.116 0.1075 0.1075 0.1125 0.1125 0.1075 0.1075 0.1075 0.1005 0.1005 0.0995 0.0995 0.0975 0.0975 0.0975 0.1145 0.1145 0.1065 0.1065 0.106 0.106 0.106 0.09999999 0.09999999 0.1025 0.1025 0.1015 0.1015 0.1015 0.1035 0.1035 0.0925 0.0925
0.1325 0.1315 0.1315 0.1335 0.1335 0.1335 0.163 0.163 0.161 0.161 0.127 0.127 0.123 0.123 0.123 0.1275 0.1275 0.123 0.123 0.133 0.133 0.133 0.1465 0.1465 0.1505 0.1505 0.1355 0.1355 0.1355 0.1325 0.1325 0.142 0.142 0.1395 0.1395 0.1395 0.1395 0.1395 0.122 0.122 0.1185 0.1185 0.1185 0.1135 0.1135 0.121 0.121 0.1105 0.1105 0.1105 0.1105 0.1105 0.106 0.106 0.103 0.103 0.098 0.098 0.098 0.104 0.104 0.102 0.102 0.1105 0.1105 0.1105 0.102 0.102 0.1005 0.1005 0.1035 0.1035 0.1035 0.1 0.1 0.1 0.1
0.1325 0.1315 0.1315 0.1335 0.1335 0.1335 0.163 0.163 0.161 0.161 0.127 0.127 0.123 0.123 0.123 0.1275 0.1275 0.123 0.123 0.133 0.133 0.133 0.1465 0.1465 0.1505 0.1505 0.1355 0.1355 0.1355 0.1325 0.1325 0.142 0.142 0.1395 0.1395 0.1395 0.1395 0.1395 0.122 0.122 0.1185 0.1185 0.1185 0.1135 0.1135 0.121 0.121 0.1105 0.1105 0.1105 0.1105 0.1105 0.106 0.106 0.103 0.103 0.098 0.098 0.098 0.104 0.104 0.102 0.102 0.1105 0.1105 0.1105 0.102 0.102 0.1005 0.1005 0.1035 0.1035 0.1035 0.1 0.1 0.1 0.1
0.1325 0.1315 0.1315 0.1335 0.1335 0.1335 0.163 0.163 0.161 0.161 0.127 0.127 0.123 0.123 0.123 0.1275 0.1275 0.123 0.123 0.133 0.133 0.133 0.1465 0.1465 0.1505 0.1505 0.1355 0.1355 0.1355 0.1325 0.1325 0.142 0.142 0.1395 0.1395 0.1395 0.1395 0.1395 0.122 0.122 0.1185 0.1185 0.1185 0.1135 0.1135 0.121 0.121 0.1105 0.1105 0.1105 0.1105 0.1105 0.106 0.106 0.103 0.103 0.098 0.098 0.098 0.104 0.104 0.102 0.102 0.1105 0.1105 0.1105 0.102 0.102 0.1005 0.1005 0.1035 0.1035 0.1035 0.1 0.1 0.1 0.1
0.1245 0.121 0.121 0.181 0.181 0.181 0.1765 0.1765 0.179 0.179 0.1535 0.1535 0.132 0.132 0.132 0.128 0.128 0.1305 0.1305 0.146 0.146 0.146 0.141 0.141 0.148 0.148 0.1475 0.1475 0.1475 0.145 0.145 0.1455 0.1455 0.1395 0.1395 0.1395 0.131 0.131 0.121 0.121 0.1185 0.1185 0.1185 0.1215 0.1215 0.1335 0.1335 0.1205 0.1205 0.1195 0.1195 0.1195 0.116 0.116 0.116 0.116 0.103 0.103 0.103 0.108 0.108 0.1055 0.1055 0.112 0.112 0.112 0.1095 0.1095 0.1105 0.1105 0.1165 0.1165 0.1165 0.1135 0.1135 0.104 0.104
0.1245 0.121 0.121 0.181 0.181 0.181 0.1765 0.1765 0.179 0.179 0.1535 0.1535 0.132 0.132 0.132 0.128 0.128 0.1305 0.1305 0.146 0.146 0.146 0.141 0.141 0.148 0.148 0.1475 0.1475 0.1475 0.145 0.145 0.1455 0.1455 0.1395 0.1395 0.1395 0.131 0.131 0.121 0.121 0.1185 0.1185 0.1185 0.1215 0.1215 0.1335 0.1335 0.1205 0.1205 0.1195 0.1195 0.1195 0.116 0.116 0.116 0.116 0.103 0.103 0.103 0.108 0.108 0.1055 0.1055 0.112 0.112 0.112 0.1095 0.1095 0.1105 0.1105 0.1165 0.1165 0.1165 0.1135 0.1135 0.104 0.104
0.138 0.14 0.14 0.142 0.142 0.142 0.1685 0.1685 0.151 0.151 0.139 0.139 0.132 0.132 0.132 0.1275 0.1275 0.12 0.12 0.144 0.144 0.144 0.1365 0.1365 0.1395 0.1395 0.1415 0.1415 0.1415 0.1615 0.1615 0.139 0.139 0.131 0.131 0.131 0.13 0.13 0.1325 0.1325 0.1315 0.1315 0.1315 0.1285 0.1285 0.1285 0.1285 0.1345 0.1345 0.1245 0.1245 0.1245 0.129 0.129 0.1195 0.1195 0.12 0.12 0.12 0.114 0.114 0.1225 0.1225 0.12 0.12 0.12 0.1275 0.1275 0.1245 0.1245 0.1255 0.1255 0.1255 0.117 0.117 0.111 0.111
0.138 0.14 0.14 0.142 0.142 0.142 0.1685 0.1685 0.151 0.151 0.139 0.139 0.132 0.132 0.132 0.1275 0.1275 0.12 0.12 0.144 0.144 0.144 0.1365 0.1365 0.1395 0.1395 0.1415 0.1415 0.1415 0.1615 0.1615 0.139 0.139 0.131 0.131 0.131 0.13 0.13 0.1325 0.1325 0.1315 0.1315 0.1315 0.1285 0.1285 0.1285 0.1285 0.1345 0.1345 0.1245 0.1245 0.1245 0.129 0.129 0.1195 0.1195 0.12 0.12 0.12 0.114 0.114 0.1225 0.1225 0.12 0.12 0.12 0.1275 0.1275 0.1245 0.1245 0.1255 0.1255 0.1255 0.117 0.117 0.111 0.111
0.137 0.1475 0.1475 0.1895 0.1895 0.1895 0.1345 0.1345 0.141 0.141 0.1275 0.1275 0.1225 0.1225 0.1225 0.13 0.13 0.124 0.124 0.12 0.12 0.12 0.1305 0.1305 0.1445 0.1445 0.1585 0.1585 0.1585 0.16 0.16 0.1515 0.1515 0.132 0.132 0.132 0.1395 0.1395 0.129 0.129 0.127 0.127 0.127 0.122 0.122 0.122 0.122 0.138 0.138 0.1325 0.1325 0.1325 0.141 0.141 0.1385 0.1385 0.129 0.129 0.129 0.128 0.128 0.125 0.125 0.128 0.128 0.128 0.133 0.133 0.1345 0.1345 0.133 0.133 0.133 0.123 0.123 0.118 0.118
0.137 0.1475 0.1475 0.1895 0.1895 0.1895 0.1345 0.1345 0.141 0.141 0.1275 0.1275 0.1225 0.1225 0.1225 0.13 0.13 0.124 0.124 0.12 0.12 0.12 0.1305 0.1305 0.1445 0.1445 0.1585 0.1585 0.1585 0.16 0.16 0.1515 0.1515 0.132 0.132 0.132 0.1395 0.1395 0.129 0.129 0.127 0.127 0.127 0.122 0.122 0.122 0.122 0.138 0.138 0.1325 0.1325 0.1325 0.141 0.141 0.1385 0.1385 0.129 0.129 0.129 0.128 0.128 0.125 0.125 0.128 0.128 0.128 0.133 0.133 0.1345 0.1345 0.133 0.133 0.133 0.123 0.123 0.118 0.118
