ndvi/NOAA-213.asc
ncols         252
nrows         154
xllcorner     -18.017974
yllcorner     13.481982
cellsize      0.035948
NODATA_value  -9999
[rows 35 to 69 of 154, columns 77 to 153 of 252]
0.164 0.164 0.147 0.147 0.1405 0.1405 0.1315 0.1315 0.1315 0.1325 0.1325 0.137 0.137 0.1405 0.1405 0.152 0.152 0.152 0.156 0.156 0.1645 0.1645 0.167 0.167 0.167 0.171 0.171 0.159 0.159 0.161 0.161 0.161 0.1735 0.1735 0.1665 0.1665 0.1575 0.1575 0.1575 0.1585 0.1585 0.1805 0.1805 0.1865 0.1865 0.1865 0.1805 0.1805 0.1655 0.1655 0.158 0.158 0.15 0.15 0.15 0.148 0.148 0.1525 0.1525 0.159 0.159 0.159 0.1675 0.1675 0.171 0.171 0.179 0.179 0.179 0.1695 0.1695 0.155 0.155 0.1495 0.1495 0.1495 0.146
0.164 0.164 0.147 0.147 0.1405 0.1405 0.1315 0.1315 0.1315 0.1325 0.1325 0.137 0.137 0.1405 0.1405 0.152 0.152 0.152 0.156 0.156 0.1645 0.1645 0.167 0.167 0.167 0.171 0.171 0.159 0.159 0.161 0.161 0.161 0.1735 0.1735 0.1665 0.1665 0.1575 0.1575 0.1575 0.1585 0.1585 0.1805 0.1805 0.1865 0.1865 0.1865 0.1805 0.1805 0.1655 0.1655 0.158 0.158 0.15 0.15 0.15 0.148 0.148 0.1525 0.1525 0.159 0.159 0.159 0.1675 0.1675 0.171 0.171 0.179 0.179 0.179 0.1695 0.1695 0.155 0.155 0.1495 0.1495 0.1495 0.146
0.184 0.184 0.185 0.185 0.1645 0.1645 0.159 0.159 0.159 0.1775 0.1775 0.168 0.168 0.168 0.168 0.1525 0.1525 0.1525 0.183 0.183 0.174 0.174 0.202 0.202 0.202 0.198 0.198 0.196 0.196 0.199 0.199 0.199 0.1985 0.1985 0.1955 0.1955 0.179 0.179 0.179 0.174 0.174 0.1915 0.1915 0.213 0.213 0.213 0.209 0.209 0.2105 0.2105 0.204 0.204 0.199 0.199 0.199 0.179 0.179 0.1735 0.1735 0.1775 0.1775 0.1775 0.17 0.17 0.1695 0.1695 0.1595 0.1595 0.1595 0.181 0.181 0.196 0.196 0.186 0.186 0.186 0.155
0.184 0.184 0.185 0.185 0.1645 0.1645 0.159 0.159 0.159 0.1775 0.1775 0.168 0.168 0.168 0.168 0.1525 0.1525 0.1525 0.183 0.183 0.174 0.174 0.202 0.202 0.202 0.198 0.198 0.196 0.196 0.199 0.199 0.199 0.1985 0.1985 0.1955 0.1955 0.179 0.179 0.179 0.174 0.174 0.1915 0.1915 0.213 0.213 0.213 0.209 0.209 0.2105 0.2105 0.204 0.204 0.199 0.199 0.199 0.179 0.179 0.1735 0.1735 0.1775 0.1775 0.1775 0.17 0.17 0.1695 0.1695 0.1595 0.1595 0.1595 0.181 0.181 0.196 0.196 0.186 0.186 0.186 0.155
0.197 0.197 0.1865 0.1865 0.188 0.188 0.181 0.181 0.181 0.188 0.188 0.1825 0.1825 0.176 0.176 0.1715 0.1715 0.1715 0.1845 0.1845 0.202 0.202 0.199 0.199 0.199 0.203 0.203 0.212 0.212 0.2075 0.2075 0.2075 0.2215 0.2215 0.2195 0.2195 0.1975 0.1975 0.1975 0.195 0.195 0.207 0.207 0.2325 0.2325 0.2325 0.2105 0.2105 0.215 0.215 0.218 0.218 0.268 0.268 0.268 0.229 0.229 0.2155 0.2155 0.2115 0.2115 0.2115 0.1805 0.1805 0.1835 0.1835 0.182 0.182 0.182 0.169 0.169 0.1715 0.1715 0.2005 0.2005 0.2005 0.16
0.197 0.197 0.1865 0.1865 0.188 0.188 0.181 0.181 0.181 0.188 0.188 0.1825 0.1825 0.176 0.176 0.1715 0.1715 0.1715 0.1845 0.1845 0.202 0.202 0.199 0.199 0.199 0.203 0.203 0.212 0.212 0.2075 0.2075 0.2075 0.2215 0.2215 0.2195 0.2195 0.1975 0.1975 0.1975 0.195 0.195 0.207 0.207 0.2325 0.2325 0.2325 0.2105 0.2105 0.215 0.215 0.218 0.218 0.268 0.268 0.268 0.229 0.229 0.2155 0.2155 0.2115 0.2115 0.2115 0.1805 0.1805 0.1835 0.1835 0.182 0.182 0.182 0.169 0.169 0.1715 0.1715 0.2005 0.2005 0.2005 0.16
0.2155 0.2155 0.196 0.196 0.1995 0.1995 0.1995 0.1995 0.1995 0.21 0.21 0.211 0.211 0.2125 0.2125 0.222 0.222 0.222 0.2105 0.2105 0.196 0.196 0.2115 0.2115 0.2115 0.2195 0.2195 0.2225 0.2225 0.229 0.229 0.229 0.2575 0.2575 0.222 0.222 0.219 0.219 0.219 0.2145 0.2145 0.228 0.228 0.229 0.229 0.229 0.1985 0.1985 0.214 0.214 0.2335 0.2335 0.278 0.278 0.278 0.2325 0.2325 0.253 0.253 0.2275 0.2275 0.2275 0.194 0.194 0.163 0.163 0.1535 0.1535 0.1535 0.1525 0.1525 0.1535 0.1535 0.186 0.186 0.186 0.1765
0.2155 0.2155 0.196 0.196 0.1995 0.1995 0.1995 0.1995 0.1995 0.21 0.21 0.211 0.211 0.2125 0.2125 0.222 0.222 0.222 0.2105 0.2105 0.196 0.196 0.2115 0.2115 0.2115 0.2195 0.2195 0.2225 0.2225 0.229 0.229 0.229 0.2575 0.2575 0.222 0.222 0.219 0.219 0.219 0.2145 0.2145 0.228 0.228 0.229 0.229 0.229 0.1985 0.1985 0.214 0.214 0.2335 0.2335 0.278 0.278 0.278 0.2325 0.2325 0.253 0.253 0.2275 0.2275 0.2275 0.194 0.194 0.163 0.163 0.1535 0.1535 0.1535 0.1525 0.1525 0.1535 0.1535 0.186 0.186 0.186 0.1765
0.2155 0.2155 0.196 0.196 0.1995 0.1995 0.1995 0.1995 0.1995 0.21 0.21 0.211 0.211 0.2125 0.2125 0.222 0.222 0.222 0.2105 0.2105 0.196 0.196 0.2115 0.2115 0.2115 0.2195 0.2195 0.2225 0.2225 0.229 0.229 0.229 0.2575 0.2575 0.222 0.222 0.219 0.219 0.219 0.2145 0.2145 0.228 0.228 0.229 0.229 0.229 0.1985 0.1985 0.214 0.214 0.2335 0.2335 0.278 0.278 0.278 0.2325 0.2325 0.253 0.253 0.2275 0.2275 0.2275 0.194 0.194 0.163 0.163 0.1535 0.1535 0.1535 0.1525 0.1525 0.1535 0.1535 0.186 0.186 0.186 0.1765
0.2165 0.2165 0.198 0.198 0.2085 0.2085 0.2045 0.2045 0.2045 0.2095 0.2095 0.21 0.21 0.246 0.246 0.2465 0.2465 0.2465 0.2235 0.2235 0.1855 0.1855 0.191 0.191 0.191 0.219 0.219 0.2385 0.2385 0.237 0.237 0.237 0.248 0.248 0.2645 0.2645 0.254 0.254 0.254 0.244 0.244 0.2415 0.2415 0.2375 0.2375 0.2375 0.206 0.206 0.2075 0.2075 0.224 0.224 0.235 0.235 0.235 0.218 0.218 0.221 0.221 0.2085 0.2085 0.2085 0.1685 0.1685 0.1625 0.1625 0.155 0.155 0.155 0.1675 0.1675 0.1515 0.1515 0.1745 0.1745 0.1745 0.1585
0.2165 0.2165 0.198 0.198 0.2085 0.2085 0.2045 0.2045 0.2045 0.2095 0.2095 0.21 0.21 0.246 0.246 0.2465 0.2465 0.2465 0.2235 0.2235 0.1855 0.1855 0.191 0.191 0.191 0.219 0.219 0.2385 0.2385 0.237 0.237 0.237 0.248 0.248 0.2645 0.2645 0.254 0.254 0.254 0.244 0.244 0.2415 0.2415 0.2375 0.2375 0.2375 0.206 0.206 0.2075 0.2075 0.224 0.224 0.235 0.235 0.235 0.218 0.218 0.221 0.221 0.2085 0.2085 0.2085 0.1685 0.1685 0.1625 0.1625 0.155 0.155 0.155 0.1675 0.1675 0.1515 0.1515 0.1745 0.1745 0.1745 0.1585
0.2425 0.2425 0.2295 0.2295 0.228 0.228 0.2315 0.2315 0.2315 0.2175 0.2175 0.2 0.2 0.2285 0.2285 0.262 0.262 0.262 0.2275 0.2275 0.212 0.212 0.2415 0.2415 0.2415 0.237 0.237 0.247 0.247 0.264 0.264 0.264 0.281 0.281 0.31 0.31 0.28 0.28 0.28 0.257 0.257 0.229 0.229 0.2345 0.2345 0.2345 0.218 0.218 0.261 0.261 0.214 0.214 0.2075 0.2075 0.2075 0.202 0.202 0.204 0.204 0.182 0.182 0.182 0.1885 0.1885 0.1565 0.1565 0.167 0.167 0.167 0.1675 0.1675 0.1625 0.1625 0.2085 0.2085 0.2085 0.1855
0.2425 0.2425 0.2295 0.2295 0.228 0.228 0.2315 0.2315 0.2315 0.2175 0.2175 0.2 0.2 0.2285 0.2285 0.262 0.262 0.262 0.2275 0.2275 0.212 0.212 0.2415 0.2415 0.2415 0.237 0.237 0.247 0.247 0.264 0.264 0.264 0.281 0.281 0.31 0.31 0.28 0.28 0.28 0.257 0.257 0.229 0.229 0.2345 0.2345 0.2345 0.218 0.218 0.261 0.261 0.214 0.214 0.2075 0.2075 0.2075 0.202 0.202 0.204 0.204 0.182 0.182 0.182 0.1885 0.1885 0.1565 0.1565 0.167 0.167 0.167 0.1675 0.1675 0.1625 0.1625 0.2085 0.2085 0.2085 0.1855
0.2455 0.2455 0.2405 0.2405 0.2465 0.2465 0.23 0.23 0.23 0.218 0.218 0.181 0.181 0.236 0.236 0.254 0.254 0.254 0.257 0.257 0.2725 0.2725 0.2765 0.2765 0.2765 0.29 0.29 0.318 0.318 0.35 0.35 0.35 0.378 0.378 0.3705 0.3705 0.282 0.282 0.282 0.245 0.245 0.253 0.253 0.2035 0.2035 0.2035 0.232 0.232 0.237 0.237 0.231 0.231 0.2175 0.2175 0.2175 0.2065 0.2065 0.2065 0.2065 0.171 0.171 0.171 0.187 0.187 0.1915 0.1915 0.209 0.209 0.209 0.2085 0.2085 0.1945 0.1945 0.1885 0.1885 0.1885 0.216
0.2455 0.2455 0.2405 0.2405 0.2465 0.2465 0.23 0.23 0.23 0.218 0.218 0.181 0.181 0.236 0.236 0.254 0.254 0.254 0.257 0.257 0.2725 0.2725 0.2765 0.2765 0.2765 0.29 0.29 0.318 0.318 0.35 0.35 0.35 0.378 0.378 0.3705 0.3705 0.282 0.282 0.282 0.245 0.245 0.253 0.253 0.2035 0.2035 0.2035 0.232 0.232 0.237 0.237 0.231 0.231 0.2175 0.2175 0.2175 0.2065 0.2065 0.2065 0.2065 0.171 0.171 0.171 0.187 0.187 0.1915 0.1915 0.209 0.209 0.209 0.2085 0.2085 0.1945 0.1945 0.1885 0.1885 0.1885 0.216
0.2455 0.2455 0.2405 0.2405 0.2465 0.2465 0.23 0.23 0.23 0.218 0.218 0.181 0.181 0.236 0.236 0.254 0.254 0.254 0.257 0.257 0.2725 0.2725 0.2765 0.2765 0.2765 0.29 0.29 0.318 0.318 0.35 0.35 0.35 0.378 0.378 0.3705 0.3705 0.282 0.282 0.282 0.245 0.245 0.253 0.253 0.2035 0.2035 0.2035 0.232 0.232 0.237 0.237 0.231 0.231 0.2175 0.2175 0.2175 0.2065 0.2065 0.2065 0.2065 0.171 0.171 0.171 0.187 0.187 0.1915 0.1915 0.209 0.209 0.209 0.2085 0.2085 0.1945 0.1945 0.1885 0.1885 0.1885 0.216
0.226 0.226 0.2305 0.2305 0.2385 0.2385 0.248 0.248 0.248 0.2375 0.2375 0.2275 0.2275 0.261 0.261 0.28 0.28 0.28 0.2935 0.2935 0.285 0.285 0.2855 0.2855 0.2855 0.3325 0.3325 0.335 0.335 0.3265 0.3265 0.3265 0.35 0.35 0.344 0.344 0.281 0.281 0.281 0.234 0.234 0.2145 0.2145 0.2225 0.2225 0.2225 0.255 0.255 0.179 0.179 0.209 0.209 0.2135 0.2135 0.2135 0.23 0.23 0.222 0.222 0.1925 0.1925 0.1925 0.227 0.227 0.253 0.253 0.241 0.241 0.241 0.239 0.239 0.246 0.246 0.184 0.184 0.184 0.2315
0.226 0.226 0.2305 0.2305 0.2385 0.2385 0.248 0.248 0.248 0.2375 0.2375 0.2275 0.2275 0.261 0.261 0.28 0.28 0.28 0.2935 0.2935 0.285 0.285 0.2855 0.2855 0.2855 0.3325 0.3325 0.335 0.335 0.3265 0.3265 0.3265 0.35 0.35 0.344 0.344 0.281 0.281 0.281 0.234 0.234 0.2145 0.2145 0.2225 0.2225 0.2225 0.255 0.255 0.179 0.179 0.209 0.209 0.2135 0.2135 0.2135 0.23 0.23 0.222 0.222 0.1925 0.1925 0.1925 0.227 0.227 0.253 0.253 0.241 0.241 0.241 0.239 0.239 0.246 0.246 0.184 0.184 0.184 0.2315
0.259 0.259 0.2285 0.2285 0.2515 0.2515 0.2595 0.2595 0.2595 0.23 0.23 0.257 0.257 0.298 0.298 0.2945 0.2945 0.2945 0.308 0.308 0.312 0.312 0.324 0.324 0.324 0.325 0.325 0.342 0.342 0.276 0.276 0.276 0.305 0.305 0.326 0.326 0.2735 0.2735 0.2735 0.243 0.243 0.215 0.215 0.222 0.222 0.222 0.173 0.173 0.1795 0.1795 0.202 0.202 0.2245 0.2245 0.2245 0.2325 0.2325 0.239 0.239 0.271 0.271 0.271 0.28 0.28 0.2525 0.2525 0.248 0.248 0.248 0.2825 0.2825 0.2995 0.2995 0.267 0.267 0.267 0.1885
0.259 0.259 0.2285 0.2285 0.2515 0.2515 0.2595 0.2595 0.2595 0.23 0.23 0.257 0.257 0.298 0.298 0.2945 0.2945 0.2945 0.308 0.308 0.312 0.312 0.324 0.324 0.324 0.325 0.325 0.342 0.342 0.276 0.276 0.276 0.305 0.305 0.326 0.326 0.2735 0.2735 0.2735 0.243 0.243 0.215 0.215 0.222 0.222 0.222 0.173 0.173 0.1795 0.1795 0.202 0.202 0.2245 0.2245 0.2245 0.2325 0.2325 0.239 0.239 0.271 0.271 0.271 0.28 0.28 0.2525 0.2525 0.248 0.248 0.248 0.2825 0.2825 0.2995 0.2995 0.267 0.267 0.267 0.1885
0.3075 0.3075 0.298 0.298 0.28 0.28 0.2725 0.2725 0.2725 0.2645 0.2645 0.2835 0.2835 0.2855 0.2855 0.284 0.284 0.284 0.3095 0.3095 0.336 0.336 0.362 0.362 0.362 0.328 0.328 0.291 0.291 0.265 0.265 0.265 0.273 0.273 0.289 0.289 0.2795 0.2795 0.2795 0.263 0.263 0.201 0.201 0.217 0.217 0.217 0.1955 0.1955 0.1815 0.1815 0.2565 0.2565 0.2365 0.2365 0.2365 0.256 0.256 0.2935 0.2935 0.3025 0.3025 0.3025 0.2935 0.2935 0.278 0.278 0.265 0.265 0.265 0.2725 0.2725 0.264 0.264 0.202 0.202 0.202 0.184
0.3075 0.3075 0.298 0.298 0.28 0.28 0.2725 0.2725 0.2725 0.2645 0.2645 0.2835 0.2835 0.2855 0.2855 0.284 0.284 0.284 0.3095 0.3095 0.336 0.336 0.362 0.362 0.362 0.328 0.328 0.291 0.291 0.265 0.265 0.265 0.273 0.273 0.289 0.289 0.2795 0.2795 0.2795 0.263 0.263 0.201 0.201 0.217 0.217 0.217 0.1955 0.1955 0.1815 0.1815 0.2565 0.2565 0.2365 0.2365 0.2365 0.256 0.256 0.2935 0.2935 0.3025 0.3025 0.3025 0.2935 0.2935 0.278 0.278 0.265 0.265 0.265 0.2725 0.2725 0.264 0.264 0.202 0.202 0.202 0.184
0.2845 0.2845 0.2885 0.2885 0.3035 0.3035 0.277 0.277 0.277 0.2675 0.2675 0.229 0.229 0.239 0.239 0.276 0.276 0.276 0.306 0.306 0.383 0.383 0.3835 0.3835 0.3835 0.3305 0.3305 0.29 0.29 0.2955 0.2955 0.2955 0.297 0.297 0.288 0.288 0.2665 0.2665 0.2665 0.2335 0.2335 0.227 0.227 0.2095 0.2095 0.2095 0.2175 0.2175 0.2195 0.2195 0.195 0.195 0.2385 0.2385 0.2385 0.253 0.253 0.259 0.259 0.28 0.28 0.28 0.3 0.3 0.2695 0.2695 0.2385 0.2385 0.2385 0.2585 0.2585 0.225 0.225 0.174 0.174 0.174 0.1595
0.2845 0.2845 0.2885 0.2885 0.3035 0.3035 0.277 0.277 0.277 0.2675 0.2675 0.229 0.229 0.239 0.239 0.276 0.276 0.276 0.306 0.306 0.383 0.383 0.3835 0.3835 0.3835 0.3305 0.3305 0.29 0.29 0.2955 0.2955 0.2955 0.297 0.297 0.288 0.288 0.2665 0.2665 0.2665 0.2335 0.2335 0.227 0.227 0.2095 0.2095 0.2095 0.2175 0.2175 0.2195 0.2195 0.195 0.195 0.2385 0.2385 0.2385 0.253 0.253 0.259 0.259 0.28 0.28 0.28 0.3 0.3 0.2695 0.2695 0.2385 0.2385 0.2385 0.2585 0.2585 0.225 0.225 0.174 0.174 0.174 0.1595
0.2845 0.2845 0.2885 0.2885 0.3035 0.3035 0.277 0.277 0.277 0.2675 0.2675 0.229 0.229 0.239 0.239 0.276 0.276 0.276 0.306 0.306 0.383 0.383 0.3835 0.3835 0.3835 0.3305 0.3305 0.29 0.29 0.2955 0.2955 0.2955 0.297 0.297 0.288 0.288 0.2665 0.2665 0.2665 0.2335 0.2335 0.227 0.227 0.2095 0.2095 0.2095 0.2175 0.2175 0.2195 0.2195 0.195 0.195 0.2385 0.2385 0.2385 0.253 0.253 0.259 0.259 0.28 0.28 0.28 0.3 0.3 0.2695 0.2695 0.2385 0.2385 0.2385 0.2585 0.2585 0.225 0.225 0.174 0.174 0.174 0.1595
0.2565 0.2565 0.274 0.274 0.27 0.27 0.251 0.251 0.251 0.2185 0.2185 0.203 0.203 0.1835 0.1835 0.234 0.234 0.234 0.197 0.197 0.2205 0.2205 0.2865 0.2865 0.2865 0.337 0.337 0.3215 0.3215 0.3095 0.3095 0.3095 0.316 0.316 0.284 0.284 0.266 0.266 0.266 0.216 0.216 0.2155 0.2155 0.2245 0.2245 0.2245 0.2275 0.2275 0.17 0.17 0.157 0.157 0.191 0.191 0.191 0.2075 0.2075 0.261 0.261 0.309 0.309 0.309 0.293 0.293 0.2855 0.2855 0.29 0.29 0.29 0.2845 0.2845 0.264 0.264 0.19 0.19 0.19 0.16
0.2565 0.2565 0.274 0.274 0.27 0.27 0.251 0.251 0.251 0.2185 0.2185 0.203 0.203 0.1835 0.1835 0.234 0.234 0.234 0.197 0.197 0.2205 0.2205 0.2865 0.2865 0.2865 0.337 0.337 0.3215 0.3215 0.3095 0.3095 0.3095 0.316 0.316 0.284 0.284 0.266 0.266 0.266 0.216 0.216 0.2155 0.2155 0.2245 0.2245 0.2245 0.2275 0.2275 0.17 0.17 0.157 0.157 0.191 0.191 0.191 0.2075 0.2075 0.261 0.261 0.309 0.309 0.309 0.293 0.293 0.2855 0.2855 0.29 0.29 0.29 0.2845 0.2845 0.264 0.264 0.19 0.19 0.19 0.16
0.2655 0.2655 0.2935 0.2935 0.2475 0.2475 0.2245 0.2245 0.2245 0.2115 0.2115 0.2005 0.2005 0.1895 0.1895 0.196 0.196 0.196 0.182 0.182 0.2465 0.2465 0.2465 0.2465 0.2465 0.2935 0.2935 0.2885 0.2885 0.3315 0.3315 0.3315 0.337 0.337 0.313 0.313 0.2595 0.2595 0.2595 0.2565 0.2565 0.2095 0.2095 0.2235 0.2235 0.2235 0.1895 0.1895 0.1675 0.1675 0.181 0.181 0.1955 0.1955 0.1955 0.237 0.237 0.27 0.27 0.326 0.326 0.326 0.337 0.337 0.3325 0.3325 0.2955 0.2955 0.2955 0.3 0.3 0.267 0.267 0.1805 0.1805 0.1805 0.1985
0.2655 0.2655 0.2935 0.2935 0.2475 0.2475 0.2245 0.2245 0.2245 0.2115 0.2115 0.2005 0.2005 0.1895 0.1895 0.196 0.196 0.196 0.182 0.182 0.2465 0.2465 0.2465 0.2465 0.2465 0.2935 0.2935 0.2885 0.2885 0.3315 0.3315 0.3315 0.337 0.337 0.313 0.313 0.2595 0.2595 0.2595 0.2565 0.2565 0.2095 0.2095 0.2235 0.2235 0.2235 0.1895 0.1895 0.1675 0.1675 0.181 0.181 0.1955 0.1955 0.1955 0.237 0.237 0.27 0.27 0.326 0.326 0.326 0.337 0.337 0.3325 0.3325 0.2955 0.2955 0.2955 0.3 0.3 0.267 0.267 0.1805 0.1805 0.1805 0.1985
0.269 0.269 0.2385 0.2385 0.2725 0.2725 0.2975 0.2975 0.2975 0.318 0.318 0.258 0.258 0.2595 0.2595 0.2385 0.2385 0.2385 0.2215 0.2215 0.205 0.205 0.2145 0.2145 0.2145 0.205 0.205 0.2735 0.2735 0.294 0.294 0.294 0.297 0.297 0.299 0.299 0.2955 0.2955 0.2955 0.2865 0.2865 0.2345 0.2345 0.194 0.194 0.194 0.1985 0.1985 0.1525 0.1525 0.1935 0.1935 0.239 0.239 0.239 0.261 0.261 0.288 0.288 0.33 0.33 0.33 0.3465 0.3465 0.374 0.374 0.3645 0.3645 0.3645 0.34 0.34 0.2945 0.2945 0.214 0.214 0.214 0.2105
0.269 0.269 0.2385 0.2385 0.2725 0.2725 0.2975 0.2975 0.2975 0.318 0.318 0.258 0.258 0.2595 0.2595 0.2385 0.2385 0.2385 0.2215 0.2215 0.205 0.205 0.2145 0.2145 0.2145 0.205 0.205 0.2735 0.2735 0.294 0.294 0.294 0.297 0.297 0.299 0.299 0.2955 0.2955 0.2955 0.2865 0.2865 0.2345 0.2345 0.194 0.194 0.194 0.1985 0.1985 0.1525 0.1525 0.1935 0.1935 0.239 0.239 0.239 0.261 0.261 0.288 0.288 0.33 0.33 0.33 0.3465 0.3465 0.374 0.374 0.3645 0.3645 0.3645 0.34 0.34 0.2945 0.2945 0.214 0.214 0.214 0.2105
0.269 0.269 0.2385 0.2385 0.2725 0.2725 0.2975 0.2975 0.2975 0.318 0.318 0.258 0.258 0.2595 0.2595 0.2385 0.2385 0.2385 0.2215 0.2215 0.205 0.205 0.2145 0.2145 0.2145 0.205 0.205 0.2735 0.2735 0.294 0.294 0.294 0.297 0.297 0.299 0.299 0.2955 0.2955 0.2955 0.2865 0.2865 0.2345 0.2345 0.194 0.194 0.194 0.1985 0.1985 0.1525 0.1525 0.1935 0.1935 0.239 0.239 0.239 0.261 0.261 0.288 0.288 0.33 0.33 0.33 0.3465 0.3465 0.374 0.374 0.3645 0.3645 0.3645 0.34 0.34 0.2945 0.2945 0.214 0.214 0.214 0.2105
0.2855 0.2855 0.2205 0.2205 0.286 0.286 0.293 0.293 0.293 0.3145 0.3145 0.28 0.28 0.2555 0.2555 0.268 0.268 0.268 0.2125 0.2125 0.235 0.235 0.244 0.244 0.244 0.21 0.21 0.263 0.263 0.2675 0.2675 0.2675 0.312 0.312 0.303 0.303 0.2865 0.2865 0.2865 0.249 0.249 0.2485 0.2485 0.2415 0.2415 0.2415 0.166 0.166 0.211 0.211 0.2185 0.2185 0.251 0.251 0.251 0.2815 0.2815 0.2685 0.2685 0.3285 0.3285 0.3285 0.36 0.36 0.413 0.413 0.383 0.383 0.383 0.3545 0.3545 0.298 0.298 0.2305 0.2305 0.2305 0.197
0.2855 0.2855 0.2205 0.2205 0.286 0.286 0.293 0.293 0.293 0.3145 0.3145 0.28 0.28 0.2555 0.2555 0.268 0.268 0.268 0.2125 0.2125 0.235 0.235 0.244 0.244 0.244 0.21 0.21 0.263 0.263 0.2675 0.2675 0.2675 0.312 0.312 0.303 0.303 0.2865 0.2865 0.2865 0.249 0.249 0.2485 0.2485 0.2415 0.2415 0.2415 0.166 0.166 0.211 0.211 0.2185 0.2185 0.251 0.251 0.251 0.2815 0.2815 0.2685 0.2685 0.3285 0.3285 0.3285 0.36 0.36 0.413 0.413 0.383 0.383 0.383 0.3545 0.3545 0.298 0.298 0.2305 0.2305 0.2305 0.197
0.284 0.284 0.325 0.325 0.315 0.315 0.305 0.305 0.305 0.3285 0.3285 0.3055 0.3055 0.2695 0.2695 0.242 0.242 0.242 0.247 0.247 0.22 0.22 0.1902 0.1902 0.1902 0.208 0.208 0.2465 0.2465 0.269 0.269 0.269 0.2915 0.2915 0.3105 0.3105 0.294 0.294 0.294 0.294 0.294 0.271 0.271 0.23 0.23 0.23 0.181 0.181 0.192 0.192 0.216 0.216 0.238 0.238 0.238 0.2885 0.2885 0.368 0.368 0.4135 0.4135 0.4135 0.4555 0.4555 0.472 0.472 0.392 0.392 0.392 0.352 0.352 0.3045 0.3045 0.3 0.3 0.3 0.219
