ndvi/NOAA-78.asc
ncols         252
nrows         154
xllcorner     -18.017974
yllcorner     13.481982
cellsize      0.035948
NODATA_value  -9999
[rows 34 to 67 of 154, columns 77 to 153 of 252]
0.169 0.169 0.16 0.16 0.1545 0.1545 0.145 0.145 0.145 0.1455 0.1455 0.1445 0.1445 0.1445 0.1445 0.1555 0.1555 0.1555 0.161 0.161 0.167 0.167 0.1705 0.1705 0.1705 0.169 0.169 0.1675 0.1675 0.1645 0.1645 0.1645 0.1795 0.1795 0.174 0.174 0.1695 0.1695 0.1695 0.173 0.173 0.176 0.176 0.182 0.182 0.182 0.1695 0.1695 0.164 0.164 0.1605 0.1605 0.1595 0.1595 0.1595 0.1485 0.1485 0.146 0.146 0.136 0.136 0.136 0.1375 0.1375 0.156 0.156 0.155 0.155 0.155 0.1515 0.1515 0.1405 0.1405 0.1405 0.1405 0.1405 0.1395
0.169 0.169 0.16 0.16 0.1545 0.1545 0.145 0.145 0.145 0.1455 0.1455 0.1445 0.1445 0.1445 0.1445 0.1555 0.1555 0.1555 0.161 0.161 0.167 0.167 0.1705 0.1705 0.1705 0.169 0.169 0.1675 0.1675 0.1645 0.1645 0.1645 0.1795 0.1795 0.174 0.174 0.1695 0.1695 0.1695 0.173 0.173 0.176 0.176 0.182 0.182 0.182 0.1695 0.1695 0.164 0.164 0.1605 0.1605 0.1595 0.1595 0.1595 0.1485 0.1485 0.146 0.146 0.136 0.136 0.136 0.1375 0.1375 0.156 0.156 0.155 0.155 0.155 0.1515 0.1515 0.1405 0.1405 0.1405 0.1405 0.1405 0.1395
0.169 0.169 0.16 0.16 0.1545 0.1545 0.145 0.145 0.145 0.1455 0.1455 0.1445 0.1445 0.1445 0.1445 0.1555 0.1555 0.1555 0.161 0.161 0.167 0.167 0.1705 0.1705 0.1705 0.169 0.169 0.1675 0.1675 0.1645 0.1645 0.1645 0.1795 0.1795 0.174 0.174 0.1695 0.1695 0.1695 0.173 0.173 0.176 0.176 0.182 0.182 0.182 0.1695 0.1695 0.164 0.164 0.1605 0.1605 0.1595 0.1595 0.1595 0.1485 0.1485 0.146 0.146 0.136 0.136 0.136 0.1375 0.1375 0.156 0.156 0.155 0.155 0.155 0.1515 0.1515 0.1405 0.1405 0.1405 0.1405 0.1405 0.1395
0.177 0.177 0.179 0.179 0.1755 0.1755 0.168 0.168 0.168 0.1865 0.1865 0.178 0.178 0.177 0.177 0.152 0.152 0.152 0.169 0.169 0.174 0.174 0.187 0.187 0.187 0.188 0.188 0.19 0.19 0.19 0.19 0.19 0.192 0.192 0.1865 0.1865 0.1825 0.1825 0.1825 0.183 0.183 0.1875 0.1875 0.202 0.202 0.202 0.1905 0.1905 0.179 0.179 0.182 0.182 0.175 0.175 0.175 0.1655 0.1655 0.17 0.17 0.166 0.166 0.166 0.1595 0.1595 0.162 0.162 0.1575 0.1575 0.1575 0.152 0.152 0.1445 0.1445 0.13 0.13 0.13 0.139
0.177 0.177 0.179 0.179 0.1755 0.1755 0.168 0.168 0.168 0.1865 0.1865 0.178 0.178 0.177 0.177 0.152 0.152 0.152 0.169 0.169 0.174 0.174 0.187 0.187 0.187 0.188 0.188 0.19 0.19 0.19 0.19 0.19 0.192 0.192 0.1865 0.1865 0.1825 0.1825 0.1825 0.183 0.183 0.1875 0.1875 0.202 0.202 0.202 0.1905 0.1905 0.179 0.179 0.182 0.182 0.175 0.175 0.175 0.1655 0.1655 0.17 0.17 0.166 0.166 0.166 0.1595 0.1595 0.162 0.162 0.1575 0.1575 0.1575 0.152 0.152 0.1445 0.1445 0.13 0.13 0.13 0.139
0.1835 0.1835 0.179 0.179 0.1865 0.1865 0.181 0.181 0.181 0.187 0.187 0.187 0.187 0.1845 0.1845 0.171 0.171 0.171 0.1625 0.1625 0.1765 0.1765 0.1855 0.1855 0.1855 0.181 0.181 0.1925 0.1925 0.192 0.192 0.192 0.1995 0.1995 0.2035 0.2035 0.194 0.194 0.194 0.195 0.195 0.199 0.199 0.214 0.214 0.214 0.205 0.205 0.1825 0.1825 0.182 0.182 0.2415 0.2415 0.2415 0.216 0.216 0.2165 0.2165 0.1975 0.1975 0.1975 0.171 0.171 0.166 0.166 0.158 0.158 0.158 0.1335 0.1335 0.122 0.122 0.132 0.132 0.132 0.1405
0.1835 0.1835 0.179 0.179 0.1865 0.1865 0.181 0.181 0.181 0.187 0.187 0.187 0.187 0.1845 0.1845 0.171 0.171 0.171 0.1625 0.1625 0.1765 0.1765 0.1855 0.1855 0.1855 0.181 0.181 0.1925 0.1925 0.192 0.192 0.192 0.1995 0.1995 0.2035 0.2035 0.194 0.194 0.194 0.195 0.195 0.199 0.199 0.214 0.214 0.214 0.205 0.205 0.1825 0.1825 0.182 0.182 0.2415 0.2415 0.2415 0.216 0.216 0.2165 0.2165 0.1975 0.1975 0.1975 0.171 0.171 0.166 0.166 0.158 0.158 0.158 0.1335 0.1335 0.122 0.122 0.132 0.132 0.132 0.1405
0.196 0.196 0.1795 0.1795 0.1815 0.1815 0.1815 0.1815 0.1815 0.182 0.182 0.189 0.189 0.1885 0.1885 0.2015 0.2015 0.2015 0.178 0.178 0.1755 0.1755 0.182 0.182 0.182 0.196 0.196 0.2075 0.2075 0.2145 0.2145 0.2145 0.2175 0.2175 0.203 0.203 0.205 0.205 0.205 0.2045 0.2045 0.211 0.211 0.2175 0.2175 0.2175 0.19 0.19 0.197 0.197 0.2075 0.2075 0.2425 0.2425 0.2425 0.218 0.218 0.207 0.207 0.1875 0.1875 0.1875 0.154 0.154 0.155 0.155 0.127 0.127 0.127 0.1375 0.1375 0.127 0.127 0.1265 0.1265 0.1265 0.128
0.196 0.196 0.1795 0.1795 0.1815 0.1815 0.1815 0.1815 0.1815 0.182 0.182 0.189 0.189 0.1885 0.1885 0.2015 0.2015 0.2015 0.178 0.178 0.1755 0.1755 0.182 0.182 0.182 0.196 0.196 0.2075 0.2075 0.2145 0.2145 0.2145 0.2175 0.2175 0.203 0.203 0.205 0.205 0.205 0.2045 0.2045 0.211 0.211 0.2175 0.2175 0.2175 0.19 0.19 0.197 0.197 0.2075 0.2075 0.2425 0.2425 0.2425 0.218 0.218 0.207 0.207 0.1875 0.1875 0.1875 0.154 0.154 0.155 0.155 0.127 0.127 0.127 0.1375 0.1375 0.127 0.127 0.1265 0.1265 0.1265 0.128
0.196 0.196 0.1795 0.1795 0.1815 0.1815 0.1815 0.1815 0.1815 0.182 0.182 0.189 0.189 0.1885 0.1885 0.2015 0.2015 0.2015 0.178 0.178 0.1755 0.1755 0.182 0.182 0.182 0.196 0.196 0.2075 0.2075 0.2145 0.2145 0.2145 0.2175 0.2175 0.203 0.203 0.205 0.205 0.205 0.2045 0.2045 0.211 0.211 0.2175 0.2175 0.2175 0.19 0.19 0.197 0.197 0.2075 0.2075 0.2425 0.2425 0.2425 0.218 0.218 0.207 0.207 0.1875 0.1875 0.1875 0.154 0.154 0.155 0.155 0.127 0.127 0.127 0.1375 0.1375 0.127 0.127 0.1265 0.1265 0.1265 0.128
0.1985 0.1985 0.181 0.181 0.182 0.182 0.184 0.184 0.184 0.1795 0.1795 0.1795 0.1795 0.1855 0.1855 0.2045 0.2045 0.2045 0.199 0.199 0.1785 0.1785 0.1815 0.1815 0.1815 0.204 0.204 0.2035 0.2035 0.2105 0.2105 0.2105 0.224 0.224 0.2325 0.2325 0.2175 0.2175 0.2175 0.211 0.211 0.2055 0.2055 0.202 0.202 0.202 0.1925 0.1925 0.193 0.193 0.1815 0.1815 0.1965 0.1965 0.1965 0.1925 0.1925 0.185 0.185 0.156 0.156 0.156 0.15 0.15 0.1335 0.1335 0.1305 0.1305 0.1305 0.1365 0.1365 0.1215 0.1215 0.1175 0.1175 0.1175 0.123
0.1985 0.1985 0.181 0.181 0.182 0.182 0.184 0.184 0.184 0.1795 0.1795 0.1795 0.1795 0.1855 0.1855 0.2045 0.2045 0.2045 0.199 0.199 0.1785 0.1785 0.1815 0.1815 0.1815 0.204 0.204 0.2035 0.2035 0.2105 0.2105 0.2105 0.224 0.224 0.2325 0.2325 0.2175 0.2175 0.2175 0.211 0.211 0.2055 0.2055 0.202 0.202 0.202 0.1925 0.1925 0.193 0.193 0.1815 0.1815 0.1965 0.1965 0.1965 0.1925 0.1925 0.185 0.185 0.156 0.156 0.156 0.15 0.15 0.1335 0.1335 0.1305 0.1305 0.1305 0.1365 0.1365 0.1215 0.1215 0.1175 0.1175 0.1175 0.123
0.22 0.22 0.211 0.211 0.2085 0.2085 0.202 0.202 0.202 0.19 0.19 0.1765 0.1765 0.1825 0.1825 0.2015 0.2015 0.2015 0.1965 0.1965 0.2065 0.2065 0.2055 0.2055 0.2055 0.2025 0.2025 0.2165 0.2165 0.2185 0.2185 0.2185 0.2385 0.2385 0.232 0.232 0.225 0.225 0.225 0.1955 0.1955 0.2115 0.2115 0.199 0.199 0.199 0.209 0.209 0.229 0.229 0.1955 0.1955 0.198 0.198 0.198 0.188 0.188 0.174 0.174 0.1665 0.1665 0.1665 0.158 0.158 0.1515 0.1515 0.148 0.148 0.148 0.146 0.146 0.149 0.149 0.1185 0.1185 0.1185 0.154
0.22 0.22 0.211 0.211 0.2085 0.2085 0.202 0.202 0.202 0.19 0.19 0.1765 0.1765 0.1825 0.1825 0.2015 0.2015 0.2015 0.1965 0.1965 0.2065 0.2065 0.2055 0.2055 0.2055 0.2025 0.2025 0.2165 0.2165 0.2185 0.2185 0.2185 0.2385 0.2385 0.232 0.232 0.225 0.225 0.225 0.1955 0.1955 0.2115 0.2115 0.199 0.199 0.199 0.209 0.209 0.229 0.229 0.1955 0.1955 0.198 0.198 0.198 0.188 0.188 0.174 0.174 0.1665 0.1665 0.1665 0.158 0.158 0.1515 0.1515 0.148 0.148 0.148 0.146 0.146 0.149 0.149 0.1185 0.1185 0.1185 0.154
0.2325 0.2325 0.222 0.222 0.223 0.223 0.203 0.203 0.203 0.2055 0.2055 0.1865 0.1865 0.226 0.226 0.22 0.22 0.22 0.223 0.223 0.23 0.23 0.227 0.227 0.227 0.214 0.214 0.2315 0.2315 0.234 0.234 0.234 0.2395 0.2395 0.247 0.247 0.2065 0.2065 0.2065 0.1925 0.1925 0.1935 0.1935 0.2015 0.2015 0.2015 0.2145 0.2145 0.203 0.203 0.1845 0.1845 0.197 0.197 0.197 0.196 0.196 0.1895 0.1895 0.1695 0.1695 0.1695 0.18 0.18 0.1715 0.1715 0.18 0.18 0.18 0.1685 0.1685 0.1675 0.1675 0.1535 0.1535 0.1535 0.1585
0.2325 0.2325 0.222 0.222 0.223 0.223 0.203 0.203 0.203 0.2055 0.2055 0.1865 0.1865 0.226 0.226 0.22 0.22 0.22 0.223 0.223 0.23 0.23 0.227 0.227 0.227 0.214 0.214 0.2315 0.2315 0.234 0.234 0.234 0.2395 0.2395 0.247 0.247 0.2065 0.2065 0.2065 0.1925 0.1925 0.1935 0.1935 0.2015 0.2015 0.2015 0.2145 0.2145 0.203 0.203 0.1845 0.1845 0.197 0.197 0.197 0.196 0.196 0.1895 0.1895 0.1695 0.1695 0.1695 0.18 0.18 0.1715 0.1715 0.18 0.18 0.18 0.1685 0.1685 0.1675 0.1675 0.1535 0.1535 0.1535 0.1585
0.2325 0.2325 0.222 0.222 0.223 0.223 0.203 0.203 0.203 0.2055 0.2055 0.1865 0.1865 0.226 0.226 0.22 0.22 0.22 0.223 0.223 0.23 0.23 0.227 0.227 0.227 0.214 0.214 0.2315 0.2315 0.234 0.234 0.234 0.2395 0.2395 0.247 0.247 0.2065 0.2065 0.2065 0.1925 0.1925 0.1935 0.1935 0.2015 0.2015 0.2015 0.2145 0.2145 0.203 0.203 0.1845 0.1845 0.197 0.197 0.197 0.196 0.196 0.1895 0.1895 0.1695 0.1695 0.1695 0.18 0.18 0.1715 0.1715 0.18 0.18 0.18 0.1685 0.1685 0.1675 0.1675 0.1535 0.1535 0.1535 0.1585
0.212 0.212 0.214 0.214 0.206 0.206 0.2195 0.2195 0.2195 0.233 0.233 0.226 0.226 0.238 0.238 0.233 0.233 0.233 0.2305 0.2305 0.22 0.22 0.221 0.221 0.221 0.223 0.223 0.215 0.215 0.2195 0.2195 0.2195 0.2515 0.2515 0.216 0.216 0.23 0.23 0.23 0.1975 0.1975 0.197 0.197 0.1905 0.1905 0.1905 0.211 0.211 0.163 0.163 0.1855 0.1855 0.198 0.198 0.198 0.211 0.211 0.1945 0.1945 0.1815 0.1815 0.1815 0.2055 0.2055 0.215 0.215 0.2045 0.2045 0.2045 0.2095 0.2095 0.204 0.204 0.1545 0.1545 0.1545 0.1445
0.212 0.212 0.214 0.214 0.206 0.206 0.2195 0.2195 0.2195 0.233 0.233 0.226 0.226 0.238 0.238 0.233 0.233 0.233 0.2305 0.2305 0.22 0.22 0.221 0.221 0.221 0.223 0.223 0.215 0.215 0.2195 0.2195 0.2195 0.2515 0.2515 0.216 0.216 0.23 0.23 0.23 0.1975 0.1975 0.197 0.197 0.1905 0.1905 0.1905 0.211 0.211 0.163 0.163 0.1855 0.1855 0.198 0.198 0.198 0.211 0.211 0.1945 0.1945 0.1815 0.1815 0.1815 0.2055 0.2055 0.215 0.215 0.2045 0.2045 0.2045 0.2095 0.2095 0.204 0.204 0.1545 0.1545 0.1545 0.1445
0.2165 0.2165 0.2025 0.2025 0.232 0.232 0.2385 0.2385 0.2385 0.244 0.244 0.2445 0.2445 0.2505 0.2505 0.247 0.247 0.247 0.2335 0.2335 0.2255 0.2255 0.212 0.212 0.212 0.207 0.207 0.1965 0.1965 0.196 0.196 0.196 0.193 0.193 0.225 0.225 0.223 0.223 0.223 0.2125 0.2125 0.1975 0.1975 0.192 0.192 0.192 0.1715 0.1715 0.1585 0.1585 0.201 0.201 0.1985 0.1985 0.1985 0.2015 0.2015 0.215 0.215 0.235 0.235 0.235 0.23 0.23 0.2135 0.2135 0.213 0.213 0.213 0.2125 0.2125 0.199 0.199 0.2065 0.2065 0.2065 0.141
0.2165 0.2165 0.2025 0.2025 0.232 0.232 0.2385 0.2385 0.2385 0.244 0.244 0.2445 0.2445 0.2505 0.2505 0.247 0.247 0.247 0.2335 0.2335 0.2255 0.2255 0.212 0.212 0.212 0.207 0.207 0.1965 0.1965 0.196 0.196 0.196 0.193 0.193 0.225 0.225 0.223 0.223 0.223 0.2125 0.2125 0.1975 0.1975 0.192 0.192 0.192 0.1715 0.1715 0.1585 0.1585 0.201 0.201 0.1985 0.1985 0.1985 0.2015 0.2015 0.215 0.215 0.235 0.235 0.235 0.23 0.23 0.2135 0.2135 0.213 0.213 0.213 0.2125 0.2125 0.199 0.199 0.2065 0.2065 0.2065 0.141
0.2475 0.2475 0.2475 0.2475 0.2485 0.2485 0.25 0.25 0.25 0.2565 0.2565 0.26 0.26 0.252 0.252 0.254 0.254 0.254 0.2455 0.2455 0.229 0.229 0.2165 0.2165 0.2165 0.2065 0.2065 0.1995 0.1995 0.197 0.197 0.197 0.1825 0.1825 0.1955 0.1955 0.194 0.194 0.194 0.2055 0.2055 0.181 0.181 0.1765 0.1765 0.1765 0.174 0.174 0.157 0.157 0.175 0.175 0.1845 0.1845 0.1845 0.21 0.21 0.229 0.229 0.2455 0.2455 0.2455 0.2285 0.2285 0.219 0.219 0.202 0.202 0.202 0.187 0.187 0.177 0.177 0.15 0.15 0.15 0.126
0.2475 0.2475 0.2475 0.2475 0.2485 0.2485 0.25 0.25 0.25 0.2565 0.2565 0.26 0.26 0.252 0.252 0.254 0.254 0.254 0.2455 0.2455 0.229 0.229 0.2165 0.2165 0.2165 0.2065 0.2065 0.1995 0.1995 0.197 0.197 0.197 0.1825 0.1825 0.1955 0.1955 0.194 0.194 0.194 0.2055 0.2055 0.181 0.181 0.1765 0.1765 0.1765 0.174 0.174 0.157 0.157 0.175 0.175 0.1845 0.1845 0.1845 0.21 0.21 0.229 0.229 0.2455 0.2455 0.2455 0.2285 0.2285 0.219 0.219 0.202 0.202 0.202 0.187 0.187 0.177 0.177 0.15 0.15 0.15 0.126
0.2495 0.2495 0.233 0.233 0.2375 0.2375 0.244 0.244 0.244 0.2425 0.2425 0.2405 0.2405 0.245 0.245 0.242 0.242 0.242 0.247 0.247 0.2425 0.2425 0.2325 0.2325 0.2325 0.2215 0.2215 0.2095 0.2095 0.1975 0.1975 0.1975 0.187 0.187 0.1965 0.1965 0.1815 0.1815 0.1815 0.204 0.204 0.1875 0.1875 0.1905 0.1905 0.1905 0.1925 0.1925 0.1535 0.1535 0.1535 0.1535 0.1865 0.1865 0.1865 0.193 0.193 0.204 0.204 0.225 0.225 0.225 0.225 0.225 0.224 0.224 0.182 0.182 0.182 0.1915 0.1915 0.1595 0.1595 0.1535 0.1535 0.1535 0.1125
0.2495 0.2495 0.233 0.233 0.2375 0.2375 0.244 0.244 0.244 0.2425 0.2425 0.2405 0.2405 0.245 0.245 0.242 0.242 0.242 0.247 0.247 0.2425 0.2425 0.2325 0.2325 0.2325 0.2215 0.2215 0.2095 0.2095 0.1975 0.1975 0.1975 0.187 0.187 0.1965 0.1965 0.1815 0.1815 0.1815 0.204 0.204 0.1875 0.1875 0.1905 0.1905 0.1905 0.1925 0.1925 0.1535 0.1535 0.1535 0.1535 0.1865 0.1865 0.1865 0.193 0.193 0.204 0.204 0.225 0.225 0.225 0.225 0.225 0.224 0.224 0.182 0.182 0.182 0.1915 0.1915 0.1595 0.1595 0.1535 0.1535 0.1535 0.1125
0.2495 0.2495 0.233 0.233 0.2375 0.2375 0.244 0.244 0.244 0.2425 0.2425 0.2405 0.2405 0.245 0.245 0.242 0.242 0.242 0.247 0.247 0.2425 0.2425 0.2325 0.2325 0.2325 0.2215 0.2215 0.2095 0.2095 0.1975 0.1975 0.1975 0.187 0.187 0.1965 0.1965 0.1815 0.1815 0.1815 0.204 0.204 0.1875 0.1875 0.1905 0.1905 0.1905 0.1925 0.1925 0.1535 0.1535 0.1535 0.1535 0.1865 0.1865 0.1865 0.193 0.193 0.204 0.204 0.225 0.225 0.225 0.225 0.225 0.224 0.224 0.182 0.182 0.182 0.1915 0.1915 0.1595 0.1595 0.1535 0.1535 0.1535 0.1125
0.2245 0.2245 0.225 0.225 0.225 0.225 0.2325 0.2325 0.2325 0.1975 0.1975 0.201 0.201 0.1975 0.1975 0.238 0.238 0.238 0.1625 0.1625 0.213 0.213 0.206 0.206 0.206 0.2225 0.2225 0.223 0.223 0.2135 0.2135 0.2135 0.221 0.221 0.2165 0.2165 0.219 0.219 0.219 0.181 0.181 0.1815 0.1815 0.1985 0.1985 0.1985 0.186 0.186 0.1405 0.1405 0.1275 0.1275 0.1265 0.1265 0.1265 0.144 0.144 0.186 0.186 0.233 0.233 0.233 0.2365 0.2365 0.2255 0.2255 0.211 0.211 0.211 0.2115 0.2115 0.193 0.193 0.165 0.165 0.165 0.137
0.2245 0.2245 0.225 0.225 0.225 0.225 0.2325 0.2325 0.2325 0.1975 0.1975 0.201 0.201 0.1975 0.1975 0.238 0.238 0.238 0.1625 0.1625 0.213 0.213 0.206 0.206 0.206 0.2225 0.2225 0.223 0.223 0.2135 0.2135 0.2135 0.221 0.221 0.2165 0.2165 0.219 0.219 0.219 0.181 0.181 0.1815 0.1815 0.1985 0.1985 0.1985 0.186 0.186 0.1405 0.1405 0.1275 0.1275 0.1265 0.1265 0.1265 0.144 0.144 0.186 0.186 0.233 0.233 0.233 0.2365 0.2365 0.2255 0.2255 0.211 0.211 0.211 0.2115 0.2115 0.193 0.193 0.165 0.165 0.165 0.137
0.2305 0.2305 0.2275 0.2275 0.2245 0.2245 0.225 0.225 0.225 0.2395 0.2395 0.2345 0.2345 0.226 0.226 0.206 0.206 0.206 0.1725 0.1725 0.199 0.199 0.2065 0.2065 0.2065 0.218 0.218 0.2085 0.2085 0.221 0.221 0.221 0.2415 0.2415 0.243 0.243 0.2175 0.2175 0.2175 0.217 0.217 0.1785 0.1785 0.187 0.187 0.187 0.162 0.162 0.1265 0.1265 0.153 0.153 0.1505 0.1505 0.1505 0.1845 0.1845 0.1805 0.1805 0.23 0.23 0.23 0.242 0.242 0.232 0.232 0.217 0.217 0.217 0.22 0.22 0.2085 0.2085 0.166 0.166 0.166 0.149
0.2305 0.2305 0.2275 0.2275 0.2245 0.2245 0.225 0.225 0.225 0.2395 0.2395 0.2345 0.2345 0.226 0.226 0.206 0.206 0.206 0.1725 0.1725 0.199 0.199 0.2065 0.2065 0.2065 0.218 0.218 0.2085 0.2085 0.221 0.221 0.221 0.2415 0.2415 0.243 0.243 0.2175 0.2175 0.2175 0.217 0.217 0.1785 0.1785 0.187 0.187 0.187 0.162 0.162 0.1265 0.1265 0.153 0.153 0.1505 0.1505 0.1505 0.1845 0.1845 0.1805 0.1805 0.23 0.23 0.23 0.242 0.242 0.232 0.232 0.217 0.217 0.217 0.22 0.22 0.2085 0.2085 0.166 0.166 0.166 0.149
0.2425 0.2425 0.2315 0.2315 0.241 0.241 0.2515 0.2515 0.2515 0.244 0.244 0.277 0.277 0.2975 0.2975 0.2635 0.2635 0.2635 0.225 0.225 0.216 0.216 0.1995 0.1995 0.1995 0.182 0.182 0.2005 0.2005 0.216 0.216 0.216 0.232 0.232 0.2345 0.2345 0.237 0.237 0.237 0.243 0.243 0.214 0.214 0.165 0.165 0.165 0.163 0.163 0.1305 0.1305 0.1585 0.1585 0.193 0.193 0.193 0.1865 0.1865 0.215 0.215 0.234 0.234 0.234 0.2365 0.2365 0.2385 0.2385 0.2345 0.2345 0.2345 0.2065 0.2065 0.2275 0.2275 0.186 0.186 0.186 0.1635
0.2425 0.2425 0.2315 0.2315 0.241 0.241 0.2515 0.2515 0.2515 0.244 0.244 0.277 0.277 0.2975 0.2975 0.2635 0.2635 0.2635 0.225 0.225 0.216 0.216 0.1995 0.1995 0.1995 0.182 0.182 0.2005 0.2005 0.216 0.216 0.216 0.232 0.232 0.2345 0.2345 0.237 0.237 0.237 0.243 0.243 0.214 0.214 0.165 0.165 0.165 0.163 0.163 0.1305 0.1305 0.1585 0.1585 0.193 0.193 0.193 0.1865 0.1865 0.215 0.215 0.234 0.234 0.234 0.2365 0.2365 0.2385 0.2385 0.2345 0.2345 0.2345 0.2065 0.2065 0.2275 0.2275 0.186 0.186 0.186 0.1635
0.2425 0.2425 0.2315 0.2315 0.241 0.241 0.2515 0.2515 0.2515 0.244 0.244 0.277 0.277 0.2975 0.2975 0.2635 0.2635 0.2635 0.225 0.225 0.216 0.216 0.1995 0.1995 0.1995 0.182 0.182 0.2005 0.2005 0.216 0.216 0.216 0.232 0.232 0.2345 0.2345 0.237 0.237 0.237 0.243 0.243 0.214 0.214 0.165 0.165 0.165 0.163 0.163 0.1305 0.1305 0.1585 0.1585 0.193 0.193 0.193 0.1865 0.1865 0.215 0.215 0.234 0.234 0.234 0.2365 0.2365 0.2385 0.2385 0.2345 0.2345 0.2345 0.2065 0.2065 0.2275 0.2275 0.186 0.186 0.186 0.1635
0.221 0.221 0.2205 0.2205 0.226 0.226 0.2505 0.2505 0.2505 0.2555 0.2555 0.261 0.261 0.2565 0.2565 0.243 0.243 0.243 0.261 0.261 0.2705 0.2705 0.2445 0.2445 0.2445 0.201 0.201 0.1995 0.1995 0.1975 0.1975 0.1975 0.225 0.225 0.2355 0.2355 0.2345 0.2345 0.2345 0.2455 0.2455 0.251 0.251 0.2165 0.2165 0.2165 0.1595 0.1595 0.182 0.182 0.192 0.192 0.2075 0.2075 0.2075 0.213 0.213 0.222 0.222 0.225 0.225 0.225 0.2325 0.2325 0.2395 0.2395 0.2355 0.2355 0.2355 0.2315 0.2315 0.2335 0.2335 0.2095 0.2095 0.2095 0.145
