ndvi/NOAA-119.asc
ncols         252
nrows         154
xllcorner     -18.017974
yllcorner     13.481982
cellsize      0.035948
NODATA_value  -9999
[rows 68 to 101 of 154, columns 0 to 76 of 252]
-1 -1 -1 -1 -1 -1 -1 -1 -1 -1 -1 -1 -1 -1 -1 -1 -1 -1 -1 -1 -1 -1 -1 -1 -1 -1 -1 -1 -1 -1 -1 -1 -1 -1 -1 -1 -1 -1 -1 0.194 0.194 0.194 0.2055 0.2055 0.457 0.457 0.4015 0.4015 0.4015 0.3655 0.3655 0.371 0.371 0.318 0.318 0.3565 0.3565 0.3565 0.5275 0.5275 0.416 0.416 0.416 0.416 0.416 0.401 0.401 0.4085 0.4085 0.2245 0.2245 0.2245 0.1985 0.1985 0.2165 0.2165 0.194
-1 -1 -1 -1 -1 -1 -1 -1 -1 -1 -1 -1 -1 -1 -1 -1 -1 -1 -1 -1 -1 -1 -1 -1 -1 -1 -1 -1 -1 -1 -1 -1 -1 -1 -1 -1 -1 -1 -1 0.2345 0.2345 0.2345 0.2705 0.2705 0.432 0.432 0.3605 0.3605 0.3605 0.3465 0.3465 0.3505 0.3505 0.306 0.306 0.2625 0.2625 0.2625 0.4105 0.4105 0.424 0.424 0.424 0.424 0.424 0.3265 0.3265 0.297 0.297 0.2175 0.2175 0.2175 0.2085 0.2085 0.201 0.201 0.202
-1 -1 -1 -1 -1 -1 -1 -1 -1 -1 -1 -1 -1 -1 -1 -1 -1 -1 -1 -1 -1 -1 -1 -1 -1 -1 -1 -1 -1 -1 -1 -1 -1 -1 -1 -1 -1 -1 -1 0.2345 0.2345 0.2345 0.2705 0.2705 0.432 0.432 0.3605 0.3605 0.3605 0.3465 0.3465 0.3505 0.3505 0.306 0.306 0.2625 0.2625 0.2625 0.4105 0.4105 0.424 0.424 0.424 0.424 0.424 0.3265 0.3265 0.297 0.297 0.2175 0.2175 0.2175 0.2085 0.2085 0.201 0.201 0.202
-1 -1 -1 -1 -1 -1 -1 -1 -1 -1 -1 -1 -1 -1 -1 -1 -1 -1 -1 -1 -1 -1 -1 -1 -1 -1 -1 -1 -1 -1 -1 -1 -1 -1 -1 -1 -1 0.0952 0.0952 0.177 0.177 0.177 0.2735 0.2735 0.3545 0.3545 0.3075 0.3075 0.3075 0.3025 0.3025 0.2995 0.2995 0.3205 0.3205 0.201 0.201 0.201 0.2405 0.2405 0.343 0.343 0.343 0.343 0.343 0.246 0.246 0.231 0.231 0.244 0.244 0.244 0.221 0.221 0.2215 0.2215 0.217
-1 -1 -1 -1 -1 -1 -1 -1 -1 -1 -1 -1 -1 -1 -1 -1 -1 -1 -1 -1 -1 -1 -1 -1 -1 -1 -1 -1 -1 -1 -1 -1 -1 -1 -1 -1 -1 0.0952 0.0952 0.177 0.177 0.177 0.2735 0.2735 0.3545 0.3545 0.3075 0.3075 0.3075 0.3025 0.3025 0.2995 0.2995 0.3205 0.3205 0.201 0.201 0.201 0.2405 0.2405 0.343 0.343 0.343 0.343 0.343 0.246 0.246 0.231 0.231 0.244 0.244 0.244 0.221 0.221 0.2215 0.2215 0.217
-1 -1 -1 -1 -1 -1 -1 -1 -1 -1 -1 -1 -1 -1 -1 -1 -1 -1 -1 -1 -1 -1 -1 -1 -1 -1 -1 -1 -1 -1 -1 -1 -1 -1 -1 -1 -1 0.0952 0.0952 0.177 0.177 0.177 0.2735 0.2735 0.3545 0.3545 0.3075 0.3075 0.3075 0.3025 0.3025 0.2995 0.2995 0.3205 0.3205 0.201 0.201 0.201 0.2405 0.2405 0.343 0.343 0.343 0.343 0.343 0.246 0.246 0.231 0.231 0.244 0.244 0.244 0.221 0.221 0.2215 0.2215 0.217
-1 -1 -1 -1 -1 -1 -1 -1 -1 -1 -1 -1 -1 -1 -1 -1 -1 -1 -1 -1 -1 -1 -1 -1 -1 -1 -1 -1 -1 -1 -1 -1 -1 -1 -1 -1 -1 0.0377 0.0377 0.1655 0.1655 0.1655 0.296 0.296 0.335 0.335 0.2675 0.2675 0.2675 0.306 0.306 0.286 0.286 0.2025 0.2025 0.192 0.192 0.192 0.2185 0.2185 0.326 0.326 0.326 0.326 0.326 0.259 0.259 0.244 0.244 0.2425 0.2425 0.2425 0.2305 0.2305 0.229 0.229 0.245
-1 -1 -1 -1 -1 -1 -1 -1 -1 -1 -1 -1 -1 -1 -1 -1 -1 -1 -1 -1 -1 -1 -1 -1 -1 -1 -1 -1 -1 -1 -1 -1 -1 -1 -1 -1 -1 0.0377 0.0377 0.1655 0.1655 0.1655 0.296 0.296 0.335 0.335 0.2675 0.2675 0.2675 0.306 0.306 0.286 0.286 0.2025 0.2025 0.192 0.192 0.192 0.2185 0.2185 0.326 0.326 0.326 0.326 0.326 0.259 0.259 0.244 0.244 0.2425 0.2425 0.2425 0.2305 0.2305 0.229 0.229 0.245
-1 -1 -1 -1 -1 -1 -1 -1 -1 -1 -1 -1 -1 -1 -1 -1 -1 -1 -1 -1 -1 -1 -1 -1 -1 -1 -1 -1 -1 -1 -1 -1 -1 -1 -1 -1 -1 -0.0033 -0.0033 0.1555 0.1555 0.1555 0.2915 0.2915 0.327 0.327 0.265 0.265 0.265 0.237 0.237 0.232 0.232 0.2375 0.2375 0.2625 0.2625 0.2625 0.241 0.241 0.2455 0.2455 0.2455 0.2455 0.2455 0.2495 0.2495 0.2485 0.2485 0.2375 0.2375 0.2375 0.212 0.212 0.2175 0.2175 0.234
-1 -1 -1 -1 -1 -1 -1 -1 -1 -1 -1 -1 -1 -1 -1 -1 -1 -1 -1 -1 -1 -1 -1 -1 -1 -1 -1 -1 -1 -1 -1 -1 -1 -1 -1 -1 -1 -0.0033 -0.0033 0.1555 0.1555 0.1555 0.2915 0.2915 0.327 0.327 0.265 0.265 0.265 0.237 0.237 0.232 0.232 0.2375 0.2375 0.2625 0.2625 0.2625 0.241 0.241 0.2455 0.2455 0.2455 0.2455 0.2455 0.2495 0.2495 0.2485 0.2485 0.2375 0.2375 0.2375 0.212 0.212 0.2175 0.2175 0.234
-1 -1 -1 -1 -1 -1 -1 -1 -1 -1 -1 -1 -1 -1 -1 -1 -1 -1 -1 -1 -1 -1 -1 -1 -1 -1 -1 -1 -1 -1 -1 -1 -1 -1 -1 -1 -1 0.0302 0.0302 0.2105 0.2105 0.2105 0.246 0.246 0.2845 0.2845 0.2655 0.2655 0.2655 0.2505 0.2505 0.249 0.249 0.2655 0.2655 0.253 0.253 0.253 0.242 0.242 0.2395 0.2395 0.2395 0.2395 0.2395 0.2475 0.2475 0.2465 0.2465 0.233 0.233 0.233 0.245 0.245 0.2485 0.2485 0.221
-1 -1 -1 -1 -1 -1 -1 -1 -1 -1 -1 -1 -1 -1 -1 -1 -1 -1 -1 -1 -1 -1 -1 -1 -1 -1 -1 -1 -1 -1 -1 -1 -1 -1 -1 -1 -1 0.0302 0.0302 0.2105 0.2105 0.2105 0.246 0.246 0.2845 0.2845 0.2655 0.2655 0.2655 0.2505 0.2505 0.249 0.249 0.2655 0.2655 0.253 0.253 0.253 0.242 0.242 0.2395 0.2395 0.2395 0.2395 0.2395 0.2475 0.2475 0.2465 0.2465 0.233 0.233 0.233 0.245 0.245 0.2485 0.2485 0.221
-1 -1 -1 -1 -1 -1 -1 -1 -1 -1 -1 -1 -1 -1 -1 -1 -1 -1 -1 -1 -1 -1 -1 -1 -1 -1 -1 -1 -1 -1 -1 -1 -1 -1 -1 -1 -1 0.08220001 0.08220001 0.183 0.183 0.183 0.277 0.277 0.283 0.283 0.2665 0.2665 0.2665 0.2655 0.2655 0.267 0.267 0.2805 0.2805 0.2735 0.2735 0.2735 0.246 0.246 0.2525 0.2525 0.2525 0.2525 0.2525 0.2455 0.2455 0.2615 0.2615 0.2475 0.2475 0.2475 0.261 0.261 0.2535 0.2535 0.2235
-1 -1 -1 -1 -1 -1 -1 -1 -1 -1 -1 -1 -1 -1 -1 -1 -1 -1 -1 -1 -1 -1 -1 -1 -1 -1 -1 -1 -1 -1 -1 -1 -1 -1 -1 -1 -1 0.08220001 0.08220001 0.183 0.183 0.183 0.277 0.277 0.283 0.283 0.2665 0.2665 0.2665 0.2655 0.2655 0.267 0.267 0.2805 0.2805 0.2735 0.2735 0.2735 0.246 0.246 0.2525 0.2525 0.2525 0.2525 0.2525 0.2455 0.2455 0.2615 0.2615 0.2475 0.2475 0.2475 0.261 0.261 0.2535 0.2535 0.2235
-1 -1 -1 -1 -1 -1 -1 -1 -1 -1 -1 -1 -1 -1 -1 -1 -1 -1 -1 -1 -1 -1 -1 -1 -1 -1 -1 -1 -1 -1 -1 -1 -1 -1 -1 -1 -1 0.08220001 0.08220001 0.183 0.183 0.183 0.277 0.277 0.283 0.283 0.2665 0.2665 0.2665 0.2655 0.2655 0.267 0.267 0.2805 0.2805 0.2735 0.2735 0.2735 0.246 0.246 0.2525 0.2525 0.2525 0.2525 0.2525 0.2455 0.2455 0.2615 0.2615 0.2475 0.2475 0.2475 0.261 0.261 0.2535 0.2535 0.2235
-1 -1 -1 -1 -1 -1 -1 -1 -1 -1 -1 -1 -1 -1 -1 -1 -1 -1 -1 -1 -1 -1 -1 -1 -1 -1 -1 -1 -1 -1 -1 -1 -1 -1 -1 -1 -1 0.0982 0.0982 0.2145 0.2145 0.2145 0.283 0.283 0.2755 0.2755 0.268 0.268 0.268 0.2485 0.2485 0.2495 0.2495 0.2535 0.2535 0.2415 0.2415 0.2415 0.233 0.233 0.2445 0.2445 0.2445 0.2445 0.2445 0.2605 0.2605 0.266 0.266 0.264 0.264 0.264 0.271 0.271 0.2485 0.2485 0.2515
-1 -1 -1 -1 -1 -1 -1 -1 -1 -1 -1 -1 -1 -1 -1 -1 -1 -1 -1 -1 -1 -1 -1 -1 -1 -1 -1 -1 -1 -1 -1 -1 -1 -1 -1 -1 -1 0.0982 0.0982 0.2145 0.2145 0.2145 0.283 0.283 0.2755 0.2755 0.268 0.268 0.268 0.2485 0.2485 0.2495 0.2495 0.2535 0.2535 0.2415 0.2415 0.2415 0.233 0.233 0.2445 0.2445 0.2445 0.2445 0.2445 0.2605 0.2605 0.266 0.266 0.264 0.264 0.264 0.271 0.271 0.2485 0.2485 0.2515
-1 -1 -1 -1 -1 -1 -1 -1 -1 -1 -1 -1 -1 -1 -1 -1 -1 -1 -1 -1 -1 -1 -1 -1 -1 -1 -1 -1 -1 -1 -1 -1 -1 -1 -1 -1 -1 0.1092 0.1092 0.294 0.294 0.294 0.306 0.306 0.2735 0.2735 0.255 0.255 0.255 0.247 0.247 0.2425 0.2425 0.264 0.264 0.2625 0.2625 0.2625 0.2365 0.2365 0.243 0.243 0.243 0.243 0.243 0.258 0.258 0.284 0.284 0.2595 0.2595 0.2595 0.253 0.253 0.2675 0.2675 0.2885
-1 -1 -1 -1 -1 -1 -1 -1 -1 -1 -1 -1 -1 -1 -1 -1 -1 -1 -1 -1 -1 -1 -1 -1 -1 -1 -1 -1 -1 -1 -1 -1 -1 -1 -1 -1 -1 0.1092 0.1092 0.294 0.294 0.294 0.306 0.306 0.2735 0.2735 0.255 0.255 0.255 0.247 0.247 0.2425 0.2425 0.264 0.264 0.2625 0.2625 0.2625 0.2365 0.2365 0.243 0.243 0.243 0.243 0.243 0.258 0.258 0.284 0.284 0.2595 0.2595 0.2595 0.253 0.253 0.2675 0.2675 0.2885
-1 -1 -1 -1 -1 -1 -1 -1 -1 -1 -1 -1 -1 -1 -1 -1 -1 -1 -1 -1 -1 -1 -1 -1 -1 -1 -1 -1 -1 -1 -1 -1 -1 -1 -1 0.0427 0.0427 0.2315 0.2315 0.3025 0.3025 0.3025 0.2855 0.2855 0.2745 0.2745 0.2415 0.2415 0.2415 0.27 0.27 0.253 0.253 0.2675 0.2675 0.269 0.269 0.269 0.2705 0.2705 0.2575 0.2575 0.2575 0.2575 0.2575 0.2605 0.2605 0.285 0.285 0.2835 0.2835 0.2835 0.2575 0.2575 0.2685 0.2685 0.271
-1 -1 -1 -1 -1 -1 -1 -1 -1 -1 -1 -1 -1 -1 -1 -1 -1 -1 -1 -1 -1 -1 -1 -1 -1 -1 -1 -1 -1 -1 -1 -1 -1 -1 -1 0.0427 0.0427 0.2315 0.2315 0.3025 0.3025 0.3025 0.2855 0.2855 0.2745 0.2745 0.2415 0.2415 0.2415 0.27 0.27 0.253 0.253 0.2675 0.2675 0.269 0.269 0.269 0.2705 0.2705 0.2575 0.2575 0.2575 0.2575 0.2575 0.2605 0.2605 0.285 0.285 0.2835 0.2835 0.2835 0.2575 0.2575 0.2685 0.2685 0.271
-1 -1 -1 -1 -1 -1 -1 -1 -1 -1 -1 -1 -1 -1 -1 -1 -1 -1 -1 -1 -1 -1 -1 -1 -1 -1 -1 -1 -1 -1 -1 -1 -1 -1 -1 0.0427 0.0427 0.2315 0.2315 0.3025 0.3025 0.3025 0.2855 0.2855 0.2745 0.2745 0.2415 0.2415 0.2415 0.27 0.27 0.253 0.253 0.2675 0.2675 0.269 0.269 0.269 0.2705 0.2705 0.2575 0.2575 0.2575 0.2575 0.2575 0.2605 0.2605 0.285 0.285 0.2835 0.2835 0.2835 0.2575 0.2575 0.2685 0.2685 0.271
-1 -1 -1 -1 -1 -1 -1 -1 -1 -1 -1 -1 -1 -1 -1 -1 -1 -1 -1 -1 -1 -1 -1 -1 -1 -1 -1 -1 -1 -1 -1 -1 -1 -1 -1 0.167 0.167 0.2745 0.2745 0.289 0.289 0.289 0.2825 0.2825 0.273 0.273 0.302 0.302 0.302 0.2925 0.2925 0.295 0.295 0.2875 0.2875 0.29 0.29 0.29 0.2795 0.2795 0.304 0.304 0.304 0.304 0.304 0.3105 0.3105 0.302 0.302 0.293 0.293 0.293 0.2925 0.2925 0.283 0.283 0.278
-1 -1 -1 -1 -1 -1 -1 -1 -1 -1 -1 -1 -1 -1 -1 -1 -1 -1 -1 -1 -1 -1 -1 -1 -1 -1 -1 -1 -1 -1 -1 -1 -1 -1 -1 0.167 0.167 0.2745 0.2745 0.289 0.289 0.289 0.2825 0.2825 0.273 0.273 0.302 0.302 0.302 0.2925 0.2925 0.295 0.295 0.2875 0.2875 0.29 0.29 0.29 0.2795 0.2795 0.304 0.304 0.304 0.304 0.304 0.3105 0.3105 0.302 0.302 0.293 0.293 0.293 0.2925 0.2925 0.283 0.283 0.278
-1 -1 -1 -1 -1 -1 -1 -1 -1 -1 -1 -1 -1 -1 -1 -1 -1 -1 -1 -1 -1 -1 -1 -1 -1 -1 -1 -1 -1 -1 -1 -1 0.0932 0.0932 0.0932 0.2725 0.2725 0.2875 0.2875 0.295 0.295 0.295 0.297 0.297 0.3105 0.3105 0.3225 0.3225 0.3225 0.337 0.337 0.2925 0.2925 0.2985 0.2985 0.293 0.293 0.293 0.3115 0.3115 0.292 0.292 0.292 0.292 0.292 0.3095 0.3095 0.308 0.308 0.294 0.294 0.294 0.2795 0.2795 0.276 0.276 0.2745
-1 -1 -1 -1 -1 -1 -1 -1 -1 -1 -1 -1 -1 -1 -1 -1 -1 -1 -1 -1 -1 -1 -1 -1 -1 -1 -1 -1 -1 -1 -1 -1 0.0932 0.0932 0.0932 0.2725 0.2725 0.2875 0.2875 0.295 0.295 0.295 0.297 0.297 0.3105 0.3105 0.3225 0.3225 0.3225 0.337 0.337 0.2925 0.2925 0.2985 0.2985 0.293 0.293 0.293 0.3115 0.3115 0.292 0.292 0.292 0.292 0.292 0.3095 0.3095 0.308 0.308 0.294 0.294 0.294 0.2795 0.2795 0.276 0.276 0.2745
-1 -1 -1 -1 -1 -1 -1 -1 -1 -1 -1 -1 -1 -1 -1 -1 -1 -1 -1 -1 -1 -1 -1 -1 -1 -1 -1 -1 -1 -1 0.0317 0.0317 0.254 0.254 0.254 0.275 0.275 0.2935 0.2935 0.288 0.288 0.288 0.2985 0.2985 0.306 0.306 0.335 0.335 0.335 0.303 0.303 0.305 0.305 0.298 0.298 0.3035 0.3035 0.3035 0.311 0.311 0.299 0.299 0.299 0.299 0.299 0.3005 0.3005 0.3165 0.3165 0.299 0.299 0.299 0.2795 0.2795 0.2955 0.2955 0.282
-1 -1 -1 -1 -1 -1 -1 -1 -1 -1 -1 -1 -1 -1 -1 -1 -1 -1 -1 -1 -1 -1 -1 -1 -1 -1 -1 -1 -1 -1 0.0317 0.0317 0.254 0.254 0.254 0.275 0.275 0.2935 0.2935 0.288 0.288 0.288 0.2985 0.2985 0.306 0.306 0.335 0.335 0.335 0.303 0.303 0.305 0.305 0.298 0.298 0.3035 0.3035 0.3035 0.311 0.311 0.299 0.299 0.299 0.299 0.299 0.3005 0.3005 0.3165 0.3165 0.299 0.299 0.299 0.2795 0.2795 0.2955 0.2955 0.282
-1 -1 -1 -1 -1 -1 -1 -1 -1 -1 -1 -1 -1 -1 -1 -1 -1 -1 -1 -1 -1 -1 -1 -1 -1 -1 -1 -1 -1 -1 0.0317 0.0317 0.254 0.254 0.254 0.275 0.275 0.2935 0.2935 0.288 0.288 0.288 0.2985 0.2985 0.306 0.306 0.335 0.335 0.335 0.303 0.303 0.305 0.305 0.298 0.298 0.3035 0.3035 0.3035 0.311 0.311 0.299 0.299 0.299 0.299 0.299 0.3005 0.3005 0.3165 0.3165 0.299 0.299 0.299 0.2795 0.2795 0.2955 0.2955 0.282
-1 -1 -1 -1 -1 -1 -1 -1 -1 -1 -1 -1 -1 -1 -1 -1 -1 -1 -1 -1 -1 -1 -1 -1 -1 -1 -1 -1 -1 -1 0.1321 0.1321 0.2935 0.2935 0.2935 0.2915 0.2915 0.298 0.298 0.2835 0.2835 0.2835 0.2965 0.2965 0.314 0.314 0.339 0.339 0.339 0.3095 0.3095 0.314 0.314 0.303 0.303 0.3385 0.3385 0.3385 0.325 0.325 0.299 0.299 0.299 0.299 0.299 0.298 0.298 0.3025 0.3025 0.2775 0.2775 0.2775 0.2715 0.2715 0.279 0.279 0.2945
-1 -1 -1 -1 -1 -1 -1 -1 -1 -1 -1 -1 -1 -1 -1 -1 -1 -1 -1 -1 -1 -1 -1 -1 -1 -1 -1 -1 -1 -1 0.1321 0.1321 0.2935 0.2935 0.2935 0.2915 0.2915 0.298 0.298 0.2835 0.2835 0.2835 0.2965 0.2965 0.314 0.314 0.339 0.339 0.339 0.3095 0.3095 0.314 0.314 0.303 0.303 0.3385 0.3385 0.3385 0.325 0.325 0.299 0.299 0.299 0.299 0.299 0.298 0.298 0.3025 0.3025 0.2775 0.2775 0.2775 0.2715 0.2715 0.279 0.279 0.2945
-1 -1 -1 -1 -1 -1 -1 -1 -1 -1 -1 -1 -1 -1 -1 -1 -1 -1 -1 -1 -1 -1 -1 -1 -1 -1 -1 -1 0.08220001 0.08220001 0.2785 0.2785 0.326 0.326 0.326 0.309 0.309 0.317 0.317 0.2935 0.2935 0.2935 0.2925 0.2925 0.319 0.319 0.301 0.301 0.301 0.306 0.306 0.3265 0.3265 0.313 0.313 0.315 0.315 0.315 0.3075 0.3075 0.3015 0.3015 0.3015 0.3015 0.3015 0.297 0.297 0.308 0.308 0.2845 0.2845 0.2845 0.268 0.268 0.2645 0.2645 0.29
-1 -1 -1 -1 -1 -1 -1 -1 -1 -1 -1 -1 -1 -1 -1 -1 -1 -1 -1 -1 -1 -1 -1 -1 -1 -1 -1 -1 0.08220001 0.08220001 0.2785 0.2785 0.326 0.326 0.326 0.309 0.309 0.317 0.317 0.2935 0.2935 0.2935 0.2925 0.2925 0.319 0.319 0.301 0.301 0.301 0.306 0.306 0.3265 0.3265 0.313 0.313 0.315 0.315 0.315 0.3075 0.3075 0.3015 0.3015 0.3015 0.3015 0.3015 0.297 0.297 0.308 0.308 0.2845 0.2845 0.2845 0.268 0.268 0.2645 0.2645 0.29
-1 -1 -1 -1 -1 -1 -1 -1 -1 -1 -1 -1 -1 -1 -1 -1 -1 -1 -1 -1 -1 -1 -1 -1 -1 0.0117 0.0117 0.0117 0.1482 0.1482 0.325 0.325 0.323 0.323 0.323 0.3135 0.3135 0.314 0.314 0.324 0.324 0.324 0.315 0.315 0.325 0.325 0.313 0.313 0.313 0.339 0.339 0.3415 0.3415 0.3375 0.3375 0.33 0.33 0.33 0.333 0.333 0.312 0.312 0.312 0.312 0.312 0.308 0.308 0.3055 0.3055 0.302 0.302 0.302 0.266 0.266 0.2895 0.2895 0.283
