ndvi/NOAA-80.asc
ncols         252
nrows         154
xllcorner     -18.017974
yllcorner     13.481982
cellsize      0.035948
NODATA_value  -9999
[rows 68 to 101 of 154, columns 154 to 230 of 252]
0.127 0.144 0.144 0.1585 0.1585 0.1585 0.1555 0.1555 0.215 0.215 0.225 0.225 0.243 0.243 0.243 0.2925 0.2925 0.304 0.304 0.361 0.361 0.361 0.3535 0.3535 0.3635 0.3635 0.3655 0.3655 0.3655 0.43 0.43 0.4405 0.4405 0.4565 0.4565 0.4565 0.369 0.369 0.349 0.349 0.302 0.302 0.302 0.37 0.37 0.317 0.317 0.295 0.295 0.3355 0.3355 0.3355 0.4065 0.4065 0.391 0.391 0.354 0.354 0.354 0.297 0.297 0.316 0.316 0.2935 0.2935 0.2935 0.2695 0.2695 0.2315 0.2315 0.267 0.267 0.267 0.316 0.316 0.2585 0.2585
0.1575 0.1835 0.1835 0.1875 0.1875 0.1875 0.253 0.253 0.236 0.236 0.2415 0.2415 0.279 0.279 0.279 0.3535 0.3535 0.299 0.299 0.327 0.327 0.327 0.3605 0.3605 0.3385 0.3385 0.3515 0.3515 0.3515 0.3535 0.3535 0.315 0.315 0.3595 0.3595 0.3595 0.3625 0.3625 0.3555 0.3555 0.3545 0.3545 0.3545 0.352 0.352 0.3065 0.3065 0.3095 0.3095 0.372 0.372 0.372 0.418 0.418 0.353 0.353 0.3865 0.3865 0.3865 0.363 0.363 0.357 0.357 0.3365 0.3365 0.3365 0.336 0.336 0.284 0.284 0.343 0.343 0.343 0.3025 0.3025 0.28 0.28
0.1575 0.1835 0.1835 0.1875 0.1875 0.1875 0.253 0.253 0.236 0.236 0.2415 0.2415 0.279 0.279 0.279 0.3535 0.3535 0.299 0.299 0.327 0.327 0.327 0.3605 0.3605 0.3385 0.3385 0.3515 0.3515 0.3515 0.3535 0.3535 0.315 0.315 0.3595 0.3595 0.3595 0.3625 0.3625 0.3555 0.3555 0.3545 0.3545 0.3545 0.352 0.352 0.3065 0.3065 0.3095 0.3095 0.372 0.372 0.372 0.418 0.418 0.353 0.353 0.3865 0.3865 0.3865 0.363 0.363 0.357 0.357 0.3365 0.3365 0.3365 0.336 0.336 0.284 0.284 0.343 0.343 0.343 0.3025 0.3025 0.28 0.28
0.194 0.2065 0.2065 0.2385 0.2385 0.2385 0.2425 0.2425 0.2225 0.2225 0.257 0.257 0.285 0.285 0.285 0.31 0.31 0.27 0.27 0.334 0.334 0.334 0.327 0.327 0.3065 0.3065 0.359 0.359 0.359 0.386 0.386 0.3535 0.3535 0.404 0.404 0.404 0.39 0.39 0.3455 0.3455 0.3795 0.3795 0.3795 0.351 0.351 0.3215 0.3215 0.3585 0.3585 0.3325 0.3325 0.3325 0.371 0.371 0.373 0.373 0.4005 0.4005 0.4005 0.366 0.366 0.3635 0.3635 0.349 0.349 0.349 0.313 0.313 0.31 0.31 0.29 0.29 0.29 0.344 0.344 0.388 0.388
0.194 0.2065 0.2065 0.2385 0.2385 0.2385 0.2425 0.2425 0.2225 0.2225 0.257 0.257 0.285 0.285 0.285 0.31 0.31 0.27 0.27 0.334 0.334 0.334 0.327 0.327 0.3065 0.3065 0.359 0.359 0.359 0.386 0.386 0.3535 0.3535 0.404 0.404 0.404 0.39 0.39 0.3455 0.3455 0.3795 0.3795 0.3795 0.351 0.351 0.3215 0.3215 0.3585 0.3585 0.3325 0.3325 0.3325 0.371 0.371 0.373 0.373 0.4005 0.4005 0.4005 0.366 0.366 0.3635 0.3635 0.349 0.349 0.349 0.313 0.313 0.31 0.31 0.29 0.29 0.29 0.344 0.344 0.388 0.388
0.194 0.2065 0.2065 0.2385 0.2385 0.2385 0.2425 0.2425 0.2225 0.2225 0.257 0.257 0.285 0.285 0.285 0.31 0.31 0.27 0.27 0.334 0.334 0.334 0.327 0.327 0.3065 0.3065 0.359 0.359 0.359 0.386 0.386 0.3535 0.3535 0.404 0.404 0.404 0.39 0.39 0.3455 0.3455 0.3795 0.3795 0.3795 0.351 0.351 0.3215 0.3215 0.3585 0.3585 0.3325 0.3325 0.3325 0.371 0.371 0.373 0.373 0.4005 0.4005 0.4005 0.366 0.366 0.3635 0.3635 0.349 0.349 0.349 0.313 0.313 0.31 0.31 0.29 0.29 0.29 0.344 0.344 0.388 0.388
0.2045 0.2435 0.2435 0.268 0.268 0.268 0.2415 0.2415 0.2385 0.2385 0.2625 0.2625 0.2845 0.2845 0.2845 0.324 0.324 0.341 0.341 0.2375 0.2375 0.2375 0.2865 0.2865 0.3385 0.3385 0.3775 0.3775 0.3775 0.3765 0.3765 0.407 0.407 0.435 0.435 0.435 0.388 0.388 0.399 0.399 0.4135 0.4135 0.4135 0.385 0.385 0.373 0.373 0.3915 0.3915 0.371 0.371 0.371 0.385 0.385 0.3805 0.3805 0.354 0.354 0.354 0.3635 0.3635 0.36 0.36 0.3425 0.3425 0.3425 0.337 0.337 0.407 0.407 0.446 0.446 0.446 0.433 0.433 0.4355 0.4355
0.2045 0.2435 0.2435 0.268 0.268 0.268 0.2415 0.2415 0.2385 0.2385 0.2625 0.2625 0.2845 0.2845 0.2845 0.324 0.324 0.341 0.341 0.2375 0.2375 0.2375 0.2865 0.2865 0.3385 0.3385 0.3775 0.3775 0.3775 0.3765 0.3765 0.407 0.407 0.435 0.435 0.435 0.388 0.388 0.399 0.399 0.4135 0.4135 0.4135 0.385 0.385 0.373 0.373 0.3915 0.3915 0.371 0.371 0.371 0.385 0.385 0.3805 0.3805 0.354 0.354 0.354 0.3635 0.3635 0.36 0.36 0.3425 0.3425 0.3425 0.337 0.337 0.407 0.407 0.446 0.446 0.446 0.433 0.433 0.4355 0.4355
0.174 0.228 0.228 0.2595 0.2595 0.2595 0.207 0.207 0.2295 0.2295 0.271 0.271 0.281 0.281 0.281 0.3025 0.3025 0.2995 0.2995 0.273 0.273 0.273 0.3115 0.3115 0.34 0.34 0.361 0.361 0.361 0.409 0.409 0.411 0.411 0.4135 0.4135 0.4135 0.4265 0.4265 0.3945 0.3945 0.4125 0.4125 0.4125 0.373 0.373 0.4 0.4 0.401 0.401 0.4105 0.4105 0.4105 0.4 0.4 0.376 0.376 0.3895 0.3895 0.3895 0.426 0.426 0.4305 0.4305 0.4125 0.4125 0.4125 0.36 0.36 0.378 0.378 0.3915 0.3915 0.3915 0.4255 0.4255 0.401 0.401
0.174 0.228 0.228 0.2595 0.2595 0.2595 0.207 0.207 0.2295 0.2295 0.271 0.271 0.281 0.281 0.281 0.3025 0.3025 0.2995 0.2995 0.273 0.273 0.273 0.3115 0.3115 0.34 0.34 0.361 0.361 0.361 0.409 0.409 0.411 0.411 0.4135 0.4135 0.4135 0.4265 0.4265 0.3945 0.3945 0.4125 0.4125 0.4125 0.373 0.373 0.4 0.4 0.401 0.401 0.4105 0.4105 0.4105 0.4 0.4 0.376 0.376 0.3895 0.3895 0.3895 0.426 0.426 0.4305 0.4305 0.4125 0.4125 0.4125 0.36 0.36 0.378 0.378 0.3915 0.3915 0.3915 0.4255 0.4255 0.401 0.401
0.175 0.2135 0.2135 0.221 0.221 0.221 0.206 0.206 0.19 0.19 0.2295 0.2295 0.276 0.276 0.276 0.2835 0.2835 0.261 0.261 0.248 0.248 0.248 0.2945 0.2945 0.378 0.378 0.402 0.402 0.402 0.4315 0.4315 0.4145 0.4145 0.418 0.418 0.418 0.4625 0.4625 0.458 0.458 0.4145 0.4145 0.4145 0.405 0.405 0.392 0.392 0.3525 0.3525 0.3985 0.3985 0.3985 0.4085 0.4085 0.4235 0.4235 0.44 0.44 0.44 0.4765 0.4765 0.5545 0.5545 0.522 0.522 0.522 0.4595 0.4595 0.411 0.411 0.4325 0.4325 0.4325 0.4365 0.4365 0.4705 0.4705
0.175 0.2135 0.2135 0.221 0.221 0.221 0.206 0.206 0.19 0.19 0.2295 0.2295 0.276 0.276 0.276 0.2835 0.2835 0.261 0.261 0.248 0.248 0.248 0.2945 0.2945 0.378 0.378 0.402 0.402 0.402 0.4315 0.4315 0.4145 0.4145 0.418 0.418 0.418 0.4625 0.4625 0.458 0.458 0.4145 0.4145 0.4145 0.405 0.405 0.392 0.392 0.3525 0.3525 0.3985 0.3985 0.3985 0.4085 0.4085 0.4235 0.4235 0.44 0.44 0.44 0.4765 0.4765 0.5545 0.5545 0.522 0.522 0.522 0.4595 0.4595 0.411 0.411 0.4325 0.4325 0.4325 0.4365 0.4365 0.4705 0.4705
0.1965 0.3226 0.3226 0.1905 0.1905 0.1905 0.176 0.176 0.2025 0.2025 0.215 0.215 0.2775 0.2775 0.2775 0.298 0.298 0.2635 0.2635 0.272 0.272 0.272 0.3615 0.3615 0.334 0.334 0.42 0.42 0.42 0.431 0.431 0.416 0.416 0.4755 0.4755 0.4755 0.4385 0.4385 0.417 0.417 0.4125 0.4125 0.4125 0.424 0.424 0.3815 0.3815 0.274 0.274 0.3605 0.3605 0.3605 0.3915 0.3915 0.5285 0.5285 0.5225 0.5225 0.5225 0.533 0.533 0.498 0.498 0.4655 0.4655 0.4655 0.469 0.469 0.4525 0.4525 0.4375 0.4375 0.4375 0.4685 0.4685 0.516 0.516
0.1965 0.3226 0.3226 0.1905 0.1905 0.1905 0.176 0.176 0.2025 0.2025 0.215 0.215 0.2775 0.2775 0.2775 0.298 0.298 0.2635 0.2635 0.272 0.272 0.272 0.3615 0.3615 0.334 0.334 0.42 0.42 0.42 0.431 0.431 0.416 0.416 0.4755 0.4755 0.4755 0.4385 0.4385 0.417 0.417 0.4125 0.4125 0.4125 0.424 0.424 0.3815 0.3815 0.274 0.274 0.3605 0.3605 0.3605 0.3915 0.3915 0.5285 0.5285 0.5225 0.5225 0.5225 0.533 0.533 0.498 0.498 0.4655 0.4655 0.4655 0.469 0.469 0.4525 0.4525 0.4375 0.4375 0.4375 0.4685 0.4685 0.516 0.516
0.1965 0.3226 0.3226 0.1905 0.1905 0.1905 0.176 0.176 0.2025 0.2025 0.215 0.215 0.2775 0.2775 0.2775 0.298 0.298 0.2635 0.2635 0.272 0.272 0.272 0.3615 0.3615 0.334 0.334 0.42 0.42 0.42 0.431 0.431 0.416 0.416 0.4755 0.4755 0.4755 0.4385 0.4385 0.417 0.417 0.4125 0.4125 0.4125 0.424 0.424 0.3815 0.3815 0.274 0.274 0.3605 0.3605 0.3605 0.3915 0.3915 0.5285 0.5285 0.5225 0.5225 0.5225 0.533 0.533 0.498 0.498 0.4655 0.4655 0.4655 0.469 0.469 0.4525 0.4525 0.4375 0.4375 0.4375 0.4685 0.4685 0.516 0.516
0.128 0.175 0.175 0.1695 0.1695 0.1695 0.215 0.215 0.201 0.201 0.316 0.316 0.3525 0.3525 0.3525 0.388 0.388 0.3665 0.3665 0.3735 0.3735 0.3735 0.4175 0.4175 0.4715 0.4715 0.44 0.44 0.44 0.4025 0.4025 0.3855 0.3855 0.378 0.378 0.378 0.402 0.402 0.413 0.413 0.397 0.397 0.397 0.42 0.42 0.334 0.334 0.3295 0.3295 0.359 0.359 0.359 0.4325 0.4325 0.522 0.522 0.4755 0.4755 0.4755 0.4825 0.4825 0.462 0.462 0.4505 0.4505 0.4505 0.4455 0.4455 0.4935 0.4935 0.5005 0.5005 0.5005 0.521 0.521 0.532 0.532
0.128 0.175 0.175 0.1695 0.1695 0.1695 0.215 0.215 0.201 0.201 0.316 0.316 0.3525 0.3525 0.3525 0.388 0.388 0.3665 0.3665 0.3735 0.3735 0.3735 0.4175 0.4175 0.4715 0.4715 0.44 0.44 0.44 0.4025 0.4025 0.3855 0.3855 0.378 0.378 0.378 0.402 0.402 0.413 0.413 0.397 0.397 0.397 0.42 0.42 0.334 0.334 0.3295 0.3295 0.359 0.359 0.359 0.4325 0.4325 0.522 0.522 0.4755 0.4755 0.4755 0.4825 0.4825 0.462 0.462 0.4505 0.4505 0.4505 0.4455 0.4455 0.4935 0.4935 0.5005 0.5005 0.5005 0.521 0.521 0.532 0.532
0.157 0.2105 0.2105 0.2315 0.2315 0.2315 0.265 0.265 0.335 0.335 0.387 0.387 0.3635 0.3635 0.3635 0.396 0.396 0.5135 0.5135 0.521 0.521 0.521 0.478 0.478 0.4515 0.4515 0.4045 0.4045 0.4045 0.3945 0.3945 0.449 0.449 0.376 0.376 0.376 0.345 0.345 0.351 0.351 0.362 0.362 0.362 0.3515 0.3515 0.352 0.352 0.3045 0.3045 0.3915 0.3915 0.3915 0.39 0.39 0.4725 0.4725 0.475 0.475 0.475 0.4605 0.4605 0.445 0.445 0.4685 0.4685 0.4685 0.492 0.492 0.481 0.481 0.47 0.47 0.47 0.4845 0.4845 0.4625 0.4625
0.157 0.2105 0.2105 0.2315 0.2315 0.2315 0.265 0.265 0.335 0.335 0.387 0.387 0.3635 0.3635 0.3635 0.396 0.396 0.5135 0.5135 0.521 0.521 0.521 0.478 0.478 0.4515 0.4515 0.4045 0.4045 0.4045 0.3945 0.3945 0.449 0.449 0.376 0.376 0.376 0.345 0.345 0.351 0.351 0.362 0.362 0.362 0.3515 0.3515 0.352 0.352 0.3045 0.3045 0.3915 0.3915 0.3915 0.39 0.39 0.4725 0.4725 0.475 0.475 0.475 0.4605 0.4605 0.445 0.445 0.4685 0.4685 0.4685 0.492 0.492 0.481 0.481 0.47 0.47 0.47 0.4845 0.4845 0.4625 0.4625
0.138 0.255 0.255 0.2825 0.2825 0.2825 0.3315 0.3315 0.3175 0.3175 0.3805 0.3805 0.415 0.415 0.415 0.4505 0.4505 0.4785 0.4785 0.484 0.484 0.484 0.4715 0.4715 0.496 0.496 0.456 0.456 0.456 0.432 0.432 0.379 0.379 0.372 0.372 0.372 0.3565 0.3565 0.3565 0.3565 0.406 0.406 0.406 0.4135 0.4135 0.3635 0.3635 0.35 0.35 0.357 0.357 0.357 0.3715 0.3715 0.4605 0.4605 0.4435 0.4435 0.4435 0.454 0.454 0.448 0.448 0.443 0.443 0.443 0.472 0.472 0.4665 0.4665 0.489 0.489 0.489 0.4925 0.4925 0.4935 0.4935
0.138 0.255 0.255 0.2825 0.2825 0.2825 0.3315 0.3315 0.3175 0.3175 0.3805 0.3805 0.415 0.415 0.415 0.4505 0.4505 0.4785 0.4785 0.484 0.484 0.484 0.4715 0.4715 0.496 0.496 0.456 0.456 0.456 0.432 0.432 0.379 0.379 0.372 0.372 0.372 0.3565 0.3565 0.3565 0.3565 0.406 0.406 0.406 0.4135 0.4135 0.3635 0.3635 0.35 0.35 0.357 0.357 0.357 0.3715 0.3715 0.4605 0.4605 0.4435 0.4435 0.4435 0.454 0.454 0.448 0.448 0.443 0.443 0.443 0.472 0.472 0.4665 0.4665 0.489 0.489 0.489 0.4925 0.4925 0.4935 0.4935
0.138 0.255 0.255 0.2825 0.2825 0.2825 0.3315 0.3315 0.3175 0.3175 0.3805 0.3805 0.415 0.415 0.415 0.4505 0.4505 0.4785 0.4785 0.484 0.484 0.484 0.4715 0.4715 0.496 0.496 0.456 0.456 0.456 0.432 0.432 0.379 0.379 0.372 0.372 0.372 0.3565 0.3565 0.3565 0.3565 0.406 0.406 0.406 0.4135 0.4135 0.3635 0.3635 0.35 0.35 0.357 0.357 0.357 0.3715 0.3715 0.4605 0.4605 0.4435 0.4435 0.4435 0.454 0.454 0.448 0.448 0.443 0.443 0.443 0.472 0.472 0.4665 0.4665 0.489 0.489 0.489 0.4925 0.4925 0.4935 0.4935
0.2055 0.2585 0.2585 0.3255 0.3255 0.3255 0.262 0.262 0.294 0.294 0.4585 0.4585 0.409 0.409 0.409 0.419 0.419 0.479 0.479 0.535 0.535 0.535 0.525 0.525 0.449 0.449 0.417 0.417 0.417 0.3415 0.3415 0.3745 0.3745 0.3655 0.3655 0.3655 0.359 0.359 0.402 0.402 0.427 0.427 0.427 0.428 0.428 0.359 0.359 0.387 0.387 0.4435 0.4435 0.4435 0.3925 0.3925 0.434 0.434 0.43 0.43 0.43 0.45 0.45 0.459 0.459 0.446 0.446 0.446 0.4515 0.4515 0.4675 0.4675 0.477 0.477 0.477 0.469 0.469 0.4635 0.4635
0.2055 0.2585 0.2585 0.3255 0.3255 0.3255 0.262 0.262 0.294 0.294 0.4585 0.4585 0.409 0.409 0.409 0.419 0.419 0.479 0.479 0.535 0.535 0.535 0.525 0.525 0.449 0.449 0.417 0.417 0.417 0.3415 0.3415 0.3745 0.3745 0.3655 0.3655 0.3655 0.359 0.359 0.402 0.402 0.427 0.427 0.427 0.428 0.428 0.359 0.359 0.387 0.387 0.4435 0.4435 0.4435 0.3925 0.3925 0.434 0.434 0.43 0.43 0.43 0.45 0.45 0.459 0.459 0.446 0.446 0.446 0.4515 0.4515 0.4675 0.4675 0.477 0.477 0.477 0.469 0.469 0.4635 0.4635
0.2655 0.296 0.296 0.319 0.319 0.319 0.296 0.296 0.4085 0.4085 0.4135 0.4135 0.4095 0.4095 0.4095 0.47 0.47 0.511 0.511 0.4895 0.4895 0.4895 0.4635 0.4635 0.4545 0.4545 0.393 0.393 0.393 0.3606 0.3606 0.396 0.396 0.3785 0.3785 0.3785 0.4 0.4 0.416 0.416 0.436 0.436 0.436 0.4265 0.4265 0.4195 0.4195 0.4345 0.4345 0.439 0.439 0.439 0.417 0.417 0.4535 0.4535 0.43 0.43 0.43 0.4025 0.4025 0.4475 0.4475 0.4585 0.4585 0.4585 0.493 0.493 0.467 0.467 0.482 0.482 0.482 0.4785 0.4785 0.4685 0.4685
0.2655 0.296 0.296 0.319 0.319 0.319 0.296 0.296 0.4085 0.4085 0.4135 0.4135 0.4095 0.4095 0.4095 0.47 0.47 0.511 0.511 0.4895 0.4895 0.4895 0.4635 0.4635 0.4545 0.4545 0.393 0.393 0.393 0.3606 0.3606 0.396 0.396 0.3785 0.3785 0.3785 0.4 0.4 0.416 0.416 0.436 0.436 0.436 0.4265 0.4265 0.4195 0.4195 0.4345 0.4345 0.439 0.439 0.439 0.417 0.417 0.4535 0.4535 0.43 0.43 0.43 0.4025 0.4025 0.4475 0.4475 0.4585 0.4585 0.4585 0.493 0.493 0.467 0.467 0.482 0.482 0.482 0.4785 0.4785 0.4685 0.4685
0.2515 0.381 0.381 0.3845 0.3845 0.3845 0.3105 0.3105 0.396 0.396 0.427 0.427 0.4725 0.4725 0.4725 0.476 0.476 0.468 0.468 0.407 0.407 0.407 0.39 0.39 0.3565 0.3565 0.344 0.344 0.344 0.358 0.358 0.388 0.388 0.459 0.459 0.459 0.4685 0.4685 0.455 0.455 0.488 0.488 0.488 0.491 0.491 0.495 0.495 0.4575 0.4575 0.452 0.452 0.452 0.4285 0.4285 0.4115 0.4115 0.494 0.494 0.494 0.427 0.427 0.3815 0.3815 0.3935 0.3935 0.3935 0.4345 0.4345 0.486 0.486 0.505 0.505 0.505 0.518 0.518 0.52 0.52
0.2515 0.381 0.381 0.3845 0.3845 0.3845 0.3105 0.3105 0.396 0.396 0.427 0.427 0.4725 0.4725 0.4725 0.476 0.476 0.468 0.468 0.407 0.407 0.407 0.39 0.39 0.3565 0.3565 0.344 0.344 0.344 0.358 0.358 0.388 0.388 0.459 0.459 0.459 0.4685 0.4685 0.455 0.455 0.488 0.488 0.488 0.491 0.491 0.495 0.495 0.4575 0.4575 0.452 0.452 0.452 0.4285 0.4285 0.4115 0.4115 0.494 0.494 0.494 0.427 0.427 0.3815 0.3815 0.3935 0.3935 0.3935 0.4345 0.4345 0.486 0.486 0.505 0.505 0.505 0.518 0.518 0.52 0.52
0.2515 0.381 0.381 0.3845 0.3845 0.3845 0.3105 0.3105 0.396 0.396 0.427 0.427 0.4725 0.4725 0.4725 0.476 0.476 0.468 0.468 0.407 0.407 0.407 0.39 0.39 0.3565 0.3565 0.344 0.344 0.344 0.358 0.358 0.388 0.388 0.459 0.459 0.459 0.4685 0.4685 0.455 0.455 0.488 0.488 0.488 0.491 0.491 0.495 0.495 0.4575 0.4575 0.452 0.452 0.452 0.4285 0.4285 0.4115 0.4115 0.494 0.494 0.494 0.427 0.427 0.3815 0.3815 0.3935 0.3935 0.3935 0.4345 0.4345 0.486 0.486 0.505 0.505 0.505 0.518 0.518 0.52 0.52
0.404 0.4225 0.4225 0.3645 0.3645 0.3645 0.3125 0.3125 0.33 0.33 0.353 0.353 0.3795 0.3795 0.3795 0.444 0.444 0.3735 0.3735 0.316 0.316 0.316 0.3025 0.3025 0.318 0.318 0.3635 0.3635 0.3635 0.348 0.348 0.393 0.393 0.385 0.385 0.385 0.4245 0.4245 0.429 0.429 0.458 0.458 0.458 0.5395 0.5395 0.449 0.449 0.4985 0.4985 0.483 0.483 0.483 0.4385 0.4385 0.4255 0.4255 0.417 0.417 0.417 0.403 0.403 0.3975 0.3975 0.3845 0.3845 0.3845 0.421 0.421 0.4715 0.4715 0.482 0.482 0.482 0.511 0.511 0.5305 0.5305
0.404 0.4225 0.4225 0.3645 0.3645 0.3645 0.3125 0.3125 0.33 0.33 0.353 0.353 0.3795 0.3795 0.3795 0.444 0.444 0.3735 0.3735 0.316 0.316 0.316 0.3025 0.3025 0.318 0.318 0.3635 0.3635 0.3635 0.348 0.348 0.393 0.393 0.385 0.385 0.385 0.4245 0.4245 0.429 0.429 0.458 0.458 0.458 0.5395 0.5395 0.449 0.449 0.4985 0.4985 0.483 0.483 0.483 0.4385 0.4385 0.4255 0.4255 0.417 0.417 0.417 0.403 0.403 0.3975 0.3975 0.3845 0.3845 0.3845 0.421 0.421 0.4715 0.4715 0.482 0.482 0.482 0.511 0.511 0.5305 0.5305
0.385 0.34 0.34 0.299 0.299 0.299 0.296 0.296 0.3095 0.3095 0.367 0.367 0.3905 0.3905 0.3905 0.3815 0.3815 0.3735 0.3735 0.3575 0.3575 0.3575 0.345 0.345 0.407 0.407 0.356 0.356 0.356 0.4415 0.4415 0.4545 0.4545 0.427 0.427 0.427 0.4575 0.4575 0.4805 0.4805 0.469 0.469 0.469 0.5095 0.5095 0.4945 0.4945 0.457 0.457 0.427 0.427 0.427 0.3925 0.3925 0.4315 0.4315 0.4445 0.4445 0.4445 0.447 0.447 0.438 0.438 0.4725 0.4725 0.4725 0.413 0.413 0.4265 0.4265 0.4755 0.4755 0.4755 0.51 0.51 0.495 0.495
0.385 0.34 0.34 0.299 0.299 0.299 0.296 0.296 0.3095 0.3095 0.367 0.367 0.3905 0.3905 0.3905 0.3815 0.3815 0.3735 0.3735 0.3575 0.3575 0.3575 0.345 0.345 0.407 0.407 0.356 0.356 0.356 0.4415 0.4415 0.4545 0.4545 0.427 0.427 0.427 0.4575 0.4575 0.4805 0.4805 0.469 0.469 0.469 0.5095 0.5095 0.4945 0.4945 0.457 0.457 0.427 0.427 0.427 0.3925 0.3925 0.4315 0.4315 0.4445 0.4445 0.4445 0.447 0.447 0.438 0.438 0.4725 0.4725 0.4725 0.413 0.413 0.4265 0.4265 0.4755 0.4755 0.4755 0.51 0.51 0.495 0.495
0.476 0.407 0.407 0.4015 0.4015 0.4015 0.3055 0.3055 0.346 0.346 0.379 0.379 0.3425 0.3425 0.3425 0.3605 0.3605 0.3595 0.3595 0.4015 0.4015 0.4015 0.427 0.427 0.416 0.416 0.4125 0.4125 0.4125 0.435 0.435 0.488 0.488 0.4885 0.4885 0.4885 0.4705 0.4705 0.5495 0.5495 0.457 0.457 0.457 0.4885 0.4885 0.483 0.483 0.407 0.407 0.44 0.44 0.44 0.393 0.393 0.394 0.394 0.5105 0.5105 0.5105 0.4715 0.4715 0.4185 0.4185 0.415 0.415 0.415 0.398 0.398 0.4235 0.4235 0.427 0.427 0.427 0.4625 0.4625 0.4785 0.4785
