ndvi/NOAA-173.asc
ncols         252
nrows         154
xllcorner     -18.017974
yllcorner     13.481982
cellsize      0.035948
NODATA_value  -9999
[rows 70 to 104 of 154, columns 0 to 76 of 252]
-1 -1 -1 -1 -1 -1 -1 -1 -1 -1 -1 -1 -1 -1 -1 -1 -1 -1 -1 -1 -1 -1 -1 -1 -1 -1 -1 -1 -1 -1 -1 -1 -1 -1 -1 -1 -1 -1 -1 0.26 0.26 0.26 0.329 0.329 0.323 0.323 0.2725 0.2725 0.2725 0.2765 0.2765 0.272 0.272 0.281 0.281 0.299 0.299 0.299 0.375 0.375 0.39 0.39 0.39 0.39 0.39 0.333 0.333 0.387 0.387 0.232 0.232 0.232 0.232 0.232 0.225 0.225 0.232
-1 -1 -1 -1 -1 -1 -1 -1 -1 -1 -1 -1 -1 -1 -1 -1 -1 -1 -1 -1 -1 -1 -1 -1 -1 -1 -1 -1 -1 -1 -1 -1 -1 -1 -1 -1 -1 0.1021 0.1021 0.1835 0.1835 0.1835 0.333 0.333 0.3445 0.3445 0.2755 0.2755 0.2755 0.2505 0.2505 0.229 0.229 0.2335 0.2335 0.215 0.215 0.215 0.271 0.271 0.2945 0.2945 0.2945 0.2945 0.2945 0.2675 0.2675 0.247 0.247 0.2405 0.2405 0.2405 0.226 0.226 0.229 0.229 0.2255
-1 -1 -1 -1 -1 -1 -1 -1 -1 -1 -1 -1 -1 -1 -1 -1 -1 -1 -1 -1 -1 -1 -1 -1 -1 -1 -1 -1 -1 -1 -1 -1 -1 -1 -1 -1 -1 0.1021 0.1021 0.1835 0.1835 0.1835 0.333 0.333 0.3445 0.3445 0.2755 0.2755 0.2755 0.2505 0.2505 0.229 0.229 0.2335 0.2335 0.215 0.215 0.215 0.271 0.271 0.2945 0.2945 0.2945 0.2945 0.2945 0.2675 0.2675 0.247 0.247 0.2405 0.2405 0.2405 0.226 0.226 0.229 0.229 0.2255
-1 -1 -1 -1 -1 -1 -1 -1 -1 -1 -1 -1 -1 -1 -1 -1 -1 -1 -1 -1 -1 -1 -1 -1 -1 -1 -1 -1 -1 -1 -1 -1 -1 -1 -1 -1 -1 0.1021 0.1021 0.1835 0.1835 0.1835 0.333 0.333 0.3445 0.3445 0.2755 0.2755 0.2755 0.2505 0.2505 0.229 0.229 0.2335 0.2335 0.215 0.215 0.215 0.271 0.271 0.2945 0.2945 0.2945 0.2945 0.2945 0.2675 0.2675 0.247 0.247 0.2405 0.2405 0.2405 0.226 0.226 0.229 0.229 0.2255
-1 -1 -1 -1 -1 -1 -1 -1 -1 -1 -1 -1 -1 -1 -1 -1 -1 -1 -1 -1 -1 -1 -1 -1 -1 -1 -1 -1 -1 -1 -1 -1 -1 -1 -1 -1 -1 0.047 0.047 0.163 0.163 0.163 0.3235 0.3235 0.3165 0.3165 0.26 0.26 0.26 0.209 0.209 0.2255 0.2255 0.2155 0.2155 0.2215 0.2215 0.2215 0.2455 0.2455 0.2755 0.2755 0.2755 0.2755 0.2755 0.2775 0.2775 0.2605 0.2605 0.2465 0.2465 0.2465 0.242 0.242 0.228 0.228 0.2355
-1 -1 -1 -1 -1 -1 -1 -1 -1 -1 -1 -1 -1 -1 -1 -1 -1 -1 -1 -1 -1 -1 -1 -1 -1 -1 -1 -1 -1 -1 -1 -1 -1 -1 -1 -1 -1 0.047 0.047 0.163 0.163 0.163 0.3235 0.3235 0.3165 0.3165 0.26 0.26 0.26 0.209 0.209 0.2255 0.2255 0.2155 0.2155 0.2215 0.2215 0.2215 0.2455 0.2455 0.2755 0.2755 0.2755 0.2755 0.2755 0.2775 0.2775 0.2605 0.2605 0.2465 0.2465 0.2465 0.242 0.242 0.228 0.228 0.2355
-1 -1 -1 -1 -1 -1 -1 -1 -1 -1 -1 -1 -1 -1 -1 -1 -1 -1 -1 -1 -1 -1 -1 -1 -1 -1 -1 -1 -1 -1 -1 -1 -1 -1 -1 -1 -1 0.009 0.009 0.149 0.149 0.149 0.282 0.282 0.2415 0.2415 0.253 0.253 0.253 0.2675 0.2675 0.2535 0.2535 0.262 0.262 0.233 0.233 0.233 0.2555 0.2555 0.2345 0.2345 0.2345 0.2345 0.2345 0.2385 0.2385 0.2425 0.2425 0.2395 0.2395 0.2395 0.241 0.241 0.231 0.231 0.232
-1 -1 -1 -1 -1 -1 -1 -1 -1 -1 -1 -1 -1 -1 -1 -1 -1 -1 -1 -1 -1 -1 -1 -1 -1 -1 -1 -1 -1 -1 -1 -1 -1 -1 -1 -1 -1 0.009 0.009 0.149 0.149 0.149 0.282 0.282 0.2415 0.2415 0.253 0.253 0.253 0.2675 0.2675 0.2535 0.2535 0.262 0.262 0.233 0.233 0.233 0.2555 0.2555 0.2345 0.2345 0.2345 0.2345 0.2345 0.2385 0.2385 0.2425 0.2425 0.2395 0.2395 0.2395 0.241 0.241 0.231 0.231 0.232
-1 -1 -1 -1 -1 -1 -1 -1 -1 -1 -1 -1 -1 -1 -1 -1 -1 -1 -1 -1 -1 -1 -1 -1 -1 -1 -1 -1 -1 -1 -1 -1 -1 -1 -1 -1 -1 0.1292 0.1292 0.158 0.158 0.158 0.206 0.206 0.234 0.234 0.2405 0.2405 0.2405 0.247 0.247 0.252 0.252 0.2495 0.2495 0.245 0.245 0.245 0.2465 0.2465 0.2275 0.2275 0.2275 0.2275 0.2275 0.237 0.237 0.2365 0.2365 0.2255 0.2255 0.2255 0.2185 0.2185 0.2145 0.2145 0.2075
-1 -1 -1 -1 -1 -1 -1 -1 -1 -1 -1 -1 -1 -1 -1 -1 -1 -1 -1 -1 -1 -1 -1 -1 -1 -1 -1 -1 -1 -1 -1 -1 -1 -1 -1 -1 -1 0.1292 0.1292 0.158 0.158 0.158 0.206 0.206 0.234 0.234 0.2405 0.2405 0.2405 0.247 0.247 0.252 0.252 0.2495 0.2495 0.245 0.245 0.245 0.2465 0.2465 0.2275 0.2275 0.2275 0.2275 0.2275 0.237 0.237 0.2365 0.2365 0.2255 0.2255 0.2255 0.2185 0.2185 0.2145 0.2145 0.2075
-1 -1 -1 -1 -1 -1 -1 -1 -1 -1 -1 -1 -1 -1 -1 -1 -1 -1 -1 -1 -1 -1 -1 -1 -1 -1 -1 -1 -1 -1 -1 -1 -1 -1 -1 -1 -1 0.0262 0.0262 0.2175 0.2175 0.2175 0.2455 0.2455 0.256 0.256 0.2405 0.2405 0.2405 0.242 0.242 0.259 0.259 0.264 0.264 0.2575 0.2575 0.2575 0.242 0.242 0.245 0.245 0.245 0.245 0.245 0.24 0.24 0.2435 0.2435 0.217 0.217 0.217 0.2245 0.2245 0.219 0.219 0.2195
-1 -1 -1 -1 -1 -1 -1 -1 -1 -1 -1 -1 -1 -1 -1 -1 -1 -1 -1 -1 -1 -1 -1 -1 -1 -1 -1 -1 -1 -1 -1 -1 -1 -1 -1 -1 -1 0.0262 0.0262 0.2175 0.2175 0.2175 0.2455 0.2455 0.256 0.256 0.2405 0.2405 0.2405 0.242 0.242 0.259 0.259 0.264 0.264 0.2575 0.2575 0.2575 0.242 0.242 0.245 0.245 0.245 0.245 0.245 0.24 0.24 0.2435 0.2435 0.217 0.217 0.217 0.2245 0.2245 0.219 0.219 0.2195
-1 -1 -1 -1 -1 -1 -1 -1 -1 -1 -1 -1 -1 -1 -1 -1 -1 -1 -1 -1 -1 -1 -1 -1 -1 -1 -1 -1 -1 -1 -1 -1 -1 -1 -1 -1 -1 0.0262 0.0262 0.2175 0.2175 0.2175 0.2455 0.2455 0.256 0.256 0.2405 0.2405 0.2405 0.242 0.242 0.259 0.259 0.264 0.264 0.2575 0.2575 0.2575 0.242 0.242 0.245 0.245 0.245 0.245 0.245 0.24 0.24 0.2435 0.2435 0.217 0.217 0.217 0.2245 0.2245 0.219 0.219 0.2195
-1 -1 -1 -1 -1 -1 -1 -1 -1 -1 -1 -1 -1 -1 -1 -1 -1 -1 -1 -1 -1 -1 -1 -1 -1 -1 -1 -1 -1 -1 -1 -1 -1 -1 -1 -1 -1 0.056 0.056 0.2225 0.2225 0.2225 0.2345 0.2345 0.2215 0.2215 0.251 0.251 0.251 0.243 0.243 0.2615 0.2615 0.2505 0.2505 0.2565 0.2565 0.2565 0.2395 0.2395 0.252 0.252 0.252 0.252 0.252 0.251 0.251 0.2375 0.2375 0.23 0.23 0.23 0.229 0.229 0.212 0.212 0.212
-1 -1 -1 -1 -1 -1 -1 -1 -1 -1 -1 -1 -1 -1 -1 -1 -1 -1 -1 -1 -1 -1 -1 -1 -1 -1 -1 -1 -1 -1 -1 -1 -1 -1 -1 -1 -1 0.056 0.056 0.2225 0.2225 0.2225 0.2345 0.2345 0.2215 0.2215 0.251 0.251 0.251 0.243 0.243 0.2615 0.2615 0.2505 0.2505 0.2565 0.2565 0.2565 0.2395 0.2395 0.252 0.252 0.252 0.252 0.252 0.251 0.251 0.2375 0.2375 0.23 0.23 0.23 0.229 0.229 0.212 0.212 0.212
-1 -1 -1 -1 -1 -1 -1 -1 -1 -1 -1 -1 -1 -1 -1 -1 -1 -1 -1 -1 -1 -1 -1 -1 -1 -1 -1 -1 -1 -1 -1 -1 -1 -1 -1 -1 -1 0.1315 0.1315 0.2575 0.2575 0.2575 0.245 0.245 0.2205 0.2205 0.2295 0.2295 0.2295 0.2555 0.2555 0.2525 0.2525 0.241 0.241 0.257 0.257 0.257 0.2455 0.2455 0.261 0.261 0.261 0.261 0.261 0.244 0.244 0.2315 0.2315 0.226 0.226 0.226 0.2335 0.2335 0.2205 0.2205 0.2145
-1 -1 -1 -1 -1 -1 -1 -1 -1 -1 -1 -1 -1 -1 -1 -1 -1 -1 -1 -1 -1 -1 -1 -1 -1 -1 -1 -1 -1 -1 -1 -1 -1 -1 -1 -1 -1 0.1315 0.1315 0.2575 0.2575 0.2575 0.245 0.245 0.2205 0.2205 0.2295 0.2295 0.2295 0.2555 0.2555 0.2525 0.2525 0.241 0.241 0.257 0.257 0.257 0.2455 0.2455 0.261 0.261 0.261 0.261 0.261 0.244 0.244 0.2315 0.2315 0.226 0.226 0.226 0.2335 0.2335 0.2205 0.2205 0.2145
-1 -1 -1 -1 -1 -1 -1 -1 -1 -1 -1 -1 -1 -1 -1 -1 -1 -1 -1 -1 -1 -1 -1 -1 -1 -1 -1 -1 -1 -1 -1 -1 -1 -1 -1 0.0601 0.0601 0.233 0.233 0.2475 0.2475 0.2475 0.246 0.246 0.243 0.243 0.2265 0.2265 0.2265 0.257 0.257 0.286 0.286 0.2435 0.2435 0.238 0.238 0.238 0.2525 0.2525 0.2505 0.2505 0.2505 0.2505 0.2505 0.2495 0.2495 0.2565 0.2565 0.248 0.248 0.248 0.239 0.239 0.2435 0.2435 0.2485
-1 -1 -1 -1 -1 -1 -1 -1 -1 -1 -1 -1 -1 -1 -1 -1 -1 -1 -1 -1 -1 -1 -1 -1 -1 -1 -1 -1 -1 -1 -1 -1 -1 -1 -1 0.0601 0.0601 0.233 0.233 0.2475 0.2475 0.2475 0.246 0.246 0.243 0.243 0.2265 0.2265 0.2265 0.257 0.257 0.286 0.286 0.2435 0.2435 0.238 0.238 0.238 0.2525 0.2525 0.2505 0.2505 0.2505 0.2505 0.2505 0.2495 0.2495 0.2565 0.2565 0.248 0.248 0.248 0.239 0.239 0.2435 0.2435 0.2485
-1 -1 -1 -1 -1 -1 -1 -1 -1 -1 -1 -1 -1 -1 -1 -1 -1 -1 -1 -1 -1 -1 -1 -1 -1 -1 -1 -1 -1 -1 -1 -1 -1 -1 -1 0.0601 0.0601 0.233 0.233 0.2475 0.2475 0.2475 0.246 0.246 0.243 0.243 0.2265 0.2265 0.2265 0.257 0.257 0.286 0.286 0.2435 0.2435 0.238 0.238 0.238 0.2525 0.2525 0.2505 0.2505 0.2505 0.2505 0.2505 0.2495 0.2495 0.2565 0.2565 0.248 0.248 0.248 0.239 0.239 0.2435 0.2435 0.2485
-1 -1 -1 -1 -1 -1 -1 -1 -1 -1 -1 -1 -1 -1 -1 -1 -1 -1 -1 -1 -1 -1 -1 -1 -1 -1 -1 -1 -1 -1 -1 -1 -1 -1 -1 0.1366 0.1366 0.261 0.261 0.2485 0.2485 0.2485 0.243 0.243 0.2555 0.2555 0.2505 0.2505 0.2505 0.2595 0.2595 0.2375 0.2375 0.263 0.263 0.27 0.27 0.27 0.252 0.252 0.2675 0.2675 0.2675 0.2675 0.2675 0.276 0.276 0.2765 0.2765 0.243 0.243 0.243 0.2555 0.2555 0.257 0.257 0.2595
-1 -1 -1 -1 -1 -1 -1 -1 -1 -1 -1 -1 -1 -1 -1 -1 -1 -1 -1 -1 -1 -1 -1 -1 -1 -1 -1 -1 -1 -1 -1 -1 -1 -1 -1 0.1366 0.1366 0.261 0.261 0.2485 0.2485 0.2485 0.243 0.243 0.2555 0.2555 0.2505 0.2505 0.2505 0.2595 0.2595 0.2375 0.2375 0.263 0.263 0.27 0.27 0.27 0.252 0.252 0.2675 0.2675 0.2675 0.2675 0.2675 0.276 0.276 0.2765 0.2765 0.243 0.243 0.243 0.2555 0.2555 0.257 0.257 0.2595
-1 -1 -1 -1 -1 -1 -1 -1 -1 -1 -1 -1 -1 -1 -1 -1 -1 -1 -1 -1 -1 -1 -1 -1 -1 -1 -1 -1 -1 -1 -1 -1 0.0796 0.0796 0.0796 0.2495 0.2495 0.24 0.24 0.225 0.225 0.225 0.23 0.23 0.24 0.24 0.2535 0.2535 0.2535 0.258 0.258 0.259 0.259 0.2635 0.2635 0.2645 0.2645 0.2645 0.2575 0.2575 0.2635 0.2635 0.2635 0.2635 0.2635 0.276 0.276 0.2745 0.2745 0.2885 0.2885 0.2885 0.2695 0.2695 0.2675 0.2675 0.2515
-1 -1 -1 -1 -1 -1 -1 -1 -1 -1 -1 -1 -1 -1 -1 -1 -1 -1 -1 -1 -1 -1 -1 -1 -1 -1 -1 -1 -1 -1 -1 -1 0.0796 0.0796 0.0796 0.2495 0.2495 0.24 0.24 0.225 0.225 0.225 0.23 0.23 0.24 0.24 0.2535 0.2535 0.2535 0.258 0.258 0.259 0.259 0.2635 0.2635 0.2645 0.2645 0.2645 0.2575 0.2575 0.2635 0.2635 0.2635 0.2635 0.2635 0.276 0.276 0.2745 0.2745 0.2885 0.2885 0.2885 0.2695 0.2695 0.2675 0.2675 0.2515
-1 -1 -1 -1 -1 -1 -1 -1 -1 -1 -1 -1 -1 -1 -1 -1 -1 -1 -1 -1 -1 -1 -1 -1 -1 -1 -1 -1 -1 -1 0.0105 0.0105 0.2945 0.2945 0.2945 0.2475 0.2475 0.2265 0.2265 0.222 0.222 0.222 0.235 0.235 0.231 0.231 0.2555 0.2555 0.2555 0.25 0.25 0.2415 0.2415 0.2675 0.2675 0.26 0.26 0.26 0.2665 0.2665 0.257 0.257 0.257 0.257 0.257 0.268 0.268 0.2785 0.2785 0.2795 0.2795 0.2795 0.2615 0.2615 0.254 0.254 0.259
-1 -1 -1 -1 -1 -1 -1 -1 -1 -1 -1 -1 -1 -1 -1 -1 -1 -1 -1 -1 -1 -1 -1 -1 -1 -1 -1 -1 -1 -1 0.0105 0.0105 0.2945 0.2945 0.2945 0.2475 0.2475 0.2265 0.2265 0.222 0.222 0.222 0.235 0.235 0.231 0.231 0.2555 0.2555 0.2555 0.25 0.25 0.2415 0.2415 0.2675 0.2675 0.26 0.26 0.26 0.2665 0.2665 0.257 0.257 0.257 0.257 0.257 0.268 0.268 0.2785 0.2785 0.2795 0.2795 0.2795 0.2615 0.2615 0.254 0.254 0.259
-1 -1 -1 -1 -1 -1 -1 -1 -1 -1 -1 -1 -1 -1 -1 -1 -1 -1 -1 -1 -1 -1 -1 -1 -1 -1 -1 -1 -1 -1 0.0105 0.0105 0.2945 0.2945 0.2945 0.2475 0.2475 0.2265 0.2265 0.222 0.222 0.222 0.235 0.235 0.231 0.231 0.2555 0.2555 0.2555 0.25 0.25 0.2415 0.2415 0.2675 0.2675 0.26 0.26 0.26 0.2665 0.2665 0.257 0.257 0.257 0.257 0.257 0.268 0.268 0.2785 0.2785 0.2795 0.2795 0.2795 0.2615 0.2615 0.254 0.254 0.259
-1 -1 -1 -1 -1 -1 -1 -1 -1 -1 -1 -1 -1 -1 -1 -1 -1 -1 -1 -1 -1 -1 -1 -1 -1 -1 -1 -1 -1 -1 0.122 0.122 0.246 0.246 0.246 0.239 0.239 0.2345 0.2345 0.229 0.229 0.229 0.228 0.228 0.245 0.245 0.242 0.242 0.242 0.2635 0.2635 0.2695 0.2695 0.2795 0.2795 0.268 0.268 0.268 0.284 0.284 0.2795 0.2795 0.2795 0.2795 0.2795 0.2805 0.2805 0.2645 0.2645 0.2685 0.2685 0.2685 0.2605 0.2605 0.262 0.262 0.2435
-1 -1 -1 -1 -1 -1 -1 -1 -1 -1 -1 -1 -1 -1 -1 -1 -1 -1 -1 -1 -1 -1 -1 -1 -1 -1 -1 -1 -1 -1 0.122 0.122 0.246 0.246 0.246 0.239 0.239 0.2345 0.2345 0.229 0.229 0.229 0.228 0.228 0.245 0.245 0.242 0.242 0.242 0.2635 0.2635 0.2695 0.2695 0.2795 0.2795 0.268 0.268 0.268 0.284 0.284 0.2795 0.2795 0.2795 0.2795 0.2795 0.2805 0.2805 0.2645 0.2645 0.2685 0.2685 0.2685 0.2605 0.2605 0.262 0.262 0.2435
-1 -1 -1 -1 -1 -1 -1 -1 -1 -1 -1 -1 -1 -1 -1 -1 -1 -1 -1 -1 -1 -1 -1 -1 -1 -1 -1 -1 0.0406 0.0406 0.2395 0.2395 0.257 0.257 0.257 0.245 0.245 0.2405 0.2405 0.2325 0.2325 0.2325 0.237 0.237 0.2435 0.2435 0.2545 0.2545 0.2545 0.2665 0.2665 0.267 0.267 0.276 0.276 0.2745 0.2745 0.2745 0.284 0.284 0.2745 0.2745 0.2745 0.2745 0.2745 0.2885 0.2885 0.283 0.283 0.271 0.271 0.271 0.2695 0.2695 0.246 0.246 0.2375
-1 -1 -1 -1 -1 -1 -1 -1 -1 -1 -1 -1 -1 -1 -1 -1 -1 -1 -1 -1 -1 -1 -1 -1 -1 -1 -1 -1 0.0406 0.0406 0.2395 0.2395 0.257 0.257 0.257 0.245 0.245 0.2405 0.2405 0.2325 0.2325 0.2325 0.237 0.237 0.2435 0.2435 0.2545 0.2545 0.2545 0.2665 0.2665 0.267 0.267 0.276 0.276 0.2745 0.2745 0.2745 0.284 0.284 0.2745 0.2745 0.2745 0.2745 0.2745 0.2885 0.2885 0.283 0.283 0.271 0.271 0.271 0.2695 0.2695 0.246 0.246 0.2375
-1 -1 -1 -1 -1 -1 -1 -1 -1 -1 -1 -1 -1 -1 -1 -1 -1 -1 -1 -1 -1 -1 -1 -1 -1 0.0695 0.0695 0.0695 0.136 0.136 0.27 0.27 0.252 0.252 0.252 0.249 0.249 0.254 0.254 0.244 0.244 0.244 0.255 0.255 0.265 0.265 0.2565 0.2565 0.2565 0.2705 0.2705 0.2735 0.2735 0.2835 0.2835 0.29 0.29 0.29 0.289 0.289 0.302 0.302 0.302 0.302 0.302 0.2785 0.2785 0.279 0.279 0.2685 0.2685 0.2685 0.262 0.262 0.2595 0.2595 0.2375
-1 -1 -1 -1 -1 -1 -1 -1 -1 -1 -1 -1 -1 -1 -1 -1 -1 -1 -1 -1 -1 -1 -1 -1 -1 0.0695 0.0695 0.0695 0.136 0.136 0.27 0.27 0.252 0.252 0.252 0.249 0.249 0.254 0.254 0.244 0.244 0.244 0.255 0.255 0.265 0.265 0.2565 0.2565 0.2565 0.2705 0.2705 0.2735 0.2735 0.2835 0.2835 0.29 0.29 0.29 0.289 0.289 0.302 0.302 0.302 0.302 0.302 0.2785 0.2785 0.279 0.279 0.2685 0.2685 0.2685 0.262 0.262 0.2595 0.2595 0.2375
-1 -1 -1 -1 -1 -1 -1 -1 -1 -1 -1 -1 -1 -1 -1 -1 -1 -1 -1 -1 -1 -1 -1 0.0381 0.0381 0.194 0.194 0.194 0.2785 0.2785 0.2405 0.2405 0.248 0.248 0.248 0.268 0.268 0.279 0.279 0.2855 0.2855 0.2855 0.292 0.292 0.2695 0.2695 0.262 0.262 0.262 0.264 0.264 0.272 0.272 0.2735 0.2735 0.264 0.264 0.264 0.278 0.278 0.2785 0.2785 0.2785 0.2785 0.2785 0.2715 0.2715 0.2655 0.2655 0.2805 0.2805 0.2805 0.28 0.28 0.2605 0.2605 0.257
-1 -1 -1 -1 -1 -1 -1 -1 -1 -1 -1 -1 -1 -1 -1 -1 -1 -1 -1 -1 -1 -1 -1 0.0381 0.0381 0.194 0.194 0.194 0.2785 0.2785 0.2405 0.2405 0.248 0.248 0.248 0.268 0.268 0.279 0.279 0.2855 0.2855 0.2855 0.292 0.292 0.2695 0.2695 0.262 0.262 0.262 0.264 0.264 0.272 0.272 0.2735 0.2735 0.264 0.264 0.264 0.278 0.278 0.2785 0.2785 0.2785 0.2785 0.2785 0.2715 0.2715 0.2655 0.2655 0.2805 0.2805 0.2805 0.28 0.28 0.2605 0.2605 0.257
