ndvi/NOAA-222.asc
ncols         252
nrows         154
xllcorner     -18.017974
yllcorner     13.481982
cellsize      0.035948
NODATA_value  -9999
[rows 34 to 67 of 154, columns 78 to 155 of 252]
0.155 0.144 0.144 0.147 0.147 0.136 0.136 0.136 0.132 0.132 0.1345 0.1345 0.138 0.138 0.147 0.147 0.147 0.1505 0.1505 0.159 0.159 0.157 0.157 0.157 0.156 0.156 0.155 0.155 0.1555 0.1555 0.1555 0.1675 0.1675 0.1645 0.1645 0.157 0.157 0.157 0.162 0.162 0.1685 0.1685 0.17 0.17 0.17 0.151 0.151 0.15 0.15 0.149 0.149 0.145 0.145 0.145 0.148 0.148 0.143 0.143 0.133 0.133 0.133 0.1335 0.1335 0.151 0.151 0.1565 0.1565 0.1565 0.15 0.15 0.134 0.134 0.1315 0.1315 0.1315 0.1265 0.1265 0.126
0.155 0.144 0.144 0.147 0.147 0.136 0.136 0.136 0.132 0.132 0.1345 0.1345 0.138 0.138 0.147 0.147 0.147 0.1505 0.1505 0.159 0.159 0.157 0.157 0.157 0.156 0.156 0.155 0.155 0.1555 0.1555 0.1555 0.1675 0.1675 0.1645 0.1645 0.157 0.157 0.157 0.162 0.162 0.1685 0.1685 0.17 0.17 0.17 0.151 0.151 0.15 0.15 0.149 0.149 0.145 0.145 0.145 0.148 0.148 0.143 0.143 0.133 0.133 0.133 0.1335 0.1335 0.151 0.151 0.1565 0.1565 0.1565 0.15 0.15 0.134 0.134 0.1315 0.1315 0.1315 0.1265 0.1265 0.126
0.155 0.144 0.144 0.147 0.147 0.136 0.136 0.136 0.132 0.132 0.1345 0.1345 0.138 0.138 0.147 0.147 0.147 0.1505 0.1505 0.159 0.159 0.157 0.157 0.157 0.156 0.156 0.155 0.155 0.1555 0.1555 0.1555 0.1675 0.1675 0.1645 0.1645 0.157 0.157 0.157 0.162 0.162 0.1685 0.1685 0.17 0.17 0.17 0.151 0.151 0.15 0.15 0.149 0.149 0.145 0.145 0.145 0.148 0.148 0.143 0.143 0.133 0.133 0.133 0.1335 0.1335 0.151 0.151 0.1565 0.1565 0.1565 0.15 0.15 0.134 0.134 0.1315 0.1315 0.1315 0.1265 0.1265 0.126
0.168 0.169 0.169 0.1565 0.1565 0.1565 0.1565 0.1565 0.171 0.171 0.1645 0.1645 0.1615 0.1615 0.1425 0.1425 0.1425 0.1555 0.1555 0.16 0.16 0.1765 0.1765 0.1765 0.175 0.175 0.177 0.177 0.179 0.179 0.179 0.178 0.178 0.1725 0.1725 0.167 0.167 0.167 0.1635 0.1635 0.1755 0.1755 0.189 0.189 0.189 0.175 0.175 0.1705 0.1705 0.169 0.169 0.165 0.165 0.165 0.164 0.164 0.1625 0.1625 0.158 0.158 0.158 0.158 0.158 0.1495 0.1495 0.1515 0.1515 0.1515 0.1495 0.1495 0.134 0.134 0.1225 0.1225 0.1225 0.123 0.123 0.1295
0.168 0.169 0.169 0.1565 0.1565 0.1565 0.1565 0.1565 0.171 0.171 0.1645 0.1645 0.1615 0.1615 0.1425 0.1425 0.1425 0.1555 0.1555 0.16 0.16 0.1765 0.1765 0.1765 0.175 0.175 0.177 0.177 0.179 0.179 0.179 0.178 0.178 0.1725 0.1725 0.167 0.167 0.167 0.1635 0.1635 0.1755 0.1755 0.189 0.189 0.189 0.175 0.175 0.1705 0.1705 0.169 0.169 0.165 0.165 0.165 0.164 0.164 0.1625 0.1625 0.158 0.158 0.158 0.158 0.158 0.1495 0.1495 0.1515 0.1515 0.1515 0.1495 0.1495 0.134 0.134 0.1225 0.1225 0.1225 0.123 0.123 0.1295
0.1695 0.164 0.164 0.1665 0.1665 0.167 0.167 0.167 0.173 0.173 0.1645 0.1645 0.17 0.17 0.153 0.153 0.153 0.1515 0.1515 0.163 0.163 0.171 0.171 0.171 0.178 0.178 0.185 0.185 0.1815 0.1815 0.1815 0.182 0.182 0.1845 0.1845 0.172 0.172 0.172 0.1825 0.1825 0.188 0.188 0.2065 0.2065 0.2065 0.1835 0.1835 0.172 0.172 0.1715 0.1715 0.234 0.234 0.234 0.21 0.21 0.2075 0.2075 0.192 0.192 0.192 0.161 0.161 0.159 0.159 0.157 0.157 0.157 0.1335 0.1335 0.118 0.118 0.127 0.127 0.127 0.1235 0.1235 0.114
0.1695 0.164 0.164 0.1665 0.1665 0.167 0.167 0.167 0.173 0.173 0.1645 0.1645 0.17 0.17 0.153 0.153 0.153 0.1515 0.1515 0.163 0.163 0.171 0.171 0.171 0.178 0.178 0.185 0.185 0.1815 0.1815 0.1815 0.182 0.182 0.1845 0.1845 0.172 0.172 0.172 0.1825 0.1825 0.188 0.188 0.2065 0.2065 0.2065 0.1835 0.1835 0.172 0.172 0.1715 0.1715 0.234 0.234 0.234 0.21 0.21 0.2075 0.2075 0.192 0.192 0.192 0.161 0.161 0.159 0.159 0.157 0.157 0.157 0.1335 0.1335 0.118 0.118 0.127 0.127 0.127 0.1235 0.1235 0.114
0.1825 0.1675 0.1675 0.168 0.168 0.1725 0.1725 0.1725 0.1735 0.1735 0.176 0.176 0.1765 0.1765 0.185 0.185 0.185 0.167 0.167 0.161 0.161 0.1695 0.1695 0.1695 0.1735 0.1735 0.1865 0.1865 0.203 0.203 0.203 0.2015 0.2015 0.1855 0.1855 0.196 0.196 0.196 0.196 0.196 0.2035 0.2035 0.2025 0.2025 0.2025 0.1815 0.1815 0.1865 0.1865 0.1955 0.1955 0.233 0.233 0.233 0.2045 0.2045 0.206 0.206 0.1875 0.1875 0.1875 0.1525 0.1525 0.148 0.148 0.1195 0.1195 0.1195 0.129 0.129 0.127 0.127 0.124 0.124 0.124 0.115 0.115 0.112
0.1825 0.1675 0.1675 0.168 0.168 0.1725 0.1725 0.1725 0.1735 0.1735 0.176 0.176 0.1765 0.1765 0.185 0.185 0.185 0.167 0.167 0.161 0.161 0.1695 0.1695 0.1695 0.1735 0.1735 0.1865 0.1865 0.203 0.203 0.203 0.2015 0.2015 0.1855 0.1855 0.196 0.196 0.196 0.196 0.196 0.2035 0.2035 0.2025 0.2025 0.2025 0.1815 0.1815 0.1865 0.1865 0.1955 0.1955 0.233 0.233 0.233 0.2045 0.2045 0.206 0.206 0.1875 0.1875 0.1875 0.1525 0.1525 0.148 0.148 0.1195 0.1195 0.1195 0.129 0.129 0.127 0.127 0.124 0.124 0.124 0.115 0.115 0.112
0.1825 0.1675 0.1675 0.168 0.168 0.1725 0.1725 0.1725 0.1735 0.1735 0.176 0.176 0.1765 0.1765 0.185 0.185 0.185 0.167 0.167 0.161 0.161 0.1695 0.1695 0.1695 0.1735 0.1735 0.1865 0.1865 0.203 0.203 0.203 0.2015 0.2015 0.1855 0.1855 0.196 0.196 0.196 0.196 0.196 0.2035 0.2035 0.2025 0.2025 0.2025 0.1815 0.1815 0.1865 0.1865 0.1955 0.1955 0.233 0.233 0.233 0.2045 0.2045 0.206 0.206 0.1875 0.1875 0.1875 0.1525 0.1525 0.148 0.148 0.1195 0.1195 0.1195 0.129 0.129 0.127 0.127 0.124 0.124 0.124 0.115 0.115 0.112
0.1795 0.1625 0.1625 0.1665 0.1665 0.1665 0.1665 0.1665 0.1695 0.1695 0.171 0.171 0.176 0.176 0.189 0.189 0.189 0.192 0.192 0.166 0.166 0.163 0.163 0.163 0.1875 0.1875 0.192 0.192 0.198 0.198 0.198 0.21 0.21 0.2195 0.2195 0.2065 0.2065 0.2065 0.1995 0.1995 0.1945 0.1945 0.1985 0.1985 0.1985 0.185 0.185 0.1885 0.1885 0.176 0.176 0.19 0.19 0.19 0.181 0.181 0.1775 0.1775 0.149 0.149 0.149 0.1465 0.1465 0.1265 0.1265 0.13 0.13 0.13 0.129 0.129 0.115 0.115 0.105 0.105 0.105 0.1165 0.1165 0.1395
0.1795 0.1625 0.1625 0.1665 0.1665 0.1665 0.1665 0.1665 0.1695 0.1695 0.171 0.171 0.176 0.176 0.189 0.189 0.189 0.192 0.192 0.166 0.166 0.163 0.163 0.163 0.1875 0.1875 0.192 0.192 0.198 0.198 0.198 0.21 0.21 0.2195 0.2195 0.2065 0.2065 0.2065 0.1995 0.1995 0.1945 0.1945 0.1985 0.1985 0.1985 0.185 0.185 0.1885 0.1885 0.176 0.176 0.19 0.19 0.19 0.181 0.181 0.1775 0.1775 0.149 0.149 0.149 0.1465 0.1465 0.1265 0.1265 0.13 0.13 0.13 0.129 0.129 0.115 0.115 0.105 0.105 0.105 0.1165 0.1165 0.1395
0.207 0.1955 0.1955 0.1855 0.1855 0.174 0.174 0.174 0.171 0.171 0.1585 0.1585 0.175 0.175 0.1895 0.1895 0.1895 0.1915 0.1915 0.178 0.178 0.179 0.179 0.179 0.19 0.19 0.2015 0.2015 0.209 0.209 0.209 0.2185 0.2185 0.2205 0.2205 0.207 0.207 0.207 0.193 0.193 0.203 0.203 0.193 0.193 0.193 0.2005 0.2005 0.211 0.211 0.181 0.181 0.196 0.196 0.196 0.1725 0.1725 0.162 0.162 0.153 0.153 0.153 0.152 0.152 0.1365 0.1365 0.133 0.133 0.133 0.1395 0.1395 0.134 0.134 0.113 0.113 0.113 0.141 0.141 0.152
0.207 0.1955 0.1955 0.1855 0.1855 0.174 0.174 0.174 0.171 0.171 0.1585 0.1585 0.175 0.175 0.1895 0.1895 0.1895 0.1915 0.1915 0.178 0.178 0.179 0.179 0.179 0.19 0.19 0.2015 0.2015 0.209 0.209 0.209 0.2185 0.2185 0.2205 0.2205 0.207 0.207 0.207 0.193 0.193 0.203 0.203 0.193 0.193 0.193 0.2005 0.2005 0.211 0.211 0.181 0.181 0.196 0.196 0.196 0.1725 0.1725 0.162 0.162 0.153 0.153 0.153 0.152 0.152 0.1365 0.1365 0.133 0.133 0.133 0.1395 0.1395 0.134 0.134 0.113 0.113 0.113 0.141 0.141 0.152
0.2165 0.2075 0.2075 0.208 0.208 0.194 0.194 0.194 0.179 0.179 0.1615 0.1615 0.211 0.211 0.205 0.205 0.205 0.214 0.214 0.2145 0.2145 0.2075 0.2075 0.2075 0.2005 0.2005 0.217 0.217 0.23 0.23 0.23 0.2295 0.2295 0.2375 0.2375 0.2065 0.2065 0.2065 0.186 0.186 0.1835 0.1835 0.18 0.18 0.18 0.195 0.195 0.1955 0.1955 0.1725 0.1725 0.1875 0.1875 0.1875 0.1865 0.1865 0.1725 0.1725 0.153 0.153 0.153 0.167 0.167 0.16 0.16 0.1575 0.1575 0.1575 0.168 0.168 0.151 0.151 0.1345 0.1345 0.1345 0.1515 0.1515 0.152
0.2165 0.2075 0.2075 0.208 0.208 0.194 0.194 0.194 0.179 0.179 0.1615 0.1615 0.211 0.211 0.205 0.205 0.205 0.214 0.214 0.2145 0.2145 0.2075 0.2075 0.2075 0.2005 0.2005 0.217 0.217 0.23 0.23 0.23 0.2295 0.2295 0.2375 0.2375 0.2065 0.2065 0.2065 0.186 0.186 0.1835 0.1835 0.18 0.18 0.18 0.195 0.195 0.1955 0.1955 0.1725 0.1725 0.1875 0.1875 0.1875 0.1865 0.1865 0.1725 0.1725 0.153 0.153 0.153 0.167 0.167 0.16 0.16 0.1575 0.1575 0.1575 0.168 0.168 0.151 0.151 0.1345 0.1345 0.1345 0.1515 0.1515 0.152
0.2165 0.2075 0.2075 0.208 0.208 0.194 0.194 0.194 0.179 0.179 0.1615 0.1615 0.211 0.211 0.205 0.205 0.205 0.214 0.214 0.2145 0.2145 0.2075 0.2075 0.2075 0.2005 0.2005 0.217 0.217 0.23 0.23 0.23 0.2295 0.2295 0.2375 0.2375 0.2065 0.2065 0.2065 0.186 0.186 0.1835 0.1835 0.18 0.18 0.18 0.195 0.195 0.1955 0.1955 0.1725 0.1725 0.1875 0.1875 0.1875 0.1865 0.1865 0.1725 0.1725 0.153 0.153 0.153 0.167 0.167 0.16 0.16 0.1575 0.1575 0.1575 0.168 0.168 0.151 0.151 0.1345 0.1345 0.1345 0.1515 0.1515 0.152
0.1915 0.195 0.195 0.1905 0.1905 0.195 0.195 0.195 0.207 0.207 0.206 0.206 0.228 0.228 0.216 0.216 0.216 0.211 0.211 0.2155 0.2155 0.2095 0.2095 0.2095 0.2175 0.2175 0.2115 0.2115 0.218 0.218 0.218 0.2445 0.2445 0.214 0.214 0.2175 0.2175 0.2175 0.171 0.171 0.172 0.172 0.166 0.166 0.166 0.2015 0.2015 0.1555 0.1555 0.18 0.18 0.1895 0.1895 0.1895 0.197 0.197 0.182 0.182 0.1655 0.1655 0.1655 0.184 0.184 0.2055 0.2055 0.1905 0.1905 0.1905 0.192 0.192 0.18 0.18 0.1345 0.1345 0.1345 0.129 0.129 0.139
0.1915 0.195 0.195 0.1905 0.1905 0.195 0.195 0.195 0.207 0.207 0.206 0.206 0.228 0.228 0.216 0.216 0.216 0.211 0.211 0.2155 0.2155 0.2095 0.2095 0.2095 0.2175 0.2175 0.2115 0.2115 0.218 0.218 0.218 0.2445 0.2445 0.214 0.214 0.2175 0.2175 0.2175 0.171 0.171 0.172 0.172 0.166 0.166 0.166 0.2015 0.2015 0.1555 0.1555 0.18 0.18 0.1895 0.1895 0.1895 0.197 0.197 0.182 0.182 0.1655 0.1655 0.1655 0.184 0.184 0.2055 0.2055 0.1905 0.1905 0.1905 0.192 0.192 0.18 0.18 0.1345 0.1345 0.1345 0.129 0.129 0.139
0.195 0.1855 0.1855 0.2115 0.2115 0.2135 0.2135 0.2135 0.2235 0.2235 0.2285 0.2285 0.2305 0.2305 0.225 0.225 0.225 0.228 0.228 0.2235 0.2235 0.2115 0.2115 0.2115 0.2095 0.2095 0.202 0.202 0.197 0.197 0.197 0.1845 0.1845 0.249 0.249 0.2095 0.2095 0.2095 0.193 0.193 0.178 0.178 0.171 0.171 0.171 0.1625 0.1625 0.151 0.151 0.1925 0.1925 0.1865 0.1865 0.1865 0.196 0.196 0.1965 0.1965 0.203 0.203 0.203 0.196 0.196 0.1675 0.1675 0.1945 0.1945 0.1945 0.196 0.196 0.1935 0.1935 0.2005 0.2005 0.2005 0.123 0.123 0.135
0.195 0.1855 0.1855 0.2115 0.2115 0.2135 0.2135 0.2135 0.2235 0.2235 0.2285 0.2285 0.2305 0.2305 0.225 0.225 0.225 0.228 0.228 0.2235 0.2235 0.2115 0.2115 0.2115 0.2095 0.2095 0.202 0.202 0.197 0.197 0.197 0.1845 0.1845 0.249 0.249 0.2095 0.2095 0.2095 0.193 0.193 0.178 0.178 0.171 0.171 0.171 0.1625 0.1625 0.151 0.151 0.1925 0.1925 0.1865 0.1865 0.1865 0.196 0.196 0.1965 0.1965 0.203 0.203 0.203 0.196 0.196 0.1675 0.1675 0.1945 0.1945 0.1945 0.196 0.196 0.1935 0.1935 0.2005 0.2005 0.2005 0.123 0.123 0.135
0.238 0.2315 0.2315 0.22 0.22 0.238 0.238 0.238 0.24 0.24 0.245 0.245 0.227 0.227 0.232 0.232 0.232 0.2365 0.2365 0.2225 0.2225 0.215 0.215 0.215 0.207 0.207 0.196 0.196 0.1725 0.1725 0.1725 0.163 0.163 0.194 0.194 0.1925 0.1925 0.1925 0.2065 0.2065 0.1605 0.1605 0.1615 0.1615 0.1615 0.16 0.16 0.145 0.145 0.1585 0.1585 0.1605 0.1605 0.1605 0.191 0.191 0.2065 0.2065 0.228 0.228 0.228 0.2115 0.2115 0.1975 0.1975 0.186 0.186 0.186 0.1855 0.1855 0.167 0.167 0.1505 0.1505 0.1505 0.113 0.113 0.132
0.238 0.2315 0.2315 0.22 0.22 0.238 0.238 0.238 0.24 0.24 0.245 0.245 0.227 0.227 0.232 0.232 0.232 0.2365 0.2365 0.2225 0.2225 0.215 0.215 0.215 0.207 0.207 0.196 0.196 0.1725 0.1725 0.1725 0.163 0.163 0.194 0.194 0.1925 0.1925 0.1925 0.2065 0.2065 0.1605 0.1605 0.1615 0.1615 0.1615 0.16 0.16 0.145 0.145 0.1585 0.1585 0.1605 0.1605 0.1605 0.191 0.191 0.2065 0.2065 0.228 0.228 0.228 0.2115 0.2115 0.1975 0.1975 0.186 0.186 0.186 0.1855 0.1855 0.167 0.167 0.1505 0.1505 0.1505 0.113 0.113 0.132
0.234 0.219 0.219 0.2225 0.2225 0.2425 0.2425 0.2425 0.2355 0.2355 0.2265 0.2265 0.21 0.21 0.2185 0.2185 0.2185 0.2285 0.2285 0.233 0.233 0.225 0.225 0.225 0.21 0.21 0.196 0.196 0.1995 0.1995 0.1995 0.1905 0.1905 0.1975 0.1975 0.177 0.177 0.177 0.182 0.182 0.1695 0.1695 0.18 0.18 0.18 0.161 0.161 0.134 0.134 0.1405 0.1405 0.1585 0.1585 0.1585 0.177 0.177 0.189 0.189 0.212 0.212 0.212 0.21 0.21 0.2175 0.2175 0.181 0.181 0.181 0.1895 0.1895 0.1575 0.1575 0.147 0.147 0.147 0.0965 0.0965 0.1165
0.234 0.219 0.219 0.2225 0.2225 0.2425 0.2425 0.2425 0.2355 0.2355 0.2265 0.2265 0.21 0.21 0.2185 0.2185 0.2185 0.2285 0.2285 0.233 0.233 0.225 0.225 0.225 0.21 0.21 0.196 0.196 0.1995 0.1995 0.1995 0.1905 0.1905 0.1975 0.1975 0.177 0.177 0.177 0.182 0.182 0.1695 0.1695 0.18 0.18 0.18 0.161 0.161 0.134 0.134 0.1405 0.1405 0.1585 0.1585 0.1585 0.177 0.177 0.189 0.189 0.212 0.212 0.212 0.21 0.21 0.2175 0.2175 0.181 0.181 0.181 0.1895 0.1895 0.1575 0.1575 0.147 0.147 0.147 0.0965 0.0965 0.1165
0.234 0.219 0.219 0.2225 0.2225 0.2425 0.2425 0.2425 0.2355 0.2355 0.2265 0.2265 0.21 0.21 0.2185 0.2185 0.2185 0.2285 0.2285 0.233 0.233 0.225 0.225 0.225 0.21 0.21 0.196 0.196 0.1995 0.1995 0.1995 0.1905 0.1905 0.1975 0.1975 0.177 0.177 0.177 0.182 0.182 0.1695 0.1695 0.18 0.18 0.18 0.161 0.161 0.134 0.134 0.1405 0.1405 0.1585 0.1585 0.1585 0.177 0.177 0.189 0.189 0.212 0.212 0.212 0.21 0.21 0.2175 0.2175 0.181 0.181 0.181 0.1895 0.1895 0.1575 0.1575 0.147 0.147 0.147 0.0965 0.0965 0.1165
0.213 0.219 0.219 0.215 0.215 0.2255 0.2255 0.2255 0.1885 0.1885 0.182 0.182 0.1755 0.1755 0.221 0.221 0.221 0.1525 0.1525 0.1995 0.1995 0.187 0.187 0.187 0.204 0.204 0.2035 0.2035 0.205 0.205 0.205 0.2145 0.2145 0.21 0.21 0.202 0.202 0.202 0.1555 0.1555 0.167 0.167 0.1805 0.1805 0.1805 0.182 0.182 0.1175 0.1175 0.1175 0.1175 0.1265 0.1265 0.1265 0.126 0.126 0.161 0.161 0.21 0.21 0.21 0.21 0.21 0.198 0.198 0.186 0.186 0.186 0.185 0.185 0.179 0.179 0.1555 0.1555 0.1555 0.119 0.119 0.141
0.213 0.219 0.219 0.215 0.215 0.2255 0.2255 0.2255 0.1885 0.1885 0.182 0.182 0.1755 0.1755 0.221 0.221 0.221 0.1525 0.1525 0.1995 0.1995 0.187 0.187 0.187 0.204 0.204 0.2035 0.2035 0.205 0.205 0.205 0.2145 0.2145 0.21 0.21 0.202 0.202 0.202 0.1555 0.1555 0.167 0.167 0.1805 0.1805 0.1805 0.182 0.182 0.1175 0.1175 0.1175 0.1175 0.1265 0.1265 0.1265 0.126 0.126 0.161 0.161 0.21 0.21 0.21 0.21 0.21 0.198 0.198 0.186 0.186 0.186 0.185 0.185 0.179 0.179 0.1555 0.1555 0.1555 0.119 0.119 0.141
0.23 0.2255 0.2255 0.2245 0.2245 0.223 0.223 0.223 0.232 0.232 0.228 0.228 0.212 0.212 0.196 0.196 0.196 0.161 0.161 0.172 0.172 0.1875 0.1875 0.1875 0.2065 0.2065 0.2035 0.2035 0.202 0.202 0.202 0.2205 0.2205 0.2165 0.2165 0.1995 0.1995 0.1995 0.212 0.212 0.162 0.162 0.174 0.174 0.174 0.1505 0.1505 0.1235 0.1235 0.14 0.14 0.1405 0.1405 0.1405 0.1685 0.1685 0.158 0.158 0.2145 0.2145 0.2145 0.213 0.213 0.2245 0.2245 0.2055 0.2055 0.2055 0.2115 0.2115 0.1965 0.1965 0.1475 0.1475 0.1475 0.136 0.136 0.1325
0.23 0.2255 0.2255 0.2245 0.2245 0.223 0.223 0.223 0.232 0.232 0.228 0.228 0.212 0.212 0.196 0.196 0.196 0.161 0.161 0.172 0.172 0.1875 0.1875 0.1875 0.2065 0.2065 0.2035 0.2035 0.202 0.202 0.202 0.2205 0.2205 0.2165 0.2165 0.1995 0.1995 0.1995 0.212 0.212 0.162 0.162 0.174 0.174 0.174 0.1505 0.1505 0.1235 0.1235 0.14 0.14 0.1405 0.1405 0.1405 0.1685 0.1685 0.158 0.158 0.2145 0.2145 0.2145 0.213 0.213 0.2245 0.2245 0.2055 0.2055 0.2055 0.2115 0.2115 0.1965 0.1965 0.1475 0.1475 0.1475 0.136 0.136 0.1325
0.2165 0.2435 0.2435 0.252 0.252 0.2405 0.2405 0.2405 0.2415 0.2415 0.2785 0.2785 0.267 0.267 0.2345 0.2345 0.2345 0.2165 0.2165 0.209 0.209 0.1875 0.1875 0.1875 0.157 0.157 0.182 0.182 0.1955 0.1955 0.1955 0.217 0.217 0.232 0.232 0.2295 0.2295 0.2295 0.232 0.232 0.1875 0.1875 0.147 0.147 0.147 0.1515 0.1515 0.1135 0.1135 0.1325 0.1325 0.173 0.173 0.173 0.166 0.166 0.2005 0.2005 0.2205 0.2205 0.2205 0.2315 0.2315 0.2295 0.2295 0.2225 0.2225 0.2225 0.193 0.193 0.214 0.214 0.1735 0.1735 0.1735 0.1505 0.1505 0.1655
0.2165 0.2435 0.2435 0.252 0.252 0.2405 0.2405 0.2405 0.2415 0.2415 0.2785 0.2785 0.267 0.267 0.2345 0.2345 0.2345 0.2165 0.2165 0.209 0.209 0.1875 0.1875 0.1875 0.157 0.157 0.182 0.182 0.1955 0.1955 0.1955 0.217 0.217 0.232 0.232 0.2295 0.2295 0.2295 0.232 0.232 0.1875 0.1875 0.147 0.147 0.147 0.1515 0.1515 0.1135 0.1135 0.1325 0.1325 0.173 0.173 0.173 0.166 0.166 0.2005 0.2005 0.2205 0.2205 0.2205 0.2315 0.2315 0.2295 0.2295 0.2225 0.2225 0.2225 0.193 0.193 0.214 0.214 0.1735 0.1735 0.1735 0.1505 0.1505 0.1655
0.2165 0.2435 0.2435 0.252 0.252 0.2405 0.2405 0.2405 0.2415 0.2415 0.2785 0.2785 0.267 0.267 0.2345 0.2345 0.2345 0.2165 0.2165 0.209 0.209 0.1875 0.1875 0.1875 0.157 0.157 0.182 0.182 0.1955 0.1955 0.1955 0.217 0.217 0.232 0.232 0.2295 0.2295 0.2295 0.232 0.232 0.1875 0.1875 0.147 0.147 0.147 0.1515 0.1515 0.1135 0.1135 0.1325 0.1325 0.173 0.173 0.173 0.166 0.166 0.2005 0.2005 0.2205 0.2205 0.2205 0.2315 0.2315 0.2295 0.2295 0.2225 0.2225 0.2225 0.193 0.193 0.214 0.214 0.1735 0.1735 0.1735 0.1505 0.1505 0.1655
0.2195 0.236 0.236 0.231 0.231 0.247 0.247 0.247 0.2505 0.2505 0.248 0.248 0.2405 0.2405 0.254 0.254 0.254 0.2665 0.2665 0.2605 0.2605 0.234 0.234 0.234 0.201 0.201 0.1895 0.1895 0.185 0.185 0.185 0.209 0.209 0.213 0.213 0.1975 0.1975 0.1975 0.1915 0.1915 0.237 0.237 0.215 0.215 0.215 0.1525 0.1525 0.162 0.162 0.1645 0.1645 0.1895 0.1895 0.1895 0.191 0.191 0.216 0.216 0.2225 0.2225 0.2225 0.2525 0.2525 0.244 0.244 0.224 0.224 0.224 0.2265 0.2265 0.227 0.227 0.198 0.198 0.198 0.131 0.131 0.1485
