ndvi/NOAA-120.asc
ncols         252
nrows         154
xllcorner     -18.017974
yllcorner     13.481982
cellsize      0.035948
NODATA_value  -9999
[rows 35 to 69 of 154, columns 77 to 153 of 252]
0.1455 0.1455 0.1405 0.1405 0.137 0.137 0.135 0.135 0.135 0.1335 0.1335 0.1405 0.1405 0.1435 0.1435 0.1445 0.1445 0.1445 0.1445 0.1445 0.142 0.142 0.1435 0.1435 0.1435 0.145 0.145 0.1445 0.1445 0.147 0.147 0.147 0.1485 0.1485 0.1495 0.1495 0.1415 0.1415 0.1415 0.1415 0.1415 0.1455 0.1455 0.1555 0.1555 0.1555 0.144 0.144 0.139 0.139 0.15 0.15 0.145 0.145 0.145 0.142 0.142 0.1555 0.1555 0.1555 0.1555 0.1555 0.1625 0.1625 0.164 0.164 0.1605 0.1605 0.1605 0.1565 0.1565 0.137 0.137 0.1145 0.1145 0.1145 0.1435
0.1455 0.1455 0.1405 0.1405 0.137 0.137 0.135 0.135 0.135 0.1335 0.1335 0.1405 0.1405 0.1435 0.1435 0.1445 0.1445 0.1445 0.1445 0.1445 0.142 0.142 0.1435 0.1435 0.1435 0.145 0.145 0.1445 0.1445 0.147 0.147 0.147 0.1485 0.1485 0.1495 0.1495 0.1415 0.1415 0.1415 0.1415 0.1415 0.1455 0.1455 0.1555 0.1555 0.1555 0.144 0.144 0.139 0.139 0.15 0.15 0.145 0.145 0.145 0.142 0.142 0.1555 0.1555 0.1555 0.1555 0.1555 0.1625 0.1625 0.164 0.164 0.1605 0.1605 0.1605 0.1565 0.1565 0.137 0.137 0.1145 0.1145 0.1145 0.1435
0.1515 0.1515 0.155 0.155 0.151 0.151 0.151 0.151 0.151 0.1445 0.1445 0.146 0.146 0.153 0.153 0.1435 0.1435 0.1435 0.1425 0.1425 0.1395 0.1395 0.1445 0.1445 0.1445 0.152 0.152 0.1555 0.1555 0.155 0.155 0.155 0.1545 0.1545 0.1575 0.1575 0.1455 0.1455 0.1455 0.1545 0.1545 0.1515 0.1515 0.1615 0.1615 0.1615 0.164 0.164 0.1515 0.1515 0.161 0.161 0.158 0.158 0.158 0.17 0.17 0.1925 0.1925 0.1845 0.1845 0.1845 0.175 0.175 0.178 0.178 0.172 0.172 0.172 0.1735 0.1735 0.1315 0.1315 0.141 0.141 0.141 0.1415
0.1515 0.1515 0.155 0.155 0.151 0.151 0.151 0.151 0.151 0.1445 0.1445 0.146 0.146 0.153 0.153 0.1435 0.1435 0.1435 0.1425 0.1425 0.1395 0.1395 0.1445 0.1445 0.1445 0.152 0.152 0.1555 0.1555 0.155 0.155 0.155 0.1545 0.1545 0.1575 0.1575 0.1455 0.1455 0.1455 0.1545 0.1545 0.1515 0.1515 0.1615 0.1615 0.1615 0.164 0.164 0.1515 0.1515 0.161 0.161 0.158 0.158 0.158 0.17 0.17 0.1925 0.1925 0.1845 0.1845 0.1845 0.175 0.175 0.178 0.178 0.172 0.172 0.172 0.1735 0.1735 0.1315 0.1315 0.141 0.141 0.141 0.1415
0.159 0.159 0.1525 0.1525 0.1465 0.1465 0.1475 0.1475 0.1475 0.1485 0.1485 0.145 0.145 0.154 0.154 0.1505 0.1505 0.1505 0.1415 0.1415 0.1425 0.1425 0.1475 0.1475 0.1475 0.1445 0.1445 0.1555 0.1555 0.17 0.17 0.17 0.1735 0.1735 0.161 0.161 0.1625 0.1625 0.1625 0.152 0.152 0.16 0.16 0.178 0.178 0.178 0.186 0.186 0.1885 0.1885 0.1895 0.1895 0.22 0.22 0.22 0.1815 0.1815 0.1875 0.1875 0.1975 0.1975 0.1975 0.185 0.185 0.173 0.173 0.156 0.156 0.156 0.1575 0.1575 0.1235 0.1235 0.127 0.127 0.127 0.141
0.159 0.159 0.1525 0.1525 0.1465 0.1465 0.1475 0.1475 0.1475 0.1485 0.1485 0.145 0.145 0.154 0.154 0.1505 0.1505 0.1505 0.1415 0.1415 0.1425 0.1425 0.1475 0.1475 0.1475 0.1445 0.1445 0.1555 0.1555 0.17 0.17 0.17 0.1735 0.1735 0.161 0.161 0.1625 0.1625 0.1625 0.152 0.152 0.16 0.16 0.178 0.178 0.178 0.186 0.186 0.1885 0.1885 0.1895 0.1895 0.22 0.22 0.22 0.1815 0.1815 0.1875 0.1875 0.1975 0.1975 0.1975 0.185 0.185 0.173 0.173 0.156 0.156 0.156 0.1575 0.1575 0.1235 0.1235 0.127 0.127 0.127 0.141
0.1635 0.1635 0.146 0.146 0.152 0.152 0.152 0.152 0.152 0.148 0.148 0.149 0.149 0.1595 0.1595 0.1515 0.1515 0.1515 0.133 0.133 0.1375 0.1375 0.1395 0.1395 0.1395 0.1585 0.1585 0.1635 0.1635 0.172 0.172 0.172 0.1655 0.1655 0.1625 0.1625 0.1665 0.1665 0.1665 0.165 0.165 0.1875 0.1875 0.195 0.195 0.195 0.1835 0.1835 0.182 0.182 0.192 0.192 0.208 0.208 0.208 0.1855 0.1855 0.1825 0.1825 0.1765 0.1765 0.1765 0.172 0.172 0.1615 0.1615 0.142 0.142 0.142 0.15 0.15 0.1395 0.1395 0.136 0.136 0.136 0.1345
0.1635 0.1635 0.146 0.146 0.152 0.152 0.152 0.152 0.152 0.148 0.148 0.149 0.149 0.1595 0.1595 0.1515 0.1515 0.1515 0.133 0.133 0.1375 0.1375 0.1395 0.1395 0.1395 0.1585 0.1585 0.1635 0.1635 0.172 0.172 0.172 0.1655 0.1655 0.1625 0.1625 0.1665 0.1665 0.1665 0.165 0.165 0.1875 0.1875 0.195 0.195 0.195 0.1835 0.1835 0.182 0.182 0.192 0.192 0.208 0.208 0.208 0.1855 0.1855 0.1825 0.1825 0.1765 0.1765 0.1765 0.172 0.172 0.1615 0.1615 0.142 0.142 0.142 0.15 0.15 0.1395 0.1395 0.136 0.136 0.136 0.1345
0.1635 0.1635 0.146 0.146 0.152 0.152 0.152 0.152 0.152 0.148 0.148 0.149 0.149 0.1595 0.1595 0.1515 0.1515 0.1515 0.133 0.133 0.1375 0.1375 0.1395 0.1395 0.1395 0.1585 0.1585 0.1635 0.1635 0.172 0.172 0.172 0.1655 0.1655 0.1625 0.1625 0.1665 0.1665 0.1665 0.165 0.165 0.1875 0.1875 0.195 0.195 0.195 0.1835 0.1835 0.182 0.182 0.192 0.192 0.208 0.208 0.208 0.1855 0.1855 0.1825 0.1825 0.1765 0.1765 0.1765 0.172 0.172 0.1615 0.1615 0.142 0.142 0.142 0.15 0.15 0.1395 0.1395 0.136 0.136 0.136 0.1345
0.1685 0.1685 0.159 0.159 0.1445 0.1445 0.1415 0.1415 0.1415 0.147 0.147 0.14 0.14 0.154 0.154 0.156 0.156 0.156 0.1505 0.1505 0.1375 0.1375 0.1465 0.1465 0.1465 0.1575 0.1575 0.1685 0.1685 0.1685 0.1685 0.1685 0.195 0.195 0.1965 0.1965 0.182 0.182 0.182 0.1875 0.1875 0.1895 0.1895 0.183 0.183 0.183 0.1685 0.1685 0.1675 0.1675 0.158 0.158 0.1855 0.1855 0.1855 0.184 0.184 0.1945 0.1945 0.1545 0.1545 0.1545 0.151 0.151 0.1335 0.1335 0.1395 0.1395 0.1395 0.132 0.132 0.1325 0.1325 0.12 0.12 0.12 0.1125
0.1685 0.1685 0.159 0.159 0.1445 0.1445 0.1415 0.1415 0.1415 0.147 0.147 0.14 0.14 0.154 0.154 0.156 0.156 0.156 0.1505 0.1505 0.1375 0.1375 0.1465 0.1465 0.1465 0.1575 0.1575 0.1685 0.1685 0.1685 0.1685 0.1685 0.195 0.195 0.1965 0.1965 0.182 0.182 0.182 0.1875 0.1875 0.1895 0.1895 0.183 0.183 0.183 0.1685 0.1685 0.1675 0.1675 0.158 0.158 0.1855 0.1855 0.1855 0.184 0.184 0.1945 0.1945 0.1545 0.1545 0.1545 0.151 0.151 0.1335 0.1335 0.1395 0.1395 0.1395 0.132 0.132 0.1325 0.1325 0.12 0.12 0.12 0.1125
0.1675 0.1675 0.1635 0.1635 0.16 0.16 0.156 0.156 0.156 0.1475 0.1475 0.141 0.141 0.1435 0.1435 0.1585 0.1585 0.1585 0.1465 0.1465 0.157 0.157 0.146 0.146 0.146 0.153 0.153 0.171 0.171 0.176 0.176 0.176 0.207 0.207 0.2195 0.2195 0.199 0.199 0.199 0.1475 0.1475 0.159 0.159 0.161 0.161 0.161 0.168 0.168 0.178 0.178 0.1865 0.1865 0.187 0.187 0.187 0.169 0.169 0.17 0.17 0.1615 0.1615 0.1615 0.1615 0.1615 0.1555 0.1555 0.1415 0.1415 0.1415 0.147 0.147 0.1475 0.1475 0.129 0.129 0.129 0.126
0.1675 0.1675 0.1635 0.1635 0.16 0.16 0.156 0.156 0.156 0.1475 0.1475 0.141 0.141 0.1435 0.1435 0.1585 0.1585 0.1585 0.1465 0.1465 0.157 0.157 0.146 0.146 0.146 0.153 0.153 0.171 0.171 0.176 0.176 0.176 0.207 0.207 0.2195 0.2195 0.199 0.199 0.199 0.1475 0.1475 0.159 0.159 0.161 0.161 0.161 0.168 0.168 0.178 0.178 0.1865 0.1865 0.187 0.187 0.187 0.169 0.169 0.17 0.17 0.1615 0.1615 0.1615 0.1615 0.1615 0.1555 0.1555 0.1415 0.1415 0.1415 0.147 0.147 0.1475 0.1475 0.129 0.129 0.129 0.126
0.181 0.181 0.159 0.159 0.171 0.171 0.157 0.157 0.157 0.151 0.151 0.1445 0.1445 0.1595 0.1595 0.1805 0.1805 0.1805 0.1755 0.1755 0.186 0.186 0.18 0.18 0.18 0.182 0.182 0.1965 0.1965 0.2005 0.2005 0.2005 0.236 0.236 0.235 0.235 0.171 0.171 0.171 0.159 0.159 0.159 0.159 0.1645 0.1645 0.1645 0.174 0.174 0.1745 0.1745 0.174 0.174 0.177 0.177 0.177 0.163 0.163 0.164 0.164 0.16 0.16 0.16 0.1745 0.1745 0.156 0.156 0.154 0.154 0.154 0.175 0.175 0.1595 0.1595 0.126 0.126 0.126 0.1225
0.181 0.181 0.159 0.159 0.171 0.171 0.157 0.157 0.157 0.151 0.151 0.1445 0.1445 0.1595 0.1595 0.1805 0.1805 0.1805 0.1755 0.1755 0.186 0.186 0.18 0.18 0.18 0.182 0.182 0.1965 0.1965 0.2005 0.2005 0.2005 0.236 0.236 0.235 0.235 0.171 0.171 0.171 0.159 0.159 0.159 0.159 0.1645 0.1645 0.1645 0.174 0.174 0.1745 0.1745 0.174 0.174 0.177 0.177 0.177 0.163 0.163 0.164 0.164 0.16 0.16 0.16 0.1745 0.1745 0.156 0.156 0.154 0.154 0.154 0.175 0.175 0.1595 0.1595 0.126 0.126 0.126 0.1225
0.181 0.181 0.159 0.159 0.171 0.171 0.157 0.157 0.157 0.151 0.151 0.1445 0.1445 0.1595 0.1595 0.1805 0.1805 0.1805 0.1755 0.1755 0.186 0.186 0.18 0.18 0.18 0.182 0.182 0.1965 0.1965 0.2005 0.2005 0.2005 0.236 0.236 0.235 0.235 0.171 0.171 0.171 0.159 0.159 0.159 0.159 0.1645 0.1645 0.1645 0.174 0.174 0.1745 0.1745 0.174 0.174 0.177 0.177 0.177 0.163 0.163 0.164 0.164 0.16 0.16 0.16 0.1745 0.1745 0.156 0.156 0.154 0.154 0.154 0.175 0.175 0.1595 0.1595 0.126 0.126 0.126 0.1225
0.169 0.169 0.1745 0.1745 0.184 0.184 0.1795 0.1795 0.1795 0.184 0.184 0.18 0.18 0.1905 0.1905 0.1895 0.1895 0.1895 0.1965 0.1965 0.196 0.196 0.196 0.196 0.196 0.1995 0.1995 0.1985 0.1985 0.1865 0.1865 0.1865 0.1965 0.1965 0.226 0.226 0.181 0.181 0.181 0.134 0.134 0.1395 0.1395 0.1465 0.1465 0.1465 0.1625 0.1625 0.1475 0.1475 0.167 0.167 0.182 0.182 0.182 0.174 0.174 0.172 0.172 0.1755 0.1755 0.1755 0.186 0.186 0.187 0.187 0.172 0.172 0.172 0.1905 0.1905 0.195 0.195 0.1695 0.1695 0.1695 0.118
0.169 0.169 0.1745 0.1745 0.184 0.184 0.1795 0.1795 0.1795 0.184 0.184 0.18 0.18 0.1905 0.1905 0.1895 0.1895 0.1895 0.1965 0.1965 0.196 0.196 0.196 0.196 0.196 0.1995 0.1995 0.1985 0.1985 0.1865 0.1865 0.1865 0.1965 0.1965 0.226 0.226 0.181 0.181 0.181 0.134 0.134 0.1395 0.1395 0.1465 0.1465 0.1465 0.1625 0.1625 0.1475 0.1475 0.167 0.167 0.182 0.182 0.182 0.174 0.174 0.172 0.172 0.1755 0.1755 0.1755 0.186 0.186 0.187 0.187 0.172 0.172 0.172 0.1905 0.1905 0.195 0.195 0.1695 0.1695 0.1695 0.118
0.18 0.18 0.181 0.181 0.1795 0.1795 0.182 0.182 0.182 0.194 0.194 0.2005 0.2005 0.1965 0.1965 0.2015 0.2015 0.2015 0.2 0.2 0.2015 0.2015 0.1895 0.1895 0.1895 0.195 0.195 0.191 0.191 0.1785 0.1785 0.1785 0.173 0.173 0.208 0.208 0.1855 0.1855 0.1855 0.1725 0.1725 0.139 0.139 0.1425 0.1425 0.1425 0.133 0.133 0.1255 0.1255 0.1885 0.1885 0.186 0.186 0.186 0.1955 0.1955 0.205 0.205 0.2385 0.2385 0.2385 0.224 0.224 0.2185 0.2185 0.195 0.195 0.195 0.1825 0.1825 0.184 0.184 0.172 0.172 0.172 0.108
0.18 0.18 0.181 0.181 0.1795 0.1795 0.182 0.182 0.182 0.194 0.194 0.2005 0.2005 0.1965 0.1965 0.2015 0.2015 0.2015 0.2 0.2 0.2015 0.2015 0.1895 0.1895 0.1895 0.195 0.195 0.191 0.191 0.1785 0.1785 0.1785 0.173 0.173 0.208 0.208 0.1855 0.1855 0.1855 0.1725 0.1725 0.139 0.139 0.1425 0.1425 0.1425 0.133 0.133 0.1255 0.1255 0.1885 0.1885 0.186 0.186 0.186 0.1955 0.1955 0.205 0.205 0.2385 0.2385 0.2385 0.224 0.224 0.2185 0.2185 0.195 0.195 0.195 0.1825 0.1825 0.184 0.184 0.172 0.172 0.172 0.108
0.214 0.214 0.202 0.202 0.199 0.199 0.199 0.199 0.199 0.2045 0.2045 0.199 0.199 0.2015 0.2015 0.203 0.203 0.203 0.198 0.198 0.191 0.191 0.1925 0.1925 0.1925 0.1845 0.1845 0.165 0.165 0.183 0.183 0.183 0.161 0.161 0.1725 0.1725 0.178 0.178 0.178 0.1625 0.1625 0.1355 0.1355 0.1415 0.1415 0.1415 0.1345 0.1345 0.153 0.153 0.171 0.171 0.192 0.192 0.192 0.2165 0.2165 0.217 0.217 0.2335 0.2335 0.2335 0.228 0.228 0.2185 0.2185 0.2 0.2 0.2 0.1815 0.1815 0.1655 0.1655 0.1625 0.1625 0.1625 0.1165
0.214 0.214 0.202 0.202 0.199 0.199 0.199 0.199 0.199 0.2045 0.2045 0.199 0.199 0.2015 0.2015 0.203 0.203 0.203 0.198 0.198 0.191 0.191 0.1925 0.1925 0.1925 0.1845 0.1845 0.165 0.165 0.183 0.183 0.183 0.161 0.161 0.1725 0.1725 0.178 0.178 0.178 0.1625 0.1625 0.1355 0.1355 0.1415 0.1415 0.1415 0.1345 0.1345 0.153 0.153 0.171 0.171 0.192 0.192 0.192 0.2165 0.2165 0.217 0.217 0.2335 0.2335 0.2335 0.228 0.228 0.2185 0.2185 0.2 0.2 0.2 0.1815 0.1815 0.1655 0.1655 0.1625 0.1625 0.1625 0.1165
0.2105 0.2105 0.2115 0.2115 0.2055 0.2055 0.207 0.207 0.207 0.2115 0.2115 0.201 0.201 0.204 0.204 0.205 0.205 0.205 0.1995 0.1995 0.198 0.198 0.185 0.185 0.185 0.1805 0.1805 0.19 0.19 0.179 0.179 0.179 0.162 0.162 0.196 0.196 0.171 0.171 0.171 0.1695 0.1695 0.1585 0.1585 0.177 0.177 0.177 0.128 0.128 0.1355 0.1355 0.1485 0.1485 0.1715 0.1715 0.1715 0.2075 0.2075 0.218 0.218 0.2325 0.2325 0.2325 0.2325 0.2325 0.226 0.226 0.223 0.223 0.223 0.1775 0.1775 0.161 0.161 0.1585 0.1585 0.1585 0.1145
0.2105 0.2105 0.2115 0.2115 0.2055 0.2055 0.207 0.207 0.207 0.2115 0.2115 0.201 0.201 0.204 0.204 0.205 0.205 0.205 0.1995 0.1995 0.198 0.198 0.185 0.185 0.185 0.1805 0.1805 0.19 0.19 0.179 0.179 0.179 0.162 0.162 0.196 0.196 0.171 0.171 0.171 0.1695 0.1695 0.1585 0.1585 0.177 0.177 0.177 0.128 0.128 0.1355 0.1355 0.1485 0.1485 0.1715 0.1715 0.1715 0.2075 0.2075 0.218 0.218 0.2325 0.2325 0.2325 0.2325 0.2325 0.226 0.226 0.223 0.223 0.223 0.1775 0.1775 0.161 0.161 0.1585 0.1585 0.1585 0.1145
0.2105 0.2105 0.2115 0.2115 0.2055 0.2055 0.207 0.207 0.207 0.2115 0.2115 0.201 0.201 0.204 0.204 0.205 0.205 0.205 0.1995 0.1995 0.198 0.198 0.185 0.185 0.185 0.1805 0.1805 0.19 0.19 0.179 0.179 0.179 0.162 0.162 0.196 0.196 0.171 0.171 0.171 0.1695 0.1695 0.1585 0.1585 0.177 0.177 0.177 0.128 0.128 0.1355 0.1355 0.1485 0.1485 0.1715 0.1715 0.1715 0.2075 0.2075 0.218 0.218 0.2325 0.2325 0.2325 0.2325 0.2325 0.226 0.226 0.223 0.223 0.223 0.1775 0.1775 0.161 0.161 0.1585 0.1585 0.1585 0.1145
0.214 0.214 0.2 0.2 0.209 0.209 0.2125 0.2125 0.2125 0.2115 0.2115 0.196 0.196 0.1965 0.1965 0.1995 0.1995 0.1995 0.166 0.166 0.197 0.197 0.207 0.207 0.207 0.2045 0.2045 0.214 0.214 0.2105 0.2105 0.2105 0.2165 0.2165 0.2085 0.2085 0.183 0.183 0.183 0.16 0.16 0.1465 0.1465 0.1685 0.1685 0.1685 0.176 0.176 0.122 0.122 0.1075 0.1075 0.095 0.095 0.095 0.118 0.118 0.1975 0.1975 0.2235 0.2235 0.2235 0.235 0.235 0.2295 0.2295 0.2405 0.2405 0.2405 0.221 0.221 0.2055 0.2055 0.16 0.16 0.16 0.1315
0.214 0.214 0.2 0.2 0.209 0.209 0.2125 0.2125 0.2125 0.2115 0.2115 0.196 0.196 0.1965 0.1965 0.1995 0.1995 0.1995 0.166 0.166 0.197 0.197 0.207 0.207 0.207 0.2045 0.2045 0.214 0.214 0.2105 0.2105 0.2105 0.2165 0.2165 0.2085 0.2085 0.183 0.183 0.183 0.16 0.16 0.1465 0.1465 0.1685 0.1685 0.1685 0.176 0.176 0.122 0.122 0.1075 0.1075 0.095 0.095 0.095 0.118 0.118 0.1975 0.1975 0.2235 0.2235 0.2235 0.235 0.235 0.2295 0.2295 0.2405 0.2405 0.2405 0.221 0.221 0.2055 0.2055 0.16 0.16 0.16 0.1315
0.2425 0.2425 0.2285 0.2285 0.264 0.264 0.257 0.257 0.257 0.2395 0.2395 0.241 0.241 0.2085 0.2085 0.1785 0.1785 0.1785 0.158 0.158 0.1905 0.1905 0.204 0.204 0.204 0.2225 0.2225 0.211 0.211 0.215 0.215 0.215 0.208 0.208 0.2025 0.2025 0.1975 0.1975 0.1975 0.174 0.174 0.143 0.143 0.165 0.165 0.165 0.148 0.148 0.112 0.112 0.1085 0.1085 0.1135 0.1135 0.1135 0.157 0.157 0.181 0.181 0.2225 0.2225 0.2225 0.222 0.222 0.2195 0.2195 0.22 0.22 0.22 0.198 0.198 0.207 0.207 0.1615 0.1615 0.1615 0.124
0.2425 0.2425 0.2285 0.2285 0.264 0.264 0.257 0.257 0.257 0.2395 0.2395 0.241 0.241 0.2085 0.2085 0.1785 0.1785 0.1785 0.158 0.158 0.1905 0.1905 0.204 0.204 0.204 0.2225 0.2225 0.211 0.211 0.215 0.215 0.215 0.208 0.208 0.2025 0.2025 0.1975 0.1975 0.1975 0.174 0.174 0.143 0.143 0.165 0.165 0.165 0.148 0.148 0.112 0.112 0.1085 0.1085 0.1135 0.1135 0.1135 0.157 0.157 0.181 0.181 0.2225 0.2225 0.2225 0.222 0.222 0.2195 0.2195 0.22 0.22 0.22 0.198 0.198 0.207 0.207 0.1615 0.1615 0.1615 0.124
0.2195 0.2195 0.2305 0.2305 0.2285 0.2285 0.2775 0.2775 0.2775 0.2445 0.2445 0.2405 0.2405 0.233 0.233 0.213 0.213 0.213 0.206 0.206 0.2395 0.2395 0.2165 0.2165 0.2165 0.229 0.229 0.226 0.226 0.1985 0.1985 0.1985 0.2065 0.2065 0.2135 0.2135 0.205 0.205 0.205 0.193 0.193 0.1695 0.1695 0.135 0.135 0.135 0.137 0.137 0.111 0.111 0.1095 0.1095 0.143 0.143 0.143 0.154 0.154 0.1885 0.1885 0.233 0.233 0.233 0.227 0.227 0.223 0.223 0.2165 0.2165 0.2165 0.2105 0.2105 0.209 0.209 0.1705 0.1705 0.1705 0.136
0.2195 0.2195 0.2305 0.2305 0.2285 0.2285 0.2775 0.2775 0.2775 0.2445 0.2445 0.2405 0.2405 0.233 0.233 0.213 0.213 0.213 0.206 0.206 0.2395 0.2395 0.2165 0.2165 0.2165 0.229 0.229 0.226 0.226 0.1985 0.1985 0.1985 0.2065 0.2065 0.2135 0.2135 0.205 0.205 0.205 0.193 0.193 0.1695 0.1695 0.135 0.135 0.135 0.137 0.137 0.111 0.111 0.1095 0.1095 0.143 0.143 0.143 0.154 0.154 0.1885 0.1885 0.233 0.233 0.233 0.227 0.227 0.223 0.223 0.2165 0.2165 0.2165 0.2105 0.2105 0.209 0.209 0.1705 0.1705 0.1705 0.136
0.2195 0.2195 0.2305 0.2305 0.2285 0.2285 0.2775 0.2775 0.2775 0.2445 0.2445 0.2405 0.2405 0.233 0.233 0.213 0.213 0.213 0.206 0.206 0.2395 0.2395 0.2165 0.2165 0.2165 0.229 0.229 0.226 0.226 0.1985 0.1985 0.1985 0.2065 0.2065 0.2135 0.2135 0.205 0.205 0.205 0.193 0.193 0.1695 0.1695 0.135 0.135 0.135 0.137 0.137 0.111 0.111 0.1095 0.1095 0.143 0.143 0.143 0.154 0.154 0.1885 0.1885 0.233 0.233 0.233 0.227 0.227 0.223 0.223 0.2165 0.2165 0.2165 0.2105 0.2105 0.209 0.209 0.1705 0.1705 0.1705 0.136
0.1995 0.1995 0.2125 0.2125 0.1955 0.1955 0.244 0.244 0.244 0.197 0.197 0.2135 0.2135 0.215 0.215 0.2175 0.2175 0.2175 0.258 0.258 0.239 0.239 0.264 0.264 0.264 0.244 0.244 0.225 0.225 0.217 0.217 0.217 0.2155 0.2155 0.196 0.196 0.1915 0.1915 0.1915 0.1925 0.1925 0.185 0.185 0.1755 0.1755 0.1755 0.1335 0.1335 0.1545 0.1545 0.1495 0.1495 0.18 0.18 0.18 0.1865 0.1865 0.1725 0.1725 0.2055 0.2055 0.2055 0.2195 0.2195 0.228 0.228 0.2075 0.2075 0.2075 0.2175 0.2175 0.1985 0.1985 0.173 0.173 0.173 0.128
0.1995 0.1995 0.2125 0.2125 0.1955 0.1955 0.244 0.244 0.244 0.197 0.197 0.2135 0.2135 0.215 0.215 0.2175 0.2175 0.2175 0.258 0.258 0.239 0.239 0.264 0.264 0.264 0.244 0.244 0.225 0.225 0.217 0.217 0.217 0.2155 0.2155 0.196 0.196 0.1915 0.1915 0.1915 0.1925 0.1925 0.185 0.185 0.1755 0.1755 0.1755 0.1335 0.1335 0.1545 0.1545 0.1495 0.1495 0.18 0.18 0.18 0.1865 0.1865 0.1725 0.1725 0.2055 0.2055 0.2055 0.2195 0.2195 0.228 0.228 0.2075 0.2075 0.2075 0.2175 0.2175 0.1985 0.1985 0.173 0.173 0.173 0.128
0.2005 0.2005 0.2015 0.2015 0.1955 0.1955 0.2 0.2 0.2 0.205 0.205 0.218 0.218 0.21 0.21 0.224 0.224 0.224 0.23 0.23 0.2165 0.2165 0.215 0.215 0.215 0.258 0.258 0.2315 0.2315 0.217 0.217 0.217 0.1945 0.1945 0.1925 0.1925 0.206 0.206 0.206 0.2105 0.2105 0.202 0.202 0.1835 0.1835 0.1835 0.155 0.155 0.1535 0.1535 0.159 0.159 0.172 0.172 0.172 0.178 0.178 0.1725 0.1725 0.201 0.201 0.201 0.2245 0.2245 0.2295 0.2295 0.22 0.22 0.22 0.218 0.218 0.2135 0.2135 0.1985 0.1985 0.1985 0.148
