ndvi/NOAA-320.asc
ncols         252
nrows         154
xllcorner     -18.017974
yllcorner     13.481982
cellsize      0.035948
NODATA_value  -9999
[rows 34 to 67 of 154, columns 77 to 153 of 252]
0.168 0.168 0.1455 0.1455 0.1295 0.1295 0.1325 0.1325 0.1325 0.1335 0.1335 0.129 0.129 0.138 0.138 0.1525 0.1525 0.1525 0.169 0.169 0.176 0.176 0.1685 0.1685 0.1685 0.148 0.148 0.1495 0.1495 0.158 0.158 0.158 0.17 0.17 0.164 0.164 0.1575 0.1575 0.1575 0.16 0.16 0.158 0.158 0.172 0.172 0.172 0.1525 0.1525 0.156 0.156 0.151 0.151 0.1435 0.1435 0.1435 0.1435 0.1435 0.1385 0.1385 0.137 0.137 0.137 0.132 0.132 0.1835 0.1835 0.1675 0.1675 0.1675 0.152 0.152 0.14 0.14 0.159 0.159 0.159 0.138
0.168 0.168 0.1455 0.1455 0.1295 0.1295 0.1325 0.1325 0.1325 0.1335 0.1335 0.129 0.129 0.138 0.138 0.1525 0.1525 0.1525 0.169 0.169 0.176 0.176 0.1685 0.1685 0.1685 0.148 0.148 0.1495 0.1495 0.158 0.158 0.158 0.17 0.17 0.164 0.164 0.1575 0.1575 0.1575 0.16 0.16 0.158 0.158 0.172 0.172 0.172 0.1525 0.1525 0.156 0.156 0.151 0.151 0.1435 0.1435 0.1435 0.1435 0.1435 0.1385 0.1385 0.137 0.137 0.137 0.132 0.132 0.1835 0.1835 0.1675 0.1675 0.1675 0.152 0.152 0.14 0.14 0.159 0.159 0.159 0.138
0.168 0.168 0.1455 0.1455 0.1295 0.1295 0.1325 0.1325 0.1325 0.1335 0.1335 0.129 0.129 0.138 0.138 0.1525 0.1525 0.1525 0.169 0.169 0.176 0.176 0.1685 0.1685 0.1685 0.148 0.148 0.1495 0.1495 0.158 0.158 0.158 0.17 0.17 0.164 0.164 0.1575 0.1575 0.1575 0.16 0.16 0.158 0.158 0.172 0.172 0.172 0.1525 0.1525 0.156 0.156 0.151 0.151 0.1435 0.1435 0.1435 0.1435 0.1435 0.1385 0.1385 0.137 0.137 0.137 0.132 0.132 0.1835 0.1835 0.1675 0.1675 0.1675 0.152 0.152 0.14 0.14 0.159 0.159 0.159 0.138
0.175 0.175 0.174 0.174 0.159 0.159 0.168 0.168 0.168 0.18 0.18 0.186 0.186 0.154 0.154 0.1585 0.1585 0.1585 0.1615 0.1615 0.1625 0.1625 0.1645 0.1645 0.1645 0.1725 0.1725 0.175 0.175 0.1875 0.1875 0.1875 0.208 0.208 0.1785 0.1785 0.1525 0.1525 0.1525 0.157 0.157 0.1775 0.1775 0.181 0.181 0.181 0.19 0.19 0.1705 0.1705 0.1675 0.1675 0.161 0.161 0.161 0.153 0.153 0.149 0.149 0.1435 0.1435 0.1435 0.1425 0.1425 0.192 0.192 0.1815 0.1815 0.1815 0.1605 0.1605 0.101 0.101 0.137 0.137 0.137 0.1305
0.175 0.175 0.174 0.174 0.159 0.159 0.168 0.168 0.168 0.18 0.18 0.186 0.186 0.154 0.154 0.1585 0.1585 0.1585 0.1615 0.1615 0.1625 0.1625 0.1645 0.1645 0.1645 0.1725 0.1725 0.175 0.175 0.1875 0.1875 0.1875 0.208 0.208 0.1785 0.1785 0.1525 0.1525 0.1525 0.157 0.157 0.1775 0.1775 0.181 0.181 0.181 0.19 0.19 0.1705 0.1705 0.1675 0.1675 0.161 0.161 0.161 0.153 0.153 0.149 0.149 0.1435 0.1435 0.1435 0.1425 0.1425 0.192 0.192 0.1815 0.1815 0.1815 0.1605 0.1605 0.101 0.101 0.137 0.137 0.137 0.1305
0.1895 0.1895 0.1845 0.1845 0.175 0.175 0.204 0.204 0.204 0.206 0.206 0.2215 0.2215 0.193 0.193 0.14 0.14 0.14 0.1845 0.1845 0.2035 0.2035 0.193 0.193 0.193 0.193 0.193 0.202 0.202 0.184 0.184 0.184 0.2225 0.2225 0.204 0.204 0.167 0.167 0.167 0.1785 0.1785 0.1775 0.1775 0.212 0.212 0.212 0.183 0.183 0.1675 0.1675 0.175 0.175 0.2455 0.2455 0.2455 0.199 0.199 0.241 0.241 0.214 0.214 0.214 0.201 0.201 0.165 0.165 0.1535 0.1535 0.1535 0.139 0.139 0.1365 0.1365 0.153 0.153 0.153 0.173
0.1895 0.1895 0.1845 0.1845 0.175 0.175 0.204 0.204 0.204 0.206 0.206 0.2215 0.2215 0.193 0.193 0.14 0.14 0.14 0.1845 0.1845 0.2035 0.2035 0.193 0.193 0.193 0.193 0.193 0.202 0.202 0.184 0.184 0.184 0.2225 0.2225 0.204 0.204 0.167 0.167 0.167 0.1785 0.1785 0.1775 0.1775 0.212 0.212 0.212 0.183 0.183 0.1675 0.1675 0.175 0.175 0.2455 0.2455 0.2455 0.199 0.199 0.241 0.241 0.214 0.214 0.214 0.201 0.201 0.165 0.165 0.1535 0.1535 0.1535 0.139 0.139 0.1365 0.1365 0.153 0.153 0.153 0.173
0.2105 0.2105 0.1895 0.1895 0.183 0.183 0.196 0.196 0.196 0.207 0.207 0.1905 0.1905 0.1915 0.1915 0.2615 0.2615 0.2615 0.1935 0.1935 0.201 0.201 0.2015 0.2015 0.2015 0.2235 0.2235 0.247 0.247 0.2435 0.2435 0.2435 0.241 0.241 0.2235 0.2235 0.199 0.199 0.199 0.199 0.199 0.222 0.222 0.234 0.234 0.234 0.1835 0.1835 0.196 0.196 0.202 0.202 0.2435 0.2435 0.2435 0.191 0.191 0.261 0.261 0.208 0.208 0.208 0.1825 0.1825 0.19 0.19 0.127 0.127 0.127 0.141 0.141 0.106 0.106 0.131 0.131 0.131 0.1675
0.2105 0.2105 0.1895 0.1895 0.183 0.183 0.196 0.196 0.196 0.207 0.207 0.1905 0.1905 0.1915 0.1915 0.2615 0.2615 0.2615 0.1935 0.1935 0.201 0.201 0.2015 0.2015 0.2015 0.2235 0.2235 0.247 0.247 0.2435 0.2435 0.2435 0.241 0.241 0.2235 0.2235 0.199 0.199 0.199 0.199 0.199 0.222 0.222 0.234 0.234 0.234 0.1835 0.1835 0.196 0.196 0.202 0.202 0.2435 0.2435 0.2435 0.191 0.191 0.261 0.261 0.208 0.208 0.208 0.1825 0.1825 0.19 0.19 0.127 0.127 0.127 0.141 0.141 0.106 0.106 0.131 0.131 0.131 0.1675
0.2105 0.2105 0.1895 0.1895 0.183 0.183 0.196 0.196 0.196 0.207 0.207 0.1905 0.1905 0.1915 0.1915 0.2615 0.2615 0.2615 0.1935 0.1935 0.201 0.201 0.2015 0.2015 0.2015 0.2235 0.2235 0.247 0.247 0.2435 0.2435 0.2435 0.241 0.241 0.2235 0.2235 0.199 0.199 0.199 0.199 0.199 0.222 0.222 0.234 0.234 0.234 0.1835 0.1835 0.196 0.196 0.202 0.202 0.2435 0.2435 0.2435 0.191 0.191 0.261 0.261 0.208 0.208 0.208 0.1825 0.1825 0.19 0.19 0.127 0.127 0.127 0.141 0.141 0.106 0.106 0.131 0.131 0.131 0.1675
0.1985 0.1985 0.184 0.184 0.2065 0.2065 0.2085 0.2085 0.2085 0.2015 0.2015 0.1975 0.1975 0.1995 0.1995 0.2345 0.2345 0.2345 0.2301 0.2301 0.1845 0.1845 0.203 0.203 0.203 0.235 0.235 0.235 0.235 0.2505 0.2505 0.2505 0.254 0.254 0.252 0.252 0.249 0.249 0.249 0.2135 0.2135 0.2345 0.2345 0.224 0.224 0.224 0.2055 0.2055 0.1915 0.1915 0.2135 0.2135 0.201 0.201 0.201 0.21 0.21 0.1865 0.1865 0.1495 0.1495 0.1495 0.162 0.162 0.162 0.162 0.117 0.117 0.117 0.1405 0.1405 0.144 0.144 0.102 0.102 0.102 0.148
0.1985 0.1985 0.184 0.184 0.2065 0.2065 0.2085 0.2085 0.2085 0.2015 0.2015 0.1975 0.1975 0.1995 0.1995 0.2345 0.2345 0.2345 0.2301 0.2301 0.1845 0.1845 0.203 0.203 0.203 0.235 0.235 0.235 0.235 0.2505 0.2505 0.2505 0.254 0.254 0.252 0.252 0.249 0.249 0.249 0.2135 0.2135 0.2345 0.2345 0.224 0.224 0.224 0.2055 0.2055 0.1915 0.1915 0.2135 0.2135 0.201 0.201 0.201 0.21 0.21 0.1865 0.1865 0.1495 0.1495 0.1495 0.162 0.162 0.162 0.162 0.117 0.117 0.117 0.1405 0.1405 0.144 0.144 0.102 0.102 0.102 0.148
0.229 0.229 0.2215 0.2215 0.2335 0.2335 0.2275 0.2275 0.2275 0.21 0.21 0.184 0.184 0.2025 0.2025 0.225 0.225 0.225 0.229 0.229 0.233 0.233 0.2065 0.2065 0.2065 0.2195 0.2195 0.2395 0.2395 0.253 0.253 0.253 0.233 0.233 0.257 0.257 0.235 0.235 0.235 0.217 0.217 0.21 0.21 0.2135 0.2135 0.2135 0.2285 0.2285 0.253 0.253 0.191 0.191 0.21 0.21 0.21 0.171 0.171 0.175 0.175 0.1575 0.1575 0.1575 0.134 0.134 0.132 0.132 0.146 0.146 0.146 0.152 0.152 0.139 0.139 0.0975 0.0975 0.0975 0.142
0.229 0.229 0.2215 0.2215 0.2335 0.2335 0.2275 0.2275 0.2275 0.21 0.21 0.184 0.184 0.2025 0.2025 0.225 0.225 0.225 0.229 0.229 0.233 0.233 0.2065 0.2065 0.2065 0.2195 0.2195 0.2395 0.2395 0.253 0.253 0.253 0.233 0.233 0.257 0.257 0.235 0.235 0.235 0.217 0.217 0.21 0.21 0.2135 0.2135 0.2135 0.2285 0.2285 0.253 0.253 0.191 0.191 0.21 0.21 0.21 0.171 0.171 0.175 0.175 0.1575 0.1575 0.1575 0.134 0.134 0.132 0.132 0.146 0.146 0.146 0.152 0.152 0.139 0.139 0.0975 0.0975 0.0975 0.142
0.2355 0.2355 0.217 0.217 0.199 0.199 0.1735 0.1735 0.1735 0.206 0.206 0.1785 0.1785 0.235 0.235 0.234 0.234 0.234 0.2575 0.2575 0.2985 0.2985 0.2955 0.2955 0.2955 0.2675 0.2675 0.314 0.314 0.309 0.309 0.309 0.307 0.307 0.2845 0.2845 0.247 0.247 0.247 0.2355 0.2355 0.2551 0.2551 0.2095 0.2095 0.2095 0.2611 0.2611 0.234 0.234 0.2175 0.2175 0.213 0.213 0.213 0.1945 0.1945 0.1975 0.1975 0.181 0.181 0.181 0.1955 0.1955 0.171 0.171 0.187 0.187 0.187 0.191 0.191 0.1945 0.1945 0.1715 0.1715 0.1715 0.1585
0.2355 0.2355 0.217 0.217 0.199 0.199 0.1735 0.1735 0.1735 0.206 0.206 0.1785 0.1785 0.235 0.235 0.234 0.234 0.234 0.2575 0.2575 0.2985 0.2985 0.2955 0.2955 0.2955 0.2675 0.2675 0.314 0.314 0.309 0.309 0.309 0.307 0.307 0.2845 0.2845 0.247 0.247 0.247 0.2355 0.2355 0.2551 0.2551 0.2095 0.2095 0.2095 0.2611 0.2611 0.234 0.234 0.2175 0.2175 0.213 0.213 0.213 0.1945 0.1945 0.1975 0.1975 0.181 0.181 0.181 0.1955 0.1955 0.171 0.171 0.187 0.187 0.187 0.191 0.191 0.1945 0.1945 0.1715 0.1715 0.1715 0.1585
0.2355 0.2355 0.217 0.217 0.199 0.199 0.1735 0.1735 0.1735 0.206 0.206 0.1785 0.1785 0.235 0.235 0.234 0.234 0.234 0.2575 0.2575 0.2985 0.2985 0.2955 0.2955 0.2955 0.2675 0.2675 0.314 0.314 0.309 0.309 0.309 0.307 0.307 0.2845 0.2845 0.247 0.247 0.247 0.2355 0.2355 0.2551 0.2551 0.2095 0.2095 0.2095 0.2611 0.2611 0.234 0.234 0.2175 0.2175 0.213 0.213 0.213 0.1945 0.1945 0.1975 0.1975 0.181 0.181 0.181 0.1955 0.1955 0.171 0.171 0.187 0.187 0.187 0.191 0.191 0.1945 0.1945 0.1715 0.1715 0.1715 0.1585
0.2275 0.2275 0.2115 0.2115 0.212 0.212 0.21 0.21 0.21 0.244 0.244 0.247 0.247 0.29 0.29 0.275 0.275 0.275 0.2675 0.2675 0.285 0.285 0.2855 0.2855 0.2855 0.303 0.303 0.274 0.274 0.315 0.315 0.315 0.3251 0.3251 0.275 0.275 0.256 0.256 0.256 0.2125 0.2125 0.225 0.225 0.2365 0.2365 0.2365 0.2256 0.2256 0.1855 0.1855 0.2226 0.2226 0.213 0.213 0.213 0.207 0.207 0.207 0.207 0.1665 0.1665 0.1665 0.2055 0.2055 0.233 0.233 0.2405 0.2405 0.2405 0.232 0.232 0.2565 0.2565 0.2185 0.2185 0.2185 0.1705
0.2275 0.2275 0.2115 0.2115 0.212 0.212 0.21 0.21 0.21 0.244 0.244 0.247 0.247 0.29 0.29 0.275 0.275 0.275 0.2675 0.2675 0.285 0.285 0.2855 0.2855 0.2855 0.303 0.303 0.274 0.274 0.315 0.315 0.315 0.3251 0.3251 0.275 0.275 0.256 0.256 0.256 0.2125 0.2125 0.225 0.225 0.2365 0.2365 0.2365 0.2256 0.2256 0.1855 0.1855 0.2226 0.2226 0.213 0.213 0.213 0.207 0.207 0.207 0.207 0.1665 0.1665 0.1665 0.2055 0.2055 0.233 0.233 0.2405 0.2405 0.2405 0.232 0.232 0.2565 0.2565 0.2185 0.2185 0.2185 0.1705
0.26 0.26 0.2265 0.2265 0.228 0.228 0.245 0.245 0.245 0.2555 0.2555 0.2865 0.2865 0.3035 0.3035 0.327 0.327 0.327 0.305 0.305 0.3105 0.3105 0.292 0.292 0.292 0.277 0.277 0.26 0.26 0.2785 0.2785 0.2785 0.2405 0.2405 0.254 0.254 0.2731 0.2731 0.2731 0.2546 0.2546 0.226 0.226 0.235 0.235 0.235 0.213 0.213 0.1695 0.1695 0.202 0.202 0.231 0.231 0.231 0.225 0.225 0.242 0.242 0.2375 0.2375 0.2375 0.273 0.273 0.271 0.271 0.254 0.254 0.254 0.2825 0.2825 0.2685 0.2685 0.23 0.23 0.23 0.171
0.26 0.26 0.2265 0.2265 0.228 0.228 0.245 0.245 0.245 0.2555 0.2555 0.2865 0.2865 0.3035 0.3035 0.327 0.327 0.327 0.305 0.305 0.3105 0.3105 0.292 0.292 0.292 0.277 0.277 0.26 0.26 0.2785 0.2785 0.2785 0.2405 0.2405 0.254 0.254 0.2731 0.2731 0.2731 0.2546 0.2546 0.226 0.226 0.235 0.235 0.235 0.213 0.213 0.1695 0.1695 0.202 0.202 0.231 0.231 0.231 0.225 0.225 0.242 0.242 0.2375 0.2375 0.2375 0.273 0.273 0.271 0.271 0.254 0.254 0.254 0.2825 0.2825 0.2685 0.2685 0.23 0.23 0.23 0.171
0.242 0.242 0.261 0.261 0.263 0.263 0.2855 0.2855 0.2855 0.299 0.299 0.2945 0.2945 0.296 0.296 0.3115 0.3115 0.3115 0.31 0.31 0.301 0.301 0.303 0.303 0.303 0.294 0.294 0.285 0.285 0.238 0.238 0.238 0.2605 0.2605 0.2326 0.2326 0.2565 0.2565 0.2565 0.2305 0.2305 0.226 0.226 0.208 0.208 0.208 0.208 0.208 0.2041 0.2041 0.2396 0.2396 0.2276 0.2276 0.2276 0.214 0.214 0.227 0.227 0.2875 0.2875 0.2875 0.3 0.3 0.2805 0.2805 0.2605 0.2605 0.2605 0.247 0.247 0.224 0.224 0.1795 0.1795 0.1795 0.156
0.242 0.242 0.261 0.261 0.263 0.263 0.2855 0.2855 0.2855 0.299 0.299 0.2945 0.2945 0.296 0.296 0.3115 0.3115 0.3115 0.31 0.31 0.301 0.301 0.303 0.303 0.303 0.294 0.294 0.285 0.285 0.238 0.238 0.238 0.2605 0.2605 0.2326 0.2326 0.2565 0.2565 0.2565 0.2305 0.2305 0.226 0.226 0.208 0.208 0.208 0.208 0.208 0.2041 0.2041 0.2396 0.2396 0.2276 0.2276 0.2276 0.214 0.214 0.227 0.227 0.2875 0.2875 0.2875 0.3 0.3 0.2805 0.2805 0.2605 0.2605 0.2605 0.247 0.247 0.224 0.224 0.1795 0.1795 0.1795 0.156
0.2345 0.2345 0.247 0.247 0.283 0.283 0.3025 0.3025 0.3025 0.315 0.315 0.311 0.311 0.3 0.3 0.3125 0.3125 0.3125 0.3095 0.3095 0.318 0.318 0.3275 0.3275 0.3275 0.3235 0.3235 0.3085 0.3085 0.266 0.266 0.266 0.2365 0.2365 0.2505 0.2505 0.258 0.258 0.258 0.256 0.256 0.2015 0.2015 0.2305 0.2305 0.2305 0.184 0.184 0.2095 0.2095 0.161 0.161 0.193 0.193 0.193 0.181 0.181 0.2385 0.2385 0.289 0.289 0.289 0.2845 0.2845 0.2905 0.2905 0.2325 0.2325 0.2325 0.2205 0.2205 0.216 0.216 0.1515 0.1515 0.1515 0.1075
0.2345 0.2345 0.247 0.247 0.283 0.283 0.3025 0.3025 0.3025 0.315 0.315 0.311 0.311 0.3 0.3 0.3125 0.3125 0.3125 0.3095 0.3095 0.318 0.318 0.3275 0.3275 0.3275 0.3235 0.3235 0.3085 0.3085 0.266 0.266 0.266 0.2365 0.2365 0.2505 0.2505 0.258 0.258 0.258 0.256 0.256 0.2015 0.2015 0.2305 0.2305 0.2305 0.184 0.184 0.2095 0.2095 0.161 0.161 0.193 0.193 0.193 0.181 0.181 0.2385 0.2385 0.289 0.289 0.289 0.2845 0.2845 0.2905 0.2905 0.2325 0.2325 0.2325 0.2205 0.2205 0.216 0.216 0.1515 0.1515 0.1515 0.1075
0.2345 0.2345 0.247 0.247 0.283 0.283 0.3025 0.3025 0.3025 0.315 0.315 0.311 0.311 0.3 0.3 0.3125 0.3125 0.3125 0.3095 0.3095 0.318 0.318 0.3275 0.3275 0.3275 0.3235 0.3235 0.3085 0.3085 0.266 0.266 0.266 0.2365 0.2365 0.2505 0.2505 0.258 0.258 0.258 0.256 0.256 0.2015 0.2015 0.2305 0.2305 0.2305 0.184 0.184 0.2095 0.2095 0.161 0.161 0.193 0.193 0.193 0.181 0.181 0.2385 0.2385 0.289 0.289 0.289 0.2845 0.2845 0.2905 0.2905 0.2325 0.2325 0.2325 0.2205 0.2205 0.216 0.216 0.1515 0.1515 0.1515 0.1075
0.2525 0.2525 0.2525 0.2525 0.272 0.272 0.2875 0.2875 0.2875 0.292 0.292 0.283 0.283 0.2795 0.2795 0.3145 0.3145 0.3145 0.195 0.195 0.26 0.26 0.2945 0.2945 0.2945 0.306 0.306 0.3025 0.3025 0.3025 0.3025 0.3025 0.2935 0.2935 0.266 0.266 0.3015 0.3015 0.3015 0.258 0.258 0.229 0.229 0.221 0.221 0.221 0.1895 0.1895 0.135 0.135 0.13 0.13 0.126 0.126 0.126 0.1555 0.1555 0.227 0.227 0.2585 0.2585 0.2585 0.2745 0.2745 0.27 0.27 0.2635 0.2635 0.2635 0.2465 0.2465 0.2385 0.2385 0.1775 0.1775 0.1775 0.1485
0.2525 0.2525 0.2525 0.2525 0.272 0.272 0.2875 0.2875 0.2875 0.292 0.292 0.283 0.283 0.2795 0.2795 0.3145 0.3145 0.3145 0.195 0.195 0.26 0.26 0.2945 0.2945 0.2945 0.306 0.306 0.3025 0.3025 0.3025 0.3025 0.3025 0.2935 0.2935 0.266 0.266 0.3015 0.3015 0.3015 0.258 0.258 0.229 0.229 0.221 0.221 0.221 0.1895 0.1895 0.135 0.135 0.13 0.13 0.126 0.126 0.126 0.1555 0.1555 0.227 0.227 0.2585 0.2585 0.2585 0.2745 0.2745 0.27 0.27 0.2635 0.2635 0.2635 0.2465 0.2465 0.2385 0.2385 0.1775 0.1775 0.1775 0.1485
0.2195 0.2195 0.2235 0.2235 0.222 0.222 0.2225 0.2225 0.2225 0.231 0.231 0.2225 0.2225 0.2235 0.2235 0.203 0.203 0.203 0.1985 0.1985 0.2495 0.2495 0.2475 0.2475 0.2475 0.2885 0.2885 0.2895 0.2895 0.324 0.324 0.324 0.338 0.338 0.302 0.302 0.281 0.281 0.281 0.272 0.272 0.1945 0.1945 0.206 0.206 0.206 0.1705 0.1705 0.136 0.136 0.1655 0.1655 0.158 0.158 0.158 0.199 0.199 0.219 0.219 0.298 0.298 0.298 0.324 0.324 0.282 0.282 0.298 0.298 0.298 0.263 0.263 0.2445 0.2445 0.1765 0.1765 0.1765 0.1665
0.2195 0.2195 0.2235 0.2235 0.222 0.222 0.2225 0.2225 0.2225 0.231 0.231 0.2225 0.2225 0.2235 0.2235 0.203 0.203 0.203 0.1985 0.1985 0.2495 0.2495 0.2475 0.2475 0.2475 0.2885 0.2885 0.2895 0.2895 0.324 0.324 0.324 0.338 0.338 0.302 0.302 0.281 0.281 0.281 0.272 0.272 0.1945 0.1945 0.206 0.206 0.206 0.1705 0.1705 0.136 0.136 0.1655 0.1655 0.158 0.158 0.158 0.199 0.199 0.219 0.219 0.298 0.298 0.298 0.324 0.324 0.282 0.282 0.298 0.298 0.298 0.263 0.263 0.2445 0.2445 0.1765 0.1765 0.1765 0.1665
0.263 0.263 0.2395 0.2395 0.252 0.252 0.2815 0.2815 0.2815 0.241 0.241 0.245 0.245 0.245 0.245 0.221 0.221 0.221 0.239 0.239 0.235 0.235 0.224 0.224 0.224 0.266 0.266 0.2795 0.2795 0.2995 0.2995 0.2995 0.3395 0.3395 0.307 0.307 0.2845 0.2845 0.2845 0.2635 0.2635 0.265 0.265 0.226 0.226 0.226 0.1535 0.1535 0.1525 0.1525 0.1795 0.1795 0.2025 0.2025 0.2025 0.2125 0.2125 0.2675 0.2675 0.321 0.321 0.321 0.336 0.336 0.302 0.302 0.334 0.334 0.334 0.29 0.29 0.2405 0.2405 0.24 0.24 0.24 0.191
0.263 0.263 0.2395 0.2395 0.252 0.252 0.2815 0.2815 0.2815 0.241 0.241 0.245 0.245 0.245 0.245 0.221 0.221 0.221 0.239 0.239 0.235 0.235 0.224 0.224 0.224 0.266 0.266 0.2795 0.2795 0.2995 0.2995 0.2995 0.3395 0.3395 0.307 0.307 0.2845 0.2845 0.2845 0.2635 0.2635 0.265 0.265 0.226 0.226 0.226 0.1535 0.1535 0.1525 0.1525 0.1795 0.1795 0.2025 0.2025 0.2025 0.2125 0.2125 0.2675 0.2675 0.321 0.321 0.321 0.336 0.336 0.302 0.302 0.334 0.334 0.334 0.29 0.29 0.2405 0.2405 0.24 0.24 0.24 0.191
0.263 0.263 0.2395 0.2395 0.252 0.252 0.2815 0.2815 0.2815 0.241 0.241 0.245 0.245 0.245 0.245 0.221 0.221 0.221 0.239 0.239 0.235 0.235 0.224 0.224 0.224 0.266 0.266 0.2795 0.2795 0.2995 0.2995 0.2995 0.3395 0.3395 0.307 0.307 0.2845 0.2845 0.2845 0.2635 0.2635 0.265 0.265 0.226 0.226 0.226 0.1535 0.1535 0.1525 0.1525 0.1795 0.1795 0.2025 0.2025 0.2025 0.2125 0.2125 0.2675 0.2675 0.321 0.321 0.321 0.336 0.336 0.302 0.302 0.334 0.334 0.334 0.29 0.29 0.2405 0.2405 0.24 0.24 0.24 0.191
0.2245 0.2245 0.2545 0.2545 0.278 0.278 0.3055 0.3055 0.3055 0.347 0.347 0.3635 0.3635 0.3245 0.3245 0.2985 0.2985 0.2985 0.281 0.281 0.2711 0.2711 0.264 0.264 0.264 0.238 0.238 0.2485 0.2485 0.2795 0.2795 0.2795 0.3085 0.3085 0.303 0.303 0.315 0.315 0.315 0.3085 0.3085 0.317 0.317 0.242 0.242 0.242 0.19 0.19 0.2075 0.2075 0.234 0.234 0.2645 0.2645 0.2645 0.2445 0.2445 0.262 0.262 0.327 0.327 0.327 0.333 0.333 0.323 0.323 0.2845 0.2845 0.2845 0.293 0.293 0.271 0.271 0.206 0.206 0.206 0.1765
