ndvi/NOAA-303.asc
ncols         252
nrows         154
xllcorner     -18.017974
yllcorner     13.481982
cellsize      0.035948
NODATA_value  -9999
[rows 102 to 135 of 154, columns 0 to 77 of 252]
-1 -1 -1 -1 -1 -1 -1 -1 -1 -1 -1 -1 -1 -1 -1 -1 -1 -1 -1 -1 -1 -1 -1 -1 -1 0.0507 0.0507 0.0507 0.1785 0.1785 0.286 0.286 0.286 0.286 0.286 0.274 0.274 0.2525 0.2525 0.258 0.258 0.258 0.2485 0.2485 0.253 0.253 0.2455 0.2455 0.2455 0.2575 0.2575 0.2605 0.2605 0.277 0.277 0.2635 0.2635 0.2635 0.2585 0.2585 0.2625 0.2625 0.2625 0.2625 0.2625 0.2525 0.2525 0.2585 0.2585 0.233 0.233 0.233 0.228 0.228 0.221 0.221 0.237 0.237
-1 -1 -1 -1 -1 -1 -1 -1 -1 -1 -1 -1 -1 -1 -1 -1 -1 -1 -1 -1 -1 -1 -1 -0.0083 -0.0083 0.231 0.231 0.231 0.2825 0.2825 0.28 0.28 0.2635 0.2635 0.2635 0.252 0.252 0.256 0.256 0.269 0.269 0.269 0.261 0.261 0.258 0.258 0.248 0.248 0.248 0.255 0.255 0.2585 0.2585 0.2485 0.2485 0.2495 0.2495 0.2495 0.25 0.25 0.2485 0.2485 0.2485 0.2485 0.2485 0.251 0.251 0.2365 0.2365 0.235 0.235 0.235 0.229 0.229 0.25 0.25 0.2245 0.2245
-1 -1 -1 -1 -1 -1 -1 -1 -1 -1 -1 -1 -1 -1 -1 -1 -1 -1 -1 -1 -1 -1 -1 -0.0083 -0.0083 0.231 0.231 0.231 0.2825 0.2825 0.28 0.28 0.2635 0.2635 0.2635 0.252 0.252 0.256 0.256 0.269 0.269 0.269 0.261 0.261 0.258 0.258 0.248 0.248 0.248 0.255 0.255 0.2585 0.2585 0.2485 0.2485 0.2495 0.2495 0.2495 0.25 0.25 0.2485 0.2485 0.2485 0.2485 0.2485 0.251 0.251 0.2365 0.2365 0.235 0.235 0.235 0.229 0.229 0.25 0.25 0.2245 0.2245
-1 -1 -1 -1 -1 -1 -1 -1 -1 -1 -1 -1 -1 -1 -1 -1 -1 -1 -1 -1 -1 -1 -1 -0.0083 -0.0083 0.231 0.231 0.231 0.2825 0.2825 0.28 0.28 0.2635 0.2635 0.2635 0.252 0.252 0.256 0.256 0.269 0.269 0.269 0.261 0.261 0.258 0.258 0.248 0.248 0.248 0.255 0.255 0.2585 0.2585 0.2485 0.2485 0.2495 0.2495 0.2495 0.25 0.25 0.2485 0.2485 0.2485 0.2485 0.2485 0.251 0.251 0.2365 0.2365 0.235 0.235 0.235 0.229 0.229 0.25 0.25 0.2245 0.2245
-1 -1 -1 -1 -1 -1 -1 -1 -1 -1 -1 -1 -1 -1 -1 -1 -1 -1 -1 -1 -1 0.0102 0.0102 0.144 0.144 0.293 0.293 0.293 0.327 0.327 0.2745 0.2745 0.2725 0.2725 0.2725 0.2685 0.2685 0.278 0.278 0.2715 0.2715 0.2715 0.2655 0.2655 0.2845 0.2845 0.2445 0.2445 0.2445 0.241 0.241 0.244 0.244 0.247 0.247 0.2585 0.2585 0.2585 0.2425 0.2425 0.246 0.246 0.246 0.246 0.246 0.2695 0.2695 0.2645 0.2645 0.252 0.252 0.252 0.2365 0.2365 0.233 0.233 0.228 0.228
-1 -1 -1 -1 -1 -1 -1 -1 -1 -1 -1 -1 -1 -1 -1 -1 -1 -1 -1 -1 -1 0.0102 0.0102 0.144 0.144 0.293 0.293 0.293 0.327 0.327 0.2745 0.2745 0.2725 0.2725 0.2725 0.2685 0.2685 0.278 0.278 0.2715 0.2715 0.2715 0.2655 0.2655 0.2845 0.2845 0.2445 0.2445 0.2445 0.241 0.241 0.244 0.244 0.247 0.247 0.2585 0.2585 0.2585 0.2425 0.2425 0.246 0.246 0.246 0.246 0.246 0.2695 0.2695 0.2645 0.2645 0.252 0.252 0.252 0.2365 0.2365 0.233 0.233 0.228 0.228
-1 -1 -1 -1 -1 -1 -1 -1 -1 -1 -1 -1 -1 -1 -1 -1 -1 -1 -1 -1 -1 0.0835 0.0835 0.3115 0.3115 0.257 0.257 0.257 0.274 0.274 0.2575 0.2575 0.2555 0.2555 0.2555 0.265 0.265 0.2705 0.2705 0.2765 0.2765 0.2765 0.2655 0.2655 0.258 0.258 0.2615 0.2615 0.2615 0.248 0.248 0.2525 0.2525 0.2355 0.2355 0.2465 0.2465 0.2465 0.233 0.233 0.255 0.255 0.255 0.255 0.255 0.2395 0.2395 0.2595 0.2595 0.251 0.251 0.251 0.2475 0.2475 0.243 0.243 0.236 0.236
-1 -1 -1 -1 -1 -1 -1 -1 -1 -1 -1 -1 -1 -1 -1 -1 -1 -1 -1 -1 -1 0.0835 0.0835 0.3115 0.3115 0.257 0.257 0.257 0.274 0.274 0.2575 0.2575 0.2555 0.2555 0.2555 0.265 0.265 0.2705 0.2705 0.2765 0.2765 0.2765 0.2655 0.2655 0.258 0.258 0.2615 0.2615 0.2615 0.248 0.248 0.2525 0.2525 0.2355 0.2355 0.2465 0.2465 0.2465 0.233 0.233 0.255 0.255 0.255 0.255 0.255 0.2395 0.2395 0.2595 0.2595 0.251 0.251 0.251 0.2475 0.2475 0.243 0.243 0.236 0.236
-1 -1 -1 -1 -1 -1 -1 -1 -1 -1 -1 -1 -1 -1 -1 -1 -1 -1 0.0937 0.0937 0.0937 0.313 0.313 0.306 0.306 0.3175 0.3175 0.3175 0.2685 0.2685 0.2775 0.2775 0.272 0.272 0.272 0.2695 0.2695 0.267 0.267 0.27 0.27 0.27 0.271 0.271 0.262 0.262 0.2555 0.2555 0.2555 0.2545 0.2545 0.2525 0.2525 0.2475 0.2475 0.2415 0.2415 0.2415 0.239 0.239 0.2495 0.2495 0.2495 0.2495 0.2495 0.2455 0.2455 0.244 0.244 0.257 0.257 0.257 0.2565 0.2565 0.258 0.258 0.2475 0.2475
-1 -1 -1 -1 -1 -1 -1 -1 -1 -1 -1 -1 -1 -1 -1 -1 -1 -1 0.0937 0.0937 0.0937 0.313 0.313 0.306 0.306 0.3175 0.3175 0.3175 0.2685 0.2685 0.2775 0.2775 0.272 0.272 0.272 0.2695 0.2695 0.267 0.267 0.27 0.27 0.27 0.271 0.271 0.262 0.262 0.2555 0.2555 0.2555 0.2545 0.2545 0.2525 0.2525 0.2475 0.2475 0.2415 0.2415 0.2415 0.239 0.239 0.2495 0.2495 0.2495 0.2495 0.2495 0.2455 0.2455 0.244 0.244 0.257 0.257 0.257 0.2565 0.2565 0.258 0.258 0.2475 0.2475
-1 -1 -1 -1 -1 -1 -1 -1 -1 -1 -1 -1 -1 -1 -1 -1 -1 -1 0.0937 0.0937 0.0937 0.313 0.313 0.306 0.306 0.3175 0.3175 0.3175 0.2685 0.2685 0.2775 0.2775 0.272 0.272 0.272 0.2695 0.2695 0.267 0.267 0.27 0.27 0.27 0.271 0.271 0.262 0.262 0.2555 0.2555 0.2555 0.2545 0.2545 0.2525 0.2525 0.2475 0.2475 0.2415 0.2415 0.2415 0.239 0.239 0.2495 0.2495 0.2495 0.2495 0.2495 0.2455 0.2455 0.244 0.244 0.257 0.257 0.257 0.2565 0.2565 0.258 0.258 0.2475 0.2475
-1 -1 -1 -1 -1 -1 -1 -1 -1 -1 -1 -1 -1 -1 -1 -1 0.2232 0.2232 0.342 0.342 0.342 0.342 0.342 0.308 0.308 0.284 0.284 0.284 0.2795 0.2795 0.2765 0.2765 0.2715 0.2715 0.2715 0.278 0.278 0.2765 0.2765 0.2695 0.2695 0.2695 0.2585 0.2585 0.2615 0.2615 0.2495 0.2495 0.2495 0.2475 0.2475 0.2545 0.2545 0.233 0.233 0.231 0.231 0.231 0.2515 0.2515 0.259 0.259 0.259 0.259 0.259 0.245 0.245 0.258 0.258 0.2575 0.2575 0.2575 0.2545 0.2545 0.2765 0.2765 0.24 0.24
-1 -1 -1 -1 -1 -1 -1 -1 -1 -1 -1 -1 -1 -1 -1 -1 0.2232 0.2232 0.342 0.342 0.342 0.342 0.342 0.308 0.308 0.284 0.284 0.284 0.2795 0.2795 0.2765 0.2765 0.2715 0.2715 0.2715 0.278 0.278 0.2765 0.2765 0.2695 0.2695 0.2695 0.2585 0.2585 0.2615 0.2615 0.2495 0.2495 0.2495 0.2475 0.2475 0.2545 0.2545 0.233 0.233 0.231 0.231 0.231 0.2515 0.2515 0.259 0.259 0.259 0.259 0.259 0.245 0.245 0.258 0.258 0.2575 0.2575 0.2575 0.2545 0.2545 0.2765 0.2765 0.24 0.24
-1 -1 -1 -1 -1 -1 -1 -1 -1 -1 -1 -1 0.1802 0.1802 0.1535 0.1535 0.1845 0.1845 0.301 0.301 0.301 0.2985 0.2985 0.3015 0.3015 0.2935 0.2935 0.2935 0.298 0.298 0.301 0.301 0.2725 0.2725 0.2725 0.263 0.263 0.266 0.266 0.248 0.248 0.248 0.2555 0.2555 0.247 0.247 0.2405 0.2405 0.2405 0.2355 0.2355 0.2355 0.2355 0.2415 0.2415 0.2525 0.2525 0.2525 0.242 0.242 0.263 0.263 0.263 0.263 0.263 0.2515 0.2515 0.237 0.237 0.2525 0.2525 0.2525 0.263 0.263 0.2575 0.2575 0.2525 0.2525
-1 -1 -1 -1 -1 -1 -1 -1 -1 -1 -1 -1 0.1802 0.1802 0.1535 0.1535 0.1845 0.1845 0.301 0.301 0.301 0.2985 0.2985 0.3015 0.3015 0.2935 0.2935 0.2935 0.298 0.298 0.301 0.301 0.2725 0.2725 0.2725 0.263 0.263 0.266 0.266 0.248 0.248 0.248 0.2555 0.2555 0.247 0.247 0.2405 0.2405 0.2405 0.2355 0.2355 0.2355 0.2355 0.2415 0.2415 0.2525 0.2525 0.2525 0.242 0.242 0.263 0.263 0.263 0.263 0.263 0.2515 0.2515 0.237 0.237 0.2525 0.2525 0.2525 0.263 0.263 0.2575 0.2575 0.2525 0.2525
-1 -1 -1 -1 -1 -1 -1 -1 -1 0.1532 0.1532 0.1532 0.1365 0.1365 0.1722 0.1722 0.1442 0.1442 0.1 0.1 0.1 0.292 0.292 0.2795 0.2795 0.3115 0.3115 0.3115 0.3215 0.3215 0.2845 0.2845 0.2785 0.2785 0.2785 0.273 0.273 0.2745 0.2745 0.256 0.256 0.256 0.2465 0.2465 0.24 0.24 0.2365 0.2365 0.2365 0.241 0.241 0.238 0.238 0.2315 0.2315 0.2435 0.2435 0.2435 0.2455 0.2455 0.2585 0.2585 0.2585 0.2585 0.2585 0.2495 0.2495 0.238 0.238 0.254 0.254 0.254 0.244 0.244 0.2495 0.2495 0.237 0.237
-1 -1 -1 -1 -1 -1 -1 -1 -1 0.1532 0.1532 0.1532 0.1365 0.1365 0.1722 0.1722 0.1442 0.1442 0.1 0.1 0.1 0.292 0.292 0.2795 0.2795 0.3115 0.3115 0.3115 0.3215 0.3215 0.2845 0.2845 0.2785 0.2785 0.2785 0.273 0.273 0.2745 0.2745 0.256 0.256 0.256 0.2465 0.2465 0.24 0.24 0.2365 0.2365 0.2365 0.241 0.241 0.238 0.238 0.2315 0.2315 0.2435 0.2435 0.2435 0.2455 0.2455 0.2585 0.2585 0.2585 0.2585 0.2585 0.2495 0.2495 0.238 0.238 0.254 0.254 0.254 0.244 0.244 0.2495 0.2495 0.237 0.237
-1 -1 -1 -1 -1 -1 -1 -1 -1 0.1532 0.1532 0.1532 0.1365 0.1365 0.1722 0.1722 0.1442 0.1442 0.1 0.1 0.1 0.292 0.292 0.2795 0.2795 0.3115 0.3115 0.3115 0.3215 0.3215 0.2845 0.2845 0.2785 0.2785 0.2785 0.273 0.273 0.2745 0.2745 0.256 0.256 0.256 0.2465 0.2465 0.24 0.24 0.2365 0.2365 0.2365 0.241 0.241 0.238 0.238 0.2315 0.2315 0.2435 0.2435 0.2435 0.2455 0.2455 0.2585 0.2585 0.2585 0.2585 0.2585 0.2495 0.2495 0.238 0.238 0.254 0.254 0.254 0.244 0.244 0.2495 0.2495 0.237 0.237
-1 -1 -1 -1 -1 -1 -1 -1 -1 -1 -1 -1 0.1437 0.1437 0.1622 0.1622 0.1807 0.1807 0.1567 0.1567 0.1567 0.2785 0.2785 0.2825 0.2825 0.296 0.296 0.296 0.2925 0.2925 0.2875 0.2875 0.28 0.28 0.28 0.263 0.263 0.271 0.271 0.257 0.257 0.257 0.2625 0.2625 0.251 0.251 0.2485 0.2485 0.2485 0.246 0.246 0.2435 0.2435 0.256 0.256 0.244 0.244 0.244 0.2505 0.2505 0.2455 0.2455 0.2455 0.2455 0.2455 0.2455 0.2455 0.2445 0.2445 0.2355 0.2355 0.2355 0.2635 0.2635 0.234 0.234 0.2455 0.2455
-1 -1 -1 -1 -1 -1 -1 -1 -1 -1 -1 -1 0.1437 0.1437 0.1622 0.1622 0.1807 0.1807 0.1567 0.1567 0.1567 0.2785 0.2785 0.2825 0.2825 0.296 0.296 0.296 0.2925 0.2925 0.2875 0.2875 0.28 0.28 0.28 0.263 0.263 0.271 0.271 0.257 0.257 0.257 0.2625 0.2625 0.251 0.251 0.2485 0.2485 0.2485 0.246 0.246 0.2435 0.2435 0.256 0.256 0.244 0.244 0.244 0.2505 0.2505 0.2455 0.2455 0.2455 0.2455 0.2455 0.2455 0.2455 0.2445 0.2445 0.2355 0.2355 0.2355 0.2635 0.2635 0.234 0.234 0.2455 0.2455
-1 -1 -1 -1 -1 -1 -1 -1 -1 -1 -1 -1 -1 -1 -1 -1 -1 -1 0.1682 0.1682 0.1682 0.179 0.179 0.305 0.305 0.305 0.305 0.305 0.2825 0.2825 0.2925 0.2925 0.2815 0.2815 0.2815 0.2685 0.2685 0.263 0.263 0.2625 0.2625 0.2625 0.2575 0.2575 0.2445 0.2445 0.245 0.245 0.245 0.245 0.245 0.24 0.24 0.249 0.249 0.2435 0.2435 0.2435 0.2405 0.2405 0.237 0.237 0.237 0.237 0.237 0.2375 0.2375 0.2255 0.2255 0.239 0.239 0.239 0.259 0.259 0.2495 0.2495 0.2465 0.2465
-1 -1 -1 -1 -1 -1 -1 -1 -1 -1 -1 -1 -1 -1 -1 -1 -1 -1 0.1682 0.1682 0.1682 0.179 0.179 0.305 0.305 0.305 0.305 0.305 0.2825 0.2825 0.2925 0.2925 0.2815 0.2815 0.2815 0.2685 0.2685 0.263 0.263 0.2625 0.2625 0.2625 0.2575 0.2575 0.2445 0.2445 0.245 0.245 0.245 0.245 0.245 0.24 0.24 0.249 0.249 0.2435 0.2435 0.2435 0.2405 0.2405 0.237 0.237 0.237 0.237 0.237 0.2375 0.2375 0.2255 0.2255 0.239 0.239 0.239 0.259 0.259 0.2495 0.2495 0.2465 0.2465
-1 -1 -1 -1 -1 -1 -1 -1 -1 -1 -1 -1 -1 -1 -1 -1 -1 -1 -1 -1 -1 0.2237 0.2237 0.1515 0.1515 0.303 0.303 0.303 0.292 0.292 0.295 0.295 0.274 0.274 0.274 0.282 0.282 0.2625 0.2625 0.247 0.247 0.247 0.243 0.243 0.241 0.241 0.2495 0.2495 0.2495 0.2545 0.2545 0.2485 0.2485 0.248 0.248 0.2495 0.2495 0.2495 0.2545 0.2545 0.262 0.262 0.262 0.262 0.262 0.237 0.237 0.2395 0.2395 0.248 0.248 0.248 0.2435 0.2435 0.222 0.222 0.245 0.245
-1 -1 -1 -1 -1 -1 -1 -1 -1 -1 -1 -1 -1 -1 -1 -1 -1 -1 -1 -1 -1 0.2237 0.2237 0.1515 0.1515 0.303 0.303 0.303 0.292 0.292 0.295 0.295 0.274 0.274 0.274 0.282 0.282 0.2625 0.2625 0.247 0.247 0.247 0.243 0.243 0.241 0.241 0.2495 0.2495 0.2495 0.2545 0.2545 0.2485 0.2485 0.248 0.248 0.2495 0.2495 0.2495 0.2545 0.2545 0.262 0.262 0.262 0.262 0.262 0.237 0.237 0.2395 0.2395 0.248 0.248 0.248 0.2435 0.2435 0.222 0.222 0.245 0.245
-1 -1 -1 -1 -1 -1 -1 -1 -1 -1 -1 -1 -1 -1 -1 -1 -1 -1 -1 -1 -1 0.1512 0.1512 0.1027 0.1027 0.241 0.241 0.241 0.2695 0.2695 0.274 0.274 0.274 0.274 0.274 0.278 0.278 0.2575 0.2575 0.229 0.229 0.229 0.2275 0.2275 0.244 0.244 0.252 0.252 0.252 0.251 0.251 0.2565 0.2565 0.254 0.254 0.267 0.267 0.267 0.266 0.266 0.25 0.25 0.25 0.25 0.25 0.247 0.247 0.2655 0.2655 0.244 0.244 0.244 0.2465 0.2465 0.244 0.244 0.2675 0.2675
-1 -1 -1 -1 -1 -1 -1 -1 -1 -1 -1 -1 -1 -1 -1 -1 -1 -1 -1 -1 -1 0.1512 0.1512 0.1027 0.1027 0.241 0.241 0.241 0.2695 0.2695 0.274 0.274 0.274 0.274 0.274 0.278 0.278 0.2575 0.2575 0.229 0.229 0.229 0.2275 0.2275 0.244 0.244 0.252 0.252 0.252 0.251 0.251 0.2565 0.2565 0.254 0.254 0.267 0.267 0.267 0.266 0.266 0.25 0.25 0.25 0.25 0.25 0.247 0.247 0.2655 0.2655 0.244 0.244 0.244 0.2465 0.2465 0.244 0.244 0.2675 0.2675
-1 -1 -1 -1 -1 -1 -1 -1 -1 -1 -1 -1 -1 -1 -1 -1 -1 -1 -1 -1 -1 0.1512 0.1512 0.1027 0.1027 0.241 0.241 0.241 0.2695 0.2695 0.274 0.274 0.274 0.274 0.274 0.278 0.278 0.2575 0.2575 0.229 0.229 0.229 0.2275 0.2275 0.244 0.244 0.252 0.252 0.252 0.251 0.251 0.2565 0.2565 0.254 0.254 0.267 0.267 0.267 0.266 0.266 0.25 0.25 0.25 0.25 0.25 0.247 0.247 0.2655 0.2655 0.244 0.244 0.244 0.2465 0.2465 0.244 0.244 0.2675 0.2675
-1 -1 -1 -1 -1 -1 -1 -1 -1 -1 -1 -1 -1 -1 -1 -1 -1 -1 -1 -1 -1 -1 -1 0.1967 0.1967 0.106 0.106 0.106 0.272 0.272 0.2945 0.2945 0.2755 0.2755 0.2755 0.3 0.3 0.237 0.237 0.223 0.223 0.223 0.2275 0.2275 0.243 0.243 0.2475 0.2475 0.2475 0.253 0.253 0.276 0.276 0.2665 0.2665 0.2765 0.2765 0.2765 0.2515 0.2515 0.2525 0.2525 0.2525 0.2525 0.2525 0.2295 0.2295 0.237 0.237 0.258 0.258 0.258 0.2445 0.2445 0.257 0.257 0.2415 0.2415
-1 -1 -1 -1 -1 -1 -1 -1 -1 -1 -1 -1 -1 -1 -1 -1 -1 -1 -1 -1 -1 -1 -1 0.1967 0.1967 0.106 0.106 0.106 0.272 0.272 0.2945 0.2945 0.2755 0.2755 0.2755 0.3 0.3 0.237 0.237 0.223 0.223 0.223 0.2275 0.2275 0.243 0.243 0.2475 0.2475 0.2475 0.253 0.253 0.276 0.276 0.2665 0.2665 0.2765 0.2765 0.2765 0.2515 0.2515 0.2525 0.2525 0.2525 0.2525 0.2525 0.2295 0.2295 0.237 0.237 0.258 0.258 0.258 0.2445 0.2445 0.257 0.257 0.2415 0.2415
-1 -1 -1 -1 -1 -1 -1 -1 -1 -1 -1 -1 -1 -1 -1 -1 -1 -1 -1 -1 -1 -1 -1 -1 -1 0.0704 0.0704 0.0704 0.1815 0.1815 0.2775 0.2775 0.2795 0.2795 0.2795 0.189 0.189 0.1607 0.1607 0.1505 0.1505 0.1505 0.2545 0.2545 0.2265 0.2265 0.2775 0.2775 0.2775 0.2415 0.2415 0.266 0.266 0.2685 0.2685 0.27 0.27 0.27 0.253 0.253 0.2435 0.2435 0.2435 0.2435 0.2435 0.25 0.25 0.252 0.252 0.244 0.244 0.244 0.2605 0.2605 0.253 0.253 0.2475 0.2475
-1 -1 -1 -1 -1 -1 -1 -1 -1 -1 -1 -1 -1 -1 -1 -1 -1 -1 -1 -1 -1 -1 -1 -1 -1 0.0704 0.0704 0.0704 0.1815 0.1815 0.2775 0.2775 0.2795 0.2795 0.2795 0.189 0.189 0.1607 0.1607 0.1505 0.1505 0.1505 0.2545 0.2545 0.2265 0.2265 0.2775 0.2775 0.2775 0.2415 0.2415 0.266 0.266 0.2685 0.2685 0.27 0.27 0.27 0.253 0.253 0.2435 0.2435 0.2435 0.2435 0.2435 0.25 0.25 0.252 0.252 0.244 0.244 0.244 0.2605 0.2605 0.253 0.253 0.2475 0.2475
-1 -1 -1 -1 -1 -1 -1 -1 -1 -1 -1 -1 -1 -1 -1 -1 -1 -1 -1 -1 -1 -1 -1 -1 -1 0.1142 0.1142 0.1142 0.222 0.222 0.2405 0.2405 0.2175 0.2175 0.2175 0.2055 0.2055 0.137 0.137 0.2405 0.2405 0.2405 0.2335 0.2335 0.2645 0.2645 0.26 0.26 0.26 0.194 0.194 0.2815 0.2815 0.272 0.272 0.269 0.269 0.269 0.2585 0.2585 0.251 0.251 0.251 0.251 0.251 0.254 0.254 0.2525 0.2525 0.2335 0.2335 0.2335 0.229 0.229 0.2505 0.2505 0.239 0.239
-1 -1 -1 -1 -1 -1 -1 -1 -1 -1 -1 -1 -1 -1 -1 -1 -1 -1 -1 -1 -1 -1 -1 -1 -1 0.1142 0.1142 0.1142 0.222 0.222 0.2405 0.2405 0.2175 0.2175 0.2175 0.2055 0.2055 0.137 0.137 0.2405 0.2405 0.2405 0.2335 0.2335 0.2645 0.2645 0.26 0.26 0.26 0.194 0.194 0.2815 0.2815 0.272 0.272 0.269 0.269 0.269 0.2585 0.2585 0.251 0.251 0.251 0.251 0.251 0.254 0.254 0.2525 0.2525 0.2335 0.2335 0.2335 0.229 0.229 0.2505 0.2505 0.239 0.239
-1 -1 -1 -1 -1 -1 -1 -1 -1 -1 -1 -1 -1 -1 -1 -1 -1 -1 -1 -1 -1 -1 -1 -1 -1 0.1142 0.1142 0.1142 0.222 0.222 0.2405 0.2405 0.2175 0.2175 0.2175 0.2055 0.2055 0.137 0.137 0.2405 0.2405 0.2405 0.2335 0.2335 0.2645 0.2645 0.26 0.26 0.26 0.194 0.194 0.2815 0.2815 0.272 0.272 0.269 0.269 0.269 0.2585 0.2585 0.251 0.251 0.251 0.251 0.251 0.254 0.254 0.2525 0.2525 0.2335 0.2335 0.2335 0.229 0.229 0.2505 0.2505 0.239 0.239
