ndvi/NOAA-251.asc
ncols         252
nrows         154
xllcorner     -18.017974
yllcorner     13.481982
cellsize      0.035948
NODATA_value  -9999
[rows 68 to 101 of 154, columns 0 to 76 of 252]
-1 -1 -1 -1 -1 -1 -1 -1 -1 -1 -1 -1 -1 -1 -1 -1 -1 -1 -1 -1 -1 -1 -1 -1 -1 -1 -1 -1 -1 -1 -1 -1 -1 -1 -1 -1 -1 -1 -1 0.191 0.191 0.191 0.3705 0.3705 0.477 0.477 0.457 0.457 0.457 0.429 0.429 0.391 0.391 0.374 0.374 0.3785 0.3785 0.3785 0.458 0.458 0.495 0.495 0.495 0.495 0.495 0.456 0.456 0.346 0.346 0.2105 0.2105 0.2105 0.207 0.207 0.205 0.205 0.196
-1 -1 -1 -1 -1 -1 -1 -1 -1 -1 -1 -1 -1 -1 -1 -1 -1 -1 -1 -1 -1 -1 -1 -1 -1 -1 -1 -1 -1 -1 -1 -1 -1 -1 -1 -1 -1 -1 -1 0.2315 0.2315 0.2315 0.4035 0.4035 0.4755 0.4755 0.3975 0.3975 0.3975 0.3765 0.3765 0.3425 0.3425 0.322 0.322 0.3335 0.3335 0.3335 0.454 0.454 0.402 0.402 0.402 0.402 0.402 0.2935 0.2935 0.254 0.254 0.213 0.213 0.213 0.1985 0.1985 0.1945 0.1945 0.204
-1 -1 -1 -1 -1 -1 -1 -1 -1 -1 -1 -1 -1 -1 -1 -1 -1 -1 -1 -1 -1 -1 -1 -1 -1 -1 -1 -1 -1 -1 -1 -1 -1 -1 -1 -1 -1 -1 -1 0.2315 0.2315 0.2315 0.4035 0.4035 0.4755 0.4755 0.3975 0.3975 0.3975 0.3765 0.3765 0.3425 0.3425 0.322 0.322 0.3335 0.3335 0.3335 0.454 0.454 0.402 0.402 0.402 0.402 0.402 0.2935 0.2935 0.254 0.254 0.213 0.213 0.213 0.1985 0.1985 0.1945 0.1945 0.204
-1 -1 -1 -1 -1 -1 -1 -1 -1 -1 -1 -1 -1 -1 -1 -1 -1 -1 -1 -1 -1 -1 -1 -1 -1 -1 -1 -1 -1 -1 -1 -1 -1 -1 -1 -1 -1 0.103 0.103 0.176 0.176 0.176 0.339 0.339 0.273 0.273 0.3675 0.3675 0.3675 0.3535 0.3535 0.262 0.262 0.2605 0.2605 0.2585 0.2585 0.2585 0.2725 0.2725 0.277 0.277 0.277 0.277 0.277 0.2305 0.2305 0.2465 0.2465 0.226 0.226 0.226 0.2185 0.2185 0.2315 0.2315 0.2195
-1 -1 -1 -1 -1 -1 -1 -1 -1 -1 -1 -1 -1 -1 -1 -1 -1 -1 -1 -1 -1 -1 -1 -1 -1 -1 -1 -1 -1 -1 -1 -1 -1 -1 -1 -1 -1 0.103 0.103 0.176 0.176 0.176 0.339 0.339 0.273 0.273 0.3675 0.3675 0.3675 0.3535 0.3535 0.262 0.262 0.2605 0.2605 0.2585 0.2585 0.2585 0.2725 0.2725 0.277 0.277 0.277 0.277 0.277 0.2305 0.2305 0.2465 0.2465 0.226 0.226 0.226 0.2185 0.2185 0.2315 0.2315 0.2195
-1 -1 -1 -1 -1 -1 -1 -1 -1 -1 -1 -1 -1 -1 -1 -1 -1 -1 -1 -1 -1 -1 -1 -1 -1 -1 -1 -1 -1 -1 -1 -1 -1 -1 -1 -1 -1 0.103 0.103 0.176 0.176 0.176 0.339 0.339 0.273 0.273 0.3675 0.3675 0.3675 0.3535 0.3535 0.262 0.262 0.2605 0.2605 0.2585 0.2585 0.2585 0.2725 0.2725 0.277 0.277 0.277 0.277 0.277 0.2305 0.2305 0.2465 0.2465 0.226 0.226 0.226 0.2185 0.2185 0.2315 0.2315 0.2195
-1 -1 -1 -1 -1 -1 -1 -1 -1 -1 -1 -1 -1 -1 -1 -1 -1 -1 -1 -1 -1 -1 -1 -1 -1 -1 -1 -1 -1 -1 -1 -1 -1 -1 -1 -1 -1 0.0405 0.0405 0.1835 0.1835 0.1835 0.394 0.394 0.3835 0.3835 0.3115 0.3115 0.3115 0.2475 0.2475 0.2275 0.2275 0.199 0.199 0.2505 0.2505 0.2505 0.258 0.258 0.262 0.262 0.262 0.262 0.262 0.2285 0.2285 0.236 0.236 0.236 0.236 0.236 0.2175 0.2175 0.224 0.224 0.233
-1 -1 -1 -1 -1 -1 -1 -1 -1 -1 -1 -1 -1 -1 -1 -1 -1 -1 -1 -1 -1 -1 -1 -1 -1 -1 -1 -1 -1 -1 -1 -1 -1 -1 -1 -1 -1 0.0405 0.0405 0.1835 0.1835 0.1835 0.394 0.394 0.3835 0.3835 0.3115 0.3115 0.3115 0.2475 0.2475 0.2275 0.2275 0.199 0.199 0.2505 0.2505 0.2505 0.258 0.258 0.262 0.262 0.262 0.262 0.262 0.2285 0.2285 0.236 0.236 0.236 0.236 0.236 0.2175 0.2175 0.224 0.224 0.233
-1 -1 -1 -1 -1 -1 -1 -1 -1 -1 -1 -1 -1 -1 -1 -1 -1 -1 -1 -1 -1 -1 -1 -1 -1 -1 -1 -1 -1 -1 -1 -1 -1 -1 -1 -1 -1 0.0385 0.0385 0.1575 0.1575 0.1575 0.3125 0.3125 0.2835 0.2835 0.235 0.235 0.235 0.2365 0.2365 0.2415 0.2415 0.244 0.244 0.256 0.256 0.256 0.26 0.26 0.253 0.253 0.253 0.253 0.253 0.2495 0.2495 0.2485 0.2485 0.242 0.242 0.242 0.216 0.216 0.2195 0.2195 0.231
-1 -1 -1 -1 -1 -1 -1 -1 -1 -1 -1 -1 -1 -1 -1 -1 -1 -1 -1 -1 -1 -1 -1 -1 -1 -1 -1 -1 -1 -1 -1 -1 -1 -1 -1 -1 -1 0.0385 0.0385 0.1575 0.1575 0.1575 0.3125 0.3125 0.2835 0.2835 0.235 0.235 0.235 0.2365 0.2365 0.2415 0.2415 0.244 0.244 0.256 0.256 0.256 0.26 0.26 0.253 0.253 0.253 0.253 0.253 0.2495 0.2495 0.2485 0.2485 0.242 0.242 0.242 0.216 0.216 0.2195 0.2195 0.231
-1 -1 -1 -1 -1 -1 -1 -1 -1 -1 -1 -1 -1 -1 -1 -1 -1 -1 -1 -1 -1 -1 -1 -1 -1 -1 -1 -1 -1 -1 -1 -1 -1 -1 -1 -1 -1 0.0195 0.0195 0.2385 0.2385 0.2385 0.2565 0.2565 0.2695 0.2695 0.2495 0.2495 0.2495 0.2515 0.2515 0.2675 0.2675 0.288 0.288 0.255 0.255 0.255 0.258 0.258 0.238 0.238 0.238 0.238 0.238 0.264 0.264 0.2455 0.2455 0.247 0.247 0.247 0.2295 0.2295 0.2225 0.2225 0.2335
-1 -1 -1 -1 -1 -1 -1 -1 -1 -1 -1 -1 -1 -1 -1 -1 -1 -1 -1 -1 -1 -1 -1 -1 -1 -1 -1 -1 -1 -1 -1 -1 -1 -1 -1 -1 -1 0.0195 0.0195 0.2385 0.2385 0.2385 0.2565 0.2565 0.2695 0.2695 0.2495 0.2495 0.2495 0.2515 0.2515 0.2675 0.2675 0.288 0.288 0.255 0.255 0.255 0.258 0.258 0.238 0.238 0.238 0.238 0.238 0.264 0.264 0.2455 0.2455 0.247 0.247 0.247 0.2295 0.2295 0.2225 0.2225 0.2335
-1 -1 -1 -1 -1 -1 -1 -1 -1 -1 -1 -1 -1 -1 -1 -1 -1 -1 -1 -1 -1 -1 -1 -1 -1 -1 -1 -1 -1 -1 -1 -1 -1 -1 -1 -1 -1 0.0755 0.0755 0.2085 0.2085 0.2085 0.2465 0.2465 0.258 0.258 0.255 0.255 0.255 0.247 0.247 0.26 0.26 0.285 0.285 0.2655 0.2655 0.2655 0.2575 0.2575 0.215 0.215 0.215 0.215 0.215 0.216 0.216 0.225 0.225 0.248 0.248 0.248 0.2465 0.2465 0.252 0.252 0.2265
-1 -1 -1 -1 -1 -1 -1 -1 -1 -1 -1 -1 -1 -1 -1 -1 -1 -1 -1 -1 -1 -1 -1 -1 -1 -1 -1 -1 -1 -1 -1 -1 -1 -1 -1 -1 -1 0.0755 0.0755 0.2085 0.2085 0.2085 0.2465 0.2465 0.258 0.258 0.255 0.255 0.255 0.247 0.247 0.26 0.26 0.285 0.285 0.2655 0.2655 0.2655 0.2575 0.2575 0.215 0.215 0.215 0.215 0.215 0.216 0.216 0.225 0.225 0.248 0.248 0.248 0.2465 0.2465 0.252 0.252 0.2265
-1 -1 -1 -1 -1 -1 -1 -1 -1 -1 -1 -1 -1 -1 -1 -1 -1 -1 -1 -1 -1 -1 -1 -1 -1 -1 -1 -1 -1 -1 -1 -1 -1 -1 -1 -1 -1 0.0755 0.0755 0.2085 0.2085 0.2085 0.2465 0.2465 0.258 0.258 0.255 0.255 0.255 0.247 0.247 0.26 0.26 0.285 0.285 0.2655 0.2655 0.2655 0.2575 0.2575 0.215 0.215 0.215 0.215 0.215 0.216 0.216 0.225 0.225 0.248 0.248 0.248 0.2465 0.2465 0.252 0.252 0.2265
-1 -1 -1 -1 -1 -1 -1 -1 -1 -1 -1 -1 -1 -1 -1 -1 -1 -1 -1 -1 -1 -1 -1 -1 -1 -1 -1 -1 -1 -1 -1 -1 -1 -1 -1 -1 -1 0.089 0.089 0.226 0.226 0.226 0.272 0.272 0.2485 0.2485 0.2495 0.2495 0.2495 0.2245 0.2245 0.2565 0.2565 0.245 0.245 0.2545 0.2545 0.2545 0.24 0.24 0.2315 0.2315 0.2315 0.2315 0.2315 0.229 0.229 0.24 0.24 0.2405 0.2405 0.2405 0.258 0.258 0.2455 0.2455 0.242
-1 -1 -1 -1 -1 -1 -1 -1 -1 -1 -1 -1 -1 -1 -1 -1 -1 -1 -1 -1 -1 -1 -1 -1 -1 -1 -1 -1 -1 -1 -1 -1 -1 -1 -1 -1 -1 0.089 0.089 0.226 0.226 0.226 0.272 0.272 0.2485 0.2485 0.2495 0.2495 0.2495 0.2245 0.2245 0.2565 0.2565 0.245 0.245 0.2545 0.2545 0.2545 0.24 0.24 0.2315 0.2315 0.2315 0.2315 0.2315 0.229 0.229 0.24 0.24 0.2405 0.2405 0.2405 0.258 0.258 0.2455 0.2455 0.242
-1 -1 -1 -1 -1 -1 -1 -1 -1 -1 -1 -1 -1 -1 -1 -1 -1 -1 -1 -1 -1 -1 -1 -1 -1 -1 -1 -1 -1 -1 -1 -1 -1 -1 -1 -1 -1 0.12 0.12 0.2805 0.2805 0.2805 0.2865 0.2865 0.253 0.253 0.252 0.252 0.252 0.2425 0.2425 0.236 0.236 0.247 0.247 0.231 0.231 0.231 0.221 0.221 0.23 0.23 0.23 0.23 0.23 0.238 0.238 0.258 0.258 0.2625 0.2625 0.2625 0.2695 0.2695 0.2725 0.2725 0.2535
-1 -1 -1 -1 -1 -1 -1 -1 -1 -1 -1 -1 -1 -1 -1 -1 -1 -1 -1 -1 -1 -1 -1 -1 -1 -1 -1 -1 -1 -1 -1 -1 -1 -1 -1 -1 -1 0.12 0.12 0.2805 0.2805 0.2805 0.2865 0.2865 0.253 0.253 0.252 0.252 0.252 0.2425 0.2425 0.236 0.236 0.247 0.247 0.231 0.231 0.231 0.221 0.221 0.23 0.23 0.23 0.23 0.23 0.238 0.238 0.258 0.258 0.2625 0.2625 0.2625 0.2695 0.2695 0.2725 0.2725 0.2535
-1 -1 -1 -1 -1 -1 -1 -1 -1 -1 -1 -1 -1 -1 -1 -1 -1 -1 -1 -1 -1 -1 -1 -1 -1 -1 -1 -1 -1 -1 -1 -1 -1 -1 -1 0.0371 0.0371 0.2795 0.2795 0.2865 0.2865 0.2865 0.277 0.277 0.262 0.262 0.2535 0.2535 0.2535 0.2375 0.2375 0.2465 0.2465 0.2385 0.2385 0.2375 0.2375 0.2375 0.245 0.245 0.2375 0.2375 0.2375 0.2375 0.2375 0.279 0.279 0.272 0.272 0.2705 0.2705 0.2705 0.2795 0.2795 0.2845 0.2845 0.2705
-1 -1 -1 -1 -1 -1 -1 -1 -1 -1 -1 -1 -1 -1 -1 -1 -1 -1 -1 -1 -1 -1 -1 -1 -1 -1 -1 -1 -1 -1 -1 -1 -1 -1 -1 0.0371 0.0371 0.2795 0.2795 0.2865 0.2865 0.2865 0.277 0.277 0.262 0.262 0.2535 0.2535 0.2535 0.2375 0.2375 0.2465 0.2465 0.2385 0.2385 0.2375 0.2375 0.2375 0.245 0.245 0.2375 0.2375 0.2375 0.2375 0.2375 0.279 0.279 0.272 0.272 0.2705 0.2705 0.2705 0.2795 0.2795 0.2845 0.2845 0.2705
-1 -1 -1 -1 -1 -1 -1 -1 -1 -1 -1 -1 -1 -1 -1 -1 -1 -1 -1 -1 -1 -1 -1 -1 -1 -1 -1 -1 -1 -1 -1 -1 -1 -1 -1 0.0371 0.0371 0.2795 0.2795 0.2865 0.2865 0.2865 0.277 0.277 0.262 0.262 0.2535 0.2535 0.2535 0.2375 0.2375 0.2465 0.2465 0.2385 0.2385 0.2375 0.2375 0.2375 0.245 0.245 0.2375 0.2375 0.2375 0.2375 0.2375 0.279 0.279 0.272 0.272 0.2705 0.2705 0.2705 0.2795 0.2795 0.2845 0.2845 0.2705
-1 -1 -1 -1 -1 -1 -1 -1 -1 -1 -1 -1 -1 -1 -1 -1 -1 -1 -1 -1 -1 -1 -1 -1 -1 -1 -1 -1 -1 -1 -1 -1 -1 -1 -1 0.1515 0.1515 0.2945 0.2945 0.299 0.299 0.299 0.273 0.273 0.278 0.278 0.2995 0.2995 0.2995 0.2685 0.2685 0.2345 0.2345 0.256 0.256 0.224 0.224 0.224 0.2425 0.2425 0.2435 0.2435 0.2435 0.2435 0.2435 0.2535 0.2535 0.261 0.261 0.2645 0.2645 0.2645 0.2715 0.2715 0.2585 0.2585 0.237
-1 -1 -1 -1 -1 -1 -1 -1 -1 -1 -1 -1 -1 -1 -1 -1 -1 -1 -1 -1 -1 -1 -1 -1 -1 -1 -1 -1 -1 -1 -1 -1 -1 -1 -1 0.1515 0.1515 0.2945 0.2945 0.299 0.299 0.299 0.273 0.273 0.278 0.278 0.2995 0.2995 0.2995 0.2685 0.2685 0.2345 0.2345 0.256 0.256 0.224 0.224 0.224 0.2425 0.2425 0.2435 0.2435 0.2435 0.2435 0.2435 0.2535 0.2535 0.261 0.261 0.2645 0.2645 0.2645 0.2715 0.2715 0.2585 0.2585 0.237
-1 -1 -1 -1 -1 -1 -1 -1 -1 -1 -1 -1 -1 -1 -1 -1 -1 -1 -1 -1 -1 -1 -1 -1 -1 -1 -1 -1 -1 -1 -1 -1 0.089 0.089 0.089 0.278 0.278 0.309 0.309 0.2945 0.2945 0.2945 0.2785 0.2785 0.293 0.293 0.2975 0.2975 0.2975 0.2695 0.2695 0.26 0.26 0.2575 0.2575 0.2425 0.2425 0.2425 0.252 0.252 0.26 0.26 0.26 0.26 0.26 0.2635 0.2635 0.276 0.276 0.259 0.259 0.259 0.231 0.231 0.233 0.233 0.232
-1 -1 -1 -1 -1 -1 -1 -1 -1 -1 -1 -1 -1 -1 -1 -1 -1 -1 -1 -1 -1 -1 -1 -1 -1 -1 -1 -1 -1 -1 -1 -1 0.089 0.089 0.089 0.278 0.278 0.309 0.309 0.2945 0.2945 0.2945 0.2785 0.2785 0.293 0.293 0.2975 0.2975 0.2975 0.2695 0.2695 0.26 0.26 0.2575 0.2575 0.2425 0.2425 0.2425 0.252 0.252 0.26 0.26 0.26 0.26 0.26 0.2635 0.2635 0.276 0.276 0.259 0.259 0.259 0.231 0.231 0.233 0.233 0.232
-1 -1 -1 -1 -1 -1 -1 -1 -1 -1 -1 -1 -1 -1 -1 -1 -1 -1 -1 -1 -1 -1 -1 -1 -1 -1 -1 -1 -1 -1 0.0395 0.0395 0.268 0.268 0.268 0.2705 0.2705 0.2885 0.2885 0.2875 0.2875 0.2875 0.273 0.273 0.292 0.292 0.2975 0.2975 0.2975 0.27 0.27 0.257 0.257 0.265 0.265 0.254 0.254 0.254 0.2715 0.2715 0.274 0.274 0.274 0.274 0.274 0.286 0.286 0.2555 0.2555 0.2555 0.2555 0.2555 0.2385 0.2385 0.2435 0.2435 0.234
-1 -1 -1 -1 -1 -1 -1 -1 -1 -1 -1 -1 -1 -1 -1 -1 -1 -1 -1 -1 -1 -1 -1 -1 -1 -1 -1 -1 -1 -1 0.0395 0.0395 0.268 0.268 0.268 0.2705 0.2705 0.2885 0.2885 0.2875 0.2875 0.2875 0.273 0.273 0.292 0.292 0.2975 0.2975 0.2975 0.27 0.27 0.257 0.257 0.265 0.265 0.254 0.254 0.254 0.2715 0.2715 0.274 0.274 0.274 0.274 0.274 0.286 0.286 0.2555 0.2555 0.2555 0.2555 0.2555 0.2385 0.2385 0.2435 0.2435 0.234
-1 -1 -1 -1 -1 -1 -1 -1 -1 -1 -1 -1 -1 -1 -1 -1 -1 -1 -1 -1 -1 -1 -1 -1 -1 -1 -1 -1 -1 -1 0.0395 0.0395 0.268 0.268 0.268 0.2705 0.2705 0.2885 0.2885 0.2875 0.2875 0.2875 0.273 0.273 0.292 0.292 0.2975 0.2975 0.2975 0.27 0.27 0.257 0.257 0.265 0.265 0.254 0.254 0.254 0.2715 0.2715 0.274 0.274 0.274 0.274 0.274 0.286 0.286 0.2555 0.2555 0.2555 0.2555 0.2555 0.2385 0.2385 0.2435 0.2435 0.234
-1 -1 -1 -1 -1 -1 -1 -1 -1 -1 -1 -1 -1 -1 -1 -1 -1 -1 -1 -1 -1 -1 -1 -1 -1 -1 -1 -1 -1 -1 0.1235 0.1235 0.286 0.286 0.286 0.28 0.28 0.2945 0.2945 0.274 0.274 0.274 0.2665 0.2665 0.266 0.266 0.2875 0.2875 0.2875 0.277 0.277 0.265 0.265 0.297 0.297 0.25 0.25 0.25 0.2695 0.2695 0.2805 0.2805 0.2805 0.2805 0.2805 0.2985 0.2985 0.2995 0.2995 0.234 0.234 0.234 0.237 0.237 0.23 0.23 0.26
-1 -1 -1 -1 -1 -1 -1 -1 -1 -1 -1 -1 -1 -1 -1 -1 -1 -1 -1 -1 -1 -1 -1 -1 -1 -1 -1 -1 -1 -1 0.1235 0.1235 0.286 0.286 0.286 0.28 0.28 0.2945 0.2945 0.274 0.274 0.274 0.2665 0.2665 0.266 0.266 0.2875 0.2875 0.2875 0.277 0.277 0.265 0.265 0.297 0.297 0.25 0.25 0.25 0.2695 0.2695 0.2805 0.2805 0.2805 0.2805 0.2805 0.2985 0.2985 0.2995 0.2995 0.234 0.234 0.234 0.237 0.237 0.23 0.23 0.26
-1 -1 -1 -1 -1 -1 -1 -1 -1 -1 -1 -1 -1 -1 -1 -1 -1 -1 -1 -1 -1 -1 -1 -1 -1 -1 -1 -1 0.0661 0.0661 0.281 0.281 0.3145 0.3145 0.3145 0.319 0.319 0.302 0.302 0.269 0.269 0.269 0.2815 0.2815 0.273 0.273 0.2915 0.2915 0.2915 0.2845 0.2845 0.297 0.297 0.31 0.31 0.2685 0.2685 0.2685 0.2605 0.2605 0.271 0.271 0.271 0.271 0.271 0.302 0.302 0.302 0.302 0.2385 0.2385 0.2385 0.219 0.219 0.2125 0.2125 0.2315
-1 -1 -1 -1 -1 -1 -1 -1 -1 -1 -1 -1 -1 -1 -1 -1 -1 -1 -1 -1 -1 -1 -1 -1 -1 -1 -1 -1 0.0661 0.0661 0.281 0.281 0.3145 0.3145 0.3145 0.319 0.319 0.302 0.302 0.269 0.269 0.269 0.2815 0.2815 0.273 0.273 0.2915 0.2915 0.2915 0.2845 0.2845 0.297 0.297 0.31 0.31 0.2685 0.2685 0.2685 0.2605 0.2605 0.271 0.271 0.271 0.271 0.271 0.302 0.302 0.302 0.302 0.2385 0.2385 0.2385 0.219 0.219 0.2125 0.2125 0.2315
-1 -1 -1 -1 -1 -1 -1 -1 -1 -1 -1 -1 -1 -1 -1 -1 -1 -1 -1 -1 -1 -1 -1 -1 -1 0.0126 0.0126 0.0126 0.1365 0.1365 0.313 0.313 0.3255 0.3255 0.3255 0.3105 0.3105 0.3065 0.3065 0.284 0.284 0.284 0.276 0.276 0.2815 0.2815 0.2755 0.2755 0.2755 0.272 0.272 0.278 0.278 0.291 0.291 0.262 0.262 0.262 0.266 0.266 0.31 0.31 0.31 0.31 0.31 0.2885 0.2885 0.281 0.281 0.2375 0.2375 0.2375 0.233 0.233 0.26 0.26 0.2575
