ndvi/NOAA-96.asc
ncols         252
nrows         154
xllcorner     -18.017974
yllcorner     13.481982
cellsize      0.035948
NODATA_value  -9999
[rows 34 to 67 of 154, columns 77 to 153 of 252]
0.139 0.139 0.1345 0.1345 0.1375 0.1375 0.134 0.134 0.134 0.1365 0.1365 0.1385 0.1385 0.1415 0.1415 0.1445 0.1445 0.1445 0.157 0.157 0.147 0.147 0.153 0.153 0.153 0.162 0.162 0.159 0.159 0.159 0.159 0.159 0.159 0.159 0.157 0.157 0.1495 0.1495 0.1495 0.1575 0.1575 0.153 0.153 0.169 0.169 0.169 0.171 0.171 0.159 0.159 0.1615 0.1615 0.165 0.165 0.165 0.162 0.162 0.1655 0.1655 0.16 0.16 0.16 0.1705 0.1705 0.167 0.167 0.1715 0.1715 0.1715 0.163 0.163 0.1535 0.1535 0.108 0.108 0.108 0.1445
0.139 0.139 0.1345 0.1345 0.1375 0.1375 0.134 0.134 0.134 0.1365 0.1365 0.1385 0.1385 0.1415 0.1415 0.1445 0.1445 0.1445 0.157 0.157 0.147 0.147 0.153 0.153 0.153 0.162 0.162 0.159 0.159 0.159 0.159 0.159 0.159 0.159 0.157 0.157 0.1495 0.1495 0.1495 0.1575 0.1575 0.153 0.153 0.169 0.169 0.169 0.171 0.171 0.159 0.159 0.1615 0.1615 0.165 0.165 0.165 0.162 0.162 0.1655 0.1655 0.16 0.16 0.16 0.1705 0.1705 0.167 0.167 0.1715 0.1715 0.1715 0.163 0.163 0.1535 0.1535 0.108 0.108 0.108 0.1445
0.139 0.139 0.1345 0.1345 0.1375 0.1375 0.134 0.134 0.134 0.1365 0.1365 0.1385 0.1385 0.1415 0.1415 0.1445 0.1445 0.1445 0.157 0.157 0.147 0.147 0.153 0.153 0.153 0.162 0.162 0.159 0.159 0.159 0.159 0.159 0.159 0.159 0.157 0.157 0.1495 0.1495 0.1495 0.1575 0.1575 0.153 0.153 0.169 0.169 0.169 0.171 0.171 0.159 0.159 0.1615 0.1615 0.165 0.165 0.165 0.162 0.162 0.1655 0.1655 0.16 0.16 0.16 0.1705 0.1705 0.167 0.167 0.1715 0.1715 0.1715 0.163 0.163 0.1535 0.1535 0.108 0.108 0.108 0.1445
0.148 0.148 0.1525 0.1525 0.146 0.146 0.142 0.142 0.142 0.1395 0.1395 0.152 0.152 0.1565 0.1565 0.148 0.148 0.148 0.1565 0.1565 0.1485 0.1485 0.147 0.147 0.147 0.167 0.167 0.167 0.167 0.1755 0.1755 0.1755 0.171 0.171 0.1725 0.1725 0.1595 0.1595 0.1595 0.1605 0.1605 0.1675 0.1675 0.1705 0.1705 0.1705 0.175 0.175 0.1695 0.1695 0.1735 0.1735 0.1685 0.1685 0.1685 0.1765 0.1765 0.1995 0.1995 0.1925 0.1925 0.1925 0.1895 0.1895 0.184 0.184 0.193 0.193 0.193 0.1745 0.1745 0.1255 0.1255 0.1415 0.1415 0.1415 0.149
0.148 0.148 0.1525 0.1525 0.146 0.146 0.142 0.142 0.142 0.1395 0.1395 0.152 0.152 0.1565 0.1565 0.148 0.148 0.148 0.1565 0.1565 0.1485 0.1485 0.147 0.147 0.147 0.167 0.167 0.167 0.167 0.1755 0.1755 0.1755 0.171 0.171 0.1725 0.1725 0.1595 0.1595 0.1595 0.1605 0.1605 0.1675 0.1675 0.1705 0.1705 0.1705 0.175 0.175 0.1695 0.1695 0.1735 0.1735 0.1685 0.1685 0.1685 0.1765 0.1765 0.1995 0.1995 0.1925 0.1925 0.1925 0.1895 0.1895 0.184 0.184 0.193 0.193 0.193 0.1745 0.1745 0.1255 0.1255 0.1415 0.1415 0.1415 0.149
0.1685 0.1685 0.1595 0.1595 0.1565 0.1565 0.1465 0.1465 0.1465 0.1465 0.1465 0.1445 0.1445 0.1695 0.1695 0.156 0.156 0.156 0.154 0.154 0.1535 0.1535 0.154 0.154 0.154 0.1515 0.1515 0.1655 0.1655 0.18 0.18 0.18 0.1805 0.1805 0.1725 0.1725 0.1715 0.1715 0.1715 0.1705 0.1705 0.172 0.172 0.189 0.189 0.189 0.192 0.192 0.194 0.194 0.1935 0.1935 0.228 0.228 0.228 0.194 0.194 0.206 0.206 0.221 0.221 0.221 0.1895 0.1895 0.1765 0.1765 0.1655 0.1655 0.1655 0.1645 0.1645 0.135 0.135 0.1315 0.1315 0.1315 0.1505
0.1685 0.1685 0.1595 0.1595 0.1565 0.1565 0.1465 0.1465 0.1465 0.1465 0.1465 0.1445 0.1445 0.1695 0.1695 0.156 0.156 0.156 0.154 0.154 0.1535 0.1535 0.154 0.154 0.154 0.1515 0.1515 0.1655 0.1655 0.18 0.18 0.18 0.1805 0.1805 0.1725 0.1725 0.1715 0.1715 0.1715 0.1705 0.1705 0.172 0.172 0.189 0.189 0.189 0.192 0.192 0.194 0.194 0.1935 0.1935 0.228 0.228 0.228 0.194 0.194 0.206 0.206 0.221 0.221 0.221 0.1895 0.1895 0.1765 0.1765 0.1655 0.1655 0.1655 0.1645 0.1645 0.135 0.135 0.1315 0.1315 0.1315 0.1505
0.1625 0.1625 0.166 0.166 0.1595 0.1595 0.149 0.149 0.149 0.1445 0.1445 0.15 0.15 0.159 0.159 0.154 0.154 0.154 0.143 0.143 0.139 0.139 0.1485 0.1485 0.1485 0.174 0.174 0.1815 0.1815 0.18 0.18 0.18 0.173 0.173 0.171 0.171 0.1785 0.1785 0.1785 0.173 0.173 0.194 0.194 0.198 0.198 0.198 0.1905 0.1905 0.1945 0.1945 0.1985 0.1985 0.22 0.22 0.22 0.274 0.274 0.1935 0.1935 0.1775 0.1775 0.1775 0.1775 0.1775 0.166 0.166 0.158 0.158 0.158 0.157 0.157 0.147 0.147 0.147 0.147 0.147 0.144
0.1625 0.1625 0.166 0.166 0.1595 0.1595 0.149 0.149 0.149 0.1445 0.1445 0.15 0.15 0.159 0.159 0.154 0.154 0.154 0.143 0.143 0.139 0.139 0.1485 0.1485 0.1485 0.174 0.174 0.1815 0.1815 0.18 0.18 0.18 0.173 0.173 0.171 0.171 0.1785 0.1785 0.1785 0.173 0.173 0.194 0.194 0.198 0.198 0.198 0.1905 0.1905 0.1945 0.1945 0.1985 0.1985 0.22 0.22 0.22 0.274 0.274 0.1935 0.1935 0.1775 0.1775 0.1775 0.1775 0.1775 0.166 0.166 0.158 0.158 0.158 0.157 0.157 0.147 0.147 0.147 0.147 0.147 0.144
0.1625 0.1625 0.166 0.166 0.1595 0.1595 0.149 0.149 0.149 0.1445 0.1445 0.15 0.15 0.159 0.159 0.154 0.154 0.154 0.143 0.143 0.139 0.139 0.1485 0.1485 0.1485 0.174 0.174 0.1815 0.1815 0.18 0.18 0.18 0.173 0.173 0.171 0.171 0.1785 0.1785 0.1785 0.173 0.173 0.194 0.194 0.198 0.198 0.198 0.1905 0.1905 0.1945 0.1945 0.1985 0.1985 0.22 0.22 0.22 0.274 0.274 0.1935 0.1935 0.1775 0.1775 0.1775 0.1775 0.1775 0.166 0.166 0.158 0.158 0.158 0.157 0.157 0.147 0.147 0.147 0.147 0.147 0.144
0.175 0.175 0.1695 0.1695 0.1545 0.1545 0.146 0.146 0.146 0.153 0.153 0.147 0.147 0.1595 0.1595 0.161 0.161 0.161 0.159 0.159 0.141 0.141 0.1595 0.1595 0.1595 0.171 0.171 0.184 0.184 0.1815 0.1815 0.1815 0.188 0.188 0.185 0.185 0.1945 0.1945 0.1945 0.1945 0.1945 0.204 0.204 0.2 0.2 0.2 0.1795 0.1795 0.1835 0.1835 0.168 0.168 0.193 0.193 0.193 0.197 0.197 0.198 0.198 0.1715 0.1715 0.1715 0.1715 0.1715 0.1445 0.1445 0.153 0.153 0.153 0.138 0.138 0.143 0.143 0.126 0.126 0.126 0.125
0.175 0.175 0.1695 0.1695 0.1545 0.1545 0.146 0.146 0.146 0.153 0.153 0.147 0.147 0.1595 0.1595 0.161 0.161 0.161 0.159 0.159 0.141 0.141 0.1595 0.1595 0.1595 0.171 0.171 0.184 0.184 0.1815 0.1815 0.1815 0.188 0.188 0.185 0.185 0.1945 0.1945 0.1945 0.1945 0.1945 0.204 0.204 0.2 0.2 0.2 0.1795 0.1795 0.1835 0.1835 0.168 0.168 0.193 0.193 0.193 0.197 0.197 0.198 0.198 0.1715 0.1715 0.1715 0.1715 0.1715 0.1445 0.1445 0.153 0.153 0.153 0.138 0.138 0.143 0.143 0.126 0.126 0.126 0.125
0.169 0.169 0.164 0.164 0.157 0.157 0.1525 0.1525 0.1525 0.1505 0.1505 0.1455 0.1455 0.1495 0.1495 0.162 0.162 0.162 0.154 0.154 0.174 0.174 0.1715 0.1715 0.1715 0.1745 0.1745 0.171 0.171 0.1875 0.1875 0.1875 0.2135 0.2135 0.226 0.226 0.1985 0.1985 0.1985 0.155 0.155 0.1545 0.1545 0.1605 0.1605 0.1605 0.174 0.174 0.197 0.197 0.201 0.201 0.1945 0.1945 0.1945 0.1705 0.1705 0.171 0.171 0.1705 0.1705 0.1705 0.164 0.164 0.1585 0.1585 0.156 0.156 0.156 0.165 0.165 0.155 0.155 0.1285 0.1285 0.1285 0.143
0.169 0.169 0.164 0.164 0.157 0.157 0.1525 0.1525 0.1525 0.1505 0.1505 0.1455 0.1455 0.1495 0.1495 0.162 0.162 0.162 0.154 0.154 0.174 0.174 0.1715 0.1715 0.1715 0.1745 0.1745 0.171 0.171 0.1875 0.1875 0.1875 0.2135 0.2135 0.226 0.226 0.1985 0.1985 0.1985 0.155 0.155 0.1545 0.1545 0.1605 0.1605 0.1605 0.174 0.174 0.197 0.197 0.201 0.201 0.1945 0.1945 0.1945 0.1705 0.1705 0.171 0.171 0.1705 0.1705 0.1705 0.164 0.164 0.1585 0.1585 0.156 0.156 0.156 0.165 0.165 0.155 0.155 0.1285 0.1285 0.1285 0.143
0.1925 0.1925 0.165 0.165 0.17 0.17 0.1575 0.1575 0.1575 0.17 0.17 0.1585 0.1585 0.173 0.173 0.1875 0.1875 0.1875 0.1915 0.1915 0.197 0.197 0.1885 0.1885 0.1885 0.1935 0.1935 0.209 0.209 0.2035 0.2035 0.2035 0.306 0.306 0.3455 0.3455 0.1785 0.1785 0.1785 0.1635 0.1635 0.1585 0.1585 0.171 0.171 0.171 0.195 0.195 0.1915 0.1915 0.196 0.196 0.181 0.181 0.181 0.172 0.172 0.168 0.168 0.1665 0.1665 0.1665 0.185 0.185 0.1645 0.1645 0.1645 0.1645 0.1645 0.2065 0.2065 0.1745 0.1745 0.1375 0.1375 0.1375 0.129
0.1925 0.1925 0.165 0.165 0.17 0.17 0.1575 0.1575 0.1575 0.17 0.17 0.1585 0.1585 0.173 0.173 0.1875 0.1875 0.1875 0.1915 0.1915 0.197 0.197 0.1885 0.1885 0.1885 0.1935 0.1935 0.209 0.209 0.2035 0.2035 0.2035 0.306 0.306 0.3455 0.3455 0.1785 0.1785 0.1785 0.1635 0.1635 0.1585 0.1585 0.171 0.171 0.171 0.195 0.195 0.1915 0.1915 0.196 0.196 0.181 0.181 0.181 0.172 0.172 0.168 0.168 0.1665 0.1665 0.1665 0.185 0.185 0.1645 0.1645 0.1645 0.1645 0.1645 0.2065 0.2065 0.1745 0.1745 0.1375 0.1375 0.1375 0.129
0.1925 0.1925 0.165 0.165 0.17 0.17 0.1575 0.1575 0.1575 0.17 0.17 0.1585 0.1585 0.173 0.173 0.1875 0.1875 0.1875 0.1915 0.1915 0.197 0.197 0.1885 0.1885 0.1885 0.1935 0.1935 0.209 0.209 0.2035 0.2035 0.2035 0.306 0.306 0.3455 0.3455 0.1785 0.1785 0.1785 0.1635 0.1635 0.1585 0.1585 0.171 0.171 0.171 0.195 0.195 0.1915 0.1915 0.196 0.196 0.181 0.181 0.181 0.172 0.172 0.168 0.168 0.1665 0.1665 0.1665 0.185 0.185 0.1645 0.1645 0.1645 0.1645 0.1645 0.2065 0.2065 0.1745 0.1745 0.1375 0.1375 0.1375 0.129
0.199 0.199 0.1895 0.1895 0.183 0.183 0.1975 0.1975 0.1975 0.185 0.185 0.1905 0.1905 0.202 0.202 0.206 0.206 0.206 0.1965 0.1965 0.1995 0.1995 0.2045 0.2045 0.2045 0.2085 0.2085 0.2055 0.2055 0.196 0.196 0.196 0.2495 0.2495 0.309 0.309 0.2295 0.2295 0.2295 0.1455 0.1455 0.154 0.154 0.154 0.154 0.154 0.183 0.183 0.152 0.152 0.1805 0.1805 0.174 0.174 0.174 0.1695 0.1695 0.174 0.174 0.183 0.183 0.183 0.1955 0.1955 0.19 0.19 0.2015 0.2015 0.2015 0.321 0.321 0.203 0.203 0.177 0.177 0.177 0.129
0.199 0.199 0.1895 0.1895 0.183 0.183 0.1975 0.1975 0.1975 0.185 0.185 0.1905 0.1905 0.202 0.202 0.206 0.206 0.206 0.1965 0.1965 0.1995 0.1995 0.2045 0.2045 0.2045 0.2085 0.2085 0.2055 0.2055 0.196 0.196 0.196 0.2495 0.2495 0.309 0.309 0.2295 0.2295 0.2295 0.1455 0.1455 0.154 0.154 0.154 0.154 0.154 0.183 0.183 0.152 0.152 0.1805 0.1805 0.174 0.174 0.174 0.1695 0.1695 0.174 0.174 0.183 0.183 0.183 0.1955 0.1955 0.19 0.19 0.2015 0.2015 0.2015 0.321 0.321 0.203 0.203 0.177 0.177 0.177 0.129
0.2105 0.2105 0.1925 0.1925 0.193 0.193 0.205 0.205 0.205 0.217 0.217 0.203 0.203 0.2135 0.2135 0.2195 0.2195 0.2195 0.207 0.207 0.2035 0.2035 0.201 0.201 0.201 0.2065 0.2065 0.192 0.192 0.187 0.187 0.187 0.1525 0.1525 0.2205 0.2205 0.196 0.196 0.196 0.1895 0.1895 0.168 0.168 0.149 0.149 0.149 0.1515 0.1515 0.142 0.142 0.182 0.182 0.1895 0.1895 0.1895 0.197 0.197 0.216 0.216 0.24 0.24 0.24 0.227 0.227 0.2315 0.2315 0.197 0.197 0.197 0.1925 0.1925 0.186 0.186 0.1755 0.1755 0.1755 0.1155
0.2105 0.2105 0.1925 0.1925 0.193 0.193 0.205 0.205 0.205 0.217 0.217 0.203 0.203 0.2135 0.2135 0.2195 0.2195 0.2195 0.207 0.207 0.2035 0.2035 0.201 0.201 0.201 0.2065 0.2065 0.192 0.192 0.187 0.187 0.187 0.1525 0.1525 0.2205 0.2205 0.196 0.196 0.196 0.1895 0.1895 0.168 0.168 0.149 0.149 0.149 0.1515 0.1515 0.142 0.142 0.182 0.182 0.1895 0.1895 0.1895 0.197 0.197 0.216 0.216 0.24 0.24 0.24 0.227 0.227 0.2315 0.2315 0.197 0.197 0.197 0.1925 0.1925 0.186 0.186 0.1755 0.1755 0.1755 0.1155
0.275 0.275 0.2235 0.2235 0.2135 0.2135 0.216 0.216 0.216 0.2215 0.2215 0.222 0.222 0.2165 0.2165 0.231 0.231 0.231 0.22 0.22 0.195 0.195 0.1965 0.1965 0.1965 0.1895 0.1895 0.1865 0.1865 0.197 0.197 0.197 0.172 0.172 0.184 0.184 0.18 0.18 0.18 0.171 0.171 0.1335 0.1335 0.1605 0.1605 0.1605 0.1375 0.1375 0.215 0.215 0.2175 0.2175 0.21 0.21 0.21 0.2195 0.2195 0.2205 0.2205 0.238 0.238 0.238 0.225 0.225 0.223 0.223 0.1985 0.1985 0.1985 0.184 0.184 0.1675 0.1675 0.165 0.165 0.165 0.1165
0.275 0.275 0.2235 0.2235 0.2135 0.2135 0.216 0.216 0.216 0.2215 0.2215 0.222 0.222 0.2165 0.2165 0.231 0.231 0.231 0.22 0.22 0.195 0.195 0.1965 0.1965 0.1965 0.1895 0.1895 0.1865 0.1865 0.197 0.197 0.197 0.172 0.172 0.184 0.184 0.18 0.18 0.18 0.171 0.171 0.1335 0.1335 0.1605 0.1605 0.1605 0.1375 0.1375 0.215 0.215 0.2175 0.2175 0.21 0.21 0.21 0.2195 0.2195 0.2205 0.2205 0.238 0.238 0.238 0.225 0.225 0.223 0.223 0.1985 0.1985 0.1985 0.184 0.184 0.1675 0.1675 0.165 0.165 0.165 0.1165
0.3975 0.3975 0.2305 0.2305 0.2325 0.2325 0.217 0.217 0.217 0.2305 0.2305 0.2395 0.2395 0.238 0.238 0.227 0.227 0.227 0.2205 0.2205 0.2105 0.2105 0.199 0.199 0.199 0.2005 0.2005 0.199 0.199 0.193 0.193 0.193 0.175 0.175 0.1925 0.1925 0.171 0.171 0.171 0.181 0.181 0.172 0.172 0.171 0.171 0.171 0.15 0.15 0.1475 0.1475 0.1625 0.1625 0.1845 0.1845 0.1845 0.2135 0.2135 0.211 0.211 0.2345 0.2345 0.2345 0.234 0.234 0.232 0.232 0.2355 0.2355 0.2355 0.1835 0.1835 0.166 0.166 0.1555 0.1555 0.1555 0.123
0.3975 0.3975 0.2305 0.2305 0.2325 0.2325 0.217 0.217 0.217 0.2305 0.2305 0.2395 0.2395 0.238 0.238 0.227 0.227 0.227 0.2205 0.2205 0.2105 0.2105 0.199 0.199 0.199 0.2005 0.2005 0.199 0.199 0.193 0.193 0.193 0.175 0.175 0.1925 0.1925 0.171 0.171 0.171 0.181 0.181 0.172 0.172 0.171 0.171 0.171 0.15 0.15 0.1475 0.1475 0.1625 0.1625 0.1845 0.1845 0.1845 0.2135 0.2135 0.211 0.211 0.2345 0.2345 0.2345 0.234 0.234 0.232 0.232 0.2355 0.2355 0.2355 0.1835 0.1835 0.166 0.166 0.1555 0.1555 0.1555 0.123
0.3975 0.3975 0.2305 0.2305 0.2325 0.2325 0.217 0.217 0.217 0.2305 0.2305 0.2395 0.2395 0.238 0.238 0.227 0.227 0.227 0.2205 0.2205 0.2105 0.2105 0.199 0.199 0.199 0.2005 0.2005 0.199 0.199 0.193 0.193 0.193 0.175 0.175 0.1925 0.1925 0.171 0.171 0.171 0.181 0.181 0.172 0.172 0.171 0.171 0.171 0.15 0.15 0.1475 0.1475 0.1625 0.1625 0.1845 0.1845 0.1845 0.2135 0.2135 0.211 0.211 0.2345 0.2345 0.2345 0.234 0.234 0.232 0.232 0.2355 0.2355 0.2355 0.1835 0.1835 0.166 0.166 0.1555 0.1555 0.1555 0.123
0.238 0.238 0.213 0.213 0.2235 0.2235 0.224 0.224 0.224 0.2315 0.2315 0.2235 0.2235 0.232 0.232 0.214 0.214 0.214 0.181 0.181 0.196 0.196 0.2165 0.2165 0.2165 0.2055 0.2055 0.2215 0.2215 0.2115 0.2115 0.2115 0.215 0.215 0.213 0.213 0.1985 0.1985 0.1985 0.183 0.183 0.1695 0.1695 0.1885 0.1885 0.1885 0.1855 0.1855 0.131 0.131 0.125 0.125 0.1025 0.1025 0.1025 0.122 0.122 0.1955 0.1955 0.2205 0.2205 0.2205 0.2305 0.2305 0.2315 0.2315 0.248 0.248 0.248 0.218 0.218 0.2065 0.2065 0.168 0.168 0.168 0.1395
0.238 0.238 0.213 0.213 0.2235 0.2235 0.224 0.224 0.224 0.2315 0.2315 0.2235 0.2235 0.232 0.232 0.214 0.214 0.214 0.181 0.181 0.196 0.196 0.2165 0.2165 0.2165 0.2055 0.2055 0.2215 0.2215 0.2115 0.2115 0.2115 0.215 0.215 0.213 0.213 0.1985 0.1985 0.1985 0.183 0.183 0.1695 0.1695 0.1885 0.1885 0.1885 0.1855 0.1855 0.131 0.131 0.125 0.125 0.1025 0.1025 0.1025 0.122 0.122 0.1955 0.1955 0.2205 0.2205 0.2205 0.2305 0.2305 0.2315 0.2315 0.248 0.248 0.248 0.218 0.218 0.2065 0.2065 0.168 0.168 0.168 0.1395
0.2415 0.2415 0.2525 0.2525 0.2705 0.2705 0.2745 0.2745 0.2745 0.259 0.259 0.2465 0.2465 0.225 0.225 0.197 0.197 0.197 0.188 0.188 0.211 0.211 0.223 0.223 0.223 0.239 0.239 0.2295 0.2295 0.219 0.219 0.219 0.2115 0.2115 0.211 0.211 0.208 0.208 0.208 0.2095 0.2095 0.1665 0.1665 0.1675 0.1675 0.1675 0.1555 0.1555 0.1225 0.1225 0.1245 0.1245 0.1235 0.1235 0.1235 0.16 0.16 0.1765 0.1765 0.217 0.217 0.217 0.2145 0.2145 0.213 0.213 0.232 0.232 0.232 0.216 0.216 0.2695 0.2695 0.174 0.174 0.174 0.1295
0.2415 0.2415 0.2525 0.2525 0.2705 0.2705 0.2745 0.2745 0.2745 0.259 0.259 0.2465 0.2465 0.225 0.225 0.197 0.197 0.197 0.188 0.188 0.211 0.211 0.223 0.223 0.223 0.239 0.239 0.2295 0.2295 0.219 0.219 0.219 0.2115 0.2115 0.211 0.211 0.208 0.208 0.208 0.2095 0.2095 0.1665 0.1665 0.1675 0.1675 0.1675 0.1555 0.1555 0.1225 0.1225 0.1245 0.1245 0.1235 0.1235 0.1235 0.16 0.16 0.1765 0.1765 0.217 0.217 0.217 0.2145 0.2145 0.213 0.213 0.232 0.232 0.232 0.216 0.216 0.2695 0.2695 0.174 0.174 0.174 0.1295
0.2465 0.2465 0.237 0.237 0.2525 0.2525 0.277 0.277 0.277 0.3025 0.3025 0.256 0.256 0.2615 0.2615 0.246 0.246 0.246 0.256 0.256 0.2845 0.2845 0.2295 0.2295 0.2295 0.274 0.274 0.2375 0.2375 0.215 0.215 0.215 0.213 0.213 0.224 0.224 0.201 0.201 0.201 0.2055 0.2055 0.184 0.184 0.144 0.144 0.144 0.1585 0.1585 0.1415 0.1415 0.1395 0.1395 0.1655 0.1655 0.1655 0.1685 0.1685 0.1855 0.1855 0.2305 0.2305 0.2305 0.2165 0.2165 0.221 0.221 0.2245 0.2245 0.2245 0.2315 0.2315 0.2115 0.2115 0.164 0.164 0.164 0.143
0.2465 0.2465 0.237 0.237 0.2525 0.2525 0.277 0.277 0.277 0.3025 0.3025 0.256 0.256 0.2615 0.2615 0.246 0.246 0.246 0.256 0.256 0.2845 0.2845 0.2295 0.2295 0.2295 0.274 0.274 0.2375 0.2375 0.215 0.215 0.215 0.213 0.213 0.224 0.224 0.201 0.201 0.201 0.2055 0.2055 0.184 0.184 0.144 0.144 0.144 0.1585 0.1585 0.1415 0.1415 0.1395 0.1395 0.1655 0.1655 0.1655 0.1685 0.1685 0.1855 0.1855 0.2305 0.2305 0.2305 0.2165 0.2165 0.221 0.221 0.2245 0.2245 0.2245 0.2315 0.2315 0.2115 0.2115 0.164 0.164 0.164 0.143
0.2465 0.2465 0.237 0.237 0.2525 0.2525 0.277 0.277 0.277 0.3025 0.3025 0.256 0.256 0.2615 0.2615 0.246 0.246 0.246 0.256 0.256 0.2845 0.2845 0.2295 0.2295 0.2295 0.274 0.274 0.2375 0.2375 0.215 0.215 0.215 0.213 0.213 0.224 0.224 0.201 0.201 0.201 0.2055 0.2055 0.184 0.184 0.144 0.144 0.144 0.1585 0.1585 0.1415 0.1415 0.1395 0.1395 0.1655 0.1655 0.1655 0.1685 0.1685 0.1855 0.1855 0.2305 0.2305 0.2305 0.2165 0.2165 0.221 0.221 0.2245 0.2245 0.2245 0.2315 0.2315 0.2115 0.2115 0.164 0.164 0.164 0.143
0.2295 0.2295 0.247 0.247 0.2095 0.2095 0.2295 0.2295 0.2295 0.2625 0.2625 0.233 0.233 0.2585 0.2585 0.2545 0.2545 0.2545 0.273 0.273 0.269 0.269 0.2615 0.2615 0.2615 0.2575 0.2575 0.2545 0.2545 0.2155 0.2155 0.2155 0.205 0.205 0.202 0.202 0.1955 0.1955 0.1955 0.201 0.201 0.204 0.204 0.187 0.187 0.187 0.1365 0.1365 0.1715 0.1715 0.173 0.173 0.184 0.184 0.184 0.204 0.204 0.184 0.184 0.222 0.222 0.222 0.216 0.216 0.234 0.234 0.217 0.217 0.217 0.232 0.232 0.2125 0.2125 0.18 0.18 0.18 0.135
