ndvi/NOAA-49.asc
ncols         252
nrows         154
xllcorner     -18.017974
yllcorner     13.481982
cellsize      0.035948
NODATA_value  -9999
[rows 0 to 33 of 154, columns 154 to 230 of 252]
0.0995 0.101 0.101 0.1085 0.1085 0.1085 0.109 0.109 0.1095 0.1095 0.11 0.11 0.106 0.106 0.106 0.1125 0.1125 0.1115 0.1115 0.1085 0.1085 0.1085 0.111 0.111 0.11 0.11 0.1085 0.1085 0.1085 0.104 0.104 0.107 0.107 0.1095 0.1095 0.1095 0.109 0.109 0.1075 0.1075 0.106 0.106 0.106 0.112 0.112 0.11 0.11 0.112 0.112 0.1165 0.1165 0.1165 0.119 0.119 0.116 0.116 0.115 0.115 0.115 0.115 0.115 0.1125 0.1125 0.11 0.11 0.11 0.1075 0.1075 0.1035 0.1035 0.104 0.104 0.104 0.1085 0.1085 0.1005 0.1005
0.0995 0.101 0.101 0.1085 0.1085 0.1085 0.109 0.109 0.1095 0.1095 0.11 0.11 0.106 0.106 0.106 0.1125 0.1125 0.1115 0.1115 0.1085 0.1085 0.1085 0.111 0.111 0.11 0.11 0.1085 0.1085 0.1085 0.104 0.104 0.107 0.107 0.1095 0.1095 0.1095 0.109 0.109 0.1075 0.1075 0.106 0.106 0.106 0.112 0.112 0.11 0.11 0.112 0.112 0.1165 0.1165 0.1165 0.119 0.119 0.116 0.116 0.115 0.115 0.115 0.115 0.115 0.1125 0.1125 0.11 0.11 0.11 0.1075 0.1075 0.1035 0.1035 0.104 0.104 0.104 0.1085 0.1085 0.1005 0.1005
0.1 0.1065 0.1065 0.107 0.107 0.107 0.113 0.113 0.1105 0.1105 0.1055 0.1055 0.1085 0.1085 0.1085 0.1125 0.1125 0.113 0.113 0.1145 0.1145 0.1145 0.113 0.113 0.111 0.111 0.115 0.115 0.115 0.119 0.119 0.116 0.116 0.1155 0.1155 0.1155 0.118 0.118 0.1165 0.1165 0.118 0.118 0.118 0.1285 0.1285 0.1245 0.1245 0.121 0.121 0.1255 0.1255 0.1255 0.1145 0.1145 0.116 0.116 0.121 0.121 0.121 0.124 0.124 0.1155 0.1155 0.1075 0.1075 0.1075 0.109 0.109 0.106 0.106 0.1045 0.1045 0.1045 0.102 0.102 0.099 0.099
0.1 0.1065 0.1065 0.107 0.107 0.107 0.113 0.113 0.1105 0.1105 0.1055 0.1055 0.1085 0.1085 0.1085 0.1125 0.1125 0.113 0.113 0.1145 0.1145 0.1145 0.113 0.113 0.111 0.111 0.115 0.115 0.115 0.119 0.119 0.116 0.116 0.1155 0.1155 0.1155 0.118 0.118 0.1165 0.1165 0.118 0.118 0.118 0.1285 0.1285 0.1245 0.1245 0.121 0.121 0.1255 0.1255 0.1255 0.1145 0.1145 0.116 0.116 0.121 0.121 0.121 0.124 0.124 0.1155 0.1155 0.1075 0.1075 0.1075 0.109 0.109 0.106 0.106 0.1045 0.1045 0.1045 0.102 0.102 0.099 0.099
0.1 0.1065 0.1065 0.107 0.107 0.107 0.113 0.113 0.1105 0.1105 0.1055 0.1055 0.1085 0.1085 0.1085 0.1125 0.1125 0.113 0.113 0.1145 0.1145 0.1145 0.113 0.113 0.111 0.111 0.115 0.115 0.115 0.119 0.119 0.116 0.116 0.1155 0.1155 0.1155 0.118 0.118 0.1165 0.1165 0.118 0.118 0.118 0.1285 0.1285 0.1245 0.1245 0.121 0.121 0.1255 0.1255 0.1255 0.1145 0.1145 0.116 0.116 0.121 0.121 0.121 0.124 0.124 0.1155 0.1155 0.1075 0.1075 0.1075 0.109 0.109 0.106 0.106 0.1045 0.1045 0.1045 0.102 0.102 0.099 0.099
0.108 0.1085 0.1085 0.113 0.113 0.113 0.1145 0.1145 0.12 0.12 0.1135 0.1135 0.117 0.117 0.117 0.118 0.118 0.113 0.113 0.113 0.113 0.113 0.1215 0.1215 0.1285 0.1285 0.1295 0.1295 0.1295 0.1305 0.1305 0.131 0.131 0.13 0.13 0.13 0.126 0.126 0.12 0.12 0.128 0.128 0.128 0.122 0.122 0.1235 0.1235 0.1255 0.1255 0.129 0.129 0.129 0.125 0.125 0.12 0.12 0.117 0.117 0.117 0.118 0.118 0.1125 0.1125 0.114 0.114 0.114 0.1075 0.1075 0.104 0.104 0.1025 0.1025 0.1025 0.1045 0.1045 0.1015 0.1015
0.108 0.1085 0.1085 0.113 0.113 0.113 0.1145 0.1145 0.12 0.12 0.1135 0.1135 0.117 0.117 0.117 0.118 0.118 0.113 0.113 0.113 0.113 0.113 0.1215 0.1215 0.1285 0.1285 0.1295 0.1295 0.1295 0.1305 0.1305 0.131 0.131 0.13 0.13 0.13 0.126 0.126 0.12 0.12 0.128 0.128 0.128 0.122 0.122 0.1235 0.1235 0.1255 0.1255 0.129 0.129 0.129 0.125 0.125 0.12 0.12 0.117 0.117 0.117 0.118 0.118 0.1125 0.1125 0.114 0.114 0.114 0.1075 0.1075 0.104 0.104 0.1025 0.1025 0.1025 0.1045 0.1045 0.1015 0.1015
0.1125 0.112 0.112 0.115 0.115 0.115 0.114 0.114 0.116 0.116 0.117 0.117 0.113 0.113 0.113 0.116 0.116 0.1215 0.1215 0.119 0.119 0.119 0.122 0.122 0.1215 0.1215 0.1245 0.1245 0.1245 0.1205 0.1205 0.1245 0.1245 0.12 0.12 0.12 0.119 0.119 0.1205 0.1205 0.12 0.12 0.12 0.121 0.121 0.12 0.12 0.1245 0.1245 0.125 0.125 0.125 0.125 0.125 0.12 0.12 0.121 0.121 0.121 0.1215 0.1215 0.117 0.117 0.1145 0.1145 0.1145 0.1175 0.1175 0.1125 0.1125 0.1115 0.1115 0.1115 0.106 0.106 0.105 0.105
0.1125 0.112 0.112 0.115 0.115 0.115 0.114 0.114 0.116 0.116 0.117 0.117 0.113 0.113 0.113 0.116 0.116 0.1215 0.1215 0.119 0.119 0.119 0.122 0.122 0.1215 0.1215 0.1245 0.1245 0.1245 0.1205 0.1205 0.1245 0.1245 0.12 0.12 0.12 0.119 0.119 0.1205 0.1205 0.12 0.12 0.12 0.121 0.121 0.12 0.12 0.1245 0.1245 0.125 0.125 0.125 0.125 0.125 0.12 0.12 0.121 0.121 0.121 0.1215 0.1215 0.117 0.117 0.1145 0.1145 0.1145 0.1175 0.1175 0.1125 0.1125 0.1115 0.1115 0.1115 0.106 0.106 0.105 0.105
0.116 0.1145 0.1145 0.115 0.115 0.115 0.1155 0.1155 0.1235 0.1235 0.1165 0.1165 0.1165 0.1165 0.1165 0.117 0.117 0.1245 0.1245 0.1225 0.1225 0.1225 0.1155 0.1155 0.12 0.12 0.1255 0.1255 0.1255 0.1235 0.1235 0.1275 0.1275 0.1165 0.1165 0.1165 0.117 0.117 0.109 0.109 0.114 0.114 0.114 0.1215 0.1215 0.125 0.125 0.1255 0.1255 0.126 0.126 0.126 0.1215 0.1215 0.1225 0.1225 0.127 0.127 0.127 0.123 0.123 0.119 0.119 0.1155 0.1155 0.1155 0.1115 0.1115 0.109 0.109 0.1105 0.1105 0.1105 0.1055 0.1055 0.1065 0.1065
0.116 0.1145 0.1145 0.115 0.115 0.115 0.1155 0.1155 0.1235 0.1235 0.1165 0.1165 0.1165 0.1165 0.1165 0.117 0.117 0.1245 0.1245 0.1225 0.1225 0.1225 0.1155 0.1155 0.12 0.12 0.1255 0.1255 0.1255 0.1235 0.1235 0.1275 0.1275 0.1165 0.1165 0.1165 0.117 0.117 0.109 0.109 0.114 0.114 0.114 0.1215 0.1215 0.125 0.125 0.1255 0.1255 0.126 0.126 0.126 0.1215 0.1215 0.1225 0.1225 0.127 0.127 0.127 0.123 0.123 0.119 0.119 0.1155 0.1155 0.1155 0.1115 0.1115 0.109 0.109 0.1105 0.1105 0.1105 0.1055 0.1055 0.1065 0.1065
0.1215 0.113 0.113 0.119 0.119 0.119 0.113 0.113 0.1155 0.1155 0.1165 0.1165 0.119 0.119 0.119 0.126 0.126 0.122 0.122 0.1175 0.1175 0.1175 0.1245 0.1245 0.1195 0.1195 0.1175 0.1175 0.1175 0.1165 0.1165 0.118 0.118 0.118 0.118 0.118 0.1175 0.1175 0.1165 0.1165 0.118 0.118 0.118 0.1235 0.1235 0.116 0.116 0.134 0.134 0.124 0.124 0.124 0.127 0.127 0.124 0.124 0.126 0.126 0.126 0.121 0.121 0.11 0.11 0.103 0.103 0.103 0.1025 0.1025 0.103 0.103 0.1025 0.1025 0.1025 0.1025 0.1025 0.1075 0.1075
0.1215 0.113 0.113 0.119 0.119 0.119 0.113 0.113 0.1155 0.1155 0.1165 0.1165 0.119 0.119 0.119 0.126 0.126 0.122 0.122 0.1175 0.1175 0.1175 0.1245 0.1245 0.1195 0.1195 0.1175 0.1175 0.1175 0.1165 0.1165 0.118 0.118 0.118 0.118 0.118 0.1175 0.1175 0.1165 0.1165 0.118 0.118 0.118 0.1235 0.1235 0.116 0.116 0.134 0.134 0.124 0.124 0.124 0.127 0.127 0.124 0.124 0.126 0.126 0.126 0.121 0.121 0.11 0.11 0.103 0.103 0.103 0.1025 0.1025 0.103 0.103 0.1025 0.1025 0.1025 0.1025 0.1025 0.1075 0.1075
0.1215 0.113 0.113 0.119 0.119 0.119 0.113 0.113 0.1155 0.1155 0.1165 0.1165 0.119 0.119 0.119 0.126 0.126 0.122 0.122 0.1175 0.1175 0.1175 0.1245 0.1245 0.1195 0.1195 0.1175 0.1175 0.1175 0.1165 0.1165 0.118 0.118 0.118 0.118 0.118 0.1175 0.1175 0.1165 0.1165 0.118 0.118 0.118 0.1235 0.1235 0.116 0.116 0.134 0.134 0.124 0.124 0.124 0.127 0.127 0.124 0.124 0.126 0.126 0.126 0.121 0.121 0.11 0.11 0.103 0.103 0.103 0.1025 0.1025 0.103 0.103 0.1025 0.1025 0.1025 0.1025 0.1025 0.1075 0.1075
0.1215 0.12 0.12 0.119 0.119 0.119 0.1135 0.1135 0.118 0.118 0.119 0.119 0.1205 0.1205 0.1205 0.13 0.13 0.1225 0.1225 0.127 0.127 0.127 0.1205 0.1205 0.1295 0.1295 0.128 0.128 0.128 0.122 0.122 0.1205 0.1205 0.112 0.112 0.112 0.1065 0.1065 0.1035 0.1035 0.107 0.107 0.107 0.1135 0.1135 0.1225 0.1225 0.119 0.119 0.1115 0.1115 0.1115 0.109 0.109 0.1145 0.1145 0.1165 0.1165 0.1165 0.112 0.112 0.1085 0.1085 0.105 0.105 0.105 0.1005 0.1005 0.0995 0.0995 0.1025 0.1025 0.1025 0.101 0.101 0.1085 0.1085
0.1215 0.12 0.12 0.119 0.119 0.119 0.1135 0.1135 0.118 0.118 0.119 0.119 0.1205 0.1205 0.1205 0.13 0.13 0.1225 0.1225 0.127 0.127 0.127 0.1205 0.1205 0.1295 0.1295 0.128 0.128 0.128 0.122 0.122 0.1205 0.1205 0.112 0.112 0.112 0.1065 0.1065 0.1035 0.1035 0.107 0.107 0.107 0.1135 0.1135 0.1225 0.1225 0.119 0.119 0.1115 0.1115 0.1115 0.109 0.109 0.1145 0.1145 0.1165 0.1165 0.1165 0.112 0.112 0.1085 0.1085 0.105 0.105 0.105 0.1005 0.1005 0.0995 0.0995 0.1025 0.1025 0.1025 0.101 0.101 0.1085 0.1085
0.116 0.116 0.116 0.113 0.113 0.113 0.119 0.119 0.1215 0.1215 0.123 0.123 0.113 0.113 0.113 0.117 0.117 0.116 0.116 0.122 0.122 0.122 0.1185 0.1185 0.116 0.116 0.1085 0.1085 0.1085 0.1075 0.1075 0.11 0.11 0.1085 0.1085 0.1085 0.108 0.108 0.109 0.109 0.1095 0.1095 0.1095 0.1035 0.1035 0.096 0.096 0.101 0.101 0.092 0.092 0.092 0.1045 0.1045 0.1045 0.1045 0.11 0.11 0.11 0.1115 0.1115 0.1055 0.1055 0.099 0.099 0.099 0.1 0.1 0.0995 0.0995 0.1035 0.1035 0.1035 0.1035 0.1035 0.111 0.111
0.116 0.116 0.116 0.113 0.113 0.113 0.119 0.119 0.1215 0.1215 0.123 0.123 0.113 0.113 0.113 0.117 0.117 0.116 0.116 0.122 0.122 0.122 0.1185 0.1185 0.116 0.116 0.1085 0.1085 0.1085 0.1075 0.1075 0.11 0.11 0.1085 0.1085 0.1085 0.108 0.108 0.109 0.109 0.1095 0.1095 0.1095 0.1035 0.1035 0.096 0.096 0.101 0.101 0.092 0.092 0.092 0.1045 0.1045 0.1045 0.1045 0.11 0.11 0.11 0.1115 0.1115 0.1055 0.1055 0.099 0.099 0.099 0.1 0.1 0.0995 0.0995 0.1035 0.1035 0.1035 0.1035 0.1035 0.111 0.111
0.123 0.14 0.14 0.1625 0.1625 0.1625 0.114 0.114 0.11 0.11 0.115 0.115 0.11 0.11 0.11 0.106 0.106 0.1125 0.1125 0.118 0.118 0.118 0.113 0.113 0.111 0.111 0.104 0.104 0.104 0.097 0.097 0.0935 0.0935 0.0995 0.0995 0.0995 0.11 0.11 0.1195 0.1195 0.1135 0.1135 0.1135 0.116 0.116 0.108 0.108 0.1005 0.1005 0.098 0.098 0.098 0.09999999 0.09999999 0.107 0.107 0.114 0.114 0.114 0.11 0.11 0.11 0.11 0.105 0.105 0.105 0.1035 0.1035 0.1105 0.1105 0.1075 0.1075 0.1075 0.1125 0.1125 0.1115 0.1115
0.123 0.14 0.14 0.1625 0.1625 0.1625 0.114 0.114 0.11 0.11 0.115 0.115 0.11 0.11 0.11 0.106 0.106 0.1125 0.1125 0.118 0.118 0.118 0.113 0.113 0.111 0.111 0.104 0.104 0.104 0.097 0.097 0.0935 0.0935 0.0995 0.0995 0.0995 0.11 0.11 0.1195 0.1195 0.1135 0.1135 0.1135 0.116 0.116 0.108 0.108 0.1005 0.1005 0.098 0.098 0.098 0.09999999 0.09999999 0.107 0.107 0.114 0.114 0.114 0.11 0.11 0.11 0.11 0.105 0.105 0.105 0.1035 0.1035 0.1105 0.1105 0.1075 0.1075 0.1075 0.1125 0.1125 0.1115 0.1115
0.123 0.14 0.14 0.1625 0.1625 0.1625 0.114 0.114 0.11 0.11 0.115 0.115 0.11 0.11 0.11 0.106 0.106 0.1125 0.1125 0.118 0.118 0.118 0.113 0.113 0.111 0.111 0.104 0.104 0.104 0.097 0.097 0.0935 0.0935 0.0995 0.0995 0.0995 0.11 0.11 0.1195 0.1195 0.1135 0.1135 0.1135 0.116 0.116 0.108 0.108 0.1005 0.1005 0.098 0.098 0.098 0.09999999 0.09999999 0.107 0.107 0.114 0.114 0.114 0.11 0.11 0.11 0.11 0.105 0.105 0.105 0.1035 0.1035 0.1105 0.1105 0.1075 0.1075 0.1075 0.1125 0.1125 0.1115 0.1115
0.1185 0.1315 0.1315 0.141 0.141 0.141 0.114 0.114 0.105 0.105 0.111 0.111 0.1065 0.1065 0.1065 0.117 0.117 0.1185 0.1185 0.113 0.113 0.113 0.118 0.118 0.109 0.109 0.1035 0.1035 0.1035 0.1065 0.1065 0.098 0.098 0.1005 0.1005 0.1005 0.112 0.112 0.1225 0.1225 0.116 0.116 0.116 0.115 0.115 0.118 0.118 0.1165 0.1165 0.1175 0.1175 0.1175 0.1105 0.1105 0.1155 0.1155 0.113 0.113 0.113 0.111 0.111 0.1145 0.1145 0.1125 0.1125 0.1125 0.1155 0.1155 0.1145 0.1145 0.115 0.115 0.115 0.1145 0.1145 0.1075 0.1075
0.1185 0.1315 0.1315 0.141 0.141 0.141 0.114 0.114 0.105 0.105 0.111 0.111 0.1065 0.1065 0.1065 0.117 0.117 0.1185 0.1185 0.113 0.113 0.113 0.118 0.118 0.109 0.109 0.1035 0.1035 0.1035 0.1065 0.1065 0.098 0.098 0.1005 0.1005 0.1005 0.112 0.112 0.1225 0.1225 0.116 0.116 0.116 0.115 0.115 0.118 0.118 0.1165 0.1165 0.1175 0.1175 0.1175 0.1105 0.1105 0.1155 0.1155 0.113 0.113 0.113 0.111 0.111 0.1145 0.1145 0.1125 0.1125 0.1125 0.1155 0.1155 0.1145 0.1145 0.115 0.115 0.115 0.1145 0.1145 0.1075 0.1075
0.125 0.13 0.13 0.131 0.131 0.131 0.1355 0.1355 0.1165 0.1165 0.1205 0.1205 0.116 0.116 0.116 0.114 0.114 0.119 0.119 0.1355 0.1355 0.1355 0.138 0.138 0.132 0.132 0.124 0.124 0.124 0.126 0.126 0.1335 0.1335 0.131 0.131 0.131 0.1295 0.1295 0.118 0.118 0.1215 0.1215 0.1215 0.1195 0.1195 0.1175 0.1175 0.125 0.125 0.1175 0.1175 0.1175 0.1145 0.1145 0.117 0.117 0.1145 0.1145 0.1145 0.1145 0.1145 0.115 0.115 0.12 0.12 0.12 0.122 0.122 0.117 0.117 0.1165 0.1165 0.1165 0.1175 0.1175 0.1085 0.1085
0.125 0.13 0.13 0.131 0.131 0.131 0.1355 0.1355 0.1165 0.1165 0.1205 0.1205 0.116 0.116 0.116 0.114 0.114 0.119 0.119 0.1355 0.1355 0.1355 0.138 0.138 0.132 0.132 0.124 0.124 0.124 0.126 0.126 0.1335 0.1335 0.131 0.131 0.131 0.1295 0.1295 0.118 0.118 0.1215 0.1215 0.1215 0.1195 0.1195 0.1175 0.1175 0.125 0.125 0.1175 0.1175 0.1175 0.1145 0.1145 0.117 0.117 0.1145 0.1145 0.1145 0.1145 0.1145 0.115 0.115 0.12 0.12 0.12 0.122 0.122 0.117 0.117 0.1165 0.1165 0.1165 0.1175 0.1175 0.1085 0.1085
0.1295 0.1215 0.1215 0.1415 0.1415 0.1415 0.169 0.169 0.1395 0.1395 0.1375 0.1375 0.139 0.139 0.139 0.136 0.136 0.1385 0.1385 0.141 0.141 0.141 0.1425 0.1425 0.135 0.135 0.1245 0.1245 0.1245 0.1165 0.1165 0.129 0.129 0.129 0.129 0.129 0.131 0.131 0.123 0.123 0.123 0.123 0.123 0.12 0.12 0.1225 0.1225 0.125 0.125 0.126 0.126 0.126 0.123 0.123 0.1175 0.1175 0.1175 0.1175 0.1175 0.117 0.117 0.1185 0.1185 0.125 0.125 0.125 0.1225 0.1225 0.12 0.12 0.1215 0.1215 0.1215 0.122 0.122 0.1145 0.1145
0.1295 0.1215 0.1215 0.1415 0.1415 0.1415 0.169 0.169 0.1395 0.1395 0.1375 0.1375 0.139 0.139 0.139 0.136 0.136 0.1385 0.1385 0.141 0.141 0.141 0.1425 0.1425 0.135 0.135 0.1245 0.1245 0.1245 0.1165 0.1165 0.129 0.129 0.129 0.129 0.129 0.131 0.131 0.123 0.123 0.123 0.123 0.123 0.12 0.12 0.1225 0.1225 0.125 0.125 0.126 0.126 0.126 0.123 0.123 0.1175 0.1175 0.1175 0.1175 0.1175 0.117 0.117 0.1185 0.1185 0.125 0.125 0.125 0.1225 0.1225 0.12 0.12 0.1215 0.1215 0.1215 0.122 0.122 0.1145 0.1145
0.1295 0.1215 0.1215 0.1415 0.1415 0.1415 0.169 0.169 0.1395 0.1395 0.1375 0.1375 0.139 0.139 0.139 0.136 0.136 0.1385 0.1385 0.141 0.141 0.141 0.1425 0.1425 0.135 0.135 0.1245 0.1245 0.1245 0.1165 0.1165 0.129 0.129 0.129 0.129 0.129 0.131 0.131 0.123 0.123 0.123 0.123 0.123 0.12 0.12 0.1225 0.1225 0.125 0.125 0.126 0.126 0.126 0.123 0.123 0.1175 0.1175 0.1175 0.1175 0.1175 0.117 0.117 0.1185 0.1185 0.125 0.125 0.125 0.1225 0.1225 0.12 0.12 0.1215 0.1215 0.1215 0.122 0.122 0.1145 0.1145
0.1225 0.1215 0.1215 0.1515 0.1515 0.1515 0.1675 0.1675 0.1755 0.1755 0.144 0.144 0.136 0.136 0.136 0.146 0.146 0.141 0.141 0.14 0.14 0.14 0.1385 0.1385 0.135 0.135 0.1335 0.1335 0.1335 0.133 0.133 0.1285 0.1285 0.128 0.128 0.128 0.1245 0.1245 0.1235 0.1235 0.121 0.121 0.121 0.1215 0.1215 0.128 0.128 0.1335 0.1335 0.1325 0.1325 0.1325 0.128 0.128 0.121 0.121 0.1195 0.1195 0.1195 0.12 0.12 0.1275 0.1275 0.128 0.128 0.128 0.1245 0.1245 0.125 0.125 0.1205 0.1205 0.1205 0.12 0.12 0.121 0.121
0.1225 0.1215 0.1215 0.1515 0.1515 0.1515 0.1675 0.1675 0.1755 0.1755 0.144 0.144 0.136 0.136 0.136 0.146 0.146 0.141 0.141 0.14 0.14 0.14 0.1385 0.1385 0.135 0.135 0.1335 0.1335 0.1335 0.133 0.133 0.1285 0.1285 0.128 0.128 0.128 0.1245 0.1245 0.1235 0.1235 0.121 0.121 0.121 0.1215 0.1215 0.128 0.128 0.1335 0.1335 0.1325 0.1325 0.1325 0.128 0.128 0.121 0.121 0.1195 0.1195 0.1195 0.12 0.12 0.1275 0.1275 0.128 0.128 0.128 0.1245 0.1245 0.125 0.125 0.1205 0.1205 0.1205 0.12 0.12 0.121 0.121
0.131 0.1195 0.1195 0.1355 0.1355 0.1355 0.1465 0.1465 0.161 0.161 0.132 0.132 0.124 0.124 0.124 0.1265 0.1265 0.1285 0.1285 0.1445 0.1445 0.1445 0.132 0.132 0.134 0.134 0.1435 0.1435 0.1435 0.141 0.141 0.134 0.134 0.131 0.131 0.131 0.132 0.132 0.131 0.131 0.1335 0.1335 0.1335 0.1305 0.1305 0.135 0.135 0.1355 0.1355 0.138 0.138 0.138 0.1395 0.1395 0.1365 0.1365 0.131 0.131 0.131 0.1285 0.1285 0.133 0.133 0.1335 0.1335 0.1335 0.134 0.134 0.138 0.138 0.133 0.133 0.133 0.1345 0.1345 0.117 0.117
0.131 0.1195 0.1195 0.1355 0.1355 0.1355 0.1465 0.1465 0.161 0.161 0.132 0.132 0.124 0.124 0.124 0.1265 0.1265 0.1285 0.1285 0.1445 0.1445 0.1445 0.132 0.132 0.134 0.134 0.1435 0.1435 0.1435 0.141 0.141 0.134 0.134 0.131 0.131 0.131 0.132 0.132 0.131 0.131 0.1335 0.1335 0.1335 0.1305 0.1305 0.135 0.135 0.1355 0.1355 0.138 0.138 0.138 0.1395 0.1395 0.1365 0.1365 0.131 0.131 0.131 0.1285 0.1285 0.133 0.133 0.1335 0.1335 0.1335 0.134 0.134 0.138 0.138 0.133 0.133 0.133 0.1345 0.1345 0.117 0.117
0.1455 0.1385 0.1385 0.1255 0.1255 0.1255 0.1325 0.1325 0.131 0.131 0.111 0.111 0.112 0.112 0.112 0.1115 0.1115 0.1205 0.1205 0.119 0.119 0.119 0.1175 0.1175 0.1345 0.1345 0.139 0.139 0.139 0.14 0.14 0.14 0.14 0.1345 0.1345 0.1345 0.1305 0.1305 0.1325 0.1325 0.1345 0.1345 0.1345 0.132 0.132 0.134 0.134 0.1395 0.1395 0.139 0.139 0.139 0.152 0.152 0.143 0.143 0.1425 0.1425 0.1425 0.1395 0.1395 0.139 0.139 0.136 0.136 0.136 0.1395 0.1395 0.138 0.138 0.1305 0.1305 0.1305 0.1275 0.1275 0.1225 0.1225
0.1455 0.1385 0.1385 0.1255 0.1255 0.1255 0.1325 0.1325 0.131 0.131 0.111 0.111 0.112 0.112 0.112 0.1115 0.1115 0.1205 0.1205 0.119 0.119 0.119 0.1175 0.1175 0.1345 0.1345 0.139 0.139 0.139 0.14 0.14 0.14 0.14 0.1345 0.1345 0.1345 0.1305 0.1305 0.1325 0.1325 0.1345 0.1345 0.1345 0.132 0.132 0.134 0.134 0.1395 0.1395 0.139 0.139 0.139 0.152 0.152 0.143 0.143 0.1425 0.1425 0.1425 0.1395 0.1395 0.139 0.139 0.136 0.136 0.136 0.1395 0.1395 0.138 0.138 0.1305 0.1305 0.1305 0.1275 0.1275 0.1225 0.1225
