ndvi/NOAA-264.asc
ncols         252
nrows         154
xllcorner     -18.017974
yllcorner     13.481982
cellsize      0.035948
NODATA_value  -9999
[rows 102 to 135 of 154, columns 154 to 230 of 252]
0.297 0.258 0.258 0.229 0.229 0.229 0.213 0.213 0.2235 0.2235 0.2315 0.2315 0.2485 0.2485 0.2485 0.2915 0.2915 0.274 0.274 0.2825 0.2825 0.2825 0.265 0.265 0.2615 0.2615 0.2585 0.2585 0.2585 0.2495 0.2495 0.261 0.261 0.259 0.259 0.259 0.262 0.262 0.25 0.25 0.2705 0.2705 0.2705 0.272 0.272 0.2855 0.2855 0.271 0.271 0.2745 0.2745 0.2745 0.2585 0.2585 0.2265 0.2265 0.2235 0.2235 0.2235 0.248 0.248 0.2525 0.2525 0.2505 0.2505 0.2505 0.2545 0.2545 0.253 0.253 0.259 0.259 0.259 0.2685 0.2685 0.2775 0.2775
0.2505 0.2475 0.2475 0.264 0.264 0.264 0.23 0.23 0.239 0.239 0.2535 0.2535 0.2485 0.2485 0.2485 0.2775 0.2775 0.2665 0.2665 0.2595 0.2595 0.2595 0.2565 0.2565 0.2625 0.2625 0.2665 0.2665 0.2665 0.2925 0.2925 0.27 0.27 0.2695 0.2695 0.2695 0.273 0.273 0.266 0.266 0.267 0.267 0.267 0.283 0.283 0.307 0.307 0.308 0.308 0.3105 0.3105 0.3105 0.2815 0.2815 0.2605 0.2605 0.2845 0.2845 0.2845 0.262 0.262 0.2755 0.2755 0.292 0.292 0.292 0.266 0.266 0.2605 0.2605 0.302 0.302 0.302 0.2965 0.2965 0.296 0.296
0.2505 0.2475 0.2475 0.264 0.264 0.264 0.23 0.23 0.239 0.239 0.2535 0.2535 0.2485 0.2485 0.2485 0.2775 0.2775 0.2665 0.2665 0.2595 0.2595 0.2595 0.2565 0.2565 0.2625 0.2625 0.2665 0.2665 0.2665 0.2925 0.2925 0.27 0.27 0.2695 0.2695 0.2695 0.273 0.273 0.266 0.266 0.267 0.267 0.267 0.283 0.283 0.307 0.307 0.308 0.308 0.3105 0.3105 0.3105 0.2815 0.2815 0.2605 0.2605 0.2845 0.2845 0.2845 0.262 0.262 0.2755 0.2755 0.292 0.292 0.292 0.266 0.266 0.2605 0.2605 0.302 0.302 0.302 0.2965 0.2965 0.296 0.296
0.2505 0.2475 0.2475 0.264 0.264 0.264 0.23 0.23 0.239 0.239 0.2535 0.2535 0.2485 0.2485 0.2485 0.2775 0.2775 0.2665 0.2665 0.2595 0.2595 0.2595 0.2565 0.2565 0.2625 0.2625 0.2665 0.2665 0.2665 0.2925 0.2925 0.27 0.27 0.2695 0.2695 0.2695 0.273 0.273 0.266 0.266 0.267 0.267 0.267 0.283 0.283 0.307 0.307 0.308 0.308 0.3105 0.3105 0.3105 0.2815 0.2815 0.2605 0.2605 0.2845 0.2845 0.2845 0.262 0.262 0.2755 0.2755 0.292 0.292 0.292 0.266 0.266 0.2605 0.2605 0.302 0.302 0.302 0.2965 0.2965 0.296 0.296
0.262 0.265 0.265 0.269 0.269 0.269 0.248 0.248 0.2525 0.2525 0.2835 0.2835 0.262 0.262 0.262 0.2625 0.2625 0.2645 0.2645 0.2525 0.2525 0.2525 0.258 0.258 0.252 0.252 0.2805 0.2805 0.2805 0.292 0.292 0.2925 0.2925 0.3045 0.3045 0.3045 0.2975 0.2975 0.315 0.315 0.3305 0.3305 0.3305 0.3255 0.3255 0.3215 0.3215 0.329 0.329 0.3 0.3 0.3 0.399 0.399 0.396 0.396 0.343 0.343 0.343 0.279 0.279 0.2795 0.2795 0.31 0.31 0.31 0.2955 0.2955 0.279 0.279 0.2825 0.2825 0.2825 0.3065 0.3065 0.3105 0.3105
0.262 0.265 0.265 0.269 0.269 0.269 0.248 0.248 0.2525 0.2525 0.2835 0.2835 0.262 0.262 0.262 0.2625 0.2625 0.2645 0.2645 0.2525 0.2525 0.2525 0.258 0.258 0.252 0.252 0.2805 0.2805 0.2805 0.292 0.292 0.2925 0.2925 0.3045 0.3045 0.3045 0.2975 0.2975 0.315 0.315 0.3305 0.3305 0.3305 0.3255 0.3255 0.3215 0.3215 0.329 0.329 0.3 0.3 0.3 0.399 0.399 0.396 0.396 0.343 0.343 0.343 0.279 0.279 0.2795 0.2795 0.31 0.31 0.31 0.2955 0.2955 0.279 0.279 0.2825 0.2825 0.2825 0.3065 0.3065 0.3105 0.3105
0.2735 0.2735 0.2735 0.2685 0.2685 0.2685 0.279 0.279 0.267 0.267 0.2695 0.2695 0.2565 0.2565 0.2565 0.2745 0.2745 0.254 0.254 0.2495 0.2495 0.2495 0.2535 0.2535 0.2605 0.2605 0.288 0.288 0.288 0.311 0.311 0.3145 0.3145 0.3225 0.3225 0.3225 0.3425 0.3425 0.334 0.334 0.308 0.308 0.308 0.32 0.32 0.296 0.296 0.314 0.314 0.3365 0.3365 0.3365 0.3615 0.3615 0.409 0.409 0.341 0.341 0.341 0.3375 0.3375 0.3155 0.3155 0.3475 0.3475 0.3475 0.3585 0.3585 0.3255 0.3255 0.315 0.315 0.315 0.3305 0.3305 0.314 0.314
0.2735 0.2735 0.2735 0.2685 0.2685 0.2685 0.279 0.279 0.267 0.267 0.2695 0.2695 0.2565 0.2565 0.2565 0.2745 0.2745 0.254 0.254 0.2495 0.2495 0.2495 0.2535 0.2535 0.2605 0.2605 0.288 0.288 0.288 0.311 0.311 0.3145 0.3145 0.3225 0.3225 0.3225 0.3425 0.3425 0.334 0.334 0.308 0.308 0.308 0.32 0.32 0.296 0.296 0.314 0.314 0.3365 0.3365 0.3365 0.3615 0.3615 0.409 0.409 0.341 0.341 0.341 0.3375 0.3375 0.3155 0.3155 0.3475 0.3475 0.3475 0.3585 0.3585 0.3255 0.3255 0.315 0.315 0.315 0.3305 0.3305 0.314 0.314
0.271 0.269 0.269 0.26 0.26 0.26 0.2685 0.2685 0.278 0.278 0.2705 0.2705 0.264 0.264 0.264 0.3215 0.3215 0.2695 0.2695 0.251 0.251 0.251 0.2585 0.2585 0.2785 0.2785 0.267 0.267 0.267 0.263 0.263 0.3155 0.3155 0.3335 0.3335 0.3335 0.299 0.299 0.2945 0.2945 0.2855 0.2855 0.2855 0.292 0.292 0.3265 0.3265 0.2915 0.2915 0.3065 0.3065 0.3065 0.3465 0.3465 0.36 0.36 0.3475 0.3475 0.3475 0.349 0.349 0.3285 0.3285 0.352 0.352 0.352 0.348 0.348 0.3505 0.3505 0.3415 0.3415 0.3415 0.351 0.351 0.3515 0.3515
0.271 0.269 0.269 0.26 0.26 0.26 0.2685 0.2685 0.278 0.278 0.2705 0.2705 0.264 0.264 0.264 0.3215 0.3215 0.2695 0.2695 0.251 0.251 0.251 0.2585 0.2585 0.2785 0.2785 0.267 0.267 0.267 0.263 0.263 0.3155 0.3155 0.3335 0.3335 0.3335 0.299 0.299 0.2945 0.2945 0.2855 0.2855 0.2855 0.292 0.292 0.3265 0.3265 0.2915 0.2915 0.3065 0.3065 0.3065 0.3465 0.3465 0.36 0.36 0.3475 0.3475 0.3475 0.349 0.349 0.3285 0.3285 0.352 0.352 0.352 0.348 0.348 0.3505 0.3505 0.3415 0.3415 0.3415 0.351 0.351 0.3515 0.3515
0.271 0.269 0.269 0.26 0.26 0.26 0.2685 0.2685 0.278 0.278 0.2705 0.2705 0.264 0.264 0.264 0.3215 0.3215 0.2695 0.2695 0.251 0.251 0.251 0.2585 0.2585 0.2785 0.2785 0.267 0.267 0.267 0.263 0.263 0.3155 0.3155 0.3335 0.3335 0.3335 0.299 0.299 0.2945 0.2945 0.2855 0.2855 0.2855 0.292 0.292 0.3265 0.3265 0.2915 0.2915 0.3065 0.3065 0.3065 0.3465 0.3465 0.36 0.36 0.3475 0.3475 0.3475 0.349 0.349 0.3285 0.3285 0.352 0.352 0.352 0.348 0.348 0.3505 0.3505 0.3415 0.3415 0.3415 0.351 0.351 0.3515 0.3515
0.2625 0.274 0.274 0.275 0.275 0.275 0.2785 0.2785 0.275 0.275 0.2815 0.2815 0.343 0.343 0.343 0.29 0.29 0.26 0.26 0.264 0.264 0.264 0.271 0.271 0.2615 0.2615 0.273 0.273 0.273 0.2925 0.2925 0.2975 0.2975 0.3635 0.3635 0.3635 0.336 0.336 0.2795 0.2795 0.285 0.285 0.285 0.265 0.265 0.299 0.299 0.3095 0.3095 0.3175 0.3175 0.3175 0.329 0.329 0.3175 0.3175 0.3395 0.3395 0.3395 0.358 0.358 0.3795 0.3795 0.34 0.34 0.34 0.32 0.32 0.331 0.331 0.3315 0.3315 0.3315 0.3455 0.3455 0.339 0.339
0.2625 0.274 0.274 0.275 0.275 0.275 0.2785 0.2785 0.275 0.275 0.2815 0.2815 0.343 0.343 0.343 0.29 0.29 0.26 0.26 0.264 0.264 0.264 0.271 0.271 0.2615 0.2615 0.273 0.273 0.273 0.2925 0.2925 0.2975 0.2975 0.3635 0.3635 0.3635 0.336 0.336 0.2795 0.2795 0.285 0.285 0.285 0.265 0.265 0.299 0.299 0.3095 0.3095 0.3175 0.3175 0.3175 0.329 0.329 0.3175 0.3175 0.3395 0.3395 0.3395 0.358 0.358 0.3795 0.3795 0.34 0.34 0.34 0.32 0.32 0.331 0.331 0.3315 0.3315 0.3315 0.3455 0.3455 0.339 0.339
0.285 0.264 0.264 0.281 0.281 0.281 0.29 0.29 0.2725 0.2725 0.28 0.28 0.272 0.272 0.272 0.2775 0.2775 0.275 0.275 0.2635 0.2635 0.2635 0.274 0.274 0.284 0.284 0.285 0.285 0.285 0.294 0.294 0.2945 0.2945 0.35 0.35 0.35 0.2935 0.2935 0.2935 0.2935 0.257 0.257 0.257 0.2635 0.2635 0.2775 0.2775 0.341 0.341 0.338 0.338 0.338 0.3315 0.3315 0.3375 0.3375 0.404 0.404 0.404 0.3825 0.3825 0.379 0.379 0.3595 0.3595 0.3595 0.36 0.36 0.3245 0.3245 0.3165 0.3165 0.3165 0.3375 0.3375 0.3345 0.3345
0.285 0.264 0.264 0.281 0.281 0.281 0.29 0.29 0.2725 0.2725 0.28 0.28 0.272 0.272 0.272 0.2775 0.2775 0.275 0.275 0.2635 0.2635 0.2635 0.274 0.274 0.284 0.284 0.285 0.285 0.285 0.294 0.294 0.2945 0.2945 0.35 0.35 0.35 0.2935 0.2935 0.2935 0.2935 0.257 0.257 0.257 0.2635 0.2635 0.2775 0.2775 0.341 0.341 0.338 0.338 0.338 0.3315 0.3315 0.3375 0.3375 0.404 0.404 0.404 0.3825 0.3825 0.379 0.379 0.3595 0.3595 0.3595 0.36 0.36 0.3245 0.3245 0.3165 0.3165 0.3165 0.3375 0.3375 0.3345 0.3345
0.281 0.282 0.282 0.2885 0.2885 0.2885 0.265 0.265 0.292 0.292 0.275 0.275 0.2885 0.2885 0.2885 0.288 0.288 0.275 0.275 0.266 0.266 0.266 0.272 0.272 0.2685 0.2685 0.285 0.285 0.285 0.3185 0.3185 0.2905 0.2905 0.2715 0.2715 0.2715 0.289 0.289 0.2665 0.2665 0.3215 0.3215 0.3215 0.377 0.377 0.4105 0.4105 0.3525 0.3525 0.3955 0.3955 0.3955 0.366 0.366 0.362 0.362 0.377 0.377 0.377 0.377 0.377 0.384 0.384 0.3795 0.3795 0.3795 0.327 0.327 0.353 0.353 0.369 0.369 0.369 0.359 0.359 0.369 0.369
0.281 0.282 0.282 0.2885 0.2885 0.2885 0.265 0.265 0.292 0.292 0.275 0.275 0.2885 0.2885 0.2885 0.288 0.288 0.275 0.275 0.266 0.266 0.266 0.272 0.272 0.2685 0.2685 0.285 0.285 0.285 0.3185 0.3185 0.2905 0.2905 0.2715 0.2715 0.2715 0.289 0.289 0.2665 0.2665 0.3215 0.3215 0.3215 0.377 0.377 0.4105 0.4105 0.3525 0.3525 0.3955 0.3955 0.3955 0.366 0.366 0.362 0.362 0.377 0.377 0.377 0.377 0.377 0.384 0.384 0.3795 0.3795 0.3795 0.327 0.327 0.353 0.353 0.369 0.369 0.369 0.359 0.359 0.369 0.369
0.281 0.282 0.282 0.2885 0.2885 0.2885 0.265 0.265 0.292 0.292 0.275 0.275 0.2885 0.2885 0.2885 0.288 0.288 0.275 0.275 0.266 0.266 0.266 0.272 0.272 0.2685 0.2685 0.285 0.285 0.285 0.3185 0.3185 0.2905 0.2905 0.2715 0.2715 0.2715 0.289 0.289 0.2665 0.2665 0.3215 0.3215 0.3215 0.377 0.377 0.4105 0.4105 0.3525 0.3525 0.3955 0.3955 0.3955 0.366 0.366 0.362 0.362 0.377 0.377 0.377 0.377 0.377 0.384 0.384 0.3795 0.3795 0.3795 0.327 0.327 0.353 0.353 0.369 0.369 0.369 0.359 0.359 0.369 0.369
0.3125 0.303 0.303 0.2915 0.2915 0.2915 0.2745 0.2745 0.2905 0.2905 0.2895 0.2895 0.308 0.308 0.308 0.312 0.312 0.3415 0.3415 0.331 0.331 0.331 0.31 0.31 0.3075 0.3075 0.2925 0.2925 0.2925 0.2985 0.2985 0.313 0.313 0.335 0.335 0.335 0.3475 0.3475 0.3585 0.3585 0.413 0.413 0.413 0.395 0.395 0.355 0.355 0.341 0.341 0.3505 0.3505 0.3505 0.368 0.368 0.3895 0.3895 0.4015 0.4015 0.4015 0.347 0.347 0.388 0.388 0.385 0.385 0.385 0.35 0.35 0.3575 0.3575 0.392 0.392 0.392 0.375 0.375 0.352 0.352
0.3125 0.303 0.303 0.2915 0.2915 0.2915 0.2745 0.2745 0.2905 0.2905 0.2895 0.2895 0.308 0.308 0.308 0.312 0.312 0.3415 0.3415 0.331 0.331 0.331 0.31 0.31 0.3075 0.3075 0.2925 0.2925 0.2925 0.2985 0.2985 0.313 0.313 0.335 0.335 0.335 0.3475 0.3475 0.3585 0.3585 0.413 0.413 0.413 0.395 0.395 0.355 0.355 0.341 0.341 0.3505 0.3505 0.3505 0.368 0.368 0.3895 0.3895 0.4015 0.4015 0.4015 0.347 0.347 0.388 0.388 0.385 0.385 0.385 0.35 0.35 0.3575 0.3575 0.392 0.392 0.392 0.375 0.375 0.352 0.352
0.31 0.3105 0.3105 0.3025 0.3025 0.3025 0.2915 0.2915 0.2755 0.2755 0.283 0.283 0.297 0.297 0.297 0.3305 0.3305 0.348 0.348 0.339 0.339 0.339 0.354 0.354 0.3215 0.3215 0.29 0.29 0.29 0.2875 0.2875 0.3245 0.3245 0.3105 0.3105 0.3105 0.312 0.312 0.313 0.313 0.299 0.299 0.299 0.372 0.372 0.36 0.36 0.3935 0.3935 0.3755 0.3755 0.3755 0.3995 0.3995 0.38 0.38 0.356 0.356 0.356 0.3615 0.3615 0.3955 0.3955 0.3825 0.3825 0.3825 0.3835 0.3835 0.384 0.384 0.401 0.401 0.401 0.417 0.417 0.3355 0.3355
0.31 0.3105 0.3105 0.3025 0.3025 0.3025 0.2915 0.2915 0.2755 0.2755 0.283 0.283 0.297 0.297 0.297 0.3305 0.3305 0.348 0.348 0.339 0.339 0.339 0.354 0.354 0.3215 0.3215 0.29 0.29 0.29 0.2875 0.2875 0.3245 0.3245 0.3105 0.3105 0.3105 0.312 0.312 0.313 0.313 0.299 0.299 0.299 0.372 0.372 0.36 0.36 0.3935 0.3935 0.3755 0.3755 0.3755 0.3995 0.3995 0.38 0.38 0.356 0.356 0.356 0.3615 0.3615 0.3955 0.3955 0.3825 0.3825 0.3825 0.3835 0.3835 0.384 0.384 0.401 0.401 0.401 0.417 0.417 0.3355 0.3355
0.338 0.338 0.338 0.336 0.336 0.336 0.311 0.311 0.286 0.286 0.3245 0.3245 0.3465 0.3465 0.3465 0.337 0.337 0.3635 0.3635 0.3515 0.3515 0.3515 0.327 0.327 0.341 0.341 0.3215 0.3215 0.3215 0.319 0.319 0.358 0.358 0.319 0.319 0.319 0.3145 0.3145 0.3215 0.3215 0.307 0.307 0.307 0.311 0.311 0.327 0.327 0.3765 0.3765 0.408 0.408 0.408 0.3645 0.3645 0.379 0.379 0.376 0.376 0.376 0.3825 0.3825 0.4115 0.4115 0.3715 0.3715 0.3715 0.3885 0.3885 0.38 0.38 0.358 0.358 0.358 0.361 0.361 0.3335 0.3335
0.338 0.338 0.338 0.336 0.336 0.336 0.311 0.311 0.286 0.286 0.3245 0.3245 0.3465 0.3465 0.3465 0.337 0.337 0.3635 0.3635 0.3515 0.3515 0.3515 0.327 0.327 0.341 0.341 0.3215 0.3215 0.3215 0.319 0.319 0.358 0.358 0.319 0.319 0.319 0.3145 0.3145 0.3215 0.3215 0.307 0.307 0.307 0.311 0.311 0.327 0.327 0.3765 0.3765 0.408 0.408 0.408 0.3645 0.3645 0.379 0.379 0.376 0.376 0.376 0.3825 0.3825 0.4115 0.4115 0.3715 0.3715 0.3715 0.3885 0.3885 0.38 0.38 0.358 0.358 0.358 0.361 0.361 0.3335 0.3335
0.331 0.3475 0.3475 0.3205 0.3205 0.3205 0.3255 0.3255 0.325 0.325 0.3375 0.3375 0.3815 0.3815 0.3815 0.348 0.348 0.331 0.331 0.3115 0.3115 0.3115 0.323 0.323 0.3345 0.3345 0.3295 0.3295 0.3295 0.3615 0.3615 0.34 0.34 0.3105 0.3105 0.3105 0.335 0.335 0.329 0.329 0.315 0.315 0.315 0.348 0.348 0.386 0.386 0.3985 0.3985 0.401 0.401 0.401 0.3665 0.3665 0.361 0.361 0.3595 0.3595 0.3595 0.3535 0.3535 0.382 0.382 0.381 0.381 0.381 0.4185 0.4185 0.3615 0.3615 0.357 0.357 0.357 0.3545 0.3545 0.3395 0.3395
0.331 0.3475 0.3475 0.3205 0.3205 0.3205 0.3255 0.3255 0.325 0.325 0.3375 0.3375 0.3815 0.3815 0.3815 0.348 0.348 0.331 0.331 0.3115 0.3115 0.3115 0.323 0.323 0.3345 0.3345 0.3295 0.3295 0.3295 0.3615 0.3615 0.34 0.34 0.3105 0.3105 0.3105 0.335 0.335 0.329 0.329 0.315 0.315 0.315 0.348 0.348 0.386 0.386 0.3985 0.3985 0.401 0.401 0.401 0.3665 0.3665 0.361 0.361 0.3595 0.3595 0.3595 0.3535 0.3535 0.382 0.382 0.381 0.381 0.381 0.4185 0.4185 0.3615 0.3615 0.357 0.357 0.357 0.3545 0.3545 0.3395 0.3395
0.331 0.3475 0.3475 0.3205 0.3205 0.3205 0.3255 0.3255 0.325 0.325 0.3375 0.3375 0.3815 0.3815 0.3815 0.348 0.348 0.331 0.331 0.3115 0.3115 0.3115 0.323 0.323 0.3345 0.3345 0.3295 0.3295 0.3295 0.3615 0.3615 0.34 0.34 0.3105 0.3105 0.3105 0.335 0.335 0.329 0.329 0.315 0.315 0.315 0.348 0.348 0.386 0.386 0.3985 0.3985 0.401 0.401 0.401 0.3665 0.3665 0.361 0.361 0.3595 0.3595 0.3595 0.3535 0.3535 0.382 0.382 0.381 0.381 0.381 0.4185 0.4185 0.3615 0.3615 0.357 0.357 0.357 0.3545 0.3545 0.3395 0.3395
0.3505 0.3565 0.3565 0.338 0.338 0.338 0.3225 0.3225 0.3845 0.3845 0.38 0.38 0.3405 0.3405 0.3405 0.3255 0.3255 0.333 0.333 0.329 0.329 0.329 0.332 0.332 0.364 0.364 0.341 0.341 0.341 0.342 0.342 0.3595 0.3595 0.304 0.304 0.304 0.3225 0.3225 0.3365 0.3365 0.328 0.328 0.328 0.3475 0.3475 0.4355 0.4355 0.4285 0.4285 0.4235 0.4235 0.4235 0.4035 0.4035 0.3695 0.3695 0.4025 0.4025 0.4025 0.387 0.387 0.436 0.436 0.412 0.412 0.412 0.375 0.375 0.391 0.391 0.3525 0.3525 0.3525 0.3715 0.3715 0.387 0.387
0.3505 0.3565 0.3565 0.338 0.338 0.338 0.3225 0.3225 0.3845 0.3845 0.38 0.38 0.3405 0.3405 0.3405 0.3255 0.3255 0.333 0.333 0.329 0.329 0.329 0.332 0.332 0.364 0.364 0.341 0.341 0.341 0.342 0.342 0.3595 0.3595 0.304 0.304 0.304 0.3225 0.3225 0.3365 0.3365 0.328 0.328 0.328 0.3475 0.3475 0.4355 0.4355 0.4285 0.4285 0.4235 0.4235 0.4235 0.4035 0.4035 0.3695 0.3695 0.4025 0.4025 0.4025 0.387 0.387 0.436 0.436 0.412 0.412 0.412 0.375 0.375 0.391 0.391 0.3525 0.3525 0.3525 0.3715 0.3715 0.387 0.387
0.3275 0.34 0.34 0.339 0.339 0.339 0.324 0.324 0.3745 0.3745 0.3895 0.3895 0.3615 0.3615 0.3615 0.379 0.379 0.331 0.331 0.319 0.319 0.319 0.319 0.319 0.325 0.325 0.339 0.339 0.339 0.3455 0.3455 0.364 0.364 0.31 0.31 0.31 0.345 0.345 0.314 0.314 0.329 0.329 0.329 0.366 0.366 0.422 0.422 0.372 0.372 0.396 0.396 0.396 0.414 0.414 0.4235 0.4235 0.429 0.429 0.429 0.4175 0.4175 0.4185 0.4185 0.422 0.422 0.422 0.411 0.411 0.371 0.371 0.383 0.383 0.383 0.3855 0.3855 0.3935 0.3935
0.3275 0.34 0.34 0.339 0.339 0.339 0.324 0.324 0.3745 0.3745 0.3895 0.3895 0.3615 0.3615 0.3615 0.379 0.379 0.331 0.331 0.319 0.319 0.319 0.319 0.319 0.325 0.325 0.339 0.339 0.339 0.3455 0.3455 0.364 0.364 0.31 0.31 0.31 0.345 0.345 0.314 0.314 0.329 0.329 0.329 0.366 0.366 0.422 0.422 0.372 0.372 0.396 0.396 0.396 0.414 0.414 0.4235 0.4235 0.429 0.429 0.429 0.4175 0.4175 0.4185 0.4185 0.422 0.422 0.422 0.411 0.411 0.371 0.371 0.383 0.383 0.383 0.3855 0.3855 0.3935 0.3935
0.317 0.3425 0.3425 0.345 0.345 0.345 0.3355 0.3355 0.3085 0.3085 0.3335 0.3335 0.3595 0.3595 0.3595 0.35 0.35 0.338 0.338 0.324 0.324 0.324 0.3165 0.3165 0.333 0.333 0.349 0.349 0.349 0.364 0.364 0.371 0.371 0.319 0.319 0.319 0.3185 0.3185 0.3395 0.3395 0.348 0.348 0.348 0.391 0.391 0.404 0.404 0.4215 0.4215 0.422 0.422 0.422 0.442 0.442 0.478 0.478 0.451 0.451 0.451 0.435 0.435 0.429 0.429 0.432 0.432 0.432 0.3995 0.3995 0.403 0.403 0.3715 0.3715 0.3715 0.412 0.412 0.3925 0.3925
0.317 0.3425 0.3425 0.345 0.345 0.345 0.3355 0.3355 0.3085 0.3085 0.3335 0.3335 0.3595 0.3595 0.3595 0.35 0.35 0.338 0.338 0.324 0.324 0.324 0.3165 0.3165 0.333 0.333 0.349 0.349 0.349 0.364 0.364 0.371 0.371 0.319 0.319 0.319 0.3185 0.3185 0.3395 0.3395 0.348 0.348 0.348 0.391 0.391 0.404 0.404 0.4215 0.4215 0.422 0.422 0.422 0.442 0.442 0.478 0.478 0.451 0.451 0.451 0.435 0.435 0.429 0.429 0.432 0.432 0.432 0.3995 0.3995 0.403 0.403 0.3715 0.3715 0.3715 0.412 0.412 0.3925 0.3925
0.317 0.3425 0.3425 0.345 0.345 0.345 0.3355 0.3355 0.3085 0.3085 0.3335 0.3335 0.3595 0.3595 0.3595 0.35 0.35 0.338 0.338 0.324 0.324 0.324 0.3165 0.3165 0.333 0.333 0.349 0.349 0.349 0.364 0.364 0.371 0.371 0.319 0.319 0.319 0.3185 0.3185 0.3395 0.3395 0.348 0.348 0.348 0.391 0.391 0.404 0.404 0.4215 0.4215 0.422 0.422 0.422 0.442 0.442 0.478 0.478 0.451 0.451 0.451 0.435 0.435 0.429 0.429 0.432 0.432 0.432 0.3995 0.3995 0.403 0.403 0.3715 0.3715 0.3715 0.412 0.412 0.3925 0.3925
