ndvi/NOAA-116.asc
ncols         252
nrows         154
xllcorner     -18.017974
yllcorner     13.481982
cellsize      0.035948
NODATA_value  -9999
[rows 105 to 139 of 154, columns 154 to 230 of 252]
0.356 0.317 0.317 0.335 0.335 0.335 0.2755 0.2755 0.299 0.299 0.368 0.368 0.3795 0.3795 0.3795 0.359 0.359 0.3745 0.3745 0.3865 0.3865 0.3865 0.394 0.394 0.368 0.368 0.3875 0.3875 0.3875 0.3865 0.3865 0.464 0.464 0.4015 0.4015 0.4015 0.413 0.413 0.429 0.429 0.4225 0.4225 0.4225 0.416 0.416 0.4025 0.4025 0.3965 0.3965 0.3865 0.3865 0.3865 0.372 0.372 0.4275 0.4275 0.4735 0.4735 0.4735 0.3825 0.3825 0.4185 0.4185 0.424 0.424 0.424 0.4385 0.4385 0.4105 0.4105 0.409 0.409 0.409 0.428 0.428 0.4325 0.4325
0.381 0.3375 0.3375 0.352 0.352 0.352 0.3255 0.3255 0.3785 0.3785 0.4505 0.4505 0.407 0.407 0.407 0.393 0.393 0.3705 0.3705 0.3765 0.3765 0.3765 0.3495 0.3495 0.374 0.374 0.3975 0.3975 0.3975 0.4245 0.4245 0.479 0.479 0.4855 0.4855 0.4855 0.4635 0.4635 0.4585 0.4585 0.484 0.484 0.484 0.4615 0.4615 0.4365 0.4365 0.4155 0.4155 0.4405 0.4405 0.4405 0.4555 0.4555 0.511 0.511 0.5295 0.5295 0.5295 0.527 0.527 0.3825 0.3825 0.399 0.399 0.399 0.4515 0.4515 0.437 0.437 0.468 0.468 0.468 0.477 0.477 0.454 0.454
0.381 0.3375 0.3375 0.352 0.352 0.352 0.3255 0.3255 0.3785 0.3785 0.4505 0.4505 0.407 0.407 0.407 0.393 0.393 0.3705 0.3705 0.3765 0.3765 0.3765 0.3495 0.3495 0.374 0.374 0.3975 0.3975 0.3975 0.4245 0.4245 0.479 0.479 0.4855 0.4855 0.4855 0.4635 0.4635 0.4585 0.4585 0.484 0.484 0.484 0.4615 0.4615 0.4365 0.4365 0.4155 0.4155 0.4405 0.4405 0.4405 0.4555 0.4555 0.511 0.511 0.5295 0.5295 0.5295 0.527 0.527 0.3825 0.3825 0.399 0.399 0.399 0.4515 0.4515 0.437 0.437 0.468 0.468 0.468 0.477 0.477 0.454 0.454
0.351 0.398 0.398 0.405 0.405 0.405 0.4385 0.4385 0.429 0.429 0.45 0.45 0.4135 0.4135 0.4135 0.398 0.398 0.372 0.372 0.3395 0.3395 0.3395 0.385 0.385 0.392 0.392 0.4185 0.4185 0.4185 0.455 0.455 0.4645 0.4645 0.495 0.495 0.495 0.4975 0.4975 0.4785 0.4785 0.4875 0.4875 0.4875 0.4595 0.4595 0.438 0.438 0.478 0.478 0.4525 0.4525 0.4525 0.495 0.495 0.5815001 0.5815001 0.5025 0.5025 0.5025 0.528 0.528 0.507 0.507 0.4755 0.4755 0.4755 0.47 0.47 0.452 0.452 0.5185 0.5185 0.5185 0.5035 0.5035 0.5375 0.5375
0.351 0.398 0.398 0.405 0.405 0.405 0.4385 0.4385 0.429 0.429 0.45 0.45 0.4135 0.4135 0.4135 0.398 0.398 0.372 0.372 0.3395 0.3395 0.3395 0.385 0.385 0.392 0.392 0.4185 0.4185 0.4185 0.455 0.455 0.4645 0.4645 0.495 0.495 0.495 0.4975 0.4975 0.4785 0.4785 0.4875 0.4875 0.4875 0.4595 0.4595 0.438 0.438 0.478 0.478 0.4525 0.4525 0.4525 0.495 0.495 0.5815001 0.5815001 0.5025 0.5025 0.5025 0.528 0.528 0.507 0.507 0.4755 0.4755 0.4755 0.47 0.47 0.452 0.452 0.5185 0.5185 0.5185 0.5035 0.5035 0.5375 0.5375
0.3385 0.3805 0.3805 0.424 0.424 0.424 0.459 0.459 0.4125 0.4125 0.4235 0.4235 0.41 0.41 0.41 0.4415 0.4415 0.3705 0.3705 0.3725 0.3725 0.3725 0.4045 0.4045 0.413 0.413 0.439 0.439 0.439 0.445 0.445 0.4675 0.4675 0.501 0.501 0.501 0.5315 0.5315 0.502 0.502 0.477 0.477 0.477 0.511 0.511 0.467 0.467 0.5125 0.5125 0.498 0.498 0.498 0.6115 0.6115 0.5955 0.5955 0.594 0.594 0.594 0.5485 0.5485 0.4685 0.4685 0.493 0.493 0.493 0.505 0.505 0.5195 0.5195 0.5055 0.5055 0.5055 0.543 0.543 0.5385 0.5385
0.3385 0.3805 0.3805 0.424 0.424 0.424 0.459 0.459 0.4125 0.4125 0.4235 0.4235 0.41 0.41 0.41 0.4415 0.4415 0.3705 0.3705 0.3725 0.3725 0.3725 0.4045 0.4045 0.413 0.413 0.439 0.439 0.439 0.445 0.445 0.4675 0.4675 0.501 0.501 0.501 0.5315 0.5315 0.502 0.502 0.477 0.477 0.477 0.511 0.511 0.467 0.467 0.5125 0.5125 0.498 0.498 0.498 0.6115 0.6115 0.5955 0.5955 0.594 0.594 0.594 0.5485 0.5485 0.4685 0.4685 0.493 0.493 0.493 0.505 0.505 0.5195 0.5195 0.5055 0.5055 0.5055 0.543 0.543 0.5385 0.5385
0.3385 0.3805 0.3805 0.424 0.424 0.424 0.459 0.459 0.4125 0.4125 0.4235 0.4235 0.41 0.41 0.41 0.4415 0.4415 0.3705 0.3705 0.3725 0.3725 0.3725 0.4045 0.4045 0.413 0.413 0.439 0.439 0.439 0.445 0.445 0.4675 0.4675 0.501 0.501 0.501 0.5315 0.5315 0.502 0.502 0.477 0.477 0.477 0.511 0.511 0.467 0.467 0.5125 0.5125 0.498 0.498 0.498 0.6115 0.6115 0.5955 0.5955 0.594 0.594 0.594 0.5485 0.5485 0.4685 0.4685 0.493 0.493 0.493 0.505 0.505 0.5195 0.5195 0.5055 0.5055 0.5055 0.543 0.543 0.5385 0.5385
0.3805 0.3795 0.3795 0.392 0.392 0.392 0.461 0.461 0.4195 0.4195 0.446 0.446 0.454 0.454 0.454 0.443 0.443 0.462 0.462 0.478 0.478 0.478 0.5005 0.5005 0.4935 0.4935 0.4835 0.4835 0.4835 0.475 0.475 0.497 0.497 0.5335 0.5335 0.5335 0.5205 0.5205 0.5105 0.5105 0.4645 0.4645 0.4645 0.5655 0.5655 0.4875 0.4875 0.5315 0.5315 0.5685 0.5685 0.5685 0.624 0.624 0.623 0.623 0.5995 0.5995 0.5995 0.546 0.546 0.466 0.466 0.496 0.496 0.496 0.5305 0.5305 0.5665 0.5665 0.5605 0.5605 0.5605 0.5685 0.5685 0.5825 0.5825
0.3805 0.3795 0.3795 0.392 0.392 0.392 0.461 0.461 0.4195 0.4195 0.446 0.446 0.454 0.454 0.454 0.443 0.443 0.462 0.462 0.478 0.478 0.478 0.5005 0.5005 0.4935 0.4935 0.4835 0.4835 0.4835 0.475 0.475 0.497 0.497 0.5335 0.5335 0.5335 0.5205 0.5205 0.5105 0.5105 0.4645 0.4645 0.4645 0.5655 0.5655 0.4875 0.4875 0.5315 0.5315 0.5685 0.5685 0.5685 0.624 0.624 0.623 0.623 0.5995 0.5995 0.5995 0.546 0.546 0.466 0.466 0.496 0.496 0.496 0.5305 0.5305 0.5665 0.5665 0.5605 0.5605 0.5605 0.5685 0.5685 0.5825 0.5825
0.4015 0.469 0.469 0.4595 0.4595 0.4595 0.4855 0.4855 0.433 0.433 0.465 0.465 0.49 0.49 0.49 0.5215 0.5215 0.546 0.546 0.5205 0.5205 0.5205 0.519 0.519 0.4785 0.4785 0.511 0.511 0.511 0.519 0.519 0.5095 0.5095 0.565 0.565 0.565 0.5905 0.5905 0.462 0.462 0.481 0.481 0.481 0.5565 0.5565 0.5225 0.5225 0.5405 0.5405 0.6035 0.6035 0.6035 0.584 0.584 0.5885 0.5885 0.5535 0.5535 0.5535 0.5435 0.5435 0.471 0.471 0.4905 0.4905 0.4905 0.527 0.527 0.5185 0.5185 0.5255 0.5255 0.5255 0.5015 0.5015 0.5385 0.5385
0.4015 0.469 0.469 0.4595 0.4595 0.4595 0.4855 0.4855 0.433 0.433 0.465 0.465 0.49 0.49 0.49 0.5215 0.5215 0.546 0.546 0.5205 0.5205 0.5205 0.519 0.519 0.4785 0.4785 0.511 0.511 0.511 0.519 0.519 0.5095 0.5095 0.565 0.565 0.565 0.5905 0.5905 0.462 0.462 0.481 0.481 0.481 0.5565 0.5565 0.5225 0.5225 0.5405 0.5405 0.6035 0.6035 0.6035 0.584 0.584 0.5885 0.5885 0.5535 0.5535 0.5535 0.5435 0.5435 0.471 0.471 0.4905 0.4905 0.4905 0.527 0.527 0.5185 0.5185 0.5255 0.5255 0.5255 0.5015 0.5015 0.5385 0.5385
0.4485 0.447 0.447 0.5145 0.5145 0.5145 0.4645 0.4645 0.49 0.49 0.4815 0.4815 0.505 0.505 0.505 0.5395 0.5395 0.564 0.564 0.5715 0.5715 0.5715 0.5185 0.5185 0.5065 0.5065 0.5315 0.5315 0.5315 0.5585001 0.5585001 0.5315 0.5315 0.5495 0.5495 0.5495 0.5295 0.5295 0.5005 0.5005 0.524 0.524 0.524 0.58 0.58 0.582 0.582 0.61 0.61 0.623 0.623 0.623 0.6345 0.6345 0.6265 0.6265 0.5895 0.5895 0.5895 0.543 0.543 0.558 0.558 0.5665 0.5665 0.5665 0.6155 0.6155 0.5445 0.5445 0.5705 0.5705 0.5705 0.561 0.561 0.572 0.572
0.4485 0.447 0.447 0.5145 0.5145 0.5145 0.4645 0.4645 0.49 0.49 0.4815 0.4815 0.505 0.505 0.505 0.5395 0.5395 0.564 0.564 0.5715 0.5715 0.5715 0.5185 0.5185 0.5065 0.5065 0.5315 0.5315 0.5315 0.5585001 0.5585001 0.5315 0.5315 0.5495 0.5495 0.5495 0.5295 0.5295 0.5005 0.5005 0.524 0.524 0.524 0.58 0.58 0.582 0.582 0.61 0.61 0.623 0.623 0.623 0.6345 0.6345 0.6265 0.6265 0.5895 0.5895 0.5895 0.543 0.543 0.558 0.558 0.5665 0.5665 0.5665 0.6155 0.6155 0.5445 0.5445 0.5705 0.5705 0.5705 0.561 0.561 0.572 0.572
0.4485 0.447 0.447 0.5145 0.5145 0.5145 0.4645 0.4645 0.49 0.49 0.4815 0.4815 0.505 0.505 0.505 0.5395 0.5395 0.564 0.564 0.5715 0.5715 0.5715 0.5185 0.5185 0.5065 0.5065 0.5315 0.5315 0.5315 0.5585001 0.5585001 0.5315 0.5315 0.5495 0.5495 0.5495 0.5295 0.5295 0.5005 0.5005 0.524 0.524 0.524 0.58 0.58 0.582 0.582 0.61 0.61 0.623 0.623 0.623 0.6345 0.6345 0.6265 0.6265 0.5895 0.5895 0.5895 0.543 0.543 0.558 0.558 0.5665 0.5665 0.5665 0.6155 0.6155 0.5445 0.5445 0.5705 0.5705 0.5705 0.561 0.561 0.572 0.572
0.4855 0.468 0.468 0.46 0.46 0.46 0.5545 0.5545 0.612 0.612 0.647 0.647 0.621 0.621 0.621 0.6305 0.6305 0.604 0.604 0.5885 0.5885 0.5885 0.5445 0.5445 0.583 0.583 0.618 0.618 0.618 0.51 0.51 0.5405 0.5405 0.511 0.511 0.511 0.538 0.538 0.559 0.559 0.5585 0.5585 0.5585 0.5755 0.5755 0.592 0.592 0.627 0.627 0.604 0.604 0.604 0.6725 0.6725 0.6255 0.6255 0.595 0.595 0.595 0.514 0.514 0.525 0.525 0.589 0.589 0.589 0.614 0.614 0.591 0.591 0.5725 0.5725 0.5725 0.5885 0.5885 0.5865 0.5865
0.4855 0.468 0.468 0.46 0.46 0.46 0.5545 0.5545 0.612 0.612 0.647 0.647 0.621 0.621 0.621 0.6305 0.6305 0.604 0.604 0.5885 0.5885 0.5885 0.5445 0.5445 0.583 0.583 0.618 0.618 0.618 0.51 0.51 0.5405 0.5405 0.511 0.511 0.511 0.538 0.538 0.559 0.559 0.5585 0.5585 0.5585 0.5755 0.5755 0.592 0.592 0.627 0.627 0.604 0.604 0.604 0.6725 0.6725 0.6255 0.6255 0.595 0.595 0.595 0.514 0.514 0.525 0.525 0.589 0.589 0.589 0.614 0.614 0.591 0.591 0.5725 0.5725 0.5725 0.5885 0.5885 0.5865 0.5865
0.5 0.4645 0.4645 0.4715 0.4715 0.4715 0.5435 0.5435 0.6035 0.6035 0.6615 0.6615 0.6905 0.6905 0.6905 0.6665 0.6665 0.6155 0.6155 0.6275 0.6275 0.6275 0.635 0.635 0.5905 0.5905 0.5765 0.5765 0.5765 0.5155 0.5155 0.4985 0.4985 0.5835 0.5835 0.5835 0.545 0.545 0.5325 0.5325 0.556 0.556 0.556 0.625 0.625 0.5825 0.5825 0.638 0.638 0.6185 0.6185 0.6185 0.657 0.657 0.6135 0.6135 0.609 0.609 0.609 0.5599999 0.5599999 0.5205 0.5205 0.543 0.543 0.543 0.582 0.582 0.5665 0.5665 0.5725 0.5725 0.5725 0.6205 0.6205 0.5715 0.5715
0.5 0.4645 0.4645 0.4715 0.4715 0.4715 0.5435 0.5435 0.6035 0.6035 0.6615 0.6615 0.6905 0.6905 0.6905 0.6665 0.6665 0.6155 0.6155 0.6275 0.6275 0.6275 0.635 0.635 0.5905 0.5905 0.5765 0.5765 0.5765 0.5155 0.5155 0.4985 0.4985 0.5835 0.5835 0.5835 0.545 0.545 0.5325 0.5325 0.556 0.556 0.556 0.625 0.625 0.5825 0.5825 0.638 0.638 0.6185 0.6185 0.6185 0.657 0.657 0.6135 0.6135 0.609 0.609 0.609 0.5599999 0.5599999 0.5205 0.5205 0.543 0.543 0.543 0.582 0.582 0.5665 0.5665 0.5725 0.5725 0.5725 0.6205 0.6205 0.5715 0.5715
0.5235 0.5155 0.5155 0.5675 0.5675 0.5675 0.5131 0.5131 0.5805 0.5805 0.6595 0.6595 0.667 0.667 0.667 0.685 0.685 0.6335 0.6335 0.624 0.624 0.624 0.6325 0.6325 0.61 0.61 0.535 0.535 0.535 0.5135 0.5135 0.5335 0.5335 0.54 0.54 0.54 0.538 0.538 0.539 0.539 0.5645 0.5645 0.5645 0.5935 0.5935 0.589 0.589 0.6205 0.6205 0.641 0.641 0.641 0.6225 0.6225 0.589 0.589 0.5865 0.5865 0.5865 0.595 0.595 0.539 0.539 0.544 0.544 0.544 0.5765 0.5765 0.575 0.575 0.584 0.584 0.584 0.5905 0.5905 0.5405 0.5405
0.5235 0.5155 0.5155 0.5675 0.5675 0.5675 0.5131 0.5131 0.5805 0.5805 0.6595 0.6595 0.667 0.667 0.667 0.685 0.685 0.6335 0.6335 0.624 0.624 0.624 0.6325 0.6325 0.61 0.61 0.535 0.535 0.535 0.5135 0.5135 0.5335 0.5335 0.54 0.54 0.54 0.538 0.538 0.539 0.539 0.5645 0.5645 0.5645 0.5935 0.5935 0.589 0.589 0.6205 0.6205 0.641 0.641 0.641 0.6225 0.6225 0.589 0.589 0.5865 0.5865 0.5865 0.595 0.595 0.539 0.539 0.544 0.544 0.544 0.5765 0.5765 0.575 0.575 0.584 0.584 0.584 0.5905 0.5905 0.5405 0.5405
0.552 0.533 0.533 0.5725 0.5725 0.5725 0.568 0.568 0.6075 0.6075 0.67 0.67 0.654 0.654 0.654 0.662 0.662 0.636 0.636 0.6215 0.6215 0.6215 0.629 0.629 0.6375 0.6375 0.5865 0.5865 0.5865 0.616 0.616 0.562 0.562 0.568 0.568 0.568 0.572 0.572 0.5545 0.5545 0.547 0.547 0.547 0.551 0.551 0.6025 0.6025 0.6055 0.6055 0.6055 0.6055 0.6055 0.636 0.636 0.624 0.624 0.557 0.557 0.557 0.587 0.587 0.583 0.583 0.6025 0.6025 0.6025 0.603 0.603 0.5635 0.5635 0.568 0.568 0.568 0.574 0.574 0.5555 0.5555
0.552 0.533 0.533 0.5725 0.5725 0.5725 0.568 0.568 0.6075 0.6075 0.67 0.67 0.654 0.654 0.654 0.662 0.662 0.636 0.636 0.6215 0.6215 0.6215 0.629 0.629 0.6375 0.6375 0.5865 0.5865 0.5865 0.616 0.616 0.562 0.562 0.568 0.568 0.568 0.572 0.572 0.5545 0.5545 0.547 0.547 0.547 0.551 0.551 0.6025 0.6025 0.6055 0.6055 0.6055 0.6055 0.6055 0.636 0.636 0.624 0.624 0.557 0.557 0.557 0.587 0.587 0.583 0.583 0.6025 0.6025 0.6025 0.603 0.603 0.5635 0.5635 0.568 0.568 0.568 0.574 0.574 0.5555 0.5555
0.552 0.533 0.533 0.5725 0.5725 0.5725 0.568 0.568 0.6075 0.6075 0.67 0.67 0.654 0.654 0.654 0.662 0.662 0.636 0.636 0.6215 0.6215 0.6215 0.629 0.629 0.6375 0.6375 0.5865 0.5865 0.5865 0.616 0.616 0.562 0.562 0.568 0.568 0.568 0.572 0.572 0.5545 0.5545 0.547 0.547 0.547 0.551 0.551 0.6025 0.6025 0.6055 0.6055 0.6055 0.6055 0.6055 0.636 0.636 0.624 0.624 0.557 0.557 0.557 0.587 0.587 0.583 0.583 0.6025 0.6025 0.6025 0.603 0.603 0.5635 0.5635 0.568 0.568 0.568 0.574 0.574 0.5555 0.5555
0.559 0.5371 0.5371 0.598 0.598 0.598 0.6085 0.6085 0.677 0.677 0.6805 0.6805 0.6855 0.6855 0.6855 0.6645 0.6645 0.6535 0.6535 0.636 0.636 0.636 0.6475 0.6475 0.639 0.639 0.6295 0.6295 0.6295 0.6305 0.6305 0.612 0.612 0.565 0.565 0.565 0.607 0.607 0.5755 0.5755 0.5805 0.5805 0.5805 0.551 0.551 0.553 0.553 0.66 0.66 0.6465 0.6465 0.6465 0.5825 0.5825 0.618 0.618 0.584 0.584 0.584 0.5715 0.5715 0.616 0.616 0.623 0.623 0.623 0.6235 0.6235 0.6075 0.6075 0.609 0.609 0.609 0.584 0.584 0.5835 0.5835
0.559 0.5371 0.5371 0.598 0.598 0.598 0.6085 0.6085 0.677 0.677 0.6805 0.6805 0.6855 0.6855 0.6855 0.6645 0.6645 0.6535 0.6535 0.636 0.636 0.636 0.6475 0.6475 0.639 0.639 0.6295 0.6295 0.6295 0.6305 0.6305 0.612 0.612 0.565 0.565 0.565 0.607 0.607 0.5755 0.5755 0.5805 0.5805 0.5805 0.551 0.551 0.553 0.553 0.66 0.66 0.6465 0.6465 0.6465 0.5825 0.5825 0.618 0.618 0.584 0.584 0.584 0.5715 0.5715 0.616 0.616 0.623 0.623 0.623 0.6235 0.6235 0.6075 0.6075 0.609 0.609 0.609 0.584 0.584 0.5835 0.5835
0.632 0.63 0.63 0.54 0.54 0.54 0.5825 0.5825 0.6125 0.6125 0.6275 0.6275 0.6845 0.6845 0.6845 0.646 0.646 0.669 0.669 0.6505 0.6505 0.6505 0.64 0.64 0.6605 0.6605 0.6505 0.6505 0.6505 0.6575 0.6575 0.665 0.665 0.572 0.572 0.572 0.6145 0.6145 0.64 0.64 0.603 0.603 0.603 0.6375 0.6375 0.65 0.65 0.6631 0.6631 0.706 0.706 0.706 0.673 0.673 0.643 0.643 0.6045 0.6045 0.6045 0.628 0.628 0.6495 0.6495 0.673 0.673 0.673 0.635 0.635 0.631 0.631 0.6175 0.6175 0.6175 0.584 0.584 0.568 0.568
0.632 0.63 0.63 0.54 0.54 0.54 0.5825 0.5825 0.6125 0.6125 0.6275 0.6275 0.6845 0.6845 0.6845 0.646 0.646 0.669 0.669 0.6505 0.6505 0.6505 0.64 0.64 0.6605 0.6605 0.6505 0.6505 0.6505 0.6575 0.6575 0.665 0.665 0.572 0.572 0.572 0.6145 0.6145 0.64 0.64 0.603 0.603 0.603 0.6375 0.6375 0.65 0.65 0.6631 0.6631 0.706 0.706 0.706 0.673 0.673 0.643 0.643 0.6045 0.6045 0.6045 0.628 0.628 0.6495 0.6495 0.673 0.673 0.673 0.635 0.635 0.631 0.631 0.6175 0.6175 0.6175 0.584 0.584 0.568 0.568
0.6115 0.5645 0.5645 0.586 0.586 0.586 0.587 0.587 0.6355 0.6355 0.6695 0.6695 0.6885 0.6885 0.6885 0.6735 0.6735 0.662 0.662 0.6505 0.6505 0.6505 0.656 0.656 0.692 0.692 0.71 0.71 0.71 0.65 0.65 0.6425 0.6425 0.5935 0.5935 0.5935 0.6365 0.6365 0.6605 0.6605 0.655 0.655 0.655 0.6355 0.6355 0.6791 0.6791 0.6716 0.6716 0.6825 0.6825 0.6825 0.6645 0.6645 0.6685 0.6685 0.649 0.649 0.649 0.6295 0.6295 0.6655 0.6655 0.652 0.652 0.652 0.6445 0.6445 0.5875 0.5875 0.6125 0.6125 0.6125 0.5655 0.5655 0.6105 0.6105
0.6115 0.5645 0.5645 0.586 0.586 0.586 0.587 0.587 0.6355 0.6355 0.6695 0.6695 0.6885 0.6885 0.6885 0.6735 0.6735 0.662 0.662 0.6505 0.6505 0.6505 0.656 0.656 0.692 0.692 0.71 0.71 0.71 0.65 0.65 0.6425 0.6425 0.5935 0.5935 0.5935 0.6365 0.6365 0.6605 0.6605 0.655 0.655 0.655 0.6355 0.6355 0.6791 0.6791 0.6716 0.6716 0.6825 0.6825 0.6825 0.6645 0.6645 0.6685 0.6685 0.649 0.649 0.649 0.6295 0.6295 0.6655 0.6655 0.652 0.652 0.652 0.6445 0.6445 0.5875 0.5875 0.6125 0.6125 0.6125 0.5655 0.5655 0.6105 0.6105
0.6115 0.5645 0.5645 0.586 0.586 0.586 0.587 0.587 0.6355 0.6355 0.6695 0.6695 0.6885 0.6885 0.6885 0.6735 0.6735 0.662 0.662 0.6505 0.6505 0.6505 0.656 0.656 0.692 0.692 0.71 0.71 0.71 0.65 0.65 0.6425 0.6425 0.5935 0.5935 0.5935 0.6365 0.6365 0.6605 0.6605 0.655 0.655 0.655 0.6355 0.6355 0.6791 0.6791 0.6716 0.6716 0.6825 0.6825 0.6825 0.6645 0.6645 0.6685 0.6685 0.649 0.649 0.649 0.6295 0.6295 0.6655 0.6655 0.652 0.652 0.652 0.6445 0.6445 0.5875 0.5875 0.6125 0.6125 0.6125 0.5655 0.5655 0.6105 0.6105
0.6995 0.6825 0.6825 0.625 0.625 0.625 0.6505 0.6505 0.6655 0.6655 0.701 0.701 0.674 0.674 0.674 0.6755 0.6755 0.675 0.675 0.669 0.669 0.669 0.6905 0.6905 0.691 0.691 0.681 0.681 0.681 0.706 0.706 0.6785001 0.6785001 0.6315 0.6315 0.6315 0.65 0.65 0.6635 0.6635 0.6791 0.6791 0.6791 0.6876 0.6876 0.7391 0.7391 0.6791 0.6791 0.6786 0.6786 0.6786 0.6926 0.6926 0.71 0.71 0.6885 0.6885 0.6885 0.6595 0.6595 0.6455 0.6455 0.6605 0.6605 0.6605 0.6395 0.6395 0.628 0.628 0.6210001 0.6210001 0.6210001 0.6210001 0.6210001 0.604 0.604
0.6995 0.6825 0.6825 0.625 0.625 0.625 0.6505 0.6505 0.6655 0.6655 0.701 0.701 0.674 0.674 0.674 0.6755 0.6755 0.675 0.675 0.669 0.669 0.669 0.6905 0.6905 0.691 0.691 0.681 0.681 0.681 0.706 0.706 0.6785001 0.6785001 0.6315 0.6315 0.6315 0.65 0.65 0.6635 0.6635 0.6791 0.6791 0.6791 0.6876 0.6876 0.7391 0.7391 0.6791 0.6791 0.6786 0.6786 0.6786 0.6926 0.6926 0.71 0.71 0.6885 0.6885 0.6885 0.6595 0.6595 0.6455 0.6455 0.6605 0.6605 0.6605 0.6395 0.6395 0.628 0.628 0.6210001 0.6210001 0.6210001 0.6210001 0.6210001 0.604 0.604
0.6765 0.734 0.734 0.6795 0.6795 0.6795 0.6415 0.6415 0.733 0.733 0.7095 0.7095 0.65 0.65 0.65 0.6315 0.6315 0.658 0.658 0.6815 0.6815 0.6815 0.6755 0.6755 0.6950001 0.6950001 0.722 0.722 0.722 0.708 0.708 0.725 0.725 0.6805 0.6805 0.6805 0.667 0.667 0.6585 0.6585 0.645 0.645 0.645 0.6595 0.6595 0.7015 0.7015 0.6786 0.6786 0.685 0.685 0.685 0.7106 0.7106 0.712 0.712 0.688 0.688 0.688 0.6799999 0.6799999 0.6565 0.6565 0.6835 0.6835 0.6835 0.6295 0.6295 0.636 0.636 0.5895 0.5895 0.5895 0.614 0.614 0.6475 0.6475
0.6765 0.734 0.734 0.6795 0.6795 0.6795 0.6415 0.6415 0.733 0.733 0.7095 0.7095 0.65 0.65 0.65 0.6315 0.6315 0.658 0.658 0.6815 0.6815 0.6815 0.6755 0.6755 0.6950001 0.6950001 0.722 0.722 0.722 0.708 0.708 0.725 0.725 0.6805 0.6805 0.6805 0.667 0.667 0.6585 0.6585 0.645 0.645 0.645 0.6595 0.6595 0.7015 0.7015 0.6786 0.6786 0.685 0.685 0.685 0.7106 0.7106 0.712 0.712 0.688 0.688 0.688 0.6799999 0.6799999 0.6565 0.6565 0.6835 0.6835 0.6835 0.6295 0.6295 0.636 0.636 0.5895 0.5895 0.5895 0.614 0.614 0.6475 0.6475
