ndvi/NOAA-44.asc
ncols         252
nrows         154
xllcorner     -18.017974
yllcorner     13.481982
cellsize      0.035948
NODATA_value  -9999
[rows 0 to 33 of 154, columns 77 to 153 of 252]
0.083 0.083 0.08 0.08 0.082 0.082 0.0845 0.0845 0.0845 0.0795 0.0795 0.077 0.077 0.085 0.085 0.0865 0.0865 0.0865 0.081 0.081 0.0815 0.0815 0.0815 0.0815 0.0815 0.0805 0.0805 0.083 0.083 0.079 0.079 0.079 0.08149999 0.08149999 0.077 0.077 0.074 0.074 0.074 0.0755 0.0755 0.0775 0.0775 0.0795 0.0795 0.0795 0.087 0.087 0.0785 0.0785 0.0895 0.0895 0.087 0.087 0.087 0.0835 0.0835 0.089 0.089 0.087 0.087 0.087 0.091 0.091 0.0895 0.0895 0.088 0.088 0.088 0.082 0.082 0.0845 0.0845 0.089 0.089 0.089 0.0865
0.083 0.083 0.08 0.08 0.082 0.082 0.0845 0.0845 0.0845 0.0795 0.0795 0.077 0.077 0.085 0.085 0.0865 0.0865 0.0865 0.081 0.081 0.0815 0.0815 0.0815 0.0815 0.0815 0.0805 0.0805 0.083 0.083 0.079 0.079 0.079 0.08149999 0.08149999 0.077 0.077 0.074 0.074 0.074 0.0755 0.0755 0.0775 0.0775 0.0795 0.0795 0.0795 0.087 0.087 0.0785 0.0785 0.0895 0.0895 0.087 0.087 0.087 0.0835 0.0835 0.089 0.089 0.087 0.087 0.087 0.091 0.091 0.0895 0.0895 0.088 0.088 0.088 0.082 0.082 0.0845 0.0845 0.089 0.089 0.089 0.0865
0.08400001 0.08400001 0.0855 0.0855 0.081 0.081 0.08149999 0.08149999 0.08149999 0.083 0.083 0.088 0.088 0.0845 0.0845 0.08400001 0.08400001 0.08400001 0.0815 0.0815 0.0835 0.0835 0.08400001 0.08400001 0.08400001 0.086 0.086 0.0845 0.0845 0.0805 0.0805 0.0805 0.0705 0.0705 0.074 0.074 0.08 0.08 0.08 0.072 0.072 0.0775 0.0775 0.082 0.082 0.082 0.09 0.09 0.0945 0.0945 0.092 0.092 0.095 0.095 0.095 0.0975 0.0975 0.09450001 0.09450001 0.0915 0.0915 0.0915 0.091 0.091 0.09 0.09 0.08750001 0.08750001 0.08750001 0.085 0.085 0.0845 0.0845 0.0885 0.0885 0.0885 0.0875
0.08400001 0.08400001 0.0855 0.0855 0.081 0.081 0.08149999 0.08149999 0.08149999 0.083 0.083 0.088 0.088 0.0845 0.0845 0.08400001 0.08400001 0.08400001 0.0815 0.0815 0.0835 0.0835 0.08400001 0.08400001 0.08400001 0.086 0.086 0.0845 0.0845 0.0805 0.0805 0.0805 0.0705 0.0705 0.074 0.074 0.08 0.08 0.08 0.072 0.072 0.0775 0.0775 0.082 0.082 0.082 0.09 0.09 0.0945 0.0945 0.092 0.092 0.095 0.095 0.095 0.0975 0.0975 0.09450001 0.09450001 0.0915 0.0915 0.0915 0.091 0.091 0.09 0.09 0.08750001 0.08750001 0.08750001 0.085 0.085 0.0845 0.0845 0.0885 0.0885 0.0885 0.0875
0.08400001 0.08400001 0.0855 0.0855 0.081 0.081 0.08149999 0.08149999 0.08149999 0.083 0.083 0.088 0.088 0.0845 0.0845 0.08400001 0.08400001 0.08400001 0.0815 0.0815 0.0835 0.0835 0.08400001 0.08400001 0.08400001 0.086 0.086 0.0845 0.0845 0.0805 0.0805 0.0805 0.0705 0.0705 0.074 0.074 0.08 0.08 0.08 0.072 0.072 0.0775 0.0775 0.082 0.082 0.082 0.09 0.09 0.0945 0.0945 0.092 0.092 0.095 0.095 0.095 0.0975 0.0975 0.09450001 0.09450001 0.0915 0.0915 0.0915 0.091 0.091 0.09 0.09 0.08750001 0.08750001 0.08750001 0.085 0.085 0.0845 0.0845 0.0885 0.0885 0.0885 0.0875
0.084 0.084 0.0835 0.0835 0.083 0.083 0.0835 0.0835 0.0835 0.087 0.087 0.0885 0.0885 0.086 0.086 0.079 0.079 0.079 0.08499999 0.08499999 0.082 0.082 0.08400001 0.08400001 0.08400001 0.078 0.078 0.083 0.083 0.075 0.075 0.075 0.071 0.071 0.0695 0.0695 0.071 0.071 0.071 0.0785 0.0785 0.0765 0.0765 0.0845 0.0845 0.0845 0.088 0.088 0.094 0.094 0.09450001 0.09450001 0.0955 0.0955 0.0955 0.095 0.095 0.0925 0.0925 0.092 0.092 0.092 0.089 0.089 0.09 0.09 0.09450001 0.09450001 0.09450001 0.0925 0.0925 0.0905 0.0905 0.087 0.087 0.087 0.0905
0.084 0.084 0.0835 0.0835 0.083 0.083 0.0835 0.0835 0.0835 0.087 0.087 0.0885 0.0885 0.086 0.086 0.079 0.079 0.079 0.08499999 0.08499999 0.082 0.082 0.08400001 0.08400001 0.08400001 0.078 0.078 0.083 0.083 0.075 0.075 0.075 0.071 0.071 0.0695 0.0695 0.071 0.071 0.071 0.0785 0.0785 0.0765 0.0765 0.0845 0.0845 0.0845 0.088 0.088 0.094 0.094 0.09450001 0.09450001 0.0955 0.0955 0.0955 0.095 0.095 0.0925 0.0925 0.092 0.092 0.092 0.089 0.089 0.09 0.09 0.09450001 0.09450001 0.09450001 0.0925 0.0925 0.0905 0.0905 0.087 0.087 0.087 0.0905
0.082 0.082 0.0875 0.0875 0.082 0.082 0.085 0.085 0.085 0.086 0.086 0.086 0.086 0.0825 0.0825 0.08400001 0.08400001 0.08400001 0.0845 0.0845 0.0845 0.0845 0.083 0.083 0.083 0.0795 0.0795 0.071 0.071 0.075 0.075 0.075 0.08750001 0.08750001 0.0865 0.0865 0.0765 0.0765 0.0765 0.0785 0.0785 0.0795 0.0795 0.087 0.087 0.087 0.096 0.096 0.098 0.098 0.098 0.098 0.09450001 0.09450001 0.09450001 0.102 0.102 0.095 0.095 0.09450001 0.09450001 0.09450001 0.0935 0.0935 0.096 0.096 0.0975 0.0975 0.0975 0.096 0.096 0.092 0.092 0.0915 0.0915 0.0915 0.09100001
0.082 0.082 0.0875 0.0875 0.082 0.082 0.085 0.085 0.085 0.086 0.086 0.086 0.086 0.0825 0.0825 0.08400001 0.08400001 0.08400001 0.0845 0.0845 0.0845 0.0845 0.083 0.083 0.083 0.0795 0.0795 0.071 0.071 0.075 0.075 0.075 0.08750001 0.08750001 0.0865 0.0865 0.0765 0.0765 0.0765 0.0785 0.0785 0.0795 0.0795 0.087 0.087 0.087 0.096 0.096 0.098 0.098 0.098 0.098 0.09450001 0.09450001 0.09450001 0.102 0.102 0.095 0.095 0.09450001 0.09450001 0.09450001 0.0935 0.0935 0.096 0.096 0.0975 0.0975 0.0975 0.096 0.096 0.092 0.092 0.0915 0.0915 0.0915 0.09100001
0.0855 0.0855 0.089 0.089 0.0845 0.0845 0.08849999 0.08849999 0.08849999 0.0865 0.0865 0.0855 0.0855 0.086 0.086 0.08050001 0.08050001 0.08050001 0.0845 0.0845 0.0885 0.0885 0.0935 0.0935 0.0935 0.09299999 0.09299999 0.092 0.092 0.0915 0.0915 0.0915 0.095 0.095 0.095 0.095 0.09 0.09 0.09 0.084 0.084 0.0865 0.0865 0.0955 0.0955 0.0955 0.094 0.094 0.096 0.096 0.0935 0.0935 0.09649999 0.09649999 0.09649999 0.101 0.101 0.0965 0.0965 0.0945 0.0945 0.0945 0.1015 0.1015 0.0975 0.0975 0.09450001 0.09450001 0.09450001 0.09299999 0.09299999 0.0935 0.0935 0.09299999 0.09299999 0.09299999 0.094
0.0855 0.0855 0.089 0.089 0.0845 0.0845 0.08849999 0.08849999 0.08849999 0.0865 0.0865 0.0855 0.0855 0.086 0.086 0.08050001 0.08050001 0.08050001 0.0845 0.0845 0.0885 0.0885 0.0935 0.0935 0.0935 0.09299999 0.09299999 0.092 0.092 0.0915 0.0915 0.0915 0.095 0.095 0.095 0.095 0.09 0.09 0.09 0.084 0.084 0.0865 0.0865 0.0955 0.0955 0.0955 0.094 0.094 0.096 0.096 0.0935 0.0935 0.09649999 0.09649999 0.09649999 0.101 0.101 0.0965 0.0965 0.0945 0.0945 0.0945 0.1015 0.1015 0.0975 0.0975 0.09450001 0.09450001 0.09450001 0.09299999 0.09299999 0.0935 0.0935 0.09299999 0.09299999 0.09299999 0.094
0.087 0.087 0.0865 0.0865 0.09 0.09 0.089 0.089 0.089 0.09 0.09 0.0905 0.0905 0.0855 0.0855 0.088 0.088 0.088 0.093 0.093 0.0925 0.0925 0.0935 0.0935 0.0935 0.0925 0.0925 0.092 0.092 0.094 0.094 0.094 0.096 0.096 0.094 0.094 0.094 0.094 0.094 0.09450001 0.09450001 0.09299999 0.09299999 0.093 0.093 0.093 0.094 0.094 0.098 0.098 0.095 0.095 0.1095 0.1095 0.1095 0.099 0.099 0.1025 0.1025 0.103 0.103 0.103 0.1035 0.1035 0.101 0.101 0.099 0.099 0.099 0.095 0.095 0.09299999 0.09299999 0.095 0.095 0.095 0.096
0.087 0.087 0.0865 0.0865 0.09 0.09 0.089 0.089 0.089 0.09 0.09 0.0905 0.0905 0.0855 0.0855 0.088 0.088 0.088 0.093 0.093 0.0925 0.0925 0.0935 0.0935 0.0935 0.0925 0.0925 0.092 0.092 0.094 0.094 0.094 0.096 0.096 0.094 0.094 0.094 0.094 0.094 0.09450001 0.09450001 0.09299999 0.09299999 0.093 0.093 0.093 0.094 0.094 0.098 0.098 0.095 0.095 0.1095 0.1095 0.1095 0.099 0.099 0.1025 0.1025 0.103 0.103 0.103 0.1035 0.1035 0.101 0.101 0.099 0.099 0.099 0.095 0.095 0.09299999 0.09299999 0.095 0.095 0.095 0.096
0.087 0.087 0.0865 0.0865 0.09 0.09 0.089 0.089 0.089 0.09 0.09 0.0905 0.0905 0.0855 0.0855 0.088 0.088 0.088 0.093 0.093 0.0925 0.0925 0.0935 0.0935 0.0935 0.0925 0.0925 0.092 0.092 0.094 0.094 0.094 0.096 0.096 0.094 0.094 0.094 0.094 0.094 0.09450001 0.09450001 0.09299999 0.09299999 0.093 0.093 0.093 0.094 0.094 0.098 0.098 0.095 0.095 0.1095 0.1095 0.1095 0.099 0.099 0.1025 0.1025 0.103 0.103 0.103 0.1035 0.1035 0.101 0.101 0.099 0.099 0.099 0.095 0.095 0.09299999 0.09299999 0.095 0.095 0.095 0.096
0.0915 0.0915 0.09 0.09 0.0915 0.0915 0.0925 0.0925 0.0925 0.0935 0.0935 0.0885 0.0885 0.0955 0.0955 0.0935 0.0935 0.0935 0.0915 0.0915 0.0915 0.0915 0.0915 0.0915 0.0915 0.093 0.093 0.0935 0.0935 0.092 0.092 0.092 0.0915 0.0915 0.0925 0.0925 0.0875 0.0875 0.0875 0.0905 0.0905 0.0935 0.0935 0.094 0.094 0.094 0.1005 0.1005 0.1025 0.1025 0.105 0.105 0.1035 0.1035 0.1035 0.1045 0.1045 0.106 0.106 0.1035 0.1035 0.1035 0.0985 0.0985 0.103 0.103 0.098 0.098 0.098 0.0955 0.0955 0.0955 0.0955 0.101 0.101 0.101 0.0925
0.0915 0.0915 0.09 0.09 0.0915 0.0915 0.0925 0.0925 0.0925 0.0935 0.0935 0.0885 0.0885 0.0955 0.0955 0.0935 0.0935 0.0935 0.0915 0.0915 0.0915 0.0915 0.0915 0.0915 0.0915 0.093 0.093 0.0935 0.0935 0.092 0.092 0.092 0.0915 0.0915 0.0925 0.0925 0.0875 0.0875 0.0875 0.0905 0.0905 0.0935 0.0935 0.094 0.094 0.094 0.1005 0.1005 0.1025 0.1025 0.105 0.105 0.1035 0.1035 0.1035 0.1045 0.1045 0.106 0.106 0.1035 0.1035 0.1035 0.0985 0.0985 0.103 0.103 0.098 0.098 0.098 0.0955 0.0955 0.0955 0.0955 0.101 0.101 0.101 0.0925
0.09450001 0.09450001 0.0955 0.0955 0.094 0.094 0.0935 0.0935 0.0935 0.097 0.097 0.096 0.096 0.1005 0.1005 0.096 0.096 0.096 0.09299999 0.09299999 0.0925 0.0925 0.092 0.092 0.092 0.092 0.092 0.089 0.089 0.09100001 0.09100001 0.09100001 0.0905 0.0905 0.092 0.092 0.092 0.092 0.092 0.094 0.094 0.0935 0.0935 0.094 0.094 0.094 0.1025 0.1025 0.1035 0.1035 0.0985 0.0985 0.09999999 0.09999999 0.09999999 0.1075 0.1075 0.112 0.112 0.1115 0.1115 0.1115 0.104 0.104 0.1025 0.1025 0.0955 0.0955 0.0955 0.095 0.095 0.0925 0.0925 0.0925 0.0925 0.0925 0.096
0.09450001 0.09450001 0.0955 0.0955 0.094 0.094 0.0935 0.0935 0.0935 0.097 0.097 0.096 0.096 0.1005 0.1005 0.096 0.096 0.096 0.09299999 0.09299999 0.0925 0.0925 0.092 0.092 0.092 0.092 0.092 0.089 0.089 0.09100001 0.09100001 0.09100001 0.0905 0.0905 0.092 0.092 0.092 0.092 0.092 0.094 0.094 0.0935 0.0935 0.094 0.094 0.094 0.1025 0.1025 0.1035 0.1035 0.0985 0.0985 0.09999999 0.09999999 0.09999999 0.1075 0.1075 0.112 0.112 0.1115 0.1115 0.1115 0.104 0.104 0.1025 0.1025 0.0955 0.0955 0.0955 0.095 0.095 0.0925 0.0925 0.0925 0.0925 0.0925 0.096
0.093 0.093 0.095 0.095 0.097 0.097 0.099 0.099 0.099 0.1 0.1 0.0995 0.0995 0.0955 0.0955 0.0995 0.0995 0.0995 0.094 0.094 0.0965 0.0965 0.0935 0.0935 0.0935 0.091 0.091 0.096 0.096 0.0985 0.0985 0.0985 0.09999999 0.09999999 0.0985 0.0985 0.09450001 0.09450001 0.09450001 0.09450001 0.09450001 0.0935 0.0935 0.1005 0.1005 0.1005 0.1065 0.1065 0.1015 0.1015 0.0985 0.0985 0.0955 0.0955 0.0955 0.0955 0.0955 0.113 0.113 0.114 0.114 0.114 0.1035 0.1035 0.0985 0.0985 0.105 0.105 0.105 0.114 0.114 0.105 0.105 0.0985 0.0985 0.0985 0.1145
0.093 0.093 0.095 0.095 0.097 0.097 0.099 0.099 0.099 0.1 0.1 0.0995 0.0995 0.0955 0.0955 0.0995 0.0995 0.0995 0.094 0.094 0.0965 0.0965 0.0935 0.0935 0.0935 0.091 0.091 0.096 0.096 0.0985 0.0985 0.0985 0.09999999 0.09999999 0.0985 0.0985 0.09450001 0.09450001 0.09450001 0.09450001 0.09450001 0.0935 0.0935 0.1005 0.1005 0.1005 0.1065 0.1065 0.1015 0.1015 0.0985 0.0985 0.0955 0.0955 0.0955 0.0955 0.0955 0.113 0.113 0.114 0.114 0.114 0.1035 0.1035 0.0985 0.0985 0.105 0.105 0.105 0.114 0.114 0.105 0.105 0.0985 0.0985 0.0985 0.1145
0.093 0.093 0.095 0.095 0.097 0.097 0.099 0.099 0.099 0.1 0.1 0.0995 0.0995 0.0955 0.0955 0.0995 0.0995 0.0995 0.094 0.094 0.0965 0.0965 0.0935 0.0935 0.0935 0.091 0.091 0.096 0.096 0.0985 0.0985 0.0985 0.09999999 0.09999999 0.0985 0.0985 0.09450001 0.09450001 0.09450001 0.09450001 0.09450001 0.0935 0.0935 0.1005 0.1005 0.1005 0.1065 0.1065 0.1015 0.1015 0.0985 0.0985 0.0955 0.0955 0.0955 0.0955 0.0955 0.113 0.113 0.114 0.114 0.114 0.1035 0.1035 0.0985 0.0985 0.105 0.105 0.105 0.114 0.114 0.105 0.105 0.0985 0.0985 0.0985 0.1145
0.0925 0.0925 0.0975 0.0975 0.0975 0.0975 0.09649999 0.09649999 0.09649999 0.098 0.098 0.095 0.095 0.1025 0.1025 0.099 0.099 0.099 0.099 0.099 0.09900001 0.09900001 0.0975 0.0975 0.0975 0.1005 0.1005 0.1025 0.1025 0.1095 0.1095 0.1095 0.1055 0.1055 0.1065 0.1065 0.102 0.102 0.102 0.0975 0.0975 0.096 0.096 0.102 0.102 0.102 0.0995 0.0995 0.0975 0.0975 0.0965 0.0965 0.0945 0.0945 0.0945 0.097 0.097 0.1175 0.1175 0.122 0.122 0.122 0.131 0.131 0.108 0.108 0.1075 0.1075 0.1075 0.107 0.107 0.109 0.109 0.0995 0.0995 0.0995 0.0905
0.0925 0.0925 0.0975 0.0975 0.0975 0.0975 0.09649999 0.09649999 0.09649999 0.098 0.098 0.095 0.095 0.1025 0.1025 0.099 0.099 0.099 0.099 0.099 0.09900001 0.09900001 0.0975 0.0975 0.0975 0.1005 0.1005 0.1025 0.1025 0.1095 0.1095 0.1095 0.1055 0.1055 0.1065 0.1065 0.102 0.102 0.102 0.0975 0.0975 0.096 0.096 0.102 0.102 0.102 0.0995 0.0995 0.0975 0.0975 0.0965 0.0965 0.0945 0.0945 0.0945 0.097 0.097 0.1175 0.1175 0.122 0.122 0.122 0.131 0.131 0.108 0.108 0.1075 0.1075 0.1075 0.107 0.107 0.109 0.109 0.0995 0.0995 0.0995 0.0905
0.09900001 0.09900001 0.1055 0.1055 0.105 0.105 0.111 0.111 0.111 0.114 0.114 0.115 0.115 0.1225 0.1225 0.125 0.125 0.125 0.1085 0.1085 0.107 0.107 0.103 0.103 0.103 0.09999999 0.09999999 0.106 0.106 0.125 0.125 0.125 0.12 0.12 0.121 0.121 0.1015 0.1015 0.1015 0.098 0.098 0.0965 0.0965 0.1 0.1 0.1 0.1145 0.1145 0.1025 0.1025 0.1 0.1 0.088 0.088 0.088 0.095 0.095 0.1025 0.1025 0.1295 0.1295 0.1295 0.13 0.13 0.1235 0.1235 0.107 0.107 0.107 0.106 0.106 0.1 0.1 0.109 0.109 0.109 0.09450001
0.09900001 0.09900001 0.1055 0.1055 0.105 0.105 0.111 0.111 0.111 0.114 0.114 0.115 0.115 0.1225 0.1225 0.125 0.125 0.125 0.1085 0.1085 0.107 0.107 0.103 0.103 0.103 0.09999999 0.09999999 0.106 0.106 0.125 0.125 0.125 0.12 0.12 0.121 0.121 0.1015 0.1015 0.1015 0.098 0.098 0.0965 0.0965 0.1 0.1 0.1 0.1145 0.1145 0.1025 0.1025 0.1 0.1 0.088 0.088 0.088 0.095 0.095 0.1025 0.1025 0.1295 0.1295 0.1295 0.13 0.13 0.1235 0.1235 0.107 0.107 0.107 0.106 0.106 0.1 0.1 0.109 0.109 0.109 0.09450001
0.1075 0.1075 0.1125 0.1125 0.1085 0.1085 0.136 0.136 0.136 0.1395 0.1395 0.141 0.141 0.1365 0.1365 0.1345 0.1345 0.1345 0.1065 0.1065 0.11 0.11 0.11 0.11 0.11 0.112 0.112 0.108 0.108 0.1225 0.1225 0.1225 0.105 0.105 0.105 0.105 0.1035 0.1035 0.1035 0.102 0.102 0.096 0.096 0.115 0.115 0.115 0.1175 0.1175 0.114 0.114 0.0995 0.0995 0.1005 0.1005 0.1005 0.102 0.102 0.1155 0.1155 0.1255 0.1255 0.1255 0.1315 0.1315 0.1345 0.1345 0.12 0.12 0.12 0.1015 0.1015 0.096 0.096 0.098 0.098 0.098 0.1035
0.1075 0.1075 0.1125 0.1125 0.1085 0.1085 0.136 0.136 0.136 0.1395 0.1395 0.141 0.141 0.1365 0.1365 0.1345 0.1345 0.1345 0.1065 0.1065 0.11 0.11 0.11 0.11 0.11 0.112 0.112 0.108 0.108 0.1225 0.1225 0.1225 0.105 0.105 0.105 0.105 0.1035 0.1035 0.1035 0.102 0.102 0.096 0.096 0.115 0.115 0.115 0.1175 0.1175 0.114 0.114 0.0995 0.0995 0.1005 0.1005 0.1005 0.102 0.102 0.1155 0.1155 0.1255 0.1255 0.1255 0.1315 0.1315 0.1345 0.1345 0.12 0.12 0.12 0.1015 0.1015 0.096 0.096 0.098 0.098 0.098 0.1035
0.1075 0.1075 0.1125 0.1125 0.1085 0.1085 0.136 0.136 0.136 0.1395 0.1395 0.141 0.141 0.1365 0.1365 0.1345 0.1345 0.1345 0.1065 0.1065 0.11 0.11 0.11 0.11 0.11 0.112 0.112 0.108 0.108 0.1225 0.1225 0.1225 0.105 0.105 0.105 0.105 0.1035 0.1035 0.1035 0.102 0.102 0.096 0.096 0.115 0.115 0.115 0.1175 0.1175 0.114 0.114 0.0995 0.0995 0.1005 0.1005 0.1005 0.102 0.102 0.1155 0.1155 0.1255 0.1255 0.1255 0.1315 0.1315 0.1345 0.1345 0.12 0.12 0.12 0.1015 0.1015 0.096 0.096 0.098 0.098 0.098 0.1035
0.1105 0.1105 0.12 0.12 0.1295 0.1295 0.1395 0.1395 0.1395 0.142 0.142 0.146 0.146 0.143 0.143 0.1565 0.1565 0.1565 0.135 0.135 0.113 0.113 0.111 0.111 0.111 0.1095 0.1095 0.1115 0.1115 0.1055 0.1055 0.1055 0.1215 0.1215 0.108 0.108 0.107 0.107 0.107 0.0995 0.0995 0.1025 0.1025 0.127 0.127 0.127 0.1205 0.1205 0.1165 0.1165 0.111 0.111 0.099 0.099 0.099 0.107 0.107 0.1285 0.1285 0.136 0.136 0.136 0.133 0.133 0.135 0.135 0.1255 0.1255 0.1255 0.114 0.114 0.09649999 0.09649999 0.1005 0.1005 0.1005 0.103
0.1105 0.1105 0.12 0.12 0.1295 0.1295 0.1395 0.1395 0.1395 0.142 0.142 0.146 0.146 0.143 0.143 0.1565 0.1565 0.1565 0.135 0.135 0.113 0.113 0.111 0.111 0.111 0.1095 0.1095 0.1115 0.1115 0.1055 0.1055 0.1055 0.1215 0.1215 0.108 0.108 0.107 0.107 0.107 0.0995 0.0995 0.1025 0.1025 0.127 0.127 0.127 0.1205 0.1205 0.1165 0.1165 0.111 0.111 0.099 0.099 0.099 0.107 0.107 0.1285 0.1285 0.136 0.136 0.136 0.133 0.133 0.135 0.135 0.1255 0.1255 0.1255 0.114 0.114 0.09649999 0.09649999 0.1005 0.1005 0.1005 0.103
0.1395 0.1395 0.1215 0.1215 0.128 0.128 0.1285 0.1285 0.1285 0.145 0.145 0.149 0.149 0.1545 0.1545 0.164 0.164 0.164 0.1495 0.1495 0.137 0.137 0.127 0.127 0.127 0.1245 0.1245 0.1125 0.1125 0.1105 0.1105 0.1105 0.1145 0.1145 0.131 0.131 0.127 0.127 0.127 0.108 0.108 0.1185 0.1185 0.1315 0.1315 0.1315 0.1275 0.1275 0.137 0.137 0.143 0.143 0.1355 0.1355 0.1355 0.1355 0.1355 0.144 0.144 0.144 0.144 0.144 0.1375 0.1375 0.1275 0.1275 0.119 0.119 0.119 0.103 0.103 0.0965 0.0965 0.09999999 0.09999999 0.09999999 0.116
0.1395 0.1395 0.1215 0.1215 0.128 0.128 0.1285 0.1285 0.1285 0.145 0.145 0.149 0.149 0.1545 0.1545 0.164 0.164 0.164 0.1495 0.1495 0.137 0.137 0.127 0.127 0.127 0.1245 0.1245 0.1125 0.1125 0.1105 0.1105 0.1105 0.1145 0.1145 0.131 0.131 0.127 0.127 0.127 0.108 0.108 0.1185 0.1185 0.1315 0.1315 0.1315 0.1275 0.1275 0.137 0.137 0.143 0.143 0.1355 0.1355 0.1355 0.1355 0.1355 0.144 0.144 0.144 0.144 0.144 0.1375 0.1375 0.1275 0.1275 0.119 0.119 0.119 0.103 0.103 0.0965 0.0965 0.09999999 0.09999999 0.09999999 0.116
0.145 0.145 0.1415 0.1415 0.1175 0.1175 0.1145 0.1145 0.1145 0.1305 0.1305 0.1385 0.1385 0.1595 0.1595 0.155 0.155 0.155 0.1495 0.1495 0.1465 0.1465 0.1455 0.1455 0.1455 0.1435 0.1435 0.142 0.142 0.1395 0.1395 0.1395 0.1415 0.1415 0.1355 0.1355 0.1295 0.1295 0.1295 0.1345 0.1345 0.131 0.131 0.1515 0.1515 0.1515 0.154 0.154 0.15 0.15 0.151 0.151 0.1395 0.1395 0.1395 0.14 0.14 0.137 0.137 0.131 0.131 0.131 0.1245 0.1245 0.1305 0.1305 0.1405 0.1405 0.1405 0.1325 0.1325 0.128 0.128 0.1285 0.1285 0.1285 0.126
0.145 0.145 0.1415 0.1415 0.1175 0.1175 0.1145 0.1145 0.1145 0.1305 0.1305 0.1385 0.1385 0.1595 0.1595 0.155 0.155 0.155 0.1495 0.1495 0.1465 0.1465 0.1455 0.1455 0.1455 0.1435 0.1435 0.142 0.142 0.1395 0.1395 0.1395 0.1415 0.1415 0.1355 0.1355 0.1295 0.1295 0.1295 0.1345 0.1345 0.131 0.131 0.1515 0.1515 0.1515 0.154 0.154 0.15 0.15 0.151 0.151 0.1395 0.1395 0.1395 0.14 0.14 0.137 0.137 0.131 0.131 0.131 0.1245 0.1245 0.1305 0.1305 0.1405 0.1405 0.1405 0.1325 0.1325 0.128 0.128 0.1285 0.1285 0.1285 0.126
