ndvi/NOAA-218.asc
ncols         252
nrows         154
xllcorner     -18.017974
yllcorner     13.481982
cellsize      0.035948
NODATA_value  -9999
[rows 0 to 33 of 154, columns 154 to 230 of 252]
0.1015 0.0885 0.0885 0.0955 0.0955 0.0955 0.1005 0.1005 0.098 0.098 0.1015 0.1015 0.097 0.097 0.097 0.1095 0.1095 0.1075 0.1075 0.09649999 0.09649999 0.09649999 0.1045 0.1045 0.1065 0.1065 0.099 0.099 0.099 0.0995 0.0995 0.109 0.109 0.1075 0.1075 0.1075 0.1075 0.1075 0.1025 0.1025 0.103 0.103 0.103 0.1175 0.1175 0.1135 0.1135 0.112 0.112 0.1185 0.1185 0.1185 0.13 0.13 0.124 0.124 0.1275 0.1275 0.1275 0.117 0.117 0.1145 0.1145 0.1105 0.1105 0.1105 0.109 0.109 0.1095 0.1095 0.1085 0.1085 0.1085 0.104 0.104 0.103 0.103
0.1015 0.0885 0.0885 0.0955 0.0955 0.0955 0.1005 0.1005 0.098 0.098 0.1015 0.1015 0.097 0.097 0.097 0.1095 0.1095 0.1075 0.1075 0.09649999 0.09649999 0.09649999 0.1045 0.1045 0.1065 0.1065 0.099 0.099 0.099 0.0995 0.0995 0.109 0.109 0.1075 0.1075 0.1075 0.1075 0.1075 0.1025 0.1025 0.103 0.103 0.103 0.1175 0.1175 0.1135 0.1135 0.112 0.112 0.1185 0.1185 0.1185 0.13 0.13 0.124 0.124 0.1275 0.1275 0.1275 0.117 0.117 0.1145 0.1145 0.1105 0.1105 0.1105 0.109 0.109 0.1095 0.1095 0.1085 0.1085 0.1085 0.104 0.104 0.103 0.103
0.091 0.0915 0.0915 0.094 0.094 0.094 0.0985 0.0985 0.0975 0.0975 0.1015 0.1015 0.0995 0.0995 0.0995 0.099 0.099 0.0995 0.0995 0.0985 0.0985 0.0985 0.102 0.102 0.1075 0.1075 0.1085 0.1085 0.1085 0.11 0.11 0.112 0.112 0.1145 0.1145 0.1145 0.1185 0.1185 0.1275 0.1275 0.1265 0.1265 0.1265 0.142 0.142 0.132 0.132 0.1335 0.1335 0.1365 0.1365 0.1365 0.1285 0.1285 0.13 0.13 0.1425 0.1425 0.1425 0.1445 0.1445 0.122 0.122 0.115 0.115 0.115 0.1135 0.1135 0.1045 0.1045 0.112 0.112 0.112 0.1125 0.1125 0.1025 0.1025
0.091 0.0915 0.0915 0.094 0.094 0.094 0.0985 0.0985 0.0975 0.0975 0.1015 0.1015 0.0995 0.0995 0.0995 0.099 0.099 0.0995 0.0995 0.0985 0.0985 0.0985 0.102 0.102 0.1075 0.1075 0.1085 0.1085 0.1085 0.11 0.11 0.112 0.112 0.1145 0.1145 0.1145 0.1185 0.1185 0.1275 0.1275 0.1265 0.1265 0.1265 0.142 0.142 0.132 0.132 0.1335 0.1335 0.1365 0.1365 0.1365 0.1285 0.1285 0.13 0.13 0.1425 0.1425 0.1425 0.1445 0.1445 0.122 0.122 0.115 0.115 0.115 0.1135 0.1135 0.1045 0.1045 0.112 0.112 0.112 0.1125 0.1125 0.1025 0.1025
0.091 0.0915 0.0915 0.094 0.094 0.094 0.0985 0.0985 0.0975 0.0975 0.1015 0.1015 0.0995 0.0995 0.0995 0.099 0.099 0.0995 0.0995 0.0985 0.0985 0.0985 0.102 0.102 0.1075 0.1075 0.1085 0.1085 0.1085 0.11 0.11 0.112 0.112 0.1145 0.1145 0.1145 0.1185 0.1185 0.1275 0.1275 0.1265 0.1265 0.1265 0.142 0.142 0.132 0.132 0.1335 0.1335 0.1365 0.1365 0.1365 0.1285 0.1285 0.13 0.13 0.1425 0.1425 0.1425 0.1445 0.1445 0.122 0.122 0.115 0.115 0.115 0.1135 0.1135 0.1045 0.1045 0.112 0.112 0.112 0.1125 0.1125 0.1025 0.1025
0.1045 0.0995 0.0995 0.11 0.11 0.11 0.1155 0.1155 0.1165 0.1165 0.113 0.113 0.112 0.112 0.112 0.108 0.108 0.109 0.109 0.1165 0.1165 0.1165 0.1185 0.1185 0.1245 0.1245 0.1275 0.1275 0.1275 0.13 0.13 0.136 0.136 0.133 0.133 0.133 0.1305 0.1305 0.137 0.137 0.14 0.14 0.14 0.1345 0.1345 0.1305 0.1305 0.1345 0.1345 0.142 0.142 0.142 0.1345 0.1345 0.1365 0.1365 0.135 0.135 0.135 0.127 0.127 0.1225 0.1225 0.1215 0.1215 0.1215 0.1155 0.1155 0.1125 0.1125 0.1105 0.1105 0.1105 0.1095 0.1095 0.105 0.105
0.1045 0.0995 0.0995 0.11 0.11 0.11 0.1155 0.1155 0.1165 0.1165 0.113 0.113 0.112 0.112 0.112 0.108 0.108 0.109 0.109 0.1165 0.1165 0.1165 0.1185 0.1185 0.1245 0.1245 0.1275 0.1275 0.1275 0.13 0.13 0.136 0.136 0.133 0.133 0.133 0.1305 0.1305 0.137 0.137 0.14 0.14 0.14 0.1345 0.1345 0.1305 0.1305 0.1345 0.1345 0.142 0.142 0.142 0.1345 0.1345 0.1365 0.1365 0.135 0.135 0.135 0.127 0.127 0.1225 0.1225 0.1215 0.1215 0.1215 0.1155 0.1155 0.1125 0.1125 0.1105 0.1105 0.1105 0.1095 0.1095 0.105 0.105
0.1075 0.109 0.109 0.1195 0.1195 0.1195 0.122 0.122 0.12 0.12 0.114 0.114 0.1075 0.1075 0.1075 0.104 0.104 0.117 0.117 0.117 0.117 0.117 0.1195 0.1195 0.12 0.12 0.121 0.121 0.121 0.122 0.122 0.126 0.126 0.123 0.123 0.123 0.1315 0.1315 0.134 0.134 0.129 0.129 0.129 0.133 0.133 0.1315 0.1315 0.139 0.139 0.141 0.141 0.141 0.1415 0.1415 0.138 0.138 0.13 0.13 0.13 0.124 0.124 0.128 0.128 0.1225 0.1225 0.1225 0.1195 0.1195 0.108 0.108 0.11 0.11 0.11 0.1085 0.1085 0.1085 0.1085
0.1075 0.109 0.109 0.1195 0.1195 0.1195 0.122 0.122 0.12 0.12 0.114 0.114 0.1075 0.1075 0.1075 0.104 0.104 0.117 0.117 0.117 0.117 0.117 0.1195 0.1195 0.12 0.12 0.121 0.121 0.121 0.122 0.122 0.126 0.126 0.123 0.123 0.123 0.1315 0.1315 0.134 0.134 0.129 0.129 0.129 0.133 0.133 0.1315 0.1315 0.139 0.139 0.141 0.141 0.141 0.1415 0.1415 0.138 0.138 0.13 0.13 0.13 0.124 0.124 0.128 0.128 0.1225 0.1225 0.1225 0.1195 0.1195 0.108 0.108 0.11 0.11 0.11 0.1085 0.1085 0.1085 0.1085
0.1125 0.1145 0.1145 0.113 0.113 0.113 0.114 0.114 0.1155 0.1155 0.12 0.12 0.1045 0.1045 0.1045 0.111 0.111 0.116 0.116 0.1175 0.1175 0.1175 0.117 0.117 0.1205 0.1205 0.117 0.117 0.117 0.112 0.112 0.118 0.118 0.1195 0.1195 0.1195 0.1255 0.1255 0.123 0.123 0.119 0.119 0.119 0.1285 0.1285 0.121 0.121 0.145 0.145 0.145 0.145 0.145 0.133 0.133 0.124 0.124 0.1245 0.1245 0.1245 0.1235 0.1235 0.1255 0.1255 0.116 0.116 0.116 0.1165 0.1165 0.112 0.112 0.1125 0.1125 0.1125 0.1085 0.1085 0.11 0.11
0.1125 0.1145 0.1145 0.113 0.113 0.113 0.114 0.114 0.1155 0.1155 0.12 0.12 0.1045 0.1045 0.1045 0.111 0.111 0.116 0.116 0.1175 0.1175 0.1175 0.117 0.117 0.1205 0.1205 0.117 0.117 0.117 0.112 0.112 0.118 0.118 0.1195 0.1195 0.1195 0.1255 0.1255 0.123 0.123 0.119 0.119 0.119 0.1285 0.1285 0.121 0.121 0.145 0.145 0.145 0.145 0.145 0.133 0.133 0.124 0.124 0.1245 0.1245 0.1245 0.1235 0.1235 0.1255 0.1255 0.116 0.116 0.116 0.1165 0.1165 0.112 0.112 0.1125 0.1125 0.1125 0.1085 0.1085 0.11 0.11
0.123 0.1185 0.1185 0.1105 0.1105 0.1105 0.106 0.106 0.11 0.11 0.116 0.116 0.119 0.119 0.119 0.118 0.118 0.122 0.122 0.1155 0.1155 0.1155 0.1105 0.1105 0.124 0.124 0.1205 0.1205 0.1205 0.12 0.12 0.1185 0.1185 0.115 0.115 0.115 0.118 0.118 0.1145 0.1145 0.1235 0.1235 0.1235 0.124 0.124 0.136 0.136 0.1465 0.1465 0.1335 0.1335 0.1335 0.1515 0.1515 0.1235 0.1235 0.1235 0.1235 0.1235 0.1145 0.1145 0.1125 0.1125 0.101 0.101 0.101 0.097 0.097 0.1005 0.1005 0.105 0.105 0.105 0.1 0.1 0.107 0.107
0.123 0.1185 0.1185 0.1105 0.1105 0.1105 0.106 0.106 0.11 0.11 0.116 0.116 0.119 0.119 0.119 0.118 0.118 0.122 0.122 0.1155 0.1155 0.1155 0.1105 0.1105 0.124 0.124 0.1205 0.1205 0.1205 0.12 0.12 0.1185 0.1185 0.115 0.115 0.115 0.118 0.118 0.1145 0.1145 0.1235 0.1235 0.1235 0.124 0.124 0.136 0.136 0.1465 0.1465 0.1335 0.1335 0.1335 0.1515 0.1515 0.1235 0.1235 0.1235 0.1235 0.1235 0.1145 0.1145 0.1125 0.1125 0.101 0.101 0.101 0.097 0.097 0.1005 0.1005 0.105 0.105 0.105 0.1 0.1 0.107 0.107
0.123 0.1185 0.1185 0.1105 0.1105 0.1105 0.106 0.106 0.11 0.11 0.116 0.116 0.119 0.119 0.119 0.118 0.118 0.122 0.122 0.1155 0.1155 0.1155 0.1105 0.1105 0.124 0.124 0.1205 0.1205 0.1205 0.12 0.12 0.1185 0.1185 0.115 0.115 0.115 0.118 0.118 0.1145 0.1145 0.1235 0.1235 0.1235 0.124 0.124 0.136 0.136 0.1465 0.1465 0.1335 0.1335 0.1335 0.1515 0.1515 0.1235 0.1235 0.1235 0.1235 0.1235 0.1145 0.1145 0.1125 0.1125 0.101 0.101 0.101 0.097 0.097 0.1005 0.1005 0.105 0.105 0.105 0.1 0.1 0.107 0.107
0.117 0.1155 0.1155 0.1155 0.1155 0.1155 0.114 0.114 0.115 0.115 0.1125 0.1125 0.1205 0.1205 0.1205 0.1155 0.1155 0.1225 0.1225 0.121 0.121 0.121 0.116 0.116 0.1075 0.1075 0.115 0.115 0.115 0.1195 0.1195 0.1235 0.1235 0.126 0.126 0.126 0.127 0.127 0.1315 0.1315 0.1285 0.1285 0.1285 0.1275 0.1275 0.1315 0.1315 0.1325 0.1325 0.1115 0.1115 0.1115 0.119 0.119 0.1245 0.1245 0.1165 0.1165 0.1165 0.113 0.113 0.1005 0.1005 0.1005 0.1005 0.1005 0.0955 0.0955 0.0975 0.0975 0.098 0.098 0.098 0.101 0.101 0.114 0.114
0.117 0.1155 0.1155 0.1155 0.1155 0.1155 0.114 0.114 0.115 0.115 0.1125 0.1125 0.1205 0.1205 0.1205 0.1155 0.1155 0.1225 0.1225 0.121 0.121 0.121 0.116 0.116 0.1075 0.1075 0.115 0.115 0.115 0.1195 0.1195 0.1235 0.1235 0.126 0.126 0.126 0.127 0.127 0.1315 0.1315 0.1285 0.1285 0.1285 0.1275 0.1275 0.1315 0.1315 0.1325 0.1325 0.1115 0.1115 0.1115 0.119 0.119 0.1245 0.1245 0.1165 0.1165 0.1165 0.113 0.113 0.1005 0.1005 0.1005 0.1005 0.1005 0.0955 0.0955 0.0975 0.0975 0.098 0.098 0.098 0.101 0.101 0.114 0.114
0.124 0.1165 0.1165 0.106 0.106 0.106 0.1115 0.1115 0.1195 0.1195 0.122 0.122 0.1225 0.1225 0.1225 0.1255 0.1255 0.1235 0.1235 0.119 0.119 0.119 0.1255 0.1255 0.122 0.122 0.1225 0.1225 0.1225 0.118 0.118 0.1165 0.1165 0.118 0.118 0.118 0.1155 0.1155 0.0985 0.0985 0.103 0.103 0.103 0.099 0.099 0.0845 0.0845 0.0815 0.0815 0.0885 0.0885 0.0885 0.092 0.092 0.0965 0.0965 0.0955 0.0955 0.0955 0.1015 0.1015 0.105 0.105 0.0945 0.0945 0.0945 0.0965 0.0965 0.095 0.095 0.106 0.106 0.106 0.102 0.102 0.114 0.114
0.124 0.1165 0.1165 0.106 0.106 0.106 0.1115 0.1115 0.1195 0.1195 0.122 0.122 0.1225 0.1225 0.1225 0.1255 0.1255 0.1235 0.1235 0.119 0.119 0.119 0.1255 0.1255 0.122 0.122 0.1225 0.1225 0.1225 0.118 0.118 0.1165 0.1165 0.118 0.118 0.118 0.1155 0.1155 0.0985 0.0985 0.103 0.103 0.103 0.099 0.099 0.0845 0.0845 0.0815 0.0815 0.0885 0.0885 0.0885 0.092 0.092 0.0965 0.0965 0.0955 0.0955 0.0955 0.1015 0.1015 0.105 0.105 0.0945 0.0945 0.0945 0.0965 0.0965 0.095 0.095 0.106 0.106 0.106 0.102 0.102 0.114 0.114
0.1075 0.141 0.141 0.141 0.141 0.141 0.0975 0.0975 0.0995 0.0995 0.0995 0.0995 0.098 0.098 0.098 0.0975 0.0975 0.105 0.105 0.1055 0.1055 0.1055 0.1025 0.1025 0.108 0.108 0.098 0.098 0.098 0.0895 0.0895 0.0895 0.0895 0.09 0.09 0.09 0.098 0.098 0.112 0.112 0.1365 0.1365 0.1365 0.132 0.132 0.128 0.128 0.127 0.127 0.117 0.117 0.117 0.108 0.108 0.1045 0.1045 0.107 0.107 0.107 0.1025 0.1025 0.1075 0.1075 0.1065 0.1065 0.1065 0.101 0.101 0.106 0.106 0.105 0.105 0.105 0.1105 0.1105 0.1115 0.1115
0.1075 0.141 0.141 0.141 0.141 0.141 0.0975 0.0975 0.0995 0.0995 0.0995 0.0995 0.098 0.098 0.098 0.0975 0.0975 0.105 0.105 0.1055 0.1055 0.1055 0.1025 0.1025 0.108 0.108 0.098 0.098 0.098 0.0895 0.0895 0.0895 0.0895 0.09 0.09 0.09 0.098 0.098 0.112 0.112 0.1365 0.1365 0.1365 0.132 0.132 0.128 0.128 0.127 0.127 0.117 0.117 0.117 0.108 0.108 0.1045 0.1045 0.107 0.107 0.107 0.1025 0.1025 0.1075 0.1075 0.1065 0.1065 0.1065 0.101 0.101 0.106 0.106 0.105 0.105 0.105 0.1105 0.1105 0.1115 0.1115
0.1075 0.141 0.141 0.141 0.141 0.141 0.0975 0.0975 0.0995 0.0995 0.0995 0.0995 0.098 0.098 0.098 0.0975 0.0975 0.105 0.105 0.1055 0.1055 0.1055 0.1025 0.1025 0.108 0.108 0.098 0.098 0.098 0.0895 0.0895 0.0895 0.0895 0.09 0.09 0.09 0.098 0.098 0.112 0.112 0.1365 0.1365 0.1365 0.132 0.132 0.128 0.128 0.127 0.127 0.117 0.117 0.117 0.108 0.108 0.1045 0.1045 0.107 0.107 0.107 0.1025 0.1025 0.1075 0.1075 0.1065 0.1065 0.1065 0.101 0.101 0.106 0.106 0.105 0.105 0.105 0.1105 0.1105 0.1115 0.1115
0.128 0.141 0.141 0.1335 0.1335 0.1335 0.1115 0.1115 0.1 0.1 0.105 0.105 0.1085 0.1085 0.1085 0.121 0.121 0.1095 0.1095 0.1145 0.1145 0.1145 0.109 0.109 0.107 0.107 0.101 0.101 0.101 0.0985 0.0985 0.0955 0.0955 0.1295 0.1295 0.1295 0.1365 0.1365 0.1335 0.1335 0.1235 0.1235 0.1235 0.1285 0.1285 0.124 0.124 0.1245 0.1245 0.118 0.118 0.118 0.1165 0.1165 0.1115 0.1115 0.109 0.109 0.109 0.1135 0.1135 0.1205 0.1205 0.111 0.111 0.111 0.1155 0.1155 0.112 0.112 0.1205 0.1205 0.1205 0.1185 0.1185 0.1065 0.1065
0.128 0.141 0.141 0.1335 0.1335 0.1335 0.1115 0.1115 0.1 0.1 0.105 0.105 0.1085 0.1085 0.1085 0.121 0.121 0.1095 0.1095 0.1145 0.1145 0.1145 0.109 0.109 0.107 0.107 0.101 0.101 0.101 0.0985 0.0985 0.0955 0.0955 0.1295 0.1295 0.1295 0.1365 0.1365 0.1335 0.1335 0.1235 0.1235 0.1235 0.1285 0.1285 0.124 0.124 0.1245 0.1245 0.118 0.118 0.118 0.1165 0.1165 0.1115 0.1115 0.109 0.109 0.109 0.1135 0.1135 0.1205 0.1205 0.111 0.111 0.111 0.1155 0.1155 0.112 0.112 0.1205 0.1205 0.1205 0.1185 0.1185 0.1065 0.1065
0.123 0.143 0.143 0.1445 0.1445 0.1445 0.127 0.127 0.1185 0.1185 0.118 0.118 0.1215 0.1215 0.1215 0.108 0.108 0.1165 0.1165 0.137 0.137 0.137 0.1355 0.1355 0.132 0.132 0.121 0.121 0.121 0.1275 0.1275 0.121 0.121 0.145 0.145 0.145 0.1335 0.1335 0.12 0.12 0.1225 0.1225 0.1225 0.1225 0.1225 0.1255 0.1255 0.1305 0.1305 0.121 0.121 0.121 0.1205 0.1205 0.1175 0.1175 0.1195 0.1195 0.1195 0.1225 0.1225 0.1185 0.1185 0.118 0.118 0.118 0.1205 0.1205 0.1165 0.1165 0.115 0.115 0.115 0.1165 0.1165 0.098 0.098
0.123 0.143 0.143 0.1445 0.1445 0.1445 0.127 0.127 0.1185 0.1185 0.118 0.118 0.1215 0.1215 0.1215 0.108 0.108 0.1165 0.1165 0.137 0.137 0.137 0.1355 0.1355 0.132 0.132 0.121 0.121 0.121 0.1275 0.1275 0.121 0.121 0.145 0.145 0.145 0.1335 0.1335 0.12 0.12 0.1225 0.1225 0.1225 0.1225 0.1225 0.1255 0.1255 0.1305 0.1305 0.121 0.121 0.121 0.1205 0.1205 0.1175 0.1175 0.1195 0.1195 0.1195 0.1225 0.1225 0.1185 0.1185 0.118 0.118 0.118 0.1205 0.1205 0.1165 0.1165 0.115 0.115 0.115 0.1165 0.1165 0.098 0.098
0.124 0.1205 0.1205 0.147 0.147 0.147 0.18 0.18 0.159 0.159 0.152 0.152 0.1345 0.1345 0.1345 0.1395 0.1395 0.137 0.137 0.1385 0.1385 0.1385 0.14 0.14 0.1415 0.1415 0.1405 0.1405 0.1405 0.14 0.14 0.1355 0.1355 0.1315 0.1315 0.1315 0.1275 0.1275 0.1245 0.1245 0.1325 0.1325 0.1325 0.127 0.127 0.131 0.131 0.1415 0.1415 0.131 0.131 0.131 0.126 0.126 0.125 0.125 0.123 0.123 0.123 0.123 0.123 0.119 0.119 0.121 0.121 0.121 0.1195 0.1195 0.1155 0.1155 0.118 0.118 0.118 0.1145 0.1145 0.1205 0.1205
0.124 0.1205 0.1205 0.147 0.147 0.147 0.18 0.18 0.159 0.159 0.152 0.152 0.1345 0.1345 0.1345 0.1395 0.1395 0.137 0.137 0.1385 0.1385 0.1385 0.14 0.14 0.1415 0.1415 0.1405 0.1405 0.1405 0.14 0.14 0.1355 0.1355 0.1315 0.1315 0.1315 0.1275 0.1275 0.1245 0.1245 0.1325 0.1325 0.1325 0.127 0.127 0.131 0.131 0.1415 0.1415 0.131 0.131 0.131 0.126 0.126 0.125 0.125 0.123 0.123 0.123 0.123 0.123 0.119 0.119 0.121 0.121 0.121 0.1195 0.1195 0.1155 0.1155 0.118 0.118 0.118 0.1145 0.1145 0.1205 0.1205
0.124 0.1205 0.1205 0.147 0.147 0.147 0.18 0.18 0.159 0.159 0.152 0.152 0.1345 0.1345 0.1345 0.1395 0.1395 0.137 0.137 0.1385 0.1385 0.1385 0.14 0.14 0.1415 0.1415 0.1405 0.1405 0.1405 0.14 0.14 0.1355 0.1355 0.1315 0.1315 0.1315 0.1275 0.1275 0.1245 0.1245 0.1325 0.1325 0.1325 0.127 0.127 0.131 0.131 0.1415 0.1415 0.131 0.131 0.131 0.126 0.126 0.125 0.125 0.123 0.123 0.123 0.123 0.123 0.119 0.119 0.121 0.121 0.121 0.1195 0.1195 0.1155 0.1155 0.118 0.118 0.118 0.1145 0.1145 0.1205 0.1205
0.121 0.124 0.124 0.169 0.169 0.169 0.1765 0.1765 0.1785 0.1785 0.1485 0.1485 0.1355 0.1355 0.1355 0.1395 0.1395 0.135 0.135 0.139 0.139 0.139 0.137 0.137 0.138 0.138 0.1335 0.1335 0.1335 0.1315 0.1315 0.125 0.125 0.128 0.128 0.128 0.1335 0.1335 0.1365 0.1365 0.1305 0.1305 0.1305 0.1345 0.1345 0.139 0.139 0.143 0.143 0.1395 0.1395 0.1395 0.1395 0.1395 0.129 0.129 0.117 0.117 0.117 0.1155 0.1155 0.129 0.129 0.1285 0.1285 0.1285 0.129 0.129 0.133 0.133 0.129 0.129 0.129 0.124 0.124 0.1175 0.1175
0.121 0.124 0.124 0.169 0.169 0.169 0.1765 0.1765 0.1785 0.1785 0.1485 0.1485 0.1355 0.1355 0.1355 0.1395 0.1395 0.135 0.135 0.139 0.139 0.139 0.137 0.137 0.138 0.138 0.1335 0.1335 0.1335 0.1315 0.1315 0.125 0.125 0.128 0.128 0.128 0.1335 0.1335 0.1365 0.1365 0.1305 0.1305 0.1305 0.1345 0.1345 0.139 0.139 0.143 0.143 0.1395 0.1395 0.1395 0.1395 0.1395 0.129 0.129 0.117 0.117 0.117 0.1155 0.1155 0.129 0.129 0.1285 0.1285 0.1285 0.129 0.129 0.133 0.133 0.129 0.129 0.129 0.124 0.124 0.1175 0.1175
0.123 0.12 0.12 0.1355 0.1355 0.1355 0.1545 0.1545 0.1655 0.1655 0.13 0.13 0.122 0.122 0.122 0.1285 0.1285 0.1375 0.1375 0.1395 0.1395 0.1395 0.137 0.137 0.1445 0.1445 0.14 0.14 0.14 0.154 0.154 0.137 0.137 0.1275 0.1275 0.1275 0.133 0.133 0.138 0.138 0.142 0.142 0.142 0.1385 0.1385 0.1415 0.1415 0.139 0.139 0.1485 0.1485 0.1485 0.1485 0.1485 0.1435 0.1435 0.1425 0.1425 0.1425 0.1285 0.1285 0.1385 0.1385 0.139 0.139 0.139 0.1435 0.1435 0.1395 0.1395 0.1395 0.1395 0.1395 0.1235 0.1235 0.126 0.126
0.123 0.12 0.12 0.1355 0.1355 0.1355 0.1545 0.1545 0.1655 0.1655 0.13 0.13 0.122 0.122 0.122 0.1285 0.1285 0.1375 0.1375 0.1395 0.1395 0.1395 0.137 0.137 0.1445 0.1445 0.14 0.14 0.14 0.154 0.154 0.137 0.137 0.1275 0.1275 0.1275 0.133 0.133 0.138 0.138 0.142 0.142 0.142 0.1385 0.1385 0.1415 0.1415 0.139 0.139 0.1485 0.1485 0.1485 0.1485 0.1485 0.1435 0.1435 0.1425 0.1425 0.1425 0.1285 0.1285 0.1385 0.1385 0.139 0.139 0.139 0.1435 0.1435 0.1395 0.1395 0.1395 0.1395 0.1395 0.1235 0.1235 0.126 0.126
0.1355 0.1325 0.1325 0.1245 0.1245 0.1245 0.135 0.135 0.1355 0.1355 0.121 0.121 0.115 0.115 0.115 0.131 0.131 0.1165 0.1165 0.1255 0.1255 0.1255 0.118 0.118 0.14 0.14 0.129 0.129 0.129 0.14 0.14 0.1365 0.1365 0.133 0.133 0.133 0.138 0.138 0.1375 0.1375 0.142 0.142 0.142 0.136 0.136 0.135 0.135 0.152 0.152 0.1415 0.1415 0.1415 0.1545 0.1545 0.158 0.158 0.158 0.158 0.158 0.153 0.153 0.147 0.147 0.15 0.15 0.15 0.158 0.158 0.15 0.15 0.144 0.144 0.144 0.141 0.141 0.137 0.137
0.1355 0.1325 0.1325 0.1245 0.1245 0.1245 0.135 0.135 0.1355 0.1355 0.121 0.121 0.115 0.115 0.115 0.131 0.131 0.1165 0.1165 0.1255 0.1255 0.1255 0.118 0.118 0.14 0.14 0.129 0.129 0.129 0.14 0.14 0.1365 0.1365 0.133 0.133 0.133 0.138 0.138 0.1375 0.1375 0.142 0.142 0.142 0.136 0.136 0.135 0.135 0.152 0.152 0.1415 0.1415 0.1415 0.1545 0.1545 0.158 0.158 0.158 0.158 0.158 0.153 0.153 0.147 0.147 0.15 0.15 0.15 0.158 0.158 0.15 0.15 0.144 0.144 0.144 0.141 0.141 0.137 0.137
