ndvi/NOAA-63.asc
ncols         252
nrows         154
xllcorner     -18.017974
yllcorner     13.481982
cellsize      0.035948
NODATA_value  -9999
[rows 34 to 67 of 154, columns 77 to 153 of 252]
0.154 0.154 0.145 0.145 0.144 0.144 0.139 0.139 0.139 0.136 0.136 0.144 0.144 0.149 0.149 0.1495 0.1495 0.1495 0.151 0.151 0.149 0.149 0.1535 0.1535 0.1535 0.1605 0.1605 0.1585 0.1585 0.156 0.156 0.156 0.155 0.155 0.154 0.154 0.156 0.156 0.156 0.158 0.158 0.1495 0.1495 0.167 0.167 0.167 0.1625 0.1625 0.1615 0.1615 0.1655 0.1655 0.1625 0.1625 0.1625 0.1505 0.1505 0.157 0.157 0.164 0.164 0.164 0.1715 0.1715 0.1675 0.1675 0.1665 0.1665 0.1665 0.163 0.163 0.137 0.137 0.134 0.134 0.134 0.144
0.154 0.154 0.145 0.145 0.144 0.144 0.139 0.139 0.139 0.136 0.136 0.144 0.144 0.149 0.149 0.1495 0.1495 0.1495 0.151 0.151 0.149 0.149 0.1535 0.1535 0.1535 0.1605 0.1605 0.1585 0.1585 0.156 0.156 0.156 0.155 0.155 0.154 0.154 0.156 0.156 0.156 0.158 0.158 0.1495 0.1495 0.167 0.167 0.167 0.1625 0.1625 0.1615 0.1615 0.1655 0.1655 0.1625 0.1625 0.1625 0.1505 0.1505 0.157 0.157 0.164 0.164 0.164 0.1715 0.1715 0.1675 0.1675 0.1665 0.1665 0.1665 0.163 0.163 0.137 0.137 0.134 0.134 0.134 0.144
0.154 0.154 0.145 0.145 0.144 0.144 0.139 0.139 0.139 0.136 0.136 0.144 0.144 0.149 0.149 0.1495 0.1495 0.1495 0.151 0.151 0.149 0.149 0.1535 0.1535 0.1535 0.1605 0.1605 0.1585 0.1585 0.156 0.156 0.156 0.155 0.155 0.154 0.154 0.156 0.156 0.156 0.158 0.158 0.1495 0.1495 0.167 0.167 0.167 0.1625 0.1625 0.1615 0.1615 0.1655 0.1655 0.1625 0.1625 0.1625 0.1505 0.1505 0.157 0.157 0.164 0.164 0.164 0.1715 0.1715 0.1675 0.1675 0.1665 0.1665 0.1665 0.163 0.163 0.137 0.137 0.134 0.134 0.134 0.144
0.16 0.16 0.155 0.155 0.1585 0.1585 0.1535 0.1535 0.1535 0.157 0.157 0.156 0.156 0.163 0.163 0.1515 0.1515 0.1515 0.1565 0.1565 0.1535 0.1535 0.158 0.158 0.158 0.166 0.166 0.1715 0.1715 0.172 0.172 0.172 0.167 0.167 0.175 0.175 0.1635 0.1635 0.1635 0.1605 0.1605 0.1635 0.1635 0.1705 0.1705 0.1705 0.168 0.168 0.1685 0.1685 0.172 0.172 0.172 0.172 0.172 0.175 0.175 0.196 0.196 0.1895 0.1895 0.1895 0.181 0.181 0.179 0.179 0.176 0.176 0.176 0.173 0.173 0.142 0.142 0.1425 0.1425 0.1425 0.1415
0.16 0.16 0.155 0.155 0.1585 0.1585 0.1535 0.1535 0.1535 0.157 0.157 0.156 0.156 0.163 0.163 0.1515 0.1515 0.1515 0.1565 0.1565 0.1535 0.1535 0.158 0.158 0.158 0.166 0.166 0.1715 0.1715 0.172 0.172 0.172 0.167 0.167 0.175 0.175 0.1635 0.1635 0.1635 0.1605 0.1605 0.1635 0.1635 0.1705 0.1705 0.1705 0.168 0.168 0.1685 0.1685 0.172 0.172 0.172 0.172 0.172 0.175 0.175 0.196 0.196 0.1895 0.1895 0.1895 0.181 0.181 0.179 0.179 0.176 0.176 0.176 0.173 0.173 0.142 0.142 0.1425 0.1425 0.1425 0.1415
0.1695 0.1695 0.159 0.159 0.152 0.152 0.1515 0.1515 0.1515 0.167 0.167 0.167 0.167 0.168 0.168 0.161 0.161 0.161 0.161 0.161 0.1605 0.1605 0.169 0.169 0.169 0.1655 0.1655 0.1785 0.1785 0.1885 0.1885 0.1885 0.189 0.189 0.1745 0.1745 0.173 0.173 0.173 0.1705 0.1705 0.1745 0.1745 0.185 0.185 0.185 0.1935 0.1935 0.1905 0.1905 0.1875 0.1875 0.227 0.227 0.227 0.195 0.195 0.197 0.197 0.187 0.187 0.187 0.18 0.18 0.1785 0.1785 0.1585 0.1585 0.1585 0.163 0.163 0.126 0.126 0.1245 0.1245 0.1245 0.1445
0.1695 0.1695 0.159 0.159 0.152 0.152 0.1515 0.1515 0.1515 0.167 0.167 0.167 0.167 0.168 0.168 0.161 0.161 0.161 0.161 0.161 0.1605 0.1605 0.169 0.169 0.169 0.1655 0.1655 0.1785 0.1785 0.1885 0.1885 0.1885 0.189 0.189 0.1745 0.1745 0.173 0.173 0.173 0.1705 0.1705 0.1745 0.1745 0.185 0.185 0.185 0.1935 0.1935 0.1905 0.1905 0.1875 0.1875 0.227 0.227 0.227 0.195 0.195 0.197 0.197 0.187 0.187 0.187 0.18 0.18 0.1785 0.1785 0.1585 0.1585 0.1585 0.163 0.163 0.126 0.126 0.1245 0.1245 0.1245 0.1445
0.176 0.176 0.1705 0.1705 0.1685 0.1685 0.163 0.163 0.163 0.1625 0.1625 0.17 0.17 0.171 0.171 0.175 0.175 0.175 0.154 0.154 0.1605 0.1605 0.169 0.169 0.169 0.1835 0.1835 0.192 0.192 0.1905 0.1905 0.1905 0.186 0.186 0.177 0.177 0.178 0.178 0.178 0.1785 0.1785 0.188 0.188 0.1995 0.1995 0.1995 0.186 0.186 0.1885 0.1885 0.1945 0.1945 0.231 0.231 0.231 0.222 0.222 0.183 0.183 0.177 0.177 0.177 0.1715 0.1715 0.169 0.169 0.146 0.146 0.146 0.1595 0.1595 0.1375 0.1375 0.1365 0.1365 0.1365 0.1415
0.176 0.176 0.1705 0.1705 0.1685 0.1685 0.163 0.163 0.163 0.1625 0.1625 0.17 0.17 0.171 0.171 0.175 0.175 0.175 0.154 0.154 0.1605 0.1605 0.169 0.169 0.169 0.1835 0.1835 0.192 0.192 0.1905 0.1905 0.1905 0.186 0.186 0.177 0.177 0.178 0.178 0.178 0.1785 0.1785 0.188 0.188 0.1995 0.1995 0.1995 0.186 0.186 0.1885 0.1885 0.1945 0.1945 0.231 0.231 0.231 0.222 0.222 0.183 0.183 0.177 0.177 0.177 0.1715 0.1715 0.169 0.169 0.146 0.146 0.146 0.1595 0.1595 0.1375 0.1375 0.1365 0.1365 0.1365 0.1415
0.176 0.176 0.1705 0.1705 0.1685 0.1685 0.163 0.163 0.163 0.1625 0.1625 0.17 0.17 0.171 0.171 0.175 0.175 0.175 0.154 0.154 0.1605 0.1605 0.169 0.169 0.169 0.1835 0.1835 0.192 0.192 0.1905 0.1905 0.1905 0.186 0.186 0.177 0.177 0.178 0.178 0.178 0.1785 0.1785 0.188 0.188 0.1995 0.1995 0.1995 0.186 0.186 0.1885 0.1885 0.1945 0.1945 0.231 0.231 0.231 0.222 0.222 0.183 0.183 0.177 0.177 0.177 0.1715 0.1715 0.169 0.169 0.146 0.146 0.146 0.1595 0.1595 0.1375 0.1375 0.1365 0.1365 0.1365 0.1415
0.1775 0.1775 0.1755 0.1755 0.1705 0.1705 0.1685 0.1685 0.1685 0.1635 0.1635 0.159 0.159 0.175 0.175 0.1815 0.1815 0.1815 0.1715 0.1715 0.1575 0.1575 0.1645 0.1645 0.1645 0.1775 0.1775 0.185 0.185 0.19 0.19 0.19 0.2075 0.2075 0.2085 0.2085 0.202 0.202 0.202 0.193 0.193 0.1905 0.1905 0.197 0.197 0.197 0.1735 0.1735 0.1825 0.1825 0.1675 0.1675 0.2 0.2 0.2 0.1985 0.1985 0.187 0.187 0.1625 0.1625 0.1625 0.16 0.16 0.14 0.14 0.1415 0.1415 0.1415 0.149 0.149 0.132 0.132 0.1425 0.1425 0.1425 0.123
0.1775 0.1775 0.1755 0.1755 0.1705 0.1705 0.1685 0.1685 0.1685 0.1635 0.1635 0.159 0.159 0.175 0.175 0.1815 0.1815 0.1815 0.1715 0.1715 0.1575 0.1575 0.1645 0.1645 0.1645 0.1775 0.1775 0.185 0.185 0.19 0.19 0.19 0.2075 0.2075 0.2085 0.2085 0.202 0.202 0.202 0.193 0.193 0.1905 0.1905 0.197 0.197 0.197 0.1735 0.1735 0.1825 0.1825 0.1675 0.1675 0.2 0.2 0.2 0.1985 0.1985 0.187 0.187 0.1625 0.1625 0.1625 0.16 0.16 0.14 0.14 0.1415 0.1415 0.1415 0.149 0.149 0.132 0.132 0.1425 0.1425 0.1425 0.123
0.184 0.184 0.1855 0.1855 0.1735 0.1735 0.1725 0.1725 0.1725 0.168 0.168 0.1585 0.1585 0.159 0.159 0.179 0.179 0.179 0.1755 0.1755 0.174 0.174 0.1745 0.1745 0.1745 0.175 0.175 0.1945 0.1945 0.2035 0.2035 0.2035 0.2355 0.2355 0.239 0.239 0.214 0.214 0.214 0.175 0.175 0.1685 0.1685 0.1715 0.1715 0.1715 0.182 0.182 0.217 0.217 0.196 0.196 0.1985 0.1985 0.1985 0.178 0.178 0.1785 0.1785 0.166 0.166 0.166 0.1685 0.1685 0.1625 0.1625 0.16 0.16 0.16 0.158 0.158 0.148 0.148 0.155 0.155 0.155 0.1465
0.184 0.184 0.1855 0.1855 0.1735 0.1735 0.1725 0.1725 0.1725 0.168 0.168 0.1585 0.1585 0.159 0.159 0.179 0.179 0.179 0.1755 0.1755 0.174 0.174 0.1745 0.1745 0.1745 0.175 0.175 0.1945 0.1945 0.2035 0.2035 0.2035 0.2355 0.2355 0.239 0.239 0.214 0.214 0.214 0.175 0.175 0.1685 0.1685 0.1715 0.1715 0.1715 0.182 0.182 0.217 0.217 0.196 0.196 0.1985 0.1985 0.1985 0.178 0.178 0.1785 0.1785 0.166 0.166 0.166 0.1685 0.1685 0.1625 0.1625 0.16 0.16 0.16 0.158 0.158 0.148 0.148 0.155 0.155 0.155 0.1465
0.202 0.202 0.1805 0.1805 0.1945 0.1945 0.1685 0.1685 0.1685 0.1695 0.1695 0.168 0.168 0.181 0.181 0.195 0.195 0.195 0.2065 0.2065 0.216 0.216 0.2165 0.2165 0.2165 0.2145 0.2145 0.232 0.232 0.2285 0.2285 0.2285 0.264 0.264 0.247 0.247 0.188 0.188 0.188 0.1735 0.1735 0.1705 0.1705 0.192 0.192 0.192 0.2015 0.2015 0.1875 0.1875 0.1865 0.1865 0.189 0.189 0.189 0.181 0.181 0.1805 0.1805 0.1685 0.1685 0.1685 0.184 0.184 0.1675 0.1675 0.1665 0.1665 0.1665 0.17 0.17 0.174 0.174 0.1405 0.1405 0.1405 0.1375
0.202 0.202 0.1805 0.1805 0.1945 0.1945 0.1685 0.1685 0.1685 0.1695 0.1695 0.168 0.168 0.181 0.181 0.195 0.195 0.195 0.2065 0.2065 0.216 0.216 0.2165 0.2165 0.2165 0.2145 0.2145 0.232 0.232 0.2285 0.2285 0.2285 0.264 0.264 0.247 0.247 0.188 0.188 0.188 0.1735 0.1735 0.1705 0.1705 0.192 0.192 0.192 0.2015 0.2015 0.1875 0.1875 0.1865 0.1865 0.189 0.189 0.189 0.181 0.181 0.1805 0.1805 0.1685 0.1685 0.1685 0.184 0.184 0.1675 0.1675 0.1665 0.1665 0.1665 0.17 0.17 0.174 0.174 0.1405 0.1405 0.1405 0.1375
0.202 0.202 0.1805 0.1805 0.1945 0.1945 0.1685 0.1685 0.1685 0.1695 0.1695 0.168 0.168 0.181 0.181 0.195 0.195 0.195 0.2065 0.2065 0.216 0.216 0.2165 0.2165 0.2165 0.2145 0.2145 0.232 0.232 0.2285 0.2285 0.2285 0.264 0.264 0.247 0.247 0.188 0.188 0.188 0.1735 0.1735 0.1705 0.1705 0.192 0.192 0.192 0.2015 0.2015 0.1875 0.1875 0.1865 0.1865 0.189 0.189 0.189 0.181 0.181 0.1805 0.1805 0.1685 0.1685 0.1685 0.184 0.184 0.1675 0.1675 0.1665 0.1665 0.1665 0.17 0.17 0.174 0.174 0.1405 0.1405 0.1405 0.1375
0.2035 0.2035 0.1975 0.1975 0.1985 0.1985 0.205 0.205 0.205 0.2105 0.2105 0.2115 0.2115 0.22 0.22 0.2175 0.2175 0.2175 0.213 0.213 0.227 0.227 0.232 0.232 0.232 0.2285 0.2285 0.219 0.219 0.21 0.21 0.21 0.225 0.225 0.221 0.221 0.2225 0.2225 0.2225 0.1575 0.1575 0.175 0.175 0.161 0.161 0.161 0.194 0.194 0.169 0.169 0.1865 0.1865 0.191 0.191 0.191 0.2015 0.2015 0.1845 0.1845 0.189 0.189 0.189 0.1895 0.1895 0.194 0.194 0.1945 0.1945 0.1945 0.1925 0.1925 0.2015 0.2015 0.1705 0.1705 0.1705 0.1285
0.2035 0.2035 0.1975 0.1975 0.1985 0.1985 0.205 0.205 0.205 0.2105 0.2105 0.2115 0.2115 0.22 0.22 0.2175 0.2175 0.2175 0.213 0.213 0.227 0.227 0.232 0.232 0.232 0.2285 0.2285 0.219 0.219 0.21 0.21 0.21 0.225 0.225 0.221 0.221 0.2225 0.2225 0.2225 0.1575 0.1575 0.175 0.175 0.161 0.161 0.161 0.194 0.194 0.169 0.169 0.1865 0.1865 0.191 0.191 0.191 0.2015 0.2015 0.1845 0.1845 0.189 0.189 0.189 0.1895 0.1895 0.194 0.194 0.1945 0.1945 0.1945 0.1925 0.1925 0.2015 0.2015 0.1705 0.1705 0.1705 0.1285
0.214 0.214 0.206 0.206 0.2075 0.2075 0.2155 0.2155 0.2155 0.217 0.217 0.23 0.23 0.2195 0.2195 0.2335 0.2335 0.2335 0.2245 0.2245 0.2255 0.2255 0.2185 0.2185 0.2185 0.2125 0.2125 0.2065 0.2065 0.21 0.21 0.21 0.2005 0.2005 0.216 0.216 0.2055 0.2055 0.2055 0.1955 0.1955 0.178 0.178 0.16 0.16 0.16 0.1485 0.1485 0.166 0.166 0.2015 0.2015 0.2045 0.2045 0.2045 0.1985 0.1985 0.2175 0.2175 0.2405 0.2405 0.2405 0.223 0.223 0.218 0.218 0.206 0.206 0.206 0.19 0.19 0.1905 0.1905 0.1715 0.1715 0.1715 0.147
0.214 0.214 0.206 0.206 0.2075 0.2075 0.2155 0.2155 0.2155 0.217 0.217 0.23 0.23 0.2195 0.2195 0.2335 0.2335 0.2335 0.2245 0.2245 0.2255 0.2255 0.2185 0.2185 0.2185 0.2125 0.2125 0.2065 0.2065 0.21 0.21 0.21 0.2005 0.2005 0.216 0.216 0.2055 0.2055 0.2055 0.1955 0.1955 0.178 0.178 0.16 0.16 0.16 0.1485 0.1485 0.166 0.166 0.2015 0.2015 0.2045 0.2045 0.2045 0.1985 0.1985 0.2175 0.2175 0.2405 0.2405 0.2405 0.223 0.223 0.218 0.218 0.206 0.206 0.206 0.19 0.19 0.1905 0.1905 0.1715 0.1715 0.1715 0.147
0.2445 0.2445 0.2395 0.2395 0.229 0.229 0.219 0.219 0.219 0.2345 0.2345 0.227 0.227 0.218 0.218 0.2335 0.2335 0.2335 0.219 0.219 0.2055 0.2055 0.2095 0.2095 0.2095 0.212 0.212 0.203 0.203 0.2075 0.2075 0.2075 0.1805 0.1805 0.196 0.196 0.193 0.193 0.193 0.1975 0.1975 0.152 0.152 0.1525 0.1525 0.1525 0.148 0.148 0.181 0.181 0.192 0.192 0.197 0.197 0.197 0.2225 0.2225 0.2425 0.2425 0.2475 0.2475 0.2475 0.244 0.244 0.237 0.237 0.2105 0.2105 0.2105 0.1935 0.1935 0.1755 0.1755 0.168 0.168 0.168 0.134
0.2445 0.2445 0.2395 0.2395 0.229 0.229 0.219 0.219 0.219 0.2345 0.2345 0.227 0.227 0.218 0.218 0.2335 0.2335 0.2335 0.219 0.219 0.2055 0.2055 0.2095 0.2095 0.2095 0.212 0.212 0.203 0.203 0.2075 0.2075 0.2075 0.1805 0.1805 0.196 0.196 0.193 0.193 0.193 0.1975 0.1975 0.152 0.152 0.1525 0.1525 0.1525 0.148 0.148 0.181 0.181 0.192 0.192 0.197 0.197 0.197 0.2225 0.2225 0.2425 0.2425 0.2475 0.2475 0.2475 0.244 0.244 0.237 0.237 0.2105 0.2105 0.2105 0.1935 0.1935 0.1755 0.1755 0.168 0.168 0.168 0.134
0.291 0.291 0.239 0.239 0.2425 0.2425 0.2245 0.2245 0.2245 0.2405 0.2405 0.2215 0.2215 0.2315 0.2315 0.238 0.238 0.238 0.2235 0.2235 0.219 0.219 0.2095 0.2095 0.2095 0.2105 0.2105 0.222 0.222 0.215 0.215 0.215 0.19 0.19 0.2035 0.2035 0.184 0.184 0.184 0.1895 0.1895 0.172 0.172 0.191 0.191 0.191 0.182 0.182 0.202 0.202 0.162 0.162 0.19 0.19 0.19 0.2255 0.2255 0.225 0.225 0.2425 0.2425 0.2425 0.2335 0.2335 0.2325 0.2325 0.2085 0.2085 0.2085 0.1835 0.1835 0.164 0.164 0.159 0.159 0.159 0.129
0.291 0.291 0.239 0.239 0.2425 0.2425 0.2245 0.2245 0.2245 0.2405 0.2405 0.2215 0.2215 0.2315 0.2315 0.238 0.238 0.238 0.2235 0.2235 0.219 0.219 0.2095 0.2095 0.2095 0.2105 0.2105 0.222 0.222 0.215 0.215 0.215 0.19 0.19 0.2035 0.2035 0.184 0.184 0.184 0.1895 0.1895 0.172 0.172 0.191 0.191 0.191 0.182 0.182 0.202 0.202 0.162 0.162 0.19 0.19 0.19 0.2255 0.2255 0.225 0.225 0.2425 0.2425 0.2425 0.2335 0.2335 0.2325 0.2325 0.2085 0.2085 0.2085 0.1835 0.1835 0.164 0.164 0.159 0.159 0.159 0.129
0.291 0.291 0.239 0.239 0.2425 0.2425 0.2245 0.2245 0.2245 0.2405 0.2405 0.2215 0.2215 0.2315 0.2315 0.238 0.238 0.238 0.2235 0.2235 0.219 0.219 0.2095 0.2095 0.2095 0.2105 0.2105 0.222 0.222 0.215 0.215 0.215 0.19 0.19 0.2035 0.2035 0.184 0.184 0.184 0.1895 0.1895 0.172 0.172 0.191 0.191 0.191 0.182 0.182 0.202 0.202 0.162 0.162 0.19 0.19 0.19 0.2255 0.2255 0.225 0.225 0.2425 0.2425 0.2425 0.2335 0.2335 0.2325 0.2325 0.2085 0.2085 0.2085 0.1835 0.1835 0.164 0.164 0.159 0.159 0.159 0.129
0.2335 0.2335 0.2165 0.2165 0.234 0.234 0.2335 0.2335 0.2335 0.248 0.248 0.2095 0.2095 0.222 0.222 0.224 0.224 0.224 0.175 0.175 0.2055 0.2055 0.2215 0.2215 0.2215 0.2175 0.2175 0.2305 0.2305 0.2235 0.2235 0.2235 0.226 0.226 0.225 0.225 0.2155 0.2155 0.2155 0.183 0.183 0.176 0.176 0.1995 0.1995 0.1995 0.189 0.189 0.1425 0.1425 0.138 0.138 0.151 0.151 0.151 0.1485 0.1485 0.199 0.199 0.231 0.231 0.231 0.236 0.236 0.236 0.236 0.228 0.228 0.228 0.2225 0.2225 0.2045 0.2045 0.175 0.175 0.175 0.1535
0.2335 0.2335 0.2165 0.2165 0.234 0.234 0.2335 0.2335 0.2335 0.248 0.248 0.2095 0.2095 0.222 0.222 0.224 0.224 0.224 0.175 0.175 0.2055 0.2055 0.2215 0.2215 0.2215 0.2175 0.2175 0.2305 0.2305 0.2235 0.2235 0.2235 0.226 0.226 0.225 0.225 0.2155 0.2155 0.2155 0.183 0.183 0.176 0.176 0.1995 0.1995 0.1995 0.189 0.189 0.1425 0.1425 0.138 0.138 0.151 0.151 0.151 0.1485 0.1485 0.199 0.199 0.231 0.231 0.231 0.236 0.236 0.236 0.236 0.228 0.228 0.228 0.2225 0.2225 0.2045 0.2045 0.175 0.175 0.175 0.1535
0.238 0.238 0.256 0.256 0.2655 0.2655 0.266 0.266 0.266 0.256 0.256 0.248 0.248 0.226 0.226 0.194 0.194 0.194 0.1875 0.1875 0.232 0.232 0.2395 0.2395 0.2395 0.231 0.231 0.23 0.23 0.238 0.238 0.238 0.223 0.223 0.223 0.223 0.214 0.214 0.214 0.215 0.215 0.1725 0.1725 0.18 0.18 0.18 0.1635 0.1635 0.127 0.127 0.134 0.134 0.133 0.133 0.133 0.169 0.169 0.19 0.19 0.2265 0.2265 0.2265 0.232 0.232 0.229 0.229 0.2335 0.2335 0.2335 0.2045 0.2045 0.1875 0.1875 0.1755 0.1755 0.1755 0.127
0.238 0.238 0.256 0.256 0.2655 0.2655 0.266 0.266 0.266 0.256 0.256 0.248 0.248 0.226 0.226 0.194 0.194 0.194 0.1875 0.1875 0.232 0.232 0.2395 0.2395 0.2395 0.231 0.231 0.23 0.23 0.238 0.238 0.238 0.223 0.223 0.223 0.223 0.214 0.214 0.214 0.215 0.215 0.1725 0.1725 0.18 0.18 0.18 0.1635 0.1635 0.127 0.127 0.134 0.134 0.133 0.133 0.133 0.169 0.169 0.19 0.19 0.2265 0.2265 0.2265 0.232 0.232 0.229 0.229 0.2335 0.2335 0.2335 0.2045 0.2045 0.1875 0.1875 0.1755 0.1755 0.1755 0.127
0.233 0.233 0.236 0.236 0.2285 0.2285 0.2455 0.2455 0.2455 0.2395 0.2395 0.248 0.248 0.248 0.248 0.2405 0.2405 0.2405 0.2275 0.2275 0.251 0.251 0.222 0.222 0.222 0.2155 0.2155 0.2335 0.2335 0.233 0.233 0.233 0.242 0.242 0.2335 0.2335 0.214 0.214 0.214 0.253 0.253 0.182 0.182 0.135 0.135 0.135 0.15 0.15 0.1475 0.1475 0.1435 0.1435 0.201 0.201 0.201 0.18 0.18 0.195 0.195 0.24 0.24 0.24 0.2425 0.2425 0.2245 0.2245 0.2365 0.2365 0.2365 0.22 0.22 0.2085 0.2085 0.172 0.172 0.172 0.1495
0.233 0.233 0.236 0.236 0.2285 0.2285 0.2455 0.2455 0.2455 0.2395 0.2395 0.248 0.248 0.248 0.248 0.2405 0.2405 0.2405 0.2275 0.2275 0.251 0.251 0.222 0.222 0.222 0.2155 0.2155 0.2335 0.2335 0.233 0.233 0.233 0.242 0.242 0.2335 0.2335 0.214 0.214 0.214 0.253 0.253 0.182 0.182 0.135 0.135 0.135 0.15 0.15 0.1475 0.1475 0.1435 0.1435 0.201 0.201 0.201 0.18 0.18 0.195 0.195 0.24 0.24 0.24 0.2425 0.2425 0.2245 0.2245 0.2365 0.2365 0.2365 0.22 0.22 0.2085 0.2085 0.172 0.172 0.172 0.1495
0.233 0.233 0.236 0.236 0.2285 0.2285 0.2455 0.2455 0.2455 0.2395 0.2395 0.248 0.248 0.248 0.248 0.2405 0.2405 0.2405 0.2275 0.2275 0.251 0.251 0.222 0.222 0.222 0.2155 0.2155 0.2335 0.2335 0.233 0.233 0.233 0.242 0.242 0.2335 0.2335 0.214 0.214 0.214 0.253 0.253 0.182 0.182 0.135 0.135 0.135 0.15 0.15 0.1475 0.1475 0.1435 0.1435 0.201 0.201 0.201 0.18 0.18 0.195 0.195 0.24 0.24 0.24 0.2425 0.2425 0.2245 0.2245 0.2365 0.2365 0.2365 0.22 0.22 0.2085 0.2085 0.172 0.172 0.172 0.1495
0.2235 0.2235 0.2365 0.2365 0.214 0.214 0.2195 0.2195 0.2195 0.258 0.258 0.2355 0.2355 0.2435 0.2435 0.2475 0.2475 0.2475 0.246 0.246 0.2515 0.2515 0.2465 0.2465 0.2465 0.243 0.243 0.2245 0.2245 0.2305 0.2305 0.2305 0.221 0.221 0.211 0.211 0.2 0.2 0.2 0.2075 0.2075 0.2135 0.2135 0.1835 0.1835 0.1835 0.1435 0.1435 0.1955 0.1955 0.1865 0.1865 0.201 0.201 0.201 0.2045 0.2045 0.209 0.209 0.231 0.231 0.231 0.2445 0.2445 0.241 0.241 0.227 0.227 0.227 0.2215 0.2215 0.2045 0.2045 0.192 0.192 0.192 0.1515
