ndvi/NOAA-19.asc
ncols         252
nrows         154
xllcorner     -18.017974
yllcorner     13.481982
cellsize      0.035948
NODATA_value  -9999
[rows 35 to 69 of 154, columns 77 to 153 of 252]
0.1535 0.1535 0.1475 0.1475 0.144 0.144 0.1365 0.1365 0.1365 0.1375 0.1375 0.1335 0.1335 0.136 0.136 0.1455 0.1455 0.1455 0.1495 0.1495 0.152 0.152 0.157 0.157 0.157 0.153 0.153 0.157 0.157 0.154 0.154 0.154 0.1695 0.1695 0.164 0.164 0.159 0.159 0.159 0.1585 0.1585 0.1695 0.1695 0.1715 0.1715 0.1715 0.1585 0.1585 0.152 0.152 0.1555 0.1555 0.1485 0.1485 0.1485 0.1435 0.1435 0.142 0.142 0.1305 0.1305 0.1305 0.135 0.135 0.149 0.149 0.1555 0.1555 0.1555 0.15 0.15 0.134 0.134 0.1245 0.1245 0.1245 0.1285
0.1535 0.1535 0.1475 0.1475 0.144 0.144 0.1365 0.1365 0.1365 0.1375 0.1375 0.1335 0.1335 0.136 0.136 0.1455 0.1455 0.1455 0.1495 0.1495 0.152 0.152 0.157 0.157 0.157 0.153 0.153 0.157 0.157 0.154 0.154 0.154 0.1695 0.1695 0.164 0.164 0.159 0.159 0.159 0.1585 0.1585 0.1695 0.1695 0.1715 0.1715 0.1715 0.1585 0.1585 0.152 0.152 0.1555 0.1555 0.1485 0.1485 0.1485 0.1435 0.1435 0.142 0.142 0.1305 0.1305 0.1305 0.135 0.135 0.149 0.149 0.1555 0.1555 0.1555 0.15 0.15 0.134 0.134 0.1245 0.1245 0.1245 0.1285
0.166 0.166 0.16 0.16 0.161 0.161 0.1545 0.1545 0.1545 0.1715 0.1715 0.1645 0.1645 0.1625 0.1625 0.1425 0.1425 0.1425 0.152 0.152 0.1515 0.1515 0.168 0.168 0.168 0.174 0.174 0.175 0.175 0.175 0.175 0.175 0.1795 0.1795 0.173 0.173 0.1685 0.1685 0.1685 0.17 0.17 0.1765 0.1765 0.1925 0.1925 0.1925 0.179 0.179 0.1705 0.1705 0.17 0.17 0.17 0.17 0.17 0.1625 0.1625 0.17 0.17 0.166 0.166 0.166 0.1635 0.1635 0.159 0.159 0.159 0.159 0.159 0.148 0.148 0.1275 0.1275 0.123 0.123 0.123 0.123
0.166 0.166 0.16 0.16 0.161 0.161 0.1545 0.1545 0.1545 0.1715 0.1715 0.1645 0.1645 0.1625 0.1625 0.1425 0.1425 0.1425 0.152 0.152 0.1515 0.1515 0.168 0.168 0.168 0.174 0.174 0.175 0.175 0.175 0.175 0.175 0.1795 0.1795 0.173 0.173 0.1685 0.1685 0.1685 0.17 0.17 0.1765 0.1765 0.1925 0.1925 0.1925 0.179 0.179 0.1705 0.1705 0.17 0.17 0.17 0.17 0.17 0.1625 0.1625 0.17 0.17 0.166 0.166 0.166 0.1635 0.1635 0.159 0.159 0.159 0.159 0.159 0.148 0.148 0.1275 0.1275 0.123 0.123 0.123 0.123
0.1685 0.1685 0.1635 0.1635 0.1695 0.1695 0.1685 0.1685 0.1685 0.174 0.174 0.1705 0.1705 0.1685 0.1685 0.152 0.152 0.152 0.145 0.145 0.158 0.158 0.1675 0.1675 0.1675 0.169 0.169 0.1795 0.1795 0.18 0.18 0.18 0.1825 0.1825 0.189 0.189 0.181 0.181 0.181 0.1845 0.1845 0.1845 0.1845 0.2045 0.2045 0.2045 0.193 0.193 0.179 0.179 0.1755 0.1755 0.238 0.238 0.238 0.209 0.209 0.213 0.213 0.192 0.192 0.192 0.165 0.165 0.156 0.156 0.152 0.152 0.152 0.126 0.126 0.12 0.12 0.125 0.125 0.125 0.1285
0.1685 0.1685 0.1635 0.1635 0.1695 0.1695 0.1685 0.1685 0.1685 0.174 0.174 0.1705 0.1705 0.1685 0.1685 0.152 0.152 0.152 0.145 0.145 0.158 0.158 0.1675 0.1675 0.1675 0.169 0.169 0.1795 0.1795 0.18 0.18 0.18 0.1825 0.1825 0.189 0.189 0.181 0.181 0.181 0.1845 0.1845 0.1845 0.1845 0.2045 0.2045 0.2045 0.193 0.193 0.179 0.179 0.1755 0.1755 0.238 0.238 0.238 0.209 0.209 0.213 0.213 0.192 0.192 0.192 0.165 0.165 0.156 0.156 0.152 0.152 0.152 0.126 0.126 0.12 0.12 0.125 0.125 0.125 0.1285
0.181 0.181 0.168 0.168 0.1665 0.1665 0.164 0.164 0.164 0.1675 0.1675 0.1715 0.1715 0.1725 0.1725 0.1825 0.1825 0.1825 0.1585 0.1585 0.1565 0.1565 0.164 0.164 0.164 0.1785 0.1785 0.188 0.188 0.1965 0.1965 0.1965 0.202 0.202 0.1915 0.1915 0.1965 0.1965 0.1965 0.1955 0.1955 0.197 0.197 0.2005 0.2005 0.2005 0.1835 0.1835 0.187 0.187 0.199 0.199 0.237 0.237 0.237 0.205 0.205 0.203 0.203 0.187 0.187 0.187 0.154 0.154 0.149 0.149 0.124 0.124 0.124 0.129 0.129 0.125 0.125 0.121 0.121 0.121 0.1185
0.181 0.181 0.168 0.168 0.1665 0.1665 0.164 0.164 0.164 0.1675 0.1675 0.1715 0.1715 0.1725 0.1725 0.1825 0.1825 0.1825 0.1585 0.1585 0.1565 0.1565 0.164 0.164 0.164 0.1785 0.1785 0.188 0.188 0.1965 0.1965 0.1965 0.202 0.202 0.1915 0.1915 0.1965 0.1965 0.1965 0.1955 0.1955 0.197 0.197 0.2005 0.2005 0.2005 0.1835 0.1835 0.187 0.187 0.199 0.199 0.237 0.237 0.237 0.205 0.205 0.203 0.203 0.187 0.187 0.187 0.154 0.154 0.149 0.149 0.124 0.124 0.124 0.129 0.129 0.125 0.125 0.121 0.121 0.121 0.1185
0.181 0.181 0.168 0.168 0.1665 0.1665 0.164 0.164 0.164 0.1675 0.1675 0.1715 0.1715 0.1725 0.1725 0.1825 0.1825 0.1825 0.1585 0.1585 0.1565 0.1565 0.164 0.164 0.164 0.1785 0.1785 0.188 0.188 0.1965 0.1965 0.1965 0.202 0.202 0.1915 0.1915 0.1965 0.1965 0.1965 0.1955 0.1955 0.197 0.197 0.2005 0.2005 0.2005 0.1835 0.1835 0.187 0.187 0.199 0.199 0.237 0.237 0.237 0.205 0.205 0.203 0.203 0.187 0.187 0.187 0.154 0.154 0.149 0.149 0.124 0.124 0.124 0.129 0.129 0.125 0.125 0.121 0.121 0.121 0.1185
0.1795 0.1795 0.1665 0.1665 0.1645 0.1645 0.169 0.169 0.169 0.169 0.169 0.169 0.169 0.17 0.17 0.188 0.188 0.188 0.1895 0.1895 0.1655 0.1655 0.167 0.167 0.167 0.1845 0.1845 0.19 0.19 0.1985 0.1985 0.1985 0.213 0.213 0.221 0.221 0.206 0.206 0.206 0.1965 0.1965 0.185 0.185 0.19 0.19 0.19 0.177 0.177 0.183 0.183 0.1805 0.1805 0.1895 0.1895 0.1895 0.1865 0.1865 0.1795 0.1795 0.146 0.146 0.146 0.146 0.146 0.131 0.131 0.1255 0.1255 0.1255 0.13 0.13 0.1245 0.1245 0.106 0.106 0.106 0.1145
0.1795 0.1795 0.1665 0.1665 0.1645 0.1645 0.169 0.169 0.169 0.169 0.169 0.169 0.169 0.17 0.17 0.188 0.188 0.188 0.1895 0.1895 0.1655 0.1655 0.167 0.167 0.167 0.1845 0.1845 0.19 0.19 0.1985 0.1985 0.1985 0.213 0.213 0.221 0.221 0.206 0.206 0.206 0.1965 0.1965 0.185 0.185 0.19 0.19 0.19 0.177 0.177 0.183 0.183 0.1805 0.1805 0.1895 0.1895 0.1895 0.1865 0.1865 0.1795 0.1795 0.146 0.146 0.146 0.146 0.146 0.131 0.131 0.1255 0.1255 0.1255 0.13 0.13 0.1245 0.1245 0.106 0.106 0.106 0.1145
0.205 0.205 0.2005 0.2005 0.1915 0.1915 0.181 0.181 0.181 0.172 0.172 0.161 0.161 0.172 0.172 0.1855 0.1855 0.1855 0.188 0.188 0.1865 0.1865 0.1855 0.1855 0.1855 0.19 0.19 0.1975 0.1975 0.2035 0.2035 0.2035 0.2165 0.2165 0.209 0.209 0.1975 0.1975 0.1975 0.1835 0.1835 0.1985 0.1985 0.181 0.181 0.181 0.197 0.197 0.2195 0.2195 0.1875 0.1875 0.1935 0.1935 0.1935 0.178 0.178 0.1665 0.1665 0.1585 0.1585 0.1585 0.148 0.148 0.1445 0.1445 0.1405 0.1405 0.1405 0.1385 0.1385 0.145 0.145 0.1115 0.1115 0.1115 0.1465
0.205 0.205 0.2005 0.2005 0.1915 0.1915 0.181 0.181 0.181 0.172 0.172 0.161 0.161 0.172 0.172 0.1855 0.1855 0.1855 0.188 0.188 0.1865 0.1865 0.1855 0.1855 0.1855 0.19 0.19 0.1975 0.1975 0.2035 0.2035 0.2035 0.2165 0.2165 0.209 0.209 0.1975 0.1975 0.1975 0.1835 0.1835 0.1985 0.1985 0.181 0.181 0.181 0.197 0.197 0.2195 0.2195 0.1875 0.1875 0.1935 0.1935 0.1935 0.178 0.178 0.1665 0.1665 0.1585 0.1585 0.1585 0.148 0.148 0.1445 0.1445 0.1405 0.1405 0.1405 0.1385 0.1385 0.145 0.145 0.1115 0.1115 0.1115 0.1465
0.213 0.213 0.2025 0.2025 0.203 0.203 0.189 0.189 0.189 0.174 0.174 0.1595 0.1595 0.215 0.215 0.2115 0.2115 0.2115 0.2145 0.2145 0.2165 0.2165 0.21 0.21 0.21 0.2015 0.2015 0.2105 0.2105 0.2195 0.2195 0.2195 0.214 0.214 0.23 0.23 0.2 0.2 0.2 0.18 0.18 0.187 0.187 0.186 0.186 0.186 0.196 0.196 0.197 0.197 0.1725 0.1725 0.19 0.19 0.19 0.19 0.19 0.175 0.175 0.156 0.156 0.156 0.165 0.165 0.166 0.166 0.175 0.175 0.175 0.173 0.173 0.17 0.17 0.1475 0.1475 0.1475 0.1565
0.213 0.213 0.2025 0.2025 0.203 0.203 0.189 0.189 0.189 0.174 0.174 0.1595 0.1595 0.215 0.215 0.2115 0.2115 0.2115 0.2145 0.2145 0.2165 0.2165 0.21 0.21 0.21 0.2015 0.2015 0.2105 0.2105 0.2195 0.2195 0.2195 0.214 0.214 0.23 0.23 0.2 0.2 0.2 0.18 0.18 0.187 0.187 0.186 0.186 0.186 0.196 0.196 0.197 0.197 0.1725 0.1725 0.19 0.19 0.19 0.19 0.19 0.175 0.175 0.156 0.156 0.156 0.165 0.165 0.166 0.166 0.175 0.175 0.175 0.173 0.173 0.17 0.17 0.1475 0.1475 0.1475 0.1565
0.213 0.213 0.2025 0.2025 0.203 0.203 0.189 0.189 0.189 0.174 0.174 0.1595 0.1595 0.215 0.215 0.2115 0.2115 0.2115 0.2145 0.2145 0.2165 0.2165 0.21 0.21 0.21 0.2015 0.2015 0.2105 0.2105 0.2195 0.2195 0.2195 0.214 0.214 0.23 0.23 0.2 0.2 0.2 0.18 0.18 0.187 0.187 0.186 0.186 0.186 0.196 0.196 0.197 0.197 0.1725 0.1725 0.19 0.19 0.19 0.19 0.19 0.175 0.175 0.156 0.156 0.156 0.165 0.165 0.166 0.166 0.175 0.175 0.175 0.173 0.173 0.17 0.17 0.1475 0.1475 0.1475 0.1565
0.19 0.19 0.2 0.2 0.188 0.188 0.2005 0.2005 0.2005 0.2135 0.2135 0.2065 0.2065 0.221 0.221 0.227 0.227 0.227 0.2205 0.2205 0.208 0.208 0.205 0.205 0.205 0.2075 0.2075 0.2045 0.2045 0.2135 0.2135 0.2135 0.199 0.199 0.237 0.237 0.214 0.214 0.214 0.176 0.176 0.1795 0.1795 0.1745 0.1745 0.1745 0.2015 0.2015 0.1575 0.1575 0.183 0.183 0.1895 0.1895 0.1895 0.1955 0.1955 0.192 0.192 0.173 0.173 0.173 0.203 0.203 0.215 0.215 0.199 0.199 0.199 0.207 0.207 0.208 0.208 0.1445 0.1445 0.1445 0.1405
0.19 0.19 0.2 0.2 0.188 0.188 0.2005 0.2005 0.2005 0.2135 0.2135 0.2065 0.2065 0.221 0.221 0.227 0.227 0.227 0.2205 0.2205 0.208 0.208 0.205 0.205 0.205 0.2075 0.2075 0.2045 0.2045 0.2135 0.2135 0.2135 0.199 0.199 0.237 0.237 0.214 0.214 0.214 0.176 0.176 0.1795 0.1795 0.1745 0.1745 0.1745 0.2015 0.2015 0.1575 0.1575 0.183 0.183 0.1895 0.1895 0.1895 0.1955 0.1955 0.192 0.192 0.173 0.173 0.173 0.203 0.203 0.215 0.215 0.199 0.199 0.199 0.207 0.207 0.208 0.208 0.1445 0.1445 0.1445 0.1405
0.196 0.196 0.1895 0.1895 0.219 0.219 0.2175 0.2175 0.2175 0.225 0.225 0.2265 0.2265 0.232 0.232 0.24 0.24 0.24 0.2305 0.2305 0.2115 0.2115 0.201 0.201 0.201 0.2015 0.2015 0.1945 0.1945 0.1945 0.1945 0.1945 0.1785 0.1785 0.213 0.213 0.213 0.213 0.213 0.197 0.197 0.1785 0.1785 0.169 0.169 0.169 0.1575 0.1575 0.149 0.149 0.2005 0.2005 0.1955 0.1955 0.1955 0.1995 0.1995 0.2195 0.2195 0.2265 0.2265 0.2265 0.219 0.219 0.205 0.205 0.2015 0.2015 0.2015 0.1975 0.1975 0.191 0.191 0.195 0.195 0.195 0.1195
0.196 0.196 0.1895 0.1895 0.219 0.219 0.2175 0.2175 0.2175 0.225 0.225 0.2265 0.2265 0.232 0.232 0.24 0.24 0.24 0.2305 0.2305 0.2115 0.2115 0.201 0.201 0.201 0.2015 0.2015 0.1945 0.1945 0.1945 0.1945 0.1945 0.1785 0.1785 0.213 0.213 0.213 0.213 0.213 0.197 0.197 0.1785 0.1785 0.169 0.169 0.169 0.1575 0.1575 0.149 0.149 0.2005 0.2005 0.1955 0.1955 0.1955 0.1995 0.1995 0.2195 0.2195 0.2265 0.2265 0.2265 0.219 0.219 0.205 0.205 0.2015 0.2015 0.2015 0.1975 0.1975 0.191 0.191 0.195 0.195 0.195 0.1195
0.237 0.237 0.23 0.23 0.2255 0.2255 0.235 0.235 0.235 0.238 0.238 0.242 0.242 0.229 0.229 0.2425 0.2425 0.2425 0.249 0.249 0.22 0.22 0.2095 0.2095 0.2095 0.2015 0.2015 0.193 0.193 0.176 0.176 0.176 0.1725 0.1725 0.1855 0.1855 0.1895 0.1895 0.1895 0.2 0.2 0.16 0.16 0.163 0.163 0.163 0.169 0.169 0.147 0.147 0.159 0.159 0.181 0.181 0.181 0.214 0.214 0.2205 0.2205 0.2435 0.2435 0.2435 0.2345 0.2345 0.212 0.212 0.183 0.183 0.183 0.175 0.175 0.1565 0.1565 0.1425 0.1425 0.1425 0.1155
0.237 0.237 0.23 0.23 0.2255 0.2255 0.235 0.235 0.235 0.238 0.238 0.242 0.242 0.229 0.229 0.2425 0.2425 0.2425 0.249 0.249 0.22 0.22 0.2095 0.2095 0.2095 0.2015 0.2015 0.193 0.193 0.176 0.176 0.176 0.1725 0.1725 0.1855 0.1855 0.1895 0.1895 0.1895 0.2 0.2 0.16 0.16 0.163 0.163 0.163 0.169 0.169 0.147 0.147 0.159 0.159 0.181 0.181 0.181 0.214 0.214 0.2205 0.2205 0.2435 0.2435 0.2435 0.2345 0.2345 0.212 0.212 0.183 0.183 0.183 0.175 0.175 0.1565 0.1565 0.1425 0.1425 0.1425 0.1155
0.2355 0.2355 0.2175 0.2175 0.223 0.223 0.2385 0.2385 0.2385 0.228 0.228 0.226 0.226 0.2175 0.2175 0.225 0.225 0.225 0.2265 0.2265 0.2355 0.2355 0.2325 0.2325 0.2325 0.217 0.217 0.1905 0.1905 0.2035 0.2035 0.2035 0.175 0.175 0.194 0.194 0.177 0.177 0.177 0.1795 0.1795 0.175 0.175 0.1785 0.1785 0.1785 0.174 0.174 0.1315 0.1315 0.1345 0.1345 0.1635 0.1635 0.1635 0.1885 0.1885 0.1935 0.1935 0.2175 0.2175 0.2175 0.224 0.224 0.2215 0.2215 0.172 0.172 0.172 0.18 0.18 0.1545 0.1545 0.149 0.149 0.149 0.103
0.2355 0.2355 0.2175 0.2175 0.223 0.223 0.2385 0.2385 0.2385 0.228 0.228 0.226 0.226 0.2175 0.2175 0.225 0.225 0.225 0.2265 0.2265 0.2355 0.2355 0.2325 0.2325 0.2325 0.217 0.217 0.1905 0.1905 0.2035 0.2035 0.2035 0.175 0.175 0.194 0.194 0.177 0.177 0.177 0.1795 0.1795 0.175 0.175 0.1785 0.1785 0.1785 0.174 0.174 0.1315 0.1315 0.1345 0.1345 0.1635 0.1635 0.1635 0.1885 0.1885 0.1935 0.1935 0.2175 0.2175 0.2175 0.224 0.224 0.2215 0.2215 0.172 0.172 0.172 0.18 0.18 0.1545 0.1545 0.149 0.149 0.149 0.103
0.2355 0.2355 0.2175 0.2175 0.223 0.223 0.2385 0.2385 0.2385 0.228 0.228 0.226 0.226 0.2175 0.2175 0.225 0.225 0.225 0.2265 0.2265 0.2355 0.2355 0.2325 0.2325 0.2325 0.217 0.217 0.1905 0.1905 0.2035 0.2035 0.2035 0.175 0.175 0.194 0.194 0.177 0.177 0.177 0.1795 0.1795 0.175 0.175 0.1785 0.1785 0.1785 0.174 0.174 0.1315 0.1315 0.1345 0.1345 0.1635 0.1635 0.1635 0.1885 0.1885 0.1935 0.1935 0.2175 0.2175 0.2175 0.224 0.224 0.2215 0.2215 0.172 0.172 0.172 0.18 0.18 0.1545 0.1545 0.149 0.149 0.149 0.103
0.212 0.212 0.208 0.208 0.215 0.215 0.222 0.222 0.222 0.1835 0.1835 0.176 0.176 0.178 0.178 0.226 0.226 0.226 0.1555 0.1555 0.1985 0.1985 0.193 0.193 0.193 0.2125 0.2125 0.2065 0.2065 0.204 0.204 0.204 0.204 0.204 0.2085 0.2085 0.199 0.199 0.199 0.1625 0.1625 0.1705 0.1705 0.182 0.182 0.182 0.171 0.171 0.122 0.122 0.1115 0.1115 0.1225 0.1225 0.1225 0.131 0.131 0.1785 0.1785 0.234 0.234 0.234 0.2305 0.2305 0.2085 0.2085 0.2025 0.2025 0.2025 0.2 0.2 0.182 0.182 0.163 0.163 0.163 0.127
0.212 0.212 0.208 0.208 0.215 0.215 0.222 0.222 0.222 0.1835 0.1835 0.176 0.176 0.178 0.178 0.226 0.226 0.226 0.1555 0.1555 0.1985 0.1985 0.193 0.193 0.193 0.2125 0.2125 0.2065 0.2065 0.204 0.204 0.204 0.204 0.204 0.2085 0.2085 0.199 0.199 0.199 0.1625 0.1625 0.1705 0.1705 0.182 0.182 0.182 0.171 0.171 0.122 0.122 0.1115 0.1115 0.1225 0.1225 0.1225 0.131 0.131 0.1785 0.1785 0.234 0.234 0.234 0.2305 0.2305 0.2085 0.2085 0.2025 0.2025 0.2025 0.2 0.2 0.182 0.182 0.163 0.163 0.163 0.127
0.219 0.219 0.206 0.206 0.208 0.208 0.2135 0.2135 0.2135 0.2375 0.2375 0.221 0.221 0.1945 0.1945 0.1905 0.1905 0.1905 0.1525 0.1525 0.162 0.162 0.1895 0.1895 0.1895 0.201 0.201 0.1945 0.1945 0.199 0.199 0.199 0.2125 0.2125 0.216 0.216 0.1935 0.1935 0.1935 0.207 0.207 0.171 0.171 0.176 0.176 0.176 0.144 0.144 0.1165 0.1165 0.1585 0.1585 0.16 0.16 0.16 0.1765 0.1765 0.197 0.197 0.235 0.235 0.235 0.228 0.228 0.2205 0.2205 0.2125 0.2125 0.2125 0.211 0.211 0.1905 0.1905 0.152 0.152 0.152 0.1425
0.219 0.219 0.206 0.206 0.208 0.208 0.2135 0.2135 0.2135 0.2375 0.2375 0.221 0.221 0.1945 0.1945 0.1905 0.1905 0.1905 0.1525 0.1525 0.162 0.162 0.1895 0.1895 0.1895 0.201 0.201 0.1945 0.1945 0.199 0.199 0.199 0.2125 0.2125 0.216 0.216 0.1935 0.1935 0.1935 0.207 0.207 0.171 0.171 0.176 0.176 0.176 0.144 0.144 0.1165 0.1165 0.1585 0.1585 0.16 0.16 0.16 0.1765 0.1765 0.197 0.197 0.235 0.235 0.235 0.228 0.228 0.2205 0.2205 0.2125 0.2125 0.2125 0.211 0.211 0.1905 0.1905 0.152 0.152 0.152 0.1425
0.2165 0.2165 0.208 0.208 0.226 0.226 0.25 0.25 0.25 0.24 0.24 0.2605 0.2605 0.258 0.258 0.2335 0.2335 0.2335 0.216 0.216 0.1955 0.1955 0.168 0.168 0.168 0.146 0.146 0.1795 0.1795 0.182 0.182 0.182 0.206 0.206 0.2095 0.2095 0.2255 0.2255 0.2255 0.2295 0.2295 0.1965 0.1965 0.146 0.146 0.146 0.1515 0.1515 0.1235 0.1235 0.1475 0.1475 0.1795 0.1795 0.1795 0.1785 0.1785 0.198 0.198 0.2195 0.2195 0.2195 0.2295 0.2295 0.226 0.226 0.2095 0.2095 0.2095 0.1965 0.1965 0.211 0.211 0.1665 0.1665 0.1665 0.1595
0.2165 0.2165 0.208 0.208 0.226 0.226 0.25 0.25 0.25 0.24 0.24 0.2605 0.2605 0.258 0.258 0.2335 0.2335 0.2335 0.216 0.216 0.1955 0.1955 0.168 0.168 0.168 0.146 0.146 0.1795 0.1795 0.182 0.182 0.182 0.206 0.206 0.2095 0.2095 0.2255 0.2255 0.2255 0.2295 0.2295 0.1965 0.1965 0.146 0.146 0.146 0.1515 0.1515 0.1235 0.1235 0.1475 0.1475 0.1795 0.1795 0.1795 0.1785 0.1785 0.198 0.198 0.2195 0.2195 0.2195 0.2295 0.2295 0.226 0.226 0.2095 0.2095 0.2095 0.1965 0.1965 0.211 0.211 0.1665 0.1665 0.1665 0.1595
0.2165 0.2165 0.208 0.208 0.226 0.226 0.25 0.25 0.25 0.24 0.24 0.2605 0.2605 0.258 0.258 0.2335 0.2335 0.2335 0.216 0.216 0.1955 0.1955 0.168 0.168 0.168 0.146 0.146 0.1795 0.1795 0.182 0.182 0.182 0.206 0.206 0.2095 0.2095 0.2255 0.2255 0.2255 0.2295 0.2295 0.1965 0.1965 0.146 0.146 0.146 0.1515 0.1515 0.1235 0.1235 0.1475 0.1475 0.1795 0.1795 0.1795 0.1785 0.1785 0.198 0.198 0.2195 0.2195 0.2195 0.2295 0.2295 0.226 0.226 0.2095 0.2095 0.2095 0.1965 0.1965 0.211 0.211 0.1665 0.1665 0.1665 0.1595
0.199 0.199 0.2 0.2 0.2055 0.2055 0.2125 0.2125 0.2125 0.237 0.237 0.251 0.251 0.2375 0.2375 0.233 0.233 0.233 0.259 0.259 0.2565 0.2565 0.2265 0.2265 0.2265 0.178 0.178 0.177 0.177 0.192 0.192 0.192 0.21 0.21 0.214 0.214 0.2205 0.2205 0.2205 0.2315 0.2315 0.2395 0.2395 0.213 0.213 0.213 0.1545 0.1545 0.1705 0.1705 0.1725 0.1725 0.208 0.208 0.208 0.2 0.2 0.218 0.218 0.219 0.219 0.219 0.242 0.242 0.242 0.242 0.216 0.216 0.216 0.213 0.213 0.2215 0.2215 0.2 0.2 0.2 0.1355
0.199 0.199 0.2 0.2 0.2055 0.2055 0.2125 0.2125 0.2125 0.237 0.237 0.251 0.251 0.2375 0.2375 0.233 0.233 0.233 0.259 0.259 0.2565 0.2565 0.2265 0.2265 0.2265 0.178 0.178 0.177 0.177 0.192 0.192 0.192 0.21 0.21 0.214 0.214 0.2205 0.2205 0.2205 0.2315 0.2315 0.2395 0.2395 0.213 0.213 0.213 0.1545 0.1545 0.1705 0.1705 0.1725 0.1725 0.208 0.208 0.208 0.2 0.2 0.218 0.218 0.219 0.219 0.219 0.242 0.242 0.242 0.242 0.216 0.216 0.216 0.213 0.213 0.2215 0.2215 0.2 0.2 0.2 0.1355
0.1865 0.1865 0.205 0.205 0.2095 0.2095 0.198 0.198 0.198 0.2095 0.2095 0.22 0.22 0.23 0.23 0.2335 0.2335 0.2335 0.212 0.212 0.2105 0.2105 0.2445 0.2445 0.2445 0.2145 0.2145 0.177 0.177 0.1745 0.1745 0.1745 0.1775 0.1775 0.218 0.218 0.23 0.23 0.23 0.2345 0.2345 0.2445 0.2445 0.221 0.221 0.221 0.1695 0.1695 0.1795 0.1795 0.176 0.176 0.194 0.194 0.194 0.2135 0.2135 0.216 0.216 0.2325 0.2325 0.2325 0.2465 0.2465 0.2635 0.2635 0.2265 0.2265 0.2265 0.2225 0.2225 0.213 0.213 0.2245 0.2245 0.2245 0.199
