ndvi/NOAA-154.asc
ncols         252
nrows         154
xllcorner     -18.017974
yllcorner     13.481982
cellsize      0.035948
NODATA_value  -9999
[rows 34 to 67 of 154, columns 78 to 155 of 252]
0.1415 0.1365 0.1365 0.136 0.136 0.129 0.129 0.129 0.124 0.124 0.132 0.132 0.138 0.138 0.1435 0.1435 0.1435 0.167 0.167 0.1575 0.1575 0.1905 0.1905 0.1905 0.182 0.182 0.1645 0.1645 0.1995 0.1995 0.1995 0.164 0.164 0.167 0.167 0.1575 0.1575 0.1575 0.1475 0.1475 0.14 0.14 0.171 0.171 0.171 0.1685 0.1685 0.147 0.147 0.143 0.143 0.15 0.15 0.15 0.134 0.134 0.152 0.152 0.148 0.148 0.148 0.1515 0.1515 0.1525 0.1525 0.169 0.169 0.169 0.169 0.169 0.1465 0.1465 0.1405 0.1405 0.1405 0.1265 0.1265 0.1365
0.1415 0.1365 0.1365 0.136 0.136 0.129 0.129 0.129 0.124 0.124 0.132 0.132 0.138 0.138 0.1435 0.1435 0.1435 0.167 0.167 0.1575 0.1575 0.1905 0.1905 0.1905 0.182 0.182 0.1645 0.1645 0.1995 0.1995 0.1995 0.164 0.164 0.167 0.167 0.1575 0.1575 0.1575 0.1475 0.1475 0.14 0.14 0.171 0.171 0.171 0.1685 0.1685 0.147 0.147 0.143 0.143 0.15 0.15 0.15 0.134 0.134 0.152 0.152 0.148 0.148 0.148 0.1515 0.1515 0.1525 0.1525 0.169 0.169 0.169 0.169 0.169 0.1465 0.1465 0.1405 0.1405 0.1405 0.1265 0.1265 0.1365
0.1415 0.1365 0.1365 0.136 0.136 0.129 0.129 0.129 0.124 0.124 0.132 0.132 0.138 0.138 0.1435 0.1435 0.1435 0.167 0.167 0.1575 0.1575 0.1905 0.1905 0.1905 0.182 0.182 0.1645 0.1645 0.1995 0.1995 0.1995 0.164 0.164 0.167 0.167 0.1575 0.1575 0.1575 0.1475 0.1475 0.14 0.14 0.171 0.171 0.171 0.1685 0.1685 0.147 0.147 0.143 0.143 0.15 0.15 0.15 0.134 0.134 0.152 0.152 0.148 0.148 0.148 0.1515 0.1515 0.1525 0.1525 0.169 0.169 0.169 0.169 0.169 0.1465 0.1465 0.1405 0.1405 0.1405 0.1265 0.1265 0.1365
0.1475 0.1455 0.1455 0.1485 0.1485 0.143 0.143 0.143 0.1465 0.1465 0.1515 0.1515 0.164 0.164 0.1395 0.1395 0.1395 0.158 0.158 0.2015 0.2015 0.2145 0.2145 0.2145 0.2475 0.2475 0.2515 0.2515 0.2245 0.2245 0.2245 0.1875 0.1875 0.183 0.183 0.165 0.165 0.165 0.1525 0.1525 0.15 0.15 0.1625 0.1625 0.1625 0.1705 0.1705 0.164 0.164 0.162 0.162 0.1565 0.1565 0.1565 0.17 0.17 0.2025 0.2025 0.26 0.26 0.26 0.1815 0.1815 0.1665 0.1665 0.186 0.186 0.186 0.191 0.191 0.164 0.164 0.21 0.21 0.21 0.158 0.158 0.127
0.1475 0.1455 0.1455 0.1485 0.1485 0.143 0.143 0.143 0.1465 0.1465 0.1515 0.1515 0.164 0.164 0.1395 0.1395 0.1395 0.158 0.158 0.2015 0.2015 0.2145 0.2145 0.2145 0.2475 0.2475 0.2515 0.2515 0.2245 0.2245 0.2245 0.1875 0.1875 0.183 0.183 0.165 0.165 0.165 0.1525 0.1525 0.15 0.15 0.1625 0.1625 0.1625 0.1705 0.1705 0.164 0.164 0.162 0.162 0.1565 0.1565 0.1565 0.17 0.17 0.2025 0.2025 0.26 0.26 0.26 0.1815 0.1815 0.1665 0.1665 0.186 0.186 0.186 0.191 0.191 0.164 0.164 0.21 0.21 0.21 0.158 0.158 0.127
0.15 0.1435 0.1435 0.143 0.143 0.1465 0.1465 0.1465 0.155 0.155 0.1675 0.1675 0.1815 0.1815 0.1705 0.1705 0.1705 0.1755 0.1755 0.23 0.23 0.229 0.229 0.229 0.2285 0.2285 0.251 0.251 0.223 0.223 0.223 0.212 0.212 0.193 0.193 0.179 0.179 0.179 0.1605 0.1605 0.1625 0.1625 0.2025 0.2025 0.2025 0.1935 0.1935 0.1805 0.1805 0.18 0.18 0.249 0.249 0.249 0.3005 0.3005 0.2015 0.2015 0.2315 0.2315 0.2315 0.2315 0.2315 0.2285 0.2285 0.1735 0.1735 0.1735 0.185 0.185 0.133 0.133 0.1515 0.1515 0.1515 0.1675 0.1675 0.125
0.15 0.1435 0.1435 0.143 0.143 0.1465 0.1465 0.1465 0.155 0.155 0.1675 0.1675 0.1815 0.1815 0.1705 0.1705 0.1705 0.1755 0.1755 0.23 0.23 0.229 0.229 0.229 0.2285 0.2285 0.251 0.251 0.223 0.223 0.223 0.212 0.212 0.193 0.193 0.179 0.179 0.179 0.1605 0.1605 0.1625 0.1625 0.2025 0.2025 0.2025 0.1935 0.1935 0.1805 0.1805 0.18 0.18 0.249 0.249 0.249 0.3005 0.3005 0.2015 0.2015 0.2315 0.2315 0.2315 0.2315 0.2315 0.2285 0.2285 0.1735 0.1735 0.1735 0.185 0.185 0.133 0.133 0.1515 0.1515 0.1515 0.1675 0.1675 0.125
0.168 0.1515 0.1515 0.1615 0.1615 0.168 0.168 0.168 0.17 0.17 0.177 0.177 0.194 0.194 0.1865 0.1865 0.1865 0.192 0.192 0.21 0.21 0.207 0.207 0.207 0.2735 0.2735 0.257 0.257 0.206 0.206 0.206 0.1855 0.1855 0.187 0.187 0.206 0.206 0.206 0.1985 0.1985 0.193 0.193 0.211 0.211 0.211 0.1975 0.1975 0.1815 0.1815 0.1845 0.1845 0.2295 0.2295 0.2295 0.2405 0.2405 0.193 0.193 0.2115 0.2115 0.2115 0.2115 0.2115 0.2135 0.2135 0.1915 0.1915 0.1915 0.15 0.15 0.15 0.15 0.164 0.164 0.164 0.178 0.178 0.159
0.168 0.1515 0.1515 0.1615 0.1615 0.168 0.168 0.168 0.17 0.17 0.177 0.177 0.194 0.194 0.1865 0.1865 0.1865 0.192 0.192 0.21 0.21 0.207 0.207 0.207 0.2735 0.2735 0.257 0.257 0.206 0.206 0.206 0.1855 0.1855 0.187 0.187 0.206 0.206 0.206 0.1985 0.1985 0.193 0.193 0.211 0.211 0.211 0.1975 0.1975 0.1815 0.1815 0.1845 0.1845 0.2295 0.2295 0.2295 0.2405 0.2405 0.193 0.193 0.2115 0.2115 0.2115 0.2115 0.2115 0.2135 0.2135 0.1915 0.1915 0.1915 0.15 0.15 0.15 0.15 0.164 0.164 0.164 0.178 0.178 0.159
0.168 0.1515 0.1515 0.1615 0.1615 0.168 0.168 0.168 0.17 0.17 0.177 0.177 0.194 0.194 0.1865 0.1865 0.1865 0.192 0.192 0.21 0.21 0.207 0.207 0.207 0.2735 0.2735 0.257 0.257 0.206 0.206 0.206 0.1855 0.1855 0.187 0.187 0.206 0.206 0.206 0.1985 0.1985 0.193 0.193 0.211 0.211 0.211 0.1975 0.1975 0.1815 0.1815 0.1845 0.1845 0.2295 0.2295 0.2295 0.2405 0.2405 0.193 0.193 0.2115 0.2115 0.2115 0.2115 0.2115 0.2135 0.2135 0.1915 0.1915 0.1915 0.15 0.15 0.15 0.15 0.164 0.164 0.164 0.178 0.178 0.159
0.181 0.1605 0.1605 0.1625 0.1625 0.1725 0.1725 0.1725 0.1795 0.1795 0.176 0.176 0.192 0.192 0.1825 0.1825 0.1825 0.1835 0.1835 0.171 0.171 0.181 0.181 0.181 0.205 0.205 0.175 0.175 0.1785 0.1785 0.1785 0.2245 0.2245 0.2525 0.2525 0.234 0.234 0.234 0.2135 0.2135 0.217 0.217 0.208 0.208 0.208 0.181 0.181 0.1715 0.1715 0.161 0.161 0.2025 0.2025 0.2025 0.263 0.263 0.209 0.209 0.2075 0.2075 0.2075 0.1955 0.1955 0.1595 0.1595 0.176 0.176 0.176 0.1445 0.1445 0.145 0.145 0.173 0.173 0.173 0.122 0.122 0.167
0.181 0.1605 0.1605 0.1625 0.1625 0.1725 0.1725 0.1725 0.1795 0.1795 0.176 0.176 0.192 0.192 0.1825 0.1825 0.1825 0.1835 0.1835 0.171 0.171 0.181 0.181 0.181 0.205 0.205 0.175 0.175 0.1785 0.1785 0.1785 0.2245 0.2245 0.2525 0.2525 0.234 0.234 0.234 0.2135 0.2135 0.217 0.217 0.208 0.208 0.208 0.181 0.181 0.1715 0.1715 0.161 0.161 0.2025 0.2025 0.2025 0.263 0.263 0.209 0.209 0.2075 0.2075 0.2075 0.1955 0.1955 0.1595 0.1595 0.176 0.176 0.176 0.1445 0.1445 0.145 0.145 0.173 0.173 0.173 0.122 0.122 0.167
0.1725 0.163 0.163 0.1585 0.1585 0.1615 0.1615 0.1615 0.164 0.164 0.167 0.167 0.175 0.175 0.17 0.17 0.17 0.194 0.194 0.1885 0.1885 0.2005 0.2005 0.2005 0.207 0.207 0.2235 0.2235 0.211 0.211 0.211 0.2435 0.2435 0.307 0.307 0.209 0.209 0.209 0.1775 0.1775 0.2055 0.2055 0.216 0.216 0.216 0.1965 0.1965 0.25 0.25 0.233 0.233 0.2755 0.2755 0.2755 0.1825 0.1825 0.193 0.193 0.2045 0.2045 0.2045 0.195 0.195 0.1905 0.1905 0.1585 0.1585 0.1585 0.145 0.145 0.146 0.146 0.1345 0.1345 0.1345 0.155 0.155 0.1755
0.1725 0.163 0.163 0.1585 0.1585 0.1615 0.1615 0.1615 0.164 0.164 0.167 0.167 0.175 0.175 0.17 0.17 0.17 0.194 0.194 0.1885 0.1885 0.2005 0.2005 0.2005 0.207 0.207 0.2235 0.2235 0.211 0.211 0.211 0.2435 0.2435 0.307 0.307 0.209 0.209 0.209 0.1775 0.1775 0.2055 0.2055 0.216 0.216 0.216 0.1965 0.1965 0.25 0.25 0.233 0.233 0.2755 0.2755 0.2755 0.1825 0.1825 0.193 0.193 0.2045 0.2045 0.2045 0.195 0.195 0.1905 0.1905 0.1585 0.1585 0.1585 0.145 0.145 0.146 0.146 0.1345 0.1345 0.1345 0.155 0.155 0.1755
0.198 0.1645 0.1645 0.2105 0.2105 0.175 0.175 0.175 0.1805 0.1805 0.1775 0.1775 0.177 0.177 0.211 0.211 0.211 0.241 0.241 0.2355 0.2355 0.234 0.234 0.234 0.245 0.245 0.2635 0.2635 0.246 0.246 0.246 0.2815 0.2815 0.52 0.52 0.242 0.242 0.242 0.176 0.176 0.1745 0.1745 0.23 0.23 0.23 0.2115 0.2115 0.219 0.219 0.212 0.212 0.242 0.242 0.242 0.229 0.229 0.2135 0.2135 0.235 0.235 0.235 0.227 0.227 0.173 0.173 0.1625 0.1625 0.1625 0.1725 0.1725 0.1905 0.1905 0.1615 0.1615 0.1615 0.1405 0.1405 0.1705
0.198 0.1645 0.1645 0.2105 0.2105 0.175 0.175 0.175 0.1805 0.1805 0.1775 0.1775 0.177 0.177 0.211 0.211 0.211 0.241 0.241 0.2355 0.2355 0.234 0.234 0.234 0.245 0.245 0.2635 0.2635 0.246 0.246 0.246 0.2815 0.2815 0.52 0.52 0.242 0.242 0.242 0.176 0.176 0.1745 0.1745 0.23 0.23 0.23 0.2115 0.2115 0.219 0.219 0.212 0.212 0.242 0.242 0.242 0.229 0.229 0.2135 0.2135 0.235 0.235 0.235 0.227 0.227 0.173 0.173 0.1625 0.1625 0.1625 0.1725 0.1725 0.1905 0.1905 0.1615 0.1615 0.1615 0.1405 0.1405 0.1705
0.198 0.1645 0.1645 0.2105 0.2105 0.175 0.175 0.175 0.1805 0.1805 0.1775 0.1775 0.177 0.177 0.211 0.211 0.211 0.241 0.241 0.2355 0.2355 0.234 0.234 0.234 0.245 0.245 0.2635 0.2635 0.246 0.246 0.246 0.2815 0.2815 0.52 0.52 0.242 0.242 0.242 0.176 0.176 0.1745 0.1745 0.23 0.23 0.23 0.2115 0.2115 0.219 0.219 0.212 0.212 0.242 0.242 0.242 0.229 0.229 0.2135 0.2135 0.235 0.235 0.235 0.227 0.227 0.173 0.173 0.1625 0.1625 0.1625 0.1725 0.1725 0.1905 0.1905 0.1615 0.1615 0.1615 0.1405 0.1405 0.1705
0.2415 0.2135 0.2135 0.2045 0.2045 0.2145 0.2145 0.2145 0.214 0.214 0.209 0.209 0.206 0.206 0.2605 0.2605 0.2605 0.265 0.265 0.286 0.286 0.2785 0.2785 0.2785 0.265 0.265 0.254 0.254 0.249 0.249 0.249 0.303 0.303 0.347 0.347 0.3895 0.3895 0.3895 0.183 0.183 0.176 0.176 0.184 0.184 0.184 0.1845 0.1845 0.178 0.178 0.1835 0.1835 0.2105 0.2105 0.2105 0.187 0.187 0.1755 0.1755 0.1865 0.1865 0.1865 0.1755 0.1755 0.1805 0.1805 0.18 0.18 0.18 0.201 0.201 0.205 0.205 0.1615 0.1615 0.1615 0.14 0.14 0.1335
0.2415 0.2135 0.2135 0.2045 0.2045 0.2145 0.2145 0.2145 0.214 0.214 0.209 0.209 0.206 0.206 0.2605 0.2605 0.2605 0.265 0.265 0.286 0.286 0.2785 0.2785 0.2785 0.265 0.265 0.254 0.254 0.249 0.249 0.249 0.303 0.303 0.347 0.347 0.3895 0.3895 0.3895 0.183 0.183 0.176 0.176 0.184 0.184 0.184 0.1845 0.1845 0.178 0.178 0.1835 0.1835 0.2105 0.2105 0.2105 0.187 0.187 0.1755 0.1755 0.1865 0.1865 0.1865 0.1755 0.1755 0.1805 0.1805 0.18 0.18 0.18 0.201 0.201 0.205 0.205 0.1615 0.1615 0.1615 0.14 0.14 0.1335
0.259 0.2175 0.2175 0.208 0.208 0.2045 0.2045 0.2045 0.222 0.222 0.225 0.225 0.219 0.219 0.2795 0.2795 0.2795 0.2695 0.2695 0.2925 0.2925 0.2815 0.2815 0.2815 0.2575 0.2575 0.258 0.258 0.2535 0.2535 0.2535 0.228 0.228 0.264 0.264 0.2355 0.2355 0.2355 0.202 0.202 0.1965 0.1965 0.173 0.173 0.173 0.2015 0.2015 0.145 0.145 0.1865 0.1865 0.2605 0.2605 0.2605 0.2445 0.2445 0.2285 0.2285 0.231 0.231 0.231 0.2475 0.2475 0.2495 0.2495 0.2145 0.2145 0.2145 0.178 0.178 0.1865 0.1865 0.1725 0.1725 0.1725 0.1045 0.1045 0.1315
0.259 0.2175 0.2175 0.208 0.208 0.2045 0.2045 0.2045 0.222 0.222 0.225 0.225 0.219 0.219 0.2795 0.2795 0.2795 0.2695 0.2695 0.2925 0.2925 0.2815 0.2815 0.2815 0.2575 0.2575 0.258 0.258 0.2535 0.2535 0.2535 0.228 0.228 0.264 0.264 0.2355 0.2355 0.2355 0.202 0.202 0.1965 0.1965 0.173 0.173 0.173 0.2015 0.2015 0.145 0.145 0.1865 0.1865 0.2605 0.2605 0.2605 0.2445 0.2445 0.2285 0.2285 0.231 0.231 0.231 0.2475 0.2475 0.2495 0.2495 0.2145 0.2145 0.2145 0.178 0.178 0.1865 0.1865 0.1725 0.1725 0.1725 0.1045 0.1045 0.1315
0.2845 0.234 0.234 0.253 0.253 0.23 0.23 0.23 0.2505 0.2505 0.2435 0.2435 0.24 0.24 0.312 0.312 0.312 0.3045 0.3045 0.268 0.268 0.2625 0.2625 0.2625 0.2625 0.2625 0.3035 0.3035 0.2775 0.2775 0.2775 0.211 0.211 0.223 0.223 0.202 0.202 0.202 0.211 0.211 0.1285 0.1285 0.1405 0.1405 0.1405 0.141 0.141 0.1925 0.1925 0.256 0.256 0.247 0.247 0.247 0.2315 0.2315 0.2865 0.2865 0.2805 0.2805 0.2805 0.282 0.282 0.2585 0.2585 0.202 0.202 0.202 0.172 0.172 0.17 0.17 0.17 0.17 0.17 0.12 0.12 0.101
0.2845 0.234 0.234 0.253 0.253 0.23 0.23 0.23 0.2505 0.2505 0.2435 0.2435 0.24 0.24 0.312 0.312 0.312 0.3045 0.3045 0.268 0.268 0.2625 0.2625 0.2625 0.2625 0.2625 0.3035 0.3035 0.2775 0.2775 0.2775 0.211 0.211 0.223 0.223 0.202 0.202 0.202 0.211 0.211 0.1285 0.1285 0.1405 0.1405 0.1405 0.141 0.141 0.1925 0.1925 0.256 0.256 0.247 0.247 0.247 0.2315 0.2315 0.2865 0.2865 0.2805 0.2805 0.2805 0.282 0.282 0.2585 0.2585 0.202 0.202 0.202 0.172 0.172 0.17 0.17 0.17 0.17 0.17 0.12 0.12 0.101
0.3695 0.2715 0.2715 0.2975 0.2975 0.2385 0.2385 0.2385 0.2605 0.2605 0.298 0.298 0.2775 0.2775 0.302 0.302 0.302 0.318 0.318 0.3225 0.3225 0.293 0.293 0.293 0.296 0.296 0.2605 0.2605 0.2615 0.2615 0.2615 0.3455 0.3455 0.264 0.264 0.197 0.197 0.197 0.1855 0.1855 0.171 0.171 0.205 0.205 0.205 0.1475 0.1475 0.17 0.17 0.2025 0.2025 0.189 0.189 0.189 0.2285 0.2285 0.2685 0.2685 0.312 0.312 0.312 0.296 0.296 0.2735 0.2735 0.216 0.216 0.216 0.172 0.172 0.17 0.17 0.177 0.177 0.177 0.1045 0.1045 0.1345
0.3695 0.2715 0.2715 0.2975 0.2975 0.2385 0.2385 0.2385 0.2605 0.2605 0.298 0.298 0.2775 0.2775 0.302 0.302 0.302 0.318 0.318 0.3225 0.3225 0.293 0.293 0.293 0.296 0.296 0.2605 0.2605 0.2615 0.2615 0.2615 0.3455 0.3455 0.264 0.264 0.197 0.197 0.197 0.1855 0.1855 0.171 0.171 0.205 0.205 0.205 0.1475 0.1475 0.17 0.17 0.2025 0.2025 0.189 0.189 0.189 0.2285 0.2285 0.2685 0.2685 0.312 0.312 0.312 0.296 0.296 0.2735 0.2735 0.216 0.216 0.216 0.172 0.172 0.17 0.17 0.177 0.177 0.177 0.1045 0.1045 0.1345
0.3695 0.2715 0.2715 0.2975 0.2975 0.2385 0.2385 0.2385 0.2605 0.2605 0.298 0.298 0.2775 0.2775 0.302 0.302 0.302 0.318 0.318 0.3225 0.3225 0.293 0.293 0.293 0.296 0.296 0.2605 0.2605 0.2615 0.2615 0.2615 0.3455 0.3455 0.264 0.264 0.197 0.197 0.197 0.1855 0.1855 0.171 0.171 0.205 0.205 0.205 0.1475 0.1475 0.17 0.17 0.2025 0.2025 0.189 0.189 0.189 0.2285 0.2285 0.2685 0.2685 0.312 0.312 0.312 0.296 0.296 0.2735 0.2735 0.216 0.216 0.216 0.172 0.172 0.17 0.17 0.177 0.177 0.177 0.1045 0.1045 0.1345
0.2965 0.2705 0.2705 0.2895 0.2895 0.2585 0.2585 0.2585 0.2685 0.2685 0.257 0.257 0.247 0.247 0.2615 0.2615 0.2615 0.2305 0.2305 0.2605 0.2605 0.286 0.286 0.286 0.289 0.289 0.2835 0.2835 0.255 0.255 0.255 0.266 0.266 0.245 0.245 0.228 0.228 0.228 0.216 0.216 0.1825 0.1825 0.189 0.189 0.189 0.2125 0.2125 0.137 0.137 0.142 0.142 0.173 0.173 0.173 0.144 0.144 0.2215 0.2215 0.2715 0.2715 0.2715 0.288 0.288 0.2695 0.2695 0.2355 0.2355 0.2355 0.2165 0.2165 0.207 0.207 0.1825 0.1825 0.1825 0.172 0.172 0.1375
0.2965 0.2705 0.2705 0.2895 0.2895 0.2585 0.2585 0.2585 0.2685 0.2685 0.257 0.257 0.247 0.247 0.2615 0.2615 0.2615 0.2305 0.2305 0.2605 0.2605 0.286 0.286 0.286 0.289 0.289 0.2835 0.2835 0.255 0.255 0.255 0.266 0.266 0.245 0.245 0.228 0.228 0.228 0.216 0.216 0.1825 0.1825 0.189 0.189 0.189 0.2125 0.2125 0.137 0.137 0.142 0.142 0.173 0.173 0.173 0.144 0.144 0.2215 0.2215 0.2715 0.2715 0.2715 0.288 0.288 0.2695 0.2695 0.2355 0.2355 0.2355 0.2165 0.2165 0.207 0.207 0.1825 0.1825 0.1825 0.172 0.172 0.1375
0.354 0.356 0.356 0.309 0.309 0.315 0.315 0.315 0.2865 0.2865 0.2835 0.2835 0.258 0.258 0.27 0.27 0.27 0.2185 0.2185 0.298 0.298 0.3025 0.3025 0.3025 0.306 0.306 0.294 0.294 0.2715 0.2715 0.2715 0.248 0.248 0.2345 0.2345 0.224 0.224 0.224 0.2655 0.2655 0.1585 0.1585 0.205 0.205 0.205 0.1995 0.1995 0.1485 0.1485 0.133 0.133 0.183 0.183 0.183 0.1825 0.1825 0.2155 0.2155 0.267 0.267 0.267 0.2745 0.2745 0.249 0.249 0.241 0.241 0.241 0.212 0.212 0.234 0.234 0.21 0.21 0.21 0.138 0.138 0.1325
0.354 0.356 0.356 0.309 0.309 0.315 0.315 0.315 0.2865 0.2865 0.2835 0.2835 0.258 0.258 0.27 0.27 0.27 0.2185 0.2185 0.298 0.298 0.3025 0.3025 0.3025 0.306 0.306 0.294 0.294 0.2715 0.2715 0.2715 0.248 0.248 0.2345 0.2345 0.224 0.224 0.224 0.2655 0.2655 0.1585 0.1585 0.205 0.205 0.205 0.1995 0.1995 0.1485 0.1485 0.133 0.133 0.183 0.183 0.183 0.1825 0.1825 0.2155 0.2155 0.267 0.267 0.267 0.2745 0.2745 0.249 0.249 0.241 0.241 0.241 0.212 0.212 0.234 0.234 0.21 0.21 0.21 0.138 0.138 0.1325
0.301 0.299 0.299 0.281 0.281 0.293 0.293 0.293 0.367 0.367 0.282 0.282 0.296 0.296 0.2905 0.2905 0.2905 0.2895 0.2895 0.2805 0.2805 0.2335 0.2335 0.2335 0.2395 0.2395 0.2615 0.2615 0.275 0.275 0.275 0.28 0.28 0.282 0.282 0.2525 0.2525 0.2525 0.2975 0.2975 0.195 0.195 0.169 0.169 0.169 0.19 0.19 0.1635 0.1635 0.144 0.144 0.228 0.228 0.228 0.182 0.182 0.235 0.235 0.279 0.279 0.279 0.29 0.29 0.2515 0.2515 0.24 0.24 0.24 0.244 0.244 0.2495 0.2495 0.1715 0.1715 0.1715 0.1365 0.1365 0.147
0.301 0.299 0.299 0.281 0.281 0.293 0.293 0.293 0.367 0.367 0.282 0.282 0.296 0.296 0.2905 0.2905 0.2905 0.2895 0.2895 0.2805 0.2805 0.2335 0.2335 0.2335 0.2395 0.2395 0.2615 0.2615 0.275 0.275 0.275 0.28 0.28 0.282 0.282 0.2525 0.2525 0.2525 0.2975 0.2975 0.195 0.195 0.169 0.169 0.169 0.19 0.19 0.1635 0.1635 0.144 0.144 0.228 0.228 0.228 0.182 0.182 0.235 0.235 0.279 0.279 0.279 0.29 0.29 0.2515 0.2515 0.24 0.24 0.24 0.244 0.244 0.2495 0.2495 0.1715 0.1715 0.1715 0.1365 0.1365 0.147
0.301 0.299 0.299 0.281 0.281 0.293 0.293 0.293 0.367 0.367 0.282 0.282 0.296 0.296 0.2905 0.2905 0.2905 0.2895 0.2895 0.2805 0.2805 0.2335 0.2335 0.2335 0.2395 0.2395 0.2615 0.2615 0.275 0.275 0.275 0.28 0.28 0.282 0.282 0.2525 0.2525 0.2525 0.2975 0.2975 0.195 0.195 0.169 0.169 0.169 0.19 0.19 0.1635 0.1635 0.144 0.144 0.228 0.228 0.228 0.182 0.182 0.235 0.235 0.279 0.279 0.279 0.29 0.29 0.2515 0.2515 0.24 0.24 0.24 0.244 0.244 0.2495 0.2495 0.1715 0.1715 0.1715 0.1365 0.1365 0.147
0.3435 0.35 0.35 0.265 0.265 0.257 0.257 0.257 0.35 0.35 0.282 0.282 0.3715 0.3715 0.29 0.29 0.29 0.2735 0.2735 0.29 0.29 0.264 0.264 0.264 0.2615 0.2615 0.271 0.271 0.3145 0.3145 0.3145 0.2765 0.2765 0.259 0.259 0.2415 0.2415 0.2415 0.2255 0.2255 0.224 0.224 0.236 0.236 0.236 0.188 0.188 0.169 0.169 0.172 0.172 0.1995 0.1995 0.1995 0.241 0.241 0.241 0.241 0.269 0.269 0.269 0.315 0.315 0.278 0.278 0.26 0.26 0.26 0.2695 0.2695 0.26 0.26 0.2055 0.2055 0.2055 0.139 0.139 0.18
