ndvi/NOAA-183.asc
ncols         252
nrows         154
xllcorner     -18.017974
yllcorner     13.481982
cellsize      0.035948
NODATA_value  -9999
[rows 35 to 69 of 154, columns 77 to 153 of 252]
0.153 0.153 0.1495 0.1495 0.153 0.153 0.1505 0.1505 0.1505 0.147 0.147 0.15 0.15 0.154 0.154 0.16 0.16 0.16 0.1625 0.1625 0.1625 0.1625 0.1665 0.1665 0.1665 0.1685 0.1685 0.1595 0.1595 0.162 0.162 0.162 0.161 0.161 0.1595 0.1595 0.158 0.158 0.158 0.161 0.161 0.158 0.158 0.171 0.171 0.171 0.17 0.17 0.168 0.168 0.1655 0.1655 0.1675 0.1675 0.1675 0.1545 0.1545 0.161 0.161 0.1685 0.1685 0.1685 0.1715 0.1715 0.1755 0.1755 0.178 0.178 0.178 0.167 0.167 0.1495 0.1495 0.1295 0.1295 0.1295 0.1415
0.153 0.153 0.1495 0.1495 0.153 0.153 0.1505 0.1505 0.1505 0.147 0.147 0.15 0.15 0.154 0.154 0.16 0.16 0.16 0.1625 0.1625 0.1625 0.1625 0.1665 0.1665 0.1665 0.1685 0.1685 0.1595 0.1595 0.162 0.162 0.162 0.161 0.161 0.1595 0.1595 0.158 0.158 0.158 0.161 0.161 0.158 0.158 0.171 0.171 0.171 0.17 0.17 0.168 0.168 0.1655 0.1655 0.1675 0.1675 0.1675 0.1545 0.1545 0.161 0.161 0.1685 0.1685 0.1685 0.1715 0.1715 0.1755 0.1755 0.178 0.178 0.178 0.167 0.167 0.1495 0.1495 0.1295 0.1295 0.1295 0.1415
0.159 0.159 0.163 0.163 0.168 0.168 0.162 0.162 0.162 0.1595 0.1595 0.166 0.166 0.179 0.179 0.159 0.159 0.159 0.1675 0.1675 0.168 0.168 0.1695 0.1695 0.1695 0.18 0.18 0.175 0.175 0.1775 0.1775 0.1775 0.174 0.174 0.176 0.176 0.166 0.166 0.166 0.172 0.172 0.172 0.172 0.178 0.178 0.178 0.1775 0.1775 0.1765 0.1765 0.172 0.172 0.172 0.172 0.172 0.184 0.184 0.2 0.2 0.1985 0.1985 0.1985 0.1875 0.1875 0.1835 0.1835 0.1775 0.1775 0.1775 0.172 0.172 0.141 0.141 0.1465 0.1465 0.1465 0.147
0.159 0.159 0.163 0.163 0.168 0.168 0.162 0.162 0.162 0.1595 0.1595 0.166 0.166 0.179 0.179 0.159 0.159 0.159 0.1675 0.1675 0.168 0.168 0.1695 0.1695 0.1695 0.18 0.18 0.175 0.175 0.1775 0.1775 0.1775 0.174 0.174 0.176 0.176 0.166 0.166 0.166 0.172 0.172 0.172 0.172 0.178 0.178 0.178 0.1775 0.1775 0.1765 0.1765 0.172 0.172 0.172 0.172 0.172 0.184 0.184 0.2 0.2 0.1985 0.1985 0.1985 0.1875 0.1875 0.1835 0.1835 0.1775 0.1775 0.1775 0.172 0.172 0.141 0.141 0.1465 0.1465 0.1465 0.147
0.17 0.17 0.1645 0.1645 0.162 0.162 0.163 0.163 0.163 0.171 0.171 0.178 0.178 0.182 0.182 0.174 0.174 0.174 0.172 0.172 0.174 0.174 0.1785 0.1785 0.1785 0.1725 0.1725 0.182 0.182 0.1885 0.1885 0.1885 0.1915 0.1915 0.1795 0.1795 0.1795 0.1795 0.1795 0.18 0.18 0.178 0.178 0.1925 0.1925 0.1925 0.205 0.205 0.2045 0.2045 0.191 0.191 0.2395 0.2395 0.2395 0.202 0.202 0.2015 0.2015 0.1915 0.1915 0.1915 0.187 0.187 0.186 0.186 0.166 0.166 0.166 0.17 0.17 0.1315 0.1315 0.1305 0.1305 0.1305 0.1515
0.17 0.17 0.1645 0.1645 0.162 0.162 0.163 0.163 0.163 0.171 0.171 0.178 0.178 0.182 0.182 0.174 0.174 0.174 0.172 0.172 0.174 0.174 0.1785 0.1785 0.1785 0.1725 0.1725 0.182 0.182 0.1885 0.1885 0.1885 0.1915 0.1915 0.1795 0.1795 0.1795 0.1795 0.1795 0.18 0.18 0.178 0.178 0.1925 0.1925 0.1925 0.205 0.205 0.2045 0.2045 0.191 0.191 0.2395 0.2395 0.2395 0.202 0.202 0.2015 0.2015 0.1915 0.1915 0.1915 0.187 0.187 0.186 0.186 0.166 0.166 0.166 0.17 0.17 0.1315 0.1315 0.1305 0.1305 0.1305 0.1515
0.178 0.178 0.177 0.177 0.173 0.173 0.174 0.174 0.174 0.1695 0.1695 0.1755 0.1755 0.178 0.178 0.1845 0.1845 0.1845 0.168 0.168 0.173 0.173 0.185 0.185 0.185 0.195 0.195 0.2005 0.2005 0.186 0.186 0.186 0.1855 0.1855 0.181 0.181 0.188 0.188 0.188 0.188 0.188 0.202 0.202 0.2045 0.2045 0.2045 0.1965 0.1965 0.198 0.198 0.204 0.204 0.2105 0.2105 0.2105 0.1965 0.1965 0.19 0.19 0.1795 0.1795 0.1795 0.171 0.171 0.1685 0.1685 0.154 0.154 0.154 0.162 0.162 0.1435 0.1435 0.1345 0.1345 0.1345 0.151
0.178 0.178 0.177 0.177 0.173 0.173 0.174 0.174 0.174 0.1695 0.1695 0.1755 0.1755 0.178 0.178 0.1845 0.1845 0.1845 0.168 0.168 0.173 0.173 0.185 0.185 0.185 0.195 0.195 0.2005 0.2005 0.186 0.186 0.186 0.1855 0.1855 0.181 0.181 0.188 0.188 0.188 0.188 0.188 0.202 0.202 0.2045 0.2045 0.2045 0.1965 0.1965 0.198 0.198 0.204 0.204 0.2105 0.2105 0.2105 0.1965 0.1965 0.19 0.19 0.1795 0.1795 0.1795 0.171 0.171 0.1685 0.1685 0.154 0.154 0.154 0.162 0.162 0.1435 0.1435 0.1345 0.1345 0.1345 0.151
0.178 0.178 0.177 0.177 0.173 0.173 0.174 0.174 0.174 0.1695 0.1695 0.1755 0.1755 0.178 0.178 0.1845 0.1845 0.1845 0.168 0.168 0.173 0.173 0.185 0.185 0.185 0.195 0.195 0.2005 0.2005 0.186 0.186 0.186 0.1855 0.1855 0.181 0.181 0.188 0.188 0.188 0.188 0.188 0.202 0.202 0.2045 0.2045 0.2045 0.1965 0.1965 0.198 0.198 0.204 0.204 0.2105 0.2105 0.2105 0.1965 0.1965 0.19 0.19 0.1795 0.1795 0.1795 0.171 0.171 0.1685 0.1685 0.154 0.154 0.154 0.162 0.162 0.1435 0.1435 0.1345 0.1345 0.1345 0.151
0.19 0.19 0.185 0.185 0.1755 0.1755 0.1725 0.1725 0.1725 0.171 0.171 0.166 0.166 0.183 0.183 0.1865 0.1865 0.1865 0.183 0.183 0.165 0.165 0.1735 0.1735 0.1735 0.178 0.178 0.1855 0.1855 0.188 0.188 0.188 0.2055 0.2055 0.2175 0.2175 0.215 0.215 0.215 0.2015 0.2015 0.204 0.204 0.205 0.205 0.205 0.1895 0.1895 0.183 0.183 0.1805 0.1805 0.203 0.203 0.203 0.2 0.2 0.1935 0.1935 0.177 0.177 0.177 0.1655 0.1655 0.1415 0.1415 0.148 0.148 0.148 0.1465 0.1465 0.1395 0.1395 0.127 0.127 0.127 0.1305
0.19 0.19 0.185 0.185 0.1755 0.1755 0.1725 0.1725 0.1725 0.171 0.171 0.166 0.166 0.183 0.183 0.1865 0.1865 0.1865 0.183 0.183 0.165 0.165 0.1735 0.1735 0.1735 0.178 0.178 0.1855 0.1855 0.188 0.188 0.188 0.2055 0.2055 0.2175 0.2175 0.215 0.215 0.215 0.2015 0.2015 0.204 0.204 0.205 0.205 0.205 0.1895 0.1895 0.183 0.183 0.1805 0.1805 0.203 0.203 0.203 0.2 0.2 0.1935 0.1935 0.177 0.177 0.177 0.1655 0.1655 0.1415 0.1415 0.148 0.148 0.148 0.1465 0.1465 0.1395 0.1395 0.127 0.127 0.127 0.1305
0.19 0.19 0.1885 0.1885 0.182 0.182 0.1785 0.1785 0.1785 0.173 0.173 0.1585 0.1585 0.159 0.159 0.1805 0.1805 0.1805 0.1875 0.1875 0.1815 0.1815 0.19 0.19 0.19 0.1755 0.1755 0.1995 0.1995 0.209 0.209 0.209 0.2375 0.2375 0.24 0.24 0.2285 0.2285 0.2285 0.169 0.169 0.18 0.18 0.186 0.186 0.186 0.1825 0.1825 0.2165 0.2165 0.202 0.202 0.203 0.203 0.203 0.1835 0.1835 0.18 0.18 0.174 0.174 0.174 0.171 0.171 0.1665 0.1665 0.1625 0.1625 0.1625 0.1605 0.1605 0.1585 0.1585 0.1435 0.1435 0.1435 0.1495
0.19 0.19 0.1885 0.1885 0.182 0.182 0.1785 0.1785 0.1785 0.173 0.173 0.1585 0.1585 0.159 0.159 0.1805 0.1805 0.1805 0.1875 0.1875 0.1815 0.1815 0.19 0.19 0.19 0.1755 0.1755 0.1995 0.1995 0.209 0.209 0.209 0.2375 0.2375 0.24 0.24 0.2285 0.2285 0.2285 0.169 0.169 0.18 0.18 0.186 0.186 0.186 0.1825 0.1825 0.2165 0.2165 0.202 0.202 0.203 0.203 0.203 0.1835 0.1835 0.18 0.18 0.174 0.174 0.174 0.171 0.171 0.1665 0.1665 0.1625 0.1625 0.1625 0.1605 0.1605 0.1585 0.1585 0.1435 0.1435 0.1435 0.1495
0.2045 0.2045 0.181 0.181 0.193 0.193 0.174 0.174 0.174 0.18 0.18 0.175 0.175 0.18 0.18 0.196 0.196 0.196 0.1965 0.1965 0.2095 0.2095 0.209 0.209 0.209 0.2195 0.2195 0.235 0.235 0.2315 0.2315 0.2315 0.2435 0.2435 0.244 0.244 0.1965 0.1965 0.1965 0.1765 0.1765 0.166 0.166 0.2 0.2 0.2 0.203 0.203 0.192 0.192 0.198 0.198 0.1985 0.1985 0.1985 0.181 0.181 0.1795 0.1795 0.181 0.181 0.181 0.188 0.188 0.168 0.168 0.1665 0.1665 0.1665 0.1695 0.1695 0.1825 0.1825 0.1435 0.1435 0.1435 0.136
0.2045 0.2045 0.181 0.181 0.193 0.193 0.174 0.174 0.174 0.18 0.18 0.175 0.175 0.18 0.18 0.196 0.196 0.196 0.1965 0.1965 0.2095 0.2095 0.209 0.209 0.209 0.2195 0.2195 0.235 0.235 0.2315 0.2315 0.2315 0.2435 0.2435 0.244 0.244 0.1965 0.1965 0.1965 0.1765 0.1765 0.166 0.166 0.2 0.2 0.2 0.203 0.203 0.192 0.192 0.198 0.198 0.1985 0.1985 0.1985 0.181 0.181 0.1795 0.1795 0.181 0.181 0.181 0.188 0.188 0.168 0.168 0.1665 0.1665 0.1665 0.1695 0.1695 0.1825 0.1825 0.1435 0.1435 0.1435 0.136
0.2045 0.2045 0.181 0.181 0.193 0.193 0.174 0.174 0.174 0.18 0.18 0.175 0.175 0.18 0.18 0.196 0.196 0.196 0.1965 0.1965 0.2095 0.2095 0.209 0.209 0.209 0.2195 0.2195 0.235 0.235 0.2315 0.2315 0.2315 0.2435 0.2435 0.244 0.244 0.1965 0.1965 0.1965 0.1765 0.1765 0.166 0.166 0.2 0.2 0.2 0.203 0.203 0.192 0.192 0.198 0.198 0.1985 0.1985 0.1985 0.181 0.181 0.1795 0.1795 0.181 0.181 0.181 0.188 0.188 0.168 0.168 0.1665 0.1665 0.1665 0.1695 0.1695 0.1825 0.1825 0.1435 0.1435 0.1435 0.136
0.2025 0.2025 0.202 0.202 0.1995 0.1995 0.2145 0.2145 0.2145 0.2185 0.2185 0.2175 0.2175 0.221 0.221 0.2215 0.2215 0.2215 0.217 0.217 0.2275 0.2275 0.2345 0.2345 0.2345 0.225 0.225 0.219 0.219 0.21 0.21 0.21 0.209 0.209 0.209 0.209 0.2225 0.2225 0.2225 0.1605 0.1605 0.1705 0.1705 0.1625 0.1625 0.1625 0.183 0.183 0.172 0.172 0.192 0.192 0.1935 0.1935 0.1935 0.1975 0.1975 0.19 0.19 0.1855 0.1855 0.1855 0.198 0.198 0.205 0.205 0.207 0.207 0.207 0.214 0.214 0.2115 0.2115 0.1725 0.1725 0.1725 0.13
0.2025 0.2025 0.202 0.202 0.1995 0.1995 0.2145 0.2145 0.2145 0.2185 0.2185 0.2175 0.2175 0.221 0.221 0.2215 0.2215 0.2215 0.217 0.217 0.2275 0.2275 0.2345 0.2345 0.2345 0.225 0.225 0.219 0.219 0.21 0.21 0.21 0.209 0.209 0.209 0.209 0.2225 0.2225 0.2225 0.1605 0.1605 0.1705 0.1705 0.1625 0.1625 0.1625 0.183 0.183 0.172 0.172 0.192 0.192 0.1935 0.1935 0.1935 0.1975 0.1975 0.19 0.19 0.1855 0.1855 0.1855 0.198 0.198 0.205 0.205 0.207 0.207 0.207 0.214 0.214 0.2115 0.2115 0.1725 0.1725 0.1725 0.13
0.2045 0.2045 0.2155 0.2155 0.209 0.209 0.2115 0.2115 0.2115 0.224 0.224 0.229 0.229 0.225 0.225 0.239 0.239 0.239 0.23 0.23 0.2345 0.2345 0.2305 0.2305 0.2305 0.204 0.204 0.215 0.215 0.2125 0.2125 0.2125 0.1965 0.1965 0.2205 0.2205 0.2195 0.2195 0.2195 0.191 0.191 0.175 0.175 0.158 0.158 0.158 0.1575 0.1575 0.17 0.17 0.203 0.203 0.206 0.206 0.206 0.2125 0.2125 0.227 0.227 0.246 0.246 0.246 0.233 0.233 0.2315 0.2315 0.214 0.214 0.214 0.1975 0.1975 0.1935 0.1935 0.1805 0.1805 0.1805 0.1345
0.2045 0.2045 0.2155 0.2155 0.209 0.209 0.2115 0.2115 0.2115 0.224 0.224 0.229 0.229 0.225 0.225 0.239 0.239 0.239 0.23 0.23 0.2345 0.2345 0.2305 0.2305 0.2305 0.204 0.204 0.215 0.215 0.2125 0.2125 0.2125 0.1965 0.1965 0.2205 0.2205 0.2195 0.2195 0.2195 0.191 0.191 0.175 0.175 0.158 0.158 0.158 0.1575 0.1575 0.17 0.17 0.203 0.203 0.206 0.206 0.206 0.2125 0.2125 0.227 0.227 0.246 0.246 0.246 0.233 0.233 0.2315 0.2315 0.214 0.214 0.214 0.1975 0.1975 0.1935 0.1935 0.1805 0.1805 0.1805 0.1345
0.245 0.245 0.2315 0.2315 0.2395 0.2395 0.2285 0.2285 0.2285 0.2305 0.2305 0.241 0.241 0.2225 0.2225 0.2405 0.2405 0.2405 0.2345 0.2345 0.2085 0.2085 0.216 0.216 0.216 0.2175 0.2175 0.225 0.225 0.2115 0.2115 0.2115 0.201 0.201 0.189 0.189 0.197 0.197 0.197 0.205 0.205 0.1485 0.1485 0.16 0.16 0.16 0.1555 0.1555 0.17 0.17 0.1865 0.1865 0.218 0.218 0.218 0.23 0.23 0.241 0.241 0.2395 0.2395 0.2395 0.2375 0.2375 0.2285 0.2285 0.2175 0.2175 0.2175 0.195 0.195 0.171 0.171 0.172 0.172 0.172 0.1255
0.245 0.245 0.2315 0.2315 0.2395 0.2395 0.2285 0.2285 0.2285 0.2305 0.2305 0.241 0.241 0.2225 0.2225 0.2405 0.2405 0.2405 0.2345 0.2345 0.2085 0.2085 0.216 0.216 0.216 0.2175 0.2175 0.225 0.225 0.2115 0.2115 0.2115 0.201 0.201 0.189 0.189 0.197 0.197 0.197 0.205 0.205 0.1485 0.1485 0.16 0.16 0.16 0.1555 0.1555 0.17 0.17 0.1865 0.1865 0.218 0.218 0.218 0.23 0.23 0.241 0.241 0.2395 0.2395 0.2395 0.2375 0.2375 0.2285 0.2285 0.2175 0.2175 0.2175 0.195 0.195 0.171 0.171 0.172 0.172 0.172 0.1255
0.2385 0.2385 0.2465 0.2465 0.249 0.249 0.228 0.228 0.228 0.236 0.236 0.232 0.232 0.2425 0.2425 0.25 0.25 0.25 0.234 0.234 0.223 0.223 0.211 0.211 0.211 0.219 0.219 0.2195 0.2195 0.211 0.211 0.211 0.1925 0.1925 0.2085 0.2085 0.1785 0.1785 0.1785 0.1935 0.1935 0.1755 0.1755 0.197 0.197 0.197 0.1885 0.1885 0.149 0.149 0.166 0.166 0.1925 0.1925 0.1925 0.2185 0.2185 0.2075 0.2075 0.2235 0.2235 0.2235 0.24 0.24 0.2345 0.2345 0.2335 0.2335 0.2335 0.205 0.205 0.167 0.167 0.167 0.167 0.167 0.133
0.2385 0.2385 0.2465 0.2465 0.249 0.249 0.228 0.228 0.228 0.236 0.236 0.232 0.232 0.2425 0.2425 0.25 0.25 0.25 0.234 0.234 0.223 0.223 0.211 0.211 0.211 0.219 0.219 0.2195 0.2195 0.211 0.211 0.211 0.1925 0.1925 0.2085 0.2085 0.1785 0.1785 0.1785 0.1935 0.1935 0.1755 0.1755 0.197 0.197 0.197 0.1885 0.1885 0.149 0.149 0.166 0.166 0.1925 0.1925 0.1925 0.2185 0.2185 0.2075 0.2075 0.2235 0.2235 0.2235 0.24 0.24 0.2345 0.2345 0.2335 0.2335 0.2335 0.205 0.205 0.167 0.167 0.167 0.167 0.167 0.133
0.2385 0.2385 0.2465 0.2465 0.249 0.249 0.228 0.228 0.228 0.236 0.236 0.232 0.232 0.2425 0.2425 0.25 0.25 0.25 0.234 0.234 0.223 0.223 0.211 0.211 0.211 0.219 0.219 0.2195 0.2195 0.211 0.211 0.211 0.1925 0.1925 0.2085 0.2085 0.1785 0.1785 0.1785 0.1935 0.1935 0.1755 0.1755 0.197 0.197 0.197 0.1885 0.1885 0.149 0.149 0.166 0.166 0.1925 0.1925 0.1925 0.2185 0.2185 0.2075 0.2075 0.2235 0.2235 0.2235 0.24 0.24 0.2345 0.2345 0.2335 0.2335 0.2335 0.205 0.205 0.167 0.167 0.167 0.167 0.167 0.133
0.2345 0.2345 0.2175 0.2175 0.242 0.242 0.2365 0.2365 0.2365 0.245 0.245 0.221 0.221 0.2255 0.2255 0.2215 0.2215 0.2215 0.183 0.183 0.2105 0.2105 0.22 0.22 0.22 0.2185 0.2185 0.2335 0.2335 0.2235 0.2235 0.2235 0.235 0.235 0.235 0.235 0.205 0.205 0.205 0.179 0.179 0.1775 0.1775 0.199 0.199 0.199 0.1795 0.1795 0.145 0.145 0.1295 0.1295 0.155 0.155 0.155 0.1495 0.1495 0.21 0.21 0.236 0.236 0.236 0.2435 0.2435 0.246 0.246 0.2405 0.2405 0.2405 0.2245 0.2245 0.21 0.21 0.1885 0.1885 0.1885 0.155
0.2345 0.2345 0.2175 0.2175 0.242 0.242 0.2365 0.2365 0.2365 0.245 0.245 0.221 0.221 0.2255 0.2255 0.2215 0.2215 0.2215 0.183 0.183 0.2105 0.2105 0.22 0.22 0.22 0.2185 0.2185 0.2335 0.2335 0.2235 0.2235 0.2235 0.235 0.235 0.235 0.235 0.205 0.205 0.205 0.179 0.179 0.1775 0.1775 0.199 0.199 0.199 0.1795 0.1795 0.145 0.145 0.1295 0.1295 0.155 0.155 0.155 0.1495 0.1495 0.21 0.21 0.236 0.236 0.236 0.2435 0.2435 0.246 0.246 0.2405 0.2405 0.2405 0.2245 0.2245 0.21 0.21 0.1885 0.1885 0.1885 0.155
0.246 0.246 0.2605 0.2605 0.265 0.265 0.2785 0.2785 0.2785 0.2605 0.2605 0.2565 0.2565 0.235 0.235 0.201 0.201 0.201 0.1865 0.1865 0.252 0.252 0.249 0.249 0.249 0.23 0.23 0.2275 0.2275 0.229 0.229 0.229 0.215 0.215 0.219 0.219 0.2095 0.2095 0.2095 0.2135 0.2135 0.1655 0.1655 0.183 0.183 0.183 0.16 0.16 0.1345 0.1345 0.139 0.139 0.1305 0.1305 0.1305 0.173 0.173 0.209 0.209 0.2325 0.2325 0.2325 0.2305 0.2305 0.228 0.228 0.2335 0.2335 0.2335 0.198 0.198 0.1975 0.1975 0.191 0.191 0.191 0.1345
0.246 0.246 0.2605 0.2605 0.265 0.265 0.2785 0.2785 0.2785 0.2605 0.2605 0.2565 0.2565 0.235 0.235 0.201 0.201 0.201 0.1865 0.1865 0.252 0.252 0.249 0.249 0.249 0.23 0.23 0.2275 0.2275 0.229 0.229 0.229 0.215 0.215 0.219 0.219 0.2095 0.2095 0.2095 0.2135 0.2135 0.1655 0.1655 0.183 0.183 0.183 0.16 0.16 0.1345 0.1345 0.139 0.139 0.1305 0.1305 0.1305 0.173 0.173 0.209 0.209 0.2325 0.2325 0.2325 0.2305 0.2305 0.228 0.228 0.2335 0.2335 0.2335 0.198 0.198 0.1975 0.1975 0.191 0.191 0.191 0.1345
0.2445 0.2445 0.256 0.256 0.2395 0.2395 0.2405 0.2405 0.2405 0.25 0.25 0.2525 0.2525 0.2595 0.2595 0.249 0.249 0.249 0.2505 0.2505 0.2545 0.2545 0.2415 0.2415 0.2415 0.2225 0.2225 0.238 0.238 0.227 0.227 0.227 0.2285 0.2285 0.223 0.223 0.218 0.218 0.218 0.238 0.238 0.194 0.194 0.145 0.145 0.145 0.149 0.149 0.148 0.148 0.1575 0.1575 0.2185 0.2185 0.2185 0.186 0.186 0.203 0.203 0.246 0.246 0.246 0.2335 0.2335 0.2275 0.2275 0.2345 0.2345 0.2345 0.213 0.213 0.2155 0.2155 0.177 0.177 0.177 0.15
0.2445 0.2445 0.256 0.256 0.2395 0.2395 0.2405 0.2405 0.2405 0.25 0.25 0.2525 0.2525 0.2595 0.2595 0.249 0.249 0.249 0.2505 0.2505 0.2545 0.2545 0.2415 0.2415 0.2415 0.2225 0.2225 0.238 0.238 0.227 0.227 0.227 0.2285 0.2285 0.223 0.223 0.218 0.218 0.218 0.238 0.238 0.194 0.194 0.145 0.145 0.145 0.149 0.149 0.148 0.148 0.1575 0.1575 0.2185 0.2185 0.2185 0.186 0.186 0.203 0.203 0.246 0.246 0.246 0.2335 0.2335 0.2275 0.2275 0.2345 0.2345 0.2345 0.213 0.213 0.2155 0.2155 0.177 0.177 0.177 0.15
0.2445 0.2445 0.256 0.256 0.2395 0.2395 0.2405 0.2405 0.2405 0.25 0.25 0.2525 0.2525 0.2595 0.2595 0.249 0.249 0.249 0.2505 0.2505 0.2545 0.2545 0.2415 0.2415 0.2415 0.2225 0.2225 0.238 0.238 0.227 0.227 0.227 0.2285 0.2285 0.223 0.223 0.218 0.218 0.218 0.238 0.238 0.194 0.194 0.145 0.145 0.145 0.149 0.149 0.148 0.148 0.1575 0.1575 0.2185 0.2185 0.2185 0.186 0.186 0.203 0.203 0.246 0.246 0.246 0.2335 0.2335 0.2275 0.2275 0.2345 0.2345 0.2345 0.213 0.213 0.2155 0.2155 0.177 0.177 0.177 0.15
0.2305 0.2305 0.2355 0.2355 0.2165 0.2165 0.223 0.223 0.223 0.2645 0.2645 0.2305 0.2305 0.262 0.262 0.251 0.251 0.251 0.2585 0.2585 0.2555 0.2555 0.2555 0.2555 0.2555 0.2495 0.2495 0.243 0.243 0.2325 0.2325 0.2325 0.2255 0.2255 0.215 0.215 0.2125 0.2125 0.2125 0.208 0.208 0.2095 0.2095 0.189 0.189 0.189 0.1525 0.1525 0.203 0.203 0.196 0.196 0.208 0.208 0.208 0.2155 0.2155 0.214 0.214 0.2375 0.2375 0.2375 0.252 0.252 0.2435 0.2435 0.221 0.221 0.221 0.2215 0.2215 0.2165 0.2165 0.2 0.2 0.2 0.1535
0.2305 0.2305 0.2355 0.2355 0.2165 0.2165 0.223 0.223 0.223 0.2645 0.2645 0.2305 0.2305 0.262 0.262 0.251 0.251 0.251 0.2585 0.2585 0.2555 0.2555 0.2555 0.2555 0.2555 0.2495 0.2495 0.243 0.243 0.2325 0.2325 0.2325 0.2255 0.2255 0.215 0.215 0.2125 0.2125 0.2125 0.208 0.208 0.2095 0.2095 0.189 0.189 0.189 0.1525 0.1525 0.203 0.203 0.196 0.196 0.208 0.208 0.208 0.2155 0.2155 0.214 0.214 0.2375 0.2375 0.2375 0.252 0.252 0.2435 0.2435 0.221 0.221 0.221 0.2215 0.2215 0.2165 0.2165 0.2 0.2 0.2 0.1535
0.246 0.246 0.244 0.244 0.213 0.213 0.2325 0.2325 0.2325 0.235 0.235 0.244 0.244 0.2555 0.2555 0.237 0.237 0.237 0.2375 0.2375 0.254 0.254 0.2415 0.2415 0.2415 0.2765 0.2765 0.2475 0.2475 0.2455 0.2455 0.2455 0.2265 0.2265 0.209 0.209 0.225 0.225 0.225 0.2385 0.2385 0.2105 0.2105 0.22 0.22 0.22 0.1895 0.1895 0.198 0.198 0.1935 0.1935 0.2055 0.2055 0.2055 0.215 0.215 0.226 0.226 0.219 0.219 0.219 0.2475 0.2475 0.2375 0.2375 0.235 0.235 0.235 0.235 0.235 0.228 0.228 0.2065 0.2065 0.2065 0.1565
