ndvi/NOAA-52.asc
ncols         252
nrows         154
xllcorner     -18.017974
yllcorner     13.481982
cellsize      0.035948
NODATA_value  -9999
[rows 102 to 135 of 154, columns 0 to 76 of 252]
-1 -1 -1 -1 -1 -1 -1 -1 -1 -1 -1 -1 -1 -1 -1 -1 -1 -1 -1 -1 -1 -1 -1 -1 -1 0.0527 0.0527 0.0527 0.132 0.132 0.268 0.268 0.2475 0.2475 0.2475 0.2315 0.2315 0.2135 0.2135 0.233 0.233 0.233 0.2245 0.2245 0.227 0.227 0.2205 0.2205 0.2205 0.2265 0.2265 0.2345 0.2345 0.2415 0.2415 0.2445 0.2445 0.2445 0.243 0.243 0.244 0.244 0.244 0.244 0.244 0.2445 0.2445 0.246 0.246 0.2225 0.2225 0.2225 0.212 0.212 0.212 0.212 0.206
-1 -1 -1 -1 -1 -1 -1 -1 -1 -1 -1 -1 -1 -1 -1 -1 -1 -1 -1 -1 -1 -1 -1 9.999983e-005 9.999983e-005 0.1925 0.1925 0.1925 0.262 0.262 0.248 0.248 0.228 0.228 0.228 0.227 0.227 0.2355 0.2355 0.2445 0.2445 0.2445 0.2305 0.2305 0.2295 0.2295 0.228 0.228 0.228 0.2335 0.2335 0.2295 0.2295 0.234 0.234 0.2385 0.2385 0.2385 0.2465 0.2465 0.245 0.245 0.245 0.245 0.245 0.2395 0.2395 0.238 0.238 0.2335 0.2335 0.2335 0.22 0.22 0.219 0.219 0.22
-1 -1 -1 -1 -1 -1 -1 -1 -1 -1 -1 -1 -1 -1 -1 -1 -1 -1 -1 -1 -1 -1 -1 9.999983e-005 9.999983e-005 0.1925 0.1925 0.1925 0.262 0.262 0.248 0.248 0.228 0.228 0.228 0.227 0.227 0.2355 0.2355 0.2445 0.2445 0.2445 0.2305 0.2305 0.2295 0.2295 0.228 0.228 0.228 0.2335 0.2335 0.2295 0.2295 0.234 0.234 0.2385 0.2385 0.2385 0.2465 0.2465 0.245 0.245 0.245 0.245 0.245 0.2395 0.2395 0.238 0.238 0.2335 0.2335 0.2335 0.22 0.22 0.219 0.219 0.22
-1 -1 -1 -1 -1 -1 -1 -1 -1 -1 -1 -1 -1 -1 -1 -1 -1 -1 -1 -1 -1 -1 -1 9.999983e-005 9.999983e-005 0.1925 0.1925 0.1925 0.262 0.262 0.248 0.248 0.228 0.228 0.228 0.227 0.227 0.2355 0.2355 0.2445 0.2445 0.2445 0.2305 0.2305 0.2295 0.2295 0.228 0.228 0.228 0.2335 0.2335 0.2295 0.2295 0.234 0.234 0.2385 0.2385 0.2385 0.2465 0.2465 0.245 0.245 0.245 0.245 0.245 0.2395 0.2395 0.238 0.238 0.2335 0.2335 0.2335 0.22 0.22 0.219 0.219 0.22
-1 -1 -1 -1 -1 -1 -1 -1 -1 -1 -1 -1 -1 -1 -1 -1 -1 -1 -1 -1 -1 0.0337 0.0337 0.1585 0.1585 0.2985 0.2985 0.2985 0.2625 0.2625 0.2415 0.2415 0.236 0.236 0.236 0.239 0.239 0.2365 0.2365 0.2415 0.2415 0.2415 0.238 0.238 0.2375 0.2375 0.23 0.23 0.23 0.2265 0.2265 0.232 0.232 0.2295 0.2295 0.235 0.235 0.235 0.237 0.237 0.2405 0.2405 0.2405 0.2405 0.2405 0.2415 0.2415 0.2455 0.2455 0.24 0.24 0.24 0.236 0.236 0.2205 0.2205 0.217
-1 -1 -1 -1 -1 -1 -1 -1 -1 -1 -1 -1 -1 -1 -1 -1 -1 -1 -1 -1 -1 0.0337 0.0337 0.1585 0.1585 0.2985 0.2985 0.2985 0.2625 0.2625 0.2415 0.2415 0.236 0.236 0.236 0.239 0.239 0.2365 0.2365 0.2415 0.2415 0.2415 0.238 0.238 0.2375 0.2375 0.23 0.23 0.23 0.2265 0.2265 0.232 0.232 0.2295 0.2295 0.235 0.235 0.235 0.237 0.237 0.2405 0.2405 0.2405 0.2405 0.2405 0.2415 0.2415 0.2455 0.2455 0.24 0.24 0.24 0.236 0.236 0.2205 0.2205 0.217
-1 -1 -1 -1 -1 -1 -1 -1 -1 -1 -1 -1 -1 -1 -1 -1 -1 -1 -1 -1 -1 0.101 0.101 0.2815 0.2815 0.255 0.255 0.255 0.2565 0.2565 0.2465 0.2465 0.2425 0.2425 0.2425 0.246 0.246 0.2425 0.2425 0.2445 0.2445 0.2445 0.239 0.239 0.25 0.25 0.2485 0.2485 0.2485 0.242 0.242 0.24 0.24 0.2255 0.2255 0.229 0.229 0.229 0.2295 0.2295 0.2445 0.2445 0.2445 0.2445 0.2445 0.2395 0.2395 0.2555 0.2555 0.2455 0.2455 0.2455 0.2395 0.2395 0.2325 0.2325 0.223
-1 -1 -1 -1 -1 -1 -1 -1 -1 -1 -1 -1 -1 -1 -1 -1 -1 -1 -1 -1 -1 0.101 0.101 0.2815 0.2815 0.255 0.255 0.255 0.2565 0.2565 0.2465 0.2465 0.2425 0.2425 0.2425 0.246 0.246 0.2425 0.2425 0.2445 0.2445 0.2445 0.239 0.239 0.25 0.25 0.2485 0.2485 0.2485 0.242 0.242 0.24 0.24 0.2255 0.2255 0.229 0.229 0.229 0.2295 0.2295 0.2445 0.2445 0.2445 0.2445 0.2445 0.2395 0.2395 0.2555 0.2555 0.2455 0.2455 0.2455 0.2395 0.2395 0.2325 0.2325 0.223
-1 -1 -1 -1 -1 -1 -1 -1 -1 -1 -1 -1 -1 -1 -1 -1 -1 -1 0.1105 0.1105 0.1105 0.267 0.267 0.2795 0.2795 0.2695 0.2695 0.2695 0.265 0.265 0.26 0.26 0.245 0.245 0.245 0.251 0.251 0.243 0.243 0.2485 0.2485 0.2485 0.2515 0.2515 0.2485 0.2485 0.249 0.249 0.249 0.2475 0.2475 0.249 0.249 0.236 0.236 0.2275 0.2275 0.2275 0.2325 0.2325 0.231 0.231 0.231 0.231 0.231 0.235 0.235 0.237 0.237 0.244 0.244 0.244 0.231 0.231 0.2245 0.2245 0.234
-1 -1 -1 -1 -1 -1 -1 -1 -1 -1 -1 -1 -1 -1 -1 -1 -1 -1 0.1105 0.1105 0.1105 0.267 0.267 0.2795 0.2795 0.2695 0.2695 0.2695 0.265 0.265 0.26 0.26 0.245 0.245 0.245 0.251 0.251 0.243 0.243 0.2485 0.2485 0.2485 0.2515 0.2515 0.2485 0.2485 0.249 0.249 0.249 0.2475 0.2475 0.249 0.249 0.236 0.236 0.2275 0.2275 0.2275 0.2325 0.2325 0.231 0.231 0.231 0.231 0.231 0.235 0.235 0.237 0.237 0.244 0.244 0.244 0.231 0.231 0.2245 0.2245 0.234
-1 -1 -1 -1 -1 -1 -1 -1 -1 -1 -1 -1 -1 -1 -1 -1 -1 -1 0.1105 0.1105 0.1105 0.267 0.267 0.2795 0.2795 0.2695 0.2695 0.2695 0.265 0.265 0.26 0.26 0.245 0.245 0.245 0.251 0.251 0.243 0.243 0.2485 0.2485 0.2485 0.2515 0.2515 0.2485 0.2485 0.249 0.249 0.249 0.2475 0.2475 0.249 0.249 0.236 0.236 0.2275 0.2275 0.2275 0.2325 0.2325 0.231 0.231 0.231 0.231 0.231 0.235 0.235 0.237 0.237 0.244 0.244 0.244 0.231 0.231 0.2245 0.2245 0.234
-1 -1 -1 -1 -1 -1 -1 -1 -1 -1 -1 -1 -1 -1 -1 -1 0.1452 0.1452 0.292 0.292 0.292 0.284 0.284 0.27 0.27 0.272 0.272 0.272 0.2785 0.2785 0.2695 0.2695 0.259 0.259 0.259 0.255 0.255 0.24 0.24 0.247 0.247 0.247 0.2425 0.2425 0.2365 0.2365 0.235 0.235 0.235 0.2425 0.2425 0.2375 0.2375 0.233 0.233 0.2365 0.2365 0.2365 0.2445 0.2445 0.2415 0.2415 0.2415 0.2415 0.2415 0.2375 0.2375 0.228 0.228 0.227 0.227 0.227 0.24 0.24 0.2345 0.2345 0.229
-1 -1 -1 -1 -1 -1 -1 -1 -1 -1 -1 -1 -1 -1 -1 -1 0.1452 0.1452 0.292 0.292 0.292 0.284 0.284 0.27 0.27 0.272 0.272 0.272 0.2785 0.2785 0.2695 0.2695 0.259 0.259 0.259 0.255 0.255 0.24 0.24 0.247 0.247 0.247 0.2425 0.2425 0.2365 0.2365 0.235 0.235 0.235 0.2425 0.2425 0.2375 0.2375 0.233 0.233 0.2365 0.2365 0.2365 0.2445 0.2445 0.2415 0.2415 0.2415 0.2415 0.2415 0.2375 0.2375 0.228 0.228 0.227 0.227 0.227 0.24 0.24 0.2345 0.2345 0.229
-1 -1 -1 -1 -1 -1 -1 -1 -1 -1 -1 -1 0.1272 0.1272 0.152 0.152 0.178 0.178 0.286 0.286 0.286 0.274 0.274 0.2745 0.2745 0.275 0.275 0.275 0.272 0.272 0.2815 0.2815 0.256 0.256 0.256 0.263 0.263 0.2575 0.2575 0.2545 0.2545 0.2545 0.2515 0.2515 0.2425 0.2425 0.2375 0.2375 0.2375 0.2305 0.2305 0.227 0.227 0.232 0.232 0.238 0.238 0.238 0.2395 0.2395 0.2415 0.2415 0.2415 0.2415 0.2415 0.239 0.239 0.231 0.231 0.223 0.223 0.223 0.2315 0.2315 0.2335 0.2335 0.2415
-1 -1 -1 -1 -1 -1 -1 -1 -1 -1 -1 -1 0.1272 0.1272 0.152 0.152 0.178 0.178 0.286 0.286 0.286 0.274 0.274 0.2745 0.2745 0.275 0.275 0.275 0.272 0.272 0.2815 0.2815 0.256 0.256 0.256 0.263 0.263 0.2575 0.2575 0.2545 0.2545 0.2545 0.2515 0.2515 0.2425 0.2425 0.2375 0.2375 0.2375 0.2305 0.2305 0.227 0.227 0.232 0.232 0.238 0.238 0.238 0.2395 0.2395 0.2415 0.2415 0.2415 0.2415 0.2415 0.239 0.239 0.231 0.231 0.223 0.223 0.223 0.2315 0.2315 0.2335 0.2335 0.2415
-1 -1 -1 -1 -1 -1 -1 -1 -1 0.1615 0.1615 0.1615 0.126 0.126 0.1516 0.1516 0.1315 0.1315 0.058 0.058 0.058 0.2475 0.2475 0.2705 0.2705 0.283 0.283 0.283 0.2895 0.2895 0.2825 0.2825 0.2665 0.2665 0.2665 0.2625 0.2625 0.261 0.261 0.244 0.244 0.244 0.2465 0.2465 0.234 0.234 0.2345 0.2345 0.2345 0.238 0.238 0.2315 0.2315 0.2275 0.2275 0.2275 0.2275 0.2275 0.237 0.237 0.2425 0.2425 0.2425 0.2425 0.2425 0.2375 0.2375 0.2315 0.2315 0.2335 0.2335 0.2335 0.2345 0.2345 0.2335 0.2335 0.229
-1 -1 -1 -1 -1 -1 -1 -1 -1 0.1615 0.1615 0.1615 0.126 0.126 0.1516 0.1516 0.1315 0.1315 0.058 0.058 0.058 0.2475 0.2475 0.2705 0.2705 0.283 0.283 0.283 0.2895 0.2895 0.2825 0.2825 0.2665 0.2665 0.2665 0.2625 0.2625 0.261 0.261 0.244 0.244 0.244 0.2465 0.2465 0.234 0.234 0.2345 0.2345 0.2345 0.238 0.238 0.2315 0.2315 0.2275 0.2275 0.2275 0.2275 0.2275 0.237 0.237 0.2425 0.2425 0.2425 0.2425 0.2425 0.2375 0.2375 0.2315 0.2315 0.2335 0.2335 0.2335 0.2345 0.2345 0.2335 0.2335 0.229
-1 -1 -1 -1 -1 -1 -1 -1 -1 0.1615 0.1615 0.1615 0.126 0.126 0.1516 0.1516 0.1315 0.1315 0.058 0.058 0.058 0.2475 0.2475 0.2705 0.2705 0.283 0.283 0.283 0.2895 0.2895 0.2825 0.2825 0.2665 0.2665 0.2665 0.2625 0.2625 0.261 0.261 0.244 0.244 0.244 0.2465 0.2465 0.234 0.234 0.2345 0.2345 0.2345 0.238 0.238 0.2315 0.2315 0.2275 0.2275 0.2275 0.2275 0.2275 0.237 0.237 0.2425 0.2425 0.2425 0.2425 0.2425 0.2375 0.2375 0.2315 0.2315 0.2335 0.2335 0.2335 0.2345 0.2345 0.2335 0.2335 0.229
-1 -1 -1 -1 -1 -1 -1 -1 -1 -1 -1 -1 0.1167 0.1167 0.1487 0.1487 0.1702 0.1702 0.17 0.17 0.17 0.2205 0.2205 0.2525 0.2525 0.279 0.279 0.279 0.2835 0.2835 0.279 0.279 0.262 0.262 0.262 0.2435 0.2435 0.2465 0.2465 0.24 0.24 0.24 0.2415 0.2415 0.2415 0.2415 0.2485 0.2485 0.2485 0.236 0.236 0.2315 0.2315 0.228 0.228 0.2275 0.2275 0.2275 0.2315 0.2315 0.2275 0.2275 0.2275 0.2275 0.2275 0.2255 0.2255 0.2245 0.2245 0.2255 0.2255 0.2255 0.2525 0.2525 0.243 0.243 0.2305
-1 -1 -1 -1 -1 -1 -1 -1 -1 -1 -1 -1 0.1167 0.1167 0.1487 0.1487 0.1702 0.1702 0.17 0.17 0.17 0.2205 0.2205 0.2525 0.2525 0.279 0.279 0.279 0.2835 0.2835 0.279 0.279 0.262 0.262 0.262 0.2435 0.2435 0.2465 0.2465 0.24 0.24 0.24 0.2415 0.2415 0.2415 0.2415 0.2485 0.2485 0.2485 0.236 0.236 0.2315 0.2315 0.228 0.228 0.2275 0.2275 0.2275 0.2315 0.2315 0.2275 0.2275 0.2275 0.2275 0.2275 0.2255 0.2255 0.2245 0.2245 0.2255 0.2255 0.2255 0.2525 0.2525 0.243 0.243 0.2305
-1 -1 -1 -1 -1 -1 -1 -1 -1 -1 -1 -1 -1 -1 -1 -1 -1 -1 0.3621 0.3621 0.3621 0.214 0.214 0.236 0.236 0.2655 0.2655 0.2655 0.278 0.278 0.277 0.277 0.2535 0.2535 0.2535 0.245 0.245 0.241 0.241 0.236 0.236 0.236 0.2385 0.2385 0.241 0.241 0.248 0.248 0.248 0.252 0.252 0.243 0.243 0.232 0.232 0.2275 0.2275 0.2275 0.2325 0.2325 0.2305 0.2305 0.2305 0.2305 0.2305 0.2275 0.2275 0.2155 0.2155 0.2395 0.2395 0.2395 0.256 0.256 0.2435 0.2435 0.2305
-1 -1 -1 -1 -1 -1 -1 -1 -1 -1 -1 -1 -1 -1 -1 -1 -1 -1 0.3621 0.3621 0.3621 0.214 0.214 0.236 0.236 0.2655 0.2655 0.2655 0.278 0.278 0.277 0.277 0.2535 0.2535 0.2535 0.245 0.245 0.241 0.241 0.236 0.236 0.236 0.2385 0.2385 0.241 0.241 0.248 0.248 0.248 0.252 0.252 0.243 0.243 0.232 0.232 0.2275 0.2275 0.2275 0.2325 0.2325 0.2305 0.2305 0.2305 0.2305 0.2305 0.2275 0.2275 0.2155 0.2155 0.2395 0.2395 0.2395 0.256 0.256 0.2435 0.2435 0.2305
-1 -1 -1 -1 -1 -1 -1 -1 -1 -1 -1 -1 -1 -1 -1 -1 -1 -1 -1 -1 -1 0.1722 0.1722 0.1095 0.1095 0.265 0.265 0.265 0.2735 0.2735 0.27 0.27 0.26 0.26 0.26 0.2445 0.2445 0.2445 0.2445 0.23 0.23 0.23 0.241 0.241 0.2395 0.2395 0.2485 0.2485 0.2485 0.2465 0.2465 0.2475 0.2475 0.247 0.247 0.2535 0.2535 0.2535 0.244 0.244 0.236 0.236 0.236 0.236 0.236 0.2225 0.2225 0.2255 0.2255 0.233 0.233 0.233 0.236 0.236 0.2465 0.2465 0.252
-1 -1 -1 -1 -1 -1 -1 -1 -1 -1 -1 -1 -1 -1 -1 -1 -1 -1 -1 -1 -1 0.1722 0.1722 0.1095 0.1095 0.265 0.265 0.265 0.2735 0.2735 0.27 0.27 0.26 0.26 0.26 0.2445 0.2445 0.2445 0.2445 0.23 0.23 0.23 0.241 0.241 0.2395 0.2395 0.2485 0.2485 0.2485 0.2465 0.2465 0.2475 0.2475 0.247 0.247 0.2535 0.2535 0.2535 0.244 0.244 0.236 0.236 0.236 0.236 0.236 0.2225 0.2225 0.2255 0.2255 0.233 0.233 0.233 0.236 0.236 0.2465 0.2465 0.252
-1 -1 -1 -1 -1 -1 -1 -1 -1 -1 -1 -1 -1 -1 -1 -1 -1 -1 -1 -1 -1 0.1467 0.1467 0.1755 0.1755 0.195 0.195 0.195 0.267 0.267 0.2745 0.2745 0.2645 0.2645 0.2645 0.2705 0.2705 0.2425 0.2425 0.209 0.209 0.209 0.2 0.2 0.22 0.22 0.2405 0.2405 0.2405 0.24 0.24 0.245 0.245 0.2565 0.2565 0.254 0.254 0.254 0.2515 0.2515 0.234 0.234 0.234 0.234 0.234 0.2335 0.2335 0.234 0.234 0.249 0.249 0.249 0.2355 0.2355 0.2455 0.2455 0.2465
-1 -1 -1 -1 -1 -1 -1 -1 -1 -1 -1 -1 -1 -1 -1 -1 -1 -1 -1 -1 -1 0.1467 0.1467 0.1755 0.1755 0.195 0.195 0.195 0.267 0.267 0.2745 0.2745 0.2645 0.2645 0.2645 0.2705 0.2705 0.2425 0.2425 0.209 0.209 0.209 0.2 0.2 0.22 0.22 0.2405 0.2405 0.2405 0.24 0.24 0.245 0.245 0.2565 0.2565 0.254 0.254 0.254 0.2515 0.2515 0.234 0.234 0.234 0.234 0.234 0.2335 0.2335 0.234 0.234 0.249 0.249 0.249 0.2355 0.2355 0.2455 0.2455 0.2465
-1 -1 -1 -1 -1 -1 -1 -1 -1 -1 -1 -1 -1 -1 -1 -1 -1 -1 -1 -1 -1 0.1467 0.1467 0.1755 0.1755 0.195 0.195 0.195 0.267 0.267 0.2745 0.2745 0.2645 0.2645 0.2645 0.2705 0.2705 0.2425 0.2425 0.209 0.209 0.209 0.2 0.2 0.22 0.22 0.2405 0.2405 0.2405 0.24 0.24 0.245 0.245 0.2565 0.2565 0.254 0.254 0.254 0.2515 0.2515 0.234 0.234 0.234 0.234 0.234 0.2335 0.2335 0.234 0.234 0.249 0.249 0.249 0.2355 0.2355 0.2455 0.2455 0.2465
-1 -1 -1 -1 -1 -1 -1 -1 -1 -1 -1 -1 -1 -1 -1 -1 -1 -1 -1 -1 -1 -1 -1 0.1751 0.1751 0.06550001 0.06550001 0.06550001 0.266 0.266 0.28 0.28 0.269 0.269 0.269 0.2535 0.2535 0.199 0.199 0.1495 0.1495 0.1495 0.206 0.206 0.226 0.226 0.225 0.225 0.225 0.248 0.248 0.262 0.262 0.25 0.25 0.251 0.251 0.251 0.254 0.254 0.242 0.242 0.242 0.242 0.242 0.2455 0.2455 0.2555 0.2555 0.2505 0.2505 0.2505 0.2425 0.2425 0.2575 0.2575 0.254
-1 -1 -1 -1 -1 -1 -1 -1 -1 -1 -1 -1 -1 -1 -1 -1 -1 -1 -1 -1 -1 -1 -1 0.1751 0.1751 0.06550001 0.06550001 0.06550001 0.266 0.266 0.28 0.28 0.269 0.269 0.269 0.2535 0.2535 0.199 0.199 0.1495 0.1495 0.1495 0.206 0.206 0.226 0.226 0.225 0.225 0.225 0.248 0.248 0.262 0.262 0.25 0.25 0.251 0.251 0.251 0.254 0.254 0.242 0.242 0.242 0.242 0.242 0.2455 0.2455 0.2555 0.2555 0.2505 0.2505 0.2505 0.2425 0.2425 0.2575 0.2575 0.254
-1 -1 -1 -1 -1 -1 -1 -1 -1 -1 -1 -1 -1 -1 -1 -1 -1 -1 -1 -1 -1 -1 -1 -1 -1 0.0885 0.0885 0.0885 0.159 0.159 0.2615 0.2615 0.281 0.281 0.281 0.1685 0.1685 0.134 0.134 0.1395 0.1395 0.1395 0.228 0.228 0.2075 0.2075 0.243 0.243 0.243 0.2295 0.2295 0.253 0.253 0.2535 0.2535 0.2405 0.2405 0.2405 0.239 0.239 0.241 0.241 0.241 0.241 0.241 0.2315 0.2315 0.2475 0.2475 0.254 0.254 0.254 0.251 0.251 0.2575 0.2575 0.259
-1 -1 -1 -1 -1 -1 -1 -1 -1 -1 -1 -1 -1 -1 -1 -1 -1 -1 -1 -1 -1 -1 -1 -1 -1 0.0885 0.0885 0.0885 0.159 0.159 0.2615 0.2615 0.281 0.281 0.281 0.1685 0.1685 0.134 0.134 0.1395 0.1395 0.1395 0.228 0.228 0.2075 0.2075 0.243 0.243 0.243 0.2295 0.2295 0.253 0.253 0.2535 0.2535 0.2405 0.2405 0.2405 0.239 0.239 0.241 0.241 0.241 0.241 0.241 0.2315 0.2315 0.2475 0.2475 0.254 0.254 0.254 0.251 0.251 0.2575 0.2575 0.259
-1 -1 -1 -1 -1 -1 -1 -1 -1 -1 -1 -1 -1 -1 -1 -1 -1 -1 -1 -1 -1 -1 -1 -1 -1 0.0941 0.0941 0.0941 0.0895 0.0895 0.2055 0.2055 0.214 0.214 0.214 0.2025 0.2025 0.182 0.182 0.2375 0.2375 0.2375 0.257 0.257 0.265 0.265 0.2505 0.2505 0.2505 0.187 0.187 0.244 0.244 0.243 0.243 0.2345 0.2345 0.2345 0.2455 0.2455 0.246 0.246 0.246 0.246 0.246 0.2445 0.2445 0.237 0.237 0.233 0.233 0.233 0.24 0.24 0.2355 0.2355 0.2355
-1 -1 -1 -1 -1 -1 -1 -1 -1 -1 -1 -1 -1 -1 -1 -1 -1 -1 -1 -1 -1 -1 -1 -1 -1 0.0941 0.0941 0.0941 0.0895 0.0895 0.2055 0.2055 0.214 0.214 0.214 0.2025 0.2025 0.182 0.182 0.2375 0.2375 0.2375 0.257 0.257 0.265 0.265 0.2505 0.2505 0.2505 0.187 0.187 0.244 0.244 0.243 0.243 0.2345 0.2345 0.2345 0.2455 0.2455 0.246 0.246 0.246 0.246 0.246 0.2445 0.2445 0.237 0.237 0.233 0.233 0.233 0.24 0.24 0.2355 0.2355 0.2355
-1 -1 -1 -1 -1 -1 -1 -1 -1 -1 -1 -1 -1 -1 -1 -1 -1 -1 -1 -1 -1 -1 -1 -1 -1 0.0941 0.0941 0.0941 0.0895 0.0895 0.2055 0.2055 0.214 0.214 0.214 0.2025 0.2025 0.182 0.182 0.2375 0.2375 0.2375 0.257 0.257 0.265 0.265 0.2505 0.2505 0.2505 0.187 0.187 0.244 0.244 0.243 0.243 0.2345 0.2345 0.2345 0.2455 0.2455 0.246 0.246 0.246 0.246 0.246 0.2445 0.2445 0.237 0.237 0.233 0.233 0.233 0.24 0.24 0.2355 0.2355 0.2355
