ndvi/NOAA-200.asc
ncols         252
nrows         154
xllcorner     -18.017974
yllcorner     13.481982
cellsize      0.035948
NODATA_value  -9999
[rows 34 to 67 of 154, columns 154 to 230 of 252]
0.1285 0.148 0.148 0.1435 0.1435 0.1435 0.1545 0.1545 0.1335 0.1335 0.135 0.135 0.128 0.128 0.128 0.1295 0.1295 0.1255 0.1255 0.1235 0.1235 0.1235 0.118 0.118 0.1435 0.1435 0.1355 0.1355 0.1355 0.138 0.138 0.136 0.136 0.139 0.139 0.139 0.133 0.133 0.1255 0.1255 0.129 0.129 0.129 0.126 0.126 0.1215 0.1215 0.1275 0.1275 0.1255 0.1255 0.1255 0.126 0.126 0.124 0.124 0.1265 0.1265 0.1265 0.1095 0.1095 0.1005 0.1005 0.1015 0.1015 0.1015 0.09999999 0.09999999 0.0985 0.0985 0.1035 0.1035 0.1035 0.099 0.099 0.0945 0.0945
0.1285 0.148 0.148 0.1435 0.1435 0.1435 0.1545 0.1545 0.1335 0.1335 0.135 0.135 0.128 0.128 0.128 0.1295 0.1295 0.1255 0.1255 0.1235 0.1235 0.1235 0.118 0.118 0.1435 0.1435 0.1355 0.1355 0.1355 0.138 0.138 0.136 0.136 0.139 0.139 0.139 0.133 0.133 0.1255 0.1255 0.129 0.129 0.129 0.126 0.126 0.1215 0.1215 0.1275 0.1275 0.1255 0.1255 0.1255 0.126 0.126 0.124 0.124 0.1265 0.1265 0.1265 0.1095 0.1095 0.1005 0.1005 0.1015 0.1015 0.1015 0.09999999 0.09999999 0.0985 0.0985 0.1035 0.1035 0.1035 0.099 0.099 0.0945 0.0945
0.1285 0.148 0.148 0.1435 0.1435 0.1435 0.1545 0.1545 0.1335 0.1335 0.135 0.135 0.128 0.128 0.128 0.1295 0.1295 0.1255 0.1255 0.1235 0.1235 0.1235 0.118 0.118 0.1435 0.1435 0.1355 0.1355 0.1355 0.138 0.138 0.136 0.136 0.139 0.139 0.139 0.133 0.133 0.1255 0.1255 0.129 0.129 0.129 0.126 0.126 0.1215 0.1215 0.1275 0.1275 0.1255 0.1255 0.1255 0.126 0.126 0.124 0.124 0.1265 0.1265 0.1265 0.1095 0.1095 0.1005 0.1005 0.1015 0.1015 0.1015 0.09999999 0.09999999 0.0985 0.0985 0.1035 0.1035 0.1035 0.099 0.099 0.0945 0.0945
0.1545 0.145 0.145 0.165 0.165 0.165 0.147 0.147 0.141 0.141 0.1375 0.1375 0.14 0.14 0.14 0.13 0.13 0.134 0.134 0.1225 0.1225 0.1225 0.1295 0.1295 0.1365 0.1365 0.147 0.147 0.147 0.1515 0.1515 0.1405 0.1405 0.1335 0.1335 0.1335 0.125 0.125 0.128 0.128 0.1345 0.1345 0.1345 0.13 0.13 0.128 0.128 0.139 0.139 0.1235 0.1235 0.1235 0.1255 0.1255 0.128 0.128 0.132 0.132 0.132 0.1195 0.1195 0.115 0.115 0.1025 0.1025 0.1025 0.099 0.099 0.1 0.1 0.106 0.106 0.106 0.1045 0.1045 0.1035 0.1035
0.1545 0.145 0.145 0.165 0.165 0.165 0.147 0.147 0.141 0.141 0.1375 0.1375 0.14 0.14 0.14 0.13 0.13 0.134 0.134 0.1225 0.1225 0.1225 0.1295 0.1295 0.1365 0.1365 0.147 0.147 0.147 0.1515 0.1515 0.1405 0.1405 0.1335 0.1335 0.1335 0.125 0.125 0.128 0.128 0.1345 0.1345 0.1345 0.13 0.13 0.128 0.128 0.139 0.139 0.1235 0.1235 0.1235 0.1255 0.1255 0.128 0.128 0.132 0.132 0.132 0.1195 0.1195 0.115 0.115 0.1025 0.1025 0.1025 0.099 0.099 0.1 0.1 0.106 0.106 0.106 0.1045 0.1045 0.1035 0.1035
0.146 0.177 0.177 0.1455 0.1455 0.1455 0.141 0.141 0.133 0.133 0.135 0.135 0.1455 0.1455 0.1455 0.137 0.137 0.133 0.133 0.1305 0.1305 0.1305 0.142 0.142 0.1515 0.1515 0.1645 0.1645 0.1645 0.156 0.156 0.148 0.148 0.1415 0.1415 0.1415 0.134 0.134 0.137 0.137 0.1335 0.1335 0.1335 0.1275 0.1275 0.1375 0.1375 0.139 0.139 0.132 0.132 0.132 0.1325 0.1325 0.131 0.131 0.134 0.134 0.134 0.1305 0.1305 0.129 0.129 0.107 0.107 0.107 0.101 0.101 0.1035 0.1035 0.108 0.108 0.108 0.105 0.105 0.1035 0.1035
0.146 0.177 0.177 0.1455 0.1455 0.1455 0.141 0.141 0.133 0.133 0.135 0.135 0.1455 0.1455 0.1455 0.137 0.137 0.133 0.133 0.1305 0.1305 0.1305 0.142 0.142 0.1515 0.1515 0.1645 0.1645 0.1645 0.156 0.156 0.148 0.148 0.1415 0.1415 0.1415 0.134 0.134 0.137 0.137 0.1335 0.1335 0.1335 0.1275 0.1275 0.1375 0.1375 0.139 0.139 0.132 0.132 0.132 0.1325 0.1325 0.131 0.131 0.134 0.134 0.134 0.1305 0.1305 0.129 0.129 0.107 0.107 0.107 0.101 0.101 0.1035 0.1035 0.108 0.108 0.108 0.105 0.105 0.1035 0.1035
0.1455 0.159 0.159 0.1465 0.1465 0.1465 0.131 0.131 0.126 0.126 0.1295 0.1295 0.128 0.128 0.128 0.134 0.134 0.147 0.147 0.1325 0.1325 0.1325 0.1655 0.1655 0.1615 0.1615 0.149 0.149 0.149 0.1615 0.1615 0.157 0.157 0.147 0.147 0.147 0.1475 0.1475 0.1505 0.1505 0.132 0.132 0.132 0.139 0.139 0.135 0.135 0.1345 0.1345 0.1375 0.1375 0.1375 0.1375 0.1375 0.1455 0.1455 0.139 0.139 0.139 0.135 0.135 0.146 0.146 0.1415 0.1415 0.1415 0.1285 0.1285 0.121 0.121 0.1175 0.1175 0.1175 0.1185 0.1185 0.109 0.109
0.1455 0.159 0.159 0.1465 0.1465 0.1465 0.131 0.131 0.126 0.126 0.1295 0.1295 0.128 0.128 0.128 0.134 0.134 0.147 0.147 0.1325 0.1325 0.1325 0.1655 0.1655 0.1615 0.1615 0.149 0.149 0.149 0.1615 0.1615 0.157 0.157 0.147 0.147 0.147 0.1475 0.1475 0.1505 0.1505 0.132 0.132 0.132 0.139 0.139 0.135 0.135 0.1345 0.1345 0.1375 0.1375 0.1375 0.1375 0.1375 0.1455 0.1455 0.139 0.139 0.139 0.135 0.135 0.146 0.146 0.1415 0.1415 0.1415 0.1285 0.1285 0.121 0.121 0.1175 0.1175 0.1175 0.1185 0.1185 0.109 0.109
0.1455 0.159 0.159 0.1465 0.1465 0.1465 0.131 0.131 0.126 0.126 0.1295 0.1295 0.128 0.128 0.128 0.134 0.134 0.147 0.147 0.1325 0.1325 0.1325 0.1655 0.1655 0.1615 0.1615 0.149 0.149 0.149 0.1615 0.1615 0.157 0.157 0.147 0.147 0.147 0.1475 0.1475 0.1505 0.1505 0.132 0.132 0.132 0.139 0.139 0.135 0.135 0.1345 0.1345 0.1375 0.1375 0.1375 0.1375 0.1375 0.1455 0.1455 0.139 0.139 0.139 0.135 0.135 0.146 0.146 0.1415 0.1415 0.1415 0.1285 0.1285 0.121 0.121 0.1175 0.1175 0.1175 0.1185 0.1185 0.109 0.109
0.138 0.158 0.158 0.168 0.168 0.168 0.1395 0.1395 0.1335 0.1335 0.151 0.151 0.155 0.155 0.155 0.154 0.154 0.198 0.198 0.18 0.18 0.18 0.1805 0.1805 0.1655 0.1655 0.186 0.186 0.186 0.1745 0.1745 0.1855 0.1855 0.178 0.178 0.178 0.1575 0.1575 0.1475 0.1475 0.14 0.14 0.14 0.1435 0.1435 0.1435 0.1435 0.158 0.158 0.152 0.152 0.152 0.151 0.151 0.157 0.157 0.1525 0.1525 0.1525 0.1415 0.1415 0.147 0.147 0.1505 0.1505 0.1505 0.1305 0.1305 0.125 0.125 0.126 0.126 0.126 0.1265 0.1265 0.12 0.12
0.138 0.158 0.158 0.168 0.168 0.168 0.1395 0.1395 0.1335 0.1335 0.151 0.151 0.155 0.155 0.155 0.154 0.154 0.198 0.198 0.18 0.18 0.18 0.1805 0.1805 0.1655 0.1655 0.186 0.186 0.186 0.1745 0.1745 0.1855 0.1855 0.178 0.178 0.178 0.1575 0.1575 0.1475 0.1475 0.14 0.14 0.14 0.1435 0.1435 0.1435 0.1435 0.158 0.158 0.152 0.152 0.152 0.151 0.151 0.157 0.157 0.1525 0.1525 0.1525 0.1415 0.1415 0.147 0.147 0.1505 0.1505 0.1505 0.1305 0.1305 0.125 0.125 0.126 0.126 0.126 0.1265 0.1265 0.12 0.12
0.165 0.176 0.176 0.1915 0.1915 0.1915 0.201 0.201 0.21 0.21 0.2145 0.2145 0.2135 0.2135 0.2135 0.2095 0.2095 0.2115 0.2115 0.2335 0.2335 0.2335 0.192 0.192 0.167 0.167 0.183 0.183 0.183 0.195 0.195 0.199 0.199 0.187 0.187 0.187 0.169 0.169 0.1705 0.1705 0.1615 0.1615 0.1615 0.171 0.171 0.169 0.169 0.1655 0.1655 0.166 0.166 0.166 0.1455 0.1455 0.1485 0.1485 0.151 0.151 0.151 0.1495 0.1495 0.1505 0.1505 0.151 0.151 0.151 0.14 0.14 0.1255 0.1255 0.134 0.134 0.134 0.133 0.133 0.135 0.135
0.165 0.176 0.176 0.1915 0.1915 0.1915 0.201 0.201 0.21 0.21 0.2145 0.2145 0.2135 0.2135 0.2135 0.2095 0.2095 0.2115 0.2115 0.2335 0.2335 0.2335 0.192 0.192 0.167 0.167 0.183 0.183 0.183 0.195 0.195 0.199 0.199 0.187 0.187 0.187 0.169 0.169 0.1705 0.1705 0.1615 0.1615 0.1615 0.171 0.171 0.169 0.169 0.1655 0.1655 0.166 0.166 0.166 0.1455 0.1455 0.1485 0.1485 0.151 0.151 0.151 0.1495 0.1495 0.1505 0.1505 0.151 0.151 0.151 0.14 0.14 0.1255 0.1255 0.134 0.134 0.134 0.133 0.133 0.135 0.135
0.1755 0.1785 0.1785 0.1925 0.1925 0.1925 0.2165 0.2165 0.23 0.23 0.2345 0.2345 0.229 0.229 0.229 0.2205 0.2205 0.223 0.223 0.2225 0.2225 0.2225 0.197 0.197 0.2235 0.2235 0.23 0.23 0.23 0.2375 0.2375 0.215 0.215 0.201 0.201 0.201 0.1905 0.1905 0.1825 0.1825 0.189 0.189 0.189 0.1885 0.1885 0.1785 0.1785 0.168 0.168 0.172 0.172 0.172 0.157 0.157 0.157 0.157 0.1525 0.1525 0.1525 0.1575 0.1575 0.1555 0.1555 0.147 0.147 0.147 0.143 0.143 0.1375 0.1375 0.1305 0.1305 0.1305 0.142 0.142 0.139 0.139
0.1755 0.1785 0.1785 0.1925 0.1925 0.1925 0.2165 0.2165 0.23 0.23 0.2345 0.2345 0.229 0.229 0.229 0.2205 0.2205 0.223 0.223 0.2225 0.2225 0.2225 0.197 0.197 0.2235 0.2235 0.23 0.23 0.23 0.2375 0.2375 0.215 0.215 0.201 0.201 0.201 0.1905 0.1905 0.1825 0.1825 0.189 0.189 0.189 0.1885 0.1885 0.1785 0.1785 0.168 0.168 0.172 0.172 0.172 0.157 0.157 0.157 0.157 0.1525 0.1525 0.1525 0.1575 0.1575 0.1555 0.1555 0.147 0.147 0.147 0.143 0.143 0.1375 0.1375 0.1305 0.1305 0.1305 0.142 0.142 0.139 0.139
0.1755 0.1785 0.1785 0.1925 0.1925 0.1925 0.2165 0.2165 0.23 0.23 0.2345 0.2345 0.229 0.229 0.229 0.2205 0.2205 0.223 0.223 0.2225 0.2225 0.2225 0.197 0.197 0.2235 0.2235 0.23 0.23 0.23 0.2375 0.2375 0.215 0.215 0.201 0.201 0.201 0.1905 0.1905 0.1825 0.1825 0.189 0.189 0.189 0.1885 0.1885 0.1785 0.1785 0.168 0.168 0.172 0.172 0.172 0.157 0.157 0.157 0.157 0.1525 0.1525 0.1525 0.1575 0.1575 0.1555 0.1555 0.147 0.147 0.147 0.143 0.143 0.1375 0.1375 0.1305 0.1305 0.1305 0.142 0.142 0.139 0.139
0.1885 0.1785 0.1785 0.2205 0.2205 0.2205 0.2365 0.2365 0.2385 0.2385 0.249 0.249 0.2205 0.2205 0.2205 0.2495 0.2495 0.211 0.211 0.21 0.21 0.21 0.2185 0.2185 0.2205 0.2205 0.2455 0.2455 0.2455 0.249 0.249 0.2345 0.2345 0.212 0.212 0.212 0.1875 0.1875 0.1785 0.1785 0.198 0.198 0.198 0.194 0.194 0.1955 0.1955 0.1815 0.1815 0.1535 0.1535 0.1535 0.1545 0.1545 0.1665 0.1665 0.169 0.169 0.169 0.1805 0.1805 0.1755 0.1755 0.1545 0.1545 0.1545 0.151 0.151 0.142 0.142 0.128 0.128 0.128 0.1405 0.1405 0.1485 0.1485
0.1885 0.1785 0.1785 0.2205 0.2205 0.2205 0.2365 0.2365 0.2385 0.2385 0.249 0.249 0.2205 0.2205 0.2205 0.2495 0.2495 0.211 0.211 0.21 0.21 0.21 0.2185 0.2185 0.2205 0.2205 0.2455 0.2455 0.2455 0.249 0.249 0.2345 0.2345 0.212 0.212 0.212 0.1875 0.1875 0.1785 0.1785 0.198 0.198 0.198 0.194 0.194 0.1955 0.1955 0.1815 0.1815 0.1535 0.1535 0.1535 0.1545 0.1545 0.1665 0.1665 0.169 0.169 0.169 0.1805 0.1805 0.1755 0.1755 0.1545 0.1545 0.1545 0.151 0.151 0.142 0.142 0.128 0.128 0.128 0.1405 0.1405 0.1485 0.1485
0.1565 0.174 0.174 0.23 0.23 0.23 0.2615 0.2615 0.265 0.265 0.243 0.243 0.2405 0.2405 0.2405 0.2255 0.2255 0.201 0.201 0.207 0.207 0.207 0.2395 0.2395 0.26 0.26 0.268 0.268 0.268 0.286 0.286 0.298 0.298 0.2625 0.2625 0.2625 0.241 0.241 0.2015 0.2015 0.202 0.202 0.202 0.1885 0.1885 0.19 0.19 0.1895 0.1895 0.1635 0.1635 0.1635 0.167 0.167 0.1915 0.1915 0.202 0.202 0.202 0.2075 0.2075 0.1975 0.1975 0.2095 0.2095 0.2095 0.179 0.179 0.1835 0.1835 0.189 0.189 0.189 0.194 0.194 0.1755 0.1755
0.1565 0.174 0.174 0.23 0.23 0.23 0.2615 0.2615 0.265 0.265 0.243 0.243 0.2405 0.2405 0.2405 0.2255 0.2255 0.201 0.201 0.207 0.207 0.207 0.2395 0.2395 0.26 0.26 0.268 0.268 0.268 0.286 0.286 0.298 0.298 0.2625 0.2625 0.2625 0.241 0.241 0.2015 0.2015 0.202 0.202 0.202 0.1885 0.1885 0.19 0.19 0.1895 0.1895 0.1635 0.1635 0.1635 0.167 0.167 0.1915 0.1915 0.202 0.202 0.202 0.2075 0.2075 0.1975 0.1975 0.2095 0.2095 0.2095 0.179 0.179 0.1835 0.1835 0.189 0.189 0.189 0.194 0.194 0.1755 0.1755
0.145 0.167 0.167 0.243 0.243 0.243 0.2575 0.2575 0.267 0.267 0.227 0.227 0.2205 0.2205 0.2205 0.2265 0.2265 0.2435 0.2435 0.2565 0.2565 0.2565 0.258 0.258 0.273 0.273 0.2725 0.2725 0.2725 0.286 0.286 0.312 0.312 0.2875 0.2875 0.2875 0.275 0.275 0.276 0.276 0.223 0.223 0.223 0.2005 0.2005 0.192 0.192 0.1835 0.1835 0.1855 0.1855 0.1855 0.183 0.183 0.192 0.192 0.2165 0.2165 0.2165 0.2205 0.2205 0.2275 0.2275 0.2125 0.2125 0.2125 0.1975 0.1975 0.2025 0.2025 0.201 0.201 0.201 0.1935 0.1935 0.1935 0.1935
0.145 0.167 0.167 0.243 0.243 0.243 0.2575 0.2575 0.267 0.267 0.227 0.227 0.2205 0.2205 0.2205 0.2265 0.2265 0.2435 0.2435 0.2565 0.2565 0.2565 0.258 0.258 0.273 0.273 0.2725 0.2725 0.2725 0.286 0.286 0.312 0.312 0.2875 0.2875 0.2875 0.275 0.275 0.276 0.276 0.223 0.223 0.223 0.2005 0.2005 0.192 0.192 0.1835 0.1835 0.1855 0.1855 0.1855 0.183 0.183 0.192 0.192 0.2165 0.2165 0.2165 0.2205 0.2205 0.2275 0.2275 0.2125 0.2125 0.2125 0.1975 0.1975 0.2025 0.2025 0.201 0.201 0.201 0.1935 0.1935 0.1935 0.1935
0.14 0.1555 0.1555 0.187 0.187 0.187 0.2415 0.2415 0.2175 0.2175 0.211 0.211 0.201 0.201 0.201 0.1835 0.1835 0.205 0.205 0.223 0.223 0.223 0.257 0.257 0.248 0.248 0.2705 0.2705 0.2705 0.256 0.256 0.278 0.278 0.28 0.28 0.28 0.2685 0.2685 0.2355 0.2355 0.2335 0.2335 0.2335 0.194 0.194 0.1855 0.1855 0.174 0.174 0.1935 0.1935 0.1935 0.2035 0.2035 0.182 0.182 0.1835 0.1835 0.1835 0.2075 0.2075 0.216 0.216 0.2255 0.2255 0.2255 0.223 0.223 0.213 0.213 0.205 0.205 0.205 0.1985 0.1985 0.196 0.196
0.14 0.1555 0.1555 0.187 0.187 0.187 0.2415 0.2415 0.2175 0.2175 0.211 0.211 0.201 0.201 0.201 0.1835 0.1835 0.205 0.205 0.223 0.223 0.223 0.257 0.257 0.248 0.248 0.2705 0.2705 0.2705 0.256 0.256 0.278 0.278 0.28 0.28 0.28 0.2685 0.2685 0.2355 0.2355 0.2335 0.2335 0.2335 0.194 0.194 0.1855 0.1855 0.174 0.174 0.1935 0.1935 0.1935 0.2035 0.2035 0.182 0.182 0.1835 0.1835 0.1835 0.2075 0.2075 0.216 0.216 0.2255 0.2255 0.2255 0.223 0.223 0.213 0.213 0.205 0.205 0.205 0.1985 0.1985 0.196 0.196
0.14 0.1555 0.1555 0.187 0.187 0.187 0.2415 0.2415 0.2175 0.2175 0.211 0.211 0.201 0.201 0.201 0.1835 0.1835 0.205 0.205 0.223 0.223 0.223 0.257 0.257 0.248 0.248 0.2705 0.2705 0.2705 0.256 0.256 0.278 0.278 0.28 0.28 0.28 0.2685 0.2685 0.2355 0.2355 0.2335 0.2335 0.2335 0.194 0.194 0.1855 0.1855 0.174 0.174 0.1935 0.1935 0.1935 0.2035 0.2035 0.182 0.182 0.1835 0.1835 0.1835 0.2075 0.2075 0.216 0.216 0.2255 0.2255 0.2255 0.223 0.223 0.213 0.213 0.205 0.205 0.205 0.1985 0.1985 0.196 0.196
0.1605 0.1815 0.1815 0.1735 0.1735 0.1735 0.18 0.18 0.189 0.189 0.202 0.202 0.198 0.198 0.198 0.195 0.195 0.215 0.215 0.235 0.235 0.235 0.2395 0.2395 0.2385 0.2385 0.257 0.257 0.257 0.273 0.273 0.2625 0.2625 0.28 0.28 0.28 0.264 0.264 0.217 0.217 0.233 0.233 0.233 0.203 0.203 0.186 0.186 0.1805 0.1805 0.2005 0.2005 0.2005 0.2065 0.2065 0.185 0.185 0.183 0.183 0.183 0.1935 0.1935 0.215 0.215 0.214 0.214 0.214 0.233 0.233 0.216 0.216 0.201 0.201 0.201 0.1745 0.1745 0.2005 0.2005
0.1605 0.1815 0.1815 0.1735 0.1735 0.1735 0.18 0.18 0.189 0.189 0.202 0.202 0.198 0.198 0.198 0.195 0.195 0.215 0.215 0.235 0.235 0.235 0.2395 0.2395 0.2385 0.2385 0.257 0.257 0.257 0.273 0.273 0.2625 0.2625 0.28 0.28 0.28 0.264 0.264 0.217 0.217 0.233 0.233 0.233 0.203 0.203 0.186 0.186 0.1805 0.1805 0.2005 0.2005 0.2005 0.2065 0.2065 0.185 0.185 0.183 0.183 0.183 0.1935 0.1935 0.215 0.215 0.214 0.214 0.214 0.233 0.233 0.216 0.216 0.201 0.201 0.201 0.1745 0.1745 0.2005 0.2005
0.1435 0.148 0.148 0.143 0.143 0.143 0.17 0.17 0.1915 0.1915 0.1845 0.1845 0.199 0.199 0.199 0.2295 0.2295 0.2425 0.2425 0.2525 0.2525 0.2525 0.234 0.234 0.2275 0.2275 0.1905 0.1905 0.1905 0.206 0.206 0.2315 0.2315 0.2585 0.2585 0.2585 0.2635 0.2635 0.256 0.256 0.23 0.23 0.23 0.2305 0.2305 0.2285 0.2285 0.223 0.223 0.2205 0.2205 0.2205 0.2375 0.2375 0.2095 0.2095 0.1975 0.1975 0.1975 0.214 0.214 0.214 0.214 0.22 0.22 0.22 0.219 0.219 0.2185 0.2185 0.2095 0.2095 0.2095 0.206 0.206 0.223 0.223
0.1435 0.148 0.148 0.143 0.143 0.143 0.17 0.17 0.1915 0.1915 0.1845 0.1845 0.199 0.199 0.199 0.2295 0.2295 0.2425 0.2425 0.2525 0.2525 0.2525 0.234 0.234 0.2275 0.2275 0.1905 0.1905 0.1905 0.206 0.206 0.2315 0.2315 0.2585 0.2585 0.2585 0.2635 0.2635 0.256 0.256 0.23 0.23 0.23 0.2305 0.2305 0.2285 0.2285 0.223 0.223 0.2205 0.2205 0.2205 0.2375 0.2375 0.2095 0.2095 0.1975 0.1975 0.1975 0.214 0.214 0.214 0.214 0.22 0.22 0.22 0.219 0.219 0.2185 0.2185 0.2095 0.2095 0.2095 0.206 0.206 0.223 0.223
0.1895 0.199 0.199 0.1525 0.1525 0.1525 0.1775 0.1775 0.1695 0.1695 0.188 0.188 0.1925 0.1925 0.1925 0.202 0.202 0.237 0.237 0.2485 0.2485 0.2485 0.2555 0.2555 0.2395 0.2395 0.2265 0.2265 0.2265 0.1995 0.1995 0.22 0.22 0.239 0.239 0.239 0.2345 0.2345 0.264 0.264 0.268 0.268 0.268 0.258 0.258 0.2545 0.2545 0.2375 0.2375 0.2555 0.2555 0.2555 0.2765 0.2765 0.2865 0.2865 0.252 0.252 0.252 0.233 0.233 0.245 0.245 0.2635 0.2635 0.2635 0.2375 0.2375 0.198 0.198 0.195 0.195 0.195 0.206 0.206 0.2265 0.2265
0.1895 0.199 0.199 0.1525 0.1525 0.1525 0.1775 0.1775 0.1695 0.1695 0.188 0.188 0.1925 0.1925 0.1925 0.202 0.202 0.237 0.237 0.2485 0.2485 0.2485 0.2555 0.2555 0.2395 0.2395 0.2265 0.2265 0.2265 0.1995 0.1995 0.22 0.22 0.239 0.239 0.239 0.2345 0.2345 0.264 0.264 0.268 0.268 0.268 0.258 0.258 0.2545 0.2545 0.2375 0.2375 0.2555 0.2555 0.2555 0.2765 0.2765 0.2865 0.2865 0.252 0.252 0.252 0.233 0.233 0.245 0.245 0.2635 0.2635 0.2635 0.2375 0.2375 0.198 0.198 0.195 0.195 0.195 0.206 0.206 0.2265 0.2265
0.1895 0.199 0.199 0.1525 0.1525 0.1525 0.1775 0.1775 0.1695 0.1695 0.188 0.188 0.1925 0.1925 0.1925 0.202 0.202 0.237 0.237 0.2485 0.2485 0.2485 0.2555 0.2555 0.2395 0.2395 0.2265 0.2265 0.2265 0.1995 0.1995 0.22 0.22 0.239 0.239 0.239 0.2345 0.2345 0.264 0.264 0.268 0.268 0.268 0.258 0.258 0.2545 0.2545 0.2375 0.2375 0.2555 0.2555 0.2555 0.2765 0.2765 0.2865 0.2865 0.252 0.252 0.252 0.233 0.233 0.245 0.245 0.2635 0.2635 0.2635 0.2375 0.2375 0.198 0.198 0.195 0.195 0.195 0.206 0.206 0.2265 0.2265
0.145 0.1595 0.1595 0.151 0.151 0.151 0.154 0.154 0.1895 0.1895 0.214 0.214 0.219 0.219 0.219 0.2285 0.2285 0.252 0.252 0.263 0.263 0.263 0.265 0.265 0.2665 0.2665 0.232 0.232 0.232 0.2595 0.2595 0.276 0.276 0.2595 0.2595 0.2595 0.239 0.239 0.255 0.255 0.2665 0.2665 0.2665 0.2725 0.2725 0.2745 0.2745 0.283 0.283 0.2915 0.2915 0.2915 0.312 0.312 0.3235 0.3235 0.326 0.326 0.326 0.299 0.299 0.2865 0.2865 0.2645 0.2645 0.2645 0.2265 0.2265 0.2335 0.2335 0.2765 0.2765 0.2765 0.3095 0.3095 0.3145 0.3145
