ndvi/NOAA-250.asc
ncols         252
nrows         154
xllcorner     -18.017974
yllcorner     13.481982
cellsize      0.035948
NODATA_value  -9999
[rows 102 to 135 of 154, columns 0 to 76 of 252]
-1 -1 -1 -1 -1 -1 -1 -1 -1 -1 -1 -1 -1 -1 -1 -1 -1 -1 -1 -1 -1 -1 -1 -1 -1 0.008099999 0.008099999 0.008099999 0.1685 0.1685 0.372 0.372 0.369 0.369 0.369 0.3235 0.3235 0.31 0.31 0.3015 0.3015 0.3015 0.299 0.299 0.3305 0.3305 0.3515 0.3515 0.3515 0.3895 0.3895 0.4066 0.4066 0.3385 0.3385 0.3125 0.3125 0.3125 0.388 0.388 0.3881 0.3881 0.3881 0.3881 0.3881 0.3515 0.3515 0.359 0.359 0.2665 0.2665 0.2665 0.3656 0.3656 0.3566 0.3566 0.2745
-1 -1 -1 -1 -1 -1 -1 -1 -1 -1 -1 -1 -1 -1 -1 -1 -1 -1 -1 -1 -1 -1 -1 0.035 0.035 0.2875 0.2875 0.2875 0.4195 0.4195 0.4055 0.4055 0.3055 0.3055 0.3055 0.356 0.356 0.389 0.389 0.4185 0.4185 0.4185 0.362 0.362 0.3665 0.3665 0.347 0.347 0.347 0.388 0.388 0.4206 0.4206 0.4321 0.4321 0.375 0.375 0.375 0.396 0.396 0.4231 0.4231 0.4231 0.4231 0.4231 0.4306 0.4306 0.4226 0.4226 0.295 0.295 0.295 0.3541 0.3541 0.3475 0.3475 0.333
-1 -1 -1 -1 -1 -1 -1 -1 -1 -1 -1 -1 -1 -1 -1 -1 -1 -1 -1 -1 -1 -1 -1 0.035 0.035 0.2875 0.2875 0.2875 0.4195 0.4195 0.4055 0.4055 0.3055 0.3055 0.3055 0.356 0.356 0.389 0.389 0.4185 0.4185 0.4185 0.362 0.362 0.3665 0.3665 0.347 0.347 0.347 0.388 0.388 0.4206 0.4206 0.4321 0.4321 0.375 0.375 0.375 0.396 0.396 0.4231 0.4231 0.4231 0.4231 0.4231 0.4306 0.4306 0.4226 0.4226 0.295 0.295 0.295 0.3541 0.3541 0.3475 0.3475 0.333
-1 -1 -1 -1 -1 -1 -1 -1 -1 -1 -1 -1 -1 -1 -1 -1 -1 -1 -1 -1 -1 -1 -1 0.035 0.035 0.2875 0.2875 0.2875 0.4195 0.4195 0.4055 0.4055 0.3055 0.3055 0.3055 0.356 0.356 0.389 0.389 0.4185 0.4185 0.4185 0.362 0.362 0.3665 0.3665 0.347 0.347 0.347 0.388 0.388 0.4206 0.4206 0.4321 0.4321 0.375 0.375 0.375 0.396 0.396 0.4231 0.4231 0.4231 0.4231 0.4231 0.4306 0.4306 0.4226 0.4226 0.295 0.295 0.295 0.3541 0.3541 0.3475 0.3475 0.333
-1 -1 -1 -1 -1 -1 -1 -1 -1 -1 -1 -1 -1 -1 -1 -1 -1 -1 -1 -1 -1 0.0236 0.0236 0.2725 0.2725 0.468 0.468 0.468 0.403 0.403 0.3845 0.3845 0.38 0.38 0.38 0.373 0.373 0.4025 0.4025 0.4045 0.4045 0.4045 0.4005 0.4005 0.3545 0.3545 0.334 0.334 0.334 0.362 0.362 0.35 0.35 0.4051 0.4051 0.4135 0.4135 0.4135 0.375 0.375 0.3916 0.3916 0.3916 0.3916 0.3916 0.3605 0.3605 0.327 0.327 0.317 0.317 0.317 0.3941 0.3941 0.3976 0.3976 0.3831
-1 -1 -1 -1 -1 -1 -1 -1 -1 -1 -1 -1 -1 -1 -1 -1 -1 -1 -1 -1 -1 0.0236 0.0236 0.2725 0.2725 0.468 0.468 0.468 0.403 0.403 0.3845 0.3845 0.38 0.38 0.38 0.373 0.373 0.4025 0.4025 0.4045 0.4045 0.4045 0.4005 0.4005 0.3545 0.3545 0.334 0.334 0.334 0.362 0.362 0.35 0.35 0.4051 0.4051 0.4135 0.4135 0.4135 0.375 0.375 0.3916 0.3916 0.3916 0.3916 0.3916 0.3605 0.3605 0.327 0.327 0.317 0.317 0.317 0.3941 0.3941 0.3976 0.3976 0.3831
-1 -1 -1 -1 -1 -1 -1 -1 -1 -1 -1 -1 -1 -1 -1 -1 -1 -1 -1 -1 -1 0.316 0.316 0.518 0.518 0.435 0.435 0.435 0.3865 0.3865 0.354 0.354 0.4205 0.4205 0.4205 0.4075 0.4075 0.402 0.402 0.4165 0.4165 0.4165 0.398 0.398 0.3625 0.3625 0.3905 0.3905 0.3905 0.3845 0.3845 0.3355 0.3355 0.3145 0.3145 0.3205 0.3205 0.3205 0.3385 0.3385 0.361 0.361 0.361 0.361 0.361 0.3625 0.3625 0.349 0.349 0.38 0.38 0.38 0.4627 0.4627 0.4221 0.4221 0.4076
-1 -1 -1 -1 -1 -1 -1 -1 -1 -1 -1 -1 -1 -1 -1 -1 -1 -1 -1 -1 -1 0.316 0.316 0.518 0.518 0.435 0.435 0.435 0.3865 0.3865 0.354 0.354 0.4205 0.4205 0.4205 0.4075 0.4075 0.402 0.402 0.4165 0.4165 0.4165 0.398 0.398 0.3625 0.3625 0.3905 0.3905 0.3905 0.3845 0.3845 0.3355 0.3355 0.3145 0.3145 0.3205 0.3205 0.3205 0.3385 0.3385 0.361 0.361 0.361 0.361 0.361 0.3625 0.3625 0.349 0.349 0.38 0.38 0.38 0.4627 0.4627 0.4221 0.4221 0.4076
-1 -1 -1 -1 -1 -1 -1 -1 -1 -1 -1 -1 -1 -1 -1 -1 -1 -1 0.268 0.268 0.268 0.4935 0.4935 0.468 0.468 0.441 0.441 0.441 0.443 0.443 0.435 0.435 0.455 0.455 0.455 0.4575 0.4575 0.4625 0.4625 0.502 0.502 0.502 0.4445 0.4445 0.41 0.41 0.4166 0.4166 0.4166 0.3855 0.3855 0.4026 0.4026 0.372 0.372 0.322 0.322 0.322 0.3595 0.3595 0.3721 0.3721 0.3721 0.3721 0.3721 0.357 0.357 0.4015 0.4015 0.4635 0.4635 0.4635 0.4516 0.4516 0.4176 0.4176 0.3615
-1 -1 -1 -1 -1 -1 -1 -1 -1 -1 -1 -1 -1 -1 -1 -1 -1 -1 0.268 0.268 0.268 0.4935 0.4935 0.468 0.468 0.441 0.441 0.441 0.443 0.443 0.435 0.435 0.455 0.455 0.455 0.4575 0.4575 0.4625 0.4625 0.502 0.502 0.502 0.4445 0.4445 0.41 0.41 0.4166 0.4166 0.4166 0.3855 0.3855 0.4026 0.4026 0.372 0.372 0.322 0.322 0.322 0.3595 0.3595 0.3721 0.3721 0.3721 0.3721 0.3721 0.357 0.357 0.4015 0.4015 0.4635 0.4635 0.4635 0.4516 0.4516 0.4176 0.4176 0.3615
-1 -1 -1 -1 -1 -1 -1 -1 -1 -1 -1 -1 -1 -1 -1 -1 -1 -1 0.268 0.268 0.268 0.4935 0.4935 0.468 0.468 0.441 0.441 0.441 0.443 0.443 0.435 0.435 0.455 0.455 0.455 0.4575 0.4575 0.4625 0.4625 0.502 0.502 0.502 0.4445 0.4445 0.41 0.41 0.4166 0.4166 0.4166 0.3855 0.3855 0.4026 0.4026 0.372 0.372 0.322 0.322 0.322 0.3595 0.3595 0.3721 0.3721 0.3721 0.3721 0.3721 0.357 0.357 0.4015 0.4015 0.4635 0.4635 0.4635 0.4516 0.4516 0.4176 0.4176 0.3615
-1 -1 -1 -1 -1 -1 -1 -1 -1 -1 -1 -1 -1 -1 -1 -1 0.1792 0.1792 0.5495 0.5495 0.5495 0.512 0.512 0.4955 0.4955 0.4861 0.4861 0.4861 0.438 0.438 0.431 0.431 0.4325 0.4325 0.4325 0.436 0.436 0.471 0.471 0.473 0.473 0.473 0.4715 0.4715 0.4265 0.4265 0.4125 0.4125 0.4125 0.3655 0.3655 0.349 0.349 0.2985 0.2985 0.3535 0.3535 0.3535 0.4215 0.4215 0.3485 0.3485 0.3485 0.3485 0.3485 0.3905 0.3905 0.4336 0.4336 0.466 0.466 0.466 0.4521 0.4521 0.4605 0.4605 0.4091
-1 -1 -1 -1 -1 -1 -1 -1 -1 -1 -1 -1 -1 -1 -1 -1 0.1792 0.1792 0.5495 0.5495 0.5495 0.512 0.512 0.4955 0.4955 0.4861 0.4861 0.4861 0.438 0.438 0.431 0.431 0.4325 0.4325 0.4325 0.436 0.436 0.471 0.471 0.473 0.473 0.473 0.4715 0.4715 0.4265 0.4265 0.4125 0.4125 0.4125 0.3655 0.3655 0.349 0.349 0.2985 0.2985 0.3535 0.3535 0.3535 0.4215 0.4215 0.3485 0.3485 0.3485 0.3485 0.3485 0.3905 0.3905 0.4336 0.4336 0.466 0.466 0.466 0.4521 0.4521 0.4605 0.4605 0.4091
-1 -1 -1 -1 -1 -1 -1 -1 -1 -1 -1 -1 0.1636 0.1636 0.2245 0.2245 0.2625 0.2625 0.5335 0.5335 0.5335 0.53 0.53 0.5441 0.5441 0.484 0.484 0.484 0.5085 0.5085 0.514 0.514 0.4795 0.4795 0.4795 0.48 0.48 0.4651 0.4651 0.4691 0.4691 0.4691 0.4897 0.4897 0.4385 0.4385 0.3856 0.3856 0.3856 0.4016 0.4016 0.3986 0.3986 0.3745 0.3745 0.4325 0.4325 0.4325 0.429 0.429 0.4596 0.4596 0.4596 0.4596 0.4596 0.4425 0.4425 0.4515 0.4515 0.4195 0.4195 0.4195 0.4445 0.4445 0.4375 0.4375 0.4146
-1 -1 -1 -1 -1 -1 -1 -1 -1 -1 -1 -1 0.1636 0.1636 0.2245 0.2245 0.2625 0.2625 0.5335 0.5335 0.5335 0.53 0.53 0.5441 0.5441 0.484 0.484 0.484 0.5085 0.5085 0.514 0.514 0.4795 0.4795 0.4795 0.48 0.48 0.4651 0.4651 0.4691 0.4691 0.4691 0.4897 0.4897 0.4385 0.4385 0.3856 0.3856 0.3856 0.4016 0.4016 0.3986 0.3986 0.3745 0.3745 0.4325 0.4325 0.4325 0.429 0.429 0.4596 0.4596 0.4596 0.4596 0.4596 0.4425 0.4425 0.4515 0.4515 0.4195 0.4195 0.4195 0.4445 0.4445 0.4375 0.4375 0.4146
-1 -1 -1 -1 -1 -1 -1 -1 -1 0.1326 0.1326 0.1326 0.1327 0.1327 0.1092 0.1092 0.0446 0.0446 0.338 0.338 0.338 0.5065 0.5065 0.527 0.527 0.553 0.553 0.553 0.5031 0.5031 0.4985 0.4985 0.481 0.481 0.481 0.491 0.491 0.4795 0.4795 0.459 0.459 0.459 0.5027 0.5027 0.4751 0.4751 0.4525 0.4525 0.4525 0.459 0.459 0.4455 0.4455 0.4266 0.4266 0.4555 0.4555 0.4555 0.4496 0.4496 0.469 0.469 0.469 0.469 0.469 0.4375 0.4375 0.43 0.43 0.3835 0.3835 0.3835 0.4155 0.4155 0.406 0.406 0.4401
-1 -1 -1 -1 -1 -1 -1 -1 -1 0.1326 0.1326 0.1326 0.1327 0.1327 0.1092 0.1092 0.0446 0.0446 0.338 0.338 0.338 0.5065 0.5065 0.527 0.527 0.553 0.553 0.553 0.5031 0.5031 0.4985 0.4985 0.481 0.481 0.481 0.491 0.491 0.4795 0.4795 0.459 0.459 0.459 0.5027 0.5027 0.4751 0.4751 0.4525 0.4525 0.4525 0.459 0.459 0.4455 0.4455 0.4266 0.4266 0.4555 0.4555 0.4555 0.4496 0.4496 0.469 0.469 0.469 0.469 0.469 0.4375 0.4375 0.43 0.43 0.3835 0.3835 0.3835 0.4155 0.4155 0.406 0.406 0.4401
-1 -1 -1 -1 -1 -1 -1 -1 -1 0.1326 0.1326 0.1326 0.1327 0.1327 0.1092 0.1092 0.0446 0.0446 0.338 0.338 0.338 0.5065 0.5065 0.527 0.527 0.553 0.553 0.553 0.5031 0.5031 0.4985 0.4985 0.481 0.481 0.481 0.491 0.491 0.4795 0.4795 0.459 0.459 0.459 0.5027 0.5027 0.4751 0.4751 0.4525 0.4525 0.4525 0.459 0.459 0.4455 0.4455 0.4266 0.4266 0.4555 0.4555 0.4555 0.4496 0.4496 0.469 0.469 0.469 0.469 0.469 0.4375 0.4375 0.43 0.43 0.3835 0.3835 0.3835 0.4155 0.4155 0.406 0.406 0.4401
-1 -1 -1 -1 -1 -1 -1 -1 -1 -1 -1 -1 0.1067 0.1067 0.0532 0.0532 0.0427 0.0427 0.208 0.208 0.208 0.5145 0.5145 0.53 0.53 0.531 0.531 0.531 0.5215 0.5215 0.506 0.506 0.5045 0.5045 0.5045 0.4625 0.4625 0.452 0.452 0.4905 0.4905 0.4905 0.4825 0.4825 0.4851 0.4851 0.4865 0.4865 0.4865 0.4835 0.4835 0.4831 0.4831 0.4601 0.4601 0.4645 0.4645 0.4645 0.4595 0.4595 0.4645 0.4645 0.4645 0.4645 0.4645 0.446 0.446 0.3885 0.3885 0.417 0.417 0.417 0.4275 0.4275 0.4411 0.4411 0.4986
-1 -1 -1 -1 -1 -1 -1 -1 -1 -1 -1 -1 0.1067 0.1067 0.0532 0.0532 0.0427 0.0427 0.208 0.208 0.208 0.5145 0.5145 0.53 0.53 0.531 0.531 0.531 0.5215 0.5215 0.506 0.506 0.5045 0.5045 0.5045 0.4625 0.4625 0.452 0.452 0.4905 0.4905 0.4905 0.4825 0.4825 0.4851 0.4851 0.4865 0.4865 0.4865 0.4835 0.4835 0.4831 0.4831 0.4601 0.4601 0.4645 0.4645 0.4645 0.4595 0.4595 0.4645 0.4645 0.4645 0.4645 0.4645 0.446 0.446 0.3885 0.3885 0.417 0.417 0.417 0.4275 0.4275 0.4411 0.4411 0.4986
-1 -1 -1 -1 -1 -1 -1 -1 -1 -1 -1 -1 -1 -1 -1 -1 -1 -1 0.0407 0.0407 0.0407 0.38 0.38 0.512 0.512 0.5545 0.5545 0.5545 0.536 0.536 0.5191 0.5191 0.4825 0.4825 0.4825 0.454 0.454 0.4805 0.4805 0.453 0.453 0.453 0.469 0.469 0.476 0.476 0.4905 0.4905 0.4905 0.497 0.497 0.4765 0.4765 0.466 0.466 0.472 0.472 0.472 0.478 0.478 0.4736 0.4736 0.4736 0.4736 0.4736 0.4586 0.4586 0.5011 0.5011 0.5081 0.5081 0.5081 0.4731 0.4731 0.4525 0.4525 0.5041
-1 -1 -1 -1 -1 -1 -1 -1 -1 -1 -1 -1 -1 -1 -1 -1 -1 -1 0.0407 0.0407 0.0407 0.38 0.38 0.512 0.512 0.5545 0.5545 0.5545 0.536 0.536 0.5191 0.5191 0.4825 0.4825 0.4825 0.454 0.454 0.4805 0.4805 0.453 0.453 0.453 0.469 0.469 0.476 0.476 0.4905 0.4905 0.4905 0.497 0.497 0.4765 0.4765 0.466 0.466 0.472 0.472 0.472 0.478 0.478 0.4736 0.4736 0.4736 0.4736 0.4736 0.4586 0.4586 0.5011 0.5011 0.5081 0.5081 0.5081 0.4731 0.4731 0.4525 0.4525 0.5041
-1 -1 -1 -1 -1 -1 -1 -1 -1 -1 -1 -1 -1 -1 -1 -1 -1 -1 -1 -1 -1 0.212 0.212 0.4075 0.4075 0.5415 0.5415 0.5415 0.5295 0.5295 0.5315 0.5315 0.497 0.497 0.497 0.487 0.487 0.456 0.456 0.4676 0.4676 0.4676 0.4891 0.4891 0.4776 0.4776 0.5111 0.5111 0.5111 0.4521 0.4521 0.472 0.472 0.4925 0.4925 0.4845 0.4845 0.4845 0.4925 0.4925 0.4606 0.4606 0.4606 0.4606 0.4606 0.4735 0.4735 0.471 0.471 0.4895 0.4895 0.4895 0.489 0.489 0.4915 0.4915 0.4815
-1 -1 -1 -1 -1 -1 -1 -1 -1 -1 -1 -1 -1 -1 -1 -1 -1 -1 -1 -1 -1 0.212 0.212 0.4075 0.4075 0.5415 0.5415 0.5415 0.5295 0.5295 0.5315 0.5315 0.497 0.497 0.497 0.487 0.487 0.456 0.456 0.4676 0.4676 0.4676 0.4891 0.4891 0.4776 0.4776 0.5111 0.5111 0.5111 0.4521 0.4521 0.472 0.472 0.4925 0.4925 0.4845 0.4845 0.4845 0.4925 0.4925 0.4606 0.4606 0.4606 0.4606 0.4606 0.4735 0.4735 0.471 0.471 0.4895 0.4895 0.4895 0.489 0.489 0.4915 0.4915 0.4815
-1 -1 -1 -1 -1 -1 -1 -1 -1 -1 -1 -1 -1 -1 -1 -1 -1 -1 -1 -1 -1 0.0972 0.0972 0.2745 0.2745 0.443 0.443 0.443 0.5606 0.5606 0.5902 0.5902 0.5535 0.5535 0.5535 0.5021 0.5021 0.4385 0.4385 0.4105 0.4105 0.4105 0.4255 0.4255 0.4801 0.4801 0.5075 0.5075 0.5075 0.4715 0.4715 0.485 0.485 0.442 0.442 0.4451 0.4451 0.4451 0.464 0.464 0.4736 0.4736 0.4736 0.4736 0.4736 0.4905 0.4905 0.465 0.465 0.4695 0.4695 0.4695 0.4855 0.4855 0.497 0.497 0.5115
-1 -1 -1 -1 -1 -1 -1 -1 -1 -1 -1 -1 -1 -1 -1 -1 -1 -1 -1 -1 -1 0.0972 0.0972 0.2745 0.2745 0.443 0.443 0.443 0.5606 0.5606 0.5902 0.5902 0.5535 0.5535 0.5535 0.5021 0.5021 0.4385 0.4385 0.4105 0.4105 0.4105 0.4255 0.4255 0.4801 0.4801 0.5075 0.5075 0.5075 0.4715 0.4715 0.485 0.485 0.442 0.442 0.4451 0.4451 0.4451 0.464 0.464 0.4736 0.4736 0.4736 0.4736 0.4736 0.4905 0.4905 0.465 0.465 0.4695 0.4695 0.4695 0.4855 0.4855 0.497 0.497 0.5115
-1 -1 -1 -1 -1 -1 -1 -1 -1 -1 -1 -1 -1 -1 -1 -1 -1 -1 -1 -1 -1 0.0972 0.0972 0.2745 0.2745 0.443 0.443 0.443 0.5606 0.5606 0.5902 0.5902 0.5535 0.5535 0.5535 0.5021 0.5021 0.4385 0.4385 0.4105 0.4105 0.4105 0.4255 0.4255 0.4801 0.4801 0.5075 0.5075 0.5075 0.4715 0.4715 0.485 0.485 0.442 0.442 0.4451 0.4451 0.4451 0.464 0.464 0.4736 0.4736 0.4736 0.4736 0.4736 0.4905 0.4905 0.465 0.465 0.4695 0.4695 0.4695 0.4855 0.4855 0.497 0.497 0.5115
-1 -1 -1 -1 -1 -1 -1 -1 -1 -1 -1 -1 -1 -1 -1 -1 -1 -1 -1 -1 -1 -1 -1 0.0567 0.0567 0.2625 0.2625 0.2625 0.5767 0.5767 0.6055 0.6055 0.566 0.566 0.566 0.448 0.448 0.221 0.221 0.189 0.189 0.189 0.353 0.353 0.4175 0.4175 0.453 0.453 0.453 0.477 0.477 0.4695 0.4695 0.5155 0.5155 0.4435 0.4435 0.4435 0.46 0.46 0.4306 0.4306 0.4306 0.4306 0.4306 0.4905 0.4905 0.486 0.486 0.465 0.465 0.465 0.479 0.479 0.499 0.499 0.5325
-1 -1 -1 -1 -1 -1 -1 -1 -1 -1 -1 -1 -1 -1 -1 -1 -1 -1 -1 -1 -1 -1 -1 0.0567 0.0567 0.2625 0.2625 0.2625 0.5767 0.5767 0.6055 0.6055 0.566 0.566 0.566 0.448 0.448 0.221 0.221 0.189 0.189 0.189 0.353 0.353 0.4175 0.4175 0.453 0.453 0.453 0.477 0.477 0.4695 0.4695 0.5155 0.5155 0.4435 0.4435 0.4435 0.46 0.46 0.4306 0.4306 0.4306 0.4306 0.4306 0.4905 0.4905 0.486 0.486 0.465 0.465 0.465 0.479 0.479 0.499 0.499 0.5325
-1 -1 -1 -1 -1 -1 -1 -1 -1 -1 -1 -1 -1 -1 -1 -1 -1 -1 -1 -1 -1 -1 -1 -1 -1 0.242 0.242 0.242 0.444 0.444 0.527 0.527 0.469 0.469 0.469 0.23 0.23 0.1275 0.1275 0.1485 0.1485 0.1485 0.477 0.477 0.346 0.346 0.4781 0.4781 0.4781 0.451 0.451 0.4635 0.4635 0.4845 0.4845 0.47 0.47 0.47 0.504 0.504 0.4875 0.4875 0.4875 0.4875 0.4875 0.5185 0.5185 0.497 0.497 0.5005 0.5005 0.5005 0.501 0.501 0.5365 0.5365 0.552
-1 -1 -1 -1 -1 -1 -1 -1 -1 -1 -1 -1 -1 -1 -1 -1 -1 -1 -1 -1 -1 -1 -1 -1 -1 0.242 0.242 0.242 0.444 0.444 0.527 0.527 0.469 0.469 0.469 0.23 0.23 0.1275 0.1275 0.1485 0.1485 0.1485 0.477 0.477 0.346 0.346 0.4781 0.4781 0.4781 0.451 0.451 0.4635 0.4635 0.4845 0.4845 0.47 0.47 0.47 0.504 0.504 0.4875 0.4875 0.4875 0.4875 0.4875 0.5185 0.5185 0.497 0.497 0.5005 0.5005 0.5005 0.501 0.501 0.5365 0.5365 0.552
-1 -1 -1 -1 -1 -1 -1 -1 -1 -1 -1 -1 -1 -1 -1 -1 -1 -1 -1 -1 -1 -1 -1 -1 -1 0.0792 0.0792 0.0792 0.104 0.104 0.359 0.359 0.3765 0.3765 0.3765 0.2225 0.2225 0.2725 0.2725 0.391 0.391 0.391 0.505 0.505 0.5155 0.5155 0.5036 0.5036 0.5036 0.4565 0.4565 0.4885 0.4885 0.511 0.511 0.4875 0.4875 0.4875 0.4915 0.4915 0.521 0.521 0.521 0.521 0.521 0.5135 0.5135 0.48 0.48 0.5085 0.5085 0.5085 0.5295 0.5295 0.518 0.518 0.5085
-1 -1 -1 -1 -1 -1 -1 -1 -1 -1 -1 -1 -1 -1 -1 -1 -1 -1 -1 -1 -1 -1 -1 -1 -1 0.0792 0.0792 0.0792 0.104 0.104 0.359 0.359 0.3765 0.3765 0.3765 0.2225 0.2225 0.2725 0.2725 0.391 0.391 0.391 0.505 0.505 0.5155 0.5155 0.5036 0.5036 0.5036 0.4565 0.4565 0.4885 0.4885 0.511 0.511 0.4875 0.4875 0.4875 0.4915 0.4915 0.521 0.521 0.521 0.521 0.521 0.5135 0.5135 0.48 0.48 0.5085 0.5085 0.5085 0.5295 0.5295 0.518 0.518 0.5085
-1 -1 -1 -1 -1 -1 -1 -1 -1 -1 -1 -1 -1 -1 -1 -1 -1 -1 -1 -1 -1 -1 -1 -1 -1 0.0792 0.0792 0.0792 0.104 0.104 0.359 0.359 0.3765 0.3765 0.3765 0.2225 0.2225 0.2725 0.2725 0.391 0.391 0.391 0.505 0.505 0.5155 0.5155 0.5036 0.5036 0.5036 0.4565 0.4565 0.4885 0.4885 0.511 0.511 0.4875 0.4875 0.4875 0.4915 0.4915 0.521 0.521 0.521 0.521 0.521 0.5135 0.5135 0.48 0.48 0.5085 0.5085 0.5085 0.5295 0.5295 0.518 0.518 0.5085
