ndvi/NOAA-72.asc
ncols         252
nrows         154
xllcorner     -18.017974
yllcorner     13.481982
cellsize      0.035948
NODATA_value  -9999
[rows 70 to 104 of 154, columns 154 to 230 of 252]
0.1535 0.1535 0.1535 0.1495 0.1495 0.1495 0.1595 0.1595 0.1645 0.1645 0.1775 0.1775 0.2335 0.2335 0.2335 0.22 0.22 0.212 0.212 0.2175 0.2175 0.2175 0.218 0.218 0.216 0.216 0.2245 0.2245 0.2245 0.2105 0.2105 0.214 0.214 0.2105 0.2105 0.2105 0.2135 0.2135 0.2275 0.2275 0.2195 0.2195 0.2195 0.2065 0.2065 0.211 0.211 0.2095 0.2095 0.2105 0.2105 0.2105 0.217 0.217 0.216 0.216 0.2155 0.2155 0.2155 0.22 0.22 0.215 0.215 0.2085 0.2085 0.2085 0.191 0.191 0.206 0.206 0.209 0.209 0.209 0.1955 0.1955 0.1905 0.1905
0.17 0.17 0.17 0.1705 0.1705 0.1705 0.17 0.17 0.174 0.174 0.174 0.174 0.218 0.218 0.218 0.2225 0.2225 0.2265 0.2265 0.229 0.229 0.229 0.213 0.213 0.2055 0.2055 0.214 0.214 0.214 0.2115 0.2115 0.21 0.21 0.2215 0.2215 0.2215 0.2295 0.2295 0.211 0.211 0.2265 0.2265 0.2265 0.2295 0.2295 0.221 0.221 0.223 0.223 0.221 0.221 0.221 0.2315 0.2315 0.2185 0.2185 0.2095 0.2095 0.2095 0.213 0.213 0.214 0.214 0.2105 0.2105 0.2105 0.206 0.206 0.205 0.205 0.194 0.194 0.194 0.199 0.199 0.214 0.214
0.17 0.17 0.17 0.1705 0.1705 0.1705 0.17 0.17 0.174 0.174 0.174 0.174 0.218 0.218 0.218 0.2225 0.2225 0.2265 0.2265 0.229 0.229 0.229 0.213 0.213 0.2055 0.2055 0.214 0.214 0.214 0.2115 0.2115 0.21 0.21 0.2215 0.2215 0.2215 0.2295 0.2295 0.211 0.211 0.2265 0.2265 0.2265 0.2295 0.2295 0.221 0.221 0.223 0.223 0.221 0.221 0.221 0.2315 0.2315 0.2185 0.2185 0.2095 0.2095 0.2095 0.213 0.213 0.214 0.214 0.2105 0.2105 0.2105 0.206 0.206 0.205 0.205 0.194 0.194 0.194 0.199 0.199 0.214 0.214
0.17 0.17 0.17 0.1705 0.1705 0.1705 0.17 0.17 0.174 0.174 0.174 0.174 0.218 0.218 0.218 0.2225 0.2225 0.2265 0.2265 0.229 0.229 0.229 0.213 0.213 0.2055 0.2055 0.214 0.214 0.214 0.2115 0.2115 0.21 0.21 0.2215 0.2215 0.2215 0.2295 0.2295 0.211 0.211 0.2265 0.2265 0.2265 0.2295 0.2295 0.221 0.221 0.223 0.223 0.221 0.221 0.221 0.2315 0.2315 0.2185 0.2185 0.2095 0.2095 0.2095 0.213 0.213 0.214 0.214 0.2105 0.2105 0.2105 0.206 0.206 0.205 0.205 0.194 0.194 0.194 0.199 0.199 0.214 0.214
0.19 0.185 0.185 0.1855 0.1855 0.1855 0.169 0.169 0.174 0.174 0.185 0.185 0.2145 0.2145 0.2145 0.2195 0.2195 0.217 0.217 0.2105 0.2105 0.2105 0.209 0.209 0.216 0.216 0.214 0.214 0.214 0.2135 0.2135 0.2175 0.2175 0.2235 0.2235 0.2235 0.2105 0.2105 0.218 0.218 0.226 0.226 0.226 0.2285 0.2285 0.2295 0.2295 0.227 0.227 0.224 0.224 0.224 0.2315 0.2315 0.2065 0.2065 0.2005 0.2005 0.2005 0.2155 0.2155 0.224 0.224 0.217 0.217 0.217 0.211 0.211 0.2005 0.2005 0.2005 0.2005 0.2005 0.2135 0.2135 0.227 0.227
0.19 0.185 0.185 0.1855 0.1855 0.1855 0.169 0.169 0.174 0.174 0.185 0.185 0.2145 0.2145 0.2145 0.2195 0.2195 0.217 0.217 0.2105 0.2105 0.2105 0.209 0.209 0.216 0.216 0.214 0.214 0.214 0.2135 0.2135 0.2175 0.2175 0.2235 0.2235 0.2235 0.2105 0.2105 0.218 0.218 0.226 0.226 0.226 0.2285 0.2285 0.2295 0.2295 0.227 0.227 0.224 0.224 0.224 0.2315 0.2315 0.2065 0.2065 0.2005 0.2005 0.2005 0.2155 0.2155 0.224 0.224 0.217 0.217 0.217 0.211 0.211 0.2005 0.2005 0.2005 0.2005 0.2005 0.2135 0.2135 0.227 0.227
0.153 0.1745 0.1745 0.1965 0.1965 0.1965 0.173 0.173 0.1765 0.1765 0.1715 0.1715 0.216 0.216 0.216 0.231 0.231 0.232 0.232 0.2225 0.2225 0.2225 0.2095 0.2095 0.218 0.218 0.2105 0.2105 0.2105 0.2135 0.2135 0.2245 0.2245 0.2225 0.2225 0.2225 0.2225 0.2225 0.2285 0.2285 0.232 0.232 0.232 0.227 0.227 0.235 0.235 0.2215 0.2215 0.227 0.227 0.227 0.2215 0.2215 0.2055 0.2055 0.224 0.224 0.224 0.2105 0.2105 0.215 0.215 0.2215 0.2215 0.2215 0.2165 0.2165 0.2065 0.2065 0.2175 0.2175 0.2175 0.2125 0.2125 0.2205 0.2205
0.153 0.1745 0.1745 0.1965 0.1965 0.1965 0.173 0.173 0.1765 0.1765 0.1715 0.1715 0.216 0.216 0.216 0.231 0.231 0.232 0.232 0.2225 0.2225 0.2225 0.2095 0.2095 0.218 0.218 0.2105 0.2105 0.2105 0.2135 0.2135 0.2245 0.2245 0.2225 0.2225 0.2225 0.2225 0.2225 0.2285 0.2285 0.232 0.232 0.232 0.227 0.227 0.235 0.235 0.2215 0.2215 0.227 0.227 0.227 0.2215 0.2215 0.2055 0.2055 0.224 0.224 0.224 0.2105 0.2105 0.215 0.215 0.2215 0.2215 0.2215 0.2165 0.2165 0.2065 0.2065 0.2175 0.2175 0.2175 0.2125 0.2125 0.2205 0.2205
0.1385 0.1415 0.1415 0.157 0.157 0.157 0.1545 0.1545 0.1575 0.1575 0.1735 0.1735 0.2045 0.2045 0.2045 0.2125 0.2125 0.2215 0.2215 0.215 0.215 0.215 0.206 0.206 0.2155 0.2155 0.208 0.208 0.208 0.2065 0.2065 0.2135 0.2135 0.212 0.212 0.212 0.2195 0.2195 0.2205 0.2205 0.226 0.226 0.226 0.231 0.231 0.229 0.229 0.2205 0.2205 0.2175 0.2175 0.2175 0.219 0.219 0.21 0.21 0.2255 0.2255 0.2255 0.2215 0.2215 0.231 0.231 0.2315 0.2315 0.2315 0.2375 0.2375 0.213 0.213 0.2225 0.2225 0.2225 0.2205 0.2205 0.222 0.222
0.1385 0.1415 0.1415 0.157 0.157 0.157 0.1545 0.1545 0.1575 0.1575 0.1735 0.1735 0.2045 0.2045 0.2045 0.2125 0.2125 0.2215 0.2215 0.215 0.215 0.215 0.206 0.206 0.2155 0.2155 0.208 0.208 0.208 0.2065 0.2065 0.2135 0.2135 0.212 0.212 0.212 0.2195 0.2195 0.2205 0.2205 0.226 0.226 0.226 0.231 0.231 0.229 0.229 0.2205 0.2205 0.2175 0.2175 0.2175 0.219 0.219 0.21 0.21 0.2255 0.2255 0.2255 0.2215 0.2215 0.231 0.231 0.2315 0.2315 0.2315 0.2375 0.2375 0.213 0.213 0.2225 0.2225 0.2225 0.2205 0.2205 0.222 0.222
0.1325 0.136 0.136 0.1445 0.1445 0.1445 0.154 0.154 0.1475 0.1475 0.167 0.167 0.2125 0.2125 0.2125 0.214 0.214 0.22 0.22 0.2135 0.2135 0.2135 0.204 0.204 0.2075 0.2075 0.226 0.226 0.226 0.23 0.23 0.2255 0.2255 0.2175 0.2175 0.2175 0.2155 0.2155 0.223 0.223 0.2255 0.2255 0.2255 0.2285 0.2285 0.2165 0.2165 0.216 0.216 0.208 0.208 0.208 0.213 0.213 0.2295 0.2295 0.2305 0.2305 0.2305 0.228 0.228 0.234 0.234 0.235 0.235 0.235 0.234 0.234 0.226 0.226 0.2255 0.2255 0.2255 0.235 0.235 0.23 0.23
0.1325 0.136 0.136 0.1445 0.1445 0.1445 0.154 0.154 0.1475 0.1475 0.167 0.167 0.2125 0.2125 0.2125 0.214 0.214 0.22 0.22 0.2135 0.2135 0.2135 0.204 0.204 0.2075 0.2075 0.226 0.226 0.226 0.23 0.23 0.2255 0.2255 0.2175 0.2175 0.2175 0.2155 0.2155 0.223 0.223 0.2255 0.2255 0.2255 0.2285 0.2285 0.2165 0.2165 0.216 0.216 0.208 0.208 0.208 0.213 0.213 0.2295 0.2295 0.2305 0.2305 0.2305 0.228 0.228 0.234 0.234 0.235 0.235 0.235 0.234 0.234 0.226 0.226 0.2255 0.2255 0.2255 0.235 0.235 0.23 0.23
0.1325 0.136 0.136 0.1445 0.1445 0.1445 0.154 0.154 0.1475 0.1475 0.167 0.167 0.2125 0.2125 0.2125 0.214 0.214 0.22 0.22 0.2135 0.2135 0.2135 0.204 0.204 0.2075 0.2075 0.226 0.226 0.226 0.23 0.23 0.2255 0.2255 0.2175 0.2175 0.2175 0.2155 0.2155 0.223 0.223 0.2255 0.2255 0.2255 0.2285 0.2285 0.2165 0.2165 0.216 0.216 0.208 0.208 0.208 0.213 0.213 0.2295 0.2295 0.2305 0.2305 0.2305 0.228 0.228 0.234 0.234 0.235 0.235 0.235 0.234 0.234 0.226 0.226 0.2255 0.2255 0.2255 0.235 0.235 0.23 0.23
0.134 0.1685 0.1685 0.164 0.164 0.164 0.141 0.141 0.1475 0.1475 0.2195 0.2195 0.2365 0.2365 0.2365 0.231 0.231 0.219 0.219 0.2205 0.2205 0.2205 0.2115 0.2115 0.2165 0.2165 0.2115 0.2115 0.2115 0.215 0.215 0.2075 0.2075 0.2095 0.2095 0.2095 0.216 0.216 0.225 0.225 0.2285 0.2285 0.2285 0.2195 0.2195 0.22 0.22 0.222 0.222 0.229 0.229 0.229 0.2365 0.2365 0.2295 0.2295 0.235 0.235 0.235 0.2345 0.2345 0.23 0.23 0.232 0.232 0.232 0.2405 0.2405 0.235 0.235 0.239 0.239 0.239 0.242 0.242 0.2365 0.2365
0.134 0.1685 0.1685 0.164 0.164 0.164 0.141 0.141 0.1475 0.1475 0.2195 0.2195 0.2365 0.2365 0.2365 0.231 0.231 0.219 0.219 0.2205 0.2205 0.2205 0.2115 0.2115 0.2165 0.2165 0.2115 0.2115 0.2115 0.215 0.215 0.2075 0.2075 0.2095 0.2095 0.2095 0.216 0.216 0.225 0.225 0.2285 0.2285 0.2285 0.2195 0.2195 0.22 0.22 0.222 0.222 0.229 0.229 0.229 0.2365 0.2365 0.2295 0.2295 0.235 0.235 0.235 0.2345 0.2345 0.23 0.23 0.232 0.232 0.232 0.2405 0.2405 0.235 0.235 0.239 0.239 0.239 0.242 0.242 0.2365 0.2365
0.1465 0.164 0.164 0.163 0.163 0.163 0.156 0.156 0.2 0.2 0.226 0.226 0.2325 0.2325 0.2325 0.2265 0.2265 0.237 0.237 0.238 0.238 0.238 0.24 0.24 0.2355 0.2355 0.218 0.218 0.218 0.2195 0.2195 0.2165 0.2165 0.2185 0.2185 0.2185 0.2095 0.2095 0.219 0.219 0.2325 0.2325 0.2325 0.233 0.233 0.24 0.24 0.2385 0.2385 0.2405 0.2405 0.2405 0.2205 0.2205 0.2475 0.2475 0.2345 0.2345 0.2345 0.2335 0.2335 0.222 0.222 0.2385 0.2385 0.2385 0.2445 0.2445 0.251 0.251 0.254 0.254 0.254 0.2495 0.2495 0.25 0.25
0.1465 0.164 0.164 0.163 0.163 0.163 0.156 0.156 0.2 0.2 0.226 0.226 0.2325 0.2325 0.2325 0.2265 0.2265 0.237 0.237 0.238 0.238 0.238 0.24 0.24 0.2355 0.2355 0.218 0.218 0.218 0.2195 0.2195 0.2165 0.2165 0.2185 0.2185 0.2185 0.2095 0.2095 0.219 0.219 0.2325 0.2325 0.2325 0.233 0.233 0.24 0.24 0.2385 0.2385 0.2405 0.2405 0.2405 0.2205 0.2205 0.2475 0.2475 0.2345 0.2345 0.2345 0.2335 0.2335 0.222 0.222 0.2385 0.2385 0.2385 0.2445 0.2445 0.251 0.251 0.254 0.254 0.254 0.2495 0.2495 0.25 0.25
0.1815 0.1885 0.1885 0.194 0.194 0.194 0.172 0.172 0.19 0.19 0.245 0.245 0.234 0.234 0.234 0.236 0.236 0.234 0.234 0.238 0.238 0.238 0.2425 0.2425 0.2395 0.2395 0.2275 0.2275 0.2275 0.2245 0.2245 0.21 0.21 0.2045 0.2045 0.2045 0.2065 0.2065 0.2195 0.2195 0.2185 0.2185 0.2185 0.235 0.235 0.2295 0.2295 0.2435 0.2435 0.23 0.23 0.23 0.235 0.235 0.2365 0.2365 0.228 0.228 0.228 0.229 0.229 0.224 0.224 0.242 0.242 0.242 0.2495 0.2495 0.256 0.256 0.2545 0.2545 0.2545 0.2615 0.2615 0.2435 0.2435
0.1815 0.1885 0.1885 0.194 0.194 0.194 0.172 0.172 0.19 0.19 0.245 0.245 0.234 0.234 0.234 0.236 0.236 0.234 0.234 0.238 0.238 0.238 0.2425 0.2425 0.2395 0.2395 0.2275 0.2275 0.2275 0.2245 0.2245 0.21 0.21 0.2045 0.2045 0.2045 0.2065 0.2065 0.2195 0.2195 0.2185 0.2185 0.2185 0.235 0.235 0.2295 0.2295 0.2435 0.2435 0.23 0.23 0.23 0.235 0.235 0.2365 0.2365 0.228 0.228 0.228 0.229 0.229 0.224 0.224 0.242 0.242 0.242 0.2495 0.2495 0.256 0.256 0.2545 0.2545 0.2545 0.2615 0.2615 0.2435 0.2435
0.1815 0.1885 0.1885 0.194 0.194 0.194 0.172 0.172 0.19 0.19 0.245 0.245 0.234 0.234 0.234 0.236 0.236 0.234 0.234 0.238 0.238 0.238 0.2425 0.2425 0.2395 0.2395 0.2275 0.2275 0.2275 0.2245 0.2245 0.21 0.21 0.2045 0.2045 0.2045 0.2065 0.2065 0.2195 0.2195 0.2185 0.2185 0.2185 0.235 0.235 0.2295 0.2295 0.2435 0.2435 0.23 0.23 0.23 0.235 0.235 0.2365 0.2365 0.228 0.228 0.228 0.229 0.229 0.224 0.224 0.242 0.242 0.242 0.2495 0.2495 0.256 0.256 0.2545 0.2545 0.2545 0.2615 0.2615 0.2435 0.2435
0.1805 0.198 0.198 0.209 0.209 0.209 0.191 0.191 0.2385 0.2385 0.229 0.229 0.2575 0.2575 0.2575 0.24 0.24 0.2375 0.2375 0.2385 0.2385 0.2385 0.2315 0.2315 0.224 0.224 0.2345 0.2345 0.2345 0.2095 0.2095 0.211 0.211 0.2175 0.2175 0.2175 0.2465 0.2465 0.2355 0.2355 0.2255 0.2255 0.2255 0.2335 0.2335 0.243 0.243 0.2475 0.2475 0.2355 0.2355 0.2355 0.238 0.238 0.2275 0.2275 0.237 0.237 0.237 0.222 0.222 0.2335 0.2335 0.228 0.228 0.228 0.247 0.247 0.264 0.264 0.2605 0.2605 0.2605 0.271 0.271 0.257 0.257
0.1805 0.198 0.198 0.209 0.209 0.209 0.191 0.191 0.2385 0.2385 0.229 0.229 0.2575 0.2575 0.2575 0.24 0.24 0.2375 0.2375 0.2385 0.2385 0.2385 0.2315 0.2315 0.224 0.224 0.2345 0.2345 0.2345 0.2095 0.2095 0.211 0.211 0.2175 0.2175 0.2175 0.2465 0.2465 0.2355 0.2355 0.2255 0.2255 0.2255 0.2335 0.2335 0.243 0.243 0.2475 0.2475 0.2355 0.2355 0.2355 0.238 0.238 0.2275 0.2275 0.237 0.237 0.237 0.222 0.222 0.2335 0.2335 0.228 0.228 0.228 0.247 0.247 0.264 0.264 0.2605 0.2605 0.2605 0.271 0.271 0.257 0.257
0.258 0.2025 0.2025 0.1775 0.1775 0.1775 0.197 0.197 0.2235 0.2235 0.225 0.225 0.2445 0.2445 0.2445 0.2525 0.2525 0.245 0.245 0.2425 0.2425 0.2425 0.2435 0.2435 0.2515 0.2515 0.2325 0.2325 0.2325 0.2145 0.2145 0.2175 0.2175 0.221 0.221 0.221 0.257 0.257 0.2455 0.2455 0.2345 0.2345 0.2345 0.245 0.245 0.248 0.248 0.2595 0.2595 0.2405 0.2405 0.2405 0.233 0.233 0.2335 0.2335 0.238 0.238 0.238 0.23 0.23 0.234 0.234 0.257 0.257 0.257 0.253 0.253 0.2515 0.2515 0.268 0.268 0.268 0.269 0.269 0.265 0.265
0.258 0.2025 0.2025 0.1775 0.1775 0.1775 0.197 0.197 0.2235 0.2235 0.225 0.225 0.2445 0.2445 0.2445 0.2525 0.2525 0.245 0.245 0.2425 0.2425 0.2425 0.2435 0.2435 0.2515 0.2515 0.2325 0.2325 0.2325 0.2145 0.2145 0.2175 0.2175 0.221 0.221 0.221 0.257 0.257 0.2455 0.2455 0.2345 0.2345 0.2345 0.245 0.245 0.248 0.248 0.2595 0.2595 0.2405 0.2405 0.2405 0.233 0.233 0.2335 0.2335 0.238 0.238 0.238 0.23 0.23 0.234 0.234 0.257 0.257 0.257 0.253 0.253 0.2515 0.2515 0.268 0.268 0.268 0.269 0.269 0.265 0.265
0.2185 0.2045 0.2045 0.202 0.202 0.202 0.227 0.227 0.2215 0.2215 0.2345 0.2345 0.2385 0.2385 0.2385 0.236 0.236 0.235 0.235 0.2315 0.2315 0.2315 0.2215 0.2215 0.2195 0.2195 0.2165 0.2165 0.2165 0.224 0.224 0.2385 0.2385 0.252 0.252 0.252 0.2475 0.2475 0.2605 0.2605 0.2625 0.2625 0.2625 0.261 0.261 0.25 0.25 0.2555 0.2555 0.235 0.235 0.235 0.2235 0.2235 0.2215 0.2215 0.226 0.226 0.226 0.235 0.235 0.236 0.236 0.254 0.254 0.254 0.256 0.256 0.2595 0.2595 0.2635 0.2635 0.2635 0.2525 0.2525 0.28 0.28
0.2185 0.2045 0.2045 0.202 0.202 0.202 0.227 0.227 0.2215 0.2215 0.2345 0.2345 0.2385 0.2385 0.2385 0.236 0.236 0.235 0.235 0.2315 0.2315 0.2315 0.2215 0.2215 0.2195 0.2195 0.2165 0.2165 0.2165 0.224 0.224 0.2385 0.2385 0.252 0.252 0.252 0.2475 0.2475 0.2605 0.2605 0.2625 0.2625 0.2625 0.261 0.261 0.25 0.25 0.2555 0.2555 0.235 0.235 0.235 0.2235 0.2235 0.2215 0.2215 0.226 0.226 0.226 0.235 0.235 0.236 0.236 0.254 0.254 0.254 0.256 0.256 0.2595 0.2595 0.2635 0.2635 0.2635 0.2525 0.2525 0.28 0.28
0.2185 0.2045 0.2045 0.202 0.202 0.202 0.227 0.227 0.2215 0.2215 0.2345 0.2345 0.2385 0.2385 0.2385 0.236 0.236 0.235 0.235 0.2315 0.2315 0.2315 0.2215 0.2215 0.2195 0.2195 0.2165 0.2165 0.2165 0.224 0.224 0.2385 0.2385 0.252 0.252 0.252 0.2475 0.2475 0.2605 0.2605 0.2625 0.2625 0.2625 0.261 0.261 0.25 0.25 0.2555 0.2555 0.235 0.235 0.235 0.2235 0.2235 0.2215 0.2215 0.226 0.226 0.226 0.235 0.235 0.236 0.236 0.254 0.254 0.254 0.256 0.256 0.2595 0.2595 0.2635 0.2635 0.2635 0.2525 0.2525 0.28 0.28
0.2155 0.205 0.205 0.2255 0.2255 0.2255 0.225 0.225 0.232 0.232 0.2205 0.2205 0.2205 0.2205 0.2205 0.216 0.216 0.224 0.224 0.251 0.251 0.251 0.2395 0.2395 0.211 0.211 0.2145 0.2145 0.2145 0.223 0.223 0.247 0.247 0.2565 0.2565 0.2565 0.2545 0.2545 0.2635 0.2635 0.2745 0.2745 0.2745 0.264 0.264 0.2415 0.2415 0.2455 0.2455 0.239 0.239 0.239 0.2525 0.2525 0.2135 0.2135 0.237 0.237 0.237 0.244 0.244 0.249 0.249 0.251 0.251 0.251 0.2385 0.2385 0.2405 0.2405 0.251 0.251 0.251 0.2675 0.2675 0.27 0.27
0.2155 0.205 0.205 0.2255 0.2255 0.2255 0.225 0.225 0.232 0.232 0.2205 0.2205 0.2205 0.2205 0.2205 0.216 0.216 0.224 0.224 0.251 0.251 0.251 0.2395 0.2395 0.211 0.211 0.2145 0.2145 0.2145 0.223 0.223 0.247 0.247 0.2565 0.2565 0.2565 0.2545 0.2545 0.2635 0.2635 0.2745 0.2745 0.2745 0.264 0.264 0.2415 0.2415 0.2455 0.2455 0.239 0.239 0.239 0.2525 0.2525 0.2135 0.2135 0.237 0.237 0.237 0.244 0.244 0.249 0.249 0.251 0.251 0.251 0.2385 0.2385 0.2405 0.2405 0.251 0.251 0.251 0.2675 0.2675 0.27 0.27
0.219 0.2115 0.2115 0.223 0.223 0.223 0.213 0.213 0.2245 0.2245 0.2225 0.2225 0.21 0.21 0.21 0.197 0.197 0.25 0.25 0.247 0.247 0.247 0.2525 0.2525 0.2375 0.2375 0.2375 0.2375 0.2375 0.236 0.236 0.255 0.255 0.2555 0.2555 0.2555 0.2465 0.2465 0.253 0.253 0.27 0.27 0.27 0.2595 0.2595 0.239 0.239 0.2405 0.2405 0.261 0.261 0.261 0.237 0.237 0.227 0.227 0.27 0.27 0.27 0.2155 0.2155 0.2265 0.2265 0.2235 0.2235 0.2235 0.218 0.218 0.2175 0.2175 0.2325 0.2325 0.2325 0.2515 0.2515 0.274 0.274
0.219 0.2115 0.2115 0.223 0.223 0.223 0.213 0.213 0.2245 0.2245 0.2225 0.2225 0.21 0.21 0.21 0.197 0.197 0.25 0.25 0.247 0.247 0.247 0.2525 0.2525 0.2375 0.2375 0.2375 0.2375 0.2375 0.236 0.236 0.255 0.255 0.2555 0.2555 0.2555 0.2465 0.2465 0.253 0.253 0.27 0.27 0.27 0.2595 0.2595 0.239 0.239 0.2405 0.2405 0.261 0.261 0.261 0.237 0.237 0.227 0.227 0.27 0.27 0.27 0.2155 0.2155 0.2265 0.2265 0.2235 0.2235 0.2235 0.218 0.218 0.2175 0.2175 0.2325 0.2325 0.2325 0.2515 0.2515 0.274 0.274
0.242 0.2185 0.2185 0.244 0.244 0.244 0.2135 0.2135 0.222 0.222 0.2325 0.2325 0.2345 0.2345 0.2345 0.2385 0.2385 0.2565 0.2565 0.2475 0.2475 0.2475 0.2505 0.2505 0.236 0.236 0.248 0.248 0.248 0.2425 0.2425 0.25 0.25 0.237 0.237 0.237 0.242 0.242 0.2455 0.2455 0.2475 0.2475 0.2475 0.2445 0.2445 0.236 0.236 0.248 0.248 0.2325 0.2325 0.2325 0.2275 0.2275 0.228 0.228 0.218 0.218 0.218 0.2275 0.2275 0.2345 0.2345 0.217 0.217 0.217 0.2165 0.2165 0.226 0.226 0.2185 0.2185 0.2185 0.229 0.229 0.238 0.238
0.242 0.2185 0.2185 0.244 0.244 0.244 0.2135 0.2135 0.222 0.222 0.2325 0.2325 0.2345 0.2345 0.2345 0.2385 0.2385 0.2565 0.2565 0.2475 0.2475 0.2475 0.2505 0.2505 0.236 0.236 0.248 0.248 0.248 0.2425 0.2425 0.25 0.25 0.237 0.237 0.237 0.242 0.242 0.2455 0.2455 0.2475 0.2475 0.2475 0.2445 0.2445 0.236 0.236 0.248 0.248 0.2325 0.2325 0.2325 0.2275 0.2275 0.228 0.228 0.218 0.218 0.218 0.2275 0.2275 0.2345 0.2345 0.217 0.217 0.217 0.2165 0.2165 0.226 0.226 0.2185 0.2185 0.2185 0.229 0.229 0.238 0.238
0.247 0.2525 0.2525 0.2055 0.2055 0.2055 0.224 0.224 0.2285 0.2285 0.2355 0.2355 0.233 0.233 0.233 0.232 0.232 0.252 0.252 0.247 0.247 0.247 0.2415 0.2415 0.2355 0.2355 0.245 0.245 0.245 0.2545 0.2545 0.2555 0.2555 0.242 0.242 0.242 0.232 0.232 0.2345 0.2345 0.2425 0.2425 0.2425 0.2435 0.2435 0.246 0.246 0.273 0.273 0.291 0.291 0.291 0.2635 0.2635 0.23 0.23 0.2335 0.2335 0.2335 0.221 0.221 0.226 0.226 0.2365 0.2365 0.2365 0.2345 0.2345 0.2345 0.2345 0.236 0.236 0.236 0.24 0.24 0.2415 0.2415
0.247 0.2525 0.2525 0.2055 0.2055 0.2055 0.224 0.224 0.2285 0.2285 0.2355 0.2355 0.233 0.233 0.233 0.232 0.232 0.252 0.252 0.247 0.247 0.247 0.2415 0.2415 0.2355 0.2355 0.245 0.245 0.245 0.2545 0.2545 0.2555 0.2555 0.242 0.242 0.242 0.232 0.232 0.2345 0.2345 0.2425 0.2425 0.2425 0.2435 0.2435 0.246 0.246 0.273 0.273 0.291 0.291 0.291 0.2635 0.2635 0.23 0.23 0.2335 0.2335 0.2335 0.221 0.221 0.226 0.226 0.2365 0.2365 0.2365 0.2345 0.2345 0.2345 0.2345 0.236 0.236 0.236 0.24 0.24 0.2415 0.2415
