ndvi/NOAA-350.asc
ncols         252
nrows         154
xllcorner     -18.017974
yllcorner     13.481982
cellsize      0.035948
NODATA_value  -9999
[rows 35 to 69 of 154, columns 154 to 230 of 252]
0.153 0.16 0.16 0.1685 0.1685 0.1685 0.1565 0.1565 0.137 0.137 0.123 0.123 0.1295 0.1295 0.1295 0.125 0.125 0.1395 0.1395 0.135 0.135 0.135 0.124 0.124 0.146 0.146 0.1595 0.1595 0.1595 0.162 0.162 0.1605 0.1605 0.142 0.142 0.142 0.14 0.14 0.1415 0.1415 0.139 0.139 0.139 0.141 0.141 0.141 0.141 0.145 0.145 0.14 0.14 0.14 0.1445 0.1445 0.147 0.147 0.143 0.143 0.143 0.154 0.154 0.1505 0.1505 0.15 0.15 0.15 0.151 0.151 0.1475 0.1475 0.1475 0.1475 0.1475 0.143 0.143 0.139 0.139
0.153 0.16 0.16 0.1685 0.1685 0.1685 0.1565 0.1565 0.137 0.137 0.123 0.123 0.1295 0.1295 0.1295 0.125 0.125 0.1395 0.1395 0.135 0.135 0.135 0.124 0.124 0.146 0.146 0.1595 0.1595 0.1595 0.162 0.162 0.1605 0.1605 0.142 0.142 0.142 0.14 0.14 0.1415 0.1415 0.139 0.139 0.139 0.141 0.141 0.141 0.141 0.145 0.145 0.14 0.14 0.14 0.1445 0.1445 0.147 0.147 0.143 0.143 0.143 0.154 0.154 0.1505 0.1505 0.15 0.15 0.15 0.151 0.151 0.1475 0.1475 0.1475 0.1475 0.1475 0.143 0.143 0.139 0.139
0.1525 0.1615 0.1615 0.176 0.176 0.176 0.1455 0.1455 0.129 0.129 0.1235 0.1235 0.135 0.135 0.135 0.132 0.132 0.14 0.14 0.134 0.134 0.134 0.1345 0.1345 0.1565 0.1565 0.165 0.165 0.165 0.2005 0.2005 0.1525 0.1525 0.1515 0.1515 0.1515 0.144 0.144 0.145 0.145 0.142 0.142 0.142 0.1405 0.1405 0.143 0.143 0.1485 0.1485 0.147 0.147 0.147 0.1465 0.1465 0.146 0.146 0.1515 0.1515 0.1515 0.153 0.153 0.1565 0.1565 0.149 0.149 0.149 0.1475 0.1475 0.1495 0.1495 0.1475 0.1475 0.1475 0.152 0.152 0.1505 0.1505
0.1525 0.1615 0.1615 0.176 0.176 0.176 0.1455 0.1455 0.129 0.129 0.1235 0.1235 0.135 0.135 0.135 0.132 0.132 0.14 0.14 0.134 0.134 0.134 0.1345 0.1345 0.1565 0.1565 0.165 0.165 0.165 0.2005 0.2005 0.1525 0.1525 0.1515 0.1515 0.1515 0.144 0.144 0.145 0.145 0.142 0.142 0.142 0.1405 0.1405 0.143 0.143 0.1485 0.1485 0.147 0.147 0.147 0.1465 0.1465 0.146 0.146 0.1515 0.1515 0.1515 0.153 0.153 0.1565 0.1565 0.149 0.149 0.149 0.1475 0.1475 0.1495 0.1495 0.1475 0.1475 0.1475 0.152 0.152 0.1505 0.1505
0.1715 0.141 0.141 0.1305 0.1305 0.1305 0.122 0.122 0.123 0.123 0.131 0.131 0.129 0.129 0.129 0.125 0.125 0.1185 0.1185 0.111 0.111 0.111 0.1235 0.1235 0.1605 0.1605 0.1995 0.1995 0.1995 0.202 0.202 0.1805 0.1805 0.1765 0.1765 0.1765 0.1535 0.1535 0.151 0.151 0.14 0.14 0.14 0.147 0.147 0.1515 0.1515 0.1505 0.1505 0.146 0.146 0.146 0.146 0.146 0.1475 0.1475 0.157 0.157 0.157 0.164 0.164 0.1595 0.1595 0.1555 0.1555 0.1555 0.154 0.154 0.152 0.152 0.1565 0.1565 0.1565 0.157 0.157 0.1515 0.1515
0.1715 0.141 0.141 0.1305 0.1305 0.1305 0.122 0.122 0.123 0.123 0.131 0.131 0.129 0.129 0.129 0.125 0.125 0.1185 0.1185 0.111 0.111 0.111 0.1235 0.1235 0.1605 0.1605 0.1995 0.1995 0.1995 0.202 0.202 0.1805 0.1805 0.1765 0.1765 0.1765 0.1535 0.1535 0.151 0.151 0.14 0.14 0.14 0.147 0.147 0.1515 0.1515 0.1505 0.1505 0.146 0.146 0.146 0.146 0.146 0.1475 0.1475 0.157 0.157 0.157 0.164 0.164 0.1595 0.1595 0.1555 0.1555 0.1555 0.154 0.154 0.152 0.152 0.1565 0.1565 0.1565 0.157 0.157 0.1515 0.1515
0.153 0.153 0.153 0.1295 0.1295 0.1295 0.1245 0.1245 0.131 0.131 0.1295 0.1295 0.129 0.129 0.129 0.133 0.133 0.1255 0.1255 0.1315 0.1315 0.1315 0.1405 0.1405 0.175 0.175 0.171 0.171 0.171 0.2035 0.2035 0.188 0.188 0.1745 0.1745 0.1745 0.1835 0.1835 0.17 0.17 0.164 0.164 0.164 0.151 0.151 0.175 0.175 0.156 0.156 0.1625 0.1625 0.1625 0.166 0.166 0.166 0.166 0.186 0.186 0.186 0.1735 0.1735 0.1895 0.1895 0.208 0.208 0.208 0.168 0.168 0.162 0.162 0.1515 0.1515 0.1515 0.154 0.154 0.172 0.172
0.153 0.153 0.153 0.1295 0.1295 0.1295 0.1245 0.1245 0.131 0.131 0.1295 0.1295 0.129 0.129 0.129 0.133 0.133 0.1255 0.1255 0.1315 0.1315 0.1315 0.1405 0.1405 0.175 0.175 0.171 0.171 0.171 0.2035 0.2035 0.188 0.188 0.1745 0.1745 0.1745 0.1835 0.1835 0.17 0.17 0.164 0.164 0.164 0.151 0.151 0.175 0.175 0.156 0.156 0.1625 0.1625 0.1625 0.166 0.166 0.166 0.166 0.186 0.186 0.186 0.1735 0.1735 0.1895 0.1895 0.208 0.208 0.208 0.168 0.168 0.162 0.162 0.1515 0.1515 0.1515 0.154 0.154 0.172 0.172
0.153 0.153 0.153 0.1295 0.1295 0.1295 0.1245 0.1245 0.131 0.131 0.1295 0.1295 0.129 0.129 0.129 0.133 0.133 0.1255 0.1255 0.1315 0.1315 0.1315 0.1405 0.1405 0.175 0.175 0.171 0.171 0.171 0.2035 0.2035 0.188 0.188 0.1745 0.1745 0.1745 0.1835 0.1835 0.17 0.17 0.164 0.164 0.164 0.151 0.151 0.175 0.175 0.156 0.156 0.1625 0.1625 0.1625 0.166 0.166 0.166 0.166 0.186 0.186 0.186 0.1735 0.1735 0.1895 0.1895 0.208 0.208 0.208 0.168 0.168 0.162 0.162 0.1515 0.1515 0.1515 0.154 0.154 0.172 0.172
0.151 0.1715 0.1715 0.1645 0.1645 0.1645 0.1415 0.1415 0.1855 0.1855 0.1535 0.1535 0.1625 0.1625 0.1625 0.152 0.152 0.174 0.174 0.156 0.156 0.156 0.1675 0.1675 0.168 0.168 0.174 0.174 0.174 0.177 0.177 0.194 0.194 0.2025 0.2025 0.2025 0.1835 0.1835 0.1635 0.1635 0.1785 0.1785 0.1785 0.172 0.172 0.173 0.173 0.1825 0.1825 0.189 0.189 0.189 0.1765 0.1765 0.1845 0.1845 0.1815 0.1815 0.1815 0.179 0.179 0.1845 0.1845 0.193 0.193 0.193 0.1865 0.1865 0.154 0.154 0.159 0.159 0.159 0.1535 0.1535 0.15 0.15
0.151 0.1715 0.1715 0.1645 0.1645 0.1645 0.1415 0.1415 0.1855 0.1855 0.1535 0.1535 0.1625 0.1625 0.1625 0.152 0.152 0.174 0.174 0.156 0.156 0.156 0.1675 0.1675 0.168 0.168 0.174 0.174 0.174 0.177 0.177 0.194 0.194 0.2025 0.2025 0.2025 0.1835 0.1835 0.1635 0.1635 0.1785 0.1785 0.1785 0.172 0.172 0.173 0.173 0.1825 0.1825 0.189 0.189 0.189 0.1765 0.1765 0.1845 0.1845 0.1815 0.1815 0.1815 0.179 0.179 0.1845 0.1845 0.193 0.193 0.193 0.1865 0.1865 0.154 0.154 0.159 0.159 0.159 0.1535 0.1535 0.15 0.15
0.171 0.198 0.198 0.2055 0.2055 0.2055 0.2015 0.2015 0.219 0.219 0.2 0.2 0.2155 0.2155 0.2155 0.1995 0.1995 0.1975 0.1975 0.2 0.2 0.2 0.1955 0.1955 0.178 0.178 0.1885 0.1885 0.1885 0.183 0.183 0.1945 0.1945 0.2035 0.2035 0.2035 0.1965 0.1965 0.1885 0.1885 0.189 0.189 0.189 0.1835 0.1835 0.1865 0.1865 0.1785 0.1785 0.188 0.188 0.188 0.1765 0.1765 0.1735 0.1735 0.1945 0.1945 0.1945 0.1905 0.1905 0.1825 0.1825 0.1875 0.1875 0.1875 0.1795 0.1795 0.1545 0.1545 0.1625 0.1625 0.1625 0.19 0.19 0.1935 0.1935
0.171 0.198 0.198 0.2055 0.2055 0.2055 0.2015 0.2015 0.219 0.219 0.2 0.2 0.2155 0.2155 0.2155 0.1995 0.1995 0.1975 0.1975 0.2 0.2 0.2 0.1955 0.1955 0.178 0.178 0.1885 0.1885 0.1885 0.183 0.183 0.1945 0.1945 0.2035 0.2035 0.2035 0.1965 0.1965 0.1885 0.1885 0.189 0.189 0.189 0.1835 0.1835 0.1865 0.1865 0.1785 0.1785 0.188 0.188 0.188 0.1765 0.1765 0.1735 0.1735 0.1945 0.1945 0.1945 0.1905 0.1905 0.1825 0.1825 0.1875 0.1875 0.1875 0.1795 0.1795 0.1545 0.1545 0.1625 0.1625 0.1625 0.19 0.19 0.1935 0.1935
0.1635 0.1705 0.1705 0.2345 0.2345 0.2345 0.208 0.208 0.2375 0.2375 0.198 0.198 0.1975 0.1975 0.1975 0.237 0.237 0.208 0.208 0.182 0.182 0.182 0.192 0.192 0.2035 0.2035 0.2005 0.2005 0.2005 0.2045 0.2045 0.205 0.205 0.2115 0.2115 0.2115 0.2085 0.2085 0.1885 0.1885 0.188 0.188 0.188 0.192 0.192 0.191 0.191 0.178 0.178 0.189 0.189 0.189 0.1775 0.1775 0.203 0.203 0.207 0.207 0.207 0.1885 0.1885 0.2 0.2 0.1855 0.1855 0.1855 0.1765 0.1765 0.1785 0.1785 0.1645 0.1645 0.1645 0.1935 0.1935 0.184 0.184
0.1635 0.1705 0.1705 0.2345 0.2345 0.2345 0.208 0.208 0.2375 0.2375 0.198 0.198 0.1975 0.1975 0.1975 0.237 0.237 0.208 0.208 0.182 0.182 0.182 0.192 0.192 0.2035 0.2035 0.2005 0.2005 0.2005 0.2045 0.2045 0.205 0.205 0.2115 0.2115 0.2115 0.2085 0.2085 0.1885 0.1885 0.188 0.188 0.188 0.192 0.192 0.191 0.191 0.178 0.178 0.189 0.189 0.189 0.1775 0.1775 0.203 0.203 0.207 0.207 0.207 0.1885 0.1885 0.2 0.2 0.1855 0.1855 0.1855 0.1765 0.1765 0.1785 0.1785 0.1645 0.1645 0.1645 0.1935 0.1935 0.184 0.184
0.1635 0.1705 0.1705 0.2345 0.2345 0.2345 0.208 0.208 0.2375 0.2375 0.198 0.198 0.1975 0.1975 0.1975 0.237 0.237 0.208 0.208 0.182 0.182 0.182 0.192 0.192 0.2035 0.2035 0.2005 0.2005 0.2005 0.2045 0.2045 0.205 0.205 0.2115 0.2115 0.2115 0.2085 0.2085 0.1885 0.1885 0.188 0.188 0.188 0.192 0.192 0.191 0.191 0.178 0.178 0.189 0.189 0.189 0.1775 0.1775 0.203 0.203 0.207 0.207 0.207 0.1885 0.1885 0.2 0.2 0.1855 0.1855 0.1855 0.1765 0.1765 0.1785 0.1785 0.1645 0.1645 0.1645 0.1935 0.1935 0.184 0.184
0.168 0.1645 0.1645 0.2135 0.2135 0.2135 0.2245 0.2245 0.2415 0.2415 0.229 0.229 0.1975 0.1975 0.1975 0.1845 0.1845 0.187 0.187 0.193 0.193 0.193 0.1935 0.1935 0.203 0.203 0.2215 0.2215 0.2215 0.208 0.208 0.21 0.21 0.2035 0.2035 0.2035 0.209 0.209 0.205 0.205 0.2065 0.2065 0.2065 0.1765 0.1765 0.189 0.189 0.1965 0.1965 0.1725 0.1725 0.1725 0.176 0.176 0.185 0.185 0.202 0.202 0.202 0.1965 0.1965 0.1985 0.1985 0.191 0.191 0.191 0.1825 0.1825 0.1785 0.1785 0.185 0.185 0.185 0.19 0.19 0.185 0.185
0.168 0.1645 0.1645 0.2135 0.2135 0.2135 0.2245 0.2245 0.2415 0.2415 0.229 0.229 0.1975 0.1975 0.1975 0.1845 0.1845 0.187 0.187 0.193 0.193 0.193 0.1935 0.1935 0.203 0.203 0.2215 0.2215 0.2215 0.208 0.208 0.21 0.21 0.2035 0.2035 0.2035 0.209 0.209 0.205 0.205 0.2065 0.2065 0.2065 0.1765 0.1765 0.189 0.189 0.1965 0.1965 0.1725 0.1725 0.1725 0.176 0.176 0.185 0.185 0.202 0.202 0.202 0.1965 0.1965 0.1985 0.1985 0.191 0.191 0.191 0.1825 0.1825 0.1785 0.1785 0.185 0.185 0.185 0.19 0.19 0.185 0.185
0.135 0.1745 0.1745 0.211 0.211 0.211 0.2405 0.2405 0.266 0.266 0.2245 0.2245 0.227 0.227 0.227 0.2075 0.2075 0.2115 0.2115 0.189 0.189 0.189 0.1915 0.1915 0.2365 0.2365 0.234 0.234 0.234 0.2205 0.2205 0.236 0.236 0.231 0.231 0.231 0.221 0.221 0.2325 0.2325 0.204 0.204 0.204 0.189 0.189 0.1845 0.1845 0.193 0.193 0.193 0.193 0.193 0.196 0.196 0.1975 0.1975 0.214 0.214 0.214 0.217 0.217 0.1875 0.1875 0.1945 0.1945 0.1945 0.183 0.183 0.187 0.187 0.2015 0.2015 0.2015 0.2005 0.2005 0.2005 0.2005
0.135 0.1745 0.1745 0.211 0.211 0.211 0.2405 0.2405 0.266 0.266 0.2245 0.2245 0.227 0.227 0.227 0.2075 0.2075 0.2115 0.2115 0.189 0.189 0.189 0.1915 0.1915 0.2365 0.2365 0.234 0.234 0.234 0.2205 0.2205 0.236 0.236 0.231 0.231 0.231 0.221 0.221 0.2325 0.2325 0.204 0.204 0.204 0.189 0.189 0.1845 0.1845 0.193 0.193 0.193 0.193 0.193 0.196 0.196 0.1975 0.1975 0.214 0.214 0.214 0.217 0.217 0.1875 0.1875 0.1945 0.1945 0.1945 0.183 0.183 0.187 0.187 0.2015 0.2015 0.2015 0.2005 0.2005 0.2005 0.2005
0.13 0.152 0.152 0.2025 0.2025 0.2025 0.234 0.234 0.223 0.223 0.2125 0.2125 0.231 0.231 0.231 0.2195 0.2195 0.2105 0.2105 0.2415 0.2415 0.2415 0.239 0.239 0.241 0.241 0.243 0.243 0.243 0.247 0.247 0.2425 0.2425 0.226 0.226 0.226 0.2345 0.2345 0.22 0.22 0.1925 0.1925 0.1925 0.1875 0.1875 0.1905 0.1905 0.1875 0.1875 0.1805 0.1805 0.1805 0.2015 0.2015 0.182 0.182 0.1995 0.1995 0.1995 0.1885 0.1885 0.202 0.202 0.205 0.205 0.205 0.201 0.201 0.188 0.188 0.19 0.19 0.19 0.204 0.204 0.191 0.191
0.13 0.152 0.152 0.2025 0.2025 0.2025 0.234 0.234 0.223 0.223 0.2125 0.2125 0.231 0.231 0.231 0.2195 0.2195 0.2105 0.2105 0.2415 0.2415 0.2415 0.239 0.239 0.241 0.241 0.243 0.243 0.243 0.247 0.247 0.2425 0.2425 0.226 0.226 0.226 0.2345 0.2345 0.22 0.22 0.1925 0.1925 0.1925 0.1875 0.1875 0.1905 0.1905 0.1875 0.1875 0.1805 0.1805 0.1805 0.2015 0.2015 0.182 0.182 0.1995 0.1995 0.1995 0.1885 0.1885 0.202 0.202 0.205 0.205 0.205 0.201 0.201 0.188 0.188 0.19 0.19 0.19 0.204 0.204 0.191 0.191
0.127 0.1765 0.1765 0.186 0.186 0.186 0.2315 0.2315 0.2235 0.2235 0.2195 0.2195 0.197 0.197 0.197 0.2315 0.2315 0.209 0.209 0.248 0.248 0.248 0.233 0.233 0.249 0.249 0.235 0.235 0.235 0.2345 0.2345 0.242 0.242 0.241 0.241 0.241 0.2225 0.2225 0.212 0.212 0.1995 0.1995 0.1995 0.1995 0.1995 0.2035 0.2035 0.1885 0.1885 0.176 0.176 0.176 0.1685 0.1685 0.168 0.168 0.187 0.187 0.187 0.1825 0.1825 0.1995 0.1995 0.199 0.199 0.199 0.207 0.207 0.1985 0.1985 0.2105 0.2105 0.2105 0.201 0.201 0.2025 0.2025
0.127 0.1765 0.1765 0.186 0.186 0.186 0.2315 0.2315 0.2235 0.2235 0.2195 0.2195 0.197 0.197 0.197 0.2315 0.2315 0.209 0.209 0.248 0.248 0.248 0.233 0.233 0.249 0.249 0.235 0.235 0.235 0.2345 0.2345 0.242 0.242 0.241 0.241 0.241 0.2225 0.2225 0.212 0.212 0.1995 0.1995 0.1995 0.1995 0.1995 0.2035 0.2035 0.1885 0.1885 0.176 0.176 0.176 0.1685 0.1685 0.168 0.168 0.187 0.187 0.187 0.1825 0.1825 0.1995 0.1995 0.199 0.199 0.199 0.207 0.207 0.1985 0.1985 0.2105 0.2105 0.2105 0.201 0.201 0.2025 0.2025
0.127 0.1765 0.1765 0.186 0.186 0.186 0.2315 0.2315 0.2235 0.2235 0.2195 0.2195 0.197 0.197 0.197 0.2315 0.2315 0.209 0.209 0.248 0.248 0.248 0.233 0.233 0.249 0.249 0.235 0.235 0.235 0.2345 0.2345 0.242 0.242 0.241 0.241 0.241 0.2225 0.2225 0.212 0.212 0.1995 0.1995 0.1995 0.1995 0.1995 0.2035 0.2035 0.1885 0.1885 0.176 0.176 0.176 0.1685 0.1685 0.168 0.168 0.187 0.187 0.187 0.1825 0.1825 0.1995 0.1995 0.199 0.199 0.199 0.207 0.207 0.1985 0.1985 0.2105 0.2105 0.2105 0.201 0.201 0.2025 0.2025
0.151 0.1695 0.1695 0.171 0.171 0.171 0.156 0.156 0.203 0.203 0.212 0.212 0.2235 0.2235 0.2235 0.204 0.204 0.2285 0.2285 0.2265 0.2265 0.2265 0.24 0.24 0.2395 0.2395 0.207 0.207 0.207 0.217 0.217 0.232 0.232 0.2245 0.2245 0.2245 0.2295 0.2295 0.219 0.219 0.227 0.227 0.227 0.217 0.217 0.2305 0.2305 0.1695 0.1695 0.184 0.184 0.184 0.1805 0.1805 0.1625 0.1625 0.181 0.181 0.181 0.167 0.167 0.191 0.191 0.2075 0.2075 0.2075 0.1975 0.1975 0.176 0.176 0.1915 0.1915 0.1915 0.198 0.198 0.191 0.191
0.151 0.1695 0.1695 0.171 0.171 0.171 0.156 0.156 0.203 0.203 0.212 0.212 0.2235 0.2235 0.2235 0.204 0.204 0.2285 0.2285 0.2265 0.2265 0.2265 0.24 0.24 0.2395 0.2395 0.207 0.207 0.207 0.217 0.217 0.232 0.232 0.2245 0.2245 0.2245 0.2295 0.2295 0.219 0.219 0.227 0.227 0.227 0.217 0.217 0.2305 0.2305 0.1695 0.1695 0.184 0.184 0.184 0.1805 0.1805 0.1625 0.1625 0.181 0.181 0.181 0.167 0.167 0.191 0.191 0.2075 0.2075 0.2075 0.1975 0.1975 0.176 0.176 0.1915 0.1915 0.1915 0.198 0.198 0.191 0.191
0.1645 0.156 0.156 0.165 0.165 0.165 0.167 0.167 0.169 0.169 0.1935 0.1935 0.217 0.217 0.217 0.228 0.228 0.236 0.236 0.241 0.241 0.241 0.237 0.237 0.2335 0.2335 0.2355 0.2355 0.2355 0.2235 0.2235 0.2245 0.2245 0.221 0.221 0.221 0.223 0.223 0.2245 0.2245 0.2265 0.2265 0.2265 0.2055 0.2055 0.2065 0.2065 0.196 0.196 0.1705 0.1705 0.1705 0.183 0.183 0.1935 0.1935 0.176 0.176 0.176 0.195 0.195 0.198 0.198 0.213 0.213 0.213 0.22 0.22 0.184 0.184 0.181 0.181 0.181 0.183 0.183 0.188 0.188
0.1645 0.156 0.156 0.165 0.165 0.165 0.167 0.167 0.169 0.169 0.1935 0.1935 0.217 0.217 0.217 0.228 0.228 0.236 0.236 0.241 0.241 0.241 0.237 0.237 0.2335 0.2335 0.2355 0.2355 0.2355 0.2235 0.2235 0.2245 0.2245 0.221 0.221 0.221 0.223 0.223 0.2245 0.2245 0.2265 0.2265 0.2265 0.2055 0.2055 0.2065 0.2065 0.196 0.196 0.1705 0.1705 0.1705 0.183 0.183 0.1935 0.1935 0.176 0.176 0.176 0.195 0.195 0.198 0.198 0.213 0.213 0.213 0.22 0.22 0.184 0.184 0.181 0.181 0.181 0.183 0.183 0.188 0.188
0.184 0.215 0.215 0.1605 0.1605 0.1605 0.169 0.169 0.1705 0.1705 0.2025 0.2025 0.2145 0.2145 0.2145 0.2405 0.2405 0.2355 0.2355 0.224 0.224 0.224 0.2465 0.2465 0.2495 0.2495 0.237 0.237 0.237 0.2215 0.2215 0.23 0.23 0.247 0.247 0.247 0.245 0.245 0.254 0.254 0.231 0.231 0.231 0.2255 0.2255 0.2155 0.2155 0.215 0.215 0.2205 0.2205 0.2205 0.2275 0.2275 0.2765 0.2765 0.243 0.243 0.243 0.203 0.203 0.1895 0.1895 0.2265 0.2265 0.2265 0.207 0.207 0.216 0.216 0.188 0.188 0.188 0.1995 0.1995 0.222 0.222
0.184 0.215 0.215 0.1605 0.1605 0.1605 0.169 0.169 0.1705 0.1705 0.2025 0.2025 0.2145 0.2145 0.2145 0.2405 0.2405 0.2355 0.2355 0.224 0.224 0.224 0.2465 0.2465 0.2495 0.2495 0.237 0.237 0.237 0.2215 0.2215 0.23 0.23 0.247 0.247 0.247 0.245 0.245 0.254 0.254 0.231 0.231 0.231 0.2255 0.2255 0.2155 0.2155 0.215 0.215 0.2205 0.2205 0.2205 0.2275 0.2275 0.2765 0.2765 0.243 0.243 0.243 0.203 0.203 0.1895 0.1895 0.2265 0.2265 0.2265 0.207 0.207 0.216 0.216 0.188 0.188 0.188 0.1995 0.1995 0.222 0.222
0.184 0.215 0.215 0.1605 0.1605 0.1605 0.169 0.169 0.1705 0.1705 0.2025 0.2025 0.2145 0.2145 0.2145 0.2405 0.2405 0.2355 0.2355 0.224 0.224 0.224 0.2465 0.2465 0.2495 0.2495 0.237 0.237 0.237 0.2215 0.2215 0.23 0.23 0.247 0.247 0.247 0.245 0.245 0.254 0.254 0.231 0.231 0.231 0.2255 0.2255 0.2155 0.2155 0.215 0.215 0.2205 0.2205 0.2205 0.2275 0.2275 0.2765 0.2765 0.243 0.243 0.243 0.203 0.203 0.1895 0.1895 0.2265 0.2265 0.2265 0.207 0.207 0.216 0.216 0.188 0.188 0.188 0.1995 0.1995 0.222 0.222
0.1925 0.19 0.19 0.2005 0.2005 0.2005 0.1475 0.1475 0.175 0.175 0.209 0.209 0.223 0.223 0.223 0.259 0.259 0.2305 0.2305 0.2385 0.2385 0.2385 0.2495 0.2495 0.254 0.254 0.254 0.254 0.254 0.2595 0.2595 0.2475 0.2475 0.239 0.239 0.239 0.2265 0.2265 0.2285 0.2285 0.2295 0.2295 0.2295 0.2265 0.2265 0.252 0.252 0.215 0.215 0.2325 0.2325 0.2325 0.243 0.243 0.262 0.262 0.2745 0.2745 0.2745 0.2625 0.2625 0.2365 0.2365 0.2375 0.2375 0.2375 0.207 0.207 0.224 0.224 0.233 0.233 0.233 0.221 0.221 0.213 0.213
0.1925 0.19 0.19 0.2005 0.2005 0.2005 0.1475 0.1475 0.175 0.175 0.209 0.209 0.223 0.223 0.223 0.259 0.259 0.2305 0.2305 0.2385 0.2385 0.2385 0.2495 0.2495 0.254 0.254 0.254 0.254 0.254 0.2595 0.2595 0.2475 0.2475 0.239 0.239 0.239 0.2265 0.2265 0.2285 0.2285 0.2295 0.2295 0.2295 0.2265 0.2265 0.252 0.252 0.215 0.215 0.2325 0.2325 0.2325 0.243 0.243 0.262 0.262 0.2745 0.2745 0.2745 0.2625 0.2625 0.2365 0.2365 0.2375 0.2375 0.2375 0.207 0.207 0.224 0.224 0.233 0.233 0.233 0.221 0.221 0.213 0.213
0.1885 0.2035 0.2035 0.222 0.222 0.222 0.2265 0.2265 0.19 0.19 0.2065 0.2065 0.2435 0.2435 0.2435 0.2545 0.2545 0.2405 0.2405 0.225 0.225 0.225 0.2355 0.2355 0.236 0.236 0.235 0.235 0.235 0.246 0.246 0.255 0.255 0.234 0.234 0.234 0.2245 0.2245 0.239 0.239 0.224 0.224 0.224 0.217 0.217 0.1985 0.1985 0.225 0.225 0.1995 0.1995 0.1995 0.2345 0.2345 0.246 0.246 0.239 0.239 0.239 0.2855 0.2855 0.258 0.258 0.233 0.233 0.233 0.2065 0.2065 0.2235 0.2235 0.26 0.26 0.26 0.251 0.251 0.28 0.28
