ndvi/NOAA-220.asc
ncols         252
nrows         154
xllcorner     -18.017974
yllcorner     13.481982
cellsize      0.035948
NODATA_value  -9999
[rows 0 to 33 of 154, columns 154 to 230 of 252]
0.0935 0.087 0.087 0.0955 0.0955 0.0955 0.0975 0.0975 0.1015 0.1015 0.0965 0.0965 0.0915 0.0915 0.0915 0.0995 0.0995 0.098 0.098 0.1015 0.1015 0.1015 0.097 0.097 0.1025 0.1025 0.1035 0.1035 0.1035 0.1005 0.1005 0.094 0.094 0.0925 0.0925 0.0925 0.0985 0.0985 0.092 0.092 0.094 0.094 0.094 0.104 0.104 0.099 0.099 0.0985 0.0985 0.108 0.108 0.108 0.101 0.101 0.104 0.104 0.1015 0.1015 0.1015 0.1025 0.1025 0.09550001 0.09550001 0.09299999 0.09299999 0.09299999 0.092 0.092 0.086 0.086 0.0835 0.0835 0.0835 0.086 0.086 0.083 0.083
0.0935 0.087 0.087 0.0955 0.0955 0.0955 0.0975 0.0975 0.1015 0.1015 0.0965 0.0965 0.0915 0.0915 0.0915 0.0995 0.0995 0.098 0.098 0.1015 0.1015 0.1015 0.097 0.097 0.1025 0.1025 0.1035 0.1035 0.1035 0.1005 0.1005 0.094 0.094 0.0925 0.0925 0.0925 0.0985 0.0985 0.092 0.092 0.094 0.094 0.094 0.104 0.104 0.099 0.099 0.0985 0.0985 0.108 0.108 0.108 0.101 0.101 0.104 0.104 0.1015 0.1015 0.1015 0.1025 0.1025 0.09550001 0.09550001 0.09299999 0.09299999 0.09299999 0.092 0.092 0.086 0.086 0.0835 0.0835 0.0835 0.086 0.086 0.083 0.083
0.095 0.09100001 0.09100001 0.0895 0.0895 0.0895 0.0945 0.0945 0.0955 0.0955 0.09450001 0.09450001 0.1015 0.1015 0.1015 0.0975 0.0975 0.105 0.105 0.101 0.101 0.101 0.099 0.099 0.1035 0.1035 0.1025 0.1025 0.1025 0.103 0.103 0.1075 0.1075 0.1085 0.1085 0.1085 0.101 0.101 0.1075 0.1075 0.103 0.103 0.103 0.1185 0.1185 0.115 0.115 0.111 0.111 0.113 0.113 0.113 0.108 0.108 0.1075 0.1075 0.114 0.114 0.114 0.118 0.118 0.1045 0.1045 0.0925 0.0925 0.0925 0.092 0.092 0.0885 0.0885 0.0905 0.0905 0.0905 0.09 0.09 0.083 0.083
0.095 0.09100001 0.09100001 0.0895 0.0895 0.0895 0.0945 0.0945 0.0955 0.0955 0.09450001 0.09450001 0.1015 0.1015 0.1015 0.0975 0.0975 0.105 0.105 0.101 0.101 0.101 0.099 0.099 0.1035 0.1035 0.1025 0.1025 0.1025 0.103 0.103 0.1075 0.1075 0.1085 0.1085 0.1085 0.101 0.101 0.1075 0.1075 0.103 0.103 0.103 0.1185 0.1185 0.115 0.115 0.111 0.111 0.113 0.113 0.113 0.108 0.108 0.1075 0.1075 0.114 0.114 0.114 0.118 0.118 0.1045 0.1045 0.0925 0.0925 0.0925 0.092 0.092 0.0885 0.0885 0.0905 0.0905 0.0905 0.09 0.09 0.083 0.083
0.095 0.09100001 0.09100001 0.0895 0.0895 0.0895 0.0945 0.0945 0.0955 0.0955 0.09450001 0.09450001 0.1015 0.1015 0.1015 0.0975 0.0975 0.105 0.105 0.101 0.101 0.101 0.099 0.099 0.1035 0.1035 0.1025 0.1025 0.1025 0.103 0.103 0.1075 0.1075 0.1085 0.1085 0.1085 0.101 0.101 0.1075 0.1075 0.103 0.103 0.103 0.1185 0.1185 0.115 0.115 0.111 0.111 0.113 0.113 0.113 0.108 0.108 0.1075 0.1075 0.114 0.114 0.114 0.118 0.118 0.1045 0.1045 0.0925 0.0925 0.0925 0.092 0.092 0.0885 0.0885 0.0905 0.0905 0.0905 0.09 0.09 0.083 0.083
0.094 0.1015 0.1015 0.103 0.103 0.103 0.1065 0.1065 0.104 0.104 0.1015 0.1015 0.103 0.103 0.103 0.107 0.107 0.107 0.107 0.102 0.102 0.102 0.11 0.11 0.1115 0.1115 0.11 0.11 0.11 0.113 0.113 0.1165 0.1165 0.117 0.117 0.117 0.1135 0.1135 0.1145 0.1145 0.116 0.116 0.116 0.1165 0.1165 0.1115 0.1115 0.1205 0.1205 0.119 0.119 0.119 0.1175 0.1175 0.109 0.109 0.1125 0.1125 0.1125 0.11 0.11 0.1035 0.1035 0.099 0.099 0.099 0.0935 0.0935 0.0925 0.0925 0.0905 0.0905 0.0905 0.093 0.093 0.086 0.086
0.094 0.1015 0.1015 0.103 0.103 0.103 0.1065 0.1065 0.104 0.104 0.1015 0.1015 0.103 0.103 0.103 0.107 0.107 0.107 0.107 0.102 0.102 0.102 0.11 0.11 0.1115 0.1115 0.11 0.11 0.11 0.113 0.113 0.1165 0.1165 0.117 0.117 0.117 0.1135 0.1135 0.1145 0.1145 0.116 0.116 0.116 0.1165 0.1165 0.1115 0.1115 0.1205 0.1205 0.119 0.119 0.119 0.1175 0.1175 0.109 0.109 0.1125 0.1125 0.1125 0.11 0.11 0.1035 0.1035 0.099 0.099 0.099 0.0935 0.0935 0.0925 0.0925 0.0905 0.0905 0.0905 0.093 0.093 0.086 0.086
0.1015 0.0975 0.0975 0.1065 0.1065 0.1065 0.1115 0.1115 0.111 0.111 0.1035 0.1035 0.103 0.103 0.103 0.102 0.102 0.1095 0.1095 0.1045 0.1045 0.1045 0.11 0.11 0.1115 0.1115 0.1155 0.1155 0.1155 0.111 0.111 0.1145 0.1145 0.1135 0.1135 0.1135 0.1115 0.1115 0.1115 0.1115 0.1115 0.1115 0.1115 0.1085 0.1085 0.112 0.112 0.1155 0.1155 0.118 0.118 0.118 0.117 0.117 0.1125 0.1125 0.107 0.107 0.107 0.104 0.104 0.108 0.108 0.1025 0.1025 0.1025 0.099 0.099 0.095 0.095 0.0945 0.0945 0.0945 0.094 0.094 0.08849999 0.08849999
0.1015 0.0975 0.0975 0.1065 0.1065 0.1065 0.1115 0.1115 0.111 0.111 0.1035 0.1035 0.103 0.103 0.103 0.102 0.102 0.1095 0.1095 0.1045 0.1045 0.1045 0.11 0.11 0.1115 0.1115 0.1155 0.1155 0.1155 0.111 0.111 0.1145 0.1145 0.1135 0.1135 0.1135 0.1115 0.1115 0.1115 0.1115 0.1115 0.1115 0.1115 0.1085 0.1085 0.112 0.112 0.1155 0.1155 0.118 0.118 0.118 0.117 0.117 0.1125 0.1125 0.107 0.107 0.107 0.104 0.104 0.108 0.108 0.1025 0.1025 0.1025 0.099 0.099 0.095 0.095 0.0945 0.0945 0.0945 0.094 0.094 0.08849999 0.08849999
0.1055 0.104 0.104 0.108 0.108 0.108 0.1025 0.1025 0.1075 0.1075 0.1045 0.1045 0.103 0.103 0.103 0.105 0.105 0.1125 0.1125 0.111 0.111 0.111 0.1085 0.1085 0.1045 0.1045 0.1045 0.1045 0.1045 0.1085 0.1085 0.1125 0.1125 0.102 0.102 0.102 0.1035 0.1035 0.1055 0.1055 0.1045 0.1045 0.1045 0.1085 0.1085 0.112 0.112 0.121 0.121 0.122 0.122 0.122 0.113 0.113 0.112 0.112 0.106 0.106 0.106 0.104 0.104 0.105 0.105 0.1065 0.1065 0.1065 0.094 0.094 0.094 0.094 0.09299999 0.09299999 0.09299999 0.09 0.09 0.089 0.089
0.1055 0.104 0.104 0.108 0.108 0.108 0.1025 0.1025 0.1075 0.1075 0.1045 0.1045 0.103 0.103 0.103 0.105 0.105 0.1125 0.1125 0.111 0.111 0.111 0.1085 0.1085 0.1045 0.1045 0.1045 0.1045 0.1045 0.1085 0.1085 0.1125 0.1125 0.102 0.102 0.102 0.1035 0.1035 0.1055 0.1055 0.1045 0.1045 0.1045 0.1085 0.1085 0.112 0.112 0.121 0.121 0.122 0.122 0.122 0.113 0.113 0.112 0.112 0.106 0.106 0.106 0.104 0.104 0.105 0.105 0.1065 0.1065 0.1065 0.094 0.094 0.094 0.094 0.09299999 0.09299999 0.09299999 0.09 0.09 0.089 0.089
0.1125 0.1065 0.1065 0.108 0.108 0.108 0.1025 0.1025 0.1095 0.1095 0.106 0.106 0.108 0.108 0.108 0.112 0.112 0.1125 0.1125 0.1045 0.1045 0.1045 0.101 0.101 0.108 0.108 0.115 0.115 0.115 0.1045 0.1045 0.109 0.109 0.0985 0.0985 0.0985 0.107 0.107 0.105 0.105 0.104 0.104 0.104 0.1125 0.1125 0.117 0.117 0.126 0.126 0.112 0.112 0.112 0.11 0.11 0.1075 0.1075 0.1065 0.1065 0.1065 0.104 0.104 0.0985 0.0985 0.091 0.091 0.091 0.085 0.085 0.0875 0.0875 0.088 0.088 0.088 0.0855 0.0855 0.091 0.091
0.1125 0.1065 0.1065 0.108 0.108 0.108 0.1025 0.1025 0.1095 0.1095 0.106 0.106 0.108 0.108 0.108 0.112 0.112 0.1125 0.1125 0.1045 0.1045 0.1045 0.101 0.101 0.108 0.108 0.115 0.115 0.115 0.1045 0.1045 0.109 0.109 0.0985 0.0985 0.0985 0.107 0.107 0.105 0.105 0.104 0.104 0.104 0.1125 0.1125 0.117 0.117 0.126 0.126 0.112 0.112 0.112 0.11 0.11 0.1075 0.1075 0.1065 0.1065 0.1065 0.104 0.104 0.0985 0.0985 0.091 0.091 0.091 0.085 0.085 0.0875 0.0875 0.088 0.088 0.088 0.0855 0.0855 0.091 0.091
0.1125 0.1065 0.1065 0.108 0.108 0.108 0.1025 0.1025 0.1095 0.1095 0.106 0.106 0.108 0.108 0.108 0.112 0.112 0.1125 0.1125 0.1045 0.1045 0.1045 0.101 0.101 0.108 0.108 0.115 0.115 0.115 0.1045 0.1045 0.109 0.109 0.0985 0.0985 0.0985 0.107 0.107 0.105 0.105 0.104 0.104 0.104 0.1125 0.1125 0.117 0.117 0.126 0.126 0.112 0.112 0.112 0.11 0.11 0.1075 0.1075 0.1065 0.1065 0.1065 0.104 0.104 0.0985 0.0985 0.091 0.091 0.091 0.085 0.085 0.0875 0.0875 0.088 0.088 0.088 0.0855 0.0855 0.091 0.091
0.109 0.1125 0.1125 0.113 0.113 0.113 0.1125 0.1125 0.1095 0.1095 0.1055 0.1055 0.1095 0.1095 0.1095 0.113 0.113 0.1115 0.1115 0.1135 0.1135 0.1135 0.107 0.107 0.1025 0.1025 0.109 0.109 0.109 0.106 0.106 0.107 0.107 0.104 0.104 0.104 0.1035 0.1035 0.1075 0.1075 0.1125 0.1125 0.1125 0.1115 0.1115 0.111 0.111 0.1115 0.1115 0.104 0.104 0.104 0.1045 0.1045 0.1135 0.1135 0.1125 0.1125 0.1125 0.0965 0.0965 0.0955 0.0955 0.082 0.082 0.082 0.082 0.082 0.079 0.079 0.0805 0.0805 0.0805 0.0815 0.0815 0.092 0.092
0.109 0.1125 0.1125 0.113 0.113 0.113 0.1125 0.1125 0.1095 0.1095 0.1055 0.1055 0.1095 0.1095 0.1095 0.113 0.113 0.1115 0.1115 0.1135 0.1135 0.1135 0.107 0.107 0.1025 0.1025 0.109 0.109 0.109 0.106 0.106 0.107 0.107 0.104 0.104 0.104 0.1035 0.1035 0.1075 0.1075 0.1125 0.1125 0.1125 0.1115 0.1115 0.111 0.111 0.1115 0.1115 0.104 0.104 0.104 0.1045 0.1045 0.1135 0.1135 0.1125 0.1125 0.1125 0.0965 0.0965 0.0955 0.0955 0.082 0.082 0.082 0.082 0.082 0.079 0.079 0.0805 0.0805 0.0805 0.0815 0.0815 0.092 0.092
0.113 0.105 0.105 0.108 0.108 0.108 0.109 0.109 0.111 0.111 0.114 0.114 0.105 0.105 0.105 0.112 0.112 0.116 0.116 0.11 0.11 0.11 0.11 0.11 0.105 0.105 0.1105 0.1105 0.1105 0.102 0.102 0.105 0.105 0.103 0.103 0.103 0.099 0.099 0.102 0.102 0.0995 0.0995 0.0995 0.08750001 0.08750001 0.0815 0.0815 0.0755 0.0755 0.082 0.082 0.082 0.09649999 0.09649999 0.0925 0.0925 0.0925 0.0925 0.0925 0.0895 0.0895 0.093 0.093 0.0845 0.0845 0.0845 0.0885 0.0885 0.0815 0.0815 0.083 0.083 0.083 0.0815 0.0815 0.09 0.09
0.113 0.105 0.105 0.108 0.108 0.108 0.109 0.109 0.111 0.111 0.114 0.114 0.105 0.105 0.105 0.112 0.112 0.116 0.116 0.11 0.11 0.11 0.11 0.11 0.105 0.105 0.1105 0.1105 0.1105 0.102 0.102 0.105 0.105 0.103 0.103 0.103 0.099 0.099 0.102 0.102 0.0995 0.0995 0.0995 0.08750001 0.08750001 0.0815 0.0815 0.0755 0.0755 0.082 0.082 0.082 0.09649999 0.09649999 0.0925 0.0925 0.0925 0.0925 0.0925 0.0895 0.0895 0.093 0.093 0.0845 0.0845 0.0845 0.0885 0.0885 0.0815 0.0815 0.083 0.083 0.083 0.0815 0.0815 0.09 0.09
0.109 0.134 0.134 0.1375 0.1375 0.1375 0.105 0.105 0.097 0.097 0.1005 0.1005 0.099 0.099 0.099 0.0915 0.0915 0.09999999 0.09999999 0.09900001 0.09900001 0.09900001 0.093 0.093 0.089 0.089 0.09100001 0.09100001 0.09100001 0.0885 0.0885 0.0855 0.0855 0.082 0.082 0.082 0.0905 0.0905 0.1035 0.1035 0.1035 0.1035 0.1035 0.098 0.098 0.103 0.103 0.105 0.105 0.0975 0.0975 0.0975 0.095 0.095 0.086 0.086 0.098 0.098 0.098 0.096 0.096 0.09649999 0.09649999 0.086 0.086 0.086 0.08149999 0.08149999 0.084 0.084 0.0825 0.0825 0.0825 0.08750001 0.08750001 0.0865 0.0865
0.109 0.134 0.134 0.1375 0.1375 0.1375 0.105 0.105 0.097 0.097 0.1005 0.1005 0.099 0.099 0.099 0.0915 0.0915 0.09999999 0.09999999 0.09900001 0.09900001 0.09900001 0.093 0.093 0.089 0.089 0.09100001 0.09100001 0.09100001 0.0885 0.0885 0.0855 0.0855 0.082 0.082 0.082 0.0905 0.0905 0.1035 0.1035 0.1035 0.1035 0.1035 0.098 0.098 0.103 0.103 0.105 0.105 0.0975 0.0975 0.0975 0.095 0.095 0.086 0.086 0.098 0.098 0.098 0.096 0.096 0.09649999 0.09649999 0.086 0.086 0.086 0.08149999 0.08149999 0.084 0.084 0.0825 0.0825 0.0825 0.08750001 0.08750001 0.0865 0.0865
0.109 0.134 0.134 0.1375 0.1375 0.1375 0.105 0.105 0.097 0.097 0.1005 0.1005 0.099 0.099 0.099 0.0915 0.0915 0.09999999 0.09999999 0.09900001 0.09900001 0.09900001 0.093 0.093 0.089 0.089 0.09100001 0.09100001 0.09100001 0.0885 0.0885 0.0855 0.0855 0.082 0.082 0.082 0.0905 0.0905 0.1035 0.1035 0.1035 0.1035 0.1035 0.098 0.098 0.103 0.103 0.105 0.105 0.0975 0.0975 0.0975 0.095 0.095 0.086 0.086 0.098 0.098 0.098 0.096 0.096 0.09649999 0.09649999 0.086 0.086 0.086 0.08149999 0.08149999 0.084 0.084 0.0825 0.0825 0.0825 0.08750001 0.08750001 0.0865 0.0865
0.1065 0.1235 0.1235 0.1325 0.1325 0.1325 0.11 0.11 0.0975 0.0975 0.096 0.096 0.1035 0.1035 0.1035 0.1055 0.1055 0.1035 0.1035 0.0995 0.0995 0.0995 0.099 0.099 0.09299999 0.09299999 0.09 0.09 0.09 0.087 0.087 0.083 0.083 0.1045 0.1045 0.1045 0.11 0.11 0.114 0.114 0.1045 0.1045 0.1045 0.1055 0.1055 0.1075 0.1075 0.102 0.102 0.103 0.103 0.103 0.09299999 0.09299999 0.091 0.091 0.0905 0.0905 0.0905 0.0915 0.0915 0.09299999 0.09299999 0.0925 0.0925 0.0925 0.089 0.089 0.09100001 0.09100001 0.0905 0.0905 0.0905 0.0915 0.0915 0.083 0.083
0.1065 0.1235 0.1235 0.1325 0.1325 0.1325 0.11 0.11 0.0975 0.0975 0.096 0.096 0.1035 0.1035 0.1035 0.1055 0.1055 0.1035 0.1035 0.0995 0.0995 0.0995 0.099 0.099 0.09299999 0.09299999 0.09 0.09 0.09 0.087 0.087 0.083 0.083 0.1045 0.1045 0.1045 0.11 0.11 0.114 0.114 0.1045 0.1045 0.1045 0.1055 0.1055 0.1075 0.1075 0.102 0.102 0.103 0.103 0.103 0.09299999 0.09299999 0.091 0.091 0.0905 0.0905 0.0905 0.0915 0.0915 0.09299999 0.09299999 0.0925 0.0925 0.0925 0.089 0.089 0.09100001 0.09100001 0.0905 0.0905 0.0905 0.0915 0.0915 0.083 0.083
0.1105 0.12 0.12 0.133 0.133 0.133 0.129 0.129 0.1065 0.1065 0.109 0.109 0.104 0.104 0.104 0.102 0.102 0.1035 0.1035 0.1155 0.1155 0.1155 0.124 0.124 0.1235 0.1235 0.113 0.113 0.113 0.1195 0.1195 0.129 0.129 0.1235 0.1235 0.1235 0.1205 0.1205 0.105 0.105 0.107 0.107 0.107 0.103 0.103 0.102 0.102 0.108 0.108 0.098 0.098 0.098 0.096 0.096 0.0945 0.0945 0.094 0.094 0.094 0.09649999 0.09649999 0.095 0.095 0.096 0.096 0.096 0.0935 0.0935 0.091 0.091 0.0905 0.0905 0.0905 0.092 0.092 0.0825 0.0825
0.1105 0.12 0.12 0.133 0.133 0.133 0.129 0.129 0.1065 0.1065 0.109 0.109 0.104 0.104 0.104 0.102 0.102 0.1035 0.1035 0.1155 0.1155 0.1155 0.124 0.124 0.1235 0.1235 0.113 0.113 0.113 0.1195 0.1195 0.129 0.129 0.1235 0.1235 0.1235 0.1205 0.1205 0.105 0.105 0.107 0.107 0.107 0.103 0.103 0.102 0.102 0.108 0.108 0.098 0.098 0.098 0.096 0.096 0.0945 0.0945 0.094 0.094 0.094 0.09649999 0.09649999 0.095 0.095 0.096 0.096 0.096 0.0935 0.0935 0.091 0.091 0.0905 0.0905 0.0905 0.092 0.092 0.0825 0.0825
0.1165 0.1205 0.1205 0.144 0.144 0.144 0.1705 0.1705 0.142 0.142 0.13 0.13 0.129 0.129 0.129 0.13 0.13 0.133 0.133 0.1305 0.1305 0.1305 0.134 0.134 0.123 0.123 0.1225 0.1225 0.1225 0.1205 0.1205 0.121 0.121 0.115 0.115 0.115 0.1145 0.1145 0.108 0.108 0.1075 0.1075 0.1075 0.105 0.105 0.104 0.104 0.111 0.111 0.106 0.106 0.106 0.101 0.101 0.097 0.097 0.096 0.096 0.096 0.098 0.098 0.0965 0.0965 0.097 0.097 0.097 0.094 0.094 0.091 0.091 0.098 0.098 0.098 0.092 0.092 0.09 0.09
0.1165 0.1205 0.1205 0.144 0.144 0.144 0.1705 0.1705 0.142 0.142 0.13 0.13 0.129 0.129 0.129 0.13 0.13 0.133 0.133 0.1305 0.1305 0.1305 0.134 0.134 0.123 0.123 0.1225 0.1225 0.1225 0.1205 0.1205 0.121 0.121 0.115 0.115 0.115 0.1145 0.1145 0.108 0.108 0.1075 0.1075 0.1075 0.105 0.105 0.104 0.104 0.111 0.111 0.106 0.106 0.106 0.101 0.101 0.097 0.097 0.096 0.096 0.096 0.098 0.098 0.0965 0.0965 0.097 0.097 0.097 0.094 0.094 0.091 0.091 0.098 0.098 0.098 0.092 0.092 0.09 0.09
0.1165 0.1205 0.1205 0.144 0.144 0.144 0.1705 0.1705 0.142 0.142 0.13 0.13 0.129 0.129 0.129 0.13 0.13 0.133 0.133 0.1305 0.1305 0.1305 0.134 0.134 0.123 0.123 0.1225 0.1225 0.1225 0.1205 0.1205 0.121 0.121 0.115 0.115 0.115 0.1145 0.1145 0.108 0.108 0.1075 0.1075 0.1075 0.105 0.105 0.104 0.104 0.111 0.111 0.106 0.106 0.106 0.101 0.101 0.097 0.097 0.096 0.096 0.096 0.098 0.098 0.0965 0.0965 0.097 0.097 0.097 0.094 0.094 0.091 0.091 0.098 0.098 0.098 0.092 0.092 0.09 0.09
0.1115 0.1155 0.1155 0.144 0.144 0.144 0.168 0.168 0.1645 0.1645 0.1315 0.1315 0.13 0.13 0.13 0.131 0.131 0.127 0.127 0.129 0.129 0.129 0.127 0.127 0.1265 0.1265 0.121 0.121 0.121 0.1245 0.1245 0.1155 0.1155 0.1145 0.1145 0.1145 0.1125 0.1125 0.1065 0.1065 0.105 0.105 0.105 0.1035 0.1035 0.1065 0.1065 0.118 0.118 0.1135 0.1135 0.1135 0.108 0.108 0.1035 0.1035 0.0995 0.0995 0.0995 0.1 0.1 0.103 0.103 0.1025 0.1025 0.1025 0.102 0.102 0.1005 0.1005 0.0995 0.0995 0.0995 0.1075 0.1075 0.0995 0.0995
0.1115 0.1155 0.1155 0.144 0.144 0.144 0.168 0.168 0.1645 0.1645 0.1315 0.1315 0.13 0.13 0.13 0.131 0.131 0.127 0.127 0.129 0.129 0.129 0.127 0.127 0.1265 0.1265 0.121 0.121 0.121 0.1245 0.1245 0.1155 0.1155 0.1145 0.1145 0.1145 0.1125 0.1125 0.1065 0.1065 0.105 0.105 0.105 0.1035 0.1035 0.1065 0.1065 0.118 0.118 0.1135 0.1135 0.1135 0.108 0.108 0.1035 0.1035 0.0995 0.0995 0.0995 0.1 0.1 0.103 0.103 0.1025 0.1025 0.1025 0.102 0.102 0.1005 0.1005 0.0995 0.0995 0.0995 0.1075 0.1075 0.0995 0.0995
0.1175 0.1085 0.1085 0.1185 0.1185 0.1185 0.139 0.139 0.161 0.161 0.1195 0.1195 0.1155 0.1155 0.1155 0.1185 0.1185 0.119 0.119 0.13 0.13 0.13 0.12 0.12 0.122 0.122 0.123 0.123 0.123 0.1315 0.1315 0.114 0.114 0.1105 0.1105 0.1105 0.109 0.109 0.111 0.111 0.11 0.11 0.11 0.1165 0.1165 0.112 0.112 0.118 0.118 0.1145 0.1145 0.1145 0.1175 0.1175 0.1125 0.1125 0.111 0.111 0.111 0.107 0.107 0.1095 0.1095 0.106 0.106 0.106 0.109 0.109 0.109 0.109 0.111 0.111 0.111 0.105 0.105 0.0995 0.0995
0.1175 0.1085 0.1085 0.1185 0.1185 0.1185 0.139 0.139 0.161 0.161 0.1195 0.1195 0.1155 0.1155 0.1155 0.1185 0.1185 0.119 0.119 0.13 0.13 0.13 0.12 0.12 0.122 0.122 0.123 0.123 0.123 0.1315 0.1315 0.114 0.114 0.1105 0.1105 0.1105 0.109 0.109 0.111 0.111 0.11 0.11 0.11 0.1165 0.1165 0.112 0.112 0.118 0.118 0.1145 0.1145 0.1145 0.1175 0.1175 0.1125 0.1125 0.111 0.111 0.111 0.107 0.107 0.1095 0.1095 0.106 0.106 0.106 0.109 0.109 0.109 0.109 0.111 0.111 0.111 0.105 0.105 0.0995 0.0995
0.1265 0.123 0.123 0.116 0.116 0.116 0.118 0.118 0.1245 0.1245 0.1015 0.1015 0.0975 0.0975 0.0975 0.1065 0.1065 0.1065 0.1065 0.1045 0.1045 0.1045 0.104 0.104 0.1235 0.1235 0.12 0.12 0.12 0.124 0.124 0.1245 0.1245 0.111 0.111 0.111 0.1095 0.1095 0.115 0.115 0.117 0.117 0.117 0.1185 0.1185 0.119 0.119 0.128 0.128 0.1305 0.1305 0.1305 0.1245 0.1245 0.124 0.124 0.1235 0.1235 0.1235 0.1185 0.1185 0.118 0.118 0.113 0.113 0.113 0.117 0.117 0.117 0.117 0.1115 0.1115 0.1115 0.112 0.112 0.105 0.105
0.1265 0.123 0.123 0.116 0.116 0.116 0.118 0.118 0.1245 0.1245 0.1015 0.1015 0.0975 0.0975 0.0975 0.1065 0.1065 0.1065 0.1065 0.1045 0.1045 0.1045 0.104 0.104 0.1235 0.1235 0.12 0.12 0.12 0.124 0.124 0.1245 0.1245 0.111 0.111 0.111 0.1095 0.1095 0.115 0.115 0.117 0.117 0.117 0.1185 0.1185 0.119 0.119 0.128 0.128 0.1305 0.1305 0.1305 0.1245 0.1245 0.124 0.124 0.1235 0.1235 0.1235 0.1185 0.1185 0.118 0.118 0.113 0.113 0.113 0.117 0.117 0.117 0.117 0.1115 0.1115 0.1115 0.112 0.112 0.105 0.105
