ndvi/NOAA-9.asc
ncols         252
nrows         154
xllcorner     -18.017974
yllcorner     13.481982
cellsize      0.035948
NODATA_value  -9999
[rows 105 to 139 of 154, columns 0 to 76 of 252]
-1 -1 -1 -1 -1 -1 -1 -1 -1 -1 -1 -1 -1 -1 -1 -1 -1 -1 -1 -1 -1 -1 -1 0.0576 0.0576 0.2895 0.2895 0.2895 0.3965 0.3965 0.373 0.373 0.3755 0.3755 0.3755 0.4315 0.4315 0.408 0.408 0.4415 0.4415 0.4415 0.4515 0.4515 0.4375 0.4375 0.4575 0.4575 0.4575 0.453 0.453 0.4405 0.4405 0.481 0.481 0.5335 0.5335 0.5335 0.5815 0.5815 0.552 0.552 0.552 0.552 0.552 0.5685 0.5685 0.5775 0.5775 0.5865 0.5865 0.5865 0.5605 0.5605 0.5305 0.5305 0.501
-1 -1 -1 -1 -1 -1 -1 -1 -1 -1 -1 -1 -1 -1 -1 -1 -1 -1 -1 -1 -1 0.0651 0.0651 0.2855 0.2855 0.408 0.408 0.408 0.3935 0.3935 0.368 0.368 0.4775 0.4775 0.4775 0.4775 0.4775 0.4605 0.4605 0.4945 0.4945 0.4945 0.4755 0.4755 0.48 0.48 0.465 0.465 0.465 0.476 0.476 0.443 0.443 0.4785 0.4785 0.4955 0.4955 0.4955 0.526 0.526 0.5445 0.5445 0.5445 0.5445 0.5445 0.5935 0.5935 0.633 0.633 0.597 0.597 0.597 0.6205 0.6205 0.585 0.585 0.4835
-1 -1 -1 -1 -1 -1 -1 -1 -1 -1 -1 -1 -1 -1 -1 -1 -1 -1 -1 -1 -1 0.0651 0.0651 0.2855 0.2855 0.408 0.408 0.408 0.3935 0.3935 0.368 0.368 0.4775 0.4775 0.4775 0.4775 0.4775 0.4605 0.4605 0.4945 0.4945 0.4945 0.4755 0.4755 0.48 0.48 0.465 0.465 0.465 0.476 0.476 0.443 0.443 0.4785 0.4785 0.4955 0.4955 0.4955 0.526 0.526 0.5445 0.5445 0.5445 0.5445 0.5445 0.5935 0.5935 0.633 0.633 0.597 0.597 0.597 0.6205 0.6205 0.585 0.585 0.4835
-1 -1 -1 -1 -1 -1 -1 -1 -1 -1 -1 -1 -1 -1 -1 -1 -1 -1 -1 -1 -1 0.1715 0.1715 0.4455 0.4455 0.482 0.482 0.482 0.4755 0.4755 0.449 0.449 0.439 0.439 0.439 0.483 0.483 0.528 0.528 0.4915 0.4915 0.4915 0.5415 0.5415 0.4765 0.4765 0.5135 0.5135 0.5135 0.5245 0.5245 0.5085 0.5085 0.4975 0.4975 0.48 0.48 0.48 0.5345 0.5345 0.567 0.567 0.567 0.567 0.567 0.6 0.6 0.609 0.609 0.6025 0.6025 0.6025 0.618 0.618 0.5925 0.5925 0.537
-1 -1 -1 -1 -1 -1 -1 -1 -1 -1 -1 -1 -1 -1 -1 -1 -1 -1 -1 -1 -1 0.1715 0.1715 0.4455 0.4455 0.482 0.482 0.482 0.4755 0.4755 0.449 0.449 0.439 0.439 0.439 0.483 0.483 0.528 0.528 0.4915 0.4915 0.4915 0.5415 0.5415 0.4765 0.4765 0.5135 0.5135 0.5135 0.5245 0.5245 0.5085 0.5085 0.4975 0.4975 0.48 0.48 0.48 0.5345 0.5345 0.567 0.567 0.567 0.567 0.567 0.6 0.6 0.609 0.609 0.6025 0.6025 0.6025 0.618 0.618 0.5925 0.5925 0.537
-1 -1 -1 -1 -1 -1 -1 -1 -1 -1 -1 -1 -1 -1 -1 -1 -1 -1 0.2127 0.2127 0.2127 0.4425 0.4425 0.4215 0.4215 0.4515 0.4515 0.4515 0.5205 0.5205 0.542 0.542 0.5055 0.5055 0.5055 0.5235 0.5235 0.4875 0.4875 0.519 0.519 0.519 0.5055 0.5055 0.488 0.488 0.4765 0.4765 0.4765 0.564 0.564 0.5315 0.5315 0.561 0.561 0.53 0.53 0.53 0.53 0.53 0.573 0.573 0.573 0.573 0.573 0.607 0.607 0.59 0.59 0.5965 0.5965 0.5965 0.5835 0.5835 0.5745 0.5745 0.609
-1 -1 -1 -1 -1 -1 -1 -1 -1 -1 -1 -1 -1 -1 -1 -1 -1 -1 0.2127 0.2127 0.2127 0.4425 0.4425 0.4215 0.4215 0.4515 0.4515 0.4515 0.5205 0.5205 0.542 0.542 0.5055 0.5055 0.5055 0.5235 0.5235 0.4875 0.4875 0.519 0.519 0.519 0.5055 0.5055 0.488 0.488 0.4765 0.4765 0.4765 0.564 0.564 0.5315 0.5315 0.561 0.561 0.53 0.53 0.53 0.53 0.53 0.573 0.573 0.573 0.573 0.573 0.607 0.607 0.59 0.59 0.5965 0.5965 0.5965 0.5835 0.5835 0.5745 0.5745 0.609
-1 -1 -1 -1 -1 -1 -1 -1 -1 -1 -1 -1 -1 -1 -1 -1 -1 -1 0.2127 0.2127 0.2127 0.4425 0.4425 0.4215 0.4215 0.4515 0.4515 0.4515 0.5205 0.5205 0.542 0.542 0.5055 0.5055 0.5055 0.5235 0.5235 0.4875 0.4875 0.519 0.519 0.519 0.5055 0.5055 0.488 0.488 0.4765 0.4765 0.4765 0.564 0.564 0.5315 0.5315 0.561 0.561 0.53 0.53 0.53 0.53 0.53 0.573 0.573 0.573 0.573 0.573 0.607 0.607 0.59 0.59 0.5965 0.5965 0.5965 0.5835 0.5835 0.5745 0.5745 0.609
-1 -1 -1 -1 -1 -1 -1 -1 -1 -1 -1 -1 -1 -1 -1 -1 0.2312 0.2312 0.5655 0.5655 0.5655 0.4955 0.4955 0.489 0.489 0.4705 0.4705 0.4705 0.5105 0.5105 0.522 0.522 0.5265 0.5265 0.5265 0.4835 0.4835 0.4565 0.4565 0.5065 0.5065 0.5065 0.5145 0.5145 0.527 0.527 0.5055 0.5055 0.5055 0.5154999 0.5154999 0.4775 0.4775 0.6315 0.6315 0.599 0.599 0.599 0.5645 0.5645 0.516 0.516 0.516 0.516 0.516 0.531 0.531 0.55 0.55 0.574 0.574 0.574 0.5475 0.5475 0.5295 0.5295 0.5625
-1 -1 -1 -1 -1 -1 -1 -1 -1 -1 -1 -1 -1 -1 -1 -1 0.2312 0.2312 0.5655 0.5655 0.5655 0.4955 0.4955 0.489 0.489 0.4705 0.4705 0.4705 0.5105 0.5105 0.522 0.522 0.5265 0.5265 0.5265 0.4835 0.4835 0.4565 0.4565 0.5065 0.5065 0.5065 0.5145 0.5145 0.527 0.527 0.5055 0.5055 0.5055 0.5154999 0.5154999 0.4775 0.4775 0.6315 0.6315 0.599 0.599 0.599 0.5645 0.5645 0.516 0.516 0.516 0.516 0.516 0.531 0.531 0.55 0.55 0.574 0.574 0.574 0.5475 0.5475 0.5295 0.5295 0.5625
-1 -1 -1 -1 -1 -1 -1 -1 -1 -1 -1 -1 0.1492 0.1492 0.214 0.214 0.2185 0.2185 0.517 0.517 0.517 0.494 0.494 0.5245 0.5245 0.5415 0.5415 0.5415 0.4785 0.4785 0.473 0.473 0.4965 0.4965 0.4965 0.5215 0.5215 0.53 0.53 0.5275 0.5275 0.5275 0.5605 0.5605 0.5235 0.5235 0.5485 0.5485 0.5485 0.5045 0.5045 0.567 0.567 0.5695 0.5695 0.566 0.566 0.566 0.5305 0.5305 0.543 0.543 0.543 0.543 0.543 0.552 0.552 0.5255 0.5255 0.533 0.533 0.533 0.516 0.516 0.5025 0.5025 0.574
-1 -1 -1 -1 -1 -1 -1 -1 -1 -1 -1 -1 0.1492 0.1492 0.214 0.214 0.2185 0.2185 0.517 0.517 0.517 0.494 0.494 0.5245 0.5245 0.5415 0.5415 0.5415 0.4785 0.4785 0.473 0.473 0.4965 0.4965 0.4965 0.5215 0.5215 0.53 0.53 0.5275 0.5275 0.5275 0.5605 0.5605 0.5235 0.5235 0.5485 0.5485 0.5485 0.5045 0.5045 0.567 0.567 0.5695 0.5695 0.566 0.566 0.566 0.5305 0.5305 0.543 0.543 0.543 0.543 0.543 0.552 0.552 0.5255 0.5255 0.533 0.533 0.533 0.516 0.516 0.5025 0.5025 0.574
-1 -1 -1 -1 -1 -1 -1 -1 -1 0.088 0.088 0.088 0.1655 0.1655 0.0981 0.0981 0.092 0.092 0.186 0.186 0.186 0.5425 0.5425 0.503 0.503 0.568 0.568 0.568 0.4855 0.4855 0.568 0.568 0.5075 0.5075 0.5075 0.516 0.516 0.4945 0.4945 0.5245 0.5245 0.5245 0.552 0.552 0.5435 0.5435 0.5335 0.5335 0.5335 0.522 0.522 0.4935 0.4935 0.5135 0.5135 0.52 0.52 0.52 0.503 0.503 0.54 0.54 0.54 0.54 0.54 0.576 0.576 0.5665 0.5665 0.616 0.616 0.616 0.5325 0.5325 0.542 0.542 0.5505
-1 -1 -1 -1 -1 -1 -1 -1 -1 0.088 0.088 0.088 0.1655 0.1655 0.0981 0.0981 0.092 0.092 0.186 0.186 0.186 0.5425 0.5425 0.503 0.503 0.568 0.568 0.568 0.4855 0.4855 0.568 0.568 0.5075 0.5075 0.5075 0.516 0.516 0.4945 0.4945 0.5245 0.5245 0.5245 0.552 0.552 0.5435 0.5435 0.5335 0.5335 0.5335 0.522 0.522 0.4935 0.4935 0.5135 0.5135 0.52 0.52 0.52 0.503 0.503 0.54 0.54 0.54 0.54 0.54 0.576 0.576 0.5665 0.5665 0.616 0.616 0.616 0.5325 0.5325 0.542 0.542 0.5505
-1 -1 -1 -1 -1 -1 -1 -1 -1 0.088 0.088 0.088 0.1655 0.1655 0.0981 0.0981 0.092 0.092 0.186 0.186 0.186 0.5425 0.5425 0.503 0.503 0.568 0.568 0.568 0.4855 0.4855 0.568 0.568 0.5075 0.5075 0.5075 0.516 0.516 0.4945 0.4945 0.5245 0.5245 0.5245 0.552 0.552 0.5435 0.5435 0.5335 0.5335 0.5335 0.522 0.522 0.4935 0.4935 0.5135 0.5135 0.52 0.52 0.52 0.503 0.503 0.54 0.54 0.54 0.54 0.54 0.576 0.576 0.5665 0.5665 0.616 0.616 0.616 0.5325 0.5325 0.542 0.542 0.5505
-1 -1 -1 -1 -1 -1 -1 -1 -1 -1 -1 -1 0.0727 0.0727 0.0357 0.0357 0.0602 0.0602 0.0935 0.0935 0.0935 0.3935 0.3935 0.4895 0.4895 0.561 0.561 0.561 0.583 0.583 0.5215 0.5215 0.5225 0.5225 0.5225 0.561 0.561 0.5345 0.5345 0.562 0.562 0.562 0.537 0.537 0.5505 0.5505 0.604 0.604 0.604 0.5375 0.5375 0.539 0.539 0.547 0.547 0.5005 0.5005 0.5005 0.5045 0.5045 0.53 0.53 0.53 0.53 0.53 0.539 0.539 0.6045 0.6045 0.636 0.636 0.636 0.578 0.578 0.5695 0.5695 0.541
-1 -1 -1 -1 -1 -1 -1 -1 -1 -1 -1 -1 0.0727 0.0727 0.0357 0.0357 0.0602 0.0602 0.0935 0.0935 0.0935 0.3935 0.3935 0.4895 0.4895 0.561 0.561 0.561 0.583 0.583 0.5215 0.5215 0.5225 0.5225 0.5225 0.561 0.561 0.5345 0.5345 0.562 0.562 0.562 0.537 0.537 0.5505 0.5505 0.604 0.604 0.604 0.5375 0.5375 0.539 0.539 0.547 0.547 0.5005 0.5005 0.5005 0.5045 0.5045 0.53 0.53 0.53 0.53 0.53 0.539 0.539 0.6045 0.6045 0.636 0.636 0.636 0.578 0.578 0.5695 0.5695 0.541
-1 -1 -1 -1 -1 -1 -1 -1 -1 -1 -1 -1 -1 -1 -1 -1 -1 -1 0.022 0.022 0.022 0.3075 0.3075 0.4625 0.4625 0.5145 0.5145 0.5145 0.6005 0.6005 0.5555 0.5555 0.5365 0.5365 0.5365 0.541 0.541 0.5115 0.5115 0.5185 0.5185 0.5185 0.554 0.554 0.5575 0.5575 0.606 0.606 0.606 0.567 0.567 0.5715 0.5715 0.55 0.55 0.52 0.52 0.52 0.5305 0.5305 0.521 0.521 0.521 0.521 0.521 0.5505 0.5505 0.5975 0.5975 0.614 0.614 0.614 0.5775 0.5775 0.5675 0.5675 0.5005
-1 -1 -1 -1 -1 -1 -1 -1 -1 -1 -1 -1 -1 -1 -1 -1 -1 -1 0.022 0.022 0.022 0.3075 0.3075 0.4625 0.4625 0.5145 0.5145 0.5145 0.6005 0.6005 0.5555 0.5555 0.5365 0.5365 0.5365 0.541 0.541 0.5115 0.5115 0.5185 0.5185 0.5185 0.554 0.554 0.5575 0.5575 0.606 0.606 0.606 0.567 0.567 0.5715 0.5715 0.55 0.55 0.52 0.52 0.52 0.5305 0.5305 0.521 0.521 0.521 0.521 0.521 0.5505 0.5505 0.5975 0.5975 0.614 0.614 0.614 0.5775 0.5775 0.5675 0.5675 0.5005
-1 -1 -1 -1 -1 -1 -1 -1 -1 -1 -1 -1 -1 -1 -1 -1 -1 -1 -1 -1 -1 0.116 0.116 0.356 0.356 0.538 0.538 0.538 0.536 0.536 0.6225 0.6225 0.5465 0.5465 0.5465 0.491 0.491 0.494 0.494 0.5015 0.5015 0.5015 0.539 0.539 0.53 0.53 0.565 0.565 0.565 0.5775 0.5775 0.5305 0.5305 0.564 0.564 0.552 0.552 0.552 0.5615 0.5615 0.5829999 0.5829999 0.5829999 0.5829999 0.5829999 0.543 0.543 0.5945 0.5945 0.5715 0.5715 0.5715 0.5755 0.5755 0.5635 0.5635 0.5695
-1 -1 -1 -1 -1 -1 -1 -1 -1 -1 -1 -1 -1 -1 -1 -1 -1 -1 -1 -1 -1 0.116 0.116 0.356 0.356 0.538 0.538 0.538 0.536 0.536 0.6225 0.6225 0.5465 0.5465 0.5465 0.491 0.491 0.494 0.494 0.5015 0.5015 0.5015 0.539 0.539 0.53 0.53 0.565 0.565 0.565 0.5775 0.5775 0.5305 0.5305 0.564 0.564 0.552 0.552 0.552 0.5615 0.5615 0.5829999 0.5829999 0.5829999 0.5829999 0.5829999 0.543 0.543 0.5945 0.5945 0.5715 0.5715 0.5715 0.5755 0.5755 0.5635 0.5635 0.5695
-1 -1 -1 -1 -1 -1 -1 -1 -1 -1 -1 -1 -1 -1 -1 -1 -1 -1 -1 -1 -1 0.0922 0.0922 0.1842 0.1842 0.4005 0.4005 0.4005 0.5775 0.5775 0.6225 0.6225 0.577 0.577 0.577 0.534 0.534 0.446 0.446 0.406 0.406 0.406 0.447 0.447 0.492 0.492 0.5645 0.5645 0.5645 0.583 0.583 0.563 0.563 0.6095 0.6095 0.6085 0.6085 0.6085 0.543 0.543 0.6005 0.6005 0.6005 0.6005 0.6005 0.57 0.57 0.586 0.586 0.5605 0.5605 0.5605 0.495 0.495 0.507 0.507 0.4725
-1 -1 -1 -1 -1 -1 -1 -1 -1 -1 -1 -1 -1 -1 -1 -1 -1 -1 -1 -1 -1 0.0922 0.0922 0.1842 0.1842 0.4005 0.4005 0.4005 0.5775 0.5775 0.6225 0.6225 0.577 0.577 0.577 0.534 0.534 0.446 0.446 0.406 0.406 0.406 0.447 0.447 0.492 0.492 0.5645 0.5645 0.5645 0.583 0.583 0.563 0.563 0.6095 0.6095 0.6085 0.6085 0.6085 0.543 0.543 0.6005 0.6005 0.6005 0.6005 0.6005 0.57 0.57 0.586 0.586 0.5605 0.5605 0.5605 0.495 0.495 0.507 0.507 0.4725
-1 -1 -1 -1 -1 -1 -1 -1 -1 -1 -1 -1 -1 -1 -1 -1 -1 -1 -1 -1 -1 0.0922 0.0922 0.1842 0.1842 0.4005 0.4005 0.4005 0.5775 0.5775 0.6225 0.6225 0.577 0.577 0.577 0.534 0.534 0.446 0.446 0.406 0.406 0.406 0.447 0.447 0.492 0.492 0.5645 0.5645 0.5645 0.583 0.583 0.563 0.563 0.6095 0.6095 0.6085 0.6085 0.6085 0.543 0.543 0.6005 0.6005 0.6005 0.6005 0.6005 0.57 0.57 0.586 0.586 0.5605 0.5605 0.5605 0.495 0.495 0.507 0.507 0.4725
-1 -1 -1 -1 -1 -1 -1 -1 -1 -1 -1 -1 -1 -1 -1 -1 -1 -1 -1 -1 -1 -1 -1 0.0647 0.0647 0.238 0.238 0.238 0.4305 0.4305 0.5645 0.5645 0.561 0.561 0.561 0.4475 0.4475 0.2475 0.2475 0.273 0.273 0.273 0.3675 0.3675 0.474 0.474 0.537 0.537 0.537 0.568 0.568 0.585 0.585 0.586 0.586 0.593 0.593 0.593 0.608 0.608 0.558 0.558 0.558 0.558 0.558 0.5175 0.5175 0.514 0.514 0.5455 0.5455 0.5455 0.569 0.569 0.5125 0.5125 0.5055
-1 -1 -1 -1 -1 -1 -1 -1 -1 -1 -1 -1 -1 -1 -1 -1 -1 -1 -1 -1 -1 -1 -1 0.0647 0.0647 0.238 0.238 0.238 0.4305 0.4305 0.5645 0.5645 0.561 0.561 0.561 0.4475 0.4475 0.2475 0.2475 0.273 0.273 0.273 0.3675 0.3675 0.474 0.474 0.537 0.537 0.537 0.568 0.568 0.585 0.585 0.586 0.586 0.593 0.593 0.593 0.608 0.608 0.558 0.558 0.558 0.558 0.558 0.5175 0.5175 0.514 0.514 0.5455 0.5455 0.5455 0.569 0.569 0.5125 0.5125 0.5055
-1 -1 -1 -1 -1 -1 -1 -1 -1 -1 -1 -1 -1 -1 -1 -1 -1 -1 -1 -1 -1 -1 -1 -1 -1 0.2661 0.2661 0.2661 0.3215 0.3215 0.427 0.427 0.394 0.394 0.394 0.2465 0.2465 0.2025 0.2025 0.1875 0.1875 0.1875 0.29 0.29 0.419 0.419 0.622 0.622 0.622 0.456 0.456 0.556 0.556 0.617 0.617 0.5415 0.5415 0.5415 0.557 0.557 0.5735 0.5735 0.5735 0.5735 0.5735 0.5555 0.5555 0.552 0.552 0.6395 0.6395 0.6395 0.5455 0.5455 0.552 0.552 0.591
-1 -1 -1 -1 -1 -1 -1 -1 -1 -1 -1 -1 -1 -1 -1 -1 -1 -1 -1 -1 -1 -1 -1 -1 -1 0.2661 0.2661 0.2661 0.3215 0.3215 0.427 0.427 0.394 0.394 0.394 0.2465 0.2465 0.2025 0.2025 0.1875 0.1875 0.1875 0.29 0.29 0.419 0.419 0.622 0.622 0.622 0.456 0.456 0.556 0.556 0.617 0.617 0.5415 0.5415 0.5415 0.557 0.557 0.5735 0.5735 0.5735 0.5735 0.5735 0.5555 0.5555 0.552 0.552 0.6395 0.6395 0.6395 0.5455 0.5455 0.552 0.552 0.591
-1 -1 -1 -1 -1 -1 -1 -1 -1 -1 -1 -1 -1 -1 -1 -1 -1 -1 -1 -1 -1 -1 -1 -1 -1 0.0607 0.0607 0.0607 0.073 0.073 0.3545 0.3545 0.3755 0.3755 0.3755 0.336 0.336 0.238 0.238 0.424 0.424 0.424 0.616 0.616 0.433 0.433 0.5895 0.5895 0.5895 0.3665 0.3665 0.5365 0.5365 0.5785 0.5785 0.5485 0.5485 0.5485 0.5565 0.5565 0.593 0.593 0.593 0.593 0.593 0.544 0.544 0.515 0.515 0.516 0.516 0.516 0.5395 0.5395 0.526 0.526 0.498
-1 -1 -1 -1 -1 -1 -1 -1 -1 -1 -1 -1 -1 -1 -1 -1 -1 -1 -1 -1 -1 -1 -1 -1 -1 0.0607 0.0607 0.0607 0.073 0.073 0.3545 0.3545 0.3755 0.3755 0.3755 0.336 0.336 0.238 0.238 0.424 0.424 0.424 0.616 0.616 0.433 0.433 0.5895 0.5895 0.5895 0.3665 0.3665 0.5365 0.5365 0.5785 0.5785 0.5485 0.5485 0.5485 0.5565 0.5565 0.593 0.593 0.593 0.593 0.593 0.544 0.544 0.515 0.515 0.516 0.516 0.516 0.5395 0.5395 0.526 0.526 0.498
-1 -1 -1 -1 -1 -1 -1 -1 -1 -1 -1 -1 -1 -1 -1 -1 -1 -1 -1 -1 -1 -1 -1 -1 -1 0.0607 0.0607 0.0607 0.073 0.073 0.3545 0.3545 0.3755 0.3755 0.3755 0.336 0.336 0.238 0.238 0.424 0.424 0.424 0.616 0.616 0.433 0.433 0.5895 0.5895 0.5895 0.3665 0.3665 0.5365 0.5365 0.5785 0.5785 0.5485 0.5485 0.5485 0.5565 0.5565 0.593 0.593 0.593 0.593 0.593 0.544 0.544 0.515 0.515 0.516 0.516 0.516 0.5395 0.5395 0.526 0.526 0.498
-1 -1 -1 -1 -1 -1 -1 -1 -1 -1 -1 -1 -1 -1 -1 -1 -1 -1 -1 -1 -1 -1 -1 -1 -1 -1 -1 -1 0.0947 0.0947 0.3095 0.3095 0.352 0.352 0.352 0.4605 0.4605 0.449 0.449 0.532 0.532 0.532 0.5415 0.5415 0.5650001 0.5650001 0.524 0.524 0.524 0.594 0.594 0.6695 0.6695 0.62 0.62 0.6165 0.6165 0.6165 0.5985 0.5985 0.6395 0.6395 0.6395 0.6395 0.6395 0.58 0.58 0.545 0.545 0.503 0.503 0.503 0.536 0.536 0.5420001 0.5420001 0.5135
-1 -1 -1 -1 -1 -1 -1 -1 -1 -1 -1 -1 -1 -1 -1 -1 -1 -1 -1 -1 -1 -1 -1 -1 -1 -1 -1 -1 0.0947 0.0947 0.3095 0.3095 0.352 0.352 0.352 0.4605 0.4605 0.449 0.449 0.532 0.532 0.532 0.5415 0.5415 0.5650001 0.5650001 0.524 0.524 0.524 0.594 0.594 0.6695 0.6695 0.62 0.62 0.6165 0.6165 0.6165 0.5985 0.5985 0.6395 0.6395 0.6395 0.6395 0.6395 0.58 0.58 0.545 0.545 0.503 0.503 0.503 0.536 0.536 0.5420001 0.5420001 0.5135
-1 -1 -1 -1 -1 -1 -1 -1 -1 -1 -1 -1 -1 -1 -1 -1 -1 -1 -1 -1 -1 -1 -1 -1 -1 -1 -1 -1 0.0117 0.0117 0.334 0.334 0.5095 0.5095 0.5095 0.5375 0.5375 0.551 0.551 0.5025 0.5025 0.5025 0.579 0.579 0.578 0.578 0.553 0.553 0.553 0.529 0.529 0.545 0.545 0.564 0.564 0.582 0.582 0.582 0.563 0.563 0.655 0.655 0.655 0.655 0.655 0.691 0.691 0.628 0.628 0.656 0.656 0.656 0.62 0.62 0.555 0.555 0.5675
-1 -1 -1 -1 -1 -1 -1 -1 -1 -1 -1 -1 -1 -1 -1 -1 -1 -1 -1 -1 -1 -1 -1 -1 -1 -1 -1 -1 0.0117 0.0117 0.334 0.334 0.5095 0.5095 0.5095 0.5375 0.5375 0.551 0.551 0.5025 0.5025 0.5025 0.579 0.579 0.578 0.578 0.553 0.553 0.553 0.529 0.529 0.545 0.545 0.564 0.564 0.582 0.582 0.582 0.563 0.563 0.655 0.655 0.655 0.655 0.655 0.691 0.691 0.628 0.628 0.656 0.656 0.656 0.62 0.62 0.555 0.555 0.5675
