ndvi/NOAA-268.asc
ncols         252
nrows         154
xllcorner     -18.017974
yllcorner     13.481982
cellsize      0.035948
NODATA_value  -9999
[rows 70 to 104 of 154, columns 77 to 153 of 252]
0.162 0.162 0.1675 0.1675 0.164 0.164 0.1685 0.1685 0.1685 0.169 0.169 0.1885 0.1885 0.185 0.185 0.1855 0.1855 0.1855 0.164 0.164 0.1795 0.1795 0.178 0.178 0.178 0.2215 0.2215 0.235 0.235 0.1875 0.1875 0.1875 0.1755 0.1755 0.1655 0.1655 0.167 0.167 0.167 0.1955 0.1955 0.165 0.165 0.168 0.168 0.168 0.1505 0.1505 0.1405 0.1405 0.1465 0.1465 0.14 0.14 0.14 0.159 0.159 0.1655 0.1655 0.1885 0.1885 0.1885 0.211 0.211 0.206 0.206 0.1895 0.1895 0.1895 0.1755 0.1755 0.186 0.186 0.1605 0.1605 0.1605 0.113
0.174 0.174 0.1715 0.1715 0.1605 0.1605 0.1655 0.1655 0.1655 0.1575 0.1575 0.1805 0.1805 0.1825 0.1825 0.1875 0.1875 0.1875 0.1785 0.1785 0.169 0.169 0.1845 0.1845 0.1845 0.221 0.221 0.232 0.232 0.2145 0.2145 0.2145 0.1895 0.1895 0.1735 0.1735 0.1965 0.1965 0.1965 0.183 0.183 0.184 0.184 0.148 0.148 0.148 0.1205 0.1205 0.1155 0.1155 0.1405 0.1405 0.172 0.172 0.172 0.194 0.194 0.19 0.19 0.1955 0.1955 0.1955 0.2 0.2 0.197 0.197 0.1785 0.1785 0.1785 0.1665 0.1665 0.175 0.175 0.168 0.168 0.168 0.1385
0.174 0.174 0.1715 0.1715 0.1605 0.1605 0.1655 0.1655 0.1655 0.1575 0.1575 0.1805 0.1805 0.1825 0.1825 0.1875 0.1875 0.1875 0.1785 0.1785 0.169 0.169 0.1845 0.1845 0.1845 0.221 0.221 0.232 0.232 0.2145 0.2145 0.2145 0.1895 0.1895 0.1735 0.1735 0.1965 0.1965 0.1965 0.183 0.183 0.184 0.184 0.148 0.148 0.148 0.1205 0.1205 0.1155 0.1155 0.1405 0.1405 0.172 0.172 0.172 0.194 0.194 0.19 0.19 0.1955 0.1955 0.1955 0.2 0.2 0.197 0.197 0.1785 0.1785 0.1785 0.1665 0.1665 0.175 0.175 0.168 0.168 0.168 0.1385
0.174 0.174 0.1715 0.1715 0.1605 0.1605 0.1655 0.1655 0.1655 0.1575 0.1575 0.1805 0.1805 0.1825 0.1825 0.1875 0.1875 0.1875 0.1785 0.1785 0.169 0.169 0.1845 0.1845 0.1845 0.221 0.221 0.232 0.232 0.2145 0.2145 0.2145 0.1895 0.1895 0.1735 0.1735 0.1965 0.1965 0.1965 0.183 0.183 0.184 0.184 0.148 0.148 0.148 0.1205 0.1205 0.1155 0.1155 0.1405 0.1405 0.172 0.172 0.172 0.194 0.194 0.19 0.19 0.1955 0.1955 0.1955 0.2 0.2 0.197 0.197 0.1785 0.1785 0.1785 0.1665 0.1665 0.175 0.175 0.168 0.168 0.168 0.1385
0.1855 0.1855 0.188 0.188 0.173 0.173 0.17 0.17 0.17 0.1675 0.1675 0.1675 0.1675 0.166 0.166 0.1745 0.1745 0.1745 0.1785 0.1785 0.17 0.17 0.16 0.16 0.16 0.171 0.171 0.1805 0.1805 0.208 0.208 0.208 0.2215 0.2215 0.2065 0.2065 0.2305 0.2305 0.2305 0.189 0.189 0.178 0.178 0.1495 0.1495 0.1495 0.149 0.149 0.192 0.192 0.19 0.19 0.1885 0.1885 0.1885 0.202 0.202 0.199 0.199 0.19 0.19 0.19 0.18 0.18 0.1865 0.1865 0.197 0.197 0.197 0.1925 0.1925 0.154 0.154 0.135 0.135 0.135 0.12
0.1855 0.1855 0.188 0.188 0.173 0.173 0.17 0.17 0.17 0.1675 0.1675 0.1675 0.1675 0.166 0.166 0.1745 0.1745 0.1745 0.1785 0.1785 0.17 0.17 0.16 0.16 0.16 0.171 0.171 0.1805 0.1805 0.208 0.208 0.208 0.2215 0.2215 0.2065 0.2065 0.2305 0.2305 0.2305 0.189 0.189 0.178 0.178 0.1495 0.1495 0.1495 0.149 0.149 0.192 0.192 0.19 0.19 0.1885 0.1885 0.1885 0.202 0.202 0.199 0.199 0.19 0.19 0.19 0.18 0.18 0.1865 0.1865 0.197 0.197 0.197 0.1925 0.1925 0.154 0.154 0.135 0.135 0.135 0.12
0.1825 0.1825 0.1825 0.1825 0.181 0.181 0.1785 0.1785 0.1785 0.173 0.173 0.157 0.157 0.157 0.157 0.1615 0.1615 0.1615 0.155 0.155 0.166 0.166 0.172 0.172 0.172 0.1705 0.1705 0.1625 0.1625 0.182 0.182 0.182 0.2075 0.2075 0.2085 0.2085 0.214 0.214 0.214 0.2055 0.2055 0.2025 0.2025 0.169 0.169 0.169 0.153 0.153 0.1845 0.1845 0.1945 0.1945 0.1875 0.1875 0.1875 0.183 0.183 0.1795 0.1795 0.1625 0.1625 0.1625 0.1775 0.1775 0.1665 0.1665 0.181 0.181 0.181 0.177 0.177 0.1707 0.1707 0.1135 0.1135 0.1135 0.111
0.1825 0.1825 0.1825 0.1825 0.181 0.181 0.1785 0.1785 0.1785 0.173 0.173 0.157 0.157 0.157 0.157 0.1615 0.1615 0.1615 0.155 0.155 0.166 0.166 0.172 0.172 0.172 0.1705 0.1705 0.1625 0.1625 0.182 0.182 0.182 0.2075 0.2075 0.2085 0.2085 0.214 0.214 0.214 0.2055 0.2055 0.2025 0.2025 0.169 0.169 0.169 0.153 0.153 0.1845 0.1845 0.1945 0.1945 0.1875 0.1875 0.1875 0.183 0.183 0.1795 0.1795 0.1625 0.1625 0.1625 0.1775 0.1775 0.1665 0.1665 0.181 0.181 0.181 0.177 0.177 0.1707 0.1707 0.1135 0.1135 0.1135 0.111
0.1855 0.1855 0.1815 0.1815 0.1685 0.1685 0.1745 0.1745 0.1745 0.166 0.166 0.146 0.146 0.145 0.145 0.145 0.145 0.145 0.147 0.147 0.1415 0.1415 0.166 0.166 0.166 0.168 0.168 0.17 0.17 0.182 0.182 0.182 0.189 0.189 0.211 0.211 0.2235 0.2235 0.2235 0.192 0.192 0.2255 0.2255 0.196 0.196 0.196 0.207 0.207 0.222 0.222 0.1965 0.1965 0.176 0.176 0.176 0.1935 0.1935 0.1845 0.1845 0.172 0.172 0.172 0.1565 0.1565 0.151 0.151 0.192 0.192 0.192 0.203 0.203 0.187 0.187 0.119 0.119 0.119 0.1085
0.1855 0.1855 0.1815 0.1815 0.1685 0.1685 0.1745 0.1745 0.1745 0.166 0.166 0.146 0.146 0.145 0.145 0.145 0.145 0.145 0.147 0.147 0.1415 0.1415 0.166 0.166 0.166 0.168 0.168 0.17 0.17 0.182 0.182 0.182 0.189 0.189 0.211 0.211 0.2235 0.2235 0.2235 0.192 0.192 0.2255 0.2255 0.196 0.196 0.196 0.207 0.207 0.222 0.222 0.1965 0.1965 0.176 0.176 0.176 0.1935 0.1935 0.1845 0.1845 0.172 0.172 0.172 0.1565 0.1565 0.151 0.151 0.192 0.192 0.192 0.203 0.203 0.187 0.187 0.119 0.119 0.119 0.1085
0.1735 0.1735 0.172 0.172 0.155 0.155 0.16 0.16 0.16 0.1505 0.1505 0.1515 0.1515 0.153 0.153 0.15 0.15 0.15 0.151 0.151 0.141 0.141 0.1635 0.1635 0.1635 0.1825 0.1825 0.165 0.165 0.184 0.184 0.184 0.2065 0.2065 0.1935 0.1935 0.1885 0.1885 0.1885 0.1955 0.1955 0.179 0.179 0.189 0.189 0.189 0.1985 0.1985 0.2015 0.2015 0.19 0.19 0.1705 0.1705 0.1705 0.1555 0.1555 0.159 0.159 0.164 0.164 0.164 0.1765 0.1765 0.1325 0.1325 0.126 0.126 0.126 0.136 0.136 0.1345 0.1345 0.1225 0.1225 0.1225 0.112
0.1735 0.1735 0.172 0.172 0.155 0.155 0.16 0.16 0.16 0.1505 0.1505 0.1515 0.1515 0.153 0.153 0.15 0.15 0.15 0.151 0.151 0.141 0.141 0.1635 0.1635 0.1635 0.1825 0.1825 0.165 0.165 0.184 0.184 0.184 0.2065 0.2065 0.1935 0.1935 0.1885 0.1885 0.1885 0.1955 0.1955 0.179 0.179 0.189 0.189 0.189 0.1985 0.1985 0.2015 0.2015 0.19 0.19 0.1705 0.1705 0.1705 0.1555 0.1555 0.159 0.159 0.164 0.164 0.164 0.1765 0.1765 0.1325 0.1325 0.126 0.126 0.126 0.136 0.136 0.1345 0.1345 0.1225 0.1225 0.1225 0.112
0.1735 0.1735 0.172 0.172 0.155 0.155 0.16 0.16 0.16 0.1505 0.1505 0.1515 0.1515 0.153 0.153 0.15 0.15 0.15 0.151 0.151 0.141 0.141 0.1635 0.1635 0.1635 0.1825 0.1825 0.165 0.165 0.184 0.184 0.184 0.2065 0.2065 0.1935 0.1935 0.1885 0.1885 0.1885 0.1955 0.1955 0.179 0.179 0.189 0.189 0.189 0.1985 0.1985 0.2015 0.2015 0.19 0.19 0.1705 0.1705 0.1705 0.1555 0.1555 0.159 0.159 0.164 0.164 0.164 0.1765 0.1765 0.1325 0.1325 0.126 0.126 0.126 0.136 0.136 0.1345 0.1345 0.1225 0.1225 0.1225 0.112
0.1745 0.1745 0.1635 0.1635 0.1545 0.1545 0.1365 0.1365 0.1365 0.1575 0.1575 0.2 0.2 0.16 0.16 0.173 0.173 0.173 0.1525 0.1525 0.145 0.145 0.17 0.17 0.17 0.162 0.162 0.1545 0.1545 0.1745 0.1745 0.1745 0.163 0.163 0.186 0.186 0.1855 0.1855 0.1855 0.173 0.173 0.1745 0.1745 0.158 0.158 0.158 0.1785 0.1785 0.1935 0.1935 0.1825 0.1825 0.194 0.194 0.194 0.177 0.177 0.178 0.178 0.191 0.191 0.191 0.165 0.165 0.154 0.154 0.1495 0.1495 0.1495 0.146 0.146 0.148 0.148 0.1285 0.1285 0.1285 0.1195
0.1745 0.1745 0.1635 0.1635 0.1545 0.1545 0.1365 0.1365 0.1365 0.1575 0.1575 0.2 0.2 0.16 0.16 0.173 0.173 0.173 0.1525 0.1525 0.145 0.145 0.17 0.17 0.17 0.162 0.162 0.1545 0.1545 0.1745 0.1745 0.1745 0.163 0.163 0.186 0.186 0.1855 0.1855 0.1855 0.173 0.173 0.1745 0.1745 0.158 0.158 0.158 0.1785 0.1785 0.1935 0.1935 0.1825 0.1825 0.194 0.194 0.194 0.177 0.177 0.178 0.178 0.191 0.191 0.191 0.165 0.165 0.154 0.154 0.1495 0.1495 0.1495 0.146 0.146 0.148 0.148 0.1285 0.1285 0.1285 0.1195
0.1825 0.1825 0.155 0.155 0.1535 0.1535 0.1785 0.1785 0.1785 0.174 0.174 0.177 0.177 0.181 0.181 0.1595 0.1595 0.1595 0.184 0.184 0.1685 0.1685 0.16 0.16 0.16 0.1535 0.1535 0.1445 0.1445 0.14 0.14 0.14 0.158 0.158 0.1715 0.1715 0.184 0.184 0.184 0.173 0.173 0.184 0.184 0.1405 0.1405 0.1405 0.1585 0.1585 0.1925 0.1925 0.2095 0.2095 0.203 0.203 0.203 0.1935 0.1935 0.183 0.183 0.179 0.179 0.179 0.1965 0.1965 0.1865 0.1865 0.156 0.156 0.156 0.145 0.145 0.1505 0.1505 0.133 0.133 0.133 0.1235
0.1825 0.1825 0.155 0.155 0.1535 0.1535 0.1785 0.1785 0.1785 0.174 0.174 0.177 0.177 0.181 0.181 0.1595 0.1595 0.1595 0.184 0.184 0.1685 0.1685 0.16 0.16 0.16 0.1535 0.1535 0.1445 0.1445 0.14 0.14 0.14 0.158 0.158 0.1715 0.1715 0.184 0.184 0.184 0.173 0.173 0.184 0.184 0.1405 0.1405 0.1405 0.1585 0.1585 0.1925 0.1925 0.2095 0.2095 0.203 0.203 0.203 0.1935 0.1935 0.183 0.183 0.179 0.179 0.179 0.1965 0.1965 0.1865 0.1865 0.156 0.156 0.156 0.145 0.145 0.1505 0.1505 0.133 0.133 0.133 0.1235
0.1905 0.1905 0.172 0.172 0.17 0.17 0.1945 0.1945 0.1945 0.1935 0.1935 0.1865 0.1865 0.179 0.179 0.1495 0.1495 0.1495 0.1475 0.1475 0.153 0.153 0.136 0.136 0.136 0.181 0.181 0.1615 0.1615 0.1635 0.1635 0.1635 0.174 0.174 0.186 0.186 0.1875 0.1875 0.1875 0.1945 0.1945 0.179 0.179 0.1735 0.1735 0.1735 0.1555 0.1555 0.2025 0.2025 0.201 0.201 0.204 0.204 0.204 0.1825 0.1825 0.1735 0.1735 0.1875 0.1875 0.1875 0.195 0.195 0.1825 0.1825 0.146 0.146 0.146 0.147 0.147 0.1395 0.1395 0.134 0.134 0.134 0.141
0.1905 0.1905 0.172 0.172 0.17 0.17 0.1945 0.1945 0.1945 0.1935 0.1935 0.1865 0.1865 0.179 0.179 0.1495 0.1495 0.1495 0.1475 0.1475 0.153 0.153 0.136 0.136 0.136 0.181 0.181 0.1615 0.1615 0.1635 0.1635 0.1635 0.174 0.174 0.186 0.186 0.1875 0.1875 0.1875 0.1945 0.1945 0.179 0.179 0.1735 0.1735 0.1735 0.1555 0.1555 0.2025 0.2025 0.201 0.201 0.204 0.204 0.204 0.1825 0.1825 0.1735 0.1735 0.1875 0.1875 0.1875 0.195 0.195 0.1825 0.1825 0.146 0.146 0.146 0.147 0.147 0.1395 0.1395 0.134 0.134 0.134 0.141
0.1905 0.1905 0.172 0.172 0.17 0.17 0.1945 0.1945 0.1945 0.1935 0.1935 0.1865 0.1865 0.179 0.179 0.1495 0.1495 0.1495 0.1475 0.1475 0.153 0.153 0.136 0.136 0.136 0.181 0.181 0.1615 0.1615 0.1635 0.1635 0.1635 0.174 0.174 0.186 0.186 0.1875 0.1875 0.1875 0.1945 0.1945 0.179 0.179 0.1735 0.1735 0.1735 0.1555 0.1555 0.2025 0.2025 0.201 0.201 0.204 0.204 0.204 0.1825 0.1825 0.1735 0.1735 0.1875 0.1875 0.1875 0.195 0.195 0.1825 0.1825 0.146 0.146 0.146 0.147 0.147 0.1395 0.1395 0.134 0.134 0.134 0.141
0.182 0.182 0.1865 0.1865 0.1845 0.1845 0.1775 0.1775 0.1775 0.1725 0.1725 0.179 0.179 0.1885 0.1885 0.1395 0.1395 0.1395 0.151 0.151 0.128 0.128 0.181 0.181 0.181 0.153 0.153 0.162 0.162 0.146 0.146 0.146 0.173 0.173 0.1815 0.1815 0.1705 0.1705 0.1705 0.1665 0.1665 0.177 0.177 0.1805 0.1805 0.1805 0.1995 0.1995 0.214 0.214 0.1745 0.1745 0.2045 0.2045 0.2045 0.202 0.202 0.1675 0.1675 0.17 0.17 0.17 0.195 0.195 0.1875 0.1875 0.185 0.185 0.185 0.1435 0.1435 0.1445 0.1445 0.141 0.141 0.141 0.145
0.182 0.182 0.1865 0.1865 0.1845 0.1845 0.1775 0.1775 0.1775 0.1725 0.1725 0.179 0.179 0.1885 0.1885 0.1395 0.1395 0.1395 0.151 0.151 0.128 0.128 0.181 0.181 0.181 0.153 0.153 0.162 0.162 0.146 0.146 0.146 0.173 0.173 0.1815 0.1815 0.1705 0.1705 0.1705 0.1665 0.1665 0.177 0.177 0.1805 0.1805 0.1805 0.1995 0.1995 0.214 0.214 0.1745 0.1745 0.2045 0.2045 0.2045 0.202 0.202 0.1675 0.1675 0.17 0.17 0.17 0.195 0.195 0.1875 0.1875 0.185 0.185 0.185 0.1435 0.1435 0.1445 0.1445 0.141 0.141 0.141 0.145
0.193 0.193 0.178 0.178 0.1605 0.1605 0.161 0.161 0.161 0.1555 0.1555 0.1705 0.1705 0.121 0.121 0.133 0.133 0.133 0.1395 0.1395 0.1695 0.1695 0.1755 0.1755 0.1755 0.1345 0.1345 0.1575 0.1575 0.168 0.168 0.168 0.158 0.158 0.167 0.167 0.1615 0.1615 0.1615 0.1495 0.1495 0.163 0.163 0.181 0.181 0.181 0.203 0.203 0.1855 0.1855 0.176 0.176 0.204 0.204 0.204 0.233 0.233 0.2015 0.2015 0.1935 0.1935 0.1935 0.186 0.186 0.2 0.2 0.203 0.203 0.203 0.1915 0.1915 0.1815 0.1815 0.1805 0.1805 0.1805 0.1685
0.193 0.193 0.178 0.178 0.1605 0.1605 0.161 0.161 0.161 0.1555 0.1555 0.1705 0.1705 0.121 0.121 0.133 0.133 0.133 0.1395 0.1395 0.1695 0.1695 0.1755 0.1755 0.1755 0.1345 0.1345 0.1575 0.1575 0.168 0.168 0.168 0.158 0.158 0.167 0.167 0.1615 0.1615 0.1615 0.1495 0.1495 0.163 0.163 0.181 0.181 0.181 0.203 0.203 0.1855 0.1855 0.176 0.176 0.204 0.204 0.204 0.233 0.233 0.2015 0.2015 0.1935 0.1935 0.1935 0.186 0.186 0.2 0.2 0.203 0.203 0.203 0.1915 0.1915 0.1815 0.1815 0.1805 0.1805 0.1805 0.1685
0.1755 0.1755 0.156 0.156 0.1895 0.1895 0.1785 0.1785 0.1785 0.16 0.16 0.177 0.177 0.1655 0.1655 0.137 0.137 0.137 0.1655 0.1655 0.1875 0.1875 0.148 0.148 0.148 0.1455 0.1455 0.1485 0.1485 0.159 0.159 0.159 0.1985 0.1985 0.207 0.207 0.2025 0.2025 0.2025 0.18 0.18 0.1675 0.1675 0.1955 0.1955 0.1955 0.191 0.191 0.219 0.219 0.202 0.202 0.189 0.189 0.189 0.178 0.178 0.197 0.197 0.1795 0.1795 0.1795 0.1865 0.1865 0.215 0.215 0.1965 0.1965 0.1965 0.1735 0.1735 0.1815 0.1815 0.1765 0.1765 0.1765 0.172
0.1755 0.1755 0.156 0.156 0.1895 0.1895 0.1785 0.1785 0.1785 0.16 0.16 0.177 0.177 0.1655 0.1655 0.137 0.137 0.137 0.1655 0.1655 0.1875 0.1875 0.148 0.148 0.148 0.1455 0.1455 0.1485 0.1485 0.159 0.159 0.159 0.1985 0.1985 0.207 0.207 0.2025 0.2025 0.2025 0.18 0.18 0.1675 0.1675 0.1955 0.1955 0.1955 0.191 0.191 0.219 0.219 0.202 0.202 0.189 0.189 0.189 0.178 0.178 0.197 0.197 0.1795 0.1795 0.1795 0.1865 0.1865 0.215 0.215 0.1965 0.1965 0.1965 0.1735 0.1735 0.1815 0.1815 0.1765 0.1765 0.1765 0.172
0.1755 0.1755 0.156 0.156 0.1895 0.1895 0.1785 0.1785 0.1785 0.16 0.16 0.177 0.177 0.1655 0.1655 0.137 0.137 0.137 0.1655 0.1655 0.1875 0.1875 0.148 0.148 0.148 0.1455 0.1455 0.1485 0.1485 0.159 0.159 0.159 0.1985 0.1985 0.207 0.207 0.2025 0.2025 0.2025 0.18 0.18 0.1675 0.1675 0.1955 0.1955 0.1955 0.191 0.191 0.219 0.219 0.202 0.202 0.189 0.189 0.189 0.178 0.178 0.197 0.197 0.1795 0.1795 0.1795 0.1865 0.1865 0.215 0.215 0.1965 0.1965 0.1965 0.1735 0.1735 0.1815 0.1815 0.1765 0.1765 0.1765 0.172
0.181 0.181 0.179 0.179 0.1725 0.1725 0.159 0.159 0.159 0.1795 0.1795 0.1775 0.1775 0.1665 0.1665 0.164 0.164 0.164 0.193 0.193 0.188 0.188 0.176 0.176 0.176 0.189 0.189 0.183 0.183 0.1775 0.1775 0.1775 0.183 0.183 0.1795 0.1795 0.1995 0.1995 0.1995 0.1855 0.1855 0.1805 0.1805 0.191 0.191 0.191 0.1505 0.1505 0.191 0.191 0.206 0.206 0.2025 0.2025 0.2025 0.203 0.203 0.2 0.2 0.2005 0.2005 0.2005 0.2015 0.2015 0.197 0.197 0.2025 0.2025 0.2025 0.2155 0.2155 0.1745 0.1745 0.135 0.135 0.135 0.138
0.181 0.181 0.179 0.179 0.1725 0.1725 0.159 0.159 0.159 0.1795 0.1795 0.1775 0.1775 0.1665 0.1665 0.164 0.164 0.164 0.193 0.193 0.188 0.188 0.176 0.176 0.176 0.189 0.189 0.183 0.183 0.1775 0.1775 0.1775 0.183 0.183 0.1795 0.1795 0.1995 0.1995 0.1995 0.1855 0.1855 0.1805 0.1805 0.191 0.191 0.191 0.1505 0.1505 0.191 0.191 0.206 0.206 0.2025 0.2025 0.2025 0.203 0.203 0.2 0.2 0.2005 0.2005 0.2005 0.2015 0.2015 0.197 0.197 0.2025 0.2025 0.2025 0.2155 0.2155 0.1745 0.1745 0.135 0.135 0.135 0.138
0.182 0.182 0.1645 0.1645 0.1705 0.1705 0.157 0.157 0.157 0.1565 0.1565 0.151 0.151 0.1645 0.1645 0.1625 0.1625 0.1625 0.1575 0.1575 0.162 0.162 0.1585 0.1585 0.1585 0.1765 0.1765 0.161 0.161 0.1815 0.1815 0.1815 0.183 0.183 0.1875 0.1875 0.1805 0.1805 0.1805 0.168 0.168 0.212 0.212 0.197 0.197 0.197 0.203 0.203 0.191 0.191 0.1915 0.1915 0.2155 0.2155 0.2155 0.1985 0.1985 0.1985 0.1985 0.1955 0.1955 0.1955 0.185 0.185 0.1945 0.1945 0.235 0.235 0.235 0.2315 0.2315 0.199 0.199 0.1995 0.1995 0.1995 0.192
0.182 0.182 0.1645 0.1645 0.1705 0.1705 0.157 0.157 0.157 0.1565 0.1565 0.151 0.151 0.1645 0.1645 0.1625 0.1625 0.1625 0.1575 0.1575 0.162 0.162 0.1585 0.1585 0.1585 0.1765 0.1765 0.161 0.161 0.1815 0.1815 0.1815 0.183 0.183 0.1875 0.1875 0.1805 0.1805 0.1805 0.168 0.168 0.212 0.212 0.197 0.197 0.197 0.203 0.203 0.191 0.191 0.1915 0.1915 0.2155 0.2155 0.2155 0.1985 0.1985 0.1985 0.1985 0.1955 0.1955 0.1955 0.185 0.185 0.1945 0.1945 0.235 0.235 0.235 0.2315 0.2315 0.199 0.199 0.1995 0.1995 0.1995 0.192
0.156 0.156 0.1625 0.1625 0.1695 0.1695 0.1675 0.1675 0.1675 0.169 0.169 0.1585 0.1585 0.149 0.149 0.1535 0.1535 0.1535 0.1545 0.1545 0.163 0.163 0.1985 0.1985 0.1985 0.1775 0.1775 0.1785 0.1785 0.182 0.182 0.182 0.192 0.192 0.175 0.175 0.179 0.179 0.179 0.1755 0.1755 0.206 0.206 0.2025 0.2025 0.2025 0.188 0.188 0.193 0.193 0.211 0.211 0.215 0.215 0.215 0.2175 0.2175 0.2 0.2 0.202 0.202 0.202 0.201 0.201 0.2105 0.2105 0.2185 0.2185 0.2185 0.238 0.238 0.2065 0.2065 0.179 0.179 0.179 0.1825
0.156 0.156 0.1625 0.1625 0.1695 0.1695 0.1675 0.1675 0.1675 0.169 0.169 0.1585 0.1585 0.149 0.149 0.1535 0.1535 0.1535 0.1545 0.1545 0.163 0.163 0.1985 0.1985 0.1985 0.1775 0.1775 0.1785 0.1785 0.182 0.182 0.182 0.192 0.192 0.175 0.175 0.179 0.179 0.179 0.1755 0.1755 0.206 0.206 0.2025 0.2025 0.2025 0.188 0.188 0.193 0.193 0.211 0.211 0.215 0.215 0.215 0.2175 0.2175 0.2 0.2 0.202 0.202 0.202 0.201 0.201 0.2105 0.2105 0.2185 0.2185 0.2185 0.238 0.238 0.2065 0.2065 0.179 0.179 0.179 0.1825
0.1735 0.1735 0.1765 0.1765 0.168 0.168 0.15 0.15 0.15 0.1555 0.1555 0.177 0.177 0.16 0.16 0.1465 0.1465 0.1465 0.16 0.16 0.1645 0.1645 0.179 0.179 0.179 0.1815 0.1815 0.1775 0.1775 0.178 0.178 0.178 0.1995 0.1995 0.198 0.198 0.1835 0.1835 0.1835 0.169 0.169 0.194 0.194 0.1835 0.1835 0.1835 0.1845 0.1845 0.228 0.228 0.2 0.2 0.206 0.206 0.206 0.2095 0.2095 0.225 0.225 0.216 0.216 0.216 0.215 0.215 0.248 0.248 0.221 0.221 0.221 0.219 0.219 0.227 0.227 0.224 0.224 0.224 0.1845
0.1735 0.1735 0.1765 0.1765 0.168 0.168 0.15 0.15 0.15 0.1555 0.1555 0.177 0.177 0.16 0.16 0.1465 0.1465 0.1465 0.16 0.16 0.1645 0.1645 0.179 0.179 0.179 0.1815 0.1815 0.1775 0.1775 0.178 0.178 0.178 0.1995 0.1995 0.198 0.198 0.1835 0.1835 0.1835 0.169 0.169 0.194 0.194 0.1835 0.1835 0.1835 0.1845 0.1845 0.228 0.228 0.2 0.2 0.206 0.206 0.206 0.2095 0.2095 0.225 0.225 0.216 0.216 0.216 0.215 0.215 0.248 0.248 0.221 0.221 0.221 0.219 0.219 0.227 0.227 0.224 0.224 0.224 0.1845
