ndvi/NOAA-82.asc
ncols         252
nrows         154
xllcorner     -18.017974
yllcorner     13.481982
cellsize      0.035948
NODATA_value  -9999
[rows 102 to 135 of 154, columns 154 to 230 of 252]
0.337 0.3085 0.3085 0.3225 0.3225 0.3225 0.2875 0.2875 0.26 0.26 0.283 0.283 0.2675 0.2675 0.2675 0.284 0.284 0.3035 0.3035 0.325 0.325 0.325 0.3245 0.3245 0.3165 0.3165 0.289 0.289 0.289 0.2855 0.2855 0.329 0.329 0.3225 0.3225 0.3225 0.352 0.352 0.3315 0.3315 0.325 0.325 0.325 0.325 0.325 0.3225 0.3225 0.3445 0.3445 0.315 0.315 0.315 0.3175 0.3175 0.2755 0.2755 0.262 0.262 0.262 0.2775 0.2775 0.273 0.273 0.266 0.266 0.266 0.2725 0.2725 0.2885 0.2885 0.2825 0.2825 0.2825 0.3025 0.3025 0.314 0.314
0.3685 0.3175 0.3175 0.363 0.363 0.363 0.2375 0.2375 0.294 0.294 0.277 0.277 0.3015 0.3015 0.3015 0.3085 0.3085 0.324 0.324 0.3275 0.3275 0.3275 0.3365 0.3365 0.3125 0.3125 0.304 0.304 0.304 0.3225 0.3225 0.3235 0.3235 0.3515 0.3515 0.3515 0.311 0.311 0.312 0.312 0.321 0.321 0.321 0.3145 0.3145 0.3175 0.3175 0.335 0.335 0.3535 0.3535 0.3535 0.3285 0.3285 0.3015 0.3015 0.298 0.298 0.298 0.319 0.319 0.274 0.274 0.284 0.284 0.284 0.3025 0.3025 0.306 0.306 0.2945 0.2945 0.2945 0.2925 0.2925 0.271 0.271
0.3685 0.3175 0.3175 0.363 0.363 0.363 0.2375 0.2375 0.294 0.294 0.277 0.277 0.3015 0.3015 0.3015 0.3085 0.3085 0.324 0.324 0.3275 0.3275 0.3275 0.3365 0.3365 0.3125 0.3125 0.304 0.304 0.304 0.3225 0.3225 0.3235 0.3235 0.3515 0.3515 0.3515 0.311 0.311 0.312 0.312 0.321 0.321 0.321 0.3145 0.3145 0.3175 0.3175 0.335 0.335 0.3535 0.3535 0.3535 0.3285 0.3285 0.3015 0.3015 0.298 0.298 0.298 0.319 0.319 0.274 0.274 0.284 0.284 0.284 0.3025 0.3025 0.306 0.306 0.2945 0.2945 0.2945 0.2925 0.2925 0.271 0.271
0.3685 0.3175 0.3175 0.363 0.363 0.363 0.2375 0.2375 0.294 0.294 0.277 0.277 0.3015 0.3015 0.3015 0.3085 0.3085 0.324 0.324 0.3275 0.3275 0.3275 0.3365 0.3365 0.3125 0.3125 0.304 0.304 0.304 0.3225 0.3225 0.3235 0.3235 0.3515 0.3515 0.3515 0.311 0.311 0.312 0.312 0.321 0.321 0.321 0.3145 0.3145 0.3175 0.3175 0.335 0.335 0.3535 0.3535 0.3535 0.3285 0.3285 0.3015 0.3015 0.298 0.298 0.298 0.319 0.319 0.274 0.274 0.284 0.284 0.284 0.3025 0.3025 0.306 0.306 0.2945 0.2945 0.2945 0.2925 0.2925 0.271 0.271
0.323 0.3045 0.3045 0.2835 0.2835 0.2835 0.3095 0.3095 0.2665 0.2665 0.288 0.288 0.3145 0.3145 0.3145 0.317 0.317 0.3035 0.3035 0.2565 0.2565 0.2565 0.2925 0.2925 0.2815 0.2815 0.3215 0.3215 0.3215 0.3425 0.3425 0.3665 0.3665 0.382 0.382 0.382 0.3545 0.3545 0.3585 0.3585 0.363 0.363 0.363 0.369 0.369 0.394 0.394 0.4025 0.4025 0.3775 0.3775 0.3775 0.4055 0.4055 0.398 0.398 0.395 0.395 0.395 0.284 0.284 0.288 0.288 0.281 0.281 0.281 0.2715 0.2715 0.2765 0.2765 0.2935 0.2935 0.2935 0.3195 0.3195 0.338 0.338
0.323 0.3045 0.3045 0.2835 0.2835 0.2835 0.3095 0.3095 0.2665 0.2665 0.288 0.288 0.3145 0.3145 0.3145 0.317 0.317 0.3035 0.3035 0.2565 0.2565 0.2565 0.2925 0.2925 0.2815 0.2815 0.3215 0.3215 0.3215 0.3425 0.3425 0.3665 0.3665 0.382 0.382 0.382 0.3545 0.3545 0.3585 0.3585 0.363 0.363 0.363 0.369 0.369 0.394 0.394 0.4025 0.4025 0.3775 0.3775 0.3775 0.4055 0.4055 0.398 0.398 0.395 0.395 0.395 0.284 0.284 0.288 0.288 0.281 0.281 0.281 0.2715 0.2715 0.2765 0.2765 0.2935 0.2935 0.2935 0.3195 0.3195 0.338 0.338
0.3475 0.3775 0.3775 0.3435 0.3435 0.3435 0.3205 0.3205 0.3055 0.3055 0.3125 0.3125 0.3105 0.3105 0.3105 0.2955 0.2955 0.312 0.312 0.3425 0.3425 0.3425 0.3045 0.3045 0.3005 0.3005 0.367 0.367 0.367 0.3645 0.3645 0.369 0.369 0.38 0.38 0.38 0.347 0.347 0.3535 0.3535 0.3955 0.3955 0.3955 0.446 0.446 0.3835 0.3835 0.387 0.387 0.378 0.378 0.378 0.435 0.435 0.3875 0.3875 0.364 0.364 0.364 0.3515 0.3515 0.309 0.309 0.3215 0.3215 0.3215 0.3275 0.3275 0.2865 0.2865 0.3205 0.3205 0.3205 0.321 0.321 0.3435 0.3435
0.3475 0.3775 0.3775 0.3435 0.3435 0.3435 0.3205 0.3205 0.3055 0.3055 0.3125 0.3125 0.3105 0.3105 0.3105 0.2955 0.2955 0.312 0.312 0.3425 0.3425 0.3425 0.3045 0.3045 0.3005 0.3005 0.367 0.367 0.367 0.3645 0.3645 0.369 0.369 0.38 0.38 0.38 0.347 0.347 0.3535 0.3535 0.3955 0.3955 0.3955 0.446 0.446 0.3835 0.3835 0.387 0.387 0.378 0.378 0.378 0.435 0.435 0.3875 0.3875 0.364 0.364 0.364 0.3515 0.3515 0.309 0.309 0.3215 0.3215 0.3215 0.3275 0.3275 0.2865 0.2865 0.3205 0.3205 0.3205 0.321 0.321 0.3435 0.3435
0.3345 0.364 0.364 0.368 0.368 0.368 0.349 0.349 0.3155 0.3155 0.3245 0.3245 0.296 0.296 0.296 0.2875 0.2875 0.276 0.276 0.2965 0.2965 0.2965 0.311 0.311 0.351 0.351 0.335 0.335 0.335 0.356 0.356 0.3805 0.3805 0.381 0.381 0.381 0.3545 0.3545 0.4075 0.4075 0.4045 0.4045 0.4045 0.3755 0.3755 0.3745 0.3745 0.381 0.381 0.355 0.355 0.355 0.4045 0.4045 0.436 0.436 0.4115 0.4115 0.4115 0.4085 0.4085 0.324 0.324 0.301 0.301 0.301 0.3015 0.3015 0.309 0.309 0.3275 0.3275 0.3275 0.328 0.328 0.3585 0.3585
0.3345 0.364 0.364 0.368 0.368 0.368 0.349 0.349 0.3155 0.3155 0.3245 0.3245 0.296 0.296 0.296 0.2875 0.2875 0.276 0.276 0.2965 0.2965 0.2965 0.311 0.311 0.351 0.351 0.335 0.335 0.335 0.356 0.356 0.3805 0.3805 0.381 0.381 0.381 0.3545 0.3545 0.4075 0.4075 0.4045 0.4045 0.4045 0.3755 0.3755 0.3745 0.3745 0.381 0.381 0.355 0.355 0.355 0.4045 0.4045 0.436 0.436 0.4115 0.4115 0.4115 0.4085 0.4085 0.324 0.324 0.301 0.301 0.301 0.3015 0.3015 0.309 0.309 0.3275 0.3275 0.3275 0.328 0.328 0.3585 0.3585
0.3345 0.364 0.364 0.368 0.368 0.368 0.349 0.349 0.3155 0.3155 0.3245 0.3245 0.296 0.296 0.296 0.2875 0.2875 0.276 0.276 0.2965 0.2965 0.2965 0.311 0.311 0.351 0.351 0.335 0.335 0.335 0.356 0.356 0.3805 0.3805 0.381 0.381 0.381 0.3545 0.3545 0.4075 0.4075 0.4045 0.4045 0.4045 0.3755 0.3755 0.3745 0.3745 0.381 0.381 0.355 0.355 0.355 0.4045 0.4045 0.436 0.436 0.4115 0.4115 0.4115 0.4085 0.4085 0.324 0.324 0.301 0.301 0.301 0.3015 0.3015 0.309 0.309 0.3275 0.3275 0.3275 0.328 0.328 0.3585 0.3585
0.408 0.3795 0.3795 0.346 0.346 0.346 0.343 0.343 0.3395 0.3395 0.342 0.342 0.323 0.323 0.323 0.296 0.296 0.3295 0.3295 0.33 0.33 0.33 0.352 0.352 0.3535 0.3535 0.3675 0.3675 0.3675 0.3805 0.3805 0.409 0.409 0.3905 0.3905 0.3905 0.372 0.372 0.361 0.361 0.333 0.333 0.333 0.3985 0.3985 0.4125 0.4125 0.3795 0.3795 0.3615 0.3615 0.3615 0.4045 0.4045 0.416 0.416 0.3845 0.3845 0.3845 0.365 0.365 0.3375 0.3375 0.3295 0.3295 0.3295 0.3285 0.3285 0.339 0.339 0.3125 0.3125 0.3125 0.3425 0.3425 0.3595 0.3595
0.408 0.3795 0.3795 0.346 0.346 0.346 0.343 0.343 0.3395 0.3395 0.342 0.342 0.323 0.323 0.323 0.296 0.296 0.3295 0.3295 0.33 0.33 0.33 0.352 0.352 0.3535 0.3535 0.3675 0.3675 0.3675 0.3805 0.3805 0.409 0.409 0.3905 0.3905 0.3905 0.372 0.372 0.361 0.361 0.333 0.333 0.333 0.3985 0.3985 0.4125 0.4125 0.3795 0.3795 0.3615 0.3615 0.3615 0.4045 0.4045 0.416 0.416 0.3845 0.3845 0.3845 0.365 0.365 0.3375 0.3375 0.3295 0.3295 0.3295 0.3285 0.3285 0.339 0.339 0.3125 0.3125 0.3125 0.3425 0.3425 0.3595 0.3595
0.365 0.3855 0.3855 0.388 0.388 0.388 0.353 0.353 0.3355 0.3355 0.329 0.329 0.312 0.312 0.312 0.3135 0.3135 0.329 0.329 0.3145 0.3145 0.3145 0.346 0.346 0.362 0.362 0.4005 0.4005 0.4005 0.381 0.381 0.389 0.389 0.3795 0.3795 0.3795 0.376 0.376 0.315 0.315 0.3655 0.3655 0.3655 0.373 0.373 0.3425 0.3425 0.4075 0.4075 0.4751 0.4751 0.4751 0.437 0.437 0.372 0.372 0.3705 0.3705 0.3705 0.3675 0.3675 0.371 0.371 0.339 0.339 0.339 0.342 0.342 0.3305 0.3305 0.353 0.353 0.353 0.3495 0.3495 0.355 0.355
0.365 0.3855 0.3855 0.388 0.388 0.388 0.353 0.353 0.3355 0.3355 0.329 0.329 0.312 0.312 0.312 0.3135 0.3135 0.329 0.329 0.3145 0.3145 0.3145 0.346 0.346 0.362 0.362 0.4005 0.4005 0.4005 0.381 0.381 0.389 0.389 0.3795 0.3795 0.3795 0.376 0.376 0.315 0.315 0.3655 0.3655 0.3655 0.373 0.373 0.3425 0.3425 0.4075 0.4075 0.4751 0.4751 0.4751 0.437 0.437 0.372 0.372 0.3705 0.3705 0.3705 0.3675 0.3675 0.371 0.371 0.339 0.339 0.339 0.342 0.342 0.3305 0.3305 0.353 0.353 0.353 0.3495 0.3495 0.355 0.355
0.3855 0.386 0.386 0.383 0.383 0.383 0.3005 0.3005 0.2985 0.2985 0.349 0.349 0.381 0.381 0.381 0.35 0.35 0.3525 0.3525 0.3195 0.3195 0.3195 0.316 0.316 0.3355 0.3355 0.3755 0.3755 0.3755 0.342 0.342 0.349 0.349 0.3505 0.3505 0.3505 0.319 0.319 0.3525 0.3525 0.407 0.407 0.407 0.4095 0.4095 0.4425 0.4425 0.4605 0.4605 0.4465 0.4465 0.4465 0.454 0.454 0.4735 0.4735 0.413 0.413 0.413 0.42 0.42 0.3935 0.3935 0.386 0.386 0.386 0.3505 0.3505 0.3725 0.3725 0.361 0.361 0.361 0.353 0.353 0.381 0.381
0.3855 0.386 0.386 0.383 0.383 0.383 0.3005 0.3005 0.2985 0.2985 0.349 0.349 0.381 0.381 0.381 0.35 0.35 0.3525 0.3525 0.3195 0.3195 0.3195 0.316 0.316 0.3355 0.3355 0.3755 0.3755 0.3755 0.342 0.342 0.349 0.349 0.3505 0.3505 0.3505 0.319 0.319 0.3525 0.3525 0.407 0.407 0.407 0.4095 0.4095 0.4425 0.4425 0.4605 0.4605 0.4465 0.4465 0.4465 0.454 0.454 0.4735 0.4735 0.413 0.413 0.413 0.42 0.42 0.3935 0.3935 0.386 0.386 0.386 0.3505 0.3505 0.3725 0.3725 0.361 0.361 0.361 0.353 0.353 0.381 0.381
0.3855 0.386 0.386 0.383 0.383 0.383 0.3005 0.3005 0.2985 0.2985 0.349 0.349 0.381 0.381 0.381 0.35 0.35 0.3525 0.3525 0.3195 0.3195 0.3195 0.316 0.316 0.3355 0.3355 0.3755 0.3755 0.3755 0.342 0.342 0.349 0.349 0.3505 0.3505 0.3505 0.319 0.319 0.3525 0.3525 0.407 0.407 0.407 0.4095 0.4095 0.4425 0.4425 0.4605 0.4605 0.4465 0.4465 0.4465 0.454 0.454 0.4735 0.4735 0.413 0.413 0.413 0.42 0.42 0.3935 0.3935 0.386 0.386 0.386 0.3505 0.3505 0.3725 0.3725 0.361 0.361 0.361 0.353 0.353 0.381 0.381
0.344 0.37 0.37 0.394 0.394 0.394 0.353 0.353 0.3745 0.3745 0.378 0.378 0.4615 0.4615 0.4615 0.4155 0.4155 0.3825 0.3825 0.3905 0.3905 0.3905 0.3705 0.3705 0.3795 0.3795 0.3655 0.3655 0.3655 0.3395 0.3395 0.3335 0.3335 0.3355 0.3355 0.3355 0.325 0.325 0.368 0.368 0.3935 0.3935 0.3935 0.4355 0.4355 0.4615 0.4615 0.501 0.501 0.476 0.476 0.476 0.4675 0.4675 0.495 0.495 0.4505 0.4505 0.4505 0.392 0.392 0.4195 0.4195 0.4385 0.4385 0.4385 0.419 0.419 0.412 0.412 0.3715 0.3715 0.3715 0.366 0.366 0.3815 0.3815
0.344 0.37 0.37 0.394 0.394 0.394 0.353 0.353 0.3745 0.3745 0.378 0.378 0.4615 0.4615 0.4615 0.4155 0.4155 0.3825 0.3825 0.3905 0.3905 0.3905 0.3705 0.3705 0.3795 0.3795 0.3655 0.3655 0.3655 0.3395 0.3395 0.3335 0.3335 0.3355 0.3355 0.3355 0.325 0.325 0.368 0.368 0.3935 0.3935 0.3935 0.4355 0.4355 0.4615 0.4615 0.501 0.501 0.476 0.476 0.476 0.4675 0.4675 0.495 0.495 0.4505 0.4505 0.4505 0.392 0.392 0.4195 0.4195 0.4385 0.4385 0.4385 0.419 0.419 0.412 0.412 0.3715 0.3715 0.3715 0.366 0.366 0.3815 0.3815
0.389 0.3795 0.3795 0.364 0.364 0.364 0.353 0.353 0.383 0.383 0.4065 0.4065 0.459 0.459 0.459 0.435 0.435 0.457 0.457 0.425 0.425 0.425 0.4145 0.4145 0.417 0.417 0.373 0.373 0.373 0.3505 0.3505 0.3675 0.3675 0.426 0.426 0.426 0.39 0.39 0.4335 0.4335 0.4575 0.4575 0.4575 0.495 0.495 0.4325 0.4325 0.5015 0.5015 0.508 0.508 0.508 0.4775 0.4775 0.4635 0.4635 0.4665 0.4665 0.4665 0.4375 0.4375 0.4075 0.4075 0.438 0.438 0.438 0.4195 0.4195 0.4 0.4 0.393 0.393 0.393 0.397 0.397 0.3965 0.3965
0.389 0.3795 0.3795 0.364 0.364 0.364 0.353 0.353 0.383 0.383 0.4065 0.4065 0.459 0.459 0.459 0.435 0.435 0.457 0.457 0.425 0.425 0.425 0.4145 0.4145 0.417 0.417 0.373 0.373 0.373 0.3505 0.3505 0.3675 0.3675 0.426 0.426 0.426 0.39 0.39 0.4335 0.4335 0.4575 0.4575 0.4575 0.495 0.495 0.4325 0.4325 0.5015 0.5015 0.508 0.508 0.508 0.4775 0.4775 0.4635 0.4635 0.4665 0.4665 0.4665 0.4375 0.4375 0.4075 0.4075 0.438 0.438 0.438 0.4195 0.4195 0.4 0.4 0.393 0.393 0.393 0.397 0.397 0.3965 0.3965
0.3725 0.3935 0.3935 0.3675 0.3675 0.3675 0.3255 0.3255 0.402 0.402 0.4355 0.4355 0.414 0.414 0.414 0.438 0.438 0.4285 0.4285 0.4265 0.4265 0.4265 0.4575 0.4575 0.4335 0.4335 0.4025 0.4025 0.4025 0.371 0.371 0.391 0.391 0.4285 0.4285 0.4285 0.405 0.405 0.4235 0.4235 0.4235 0.4235 0.4235 0.402 0.402 0.437 0.437 0.4695 0.4695 0.48 0.48 0.48 0.4615 0.4615 0.5095 0.5095 0.466 0.466 0.466 0.407 0.407 0.406 0.406 0.4175 0.4175 0.4175 0.3975 0.3975 0.431 0.431 0.424 0.424 0.424 0.409 0.409 0.416 0.416
0.3725 0.3935 0.3935 0.3675 0.3675 0.3675 0.3255 0.3255 0.402 0.402 0.4355 0.4355 0.414 0.414 0.414 0.438 0.438 0.4285 0.4285 0.4265 0.4265 0.4265 0.4575 0.4575 0.4335 0.4335 0.4025 0.4025 0.4025 0.371 0.371 0.391 0.391 0.4285 0.4285 0.4285 0.405 0.405 0.4235 0.4235 0.4235 0.4235 0.4235 0.402 0.402 0.437 0.437 0.4695 0.4695 0.48 0.48 0.48 0.4615 0.4615 0.5095 0.5095 0.466 0.466 0.466 0.407 0.407 0.406 0.406 0.4175 0.4175 0.4175 0.3975 0.3975 0.431 0.431 0.424 0.424 0.424 0.409 0.409 0.416 0.416
0.4185 0.4415 0.4415 0.4205 0.4205 0.4205 0.3705 0.3705 0.4175 0.4175 0.4435 0.4435 0.4365 0.4365 0.4365 0.414 0.414 0.427 0.427 0.453 0.453 0.453 0.459 0.459 0.4525 0.4525 0.456 0.456 0.456 0.4375 0.4375 0.407 0.407 0.4235 0.4235 0.4235 0.445 0.445 0.4375 0.4375 0.409 0.409 0.409 0.468 0.468 0.4795 0.4795 0.5005 0.5005 0.5225 0.5225 0.5225 0.5165 0.5165 0.448 0.448 0.445 0.445 0.445 0.4425 0.4425 0.414 0.414 0.4025 0.4025 0.4025 0.3865 0.3865 0.437 0.437 0.418 0.418 0.418 0.4535 0.4535 0.4205 0.4205
0.4185 0.4415 0.4415 0.4205 0.4205 0.4205 0.3705 0.3705 0.4175 0.4175 0.4435 0.4435 0.4365 0.4365 0.4365 0.414 0.414 0.427 0.427 0.453 0.453 0.453 0.459 0.459 0.4525 0.4525 0.456 0.456 0.456 0.4375 0.4375 0.407 0.407 0.4235 0.4235 0.4235 0.445 0.445 0.4375 0.4375 0.409 0.409 0.409 0.468 0.468 0.4795 0.4795 0.5005 0.5005 0.5225 0.5225 0.5225 0.5165 0.5165 0.448 0.448 0.445 0.445 0.445 0.4425 0.4425 0.414 0.414 0.4025 0.4025 0.4025 0.3865 0.3865 0.437 0.437 0.418 0.418 0.418 0.4535 0.4535 0.4205 0.4205
0.4185 0.4415 0.4415 0.4205 0.4205 0.4205 0.3705 0.3705 0.4175 0.4175 0.4435 0.4435 0.4365 0.4365 0.4365 0.414 0.414 0.427 0.427 0.453 0.453 0.453 0.459 0.459 0.4525 0.4525 0.456 0.456 0.456 0.4375 0.4375 0.407 0.407 0.4235 0.4235 0.4235 0.445 0.445 0.4375 0.4375 0.409 0.409 0.409 0.468 0.468 0.4795 0.4795 0.5005 0.5005 0.5225 0.5225 0.5225 0.5165 0.5165 0.448 0.448 0.445 0.445 0.445 0.4425 0.4425 0.414 0.414 0.4025 0.4025 0.4025 0.3865 0.3865 0.437 0.437 0.418 0.418 0.418 0.4535 0.4535 0.4205 0.4205
0.403 0.4585 0.4585 0.4195 0.4195 0.4195 0.3885 0.3885 0.404 0.404 0.454 0.454 0.4345 0.4345 0.4345 0.411 0.411 0.425 0.425 0.441 0.441 0.441 0.4495 0.4495 0.4515 0.4515 0.438 0.438 0.438 0.4315 0.4315 0.4305 0.4305 0.4195 0.4195 0.4195 0.4055 0.4055 0.4415 0.4415 0.433 0.433 0.433 0.4275 0.4275 0.505 0.505 0.48 0.48 0.521 0.521 0.521 0.4865 0.4865 0.4445 0.4445 0.4785 0.4785 0.4785 0.49 0.49 0.492 0.492 0.4785 0.4785 0.4785 0.464 0.464 0.468 0.468 0.4175 0.4175 0.4175 0.364 0.364 0.4145 0.4145
0.403 0.4585 0.4585 0.4195 0.4195 0.4195 0.3885 0.3885 0.404 0.404 0.454 0.454 0.4345 0.4345 0.4345 0.411 0.411 0.425 0.425 0.441 0.441 0.441 0.4495 0.4495 0.4515 0.4515 0.438 0.438 0.438 0.4315 0.4315 0.4305 0.4305 0.4195 0.4195 0.4195 0.4055 0.4055 0.4415 0.4415 0.433 0.433 0.433 0.4275 0.4275 0.505 0.505 0.48 0.48 0.521 0.521 0.521 0.4865 0.4865 0.4445 0.4445 0.4785 0.4785 0.4785 0.49 0.49 0.492 0.492 0.4785 0.4785 0.4785 0.464 0.464 0.468 0.468 0.4175 0.4175 0.4175 0.364 0.364 0.4145 0.4145
0.436 0.462 0.462 0.4315 0.4315 0.4315 0.449 0.449 0.433 0.433 0.4345 0.4345 0.4535 0.4535 0.4535 0.4485 0.4485 0.4465 0.4465 0.461 0.461 0.461 0.463 0.463 0.4415 0.4415 0.49 0.49 0.49 0.5025 0.5025 0.5025 0.5025 0.4365 0.4365 0.4365 0.4355 0.4355 0.4415 0.4415 0.46 0.46 0.46 0.5085 0.5085 0.5075 0.5075 0.5285 0.5285 0.6021 0.6021 0.6021 0.5475 0.5475 0.5175 0.5175 0.5766 0.5766 0.5766 0.5686001 0.5686001 0.503 0.503 0.485 0.485 0.485 0.4995 0.4995 0.449 0.449 0.484 0.484 0.484 0.4025 0.4025 0.429 0.429
0.436 0.462 0.462 0.4315 0.4315 0.4315 0.449 0.449 0.433 0.433 0.4345 0.4345 0.4535 0.4535 0.4535 0.4485 0.4485 0.4465 0.4465 0.461 0.461 0.461 0.463 0.463 0.4415 0.4415 0.49 0.49 0.49 0.5025 0.5025 0.5025 0.5025 0.4365 0.4365 0.4365 0.4355 0.4355 0.4415 0.4415 0.46 0.46 0.46 0.5085 0.5085 0.5075 0.5075 0.5285 0.5285 0.6021 0.6021 0.6021 0.5475 0.5475 0.5175 0.5175 0.5766 0.5766 0.5766 0.5686001 0.5686001 0.503 0.503 0.485 0.485 0.485 0.4995 0.4995 0.449 0.449 0.484 0.484 0.484 0.4025 0.4025 0.429 0.429
0.456 0.4825 0.4825 0.449 0.449 0.449 0.4635 0.4635 0.429 0.429 0.4585 0.4585 0.496 0.496 0.496 0.492 0.492 0.449 0.449 0.4675 0.4675 0.4675 0.4895 0.4895 0.4495 0.4495 0.5281 0.5281 0.5281 0.4955 0.4955 0.4765 0.4765 0.4605 0.4605 0.4605 0.459 0.459 0.426 0.426 0.4765 0.4765 0.4765 0.491 0.491 0.4945 0.4945 0.521 0.521 0.4885 0.4885 0.4885 0.538 0.538 0.5585001 0.5585001 0.579 0.579 0.579 0.566 0.566 0.5305001 0.5305001 0.492 0.492 0.492 0.441 0.441 0.468 0.468 0.4835 0.4835 0.4835 0.443 0.443 0.5086 0.5086
0.456 0.4825 0.4825 0.449 0.449 0.449 0.4635 0.4635 0.429 0.429 0.4585 0.4585 0.496 0.496 0.496 0.492 0.492 0.449 0.449 0.4675 0.4675 0.4675 0.4895 0.4895 0.4495 0.4495 0.5281 0.5281 0.5281 0.4955 0.4955 0.4765 0.4765 0.4605 0.4605 0.4605 0.459 0.459 0.426 0.426 0.4765 0.4765 0.4765 0.491 0.491 0.4945 0.4945 0.521 0.521 0.4885 0.4885 0.4885 0.538 0.538 0.5585001 0.5585001 0.579 0.579 0.579 0.566 0.566 0.5305001 0.5305001 0.492 0.492 0.492 0.441 0.441 0.468 0.468 0.4835 0.4835 0.4835 0.443 0.443 0.5086 0.5086
0.456 0.4825 0.4825 0.449 0.449 0.449 0.4635 0.4635 0.429 0.429 0.4585 0.4585 0.496 0.496 0.496 0.492 0.492 0.449 0.449 0.4675 0.4675 0.4675 0.4895 0.4895 0.4495 0.4495 0.5281 0.5281 0.5281 0.4955 0.4955 0.4765 0.4765 0.4605 0.4605 0.4605 0.459 0.459 0.426 0.426 0.4765 0.4765 0.4765 0.491 0.491 0.4945 0.4945 0.521 0.521 0.4885 0.4885 0.4885 0.538 0.538 0.5585001 0.5585001 0.579 0.579 0.579 0.566 0.566 0.5305001 0.5305001 0.492 0.492 0.492 0.441 0.441 0.468 0.468 0.4835 0.4835 0.4835 0.443 0.443 0.5086 0.5086
