ndvi/NOAA-162.asc
ncols         252
nrows         154
xllcorner     -18.017974
yllcorner     13.481982
cellsize      0.035948
NODATA_value  -9999
[rows 102 to 135 of 154, columns 0 to 76 of 252]
-1 -1 -1 -1 -1 -1 -1 -1 -1 -1 -1 -1 -1 -1 -1 -1 -1 -1 -1 -1 -1 -1 -1 -1 -1 0.0597 0.0597 0.0597 0.1175 0.1175 0.276 0.276 0.2505 0.2505 0.2505 0.2355 0.2355 0.24 0.24 0.235 0.235 0.235 0.246 0.246 0.264 0.264 0.2585 0.2585 0.2585 0.2705 0.2705 0.2765 0.2765 0.2825 0.2825 0.287 0.287 0.287 0.2815 0.2815 0.3115 0.3115 0.3115 0.3115 0.3115 0.2905 0.2905 0.2925 0.2925 0.2725 0.2725 0.2725 0.274 0.274 0.283 0.283 0.237
-1 -1 -1 -1 -1 -1 -1 -1 -1 -1 -1 -1 -1 -1 -1 -1 -1 -1 -1 -1 -1 -1 -1 0.0112 0.0112 0.2155 0.2155 0.2155 0.2875 0.2875 0.236 0.236 0.239 0.239 0.239 0.2495 0.2495 0.262 0.262 0.2655 0.2655 0.2655 0.2705 0.2705 0.258 0.258 0.2635 0.2635 0.2635 0.2685 0.2685 0.2755 0.2755 0.274 0.274 0.2475 0.2475 0.2475 0.275 0.275 0.285 0.285 0.285 0.285 0.285 0.2815 0.2815 0.267 0.267 0.2865 0.2865 0.2865 0.2925 0.2925 0.274 0.274 0.261
-1 -1 -1 -1 -1 -1 -1 -1 -1 -1 -1 -1 -1 -1 -1 -1 -1 -1 -1 -1 -1 -1 -1 0.0112 0.0112 0.2155 0.2155 0.2155 0.2875 0.2875 0.236 0.236 0.239 0.239 0.239 0.2495 0.2495 0.262 0.262 0.2655 0.2655 0.2655 0.2705 0.2705 0.258 0.258 0.2635 0.2635 0.2635 0.2685 0.2685 0.2755 0.2755 0.274 0.274 0.2475 0.2475 0.2475 0.275 0.275 0.285 0.285 0.285 0.285 0.285 0.2815 0.2815 0.267 0.267 0.2865 0.2865 0.2865 0.2925 0.2925 0.274 0.274 0.261
-1 -1 -1 -1 -1 -1 -1 -1 -1 -1 -1 -1 -1 -1 -1 -1 -1 -1 -1 -1 -1 -1 -1 0.0112 0.0112 0.2155 0.2155 0.2155 0.2875 0.2875 0.236 0.236 0.239 0.239 0.239 0.2495 0.2495 0.262 0.262 0.2655 0.2655 0.2655 0.2705 0.2705 0.258 0.258 0.2635 0.2635 0.2635 0.2685 0.2685 0.2755 0.2755 0.274 0.274 0.2475 0.2475 0.2475 0.275 0.275 0.285 0.285 0.285 0.285 0.285 0.2815 0.2815 0.267 0.267 0.2865 0.2865 0.2865 0.2925 0.2925 0.274 0.274 0.261
-1 -1 -1 -1 -1 -1 -1 -1 -1 -1 -1 -1 -1 -1 -1 -1 -1 -1 -1 -1 -1 0.0392 0.0392 0.156 0.156 0.296 0.296 0.296 0.252 0.252 0.242 0.242 0.232 0.232 0.232 0.274 0.274 0.2665 0.2665 0.2735 0.2735 0.2735 0.2695 0.2695 0.256 0.256 0.256 0.256 0.256 0.2775 0.2775 0.2695 0.2695 0.27 0.27 0.2745 0.2745 0.2745 0.2755 0.2755 0.2645 0.2645 0.2645 0.2645 0.2645 0.2775 0.2775 0.2935 0.2935 0.2915 0.2915 0.2915 0.2985 0.2985 0.285 0.285 0.252
-1 -1 -1 -1 -1 -1 -1 -1 -1 -1 -1 -1 -1 -1 -1 -1 -1 -1 -1 -1 -1 0.0392 0.0392 0.156 0.156 0.296 0.296 0.296 0.252 0.252 0.242 0.242 0.232 0.232 0.232 0.274 0.274 0.2665 0.2665 0.2735 0.2735 0.2735 0.2695 0.2695 0.256 0.256 0.256 0.256 0.256 0.2775 0.2775 0.2695 0.2695 0.27 0.27 0.2745 0.2745 0.2745 0.2755 0.2755 0.2645 0.2645 0.2645 0.2645 0.2645 0.2775 0.2775 0.2935 0.2935 0.2915 0.2915 0.2915 0.2985 0.2985 0.285 0.285 0.252
-1 -1 -1 -1 -1 -1 -1 -1 -1 -1 -1 -1 -1 -1 -1 -1 -1 -1 -1 -1 -1 0.106 0.106 0.284 0.284 0.2715 0.2715 0.2715 0.2625 0.2625 0.246 0.246 0.2425 0.2425 0.2425 0.268 0.268 0.2835 0.2835 0.2745 0.2745 0.2745 0.287 0.287 0.259 0.259 0.2575 0.2575 0.2575 0.264 0.264 0.279 0.279 0.2765 0.2765 0.2675 0.2675 0.2675 0.276 0.276 0.2735 0.2735 0.2735 0.2735 0.2735 0.2715 0.2715 0.2865 0.2865 0.2985 0.2985 0.2985 0.2895 0.2895 0.2825 0.2825 0.2645
-1 -1 -1 -1 -1 -1 -1 -1 -1 -1 -1 -1 -1 -1 -1 -1 -1 -1 -1 -1 -1 0.106 0.106 0.284 0.284 0.2715 0.2715 0.2715 0.2625 0.2625 0.246 0.246 0.2425 0.2425 0.2425 0.268 0.268 0.2835 0.2835 0.2745 0.2745 0.2745 0.287 0.287 0.259 0.259 0.2575 0.2575 0.2575 0.264 0.264 0.279 0.279 0.2765 0.2765 0.2675 0.2675 0.2675 0.276 0.276 0.2735 0.2735 0.2735 0.2735 0.2735 0.2715 0.2715 0.2865 0.2865 0.2985 0.2985 0.2985 0.2895 0.2895 0.2825 0.2825 0.2645
-1 -1 -1 -1 -1 -1 -1 -1 -1 -1 -1 -1 -1 -1 -1 -1 -1 -1 0.0821 0.0821 0.0821 0.3005 0.3005 0.266 0.266 0.269 0.269 0.269 0.2595 0.2595 0.2665 0.2665 0.273 0.273 0.273 0.268 0.268 0.2675 0.2675 0.2735 0.2735 0.2735 0.282 0.282 0.275 0.275 0.27 0.27 0.27 0.2885 0.2885 0.2695 0.2695 0.271 0.271 0.2605 0.2605 0.2605 0.2575 0.2575 0.2705 0.2705 0.2705 0.2705 0.2705 0.26 0.26 0.2835 0.2835 0.313 0.313 0.313 0.3095 0.3095 0.3085 0.3085 0.277
-1 -1 -1 -1 -1 -1 -1 -1 -1 -1 -1 -1 -1 -1 -1 -1 -1 -1 0.0821 0.0821 0.0821 0.3005 0.3005 0.266 0.266 0.269 0.269 0.269 0.2595 0.2595 0.2665 0.2665 0.273 0.273 0.273 0.268 0.268 0.2675 0.2675 0.2735 0.2735 0.2735 0.282 0.282 0.275 0.275 0.27 0.27 0.27 0.2885 0.2885 0.2695 0.2695 0.271 0.271 0.2605 0.2605 0.2605 0.2575 0.2575 0.2705 0.2705 0.2705 0.2705 0.2705 0.26 0.26 0.2835 0.2835 0.313 0.313 0.313 0.3095 0.3095 0.3085 0.3085 0.277
-1 -1 -1 -1 -1 -1 -1 -1 -1 -1 -1 -1 -1 -1 -1 -1 -1 -1 0.0821 0.0821 0.0821 0.3005 0.3005 0.266 0.266 0.269 0.269 0.269 0.2595 0.2595 0.2665 0.2665 0.273 0.273 0.273 0.268 0.268 0.2675 0.2675 0.2735 0.2735 0.2735 0.282 0.282 0.275 0.275 0.27 0.27 0.27 0.2885 0.2885 0.2695 0.2695 0.271 0.271 0.2605 0.2605 0.2605 0.2575 0.2575 0.2705 0.2705 0.2705 0.2705 0.2705 0.26 0.26 0.2835 0.2835 0.313 0.313 0.313 0.3095 0.3095 0.3085 0.3085 0.277
-1 -1 -1 -1 -1 -1 -1 -1 -1 -1 -1 -1 -1 -1 -1 -1 0.1457 0.1457 0.3615 0.3615 0.3615 0.2855 0.2855 0.2765 0.2765 0.244 0.244 0.244 0.2545 0.2545 0.27 0.27 0.274 0.274 0.274 0.2645 0.2645 0.229 0.229 0.2505 0.2505 0.2505 0.272 0.272 0.266 0.266 0.265 0.265 0.265 0.267 0.267 0.2545 0.2545 0.245 0.245 0.252 0.252 0.252 0.2735 0.2735 0.2655 0.2655 0.2655 0.2655 0.2655 0.269 0.269 0.2645 0.2645 0.2845 0.2845 0.2845 0.2645 0.2645 0.2645 0.2645 0.3205
-1 -1 -1 -1 -1 -1 -1 -1 -1 -1 -1 -1 -1 -1 -1 -1 0.1457 0.1457 0.3615 0.3615 0.3615 0.2855 0.2855 0.2765 0.2765 0.244 0.244 0.244 0.2545 0.2545 0.27 0.27 0.274 0.274 0.274 0.2645 0.2645 0.229 0.229 0.2505 0.2505 0.2505 0.272 0.272 0.266 0.266 0.265 0.265 0.265 0.267 0.267 0.2545 0.2545 0.245 0.245 0.252 0.252 0.252 0.2735 0.2735 0.2655 0.2655 0.2655 0.2655 0.2655 0.269 0.269 0.2645 0.2645 0.2845 0.2845 0.2845 0.2645 0.2645 0.2645 0.2645 0.3205
-1 -1 -1 -1 -1 -1 -1 -1 -1 -1 -1 -1 0.1362 0.1362 0.1715 0.1715 0.123 0.123 0.308 0.308 0.308 0.297 0.297 0.288 0.288 0.2775 0.2775 0.2775 0.265 0.265 0.27 0.27 0.291 0.291 0.291 0.2785 0.2785 0.2655 0.2655 0.2775 0.2775 0.2775 0.269 0.269 0.274 0.274 0.2495 0.2495 0.2495 0.259 0.259 0.2575 0.2575 0.247 0.247 0.2485 0.2485 0.2485 0.268 0.268 0.258 0.258 0.258 0.258 0.258 0.263 0.263 0.2765 0.2765 0.2825 0.2825 0.2825 0.2795 0.2795 0.278 0.278 0.316
-1 -1 -1 -1 -1 -1 -1 -1 -1 -1 -1 -1 0.1362 0.1362 0.1715 0.1715 0.123 0.123 0.308 0.308 0.308 0.297 0.297 0.288 0.288 0.2775 0.2775 0.2775 0.265 0.265 0.27 0.27 0.291 0.291 0.291 0.2785 0.2785 0.2655 0.2655 0.2775 0.2775 0.2775 0.269 0.269 0.274 0.274 0.2495 0.2495 0.2495 0.259 0.259 0.2575 0.2575 0.247 0.247 0.2485 0.2485 0.2485 0.268 0.268 0.258 0.258 0.258 0.258 0.258 0.263 0.263 0.2765 0.2765 0.2825 0.2825 0.2825 0.2795 0.2795 0.278 0.278 0.316
-1 -1 -1 -1 -1 -1 -1 -1 -1 0.1011 0.1011 0.1011 0.1035 0.1035 0.1417 0.1417 0.1067 0.1067 0.0565 0.0565 0.0565 0.279 0.279 0.268 0.268 0.275 0.275 0.275 0.268 0.268 0.28 0.28 0.273 0.273 0.273 0.2655 0.2655 0.262 0.262 0.299 0.299 0.299 0.2845 0.2845 0.2745 0.2745 0.2655 0.2655 0.2655 0.2605 0.2605 0.2485 0.2485 0.245 0.245 0.243 0.243 0.243 0.2505 0.2505 0.249 0.249 0.249 0.249 0.249 0.2715 0.2715 0.287 0.287 0.3045 0.3045 0.3045 0.2825 0.2825 0.278 0.278 0.2915
-1 -1 -1 -1 -1 -1 -1 -1 -1 0.1011 0.1011 0.1011 0.1035 0.1035 0.1417 0.1417 0.1067 0.1067 0.0565 0.0565 0.0565 0.279 0.279 0.268 0.268 0.275 0.275 0.275 0.268 0.268 0.28 0.28 0.273 0.273 0.273 0.2655 0.2655 0.262 0.262 0.299 0.299 0.299 0.2845 0.2845 0.2745 0.2745 0.2655 0.2655 0.2655 0.2605 0.2605 0.2485 0.2485 0.245 0.245 0.243 0.243 0.243 0.2505 0.2505 0.249 0.249 0.249 0.249 0.249 0.2715 0.2715 0.287 0.287 0.3045 0.3045 0.3045 0.2825 0.2825 0.278 0.278 0.2915
-1 -1 -1 -1 -1 -1 -1 -1 -1 0.1011 0.1011 0.1011 0.1035 0.1035 0.1417 0.1417 0.1067 0.1067 0.0565 0.0565 0.0565 0.279 0.279 0.268 0.268 0.275 0.275 0.275 0.268 0.268 0.28 0.28 0.273 0.273 0.273 0.2655 0.2655 0.262 0.262 0.299 0.299 0.299 0.2845 0.2845 0.2745 0.2745 0.2655 0.2655 0.2655 0.2605 0.2605 0.2485 0.2485 0.245 0.245 0.243 0.243 0.243 0.2505 0.2505 0.249 0.249 0.249 0.249 0.249 0.2715 0.2715 0.287 0.287 0.3045 0.3045 0.3045 0.2825 0.2825 0.278 0.278 0.2915
-1 -1 -1 -1 -1 -1 -1 -1 -1 -1 -1 -1 0.0887 0.0887 0.1082 0.1082 0.1722 0.1722 0.1112 0.1112 0.1112 0.182 0.182 0.277 0.277 0.2885 0.2885 0.2885 0.277 0.277 0.28 0.28 0.254 0.254 0.254 0.2555 0.2555 0.248 0.248 0.2715 0.2715 0.2715 0.28 0.28 0.2815 0.2815 0.2765 0.2765 0.2765 0.2655 0.2655 0.2585 0.2585 0.248 0.248 0.2345 0.2345 0.2345 0.248 0.248 0.254 0.254 0.254 0.254 0.254 0.2505 0.2505 0.2515 0.2515 0.2745 0.2745 0.2745 0.2655 0.2655 0.267 0.267 0.275
-1 -1 -1 -1 -1 -1 -1 -1 -1 -1 -1 -1 0.0887 0.0887 0.1082 0.1082 0.1722 0.1722 0.1112 0.1112 0.1112 0.182 0.182 0.277 0.277 0.2885 0.2885 0.2885 0.277 0.277 0.28 0.28 0.254 0.254 0.254 0.2555 0.2555 0.248 0.248 0.2715 0.2715 0.2715 0.28 0.28 0.2815 0.2815 0.2765 0.2765 0.2765 0.2655 0.2655 0.2585 0.2585 0.248 0.248 0.2345 0.2345 0.2345 0.248 0.248 0.254 0.254 0.254 0.254 0.254 0.2505 0.2505 0.2515 0.2515 0.2745 0.2745 0.2745 0.2655 0.2655 0.267 0.267 0.275
-1 -1 -1 -1 -1 -1 -1 -1 -1 -1 -1 -1 -1 -1 -1 -1 -1 -1 0.1027 0.1027 0.1027 0.115 0.115 0.2415 0.2415 0.266 0.266 0.266 0.269 0.269 0.2515 0.2515 0.25 0.25 0.25 0.2545 0.2545 0.262 0.262 0.273 0.273 0.273 0.2775 0.2775 0.2795 0.2795 0.2755 0.2755 0.2755 0.262 0.262 0.2655 0.2655 0.242 0.242 0.251 0.251 0.251 0.254 0.254 0.239 0.239 0.239 0.239 0.239 0.2495 0.2495 0.2315 0.2315 0.2575 0.2575 0.2575 0.2775 0.2775 0.2815 0.2815 0.2225
-1 -1 -1 -1 -1 -1 -1 -1 -1 -1 -1 -1 -1 -1 -1 -1 -1 -1 0.1027 0.1027 0.1027 0.115 0.115 0.2415 0.2415 0.266 0.266 0.266 0.269 0.269 0.2515 0.2515 0.25 0.25 0.25 0.2545 0.2545 0.262 0.262 0.273 0.273 0.273 0.2775 0.2775 0.2795 0.2795 0.2755 0.2755 0.2755 0.262 0.262 0.2655 0.2655 0.242 0.242 0.251 0.251 0.251 0.254 0.254 0.239 0.239 0.239 0.239 0.239 0.2495 0.2495 0.2315 0.2315 0.2575 0.2575 0.2575 0.2775 0.2775 0.2815 0.2815 0.2225
-1 -1 -1 -1 -1 -1 -1 -1 -1 -1 -1 -1 -1 -1 -1 -1 -1 -1 -1 -1 -1 0.1402 0.1402 0.1255 0.1255 0.251 0.251 0.251 0.2825 0.2825 0.294 0.294 0.266 0.266 0.266 0.263 0.263 0.269 0.269 0.271 0.271 0.271 0.2885 0.2885 0.2725 0.2725 0.279 0.279 0.279 0.269 0.269 0.244 0.244 0.272 0.272 0.267 0.267 0.267 0.2705 0.2705 0.2755 0.2755 0.2755 0.2755 0.2755 0.2545 0.2545 0.2715 0.2715 0.2475 0.2475 0.2475 0.259 0.259 0.289 0.289 0.264
-1 -1 -1 -1 -1 -1 -1 -1 -1 -1 -1 -1 -1 -1 -1 -1 -1 -1 -1 -1 -1 0.1402 0.1402 0.1255 0.1255 0.251 0.251 0.251 0.2825 0.2825 0.294 0.294 0.266 0.266 0.266 0.263 0.263 0.269 0.269 0.271 0.271 0.271 0.2885 0.2885 0.2725 0.2725 0.279 0.279 0.279 0.269 0.269 0.244 0.244 0.272 0.272 0.267 0.267 0.267 0.2705 0.2705 0.2755 0.2755 0.2755 0.2755 0.2755 0.2545 0.2545 0.2715 0.2715 0.2475 0.2475 0.2475 0.259 0.259 0.289 0.289 0.264
-1 -1 -1 -1 -1 -1 -1 -1 -1 -1 -1 -1 -1 -1 -1 -1 -1 -1 -1 -1 -1 0.1627 0.1627 0.0776 0.0776 0.185 0.185 0.185 0.2955 0.2955 0.3295 0.3295 0.3205 0.3205 0.3205 0.2935 0.2935 0.255 0.255 0.2115 0.2115 0.2115 0.2485 0.2485 0.2395 0.2395 0.273 0.273 0.273 0.2645 0.2645 0.262 0.262 0.2725 0.2725 0.2755 0.2755 0.2755 0.27 0.27 0.2725 0.2725 0.2725 0.2725 0.2725 0.27 0.27 0.2975 0.2975 0.281 0.281 0.281 0.2385 0.2385 0.2675 0.2675 0.276
-1 -1 -1 -1 -1 -1 -1 -1 -1 -1 -1 -1 -1 -1 -1 -1 -1 -1 -1 -1 -1 0.1627 0.1627 0.0776 0.0776 0.185 0.185 0.185 0.2955 0.2955 0.3295 0.3295 0.3205 0.3205 0.3205 0.2935 0.2935 0.255 0.255 0.2115 0.2115 0.2115 0.2485 0.2485 0.2395 0.2395 0.273 0.273 0.273 0.2645 0.2645 0.262 0.262 0.2725 0.2725 0.2755 0.2755 0.2755 0.27 0.27 0.2725 0.2725 0.2725 0.2725 0.2725 0.27 0.27 0.2975 0.2975 0.281 0.281 0.281 0.2385 0.2385 0.2675 0.2675 0.276
-1 -1 -1 -1 -1 -1 -1 -1 -1 -1 -1 -1 -1 -1 -1 -1 -1 -1 -1 -1 -1 0.1627 0.1627 0.0776 0.0776 0.185 0.185 0.185 0.2955 0.2955 0.3295 0.3295 0.3205 0.3205 0.3205 0.2935 0.2935 0.255 0.255 0.2115 0.2115 0.2115 0.2485 0.2485 0.2395 0.2395 0.273 0.273 0.273 0.2645 0.2645 0.262 0.262 0.2725 0.2725 0.2755 0.2755 0.2755 0.27 0.27 0.2725 0.2725 0.2725 0.2725 0.2725 0.27 0.27 0.2975 0.2975 0.281 0.281 0.281 0.2385 0.2385 0.2675 0.2675 0.276
-1 -1 -1 -1 -1 -1 -1 -1 -1 -1 -1 -1 -1 -1 -1 -1 -1 -1 -1 -1 -1 -1 -1 0.1587 0.1587 0.07099999 0.07099999 0.07099999 0.2295 0.2295 0.3255 0.3255 0.291 0.291 0.291 0.2585 0.2585 0.164 0.164 0.15 0.15 0.15 0.2355 0.2355 0.253 0.253 0.2445 0.2445 0.2445 0.2485 0.2485 0.2725 0.2725 0.28 0.28 0.2785 0.2785 0.2785 0.292 0.292 0.273 0.273 0.273 0.273 0.273 0.243 0.243 0.261 0.261 0.254 0.254 0.254 0.26 0.26 0.2655 0.2655 0.292
-1 -1 -1 -1 -1 -1 -1 -1 -1 -1 -1 -1 -1 -1 -1 -1 -1 -1 -1 -1 -1 -1 -1 0.1587 0.1587 0.07099999 0.07099999 0.07099999 0.2295 0.2295 0.3255 0.3255 0.291 0.291 0.291 0.2585 0.2585 0.164 0.164 0.15 0.15 0.15 0.2355 0.2355 0.253 0.253 0.2445 0.2445 0.2445 0.2485 0.2485 0.2725 0.2725 0.28 0.28 0.2785 0.2785 0.2785 0.292 0.292 0.273 0.273 0.273 0.273 0.273 0.243 0.243 0.261 0.261 0.254 0.254 0.254 0.26 0.26 0.2655 0.2655 0.292
-1 -1 -1 -1 -1 -1 -1 -1 -1 -1 -1 -1 -1 -1 -1 -1 -1 -1 -1 -1 -1 -1 -1 -1 -1 0.082 0.082 0.082 0.124 0.124 0.218 0.218 0.223 0.223 0.223 0.196 0.196 0.153 0.153 0.1605 0.1605 0.1605 0.273 0.273 0.2405 0.2405 0.3055 0.3055 0.3055 0.2445 0.2445 0.2855 0.2855 0.2965 0.2965 0.285 0.285 0.285 0.306 0.306 0.271 0.271 0.271 0.271 0.271 0.235 0.235 0.2645 0.2645 0.276 0.276 0.276 0.268 0.268 0.2595 0.2595 0.27
-1 -1 -1 -1 -1 -1 -1 -1 -1 -1 -1 -1 -1 -1 -1 -1 -1 -1 -1 -1 -1 -1 -1 -1 -1 0.082 0.082 0.082 0.124 0.124 0.218 0.218 0.223 0.223 0.223 0.196 0.196 0.153 0.153 0.1605 0.1605 0.1605 0.273 0.273 0.2405 0.2405 0.3055 0.3055 0.3055 0.2445 0.2445 0.2855 0.2855 0.2965 0.2965 0.285 0.285 0.285 0.306 0.306 0.271 0.271 0.271 0.271 0.271 0.235 0.235 0.2645 0.2645 0.276 0.276 0.276 0.268 0.268 0.2595 0.2595 0.27
-1 -1 -1 -1 -1 -1 -1 -1 -1 -1 -1 -1 -1 -1 -1 -1 -1 -1 -1 -1 -1 -1 -1 -1 -1 0.0942 0.0942 0.0942 0.153 0.153 0.2115 0.2115 0.2135 0.2135 0.2135 0.217 0.217 0.1645 0.1645 0.2835 0.2835 0.2835 0.321 0.321 0.33 0.33 0.3185 0.3185 0.3185 0.2455 0.2455 0.238 0.238 0.2605 0.2605 0.2715 0.2715 0.2715 0.2775 0.2775 0.279 0.279 0.279 0.279 0.279 0.2575 0.2575 0.248 0.248 0.254 0.254 0.254 0.2565 0.2565 0.268 0.268 0.266
-1 -1 -1 -1 -1 -1 -1 -1 -1 -1 -1 -1 -1 -1 -1 -1 -1 -1 -1 -1 -1 -1 -1 -1 -1 0.0942 0.0942 0.0942 0.153 0.153 0.2115 0.2115 0.2135 0.2135 0.2135 0.217 0.217 0.1645 0.1645 0.2835 0.2835 0.2835 0.321 0.321 0.33 0.33 0.3185 0.3185 0.3185 0.2455 0.2455 0.238 0.238 0.2605 0.2605 0.2715 0.2715 0.2715 0.2775 0.2775 0.279 0.279 0.279 0.279 0.279 0.2575 0.2575 0.248 0.248 0.254 0.254 0.254 0.2565 0.2565 0.268 0.268 0.266
-1 -1 -1 -1 -1 -1 -1 -1 -1 -1 -1 -1 -1 -1 -1 -1 -1 -1 -1 -1 -1 -1 -1 -1 -1 0.0942 0.0942 0.0942 0.153 0.153 0.2115 0.2115 0.2135 0.2135 0.2135 0.217 0.217 0.1645 0.1645 0.2835 0.2835 0.2835 0.321 0.321 0.33 0.33 0.3185 0.3185 0.3185 0.2455 0.2455 0.238 0.238 0.2605 0.2605 0.2715 0.2715 0.2715 0.2775 0.2775 0.279 0.279 0.279 0.279 0.279 0.2575 0.2575 0.248 0.248 0.254 0.254 0.254 0.2565 0.2565 0.268 0.268 0.266
