ndvi/NOAA-203.asc
ncols         252
nrows         154
xllcorner     -18.017974
yllcorner     13.481982
cellsize      0.035948
NODATA_value  -9999
[rows 70 to 104 of 154, columns 154 to 230 of 252]
0.154 0.15 0.15 0.145 0.145 0.145 0.1545 0.1545 0.1665 0.1665 0.173 0.173 0.2155 0.2155 0.2155 0.2155 0.2155 0.214 0.214 0.213 0.213 0.213 0.2215 0.2215 0.2285 0.2285 0.2135 0.2135 0.2135 0.217 0.217 0.222 0.222 0.2195 0.2195 0.2195 0.216 0.216 0.2215 0.2215 0.219 0.219 0.219 0.215 0.215 0.2135 0.2135 0.2125 0.2125 0.2145 0.2145 0.2145 0.2225 0.2225 0.22 0.22 0.225 0.225 0.225 0.22 0.22 0.223 0.223 0.214 0.214 0.214 0.207 0.207 0.2135 0.2135 0.212 0.212 0.212 0.2025 0.2025 0.2085 0.2085
0.168 0.1745 0.1745 0.173 0.173 0.173 0.1585 0.1585 0.1615 0.1615 0.169 0.169 0.212 0.212 0.212 0.2065 0.2065 0.2045 0.2045 0.207 0.207 0.207 0.2175 0.2175 0.2115 0.2115 0.2165 0.2165 0.2165 0.227 0.227 0.217 0.217 0.215 0.215 0.215 0.221 0.221 0.2205 0.2205 0.226 0.226 0.226 0.219 0.219 0.2215 0.2215 0.2395 0.2395 0.242 0.242 0.242 0.243 0.243 0.219 0.219 0.226 0.226 0.226 0.233 0.233 0.222 0.222 0.2195 0.2195 0.2195 0.2155 0.2155 0.213 0.213 0.212 0.212 0.212 0.232 0.232 0.2255 0.2255
0.168 0.1745 0.1745 0.173 0.173 0.173 0.1585 0.1585 0.1615 0.1615 0.169 0.169 0.212 0.212 0.212 0.2065 0.2065 0.2045 0.2045 0.207 0.207 0.207 0.2175 0.2175 0.2115 0.2115 0.2165 0.2165 0.2165 0.227 0.227 0.217 0.217 0.215 0.215 0.215 0.221 0.221 0.2205 0.2205 0.226 0.226 0.226 0.219 0.219 0.2215 0.2215 0.2395 0.2395 0.242 0.242 0.242 0.243 0.243 0.219 0.219 0.226 0.226 0.226 0.233 0.233 0.222 0.222 0.2195 0.2195 0.2195 0.2155 0.2155 0.213 0.213 0.212 0.212 0.212 0.232 0.232 0.2255 0.2255
0.168 0.1745 0.1745 0.173 0.173 0.173 0.1585 0.1585 0.1615 0.1615 0.169 0.169 0.212 0.212 0.212 0.2065 0.2065 0.2045 0.2045 0.207 0.207 0.207 0.2175 0.2175 0.2115 0.2115 0.2165 0.2165 0.2165 0.227 0.227 0.217 0.217 0.215 0.215 0.215 0.221 0.221 0.2205 0.2205 0.226 0.226 0.226 0.219 0.219 0.2215 0.2215 0.2395 0.2395 0.242 0.242 0.242 0.243 0.243 0.219 0.219 0.226 0.226 0.226 0.233 0.233 0.222 0.222 0.2195 0.2195 0.2195 0.2155 0.2155 0.213 0.213 0.212 0.212 0.212 0.232 0.232 0.2255 0.2255
0.1725 0.1855 0.1855 0.193 0.193 0.193 0.177 0.177 0.168 0.168 0.1665 0.1665 0.2075 0.2075 0.2075 0.2135 0.2135 0.209 0.209 0.2055 0.2055 0.2055 0.1985 0.1985 0.2125 0.2125 0.216 0.216 0.216 0.231 0.231 0.233 0.233 0.2435 0.2435 0.2435 0.236 0.236 0.2345 0.2345 0.2395 0.2395 0.2395 0.247 0.247 0.2465 0.2465 0.2375 0.2375 0.239 0.239 0.239 0.233 0.233 0.2045 0.2045 0.2205 0.2205 0.2205 0.2275 0.2275 0.225 0.225 0.2215 0.2215 0.2215 0.219 0.219 0.213 0.213 0.207 0.207 0.207 0.227 0.227 0.241 0.241
0.1725 0.1855 0.1855 0.193 0.193 0.193 0.177 0.177 0.168 0.168 0.1665 0.1665 0.2075 0.2075 0.2075 0.2135 0.2135 0.209 0.209 0.2055 0.2055 0.2055 0.1985 0.1985 0.2125 0.2125 0.216 0.216 0.216 0.231 0.231 0.233 0.233 0.2435 0.2435 0.2435 0.236 0.236 0.2345 0.2345 0.2395 0.2395 0.2395 0.247 0.247 0.2465 0.2465 0.2375 0.2375 0.239 0.239 0.239 0.233 0.233 0.2045 0.2045 0.2205 0.2205 0.2205 0.2275 0.2275 0.225 0.225 0.2215 0.2215 0.2215 0.219 0.219 0.213 0.213 0.207 0.207 0.207 0.227 0.227 0.241 0.241
0.157 0.1605 0.1605 0.192 0.192 0.192 0.1675 0.1675 0.181 0.181 0.1695 0.1695 0.203 0.203 0.203 0.222 0.222 0.2205 0.2205 0.221 0.221 0.221 0.217 0.217 0.2045 0.2045 0.223 0.223 0.223 0.2285 0.2285 0.236 0.236 0.2345 0.2345 0.2345 0.2365 0.2365 0.2625 0.2625 0.266 0.266 0.266 0.275 0.275 0.2625 0.2625 0.2365 0.2365 0.2365 0.2365 0.2365 0.2325 0.2325 0.2115 0.2115 0.223 0.223 0.223 0.2195 0.2195 0.2275 0.2275 0.228 0.228 0.228 0.243 0.243 0.237 0.237 0.226 0.226 0.226 0.2255 0.2255 0.249 0.249
0.157 0.1605 0.1605 0.192 0.192 0.192 0.1675 0.1675 0.181 0.181 0.1695 0.1695 0.203 0.203 0.203 0.222 0.222 0.2205 0.2205 0.221 0.221 0.221 0.217 0.217 0.2045 0.2045 0.223 0.223 0.223 0.2285 0.2285 0.236 0.236 0.2345 0.2345 0.2345 0.2365 0.2365 0.2625 0.2625 0.266 0.266 0.266 0.275 0.275 0.2625 0.2625 0.2365 0.2365 0.2365 0.2365 0.2365 0.2325 0.2325 0.2115 0.2115 0.223 0.223 0.223 0.2195 0.2195 0.2275 0.2275 0.228 0.228 0.228 0.243 0.243 0.237 0.237 0.226 0.226 0.226 0.2255 0.2255 0.249 0.249
0.1475 0.152 0.152 0.17 0.17 0.17 0.162 0.162 0.1685 0.1685 0.1695 0.1695 0.2035 0.2035 0.2035 0.2225 0.2225 0.217 0.217 0.2165 0.2165 0.2165 0.2105 0.2105 0.2205 0.2205 0.2365 0.2365 0.2365 0.2355 0.2355 0.243 0.243 0.256 0.256 0.256 0.274 0.274 0.26 0.26 0.2555 0.2555 0.2555 0.2685 0.2685 0.2465 0.2465 0.2285 0.2285 0.2325 0.2325 0.2325 0.235 0.235 0.239 0.239 0.253 0.253 0.253 0.2485 0.2485 0.271 0.271 0.265 0.265 0.265 0.253 0.253 0.2385 0.2385 0.2275 0.2275 0.2275 0.243 0.243 0.2305 0.2305
0.1475 0.152 0.152 0.17 0.17 0.17 0.162 0.162 0.1685 0.1685 0.1695 0.1695 0.2035 0.2035 0.2035 0.2225 0.2225 0.217 0.217 0.2165 0.2165 0.2165 0.2105 0.2105 0.2205 0.2205 0.2365 0.2365 0.2365 0.2355 0.2355 0.243 0.243 0.256 0.256 0.256 0.274 0.274 0.26 0.26 0.2555 0.2555 0.2555 0.2685 0.2685 0.2465 0.2465 0.2285 0.2285 0.2325 0.2325 0.2325 0.235 0.235 0.239 0.239 0.253 0.253 0.253 0.2485 0.2485 0.271 0.271 0.265 0.265 0.265 0.253 0.253 0.2385 0.2385 0.2275 0.2275 0.2275 0.243 0.243 0.2305 0.2305
0.1335 0.1395 0.1395 0.1565 0.1565 0.1565 0.1525 0.1525 0.155 0.155 0.176 0.176 0.214 0.214 0.214 0.2235 0.2235 0.2385 0.2385 0.223 0.223 0.223 0.2085 0.2085 0.215 0.215 0.2335 0.2335 0.2335 0.239 0.239 0.2395 0.2395 0.2395 0.2395 0.2395 0.2425 0.2425 0.233 0.233 0.243 0.243 0.243 0.2385 0.2385 0.2305 0.2305 0.221 0.221 0.2375 0.2375 0.2375 0.246 0.246 0.2615 0.2615 0.2805 0.2805 0.2805 0.2825 0.2825 0.2725 0.2725 0.27 0.27 0.27 0.257 0.257 0.248 0.248 0.2425 0.2425 0.2425 0.259 0.259 0.262 0.262
0.1335 0.1395 0.1395 0.1565 0.1565 0.1565 0.1525 0.1525 0.155 0.155 0.176 0.176 0.214 0.214 0.214 0.2235 0.2235 0.2385 0.2385 0.223 0.223 0.223 0.2085 0.2085 0.215 0.215 0.2335 0.2335 0.2335 0.239 0.239 0.2395 0.2395 0.2395 0.2395 0.2395 0.2425 0.2425 0.233 0.233 0.243 0.243 0.243 0.2385 0.2385 0.2305 0.2305 0.221 0.221 0.2375 0.2375 0.2375 0.246 0.246 0.2615 0.2615 0.2805 0.2805 0.2805 0.2825 0.2825 0.2725 0.2725 0.27 0.27 0.27 0.257 0.257 0.248 0.248 0.2425 0.2425 0.2425 0.259 0.259 0.262 0.262
0.1335 0.1395 0.1395 0.1565 0.1565 0.1565 0.1525 0.1525 0.155 0.155 0.176 0.176 0.214 0.214 0.214 0.2235 0.2235 0.2385 0.2385 0.223 0.223 0.223 0.2085 0.2085 0.215 0.215 0.2335 0.2335 0.2335 0.239 0.239 0.2395 0.2395 0.2395 0.2395 0.2395 0.2425 0.2425 0.233 0.233 0.243 0.243 0.243 0.2385 0.2385 0.2305 0.2305 0.221 0.221 0.2375 0.2375 0.2375 0.246 0.246 0.2615 0.2615 0.2805 0.2805 0.2805 0.2825 0.2825 0.2725 0.2725 0.27 0.27 0.27 0.257 0.257 0.248 0.248 0.2425 0.2425 0.2425 0.259 0.259 0.262 0.262
0.136 0.1645 0.1645 0.168 0.168 0.168 0.1625 0.1625 0.161 0.161 0.2285 0.2285 0.2375 0.2375 0.2375 0.2405 0.2405 0.2575 0.2575 0.248 0.248 0.248 0.2525 0.2525 0.232 0.232 0.2355 0.2355 0.2355 0.2395 0.2395 0.227 0.227 0.2295 0.2295 0.2295 0.236 0.236 0.2385 0.2385 0.245 0.245 0.245 0.2505 0.2505 0.2525 0.2525 0.2445 0.2445 0.259 0.259 0.259 0.275 0.275 0.274 0.274 0.268 0.268 0.268 0.2685 0.2685 0.269 0.269 0.265 0.265 0.265 0.2615 0.2615 0.266 0.266 0.257 0.257 0.257 0.257 0.257 0.264 0.264
0.136 0.1645 0.1645 0.168 0.168 0.168 0.1625 0.1625 0.161 0.161 0.2285 0.2285 0.2375 0.2375 0.2375 0.2405 0.2405 0.2575 0.2575 0.248 0.248 0.248 0.2525 0.2525 0.232 0.232 0.2355 0.2355 0.2355 0.2395 0.2395 0.227 0.227 0.2295 0.2295 0.2295 0.236 0.236 0.2385 0.2385 0.245 0.245 0.245 0.2505 0.2505 0.2525 0.2525 0.2445 0.2445 0.259 0.259 0.259 0.275 0.275 0.274 0.274 0.268 0.268 0.268 0.2685 0.2685 0.269 0.269 0.265 0.265 0.265 0.2615 0.2615 0.266 0.266 0.257 0.257 0.257 0.257 0.257 0.264 0.264
0.1495 0.182 0.182 0.172 0.172 0.172 0.173 0.173 0.219 0.219 0.246 0.246 0.2475 0.2475 0.2475 0.256 0.256 0.265 0.265 0.272 0.272 0.272 0.2545 0.2545 0.2585 0.2585 0.2315 0.2315 0.2315 0.2355 0.2355 0.2295 0.2295 0.223 0.223 0.223 0.2385 0.2385 0.2405 0.2405 0.264 0.264 0.264 0.2655 0.2655 0.264 0.264 0.27 0.27 0.294 0.294 0.294 0.27 0.27 0.284 0.284 0.2735 0.2735 0.2735 0.2625 0.2625 0.2625 0.2625 0.2815 0.2815 0.2815 0.2875 0.2875 0.2775 0.2775 0.295 0.295 0.295 0.298 0.298 0.2795 0.2795
0.1495 0.182 0.182 0.172 0.172 0.172 0.173 0.173 0.219 0.219 0.246 0.246 0.2475 0.2475 0.2475 0.256 0.256 0.265 0.265 0.272 0.272 0.272 0.2545 0.2545 0.2585 0.2585 0.2315 0.2315 0.2315 0.2355 0.2355 0.2295 0.2295 0.223 0.223 0.223 0.2385 0.2385 0.2405 0.2405 0.264 0.264 0.264 0.2655 0.2655 0.264 0.264 0.27 0.27 0.294 0.294 0.294 0.27 0.27 0.284 0.284 0.2735 0.2735 0.2735 0.2625 0.2625 0.2625 0.2625 0.2815 0.2815 0.2815 0.2875 0.2875 0.2775 0.2775 0.295 0.295 0.295 0.298 0.298 0.2795 0.2795
0.1775 0.206 0.206 0.2005 0.2005 0.2005 0.177 0.177 0.2155 0.2155 0.254 0.254 0.2645 0.2645 0.2645 0.2715 0.2715 0.266 0.266 0.2705 0.2705 0.2705 0.263 0.263 0.252 0.252 0.242 0.242 0.242 0.229 0.229 0.218 0.218 0.24 0.24 0.24 0.229 0.229 0.2365 0.2365 0.2635 0.2635 0.2635 0.28 0.28 0.292 0.292 0.263 0.263 0.2725 0.2725 0.2725 0.274 0.274 0.269 0.269 0.271 0.271 0.271 0.2875 0.2875 0.2725 0.2725 0.2935 0.2935 0.2935 0.2915 0.2915 0.3055 0.3055 0.3115 0.3115 0.3115 0.2935 0.2935 0.2945 0.2945
0.1775 0.206 0.206 0.2005 0.2005 0.2005 0.177 0.177 0.2155 0.2155 0.254 0.254 0.2645 0.2645 0.2645 0.2715 0.2715 0.266 0.266 0.2705 0.2705 0.2705 0.263 0.263 0.252 0.252 0.242 0.242 0.242 0.229 0.229 0.218 0.218 0.24 0.24 0.24 0.229 0.229 0.2365 0.2365 0.2635 0.2635 0.2635 0.28 0.28 0.292 0.292 0.263 0.263 0.2725 0.2725 0.2725 0.274 0.274 0.269 0.269 0.271 0.271 0.271 0.2875 0.2875 0.2725 0.2725 0.2935 0.2935 0.2935 0.2915 0.2915 0.3055 0.3055 0.3115 0.3115 0.3115 0.2935 0.2935 0.2945 0.2945
0.1775 0.206 0.206 0.2005 0.2005 0.2005 0.177 0.177 0.2155 0.2155 0.254 0.254 0.2645 0.2645 0.2645 0.2715 0.2715 0.266 0.266 0.2705 0.2705 0.2705 0.263 0.263 0.252 0.252 0.242 0.242 0.242 0.229 0.229 0.218 0.218 0.24 0.24 0.24 0.229 0.229 0.2365 0.2365 0.2635 0.2635 0.2635 0.28 0.28 0.292 0.292 0.263 0.263 0.2725 0.2725 0.2725 0.274 0.274 0.269 0.269 0.271 0.271 0.271 0.2875 0.2875 0.2725 0.2725 0.2935 0.2935 0.2935 0.2915 0.2915 0.3055 0.3055 0.3115 0.3115 0.3115 0.2935 0.2935 0.2945 0.2945
0.1945 0.2015 0.2015 0.198 0.198 0.198 0.2005 0.2005 0.228 0.228 0.2595 0.2595 0.2915 0.2915 0.2915 0.2915 0.2915 0.2655 0.2655 0.262 0.262 0.262 0.25 0.25 0.2435 0.2435 0.235 0.235 0.235 0.232 0.232 0.232 0.232 0.2445 0.2445 0.2445 0.2575 0.2575 0.259 0.259 0.2685 0.2685 0.2685 0.2595 0.2595 0.2685 0.2685 0.2895 0.2895 0.273 0.273 0.273 0.2675 0.2675 0.258 0.258 0.2675 0.2675 0.2675 0.262 0.262 0.2695 0.2695 0.2635 0.2635 0.2635 0.28 0.28 0.2945 0.2945 0.298 0.298 0.298 0.316 0.316 0.302 0.302
0.1945 0.2015 0.2015 0.198 0.198 0.198 0.2005 0.2005 0.228 0.228 0.2595 0.2595 0.2915 0.2915 0.2915 0.2915 0.2915 0.2655 0.2655 0.262 0.262 0.262 0.25 0.25 0.2435 0.2435 0.235 0.235 0.235 0.232 0.232 0.232 0.232 0.2445 0.2445 0.2445 0.2575 0.2575 0.259 0.259 0.2685 0.2685 0.2685 0.2595 0.2595 0.2685 0.2685 0.2895 0.2895 0.273 0.273 0.273 0.2675 0.2675 0.258 0.258 0.2675 0.2675 0.2675 0.262 0.262 0.2695 0.2695 0.2635 0.2635 0.2635 0.28 0.28 0.2945 0.2945 0.298 0.298 0.298 0.316 0.316 0.302 0.302
0.254 0.194 0.194 0.1895 0.1895 0.1895 0.212 0.212 0.242 0.242 0.257 0.257 0.28 0.28 0.28 0.2725 0.2725 0.264 0.264 0.262 0.262 0.262 0.2735 0.2735 0.254 0.254 0.234 0.234 0.234 0.2415 0.2415 0.2545 0.2545 0.2425 0.2425 0.2425 0.269 0.269 0.256 0.256 0.257 0.257 0.257 0.2745 0.2745 0.268 0.268 0.2765 0.2765 0.2685 0.2685 0.2685 0.2555 0.2555 0.2385 0.2385 0.251 0.251 0.251 0.2625 0.2625 0.2585 0.2585 0.277 0.277 0.277 0.2855 0.2855 0.3025 0.3025 0.302 0.302 0.302 0.3315 0.3315 0.335 0.335
0.254 0.194 0.194 0.1895 0.1895 0.1895 0.212 0.212 0.242 0.242 0.257 0.257 0.28 0.28 0.28 0.2725 0.2725 0.264 0.264 0.262 0.262 0.262 0.2735 0.2735 0.254 0.254 0.234 0.234 0.234 0.2415 0.2415 0.2545 0.2545 0.2425 0.2425 0.2425 0.269 0.269 0.256 0.256 0.257 0.257 0.257 0.2745 0.2745 0.268 0.268 0.2765 0.2765 0.2685 0.2685 0.2685 0.2555 0.2555 0.2385 0.2385 0.251 0.251 0.251 0.2625 0.2625 0.2585 0.2585 0.277 0.277 0.277 0.2855 0.2855 0.3025 0.3025 0.302 0.302 0.302 0.3315 0.3315 0.335 0.335
0.2385 0.215 0.215 0.2275 0.2275 0.2275 0.239 0.239 0.255 0.255 0.2445 0.2445 0.269 0.269 0.269 0.2595 0.2595 0.2505 0.2505 0.249 0.249 0.249 0.261 0.261 0.2405 0.2405 0.2415 0.2415 0.2415 0.2465 0.2465 0.255 0.255 0.274 0.274 0.274 0.282 0.282 0.3025 0.3025 0.3065 0.3065 0.3065 0.2975 0.2975 0.3035 0.3035 0.285 0.285 0.2615 0.2615 0.2615 0.266 0.266 0.2505 0.2505 0.2855 0.2855 0.2855 0.271 0.271 0.2695 0.2695 0.2855 0.2855 0.2855 0.2895 0.2895 0.2995 0.2995 0.307 0.307 0.307 0.3085 0.3085 0.332 0.332
0.2385 0.215 0.215 0.2275 0.2275 0.2275 0.239 0.239 0.255 0.255 0.2445 0.2445 0.269 0.269 0.269 0.2595 0.2595 0.2505 0.2505 0.249 0.249 0.249 0.261 0.261 0.2405 0.2405 0.2415 0.2415 0.2415 0.2465 0.2465 0.255 0.255 0.274 0.274 0.274 0.282 0.282 0.3025 0.3025 0.3065 0.3065 0.3065 0.2975 0.2975 0.3035 0.3035 0.285 0.285 0.2615 0.2615 0.2615 0.266 0.266 0.2505 0.2505 0.2855 0.2855 0.2855 0.271 0.271 0.2695 0.2695 0.2855 0.2855 0.2855 0.2895 0.2895 0.2995 0.2995 0.307 0.307 0.307 0.3085 0.3085 0.332 0.332
0.2385 0.215 0.215 0.2275 0.2275 0.2275 0.239 0.239 0.255 0.255 0.2445 0.2445 0.269 0.269 0.269 0.2595 0.2595 0.2505 0.2505 0.249 0.249 0.249 0.261 0.261 0.2405 0.2405 0.2415 0.2415 0.2415 0.2465 0.2465 0.255 0.255 0.274 0.274 0.274 0.282 0.282 0.3025 0.3025 0.3065 0.3065 0.3065 0.2975 0.2975 0.3035 0.3035 0.285 0.285 0.2615 0.2615 0.2615 0.266 0.266 0.2505 0.2505 0.2855 0.2855 0.2855 0.271 0.271 0.2695 0.2695 0.2855 0.2855 0.2855 0.2895 0.2895 0.2995 0.2995 0.307 0.307 0.307 0.3085 0.3085 0.332 0.332
0.245 0.263 0.263 0.263 0.263 0.263 0.2475 0.2475 0.2485 0.2485 0.235 0.235 0.2425 0.2425 0.2425 0.2365 0.2365 0.2635 0.2635 0.264 0.264 0.264 0.2615 0.2615 0.2435 0.2435 0.2485 0.2485 0.2485 0.2625 0.2625 0.29 0.29 0.287 0.287 0.287 0.2745 0.2745 0.2705 0.2705 0.3275 0.3275 0.3275 0.3075 0.3075 0.305 0.305 0.292 0.292 0.306 0.306 0.306 0.313 0.313 0.2505 0.2505 0.3025 0.3025 0.3025 0.292 0.292 0.28 0.28 0.288 0.288 0.288 0.274 0.274 0.292 0.292 0.3035 0.3035 0.3035 0.3375 0.3375 0.3585 0.3585
0.245 0.263 0.263 0.263 0.263 0.263 0.2475 0.2475 0.2485 0.2485 0.235 0.235 0.2425 0.2425 0.2425 0.2365 0.2365 0.2635 0.2635 0.264 0.264 0.264 0.2615 0.2615 0.2435 0.2435 0.2485 0.2485 0.2485 0.2625 0.2625 0.29 0.29 0.287 0.287 0.287 0.2745 0.2745 0.2705 0.2705 0.3275 0.3275 0.3275 0.3075 0.3075 0.305 0.305 0.292 0.292 0.306 0.306 0.306 0.313 0.313 0.2505 0.2505 0.3025 0.3025 0.3025 0.292 0.292 0.28 0.28 0.288 0.288 0.288 0.274 0.274 0.292 0.292 0.3035 0.3035 0.3035 0.3375 0.3375 0.3585 0.3585
0.2635 0.2685 0.2685 0.261 0.261 0.261 0.228 0.228 0.2505 0.2505 0.2485 0.2485 0.2215 0.2215 0.2215 0.2615 0.2615 0.303 0.303 0.2815 0.2815 0.2815 0.2695 0.2695 0.266 0.266 0.262 0.262 0.262 0.2575 0.2575 0.27 0.27 0.281 0.281 0.281 0.2765 0.2765 0.2825 0.2825 0.3195 0.3195 0.3195 0.325 0.325 0.286 0.286 0.2775 0.2775 0.27 0.27 0.27 0.2615 0.2615 0.276 0.276 0.248 0.248 0.248 0.266 0.266 0.2685 0.2685 0.2635 0.2635 0.2635 0.255 0.255 0.2625 0.2625 0.2925 0.2925 0.2925 0.29 0.29 0.3155 0.3155
0.2635 0.2685 0.2685 0.261 0.261 0.261 0.228 0.228 0.2505 0.2505 0.2485 0.2485 0.2215 0.2215 0.2215 0.2615 0.2615 0.303 0.303 0.2815 0.2815 0.2815 0.2695 0.2695 0.266 0.266 0.262 0.262 0.262 0.2575 0.2575 0.27 0.27 0.281 0.281 0.281 0.2765 0.2765 0.2825 0.2825 0.3195 0.3195 0.3195 0.325 0.325 0.286 0.286 0.2775 0.2775 0.27 0.27 0.27 0.2615 0.2615 0.276 0.276 0.248 0.248 0.248 0.266 0.266 0.2685 0.2685 0.2635 0.2635 0.2635 0.255 0.255 0.2625 0.2625 0.2925 0.2925 0.2925 0.29 0.29 0.3155 0.3155
0.2685 0.2685 0.2685 0.273 0.273 0.273 0.23 0.23 0.2675 0.2675 0.252 0.252 0.265 0.265 0.265 0.2785 0.2785 0.279 0.279 0.2805 0.2805 0.2805 0.2655 0.2655 0.262 0.262 0.275 0.275 0.275 0.2735 0.2735 0.2695 0.2695 0.2825 0.2825 0.2825 0.278 0.278 0.288 0.288 0.2965 0.2965 0.2965 0.307 0.307 0.285 0.285 0.285 0.285 0.2875 0.2875 0.2875 0.268 0.268 0.294 0.294 0.2615 0.2615 0.2615 0.249 0.249 0.2525 0.2525 0.26 0.26 0.26 0.2455 0.2455 0.245 0.245 0.2735 0.2735 0.2735 0.2905 0.2905 0.278 0.278
0.2685 0.2685 0.2685 0.273 0.273 0.273 0.23 0.23 0.2675 0.2675 0.252 0.252 0.265 0.265 0.265 0.2785 0.2785 0.279 0.279 0.2805 0.2805 0.2805 0.2655 0.2655 0.262 0.262 0.275 0.275 0.275 0.2735 0.2735 0.2695 0.2695 0.2825 0.2825 0.2825 0.278 0.278 0.288 0.288 0.2965 0.2965 0.2965 0.307 0.307 0.285 0.285 0.285 0.285 0.2875 0.2875 0.2875 0.268 0.268 0.294 0.294 0.2615 0.2615 0.2615 0.249 0.249 0.2525 0.2525 0.26 0.26 0.26 0.2455 0.2455 0.245 0.245 0.2735 0.2735 0.2735 0.2905 0.2905 0.278 0.278
0.266 0.274 0.274 0.265 0.265 0.265 0.2535 0.2535 0.2575 0.2575 0.267 0.267 0.271 0.271 0.271 0.2725 0.2725 0.264 0.264 0.2645 0.2645 0.2645 0.262 0.262 0.2615 0.2615 0.2745 0.2745 0.2745 0.2895 0.2895 0.276 0.276 0.2765 0.2765 0.2765 0.2645 0.2645 0.277 0.277 0.301 0.301 0.301 0.305 0.305 0.3185 0.3185 0.3545 0.3545 0.344 0.344 0.344 0.313 0.313 0.2925 0.2925 0.267 0.267 0.267 0.2515 0.2515 0.264 0.264 0.284 0.284 0.284 0.2685 0.2685 0.274 0.274 0.271 0.271 0.271 0.275 0.275 0.333 0.333
0.266 0.274 0.274 0.265 0.265 0.265 0.2535 0.2535 0.2575 0.2575 0.267 0.267 0.271 0.271 0.271 0.2725 0.2725 0.264 0.264 0.2645 0.2645 0.2645 0.262 0.262 0.2615 0.2615 0.2745 0.2745 0.2745 0.2895 0.2895 0.276 0.276 0.2765 0.2765 0.2765 0.2645 0.2645 0.277 0.277 0.301 0.301 0.301 0.305 0.305 0.3185 0.3185 0.3545 0.3545 0.344 0.344 0.344 0.313 0.313 0.2925 0.2925 0.267 0.267 0.267 0.2515 0.2515 0.264 0.264 0.284 0.284 0.284 0.2685 0.2685 0.274 0.274 0.271 0.271 0.271 0.275 0.275 0.333 0.333
