ndvi/NOAA-375.asc
ncols         252
nrows         154
xllcorner     -18.017974
yllcorner     13.481982
cellsize      0.035948
NODATA_value  -9999
[rows 105 to 139 of 154, columns 154 to 230 of 252]
0.245 0.2255 0.2255 0.2275 0.2275 0.2275 0.218 0.218 0.2195 0.2195 0.2295 0.2295 0.2305 0.2305 0.2305 0.217 0.217 0.2305 0.2305 0.239 0.239 0.239 0.235 0.235 0.23 0.23 0.2125 0.2125 0.2125 0.23 0.23 0.2365 0.2365 0.217 0.217 0.217 0.203 0.203 0.2125 0.2125 0.2035 0.2035 0.2035 0.1965 0.1965 0.211 0.211 0.239 0.239 0.252 0.252 0.252 0.2135 0.2135 0.178 0.178 0.2005 0.2005 0.2005 0.1835 0.1835 0.1975 0.1975 0.1955 0.1955 0.1955 0.2065 0.2065 0.1885 0.1885 0.189 0.189 0.189 0.191 0.191 0.215 0.215
0.2505 0.238 0.238 0.226 0.226 0.226 0.213 0.213 0.2145 0.2145 0.2365 0.2365 0.2525 0.2525 0.2525 0.228 0.228 0.2075 0.2075 0.209 0.209 0.209 0.212 0.212 0.2145 0.2145 0.2065 0.2065 0.2065 0.2175 0.2175 0.23 0.23 0.2395 0.2395 0.2395 0.252 0.252 0.235 0.235 0.219 0.219 0.219 0.2225 0.2225 0.239 0.239 0.228 0.228 0.318 0.318 0.318 0.2385 0.2385 0.246 0.246 0.211 0.211 0.211 0.2185 0.2185 0.194 0.194 0.227 0.227 0.227 0.2135 0.2135 0.203 0.203 0.2125 0.2125 0.2125 0.2245 0.2245 0.2295 0.2295
0.2505 0.238 0.238 0.226 0.226 0.226 0.213 0.213 0.2145 0.2145 0.2365 0.2365 0.2525 0.2525 0.2525 0.228 0.228 0.2075 0.2075 0.209 0.209 0.209 0.212 0.212 0.2145 0.2145 0.2065 0.2065 0.2065 0.2175 0.2175 0.23 0.23 0.2395 0.2395 0.2395 0.252 0.252 0.235 0.235 0.219 0.219 0.219 0.2225 0.2225 0.239 0.239 0.228 0.228 0.318 0.318 0.318 0.2385 0.2385 0.246 0.246 0.211 0.211 0.211 0.2185 0.2185 0.194 0.194 0.227 0.227 0.227 0.2135 0.2135 0.203 0.203 0.2125 0.2125 0.2125 0.2245 0.2245 0.2295 0.2295
0.2375 0.2545 0.2545 0.2565 0.2565 0.2565 0.2285 0.2285 0.2245 0.2245 0.2285 0.2285 0.2285 0.2285 0.2285 0.2425 0.2425 0.2335 0.2335 0.235 0.235 0.235 0.208 0.208 0.2225 0.2225 0.238 0.238 0.238 0.2585 0.2585 0.2435 0.2435 0.2505 0.2505 0.2505 0.2605 0.2605 0.2375 0.2375 0.216 0.216 0.216 0.2175 0.2175 0.2195 0.2195 0.225 0.225 0.228 0.228 0.228 0.1735 0.1735 0.2395 0.2395 0.2295 0.2295 0.2295 0.215 0.215 0.2215 0.2215 0.2295 0.2295 0.2295 0.2205 0.2205 0.2175 0.2175 0.2165 0.2165 0.2165 0.236 0.236 0.2315 0.2315
0.2375 0.2545 0.2545 0.2565 0.2565 0.2565 0.2285 0.2285 0.2245 0.2245 0.2285 0.2285 0.2285 0.2285 0.2285 0.2425 0.2425 0.2335 0.2335 0.235 0.235 0.235 0.208 0.208 0.2225 0.2225 0.238 0.238 0.238 0.2585 0.2585 0.2435 0.2435 0.2505 0.2505 0.2505 0.2605 0.2605 0.2375 0.2375 0.216 0.216 0.216 0.2175 0.2175 0.2195 0.2195 0.225 0.225 0.228 0.228 0.228 0.1735 0.1735 0.2395 0.2395 0.2295 0.2295 0.2295 0.215 0.215 0.2215 0.2215 0.2295 0.2295 0.2295 0.2205 0.2205 0.2175 0.2175 0.2165 0.2165 0.2165 0.236 0.236 0.2315 0.2315
0.2405 0.2675 0.2675 0.253 0.253 0.253 0.2405 0.2405 0.241 0.241 0.2415 0.2415 0.262 0.262 0.262 0.231 0.231 0.2295 0.2295 0.2285 0.2285 0.2285 0.233 0.233 0.2465 0.2465 0.253 0.253 0.253 0.262 0.262 0.249 0.249 0.225 0.225 0.225 0.247 0.247 0.254 0.254 0.233 0.233 0.233 0.2405 0.2405 0.2175 0.2175 0.205 0.205 0.215 0.215 0.215 0.2055 0.2055 0.249 0.249 0.273 0.273 0.273 0.2345 0.2345 0.236 0.236 0.2285 0.2285 0.2285 0.2315 0.2315 0.2145 0.2145 0.229 0.229 0.229 0.255 0.255 0.265 0.265
0.2405 0.2675 0.2675 0.253 0.253 0.253 0.2405 0.2405 0.241 0.241 0.2415 0.2415 0.262 0.262 0.262 0.231 0.231 0.2295 0.2295 0.2285 0.2285 0.2285 0.233 0.233 0.2465 0.2465 0.253 0.253 0.253 0.262 0.262 0.249 0.249 0.225 0.225 0.225 0.247 0.247 0.254 0.254 0.233 0.233 0.233 0.2405 0.2405 0.2175 0.2175 0.205 0.205 0.215 0.215 0.215 0.2055 0.2055 0.249 0.249 0.273 0.273 0.273 0.2345 0.2345 0.236 0.236 0.2285 0.2285 0.2285 0.2315 0.2315 0.2145 0.2145 0.229 0.229 0.229 0.255 0.255 0.265 0.265
0.2405 0.2675 0.2675 0.253 0.253 0.253 0.2405 0.2405 0.241 0.241 0.2415 0.2415 0.262 0.262 0.262 0.231 0.231 0.2295 0.2295 0.2285 0.2285 0.2285 0.233 0.233 0.2465 0.2465 0.253 0.253 0.253 0.262 0.262 0.249 0.249 0.225 0.225 0.225 0.247 0.247 0.254 0.254 0.233 0.233 0.233 0.2405 0.2405 0.2175 0.2175 0.205 0.205 0.215 0.215 0.215 0.2055 0.2055 0.249 0.249 0.273 0.273 0.273 0.2345 0.2345 0.236 0.236 0.2285 0.2285 0.2285 0.2315 0.2315 0.2145 0.2145 0.229 0.229 0.229 0.255 0.255 0.265 0.265
0.247 0.266 0.266 0.2545 0.2545 0.2545 0.2515 0.2515 0.2495 0.2495 0.2795 0.2795 0.238 0.238 0.238 0.257 0.257 0.2595 0.2595 0.2635 0.2635 0.2635 0.2385 0.2385 0.24 0.24 0.279 0.279 0.279 0.277 0.277 0.2595 0.2595 0.243 0.243 0.243 0.2615 0.2615 0.2635 0.2635 0.2385 0.2385 0.2385 0.22 0.22 0.2415 0.2415 0.245 0.245 0.242 0.242 0.242 0.2445 0.2445 0.252 0.252 0.256 0.256 0.256 0.244 0.244 0.2305 0.2305 0.2175 0.2175 0.2175 0.221 0.221 0.225 0.225 0.2555 0.2555 0.2555 0.252 0.252 0.2675 0.2675
0.247 0.266 0.266 0.2545 0.2545 0.2545 0.2515 0.2515 0.2495 0.2495 0.2795 0.2795 0.238 0.238 0.238 0.257 0.257 0.2595 0.2595 0.2635 0.2635 0.2635 0.2385 0.2385 0.24 0.24 0.279 0.279 0.279 0.277 0.277 0.2595 0.2595 0.243 0.243 0.243 0.2615 0.2615 0.2635 0.2635 0.2385 0.2385 0.2385 0.22 0.22 0.2415 0.2415 0.245 0.245 0.242 0.242 0.242 0.2445 0.2445 0.252 0.252 0.256 0.256 0.256 0.244 0.244 0.2305 0.2305 0.2175 0.2175 0.2175 0.221 0.221 0.225 0.225 0.2555 0.2555 0.2555 0.252 0.252 0.2675 0.2675
0.229 0.222 0.222 0.248 0.248 0.248 0.2565 0.2565 0.2555 0.2555 0.2385 0.2385 0.2555 0.2555 0.2555 0.2545 0.2545 0.258 0.258 0.2515 0.2515 0.2515 0.267 0.267 0.2845 0.2845 0.283 0.283 0.283 0.2465 0.2465 0.273 0.273 0.2625 0.2625 0.2625 0.2655 0.2655 0.2385 0.2385 0.2535 0.2535 0.2535 0.2425 0.2425 0.246 0.246 0.241 0.241 0.246 0.246 0.246 0.2285 0.2285 0.2295 0.2295 0.251 0.251 0.251 0.237 0.237 0.2235 0.2235 0.239 0.239 0.239 0.2315 0.2315 0.245 0.245 0.2845 0.2845 0.2845 0.2525 0.2525 0.249 0.249
0.229 0.222 0.222 0.248 0.248 0.248 0.2565 0.2565 0.2555 0.2555 0.2385 0.2385 0.2555 0.2555 0.2555 0.2545 0.2545 0.258 0.258 0.2515 0.2515 0.2515 0.267 0.267 0.2845 0.2845 0.283 0.283 0.283 0.2465 0.2465 0.273 0.273 0.2625 0.2625 0.2625 0.2655 0.2655 0.2385 0.2385 0.2535 0.2535 0.2535 0.2425 0.2425 0.246 0.246 0.241 0.241 0.246 0.246 0.246 0.2285 0.2285 0.2295 0.2295 0.251 0.251 0.251 0.237 0.237 0.2235 0.2235 0.239 0.239 0.239 0.2315 0.2315 0.245 0.245 0.2845 0.2845 0.2845 0.2525 0.2525 0.249 0.249
0.253 0.243 0.243 0.2415 0.2415 0.2415 0.2675 0.2675 0.258 0.258 0.276 0.276 0.268 0.268 0.268 0.28 0.28 0.264 0.264 0.2735 0.2735 0.2735 0.2715 0.2715 0.269 0.269 0.276 0.276 0.276 0.24 0.24 0.2585 0.2585 0.244 0.244 0.244 0.215 0.215 0.25 0.25 0.2405 0.2405 0.2405 0.2125 0.2125 0.2355 0.2355 0.2185 0.2185 0.216 0.216 0.216 0.2165 0.2165 0.2435 0.2435 0.2305 0.2305 0.2305 0.2505 0.2505 0.268 0.268 0.2425 0.2425 0.2425 0.2615 0.2615 0.2745 0.2745 0.243 0.243 0.243 0.249 0.249 0.248 0.248
0.253 0.243 0.243 0.2415 0.2415 0.2415 0.2675 0.2675 0.258 0.258 0.276 0.276 0.268 0.268 0.268 0.28 0.28 0.264 0.264 0.2735 0.2735 0.2735 0.2715 0.2715 0.269 0.269 0.276 0.276 0.276 0.24 0.24 0.2585 0.2585 0.244 0.244 0.244 0.215 0.215 0.25 0.25 0.2405 0.2405 0.2405 0.2125 0.2125 0.2355 0.2355 0.2185 0.2185 0.216 0.216 0.216 0.2165 0.2165 0.2435 0.2435 0.2305 0.2305 0.2305 0.2505 0.2505 0.268 0.268 0.2425 0.2425 0.2425 0.2615 0.2615 0.2745 0.2745 0.243 0.243 0.243 0.249 0.249 0.248 0.248
0.253 0.243 0.243 0.2415 0.2415 0.2415 0.2675 0.2675 0.258 0.258 0.276 0.276 0.268 0.268 0.268 0.28 0.28 0.264 0.264 0.2735 0.2735 0.2735 0.2715 0.2715 0.269 0.269 0.276 0.276 0.276 0.24 0.24 0.2585 0.2585 0.244 0.244 0.244 0.215 0.215 0.25 0.25 0.2405 0.2405 0.2405 0.2125 0.2125 0.2355 0.2355 0.2185 0.2185 0.216 0.216 0.216 0.2165 0.2165 0.2435 0.2435 0.2305 0.2305 0.2305 0.2505 0.2505 0.268 0.268 0.2425 0.2425 0.2425 0.2615 0.2615 0.2745 0.2745 0.243 0.243 0.243 0.249 0.249 0.248 0.248
0.2765 0.249 0.249 0.2555 0.2555 0.2555 0.27 0.27 0.2605 0.2605 0.272 0.272 0.2585 0.2585 0.2585 0.265 0.265 0.271 0.271 0.267 0.267 0.267 0.27 0.27 0.2655 0.2655 0.272 0.272 0.272 0.2375 0.2375 0.242 0.242 0.262 0.262 0.262 0.293 0.293 0.2355 0.2355 0.2105 0.2105 0.2105 0.244 0.244 0.2605 0.2605 0.2485 0.2485 0.2285 0.2285 0.2285 0.239 0.239 0.238 0.238 0.2275 0.2275 0.2275 0.2325 0.2325 0.2555 0.2555 0.2595 0.2595 0.2595 0.2765 0.2765 0.279 0.279 0.263 0.263 0.263 0.255 0.255 0.26 0.26
0.2765 0.249 0.249 0.2555 0.2555 0.2555 0.27 0.27 0.2605 0.2605 0.272 0.272 0.2585 0.2585 0.2585 0.265 0.265 0.271 0.271 0.267 0.267 0.267 0.27 0.27 0.2655 0.2655 0.272 0.272 0.272 0.2375 0.2375 0.242 0.242 0.262 0.262 0.262 0.293 0.293 0.2355 0.2355 0.2105 0.2105 0.2105 0.244 0.244 0.2605 0.2605 0.2485 0.2485 0.2285 0.2285 0.2285 0.239 0.239 0.238 0.238 0.2275 0.2275 0.2275 0.2325 0.2325 0.2555 0.2555 0.2595 0.2595 0.2595 0.2765 0.2765 0.279 0.279 0.263 0.263 0.263 0.255 0.255 0.26 0.26
0.267 0.2695 0.2695 0.263 0.263 0.263 0.2505 0.2505 0.2615 0.2615 0.2805 0.2805 0.228 0.228 0.228 0.284 0.284 0.2635 0.2635 0.2715 0.2715 0.2715 0.2575 0.2575 0.2625 0.2625 0.244 0.244 0.244 0.2195 0.2195 0.251 0.251 0.281 0.281 0.281 0.2445 0.2445 0.225 0.225 0.2435 0.2435 0.2435 0.258 0.258 0.248 0.248 0.2245 0.2245 0.2385 0.2385 0.2385 0.25 0.25 0.2455 0.2455 0.236 0.236 0.236 0.2465 0.2465 0.2565 0.2565 0.262 0.262 0.262 0.282 0.282 0.28 0.28 0.26 0.26 0.26 0.2445 0.2445 0.2545 0.2545
0.267 0.2695 0.2695 0.263 0.263 0.263 0.2505 0.2505 0.2615 0.2615 0.2805 0.2805 0.228 0.228 0.228 0.284 0.284 0.2635 0.2635 0.2715 0.2715 0.2715 0.2575 0.2575 0.2625 0.2625 0.244 0.244 0.244 0.2195 0.2195 0.251 0.251 0.281 0.281 0.281 0.2445 0.2445 0.225 0.225 0.2435 0.2435 0.2435 0.258 0.258 0.248 0.248 0.2245 0.2245 0.2385 0.2385 0.2385 0.25 0.25 0.2455 0.2455 0.236 0.236 0.236 0.2465 0.2465 0.2565 0.2565 0.262 0.262 0.262 0.282 0.282 0.28 0.28 0.26 0.26 0.26 0.2445 0.2445 0.2545 0.2545
0.274 0.27 0.27 0.2595 0.2595 0.2595 0.249 0.249 0.2635 0.2635 0.273 0.273 0.2615 0.2615 0.2615 0.2795 0.2795 0.2955 0.2955 0.3035 0.3035 0.3035 0.257 0.257 0.254 0.254 0.2525 0.2525 0.2525 0.2375 0.2375 0.266 0.266 0.251 0.251 0.251 0.246 0.246 0.2635 0.2635 0.2505 0.2505 0.2505 0.252 0.252 0.2265 0.2265 0.23 0.23 0.225 0.225 0.225 0.2555 0.2555 0.246 0.246 0.235 0.235 0.235 0.25 0.25 0.2635 0.2635 0.2745 0.2745 0.2745 0.256 0.256 0.2655 0.2655 0.2785 0.2785 0.2785 0.2915 0.2915 0.2835 0.2835
0.274 0.27 0.27 0.2595 0.2595 0.2595 0.249 0.249 0.2635 0.2635 0.273 0.273 0.2615 0.2615 0.2615 0.2795 0.2795 0.2955 0.2955 0.3035 0.3035 0.3035 0.257 0.257 0.254 0.254 0.2525 0.2525 0.2525 0.2375 0.2375 0.266 0.266 0.251 0.251 0.251 0.246 0.246 0.2635 0.2635 0.2505 0.2505 0.2505 0.252 0.252 0.2265 0.2265 0.23 0.23 0.225 0.225 0.225 0.2555 0.2555 0.246 0.246 0.235 0.235 0.235 0.25 0.25 0.2635 0.2635 0.2745 0.2745 0.2745 0.256 0.256 0.2655 0.2655 0.2785 0.2785 0.2785 0.2915 0.2915 0.2835 0.2835
0.2515 0.256 0.256 0.25 0.25 0.25 0.267 0.267 0.272 0.272 0.26 0.26 0.296 0.296 0.296 0.2955 0.2955 0.295 0.295 0.2865 0.2865 0.2865 0.2725 0.2725 0.2645 0.2645 0.268 0.268 0.268 0.266 0.266 0.271 0.271 0.273 0.273 0.273 0.241 0.241 0.2625 0.2625 0.251 0.251 0.251 0.255 0.255 0.2565 0.2565 0.2395 0.2395 0.2635 0.2635 0.2635 0.247 0.247 0.252 0.252 0.266 0.266 0.266 0.257 0.257 0.2655 0.2655 0.2905 0.2905 0.2905 0.2715 0.2715 0.29 0.29 0.2935 0.2935 0.2935 0.273 0.273 0.2895 0.2895
0.2515 0.256 0.256 0.25 0.25 0.25 0.267 0.267 0.272 0.272 0.26 0.26 0.296 0.296 0.296 0.2955 0.2955 0.295 0.295 0.2865 0.2865 0.2865 0.2725 0.2725 0.2645 0.2645 0.268 0.268 0.268 0.266 0.266 0.271 0.271 0.273 0.273 0.273 0.241 0.241 0.2625 0.2625 0.251 0.251 0.251 0.255 0.255 0.2565 0.2565 0.2395 0.2395 0.2635 0.2635 0.2635 0.247 0.247 0.252 0.252 0.266 0.266 0.266 0.257 0.257 0.2655 0.2655 0.2905 0.2905 0.2905 0.2715 0.2715 0.29 0.29 0.2935 0.2935 0.2935 0.273 0.273 0.2895 0.2895
0.2515 0.256 0.256 0.25 0.25 0.25 0.267 0.267 0.272 0.272 0.26 0.26 0.296 0.296 0.296 0.2955 0.2955 0.295 0.295 0.2865 0.2865 0.2865 0.2725 0.2725 0.2645 0.2645 0.268 0.268 0.268 0.266 0.266 0.271 0.271 0.273 0.273 0.273 0.241 0.241 0.2625 0.2625 0.251 0.251 0.251 0.255 0.255 0.2565 0.2565 0.2395 0.2395 0.2635 0.2635 0.2635 0.247 0.247 0.252 0.252 0.266 0.266 0.266 0.257 0.257 0.2655 0.2655 0.2905 0.2905 0.2905 0.2715 0.2715 0.29 0.29 0.2935 0.2935 0.2935 0.273 0.273 0.2895 0.2895
0.2675 0.27 0.27 0.2635 0.2635 0.2635 0.265 0.265 0.281 0.281 0.295 0.295 0.2885 0.2885 0.2885 0.303 0.303 0.2735 0.2735 0.2525 0.2525 0.2525 0.288 0.288 0.273 0.273 0.2815 0.2815 0.2815 0.265 0.265 0.279 0.279 0.27 0.27 0.27 0.2555 0.2555 0.243 0.243 0.2405 0.2405 0.2405 0.2535 0.2535 0.2695 0.2695 0.2735 0.2735 0.2595 0.2595 0.2595 0.2635 0.2635 0.2845 0.2845 0.269 0.269 0.269 0.2655 0.2655 0.252 0.252 0.305 0.305 0.305 0.2775 0.2775 0.2655 0.2655 0.259 0.259 0.259 0.249 0.249 0.2375 0.2375
0.2675 0.27 0.27 0.2635 0.2635 0.2635 0.265 0.265 0.281 0.281 0.295 0.295 0.2885 0.2885 0.2885 0.303 0.303 0.2735 0.2735 0.2525 0.2525 0.2525 0.288 0.288 0.273 0.273 0.2815 0.2815 0.2815 0.265 0.265 0.279 0.279 0.27 0.27 0.27 0.2555 0.2555 0.243 0.243 0.2405 0.2405 0.2405 0.2535 0.2535 0.2695 0.2695 0.2735 0.2735 0.2595 0.2595 0.2595 0.2635 0.2635 0.2845 0.2845 0.269 0.269 0.269 0.2655 0.2655 0.252 0.252 0.305 0.305 0.305 0.2775 0.2775 0.2655 0.2655 0.259 0.259 0.259 0.249 0.249 0.2375 0.2375
0.282 0.2865 0.2865 0.287 0.287 0.287 0.2705 0.2705 0.2835 0.2835 0.2885 0.2885 0.307 0.307 0.307 0.3065 0.3065 0.316 0.316 0.305 0.305 0.305 0.298 0.298 0.3035 0.3035 0.299 0.299 0.299 0.304 0.304 0.274 0.274 0.2635 0.2635 0.2635 0.2735 0.2735 0.284 0.284 0.255 0.255 0.255 0.2885 0.2885 0.284 0.284 0.2855 0.2855 0.305 0.305 0.305 0.2965 0.2965 0.296 0.296 0.315 0.315 0.315 0.288 0.288 0.304 0.304 0.287 0.287 0.287 0.2735 0.2735 0.275 0.275 0.264 0.264 0.264 0.229 0.229 0.2495 0.2495
0.282 0.2865 0.2865 0.287 0.287 0.287 0.2705 0.2705 0.2835 0.2835 0.2885 0.2885 0.307 0.307 0.307 0.3065 0.3065 0.316 0.316 0.305 0.305 0.305 0.298 0.298 0.3035 0.3035 0.299 0.299 0.299 0.304 0.304 0.274 0.274 0.2635 0.2635 0.2635 0.2735 0.2735 0.284 0.284 0.255 0.255 0.255 0.2885 0.2885 0.284 0.284 0.2855 0.2855 0.305 0.305 0.305 0.2965 0.2965 0.296 0.296 0.315 0.315 0.315 0.288 0.288 0.304 0.304 0.287 0.287 0.287 0.2735 0.2735 0.275 0.275 0.264 0.264 0.264 0.229 0.229 0.2495 0.2495
0.3075 0.289 0.289 0.315 0.315 0.315 0.2875 0.2875 0.2805 0.2805 0.297 0.297 0.3025 0.3025 0.3025 0.2985 0.2985 0.287 0.287 0.3125 0.3125 0.3125 0.316 0.316 0.298 0.298 0.298 0.298 0.298 0.2925 0.2925 0.28 0.28 0.2765 0.2765 0.2765 0.2625 0.2625 0.2675 0.2675 0.2555 0.2555 0.2555 0.2415 0.2415 0.2805 0.2805 0.2675 0.2675 0.276 0.276 0.276 0.2955 0.2955 0.2965 0.2965 0.2905 0.2905 0.2905 0.288 0.288 0.3045 0.3045 0.2955 0.2955 0.2955 0.2805 0.2805 0.269 0.269 0.2645 0.2645 0.2645 0.263 0.263 0.2455 0.2455
0.3075 0.289 0.289 0.315 0.315 0.315 0.2875 0.2875 0.2805 0.2805 0.297 0.297 0.3025 0.3025 0.3025 0.2985 0.2985 0.287 0.287 0.3125 0.3125 0.3125 0.316 0.316 0.298 0.298 0.298 0.298 0.298 0.2925 0.2925 0.28 0.28 0.2765 0.2765 0.2765 0.2625 0.2625 0.2675 0.2675 0.2555 0.2555 0.2555 0.2415 0.2415 0.2805 0.2805 0.2675 0.2675 0.276 0.276 0.276 0.2955 0.2955 0.2965 0.2965 0.2905 0.2905 0.2905 0.288 0.288 0.3045 0.3045 0.2955 0.2955 0.2955 0.2805 0.2805 0.269 0.269 0.2645 0.2645 0.2645 0.263 0.263 0.2455 0.2455
0.3075 0.289 0.289 0.315 0.315 0.315 0.2875 0.2875 0.2805 0.2805 0.297 0.297 0.3025 0.3025 0.3025 0.2985 0.2985 0.287 0.287 0.3125 0.3125 0.3125 0.316 0.316 0.298 0.298 0.298 0.298 0.298 0.2925 0.2925 0.28 0.28 0.2765 0.2765 0.2765 0.2625 0.2625 0.2675 0.2675 0.2555 0.2555 0.2555 0.2415 0.2415 0.2805 0.2805 0.2675 0.2675 0.276 0.276 0.276 0.2955 0.2955 0.2965 0.2965 0.2905 0.2905 0.2905 0.288 0.288 0.3045 0.3045 0.2955 0.2955 0.2955 0.2805 0.2805 0.269 0.269 0.2645 0.2645 0.2645 0.263 0.263 0.2455 0.2455
0.317 0.2945 0.2945 0.3195 0.3195 0.3195 0.2865 0.2865 0.2895 0.2895 0.2915 0.2915 0.2825 0.2825 0.2825 0.296 0.296 0.313 0.313 0.3255 0.3255 0.3255 0.321 0.321 0.3175 0.3175 0.307 0.307 0.307 0.2975 0.2975 0.294 0.294 0.3 0.3 0.3 0.279 0.279 0.2845 0.2845 0.2865 0.2865 0.2865 0.2985 0.2985 0.303 0.303 0.275 0.275 0.296 0.296 0.296 0.297 0.297 0.283 0.283 0.3235 0.3235 0.3235 0.2955 0.2955 0.3065 0.3065 0.278 0.278 0.278 0.2865 0.2865 0.2905 0.2905 0.2645 0.2645 0.2645 0.2485 0.2485 0.272 0.272
0.317 0.2945 0.2945 0.3195 0.3195 0.3195 0.2865 0.2865 0.2895 0.2895 0.2915 0.2915 0.2825 0.2825 0.2825 0.296 0.296 0.313 0.313 0.3255 0.3255 0.3255 0.321 0.321 0.3175 0.3175 0.307 0.307 0.307 0.2975 0.2975 0.294 0.294 0.3 0.3 0.3 0.279 0.279 0.2845 0.2845 0.2865 0.2865 0.2865 0.2985 0.2985 0.303 0.303 0.275 0.275 0.296 0.296 0.296 0.297 0.297 0.283 0.283 0.3235 0.3235 0.3235 0.2955 0.2955 0.3065 0.3065 0.278 0.278 0.278 0.2865 0.2865 0.2905 0.2905 0.2645 0.2645 0.2645 0.2485 0.2485 0.272 0.272
0.3025 0.3105 0.3105 0.281 0.281 0.281 0.2925 0.2925 0.283 0.283 0.278 0.278 0.287 0.287 0.287 0.286 0.286 0.3095 0.3095 0.305 0.305 0.305 0.3015 0.3015 0.3305 0.3305 0.307 0.307 0.307 0.3115 0.3115 0.3145 0.3145 0.3065 0.3065 0.3065 0.28 0.28 0.306 0.306 0.302 0.302 0.302 0.32 0.32 0.2795 0.2795 0.2805 0.2805 0.288 0.288 0.288 0.294 0.294 0.2865 0.2865 0.3065 0.3065 0.3065 0.295 0.295 0.285 0.285 0.3105 0.3105 0.3105 0.307 0.307 0.3115 0.3115 0.2965 0.2965 0.2965 0.2685 0.2685 0.2625 0.2625
0.3025 0.3105 0.3105 0.281 0.281 0.281 0.2925 0.2925 0.283 0.283 0.278 0.278 0.287 0.287 0.287 0.286 0.286 0.3095 0.3095 0.305 0.305 0.305 0.3015 0.3015 0.3305 0.3305 0.307 0.307 0.307 0.3115 0.3115 0.3145 0.3145 0.3065 0.3065 0.3065 0.28 0.28 0.306 0.306 0.302 0.302 0.302 0.32 0.32 0.2795 0.2795 0.2805 0.2805 0.288 0.288 0.288 0.294 0.294 0.2865 0.2865 0.3065 0.3065 0.3065 0.295 0.295 0.285 0.285 0.3105 0.3105 0.3105 0.307 0.307 0.3115 0.3115 0.2965 0.2965 0.2965 0.2685 0.2685 0.2625 0.2625
