ndvi/NOAA-146.asc
ncols         252
nrows         154
xllcorner     -18.017974
yllcorner     13.481982
cellsize      0.035948
NODATA_value  -9999
[rows 0 to 33 of 154, columns 156 to 233 of 252]
0.103 0.115 0.115 0.115 0.117 0.117 0.1115 0.1115 0.1145 0.1145 0.112 0.112 0.112 0.115 0.115 0.117 0.117 0.1105 0.1105 0.1105 0.112 0.112 0.112 0.112 0.111 0.111 0.111 0.1095 0.1095 0.1135 0.1135 0.1185 0.1185 0.1185 0.1105 0.1105 0.106 0.106 0.103 0.103 0.103 0.114 0.114 0.109 0.109 0.1105 0.1105 0.119 0.119 0.119 0.1195 0.1195 0.1175 0.1175 0.115 0.115 0.115 0.1155 0.1155 0.114 0.114 0.1145 0.1145 0.1145 0.1095 0.1095 0.105 0.105 0.1055 0.1055 0.1055 0.1025 0.1025 0.1035 0.1035 0.0995 0.0995 0.0995
0.103 0.115 0.115 0.115 0.117 0.117 0.1115 0.1115 0.1145 0.1145 0.112 0.112 0.112 0.115 0.115 0.117 0.117 0.1105 0.1105 0.1105 0.112 0.112 0.112 0.112 0.111 0.111 0.111 0.1095 0.1095 0.1135 0.1135 0.1185 0.1185 0.1185 0.1105 0.1105 0.106 0.106 0.103 0.103 0.103 0.114 0.114 0.109 0.109 0.1105 0.1105 0.119 0.119 0.119 0.1195 0.1195 0.1175 0.1175 0.115 0.115 0.115 0.1155 0.1155 0.114 0.114 0.1145 0.1145 0.1145 0.1095 0.1095 0.105 0.105 0.1055 0.1055 0.1055 0.1025 0.1025 0.1035 0.1035 0.0995 0.0995 0.0995
0.1115 0.1175 0.1175 0.1175 0.116 0.116 0.1095 0.1095 0.111 0.111 0.113 0.113 0.113 0.112 0.112 0.1135 0.1135 0.1125 0.1125 0.1125 0.11 0.11 0.1145 0.1145 0.119 0.119 0.119 0.116 0.116 0.1145 0.1145 0.121 0.121 0.121 0.1255 0.1255 0.122 0.122 0.12 0.12 0.12 0.134 0.134 0.1255 0.1255 0.121 0.121 0.127 0.127 0.127 0.126 0.126 0.1235 0.1235 0.1225 0.1225 0.1225 0.13 0.13 0.12 0.12 0.1145 0.1145 0.1145 0.1125 0.1125 0.1075 0.1075 0.1085 0.1085 0.1085 0.1045 0.1045 0.103 0.103 0.1015 0.1015 0.1015
0.1115 0.1175 0.1175 0.1175 0.116 0.116 0.1095 0.1095 0.111 0.111 0.113 0.113 0.113 0.112 0.112 0.1135 0.1135 0.1125 0.1125 0.1125 0.11 0.11 0.1145 0.1145 0.119 0.119 0.119 0.116 0.116 0.1145 0.1145 0.121 0.121 0.121 0.1255 0.1255 0.122 0.122 0.12 0.12 0.12 0.134 0.134 0.1255 0.1255 0.121 0.121 0.127 0.127 0.127 0.126 0.126 0.1235 0.1235 0.1225 0.1225 0.1225 0.13 0.13 0.12 0.12 0.1145 0.1145 0.1145 0.1125 0.1125 0.1075 0.1075 0.1085 0.1085 0.1085 0.1045 0.1045 0.103 0.103 0.1015 0.1015 0.1015
0.1115 0.1175 0.1175 0.1175 0.116 0.116 0.1095 0.1095 0.111 0.111 0.113 0.113 0.113 0.112 0.112 0.1135 0.1135 0.1125 0.1125 0.1125 0.11 0.11 0.1145 0.1145 0.119 0.119 0.119 0.116 0.116 0.1145 0.1145 0.121 0.121 0.121 0.1255 0.1255 0.122 0.122 0.12 0.12 0.12 0.134 0.134 0.1255 0.1255 0.121 0.121 0.127 0.127 0.127 0.126 0.126 0.1235 0.1235 0.1225 0.1225 0.1225 0.13 0.13 0.12 0.12 0.1145 0.1145 0.1145 0.1125 0.1125 0.1075 0.1075 0.1085 0.1085 0.1085 0.1045 0.1045 0.103 0.103 0.1015 0.1015 0.1015
0.117 0.117 0.117 0.117 0.124 0.124 0.123 0.123 0.1145 0.1145 0.12 0.12 0.12 0.1275 0.1275 0.1265 0.1265 0.1215 0.1215 0.1215 0.1275 0.1275 0.123 0.123 0.128 0.128 0.128 0.1275 0.1275 0.1315 0.1315 0.1295 0.1295 0.1295 0.1285 0.1285 0.1225 0.1225 0.1345 0.1345 0.1345 0.132 0.132 0.138 0.138 0.127 0.127 0.1315 0.1315 0.1315 0.1295 0.1295 0.1215 0.1215 0.1225 0.1225 0.1225 0.1235 0.1235 0.1195 0.1195 0.1205 0.1205 0.1205 0.108 0.108 0.112 0.112 0.1085 0.1085 0.1085 0.1065 0.1065 0.1085 0.1085 0.107 0.107 0.107
0.117 0.117 0.117 0.117 0.124 0.124 0.123 0.123 0.1145 0.1145 0.12 0.12 0.12 0.1275 0.1275 0.1265 0.1265 0.1215 0.1215 0.1215 0.1275 0.1275 0.123 0.123 0.128 0.128 0.128 0.1275 0.1275 0.1315 0.1315 0.1295 0.1295 0.1295 0.1285 0.1285 0.1225 0.1225 0.1345 0.1345 0.1345 0.132 0.132 0.138 0.138 0.127 0.127 0.1315 0.1315 0.1315 0.1295 0.1295 0.1215 0.1215 0.1225 0.1225 0.1225 0.1235 0.1235 0.1195 0.1195 0.1205 0.1205 0.1205 0.108 0.108 0.112 0.112 0.1085 0.1085 0.1085 0.1065 0.1065 0.1085 0.1085 0.107 0.107 0.107
0.1125 0.1175 0.1175 0.1175 0.1195 0.1195 0.126 0.126 0.1235 0.1235 0.117 0.117 0.117 0.1255 0.1255 0.1265 0.1265 0.126 0.126 0.126 0.127 0.127 0.124 0.124 0.1235 0.1235 0.1235 0.1215 0.1215 0.1305 0.1305 0.126 0.126 0.126 0.1255 0.1255 0.121 0.121 0.1265 0.1265 0.1265 0.1275 0.1275 0.1305 0.1305 0.126 0.126 0.13 0.13 0.13 0.1185 0.1185 0.1275 0.1275 0.125 0.125 0.125 0.124 0.124 0.12 0.12 0.121 0.121 0.121 0.113 0.113 0.108 0.108 0.1135 0.1135 0.1135 0.104 0.104 0.111 0.111 0.11 0.11 0.11
0.1125 0.1175 0.1175 0.1175 0.1195 0.1195 0.126 0.126 0.1235 0.1235 0.117 0.117 0.117 0.1255 0.1255 0.1265 0.1265 0.126 0.126 0.126 0.127 0.127 0.124 0.124 0.1235 0.1235 0.1235 0.1215 0.1215 0.1305 0.1305 0.126 0.126 0.126 0.1255 0.1255 0.121 0.121 0.1265 0.1265 0.1265 0.1275 0.1275 0.1305 0.1305 0.126 0.126 0.13 0.13 0.13 0.1185 0.1185 0.1275 0.1275 0.125 0.125 0.125 0.124 0.124 0.12 0.12 0.121 0.121 0.121 0.113 0.113 0.108 0.108 0.1135 0.1135 0.1135 0.104 0.104 0.111 0.111 0.11 0.11 0.11
0.119 0.124 0.124 0.124 0.117 0.117 0.119 0.119 0.1155 0.1155 0.1185 0.1185 0.1185 0.1235 0.1235 0.127 0.127 0.135 0.135 0.135 0.128 0.128 0.1315 0.1315 0.128 0.128 0.128 0.1265 0.1265 0.1215 0.1215 0.1205 0.1205 0.1205 0.1185 0.1185 0.112 0.112 0.1185 0.1185 0.1185 0.116 0.116 0.117 0.117 0.12 0.12 0.1255 0.1255 0.1255 0.126 0.126 0.1235 0.1235 0.128 0.128 0.128 0.12 0.12 0.119 0.119 0.1175 0.1175 0.1175 0.1115 0.1115 0.1105 0.1105 0.1135 0.1135 0.1135 0.108 0.108 0.111 0.111 0.1095 0.1095 0.1095
0.119 0.124 0.124 0.124 0.117 0.117 0.119 0.119 0.1155 0.1155 0.1185 0.1185 0.1185 0.1235 0.1235 0.127 0.127 0.135 0.135 0.135 0.128 0.128 0.1315 0.1315 0.128 0.128 0.128 0.1265 0.1265 0.1215 0.1215 0.1205 0.1205 0.1205 0.1185 0.1185 0.112 0.112 0.1185 0.1185 0.1185 0.116 0.116 0.117 0.117 0.12 0.12 0.1255 0.1255 0.1255 0.126 0.126 0.1235 0.1235 0.128 0.128 0.128 0.12 0.12 0.119 0.119 0.1175 0.1175 0.1175 0.1115 0.1115 0.1105 0.1105 0.1135 0.1135 0.1135 0.108 0.108 0.111 0.111 0.1095 0.1095 0.1095
0.12 0.123 0.123 0.123 0.117 0.117 0.1245 0.1245 0.116 0.116 0.1185 0.1185 0.1185 0.123 0.123 0.1275 0.1275 0.123 0.123 0.123 0.1215 0.1215 0.122 0.122 0.131 0.131 0.131 0.1265 0.1265 0.13 0.13 0.1245 0.1245 0.1245 0.12 0.12 0.109 0.109 0.1175 0.1175 0.1175 0.1185 0.1185 0.1135 0.1135 0.1335 0.1335 0.125 0.125 0.125 0.1235 0.1235 0.1325 0.1325 0.1305 0.1305 0.1305 0.1125 0.1125 0.1125 0.1125 0.1025 0.1025 0.1025 0.098 0.098 0.09900001 0.09900001 0.0995 0.0995 0.0995 0.1035 0.1035 0.1105 0.1105 0.108 0.108 0.108
0.12 0.123 0.123 0.123 0.117 0.117 0.1245 0.1245 0.116 0.116 0.1185 0.1185 0.1185 0.123 0.123 0.1275 0.1275 0.123 0.123 0.123 0.1215 0.1215 0.122 0.122 0.131 0.131 0.131 0.1265 0.1265 0.13 0.13 0.1245 0.1245 0.1245 0.12 0.12 0.109 0.109 0.1175 0.1175 0.1175 0.1185 0.1185 0.1135 0.1135 0.1335 0.1335 0.125 0.125 0.125 0.1235 0.1235 0.1325 0.1325 0.1305 0.1305 0.1305 0.1125 0.1125 0.1125 0.1125 0.1025 0.1025 0.1025 0.098 0.098 0.09900001 0.09900001 0.0995 0.0995 0.0995 0.1035 0.1035 0.1105 0.1105 0.108 0.108 0.108
0.12 0.123 0.123 0.123 0.117 0.117 0.1245 0.1245 0.116 0.116 0.1185 0.1185 0.1185 0.123 0.123 0.1275 0.1275 0.123 0.123 0.123 0.1215 0.1215 0.122 0.122 0.131 0.131 0.131 0.1265 0.1265 0.13 0.13 0.1245 0.1245 0.1245 0.12 0.12 0.109 0.109 0.1175 0.1175 0.1175 0.1185 0.1185 0.1135 0.1135 0.1335 0.1335 0.125 0.125 0.125 0.1235 0.1235 0.1325 0.1325 0.1305 0.1305 0.1305 0.1125 0.1125 0.1125 0.1125 0.1025 0.1025 0.1025 0.098 0.098 0.09900001 0.09900001 0.0995 0.0995 0.0995 0.1035 0.1035 0.1105 0.1105 0.108 0.108 0.108
0.123 0.123 0.123 0.123 0.123 0.123 0.132 0.132 0.1265 0.1265 0.1285 0.1285 0.1285 0.1265 0.1265 0.123 0.123 0.1325 0.1325 0.1325 0.1205 0.1205 0.1245 0.1245 0.1165 0.1165 0.1165 0.122 0.122 0.125 0.125 0.1235 0.1235 0.1235 0.115 0.115 0.119 0.119 0.1135 0.1135 0.1135 0.119 0.119 0.119 0.119 0.12 0.12 0.09999999 0.09999999 0.09999999 0.114 0.114 0.118 0.118 0.125 0.125 0.125 0.1105 0.1105 0.1085 0.1085 0.1 0.1 0.1 0.0975 0.0975 0.1045 0.1045 0.1025 0.1025 0.1025 0.102 0.102 0.1035 0.1035 0.111 0.111 0.111
0.123 0.123 0.123 0.123 0.123 0.123 0.132 0.132 0.1265 0.1265 0.1285 0.1285 0.1285 0.1265 0.1265 0.123 0.123 0.1325 0.1325 0.1325 0.1205 0.1205 0.1245 0.1245 0.1165 0.1165 0.1165 0.122 0.122 0.125 0.125 0.1235 0.1235 0.1235 0.115 0.115 0.119 0.119 0.1135 0.1135 0.1135 0.119 0.119 0.119 0.119 0.12 0.12 0.09999999 0.09999999 0.09999999 0.114 0.114 0.118 0.118 0.125 0.125 0.125 0.1105 0.1105 0.1085 0.1085 0.1 0.1 0.1 0.0975 0.0975 0.1045 0.1045 0.1025 0.1025 0.1025 0.102 0.102 0.1035 0.1035 0.111 0.111 0.111
0.1185 0.1165 0.1165 0.1165 0.122 0.122 0.1245 0.1245 0.132 0.132 0.124 0.124 0.124 0.12 0.12 0.1255 0.1255 0.122 0.122 0.122 0.121 0.121 0.128 0.128 0.1165 0.1165 0.1165 0.122 0.122 0.1205 0.1205 0.1185 0.1185 0.1185 0.1165 0.1165 0.11 0.11 0.1105 0.1105 0.1105 0.093 0.093 0.097 0.097 0.082 0.082 0.0835 0.0835 0.0835 0.0925 0.0925 0.1005 0.1005 0.105 0.105 0.105 0.108 0.108 0.1105 0.1105 0.106 0.106 0.106 0.1045 0.1045 0.1005 0.1005 0.1035 0.1035 0.1035 0.1025 0.1025 0.1035 0.1035 0.1095 0.1095 0.1095
0.1185 0.1165 0.1165 0.1165 0.122 0.122 0.1245 0.1245 0.132 0.132 0.124 0.124 0.124 0.12 0.12 0.1255 0.1255 0.122 0.122 0.122 0.121 0.121 0.128 0.128 0.1165 0.1165 0.1165 0.122 0.122 0.1205 0.1205 0.1185 0.1185 0.1185 0.1165 0.1165 0.11 0.11 0.1105 0.1105 0.1105 0.093 0.093 0.097 0.097 0.082 0.082 0.0835 0.0835 0.0835 0.0925 0.0925 0.1005 0.1005 0.105 0.105 0.105 0.108 0.108 0.1105 0.1105 0.106 0.106 0.106 0.1045 0.1045 0.1005 0.1005 0.1035 0.1035 0.1035 0.1025 0.1025 0.1035 0.1035 0.1095 0.1095 0.1095
0.1395 0.143 0.143 0.143 0.1025 0.1025 0.1015 0.1015 0.0985 0.0985 0.11 0.11 0.11 0.0985 0.0985 0.105 0.105 0.1065 0.1065 0.1065 0.1015 0.1015 0.1065 0.1065 0.1005 0.1005 0.1005 0.0905 0.0905 0.0915 0.0915 0.0975 0.0975 0.0975 0.0995 0.0995 0.1105 0.1105 0.113 0.113 0.113 0.122 0.122 0.1355 0.1355 0.1255 0.1255 0.1185 0.1185 0.1185 0.1185 0.1185 0.112 0.112 0.113 0.113 0.113 0.113 0.113 0.1135 0.1135 0.1095 0.1095 0.1095 0.104 0.104 0.1045 0.1045 0.1045 0.1045 0.1045 0.1065 0.1065 0.106 0.106 0.1045 0.1045 0.1045
0.1395 0.143 0.143 0.143 0.1025 0.1025 0.1015 0.1015 0.0985 0.0985 0.11 0.11 0.11 0.0985 0.0985 0.105 0.105 0.1065 0.1065 0.1065 0.1015 0.1015 0.1065 0.1065 0.1005 0.1005 0.1005 0.0905 0.0905 0.0915 0.0915 0.0975 0.0975 0.0975 0.0995 0.0995 0.1105 0.1105 0.113 0.113 0.113 0.122 0.122 0.1355 0.1355 0.1255 0.1255 0.1185 0.1185 0.1185 0.1185 0.1185 0.112 0.112 0.113 0.113 0.113 0.113 0.113 0.1135 0.1135 0.1095 0.1095 0.1095 0.104 0.104 0.1045 0.1045 0.1045 0.1045 0.1045 0.1065 0.1065 0.106 0.106 0.1045 0.1045 0.1045
0.1395 0.143 0.143 0.143 0.1025 0.1025 0.1015 0.1015 0.0985 0.0985 0.11 0.11 0.11 0.0985 0.0985 0.105 0.105 0.1065 0.1065 0.1065 0.1015 0.1015 0.1065 0.1065 0.1005 0.1005 0.1005 0.0905 0.0905 0.0915 0.0915 0.0975 0.0975 0.0975 0.0995 0.0995 0.1105 0.1105 0.113 0.113 0.113 0.122 0.122 0.1355 0.1355 0.1255 0.1255 0.1185 0.1185 0.1185 0.1185 0.1185 0.112 0.112 0.113 0.113 0.113 0.113 0.113 0.1135 0.1135 0.1095 0.1095 0.1095 0.104 0.104 0.1045 0.1045 0.1045 0.1045 0.1045 0.1065 0.1065 0.106 0.106 0.1045 0.1045 0.1045
0.1325 0.1485 0.1485 0.1485 0.11 0.11 0.098 0.098 0.1075 0.1075 0.102 0.102 0.102 0.107 0.107 0.1155 0.1155 0.112 0.112 0.112 0.1135 0.1135 0.1105 0.1105 0.09999999 0.09999999 0.09999999 0.1115 0.1115 0.099 0.099 0.099 0.099 0.099 0.1365 0.1365 0.1365 0.1365 0.1265 0.1265 0.1265 0.129 0.129 0.1295 0.1295 0.12 0.12 0.1175 0.1175 0.1175 0.118 0.118 0.1155 0.1155 0.1155 0.1155 0.1155 0.114 0.114 0.1145 0.1145 0.118 0.118 0.118 0.1125 0.1125 0.1115 0.1115 0.1095 0.1095 0.1095 0.1065 0.1065 0.1035 0.1035 0.097 0.097 0.097
0.1325 0.1485 0.1485 0.1485 0.11 0.11 0.098 0.098 0.1075 0.1075 0.102 0.102 0.102 0.107 0.107 0.1155 0.1155 0.112 0.112 0.112 0.1135 0.1135 0.1105 0.1105 0.09999999 0.09999999 0.09999999 0.1115 0.1115 0.099 0.099 0.099 0.099 0.099 0.1365 0.1365 0.1365 0.1365 0.1265 0.1265 0.1265 0.129 0.129 0.1295 0.1295 0.12 0.12 0.1175 0.1175 0.1175 0.118 0.118 0.1155 0.1155 0.1155 0.1155 0.1155 0.114 0.114 0.1145 0.1145 0.118 0.118 0.118 0.1125 0.1125 0.1115 0.1115 0.1095 0.1095 0.1095 0.1065 0.1065 0.1035 0.1035 0.097 0.097 0.097
0.121 0.1475 0.1475 0.1475 0.132 0.132 0.11 0.11 0.1065 0.1065 0.1105 0.1105 0.1105 0.1065 0.1065 0.1165 0.1165 0.1325 0.1325 0.1325 0.135 0.135 0.1385 0.1385 0.132 0.132 0.132 0.1245 0.1245 0.1405 0.1405 0.1265 0.1265 0.1265 0.138 0.138 0.128 0.128 0.128 0.128 0.128 0.1245 0.1245 0.1245 0.1245 0.124 0.124 0.1195 0.1195 0.1195 0.116 0.116 0.115 0.115 0.114 0.114 0.114 0.1145 0.1145 0.1165 0.1165 0.116 0.116 0.116 0.1165 0.1165 0.112 0.112 0.113 0.113 0.113 0.109 0.109 0.099 0.099 0.1 0.1 0.1
0.121 0.1475 0.1475 0.1475 0.132 0.132 0.11 0.11 0.1065 0.1065 0.1105 0.1105 0.1105 0.1065 0.1065 0.1165 0.1165 0.1325 0.1325 0.1325 0.135 0.135 0.1385 0.1385 0.132 0.132 0.132 0.1245 0.1245 0.1405 0.1405 0.1265 0.1265 0.1265 0.138 0.138 0.128 0.128 0.128 0.128 0.128 0.1245 0.1245 0.1245 0.1245 0.124 0.124 0.1195 0.1195 0.1195 0.116 0.116 0.115 0.115 0.114 0.114 0.114 0.1145 0.1145 0.1165 0.1165 0.116 0.116 0.116 0.1165 0.1165 0.112 0.112 0.113 0.113 0.113 0.109 0.109 0.099 0.099 0.1 0.1 0.1
0.119 0.1435 0.1435 0.1435 0.153 0.153 0.1385 0.1385 0.137 0.137 0.1345 0.1345 0.1345 0.1385 0.1385 0.1365 0.1365 0.1385 0.1385 0.1385 0.1385 0.1385 0.131 0.131 0.1355 0.1355 0.1355 0.1295 0.1295 0.144 0.144 0.1375 0.1375 0.1375 0.1345 0.1345 0.1295 0.1295 0.129 0.129 0.129 0.1245 0.1245 0.1245 0.1245 0.128 0.128 0.1335 0.1335 0.1335 0.126 0.126 0.117 0.117 0.115 0.115 0.115 0.1165 0.1165 0.117 0.117 0.1185 0.1185 0.1185 0.117 0.117 0.1105 0.1105 0.111 0.111 0.111 0.1105 0.1105 0.114 0.114 0.112 0.112 0.112
0.119 0.1435 0.1435 0.1435 0.153 0.153 0.1385 0.1385 0.137 0.137 0.1345 0.1345 0.1345 0.1385 0.1385 0.1365 0.1365 0.1385 0.1385 0.1385 0.1385 0.1385 0.131 0.131 0.1355 0.1355 0.1355 0.1295 0.1295 0.144 0.144 0.1375 0.1375 0.1375 0.1345 0.1345 0.1295 0.1295 0.129 0.129 0.129 0.1245 0.1245 0.1245 0.1245 0.128 0.128 0.1335 0.1335 0.1335 0.126 0.126 0.117 0.117 0.115 0.115 0.115 0.1165 0.1165 0.117 0.117 0.1185 0.1185 0.1185 0.117 0.117 0.1105 0.1105 0.111 0.111 0.111 0.1105 0.1105 0.114 0.114 0.112 0.112 0.112
0.119 0.1435 0.1435 0.1435 0.153 0.153 0.1385 0.1385 0.137 0.137 0.1345 0.1345 0.1345 0.1385 0.1385 0.1365 0.1365 0.1385 0.1385 0.1385 0.1385 0.1385 0.131 0.131 0.1355 0.1355 0.1355 0.1295 0.1295 0.144 0.144 0.1375 0.1375 0.1375 0.1345 0.1345 0.1295 0.1295 0.129 0.129 0.129 0.1245 0.1245 0.1245 0.1245 0.128 0.128 0.1335 0.1335 0.1335 0.126 0.126 0.117 0.117 0.115 0.115 0.115 0.1165 0.1165 0.117 0.117 0.1185 0.1185 0.1185 0.117 0.117 0.1105 0.1105 0.111 0.111 0.111 0.1105 0.1105 0.114 0.114 0.112 0.112 0.112
0.12 0.1535 0.1535 0.1535 0.1745 0.1745 0.1965 0.1965 0.141 0.141 0.136 0.136 0.136 0.136 0.136 0.1355 0.1355 0.139 0.139 0.139 0.1365 0.1365 0.1335 0.1335 0.1345 0.1345 0.1345 0.1345 0.1345 0.1325 0.1325 0.134 0.134 0.134 0.1285 0.1285 0.1265 0.1265 0.123 0.123 0.123 0.1245 0.1245 0.131 0.131 0.137 0.137 0.135 0.135 0.135 0.13 0.13 0.1235 0.1235 0.1195 0.1195 0.1195 0.115 0.115 0.1215 0.1215 0.1265 0.1265 0.1265 0.1205 0.1205 0.1285 0.1285 0.1225 0.1225 0.1225 0.115 0.115 0.1195 0.1195 0.1155 0.1155 0.1155
0.12 0.1535 0.1535 0.1535 0.1745 0.1745 0.1965 0.1965 0.141 0.141 0.136 0.136 0.136 0.136 0.136 0.1355 0.1355 0.139 0.139 0.139 0.1365 0.1365 0.1335 0.1335 0.1345 0.1345 0.1345 0.1345 0.1345 0.1325 0.1325 0.134 0.134 0.134 0.1285 0.1285 0.1265 0.1265 0.123 0.123 0.123 0.1245 0.1245 0.131 0.131 0.137 0.137 0.135 0.135 0.135 0.13 0.13 0.1235 0.1235 0.1195 0.1195 0.1195 0.115 0.115 0.1215 0.1215 0.1265 0.1265 0.1265 0.1205 0.1205 0.1285 0.1285 0.1225 0.1225 0.1225 0.115 0.115 0.1195 0.1195 0.1155 0.1155 0.1155
0.112 0.131 0.131 0.131 0.146 0.146 0.171 0.171 0.1295 0.1295 0.123 0.123 0.123 0.124 0.124 0.1265 0.1265 0.1385 0.1385 0.1385 0.13 0.13 0.141 0.141 0.149 0.149 0.149 0.1525 0.1525 0.1385 0.1385 0.1315 0.1315 0.1315 0.1295 0.1295 0.1325 0.1325 0.1355 0.1355 0.1355 0.132 0.132 0.134 0.134 0.1335 0.1335 0.138 0.138 0.138 0.136 0.136 0.137 0.137 0.131 0.131 0.131 0.128 0.128 0.131 0.131 0.132 0.132 0.132 0.133 0.133 0.129 0.129 0.1275 0.1275 0.1275 0.1265 0.1265 0.12 0.12 0.1185 0.1185 0.1185
0.112 0.131 0.131 0.131 0.146 0.146 0.171 0.171 0.1295 0.1295 0.123 0.123 0.123 0.124 0.124 0.1265 0.1265 0.1385 0.1385 0.1385 0.13 0.13 0.141 0.141 0.149 0.149 0.149 0.1525 0.1525 0.1385 0.1385 0.1315 0.1315 0.1315 0.1295 0.1295 0.1325 0.1325 0.1355 0.1355 0.1355 0.132 0.132 0.134 0.134 0.1335 0.1335 0.138 0.138 0.138 0.136 0.136 0.137 0.137 0.131 0.131 0.131 0.128 0.128 0.131 0.131 0.132 0.132 0.132 0.133 0.133 0.129 0.129 0.1275 0.1275 0.1275 0.1265 0.1265 0.12 0.12 0.1185 0.1185 0.1185
0.1295 0.122 0.122 0.122 0.134 0.134 0.127 0.127 0.1085 0.1085 0.101 0.101 0.101 0.107 0.107 0.117 0.117 0.1185 0.1185 0.1185 0.1205 0.1205 0.1305 0.1305 0.1305 0.1305 0.1305 0.141 0.141 0.149 0.149 0.1355 0.1355 0.1355 0.141 0.141 0.136 0.136 0.1365 0.1365 0.1365 0.129 0.129 0.1265 0.1265 0.1355 0.1355 0.14 0.14 0.14 0.144 0.144 0.1415 0.1415 0.138 0.138 0.138 0.1415 0.1415 0.1335 0.1335 0.1365 0.1365 0.1365 0.1345 0.1345 0.1355 0.1355 0.136 0.136 0.136 0.132 0.132 0.124 0.124 0.1235 0.1235 0.1235
0.1295 0.122 0.122 0.122 0.134 0.134 0.127 0.127 0.1085 0.1085 0.101 0.101 0.101 0.107 0.107 0.117 0.117 0.1185 0.1185 0.1185 0.1205 0.1205 0.1305 0.1305 0.1305 0.1305 0.1305 0.141 0.141 0.149 0.149 0.1355 0.1355 0.1355 0.141 0.141 0.136 0.136 0.1365 0.1365 0.1365 0.129 0.129 0.1265 0.1265 0.1355 0.1355 0.14 0.14 0.14 0.144 0.144 0.1415 0.1415 0.138 0.138 0.138 0.1415 0.1415 0.1335 0.1335 0.1365 0.1365 0.1365 0.1345 0.1345 0.1355 0.1355 0.136 0.136 0.136 0.132 0.132 0.124 0.124 0.1235 0.1235 0.1235
