ndvi/NOAA-286.asc
ncols         252
nrows         154
xllcorner     -18.017974
yllcorner     13.481982
cellsize      0.035948
NODATA_value  -9999
[rows 35 to 69 of 154, columns 154 to 230 of 252]
0.1085 0.116 0.116 0.1205 0.1205 0.1205 0.148 0.148 0.1035 0.1035 0.1025 0.1025 0.1075 0.1075 0.1075 0.1065 0.1065 0.12 0.12 0.1275 0.1275 0.1275 0.132 0.132 0.1335 0.1335 0.125 0.125 0.125 0.132 0.132 0.131 0.131 0.1285 0.1285 0.1285 0.1125 0.1125 0.1185 0.1185 0.123 0.123 0.123 0.1145 0.1145 0.1335 0.1335 0.1775 0.1775 0.1635 0.1635 0.1635 0.159 0.159 0.1665 0.1665 0.149 0.149 0.149 0.1505 0.1505 0.1325 0.1325 0.11 0.11 0.11 0.1155 0.1155 0.118 0.118 0.1265 0.1265 0.1265 0.119 0.119 0.1105 0.1105
0.1085 0.116 0.116 0.1205 0.1205 0.1205 0.148 0.148 0.1035 0.1035 0.1025 0.1025 0.1075 0.1075 0.1075 0.1065 0.1065 0.12 0.12 0.1275 0.1275 0.1275 0.132 0.132 0.1335 0.1335 0.125 0.125 0.125 0.132 0.132 0.131 0.131 0.1285 0.1285 0.1285 0.1125 0.1125 0.1185 0.1185 0.123 0.123 0.123 0.1145 0.1145 0.1335 0.1335 0.1775 0.1775 0.1635 0.1635 0.1635 0.159 0.159 0.1665 0.1665 0.149 0.149 0.149 0.1505 0.1505 0.1325 0.1325 0.11 0.11 0.11 0.1155 0.1155 0.118 0.118 0.1265 0.1265 0.1265 0.119 0.119 0.1105 0.1105
0.1125 0.1175 0.1175 0.1595 0.1595 0.1595 0.116 0.116 0.09 0.09 0.0925 0.0925 0.122 0.122 0.122 0.1205 0.1205 0.129 0.129 0.1115 0.1115 0.1115 0.1355 0.1355 0.1695 0.1695 0.1435 0.1435 0.1435 0.153 0.153 0.143 0.143 0.1415 0.1415 0.1415 0.1355 0.1355 0.1145 0.1145 0.1215 0.1215 0.1215 0.131 0.131 0.1275 0.1275 0.143 0.143 0.1735 0.1735 0.1735 0.1585 0.1585 0.166 0.166 0.159 0.159 0.159 0.135 0.135 0.1435 0.1435 0.123 0.123 0.123 0.1285 0.1285 0.1205 0.1205 0.1075 0.1075 0.1075 0.116 0.116 0.114 0.114
0.1125 0.1175 0.1175 0.1595 0.1595 0.1595 0.116 0.116 0.09 0.09 0.0925 0.0925 0.122 0.122 0.122 0.1205 0.1205 0.129 0.129 0.1115 0.1115 0.1115 0.1355 0.1355 0.1695 0.1695 0.1435 0.1435 0.1435 0.153 0.153 0.143 0.143 0.1415 0.1415 0.1415 0.1355 0.1355 0.1145 0.1145 0.1215 0.1215 0.1215 0.131 0.131 0.1275 0.1275 0.143 0.143 0.1735 0.1735 0.1735 0.1585 0.1585 0.166 0.166 0.159 0.159 0.159 0.135 0.135 0.1435 0.1435 0.123 0.123 0.123 0.1285 0.1285 0.1205 0.1205 0.1075 0.1075 0.1075 0.116 0.116 0.114 0.114
0.11 0.1065 0.1065 0.094 0.094 0.094 0.09649999 0.09649999 0.08750001 0.08750001 0.099 0.099 0.115 0.115 0.115 0.114 0.114 0.1165 0.1165 0.1025 0.1025 0.1025 0.137 0.137 0.1805 0.1805 0.185 0.185 0.185 0.175 0.175 0.172 0.172 0.1595 0.1595 0.1595 0.1505 0.1505 0.1325 0.1325 0.1375 0.1375 0.1375 0.125 0.125 0.1455 0.1455 0.157 0.157 0.183 0.183 0.183 0.173 0.173 0.167 0.167 0.1435 0.1435 0.1435 0.1315 0.1315 0.1355 0.1355 0.132 0.132 0.132 0.1155 0.1155 0.108 0.108 0.1165 0.1165 0.1165 0.129 0.129 0.1185 0.1185
0.11 0.1065 0.1065 0.094 0.094 0.094 0.09649999 0.09649999 0.08750001 0.08750001 0.099 0.099 0.115 0.115 0.115 0.114 0.114 0.1165 0.1165 0.1025 0.1025 0.1025 0.137 0.137 0.1805 0.1805 0.185 0.185 0.185 0.175 0.175 0.172 0.172 0.1595 0.1595 0.1595 0.1505 0.1505 0.1325 0.1325 0.1375 0.1375 0.1375 0.125 0.125 0.1455 0.1455 0.157 0.157 0.183 0.183 0.183 0.173 0.173 0.167 0.167 0.1435 0.1435 0.1435 0.1315 0.1315 0.1355 0.1355 0.132 0.132 0.132 0.1155 0.1155 0.108 0.108 0.1165 0.1165 0.1165 0.129 0.129 0.1185 0.1185
0.103 0.1005 0.1005 0.0675 0.0675 0.0675 0.06 0.06 0.083 0.083 0.1045 0.1045 0.094 0.094 0.094 0.1075 0.1075 0.101 0.101 0.1065 0.1065 0.1065 0.1205 0.1205 0.156 0.156 0.1945 0.1945 0.1945 0.1605 0.1605 0.1945 0.1945 0.1875 0.1875 0.1875 0.1735 0.1735 0.144 0.144 0.1425 0.1425 0.1425 0.165 0.165 0.172 0.172 0.171 0.171 0.1685 0.1685 0.1685 0.1665 0.1665 0.159 0.159 0.15 0.15 0.15 0.1465 0.1465 0.1675 0.1675 0.1425 0.1425 0.1425 0.118 0.118 0.1405 0.1405 0.1175 0.1175 0.1175 0.109 0.109 0.1225 0.1225
0.103 0.1005 0.1005 0.0675 0.0675 0.0675 0.06 0.06 0.083 0.083 0.1045 0.1045 0.094 0.094 0.094 0.1075 0.1075 0.101 0.101 0.1065 0.1065 0.1065 0.1205 0.1205 0.156 0.156 0.1945 0.1945 0.1945 0.1605 0.1605 0.1945 0.1945 0.1875 0.1875 0.1875 0.1735 0.1735 0.144 0.144 0.1425 0.1425 0.1425 0.165 0.165 0.172 0.172 0.171 0.171 0.1685 0.1685 0.1685 0.1665 0.1665 0.159 0.159 0.15 0.15 0.15 0.1465 0.1465 0.1675 0.1675 0.1425 0.1425 0.1425 0.118 0.118 0.1405 0.1405 0.1175 0.1175 0.1175 0.109 0.109 0.1225 0.1225
0.103 0.1005 0.1005 0.0675 0.0675 0.0675 0.06 0.06 0.083 0.083 0.1045 0.1045 0.094 0.094 0.094 0.1075 0.1075 0.101 0.101 0.1065 0.1065 0.1065 0.1205 0.1205 0.156 0.156 0.1945 0.1945 0.1945 0.1605 0.1605 0.1945 0.1945 0.1875 0.1875 0.1875 0.1735 0.1735 0.144 0.144 0.1425 0.1425 0.1425 0.165 0.165 0.172 0.172 0.171 0.171 0.1685 0.1685 0.1685 0.1665 0.1665 0.159 0.159 0.15 0.15 0.15 0.1465 0.1465 0.1675 0.1675 0.1425 0.1425 0.1425 0.118 0.118 0.1405 0.1405 0.1175 0.1175 0.1175 0.109 0.109 0.1225 0.1225
0.098 0.156 0.156 0.1095 0.1095 0.1095 0.098 0.098 0.099 0.099 0.1535 0.1535 0.1235 0.1235 0.1235 0.1055 0.1055 0.1875 0.1875 0.179 0.179 0.179 0.1285 0.1285 0.182 0.182 0.192 0.192 0.192 0.206 0.206 0.2085 0.2085 0.1975 0.1975 0.1975 0.1645 0.1645 0.1605 0.1605 0.155 0.155 0.155 0.168 0.168 0.141 0.141 0.1515 0.1515 0.142 0.142 0.142 0.143 0.143 0.1505 0.1505 0.15 0.15 0.15 0.147 0.147 0.1565 0.1565 0.146 0.146 0.146 0.117 0.117 0.13 0.13 0.123 0.123 0.123 0.124 0.124 0.112 0.112
0.098 0.156 0.156 0.1095 0.1095 0.1095 0.098 0.098 0.099 0.099 0.1535 0.1535 0.1235 0.1235 0.1235 0.1055 0.1055 0.1875 0.1875 0.179 0.179 0.179 0.1285 0.1285 0.182 0.182 0.192 0.192 0.192 0.206 0.206 0.2085 0.2085 0.1975 0.1975 0.1975 0.1645 0.1645 0.1605 0.1605 0.155 0.155 0.155 0.168 0.168 0.141 0.141 0.1515 0.1515 0.142 0.142 0.142 0.143 0.143 0.1505 0.1505 0.15 0.15 0.15 0.147 0.147 0.1565 0.1565 0.146 0.146 0.146 0.117 0.117 0.13 0.13 0.123 0.123 0.123 0.124 0.124 0.112 0.112
0.1865 0.1425 0.1425 0.1595 0.1595 0.1595 0.165 0.165 0.182 0.182 0.1975 0.1975 0.218 0.218 0.218 0.2295 0.2295 0.224 0.224 0.2115 0.2115 0.2115 0.211 0.211 0.2015 0.2015 0.2055 0.2055 0.2055 0.1965 0.1965 0.197 0.197 0.203 0.203 0.203 0.1825 0.1825 0.1555 0.1555 0.189 0.189 0.189 0.1805 0.1805 0.1555 0.1555 0.145 0.145 0.1455 0.1455 0.1455 0.116 0.116 0.134 0.134 0.1355 0.1355 0.1355 0.124 0.124 0.1405 0.1405 0.1335 0.1335 0.1335 0.1265 0.1265 0.133 0.133 0.1305 0.1305 0.1305 0.1335 0.1335 0.1185 0.1185
0.1865 0.1425 0.1425 0.1595 0.1595 0.1595 0.165 0.165 0.182 0.182 0.1975 0.1975 0.218 0.218 0.218 0.2295 0.2295 0.224 0.224 0.2115 0.2115 0.2115 0.211 0.211 0.2015 0.2015 0.2055 0.2055 0.2055 0.1965 0.1965 0.197 0.197 0.203 0.203 0.203 0.1825 0.1825 0.1555 0.1555 0.189 0.189 0.189 0.1805 0.1805 0.1555 0.1555 0.145 0.145 0.1455 0.1455 0.1455 0.116 0.116 0.134 0.134 0.1355 0.1355 0.1355 0.124 0.124 0.1405 0.1405 0.1335 0.1335 0.1335 0.1265 0.1265 0.133 0.133 0.1305 0.1305 0.1305 0.1335 0.1335 0.1185 0.1185
0.152 0.167 0.167 0.1945 0.1945 0.1945 0.249 0.249 0.1965 0.1965 0.2095 0.2095 0.223 0.223 0.223 0.2075 0.2075 0.233 0.233 0.2065 0.2065 0.2065 0.209 0.209 0.218 0.218 0.21 0.21 0.21 0.1965 0.1965 0.2015 0.2015 0.2045 0.2045 0.2045 0.194 0.194 0.193 0.193 0.1985 0.1985 0.1985 0.206 0.206 0.162 0.162 0.1885 0.1885 0.156 0.156 0.156 0.1605 0.1605 0.143 0.143 0.1505 0.1505 0.1505 0.1575 0.1575 0.1505 0.1505 0.156 0.156 0.156 0.1345 0.1345 0.142 0.142 0.1315 0.1315 0.1315 0.138 0.138 0.1205 0.1205
0.152 0.167 0.167 0.1945 0.1945 0.1945 0.249 0.249 0.1965 0.1965 0.2095 0.2095 0.223 0.223 0.223 0.2075 0.2075 0.233 0.233 0.2065 0.2065 0.2065 0.209 0.209 0.218 0.218 0.21 0.21 0.21 0.1965 0.1965 0.2015 0.2015 0.2045 0.2045 0.2045 0.194 0.194 0.193 0.193 0.1985 0.1985 0.1985 0.206 0.206 0.162 0.162 0.1885 0.1885 0.156 0.156 0.156 0.1605 0.1605 0.143 0.143 0.1505 0.1505 0.1505 0.1575 0.1575 0.1505 0.1505 0.156 0.156 0.156 0.1345 0.1345 0.142 0.142 0.1315 0.1315 0.1315 0.138 0.138 0.1205 0.1205
0.152 0.167 0.167 0.1945 0.1945 0.1945 0.249 0.249 0.1965 0.1965 0.2095 0.2095 0.223 0.223 0.223 0.2075 0.2075 0.233 0.233 0.2065 0.2065 0.2065 0.209 0.209 0.218 0.218 0.21 0.21 0.21 0.1965 0.1965 0.2015 0.2015 0.2045 0.2045 0.2045 0.194 0.194 0.193 0.193 0.1985 0.1985 0.1985 0.206 0.206 0.162 0.162 0.1885 0.1885 0.156 0.156 0.156 0.1605 0.1605 0.143 0.143 0.1505 0.1505 0.1505 0.1575 0.1575 0.1505 0.1505 0.156 0.156 0.156 0.1345 0.1345 0.142 0.142 0.1315 0.1315 0.1315 0.138 0.138 0.1205 0.1205
0.1305 0.138 0.138 0.2005 0.2005 0.2005 0.2395 0.2395 0.2665 0.2665 0.237 0.237 0.2095 0.2095 0.2095 0.213 0.213 0.213 0.213 0.2235 0.2235 0.2235 0.2235 0.2235 0.2365 0.2365 0.224 0.224 0.224 0.218 0.218 0.2 0.2 0.203 0.203 0.203 0.215 0.215 0.207 0.207 0.2025 0.2025 0.2025 0.187 0.187 0.1735 0.1735 0.1375 0.1375 0.1545 0.1545 0.1545 0.135 0.135 0.1685 0.1685 0.17 0.17 0.17 0.184 0.184 0.1815 0.1815 0.1845 0.1845 0.1845 0.158 0.158 0.1275 0.1275 0.135 0.135 0.135 0.142 0.142 0.133 0.133
0.1305 0.138 0.138 0.2005 0.2005 0.2005 0.2395 0.2395 0.2665 0.2665 0.237 0.237 0.2095 0.2095 0.2095 0.213 0.213 0.213 0.213 0.2235 0.2235 0.2235 0.2235 0.2235 0.2365 0.2365 0.224 0.224 0.224 0.218 0.218 0.2 0.2 0.203 0.203 0.203 0.215 0.215 0.207 0.207 0.2025 0.2025 0.2025 0.187 0.187 0.1735 0.1735 0.1375 0.1375 0.1545 0.1545 0.1545 0.135 0.135 0.1685 0.1685 0.17 0.17 0.17 0.184 0.184 0.1815 0.1815 0.1845 0.1845 0.1845 0.158 0.158 0.1275 0.1275 0.135 0.135 0.135 0.142 0.142 0.133 0.133
0.1285 0.139 0.139 0.212 0.212 0.212 0.25 0.25 0.2745 0.2745 0.2115 0.2115 0.2215 0.2215 0.2215 0.205 0.205 0.212 0.212 0.2285 0.2285 0.2285 0.2015 0.2015 0.259 0.259 0.245 0.245 0.245 0.241 0.241 0.2425 0.2425 0.2355 0.2355 0.2355 0.233 0.233 0.213 0.213 0.164 0.164 0.164 0.1985 0.1985 0.2045 0.2045 0.173 0.173 0.1655 0.1655 0.1655 0.1515 0.1515 0.145 0.145 0.1585 0.1585 0.1585 0.1655 0.1655 0.192 0.192 0.1695 0.1695 0.1695 0.1415 0.1415 0.144 0.144 0.1725 0.1725 0.1725 0.1685 0.1685 0.1575 0.1575
0.1285 0.139 0.139 0.212 0.212 0.212 0.25 0.25 0.2745 0.2745 0.2115 0.2115 0.2215 0.2215 0.2215 0.205 0.205 0.212 0.212 0.2285 0.2285 0.2285 0.2015 0.2015 0.259 0.259 0.245 0.245 0.245 0.241 0.241 0.2425 0.2425 0.2355 0.2355 0.2355 0.233 0.233 0.213 0.213 0.164 0.164 0.164 0.1985 0.1985 0.2045 0.2045 0.173 0.173 0.1655 0.1655 0.1655 0.1515 0.1515 0.145 0.145 0.1585 0.1585 0.1585 0.1655 0.1655 0.192 0.192 0.1695 0.1695 0.1695 0.1415 0.1415 0.144 0.144 0.1725 0.1725 0.1725 0.1685 0.1685 0.1575 0.1575
0.0975 0.1255 0.1255 0.243 0.243 0.243 0.264 0.264 0.237 0.237 0.2255 0.2255 0.213 0.213 0.213 0.217 0.217 0.2395 0.2395 0.2465 0.2465 0.2465 0.244 0.244 0.2595 0.2595 0.246 0.246 0.246 0.2595 0.2595 0.2515 0.2515 0.2505 0.2505 0.2505 0.237 0.237 0.239 0.239 0.214 0.214 0.214 0.205 0.205 0.192 0.192 0.2165 0.2165 0.199 0.199 0.199 0.178 0.178 0.174 0.174 0.1755 0.1755 0.1755 0.1785 0.1785 0.1935 0.1935 0.1845 0.1845 0.1845 0.1505 0.1505 0.1405 0.1405 0.16 0.16 0.16 0.167 0.167 0.17 0.17
0.0975 0.1255 0.1255 0.243 0.243 0.243 0.264 0.264 0.237 0.237 0.2255 0.2255 0.213 0.213 0.213 0.217 0.217 0.2395 0.2395 0.2465 0.2465 0.2465 0.244 0.244 0.2595 0.2595 0.246 0.246 0.246 0.2595 0.2595 0.2515 0.2515 0.2505 0.2505 0.2505 0.237 0.237 0.239 0.239 0.214 0.214 0.214 0.205 0.205 0.192 0.192 0.2165 0.2165 0.199 0.199 0.199 0.178 0.178 0.174 0.174 0.1755 0.1755 0.1755 0.1785 0.1785 0.1935 0.1935 0.1845 0.1845 0.1845 0.1505 0.1505 0.1405 0.1405 0.16 0.16 0.16 0.167 0.167 0.17 0.17
0.095 0.156 0.156 0.174 0.174 0.174 0.18 0.18 0.196 0.196 0.217 0.217 0.2 0.2 0.2 0.1795 0.1795 0.249 0.249 0.2565 0.2565 0.2565 0.2385 0.2385 0.2535 0.2535 0.2615 0.2615 0.2615 0.235 0.235 0.243 0.243 0.249 0.249 0.249 0.2475 0.2475 0.224 0.224 0.2215 0.2215 0.2215 0.2075 0.2075 0.1795 0.1795 0.22 0.22 0.2 0.2 0.2 0.1815 0.1815 0.153 0.153 0.162 0.162 0.162 0.1705 0.1705 0.213 0.213 0.169 0.169 0.169 0.151 0.151 0.1375 0.1375 0.155 0.155 0.155 0.168 0.168 0.1275 0.1275
0.095 0.156 0.156 0.174 0.174 0.174 0.18 0.18 0.196 0.196 0.217 0.217 0.2 0.2 0.2 0.1795 0.1795 0.249 0.249 0.2565 0.2565 0.2565 0.2385 0.2385 0.2535 0.2535 0.2615 0.2615 0.2615 0.235 0.235 0.243 0.243 0.249 0.249 0.249 0.2475 0.2475 0.224 0.224 0.2215 0.2215 0.2215 0.2075 0.2075 0.1795 0.1795 0.22 0.22 0.2 0.2 0.2 0.1815 0.1815 0.153 0.153 0.162 0.162 0.162 0.1705 0.1705 0.213 0.213 0.169 0.169 0.169 0.151 0.151 0.1375 0.1375 0.155 0.155 0.155 0.168 0.168 0.1275 0.1275
0.095 0.156 0.156 0.174 0.174 0.174 0.18 0.18 0.196 0.196 0.217 0.217 0.2 0.2 0.2 0.1795 0.1795 0.249 0.249 0.2565 0.2565 0.2565 0.2385 0.2385 0.2535 0.2535 0.2615 0.2615 0.2615 0.235 0.235 0.243 0.243 0.249 0.249 0.249 0.2475 0.2475 0.224 0.224 0.2215 0.2215 0.2215 0.2075 0.2075 0.1795 0.1795 0.22 0.22 0.2 0.2 0.2 0.1815 0.1815 0.153 0.153 0.162 0.162 0.162 0.1705 0.1705 0.213 0.213 0.169 0.169 0.169 0.151 0.151 0.1375 0.1375 0.155 0.155 0.155 0.168 0.168 0.1275 0.1275
0.1055 0.1015 0.1015 0.144 0.144 0.144 0.191 0.191 0.202 0.202 0.196 0.196 0.191 0.191 0.191 0.215 0.215 0.255 0.255 0.257 0.257 0.257 0.265 0.265 0.2355 0.2355 0.216 0.216 0.216 0.2395 0.2395 0.2655 0.2655 0.2615 0.2615 0.2615 0.253 0.253 0.251 0.251 0.2015 0.2015 0.2015 0.225 0.225 0.2065 0.2065 0.196 0.196 0.157 0.157 0.157 0.1725 0.1725 0.1435 0.1435 0.1605 0.1605 0.1605 0.209 0.209 0.214 0.214 0.1745 0.1745 0.1745 0.149 0.149 0.1325 0.1325 0.1365 0.1365 0.1365 0.1245 0.1245 0.142 0.142
0.1055 0.1015 0.1015 0.144 0.144 0.144 0.191 0.191 0.202 0.202 0.196 0.196 0.191 0.191 0.191 0.215 0.215 0.255 0.255 0.257 0.257 0.257 0.265 0.265 0.2355 0.2355 0.216 0.216 0.216 0.2395 0.2395 0.2655 0.2655 0.2615 0.2615 0.2615 0.253 0.253 0.251 0.251 0.2015 0.2015 0.2015 0.225 0.225 0.2065 0.2065 0.196 0.196 0.157 0.157 0.157 0.1725 0.1725 0.1435 0.1435 0.1605 0.1605 0.1605 0.209 0.209 0.214 0.214 0.1745 0.1745 0.1745 0.149 0.149 0.1325 0.1325 0.1365 0.1365 0.1365 0.1245 0.1245 0.142 0.142
0.113 0.1335 0.1335 0.1285 0.1285 0.1285 0.1105 0.1105 0.1665 0.1665 0.1735 0.1735 0.188 0.188 0.188 0.2485 0.2485 0.264 0.264 0.2675 0.2675 0.2675 0.2575 0.2575 0.265 0.265 0.2325 0.2325 0.2325 0.236 0.236 0.266 0.266 0.2775 0.2775 0.2775 0.296 0.296 0.273 0.273 0.2475 0.2475 0.2475 0.2505 0.2505 0.258 0.258 0.2265 0.2265 0.201 0.201 0.201 0.243 0.243 0.2175 0.2175 0.1855 0.1855 0.1855 0.177 0.177 0.191 0.191 0.2335 0.2335 0.2335 0.2025 0.2025 0.148 0.148 0.16 0.16 0.16 0.147 0.147 0.158 0.158
0.113 0.1335 0.1335 0.1285 0.1285 0.1285 0.1105 0.1105 0.1665 0.1665 0.1735 0.1735 0.188 0.188 0.188 0.2485 0.2485 0.264 0.264 0.2675 0.2675 0.2675 0.2575 0.2575 0.265 0.265 0.2325 0.2325 0.2325 0.236 0.236 0.266 0.266 0.2775 0.2775 0.2775 0.296 0.296 0.273 0.273 0.2475 0.2475 0.2475 0.2505 0.2505 0.258 0.258 0.2265 0.2265 0.201 0.201 0.201 0.243 0.243 0.2175 0.2175 0.1855 0.1855 0.1855 0.177 0.177 0.191 0.191 0.2335 0.2335 0.2335 0.2025 0.2025 0.148 0.148 0.16 0.16 0.16 0.147 0.147 0.158 0.158
0.137 0.1275 0.1275 0.149 0.149 0.149 0.1355 0.1355 0.1785 0.1785 0.1945 0.1945 0.214 0.214 0.214 0.2595 0.2595 0.2815 0.2815 0.283 0.283 0.283 0.2655 0.2655 0.2775 0.2775 0.229 0.229 0.229 0.221 0.221 0.295 0.295 0.301 0.301 0.301 0.3055 0.3055 0.2885 0.2885 0.2815 0.2815 0.2815 0.2695 0.2695 0.2545 0.2545 0.2465 0.2465 0.2655 0.2655 0.2655 0.2935 0.2935 0.293 0.293 0.243 0.243 0.243 0.1775 0.1775 0.2155 0.2155 0.2405 0.2405 0.2405 0.231 0.231 0.2045 0.2045 0.187 0.187 0.187 0.197 0.197 0.186 0.186
0.137 0.1275 0.1275 0.149 0.149 0.149 0.1355 0.1355 0.1785 0.1785 0.1945 0.1945 0.214 0.214 0.214 0.2595 0.2595 0.2815 0.2815 0.283 0.283 0.283 0.2655 0.2655 0.2775 0.2775 0.229 0.229 0.229 0.221 0.221 0.295 0.295 0.301 0.301 0.301 0.3055 0.3055 0.2885 0.2885 0.2815 0.2815 0.2815 0.2695 0.2695 0.2545 0.2545 0.2465 0.2465 0.2655 0.2655 0.2655 0.2935 0.2935 0.293 0.293 0.243 0.243 0.243 0.1775 0.1775 0.2155 0.2155 0.2405 0.2405 0.2405 0.231 0.231 0.2045 0.2045 0.187 0.187 0.187 0.197 0.197 0.186 0.186
0.137 0.1275 0.1275 0.149 0.149 0.149 0.1355 0.1355 0.1785 0.1785 0.1945 0.1945 0.214 0.214 0.214 0.2595 0.2595 0.2815 0.2815 0.283 0.283 0.283 0.2655 0.2655 0.2775 0.2775 0.229 0.229 0.229 0.221 0.221 0.295 0.295 0.301 0.301 0.301 0.3055 0.3055 0.2885 0.2885 0.2815 0.2815 0.2815 0.2695 0.2695 0.2545 0.2545 0.2465 0.2465 0.2655 0.2655 0.2655 0.2935 0.2935 0.293 0.293 0.243 0.243 0.243 0.1775 0.1775 0.2155 0.2155 0.2405 0.2405 0.2405 0.231 0.231 0.2045 0.2045 0.187 0.187 0.187 0.197 0.197 0.186 0.186
0.177 0.121 0.121 0.1945 0.1945 0.1945 0.176 0.176 0.192 0.192 0.2265 0.2265 0.246 0.246 0.246 0.2875 0.2875 0.2975 0.2975 0.305 0.305 0.305 0.284 0.284 0.312 0.312 0.26 0.26 0.26 0.328 0.328 0.3345 0.3345 0.3245 0.3245 0.3245 0.3165 0.3165 0.2765 0.2765 0.275 0.275 0.275 0.272 0.272 0.27 0.27 0.2545 0.2545 0.276 0.276 0.276 0.2905 0.2905 0.2985 0.2985 0.2895 0.2895 0.2895 0.2755 0.2755 0.2565 0.2565 0.2155 0.2155 0.2155 0.222 0.222 0.2725 0.2725 0.224 0.224 0.224 0.219 0.219 0.246 0.246
0.177 0.121 0.121 0.1945 0.1945 0.1945 0.176 0.176 0.192 0.192 0.2265 0.2265 0.246 0.246 0.246 0.2875 0.2875 0.2975 0.2975 0.305 0.305 0.305 0.284 0.284 0.312 0.312 0.26 0.26 0.26 0.328 0.328 0.3345 0.3345 0.3245 0.3245 0.3245 0.3165 0.3165 0.2765 0.2765 0.275 0.275 0.275 0.272 0.272 0.27 0.27 0.2545 0.2545 0.276 0.276 0.276 0.2905 0.2905 0.2985 0.2985 0.2895 0.2895 0.2895 0.2755 0.2755 0.2565 0.2565 0.2155 0.2155 0.2155 0.222 0.222 0.2725 0.2725 0.224 0.224 0.224 0.219 0.219 0.246 0.246
0.161 0.1535 0.1535 0.1725 0.1725 0.1725 0.158 0.158 0.193 0.193 0.2405 0.2405 0.2785 0.2785 0.2785 0.279 0.279 0.2635 0.2635 0.289 0.289 0.289 0.29 0.29 0.2655 0.2655 0.3365 0.3365 0.3365 0.3425 0.3425 0.315 0.315 0.2895 0.2895 0.2895 0.297 0.297 0.279 0.279 0.264 0.264 0.264 0.2975 0.2975 0.277 0.277 0.2895 0.2895 0.2805 0.2805 0.2805 0.2805 0.2805 0.285 0.285 0.3105 0.3105 0.3105 0.3015 0.3015 0.2545 0.2545 0.255 0.255 0.255 0.281 0.281 0.275 0.275 0.2365 0.2365 0.2365 0.264 0.264 0.201 0.201
