ndvi/NOAA-377.asc
ncols         252
nrows         154
xllcorner     -18.017974
yllcorner     13.481982
cellsize      0.035948
NODATA_value  -9999
[rows 68 to 101 of 154, columns 154 to 230 of 252]
0.1265 0.149 0.149 0.131 0.131 0.131 0.142 0.142 0.172 0.172 0.177 0.177 0.172 0.172 0.172 0.211 0.211 0.2415 0.2415 0.246 0.246 0.246 0.2155 0.2155 0.215 0.215 0.1965 0.1965 0.1965 0.1915 0.1915 0.2155 0.2155 0.2205 0.2205 0.2205 0.201 0.201 0.193 0.193 0.198 0.198 0.198 0.204 0.204 0.1925 0.1925 0.1875 0.1875 0.206 0.206 0.206 0.2035 0.2035 0.2105 0.2105 0.234 0.234 0.234 0.218 0.218 0.211 0.211 0.204 0.204 0.204 0.213 0.213 0.2085 0.2085 0.2195 0.2195 0.2195 0.213 0.213 0.206 0.206
0.167 0.158 0.158 0.1835 0.1835 0.1835 0.18 0.18 0.142 0.142 0.1795 0.1795 0.209 0.209 0.209 0.226 0.226 0.2295 0.2295 0.226 0.226 0.226 0.213 0.213 0.2195 0.2195 0.221 0.221 0.221 0.228 0.228 0.2145 0.2145 0.2135 0.2135 0.2135 0.194 0.194 0.187 0.187 0.205 0.205 0.205 0.207 0.207 0.194 0.194 0.1965 0.1965 0.202 0.202 0.202 0.1835 0.1835 0.2165 0.2165 0.238 0.238 0.238 0.2345 0.2345 0.2415 0.2415 0.192 0.192 0.192 0.192 0.192 0.2135 0.2135 0.2225 0.2225 0.2225 0.2035 0.2035 0.212 0.212
0.167 0.158 0.158 0.1835 0.1835 0.1835 0.18 0.18 0.142 0.142 0.1795 0.1795 0.209 0.209 0.209 0.226 0.226 0.2295 0.2295 0.226 0.226 0.226 0.213 0.213 0.2195 0.2195 0.221 0.221 0.221 0.228 0.228 0.2145 0.2145 0.2135 0.2135 0.2135 0.194 0.194 0.187 0.187 0.205 0.205 0.205 0.207 0.207 0.194 0.194 0.1965 0.1965 0.202 0.202 0.202 0.1835 0.1835 0.2165 0.2165 0.238 0.238 0.238 0.2345 0.2345 0.2415 0.2415 0.192 0.192 0.192 0.192 0.192 0.2135 0.2135 0.2225 0.2225 0.2225 0.2035 0.2035 0.212 0.212
0.1685 0.177 0.177 0.201 0.201 0.201 0.2065 0.2065 0.1275 0.1275 0.179 0.179 0.196 0.196 0.196 0.2165 0.2165 0.2235 0.2235 0.2045 0.2045 0.2045 0.1955 0.1955 0.2085 0.2085 0.228 0.228 0.228 0.2405 0.2405 0.231 0.231 0.2095 0.2095 0.2095 0.191 0.191 0.191 0.191 0.2005 0.2005 0.2005 0.202 0.202 0.182 0.182 0.1965 0.1965 0.2055 0.2055 0.2055 0.212 0.212 0.2315 0.2315 0.2235 0.2235 0.2235 0.233 0.233 0.215 0.215 0.2125 0.2125 0.2125 0.2095 0.2095 0.201 0.201 0.185 0.185 0.185 0.2055 0.2055 0.2315 0.2315
0.1685 0.177 0.177 0.201 0.201 0.201 0.2065 0.2065 0.1275 0.1275 0.179 0.179 0.196 0.196 0.196 0.2165 0.2165 0.2235 0.2235 0.2045 0.2045 0.2045 0.1955 0.1955 0.2085 0.2085 0.228 0.228 0.228 0.2405 0.2405 0.231 0.231 0.2095 0.2095 0.2095 0.191 0.191 0.191 0.191 0.2005 0.2005 0.2005 0.202 0.202 0.182 0.182 0.1965 0.1965 0.2055 0.2055 0.2055 0.212 0.212 0.2315 0.2315 0.2235 0.2235 0.2235 0.233 0.233 0.215 0.215 0.2125 0.2125 0.2125 0.2095 0.2095 0.201 0.201 0.185 0.185 0.185 0.2055 0.2055 0.2315 0.2315
0.1685 0.177 0.177 0.201 0.201 0.201 0.2065 0.2065 0.1275 0.1275 0.179 0.179 0.196 0.196 0.196 0.2165 0.2165 0.2235 0.2235 0.2045 0.2045 0.2045 0.1955 0.1955 0.2085 0.2085 0.228 0.228 0.228 0.2405 0.2405 0.231 0.231 0.2095 0.2095 0.2095 0.191 0.191 0.191 0.191 0.2005 0.2005 0.2005 0.202 0.202 0.182 0.182 0.1965 0.1965 0.2055 0.2055 0.2055 0.212 0.212 0.2315 0.2315 0.2235 0.2235 0.2235 0.233 0.233 0.215 0.215 0.2125 0.2125 0.2125 0.2095 0.2095 0.201 0.201 0.185 0.185 0.185 0.2055 0.2055 0.2315 0.2315
0.1575 0.1795 0.1795 0.1955 0.1955 0.1955 0.182 0.182 0.142 0.142 0.1785 0.1785 0.1795 0.1795 0.1795 0.197 0.197 0.2175 0.2175 0.199 0.199 0.199 0.1925 0.1925 0.2 0.2 0.1965 0.1965 0.1965 0.212 0.212 0.211 0.211 0.221 0.221 0.221 0.231 0.231 0.2325 0.2325 0.2295 0.2295 0.2295 0.221 0.221 0.214 0.214 0.2135 0.2135 0.213 0.213 0.213 0.2265 0.2265 0.22 0.22 0.2185 0.2185 0.2185 0.2255 0.2255 0.2315 0.2315 0.2215 0.2215 0.2215 0.2065 0.2065 0.195 0.195 0.173 0.173 0.173 0.187 0.187 0.2165 0.2165
0.1575 0.1795 0.1795 0.1955 0.1955 0.1955 0.182 0.182 0.142 0.142 0.1785 0.1785 0.1795 0.1795 0.1795 0.197 0.197 0.2175 0.2175 0.199 0.199 0.199 0.1925 0.1925 0.2 0.2 0.1965 0.1965 0.1965 0.212 0.212 0.211 0.211 0.221 0.221 0.221 0.231 0.231 0.2325 0.2325 0.2295 0.2295 0.2295 0.221 0.221 0.214 0.214 0.2135 0.2135 0.213 0.213 0.213 0.2265 0.2265 0.22 0.22 0.2185 0.2185 0.2185 0.2255 0.2255 0.2315 0.2315 0.2215 0.2215 0.2215 0.2065 0.2065 0.195 0.195 0.173 0.173 0.173 0.187 0.187 0.2165 0.2165
0.1175 0.1735 0.1735 0.1755 0.1755 0.1755 0.1545 0.1545 0.184 0.184 0.165 0.165 0.1825 0.1825 0.1825 0.205 0.205 0.224 0.224 0.222 0.222 0.222 0.223 0.223 0.199 0.199 0.194 0.194 0.194 0.2135 0.2135 0.222 0.222 0.2275 0.2275 0.2275 0.221 0.221 0.2255 0.2255 0.224 0.224 0.224 0.2185 0.2185 0.228 0.228 0.219 0.219 0.2265 0.2265 0.2265 0.227 0.227 0.2305 0.2305 0.2375 0.2375 0.2375 0.2275 0.2275 0.2315 0.2315 0.227 0.227 0.227 0.2255 0.2255 0.182 0.182 0.183 0.183 0.183 0.1845 0.1845 0.22 0.22
0.1175 0.1735 0.1735 0.1755 0.1755 0.1755 0.1545 0.1545 0.184 0.184 0.165 0.165 0.1825 0.1825 0.1825 0.205 0.205 0.224 0.224 0.222 0.222 0.222 0.223 0.223 0.199 0.199 0.194 0.194 0.194 0.2135 0.2135 0.222 0.222 0.2275 0.2275 0.2275 0.221 0.221 0.2255 0.2255 0.224 0.224 0.224 0.2185 0.2185 0.228 0.228 0.219 0.219 0.2265 0.2265 0.2265 0.227 0.227 0.2305 0.2305 0.2375 0.2375 0.2375 0.2275 0.2275 0.2315 0.2315 0.227 0.227 0.227 0.2255 0.2255 0.182 0.182 0.183 0.183 0.183 0.1845 0.1845 0.22 0.22
0.121 0.146 0.146 0.1615 0.1615 0.1615 0.1405 0.1405 0.142 0.142 0.1615 0.1615 0.192 0.192 0.192 0.1915 0.1915 0.1925 0.1925 0.2005 0.2005 0.2005 0.204 0.204 0.2085 0.2085 0.2035 0.2035 0.2035 0.2205 0.2205 0.2055 0.2055 0.2115 0.2115 0.2115 0.2125 0.2125 0.223 0.223 0.223 0.223 0.223 0.2175 0.2175 0.2205 0.2205 0.209 0.209 0.2405 0.2405 0.2405 0.2265 0.2265 0.2265 0.2265 0.2195 0.2195 0.2195 0.2295 0.2295 0.2355 0.2355 0.24 0.24 0.24 0.239 0.239 0.233 0.233 0.2195 0.2195 0.2195 0.1935 0.1935 0.212 0.212
0.121 0.146 0.146 0.1615 0.1615 0.1615 0.1405 0.1405 0.142 0.142 0.1615 0.1615 0.192 0.192 0.192 0.1915 0.1915 0.1925 0.1925 0.2005 0.2005 0.2005 0.204 0.204 0.2085 0.2085 0.2035 0.2035 0.2035 0.2205 0.2205 0.2055 0.2055 0.2115 0.2115 0.2115 0.2125 0.2125 0.223 0.223 0.223 0.223 0.223 0.2175 0.2175 0.2205 0.2205 0.209 0.209 0.2405 0.2405 0.2405 0.2265 0.2265 0.2265 0.2265 0.2195 0.2195 0.2195 0.2295 0.2295 0.2355 0.2355 0.24 0.24 0.24 0.239 0.239 0.233 0.233 0.2195 0.2195 0.2195 0.1935 0.1935 0.212 0.212
0.104 0.1265 0.1265 0.144 0.144 0.144 0.145 0.145 0.1335 0.1335 0.1585 0.1585 0.1905 0.1905 0.1905 0.2015 0.2015 0.204 0.204 0.229 0.229 0.229 0.214 0.214 0.2115 0.2115 0.2215 0.2215 0.2215 0.2115 0.2115 0.202 0.202 0.2035 0.2035 0.2035 0.212 0.212 0.2085 0.2085 0.2075 0.2075 0.2075 0.1935 0.1935 0.2105 0.2105 0.2015 0.2015 0.2215 0.2215 0.2215 0.234 0.234 0.2315 0.2315 0.2395 0.2395 0.2395 0.228 0.228 0.239 0.239 0.235 0.235 0.235 0.2515 0.2515 0.2615 0.2615 0.211 0.211 0.211 0.2365 0.2365 0.216 0.216
0.104 0.1265 0.1265 0.144 0.144 0.144 0.145 0.145 0.1335 0.1335 0.1585 0.1585 0.1905 0.1905 0.1905 0.2015 0.2015 0.204 0.204 0.229 0.229 0.229 0.214 0.214 0.2115 0.2115 0.2215 0.2215 0.2215 0.2115 0.2115 0.202 0.202 0.2035 0.2035 0.2035 0.212 0.212 0.2085 0.2085 0.2075 0.2075 0.2075 0.1935 0.1935 0.2105 0.2105 0.2015 0.2015 0.2215 0.2215 0.2215 0.234 0.234 0.2315 0.2315 0.2395 0.2395 0.2395 0.228 0.228 0.239 0.239 0.235 0.235 0.235 0.2515 0.2515 0.2615 0.2615 0.211 0.211 0.211 0.2365 0.2365 0.216 0.216
0.104 0.1265 0.1265 0.144 0.144 0.144 0.145 0.145 0.1335 0.1335 0.1585 0.1585 0.1905 0.1905 0.1905 0.2015 0.2015 0.204 0.204 0.229 0.229 0.229 0.214 0.214 0.2115 0.2115 0.2215 0.2215 0.2215 0.2115 0.2115 0.202 0.202 0.2035 0.2035 0.2035 0.212 0.212 0.2085 0.2085 0.2075 0.2075 0.2075 0.1935 0.1935 0.2105 0.2105 0.2015 0.2015 0.2215 0.2215 0.2215 0.234 0.234 0.2315 0.2315 0.2395 0.2395 0.2395 0.228 0.228 0.239 0.239 0.235 0.235 0.235 0.2515 0.2515 0.2615 0.2615 0.211 0.211 0.211 0.2365 0.2365 0.216 0.216
0.1325 0.148 0.148 0.1545 0.1545 0.1545 0.1485 0.1485 0.148 0.148 0.199 0.199 0.2005 0.2005 0.2005 0.2155 0.2155 0.222 0.222 0.2215 0.2215 0.2215 0.2105 0.2105 0.216 0.216 0.187 0.187 0.187 0.2065 0.2065 0.1965 0.1965 0.2055 0.2055 0.2055 0.1995 0.1995 0.1995 0.1995 0.1835 0.1835 0.1835 0.183 0.183 0.194 0.194 0.2215 0.2215 0.239 0.239 0.239 0.2255 0.2255 0.2285 0.2285 0.2305 0.2305 0.2305 0.229 0.229 0.218 0.218 0.2325 0.2325 0.2325 0.2525 0.2525 0.242 0.242 0.22 0.22 0.22 0.2285 0.2285 0.23 0.23
0.1325 0.148 0.148 0.1545 0.1545 0.1545 0.1485 0.1485 0.148 0.148 0.199 0.199 0.2005 0.2005 0.2005 0.2155 0.2155 0.222 0.222 0.2215 0.2215 0.2215 0.2105 0.2105 0.216 0.216 0.187 0.187 0.187 0.2065 0.2065 0.1965 0.1965 0.2055 0.2055 0.2055 0.1995 0.1995 0.1995 0.1995 0.1835 0.1835 0.1835 0.183 0.183 0.194 0.194 0.2215 0.2215 0.239 0.239 0.239 0.2255 0.2255 0.2285 0.2285 0.2305 0.2305 0.2305 0.229 0.229 0.218 0.218 0.2325 0.2325 0.2325 0.2525 0.2525 0.242 0.242 0.22 0.22 0.22 0.2285 0.2285 0.23 0.23
0.1515 0.161 0.161 0.1525 0.1525 0.1525 0.1665 0.1665 0.1735 0.1735 0.187 0.187 0.2045 0.2045 0.2045 0.203 0.203 0.2305 0.2305 0.2275 0.2275 0.2275 0.2175 0.2175 0.204 0.204 0.196 0.196 0.196 0.223 0.223 0.205 0.205 0.2045 0.2045 0.2045 0.199 0.199 0.2015 0.2015 0.192 0.192 0.192 0.186 0.186 0.2085 0.2085 0.218 0.218 0.221 0.221 0.221 0.216 0.216 0.219 0.219 0.219 0.219 0.219 0.223 0.223 0.214 0.214 0.232 0.232 0.232 0.2275 0.2275 0.2235 0.2235 0.2155 0.2155 0.2155 0.217 0.217 0.2235 0.2235
0.1515 0.161 0.161 0.1525 0.1525 0.1525 0.1665 0.1665 0.1735 0.1735 0.187 0.187 0.2045 0.2045 0.2045 0.203 0.203 0.2305 0.2305 0.2275 0.2275 0.2275 0.2175 0.2175 0.204 0.204 0.196 0.196 0.196 0.223 0.223 0.205 0.205 0.2045 0.2045 0.2045 0.199 0.199 0.2015 0.2015 0.192 0.192 0.192 0.186 0.186 0.2085 0.2085 0.218 0.218 0.221 0.221 0.221 0.216 0.216 0.219 0.219 0.219 0.219 0.219 0.223 0.223 0.214 0.214 0.232 0.232 0.232 0.2275 0.2275 0.2235 0.2235 0.2155 0.2155 0.2155 0.217 0.217 0.2235 0.2235
0.125 0.1525 0.1525 0.161 0.161 0.161 0.178 0.178 0.1665 0.1665 0.202 0.202 0.2045 0.2045 0.2045 0.208 0.208 0.2265 0.2265 0.221 0.221 0.221 0.21 0.21 0.2205 0.2205 0.2025 0.2025 0.2025 0.1945 0.1945 0.206 0.206 0.199 0.199 0.199 0.1885 0.1885 0.1875 0.1875 0.19 0.19 0.19 0.201 0.201 0.2025 0.2025 0.204 0.204 0.2085 0.2085 0.2085 0.2125 0.2125 0.231 0.231 0.232 0.232 0.232 0.221 0.221 0.2105 0.2105 0.224 0.224 0.224 0.2195 0.2195 0.217 0.217 0.224 0.224 0.224 0.228 0.228 0.222 0.222
0.125 0.1525 0.1525 0.161 0.161 0.161 0.178 0.178 0.1665 0.1665 0.202 0.202 0.2045 0.2045 0.2045 0.208 0.208 0.2265 0.2265 0.221 0.221 0.221 0.21 0.21 0.2205 0.2205 0.2025 0.2025 0.2025 0.1945 0.1945 0.206 0.206 0.199 0.199 0.199 0.1885 0.1885 0.1875 0.1875 0.19 0.19 0.19 0.201 0.201 0.2025 0.2025 0.204 0.204 0.2085 0.2085 0.2085 0.2125 0.2125 0.231 0.231 0.232 0.232 0.232 0.221 0.221 0.2105 0.2105 0.224 0.224 0.224 0.2195 0.2195 0.217 0.217 0.224 0.224 0.224 0.228 0.228 0.222 0.222
0.125 0.1525 0.1525 0.161 0.161 0.161 0.178 0.178 0.1665 0.1665 0.202 0.202 0.2045 0.2045 0.2045 0.208 0.208 0.2265 0.2265 0.221 0.221 0.221 0.21 0.21 0.2205 0.2205 0.2025 0.2025 0.2025 0.1945 0.1945 0.206 0.206 0.199 0.199 0.199 0.1885 0.1885 0.1875 0.1875 0.19 0.19 0.19 0.201 0.201 0.2025 0.2025 0.204 0.204 0.2085 0.2085 0.2085 0.2125 0.2125 0.231 0.231 0.232 0.232 0.232 0.221 0.221 0.2105 0.2105 0.224 0.224 0.224 0.2195 0.2195 0.217 0.217 0.224 0.224 0.224 0.228 0.228 0.222 0.222
0.17 0.174 0.174 0.1445 0.1445 0.1445 0.177 0.177 0.1725 0.1725 0.209 0.209 0.217 0.217 0.217 0.2275 0.2275 0.233 0.233 0.2315 0.2315 0.2315 0.2125 0.2125 0.213 0.213 0.198 0.198 0.198 0.204 0.204 0.2005 0.2005 0.1985 0.1985 0.1985 0.2075 0.2075 0.217 0.217 0.223 0.223 0.223 0.2055 0.2055 0.2115 0.2115 0.2085 0.2085 0.2135 0.2135 0.2135 0.2145 0.2145 0.213 0.213 0.2145 0.2145 0.2145 0.215 0.215 0.2195 0.2195 0.2145 0.2145 0.2145 0.2225 0.2225 0.2115 0.2115 0.2055 0.2055 0.2055 0.208 0.208 0.2085 0.2085
0.17 0.174 0.174 0.1445 0.1445 0.1445 0.177 0.177 0.1725 0.1725 0.209 0.209 0.217 0.217 0.217 0.2275 0.2275 0.233 0.233 0.2315 0.2315 0.2315 0.2125 0.2125 0.213 0.213 0.198 0.198 0.198 0.204 0.204 0.2005 0.2005 0.1985 0.1985 0.1985 0.2075 0.2075 0.217 0.217 0.223 0.223 0.223 0.2055 0.2055 0.2115 0.2115 0.2085 0.2085 0.2135 0.2135 0.2135 0.2145 0.2145 0.213 0.213 0.2145 0.2145 0.2145 0.215 0.215 0.2195 0.2195 0.2145 0.2145 0.2145 0.2225 0.2225 0.2115 0.2115 0.2055 0.2055 0.2055 0.208 0.208 0.2085 0.2085
0.1495 0.1655 0.1655 0.164 0.164 0.164 0.192 0.192 0.1645 0.1645 0.2085 0.2085 0.215 0.215 0.215 0.222 0.222 0.224 0.224 0.2265 0.2265 0.2265 0.231 0.231 0.2115 0.2115 0.203 0.203 0.203 0.192 0.192 0.1995 0.1995 0.196 0.196 0.196 0.222 0.222 0.218 0.218 0.208 0.208 0.208 0.2105 0.2105 0.232 0.232 0.228 0.228 0.219 0.219 0.219 0.2195 0.2195 0.213 0.213 0.2095 0.2095 0.2095 0.2145 0.2145 0.214 0.214 0.2175 0.2175 0.2175 0.2235 0.2235 0.2185 0.2185 0.21 0.21 0.21 0.231 0.231 0.232 0.232
0.1495 0.1655 0.1655 0.164 0.164 0.164 0.192 0.192 0.1645 0.1645 0.2085 0.2085 0.215 0.215 0.215 0.222 0.222 0.224 0.224 0.2265 0.2265 0.2265 0.231 0.231 0.2115 0.2115 0.203 0.203 0.203 0.192 0.192 0.1995 0.1995 0.196 0.196 0.196 0.222 0.222 0.218 0.218 0.208 0.208 0.208 0.2105 0.2105 0.232 0.232 0.228 0.228 0.219 0.219 0.219 0.2195 0.2195 0.213 0.213 0.2095 0.2095 0.2095 0.2145 0.2145 0.214 0.214 0.2175 0.2175 0.2175 0.2235 0.2235 0.2185 0.2185 0.21 0.21 0.21 0.231 0.231 0.232 0.232
0.18 0.164 0.164 0.1905 0.1905 0.1905 0.197 0.197 0.17 0.17 0.19 0.19 0.2395 0.2395 0.2395 0.237 0.237 0.2215 0.2215 0.188 0.188 0.188 0.1765 0.1765 0.177 0.177 0.2015 0.2015 0.2015 0.2 0.2 0.1885 0.1885 0.203 0.203 0.203 0.2095 0.2095 0.21 0.21 0.221 0.221 0.221 0.2095 0.2095 0.225 0.225 0.227 0.227 0.192 0.192 0.192 0.1945 0.1945 0.211 0.211 0.2155 0.2155 0.2155 0.2055 0.2055 0.2235 0.2235 0.217 0.217 0.217 0.231 0.231 0.2185 0.2185 0.212 0.212 0.212 0.224 0.224 0.2545 0.2545
0.18 0.164 0.164 0.1905 0.1905 0.1905 0.197 0.197 0.17 0.17 0.19 0.19 0.2395 0.2395 0.2395 0.237 0.237 0.2215 0.2215 0.188 0.188 0.188 0.1765 0.1765 0.177 0.177 0.2015 0.2015 0.2015 0.2 0.2 0.1885 0.1885 0.203 0.203 0.203 0.2095 0.2095 0.21 0.21 0.221 0.221 0.221 0.2095 0.2095 0.225 0.225 0.227 0.227 0.192 0.192 0.192 0.1945 0.1945 0.211 0.211 0.2155 0.2155 0.2155 0.2055 0.2055 0.2235 0.2235 0.217 0.217 0.217 0.231 0.231 0.2185 0.2185 0.212 0.212 0.212 0.224 0.224 0.2545 0.2545
0.18 0.164 0.164 0.1905 0.1905 0.1905 0.197 0.197 0.17 0.17 0.19 0.19 0.2395 0.2395 0.2395 0.237 0.237 0.2215 0.2215 0.188 0.188 0.188 0.1765 0.1765 0.177 0.177 0.2015 0.2015 0.2015 0.2 0.2 0.1885 0.1885 0.203 0.203 0.203 0.2095 0.2095 0.21 0.21 0.221 0.221 0.221 0.2095 0.2095 0.225 0.225 0.227 0.227 0.192 0.192 0.192 0.1945 0.1945 0.211 0.211 0.2155 0.2155 0.2155 0.2055 0.2055 0.2235 0.2235 0.217 0.217 0.217 0.231 0.231 0.2185 0.2185 0.212 0.212 0.212 0.224 0.224 0.2545 0.2545
0.1945 0.1705 0.1705 0.1795 0.1795 0.1795 0.18 0.18 0.17 0.17 0.1855 0.1855 0.211 0.211 0.211 0.201 0.201 0.2225 0.2225 0.185 0.185 0.185 0.1805 0.1805 0.1785 0.1785 0.187 0.187 0.187 0.2155 0.2155 0.214 0.214 0.2035 0.2035 0.2035 0.205 0.205 0.231 0.231 0.211 0.211 0.211 0.2105 0.2105 0.211 0.211 0.222 0.222 0.1925 0.1925 0.1925 0.2045 0.2045 0.2155 0.2155 0.218 0.218 0.218 0.2055 0.2055 0.221 0.221 0.2135 0.2135 0.2135 0.209 0.209 0.204 0.204 0.2205 0.2205 0.2205 0.226 0.226 0.2315 0.2315
0.1945 0.1705 0.1705 0.1795 0.1795 0.1795 0.18 0.18 0.17 0.17 0.1855 0.1855 0.211 0.211 0.211 0.201 0.201 0.2225 0.2225 0.185 0.185 0.185 0.1805 0.1805 0.1785 0.1785 0.187 0.187 0.187 0.2155 0.2155 0.214 0.214 0.2035 0.2035 0.2035 0.205 0.205 0.231 0.231 0.211 0.211 0.211 0.2105 0.2105 0.211 0.211 0.222 0.222 0.1925 0.1925 0.1925 0.2045 0.2045 0.2155 0.2155 0.218 0.218 0.218 0.2055 0.2055 0.221 0.221 0.2135 0.2135 0.2135 0.209 0.209 0.204 0.204 0.2205 0.2205 0.2205 0.226 0.226 0.2315 0.2315
0.214 0.2025 0.2025 0.186 0.186 0.186 0.1755 0.1755 0.1825 0.1825 0.2085 0.2085 0.184 0.184 0.184 0.2015 0.2015 0.2225 0.2225 0.222 0.222 0.222 0.216 0.216 0.2005 0.2005 0.2135 0.2135 0.2135 0.2145 0.2145 0.224 0.224 0.197 0.197 0.197 0.21 0.21 0.2165 0.2165 0.202 0.202 0.202 0.205 0.205 0.213 0.213 0.2155 0.2155 0.2025 0.2025 0.2025 0.204 0.204 0.2 0.2 0.2065 0.2065 0.2065 0.2015 0.2015 0.201 0.201 0.2025 0.2025 0.2025 0.2115 0.2115 0.1935 0.1935 0.2075 0.2075 0.2075 0.244 0.244 0.2505 0.2505
0.214 0.2025 0.2025 0.186 0.186 0.186 0.1755 0.1755 0.1825 0.1825 0.2085 0.2085 0.184 0.184 0.184 0.2015 0.2015 0.2225 0.2225 0.222 0.222 0.222 0.216 0.216 0.2005 0.2005 0.2135 0.2135 0.2135 0.2145 0.2145 0.224 0.224 0.197 0.197 0.197 0.21 0.21 0.2165 0.2165 0.202 0.202 0.202 0.205 0.205 0.213 0.213 0.2155 0.2155 0.2025 0.2025 0.2025 0.204 0.204 0.2 0.2 0.2065 0.2065 0.2065 0.2015 0.2015 0.201 0.201 0.2025 0.2025 0.2025 0.2115 0.2115 0.1935 0.1935 0.2075 0.2075 0.2075 0.244 0.244 0.2505 0.2505
0.205 0.199 0.199 0.2365 0.2365 0.2365 0.1685 0.1685 0.1795 0.1795 0.189 0.189 0.211 0.211 0.211 0.219 0.219 0.216 0.216 0.2335 0.2335 0.2335 0.236 0.236 0.2145 0.2145 0.219 0.219 0.219 0.233 0.233 0.241 0.241 0.21 0.21 0.21 0.2095 0.2095 0.2105 0.2105 0.211 0.211 0.211 0.206 0.206 0.2155 0.2155 0.2 0.2 0.192 0.192 0.192 0.195 0.195 0.187 0.187 0.191 0.191 0.191 0.1935 0.1935 0.171 0.171 0.188 0.188 0.188 0.209 0.209 0.188 0.188 0.1765 0.1765 0.1765 0.2035 0.2035 0.2185 0.2185
