ndvi/NOAA-39.asc
ncols         252
nrows         154
xllcorner     -18.017974
yllcorner     13.481982
cellsize      0.035948
NODATA_value  -9999
[rows 102 to 135 of 154, columns 154 to 230 of 252]
0.1895 0.1765 0.1765 0.1505 0.1505 0.1505 0.164 0.164 0.1695 0.1695 0.1995 0.1995 0.205 0.205 0.205 0.211 0.211 0.2165 0.2165 0.229 0.229 0.229 0.2145 0.2145 0.203 0.203 0.216 0.216 0.216 0.2045 0.2045 0.214 0.214 0.2095 0.2095 0.2095 0.2125 0.2125 0.216 0.216 0.214 0.214 0.214 0.2175 0.2175 0.214 0.214 0.222 0.222 0.2095 0.2095 0.2095 0.204 0.204 0.2025 0.2025 0.1975 0.1975 0.1975 0.1895 0.1895 0.1975 0.1975 0.193 0.193 0.193 0.1985 0.1985 0.1995 0.1995 0.195 0.195 0.195 0.2005 0.2005 0.215 0.215
0.1815 0.182 0.182 0.174 0.174 0.174 0.1845 0.1845 0.1835 0.1835 0.207 0.207 0.2035 0.2035 0.2035 0.206 0.206 0.204 0.204 0.2195 0.2195 0.2195 0.2145 0.2145 0.2115 0.2115 0.2075 0.2075 0.2075 0.223 0.223 0.213 0.213 0.214 0.214 0.214 0.1945 0.1945 0.207 0.207 0.2055 0.2055 0.2055 0.2195 0.2195 0.223 0.223 0.2475 0.2475 0.252 0.252 0.252 0.2215 0.2215 0.202 0.202 0.205 0.205 0.205 0.1905 0.1905 0.194 0.194 0.208 0.208 0.208 0.2095 0.2095 0.217 0.217 0.215 0.215 0.215 0.187 0.187 0.195 0.195
0.1815 0.182 0.182 0.174 0.174 0.174 0.1845 0.1845 0.1835 0.1835 0.207 0.207 0.2035 0.2035 0.2035 0.206 0.206 0.204 0.204 0.2195 0.2195 0.2195 0.2145 0.2145 0.2115 0.2115 0.2075 0.2075 0.2075 0.223 0.223 0.213 0.213 0.214 0.214 0.214 0.1945 0.1945 0.207 0.207 0.2055 0.2055 0.2055 0.2195 0.2195 0.223 0.223 0.2475 0.2475 0.252 0.252 0.252 0.2215 0.2215 0.202 0.202 0.205 0.205 0.205 0.1905 0.1905 0.194 0.194 0.208 0.208 0.208 0.2095 0.2095 0.217 0.217 0.215 0.215 0.215 0.187 0.187 0.195 0.195
0.1815 0.182 0.182 0.174 0.174 0.174 0.1845 0.1845 0.1835 0.1835 0.207 0.207 0.2035 0.2035 0.2035 0.206 0.206 0.204 0.204 0.2195 0.2195 0.2195 0.2145 0.2145 0.2115 0.2115 0.2075 0.2075 0.2075 0.223 0.223 0.213 0.213 0.214 0.214 0.214 0.1945 0.1945 0.207 0.207 0.2055 0.2055 0.2055 0.2195 0.2195 0.223 0.223 0.2475 0.2475 0.252 0.252 0.252 0.2215 0.2215 0.202 0.202 0.205 0.205 0.205 0.1905 0.1905 0.194 0.194 0.208 0.208 0.208 0.2095 0.2095 0.217 0.217 0.215 0.215 0.215 0.187 0.187 0.195 0.195
0.1905 0.208 0.208 0.2135 0.2135 0.2135 0.189 0.189 0.2035 0.2035 0.227 0.227 0.206 0.206 0.206 0.205 0.205 0.195 0.195 0.1925 0.1925 0.1925 0.19 0.19 0.2095 0.2095 0.207 0.207 0.207 0.2045 0.2045 0.219 0.219 0.2205 0.2205 0.2205 0.2305 0.2305 0.2145 0.2145 0.23 0.23 0.23 0.2465 0.2465 0.236 0.236 0.238 0.238 0.2245 0.2245 0.2245 0.225 0.225 0.2285 0.2285 0.2425 0.2425 0.2425 0.1995 0.1995 0.1985 0.1985 0.203 0.203 0.203 0.1995 0.1995 0.2065 0.2065 0.2055 0.2055 0.2055 0.215 0.215 0.2075 0.2075
0.1905 0.208 0.208 0.2135 0.2135 0.2135 0.189 0.189 0.2035 0.2035 0.227 0.227 0.206 0.206 0.206 0.205 0.205 0.195 0.195 0.1925 0.1925 0.1925 0.19 0.19 0.2095 0.2095 0.207 0.207 0.207 0.2045 0.2045 0.219 0.219 0.2205 0.2205 0.2205 0.2305 0.2305 0.2145 0.2145 0.23 0.23 0.23 0.2465 0.2465 0.236 0.236 0.238 0.238 0.2245 0.2245 0.2245 0.225 0.225 0.2285 0.2285 0.2425 0.2425 0.2425 0.1995 0.1995 0.1985 0.1985 0.203 0.203 0.203 0.1995 0.1995 0.2065 0.2065 0.2055 0.2055 0.2055 0.215 0.215 0.2075 0.2075
0.223 0.217 0.217 0.2075 0.2075 0.2075 0.211 0.211 0.209 0.209 0.2145 0.2145 0.2055 0.2055 0.2055 0.1985 0.1985 0.184 0.184 0.2035 0.2035 0.2035 0.1975 0.1975 0.2045 0.2045 0.191 0.191 0.191 0.211 0.211 0.218 0.218 0.2375 0.2375 0.2375 0.216 0.216 0.224 0.224 0.239 0.239 0.239 0.2345 0.2345 0.233 0.233 0.2375 0.2375 0.2395 0.2395 0.2395 0.228 0.228 0.2395 0.2395 0.216 0.216 0.216 0.2185 0.2185 0.2085 0.2085 0.208 0.208 0.208 0.2135 0.2135 0.211 0.211 0.2075 0.2075 0.2075 0.2145 0.2145 0.2235 0.2235
0.223 0.217 0.217 0.2075 0.2075 0.2075 0.211 0.211 0.209 0.209 0.2145 0.2145 0.2055 0.2055 0.2055 0.1985 0.1985 0.184 0.184 0.2035 0.2035 0.2035 0.1975 0.1975 0.2045 0.2045 0.191 0.191 0.191 0.211 0.211 0.218 0.218 0.2375 0.2375 0.2375 0.216 0.216 0.224 0.224 0.239 0.239 0.239 0.2345 0.2345 0.233 0.233 0.2375 0.2375 0.2395 0.2395 0.2395 0.228 0.228 0.2395 0.2395 0.216 0.216 0.216 0.2185 0.2185 0.2085 0.2085 0.208 0.208 0.208 0.2135 0.2135 0.211 0.211 0.2075 0.2075 0.2075 0.2145 0.2145 0.2235 0.2235
0.2025 0.2185 0.2185 0.223 0.223 0.223 0.232 0.232 0.2205 0.2205 0.217 0.217 0.217 0.217 0.217 0.208 0.208 0.197 0.197 0.213 0.213 0.213 0.2085 0.2085 0.2265 0.2265 0.218 0.218 0.218 0.2195 0.2195 0.2185 0.2185 0.233 0.233 0.233 0.212 0.212 0.2325 0.2325 0.2315 0.2315 0.2315 0.2345 0.2345 0.2255 0.2255 0.2115 0.2115 0.222 0.222 0.222 0.2275 0.2275 0.225 0.225 0.217 0.217 0.217 0.221 0.221 0.2225 0.2225 0.2335 0.2335 0.2335 0.2235 0.2235 0.2195 0.2195 0.209 0.209 0.209 0.211 0.211 0.228 0.228
0.2025 0.2185 0.2185 0.223 0.223 0.223 0.232 0.232 0.2205 0.2205 0.217 0.217 0.217 0.217 0.217 0.208 0.208 0.197 0.197 0.213 0.213 0.213 0.2085 0.2085 0.2265 0.2265 0.218 0.218 0.218 0.2195 0.2195 0.2185 0.2185 0.233 0.233 0.233 0.212 0.212 0.2325 0.2325 0.2315 0.2315 0.2315 0.2345 0.2345 0.2255 0.2255 0.2115 0.2115 0.222 0.222 0.222 0.2275 0.2275 0.225 0.225 0.217 0.217 0.217 0.221 0.221 0.2225 0.2225 0.2335 0.2335 0.2335 0.2235 0.2235 0.2195 0.2195 0.209 0.209 0.209 0.211 0.211 0.228 0.228
0.2025 0.2185 0.2185 0.223 0.223 0.223 0.232 0.232 0.2205 0.2205 0.217 0.217 0.217 0.217 0.217 0.208 0.208 0.197 0.197 0.213 0.213 0.213 0.2085 0.2085 0.2265 0.2265 0.218 0.218 0.218 0.2195 0.2195 0.2185 0.2185 0.233 0.233 0.233 0.212 0.212 0.2325 0.2325 0.2315 0.2315 0.2315 0.2345 0.2345 0.2255 0.2255 0.2115 0.2115 0.222 0.222 0.222 0.2275 0.2275 0.225 0.225 0.217 0.217 0.217 0.221 0.221 0.2225 0.2225 0.2335 0.2335 0.2335 0.2235 0.2235 0.2195 0.2195 0.209 0.209 0.209 0.211 0.211 0.228 0.228
0.1695 0.1885 0.1885 0.2295 0.2295 0.2295 0.225 0.225 0.224 0.224 0.2205 0.2205 0.2115 0.2115 0.2115 0.215 0.215 0.225 0.225 0.22 0.22 0.22 0.216 0.216 0.225 0.225 0.2285 0.2285 0.2285 0.2225 0.2225 0.2265 0.2265 0.2335 0.2335 0.2335 0.23 0.23 0.2075 0.2075 0.2325 0.2325 0.2325 0.233 0.233 0.2185 0.2185 0.2245 0.2245 0.2005 0.2005 0.2005 0.242 0.242 0.2165 0.2165 0.224 0.224 0.224 0.223 0.223 0.211 0.211 0.2215 0.2215 0.2215 0.2105 0.2105 0.2135 0.2135 0.2115 0.2115 0.2115 0.2235 0.2235 0.221 0.221
0.1695 0.1885 0.1885 0.2295 0.2295 0.2295 0.225 0.225 0.224 0.224 0.2205 0.2205 0.2115 0.2115 0.2115 0.215 0.215 0.225 0.225 0.22 0.22 0.22 0.216 0.216 0.225 0.225 0.2285 0.2285 0.2285 0.2225 0.2225 0.2265 0.2265 0.2335 0.2335 0.2335 0.23 0.23 0.2075 0.2075 0.2325 0.2325 0.2325 0.233 0.233 0.2185 0.2185 0.2245 0.2245 0.2005 0.2005 0.2005 0.242 0.242 0.2165 0.2165 0.224 0.224 0.224 0.223 0.223 0.211 0.211 0.2215 0.2215 0.2215 0.2105 0.2105 0.2135 0.2135 0.2115 0.2115 0.2115 0.2235 0.2235 0.221 0.221
0.188 0.205 0.205 0.187 0.187 0.187 0.2185 0.2185 0.213 0.213 0.1985 0.1985 0.2185 0.2185 0.2185 0.2205 0.2205 0.228 0.228 0.2205 0.2205 0.2205 0.2425 0.2425 0.234 0.234 0.2355 0.2355 0.2355 0.213 0.213 0.219 0.219 0.2255 0.2255 0.2255 0.1855 0.1855 0.1985 0.1985 0.2225 0.2225 0.2225 0.2255 0.2255 0.2285 0.2285 0.225 0.225 0.226 0.226 0.226 0.227 0.227 0.222 0.222 0.241 0.241 0.241 0.239 0.239 0.218 0.218 0.2355 0.2355 0.2355 0.214 0.214 0.2185 0.2185 0.2185 0.2185 0.2185 0.2135 0.2135 0.225 0.225
0.188 0.205 0.205 0.187 0.187 0.187 0.2185 0.2185 0.213 0.213 0.1985 0.1985 0.2185 0.2185 0.2185 0.2205 0.2205 0.228 0.228 0.2205 0.2205 0.2205 0.2425 0.2425 0.234 0.234 0.2355 0.2355 0.2355 0.213 0.213 0.219 0.219 0.2255 0.2255 0.2255 0.1855 0.1855 0.1985 0.1985 0.2225 0.2225 0.2225 0.2255 0.2255 0.2285 0.2285 0.225 0.225 0.226 0.226 0.226 0.227 0.227 0.222 0.222 0.241 0.241 0.241 0.239 0.239 0.218 0.218 0.2355 0.2355 0.2355 0.214 0.214 0.2185 0.2185 0.2185 0.2185 0.2185 0.2135 0.2135 0.225 0.225
0.2205 0.206 0.206 0.2185 0.2185 0.2185 0.2205 0.2205 0.205 0.205 0.2255 0.2255 0.2355 0.2355 0.2355 0.2295 0.2295 0.225 0.225 0.225 0.225 0.225 0.229 0.229 0.231 0.231 0.244 0.244 0.244 0.212 0.212 0.22 0.22 0.2145 0.2145 0.2145 0.1965 0.1965 0.204 0.204 0.2335 0.2335 0.2335 0.2305 0.2305 0.2285 0.2285 0.2105 0.2105 0.2195 0.2195 0.2195 0.2385 0.2385 0.2435 0.2435 0.2225 0.2225 0.2225 0.2335 0.2335 0.242 0.242 0.2315 0.2315 0.2315 0.218 0.218 0.23 0.23 0.2275 0.2275 0.2275 0.2185 0.2185 0.2195 0.2195
0.2205 0.206 0.206 0.2185 0.2185 0.2185 0.2205 0.2205 0.205 0.205 0.2255 0.2255 0.2355 0.2355 0.2355 0.2295 0.2295 0.225 0.225 0.225 0.225 0.225 0.229 0.229 0.231 0.231 0.244 0.244 0.244 0.212 0.212 0.22 0.22 0.2145 0.2145 0.2145 0.1965 0.1965 0.204 0.204 0.2335 0.2335 0.2335 0.2305 0.2305 0.2285 0.2285 0.2105 0.2105 0.2195 0.2195 0.2195 0.2385 0.2385 0.2435 0.2435 0.2225 0.2225 0.2225 0.2335 0.2335 0.242 0.242 0.2315 0.2315 0.2315 0.218 0.218 0.23 0.23 0.2275 0.2275 0.2275 0.2185 0.2185 0.2195 0.2195
0.2205 0.206 0.206 0.2185 0.2185 0.2185 0.2205 0.2205 0.205 0.205 0.2255 0.2255 0.2355 0.2355 0.2355 0.2295 0.2295 0.225 0.225 0.225 0.225 0.225 0.229 0.229 0.231 0.231 0.244 0.244 0.244 0.212 0.212 0.22 0.22 0.2145 0.2145 0.2145 0.1965 0.1965 0.204 0.204 0.2335 0.2335 0.2335 0.2305 0.2305 0.2285 0.2285 0.2105 0.2105 0.2195 0.2195 0.2195 0.2385 0.2385 0.2435 0.2435 0.2225 0.2225 0.2225 0.2335 0.2335 0.242 0.242 0.2315 0.2315 0.2315 0.218 0.218 0.23 0.23 0.2275 0.2275 0.2275 0.2185 0.2185 0.2195 0.2195
0.2225 0.226 0.226 0.23 0.23 0.23 0.2165 0.2165 0.2205 0.2205 0.2195 0.2195 0.227 0.227 0.227 0.2245 0.2245 0.2395 0.2395 0.248 0.248 0.248 0.2465 0.2465 0.239 0.239 0.2225 0.2225 0.2225 0.211 0.211 0.2015 0.2015 0.206 0.206 0.206 0.203 0.203 0.223 0.223 0.2195 0.2195 0.2195 0.236 0.236 0.244 0.244 0.2165 0.2165 0.242 0.242 0.242 0.2355 0.2355 0.2325 0.2325 0.2215 0.2215 0.2215 0.2245 0.2245 0.2365 0.2365 0.235 0.235 0.235 0.24 0.24 0.242 0.242 0.2415 0.2415 0.2415 0.228 0.228 0.2235 0.2235
0.2225 0.226 0.226 0.23 0.23 0.23 0.2165 0.2165 0.2205 0.2205 0.2195 0.2195 0.227 0.227 0.227 0.2245 0.2245 0.2395 0.2395 0.248 0.248 0.248 0.2465 0.2465 0.239 0.239 0.2225 0.2225 0.2225 0.211 0.211 0.2015 0.2015 0.206 0.206 0.206 0.203 0.203 0.223 0.223 0.2195 0.2195 0.2195 0.236 0.236 0.244 0.244 0.2165 0.2165 0.242 0.242 0.242 0.2355 0.2355 0.2325 0.2325 0.2215 0.2215 0.2215 0.2245 0.2245 0.2365 0.2365 0.235 0.235 0.235 0.24 0.24 0.242 0.242 0.2415 0.2415 0.2415 0.228 0.228 0.2235 0.2235
0.214 0.2165 0.2165 0.2255 0.2255 0.2255 0.2195 0.2195 0.22 0.22 0.2125 0.2125 0.222 0.222 0.222 0.239 0.239 0.2375 0.2375 0.244 0.244 0.244 0.24 0.24 0.238 0.238 0.2085 0.2085 0.2085 0.216 0.216 0.203 0.203 0.211 0.211 0.211 0.212 0.212 0.2205 0.2205 0.22 0.22 0.22 0.217 0.217 0.25 0.25 0.2345 0.2345 0.2405 0.2405 0.2405 0.2395 0.2395 0.2355 0.2355 0.2365 0.2365 0.2365 0.2365 0.2365 0.23 0.23 0.244 0.244 0.244 0.2375 0.2375 0.233 0.233 0.227 0.227 0.227 0.2345 0.2345 0.229 0.229
0.214 0.2165 0.2165 0.2255 0.2255 0.2255 0.2195 0.2195 0.22 0.22 0.2125 0.2125 0.222 0.222 0.222 0.239 0.239 0.2375 0.2375 0.244 0.244 0.244 0.24 0.24 0.238 0.238 0.2085 0.2085 0.2085 0.216 0.216 0.203 0.203 0.211 0.211 0.211 0.212 0.212 0.2205 0.2205 0.22 0.22 0.22 0.217 0.217 0.25 0.25 0.2345 0.2345 0.2405 0.2405 0.2405 0.2395 0.2395 0.2355 0.2355 0.2365 0.2365 0.2365 0.2365 0.2365 0.23 0.23 0.244 0.244 0.244 0.2375 0.2375 0.233 0.233 0.227 0.227 0.227 0.2345 0.2345 0.229 0.229
0.239 0.244 0.244 0.233 0.233 0.233 0.214 0.214 0.209 0.209 0.2425 0.2425 0.23 0.23 0.23 0.241 0.241 0.2415 0.2415 0.242 0.242 0.242 0.2345 0.2345 0.2505 0.2505 0.217 0.217 0.217 0.208 0.208 0.23 0.23 0.209 0.209 0.209 0.205 0.205 0.221 0.221 0.2225 0.2225 0.2225 0.206 0.206 0.223 0.223 0.235 0.235 0.2255 0.2255 0.2255 0.2435 0.2435 0.2435 0.2435 0.235 0.235 0.235 0.2475 0.2475 0.228 0.228 0.234 0.234 0.234 0.2235 0.2235 0.2325 0.2325 0.2475 0.2475 0.2475 0.2365 0.2365 0.229 0.229
0.239 0.244 0.244 0.233 0.233 0.233 0.214 0.214 0.209 0.209 0.2425 0.2425 0.23 0.23 0.23 0.241 0.241 0.2415 0.2415 0.242 0.242 0.242 0.2345 0.2345 0.2505 0.2505 0.217 0.217 0.217 0.208 0.208 0.23 0.23 0.209 0.209 0.209 0.205 0.205 0.221 0.221 0.2225 0.2225 0.2225 0.206 0.206 0.223 0.223 0.235 0.235 0.2255 0.2255 0.2255 0.2435 0.2435 0.2435 0.2435 0.235 0.235 0.235 0.2475 0.2475 0.228 0.228 0.234 0.234 0.234 0.2235 0.2235 0.2325 0.2325 0.2475 0.2475 0.2475 0.2365 0.2365 0.229 0.229
0.2305 0.2195 0.2195 0.218 0.218 0.218 0.2135 0.2135 0.226 0.226 0.238 0.238 0.227 0.227 0.227 0.237 0.237 0.2365 0.2365 0.2215 0.2215 0.2215 0.2355 0.2355 0.239 0.239 0.235 0.235 0.235 0.2275 0.2275 0.228 0.228 0.2345 0.2345 0.2345 0.2115 0.2115 0.212 0.212 0.214 0.214 0.214 0.22 0.22 0.2505 0.2505 0.228 0.228 0.249 0.249 0.249 0.2345 0.2345 0.2395 0.2395 0.2435 0.2435 0.2435 0.236 0.236 0.235 0.235 0.231 0.231 0.231 0.22 0.22 0.2255 0.2255 0.251 0.251 0.251 0.2285 0.2285 0.23 0.23
0.2305 0.2195 0.2195 0.218 0.218 0.218 0.2135 0.2135 0.226 0.226 0.238 0.238 0.227 0.227 0.227 0.237 0.237 0.2365 0.2365 0.2215 0.2215 0.2215 0.2355 0.2355 0.239 0.239 0.235 0.235 0.235 0.2275 0.2275 0.228 0.228 0.2345 0.2345 0.2345 0.2115 0.2115 0.212 0.212 0.214 0.214 0.214 0.22 0.22 0.2505 0.2505 0.228 0.228 0.249 0.249 0.249 0.2345 0.2345 0.2395 0.2395 0.2435 0.2435 0.2435 0.236 0.236 0.235 0.235 0.231 0.231 0.231 0.22 0.22 0.2255 0.2255 0.251 0.251 0.251 0.2285 0.2285 0.23 0.23
0.2305 0.2195 0.2195 0.218 0.218 0.218 0.2135 0.2135 0.226 0.226 0.238 0.238 0.227 0.227 0.227 0.237 0.237 0.2365 0.2365 0.2215 0.2215 0.2215 0.2355 0.2355 0.239 0.239 0.235 0.235 0.235 0.2275 0.2275 0.228 0.228 0.2345 0.2345 0.2345 0.2115 0.2115 0.212 0.212 0.214 0.214 0.214 0.22 0.22 0.2505 0.2505 0.228 0.228 0.249 0.249 0.249 0.2345 0.2345 0.2395 0.2395 0.2435 0.2435 0.2435 0.236 0.236 0.235 0.235 0.231 0.231 0.231 0.22 0.22 0.2255 0.2255 0.251 0.251 0.251 0.2285 0.2285 0.23 0.23
0.2325 0.2265 0.2265 0.228 0.228 0.228 0.2245 0.2245 0.2175 0.2175 0.244 0.244 0.224 0.224 0.224 0.2435 0.2435 0.2285 0.2285 0.2225 0.2225 0.2225 0.228 0.228 0.221 0.221 0.236 0.236 0.236 0.244 0.244 0.2435 0.2435 0.2365 0.2365 0.2365 0.2325 0.2325 0.2335 0.2335 0.23 0.23 0.23 0.229 0.229 0.2635 0.2635 0.2445 0.2445 0.23 0.23 0.23 0.2455 0.2455 0.241 0.241 0.234 0.234 0.234 0.237 0.237 0.2275 0.2275 0.2355 0.2355 0.2355 0.2365 0.2365 0.224 0.224 0.233 0.233 0.233 0.2175 0.2175 0.2265 0.2265
0.2325 0.2265 0.2265 0.228 0.228 0.228 0.2245 0.2245 0.2175 0.2175 0.244 0.244 0.224 0.224 0.224 0.2435 0.2435 0.2285 0.2285 0.2225 0.2225 0.2225 0.228 0.228 0.221 0.221 0.236 0.236 0.236 0.244 0.244 0.2435 0.2435 0.2365 0.2365 0.2365 0.2325 0.2325 0.2335 0.2335 0.23 0.23 0.23 0.229 0.229 0.2635 0.2635 0.2445 0.2445 0.23 0.23 0.23 0.2455 0.2455 0.241 0.241 0.234 0.234 0.234 0.237 0.237 0.2275 0.2275 0.2355 0.2355 0.2355 0.2365 0.2365 0.224 0.224 0.233 0.233 0.233 0.2175 0.2175 0.2265 0.2265
0.2405 0.2255 0.2255 0.2415 0.2415 0.2415 0.2215 0.2215 0.235 0.235 0.235 0.235 0.233 0.233 0.233 0.2375 0.2375 0.237 0.237 0.2375 0.2375 0.2375 0.2295 0.2295 0.255 0.255 0.257 0.257 0.257 0.2525 0.2525 0.2525 0.2525 0.2495 0.2495 0.2495 0.2555 0.2555 0.242 0.242 0.24 0.24 0.24 0.2725 0.2725 0.28 0.28 0.2785 0.2785 0.286 0.286 0.286 0.2535 0.2535 0.263 0.263 0.2795 0.2795 0.2795 0.284 0.284 0.2655 0.2655 0.253 0.253 0.253 0.2425 0.2425 0.234 0.234 0.237 0.237 0.237 0.211 0.211 0.223 0.223
0.2405 0.2255 0.2255 0.2415 0.2415 0.2415 0.2215 0.2215 0.235 0.235 0.235 0.235 0.233 0.233 0.233 0.2375 0.2375 0.237 0.237 0.2375 0.2375 0.2375 0.2295 0.2295 0.255 0.255 0.257 0.257 0.257 0.2525 0.2525 0.2525 0.2525 0.2495 0.2495 0.2495 0.2555 0.2555 0.242 0.242 0.24 0.24 0.24 0.2725 0.2725 0.28 0.28 0.2785 0.2785 0.286 0.286 0.286 0.2535 0.2535 0.263 0.263 0.2795 0.2795 0.2795 0.284 0.284 0.2655 0.2655 0.253 0.253 0.253 0.2425 0.2425 0.234 0.234 0.237 0.237 0.237 0.211 0.211 0.223 0.223
0.238 0.2355 0.2355 0.2365 0.2365 0.2365 0.229 0.229 0.2155 0.2155 0.2345 0.2345 0.245 0.245 0.245 0.268 0.268 0.234 0.234 0.247 0.247 0.247 0.254 0.254 0.244 0.244 0.2655 0.2655 0.2655 0.248 0.248 0.252 0.252 0.239 0.239 0.239 0.249 0.249 0.237 0.237 0.23 0.23 0.23 0.2285 0.2285 0.272 0.272 0.233 0.233 0.2455 0.2455 0.2455 0.2655 0.2655 0.2705 0.2705 0.2505 0.2505 0.2505 0.273 0.273 0.27 0.27 0.245 0.245 0.245 0.24 0.24 0.263 0.263 0.2455 0.2455 0.2455 0.243 0.243 0.237 0.237
0.238 0.2355 0.2355 0.2365 0.2365 0.2365 0.229 0.229 0.2155 0.2155 0.2345 0.2345 0.245 0.245 0.245 0.268 0.268 0.234 0.234 0.247 0.247 0.247 0.254 0.254 0.244 0.244 0.2655 0.2655 0.2655 0.248 0.248 0.252 0.252 0.239 0.239 0.239 0.249 0.249 0.237 0.237 0.23 0.23 0.23 0.2285 0.2285 0.272 0.272 0.233 0.233 0.2455 0.2455 0.2455 0.2655 0.2655 0.2705 0.2705 0.2505 0.2505 0.2505 0.273 0.273 0.27 0.27 0.245 0.245 0.245 0.24 0.24 0.263 0.263 0.2455 0.2455 0.2455 0.243 0.243 0.237 0.237
0.238 0.2355 0.2355 0.2365 0.2365 0.2365 0.229 0.229 0.2155 0.2155 0.2345 0.2345 0.245 0.245 0.245 0.268 0.268 0.234 0.234 0.247 0.247 0.247 0.254 0.254 0.244 0.244 0.2655 0.2655 0.2655 0.248 0.248 0.252 0.252 0.239 0.239 0.239 0.249 0.249 0.237 0.237 0.23 0.23 0.23 0.2285 0.2285 0.272 0.272 0.233 0.233 0.2455 0.2455 0.2455 0.2655 0.2655 0.2705 0.2705 0.2505 0.2505 0.2505 0.273 0.273 0.27 0.27 0.245 0.245 0.245 0.24 0.24 0.263 0.263 0.2455 0.2455 0.2455 0.243 0.243 0.237 0.237
