ndvi/NOAA-113.asc
ncols         252
nrows         154
xllcorner     -18.017974
yllcorner     13.481982
cellsize      0.035948
NODATA_value  -9999
[rows 102 to 135 of 154, columns 78 to 155 of 252]
0.235 0.2395 0.2395 0.2595 0.2595 0.2715 0.2715 0.2715 0.252 0.252 0.236 0.236 0.24 0.24 0.2275 0.2275 0.2275 0.254 0.254 0.248 0.248 0.257 0.257 0.257 0.253 0.253 0.2475 0.2475 0.255 0.255 0.255 0.272 0.272 0.278 0.278 0.2625 0.2625 0.2625 0.259 0.259 0.2525 0.2525 0.26 0.26 0.26 0.269 0.269 0.2705 0.2705 0.2635 0.2635 0.266 0.266 0.266 0.2775 0.2775 0.268 0.268 0.253 0.253 0.253 0.2865 0.2865 0.2455 0.2455 0.278 0.278 0.278 0.2755 0.2755 0.2645 0.2645 0.255 0.255 0.255 0.237 0.237 0.233
0.2475 0.2505 0.2505 0.2635 0.2635 0.253 0.253 0.253 0.2485 0.2485 0.24 0.24 0.228 0.228 0.2245 0.2245 0.2245 0.2185 0.2185 0.2275 0.2275 0.237 0.237 0.237 0.26 0.26 0.2515 0.2515 0.25 0.25 0.25 0.267 0.267 0.276 0.276 0.269 0.269 0.269 0.2655 0.2655 0.256 0.256 0.265 0.265 0.265 0.263 0.263 0.2685 0.2685 0.275 0.275 0.271 0.271 0.271 0.2605 0.2605 0.2975 0.2975 0.257 0.257 0.257 0.265 0.265 0.2845 0.2845 0.2585 0.2585 0.2585 0.252 0.252 0.2465 0.2465 0.2545 0.2545 0.2545 0.246 0.246 0.242
0.2475 0.2505 0.2505 0.2635 0.2635 0.253 0.253 0.253 0.2485 0.2485 0.24 0.24 0.228 0.228 0.2245 0.2245 0.2245 0.2185 0.2185 0.2275 0.2275 0.237 0.237 0.237 0.26 0.26 0.2515 0.2515 0.25 0.25 0.25 0.267 0.267 0.276 0.276 0.269 0.269 0.269 0.2655 0.2655 0.256 0.256 0.265 0.265 0.265 0.263 0.263 0.2685 0.2685 0.275 0.275 0.271 0.271 0.271 0.2605 0.2605 0.2975 0.2975 0.257 0.257 0.257 0.265 0.265 0.2845 0.2845 0.2585 0.2585 0.2585 0.252 0.252 0.2465 0.2465 0.2545 0.2545 0.2545 0.246 0.246 0.242
0.2475 0.2505 0.2505 0.2635 0.2635 0.253 0.253 0.253 0.2485 0.2485 0.24 0.24 0.228 0.228 0.2245 0.2245 0.2245 0.2185 0.2185 0.2275 0.2275 0.237 0.237 0.237 0.26 0.26 0.2515 0.2515 0.25 0.25 0.25 0.267 0.267 0.276 0.276 0.269 0.269 0.269 0.2655 0.2655 0.256 0.256 0.265 0.265 0.265 0.263 0.263 0.2685 0.2685 0.275 0.275 0.271 0.271 0.271 0.2605 0.2605 0.2975 0.2975 0.257 0.257 0.257 0.265 0.265 0.2845 0.2845 0.2585 0.2585 0.2585 0.252 0.252 0.2465 0.2465 0.2545 0.2545 0.2545 0.246 0.246 0.242
0.246 0.25 0.25 0.2545 0.2545 0.251 0.251 0.251 0.2305 0.2305 0.249 0.249 0.245 0.245 0.23 0.23 0.23 0.217 0.217 0.2295 0.2295 0.2355 0.2355 0.2355 0.256 0.256 0.256 0.256 0.248 0.248 0.248 0.2665 0.2665 0.272 0.272 0.268 0.268 0.268 0.255 0.255 0.257 0.257 0.2595 0.2595 0.2595 0.2635 0.2635 0.2735 0.2735 0.256 0.256 0.258 0.258 0.258 0.2665 0.2665 0.281 0.281 0.2895 0.2895 0.2895 0.252 0.252 0.266 0.266 0.2815 0.2815 0.2815 0.2535 0.2535 0.2445 0.2445 0.246 0.246 0.246 0.2475 0.2475 0.25
0.246 0.25 0.25 0.2545 0.2545 0.251 0.251 0.251 0.2305 0.2305 0.249 0.249 0.245 0.245 0.23 0.23 0.23 0.217 0.217 0.2295 0.2295 0.2355 0.2355 0.2355 0.256 0.256 0.256 0.256 0.248 0.248 0.248 0.2665 0.2665 0.272 0.272 0.268 0.268 0.268 0.255 0.255 0.257 0.257 0.2595 0.2595 0.2595 0.2635 0.2635 0.2735 0.2735 0.256 0.256 0.258 0.258 0.258 0.2665 0.2665 0.281 0.281 0.2895 0.2895 0.2895 0.252 0.252 0.266 0.266 0.2815 0.2815 0.2815 0.2535 0.2535 0.2445 0.2445 0.246 0.246 0.246 0.2475 0.2475 0.25
0.2575 0.254 0.254 0.266 0.266 0.258 0.258 0.258 0.2515 0.2515 0.2405 0.2405 0.258 0.258 0.2425 0.2425 0.2425 0.2515 0.2515 0.255 0.255 0.254 0.254 0.254 0.259 0.259 0.265 0.265 0.2595 0.2595 0.2595 0.2655 0.2655 0.2635 0.2635 0.254 0.254 0.254 0.2545 0.2545 0.2465 0.2465 0.248 0.248 0.248 0.238 0.238 0.265 0.265 0.273 0.273 0.281 0.281 0.281 0.261 0.261 0.2725 0.2725 0.2805 0.2805 0.2805 0.274 0.274 0.2835 0.2835 0.3005 0.3005 0.3005 0.2705 0.2705 0.231 0.231 0.226 0.226 0.226 0.237 0.237 0.2545
0.2575 0.254 0.254 0.266 0.266 0.258 0.258 0.258 0.2515 0.2515 0.2405 0.2405 0.258 0.258 0.2425 0.2425 0.2425 0.2515 0.2515 0.255 0.255 0.254 0.254 0.254 0.259 0.259 0.265 0.265 0.2595 0.2595 0.2595 0.2655 0.2655 0.2635 0.2635 0.254 0.254 0.254 0.2545 0.2545 0.2465 0.2465 0.248 0.248 0.248 0.238 0.238 0.265 0.265 0.273 0.273 0.281 0.281 0.281 0.261 0.261 0.2725 0.2725 0.2805 0.2805 0.2805 0.274 0.274 0.2835 0.2835 0.3005 0.3005 0.3005 0.2705 0.2705 0.231 0.231 0.226 0.226 0.226 0.237 0.237 0.2545
0.2605 0.2525 0.2525 0.2645 0.2645 0.258 0.258 0.258 0.255 0.255 0.2575 0.2575 0.2615 0.2615 0.2765 0.2765 0.2765 0.2735 0.2735 0.2575 0.2575 0.2545 0.2545 0.2545 0.2545 0.2545 0.248 0.248 0.265 0.265 0.265 0.274 0.274 0.258 0.258 0.2615 0.2615 0.2615 0.242 0.242 0.246 0.246 0.23 0.23 0.23 0.2475 0.2475 0.2545 0.2545 0.2595 0.2595 0.265 0.265 0.265 0.2735 0.2735 0.27 0.27 0.2665 0.2665 0.2665 0.2595 0.2595 0.269 0.269 0.2835 0.2835 0.2835 0.307 0.307 0.293 0.293 0.269 0.269 0.269 0.2315 0.2315 0.2575
0.2605 0.2525 0.2525 0.2645 0.2645 0.258 0.258 0.258 0.255 0.255 0.2575 0.2575 0.2615 0.2615 0.2765 0.2765 0.2765 0.2735 0.2735 0.2575 0.2575 0.2545 0.2545 0.2545 0.2545 0.2545 0.248 0.248 0.265 0.265 0.265 0.274 0.274 0.258 0.258 0.2615 0.2615 0.2615 0.242 0.242 0.246 0.246 0.23 0.23 0.23 0.2475 0.2475 0.2545 0.2545 0.2595 0.2595 0.265 0.265 0.265 0.2735 0.2735 0.27 0.27 0.2665 0.2665 0.2665 0.2595 0.2595 0.269 0.269 0.2835 0.2835 0.2835 0.307 0.307 0.293 0.293 0.269 0.269 0.269 0.2315 0.2315 0.2575
0.2605 0.2525 0.2525 0.2645 0.2645 0.258 0.258 0.258 0.255 0.255 0.2575 0.2575 0.2615 0.2615 0.2765 0.2765 0.2765 0.2735 0.2735 0.2575 0.2575 0.2545 0.2545 0.2545 0.2545 0.2545 0.248 0.248 0.265 0.265 0.265 0.274 0.274 0.258 0.258 0.2615 0.2615 0.2615 0.242 0.242 0.246 0.246 0.23 0.23 0.23 0.2475 0.2475 0.2545 0.2545 0.2595 0.2595 0.265 0.265 0.265 0.2735 0.2735 0.27 0.27 0.2665 0.2665 0.2665 0.2595 0.2595 0.269 0.269 0.2835 0.2835 0.2835 0.307 0.307 0.293 0.293 0.269 0.269 0.269 0.2315 0.2315 0.2575
0.269 0.2715 0.2715 0.2775 0.2775 0.282 0.282 0.282 0.287 0.287 0.2655 0.2655 0.2505 0.2505 0.2585 0.2585 0.2585 0.2685 0.2685 0.2765 0.2765 0.266 0.266 0.266 0.272 0.272 0.265 0.265 0.2545 0.2545 0.2545 0.265 0.265 0.2625 0.2625 0.254 0.254 0.254 0.27 0.27 0.2725 0.2725 0.258 0.258 0.258 0.266 0.266 0.266 0.266 0.2655 0.2655 0.2645 0.2645 0.2645 0.2665 0.2665 0.2615 0.2615 0.273 0.273 0.273 0.264 0.264 0.251 0.251 0.27 0.27 0.27 0.2675 0.2675 0.27 0.27 0.276 0.276 0.276 0.2355 0.2355 0.2415
0.269 0.2715 0.2715 0.2775 0.2775 0.282 0.282 0.282 0.287 0.287 0.2655 0.2655 0.2505 0.2505 0.2585 0.2585 0.2585 0.2685 0.2685 0.2765 0.2765 0.266 0.266 0.266 0.272 0.272 0.265 0.265 0.2545 0.2545 0.2545 0.265 0.265 0.2625 0.2625 0.254 0.254 0.254 0.27 0.27 0.2725 0.2725 0.258 0.258 0.258 0.266 0.266 0.266 0.266 0.2655 0.2655 0.2645 0.2645 0.2645 0.2665 0.2665 0.2615 0.2615 0.273 0.273 0.273 0.264 0.264 0.251 0.251 0.27 0.27 0.27 0.2675 0.2675 0.27 0.27 0.276 0.276 0.276 0.2355 0.2355 0.2415
0.2645 0.2685 0.2685 0.257 0.257 0.2665 0.2665 0.2665 0.27 0.27 0.263 0.263 0.2685 0.2685 0.2785 0.2785 0.2785 0.283 0.283 0.2645 0.2645 0.271 0.271 0.271 0.2755 0.2755 0.2695 0.2695 0.26 0.26 0.26 0.273 0.273 0.278 0.278 0.275 0.275 0.275 0.263 0.263 0.2555 0.2555 0.249 0.249 0.249 0.2655 0.2655 0.2555 0.2555 0.2555 0.2555 0.278 0.278 0.278 0.259 0.259 0.268 0.268 0.262 0.262 0.262 0.252 0.252 0.254 0.254 0.2665 0.2665 0.2665 0.2695 0.2695 0.267 0.267 0.27 0.27 0.27 0.2395 0.2395 0.254
0.2645 0.2685 0.2685 0.257 0.257 0.2665 0.2665 0.2665 0.27 0.27 0.263 0.263 0.2685 0.2685 0.2785 0.2785 0.2785 0.283 0.283 0.2645 0.2645 0.271 0.271 0.271 0.2755 0.2755 0.2695 0.2695 0.26 0.26 0.26 0.273 0.273 0.278 0.278 0.275 0.275 0.275 0.263 0.263 0.2555 0.2555 0.249 0.249 0.249 0.2655 0.2655 0.2555 0.2555 0.2555 0.2555 0.278 0.278 0.278 0.259 0.259 0.268 0.268 0.262 0.262 0.262 0.252 0.252 0.254 0.254 0.2665 0.2665 0.2665 0.2695 0.2695 0.267 0.267 0.27 0.27 0.27 0.2395 0.2395 0.254
0.245 0.2235 0.2235 0.222 0.222 0.241 0.241 0.241 0.2635 0.2635 0.2585 0.2585 0.268 0.268 0.2795 0.2795 0.2795 0.291 0.291 0.278 0.278 0.266 0.266 0.266 0.2695 0.2695 0.2665 0.2665 0.2595 0.2595 0.2595 0.255 0.255 0.2805 0.2805 0.2685 0.2685 0.2685 0.249 0.249 0.2435 0.2435 0.254 0.254 0.254 0.259 0.259 0.275 0.275 0.272 0.272 0.2725 0.2725 0.2725 0.25 0.25 0.2505 0.2505 0.2595 0.2595 0.2595 0.2525 0.2525 0.2495 0.2495 0.247 0.247 0.247 0.276 0.276 0.269 0.269 0.2785 0.2785 0.2785 0.26 0.26 0.2615
0.245 0.2235 0.2235 0.222 0.222 0.241 0.241 0.241 0.2635 0.2635 0.2585 0.2585 0.268 0.268 0.2795 0.2795 0.2795 0.291 0.291 0.278 0.278 0.266 0.266 0.266 0.2695 0.2695 0.2665 0.2665 0.2595 0.2595 0.2595 0.255 0.255 0.2805 0.2805 0.2685 0.2685 0.2685 0.249 0.249 0.2435 0.2435 0.254 0.254 0.254 0.259 0.259 0.275 0.275 0.272 0.272 0.2725 0.2725 0.2725 0.25 0.25 0.2505 0.2505 0.2595 0.2595 0.2595 0.2525 0.2525 0.2495 0.2495 0.247 0.247 0.247 0.276 0.276 0.269 0.269 0.2785 0.2785 0.2785 0.26 0.26 0.2615
0.245 0.2235 0.2235 0.222 0.222 0.241 0.241 0.241 0.2635 0.2635 0.2585 0.2585 0.268 0.268 0.2795 0.2795 0.2795 0.291 0.291 0.278 0.278 0.266 0.266 0.266 0.2695 0.2695 0.2665 0.2665 0.2595 0.2595 0.2595 0.255 0.255 0.2805 0.2805 0.2685 0.2685 0.2685 0.249 0.249 0.2435 0.2435 0.254 0.254 0.254 0.259 0.259 0.275 0.275 0.272 0.272 0.2725 0.2725 0.2725 0.25 0.25 0.2505 0.2505 0.2595 0.2595 0.2595 0.2525 0.2525 0.2495 0.2495 0.247 0.247 0.247 0.276 0.276 0.269 0.269 0.2785 0.2785 0.2785 0.26 0.26 0.2615
0.2415 0.207 0.207 0.217 0.217 0.2305 0.2305 0.2305 0.246 0.246 0.2595 0.2595 0.2675 0.2675 0.274 0.274 0.274 0.2895 0.2895 0.289 0.289 0.269 0.269 0.269 0.251 0.251 0.2645 0.2645 0.2635 0.2635 0.2635 0.2765 0.2765 0.2765 0.2765 0.268 0.268 0.268 0.278 0.278 0.2825 0.2825 0.279 0.279 0.279 0.2825 0.2825 0.277 0.277 0.265 0.265 0.288 0.288 0.288 0.2675 0.2675 0.263 0.263 0.266 0.266 0.266 0.255 0.255 0.258 0.258 0.2585 0.2585 0.2585 0.2685 0.2685 0.2665 0.2665 0.2745 0.2745 0.2745 0.261 0.261 0.276
0.2415 0.207 0.207 0.217 0.217 0.2305 0.2305 0.2305 0.246 0.246 0.2595 0.2595 0.2675 0.2675 0.274 0.274 0.274 0.2895 0.2895 0.289 0.289 0.269 0.269 0.269 0.251 0.251 0.2645 0.2645 0.2635 0.2635 0.2635 0.2765 0.2765 0.2765 0.2765 0.268 0.268 0.268 0.278 0.278 0.2825 0.2825 0.279 0.279 0.279 0.2825 0.2825 0.277 0.277 0.265 0.265 0.288 0.288 0.288 0.2675 0.2675 0.263 0.263 0.266 0.266 0.266 0.255 0.255 0.258 0.258 0.2585 0.2585 0.2585 0.2685 0.2685 0.2665 0.2665 0.2745 0.2745 0.2745 0.261 0.261 0.276
0.207 0.2265 0.2265 0.212 0.212 0.267 0.267 0.267 0.259 0.259 0.2635 0.2635 0.2735 0.2735 0.2615 0.2615 0.2615 0.272 0.272 0.266 0.266 0.261 0.261 0.261 0.267 0.267 0.2795 0.2795 0.258 0.258 0.258 0.2755 0.2755 0.281 0.281 0.283 0.283 0.283 0.2995 0.2995 0.302 0.302 0.291 0.291 0.291 0.27 0.27 0.2905 0.2905 0.297 0.297 0.303 0.303 0.303 0.298 0.298 0.284 0.284 0.2815 0.2815 0.2815 0.284 0.284 0.2765 0.2765 0.271 0.271 0.271 0.265 0.265 0.269 0.269 0.279 0.279 0.279 0.2665 0.2665 0.2695
0.207 0.2265 0.2265 0.212 0.212 0.267 0.267 0.267 0.259 0.259 0.2635 0.2635 0.2735 0.2735 0.2615 0.2615 0.2615 0.272 0.272 0.266 0.266 0.261 0.261 0.261 0.267 0.267 0.2795 0.2795 0.258 0.258 0.258 0.2755 0.2755 0.281 0.281 0.283 0.283 0.283 0.2995 0.2995 0.302 0.302 0.291 0.291 0.291 0.27 0.27 0.2905 0.2905 0.297 0.297 0.303 0.303 0.303 0.298 0.298 0.284 0.284 0.2815 0.2815 0.2815 0.284 0.284 0.2765 0.2765 0.271 0.271 0.271 0.265 0.265 0.269 0.269 0.279 0.279 0.279 0.2665 0.2665 0.2695
0.2565 0.2315 0.2315 0.2355 0.2355 0.2555 0.2555 0.2555 0.244 0.244 0.2555 0.2555 0.27 0.27 0.244 0.244 0.244 0.262 0.262 0.253 0.253 0.265 0.265 0.265 0.2715 0.2715 0.2725 0.2725 0.288 0.288 0.288 0.3035 0.3035 0.292 0.292 0.3 0.3 0.3 0.299 0.299 0.3015 0.3015 0.2935 0.2935 0.2935 0.265 0.265 0.2905 0.2905 0.309 0.309 0.298 0.298 0.298 0.307 0.307 0.2935 0.2935 0.2735 0.2735 0.2735 0.276 0.276 0.2745 0.2745 0.286 0.286 0.286 0.283 0.283 0.283 0.283 0.285 0.285 0.285 0.294 0.294 0.281
0.2565 0.2315 0.2315 0.2355 0.2355 0.2555 0.2555 0.2555 0.244 0.244 0.2555 0.2555 0.27 0.27 0.244 0.244 0.244 0.262 0.262 0.253 0.253 0.265 0.265 0.265 0.2715 0.2715 0.2725 0.2725 0.288 0.288 0.288 0.3035 0.3035 0.292 0.292 0.3 0.3 0.3 0.299 0.299 0.3015 0.3015 0.2935 0.2935 0.2935 0.265 0.265 0.2905 0.2905 0.309 0.309 0.298 0.298 0.298 0.307 0.307 0.2935 0.2935 0.2735 0.2735 0.2735 0.276 0.276 0.2745 0.2745 0.286 0.286 0.286 0.283 0.283 0.283 0.283 0.285 0.285 0.285 0.294 0.294 0.281
0.2645 0.241 0.241 0.2665 0.2665 0.2565 0.2565 0.2565 0.259 0.259 0.269 0.269 0.256 0.256 0.2595 0.2595 0.2595 0.274 0.274 0.285 0.285 0.2725 0.2725 0.2725 0.2785 0.2785 0.2985 0.2985 0.2935 0.2935 0.2935 0.291 0.291 0.2965 0.2965 0.301 0.301 0.301 0.291 0.291 0.297 0.297 0.2955 0.2955 0.2955 0.2905 0.2905 0.292 0.292 0.2935 0.2935 0.3 0.3 0.3 0.2925 0.2925 0.3005 0.3005 0.2925 0.2925 0.2925 0.291 0.291 0.3055 0.3055 0.3015 0.3015 0.3015 0.294 0.294 0.2855 0.2855 0.2965 0.2965 0.2965 0.2985 0.2985 0.306
0.2645 0.241 0.241 0.2665 0.2665 0.2565 0.2565 0.2565 0.259 0.259 0.269 0.269 0.256 0.256 0.2595 0.2595 0.2595 0.274 0.274 0.285 0.285 0.2725 0.2725 0.2725 0.2785 0.2785 0.2985 0.2985 0.2935 0.2935 0.2935 0.291 0.291 0.2965 0.2965 0.301 0.301 0.301 0.291 0.291 0.297 0.297 0.2955 0.2955 0.2955 0.2905 0.2905 0.292 0.292 0.2935 0.2935 0.3 0.3 0.3 0.2925 0.2925 0.3005 0.3005 0.2925 0.2925 0.2925 0.291 0.291 0.3055 0.3055 0.3015 0.3015 0.3015 0.294 0.294 0.2855 0.2855 0.2965 0.2965 0.2965 0.2985 0.2985 0.306
0.2645 0.241 0.241 0.2665 0.2665 0.2565 0.2565 0.2565 0.259 0.259 0.269 0.269 0.256 0.256 0.2595 0.2595 0.2595 0.274 0.274 0.285 0.285 0.2725 0.2725 0.2725 0.2785 0.2785 0.2985 0.2985 0.2935 0.2935 0.2935 0.291 0.291 0.2965 0.2965 0.301 0.301 0.301 0.291 0.291 0.297 0.297 0.2955 0.2955 0.2955 0.2905 0.2905 0.292 0.292 0.2935 0.2935 0.3 0.3 0.3 0.2925 0.2925 0.3005 0.3005 0.2925 0.2925 0.2925 0.291 0.291 0.3055 0.3055 0.3015 0.3015 0.3015 0.294 0.294 0.2855 0.2855 0.2965 0.2965 0.2965 0.2985 0.2985 0.306
0.273 0.2675 0.2675 0.2765 0.2765 0.27 0.27 0.27 0.2735 0.2735 0.266 0.266 0.2565 0.2565 0.266 0.266 0.266 0.269 0.269 0.268 0.268 0.275 0.275 0.275 0.281 0.281 0.2815 0.2815 0.2945 0.2945 0.2945 0.289 0.289 0.3035 0.3035 0.313 0.313 0.313 0.3185 0.3185 0.3055 0.3055 0.2985 0.2985 0.2985 0.292 0.292 0.294 0.294 0.2945 0.2945 0.2985 0.2985 0.2985 0.294 0.294 0.287 0.287 0.295 0.295 0.295 0.292 0.292 0.2965 0.2965 0.302 0.302 0.302 0.297 0.297 0.3025 0.3025 0.299 0.299 0.299 0.2955 0.2955 0.2875
0.273 0.2675 0.2675 0.2765 0.2765 0.27 0.27 0.27 0.2735 0.2735 0.266 0.266 0.2565 0.2565 0.266 0.266 0.266 0.269 0.269 0.268 0.268 0.275 0.275 0.275 0.281 0.281 0.2815 0.2815 0.2945 0.2945 0.2945 0.289 0.289 0.3035 0.3035 0.313 0.313 0.313 0.3185 0.3185 0.3055 0.3055 0.2985 0.2985 0.2985 0.292 0.292 0.294 0.294 0.2945 0.2945 0.2985 0.2985 0.2985 0.294 0.294 0.287 0.287 0.295 0.295 0.295 0.292 0.292 0.2965 0.2965 0.302 0.302 0.302 0.297 0.297 0.3025 0.3025 0.299 0.299 0.299 0.2955 0.2955 0.2875
0.2515 0.2645 0.2645 0.268 0.268 0.258 0.258 0.258 0.273 0.273 0.278 0.278 0.278 0.278 0.278 0.278 0.278 0.2825 0.2825 0.281 0.281 0.2805 0.2805 0.2805 0.288 0.288 0.2685 0.2685 0.292 0.292 0.292 0.305 0.305 0.307 0.307 0.33 0.33 0.33 0.319 0.319 0.3275 0.3275 0.3055 0.3055 0.3055 0.299 0.299 0.3075 0.3075 0.303 0.303 0.2945 0.2945 0.2945 0.304 0.304 0.3025 0.3025 0.3105 0.3105 0.3105 0.29 0.29 0.3185 0.3185 0.308 0.308 0.308 0.3 0.3 0.3055 0.3055 0.322 0.322 0.322 0.321 0.321 0.309
0.2515 0.2645 0.2645 0.268 0.268 0.258 0.258 0.258 0.273 0.273 0.278 0.278 0.278 0.278 0.278 0.278 0.278 0.2825 0.2825 0.281 0.281 0.2805 0.2805 0.2805 0.288 0.288 0.2685 0.2685 0.292 0.292 0.292 0.305 0.305 0.307 0.307 0.33 0.33 0.33 0.319 0.319 0.3275 0.3275 0.3055 0.3055 0.3055 0.299 0.299 0.3075 0.3075 0.303 0.303 0.2945 0.2945 0.2945 0.304 0.304 0.3025 0.3025 0.3105 0.3105 0.3105 0.29 0.29 0.3185 0.3185 0.308 0.308 0.308 0.3 0.3 0.3055 0.3055 0.322 0.322 0.322 0.321 0.321 0.309
0.26 0.2625 0.2625 0.2745 0.2745 0.282 0.282 0.282 0.2795 0.2795 0.2805 0.2805 0.281 0.281 0.277 0.277 0.277 0.292 0.292 0.292 0.292 0.291 0.291 0.291 0.2995 0.2995 0.28 0.28 0.2955 0.2955 0.2955 0.3135 0.3135 0.3255 0.3255 0.328 0.328 0.328 0.3305 0.3305 0.331 0.331 0.3235 0.3235 0.3235 0.339 0.339 0.313 0.313 0.313 0.313 0.294 0.294 0.294 0.2995 0.2995 0.3105 0.3105 0.307 0.307 0.307 0.311 0.311 0.314 0.314 0.3335 0.3335 0.3335 0.317 0.317 0.3175 0.3175 0.318 0.318 0.318 0.3205 0.3205 0.3335
0.26 0.2625 0.2625 0.2745 0.2745 0.282 0.282 0.282 0.2795 0.2795 0.2805 0.2805 0.281 0.281 0.277 0.277 0.277 0.292 0.292 0.292 0.292 0.291 0.291 0.291 0.2995 0.2995 0.28 0.28 0.2955 0.2955 0.2955 0.3135 0.3135 0.3255 0.3255 0.328 0.328 0.328 0.3305 0.3305 0.331 0.331 0.3235 0.3235 0.3235 0.339 0.339 0.313 0.313 0.313 0.313 0.294 0.294 0.294 0.2995 0.2995 0.3105 0.3105 0.307 0.307 0.307 0.311 0.311 0.314 0.314 0.3335 0.3335 0.3335 0.317 0.317 0.3175 0.3175 0.318 0.318 0.318 0.3205 0.3205 0.3335
0.26 0.2625 0.2625 0.2745 0.2745 0.282 0.282 0.282 0.2795 0.2795 0.2805 0.2805 0.281 0.281 0.277 0.277 0.277 0.292 0.292 0.292 0.292 0.291 0.291 0.291 0.2995 0.2995 0.28 0.28 0.2955 0.2955 0.2955 0.3135 0.3135 0.3255 0.3255 0.328 0.328 0.328 0.3305 0.3305 0.331 0.331 0.3235 0.3235 0.3235 0.339 0.339 0.313 0.313 0.313 0.313 0.294 0.294 0.294 0.2995 0.2995 0.3105 0.3105 0.307 0.307 0.307 0.311 0.311 0.314 0.314 0.3335 0.3335 0.3335 0.317 0.317 0.3175 0.3175 0.318 0.318 0.318 0.3205 0.3205 0.3335
