ndvi/NOAA-191.asc
ncols         252
nrows         154
xllcorner     -18.017974
yllcorner     13.481982
cellsize      0.035948
NODATA_value  -9999
[rows 102 to 135 of 154, columns 77 to 153 of 252]
0.243 0.243 0.24 0.24 0.2545 0.2545 0.2725 0.2725 0.2725 0.2695 0.2695 0.2585 0.2585 0.245 0.245 0.235 0.235 0.235 0.265 0.265 0.271 0.271 0.29 0.29 0.29 0.2925 0.2925 0.306 0.306 0.3065 0.3065 0.3065 0.302 0.302 0.323 0.323 0.3155 0.3155 0.3155 0.3145 0.3145 0.3205 0.3205 0.324 0.324 0.324 0.3295 0.3295 0.3185 0.3185 0.324 0.324 0.3225 0.3225 0.3225 0.3065 0.3065 0.296 0.296 0.2625 0.2625 0.2625 0.268 0.268 0.295 0.295 0.3235 0.3235 0.3235 0.33 0.33 0.3 0.3 0.283 0.283 0.283 0.2595
0.276 0.276 0.274 0.274 0.2805 0.2805 0.273 0.273 0.273 0.248 0.248 0.262 0.262 0.257 0.257 0.272 0.272 0.272 0.2855 0.2855 0.275 0.275 0.2445 0.2445 0.2445 0.266 0.266 0.3005 0.3005 0.289 0.289 0.289 0.298 0.298 0.2925 0.2925 0.3175 0.3175 0.3175 0.311 0.311 0.3075 0.3075 0.332 0.332 0.332 0.3325 0.3325 0.3115 0.3115 0.326 0.326 0.334 0.334 0.334 0.312 0.312 0.2965 0.2965 0.304 0.304 0.304 0.275 0.275 0.2765 0.2765 0.3355 0.3355 0.3355 0.322 0.322 0.286 0.286 0.32 0.32 0.32 0.2765
0.276 0.276 0.274 0.274 0.2805 0.2805 0.273 0.273 0.273 0.248 0.248 0.262 0.262 0.257 0.257 0.272 0.272 0.272 0.2855 0.2855 0.275 0.275 0.2445 0.2445 0.2445 0.266 0.266 0.3005 0.3005 0.289 0.289 0.289 0.298 0.298 0.2925 0.2925 0.3175 0.3175 0.3175 0.311 0.311 0.3075 0.3075 0.332 0.332 0.332 0.3325 0.3325 0.3115 0.3115 0.326 0.326 0.334 0.334 0.334 0.312 0.312 0.2965 0.2965 0.304 0.304 0.304 0.275 0.275 0.2765 0.2765 0.3355 0.3355 0.3355 0.322 0.322 0.286 0.286 0.32 0.32 0.32 0.2765
0.276 0.276 0.274 0.274 0.2805 0.2805 0.273 0.273 0.273 0.248 0.248 0.262 0.262 0.257 0.257 0.272 0.272 0.272 0.2855 0.2855 0.275 0.275 0.2445 0.2445 0.2445 0.266 0.266 0.3005 0.3005 0.289 0.289 0.289 0.298 0.298 0.2925 0.2925 0.3175 0.3175 0.3175 0.311 0.311 0.3075 0.3075 0.332 0.332 0.332 0.3325 0.3325 0.3115 0.3115 0.326 0.326 0.334 0.334 0.334 0.312 0.312 0.2965 0.2965 0.304 0.304 0.304 0.275 0.275 0.2765 0.2765 0.3355 0.3355 0.3355 0.322 0.322 0.286 0.286 0.32 0.32 0.32 0.2765
0.2775 0.2775 0.268 0.268 0.2835 0.2835 0.3085 0.3085 0.3085 0.2765 0.2765 0.2515 0.2515 0.262 0.262 0.2705 0.2705 0.2705 0.2715 0.2715 0.2935 0.2935 0.2965 0.2965 0.2965 0.315 0.315 0.313 0.313 0.299 0.299 0.299 0.3065 0.3065 0.308 0.308 0.317 0.317 0.317 0.3035 0.3035 0.3125 0.3125 0.317 0.317 0.317 0.3245 0.3245 0.3355 0.3355 0.351 0.351 0.3605 0.3605 0.3605 0.3395 0.3395 0.308 0.308 0.3535 0.3535 0.3535 0.291 0.291 0.3295 0.3295 0.3005 0.3005 0.3005 0.27 0.27 0.2885 0.2885 0.2555 0.2555 0.2555 0.272
0.2775 0.2775 0.268 0.268 0.2835 0.2835 0.3085 0.3085 0.3085 0.2765 0.2765 0.2515 0.2515 0.262 0.262 0.2705 0.2705 0.2705 0.2715 0.2715 0.2935 0.2935 0.2965 0.2965 0.2965 0.315 0.315 0.313 0.313 0.299 0.299 0.299 0.3065 0.3065 0.308 0.308 0.317 0.317 0.317 0.3035 0.3035 0.3125 0.3125 0.317 0.317 0.317 0.3245 0.3245 0.3355 0.3355 0.351 0.351 0.3605 0.3605 0.3605 0.3395 0.3395 0.308 0.308 0.3535 0.3535 0.3535 0.291 0.291 0.3295 0.3295 0.3005 0.3005 0.3005 0.27 0.27 0.2885 0.2885 0.2555 0.2555 0.2555 0.272
0.294 0.294 0.277 0.277 0.297 0.297 0.293 0.293 0.293 0.2865 0.2865 0.2675 0.2675 0.2715 0.2715 0.271 0.271 0.271 0.3025 0.3025 0.32 0.32 0.32 0.32 0.32 0.355 0.355 0.3355 0.3355 0.317 0.317 0.317 0.3275 0.3275 0.3065 0.3065 0.319 0.319 0.319 0.2995 0.2995 0.305 0.305 0.3455 0.3455 0.3455 0.336 0.336 0.344 0.344 0.3535 0.3535 0.3545 0.3545 0.3545 0.336 0.336 0.3255 0.3255 0.321 0.321 0.321 0.3255 0.3255 0.308 0.308 0.3085 0.3085 0.3085 0.2835 0.2835 0.287 0.287 0.276 0.276 0.276 0.279
0.294 0.294 0.277 0.277 0.297 0.297 0.293 0.293 0.293 0.2865 0.2865 0.2675 0.2675 0.2715 0.2715 0.271 0.271 0.271 0.3025 0.3025 0.32 0.32 0.32 0.32 0.32 0.355 0.355 0.3355 0.3355 0.317 0.317 0.317 0.3275 0.3275 0.3065 0.3065 0.319 0.319 0.319 0.2995 0.2995 0.305 0.305 0.3455 0.3455 0.3455 0.336 0.336 0.344 0.344 0.3535 0.3535 0.3545 0.3545 0.3545 0.336 0.336 0.3255 0.3255 0.321 0.321 0.321 0.3255 0.3255 0.308 0.308 0.3085 0.3085 0.3085 0.2835 0.2835 0.287 0.287 0.276 0.276 0.276 0.279
0.31 0.31 0.2835 0.2835 0.2815 0.2815 0.2855 0.2855 0.2855 0.2765 0.2765 0.289 0.289 0.2945 0.2945 0.296 0.296 0.296 0.3215 0.3215 0.34 0.34 0.3385 0.3385 0.3385 0.342 0.342 0.324 0.324 0.322 0.322 0.322 0.3095 0.3095 0.337 0.337 0.363 0.363 0.363 0.354 0.354 0.3375 0.3375 0.32 0.32 0.32 0.3125 0.3125 0.3385 0.3385 0.37 0.37 0.395 0.395 0.395 0.3685 0.3685 0.3415 0.3415 0.342 0.342 0.342 0.3395 0.3395 0.3495 0.3495 0.335 0.335 0.335 0.321 0.321 0.29 0.29 0.3205 0.3205 0.3205 0.2925
0.31 0.31 0.2835 0.2835 0.2815 0.2815 0.2855 0.2855 0.2855 0.2765 0.2765 0.289 0.289 0.2945 0.2945 0.296 0.296 0.296 0.3215 0.3215 0.34 0.34 0.3385 0.3385 0.3385 0.342 0.342 0.324 0.324 0.322 0.322 0.322 0.3095 0.3095 0.337 0.337 0.363 0.363 0.363 0.354 0.354 0.3375 0.3375 0.32 0.32 0.32 0.3125 0.3125 0.3385 0.3385 0.37 0.37 0.395 0.395 0.395 0.3685 0.3685 0.3415 0.3415 0.342 0.342 0.342 0.3395 0.3395 0.3495 0.3495 0.335 0.335 0.335 0.321 0.321 0.29 0.29 0.3205 0.3205 0.3205 0.2925
0.31 0.31 0.2835 0.2835 0.2815 0.2815 0.2855 0.2855 0.2855 0.2765 0.2765 0.289 0.289 0.2945 0.2945 0.296 0.296 0.296 0.3215 0.3215 0.34 0.34 0.3385 0.3385 0.3385 0.342 0.342 0.324 0.324 0.322 0.322 0.322 0.3095 0.3095 0.337 0.337 0.363 0.363 0.363 0.354 0.354 0.3375 0.3375 0.32 0.32 0.32 0.3125 0.3125 0.3385 0.3385 0.37 0.37 0.395 0.395 0.395 0.3685 0.3685 0.3415 0.3415 0.342 0.342 0.342 0.3395 0.3395 0.3495 0.3495 0.335 0.335 0.335 0.321 0.321 0.29 0.29 0.3205 0.3205 0.3205 0.2925
0.278 0.278 0.2895 0.2895 0.293 0.293 0.2815 0.2815 0.2815 0.302 0.302 0.2925 0.2925 0.3025 0.3025 0.3085 0.3085 0.3085 0.313 0.313 0.335 0.335 0.374 0.374 0.374 0.3505 0.3505 0.3485 0.3485 0.337 0.337 0.337 0.3205 0.3205 0.3325 0.3325 0.3455 0.3455 0.3455 0.35 0.35 0.3375 0.3375 0.341 0.341 0.341 0.3645 0.3645 0.3605 0.3605 0.377 0.377 0.4015 0.4015 0.4015 0.386 0.386 0.372 0.372 0.3625 0.3625 0.3625 0.336 0.336 0.347 0.347 0.3595 0.3595 0.3595 0.3315 0.3315 0.312 0.312 0.2775 0.2775 0.2775 0.295
0.278 0.278 0.2895 0.2895 0.293 0.293 0.2815 0.2815 0.2815 0.302 0.302 0.2925 0.2925 0.3025 0.3025 0.3085 0.3085 0.3085 0.313 0.313 0.335 0.335 0.374 0.374 0.374 0.3505 0.3505 0.3485 0.3485 0.337 0.337 0.337 0.3205 0.3205 0.3325 0.3325 0.3455 0.3455 0.3455 0.35 0.35 0.3375 0.3375 0.341 0.341 0.341 0.3645 0.3645 0.3605 0.3605 0.377 0.377 0.4015 0.4015 0.4015 0.386 0.386 0.372 0.372 0.3625 0.3625 0.3625 0.336 0.336 0.347 0.347 0.3595 0.3595 0.3595 0.3315 0.3315 0.312 0.312 0.2775 0.2775 0.2775 0.295
0.305 0.305 0.2875 0.2875 0.2835 0.2835 0.3095 0.3095 0.3095 0.2945 0.2945 0.3045 0.3045 0.304 0.304 0.31 0.31 0.31 0.333 0.333 0.341 0.341 0.364 0.364 0.364 0.3575 0.3575 0.3345 0.3345 0.323 0.323 0.323 0.3295 0.3295 0.341 0.341 0.315 0.315 0.315 0.317 0.317 0.3405 0.3405 0.357 0.357 0.357 0.3505 0.3505 0.3695 0.3695 0.3825 0.3825 0.407 0.407 0.407 0.3625 0.3625 0.39 0.39 0.3595 0.3595 0.3595 0.3565 0.3565 0.341 0.341 0.3675 0.3675 0.3675 0.3805 0.3805 0.336 0.336 0.3265 0.3265 0.3265 0.278
0.305 0.305 0.2875 0.2875 0.2835 0.2835 0.3095 0.3095 0.3095 0.2945 0.2945 0.3045 0.3045 0.304 0.304 0.31 0.31 0.31 0.333 0.333 0.341 0.341 0.364 0.364 0.364 0.3575 0.3575 0.3345 0.3345 0.323 0.323 0.323 0.3295 0.3295 0.341 0.341 0.315 0.315 0.315 0.317 0.317 0.3405 0.3405 0.357 0.357 0.357 0.3505 0.3505 0.3695 0.3695 0.3825 0.3825 0.407 0.407 0.407 0.3625 0.3625 0.39 0.39 0.3595 0.3595 0.3595 0.3565 0.3565 0.341 0.341 0.3675 0.3675 0.3675 0.3805 0.3805 0.336 0.336 0.3265 0.3265 0.3265 0.278
0.306 0.306 0.2845 0.2845 0.289 0.289 0.3055 0.3055 0.3055 0.3045 0.3045 0.305 0.305 0.3105 0.3105 0.3145 0.3145 0.3145 0.3195 0.3195 0.3705 0.3705 0.3585 0.3585 0.3585 0.3505 0.3505 0.315 0.315 0.3285 0.3285 0.3285 0.3165 0.3165 0.313 0.313 0.3305 0.3305 0.3305 0.349 0.349 0.3715 0.3715 0.361 0.361 0.361 0.3825 0.3825 0.4065 0.4065 0.394 0.394 0.4045 0.4045 0.4045 0.394 0.394 0.371 0.371 0.36 0.36 0.36 0.3685 0.3685 0.352 0.352 0.3495 0.3495 0.3495 0.3545 0.3545 0.332 0.332 0.316 0.316 0.316 0.3075
0.306 0.306 0.2845 0.2845 0.289 0.289 0.3055 0.3055 0.3055 0.3045 0.3045 0.305 0.305 0.3105 0.3105 0.3145 0.3145 0.3145 0.3195 0.3195 0.3705 0.3705 0.3585 0.3585 0.3585 0.3505 0.3505 0.315 0.315 0.3285 0.3285 0.3285 0.3165 0.3165 0.313 0.313 0.3305 0.3305 0.3305 0.349 0.349 0.3715 0.3715 0.361 0.361 0.361 0.3825 0.3825 0.4065 0.4065 0.394 0.394 0.4045 0.4045 0.4045 0.394 0.394 0.371 0.371 0.36 0.36 0.36 0.3685 0.3685 0.352 0.352 0.3495 0.3495 0.3495 0.3545 0.3545 0.332 0.332 0.316 0.316 0.316 0.3075
0.306 0.306 0.2845 0.2845 0.289 0.289 0.3055 0.3055 0.3055 0.3045 0.3045 0.305 0.305 0.3105 0.3105 0.3145 0.3145 0.3145 0.3195 0.3195 0.3705 0.3705 0.3585 0.3585 0.3585 0.3505 0.3505 0.315 0.315 0.3285 0.3285 0.3285 0.3165 0.3165 0.313 0.313 0.3305 0.3305 0.3305 0.349 0.349 0.3715 0.3715 0.361 0.361 0.361 0.3825 0.3825 0.4065 0.4065 0.394 0.394 0.4045 0.4045 0.4045 0.394 0.394 0.371 0.371 0.36 0.36 0.36 0.3685 0.3685 0.352 0.352 0.3495 0.3495 0.3495 0.3545 0.3545 0.332 0.332 0.316 0.316 0.316 0.3075
0.2815 0.2815 0.273 0.273 0.2855 0.2855 0.309 0.309 0.309 0.308 0.308 0.295 0.295 0.3065 0.3065 0.314 0.314 0.314 0.313 0.313 0.337 0.337 0.3485 0.3485 0.3485 0.356 0.356 0.3695 0.3695 0.3665 0.3665 0.3665 0.345 0.345 0.3515 0.3515 0.3925 0.3925 0.3925 0.4005 0.4005 0.3895 0.3895 0.401 0.401 0.401 0.378 0.378 0.3855 0.3855 0.382 0.382 0.387 0.387 0.387 0.3565 0.3565 0.3555 0.3555 0.378 0.378 0.378 0.3615 0.3615 0.3595 0.3595 0.3585 0.3585 0.3585 0.3435 0.3435 0.3195 0.3195 0.3235 0.3235 0.3235 0.3
0.2815 0.2815 0.273 0.273 0.2855 0.2855 0.309 0.309 0.309 0.308 0.308 0.295 0.295 0.3065 0.3065 0.314 0.314 0.314 0.313 0.313 0.337 0.337 0.3485 0.3485 0.3485 0.356 0.356 0.3695 0.3695 0.3665 0.3665 0.3665 0.345 0.345 0.3515 0.3515 0.3925 0.3925 0.3925 0.4005 0.4005 0.3895 0.3895 0.401 0.401 0.401 0.378 0.378 0.3855 0.3855 0.382 0.382 0.387 0.387 0.387 0.3565 0.3565 0.3555 0.3555 0.378 0.378 0.378 0.3615 0.3615 0.3595 0.3595 0.3585 0.3585 0.3585 0.3435 0.3435 0.3195 0.3195 0.3235 0.3235 0.3235 0.3
0.297 0.297 0.287 0.287 0.3 0.3 0.3015 0.3015 0.3015 0.298 0.298 0.294 0.294 0.3295 0.3295 0.3145 0.3145 0.3145 0.3215 0.3215 0.338 0.338 0.357 0.357 0.357 0.3805 0.3805 0.371 0.371 0.381 0.381 0.381 0.3805 0.3805 0.3695 0.3695 0.3765 0.3765 0.3765 0.39 0.39 0.3485 0.3485 0.352 0.352 0.352 0.366 0.366 0.375 0.375 0.3905 0.3905 0.365 0.365 0.365 0.378 0.378 0.3855 0.3855 0.379 0.379 0.379 0.3755 0.3755 0.3645 0.3645 0.3415 0.3415 0.3415 0.344 0.344 0.3255 0.3255 0.3215 0.3215 0.3215 0.3025
0.297 0.297 0.287 0.287 0.3 0.3 0.3015 0.3015 0.3015 0.298 0.298 0.294 0.294 0.3295 0.3295 0.3145 0.3145 0.3145 0.3215 0.3215 0.338 0.338 0.357 0.357 0.357 0.3805 0.3805 0.371 0.371 0.381 0.381 0.381 0.3805 0.3805 0.3695 0.3695 0.3765 0.3765 0.3765 0.39 0.39 0.3485 0.3485 0.352 0.352 0.352 0.366 0.366 0.375 0.375 0.3905 0.3905 0.365 0.365 0.365 0.378 0.378 0.3855 0.3855 0.379 0.379 0.379 0.3755 0.3755 0.3645 0.3645 0.3415 0.3415 0.3415 0.344 0.344 0.3255 0.3255 0.3215 0.3215 0.3215 0.3025
0.318 0.318 0.3075 0.3075 0.31 0.31 0.304 0.304 0.304 0.3085 0.3085 0.319 0.319 0.3445 0.3445 0.32 0.32 0.32 0.3375 0.3375 0.3385 0.3385 0.36 0.36 0.36 0.376 0.376 0.3455 0.3455 0.3475 0.3475 0.3475 0.349 0.349 0.357 0.357 0.403 0.403 0.403 0.3805 0.3805 0.3625 0.3625 0.39 0.39 0.39 0.335 0.335 0.3575 0.3575 0.364 0.364 0.346 0.346 0.346 0.38 0.38 0.361 0.361 0.3855 0.3855 0.3855 0.379 0.379 0.374 0.374 0.3695 0.3695 0.3695 0.34 0.34 0.344 0.344 0.317 0.317 0.317 0.315
0.318 0.318 0.3075 0.3075 0.31 0.31 0.304 0.304 0.304 0.3085 0.3085 0.319 0.319 0.3445 0.3445 0.32 0.32 0.32 0.3375 0.3375 0.3385 0.3385 0.36 0.36 0.36 0.376 0.376 0.3455 0.3455 0.3475 0.3475 0.3475 0.349 0.349 0.357 0.357 0.403 0.403 0.403 0.3805 0.3805 0.3625 0.3625 0.39 0.39 0.39 0.335 0.335 0.3575 0.3575 0.364 0.364 0.346 0.346 0.346 0.38 0.38 0.361 0.361 0.3855 0.3855 0.3855 0.379 0.379 0.374 0.374 0.3695 0.3695 0.3695 0.34 0.34 0.344 0.344 0.317 0.317 0.317 0.315
0.336 0.336 0.33 0.33 0.2995 0.2995 0.319 0.319 0.319 0.331 0.331 0.35 0.35 0.34 0.34 0.3535 0.3535 0.3535 0.3425 0.3425 0.3485 0.3485 0.359 0.359 0.359 0.3485 0.3485 0.3681 0.3681 0.343 0.343 0.343 0.3435 0.3435 0.3765 0.3765 0.349 0.349 0.349 0.377 0.377 0.3545 0.3545 0.3435 0.3435 0.3435 0.394 0.394 0.362 0.362 0.343 0.343 0.339 0.339 0.339 0.328 0.328 0.345 0.345 0.373 0.373 0.373 0.3905 0.3905 0.3595 0.3595 0.349 0.349 0.349 0.3175 0.3175 0.319 0.319 0.3185 0.3185 0.3185 0.292
0.336 0.336 0.33 0.33 0.2995 0.2995 0.319 0.319 0.319 0.331 0.331 0.35 0.35 0.34 0.34 0.3535 0.3535 0.3535 0.3425 0.3425 0.3485 0.3485 0.359 0.359 0.359 0.3485 0.3485 0.3681 0.3681 0.343 0.343 0.343 0.3435 0.3435 0.3765 0.3765 0.349 0.349 0.349 0.377 0.377 0.3545 0.3545 0.3435 0.3435 0.3435 0.394 0.394 0.362 0.362 0.343 0.343 0.339 0.339 0.339 0.328 0.328 0.345 0.345 0.373 0.373 0.373 0.3905 0.3905 0.3595 0.3595 0.349 0.349 0.349 0.3175 0.3175 0.319 0.319 0.3185 0.3185 0.3185 0.292
0.336 0.336 0.33 0.33 0.2995 0.2995 0.319 0.319 0.319 0.331 0.331 0.35 0.35 0.34 0.34 0.3535 0.3535 0.3535 0.3425 0.3425 0.3485 0.3485 0.359 0.359 0.359 0.3485 0.3485 0.3681 0.3681 0.343 0.343 0.343 0.3435 0.3435 0.3765 0.3765 0.349 0.349 0.349 0.377 0.377 0.3545 0.3545 0.3435 0.3435 0.3435 0.394 0.394 0.362 0.362 0.343 0.343 0.339 0.339 0.339 0.328 0.328 0.345 0.345 0.373 0.373 0.373 0.3905 0.3905 0.3595 0.3595 0.349 0.349 0.349 0.3175 0.3175 0.319 0.319 0.3185 0.3185 0.3185 0.292
0.3545 0.3545 0.305 0.305 0.316 0.316 0.3135 0.3135 0.3135 0.3415 0.3415 0.3335 0.3335 0.3385 0.3385 0.367 0.367 0.367 0.342 0.342 0.34 0.34 0.347 0.347 0.347 0.361 0.361 0.35 0.35 0.365 0.365 0.365 0.3735 0.3735 0.3485 0.3485 0.37 0.37 0.37 0.367 0.367 0.351 0.351 0.3721 0.3721 0.3721 0.3515 0.3515 0.362 0.362 0.41 0.41 0.353 0.353 0.353 0.3375 0.3375 0.3385 0.3385 0.3485 0.3485 0.3485 0.3845 0.3845 0.3305 0.3305 0.354 0.354 0.354 0.3395 0.3395 0.328 0.328 0.328 0.328 0.328 0.296
0.3545 0.3545 0.305 0.305 0.316 0.316 0.3135 0.3135 0.3135 0.3415 0.3415 0.3335 0.3335 0.3385 0.3385 0.367 0.367 0.367 0.342 0.342 0.34 0.34 0.347 0.347 0.347 0.361 0.361 0.35 0.35 0.365 0.365 0.365 0.3735 0.3735 0.3485 0.3485 0.37 0.37 0.37 0.367 0.367 0.351 0.351 0.3721 0.3721 0.3721 0.3515 0.3515 0.362 0.362 0.41 0.41 0.353 0.353 0.353 0.3375 0.3375 0.3385 0.3385 0.3485 0.3485 0.3485 0.3845 0.3845 0.3305 0.3305 0.354 0.354 0.354 0.3395 0.3395 0.328 0.328 0.328 0.328 0.328 0.296
0.3555 0.3555 0.322 0.322 0.326 0.326 0.317 0.317 0.317 0.3525 0.3525 0.3345 0.3345 0.3475 0.3475 0.349 0.349 0.349 0.3655 0.3655 0.368 0.368 0.3795 0.3795 0.3795 0.374 0.374 0.415 0.415 0.3805 0.3805 0.3805 0.345 0.345 0.3795 0.3795 0.3731 0.3731 0.3731 0.3715 0.3715 0.374 0.374 0.3605 0.3605 0.3605 0.345 0.345 0.346 0.346 0.388 0.388 0.381 0.381 0.381 0.3255 0.3255 0.3535 0.3535 0.369 0.369 0.369 0.332 0.332 0.3515 0.3515 0.349 0.349 0.349 0.3535 0.3535 0.3315 0.3315 0.3225 0.3225 0.3225 0.371
0.3555 0.3555 0.322 0.322 0.326 0.326 0.317 0.317 0.317 0.3525 0.3525 0.3345 0.3345 0.3475 0.3475 0.349 0.349 0.349 0.3655 0.3655 0.368 0.368 0.3795 0.3795 0.3795 0.374 0.374 0.415 0.415 0.3805 0.3805 0.3805 0.345 0.345 0.3795 0.3795 0.3731 0.3731 0.3731 0.3715 0.3715 0.374 0.374 0.3605 0.3605 0.3605 0.345 0.345 0.346 0.346 0.388 0.388 0.381 0.381 0.381 0.3255 0.3255 0.3535 0.3535 0.369 0.369 0.369 0.332 0.332 0.3515 0.3515 0.349 0.349 0.349 0.3535 0.3535 0.3315 0.3315 0.3225 0.3225 0.3225 0.371
0.347 0.347 0.358 0.358 0.3575 0.3575 0.3415 0.3415 0.3415 0.3255 0.3255 0.341 0.341 0.3415 0.3415 0.354 0.354 0.354 0.3495 0.3495 0.3405 0.3405 0.371 0.371 0.371 0.3705 0.3705 0.3935 0.3935 0.3585 0.3585 0.3585 0.344 0.344 0.3846 0.3846 0.3806 0.3806 0.3806 0.3625 0.3625 0.3926 0.3926 0.4001 0.4001 0.4001 0.4046 0.4046 0.4056 0.4056 0.3915 0.3915 0.39 0.39 0.39 0.4175 0.4175 0.4006 0.4006 0.4046 0.4046 0.4046 0.4061 0.4061 0.373 0.373 0.4046 0.4046 0.4046 0.4555 0.4555 0.3535 0.3535 0.3095 0.3095 0.3095 0.38
0.347 0.347 0.358 0.358 0.3575 0.3575 0.3415 0.3415 0.3415 0.3255 0.3255 0.341 0.341 0.3415 0.3415 0.354 0.354 0.354 0.3495 0.3495 0.3405 0.3405 0.371 0.371 0.371 0.3705 0.3705 0.3935 0.3935 0.3585 0.3585 0.3585 0.344 0.344 0.3846 0.3846 0.3806 0.3806 0.3806 0.3625 0.3625 0.3926 0.3926 0.4001 0.4001 0.4001 0.4046 0.4046 0.4056 0.4056 0.3915 0.3915 0.39 0.39 0.39 0.4175 0.4175 0.4006 0.4006 0.4046 0.4046 0.4046 0.4061 0.4061 0.373 0.373 0.4046 0.4046 0.4046 0.4555 0.4555 0.3535 0.3535 0.3095 0.3095 0.3095 0.38
0.347 0.347 0.358 0.358 0.3575 0.3575 0.3415 0.3415 0.3415 0.3255 0.3255 0.341 0.341 0.3415 0.3415 0.354 0.354 0.354 0.3495 0.3495 0.3405 0.3405 0.371 0.371 0.371 0.3705 0.3705 0.3935 0.3935 0.3585 0.3585 0.3585 0.344 0.344 0.3846 0.3846 0.3806 0.3806 0.3806 0.3625 0.3625 0.3926 0.3926 0.4001 0.4001 0.4001 0.4046 0.4046 0.4056 0.4056 0.3915 0.3915 0.39 0.39 0.39 0.4175 0.4175 0.4006 0.4006 0.4046 0.4046 0.4046 0.4061 0.4061 0.373 0.373 0.4046 0.4046 0.4046 0.4555 0.4555 0.3535 0.3535 0.3095 0.3095 0.3095 0.38
