ndvi/NOAA-7.asc
ncols         252
nrows         154
xllcorner     -18.017974
yllcorner     13.481982
cellsize      0.035948
NODATA_value  -9999
[rows 102 to 135 of 154, columns 77 to 153 of 252]
0.258 0.258 0.2755 0.2755 0.3155 0.3155 0.3295 0.3295 0.3295 0.3295 0.3295 0.3095 0.3095 0.287 0.287 0.2735 0.2735 0.2735 0.2995 0.2995 0.3005 0.3005 0.324 0.324 0.324 0.3135 0.3135 0.2985 0.2985 0.3285 0.3285 0.3285 0.333 0.333 0.3425 0.3425 0.324 0.324 0.324 0.338 0.338 0.321 0.321 0.3285 0.3285 0.3285 0.301 0.301 0.297 0.297 0.3065 0.3065 0.322 0.322 0.322 0.315 0.315 0.316 0.316 0.276 0.276 0.276 0.325 0.325 0.281 0.281 0.3105 0.3105 0.3105 0.3095 0.3095 0.312 0.312 0.2965 0.2965 0.2965 0.2975
0.275 0.275 0.2765 0.2765 0.268 0.268 0.3035 0.3035 0.3035 0.3045 0.3045 0.2785 0.2785 0.289 0.289 0.2805 0.2805 0.2805 0.2825 0.2825 0.2955 0.2955 0.307 0.307 0.307 0.3085 0.3085 0.3065 0.3065 0.3095 0.3095 0.3095 0.321 0.321 0.323 0.323 0.3195 0.3195 0.3195 0.32 0.32 0.312 0.312 0.3065 0.3065 0.3065 0.32 0.32 0.3295 0.3295 0.34 0.34 0.306 0.306 0.306 0.297 0.297 0.318 0.318 0.287 0.287 0.287 0.291 0.291 0.35 0.35 0.293 0.293 0.293 0.283 0.283 0.3015 0.3015 0.3065 0.3065 0.3065 0.2705
0.275 0.275 0.2765 0.2765 0.268 0.268 0.3035 0.3035 0.3035 0.3045 0.3045 0.2785 0.2785 0.289 0.289 0.2805 0.2805 0.2805 0.2825 0.2825 0.2955 0.2955 0.307 0.307 0.307 0.3085 0.3085 0.3065 0.3065 0.3095 0.3095 0.3095 0.321 0.321 0.323 0.323 0.3195 0.3195 0.3195 0.32 0.32 0.312 0.312 0.3065 0.3065 0.3065 0.32 0.32 0.3295 0.3295 0.34 0.34 0.306 0.306 0.306 0.297 0.297 0.318 0.318 0.287 0.287 0.287 0.291 0.291 0.35 0.35 0.293 0.293 0.293 0.283 0.283 0.3015 0.3015 0.3065 0.3065 0.3065 0.2705
0.275 0.275 0.2765 0.2765 0.268 0.268 0.3035 0.3035 0.3035 0.3045 0.3045 0.2785 0.2785 0.289 0.289 0.2805 0.2805 0.2805 0.2825 0.2825 0.2955 0.2955 0.307 0.307 0.307 0.3085 0.3085 0.3065 0.3065 0.3095 0.3095 0.3095 0.321 0.321 0.323 0.323 0.3195 0.3195 0.3195 0.32 0.32 0.312 0.312 0.3065 0.3065 0.3065 0.32 0.32 0.3295 0.3295 0.34 0.34 0.306 0.306 0.306 0.297 0.297 0.318 0.318 0.287 0.287 0.287 0.291 0.291 0.35 0.35 0.293 0.293 0.293 0.283 0.283 0.3015 0.3015 0.3065 0.3065 0.3065 0.2705
0.291 0.291 0.2735 0.2735 0.2745 0.2745 0.2955 0.2955 0.2955 0.281 0.281 0.3115 0.3115 0.274 0.274 0.2555 0.2555 0.2555 0.26 0.26 0.281 0.281 0.2825 0.2825 0.2825 0.2995 0.2995 0.2955 0.2955 0.2765 0.2765 0.2765 0.3205 0.3205 0.3395 0.3395 0.3425 0.3425 0.3425 0.301 0.301 0.309 0.309 0.331 0.331 0.331 0.323 0.323 0.3255 0.3255 0.3295 0.3295 0.3045 0.3045 0.3045 0.283 0.283 0.304 0.304 0.3686 0.3686 0.3686 0.316 0.316 0.4005 0.4005 0.3315 0.3315 0.3315 0.2765 0.2765 0.276 0.276 0.294 0.294 0.294 0.2865
0.291 0.291 0.2735 0.2735 0.2745 0.2745 0.2955 0.2955 0.2955 0.281 0.281 0.3115 0.3115 0.274 0.274 0.2555 0.2555 0.2555 0.26 0.26 0.281 0.281 0.2825 0.2825 0.2825 0.2995 0.2995 0.2955 0.2955 0.2765 0.2765 0.2765 0.3205 0.3205 0.3395 0.3395 0.3425 0.3425 0.3425 0.301 0.301 0.309 0.309 0.331 0.331 0.331 0.323 0.323 0.3255 0.3255 0.3295 0.3295 0.3045 0.3045 0.3045 0.283 0.283 0.304 0.304 0.3686 0.3686 0.3686 0.316 0.316 0.4005 0.4005 0.3315 0.3315 0.3315 0.2765 0.2765 0.276 0.276 0.294 0.294 0.294 0.2865
0.2995 0.2995 0.268 0.268 0.278 0.278 0.2855 0.2855 0.2855 0.3295 0.3295 0.339 0.339 0.3395 0.3395 0.3085 0.3085 0.3085 0.3 0.3 0.3075 0.3075 0.3045 0.3045 0.3045 0.32 0.32 0.2925 0.2925 0.2955 0.2955 0.2955 0.3015 0.3015 0.3145 0.3145 0.321 0.321 0.321 0.3285 0.3285 0.3335 0.3335 0.3335 0.3335 0.3335 0.3205 0.3205 0.3245 0.3245 0.3385 0.3385 0.331 0.331 0.331 0.292 0.292 0.3145 0.3145 0.3205 0.3205 0.3205 0.3355 0.3355 0.3675 0.3675 0.369 0.369 0.369 0.325 0.325 0.263 0.263 0.2675 0.2675 0.2675 0.288
0.2995 0.2995 0.268 0.268 0.278 0.278 0.2855 0.2855 0.2855 0.3295 0.3295 0.339 0.339 0.3395 0.3395 0.3085 0.3085 0.3085 0.3 0.3 0.3075 0.3075 0.3045 0.3045 0.3045 0.32 0.32 0.2925 0.2925 0.2955 0.2955 0.2955 0.3015 0.3015 0.3145 0.3145 0.321 0.321 0.321 0.3285 0.3285 0.3335 0.3335 0.3335 0.3335 0.3335 0.3205 0.3205 0.3245 0.3245 0.3385 0.3385 0.331 0.331 0.331 0.292 0.292 0.3145 0.3145 0.3205 0.3205 0.3205 0.3355 0.3355 0.3675 0.3675 0.369 0.369 0.369 0.325 0.325 0.263 0.263 0.2675 0.2675 0.2675 0.288
0.314 0.314 0.279 0.279 0.269 0.269 0.2725 0.2725 0.2725 0.281 0.281 0.2825 0.2825 0.3 0.3 0.33 0.33 0.33 0.3135 0.3135 0.281 0.281 0.2775 0.2775 0.2775 0.266 0.266 0.2735 0.2735 0.3055 0.3055 0.3055 0.3135 0.3135 0.308 0.308 0.3305 0.3305 0.3305 0.275 0.275 0.3035 0.3035 0.2895 0.2895 0.2895 0.3055 0.3055 0.319 0.319 0.338 0.338 0.3435 0.3435 0.3435 0.3325 0.3325 0.3325 0.3325 0.359 0.359 0.359 0.3195 0.3195 0.328 0.328 0.347 0.347 0.347 0.3585 0.3585 0.347 0.347 0.34 0.34 0.34 0.2725
0.314 0.314 0.279 0.279 0.269 0.269 0.2725 0.2725 0.2725 0.281 0.281 0.2825 0.2825 0.3 0.3 0.33 0.33 0.33 0.3135 0.3135 0.281 0.281 0.2775 0.2775 0.2775 0.266 0.266 0.2735 0.2735 0.3055 0.3055 0.3055 0.3135 0.3135 0.308 0.308 0.3305 0.3305 0.3305 0.275 0.275 0.3035 0.3035 0.2895 0.2895 0.2895 0.3055 0.3055 0.319 0.319 0.338 0.338 0.3435 0.3435 0.3435 0.3325 0.3325 0.3325 0.3325 0.359 0.359 0.359 0.3195 0.3195 0.328 0.328 0.347 0.347 0.347 0.3585 0.3585 0.347 0.347 0.34 0.34 0.34 0.2725
0.314 0.314 0.279 0.279 0.269 0.269 0.2725 0.2725 0.2725 0.281 0.281 0.2825 0.2825 0.3 0.3 0.33 0.33 0.33 0.3135 0.3135 0.281 0.281 0.2775 0.2775 0.2775 0.266 0.266 0.2735 0.2735 0.3055 0.3055 0.3055 0.3135 0.3135 0.308 0.308 0.3305 0.3305 0.3305 0.275 0.275 0.3035 0.3035 0.2895 0.2895 0.2895 0.3055 0.3055 0.319 0.319 0.338 0.338 0.3435 0.3435 0.3435 0.3325 0.3325 0.3325 0.3325 0.359 0.359 0.359 0.3195 0.3195 0.328 0.328 0.347 0.347 0.347 0.3585 0.3585 0.347 0.347 0.34 0.34 0.34 0.2725
0.3005 0.3005 0.2575 0.2575 0.2565 0.2565 0.2925 0.2925 0.2925 0.3145 0.3145 0.293 0.293 0.2795 0.2795 0.3095 0.3095 0.3095 0.312 0.312 0.3035 0.3035 0.293 0.293 0.293 0.2855 0.2855 0.2855 0.2855 0.27 0.27 0.27 0.28 0.28 0.299 0.299 0.297 0.297 0.297 0.2955 0.2955 0.3155 0.3155 0.3495 0.3495 0.3495 0.339 0.339 0.3325 0.3325 0.3245 0.3245 0.3525 0.3525 0.3525 0.3295 0.3295 0.325 0.325 0.338 0.338 0.338 0.3255 0.3255 0.3135 0.3135 0.334 0.334 0.334 0.336 0.336 0.3255 0.3255 0.325 0.325 0.325 0.3015
0.3005 0.3005 0.2575 0.2575 0.2565 0.2565 0.2925 0.2925 0.2925 0.3145 0.3145 0.293 0.293 0.2795 0.2795 0.3095 0.3095 0.3095 0.312 0.312 0.3035 0.3035 0.293 0.293 0.293 0.2855 0.2855 0.2855 0.2855 0.27 0.27 0.27 0.28 0.28 0.299 0.299 0.297 0.297 0.297 0.2955 0.2955 0.3155 0.3155 0.3495 0.3495 0.3495 0.339 0.339 0.3325 0.3325 0.3245 0.3245 0.3525 0.3525 0.3525 0.3295 0.3295 0.325 0.325 0.338 0.338 0.338 0.3255 0.3255 0.3135 0.3135 0.334 0.334 0.334 0.336 0.336 0.3255 0.3255 0.325 0.325 0.325 0.3015
0.3035 0.3035 0.306 0.306 0.272 0.272 0.2675 0.2675 0.2675 0.2785 0.2785 0.2855 0.2855 0.2855 0.2855 0.2965 0.2965 0.2965 0.3075 0.3075 0.288 0.288 0.2845 0.2845 0.2845 0.2865 0.2865 0.2835 0.2835 0.264 0.264 0.264 0.283 0.283 0.3085 0.3085 0.3215 0.3215 0.3215 0.3235 0.3235 0.344 0.344 0.339 0.339 0.339 0.3565 0.3565 0.364 0.364 0.347 0.347 0.345 0.345 0.345 0.3085 0.3085 0.3285 0.3285 0.3305 0.3305 0.3305 0.3285 0.3285 0.307 0.307 0.3245 0.3245 0.3245 0.3255 0.3255 0.3415 0.3415 0.3265 0.3265 0.3265 0.296
0.3035 0.3035 0.306 0.306 0.272 0.272 0.2675 0.2675 0.2675 0.2785 0.2785 0.2855 0.2855 0.2855 0.2855 0.2965 0.2965 0.2965 0.3075 0.3075 0.288 0.288 0.2845 0.2845 0.2845 0.2865 0.2865 0.2835 0.2835 0.264 0.264 0.264 0.283 0.283 0.3085 0.3085 0.3215 0.3215 0.3215 0.3235 0.3235 0.344 0.344 0.339 0.339 0.339 0.3565 0.3565 0.364 0.364 0.347 0.347 0.345 0.345 0.345 0.3085 0.3085 0.3285 0.3285 0.3305 0.3305 0.3305 0.3285 0.3285 0.307 0.307 0.3245 0.3245 0.3245 0.3255 0.3255 0.3415 0.3415 0.3265 0.3265 0.3265 0.296
0.288 0.288 0.2615 0.2615 0.233 0.233 0.2365 0.2365 0.2365 0.2835 0.2835 0.2615 0.2615 0.285 0.285 0.294 0.294 0.294 0.306 0.306 0.2965 0.2965 0.295 0.295 0.295 0.309 0.309 0.3035 0.3035 0.279 0.279 0.279 0.277 0.277 0.3145 0.3145 0.324 0.324 0.324 0.2995 0.2995 0.31 0.31 0.331 0.331 0.331 0.339 0.339 0.3665 0.3665 0.3565 0.3565 0.352 0.352 0.352 0.3255 0.3255 0.333 0.333 0.324 0.324 0.324 0.3205 0.3205 0.3195 0.3195 0.2935 0.2935 0.2935 0.322 0.322 0.334 0.334 0.3575 0.3575 0.3575 0.333
0.288 0.288 0.2615 0.2615 0.233 0.233 0.2365 0.2365 0.2365 0.2835 0.2835 0.2615 0.2615 0.285 0.285 0.294 0.294 0.294 0.306 0.306 0.2965 0.2965 0.295 0.295 0.295 0.309 0.309 0.3035 0.3035 0.279 0.279 0.279 0.277 0.277 0.3145 0.3145 0.324 0.324 0.324 0.2995 0.2995 0.31 0.31 0.331 0.331 0.331 0.339 0.339 0.3665 0.3665 0.3565 0.3565 0.352 0.352 0.352 0.3255 0.3255 0.333 0.333 0.324 0.324 0.324 0.3205 0.3205 0.3195 0.3195 0.2935 0.2935 0.2935 0.322 0.322 0.334 0.334 0.3575 0.3575 0.3575 0.333
0.288 0.288 0.2615 0.2615 0.233 0.233 0.2365 0.2365 0.2365 0.2835 0.2835 0.2615 0.2615 0.285 0.285 0.294 0.294 0.294 0.306 0.306 0.2965 0.2965 0.295 0.295 0.295 0.309 0.309 0.3035 0.3035 0.279 0.279 0.279 0.277 0.277 0.3145 0.3145 0.324 0.324 0.324 0.2995 0.2995 0.31 0.31 0.331 0.331 0.331 0.339 0.339 0.3665 0.3665 0.3565 0.3565 0.352 0.352 0.352 0.3255 0.3255 0.333 0.333 0.324 0.324 0.324 0.3205 0.3205 0.3195 0.3195 0.2935 0.2935 0.2935 0.322 0.322 0.334 0.334 0.3575 0.3575 0.3575 0.333
0.252 0.252 0.242 0.242 0.2265 0.2265 0.2395 0.2395 0.2395 0.2425 0.2425 0.251 0.251 0.274 0.274 0.272 0.272 0.272 0.3085 0.3085 0.333 0.333 0.2945 0.2945 0.2945 0.3035 0.3035 0.3145 0.3145 0.318 0.318 0.318 0.3325 0.3325 0.338 0.338 0.3335 0.3335 0.3335 0.329 0.329 0.3595 0.3595 0.352 0.352 0.352 0.3605 0.3605 0.35 0.35 0.338 0.338 0.363 0.363 0.363 0.359 0.359 0.352 0.352 0.3465 0.3465 0.3465 0.346 0.346 0.337 0.337 0.336 0.336 0.336 0.331 0.331 0.345 0.345 0.357 0.357 0.357 0.405
0.252 0.252 0.242 0.242 0.2265 0.2265 0.2395 0.2395 0.2395 0.2425 0.2425 0.251 0.251 0.274 0.274 0.272 0.272 0.272 0.3085 0.3085 0.333 0.333 0.2945 0.2945 0.2945 0.3035 0.3035 0.3145 0.3145 0.318 0.318 0.318 0.3325 0.3325 0.338 0.338 0.3335 0.3335 0.3335 0.329 0.329 0.3595 0.3595 0.352 0.352 0.352 0.3605 0.3605 0.35 0.35 0.338 0.338 0.363 0.363 0.363 0.359 0.359 0.352 0.352 0.3465 0.3465 0.3465 0.346 0.346 0.337 0.337 0.336 0.336 0.336 0.331 0.331 0.345 0.345 0.357 0.357 0.357 0.405
0.2095 0.2095 0.236 0.236 0.219 0.219 0.2615 0.2615 0.2615 0.2575 0.2575 0.2665 0.2665 0.278 0.278 0.2765 0.2765 0.2765 0.2925 0.2925 0.2875 0.2875 0.312 0.312 0.312 0.328 0.328 0.344 0.344 0.355 0.355 0.355 0.3495 0.3495 0.3525 0.3525 0.35 0.35 0.35 0.3935 0.3935 0.3771 0.3771 0.394 0.394 0.394 0.387 0.387 0.388 0.388 0.403 0.403 0.371 0.371 0.371 0.4055 0.4055 0.4035 0.4035 0.3905 0.3905 0.3905 0.411 0.411 0.3855 0.3855 0.3545 0.3545 0.3545 0.3535 0.3535 0.3825 0.3825 0.402 0.402 0.402 0.41
0.2095 0.2095 0.236 0.236 0.219 0.219 0.2615 0.2615 0.2615 0.2575 0.2575 0.2665 0.2665 0.278 0.278 0.2765 0.2765 0.2765 0.2925 0.2925 0.2875 0.2875 0.312 0.312 0.312 0.328 0.328 0.344 0.344 0.355 0.355 0.355 0.3495 0.3495 0.3525 0.3525 0.35 0.35 0.35 0.3935 0.3935 0.3771 0.3771 0.394 0.394 0.394 0.387 0.387 0.388 0.388 0.403 0.403 0.371 0.371 0.371 0.4055 0.4055 0.4035 0.4035 0.3905 0.3905 0.3905 0.411 0.411 0.3855 0.3855 0.3545 0.3545 0.3545 0.3535 0.3535 0.3825 0.3825 0.402 0.402 0.402 0.41
0.2345 0.2345 0.2295 0.2295 0.2385 0.2385 0.27 0.27 0.27 0.2555 0.2555 0.2585 0.2585 0.278 0.278 0.2635 0.2635 0.2635 0.2955 0.2955 0.305 0.305 0.32 0.32 0.32 0.3225 0.3225 0.2935 0.2935 0.354 0.354 0.354 0.376 0.376 0.3705 0.3705 0.375 0.375 0.375 0.3585 0.3585 0.3695 0.3695 0.3856 0.3856 0.3856 0.406 0.406 0.405 0.405 0.407 0.407 0.3965 0.3965 0.3965 0.4 0.4 0.3945 0.3945 0.3735 0.3735 0.3735 0.3715 0.3715 0.376 0.376 0.376 0.376 0.376 0.386 0.386 0.407 0.407 0.4245 0.4245 0.4245 0.417
0.2345 0.2345 0.2295 0.2295 0.2385 0.2385 0.27 0.27 0.27 0.2555 0.2555 0.2585 0.2585 0.278 0.278 0.2635 0.2635 0.2635 0.2955 0.2955 0.305 0.305 0.32 0.32 0.32 0.3225 0.3225 0.2935 0.2935 0.354 0.354 0.354 0.376 0.376 0.3705 0.3705 0.375 0.375 0.375 0.3585 0.3585 0.3695 0.3695 0.3856 0.3856 0.3856 0.406 0.406 0.405 0.405 0.407 0.407 0.3965 0.3965 0.3965 0.4 0.4 0.3945 0.3945 0.3735 0.3735 0.3735 0.3715 0.3715 0.376 0.376 0.376 0.376 0.376 0.386 0.386 0.407 0.407 0.4245 0.4245 0.4245 0.417
0.2685 0.2685 0.253 0.253 0.2675 0.2675 0.2735 0.2735 0.2735 0.2945 0.2945 0.283 0.283 0.281 0.281 0.264 0.264 0.264 0.2975 0.2975 0.348 0.348 0.3506 0.3506 0.3506 0.3345 0.3345 0.344 0.344 0.346 0.346 0.346 0.339 0.339 0.3645 0.3645 0.3745 0.3745 0.3745 0.3535 0.3535 0.3975 0.3975 0.423 0.423 0.423 0.4225 0.4225 0.4155 0.4155 0.3955 0.3955 0.4125 0.4125 0.4125 0.397 0.397 0.4105 0.4105 0.419 0.419 0.419 0.4065 0.4065 0.4195 0.4195 0.4316 0.4316 0.4316 0.429 0.429 0.43 0.43 0.4516 0.4516 0.4516 0.44
0.2685 0.2685 0.253 0.253 0.2675 0.2675 0.2735 0.2735 0.2735 0.2945 0.2945 0.283 0.283 0.281 0.281 0.264 0.264 0.264 0.2975 0.2975 0.348 0.348 0.3506 0.3506 0.3506 0.3345 0.3345 0.344 0.344 0.346 0.346 0.346 0.339 0.339 0.3645 0.3645 0.3745 0.3745 0.3745 0.3535 0.3535 0.3975 0.3975 0.423 0.423 0.423 0.4225 0.4225 0.4155 0.4155 0.3955 0.3955 0.4125 0.4125 0.4125 0.397 0.397 0.4105 0.4105 0.419 0.419 0.419 0.4065 0.4065 0.4195 0.4195 0.4316 0.4316 0.4316 0.429 0.429 0.43 0.43 0.4516 0.4516 0.4516 0.44
0.2685 0.2685 0.253 0.253 0.2675 0.2675 0.2735 0.2735 0.2735 0.2945 0.2945 0.283 0.283 0.281 0.281 0.264 0.264 0.264 0.2975 0.2975 0.348 0.348 0.3506 0.3506 0.3506 0.3345 0.3345 0.344 0.344 0.346 0.346 0.346 0.339 0.339 0.3645 0.3645 0.3745 0.3745 0.3745 0.3535 0.3535 0.3975 0.3975 0.423 0.423 0.423 0.4225 0.4225 0.4155 0.4155 0.3955 0.3955 0.4125 0.4125 0.4125 0.397 0.397 0.4105 0.4105 0.419 0.419 0.419 0.4065 0.4065 0.4195 0.4195 0.4316 0.4316 0.4316 0.429 0.429 0.43 0.43 0.4516 0.4516 0.4516 0.44
0.287 0.287 0.278 0.278 0.2945 0.2945 0.2915 0.2915 0.2915 0.308 0.308 0.29 0.29 0.272 0.272 0.2915 0.2915 0.2915 0.295 0.295 0.3465 0.3465 0.372 0.372 0.372 0.3695 0.3695 0.3515 0.3515 0.3885 0.3885 0.3885 0.4215 0.4215 0.409 0.409 0.4096 0.4096 0.4096 0.3895 0.3895 0.432 0.432 0.4215 0.4215 0.4215 0.4045 0.4045 0.4245 0.4245 0.4325 0.4325 0.453 0.453 0.453 0.4055 0.4055 0.4055 0.4055 0.4245 0.4245 0.4245 0.425 0.425 0.449 0.449 0.447 0.447 0.447 0.438 0.438 0.4495 0.4495 0.4506 0.4506 0.4506 0.4286
0.287 0.287 0.278 0.278 0.2945 0.2945 0.2915 0.2915 0.2915 0.308 0.308 0.29 0.29 0.272 0.272 0.2915 0.2915 0.2915 0.295 0.295 0.3465 0.3465 0.372 0.372 0.372 0.3695 0.3695 0.3515 0.3515 0.3885 0.3885 0.3885 0.4215 0.4215 0.409 0.409 0.4096 0.4096 0.4096 0.3895 0.3895 0.432 0.432 0.4215 0.4215 0.4215 0.4045 0.4045 0.4245 0.4245 0.4325 0.4325 0.453 0.453 0.453 0.4055 0.4055 0.4055 0.4055 0.4245 0.4245 0.4245 0.425 0.425 0.449 0.449 0.447 0.447 0.447 0.438 0.438 0.4495 0.4495 0.4506 0.4506 0.4506 0.4286
0.27 0.27 0.287 0.287 0.2785 0.2785 0.289 0.289 0.289 0.3135 0.3135 0.301 0.301 0.306 0.306 0.327 0.327 0.327 0.3185 0.3185 0.3435 0.3435 0.3655 0.3655 0.3655 0.3795 0.3795 0.4105 0.4105 0.397 0.397 0.397 0.4245 0.4245 0.413 0.413 0.4125 0.4125 0.4125 0.4035 0.4035 0.4311 0.4311 0.43 0.43 0.43 0.43 0.43 0.4685 0.4685 0.5205 0.5205 0.513 0.513 0.513 0.44 0.44 0.4165 0.4165 0.442 0.442 0.442 0.434 0.434 0.467 0.467 0.473 0.473 0.473 0.4635 0.4635 0.5105 0.5105 0.505 0.505 0.505 0.508
0.27 0.27 0.287 0.287 0.2785 0.2785 0.289 0.289 0.289 0.3135 0.3135 0.301 0.301 0.306 0.306 0.327 0.327 0.327 0.3185 0.3185 0.3435 0.3435 0.3655 0.3655 0.3655 0.3795 0.3795 0.4105 0.4105 0.397 0.397 0.397 0.4245 0.4245 0.413 0.413 0.4125 0.4125 0.4125 0.4035 0.4035 0.4311 0.4311 0.43 0.43 0.43 0.43 0.43 0.4685 0.4685 0.5205 0.5205 0.513 0.513 0.513 0.44 0.44 0.4165 0.4165 0.442 0.442 0.442 0.434 0.434 0.467 0.467 0.473 0.473 0.473 0.4635 0.4635 0.5105 0.5105 0.505 0.505 0.505 0.508
0.2825 0.2825 0.28 0.28 0.3165 0.3165 0.3065 0.3065 0.3065 0.3175 0.3175 0.3195 0.3195 0.33 0.33 0.3435 0.3435 0.3435 0.381 0.381 0.3915 0.3915 0.402 0.402 0.402 0.3975 0.3975 0.409 0.409 0.398 0.398 0.398 0.383 0.383 0.412 0.412 0.4645 0.4645 0.4645 0.4931 0.4931 0.466 0.466 0.4355 0.4355 0.4355 0.464 0.464 0.4395 0.4395 0.4325 0.4325 0.421 0.421 0.421 0.4525 0.4525 0.473 0.473 0.5115 0.5115 0.5115 0.515 0.515 0.518 0.518 0.503 0.503 0.503 0.4825 0.4825 0.5115 0.5115 0.5175 0.5175 0.5175 0.5375
0.2825 0.2825 0.28 0.28 0.3165 0.3165 0.3065 0.3065 0.3065 0.3175 0.3175 0.3195 0.3195 0.33 0.33 0.3435 0.3435 0.3435 0.381 0.381 0.3915 0.3915 0.402 0.402 0.402 0.3975 0.3975 0.409 0.409 0.398 0.398 0.398 0.383 0.383 0.412 0.412 0.4645 0.4645 0.4645 0.4931 0.4931 0.466 0.466 0.4355 0.4355 0.4355 0.464 0.464 0.4395 0.4395 0.4325 0.4325 0.421 0.421 0.421 0.4525 0.4525 0.473 0.473 0.5115 0.5115 0.5115 0.515 0.515 0.518 0.518 0.503 0.503 0.503 0.4825 0.4825 0.5115 0.5115 0.5175 0.5175 0.5175 0.5375
0.2825 0.2825 0.28 0.28 0.3165 0.3165 0.3065 0.3065 0.3065 0.3175 0.3175 0.3195 0.3195 0.33 0.33 0.3435 0.3435 0.3435 0.381 0.381 0.3915 0.3915 0.402 0.402 0.402 0.3975 0.3975 0.409 0.409 0.398 0.398 0.398 0.383 0.383 0.412 0.412 0.4645 0.4645 0.4645 0.4931 0.4931 0.466 0.466 0.4355 0.4355 0.4355 0.464 0.464 0.4395 0.4395 0.4325 0.4325 0.421 0.421 0.421 0.4525 0.4525 0.473 0.473 0.5115 0.5115 0.5115 0.515 0.515 0.518 0.518 0.503 0.503 0.503 0.4825 0.4825 0.5115 0.5115 0.5175 0.5175 0.5175 0.5375
