ndvi/NOAA-282.asc
ncols         252
nrows         154
xllcorner     -18.017974
yllcorner     13.481982
cellsize      0.035948
NODATA_value  -9999
[rows 34 to 67 of 154, columns 76 to 151 of 252]
0.145 0.145 0.145 0.138 0.138 0.141 0.141 0.138 0.138 0.138 0.135 0.135 0.134 0.134 0.138 0.138 0.1495 0.1495 0.1495 0.152 0.152 0.149 0.149 0.162 0.162 0.162 0.1585 0.1585 0.16 0.16 0.158 0.158 0.158 0.1745 0.1745 0.1675 0.1675 0.146 0.146 0.146 0.1605 0.1605 0.1555 0.1555 0.1655 0.1655 0.1655 0.154 0.154 0.1495 0.1495 0.154 0.154 0.1505 0.1505 0.1505 0.144 0.144 0.144 0.144 0.119 0.119 0.119 0.1345 0.1345 0.1405 0.1405 0.142 0.142 0.142 0.141 0.141 0.124 0.124 0.1266 0.1266
0.145 0.145 0.145 0.138 0.138 0.141 0.141 0.138 0.138 0.138 0.135 0.135 0.134 0.134 0.138 0.138 0.1495 0.1495 0.1495 0.152 0.152 0.149 0.149 0.162 0.162 0.162 0.1585 0.1585 0.16 0.16 0.158 0.158 0.158 0.1745 0.1745 0.1675 0.1675 0.146 0.146 0.146 0.1605 0.1605 0.1555 0.1555 0.1655 0.1655 0.1655 0.154 0.154 0.1495 0.1495 0.154 0.154 0.1505 0.1505 0.1505 0.144 0.144 0.144 0.144 0.119 0.119 0.119 0.1345 0.1345 0.1405 0.1405 0.142 0.142 0.142 0.141 0.141 0.124 0.124 0.1266 0.1266
0.145 0.145 0.145 0.138 0.138 0.141 0.141 0.138 0.138 0.138 0.135 0.135 0.134 0.134 0.138 0.138 0.1495 0.1495 0.1495 0.152 0.152 0.149 0.149 0.162 0.162 0.162 0.1585 0.1585 0.16 0.16 0.158 0.158 0.158 0.1745 0.1745 0.1675 0.1675 0.146 0.146 0.146 0.1605 0.1605 0.1555 0.1555 0.1655 0.1655 0.1655 0.154 0.154 0.1495 0.1495 0.154 0.154 0.1505 0.1505 0.1505 0.144 0.144 0.144 0.144 0.119 0.119 0.119 0.1345 0.1345 0.1405 0.1405 0.142 0.142 0.142 0.141 0.141 0.124 0.124 0.1266 0.1266
0.172 0.172 0.172 0.1695 0.1695 0.165 0.165 0.16 0.16 0.16 0.1715 0.1715 0.165 0.165 0.16 0.16 0.1465 0.1465 0.1465 0.1305 0.1305 0.1605 0.1605 0.1615 0.1615 0.1615 0.1765 0.1765 0.174 0.174 0.18 0.18 0.18 0.1825 0.1825 0.171 0.171 0.1525 0.1525 0.1525 0.1675 0.1675 0.1645 0.1645 0.1665 0.1665 0.1665 0.175 0.175 0.1575 0.1575 0.171 0.171 0.165 0.165 0.165 0.163 0.163 0.168 0.168 0.1575 0.1575 0.1575 0.1305 0.1305 0.16 0.16 0.1415 0.1415 0.1415 0.1465 0.1465 0.0847 0.0847 0.1245 0.1245
0.172 0.172 0.172 0.1695 0.1695 0.165 0.165 0.16 0.16 0.16 0.1715 0.1715 0.165 0.165 0.16 0.16 0.1465 0.1465 0.1465 0.1305 0.1305 0.1605 0.1605 0.1615 0.1615 0.1615 0.1765 0.1765 0.174 0.174 0.18 0.18 0.18 0.1825 0.1825 0.171 0.171 0.1525 0.1525 0.1525 0.1675 0.1675 0.1645 0.1645 0.1665 0.1665 0.1665 0.175 0.175 0.1575 0.1575 0.171 0.171 0.165 0.165 0.165 0.163 0.163 0.168 0.168 0.1575 0.1575 0.1575 0.1305 0.1305 0.16 0.16 0.1415 0.1415 0.1415 0.1465 0.1465 0.0847 0.0847 0.1245 0.1245
0.166 0.166 0.166 0.1625 0.1625 0.168 0.168 0.1715 0.1715 0.1715 0.1725 0.1725 0.146 0.146 0.1605 0.1605 0.148 0.148 0.148 0.131 0.131 0.142 0.142 0.1445 0.1445 0.1445 0.178 0.178 0.165 0.165 0.1585 0.1585 0.1585 0.1875 0.1875 0.19 0.19 0.166 0.166 0.166 0.185 0.185 0.177 0.177 0.2005 0.2005 0.2005 0.1775 0.1775 0.1645 0.1645 0.1615 0.1615 0.249 0.249 0.249 0.185 0.185 0.1781 0.1781 0.1765 0.1765 0.1765 0.171 0.171 0.1635 0.1635 0.1575 0.1575 0.1575 0.141 0.141 0.1267 0.1267 0.128 0.128
0.166 0.166 0.166 0.1625 0.1625 0.168 0.168 0.1715 0.1715 0.1715 0.1725 0.1725 0.146 0.146 0.1605 0.1605 0.148 0.148 0.148 0.131 0.131 0.142 0.142 0.1445 0.1445 0.1445 0.178 0.178 0.165 0.165 0.1585 0.1585 0.1585 0.1875 0.1875 0.19 0.19 0.166 0.166 0.166 0.185 0.185 0.177 0.177 0.2005 0.2005 0.2005 0.1775 0.1775 0.1645 0.1645 0.1615 0.1615 0.249 0.249 0.249 0.185 0.185 0.1781 0.1781 0.1765 0.1765 0.1765 0.171 0.171 0.1635 0.1635 0.1575 0.1575 0.1575 0.141 0.141 0.1267 0.1267 0.128 0.128
0.1815 0.1815 0.1815 0.167 0.167 0.169 0.169 0.1705 0.1705 0.1705 0.1595 0.1595 0.151 0.151 0.1535 0.1535 0.164 0.164 0.164 0.1455 0.1455 0.1385 0.1385 0.146 0.146 0.146 0.1702 0.1702 0.1771 0.1771 0.1865 0.1865 0.1865 0.2005 0.2005 0.1775 0.1775 0.199 0.199 0.199 0.2035 0.2035 0.2102 0.2102 0.2041 0.2041 0.2041 0.1745 0.1745 0.1715 0.1715 0.1795 0.1795 0.2085 0.2085 0.2085 0.1915 0.1915 0.201 0.201 0.195 0.195 0.195 0.1465 0.1465 0.1521 0.1521 0.1225 0.1225 0.1225 0.132 0.132 0.109 0.109 0.123 0.123
0.1815 0.1815 0.1815 0.167 0.167 0.169 0.169 0.1705 0.1705 0.1705 0.1595 0.1595 0.151 0.151 0.1535 0.1535 0.164 0.164 0.164 0.1455 0.1455 0.1385 0.1385 0.146 0.146 0.146 0.1702 0.1702 0.1771 0.1771 0.1865 0.1865 0.1865 0.2005 0.2005 0.1775 0.1775 0.199 0.199 0.199 0.2035 0.2035 0.2102 0.2102 0.2041 0.2041 0.2041 0.1745 0.1745 0.1715 0.1715 0.1795 0.1795 0.2085 0.2085 0.2085 0.1915 0.1915 0.201 0.201 0.195 0.195 0.195 0.1465 0.1465 0.1521 0.1521 0.1225 0.1225 0.1225 0.132 0.132 0.109 0.109 0.123 0.123
0.1815 0.1815 0.1815 0.167 0.167 0.169 0.169 0.1705 0.1705 0.1705 0.1595 0.1595 0.151 0.151 0.1535 0.1535 0.164 0.164 0.164 0.1455 0.1455 0.1385 0.1385 0.146 0.146 0.146 0.1702 0.1702 0.1771 0.1771 0.1865 0.1865 0.1865 0.2005 0.2005 0.1775 0.1775 0.199 0.199 0.199 0.2035 0.2035 0.2102 0.2102 0.2041 0.2041 0.2041 0.1745 0.1745 0.1715 0.1715 0.1795 0.1795 0.2085 0.2085 0.2085 0.1915 0.1915 0.201 0.201 0.195 0.195 0.195 0.1465 0.1465 0.1521 0.1521 0.1225 0.1225 0.1225 0.132 0.132 0.109 0.109 0.123 0.123
0.18 0.18 0.18 0.153 0.153 0.1705 0.1705 0.149 0.149 0.149 0.145 0.145 0.1425 0.1425 0.149 0.149 0.1635 0.1635 0.1635 0.198 0.198 0.1705 0.1705 0.1556 0.1556 0.1556 0.1895 0.1895 0.1935 0.1935 0.2022 0.2022 0.2022 0.2162 0.2162 0.212 0.212 0.218 0.218 0.218 0.2115 0.2115 0.21 0.21 0.1821 0.1821 0.1821 0.18 0.18 0.1955 0.1955 0.1635 0.1635 0.182 0.182 0.182 0.181 0.181 0.1835 0.1835 0.163 0.163 0.163 0.1569 0.1569 0.1325 0.1325 0.1315 0.1315 0.1315 0.1345 0.1345 0.115 0.115 0.09100001 0.09100001
0.18 0.18 0.18 0.153 0.153 0.1705 0.1705 0.149 0.149 0.149 0.145 0.145 0.1425 0.1425 0.149 0.149 0.1635 0.1635 0.1635 0.198 0.198 0.1705 0.1705 0.1556 0.1556 0.1556 0.1895 0.1895 0.1935 0.1935 0.2022 0.2022 0.2022 0.2162 0.2162 0.212 0.212 0.218 0.218 0.218 0.2115 0.2115 0.21 0.21 0.1821 0.1821 0.1821 0.18 0.18 0.1955 0.1955 0.1635 0.1635 0.182 0.182 0.182 0.181 0.181 0.1835 0.1835 0.163 0.163 0.163 0.1569 0.1569 0.1325 0.1325 0.1315 0.1315 0.1315 0.1345 0.1345 0.115 0.115 0.09100001 0.09100001
0.209 0.209 0.209 0.202 0.202 0.194 0.194 0.171 0.171 0.171 0.1445 0.1445 0.13 0.13 0.1555 0.1555 0.168 0.168 0.168 0.179 0.179 0.1962 0.1962 0.2015 0.2015 0.2015 0.185 0.185 0.2015 0.2015 0.213 0.213 0.213 0.233 0.233 0.2275 0.2275 0.2082 0.2082 0.2082 0.2022 0.2022 0.2092 0.2092 0.2107 0.2107 0.2107 0.2205 0.2205 0.2267 0.2267 0.1765 0.1765 0.2012 0.2012 0.2012 0.185 0.185 0.1615 0.1615 0.1505 0.1505 0.1505 0.1455 0.1455 0.1345 0.1345 0.1417 0.1417 0.1417 0.1365 0.1365 0.1345 0.1345 0.09450001 0.09450001
0.209 0.209 0.209 0.202 0.202 0.194 0.194 0.171 0.171 0.171 0.1445 0.1445 0.13 0.13 0.1555 0.1555 0.168 0.168 0.168 0.179 0.179 0.1962 0.1962 0.2015 0.2015 0.2015 0.185 0.185 0.2015 0.2015 0.213 0.213 0.213 0.233 0.233 0.2275 0.2275 0.2082 0.2082 0.2082 0.2022 0.2022 0.2092 0.2092 0.2107 0.2107 0.2107 0.2205 0.2205 0.2267 0.2267 0.1765 0.1765 0.2012 0.2012 0.2012 0.185 0.185 0.1615 0.1615 0.1505 0.1505 0.1505 0.1455 0.1455 0.1345 0.1345 0.1417 0.1417 0.1417 0.1365 0.1365 0.1345 0.1345 0.09450001 0.09450001
0.1921 0.1921 0.1921 0.198 0.198 0.195 0.195 0.1745 0.1745 0.1745 0.1681 0.1681 0.168 0.168 0.2185 0.2185 0.211 0.211 0.211 0.202 0.202 0.2257 0.2257 0.2187 0.2187 0.2187 0.1865 0.1865 0.1945 0.1945 0.2092 0.2092 0.2092 0.219 0.219 0.2372 0.2372 0.2052 0.2052 0.2052 0.2062 0.2062 0.2107 0.2107 0.2082 0.2082 0.2082 0.2127 0.2127 0.226 0.226 0.2021 0.2021 0.202 0.202 0.202 0.2015 0.2015 0.152 0.152 0.145 0.145 0.145 0.173 0.173 0.1635 0.1635 0.171 0.171 0.171 0.1695 0.1695 0.1585 0.1585 0.1425 0.1425
0.1921 0.1921 0.1921 0.198 0.198 0.195 0.195 0.1745 0.1745 0.1745 0.1681 0.1681 0.168 0.168 0.2185 0.2185 0.211 0.211 0.211 0.202 0.202 0.2257 0.2257 0.2187 0.2187 0.2187 0.1865 0.1865 0.1945 0.1945 0.2092 0.2092 0.2092 0.219 0.219 0.2372 0.2372 0.2052 0.2052 0.2052 0.2062 0.2062 0.2107 0.2107 0.2082 0.2082 0.2082 0.2127 0.2127 0.226 0.226 0.2021 0.2021 0.202 0.202 0.202 0.2015 0.2015 0.152 0.152 0.145 0.145 0.145 0.173 0.173 0.1635 0.1635 0.171 0.171 0.171 0.1695 0.1695 0.1585 0.1585 0.1425 0.1425
0.1921 0.1921 0.1921 0.198 0.198 0.195 0.195 0.1745 0.1745 0.1745 0.1681 0.1681 0.168 0.168 0.2185 0.2185 0.211 0.211 0.211 0.202 0.202 0.2257 0.2257 0.2187 0.2187 0.2187 0.1865 0.1865 0.1945 0.1945 0.2092 0.2092 0.2092 0.219 0.219 0.2372 0.2372 0.2052 0.2052 0.2052 0.2062 0.2062 0.2107 0.2107 0.2082 0.2082 0.2082 0.2127 0.2127 0.226 0.226 0.2021 0.2021 0.202 0.202 0.202 0.2015 0.2015 0.152 0.152 0.145 0.145 0.145 0.173 0.173 0.1635 0.1635 0.171 0.171 0.171 0.1695 0.1695 0.1585 0.1585 0.1425 0.1425
0.1905 0.1905 0.1905 0.1935 0.1935 0.1897 0.1897 0.1966 0.1966 0.1966 0.23 0.23 0.2135 0.2135 0.2026 0.2026 0.232 0.232 0.232 0.1955 0.1955 0.2145 0.2145 0.187 0.187 0.187 0.187 0.187 0.18 0.18 0.2187 0.2187 0.2187 0.1987 0.1987 0.2082 0.2082 0.2302 0.2302 0.2302 0.1812 0.1812 0.2012 0.2012 0.2057 0.2057 0.2057 0.2117 0.2117 0.1707 0.1707 0.1962 0.1962 0.2071 0.2071 0.2071 0.21 0.21 0.201 0.201 0.182 0.182 0.182 0.1885 0.1885 0.214 0.214 0.2156 0.2156 0.2156 0.2235 0.2235 0.2175 0.2175 0.167 0.167
0.1905 0.1905 0.1905 0.1935 0.1935 0.1897 0.1897 0.1966 0.1966 0.1966 0.23 0.23 0.2135 0.2135 0.2026 0.2026 0.232 0.232 0.232 0.1955 0.1955 0.2145 0.2145 0.187 0.187 0.187 0.187 0.187 0.18 0.18 0.2187 0.2187 0.2187 0.1987 0.1987 0.2082 0.2082 0.2302 0.2302 0.2302 0.1812 0.1812 0.2012 0.2012 0.2057 0.2057 0.2057 0.2117 0.2117 0.1707 0.1707 0.1962 0.1962 0.2071 0.2071 0.2071 0.21 0.21 0.201 0.201 0.182 0.182 0.182 0.1885 0.1885 0.214 0.214 0.2156 0.2156 0.2156 0.2235 0.2235 0.2175 0.2175 0.167 0.167
0.211 0.211 0.211 0.1887 0.1887 0.2061 0.2061 0.222 0.222 0.222 0.2475 0.2475 0.225 0.225 0.2245 0.2245 0.2282 0.2282 0.2282 0.2037 0.2037 0.2215 0.2215 0.183 0.183 0.183 0.1795 0.1795 0.2022 0.2022 0.2077 0.2077 0.2077 0.2032 0.2032 0.2317 0.2317 0.2277 0.2277 0.2277 0.2077 0.2077 0.1917 0.1917 0.1942 0.1942 0.1942 0.177 0.177 0.1677 0.1677 0.2082 0.2082 0.1832 0.1832 0.1832 0.2122 0.2122 0.2251 0.2251 0.233 0.233 0.233 0.233 0.233 0.1891 0.1891 0.228 0.228 0.228 0.221 0.221 0.2061 0.2061 0.222 0.222
0.211 0.211 0.211 0.1887 0.1887 0.2061 0.2061 0.222 0.222 0.222 0.2475 0.2475 0.225 0.225 0.2245 0.2245 0.2282 0.2282 0.2282 0.2037 0.2037 0.2215 0.2215 0.183 0.183 0.183 0.1795 0.1795 0.2022 0.2022 0.2077 0.2077 0.2077 0.2032 0.2032 0.2317 0.2317 0.2277 0.2277 0.2277 0.2077 0.2077 0.1917 0.1917 0.1942 0.1942 0.1942 0.177 0.177 0.1677 0.1677 0.2082 0.2082 0.1832 0.1832 0.1832 0.2122 0.2122 0.2251 0.2251 0.233 0.233 0.233 0.233 0.233 0.1891 0.1891 0.228 0.228 0.228 0.221 0.221 0.2061 0.2061 0.222 0.222
0.2287 0.2287 0.2287 0.218 0.218 0.2192 0.2192 0.2286 0.2286 0.2286 0.2356 0.2356 0.2346 0.2346 0.236 0.236 0.2321 0.2321 0.2321 0.2222 0.2222 0.2247 0.2247 0.2132 0.2132 0.2132 0.2077 0.2077 0.2012 0.2012 0.1987 0.1987 0.1987 0.1942 0.1942 0.2097 0.2097 0.2047 0.2047 0.2047 0.2052 0.2052 0.1752 0.1752 0.1807 0.1807 0.1807 0.1787 0.1787 0.1327 0.1327 0.1597 0.1597 0.1702 0.1702 0.1702 0.1906 0.1906 0.2027 0.2027 0.2261 0.2261 0.2261 0.1946 0.1946 0.2271 0.2271 0.2092 0.2092 0.2092 0.183 0.183 0.1707 0.1707 0.1551 0.1551
0.2287 0.2287 0.2287 0.218 0.218 0.2192 0.2192 0.2286 0.2286 0.2286 0.2356 0.2356 0.2346 0.2346 0.236 0.236 0.2321 0.2321 0.2321 0.2222 0.2222 0.2247 0.2247 0.2132 0.2132 0.2132 0.2077 0.2077 0.2012 0.2012 0.1987 0.1987 0.1987 0.1942 0.1942 0.2097 0.2097 0.2047 0.2047 0.2047 0.2052 0.2052 0.1752 0.1752 0.1807 0.1807 0.1807 0.1787 0.1787 0.1327 0.1327 0.1597 0.1597 0.1702 0.1702 0.1702 0.1906 0.1906 0.2027 0.2027 0.2261 0.2261 0.2261 0.1946 0.1946 0.2271 0.2271 0.2092 0.2092 0.2092 0.183 0.183 0.1707 0.1707 0.1551 0.1551
0.2141 0.2141 0.2141 0.2295 0.2295 0.2055 0.2055 0.2125 0.2125 0.2125 0.279 0.279 0.2325 0.2325 0.2025 0.2025 0.209 0.209 0.209 0.2105 0.2105 0.2287 0.2287 0.2322 0.2322 0.2322 0.2077 0.2077 0.2057 0.2057 0.2107 0.2107 0.2107 0.1937 0.1937 0.2042 0.2042 0.2017 0.2017 0.2017 0.2052 0.2052 0.1887 0.1887 0.1947 0.1947 0.1947 0.1712 0.1712 0.148 0.148 0.1525 0.1525 0.1792 0.1792 0.1792 0.1765 0.1765 0.1895 0.1895 0.2116 0.2116 0.2116 0.2051 0.2051 0.2096 0.2096 0.1887 0.1887 0.1887 0.1978 0.1978 0.1497 0.1497 0.1399 0.1399
0.2141 0.2141 0.2141 0.2295 0.2295 0.2055 0.2055 0.2125 0.2125 0.2125 0.279 0.279 0.2325 0.2325 0.2025 0.2025 0.209 0.209 0.209 0.2105 0.2105 0.2287 0.2287 0.2322 0.2322 0.2322 0.2077 0.2077 0.2057 0.2057 0.2107 0.2107 0.2107 0.1937 0.1937 0.2042 0.2042 0.2017 0.2017 0.2017 0.2052 0.2052 0.1887 0.1887 0.1947 0.1947 0.1947 0.1712 0.1712 0.148 0.148 0.1525 0.1525 0.1792 0.1792 0.1792 0.1765 0.1765 0.1895 0.1895 0.2116 0.2116 0.2116 0.2051 0.2051 0.2096 0.2096 0.1887 0.1887 0.1887 0.1978 0.1978 0.1497 0.1497 0.1399 0.1399
0.2141 0.2141 0.2141 0.2295 0.2295 0.2055 0.2055 0.2125 0.2125 0.2125 0.279 0.279 0.2325 0.2325 0.2025 0.2025 0.209 0.209 0.209 0.2105 0.2105 0.2287 0.2287 0.2322 0.2322 0.2322 0.2077 0.2077 0.2057 0.2057 0.2107 0.2107 0.2107 0.1937 0.1937 0.2042 0.2042 0.2017 0.2017 0.2017 0.2052 0.2052 0.1887 0.1887 0.1947 0.1947 0.1947 0.1712 0.1712 0.148 0.148 0.1525 0.1525 0.1792 0.1792 0.1792 0.1765 0.1765 0.1895 0.1895 0.2116 0.2116 0.2116 0.2051 0.2051 0.2096 0.2096 0.1887 0.1887 0.1887 0.1978 0.1978 0.1497 0.1497 0.1399 0.1399
0.22 0.22 0.22 0.211 0.211 0.247 0.247 0.2485 0.2485 0.2485 0.2225 0.2225 0.1971 0.1971 0.1905 0.1905 0.2275 0.2275 0.2275 0.1797 0.1797 0.2137 0.2137 0.1872 0.1872 0.1872 0.2127 0.2127 0.2192 0.2192 0.2002 0.2002 0.2002 0.2152 0.2152 0.2162 0.2162 0.2072 0.2072 0.2072 0.1822 0.1822 0.1757 0.1757 0.1972 0.1972 0.1972 0.182 0.182 0.135 0.135 0.1307 0.1307 0.1344 0.1344 0.1344 0.1411 0.1411 0.1871 0.1871 0.2212 0.2212 0.2212 0.2126 0.2126 0.2072 0.2072 0.1892 0.1892 0.1892 0.2076 0.2076 0.182 0.182 0.157 0.157
0.22 0.22 0.22 0.211 0.211 0.247 0.247 0.2485 0.2485 0.2485 0.2225 0.2225 0.1971 0.1971 0.1905 0.1905 0.2275 0.2275 0.2275 0.1797 0.1797 0.2137 0.2137 0.1872 0.1872 0.1872 0.2127 0.2127 0.2192 0.2192 0.2002 0.2002 0.2002 0.2152 0.2152 0.2162 0.2162 0.2072 0.2072 0.2072 0.1822 0.1822 0.1757 0.1757 0.1972 0.1972 0.1972 0.182 0.182 0.135 0.135 0.1307 0.1307 0.1344 0.1344 0.1344 0.1411 0.1411 0.1871 0.1871 0.2212 0.2212 0.2212 0.2126 0.2126 0.2072 0.2072 0.1892 0.1892 0.1892 0.2076 0.2076 0.182 0.182 0.157 0.157
0.2275 0.2275 0.2275 0.204 0.204 0.2095 0.2095 0.213 0.213 0.213 0.2327 0.2327 0.2131 0.2131 0.2152 0.2152 0.1925 0.1925 0.1925 0.1822 0.1822 0.211 0.211 0.2067 0.2067 0.2067 0.2101 0.2101 0.2002 0.2002 0.2062 0.2062 0.2062 0.2217 0.2217 0.2337 0.2337 0.2122 0.2122 0.2122 0.2142 0.2142 0.1677 0.1677 0.1892 0.1892 0.1892 0.1596 0.1596 0.134 0.134 0.1632 0.1632 0.1596 0.1596 0.1596 0.1987 0.1987 0.1831 0.1831 0.2202 0.2202 0.2202 0.2106 0.2106 0.2171 0.2171 0.2007 0.2007 0.2007 0.2037 0.2037 0.1991 0.1991 0.15 0.15
0.2275 0.2275 0.2275 0.204 0.204 0.2095 0.2095 0.213 0.213 0.213 0.2327 0.2327 0.2131 0.2131 0.2152 0.2152 0.1925 0.1925 0.1925 0.1822 0.1822 0.211 0.211 0.2067 0.2067 0.2067 0.2101 0.2101 0.2002 0.2002 0.2062 0.2062 0.2062 0.2217 0.2217 0.2337 0.2337 0.2122 0.2122 0.2122 0.2142 0.2142 0.1677 0.1677 0.1892 0.1892 0.1892 0.1596 0.1596 0.134 0.134 0.1632 0.1632 0.1596 0.1596 0.1596 0.1987 0.1987 0.1831 0.1831 0.2202 0.2202 0.2202 0.2106 0.2106 0.2171 0.2171 0.2007 0.2007 0.2007 0.2037 0.2037 0.1991 0.1991 0.15 0.15
0.2095 0.2095 0.2095 0.236 0.236 0.1985 0.1985 0.2436 0.2436 0.2436 0.2617 0.2617 0.246 0.246 0.2687 0.2687 0.2462 0.2462 0.2462 0.252 0.252 0.2167 0.2167 0.2062 0.2062 0.2062 0.2075 0.2075 0.2167 0.2167 0.1982 0.1982 0.1982 0.2177 0.2177 0.2332 0.2332 0.2337 0.2337 0.2337 0.2367 0.2367 0.1937 0.1937 0.1551 0.1551 0.1551 0.1511 0.1511 0.1422 0.1422 0.1688 0.1688 0.2142 0.2142 0.2142 0.1997 0.1997 0.1982 0.1982 0.2202 0.2202 0.2202 0.2216 0.2216 0.2212 0.2212 0.2207 0.2207 0.2207 0.2027 0.2027 0.2192 0.2192 0.1915 0.1915
0.2095 0.2095 0.2095 0.236 0.236 0.1985 0.1985 0.2436 0.2436 0.2436 0.2617 0.2617 0.246 0.246 0.2687 0.2687 0.2462 0.2462 0.2462 0.252 0.252 0.2167 0.2167 0.2062 0.2062 0.2062 0.2075 0.2075 0.2167 0.2167 0.1982 0.1982 0.1982 0.2177 0.2177 0.2332 0.2332 0.2337 0.2337 0.2337 0.2367 0.2367 0.1937 0.1937 0.1551 0.1551 0.1551 0.1511 0.1511 0.1422 0.1422 0.1688 0.1688 0.2142 0.2142 0.2142 0.1997 0.1997 0.1982 0.1982 0.2202 0.2202 0.2202 0.2216 0.2216 0.2212 0.2212 0.2207 0.2207 0.2207 0.2027 0.2027 0.2192 0.2192 0.1915 0.1915
0.2095 0.2095 0.2095 0.236 0.236 0.1985 0.1985 0.2436 0.2436 0.2436 0.2617 0.2617 0.246 0.246 0.2687 0.2687 0.2462 0.2462 0.2462 0.252 0.252 0.2167 0.2167 0.2062 0.2062 0.2062 0.2075 0.2075 0.2167 0.2167 0.1982 0.1982 0.1982 0.2177 0.2177 0.2332 0.2332 0.2337 0.2337 0.2337 0.2367 0.2367 0.1937 0.1937 0.1551 0.1551 0.1551 0.1511 0.1511 0.1422 0.1422 0.1688 0.1688 0.2142 0.2142 0.2142 0.1997 0.1997 0.1982 0.1982 0.2202 0.2202 0.2202 0.2216 0.2216 0.2212 0.2212 0.2207 0.2207 0.2207 0.2027 0.2027 0.2192 0.2192 0.1915 0.1915
0.2107 0.2107 0.2107 0.2156 0.2156 0.2317 0.2317 0.2317 0.2317 0.2317 0.2667 0.2667 0.2642 0.2642 0.2437 0.2437 0.2347 0.2347 0.2347 0.2482 0.2482 0.2742 0.2742 0.2535 0.2535 0.2535 0.1876 0.1876 0.1917 0.1917 0.2107 0.2107 0.2107 0.2172 0.2172 0.2232 0.2232 0.2107 0.2107 0.2107 0.2392 0.2392 0.2472 0.2472 0.2159 0.2159 0.2159 0.1675 0.1675 0.2025 0.2025 0.2007 0.2007 0.2096 0.2096 0.2096 0.1997 0.1997 0.2082 0.2082 0.2121 0.2121 0.2121 0.2272 0.2272 0.2281 0.2281 0.2426 0.2426 0.2426 0.2206 0.2206 0.2162 0.2162 0.2071 0.2071
