ndvi/NOAA-27.asc
ncols         252
nrows         154
xllcorner     -18.017974
yllcorner     13.481982
cellsize      0.035948
NODATA_value  -9999
[rows 0 to 33 of 154, columns 154 to 230 of 252]
0.104 0.092 0.092 0.0995 0.0995 0.0995 0.101 0.101 0.102 0.102 0.1045 0.1045 0.0995 0.0995 0.0995 0.104 0.104 0.106 0.106 0.101 0.101 0.101 0.102 0.102 0.101 0.101 0.1015 0.1015 0.1015 0.0995 0.0995 0.1005 0.1005 0.099 0.099 0.099 0.1005 0.1005 0.1 0.1 0.0985 0.0985 0.0985 0.1055 0.1055 0.102 0.102 0.103 0.103 0.11 0.11 0.11 0.1095 0.1095 0.1065 0.1065 0.1065 0.1065 0.1065 0.1055 0.1055 0.1005 0.1005 0.102 0.102 0.102 0.101 0.101 0.0965 0.0965 0.097 0.097 0.097 0.098 0.098 0.092 0.092
0.104 0.092 0.092 0.0995 0.0995 0.0995 0.101 0.101 0.102 0.102 0.1045 0.1045 0.0995 0.0995 0.0995 0.104 0.104 0.106 0.106 0.101 0.101 0.101 0.102 0.102 0.101 0.101 0.1015 0.1015 0.1015 0.0995 0.0995 0.1005 0.1005 0.099 0.099 0.099 0.1005 0.1005 0.1 0.1 0.0985 0.0985 0.0985 0.1055 0.1055 0.102 0.102 0.103 0.103 0.11 0.11 0.11 0.1095 0.1095 0.1065 0.1065 0.1065 0.1065 0.1065 0.1055 0.1055 0.1005 0.1005 0.102 0.102 0.102 0.101 0.101 0.0965 0.0965 0.097 0.097 0.097 0.098 0.098 0.092 0.092
0.09450001 0.0985 0.0985 0.101 0.101 0.101 0.106 0.106 0.1055 0.1055 0.0995 0.0995 0.1005 0.1005 0.1005 0.106 0.106 0.106 0.106 0.104 0.104 0.104 0.1035 0.1035 0.1085 0.1085 0.105 0.105 0.105 0.1065 0.1065 0.1045 0.1045 0.105 0.105 0.105 0.108 0.108 0.11 0.11 0.109 0.109 0.109 0.123 0.123 0.1145 0.1145 0.1135 0.1135 0.114 0.114 0.114 0.1075 0.1075 0.1115 0.1115 0.112 0.112 0.112 0.1145 0.1145 0.1035 0.1035 0.098 0.098 0.098 0.1015 0.1015 0.1025 0.1025 0.1005 0.1005 0.1005 0.096 0.096 0.092 0.092
0.09450001 0.0985 0.0985 0.101 0.101 0.101 0.106 0.106 0.1055 0.1055 0.0995 0.0995 0.1005 0.1005 0.1005 0.106 0.106 0.106 0.106 0.104 0.104 0.104 0.1035 0.1035 0.1085 0.1085 0.105 0.105 0.105 0.1065 0.1065 0.1045 0.1045 0.105 0.105 0.105 0.108 0.108 0.11 0.11 0.109 0.109 0.109 0.123 0.123 0.1145 0.1145 0.1135 0.1135 0.114 0.114 0.114 0.1075 0.1075 0.1115 0.1115 0.112 0.112 0.112 0.1145 0.1145 0.1035 0.1035 0.098 0.098 0.098 0.1015 0.1015 0.1025 0.1025 0.1005 0.1005 0.1005 0.096 0.096 0.092 0.092
0.09450001 0.0985 0.0985 0.101 0.101 0.101 0.106 0.106 0.1055 0.1055 0.0995 0.0995 0.1005 0.1005 0.1005 0.106 0.106 0.106 0.106 0.104 0.104 0.104 0.1035 0.1035 0.1085 0.1085 0.105 0.105 0.105 0.1065 0.1065 0.1045 0.1045 0.105 0.105 0.105 0.108 0.108 0.11 0.11 0.109 0.109 0.109 0.123 0.123 0.1145 0.1145 0.1135 0.1135 0.114 0.114 0.114 0.1075 0.1075 0.1115 0.1115 0.112 0.112 0.112 0.1145 0.1145 0.1035 0.1035 0.098 0.098 0.098 0.1015 0.1015 0.1025 0.1025 0.1005 0.1005 0.1005 0.096 0.096 0.092 0.092
0.1 0.1015 0.1015 0.104 0.104 0.104 0.1055 0.1055 0.1085 0.1085 0.1075 0.1075 0.1145 0.1145 0.1145 0.1155 0.1155 0.11 0.11 0.1105 0.1105 0.1105 0.113 0.113 0.119 0.119 0.1185 0.1185 0.1185 0.118 0.118 0.1235 0.1235 0.113 0.113 0.113 0.112 0.112 0.116 0.116 0.1185 0.1185 0.1185 0.1175 0.1175 0.1105 0.1105 0.116 0.116 0.1135 0.1135 0.1135 0.112 0.112 0.1085 0.1085 0.1085 0.1085 0.1085 0.1085 0.1085 0.1075 0.1075 0.108 0.108 0.108 0.1005 0.1005 0.1005 0.1005 0.0985 0.0985 0.0985 0.096 0.096 0.092 0.092
0.1 0.1015 0.1015 0.104 0.104 0.104 0.1055 0.1055 0.1085 0.1085 0.1075 0.1075 0.1145 0.1145 0.1145 0.1155 0.1155 0.11 0.11 0.1105 0.1105 0.1105 0.113 0.113 0.119 0.119 0.1185 0.1185 0.1185 0.118 0.118 0.1235 0.1235 0.113 0.113 0.113 0.112 0.112 0.116 0.116 0.1185 0.1185 0.1185 0.1175 0.1175 0.1105 0.1105 0.116 0.116 0.1135 0.1135 0.1135 0.112 0.112 0.1085 0.1085 0.1085 0.1085 0.1085 0.1085 0.1085 0.1075 0.1075 0.108 0.108 0.108 0.1005 0.1005 0.1005 0.1005 0.0985 0.0985 0.0985 0.096 0.096 0.092 0.092
0.102 0.1045 0.1045 0.1065 0.1065 0.1065 0.1065 0.1065 0.1055 0.1055 0.1115 0.1115 0.1055 0.1055 0.1055 0.104 0.104 0.1145 0.1145 0.114 0.114 0.114 0.117 0.117 0.1155 0.1155 0.118 0.118 0.118 0.1125 0.1125 0.1135 0.1135 0.109 0.109 0.109 0.1125 0.1125 0.115 0.115 0.1135 0.1135 0.1135 0.1125 0.1125 0.115 0.115 0.1185 0.1185 0.112 0.112 0.112 0.1165 0.1165 0.109 0.109 0.1075 0.1075 0.1075 0.1085 0.1085 0.1105 0.1105 0.11 0.11 0.11 0.1035 0.1035 0.1015 0.1015 0.104 0.104 0.104 0.1015 0.1015 0.105 0.105
0.102 0.1045 0.1045 0.1065 0.1065 0.1065 0.1065 0.1065 0.1055 0.1055 0.1115 0.1115 0.1055 0.1055 0.1055 0.104 0.104 0.1145 0.1145 0.114 0.114 0.114 0.117 0.117 0.1155 0.1155 0.118 0.118 0.118 0.1125 0.1125 0.1135 0.1135 0.109 0.109 0.109 0.1125 0.1125 0.115 0.115 0.1135 0.1135 0.1135 0.1125 0.1125 0.115 0.115 0.1185 0.1185 0.112 0.112 0.112 0.1165 0.1165 0.109 0.109 0.1075 0.1075 0.1075 0.1085 0.1085 0.1105 0.1105 0.11 0.11 0.11 0.1035 0.1035 0.1015 0.1015 0.104 0.104 0.104 0.1015 0.1015 0.105 0.105
0.107 0.1075 0.1075 0.107 0.107 0.107 0.106 0.106 0.1105 0.1105 0.1115 0.1115 0.1105 0.1105 0.1105 0.1115 0.1115 0.112 0.112 0.1175 0.1175 0.1175 0.1125 0.1125 0.112 0.112 0.1155 0.1155 0.1155 0.107 0.107 0.108 0.108 0.11 0.11 0.11 0.11 0.11 0.105 0.105 0.09999999 0.09999999 0.09999999 0.11 0.11 0.1065 0.1065 0.121 0.121 0.115 0.115 0.115 0.1085 0.1085 0.1115 0.1115 0.1115 0.1115 0.1115 0.1045 0.1045 0.1065 0.1065 0.1045 0.1045 0.1045 0.106 0.106 0.1045 0.1045 0.1075 0.1075 0.1075 0.1045 0.1045 0.107 0.107
0.107 0.1075 0.1075 0.107 0.107 0.107 0.106 0.106 0.1105 0.1105 0.1115 0.1115 0.1105 0.1105 0.1105 0.1115 0.1115 0.112 0.112 0.1175 0.1175 0.1175 0.1125 0.1125 0.112 0.112 0.1155 0.1155 0.1155 0.107 0.107 0.108 0.108 0.11 0.11 0.11 0.11 0.11 0.105 0.105 0.09999999 0.09999999 0.09999999 0.11 0.11 0.1065 0.1065 0.121 0.121 0.115 0.115 0.115 0.1085 0.1085 0.1115 0.1115 0.1115 0.1115 0.1115 0.1045 0.1045 0.1065 0.1065 0.1045 0.1045 0.1045 0.106 0.106 0.1045 0.1045 0.1075 0.1075 0.1075 0.1045 0.1045 0.107 0.107
0.1115 0.1115 0.1115 0.1105 0.1105 0.1105 0.1035 0.1035 0.1085 0.1085 0.1075 0.1075 0.109 0.109 0.109 0.1185 0.1185 0.118 0.118 0.1145 0.1145 0.1145 0.1055 0.1055 0.115 0.115 0.1185 0.1185 0.1185 0.108 0.108 0.106 0.106 0.115 0.115 0.115 0.1105 0.1105 0.107 0.107 0.1035 0.1035 0.1035 0.113 0.113 0.1135 0.1135 0.127 0.127 0.1185 0.1185 0.1185 0.1095 0.1095 0.11 0.11 0.111 0.111 0.111 0.1035 0.1035 0.1025 0.1025 0.0945 0.0945 0.0945 0.0955 0.0955 0.0995 0.0995 0.09550001 0.09550001 0.09550001 0.09999999 0.09999999 0.102 0.102
0.1115 0.1115 0.1115 0.1105 0.1105 0.1105 0.1035 0.1035 0.1085 0.1085 0.1075 0.1075 0.109 0.109 0.109 0.1185 0.1185 0.118 0.118 0.1145 0.1145 0.1145 0.1055 0.1055 0.115 0.115 0.1185 0.1185 0.1185 0.108 0.108 0.106 0.106 0.115 0.115 0.115 0.1105 0.1105 0.107 0.107 0.1035 0.1035 0.1035 0.113 0.113 0.1135 0.1135 0.127 0.127 0.1185 0.1185 0.1185 0.1095 0.1095 0.11 0.11 0.111 0.111 0.111 0.1035 0.1035 0.1025 0.1025 0.0945 0.0945 0.0945 0.0955 0.0955 0.0995 0.0995 0.09550001 0.09550001 0.09550001 0.09999999 0.09999999 0.102 0.102
0.1115 0.1115 0.1115 0.1105 0.1105 0.1105 0.1035 0.1035 0.1085 0.1085 0.1075 0.1075 0.109 0.109 0.109 0.1185 0.1185 0.118 0.118 0.1145 0.1145 0.1145 0.1055 0.1055 0.115 0.115 0.1185 0.1185 0.1185 0.108 0.108 0.106 0.106 0.115 0.115 0.115 0.1105 0.1105 0.107 0.107 0.1035 0.1035 0.1035 0.113 0.113 0.1135 0.1135 0.127 0.127 0.1185 0.1185 0.1185 0.1095 0.1095 0.11 0.11 0.111 0.111 0.111 0.1035 0.1035 0.1025 0.1025 0.0945 0.0945 0.0945 0.0955 0.0955 0.0995 0.0995 0.09550001 0.09550001 0.09550001 0.09999999 0.09999999 0.102 0.102
0.117 0.117 0.117 0.1125 0.1125 0.1125 0.1075 0.1075 0.1125 0.1125 0.105 0.105 0.1125 0.1125 0.1125 0.122 0.122 0.12 0.12 0.1185 0.1185 0.1185 0.112 0.112 0.1165 0.1165 0.118 0.118 0.118 0.115 0.115 0.1145 0.1145 0.1075 0.1075 0.1075 0.1075 0.1075 0.1065 0.1065 0.1055 0.1055 0.1055 0.105 0.105 0.1075 0.1075 0.1145 0.1145 0.1005 0.1005 0.1005 0.09999999 0.09999999 0.108 0.108 0.1085 0.1085 0.1085 0.105 0.105 0.096 0.096 0.099 0.099 0.099 0.0945 0.0945 0.097 0.097 0.0945 0.0945 0.0945 0.098 0.098 0.108 0.108
0.117 0.117 0.117 0.1125 0.1125 0.1125 0.1075 0.1075 0.1125 0.1125 0.105 0.105 0.1125 0.1125 0.1125 0.122 0.122 0.12 0.12 0.1185 0.1185 0.1185 0.112 0.112 0.1165 0.1165 0.118 0.118 0.118 0.115 0.115 0.1145 0.1145 0.1075 0.1075 0.1075 0.1075 0.1075 0.1065 0.1065 0.1055 0.1055 0.1055 0.105 0.105 0.1075 0.1075 0.1145 0.1145 0.1005 0.1005 0.1005 0.09999999 0.09999999 0.108 0.108 0.1085 0.1085 0.1085 0.105 0.105 0.096 0.096 0.099 0.099 0.099 0.0945 0.0945 0.097 0.097 0.0945 0.0945 0.0945 0.098 0.098 0.108 0.108
0.114 0.105 0.105 0.114 0.114 0.114 0.115 0.115 0.117 0.117 0.1125 0.1125 0.1085 0.1085 0.1085 0.1165 0.1165 0.113 0.113 0.118 0.118 0.118 0.115 0.115 0.1125 0.1125 0.108 0.108 0.108 0.1015 0.1015 0.1075 0.1075 0.1055 0.1055 0.1055 0.1045 0.1045 0.1025 0.1025 0.1025 0.1025 0.1025 0.095 0.095 0.0905 0.0905 0.0835 0.0835 0.08149999 0.08149999 0.08149999 0.095 0.095 0.095 0.095 0.101 0.101 0.101 0.1035 0.1035 0.09550001 0.09550001 0.095 0.095 0.095 0.09 0.09 0.096 0.096 0.095 0.095 0.095 0.1015 0.1015 0.1055 0.1055
0.114 0.105 0.105 0.114 0.114 0.114 0.115 0.115 0.117 0.117 0.1125 0.1125 0.1085 0.1085 0.1085 0.1165 0.1165 0.113 0.113 0.118 0.118 0.118 0.115 0.115 0.1125 0.1125 0.108 0.108 0.108 0.1015 0.1015 0.1075 0.1075 0.1055 0.1055 0.1055 0.1045 0.1045 0.1025 0.1025 0.1025 0.1025 0.1025 0.095 0.095 0.0905 0.0905 0.0835 0.0835 0.08149999 0.08149999 0.08149999 0.095 0.095 0.095 0.095 0.101 0.101 0.101 0.1035 0.1035 0.09550001 0.09550001 0.095 0.095 0.095 0.09 0.09 0.096 0.096 0.095 0.095 0.095 0.1015 0.1015 0.1055 0.1055
0.116 0.1325 0.1325 0.146 0.146 0.146 0.1015 0.1015 0.09999999 0.09999999 0.0955 0.0955 0.105 0.105 0.105 0.09450001 0.09450001 0.1055 0.1055 0.1055 0.1055 0.1055 0.0995 0.0995 0.103 0.103 0.095 0.095 0.095 0.0845 0.0845 0.0865 0.0865 0.085 0.085 0.085 0.0985 0.0985 0.1085 0.1085 0.106 0.106 0.106 0.102 0.102 0.1055 0.1055 0.1035 0.1035 0.1005 0.1005 0.1005 0.1025 0.1025 0.101 0.101 0.1055 0.1055 0.1055 0.104 0.104 0.1005 0.1005 0.0955 0.0955 0.0955 0.0935 0.0935 0.1035 0.1035 0.0995 0.0995 0.0995 0.1055 0.1055 0.103 0.103
0.116 0.1325 0.1325 0.146 0.146 0.146 0.1015 0.1015 0.09999999 0.09999999 0.0955 0.0955 0.105 0.105 0.105 0.09450001 0.09450001 0.1055 0.1055 0.1055 0.1055 0.1055 0.0995 0.0995 0.103 0.103 0.095 0.095 0.095 0.0845 0.0845 0.0865 0.0865 0.085 0.085 0.085 0.0985 0.0985 0.1085 0.1085 0.106 0.106 0.106 0.102 0.102 0.1055 0.1055 0.1035 0.1035 0.1005 0.1005 0.1005 0.1025 0.1025 0.101 0.101 0.1055 0.1055 0.1055 0.104 0.104 0.1005 0.1005 0.0955 0.0955 0.0955 0.0935 0.0935 0.1035 0.1035 0.0995 0.0995 0.0995 0.1055 0.1055 0.103 0.103
0.116 0.1325 0.1325 0.146 0.146 0.146 0.1015 0.1015 0.09999999 0.09999999 0.0955 0.0955 0.105 0.105 0.105 0.09450001 0.09450001 0.1055 0.1055 0.1055 0.1055 0.1055 0.0995 0.0995 0.103 0.103 0.095 0.095 0.095 0.0845 0.0845 0.0865 0.0865 0.085 0.085 0.085 0.0985 0.0985 0.1085 0.1085 0.106 0.106 0.106 0.102 0.102 0.1055 0.1055 0.1035 0.1035 0.1005 0.1005 0.1005 0.1025 0.1025 0.101 0.101 0.1055 0.1055 0.1055 0.104 0.104 0.1005 0.1005 0.0955 0.0955 0.0955 0.0935 0.0935 0.1035 0.1035 0.0995 0.0995 0.0995 0.1055 0.1055 0.103 0.103
0.112 0.119 0.119 0.136 0.136 0.136 0.106 0.106 0.1005 0.1005 0.095 0.095 0.101 0.101 0.101 0.1105 0.1105 0.1095 0.1095 0.107 0.107 0.107 0.102 0.102 0.1025 0.1025 0.0965 0.0965 0.0965 0.0965 0.0965 0.0915 0.0915 0.098 0.098 0.098 0.105 0.105 0.11 0.11 0.1015 0.1015 0.1015 0.1055 0.1055 0.109 0.109 0.106 0.106 0.104 0.104 0.104 0.101 0.101 0.1025 0.1025 0.1005 0.1005 0.1005 0.1055 0.1055 0.1055 0.1055 0.104 0.104 0.104 0.1065 0.1065 0.104 0.104 0.1065 0.1065 0.1065 0.102 0.102 0.096 0.096
0.112 0.119 0.119 0.136 0.136 0.136 0.106 0.106 0.1005 0.1005 0.095 0.095 0.101 0.101 0.101 0.1105 0.1105 0.1095 0.1095 0.107 0.107 0.107 0.102 0.102 0.1025 0.1025 0.0965 0.0965 0.0965 0.0965 0.0965 0.0915 0.0915 0.098 0.098 0.098 0.105 0.105 0.11 0.11 0.1015 0.1015 0.1015 0.1055 0.1055 0.109 0.109 0.106 0.106 0.104 0.104 0.104 0.101 0.101 0.1025 0.1025 0.1005 0.1005 0.1005 0.1055 0.1055 0.1055 0.1055 0.104 0.104 0.104 0.1065 0.1065 0.104 0.104 0.1065 0.1065 0.1065 0.102 0.102 0.096 0.096
0.12 0.117 0.117 0.1345 0.1345 0.1345 0.125 0.125 0.1115 0.1115 0.113 0.113 0.109 0.109 0.109 0.105 0.105 0.115 0.115 0.128 0.128 0.128 0.134 0.134 0.1245 0.1245 0.119 0.119 0.119 0.1225 0.1225 0.13 0.13 0.1155 0.1155 0.1155 0.119 0.119 0.1115 0.1115 0.1115 0.1115 0.1115 0.11 0.11 0.1055 0.1055 0.116 0.116 0.104 0.104 0.104 0.1025 0.1025 0.105 0.105 0.1015 0.1015 0.1015 0.106 0.106 0.1065 0.1065 0.1105 0.1105 0.1105 0.1115 0.1115 0.105 0.105 0.106 0.106 0.106 0.1055 0.1055 0.098 0.098
0.12 0.117 0.117 0.1345 0.1345 0.1345 0.125 0.125 0.1115 0.1115 0.113 0.113 0.109 0.109 0.109 0.105 0.105 0.115 0.115 0.128 0.128 0.128 0.134 0.134 0.1245 0.1245 0.119 0.119 0.119 0.1225 0.1225 0.13 0.13 0.1155 0.1155 0.1155 0.119 0.119 0.1115 0.1115 0.1115 0.1115 0.1115 0.11 0.11 0.1055 0.1055 0.116 0.116 0.104 0.104 0.104 0.1025 0.1025 0.105 0.105 0.1015 0.1015 0.1015 0.106 0.106 0.1065 0.1065 0.1105 0.1105 0.1105 0.1115 0.1115 0.105 0.105 0.106 0.106 0.106 0.1055 0.1055 0.098 0.098
0.1165 0.116 0.116 0.1305 0.1305 0.1305 0.165 0.165 0.136 0.136 0.1255 0.1255 0.1255 0.1255 0.1255 0.1285 0.1285 0.1295 0.1295 0.128 0.128 0.128 0.132 0.132 0.1195 0.1195 0.126 0.126 0.126 0.1225 0.1225 0.118 0.118 0.119 0.119 0.119 0.1215 0.1215 0.1155 0.1155 0.1135 0.1135 0.1135 0.11 0.11 0.1105 0.1105 0.1125 0.1125 0.1135 0.1135 0.1135 0.107 0.107 0.105 0.105 0.105 0.105 0.105 0.103 0.103 0.1105 0.1105 0.111 0.111 0.111 0.1135 0.1135 0.1075 0.1075 0.108 0.108 0.108 0.107 0.107 0.102 0.102
0.1165 0.116 0.116 0.1305 0.1305 0.1305 0.165 0.165 0.136 0.136 0.1255 0.1255 0.1255 0.1255 0.1255 0.1285 0.1285 0.1295 0.1295 0.128 0.128 0.128 0.132 0.132 0.1195 0.1195 0.126 0.126 0.126 0.1225 0.1225 0.118 0.118 0.119 0.119 0.119 0.1215 0.1215 0.1155 0.1155 0.1135 0.1135 0.1135 0.11 0.11 0.1105 0.1105 0.1125 0.1125 0.1135 0.1135 0.1135 0.107 0.107 0.105 0.105 0.105 0.105 0.105 0.103 0.103 0.1105 0.1105 0.111 0.111 0.111 0.1135 0.1135 0.1075 0.1075 0.108 0.108 0.108 0.107 0.107 0.102 0.102
0.1165 0.116 0.116 0.1305 0.1305 0.1305 0.165 0.165 0.136 0.136 0.1255 0.1255 0.1255 0.1255 0.1255 0.1285 0.1285 0.1295 0.1295 0.128 0.128 0.128 0.132 0.132 0.1195 0.1195 0.126 0.126 0.126 0.1225 0.1225 0.118 0.118 0.119 0.119 0.119 0.1215 0.1215 0.1155 0.1155 0.1135 0.1135 0.1135 0.11 0.11 0.1105 0.1105 0.1125 0.1125 0.1135 0.1135 0.1135 0.107 0.107 0.105 0.105 0.105 0.105 0.105 0.103 0.103 0.1105 0.1105 0.111 0.111 0.111 0.1135 0.1135 0.1075 0.1075 0.108 0.108 0.108 0.107 0.107 0.102 0.102
0.1095 0.1175 0.1175 0.148 0.148 0.148 0.164 0.164 0.1635 0.1635 0.1335 0.1335 0.1295 0.1295 0.1295 0.129 0.129 0.129 0.129 0.1275 0.1275 0.1275 0.132 0.132 0.13 0.13 0.1235 0.1235 0.1235 0.122 0.122 0.121 0.121 0.1215 0.1215 0.1215 0.1175 0.1175 0.116 0.116 0.1095 0.1095 0.1095 0.1095 0.1095 0.114 0.114 0.1185 0.1185 0.117 0.117 0.117 0.112 0.112 0.112 0.112 0.112 0.112 0.112 0.1065 0.1065 0.1125 0.1125 0.1135 0.1135 0.1135 0.1125 0.1125 0.1145 0.1145 0.111 0.111 0.111 0.108 0.108 0.1095 0.1095
0.1095 0.1175 0.1175 0.148 0.148 0.148 0.164 0.164 0.1635 0.1635 0.1335 0.1335 0.1295 0.1295 0.1295 0.129 0.129 0.129 0.129 0.1275 0.1275 0.1275 0.132 0.132 0.13 0.13 0.1235 0.1235 0.1235 0.122 0.122 0.121 0.121 0.1215 0.1215 0.1215 0.1175 0.1175 0.116 0.116 0.1095 0.1095 0.1095 0.1095 0.1095 0.114 0.114 0.1185 0.1185 0.117 0.117 0.117 0.112 0.112 0.112 0.112 0.112 0.112 0.112 0.1065 0.1065 0.1125 0.1125 0.1135 0.1135 0.1135 0.1125 0.1125 0.1145 0.1145 0.111 0.111 0.111 0.108 0.108 0.1095 0.1095
0.1255 0.1135 0.1135 0.123 0.123 0.123 0.138 0.138 0.149 0.149 0.122 0.122 0.117 0.117 0.117 0.1125 0.1125 0.1175 0.1175 0.132 0.132 0.132 0.1225 0.1225 0.126 0.126 0.1325 0.1325 0.1325 0.1305 0.1305 0.1185 0.1185 0.1195 0.1195 0.1195 0.1175 0.1175 0.118 0.118 0.119 0.119 0.119 0.1165 0.1165 0.117 0.117 0.118 0.118 0.1185 0.1185 0.1185 0.122 0.122 0.119 0.119 0.1165 0.1165 0.1165 0.1145 0.1145 0.119 0.119 0.1175 0.1175 0.1175 0.121 0.121 0.122 0.122 0.1185 0.1185 0.1185 0.1135 0.1135 0.1185 0.1185
0.1255 0.1135 0.1135 0.123 0.123 0.123 0.138 0.138 0.149 0.149 0.122 0.122 0.117 0.117 0.117 0.1125 0.1125 0.1175 0.1175 0.132 0.132 0.132 0.1225 0.1225 0.126 0.126 0.1325 0.1325 0.1325 0.1305 0.1305 0.1185 0.1185 0.1195 0.1195 0.1195 0.1175 0.1175 0.118 0.118 0.119 0.119 0.119 0.1165 0.1165 0.117 0.117 0.118 0.118 0.1185 0.1185 0.1185 0.122 0.122 0.119 0.119 0.1165 0.1165 0.1165 0.1145 0.1145 0.119 0.119 0.1175 0.1175 0.1175 0.121 0.121 0.122 0.122 0.1185 0.1185 0.1185 0.1135 0.1135 0.1185 0.1185
0.1345 0.13 0.13 0.1185 0.1185 0.1185 0.1215 0.1215 0.1205 0.1205 0.107 0.107 0.104 0.104 0.104 0.104 0.104 0.108 0.108 0.112 0.112 0.112 0.1095 0.1095 0.1285 0.1285 0.13 0.13 0.13 0.1255 0.1255 0.1275 0.1275 0.122 0.122 0.122 0.1185 0.1185 0.1225 0.1225 0.127 0.127 0.127 0.1255 0.1255 0.1255 0.1255 0.1345 0.1345 0.133 0.133 0.133 0.131 0.131 0.126 0.126 0.125 0.125 0.125 0.1245 0.1245 0.1225 0.1225 0.1215 0.1215 0.1215 0.1235 0.1235 0.125 0.125 0.12 0.12 0.12 0.118 0.118 0.1115 0.1115
0.1345 0.13 0.13 0.1185 0.1185 0.1185 0.1215 0.1215 0.1205 0.1205 0.107 0.107 0.104 0.104 0.104 0.104 0.104 0.108 0.108 0.112 0.112 0.112 0.1095 0.1095 0.1285 0.1285 0.13 0.13 0.13 0.1255 0.1255 0.1275 0.1275 0.122 0.122 0.122 0.1185 0.1185 0.1225 0.1225 0.127 0.127 0.127 0.1255 0.1255 0.1255 0.1255 0.1345 0.1345 0.133 0.133 0.133 0.131 0.131 0.126 0.126 0.125 0.125 0.125 0.1245 0.1245 0.1225 0.1225 0.1215 0.1215 0.1215 0.1235 0.1235 0.125 0.125 0.12 0.12 0.12 0.118 0.118 0.1115 0.1115
