ndvi/NOAA-335.asc
ncols         252
nrows         154
xllcorner     -18.017974
yllcorner     13.481982
cellsize      0.035948
NODATA_value  -9999
[rows 0 to 34 of 154, columns 156 to 233 of 252]
0.09 0.0915 0.0915 0.0915 0.095 0.095 0.1035 0.1035 0.1025 0.1025 0.104 0.104 0.104 0.109 0.109 0.106 0.106 0.1025 0.1025 0.1025 0.108 0.108 0.099 0.099 0.099 0.099 0.099 0.105 0.105 0.1 0.1 0.0945 0.0945 0.0945 0.09900001 0.09900001 0.096 0.096 0.0985 0.0985 0.0985 0.1055 0.1055 0.1045 0.1045 0.1075 0.1075 0.112 0.112 0.112 0.1095 0.1095 0.1085 0.1085 0.106 0.106 0.106 0.103 0.103 0.0965 0.0965 0.101 0.101 0.101 0.093 0.093 0.0935 0.0935 0.091 0.091 0.091 0.088 0.088 0.082 0.082 0.0845 0.0845 0.0845
0.09 0.0915 0.0915 0.0915 0.095 0.095 0.1035 0.1035 0.1025 0.1025 0.104 0.104 0.104 0.109 0.109 0.106 0.106 0.1025 0.1025 0.1025 0.108 0.108 0.099 0.099 0.099 0.099 0.099 0.105 0.105 0.1 0.1 0.0945 0.0945 0.0945 0.09900001 0.09900001 0.096 0.096 0.0985 0.0985 0.0985 0.1055 0.1055 0.1045 0.1045 0.1075 0.1075 0.112 0.112 0.112 0.1095 0.1095 0.1085 0.1085 0.106 0.106 0.106 0.103 0.103 0.0965 0.0965 0.101 0.101 0.101 0.093 0.093 0.0935 0.0935 0.091 0.091 0.091 0.088 0.088 0.082 0.082 0.0845 0.0845 0.0845
0.093 0.094 0.094 0.094 0.1015 0.1015 0.1 0.1 0.1055 0.1055 0.1095 0.1095 0.1095 0.104 0.104 0.1065 0.1065 0.107 0.107 0.107 0.1075 0.1075 0.1055 0.1055 0.107 0.107 0.107 0.1065 0.1065 0.11 0.11 0.107 0.107 0.107 0.103 0.103 0.107 0.107 0.113 0.113 0.113 0.119 0.119 0.1125 0.1125 0.112 0.112 0.116 0.116 0.116 0.112 0.112 0.11 0.11 0.11 0.11 0.11 0.1105 0.1105 0.108 0.108 0.097 0.097 0.097 0.0955 0.0955 0.098 0.098 0.0915 0.0915 0.0915 0.0915 0.0915 0.0855 0.0855 0.085 0.085 0.085
0.093 0.094 0.094 0.094 0.1015 0.1015 0.1 0.1 0.1055 0.1055 0.1095 0.1095 0.1095 0.104 0.104 0.1065 0.1065 0.107 0.107 0.107 0.1075 0.1075 0.1055 0.1055 0.107 0.107 0.107 0.1065 0.1065 0.11 0.11 0.107 0.107 0.107 0.103 0.103 0.107 0.107 0.113 0.113 0.113 0.119 0.119 0.1125 0.1125 0.112 0.112 0.116 0.116 0.116 0.112 0.112 0.11 0.11 0.11 0.11 0.11 0.1105 0.1105 0.108 0.108 0.097 0.097 0.097 0.0955 0.0955 0.098 0.098 0.0915 0.0915 0.0915 0.0915 0.0915 0.0855 0.0855 0.085 0.085 0.085
0.093 0.094 0.094 0.094 0.1015 0.1015 0.1 0.1 0.1055 0.1055 0.1095 0.1095 0.1095 0.104 0.104 0.1065 0.1065 0.107 0.107 0.107 0.1075 0.1075 0.1055 0.1055 0.107 0.107 0.107 0.1065 0.1065 0.11 0.11 0.107 0.107 0.107 0.103 0.103 0.107 0.107 0.113 0.113 0.113 0.119 0.119 0.1125 0.1125 0.112 0.112 0.116 0.116 0.116 0.112 0.112 0.11 0.11 0.11 0.11 0.11 0.1105 0.1105 0.108 0.108 0.097 0.097 0.097 0.0955 0.0955 0.098 0.098 0.0915 0.0915 0.0915 0.0915 0.0915 0.0855 0.0855 0.085 0.085 0.085
0.0995 0.1015 0.1015 0.1015 0.1115 0.1115 0.111 0.111 0.1075 0.1075 0.107 0.107 0.107 0.1085 0.1085 0.11 0.11 0.108 0.108 0.108 0.111 0.111 0.114 0.114 0.113 0.113 0.113 0.121 0.121 0.119 0.119 0.122 0.122 0.122 0.118 0.118 0.1115 0.1115 0.1165 0.1165 0.1165 0.11 0.11 0.112 0.112 0.113 0.113 0.114 0.114 0.114 0.1095 0.1095 0.107 0.107 0.108 0.108 0.108 0.1075 0.1075 0.1025 0.1025 0.1075 0.1075 0.1075 0.102 0.102 0.0985 0.0985 0.092 0.092 0.092 0.091 0.091 0.091 0.091 0.092 0.092 0.092
0.0995 0.1015 0.1015 0.1015 0.1115 0.1115 0.111 0.111 0.1075 0.1075 0.107 0.107 0.107 0.1085 0.1085 0.11 0.11 0.108 0.108 0.108 0.111 0.111 0.114 0.114 0.113 0.113 0.113 0.121 0.121 0.119 0.119 0.122 0.122 0.122 0.118 0.118 0.1115 0.1115 0.1165 0.1165 0.1165 0.11 0.11 0.112 0.112 0.113 0.113 0.114 0.114 0.114 0.1095 0.1095 0.107 0.107 0.108 0.108 0.108 0.1075 0.1075 0.1025 0.1025 0.1075 0.1075 0.1075 0.102 0.102 0.0985 0.0985 0.092 0.092 0.092 0.091 0.091 0.091 0.091 0.092 0.092 0.092
0.1025 0.107 0.107 0.107 0.1145 0.1145 0.112 0.112 0.1145 0.1145 0.115 0.115 0.115 0.118 0.118 0.1135 0.1135 0.111 0.111 0.111 0.109 0.109 0.1195 0.1195 0.1195 0.1195 0.1195 0.1165 0.1165 0.1155 0.1155 0.1155 0.1155 0.1155 0.1095 0.1095 0.106 0.106 0.109 0.109 0.109 0.1125 0.1125 0.1175 0.1175 0.1175 0.1175 0.114 0.114 0.114 0.1095 0.1095 0.108 0.108 0.103 0.103 0.103 0.1095 0.1095 0.09999999 0.09999999 0.107 0.107 0.107 0.104 0.104 0.0955 0.0955 0.0945 0.0945 0.0945 0.09 0.09 0.098 0.098 0.094 0.094 0.094
0.1025 0.107 0.107 0.107 0.1145 0.1145 0.112 0.112 0.1145 0.1145 0.115 0.115 0.115 0.118 0.118 0.1135 0.1135 0.111 0.111 0.111 0.109 0.109 0.1195 0.1195 0.1195 0.1195 0.1195 0.1165 0.1165 0.1155 0.1155 0.1155 0.1155 0.1155 0.1095 0.1095 0.106 0.106 0.109 0.109 0.109 0.1125 0.1125 0.1175 0.1175 0.1175 0.1175 0.114 0.114 0.114 0.1095 0.1095 0.108 0.108 0.103 0.103 0.103 0.1095 0.1095 0.09999999 0.09999999 0.107 0.107 0.107 0.104 0.104 0.0955 0.0955 0.0945 0.0945 0.0945 0.09 0.09 0.098 0.098 0.094 0.094 0.094
0.1165 0.1125 0.1125 0.1125 0.1175 0.1175 0.119 0.119 0.113 0.113 0.117 0.117 0.117 0.1205 0.1205 0.1235 0.1235 0.119 0.119 0.119 0.118 0.118 0.1155 0.1155 0.1135 0.1135 0.1135 0.11 0.11 0.115 0.115 0.1175 0.1175 0.1175 0.106 0.106 0.1085 0.1085 0.102 0.102 0.102 0.102 0.102 0.103 0.103 0.1125 0.1125 0.109 0.109 0.109 0.1105 0.1105 0.107 0.107 0.1025 0.1025 0.1025 0.1055 0.1055 0.1015 0.1015 0.1015 0.1015 0.1015 0.0985 0.0985 0.097 0.097 0.0955 0.0955 0.0955 0.09450001 0.09450001 0.0975 0.0975 0.09649999 0.09649999 0.09649999
0.1165 0.1125 0.1125 0.1125 0.1175 0.1175 0.119 0.119 0.113 0.113 0.117 0.117 0.117 0.1205 0.1205 0.1235 0.1235 0.119 0.119 0.119 0.118 0.118 0.1155 0.1155 0.1135 0.1135 0.1135 0.11 0.11 0.115 0.115 0.1175 0.1175 0.1175 0.106 0.106 0.1085 0.1085 0.102 0.102 0.102 0.102 0.102 0.103 0.103 0.1125 0.1125 0.109 0.109 0.109 0.1105 0.1105 0.107 0.107 0.1025 0.1025 0.1025 0.1055 0.1055 0.1015 0.1015 0.1015 0.1015 0.1015 0.0985 0.0985 0.097 0.097 0.0955 0.0955 0.0955 0.09450001 0.09450001 0.0975 0.0975 0.09649999 0.09649999 0.09649999
0.1205 0.121 0.121 0.121 0.121 0.121 0.1215 0.1215 0.114 0.114 0.1185 0.1185 0.1185 0.1235 0.1235 0.1205 0.1205 0.121 0.121 0.121 0.121 0.121 0.1205 0.1205 0.1215 0.1215 0.1215 0.113 0.113 0.116 0.116 0.113 0.113 0.113 0.114 0.114 0.101 0.101 0.1165 0.1165 0.1165 0.108 0.108 0.105 0.105 0.1215 0.1215 0.107 0.107 0.107 0.1025 0.1025 0.1025 0.1025 0.105 0.105 0.105 0.1035 0.1035 0.097 0.097 0.087 0.087 0.087 0.088 0.088 0.085 0.085 0.0855 0.0855 0.0855 0.09 0.09 0.099 0.099 0.0985 0.0985 0.0985
0.1205 0.121 0.121 0.121 0.121 0.121 0.1215 0.1215 0.114 0.114 0.1185 0.1185 0.1185 0.1235 0.1235 0.1205 0.1205 0.121 0.121 0.121 0.121 0.121 0.1205 0.1205 0.1215 0.1215 0.1215 0.113 0.113 0.116 0.116 0.113 0.113 0.113 0.114 0.114 0.101 0.101 0.1165 0.1165 0.1165 0.108 0.108 0.105 0.105 0.1215 0.1215 0.107 0.107 0.107 0.1025 0.1025 0.1025 0.1025 0.105 0.105 0.105 0.1035 0.1035 0.097 0.097 0.087 0.087 0.087 0.088 0.088 0.085 0.085 0.0855 0.0855 0.0855 0.09 0.09 0.099 0.099 0.0985 0.0985 0.0985
0.1205 0.121 0.121 0.121 0.121 0.121 0.1215 0.1215 0.114 0.114 0.1185 0.1185 0.1185 0.1235 0.1235 0.1205 0.1205 0.121 0.121 0.121 0.121 0.121 0.1205 0.1205 0.1215 0.1215 0.1215 0.113 0.113 0.116 0.116 0.113 0.113 0.113 0.114 0.114 0.101 0.101 0.1165 0.1165 0.1165 0.108 0.108 0.105 0.105 0.1215 0.1215 0.107 0.107 0.107 0.1025 0.1025 0.1025 0.1025 0.105 0.105 0.105 0.1035 0.1035 0.097 0.097 0.087 0.087 0.087 0.088 0.088 0.085 0.085 0.0855 0.0855 0.0855 0.09 0.09 0.099 0.099 0.0985 0.0985 0.0985
0.1215 0.1195 0.1195 0.1195 0.123 0.123 0.1285 0.1285 0.116 0.116 0.124 0.124 0.124 0.124 0.124 0.1155 0.1155 0.123 0.123 0.123 0.112 0.112 0.1115 0.1115 0.1195 0.1195 0.1195 0.126 0.126 0.1165 0.1165 0.109 0.109 0.109 0.113 0.113 0.1035 0.1035 0.101 0.101 0.101 0.0975 0.0975 0.1015 0.1015 0.1115 0.1115 0.095 0.095 0.095 0.0915 0.0915 0.101 0.101 0.107 0.107 0.107 0.098 0.098 0.0865 0.0865 0.079 0.079 0.079 0.083 0.083 0.078 0.078 0.0875 0.0875 0.0875 0.087 0.087 0.103 0.103 0.1025 0.1025 0.1025
0.1215 0.1195 0.1195 0.1195 0.123 0.123 0.1285 0.1285 0.116 0.116 0.124 0.124 0.124 0.124 0.124 0.1155 0.1155 0.123 0.123 0.123 0.112 0.112 0.1115 0.1115 0.1195 0.1195 0.1195 0.126 0.126 0.1165 0.1165 0.109 0.109 0.109 0.113 0.113 0.1035 0.1035 0.101 0.101 0.101 0.0975 0.0975 0.1015 0.1015 0.1115 0.1115 0.095 0.095 0.095 0.0915 0.0915 0.101 0.101 0.107 0.107 0.107 0.098 0.098 0.0865 0.0865 0.079 0.079 0.079 0.083 0.083 0.078 0.078 0.0875 0.0875 0.0875 0.087 0.087 0.103 0.103 0.1025 0.1025 0.1025
0.114 0.1145 0.1145 0.1145 0.117 0.117 0.126 0.126 0.129 0.129 0.126 0.126 0.126 0.126 0.126 0.118 0.118 0.1235 0.1235 0.1235 0.1095 0.1095 0.113 0.113 0.116 0.116 0.116 0.108 0.108 0.1155 0.1155 0.1045 0.1045 0.1045 0.1075 0.1075 0.1065 0.1065 0.1015 0.1015 0.1015 0.0865 0.0865 0.0885 0.0885 0.079 0.079 0.072 0.072 0.072 0.0845 0.0845 0.0855 0.0855 0.089 0.089 0.089 0.08750001 0.08750001 0.0835 0.0835 0.08 0.08 0.08 0.0815 0.0815 0.0855 0.0855 0.08750001 0.08750001 0.08750001 0.0835 0.0835 0.103 0.103 0.102 0.102 0.102
0.114 0.1145 0.1145 0.1145 0.117 0.117 0.126 0.126 0.129 0.129 0.126 0.126 0.126 0.126 0.126 0.118 0.118 0.1235 0.1235 0.1235 0.1095 0.1095 0.113 0.113 0.116 0.116 0.116 0.108 0.108 0.1155 0.1155 0.1045 0.1045 0.1045 0.1075 0.1075 0.1065 0.1065 0.1015 0.1015 0.1015 0.0865 0.0865 0.0885 0.0885 0.079 0.079 0.072 0.072 0.072 0.0845 0.0845 0.0855 0.0855 0.089 0.089 0.089 0.08750001 0.08750001 0.0835 0.0835 0.08 0.08 0.08 0.0815 0.0815 0.0855 0.0855 0.08750001 0.08750001 0.08750001 0.0835 0.0835 0.103 0.103 0.102 0.102 0.102
0.152 0.15 0.15 0.15 0.112 0.112 0.1265 0.1265 0.108 0.108 0.117 0.117 0.117 0.1095 0.1095 0.122 0.122 0.1105 0.1105 0.1105 0.1065 0.1065 0.1035 0.1035 0.0915 0.0915 0.0915 0.094 0.094 0.0845 0.0845 0.1 0.1 0.1 0.1085 0.1085 0.108 0.108 0.1085 0.1085 0.1085 0.105 0.105 0.106 0.106 0.1015 0.1015 0.1055 0.1055 0.1055 0.0955 0.0955 0.0875 0.0875 0.091 0.091 0.091 0.088 0.088 0.085 0.085 0.0815 0.0815 0.0815 0.08 0.08 0.083 0.083 0.0825 0.0825 0.0825 0.0865 0.0865 0.09 0.09 0.0945 0.0945 0.0945
0.152 0.15 0.15 0.15 0.112 0.112 0.1265 0.1265 0.108 0.108 0.117 0.117 0.117 0.1095 0.1095 0.122 0.122 0.1105 0.1105 0.1105 0.1065 0.1065 0.1035 0.1035 0.0915 0.0915 0.0915 0.094 0.094 0.0845 0.0845 0.1 0.1 0.1 0.1085 0.1085 0.108 0.108 0.1085 0.1085 0.1085 0.105 0.105 0.106 0.106 0.1015 0.1015 0.1055 0.1055 0.1055 0.0955 0.0955 0.0875 0.0875 0.091 0.091 0.091 0.088 0.088 0.085 0.085 0.0815 0.0815 0.0815 0.08 0.08 0.083 0.083 0.0825 0.0825 0.0825 0.0865 0.0865 0.09 0.09 0.0945 0.0945 0.0945
0.152 0.15 0.15 0.15 0.112 0.112 0.1265 0.1265 0.108 0.108 0.117 0.117 0.117 0.1095 0.1095 0.122 0.122 0.1105 0.1105 0.1105 0.1065 0.1065 0.1035 0.1035 0.0915 0.0915 0.0915 0.094 0.094 0.0845 0.0845 0.1 0.1 0.1 0.1085 0.1085 0.108 0.108 0.1085 0.1085 0.1085 0.105 0.105 0.106 0.106 0.1015 0.1015 0.1055 0.1055 0.1055 0.0955 0.0955 0.0875 0.0875 0.091 0.091 0.091 0.088 0.088 0.085 0.085 0.0815 0.0815 0.0815 0.08 0.08 0.083 0.083 0.0825 0.0825 0.0825 0.0865 0.0865 0.09 0.09 0.0945 0.0945 0.0945
0.1315 0.155 0.155 0.155 0.1185 0.1185 0.1175 0.1175 0.113 0.113 0.114 0.114 0.114 0.138 0.138 0.121 0.121 0.1085 0.1085 0.1085 0.1095 0.1095 0.1 0.1 0.1045 0.1045 0.1045 0.096 0.096 0.091 0.091 0.1035 0.1035 0.1035 0.1105 0.1105 0.1175 0.1175 0.1075 0.1075 0.1075 0.109 0.109 0.1145 0.1145 0.103 0.103 0.103 0.103 0.103 0.0985 0.0985 0.0985 0.0985 0.095 0.095 0.095 0.098 0.098 0.095 0.095 0.09299999 0.09299999 0.09299999 0.081 0.081 0.081 0.081 0.082 0.082 0.082 0.083 0.083 0.085 0.085 0.082 0.082 0.082
0.1315 0.155 0.155 0.155 0.1185 0.1185 0.1175 0.1175 0.113 0.113 0.114 0.114 0.114 0.138 0.138 0.121 0.121 0.1085 0.1085 0.1085 0.1095 0.1095 0.1 0.1 0.1045 0.1045 0.1045 0.096 0.096 0.091 0.091 0.1035 0.1035 0.1035 0.1105 0.1105 0.1175 0.1175 0.1075 0.1075 0.1075 0.109 0.109 0.1145 0.1145 0.103 0.103 0.103 0.103 0.103 0.0985 0.0985 0.0985 0.0985 0.095 0.095 0.095 0.098 0.098 0.095 0.095 0.09299999 0.09299999 0.09299999 0.081 0.081 0.081 0.081 0.082 0.082 0.082 0.083 0.083 0.085 0.085 0.082 0.082 0.082
0.121 0.1495 0.1495 0.1495 0.1395 0.1395 0.1165 0.1165 0.116 0.116 0.139 0.139 0.139 0.1145 0.1145 0.123 0.123 0.1295 0.1295 0.1295 0.134 0.134 0.1325 0.1325 0.1275 0.1275 0.1275 0.106 0.106 0.1145 0.1145 0.1275 0.1275 0.1275 0.129 0.129 0.1105 0.1105 0.107 0.107 0.107 0.112 0.112 0.1065 0.1065 0.1155 0.1155 0.1065 0.1065 0.1065 0.1085 0.1085 0.098 0.098 0.09 0.09 0.09 0.1015 0.1015 0.102 0.102 0.0915 0.0915 0.0915 0.0875 0.0875 0.0835 0.0835 0.086 0.086 0.086 0.0845 0.0845 0.0835 0.0835 0.079 0.079 0.079
0.121 0.1495 0.1495 0.1495 0.1395 0.1395 0.1165 0.1165 0.116 0.116 0.139 0.139 0.139 0.1145 0.1145 0.123 0.123 0.1295 0.1295 0.1295 0.134 0.134 0.1325 0.1325 0.1275 0.1275 0.1275 0.106 0.106 0.1145 0.1145 0.1275 0.1275 0.1275 0.129 0.129 0.1105 0.1105 0.107 0.107 0.107 0.112 0.112 0.1065 0.1065 0.1155 0.1155 0.1065 0.1065 0.1065 0.1085 0.1085 0.098 0.098 0.09 0.09 0.09 0.1015 0.1015 0.102 0.102 0.0915 0.0915 0.0915 0.0875 0.0875 0.0835 0.0835 0.086 0.086 0.086 0.0845 0.0845 0.0835 0.0835 0.079 0.079 0.079
0.1225 0.1235 0.1235 0.1235 0.174 0.174 0.1515 0.1515 0.1195 0.1195 0.097 0.097 0.097 0.0935 0.0935 0.095 0.095 0.1065 0.1065 0.1065 0.118 0.118 0.1235 0.1235 0.1215 0.1215 0.1215 0.117 0.117 0.1195 0.1195 0.1245 0.1245 0.1245 0.12 0.12 0.1075 0.1075 0.1065 0.1065 0.1065 0.0995 0.0995 0.116 0.116 0.115 0.115 0.12 0.12 0.12 0.112 0.112 0.102 0.102 0.101 0.101 0.101 0.101 0.101 0.094 0.094 0.092 0.092 0.092 0.0905 0.0905 0.0865 0.0865 0.09 0.09 0.09 0.0935 0.0935 0.0985 0.0985 0.0865 0.0865 0.0865
0.1225 0.1235 0.1235 0.1235 0.174 0.174 0.1515 0.1515 0.1195 0.1195 0.097 0.097 0.097 0.0935 0.0935 0.095 0.095 0.1065 0.1065 0.1065 0.118 0.118 0.1235 0.1235 0.1215 0.1215 0.1215 0.117 0.117 0.1195 0.1195 0.1245 0.1245 0.1245 0.12 0.12 0.1075 0.1075 0.1065 0.1065 0.1065 0.0995 0.0995 0.116 0.116 0.115 0.115 0.12 0.12 0.12 0.112 0.112 0.102 0.102 0.101 0.101 0.101 0.101 0.101 0.094 0.094 0.092 0.092 0.092 0.0905 0.0905 0.0865 0.0865 0.09 0.09 0.09 0.0935 0.0935 0.0985 0.0985 0.0865 0.0865 0.0865
0.1225 0.1235 0.1235 0.1235 0.174 0.174 0.1515 0.1515 0.1195 0.1195 0.097 0.097 0.097 0.0935 0.0935 0.095 0.095 0.1065 0.1065 0.1065 0.118 0.118 0.1235 0.1235 0.1215 0.1215 0.1215 0.117 0.117 0.1195 0.1195 0.1245 0.1245 0.1245 0.12 0.12 0.1075 0.1075 0.1065 0.1065 0.1065 0.0995 0.0995 0.116 0.116 0.115 0.115 0.12 0.12 0.12 0.112 0.112 0.102 0.102 0.101 0.101 0.101 0.101 0.101 0.094 0.094 0.092 0.092 0.092 0.0905 0.0905 0.0865 0.0865 0.09 0.09 0.09 0.0935 0.0935 0.0985 0.0985 0.0865 0.0865 0.0865
0.108 0.175 0.175 0.175 0.1705 0.1705 0.14 0.14 0.086 0.086 0.1005 0.1005 0.1005 0.0865 0.0865 0.095 0.095 0.103 0.103 0.103 0.1165 0.1165 0.113 0.113 0.1235 0.1235 0.1235 0.1225 0.1225 0.124 0.124 0.124 0.124 0.124 0.1145 0.1145 0.1065 0.1065 0.104 0.104 0.104 0.1085 0.1085 0.1225 0.1225 0.124 0.124 0.126 0.126 0.126 0.119 0.119 0.109 0.109 0.101 0.101 0.101 0.0935 0.0935 0.1065 0.1065 0.116 0.116 0.116 0.115 0.115 0.1135 0.1135 0.111 0.111 0.111 0.106 0.106 0.094 0.094 0.09299999 0.09299999 0.09299999
0.108 0.175 0.175 0.175 0.1705 0.1705 0.14 0.14 0.086 0.086 0.1005 0.1005 0.1005 0.0865 0.0865 0.095 0.095 0.103 0.103 0.103 0.1165 0.1165 0.113 0.113 0.1235 0.1235 0.1235 0.1225 0.1225 0.124 0.124 0.124 0.124 0.124 0.1145 0.1145 0.1065 0.1065 0.104 0.104 0.104 0.1085 0.1085 0.1225 0.1225 0.124 0.124 0.126 0.126 0.126 0.119 0.119 0.109 0.109 0.101 0.101 0.101 0.0935 0.0935 0.1065 0.1065 0.116 0.116 0.116 0.115 0.115 0.1135 0.1135 0.111 0.111 0.111 0.106 0.106 0.094 0.094 0.09299999 0.09299999 0.09299999
0.1155 0.1195 0.1195 0.1195 0.159 0.159 0.09900001 0.09900001 0.1 0.1 0.096 0.096 0.096 0.0785 0.0785 0.078 0.078 0.115 0.115 0.115 0.122 0.122 0.1235 0.1235 0.1375 0.1375 0.1375 0.1325 0.1325 0.112 0.112 0.1045 0.1045 0.1045 0.09900001 0.09900001 0.119 0.119 0.11 0.11 0.11 0.122 0.122 0.1215 0.1215 0.118 0.118 0.115 0.115 0.115 0.1185 0.1185 0.118 0.118 0.118 0.118 0.118 0.109 0.109 0.1205 0.1205 0.127 0.127 0.127 0.1225 0.1225 0.113 0.113 0.108 0.108 0.108 0.101 0.101 0.1055 0.1055 0.0975 0.0975 0.0975
0.1155 0.1195 0.1195 0.1195 0.159 0.159 0.09900001 0.09900001 0.1 0.1 0.096 0.096 0.096 0.0785 0.0785 0.078 0.078 0.115 0.115 0.115 0.122 0.122 0.1235 0.1235 0.1375 0.1375 0.1375 0.1325 0.1325 0.112 0.112 0.1045 0.1045 0.1045 0.09900001 0.09900001 0.119 0.119 0.11 0.11 0.11 0.122 0.122 0.1215 0.1215 0.118 0.118 0.115 0.115 0.115 0.1185 0.1185 0.118 0.118 0.118 0.118 0.118 0.109 0.109 0.1205 0.1205 0.127 0.127 0.127 0.1225 0.1225 0.113 0.113 0.108 0.108 0.108 0.101 0.101 0.1055 0.1055 0.0975 0.0975 0.0975
0.108 0.159 0.159 0.159 0.126 0.126 0.109 0.109 0.1125 0.1125 0.09900001 0.09900001 0.09900001 0.112 0.112 0.09299999 0.09299999 0.0945 0.0945 0.0945 0.1025 0.1025 0.1335 0.1335 0.117 0.117 0.117 0.132 0.132 0.1195 0.1195 0.0865 0.0865 0.0865 0.1075 0.1075 0.0765 0.0765 0.113 0.113 0.113 0.112 0.112 0.117 0.117 0.1235 0.1235 0.12 0.12 0.12 0.1215 0.1215 0.1225 0.1225 0.127 0.127 0.127 0.1215 0.1215 0.1255 0.1255 0.1325 0.1325 0.1325 0.1305 0.1305 0.1105 0.1105 0.1135 0.1135 0.1135 0.108 0.108 0.1005 0.1005 0.1065 0.1065 0.1065
0.108 0.159 0.159 0.159 0.126 0.126 0.109 0.109 0.1125 0.1125 0.09900001 0.09900001 0.09900001 0.112 0.112 0.09299999 0.09299999 0.0945 0.0945 0.0945 0.1025 0.1025 0.1335 0.1335 0.117 0.117 0.117 0.132 0.132 0.1195 0.1195 0.0865 0.0865 0.0865 0.1075 0.1075 0.0765 0.0765 0.113 0.113 0.113 0.112 0.112 0.117 0.117 0.1235 0.1235 0.12 0.12 0.12 0.1215 0.1215 0.1225 0.1225 0.127 0.127 0.127 0.1215 0.1215 0.1255 0.1255 0.1325 0.1325 0.1325 0.1305 0.1305 0.1105 0.1105 0.1135 0.1135 0.1135 0.108 0.108 0.1005 0.1005 0.1065 0.1065 0.1065
0.108 0.1345 0.1345 0.1345 0.1245 0.1245 0.094 0.094 0.1145 0.1145 0.0965 0.0965 0.0965 0.1125 0.1125 0.1155 0.1155 0.104 0.104 0.104 0.0855 0.0855 0.1045 0.1045 0.1095 0.1095 0.1095 0.116 0.116 0.1155 0.1155 0.0935 0.0935 0.0935 0.09999999 0.09999999 0.118 0.118 0.108 0.108 0.108 0.1245 0.1245 0.1165 0.1165 0.124 0.124 0.1165 0.1165 0.1165 0.1035 0.1035 0.122 0.122 0.116 0.116 0.116 0.1185 0.1185 0.122 0.122 0.131 0.131 0.131 0.1205 0.1205 0.1135 0.1135 0.112 0.112 0.112 0.111 0.111 0.1055 0.1055 0.1195 0.1195 0.1195
