ndvi/NOAA-297.asc
ncols         252
nrows         154
xllcorner     -18.017974
yllcorner     13.481982
cellsize      0.035948
NODATA_value  -9999
[rows 68 to 101 of 154, columns 0 to 76 of 252]
-1 -1 -1 -1 -1 -1 -1 -1 -1 -1 -1 -1 -1 -1 -1 -1 -1 -1 -1 -1 -1 -1 -1 -1 -1 -1 -1 -1 -1 -1 -1 -1 -1 -1 -1 -1 -1 -1 -1 0.1645 0.1645 0.1645 0.22 0.22 0.3815 0.3815 0.4205 0.4205 0.4205 0.3275 0.3275 0.4015 0.4015 0.379 0.379 0.36 0.36 0.36 0.4905 0.4905 0.517 0.517 0.517 0.517 0.517 0.443 0.443 0.4425 0.4425 0.343 0.343 0.343 0.3245 0.3245 0.3045 0.3045 0.3285
-1 -1 -1 -1 -1 -1 -1 -1 -1 -1 -1 -1 -1 -1 -1 -1 -1 -1 -1 -1 -1 -1 -1 -1 -1 -1 -1 -1 -1 -1 -1 -1 -1 -1 -1 -1 -1 -1 -1 0.2275 0.2275 0.2275 0.297 0.297 0.4095 0.4095 0.446 0.446 0.446 0.319 0.319 0.3295 0.3295 0.4105 0.4105 0.4445 0.4445 0.4445 0.4545 0.4545 0.475 0.475 0.475 0.475 0.475 0.4146 0.4146 0.3685 0.3685 0.323 0.323 0.323 0.294 0.294 0.3165 0.3165 0.3265
-1 -1 -1 -1 -1 -1 -1 -1 -1 -1 -1 -1 -1 -1 -1 -1 -1 -1 -1 -1 -1 -1 -1 -1 -1 -1 -1 -1 -1 -1 -1 -1 -1 -1 -1 -1 -1 -1 -1 0.2275 0.2275 0.2275 0.297 0.297 0.4095 0.4095 0.446 0.446 0.446 0.319 0.319 0.3295 0.3295 0.4105 0.4105 0.4445 0.4445 0.4445 0.4545 0.4545 0.475 0.475 0.475 0.475 0.475 0.4146 0.4146 0.3685 0.3685 0.323 0.323 0.323 0.294 0.294 0.3165 0.3165 0.3265
-1 -1 -1 -1 -1 -1 -1 -1 -1 -1 -1 -1 -1 -1 -1 -1 -1 -1 -1 -1 -1 -1 -1 -1 -1 -1 -1 -1 -1 -1 -1 -1 -1 -1 -1 -1 -1 0.0917 0.0917 0.188 0.188 0.188 0.397 0.397 0.3745 0.3745 0.3395 0.3395 0.3395 0.348 0.348 0.3035 0.3035 0.2925 0.2925 0.3555 0.3555 0.3555 0.469 0.469 0.402 0.402 0.402 0.402 0.402 0.4515 0.4515 0.389 0.389 0.3785 0.3785 0.3785 0.361 0.361 0.34 0.34 0.372
-1 -1 -1 -1 -1 -1 -1 -1 -1 -1 -1 -1 -1 -1 -1 -1 -1 -1 -1 -1 -1 -1 -1 -1 -1 -1 -1 -1 -1 -1 -1 -1 -1 -1 -1 -1 -1 0.0917 0.0917 0.188 0.188 0.188 0.397 0.397 0.3745 0.3745 0.3395 0.3395 0.3395 0.348 0.348 0.3035 0.3035 0.2925 0.2925 0.3555 0.3555 0.3555 0.469 0.469 0.402 0.402 0.402 0.402 0.402 0.4515 0.4515 0.389 0.389 0.3785 0.3785 0.3785 0.361 0.361 0.34 0.34 0.372
-1 -1 -1 -1 -1 -1 -1 -1 -1 -1 -1 -1 -1 -1 -1 -1 -1 -1 -1 -1 -1 -1 -1 -1 -1 -1 -1 -1 -1 -1 -1 -1 -1 -1 -1 -1 -1 0.0917 0.0917 0.188 0.188 0.188 0.397 0.397 0.3745 0.3745 0.3395 0.3395 0.3395 0.348 0.348 0.3035 0.3035 0.2925 0.2925 0.3555 0.3555 0.3555 0.469 0.469 0.402 0.402 0.402 0.402 0.402 0.4515 0.4515 0.389 0.389 0.3785 0.3785 0.3785 0.361 0.361 0.34 0.34 0.372
-1 -1 -1 -1 -1 -1 -1 -1 -1 -1 -1 -1 -1 -1 -1 -1 -1 -1 -1 -1 -1 -1 -1 -1 -1 -1 -1 -1 -1 -1 -1 -1 -1 -1 -1 -1 -1 0.0482 0.0482 0.2315 0.2315 0.2315 0.4115 0.4115 0.4115 0.4115 0.2795 0.2795 0.2795 0.329 0.329 0.2945 0.2945 0.2885 0.2885 0.3905 0.3905 0.3905 0.355 0.355 0.408 0.408 0.408 0.408 0.408 0.45 0.45 0.4475 0.4475 0.402 0.402 0.402 0.381 0.381 0.4135 0.4135 0.403
-1 -1 -1 -1 -1 -1 -1 -1 -1 -1 -1 -1 -1 -1 -1 -1 -1 -1 -1 -1 -1 -1 -1 -1 -1 -1 -1 -1 -1 -1 -1 -1 -1 -1 -1 -1 -1 0.0482 0.0482 0.2315 0.2315 0.2315 0.4115 0.4115 0.4115 0.4115 0.2795 0.2795 0.2795 0.329 0.329 0.2945 0.2945 0.2885 0.2885 0.3905 0.3905 0.3905 0.355 0.355 0.408 0.408 0.408 0.408 0.408 0.45 0.45 0.4475 0.4475 0.402 0.402 0.402 0.381 0.381 0.4135 0.4135 0.403
-1 -1 -1 -1 -1 -1 -1 -1 -1 -1 -1 -1 -1 -1 -1 -1 -1 -1 -1 -1 -1 -1 -1 -1 -1 -1 -1 -1 -1 -1 -1 -1 -1 -1 -1 -1 -1 0.0007 0.0007 0.1755 0.1755 0.1755 0.351 0.351 0.376 0.376 0.381 0.381 0.381 0.3805 0.3805 0.385 0.385 0.349 0.349 0.3765 0.3765 0.3765 0.432 0.432 0.4145 0.4145 0.4145 0.4145 0.4145 0.4586 0.4586 0.4655 0.4655 0.4136 0.4136 0.4136 0.3995 0.3995 0.3915 0.3915 0.4075
-1 -1 -1 -1 -1 -1 -1 -1 -1 -1 -1 -1 -1 -1 -1 -1 -1 -1 -1 -1 -1 -1 -1 -1 -1 -1 -1 -1 -1 -1 -1 -1 -1 -1 -1 -1 -1 0.0007 0.0007 0.1755 0.1755 0.1755 0.351 0.351 0.376 0.376 0.381 0.381 0.381 0.3805 0.3805 0.385 0.385 0.349 0.349 0.3765 0.3765 0.3765 0.432 0.432 0.4145 0.4145 0.4145 0.4145 0.4145 0.4586 0.4586 0.4655 0.4655 0.4136 0.4136 0.4136 0.3995 0.3995 0.3915 0.3915 0.4075
-1 -1 -1 -1 -1 -1 -1 -1 -1 -1 -1 -1 -1 -1 -1 -1 -1 -1 -1 -1 -1 -1 -1 -1 -1 -1 -1 -1 -1 -1 -1 -1 -1 -1 -1 -1 -1 0.0392 0.0392 0.204 0.204 0.204 0.327 0.327 0.4185 0.4185 0.4025 0.4025 0.4025 0.4145 0.4145 0.4 0.4 0.406 0.406 0.398 0.398 0.398 0.4135 0.4135 0.4225 0.4225 0.4225 0.4225 0.4225 0.444 0.444 0.4735 0.4735 0.3971 0.3971 0.3971 0.407 0.407 0.3915 0.3915 0.3905
-1 -1 -1 -1 -1 -1 -1 -1 -1 -1 -1 -1 -1 -1 -1 -1 -1 -1 -1 -1 -1 -1 -1 -1 -1 -1 -1 -1 -1 -1 -1 -1 -1 -1 -1 -1 -1 0.0392 0.0392 0.204 0.204 0.204 0.327 0.327 0.4185 0.4185 0.4025 0.4025 0.4025 0.4145 0.4145 0.4 0.4 0.406 0.406 0.398 0.398 0.398 0.4135 0.4135 0.4225 0.4225 0.4225 0.4225 0.4225 0.444 0.444 0.4735 0.4735 0.3971 0.3971 0.3971 0.407 0.407 0.3915 0.3915 0.3905
-1 -1 -1 -1 -1 -1 -1 -1 -1 -1 -1 -1 -1 -1 -1 -1 -1 -1 -1 -1 -1 -1 -1 -1 -1 -1 -1 -1 -1 -1 -1 -1 -1 -1 -1 -1 -1 0.0157 0.0157 0.2475 0.2475 0.2475 0.2915 0.2915 0.369 0.369 0.392 0.392 0.392 0.418 0.418 0.3865 0.3865 0.4195 0.4195 0.4055 0.4055 0.4055 0.382 0.382 0.451 0.451 0.451 0.451 0.451 0.4295 0.4295 0.4396 0.4396 0.453 0.453 0.453 0.426 0.426 0.4515 0.4515 0.4485
-1 -1 -1 -1 -1 -1 -1 -1 -1 -1 -1 -1 -1 -1 -1 -1 -1 -1 -1 -1 -1 -1 -1 -1 -1 -1 -1 -1 -1 -1 -1 -1 -1 -1 -1 -1 -1 0.0157 0.0157 0.2475 0.2475 0.2475 0.2915 0.2915 0.369 0.369 0.392 0.392 0.392 0.418 0.418 0.3865 0.3865 0.4195 0.4195 0.4055 0.4055 0.4055 0.382 0.382 0.451 0.451 0.451 0.451 0.451 0.4295 0.4295 0.4396 0.4396 0.453 0.453 0.453 0.426 0.426 0.4515 0.4515 0.4485
-1 -1 -1 -1 -1 -1 -1 -1 -1 -1 -1 -1 -1 -1 -1 -1 -1 -1 -1 -1 -1 -1 -1 -1 -1 -1 -1 -1 -1 -1 -1 -1 -1 -1 -1 -1 -1 0.0157 0.0157 0.2475 0.2475 0.2475 0.2915 0.2915 0.369 0.369 0.392 0.392 0.392 0.418 0.418 0.3865 0.3865 0.4195 0.4195 0.4055 0.4055 0.4055 0.382 0.382 0.451 0.451 0.451 0.451 0.451 0.4295 0.4295 0.4396 0.4396 0.453 0.453 0.453 0.426 0.426 0.4515 0.4515 0.4485
-1 -1 -1 -1 -1 -1 -1 -1 -1 -1 -1 -1 -1 -1 -1 -1 -1 -1 -1 -1 -1 -1 -1 -1 -1 -1 -1 -1 -1 -1 -1 -1 -1 -1 -1 -1 -1 0.0492 0.0492 0.271 0.271 0.271 0.3275 0.3275 0.374 0.374 0.388 0.388 0.388 0.419 0.419 0.417 0.417 0.413 0.413 0.45 0.45 0.45 0.425 0.425 0.4595 0.4595 0.4595 0.4595 0.4595 0.4535 0.4535 0.4391 0.4391 0.427 0.427 0.427 0.424 0.424 0.426 0.426 0.4185
-1 -1 -1 -1 -1 -1 -1 -1 -1 -1 -1 -1 -1 -1 -1 -1 -1 -1 -1 -1 -1 -1 -1 -1 -1 -1 -1 -1 -1 -1 -1 -1 -1 -1 -1 -1 -1 0.0492 0.0492 0.271 0.271 0.271 0.3275 0.3275 0.374 0.374 0.388 0.388 0.388 0.419 0.419 0.417 0.417 0.413 0.413 0.45 0.45 0.45 0.425 0.425 0.4595 0.4595 0.4595 0.4595 0.4595 0.4535 0.4535 0.4391 0.4391 0.427 0.427 0.427 0.424 0.424 0.426 0.426 0.4185
-1 -1 -1 -1 -1 -1 -1 -1 -1 -1 -1 -1 -1 -1 -1 -1 -1 -1 -1 -1 -1 -1 -1 -1 -1 -1 -1 -1 -1 -1 -1 -1 -1 -1 -1 -1 -1 0.1286 0.1286 0.3505 0.3505 0.3505 0.368 0.368 0.352 0.352 0.4025 0.4025 0.4025 0.4 0.4 0.414 0.414 0.4685 0.4685 0.3825 0.3825 0.3825 0.413 0.413 0.466 0.466 0.466 0.466 0.466 0.4746 0.4746 0.4451 0.4451 0.4062 0.4062 0.4062 0.3695 0.3695 0.3875 0.3875 0.41
-1 -1 -1 -1 -1 -1 -1 -1 -1 -1 -1 -1 -1 -1 -1 -1 -1 -1 -1 -1 -1 -1 -1 -1 -1 -1 -1 -1 -1 -1 -1 -1 -1 -1 -1 -1 -1 0.1286 0.1286 0.3505 0.3505 0.3505 0.368 0.368 0.352 0.352 0.4025 0.4025 0.4025 0.4 0.4 0.414 0.414 0.4685 0.4685 0.3825 0.3825 0.3825 0.413 0.413 0.466 0.466 0.466 0.466 0.466 0.4746 0.4746 0.4451 0.4451 0.4062 0.4062 0.4062 0.3695 0.3695 0.3875 0.3875 0.41
-1 -1 -1 -1 -1 -1 -1 -1 -1 -1 -1 -1 -1 -1 -1 -1 -1 -1 -1 -1 -1 -1 -1 -1 -1 -1 -1 -1 -1 -1 -1 -1 -1 -1 -1 0.0282 0.0282 0.2805 0.2805 0.379 0.379 0.379 0.412 0.412 0.433 0.433 0.403 0.403 0.403 0.401 0.401 0.42 0.42 0.4215 0.4215 0.414 0.414 0.414 0.491 0.491 0.4635 0.4635 0.4635 0.4635 0.4635 0.4626 0.4626 0.5085 0.5085 0.4841 0.4841 0.4841 0.397 0.397 0.4 0.4 0.419
-1 -1 -1 -1 -1 -1 -1 -1 -1 -1 -1 -1 -1 -1 -1 -1 -1 -1 -1 -1 -1 -1 -1 -1 -1 -1 -1 -1 -1 -1 -1 -1 -1 -1 -1 0.0282 0.0282 0.2805 0.2805 0.379 0.379 0.379 0.412 0.412 0.433 0.433 0.403 0.403 0.403 0.401 0.401 0.42 0.42 0.4215 0.4215 0.414 0.414 0.414 0.491 0.491 0.4635 0.4635 0.4635 0.4635 0.4635 0.4626 0.4626 0.5085 0.5085 0.4841 0.4841 0.4841 0.397 0.397 0.4 0.4 0.419
-1 -1 -1 -1 -1 -1 -1 -1 -1 -1 -1 -1 -1 -1 -1 -1 -1 -1 -1 -1 -1 -1 -1 -1 -1 -1 -1 -1 -1 -1 -1 -1 -1 -1 -1 0.0282 0.0282 0.2805 0.2805 0.379 0.379 0.379 0.412 0.412 0.433 0.433 0.403 0.403 0.403 0.401 0.401 0.42 0.42 0.4215 0.4215 0.414 0.414 0.414 0.491 0.491 0.4635 0.4635 0.4635 0.4635 0.4635 0.4626 0.4626 0.5085 0.5085 0.4841 0.4841 0.4841 0.397 0.397 0.4 0.4 0.419
-1 -1 -1 -1 -1 -1 -1 -1 -1 -1 -1 -1 -1 -1 -1 -1 -1 -1 -1 -1 -1 -1 -1 -1 -1 -1 -1 -1 -1 -1 -1 -1 -1 -1 -1 0.2005 0.2005 0.426 0.426 0.401 0.401 0.401 0.4 0.4 0.3885 0.3885 0.3975 0.3975 0.3975 0.4285 0.4285 0.4225 0.4225 0.4755 0.4755 0.5185 0.5185 0.5185 0.525 0.525 0.502 0.502 0.502 0.502 0.502 0.53 0.53 0.4931 0.4931 0.492 0.492 0.492 0.4835 0.4835 0.482 0.482 0.476
-1 -1 -1 -1 -1 -1 -1 -1 -1 -1 -1 -1 -1 -1 -1 -1 -1 -1 -1 -1 -1 -1 -1 -1 -1 -1 -1 -1 -1 -1 -1 -1 -1 -1 -1 0.2005 0.2005 0.426 0.426 0.401 0.401 0.401 0.4 0.4 0.3885 0.3885 0.3975 0.3975 0.3975 0.4285 0.4285 0.4225 0.4225 0.4755 0.4755 0.5185 0.5185 0.5185 0.525 0.525 0.502 0.502 0.502 0.502 0.502 0.53 0.53 0.4931 0.4931 0.492 0.492 0.492 0.4835 0.4835 0.482 0.482 0.476
-1 -1 -1 -1 -1 -1 -1 -1 -1 -1 -1 -1 -1 -1 -1 -1 -1 -1 -1 -1 -1 -1 -1 -1 -1 -1 -1 -1 -1 -1 -1 -1 0.1102 0.1102 0.1102 0.4045 0.4045 0.429 0.429 0.4235 0.4235 0.4235 0.435 0.435 0.4245 0.4245 0.4635 0.4635 0.4635 0.476 0.476 0.448 0.448 0.5295 0.5295 0.524 0.524 0.524 0.5845 0.5845 0.543 0.543 0.543 0.543 0.543 0.5725 0.5725 0.52 0.52 0.5302 0.5302 0.5302 0.542 0.542 0.4981 0.4981 0.4996
-1 -1 -1 -1 -1 -1 -1 -1 -1 -1 -1 -1 -1 -1 -1 -1 -1 -1 -1 -1 -1 -1 -1 -1 -1 -1 -1 -1 -1 -1 -1 -1 0.1102 0.1102 0.1102 0.4045 0.4045 0.429 0.429 0.4235 0.4235 0.4235 0.435 0.435 0.4245 0.4245 0.4635 0.4635 0.4635 0.476 0.476 0.448 0.448 0.5295 0.5295 0.524 0.524 0.524 0.5845 0.5845 0.543 0.543 0.543 0.543 0.543 0.5725 0.5725 0.52 0.52 0.5302 0.5302 0.5302 0.542 0.542 0.4981 0.4981 0.4996
-1 -1 -1 -1 -1 -1 -1 -1 -1 -1 -1 -1 -1 -1 -1 -1 -1 -1 -1 -1 -1 -1 -1 -1 -1 -1 -1 -1 -1 -1 0.0267 0.0267 0.2875 0.2875 0.2875 0.388 0.388 0.3905 0.3905 0.3985 0.3985 0.3985 0.416 0.416 0.4165 0.4165 0.4585 0.4585 0.4585 0.451 0.451 0.476 0.476 0.5345 0.5345 0.607 0.607 0.607 0.632 0.632 0.6475 0.6475 0.6475 0.6475 0.6475 0.566 0.566 0.596 0.596 0.541 0.541 0.541 0.553 0.553 0.531 0.531 0.4896
-1 -1 -1 -1 -1 -1 -1 -1 -1 -1 -1 -1 -1 -1 -1 -1 -1 -1 -1 -1 -1 -1 -1 -1 -1 -1 -1 -1 -1 -1 0.0267 0.0267 0.2875 0.2875 0.2875 0.388 0.388 0.3905 0.3905 0.3985 0.3985 0.3985 0.416 0.416 0.4165 0.4165 0.4585 0.4585 0.4585 0.451 0.451 0.476 0.476 0.5345 0.5345 0.607 0.607 0.607 0.632 0.632 0.6475 0.6475 0.6475 0.6475 0.6475 0.566 0.566 0.596 0.596 0.541 0.541 0.541 0.553 0.553 0.531 0.531 0.4896
-1 -1 -1 -1 -1 -1 -1 -1 -1 -1 -1 -1 -1 -1 -1 -1 -1 -1 -1 -1 -1 -1 -1 -1 -1 -1 -1 -1 -1 -1 0.0267 0.0267 0.2875 0.2875 0.2875 0.388 0.388 0.3905 0.3905 0.3985 0.3985 0.3985 0.416 0.416 0.4165 0.4165 0.4585 0.4585 0.4585 0.451 0.451 0.476 0.476 0.5345 0.5345 0.607 0.607 0.607 0.632 0.632 0.6475 0.6475 0.6475 0.6475 0.6475 0.566 0.566 0.596 0.596 0.541 0.541 0.541 0.553 0.553 0.531 0.531 0.4896
-1 -1 -1 -1 -1 -1 -1 -1 -1 -1 -1 -1 -1 -1 -1 -1 -1 -1 -1 -1 -1 -1 -1 -1 -1 -1 -1 -1 -1 -1 0.1626 0.1626 0.4235 0.4235 0.4235 0.411 0.411 0.4225 0.4225 0.4275 0.4275 0.4275 0.4375 0.4375 0.4455 0.4455 0.4545 0.4545 0.4545 0.485 0.485 0.5355 0.5355 0.5535 0.5535 0.704 0.704 0.704 0.6855 0.6855 0.718 0.718 0.718 0.718 0.718 0.6555 0.6555 0.5725 0.5725 0.5985 0.5985 0.5985 0.5855 0.5855 0.5735 0.5735 0.5256
-1 -1 -1 -1 -1 -1 -1 -1 -1 -1 -1 -1 -1 -1 -1 -1 -1 -1 -1 -1 -1 -1 -1 -1 -1 -1 -1 -1 -1 -1 0.1626 0.1626 0.4235 0.4235 0.4235 0.411 0.411 0.4225 0.4225 0.4275 0.4275 0.4275 0.4375 0.4375 0.4455 0.4455 0.4545 0.4545 0.4545 0.485 0.485 0.5355 0.5355 0.5535 0.5535 0.704 0.704 0.704 0.6855 0.6855 0.718 0.718 0.718 0.718 0.718 0.6555 0.6555 0.5725 0.5725 0.5985 0.5985 0.5985 0.5855 0.5855 0.5735 0.5735 0.5256
-1 -1 -1 -1 -1 -1 -1 -1 -1 -1 -1 -1 -1 -1 -1 -1 -1 -1 -1 -1 -1 -1 -1 -1 -1 -1 -1 -1 0.07269999 0.07269999 0.435 0.435 0.426 0.426 0.426 0.4615 0.4615 0.4275 0.4275 0.429 0.429 0.429 0.428 0.428 0.438 0.438 0.498 0.498 0.498 0.498 0.498 0.544 0.544 0.567 0.567 0.6745 0.6745 0.6745 0.7105 0.7105 0.67 0.67 0.67 0.67 0.67 0.6775 0.6775 0.677 0.677 0.639 0.639 0.639 0.691 0.691 0.5132 0.5132 0.5106
-1 -1 -1 -1 -1 -1 -1 -1 -1 -1 -1 -1 -1 -1 -1 -1 -1 -1 -1 -1 -1 -1 -1 -1 -1 -1 -1 -1 0.07269999 0.07269999 0.435 0.435 0.426 0.426 0.426 0.4615 0.4615 0.4275 0.4275 0.429 0.429 0.429 0.428 0.428 0.438 0.438 0.498 0.498 0.498 0.498 0.498 0.544 0.544 0.567 0.567 0.6745 0.6745 0.6745 0.7105 0.7105 0.67 0.67 0.67 0.67 0.67 0.6775 0.6775 0.677 0.677 0.639 0.639 0.639 0.691 0.691 0.5132 0.5132 0.5106
-1 -1 -1 -1 -1 -1 -1 -1 -1 -1 -1 -1 -1 -1 -1 -1 -1 -1 -1 -1 -1 -1 -1 -1 -1 0.0207 0.0207 0.0207 0.16 0.16 0.441 0.441 0.4555 0.4555 0.4555 0.402 0.402 0.4325 0.4325 0.434 0.434 0.434 0.4495 0.4495 0.4545 0.4545 0.4675 0.4675 0.4675 0.5005 0.5005 0.5825 0.5825 0.6975 0.6975 0.686 0.686 0.686 0.649 0.649 0.6875 0.6875 0.6875 0.6875 0.6875 0.6625 0.6625 0.617 0.617 0.601 0.601 0.601 0.5775 0.5775 0.5636 0.5636 0.4751
