ndvi/NOAA-187.asc
ncols         252
nrows         154
xllcorner     -18.017974
yllcorner     13.481982
cellsize      0.035948
NODATA_value  -9999
[rows 0 to 34 of 154, columns 154 to 230 of 252]
0.096 0.096 0.096 0.1015 0.1015 0.1015 0.102 0.102 0.104 0.104 0.1035 0.1035 0.1015 0.1015 0.1015 0.102 0.102 0.1005 0.1005 0.0925 0.0925 0.0925 0.101 0.101 0.1 0.1 0.0995 0.0995 0.0995 0.0965 0.0965 0.0995 0.0995 0.101 0.101 0.101 0.101 0.101 0.0955 0.0955 0.094 0.094 0.094 0.102 0.102 0.1025 0.1025 0.105 0.105 0.1065 0.1065 0.1065 0.1055 0.1055 0.1125 0.1125 0.1115 0.1115 0.1115 0.1125 0.1125 0.11 0.11 0.106 0.106 0.106 0.105 0.105 0.1005 0.1005 0.0995 0.0995 0.0995 0.09999999 0.09999999 0.0935 0.0935
0.096 0.096 0.096 0.1015 0.1015 0.1015 0.102 0.102 0.104 0.104 0.1035 0.1035 0.1015 0.1015 0.1015 0.102 0.102 0.1005 0.1005 0.0925 0.0925 0.0925 0.101 0.101 0.1 0.1 0.0995 0.0995 0.0995 0.0965 0.0965 0.0995 0.0995 0.101 0.101 0.101 0.101 0.101 0.0955 0.0955 0.094 0.094 0.094 0.102 0.102 0.1025 0.1025 0.105 0.105 0.1065 0.1065 0.1065 0.1055 0.1055 0.1125 0.1125 0.1115 0.1115 0.1115 0.1125 0.1125 0.11 0.11 0.106 0.106 0.106 0.105 0.105 0.1005 0.1005 0.0995 0.0995 0.0995 0.09999999 0.09999999 0.0935 0.0935
0.101 0.098 0.098 0.0985 0.0985 0.0985 0.09999999 0.09999999 0.102 0.102 0.1005 0.1005 0.09999999 0.09999999 0.09999999 0.098 0.098 0.09649999 0.09649999 0.0925 0.0925 0.0925 0.098 0.098 0.1015 0.1015 0.1025 0.1025 0.1025 0.105 0.105 0.102 0.102 0.108 0.108 0.108 0.112 0.112 0.111 0.111 0.111 0.111 0.111 0.1155 0.1155 0.114 0.114 0.1135 0.1135 0.1145 0.1145 0.1145 0.118 0.118 0.1145 0.1145 0.1145 0.1145 0.1145 0.1155 0.1155 0.112 0.112 0.1055 0.1055 0.1055 0.11 0.11 0.1075 0.1075 0.1025 0.1025 0.1025 0.1005 0.1005 0.09649999 0.09649999
0.101 0.098 0.098 0.0985 0.0985 0.0985 0.09999999 0.09999999 0.102 0.102 0.1005 0.1005 0.09999999 0.09999999 0.09999999 0.098 0.098 0.09649999 0.09649999 0.0925 0.0925 0.0925 0.098 0.098 0.1015 0.1015 0.1025 0.1025 0.1025 0.105 0.105 0.102 0.102 0.108 0.108 0.108 0.112 0.112 0.111 0.111 0.111 0.111 0.111 0.1155 0.1155 0.114 0.114 0.1135 0.1135 0.1145 0.1145 0.1145 0.118 0.118 0.1145 0.1145 0.1145 0.1145 0.1145 0.1155 0.1155 0.112 0.112 0.1055 0.1055 0.1055 0.11 0.11 0.1075 0.1075 0.1025 0.1025 0.1025 0.1005 0.1005 0.09649999 0.09649999
0.101 0.098 0.098 0.0985 0.0985 0.0985 0.09999999 0.09999999 0.102 0.102 0.1005 0.1005 0.09999999 0.09999999 0.09999999 0.098 0.098 0.09649999 0.09649999 0.0925 0.0925 0.0925 0.098 0.098 0.1015 0.1015 0.1025 0.1025 0.1025 0.105 0.105 0.102 0.102 0.108 0.108 0.108 0.112 0.112 0.111 0.111 0.111 0.111 0.111 0.1155 0.1155 0.114 0.114 0.1135 0.1135 0.1145 0.1145 0.1145 0.118 0.118 0.1145 0.1145 0.1145 0.1145 0.1145 0.1155 0.1155 0.112 0.112 0.1055 0.1055 0.1055 0.11 0.11 0.1075 0.1075 0.1025 0.1025 0.1025 0.1005 0.1005 0.09649999 0.09649999
0.098 0.099 0.099 0.1035 0.1035 0.1035 0.106 0.106 0.1065 0.1065 0.1035 0.1035 0.105 0.105 0.105 0.1085 0.1085 0.1045 0.1045 0.1055 0.1055 0.1055 0.106 0.106 0.107 0.107 0.108 0.108 0.108 0.1105 0.1105 0.117 0.117 0.113 0.113 0.113 0.1115 0.1115 0.112 0.112 0.114 0.114 0.114 0.114 0.114 0.112 0.112 0.1085 0.1085 0.1075 0.1075 0.1075 0.1105 0.1105 0.1135 0.1135 0.1115 0.1115 0.1115 0.112 0.112 0.1095 0.1095 0.11 0.11 0.11 0.106 0.106 0.1035 0.1035 0.1 0.1 0.1 0.101 0.101 0.099 0.099
0.098 0.099 0.099 0.1035 0.1035 0.1035 0.106 0.106 0.1065 0.1065 0.1035 0.1035 0.105 0.105 0.105 0.1085 0.1085 0.1045 0.1045 0.1055 0.1055 0.1055 0.106 0.106 0.107 0.107 0.108 0.108 0.108 0.1105 0.1105 0.117 0.117 0.113 0.113 0.113 0.1115 0.1115 0.112 0.112 0.114 0.114 0.114 0.114 0.114 0.112 0.112 0.1085 0.1085 0.1075 0.1075 0.1075 0.1105 0.1105 0.1135 0.1135 0.1115 0.1115 0.1115 0.112 0.112 0.1095 0.1095 0.11 0.11 0.11 0.106 0.106 0.1035 0.1035 0.1 0.1 0.1 0.101 0.101 0.099 0.099
0.1025 0.1105 0.1105 0.104 0.104 0.104 0.1065 0.1065 0.108 0.108 0.1035 0.1035 0.106 0.106 0.106 0.1045 0.1045 0.1085 0.1085 0.109 0.109 0.109 0.1125 0.1125 0.1105 0.1105 0.105 0.105 0.105 0.1005 0.1005 0.1105 0.1105 0.106 0.106 0.106 0.111 0.111 0.111 0.111 0.112 0.112 0.112 0.111 0.111 0.113 0.113 0.1175 0.1175 0.119 0.119 0.119 0.111 0.111 0.108 0.108 0.105 0.105 0.105 0.108 0.108 0.111 0.111 0.108 0.108 0.108 0.105 0.105 0.103 0.103 0.104 0.104 0.104 0.1045 0.1045 0.1035 0.1035
0.1025 0.1105 0.1105 0.104 0.104 0.104 0.1065 0.1065 0.108 0.108 0.1035 0.1035 0.106 0.106 0.106 0.1045 0.1045 0.1085 0.1085 0.109 0.109 0.109 0.1125 0.1125 0.1105 0.1105 0.105 0.105 0.105 0.1005 0.1005 0.1105 0.1105 0.106 0.106 0.106 0.111 0.111 0.111 0.111 0.112 0.112 0.112 0.111 0.111 0.113 0.113 0.1175 0.1175 0.119 0.119 0.119 0.111 0.111 0.108 0.108 0.105 0.105 0.105 0.108 0.108 0.111 0.111 0.108 0.108 0.108 0.105 0.105 0.103 0.103 0.104 0.104 0.104 0.1045 0.1045 0.1035 0.1035
0.109 0.1085 0.1085 0.106 0.106 0.106 0.104 0.104 0.106 0.106 0.1065 0.1065 0.102 0.102 0.102 0.1055 0.1055 0.1085 0.1085 0.108 0.108 0.108 0.104 0.104 0.1095 0.1095 0.11 0.11 0.11 0.107 0.107 0.104 0.104 0.099 0.099 0.099 0.095 0.095 0.0955 0.0955 0.091 0.091 0.091 0.096 0.096 0.109 0.109 0.1225 0.1225 0.1145 0.1145 0.1145 0.107 0.107 0.1065 0.1065 0.0975 0.0975 0.0975 0.1045 0.1045 0.105 0.105 0.1065 0.1065 0.1065 0.1015 0.1015 0.1015 0.1015 0.105 0.105 0.105 0.1055 0.1055 0.1015 0.1015
0.109 0.1085 0.1085 0.106 0.106 0.106 0.104 0.104 0.106 0.106 0.1065 0.1065 0.102 0.102 0.102 0.1055 0.1055 0.1085 0.1085 0.108 0.108 0.108 0.104 0.104 0.1095 0.1095 0.11 0.11 0.11 0.107 0.107 0.104 0.104 0.099 0.099 0.099 0.095 0.095 0.0955 0.0955 0.091 0.091 0.091 0.096 0.096 0.109 0.109 0.1225 0.1225 0.1145 0.1145 0.1145 0.107 0.107 0.1065 0.1065 0.0975 0.0975 0.0975 0.1045 0.1045 0.105 0.105 0.1065 0.1065 0.1065 0.1015 0.1015 0.1015 0.1015 0.105 0.105 0.105 0.1055 0.1055 0.1015 0.1015
0.108 0.105 0.105 0.1015 0.1015 0.1015 0.108 0.108 0.111 0.111 0.11 0.11 0.104 0.104 0.104 0.105 0.105 0.1055 0.1055 0.107 0.107 0.107 0.104 0.104 0.1035 0.1035 0.103 0.103 0.103 0.1005 0.1005 0.0995 0.0995 0.0985 0.0985 0.0985 0.105 0.105 0.102 0.102 0.0975 0.0975 0.0975 0.1085 0.1085 0.11 0.11 0.118 0.118 0.1035 0.1035 0.1035 0.1045 0.1045 0.107 0.107 0.105 0.105 0.105 0.094 0.094 0.095 0.095 0.093 0.093 0.093 0.0915 0.0915 0.094 0.094 0.097 0.097 0.097 0.09649999 0.09649999 0.102 0.102
0.108 0.105 0.105 0.1015 0.1015 0.1015 0.108 0.108 0.111 0.111 0.11 0.11 0.104 0.104 0.104 0.105 0.105 0.1055 0.1055 0.107 0.107 0.107 0.104 0.104 0.1035 0.1035 0.103 0.103 0.103 0.1005 0.1005 0.0995 0.0995 0.0985 0.0985 0.0985 0.105 0.105 0.102 0.102 0.0975 0.0975 0.0975 0.1085 0.1085 0.11 0.11 0.118 0.118 0.1035 0.1035 0.1035 0.1045 0.1045 0.107 0.107 0.105 0.105 0.105 0.094 0.094 0.095 0.095 0.093 0.093 0.093 0.0915 0.0915 0.094 0.094 0.097 0.097 0.097 0.09649999 0.09649999 0.102 0.102
0.108 0.105 0.105 0.1015 0.1015 0.1015 0.108 0.108 0.111 0.111 0.11 0.11 0.104 0.104 0.104 0.105 0.105 0.1055 0.1055 0.107 0.107 0.107 0.104 0.104 0.1035 0.1035 0.103 0.103 0.103 0.1005 0.1005 0.0995 0.0995 0.0985 0.0985 0.0985 0.105 0.105 0.102 0.102 0.0975 0.0975 0.0975 0.1085 0.1085 0.11 0.11 0.118 0.118 0.1035 0.1035 0.1035 0.1045 0.1045 0.107 0.107 0.105 0.105 0.105 0.094 0.094 0.095 0.095 0.093 0.093 0.093 0.0915 0.0915 0.094 0.094 0.097 0.097 0.097 0.09649999 0.09649999 0.102 0.102
0.109 0.109 0.109 0.109 0.109 0.109 0.111 0.111 0.113 0.113 0.1155 0.1155 0.1145 0.1145 0.1145 0.1115 0.1115 0.1095 0.1095 0.105 0.105 0.105 0.1065 0.1065 0.1045 0.1045 0.113 0.113 0.113 0.1065 0.1065 0.1015 0.1015 0.1015 0.1015 0.1015 0.1035 0.1035 0.105 0.105 0.0965 0.0965 0.0965 0.0985 0.0985 0.0975 0.0975 0.0985 0.0985 0.088 0.088 0.088 0.0925 0.0925 0.104 0.104 0.1025 0.1025 0.1025 0.097 0.097 0.1015 0.1015 0.098 0.098 0.098 0.095 0.095 0.09450001 0.09450001 0.099 0.099 0.099 0.0995 0.0995 0.1025 0.1025
0.109 0.109 0.109 0.109 0.109 0.109 0.111 0.111 0.113 0.113 0.1155 0.1155 0.1145 0.1145 0.1145 0.1115 0.1115 0.1095 0.1095 0.105 0.105 0.105 0.1065 0.1065 0.1045 0.1045 0.113 0.113 0.113 0.1065 0.1065 0.1015 0.1015 0.1015 0.1015 0.1015 0.1035 0.1035 0.105 0.105 0.0965 0.0965 0.0965 0.0985 0.0985 0.0975 0.0975 0.0985 0.0985 0.088 0.088 0.088 0.0925 0.0925 0.104 0.104 0.1025 0.1025 0.1025 0.097 0.097 0.1015 0.1015 0.098 0.098 0.098 0.095 0.095 0.09450001 0.09450001 0.099 0.099 0.099 0.0995 0.0995 0.1025 0.1025
0.1055 0.1035 0.1035 0.1035 0.1035 0.1035 0.1125 0.1125 0.113 0.113 0.1065 0.1065 0.109 0.109 0.109 0.1095 0.1095 0.109 0.109 0.104 0.104 0.104 0.1025 0.1025 0.101 0.101 0.104 0.104 0.104 0.0995 0.0995 0.096 0.096 0.0945 0.0945 0.0945 0.088 0.088 0.0845 0.0845 0.09 0.09 0.09 0.0885 0.0885 0.085 0.085 0.0835 0.0835 0.089 0.089 0.089 0.0915 0.0915 0.0895 0.0895 0.0915 0.0915 0.0915 0.096 0.096 0.098 0.098 0.1 0.1 0.1 0.0995 0.0995 0.1015 0.1015 0.101 0.101 0.101 0.102 0.102 0.103 0.103
0.1055 0.1035 0.1035 0.1035 0.1035 0.1035 0.1125 0.1125 0.113 0.113 0.1065 0.1065 0.109 0.109 0.109 0.1095 0.1095 0.109 0.109 0.104 0.104 0.104 0.1025 0.1025 0.101 0.101 0.104 0.104 0.104 0.0995 0.0995 0.096 0.096 0.0945 0.0945 0.0945 0.088 0.088 0.0845 0.0845 0.09 0.09 0.09 0.0885 0.0885 0.085 0.085 0.0835 0.0835 0.089 0.089 0.089 0.0915 0.0915 0.0895 0.0895 0.0915 0.0915 0.0915 0.096 0.096 0.098 0.098 0.1 0.1 0.1 0.0995 0.0995 0.1015 0.1015 0.101 0.101 0.101 0.102 0.102 0.103 0.103
0.1035 0.088 0.088 0.102 0.102 0.102 0.0905 0.0905 0.08400001 0.08400001 0.099 0.099 0.095 0.095 0.095 0.103 0.103 0.097 0.097 0.106 0.106 0.106 0.0995 0.0995 0.0965 0.0965 0.095 0.095 0.095 0.0865 0.0865 0.0805 0.0805 0.09100001 0.09100001 0.09100001 0.1025 0.1025 0.102 0.102 0.1085 0.1085 0.1085 0.1065 0.1065 0.1075 0.1075 0.1035 0.1035 0.1025 0.1025 0.1025 0.1025 0.1025 0.1025 0.1025 0.0975 0.0975 0.0975 0.099 0.099 0.103 0.103 0.1035 0.1035 0.1035 0.1055 0.1055 0.1035 0.1035 0.1 0.1 0.1 0.104 0.104 0.102 0.102
0.1035 0.088 0.088 0.102 0.102 0.102 0.0905 0.0905 0.08400001 0.08400001 0.099 0.099 0.095 0.095 0.095 0.103 0.103 0.097 0.097 0.106 0.106 0.106 0.0995 0.0995 0.0965 0.0965 0.095 0.095 0.095 0.0865 0.0865 0.0805 0.0805 0.09100001 0.09100001 0.09100001 0.1025 0.1025 0.102 0.102 0.1085 0.1085 0.1085 0.1065 0.1065 0.1075 0.1075 0.1035 0.1035 0.1025 0.1025 0.1025 0.1025 0.1025 0.1025 0.1025 0.0975 0.0975 0.0975 0.099 0.099 0.103 0.103 0.1035 0.1035 0.1035 0.1055 0.1055 0.1035 0.1035 0.1 0.1 0.1 0.104 0.104 0.102 0.102
0.1035 0.088 0.088 0.102 0.102 0.102 0.0905 0.0905 0.08400001 0.08400001 0.099 0.099 0.095 0.095 0.095 0.103 0.103 0.097 0.097 0.106 0.106 0.106 0.0995 0.0995 0.0965 0.0965 0.095 0.095 0.095 0.0865 0.0865 0.0805 0.0805 0.09100001 0.09100001 0.09100001 0.1025 0.1025 0.102 0.102 0.1085 0.1085 0.1085 0.1065 0.1065 0.1075 0.1075 0.1035 0.1035 0.1025 0.1025 0.1025 0.1025 0.1025 0.1025 0.1025 0.0975 0.0975 0.0975 0.099 0.099 0.103 0.103 0.1035 0.1035 0.1035 0.1055 0.1055 0.1035 0.1035 0.1 0.1 0.1 0.104 0.104 0.102 0.102
0.1065 0.105 0.105 0.106 0.106 0.106 0.0915 0.0915 0.0805 0.0805 0.097 0.097 0.102 0.102 0.102 0.1065 0.1065 0.109 0.109 0.111 0.111 0.111 0.1035 0.1035 0.11 0.11 0.0965 0.0965 0.0965 0.091 0.091 0.09649999 0.09649999 0.108 0.108 0.108 0.116 0.116 0.1105 0.1105 0.104 0.104 0.104 0.101 0.101 0.1015 0.1015 0.1 0.1 0.0955 0.0955 0.0955 0.0995 0.0995 0.101 0.101 0.1015 0.1015 0.1015 0.103 0.103 0.108 0.108 0.1045 0.1045 0.1045 0.1085 0.1085 0.1045 0.1045 0.107 0.107 0.107 0.1025 0.1025 0.094 0.094
0.1065 0.105 0.105 0.106 0.106 0.106 0.0915 0.0915 0.0805 0.0805 0.097 0.097 0.102 0.102 0.102 0.1065 0.1065 0.109 0.109 0.111 0.111 0.111 0.1035 0.1035 0.11 0.11 0.0965 0.0965 0.0965 0.091 0.091 0.09649999 0.09649999 0.108 0.108 0.108 0.116 0.116 0.1105 0.1105 0.104 0.104 0.104 0.101 0.101 0.1015 0.1015 0.1 0.1 0.0955 0.0955 0.0955 0.0995 0.0995 0.101 0.101 0.1015 0.1015 0.1015 0.103 0.103 0.108 0.108 0.1045 0.1045 0.1045 0.1085 0.1085 0.1045 0.1045 0.107 0.107 0.107 0.1025 0.1025 0.094 0.094
0.105 0.1015 0.1015 0.109 0.109 0.109 0.1065 0.1065 0.1195 0.1195 0.1165 0.1165 0.1105 0.1105 0.1105 0.1035 0.1035 0.102 0.102 0.126 0.126 0.126 0.123 0.123 0.1285 0.1285 0.1315 0.1315 0.1315 0.1305 0.1305 0.1445 0.1445 0.1245 0.1245 0.1245 0.1135 0.1135 0.1055 0.1055 0.1015 0.1015 0.1015 0.1035 0.1035 0.1015 0.1015 0.1045 0.1045 0.09999999 0.09999999 0.09999999 0.0985 0.0985 0.0995 0.0995 0.1045 0.1045 0.1045 0.104 0.104 0.103 0.103 0.109 0.109 0.109 0.1065 0.1065 0.107 0.107 0.1065 0.1065 0.1065 0.106 0.106 0.1015 0.1015
0.105 0.1015 0.1015 0.109 0.109 0.109 0.1065 0.1065 0.1195 0.1195 0.1165 0.1165 0.1105 0.1105 0.1105 0.1035 0.1035 0.102 0.102 0.126 0.126 0.126 0.123 0.123 0.1285 0.1285 0.1315 0.1315 0.1315 0.1305 0.1305 0.1445 0.1445 0.1245 0.1245 0.1245 0.1135 0.1135 0.1055 0.1055 0.1015 0.1015 0.1015 0.1035 0.1035 0.1015 0.1015 0.1045 0.1045 0.09999999 0.09999999 0.09999999 0.0985 0.0985 0.0995 0.0995 0.1045 0.1045 0.1045 0.104 0.104 0.103 0.103 0.109 0.109 0.109 0.1065 0.1065 0.107 0.107 0.1065 0.1065 0.1065 0.106 0.106 0.1015 0.1015
0.107 0.1165 0.1165 0.1235 0.1235 0.1235 0.1495 0.1495 0.1325 0.1325 0.1285 0.1285 0.1235 0.1235 0.1235 0.1315 0.1315 0.124 0.124 0.1365 0.1365 0.1365 0.133 0.133 0.128 0.128 0.122 0.122 0.122 0.124 0.124 0.12 0.12 0.1145 0.1145 0.1145 0.1105 0.1105 0.105 0.105 0.103 0.103 0.103 0.1045 0.1045 0.105 0.105 0.107 0.107 0.1085 0.1085 0.1085 0.1055 0.1055 0.104 0.104 0.1025 0.1025 0.1025 0.104 0.104 0.106 0.106 0.1105 0.1105 0.1105 0.1085 0.1085 0.1055 0.1055 0.1095 0.1095 0.1095 0.111 0.111 0.105 0.105
0.107 0.1165 0.1165 0.1235 0.1235 0.1235 0.1495 0.1495 0.1325 0.1325 0.1285 0.1285 0.1235 0.1235 0.1235 0.1315 0.1315 0.124 0.124 0.1365 0.1365 0.1365 0.133 0.133 0.128 0.128 0.122 0.122 0.122 0.124 0.124 0.12 0.12 0.1145 0.1145 0.1145 0.1105 0.1105 0.105 0.105 0.103 0.103 0.103 0.1045 0.1045 0.105 0.105 0.107 0.107 0.1085 0.1085 0.1085 0.1055 0.1055 0.104 0.104 0.1025 0.1025 0.1025 0.104 0.104 0.106 0.106 0.1105 0.1105 0.1105 0.1085 0.1085 0.1055 0.1055 0.1095 0.1095 0.1095 0.111 0.111 0.105 0.105
0.107 0.1165 0.1165 0.1235 0.1235 0.1235 0.1495 0.1495 0.1325 0.1325 0.1285 0.1285 0.1235 0.1235 0.1235 0.1315 0.1315 0.124 0.124 0.1365 0.1365 0.1365 0.133 0.133 0.128 0.128 0.122 0.122 0.122 0.124 0.124 0.12 0.12 0.1145 0.1145 0.1145 0.1105 0.1105 0.105 0.105 0.103 0.103 0.103 0.1045 0.1045 0.105 0.105 0.107 0.107 0.1085 0.1085 0.1085 0.1055 0.1055 0.104 0.104 0.1025 0.1025 0.1025 0.104 0.104 0.106 0.106 0.1105 0.1105 0.1105 0.1085 0.1085 0.1055 0.1055 0.1095 0.1095 0.1095 0.111 0.111 0.105 0.105
0.1075 0.121 0.121 0.1415 0.1415 0.1415 0.1455 0.1455 0.1375 0.1375 0.1215 0.1215 0.125 0.125 0.125 0.133 0.133 0.127 0.127 0.12 0.12 0.12 0.1325 0.1325 0.1295 0.1295 0.114 0.114 0.114 0.1105 0.1105 0.1165 0.1165 0.1065 0.1065 0.1065 0.1085 0.1085 0.1085 0.1085 0.1035 0.1035 0.1035 0.1065 0.1065 0.1085 0.1085 0.1145 0.1145 0.112 0.112 0.112 0.1075 0.1075 0.1045 0.1045 0.103 0.103 0.103 0.1025 0.1025 0.115 0.115 0.117 0.117 0.117 0.1175 0.1175 0.1185 0.1185 0.1145 0.1145 0.1145 0.1125 0.1125 0.111 0.111
0.1075 0.121 0.121 0.1415 0.1415 0.1415 0.1455 0.1455 0.1375 0.1375 0.1215 0.1215 0.125 0.125 0.125 0.133 0.133 0.127 0.127 0.12 0.12 0.12 0.1325 0.1325 0.1295 0.1295 0.114 0.114 0.114 0.1105 0.1105 0.1165 0.1165 0.1065 0.1065 0.1065 0.1085 0.1085 0.1085 0.1085 0.1035 0.1035 0.1035 0.1065 0.1065 0.1085 0.1085 0.1145 0.1145 0.112 0.112 0.112 0.1075 0.1075 0.1045 0.1045 0.103 0.103 0.103 0.1025 0.1025 0.115 0.115 0.117 0.117 0.117 0.1175 0.1175 0.1185 0.1185 0.1145 0.1145 0.1145 0.1125 0.1125 0.111 0.111
0.1185 0.1115 0.1115 0.1255 0.1255 0.1255 0.1235 0.1235 0.126 0.126 0.123 0.123 0.1115 0.1115 0.1115 0.12 0.12 0.117 0.117 0.1225 0.1225 0.1225 0.124 0.124 0.127 0.127 0.122 0.122 0.122 0.127 0.127 0.1165 0.1165 0.114 0.114 0.114 0.1175 0.1175 0.115 0.115 0.117 0.117 0.117 0.1195 0.1195 0.116 0.116 0.1195 0.1195 0.1195 0.1195 0.1195 0.1195 0.1195 0.118 0.118 0.115 0.115 0.115 0.118 0.118 0.1205 0.1205 0.122 0.122 0.122 0.1295 0.1295 0.1255 0.1255 0.1195 0.1195 0.1195 0.1185 0.1185 0.115 0.115
0.1185 0.1115 0.1115 0.1255 0.1255 0.1255 0.1235 0.1235 0.126 0.126 0.123 0.123 0.1115 0.1115 0.1115 0.12 0.12 0.117 0.117 0.1225 0.1225 0.1225 0.124 0.124 0.127 0.127 0.122 0.122 0.122 0.127 0.127 0.1165 0.1165 0.114 0.114 0.114 0.1175 0.1175 0.115 0.115 0.117 0.117 0.117 0.1195 0.1195 0.116 0.116 0.1195 0.1195 0.1195 0.1195 0.1195 0.1195 0.1195 0.118 0.118 0.115 0.115 0.115 0.118 0.118 0.1205 0.1205 0.122 0.122 0.122 0.1295 0.1295 0.1255 0.1255 0.1195 0.1195 0.1195 0.1185 0.1185 0.115 0.115
0.1315 0.125 0.125 0.1275 0.1275 0.1275 0.154 0.154 0.133 0.133 0.1145 0.1145 0.104 0.104 0.104 0.1145 0.1145 0.131 0.131 0.133 0.133 0.133 0.1265 0.1265 0.124 0.124 0.129 0.129 0.129 0.126 0.126 0.124 0.124 0.1245 0.1245 0.1245 0.1235 0.1235 0.1285 0.1285 0.121 0.121 0.121 0.1195 0.1195 0.121 0.121 0.137 0.137 0.1325 0.1325 0.1325 0.133 0.133 0.1255 0.1255 0.1215 0.1215 0.1215 0.121 0.121 0.125 0.125 0.127 0.127 0.127 0.1255 0.1255 0.1225 0.1225 0.1245 0.1245 0.1245 0.125 0.125 0.1175 0.1175
0.1315 0.125 0.125 0.1275 0.1275 0.1275 0.154 0.154 0.133 0.133 0.1145 0.1145 0.104 0.104 0.104 0.1145 0.1145 0.131 0.131 0.133 0.133 0.133 0.1265 0.1265 0.124 0.124 0.129 0.129 0.129 0.126 0.126 0.124 0.124 0.1245 0.1245 0.1245 0.1235 0.1235 0.1285 0.1285 0.121 0.121 0.121 0.1195 0.1195 0.121 0.121 0.137 0.137 0.1325 0.1325 0.1325 0.133 0.133 0.1255 0.1255 0.1215 0.1215 0.1215 0.121 0.121 0.125 0.125 0.127 0.127 0.127 0.1255 0.1255 0.1225 0.1225 0.1245 0.1245 0.1245 0.125 0.125 0.1175 0.1175
0.1315 0.136 0.136 0.136 0.136 0.136 0.1425 0.1425 0.1225 0.1225 0.125 0.125 0.118 0.118 0.118 0.132 0.132 0.1245 0.1245 0.1225 0.1225 0.1225 0.124 0.124 0.1395 0.1395 0.139 0.139 0.139 0.141 0.141 0.1425 0.1425 0.1285 0.1285 0.1285 0.12 0.12 0.1305 0.1305 0.13 0.13 0.13 0.127 0.127 0.1255 0.1255 0.136 0.136 0.135 0.135 0.135 0.147 0.147 0.146 0.146 0.136 0.136 0.136 0.127 0.127 0.1235 0.1235 0.125 0.125 0.125 0.123 0.123 0.124 0.124 0.1315 0.1315 0.1315 0.126 0.126 0.123 0.123
