ndvi/NOAA-362.asc
ncols         252
nrows         154
xllcorner     -18.017974
yllcorner     13.481982
cellsize      0.035948
NODATA_value  -9999
[rows 34 to 67 of 154, columns 154 to 230 of 252]
0.1345 0.1415 0.1415 0.1415 0.1415 0.1415 0.1275 0.1275 0.1245 0.1245 0.115 0.115 0.116 0.116 0.116 0.1135 0.1135 0.135 0.135 0.1245 0.1245 0.1245 0.114 0.114 0.147 0.147 0.146 0.146 0.146 0.144 0.144 0.143 0.143 0.13 0.13 0.13 0.1315 0.1315 0.1325 0.1325 0.1295 0.1295 0.1295 0.132 0.132 0.134 0.134 0.137 0.137 0.133 0.133 0.133 0.1285 0.1285 0.135 0.135 0.129 0.129 0.129 0.1465 0.1465 0.141 0.141 0.1395 0.1395 0.1395 0.137 0.137 0.1375 0.1375 0.135 0.135 0.135 0.1335 0.1335 0.1275 0.1275
0.1345 0.1415 0.1415 0.1415 0.1415 0.1415 0.1275 0.1275 0.1245 0.1245 0.115 0.115 0.116 0.116 0.116 0.1135 0.1135 0.135 0.135 0.1245 0.1245 0.1245 0.114 0.114 0.147 0.147 0.146 0.146 0.146 0.144 0.144 0.143 0.143 0.13 0.13 0.13 0.1315 0.1315 0.1325 0.1325 0.1295 0.1295 0.1295 0.132 0.132 0.134 0.134 0.137 0.137 0.133 0.133 0.133 0.1285 0.1285 0.135 0.135 0.129 0.129 0.129 0.1465 0.1465 0.141 0.141 0.1395 0.1395 0.1395 0.137 0.137 0.1375 0.1375 0.135 0.135 0.135 0.1335 0.1335 0.1275 0.1275
0.1345 0.1415 0.1415 0.1415 0.1415 0.1415 0.1275 0.1275 0.1245 0.1245 0.115 0.115 0.116 0.116 0.116 0.1135 0.1135 0.135 0.135 0.1245 0.1245 0.1245 0.114 0.114 0.147 0.147 0.146 0.146 0.146 0.144 0.144 0.143 0.143 0.13 0.13 0.13 0.1315 0.1315 0.1325 0.1325 0.1295 0.1295 0.1295 0.132 0.132 0.134 0.134 0.137 0.137 0.133 0.133 0.133 0.1285 0.1285 0.135 0.135 0.129 0.129 0.129 0.1465 0.1465 0.141 0.141 0.1395 0.1395 0.1395 0.137 0.137 0.1375 0.1375 0.135 0.135 0.135 0.1335 0.1335 0.1275 0.1275
0.1335 0.1175 0.1175 0.1265 0.1265 0.1265 0.1285 0.1285 0.121 0.121 0.1195 0.1195 0.1185 0.1185 0.1185 0.124 0.124 0.13 0.13 0.1205 0.1205 0.1205 0.1255 0.1255 0.149 0.149 0.1525 0.1525 0.1525 0.15 0.15 0.1435 0.1435 0.1425 0.1425 0.1425 0.1365 0.1365 0.1345 0.1345 0.132 0.132 0.132 0.128 0.128 0.133 0.133 0.14 0.14 0.1355 0.1355 0.1355 0.1345 0.1345 0.132 0.132 0.134 0.134 0.134 0.132 0.132 0.14 0.14 0.134 0.134 0.134 0.135 0.135 0.1385 0.1385 0.135 0.135 0.135 0.141 0.141 0.137 0.137
0.1335 0.1175 0.1175 0.1265 0.1265 0.1265 0.1285 0.1285 0.121 0.121 0.1195 0.1195 0.1185 0.1185 0.1185 0.124 0.124 0.13 0.13 0.1205 0.1205 0.1205 0.1255 0.1255 0.149 0.149 0.1525 0.1525 0.1525 0.15 0.15 0.1435 0.1435 0.1425 0.1425 0.1425 0.1365 0.1365 0.1345 0.1345 0.132 0.132 0.132 0.128 0.128 0.133 0.133 0.14 0.14 0.1355 0.1355 0.1355 0.1345 0.1345 0.132 0.132 0.134 0.134 0.134 0.132 0.132 0.14 0.14 0.134 0.134 0.134 0.135 0.135 0.1385 0.1385 0.135 0.135 0.135 0.141 0.141 0.137 0.137
0.1465 0.1265 0.1265 0.1165 0.1165 0.1165 0.1115 0.1115 0.1115 0.1115 0.119 0.119 0.1185 0.1185 0.1185 0.1155 0.1155 0.1085 0.1085 0.102 0.102 0.102 0.115 0.115 0.146 0.146 0.1395 0.1395 0.1395 0.162 0.162 0.1525 0.1525 0.1515 0.1515 0.1515 0.1415 0.1415 0.1365 0.1365 0.13 0.13 0.13 0.1335 0.1335 0.143 0.143 0.1385 0.1385 0.133 0.133 0.133 0.1325 0.1325 0.135 0.135 0.1395 0.1395 0.1395 0.1485 0.1485 0.143 0.143 0.1405 0.1405 0.1405 0.1385 0.1385 0.1395 0.1395 0.1445 0.1445 0.1445 0.1435 0.1435 0.136 0.136
0.1465 0.1265 0.1265 0.1165 0.1165 0.1165 0.1115 0.1115 0.1115 0.1115 0.119 0.119 0.1185 0.1185 0.1185 0.1155 0.1155 0.1085 0.1085 0.102 0.102 0.102 0.115 0.115 0.146 0.146 0.1395 0.1395 0.1395 0.162 0.162 0.1525 0.1525 0.1515 0.1515 0.1515 0.1415 0.1415 0.1365 0.1365 0.13 0.13 0.13 0.1335 0.1335 0.143 0.143 0.1385 0.1385 0.133 0.133 0.133 0.1325 0.1325 0.135 0.135 0.1395 0.1395 0.1395 0.1485 0.1485 0.143 0.143 0.1405 0.1405 0.1405 0.1385 0.1385 0.1395 0.1395 0.1445 0.1445 0.1445 0.1435 0.1435 0.136 0.136
0.1345 0.131 0.131 0.1165 0.1165 0.1165 0.111 0.111 0.1135 0.1135 0.1125 0.1125 0.12 0.12 0.12 0.12 0.12 0.1105 0.1105 0.1165 0.1165 0.1165 0.134 0.134 0.134 0.134 0.137 0.137 0.137 0.1685 0.1685 0.157 0.157 0.145 0.145 0.145 0.1455 0.1455 0.1315 0.1315 0.1315 0.1315 0.1315 0.135 0.135 0.139 0.139 0.145 0.145 0.1315 0.1315 0.1315 0.1435 0.1435 0.1585 0.1585 0.1465 0.1465 0.1465 0.1495 0.1495 0.1505 0.1505 0.1615 0.1615 0.1615 0.1505 0.1505 0.142 0.142 0.136 0.136 0.136 0.137 0.137 0.148 0.148
0.1345 0.131 0.131 0.1165 0.1165 0.1165 0.111 0.111 0.1135 0.1135 0.1125 0.1125 0.12 0.12 0.12 0.12 0.12 0.1105 0.1105 0.1165 0.1165 0.1165 0.134 0.134 0.134 0.134 0.137 0.137 0.137 0.1685 0.1685 0.157 0.157 0.145 0.145 0.145 0.1455 0.1455 0.1315 0.1315 0.1315 0.1315 0.1315 0.135 0.135 0.139 0.139 0.145 0.145 0.1315 0.1315 0.1315 0.1435 0.1435 0.1585 0.1585 0.1465 0.1465 0.1465 0.1495 0.1495 0.1505 0.1505 0.1615 0.1615 0.1615 0.1505 0.1505 0.142 0.142 0.136 0.136 0.136 0.137 0.137 0.148 0.148
0.1345 0.131 0.131 0.1165 0.1165 0.1165 0.111 0.111 0.1135 0.1135 0.1125 0.1125 0.12 0.12 0.12 0.12 0.12 0.1105 0.1105 0.1165 0.1165 0.1165 0.134 0.134 0.134 0.134 0.137 0.137 0.137 0.1685 0.1685 0.157 0.157 0.145 0.145 0.145 0.1455 0.1455 0.1315 0.1315 0.1315 0.1315 0.1315 0.135 0.135 0.139 0.139 0.145 0.145 0.1315 0.1315 0.1315 0.1435 0.1435 0.1585 0.1585 0.1465 0.1465 0.1465 0.1495 0.1495 0.1505 0.1505 0.1615 0.1615 0.1615 0.1505 0.1505 0.142 0.142 0.136 0.136 0.136 0.137 0.137 0.148 0.148
0.1335 0.1385 0.1385 0.1315 0.1315 0.1315 0.1285 0.1285 0.125 0.125 0.1275 0.1275 0.1375 0.1375 0.1375 0.119 0.119 0.139 0.139 0.147 0.147 0.147 0.1325 0.1325 0.1385 0.1385 0.145 0.145 0.145 0.1525 0.1525 0.16 0.16 0.1655 0.1655 0.1655 0.1525 0.1525 0.1485 0.1485 0.1485 0.1485 0.1485 0.1485 0.1485 0.1535 0.1535 0.154 0.154 0.154 0.154 0.154 0.1315 0.1315 0.1345 0.1345 0.141 0.141 0.141 0.145 0.145 0.1505 0.1505 0.154 0.154 0.154 0.145 0.145 0.138 0.138 0.143 0.143 0.143 0.1385 0.1385 0.136 0.136
0.1335 0.1385 0.1385 0.1315 0.1315 0.1315 0.1285 0.1285 0.125 0.125 0.1275 0.1275 0.1375 0.1375 0.1375 0.119 0.119 0.139 0.139 0.147 0.147 0.147 0.1325 0.1325 0.1385 0.1385 0.145 0.145 0.145 0.1525 0.1525 0.16 0.16 0.1655 0.1655 0.1655 0.1525 0.1525 0.1485 0.1485 0.1485 0.1485 0.1485 0.1485 0.1485 0.1535 0.1535 0.154 0.154 0.154 0.154 0.154 0.1315 0.1315 0.1345 0.1345 0.141 0.141 0.141 0.145 0.145 0.1505 0.1505 0.154 0.154 0.154 0.145 0.145 0.138 0.138 0.143 0.143 0.143 0.1385 0.1385 0.136 0.136
0.1345 0.1565 0.1565 0.1615 0.1615 0.1615 0.164 0.164 0.185 0.185 0.172 0.172 0.167 0.167 0.167 0.1605 0.1605 0.179 0.179 0.1755 0.1755 0.1755 0.157 0.157 0.15 0.15 0.157 0.157 0.157 0.155 0.155 0.1635 0.1635 0.1625 0.1625 0.1625 0.16 0.16 0.1495 0.1495 0.155 0.155 0.155 0.163 0.163 0.1515 0.1515 0.157 0.157 0.1495 0.1495 0.1495 0.1345 0.1345 0.1405 0.1405 0.155 0.155 0.155 0.1505 0.1505 0.148 0.148 0.148 0.148 0.148 0.141 0.141 0.141 0.141 0.1485 0.1485 0.1485 0.1535 0.1535 0.141 0.141
0.1345 0.1565 0.1565 0.1615 0.1615 0.1615 0.164 0.164 0.185 0.185 0.172 0.172 0.167 0.167 0.167 0.1605 0.1605 0.179 0.179 0.1755 0.1755 0.1755 0.157 0.157 0.15 0.15 0.157 0.157 0.157 0.155 0.155 0.1635 0.1635 0.1625 0.1625 0.1625 0.16 0.16 0.1495 0.1495 0.155 0.155 0.155 0.163 0.163 0.1515 0.1515 0.157 0.157 0.1495 0.1495 0.1495 0.1345 0.1345 0.1405 0.1405 0.155 0.155 0.155 0.1505 0.1505 0.148 0.148 0.148 0.148 0.148 0.141 0.141 0.141 0.141 0.1485 0.1485 0.1485 0.1535 0.1535 0.141 0.141
0.1345 0.1445 0.1445 0.1695 0.1695 0.1695 0.181 0.181 0.2005 0.2005 0.1735 0.1735 0.173 0.173 0.173 0.184 0.184 0.174 0.174 0.156 0.156 0.156 0.162 0.162 0.1715 0.1715 0.1715 0.1715 0.1715 0.1635 0.1635 0.1635 0.1635 0.161 0.161 0.161 0.167 0.167 0.1685 0.1685 0.1595 0.1595 0.1595 0.1545 0.1545 0.1595 0.1595 0.1505 0.1505 0.1535 0.1535 0.1535 0.1385 0.1385 0.1595 0.1595 0.158 0.158 0.158 0.1495 0.1495 0.1475 0.1475 0.145 0.145 0.145 0.1475 0.1475 0.1345 0.1345 0.146 0.146 0.146 0.1445 0.1445 0.1325 0.1325
0.1345 0.1445 0.1445 0.1695 0.1695 0.1695 0.181 0.181 0.2005 0.2005 0.1735 0.1735 0.173 0.173 0.173 0.184 0.184 0.174 0.174 0.156 0.156 0.156 0.162 0.162 0.1715 0.1715 0.1715 0.1715 0.1715 0.1635 0.1635 0.1635 0.1635 0.161 0.161 0.161 0.167 0.167 0.1685 0.1685 0.1595 0.1595 0.1595 0.1545 0.1545 0.1595 0.1595 0.1505 0.1505 0.1535 0.1535 0.1535 0.1385 0.1385 0.1595 0.1595 0.158 0.158 0.158 0.1495 0.1495 0.1475 0.1475 0.145 0.145 0.145 0.1475 0.1475 0.1345 0.1345 0.146 0.146 0.146 0.1445 0.1445 0.1325 0.1325
0.1345 0.1445 0.1445 0.1695 0.1695 0.1695 0.181 0.181 0.2005 0.2005 0.1735 0.1735 0.173 0.173 0.173 0.184 0.184 0.174 0.174 0.156 0.156 0.156 0.162 0.162 0.1715 0.1715 0.1715 0.1715 0.1715 0.1635 0.1635 0.1635 0.1635 0.161 0.161 0.161 0.167 0.167 0.1685 0.1685 0.1595 0.1595 0.1595 0.1545 0.1545 0.1595 0.1595 0.1505 0.1505 0.1535 0.1535 0.1535 0.1385 0.1385 0.1595 0.1595 0.158 0.158 0.158 0.1495 0.1495 0.1475 0.1475 0.145 0.145 0.145 0.1475 0.1475 0.1345 0.1345 0.146 0.146 0.146 0.1445 0.1445 0.1325 0.1325
0.1385 0.1275 0.1275 0.1655 0.1655 0.1655 0.1975 0.1975 0.2025 0.2025 0.1885 0.1885 0.168 0.168 0.168 0.1555 0.1555 0.1585 0.1585 0.1605 0.1605 0.1605 0.179 0.179 0.173 0.173 0.185 0.185 0.185 0.1715 0.1715 0.1665 0.1665 0.1645 0.1645 0.1645 0.175 0.175 0.1705 0.1705 0.1525 0.1525 0.1525 0.1505 0.1505 0.1615 0.1615 0.149 0.149 0.1465 0.1465 0.1465 0.13 0.13 0.1515 0.1515 0.158 0.158 0.158 0.1615 0.1615 0.158 0.158 0.1435 0.1435 0.1435 0.142 0.142 0.1365 0.1365 0.1375 0.1375 0.1375 0.14 0.14 0.141 0.141
0.1385 0.1275 0.1275 0.1655 0.1655 0.1655 0.1975 0.1975 0.2025 0.2025 0.1885 0.1885 0.168 0.168 0.168 0.1555 0.1555 0.1585 0.1585 0.1605 0.1605 0.1605 0.179 0.179 0.173 0.173 0.185 0.185 0.185 0.1715 0.1715 0.1665 0.1665 0.1645 0.1645 0.1645 0.175 0.175 0.1705 0.1705 0.1525 0.1525 0.1525 0.1505 0.1505 0.1615 0.1615 0.149 0.149 0.1465 0.1465 0.1465 0.13 0.13 0.1515 0.1515 0.158 0.158 0.158 0.1615 0.1615 0.158 0.158 0.1435 0.1435 0.1435 0.142 0.142 0.1365 0.1365 0.1375 0.1375 0.1375 0.14 0.14 0.141 0.141
0.1235 0.113 0.113 0.165 0.165 0.165 0.1945 0.1945 0.1915 0.1915 0.189 0.189 0.181 0.181 0.181 0.174 0.174 0.1625 0.1625 0.1605 0.1605 0.1605 0.1655 0.1655 0.1975 0.1975 0.1965 0.1965 0.1965 0.2045 0.2045 0.1945 0.1945 0.19 0.19 0.19 0.191 0.191 0.1845 0.1845 0.1635 0.1635 0.1635 0.139 0.139 0.153 0.153 0.147 0.147 0.1515 0.1515 0.1515 0.151 0.151 0.1475 0.1475 0.1645 0.1645 0.1645 0.1555 0.1555 0.1545 0.1545 0.1625 0.1625 0.1625 0.146 0.146 0.146 0.146 0.1555 0.1555 0.1555 0.1515 0.1515 0.1445 0.1445
0.1235 0.113 0.113 0.165 0.165 0.165 0.1945 0.1945 0.1915 0.1915 0.189 0.189 0.181 0.181 0.181 0.174 0.174 0.1625 0.1625 0.1605 0.1605 0.1605 0.1655 0.1655 0.1975 0.1975 0.1965 0.1965 0.1965 0.2045 0.2045 0.1945 0.1945 0.19 0.19 0.19 0.191 0.191 0.1845 0.1845 0.1635 0.1635 0.1635 0.139 0.139 0.153 0.153 0.147 0.147 0.1515 0.1515 0.1515 0.151 0.151 0.1475 0.1475 0.1645 0.1645 0.1645 0.1555 0.1555 0.1545 0.1545 0.1625 0.1625 0.1625 0.146 0.146 0.146 0.146 0.1555 0.1555 0.1555 0.1515 0.1515 0.1445 0.1445
0.117 0.1345 0.1345 0.191 0.191 0.191 0.1825 0.1825 0.201 0.201 0.194 0.194 0.1845 0.1845 0.1845 0.1905 0.1905 0.1755 0.1755 0.1925 0.1925 0.1925 0.204 0.204 0.2085 0.2085 0.2025 0.2025 0.2025 0.2095 0.2095 0.192 0.192 0.1805 0.1805 0.1805 0.191 0.191 0.1815 0.1815 0.1605 0.1605 0.1605 0.1565 0.1565 0.151 0.151 0.1545 0.1545 0.15 0.15 0.15 0.1495 0.1495 0.141 0.141 0.1525 0.1525 0.1525 0.1565 0.1565 0.1645 0.1645 0.158 0.158 0.158 0.151 0.151 0.1475 0.1475 0.158 0.158 0.158 0.1605 0.1605 0.154 0.154
0.117 0.1345 0.1345 0.191 0.191 0.191 0.1825 0.1825 0.201 0.201 0.194 0.194 0.1845 0.1845 0.1845 0.1905 0.1905 0.1755 0.1755 0.1925 0.1925 0.1925 0.204 0.204 0.2085 0.2085 0.2025 0.2025 0.2025 0.2095 0.2095 0.192 0.192 0.1805 0.1805 0.1805 0.191 0.191 0.1815 0.1815 0.1605 0.1605 0.1605 0.1565 0.1565 0.151 0.151 0.1545 0.1545 0.15 0.15 0.15 0.1495 0.1495 0.141 0.141 0.1525 0.1525 0.1525 0.1565 0.1565 0.1645 0.1645 0.158 0.158 0.158 0.151 0.151 0.1475 0.1475 0.158 0.158 0.158 0.1605 0.1605 0.154 0.154
0.1115 0.1035 0.1035 0.131 0.131 0.131 0.177 0.177 0.1635 0.1635 0.1605 0.1605 0.174 0.174 0.174 0.184 0.184 0.1815 0.1815 0.185 0.185 0.185 0.185 0.185 0.187 0.187 0.194 0.194 0.194 0.181 0.181 0.1915 0.1915 0.1815 0.1815 0.1815 0.1775 0.1775 0.1845 0.1845 0.1675 0.1675 0.1675 0.1565 0.1565 0.1385 0.1385 0.1345 0.1345 0.1435 0.1435 0.1435 0.1415 0.1415 0.121 0.121 0.14 0.14 0.14 0.1575 0.1575 0.1605 0.1605 0.1565 0.1565 0.1565 0.162 0.162 0.1535 0.1535 0.162 0.162 0.162 0.1555 0.1555 0.157 0.157
0.1115 0.1035 0.1035 0.131 0.131 0.131 0.177 0.177 0.1635 0.1635 0.1605 0.1605 0.174 0.174 0.174 0.184 0.184 0.1815 0.1815 0.185 0.185 0.185 0.185 0.185 0.187 0.187 0.194 0.194 0.194 0.181 0.181 0.1915 0.1915 0.1815 0.1815 0.1815 0.1775 0.1775 0.1845 0.1845 0.1675 0.1675 0.1675 0.1565 0.1565 0.1385 0.1385 0.1345 0.1345 0.1435 0.1435 0.1435 0.1415 0.1415 0.121 0.121 0.14 0.14 0.14 0.1575 0.1575 0.1605 0.1605 0.1565 0.1565 0.1565 0.162 0.162 0.1535 0.1535 0.162 0.162 0.162 0.1555 0.1555 0.157 0.157
0.1115 0.1035 0.1035 0.131 0.131 0.131 0.177 0.177 0.1635 0.1635 0.1605 0.1605 0.174 0.174 0.174 0.184 0.184 0.1815 0.1815 0.185 0.185 0.185 0.185 0.185 0.187 0.187 0.194 0.194 0.194 0.181 0.181 0.1915 0.1915 0.1815 0.1815 0.1815 0.1775 0.1775 0.1845 0.1845 0.1675 0.1675 0.1675 0.1565 0.1565 0.1385 0.1385 0.1345 0.1345 0.1435 0.1435 0.1435 0.1415 0.1415 0.121 0.121 0.14 0.14 0.14 0.1575 0.1575 0.1605 0.1605 0.1565 0.1565 0.1565 0.162 0.162 0.1535 0.1535 0.162 0.162 0.162 0.1555 0.1555 0.157 0.157
0.101 0.113 0.113 0.0815 0.0815 0.0815 0.1205 0.1205 0.149 0.149 0.1565 0.1565 0.1645 0.1645 0.1645 0.157 0.157 0.1935 0.1935 0.1825 0.1825 0.1825 0.1915 0.1915 0.186 0.186 0.1585 0.1585 0.1585 0.1645 0.1645 0.1795 0.1795 0.18 0.18 0.18 0.1935 0.1935 0.185 0.185 0.1665 0.1665 0.1665 0.155 0.155 0.123 0.123 0.133 0.133 0.1355 0.1355 0.1355 0.132 0.132 0.1105 0.1105 0.1075 0.1075 0.1075 0.131 0.131 0.1405 0.1405 0.1515 0.1515 0.1515 0.157 0.157 0.141 0.141 0.1485 0.1485 0.1485 0.138 0.138 0.1415 0.1415
0.101 0.113 0.113 0.0815 0.0815 0.0815 0.1205 0.1205 0.149 0.149 0.1565 0.1565 0.1645 0.1645 0.1645 0.157 0.157 0.1935 0.1935 0.1825 0.1825 0.1825 0.1915 0.1915 0.186 0.186 0.1585 0.1585 0.1585 0.1645 0.1645 0.1795 0.1795 0.18 0.18 0.18 0.1935 0.1935 0.185 0.185 0.1665 0.1665 0.1665 0.155 0.155 0.123 0.123 0.133 0.133 0.1355 0.1355 0.1355 0.132 0.132 0.1105 0.1105 0.1075 0.1075 0.1075 0.131 0.131 0.1405 0.1405 0.1515 0.1515 0.1515 0.157 0.157 0.141 0.141 0.1485 0.1485 0.1485 0.138 0.138 0.1415 0.1415
0.1215 0.1275 0.1275 0.13 0.13 0.13 0.089 0.089 0.1195 0.1195 0.1435 0.1435 0.17 0.17 0.17 0.1965 0.1965 0.198 0.198 0.197 0.197 0.197 0.1855 0.1855 0.179 0.179 0.175 0.175 0.175 0.1735 0.1735 0.1705 0.1705 0.181 0.181 0.181 0.1685 0.1685 0.1715 0.1715 0.1825 0.1825 0.1825 0.157 0.157 0.1305 0.1305 0.1435 0.1435 0.133 0.133 0.133 0.138 0.138 0.1445 0.1445 0.1345 0.1345 0.1345 0.161 0.161 0.1395 0.1395 0.147 0.147 0.147 0.1555 0.1555 0.1405 0.1405 0.1225 0.1225 0.1225 0.1355 0.1355 0.144 0.144
0.1215 0.1275 0.1275 0.13 0.13 0.13 0.089 0.089 0.1195 0.1195 0.1435 0.1435 0.17 0.17 0.17 0.1965 0.1965 0.198 0.198 0.197 0.197 0.197 0.1855 0.1855 0.179 0.179 0.175 0.175 0.175 0.1735 0.1735 0.1705 0.1705 0.181 0.181 0.181 0.1685 0.1685 0.1715 0.1715 0.1825 0.1825 0.1825 0.157 0.157 0.1305 0.1305 0.1435 0.1435 0.133 0.133 0.133 0.138 0.138 0.1445 0.1445 0.1345 0.1345 0.1345 0.161 0.161 0.1395 0.1395 0.147 0.147 0.147 0.1555 0.1555 0.1405 0.1405 0.1225 0.1225 0.1225 0.1355 0.1355 0.144 0.144
0.1405 0.1625 0.1625 0.1255 0.1255 0.1255 0.0875 0.0875 0.126 0.126 0.162 0.162 0.164 0.164 0.164 0.191 0.191 0.1925 0.1925 0.189 0.189 0.189 0.201 0.201 0.1945 0.1945 0.1735 0.1735 0.1735 0.1555 0.1555 0.18 0.18 0.1685 0.1685 0.1685 0.181 0.181 0.183 0.183 0.1745 0.1745 0.1745 0.1725 0.1725 0.164 0.164 0.1645 0.1645 0.1575 0.1575 0.1575 0.1715 0.1715 0.2075 0.2075 0.168 0.168 0.168 0.1405 0.1405 0.149 0.149 0.165 0.165 0.165 0.1645 0.1645 0.1485 0.1485 0.1475 0.1475 0.1475 0.154 0.154 0.1565 0.1565
0.1405 0.1625 0.1625 0.1255 0.1255 0.1255 0.0875 0.0875 0.126 0.126 0.162 0.162 0.164 0.164 0.164 0.191 0.191 0.1925 0.1925 0.189 0.189 0.189 0.201 0.201 0.1945 0.1945 0.1735 0.1735 0.1735 0.1555 0.1555 0.18 0.18 0.1685 0.1685 0.1685 0.181 0.181 0.183 0.183 0.1745 0.1745 0.1745 0.1725 0.1725 0.164 0.164 0.1645 0.1645 0.1575 0.1575 0.1575 0.1715 0.1715 0.2075 0.2075 0.168 0.168 0.168 0.1405 0.1405 0.149 0.149 0.165 0.165 0.165 0.1645 0.1645 0.1485 0.1485 0.1475 0.1475 0.1475 0.154 0.154 0.1565 0.1565
0.1405 0.1625 0.1625 0.1255 0.1255 0.1255 0.0875 0.0875 0.126 0.126 0.162 0.162 0.164 0.164 0.164 0.191 0.191 0.1925 0.1925 0.189 0.189 0.189 0.201 0.201 0.1945 0.1945 0.1735 0.1735 0.1735 0.1555 0.1555 0.18 0.18 0.1685 0.1685 0.1685 0.181 0.181 0.183 0.183 0.1745 0.1745 0.1745 0.1725 0.1725 0.164 0.164 0.1645 0.1645 0.1575 0.1575 0.1575 0.1715 0.1715 0.2075 0.2075 0.168 0.168 0.168 0.1405 0.1405 0.149 0.149 0.165 0.165 0.165 0.1645 0.1645 0.1485 0.1485 0.1475 0.1475 0.1475 0.154 0.154 0.1565 0.1565
0.144 0.1365 0.1365 0.1325 0.1325 0.1325 0.1185 0.1185 0.1415 0.1415 0.1635 0.1635 0.1715 0.1715 0.1715 0.195 0.195 0.2015 0.2015 0.1815 0.1815 0.1815 0.204 0.204 0.197 0.197 0.1895 0.1895 0.1895 0.183 0.183 0.198 0.198 0.194 0.194 0.194 0.191 0.191 0.182 0.182 0.1755 0.1755 0.1755 0.174 0.174 0.1715 0.1715 0.183 0.183 0.175 0.175 0.175 0.181 0.181 0.1945 0.1945 0.178 0.178 0.178 0.1915 0.1915 0.181 0.181 0.177 0.177 0.177 0.1675 0.1675 0.1675 0.1675 0.18 0.18 0.18 0.167 0.167 0.1775 0.1775
