ndvi/NOAA-31.asc
ncols         252
nrows         154
xllcorner     -18.017974
yllcorner     13.481982
cellsize      0.035948
NODATA_value  -9999
[rows 102 to 135 of 154, columns 0 to 76 of 252]
-1 -1 -1 -1 -1 -1 -1 -1 -1 -1 -1 -1 -1 -1 -1 -1 -1 -1 -1 -1 -1 -1 -1 -1 -1 0.0661 0.0661 0.0661 0.1085 0.1085 0.2675 0.2675 0.246 0.246 0.246 0.2385 0.2385 0.2265 0.2265 0.2215 0.2215 0.2215 0.2705 0.2705 0.2515 0.2515 0.2405 0.2405 0.2405 0.2645 0.2645 0.2685 0.2685 0.2765 0.2765 0.281 0.281 0.281 0.298 0.298 0.3145 0.3145 0.3145 0.3145 0.3145 0.304 0.304 0.303 0.303 0.3025 0.3025 0.3025 0.3575 0.3575 0.422 0.422 0.327
-1 -1 -1 -1 -1 -1 -1 -1 -1 -1 -1 -1 -1 -1 -1 -1 -1 -1 -1 -1 -1 -1 -1 0.0007 0.0007 0.139 0.139 0.139 0.2665 0.2665 0.229 0.229 0.2385 0.2385 0.2385 0.2505 0.2505 0.265 0.265 0.251 0.251 0.251 0.2665 0.2665 0.269 0.269 0.2855 0.2855 0.2855 0.2835 0.2835 0.2835 0.2835 0.2605 0.2605 0.2735 0.2735 0.2735 0.2915 0.2915 0.3105 0.3105 0.3105 0.3105 0.3105 0.324 0.324 0.339 0.339 0.33 0.33 0.33 0.3365 0.3365 0.342 0.342 0.285
-1 -1 -1 -1 -1 -1 -1 -1 -1 -1 -1 -1 -1 -1 -1 -1 -1 -1 -1 -1 -1 -1 -1 0.0007 0.0007 0.139 0.139 0.139 0.2665 0.2665 0.229 0.229 0.2385 0.2385 0.2385 0.2505 0.2505 0.265 0.265 0.251 0.251 0.251 0.2665 0.2665 0.269 0.269 0.2855 0.2855 0.2855 0.2835 0.2835 0.2835 0.2835 0.2605 0.2605 0.2735 0.2735 0.2735 0.2915 0.2915 0.3105 0.3105 0.3105 0.3105 0.3105 0.324 0.324 0.339 0.339 0.33 0.33 0.33 0.3365 0.3365 0.342 0.342 0.285
-1 -1 -1 -1 -1 -1 -1 -1 -1 -1 -1 -1 -1 -1 -1 -1 -1 -1 -1 -1 -1 -1 -1 0.0007 0.0007 0.139 0.139 0.139 0.2665 0.2665 0.229 0.229 0.2385 0.2385 0.2385 0.2505 0.2505 0.265 0.265 0.251 0.251 0.251 0.2665 0.2665 0.269 0.269 0.2855 0.2855 0.2855 0.2835 0.2835 0.2835 0.2835 0.2605 0.2605 0.2735 0.2735 0.2735 0.2915 0.2915 0.3105 0.3105 0.3105 0.3105 0.3105 0.324 0.324 0.339 0.339 0.33 0.33 0.33 0.3365 0.3365 0.342 0.342 0.285
-1 -1 -1 -1 -1 -1 -1 -1 -1 -1 -1 -1 -1 -1 -1 -1 -1 -1 -1 -1 -1 0.0356 0.0356 0.142 0.142 0.252 0.252 0.252 0.27 0.27 0.2465 0.2465 0.245 0.245 0.245 0.2795 0.2795 0.2895 0.2895 0.2695 0.2695 0.2695 0.261 0.261 0.26 0.26 0.296 0.296 0.296 0.3335 0.3335 0.2925 0.2925 0.3015 0.3015 0.332 0.332 0.332 0.316 0.316 0.313 0.313 0.313 0.313 0.313 0.345 0.345 0.364 0.364 0.3485 0.3485 0.3485 0.3305 0.3305 0.3205 0.3205 0.2875
-1 -1 -1 -1 -1 -1 -1 -1 -1 -1 -1 -1 -1 -1 -1 -1 -1 -1 -1 -1 -1 0.0356 0.0356 0.142 0.142 0.252 0.252 0.252 0.27 0.27 0.2465 0.2465 0.245 0.245 0.245 0.2795 0.2795 0.2895 0.2895 0.2695 0.2695 0.2695 0.261 0.261 0.26 0.26 0.296 0.296 0.296 0.3335 0.3335 0.2925 0.2925 0.3015 0.3015 0.332 0.332 0.332 0.316 0.316 0.313 0.313 0.313 0.313 0.313 0.345 0.345 0.364 0.364 0.3485 0.3485 0.3485 0.3305 0.3305 0.3205 0.3205 0.2875
-1 -1 -1 -1 -1 -1 -1 -1 -1 -1 -1 -1 -1 -1 -1 -1 -1 -1 -1 -1 -1 0.106 0.106 0.2795 0.2795 0.3 0.3 0.3 0.271 0.271 0.27 0.27 0.289 0.289 0.289 0.2995 0.2995 0.2935 0.2935 0.285 0.285 0.285 0.291 0.291 0.261 0.261 0.315 0.315 0.315 0.3425 0.3425 0.3185 0.3185 0.3105 0.3105 0.305 0.305 0.305 0.3225 0.3225 0.3225 0.3225 0.3225 0.3225 0.3225 0.2995 0.2995 0.32 0.32 0.328 0.328 0.328 0.3015 0.3015 0.314 0.314 0.286
-1 -1 -1 -1 -1 -1 -1 -1 -1 -1 -1 -1 -1 -1 -1 -1 -1 -1 -1 -1 -1 0.106 0.106 0.2795 0.2795 0.3 0.3 0.3 0.271 0.271 0.27 0.27 0.289 0.289 0.289 0.2995 0.2995 0.2935 0.2935 0.285 0.285 0.285 0.291 0.291 0.261 0.261 0.315 0.315 0.315 0.3425 0.3425 0.3185 0.3185 0.3105 0.3105 0.305 0.305 0.305 0.3225 0.3225 0.3225 0.3225 0.3225 0.3225 0.3225 0.2995 0.2995 0.32 0.32 0.328 0.328 0.328 0.3015 0.3015 0.314 0.314 0.286
-1 -1 -1 -1 -1 -1 -1 -1 -1 -1 -1 -1 -1 -1 -1 -1 -1 -1 0.1182 0.1182 0.1182 0.2985 0.2985 0.318 0.318 0.302 0.302 0.302 0.2875 0.2875 0.312 0.312 0.3185 0.3185 0.3185 0.3265 0.3265 0.2925 0.2925 0.2905 0.2905 0.2905 0.3145 0.3145 0.307 0.307 0.333 0.333 0.333 0.3905 0.3905 0.351 0.351 0.3165 0.3165 0.2895 0.2895 0.2895 0.301 0.301 0.3255 0.3255 0.3255 0.3255 0.3255 0.308 0.308 0.28 0.28 0.323 0.323 0.323 0.322 0.322 0.312 0.312 0.3285
-1 -1 -1 -1 -1 -1 -1 -1 -1 -1 -1 -1 -1 -1 -1 -1 -1 -1 0.1182 0.1182 0.1182 0.2985 0.2985 0.318 0.318 0.302 0.302 0.302 0.2875 0.2875 0.312 0.312 0.3185 0.3185 0.3185 0.3265 0.3265 0.2925 0.2925 0.2905 0.2905 0.2905 0.3145 0.3145 0.307 0.307 0.333 0.333 0.333 0.3905 0.3905 0.351 0.351 0.3165 0.3165 0.2895 0.2895 0.2895 0.301 0.301 0.3255 0.3255 0.3255 0.3255 0.3255 0.308 0.308 0.28 0.28 0.323 0.323 0.323 0.322 0.322 0.312 0.312 0.3285
-1 -1 -1 -1 -1 -1 -1 -1 -1 -1 -1 -1 -1 -1 -1 -1 -1 -1 0.1182 0.1182 0.1182 0.2985 0.2985 0.318 0.318 0.302 0.302 0.302 0.2875 0.2875 0.312 0.312 0.3185 0.3185 0.3185 0.3265 0.3265 0.2925 0.2925 0.2905 0.2905 0.2905 0.3145 0.3145 0.307 0.307 0.333 0.333 0.333 0.3905 0.3905 0.351 0.351 0.3165 0.3165 0.2895 0.2895 0.2895 0.301 0.301 0.3255 0.3255 0.3255 0.3255 0.3255 0.308 0.308 0.28 0.28 0.323 0.323 0.323 0.322 0.322 0.312 0.312 0.3285
-1 -1 -1 -1 -1 -1 -1 -1 -1 -1 -1 -1 -1 -1 -1 -1 0.1412 0.1412 0.3135 0.3135 0.3135 0.312 0.312 0.3225 0.3225 0.287 0.287 0.287 0.306 0.306 0.3295 0.3295 0.3255 0.3255 0.3255 0.3325 0.3325 0.3 0.3 0.283 0.283 0.283 0.294 0.294 0.294 0.294 0.3205 0.3205 0.3205 0.3345 0.3345 0.312 0.312 0.3935 0.3935 0.357 0.357 0.357 0.35 0.35 0.3125 0.3125 0.3125 0.3125 0.3125 0.311 0.311 0.329 0.329 0.347 0.347 0.347 0.314 0.314 0.3095 0.3095 0.3555
-1 -1 -1 -1 -1 -1 -1 -1 -1 -1 -1 -1 -1 -1 -1 -1 0.1412 0.1412 0.3135 0.3135 0.3135 0.312 0.312 0.3225 0.3225 0.287 0.287 0.287 0.306 0.306 0.3295 0.3295 0.3255 0.3255 0.3255 0.3325 0.3325 0.3 0.3 0.283 0.283 0.283 0.294 0.294 0.294 0.294 0.3205 0.3205 0.3205 0.3345 0.3345 0.312 0.312 0.3935 0.3935 0.357 0.357 0.357 0.35 0.35 0.3125 0.3125 0.3125 0.3125 0.3125 0.311 0.311 0.329 0.329 0.347 0.347 0.347 0.314 0.314 0.3095 0.3095 0.3555
-1 -1 -1 -1 -1 -1 -1 -1 -1 -1 -1 -1 0.1377 0.1377 0.1741 0.1741 0.098 0.098 0.3215 0.3215 0.3215 0.3165 0.3165 0.2855 0.2855 0.306 0.306 0.306 0.3235 0.3235 0.3295 0.3295 0.357 0.357 0.357 0.37 0.37 0.3835 0.3835 0.3425 0.3425 0.3425 0.3365 0.3365 0.331 0.331 0.342 0.342 0.342 0.356 0.356 0.3785 0.3785 0.361 0.361 0.3355 0.3355 0.3355 0.369 0.369 0.375 0.375 0.375 0.375 0.375 0.341 0.341 0.3405 0.3405 0.369 0.369 0.369 0.3085 0.3085 0.328 0.328 0.344
-1 -1 -1 -1 -1 -1 -1 -1 -1 -1 -1 -1 0.1377 0.1377 0.1741 0.1741 0.098 0.098 0.3215 0.3215 0.3215 0.3165 0.3165 0.2855 0.2855 0.306 0.306 0.306 0.3235 0.3235 0.3295 0.3295 0.357 0.357 0.357 0.37 0.37 0.3835 0.3835 0.3425 0.3425 0.3425 0.3365 0.3365 0.331 0.331 0.342 0.342 0.342 0.356 0.356 0.3785 0.3785 0.361 0.361 0.3355 0.3355 0.3355 0.369 0.369 0.375 0.375 0.375 0.375 0.375 0.341 0.341 0.3405 0.3405 0.369 0.369 0.369 0.3085 0.3085 0.328 0.328 0.344
-1 -1 -1 -1 -1 -1 -1 -1 -1 0.1051 0.1051 0.1051 0.1105 0.1105 0.1182 0.1182 0.1221 0.1221 0.0445 0.0445 0.0445 0.2985 0.2985 0.2835 0.2835 0.2755 0.2755 0.2755 0.3185 0.3185 0.3575 0.3575 0.348 0.348 0.348 0.393 0.393 0.353 0.353 0.3745 0.3745 0.3745 0.3665 0.3665 0.3025 0.3025 0.33 0.33 0.33 0.3695 0.3695 0.335 0.335 0.3235 0.3235 0.348 0.348 0.348 0.3745 0.3745 0.387 0.387 0.387 0.387 0.387 0.401 0.401 0.377 0.377 0.3935 0.3935 0.3935 0.3465 0.3465 0.3265 0.3265 0.294
-1 -1 -1 -1 -1 -1 -1 -1 -1 0.1051 0.1051 0.1051 0.1105 0.1105 0.1182 0.1182 0.1221 0.1221 0.0445 0.0445 0.0445 0.2985 0.2985 0.2835 0.2835 0.2755 0.2755 0.2755 0.3185 0.3185 0.3575 0.3575 0.348 0.348 0.348 0.393 0.393 0.353 0.353 0.3745 0.3745 0.3745 0.3665 0.3665 0.3025 0.3025 0.33 0.33 0.33 0.3695 0.3695 0.335 0.335 0.3235 0.3235 0.348 0.348 0.348 0.3745 0.3745 0.387 0.387 0.387 0.387 0.387 0.401 0.401 0.377 0.377 0.3935 0.3935 0.3935 0.3465 0.3465 0.3265 0.3265 0.294
-1 -1 -1 -1 -1 -1 -1 -1 -1 0.1051 0.1051 0.1051 0.1105 0.1105 0.1182 0.1182 0.1221 0.1221 0.0445 0.0445 0.0445 0.2985 0.2985 0.2835 0.2835 0.2755 0.2755 0.2755 0.3185 0.3185 0.3575 0.3575 0.348 0.348 0.348 0.393 0.393 0.353 0.353 0.3745 0.3745 0.3745 0.3665 0.3665 0.3025 0.3025 0.33 0.33 0.33 0.3695 0.3695 0.335 0.335 0.3235 0.3235 0.348 0.348 0.348 0.3745 0.3745 0.387 0.387 0.387 0.387 0.387 0.401 0.401 0.377 0.377 0.3935 0.3935 0.3935 0.3465 0.3465 0.3265 0.3265 0.294
-1 -1 -1 -1 -1 -1 -1 -1 -1 -1 -1 -1 0.0962 0.0962 0.1122 0.1122 0.1797 0.1797 0.1131 0.1131 0.1131 0.1855 0.1855 0.2815 0.2815 0.325 0.325 0.325 0.341 0.341 0.3315 0.3315 0.375 0.375 0.375 0.3685 0.3685 0.354 0.354 0.351 0.351 0.351 0.3375 0.3375 0.3225 0.3225 0.3335 0.3335 0.3335 0.3855 0.3855 0.38 0.38 0.387 0.387 0.3415 0.3415 0.3415 0.3585 0.3585 0.419 0.419 0.419 0.419 0.419 0.376 0.376 0.4205 0.4205 0.4135 0.4135 0.4135 0.3735 0.3735 0.3225 0.3225 0.3425
-1 -1 -1 -1 -1 -1 -1 -1 -1 -1 -1 -1 0.0962 0.0962 0.1122 0.1122 0.1797 0.1797 0.1131 0.1131 0.1131 0.1855 0.1855 0.2815 0.2815 0.325 0.325 0.325 0.341 0.341 0.3315 0.3315 0.375 0.375 0.375 0.3685 0.3685 0.354 0.354 0.351 0.351 0.351 0.3375 0.3375 0.3225 0.3225 0.3335 0.3335 0.3335 0.3855 0.3855 0.38 0.38 0.387 0.387 0.3415 0.3415 0.3415 0.3585 0.3585 0.419 0.419 0.419 0.419 0.419 0.376 0.376 0.4205 0.4205 0.4135 0.4135 0.4135 0.3735 0.3735 0.3225 0.3225 0.3425
-1 -1 -1 -1 -1 -1 -1 -1 -1 -1 -1 -1 -1 -1 -1 -1 -1 -1 0.1007 0.1007 0.1007 0.1255 0.1255 0.2675 0.2675 0.331 0.331 0.331 0.3905 0.3905 0.3675 0.3675 0.3535 0.3535 0.3535 0.362 0.362 0.358 0.358 0.3455 0.3455 0.3455 0.349 0.349 0.343 0.343 0.3615 0.3615 0.3615 0.3905 0.3905 0.3995 0.3995 0.413 0.413 0.38 0.38 0.38 0.3735 0.3735 0.377 0.377 0.377 0.377 0.377 0.362 0.362 0.431 0.431 0.423 0.423 0.423 0.356 0.356 0.3415 0.3415 0.3545
-1 -1 -1 -1 -1 -1 -1 -1 -1 -1 -1 -1 -1 -1 -1 -1 -1 -1 0.1007 0.1007 0.1007 0.1255 0.1255 0.2675 0.2675 0.331 0.331 0.331 0.3905 0.3905 0.3675 0.3675 0.3535 0.3535 0.3535 0.362 0.362 0.358 0.358 0.3455 0.3455 0.3455 0.349 0.349 0.343 0.343 0.3615 0.3615 0.3615 0.3905 0.3905 0.3995 0.3995 0.413 0.413 0.38 0.38 0.38 0.3735 0.3735 0.377 0.377 0.377 0.377 0.377 0.362 0.362 0.431 0.431 0.423 0.423 0.423 0.356 0.356 0.3415 0.3415 0.3545
-1 -1 -1 -1 -1 -1 -1 -1 -1 -1 -1 -1 -1 -1 -1 -1 -1 -1 -1 -1 -1 0.1601 0.1601 0.1975 0.1975 0.346 0.346 0.346 0.3615 0.3615 0.4025 0.4025 0.324 0.324 0.324 0.3215 0.3215 0.3355 0.3355 0.336 0.336 0.336 0.3325 0.3325 0.333 0.333 0.3615 0.3615 0.3615 0.364 0.364 0.3435 0.3435 0.3865 0.3865 0.3985 0.3985 0.3985 0.3895 0.3895 0.4035 0.4035 0.4035 0.4035 0.4035 0.352 0.352 0.45 0.45 0.443 0.443 0.443 0.3845 0.3845 0.363 0.363 0.3185
-1 -1 -1 -1 -1 -1 -1 -1 -1 -1 -1 -1 -1 -1 -1 -1 -1 -1 -1 -1 -1 0.1601 0.1601 0.1975 0.1975 0.346 0.346 0.346 0.3615 0.3615 0.4025 0.4025 0.324 0.324 0.324 0.3215 0.3215 0.3355 0.3355 0.336 0.336 0.336 0.3325 0.3325 0.333 0.333 0.3615 0.3615 0.3615 0.364 0.364 0.3435 0.3435 0.3865 0.3865 0.3985 0.3985 0.3985 0.3895 0.3895 0.4035 0.4035 0.4035 0.4035 0.4035 0.352 0.352 0.45 0.45 0.443 0.443 0.443 0.3845 0.3845 0.363 0.363 0.3185
-1 -1 -1 -1 -1 -1 -1 -1 -1 -1 -1 -1 -1 -1 -1 -1 -1 -1 -1 -1 -1 0.1437 0.1437 0.0981 0.0981 0.254 0.254 0.254 0.405 0.405 0.414 0.414 0.405 0.405 0.405 0.3825 0.3825 0.306 0.306 0.283 0.283 0.283 0.336 0.336 0.364 0.364 0.418 0.418 0.418 0.401 0.401 0.3735 0.3735 0.392 0.392 0.419 0.419 0.419 0.38 0.38 0.3975 0.3975 0.3975 0.3975 0.3975 0.4085 0.4085 0.407 0.407 0.416 0.416 0.416 0.3505 0.3505 0.382 0.382 0.379
-1 -1 -1 -1 -1 -1 -1 -1 -1 -1 -1 -1 -1 -1 -1 -1 -1 -1 -1 -1 -1 0.1437 0.1437 0.0981 0.0981 0.254 0.254 0.254 0.405 0.405 0.414 0.414 0.405 0.405 0.405 0.3825 0.3825 0.306 0.306 0.283 0.283 0.283 0.336 0.336 0.364 0.364 0.418 0.418 0.418 0.401 0.401 0.3735 0.3735 0.392 0.392 0.419 0.419 0.419 0.38 0.38 0.3975 0.3975 0.3975 0.3975 0.3975 0.4085 0.4085 0.407 0.407 0.416 0.416 0.416 0.3505 0.3505 0.382 0.382 0.379
-1 -1 -1 -1 -1 -1 -1 -1 -1 -1 -1 -1 -1 -1 -1 -1 -1 -1 -1 -1 -1 0.1437 0.1437 0.0981 0.0981 0.254 0.254 0.254 0.405 0.405 0.414 0.414 0.405 0.405 0.405 0.3825 0.3825 0.306 0.306 0.283 0.283 0.283 0.336 0.336 0.364 0.364 0.418 0.418 0.418 0.401 0.401 0.3735 0.3735 0.392 0.392 0.419 0.419 0.419 0.38 0.38 0.3975 0.3975 0.3975 0.3975 0.3975 0.4085 0.4085 0.407 0.407 0.416 0.416 0.416 0.3505 0.3505 0.382 0.382 0.379
-1 -1 -1 -1 -1 -1 -1 -1 -1 -1 -1 -1 -1 -1 -1 -1 -1 -1 -1 -1 -1 -1 -1 0.1757 0.1757 0.1675 0.1675 0.1675 0.32 0.32 0.4545 0.4545 0.417 0.417 0.417 0.365 0.365 0.1945 0.1945 0.1845 0.1845 0.1845 0.2815 0.2815 0.3815 0.3815 0.416 0.416 0.416 0.395 0.395 0.3845 0.3845 0.417 0.417 0.411 0.411 0.411 0.3855 0.3855 0.3915 0.3915 0.3915 0.3915 0.3915 0.376 0.376 0.3765 0.3765 0.408 0.408 0.408 0.4055 0.4055 0.4075 0.4075 0.387
-1 -1 -1 -1 -1 -1 -1 -1 -1 -1 -1 -1 -1 -1 -1 -1 -1 -1 -1 -1 -1 -1 -1 0.1757 0.1757 0.1675 0.1675 0.1675 0.32 0.32 0.4545 0.4545 0.417 0.417 0.417 0.365 0.365 0.1945 0.1945 0.1845 0.1845 0.1845 0.2815 0.2815 0.3815 0.3815 0.416 0.416 0.416 0.395 0.395 0.3845 0.3845 0.417 0.417 0.411 0.411 0.411 0.3855 0.3855 0.3915 0.3915 0.3915 0.3915 0.3915 0.376 0.376 0.3765 0.3765 0.408 0.408 0.408 0.4055 0.4055 0.4075 0.4075 0.387
-1 -1 -1 -1 -1 -1 -1 -1 -1 -1 -1 -1 -1 -1 -1 -1 -1 -1 -1 -1 -1 -1 -1 -1 -1 0.098 0.098 0.098 0.2055 0.2055 0.3095 0.3095 0.293 0.293 0.293 0.2675 0.2675 0.1605 0.1605 0.1455 0.1455 0.1455 0.301 0.301 0.357 0.357 0.5145 0.5145 0.5145 0.3615 0.3615 0.416 0.416 0.438 0.438 0.4285 0.4285 0.4285 0.485 0.485 0.4255 0.4255 0.4255 0.4255 0.4255 0.379 0.379 0.396 0.396 0.3795 0.3795 0.3795 0.3685 0.3685 0.3505 0.3505 0.387
-1 -1 -1 -1 -1 -1 -1 -1 -1 -1 -1 -1 -1 -1 -1 -1 -1 -1 -1 -1 -1 -1 -1 -1 -1 0.098 0.098 0.098 0.2055 0.2055 0.3095 0.3095 0.293 0.293 0.293 0.2675 0.2675 0.1605 0.1605 0.1455 0.1455 0.1455 0.301 0.301 0.357 0.357 0.5145 0.5145 0.5145 0.3615 0.3615 0.416 0.416 0.438 0.438 0.4285 0.4285 0.4285 0.485 0.485 0.4255 0.4255 0.4255 0.4255 0.4255 0.379 0.379 0.396 0.396 0.3795 0.3795 0.3795 0.3685 0.3685 0.3505 0.3505 0.387
-1 -1 -1 -1 -1 -1 -1 -1 -1 -1 -1 -1 -1 -1 -1 -1 -1 -1 -1 -1 -1 -1 -1 -1 -1 0.0877 0.0877 0.0877 0.096 0.096 0.245 0.245 0.2425 0.2425 0.2425 0.29 0.29 0.1555 0.1555 0.2715 0.2715 0.2715 0.3565 0.3565 0.364 0.364 0.396 0.396 0.396 0.3475 0.3475 0.431 0.431 0.457 0.457 0.424 0.424 0.424 0.425 0.425 0.4075 0.4075 0.4075 0.4075 0.4075 0.3865 0.3865 0.3705 0.3705 0.3755 0.3755 0.3755 0.3975 0.3975 0.3435 0.3435 0.373
-1 -1 -1 -1 -1 -1 -1 -1 -1 -1 -1 -1 -1 -1 -1 -1 -1 -1 -1 -1 -1 -1 -1 -1 -1 0.0877 0.0877 0.0877 0.096 0.096 0.245 0.245 0.2425 0.2425 0.2425 0.29 0.29 0.1555 0.1555 0.2715 0.2715 0.2715 0.3565 0.3565 0.364 0.364 0.396 0.396 0.396 0.3475 0.3475 0.431 0.431 0.457 0.457 0.424 0.424 0.424 0.425 0.425 0.4075 0.4075 0.4075 0.4075 0.4075 0.3865 0.3865 0.3705 0.3705 0.3755 0.3755 0.3755 0.3975 0.3975 0.3435 0.3435 0.373
-1 -1 -1 -1 -1 -1 -1 -1 -1 -1 -1 -1 -1 -1 -1 -1 -1 -1 -1 -1 -1 -1 -1 -1 -1 0.0877 0.0877 0.0877 0.096 0.096 0.245 0.245 0.2425 0.2425 0.2425 0.29 0.29 0.1555 0.1555 0.2715 0.2715 0.2715 0.3565 0.3565 0.364 0.364 0.396 0.396 0.396 0.3475 0.3475 0.431 0.431 0.457 0.457 0.424 0.424 0.424 0.425 0.425 0.4075 0.4075 0.4075 0.4075 0.4075 0.3865 0.3865 0.3705 0.3705 0.3755 0.3755 0.3755 0.3975 0.3975 0.3435 0.3435 0.373
