ndvi/NOAA-45.asc
ncols         252
nrows         154
xllcorner     -18.017974
yllcorner     13.481982
cellsize      0.035948
NODATA_value  -9999
[rows 68 to 101 of 154, columns 77 to 153 of 252]
0.243 0.243 0.2545 0.2545 0.2345 0.2345 0.2525 0.2525 0.2525 0.29 0.29 0.279 0.279 0.2825 0.2825 0.2955 0.2955 0.2955 0.2585 0.2585 0.2535 0.2535 0.2335 0.2335 0.2335 0.207 0.207 0.2465 0.2465 0.204 0.204 0.204 0.2585 0.2585 0.279 0.279 0.3055 0.3055 0.3055 0.3095 0.3095 0.2855 0.2855 0.2345 0.2345 0.2345 0.17 0.17 0.201 0.201 0.2325 0.2325 0.2515 0.2515 0.2515 0.2635 0.2635 0.255 0.255 0.2805 0.2805 0.2805 0.2975 0.2975 0.312 0.312 0.336 0.336 0.336 0.3235 0.3235 0.2535 0.2535 0.2215 0.2215 0.2215 0.165
0.2505 0.2505 0.276 0.276 0.252 0.252 0.237 0.237 0.237 0.2805 0.2805 0.307 0.307 0.3055 0.3055 0.2765 0.2765 0.2765 0.198 0.198 0.213 0.213 0.22 0.22 0.22 0.2085 0.2085 0.205 0.205 0.2535 0.2535 0.2535 0.2655 0.2655 0.2535 0.2535 0.2345 0.2345 0.2345 0.27 0.27 0.264 0.264 0.269 0.269 0.269 0.2255 0.2255 0.2105 0.2105 0.2315 0.2315 0.2395 0.2395 0.2395 0.29 0.29 0.264 0.264 0.3185 0.3185 0.3185 0.369 0.369 0.3445 0.3445 0.324 0.324 0.324 0.275 0.275 0.2955 0.2955 0.268 0.268 0.268 0.2095
0.2505 0.2505 0.276 0.276 0.252 0.252 0.237 0.237 0.237 0.2805 0.2805 0.307 0.307 0.3055 0.3055 0.2765 0.2765 0.2765 0.198 0.198 0.213 0.213 0.22 0.22 0.22 0.2085 0.2085 0.205 0.205 0.2535 0.2535 0.2535 0.2655 0.2655 0.2535 0.2535 0.2345 0.2345 0.2345 0.27 0.27 0.264 0.264 0.269 0.269 0.269 0.2255 0.2255 0.2105 0.2105 0.2315 0.2315 0.2395 0.2395 0.2395 0.29 0.29 0.264 0.264 0.3185 0.3185 0.3185 0.369 0.369 0.3445 0.3445 0.324 0.324 0.324 0.275 0.275 0.2955 0.2955 0.268 0.268 0.268 0.2095
0.2885 0.2885 0.28 0.28 0.264 0.264 0.279 0.279 0.279 0.2705 0.2705 0.2795 0.2795 0.329 0.329 0.314 0.314 0.314 0.2375 0.2375 0.212 0.212 0.203 0.203 0.203 0.2395 0.2395 0.259 0.259 0.2495 0.2495 0.2495 0.2205 0.2205 0.2255 0.2255 0.2875 0.2875 0.2875 0.3155 0.3155 0.3145 0.3145 0.2615 0.2615 0.2615 0.1845 0.1845 0.1875 0.1875 0.223 0.223 0.286 0.286 0.286 0.302 0.302 0.3285 0.3285 0.313 0.313 0.313 0.3375 0.3375 0.339 0.339 0.2695 0.2695 0.2695 0.34 0.34 0.315 0.315 0.299 0.299 0.299 0.2215
0.2885 0.2885 0.28 0.28 0.264 0.264 0.279 0.279 0.279 0.2705 0.2705 0.2795 0.2795 0.329 0.329 0.314 0.314 0.314 0.2375 0.2375 0.212 0.212 0.203 0.203 0.203 0.2395 0.2395 0.259 0.259 0.2495 0.2495 0.2495 0.2205 0.2205 0.2255 0.2255 0.2875 0.2875 0.2875 0.3155 0.3155 0.3145 0.3145 0.2615 0.2615 0.2615 0.1845 0.1845 0.1875 0.1875 0.223 0.223 0.286 0.286 0.286 0.302 0.302 0.3285 0.3285 0.313 0.313 0.313 0.3375 0.3375 0.339 0.339 0.2695 0.2695 0.2695 0.34 0.34 0.315 0.315 0.299 0.299 0.299 0.2215
0.2885 0.2885 0.28 0.28 0.264 0.264 0.279 0.279 0.279 0.2705 0.2705 0.2795 0.2795 0.329 0.329 0.314 0.314 0.314 0.2375 0.2375 0.212 0.212 0.203 0.203 0.203 0.2395 0.2395 0.259 0.259 0.2495 0.2495 0.2495 0.2205 0.2205 0.2255 0.2255 0.2875 0.2875 0.2875 0.3155 0.3155 0.3145 0.3145 0.2615 0.2615 0.2615 0.1845 0.1845 0.1875 0.1875 0.223 0.223 0.286 0.286 0.286 0.302 0.302 0.3285 0.3285 0.313 0.313 0.313 0.3375 0.3375 0.339 0.339 0.2695 0.2695 0.2695 0.34 0.34 0.315 0.315 0.299 0.299 0.299 0.2215
0.3275 0.3275 0.285 0.285 0.3 0.3 0.305 0.305 0.305 0.2965 0.2965 0.2695 0.2695 0.2405 0.2405 0.25 0.25 0.25 0.2435 0.2435 0.258 0.258 0.2805 0.2805 0.2805 0.268 0.268 0.2935 0.2935 0.2975 0.2975 0.2975 0.2545 0.2545 0.227 0.227 0.2555 0.2555 0.2555 0.2625 0.2625 0.232 0.232 0.183 0.183 0.183 0.2025 0.2025 0.295 0.295 0.296 0.296 0.2995 0.2995 0.2995 0.325 0.325 0.2995 0.2995 0.2945 0.2945 0.2945 0.3125 0.3125 0.2815 0.2815 0.287 0.287 0.287 0.3165 0.3165 0.2845 0.2845 0.2195 0.2195 0.2195 0.239
0.3275 0.3275 0.285 0.285 0.3 0.3 0.305 0.305 0.305 0.2965 0.2965 0.2695 0.2695 0.2405 0.2405 0.25 0.25 0.25 0.2435 0.2435 0.258 0.258 0.2805 0.2805 0.2805 0.268 0.268 0.2935 0.2935 0.2975 0.2975 0.2975 0.2545 0.2545 0.227 0.227 0.2555 0.2555 0.2555 0.2625 0.2625 0.232 0.232 0.183 0.183 0.183 0.2025 0.2025 0.295 0.295 0.296 0.296 0.2995 0.2995 0.2995 0.325 0.325 0.2995 0.2995 0.2945 0.2945 0.2945 0.3125 0.3125 0.2815 0.2815 0.287 0.287 0.287 0.3165 0.3165 0.2845 0.2845 0.2195 0.2195 0.2195 0.239
0.3835 0.3835 0.332 0.332 0.41 0.41 0.401 0.401 0.401 0.2895 0.2895 0.263 0.263 0.249 0.249 0.2145 0.2145 0.2145 0.22 0.22 0.209 0.209 0.2415 0.2415 0.2415 0.243 0.243 0.244 0.244 0.243 0.243 0.243 0.249 0.249 0.2725 0.2725 0.2465 0.2465 0.2465 0.2505 0.2505 0.223 0.223 0.2005 0.2005 0.2005 0.2465 0.2465 0.269 0.269 0.26 0.26 0.2485 0.2485 0.2485 0.24 0.24 0.254 0.254 0.3105 0.3105 0.3105 0.311 0.311 0.2715 0.2715 0.2755 0.2755 0.2755 0.2385 0.2385 0.1905 0.1905 0.1266 0.1266 0.1266 0.1805
0.3835 0.3835 0.332 0.332 0.41 0.41 0.401 0.401 0.401 0.2895 0.2895 0.263 0.263 0.249 0.249 0.2145 0.2145 0.2145 0.22 0.22 0.209 0.209 0.2415 0.2415 0.2415 0.243 0.243 0.244 0.244 0.243 0.243 0.243 0.249 0.249 0.2725 0.2725 0.2465 0.2465 0.2465 0.2505 0.2505 0.223 0.223 0.2005 0.2005 0.2005 0.2465 0.2465 0.269 0.269 0.26 0.26 0.2485 0.2485 0.2485 0.24 0.24 0.254 0.254 0.3105 0.3105 0.3105 0.311 0.311 0.2715 0.2715 0.2755 0.2755 0.2755 0.2385 0.2385 0.1905 0.1905 0.1266 0.1266 0.1266 0.1805
0.4375 0.4375 0.394 0.394 0.4265 0.4265 0.369 0.369 0.369 0.3095 0.3095 0.297 0.297 0.251 0.251 0.2085 0.2085 0.2085 0.2445 0.2445 0.1985 0.1985 0.2275 0.2275 0.2275 0.2565 0.2565 0.2495 0.2495 0.262 0.262 0.262 0.306 0.306 0.342 0.342 0.3235 0.3235 0.3235 0.2565 0.2565 0.2315 0.2315 0.203 0.203 0.203 0.203 0.203 0.2555 0.2555 0.2695 0.2695 0.242 0.242 0.242 0.2215 0.2215 0.245 0.245 0.3235 0.3235 0.3235 0.305 0.305 0.3935 0.3935 0.2315 0.2315 0.2315 0.2185 0.2185 0.222 0.222 0.186 0.186 0.186 0.1805
0.4375 0.4375 0.394 0.394 0.4265 0.4265 0.369 0.369 0.369 0.3095 0.3095 0.297 0.297 0.251 0.251 0.2085 0.2085 0.2085 0.2445 0.2445 0.1985 0.1985 0.2275 0.2275 0.2275 0.2565 0.2565 0.2495 0.2495 0.262 0.262 0.262 0.306 0.306 0.342 0.342 0.3235 0.3235 0.3235 0.2565 0.2565 0.2315 0.2315 0.203 0.203 0.203 0.203 0.203 0.2555 0.2555 0.2695 0.2695 0.242 0.242 0.242 0.2215 0.2215 0.245 0.245 0.3235 0.3235 0.3235 0.305 0.305 0.3935 0.3935 0.2315 0.2315 0.2315 0.2185 0.2185 0.222 0.222 0.186 0.186 0.186 0.1805
0.4205 0.4205 0.4095 0.4095 0.4505 0.4505 0.419 0.419 0.419 0.3745 0.3745 0.341 0.341 0.2785 0.2785 0.2275 0.2275 0.2275 0.269 0.269 0.2235 0.2235 0.259 0.259 0.259 0.2795 0.2795 0.262 0.262 0.3225 0.3225 0.3225 0.3715 0.3715 0.384 0.384 0.405 0.405 0.405 0.288 0.288 0.2955 0.2955 0.217 0.217 0.217 0.228 0.228 0.2215 0.2215 0.2565 0.2565 0.226 0.226 0.226 0.2135 0.2135 0.2185 0.2185 0.249 0.249 0.249 0.252 0.252 0.234 0.234 0.2205 0.2205 0.2205 0.1815 0.1815 0.2355 0.2355 0.152 0.152 0.152 0.184
0.4205 0.4205 0.4095 0.4095 0.4505 0.4505 0.419 0.419 0.419 0.3745 0.3745 0.341 0.341 0.2785 0.2785 0.2275 0.2275 0.2275 0.269 0.269 0.2235 0.2235 0.259 0.259 0.259 0.2795 0.2795 0.262 0.262 0.3225 0.3225 0.3225 0.3715 0.3715 0.384 0.384 0.405 0.405 0.405 0.288 0.288 0.2955 0.2955 0.217 0.217 0.217 0.228 0.228 0.2215 0.2215 0.2565 0.2565 0.226 0.226 0.226 0.2135 0.2135 0.2185 0.2185 0.249 0.249 0.249 0.252 0.252 0.234 0.234 0.2205 0.2205 0.2205 0.1815 0.1815 0.2355 0.2355 0.152 0.152 0.152 0.184
0.4205 0.4205 0.4095 0.4095 0.4505 0.4505 0.419 0.419 0.419 0.3745 0.3745 0.341 0.341 0.2785 0.2785 0.2275 0.2275 0.2275 0.269 0.269 0.2235 0.2235 0.259 0.259 0.259 0.2795 0.2795 0.262 0.262 0.3225 0.3225 0.3225 0.3715 0.3715 0.384 0.384 0.405 0.405 0.405 0.288 0.288 0.2955 0.2955 0.217 0.217 0.217 0.228 0.228 0.2215 0.2215 0.2565 0.2565 0.226 0.226 0.226 0.2135 0.2135 0.2185 0.2185 0.249 0.249 0.249 0.252 0.252 0.234 0.234 0.2205 0.2205 0.2205 0.1815 0.1815 0.2355 0.2355 0.152 0.152 0.152 0.184
0.3905 0.3905 0.3945 0.3945 0.412 0.412 0.4 0.4 0.4 0.366 0.366 0.3305 0.3305 0.2845 0.2845 0.289 0.289 0.289 0.2785 0.2785 0.27 0.27 0.29 0.29 0.29 0.299 0.299 0.305 0.305 0.3405 0.3405 0.3405 0.3275 0.3275 0.3235 0.3235 0.3155 0.3155 0.3155 0.2665 0.2665 0.299 0.299 0.311 0.311 0.311 0.336 0.336 0.254 0.254 0.296 0.296 0.279 0.279 0.279 0.2355 0.2355 0.2735 0.2735 0.245 0.245 0.245 0.2605 0.2605 0.2215 0.2215 0.202 0.202 0.202 0.2075 0.2075 0.213 0.213 0.185 0.185 0.185 0.1545
0.3905 0.3905 0.3945 0.3945 0.412 0.412 0.4 0.4 0.4 0.366 0.366 0.3305 0.3305 0.2845 0.2845 0.289 0.289 0.289 0.2785 0.2785 0.27 0.27 0.29 0.29 0.29 0.299 0.299 0.305 0.305 0.3405 0.3405 0.3405 0.3275 0.3275 0.3235 0.3235 0.3155 0.3155 0.3155 0.2665 0.2665 0.299 0.299 0.311 0.311 0.311 0.336 0.336 0.254 0.254 0.296 0.296 0.279 0.279 0.279 0.2355 0.2355 0.2735 0.2735 0.245 0.245 0.245 0.2605 0.2605 0.2215 0.2215 0.202 0.202 0.202 0.2075 0.2075 0.213 0.213 0.185 0.185 0.185 0.1545
0.413 0.413 0.427 0.427 0.4065 0.4065 0.3915 0.3915 0.3915 0.3905 0.3905 0.352 0.352 0.316 0.316 0.3115 0.3115 0.3115 0.317 0.317 0.3235 0.3235 0.3725 0.3725 0.3725 0.2735 0.2735 0.312 0.312 0.312 0.312 0.312 0.274 0.274 0.328 0.328 0.2675 0.2675 0.2675 0.254 0.254 0.29 0.29 0.3135 0.3135 0.3135 0.318 0.318 0.3015 0.3015 0.2875 0.2875 0.335 0.335 0.335 0.3285 0.3285 0.3305 0.3305 0.3035 0.3035 0.3035 0.259 0.259 0.297 0.297 0.2195 0.2195 0.2195 0.225 0.225 0.2465 0.2465 0.18 0.18 0.18 0.176
0.413 0.413 0.427 0.427 0.4065 0.4065 0.3915 0.3915 0.3915 0.3905 0.3905 0.352 0.352 0.316 0.316 0.3115 0.3115 0.3115 0.317 0.317 0.3235 0.3235 0.3725 0.3725 0.3725 0.2735 0.2735 0.312 0.312 0.312 0.312 0.312 0.274 0.274 0.328 0.328 0.2675 0.2675 0.2675 0.254 0.254 0.29 0.29 0.3135 0.3135 0.3135 0.318 0.318 0.3015 0.3015 0.2875 0.2875 0.335 0.335 0.335 0.3285 0.3285 0.3305 0.3305 0.3035 0.3035 0.3035 0.259 0.259 0.297 0.297 0.2195 0.2195 0.2195 0.225 0.225 0.2465 0.2465 0.18 0.18 0.18 0.176
0.4875 0.4875 0.489 0.489 0.46 0.46 0.4225 0.4225 0.4225 0.4475 0.4475 0.423 0.423 0.393 0.393 0.3625 0.3625 0.3625 0.3215 0.3215 0.3175 0.3175 0.3145 0.3145 0.3145 0.3 0.3 0.325 0.325 0.3425 0.3425 0.3425 0.3015 0.3015 0.4175 0.4175 0.42 0.42 0.42 0.337 0.337 0.308 0.308 0.2875 0.2875 0.2875 0.311 0.311 0.324 0.324 0.2815 0.2815 0.2965 0.2965 0.2965 0.2605 0.2605 0.318 0.318 0.321 0.321 0.321 0.335 0.335 0.356 0.356 0.226 0.226 0.226 0.248 0.248 0.238 0.238 0.217 0.217 0.217 0.217
0.4875 0.4875 0.489 0.489 0.46 0.46 0.4225 0.4225 0.4225 0.4475 0.4475 0.423 0.423 0.393 0.393 0.3625 0.3625 0.3625 0.3215 0.3215 0.3175 0.3175 0.3145 0.3145 0.3145 0.3 0.3 0.325 0.325 0.3425 0.3425 0.3425 0.3015 0.3015 0.4175 0.4175 0.42 0.42 0.42 0.337 0.337 0.308 0.308 0.2875 0.2875 0.2875 0.311 0.311 0.324 0.324 0.2815 0.2815 0.2965 0.2965 0.2965 0.2605 0.2605 0.318 0.318 0.321 0.321 0.321 0.335 0.335 0.356 0.356 0.226 0.226 0.226 0.248 0.248 0.238 0.238 0.217 0.217 0.217 0.217
0.4875 0.4875 0.489 0.489 0.46 0.46 0.4225 0.4225 0.4225 0.4475 0.4475 0.423 0.423 0.393 0.393 0.3625 0.3625 0.3625 0.3215 0.3215 0.3175 0.3175 0.3145 0.3145 0.3145 0.3 0.3 0.325 0.325 0.3425 0.3425 0.3425 0.3015 0.3015 0.4175 0.4175 0.42 0.42 0.42 0.337 0.337 0.308 0.308 0.2875 0.2875 0.2875 0.311 0.311 0.324 0.324 0.2815 0.2815 0.2965 0.2965 0.2965 0.2605 0.2605 0.318 0.318 0.321 0.321 0.321 0.335 0.335 0.356 0.356 0.226 0.226 0.226 0.248 0.248 0.238 0.238 0.217 0.217 0.217 0.217
0.453 0.453 0.487 0.487 0.426 0.426 0.3355 0.3355 0.3355 0.377 0.377 0.369 0.369 0.337 0.337 0.3015 0.3015 0.3015 0.312 0.312 0.3185 0.3185 0.3205 0.3205 0.3205 0.361 0.361 0.3355 0.3355 0.317 0.317 0.317 0.2885 0.2885 0.28 0.28 0.292 0.292 0.292 0.2545 0.2545 0.2845 0.2845 0.297 0.297 0.297 0.347 0.347 0.317 0.317 0.3075 0.3075 0.2915 0.2915 0.2915 0.297 0.297 0.3175 0.3175 0.3245 0.3245 0.3245 0.3945 0.3945 0.381 0.381 0.3175 0.3175 0.3175 0.2505 0.2505 0.2455 0.2455 0.305 0.305 0.305 0.242
0.453 0.453 0.487 0.487 0.426 0.426 0.3355 0.3355 0.3355 0.377 0.377 0.369 0.369 0.337 0.337 0.3015 0.3015 0.3015 0.312 0.312 0.3185 0.3185 0.3205 0.3205 0.3205 0.361 0.361 0.3355 0.3355 0.317 0.317 0.317 0.2885 0.2885 0.28 0.28 0.292 0.292 0.292 0.2545 0.2545 0.2845 0.2845 0.297 0.297 0.297 0.347 0.347 0.317 0.317 0.3075 0.3075 0.2915 0.2915 0.2915 0.297 0.297 0.3175 0.3175 0.3245 0.3245 0.3245 0.3945 0.3945 0.381 0.381 0.3175 0.3175 0.3175 0.2505 0.2505 0.2455 0.2455 0.305 0.305 0.305 0.242
0.4795 0.4795 0.462 0.462 0.38 0.38 0.3525 0.3525 0.3525 0.4795 0.4795 0.3955 0.3955 0.3085 0.3085 0.2965 0.2965 0.2965 0.2755 0.2755 0.339 0.339 0.382 0.382 0.382 0.31 0.31 0.307 0.307 0.2845 0.2845 0.2845 0.287 0.287 0.292 0.292 0.3005 0.3005 0.3005 0.2845 0.2845 0.3245 0.3245 0.34 0.34 0.34 0.3675 0.3675 0.3605 0.3605 0.374 0.374 0.308 0.308 0.308 0.2905 0.2905 0.289 0.289 0.3415 0.3415 0.3415 0.381 0.381 0.3765 0.3765 0.371 0.371 0.371 0.3555 0.3555 0.302 0.302 0.3575 0.3575 0.3575 0.2705
0.4795 0.4795 0.462 0.462 0.38 0.38 0.3525 0.3525 0.3525 0.4795 0.4795 0.3955 0.3955 0.3085 0.3085 0.2965 0.2965 0.2965 0.2755 0.2755 0.339 0.339 0.382 0.382 0.382 0.31 0.31 0.307 0.307 0.2845 0.2845 0.2845 0.287 0.287 0.292 0.292 0.3005 0.3005 0.3005 0.2845 0.2845 0.3245 0.3245 0.34 0.34 0.34 0.3675 0.3675 0.3605 0.3605 0.374 0.374 0.308 0.308 0.308 0.2905 0.2905 0.289 0.289 0.3415 0.3415 0.3415 0.381 0.381 0.3765 0.3765 0.371 0.371 0.371 0.3555 0.3555 0.302 0.302 0.3575 0.3575 0.3575 0.2705
0.414 0.414 0.4105 0.4105 0.463 0.463 0.495 0.495 0.495 0.4515 0.4515 0.373 0.373 0.385 0.385 0.3045 0.3045 0.3045 0.32 0.32 0.313 0.313 0.327 0.327 0.327 0.3475 0.3475 0.333 0.333 0.347 0.347 0.347 0.3505 0.3505 0.3415 0.3415 0.342 0.342 0.342 0.3015 0.3015 0.31 0.31 0.323 0.323 0.323 0.351 0.351 0.3475 0.3475 0.357 0.357 0.354 0.354 0.354 0.2725 0.2725 0.309 0.309 0.332 0.332 0.332 0.357 0.357 0.3865 0.3865 0.408 0.408 0.408 0.3865 0.3865 0.368 0.368 0.3655 0.3655 0.3655 0.3135
0.414 0.414 0.4105 0.4105 0.463 0.463 0.495 0.495 0.495 0.4515 0.4515 0.373 0.373 0.385 0.385 0.3045 0.3045 0.3045 0.32 0.32 0.313 0.313 0.327 0.327 0.327 0.3475 0.3475 0.333 0.333 0.347 0.347 0.347 0.3505 0.3505 0.3415 0.3415 0.342 0.342 0.342 0.3015 0.3015 0.31 0.31 0.323 0.323 0.323 0.351 0.351 0.3475 0.3475 0.357 0.357 0.354 0.354 0.354 0.2725 0.2725 0.309 0.309 0.332 0.332 0.332 0.357 0.357 0.3865 0.3865 0.408 0.408 0.408 0.3865 0.3865 0.368 0.368 0.3655 0.3655 0.3655 0.3135
0.414 0.414 0.4105 0.4105 0.463 0.463 0.495 0.495 0.495 0.4515 0.4515 0.373 0.373 0.385 0.385 0.3045 0.3045 0.3045 0.32 0.32 0.313 0.313 0.327 0.327 0.327 0.3475 0.3475 0.333 0.333 0.347 0.347 0.347 0.3505 0.3505 0.3415 0.3415 0.342 0.342 0.342 0.3015 0.3015 0.31 0.31 0.323 0.323 0.323 0.351 0.351 0.3475 0.3475 0.357 0.357 0.354 0.354 0.354 0.2725 0.2725 0.309 0.309 0.332 0.332 0.332 0.357 0.357 0.3865 0.3865 0.408 0.408 0.408 0.3865 0.3865 0.368 0.368 0.3655 0.3655 0.3655 0.3135
0.4535 0.4535 0.4615 0.4615 0.442 0.442 0.459 0.459 0.459 0.41 0.41 0.391 0.391 0.36 0.36 0.338 0.338 0.338 0.354 0.354 0.3375 0.3375 0.4005 0.4005 0.4005 0.3985 0.3985 0.412 0.412 0.3775 0.3775 0.3775 0.3545 0.3545 0.343 0.343 0.3325 0.3325 0.3325 0.3515 0.3515 0.344 0.344 0.3375 0.3375 0.3375 0.317 0.317 0.3395 0.3395 0.3495 0.3495 0.3545 0.3545 0.3545 0.378 0.378 0.3925 0.3925 0.397 0.397 0.397 0.281 0.281 0.281 0.281 0.348 0.348 0.348 0.3815 0.3815 0.2725 0.2725 0.309 0.309 0.309 0.3425
0.4535 0.4535 0.4615 0.4615 0.442 0.442 0.459 0.459 0.459 0.41 0.41 0.391 0.391 0.36 0.36 0.338 0.338 0.338 0.354 0.354 0.3375 0.3375 0.4005 0.4005 0.4005 0.3985 0.3985 0.412 0.412 0.3775 0.3775 0.3775 0.3545 0.3545 0.343 0.343 0.3325 0.3325 0.3325 0.3515 0.3515 0.344 0.344 0.3375 0.3375 0.3375 0.317 0.317 0.3395 0.3395 0.3495 0.3495 0.3545 0.3545 0.3545 0.378 0.378 0.3925 0.3925 0.397 0.397 0.397 0.281 0.281 0.281 0.281 0.348 0.348 0.348 0.3815 0.3815 0.2725 0.2725 0.309 0.309 0.309 0.3425
0.5035 0.5035 0.3915 0.3915 0.384 0.384 0.456 0.456 0.456 0.4345 0.4345 0.447 0.447 0.4055 0.4055 0.392 0.392 0.392 0.3425 0.3425 0.3555 0.3555 0.376 0.376 0.376 0.418 0.418 0.4115 0.4115 0.41 0.41 0.41 0.3975 0.3975 0.401 0.401 0.363 0.363 0.363 0.3385 0.3385 0.336 0.336 0.37 0.37 0.37 0.3795 0.3795 0.4035 0.4035 0.378 0.378 0.386 0.386 0.386 0.395 0.395 0.365 0.365 0.3655 0.3655 0.3655 0.3395 0.3395 0.356 0.356 0.331 0.331 0.331 0.418 0.418 0.449 0.449 0.3945 0.3945 0.3945 0.417
0.5035 0.5035 0.3915 0.3915 0.384 0.384 0.456 0.456 0.456 0.4345 0.4345 0.447 0.447 0.4055 0.4055 0.392 0.392 0.392 0.3425 0.3425 0.3555 0.3555 0.376 0.376 0.376 0.418 0.418 0.4115 0.4115 0.41 0.41 0.41 0.3975 0.3975 0.401 0.401 0.363 0.363 0.363 0.3385 0.3385 0.336 0.336 0.37 0.37 0.37 0.3795 0.3795 0.4035 0.4035 0.378 0.378 0.386 0.386 0.386 0.395 0.395 0.365 0.365 0.3655 0.3655 0.3655 0.3395 0.3395 0.356 0.356 0.331 0.331 0.331 0.418 0.418 0.449 0.449 0.3945 0.3945 0.3945 0.417
0.4755 0.4755 0.4965 0.4965 0.4955 0.4955 0.4525 0.4525 0.4525 0.4925 0.4925 0.432 0.432 0.376 0.376 0.356 0.356 0.356 0.406 0.406 0.4615 0.4615 0.4485 0.4485 0.4485 0.453 0.453 0.4895 0.4895 0.4525 0.4525 0.4525 0.4425 0.4425 0.541 0.541 0.43 0.43 0.43 0.4105 0.4105 0.3835 0.3835 0.4205 0.4205 0.4205 0.458 0.458 0.3995 0.3995 0.3995 0.3995 0.4365 0.4365 0.4365 0.385 0.385 0.345 0.345 0.3475 0.3475 0.3475 0.3775 0.3775 0.4605 0.4605 0.423 0.423 0.423 0.456 0.456 0.4475 0.4475 0.396 0.396 0.396 0.359
