ndvi/NOAA-334.asc
ncols         252
nrows         154
xllcorner     -18.017974
yllcorner     13.481982
cellsize      0.035948
NODATA_value  -9999
[rows 34 to 67 of 154, columns 78 to 155 of 252]
0.162 0.153 0.153 0.148 0.148 0.14 0.14 0.14 0.148 0.148 0.1635 0.1635 0.1705 0.1705 0.1765 0.1765 0.1765 0.1655 0.1655 0.172 0.172 0.1765 0.1765 0.1765 0.177 0.177 0.1745 0.1745 0.169 0.169 0.169 0.1635 0.1635 0.1705 0.1705 0.17 0.17 0.17 0.184 0.184 0.216 0.216 0.207 0.207 0.207 0.1975 0.1975 0.1905 0.1905 0.2135 0.2135 0.2115 0.2115 0.2115 0.193 0.193 0.222 0.222 0.189 0.189 0.189 0.202 0.202 0.213 0.213 0.221 0.221 0.221 0.2015 0.2015 0.1715 0.1715 0.1425 0.1425 0.1425 0.132 0.132 0.1365
0.162 0.153 0.153 0.148 0.148 0.14 0.14 0.14 0.148 0.148 0.1635 0.1635 0.1705 0.1705 0.1765 0.1765 0.1765 0.1655 0.1655 0.172 0.172 0.1765 0.1765 0.1765 0.177 0.177 0.1745 0.1745 0.169 0.169 0.169 0.1635 0.1635 0.1705 0.1705 0.17 0.17 0.17 0.184 0.184 0.216 0.216 0.207 0.207 0.207 0.1975 0.1975 0.1905 0.1905 0.2135 0.2135 0.2115 0.2115 0.2115 0.193 0.193 0.222 0.222 0.189 0.189 0.189 0.202 0.202 0.213 0.213 0.221 0.221 0.221 0.2015 0.2015 0.1715 0.1715 0.1425 0.1425 0.1425 0.132 0.132 0.1365
0.162 0.153 0.153 0.148 0.148 0.14 0.14 0.14 0.148 0.148 0.1635 0.1635 0.1705 0.1705 0.1765 0.1765 0.1765 0.1655 0.1655 0.172 0.172 0.1765 0.1765 0.1765 0.177 0.177 0.1745 0.1745 0.169 0.169 0.169 0.1635 0.1635 0.1705 0.1705 0.17 0.17 0.17 0.184 0.184 0.216 0.216 0.207 0.207 0.207 0.1975 0.1975 0.1905 0.1905 0.2135 0.2135 0.2115 0.2115 0.2115 0.193 0.193 0.222 0.222 0.189 0.189 0.189 0.202 0.202 0.213 0.213 0.221 0.221 0.221 0.2015 0.2015 0.1715 0.1715 0.1425 0.1425 0.1425 0.132 0.132 0.1365
0.213 0.175 0.175 0.1775 0.1775 0.17 0.17 0.17 0.1575 0.1575 0.1595 0.1595 0.1545 0.1545 0.154 0.154 0.154 0.172 0.172 0.207 0.207 0.203 0.203 0.203 0.184 0.184 0.2115 0.2115 0.203 0.203 0.203 0.1905 0.1905 0.184 0.184 0.181 0.181 0.181 0.196 0.196 0.2255 0.2255 0.236 0.236 0.236 0.229 0.229 0.2525 0.2525 0.2355 0.2355 0.225 0.225 0.225 0.248 0.248 0.221 0.221 0.305 0.305 0.305 0.2495 0.2495 0.217 0.217 0.1975 0.1975 0.1975 0.2425 0.2425 0.131 0.131 0.1275 0.1275 0.1275 0.1195 0.1195 0.1555
0.213 0.175 0.175 0.1775 0.1775 0.17 0.17 0.17 0.1575 0.1575 0.1595 0.1595 0.1545 0.1545 0.154 0.154 0.154 0.172 0.172 0.207 0.207 0.203 0.203 0.203 0.184 0.184 0.2115 0.2115 0.203 0.203 0.203 0.1905 0.1905 0.184 0.184 0.181 0.181 0.181 0.196 0.196 0.2255 0.2255 0.236 0.236 0.236 0.229 0.229 0.2525 0.2525 0.2355 0.2355 0.225 0.225 0.225 0.248 0.248 0.221 0.221 0.305 0.305 0.305 0.2495 0.2495 0.217 0.217 0.1975 0.1975 0.1975 0.2425 0.2425 0.131 0.131 0.1275 0.1275 0.1275 0.1195 0.1195 0.1555
0.209 0.1825 0.1825 0.165 0.165 0.169 0.169 0.169 0.177 0.177 0.1725 0.1725 0.1695 0.1695 0.176 0.176 0.176 0.1895 0.1895 0.207 0.207 0.2145 0.2145 0.2145 0.19 0.19 0.192 0.192 0.2105 0.2105 0.2105 0.212 0.212 0.197 0.197 0.221 0.221 0.221 0.2095 0.2095 0.237 0.237 0.264 0.264 0.264 0.268 0.268 0.273 0.273 0.244 0.244 0.265 0.265 0.265 0.2365 0.2365 0.256 0.256 0.2835 0.2835 0.2835 0.2295 0.2295 0.256 0.256 0.207 0.207 0.207 0.158 0.158 0.142 0.142 0.154 0.154 0.154 0.133 0.133 0.1215
0.209 0.1825 0.1825 0.165 0.165 0.169 0.169 0.169 0.177 0.177 0.1725 0.1725 0.1695 0.1695 0.176 0.176 0.176 0.1895 0.1895 0.207 0.207 0.2145 0.2145 0.2145 0.19 0.19 0.192 0.192 0.2105 0.2105 0.2105 0.212 0.212 0.197 0.197 0.221 0.221 0.221 0.2095 0.2095 0.237 0.237 0.264 0.264 0.264 0.268 0.268 0.273 0.273 0.244 0.244 0.265 0.265 0.265 0.2365 0.2365 0.256 0.256 0.2835 0.2835 0.2835 0.2295 0.2295 0.256 0.256 0.207 0.207 0.207 0.158 0.158 0.142 0.142 0.154 0.154 0.154 0.133 0.133 0.1215
0.2035 0.1855 0.1855 0.178 0.178 0.186 0.186 0.186 0.182 0.182 0.19 0.19 0.2175 0.2175 0.2205 0.2205 0.2205 0.2125 0.2125 0.2075 0.2075 0.2 0.2 0.2 0.1885 0.1885 0.1965 0.1965 0.2045 0.2045 0.2045 0.208 0.208 0.1995 0.1995 0.234 0.234 0.234 0.2405 0.2405 0.26 0.26 0.2705 0.2705 0.2705 0.2565 0.2565 0.286 0.286 0.2595 0.2595 0.294 0.294 0.294 0.285 0.285 0.288 0.288 0.2595 0.2595 0.2595 0.231 0.231 0.2 0.2 0.149 0.149 0.149 0.171 0.171 0.155 0.155 0.1615 0.1615 0.1615 0.138 0.138 0.1465
0.2035 0.1855 0.1855 0.178 0.178 0.186 0.186 0.186 0.182 0.182 0.19 0.19 0.2175 0.2175 0.2205 0.2205 0.2205 0.2125 0.2125 0.2075 0.2075 0.2 0.2 0.2 0.1885 0.1885 0.1965 0.1965 0.2045 0.2045 0.2045 0.208 0.208 0.1995 0.1995 0.234 0.234 0.234 0.2405 0.2405 0.26 0.26 0.2705 0.2705 0.2705 0.2565 0.2565 0.286 0.286 0.2595 0.2595 0.294 0.294 0.294 0.285 0.285 0.288 0.288 0.2595 0.2595 0.2595 0.231 0.231 0.2 0.2 0.149 0.149 0.149 0.171 0.171 0.155 0.155 0.1615 0.1615 0.1615 0.138 0.138 0.1465
0.2035 0.1855 0.1855 0.178 0.178 0.186 0.186 0.186 0.182 0.182 0.19 0.19 0.2175 0.2175 0.2205 0.2205 0.2205 0.2125 0.2125 0.2075 0.2075 0.2 0.2 0.2 0.1885 0.1885 0.1965 0.1965 0.2045 0.2045 0.2045 0.208 0.208 0.1995 0.1995 0.234 0.234 0.234 0.2405 0.2405 0.26 0.26 0.2705 0.2705 0.2705 0.2565 0.2565 0.286 0.286 0.2595 0.2595 0.294 0.294 0.294 0.285 0.285 0.288 0.288 0.2595 0.2595 0.2595 0.231 0.231 0.2 0.2 0.149 0.149 0.149 0.171 0.171 0.155 0.155 0.1615 0.1615 0.1615 0.138 0.138 0.1465
0.201 0.2045 0.2045 0.212 0.212 0.229 0.229 0.229 0.2165 0.2165 0.223 0.223 0.2525 0.2525 0.2515 0.2515 0.2515 0.2495 0.2495 0.1705 0.1705 0.191 0.191 0.191 0.2105 0.2105 0.217 0.217 0.2125 0.2125 0.2125 0.224 0.224 0.2395 0.2395 0.252 0.252 0.252 0.2585 0.2585 0.2555 0.2555 0.2715 0.2715 0.2715 0.256 0.256 0.2355 0.2355 0.2685 0.2685 0.2665 0.2665 0.2665 0.2415 0.2415 0.2565 0.2565 0.2205 0.2205 0.2205 0.1785 0.1785 0.1865 0.1865 0.146 0.146 0.146 0.168 0.168 0.1455 0.1455 0.145 0.145 0.145 0.1495 0.1495 0.188
0.201 0.2045 0.2045 0.212 0.212 0.229 0.229 0.229 0.2165 0.2165 0.223 0.223 0.2525 0.2525 0.2515 0.2515 0.2515 0.2495 0.2495 0.1705 0.1705 0.191 0.191 0.191 0.2105 0.2105 0.217 0.217 0.2125 0.2125 0.2125 0.224 0.224 0.2395 0.2395 0.252 0.252 0.252 0.2585 0.2585 0.2555 0.2555 0.2715 0.2715 0.2715 0.256 0.256 0.2355 0.2355 0.2685 0.2685 0.2665 0.2665 0.2665 0.2415 0.2415 0.2565 0.2565 0.2205 0.2205 0.2205 0.1785 0.1785 0.1865 0.1865 0.146 0.146 0.146 0.168 0.168 0.1455 0.1455 0.145 0.145 0.145 0.1495 0.1495 0.188
0.201 0.246 0.246 0.232 0.232 0.2425 0.2425 0.2425 0.21 0.21 0.228 0.228 0.2275 0.2275 0.2445 0.2445 0.2445 0.2335 0.2335 0.183 0.183 0.1875 0.1875 0.1875 0.217 0.217 0.232 0.232 0.267 0.267 0.267 0.321 0.321 0.348 0.348 0.301 0.301 0.301 0.246 0.246 0.2435 0.2435 0.2435 0.2435 0.2435 0.284 0.284 0.275 0.275 0.2545 0.2545 0.253 0.253 0.253 0.2155 0.2155 0.2365 0.2365 0.199 0.199 0.199 0.227 0.227 0.189 0.189 0.189 0.189 0.189 0.2115 0.2115 0.2265 0.2265 0.2055 0.2055 0.2055 0.2115 0.2115 0.161
0.201 0.246 0.246 0.232 0.232 0.2425 0.2425 0.2425 0.21 0.21 0.228 0.228 0.2275 0.2275 0.2445 0.2445 0.2445 0.2335 0.2335 0.183 0.183 0.1875 0.1875 0.1875 0.217 0.217 0.232 0.232 0.267 0.267 0.267 0.321 0.321 0.348 0.348 0.301 0.301 0.301 0.246 0.246 0.2435 0.2435 0.2435 0.2435 0.2435 0.284 0.284 0.275 0.275 0.2545 0.2545 0.253 0.253 0.253 0.2155 0.2155 0.2365 0.2365 0.199 0.199 0.199 0.227 0.227 0.189 0.189 0.189 0.189 0.189 0.2115 0.2115 0.2265 0.2265 0.2055 0.2055 0.2055 0.2115 0.2115 0.161
0.262 0.26 0.26 0.2595 0.2595 0.242 0.242 0.242 0.2595 0.2595 0.233 0.233 0.2655 0.2655 0.288 0.288 0.288 0.2875 0.2875 0.2715 0.2715 0.2675 0.2675 0.2675 0.272 0.272 0.281 0.281 0.27 0.27 0.27 0.3985 0.3985 0.373 0.373 0.2375 0.2375 0.2375 0.2475 0.2475 0.2425 0.2425 0.1945 0.1945 0.1945 0.2515 0.2515 0.2305 0.2305 0.2835 0.2835 0.242 0.242 0.242 0.1865 0.1865 0.214 0.214 0.1815 0.1815 0.1815 0.228 0.228 0.2275 0.2275 0.185 0.185 0.185 0.2265 0.2265 0.207 0.207 0.1985 0.1985 0.1985 0.199 0.199 0.2035
0.262 0.26 0.26 0.2595 0.2595 0.242 0.242 0.242 0.2595 0.2595 0.233 0.233 0.2655 0.2655 0.288 0.288 0.288 0.2875 0.2875 0.2715 0.2715 0.2675 0.2675 0.2675 0.272 0.272 0.281 0.281 0.27 0.27 0.27 0.3985 0.3985 0.373 0.373 0.2375 0.2375 0.2375 0.2475 0.2475 0.2425 0.2425 0.1945 0.1945 0.1945 0.2515 0.2515 0.2305 0.2305 0.2835 0.2835 0.242 0.242 0.242 0.1865 0.1865 0.214 0.214 0.1815 0.1815 0.1815 0.228 0.228 0.2275 0.2275 0.185 0.185 0.185 0.2265 0.2265 0.207 0.207 0.1985 0.1985 0.1985 0.199 0.199 0.2035
0.262 0.26 0.26 0.2595 0.2595 0.242 0.242 0.242 0.2595 0.2595 0.233 0.233 0.2655 0.2655 0.288 0.288 0.288 0.2875 0.2875 0.2715 0.2715 0.2675 0.2675 0.2675 0.272 0.272 0.281 0.281 0.27 0.27 0.27 0.3985 0.3985 0.373 0.373 0.2375 0.2375 0.2375 0.2475 0.2475 0.2425 0.2425 0.1945 0.1945 0.1945 0.2515 0.2515 0.2305 0.2305 0.2835 0.2835 0.242 0.242 0.242 0.1865 0.1865 0.214 0.214 0.1815 0.1815 0.1815 0.228 0.228 0.2275 0.2275 0.185 0.185 0.185 0.2265 0.2265 0.207 0.207 0.1985 0.1985 0.1985 0.199 0.199 0.2035
0.197 0.2395 0.2395 0.2325 0.2325 0.2685 0.2685 0.2685 0.274 0.274 0.267 0.267 0.3055 0.3055 0.297 0.297 0.297 0.2855 0.2855 0.3175 0.3175 0.298 0.298 0.298 0.2915 0.2915 0.3395 0.3395 0.36 0.36 0.36 0.3015 0.3015 0.292 0.292 0.3025 0.3025 0.3025 0.226 0.226 0.2305 0.2305 0.1865 0.1865 0.1865 0.2075 0.2075 0.203 0.203 0.1965 0.1965 0.2335 0.2335 0.2335 0.2105 0.2105 0.209 0.209 0.223 0.223 0.223 0.2085 0.2085 0.2335 0.2335 0.2585 0.2585 0.2585 0.2305 0.2305 0.2575 0.2575 0.227 0.227 0.227 0.176 0.176 0.188
0.197 0.2395 0.2395 0.2325 0.2325 0.2685 0.2685 0.2685 0.274 0.274 0.267 0.267 0.3055 0.3055 0.297 0.297 0.297 0.2855 0.2855 0.3175 0.3175 0.298 0.298 0.298 0.2915 0.2915 0.3395 0.3395 0.36 0.36 0.36 0.3015 0.3015 0.292 0.292 0.3025 0.3025 0.3025 0.226 0.226 0.2305 0.2305 0.1865 0.1865 0.1865 0.2075 0.2075 0.203 0.203 0.1965 0.1965 0.2335 0.2335 0.2335 0.2105 0.2105 0.209 0.209 0.223 0.223 0.223 0.2085 0.2085 0.2335 0.2335 0.2585 0.2585 0.2585 0.2305 0.2305 0.2575 0.2575 0.227 0.227 0.227 0.176 0.176 0.188
0.2375 0.2815 0.2815 0.2835 0.2835 0.2695 0.2695 0.2695 0.284 0.284 0.27 0.27 0.2795 0.2795 0.2855 0.2855 0.2855 0.28 0.28 0.302 0.302 0.2955 0.2955 0.2955 0.314 0.314 0.299 0.299 0.3025 0.3025 0.3025 0.2835 0.2835 0.372 0.372 0.31 0.31 0.31 0.2315 0.2315 0.212 0.212 0.214 0.214 0.214 0.292 0.292 0.1675 0.1675 0.28 0.28 0.2705 0.2705 0.2705 0.206 0.206 0.225 0.225 0.2775 0.2775 0.2775 0.2885 0.2885 0.2795 0.2795 0.257 0.257 0.257 0.274 0.274 0.2705 0.2705 0.24 0.24 0.24 0.1625 0.1625 0.202
0.2375 0.2815 0.2815 0.2835 0.2835 0.2695 0.2695 0.2695 0.284 0.284 0.27 0.27 0.2795 0.2795 0.2855 0.2855 0.2855 0.28 0.28 0.302 0.302 0.2955 0.2955 0.2955 0.314 0.314 0.299 0.299 0.3025 0.3025 0.3025 0.2835 0.2835 0.372 0.372 0.31 0.31 0.31 0.2315 0.2315 0.212 0.212 0.214 0.214 0.214 0.292 0.292 0.1675 0.1675 0.28 0.28 0.2705 0.2705 0.2705 0.206 0.206 0.225 0.225 0.2775 0.2775 0.2775 0.2885 0.2885 0.2795 0.2795 0.257 0.257 0.257 0.274 0.274 0.2705 0.2705 0.24 0.24 0.24 0.1625 0.1625 0.202
0.32 0.3265 0.3265 0.309 0.309 0.298 0.298 0.298 0.2815 0.2815 0.278 0.278 0.2805 0.2805 0.279 0.279 0.279 0.2835 0.2835 0.3095 0.3095 0.314 0.314 0.314 0.279 0.279 0.2875 0.2875 0.288 0.288 0.288 0.269 0.269 0.3375 0.3375 0.265 0.265 0.265 0.287 0.287 0.216 0.216 0.2095 0.2095 0.2095 0.1675 0.1675 0.235 0.235 0.2075 0.2075 0.2445 0.2445 0.2445 0.2395 0.2395 0.245 0.245 0.3185 0.3185 0.3185 0.311 0.311 0.29 0.29 0.2815 0.2815 0.2815 0.245 0.245 0.258 0.258 0.1795 0.1795 0.1795 0.163 0.163 0.194
0.32 0.3265 0.3265 0.309 0.309 0.298 0.298 0.298 0.2815 0.2815 0.278 0.278 0.2805 0.2805 0.279 0.279 0.279 0.2835 0.2835 0.3095 0.3095 0.314 0.314 0.314 0.279 0.279 0.2875 0.2875 0.288 0.288 0.288 0.269 0.269 0.3375 0.3375 0.265 0.265 0.265 0.287 0.287 0.216 0.216 0.2095 0.2095 0.2095 0.1675 0.1675 0.235 0.235 0.2075 0.2075 0.2445 0.2445 0.2445 0.2395 0.2395 0.245 0.245 0.3185 0.3185 0.3185 0.311 0.311 0.29 0.29 0.2815 0.2815 0.2815 0.245 0.245 0.258 0.258 0.1795 0.1795 0.1795 0.163 0.163 0.194
0.3455 0.347 0.347 0.3445 0.3445 0.32 0.32 0.32 0.3 0.3 0.279 0.279 0.278 0.278 0.2985 0.2985 0.2985 0.317 0.317 0.297 0.297 0.2985 0.2985 0.2985 0.3255 0.3255 0.3095 0.3095 0.2595 0.2595 0.2595 0.236 0.236 0.246 0.246 0.2465 0.2465 0.2465 0.2345 0.2345 0.183 0.183 0.2415 0.2415 0.2415 0.1825 0.1825 0.198 0.198 0.207 0.207 0.2205 0.2205 0.2205 0.294 0.294 0.3145 0.3145 0.3265 0.3265 0.3265 0.3085 0.3085 0.273 0.273 0.2365 0.2365 0.2365 0.3315 0.3315 0.2095 0.2095 0.1685 0.1685 0.1685 0.1825 0.1825 0.186
0.3455 0.347 0.347 0.3445 0.3445 0.32 0.32 0.32 0.3 0.3 0.279 0.279 0.278 0.278 0.2985 0.2985 0.2985 0.317 0.317 0.297 0.297 0.2985 0.2985 0.2985 0.3255 0.3255 0.3095 0.3095 0.2595 0.2595 0.2595 0.236 0.236 0.246 0.246 0.2465 0.2465 0.2465 0.2345 0.2345 0.183 0.183 0.2415 0.2415 0.2415 0.1825 0.1825 0.198 0.198 0.207 0.207 0.2205 0.2205 0.2205 0.294 0.294 0.3145 0.3145 0.3265 0.3265 0.3265 0.3085 0.3085 0.273 0.273 0.2365 0.2365 0.2365 0.3315 0.3315 0.2095 0.2095 0.1685 0.1685 0.1685 0.1825 0.1825 0.186
0.3455 0.347 0.347 0.3445 0.3445 0.32 0.32 0.32 0.3 0.3 0.279 0.279 0.278 0.278 0.2985 0.2985 0.2985 0.317 0.317 0.297 0.297 0.2985 0.2985 0.2985 0.3255 0.3255 0.3095 0.3095 0.2595 0.2595 0.2595 0.236 0.236 0.246 0.246 0.2465 0.2465 0.2465 0.2345 0.2345 0.183 0.183 0.2415 0.2415 0.2415 0.1825 0.1825 0.198 0.198 0.207 0.207 0.2205 0.2205 0.2205 0.294 0.294 0.3145 0.3145 0.3265 0.3265 0.3265 0.3085 0.3085 0.273 0.273 0.2365 0.2365 0.2365 0.3315 0.3315 0.2095 0.2095 0.1685 0.1685 0.1685 0.1825 0.1825 0.186
0.3395 0.361 0.361 0.353 0.353 0.2785 0.2785 0.2785 0.293 0.293 0.2975 0.2975 0.298 0.298 0.3315 0.3315 0.3315 0.2415 0.2415 0.3265 0.3265 0.3445 0.3445 0.3445 0.324 0.324 0.342 0.342 0.3715 0.3715 0.3715 0.3075 0.3075 0.296 0.296 0.275 0.275 0.275 0.2125 0.2125 0.23 0.23 0.233 0.233 0.233 0.2525 0.2525 0.217 0.217 0.1975 0.1975 0.2015 0.2015 0.2015 0.209 0.209 0.2995 0.2995 0.317 0.317 0.317 0.337 0.337 0.303 0.303 0.276 0.276 0.276 0.3155 0.3155 0.292 0.292 0.1825 0.1825 0.1825 0.195 0.195 0.204
0.3395 0.361 0.361 0.353 0.353 0.2785 0.2785 0.2785 0.293 0.293 0.2975 0.2975 0.298 0.298 0.3315 0.3315 0.3315 0.2415 0.2415 0.3265 0.3265 0.3445 0.3445 0.3445 0.324 0.324 0.342 0.342 0.3715 0.3715 0.3715 0.3075 0.3075 0.296 0.296 0.275 0.275 0.275 0.2125 0.2125 0.23 0.23 0.233 0.233 0.233 0.2525 0.2525 0.217 0.217 0.1975 0.1975 0.2015 0.2015 0.2015 0.209 0.209 0.2995 0.2995 0.317 0.317 0.317 0.337 0.337 0.303 0.303 0.276 0.276 0.276 0.3155 0.3155 0.292 0.292 0.1825 0.1825 0.1825 0.195 0.195 0.204
0.2615 0.258 0.258 0.2265 0.2265 0.2545 0.2545 0.2545 0.2785 0.2785 0.247 0.247 0.2175 0.2175 0.207 0.207 0.207 0.1775 0.1775 0.27 0.27 0.23 0.23 0.23 0.3785 0.3785 0.3335 0.3335 0.322 0.322 0.322 0.3405 0.3405 0.3205 0.3205 0.325 0.325 0.325 0.224 0.224 0.2295 0.2295 0.233 0.233 0.233 0.211 0.211 0.2425 0.2425 0.1995 0.1995 0.1795 0.1795 0.1795 0.2265 0.2265 0.321 0.321 0.332 0.332 0.332 0.3185 0.3185 0.3265 0.3265 0.3175 0.3175 0.3175 0.34 0.34 0.314 0.314 0.2205 0.2205 0.2205 0.178 0.178 0.1795
0.2615 0.258 0.258 0.2265 0.2265 0.2545 0.2545 0.2545 0.2785 0.2785 0.247 0.247 0.2175 0.2175 0.207 0.207 0.207 0.1775 0.1775 0.27 0.27 0.23 0.23 0.23 0.3785 0.3785 0.3335 0.3335 0.322 0.322 0.322 0.3405 0.3405 0.3205 0.3205 0.325 0.325 0.325 0.224 0.224 0.2295 0.2295 0.233 0.233 0.233 0.211 0.211 0.2425 0.2425 0.1995 0.1995 0.1795 0.1795 0.1795 0.2265 0.2265 0.321 0.321 0.332 0.332 0.332 0.3185 0.3185 0.3265 0.3265 0.3175 0.3175 0.3175 0.34 0.34 0.314 0.314 0.2205 0.2205 0.2205 0.178 0.178 0.1795
0.308 0.233 0.233 0.2875 0.2875 0.323 0.323 0.323 0.3255 0.3255 0.343 0.343 0.35 0.35 0.2495 0.2495 0.2495 0.2055 0.2055 0.231 0.231 0.2605 0.2605 0.2605 0.3035 0.3035 0.31 0.31 0.3075 0.3075 0.3075 0.238 0.238 0.2985 0.2985 0.28 0.28 0.28 0.2875 0.2875 0.246 0.246 0.2085 0.2085 0.2085 0.204 0.204 0.1745 0.1745 0.159 0.159 0.257 0.257 0.257 0.2585 0.2585 0.325 0.325 0.3935 0.3935 0.3935 0.362 0.362 0.341 0.341 0.3405 0.3405 0.3405 0.356 0.356 0.273 0.273 0.2755 0.2755 0.2755 0.2055 0.2055 0.1975
0.308 0.233 0.233 0.2875 0.2875 0.323 0.323 0.323 0.3255 0.3255 0.343 0.343 0.35 0.35 0.2495 0.2495 0.2495 0.2055 0.2055 0.231 0.231 0.2605 0.2605 0.2605 0.3035 0.3035 0.31 0.31 0.3075 0.3075 0.3075 0.238 0.238 0.2985 0.2985 0.28 0.28 0.28 0.2875 0.2875 0.246 0.246 0.2085 0.2085 0.2085 0.204 0.204 0.1745 0.1745 0.159 0.159 0.257 0.257 0.257 0.2585 0.2585 0.325 0.325 0.3935 0.3935 0.3935 0.362 0.362 0.341 0.341 0.3405 0.3405 0.3405 0.356 0.356 0.273 0.273 0.2755 0.2755 0.2755 0.2055 0.2055 0.1975
0.308 0.233 0.233 0.2875 0.2875 0.323 0.323 0.323 0.3255 0.3255 0.343 0.343 0.35 0.35 0.2495 0.2495 0.2495 0.2055 0.2055 0.231 0.231 0.2605 0.2605 0.2605 0.3035 0.3035 0.31 0.31 0.3075 0.3075 0.3075 0.238 0.238 0.2985 0.2985 0.28 0.28 0.28 0.2875 0.2875 0.246 0.246 0.2085 0.2085 0.2085 0.204 0.204 0.1745 0.1745 0.159 0.159 0.257 0.257 0.257 0.2585 0.2585 0.325 0.325 0.3935 0.3935 0.3935 0.362 0.362 0.341 0.341 0.3405 0.3405 0.3405 0.356 0.356 0.273 0.273 0.2755 0.2755 0.2755 0.2055 0.2055 0.1975
0.358 0.2495 0.2495 0.3305 0.3305 0.315 0.315 0.315 0.394 0.394 0.338 0.338 0.279 0.279 0.217 0.217 0.217 0.2445 0.2445 0.169 0.169 0.2195 0.2195 0.2195 0.2455 0.2455 0.279 0.279 0.2595 0.2595 0.2595 0.266 0.266 0.2735 0.2735 0.2885 0.2885 0.2885 0.272 0.272 0.2205 0.2205 0.198 0.198 0.198 0.224 0.224 0.228 0.228 0.2535 0.2535 0.273 0.273 0.273 0.257 0.257 0.318 0.318 0.383 0.383 0.383 0.41 0.41 0.423 0.423 0.3555 0.3555 0.3555 0.419 0.419 0.2975 0.2975 0.2225 0.2225 0.2225 0.2115 0.2115 0.2165
