ndvi/NOAA-64.asc
ncols         252
nrows         154
xllcorner     -18.017974
yllcorner     13.481982
cellsize      0.035948
NODATA_value  -9999
[rows 70 to 104 of 154, columns 0 to 76 of 252]
-1 -1 -1 -1 -1 -1 -1 -1 -1 -1 -1 -1 -1 -1 -1 -1 -1 -1 -1 -1 -1 -1 -1 -1 -1 -1 -1 -1 -1 -1 -1 -1 -1 -1 -1 -1 -1 -1 -1 0.218 0.218 0.218 0.2895 0.2895 0.3805 0.3805 0.2655 0.2655 0.2655 0.3045 0.3045 0.273 0.273 0.2365 0.2365 0.2065 0.2065 0.2065 0.3335 0.3335 0.29 0.29 0.29 0.29 0.29 0.2955 0.2955 0.2075 0.2075 0.1975 0.1975 0.1975 0.1915 0.1915 0.198 0.198 0.2035
-1 -1 -1 -1 -1 -1 -1 -1 -1 -1 -1 -1 -1 -1 -1 -1 -1 -1 -1 -1 -1 -1 -1 -1 -1 -1 -1 -1 -1 -1 -1 -1 -1 -1 -1 -1 -1 0.077 0.077 0.162 0.162 0.162 0.313 0.313 0.3215 0.3215 0.255 0.255 0.255 0.247 0.247 0.2115 0.2115 0.2135 0.2135 0.2005 0.2005 0.2005 0.181 0.181 0.231 0.231 0.231 0.231 0.231 0.2205 0.2205 0.219 0.219 0.2095 0.2095 0.2095 0.2085 0.2085 0.207 0.207 0.1965
-1 -1 -1 -1 -1 -1 -1 -1 -1 -1 -1 -1 -1 -1 -1 -1 -1 -1 -1 -1 -1 -1 -1 -1 -1 -1 -1 -1 -1 -1 -1 -1 -1 -1 -1 -1 -1 0.077 0.077 0.162 0.162 0.162 0.313 0.313 0.3215 0.3215 0.255 0.255 0.255 0.247 0.247 0.2115 0.2115 0.2135 0.2135 0.2005 0.2005 0.2005 0.181 0.181 0.231 0.231 0.231 0.231 0.231 0.2205 0.2205 0.219 0.219 0.2095 0.2095 0.2095 0.2085 0.2085 0.207 0.207 0.1965
-1 -1 -1 -1 -1 -1 -1 -1 -1 -1 -1 -1 -1 -1 -1 -1 -1 -1 -1 -1 -1 -1 -1 -1 -1 -1 -1 -1 -1 -1 -1 -1 -1 -1 -1 -1 -1 0.077 0.077 0.162 0.162 0.162 0.313 0.313 0.3215 0.3215 0.255 0.255 0.255 0.247 0.247 0.2115 0.2115 0.2135 0.2135 0.2005 0.2005 0.2005 0.181 0.181 0.231 0.231 0.231 0.231 0.231 0.2205 0.2205 0.219 0.219 0.2095 0.2095 0.2095 0.2085 0.2085 0.207 0.207 0.1965
-1 -1 -1 -1 -1 -1 -1 -1 -1 -1 -1 -1 -1 -1 -1 -1 -1 -1 -1 -1 -1 -1 -1 -1 -1 -1 -1 -1 -1 -1 -1 -1 -1 -1 -1 -1 -1 0.0245 0.0245 0.1585 0.1585 0.1585 0.2715 0.2715 0.279 0.279 0.2325 0.2325 0.2325 0.21 0.21 0.2085 0.2085 0.187 0.187 0.1985 0.1985 0.1985 0.213 0.213 0.241 0.241 0.241 0.241 0.241 0.2165 0.2165 0.2245 0.2245 0.219 0.219 0.219 0.2105 0.2105 0.214 0.214 0.214
-1 -1 -1 -1 -1 -1 -1 -1 -1 -1 -1 -1 -1 -1 -1 -1 -1 -1 -1 -1 -1 -1 -1 -1 -1 -1 -1 -1 -1 -1 -1 -1 -1 -1 -1 -1 -1 0.0245 0.0245 0.1585 0.1585 0.1585 0.2715 0.2715 0.279 0.279 0.2325 0.2325 0.2325 0.21 0.21 0.2085 0.2085 0.187 0.187 0.1985 0.1985 0.1985 0.213 0.213 0.241 0.241 0.241 0.241 0.241 0.2165 0.2165 0.2245 0.2245 0.219 0.219 0.219 0.2105 0.2105 0.214 0.214 0.214
-1 -1 -1 -1 -1 -1 -1 -1 -1 -1 -1 -1 -1 -1 -1 -1 -1 -1 -1 -1 -1 -1 -1 -1 -1 -1 -1 -1 -1 -1 -1 -1 -1 -1 -1 -1 -1 0.0165 0.0165 0.1685 0.1685 0.1685 0.2625 0.2625 0.2555 0.2555 0.213 0.213 0.213 0.221 0.221 0.212 0.212 0.2155 0.2155 0.221 0.221 0.221 0.228 0.228 0.223 0.223 0.223 0.223 0.223 0.222 0.222 0.223 0.223 0.2185 0.2185 0.2185 0.2115 0.2115 0.2085 0.2085 0.208
-1 -1 -1 -1 -1 -1 -1 -1 -1 -1 -1 -1 -1 -1 -1 -1 -1 -1 -1 -1 -1 -1 -1 -1 -1 -1 -1 -1 -1 -1 -1 -1 -1 -1 -1 -1 -1 0.0165 0.0165 0.1685 0.1685 0.1685 0.2625 0.2625 0.2555 0.2555 0.213 0.213 0.213 0.221 0.221 0.212 0.212 0.2155 0.2155 0.221 0.221 0.221 0.228 0.228 0.223 0.223 0.223 0.223 0.223 0.222 0.222 0.223 0.223 0.2185 0.2185 0.2185 0.2115 0.2115 0.2085 0.2085 0.208
-1 -1 -1 -1 -1 -1 -1 -1 -1 -1 -1 -1 -1 -1 -1 -1 -1 -1 -1 -1 -1 -1 -1 -1 -1 -1 -1 -1 -1 -1 -1 -1 -1 -1 -1 -1 -1 0.0162 0.0162 0.1955 0.1955 0.1955 0.222 0.222 0.238 0.238 0.2215 0.2215 0.2215 0.2205 0.2205 0.2055 0.2055 0.225 0.225 0.2285 0.2285 0.2285 0.2235 0.2235 0.21 0.21 0.21 0.21 0.21 0.226 0.226 0.2225 0.2225 0.219 0.219 0.219 0.2195 0.2195 0.2185 0.2185 0.212
-1 -1 -1 -1 -1 -1 -1 -1 -1 -1 -1 -1 -1 -1 -1 -1 -1 -1 -1 -1 -1 -1 -1 -1 -1 -1 -1 -1 -1 -1 -1 -1 -1 -1 -1 -1 -1 0.0162 0.0162 0.1955 0.1955 0.1955 0.222 0.222 0.238 0.238 0.2215 0.2215 0.2215 0.2205 0.2205 0.2055 0.2055 0.225 0.225 0.2285 0.2285 0.2285 0.2235 0.2235 0.21 0.21 0.21 0.21 0.21 0.226 0.226 0.2225 0.2225 0.219 0.219 0.219 0.2195 0.2195 0.2185 0.2185 0.212
-1 -1 -1 -1 -1 -1 -1 -1 -1 -1 -1 -1 -1 -1 -1 -1 -1 -1 -1 -1 -1 -1 -1 -1 -1 -1 -1 -1 -1 -1 -1 -1 -1 -1 -1 -1 -1 0.0527 0.0527 0.204 0.204 0.204 0.244 0.244 0.2195 0.2195 0.215 0.215 0.215 0.2185 0.2185 0.2195 0.2195 0.223 0.223 0.2195 0.2195 0.2195 0.199 0.199 0.218 0.218 0.218 0.218 0.218 0.214 0.214 0.218 0.218 0.2195 0.2195 0.2195 0.2185 0.2185 0.22 0.22 0.2075
-1 -1 -1 -1 -1 -1 -1 -1 -1 -1 -1 -1 -1 -1 -1 -1 -1 -1 -1 -1 -1 -1 -1 -1 -1 -1 -1 -1 -1 -1 -1 -1 -1 -1 -1 -1 -1 0.0527 0.0527 0.204 0.204 0.204 0.244 0.244 0.2195 0.2195 0.215 0.215 0.215 0.2185 0.2185 0.2195 0.2195 0.223 0.223 0.2195 0.2195 0.2195 0.199 0.199 0.218 0.218 0.218 0.218 0.218 0.214 0.214 0.218 0.218 0.2195 0.2195 0.2195 0.2185 0.2185 0.22 0.22 0.2075
-1 -1 -1 -1 -1 -1 -1 -1 -1 -1 -1 -1 -1 -1 -1 -1 -1 -1 -1 -1 -1 -1 -1 -1 -1 -1 -1 -1 -1 -1 -1 -1 -1 -1 -1 -1 -1 0.0527 0.0527 0.204 0.204 0.204 0.244 0.244 0.2195 0.2195 0.215 0.215 0.215 0.2185 0.2185 0.2195 0.2195 0.223 0.223 0.2195 0.2195 0.2195 0.199 0.199 0.218 0.218 0.218 0.218 0.218 0.214 0.214 0.218 0.218 0.2195 0.2195 0.2195 0.2185 0.2185 0.22 0.22 0.2075
-1 -1 -1 -1 -1 -1 -1 -1 -1 -1 -1 -1 -1 -1 -1 -1 -1 -1 -1 -1 -1 -1 -1 -1 -1 -1 -1 -1 -1 -1 -1 -1 -1 -1 -1 -1 -1 0.0865 0.0865 0.199 0.199 0.199 0.2285 0.2285 0.204 0.204 0.2045 0.2045 0.2045 0.2 0.2 0.212 0.212 0.205 0.205 0.216 0.216 0.216 0.2115 0.2115 0.221 0.221 0.221 0.221 0.221 0.22 0.22 0.22 0.22 0.22 0.22 0.22 0.2185 0.2185 0.2095 0.2095 0.207
-1 -1 -1 -1 -1 -1 -1 -1 -1 -1 -1 -1 -1 -1 -1 -1 -1 -1 -1 -1 -1 -1 -1 -1 -1 -1 -1 -1 -1 -1 -1 -1 -1 -1 -1 -1 -1 0.0865 0.0865 0.199 0.199 0.199 0.2285 0.2285 0.204 0.204 0.2045 0.2045 0.2045 0.2 0.2 0.212 0.212 0.205 0.205 0.216 0.216 0.216 0.2115 0.2115 0.221 0.221 0.221 0.221 0.221 0.22 0.22 0.22 0.22 0.22 0.22 0.22 0.2185 0.2185 0.2095 0.2095 0.207
-1 -1 -1 -1 -1 -1 -1 -1 -1 -1 -1 -1 -1 -1 -1 -1 -1 -1 -1 -1 -1 -1 -1 -1 -1 -1 -1 -1 -1 -1 -1 -1 -1 -1 -1 -1 -1 0.102 0.102 0.245 0.245 0.245 0.236 0.236 0.1975 0.1975 0.1975 0.1975 0.1975 0.209 0.209 0.2155 0.2155 0.22 0.22 0.2105 0.2105 0.2105 0.2265 0.2265 0.222 0.222 0.222 0.222 0.222 0.214 0.214 0.2295 0.2295 0.206 0.206 0.206 0.212 0.212 0.2195 0.2195 0.2175
-1 -1 -1 -1 -1 -1 -1 -1 -1 -1 -1 -1 -1 -1 -1 -1 -1 -1 -1 -1 -1 -1 -1 -1 -1 -1 -1 -1 -1 -1 -1 -1 -1 -1 -1 -1 -1 0.102 0.102 0.245 0.245 0.245 0.236 0.236 0.1975 0.1975 0.1975 0.1975 0.1975 0.209 0.209 0.2155 0.2155 0.22 0.22 0.2105 0.2105 0.2105 0.2265 0.2265 0.222 0.222 0.222 0.222 0.222 0.214 0.214 0.2295 0.2295 0.206 0.206 0.206 0.212 0.212 0.2195 0.2195 0.2175
-1 -1 -1 -1 -1 -1 -1 -1 -1 -1 -1 -1 -1 -1 -1 -1 -1 -1 -1 -1 -1 -1 -1 -1 -1 -1 -1 -1 -1 -1 -1 -1 -1 -1 -1 0.0351 0.0351 0.2405 0.2405 0.2385 0.2385 0.2385 0.2155 0.2155 0.211 0.211 0.205 0.205 0.205 0.211 0.211 0.219 0.219 0.218 0.218 0.228 0.228 0.228 0.2285 0.2285 0.2215 0.2215 0.2215 0.2215 0.2215 0.216 0.216 0.2185 0.2185 0.215 0.215 0.215 0.2185 0.2185 0.2285 0.2285 0.232
-1 -1 -1 -1 -1 -1 -1 -1 -1 -1 -1 -1 -1 -1 -1 -1 -1 -1 -1 -1 -1 -1 -1 -1 -1 -1 -1 -1 -1 -1 -1 -1 -1 -1 -1 0.0351 0.0351 0.2405 0.2405 0.2385 0.2385 0.2385 0.2155 0.2155 0.211 0.211 0.205 0.205 0.205 0.211 0.211 0.219 0.219 0.218 0.218 0.228 0.228 0.228 0.2285 0.2285 0.2215 0.2215 0.2215 0.2215 0.2215 0.216 0.216 0.2185 0.2185 0.215 0.215 0.215 0.2185 0.2185 0.2285 0.2285 0.232
-1 -1 -1 -1 -1 -1 -1 -1 -1 -1 -1 -1 -1 -1 -1 -1 -1 -1 -1 -1 -1 -1 -1 -1 -1 -1 -1 -1 -1 -1 -1 -1 -1 -1 -1 0.0351 0.0351 0.2405 0.2405 0.2385 0.2385 0.2385 0.2155 0.2155 0.211 0.211 0.205 0.205 0.205 0.211 0.211 0.219 0.219 0.218 0.218 0.228 0.228 0.228 0.2285 0.2285 0.2215 0.2215 0.2215 0.2215 0.2215 0.216 0.216 0.2185 0.2185 0.215 0.215 0.215 0.2185 0.2185 0.2285 0.2285 0.232
-1 -1 -1 -1 -1 -1 -1 -1 -1 -1 -1 -1 -1 -1 -1 -1 -1 -1 -1 -1 -1 -1 -1 -1 -1 -1 -1 -1 -1 -1 -1 -1 -1 -1 -1 0.105 0.105 0.228 0.228 0.215 0.215 0.215 0.211 0.211 0.2045 0.2045 0.213 0.213 0.213 0.221 0.221 0.227 0.227 0.233 0.233 0.224 0.224 0.224 0.226 0.226 0.221 0.221 0.221 0.221 0.221 0.234 0.234 0.233 0.233 0.2365 0.2365 0.2365 0.24 0.24 0.232 0.232 0.22
-1 -1 -1 -1 -1 -1 -1 -1 -1 -1 -1 -1 -1 -1 -1 -1 -1 -1 -1 -1 -1 -1 -1 -1 -1 -1 -1 -1 -1 -1 -1 -1 -1 -1 -1 0.105 0.105 0.228 0.228 0.215 0.215 0.215 0.211 0.211 0.2045 0.2045 0.213 0.213 0.213 0.221 0.221 0.227 0.227 0.233 0.233 0.224 0.224 0.224 0.226 0.226 0.221 0.221 0.221 0.221 0.221 0.234 0.234 0.233 0.233 0.2365 0.2365 0.2365 0.24 0.24 0.232 0.232 0.22
-1 -1 -1 -1 -1 -1 -1 -1 -1 -1 -1 -1 -1 -1 -1 -1 -1 -1 -1 -1 -1 -1 -1 -1 -1 -1 -1 -1 -1 -1 -1 -1 0.067 0.067 0.067 0.2165 0.2165 0.212 0.212 0.2025 0.2025 0.2025 0.202 0.202 0.211 0.211 0.2235 0.2235 0.2235 0.221 0.221 0.226 0.226 0.2265 0.2265 0.2355 0.2355 0.2355 0.237 0.237 0.2315 0.2315 0.2315 0.2315 0.2315 0.2385 0.2385 0.2465 0.2465 0.234 0.234 0.234 0.2285 0.2285 0.227 0.227 0.224
-1 -1 -1 -1 -1 -1 -1 -1 -1 -1 -1 -1 -1 -1 -1 -1 -1 -1 -1 -1 -1 -1 -1 -1 -1 -1 -1 -1 -1 -1 -1 -1 0.067 0.067 0.067 0.2165 0.2165 0.212 0.212 0.2025 0.2025 0.2025 0.202 0.202 0.211 0.211 0.2235 0.2235 0.2235 0.221 0.221 0.226 0.226 0.2265 0.2265 0.2355 0.2355 0.2355 0.237 0.237 0.2315 0.2315 0.2315 0.2315 0.2315 0.2385 0.2385 0.2465 0.2465 0.234 0.234 0.234 0.2285 0.2285 0.227 0.227 0.224
-1 -1 -1 -1 -1 -1 -1 -1 -1 -1 -1 -1 -1 -1 -1 -1 -1 -1 -1 -1 -1 -1 -1 -1 -1 -1 -1 -1 -1 -1 0.0217 0.0217 0.2275 0.2275 0.2275 0.219 0.219 0.194 0.194 0.1945 0.1945 0.1945 0.2015 0.2015 0.2115 0.2115 0.2335 0.2335 0.2335 0.222 0.222 0.2235 0.2235 0.2365 0.2365 0.2415 0.2415 0.2415 0.245 0.245 0.246 0.246 0.246 0.246 0.246 0.251 0.251 0.2455 0.2455 0.2425 0.2425 0.2425 0.239 0.239 0.224 0.224 0.226
-1 -1 -1 -1 -1 -1 -1 -1 -1 -1 -1 -1 -1 -1 -1 -1 -1 -1 -1 -1 -1 -1 -1 -1 -1 -1 -1 -1 -1 -1 0.0217 0.0217 0.2275 0.2275 0.2275 0.219 0.219 0.194 0.194 0.1945 0.1945 0.1945 0.2015 0.2015 0.2115 0.2115 0.2335 0.2335 0.2335 0.222 0.222 0.2235 0.2235 0.2365 0.2365 0.2415 0.2415 0.2415 0.245 0.245 0.246 0.246 0.246 0.246 0.246 0.251 0.251 0.2455 0.2455 0.2425 0.2425 0.2425 0.239 0.239 0.224 0.224 0.226
-1 -1 -1 -1 -1 -1 -1 -1 -1 -1 -1 -1 -1 -1 -1 -1 -1 -1 -1 -1 -1 -1 -1 -1 -1 -1 -1 -1 -1 -1 0.0217 0.0217 0.2275 0.2275 0.2275 0.219 0.219 0.194 0.194 0.1945 0.1945 0.1945 0.2015 0.2015 0.2115 0.2115 0.2335 0.2335 0.2335 0.222 0.222 0.2235 0.2235 0.2365 0.2365 0.2415 0.2415 0.2415 0.245 0.245 0.246 0.246 0.246 0.246 0.246 0.251 0.251 0.2455 0.2455 0.2425 0.2425 0.2425 0.239 0.239 0.224 0.224 0.226
-1 -1 -1 -1 -1 -1 -1 -1 -1 -1 -1 -1 -1 -1 -1 -1 -1 -1 -1 -1 -1 -1 -1 -1 -1 -1 -1 -1 -1 -1 0.119 0.119 0.234 0.234 0.234 0.2185 0.2185 0.203 0.203 0.203 0.203 0.203 0.2045 0.2045 0.2155 0.2155 0.227 0.227 0.227 0.2205 0.2205 0.2195 0.2195 0.2225 0.2225 0.2355 0.2355 0.2355 0.2405 0.2405 0.246 0.246 0.246 0.246 0.246 0.244 0.244 0.248 0.248 0.2385 0.2385 0.2385 0.23 0.23 0.2215 0.2215 0.215
-1 -1 -1 -1 -1 -1 -1 -1 -1 -1 -1 -1 -1 -1 -1 -1 -1 -1 -1 -1 -1 -1 -1 -1 -1 -1 -1 -1 -1 -1 0.119 0.119 0.234 0.234 0.234 0.2185 0.2185 0.203 0.203 0.203 0.203 0.203 0.2045 0.2045 0.2155 0.2155 0.227 0.227 0.227 0.2205 0.2205 0.2195 0.2195 0.2225 0.2225 0.2355 0.2355 0.2355 0.2405 0.2405 0.246 0.246 0.246 0.246 0.246 0.244 0.244 0.248 0.248 0.2385 0.2385 0.2385 0.23 0.23 0.2215 0.2215 0.215
-1 -1 -1 -1 -1 -1 -1 -1 -1 -1 -1 -1 -1 -1 -1 -1 -1 -1 -1 -1 -1 -1 -1 -1 -1 -1 -1 -1 0.0175 0.0175 0.2315 0.2315 0.245 0.245 0.245 0.228 0.228 0.2095 0.2095 0.211 0.211 0.211 0.2155 0.2155 0.222 0.222 0.222 0.222 0.222 0.219 0.219 0.225 0.225 0.231 0.231 0.236 0.236 0.236 0.2375 0.2375 0.251 0.251 0.251 0.251 0.251 0.2455 0.2455 0.229 0.229 0.2375 0.2375 0.2375 0.2145 0.2145 0.214 0.214 0.219
-1 -1 -1 -1 -1 -1 -1 -1 -1 -1 -1 -1 -1 -1 -1 -1 -1 -1 -1 -1 -1 -1 -1 -1 -1 -1 -1 -1 0.0175 0.0175 0.2315 0.2315 0.245 0.245 0.245 0.228 0.228 0.2095 0.2095 0.211 0.211 0.211 0.2155 0.2155 0.222 0.222 0.222 0.222 0.222 0.219 0.219 0.225 0.225 0.231 0.231 0.236 0.236 0.236 0.2375 0.2375 0.251 0.251 0.251 0.251 0.251 0.2455 0.2455 0.229 0.229 0.2375 0.2375 0.2375 0.2145 0.2145 0.214 0.214 0.219
-1 -1 -1 -1 -1 -1 -1 -1 -1 -1 -1 -1 -1 -1 -1 -1 -1 -1 -1 -1 -1 -1 -1 -1 -1 0.0456 0.0456 0.0456 0.117 0.117 0.265 0.265 0.2395 0.2395 0.2395 0.214 0.214 0.2035 0.2035 0.227 0.227 0.227 0.227 0.227 0.2315 0.2315 0.2215 0.2215 0.2215 0.227 0.227 0.2355 0.2355 0.2425 0.2425 0.2445 0.2445 0.2445 0.243 0.243 0.251 0.251 0.251 0.251 0.251 0.2435 0.2435 0.2415 0.2415 0.225 0.225 0.225 0.214 0.214 0.2155 0.2155 0.2235
-1 -1 -1 -1 -1 -1 -1 -1 -1 -1 -1 -1 -1 -1 -1 -1 -1 -1 -1 -1 -1 -1 -1 -1 -1 0.0456 0.0456 0.0456 0.117 0.117 0.265 0.265 0.2395 0.2395 0.2395 0.214 0.214 0.2035 0.2035 0.227 0.227 0.227 0.227 0.227 0.2315 0.2315 0.2215 0.2215 0.2215 0.227 0.227 0.2355 0.2355 0.2425 0.2425 0.2445 0.2445 0.2445 0.243 0.243 0.251 0.251 0.251 0.251 0.251 0.2435 0.2435 0.2415 0.2415 0.225 0.225 0.225 0.214 0.214 0.2155 0.2155 0.2235
-1 -1 -1 -1 -1 -1 -1 -1 -1 -1 -1 -1 -1 -1 -1 -1 -1 -1 -1 -1 -1 -1 -1 0.0045 0.0045 0.165 0.165 0.165 0.255 0.255 0.2375 0.2375 0.207 0.207 0.207 0.217 0.217 0.233 0.233 0.2395 0.2395 0.2395 0.2315 0.2315 0.2325 0.2325 0.226 0.226 0.226 0.227 0.227 0.2275 0.2275 0.2345 0.2345 0.2395 0.2395 0.2395 0.248 0.248 0.244 0.244 0.244 0.244 0.244 0.2365 0.2365 0.237 0.237 0.232 0.232 0.232 0.227 0.227 0.227 0.227 0.227
-1 -1 -1 -1 -1 -1 -1 -1 -1 -1 -1 -1 -1 -1 -1 -1 -1 -1 -1 -1 -1 -1 -1 0.0045 0.0045 0.165 0.165 0.165 0.255 0.255 0.2375 0.2375 0.207 0.207 0.207 0.217 0.217 0.233 0.233 0.2395 0.2395 0.2395 0.2315 0.2315 0.2325 0.2325 0.226 0.226 0.226 0.227 0.227 0.2275 0.2275 0.2345 0.2345 0.2395 0.2395 0.2395 0.248 0.248 0.244 0.244 0.244 0.244 0.244 0.2365 0.2365 0.237 0.237 0.232 0.232 0.232 0.227 0.227 0.227 0.227 0.227
