ndvi/NOAA-223.asc
ncols         252
nrows         154
xllcorner     -18.017974
yllcorner     13.481982
cellsize      0.035948
NODATA_value  -9999
[rows 70 to 104 of 154, columns 154 to 230 of 252]
0.165 0.1625 0.1625 0.173 0.173 0.173 0.1895 0.1895 0.197 0.197 0.21 0.21 0.256 0.256 0.256 0.2875 0.2875 0.278 0.278 0.2745 0.2745 0.2745 0.2785 0.2785 0.276 0.276 0.277 0.277 0.277 0.28 0.28 0.2625 0.2625 0.2515 0.2515 0.2515 0.283 0.283 0.2475 0.2475 0.253 0.253 0.253 0.2395 0.2395 0.2375 0.2375 0.2355 0.2355 0.2295 0.2295 0.2295 0.226 0.226 0.258 0.258 0.257 0.257 0.257 0.251 0.251 0.238 0.238 0.228 0.228 0.228 0.2165 0.2165 0.23 0.23 0.233 0.233 0.233 0.231 0.231 0.229 0.229
0.179 0.2095 0.2095 0.2215 0.2215 0.2215 0.214 0.214 0.1845 0.1845 0.2105 0.2105 0.242 0.242 0.242 0.2635 0.2635 0.2525 0.2525 0.2645 0.2645 0.2645 0.2695 0.2695 0.2895 0.2895 0.2965 0.2965 0.2965 0.285 0.285 0.283 0.283 0.2605 0.2605 0.2605 0.2675 0.2675 0.2555 0.2555 0.28 0.28 0.28 0.243 0.243 0.226 0.226 0.2425 0.2425 0.256 0.256 0.256 0.258 0.258 0.2885 0.2885 0.279 0.279 0.279 0.263 0.263 0.2515 0.2515 0.2585 0.2585 0.2585 0.257 0.257 0.2365 0.2365 0.2165 0.2165 0.2165 0.2265 0.2265 0.247 0.247
0.179 0.2095 0.2095 0.2215 0.2215 0.2215 0.214 0.214 0.1845 0.1845 0.2105 0.2105 0.242 0.242 0.242 0.2635 0.2635 0.2525 0.2525 0.2645 0.2645 0.2645 0.2695 0.2695 0.2895 0.2895 0.2965 0.2965 0.2965 0.285 0.285 0.283 0.283 0.2605 0.2605 0.2605 0.2675 0.2675 0.2555 0.2555 0.28 0.28 0.28 0.243 0.243 0.226 0.226 0.2425 0.2425 0.256 0.256 0.256 0.258 0.258 0.2885 0.2885 0.279 0.279 0.279 0.263 0.263 0.2515 0.2515 0.2585 0.2585 0.2585 0.257 0.257 0.2365 0.2365 0.2165 0.2165 0.2165 0.2265 0.2265 0.247 0.247
0.179 0.2095 0.2095 0.2215 0.2215 0.2215 0.214 0.214 0.1845 0.1845 0.2105 0.2105 0.242 0.242 0.242 0.2635 0.2635 0.2525 0.2525 0.2645 0.2645 0.2645 0.2695 0.2695 0.2895 0.2895 0.2965 0.2965 0.2965 0.285 0.285 0.283 0.283 0.2605 0.2605 0.2605 0.2675 0.2675 0.2555 0.2555 0.28 0.28 0.28 0.243 0.243 0.226 0.226 0.2425 0.2425 0.256 0.256 0.256 0.258 0.258 0.2885 0.2885 0.279 0.279 0.279 0.263 0.263 0.2515 0.2515 0.2585 0.2585 0.2585 0.257 0.257 0.2365 0.2365 0.2165 0.2165 0.2165 0.2265 0.2265 0.247 0.247
0.177 0.2105 0.2105 0.2155 0.2155 0.2155 0.206 0.206 0.188 0.188 0.2045 0.2045 0.227 0.227 0.227 0.258 0.258 0.2565 0.2565 0.2435 0.2435 0.2435 0.302 0.302 0.298 0.298 0.323 0.323 0.323 0.3 0.3 0.2935 0.2935 0.313 0.313 0.313 0.3035 0.3035 0.303 0.303 0.3105 0.3105 0.3105 0.313 0.313 0.292 0.292 0.2965 0.2965 0.2805 0.2805 0.2805 0.274 0.274 0.29 0.29 0.2695 0.2695 0.2695 0.2575 0.2575 0.2555 0.2555 0.241 0.241 0.241 0.2445 0.2445 0.229 0.229 0.2475 0.2475 0.2475 0.2595 0.2595 0.2715 0.2715
0.177 0.2105 0.2105 0.2155 0.2155 0.2155 0.206 0.206 0.188 0.188 0.2045 0.2045 0.227 0.227 0.227 0.258 0.258 0.2565 0.2565 0.2435 0.2435 0.2435 0.302 0.302 0.298 0.298 0.323 0.323 0.323 0.3 0.3 0.2935 0.2935 0.313 0.313 0.313 0.3035 0.3035 0.303 0.303 0.3105 0.3105 0.3105 0.313 0.313 0.292 0.292 0.2965 0.2965 0.2805 0.2805 0.2805 0.274 0.274 0.29 0.29 0.2695 0.2695 0.2695 0.2575 0.2575 0.2555 0.2555 0.241 0.241 0.241 0.2445 0.2445 0.229 0.229 0.2475 0.2475 0.2475 0.2595 0.2595 0.2715 0.2715
0.1335 0.1835 0.1835 0.2175 0.2175 0.2175 0.181 0.181 0.1895 0.1895 0.2 0.2 0.2465 0.2465 0.2465 0.2735 0.2735 0.2745 0.2745 0.2585 0.2585 0.2585 0.2785 0.2785 0.3005 0.3005 0.2805 0.2805 0.2805 0.297 0.297 0.334 0.334 0.3295 0.3295 0.3295 0.3325 0.3325 0.325 0.325 0.343 0.343 0.343 0.282 0.282 0.3125 0.3125 0.287 0.287 0.291 0.291 0.291 0.313 0.313 0.267 0.267 0.289 0.289 0.289 0.313 0.313 0.304 0.304 0.334 0.334 0.334 0.2685 0.2685 0.241 0.241 0.238 0.238 0.238 0.3065 0.3065 0.3225 0.3225
0.1335 0.1835 0.1835 0.2175 0.2175 0.2175 0.181 0.181 0.1895 0.1895 0.2 0.2 0.2465 0.2465 0.2465 0.2735 0.2735 0.2745 0.2745 0.2585 0.2585 0.2585 0.2785 0.2785 0.3005 0.3005 0.2805 0.2805 0.2805 0.297 0.297 0.334 0.334 0.3295 0.3295 0.3295 0.3325 0.3325 0.325 0.325 0.343 0.343 0.343 0.282 0.282 0.3125 0.3125 0.287 0.287 0.291 0.291 0.291 0.313 0.313 0.267 0.267 0.289 0.289 0.289 0.313 0.313 0.304 0.304 0.334 0.334 0.334 0.2685 0.2685 0.241 0.241 0.238 0.238 0.238 0.3065 0.3065 0.3225 0.3225
0.1335 0.1475 0.1475 0.186 0.186 0.186 0.16 0.16 0.1685 0.1685 0.196 0.196 0.2385 0.2385 0.2385 0.2695 0.2695 0.2975 0.2975 0.27 0.27 0.27 0.257 0.257 0.277 0.277 0.276 0.276 0.276 0.304 0.304 0.2935 0.2935 0.3265 0.3265 0.3265 0.3305 0.3305 0.338 0.338 0.3395 0.3395 0.3395 0.3245 0.3245 0.313 0.313 0.2745 0.2745 0.305 0.305 0.305 0.311 0.311 0.344 0.344 0.32 0.32 0.32 0.378 0.378 0.3915 0.3915 0.3825 0.3825 0.3825 0.327 0.327 0.2855 0.2855 0.283 0.283 0.283 0.291 0.291 0.2715 0.2715
0.1335 0.1475 0.1475 0.186 0.186 0.186 0.16 0.16 0.1685 0.1685 0.196 0.196 0.2385 0.2385 0.2385 0.2695 0.2695 0.2975 0.2975 0.27 0.27 0.27 0.257 0.257 0.277 0.277 0.276 0.276 0.276 0.304 0.304 0.2935 0.2935 0.3265 0.3265 0.3265 0.3305 0.3305 0.338 0.338 0.3395 0.3395 0.3395 0.3245 0.3245 0.313 0.313 0.2745 0.2745 0.305 0.305 0.305 0.311 0.311 0.344 0.344 0.32 0.32 0.32 0.378 0.378 0.3915 0.3915 0.3825 0.3825 0.3825 0.327 0.327 0.2855 0.2855 0.283 0.283 0.283 0.291 0.291 0.2715 0.2715
0.132 0.151 0.151 0.1535 0.1535 0.1535 0.159 0.159 0.1725 0.1725 0.206 0.206 0.2325 0.2325 0.2325 0.2835 0.2835 0.2755 0.2755 0.303 0.303 0.303 0.2945 0.2945 0.267 0.267 0.292 0.292 0.292 0.2905 0.2905 0.2985 0.2985 0.291 0.291 0.291 0.3225 0.3225 0.2975 0.2975 0.3495 0.3495 0.3495 0.323 0.323 0.316 0.316 0.273 0.273 0.3 0.3 0.3 0.3115 0.3115 0.43 0.43 0.4415 0.4415 0.4415 0.455 0.455 0.4095 0.4095 0.364 0.364 0.364 0.3585 0.3585 0.337 0.337 0.3235 0.3235 0.3235 0.3135 0.3135 0.294 0.294
0.132 0.151 0.151 0.1535 0.1535 0.1535 0.159 0.159 0.1725 0.1725 0.206 0.206 0.2325 0.2325 0.2325 0.2835 0.2835 0.2755 0.2755 0.303 0.303 0.303 0.2945 0.2945 0.267 0.267 0.292 0.292 0.292 0.2905 0.2905 0.2985 0.2985 0.291 0.291 0.291 0.3225 0.3225 0.2975 0.2975 0.3495 0.3495 0.3495 0.323 0.323 0.316 0.316 0.273 0.273 0.3 0.3 0.3 0.3115 0.3115 0.43 0.43 0.4415 0.4415 0.4415 0.455 0.455 0.4095 0.4095 0.364 0.364 0.364 0.3585 0.3585 0.337 0.337 0.3235 0.3235 0.3235 0.3135 0.3135 0.294 0.294
0.132 0.151 0.151 0.1535 0.1535 0.1535 0.159 0.159 0.1725 0.1725 0.206 0.206 0.2325 0.2325 0.2325 0.2835 0.2835 0.2755 0.2755 0.303 0.303 0.303 0.2945 0.2945 0.267 0.267 0.292 0.292 0.292 0.2905 0.2905 0.2985 0.2985 0.291 0.291 0.291 0.3225 0.3225 0.2975 0.2975 0.3495 0.3495 0.3495 0.323 0.323 0.316 0.316 0.273 0.273 0.3 0.3 0.3 0.3115 0.3115 0.43 0.43 0.4415 0.4415 0.4415 0.455 0.455 0.4095 0.4095 0.364 0.364 0.364 0.3585 0.3585 0.337 0.337 0.3235 0.3235 0.3235 0.3135 0.3135 0.294 0.294
0.139 0.1595 0.1595 0.172 0.172 0.172 0.173 0.173 0.1855 0.1855 0.2575 0.2575 0.276 0.276 0.276 0.278 0.278 0.295 0.295 0.3115 0.3115 0.3115 0.3645 0.3645 0.338 0.338 0.2655 0.2655 0.2655 0.25 0.25 0.2535 0.2535 0.2705 0.2705 0.2705 0.2685 0.2685 0.286 0.286 0.2735 0.2735 0.2735 0.2935 0.2935 0.2845 0.2845 0.3755 0.3755 0.3795 0.3795 0.3795 0.4075 0.4075 0.4115 0.4115 0.4725 0.4725 0.4725 0.4555 0.4555 0.3535 0.3535 0.4185 0.4185 0.4185 0.412 0.412 0.3425 0.3425 0.3295 0.3295 0.3295 0.314 0.314 0.337 0.337
0.139 0.1595 0.1595 0.172 0.172 0.172 0.173 0.173 0.1855 0.1855 0.2575 0.2575 0.276 0.276 0.276 0.278 0.278 0.295 0.295 0.3115 0.3115 0.3115 0.3645 0.3645 0.338 0.338 0.2655 0.2655 0.2655 0.25 0.25 0.2535 0.2535 0.2705 0.2705 0.2705 0.2685 0.2685 0.286 0.286 0.2735 0.2735 0.2735 0.2935 0.2935 0.2845 0.2845 0.3755 0.3755 0.3795 0.3795 0.3795 0.4075 0.4075 0.4115 0.4115 0.4725 0.4725 0.4725 0.4555 0.4555 0.3535 0.3535 0.4185 0.4185 0.4185 0.412 0.412 0.3425 0.3425 0.3295 0.3295 0.3295 0.314 0.314 0.337 0.337
0.164 0.181 0.181 0.1705 0.1705 0.1705 0.21 0.21 0.2625 0.2625 0.2865 0.2865 0.3085 0.3085 0.3085 0.299 0.299 0.3495 0.3495 0.3325 0.3325 0.3325 0.3295 0.3295 0.295 0.295 0.2525 0.2525 0.2525 0.281 0.281 0.2865 0.2865 0.2605 0.2605 0.2605 0.2935 0.2935 0.2615 0.2615 0.274 0.274 0.274 0.293 0.293 0.2765 0.2765 0.3385 0.3385 0.3085 0.3085 0.3085 0.4065 0.4065 0.4355 0.4355 0.5175 0.5175 0.5175 0.48 0.48 0.4355 0.4355 0.398 0.398 0.398 0.4125 0.4125 0.3755 0.3755 0.335 0.335 0.335 0.342 0.342 0.359 0.359
0.164 0.181 0.181 0.1705 0.1705 0.1705 0.21 0.21 0.2625 0.2625 0.2865 0.2865 0.3085 0.3085 0.3085 0.299 0.299 0.3495 0.3495 0.3325 0.3325 0.3325 0.3295 0.3295 0.295 0.295 0.2525 0.2525 0.2525 0.281 0.281 0.2865 0.2865 0.2605 0.2605 0.2605 0.2935 0.2935 0.2615 0.2615 0.274 0.274 0.274 0.293 0.293 0.2765 0.2765 0.3385 0.3385 0.3085 0.3085 0.3085 0.4065 0.4065 0.4355 0.4355 0.5175 0.5175 0.5175 0.48 0.48 0.4355 0.4355 0.398 0.398 0.398 0.4125 0.4125 0.3755 0.3755 0.335 0.335 0.335 0.342 0.342 0.359 0.359
0.202 0.197 0.197 0.224 0.224 0.224 0.218 0.218 0.2255 0.2255 0.3035 0.3035 0.3035 0.3035 0.3035 0.305 0.305 0.3525 0.3525 0.3135 0.3135 0.3135 0.292 0.292 0.2745 0.2745 0.271 0.271 0.271 0.2665 0.2665 0.284 0.284 0.2775 0.2775 0.2775 0.2535 0.2535 0.257 0.257 0.2985 0.2985 0.2985 0.3345 0.3345 0.331 0.331 0.4045 0.4045 0.411 0.411 0.411 0.4385 0.4385 0.496 0.496 0.4915 0.4915 0.4915 0.426 0.426 0.417 0.417 0.3555 0.3555 0.3555 0.3545 0.3545 0.3345 0.3345 0.3465 0.3465 0.3465 0.345 0.345 0.3695 0.3695
0.202 0.197 0.197 0.224 0.224 0.224 0.218 0.218 0.2255 0.2255 0.3035 0.3035 0.3035 0.3035 0.3035 0.305 0.305 0.3525 0.3525 0.3135 0.3135 0.3135 0.292 0.292 0.2745 0.2745 0.271 0.271 0.271 0.2665 0.2665 0.284 0.284 0.2775 0.2775 0.2775 0.2535 0.2535 0.257 0.257 0.2985 0.2985 0.2985 0.3345 0.3345 0.331 0.331 0.4045 0.4045 0.411 0.411 0.411 0.4385 0.4385 0.496 0.496 0.4915 0.4915 0.4915 0.426 0.426 0.417 0.417 0.3555 0.3555 0.3555 0.3545 0.3545 0.3345 0.3345 0.3465 0.3465 0.3465 0.345 0.345 0.3695 0.3695
0.202 0.197 0.197 0.224 0.224 0.224 0.218 0.218 0.2255 0.2255 0.3035 0.3035 0.3035 0.3035 0.3035 0.305 0.305 0.3525 0.3525 0.3135 0.3135 0.3135 0.292 0.292 0.2745 0.2745 0.271 0.271 0.271 0.2665 0.2665 0.284 0.284 0.2775 0.2775 0.2775 0.2535 0.2535 0.257 0.257 0.2985 0.2985 0.2985 0.3345 0.3345 0.331 0.331 0.4045 0.4045 0.411 0.411 0.411 0.4385 0.4385 0.496 0.496 0.4915 0.4915 0.4915 0.426 0.426 0.417 0.417 0.3555 0.3555 0.3555 0.3545 0.3545 0.3345 0.3345 0.3465 0.3465 0.3465 0.345 0.345 0.3695 0.3695
0.2325 0.2325 0.2325 0.2655 0.2655 0.2655 0.2395 0.2395 0.2465 0.2465 0.2935 0.2935 0.298 0.298 0.298 0.3085 0.3085 0.3035 0.3035 0.2885 0.2885 0.2885 0.276 0.276 0.258 0.258 0.251 0.251 0.251 0.2565 0.2565 0.302 0.302 0.277 0.277 0.277 0.279 0.279 0.3025 0.3025 0.3285 0.3285 0.3285 0.3645 0.3645 0.4125 0.4125 0.375 0.375 0.449 0.449 0.449 0.451 0.451 0.403 0.403 0.397 0.397 0.397 0.348 0.348 0.3075 0.3075 0.3125 0.3125 0.3125 0.333 0.333 0.3325 0.3325 0.3305 0.3305 0.3305 0.3565 0.3565 0.366 0.366
0.2325 0.2325 0.2325 0.2655 0.2655 0.2655 0.2395 0.2395 0.2465 0.2465 0.2935 0.2935 0.298 0.298 0.298 0.3085 0.3085 0.3035 0.3035 0.2885 0.2885 0.2885 0.276 0.276 0.258 0.258 0.251 0.251 0.251 0.2565 0.2565 0.302 0.302 0.277 0.277 0.277 0.279 0.279 0.3025 0.3025 0.3285 0.3285 0.3285 0.3645 0.3645 0.4125 0.4125 0.375 0.375 0.449 0.449 0.449 0.451 0.451 0.403 0.403 0.397 0.397 0.397 0.348 0.348 0.3075 0.3075 0.3125 0.3125 0.3125 0.333 0.333 0.3325 0.3325 0.3305 0.3305 0.3305 0.3565 0.3565 0.366 0.366
0.257 0.24 0.24 0.2545 0.2545 0.2545 0.244 0.244 0.272 0.272 0.3175 0.3175 0.356 0.356 0.356 0.316 0.316 0.3155 0.3155 0.2965 0.2965 0.2965 0.287 0.287 0.294 0.294 0.251 0.251 0.251 0.257 0.257 0.2715 0.2715 0.276 0.276 0.276 0.3205 0.3205 0.304 0.304 0.3035 0.3035 0.3035 0.3375 0.3375 0.4225 0.4225 0.376 0.376 0.373 0.373 0.373 0.41 0.41 0.3615 0.3615 0.3465 0.3465 0.3465 0.326 0.326 0.3325 0.3325 0.3255 0.3255 0.3255 0.3405 0.3405 0.384 0.384 0.383 0.383 0.383 0.37 0.37 0.351 0.351
0.257 0.24 0.24 0.2545 0.2545 0.2545 0.244 0.244 0.272 0.272 0.3175 0.3175 0.356 0.356 0.356 0.316 0.316 0.3155 0.3155 0.2965 0.2965 0.2965 0.287 0.287 0.294 0.294 0.251 0.251 0.251 0.257 0.257 0.2715 0.2715 0.276 0.276 0.276 0.3205 0.3205 0.304 0.304 0.3035 0.3035 0.3035 0.3375 0.3375 0.4225 0.4225 0.376 0.376 0.373 0.373 0.373 0.41 0.41 0.3615 0.3615 0.3465 0.3465 0.3465 0.326 0.326 0.3325 0.3325 0.3255 0.3255 0.3255 0.3405 0.3405 0.384 0.384 0.383 0.383 0.383 0.37 0.37 0.351 0.351
0.2685 0.316 0.316 0.272 0.272 0.272 0.311 0.311 0.335 0.335 0.346 0.346 0.347 0.347 0.347 0.331 0.331 0.299 0.299 0.2665 0.2665 0.2665 0.2355 0.2355 0.244 0.244 0.26 0.26 0.26 0.284 0.284 0.2685 0.2685 0.3225 0.3225 0.3225 0.3175 0.3175 0.3535 0.3535 0.356 0.356 0.356 0.431 0.431 0.3535 0.3535 0.3755 0.3755 0.373 0.373 0.373 0.3355 0.3355 0.3775 0.3775 0.4045 0.4045 0.4045 0.3605 0.3605 0.345 0.345 0.3325 0.3325 0.3325 0.35 0.35 0.3255 0.3255 0.3515 0.3515 0.3515 0.4065 0.4065 0.3965 0.3965
0.2685 0.316 0.316 0.272 0.272 0.272 0.311 0.311 0.335 0.335 0.346 0.346 0.347 0.347 0.347 0.331 0.331 0.299 0.299 0.2665 0.2665 0.2665 0.2355 0.2355 0.244 0.244 0.26 0.26 0.26 0.284 0.284 0.2685 0.2685 0.3225 0.3225 0.3225 0.3175 0.3175 0.3535 0.3535 0.356 0.356 0.356 0.431 0.431 0.3535 0.3535 0.3755 0.3755 0.373 0.373 0.373 0.3355 0.3355 0.3775 0.3775 0.4045 0.4045 0.4045 0.3605 0.3605 0.345 0.345 0.3325 0.3325 0.3325 0.35 0.35 0.3255 0.3255 0.3515 0.3515 0.3515 0.4065 0.4065 0.3965 0.3965
0.2685 0.316 0.316 0.272 0.272 0.272 0.311 0.311 0.335 0.335 0.346 0.346 0.347 0.347 0.347 0.331 0.331 0.299 0.299 0.2665 0.2665 0.2665 0.2355 0.2355 0.244 0.244 0.26 0.26 0.26 0.284 0.284 0.2685 0.2685 0.3225 0.3225 0.3225 0.3175 0.3175 0.3535 0.3535 0.356 0.356 0.356 0.431 0.431 0.3535 0.3535 0.3755 0.3755 0.373 0.373 0.373 0.3355 0.3355 0.3775 0.3775 0.4045 0.4045 0.4045 0.3605 0.3605 0.345 0.345 0.3325 0.3325 0.3325 0.35 0.35 0.3255 0.3255 0.3515 0.3515 0.3515 0.4065 0.4065 0.3965 0.3965
0.2925 0.304 0.304 0.3595 0.3595 0.3595 0.3115 0.3115 0.327 0.327 0.289 0.289 0.2995 0.2995 0.2995 0.276 0.276 0.287 0.287 0.3 0.3 0.3 0.2615 0.2615 0.259 0.259 0.2495 0.2495 0.2495 0.281 0.281 0.3575 0.3575 0.3255 0.3255 0.3255 0.3865 0.3865 0.38 0.38 0.33 0.33 0.33 0.3665 0.3665 0.4075 0.4075 0.4195 0.4195 0.3605 0.3605 0.3605 0.3185 0.3185 0.302 0.302 0.302 0.302 0.302 0.3045 0.3045 0.324 0.324 0.292 0.292 0.292 0.2705 0.2705 0.3075 0.3075 0.3675 0.3675 0.3675 0.41 0.41 0.4245 0.4245
0.2925 0.304 0.304 0.3595 0.3595 0.3595 0.3115 0.3115 0.327 0.327 0.289 0.289 0.2995 0.2995 0.2995 0.276 0.276 0.287 0.287 0.3 0.3 0.3 0.2615 0.2615 0.259 0.259 0.2495 0.2495 0.2495 0.281 0.281 0.3575 0.3575 0.3255 0.3255 0.3255 0.3865 0.3865 0.38 0.38 0.33 0.33 0.33 0.3665 0.3665 0.4075 0.4075 0.4195 0.4195 0.3605 0.3605 0.3605 0.3185 0.3185 0.302 0.302 0.302 0.302 0.302 0.3045 0.3045 0.324 0.324 0.292 0.292 0.292 0.2705 0.2705 0.3075 0.3075 0.3675 0.3675 0.3675 0.41 0.41 0.4245 0.4245
0.4055 0.3535 0.3535 0.3445 0.3445 0.3445 0.309 0.309 0.307 0.307 0.3325 0.3325 0.283 0.283 0.283 0.2815 0.2815 0.287 0.287 0.302 0.302 0.302 0.2895 0.2895 0.276 0.276 0.283 0.283 0.283 0.3125 0.3125 0.342 0.342 0.326 0.326 0.326 0.365 0.365 0.358 0.358 0.3355 0.3355 0.3355 0.3705 0.3705 0.3885 0.3885 0.35 0.35 0.295 0.295 0.295 0.2945 0.2945 0.2995 0.2995 0.301 0.301 0.301 0.3015 0.3015 0.3975 0.3975 0.3325 0.3325 0.3325 0.3325 0.3325 0.3565 0.3565 0.4095 0.4095 0.4095 0.4485 0.4485 0.396 0.396
0.4055 0.3535 0.3535 0.3445 0.3445 0.3445 0.309 0.309 0.307 0.307 0.3325 0.3325 0.283 0.283 0.283 0.2815 0.2815 0.287 0.287 0.302 0.302 0.302 0.2895 0.2895 0.276 0.276 0.283 0.283 0.283 0.3125 0.3125 0.342 0.342 0.326 0.326 0.326 0.365 0.365 0.358 0.358 0.3355 0.3355 0.3355 0.3705 0.3705 0.3885 0.3885 0.35 0.35 0.295 0.295 0.295 0.2945 0.2945 0.2995 0.2995 0.301 0.301 0.301 0.3015 0.3015 0.3975 0.3975 0.3325 0.3325 0.3325 0.3325 0.3325 0.3565 0.3565 0.4095 0.4095 0.4095 0.4485 0.4485 0.396 0.396
0.4255 0.3945 0.3945 0.3916 0.3916 0.3916 0.287 0.287 0.332 0.332 0.2985 0.2985 0.357 0.357 0.357 0.3135 0.3135 0.283 0.283 0.3045 0.3045 0.3045 0.318 0.318 0.3775 0.3775 0.2985 0.2985 0.2985 0.325 0.325 0.3685 0.3685 0.3495 0.3495 0.3495 0.328 0.328 0.363 0.363 0.369 0.369 0.369 0.314 0.314 0.378 0.378 0.3435 0.3435 0.3295 0.3295 0.3295 0.2785 0.2785 0.3165 0.3165 0.492 0.492 0.492 0.3725 0.3725 0.342 0.342 0.3575 0.3575 0.3575 0.3255 0.3255 0.329 0.329 0.391 0.391 0.391 0.3865 0.3865 0.3765 0.3765
0.4255 0.3945 0.3945 0.3916 0.3916 0.3916 0.287 0.287 0.332 0.332 0.2985 0.2985 0.357 0.357 0.357 0.3135 0.3135 0.283 0.283 0.3045 0.3045 0.3045 0.318 0.318 0.3775 0.3775 0.2985 0.2985 0.2985 0.325 0.325 0.3685 0.3685 0.3495 0.3495 0.3495 0.328 0.328 0.363 0.363 0.369 0.369 0.369 0.314 0.314 0.378 0.378 0.3435 0.3435 0.3295 0.3295 0.3295 0.2785 0.2785 0.3165 0.3165 0.492 0.492 0.492 0.3725 0.3725 0.342 0.342 0.3575 0.3575 0.3575 0.3255 0.3255 0.329 0.329 0.391 0.391 0.391 0.3865 0.3865 0.3765 0.3765
0.3915 0.402 0.402 0.337 0.337 0.337 0.303 0.303 0.336 0.336 0.39 0.39 0.375 0.375 0.375 0.392 0.392 0.347 0.347 0.3165 0.3165 0.3165 0.3265 0.3265 0.357 0.357 0.349 0.349 0.349 0.344 0.344 0.3165 0.3165 0.3265 0.3265 0.3265 0.395 0.395 0.4 0.4 0.3625 0.3625 0.3625 0.3655 0.3655 0.39 0.39 0.3885 0.3885 0.4435 0.4435 0.4435 0.3215 0.3215 0.4905 0.4905 0.469 0.469 0.469 0.418 0.418 0.4085 0.4085 0.373 0.373 0.373 0.352 0.352 0.3355 0.3355 0.351 0.351 0.351 0.355 0.355 0.327 0.327
0.3915 0.402 0.402 0.337 0.337 0.337 0.303 0.303 0.336 0.336 0.39 0.39 0.375 0.375 0.375 0.392 0.392 0.347 0.347 0.3165 0.3165 0.3165 0.3265 0.3265 0.357 0.357 0.349 0.349 0.349 0.344 0.344 0.3165 0.3165 0.3265 0.3265 0.3265 0.395 0.395 0.4 0.4 0.3625 0.3625 0.3625 0.3655 0.3655 0.39 0.39 0.3885 0.3885 0.4435 0.4435 0.4435 0.3215 0.3215 0.4905 0.4905 0.469 0.469 0.469 0.418 0.418 0.4085 0.4085 0.373 0.373 0.373 0.352 0.352 0.3355 0.3355 0.351 0.351 0.351 0.355 0.355 0.327 0.327
