ndvi/NOAA-25.asc
ncols         252
nrows         154
xllcorner     -18.017974
yllcorner     13.481982
cellsize      0.035948
NODATA_value  -9999
[rows 0 to 34 of 154, columns 77 to 153 of 252]
0.094 0.094 0.0955 0.0955 0.096 0.096 0.098 0.098 0.098 0.095 0.095 0.1005 0.1005 0.1005 0.1005 0.0985 0.0985 0.0985 0.096 0.096 0.093 0.093 0.0955 0.0955 0.0955 0.093 0.093 0.094 0.094 0.08849999 0.08849999 0.08849999 0.08849999 0.08849999 0.085 0.085 0.085 0.085 0.085 0.082 0.082 0.08 0.08 0.0865 0.0865 0.0865 0.094 0.094 0.0935 0.0935 0.097 0.097 0.0925 0.0925 0.0925 0.0925 0.0925 0.095 0.095 0.097 0.097 0.097 0.0985 0.0985 0.0945 0.0945 0.0975 0.0975 0.0975 0.09 0.09 0.09100001 0.09100001 0.1 0.1 0.1 0.099
0.094 0.094 0.0955 0.0955 0.096 0.096 0.098 0.098 0.098 0.095 0.095 0.1005 0.1005 0.1005 0.1005 0.0985 0.0985 0.0985 0.096 0.096 0.093 0.093 0.0955 0.0955 0.0955 0.093 0.093 0.094 0.094 0.08849999 0.08849999 0.08849999 0.08849999 0.08849999 0.085 0.085 0.085 0.085 0.085 0.082 0.082 0.08 0.08 0.0865 0.0865 0.0865 0.094 0.094 0.0935 0.0935 0.097 0.097 0.0925 0.0925 0.0925 0.0925 0.0925 0.095 0.095 0.097 0.097 0.097 0.0985 0.0985 0.0945 0.0945 0.0975 0.0975 0.0975 0.09 0.09 0.09100001 0.09100001 0.1 0.1 0.1 0.099
0.09550001 0.09550001 0.09649999 0.09649999 0.09450001 0.09450001 0.09450001 0.09450001 0.09450001 0.09100001 0.09100001 0.1 0.1 0.096 0.096 0.098 0.098 0.098 0.095 0.095 0.095 0.095 0.095 0.095 0.095 0.096 0.096 0.0945 0.0945 0.0865 0.0865 0.0865 0.0835 0.0835 0.0825 0.0825 0.09 0.09 0.09 0.0845 0.0845 0.084 0.084 0.0895 0.0895 0.0895 0.098 0.098 0.105 0.105 0.097 0.097 0.105 0.105 0.105 0.105 0.105 0.106 0.106 0.1005 0.1005 0.1005 0.0975 0.0975 0.0995 0.0995 0.0975 0.0975 0.0975 0.0955 0.0955 0.0925 0.0925 0.09299999 0.09299999 0.09299999 0.0945
0.09550001 0.09550001 0.09649999 0.09649999 0.09450001 0.09450001 0.09450001 0.09450001 0.09450001 0.09100001 0.09100001 0.1 0.1 0.096 0.096 0.098 0.098 0.098 0.095 0.095 0.095 0.095 0.095 0.095 0.095 0.096 0.096 0.0945 0.0945 0.0865 0.0865 0.0865 0.0835 0.0835 0.0825 0.0825 0.09 0.09 0.09 0.0845 0.0845 0.084 0.084 0.0895 0.0895 0.0895 0.098 0.098 0.105 0.105 0.097 0.097 0.105 0.105 0.105 0.105 0.105 0.106 0.106 0.1005 0.1005 0.1005 0.0975 0.0975 0.0995 0.0995 0.0975 0.0975 0.0975 0.0955 0.0955 0.0925 0.0925 0.09299999 0.09299999 0.09299999 0.0945
0.09550001 0.09550001 0.09649999 0.09649999 0.09450001 0.09450001 0.09450001 0.09450001 0.09450001 0.09100001 0.09100001 0.1 0.1 0.096 0.096 0.098 0.098 0.098 0.095 0.095 0.095 0.095 0.095 0.095 0.095 0.096 0.096 0.0945 0.0945 0.0865 0.0865 0.0865 0.0835 0.0835 0.0825 0.0825 0.09 0.09 0.09 0.0845 0.0845 0.084 0.084 0.0895 0.0895 0.0895 0.098 0.098 0.105 0.105 0.097 0.097 0.105 0.105 0.105 0.105 0.105 0.106 0.106 0.1005 0.1005 0.1005 0.0975 0.0975 0.0995 0.0995 0.0975 0.0975 0.0975 0.0955 0.0955 0.0925 0.0925 0.09299999 0.09299999 0.09299999 0.0945
0.09649999 0.09649999 0.09450001 0.09450001 0.094 0.094 0.0975 0.0975 0.0975 0.1005 0.1005 0.1005 0.1005 0.098 0.098 0.09450001 0.09450001 0.09450001 0.096 0.096 0.096 0.096 0.097 0.097 0.097 0.09 0.09 0.0905 0.0905 0.08400001 0.08400001 0.08400001 0.083 0.083 0.077 0.077 0.0835 0.0835 0.0835 0.089 0.089 0.0865 0.0865 0.092 0.092 0.092 0.09649999 0.09649999 0.1015 0.1015 0.101 0.101 0.104 0.104 0.104 0.1005 0.1005 0.0995 0.0995 0.106 0.106 0.106 0.104 0.104 0.1015 0.1015 0.1025 0.1025 0.1025 0.101 0.101 0.0995 0.0995 0.0985 0.0985 0.0985 0.099
0.09649999 0.09649999 0.09450001 0.09450001 0.094 0.094 0.0975 0.0975 0.0975 0.1005 0.1005 0.1005 0.1005 0.098 0.098 0.09450001 0.09450001 0.09450001 0.096 0.096 0.096 0.096 0.097 0.097 0.097 0.09 0.09 0.0905 0.0905 0.08400001 0.08400001 0.08400001 0.083 0.083 0.077 0.077 0.0835 0.0835 0.0835 0.089 0.089 0.0865 0.0865 0.092 0.092 0.092 0.09649999 0.09649999 0.1015 0.1015 0.101 0.101 0.104 0.104 0.104 0.1005 0.1005 0.0995 0.0995 0.106 0.106 0.106 0.104 0.104 0.1015 0.1015 0.1025 0.1025 0.1025 0.101 0.101 0.0995 0.0995 0.0985 0.0985 0.0985 0.099
0.09450001 0.09450001 0.0935 0.0935 0.0965 0.0965 0.098 0.098 0.098 0.1005 0.1005 0.1015 0.1015 0.094 0.094 0.0945 0.0945 0.0945 0.09550001 0.09550001 0.0975 0.0975 0.097 0.097 0.097 0.09450001 0.09450001 0.0905 0.0905 0.09 0.09 0.09 0.0985 0.0985 0.094 0.094 0.089 0.089 0.089 0.088 0.088 0.0955 0.0955 0.1 0.1 0.1 0.106 0.106 0.103 0.103 0.1025 0.1025 0.104 0.104 0.104 0.1065 0.1065 0.105 0.105 0.109 0.109 0.109 0.102 0.102 0.1005 0.1005 0.1015 0.1015 0.1015 0.104 0.104 0.09999999 0.09999999 0.09999999 0.09999999 0.09999999 0.0995
0.09450001 0.09450001 0.0935 0.0935 0.0965 0.0965 0.098 0.098 0.098 0.1005 0.1005 0.1015 0.1015 0.094 0.094 0.0945 0.0945 0.0945 0.09550001 0.09550001 0.0975 0.0975 0.097 0.097 0.097 0.09450001 0.09450001 0.0905 0.0905 0.09 0.09 0.09 0.0985 0.0985 0.094 0.094 0.089 0.089 0.089 0.088 0.088 0.0955 0.0955 0.1 0.1 0.1 0.106 0.106 0.103 0.103 0.1025 0.1025 0.104 0.104 0.104 0.1065 0.1065 0.105 0.105 0.109 0.109 0.109 0.102 0.102 0.1005 0.1005 0.1015 0.1015 0.1015 0.104 0.104 0.09999999 0.09999999 0.09999999 0.09999999 0.09999999 0.0995
0.096 0.096 0.103 0.103 0.1 0.1 0.1005 0.1005 0.1005 0.102 0.102 0.1 0.1 0.0985 0.0985 0.101 0.101 0.101 0.103 0.103 0.107 0.107 0.1055 0.1055 0.1055 0.115 0.115 0.106 0.106 0.1055 0.1055 0.1055 0.108 0.108 0.109 0.109 0.1075 0.1075 0.1075 0.092 0.092 0.105 0.105 0.1105 0.1105 0.1105 0.1105 0.1105 0.1085 0.1085 0.1065 0.1065 0.105 0.105 0.105 0.1085 0.1085 0.105 0.105 0.107 0.107 0.107 0.1075 0.1075 0.102 0.102 0.1025 0.1025 0.1025 0.0975 0.0975 0.102 0.102 0.09999999 0.09999999 0.09999999 0.1035
0.096 0.096 0.103 0.103 0.1 0.1 0.1005 0.1005 0.1005 0.102 0.102 0.1 0.1 0.0985 0.0985 0.101 0.101 0.101 0.103 0.103 0.107 0.107 0.1055 0.1055 0.1055 0.115 0.115 0.106 0.106 0.1055 0.1055 0.1055 0.108 0.108 0.109 0.109 0.1075 0.1075 0.1075 0.092 0.092 0.105 0.105 0.1105 0.1105 0.1105 0.1105 0.1105 0.1085 0.1085 0.1065 0.1065 0.105 0.105 0.105 0.1085 0.1085 0.105 0.105 0.107 0.107 0.107 0.1075 0.1075 0.102 0.102 0.1025 0.1025 0.1025 0.0975 0.0975 0.102 0.102 0.09999999 0.09999999 0.09999999 0.1035
0.1085 0.1085 0.107 0.107 0.101 0.101 0.103 0.103 0.103 0.106 0.106 0.1035 0.1035 0.1095 0.1095 0.1115 0.1115 0.1115 0.11 0.11 0.1075 0.1075 0.1105 0.1105 0.1105 0.1095 0.1095 0.1045 0.1045 0.103 0.103 0.103 0.1025 0.1025 0.104 0.104 0.1065 0.1065 0.1065 0.106 0.106 0.1145 0.1145 0.1155 0.1155 0.1155 0.11 0.11 0.108 0.108 0.11 0.11 0.113 0.113 0.113 0.114 0.114 0.1125 0.1125 0.112 0.112 0.112 0.1095 0.1095 0.114 0.114 0.107 0.107 0.107 0.104 0.104 0.1015 0.1015 0.106 0.106 0.106 0.109
0.1085 0.1085 0.107 0.107 0.101 0.101 0.103 0.103 0.103 0.106 0.106 0.1035 0.1035 0.1095 0.1095 0.1115 0.1115 0.1115 0.11 0.11 0.1075 0.1075 0.1105 0.1105 0.1105 0.1095 0.1095 0.1045 0.1045 0.103 0.103 0.103 0.1025 0.1025 0.104 0.104 0.1065 0.1065 0.1065 0.106 0.106 0.1145 0.1145 0.1155 0.1155 0.1155 0.11 0.11 0.108 0.108 0.11 0.11 0.113 0.113 0.113 0.114 0.114 0.1125 0.1125 0.112 0.112 0.112 0.1095 0.1095 0.114 0.114 0.107 0.107 0.107 0.104 0.104 0.1015 0.1015 0.106 0.106 0.106 0.109
0.1085 0.1085 0.107 0.107 0.101 0.101 0.103 0.103 0.103 0.106 0.106 0.1035 0.1035 0.1095 0.1095 0.1115 0.1115 0.1115 0.11 0.11 0.1075 0.1075 0.1105 0.1105 0.1105 0.1095 0.1095 0.1045 0.1045 0.103 0.103 0.103 0.1025 0.1025 0.104 0.104 0.1065 0.1065 0.1065 0.106 0.106 0.1145 0.1145 0.1155 0.1155 0.1155 0.11 0.11 0.108 0.108 0.11 0.11 0.113 0.113 0.113 0.114 0.114 0.1125 0.1125 0.112 0.112 0.112 0.1095 0.1095 0.114 0.114 0.107 0.107 0.107 0.104 0.104 0.1015 0.1015 0.106 0.106 0.106 0.109
0.1115 0.1115 0.11 0.11 0.1105 0.1105 0.1125 0.1125 0.1125 0.1065 0.1065 0.1045 0.1045 0.113 0.113 0.114 0.114 0.114 0.115 0.115 0.1125 0.1125 0.1155 0.1155 0.1155 0.107 0.107 0.1085 0.1085 0.1015 0.1015 0.1015 0.103 0.103 0.1055 0.1055 0.103 0.103 0.103 0.109 0.109 0.116 0.116 0.119 0.119 0.119 0.1165 0.1165 0.119 0.119 0.1155 0.1155 0.1175 0.1175 0.1175 0.1215 0.1215 0.111 0.111 0.1175 0.1175 0.1175 0.115 0.115 0.115 0.115 0.1105 0.1105 0.1105 0.1075 0.1075 0.105 0.105 0.11 0.11 0.11 0.111
0.1115 0.1115 0.11 0.11 0.1105 0.1105 0.1125 0.1125 0.1125 0.1065 0.1065 0.1045 0.1045 0.113 0.113 0.114 0.114 0.114 0.115 0.115 0.1125 0.1125 0.1155 0.1155 0.1155 0.107 0.107 0.1085 0.1085 0.1015 0.1015 0.1015 0.103 0.103 0.1055 0.1055 0.103 0.103 0.103 0.109 0.109 0.116 0.116 0.119 0.119 0.119 0.1165 0.1165 0.119 0.119 0.1155 0.1155 0.1175 0.1175 0.1175 0.1215 0.1215 0.111 0.111 0.1175 0.1175 0.1175 0.115 0.115 0.115 0.115 0.1105 0.1105 0.1105 0.1075 0.1075 0.105 0.105 0.11 0.11 0.11 0.111
0.1105 0.1105 0.111 0.111 0.109 0.109 0.1055 0.1055 0.1055 0.1135 0.1135 0.115 0.115 0.1115 0.1115 0.1135 0.1135 0.1135 0.109 0.109 0.113 0.113 0.113 0.113 0.113 0.108 0.108 0.109 0.109 0.1085 0.1085 0.1085 0.1025 0.1025 0.11 0.11 0.108 0.108 0.108 0.108 0.108 0.115 0.115 0.1165 0.1165 0.1165 0.122 0.122 0.121 0.121 0.1195 0.1195 0.122 0.122 0.122 0.1175 0.1175 0.1165 0.1165 0.1205 0.1205 0.1205 0.122 0.122 0.12 0.12 0.116 0.116 0.116 0.107 0.107 0.1025 0.1025 0.104 0.104 0.104 0.111
0.1105 0.1105 0.111 0.111 0.109 0.109 0.1055 0.1055 0.1055 0.1135 0.1135 0.115 0.115 0.1115 0.1115 0.1135 0.1135 0.1135 0.109 0.109 0.113 0.113 0.113 0.113 0.113 0.108 0.108 0.109 0.109 0.1085 0.1085 0.1085 0.1025 0.1025 0.11 0.11 0.108 0.108 0.108 0.108 0.108 0.115 0.115 0.1165 0.1165 0.1165 0.122 0.122 0.121 0.121 0.1195 0.1195 0.122 0.122 0.122 0.1175 0.1175 0.1165 0.1165 0.1205 0.1205 0.1205 0.122 0.122 0.12 0.12 0.116 0.116 0.116 0.107 0.107 0.1025 0.1025 0.104 0.104 0.104 0.111
0.1105 0.1105 0.107 0.107 0.106 0.106 0.112 0.112 0.112 0.1175 0.1175 0.1105 0.1105 0.107 0.107 0.113 0.113 0.113 0.111 0.111 0.1075 0.1075 0.111 0.111 0.111 0.109 0.109 0.1105 0.1105 0.1145 0.1145 0.1145 0.1155 0.1155 0.112 0.112 0.111 0.111 0.111 0.109 0.109 0.107 0.107 0.117 0.117 0.117 0.1185 0.1185 0.123 0.123 0.115 0.115 0.116 0.116 0.116 0.114 0.114 0.114 0.114 0.1195 0.1195 0.1195 0.1245 0.1245 0.12 0.12 0.111 0.111 0.111 0.114 0.114 0.118 0.118 0.1005 0.1005 0.1005 0.1105
0.1105 0.1105 0.107 0.107 0.106 0.106 0.112 0.112 0.112 0.1175 0.1175 0.1105 0.1105 0.107 0.107 0.113 0.113 0.113 0.111 0.111 0.1075 0.1075 0.111 0.111 0.111 0.109 0.109 0.1105 0.1105 0.1145 0.1145 0.1145 0.1155 0.1155 0.112 0.112 0.111 0.111 0.111 0.109 0.109 0.107 0.107 0.117 0.117 0.117 0.1185 0.1185 0.123 0.123 0.115 0.115 0.116 0.116 0.116 0.114 0.114 0.114 0.114 0.1195 0.1195 0.1195 0.1245 0.1245 0.12 0.12 0.111 0.111 0.111 0.114 0.114 0.118 0.118 0.1005 0.1005 0.1005 0.1105
0.1105 0.1105 0.107 0.107 0.106 0.106 0.112 0.112 0.112 0.1175 0.1175 0.1105 0.1105 0.107 0.107 0.113 0.113 0.113 0.111 0.111 0.1075 0.1075 0.111 0.111 0.111 0.109 0.109 0.1105 0.1105 0.1145 0.1145 0.1145 0.1155 0.1155 0.112 0.112 0.111 0.111 0.111 0.109 0.109 0.107 0.107 0.117 0.117 0.117 0.1185 0.1185 0.123 0.123 0.115 0.115 0.116 0.116 0.116 0.114 0.114 0.114 0.114 0.1195 0.1195 0.1195 0.1245 0.1245 0.12 0.12 0.111 0.111 0.111 0.114 0.114 0.118 0.118 0.1005 0.1005 0.1005 0.1105
0.104 0.104 0.107 0.107 0.1145 0.1145 0.1115 0.1115 0.1115 0.1135 0.1135 0.1105 0.1105 0.1115 0.1115 0.1195 0.1195 0.1195 0.114 0.114 0.1135 0.1135 0.1185 0.1185 0.1185 0.116 0.116 0.1135 0.1135 0.1155 0.1155 0.1155 0.121 0.121 0.1195 0.1195 0.1115 0.1115 0.1115 0.116 0.116 0.1405 0.1405 0.144 0.144 0.144 0.1415 0.1415 0.1335 0.1335 0.129 0.129 0.114 0.114 0.114 0.1185 0.1185 0.1165 0.1165 0.13 0.13 0.13 0.1375 0.1375 0.1205 0.1205 0.1215 0.1215 0.1215 0.119 0.119 0.119 0.119 0.125 0.125 0.125 0.114
0.104 0.104 0.107 0.107 0.1145 0.1145 0.1115 0.1115 0.1115 0.1135 0.1135 0.1105 0.1105 0.1115 0.1115 0.1195 0.1195 0.1195 0.114 0.114 0.1135 0.1135 0.1185 0.1185 0.1185 0.116 0.116 0.1135 0.1135 0.1155 0.1155 0.1155 0.121 0.121 0.1195 0.1195 0.1115 0.1115 0.1115 0.116 0.116 0.1405 0.1405 0.144 0.144 0.144 0.1415 0.1415 0.1335 0.1335 0.129 0.129 0.114 0.114 0.114 0.1185 0.1185 0.1165 0.1165 0.13 0.13 0.13 0.1375 0.1375 0.1205 0.1205 0.1215 0.1215 0.1215 0.119 0.119 0.119 0.119 0.125 0.125 0.125 0.114
0.1105 0.1105 0.11 0.11 0.1165 0.1165 0.123 0.123 0.123 0.1245 0.1245 0.1255 0.1255 0.1265 0.1265 0.121 0.121 0.121 0.124 0.124 0.12 0.12 0.114 0.114 0.114 0.112 0.112 0.119 0.119 0.125 0.125 0.125 0.1205 0.1205 0.1165 0.1165 0.116 0.116 0.116 0.116 0.116 0.1395 0.1395 0.142 0.142 0.142 0.134 0.134 0.145 0.145 0.145 0.145 0.12 0.12 0.12 0.1155 0.1155 0.111 0.111 0.1265 0.1265 0.1265 0.1315 0.1315 0.127 0.127 0.1245 0.1245 0.1245 0.1185 0.1185 0.114 0.114 0.123 0.123 0.123 0.1125
0.1105 0.1105 0.11 0.11 0.1165 0.1165 0.123 0.123 0.123 0.1245 0.1245 0.1255 0.1255 0.1265 0.1265 0.121 0.121 0.121 0.124 0.124 0.12 0.12 0.114 0.114 0.114 0.112 0.112 0.119 0.119 0.125 0.125 0.125 0.1205 0.1205 0.1165 0.1165 0.116 0.116 0.116 0.116 0.116 0.1395 0.1395 0.142 0.142 0.142 0.134 0.134 0.145 0.145 0.145 0.145 0.12 0.12 0.12 0.1155 0.1155 0.111 0.111 0.1265 0.1265 0.1265 0.1315 0.1315 0.127 0.127 0.1245 0.1245 0.1245 0.1185 0.1185 0.114 0.114 0.123 0.123 0.123 0.1125
0.118 0.118 0.123 0.123 0.126 0.126 0.133 0.133 0.133 0.1355 0.1355 0.1315 0.1315 0.124 0.124 0.1205 0.1205 0.1205 0.124 0.124 0.1195 0.1195 0.1265 0.1265 0.1265 0.12 0.12 0.1225 0.1225 0.123 0.123 0.123 0.1275 0.1275 0.1245 0.1245 0.112 0.112 0.112 0.122 0.122 0.1345 0.1345 0.1245 0.1245 0.1245 0.1335 0.1335 0.137 0.137 0.1365 0.1365 0.124 0.124 0.124 0.123 0.123 0.121 0.121 0.114 0.114 0.114 0.1225 0.1225 0.1225 0.1225 0.132 0.132 0.132 0.111 0.111 0.1125 0.1125 0.112 0.112 0.112 0.113
0.118 0.118 0.123 0.123 0.126 0.126 0.133 0.133 0.133 0.1355 0.1355 0.1315 0.1315 0.124 0.124 0.1205 0.1205 0.1205 0.124 0.124 0.1195 0.1195 0.1265 0.1265 0.1265 0.12 0.12 0.1225 0.1225 0.123 0.123 0.123 0.1275 0.1275 0.1245 0.1245 0.112 0.112 0.112 0.122 0.122 0.1345 0.1345 0.1245 0.1245 0.1245 0.1335 0.1335 0.137 0.137 0.1365 0.1365 0.124 0.124 0.124 0.123 0.123 0.121 0.121 0.114 0.114 0.114 0.1225 0.1225 0.1225 0.1225 0.132 0.132 0.132 0.111 0.111 0.1125 0.1125 0.112 0.112 0.112 0.113
0.118 0.118 0.123 0.123 0.126 0.126 0.133 0.133 0.133 0.1355 0.1355 0.1315 0.1315 0.124 0.124 0.1205 0.1205 0.1205 0.124 0.124 0.1195 0.1195 0.1265 0.1265 0.1265 0.12 0.12 0.1225 0.1225 0.123 0.123 0.123 0.1275 0.1275 0.1245 0.1245 0.112 0.112 0.112 0.122 0.122 0.1345 0.1345 0.1245 0.1245 0.1245 0.1335 0.1335 0.137 0.137 0.1365 0.1365 0.124 0.124 0.124 0.123 0.123 0.121 0.121 0.114 0.114 0.114 0.1225 0.1225 0.1225 0.1225 0.132 0.132 0.132 0.111 0.111 0.1125 0.1125 0.112 0.112 0.112 0.113
0.117 0.117 0.129 0.129 0.133 0.133 0.13 0.13 0.13 0.133 0.133 0.1415 0.1415 0.13 0.13 0.133 0.133 0.133 0.129 0.129 0.1275 0.1275 0.124 0.124 0.124 0.123 0.123 0.1225 0.1225 0.1275 0.1275 0.1275 0.116 0.116 0.1305 0.1305 0.1295 0.1295 0.1295 0.125 0.125 0.1335 0.1335 0.1265 0.1265 0.1265 0.124 0.124 0.1375 0.1375 0.1305 0.1305 0.131 0.131 0.131 0.1225 0.1225 0.126 0.126 0.12 0.12 0.12 0.1235 0.1235 0.126 0.126 0.1265 0.1265 0.1265 0.128 0.128 0.106 0.106 0.1175 0.1175 0.1175 0.1085
0.117 0.117 0.129 0.129 0.133 0.133 0.13 0.13 0.13 0.133 0.133 0.1415 0.1415 0.13 0.13 0.133 0.133 0.133 0.129 0.129 0.1275 0.1275 0.124 0.124 0.124 0.123 0.123 0.1225 0.1225 0.1275 0.1275 0.1275 0.116 0.116 0.1305 0.1305 0.1295 0.1295 0.1295 0.125 0.125 0.1335 0.1335 0.1265 0.1265 0.1265 0.124 0.124 0.1375 0.1375 0.1305 0.1305 0.131 0.131 0.131 0.1225 0.1225 0.126 0.126 0.12 0.12 0.12 0.1235 0.1235 0.126 0.126 0.1265 0.1265 0.1265 0.128 0.128 0.106 0.106 0.1175 0.1175 0.1175 0.1085
0.134 0.134 0.1335 0.1335 0.1285 0.1285 0.12 0.12 0.12 0.1135 0.1135 0.124 0.124 0.1405 0.1405 0.137 0.137 0.137 0.1295 0.1295 0.1215 0.1215 0.12 0.12 0.12 0.12 0.12 0.127 0.127 0.1255 0.1255 0.1255 0.125 0.125 0.124 0.124 0.128 0.128 0.128 0.1365 0.1365 0.1315 0.1315 0.13 0.13 0.13 0.1235 0.1235 0.1255 0.1255 0.138 0.138 0.1335 0.1335 0.1335 0.129 0.129 0.1405 0.1405 0.1335 0.1335 0.1335 0.1315 0.1315 0.1365 0.1365 0.1305 0.1305 0.1305 0.123 0.123 0.11 0.11 0.1135 0.1135 0.1135 0.114
0.134 0.134 0.1335 0.1335 0.1285 0.1285 0.12 0.12 0.12 0.1135 0.1135 0.124 0.124 0.1405 0.1405 0.137 0.137 0.137 0.1295 0.1295 0.1215 0.1215 0.12 0.12 0.12 0.12 0.12 0.127 0.127 0.1255 0.1255 0.1255 0.125 0.125 0.124 0.124 0.128 0.128 0.128 0.1365 0.1365 0.1315 0.1315 0.13 0.13 0.13 0.1235 0.1235 0.1255 0.1255 0.138 0.138 0.1335 0.1335 0.1335 0.129 0.129 0.1405 0.1405 0.1335 0.1335 0.1335 0.1315 0.1315 0.1365 0.1365 0.1305 0.1305 0.1305 0.123 0.123 0.11 0.11 0.1135 0.1135 0.1135 0.114
0.14 0.14 0.1315 0.1315 0.132 0.132 0.1305 0.1305 0.1305 0.1195 0.1195 0.1285 0.1285 0.133 0.133 0.1315 0.1315 0.1315 0.126 0.126 0.126 0.126 0.13 0.13 0.13 0.126 0.126 0.1295 0.1295 0.1285 0.1285 0.1285 0.1235 0.1235 0.1305 0.1305 0.125 0.125 0.125 0.122 0.122 0.132 0.132 0.136 0.136 0.136 0.137 0.137 0.1375 0.1375 0.138 0.138 0.1305 0.1305 0.1305 0.136 0.136 0.136 0.136 0.128 0.128 0.128 0.138 0.138 0.15 0.15 0.146 0.146 0.146 0.139 0.139 0.1255 0.1255 0.12 0.12 0.12 0.1305
0.14 0.14 0.1315 0.1315 0.132 0.132 0.1305 0.1305 0.1305 0.1195 0.1195 0.1285 0.1285 0.133 0.133 0.1315 0.1315 0.1315 0.126 0.126 0.126 0.126 0.13 0.13 0.13 0.126 0.126 0.1295 0.1295 0.1285 0.1285 0.1285 0.1235 0.1235 0.1305 0.1305 0.125 0.125 0.125 0.122 0.122 0.132 0.132 0.136 0.136 0.136 0.137 0.137 0.1375 0.1375 0.138 0.138 0.1305 0.1305 0.1305 0.136 0.136 0.136 0.136 0.128 0.128 0.128 0.138 0.138 0.15 0.15 0.146 0.146 0.146 0.139 0.139 0.1255 0.1255 0.12 0.12 0.12 0.1305
0.1285 0.1285 0.116 0.116 0.117 0.117 0.1185 0.1185 0.1185 0.1155 0.1155 0.1305 0.1305 0.1245 0.1245 0.129 0.129 0.129 0.1285 0.1285 0.129 0.129 0.128 0.128 0.128 0.126 0.126 0.1395 0.1395 0.1325 0.1325 0.1325 0.1325 0.1325 0.1315 0.1315 0.1285 0.1285 0.1285 0.129 0.129 0.13 0.13 0.147 0.147 0.147 0.1345 0.1345 0.135 0.135 0.136 0.136 0.1395 0.1395 0.1395 0.1265 0.1265 0.1385 0.1385 0.138 0.138 0.138 0.1415 0.1415 0.147 0.147 0.1585 0.1585 0.1585 0.141 0.141 0.126 0.126 0.1115 0.1115 0.1115 0.117
