ndvi/NOAA-241.asc
ncols         252
nrows         154
xllcorner     -18.017974
yllcorner     13.481982
cellsize      0.035948
NODATA_value  -9999
[rows 34 to 67 of 154, columns 78 to 155 of 252]
0.1365 0.1425 0.1425 0.1425 0.1425 0.1365 0.1365 0.1365 0.135 0.135 0.1425 0.1425 0.1495 0.1495 0.149 0.149 0.149 0.1425 0.1425 0.141 0.141 0.141 0.141 0.141 0.1465 0.1465 0.1425 0.1425 0.1425 0.1425 0.1425 0.147 0.147 0.1465 0.1465 0.1435 0.1435 0.1435 0.1435 0.1435 0.1415 0.1415 0.146 0.146 0.146 0.149 0.149 0.143 0.143 0.1405 0.1405 0.144 0.144 0.144 0.1435 0.1435 0.1615 0.1615 0.163 0.163 0.163 0.1655 0.1655 0.17 0.17 0.166 0.166 0.166 0.156 0.156 0.1355 0.1355 0.1415 0.1415 0.1415 0.1245 0.1245 0.135
0.1365 0.1425 0.1425 0.1425 0.1425 0.1365 0.1365 0.1365 0.135 0.135 0.1425 0.1425 0.1495 0.1495 0.149 0.149 0.149 0.1425 0.1425 0.141 0.141 0.141 0.141 0.141 0.1465 0.1465 0.1425 0.1425 0.1425 0.1425 0.1425 0.147 0.147 0.1465 0.1465 0.1435 0.1435 0.1435 0.1435 0.1435 0.1415 0.1415 0.146 0.146 0.146 0.149 0.149 0.143 0.143 0.1405 0.1405 0.144 0.144 0.144 0.1435 0.1435 0.1615 0.1615 0.163 0.163 0.163 0.1655 0.1655 0.17 0.17 0.166 0.166 0.166 0.156 0.156 0.1355 0.1355 0.1415 0.1415 0.1415 0.1245 0.1245 0.135
0.1365 0.1425 0.1425 0.1425 0.1425 0.1365 0.1365 0.1365 0.135 0.135 0.1425 0.1425 0.1495 0.1495 0.149 0.149 0.149 0.1425 0.1425 0.141 0.141 0.141 0.141 0.141 0.1465 0.1465 0.1425 0.1425 0.1425 0.1425 0.1425 0.147 0.147 0.1465 0.1465 0.1435 0.1435 0.1435 0.1435 0.1435 0.1415 0.1415 0.146 0.146 0.146 0.149 0.149 0.143 0.143 0.1405 0.1405 0.144 0.144 0.144 0.1435 0.1435 0.1615 0.1615 0.163 0.163 0.163 0.1655 0.1655 0.17 0.17 0.166 0.166 0.166 0.156 0.156 0.1355 0.1355 0.1415 0.1415 0.1415 0.1245 0.1245 0.135
0.143 0.1455 0.1455 0.1435 0.1435 0.1445 0.1445 0.1445 0.132 0.132 0.1405 0.1405 0.151 0.151 0.1385 0.1385 0.1385 0.1365 0.1365 0.139 0.139 0.1425 0.1425 0.1425 0.145 0.145 0.15 0.15 0.151 0.151 0.151 0.154 0.154 0.156 0.156 0.1485 0.1485 0.1485 0.15 0.15 0.15 0.15 0.156 0.156 0.156 0.1555 0.1555 0.152 0.152 0.154 0.154 0.161 0.161 0.161 0.167 0.167 0.1885 0.1885 0.179 0.179 0.179 0.167 0.167 0.166 0.166 0.158 0.158 0.158 0.1515 0.1515 0.126 0.126 0.147 0.147 0.147 0.1345 0.1345 0.1205
0.143 0.1455 0.1455 0.1435 0.1435 0.1445 0.1445 0.1445 0.132 0.132 0.1405 0.1405 0.151 0.151 0.1385 0.1385 0.1385 0.1365 0.1365 0.139 0.139 0.1425 0.1425 0.1425 0.145 0.145 0.15 0.15 0.151 0.151 0.151 0.154 0.154 0.156 0.156 0.1485 0.1485 0.1485 0.15 0.15 0.15 0.15 0.156 0.156 0.156 0.1555 0.1555 0.152 0.152 0.154 0.154 0.161 0.161 0.161 0.167 0.167 0.1885 0.1885 0.179 0.179 0.179 0.167 0.167 0.166 0.166 0.158 0.158 0.158 0.1515 0.1515 0.126 0.126 0.147 0.147 0.147 0.1345 0.1345 0.1205
0.139 0.142 0.142 0.1395 0.1395 0.139 0.139 0.139 0.1395 0.1395 0.1435 0.1435 0.1465 0.1465 0.149 0.149 0.149 0.134 0.134 0.14 0.14 0.1475 0.1475 0.1475 0.154 0.154 0.1535 0.1535 0.1595 0.1595 0.1595 0.1585 0.1585 0.1625 0.1625 0.1575 0.1575 0.1575 0.1555 0.1555 0.152 0.152 0.173 0.173 0.173 0.177 0.177 0.176 0.176 0.1765 0.1765 0.2055 0.2055 0.2055 0.1935 0.1935 0.1865 0.1865 0.1805 0.1805 0.1805 0.16 0.16 0.168 0.168 0.1565 0.1565 0.1565 0.16 0.16 0.1305 0.1305 0.129 0.129 0.129 0.129 0.129 0.117
0.139 0.142 0.142 0.1395 0.1395 0.139 0.139 0.139 0.1395 0.1395 0.1435 0.1435 0.1465 0.1465 0.149 0.149 0.149 0.134 0.134 0.14 0.14 0.1475 0.1475 0.1475 0.154 0.154 0.1535 0.1535 0.1595 0.1595 0.1595 0.1585 0.1585 0.1625 0.1625 0.1575 0.1575 0.1575 0.1555 0.1555 0.152 0.152 0.173 0.173 0.173 0.177 0.177 0.176 0.176 0.1765 0.1765 0.2055 0.2055 0.2055 0.1935 0.1935 0.1865 0.1865 0.1805 0.1805 0.1805 0.16 0.16 0.168 0.168 0.1565 0.1565 0.1565 0.16 0.16 0.1305 0.1305 0.129 0.129 0.129 0.129 0.129 0.117
0.146 0.1405 0.1405 0.1385 0.1385 0.1405 0.1405 0.1405 0.1375 0.1375 0.1465 0.1465 0.1545 0.1545 0.1435 0.1435 0.1435 0.13 0.13 0.142 0.142 0.1445 0.1445 0.1445 0.1585 0.1585 0.157 0.157 0.164 0.164 0.164 0.1615 0.1615 0.1675 0.1675 0.156 0.156 0.156 0.1535 0.1535 0.175 0.175 0.1875 0.1875 0.1875 0.17 0.17 0.1785 0.1785 0.1745 0.1745 0.2 0.2 0.2 0.1805 0.1805 0.181 0.181 0.1655 0.1655 0.1655 0.151 0.151 0.147 0.147 0.1415 0.1415 0.1415 0.147 0.147 0.132 0.132 0.112 0.112 0.112 0.1245 0.1245 0.125
0.146 0.1405 0.1405 0.1385 0.1385 0.1405 0.1405 0.1405 0.1375 0.1375 0.1465 0.1465 0.1545 0.1545 0.1435 0.1435 0.1435 0.13 0.13 0.142 0.142 0.1445 0.1445 0.1445 0.1585 0.1585 0.157 0.157 0.164 0.164 0.164 0.1615 0.1615 0.1675 0.1675 0.156 0.156 0.156 0.1535 0.1535 0.175 0.175 0.1875 0.1875 0.1875 0.17 0.17 0.1785 0.1785 0.1745 0.1745 0.2 0.2 0.2 0.1805 0.1805 0.181 0.181 0.1655 0.1655 0.1655 0.151 0.151 0.147 0.147 0.1415 0.1415 0.1415 0.147 0.147 0.132 0.132 0.112 0.112 0.112 0.1245 0.1245 0.125
0.146 0.1405 0.1405 0.1385 0.1385 0.1405 0.1405 0.1405 0.1375 0.1375 0.1465 0.1465 0.1545 0.1545 0.1435 0.1435 0.1435 0.13 0.13 0.142 0.142 0.1445 0.1445 0.1445 0.1585 0.1585 0.157 0.157 0.164 0.164 0.164 0.1615 0.1615 0.1675 0.1675 0.156 0.156 0.156 0.1535 0.1535 0.175 0.175 0.1875 0.1875 0.1875 0.17 0.17 0.1785 0.1785 0.1745 0.1745 0.2 0.2 0.2 0.1805 0.1805 0.181 0.181 0.1655 0.1655 0.1655 0.151 0.151 0.147 0.147 0.1415 0.1415 0.1415 0.147 0.147 0.132 0.132 0.112 0.112 0.112 0.1245 0.1245 0.125
0.156 0.147 0.147 0.137 0.137 0.1355 0.1355 0.1355 0.1385 0.1385 0.1415 0.1415 0.1445 0.1445 0.144 0.144 0.144 0.1505 0.1505 0.152 0.152 0.161 0.161 0.161 0.1555 0.1555 0.162 0.162 0.1675 0.1675 0.1675 0.1755 0.1755 0.1815 0.1815 0.182 0.182 0.182 0.186 0.186 0.1795 0.1795 0.168 0.168 0.168 0.159 0.159 0.1695 0.1695 0.1625 0.1625 0.176 0.176 0.176 0.156 0.156 0.167 0.167 0.1505 0.1505 0.1505 0.157 0.157 0.1355 0.1355 0.149 0.149 0.149 0.14 0.14 0.134 0.134 0.1095 0.1095 0.1095 0.111 0.111 0.125
0.156 0.147 0.147 0.137 0.137 0.1355 0.1355 0.1355 0.1385 0.1385 0.1415 0.1415 0.1445 0.1445 0.144 0.144 0.144 0.1505 0.1505 0.152 0.152 0.161 0.161 0.161 0.1555 0.1555 0.162 0.162 0.1675 0.1675 0.1675 0.1755 0.1755 0.1815 0.1815 0.182 0.182 0.182 0.186 0.186 0.1795 0.1795 0.168 0.168 0.168 0.159 0.159 0.1695 0.1695 0.1625 0.1625 0.176 0.176 0.176 0.156 0.156 0.167 0.167 0.1505 0.1505 0.1505 0.157 0.157 0.1355 0.1355 0.149 0.149 0.149 0.14 0.14 0.134 0.134 0.1095 0.1095 0.1095 0.111 0.111 0.125
0.157 0.151 0.151 0.146 0.146 0.1415 0.1415 0.1415 0.141 0.141 0.1495 0.1495 0.152 0.152 0.145 0.145 0.145 0.158 0.158 0.157 0.157 0.1585 0.1585 0.1585 0.1575 0.1575 0.163 0.163 0.174 0.174 0.174 0.1965 0.1965 0.19 0.19 0.161 0.161 0.161 0.1355 0.1355 0.144 0.144 0.178 0.178 0.178 0.1705 0.1705 0.1975 0.1975 0.186 0.186 0.176 0.176 0.176 0.1625 0.1625 0.1835 0.1835 0.171 0.171 0.171 0.1505 0.1505 0.1535 0.1535 0.141 0.141 0.141 0.147 0.147 0.1335 0.1335 0.118 0.118 0.118 0.1175 0.1175 0.104
0.157 0.151 0.151 0.146 0.146 0.1415 0.1415 0.1415 0.141 0.141 0.1495 0.1495 0.152 0.152 0.145 0.145 0.145 0.158 0.158 0.157 0.157 0.1585 0.1585 0.1585 0.1575 0.1575 0.163 0.163 0.174 0.174 0.174 0.1965 0.1965 0.19 0.19 0.161 0.161 0.161 0.1355 0.1355 0.144 0.144 0.178 0.178 0.178 0.1705 0.1705 0.1975 0.1975 0.186 0.186 0.176 0.176 0.176 0.1625 0.1625 0.1835 0.1835 0.171 0.171 0.171 0.1505 0.1505 0.1535 0.1535 0.141 0.141 0.141 0.147 0.147 0.1335 0.1335 0.118 0.118 0.118 0.1175 0.1175 0.104
0.179 0.155 0.155 0.165 0.165 0.149 0.149 0.149 0.1525 0.1525 0.142 0.142 0.155 0.155 0.1795 0.1795 0.1795 0.171 0.171 0.1875 0.1875 0.1845 0.1845 0.1845 0.1735 0.1735 0.179 0.179 0.184 0.184 0.184 0.22 0.22 0.217 0.217 0.155 0.155 0.155 0.145 0.145 0.15 0.15 0.146 0.146 0.146 0.1725 0.1725 0.184 0.184 0.173 0.173 0.1735 0.1735 0.1735 0.1625 0.1625 0.1655 0.1655 0.163 0.163 0.163 0.159 0.159 0.1525 0.1525 0.1635 0.1635 0.1635 0.178 0.178 0.178 0.178 0.1215 0.1215 0.1215 0.1275 0.1275 0.117
0.179 0.155 0.155 0.165 0.165 0.149 0.149 0.149 0.1525 0.1525 0.142 0.142 0.155 0.155 0.1795 0.1795 0.1795 0.171 0.171 0.1875 0.1875 0.1845 0.1845 0.1845 0.1735 0.1735 0.179 0.179 0.184 0.184 0.184 0.22 0.22 0.217 0.217 0.155 0.155 0.155 0.145 0.145 0.15 0.15 0.146 0.146 0.146 0.1725 0.1725 0.184 0.184 0.173 0.173 0.1735 0.1735 0.1735 0.1625 0.1625 0.1655 0.1655 0.163 0.163 0.163 0.159 0.159 0.1525 0.1525 0.1635 0.1635 0.1635 0.178 0.178 0.178 0.178 0.1215 0.1215 0.1215 0.1275 0.1275 0.117
0.179 0.155 0.155 0.165 0.165 0.149 0.149 0.149 0.1525 0.1525 0.142 0.142 0.155 0.155 0.1795 0.1795 0.1795 0.171 0.171 0.1875 0.1875 0.1845 0.1845 0.1845 0.1735 0.1735 0.179 0.179 0.184 0.184 0.184 0.22 0.22 0.217 0.217 0.155 0.155 0.155 0.145 0.145 0.15 0.15 0.146 0.146 0.146 0.1725 0.1725 0.184 0.184 0.173 0.173 0.1735 0.1735 0.1735 0.1625 0.1625 0.1655 0.1655 0.163 0.163 0.163 0.159 0.159 0.1525 0.1525 0.1635 0.1635 0.1635 0.178 0.178 0.178 0.178 0.1215 0.1215 0.1215 0.1275 0.1275 0.117
0.166 0.176 0.176 0.1805 0.1805 0.183 0.183 0.183 0.193 0.193 0.1895 0.1895 0.1905 0.1905 0.1895 0.1895 0.1895 0.185 0.185 0.185 0.185 0.191 0.191 0.191 0.1655 0.1655 0.1755 0.1755 0.173 0.173 0.173 0.1685 0.1685 0.187 0.187 0.175 0.175 0.175 0.1205 0.1205 0.1235 0.1235 0.134 0.134 0.134 0.168 0.168 0.1445 0.1445 0.1765 0.1765 0.1655 0.1655 0.1655 0.171 0.171 0.1735 0.1735 0.1785 0.1785 0.1785 0.187 0.187 0.1875 0.1875 0.18 0.18 0.18 0.1855 0.1855 0.1835 0.1835 0.1495 0.1495 0.1495 0.1255 0.1255 0.12
0.166 0.176 0.176 0.1805 0.1805 0.183 0.183 0.183 0.193 0.193 0.1895 0.1895 0.1905 0.1905 0.1895 0.1895 0.1895 0.185 0.185 0.185 0.185 0.191 0.191 0.191 0.1655 0.1655 0.1755 0.1755 0.173 0.173 0.173 0.1685 0.1685 0.187 0.187 0.175 0.175 0.175 0.1205 0.1205 0.1235 0.1235 0.134 0.134 0.134 0.168 0.168 0.1445 0.1445 0.1765 0.1765 0.1655 0.1655 0.1655 0.171 0.171 0.1735 0.1735 0.1785 0.1785 0.1785 0.187 0.187 0.1875 0.1875 0.18 0.18 0.18 0.1855 0.1855 0.1835 0.1835 0.1495 0.1495 0.1495 0.1255 0.1255 0.12
0.184 0.188 0.188 0.191 0.191 0.194 0.194 0.194 0.193 0.193 0.2025 0.2025 0.1945 0.1945 0.191 0.191 0.191 0.1885 0.1885 0.1765 0.1765 0.1795 0.1795 0.1795 0.173 0.173 0.171 0.171 0.1575 0.1575 0.1575 0.144 0.144 0.1855 0.1855 0.175 0.175 0.175 0.1835 0.1835 0.143 0.143 0.1345 0.1345 0.1345 0.1265 0.1265 0.1495 0.1495 0.178 0.178 0.1765 0.1765 0.1765 0.1735 0.1735 0.191 0.191 0.2025 0.2025 0.2025 0.208 0.208 0.208 0.208 0.172 0.172 0.172 0.172 0.172 0.1785 0.1785 0.159 0.159 0.159 0.0995 0.0995 0.1235
0.184 0.188 0.188 0.191 0.191 0.194 0.194 0.194 0.193 0.193 0.2025 0.2025 0.1945 0.1945 0.191 0.191 0.191 0.1885 0.1885 0.1765 0.1765 0.1795 0.1795 0.1795 0.173 0.173 0.171 0.171 0.1575 0.1575 0.1575 0.144 0.144 0.1855 0.1855 0.175 0.175 0.175 0.1835 0.1835 0.143 0.143 0.1345 0.1345 0.1345 0.1265 0.1265 0.1495 0.1495 0.178 0.178 0.1765 0.1765 0.1765 0.1735 0.1735 0.191 0.191 0.2025 0.2025 0.2025 0.208 0.208 0.208 0.208 0.172 0.172 0.172 0.172 0.172 0.1785 0.1785 0.159 0.159 0.159 0.0995 0.0995 0.1235
0.2275 0.225 0.225 0.2245 0.2245 0.2075 0.2075 0.2075 0.208 0.208 0.2045 0.2045 0.203 0.203 0.2 0.2 0.2 0.197 0.197 0.188 0.188 0.185 0.185 0.185 0.168 0.168 0.161 0.161 0.1565 0.1565 0.1565 0.154 0.154 0.155 0.155 0.172 0.172 0.172 0.165 0.165 0.125 0.125 0.1265 0.1265 0.1265 0.1415 0.1415 0.1485 0.1485 0.17 0.17 0.182 0.182 0.182 0.201 0.201 0.177 0.177 0.1945 0.1945 0.1945 0.202 0.202 0.204 0.204 0.1755 0.1755 0.1755 0.158 0.158 0.152 0.152 0.1415 0.1415 0.1415 0.103 0.103 0.1155
0.2275 0.225 0.225 0.2245 0.2245 0.2075 0.2075 0.2075 0.208 0.208 0.2045 0.2045 0.203 0.203 0.2 0.2 0.2 0.197 0.197 0.188 0.188 0.185 0.185 0.185 0.168 0.168 0.161 0.161 0.1565 0.1565 0.1565 0.154 0.154 0.155 0.155 0.172 0.172 0.172 0.165 0.165 0.125 0.125 0.1265 0.1265 0.1265 0.1415 0.1415 0.1485 0.1485 0.17 0.17 0.182 0.182 0.182 0.201 0.201 0.177 0.177 0.1945 0.1945 0.1945 0.202 0.202 0.204 0.204 0.1755 0.1755 0.1755 0.158 0.158 0.152 0.152 0.1415 0.1415 0.1415 0.103 0.103 0.1155
0.227 0.2185 0.2185 0.2155 0.2155 0.21 0.21 0.21 0.2155 0.2155 0.2025 0.2025 0.1955 0.1955 0.2015 0.2015 0.2015 0.198 0.198 0.1895 0.1895 0.1765 0.1765 0.1765 0.179 0.179 0.1675 0.1675 0.1795 0.1795 0.1795 0.1355 0.1355 0.155 0.155 0.1675 0.1675 0.1675 0.178 0.178 0.1495 0.1495 0.149 0.149 0.149 0.1385 0.1385 0.1395 0.1395 0.1395 0.1395 0.1715 0.1715 0.1715 0.188 0.188 0.1915 0.1915 0.2015 0.2015 0.2015 0.2095 0.2095 0.2055 0.2055 0.201 0.201 0.201 0.16 0.16 0.1585 0.1585 0.134 0.134 0.134 0.1095 0.1095 0.09900001
0.227 0.2185 0.2185 0.2155 0.2155 0.21 0.21 0.21 0.2155 0.2155 0.2025 0.2025 0.1955 0.1955 0.2015 0.2015 0.2015 0.198 0.198 0.1895 0.1895 0.1765 0.1765 0.1765 0.179 0.179 0.1675 0.1675 0.1795 0.1795 0.1795 0.1355 0.1355 0.155 0.155 0.1675 0.1675 0.1675 0.178 0.178 0.1495 0.1495 0.149 0.149 0.149 0.1385 0.1385 0.1395 0.1395 0.1395 0.1395 0.1715 0.1715 0.1715 0.188 0.188 0.1915 0.1915 0.2015 0.2015 0.2015 0.2095 0.2095 0.2055 0.2055 0.201 0.201 0.201 0.16 0.16 0.1585 0.1585 0.134 0.134 0.134 0.1095 0.1095 0.09900001
0.227 0.2185 0.2185 0.2155 0.2155 0.21 0.21 0.21 0.2155 0.2155 0.2025 0.2025 0.1955 0.1955 0.2015 0.2015 0.2015 0.198 0.198 0.1895 0.1895 0.1765 0.1765 0.1765 0.179 0.179 0.1675 0.1675 0.1795 0.1795 0.1795 0.1355 0.1355 0.155 0.155 0.1675 0.1675 0.1675 0.178 0.178 0.1495 0.1495 0.149 0.149 0.149 0.1385 0.1385 0.1395 0.1395 0.1395 0.1395 0.1715 0.1715 0.1715 0.188 0.188 0.1915 0.1915 0.2015 0.2015 0.2015 0.2095 0.2095 0.2055 0.2055 0.201 0.201 0.201 0.16 0.16 0.1585 0.1585 0.134 0.134 0.134 0.1095 0.1095 0.09900001
0.218 0.2105 0.2105 0.2095 0.2095 0.222 0.222 0.222 0.208 0.208 0.187 0.187 0.1885 0.1885 0.188 0.188 0.188 0.1705 0.1705 0.1915 0.1915 0.2035 0.2035 0.2035 0.1885 0.1885 0.201 0.201 0.1855 0.1855 0.1855 0.175 0.175 0.1795 0.1795 0.175 0.175 0.175 0.1475 0.1475 0.124 0.124 0.156 0.156 0.156 0.1495 0.1495 0.117 0.117 0.109 0.109 0.109 0.109 0.109 0.115 0.115 0.1685 0.1685 0.2095 0.2095 0.2095 0.1985 0.1985 0.199 0.199 0.194 0.194 0.194 0.1965 0.1965 0.1945 0.1945 0.1525 0.1525 0.1525 0.123 0.123 0.117
0.218 0.2105 0.2105 0.2095 0.2095 0.222 0.222 0.222 0.208 0.208 0.187 0.187 0.1885 0.1885 0.188 0.188 0.188 0.1705 0.1705 0.1915 0.1915 0.2035 0.2035 0.2035 0.1885 0.1885 0.201 0.201 0.1855 0.1855 0.1855 0.175 0.175 0.1795 0.1795 0.175 0.175 0.175 0.1475 0.1475 0.124 0.124 0.156 0.156 0.156 0.1495 0.1495 0.117 0.117 0.109 0.109 0.109 0.109 0.109 0.115 0.115 0.1685 0.1685 0.2095 0.2095 0.2095 0.1985 0.1985 0.199 0.199 0.194 0.194 0.194 0.1965 0.1965 0.1945 0.1945 0.1525 0.1525 0.1525 0.123 0.123 0.117
0.2365 0.2475 0.2475 0.272 0.272 0.261 0.261 0.261 0.222 0.222 0.219 0.219 0.198 0.198 0.195 0.195 0.195 0.2185 0.2185 0.212 0.212 0.2235 0.2235 0.2235 0.2085 0.2085 0.1925 0.1925 0.181 0.181 0.181 0.17 0.17 0.184 0.184 0.171 0.171 0.171 0.198 0.198 0.1465 0.1465 0.143 0.143 0.143 0.145 0.145 0.1195 0.1195 0.1115 0.1115 0.1205 0.1205 0.1205 0.133 0.133 0.152 0.152 0.197 0.197 0.197 0.2045 0.2045 0.191 0.191 0.192 0.192 0.192 0.1815 0.1815 0.1775 0.1775 0.13 0.13 0.13 0.1145 0.1145 0.115
0.2365 0.2475 0.2475 0.272 0.272 0.261 0.261 0.261 0.222 0.222 0.219 0.219 0.198 0.198 0.195 0.195 0.195 0.2185 0.2185 0.212 0.212 0.2235 0.2235 0.2235 0.2085 0.2085 0.1925 0.1925 0.181 0.181 0.181 0.17 0.17 0.184 0.184 0.171 0.171 0.171 0.198 0.198 0.1465 0.1465 0.143 0.143 0.143 0.145 0.145 0.1195 0.1195 0.1115 0.1115 0.1205 0.1205 0.1205 0.133 0.133 0.152 0.152 0.197 0.197 0.197 0.2045 0.2045 0.191 0.191 0.192 0.192 0.192 0.1815 0.1815 0.1775 0.1775 0.13 0.13 0.13 0.1145 0.1145 0.115
0.2135 0.2455 0.2455 0.228 0.228 0.2255 0.2255 0.2255 0.212 0.212 0.221 0.221 0.2365 0.2365 0.2535 0.2535 0.2535 0.2485 0.2485 0.251 0.251 0.2175 0.2175 0.2175 0.223 0.223 0.2235 0.2235 0.188 0.188 0.188 0.1965 0.1965 0.182 0.182 0.1825 0.1825 0.1825 0.174 0.174 0.158 0.158 0.1155 0.1155 0.1155 0.1205 0.1205 0.1125 0.1125 0.1055 0.1055 0.142 0.142 0.142 0.1505 0.1505 0.1645 0.1645 0.2025 0.2025 0.2025 0.1935 0.1935 0.202 0.202 0.1835 0.1835 0.1835 0.2055 0.2055 0.197 0.197 0.1415 0.1415 0.1415 0.135 0.135 0.142
0.2135 0.2455 0.2455 0.228 0.228 0.2255 0.2255 0.2255 0.212 0.212 0.221 0.221 0.2365 0.2365 0.2535 0.2535 0.2535 0.2485 0.2485 0.251 0.251 0.2175 0.2175 0.2175 0.223 0.223 0.2235 0.2235 0.188 0.188 0.188 0.1965 0.1965 0.182 0.182 0.1825 0.1825 0.1825 0.174 0.174 0.158 0.158 0.1155 0.1155 0.1155 0.1205 0.1205 0.1125 0.1125 0.1055 0.1055 0.142 0.142 0.142 0.1505 0.1505 0.1645 0.1645 0.2025 0.2025 0.2025 0.1935 0.1935 0.202 0.202 0.1835 0.1835 0.1835 0.2055 0.2055 0.197 0.197 0.1415 0.1415 0.1415 0.135 0.135 0.142
0.2135 0.2455 0.2455 0.228 0.228 0.2255 0.2255 0.2255 0.212 0.212 0.221 0.221 0.2365 0.2365 0.2535 0.2535 0.2535 0.2485 0.2485 0.251 0.251 0.2175 0.2175 0.2175 0.223 0.223 0.2235 0.2235 0.188 0.188 0.188 0.1965 0.1965 0.182 0.182 0.1825 0.1825 0.1825 0.174 0.174 0.158 0.158 0.1155 0.1155 0.1155 0.1205 0.1205 0.1125 0.1125 0.1055 0.1055 0.142 0.142 0.142 0.1505 0.1505 0.1645 0.1645 0.2025 0.2025 0.2025 0.1935 0.1935 0.202 0.202 0.1835 0.1835 0.1835 0.2055 0.2055 0.197 0.197 0.1415 0.1415 0.1415 0.135 0.135 0.142
0.1955 0.1945 0.1945 0.1845 0.1845 0.198 0.198 0.198 0.1985 0.1985 0.2085 0.2085 0.19 0.19 0.2095 0.2095 0.2095 0.2255 0.2255 0.2375 0.2375 0.2775 0.2775 0.2775 0.266 0.266 0.222 0.222 0.2025 0.2025 0.2025 0.186 0.186 0.178 0.178 0.1745 0.1745 0.1745 0.1855 0.1855 0.179 0.179 0.1755 0.1755 0.1755 0.1495 0.1495 0.149 0.149 0.1425 0.1425 0.1525 0.1525 0.1525 0.1685 0.1685 0.1725 0.1725 0.194 0.194 0.194 0.1935 0.1935 0.2065 0.2065 0.1905 0.1905 0.1905 0.206 0.206 0.19 0.19 0.17 0.17 0.17 0.1265 0.1265 0.1385
