ndvi/NOAA-89.asc
ncols         252
nrows         154
xllcorner     -18.017974
yllcorner     13.481982
cellsize      0.035948
NODATA_value  -9999
[rows 0 to 33 of 154, columns 154 to 230 of 252]
0.09450001 0.1035 0.1035 0.1125 0.1125 0.1125 0.115 0.115 0.1155 0.1155 0.1145 0.1145 0.111 0.111 0.111 0.11 0.11 0.111 0.111 0.109 0.109 0.109 0.112 0.112 0.1115 0.1115 0.114 0.114 0.114 0.107 0.107 0.1085 0.1085 0.111 0.111 0.111 0.109 0.109 0.1035 0.1035 0.1065 0.1065 0.1065 0.112 0.112 0.1105 0.1105 0.112 0.112 0.1185 0.1185 0.1185 0.119 0.119 0.117 0.117 0.109 0.109 0.109 0.109 0.109 0.1065 0.1065 0.1085 0.1085 0.1085 0.1085 0.1085 0.097 0.097 0.098 0.098 0.098 0.105 0.105 0.0955 0.0955
0.09450001 0.1035 0.1035 0.1125 0.1125 0.1125 0.115 0.115 0.1155 0.1155 0.1145 0.1145 0.111 0.111 0.111 0.11 0.11 0.111 0.111 0.109 0.109 0.109 0.112 0.112 0.1115 0.1115 0.114 0.114 0.114 0.107 0.107 0.1085 0.1085 0.111 0.111 0.111 0.109 0.109 0.1035 0.1035 0.1065 0.1065 0.1065 0.112 0.112 0.1105 0.1105 0.112 0.112 0.1185 0.1185 0.1185 0.119 0.119 0.117 0.117 0.109 0.109 0.109 0.109 0.109 0.1065 0.1065 0.1085 0.1085 0.1085 0.1085 0.1085 0.097 0.097 0.098 0.098 0.098 0.105 0.105 0.0955 0.0955
0.11 0.09649999 0.09649999 0.108 0.108 0.108 0.109 0.109 0.1125 0.1125 0.1105 0.1105 0.109 0.109 0.109 0.112 0.112 0.115 0.115 0.116 0.116 0.116 0.109 0.109 0.1125 0.1125 0.115 0.115 0.115 0.1185 0.1185 0.1115 0.1115 0.1135 0.1135 0.1135 0.124 0.124 0.117 0.117 0.1165 0.1165 0.1165 0.1205 0.1205 0.119 0.119 0.12 0.12 0.113 0.113 0.113 0.116 0.116 0.11 0.11 0.1135 0.1135 0.1135 0.1185 0.1185 0.1195 0.1195 0.113 0.113 0.113 0.111 0.111 0.1115 0.1115 0.106 0.106 0.106 0.1025 0.1025 0.0975 0.0975
0.11 0.09649999 0.09649999 0.108 0.108 0.108 0.109 0.109 0.1125 0.1125 0.1105 0.1105 0.109 0.109 0.109 0.112 0.112 0.115 0.115 0.116 0.116 0.116 0.109 0.109 0.1125 0.1125 0.115 0.115 0.115 0.1185 0.1185 0.1115 0.1115 0.1135 0.1135 0.1135 0.124 0.124 0.117 0.117 0.1165 0.1165 0.1165 0.1205 0.1205 0.119 0.119 0.12 0.12 0.113 0.113 0.113 0.116 0.116 0.11 0.11 0.1135 0.1135 0.1135 0.1185 0.1185 0.1195 0.1195 0.113 0.113 0.113 0.111 0.111 0.1115 0.1115 0.106 0.106 0.106 0.1025 0.1025 0.0975 0.0975
0.11 0.09649999 0.09649999 0.108 0.108 0.108 0.109 0.109 0.1125 0.1125 0.1105 0.1105 0.109 0.109 0.109 0.112 0.112 0.115 0.115 0.116 0.116 0.116 0.109 0.109 0.1125 0.1125 0.115 0.115 0.115 0.1185 0.1185 0.1115 0.1115 0.1135 0.1135 0.1135 0.124 0.124 0.117 0.117 0.1165 0.1165 0.1165 0.1205 0.1205 0.119 0.119 0.12 0.12 0.113 0.113 0.113 0.116 0.116 0.11 0.11 0.1135 0.1135 0.1135 0.1185 0.1185 0.1195 0.1195 0.113 0.113 0.113 0.111 0.111 0.1115 0.1115 0.106 0.106 0.106 0.1025 0.1025 0.0975 0.0975
0.1055 0.11 0.11 0.1125 0.1125 0.1125 0.113 0.113 0.121 0.121 0.1185 0.1185 0.1185 0.1185 0.1185 0.121 0.121 0.1155 0.1155 0.1125 0.1125 0.1125 0.116 0.116 0.1205 0.1205 0.124 0.124 0.124 0.122 0.122 0.1245 0.1245 0.1275 0.1275 0.1275 0.125 0.125 0.125 0.125 0.125 0.125 0.125 0.1205 0.1205 0.1165 0.1165 0.112 0.112 0.1165 0.1165 0.1165 0.118 0.118 0.117 0.117 0.1175 0.1175 0.1175 0.117 0.117 0.1165 0.1165 0.117 0.117 0.117 0.113 0.113 0.1065 0.1065 0.1055 0.1055 0.1055 0.1075 0.1075 0.102 0.102
0.1055 0.11 0.11 0.1125 0.1125 0.1125 0.113 0.113 0.121 0.121 0.1185 0.1185 0.1185 0.1185 0.1185 0.121 0.121 0.1155 0.1155 0.1125 0.1125 0.1125 0.116 0.116 0.1205 0.1205 0.124 0.124 0.124 0.122 0.122 0.1245 0.1245 0.1275 0.1275 0.1275 0.125 0.125 0.125 0.125 0.125 0.125 0.125 0.1205 0.1205 0.1165 0.1165 0.112 0.112 0.1165 0.1165 0.1165 0.118 0.118 0.117 0.117 0.1175 0.1175 0.1175 0.117 0.117 0.1165 0.1165 0.117 0.117 0.117 0.113 0.113 0.1065 0.1065 0.1055 0.1055 0.1055 0.1075 0.1075 0.102 0.102
0.1145 0.1185 0.1185 0.1135 0.1135 0.1135 0.1115 0.1115 0.1145 0.1145 0.107 0.107 0.112 0.112 0.112 0.1155 0.1155 0.1245 0.1245 0.1165 0.1165 0.1165 0.1195 0.1195 0.1215 0.1215 0.1205 0.1205 0.1205 0.12 0.12 0.123 0.123 0.1235 0.1235 0.1235 0.126 0.126 0.1235 0.1235 0.123 0.123 0.123 0.119 0.119 0.1235 0.1235 0.1185 0.1185 0.1225 0.1225 0.1225 0.1195 0.1195 0.117 0.117 0.1145 0.1145 0.1145 0.118 0.118 0.118 0.118 0.1165 0.1165 0.1165 0.111 0.111 0.114 0.114 0.116 0.116 0.116 0.112 0.112 0.1085 0.1085
0.1145 0.1185 0.1185 0.1135 0.1135 0.1135 0.1115 0.1115 0.1145 0.1145 0.107 0.107 0.112 0.112 0.112 0.1155 0.1155 0.1245 0.1245 0.1165 0.1165 0.1165 0.1195 0.1195 0.1215 0.1215 0.1205 0.1205 0.1205 0.12 0.12 0.123 0.123 0.1235 0.1235 0.1235 0.126 0.126 0.1235 0.1235 0.123 0.123 0.123 0.119 0.119 0.1235 0.1235 0.1185 0.1185 0.1225 0.1225 0.1225 0.1195 0.1195 0.117 0.117 0.1145 0.1145 0.1145 0.118 0.118 0.118 0.118 0.1165 0.1165 0.1165 0.111 0.111 0.114 0.114 0.116 0.116 0.116 0.112 0.112 0.1085 0.1085
0.1215 0.1115 0.1115 0.115 0.115 0.115 0.112 0.112 0.126 0.126 0.127 0.127 0.121 0.121 0.121 0.117 0.117 0.1225 0.1225 0.119 0.119 0.119 0.1195 0.1195 0.1145 0.1145 0.1245 0.1245 0.1245 0.126 0.126 0.1235 0.1235 0.117 0.117 0.117 0.1175 0.1175 0.1105 0.1105 0.11 0.11 0.11 0.1135 0.1135 0.12 0.12 0.124 0.124 0.1195 0.1195 0.1195 0.1105 0.1105 0.1205 0.1205 0.117 0.117 0.117 0.12 0.12 0.115 0.115 0.118 0.118 0.118 0.1115 0.1115 0.1125 0.1125 0.1165 0.1165 0.1165 0.1085 0.1085 0.1105 0.1105
0.1215 0.1115 0.1115 0.115 0.115 0.115 0.112 0.112 0.126 0.126 0.127 0.127 0.121 0.121 0.121 0.117 0.117 0.1225 0.1225 0.119 0.119 0.119 0.1195 0.1195 0.1145 0.1145 0.1245 0.1245 0.1245 0.126 0.126 0.1235 0.1235 0.117 0.117 0.117 0.1175 0.1175 0.1105 0.1105 0.11 0.11 0.11 0.1135 0.1135 0.12 0.12 0.124 0.124 0.1195 0.1195 0.1195 0.1105 0.1105 0.1205 0.1205 0.117 0.117 0.117 0.12 0.12 0.115 0.115 0.118 0.118 0.118 0.1115 0.1115 0.1125 0.1125 0.1165 0.1165 0.1165 0.1085 0.1085 0.1105 0.1105
0.118 0.1085 0.1085 0.1205 0.1205 0.1205 0.117 0.117 0.128 0.128 0.127 0.127 0.1185 0.1185 0.1185 0.126 0.126 0.122 0.122 0.1215 0.1215 0.1215 0.127 0.127 0.1185 0.1185 0.124 0.124 0.124 0.123 0.123 0.121 0.121 0.119 0.119 0.119 0.12 0.12 0.121 0.121 0.125 0.125 0.125 0.127 0.127 0.114 0.114 0.119 0.119 0.119 0.119 0.119 0.119 0.119 0.118 0.118 0.1215 0.1215 0.1215 0.1165 0.1165 0.116 0.116 0.1085 0.1085 0.1085 0.106 0.106 0.1115 0.1115 0.1065 0.1065 0.1065 0.104 0.104 0.1095 0.1095
0.118 0.1085 0.1085 0.1205 0.1205 0.1205 0.117 0.117 0.128 0.128 0.127 0.127 0.1185 0.1185 0.1185 0.126 0.126 0.122 0.122 0.1215 0.1215 0.1215 0.127 0.127 0.1185 0.1185 0.124 0.124 0.124 0.123 0.123 0.121 0.121 0.119 0.119 0.119 0.12 0.12 0.121 0.121 0.125 0.125 0.125 0.127 0.127 0.114 0.114 0.119 0.119 0.119 0.119 0.119 0.119 0.119 0.118 0.118 0.1215 0.1215 0.1215 0.1165 0.1165 0.116 0.116 0.1085 0.1085 0.1085 0.106 0.106 0.1115 0.1115 0.1065 0.1065 0.1065 0.104 0.104 0.1095 0.1095
0.118 0.1085 0.1085 0.1205 0.1205 0.1205 0.117 0.117 0.128 0.128 0.127 0.127 0.1185 0.1185 0.1185 0.126 0.126 0.122 0.122 0.1215 0.1215 0.1215 0.127 0.127 0.1185 0.1185 0.124 0.124 0.124 0.123 0.123 0.121 0.121 0.119 0.119 0.119 0.12 0.12 0.121 0.121 0.125 0.125 0.125 0.127 0.127 0.114 0.114 0.119 0.119 0.119 0.119 0.119 0.119 0.119 0.118 0.118 0.1215 0.1215 0.1215 0.1165 0.1165 0.116 0.116 0.1085 0.1085 0.1085 0.106 0.106 0.1115 0.1115 0.1065 0.1065 0.1065 0.104 0.104 0.1095 0.1095
0.124 0.126 0.126 0.13 0.13 0.13 0.1225 0.1225 0.1275 0.1275 0.1225 0.1225 0.1275 0.1275 0.1275 0.125 0.125 0.127 0.127 0.1235 0.1235 0.1235 0.1285 0.1285 0.1265 0.1265 0.1415 0.1415 0.1415 0.1265 0.1265 0.121 0.121 0.117 0.117 0.117 0.114 0.114 0.111 0.111 0.107 0.107 0.107 0.103 0.103 0.112 0.112 0.1155 0.1155 0.105 0.105 0.105 0.114 0.114 0.11 0.11 0.1135 0.1135 0.1135 0.113 0.113 0.1235 0.1235 0.12 0.12 0.12 0.107 0.107 0.1105 0.1105 0.105 0.105 0.105 0.107 0.107 0.1055 0.1055
0.124 0.126 0.126 0.13 0.13 0.13 0.1225 0.1225 0.1275 0.1275 0.1225 0.1225 0.1275 0.1275 0.1275 0.125 0.125 0.127 0.127 0.1235 0.1235 0.1235 0.1285 0.1285 0.1265 0.1265 0.1415 0.1415 0.1415 0.1265 0.1265 0.121 0.121 0.117 0.117 0.117 0.114 0.114 0.111 0.111 0.107 0.107 0.107 0.103 0.103 0.112 0.112 0.1155 0.1155 0.105 0.105 0.105 0.114 0.114 0.11 0.11 0.1135 0.1135 0.1135 0.113 0.113 0.1235 0.1235 0.12 0.12 0.12 0.107 0.107 0.1105 0.1105 0.105 0.105 0.105 0.107 0.107 0.1055 0.1055
0.1205 0.1155 0.1155 0.115 0.115 0.115 0.1265 0.1265 0.1315 0.1315 0.1255 0.1255 0.129 0.129 0.129 0.125 0.125 0.1175 0.1175 0.122 0.122 0.122 0.125 0.125 0.118 0.118 0.111 0.111 0.111 0.107 0.107 0.1095 0.1095 0.106 0.106 0.106 0.102 0.102 0.1115 0.1115 0.12 0.12 0.12 0.116 0.116 0.114 0.114 0.1175 0.1175 0.1025 0.1025 0.1025 0.1035 0.1035 0.1135 0.1135 0.113 0.113 0.113 0.12 0.12 0.1065 0.1065 0.111 0.111 0.111 0.109 0.109 0.108 0.108 0.104 0.104 0.104 0.103 0.103 0.111 0.111
0.1205 0.1155 0.1155 0.115 0.115 0.115 0.1265 0.1265 0.1315 0.1315 0.1255 0.1255 0.129 0.129 0.129 0.125 0.125 0.1175 0.1175 0.122 0.122 0.122 0.125 0.125 0.118 0.118 0.111 0.111 0.111 0.107 0.107 0.1095 0.1095 0.106 0.106 0.106 0.102 0.102 0.1115 0.1115 0.12 0.12 0.12 0.116 0.116 0.114 0.114 0.1175 0.1175 0.1025 0.1025 0.1025 0.1035 0.1035 0.1135 0.1135 0.113 0.113 0.113 0.12 0.12 0.1065 0.1065 0.111 0.111 0.111 0.109 0.109 0.108 0.108 0.104 0.104 0.104 0.103 0.103 0.111 0.111
0.1195 0.1105 0.1105 0.1355 0.1355 0.1355 0.124 0.124 0.1085 0.1085 0.1195 0.1195 0.125 0.125 0.125 0.1175 0.1175 0.1075 0.1075 0.1245 0.1245 0.1245 0.1145 0.1145 0.1165 0.1165 0.1095 0.1095 0.1095 0.107 0.107 0.1005 0.1005 0.0985 0.0985 0.0985 0.108 0.108 0.121 0.121 0.1215 0.1215 0.1215 0.112 0.112 0.1045 0.1045 0.0855 0.0855 0.089 0.089 0.089 0.101 0.101 0.1125 0.1125 0.1105 0.1105 0.1105 0.1125 0.1125 0.113 0.113 0.1135 0.1135 0.1135 0.11 0.11 0.1075 0.1075 0.1065 0.1065 0.1065 0.1055 0.1055 0.113 0.113
0.1195 0.1105 0.1105 0.1355 0.1355 0.1355 0.124 0.124 0.1085 0.1085 0.1195 0.1195 0.125 0.125 0.125 0.1175 0.1175 0.1075 0.1075 0.1245 0.1245 0.1245 0.1145 0.1145 0.1165 0.1165 0.1095 0.1095 0.1095 0.107 0.107 0.1005 0.1005 0.0985 0.0985 0.0985 0.108 0.108 0.121 0.121 0.1215 0.1215 0.1215 0.112 0.112 0.1045 0.1045 0.0855 0.0855 0.089 0.089 0.089 0.101 0.101 0.1125 0.1125 0.1105 0.1105 0.1105 0.1125 0.1125 0.113 0.113 0.1135 0.1135 0.1135 0.11 0.11 0.1075 0.1075 0.1065 0.1065 0.1065 0.1055 0.1055 0.113 0.113
0.1195 0.1105 0.1105 0.1355 0.1355 0.1355 0.124 0.124 0.1085 0.1085 0.1195 0.1195 0.125 0.125 0.125 0.1175 0.1175 0.1075 0.1075 0.1245 0.1245 0.1245 0.1145 0.1145 0.1165 0.1165 0.1095 0.1095 0.1095 0.107 0.107 0.1005 0.1005 0.0985 0.0985 0.0985 0.108 0.108 0.121 0.121 0.1215 0.1215 0.1215 0.112 0.112 0.1045 0.1045 0.0855 0.0855 0.089 0.089 0.089 0.101 0.101 0.1125 0.1125 0.1105 0.1105 0.1105 0.1125 0.1125 0.113 0.113 0.1135 0.1135 0.1135 0.11 0.11 0.1075 0.1075 0.1065 0.1065 0.1065 0.1055 0.1055 0.113 0.113
0.1115 0.109 0.109 0.124 0.124 0.124 0.1075 0.1075 0.096 0.096 0.105 0.105 0.112 0.112 0.112 0.111 0.111 0.111 0.111 0.117 0.117 0.117 0.113 0.113 0.1265 0.1265 0.1105 0.1105 0.1105 0.111 0.111 0.1045 0.1045 0.097 0.097 0.097 0.111 0.111 0.1025 0.1025 0.097 0.097 0.097 0.112 0.112 0.114 0.114 0.1135 0.1135 0.11 0.11 0.11 0.111 0.111 0.107 0.107 0.108 0.108 0.108 0.111 0.111 0.112 0.112 0.1085 0.1085 0.1085 0.1095 0.1095 0.104 0.104 0.111 0.111 0.111 0.1055 0.1055 0.111 0.111
0.1115 0.109 0.109 0.124 0.124 0.124 0.1075 0.1075 0.096 0.096 0.105 0.105 0.112 0.112 0.112 0.111 0.111 0.111 0.111 0.117 0.117 0.117 0.113 0.113 0.1265 0.1265 0.1105 0.1105 0.1105 0.111 0.111 0.1045 0.1045 0.097 0.097 0.097 0.111 0.111 0.1025 0.1025 0.097 0.097 0.097 0.112 0.112 0.114 0.114 0.1135 0.1135 0.11 0.11 0.11 0.111 0.111 0.107 0.107 0.108 0.108 0.108 0.111 0.111 0.112 0.112 0.1085 0.1085 0.1085 0.1095 0.1095 0.104 0.104 0.111 0.111 0.111 0.1055 0.1055 0.111 0.111
0.1205 0.1295 0.1295 0.132 0.132 0.132 0.1195 0.1195 0.131 0.131 0.1135 0.1135 0.119 0.119 0.119 0.1075 0.1075 0.1125 0.1125 0.13 0.13 0.13 0.127 0.127 0.1285 0.1285 0.1285 0.1285 0.1285 0.13 0.13 0.1355 0.1355 0.1155 0.1155 0.1155 0.118 0.118 0.124 0.124 0.1225 0.1225 0.1225 0.125 0.125 0.1175 0.1175 0.1245 0.1245 0.1175 0.1175 0.1175 0.11 0.11 0.108 0.108 0.1095 0.1095 0.1095 0.107 0.107 0.112 0.112 0.1145 0.1145 0.1145 0.1065 0.1065 0.1095 0.1095 0.1095 0.1095 0.1095 0.111 0.111 0.1205 0.1205
0.1205 0.1295 0.1295 0.132 0.132 0.132 0.1195 0.1195 0.131 0.131 0.1135 0.1135 0.119 0.119 0.119 0.1075 0.1075 0.1125 0.1125 0.13 0.13 0.13 0.127 0.127 0.1285 0.1285 0.1285 0.1285 0.1285 0.13 0.13 0.1355 0.1355 0.1155 0.1155 0.1155 0.118 0.118 0.124 0.124 0.1225 0.1225 0.1225 0.125 0.125 0.1175 0.1175 0.1245 0.1245 0.1175 0.1175 0.1175 0.11 0.11 0.108 0.108 0.1095 0.1095 0.1095 0.107 0.107 0.112 0.112 0.1145 0.1145 0.1145 0.1065 0.1065 0.1095 0.1095 0.1095 0.1095 0.1095 0.111 0.111 0.1205 0.1205
0.13 0.135 0.135 0.1425 0.1425 0.1425 0.148 0.148 0.127 0.127 0.134 0.134 0.1385 0.1385 0.1385 0.1445 0.1445 0.1315 0.1315 0.135 0.135 0.135 0.138 0.138 0.124 0.124 0.1195 0.1195 0.1195 0.118 0.118 0.1155 0.1155 0.124 0.124 0.124 0.13 0.13 0.13 0.13 0.125 0.125 0.125 0.124 0.124 0.121 0.121 0.115 0.115 0.117 0.117 0.117 0.113 0.113 0.109 0.109 0.1095 0.1095 0.1095 0.11 0.11 0.1165 0.1165 0.119 0.119 0.119 0.118 0.118 0.1145 0.1145 0.117 0.117 0.117 0.115 0.115 0.108 0.108
0.13 0.135 0.135 0.1425 0.1425 0.1425 0.148 0.148 0.127 0.127 0.134 0.134 0.1385 0.1385 0.1385 0.1445 0.1445 0.1315 0.1315 0.135 0.135 0.135 0.138 0.138 0.124 0.124 0.1195 0.1195 0.1195 0.118 0.118 0.1155 0.1155 0.124 0.124 0.124 0.13 0.13 0.13 0.13 0.125 0.125 0.125 0.124 0.124 0.121 0.121 0.115 0.115 0.117 0.117 0.117 0.113 0.113 0.109 0.109 0.1095 0.1095 0.1095 0.11 0.11 0.1165 0.1165 0.119 0.119 0.119 0.118 0.118 0.1145 0.1145 0.117 0.117 0.117 0.115 0.115 0.108 0.108
0.13 0.135 0.135 0.1425 0.1425 0.1425 0.148 0.148 0.127 0.127 0.134 0.134 0.1385 0.1385 0.1385 0.1445 0.1445 0.1315 0.1315 0.135 0.135 0.135 0.138 0.138 0.124 0.124 0.1195 0.1195 0.1195 0.118 0.118 0.1155 0.1155 0.124 0.124 0.124 0.13 0.13 0.13 0.13 0.125 0.125 0.125 0.124 0.124 0.121 0.121 0.115 0.115 0.117 0.117 0.117 0.113 0.113 0.109 0.109 0.1095 0.1095 0.1095 0.11 0.11 0.1165 0.1165 0.119 0.119 0.119 0.118 0.118 0.1145 0.1145 0.117 0.117 0.117 0.115 0.115 0.108 0.108
0.134 0.1255 0.1255 0.1415 0.1415 0.1415 0.136 0.136 0.1435 0.1435 0.1455 0.1455 0.1425 0.1425 0.1425 0.1455 0.1455 0.141 0.141 0.132 0.132 0.132 0.135 0.135 0.131 0.131 0.129 0.129 0.129 0.1285 0.1285 0.137 0.137 0.1415 0.1415 0.1415 0.139 0.139 0.1335 0.1335 0.122 0.122 0.122 0.124 0.124 0.126 0.126 0.122 0.122 0.1205 0.1205 0.1205 0.1175 0.1175 0.1115 0.1115 0.1115 0.1115 0.1115 0.111 0.111 0.1205 0.1205 0.12 0.12 0.12 0.123 0.123 0.122 0.122 0.1105 0.1105 0.1105 0.116 0.116 0.121 0.121
0.134 0.1255 0.1255 0.1415 0.1415 0.1415 0.136 0.136 0.1435 0.1435 0.1455 0.1455 0.1425 0.1425 0.1425 0.1455 0.1455 0.141 0.141 0.132 0.132 0.132 0.135 0.135 0.131 0.131 0.129 0.129 0.129 0.1285 0.1285 0.137 0.137 0.1415 0.1415 0.1415 0.139 0.139 0.1335 0.1335 0.122 0.122 0.122 0.124 0.124 0.126 0.126 0.122 0.122 0.1205 0.1205 0.1205 0.1175 0.1175 0.1115 0.1115 0.1115 0.1115 0.1115 0.111 0.111 0.1205 0.1205 0.12 0.12 0.12 0.123 0.123 0.122 0.122 0.1105 0.1105 0.1105 0.116 0.116 0.121 0.121
0.147 0.126 0.126 0.1415 0.1415 0.1415 0.1355 0.1355 0.1495 0.1495 0.138 0.138 0.1295 0.1295 0.1295 0.1415 0.1415 0.134 0.134 0.1445 0.1445 0.1445 0.1365 0.1365 0.1415 0.1415 0.136 0.136 0.136 0.127 0.127 0.132 0.132 0.1375 0.1375 0.1375 0.1405 0.1405 0.138 0.138 0.139 0.139 0.139 0.133 0.133 0.1325 0.1325 0.1295 0.1295 0.1295 0.1295 0.1295 0.129 0.129 0.1275 0.1275 0.1185 0.1185 0.1185 0.121 0.121 0.1235 0.1235 0.127 0.127 0.127 0.132 0.132 0.131 0.131 0.123 0.123 0.123 0.129 0.129 0.1215 0.1215
0.147 0.126 0.126 0.1415 0.1415 0.1415 0.1355 0.1355 0.1495 0.1495 0.138 0.138 0.1295 0.1295 0.1295 0.1415 0.1415 0.134 0.134 0.1445 0.1445 0.1445 0.1365 0.1365 0.1415 0.1415 0.136 0.136 0.136 0.127 0.127 0.132 0.132 0.1375 0.1375 0.1375 0.1405 0.1405 0.138 0.138 0.139 0.139 0.139 0.133 0.133 0.1325 0.1325 0.1295 0.1295 0.1295 0.1295 0.1295 0.129 0.129 0.1275 0.1275 0.1185 0.1185 0.1185 0.121 0.121 0.1235 0.1235 0.127 0.127 0.127 0.132 0.132 0.131 0.131 0.123 0.123 0.123 0.129 0.129 0.1215 0.1215
0.1425 0.1335 0.1335 0.136 0.136 0.136 0.1545 0.1545 0.1425 0.1425 0.1275 0.1275 0.1095 0.1095 0.1095 0.12 0.12 0.124 0.124 0.1275 0.1275 0.1275 0.126 0.126 0.1185 0.1185 0.124 0.124 0.124 0.1345 0.1345 0.1445 0.1445 0.1375 0.1375 0.1375 0.146 0.146 0.133 0.133 0.132 0.132 0.132 0.1295 0.1295 0.1285 0.1285 0.1365 0.1365 0.1405 0.1405 0.1405 0.1415 0.1415 0.126 0.126 0.124 0.124 0.124 0.127 0.127 0.129 0.129 0.13 0.13 0.13 0.1285 0.1285 0.1245 0.1245 0.128 0.128 0.128 0.1245 0.1245 0.119 0.119
0.1425 0.1335 0.1335 0.136 0.136 0.136 0.1545 0.1545 0.1425 0.1425 0.1275 0.1275 0.1095 0.1095 0.1095 0.12 0.12 0.124 0.124 0.1275 0.1275 0.1275 0.126 0.126 0.1185 0.1185 0.124 0.124 0.124 0.1345 0.1345 0.1445 0.1445 0.1375 0.1375 0.1375 0.146 0.146 0.133 0.133 0.132 0.132 0.132 0.1295 0.1295 0.1285 0.1285 0.1365 0.1365 0.1405 0.1405 0.1405 0.1415 0.1415 0.126 0.126 0.124 0.124 0.124 0.127 0.127 0.129 0.129 0.13 0.13 0.13 0.1285 0.1285 0.1245 0.1245 0.128 0.128 0.128 0.1245 0.1245 0.119 0.119
