ndvi/NOAA-382.asc
ncols         252
nrows         154
xllcorner     -18.017974
yllcorner     13.481982
cellsize      0.035948
NODATA_value  -9999
[rows 0 to 33 of 154, columns 77 to 153 of 252]
0.1115 0.1115 0.1005 0.1005 0.1015 0.1015 0.1095 0.1095 0.1095 0.108 0.108 0.1055 0.1055 0.098 0.098 0.114 0.114 0.114 0.1035 0.1035 0.102 0.102 0.099 0.099 0.099 0.098 0.098 0.1075 0.1075 0.0945 0.0945 0.0945 0.09450001 0.09450001 0.089 0.089 0.092 0.092 0.092 0.094 0.094 0.089 0.089 0.0865 0.0865 0.0865 0.08750001 0.08750001 0.086 0.086 0.0925 0.0925 0.1015 0.1015 0.1015 0.0945 0.0945 0.104 0.104 0.104 0.104 0.104 0.101 0.101 0.105 0.105 0.104 0.104 0.104 0.0985 0.0985 0.093 0.093 0.0945 0.0945 0.0945 0.0895
0.1115 0.1115 0.1005 0.1005 0.1015 0.1015 0.1095 0.1095 0.1095 0.108 0.108 0.1055 0.1055 0.098 0.098 0.114 0.114 0.114 0.1035 0.1035 0.102 0.102 0.099 0.099 0.099 0.098 0.098 0.1075 0.1075 0.0945 0.0945 0.0945 0.09450001 0.09450001 0.089 0.089 0.092 0.092 0.092 0.094 0.094 0.089 0.089 0.0865 0.0865 0.0865 0.08750001 0.08750001 0.086 0.086 0.0925 0.0925 0.1015 0.1015 0.1015 0.0945 0.0945 0.104 0.104 0.104 0.104 0.104 0.101 0.101 0.105 0.105 0.104 0.104 0.104 0.0985 0.0985 0.093 0.093 0.0945 0.0945 0.0945 0.0895
0.1045 0.1045 0.1115 0.1115 0.113 0.113 0.1155 0.1155 0.1155 0.105 0.105 0.103 0.103 0.1065 0.1065 0.1135 0.1135 0.1135 0.109 0.109 0.104 0.104 0.095 0.095 0.095 0.0955 0.0955 0.1 0.1 0.0975 0.0975 0.0975 0.0935 0.0935 0.09299999 0.09299999 0.0985 0.0985 0.0985 0.0915 0.0915 0.084 0.084 0.086 0.086 0.086 0.092 0.092 0.0945 0.0945 0.0985 0.0985 0.106 0.106 0.106 0.104 0.104 0.107 0.107 0.106 0.106 0.106 0.1045 0.1045 0.1015 0.1015 0.1045 0.1045 0.1045 0.0965 0.0965 0.094 0.094 0.0935 0.0935 0.0935 0.0895
0.1045 0.1045 0.1115 0.1115 0.113 0.113 0.1155 0.1155 0.1155 0.105 0.105 0.103 0.103 0.1065 0.1065 0.1135 0.1135 0.1135 0.109 0.109 0.104 0.104 0.095 0.095 0.095 0.0955 0.0955 0.1 0.1 0.0975 0.0975 0.0975 0.0935 0.0935 0.09299999 0.09299999 0.0985 0.0985 0.0985 0.0915 0.0915 0.084 0.084 0.086 0.086 0.086 0.092 0.092 0.0945 0.0945 0.0985 0.0985 0.106 0.106 0.106 0.104 0.104 0.107 0.107 0.106 0.106 0.106 0.1045 0.1045 0.1015 0.1015 0.1045 0.1045 0.1045 0.0965 0.0965 0.094 0.094 0.0935 0.0935 0.0935 0.0895
0.1045 0.1045 0.1115 0.1115 0.113 0.113 0.1155 0.1155 0.1155 0.105 0.105 0.103 0.103 0.1065 0.1065 0.1135 0.1135 0.1135 0.109 0.109 0.104 0.104 0.095 0.095 0.095 0.0955 0.0955 0.1 0.1 0.0975 0.0975 0.0975 0.0935 0.0935 0.09299999 0.09299999 0.0985 0.0985 0.0985 0.0915 0.0915 0.084 0.084 0.086 0.086 0.086 0.092 0.092 0.0945 0.0945 0.0985 0.0985 0.106 0.106 0.106 0.104 0.104 0.107 0.107 0.106 0.106 0.106 0.1045 0.1045 0.1015 0.1015 0.1045 0.1045 0.1045 0.0965 0.0965 0.094 0.094 0.0935 0.0935 0.0935 0.0895
0.108 0.108 0.1085 0.1085 0.1115 0.1115 0.1045 0.1045 0.1045 0.107 0.107 0.1055 0.1055 0.114 0.114 0.122 0.122 0.122 0.104 0.104 0.096 0.096 0.1035 0.1035 0.1035 0.104 0.104 0.0985 0.0985 0.0985 0.0985 0.0985 0.1065 0.1065 0.0965 0.0965 0.0965 0.0965 0.0965 0.099 0.099 0.085 0.085 0.09450001 0.09450001 0.09450001 0.095 0.095 0.098 0.098 0.1045 0.1045 0.1095 0.1095 0.1095 0.1095 0.1095 0.107 0.107 0.1045 0.1045 0.1045 0.1055 0.1055 0.1095 0.1095 0.113 0.113 0.113 0.107 0.107 0.1015 0.1015 0.1035 0.1035 0.1035 0.103
0.108 0.108 0.1085 0.1085 0.1115 0.1115 0.1045 0.1045 0.1045 0.107 0.107 0.1055 0.1055 0.114 0.114 0.122 0.122 0.122 0.104 0.104 0.096 0.096 0.1035 0.1035 0.1035 0.104 0.104 0.0985 0.0985 0.0985 0.0985 0.0985 0.1065 0.1065 0.0965 0.0965 0.0965 0.0965 0.0965 0.099 0.099 0.085 0.085 0.09450001 0.09450001 0.09450001 0.095 0.095 0.098 0.098 0.1045 0.1045 0.1095 0.1095 0.1095 0.1095 0.1095 0.107 0.107 0.1045 0.1045 0.1045 0.1055 0.1055 0.1095 0.1095 0.113 0.113 0.113 0.107 0.107 0.1015 0.1015 0.1035 0.1035 0.1035 0.103
0.1085 0.1085 0.107 0.107 0.1015 0.1015 0.1075 0.1075 0.1075 0.111 0.111 0.115 0.115 0.104 0.104 0.0985 0.0985 0.0985 0.1015 0.1015 0.101 0.101 0.106 0.106 0.106 0.1105 0.1105 0.104 0.104 0.1005 0.1005 0.1005 0.104 0.104 0.0985 0.0985 0.1 0.1 0.1 0.097 0.097 0.0985 0.0985 0.114 0.114 0.114 0.1215 0.1215 0.1215 0.1215 0.123 0.123 0.1165 0.1165 0.1165 0.115 0.115 0.1095 0.1095 0.109 0.109 0.109 0.1105 0.1105 0.1115 0.1115 0.111 0.111 0.111 0.1135 0.1135 0.1105 0.1105 0.1095 0.1095 0.1095 0.1105
0.1085 0.1085 0.107 0.107 0.1015 0.1015 0.1075 0.1075 0.1075 0.111 0.111 0.115 0.115 0.104 0.104 0.0985 0.0985 0.0985 0.1015 0.1015 0.101 0.101 0.106 0.106 0.106 0.1105 0.1105 0.104 0.104 0.1005 0.1005 0.1005 0.104 0.104 0.0985 0.0985 0.1 0.1 0.1 0.097 0.097 0.0985 0.0985 0.114 0.114 0.114 0.1215 0.1215 0.1215 0.1215 0.123 0.123 0.1165 0.1165 0.1165 0.115 0.115 0.1095 0.1095 0.109 0.109 0.109 0.1105 0.1105 0.1115 0.1115 0.111 0.111 0.111 0.1135 0.1135 0.1105 0.1105 0.1095 0.1095 0.1095 0.1105
0.104 0.104 0.1075 0.1075 0.1065 0.1065 0.106 0.106 0.106 0.104 0.104 0.102 0.102 0.109 0.109 0.1105 0.1105 0.1105 0.106 0.106 0.1015 0.1015 0.1075 0.1075 0.1075 0.1115 0.1115 0.107 0.107 0.1085 0.1085 0.1085 0.113 0.113 0.115 0.115 0.107 0.107 0.107 0.102 0.102 0.119 0.119 0.1355 0.1355 0.1355 0.129 0.129 0.1325 0.1325 0.127 0.127 0.119 0.119 0.119 0.118 0.118 0.1155 0.1155 0.11 0.11 0.11 0.1175 0.1175 0.1155 0.1155 0.1165 0.1165 0.1165 0.1205 0.1205 0.123 0.123 0.115 0.115 0.115 0.1235
0.104 0.104 0.1075 0.1075 0.1065 0.1065 0.106 0.106 0.106 0.104 0.104 0.102 0.102 0.109 0.109 0.1105 0.1105 0.1105 0.106 0.106 0.1015 0.1015 0.1075 0.1075 0.1075 0.1115 0.1115 0.107 0.107 0.1085 0.1085 0.1085 0.113 0.113 0.115 0.115 0.107 0.107 0.107 0.102 0.102 0.119 0.119 0.1355 0.1355 0.1355 0.129 0.129 0.1325 0.1325 0.127 0.127 0.119 0.119 0.119 0.118 0.118 0.1155 0.1155 0.11 0.11 0.11 0.1175 0.1175 0.1155 0.1155 0.1165 0.1165 0.1165 0.1205 0.1205 0.123 0.123 0.115 0.115 0.115 0.1235
0.1235 0.1235 0.1135 0.1135 0.107 0.107 0.1055 0.1055 0.1055 0.1075 0.1075 0.1095 0.1095 0.111 0.111 0.107 0.107 0.107 0.1075 0.1075 0.1105 0.1105 0.1145 0.1145 0.1145 0.112 0.112 0.1105 0.1105 0.1125 0.1125 0.1125 0.1145 0.1145 0.114 0.114 0.113 0.113 0.113 0.118 0.118 0.127 0.127 0.138 0.138 0.138 0.13 0.13 0.1325 0.1325 0.128 0.128 0.1345 0.1345 0.1345 0.122 0.122 0.1275 0.1275 0.121 0.121 0.121 0.1235 0.1235 0.1255 0.1255 0.125 0.125 0.125 0.123 0.123 0.1155 0.1155 0.121 0.121 0.121 0.1335
0.1235 0.1235 0.1135 0.1135 0.107 0.107 0.1055 0.1055 0.1055 0.1075 0.1075 0.1095 0.1095 0.111 0.111 0.107 0.107 0.107 0.1075 0.1075 0.1105 0.1105 0.1145 0.1145 0.1145 0.112 0.112 0.1105 0.1105 0.1125 0.1125 0.1125 0.1145 0.1145 0.114 0.114 0.113 0.113 0.113 0.118 0.118 0.127 0.127 0.138 0.138 0.138 0.13 0.13 0.1325 0.1325 0.128 0.128 0.1345 0.1345 0.1345 0.122 0.122 0.1275 0.1275 0.121 0.121 0.121 0.1235 0.1235 0.1255 0.1255 0.125 0.125 0.125 0.123 0.123 0.1155 0.1155 0.121 0.121 0.121 0.1335
0.1235 0.1235 0.1135 0.1135 0.107 0.107 0.1055 0.1055 0.1055 0.1075 0.1075 0.1095 0.1095 0.111 0.111 0.107 0.107 0.107 0.1075 0.1075 0.1105 0.1105 0.1145 0.1145 0.1145 0.112 0.112 0.1105 0.1105 0.1125 0.1125 0.1125 0.1145 0.1145 0.114 0.114 0.113 0.113 0.113 0.118 0.118 0.127 0.127 0.138 0.138 0.138 0.13 0.13 0.1325 0.1325 0.128 0.128 0.1345 0.1345 0.1345 0.122 0.122 0.1275 0.1275 0.121 0.121 0.121 0.1235 0.1235 0.1255 0.1255 0.125 0.125 0.125 0.123 0.123 0.1155 0.1155 0.121 0.121 0.121 0.1335
0.116 0.116 0.113 0.113 0.11 0.11 0.113 0.113 0.113 0.11 0.11 0.111 0.111 0.1135 0.1135 0.1155 0.1155 0.1155 0.112 0.112 0.116 0.116 0.1195 0.1195 0.1195 0.1165 0.1165 0.1145 0.1145 0.112 0.112 0.112 0.1105 0.1105 0.1125 0.1125 0.1065 0.1065 0.1065 0.106 0.106 0.127 0.127 0.1335 0.1335 0.1335 0.1325 0.1325 0.135 0.135 0.137 0.137 0.144 0.144 0.144 0.1355 0.1355 0.143 0.143 0.138 0.138 0.138 0.1265 0.1265 0.137 0.137 0.1245 0.1245 0.1245 0.1145 0.1145 0.1275 0.1275 0.1345 0.1345 0.1345 0.1355
0.116 0.116 0.113 0.113 0.11 0.11 0.113 0.113 0.113 0.11 0.11 0.111 0.111 0.1135 0.1135 0.1155 0.1155 0.1155 0.112 0.112 0.116 0.116 0.1195 0.1195 0.1195 0.1165 0.1165 0.1145 0.1145 0.112 0.112 0.112 0.1105 0.1105 0.1125 0.1125 0.1065 0.1065 0.1065 0.106 0.106 0.127 0.127 0.1335 0.1335 0.1335 0.1325 0.1325 0.135 0.135 0.137 0.137 0.144 0.144 0.144 0.1355 0.1355 0.143 0.143 0.138 0.138 0.138 0.1265 0.1265 0.137 0.137 0.1245 0.1245 0.1245 0.1145 0.1145 0.1275 0.1275 0.1345 0.1345 0.1345 0.1355
0.1135 0.1135 0.1115 0.1115 0.1125 0.1125 0.1115 0.1115 0.1115 0.112 0.112 0.111 0.111 0.1195 0.1195 0.1155 0.1155 0.1155 0.1125 0.1125 0.1135 0.1135 0.12 0.12 0.12 0.1205 0.1205 0.115 0.115 0.117 0.117 0.117 0.11 0.11 0.107 0.107 0.1065 0.1065 0.1065 0.103 0.103 0.1265 0.1265 0.1315 0.1315 0.1315 0.1355 0.1355 0.139 0.139 0.14 0.14 0.138 0.138 0.138 0.125 0.125 0.1365 0.1365 0.142 0.142 0.142 0.14 0.14 0.135 0.135 0.133 0.133 0.133 0.112 0.112 0.1215 0.1215 0.126 0.126 0.126 0.145
0.1135 0.1135 0.1115 0.1115 0.1125 0.1125 0.1115 0.1115 0.1115 0.112 0.112 0.111 0.111 0.1195 0.1195 0.1155 0.1155 0.1155 0.1125 0.1125 0.1135 0.1135 0.12 0.12 0.12 0.1205 0.1205 0.115 0.115 0.117 0.117 0.117 0.11 0.11 0.107 0.107 0.1065 0.1065 0.1065 0.103 0.103 0.1265 0.1265 0.1315 0.1315 0.1315 0.1355 0.1355 0.139 0.139 0.14 0.14 0.138 0.138 0.138 0.125 0.125 0.1365 0.1365 0.142 0.142 0.142 0.14 0.14 0.135 0.135 0.133 0.133 0.133 0.112 0.112 0.1215 0.1215 0.126 0.126 0.126 0.145
0.116 0.116 0.116 0.116 0.114 0.114 0.118 0.118 0.118 0.1245 0.1245 0.119 0.119 0.116 0.116 0.1165 0.1165 0.1165 0.1155 0.1155 0.113 0.113 0.115 0.115 0.115 0.1135 0.1135 0.1145 0.1145 0.1165 0.1165 0.1165 0.115 0.115 0.1095 0.1095 0.1105 0.1105 0.1105 0.1045 0.1045 0.12 0.12 0.1355 0.1355 0.1355 0.1395 0.1395 0.135 0.135 0.1345 0.1345 0.135 0.135 0.135 0.125 0.125 0.1285 0.1285 0.1425 0.1425 0.1425 0.1505 0.1505 0.139 0.139 0.1285 0.1285 0.1285 0.1345 0.1345 0.1425 0.1425 0.126 0.126 0.126 0.138
0.116 0.116 0.116 0.116 0.114 0.114 0.118 0.118 0.118 0.1245 0.1245 0.119 0.119 0.116 0.116 0.1165 0.1165 0.1165 0.1155 0.1155 0.113 0.113 0.115 0.115 0.115 0.1135 0.1135 0.1145 0.1145 0.1165 0.1165 0.1165 0.115 0.115 0.1095 0.1095 0.1105 0.1105 0.1105 0.1045 0.1045 0.12 0.12 0.1355 0.1355 0.1355 0.1395 0.1395 0.135 0.135 0.1345 0.1345 0.135 0.135 0.135 0.125 0.125 0.1285 0.1285 0.1425 0.1425 0.1425 0.1505 0.1505 0.139 0.139 0.1285 0.1285 0.1285 0.1345 0.1345 0.1425 0.1425 0.126 0.126 0.126 0.138
0.116 0.116 0.116 0.116 0.114 0.114 0.118 0.118 0.118 0.1245 0.1245 0.119 0.119 0.116 0.116 0.1165 0.1165 0.1165 0.1155 0.1155 0.113 0.113 0.115 0.115 0.115 0.1135 0.1135 0.1145 0.1145 0.1165 0.1165 0.1165 0.115 0.115 0.1095 0.1095 0.1105 0.1105 0.1105 0.1045 0.1045 0.12 0.12 0.1355 0.1355 0.1355 0.1395 0.1395 0.135 0.135 0.1345 0.1345 0.135 0.135 0.135 0.125 0.125 0.1285 0.1285 0.1425 0.1425 0.1425 0.1505 0.1505 0.139 0.139 0.1285 0.1285 0.1285 0.1345 0.1345 0.1425 0.1425 0.126 0.126 0.126 0.138
0.114 0.114 0.122 0.122 0.1195 0.1195 0.125 0.125 0.125 0.1285 0.1285 0.1205 0.1205 0.112 0.112 0.116 0.116 0.116 0.117 0.117 0.113 0.113 0.1075 0.1075 0.1075 0.114 0.114 0.127 0.127 0.1305 0.1305 0.1305 0.13 0.13 0.1305 0.1305 0.115 0.115 0.115 0.1125 0.1125 0.141 0.141 0.1485 0.1485 0.1485 0.149 0.149 0.1455 0.1455 0.134 0.134 0.131 0.131 0.131 0.1215 0.1215 0.1195 0.1195 0.129 0.129 0.129 0.133 0.133 0.1305 0.1305 0.1325 0.1325 0.1325 0.136 0.136 0.1375 0.1375 0.1375 0.1375 0.1375 0.166
0.114 0.114 0.122 0.122 0.1195 0.1195 0.125 0.125 0.125 0.1285 0.1285 0.1205 0.1205 0.112 0.112 0.116 0.116 0.116 0.117 0.117 0.113 0.113 0.1075 0.1075 0.1075 0.114 0.114 0.127 0.127 0.1305 0.1305 0.1305 0.13 0.13 0.1305 0.1305 0.115 0.115 0.115 0.1125 0.1125 0.141 0.141 0.1485 0.1485 0.1485 0.149 0.149 0.1455 0.1455 0.134 0.134 0.131 0.131 0.131 0.1215 0.1215 0.1195 0.1195 0.129 0.129 0.129 0.133 0.133 0.1305 0.1305 0.1325 0.1325 0.1325 0.136 0.136 0.1375 0.1375 0.1375 0.1375 0.1375 0.166
0.1175 0.1175 0.115 0.115 0.1225 0.1225 0.1285 0.1285 0.1285 0.14 0.14 0.15 0.15 0.1225 0.1225 0.123 0.123 0.123 0.125 0.125 0.126 0.126 0.123 0.123 0.123 0.1255 0.1255 0.1375 0.1375 0.1345 0.1345 0.1345 0.133 0.133 0.1195 0.1195 0.118 0.118 0.118 0.1135 0.1135 0.1445 0.1445 0.145 0.145 0.145 0.1435 0.1435 0.149 0.149 0.1595 0.1595 0.1325 0.1325 0.1325 0.12 0.12 0.1305 0.1305 0.131 0.131 0.131 0.1305 0.1305 0.1275 0.1275 0.137 0.137 0.137 0.142 0.142 0.142 0.142 0.1385 0.1385 0.1385 0.129
0.1175 0.1175 0.115 0.115 0.1225 0.1225 0.1285 0.1285 0.1285 0.14 0.14 0.15 0.15 0.1225 0.1225 0.123 0.123 0.123 0.125 0.125 0.126 0.126 0.123 0.123 0.123 0.1255 0.1255 0.1375 0.1375 0.1345 0.1345 0.1345 0.133 0.133 0.1195 0.1195 0.118 0.118 0.118 0.1135 0.1135 0.1445 0.1445 0.145 0.145 0.145 0.1435 0.1435 0.149 0.149 0.1595 0.1595 0.1325 0.1325 0.1325 0.12 0.12 0.1305 0.1305 0.131 0.131 0.131 0.1305 0.1305 0.1275 0.1275 0.137 0.137 0.137 0.142 0.142 0.142 0.142 0.1385 0.1385 0.1385 0.129
0.1265 0.1265 0.1285 0.1285 0.1355 0.1355 0.1345 0.1345 0.1345 0.18 0.18 0.1535 0.1535 0.1335 0.1335 0.1275 0.1275 0.1275 0.1345 0.1345 0.1275 0.1275 0.13 0.13 0.13 0.1335 0.1335 0.1515 0.1515 0.1455 0.1455 0.1455 0.1435 0.1435 0.128 0.128 0.121 0.121 0.121 0.12 0.12 0.143 0.143 0.1435 0.1435 0.1435 0.141 0.141 0.149 0.149 0.1565 0.1565 0.1395 0.1395 0.1395 0.13 0.13 0.136 0.136 0.1295 0.1295 0.1295 0.13 0.13 0.117 0.117 0.124 0.124 0.124 0.1375 0.1375 0.1325 0.1325 0.133 0.133 0.133 0.1395
0.1265 0.1265 0.1285 0.1285 0.1355 0.1355 0.1345 0.1345 0.1345 0.18 0.18 0.1535 0.1535 0.1335 0.1335 0.1275 0.1275 0.1275 0.1345 0.1345 0.1275 0.1275 0.13 0.13 0.13 0.1335 0.1335 0.1515 0.1515 0.1455 0.1455 0.1455 0.1435 0.1435 0.128 0.128 0.121 0.121 0.121 0.12 0.12 0.143 0.143 0.1435 0.1435 0.1435 0.141 0.141 0.149 0.149 0.1565 0.1565 0.1395 0.1395 0.1395 0.13 0.13 0.136 0.136 0.1295 0.1295 0.1295 0.13 0.13 0.117 0.117 0.124 0.124 0.124 0.1375 0.1375 0.1325 0.1325 0.133 0.133 0.133 0.1395
0.1265 0.1265 0.1285 0.1285 0.1355 0.1355 0.1345 0.1345 0.1345 0.18 0.18 0.1535 0.1535 0.1335 0.1335 0.1275 0.1275 0.1275 0.1345 0.1345 0.1275 0.1275 0.13 0.13 0.13 0.1335 0.1335 0.1515 0.1515 0.1455 0.1455 0.1455 0.1435 0.1435 0.128 0.128 0.121 0.121 0.121 0.12 0.12 0.143 0.143 0.1435 0.1435 0.1435 0.141 0.141 0.149 0.149 0.1565 0.1565 0.1395 0.1395 0.1395 0.13 0.13 0.136 0.136 0.1295 0.1295 0.1295 0.13 0.13 0.117 0.117 0.124 0.124 0.124 0.1375 0.1375 0.1325 0.1325 0.133 0.133 0.133 0.1395
0.131 0.131 0.1575 0.1575 0.152 0.152 0.1505 0.1505 0.1505 0.161 0.161 0.186 0.186 0.1515 0.1515 0.165 0.165 0.165 0.1495 0.1495 0.1525 0.1525 0.1405 0.1405 0.1405 0.133 0.133 0.1435 0.1435 0.1465 0.1465 0.1465 0.1435 0.1435 0.1395 0.1395 0.138 0.138 0.138 0.1345 0.1345 0.147 0.147 0.141 0.141 0.141 0.148 0.148 0.1465 0.1465 0.145 0.145 0.1525 0.1525 0.1525 0.1505 0.1505 0.1345 0.1345 0.141 0.141 0.141 0.144 0.144 0.1375 0.1375 0.1415 0.1415 0.1415 0.1285 0.1285 0.127 0.127 0.131 0.131 0.131 0.135
0.131 0.131 0.1575 0.1575 0.152 0.152 0.1505 0.1505 0.1505 0.161 0.161 0.186 0.186 0.1515 0.1515 0.165 0.165 0.165 0.1495 0.1495 0.1525 0.1525 0.1405 0.1405 0.1405 0.133 0.133 0.1435 0.1435 0.1465 0.1465 0.1465 0.1435 0.1435 0.1395 0.1395 0.138 0.138 0.138 0.1345 0.1345 0.147 0.147 0.141 0.141 0.141 0.148 0.148 0.1465 0.1465 0.145 0.145 0.1525 0.1525 0.1525 0.1505 0.1505 0.1345 0.1345 0.141 0.141 0.141 0.144 0.144 0.1375 0.1375 0.1415 0.1415 0.1415 0.1285 0.1285 0.127 0.127 0.131 0.131 0.131 0.135
0.1355 0.1355 0.161 0.161 0.151 0.151 0.146 0.146 0.146 0.152 0.152 0.1715 0.1715 0.219 0.219 0.1915 0.1915 0.1915 0.193 0.193 0.1685 0.1685 0.142 0.142 0.142 0.1455 0.1455 0.155 0.155 0.159 0.159 0.159 0.148 0.148 0.15 0.15 0.137 0.137 0.137 0.141 0.141 0.1415 0.1415 0.14 0.14 0.14 0.138 0.138 0.1305 0.1305 0.112 0.112 0.1455 0.1455 0.1455 0.1545 0.1545 0.178 0.178 0.183 0.183 0.183 0.159 0.159 0.1625 0.1625 0.1515 0.1515 0.1515 0.136 0.136 0.123 0.123 0.1285 0.1285 0.1285 0.1285
0.1355 0.1355 0.161 0.161 0.151 0.151 0.146 0.146 0.146 0.152 0.152 0.1715 0.1715 0.219 0.219 0.1915 0.1915 0.1915 0.193 0.193 0.1685 0.1685 0.142 0.142 0.142 0.1455 0.1455 0.155 0.155 0.159 0.159 0.159 0.148 0.148 0.15 0.15 0.137 0.137 0.137 0.141 0.141 0.1415 0.1415 0.14 0.14 0.14 0.138 0.138 0.1305 0.1305 0.112 0.112 0.1455 0.1455 0.1455 0.1545 0.1545 0.178 0.178 0.183 0.183 0.183 0.159 0.159 0.1625 0.1625 0.1515 0.1515 0.1515 0.136 0.136 0.123 0.123 0.1285 0.1285 0.1285 0.1285
0.1295 0.1295 0.1315 0.1315 0.1495 0.1495 0.144 0.144 0.144 0.137 0.137 0.1665 0.1665 0.201 0.201 0.2465 0.2465 0.2465 0.1955 0.1955 0.2345 0.2345 0.2035 0.2035 0.2035 0.212 0.212 0.1855 0.1855 0.1765 0.1765 0.1765 0.1825 0.1825 0.1595 0.1595 0.1435 0.1435 0.1435 0.1395 0.1395 0.125 0.125 0.147 0.147 0.147 0.147 0.147 0.1375 0.1375 0.145 0.145 0.15 0.15 0.15 0.151 0.151 0.147 0.147 0.1825 0.1825 0.1825 0.181 0.181 0.175 0.175 0.1715 0.1715 0.1715 0.144 0.144 0.171 0.171 0.122 0.122 0.122 0.1385
0.1295 0.1295 0.1315 0.1315 0.1495 0.1495 0.144 0.144 0.144 0.137 0.137 0.1665 0.1665 0.201 0.201 0.2465 0.2465 0.2465 0.1955 0.1955 0.2345 0.2345 0.2035 0.2035 0.2035 0.212 0.212 0.1855 0.1855 0.1765 0.1765 0.1765 0.1825 0.1825 0.1595 0.1595 0.1435 0.1435 0.1435 0.1395 0.1395 0.125 0.125 0.147 0.147 0.147 0.147 0.147 0.1375 0.1375 0.145 0.145 0.15 0.15 0.15 0.151 0.151 0.147 0.147 0.1825 0.1825 0.1825 0.181 0.181 0.175 0.175 0.1715 0.1715 0.1715 0.144 0.144 0.171 0.171 0.122 0.122 0.122 0.1385
