ndvi/NOAA-136.asc
ncols         252
nrows         154
xllcorner     -18.017974
yllcorner     13.481982
cellsize      0.035948
NODATA_value  -9999
[rows 0 to 33 of 154, columns 154 to 230 of 252]
0.095 0.0915 0.0915 0.09649999 0.09649999 0.09649999 0.098 0.098 0.0965 0.0965 0.1 0.1 0.097 0.097 0.097 0.098 0.098 0.1025 0.1025 0.0995 0.0995 0.0995 0.0975 0.0975 0.096 0.096 0.0955 0.0955 0.0955 0.0905 0.0905 0.094 0.094 0.096 0.096 0.096 0.0915 0.0915 0.089 0.089 0.089 0.089 0.089 0.0975 0.0975 0.09299999 0.09299999 0.0955 0.0955 0.104 0.104 0.104 0.103 0.103 0.1015 0.1015 0.09649999 0.09649999 0.09649999 0.09649999 0.09649999 0.089 0.089 0.0905 0.0905 0.0905 0.09 0.09 0.08499999 0.08499999 0.0825 0.0825 0.0825 0.0815 0.0815 0.0785 0.0785
0.095 0.0915 0.0915 0.09649999 0.09649999 0.09649999 0.098 0.098 0.0965 0.0965 0.1 0.1 0.097 0.097 0.097 0.098 0.098 0.1025 0.1025 0.0995 0.0995 0.0995 0.0975 0.0975 0.096 0.096 0.0955 0.0955 0.0955 0.0905 0.0905 0.094 0.094 0.096 0.096 0.096 0.0915 0.0915 0.089 0.089 0.089 0.089 0.089 0.0975 0.0975 0.09299999 0.09299999 0.0955 0.0955 0.104 0.104 0.104 0.103 0.103 0.1015 0.1015 0.09649999 0.09649999 0.09649999 0.09649999 0.09649999 0.089 0.089 0.0905 0.0905 0.0905 0.09 0.09 0.08499999 0.08499999 0.0825 0.0825 0.0825 0.0815 0.0815 0.0785 0.0785
0.095 0.088 0.088 0.0945 0.0945 0.0945 0.1 0.1 0.0995 0.0995 0.0975 0.0975 0.0995 0.0995 0.0995 0.1015 0.1015 0.1025 0.1025 0.102 0.102 0.102 0.094 0.094 0.0975 0.0975 0.101 0.101 0.101 0.0955 0.0955 0.101 0.101 0.098 0.098 0.098 0.1005 0.1005 0.101 0.101 0.102 0.102 0.102 0.1055 0.1055 0.0995 0.0995 0.1025 0.1025 0.1065 0.1065 0.1065 0.1035 0.1035 0.1015 0.1015 0.1025 0.1025 0.1025 0.1055 0.1055 0.097 0.097 0.0895 0.0895 0.0895 0.0895 0.0895 0.0845 0.0845 0.083 0.083 0.083 0.0825 0.0825 0.08 0.08
0.095 0.088 0.088 0.0945 0.0945 0.0945 0.1 0.1 0.0995 0.0995 0.0975 0.0975 0.0995 0.0995 0.0995 0.1015 0.1015 0.1025 0.1025 0.102 0.102 0.102 0.094 0.094 0.0975 0.0975 0.101 0.101 0.101 0.0955 0.0955 0.101 0.101 0.098 0.098 0.098 0.1005 0.1005 0.101 0.101 0.102 0.102 0.102 0.1055 0.1055 0.0995 0.0995 0.1025 0.1025 0.1065 0.1065 0.1065 0.1035 0.1035 0.1015 0.1015 0.1025 0.1025 0.1025 0.1055 0.1055 0.097 0.097 0.0895 0.0895 0.0895 0.0895 0.0895 0.0845 0.0845 0.083 0.083 0.083 0.0825 0.0825 0.08 0.08
0.095 0.088 0.088 0.0945 0.0945 0.0945 0.1 0.1 0.0995 0.0995 0.0975 0.0975 0.0995 0.0995 0.0995 0.1015 0.1015 0.1025 0.1025 0.102 0.102 0.102 0.094 0.094 0.0975 0.0975 0.101 0.101 0.101 0.0955 0.0955 0.101 0.101 0.098 0.098 0.098 0.1005 0.1005 0.101 0.101 0.102 0.102 0.102 0.1055 0.1055 0.0995 0.0995 0.1025 0.1025 0.1065 0.1065 0.1065 0.1035 0.1035 0.1015 0.1015 0.1025 0.1025 0.1025 0.1055 0.1055 0.097 0.097 0.0895 0.0895 0.0895 0.0895 0.0895 0.0845 0.0845 0.083 0.083 0.083 0.0825 0.0825 0.08 0.08
0.098 0.1 0.1 0.0995 0.0995 0.0995 0.1025 0.1025 0.1065 0.1065 0.101 0.101 0.1035 0.1035 0.1035 0.101 0.101 0.1015 0.1015 0.1005 0.1005 0.1005 0.103 0.103 0.1045 0.1045 0.1075 0.1075 0.1075 0.106 0.106 0.1145 0.1145 0.105 0.105 0.105 0.106 0.106 0.107 0.107 0.106 0.106 0.106 0.1025 0.1025 0.102 0.102 0.104 0.104 0.108 0.108 0.108 0.1065 0.1065 0.102 0.102 0.1025 0.1025 0.1025 0.102 0.102 0.096 0.096 0.094 0.094 0.094 0.0885 0.0885 0.09 0.09 0.082 0.082 0.082 0.0825 0.0825 0.083 0.083
0.098 0.1 0.1 0.0995 0.0995 0.0995 0.1025 0.1025 0.1065 0.1065 0.101 0.101 0.1035 0.1035 0.1035 0.101 0.101 0.1015 0.1015 0.1005 0.1005 0.1005 0.103 0.103 0.1045 0.1045 0.1075 0.1075 0.1075 0.106 0.106 0.1145 0.1145 0.105 0.105 0.105 0.106 0.106 0.107 0.107 0.106 0.106 0.106 0.1025 0.1025 0.102 0.102 0.104 0.104 0.108 0.108 0.108 0.1065 0.1065 0.102 0.102 0.1025 0.1025 0.1025 0.102 0.102 0.096 0.096 0.094 0.094 0.094 0.0885 0.0885 0.09 0.09 0.082 0.082 0.082 0.0825 0.0825 0.083 0.083
0.0975 0.101 0.101 0.1035 0.1035 0.1035 0.1005 0.1005 0.107 0.107 0.1035 0.1035 0.1015 0.1015 0.1015 0.104 0.104 0.105 0.105 0.1035 0.1035 0.1035 0.105 0.105 0.104 0.104 0.109 0.109 0.109 0.0995 0.0995 0.107 0.107 0.1025 0.1025 0.1025 0.103 0.103 0.1045 0.1045 0.105 0.105 0.105 0.1055 0.1055 0.1025 0.1025 0.1035 0.1035 0.109 0.109 0.109 0.1005 0.1005 0.103 0.103 0.09900001 0.09900001 0.09900001 0.1 0.1 0.095 0.095 0.0955 0.0955 0.0955 0.094 0.094 0.095 0.095 0.09100001 0.09100001 0.09100001 0.086 0.086 0.0835 0.0835
0.0975 0.101 0.101 0.1035 0.1035 0.1035 0.1005 0.1005 0.107 0.107 0.1035 0.1035 0.1015 0.1015 0.1015 0.104 0.104 0.105 0.105 0.1035 0.1035 0.1035 0.105 0.105 0.104 0.104 0.109 0.109 0.109 0.0995 0.0995 0.107 0.107 0.1025 0.1025 0.1025 0.103 0.103 0.1045 0.1045 0.105 0.105 0.105 0.1055 0.1055 0.1025 0.1025 0.1035 0.1035 0.109 0.109 0.109 0.1005 0.1005 0.103 0.103 0.09900001 0.09900001 0.09900001 0.1 0.1 0.095 0.095 0.0955 0.0955 0.0955 0.094 0.094 0.095 0.095 0.09100001 0.09100001 0.09100001 0.086 0.086 0.0835 0.0835
0.103 0.105 0.105 0.101 0.101 0.101 0.099 0.099 0.107 0.107 0.1075 0.1075 0.1035 0.1035 0.1035 0.1045 0.1045 0.1105 0.1105 0.104 0.104 0.104 0.101 0.101 0.111 0.111 0.1055 0.1055 0.1055 0.0985 0.0985 0.1005 0.1005 0.0985 0.0985 0.0985 0.097 0.097 0.097 0.097 0.0985 0.0985 0.0985 0.09299999 0.09299999 0.0995 0.0995 0.104 0.104 0.104 0.104 0.104 0.108 0.108 0.1025 0.1025 0.1035 0.1035 0.1035 0.0985 0.0985 0.101 0.101 0.102 0.102 0.102 0.09100001 0.09100001 0.0905 0.0905 0.09 0.09 0.09 0.084 0.084 0.0865 0.0865
0.103 0.105 0.105 0.101 0.101 0.101 0.099 0.099 0.107 0.107 0.1075 0.1075 0.1035 0.1035 0.1035 0.1045 0.1045 0.1105 0.1105 0.104 0.104 0.104 0.101 0.101 0.111 0.111 0.1055 0.1055 0.1055 0.0985 0.0985 0.1005 0.1005 0.0985 0.0985 0.0985 0.097 0.097 0.097 0.097 0.0985 0.0985 0.0985 0.09299999 0.09299999 0.0995 0.0995 0.104 0.104 0.104 0.104 0.104 0.108 0.108 0.1025 0.1025 0.1035 0.1035 0.1035 0.0985 0.0985 0.101 0.101 0.102 0.102 0.102 0.09100001 0.09100001 0.0905 0.0905 0.09 0.09 0.09 0.084 0.084 0.0865 0.0865
0.1095 0.106 0.106 0.11 0.11 0.11 0.1005 0.1005 0.1055 0.1055 0.1035 0.1035 0.1025 0.1025 0.1025 0.106 0.106 0.11 0.11 0.104 0.104 0.104 0.095 0.095 0.1015 0.1015 0.1065 0.1065 0.1065 0.105 0.105 0.102 0.102 0.1055 0.1055 0.1055 0.101 0.101 0.0965 0.0965 0.0975 0.0975 0.0975 0.101 0.101 0.1035 0.1035 0.116 0.116 0.1025 0.1025 0.1025 0.103 0.103 0.1025 0.1025 0.1065 0.1065 0.1065 0.1015 0.1015 0.088 0.088 0.0835 0.0835 0.0835 0.082 0.082 0.083 0.083 0.0815 0.0815 0.0815 0.081 0.081 0.0855 0.0855
0.1095 0.106 0.106 0.11 0.11 0.11 0.1005 0.1005 0.1055 0.1055 0.1035 0.1035 0.1025 0.1025 0.1025 0.106 0.106 0.11 0.11 0.104 0.104 0.104 0.095 0.095 0.1015 0.1015 0.1065 0.1065 0.1065 0.105 0.105 0.102 0.102 0.1055 0.1055 0.1055 0.101 0.101 0.0965 0.0965 0.0975 0.0975 0.0975 0.101 0.101 0.1035 0.1035 0.116 0.116 0.1025 0.1025 0.1025 0.103 0.103 0.1025 0.1025 0.1065 0.1065 0.1065 0.1015 0.1015 0.088 0.088 0.0835 0.0835 0.0835 0.082 0.082 0.083 0.083 0.0815 0.0815 0.0815 0.081 0.081 0.0855 0.0855
0.1095 0.106 0.106 0.11 0.11 0.11 0.1005 0.1005 0.1055 0.1055 0.1035 0.1035 0.1025 0.1025 0.1025 0.106 0.106 0.11 0.11 0.104 0.104 0.104 0.095 0.095 0.1015 0.1015 0.1065 0.1065 0.1065 0.105 0.105 0.102 0.102 0.1055 0.1055 0.1055 0.101 0.101 0.0965 0.0965 0.0975 0.0975 0.0975 0.101 0.101 0.1035 0.1035 0.116 0.116 0.1025 0.1025 0.1025 0.103 0.103 0.1025 0.1025 0.1065 0.1065 0.1065 0.1015 0.1015 0.088 0.088 0.0835 0.0835 0.0835 0.082 0.082 0.083 0.083 0.0815 0.0815 0.0815 0.081 0.081 0.0855 0.0855
0.108 0.108 0.108 0.1115 0.1115 0.1115 0.1015 0.1015 0.11 0.11 0.104 0.104 0.1135 0.1135 0.1135 0.1095 0.1095 0.1125 0.1125 0.109 0.109 0.109 0.102 0.102 0.09900001 0.09900001 0.098 0.098 0.098 0.104 0.104 0.0975 0.0975 0.09299999 0.09299999 0.09299999 0.0985 0.0985 0.088 0.088 0.0905 0.0905 0.0905 0.09900001 0.09900001 0.099 0.099 0.107 0.107 0.089 0.089 0.089 0.09299999 0.09299999 0.1005 0.1005 0.1065 0.1065 0.1065 0.087 0.087 0.0915 0.0915 0.0805 0.0805 0.0805 0.078 0.078 0.087 0.087 0.08 0.08 0.08 0.07700001 0.07700001 0.0815 0.0815
0.108 0.108 0.108 0.1115 0.1115 0.1115 0.1015 0.1015 0.11 0.11 0.104 0.104 0.1135 0.1135 0.1135 0.1095 0.1095 0.1125 0.1125 0.109 0.109 0.109 0.102 0.102 0.09900001 0.09900001 0.098 0.098 0.098 0.104 0.104 0.0975 0.0975 0.09299999 0.09299999 0.09299999 0.0985 0.0985 0.088 0.088 0.0905 0.0905 0.0905 0.09900001 0.09900001 0.099 0.099 0.107 0.107 0.089 0.089 0.089 0.09299999 0.09299999 0.1005 0.1005 0.1065 0.1065 0.1065 0.087 0.087 0.0915 0.0915 0.0805 0.0805 0.0805 0.078 0.078 0.087 0.087 0.08 0.08 0.08 0.07700001 0.07700001 0.0815 0.0815
0.107 0.102 0.102 0.106 0.106 0.106 0.1015 0.1015 0.109 0.109 0.113 0.113 0.1065 0.1065 0.1065 0.11 0.11 0.106 0.106 0.1075 0.1075 0.1075 0.1055 0.1055 0.104 0.104 0.103 0.103 0.103 0.09450001 0.09450001 0.1015 0.1015 0.096 0.096 0.096 0.09649999 0.09649999 0.09 0.09 0.0905 0.0905 0.0905 0.086 0.086 0.083 0.083 0.0745 0.0745 0.07 0.07 0.07 0.07799999 0.07799999 0.082 0.082 0.0855 0.0855 0.0855 0.0925 0.0925 0.089 0.089 0.08849999 0.08849999 0.08849999 0.0855 0.0855 0.0795 0.0795 0.0785 0.0785 0.0785 0.08 0.08 0.0835 0.0835
0.107 0.102 0.102 0.106 0.106 0.106 0.1015 0.1015 0.109 0.109 0.113 0.113 0.1065 0.1065 0.1065 0.11 0.11 0.106 0.106 0.1075 0.1075 0.1075 0.1055 0.1055 0.104 0.104 0.103 0.103 0.103 0.09450001 0.09450001 0.1015 0.1015 0.096 0.096 0.096 0.09649999 0.09649999 0.09 0.09 0.0905 0.0905 0.0905 0.086 0.086 0.083 0.083 0.0745 0.0745 0.07 0.07 0.07 0.07799999 0.07799999 0.082 0.082 0.0855 0.0855 0.0855 0.0925 0.0925 0.089 0.089 0.08849999 0.08849999 0.08849999 0.0855 0.0855 0.0795 0.0795 0.0785 0.0785 0.0785 0.08 0.08 0.0835 0.0835
0.1105 0.1355 0.1355 0.135 0.135 0.135 0.0995 0.0995 0.0925 0.0925 0.0865 0.0865 0.0945 0.0945 0.0945 0.0935 0.0935 0.0985 0.0985 0.094 0.094 0.094 0.092 0.092 0.0865 0.0865 0.083 0.083 0.083 0.0785 0.0785 0.0795 0.0795 0.08 0.08 0.08 0.0865 0.0865 0.096 0.096 0.09100001 0.09100001 0.09100001 0.096 0.096 0.1005 0.1005 0.0925 0.0925 0.088 0.088 0.088 0.0875 0.0875 0.089 0.089 0.0905 0.0905 0.0905 0.0925 0.0925 0.0895 0.0895 0.089 0.089 0.089 0.0835 0.0835 0.08 0.08 0.0785 0.0785 0.0785 0.0835 0.0835 0.081 0.081
0.1105 0.1355 0.1355 0.135 0.135 0.135 0.0995 0.0995 0.0925 0.0925 0.0865 0.0865 0.0945 0.0945 0.0945 0.0935 0.0935 0.0985 0.0985 0.094 0.094 0.094 0.092 0.092 0.0865 0.0865 0.083 0.083 0.083 0.0785 0.0785 0.0795 0.0795 0.08 0.08 0.08 0.0865 0.0865 0.096 0.096 0.09100001 0.09100001 0.09100001 0.096 0.096 0.1005 0.1005 0.0925 0.0925 0.088 0.088 0.088 0.0875 0.0875 0.089 0.089 0.0905 0.0905 0.0905 0.0925 0.0925 0.0895 0.0895 0.089 0.089 0.089 0.0835 0.0835 0.08 0.08 0.0785 0.0785 0.0785 0.0835 0.0835 0.081 0.081
0.1105 0.1355 0.1355 0.135 0.135 0.135 0.0995 0.0995 0.0925 0.0925 0.0865 0.0865 0.0945 0.0945 0.0945 0.0935 0.0935 0.0985 0.0985 0.094 0.094 0.094 0.092 0.092 0.0865 0.0865 0.083 0.083 0.083 0.0785 0.0785 0.0795 0.0795 0.08 0.08 0.08 0.0865 0.0865 0.096 0.096 0.09100001 0.09100001 0.09100001 0.096 0.096 0.1005 0.1005 0.0925 0.0925 0.088 0.088 0.088 0.0875 0.0875 0.089 0.089 0.0905 0.0905 0.0905 0.0925 0.0925 0.0895 0.0895 0.089 0.089 0.089 0.0835 0.0835 0.08 0.08 0.0785 0.0785 0.0785 0.0835 0.0835 0.081 0.081
0.1045 0.1155 0.1155 0.1215 0.1215 0.1215 0.1065 0.1065 0.0915 0.0915 0.09100001 0.09100001 0.0965 0.0965 0.0965 0.1035 0.1035 0.1035 0.1035 0.1 0.1 0.1 0.095 0.095 0.09 0.09 0.0895 0.0895 0.0895 0.088 0.088 0.077 0.077 0.09450001 0.09450001 0.09450001 0.105 0.105 0.106 0.106 0.1005 0.1005 0.1005 0.101 0.101 0.1035 0.1035 0.098 0.098 0.098 0.098 0.098 0.09550001 0.09550001 0.0915 0.0915 0.09 0.09 0.09 0.0935 0.0935 0.0965 0.0965 0.0895 0.0895 0.0895 0.0875 0.0875 0.0855 0.0855 0.0825 0.0825 0.0825 0.089 0.089 0.0845 0.0845
0.1045 0.1155 0.1155 0.1215 0.1215 0.1215 0.1065 0.1065 0.0915 0.0915 0.09100001 0.09100001 0.0965 0.0965 0.0965 0.1035 0.1035 0.1035 0.1035 0.1 0.1 0.1 0.095 0.095 0.09 0.09 0.0895 0.0895 0.0895 0.088 0.088 0.077 0.077 0.09450001 0.09450001 0.09450001 0.105 0.105 0.106 0.106 0.1005 0.1005 0.1005 0.101 0.101 0.1035 0.1035 0.098 0.098 0.098 0.098 0.098 0.09550001 0.09550001 0.0915 0.0915 0.09 0.09 0.09 0.0935 0.0935 0.0965 0.0965 0.0895 0.0895 0.0895 0.0875 0.0875 0.0855 0.0855 0.0825 0.0825 0.0825 0.089 0.089 0.0845 0.0845
0.1145 0.112 0.112 0.134 0.134 0.134 0.1245 0.1245 0.1085 0.1085 0.105 0.105 0.103 0.103 0.103 0.0955 0.0955 0.107 0.107 0.1195 0.1195 0.1195 0.1225 0.1225 0.119 0.119 0.1115 0.1115 0.1115 0.1155 0.1155 0.11 0.11 0.1195 0.1195 0.1195 0.115 0.115 0.107 0.107 0.105 0.105 0.105 0.103 0.103 0.0985 0.0985 0.1025 0.1025 0.0955 0.0955 0.0955 0.093 0.093 0.09100001 0.09100001 0.092 0.092 0.092 0.0925 0.0925 0.0965 0.0965 0.093 0.093 0.093 0.0955 0.0955 0.08499999 0.08499999 0.0855 0.0855 0.0855 0.083 0.083 0.0815 0.0815
0.1145 0.112 0.112 0.134 0.134 0.134 0.1245 0.1245 0.1085 0.1085 0.105 0.105 0.103 0.103 0.103 0.0955 0.0955 0.107 0.107 0.1195 0.1195 0.1195 0.1225 0.1225 0.119 0.119 0.1115 0.1115 0.1115 0.1155 0.1155 0.11 0.11 0.1195 0.1195 0.1195 0.115 0.115 0.107 0.107 0.105 0.105 0.105 0.103 0.103 0.0985 0.0985 0.1025 0.1025 0.0955 0.0955 0.0955 0.093 0.093 0.09100001 0.09100001 0.092 0.092 0.092 0.0925 0.0925 0.0965 0.0965 0.093 0.093 0.093 0.0955 0.0955 0.08499999 0.08499999 0.0855 0.0855 0.0855 0.083 0.083 0.0815 0.0815
0.117 0.1125 0.1125 0.1255 0.1255 0.1255 0.153 0.153 0.132 0.132 0.126 0.126 0.1225 0.1225 0.1225 0.124 0.124 0.126 0.126 0.123 0.123 0.123 0.122 0.122 0.114 0.114 0.1135 0.1135 0.1135 0.113 0.113 0.119 0.119 0.117 0.117 0.117 0.1155 0.1155 0.111 0.111 0.106 0.106 0.106 0.103 0.103 0.1015 0.1015 0.1025 0.1025 0.1045 0.1045 0.1045 0.1015 0.1015 0.0925 0.0925 0.092 0.092 0.092 0.09 0.09 0.0955 0.0955 0.094 0.094 0.094 0.09299999 0.09299999 0.086 0.086 0.087 0.087 0.087 0.0865 0.0865 0.089 0.089
0.117 0.1125 0.1125 0.1255 0.1255 0.1255 0.153 0.153 0.132 0.132 0.126 0.126 0.1225 0.1225 0.1225 0.124 0.124 0.126 0.126 0.123 0.123 0.123 0.122 0.122 0.114 0.114 0.1135 0.1135 0.1135 0.113 0.113 0.119 0.119 0.117 0.117 0.117 0.1155 0.1155 0.111 0.111 0.106 0.106 0.106 0.103 0.103 0.1015 0.1015 0.1025 0.1025 0.1045 0.1045 0.1045 0.1015 0.1015 0.0925 0.0925 0.092 0.092 0.092 0.09 0.09 0.0955 0.0955 0.094 0.094 0.094 0.09299999 0.09299999 0.086 0.086 0.087 0.087 0.087 0.0865 0.0865 0.089 0.089
0.117 0.1125 0.1125 0.1255 0.1255 0.1255 0.153 0.153 0.132 0.132 0.126 0.126 0.1225 0.1225 0.1225 0.124 0.124 0.126 0.126 0.123 0.123 0.123 0.122 0.122 0.114 0.114 0.1135 0.1135 0.1135 0.113 0.113 0.119 0.119 0.117 0.117 0.117 0.1155 0.1155 0.111 0.111 0.106 0.106 0.106 0.103 0.103 0.1015 0.1015 0.1025 0.1025 0.1045 0.1045 0.1045 0.1015 0.1015 0.0925 0.0925 0.092 0.092 0.092 0.09 0.09 0.0955 0.0955 0.094 0.094 0.094 0.09299999 0.09299999 0.086 0.086 0.087 0.087 0.087 0.0865 0.0865 0.089 0.089
0.11 0.1175 0.1175 0.139 0.139 0.139 0.1625 0.1625 0.1535 0.1535 0.1305 0.1305 0.125 0.125 0.125 0.1235 0.1235 0.1265 0.1265 0.1245 0.1245 0.1245 0.127 0.127 0.1255 0.1255 0.118 0.118 0.118 0.1185 0.1185 0.1155 0.1155 0.12 0.12 0.12 0.1095 0.1095 0.11 0.11 0.102 0.102 0.102 0.1035 0.1035 0.1085 0.1085 0.113 0.113 0.111 0.111 0.111 0.1065 0.1065 0.0975 0.0975 0.0925 0.0925 0.0925 0.088 0.088 0.095 0.095 0.097 0.097 0.097 0.098 0.098 0.099 0.099 0.1015 0.1015 0.1015 0.0995 0.0995 0.095 0.095
0.11 0.1175 0.1175 0.139 0.139 0.139 0.1625 0.1625 0.1535 0.1535 0.1305 0.1305 0.125 0.125 0.125 0.1235 0.1235 0.1265 0.1265 0.1245 0.1245 0.1245 0.127 0.127 0.1255 0.1255 0.118 0.118 0.118 0.1185 0.1185 0.1155 0.1155 0.12 0.12 0.12 0.1095 0.1095 0.11 0.11 0.102 0.102 0.102 0.1035 0.1035 0.1085 0.1085 0.113 0.113 0.111 0.111 0.111 0.1065 0.1065 0.0975 0.0975 0.0925 0.0925 0.0925 0.088 0.088 0.095 0.095 0.097 0.097 0.097 0.098 0.098 0.099 0.099 0.1015 0.1015 0.1015 0.0995 0.0995 0.095 0.095
0.1245 0.103 0.103 0.1135 0.1135 0.1135 0.1335 0.1335 0.144 0.144 0.1175 0.1175 0.11 0.11 0.11 0.1115 0.1115 0.1125 0.1125 0.1295 0.1295 0.1295 0.1145 0.1145 0.1175 0.1175 0.1175 0.1175 0.1175 0.132 0.132 0.1145 0.1145 0.111 0.111 0.111 0.114 0.114 0.1125 0.1125 0.115 0.115 0.115 0.11 0.11 0.11 0.11 0.1085 0.1085 0.114 0.114 0.114 0.1105 0.1105 0.1115 0.1115 0.1055 0.1055 0.1055 0.099 0.099 0.1005 0.1005 0.1085 0.1085 0.1085 0.1095 0.1095 0.105 0.105 0.1 0.1 0.1 0.0985 0.0985 0.0925 0.0925
0.1245 0.103 0.103 0.1135 0.1135 0.1135 0.1335 0.1335 0.144 0.144 0.1175 0.1175 0.11 0.11 0.11 0.1115 0.1115 0.1125 0.1125 0.1295 0.1295 0.1295 0.1145 0.1145 0.1175 0.1175 0.1175 0.1175 0.1175 0.132 0.132 0.1145 0.1145 0.111 0.111 0.111 0.114 0.114 0.1125 0.1125 0.115 0.115 0.115 0.11 0.11 0.11 0.11 0.1085 0.1085 0.114 0.114 0.114 0.1105 0.1105 0.1115 0.1115 0.1055 0.1055 0.1055 0.099 0.099 0.1005 0.1005 0.1085 0.1085 0.1085 0.1095 0.1095 0.105 0.105 0.1 0.1 0.1 0.0985 0.0985 0.0925 0.0925
0.1295 0.1275 0.1275 0.1095 0.1095 0.1095 0.1185 0.1185 0.1145 0.1145 0.099 0.099 0.09450001 0.09450001 0.09450001 0.0935 0.0935 0.102 0.102 0.1045 0.1045 0.1045 0.104 0.104 0.114 0.114 0.123 0.123 0.123 0.1275 0.1275 0.1255 0.1255 0.12 0.12 0.12 0.1135 0.1135 0.12 0.12 0.1215 0.1215 0.1215 0.1225 0.1225 0.121 0.121 0.1225 0.1225 0.1265 0.1265 0.1265 0.118 0.118 0.117 0.117 0.1135 0.1135 0.1135 0.1175 0.1175 0.1125 0.1125 0.1125 0.1125 0.1125 0.115 0.115 0.116 0.116 0.1125 0.1125 0.1125 0.103 0.103 0.096 0.096
0.1295 0.1275 0.1275 0.1095 0.1095 0.1095 0.1185 0.1185 0.1145 0.1145 0.099 0.099 0.09450001 0.09450001 0.09450001 0.0935 0.0935 0.102 0.102 0.1045 0.1045 0.1045 0.104 0.104 0.114 0.114 0.123 0.123 0.123 0.1275 0.1275 0.1255 0.1255 0.12 0.12 0.12 0.1135 0.1135 0.12 0.12 0.1215 0.1215 0.1215 0.1225 0.1225 0.121 0.121 0.1225 0.1225 0.1265 0.1265 0.1265 0.118 0.118 0.117 0.117 0.1135 0.1135 0.1135 0.1175 0.1175 0.1125 0.1125 0.1125 0.1125 0.1125 0.115 0.115 0.116 0.116 0.1125 0.1125 0.1125 0.103 0.103 0.096 0.096
