ndvi/NOAA-373.asc
ncols         252
nrows         154
xllcorner     -18.017974
yllcorner     13.481982
cellsize      0.035948
NODATA_value  -9999
[rows 102 to 135 of 154, columns 0 to 76 of 252]
-1 -1 -1 -1 -1 -1 -1 -1 -1 -1 -1 -1 -1 -1 -1 -1 -1 -1 -1 -1 -1 -1 -1 -1 -1 0.0222 0.0222 0.0222 0.268 0.268 0.3415 0.3415 0.3035 0.3035 0.3035 0.2825 0.2825 0.281 0.281 0.265 0.265 0.265 0.266 0.266 0.271 0.271 0.279 0.279 0.279 0.281 0.281 0.2755 0.2755 0.298 0.298 0.321 0.321 0.321 0.295 0.295 0.293 0.293 0.293 0.293 0.293 0.314 0.314 0.335 0.335 0.3285 0.3285 0.3285 0.278 0.278 0.293 0.293 0.27
-1 -1 -1 -1 -1 -1 -1 -1 -1 -1 -1 -1 -1 -1 -1 -1 -1 -1 -1 -1 -1 -1 -1 0.0265 0.0265 0.2675 0.2675 0.2675 0.3585 0.3585 0.3025 0.3025 0.281 0.281 0.281 0.268 0.268 0.282 0.282 0.2855 0.2855 0.2855 0.2995 0.2995 0.2865 0.2865 0.2945 0.2945 0.2945 0.339 0.339 0.3225 0.3225 0.2915 0.2915 0.305 0.305 0.305 0.3095 0.3095 0.306 0.306 0.306 0.306 0.306 0.3155 0.3155 0.345 0.345 0.3175 0.3175 0.3175 0.302 0.302 0.2925 0.2925 0.2975
-1 -1 -1 -1 -1 -1 -1 -1 -1 -1 -1 -1 -1 -1 -1 -1 -1 -1 -1 -1 -1 -1 -1 0.0265 0.0265 0.2675 0.2675 0.2675 0.3585 0.3585 0.3025 0.3025 0.281 0.281 0.281 0.268 0.268 0.282 0.282 0.2855 0.2855 0.2855 0.2995 0.2995 0.2865 0.2865 0.2945 0.2945 0.2945 0.339 0.339 0.3225 0.3225 0.2915 0.2915 0.305 0.305 0.305 0.3095 0.3095 0.306 0.306 0.306 0.306 0.306 0.3155 0.3155 0.345 0.345 0.3175 0.3175 0.3175 0.302 0.302 0.2925 0.2925 0.2975
-1 -1 -1 -1 -1 -1 -1 -1 -1 -1 -1 -1 -1 -1 -1 -1 -1 -1 -1 -1 -1 -1 -1 0.0265 0.0265 0.2675 0.2675 0.2675 0.3585 0.3585 0.3025 0.3025 0.281 0.281 0.281 0.268 0.268 0.282 0.282 0.2855 0.2855 0.2855 0.2995 0.2995 0.2865 0.2865 0.2945 0.2945 0.2945 0.339 0.339 0.3225 0.3225 0.2915 0.2915 0.305 0.305 0.305 0.3095 0.3095 0.306 0.306 0.306 0.306 0.306 0.3155 0.3155 0.345 0.345 0.3175 0.3175 0.3175 0.302 0.302 0.2925 0.2925 0.2975
-1 -1 -1 -1 -1 -1 -1 -1 -1 -1 -1 -1 -1 -1 -1 -1 -1 -1 -1 -1 -1 0.0395 0.0395 0.2045 0.2045 0.408 0.408 0.408 0.395 0.395 0.325 0.325 0.312 0.312 0.312 0.306 0.306 0.304 0.304 0.3135 0.3135 0.3135 0.304 0.304 0.294 0.294 0.304 0.304 0.304 0.3025 0.3025 0.3125 0.3125 0.302 0.302 0.329 0.329 0.329 0.306 0.306 0.342 0.342 0.342 0.342 0.342 0.3395 0.3395 0.3525 0.3525 0.3655 0.3655 0.3655 0.359 0.359 0.371 0.371 0.377
-1 -1 -1 -1 -1 -1 -1 -1 -1 -1 -1 -1 -1 -1 -1 -1 -1 -1 -1 -1 -1 0.0395 0.0395 0.2045 0.2045 0.408 0.408 0.408 0.395 0.395 0.325 0.325 0.312 0.312 0.312 0.306 0.306 0.304 0.304 0.3135 0.3135 0.3135 0.304 0.304 0.294 0.294 0.304 0.304 0.304 0.3025 0.3025 0.3125 0.3125 0.302 0.302 0.329 0.329 0.329 0.306 0.306 0.342 0.342 0.342 0.342 0.342 0.3395 0.3395 0.3525 0.3525 0.3655 0.3655 0.3655 0.359 0.359 0.371 0.371 0.377
-1 -1 -1 -1 -1 -1 -1 -1 -1 -1 -1 -1 -1 -1 -1 -1 -1 -1 -1 -1 -1 0.181 0.181 0.3685 0.3685 0.3515 0.3515 0.3515 0.351 0.351 0.32 0.32 0.293 0.293 0.293 0.292 0.292 0.304 0.304 0.307 0.307 0.307 0.29 0.29 0.294 0.294 0.307 0.307 0.307 0.328 0.328 0.3285 0.3285 0.2985 0.2985 0.3095 0.3095 0.3095 0.301 0.301 0.3235 0.3235 0.3235 0.3235 0.3235 0.328 0.328 0.354 0.354 0.3725 0.3725 0.3725 0.3655 0.3655 0.3805 0.3805 0.3835
-1 -1 -1 -1 -1 -1 -1 -1 -1 -1 -1 -1 -1 -1 -1 -1 -1 -1 -1 -1 -1 0.181 0.181 0.3685 0.3685 0.3515 0.3515 0.3515 0.351 0.351 0.32 0.32 0.293 0.293 0.293 0.292 0.292 0.304 0.304 0.307 0.307 0.307 0.29 0.29 0.294 0.294 0.307 0.307 0.307 0.328 0.328 0.3285 0.3285 0.2985 0.2985 0.3095 0.3095 0.3095 0.301 0.301 0.3235 0.3235 0.3235 0.3235 0.3235 0.328 0.328 0.354 0.354 0.3725 0.3725 0.3725 0.3655 0.3655 0.3805 0.3805 0.3835
-1 -1 -1 -1 -1 -1 -1 -1 -1 -1 -1 -1 -1 -1 -1 -1 -1 -1 0.1625 0.1625 0.1625 0.373 0.373 0.3645 0.3645 0.3815 0.3815 0.3815 0.345 0.345 0.3395 0.3395 0.29 0.29 0.29 0.2845 0.2845 0.29 0.29 0.2925 0.2925 0.2925 0.313 0.313 0.2825 0.2825 0.2955 0.2955 0.2955 0.3155 0.3155 0.3235 0.3235 0.3045 0.3045 0.3235 0.3235 0.3235 0.2955 0.2955 0.2955 0.2955 0.2955 0.2955 0.2955 0.285 0.285 0.3115 0.3115 0.361 0.361 0.361 0.389 0.389 0.3835 0.3835 0.3355
-1 -1 -1 -1 -1 -1 -1 -1 -1 -1 -1 -1 -1 -1 -1 -1 -1 -1 0.1625 0.1625 0.1625 0.373 0.373 0.3645 0.3645 0.3815 0.3815 0.3815 0.345 0.345 0.3395 0.3395 0.29 0.29 0.29 0.2845 0.2845 0.29 0.29 0.2925 0.2925 0.2925 0.313 0.313 0.2825 0.2825 0.2955 0.2955 0.2955 0.3155 0.3155 0.3235 0.3235 0.3045 0.3045 0.3235 0.3235 0.3235 0.2955 0.2955 0.2955 0.2955 0.2955 0.2955 0.2955 0.285 0.285 0.3115 0.3115 0.361 0.361 0.361 0.389 0.389 0.3835 0.3835 0.3355
-1 -1 -1 -1 -1 -1 -1 -1 -1 -1 -1 -1 -1 -1 -1 -1 -1 -1 0.1625 0.1625 0.1625 0.373 0.373 0.3645 0.3645 0.3815 0.3815 0.3815 0.345 0.345 0.3395 0.3395 0.29 0.29 0.29 0.2845 0.2845 0.29 0.29 0.2925 0.2925 0.2925 0.313 0.313 0.2825 0.2825 0.2955 0.2955 0.2955 0.3155 0.3155 0.3235 0.3235 0.3045 0.3045 0.3235 0.3235 0.3235 0.2955 0.2955 0.2955 0.2955 0.2955 0.2955 0.2955 0.285 0.285 0.3115 0.3115 0.361 0.361 0.361 0.389 0.389 0.3835 0.3835 0.3355
-1 -1 -1 -1 -1 -1 -1 -1 -1 -1 -1 -1 -1 -1 -1 -1 0.249 0.249 0.383 0.383 0.383 0.3765 0.3765 0.361 0.361 0.391 0.391 0.391 0.366 0.366 0.334 0.334 0.318 0.318 0.318 0.2835 0.2835 0.28 0.28 0.2845 0.2845 0.2845 0.2995 0.2995 0.294 0.294 0.2835 0.2835 0.2835 0.2915 0.2915 0.295 0.295 0.3055 0.3055 0.304 0.304 0.304 0.302 0.302 0.3165 0.3165 0.3165 0.3165 0.3165 0.3175 0.3175 0.303 0.303 0.309 0.309 0.309 0.316 0.316 0.305 0.305 0.3015
-1 -1 -1 -1 -1 -1 -1 -1 -1 -1 -1 -1 -1 -1 -1 -1 0.249 0.249 0.383 0.383 0.383 0.3765 0.3765 0.361 0.361 0.391 0.391 0.391 0.366 0.366 0.334 0.334 0.318 0.318 0.318 0.2835 0.2835 0.28 0.28 0.2845 0.2845 0.2845 0.2995 0.2995 0.294 0.294 0.2835 0.2835 0.2835 0.2915 0.2915 0.295 0.295 0.3055 0.3055 0.304 0.304 0.304 0.302 0.302 0.3165 0.3165 0.3165 0.3165 0.3165 0.3175 0.3175 0.303 0.303 0.309 0.309 0.309 0.316 0.316 0.305 0.305 0.3015
-1 -1 -1 -1 -1 -1 -1 -1 -1 -1 -1 -1 0.151 0.151 0.1915 0.1915 0.212 0.212 0.3525 0.3525 0.3525 0.359 0.359 0.382 0.382 0.3725 0.3725 0.3725 0.356 0.356 0.334 0.334 0.305 0.305 0.305 0.31 0.31 0.3025 0.3025 0.3045 0.3045 0.3045 0.2965 0.2965 0.306 0.306 0.3015 0.3015 0.3015 0.301 0.301 0.304 0.304 0.303 0.303 0.3015 0.3015 0.3015 0.2985 0.2985 0.307 0.307 0.307 0.307 0.307 0.2885 0.2885 0.2915 0.2915 0.303 0.303 0.303 0.304 0.304 0.3095 0.3095 0.323
-1 -1 -1 -1 -1 -1 -1 -1 -1 -1 -1 -1 0.151 0.151 0.1915 0.1915 0.212 0.212 0.3525 0.3525 0.3525 0.359 0.359 0.382 0.382 0.3725 0.3725 0.3725 0.356 0.356 0.334 0.334 0.305 0.305 0.305 0.31 0.31 0.3025 0.3025 0.3045 0.3045 0.3045 0.2965 0.2965 0.306 0.306 0.3015 0.3015 0.3015 0.301 0.301 0.304 0.304 0.303 0.303 0.3015 0.3015 0.3015 0.2985 0.2985 0.307 0.307 0.307 0.307 0.307 0.2885 0.2885 0.2915 0.2915 0.303 0.303 0.303 0.304 0.304 0.3095 0.3095 0.323
-1 -1 -1 -1 -1 -1 -1 -1 -1 0.144 0.144 0.144 0.09450001 0.09450001 0.1144 0.1144 0.1305 0.1305 0.0805 0.0805 0.0805 0.3115 0.3115 0.334 0.334 0.415 0.415 0.415 0.3435 0.3435 0.3335 0.3335 0.313 0.313 0.313 0.3115 0.3115 0.3175 0.3175 0.303 0.303 0.303 0.316 0.316 0.3225 0.3225 0.3205 0.3205 0.3205 0.314 0.314 0.314 0.314 0.301 0.301 0.2955 0.2955 0.2955 0.31 0.31 0.2985 0.2985 0.2985 0.2985 0.2985 0.306 0.306 0.302 0.302 0.2895 0.2895 0.2895 0.2855 0.2855 0.2915 0.2915 0.2895
-1 -1 -1 -1 -1 -1 -1 -1 -1 0.144 0.144 0.144 0.09450001 0.09450001 0.1144 0.1144 0.1305 0.1305 0.0805 0.0805 0.0805 0.3115 0.3115 0.334 0.334 0.415 0.415 0.415 0.3435 0.3435 0.3335 0.3335 0.313 0.313 0.313 0.3115 0.3115 0.3175 0.3175 0.303 0.303 0.303 0.316 0.316 0.3225 0.3225 0.3205 0.3205 0.3205 0.314 0.314 0.314 0.314 0.301 0.301 0.2955 0.2955 0.2955 0.31 0.31 0.2985 0.2985 0.2985 0.2985 0.2985 0.306 0.306 0.302 0.302 0.2895 0.2895 0.2895 0.2855 0.2855 0.2915 0.2915 0.2895
-1 -1 -1 -1 -1 -1 -1 -1 -1 0.144 0.144 0.144 0.09450001 0.09450001 0.1144 0.1144 0.1305 0.1305 0.0805 0.0805 0.0805 0.3115 0.3115 0.334 0.334 0.415 0.415 0.415 0.3435 0.3435 0.3335 0.3335 0.313 0.313 0.313 0.3115 0.3115 0.3175 0.3175 0.303 0.303 0.303 0.316 0.316 0.3225 0.3225 0.3205 0.3205 0.3205 0.314 0.314 0.314 0.314 0.301 0.301 0.2955 0.2955 0.2955 0.31 0.31 0.2985 0.2985 0.2985 0.2985 0.2985 0.306 0.306 0.302 0.302 0.2895 0.2895 0.2895 0.2855 0.2855 0.2915 0.2915 0.2895
-1 -1 -1 -1 -1 -1 -1 -1 -1 -1 -1 -1 0.1219 0.1219 0.1779 0.1779 0.2014 0.2014 0.166 0.166 0.166 0.3515 0.3515 0.333 0.333 0.399 0.399 0.399 0.3495 0.3495 0.3325 0.3325 0.327 0.327 0.327 0.312 0.312 0.308 0.308 0.31 0.31 0.31 0.3235 0.3235 0.3145 0.3145 0.3185 0.3185 0.3185 0.326 0.326 0.3295 0.3295 0.3165 0.3165 0.303 0.303 0.303 0.2965 0.2965 0.3075 0.3075 0.3075 0.3075 0.3075 0.28 0.28 0.237 0.237 0.284 0.284 0.284 0.306 0.306 0.302 0.302 0.279
-1 -1 -1 -1 -1 -1 -1 -1 -1 -1 -1 -1 0.1219 0.1219 0.1779 0.1779 0.2014 0.2014 0.166 0.166 0.166 0.3515 0.3515 0.333 0.333 0.399 0.399 0.399 0.3495 0.3495 0.3325 0.3325 0.327 0.327 0.327 0.312 0.312 0.308 0.308 0.31 0.31 0.31 0.3235 0.3235 0.3145 0.3145 0.3185 0.3185 0.3185 0.326 0.326 0.3295 0.3295 0.3165 0.3165 0.303 0.303 0.303 0.2965 0.2965 0.3075 0.3075 0.3075 0.3075 0.3075 0.28 0.28 0.237 0.237 0.284 0.284 0.284 0.306 0.306 0.302 0.302 0.279
-1 -1 -1 -1 -1 -1 -1 -1 -1 -1 -1 -1 -1 -1 -1 -1 -1 -1 0.1949 0.1949 0.1949 0.2375 0.2375 0.3505 0.3505 0.3275 0.3275 0.3275 0.3395 0.3395 0.336 0.336 0.354 0.354 0.354 0.315 0.315 0.307 0.307 0.3165 0.3165 0.3165 0.3045 0.3045 0.2995 0.2995 0.305 0.305 0.305 0.306 0.306 0.324 0.324 0.331 0.331 0.312 0.312 0.312 0.3 0.3 0.2825 0.2825 0.2825 0.2825 0.2825 0.2585 0.2585 0.2735 0.2735 0.2925 0.2925 0.2925 0.309 0.309 0.3225 0.3225 0.288
-1 -1 -1 -1 -1 -1 -1 -1 -1 -1 -1 -1 -1 -1 -1 -1 -1 -1 0.1949 0.1949 0.1949 0.2375 0.2375 0.3505 0.3505 0.3275 0.3275 0.3275 0.3395 0.3395 0.336 0.336 0.354 0.354 0.354 0.315 0.315 0.307 0.307 0.3165 0.3165 0.3165 0.3045 0.3045 0.2995 0.2995 0.305 0.305 0.305 0.306 0.306 0.324 0.324 0.331 0.331 0.312 0.312 0.312 0.3 0.3 0.2825 0.2825 0.2825 0.2825 0.2825 0.2585 0.2585 0.2735 0.2735 0.2925 0.2925 0.2925 0.309 0.309 0.3225 0.3225 0.288
-1 -1 -1 -1 -1 -1 -1 -1 -1 -1 -1 -1 -1 -1 -1 -1 -1 -1 -1 -1 -1 0.1572 0.1572 0.18 0.18 0.328 0.328 0.328 0.341 0.341 0.36 0.36 0.349 0.349 0.349 0.3255 0.3255 0.3045 0.3045 0.306 0.306 0.306 0.303 0.303 0.3055 0.3055 0.3195 0.3195 0.3195 0.33 0.33 0.307 0.307 0.32 0.32 0.3075 0.3075 0.3075 0.3095 0.3095 0.297 0.297 0.297 0.297 0.297 0.286 0.286 0.297 0.297 0.2785 0.2785 0.2785 0.25 0.25 0.29 0.29 0.311
-1 -1 -1 -1 -1 -1 -1 -1 -1 -1 -1 -1 -1 -1 -1 -1 -1 -1 -1 -1 -1 0.1572 0.1572 0.18 0.18 0.328 0.328 0.328 0.341 0.341 0.36 0.36 0.349 0.349 0.349 0.3255 0.3255 0.3045 0.3045 0.306 0.306 0.306 0.303 0.303 0.3055 0.3055 0.3195 0.3195 0.3195 0.33 0.33 0.307 0.307 0.32 0.32 0.3075 0.3075 0.3075 0.3095 0.3095 0.297 0.297 0.297 0.297 0.297 0.286 0.286 0.297 0.297 0.2785 0.2785 0.2785 0.25 0.25 0.29 0.29 0.311
-1 -1 -1 -1 -1 -1 -1 -1 -1 -1 -1 -1 -1 -1 -1 -1 -1 -1 -1 -1 -1 0.1484 0.1484 0.328 0.328 0.272 0.272 0.272 0.322 0.322 0.3375 0.3375 0.323 0.323 0.323 0.353 0.353 0.318 0.318 0.304 0.304 0.304 0.2745 0.2745 0.3085 0.3085 0.322 0.322 0.322 0.3215 0.3215 0.323 0.323 0.324 0.324 0.3365 0.3365 0.3365 0.341 0.341 0.3125 0.3125 0.3125 0.3125 0.3125 0.2955 0.2955 0.298 0.298 0.3065 0.3065 0.3065 0.2835 0.2835 0.3005 0.3005 0.3
-1 -1 -1 -1 -1 -1 -1 -1 -1 -1 -1 -1 -1 -1 -1 -1 -1 -1 -1 -1 -1 0.1484 0.1484 0.328 0.328 0.272 0.272 0.272 0.322 0.322 0.3375 0.3375 0.323 0.323 0.323 0.353 0.353 0.318 0.318 0.304 0.304 0.304 0.2745 0.2745 0.3085 0.3085 0.322 0.322 0.322 0.3215 0.3215 0.323 0.323 0.324 0.324 0.3365 0.3365 0.3365 0.341 0.341 0.3125 0.3125 0.3125 0.3125 0.3125 0.2955 0.2955 0.298 0.298 0.3065 0.3065 0.3065 0.2835 0.2835 0.3005 0.3005 0.3
-1 -1 -1 -1 -1 -1 -1 -1 -1 -1 -1 -1 -1 -1 -1 -1 -1 -1 -1 -1 -1 0.1484 0.1484 0.328 0.328 0.272 0.272 0.272 0.322 0.322 0.3375 0.3375 0.323 0.323 0.323 0.353 0.353 0.318 0.318 0.304 0.304 0.304 0.2745 0.2745 0.3085 0.3085 0.322 0.322 0.322 0.3215 0.3215 0.323 0.323 0.324 0.324 0.3365 0.3365 0.3365 0.341 0.341 0.3125 0.3125 0.3125 0.3125 0.3125 0.2955 0.2955 0.298 0.298 0.3065 0.3065 0.3065 0.2835 0.2835 0.3005 0.3005 0.3
-1 -1 -1 -1 -1 -1 -1 -1 -1 -1 -1 -1 -1 -1 -1 -1 -1 -1 -1 -1 -1 -1 -1 0.2094 0.2094 0.1225 0.1225 0.1225 0.344 0.344 0.3525 0.3525 0.356 0.356 0.356 0.3985 0.3985 0.28 0.28 0.194 0.194 0.194 0.2445 0.2445 0.275 0.275 0.291 0.291 0.291 0.313 0.313 0.367 0.367 0.374 0.374 0.414 0.414 0.414 0.374 0.374 0.2865 0.2865 0.2865 0.2865 0.2865 0.286 0.286 0.3125 0.3125 0.2845 0.2845 0.2845 0.297 0.297 0.2975 0.2975 0.303
-1 -1 -1 -1 -1 -1 -1 -1 -1 -1 -1 -1 -1 -1 -1 -1 -1 -1 -1 -1 -1 -1 -1 0.2094 0.2094 0.1225 0.1225 0.1225 0.344 0.344 0.3525 0.3525 0.356 0.356 0.356 0.3985 0.3985 0.28 0.28 0.194 0.194 0.194 0.2445 0.2445 0.275 0.275 0.291 0.291 0.291 0.313 0.313 0.367 0.367 0.374 0.374 0.414 0.414 0.414 0.374 0.374 0.2865 0.2865 0.2865 0.2865 0.2865 0.286 0.286 0.3125 0.3125 0.2845 0.2845 0.2845 0.297 0.297 0.2975 0.2975 0.303
-1 -1 -1 -1 -1 -1 -1 -1 -1 -1 -1 -1 -1 -1 -1 -1 -1 -1 -1 -1 -1 -1 -1 -1 -1 0.149 0.149 0.149 0.244 0.244 0.349 0.349 0.3585 0.3585 0.3585 0.291 0.291 0.1185 0.1185 0.129 0.129 0.129 0.2465 0.2465 0.24 0.24 0.321 0.321 0.321 0.289 0.289 0.3335 0.3335 0.364 0.364 0.395 0.395 0.395 0.353 0.353 0.3095 0.3095 0.3095 0.3095 0.3095 0.3035 0.3035 0.3185 0.3185 0.3045 0.3045 0.3045 0.2975 0.2975 0.297 0.297 0.296
-1 -1 -1 -1 -1 -1 -1 -1 -1 -1 -1 -1 -1 -1 -1 -1 -1 -1 -1 -1 -1 -1 -1 -1 -1 0.149 0.149 0.149 0.244 0.244 0.349 0.349 0.3585 0.3585 0.3585 0.291 0.291 0.1185 0.1185 0.129 0.129 0.129 0.2465 0.2465 0.24 0.24 0.321 0.321 0.321 0.289 0.289 0.3335 0.3335 0.364 0.364 0.395 0.395 0.395 0.353 0.353 0.3095 0.3095 0.3095 0.3095 0.3095 0.3035 0.3035 0.3185 0.3185 0.3045 0.3045 0.3045 0.2975 0.2975 0.297 0.297 0.296
-1 -1 -1 -1 -1 -1 -1 -1 -1 -1 -1 -1 -1 -1 -1 -1 -1 -1 -1 -1 -1 -1 -1 -1 -1 0.1164 0.1164 0.1164 0.141 0.141 0.286 0.286 0.29 0.29 0.29 0.2675 0.2675 0.1835 0.1835 0.293 0.293 0.293 0.2855 0.2855 0.324 0.324 0.297 0.297 0.297 0.2575 0.2575 0.314 0.314 0.325 0.325 0.325 0.325 0.325 0.327 0.327 0.345 0.345 0.345 0.345 0.345 0.3365 0.3365 0.3115 0.3115 0.2915 0.2915 0.2915 0.2955 0.2955 0.292 0.292 0.2965
-1 -1 -1 -1 -1 -1 -1 -1 -1 -1 -1 -1 -1 -1 -1 -1 -1 -1 -1 -1 -1 -1 -1 -1 -1 0.1164 0.1164 0.1164 0.141 0.141 0.286 0.286 0.29 0.29 0.29 0.2675 0.2675 0.1835 0.1835 0.293 0.293 0.293 0.2855 0.2855 0.324 0.324 0.297 0.297 0.297 0.2575 0.2575 0.314 0.314 0.325 0.325 0.325 0.325 0.325 0.327 0.327 0.345 0.345 0.345 0.345 0.345 0.3365 0.3365 0.3115 0.3115 0.2915 0.2915 0.2915 0.2955 0.2955 0.292 0.292 0.2965
-1 -1 -1 -1 -1 -1 -1 -1 -1 -1 -1 -1 -1 -1 -1 -1 -1 -1 -1 -1 -1 -1 -1 -1 -1 0.1164 0.1164 0.1164 0.141 0.141 0.286 0.286 0.29 0.29 0.29 0.2675 0.2675 0.1835 0.1835 0.293 0.293 0.293 0.2855 0.2855 0.324 0.324 0.297 0.297 0.297 0.2575 0.2575 0.314 0.314 0.325 0.325 0.325 0.325 0.325 0.327 0.327 0.345 0.345 0.345 0.345 0.345 0.3365 0.3365 0.3115 0.3115 0.2915 0.2915 0.2915 0.2955 0.2955 0.292 0.292 0.2965
