ndvi/NOAA-143.asc
ncols         252
nrows         154
xllcorner     -18.017974
yllcorner     13.481982
cellsize      0.035948
NODATA_value  -9999
[rows 102 to 135 of 154, columns 0 to 76 of 252]
-1 -1 -1 -1 -1 -1 -1 -1 -1 -1 -1 -1 -1 -1 -1 -1 -1 -1 -1 -1 -1 -1 -1 -1 -1 0.0117 0.0117 0.0117 0.1082 0.1082 0.299 0.299 0.3025 0.3025 0.3025 0.2795 0.2795 0.311 0.311 0.319 0.319 0.319 0.2875 0.2875 0.2865 0.2865 0.2975 0.2975 0.2975 0.281 0.281 0.3 0.3 0.274 0.274 0.252 0.252 0.252 0.2585 0.2585 0.2595 0.2595 0.2595 0.2595 0.2595 0.2535 0.2535 0.259 0.259 0.2415 0.2415 0.2415 0.2425 0.2425 0.223 0.223 0.217
-1 -1 -1 -1 -1 -1 -1 -1 -1 -1 -1 -1 -1 -1 -1 -1 -1 -1 -1 -1 -1 -1 -1 0.0201 0.0201 0.162 0.162 0.162 0.333 0.333 0.31 0.31 0.2995 0.2995 0.2995 0.3155 0.3155 0.2855 0.2855 0.315 0.315 0.315 0.304 0.304 0.29 0.29 0.287 0.287 0.287 0.301 0.301 0.2885 0.2885 0.2685 0.2685 0.246 0.246 0.246 0.266 0.266 0.2505 0.2505 0.2505 0.2505 0.2505 0.2475 0.2475 0.245 0.245 0.248 0.248 0.248 0.243 0.243 0.235 0.235 0.245
-1 -1 -1 -1 -1 -1 -1 -1 -1 -1 -1 -1 -1 -1 -1 -1 -1 -1 -1 -1 -1 -1 -1 0.0201 0.0201 0.162 0.162 0.162 0.333 0.333 0.31 0.31 0.2995 0.2995 0.2995 0.3155 0.3155 0.2855 0.2855 0.315 0.315 0.315 0.304 0.304 0.29 0.29 0.287 0.287 0.287 0.301 0.301 0.2885 0.2885 0.2685 0.2685 0.246 0.246 0.246 0.266 0.266 0.2505 0.2505 0.2505 0.2505 0.2505 0.2475 0.2475 0.245 0.245 0.248 0.248 0.248 0.243 0.243 0.235 0.235 0.245
-1 -1 -1 -1 -1 -1 -1 -1 -1 -1 -1 -1 -1 -1 -1 -1 -1 -1 -1 -1 -1 -1 -1 0.0201 0.0201 0.162 0.162 0.162 0.333 0.333 0.31 0.31 0.2995 0.2995 0.2995 0.3155 0.3155 0.2855 0.2855 0.315 0.315 0.315 0.304 0.304 0.29 0.29 0.287 0.287 0.287 0.301 0.301 0.2885 0.2885 0.2685 0.2685 0.246 0.246 0.246 0.266 0.266 0.2505 0.2505 0.2505 0.2505 0.2505 0.2475 0.2475 0.245 0.245 0.248 0.248 0.248 0.243 0.243 0.235 0.235 0.245
-1 -1 -1 -1 -1 -1 -1 -1 -1 -1 -1 -1 -1 -1 -1 -1 -1 -1 -1 -1 -1 0.0197 0.0197 0.1265 0.1265 0.3195 0.3195 0.3195 0.3105 0.3105 0.295 0.295 0.3375 0.3375 0.3375 0.3245 0.3245 0.321 0.321 0.3135 0.3135 0.3135 0.3215 0.3215 0.3065 0.3065 0.279 0.279 0.279 0.2705 0.2705 0.2735 0.2735 0.2385 0.2385 0.258 0.258 0.258 0.2645 0.2645 0.264 0.264 0.264 0.264 0.264 0.255 0.255 0.249 0.249 0.249 0.249 0.249 0.2635 0.2635 0.244 0.244 0.2445
-1 -1 -1 -1 -1 -1 -1 -1 -1 -1 -1 -1 -1 -1 -1 -1 -1 -1 -1 -1 -1 0.0197 0.0197 0.1265 0.1265 0.3195 0.3195 0.3195 0.3105 0.3105 0.295 0.295 0.3375 0.3375 0.3375 0.3245 0.3245 0.321 0.321 0.3135 0.3135 0.3135 0.3215 0.3215 0.3065 0.3065 0.279 0.279 0.279 0.2705 0.2705 0.2735 0.2735 0.2385 0.2385 0.258 0.258 0.258 0.2645 0.2645 0.264 0.264 0.264 0.264 0.264 0.255 0.255 0.249 0.249 0.249 0.249 0.249 0.2635 0.2635 0.244 0.244 0.2445
-1 -1 -1 -1 -1 -1 -1 -1 -1 -1 -1 -1 -1 -1 -1 -1 -1 -1 -1 -1 -1 0.1272 0.1272 0.333 0.333 0.339 0.339 0.339 0.363 0.363 0.343 0.343 0.341 0.341 0.341 0.324 0.324 0.3175 0.3175 0.3215 0.3215 0.3215 0.321 0.321 0.3395 0.3395 0.3095 0.3095 0.3095 0.2825 0.2825 0.2685 0.2685 0.2525 0.2525 0.2515 0.2515 0.2515 0.2495 0.2495 0.267 0.267 0.267 0.267 0.267 0.2605 0.2605 0.257 0.257 0.261 0.261 0.261 0.2625 0.2625 0.258 0.258 0.2465
-1 -1 -1 -1 -1 -1 -1 -1 -1 -1 -1 -1 -1 -1 -1 -1 -1 -1 -1 -1 -1 0.1272 0.1272 0.333 0.333 0.339 0.339 0.339 0.363 0.363 0.343 0.343 0.341 0.341 0.341 0.324 0.324 0.3175 0.3175 0.3215 0.3215 0.3215 0.321 0.321 0.3395 0.3395 0.3095 0.3095 0.3095 0.2825 0.2825 0.2685 0.2685 0.2525 0.2525 0.2515 0.2515 0.2515 0.2495 0.2495 0.267 0.267 0.267 0.267 0.267 0.2605 0.2605 0.257 0.257 0.261 0.261 0.261 0.2625 0.2625 0.258 0.258 0.2465
-1 -1 -1 -1 -1 -1 -1 -1 -1 -1 -1 -1 -1 -1 -1 -1 -1 -1 0.1751 0.1751 0.1751 0.3335 0.3335 0.36 0.36 0.339 0.339 0.339 0.3355 0.3355 0.35 0.35 0.342 0.342 0.342 0.3015 0.3015 0.312 0.312 0.321 0.321 0.321 0.3215 0.3215 0.309 0.309 0.2885 0.2885 0.2885 0.2825 0.2825 0.2725 0.2725 0.254 0.254 0.262 0.262 0.262 0.269 0.269 0.257 0.257 0.257 0.257 0.257 0.2665 0.2665 0.259 0.259 0.2805 0.2805 0.2805 0.2615 0.2615 0.258 0.258 0.2725
-1 -1 -1 -1 -1 -1 -1 -1 -1 -1 -1 -1 -1 -1 -1 -1 -1 -1 0.1751 0.1751 0.1751 0.3335 0.3335 0.36 0.36 0.339 0.339 0.339 0.3355 0.3355 0.35 0.35 0.342 0.342 0.342 0.3015 0.3015 0.312 0.312 0.321 0.321 0.321 0.3215 0.3215 0.309 0.309 0.2885 0.2885 0.2885 0.2825 0.2825 0.2725 0.2725 0.254 0.254 0.262 0.262 0.262 0.269 0.269 0.257 0.257 0.257 0.257 0.257 0.2665 0.2665 0.259 0.259 0.2805 0.2805 0.2805 0.2615 0.2615 0.258 0.258 0.2725
-1 -1 -1 -1 -1 -1 -1 -1 -1 -1 -1 -1 -1 -1 -1 -1 -1 -1 0.1751 0.1751 0.1751 0.3335 0.3335 0.36 0.36 0.339 0.339 0.339 0.3355 0.3355 0.35 0.35 0.342 0.342 0.342 0.3015 0.3015 0.312 0.312 0.321 0.321 0.321 0.3215 0.3215 0.309 0.309 0.2885 0.2885 0.2885 0.2825 0.2825 0.2725 0.2725 0.254 0.254 0.262 0.262 0.262 0.269 0.269 0.257 0.257 0.257 0.257 0.257 0.2665 0.2665 0.259 0.259 0.2805 0.2805 0.2805 0.2615 0.2615 0.258 0.258 0.2725
-1 -1 -1 -1 -1 -1 -1 -1 -1 -1 -1 -1 -1 -1 -1 -1 0.2896 0.2896 0.371 0.371 0.371 0.3855 0.3855 0.376 0.376 0.3635 0.3635 0.3635 0.3545 0.3545 0.35 0.35 0.314 0.314 0.314 0.3035 0.3035 0.3125 0.3125 0.3145 0.3145 0.3145 0.2965 0.2965 0.282 0.282 0.292 0.292 0.292 0.289 0.289 0.268 0.268 0.2575 0.2575 0.273 0.273 0.273 0.2835 0.2835 0.279 0.279 0.279 0.279 0.279 0.2635 0.2635 0.25 0.25 0.261 0.261 0.261 0.2885 0.2885 0.2885 0.2885 0.2855
-1 -1 -1 -1 -1 -1 -1 -1 -1 -1 -1 -1 -1 -1 -1 -1 0.2896 0.2896 0.371 0.371 0.371 0.3855 0.3855 0.376 0.376 0.3635 0.3635 0.3635 0.3545 0.3545 0.35 0.35 0.314 0.314 0.314 0.3035 0.3035 0.3125 0.3125 0.3145 0.3145 0.3145 0.2965 0.2965 0.282 0.282 0.292 0.292 0.292 0.289 0.289 0.268 0.268 0.2575 0.2575 0.273 0.273 0.273 0.2835 0.2835 0.279 0.279 0.279 0.279 0.279 0.2635 0.2635 0.25 0.25 0.261 0.261 0.261 0.2885 0.2885 0.2885 0.2885 0.2855
-1 -1 -1 -1 -1 -1 -1 -1 -1 -1 -1 -1 0.1992 0.1992 0.107 0.107 0.202 0.202 0.352 0.352 0.352 0.406 0.406 0.4 0.4 0.3405 0.3405 0.3405 0.3765 0.3765 0.374 0.374 0.315 0.315 0.315 0.34 0.34 0.338 0.338 0.348 0.348 0.348 0.3495 0.3495 0.337 0.337 0.311 0.311 0.311 0.305 0.305 0.282 0.282 0.285 0.285 0.2875 0.2875 0.2875 0.2985 0.2985 0.28 0.28 0.28 0.28 0.28 0.286 0.286 0.2775 0.2775 0.2665 0.2665 0.2665 0.2765 0.2765 0.2705 0.2705 0.297
-1 -1 -1 -1 -1 -1 -1 -1 -1 -1 -1 -1 0.1992 0.1992 0.107 0.107 0.202 0.202 0.352 0.352 0.352 0.406 0.406 0.4 0.4 0.3405 0.3405 0.3405 0.3765 0.3765 0.374 0.374 0.315 0.315 0.315 0.34 0.34 0.338 0.338 0.348 0.348 0.348 0.3495 0.3495 0.337 0.337 0.311 0.311 0.311 0.305 0.305 0.282 0.282 0.285 0.285 0.2875 0.2875 0.2875 0.2985 0.2985 0.28 0.28 0.28 0.28 0.28 0.286 0.286 0.2775 0.2775 0.2665 0.2665 0.2665 0.2765 0.2765 0.2705 0.2705 0.297
-1 -1 -1 -1 -1 -1 -1 -1 -1 0.1302 0.1302 0.1302 0.141 0.141 0.1335 0.1335 0.0601 0.0601 0.083 0.083 0.083 0.3325 0.3325 0.357 0.357 0.395 0.395 0.395 0.373 0.373 0.3595 0.3595 0.3275 0.3275 0.3275 0.326 0.326 0.367 0.367 0.3555 0.3555 0.3555 0.3555 0.3555 0.3385 0.3385 0.3165 0.3165 0.3165 0.328 0.328 0.298 0.298 0.3005 0.3005 0.2875 0.2875 0.2875 0.285 0.285 0.2865 0.2865 0.2865 0.2865 0.2865 0.276 0.276 0.301 0.301 0.2725 0.2725 0.2725 0.2915 0.2915 0.295 0.295 0.284
-1 -1 -1 -1 -1 -1 -1 -1 -1 0.1302 0.1302 0.1302 0.141 0.141 0.1335 0.1335 0.0601 0.0601 0.083 0.083 0.083 0.3325 0.3325 0.357 0.357 0.395 0.395 0.395 0.373 0.373 0.3595 0.3595 0.3275 0.3275 0.3275 0.326 0.326 0.367 0.367 0.3555 0.3555 0.3555 0.3555 0.3555 0.3385 0.3385 0.3165 0.3165 0.3165 0.328 0.328 0.298 0.298 0.3005 0.3005 0.2875 0.2875 0.2875 0.285 0.285 0.2865 0.2865 0.2865 0.2865 0.2865 0.276 0.276 0.301 0.301 0.2725 0.2725 0.2725 0.2915 0.2915 0.295 0.295 0.284
-1 -1 -1 -1 -1 -1 -1 -1 -1 0.1302 0.1302 0.1302 0.141 0.141 0.1335 0.1335 0.0601 0.0601 0.083 0.083 0.083 0.3325 0.3325 0.357 0.357 0.395 0.395 0.395 0.373 0.373 0.3595 0.3595 0.3275 0.3275 0.3275 0.326 0.326 0.367 0.367 0.3555 0.3555 0.3555 0.3555 0.3555 0.3385 0.3385 0.3165 0.3165 0.3165 0.328 0.328 0.298 0.298 0.3005 0.3005 0.2875 0.2875 0.2875 0.285 0.285 0.2865 0.2865 0.2865 0.2865 0.2865 0.276 0.276 0.301 0.301 0.2725 0.2725 0.2725 0.2915 0.2915 0.295 0.295 0.284
-1 -1 -1 -1 -1 -1 -1 -1 -1 -1 -1 -1 0.0972 0.0972 0.0907 0.0907 0.0757 0.0757 0.1227 0.1227 0.1227 0.3385 0.3385 0.3665 0.3665 0.366 0.366 0.366 0.375 0.375 0.3665 0.3665 0.338 0.338 0.338 0.3315 0.3315 0.348 0.348 0.3335 0.3335 0.3335 0.3435 0.3435 0.347 0.347 0.3485 0.3485 0.3485 0.325 0.325 0.306 0.306 0.3125 0.3125 0.3125 0.3125 0.3125 0.289 0.289 0.288 0.288 0.288 0.288 0.288 0.2915 0.2915 0.2755 0.2755 0.2715 0.2715 0.2715 0.2975 0.2975 0.294 0.294 0.3075
-1 -1 -1 -1 -1 -1 -1 -1 -1 -1 -1 -1 0.0972 0.0972 0.0907 0.0907 0.0757 0.0757 0.1227 0.1227 0.1227 0.3385 0.3385 0.3665 0.3665 0.366 0.366 0.366 0.375 0.375 0.3665 0.3665 0.338 0.338 0.338 0.3315 0.3315 0.348 0.348 0.3335 0.3335 0.3335 0.3435 0.3435 0.347 0.347 0.3485 0.3485 0.3485 0.325 0.325 0.306 0.306 0.3125 0.3125 0.3125 0.3125 0.3125 0.289 0.289 0.288 0.288 0.288 0.288 0.288 0.2915 0.2915 0.2755 0.2755 0.2715 0.2715 0.2715 0.2975 0.2975 0.294 0.294 0.3075
-1 -1 -1 -1 -1 -1 -1 -1 -1 -1 -1 -1 -1 -1 -1 -1 -1 -1 0.0442 0.0442 0.0442 0.16 0.16 0.3105 0.3105 0.371 0.371 0.371 0.349 0.349 0.359 0.359 0.3275 0.3275 0.3275 0.329 0.329 0.328 0.328 0.3275 0.3275 0.3275 0.3405 0.3405 0.3305 0.3305 0.345 0.345 0.345 0.33 0.33 0.327 0.327 0.319 0.319 0.306 0.306 0.306 0.2945 0.2945 0.314 0.314 0.314 0.314 0.314 0.298 0.298 0.2755 0.2755 0.253 0.253 0.253 0.278 0.278 0.313 0.313 0.2985
-1 -1 -1 -1 -1 -1 -1 -1 -1 -1 -1 -1 -1 -1 -1 -1 -1 -1 0.0442 0.0442 0.0442 0.16 0.16 0.3105 0.3105 0.371 0.371 0.371 0.349 0.349 0.359 0.359 0.3275 0.3275 0.3275 0.329 0.329 0.328 0.328 0.3275 0.3275 0.3275 0.3405 0.3405 0.3305 0.3305 0.345 0.345 0.345 0.33 0.33 0.327 0.327 0.319 0.319 0.306 0.306 0.306 0.2945 0.2945 0.314 0.314 0.314 0.314 0.314 0.298 0.298 0.2755 0.2755 0.253 0.253 0.253 0.278 0.278 0.313 0.313 0.2985
-1 -1 -1 -1 -1 -1 -1 -1 -1 -1 -1 -1 -1 -1 -1 -1 -1 -1 -1 -1 -1 0.06370001 0.06370001 0.2245 0.2245 0.3345 0.3345 0.3345 0.3455 0.3455 0.3745 0.3745 0.3335 0.3335 0.3335 0.3145 0.3145 0.316 0.316 0.333 0.333 0.333 0.329 0.329 0.316 0.316 0.33 0.33 0.33 0.325 0.325 0.34 0.34 0.3325 0.3325 0.334 0.334 0.334 0.306 0.306 0.295 0.295 0.295 0.295 0.295 0.3 0.3 0.303 0.303 0.3105 0.3105 0.3105 0.2955 0.2955 0.282 0.282 0.297
-1 -1 -1 -1 -1 -1 -1 -1 -1 -1 -1 -1 -1 -1 -1 -1 -1 -1 -1 -1 -1 0.06370001 0.06370001 0.2245 0.2245 0.3345 0.3345 0.3345 0.3455 0.3455 0.3745 0.3745 0.3335 0.3335 0.3335 0.3145 0.3145 0.316 0.316 0.333 0.333 0.333 0.329 0.329 0.316 0.316 0.33 0.33 0.33 0.325 0.325 0.34 0.34 0.3325 0.3325 0.334 0.334 0.334 0.306 0.306 0.295 0.295 0.295 0.295 0.295 0.3 0.3 0.303 0.303 0.3105 0.3105 0.3105 0.2955 0.2955 0.282 0.282 0.297
-1 -1 -1 -1 -1 -1 -1 -1 -1 -1 -1 -1 -1 -1 -1 -1 -1 -1 -1 -1 -1 0.0912 0.0912 0.1977 0.1977 0.258 0.258 0.258 0.335 0.335 0.3515 0.3515 0.345 0.345 0.345 0.346 0.346 0.291 0.291 0.277 0.277 0.277 0.275 0.275 0.3025 0.3025 0.325 0.325 0.325 0.339 0.339 0.373 0.373 0.3895 0.3895 0.348 0.348 0.348 0.3295 0.3295 0.3255 0.3255 0.3255 0.3255 0.3255 0.3375 0.3375 0.324 0.324 0.325 0.325 0.325 0.2985 0.2985 0.2995 0.2995 0.3075
-1 -1 -1 -1 -1 -1 -1 -1 -1 -1 -1 -1 -1 -1 -1 -1 -1 -1 -1 -1 -1 0.0912 0.0912 0.1977 0.1977 0.258 0.258 0.258 0.335 0.335 0.3515 0.3515 0.345 0.345 0.345 0.346 0.346 0.291 0.291 0.277 0.277 0.277 0.275 0.275 0.3025 0.3025 0.325 0.325 0.325 0.339 0.339 0.373 0.373 0.3895 0.3895 0.348 0.348 0.348 0.3295 0.3295 0.3255 0.3255 0.3255 0.3255 0.3255 0.3375 0.3375 0.324 0.324 0.325 0.325 0.325 0.2985 0.2985 0.2995 0.2995 0.3075
-1 -1 -1 -1 -1 -1 -1 -1 -1 -1 -1 -1 -1 -1 -1 -1 -1 -1 -1 -1 -1 0.0912 0.0912 0.1977 0.1977 0.258 0.258 0.258 0.335 0.335 0.3515 0.3515 0.345 0.345 0.345 0.346 0.346 0.291 0.291 0.277 0.277 0.277 0.275 0.275 0.3025 0.3025 0.325 0.325 0.325 0.339 0.339 0.373 0.373 0.3895 0.3895 0.348 0.348 0.348 0.3295 0.3295 0.3255 0.3255 0.3255 0.3255 0.3255 0.3375 0.3375 0.324 0.324 0.325 0.325 0.325 0.2985 0.2985 0.2995 0.2995 0.3075
-1 -1 -1 -1 -1 -1 -1 -1 -1 -1 -1 -1 -1 -1 -1 -1 -1 -1 -1 -1 -1 -1 -1 0.0842 0.0842 0.04 0.04 0.04 0.3565 0.3565 0.3625 0.3625 0.345 0.345 0.345 0.351 0.351 0.217 0.217 0.1725 0.1725 0.1725 0.245 0.245 0.286 0.286 0.3265 0.3265 0.3265 0.3765 0.3765 0.3715 0.3715 0.3675 0.3675 0.3685 0.3685 0.3685 0.3445 0.3445 0.3375 0.3375 0.3375 0.3375 0.3375 0.327 0.327 0.3355 0.3355 0.334 0.334 0.334 0.3075 0.3075 0.3085 0.3085 0.3205
-1 -1 -1 -1 -1 -1 -1 -1 -1 -1 -1 -1 -1 -1 -1 -1 -1 -1 -1 -1 -1 -1 -1 0.0842 0.0842 0.04 0.04 0.04 0.3565 0.3565 0.3625 0.3625 0.345 0.345 0.345 0.351 0.351 0.217 0.217 0.1725 0.1725 0.1725 0.245 0.245 0.286 0.286 0.3265 0.3265 0.3265 0.3765 0.3765 0.3715 0.3715 0.3675 0.3675 0.3685 0.3685 0.3685 0.3445 0.3445 0.3375 0.3375 0.3375 0.3375 0.3375 0.327 0.327 0.3355 0.3355 0.334 0.334 0.334 0.3075 0.3075 0.3085 0.3085 0.3205
-1 -1 -1 -1 -1 -1 -1 -1 -1 -1 -1 -1 -1 -1 -1 -1 -1 -1 -1 -1 -1 -1 -1 -1 -1 0.1904 0.1904 0.1904 0.2255 0.2255 0.325 0.325 0.3375 0.3375 0.3375 0.288 0.288 0.1355 0.1355 0.157 0.157 0.157 0.2125 0.2125 0.291 0.291 0.3475 0.3475 0.3475 0.2805 0.2805 0.345 0.345 0.3475 0.3475 0.375 0.375 0.375 0.3535 0.3535 0.3555 0.3555 0.3555 0.3555 0.3555 0.3225 0.3225 0.346 0.346 0.341 0.341 0.341 0.347 0.347 0.33 0.33 0.3135
-1 -1 -1 -1 -1 -1 -1 -1 -1 -1 -1 -1 -1 -1 -1 -1 -1 -1 -1 -1 -1 -1 -1 -1 -1 0.1904 0.1904 0.1904 0.2255 0.2255 0.325 0.325 0.3375 0.3375 0.3375 0.288 0.288 0.1355 0.1355 0.157 0.157 0.157 0.2125 0.2125 0.291 0.291 0.3475 0.3475 0.3475 0.2805 0.2805 0.345 0.345 0.3475 0.3475 0.375 0.375 0.375 0.3535 0.3535 0.3555 0.3555 0.3555 0.3555 0.3555 0.3225 0.3225 0.346 0.346 0.341 0.341 0.341 0.347 0.347 0.33 0.33 0.3135
-1 -1 -1 -1 -1 -1 -1 -1 -1 -1 -1 -1 -1 -1 -1 -1 -1 -1 -1 -1 -1 -1 -1 -1 -1 0.06820001 0.06820001 0.06820001 0.143 0.143 0.247 0.247 0.2615 0.2615 0.2615 0.2835 0.2835 0.179 0.179 0.317 0.317 0.317 0.369 0.369 0.3165 0.3165 0.3175 0.3175 0.3175 0.2975 0.2975 0.3285 0.3285 0.3445 0.3445 0.345 0.345 0.345 0.3725 0.3725 0.3845 0.3845 0.3845 0.3845 0.3845 0.346 0.346 0.3585 0.3585 0.325 0.325 0.325 0.3415 0.3415 0.3305 0.3305 0.3075
-1 -1 -1 -1 -1 -1 -1 -1 -1 -1 -1 -1 -1 -1 -1 -1 -1 -1 -1 -1 -1 -1 -1 -1 -1 0.06820001 0.06820001 0.06820001 0.143 0.143 0.247 0.247 0.2615 0.2615 0.2615 0.2835 0.2835 0.179 0.179 0.317 0.317 0.317 0.369 0.369 0.3165 0.3165 0.3175 0.3175 0.3175 0.2975 0.2975 0.3285 0.3285 0.3445 0.3445 0.345 0.345 0.345 0.3725 0.3725 0.3845 0.3845 0.3845 0.3845 0.3845 0.346 0.346 0.3585 0.3585 0.325 0.325 0.325 0.3415 0.3415 0.3305 0.3305 0.3075
-1 -1 -1 -1 -1 -1 -1 -1 -1 -1 -1 -1 -1 -1 -1 -1 -1 -1 -1 -1 -1 -1 -1 -1 -1 0.06820001 0.06820001 0.06820001 0.143 0.143 0.247 0.247 0.2615 0.2615 0.2615 0.2835 0.2835 0.179 0.179 0.317 0.317 0.317 0.369 0.369 0.3165 0.3165 0.3175 0.3175 0.3175 0.2975 0.2975 0.3285 0.3285 0.3445 0.3445 0.345 0.345 0.345 0.3725 0.3725 0.3845 0.3845 0.3845 0.3845 0.3845 0.346 0.346 0.3585 0.3585 0.325 0.325 0.325 0.3415 0.3415 0.3305 0.3305 0.3075
