ndvi/NOAA-61.asc
ncols         252
nrows         154
xllcorner     -18.017974
yllcorner     13.481982
cellsize      0.035948
NODATA_value  -9999
[rows 35 to 69 of 154, columns 77 to 153 of 252]
0.1535 0.1535 0.145 0.145 0.1445 0.1445 0.142 0.142 0.142 0.1405 0.1405 0.147 0.147 0.1535 0.1535 0.151 0.151 0.151 0.153 0.153 0.1545 0.1545 0.15 0.15 0.15 0.157 0.157 0.159 0.159 0.153 0.153 0.153 0.1535 0.1535 0.158 0.158 0.1505 0.1505 0.1505 0.149 0.149 0.144 0.144 0.1625 0.1625 0.1625 0.1645 0.1645 0.1595 0.1595 0.1585 0.1585 0.16 0.16 0.16 0.148 0.148 0.1545 0.1545 0.166 0.166 0.166 0.1605 0.1605 0.1645 0.1645 0.168 0.168 0.168 0.159 0.159 0.144 0.144 0.1275 0.1275 0.1275 0.143
0.1535 0.1535 0.145 0.145 0.1445 0.1445 0.142 0.142 0.142 0.1405 0.1405 0.147 0.147 0.1535 0.1535 0.151 0.151 0.151 0.153 0.153 0.1545 0.1545 0.15 0.15 0.15 0.157 0.157 0.159 0.159 0.153 0.153 0.153 0.1535 0.1535 0.158 0.158 0.1505 0.1505 0.1505 0.149 0.149 0.144 0.144 0.1625 0.1625 0.1625 0.1645 0.1645 0.1595 0.1595 0.1585 0.1585 0.16 0.16 0.16 0.148 0.148 0.1545 0.1545 0.166 0.166 0.166 0.1605 0.1605 0.1645 0.1645 0.168 0.168 0.168 0.159 0.159 0.144 0.144 0.1275 0.1275 0.1275 0.143
0.161 0.161 0.1605 0.1605 0.1565 0.1565 0.159 0.159 0.159 0.16 0.16 0.1575 0.1575 0.168 0.168 0.151 0.151 0.151 0.1645 0.1645 0.166 0.166 0.157 0.157 0.157 0.1705 0.1705 0.168 0.168 0.168 0.168 0.168 0.164 0.164 0.1715 0.1715 0.168 0.168 0.168 0.159 0.159 0.161 0.161 0.166 0.166 0.166 0.175 0.175 0.1705 0.1705 0.1725 0.1725 0.172 0.172 0.172 0.1765 0.1765 0.197 0.197 0.187 0.187 0.187 0.182 0.182 0.1755 0.1755 0.1705 0.1705 0.1705 0.175 0.175 0.139 0.139 0.1405 0.1405 0.1405 0.136
0.161 0.161 0.1605 0.1605 0.1565 0.1565 0.159 0.159 0.159 0.16 0.16 0.1575 0.1575 0.168 0.168 0.151 0.151 0.151 0.1645 0.1645 0.166 0.166 0.157 0.157 0.157 0.1705 0.1705 0.168 0.168 0.168 0.168 0.168 0.164 0.164 0.1715 0.1715 0.168 0.168 0.168 0.159 0.159 0.161 0.161 0.166 0.166 0.166 0.175 0.175 0.1705 0.1705 0.1725 0.1725 0.172 0.172 0.172 0.1765 0.1765 0.197 0.197 0.187 0.187 0.187 0.182 0.182 0.1755 0.1755 0.1705 0.1705 0.1705 0.175 0.175 0.139 0.139 0.1405 0.1405 0.1405 0.136
0.1675 0.1675 0.155 0.155 0.151 0.151 0.157 0.157 0.157 0.1655 0.1655 0.175 0.175 0.176 0.176 0.1635 0.1635 0.1635 0.1695 0.1695 0.1655 0.1655 0.166 0.166 0.166 0.17 0.17 0.1745 0.1745 0.189 0.189 0.189 0.19 0.19 0.1815 0.1815 0.1735 0.1735 0.1735 0.1795 0.1795 0.176 0.176 0.187 0.187 0.187 0.191 0.191 0.1925 0.1925 0.187 0.187 0.2275 0.2275 0.2275 0.1975 0.1975 0.191 0.191 0.1915 0.1915 0.1915 0.185 0.185 0.1815 0.1815 0.1705 0.1705 0.1705 0.1655 0.1655 0.1335 0.1335 0.126 0.126 0.126 0.1545
0.1675 0.1675 0.155 0.155 0.151 0.151 0.157 0.157 0.157 0.1655 0.1655 0.175 0.175 0.176 0.176 0.1635 0.1635 0.1635 0.1695 0.1695 0.1655 0.1655 0.166 0.166 0.166 0.17 0.17 0.1745 0.1745 0.189 0.189 0.189 0.19 0.19 0.1815 0.1815 0.1735 0.1735 0.1735 0.1795 0.1795 0.176 0.176 0.187 0.187 0.187 0.191 0.191 0.1925 0.1925 0.187 0.187 0.2275 0.2275 0.2275 0.1975 0.1975 0.191 0.191 0.1915 0.1915 0.1915 0.185 0.185 0.1815 0.1815 0.1705 0.1705 0.1705 0.1655 0.1655 0.1335 0.1335 0.126 0.126 0.126 0.1545
0.173 0.173 0.1755 0.1755 0.1665 0.1665 0.1675 0.1675 0.1675 0.1685 0.1685 0.178 0.178 0.177 0.177 0.1715 0.1715 0.1715 0.1635 0.1635 0.167 0.167 0.1595 0.1595 0.1595 0.1795 0.1795 0.197 0.197 0.191 0.191 0.191 0.189 0.189 0.184 0.184 0.1775 0.1775 0.1775 0.172 0.172 0.175 0.175 0.2 0.2 0.2 0.1965 0.1965 0.1875 0.1875 0.1935 0.1935 0.2375 0.2375 0.2375 0.2285 0.2285 0.1945 0.1945 0.184 0.184 0.184 0.1635 0.1635 0.17 0.17 0.1545 0.1545 0.1545 0.161 0.161 0.14 0.14 0.138 0.138 0.138 0.141
0.173 0.173 0.1755 0.1755 0.1665 0.1665 0.1675 0.1675 0.1675 0.1685 0.1685 0.178 0.178 0.177 0.177 0.1715 0.1715 0.1715 0.1635 0.1635 0.167 0.167 0.1595 0.1595 0.1595 0.1795 0.1795 0.197 0.197 0.191 0.191 0.191 0.189 0.189 0.184 0.184 0.1775 0.1775 0.1775 0.172 0.172 0.175 0.175 0.2 0.2 0.2 0.1965 0.1965 0.1875 0.1875 0.1935 0.1935 0.2375 0.2375 0.2375 0.2285 0.2285 0.1945 0.1945 0.184 0.184 0.184 0.1635 0.1635 0.17 0.17 0.1545 0.1545 0.1545 0.161 0.161 0.14 0.14 0.138 0.138 0.138 0.141
0.173 0.173 0.1755 0.1755 0.1665 0.1665 0.1675 0.1675 0.1675 0.1685 0.1685 0.178 0.178 0.177 0.177 0.1715 0.1715 0.1715 0.1635 0.1635 0.167 0.167 0.1595 0.1595 0.1595 0.1795 0.1795 0.197 0.197 0.191 0.191 0.191 0.189 0.189 0.184 0.184 0.1775 0.1775 0.1775 0.172 0.172 0.175 0.175 0.2 0.2 0.2 0.1965 0.1965 0.1875 0.1875 0.1935 0.1935 0.2375 0.2375 0.2375 0.2285 0.2285 0.1945 0.1945 0.184 0.184 0.184 0.1635 0.1635 0.17 0.17 0.1545 0.1545 0.1545 0.161 0.161 0.14 0.14 0.138 0.138 0.138 0.141
0.1735 0.1735 0.172 0.172 0.162 0.162 0.1735 0.1735 0.1735 0.164 0.164 0.159 0.159 0.177 0.177 0.175 0.175 0.175 0.1745 0.1745 0.153 0.153 0.162 0.162 0.162 0.178 0.178 0.188 0.188 0.192 0.192 0.192 0.2065 0.2065 0.221 0.221 0.2015 0.2015 0.2015 0.1955 0.1955 0.1875 0.1875 0.19 0.19 0.19 0.19 0.19 0.186 0.186 0.167 0.167 0.2315 0.2315 0.2315 0.25 0.25 0.1875 0.1875 0.162 0.162 0.162 0.1645 0.1645 0.1405 0.1405 0.1405 0.1405 0.1405 0.149 0.149 0.1355 0.1355 0.1235 0.1235 0.1235 0.1245
0.1735 0.1735 0.172 0.172 0.162 0.162 0.1735 0.1735 0.1735 0.164 0.164 0.159 0.159 0.177 0.177 0.175 0.175 0.175 0.1745 0.1745 0.153 0.153 0.162 0.162 0.162 0.178 0.178 0.188 0.188 0.192 0.192 0.192 0.2065 0.2065 0.221 0.221 0.2015 0.2015 0.2015 0.1955 0.1955 0.1875 0.1875 0.19 0.19 0.19 0.19 0.19 0.186 0.186 0.167 0.167 0.2315 0.2315 0.2315 0.25 0.25 0.1875 0.1875 0.162 0.162 0.162 0.1645 0.1645 0.1405 0.1405 0.1405 0.1405 0.1405 0.149 0.149 0.1355 0.1355 0.1235 0.1235 0.1235 0.1245
0.176 0.176 0.1755 0.1755 0.1685 0.1685 0.173 0.173 0.173 0.166 0.166 0.157 0.157 0.157 0.157 0.1805 0.1805 0.1805 0.1625 0.1625 0.1685 0.1685 0.1765 0.1765 0.1765 0.1765 0.1765 0.193 0.193 0.1935 0.1935 0.1935 0.2275 0.2275 0.235 0.235 0.206 0.206 0.206 0.177 0.177 0.1875 0.1875 0.197 0.197 0.197 0.1735 0.1735 0.208 0.208 0.1895 0.1895 0.1895 0.1895 0.1895 0.1735 0.1735 0.182 0.182 0.171 0.171 0.171 0.171 0.171 0.1635 0.1635 0.1585 0.1585 0.1585 0.1615 0.1615 0.1515 0.1515 0.138 0.138 0.138 0.1385
0.176 0.176 0.1755 0.1755 0.1685 0.1685 0.173 0.173 0.173 0.166 0.166 0.157 0.157 0.157 0.157 0.1805 0.1805 0.1805 0.1625 0.1625 0.1685 0.1685 0.1765 0.1765 0.1765 0.1765 0.1765 0.193 0.193 0.1935 0.1935 0.1935 0.2275 0.2275 0.235 0.235 0.206 0.206 0.206 0.177 0.177 0.1875 0.1875 0.197 0.197 0.197 0.1735 0.1735 0.208 0.208 0.1895 0.1895 0.1895 0.1895 0.1895 0.1735 0.1735 0.182 0.182 0.171 0.171 0.171 0.171 0.171 0.1635 0.1635 0.1585 0.1585 0.1585 0.1615 0.1615 0.1515 0.1515 0.138 0.138 0.138 0.1385
0.201 0.201 0.1775 0.1775 0.186 0.186 0.173 0.173 0.173 0.163 0.163 0.162 0.162 0.1775 0.1775 0.188 0.188 0.188 0.1955 0.1955 0.211 0.211 0.2105 0.2105 0.2105 0.2095 0.2095 0.2265 0.2265 0.2245 0.2245 0.2245 0.2315 0.2315 0.26 0.26 0.195 0.195 0.195 0.1695 0.1695 0.164 0.164 0.166 0.166 0.166 0.1825 0.1825 0.1865 0.1865 0.186 0.186 0.18 0.18 0.18 0.1755 0.1755 0.18 0.18 0.1775 0.1775 0.1775 0.1925 0.1925 0.171 0.171 0.2015 0.2015 0.2015 0.1725 0.1725 0.1695 0.1695 0.1425 0.1425 0.1425 0.1315
0.201 0.201 0.1775 0.1775 0.186 0.186 0.173 0.173 0.173 0.163 0.163 0.162 0.162 0.1775 0.1775 0.188 0.188 0.188 0.1955 0.1955 0.211 0.211 0.2105 0.2105 0.2105 0.2095 0.2095 0.2265 0.2265 0.2245 0.2245 0.2245 0.2315 0.2315 0.26 0.26 0.195 0.195 0.195 0.1695 0.1695 0.164 0.164 0.166 0.166 0.166 0.1825 0.1825 0.1865 0.1865 0.186 0.186 0.18 0.18 0.18 0.1755 0.1755 0.18 0.18 0.1775 0.1775 0.1775 0.1925 0.1925 0.171 0.171 0.2015 0.2015 0.2015 0.1725 0.1725 0.1695 0.1695 0.1425 0.1425 0.1425 0.1315
0.201 0.201 0.1775 0.1775 0.186 0.186 0.173 0.173 0.173 0.163 0.163 0.162 0.162 0.1775 0.1775 0.188 0.188 0.188 0.1955 0.1955 0.211 0.211 0.2105 0.2105 0.2105 0.2095 0.2095 0.2265 0.2265 0.2245 0.2245 0.2245 0.2315 0.2315 0.26 0.26 0.195 0.195 0.195 0.1695 0.1695 0.164 0.164 0.166 0.166 0.166 0.1825 0.1825 0.1865 0.1865 0.186 0.186 0.18 0.18 0.18 0.1755 0.1755 0.18 0.18 0.1775 0.1775 0.1775 0.1925 0.1925 0.171 0.171 0.2015 0.2015 0.2015 0.1725 0.1725 0.1695 0.1695 0.1425 0.1425 0.1425 0.1315
0.2065 0.2065 0.192 0.192 0.1945 0.1945 0.194 0.194 0.194 0.205 0.205 0.2065 0.2065 0.207 0.207 0.2135 0.2135 0.2135 0.21 0.21 0.2205 0.2205 0.21 0.21 0.21 0.227 0.227 0.222 0.222 0.204 0.204 0.204 0.2325 0.2325 0.2305 0.2305 0.221 0.221 0.221 0.1605 0.1605 0.138 0.138 0.1625 0.1625 0.1625 0.1915 0.1915 0.162 0.162 0.182 0.182 0.188 0.188 0.188 0.1985 0.1985 0.176 0.176 0.192 0.192 0.192 0.193 0.193 0.1955 0.1955 0.2005 0.2005 0.2005 0.1845 0.1845 0.211 0.211 0.169 0.169 0.169 0.128
0.2065 0.2065 0.192 0.192 0.1945 0.1945 0.194 0.194 0.194 0.205 0.205 0.2065 0.2065 0.207 0.207 0.2135 0.2135 0.2135 0.21 0.21 0.2205 0.2205 0.21 0.21 0.21 0.227 0.227 0.222 0.222 0.204 0.204 0.204 0.2325 0.2325 0.2305 0.2305 0.221 0.221 0.221 0.1605 0.1605 0.138 0.138 0.1625 0.1625 0.1625 0.1915 0.1915 0.162 0.162 0.182 0.182 0.188 0.188 0.188 0.1985 0.1985 0.176 0.176 0.192 0.192 0.192 0.193 0.193 0.1955 0.1955 0.2005 0.2005 0.2005 0.1845 0.1845 0.211 0.211 0.169 0.169 0.169 0.128
0.21 0.21 0.2 0.2 0.2035 0.2035 0.2115 0.2115 0.2115 0.214 0.214 0.223 0.223 0.217 0.217 0.2285 0.2285 0.2285 0.225 0.225 0.2075 0.2075 0.2205 0.2205 0.2205 0.2255 0.2255 0.2145 0.2145 0.2165 0.2165 0.2165 0.2485 0.2485 0.242 0.242 0.203 0.203 0.203 0.201 0.201 0.1875 0.1875 0.161 0.161 0.161 0.149 0.149 0.1575 0.1575 0.2035 0.2035 0.1915 0.1915 0.1915 0.2 0.2 0.2165 0.2165 0.218 0.218 0.218 0.232 0.232 0.2435 0.2435 0.2105 0.2105 0.2105 0.1975 0.1975 0.1965 0.1965 0.172 0.172 0.172 0.135
0.21 0.21 0.2 0.2 0.2035 0.2035 0.2115 0.2115 0.2115 0.214 0.214 0.223 0.223 0.217 0.217 0.2285 0.2285 0.2285 0.225 0.225 0.2075 0.2075 0.2205 0.2205 0.2205 0.2255 0.2255 0.2145 0.2145 0.2165 0.2165 0.2165 0.2485 0.2485 0.242 0.242 0.203 0.203 0.203 0.201 0.201 0.1875 0.1875 0.161 0.161 0.161 0.149 0.149 0.1575 0.1575 0.2035 0.2035 0.1915 0.1915 0.1915 0.2 0.2 0.2165 0.2165 0.218 0.218 0.218 0.232 0.232 0.2435 0.2435 0.2105 0.2105 0.2105 0.1975 0.1975 0.1965 0.1965 0.172 0.172 0.172 0.135
0.229 0.229 0.2345 0.2345 0.223 0.223 0.2255 0.2255 0.2255 0.2275 0.2275 0.231 0.231 0.22 0.22 0.2185 0.2185 0.2185 0.2175 0.2175 0.2055 0.2055 0.2095 0.2095 0.2095 0.208 0.208 0.2175 0.2175 0.215 0.215 0.215 0.1835 0.1835 0.203 0.203 0.195 0.195 0.195 0.195 0.195 0.1565 0.1565 0.159 0.159 0.159 0.157 0.157 0.16 0.16 0.185 0.185 0.1815 0.1815 0.1815 0.216 0.216 0.248 0.248 0.246 0.246 0.246 0.247 0.247 0.2335 0.2335 0.214 0.214 0.214 0.191 0.191 0.182 0.182 0.172 0.172 0.172 0.134
0.229 0.229 0.2345 0.2345 0.223 0.223 0.2255 0.2255 0.2255 0.2275 0.2275 0.231 0.231 0.22 0.22 0.2185 0.2185 0.2185 0.2175 0.2175 0.2055 0.2055 0.2095 0.2095 0.2095 0.208 0.208 0.2175 0.2175 0.215 0.215 0.215 0.1835 0.1835 0.203 0.203 0.195 0.195 0.195 0.195 0.195 0.1565 0.1565 0.159 0.159 0.159 0.157 0.157 0.16 0.16 0.185 0.185 0.1815 0.1815 0.1815 0.216 0.216 0.248 0.248 0.246 0.246 0.246 0.247 0.247 0.2335 0.2335 0.214 0.214 0.214 0.191 0.191 0.182 0.182 0.172 0.172 0.172 0.134
0.279 0.279 0.238 0.238 0.242 0.242 0.226 0.226 0.226 0.2385 0.2385 0.2245 0.2245 0.231 0.231 0.2405 0.2405 0.2405 0.223 0.223 0.2205 0.2205 0.206 0.206 0.206 0.21 0.21 0.2235 0.2235 0.2225 0.2225 0.2225 0.1945 0.1945 0.191 0.191 0.2005 0.2005 0.2005 0.193 0.193 0.178 0.178 0.193 0.193 0.193 0.1575 0.1575 0.1855 0.1855 0.17 0.17 0.186 0.186 0.186 0.22 0.22 0.2325 0.2325 0.2435 0.2435 0.2435 0.23 0.23 0.231 0.231 0.2395 0.2395 0.2395 0.192 0.192 0.167 0.167 0.1595 0.1595 0.1595 0.133
0.279 0.279 0.238 0.238 0.242 0.242 0.226 0.226 0.226 0.2385 0.2385 0.2245 0.2245 0.231 0.231 0.2405 0.2405 0.2405 0.223 0.223 0.2205 0.2205 0.206 0.206 0.206 0.21 0.21 0.2235 0.2235 0.2225 0.2225 0.2225 0.1945 0.1945 0.191 0.191 0.2005 0.2005 0.2005 0.193 0.193 0.178 0.178 0.193 0.193 0.193 0.1575 0.1575 0.1855 0.1855 0.17 0.17 0.186 0.186 0.186 0.22 0.22 0.2325 0.2325 0.2435 0.2435 0.2435 0.23 0.23 0.231 0.231 0.2395 0.2395 0.2395 0.192 0.192 0.167 0.167 0.1595 0.1595 0.1595 0.133
0.279 0.279 0.238 0.238 0.242 0.242 0.226 0.226 0.226 0.2385 0.2385 0.2245 0.2245 0.231 0.231 0.2405 0.2405 0.2405 0.223 0.223 0.2205 0.2205 0.206 0.206 0.206 0.21 0.21 0.2235 0.2235 0.2225 0.2225 0.2225 0.1945 0.1945 0.191 0.191 0.2005 0.2005 0.2005 0.193 0.193 0.178 0.178 0.193 0.193 0.193 0.1575 0.1575 0.1855 0.1855 0.17 0.17 0.186 0.186 0.186 0.22 0.22 0.2325 0.2325 0.2435 0.2435 0.2435 0.23 0.23 0.231 0.231 0.2395 0.2395 0.2395 0.192 0.192 0.167 0.167 0.1595 0.1595 0.1595 0.133
0.241 0.241 0.224 0.224 0.236 0.236 0.233 0.233 0.233 0.242 0.242 0.219 0.219 0.224 0.224 0.221 0.221 0.221 0.1855 0.1855 0.205 0.205 0.2125 0.2125 0.2125 0.2135 0.2135 0.2235 0.2235 0.227 0.227 0.227 0.2095 0.2095 0.221 0.221 0.2 0.2 0.2 0.1855 0.1855 0.189 0.189 0.1895 0.1895 0.1895 0.1925 0.1925 0.1425 0.1425 0.1455 0.1455 0.153 0.153 0.153 0.143 0.143 0.1995 0.1995 0.232 0.232 0.232 0.2335 0.2335 0.2365 0.2365 0.2395 0.2395 0.2395 0.2155 0.2155 0.204 0.204 0.18 0.18 0.18 0.159
0.241 0.241 0.224 0.224 0.236 0.236 0.233 0.233 0.233 0.242 0.242 0.219 0.219 0.224 0.224 0.221 0.221 0.221 0.1855 0.1855 0.205 0.205 0.2125 0.2125 0.2125 0.2135 0.2135 0.2235 0.2235 0.227 0.227 0.227 0.2095 0.2095 0.221 0.221 0.2 0.2 0.2 0.1855 0.1855 0.189 0.189 0.1895 0.1895 0.1895 0.1925 0.1925 0.1425 0.1425 0.1455 0.1455 0.153 0.153 0.153 0.143 0.143 0.1995 0.1995 0.232 0.232 0.232 0.2335 0.2335 0.2365 0.2365 0.2395 0.2395 0.2395 0.2155 0.2155 0.204 0.204 0.18 0.18 0.18 0.159
0.2735 0.2735 0.2675 0.2675 0.282 0.282 0.2745 0.2745 0.2745 0.2535 0.2535 0.2505 0.2505 0.222 0.222 0.22 0.22 0.22 0.1735 0.1735 0.211 0.211 0.2165 0.2165 0.2165 0.224 0.224 0.231 0.231 0.202 0.202 0.202 0.2165 0.2165 0.217 0.217 0.21 0.21 0.21 0.207 0.207 0.171 0.171 0.1845 0.1845 0.1845 0.177 0.177 0.133 0.133 0.135 0.135 0.138 0.138 0.138 0.1605 0.1605 0.1935 0.1935 0.2285 0.2285 0.2285 0.2365 0.2365 0.2385 0.2385 0.245 0.245 0.245 0.1995 0.1995 0.1935 0.1935 0.1635 0.1635 0.1635 0.1255
0.2735 0.2735 0.2675 0.2675 0.282 0.282 0.2745 0.2745 0.2745 0.2535 0.2535 0.2505 0.2505 0.222 0.222 0.22 0.22 0.22 0.1735 0.1735 0.211 0.211 0.2165 0.2165 0.2165 0.224 0.224 0.231 0.231 0.202 0.202 0.202 0.2165 0.2165 0.217 0.217 0.21 0.21 0.21 0.207 0.207 0.171 0.171 0.1845 0.1845 0.1845 0.177 0.177 0.133 0.133 0.135 0.135 0.138 0.138 0.138 0.1605 0.1605 0.1935 0.1935 0.2285 0.2285 0.2285 0.2365 0.2365 0.2385 0.2385 0.245 0.245 0.245 0.1995 0.1995 0.1935 0.1935 0.1635 0.1635 0.1635 0.1255
0.2385 0.2385 0.2355 0.2355 0.244 0.244 0.2465 0.2465 0.2465 0.2475 0.2475 0.2495 0.2495 0.2485 0.2485 0.2685 0.2685 0.2685 0.28 0.28 0.2515 0.2515 0.2405 0.2405 0.2405 0.21 0.21 0.2405 0.2405 0.222 0.222 0.222 0.2325 0.2325 0.2235 0.2235 0.222 0.222 0.222 0.2165 0.2165 0.1905 0.1905 0.1475 0.1475 0.1475 0.144 0.144 0.143 0.143 0.149 0.149 0.2025 0.2025 0.2025 0.1855 0.1855 0.2045 0.2045 0.2445 0.2445 0.2445 0.2425 0.2425 0.2275 0.2275 0.2335 0.2335 0.2335 0.238 0.238 0.233 0.233 0.1675 0.1675 0.1675 0.149
0.2385 0.2385 0.2355 0.2355 0.244 0.244 0.2465 0.2465 0.2465 0.2475 0.2475 0.2495 0.2495 0.2485 0.2485 0.2685 0.2685 0.2685 0.28 0.28 0.2515 0.2515 0.2405 0.2405 0.2405 0.21 0.21 0.2405 0.2405 0.222 0.222 0.222 0.2325 0.2325 0.2235 0.2235 0.222 0.222 0.222 0.2165 0.2165 0.1905 0.1905 0.1475 0.1475 0.1475 0.144 0.144 0.143 0.143 0.149 0.149 0.2025 0.2025 0.2025 0.1855 0.1855 0.2045 0.2045 0.2445 0.2445 0.2445 0.2425 0.2425 0.2275 0.2275 0.2335 0.2335 0.2335 0.238 0.238 0.233 0.233 0.1675 0.1675 0.1675 0.149
0.2385 0.2385 0.2355 0.2355 0.244 0.244 0.2465 0.2465 0.2465 0.2475 0.2475 0.2495 0.2495 0.2485 0.2485 0.2685 0.2685 0.2685 0.28 0.28 0.2515 0.2515 0.2405 0.2405 0.2405 0.21 0.21 0.2405 0.2405 0.222 0.222 0.222 0.2325 0.2325 0.2235 0.2235 0.222 0.222 0.222 0.2165 0.2165 0.1905 0.1905 0.1475 0.1475 0.1475 0.144 0.144 0.143 0.143 0.149 0.149 0.2025 0.2025 0.2025 0.1855 0.1855 0.2045 0.2045 0.2445 0.2445 0.2445 0.2425 0.2425 0.2275 0.2275 0.2335 0.2335 0.2335 0.238 0.238 0.233 0.233 0.1675 0.1675 0.1675 0.149
0.231 0.231 0.245 0.245 0.2225 0.2225 0.238 0.238 0.238 0.226 0.226 0.2455 0.2455 0.258 0.258 0.236 0.236 0.236 0.282 0.282 0.2795 0.2795 0.277 0.277 0.277 0.23 0.23 0.225 0.225 0.226 0.226 0.226 0.2195 0.2195 0.2005 0.2005 0.201 0.201 0.201 0.21 0.21 0.209 0.209 0.195 0.195 0.195 0.165 0.165 0.1885 0.1885 0.17 0.17 0.193 0.193 0.193 0.2165 0.2165 0.2055 0.2055 0.239 0.239 0.239 0.254 0.254 0.246 0.246 0.237 0.237 0.237 0.2345 0.2345 0.215 0.215 0.1875 0.1875 0.1875 0.15
0.231 0.231 0.245 0.245 0.2225 0.2225 0.238 0.238 0.238 0.226 0.226 0.2455 0.2455 0.258 0.258 0.236 0.236 0.236 0.282 0.282 0.2795 0.2795 0.277 0.277 0.277 0.23 0.23 0.225 0.225 0.226 0.226 0.226 0.2195 0.2195 0.2005 0.2005 0.201 0.201 0.201 0.21 0.21 0.209 0.209 0.195 0.195 0.195 0.165 0.165 0.1885 0.1885 0.17 0.17 0.193 0.193 0.193 0.2165 0.2165 0.2055 0.2055 0.239 0.239 0.239 0.254 0.254 0.246 0.246 0.237 0.237 0.237 0.2345 0.2345 0.215 0.215 0.1875 0.1875 0.1875 0.15
0.2465 0.2465 0.2405 0.2405 0.2315 0.2315 0.252 0.252 0.252 0.233 0.233 0.2605 0.2605 0.2615 0.2615 0.247 0.247 0.247 0.259 0.259 0.2935 0.2935 0.258 0.258 0.258 0.3085 0.3085 0.246 0.246 0.2255 0.2255 0.2255 0.2135 0.2135 0.211 0.211 0.2325 0.2325 0.2325 0.242 0.242 0.222 0.222 0.192 0.192 0.192 0.1715 0.1715 0.1975 0.1975 0.1995 0.1995 0.208 0.208 0.208 0.207 0.207 0.222 0.222 0.2215 0.2215 0.2215 0.2365 0.2365 0.2265 0.2265 0.2295 0.2295 0.2295 0.222 0.222 0.22 0.22 0.1935 0.1935 0.1935 0.1515
