ndvi/NOAA-376.asc
ncols         252
nrows         154
xllcorner     -18.017974
yllcorner     13.481982
cellsize      0.035948
NODATA_value  -9999
[rows 0 to 33 of 154, columns 154 to 230 of 252]
0.1035 0.104 0.104 0.109 0.109 0.109 0.113 0.113 0.116 0.116 0.1135 0.1135 0.115 0.115 0.115 0.118 0.118 0.1185 0.1185 0.118 0.118 0.118 0.1205 0.1205 0.117 0.117 0.1165 0.1165 0.1165 0.1165 0.1165 0.1145 0.1145 0.1145 0.1145 0.1145 0.1175 0.1175 0.114 0.114 0.1155 0.1155 0.1155 0.1165 0.1165 0.114 0.114 0.116 0.116 0.1145 0.1145 0.1145 0.116 0.116 0.1145 0.1145 0.113 0.113 0.113 0.111 0.111 0.1095 0.1095 0.111 0.111 0.111 0.1095 0.1095 0.104 0.104 0.1045 0.1045 0.1045 0.104 0.104 0.0975 0.0975
0.1035 0.104 0.104 0.109 0.109 0.109 0.113 0.113 0.116 0.116 0.1135 0.1135 0.115 0.115 0.115 0.118 0.118 0.1185 0.1185 0.118 0.118 0.118 0.1205 0.1205 0.117 0.117 0.1165 0.1165 0.1165 0.1165 0.1165 0.1145 0.1145 0.1145 0.1145 0.1145 0.1175 0.1175 0.114 0.114 0.1155 0.1155 0.1155 0.1165 0.1165 0.114 0.114 0.116 0.116 0.1145 0.1145 0.1145 0.116 0.116 0.1145 0.1145 0.113 0.113 0.113 0.111 0.111 0.1095 0.1095 0.111 0.111 0.111 0.1095 0.1095 0.104 0.104 0.1045 0.1045 0.1045 0.104 0.104 0.0975 0.0975
0.103 0.109 0.109 0.109 0.109 0.109 0.115 0.115 0.116 0.116 0.119 0.119 0.1175 0.1175 0.1175 0.121 0.121 0.124 0.124 0.1215 0.1215 0.1215 0.1185 0.1185 0.1195 0.1195 0.121 0.121 0.121 0.12 0.12 0.1215 0.1215 0.1215 0.1215 0.1215 0.1235 0.1235 0.1265 0.1265 0.13 0.13 0.13 0.139 0.139 0.1285 0.1285 0.1255 0.1255 0.126 0.126 0.126 0.126 0.126 0.1245 0.1245 0.123 0.123 0.123 0.1245 0.1245 0.118 0.118 0.1105 0.1105 0.1105 0.112 0.112 0.108 0.108 0.108 0.108 0.108 0.106 0.106 0.1015 0.1015
0.103 0.109 0.109 0.109 0.109 0.109 0.115 0.115 0.116 0.116 0.119 0.119 0.1175 0.1175 0.1175 0.121 0.121 0.124 0.124 0.1215 0.1215 0.1215 0.1185 0.1185 0.1195 0.1195 0.121 0.121 0.121 0.12 0.12 0.1215 0.1215 0.1215 0.1215 0.1215 0.1235 0.1235 0.1265 0.1265 0.13 0.13 0.13 0.139 0.139 0.1285 0.1285 0.1255 0.1255 0.126 0.126 0.126 0.126 0.126 0.1245 0.1245 0.123 0.123 0.123 0.1245 0.1245 0.118 0.118 0.1105 0.1105 0.1105 0.112 0.112 0.108 0.108 0.108 0.108 0.108 0.106 0.106 0.1015 0.1015
0.103 0.109 0.109 0.109 0.109 0.109 0.115 0.115 0.116 0.116 0.119 0.119 0.1175 0.1175 0.1175 0.121 0.121 0.124 0.124 0.1215 0.1215 0.1215 0.1185 0.1185 0.1195 0.1195 0.121 0.121 0.121 0.12 0.12 0.1215 0.1215 0.1215 0.1215 0.1215 0.1235 0.1235 0.1265 0.1265 0.13 0.13 0.13 0.139 0.139 0.1285 0.1285 0.1255 0.1255 0.126 0.126 0.126 0.126 0.126 0.1245 0.1245 0.123 0.123 0.123 0.1245 0.1245 0.118 0.118 0.1105 0.1105 0.1105 0.112 0.112 0.108 0.108 0.108 0.108 0.108 0.106 0.106 0.1015 0.1015
0.1135 0.1155 0.1155 0.122 0.122 0.122 0.1215 0.1215 0.128 0.128 0.123 0.123 0.1255 0.1255 0.1255 0.1275 0.1275 0.1245 0.1245 0.125 0.125 0.125 0.1285 0.1285 0.13 0.13 0.1325 0.1325 0.1325 0.1325 0.1325 0.1405 0.1405 0.141 0.141 0.141 0.137 0.137 0.131 0.131 0.1345 0.1345 0.1345 0.1315 0.1315 0.128 0.128 0.1305 0.1305 0.1325 0.1325 0.1325 0.129 0.129 0.1245 0.1245 0.1225 0.1225 0.1225 0.121 0.121 0.117 0.117 0.118 0.118 0.118 0.114 0.114 0.11 0.11 0.1065 0.1065 0.1065 0.1075 0.1075 0.1075 0.1075
0.1135 0.1155 0.1155 0.122 0.122 0.122 0.1215 0.1215 0.128 0.128 0.123 0.123 0.1255 0.1255 0.1255 0.1275 0.1275 0.1245 0.1245 0.125 0.125 0.125 0.1285 0.1285 0.13 0.13 0.1325 0.1325 0.1325 0.1325 0.1325 0.1405 0.1405 0.141 0.141 0.141 0.137 0.137 0.131 0.131 0.1345 0.1345 0.1345 0.1315 0.1315 0.128 0.128 0.1305 0.1305 0.1325 0.1325 0.1325 0.129 0.129 0.1245 0.1245 0.1225 0.1225 0.1225 0.121 0.121 0.117 0.117 0.118 0.118 0.118 0.114 0.114 0.11 0.11 0.1065 0.1065 0.1065 0.1075 0.1075 0.1075 0.1075
0.116 0.12 0.12 0.1235 0.1235 0.1235 0.1325 0.1325 0.1315 0.1315 0.133 0.133 0.1285 0.1285 0.1285 0.1285 0.1285 0.132 0.132 0.13 0.13 0.13 0.129 0.129 0.132 0.132 0.1335 0.1335 0.1335 0.13 0.13 0.132 0.132 0.133 0.133 0.133 0.131 0.131 0.1275 0.1275 0.126 0.126 0.126 0.1295 0.1295 0.128 0.128 0.137 0.137 0.13 0.13 0.13 0.125 0.125 0.1235 0.1235 0.12 0.12 0.12 0.1175 0.1175 0.116 0.116 0.116 0.116 0.116 0.115 0.115 0.113 0.113 0.111 0.111 0.111 0.1105 0.1105 0.112 0.112
0.116 0.12 0.12 0.1235 0.1235 0.1235 0.1325 0.1325 0.1315 0.1315 0.133 0.133 0.1285 0.1285 0.1285 0.1285 0.1285 0.132 0.132 0.13 0.13 0.13 0.129 0.129 0.132 0.132 0.1335 0.1335 0.1335 0.13 0.13 0.132 0.132 0.133 0.133 0.133 0.131 0.131 0.1275 0.1275 0.126 0.126 0.126 0.1295 0.1295 0.128 0.128 0.137 0.137 0.13 0.13 0.13 0.125 0.125 0.1235 0.1235 0.12 0.12 0.12 0.1175 0.1175 0.116 0.116 0.116 0.116 0.116 0.115 0.115 0.113 0.113 0.111 0.111 0.111 0.1105 0.1105 0.112 0.112
0.1225 0.1335 0.1335 0.126 0.126 0.126 0.132 0.132 0.134 0.134 0.13 0.13 0.1345 0.1345 0.1345 0.1345 0.1345 0.139 0.139 0.1345 0.1345 0.1345 0.13 0.13 0.129 0.129 0.1305 0.1305 0.1305 0.128 0.128 0.1295 0.1295 0.1315 0.1315 0.1315 0.128 0.128 0.1235 0.1235 0.12 0.12 0.12 0.123 0.123 0.1235 0.1235 0.1345 0.1345 0.1295 0.1295 0.1295 0.1235 0.1235 0.1215 0.1215 0.1185 0.1185 0.1185 0.1145 0.1145 0.115 0.115 0.117 0.117 0.117 0.1145 0.1145 0.114 0.114 0.1115 0.1115 0.1115 0.1115 0.1115 0.113 0.113
0.1225 0.1335 0.1335 0.126 0.126 0.126 0.132 0.132 0.134 0.134 0.13 0.13 0.1345 0.1345 0.1345 0.1345 0.1345 0.139 0.139 0.1345 0.1345 0.1345 0.13 0.13 0.129 0.129 0.1305 0.1305 0.1305 0.128 0.128 0.1295 0.1295 0.1315 0.1315 0.1315 0.128 0.128 0.1235 0.1235 0.12 0.12 0.12 0.123 0.123 0.1235 0.1235 0.1345 0.1345 0.1295 0.1295 0.1295 0.1235 0.1235 0.1215 0.1215 0.1185 0.1185 0.1185 0.1145 0.1145 0.115 0.115 0.117 0.117 0.117 0.1145 0.1145 0.114 0.114 0.1115 0.1115 0.1115 0.1115 0.1115 0.113 0.113
0.132 0.1325 0.1325 0.1305 0.1305 0.1305 0.1275 0.1275 0.1375 0.1375 0.1305 0.1305 0.1345 0.1345 0.1345 0.1395 0.1395 0.1365 0.1365 0.1335 0.1335 0.1335 0.127 0.127 0.1315 0.1315 0.131 0.131 0.131 0.131 0.131 0.131 0.131 0.128 0.128 0.128 0.129 0.129 0.1225 0.1225 0.1215 0.1215 0.1215 0.12 0.12 0.121 0.121 0.14 0.14 0.1275 0.1275 0.1275 0.126 0.126 0.1235 0.1235 0.12 0.12 0.12 0.1165 0.1165 0.1155 0.1155 0.1075 0.1075 0.1075 0.1045 0.1045 0.0985 0.0985 0.1035 0.1035 0.1035 0.103 0.103 0.109 0.109
0.132 0.1325 0.1325 0.1305 0.1305 0.1305 0.1275 0.1275 0.1375 0.1375 0.1305 0.1305 0.1345 0.1345 0.1345 0.1395 0.1395 0.1365 0.1365 0.1335 0.1335 0.1335 0.127 0.127 0.1315 0.1315 0.131 0.131 0.131 0.131 0.131 0.131 0.131 0.128 0.128 0.128 0.129 0.129 0.1225 0.1225 0.1215 0.1215 0.1215 0.12 0.12 0.121 0.121 0.14 0.14 0.1275 0.1275 0.1275 0.126 0.126 0.1235 0.1235 0.12 0.12 0.12 0.1165 0.1165 0.1155 0.1155 0.1075 0.1075 0.1075 0.1045 0.1045 0.0985 0.0985 0.1035 0.1035 0.1035 0.103 0.103 0.109 0.109
0.132 0.1325 0.1325 0.1305 0.1305 0.1305 0.1275 0.1275 0.1375 0.1375 0.1305 0.1305 0.1345 0.1345 0.1345 0.1395 0.1395 0.1365 0.1365 0.1335 0.1335 0.1335 0.127 0.127 0.1315 0.1315 0.131 0.131 0.131 0.131 0.131 0.131 0.131 0.128 0.128 0.128 0.129 0.129 0.1225 0.1225 0.1215 0.1215 0.1215 0.12 0.12 0.121 0.121 0.14 0.14 0.1275 0.1275 0.1275 0.126 0.126 0.1235 0.1235 0.12 0.12 0.12 0.1165 0.1165 0.1155 0.1155 0.1075 0.1075 0.1075 0.1045 0.1045 0.0985 0.0985 0.1035 0.1035 0.1035 0.103 0.103 0.109 0.109
0.1345 0.1355 0.1355 0.129 0.129 0.129 0.135 0.135 0.1425 0.1425 0.136 0.136 0.1355 0.1355 0.1355 0.142 0.142 0.1355 0.1355 0.137 0.137 0.137 0.1245 0.1245 0.1235 0.1235 0.1285 0.1285 0.1285 0.1295 0.1295 0.129 0.129 0.123 0.123 0.123 0.126 0.126 0.1245 0.1245 0.117 0.117 0.117 0.1235 0.1235 0.1215 0.1215 0.1295 0.1295 0.117 0.117 0.117 0.1125 0.1125 0.1235 0.1235 0.1195 0.1195 0.1195 0.112 0.112 0.104 0.104 0.1 0.1 0.1 0.097 0.097 0.095 0.095 0.0985 0.0985 0.0985 0.098 0.098 0.1095 0.1095
0.1345 0.1355 0.1355 0.129 0.129 0.129 0.135 0.135 0.1425 0.1425 0.136 0.136 0.1355 0.1355 0.1355 0.142 0.142 0.1355 0.1355 0.137 0.137 0.137 0.1245 0.1245 0.1235 0.1235 0.1285 0.1285 0.1285 0.1295 0.1295 0.129 0.129 0.123 0.123 0.123 0.126 0.126 0.1245 0.1245 0.117 0.117 0.117 0.1235 0.1235 0.1215 0.1215 0.1295 0.1295 0.117 0.117 0.117 0.1125 0.1125 0.1235 0.1235 0.1195 0.1195 0.1195 0.112 0.112 0.104 0.104 0.1 0.1 0.1 0.097 0.097 0.095 0.095 0.0985 0.0985 0.0985 0.098 0.098 0.1095 0.1095
0.131 0.131 0.131 0.131 0.131 0.131 0.1375 0.1375 0.1385 0.1385 0.142 0.142 0.133 0.133 0.133 0.144 0.144 0.137 0.137 0.1315 0.1315 0.1315 0.126 0.126 0.125 0.125 0.1295 0.1295 0.1295 0.121 0.121 0.122 0.122 0.119 0.119 0.119 0.1255 0.1255 0.119 0.119 0.118 0.118 0.118 0.113 0.113 0.1005 0.1005 0.0795 0.0795 0.094 0.094 0.094 0.101 0.101 0.104 0.104 0.1055 0.1055 0.1055 0.107 0.107 0.1035 0.1035 0.0965 0.0965 0.0965 0.0965 0.0965 0.0975 0.0975 0.1 0.1 0.1 0.101 0.101 0.1095 0.1095
0.131 0.131 0.131 0.131 0.131 0.131 0.1375 0.1375 0.1385 0.1385 0.142 0.142 0.133 0.133 0.133 0.144 0.144 0.137 0.137 0.1315 0.1315 0.1315 0.126 0.126 0.125 0.125 0.1295 0.1295 0.1295 0.121 0.121 0.122 0.122 0.119 0.119 0.119 0.1255 0.1255 0.119 0.119 0.118 0.118 0.118 0.113 0.113 0.1005 0.1005 0.0795 0.0795 0.094 0.094 0.094 0.101 0.101 0.104 0.104 0.1055 0.1055 0.1055 0.107 0.107 0.1035 0.1035 0.0965 0.0965 0.0965 0.0965 0.0965 0.0975 0.0975 0.1 0.1 0.1 0.101 0.101 0.1095 0.1095
0.1365 0.1505 0.1505 0.173 0.173 0.173 0.129 0.129 0.1195 0.1195 0.123 0.123 0.1305 0.1305 0.1305 0.122 0.122 0.126 0.126 0.1245 0.1245 0.1245 0.1185 0.1185 0.117 0.117 0.111 0.111 0.111 0.108 0.108 0.1065 0.1065 0.1095 0.1095 0.1095 0.108 0.108 0.1155 0.1155 0.1215 0.1215 0.1215 0.117 0.117 0.1185 0.1185 0.109 0.109 0.1085 0.1085 0.1085 0.1045 0.1045 0.1025 0.1025 0.102 0.102 0.102 0.102 0.102 0.1015 0.1015 0.0985 0.0985 0.0985 0.0955 0.0955 0.099 0.099 0.1025 0.1025 0.1025 0.104 0.104 0.107 0.107
0.1365 0.1505 0.1505 0.173 0.173 0.173 0.129 0.129 0.1195 0.1195 0.123 0.123 0.1305 0.1305 0.1305 0.122 0.122 0.126 0.126 0.1245 0.1245 0.1245 0.1185 0.1185 0.117 0.117 0.111 0.111 0.111 0.108 0.108 0.1065 0.1065 0.1095 0.1095 0.1095 0.108 0.108 0.1155 0.1155 0.1215 0.1215 0.1215 0.117 0.117 0.1185 0.1185 0.109 0.109 0.1085 0.1085 0.1085 0.1045 0.1045 0.1025 0.1025 0.102 0.102 0.102 0.102 0.102 0.1015 0.1015 0.0985 0.0985 0.0985 0.0955 0.0955 0.099 0.099 0.1025 0.1025 0.1025 0.104 0.104 0.107 0.107
0.1365 0.1505 0.1505 0.173 0.173 0.173 0.129 0.129 0.1195 0.1195 0.123 0.123 0.1305 0.1305 0.1305 0.122 0.122 0.126 0.126 0.1245 0.1245 0.1245 0.1185 0.1185 0.117 0.117 0.111 0.111 0.111 0.108 0.108 0.1065 0.1065 0.1095 0.1095 0.1095 0.108 0.108 0.1155 0.1155 0.1215 0.1215 0.1215 0.117 0.117 0.1185 0.1185 0.109 0.109 0.1085 0.1085 0.1085 0.1045 0.1045 0.1025 0.1025 0.102 0.102 0.102 0.102 0.102 0.1015 0.1015 0.0985 0.0985 0.0985 0.0955 0.0955 0.099 0.099 0.1025 0.1025 0.1025 0.104 0.104 0.107 0.107
0.1395 0.1415 0.1415 0.16 0.16 0.16 0.1325 0.1325 0.126 0.126 0.1235 0.1235 0.12 0.12 0.12 0.138 0.138 0.134 0.134 0.131 0.131 0.131 0.1265 0.1265 0.123 0.123 0.116 0.116 0.116 0.1155 0.1155 0.1075 0.1075 0.1205 0.1205 0.1205 0.131 0.131 0.1315 0.1315 0.1205 0.1205 0.1205 0.1195 0.1195 0.1195 0.1195 0.1155 0.1155 0.114 0.114 0.114 0.1055 0.1055 0.1065 0.1065 0.105 0.105 0.105 0.105 0.105 0.1085 0.1085 0.102 0.102 0.102 0.1015 0.1015 0.103 0.103 0.1045 0.1045 0.1045 0.1055 0.1055 0.103 0.103
0.1395 0.1415 0.1415 0.16 0.16 0.16 0.1325 0.1325 0.126 0.126 0.1235 0.1235 0.12 0.12 0.12 0.138 0.138 0.134 0.134 0.131 0.131 0.131 0.1265 0.1265 0.123 0.123 0.116 0.116 0.116 0.1155 0.1155 0.1075 0.1075 0.1205 0.1205 0.1205 0.131 0.131 0.1315 0.1315 0.1205 0.1205 0.1205 0.1195 0.1195 0.1195 0.1195 0.1155 0.1155 0.114 0.114 0.114 0.1055 0.1055 0.1065 0.1065 0.105 0.105 0.105 0.105 0.105 0.1085 0.1085 0.102 0.102 0.102 0.1015 0.1015 0.103 0.103 0.1045 0.1045 0.1045 0.1055 0.1055 0.103 0.103
0.1295 0.147 0.147 0.1555 0.1555 0.1555 0.1485 0.1485 0.1325 0.1325 0.131 0.131 0.1355 0.1355 0.1355 0.127 0.127 0.1365 0.1365 0.154 0.154 0.154 0.1495 0.1495 0.1455 0.1455 0.142 0.142 0.142 0.132 0.132 0.1375 0.1375 0.146 0.146 0.146 0.143 0.143 0.1305 0.1305 0.1245 0.1245 0.1245 0.119 0.119 0.114 0.114 0.1215 0.1215 0.111 0.111 0.111 0.108 0.108 0.109 0.109 0.1065 0.1065 0.1065 0.1115 0.1115 0.111 0.111 0.1095 0.1095 0.1095 0.1055 0.1055 0.1045 0.1045 0.105 0.105 0.105 0.104 0.104 0.0995 0.0995
0.1295 0.147 0.147 0.1555 0.1555 0.1555 0.1485 0.1485 0.1325 0.1325 0.131 0.131 0.1355 0.1355 0.1355 0.127 0.127 0.1365 0.1365 0.154 0.154 0.154 0.1495 0.1495 0.1455 0.1455 0.142 0.142 0.142 0.132 0.132 0.1375 0.1375 0.146 0.146 0.146 0.143 0.143 0.1305 0.1305 0.1245 0.1245 0.1245 0.119 0.119 0.114 0.114 0.1215 0.1215 0.111 0.111 0.111 0.108 0.108 0.109 0.109 0.1065 0.1065 0.1065 0.1115 0.1115 0.111 0.111 0.1095 0.1095 0.1095 0.1055 0.1055 0.1045 0.1045 0.105 0.105 0.105 0.104 0.104 0.0995 0.0995
0.138 0.1355 0.1355 0.1555 0.1555 0.1555 0.186 0.186 0.166 0.166 0.137 0.137 0.135 0.135 0.135 0.1345 0.1345 0.134 0.134 0.1345 0.1345 0.1345 0.141 0.141 0.139 0.139 0.14 0.14 0.14 0.1405 0.1405 0.144 0.144 0.145 0.145 0.145 0.143 0.143 0.1255 0.1255 0.126 0.126 0.126 0.121 0.121 0.123 0.123 0.119 0.119 0.1205 0.1205 0.1205 0.116 0.116 0.108 0.108 0.1085 0.1085 0.1085 0.111 0.111 0.109 0.109 0.113 0.113 0.113 0.107 0.107 0.105 0.105 0.1055 0.1055 0.1055 0.106 0.106 0.112 0.112
0.138 0.1355 0.1355 0.1555 0.1555 0.1555 0.186 0.186 0.166 0.166 0.137 0.137 0.135 0.135 0.135 0.1345 0.1345 0.134 0.134 0.1345 0.1345 0.1345 0.141 0.141 0.139 0.139 0.14 0.14 0.14 0.1405 0.1405 0.144 0.144 0.145 0.145 0.145 0.143 0.143 0.1255 0.1255 0.126 0.126 0.126 0.121 0.121 0.123 0.123 0.119 0.119 0.1205 0.1205 0.1205 0.116 0.116 0.108 0.108 0.1085 0.1085 0.1085 0.111 0.111 0.109 0.109 0.113 0.113 0.113 0.107 0.107 0.105 0.105 0.1055 0.1055 0.1055 0.106 0.106 0.112 0.112
0.138 0.1355 0.1355 0.1555 0.1555 0.1555 0.186 0.186 0.166 0.166 0.137 0.137 0.135 0.135 0.135 0.1345 0.1345 0.134 0.134 0.1345 0.1345 0.1345 0.141 0.141 0.139 0.139 0.14 0.14 0.14 0.1405 0.1405 0.144 0.144 0.145 0.145 0.145 0.143 0.143 0.1255 0.1255 0.126 0.126 0.126 0.121 0.121 0.123 0.123 0.119 0.119 0.1205 0.1205 0.1205 0.116 0.116 0.108 0.108 0.1085 0.1085 0.1085 0.111 0.111 0.109 0.109 0.113 0.113 0.113 0.107 0.107 0.105 0.105 0.1055 0.1055 0.1055 0.106 0.106 0.112 0.112
0.127 0.128 0.128 0.1755 0.1755 0.1755 0.158 0.158 0.165 0.165 0.1385 0.1385 0.136 0.136 0.136 0.1285 0.1285 0.137 0.137 0.1365 0.1365 0.1365 0.1355 0.1355 0.134 0.134 0.143 0.143 0.143 0.151 0.151 0.1435 0.1435 0.1365 0.1365 0.1365 0.135 0.135 0.131 0.131 0.1275 0.1275 0.1275 0.1255 0.1255 0.1295 0.1295 0.131 0.131 0.128 0.128 0.128 0.1225 0.1225 0.1165 0.1165 0.1115 0.1115 0.1115 0.1105 0.1105 0.122 0.122 0.122 0.122 0.122 0.1215 0.1215 0.123 0.123 0.124 0.124 0.124 0.1235 0.1235 0.114 0.114
0.127 0.128 0.128 0.1755 0.1755 0.1755 0.158 0.158 0.165 0.165 0.1385 0.1385 0.136 0.136 0.136 0.1285 0.1285 0.137 0.137 0.1365 0.1365 0.1365 0.1355 0.1355 0.134 0.134 0.143 0.143 0.143 0.151 0.151 0.1435 0.1435 0.1365 0.1365 0.1365 0.135 0.135 0.131 0.131 0.1275 0.1275 0.1275 0.1255 0.1255 0.1295 0.1295 0.131 0.131 0.128 0.128 0.128 0.1225 0.1225 0.1165 0.1165 0.1115 0.1115 0.1115 0.1105 0.1105 0.122 0.122 0.122 0.122 0.122 0.1215 0.1215 0.123 0.123 0.124 0.124 0.124 0.1235 0.1235 0.114 0.114
0.132 0.133 0.133 0.1275 0.1275 0.1275 0.1475 0.1475 0.157 0.157 0.1315 0.1315 0.128 0.128 0.128 0.129 0.129 0.128 0.128 0.138 0.138 0.138 0.1335 0.1335 0.144 0.144 0.1425 0.1425 0.1425 0.1525 0.1525 0.1365 0.1365 0.1365 0.1365 0.1365 0.129 0.129 0.134 0.134 0.129 0.129 0.129 0.132 0.132 0.131 0.131 0.128 0.128 0.129 0.129 0.129 0.132 0.132 0.1305 0.1305 0.129 0.129 0.129 0.126 0.126 0.131 0.131 0.133 0.133 0.133 0.133 0.133 0.1315 0.1315 0.1275 0.1275 0.1275 0.122 0.122 0.1185 0.1185
0.132 0.133 0.133 0.1275 0.1275 0.1275 0.1475 0.1475 0.157 0.157 0.1315 0.1315 0.128 0.128 0.128 0.129 0.129 0.128 0.128 0.138 0.138 0.138 0.1335 0.1335 0.144 0.144 0.1425 0.1425 0.1425 0.1525 0.1525 0.1365 0.1365 0.1365 0.1365 0.1365 0.129 0.129 0.134 0.134 0.129 0.129 0.129 0.132 0.132 0.131 0.131 0.128 0.128 0.129 0.129 0.129 0.132 0.132 0.1305 0.1305 0.129 0.129 0.129 0.126 0.126 0.131 0.131 0.133 0.133 0.133 0.133 0.133 0.1315 0.1315 0.1275 0.1275 0.1275 0.122 0.122 0.1185 0.1185
0.1355 0.133 0.133 0.1535 0.1535 0.1535 0.1295 0.1295 0.1335 0.1335 0.13 0.13 0.121 0.121 0.121 0.138 0.138 0.1165 0.1165 0.118 0.118 0.118 0.118 0.118 0.1485 0.1485 0.147 0.147 0.147 0.151 0.151 0.147 0.147 0.1295 0.1295 0.1295 0.131 0.131 0.123 0.123 0.1225 0.1225 0.1225 0.124 0.124 0.1255 0.1255 0.128 0.128 0.1275 0.1275 0.1275 0.139 0.139 0.1445 0.1445 0.1445 0.1445 0.1445 0.139 0.139 0.139 0.139 0.137 0.137 0.137 0.139 0.139 0.1395 0.1395 0.1345 0.1345 0.1345 0.132 0.132 0.1235 0.1235
0.1355 0.133 0.133 0.1535 0.1535 0.1535 0.1295 0.1295 0.1335 0.1335 0.13 0.13 0.121 0.121 0.121 0.138 0.138 0.1165 0.1165 0.118 0.118 0.118 0.118 0.118 0.1485 0.1485 0.147 0.147 0.147 0.151 0.151 0.147 0.147 0.1295 0.1295 0.1295 0.131 0.131 0.123 0.123 0.1225 0.1225 0.1225 0.124 0.124 0.1255 0.1255 0.128 0.128 0.1275 0.1275 0.1275 0.139 0.139 0.1445 0.1445 0.1445 0.1445 0.1445 0.139 0.139 0.139 0.139 0.137 0.137 0.137 0.139 0.139 0.1395 0.1395 0.1345 0.1345 0.1345 0.132 0.132 0.1235 0.1235
