ndvi/NOAA-338.asc
ncols         252
nrows         154
xllcorner     -18.017974
yllcorner     13.481982
cellsize      0.035948
NODATA_value  -9999
[rows 35 to 69 of 154, columns 77 to 153 of 252]
0.1425 0.1425 0.1445 0.1445 0.1455 0.1455 0.151 0.151 0.151 0.154 0.154 0.1505 0.1505 0.1545 0.1545 0.1695 0.1695 0.1695 0.1655 0.1655 0.168 0.168 0.1705 0.1705 0.1705 0.1695 0.1695 0.1675 0.1675 0.165 0.165 0.165 0.165 0.165 0.1645 0.1645 0.1645 0.1645 0.1645 0.162 0.162 0.172 0.172 0.1865 0.1865 0.1865 0.176 0.176 0.1705 0.1705 0.173 0.173 0.176 0.176 0.176 0.1755 0.1755 0.1685 0.1685 0.1735 0.1735 0.1735 0.18 0.18 0.1835 0.1835 0.178 0.178 0.178 0.174 0.174 0.152 0.152 0.137 0.137 0.137 0.1505
0.1425 0.1425 0.1445 0.1445 0.1455 0.1455 0.151 0.151 0.151 0.154 0.154 0.1505 0.1505 0.1545 0.1545 0.1695 0.1695 0.1695 0.1655 0.1655 0.168 0.168 0.1705 0.1705 0.1705 0.1695 0.1695 0.1675 0.1675 0.165 0.165 0.165 0.165 0.165 0.1645 0.1645 0.1645 0.1645 0.1645 0.162 0.162 0.172 0.172 0.1865 0.1865 0.1865 0.176 0.176 0.1705 0.1705 0.173 0.173 0.176 0.176 0.176 0.1755 0.1755 0.1685 0.1685 0.1735 0.1735 0.1735 0.18 0.18 0.1835 0.1835 0.178 0.178 0.178 0.174 0.174 0.152 0.152 0.137 0.137 0.137 0.1505
0.166 0.166 0.158 0.158 0.1615 0.1615 0.153 0.153 0.153 0.148 0.148 0.1525 0.1525 0.164 0.164 0.16 0.16 0.16 0.1595 0.1595 0.1675 0.1675 0.163 0.163 0.163 0.1695 0.1695 0.1825 0.1825 0.181 0.181 0.181 0.175 0.175 0.1705 0.1705 0.17 0.17 0.17 0.1705 0.1705 0.181 0.181 0.195 0.195 0.195 0.1845 0.1845 0.1935 0.1935 0.1915 0.1915 0.1935 0.1935 0.1935 0.1885 0.1885 0.207 0.207 0.1905 0.1905 0.1905 0.178 0.178 0.182 0.182 0.182 0.182 0.182 0.1935 0.1935 0.1325 0.1325 0.1375 0.1375 0.1375 0.141
0.166 0.166 0.158 0.158 0.1615 0.1615 0.153 0.153 0.153 0.148 0.148 0.1525 0.1525 0.164 0.164 0.16 0.16 0.16 0.1595 0.1595 0.1675 0.1675 0.163 0.163 0.163 0.1695 0.1695 0.1825 0.1825 0.181 0.181 0.181 0.175 0.175 0.1705 0.1705 0.17 0.17 0.17 0.1705 0.1705 0.181 0.181 0.195 0.195 0.195 0.1845 0.1845 0.1935 0.1935 0.1915 0.1915 0.1935 0.1935 0.1935 0.1885 0.1885 0.207 0.207 0.1905 0.1905 0.1905 0.178 0.178 0.182 0.182 0.182 0.182 0.182 0.1935 0.1935 0.1325 0.1325 0.1375 0.1375 0.1375 0.141
0.169 0.169 0.158 0.158 0.1555 0.1555 0.153 0.153 0.153 0.159 0.159 0.1585 0.1585 0.1615 0.1615 0.1565 0.1565 0.1565 0.1695 0.1695 0.1715 0.1715 0.1755 0.1755 0.1755 0.169 0.169 0.179 0.179 0.1965 0.1965 0.1965 0.1945 0.1945 0.183 0.183 0.185 0.185 0.185 0.177 0.177 0.1855 0.1855 0.216 0.216 0.216 0.208 0.208 0.205 0.205 0.2055 0.2055 0.301 0.301 0.301 0.2515 0.2515 0.228 0.228 0.204 0.204 0.204 0.1755 0.1755 0.187 0.187 0.1675 0.1675 0.1675 0.169 0.169 0.1225 0.1225 0.136 0.136 0.136 0.1325
0.169 0.169 0.158 0.158 0.1555 0.1555 0.153 0.153 0.153 0.159 0.159 0.1585 0.1585 0.1615 0.1615 0.1565 0.1565 0.1565 0.1695 0.1695 0.1715 0.1715 0.1755 0.1755 0.1755 0.169 0.169 0.179 0.179 0.1965 0.1965 0.1965 0.1945 0.1945 0.183 0.183 0.185 0.185 0.185 0.177 0.177 0.1855 0.1855 0.216 0.216 0.216 0.208 0.208 0.205 0.205 0.2055 0.2055 0.301 0.301 0.301 0.2515 0.2515 0.228 0.228 0.204 0.204 0.204 0.1755 0.1755 0.187 0.187 0.1675 0.1675 0.1675 0.169 0.169 0.1225 0.1225 0.136 0.136 0.136 0.1325
0.167 0.167 0.161 0.161 0.16 0.16 0.1635 0.1635 0.1635 0.162 0.162 0.1665 0.1665 0.172 0.172 0.171 0.171 0.171 0.1755 0.1755 0.177 0.177 0.1765 0.1765 0.1765 0.169 0.169 0.1735 0.1735 0.1835 0.1835 0.1835 0.181 0.181 0.184 0.184 0.1965 0.1965 0.1965 0.199 0.199 0.2095 0.2095 0.214 0.214 0.214 0.2055 0.2055 0.2 0.2 0.193 0.193 0.283 0.283 0.283 0.201 0.201 0.206 0.206 0.208 0.208 0.208 0.1745 0.1745 0.174 0.174 0.1495 0.1495 0.1495 0.152 0.152 0.1395 0.1395 0.1375 0.1375 0.1375 0.137
0.167 0.167 0.161 0.161 0.16 0.16 0.1635 0.1635 0.1635 0.162 0.162 0.1665 0.1665 0.172 0.172 0.171 0.171 0.171 0.1755 0.1755 0.177 0.177 0.1765 0.1765 0.1765 0.169 0.169 0.1735 0.1735 0.1835 0.1835 0.1835 0.181 0.181 0.184 0.184 0.1965 0.1965 0.1965 0.199 0.199 0.2095 0.2095 0.214 0.214 0.214 0.2055 0.2055 0.2 0.2 0.193 0.193 0.283 0.283 0.283 0.201 0.201 0.206 0.206 0.208 0.208 0.208 0.1745 0.1745 0.174 0.174 0.1495 0.1495 0.1495 0.152 0.152 0.1395 0.1395 0.1375 0.1375 0.1375 0.137
0.167 0.167 0.161 0.161 0.16 0.16 0.1635 0.1635 0.1635 0.162 0.162 0.1665 0.1665 0.172 0.172 0.171 0.171 0.171 0.1755 0.1755 0.177 0.177 0.1765 0.1765 0.1765 0.169 0.169 0.1735 0.1735 0.1835 0.1835 0.1835 0.181 0.181 0.184 0.184 0.1965 0.1965 0.1965 0.199 0.199 0.2095 0.2095 0.214 0.214 0.214 0.2055 0.2055 0.2 0.2 0.193 0.193 0.283 0.283 0.283 0.201 0.201 0.206 0.206 0.208 0.208 0.208 0.1745 0.1745 0.174 0.174 0.1495 0.1495 0.1495 0.152 0.152 0.1395 0.1395 0.1375 0.1375 0.1375 0.137
0.176 0.176 0.174 0.174 0.1725 0.1725 0.1745 0.1745 0.1745 0.1715 0.1715 0.172 0.172 0.1775 0.1775 0.1805 0.1805 0.1805 0.189 0.189 0.1635 0.1635 0.1655 0.1655 0.1655 0.179 0.179 0.1925 0.1925 0.1795 0.1795 0.1795 0.1935 0.1935 0.2035 0.2035 0.213 0.213 0.213 0.214 0.214 0.1845 0.1845 0.1865 0.1865 0.1865 0.2095 0.2095 0.2045 0.2045 0.188 0.188 0.199 0.199 0.199 0.205 0.205 0.1965 0.1965 0.184 0.184 0.184 0.182 0.182 0.1615 0.1615 0.1605 0.1605 0.1605 0.144 0.144 0.1405 0.1405 0.135 0.135 0.135 0.1325
0.176 0.176 0.174 0.174 0.1725 0.1725 0.1745 0.1745 0.1745 0.1715 0.1715 0.172 0.172 0.1775 0.1775 0.1805 0.1805 0.1805 0.189 0.189 0.1635 0.1635 0.1655 0.1655 0.1655 0.179 0.179 0.1925 0.1925 0.1795 0.1795 0.1795 0.1935 0.1935 0.2035 0.2035 0.213 0.213 0.213 0.214 0.214 0.1845 0.1845 0.1865 0.1865 0.1865 0.2095 0.2095 0.2045 0.2045 0.188 0.188 0.199 0.199 0.199 0.205 0.205 0.1965 0.1965 0.184 0.184 0.184 0.182 0.182 0.1615 0.1615 0.1605 0.1605 0.1605 0.144 0.144 0.1405 0.1405 0.135 0.135 0.135 0.1325
0.1755 0.1755 0.1845 0.1845 0.178 0.178 0.184 0.184 0.184 0.17 0.17 0.1695 0.1695 0.176 0.176 0.174 0.174 0.174 0.173 0.173 0.17 0.17 0.169 0.169 0.169 0.1855 0.1855 0.188 0.188 0.1915 0.1915 0.1915 0.2205 0.2205 0.2415 0.2415 0.2055 0.2055 0.2055 0.17 0.17 0.179 0.179 0.1855 0.1855 0.1855 0.1915 0.1915 0.2085 0.2085 0.207 0.207 0.19 0.19 0.19 0.1975 0.1975 0.1955 0.1955 0.186 0.186 0.186 0.175 0.175 0.1565 0.1565 0.218 0.218 0.218 0.16 0.16 0.16 0.16 0.137 0.137 0.137 0.123
0.1755 0.1755 0.1845 0.1845 0.178 0.178 0.184 0.184 0.184 0.17 0.17 0.1695 0.1695 0.176 0.176 0.174 0.174 0.174 0.173 0.173 0.17 0.17 0.169 0.169 0.169 0.1855 0.1855 0.188 0.188 0.1915 0.1915 0.1915 0.2205 0.2205 0.2415 0.2415 0.2055 0.2055 0.2055 0.17 0.17 0.179 0.179 0.1855 0.1855 0.1855 0.1915 0.1915 0.2085 0.2085 0.207 0.207 0.19 0.19 0.19 0.1975 0.1975 0.1955 0.1955 0.186 0.186 0.186 0.175 0.175 0.1565 0.1565 0.218 0.218 0.218 0.16 0.16 0.16 0.16 0.137 0.137 0.137 0.123
0.199 0.199 0.187 0.187 0.196 0.196 0.1865 0.1865 0.1865 0.189 0.189 0.1605 0.1605 0.187 0.187 0.202 0.202 0.202 0.207 0.207 0.204 0.204 0.192 0.192 0.192 0.1975 0.1975 0.2075 0.2075 0.2385 0.2385 0.2385 0.295 0.295 0.2525 0.2525 0.179 0.179 0.179 0.18 0.18 0.1735 0.1735 0.162 0.162 0.162 0.183 0.183 0.212 0.212 0.206 0.206 0.1945 0.1945 0.1945 0.187 0.187 0.1855 0.1855 0.1965 0.1965 0.1965 0.185 0.185 0.182 0.182 0.1665 0.1665 0.1665 0.1895 0.1895 0.1615 0.1615 0.1335 0.1335 0.1335 0.1225
0.199 0.199 0.187 0.187 0.196 0.196 0.1865 0.1865 0.1865 0.189 0.189 0.1605 0.1605 0.187 0.187 0.202 0.202 0.202 0.207 0.207 0.204 0.204 0.192 0.192 0.192 0.1975 0.1975 0.2075 0.2075 0.2385 0.2385 0.2385 0.295 0.295 0.2525 0.2525 0.179 0.179 0.179 0.18 0.18 0.1735 0.1735 0.162 0.162 0.162 0.183 0.183 0.212 0.212 0.206 0.206 0.1945 0.1945 0.1945 0.187 0.187 0.1855 0.1855 0.1965 0.1965 0.1965 0.185 0.185 0.182 0.182 0.1665 0.1665 0.1665 0.1895 0.1895 0.1615 0.1615 0.1335 0.1335 0.1335 0.1225
0.199 0.199 0.187 0.187 0.196 0.196 0.1865 0.1865 0.1865 0.189 0.189 0.1605 0.1605 0.187 0.187 0.202 0.202 0.202 0.207 0.207 0.204 0.204 0.192 0.192 0.192 0.1975 0.1975 0.2075 0.2075 0.2385 0.2385 0.2385 0.295 0.295 0.2525 0.2525 0.179 0.179 0.179 0.18 0.18 0.1735 0.1735 0.162 0.162 0.162 0.183 0.183 0.212 0.212 0.206 0.206 0.1945 0.1945 0.1945 0.187 0.187 0.1855 0.1855 0.1965 0.1965 0.1965 0.185 0.185 0.182 0.182 0.1665 0.1665 0.1665 0.1895 0.1895 0.1615 0.1615 0.1335 0.1335 0.1335 0.1225
0.1735 0.1735 0.1895 0.1895 0.198 0.198 0.205 0.205 0.205 0.2015 0.2015 0.201 0.201 0.224 0.224 0.214 0.214 0.214 0.22 0.22 0.2195 0.2195 0.226 0.226 0.226 0.2145 0.2145 0.224 0.224 0.249 0.249 0.249 0.217 0.217 0.2355 0.2355 0.2075 0.2075 0.2075 0.167 0.167 0.183 0.183 0.154 0.154 0.154 0.17 0.17 0.166 0.166 0.1885 0.1885 0.1895 0.1895 0.1895 0.197 0.197 0.1825 0.1825 0.1815 0.1815 0.1815 0.1935 0.1935 0.2035 0.2035 0.2445 0.2445 0.2445 0.2055 0.2055 0.199 0.199 0.177 0.177 0.177 0.124
0.1735 0.1735 0.1895 0.1895 0.198 0.198 0.205 0.205 0.205 0.2015 0.2015 0.201 0.201 0.224 0.224 0.214 0.214 0.214 0.22 0.22 0.2195 0.2195 0.226 0.226 0.226 0.2145 0.2145 0.224 0.224 0.249 0.249 0.249 0.217 0.217 0.2355 0.2355 0.2075 0.2075 0.2075 0.167 0.167 0.183 0.183 0.154 0.154 0.154 0.17 0.17 0.166 0.166 0.1885 0.1885 0.1895 0.1895 0.1895 0.197 0.197 0.1825 0.1825 0.1815 0.1815 0.1815 0.1935 0.1935 0.2035 0.2035 0.2445 0.2445 0.2445 0.2055 0.2055 0.199 0.199 0.177 0.177 0.177 0.124
0.2065 0.2065 0.211 0.211 0.211 0.211 0.1945 0.1945 0.1945 0.216 0.216 0.21 0.21 0.21 0.21 0.209 0.209 0.209 0.2145 0.2145 0.225 0.225 0.219 0.219 0.219 0.208 0.208 0.201 0.201 0.1995 0.1995 0.1995 0.199 0.199 0.2245 0.2245 0.244 0.244 0.244 0.2075 0.2075 0.1595 0.1595 0.148 0.148 0.148 0.166 0.166 0.147 0.147 0.18 0.18 0.1815 0.1815 0.1815 0.2015 0.2015 0.232 0.232 0.24 0.24 0.24 0.2285 0.2285 0.2205 0.2205 0.185 0.185 0.185 0.199 0.199 0.196 0.196 0.182 0.182 0.182 0.123
0.2065 0.2065 0.211 0.211 0.211 0.211 0.1945 0.1945 0.1945 0.216 0.216 0.21 0.21 0.21 0.21 0.209 0.209 0.209 0.2145 0.2145 0.225 0.225 0.219 0.219 0.219 0.208 0.208 0.201 0.201 0.1995 0.1995 0.1995 0.199 0.199 0.2245 0.2245 0.244 0.244 0.244 0.2075 0.2075 0.1595 0.1595 0.148 0.148 0.148 0.166 0.166 0.147 0.147 0.18 0.18 0.1815 0.1815 0.1815 0.2015 0.2015 0.232 0.232 0.24 0.24 0.24 0.2285 0.2285 0.2205 0.2205 0.185 0.185 0.185 0.199 0.199 0.196 0.196 0.182 0.182 0.182 0.123
0.246 0.246 0.234 0.234 0.2165 0.2165 0.218 0.218 0.218 0.219 0.219 0.226 0.226 0.207 0.207 0.208 0.208 0.208 0.2135 0.2135 0.2305 0.2305 0.2055 0.2055 0.2055 0.211 0.211 0.2095 0.2095 0.209 0.209 0.209 0.1945 0.1945 0.1925 0.1925 0.221 0.221 0.221 0.2105 0.2105 0.137 0.137 0.1525 0.1525 0.1525 0.143 0.143 0.176 0.176 0.1955 0.1955 0.2095 0.2095 0.2095 0.2235 0.2235 0.2105 0.2105 0.236 0.236 0.236 0.206 0.206 0.238 0.238 0.2075 0.2075 0.2075 0.1715 0.1715 0.1755 0.1755 0.16 0.16 0.16 0.1115
0.246 0.246 0.234 0.234 0.2165 0.2165 0.218 0.218 0.218 0.219 0.219 0.226 0.226 0.207 0.207 0.208 0.208 0.208 0.2135 0.2135 0.2305 0.2305 0.2055 0.2055 0.2055 0.211 0.211 0.2095 0.2095 0.209 0.209 0.209 0.1945 0.1945 0.1925 0.1925 0.221 0.221 0.221 0.2105 0.2105 0.137 0.137 0.1525 0.1525 0.1525 0.143 0.143 0.176 0.176 0.1955 0.1955 0.2095 0.2095 0.2095 0.2235 0.2235 0.2105 0.2105 0.236 0.236 0.236 0.206 0.206 0.238 0.238 0.2075 0.2075 0.2075 0.1715 0.1715 0.1755 0.1755 0.16 0.16 0.16 0.1115
0.2425 0.2425 0.247 0.247 0.24 0.24 0.22 0.22 0.22 0.23 0.23 0.201 0.201 0.2115 0.2115 0.216 0.216 0.216 0.227 0.227 0.221 0.221 0.219 0.219 0.219 0.2185 0.2185 0.2135 0.2135 0.204 0.204 0.204 0.2 0.2 0.2005 0.2005 0.1795 0.1795 0.1795 0.1785 0.1785 0.163 0.163 0.1715 0.1715 0.1715 0.1495 0.1495 0.161 0.161 0.168 0.168 0.195 0.195 0.195 0.2175 0.2175 0.2065 0.2065 0.2195 0.2195 0.2195 0.2225 0.2225 0.236 0.236 0.205 0.205 0.205 0.1855 0.1855 0.169 0.169 0.152 0.152 0.152 0.126
0.2425 0.2425 0.247 0.247 0.24 0.24 0.22 0.22 0.22 0.23 0.23 0.201 0.201 0.2115 0.2115 0.216 0.216 0.216 0.227 0.227 0.221 0.221 0.219 0.219 0.219 0.2185 0.2185 0.2135 0.2135 0.204 0.204 0.204 0.2 0.2 0.2005 0.2005 0.1795 0.1795 0.1795 0.1785 0.1785 0.163 0.163 0.1715 0.1715 0.1715 0.1495 0.1495 0.161 0.161 0.168 0.168 0.195 0.195 0.195 0.2175 0.2175 0.2065 0.2065 0.2195 0.2195 0.2195 0.2225 0.2225 0.236 0.236 0.205 0.205 0.205 0.1855 0.1855 0.169 0.169 0.152 0.152 0.152 0.126
0.2425 0.2425 0.247 0.247 0.24 0.24 0.22 0.22 0.22 0.23 0.23 0.201 0.201 0.2115 0.2115 0.216 0.216 0.216 0.227 0.227 0.221 0.221 0.219 0.219 0.219 0.2185 0.2185 0.2135 0.2135 0.204 0.204 0.204 0.2 0.2 0.2005 0.2005 0.1795 0.1795 0.1795 0.1785 0.1785 0.163 0.163 0.1715 0.1715 0.1715 0.1495 0.1495 0.161 0.161 0.168 0.168 0.195 0.195 0.195 0.2175 0.2175 0.2065 0.2065 0.2195 0.2195 0.2195 0.2225 0.2225 0.236 0.236 0.205 0.205 0.205 0.1855 0.1855 0.169 0.169 0.152 0.152 0.152 0.126
0.2505 0.2505 0.2415 0.2415 0.2555 0.2555 0.237 0.237 0.237 0.2405 0.2405 0.2085 0.2085 0.226 0.226 0.249 0.249 0.249 0.199 0.199 0.224 0.224 0.2305 0.2305 0.2305 0.224 0.224 0.2245 0.2245 0.2265 0.2265 0.2265 0.234 0.234 0.2345 0.2345 0.1995 0.1995 0.1995 0.175 0.175 0.1575 0.1575 0.1825 0.1825 0.1825 0.181 0.181 0.1195 0.1195 0.117 0.117 0.1285 0.1285 0.1285 0.1405 0.1405 0.2 0.2 0.2295 0.2295 0.2295 0.2375 0.2375 0.236 0.236 0.2305 0.2305 0.2305 0.2175 0.2175 0.21 0.21 0.153 0.153 0.153 0.1105
0.2505 0.2505 0.2415 0.2415 0.2555 0.2555 0.237 0.237 0.237 0.2405 0.2405 0.2085 0.2085 0.226 0.226 0.249 0.249 0.249 0.199 0.199 0.224 0.224 0.2305 0.2305 0.2305 0.224 0.224 0.2245 0.2245 0.2265 0.2265 0.2265 0.234 0.234 0.2345 0.2345 0.1995 0.1995 0.1995 0.175 0.175 0.1575 0.1575 0.1825 0.1825 0.1825 0.181 0.181 0.1195 0.1195 0.117 0.117 0.1285 0.1285 0.1285 0.1405 0.1405 0.2 0.2 0.2295 0.2295 0.2295 0.2375 0.2375 0.236 0.236 0.2305 0.2305 0.2305 0.2175 0.2175 0.21 0.21 0.153 0.153 0.153 0.1105
0.298 0.298 0.3155 0.3155 0.282 0.282 0.268 0.268 0.268 0.361 0.361 0.3245 0.3245 0.2355 0.2355 0.229 0.229 0.229 0.2085 0.2085 0.246 0.246 0.2145 0.2145 0.2145 0.2385 0.2385 0.2345 0.2345 0.229 0.229 0.229 0.233 0.233 0.217 0.217 0.2095 0.2095 0.2095 0.1765 0.1765 0.1575 0.1575 0.156 0.156 0.156 0.178 0.178 0.142 0.142 0.143 0.143 0.148 0.148 0.148 0.165 0.165 0.1955 0.1955 0.2195 0.2195 0.2195 0.232 0.232 0.2255 0.2255 0.207 0.207 0.207 0.179 0.179 0.192 0.192 0.164 0.164 0.164 0.1295
0.298 0.298 0.3155 0.3155 0.282 0.282 0.268 0.268 0.268 0.361 0.361 0.3245 0.3245 0.2355 0.2355 0.229 0.229 0.229 0.2085 0.2085 0.246 0.246 0.2145 0.2145 0.2145 0.2385 0.2385 0.2345 0.2345 0.229 0.229 0.229 0.233 0.233 0.217 0.217 0.2095 0.2095 0.2095 0.1765 0.1765 0.1575 0.1575 0.156 0.156 0.156 0.178 0.178 0.142 0.142 0.143 0.143 0.148 0.148 0.148 0.165 0.165 0.1955 0.1955 0.2195 0.2195 0.2195 0.232 0.232 0.2255 0.2255 0.207 0.207 0.207 0.179 0.179 0.192 0.192 0.164 0.164 0.164 0.1295
0.2975 0.2975 0.3415 0.3415 0.2685 0.2685 0.301 0.301 0.301 0.281 0.281 0.23 0.23 0.3025 0.3025 0.256 0.256 0.256 0.275 0.275 0.276 0.276 0.2625 0.2625 0.2625 0.238 0.238 0.2265 0.2265 0.2035 0.2035 0.2035 0.1955 0.1955 0.191 0.191 0.1975 0.1975 0.1975 0.2035 0.2035 0.1905 0.1905 0.1555 0.1555 0.1555 0.1525 0.1525 0.124 0.124 0.13 0.13 0.1775 0.1775 0.1775 0.187 0.187 0.19 0.19 0.2355 0.2355 0.2355 0.21 0.21 0.22 0.22 0.1935 0.1935 0.1935 0.23 0.23 0.209 0.209 0.1765 0.1765 0.1765 0.1535
0.2975 0.2975 0.3415 0.3415 0.2685 0.2685 0.301 0.301 0.301 0.281 0.281 0.23 0.23 0.3025 0.3025 0.256 0.256 0.256 0.275 0.275 0.276 0.276 0.2625 0.2625 0.2625 0.238 0.238 0.2265 0.2265 0.2035 0.2035 0.2035 0.1955 0.1955 0.191 0.191 0.1975 0.1975 0.1975 0.2035 0.2035 0.1905 0.1905 0.1555 0.1555 0.1555 0.1525 0.1525 0.124 0.124 0.13 0.13 0.1775 0.1775 0.1775 0.187 0.187 0.19 0.19 0.2355 0.2355 0.2355 0.21 0.21 0.22 0.22 0.1935 0.1935 0.1935 0.23 0.23 0.209 0.209 0.1765 0.1765 0.1765 0.1535
0.2975 0.2975 0.3415 0.3415 0.2685 0.2685 0.301 0.301 0.301 0.281 0.281 0.23 0.23 0.3025 0.3025 0.256 0.256 0.256 0.275 0.275 0.276 0.276 0.2625 0.2625 0.2625 0.238 0.238 0.2265 0.2265 0.2035 0.2035 0.2035 0.1955 0.1955 0.191 0.191 0.1975 0.1975 0.1975 0.2035 0.2035 0.1905 0.1905 0.1555 0.1555 0.1555 0.1525 0.1525 0.124 0.124 0.13 0.13 0.1775 0.1775 0.1775 0.187 0.187 0.19 0.19 0.2355 0.2355 0.2355 0.21 0.21 0.22 0.22 0.1935 0.1935 0.1935 0.23 0.23 0.209 0.209 0.1765 0.1765 0.1765 0.1535
0.2425 0.2425 0.3115 0.3115 0.273 0.273 0.253 0.253 0.253 0.2645 0.2645 0.2415 0.2415 0.2755 0.2755 0.2745 0.2745 0.2745 0.275 0.275 0.2715 0.2715 0.278 0.278 0.278 0.288 0.288 0.2515 0.2515 0.2055 0.2055 0.2055 0.1895 0.1895 0.1975 0.1975 0.203 0.203 0.203 0.204 0.204 0.1915 0.1915 0.176 0.176 0.176 0.145 0.145 0.162 0.162 0.1825 0.1825 0.1805 0.1805 0.1805 0.186 0.186 0.1935 0.1935 0.2215 0.2215 0.2215 0.213 0.213 0.239 0.239 0.236 0.236 0.236 0.233 0.233 0.194 0.194 0.1615 0.1615 0.1615 0.147
0.2425 0.2425 0.3115 0.3115 0.273 0.273 0.253 0.253 0.253 0.2645 0.2645 0.2415 0.2415 0.2755 0.2755 0.2745 0.2745 0.2745 0.275 0.275 0.2715 0.2715 0.278 0.278 0.278 0.288 0.288 0.2515 0.2515 0.2055 0.2055 0.2055 0.1895 0.1895 0.1975 0.1975 0.203 0.203 0.203 0.204 0.204 0.1915 0.1915 0.176 0.176 0.176 0.145 0.145 0.162 0.162 0.1825 0.1825 0.1805 0.1805 0.1805 0.186 0.186 0.1935 0.1935 0.2215 0.2215 0.2215 0.213 0.213 0.239 0.239 0.236 0.236 0.236 0.233 0.233 0.194 0.194 0.1615 0.1615 0.1615 0.147
0.2225 0.2225 0.2305 0.2305 0.213 0.213 0.227 0.227 0.227 0.212 0.212 0.2315 0.2315 0.229 0.229 0.2195 0.2195 0.2195 0.223 0.223 0.218 0.218 0.262 0.262 0.262 0.3185 0.3185 0.2785 0.2785 0.2445 0.2445 0.2445 0.211 0.211 0.2035 0.2035 0.2005 0.2005 0.2005 0.2235 0.2235 0.198 0.198 0.2 0.2 0.2 0.2025 0.2025 0.1745 0.1745 0.191 0.191 0.199 0.199 0.199 0.2055 0.2055 0.206 0.206 0.203 0.203 0.203 0.2425 0.2425 0.226 0.226 0.215 0.215 0.215 0.2 0.2 0.214 0.214 0.187 0.187 0.187 0.145
