ndvi/NOAA-210.asc
ncols         252
nrows         154
xllcorner     -18.017974
yllcorner     13.481982
cellsize      0.035948
NODATA_value  -9999
[rows 105 to 139 of 154, columns 0 to 76 of 252]
-1 -1 -1 -1 -1 -1 -1 -1 -1 -1 -1 -1 -1 -1 -1 -1 -1 -1 -1 -1 -1 -1 -1 0.0086 0.0086 0.181 0.181 0.181 0.261 0.261 0.225 0.225 0.2255 0.2255 0.2255 0.2395 0.2395 0.2595 0.2595 0.2505 0.2505 0.2505 0.256 0.256 0.2475 0.2475 0.247 0.247 0.247 0.2445 0.2445 0.258 0.258 0.253 0.253 0.248 0.248 0.248 0.27 0.27 0.274 0.274 0.274 0.274 0.274 0.257 0.257 0.257 0.257 0.266 0.266 0.266 0.2655 0.2655 0.252 0.252 0.237
-1 -1 -1 -1 -1 -1 -1 -1 -1 -1 -1 -1 -1 -1 -1 -1 -1 -1 -1 -1 -1 0.0392 0.0392 0.1415 0.1415 0.234 0.234 0.234 0.2225 0.2225 0.2165 0.2165 0.221 0.221 0.221 0.2605 0.2605 0.255 0.255 0.25 0.25 0.25 0.2455 0.2455 0.2485 0.2485 0.2435 0.2435 0.2435 0.2595 0.2595 0.2625 0.2625 0.2515 0.2515 0.2775 0.2775 0.2775 0.2765 0.2765 0.2715 0.2715 0.2715 0.2715 0.2715 0.2635 0.2635 0.2775 0.2775 0.2695 0.2695 0.2695 0.272 0.272 0.264 0.264 0.2285
-1 -1 -1 -1 -1 -1 -1 -1 -1 -1 -1 -1 -1 -1 -1 -1 -1 -1 -1 -1 -1 0.0392 0.0392 0.1415 0.1415 0.234 0.234 0.234 0.2225 0.2225 0.2165 0.2165 0.221 0.221 0.221 0.2605 0.2605 0.255 0.255 0.25 0.25 0.25 0.2455 0.2455 0.2485 0.2485 0.2435 0.2435 0.2435 0.2595 0.2595 0.2625 0.2625 0.2515 0.2515 0.2775 0.2775 0.2775 0.2765 0.2765 0.2715 0.2715 0.2715 0.2715 0.2715 0.2635 0.2635 0.2775 0.2775 0.2695 0.2695 0.2695 0.272 0.272 0.264 0.264 0.2285
-1 -1 -1 -1 -1 -1 -1 -1 -1 -1 -1 -1 -1 -1 -1 -1 -1 -1 -1 -1 -1 0.1035 0.1035 0.246 0.246 0.25 0.25 0.25 0.2275 0.2275 0.228 0.228 0.236 0.236 0.236 0.2585 0.2585 0.2545 0.2545 0.258 0.258 0.258 0.2735 0.2735 0.2445 0.2445 0.246 0.246 0.246 0.2535 0.2535 0.2655 0.2655 0.27 0.27 0.267 0.267 0.267 0.267 0.267 0.2805 0.2805 0.2805 0.2805 0.2805 0.259 0.259 0.268 0.268 0.2755 0.2755 0.2755 0.2675 0.2675 0.2705 0.2705 0.247
-1 -1 -1 -1 -1 -1 -1 -1 -1 -1 -1 -1 -1 -1 -1 -1 -1 -1 -1 -1 -1 0.1035 0.1035 0.246 0.246 0.25 0.25 0.25 0.2275 0.2275 0.228 0.228 0.236 0.236 0.236 0.2585 0.2585 0.2545 0.2545 0.258 0.258 0.258 0.2735 0.2735 0.2445 0.2445 0.246 0.246 0.246 0.2535 0.2535 0.2655 0.2655 0.27 0.27 0.267 0.267 0.267 0.267 0.267 0.2805 0.2805 0.2805 0.2805 0.2805 0.259 0.259 0.268 0.268 0.2755 0.2755 0.2755 0.2675 0.2675 0.2705 0.2705 0.247
-1 -1 -1 -1 -1 -1 -1 -1 -1 -1 -1 -1 -1 -1 -1 -1 -1 -1 0.1305 0.1305 0.1305 0.2645 0.2645 0.2465 0.2465 0.251 0.251 0.251 0.249 0.249 0.2405 0.2405 0.247 0.247 0.247 0.257 0.257 0.249 0.249 0.2535 0.2535 0.2535 0.2735 0.2735 0.257 0.257 0.2535 0.2535 0.2535 0.2735 0.2735 0.2715 0.2715 0.2645 0.2645 0.254 0.254 0.254 0.247 0.247 0.2585 0.2585 0.2585 0.2585 0.2585 0.253 0.253 0.2575 0.2575 0.282 0.282 0.282 0.2715 0.2715 0.2665 0.2665 0.242
-1 -1 -1 -1 -1 -1 -1 -1 -1 -1 -1 -1 -1 -1 -1 -1 -1 -1 0.1305 0.1305 0.1305 0.2645 0.2645 0.2465 0.2465 0.251 0.251 0.251 0.249 0.249 0.2405 0.2405 0.247 0.247 0.247 0.257 0.257 0.249 0.249 0.2535 0.2535 0.2535 0.2735 0.2735 0.257 0.257 0.2535 0.2535 0.2535 0.2735 0.2735 0.2715 0.2715 0.2645 0.2645 0.254 0.254 0.254 0.247 0.247 0.2585 0.2585 0.2585 0.2585 0.2585 0.253 0.253 0.2575 0.2575 0.282 0.282 0.282 0.2715 0.2715 0.2665 0.2665 0.242
-1 -1 -1 -1 -1 -1 -1 -1 -1 -1 -1 -1 -1 -1 -1 -1 -1 -1 0.1305 0.1305 0.1305 0.2645 0.2645 0.2465 0.2465 0.251 0.251 0.251 0.249 0.249 0.2405 0.2405 0.247 0.247 0.247 0.257 0.257 0.249 0.249 0.2535 0.2535 0.2535 0.2735 0.2735 0.257 0.257 0.2535 0.2535 0.2535 0.2735 0.2735 0.2715 0.2715 0.2645 0.2645 0.254 0.254 0.254 0.247 0.247 0.2585 0.2585 0.2585 0.2585 0.2585 0.253 0.253 0.2575 0.2575 0.282 0.282 0.282 0.2715 0.2715 0.2665 0.2665 0.242
-1 -1 -1 -1 -1 -1 -1 -1 -1 -1 -1 -1 -1 -1 -1 -1 0.1247 0.1247 0.324 0.324 0.324 0.263 0.263 0.253 0.253 0.24 0.24 0.24 0.245 0.245 0.255 0.255 0.2585 0.2585 0.2585 0.2525 0.2525 0.2315 0.2315 0.247 0.247 0.247 0.27 0.27 0.2435 0.2435 0.2605 0.2605 0.2605 0.2675 0.2675 0.261 0.261 0.2485 0.2485 0.252 0.252 0.252 0.269 0.269 0.2585 0.2585 0.2585 0.2585 0.2585 0.259 0.259 0.252 0.252 0.2575 0.2575 0.2575 0.269 0.269 0.2525 0.2525 0.2585
-1 -1 -1 -1 -1 -1 -1 -1 -1 -1 -1 -1 -1 -1 -1 -1 0.1247 0.1247 0.324 0.324 0.324 0.263 0.263 0.253 0.253 0.24 0.24 0.24 0.245 0.245 0.255 0.255 0.2585 0.2585 0.2585 0.2525 0.2525 0.2315 0.2315 0.247 0.247 0.247 0.27 0.27 0.2435 0.2435 0.2605 0.2605 0.2605 0.2675 0.2675 0.261 0.261 0.2485 0.2485 0.252 0.252 0.252 0.269 0.269 0.2585 0.2585 0.2585 0.2585 0.2585 0.259 0.259 0.252 0.252 0.2575 0.2575 0.2575 0.269 0.269 0.2525 0.2525 0.2585
-1 -1 -1 -1 -1 -1 -1 -1 -1 -1 -1 -1 0.1242 0.1242 0.1575 0.1575 0.1105 0.1105 0.279 0.279 0.279 0.268 0.268 0.263 0.263 0.2735 0.2735 0.2735 0.26 0.26 0.2615 0.2615 0.2595 0.2595 0.2595 0.245 0.245 0.2505 0.2505 0.254 0.254 0.254 0.2435 0.2435 0.25 0.25 0.2285 0.2285 0.2285 0.2415 0.2415 0.24 0.24 0.2305 0.2305 0.2325 0.2325 0.2325 0.26 0.26 0.2595 0.2595 0.2595 0.2595 0.2595 0.255 0.255 0.258 0.258 0.265 0.265 0.265 0.2625 0.2625 0.259 0.259 0.262
-1 -1 -1 -1 -1 -1 -1 -1 -1 -1 -1 -1 0.1242 0.1242 0.1575 0.1575 0.1105 0.1105 0.279 0.279 0.279 0.268 0.268 0.263 0.263 0.2735 0.2735 0.2735 0.26 0.26 0.2615 0.2615 0.2595 0.2595 0.2595 0.245 0.245 0.2505 0.2505 0.254 0.254 0.254 0.2435 0.2435 0.25 0.25 0.2285 0.2285 0.2285 0.2415 0.2415 0.24 0.24 0.2305 0.2305 0.2325 0.2325 0.2325 0.26 0.26 0.2595 0.2595 0.2595 0.2595 0.2595 0.255 0.255 0.258 0.258 0.265 0.265 0.265 0.2625 0.2625 0.259 0.259 0.262
-1 -1 -1 -1 -1 -1 -1 -1 -1 0.1011 0.1011 0.1011 0.0835 0.0835 0.1417 0.1417 0.1082 0.1082 0.056 0.056 0.056 0.279 0.279 0.261 0.261 0.2605 0.2605 0.2605 0.2605 0.2605 0.2535 0.2535 0.2475 0.2475 0.2475 0.2415 0.2415 0.2385 0.2385 0.2535 0.2535 0.2535 0.2575 0.2575 0.245 0.245 0.233 0.233 0.233 0.2535 0.2535 0.236 0.236 0.2345 0.2345 0.231 0.231 0.231 0.2435 0.2435 0.2395 0.2395 0.2395 0.2395 0.2395 0.257 0.257 0.2315 0.2315 0.241 0.241 0.241 0.2615 0.2615 0.2545 0.2545 0.2395
-1 -1 -1 -1 -1 -1 -1 -1 -1 0.1011 0.1011 0.1011 0.0835 0.0835 0.1417 0.1417 0.1082 0.1082 0.056 0.056 0.056 0.279 0.279 0.261 0.261 0.2605 0.2605 0.2605 0.2605 0.2605 0.2535 0.2535 0.2475 0.2475 0.2475 0.2415 0.2415 0.2385 0.2385 0.2535 0.2535 0.2535 0.2575 0.2575 0.245 0.245 0.233 0.233 0.233 0.2535 0.2535 0.236 0.236 0.2345 0.2345 0.231 0.231 0.231 0.2435 0.2435 0.2395 0.2395 0.2395 0.2395 0.2395 0.257 0.257 0.2315 0.2315 0.241 0.241 0.241 0.2615 0.2615 0.2545 0.2545 0.2395
-1 -1 -1 -1 -1 -1 -1 -1 -1 0.1011 0.1011 0.1011 0.0835 0.0835 0.1417 0.1417 0.1082 0.1082 0.056 0.056 0.056 0.279 0.279 0.261 0.261 0.2605 0.2605 0.2605 0.2605 0.2605 0.2535 0.2535 0.2475 0.2475 0.2475 0.2415 0.2415 0.2385 0.2385 0.2535 0.2535 0.2535 0.2575 0.2575 0.245 0.245 0.233 0.233 0.233 0.2535 0.2535 0.236 0.236 0.2345 0.2345 0.231 0.231 0.231 0.2435 0.2435 0.2395 0.2395 0.2395 0.2395 0.2395 0.257 0.257 0.2315 0.2315 0.241 0.241 0.241 0.2615 0.2615 0.2545 0.2545 0.2395
-1 -1 -1 -1 -1 -1 -1 -1 -1 -1 -1 -1 0.0902 0.0902 0.0927 0.0927 0.1722 0.1722 0.1177 0.1177 0.1177 0.1815 0.1815 0.27 0.27 0.2695 0.2695 0.2695 0.254 0.254 0.255 0.255 0.2505 0.2505 0.2505 0.241 0.241 0.2395 0.2395 0.247 0.247 0.247 0.2485 0.2485 0.245 0.245 0.2385 0.2385 0.2385 0.2485 0.2485 0.242 0.242 0.238 0.238 0.234 0.234 0.234 0.244 0.244 0.231 0.231 0.231 0.231 0.231 0.218 0.218 0.234 0.234 0.239 0.239 0.239 0.24 0.24 0.236 0.236 0.22
-1 -1 -1 -1 -1 -1 -1 -1 -1 -1 -1 -1 0.0902 0.0902 0.0927 0.0927 0.1722 0.1722 0.1177 0.1177 0.1177 0.1815 0.1815 0.27 0.27 0.2695 0.2695 0.2695 0.254 0.254 0.255 0.255 0.2505 0.2505 0.2505 0.241 0.241 0.2395 0.2395 0.247 0.247 0.247 0.2485 0.2485 0.245 0.245 0.2385 0.2385 0.2385 0.2485 0.2485 0.242 0.242 0.238 0.238 0.234 0.234 0.234 0.244 0.244 0.231 0.231 0.231 0.231 0.231 0.218 0.218 0.234 0.234 0.239 0.239 0.239 0.24 0.24 0.236 0.236 0.22
-1 -1 -1 -1 -1 -1 -1 -1 -1 -1 -1 -1 -1 -1 -1 -1 -1 -1 0.08769999 0.08769999 0.08769999 0.1095 0.1095 0.233 0.233 0.2505 0.2505 0.2505 0.2615 0.2615 0.236 0.236 0.2465 0.2465 0.2465 0.243 0.243 0.2505 0.2505 0.254 0.254 0.254 0.2555 0.2555 0.2475 0.2475 0.2405 0.2405 0.2405 0.2275 0.2275 0.2405 0.2405 0.224 0.224 0.2435 0.2435 0.2435 0.242 0.242 0.2165 0.2165 0.2165 0.2165 0.2165 0.2195 0.2195 0.2195 0.2195 0.2195 0.2195 0.2195 0.2155 0.2155 0.219 0.219 0.1925
-1 -1 -1 -1 -1 -1 -1 -1 -1 -1 -1 -1 -1 -1 -1 -1 -1 -1 0.08769999 0.08769999 0.08769999 0.1095 0.1095 0.233 0.233 0.2505 0.2505 0.2505 0.2615 0.2615 0.236 0.236 0.2465 0.2465 0.2465 0.243 0.243 0.2505 0.2505 0.254 0.254 0.254 0.2555 0.2555 0.2475 0.2475 0.2405 0.2405 0.2405 0.2275 0.2275 0.2405 0.2405 0.224 0.224 0.2435 0.2435 0.2435 0.242 0.242 0.2165 0.2165 0.2165 0.2165 0.2165 0.2195 0.2195 0.2195 0.2195 0.2195 0.2195 0.2195 0.2155 0.2155 0.219 0.219 0.1925
-1 -1 -1 -1 -1 -1 -1 -1 -1 -1 -1 -1 -1 -1 -1 -1 -1 -1 -1 -1 -1 0.1446 0.1446 0.1155 0.1155 0.244 0.244 0.244 0.2665 0.2665 0.2765 0.2765 0.257 0.257 0.257 0.2495 0.2495 0.251 0.251 0.246 0.246 0.246 0.252 0.252 0.2505 0.2505 0.247 0.247 0.247 0.239 0.239 0.241 0.241 0.2485 0.2485 0.2515 0.2515 0.2515 0.2585 0.2585 0.2565 0.2565 0.2565 0.2565 0.2565 0.2195 0.2195 0.2235 0.2235 0.2315 0.2315 0.2315 0.2655 0.2655 0.2665 0.2665 0.219
-1 -1 -1 -1 -1 -1 -1 -1 -1 -1 -1 -1 -1 -1 -1 -1 -1 -1 -1 -1 -1 0.1446 0.1446 0.1155 0.1155 0.244 0.244 0.244 0.2665 0.2665 0.2765 0.2765 0.257 0.257 0.257 0.2495 0.2495 0.251 0.251 0.246 0.246 0.246 0.252 0.252 0.2505 0.2505 0.247 0.247 0.247 0.239 0.239 0.241 0.241 0.2485 0.2485 0.2515 0.2515 0.2515 0.2585 0.2585 0.2565 0.2565 0.2565 0.2565 0.2565 0.2195 0.2195 0.2235 0.2235 0.2315 0.2315 0.2315 0.2655 0.2655 0.2665 0.2665 0.219
-1 -1 -1 -1 -1 -1 -1 -1 -1 -1 -1 -1 -1 -1 -1 -1 -1 -1 -1 -1 -1 0.1627 0.1627 0.084 0.084 0.168 0.168 0.168 0.285 0.285 0.3145 0.3145 0.294 0.294 0.294 0.2735 0.2735 0.2315 0.2315 0.2025 0.2025 0.2025 0.2415 0.2415 0.2315 0.2315 0.253 0.253 0.253 0.23 0.23 0.2405 0.2405 0.247 0.247 0.2385 0.2385 0.2385 0.2485 0.2485 0.247 0.247 0.247 0.247 0.247 0.2385 0.2385 0.2465 0.2465 0.2495 0.2495 0.2495 0.2335 0.2335 0.2355 0.2355 0.256
-1 -1 -1 -1 -1 -1 -1 -1 -1 -1 -1 -1 -1 -1 -1 -1 -1 -1 -1 -1 -1 0.1627 0.1627 0.084 0.084 0.168 0.168 0.168 0.285 0.285 0.3145 0.3145 0.294 0.294 0.294 0.2735 0.2735 0.2315 0.2315 0.2025 0.2025 0.2025 0.2415 0.2415 0.2315 0.2315 0.253 0.253 0.253 0.23 0.23 0.2405 0.2405 0.247 0.247 0.2385 0.2385 0.2385 0.2485 0.2485 0.247 0.247 0.247 0.247 0.247 0.2385 0.2385 0.2465 0.2465 0.2495 0.2495 0.2495 0.2335 0.2335 0.2355 0.2355 0.256
-1 -1 -1 -1 -1 -1 -1 -1 -1 -1 -1 -1 -1 -1 -1 -1 -1 -1 -1 -1 -1 0.1627 0.1627 0.084 0.084 0.168 0.168 0.168 0.285 0.285 0.3145 0.3145 0.294 0.294 0.294 0.2735 0.2735 0.2315 0.2315 0.2025 0.2025 0.2025 0.2415 0.2415 0.2315 0.2315 0.253 0.253 0.253 0.23 0.23 0.2405 0.2405 0.247 0.247 0.2385 0.2385 0.2385 0.2485 0.2485 0.247 0.247 0.247 0.247 0.247 0.2385 0.2385 0.2465 0.2465 0.2495 0.2495 0.2495 0.2335 0.2335 0.2355 0.2355 0.256
-1 -1 -1 -1 -1 -1 -1 -1 -1 -1 -1 -1 -1 -1 -1 -1 -1 -1 -1 -1 -1 -1 -1 0.1587 0.1587 0.0625 0.0625 0.0625 0.2255 0.2255 0.3195 0.3195 0.279 0.279 0.279 0.228 0.228 0.164 0.164 0.152 0.152 0.152 0.222 0.222 0.239 0.239 0.224 0.224 0.224 0.2255 0.2255 0.243 0.243 0.253 0.253 0.263 0.263 0.263 0.2455 0.2455 0.2625 0.2625 0.2625 0.2625 0.2625 0.2435 0.2435 0.245 0.245 0.251 0.251 0.251 0.2535 0.2535 0.257 0.257 0.2525
-1 -1 -1 -1 -1 -1 -1 -1 -1 -1 -1 -1 -1 -1 -1 -1 -1 -1 -1 -1 -1 -1 -1 0.1587 0.1587 0.0625 0.0625 0.0625 0.2255 0.2255 0.3195 0.3195 0.279 0.279 0.279 0.228 0.228 0.164 0.164 0.152 0.152 0.152 0.222 0.222 0.239 0.239 0.224 0.224 0.224 0.2255 0.2255 0.243 0.243 0.253 0.253 0.263 0.263 0.263 0.2455 0.2455 0.2625 0.2625 0.2625 0.2625 0.2625 0.2435 0.2435 0.245 0.245 0.251 0.251 0.251 0.2535 0.2535 0.257 0.257 0.2525
-1 -1 -1 -1 -1 -1 -1 -1 -1 -1 -1 -1 -1 -1 -1 -1 -1 -1 -1 -1 -1 -1 -1 -1 -1 0.0385 0.0385 0.0385 0.117 0.117 0.2045 0.2045 0.2015 0.2015 0.2015 0.1685 0.1685 0.154 0.154 0.1505 0.1505 0.1505 0.2645 0.2645 0.2355 0.2355 0.23 0.23 0.23 0.2205 0.2205 0.25 0.25 0.2605 0.2605 0.2585 0.2585 0.2585 0.263 0.263 0.263 0.263 0.263 0.263 0.263 0.234 0.234 0.2395 0.2395 0.2375 0.2375 0.2375 0.245 0.245 0.2415 0.2415 0.243
-1 -1 -1 -1 -1 -1 -1 -1 -1 -1 -1 -1 -1 -1 -1 -1 -1 -1 -1 -1 -1 -1 -1 -1 -1 0.0385 0.0385 0.0385 0.117 0.117 0.2045 0.2045 0.2015 0.2015 0.2015 0.1685 0.1685 0.154 0.154 0.1505 0.1505 0.1505 0.2645 0.2645 0.2355 0.2355 0.23 0.23 0.23 0.2205 0.2205 0.25 0.25 0.2605 0.2605 0.2585 0.2585 0.2585 0.263 0.263 0.263 0.263 0.263 0.263 0.263 0.234 0.234 0.2395 0.2395 0.2375 0.2375 0.2375 0.245 0.245 0.2415 0.2415 0.243
-1 -1 -1 -1 -1 -1 -1 -1 -1 -1 -1 -1 -1 -1 -1 -1 -1 -1 -1 -1 -1 -1 -1 -1 -1 0.0772 0.0772 0.0772 0.138 0.138 0.1875 0.1875 0.1875 0.1875 0.1875 0.213 0.213 0.198 0.198 0.2725 0.2725 0.2725 0.298 0.298 0.336 0.336 0.3 0.3 0.3 0.238 0.238 0.221 0.221 0.2455 0.2455 0.248 0.248 0.248 0.2635 0.2635 0.257 0.257 0.257 0.257 0.257 0.243 0.243 0.2345 0.2345 0.2435 0.2435 0.2435 0.2425 0.2425 0.255 0.255 0.244
-1 -1 -1 -1 -1 -1 -1 -1 -1 -1 -1 -1 -1 -1 -1 -1 -1 -1 -1 -1 -1 -1 -1 -1 -1 0.0772 0.0772 0.0772 0.138 0.138 0.1875 0.1875 0.1875 0.1875 0.1875 0.213 0.213 0.198 0.198 0.2725 0.2725 0.2725 0.298 0.298 0.336 0.336 0.3 0.3 0.3 0.238 0.238 0.221 0.221 0.2455 0.2455 0.248 0.248 0.248 0.2635 0.2635 0.257 0.257 0.257 0.257 0.257 0.243 0.243 0.2345 0.2345 0.2435 0.2435 0.2435 0.2425 0.2425 0.255 0.255 0.244
-1 -1 -1 -1 -1 -1 -1 -1 -1 -1 -1 -1 -1 -1 -1 -1 -1 -1 -1 -1 -1 -1 -1 -1 -1 0.0772 0.0772 0.0772 0.138 0.138 0.1875 0.1875 0.1875 0.1875 0.1875 0.213 0.213 0.198 0.198 0.2725 0.2725 0.2725 0.298 0.298 0.336 0.336 0.3 0.3 0.3 0.238 0.238 0.221 0.221 0.2455 0.2455 0.248 0.248 0.248 0.2635 0.2635 0.257 0.257 0.257 0.257 0.257 0.243 0.243 0.2345 0.2345 0.2435 0.2435 0.2435 0.2425 0.2425 0.255 0.255 0.244
-1 -1 -1 -1 -1 -1 -1 -1 -1 -1 -1 -1 -1 -1 -1 -1 -1 -1 -1 -1 -1 -1 -1 -1 -1 -1 -1 -1 0.0365 0.0365 0.1895 0.1895 0.232 0.232 0.232 0.2685 0.2685 0.444 0.444 0.2985 0.2985 0.2985 0.311 0.311 0.3005 0.3005 0.3145 0.3145 0.3145 0.275 0.275 0.2835 0.2835 0.265 0.265 0.2405 0.2405 0.2405 0.233 0.233 0.2415 0.2415 0.2415 0.2415 0.2415 0.2225 0.2225 0.221 0.221 0.24 0.24 0.24 0.2465 0.2465 0.2405 0.2405 0.2365
-1 -1 -1 -1 -1 -1 -1 -1 -1 -1 -1 -1 -1 -1 -1 -1 -1 -1 -1 -1 -1 -1 -1 -1 -1 -1 -1 -1 0.0365 0.0365 0.1895 0.1895 0.232 0.232 0.232 0.2685 0.2685 0.444 0.444 0.2985 0.2985 0.2985 0.311 0.311 0.3005 0.3005 0.3145 0.3145 0.3145 0.275 0.275 0.2835 0.2835 0.265 0.265 0.2405 0.2405 0.2405 0.233 0.233 0.2415 0.2415 0.2415 0.2415 0.2415 0.2225 0.2225 0.221 0.221 0.24 0.24 0.24 0.2465 0.2465 0.2405 0.2405 0.2365
-1 -1 -1 -1 -1 -1 -1 -1 -1 -1 -1 -1 -1 -1 -1 -1 -1 -1 -1 -1 -1 -1 -1 -1 -1 -1 -1 -1 0.0012 0.0012 0.388 0.388 0.4615 0.4615 0.4615 0.5145 0.5145 0.4555 0.4555 0.385 0.385 0.385 0.3045 0.3045 0.284 0.284 0.2685 0.2685 0.2685 0.2765 0.2765 0.246 0.246 0.2565 0.2565 0.2605 0.2605 0.2605 0.252 0.252 0.246 0.246 0.246 0.246 0.246 0.2435 0.2435 0.2665 0.2665 0.27 0.27 0.27 0.2675 0.2675 0.2475 0.2475 0.2515
-1 -1 -1 -1 -1 -1 -1 -1 -1 -1 -1 -1 -1 -1 -1 -1 -1 -1 -1 -1 -1 -1 -1 -1 -1 -1 -1 -1 0.0012 0.0012 0.388 0.388 0.4615 0.4615 0.4615 0.5145 0.5145 0.4555 0.4555 0.385 0.385 0.385 0.3045 0.3045 0.284 0.284 0.2685 0.2685 0.2685 0.2765 0.2765 0.246 0.246 0.2565 0.2565 0.2605 0.2605 0.2605 0.252 0.252 0.246 0.246 0.246 0.246 0.246 0.2435 0.2435 0.2665 0.2665 0.27 0.27 0.27 0.2675 0.2675 0.2475 0.2475 0.2515
