ndvi/NOAA-99.asc
ncols         252
nrows         154
xllcorner     -18.017974
yllcorner     13.481982
cellsize      0.035948
NODATA_value  -9999
[rows 70 to 104 of 154, columns 154 to 230 of 252]
0.152 0.1565 0.1565 0.151 0.151 0.151 0.154 0.154 0.161 0.161 0.1615 0.1615 0.212 0.212 0.212 0.2075 0.2075 0.2165 0.2165 0.237 0.237 0.237 0.221 0.221 0.2315 0.2315 0.224 0.224 0.224 0.2205 0.2205 0.214 0.214 0.226 0.226 0.226 0.226 0.226 0.2205 0.2205 0.222 0.222 0.222 0.2295 0.2295 0.225 0.225 0.219 0.219 0.2365 0.2365 0.2365 0.2105 0.2105 0.228 0.228 0.227 0.227 0.227 0.2265 0.2265 0.244 0.244 0.2335 0.2335 0.2335 0.1855 0.1855 0.2005 0.2005 0.205 0.205 0.205 0.2075 0.2075 0.1915 0.1915
0.173 0.191 0.191 0.1905 0.1905 0.1905 0.1645 0.1645 0.171 0.171 0.169 0.169 0.219 0.219 0.219 0.214 0.214 0.2195 0.2195 0.2325 0.2325 0.2325 0.2235 0.2235 0.2195 0.2195 0.213 0.213 0.213 0.233 0.233 0.22 0.22 0.216 0.216 0.216 0.2095 0.2095 0.217 0.217 0.231 0.231 0.231 0.227 0.227 0.239 0.239 0.235 0.235 0.2285 0.2285 0.2285 0.227 0.227 0.236 0.236 0.2205 0.2205 0.2205 0.231 0.231 0.226 0.226 0.2315 0.2315 0.2315 0.217 0.217 0.201 0.201 0.2155 0.2155 0.2155 0.219 0.219 0.2245 0.2245
0.173 0.191 0.191 0.1905 0.1905 0.1905 0.1645 0.1645 0.171 0.171 0.169 0.169 0.219 0.219 0.219 0.214 0.214 0.2195 0.2195 0.2325 0.2325 0.2325 0.2235 0.2235 0.2195 0.2195 0.213 0.213 0.213 0.233 0.233 0.22 0.22 0.216 0.216 0.216 0.2095 0.2095 0.217 0.217 0.231 0.231 0.231 0.227 0.227 0.239 0.239 0.235 0.235 0.2285 0.2285 0.2285 0.227 0.227 0.236 0.236 0.2205 0.2205 0.2205 0.231 0.231 0.226 0.226 0.2315 0.2315 0.2315 0.217 0.217 0.201 0.201 0.2155 0.2155 0.2155 0.219 0.219 0.2245 0.2245
0.173 0.191 0.191 0.1905 0.1905 0.1905 0.1645 0.1645 0.171 0.171 0.169 0.169 0.219 0.219 0.219 0.214 0.214 0.2195 0.2195 0.2325 0.2325 0.2325 0.2235 0.2235 0.2195 0.2195 0.213 0.213 0.213 0.233 0.233 0.22 0.22 0.216 0.216 0.216 0.2095 0.2095 0.217 0.217 0.231 0.231 0.231 0.227 0.227 0.239 0.239 0.235 0.235 0.2285 0.2285 0.2285 0.227 0.227 0.236 0.236 0.2205 0.2205 0.2205 0.231 0.231 0.226 0.226 0.2315 0.2315 0.2315 0.217 0.217 0.201 0.201 0.2155 0.2155 0.2155 0.219 0.219 0.2245 0.2245
0.1755 0.184 0.184 0.201 0.201 0.201 0.183 0.183 0.176 0.176 0.168 0.168 0.2085 0.2085 0.2085 0.2155 0.2155 0.22 0.22 0.2235 0.2235 0.2235 0.2135 0.2135 0.231 0.231 0.223 0.223 0.223 0.2355 0.2355 0.231 0.231 0.23 0.23 0.23 0.2255 0.2255 0.232 0.232 0.247 0.247 0.247 0.244 0.244 0.2325 0.2325 0.23 0.23 0.2345 0.2345 0.2345 0.229 0.229 0.2295 0.2295 0.207 0.207 0.207 0.22 0.22 0.218 0.218 0.226 0.226 0.226 0.2165 0.2165 0.192 0.192 0.206 0.206 0.206 0.213 0.213 0.225 0.225
0.1755 0.184 0.184 0.201 0.201 0.201 0.183 0.183 0.176 0.176 0.168 0.168 0.2085 0.2085 0.2085 0.2155 0.2155 0.22 0.22 0.2235 0.2235 0.2235 0.2135 0.2135 0.231 0.231 0.223 0.223 0.223 0.2355 0.2355 0.231 0.231 0.23 0.23 0.23 0.2255 0.2255 0.232 0.232 0.247 0.247 0.247 0.244 0.244 0.2325 0.2325 0.23 0.23 0.2345 0.2345 0.2345 0.229 0.229 0.2295 0.2295 0.207 0.207 0.207 0.22 0.22 0.218 0.218 0.226 0.226 0.226 0.2165 0.2165 0.192 0.192 0.206 0.206 0.206 0.213 0.213 0.225 0.225
0.158 0.1695 0.1695 0.184 0.184 0.184 0.173 0.173 0.187 0.187 0.1795 0.1795 0.204 0.204 0.204 0.2255 0.2255 0.224 0.224 0.245 0.245 0.245 0.2285 0.2285 0.225 0.225 0.2365 0.2365 0.2365 0.23 0.23 0.2495 0.2495 0.233 0.233 0.233 0.2415 0.2415 0.2435 0.2435 0.257 0.257 0.257 0.255 0.255 0.248 0.248 0.227 0.227 0.2395 0.2395 0.2395 0.2465 0.2465 0.235 0.235 0.228 0.228 0.228 0.2155 0.2155 0.215 0.215 0.22 0.22 0.22 0.2425 0.2425 0.2305 0.2305 0.2145 0.2145 0.2145 0.2035 0.2035 0.215 0.215
0.158 0.1695 0.1695 0.184 0.184 0.184 0.173 0.173 0.187 0.187 0.1795 0.1795 0.204 0.204 0.204 0.2255 0.2255 0.224 0.224 0.245 0.245 0.245 0.2285 0.2285 0.225 0.225 0.2365 0.2365 0.2365 0.23 0.23 0.2495 0.2495 0.233 0.233 0.233 0.2415 0.2415 0.2435 0.2435 0.257 0.257 0.257 0.255 0.255 0.248 0.248 0.227 0.227 0.2395 0.2395 0.2395 0.2465 0.2465 0.235 0.235 0.228 0.228 0.228 0.2155 0.2155 0.215 0.215 0.22 0.22 0.22 0.2425 0.2425 0.2305 0.2305 0.2145 0.2145 0.2145 0.2035 0.2035 0.215 0.215
0.147 0.1605 0.1605 0.165 0.165 0.165 0.1585 0.1585 0.17 0.17 0.172 0.172 0.203 0.203 0.203 0.214 0.214 0.2195 0.2195 0.229 0.229 0.229 0.2195 0.2195 0.2325 0.2325 0.2305 0.2305 0.2305 0.225 0.225 0.2315 0.2315 0.226 0.226 0.226 0.2245 0.2245 0.2235 0.2235 0.23 0.23 0.23 0.2435 0.2435 0.229 0.229 0.2235 0.2235 0.235 0.235 0.235 0.2345 0.2345 0.2315 0.2315 0.2365 0.2365 0.2365 0.23 0.23 0.231 0.231 0.238 0.238 0.238 0.2285 0.2285 0.234 0.234 0.2135 0.2135 0.2135 0.2025 0.2025 0.217 0.217
0.147 0.1605 0.1605 0.165 0.165 0.165 0.1585 0.1585 0.17 0.17 0.172 0.172 0.203 0.203 0.203 0.214 0.214 0.2195 0.2195 0.229 0.229 0.229 0.2195 0.2195 0.2325 0.2325 0.2305 0.2305 0.2305 0.225 0.225 0.2315 0.2315 0.226 0.226 0.226 0.2245 0.2245 0.2235 0.2235 0.23 0.23 0.23 0.2435 0.2435 0.229 0.229 0.2235 0.2235 0.235 0.235 0.235 0.2345 0.2345 0.2315 0.2315 0.2365 0.2365 0.2365 0.23 0.23 0.231 0.231 0.238 0.238 0.238 0.2285 0.2285 0.234 0.234 0.2135 0.2135 0.2135 0.2025 0.2025 0.217 0.217
0.143 0.146 0.146 0.159 0.159 0.159 0.167 0.167 0.1515 0.1515 0.1765 0.1765 0.2005 0.2005 0.2005 0.2105 0.2105 0.225 0.225 0.2135 0.2135 0.2135 0.2175 0.2175 0.2335 0.2335 0.2315 0.2315 0.2315 0.2265 0.2265 0.216 0.216 0.2185 0.2185 0.2185 0.215 0.215 0.22 0.22 0.233 0.233 0.233 0.2345 0.2345 0.238 0.238 0.229 0.229 0.2535 0.2535 0.2535 0.253 0.253 0.2655 0.2655 0.26 0.26 0.26 0.252 0.252 0.242 0.242 0.242 0.242 0.242 0.236 0.236 0.2455 0.2455 0.237 0.237 0.237 0.2325 0.2325 0.2235 0.2235
0.143 0.146 0.146 0.159 0.159 0.159 0.167 0.167 0.1515 0.1515 0.1765 0.1765 0.2005 0.2005 0.2005 0.2105 0.2105 0.225 0.225 0.2135 0.2135 0.2135 0.2175 0.2175 0.2335 0.2335 0.2315 0.2315 0.2315 0.2265 0.2265 0.216 0.216 0.2185 0.2185 0.2185 0.215 0.215 0.22 0.22 0.233 0.233 0.233 0.2345 0.2345 0.238 0.238 0.229 0.229 0.2535 0.2535 0.2535 0.253 0.253 0.2655 0.2655 0.26 0.26 0.26 0.252 0.252 0.242 0.242 0.242 0.242 0.242 0.236 0.236 0.2455 0.2455 0.237 0.237 0.237 0.2325 0.2325 0.2235 0.2235
0.143 0.146 0.146 0.159 0.159 0.159 0.167 0.167 0.1515 0.1515 0.1765 0.1765 0.2005 0.2005 0.2005 0.2105 0.2105 0.225 0.225 0.2135 0.2135 0.2135 0.2175 0.2175 0.2335 0.2335 0.2315 0.2315 0.2315 0.2265 0.2265 0.216 0.216 0.2185 0.2185 0.2185 0.215 0.215 0.22 0.22 0.233 0.233 0.233 0.2345 0.2345 0.238 0.238 0.229 0.229 0.2535 0.2535 0.2535 0.253 0.253 0.2655 0.2655 0.26 0.26 0.26 0.252 0.252 0.242 0.242 0.242 0.242 0.242 0.236 0.236 0.2455 0.2455 0.237 0.237 0.237 0.2325 0.2325 0.2235 0.2235
0.151 0.172 0.172 0.1675 0.1675 0.1675 0.167 0.167 0.146 0.146 0.2 0.2 0.2165 0.2165 0.2165 0.2235 0.2235 0.2465 0.2465 0.2555 0.2555 0.2555 0.252 0.252 0.2395 0.2395 0.229 0.229 0.229 0.238 0.238 0.209 0.209 0.2085 0.2085 0.2085 0.2175 0.2175 0.218 0.218 0.233 0.233 0.233 0.2265 0.2265 0.2395 0.2395 0.242 0.242 0.251 0.251 0.251 0.259 0.259 0.2585 0.2585 0.2465 0.2465 0.2465 0.247 0.247 0.2445 0.2445 0.244 0.244 0.244 0.242 0.242 0.249 0.249 0.2505 0.2505 0.2505 0.266 0.266 0.2515 0.2515
0.151 0.172 0.172 0.1675 0.1675 0.1675 0.167 0.167 0.146 0.146 0.2 0.2 0.2165 0.2165 0.2165 0.2235 0.2235 0.2465 0.2465 0.2555 0.2555 0.2555 0.252 0.252 0.2395 0.2395 0.229 0.229 0.229 0.238 0.238 0.209 0.209 0.2085 0.2085 0.2085 0.2175 0.2175 0.218 0.218 0.233 0.233 0.233 0.2265 0.2265 0.2395 0.2395 0.242 0.242 0.251 0.251 0.251 0.259 0.259 0.2585 0.2585 0.2465 0.2465 0.2465 0.247 0.247 0.2445 0.2445 0.244 0.244 0.244 0.242 0.242 0.249 0.249 0.2505 0.2505 0.2505 0.266 0.266 0.2515 0.2515
0.1585 0.176 0.176 0.1865 0.1865 0.1865 0.17 0.17 0.1915 0.1915 0.218 0.218 0.23 0.23 0.23 0.2245 0.2245 0.23 0.23 0.2415 0.2415 0.2415 0.2375 0.2375 0.25 0.25 0.217 0.217 0.217 0.2285 0.2285 0.2235 0.2235 0.2255 0.2255 0.2255 0.2285 0.2285 0.2265 0.2265 0.23 0.23 0.23 0.2405 0.2405 0.255 0.255 0.2465 0.2465 0.2655 0.2655 0.2655 0.256 0.256 0.2515 0.2515 0.246 0.246 0.246 0.2385 0.2385 0.234 0.234 0.238 0.238 0.238 0.248 0.248 0.251 0.251 0.2575 0.2575 0.2575 0.259 0.259 0.2595 0.2595
0.1585 0.176 0.176 0.1865 0.1865 0.1865 0.17 0.17 0.1915 0.1915 0.218 0.218 0.23 0.23 0.23 0.2245 0.2245 0.23 0.23 0.2415 0.2415 0.2415 0.2375 0.2375 0.25 0.25 0.217 0.217 0.217 0.2285 0.2285 0.2235 0.2235 0.2255 0.2255 0.2255 0.2285 0.2285 0.2265 0.2265 0.23 0.23 0.23 0.2405 0.2405 0.255 0.255 0.2465 0.2465 0.2655 0.2655 0.2655 0.256 0.256 0.2515 0.2515 0.246 0.246 0.246 0.2385 0.2385 0.234 0.234 0.238 0.238 0.238 0.248 0.248 0.251 0.251 0.2575 0.2575 0.2575 0.259 0.259 0.2595 0.2595
0.201 0.183 0.183 0.1805 0.1805 0.1805 0.169 0.169 0.1895 0.1895 0.238 0.238 0.2285 0.2285 0.2285 0.226 0.226 0.2295 0.2295 0.232 0.232 0.232 0.2525 0.2525 0.234 0.234 0.242 0.242 0.242 0.2285 0.2285 0.2205 0.2205 0.238 0.238 0.238 0.229 0.229 0.225 0.225 0.238 0.238 0.238 0.255 0.255 0.2675 0.2675 0.2445 0.2445 0.241 0.241 0.241 0.2465 0.2465 0.2515 0.2515 0.234 0.234 0.234 0.2365 0.2365 0.226 0.226 0.2555 0.2555 0.2555 0.258 0.258 0.256 0.256 0.248 0.248 0.248 0.2535 0.2535 0.237 0.237
0.201 0.183 0.183 0.1805 0.1805 0.1805 0.169 0.169 0.1895 0.1895 0.238 0.238 0.2285 0.2285 0.2285 0.226 0.226 0.2295 0.2295 0.232 0.232 0.232 0.2525 0.2525 0.234 0.234 0.242 0.242 0.242 0.2285 0.2285 0.2205 0.2205 0.238 0.238 0.238 0.229 0.229 0.225 0.225 0.238 0.238 0.238 0.255 0.255 0.2675 0.2675 0.2445 0.2445 0.241 0.241 0.241 0.2465 0.2465 0.2515 0.2515 0.234 0.234 0.234 0.2365 0.2365 0.226 0.226 0.2555 0.2555 0.2555 0.258 0.258 0.256 0.256 0.248 0.248 0.248 0.2535 0.2535 0.237 0.237
0.201 0.183 0.183 0.1805 0.1805 0.1805 0.169 0.169 0.1895 0.1895 0.238 0.238 0.2285 0.2285 0.2285 0.226 0.226 0.2295 0.2295 0.232 0.232 0.232 0.2525 0.2525 0.234 0.234 0.242 0.242 0.242 0.2285 0.2285 0.2205 0.2205 0.238 0.238 0.238 0.229 0.229 0.225 0.225 0.238 0.238 0.238 0.255 0.255 0.2675 0.2675 0.2445 0.2445 0.241 0.241 0.241 0.2465 0.2465 0.2515 0.2515 0.234 0.234 0.234 0.2365 0.2365 0.226 0.226 0.2555 0.2555 0.2555 0.258 0.258 0.256 0.256 0.248 0.248 0.248 0.2535 0.2535 0.237 0.237
0.1685 0.177 0.177 0.1875 0.1875 0.1875 0.191 0.191 0.201 0.201 0.2245 0.2245 0.2325 0.2325 0.2325 0.241 0.241 0.2425 0.2425 0.233 0.233 0.233 0.2305 0.2305 0.224 0.224 0.222 0.222 0.222 0.215 0.215 0.2145 0.2145 0.2295 0.2295 0.2295 0.248 0.248 0.2355 0.2355 0.251 0.251 0.251 0.2365 0.2365 0.246 0.246 0.2485 0.2485 0.238 0.238 0.238 0.238 0.238 0.241 0.241 0.2425 0.2425 0.2425 0.2375 0.2375 0.234 0.234 0.221 0.221 0.221 0.264 0.264 0.2535 0.2535 0.2495 0.2495 0.2495 0.2555 0.2555 0.241 0.241
0.1685 0.177 0.177 0.1875 0.1875 0.1875 0.191 0.191 0.201 0.201 0.2245 0.2245 0.2325 0.2325 0.2325 0.241 0.241 0.2425 0.2425 0.233 0.233 0.233 0.2305 0.2305 0.224 0.224 0.222 0.222 0.222 0.215 0.215 0.2145 0.2145 0.2295 0.2295 0.2295 0.248 0.248 0.2355 0.2355 0.251 0.251 0.251 0.2365 0.2365 0.246 0.246 0.2485 0.2485 0.238 0.238 0.238 0.238 0.238 0.241 0.241 0.2425 0.2425 0.2425 0.2375 0.2375 0.234 0.234 0.221 0.221 0.221 0.264 0.264 0.2535 0.2535 0.2495 0.2495 0.2495 0.2555 0.2555 0.241 0.241
0.2285 0.195 0.195 0.1915 0.1915 0.1915 0.1945 0.1945 0.2 0.2 0.229 0.229 0.2385 0.2385 0.2385 0.238 0.238 0.2515 0.2515 0.2455 0.2455 0.2455 0.249 0.249 0.258 0.258 0.227 0.227 0.227 0.221 0.221 0.2255 0.2255 0.2355 0.2355 0.2355 0.2575 0.2575 0.2465 0.2465 0.252 0.252 0.252 0.237 0.237 0.244 0.244 0.2405 0.2405 0.235 0.235 0.235 0.238 0.238 0.248 0.248 0.2315 0.2315 0.2315 0.2315 0.2315 0.239 0.239 0.2475 0.2475 0.2475 0.2565 0.2565 0.242 0.242 0.2555 0.2555 0.2555 0.261 0.261 0.2455 0.2455
0.2285 0.195 0.195 0.1915 0.1915 0.1915 0.1945 0.1945 0.2 0.2 0.229 0.229 0.2385 0.2385 0.2385 0.238 0.238 0.2515 0.2515 0.2455 0.2455 0.2455 0.249 0.249 0.258 0.258 0.227 0.227 0.227 0.221 0.221 0.2255 0.2255 0.2355 0.2355 0.2355 0.2575 0.2575 0.2465 0.2465 0.252 0.252 0.252 0.237 0.237 0.244 0.244 0.2405 0.2405 0.235 0.235 0.235 0.238 0.238 0.248 0.248 0.2315 0.2315 0.2315 0.2315 0.2315 0.239 0.239 0.2475 0.2475 0.2475 0.2565 0.2565 0.242 0.242 0.2555 0.2555 0.2555 0.261 0.261 0.2455 0.2455
0.209 0.2155 0.2155 0.2185 0.2185 0.2185 0.2185 0.2185 0.226 0.226 0.217 0.217 0.226 0.226 0.226 0.2265 0.2265 0.229 0.229 0.2385 0.2385 0.2385 0.236 0.236 0.2295 0.2295 0.2225 0.2225 0.2225 0.222 0.222 0.2225 0.2225 0.2355 0.2355 0.2355 0.2455 0.2455 0.247 0.247 0.2455 0.2455 0.2455 0.253 0.253 0.246 0.246 0.256 0.256 0.2425 0.2425 0.2425 0.255 0.255 0.233 0.233 0.26 0.26 0.26 0.2425 0.2425 0.238 0.238 0.259 0.259 0.259 0.2545 0.2545 0.255 0.255 0.245 0.245 0.245 0.2595 0.2595 0.2565 0.2565
0.209 0.2155 0.2155 0.2185 0.2185 0.2185 0.2185 0.2185 0.226 0.226 0.217 0.217 0.226 0.226 0.226 0.2265 0.2265 0.229 0.229 0.2385 0.2385 0.2385 0.236 0.236 0.2295 0.2295 0.2225 0.2225 0.2225 0.222 0.222 0.2225 0.2225 0.2355 0.2355 0.2355 0.2455 0.2455 0.247 0.247 0.2455 0.2455 0.2455 0.253 0.253 0.246 0.246 0.256 0.256 0.2425 0.2425 0.2425 0.255 0.255 0.233 0.233 0.26 0.26 0.26 0.2425 0.2425 0.238 0.238 0.259 0.259 0.259 0.2545 0.2545 0.255 0.255 0.245 0.245 0.245 0.2595 0.2595 0.2565 0.2565
0.209 0.2155 0.2155 0.2185 0.2185 0.2185 0.2185 0.2185 0.226 0.226 0.217 0.217 0.226 0.226 0.226 0.2265 0.2265 0.229 0.229 0.2385 0.2385 0.2385 0.236 0.236 0.2295 0.2295 0.2225 0.2225 0.2225 0.222 0.222 0.2225 0.2225 0.2355 0.2355 0.2355 0.2455 0.2455 0.247 0.247 0.2455 0.2455 0.2455 0.253 0.253 0.246 0.246 0.256 0.256 0.2425 0.2425 0.2425 0.255 0.255 0.233 0.233 0.26 0.26 0.26 0.2425 0.2425 0.238 0.238 0.259 0.259 0.259 0.2545 0.2545 0.255 0.255 0.245 0.245 0.245 0.2595 0.2595 0.2565 0.2565
0.225 0.1915 0.1915 0.2305 0.2305 0.2305 0.222 0.222 0.24 0.24 0.213 0.213 0.216 0.216 0.216 0.21 0.21 0.212 0.212 0.2365 0.2365 0.2365 0.2535 0.2535 0.2225 0.2225 0.2315 0.2315 0.2315 0.24 0.24 0.229 0.229 0.2425 0.2425 0.2425 0.229 0.229 0.243 0.243 0.254 0.254 0.254 0.2495 0.2495 0.25 0.25 0.2515 0.2515 0.2425 0.2425 0.2425 0.261 0.261 0.22 0.22 0.2175 0.2175 0.2175 0.264 0.264 0.2385 0.2385 0.2375 0.2375 0.2375 0.2225 0.2225 0.2445 0.2445 0.2335 0.2335 0.2335 0.231 0.231 0.2705 0.2705
0.225 0.1915 0.1915 0.2305 0.2305 0.2305 0.222 0.222 0.24 0.24 0.213 0.213 0.216 0.216 0.216 0.21 0.21 0.212 0.212 0.2365 0.2365 0.2365 0.2535 0.2535 0.2225 0.2225 0.2315 0.2315 0.2315 0.24 0.24 0.229 0.229 0.2425 0.2425 0.2425 0.229 0.229 0.243 0.243 0.254 0.254 0.254 0.2495 0.2495 0.25 0.25 0.2515 0.2515 0.2425 0.2425 0.2425 0.261 0.261 0.22 0.22 0.2175 0.2175 0.2175 0.264 0.264 0.2385 0.2385 0.2375 0.2375 0.2375 0.2225 0.2225 0.2445 0.2445 0.2335 0.2335 0.2335 0.231 0.231 0.2705 0.2705
0.2235 0.204 0.204 0.214 0.214 0.214 0.201 0.201 0.218 0.218 0.2105 0.2105 0.2095 0.2095 0.2095 0.2145 0.2145 0.237 0.237 0.2625 0.2625 0.2625 0.2495 0.2495 0.2355 0.2355 0.2465 0.2465 0.2465 0.235 0.235 0.239 0.239 0.237 0.237 0.237 0.234 0.234 0.2365 0.2365 0.244 0.244 0.244 0.243 0.243 0.2335 0.2335 0.2525 0.2525 0.2485 0.2485 0.2485 0.2255 0.2255 0.231 0.231 0.224 0.224 0.224 0.2025 0.2025 0.225 0.225 0.2425 0.2425 0.2425 0.222 0.222 0.2135 0.2135 0.218 0.218 0.218 0.232 0.232 0.2275 0.2275
0.2235 0.204 0.204 0.214 0.214 0.214 0.201 0.201 0.218 0.218 0.2105 0.2105 0.2095 0.2095 0.2095 0.2145 0.2145 0.237 0.237 0.2625 0.2625 0.2625 0.2495 0.2495 0.2355 0.2355 0.2465 0.2465 0.2465 0.235 0.235 0.239 0.239 0.237 0.237 0.237 0.234 0.234 0.2365 0.2365 0.244 0.244 0.244 0.243 0.243 0.2335 0.2335 0.2525 0.2525 0.2485 0.2485 0.2485 0.2255 0.2255 0.231 0.231 0.224 0.224 0.224 0.2025 0.2025 0.225 0.225 0.2425 0.2425 0.2425 0.222 0.222 0.2135 0.2135 0.218 0.218 0.218 0.232 0.232 0.2275 0.2275
0.2185 0.2005 0.2005 0.186 0.186 0.186 0.1995 0.1995 0.207 0.207 0.234 0.234 0.243 0.243 0.243 0.2275 0.2275 0.2435 0.2435 0.2465 0.2465 0.2465 0.235 0.235 0.2365 0.2365 0.242 0.242 0.242 0.2185 0.2185 0.2295 0.2295 0.2335 0.2335 0.2335 0.234 0.234 0.2325 0.2325 0.232 0.232 0.232 0.238 0.238 0.238 0.238 0.26 0.26 0.272 0.272 0.272 0.226 0.226 0.2215 0.2215 0.1945 0.1945 0.1945 0.2145 0.2145 0.2225 0.2225 0.2145 0.2145 0.2145 0.233 0.233 0.2115 0.2115 0.209 0.209 0.209 0.238 0.238 0.2355 0.2355
0.2185 0.2005 0.2005 0.186 0.186 0.186 0.1995 0.1995 0.207 0.207 0.234 0.234 0.243 0.243 0.243 0.2275 0.2275 0.2435 0.2435 0.2465 0.2465 0.2465 0.235 0.235 0.2365 0.2365 0.242 0.242 0.242 0.2185 0.2185 0.2295 0.2295 0.2335 0.2335 0.2335 0.234 0.234 0.2325 0.2325 0.232 0.232 0.232 0.238 0.238 0.238 0.238 0.26 0.26 0.272 0.272 0.272 0.226 0.226 0.2215 0.2215 0.1945 0.1945 0.1945 0.2145 0.2145 0.2225 0.2225 0.2145 0.2145 0.2145 0.233 0.233 0.2115 0.2115 0.209 0.209 0.209 0.238 0.238 0.2355 0.2355
0.2105 0.2085 0.2085 0.2145 0.2145 0.2145 0.2125 0.2125 0.2145 0.2145 0.233 0.233 0.228 0.228 0.228 0.221 0.221 0.216 0.216 0.2375 0.2375 0.2375 0.2315 0.2315 0.2275 0.2275 0.238 0.238 0.238 0.2535 0.2535 0.2505 0.2505 0.2495 0.2495 0.2495 0.2335 0.2335 0.217 0.217 0.2295 0.2295 0.2295 0.2525 0.2525 0.26 0.26 0.29 0.29 0.2875 0.2875 0.2875 0.2535 0.2535 0.2345 0.2345 0.209 0.209 0.209 0.2245 0.2245 0.2085 0.2085 0.214 0.214 0.214 0.2415 0.2415 0.248 0.248 0.224 0.224 0.224 0.2345 0.2345 0.2315 0.2315
0.2105 0.2085 0.2085 0.2145 0.2145 0.2145 0.2125 0.2125 0.2145 0.2145 0.233 0.233 0.228 0.228 0.228 0.221 0.221 0.216 0.216 0.2375 0.2375 0.2375 0.2315 0.2315 0.2275 0.2275 0.238 0.238 0.238 0.2535 0.2535 0.2505 0.2505 0.2495 0.2495 0.2495 0.2335 0.2335 0.217 0.217 0.2295 0.2295 0.2295 0.2525 0.2525 0.26 0.26 0.29 0.29 0.2875 0.2875 0.2875 0.2535 0.2535 0.2345 0.2345 0.209 0.209 0.209 0.2245 0.2245 0.2085 0.2085 0.214 0.214 0.214 0.2415 0.2415 0.248 0.248 0.224 0.224 0.224 0.2345 0.2345 0.2315 0.2315
