ndvi/NOAA-188.asc
ncols         252
nrows         154
xllcorner     -18.017974
yllcorner     13.481982
cellsize      0.035948
NODATA_value  -9999
[rows 68 to 101 of 154, columns 0 to 76 of 252]
-1 -1 -1 -1 -1 -1 -1 -1 -1 -1 -1 -1 -1 -1 -1 -1 -1 -1 -1 -1 -1 -1 -1 -1 -1 -1 -1 -1 -1 -1 -1 -1 -1 -1 -1 -1 -1 -1 -1 0.139 0.139 0.139 0.185 0.185 0.3215 0.3215 0.298 0.298 0.298 0.302 0.302 0.342 0.342 0.299 0.299 0.276 0.276 0.276 0.458 0.458 0.3886 0.3886 0.3886 0.3886 0.3886 0.376 0.376 0.2925 0.2925 0.2495 0.2495 0.2495 0.23 0.23 0.2385 0.2385 0.2465
-1 -1 -1 -1 -1 -1 -1 -1 -1 -1 -1 -1 -1 -1 -1 -1 -1 -1 -1 -1 -1 -1 -1 -1 -1 -1 -1 -1 -1 -1 -1 -1 -1 -1 -1 -1 -1 -1 -1 0.216 0.216 0.216 0.277 0.277 0.3085 0.3085 0.264 0.264 0.264 0.255 0.255 0.2545 0.2545 0.2955 0.2955 0.2995 0.2995 0.2995 0.4335 0.4335 0.439 0.439 0.439 0.439 0.439 0.333 0.333 0.2575 0.2575 0.2205 0.2205 0.2205 0.2345 0.2345 0.2105 0.2105 0.2065
-1 -1 -1 -1 -1 -1 -1 -1 -1 -1 -1 -1 -1 -1 -1 -1 -1 -1 -1 -1 -1 -1 -1 -1 -1 -1 -1 -1 -1 -1 -1 -1 -1 -1 -1 -1 -1 -1 -1 0.216 0.216 0.216 0.277 0.277 0.3085 0.3085 0.264 0.264 0.264 0.255 0.255 0.2545 0.2545 0.2955 0.2955 0.2995 0.2995 0.2995 0.4335 0.4335 0.439 0.439 0.439 0.439 0.439 0.333 0.333 0.2575 0.2575 0.2205 0.2205 0.2205 0.2345 0.2345 0.2105 0.2105 0.2065
-1 -1 -1 -1 -1 -1 -1 -1 -1 -1 -1 -1 -1 -1 -1 -1 -1 -1 -1 -1 -1 -1 -1 -1 -1 -1 -1 -1 -1 -1 -1 -1 -1 -1 -1 -1 -1 0.0582 0.0582 0.15 0.15 0.15 0.3455 0.3455 0.2925 0.2925 0.254 0.254 0.254 0.2495 0.2495 0.225 0.225 0.2305 0.2305 0.2325 0.2325 0.2325 0.3275 0.3275 0.3235 0.3235 0.3235 0.3235 0.3235 0.2715 0.2715 0.2625 0.2625 0.265 0.265 0.265 0.2415 0.2415 0.238 0.238 0.2105
-1 -1 -1 -1 -1 -1 -1 -1 -1 -1 -1 -1 -1 -1 -1 -1 -1 -1 -1 -1 -1 -1 -1 -1 -1 -1 -1 -1 -1 -1 -1 -1 -1 -1 -1 -1 -1 0.0582 0.0582 0.15 0.15 0.15 0.3455 0.3455 0.2925 0.2925 0.254 0.254 0.254 0.2495 0.2495 0.225 0.225 0.2305 0.2305 0.2325 0.2325 0.2325 0.3275 0.3275 0.3235 0.3235 0.3235 0.3235 0.3235 0.2715 0.2715 0.2625 0.2625 0.265 0.265 0.265 0.2415 0.2415 0.238 0.238 0.2105
-1 -1 -1 -1 -1 -1 -1 -1 -1 -1 -1 -1 -1 -1 -1 -1 -1 -1 -1 -1 -1 -1 -1 -1 -1 -1 -1 -1 -1 -1 -1 -1 -1 -1 -1 -1 -1 0.0582 0.0582 0.15 0.15 0.15 0.3455 0.3455 0.2925 0.2925 0.254 0.254 0.254 0.2495 0.2495 0.225 0.225 0.2305 0.2305 0.2325 0.2325 0.2325 0.3275 0.3275 0.3235 0.3235 0.3235 0.3235 0.3235 0.2715 0.2715 0.2625 0.2625 0.265 0.265 0.265 0.2415 0.2415 0.238 0.238 0.2105
-1 -1 -1 -1 -1 -1 -1 -1 -1 -1 -1 -1 -1 -1 -1 -1 -1 -1 -1 -1 -1 -1 -1 -1 -1 -1 -1 -1 -1 -1 -1 -1 -1 -1 -1 -1 -1 0.022 0.022 0.1455 0.1455 0.1455 0.293 0.293 0.299 0.299 0.2455 0.2455 0.2455 0.204 0.204 0.21 0.21 0.204 0.204 0.1745 0.1745 0.1745 0.223 0.223 0.2565 0.2565 0.2565 0.2565 0.2565 0.263 0.263 0.259 0.259 0.2665 0.2665 0.2665 0.2555 0.2555 0.2435 0.2435 0.2225
-1 -1 -1 -1 -1 -1 -1 -1 -1 -1 -1 -1 -1 -1 -1 -1 -1 -1 -1 -1 -1 -1 -1 -1 -1 -1 -1 -1 -1 -1 -1 -1 -1 -1 -1 -1 -1 0.022 0.022 0.1455 0.1455 0.1455 0.293 0.293 0.299 0.299 0.2455 0.2455 0.2455 0.204 0.204 0.21 0.21 0.204 0.204 0.1745 0.1745 0.1745 0.223 0.223 0.2565 0.2565 0.2565 0.2565 0.2565 0.263 0.263 0.259 0.259 0.2665 0.2665 0.2665 0.2555 0.2555 0.2435 0.2435 0.2225
-1 -1 -1 -1 -1 -1 -1 -1 -1 -1 -1 -1 -1 -1 -1 -1 -1 -1 -1 -1 -1 -1 -1 -1 -1 -1 -1 -1 -1 -1 -1 -1 -1 -1 -1 -1 -1 0.0055 0.0055 0.138 0.138 0.138 0.2555 0.2555 0.23 0.23 0.231 0.231 0.231 0.193 0.193 0.2425 0.2425 0.2165 0.2165 0.2085 0.2085 0.2085 0.2285 0.2285 0.2375 0.2375 0.2375 0.2375 0.2375 0.2635 0.2635 0.2575 0.2575 0.252 0.252 0.252 0.248 0.248 0.2315 0.2315 0.2235
-1 -1 -1 -1 -1 -1 -1 -1 -1 -1 -1 -1 -1 -1 -1 -1 -1 -1 -1 -1 -1 -1 -1 -1 -1 -1 -1 -1 -1 -1 -1 -1 -1 -1 -1 -1 -1 0.0055 0.0055 0.138 0.138 0.138 0.2555 0.2555 0.23 0.23 0.231 0.231 0.231 0.193 0.193 0.2425 0.2425 0.2165 0.2165 0.2085 0.2085 0.2085 0.2285 0.2285 0.2375 0.2375 0.2375 0.2375 0.2375 0.2635 0.2635 0.2575 0.2575 0.252 0.252 0.252 0.248 0.248 0.2315 0.2315 0.2235
-1 -1 -1 -1 -1 -1 -1 -1 -1 -1 -1 -1 -1 -1 -1 -1 -1 -1 -1 -1 -1 -1 -1 -1 -1 -1 -1 -1 -1 -1 -1 -1 -1 -1 -1 -1 -1 0.0872 0.0872 0.1355 0.1355 0.1355 0.216 0.216 0.2455 0.2455 0.237 0.237 0.237 0.234 0.234 0.2375 0.2375 0.244 0.244 0.222 0.222 0.222 0.2405 0.2405 0.2295 0.2295 0.2295 0.2295 0.2295 0.259 0.259 0.2435 0.2435 0.235 0.235 0.235 0.2085 0.2085 0.206 0.206 0.204
-1 -1 -1 -1 -1 -1 -1 -1 -1 -1 -1 -1 -1 -1 -1 -1 -1 -1 -1 -1 -1 -1 -1 -1 -1 -1 -1 -1 -1 -1 -1 -1 -1 -1 -1 -1 -1 0.0872 0.0872 0.1355 0.1355 0.1355 0.216 0.216 0.2455 0.2455 0.237 0.237 0.237 0.234 0.234 0.2375 0.2375 0.244 0.244 0.222 0.222 0.222 0.2405 0.2405 0.2295 0.2295 0.2295 0.2295 0.2295 0.259 0.259 0.2435 0.2435 0.235 0.235 0.235 0.2085 0.2085 0.206 0.206 0.204
-1 -1 -1 -1 -1 -1 -1 -1 -1 -1 -1 -1 -1 -1 -1 -1 -1 -1 -1 -1 -1 -1 -1 -1 -1 -1 -1 -1 -1 -1 -1 -1 -1 -1 -1 -1 -1 0.0037 0.0037 0.2295 0.2295 0.2295 0.2295 0.2295 0.2335 0.2335 0.223 0.223 0.223 0.2075 0.2075 0.2345 0.2345 0.263 0.263 0.23 0.23 0.23 0.206 0.206 0.2345 0.2345 0.2345 0.2345 0.2345 0.2425 0.2425 0.239 0.239 0.2155 0.2155 0.2155 0.223 0.223 0.227 0.227 0.2275
-1 -1 -1 -1 -1 -1 -1 -1 -1 -1 -1 -1 -1 -1 -1 -1 -1 -1 -1 -1 -1 -1 -1 -1 -1 -1 -1 -1 -1 -1 -1 -1 -1 -1 -1 -1 -1 0.0037 0.0037 0.2295 0.2295 0.2295 0.2295 0.2295 0.2335 0.2335 0.223 0.223 0.223 0.2075 0.2075 0.2345 0.2345 0.263 0.263 0.23 0.23 0.23 0.206 0.206 0.2345 0.2345 0.2345 0.2345 0.2345 0.2425 0.2425 0.239 0.239 0.2155 0.2155 0.2155 0.223 0.223 0.227 0.227 0.2275
-1 -1 -1 -1 -1 -1 -1 -1 -1 -1 -1 -1 -1 -1 -1 -1 -1 -1 -1 -1 -1 -1 -1 -1 -1 -1 -1 -1 -1 -1 -1 -1 -1 -1 -1 -1 -1 0.0037 0.0037 0.2295 0.2295 0.2295 0.2295 0.2295 0.2335 0.2335 0.223 0.223 0.223 0.2075 0.2075 0.2345 0.2345 0.263 0.263 0.23 0.23 0.23 0.206 0.206 0.2345 0.2345 0.2345 0.2345 0.2345 0.2425 0.2425 0.239 0.239 0.2155 0.2155 0.2155 0.223 0.223 0.227 0.227 0.2275
-1 -1 -1 -1 -1 -1 -1 -1 -1 -1 -1 -1 -1 -1 -1 -1 -1 -1 -1 -1 -1 -1 -1 -1 -1 -1 -1 -1 -1 -1 -1 -1 -1 -1 -1 -1 -1 0.032 0.032 0.207 0.207 0.207 0.2165 0.2165 0.202 0.202 0.219 0.219 0.219 0.2265 0.2265 0.2475 0.2475 0.2415 0.2415 0.241 0.241 0.241 0.2395 0.2395 0.2395 0.2395 0.2395 0.2395 0.2395 0.2425 0.2425 0.2405 0.2405 0.2245 0.2245 0.2245 0.2315 0.2315 0.225 0.225 0.2235
-1 -1 -1 -1 -1 -1 -1 -1 -1 -1 -1 -1 -1 -1 -1 -1 -1 -1 -1 -1 -1 -1 -1 -1 -1 -1 -1 -1 -1 -1 -1 -1 -1 -1 -1 -1 -1 0.032 0.032 0.207 0.207 0.207 0.2165 0.2165 0.202 0.202 0.219 0.219 0.219 0.2265 0.2265 0.2475 0.2475 0.2415 0.2415 0.241 0.241 0.241 0.2395 0.2395 0.2395 0.2395 0.2395 0.2395 0.2395 0.2425 0.2425 0.2405 0.2405 0.2245 0.2245 0.2245 0.2315 0.2315 0.225 0.225 0.2235
-1 -1 -1 -1 -1 -1 -1 -1 -1 -1 -1 -1 -1 -1 -1 -1 -1 -1 -1 -1 -1 -1 -1 -1 -1 -1 -1 -1 -1 -1 -1 -1 -1 -1 -1 -1 -1 0.107 0.107 0.248 0.248 0.248 0.2185 0.2185 0.2275 0.2275 0.2215 0.2215 0.2215 0.247 0.247 0.245 0.245 0.218 0.218 0.2365 0.2365 0.2365 0.238 0.238 0.266 0.266 0.266 0.266 0.266 0.253 0.253 0.2295 0.2295 0.2345 0.2345 0.2345 0.236 0.236 0.25 0.25 0.2421
-1 -1 -1 -1 -1 -1 -1 -1 -1 -1 -1 -1 -1 -1 -1 -1 -1 -1 -1 -1 -1 -1 -1 -1 -1 -1 -1 -1 -1 -1 -1 -1 -1 -1 -1 -1 -1 0.107 0.107 0.248 0.248 0.248 0.2185 0.2185 0.2275 0.2275 0.2215 0.2215 0.2215 0.247 0.247 0.245 0.245 0.218 0.218 0.2365 0.2365 0.2365 0.238 0.238 0.266 0.266 0.266 0.266 0.266 0.253 0.253 0.2295 0.2295 0.2345 0.2345 0.2345 0.236 0.236 0.25 0.25 0.2421
-1 -1 -1 -1 -1 -1 -1 -1 -1 -1 -1 -1 -1 -1 -1 -1 -1 -1 -1 -1 -1 -1 -1 -1 -1 -1 -1 -1 -1 -1 -1 -1 -1 -1 -1 0.0382 0.0382 0.2195 0.2195 0.2375 0.2375 0.2375 0.2155 0.2155 0.2165 0.2165 0.2155 0.2155 0.2155 0.2285 0.2285 0.233 0.233 0.218 0.218 0.222 0.222 0.222 0.2631 0.2631 0.2295 0.2295 0.2295 0.2295 0.2295 0.2615 0.2615 0.268 0.268 0.238 0.238 0.238 0.272 0.272 0.2815 0.2815 0.2855
-1 -1 -1 -1 -1 -1 -1 -1 -1 -1 -1 -1 -1 -1 -1 -1 -1 -1 -1 -1 -1 -1 -1 -1 -1 -1 -1 -1 -1 -1 -1 -1 -1 -1 -1 0.0382 0.0382 0.2195 0.2195 0.2375 0.2375 0.2375 0.2155 0.2155 0.2165 0.2165 0.2155 0.2155 0.2155 0.2285 0.2285 0.233 0.233 0.218 0.218 0.222 0.222 0.222 0.2631 0.2631 0.2295 0.2295 0.2295 0.2295 0.2295 0.2615 0.2615 0.268 0.268 0.238 0.238 0.238 0.272 0.272 0.2815 0.2815 0.2855
-1 -1 -1 -1 -1 -1 -1 -1 -1 -1 -1 -1 -1 -1 -1 -1 -1 -1 -1 -1 -1 -1 -1 -1 -1 -1 -1 -1 -1 -1 -1 -1 -1 -1 -1 0.0382 0.0382 0.2195 0.2195 0.2375 0.2375 0.2375 0.2155 0.2155 0.2165 0.2165 0.2155 0.2155 0.2155 0.2285 0.2285 0.233 0.233 0.218 0.218 0.222 0.222 0.222 0.2631 0.2631 0.2295 0.2295 0.2295 0.2295 0.2295 0.2615 0.2615 0.268 0.268 0.238 0.238 0.238 0.272 0.272 0.2815 0.2815 0.2855
-1 -1 -1 -1 -1 -1 -1 -1 -1 -1 -1 -1 -1 -1 -1 -1 -1 -1 -1 -1 -1 -1 -1 -1 -1 -1 -1 -1 -1 -1 -1 -1 -1 -1 -1 0.13 0.13 0.26 0.26 0.2475 0.2475 0.2475 0.225 0.225 0.2165 0.2165 0.236 0.236 0.236 0.236 0.236 0.284 0.284 0.2435 0.2435 0.2555 0.2555 0.2555 0.243 0.243 0.2605 0.2605 0.2605 0.2605 0.2605 0.27 0.27 0.2825 0.2825 0.2745 0.2745 0.2745 0.254 0.254 0.2565 0.2565 0.3076
-1 -1 -1 -1 -1 -1 -1 -1 -1 -1 -1 -1 -1 -1 -1 -1 -1 -1 -1 -1 -1 -1 -1 -1 -1 -1 -1 -1 -1 -1 -1 -1 -1 -1 -1 0.13 0.13 0.26 0.26 0.2475 0.2475 0.2475 0.225 0.225 0.2165 0.2165 0.236 0.236 0.236 0.236 0.236 0.284 0.284 0.2435 0.2435 0.2555 0.2555 0.2555 0.243 0.243 0.2605 0.2605 0.2605 0.2605 0.2605 0.27 0.27 0.2825 0.2825 0.2745 0.2745 0.2745 0.254 0.254 0.2565 0.2565 0.3076
-1 -1 -1 -1 -1 -1 -1 -1 -1 -1 -1 -1 -1 -1 -1 -1 -1 -1 -1 -1 -1 -1 -1 -1 -1 -1 -1 -1 -1 -1 -1 -1 0.0531 0.0531 0.0531 0.2655 0.2655 0.2435 0.2435 0.219 0.219 0.219 0.221 0.221 0.2305 0.2305 0.236 0.236 0.236 0.2455 0.2455 0.2395 0.2395 0.252 0.252 0.2465 0.2465 0.2465 0.264 0.264 0.267 0.267 0.267 0.267 0.267 0.286 0.286 0.289 0.289 0.3135 0.3135 0.3135 0.272 0.272 0.264 0.264 0.2756
-1 -1 -1 -1 -1 -1 -1 -1 -1 -1 -1 -1 -1 -1 -1 -1 -1 -1 -1 -1 -1 -1 -1 -1 -1 -1 -1 -1 -1 -1 -1 -1 0.0531 0.0531 0.0531 0.2655 0.2655 0.2435 0.2435 0.219 0.219 0.219 0.221 0.221 0.2305 0.2305 0.236 0.236 0.236 0.2455 0.2455 0.2395 0.2395 0.252 0.252 0.2465 0.2465 0.2465 0.264 0.264 0.267 0.267 0.267 0.267 0.267 0.286 0.286 0.289 0.289 0.3135 0.3135 0.3135 0.272 0.272 0.264 0.264 0.2756
-1 -1 -1 -1 -1 -1 -1 -1 -1 -1 -1 -1 -1 -1 -1 -1 -1 -1 -1 -1 -1 -1 -1 -1 -1 -1 -1 -1 -1 -1 0.0217 0.0217 0.2785 0.2785 0.2785 0.2515 0.2515 0.2235 0.2235 0.2215 0.2215 0.2215 0.218 0.218 0.222 0.222 0.2615 0.2615 0.2615 0.244 0.244 0.2385 0.2385 0.2575 0.2575 0.255 0.255 0.255 0.259 0.259 0.292 0.292 0.292 0.292 0.292 0.29 0.29 0.2995 0.2995 0.3165 0.3165 0.3165 0.2745 0.2745 0.269 0.269 0.2635
-1 -1 -1 -1 -1 -1 -1 -1 -1 -1 -1 -1 -1 -1 -1 -1 -1 -1 -1 -1 -1 -1 -1 -1 -1 -1 -1 -1 -1 -1 0.0217 0.0217 0.2785 0.2785 0.2785 0.2515 0.2515 0.2235 0.2235 0.2215 0.2215 0.2215 0.218 0.218 0.222 0.222 0.2615 0.2615 0.2615 0.244 0.244 0.2385 0.2385 0.2575 0.2575 0.255 0.255 0.255 0.259 0.259 0.292 0.292 0.292 0.292 0.292 0.29 0.29 0.2995 0.2995 0.3165 0.3165 0.3165 0.2745 0.2745 0.269 0.269 0.2635
-1 -1 -1 -1 -1 -1 -1 -1 -1 -1 -1 -1 -1 -1 -1 -1 -1 -1 -1 -1 -1 -1 -1 -1 -1 -1 -1 -1 -1 -1 0.0217 0.0217 0.2785 0.2785 0.2785 0.2515 0.2515 0.2235 0.2235 0.2215 0.2215 0.2215 0.218 0.218 0.222 0.222 0.2615 0.2615 0.2615 0.244 0.244 0.2385 0.2385 0.2575 0.2575 0.255 0.255 0.255 0.259 0.259 0.292 0.292 0.292 0.292 0.292 0.29 0.29 0.2995 0.2995 0.3165 0.3165 0.3165 0.2745 0.2745 0.269 0.269 0.2635
-1 -1 -1 -1 -1 -1 -1 -1 -1 -1 -1 -1 -1 -1 -1 -1 -1 -1 -1 -1 -1 -1 -1 -1 -1 -1 -1 -1 -1 -1 0.1155 0.1155 0.2585 0.2585 0.2585 0.263 0.263 0.2465 0.2465 0.2305 0.2305 0.2305 0.2275 0.2275 0.2305 0.2305 0.236 0.236 0.236 0.26 0.26 0.261 0.261 0.2715 0.2715 0.2665 0.2665 0.2665 0.296 0.296 0.298 0.298 0.298 0.298 0.298 0.3 0.3 0.286 0.286 0.3101 0.3101 0.3101 0.292 0.292 0.2806 0.2806 0.244
-1 -1 -1 -1 -1 -1 -1 -1 -1 -1 -1 -1 -1 -1 -1 -1 -1 -1 -1 -1 -1 -1 -1 -1 -1 -1 -1 -1 -1 -1 0.1155 0.1155 0.2585 0.2585 0.2585 0.263 0.263 0.2465 0.2465 0.2305 0.2305 0.2305 0.2275 0.2275 0.2305 0.2305 0.236 0.236 0.236 0.26 0.26 0.261 0.261 0.2715 0.2715 0.2665 0.2665 0.2665 0.296 0.296 0.298 0.298 0.298 0.298 0.298 0.3 0.3 0.286 0.286 0.3101 0.3101 0.3101 0.292 0.292 0.2806 0.2806 0.244
-1 -1 -1 -1 -1 -1 -1 -1 -1 -1 -1 -1 -1 -1 -1 -1 -1 -1 -1 -1 -1 -1 -1 -1 -1 -1 -1 -1 0.0401 0.0401 0.234 0.234 0.28 0.28 0.28 0.263 0.263 0.2545 0.2545 0.237 0.237 0.237 0.2285 0.2285 0.231 0.231 0.2435 0.2435 0.2435 0.246 0.246 0.249 0.249 0.2855 0.2855 0.293 0.293 0.293 0.291 0.291 0.2995 0.2995 0.2995 0.2995 0.2995 0.3245 0.3245 0.335 0.335 0.31 0.31 0.31 0.2705 0.2705 0.231 0.231 0.2485
-1 -1 -1 -1 -1 -1 -1 -1 -1 -1 -1 -1 -1 -1 -1 -1 -1 -1 -1 -1 -1 -1 -1 -1 -1 -1 -1 -1 0.0401 0.0401 0.234 0.234 0.28 0.28 0.28 0.263 0.263 0.2545 0.2545 0.237 0.237 0.237 0.2285 0.2285 0.231 0.231 0.2435 0.2435 0.2435 0.246 0.246 0.249 0.249 0.2855 0.2855 0.293 0.293 0.293 0.291 0.291 0.2995 0.2995 0.2995 0.2995 0.2995 0.3245 0.3245 0.335 0.335 0.31 0.31 0.31 0.2705 0.2705 0.231 0.231 0.2485
-1 -1 -1 -1 -1 -1 -1 -1 -1 -1 -1 -1 -1 -1 -1 -1 -1 -1 -1 -1 -1 -1 -1 -1 -1 0.0556 0.0556 0.0556 0.138 0.138 0.2845 0.2845 0.2665 0.2665 0.2665 0.2595 0.2595 0.272 0.272 0.2605 0.2605 0.2605 0.2535 0.2535 0.254 0.254 0.245 0.245 0.245 0.267 0.267 0.3015 0.3015 0.273 0.273 0.3125 0.3125 0.3125 0.306 0.306 0.333 0.333 0.333 0.333 0.333 0.319 0.319 0.3105 0.3105 0.296 0.296 0.296 0.28 0.28 0.276 0.276 0.236
