ndvi/NOAA-320.asc
ncols         252
nrows         154
xllcorner     -18.017974
yllcorner     13.481982
cellsize      0.035948
NODATA_value  -9999
[rows 102 to 135 of 154, columns 77 to 153 of 252]
0.4275 0.4275 0.4435 0.4435 0.4655 0.4655 0.4885 0.4885 0.4885 0.4555 0.4555 0.4155 0.4155 0.3855 0.3855 0.3815 0.3815 0.3815 0.4645 0.4645 0.48 0.48 0.46 0.46 0.46 0.4336 0.4336 0.473 0.473 0.461 0.461 0.461 0.5046 0.5046 0.5001 0.5001 0.4245 0.4245 0.4245 0.4145 0.4145 0.4585 0.4585 0.5195 0.5195 0.5195 0.475 0.475 0.4785 0.4785 0.4625 0.4625 0.502 0.502 0.502 0.436 0.436 0.443 0.443 0.352 0.352 0.352 0.3415 0.3415 0.3695 0.3695 0.393 0.393 0.393 0.491 0.491 0.449 0.449 0.4795 0.4795 0.4795 0.3895
0.4685 0.4685 0.4255 0.4255 0.457 0.457 0.4655 0.4655 0.4655 0.437 0.437 0.4255 0.4255 0.4825 0.4825 0.396 0.396 0.396 0.451 0.451 0.452 0.452 0.452 0.452 0.452 0.4471 0.4471 0.458 0.458 0.4145 0.4145 0.4145 0.4316 0.4316 0.4595 0.4595 0.44 0.44 0.44 0.4556 0.4556 0.4335 0.4335 0.496 0.496 0.496 0.4925 0.4925 0.4855 0.4855 0.5035 0.5035 0.499 0.499 0.499 0.45 0.45 0.4565 0.4565 0.362 0.362 0.362 0.397 0.397 0.3475 0.3475 0.385 0.385 0.385 0.372 0.372 0.4216 0.4216 0.3745 0.3745 0.3745 0.4461
0.4685 0.4685 0.4255 0.4255 0.457 0.457 0.4655 0.4655 0.4655 0.437 0.437 0.4255 0.4255 0.4825 0.4825 0.396 0.396 0.396 0.451 0.451 0.452 0.452 0.452 0.452 0.452 0.4471 0.4471 0.458 0.458 0.4145 0.4145 0.4145 0.4316 0.4316 0.4595 0.4595 0.44 0.44 0.44 0.4556 0.4556 0.4335 0.4335 0.496 0.496 0.496 0.4925 0.4925 0.4855 0.4855 0.5035 0.5035 0.499 0.499 0.499 0.45 0.45 0.4565 0.4565 0.362 0.362 0.362 0.397 0.397 0.3475 0.3475 0.385 0.385 0.385 0.372 0.372 0.4216 0.4216 0.3745 0.3745 0.3745 0.4461
0.4685 0.4685 0.4255 0.4255 0.457 0.457 0.4655 0.4655 0.4655 0.437 0.437 0.4255 0.4255 0.4825 0.4825 0.396 0.396 0.396 0.451 0.451 0.452 0.452 0.452 0.452 0.452 0.4471 0.4471 0.458 0.458 0.4145 0.4145 0.4145 0.4316 0.4316 0.4595 0.4595 0.44 0.44 0.44 0.4556 0.4556 0.4335 0.4335 0.496 0.496 0.496 0.4925 0.4925 0.4855 0.4855 0.5035 0.5035 0.499 0.499 0.499 0.45 0.45 0.4565 0.4565 0.362 0.362 0.362 0.397 0.397 0.3475 0.3475 0.385 0.385 0.385 0.372 0.372 0.4216 0.4216 0.3745 0.3745 0.3745 0.4461
0.4475 0.4475 0.438 0.438 0.4685 0.4685 0.466 0.466 0.466 0.4425 0.4425 0.436 0.436 0.429 0.429 0.4141 0.4141 0.4141 0.4096 0.4096 0.4585 0.4585 0.3991 0.3991 0.3991 0.4446 0.4446 0.4816 0.4816 0.4761 0.4761 0.4761 0.4571 0.4571 0.4571 0.4571 0.48 0.48 0.48 0.4331 0.4331 0.3925 0.3925 0.438 0.438 0.438 0.481 0.481 0.5045 0.5045 0.4741 0.4741 0.5465 0.5465 0.5465 0.5495 0.5495 0.5271 0.5271 0.4275 0.4275 0.4275 0.382 0.382 0.4925 0.4925 0.338 0.338 0.338 0.396 0.396 0.3495 0.3495 0.325 0.325 0.325 0.3955
0.4475 0.4475 0.438 0.438 0.4685 0.4685 0.466 0.466 0.466 0.4425 0.4425 0.436 0.436 0.429 0.429 0.4141 0.4141 0.4141 0.4096 0.4096 0.4585 0.4585 0.3991 0.3991 0.3991 0.4446 0.4446 0.4816 0.4816 0.4761 0.4761 0.4761 0.4571 0.4571 0.4571 0.4571 0.48 0.48 0.48 0.4331 0.4331 0.3925 0.3925 0.438 0.438 0.438 0.481 0.481 0.5045 0.5045 0.4741 0.4741 0.5465 0.5465 0.5465 0.5495 0.5495 0.5271 0.5271 0.4275 0.4275 0.4275 0.382 0.382 0.4925 0.4925 0.338 0.338 0.338 0.396 0.396 0.3495 0.3495 0.325 0.325 0.325 0.3955
0.4455 0.4455 0.4265 0.4265 0.476 0.476 0.469 0.469 0.469 0.4925 0.4925 0.4915 0.4915 0.4316 0.4316 0.4611 0.4611 0.4611 0.4751 0.4751 0.4945 0.4945 0.4391 0.4391 0.4391 0.4301 0.4301 0.4956 0.4956 0.5006 0.5006 0.5006 0.4666 0.4666 0.4651 0.4651 0.455 0.455 0.455 0.459 0.459 0.4755 0.4755 0.488 0.488 0.488 0.476 0.476 0.544 0.544 0.5325 0.5325 0.5005 0.5005 0.5005 0.542 0.542 0.5675 0.5675 0.5051 0.5051 0.5051 0.4721 0.4721 0.532 0.532 0.4125 0.4125 0.4125 0.357 0.357 0.2925 0.2925 0.337 0.337 0.337 0.4255
0.4455 0.4455 0.4265 0.4265 0.476 0.476 0.469 0.469 0.469 0.4925 0.4925 0.4915 0.4915 0.4316 0.4316 0.4611 0.4611 0.4611 0.4751 0.4751 0.4945 0.4945 0.4391 0.4391 0.4391 0.4301 0.4301 0.4956 0.4956 0.5006 0.5006 0.5006 0.4666 0.4666 0.4651 0.4651 0.455 0.455 0.455 0.459 0.459 0.4755 0.4755 0.488 0.488 0.488 0.476 0.476 0.544 0.544 0.5325 0.5325 0.5005 0.5005 0.5005 0.542 0.542 0.5675 0.5675 0.5051 0.5051 0.5051 0.4721 0.4721 0.532 0.532 0.4125 0.4125 0.4125 0.357 0.357 0.2925 0.2925 0.337 0.337 0.337 0.4255
0.4495 0.4495 0.4365 0.4365 0.4261 0.4261 0.4441 0.4441 0.4441 0.491 0.491 0.4845 0.4845 0.5285 0.5285 0.5675 0.5675 0.5675 0.5455 0.5455 0.5215 0.5215 0.4645 0.4645 0.4645 0.471 0.471 0.4666 0.4666 0.5036 0.5036 0.5036 0.4986 0.4986 0.5176 0.5176 0.4966 0.4966 0.4966 0.4596 0.4596 0.43 0.43 0.511 0.511 0.511 0.506 0.506 0.538 0.538 0.5565 0.5565 0.5545 0.5545 0.5545 0.5385 0.5385 0.5605 0.5605 0.5925 0.5925 0.5925 0.5975 0.5975 0.56 0.56 0.5445 0.5445 0.5445 0.5101 0.5101 0.4255 0.4255 0.3975 0.3975 0.3975 0.375
0.4495 0.4495 0.4365 0.4365 0.4261 0.4261 0.4441 0.4441 0.4441 0.491 0.491 0.4845 0.4845 0.5285 0.5285 0.5675 0.5675 0.5675 0.5455 0.5455 0.5215 0.5215 0.4645 0.4645 0.4645 0.471 0.471 0.4666 0.4666 0.5036 0.5036 0.5036 0.4986 0.4986 0.5176 0.5176 0.4966 0.4966 0.4966 0.4596 0.4596 0.43 0.43 0.511 0.511 0.511 0.506 0.506 0.538 0.538 0.5565 0.5565 0.5545 0.5545 0.5545 0.5385 0.5385 0.5605 0.5605 0.5925 0.5925 0.5925 0.5975 0.5975 0.56 0.56 0.5445 0.5445 0.5445 0.5101 0.5101 0.4255 0.4255 0.3975 0.3975 0.3975 0.375
0.4495 0.4495 0.4365 0.4365 0.4261 0.4261 0.4441 0.4441 0.4441 0.491 0.491 0.4845 0.4845 0.5285 0.5285 0.5675 0.5675 0.5675 0.5455 0.5455 0.5215 0.5215 0.4645 0.4645 0.4645 0.471 0.471 0.4666 0.4666 0.5036 0.5036 0.5036 0.4986 0.4986 0.5176 0.5176 0.4966 0.4966 0.4966 0.4596 0.4596 0.43 0.43 0.511 0.511 0.511 0.506 0.506 0.538 0.538 0.5565 0.5565 0.5545 0.5545 0.5545 0.5385 0.5385 0.5605 0.5605 0.5925 0.5925 0.5925 0.5975 0.5975 0.56 0.56 0.5445 0.5445 0.5445 0.5101 0.5101 0.4255 0.4255 0.3975 0.3975 0.3975 0.375
0.5205 0.5205 0.536 0.536 0.516 0.516 0.492 0.492 0.492 0.538 0.538 0.5505 0.5505 0.5435 0.5435 0.5365 0.5365 0.5365 0.5345 0.5345 0.544 0.544 0.537 0.537 0.537 0.5256 0.5256 0.5326 0.5326 0.5251 0.5251 0.5251 0.5371 0.5371 0.5216 0.5216 0.5376 0.5376 0.5376 0.5056 0.5056 0.48 0.48 0.5635 0.5635 0.5635 0.537 0.537 0.512 0.512 0.5465 0.5465 0.6275 0.6275 0.6275 0.5315 0.5315 0.5835 0.5835 0.5335 0.5335 0.5335 0.5415 0.5415 0.5695 0.5695 0.5295 0.5295 0.5295 0.546 0.546 0.535 0.535 0.4575 0.4575 0.4575 0.381
0.5205 0.5205 0.536 0.536 0.516 0.516 0.492 0.492 0.492 0.538 0.538 0.5505 0.5505 0.5435 0.5435 0.5365 0.5365 0.5365 0.5345 0.5345 0.544 0.544 0.537 0.537 0.537 0.5256 0.5256 0.5326 0.5326 0.5251 0.5251 0.5251 0.5371 0.5371 0.5216 0.5216 0.5376 0.5376 0.5376 0.5056 0.5056 0.48 0.48 0.5635 0.5635 0.5635 0.537 0.537 0.512 0.512 0.5465 0.5465 0.6275 0.6275 0.6275 0.5315 0.5315 0.5835 0.5835 0.5335 0.5335 0.5335 0.5415 0.5415 0.5695 0.5695 0.5295 0.5295 0.5295 0.546 0.546 0.535 0.535 0.4575 0.4575 0.4575 0.381
0.5545 0.5545 0.5645 0.5645 0.4865 0.4865 0.512 0.512 0.512 0.542 0.542 0.5125 0.5125 0.562 0.562 0.5365 0.5365 0.5365 0.574 0.574 0.556 0.556 0.4876 0.4876 0.4876 0.4706 0.4706 0.4205 0.4205 0.4235 0.4235 0.4235 0.4771 0.4771 0.5146 0.5146 0.5056 0.5056 0.5056 0.5106 0.5106 0.4115 0.4115 0.529 0.529 0.529 0.5155 0.5155 0.4885 0.4885 0.504 0.504 0.5565 0.5565 0.5565 0.587 0.587 0.5865 0.5865 0.567 0.567 0.567 0.553 0.553 0.5245 0.5245 0.4851 0.4851 0.4851 0.5795 0.5795 0.5585 0.5585 0.4915 0.4915 0.4915 0.436
0.5545 0.5545 0.5645 0.5645 0.4865 0.4865 0.512 0.512 0.512 0.542 0.542 0.5125 0.5125 0.562 0.562 0.5365 0.5365 0.5365 0.574 0.574 0.556 0.556 0.4876 0.4876 0.4876 0.4706 0.4706 0.4205 0.4205 0.4235 0.4235 0.4235 0.4771 0.4771 0.5146 0.5146 0.5056 0.5056 0.5056 0.5106 0.5106 0.4115 0.4115 0.529 0.529 0.529 0.5155 0.5155 0.4885 0.4885 0.504 0.504 0.5565 0.5565 0.5565 0.587 0.587 0.5865 0.5865 0.567 0.567 0.567 0.553 0.553 0.5245 0.5245 0.4851 0.4851 0.4851 0.5795 0.5795 0.5585 0.5585 0.4915 0.4915 0.4915 0.436
0.534 0.534 0.5470001 0.5470001 0.493 0.493 0.5175 0.5175 0.5175 0.5295 0.5295 0.5225 0.5225 0.568 0.568 0.5405 0.5405 0.5405 0.5491 0.5491 0.5801 0.5801 0.5196 0.5196 0.5196 0.5236 0.5236 0.4456 0.4456 0.4776 0.4776 0.4776 0.41 0.41 0.4456 0.4456 0.5216 0.5216 0.5216 0.4766 0.4766 0.4576 0.4576 0.4871 0.4871 0.4871 0.497 0.497 0.548 0.548 0.512 0.512 0.5275 0.5275 0.5275 0.5625 0.5625 0.585 0.585 0.6059999 0.6059999 0.6059999 0.5585 0.5585 0.502 0.502 0.498 0.498 0.498 0.4726 0.4726 0.565 0.565 0.6151 0.6151 0.6151 0.5335
0.534 0.534 0.5470001 0.5470001 0.493 0.493 0.5175 0.5175 0.5175 0.5295 0.5295 0.5225 0.5225 0.568 0.568 0.5405 0.5405 0.5405 0.5491 0.5491 0.5801 0.5801 0.5196 0.5196 0.5196 0.5236 0.5236 0.4456 0.4456 0.4776 0.4776 0.4776 0.41 0.41 0.4456 0.4456 0.5216 0.5216 0.5216 0.4766 0.4766 0.4576 0.4576 0.4871 0.4871 0.4871 0.497 0.497 0.548 0.548 0.512 0.512 0.5275 0.5275 0.5275 0.5625 0.5625 0.585 0.585 0.6059999 0.6059999 0.6059999 0.5585 0.5585 0.502 0.502 0.498 0.498 0.498 0.4726 0.4726 0.565 0.565 0.6151 0.6151 0.6151 0.5335
0.534 0.534 0.5470001 0.5470001 0.493 0.493 0.5175 0.5175 0.5175 0.5295 0.5295 0.5225 0.5225 0.568 0.568 0.5405 0.5405 0.5405 0.5491 0.5491 0.5801 0.5801 0.5196 0.5196 0.5196 0.5236 0.5236 0.4456 0.4456 0.4776 0.4776 0.4776 0.41 0.41 0.4456 0.4456 0.5216 0.5216 0.5216 0.4766 0.4766 0.4576 0.4576 0.4871 0.4871 0.4871 0.497 0.497 0.548 0.548 0.512 0.512 0.5275 0.5275 0.5275 0.5625 0.5625 0.585 0.585 0.6059999 0.6059999 0.6059999 0.5585 0.5585 0.502 0.502 0.498 0.498 0.498 0.4726 0.4726 0.565 0.565 0.6151 0.6151 0.6151 0.5335
0.471 0.471 0.502 0.502 0.504 0.504 0.5035 0.5035 0.5035 0.54 0.54 0.516 0.516 0.524 0.524 0.5566 0.5566 0.5566 0.5826 0.5826 0.5816 0.5816 0.5491 0.5491 0.5491 0.5296 0.5296 0.45 0.45 0.4275 0.4275 0.4275 0.4811 0.4811 0.406 0.406 0.5141 0.5141 0.5141 0.5255 0.5255 0.5091 0.5091 0.5281 0.5281 0.5281 0.5565 0.5565 0.5685 0.5685 0.5515 0.5515 0.6165 0.6165 0.6165 0.5915 0.5915 0.6174999 0.6174999 0.633 0.633 0.633 0.538 0.538 0.5511 0.5511 0.5319999 0.5319999 0.5319999 0.5265 0.5265 0.5526 0.5526 0.5601 0.5601 0.5601 0.613
0.471 0.471 0.502 0.502 0.504 0.504 0.5035 0.5035 0.5035 0.54 0.54 0.516 0.516 0.524 0.524 0.5566 0.5566 0.5566 0.5826 0.5826 0.5816 0.5816 0.5491 0.5491 0.5491 0.5296 0.5296 0.45 0.45 0.4275 0.4275 0.4275 0.4811 0.4811 0.406 0.406 0.5141 0.5141 0.5141 0.5255 0.5255 0.5091 0.5091 0.5281 0.5281 0.5281 0.5565 0.5565 0.5685 0.5685 0.5515 0.5515 0.6165 0.6165 0.6165 0.5915 0.5915 0.6174999 0.6174999 0.633 0.633 0.633 0.538 0.538 0.5511 0.5511 0.5319999 0.5319999 0.5319999 0.5265 0.5265 0.5526 0.5526 0.5601 0.5601 0.5601 0.613
0.4965 0.4965 0.528 0.528 0.5625 0.5625 0.512 0.512 0.512 0.4881 0.4881 0.519 0.519 0.4851 0.4851 0.5251 0.5251 0.5251 0.5151 0.5151 0.5406 0.5406 0.5266 0.5266 0.5266 0.5311 0.5311 0.5331 0.5331 0.4656 0.4656 0.4656 0.4686 0.4686 0.5436 0.5436 0.4605 0.4605 0.4605 0.6096 0.6096 0.5991 0.5991 0.5261 0.5261 0.5261 0.5855 0.5855 0.5841 0.5841 0.5725 0.5725 0.6501 0.6501 0.6501 0.623 0.623 0.5771 0.5771 0.583 0.583 0.583 0.6035 0.6035 0.6036 0.6036 0.6016001 0.6016001 0.6016001 0.5935 0.5935 0.601 0.601 0.5715 0.5715 0.5715 0.5411
0.4965 0.4965 0.528 0.528 0.5625 0.5625 0.512 0.512 0.512 0.4881 0.4881 0.519 0.519 0.4851 0.4851 0.5251 0.5251 0.5251 0.5151 0.5151 0.5406 0.5406 0.5266 0.5266 0.5266 0.5311 0.5311 0.5331 0.5331 0.4656 0.4656 0.4656 0.4686 0.4686 0.5436 0.5436 0.4605 0.4605 0.4605 0.6096 0.6096 0.5991 0.5991 0.5261 0.5261 0.5261 0.5855 0.5855 0.5841 0.5841 0.5725 0.5725 0.6501 0.6501 0.6501 0.623 0.623 0.5771 0.5771 0.583 0.583 0.583 0.6035 0.6035 0.6036 0.6036 0.6016001 0.6016001 0.6016001 0.5935 0.5935 0.601 0.601 0.5715 0.5715 0.5715 0.5411
0.4806 0.4806 0.4681 0.4681 0.4936 0.4936 0.5046 0.5046 0.5046 0.5021 0.5021 0.4776 0.4776 0.5026 0.5026 0.4996 0.4996 0.4996 0.5581 0.5581 0.5366 0.5366 0.5896 0.5896 0.5896 0.5606 0.5606 0.5691 0.5691 0.5556 0.5556 0.5556 0.4746 0.4746 0.5281 0.5281 0.6306 0.6306 0.6306 0.48 0.48 0.4956 0.4956 0.5576 0.5576 0.5576 0.5575 0.5575 0.5496 0.5496 0.615 0.615 0.6521 0.6521 0.6521 0.6385 0.6385 0.589 0.589 0.5926 0.5926 0.5926 0.5845 0.5845 0.5676 0.5676 0.5906 0.5906 0.5906 0.6185 0.6185 0.5945 0.5945 0.638 0.638 0.638 0.5711
0.4806 0.4806 0.4681 0.4681 0.4936 0.4936 0.5046 0.5046 0.5046 0.5021 0.5021 0.4776 0.4776 0.5026 0.5026 0.4996 0.4996 0.4996 0.5581 0.5581 0.5366 0.5366 0.5896 0.5896 0.5896 0.5606 0.5606 0.5691 0.5691 0.5556 0.5556 0.5556 0.4746 0.4746 0.5281 0.5281 0.6306 0.6306 0.6306 0.48 0.48 0.4956 0.4956 0.5576 0.5576 0.5576 0.5575 0.5575 0.5496 0.5496 0.615 0.615 0.6521 0.6521 0.6521 0.6385 0.6385 0.589 0.589 0.5926 0.5926 0.5926 0.5845 0.5845 0.5676 0.5676 0.5906 0.5906 0.5906 0.6185 0.6185 0.5945 0.5945 0.638 0.638 0.638 0.5711
0.4425 0.4425 0.4856 0.4856 0.5301 0.5301 0.5171 0.5171 0.5171 0.4966 0.4966 0.4991 0.4991 0.4621 0.4621 0.4816 0.4816 0.4816 0.4931 0.4931 0.5396 0.5396 0.5925 0.5925 0.5925 0.593 0.593 0.5671 0.5671 0.4836 0.4836 0.4836 0.4841 0.4841 0.5131 0.5131 0.4576 0.4576 0.4576 0.5751 0.5751 0.5971 0.5971 0.6306 0.6306 0.6306 0.6165 0.6165 0.5581 0.5581 0.567 0.567 0.592 0.592 0.592 0.633 0.633 0.5906 0.5906 0.5551 0.5551 0.5551 0.5956 0.5956 0.6075 0.6075 0.578 0.578 0.578 0.547 0.547 0.566 0.566 0.6251 0.6251 0.6251 0.5955
0.4425 0.4425 0.4856 0.4856 0.5301 0.5301 0.5171 0.5171 0.5171 0.4966 0.4966 0.4991 0.4991 0.4621 0.4621 0.4816 0.4816 0.4816 0.4931 0.4931 0.5396 0.5396 0.5925 0.5925 0.5925 0.593 0.593 0.5671 0.5671 0.4836 0.4836 0.4836 0.4841 0.4841 0.5131 0.5131 0.4576 0.4576 0.4576 0.5751 0.5751 0.5971 0.5971 0.6306 0.6306 0.6306 0.6165 0.6165 0.5581 0.5581 0.567 0.567 0.592 0.592 0.592 0.633 0.633 0.5906 0.5906 0.5551 0.5551 0.5551 0.5956 0.5956 0.6075 0.6075 0.578 0.578 0.578 0.547 0.547 0.566 0.566 0.6251 0.6251 0.6251 0.5955
0.4425 0.4425 0.4856 0.4856 0.5301 0.5301 0.5171 0.5171 0.5171 0.4966 0.4966 0.4991 0.4991 0.4621 0.4621 0.4816 0.4816 0.4816 0.4931 0.4931 0.5396 0.5396 0.5925 0.5925 0.5925 0.593 0.593 0.5671 0.5671 0.4836 0.4836 0.4836 0.4841 0.4841 0.5131 0.5131 0.4576 0.4576 0.4576 0.5751 0.5751 0.5971 0.5971 0.6306 0.6306 0.6306 0.6165 0.6165 0.5581 0.5581 0.567 0.567 0.592 0.592 0.592 0.633 0.633 0.5906 0.5906 0.5551 0.5551 0.5551 0.5956 0.5956 0.6075 0.6075 0.578 0.578 0.578 0.547 0.547 0.566 0.566 0.6251 0.6251 0.6251 0.5955
0.4296 0.4296 0.5491 0.5491 0.5136 0.5136 0.5571 0.5571 0.5571 0.5496 0.5496 0.5226001 0.5226001 0.5255 0.5255 0.5125 0.5125 0.5125 0.5246 0.5246 0.5551 0.5551 0.5965 0.5965 0.5965 0.6161 0.6161 0.5321 0.5321 0.5426 0.5426 0.5426 0.5566 0.5566 0.6051 0.6051 0.489 0.489 0.489 0.5641 0.5641 0.5751 0.5751 0.5206 0.5206 0.5206 0.5946 0.5946 0.619 0.619 0.619 0.619 0.5961 0.5961 0.5961 0.625 0.625 0.611 0.611 0.62 0.62 0.62 0.6225 0.6225 0.669 0.669 0.607 0.607 0.607 0.609 0.609 0.619 0.619 0.6281 0.6281 0.6281 0.6035
0.4296 0.4296 0.5491 0.5491 0.5136 0.5136 0.5571 0.5571 0.5571 0.5496 0.5496 0.5226001 0.5226001 0.5255 0.5255 0.5125 0.5125 0.5125 0.5246 0.5246 0.5551 0.5551 0.5965 0.5965 0.5965 0.6161 0.6161 0.5321 0.5321 0.5426 0.5426 0.5426 0.5566 0.5566 0.6051 0.6051 0.489 0.489 0.489 0.5641 0.5641 0.5751 0.5751 0.5206 0.5206 0.5206 0.5946 0.5946 0.619 0.619 0.619 0.619 0.5961 0.5961 0.5961 0.625 0.625 0.611 0.611 0.62 0.62 0.62 0.6225 0.6225 0.669 0.669 0.607 0.607 0.607 0.609 0.609 0.619 0.619 0.6281 0.6281 0.6281 0.6035
0.4376 0.4376 0.4715 0.4715 0.5435 0.5435 0.5755 0.5755 0.5755 0.5511 0.5511 0.578 0.578 0.548 0.548 0.528 0.528 0.528 0.5266 0.5266 0.557 0.557 0.5716 0.5716 0.5716 0.5511 0.5511 0.5421 0.5421 0.5676 0.5676 0.5676 0.5531 0.5531 0.5366 0.5366 0.5871 0.5871 0.5871 0.5231 0.5231 0.5826 0.5826 0.5891 0.5891 0.5891 0.6195 0.6195 0.6305 0.6305 0.6555 0.6555 0.633 0.633 0.633 0.6446 0.6446 0.6805 0.6805 0.638 0.638 0.638 0.6345 0.6345 0.6315 0.6315 0.6715 0.6715 0.6715 0.5065 0.5065 0.5225 0.5225 0.6221 0.6221 0.6221 0.6066
0.4376 0.4376 0.4715 0.4715 0.5435 0.5435 0.5755 0.5755 0.5755 0.5511 0.5511 0.578 0.578 0.548 0.548 0.528 0.528 0.528 0.5266 0.5266 0.557 0.557 0.5716 0.5716 0.5716 0.5511 0.5511 0.5421 0.5421 0.5676 0.5676 0.5676 0.5531 0.5531 0.5366 0.5366 0.5871 0.5871 0.5871 0.5231 0.5231 0.5826 0.5826 0.5891 0.5891 0.5891 0.6195 0.6195 0.6305 0.6305 0.6555 0.6555 0.633 0.633 0.633 0.6446 0.6446 0.6805 0.6805 0.638 0.638 0.638 0.6345 0.6345 0.6315 0.6315 0.6715 0.6715 0.6715 0.5065 0.5065 0.5225 0.5225 0.6221 0.6221 0.6221 0.6066
0.4581 0.4581 0.4796 0.4796 0.549 0.549 0.525 0.525 0.525 0.5361 0.5361 0.5361 0.5361 0.504 0.504 0.533 0.533 0.533 0.5406 0.5406 0.5426 0.5426 0.5446 0.5446 0.5446 0.5345 0.5345 0.5141 0.5141 0.5961 0.5961 0.5961 0.4961 0.4961 0.6195 0.6195 0.5955 0.5955 0.5955 0.5416 0.5416 0.6671 0.6671 0.5811 0.5811 0.5811 0.6576 0.6576 0.749 0.749 0.645 0.645 0.697 0.697 0.697 0.6605 0.6605 0.721 0.721 0.6595 0.6595 0.6595 0.6596 0.6596 0.6295 0.6295 0.6531 0.6531 0.6531 0.6256 0.6256 0.6226 0.6226 0.6301 0.6301 0.6301 0.6106
0.4581 0.4581 0.4796 0.4796 0.549 0.549 0.525 0.525 0.525 0.5361 0.5361 0.5361 0.5361 0.504 0.504 0.533 0.533 0.533 0.5406 0.5406 0.5426 0.5426 0.5446 0.5446 0.5446 0.5345 0.5345 0.5141 0.5141 0.5961 0.5961 0.5961 0.4961 0.4961 0.6195 0.6195 0.5955 0.5955 0.5955 0.5416 0.5416 0.6671 0.6671 0.5811 0.5811 0.5811 0.6576 0.6576 0.749 0.749 0.645 0.645 0.697 0.697 0.697 0.6605 0.6605 0.721 0.721 0.6595 0.6595 0.6595 0.6596 0.6596 0.6295 0.6295 0.6531 0.6531 0.6531 0.6256 0.6256 0.6226 0.6226 0.6301 0.6301 0.6301 0.6106
0.4581 0.4581 0.4796 0.4796 0.549 0.549 0.525 0.525 0.525 0.5361 0.5361 0.5361 0.5361 0.504 0.504 0.533 0.533 0.533 0.5406 0.5406 0.5426 0.5426 0.5446 0.5446 0.5446 0.5345 0.5345 0.5141 0.5141 0.5961 0.5961 0.5961 0.4961 0.4961 0.6195 0.6195 0.5955 0.5955 0.5955 0.5416 0.5416 0.6671 0.6671 0.5811 0.5811 0.5811 0.6576 0.6576 0.749 0.749 0.645 0.645 0.697 0.697 0.697 0.6605 0.6605 0.721 0.721 0.6595 0.6595 0.6595 0.6596 0.6596 0.6295 0.6295 0.6531 0.6531 0.6531 0.6256 0.6256 0.6226 0.6226 0.6301 0.6301 0.6301 0.6106
