ndvi/NOAA-47.asc
ncols         252
nrows         154
xllcorner     -18.017974
yllcorner     13.481982
cellsize      0.035948
NODATA_value  -9999
[rows 102 to 135 of 154, columns 77 to 153 of 252]
0.277 0.277 0.2835 0.2835 0.28 0.28 0.266 0.266 0.266 0.2725 0.2725 0.253 0.253 0.2655 0.2655 0.252 0.252 0.252 0.2695 0.2695 0.2625 0.2625 0.2965 0.2965 0.2965 0.289 0.289 0.295 0.295 0.2895 0.2895 0.2895 0.288 0.288 0.307 0.307 0.315 0.315 0.315 0.307 0.307 0.3015 0.3015 0.3145 0.3145 0.3145 0.321 0.321 0.3005 0.3005 0.2985 0.2985 0.306 0.306 0.306 0.289 0.289 0.2875 0.2875 0.2635 0.2635 0.2635 0.277 0.277 0.3145 0.3145 0.2875 0.2875 0.2875 0.296 0.296 0.283 0.283 0.277 0.277 0.277 0.2585
0.287 0.287 0.2885 0.2885 0.2805 0.2805 0.2635 0.2635 0.2635 0.271 0.271 0.2775 0.2775 0.2915 0.2915 0.273 0.273 0.273 0.2715 0.2715 0.2735 0.2735 0.303 0.303 0.303 0.288 0.288 0.279 0.279 0.3015 0.3015 0.3015 0.3195 0.3195 0.309 0.309 0.327 0.327 0.327 0.311 0.311 0.3165 0.3165 0.3355 0.3355 0.3355 0.3115 0.3115 0.295 0.295 0.306 0.306 0.325 0.325 0.325 0.314 0.314 0.287 0.287 0.275 0.275 0.275 0.2725 0.2725 0.295 0.295 0.279 0.279 0.279 0.2805 0.2805 0.2935 0.2935 0.2535 0.2535 0.2535 0.2515
0.287 0.287 0.2885 0.2885 0.2805 0.2805 0.2635 0.2635 0.2635 0.271 0.271 0.2775 0.2775 0.2915 0.2915 0.273 0.273 0.273 0.2715 0.2715 0.2735 0.2735 0.303 0.303 0.303 0.288 0.288 0.279 0.279 0.3015 0.3015 0.3015 0.3195 0.3195 0.309 0.309 0.327 0.327 0.327 0.311 0.311 0.3165 0.3165 0.3355 0.3355 0.3355 0.3115 0.3115 0.295 0.295 0.306 0.306 0.325 0.325 0.325 0.314 0.314 0.287 0.287 0.275 0.275 0.275 0.2725 0.2725 0.295 0.295 0.279 0.279 0.279 0.2805 0.2805 0.2935 0.2935 0.2535 0.2535 0.2535 0.2515
0.287 0.287 0.2885 0.2885 0.2805 0.2805 0.2635 0.2635 0.2635 0.271 0.271 0.2775 0.2775 0.2915 0.2915 0.273 0.273 0.273 0.2715 0.2715 0.2735 0.2735 0.303 0.303 0.303 0.288 0.288 0.279 0.279 0.3015 0.3015 0.3015 0.3195 0.3195 0.309 0.309 0.327 0.327 0.327 0.311 0.311 0.3165 0.3165 0.3355 0.3355 0.3355 0.3115 0.3115 0.295 0.295 0.306 0.306 0.325 0.325 0.325 0.314 0.314 0.287 0.287 0.275 0.275 0.275 0.2725 0.2725 0.295 0.295 0.279 0.279 0.279 0.2805 0.2805 0.2935 0.2935 0.2535 0.2535 0.2535 0.2515
0.2815 0.2815 0.2795 0.2795 0.27 0.27 0.275 0.275 0.275 0.262 0.262 0.2625 0.2625 0.2675 0.2675 0.294 0.294 0.294 0.283 0.283 0.2995 0.2995 0.327 0.327 0.327 0.332 0.332 0.337 0.337 0.329 0.329 0.329 0.3475 0.3475 0.331 0.331 0.3315 0.3315 0.3315 0.313 0.313 0.3185 0.3185 0.316 0.316 0.316 0.3155 0.3155 0.3235 0.3235 0.329 0.329 0.322 0.322 0.322 0.3235 0.3235 0.3125 0.3125 0.3315 0.3315 0.3315 0.28 0.28 0.303 0.303 0.2885 0.2885 0.2885 0.261 0.261 0.235 0.235 0.252 0.252 0.252 0.271
0.2815 0.2815 0.2795 0.2795 0.27 0.27 0.275 0.275 0.275 0.262 0.262 0.2625 0.2625 0.2675 0.2675 0.294 0.294 0.294 0.283 0.283 0.2995 0.2995 0.327 0.327 0.327 0.332 0.332 0.337 0.337 0.329 0.329 0.329 0.3475 0.3475 0.331 0.331 0.3315 0.3315 0.3315 0.313 0.313 0.3185 0.3185 0.316 0.316 0.316 0.3155 0.3155 0.3235 0.3235 0.329 0.329 0.322 0.322 0.322 0.3235 0.3235 0.3125 0.3125 0.3315 0.3315 0.3315 0.28 0.28 0.303 0.303 0.2885 0.2885 0.2885 0.261 0.261 0.235 0.235 0.252 0.252 0.252 0.271
0.2895 0.2895 0.288 0.288 0.283 0.283 0.2925 0.2925 0.2925 0.3005 0.3005 0.304 0.304 0.3025 0.3025 0.3075 0.3075 0.3075 0.336 0.336 0.3185 0.3185 0.3315 0.3315 0.3315 0.3555 0.3555 0.3585 0.3585 0.3285 0.3285 0.3285 0.349 0.349 0.341 0.341 0.3275 0.3275 0.3275 0.323 0.323 0.3335 0.3335 0.317 0.317 0.317 0.322 0.322 0.3395 0.3395 0.336 0.336 0.337 0.337 0.337 0.3345 0.3345 0.3325 0.3325 0.3195 0.3195 0.3195 0.3065 0.3065 0.3055 0.3055 0.3205 0.3205 0.3205 0.301 0.301 0.2835 0.2835 0.28 0.28 0.28 0.28
0.2895 0.2895 0.288 0.288 0.283 0.283 0.2925 0.2925 0.2925 0.3005 0.3005 0.304 0.304 0.3025 0.3025 0.3075 0.3075 0.3075 0.336 0.336 0.3185 0.3185 0.3315 0.3315 0.3315 0.3555 0.3555 0.3585 0.3585 0.3285 0.3285 0.3285 0.349 0.349 0.341 0.341 0.3275 0.3275 0.3275 0.323 0.323 0.3335 0.3335 0.317 0.317 0.317 0.322 0.322 0.3395 0.3395 0.336 0.336 0.337 0.337 0.337 0.3345 0.3345 0.3325 0.3325 0.3195 0.3195 0.3195 0.3065 0.3065 0.3055 0.3055 0.3205 0.3205 0.3205 0.301 0.301 0.2835 0.2835 0.28 0.28 0.28 0.28
0.3225 0.3225 0.306 0.306 0.291 0.291 0.316 0.316 0.316 0.3095 0.3095 0.324 0.324 0.3305 0.3305 0.3245 0.3245 0.3245 0.337 0.337 0.329 0.329 0.3365 0.3365 0.3365 0.3335 0.3335 0.3225 0.3225 0.3235 0.3235 0.3235 0.3165 0.3165 0.3335 0.3335 0.3485 0.3485 0.3485 0.336 0.336 0.3475 0.3475 0.3425 0.3425 0.3425 0.348 0.348 0.339 0.339 0.3555 0.3555 0.3715 0.3715 0.3715 0.3795 0.3795 0.3645 0.3645 0.352 0.352 0.352 0.3475 0.3475 0.347 0.347 0.3485 0.3485 0.3485 0.3345 0.3345 0.315 0.315 0.308 0.308 0.308 0.282
0.3225 0.3225 0.306 0.306 0.291 0.291 0.316 0.316 0.316 0.3095 0.3095 0.324 0.324 0.3305 0.3305 0.3245 0.3245 0.3245 0.337 0.337 0.329 0.329 0.3365 0.3365 0.3365 0.3335 0.3335 0.3225 0.3225 0.3235 0.3235 0.3235 0.3165 0.3165 0.3335 0.3335 0.3485 0.3485 0.3485 0.336 0.336 0.3475 0.3475 0.3425 0.3425 0.3425 0.348 0.348 0.339 0.339 0.3555 0.3555 0.3715 0.3715 0.3715 0.3795 0.3795 0.3645 0.3645 0.352 0.352 0.352 0.3475 0.3475 0.347 0.347 0.3485 0.3485 0.3485 0.3345 0.3345 0.315 0.315 0.308 0.308 0.308 0.282
0.3225 0.3225 0.306 0.306 0.291 0.291 0.316 0.316 0.316 0.3095 0.3095 0.324 0.324 0.3305 0.3305 0.3245 0.3245 0.3245 0.337 0.337 0.329 0.329 0.3365 0.3365 0.3365 0.3335 0.3335 0.3225 0.3225 0.3235 0.3235 0.3235 0.3165 0.3165 0.3335 0.3335 0.3485 0.3485 0.3485 0.336 0.336 0.3475 0.3475 0.3425 0.3425 0.3425 0.348 0.348 0.339 0.339 0.3555 0.3555 0.3715 0.3715 0.3715 0.3795 0.3795 0.3645 0.3645 0.352 0.352 0.352 0.3475 0.3475 0.347 0.347 0.3485 0.3485 0.3485 0.3345 0.3345 0.315 0.315 0.308 0.308 0.308 0.282
0.3135 0.3135 0.3365 0.3365 0.3585 0.3585 0.3515 0.3515 0.3515 0.3335 0.3335 0.3365 0.3365 0.309 0.309 0.334 0.334 0.334 0.3095 0.3095 0.3205 0.3205 0.3355 0.3355 0.3355 0.3275 0.3275 0.305 0.305 0.3265 0.3265 0.3265 0.327 0.327 0.3375 0.3375 0.362 0.362 0.362 0.36 0.36 0.3745 0.3745 0.3745 0.3745 0.3745 0.378 0.378 0.3535 0.3535 0.3585 0.3585 0.3575 0.3575 0.3575 0.383 0.383 0.3735 0.3735 0.357 0.357 0.357 0.3365 0.3365 0.3385 0.3385 0.335 0.335 0.335 0.341 0.341 0.352 0.352 0.293 0.293 0.293 0.307
0.3135 0.3135 0.3365 0.3365 0.3585 0.3585 0.3515 0.3515 0.3515 0.3335 0.3335 0.3365 0.3365 0.309 0.309 0.334 0.334 0.334 0.3095 0.3095 0.3205 0.3205 0.3355 0.3355 0.3355 0.3275 0.3275 0.305 0.305 0.3265 0.3265 0.3265 0.327 0.327 0.3375 0.3375 0.362 0.362 0.362 0.36 0.36 0.3745 0.3745 0.3745 0.3745 0.3745 0.378 0.378 0.3535 0.3535 0.3585 0.3585 0.3575 0.3575 0.3575 0.383 0.383 0.3735 0.3735 0.357 0.357 0.357 0.3365 0.3365 0.3385 0.3385 0.335 0.335 0.335 0.341 0.341 0.352 0.352 0.293 0.293 0.293 0.307
0.333 0.333 0.3315 0.3315 0.332 0.332 0.329 0.329 0.329 0.329 0.329 0.3155 0.3155 0.289 0.289 0.312 0.312 0.312 0.3215 0.3215 0.281 0.281 0.299 0.299 0.299 0.2945 0.2945 0.3165 0.3165 0.2965 0.2965 0.2965 0.32 0.32 0.346 0.346 0.337 0.337 0.337 0.3065 0.3065 0.3185 0.3185 0.3475 0.3475 0.3475 0.348 0.348 0.3665 0.3665 0.3555 0.3555 0.365 0.365 0.365 0.357 0.357 0.3605 0.3605 0.3635 0.3635 0.3635 0.356 0.356 0.3335 0.3335 0.3535 0.3535 0.3535 0.362 0.362 0.3465 0.3465 0.3315 0.3315 0.3315 0.2895
0.333 0.333 0.3315 0.3315 0.332 0.332 0.329 0.329 0.329 0.329 0.329 0.3155 0.3155 0.289 0.289 0.312 0.312 0.312 0.3215 0.3215 0.281 0.281 0.299 0.299 0.299 0.2945 0.2945 0.3165 0.3165 0.2965 0.2965 0.2965 0.32 0.32 0.346 0.346 0.337 0.337 0.337 0.3065 0.3065 0.3185 0.3185 0.3475 0.3475 0.3475 0.348 0.348 0.3665 0.3665 0.3555 0.3555 0.365 0.365 0.365 0.357 0.357 0.3605 0.3605 0.3635 0.3635 0.3635 0.356 0.356 0.3335 0.3335 0.3535 0.3535 0.3535 0.362 0.362 0.3465 0.3465 0.3315 0.3315 0.3315 0.2895
0.3235 0.3235 0.3195 0.3195 0.3215 0.3215 0.3265 0.3265 0.3265 0.325 0.325 0.318 0.318 0.2795 0.2795 0.3085 0.3085 0.3085 0.318 0.318 0.312 0.312 0.282 0.282 0.282 0.2865 0.2865 0.3015 0.3015 0.337 0.337 0.337 0.3335 0.3335 0.3155 0.3155 0.3365 0.3365 0.3365 0.3225 0.3225 0.341 0.341 0.3395 0.3395 0.3395 0.354 0.354 0.344 0.344 0.3605 0.3605 0.3555 0.3555 0.3555 0.3625 0.3625 0.3585 0.3585 0.351 0.351 0.351 0.354 0.354 0.3405 0.3405 0.3585 0.3585 0.3585 0.3565 0.3565 0.352 0.352 0.3515 0.3515 0.3515 0.3265
0.3235 0.3235 0.3195 0.3195 0.3215 0.3215 0.3265 0.3265 0.3265 0.325 0.325 0.318 0.318 0.2795 0.2795 0.3085 0.3085 0.3085 0.318 0.318 0.312 0.312 0.282 0.282 0.282 0.2865 0.2865 0.3015 0.3015 0.337 0.337 0.337 0.3335 0.3335 0.3155 0.3155 0.3365 0.3365 0.3365 0.3225 0.3225 0.341 0.341 0.3395 0.3395 0.3395 0.354 0.354 0.344 0.344 0.3605 0.3605 0.3555 0.3555 0.3555 0.3625 0.3625 0.3585 0.3585 0.351 0.351 0.351 0.354 0.354 0.3405 0.3405 0.3585 0.3585 0.3585 0.3565 0.3565 0.352 0.352 0.3515 0.3515 0.3515 0.3265
0.3235 0.3235 0.3195 0.3195 0.3215 0.3215 0.3265 0.3265 0.3265 0.325 0.325 0.318 0.318 0.2795 0.2795 0.3085 0.3085 0.3085 0.318 0.318 0.312 0.312 0.282 0.282 0.282 0.2865 0.2865 0.3015 0.3015 0.337 0.337 0.337 0.3335 0.3335 0.3155 0.3155 0.3365 0.3365 0.3365 0.3225 0.3225 0.341 0.341 0.3395 0.3395 0.3395 0.354 0.354 0.344 0.344 0.3605 0.3605 0.3555 0.3555 0.3555 0.3625 0.3625 0.3585 0.3585 0.351 0.351 0.351 0.354 0.354 0.3405 0.3405 0.3585 0.3585 0.3585 0.3565 0.3565 0.352 0.352 0.3515 0.3515 0.3515 0.3265
0.357 0.357 0.335 0.335 0.318 0.318 0.3165 0.3165 0.3165 0.308 0.308 0.314 0.314 0.326 0.326 0.319 0.319 0.319 0.314 0.314 0.3065 0.3065 0.3045 0.3045 0.3045 0.321 0.321 0.319 0.319 0.307 0.307 0.307 0.3355 0.3355 0.3485 0.3485 0.324 0.324 0.324 0.3385 0.3385 0.3465 0.3465 0.336 0.336 0.336 0.3535 0.3535 0.3565 0.3565 0.3595 0.3595 0.3575 0.3575 0.3575 0.355 0.355 0.352 0.352 0.355 0.355 0.355 0.348 0.348 0.3505 0.3505 0.351 0.351 0.351 0.319 0.319 0.304 0.304 0.325 0.325 0.325 0.328
0.357 0.357 0.335 0.335 0.318 0.318 0.3165 0.3165 0.3165 0.308 0.308 0.314 0.314 0.326 0.326 0.319 0.319 0.319 0.314 0.314 0.3065 0.3065 0.3045 0.3045 0.3045 0.321 0.321 0.319 0.319 0.307 0.307 0.307 0.3355 0.3355 0.3485 0.3485 0.324 0.324 0.324 0.3385 0.3385 0.3465 0.3465 0.336 0.336 0.336 0.3535 0.3535 0.3565 0.3565 0.3595 0.3595 0.3575 0.3575 0.3575 0.355 0.355 0.352 0.352 0.355 0.355 0.355 0.348 0.348 0.3505 0.3505 0.351 0.351 0.351 0.319 0.319 0.304 0.304 0.325 0.325 0.325 0.328
0.3345 0.3345 0.3115 0.3115 0.3135 0.3135 0.3055 0.3055 0.3055 0.319 0.319 0.3205 0.3205 0.3255 0.3255 0.3185 0.3185 0.3185 0.3 0.3 0.3055 0.3055 0.302 0.302 0.302 0.2945 0.2945 0.3355 0.3355 0.3425 0.3425 0.3425 0.3565 0.3565 0.3415 0.3415 0.332 0.332 0.332 0.371 0.371 0.338 0.338 0.3545 0.3545 0.3545 0.3595 0.3595 0.355 0.355 0.327 0.327 0.3325 0.3325 0.3325 0.308 0.308 0.325 0.325 0.3375 0.3375 0.3375 0.327 0.327 0.34 0.34 0.351 0.351 0.351 0.343 0.343 0.316 0.316 0.309 0.309 0.309 0.3505
0.3345 0.3345 0.3115 0.3115 0.3135 0.3135 0.3055 0.3055 0.3055 0.319 0.319 0.3205 0.3205 0.3255 0.3255 0.3185 0.3185 0.3185 0.3 0.3 0.3055 0.3055 0.302 0.302 0.302 0.2945 0.2945 0.3355 0.3355 0.3425 0.3425 0.3425 0.3565 0.3565 0.3415 0.3415 0.332 0.332 0.332 0.371 0.371 0.338 0.338 0.3545 0.3545 0.3545 0.3595 0.3595 0.355 0.355 0.327 0.327 0.3325 0.3325 0.3325 0.308 0.308 0.325 0.325 0.3375 0.3375 0.3375 0.327 0.327 0.34 0.34 0.351 0.351 0.351 0.343 0.343 0.316 0.316 0.309 0.309 0.309 0.3505
0.351 0.351 0.267 0.267 0.295 0.295 0.292 0.292 0.292 0.326 0.326 0.3185 0.3185 0.3145 0.3145 0.304 0.304 0.304 0.318 0.318 0.3255 0.3255 0.333 0.333 0.333 0.341 0.341 0.337 0.337 0.331 0.331 0.331 0.335 0.335 0.34 0.34 0.3285 0.3285 0.3285 0.352 0.352 0.3385 0.3385 0.335 0.335 0.335 0.339 0.339 0.3535 0.3535 0.3385 0.3385 0.325 0.325 0.325 0.3105 0.3105 0.332 0.332 0.319 0.319 0.319 0.2995 0.2995 0.334 0.334 0.3405 0.3405 0.3405 0.309 0.309 0.303 0.303 0.3335 0.3335 0.3335 0.3305
0.351 0.351 0.267 0.267 0.295 0.295 0.292 0.292 0.292 0.326 0.326 0.3185 0.3185 0.3145 0.3145 0.304 0.304 0.304 0.318 0.318 0.3255 0.3255 0.333 0.333 0.333 0.341 0.341 0.337 0.337 0.331 0.331 0.331 0.335 0.335 0.34 0.34 0.3285 0.3285 0.3285 0.352 0.352 0.3385 0.3385 0.335 0.335 0.335 0.339 0.339 0.3535 0.3535 0.3385 0.3385 0.325 0.325 0.325 0.3105 0.3105 0.332 0.332 0.319 0.319 0.319 0.2995 0.2995 0.334 0.334 0.3405 0.3405 0.3405 0.309 0.309 0.303 0.303 0.3335 0.3335 0.3335 0.3305
0.382 0.382 0.2825 0.2825 0.252 0.252 0.313 0.313 0.313 0.3315 0.3315 0.324 0.324 0.311 0.311 0.3245 0.3245 0.3245 0.324 0.324 0.339 0.339 0.3515 0.3515 0.3515 0.335 0.335 0.354 0.354 0.321 0.321 0.321 0.3305 0.3305 0.376 0.376 0.3195 0.3195 0.3195 0.3625 0.3625 0.3225 0.3225 0.305 0.305 0.305 0.328 0.328 0.356 0.356 0.3395 0.3395 0.3425 0.3425 0.3425 0.3335 0.3335 0.304 0.304 0.298 0.298 0.298 0.29 0.29 0.32 0.32 0.3165 0.3165 0.3165 0.294 0.294 0.293 0.293 0.2885 0.2885 0.2885 0.299
0.382 0.382 0.2825 0.2825 0.252 0.252 0.313 0.313 0.313 0.3315 0.3315 0.324 0.324 0.311 0.311 0.3245 0.3245 0.3245 0.324 0.324 0.339 0.339 0.3515 0.3515 0.3515 0.335 0.335 0.354 0.354 0.321 0.321 0.321 0.3305 0.3305 0.376 0.376 0.3195 0.3195 0.3195 0.3625 0.3625 0.3225 0.3225 0.305 0.305 0.305 0.328 0.328 0.356 0.356 0.3395 0.3395 0.3425 0.3425 0.3425 0.3335 0.3335 0.304 0.304 0.298 0.298 0.298 0.29 0.29 0.32 0.32 0.3165 0.3165 0.3165 0.294 0.294 0.293 0.293 0.2885 0.2885 0.2885 0.299
0.382 0.382 0.2825 0.2825 0.252 0.252 0.313 0.313 0.313 0.3315 0.3315 0.324 0.324 0.311 0.311 0.3245 0.3245 0.3245 0.324 0.324 0.339 0.339 0.3515 0.3515 0.3515 0.335 0.335 0.354 0.354 0.321 0.321 0.321 0.3305 0.3305 0.376 0.376 0.3195 0.3195 0.3195 0.3625 0.3625 0.3225 0.3225 0.305 0.305 0.305 0.328 0.328 0.356 0.356 0.3395 0.3395 0.3425 0.3425 0.3425 0.3335 0.3335 0.304 0.304 0.298 0.298 0.298 0.29 0.29 0.32 0.32 0.3165 0.3165 0.3165 0.294 0.294 0.293 0.293 0.2885 0.2885 0.2885 0.299
0.365 0.365 0.3235 0.3235 0.351 0.351 0.351 0.351 0.351 0.348 0.348 0.3105 0.3105 0.3085 0.3085 0.325 0.325 0.325 0.3085 0.3085 0.3055 0.3055 0.318 0.318 0.318 0.3645 0.3645 0.3785 0.3785 0.3665 0.3665 0.3665 0.369 0.369 0.3145 0.3145 0.335 0.335 0.335 0.3115 0.3115 0.302 0.302 0.314 0.314 0.314 0.3095 0.3095 0.334 0.334 0.3445 0.3445 0.36 0.36 0.36 0.3095 0.3095 0.3355 0.3355 0.3355 0.3355 0.3355 0.3095 0.3095 0.3095 0.3095 0.335 0.335 0.335 0.313 0.313 0.2845 0.2845 0.2685 0.2685 0.2685 0.3165
0.365 0.365 0.3235 0.3235 0.351 0.351 0.351 0.351 0.351 0.348 0.348 0.3105 0.3105 0.3085 0.3085 0.325 0.325 0.325 0.3085 0.3085 0.3055 0.3055 0.318 0.318 0.318 0.3645 0.3645 0.3785 0.3785 0.3665 0.3665 0.3665 0.369 0.369 0.3145 0.3145 0.335 0.335 0.335 0.3115 0.3115 0.302 0.302 0.314 0.314 0.314 0.3095 0.3095 0.334 0.334 0.3445 0.3445 0.36 0.36 0.36 0.3095 0.3095 0.3355 0.3355 0.3355 0.3355 0.3355 0.3095 0.3095 0.3095 0.3095 0.335 0.335 0.335 0.313 0.313 0.2845 0.2845 0.2685 0.2685 0.2685 0.3165
0.302 0.302 0.338 0.338 0.3145 0.3145 0.307 0.307 0.307 0.292 0.292 0.3165 0.3165 0.3165 0.3165 0.322 0.322 0.322 0.328 0.328 0.29 0.29 0.295 0.295 0.295 0.31 0.31 0.3821 0.3821 0.3525 0.3525 0.3525 0.339 0.339 0.331 0.331 0.327 0.327 0.327 0.3555 0.3555 0.349 0.349 0.325 0.325 0.325 0.3345 0.3345 0.332 0.332 0.371 0.371 0.3235 0.3235 0.3235 0.2805 0.2805 0.299 0.299 0.3205 0.3205 0.3205 0.3285 0.3285 0.3295 0.3295 0.3215 0.3215 0.3215 0.318 0.318 0.3355 0.3355 0.286 0.286 0.286 0.3435
0.302 0.302 0.338 0.338 0.3145 0.3145 0.307 0.307 0.307 0.292 0.292 0.3165 0.3165 0.3165 0.3165 0.322 0.322 0.322 0.328 0.328 0.29 0.29 0.295 0.295 0.295 0.31 0.31 0.3821 0.3821 0.3525 0.3525 0.3525 0.339 0.339 0.331 0.331 0.327 0.327 0.327 0.3555 0.3555 0.349 0.349 0.325 0.325 0.325 0.3345 0.3345 0.332 0.332 0.371 0.371 0.3235 0.3235 0.3235 0.2805 0.2805 0.299 0.299 0.3205 0.3205 0.3205 0.3285 0.3285 0.3295 0.3295 0.3215 0.3215 0.3215 0.318 0.318 0.3355 0.3355 0.286 0.286 0.286 0.3435
0.2845 0.2845 0.287 0.287 0.3285 0.3285 0.3185 0.3185 0.3185 0.301 0.301 0.295 0.295 0.291 0.291 0.309 0.309 0.309 0.3245 0.3245 0.3435 0.3435 0.359 0.359 0.359 0.321 0.321 0.3465 0.3465 0.299 0.299 0.299 0.3365 0.3365 0.3225 0.3225 0.309 0.309 0.309 0.3495 0.3495 0.3735 0.3735 0.352 0.352 0.352 0.3625 0.3625 0.3926 0.3926 0.3505 0.3505 0.3851 0.3851 0.3851 0.3565 0.3565 0.368 0.368 0.306 0.306 0.306 0.3665 0.3665 0.3821 0.3821 0.3956 0.3956 0.3956 0.328 0.328 0.3265 0.3265 0.2735 0.2735 0.2735 0.381
0.2845 0.2845 0.287 0.287 0.3285 0.3285 0.3185 0.3185 0.3185 0.301 0.301 0.295 0.295 0.291 0.291 0.309 0.309 0.309 0.3245 0.3245 0.3435 0.3435 0.359 0.359 0.359 0.321 0.321 0.3465 0.3465 0.299 0.299 0.299 0.3365 0.3365 0.3225 0.3225 0.309 0.309 0.309 0.3495 0.3495 0.3735 0.3735 0.352 0.352 0.352 0.3625 0.3625 0.3926 0.3926 0.3505 0.3505 0.3851 0.3851 0.3851 0.3565 0.3565 0.368 0.368 0.306 0.306 0.306 0.3665 0.3665 0.3821 0.3821 0.3956 0.3956 0.3956 0.328 0.328 0.3265 0.3265 0.2735 0.2735 0.2735 0.381
0.2845 0.2845 0.287 0.287 0.3285 0.3285 0.3185 0.3185 0.3185 0.301 0.301 0.295 0.295 0.291 0.291 0.309 0.309 0.309 0.3245 0.3245 0.3435 0.3435 0.359 0.359 0.359 0.321 0.321 0.3465 0.3465 0.299 0.299 0.299 0.3365 0.3365 0.3225 0.3225 0.309 0.309 0.309 0.3495 0.3495 0.3735 0.3735 0.352 0.352 0.352 0.3625 0.3625 0.3926 0.3926 0.3505 0.3505 0.3851 0.3851 0.3851 0.3565 0.3565 0.368 0.368 0.306 0.306 0.306 0.3665 0.3665 0.3821 0.3821 0.3956 0.3956 0.3956 0.328 0.328 0.3265 0.3265 0.2735 0.2735 0.2735 0.381
