ndvi/NOAA-357.asc
ncols         252
nrows         154
xllcorner     -18.017974
yllcorner     13.481982
cellsize      0.035948
NODATA_value  -9999
[rows 34 to 67 of 154, columns 77 to 153 of 252]
0.165 0.165 0.148 0.148 0.147 0.147 0.13 0.13 0.13 0.1415 0.1415 0.135 0.135 0.129 0.129 0.133 0.133 0.133 0.125 0.125 0.138 0.138 0.1325 0.1325 0.1325 0.1305 0.1305 0.1455 0.1455 0.1455 0.1455 0.1455 0.109 0.109 0.142 0.142 0.1325 0.1325 0.1325 0.13 0.13 0.135 0.135 0.109 0.109 0.109 0.116 0.116 0.1175 0.1175 0.1215 0.1215 0.1155 0.1155 0.1155 0.117 0.117 0.117 0.117 0.102 0.102 0.102 0.1015 0.1015 0.1135 0.1135 0.1115 0.1115 0.1115 0.127 0.127 0.147 0.147 0.148 0.148 0.148 0.154
0.165 0.165 0.148 0.148 0.147 0.147 0.13 0.13 0.13 0.1415 0.1415 0.135 0.135 0.129 0.129 0.133 0.133 0.133 0.125 0.125 0.138 0.138 0.1325 0.1325 0.1325 0.1305 0.1305 0.1455 0.1455 0.1455 0.1455 0.1455 0.109 0.109 0.142 0.142 0.1325 0.1325 0.1325 0.13 0.13 0.135 0.135 0.109 0.109 0.109 0.116 0.116 0.1175 0.1175 0.1215 0.1215 0.1155 0.1155 0.1155 0.117 0.117 0.117 0.117 0.102 0.102 0.102 0.1015 0.1015 0.1135 0.1135 0.1115 0.1115 0.1115 0.127 0.127 0.147 0.147 0.148 0.148 0.148 0.154
0.165 0.165 0.148 0.148 0.147 0.147 0.13 0.13 0.13 0.1415 0.1415 0.135 0.135 0.129 0.129 0.133 0.133 0.133 0.125 0.125 0.138 0.138 0.1325 0.1325 0.1325 0.1305 0.1305 0.1455 0.1455 0.1455 0.1455 0.1455 0.109 0.109 0.142 0.142 0.1325 0.1325 0.1325 0.13 0.13 0.135 0.135 0.109 0.109 0.109 0.116 0.116 0.1175 0.1175 0.1215 0.1215 0.1155 0.1155 0.1155 0.117 0.117 0.117 0.117 0.102 0.102 0.102 0.1015 0.1015 0.1135 0.1135 0.1115 0.1115 0.1115 0.127 0.127 0.147 0.147 0.148 0.148 0.148 0.154
0.171 0.171 0.1685 0.1685 0.151 0.151 0.1345 0.1345 0.1345 0.138 0.138 0.1285 0.1285 0.137 0.137 0.11 0.11 0.11 0.1455 0.1455 0.146 0.146 0.153 0.153 0.153 0.145 0.145 0.132 0.132 0.147 0.147 0.147 0.143 0.143 0.132 0.132 0.141 0.141 0.141 0.1285 0.1285 0.1475 0.1475 0.164 0.164 0.164 0.133 0.133 0.131 0.131 0.1185 0.1185 0.1085 0.1085 0.1085 0.075 0.075 0.1055 0.1055 0.15 0.15 0.15 0.15 0.15 0.1335 0.1335 0.1145 0.1145 0.1145 0.1225 0.1225 0.1635 0.1635 0.179 0.179 0.179 0.181
0.171 0.171 0.1685 0.1685 0.151 0.151 0.1345 0.1345 0.1345 0.138 0.138 0.1285 0.1285 0.137 0.137 0.11 0.11 0.11 0.1455 0.1455 0.146 0.146 0.153 0.153 0.153 0.145 0.145 0.132 0.132 0.147 0.147 0.147 0.143 0.143 0.132 0.132 0.141 0.141 0.141 0.1285 0.1285 0.1475 0.1475 0.164 0.164 0.164 0.133 0.133 0.131 0.131 0.1185 0.1185 0.1085 0.1085 0.1085 0.075 0.075 0.1055 0.1055 0.15 0.15 0.15 0.15 0.15 0.1335 0.1335 0.1145 0.1145 0.1145 0.1225 0.1225 0.1635 0.1635 0.179 0.179 0.179 0.181
0.127 0.127 0.1305 0.1305 0.144 0.144 0.1545 0.1545 0.1545 0.134 0.134 0.136 0.136 0.1275 0.1275 0.133 0.133 0.133 0.1405 0.1405 0.1785 0.1785 0.148 0.148 0.148 0.1335 0.1335 0.144 0.144 0.1405 0.1405 0.1405 0.16 0.16 0.158 0.158 0.143 0.143 0.143 0.154 0.154 0.162 0.162 0.183 0.183 0.183 0.1405 0.1405 0.133 0.133 0.118 0.118 0.165 0.165 0.165 0.1665 0.1665 0.162 0.162 0.174 0.174 0.174 0.153 0.153 0.108 0.108 0.125 0.125 0.125 0.105 0.105 0.1215 0.1215 0.176 0.176 0.176 0.1765
0.127 0.127 0.1305 0.1305 0.144 0.144 0.1545 0.1545 0.1545 0.134 0.134 0.136 0.136 0.1275 0.1275 0.133 0.133 0.133 0.1405 0.1405 0.1785 0.1785 0.148 0.148 0.148 0.1335 0.1335 0.144 0.144 0.1405 0.1405 0.1405 0.16 0.16 0.158 0.158 0.143 0.143 0.143 0.154 0.154 0.162 0.162 0.183 0.183 0.183 0.1405 0.1405 0.133 0.133 0.118 0.118 0.165 0.165 0.165 0.1665 0.1665 0.162 0.162 0.174 0.174 0.174 0.153 0.153 0.108 0.108 0.125 0.125 0.125 0.105 0.105 0.1215 0.1215 0.176 0.176 0.176 0.1765
0.1765 0.1765 0.129 0.129 0.1295 0.1295 0.126 0.126 0.126 0.1415 0.1415 0.141 0.141 0.14 0.14 0.154 0.154 0.154 0.178 0.178 0.178 0.178 0.1655 0.1655 0.1655 0.151 0.151 0.168 0.168 0.1665 0.1665 0.1665 0.159 0.159 0.1575 0.1575 0.1555 0.1555 0.1555 0.1925 0.1925 0.2125 0.2125 0.1975 0.1975 0.1975 0.159 0.159 0.1585 0.1585 0.163 0.163 0.211 0.211 0.211 0.1575 0.1575 0.185 0.185 0.191 0.191 0.191 0.1695 0.1695 0.155 0.155 0.1275 0.1275 0.1275 0.143 0.143 0.134 0.134 0.1535 0.1535 0.1535 0.161
0.1765 0.1765 0.129 0.129 0.1295 0.1295 0.126 0.126 0.126 0.1415 0.1415 0.141 0.141 0.14 0.14 0.154 0.154 0.154 0.178 0.178 0.178 0.178 0.1655 0.1655 0.1655 0.151 0.151 0.168 0.168 0.1665 0.1665 0.1665 0.159 0.159 0.1575 0.1575 0.1555 0.1555 0.1555 0.1925 0.1925 0.2125 0.2125 0.1975 0.1975 0.1975 0.159 0.159 0.1585 0.1585 0.163 0.163 0.211 0.211 0.211 0.1575 0.1575 0.185 0.185 0.191 0.191 0.191 0.1695 0.1695 0.155 0.155 0.1275 0.1275 0.1275 0.143 0.143 0.134 0.134 0.1535 0.1535 0.1535 0.161
0.1765 0.1765 0.129 0.129 0.1295 0.1295 0.126 0.126 0.126 0.1415 0.1415 0.141 0.141 0.14 0.14 0.154 0.154 0.154 0.178 0.178 0.178 0.178 0.1655 0.1655 0.1655 0.151 0.151 0.168 0.168 0.1665 0.1665 0.1665 0.159 0.159 0.1575 0.1575 0.1555 0.1555 0.1555 0.1925 0.1925 0.2125 0.2125 0.1975 0.1975 0.1975 0.159 0.159 0.1585 0.1585 0.163 0.163 0.211 0.211 0.211 0.1575 0.1575 0.185 0.185 0.191 0.191 0.191 0.1695 0.1695 0.155 0.155 0.1275 0.1275 0.1275 0.143 0.143 0.134 0.134 0.1535 0.1535 0.1535 0.161
0.1655 0.1655 0.1435 0.1435 0.1365 0.1365 0.138 0.138 0.138 0.1375 0.1375 0.133 0.133 0.139 0.139 0.1515 0.1515 0.1515 0.1415 0.1415 0.1495 0.1495 0.1505 0.1505 0.1505 0.1535 0.1535 0.1595 0.1595 0.155 0.155 0.155 0.163 0.163 0.187 0.187 0.1855 0.1855 0.1855 0.187 0.187 0.204 0.204 0.24 0.24 0.24 0.162 0.162 0.1185 0.1185 0.153 0.153 0.158 0.158 0.158 0.1795 0.1795 0.143 0.143 0.1355 0.1355 0.1355 0.0805 0.0805 0.1355 0.1355 0.1295 0.1295 0.1295 0.152 0.152 0.12 0.12 0.1185 0.1185 0.1185 0.1525
0.1655 0.1655 0.1435 0.1435 0.1365 0.1365 0.138 0.138 0.138 0.1375 0.1375 0.133 0.133 0.139 0.139 0.1515 0.1515 0.1515 0.1415 0.1415 0.1495 0.1495 0.1505 0.1505 0.1505 0.1535 0.1535 0.1595 0.1595 0.155 0.155 0.155 0.163 0.163 0.187 0.187 0.1855 0.1855 0.1855 0.187 0.187 0.204 0.204 0.24 0.24 0.24 0.162 0.162 0.1185 0.1185 0.153 0.153 0.158 0.158 0.158 0.1795 0.1795 0.143 0.143 0.1355 0.1355 0.1355 0.0805 0.0805 0.1355 0.1355 0.1295 0.1295 0.1295 0.152 0.152 0.12 0.12 0.1185 0.1185 0.1185 0.1525
0.2235 0.2235 0.238 0.238 0.188 0.188 0.1765 0.1765 0.1765 0.165 0.165 0.1285 0.1285 0.134 0.134 0.157 0.157 0.157 0.156 0.156 0.1555 0.1555 0.149 0.149 0.149 0.154 0.154 0.1645 0.1645 0.169 0.169 0.169 0.179 0.179 0.1785 0.1785 0.171 0.171 0.171 0.1895 0.1895 0.1685 0.1685 0.1005 0.1005 0.1005 0.153 0.153 0.2535 0.2535 0.181 0.181 0.164 0.164 0.164 0.159 0.159 0.1255 0.1255 0.1255 0.1255 0.1255 0.197 0.197 0.135 0.135 0.127 0.127 0.127 0.1075 0.1075 0.101 0.101 0.1085 0.1085 0.1085 0.119
0.2235 0.2235 0.238 0.238 0.188 0.188 0.1765 0.1765 0.1765 0.165 0.165 0.1285 0.1285 0.134 0.134 0.157 0.157 0.157 0.156 0.156 0.1555 0.1555 0.149 0.149 0.149 0.154 0.154 0.1645 0.1645 0.169 0.169 0.169 0.179 0.179 0.1785 0.1785 0.171 0.171 0.171 0.1895 0.1895 0.1685 0.1685 0.1005 0.1005 0.1005 0.153 0.153 0.2535 0.2535 0.181 0.181 0.164 0.164 0.164 0.159 0.159 0.1255 0.1255 0.1255 0.1255 0.1255 0.197 0.197 0.135 0.135 0.127 0.127 0.127 0.1075 0.1075 0.101 0.101 0.1085 0.1085 0.1085 0.119
0.254 0.254 0.237 0.237 0.218 0.218 0.1945 0.1945 0.1945 0.209 0.209 0.2055 0.2055 0.2255 0.2255 0.1845 0.1845 0.1845 0.179 0.179 0.2155 0.2155 0.196 0.196 0.196 0.2125 0.2125 0.2285 0.2285 0.383 0.383 0.383 0.3595 0.3595 0.263 0.263 0.182 0.182 0.182 0.186 0.186 0.1575 0.1575 0.2145 0.2145 0.2145 0.257 0.257 0.2595 0.2595 0.213 0.213 0.186 0.186 0.186 0.185 0.185 0.19 0.19 0.152 0.152 0.152 0.2165 0.2165 0.2335 0.2335 0.162 0.162 0.162 0.1505 0.1505 0.146 0.146 0.094 0.094 0.094 0.104
0.254 0.254 0.237 0.237 0.218 0.218 0.1945 0.1945 0.1945 0.209 0.209 0.2055 0.2055 0.2255 0.2255 0.1845 0.1845 0.1845 0.179 0.179 0.2155 0.2155 0.196 0.196 0.196 0.2125 0.2125 0.2285 0.2285 0.383 0.383 0.383 0.3595 0.3595 0.263 0.263 0.182 0.182 0.182 0.186 0.186 0.1575 0.1575 0.2145 0.2145 0.2145 0.257 0.257 0.2595 0.2595 0.213 0.213 0.186 0.186 0.186 0.185 0.185 0.19 0.19 0.152 0.152 0.152 0.2165 0.2165 0.2335 0.2335 0.162 0.162 0.162 0.1505 0.1505 0.146 0.146 0.094 0.094 0.094 0.104
0.254 0.254 0.237 0.237 0.218 0.218 0.1945 0.1945 0.1945 0.209 0.209 0.2055 0.2055 0.2255 0.2255 0.1845 0.1845 0.1845 0.179 0.179 0.2155 0.2155 0.196 0.196 0.196 0.2125 0.2125 0.2285 0.2285 0.383 0.383 0.383 0.3595 0.3595 0.263 0.263 0.182 0.182 0.182 0.186 0.186 0.1575 0.1575 0.2145 0.2145 0.2145 0.257 0.257 0.2595 0.2595 0.213 0.213 0.186 0.186 0.186 0.185 0.185 0.19 0.19 0.152 0.152 0.152 0.2165 0.2165 0.2335 0.2335 0.162 0.162 0.162 0.1505 0.1505 0.146 0.146 0.094 0.094 0.094 0.104
0.255 0.255 0.249 0.249 0.2165 0.2165 0.2255 0.2255 0.2255 0.2295 0.2295 0.234 0.234 0.2565 0.2565 0.2325 0.2325 0.2325 0.2 0.2 0.213 0.213 0.2515 0.2515 0.2515 0.2385 0.2385 0.246 0.246 0.2485 0.2485 0.2485 0.3555 0.3555 0.291 0.291 0.259 0.259 0.259 0.2105 0.2105 0.1945 0.1945 0.218 0.218 0.218 0.155 0.155 0.164 0.164 0.185 0.185 0.1995 0.1995 0.1995 0.19 0.19 0.255 0.255 0.209 0.209 0.209 0.2415 0.2415 0.2405 0.2405 0.217 0.217 0.217 0.2715 0.2715 0.257 0.257 0.1705 0.1705 0.1705 0.115
0.255 0.255 0.249 0.249 0.2165 0.2165 0.2255 0.2255 0.2255 0.2295 0.2295 0.234 0.234 0.2565 0.2565 0.2325 0.2325 0.2325 0.2 0.2 0.213 0.213 0.2515 0.2515 0.2515 0.2385 0.2385 0.246 0.246 0.2485 0.2485 0.2485 0.3555 0.3555 0.291 0.291 0.259 0.259 0.259 0.2105 0.2105 0.1945 0.1945 0.218 0.218 0.218 0.155 0.155 0.164 0.164 0.185 0.185 0.1995 0.1995 0.1995 0.19 0.19 0.255 0.255 0.209 0.209 0.209 0.2415 0.2415 0.2405 0.2405 0.217 0.217 0.217 0.2715 0.2715 0.257 0.257 0.1705 0.1705 0.1705 0.115
0.2755 0.2755 0.275 0.275 0.284 0.284 0.26 0.26 0.26 0.2855 0.2855 0.273 0.273 0.2665 0.2665 0.264 0.264 0.264 0.2425 0.2425 0.272 0.272 0.2385 0.2385 0.2385 0.238 0.238 0.273 0.273 0.2565 0.2565 0.2565 0.2205 0.2205 0.2655 0.2655 0.23 0.23 0.23 0.2345 0.2345 0.2135 0.2135 0.2105 0.2105 0.2105 0.201 0.201 0.133 0.133 0.2685 0.2685 0.2955 0.2955 0.2955 0.2355 0.2355 0.2575 0.2575 0.278 0.278 0.278 0.2955 0.2955 0.265 0.265 0.2305 0.2305 0.2305 0.2395 0.2395 0.2425 0.2425 0.2275 0.2275 0.2275 0.139
0.2755 0.2755 0.275 0.275 0.284 0.284 0.26 0.26 0.26 0.2855 0.2855 0.273 0.273 0.2665 0.2665 0.264 0.264 0.264 0.2425 0.2425 0.272 0.272 0.2385 0.2385 0.2385 0.238 0.238 0.273 0.273 0.2565 0.2565 0.2565 0.2205 0.2205 0.2655 0.2655 0.23 0.23 0.23 0.2345 0.2345 0.2135 0.2135 0.2105 0.2105 0.2105 0.201 0.201 0.133 0.133 0.2685 0.2685 0.2955 0.2955 0.2955 0.2355 0.2355 0.2575 0.2575 0.278 0.278 0.278 0.2955 0.2955 0.265 0.265 0.2305 0.2305 0.2305 0.2395 0.2395 0.2425 0.2425 0.2275 0.2275 0.2275 0.139
0.335 0.335 0.3095 0.3095 0.299 0.299 0.3125 0.3125 0.3125 0.3045 0.3045 0.291 0.291 0.3015 0.3015 0.291 0.291 0.291 0.2965 0.2965 0.2915 0.2915 0.274 0.274 0.274 0.301 0.301 0.3075 0.3075 0.2635 0.2635 0.2635 0.2235 0.2235 0.231 0.231 0.291 0.291 0.291 0.2585 0.2585 0.182 0.182 0.1635 0.1635 0.1635 0.166 0.166 0.2215 0.2215 0.305 0.305 0.271 0.271 0.271 0.265 0.265 0.2965 0.2965 0.3855 0.3855 0.3855 0.326 0.326 0.274 0.274 0.229 0.229 0.229 0.229 0.229 0.178 0.178 0.1075 0.1075 0.1075 0.1415
0.335 0.335 0.3095 0.3095 0.299 0.299 0.3125 0.3125 0.3125 0.3045 0.3045 0.291 0.291 0.3015 0.3015 0.291 0.291 0.291 0.2965 0.2965 0.2915 0.2915 0.274 0.274 0.274 0.301 0.301 0.3075 0.3075 0.2635 0.2635 0.2635 0.2235 0.2235 0.231 0.231 0.291 0.291 0.291 0.2585 0.2585 0.182 0.182 0.1635 0.1635 0.1635 0.166 0.166 0.2215 0.2215 0.305 0.305 0.271 0.271 0.271 0.265 0.265 0.2965 0.2965 0.3855 0.3855 0.3855 0.326 0.326 0.274 0.274 0.229 0.229 0.229 0.229 0.229 0.178 0.178 0.1075 0.1075 0.1075 0.1415
0.327 0.327 0.3025 0.3025 0.329 0.329 0.354 0.354 0.354 0.3705 0.3705 0.3445 0.3445 0.3595 0.3595 0.347 0.347 0.347 0.3565 0.3565 0.323 0.323 0.3265 0.3265 0.3265 0.3365 0.3365 0.289 0.289 0.27 0.27 0.27 0.2865 0.2865 0.31 0.31 0.2945 0.2945 0.2945 0.2295 0.2295 0.1955 0.1955 0.2125 0.2125 0.2125 0.1975 0.1975 0.146 0.146 0.2365 0.2365 0.221 0.221 0.221 0.235 0.235 0.292 0.292 0.388 0.388 0.388 0.3515 0.3515 0.307 0.307 0.259 0.259 0.259 0.2515 0.2515 0.293 0.293 0.11 0.11 0.11 0.1205
0.327 0.327 0.3025 0.3025 0.329 0.329 0.354 0.354 0.354 0.3705 0.3705 0.3445 0.3445 0.3595 0.3595 0.347 0.347 0.347 0.3565 0.3565 0.323 0.323 0.3265 0.3265 0.3265 0.3365 0.3365 0.289 0.289 0.27 0.27 0.27 0.2865 0.2865 0.31 0.31 0.2945 0.2945 0.2945 0.2295 0.2295 0.1955 0.1955 0.2125 0.2125 0.2125 0.1975 0.1975 0.146 0.146 0.2365 0.2365 0.221 0.221 0.221 0.235 0.235 0.292 0.292 0.388 0.388 0.388 0.3515 0.3515 0.307 0.307 0.259 0.259 0.259 0.2515 0.2515 0.293 0.293 0.11 0.11 0.11 0.1205
0.327 0.327 0.3025 0.3025 0.329 0.329 0.354 0.354 0.354 0.3705 0.3705 0.3445 0.3445 0.3595 0.3595 0.347 0.347 0.347 0.3565 0.3565 0.323 0.323 0.3265 0.3265 0.3265 0.3365 0.3365 0.289 0.289 0.27 0.27 0.27 0.2865 0.2865 0.31 0.31 0.2945 0.2945 0.2945 0.2295 0.2295 0.1955 0.1955 0.2125 0.2125 0.2125 0.1975 0.1975 0.146 0.146 0.2365 0.2365 0.221 0.221 0.221 0.235 0.235 0.292 0.292 0.388 0.388 0.388 0.3515 0.3515 0.307 0.307 0.259 0.259 0.259 0.2515 0.2515 0.293 0.293 0.11 0.11 0.11 0.1205
0.2755 0.2755 0.25 0.25 0.2635 0.2635 0.3125 0.3125 0.3125 0.3515 0.3515 0.306 0.306 0.339 0.339 0.3655 0.3655 0.3655 0.279 0.279 0.3075 0.3075 0.325 0.325 0.325 0.366 0.366 0.347 0.347 0.346 0.346 0.346 0.4075 0.4075 0.3375 0.3375 0.297 0.297 0.297 0.2295 0.2295 0.201 0.201 0.251 0.251 0.251 0.29 0.29 0.2055 0.2055 0.152 0.152 0.1705 0.1705 0.1705 0.2425 0.2425 0.306 0.306 0.4095 0.4095 0.4095 0.3945 0.3945 0.388 0.388 0.341 0.341 0.341 0.292 0.292 0.2295 0.2295 0.1255 0.1255 0.1255 0.101
0.2755 0.2755 0.25 0.25 0.2635 0.2635 0.3125 0.3125 0.3125 0.3515 0.3515 0.306 0.306 0.339 0.339 0.3655 0.3655 0.3655 0.279 0.279 0.3075 0.3075 0.325 0.325 0.325 0.366 0.366 0.347 0.347 0.346 0.346 0.346 0.4075 0.4075 0.3375 0.3375 0.297 0.297 0.297 0.2295 0.2295 0.201 0.201 0.251 0.251 0.251 0.29 0.29 0.2055 0.2055 0.152 0.152 0.1705 0.1705 0.1705 0.2425 0.2425 0.306 0.306 0.4095 0.4095 0.4095 0.3945 0.3945 0.388 0.388 0.341 0.341 0.341 0.292 0.292 0.2295 0.2295 0.1255 0.1255 0.1255 0.101
0.304 0.304 0.3705 0.3705 0.4165 0.4165 0.467 0.467 0.467 0.4435 0.4435 0.4215 0.4215 0.2765 0.2765 0.278 0.278 0.278 0.2585 0.2585 0.325 0.325 0.297 0.297 0.297 0.2925 0.2925 0.2835 0.2835 0.33 0.33 0.33 0.3925 0.3925 0.407 0.407 0.3215 0.3215 0.3215 0.3535 0.3535 0.235 0.235 0.245 0.245 0.245 0.2125 0.2125 0.2755 0.2755 0.226 0.226 0.2285 0.2285 0.2285 0.2365 0.2365 0.3355 0.3355 0.3815 0.3815 0.3815 0.3355 0.3355 0.331 0.331 0.389 0.389 0.389 0.376 0.376 0.2815 0.2815 0.228 0.228 0.228 0.2
0.304 0.304 0.3705 0.3705 0.4165 0.4165 0.467 0.467 0.467 0.4435 0.4435 0.4215 0.4215 0.2765 0.2765 0.278 0.278 0.278 0.2585 0.2585 0.325 0.325 0.297 0.297 0.297 0.2925 0.2925 0.2835 0.2835 0.33 0.33 0.33 0.3925 0.3925 0.407 0.407 0.3215 0.3215 0.3215 0.3535 0.3535 0.235 0.235 0.245 0.245 0.245 0.2125 0.2125 0.2755 0.2755 0.226 0.226 0.2285 0.2285 0.2285 0.2365 0.2365 0.3355 0.3355 0.3815 0.3815 0.3815 0.3355 0.3355 0.331 0.331 0.389 0.389 0.389 0.376 0.376 0.2815 0.2815 0.228 0.228 0.228 0.2
0.3895 0.3895 0.4535 0.4535 0.469 0.469 0.42 0.42 0.42 0.462 0.462 0.458 0.458 0.382 0.382 0.348 0.348 0.348 0.3865 0.3865 0.3345 0.3345 0.2265 0.2265 0.2265 0.275 0.275 0.2795 0.2795 0.2675 0.2675 0.2675 0.3175 0.3175 0.332 0.332 0.3235 0.3235 0.3235 0.368 0.368 0.3565 0.3565 0.255 0.255 0.255 0.2615 0.2615 0.1785 0.1785 0.1445 0.1445 0.212 0.212 0.212 0.2205 0.2205 0.263 0.263 0.2965 0.2965 0.2965 0.2715 0.2715 0.299 0.299 0.468 0.468 0.468 0.415 0.415 0.411 0.411 0.3485 0.3485 0.3485 0.1995
0.3895 0.3895 0.4535 0.4535 0.469 0.469 0.42 0.42 0.42 0.462 0.462 0.458 0.458 0.382 0.382 0.348 0.348 0.348 0.3865 0.3865 0.3345 0.3345 0.2265 0.2265 0.2265 0.275 0.275 0.2795 0.2795 0.2675 0.2675 0.2675 0.3175 0.3175 0.332 0.332 0.3235 0.3235 0.3235 0.368 0.368 0.3565 0.3565 0.255 0.255 0.255 0.2615 0.2615 0.1785 0.1785 0.1445 0.1445 0.212 0.212 0.212 0.2205 0.2205 0.263 0.263 0.2965 0.2965 0.2965 0.2715 0.2715 0.299 0.299 0.468 0.468 0.468 0.415 0.415 0.411 0.411 0.3485 0.3485 0.3485 0.1995
0.3895 0.3895 0.4535 0.4535 0.469 0.469 0.42 0.42 0.42 0.462 0.462 0.458 0.458 0.382 0.382 0.348 0.348 0.348 0.3865 0.3865 0.3345 0.3345 0.2265 0.2265 0.2265 0.275 0.275 0.2795 0.2795 0.2675 0.2675 0.2675 0.3175 0.3175 0.332 0.332 0.3235 0.3235 0.3235 0.368 0.368 0.3565 0.3565 0.255 0.255 0.255 0.2615 0.2615 0.1785 0.1785 0.1445 0.1445 0.212 0.212 0.212 0.2205 0.2205 0.263 0.263 0.2965 0.2965 0.2965 0.2715 0.2715 0.299 0.299 0.468 0.468 0.468 0.415 0.415 0.411 0.411 0.3485 0.3485 0.3485 0.1995
0.372 0.372 0.3915 0.3915 0.351 0.351 0.456 0.456 0.456 0.4785 0.4785 0.452 0.452 0.4485 0.4485 0.4455 0.4455 0.4455 0.4345 0.4345 0.3575 0.3575 0.3195 0.3195 0.3195 0.2895 0.2895 0.2355 0.2355 0.264 0.264 0.264 0.2965 0.2965 0.315 0.315 0.335 0.335 0.335 0.2735 0.2735 0.2915 0.2915 0.207 0.207 0.207 0.1385 0.1385 0.149 0.149 0.2075 0.2075 0.278 0.278 0.278 0.3045 0.3045 0.264 0.264 0.2445 0.2445 0.2445 0.282 0.282 0.283 0.283 0.4035 0.4035 0.4035 0.3395 0.3395 0.2775 0.2775 0.2085 0.2085 0.2085 0.1845
