ndvi/NOAA-222.asc
ncols         252
nrows         154
xllcorner     -18.017974
yllcorner     13.481982
cellsize      0.035948
NODATA_value  -9999
[rows 68 to 101 of 154, columns 78 to 155 of 252]
0.2195 0.236 0.236 0.231 0.231 0.247 0.247 0.247 0.2505 0.2505 0.248 0.248 0.2405 0.2405 0.254 0.254 0.254 0.2665 0.2665 0.2605 0.2605 0.234 0.234 0.234 0.201 0.201 0.1895 0.1895 0.185 0.185 0.185 0.209 0.209 0.213 0.213 0.1975 0.1975 0.1975 0.1915 0.1915 0.237 0.237 0.215 0.215 0.215 0.1525 0.1525 0.162 0.162 0.1645 0.1645 0.1895 0.1895 0.1895 0.191 0.191 0.216 0.216 0.2225 0.2225 0.2225 0.2525 0.2525 0.244 0.244 0.224 0.224 0.224 0.2265 0.2265 0.227 0.227 0.198 0.198 0.198 0.131 0.131 0.1485
0.205 0.2115 0.2115 0.2265 0.2265 0.2175 0.2175 0.2175 0.217 0.217 0.227 0.227 0.218 0.218 0.2545 0.2545 0.2545 0.2065 0.2065 0.218 0.218 0.242 0.242 0.242 0.222 0.222 0.193 0.193 0.183 0.183 0.183 0.1815 0.1815 0.215 0.215 0.2205 0.2205 0.2205 0.2355 0.2355 0.242 0.242 0.2205 0.2205 0.2205 0.167 0.167 0.1665 0.1665 0.1725 0.1725 0.188 0.188 0.188 0.2065 0.2065 0.21 0.21 0.232 0.232 0.232 0.254 0.254 0.267 0.267 0.2165 0.2165 0.2165 0.224 0.224 0.2095 0.2095 0.222 0.222 0.222 0.149 0.149 0.157
0.205 0.2115 0.2115 0.2265 0.2265 0.2175 0.2175 0.2175 0.217 0.217 0.227 0.227 0.218 0.218 0.2545 0.2545 0.2545 0.2065 0.2065 0.218 0.218 0.242 0.242 0.242 0.222 0.222 0.193 0.193 0.183 0.183 0.183 0.1815 0.1815 0.215 0.215 0.2205 0.2205 0.2205 0.2355 0.2355 0.242 0.242 0.2205 0.2205 0.2205 0.167 0.167 0.1665 0.1665 0.1725 0.1725 0.188 0.188 0.188 0.2065 0.2065 0.21 0.21 0.232 0.232 0.232 0.254 0.254 0.267 0.267 0.2165 0.2165 0.2165 0.224 0.224 0.2095 0.2095 0.222 0.222 0.222 0.149 0.149 0.157
0.1925 0.211 0.211 0.2175 0.2175 0.213 0.213 0.213 0.2045 0.2045 0.1995 0.1995 0.205 0.205 0.2095 0.2095 0.2095 0.192 0.192 0.2 0.2 0.1975 0.1975 0.1975 0.243 0.243 0.2485 0.2485 0.196 0.196 0.196 0.198 0.198 0.2 0.2 0.2045 0.2045 0.2045 0.205 0.205 0.2295 0.2295 0.2255 0.2255 0.2255 0.178 0.178 0.1625 0.1625 0.1695 0.1695 0.2065 0.2065 0.2065 0.2195 0.2195 0.2 0.2 0.225 0.225 0.225 0.249 0.249 0.241 0.241 0.219 0.219 0.219 0.218 0.218 0.2145 0.2145 0.233 0.233 0.233 0.158 0.158 0.17
0.1925 0.211 0.211 0.2175 0.2175 0.213 0.213 0.213 0.2045 0.2045 0.1995 0.1995 0.205 0.205 0.2095 0.2095 0.2095 0.192 0.192 0.2 0.2 0.1975 0.1975 0.1975 0.243 0.243 0.2485 0.2485 0.196 0.196 0.196 0.198 0.198 0.2 0.2 0.2045 0.2045 0.2045 0.205 0.205 0.2295 0.2295 0.2255 0.2255 0.2255 0.178 0.178 0.1625 0.1625 0.1695 0.1695 0.2065 0.2065 0.2065 0.2195 0.2195 0.2 0.2 0.225 0.225 0.225 0.249 0.249 0.241 0.241 0.219 0.219 0.219 0.218 0.218 0.2145 0.2145 0.233 0.233 0.233 0.158 0.158 0.17
0.1925 0.211 0.211 0.2175 0.2175 0.213 0.213 0.213 0.2045 0.2045 0.1995 0.1995 0.205 0.205 0.2095 0.2095 0.2095 0.192 0.192 0.2 0.2 0.1975 0.1975 0.1975 0.243 0.243 0.2485 0.2485 0.196 0.196 0.196 0.198 0.198 0.2 0.2 0.2045 0.2045 0.2045 0.205 0.205 0.2295 0.2295 0.2255 0.2255 0.2255 0.178 0.178 0.1625 0.1625 0.1695 0.1695 0.2065 0.2065 0.2065 0.2195 0.2195 0.2 0.2 0.225 0.225 0.225 0.249 0.249 0.241 0.241 0.219 0.219 0.219 0.218 0.218 0.2145 0.2145 0.233 0.233 0.233 0.158 0.158 0.17
0.2145 0.2205 0.2205 0.217 0.217 0.21 0.21 0.21 0.217 0.217 0.211 0.211 0.1735 0.1735 0.183 0.183 0.183 0.179 0.179 0.184 0.184 0.193 0.193 0.193 0.205 0.205 0.206 0.206 0.2425 0.2425 0.2425 0.2645 0.2645 0.197 0.197 0.1945 0.1945 0.1945 0.203 0.203 0.2045 0.2045 0.152 0.152 0.152 0.1715 0.1715 0.2115 0.2115 0.212 0.212 0.214 0.214 0.214 0.209 0.209 0.1945 0.1945 0.2025 0.2025 0.2025 0.218 0.218 0.22 0.22 0.2185 0.2185 0.2185 0.2195 0.2195 0.193 0.193 0.1615 0.1615 0.1615 0.17 0.17 0.1945
0.2145 0.2205 0.2205 0.217 0.217 0.21 0.21 0.21 0.217 0.217 0.211 0.211 0.1735 0.1735 0.183 0.183 0.183 0.179 0.179 0.184 0.184 0.193 0.193 0.193 0.205 0.205 0.206 0.206 0.2425 0.2425 0.2425 0.2645 0.2645 0.197 0.197 0.1945 0.1945 0.1945 0.203 0.203 0.2045 0.2045 0.152 0.152 0.152 0.1715 0.1715 0.2115 0.2115 0.212 0.212 0.214 0.214 0.214 0.209 0.209 0.1945 0.1945 0.2025 0.2025 0.2025 0.218 0.218 0.22 0.22 0.2185 0.2185 0.2185 0.2195 0.2195 0.193 0.193 0.1615 0.1615 0.1615 0.17 0.17 0.1945
0.2065 0.224 0.224 0.226 0.226 0.2 0.2 0.2 0.197 0.197 0.16 0.16 0.184 0.184 0.175 0.175 0.175 0.136 0.136 0.154 0.154 0.194 0.194 0.194 0.2005 0.2005 0.1935 0.1935 0.2165 0.2165 0.2165 0.2375 0.2375 0.28 0.28 0.2275 0.2275 0.2275 0.194 0.194 0.19 0.19 0.145 0.145 0.145 0.169 0.169 0.227 0.227 0.215 0.215 0.204 0.204 0.204 0.2 0.2 0.202 0.202 0.193 0.193 0.193 0.1985 0.1985 0.215 0.215 0.225 0.225 0.225 0.2055 0.2055 0.2025 0.2025 0.1085 0.1085 0.1085 0.1345 0.1345 0.1795
0.2065 0.224 0.224 0.226 0.226 0.2 0.2 0.2 0.197 0.197 0.16 0.16 0.184 0.184 0.175 0.175 0.175 0.136 0.136 0.154 0.154 0.194 0.194 0.194 0.2005 0.2005 0.1935 0.1935 0.2165 0.2165 0.2165 0.2375 0.2375 0.28 0.28 0.2275 0.2275 0.2275 0.194 0.194 0.19 0.19 0.145 0.145 0.145 0.169 0.169 0.227 0.227 0.215 0.215 0.204 0.204 0.204 0.2 0.2 0.202 0.202 0.193 0.193 0.193 0.1985 0.1985 0.215 0.215 0.225 0.225 0.225 0.2055 0.2055 0.2025 0.2025 0.1085 0.1085 0.1085 0.1345 0.1345 0.1795
0.188 0.198 0.198 0.1655 0.1655 0.1655 0.1655 0.1655 0.1905 0.1905 0.1845 0.1845 0.167 0.167 0.1655 0.1655 0.1655 0.1695 0.1695 0.157 0.157 0.168 0.168 0.168 0.195 0.195 0.2035 0.2035 0.2125 0.2125 0.2125 0.226 0.226 0.2155 0.2155 0.249 0.249 0.249 0.224 0.224 0.205 0.205 0.176 0.176 0.176 0.176 0.176 0.1895 0.1895 0.2005 0.2005 0.173 0.173 0.173 0.1785 0.1785 0.181 0.181 0.174 0.174 0.174 0.189 0.189 0.19 0.19 0.2135 0.2135 0.2135 0.19 0.19 0.2115 0.2115 0.148 0.148 0.148 0.1235 0.1235 0.1365
0.188 0.198 0.198 0.1655 0.1655 0.1655 0.1655 0.1655 0.1905 0.1905 0.1845 0.1845 0.167 0.167 0.1655 0.1655 0.1655 0.1695 0.1695 0.157 0.157 0.168 0.168 0.168 0.195 0.195 0.2035 0.2035 0.2125 0.2125 0.2125 0.226 0.226 0.2155 0.2155 0.249 0.249 0.249 0.224 0.224 0.205 0.205 0.176 0.176 0.176 0.176 0.176 0.1895 0.1895 0.2005 0.2005 0.173 0.173 0.173 0.1785 0.1785 0.181 0.181 0.174 0.174 0.174 0.189 0.189 0.19 0.19 0.2135 0.2135 0.2135 0.19 0.19 0.2115 0.2115 0.148 0.148 0.148 0.1235 0.1235 0.1365
0.205 0.193 0.193 0.1845 0.1845 0.1915 0.1915 0.1915 0.166 0.166 0.1685 0.1685 0.164 0.164 0.1575 0.1575 0.1575 0.1595 0.1595 0.135 0.135 0.1865 0.1865 0.1865 0.197 0.197 0.187 0.187 0.189 0.189 0.189 0.211 0.211 0.2155 0.2155 0.181 0.181 0.181 0.212 0.212 0.211 0.211 0.213 0.213 0.213 0.22 0.22 0.1955 0.1955 0.195 0.195 0.195 0.195 0.195 0.1635 0.1635 0.17 0.17 0.187 0.187 0.187 0.209 0.209 0.179 0.179 0.2085 0.2085 0.2085 0.175 0.175 0.1705 0.1705 0.1685 0.1685 0.1685 0.1235 0.1235 0.1375
0.205 0.193 0.193 0.1845 0.1845 0.1915 0.1915 0.1915 0.166 0.166 0.1685 0.1685 0.164 0.164 0.1575 0.1575 0.1575 0.1595 0.1595 0.135 0.135 0.1865 0.1865 0.1865 0.197 0.197 0.187 0.187 0.189 0.189 0.189 0.211 0.211 0.2155 0.2155 0.181 0.181 0.181 0.212 0.212 0.211 0.211 0.213 0.213 0.213 0.22 0.22 0.1955 0.1955 0.195 0.195 0.195 0.195 0.195 0.1635 0.1635 0.17 0.17 0.187 0.187 0.187 0.209 0.209 0.179 0.179 0.2085 0.2085 0.2085 0.175 0.175 0.1705 0.1705 0.1685 0.1685 0.1685 0.1235 0.1235 0.1375
0.205 0.193 0.193 0.1845 0.1845 0.1915 0.1915 0.1915 0.166 0.166 0.1685 0.1685 0.164 0.164 0.1575 0.1575 0.1575 0.1595 0.1595 0.135 0.135 0.1865 0.1865 0.1865 0.197 0.197 0.187 0.187 0.189 0.189 0.189 0.211 0.211 0.2155 0.2155 0.181 0.181 0.181 0.212 0.212 0.211 0.211 0.213 0.213 0.213 0.22 0.22 0.1955 0.1955 0.195 0.195 0.195 0.195 0.195 0.1635 0.1635 0.17 0.17 0.187 0.187 0.187 0.209 0.209 0.179 0.179 0.2085 0.2085 0.2085 0.175 0.175 0.1705 0.1705 0.1685 0.1685 0.1685 0.1235 0.1235 0.1375
0.1945 0.194 0.194 0.1765 0.1765 0.176 0.176 0.176 0.177 0.177 0.166 0.166 0.173 0.173 0.18 0.18 0.18 0.162 0.162 0.1605 0.1605 0.185 0.185 0.185 0.191 0.191 0.2045 0.2045 0.1915 0.1915 0.1915 0.2075 0.2075 0.1835 0.1835 0.1765 0.1765 0.1765 0.189 0.189 0.1645 0.1645 0.1895 0.1895 0.1895 0.231 0.231 0.236 0.236 0.194 0.194 0.187 0.187 0.187 0.1845 0.1845 0.1825 0.1825 0.196 0.196 0.196 0.2025 0.2025 0.1925 0.1925 0.182 0.182 0.182 0.178 0.178 0.1985 0.1985 0.173 0.173 0.173 0.1315 0.1315 0.1445
0.1945 0.194 0.194 0.1765 0.1765 0.176 0.176 0.176 0.177 0.177 0.166 0.166 0.173 0.173 0.18 0.18 0.18 0.162 0.162 0.1605 0.1605 0.185 0.185 0.185 0.191 0.191 0.2045 0.2045 0.1915 0.1915 0.1915 0.2075 0.2075 0.1835 0.1835 0.1765 0.1765 0.1765 0.189 0.189 0.1645 0.1645 0.1895 0.1895 0.1895 0.231 0.231 0.236 0.236 0.194 0.194 0.187 0.187 0.187 0.1845 0.1845 0.1825 0.1825 0.196 0.196 0.196 0.2025 0.2025 0.1925 0.1925 0.182 0.182 0.182 0.178 0.178 0.1985 0.1985 0.173 0.173 0.173 0.1315 0.1315 0.1445
0.2095 0.1945 0.1945 0.192 0.192 0.19 0.19 0.19 0.2 0.2 0.2035 0.2035 0.1945 0.1945 0.192 0.192 0.192 0.179 0.179 0.184 0.184 0.187 0.187 0.187 0.1815 0.1815 0.188 0.188 0.176 0.176 0.176 0.18 0.18 0.19 0.19 0.185 0.185 0.185 0.184 0.184 0.1855 0.1855 0.1775 0.1775 0.1775 0.1885 0.1885 0.1875 0.1875 0.1945 0.1945 0.2055 0.2055 0.2055 0.199 0.199 0.2015 0.2015 0.2185 0.2185 0.2185 0.2195 0.2195 0.241 0.241 0.187 0.187 0.187 0.1935 0.1935 0.188 0.188 0.166 0.166 0.166 0.149 0.149 0.1535
0.2095 0.1945 0.1945 0.192 0.192 0.19 0.19 0.19 0.2 0.2 0.2035 0.2035 0.1945 0.1945 0.192 0.192 0.192 0.179 0.179 0.184 0.184 0.187 0.187 0.187 0.1815 0.1815 0.188 0.188 0.176 0.176 0.176 0.18 0.18 0.19 0.19 0.185 0.185 0.185 0.184 0.184 0.1855 0.1855 0.1775 0.1775 0.1775 0.1885 0.1885 0.1875 0.1875 0.1945 0.1945 0.2055 0.2055 0.2055 0.199 0.199 0.2015 0.2015 0.2185 0.2185 0.2185 0.2195 0.2195 0.241 0.241 0.187 0.187 0.187 0.1935 0.1935 0.188 0.188 0.166 0.166 0.166 0.149 0.149 0.1535
0.236 0.2595 0.2595 0.2435 0.2435 0.2355 0.2355 0.2355 0.218 0.218 0.225 0.225 0.229 0.229 0.209 0.209 0.209 0.199 0.199 0.1905 0.1905 0.2035 0.2035 0.2035 0.1955 0.1955 0.188 0.188 0.19 0.19 0.19 0.1925 0.1925 0.219 0.219 0.195 0.195 0.195 0.196 0.196 0.2025 0.2025 0.1895 0.1895 0.1895 0.1695 0.1695 0.1985 0.1985 0.207 0.207 0.195 0.195 0.195 0.189 0.189 0.2015 0.2015 0.217 0.217 0.217 0.231 0.231 0.2635 0.2635 0.1895 0.1895 0.1895 0.2035 0.2035 0.188 0.188 0.192 0.192 0.192 0.16 0.16 0.1635
0.236 0.2595 0.2595 0.2435 0.2435 0.2355 0.2355 0.2355 0.218 0.218 0.225 0.225 0.229 0.229 0.209 0.209 0.209 0.199 0.199 0.1905 0.1905 0.2035 0.2035 0.2035 0.1955 0.1955 0.188 0.188 0.19 0.19 0.19 0.1925 0.1925 0.219 0.219 0.195 0.195 0.195 0.196 0.196 0.2025 0.2025 0.1895 0.1895 0.1895 0.1695 0.1695 0.1985 0.1985 0.207 0.207 0.195 0.195 0.195 0.189 0.189 0.2015 0.2015 0.217 0.217 0.217 0.231 0.231 0.2635 0.2635 0.1895 0.1895 0.1895 0.2035 0.2035 0.188 0.188 0.192 0.192 0.192 0.16 0.16 0.1635
0.236 0.2595 0.2595 0.2435 0.2435 0.2355 0.2355 0.2355 0.218 0.218 0.225 0.225 0.229 0.229 0.209 0.209 0.209 0.199 0.199 0.1905 0.1905 0.2035 0.2035 0.2035 0.1955 0.1955 0.188 0.188 0.19 0.19 0.19 0.1925 0.1925 0.219 0.219 0.195 0.195 0.195 0.196 0.196 0.2025 0.2025 0.1895 0.1895 0.1895 0.1695 0.1695 0.1985 0.1985 0.207 0.207 0.195 0.195 0.195 0.189 0.189 0.2015 0.2015 0.217 0.217 0.217 0.231 0.231 0.2635 0.2635 0.1895 0.1895 0.1895 0.2035 0.2035 0.188 0.188 0.192 0.192 0.192 0.16 0.16 0.1635
0.255 0.2455 0.2455 0.241 0.241 0.202 0.202 0.202 0.216 0.216 0.214 0.214 0.186 0.186 0.204 0.204 0.204 0.208 0.208 0.205 0.205 0.202 0.202 0.202 0.213 0.213 0.189 0.189 0.185 0.185 0.185 0.19 0.19 0.21 0.21 0.218 0.218 0.218 0.209 0.209 0.2235 0.2235 0.2125 0.2125 0.2125 0.2045 0.2045 0.212 0.212 0.206 0.206 0.219 0.219 0.219 0.2165 0.2165 0.2245 0.2245 0.2195 0.2195 0.2195 0.228 0.228 0.221 0.221 0.222 0.222 0.222 0.198 0.198 0.2025 0.2025 0.1865 0.1865 0.1865 0.1765 0.1765 0.1815
0.255 0.2455 0.2455 0.241 0.241 0.202 0.202 0.202 0.216 0.216 0.214 0.214 0.186 0.186 0.204 0.204 0.204 0.208 0.208 0.205 0.205 0.202 0.202 0.202 0.213 0.213 0.189 0.189 0.185 0.185 0.185 0.19 0.19 0.21 0.21 0.218 0.218 0.218 0.209 0.209 0.2235 0.2235 0.2125 0.2125 0.2125 0.2045 0.2045 0.212 0.212 0.206 0.206 0.219 0.219 0.219 0.2165 0.2165 0.2245 0.2245 0.2195 0.2195 0.2195 0.228 0.228 0.221 0.221 0.222 0.222 0.222 0.198 0.198 0.2025 0.2025 0.1865 0.1865 0.1865 0.1765 0.1765 0.1815
0.243 0.2525 0.2525 0.227 0.227 0.215 0.215 0.215 0.2145 0.2145 0.202 0.202 0.2165 0.2165 0.211 0.211 0.211 0.1955 0.1955 0.1955 0.1955 0.2175 0.2175 0.2175 0.2255 0.2255 0.2135 0.2135 0.1975 0.1975 0.1975 0.217 0.217 0.235 0.235 0.2315 0.2315 0.2315 0.216 0.216 0.23 0.23 0.241 0.241 0.241 0.236 0.236 0.247 0.247 0.244 0.244 0.227 0.227 0.227 0.2175 0.2175 0.206 0.206 0.22 0.22 0.22 0.221 0.221 0.2315 0.2315 0.2335 0.2335 0.2335 0.2485 0.2485 0.2385 0.2385 0.255 0.255 0.255 0.196 0.196 0.194
0.243 0.2525 0.2525 0.227 0.227 0.215 0.215 0.215 0.2145 0.2145 0.202 0.202 0.2165 0.2165 0.211 0.211 0.211 0.1955 0.1955 0.1955 0.1955 0.2175 0.2175 0.2175 0.2255 0.2255 0.2135 0.2135 0.1975 0.1975 0.1975 0.217 0.217 0.235 0.235 0.2315 0.2315 0.2315 0.216 0.216 0.23 0.23 0.241 0.241 0.241 0.236 0.236 0.247 0.247 0.244 0.244 0.227 0.227 0.227 0.2175 0.2175 0.206 0.206 0.22 0.22 0.22 0.221 0.221 0.2315 0.2315 0.2335 0.2335 0.2335 0.2485 0.2485 0.2385 0.2385 0.255 0.255 0.255 0.196 0.196 0.194
0.2465 0.247 0.247 0.2185 0.2185 0.2165 0.2165 0.2165 0.2145 0.2145 0.2265 0.2265 0.2075 0.2075 0.213 0.213 0.213 0.201 0.201 0.2115 0.2115 0.2265 0.2265 0.2265 0.213 0.213 0.2085 0.2085 0.228 0.228 0.228 0.2575 0.2575 0.235 0.235 0.2355 0.2355 0.2355 0.208 0.208 0.2195 0.2195 0.226 0.226 0.226 0.2485 0.2485 0.2395 0.2395 0.242 0.242 0.261 0.261 0.261 0.2585 0.2585 0.2315 0.2315 0.2205 0.2205 0.2205 0.196 0.196 0.25 0.25 0.232 0.232 0.232 0.238 0.238 0.228 0.228 0.23 0.23 0.23 0.19 0.19 0.2015
0.2465 0.247 0.247 0.2185 0.2185 0.2165 0.2165 0.2165 0.2145 0.2145 0.2265 0.2265 0.2075 0.2075 0.213 0.213 0.213 0.201 0.201 0.2115 0.2115 0.2265 0.2265 0.2265 0.213 0.213 0.2085 0.2085 0.228 0.228 0.228 0.2575 0.2575 0.235 0.235 0.2355 0.2355 0.2355 0.208 0.208 0.2195 0.2195 0.226 0.226 0.226 0.2485 0.2485 0.2395 0.2395 0.242 0.242 0.261 0.261 0.261 0.2585 0.2585 0.2315 0.2315 0.2205 0.2205 0.2205 0.196 0.196 0.25 0.25 0.232 0.232 0.232 0.238 0.238 0.228 0.228 0.23 0.23 0.23 0.19 0.19 0.2015
0.2465 0.247 0.247 0.2185 0.2185 0.2165 0.2165 0.2165 0.2145 0.2145 0.2265 0.2265 0.2075 0.2075 0.213 0.213 0.213 0.201 0.201 0.2115 0.2115 0.2265 0.2265 0.2265 0.213 0.213 0.2085 0.2085 0.228 0.228 0.228 0.2575 0.2575 0.235 0.235 0.2355 0.2355 0.2355 0.208 0.208 0.2195 0.2195 0.226 0.226 0.226 0.2485 0.2485 0.2395 0.2395 0.242 0.242 0.261 0.261 0.261 0.2585 0.2585 0.2315 0.2315 0.2205 0.2205 0.2205 0.196 0.196 0.25 0.25 0.232 0.232 0.232 0.238 0.238 0.228 0.228 0.23 0.23 0.23 0.19 0.19 0.2015
0.2265 0.247 0.247 0.2165 0.2165 0.2195 0.2195 0.2195 0.2325 0.2325 0.2105 0.2105 0.204 0.204 0.2015 0.2015 0.2015 0.208 0.208 0.2165 0.2165 0.2265 0.2265 0.2265 0.212 0.212 0.2435 0.2435 0.2425 0.2425 0.2425 0.2465 0.2465 0.2455 0.2455 0.229 0.229 0.229 0.243 0.243 0.247 0.247 0.251 0.251 0.251 0.237 0.237 0.241 0.241 0.2545 0.2545 0.2495 0.2495 0.2495 0.2545 0.2545 0.2825 0.2825 0.253 0.253 0.253 0.2155 0.2155 0.1985 0.1985 0.263 0.263 0.263 0.3505 0.3505 0.2405 0.2405 0.2145 0.2145 0.2145 0.262 0.262 0.2585
0.2265 0.247 0.247 0.2165 0.2165 0.2195 0.2195 0.2195 0.2325 0.2325 0.2105 0.2105 0.204 0.204 0.2015 0.2015 0.2015 0.208 0.208 0.2165 0.2165 0.2265 0.2265 0.2265 0.212 0.212 0.2435 0.2435 0.2425 0.2425 0.2425 0.2465 0.2465 0.2455 0.2455 0.229 0.229 0.229 0.243 0.243 0.247 0.247 0.251 0.251 0.251 0.237 0.237 0.241 0.241 0.2545 0.2545 0.2495 0.2495 0.2495 0.2545 0.2545 0.2825 0.2825 0.253 0.253 0.253 0.2155 0.2155 0.1985 0.1985 0.263 0.263 0.263 0.3505 0.3505 0.2405 0.2405 0.2145 0.2145 0.2145 0.262 0.262 0.2585
0.226 0.2265 0.2265 0.243 0.243 0.2485 0.2485 0.2485 0.232 0.232 0.217 0.217 0.222 0.222 0.2195 0.2195 0.2195 0.23 0.23 0.227 0.227 0.2115 0.2115 0.2115 0.2115 0.2115 0.2365 0.2365 0.2625 0.2625 0.2625 0.261 0.261 0.2555 0.2555 0.2515 0.2515 0.2515 0.278 0.278 0.254 0.254 0.2555 0.2555 0.2555 0.231 0.231 0.258 0.258 0.2555 0.2555 0.2675 0.2675 0.2675 0.2835 0.2835 0.2775 0.2775 0.266 0.266 0.266 0.239 0.239 0.2605 0.2605 0.249 0.249 0.249 0.2615 0.2615 0.2685 0.2685 0.2515 0.2515 0.2515 0.2355 0.2355 0.2235
0.226 0.2265 0.2265 0.243 0.243 0.2485 0.2485 0.2485 0.232 0.232 0.217 0.217 0.222 0.222 0.2195 0.2195 0.2195 0.23 0.23 0.227 0.227 0.2115 0.2115 0.2115 0.2115 0.2115 0.2365 0.2365 0.2625 0.2625 0.2625 0.261 0.261 0.2555 0.2555 0.2515 0.2515 0.2515 0.278 0.278 0.254 0.254 0.2555 0.2555 0.2555 0.231 0.231 0.258 0.258 0.2555 0.2555 0.2675 0.2675 0.2675 0.2835 0.2835 0.2775 0.2775 0.266 0.266 0.266 0.239 0.239 0.2605 0.2605 0.249 0.249 0.249 0.2615 0.2615 0.2685 0.2685 0.2515 0.2515 0.2515 0.2355 0.2355 0.2235
0.2215 0.235 0.235 0.2465 0.2465 0.2485 0.2485 0.2485 0.233 0.233 0.226 0.226 0.2245 0.2245 0.221 0.221 0.221 0.243 0.243 0.2355 0.2355 0.247 0.247 0.247 0.246 0.246 0.25 0.25 0.2525 0.2525 0.2525 0.275 0.275 0.2995 0.2995 0.276 0.276 0.276 0.2695 0.2695 0.249 0.249 0.2735 0.2735 0.2735 0.269 0.269 0.256 0.256 0.2495 0.2495 0.253 0.253 0.253 0.278 0.278 0.288 0.288 0.256 0.256 0.256 0.2815 0.2815 0.263 0.263 0.269 0.269 0.269 0.268 0.268 0.2615 0.2615 0.264 0.264 0.264 0.239 0.239 0.236
