ndvi/NOAA-312.asc
ncols         252
nrows         154
xllcorner     -18.017974
yllcorner     13.481982
cellsize      0.035948
NODATA_value  -9999
[rows 35 to 69 of 154, columns 154 to 230 of 252]
0.1665 0.154 0.154 0.1655 0.1655 0.1655 0.1415 0.1415 0.135 0.135 0.115 0.115 0.1195 0.1195 0.1195 0.1205 0.1205 0.13 0.13 0.146 0.146 0.146 0.123 0.123 0.1435 0.1435 0.151 0.151 0.151 0.149 0.149 0.1545 0.1545 0.1395 0.1395 0.1395 0.1435 0.1435 0.1425 0.1425 0.144 0.144 0.144 0.144 0.144 0.1565 0.1565 0.16 0.16 0.154 0.154 0.154 0.155 0.155 0.1505 0.1505 0.155 0.155 0.155 0.155 0.155 0.1565 0.1565 0.157 0.157 0.157 0.156 0.156 0.153 0.153 0.15 0.15 0.15 0.1475 0.1475 0.14 0.14
0.1665 0.154 0.154 0.1655 0.1655 0.1655 0.1415 0.1415 0.135 0.135 0.115 0.115 0.1195 0.1195 0.1195 0.1205 0.1205 0.13 0.13 0.146 0.146 0.146 0.123 0.123 0.1435 0.1435 0.151 0.151 0.151 0.149 0.149 0.1545 0.1545 0.1395 0.1395 0.1395 0.1435 0.1435 0.1425 0.1425 0.144 0.144 0.144 0.144 0.144 0.1565 0.1565 0.16 0.16 0.154 0.154 0.154 0.155 0.155 0.1505 0.1505 0.155 0.155 0.155 0.155 0.155 0.1565 0.1565 0.157 0.157 0.157 0.156 0.156 0.153 0.153 0.15 0.15 0.15 0.1475 0.1475 0.14 0.14
0.135 0.147 0.147 0.153 0.153 0.153 0.141 0.141 0.115 0.115 0.1245 0.1245 0.113 0.113 0.113 0.1425 0.1425 0.131 0.131 0.124 0.124 0.124 0.1225 0.1225 0.15 0.15 0.153 0.153 0.153 0.158 0.158 0.1475 0.1475 0.1485 0.1485 0.1485 0.1425 0.1425 0.15 0.15 0.1425 0.1425 0.1425 0.146 0.146 0.1445 0.1445 0.1525 0.1525 0.146 0.146 0.146 0.1395 0.1395 0.1495 0.1495 0.168 0.168 0.168 0.162 0.162 0.1585 0.1585 0.1535 0.1535 0.1535 0.156 0.156 0.155 0.155 0.1525 0.1525 0.1525 0.1555 0.1555 0.1525 0.1525
0.135 0.147 0.147 0.153 0.153 0.153 0.141 0.141 0.115 0.115 0.1245 0.1245 0.113 0.113 0.113 0.1425 0.1425 0.131 0.131 0.124 0.124 0.124 0.1225 0.1225 0.15 0.15 0.153 0.153 0.153 0.158 0.158 0.1475 0.1475 0.1485 0.1485 0.1485 0.1425 0.1425 0.15 0.15 0.1425 0.1425 0.1425 0.146 0.146 0.1445 0.1445 0.1525 0.1525 0.146 0.146 0.146 0.1395 0.1395 0.1495 0.1495 0.168 0.168 0.168 0.162 0.162 0.1585 0.1585 0.1535 0.1535 0.1535 0.156 0.156 0.155 0.155 0.1525 0.1525 0.1525 0.1555 0.1555 0.1525 0.1525
0.156 0.1345 0.1345 0.134 0.134 0.134 0.1215 0.1215 0.1255 0.1255 0.126 0.126 0.1255 0.1255 0.1255 0.129 0.129 0.127 0.127 0.1175 0.1175 0.1175 0.128 0.128 0.168 0.168 0.1795 0.1795 0.1795 0.1665 0.1665 0.172 0.172 0.1525 0.1525 0.1525 0.154 0.154 0.1475 0.1475 0.144 0.144 0.144 0.1455 0.1455 0.158 0.158 0.155 0.155 0.146 0.146 0.146 0.15 0.15 0.152 0.152 0.175 0.175 0.175 0.1625 0.1625 0.1635 0.1635 0.155 0.155 0.155 0.157 0.157 0.1495 0.1495 0.1585 0.1585 0.1585 0.1585 0.1585 0.1525 0.1525
0.156 0.1345 0.1345 0.134 0.134 0.134 0.1215 0.1215 0.1255 0.1255 0.126 0.126 0.1255 0.1255 0.1255 0.129 0.129 0.127 0.127 0.1175 0.1175 0.1175 0.128 0.128 0.168 0.168 0.1795 0.1795 0.1795 0.1665 0.1665 0.172 0.172 0.1525 0.1525 0.1525 0.154 0.154 0.1475 0.1475 0.144 0.144 0.144 0.1455 0.1455 0.158 0.158 0.155 0.155 0.146 0.146 0.146 0.15 0.15 0.152 0.152 0.175 0.175 0.175 0.1625 0.1625 0.1635 0.1635 0.155 0.155 0.155 0.157 0.157 0.1495 0.1495 0.1585 0.1585 0.1585 0.1585 0.1585 0.1525 0.1525
0.1475 0.1495 0.1495 0.126 0.126 0.126 0.114 0.114 0.124 0.124 0.149 0.149 0.132 0.132 0.132 0.1265 0.1265 0.124 0.124 0.1275 0.1275 0.1275 0.1375 0.1375 0.1565 0.1565 0.1885 0.1885 0.1885 0.197 0.197 0.175 0.175 0.15 0.15 0.15 0.158 0.158 0.1585 0.1585 0.1525 0.1525 0.1525 0.157 0.157 0.1595 0.1595 0.155 0.155 0.1445 0.1445 0.1445 0.1495 0.1495 0.1485 0.1485 0.1545 0.1545 0.1545 0.1625 0.1625 0.1675 0.1675 0.163 0.163 0.163 0.165 0.165 0.156 0.156 0.152 0.152 0.152 0.1565 0.1565 0.157 0.157
0.1475 0.1495 0.1495 0.126 0.126 0.126 0.114 0.114 0.124 0.124 0.149 0.149 0.132 0.132 0.132 0.1265 0.1265 0.124 0.124 0.1275 0.1275 0.1275 0.1375 0.1375 0.1565 0.1565 0.1885 0.1885 0.1885 0.197 0.197 0.175 0.175 0.15 0.15 0.15 0.158 0.158 0.1585 0.1585 0.1525 0.1525 0.1525 0.157 0.157 0.1595 0.1595 0.155 0.155 0.1445 0.1445 0.1445 0.1495 0.1495 0.1485 0.1485 0.1545 0.1545 0.1545 0.1625 0.1625 0.1675 0.1675 0.163 0.163 0.163 0.165 0.165 0.156 0.156 0.152 0.152 0.152 0.1565 0.1565 0.157 0.157
0.1475 0.1495 0.1495 0.126 0.126 0.126 0.114 0.114 0.124 0.124 0.149 0.149 0.132 0.132 0.132 0.1265 0.1265 0.124 0.124 0.1275 0.1275 0.1275 0.1375 0.1375 0.1565 0.1565 0.1885 0.1885 0.1885 0.197 0.197 0.175 0.175 0.15 0.15 0.15 0.158 0.158 0.1585 0.1585 0.1525 0.1525 0.1525 0.157 0.157 0.1595 0.1595 0.155 0.155 0.1445 0.1445 0.1445 0.1495 0.1495 0.1485 0.1485 0.1545 0.1545 0.1545 0.1625 0.1625 0.1675 0.1675 0.163 0.163 0.163 0.165 0.165 0.156 0.156 0.152 0.152 0.152 0.1565 0.1565 0.157 0.157
0.155 0.169 0.169 0.1655 0.1655 0.1655 0.135 0.135 0.171 0.171 0.145 0.145 0.135 0.135 0.135 0.138 0.138 0.171 0.171 0.167 0.167 0.167 0.1505 0.1505 0.1575 0.1575 0.1685 0.1685 0.1685 0.1655 0.1655 0.1665 0.1665 0.1625 0.1625 0.1625 0.16 0.16 0.1645 0.1645 0.152 0.152 0.152 0.149 0.149 0.1475 0.1475 0.165 0.165 0.1485 0.1485 0.1485 0.1545 0.1545 0.16 0.16 0.153 0.153 0.153 0.167 0.167 0.1835 0.1835 0.193 0.193 0.193 0.169 0.169 0.156 0.156 0.153 0.153 0.153 0.158 0.158 0.1605 0.1605
0.155 0.169 0.169 0.1655 0.1655 0.1655 0.135 0.135 0.171 0.171 0.145 0.145 0.135 0.135 0.135 0.138 0.138 0.171 0.171 0.167 0.167 0.167 0.1505 0.1505 0.1575 0.1575 0.1685 0.1685 0.1685 0.1655 0.1655 0.1665 0.1665 0.1625 0.1625 0.1625 0.16 0.16 0.1645 0.1645 0.152 0.152 0.152 0.149 0.149 0.1475 0.1475 0.165 0.165 0.1485 0.1485 0.1485 0.1545 0.1545 0.16 0.16 0.153 0.153 0.153 0.167 0.167 0.1835 0.1835 0.193 0.193 0.193 0.169 0.169 0.156 0.156 0.153 0.153 0.153 0.158 0.158 0.1605 0.1605
0.1635 0.145 0.145 0.1715 0.1715 0.1715 0.1955 0.1955 0.1795 0.1795 0.184 0.184 0.1905 0.1905 0.1905 0.184 0.184 0.1825 0.1825 0.173 0.173 0.173 0.1765 0.1765 0.16 0.16 0.1725 0.1725 0.1725 0.1625 0.1625 0.1615 0.1615 0.1665 0.1665 0.1665 0.1665 0.1665 0.1655 0.1655 0.1535 0.1535 0.1535 0.151 0.151 0.1585 0.1585 0.152 0.152 0.162 0.162 0.162 0.169 0.169 0.1675 0.1675 0.176 0.176 0.176 0.186 0.186 0.198 0.198 0.196 0.196 0.196 0.1715 0.1715 0.1585 0.1585 0.167 0.167 0.167 0.156 0.156 0.1715 0.1715
0.1635 0.145 0.145 0.1715 0.1715 0.1715 0.1955 0.1955 0.1795 0.1795 0.184 0.184 0.1905 0.1905 0.1905 0.184 0.184 0.1825 0.1825 0.173 0.173 0.173 0.1765 0.1765 0.16 0.16 0.1725 0.1725 0.1725 0.1625 0.1625 0.1615 0.1615 0.1665 0.1665 0.1665 0.1665 0.1665 0.1655 0.1655 0.1535 0.1535 0.1535 0.151 0.151 0.1585 0.1585 0.152 0.152 0.162 0.162 0.162 0.169 0.169 0.1675 0.1675 0.176 0.176 0.176 0.186 0.186 0.198 0.198 0.196 0.196 0.196 0.1715 0.1715 0.1585 0.1585 0.167 0.167 0.167 0.156 0.156 0.1715 0.1715
0.1435 0.1275 0.1275 0.172 0.172 0.172 0.196 0.196 0.1855 0.1855 0.174 0.174 0.1915 0.1915 0.1915 0.212 0.212 0.1805 0.1805 0.17 0.17 0.17 0.1595 0.1595 0.174 0.174 0.176 0.176 0.176 0.172 0.172 0.171 0.171 0.165 0.165 0.165 0.1715 0.1715 0.16 0.16 0.166 0.166 0.166 0.1615 0.1615 0.1625 0.1625 0.163 0.163 0.176 0.176 0.176 0.1585 0.1585 0.185 0.185 0.188 0.188 0.188 0.1865 0.1865 0.214 0.214 0.1805 0.1805 0.1805 0.1625 0.1625 0.1645 0.1645 0.167 0.167 0.167 0.1725 0.1725 0.1725 0.1725
0.1435 0.1275 0.1275 0.172 0.172 0.172 0.196 0.196 0.1855 0.1855 0.174 0.174 0.1915 0.1915 0.1915 0.212 0.212 0.1805 0.1805 0.17 0.17 0.17 0.1595 0.1595 0.174 0.174 0.176 0.176 0.176 0.172 0.172 0.171 0.171 0.165 0.165 0.165 0.1715 0.1715 0.16 0.16 0.166 0.166 0.166 0.1615 0.1615 0.1625 0.1625 0.163 0.163 0.176 0.176 0.176 0.1585 0.1585 0.185 0.185 0.188 0.188 0.188 0.1865 0.1865 0.214 0.214 0.1805 0.1805 0.1805 0.1625 0.1625 0.1645 0.1645 0.167 0.167 0.167 0.1725 0.1725 0.1725 0.1725
0.1435 0.1275 0.1275 0.172 0.172 0.172 0.196 0.196 0.1855 0.1855 0.174 0.174 0.1915 0.1915 0.1915 0.212 0.212 0.1805 0.1805 0.17 0.17 0.17 0.1595 0.1595 0.174 0.174 0.176 0.176 0.176 0.172 0.172 0.171 0.171 0.165 0.165 0.165 0.1715 0.1715 0.16 0.16 0.166 0.166 0.166 0.1615 0.1615 0.1625 0.1625 0.163 0.163 0.176 0.176 0.176 0.1585 0.1585 0.185 0.185 0.188 0.188 0.188 0.1865 0.1865 0.214 0.214 0.1805 0.1805 0.1805 0.1625 0.1625 0.1645 0.1645 0.167 0.167 0.167 0.1725 0.1725 0.1725 0.1725
0.134 0.1315 0.1315 0.178 0.178 0.178 0.1945 0.1945 0.1925 0.1925 0.1855 0.1855 0.183 0.183 0.183 0.192 0.192 0.179 0.179 0.1795 0.1795 0.1795 0.1725 0.1725 0.177 0.177 0.188 0.188 0.188 0.189 0.189 0.178 0.178 0.1935 0.1935 0.1935 0.186 0.186 0.2015 0.2015 0.204 0.204 0.204 0.202 0.202 0.164 0.164 0.173 0.173 0.1505 0.1505 0.1505 0.1485 0.1485 0.1895 0.1895 0.1835 0.1835 0.1835 0.181 0.181 0.179 0.179 0.188 0.188 0.188 0.1865 0.1865 0.1725 0.1725 0.178 0.178 0.178 0.1765 0.1765 0.1795 0.1795
0.134 0.1315 0.1315 0.178 0.178 0.178 0.1945 0.1945 0.1925 0.1925 0.1855 0.1855 0.183 0.183 0.183 0.192 0.192 0.179 0.179 0.1795 0.1795 0.1795 0.1725 0.1725 0.177 0.177 0.188 0.188 0.188 0.189 0.189 0.178 0.178 0.1935 0.1935 0.1935 0.186 0.186 0.2015 0.2015 0.204 0.204 0.204 0.202 0.202 0.164 0.164 0.173 0.173 0.1505 0.1505 0.1505 0.1485 0.1485 0.1895 0.1895 0.1835 0.1835 0.1835 0.181 0.181 0.179 0.179 0.188 0.188 0.188 0.1865 0.1865 0.1725 0.1725 0.178 0.178 0.178 0.1765 0.1765 0.1795 0.1795
0.1355 0.1405 0.1405 0.19 0.19 0.19 0.201 0.201 0.1965 0.1965 0.204 0.204 0.2025 0.2025 0.2025 0.2105 0.2105 0.1845 0.1845 0.198 0.198 0.198 0.1895 0.1895 0.2145 0.2145 0.201 0.201 0.201 0.2 0.2 0.2195 0.2195 0.2315 0.2315 0.2315 0.2115 0.2115 0.2125 0.2125 0.1825 0.1825 0.1825 0.175 0.175 0.174 0.174 0.1915 0.1915 0.17 0.17 0.17 0.1765 0.1765 0.1735 0.1735 0.1725 0.1725 0.1725 0.171 0.171 0.1745 0.1745 0.192 0.192 0.192 0.181 0.181 0.201 0.201 0.1935 0.1935 0.1935 0.186 0.186 0.198 0.198
0.1355 0.1405 0.1405 0.19 0.19 0.19 0.201 0.201 0.1965 0.1965 0.204 0.204 0.2025 0.2025 0.2025 0.2105 0.2105 0.1845 0.1845 0.198 0.198 0.198 0.1895 0.1895 0.2145 0.2145 0.201 0.201 0.201 0.2 0.2 0.2195 0.2195 0.2315 0.2315 0.2315 0.2115 0.2115 0.2125 0.2125 0.1825 0.1825 0.1825 0.175 0.175 0.174 0.174 0.1915 0.1915 0.17 0.17 0.17 0.1765 0.1765 0.1735 0.1735 0.1725 0.1725 0.1725 0.171 0.171 0.1745 0.1745 0.192 0.192 0.192 0.181 0.181 0.201 0.201 0.1935 0.1935 0.1935 0.186 0.186 0.198 0.198
0.105 0.139 0.139 0.182 0.182 0.182 0.178 0.178 0.209 0.209 0.197 0.197 0.2005 0.2005 0.2005 0.1965 0.1965 0.2035 0.2035 0.2375 0.2375 0.2375 0.2255 0.2255 0.221 0.221 0.203 0.203 0.203 0.215 0.215 0.206 0.206 0.193 0.193 0.193 0.2005 0.2005 0.2055 0.2055 0.211 0.211 0.211 0.185 0.185 0.181 0.181 0.183 0.183 0.1835 0.1835 0.1835 0.189 0.189 0.1755 0.1755 0.1865 0.1865 0.1865 0.1965 0.1965 0.192 0.192 0.1945 0.1945 0.1945 0.1915 0.1915 0.209 0.209 0.2005 0.2005 0.2005 0.201 0.201 0.197 0.197
0.105 0.139 0.139 0.182 0.182 0.182 0.178 0.178 0.209 0.209 0.197 0.197 0.2005 0.2005 0.2005 0.1965 0.1965 0.2035 0.2035 0.2375 0.2375 0.2375 0.2255 0.2255 0.221 0.221 0.203 0.203 0.203 0.215 0.215 0.206 0.206 0.193 0.193 0.193 0.2005 0.2005 0.2055 0.2055 0.211 0.211 0.211 0.185 0.185 0.181 0.181 0.183 0.183 0.1835 0.1835 0.1835 0.189 0.189 0.1755 0.1755 0.1865 0.1865 0.1865 0.1965 0.1965 0.192 0.192 0.1945 0.1945 0.1945 0.1915 0.1915 0.209 0.209 0.2005 0.2005 0.2005 0.201 0.201 0.197 0.197
0.117 0.147 0.147 0.1535 0.1535 0.1535 0.191 0.191 0.2045 0.2045 0.192 0.192 0.204 0.204 0.204 0.1955 0.1955 0.2085 0.2085 0.2275 0.2275 0.2275 0.2265 0.2265 0.2205 0.2205 0.213 0.213 0.213 0.2095 0.2095 0.1985 0.1985 0.207 0.207 0.207 0.197 0.197 0.1935 0.1935 0.193 0.193 0.193 0.183 0.183 0.1775 0.1775 0.1855 0.1855 0.2025 0.2025 0.2025 0.1855 0.1855 0.165 0.165 0.193 0.193 0.193 0.197 0.197 0.217 0.217 0.2155 0.2155 0.2155 0.205 0.205 0.203 0.203 0.1775 0.1775 0.1775 0.1845 0.1845 0.2155 0.2155
0.117 0.147 0.147 0.1535 0.1535 0.1535 0.191 0.191 0.2045 0.2045 0.192 0.192 0.204 0.204 0.204 0.1955 0.1955 0.2085 0.2085 0.2275 0.2275 0.2275 0.2265 0.2265 0.2205 0.2205 0.213 0.213 0.213 0.2095 0.2095 0.1985 0.1985 0.207 0.207 0.207 0.197 0.197 0.1935 0.1935 0.193 0.193 0.193 0.183 0.183 0.1775 0.1775 0.1855 0.1855 0.2025 0.2025 0.2025 0.1855 0.1855 0.165 0.165 0.193 0.193 0.193 0.197 0.197 0.217 0.217 0.2155 0.2155 0.2155 0.205 0.205 0.203 0.203 0.1775 0.1775 0.1775 0.1845 0.1845 0.2155 0.2155
0.117 0.147 0.147 0.1535 0.1535 0.1535 0.191 0.191 0.2045 0.2045 0.192 0.192 0.204 0.204 0.204 0.1955 0.1955 0.2085 0.2085 0.2275 0.2275 0.2275 0.2265 0.2265 0.2205 0.2205 0.213 0.213 0.213 0.2095 0.2095 0.1985 0.1985 0.207 0.207 0.207 0.197 0.197 0.1935 0.1935 0.193 0.193 0.193 0.183 0.183 0.1775 0.1775 0.1855 0.1855 0.2025 0.2025 0.2025 0.1855 0.1855 0.165 0.165 0.193 0.193 0.193 0.197 0.197 0.217 0.217 0.2155 0.2155 0.2155 0.205 0.205 0.203 0.203 0.1775 0.1775 0.1775 0.1845 0.1845 0.2155 0.2155
0.13 0.1405 0.1405 0.158 0.158 0.158 0.1745 0.1745 0.169 0.169 0.183 0.183 0.185 0.185 0.185 0.192 0.192 0.2315 0.2315 0.231 0.231 0.231 0.2425 0.2425 0.216 0.216 0.1925 0.1925 0.1925 0.1955 0.1955 0.225 0.225 0.205 0.205 0.205 0.212 0.212 0.1945 0.1945 0.1845 0.1845 0.1845 0.182 0.182 0.1755 0.1755 0.1795 0.1795 0.209 0.209 0.209 0.1775 0.1775 0.164 0.164 0.172 0.172 0.172 0.19 0.19 0.2135 0.2135 0.212 0.212 0.212 0.2095 0.2095 0.197 0.197 0.191 0.191 0.191 0.193 0.193 0.1875 0.1875
0.13 0.1405 0.1405 0.158 0.158 0.158 0.1745 0.1745 0.169 0.169 0.183 0.183 0.185 0.185 0.185 0.192 0.192 0.2315 0.2315 0.231 0.231 0.231 0.2425 0.2425 0.216 0.216 0.1925 0.1925 0.1925 0.1955 0.1955 0.225 0.225 0.205 0.205 0.205 0.212 0.212 0.1945 0.1945 0.1845 0.1845 0.1845 0.182 0.182 0.1755 0.1755 0.1795 0.1795 0.209 0.209 0.209 0.1775 0.1775 0.164 0.164 0.172 0.172 0.172 0.19 0.19 0.2135 0.2135 0.212 0.212 0.212 0.2095 0.2095 0.197 0.197 0.191 0.191 0.191 0.193 0.193 0.1875 0.1875
0.142 0.147 0.147 0.148 0.148 0.148 0.139 0.139 0.164 0.164 0.1905 0.1905 0.2 0.2 0.2 0.24 0.24 0.235 0.235 0.2505 0.2505 0.2505 0.239 0.239 0.231 0.231 0.1965 0.1965 0.1965 0.204 0.204 0.224 0.224 0.208 0.208 0.208 0.249 0.249 0.2475 0.2475 0.224 0.224 0.224 0.206 0.206 0.183 0.183 0.1725 0.1725 0.1825 0.1825 0.1825 0.1945 0.1945 0.196 0.196 0.178 0.178 0.178 0.2025 0.2025 0.1985 0.1985 0.206 0.206 0.206 0.197 0.197 0.1835 0.1835 0.195 0.195 0.195 0.1855 0.1855 0.1915 0.1915
0.142 0.147 0.147 0.148 0.148 0.148 0.139 0.139 0.164 0.164 0.1905 0.1905 0.2 0.2 0.2 0.24 0.24 0.235 0.235 0.2505 0.2505 0.2505 0.239 0.239 0.231 0.231 0.1965 0.1965 0.1965 0.204 0.204 0.224 0.224 0.208 0.208 0.208 0.249 0.249 0.2475 0.2475 0.224 0.224 0.224 0.206 0.206 0.183 0.183 0.1725 0.1725 0.1825 0.1825 0.1825 0.1945 0.1945 0.196 0.196 0.178 0.178 0.178 0.2025 0.2025 0.1985 0.1985 0.206 0.206 0.206 0.197 0.197 0.1835 0.1835 0.195 0.195 0.195 0.1855 0.1855 0.1915 0.1915
0.17 0.1745 0.1745 0.168 0.168 0.168 0.1455 0.1455 0.2055 0.2055 0.225 0.225 0.2095 0.2095 0.2095 0.243 0.243 0.255 0.255 0.244 0.244 0.244 0.237 0.237 0.2325 0.2325 0.2115 0.2115 0.2115 0.215 0.215 0.204 0.204 0.2255 0.2255 0.2255 0.223 0.223 0.24 0.24 0.213 0.213 0.213 0.2075 0.2075 0.2025 0.2025 0.215 0.215 0.209 0.209 0.209 0.221 0.221 0.2675 0.2675 0.211 0.211 0.211 0.205 0.205 0.2235 0.2235 0.2265 0.2265 0.2265 0.2105 0.2105 0.1995 0.1995 0.1885 0.1885 0.1885 0.193 0.193 0.2025 0.2025
0.17 0.1745 0.1745 0.168 0.168 0.168 0.1455 0.1455 0.2055 0.2055 0.225 0.225 0.2095 0.2095 0.2095 0.243 0.243 0.255 0.255 0.244 0.244 0.244 0.237 0.237 0.2325 0.2325 0.2115 0.2115 0.2115 0.215 0.215 0.204 0.204 0.2255 0.2255 0.2255 0.223 0.223 0.24 0.24 0.213 0.213 0.213 0.2075 0.2075 0.2025 0.2025 0.215 0.215 0.209 0.209 0.209 0.221 0.221 0.2675 0.2675 0.211 0.211 0.211 0.205 0.205 0.2235 0.2235 0.2265 0.2265 0.2265 0.2105 0.2105 0.1995 0.1995 0.1885 0.1885 0.1885 0.193 0.193 0.2025 0.2025
0.17 0.1745 0.1745 0.168 0.168 0.168 0.1455 0.1455 0.2055 0.2055 0.225 0.225 0.2095 0.2095 0.2095 0.243 0.243 0.255 0.255 0.244 0.244 0.244 0.237 0.237 0.2325 0.2325 0.2115 0.2115 0.2115 0.215 0.215 0.204 0.204 0.2255 0.2255 0.2255 0.223 0.223 0.24 0.24 0.213 0.213 0.213 0.2075 0.2075 0.2025 0.2025 0.215 0.215 0.209 0.209 0.209 0.221 0.221 0.2675 0.2675 0.211 0.211 0.211 0.205 0.205 0.2235 0.2235 0.2265 0.2265 0.2265 0.2105 0.2105 0.1995 0.1995 0.1885 0.1885 0.1885 0.193 0.193 0.2025 0.2025
0.2165 0.174 0.174 0.1775 0.1775 0.1775 0.168 0.168 0.1875 0.1875 0.2115 0.2115 0.2385 0.2385 0.2385 0.2495 0.2495 0.246 0.246 0.264 0.264 0.264 0.241 0.241 0.219 0.219 0.233 0.233 0.233 0.229 0.229 0.2185 0.2185 0.225 0.225 0.225 0.22 0.22 0.2225 0.2225 0.2215 0.2215 0.2215 0.2535 0.2535 0.2405 0.2405 0.232 0.232 0.257 0.257 0.257 0.2575 0.2575 0.238 0.238 0.261 0.261 0.261 0.2605 0.2605 0.245 0.245 0.233 0.233 0.233 0.2205 0.2205 0.2375 0.2375 0.237 0.237 0.237 0.242 0.242 0.2185 0.2185
0.2165 0.174 0.174 0.1775 0.1775 0.1775 0.168 0.168 0.1875 0.1875 0.2115 0.2115 0.2385 0.2385 0.2385 0.2495 0.2495 0.246 0.246 0.264 0.264 0.264 0.241 0.241 0.219 0.219 0.233 0.233 0.233 0.229 0.229 0.2185 0.2185 0.225 0.225 0.225 0.22 0.22 0.2225 0.2225 0.2215 0.2215 0.2215 0.2535 0.2535 0.2405 0.2405 0.232 0.232 0.257 0.257 0.257 0.2575 0.2575 0.238 0.238 0.261 0.261 0.261 0.2605 0.2605 0.245 0.245 0.233 0.233 0.233 0.2205 0.2205 0.2375 0.2375 0.237 0.237 0.237 0.242 0.242 0.2185 0.2185
0.184 0.193 0.193 0.1975 0.1975 0.1975 0.1965 0.1965 0.189 0.189 0.1895 0.1895 0.2515 0.2515 0.2515 0.243 0.243 0.2335 0.2335 0.239 0.239 0.239 0.2685 0.2685 0.249 0.249 0.2155 0.2155 0.2155 0.2365 0.2365 0.2375 0.2375 0.261 0.261 0.261 0.245 0.245 0.236 0.236 0.2415 0.2415 0.2415 0.245 0.245 0.2385 0.2385 0.2395 0.2395 0.2475 0.2475 0.2475 0.257 0.257 0.251 0.251 0.234 0.234 0.234 0.2635 0.2635 0.2535 0.2535 0.2205 0.2205 0.2205 0.2135 0.2135 0.218 0.218 0.242 0.242 0.242 0.2535 0.2535 0.2205 0.2205
