ndvi/NOAA-324.asc
ncols         252
nrows         154
xllcorner     -18.017974
yllcorner     13.481982
cellsize      0.035948
NODATA_value  -9999
[rows 102 to 135 of 154, columns 0 to 76 of 252]
-1 -1 -1 -1 -1 -1 -1 -1 -1 -1 -1 -1 -1 -1 -1 -1 -1 -1 -1 -1 -1 -1 -1 -1 -1 0.0107 0.0107 0.0107 0.2575 0.2575 0.3225 0.3225 0.275 0.275 0.275 0.274 0.274 0.2635 0.2635 0.2575 0.2575 0.2575 0.2625 0.2625 0.258 0.258 0.2505 0.2505 0.2505 0.266 0.266 0.27 0.27 0.2675 0.2675 0.274 0.274 0.274 0.2635 0.2635 0.2705 0.2705 0.2705 0.2705 0.2705 0.2775 0.2775 0.2805 0.2805 0.2665 0.2665 0.2665 0.2565 0.2565 0.253 0.253 0.2445
-1 -1 -1 -1 -1 -1 -1 -1 -1 -1 -1 -1 -1 -1 -1 -1 -1 -1 -1 -1 -1 -1 -1 0.0152 0.0152 0.237 0.237 0.237 0.3075 0.3075 0.2855 0.2855 0.2805 0.2805 0.2805 0.2755 0.2755 0.2725 0.2725 0.2735 0.2735 0.2735 0.272 0.272 0.2715 0.2715 0.252 0.252 0.252 0.263 0.263 0.258 0.258 0.2615 0.2615 0.275 0.275 0.275 0.267 0.267 0.276 0.276 0.276 0.276 0.276 0.2905 0.2905 0.2805 0.2805 0.2875 0.2875 0.2875 0.281 0.281 0.2705 0.2705 0.267
-1 -1 -1 -1 -1 -1 -1 -1 -1 -1 -1 -1 -1 -1 -1 -1 -1 -1 -1 -1 -1 -1 -1 0.0152 0.0152 0.237 0.237 0.237 0.3075 0.3075 0.2855 0.2855 0.2805 0.2805 0.2805 0.2755 0.2755 0.2725 0.2725 0.2735 0.2735 0.2735 0.272 0.272 0.2715 0.2715 0.252 0.252 0.252 0.263 0.263 0.258 0.258 0.2615 0.2615 0.275 0.275 0.275 0.267 0.267 0.276 0.276 0.276 0.276 0.276 0.2905 0.2905 0.2805 0.2805 0.2875 0.2875 0.2875 0.281 0.281 0.2705 0.2705 0.267
-1 -1 -1 -1 -1 -1 -1 -1 -1 -1 -1 -1 -1 -1 -1 -1 -1 -1 -1 -1 -1 -1 -1 0.0152 0.0152 0.237 0.237 0.237 0.3075 0.3075 0.2855 0.2855 0.2805 0.2805 0.2805 0.2755 0.2755 0.2725 0.2725 0.2735 0.2735 0.2735 0.272 0.272 0.2715 0.2715 0.252 0.252 0.252 0.263 0.263 0.258 0.258 0.2615 0.2615 0.275 0.275 0.275 0.267 0.267 0.276 0.276 0.276 0.276 0.276 0.2905 0.2905 0.2805 0.2805 0.2875 0.2875 0.2875 0.281 0.281 0.2705 0.2705 0.267
-1 -1 -1 -1 -1 -1 -1 -1 -1 -1 -1 -1 -1 -1 -1 -1 -1 -1 -1 -1 -1 0.0157 0.0157 0.1835 0.1835 0.331 0.331 0.331 0.3195 0.3195 0.31 0.31 0.311 0.311 0.311 0.295 0.295 0.2925 0.2925 0.287 0.287 0.287 0.2845 0.2845 0.289 0.289 0.2585 0.2585 0.2585 0.251 0.251 0.26 0.26 0.2615 0.2615 0.2735 0.2735 0.2735 0.2625 0.2625 0.288 0.288 0.288 0.288 0.288 0.2995 0.2995 0.317 0.317 0.3095 0.3095 0.3095 0.294 0.294 0.293 0.293 0.2845
-1 -1 -1 -1 -1 -1 -1 -1 -1 -1 -1 -1 -1 -1 -1 -1 -1 -1 -1 -1 -1 0.0157 0.0157 0.1835 0.1835 0.331 0.331 0.331 0.3195 0.3195 0.31 0.31 0.311 0.311 0.311 0.295 0.295 0.2925 0.2925 0.287 0.287 0.287 0.2845 0.2845 0.289 0.289 0.2585 0.2585 0.2585 0.251 0.251 0.26 0.26 0.2615 0.2615 0.2735 0.2735 0.2735 0.2625 0.2625 0.288 0.288 0.288 0.288 0.288 0.2995 0.2995 0.317 0.317 0.3095 0.3095 0.3095 0.294 0.294 0.293 0.293 0.2845
-1 -1 -1 -1 -1 -1 -1 -1 -1 -1 -1 -1 -1 -1 -1 -1 -1 -1 -1 -1 -1 0.1635 0.1635 0.323 0.323 0.3435 0.3435 0.3435 0.3695 0.3695 0.3315 0.3315 0.3135 0.3135 0.3135 0.294 0.294 0.2855 0.2855 0.2885 0.2885 0.2885 0.284 0.284 0.2835 0.2835 0.279 0.279 0.279 0.282 0.282 0.282 0.282 0.2565 0.2565 0.2695 0.2695 0.2695 0.267 0.267 0.3045 0.3045 0.3045 0.3045 0.3045 0.285 0.285 0.2995 0.2995 0.3085 0.3085 0.3085 0.3145 0.3145 0.301 0.301 0.2945
-1 -1 -1 -1 -1 -1 -1 -1 -1 -1 -1 -1 -1 -1 -1 -1 -1 -1 -1 -1 -1 0.1635 0.1635 0.323 0.323 0.3435 0.3435 0.3435 0.3695 0.3695 0.3315 0.3315 0.3135 0.3135 0.3135 0.294 0.294 0.2855 0.2855 0.2885 0.2885 0.2885 0.284 0.284 0.2835 0.2835 0.279 0.279 0.279 0.282 0.282 0.282 0.282 0.2565 0.2565 0.2695 0.2695 0.2695 0.267 0.267 0.3045 0.3045 0.3045 0.3045 0.3045 0.285 0.285 0.2995 0.2995 0.3085 0.3085 0.3085 0.3145 0.3145 0.301 0.301 0.2945
-1 -1 -1 -1 -1 -1 -1 -1 -1 -1 -1 -1 -1 -1 -1 -1 -1 -1 0.1757 0.1757 0.1757 0.3665 0.3665 0.3535 0.3535 0.3445 0.3445 0.3445 0.355 0.355 0.3345 0.3345 0.298 0.298 0.298 0.281 0.281 0.296 0.296 0.282 0.282 0.282 0.283 0.283 0.274 0.274 0.2645 0.2645 0.2645 0.2805 0.2805 0.286 0.286 0.271 0.271 0.275 0.275 0.275 0.2865 0.2865 0.273 0.273 0.273 0.273 0.273 0.2825 0.2825 0.2885 0.2885 0.296 0.296 0.296 0.311 0.311 0.3335 0.3335 0.31
-1 -1 -1 -1 -1 -1 -1 -1 -1 -1 -1 -1 -1 -1 -1 -1 -1 -1 0.1757 0.1757 0.1757 0.3665 0.3665 0.3535 0.3535 0.3445 0.3445 0.3445 0.355 0.355 0.3345 0.3345 0.298 0.298 0.298 0.281 0.281 0.296 0.296 0.282 0.282 0.282 0.283 0.283 0.274 0.274 0.2645 0.2645 0.2645 0.2805 0.2805 0.286 0.286 0.271 0.271 0.275 0.275 0.275 0.2865 0.2865 0.273 0.273 0.273 0.273 0.273 0.2825 0.2825 0.2885 0.2885 0.296 0.296 0.296 0.311 0.311 0.3335 0.3335 0.31
-1 -1 -1 -1 -1 -1 -1 -1 -1 -1 -1 -1 -1 -1 -1 -1 -1 -1 0.1757 0.1757 0.1757 0.3665 0.3665 0.3535 0.3535 0.3445 0.3445 0.3445 0.355 0.355 0.3345 0.3345 0.298 0.298 0.298 0.281 0.281 0.296 0.296 0.282 0.282 0.282 0.283 0.283 0.274 0.274 0.2645 0.2645 0.2645 0.2805 0.2805 0.286 0.286 0.271 0.271 0.275 0.275 0.275 0.2865 0.2865 0.273 0.273 0.273 0.273 0.273 0.2825 0.2825 0.2885 0.2885 0.296 0.296 0.296 0.311 0.311 0.3335 0.3335 0.31
-1 -1 -1 -1 -1 -1 -1 -1 -1 -1 -1 -1 -1 -1 -1 -1 0.2587 0.2587 0.39 0.39 0.39 0.365 0.365 0.362 0.362 0.352 0.352 0.352 0.3705 0.3705 0.316 0.316 0.3205 0.3205 0.3205 0.3015 0.3015 0.2955 0.2955 0.289 0.289 0.289 0.2765 0.2765 0.278 0.278 0.257 0.257 0.257 0.278 0.278 0.2705 0.2705 0.2715 0.2715 0.298 0.298 0.298 0.295 0.295 0.3085 0.3085 0.3085 0.3085 0.3085 0.281 0.281 0.2895 0.2895 0.2955 0.2955 0.2955 0.2945 0.2945 0.2805 0.2805 0.3055
-1 -1 -1 -1 -1 -1 -1 -1 -1 -1 -1 -1 -1 -1 -1 -1 0.2587 0.2587 0.39 0.39 0.39 0.365 0.365 0.362 0.362 0.352 0.352 0.352 0.3705 0.3705 0.316 0.316 0.3205 0.3205 0.3205 0.3015 0.3015 0.2955 0.2955 0.289 0.289 0.289 0.2765 0.2765 0.278 0.278 0.257 0.257 0.257 0.278 0.278 0.2705 0.2705 0.2715 0.2715 0.298 0.298 0.298 0.295 0.295 0.3085 0.3085 0.3085 0.3085 0.3085 0.281 0.281 0.2895 0.2895 0.2955 0.2955 0.2955 0.2945 0.2945 0.2805 0.2805 0.3055
-1 -1 -1 -1 -1 -1 -1 -1 -1 -1 -1 -1 0.1742 0.1742 0.1775 0.1775 0.201 0.201 0.341 0.341 0.341 0.3635 0.3635 0.381 0.381 0.3535 0.3535 0.3535 0.351 0.351 0.3395 0.3395 0.312 0.312 0.312 0.3175 0.3175 0.314 0.314 0.3265 0.3265 0.3265 0.305 0.305 0.3035 0.3035 0.2795 0.2795 0.2795 0.273 0.273 0.2815 0.2815 0.277 0.277 0.2795 0.2795 0.2795 0.2955 0.2955 0.2965 0.2965 0.2965 0.2965 0.2965 0.309 0.309 0.311 0.311 0.279 0.279 0.279 0.2845 0.2845 0.2845 0.2845 0.3095
-1 -1 -1 -1 -1 -1 -1 -1 -1 -1 -1 -1 0.1742 0.1742 0.1775 0.1775 0.201 0.201 0.341 0.341 0.341 0.3635 0.3635 0.381 0.381 0.3535 0.3535 0.3535 0.351 0.351 0.3395 0.3395 0.312 0.312 0.312 0.3175 0.3175 0.314 0.314 0.3265 0.3265 0.3265 0.305 0.305 0.3035 0.3035 0.2795 0.2795 0.2795 0.273 0.273 0.2815 0.2815 0.277 0.277 0.2795 0.2795 0.2795 0.2955 0.2955 0.2965 0.2965 0.2965 0.2965 0.2965 0.309 0.309 0.311 0.311 0.279 0.279 0.279 0.2845 0.2845 0.2845 0.2845 0.3095
-1 -1 -1 -1 -1 -1 -1 -1 -1 0.1482 0.1482 0.1482 0.111 0.111 0.1527 0.1527 0.1002 0.1002 0.16 0.16 0.16 0.345 0.345 0.3475 0.3475 0.375 0.375 0.375 0.328 0.328 0.3245 0.3245 0.3125 0.3125 0.3125 0.3225 0.3225 0.328 0.328 0.3135 0.3135 0.3135 0.316 0.316 0.3095 0.3095 0.2865 0.2865 0.2865 0.288 0.288 0.296 0.296 0.282 0.282 0.283 0.283 0.283 0.292 0.292 0.292 0.292 0.292 0.292 0.292 0.2915 0.2915 0.289 0.289 0.2945 0.2945 0.2945 0.296 0.296 0.3025 0.3025 0.3065
-1 -1 -1 -1 -1 -1 -1 -1 -1 0.1482 0.1482 0.1482 0.111 0.111 0.1527 0.1527 0.1002 0.1002 0.16 0.16 0.16 0.345 0.345 0.3475 0.3475 0.375 0.375 0.375 0.328 0.328 0.3245 0.3245 0.3125 0.3125 0.3125 0.3225 0.3225 0.328 0.328 0.3135 0.3135 0.3135 0.316 0.316 0.3095 0.3095 0.2865 0.2865 0.2865 0.288 0.288 0.296 0.296 0.282 0.282 0.283 0.283 0.283 0.292 0.292 0.292 0.292 0.292 0.292 0.292 0.2915 0.2915 0.289 0.289 0.2945 0.2945 0.2945 0.296 0.296 0.3025 0.3025 0.3065
-1 -1 -1 -1 -1 -1 -1 -1 -1 0.1482 0.1482 0.1482 0.111 0.111 0.1527 0.1527 0.1002 0.1002 0.16 0.16 0.16 0.345 0.345 0.3475 0.3475 0.375 0.375 0.375 0.328 0.328 0.3245 0.3245 0.3125 0.3125 0.3125 0.3225 0.3225 0.328 0.328 0.3135 0.3135 0.3135 0.316 0.316 0.3095 0.3095 0.2865 0.2865 0.2865 0.288 0.288 0.296 0.296 0.282 0.282 0.283 0.283 0.283 0.292 0.292 0.292 0.292 0.292 0.292 0.292 0.2915 0.2915 0.289 0.289 0.2945 0.2945 0.2945 0.296 0.296 0.3025 0.3025 0.3065
-1 -1 -1 -1 -1 -1 -1 -1 -1 -1 -1 -1 0.1192 0.1192 0.1577 0.1577 0.1732 0.1732 0.1252 0.1252 0.1252 0.353 0.353 0.366 0.366 0.3705 0.3705 0.3705 0.3335 0.3335 0.3275 0.3275 0.327 0.327 0.327 0.317 0.317 0.328 0.328 0.3065 0.3065 0.3065 0.3265 0.3265 0.3095 0.3095 0.2935 0.2935 0.2935 0.2945 0.2945 0.305 0.305 0.309 0.309 0.3125 0.3125 0.3125 0.3005 0.3005 0.294 0.294 0.294 0.294 0.294 0.2905 0.2905 0.283 0.283 0.289 0.289 0.289 0.312 0.312 0.31 0.31 0.322
-1 -1 -1 -1 -1 -1 -1 -1 -1 -1 -1 -1 0.1192 0.1192 0.1577 0.1577 0.1732 0.1732 0.1252 0.1252 0.1252 0.353 0.353 0.366 0.366 0.3705 0.3705 0.3705 0.3335 0.3335 0.3275 0.3275 0.327 0.327 0.327 0.317 0.317 0.328 0.328 0.3065 0.3065 0.3065 0.3265 0.3265 0.3095 0.3095 0.2935 0.2935 0.2935 0.2945 0.2945 0.305 0.305 0.309 0.309 0.3125 0.3125 0.3125 0.3005 0.3005 0.294 0.294 0.294 0.294 0.294 0.2905 0.2905 0.283 0.283 0.289 0.289 0.289 0.312 0.312 0.31 0.31 0.322
-1 -1 -1 -1 -1 -1 -1 -1 -1 -1 -1 -1 -1 -1 -1 -1 -1 -1 0.1392 0.1392 0.1392 0.252 0.252 0.3505 0.3505 0.34 0.34 0.34 0.3215 0.3215 0.3375 0.3375 0.335 0.335 0.335 0.308 0.308 0.314 0.314 0.3315 0.3315 0.3315 0.3215 0.3215 0.3025 0.3025 0.3055 0.3055 0.3055 0.2945 0.2945 0.3175 0.3175 0.327 0.327 0.3245 0.3245 0.3245 0.308 0.308 0.301 0.301 0.301 0.301 0.301 0.2715 0.2715 0.2865 0.2865 0.311 0.311 0.311 0.3155 0.3155 0.3155 0.3155 0.309
-1 -1 -1 -1 -1 -1 -1 -1 -1 -1 -1 -1 -1 -1 -1 -1 -1 -1 0.1392 0.1392 0.1392 0.252 0.252 0.3505 0.3505 0.34 0.34 0.34 0.3215 0.3215 0.3375 0.3375 0.335 0.335 0.335 0.308 0.308 0.314 0.314 0.3315 0.3315 0.3315 0.3215 0.3215 0.3025 0.3025 0.3055 0.3055 0.3055 0.2945 0.2945 0.3175 0.3175 0.327 0.327 0.3245 0.3245 0.3245 0.308 0.308 0.301 0.301 0.301 0.301 0.301 0.2715 0.2715 0.2865 0.2865 0.311 0.311 0.311 0.3155 0.3155 0.3155 0.3155 0.309
-1 -1 -1 -1 -1 -1 -1 -1 -1 -1 -1 -1 -1 -1 -1 -1 -1 -1 -1 -1 -1 0.1237 0.1237 0.194 0.194 0.3375 0.3375 0.3375 0.3385 0.3385 0.3375 0.3375 0.3355 0.3355 0.3355 0.3215 0.3215 0.318 0.318 0.3185 0.3185 0.3185 0.3085 0.3085 0.302 0.302 0.306 0.306 0.306 0.3095 0.3095 0.325 0.325 0.3315 0.3315 0.3385 0.3385 0.3385 0.3435 0.3435 0.3155 0.3155 0.3155 0.3155 0.3155 0.2945 0.2945 0.3205 0.3205 0.3095 0.3095 0.3095 0.293 0.293 0.319 0.319 0.3255
-1 -1 -1 -1 -1 -1 -1 -1 -1 -1 -1 -1 -1 -1 -1 -1 -1 -1 -1 -1 -1 0.1237 0.1237 0.194 0.194 0.3375 0.3375 0.3375 0.3385 0.3385 0.3375 0.3375 0.3355 0.3355 0.3355 0.3215 0.3215 0.318 0.318 0.3185 0.3185 0.3185 0.3085 0.3085 0.302 0.302 0.306 0.306 0.306 0.3095 0.3095 0.325 0.325 0.3315 0.3315 0.3385 0.3385 0.3385 0.3435 0.3435 0.3155 0.3155 0.3155 0.3155 0.3155 0.2945 0.2945 0.3205 0.3205 0.3095 0.3095 0.3095 0.293 0.293 0.319 0.319 0.3255
-1 -1 -1 -1 -1 -1 -1 -1 -1 -1 -1 -1 -1 -1 -1 -1 -1 -1 -1 -1 -1 0.1037 0.1037 0.1782 0.1782 0.2745 0.2745 0.2745 0.3335 0.3335 0.341 0.341 0.334 0.334 0.334 0.34 0.34 0.3185 0.3185 0.2765 0.2765 0.2765 0.264 0.264 0.301 0.301 0.316 0.316 0.316 0.3205 0.3205 0.3315 0.3315 0.342 0.342 0.338 0.338 0.338 0.3315 0.3315 0.324 0.324 0.324 0.324 0.324 0.312 0.312 0.3215 0.3215 0.3185 0.3185 0.3185 0.337 0.337 0.3305 0.3305 0.3305
-1 -1 -1 -1 -1 -1 -1 -1 -1 -1 -1 -1 -1 -1 -1 -1 -1 -1 -1 -1 -1 0.1037 0.1037 0.1782 0.1782 0.2745 0.2745 0.2745 0.3335 0.3335 0.341 0.341 0.334 0.334 0.334 0.34 0.34 0.3185 0.3185 0.2765 0.2765 0.2765 0.264 0.264 0.301 0.301 0.316 0.316 0.316 0.3205 0.3205 0.3315 0.3315 0.342 0.342 0.338 0.338 0.338 0.3315 0.3315 0.324 0.324 0.324 0.324 0.324 0.312 0.312 0.3215 0.3215 0.3185 0.3185 0.3185 0.337 0.337 0.3305 0.3305 0.3305
-1 -1 -1 -1 -1 -1 -1 -1 -1 -1 -1 -1 -1 -1 -1 -1 -1 -1 -1 -1 -1 0.1037 0.1037 0.1782 0.1782 0.2745 0.2745 0.2745 0.3335 0.3335 0.341 0.341 0.334 0.334 0.334 0.34 0.34 0.3185 0.3185 0.2765 0.2765 0.2765 0.264 0.264 0.301 0.301 0.316 0.316 0.316 0.3205 0.3205 0.3315 0.3315 0.342 0.342 0.338 0.338 0.338 0.3315 0.3315 0.324 0.324 0.324 0.324 0.324 0.312 0.312 0.3215 0.3215 0.3185 0.3185 0.3185 0.337 0.337 0.3305 0.3305 0.3305
-1 -1 -1 -1 -1 -1 -1 -1 -1 -1 -1 -1 -1 -1 -1 -1 -1 -1 -1 -1 -1 -1 -1 0.2142 0.2142 0.1815 0.1815 0.1815 0.3565 0.3565 0.374 0.374 0.3465 0.3465 0.3465 0.338 0.338 0.199 0.199 0.1575 0.1575 0.1575 0.246 0.246 0.267 0.267 0.2945 0.2945 0.2945 0.32 0.32 0.3255 0.3255 0.3585 0.3585 0.363 0.363 0.363 0.3345 0.3345 0.334 0.334 0.334 0.334 0.334 0.3395 0.3395 0.338 0.338 0.3495 0.3495 0.3495 0.3435 0.3435 0.3455 0.3455 0.3515
-1 -1 -1 -1 -1 -1 -1 -1 -1 -1 -1 -1 -1 -1 -1 -1 -1 -1 -1 -1 -1 -1 -1 0.2142 0.2142 0.1815 0.1815 0.1815 0.3565 0.3565 0.374 0.374 0.3465 0.3465 0.3465 0.338 0.338 0.199 0.199 0.1575 0.1575 0.1575 0.246 0.246 0.267 0.267 0.2945 0.2945 0.2945 0.32 0.32 0.3255 0.3255 0.3585 0.3585 0.363 0.363 0.363 0.3345 0.3345 0.334 0.334 0.334 0.334 0.334 0.3395 0.3395 0.338 0.338 0.3495 0.3495 0.3495 0.3435 0.3435 0.3455 0.3455 0.3515
-1 -1 -1 -1 -1 -1 -1 -1 -1 -1 -1 -1 -1 -1 -1 -1 -1 -1 -1 -1 -1 -1 -1 -1 -1 0.127 0.127 0.127 0.224 0.224 0.334 0.334 0.3365 0.3365 0.3365 0.2431 0.2431 0.1585 0.1585 0.165 0.165 0.165 0.1925 0.1925 0.25 0.25 0.303 0.303 0.303 0.291 0.291 0.319 0.319 0.3435 0.3435 0.354 0.354 0.354 0.3335 0.3335 0.329 0.329 0.329 0.329 0.329 0.3675 0.3675 0.3695 0.3695 0.332 0.332 0.332 0.3435 0.3435 0.3525 0.3525 0.3555
-1 -1 -1 -1 -1 -1 -1 -1 -1 -1 -1 -1 -1 -1 -1 -1 -1 -1 -1 -1 -1 -1 -1 -1 -1 0.127 0.127 0.127 0.224 0.224 0.334 0.334 0.3365 0.3365 0.3365 0.2431 0.2431 0.1585 0.1585 0.165 0.165 0.165 0.1925 0.1925 0.25 0.25 0.303 0.303 0.303 0.291 0.291 0.319 0.319 0.3435 0.3435 0.354 0.354 0.354 0.3335 0.3335 0.329 0.329 0.329 0.329 0.329 0.3675 0.3675 0.3695 0.3695 0.332 0.332 0.332 0.3435 0.3435 0.3525 0.3525 0.3555
-1 -1 -1 -1 -1 -1 -1 -1 -1 -1 -1 -1 -1 -1 -1 -1 -1 -1 -1 -1 -1 -1 -1 -1 -1 0.0907 0.0907 0.0907 0.1395 0.1395 0.271 0.271 0.2665 0.2665 0.2665 0.294 0.294 0.213 0.213 0.2875 0.2875 0.2875 0.272 0.272 0.3175 0.3175 0.318 0.318 0.318 0.288 0.288 0.364 0.364 0.36 0.36 0.3405 0.3405 0.3405 0.3685 0.3685 0.3265 0.3265 0.3265 0.3265 0.3265 0.317 0.317 0.3245 0.3245 0.3145 0.3145 0.3145 0.3095 0.3095 0.321 0.321 0.3265
-1 -1 -1 -1 -1 -1 -1 -1 -1 -1 -1 -1 -1 -1 -1 -1 -1 -1 -1 -1 -1 -1 -1 -1 -1 0.0907 0.0907 0.0907 0.1395 0.1395 0.271 0.271 0.2665 0.2665 0.2665 0.294 0.294 0.213 0.213 0.2875 0.2875 0.2875 0.272 0.272 0.3175 0.3175 0.318 0.318 0.318 0.288 0.288 0.364 0.364 0.36 0.36 0.3405 0.3405 0.3405 0.3685 0.3685 0.3265 0.3265 0.3265 0.3265 0.3265 0.317 0.317 0.3245 0.3245 0.3145 0.3145 0.3145 0.3095 0.3095 0.321 0.321 0.3265
-1 -1 -1 -1 -1 -1 -1 -1 -1 -1 -1 -1 -1 -1 -1 -1 -1 -1 -1 -1 -1 -1 -1 -1 -1 0.0907 0.0907 0.0907 0.1395 0.1395 0.271 0.271 0.2665 0.2665 0.2665 0.294 0.294 0.213 0.213 0.2875 0.2875 0.2875 0.272 0.272 0.3175 0.3175 0.318 0.318 0.318 0.288 0.288 0.364 0.364 0.36 0.36 0.3405 0.3405 0.3405 0.3685 0.3685 0.3265 0.3265 0.3265 0.3265 0.3265 0.317 0.317 0.3245 0.3245 0.3145 0.3145 0.3145 0.3095 0.3095 0.321 0.321 0.3265
