ndvi/NOAA-355.asc
ncols         252
nrows         154
xllcorner     -18.017974
yllcorner     13.481982
cellsize      0.035948
NODATA_value  -9999
[rows 68 to 101 of 154, columns 154 to 230 of 252]
0.103 0.088 0.088 0.0895 0.0895 0.0895 0.1185 0.1185 0.158 0.158 0.1555 0.1555 0.1555 0.1555 0.1555 0.188 0.188 0.2155 0.2155 0.2275 0.2275 0.2275 0.1535 0.1535 0.1675 0.1675 0.148 0.148 0.148 0.1545 0.1545 0.185 0.185 0.179 0.179 0.179 0.138 0.138 0.1425 0.1425 0.1395 0.1395 0.1395 0.156 0.156 0.1455 0.1455 0.139 0.139 0.162 0.162 0.162 0.1675 0.1675 0.168 0.168 0.2025 0.2025 0.2025 0.1945 0.1945 0.1635 0.1635 0.168 0.168 0.168 0.1635 0.1635 0.149 0.149 0.1735 0.1735 0.1735 0.164 0.164 0.1655 0.1655
0.142 0.1245 0.1245 0.107 0.107 0.107 0.1235 0.1235 0.1295 0.1295 0.1665 0.1665 0.197 0.197 0.197 0.2025 0.2025 0.2215 0.2215 0.2115 0.2115 0.2115 0.1955 0.1955 0.1835 0.1835 0.199 0.199 0.199 0.169 0.169 0.166 0.166 0.1435 0.1435 0.1435 0.1525 0.1525 0.1465 0.1465 0.161 0.161 0.161 0.156 0.156 0.14 0.14 0.15 0.15 0.158 0.158 0.158 0.151 0.151 0.1845 0.1845 0.202 0.202 0.202 0.2005 0.2005 0.1975 0.1975 0.1795 0.1795 0.1795 0.176 0.176 0.191 0.191 0.1965 0.1965 0.1965 0.156 0.156 0.1595 0.1595
0.142 0.1245 0.1245 0.107 0.107 0.107 0.1235 0.1235 0.1295 0.1295 0.1665 0.1665 0.197 0.197 0.197 0.2025 0.2025 0.2215 0.2215 0.2115 0.2115 0.2115 0.1955 0.1955 0.1835 0.1835 0.199 0.199 0.199 0.169 0.169 0.166 0.166 0.1435 0.1435 0.1435 0.1525 0.1525 0.1465 0.1465 0.161 0.161 0.161 0.156 0.156 0.14 0.14 0.15 0.15 0.158 0.158 0.158 0.151 0.151 0.1845 0.1845 0.202 0.202 0.202 0.2005 0.2005 0.1975 0.1975 0.1795 0.1795 0.1795 0.176 0.176 0.191 0.191 0.1965 0.1965 0.1965 0.156 0.156 0.1595 0.1595
0.145 0.156 0.156 0.1785 0.1785 0.1785 0.145 0.145 0.097 0.097 0.177 0.177 0.1935 0.1935 0.1935 0.1945 0.1945 0.172 0.172 0.187 0.187 0.187 0.1745 0.1745 0.179 0.179 0.2205 0.2205 0.2205 0.2005 0.2005 0.1945 0.1945 0.1435 0.1435 0.1435 0.1495 0.1495 0.1735 0.1735 0.165 0.165 0.165 0.159 0.159 0.1465 0.1465 0.168 0.168 0.1645 0.1645 0.1645 0.195 0.195 0.2195 0.2195 0.2265 0.2265 0.2265 0.231 0.231 0.193 0.193 0.194 0.194 0.194 0.193 0.193 0.2245 0.2245 0.1985 0.1985 0.1985 0.225 0.225 0.2035 0.2035
0.145 0.156 0.156 0.1785 0.1785 0.1785 0.145 0.145 0.097 0.097 0.177 0.177 0.1935 0.1935 0.1935 0.1945 0.1945 0.172 0.172 0.187 0.187 0.187 0.1745 0.1745 0.179 0.179 0.2205 0.2205 0.2205 0.2005 0.2005 0.1945 0.1945 0.1435 0.1435 0.1435 0.1495 0.1495 0.1735 0.1735 0.165 0.165 0.165 0.159 0.159 0.1465 0.1465 0.168 0.168 0.1645 0.1645 0.1645 0.195 0.195 0.2195 0.2195 0.2265 0.2265 0.2265 0.231 0.231 0.193 0.193 0.194 0.194 0.194 0.193 0.193 0.2245 0.2245 0.1985 0.1985 0.1985 0.225 0.225 0.2035 0.2035
0.145 0.156 0.156 0.1785 0.1785 0.1785 0.145 0.145 0.097 0.097 0.177 0.177 0.1935 0.1935 0.1935 0.1945 0.1945 0.172 0.172 0.187 0.187 0.187 0.1745 0.1745 0.179 0.179 0.2205 0.2205 0.2205 0.2005 0.2005 0.1945 0.1945 0.1435 0.1435 0.1435 0.1495 0.1495 0.1735 0.1735 0.165 0.165 0.165 0.159 0.159 0.1465 0.1465 0.168 0.168 0.1645 0.1645 0.1645 0.195 0.195 0.2195 0.2195 0.2265 0.2265 0.2265 0.231 0.231 0.193 0.193 0.194 0.194 0.194 0.193 0.193 0.2245 0.2245 0.1985 0.1985 0.1985 0.225 0.225 0.2035 0.2035
0.1345 0.1585 0.1585 0.1635 0.1635 0.1635 0.119 0.119 0.13 0.13 0.177 0.177 0.1735 0.1735 0.1735 0.1845 0.1845 0.2035 0.2035 0.1925 0.1925 0.1925 0.2065 0.2065 0.18 0.18 0.1815 0.1815 0.1815 0.227 0.227 0.2145 0.2145 0.2135 0.2135 0.2135 0.2275 0.2275 0.2055 0.2055 0.203 0.203 0.203 0.1945 0.1945 0.194 0.194 0.185 0.185 0.194 0.194 0.194 0.255 0.255 0.2475 0.2475 0.265 0.265 0.265 0.2695 0.2695 0.2435 0.2435 0.2095 0.2095 0.2095 0.2035 0.2035 0.2045 0.2045 0.1885 0.1885 0.1885 0.2 0.2 0.2445 0.2445
0.1345 0.1585 0.1585 0.1635 0.1635 0.1635 0.119 0.119 0.13 0.13 0.177 0.177 0.1735 0.1735 0.1735 0.1845 0.1845 0.2035 0.2035 0.1925 0.1925 0.1925 0.2065 0.2065 0.18 0.18 0.1815 0.1815 0.1815 0.227 0.227 0.2145 0.2145 0.2135 0.2135 0.2135 0.2275 0.2275 0.2055 0.2055 0.203 0.203 0.203 0.1945 0.1945 0.194 0.194 0.185 0.185 0.194 0.194 0.194 0.255 0.255 0.2475 0.2475 0.265 0.265 0.265 0.2695 0.2695 0.2435 0.2435 0.2095 0.2095 0.2095 0.2035 0.2035 0.2045 0.2045 0.1885 0.1885 0.1885 0.2 0.2 0.2445 0.2445
0.1165 0.174 0.174 0.14 0.14 0.14 0.0905 0.0905 0.164 0.164 0.1535 0.1535 0.1875 0.1875 0.1875 0.207 0.207 0.2065 0.2065 0.2485 0.2485 0.2485 0.233 0.233 0.1905 0.1905 0.1995 0.1995 0.1995 0.2065 0.2065 0.2235 0.2235 0.218 0.218 0.218 0.2365 0.2365 0.219 0.219 0.2175 0.2175 0.2175 0.1985 0.1985 0.2095 0.2095 0.2225 0.2225 0.232 0.232 0.232 0.2295 0.2295 0.2135 0.2135 0.2435 0.2435 0.2435 0.219 0.219 0.2165 0.2165 0.2445 0.2445 0.2445 0.2675 0.2675 0.1945 0.1945 0.2085 0.2085 0.2085 0.2205 0.2205 0.21 0.21
0.1165 0.174 0.174 0.14 0.14 0.14 0.0905 0.0905 0.164 0.164 0.1535 0.1535 0.1875 0.1875 0.1875 0.207 0.207 0.2065 0.2065 0.2485 0.2485 0.2485 0.233 0.233 0.1905 0.1905 0.1995 0.1995 0.1995 0.2065 0.2065 0.2235 0.2235 0.218 0.218 0.218 0.2365 0.2365 0.219 0.219 0.2175 0.2175 0.2175 0.1985 0.1985 0.2095 0.2095 0.2225 0.2225 0.232 0.232 0.232 0.2295 0.2295 0.2135 0.2135 0.2435 0.2435 0.2435 0.219 0.219 0.2165 0.2165 0.2445 0.2445 0.2445 0.2675 0.2675 0.1945 0.1945 0.2085 0.2085 0.2085 0.2205 0.2205 0.21 0.21
0.114 0.1395 0.1395 0.13 0.13 0.13 0.0925 0.0925 0.156 0.156 0.1715 0.1715 0.1845 0.1845 0.1845 0.201 0.201 0.204 0.204 0.273 0.273 0.273 0.237 0.237 0.2085 0.2085 0.2005 0.2005 0.2005 0.221 0.221 0.1855 0.1855 0.202 0.202 0.202 0.207 0.207 0.2215 0.2215 0.214 0.214 0.214 0.1855 0.1855 0.2075 0.2075 0.1955 0.1955 0.23 0.23 0.23 0.1985 0.1985 0.1995 0.1995 0.1965 0.1965 0.1965 0.2215 0.2215 0.2285 0.2285 0.2585 0.2585 0.2585 0.2665 0.2665 0.2255 0.2255 0.2045 0.2045 0.2045 0.1935 0.1935 0.2305 0.2305
0.114 0.1395 0.1395 0.13 0.13 0.13 0.0925 0.0925 0.156 0.156 0.1715 0.1715 0.1845 0.1845 0.1845 0.201 0.201 0.204 0.204 0.273 0.273 0.273 0.237 0.237 0.2085 0.2085 0.2005 0.2005 0.2005 0.221 0.221 0.1855 0.1855 0.202 0.202 0.202 0.207 0.207 0.2215 0.2215 0.214 0.214 0.214 0.1855 0.1855 0.2075 0.2075 0.1955 0.1955 0.23 0.23 0.23 0.1985 0.1985 0.1995 0.1995 0.1965 0.1965 0.1965 0.2215 0.2215 0.2285 0.2285 0.2585 0.2585 0.2585 0.2665 0.2665 0.2255 0.2255 0.2045 0.2045 0.2045 0.1935 0.1935 0.2305 0.2305
0.1055 0.1305 0.1305 0.064 0.064 0.064 0.0885 0.0885 0.134 0.134 0.1655 0.1655 0.1905 0.1905 0.1905 0.212 0.212 0.2595 0.2595 0.2585 0.2585 0.2585 0.2195 0.2195 0.2 0.2 0.2295 0.2295 0.2295 0.2135 0.2135 0.1995 0.1995 0.1835 0.1835 0.1835 0.183 0.183 0.2035 0.2035 0.2035 0.2035 0.2035 0.1925 0.1925 0.2105 0.2105 0.213 0.213 0.2195 0.2195 0.2195 0.22 0.22 0.2325 0.2325 0.269 0.269 0.269 0.281 0.281 0.265 0.265 0.2435 0.2435 0.2435 0.2445 0.2445 0.2525 0.2525 0.2495 0.2495 0.2495 0.248 0.248 0.197 0.197
0.1055 0.1305 0.1305 0.064 0.064 0.064 0.0885 0.0885 0.134 0.134 0.1655 0.1655 0.1905 0.1905 0.1905 0.212 0.212 0.2595 0.2595 0.2585 0.2585 0.2585 0.2195 0.2195 0.2 0.2 0.2295 0.2295 0.2295 0.2135 0.2135 0.1995 0.1995 0.1835 0.1835 0.1835 0.183 0.183 0.2035 0.2035 0.2035 0.2035 0.2035 0.1925 0.1925 0.2105 0.2105 0.213 0.213 0.2195 0.2195 0.2195 0.22 0.22 0.2325 0.2325 0.269 0.269 0.269 0.281 0.281 0.265 0.265 0.2435 0.2435 0.2435 0.2445 0.2445 0.2525 0.2525 0.2495 0.2495 0.2495 0.248 0.248 0.197 0.197
0.1055 0.1305 0.1305 0.064 0.064 0.064 0.0885 0.0885 0.134 0.134 0.1655 0.1655 0.1905 0.1905 0.1905 0.212 0.212 0.2595 0.2595 0.2585 0.2585 0.2585 0.2195 0.2195 0.2 0.2 0.2295 0.2295 0.2295 0.2135 0.2135 0.1995 0.1995 0.1835 0.1835 0.1835 0.183 0.183 0.2035 0.2035 0.2035 0.2035 0.2035 0.1925 0.1925 0.2105 0.2105 0.213 0.213 0.2195 0.2195 0.2195 0.22 0.22 0.2325 0.2325 0.269 0.269 0.269 0.281 0.281 0.265 0.265 0.2435 0.2435 0.2435 0.2445 0.2445 0.2525 0.2525 0.2495 0.2495 0.2495 0.248 0.248 0.197 0.197
0.072 0.1165 0.1165 0.1215 0.1215 0.1215 0.1205 0.1205 0.1455 0.1455 0.1935 0.1935 0.1945 0.1945 0.1945 0.2155 0.2155 0.2265 0.2265 0.231 0.231 0.231 0.2115 0.2115 0.21 0.21 0.1945 0.1945 0.1945 0.194 0.194 0.194 0.194 0.1895 0.1895 0.1895 0.2055 0.2055 0.204 0.204 0.204 0.204 0.204 0.199 0.199 0.222 0.222 0.25 0.25 0.2535 0.2535 0.2535 0.2495 0.2495 0.2605 0.2605 0.2855 0.2855 0.2855 0.3535 0.3535 0.3465 0.3465 0.2965 0.2965 0.2965 0.3285 0.3285 0.2555 0.2555 0.2605 0.2605 0.2605 0.214 0.214 0.196 0.196
0.072 0.1165 0.1165 0.1215 0.1215 0.1215 0.1205 0.1205 0.1455 0.1455 0.1935 0.1935 0.1945 0.1945 0.1945 0.2155 0.2155 0.2265 0.2265 0.231 0.231 0.231 0.2115 0.2115 0.21 0.21 0.1945 0.1945 0.1945 0.194 0.194 0.194 0.194 0.1895 0.1895 0.1895 0.2055 0.2055 0.204 0.204 0.204 0.204 0.204 0.199 0.199 0.222 0.222 0.25 0.25 0.2535 0.2535 0.2535 0.2495 0.2495 0.2605 0.2605 0.2855 0.2855 0.2855 0.3535 0.3535 0.3465 0.3465 0.2965 0.2965 0.2965 0.3285 0.3285 0.2555 0.2555 0.2605 0.2605 0.2605 0.214 0.214 0.196 0.196
0.12 0.0995 0.0995 0.106 0.106 0.106 0.1285 0.1285 0.1765 0.1765 0.1985 0.1985 0.1935 0.1935 0.1935 0.1875 0.1875 0.2185 0.2185 0.224 0.224 0.224 0.188 0.188 0.181 0.181 0.194 0.194 0.194 0.214 0.214 0.1915 0.1915 0.1915 0.1915 0.1915 0.1845 0.1845 0.2065 0.2065 0.2185 0.2185 0.2185 0.198 0.198 0.2295 0.2295 0.2475 0.2475 0.2335 0.2335 0.2335 0.2425 0.2425 0.273 0.273 0.2615 0.2615 0.2615 0.273 0.273 0.3065 0.3065 0.2915 0.2915 0.2915 0.2535 0.2535 0.213 0.213 0.1955 0.1955 0.1955 0.1875 0.1875 0.199 0.199
0.12 0.0995 0.0995 0.106 0.106 0.106 0.1285 0.1285 0.1765 0.1765 0.1985 0.1985 0.1935 0.1935 0.1935 0.1875 0.1875 0.2185 0.2185 0.224 0.224 0.224 0.188 0.188 0.181 0.181 0.194 0.194 0.194 0.214 0.214 0.1915 0.1915 0.1915 0.1915 0.1915 0.1845 0.1845 0.2065 0.2065 0.2185 0.2185 0.2185 0.198 0.198 0.2295 0.2295 0.2475 0.2475 0.2335 0.2335 0.2335 0.2425 0.2425 0.273 0.273 0.2615 0.2615 0.2615 0.273 0.273 0.3065 0.3065 0.2915 0.2915 0.2915 0.2535 0.2535 0.213 0.213 0.1955 0.1955 0.1955 0.1875 0.1875 0.199 0.199
0.1185 0.1305 0.1305 0.1475 0.1475 0.1475 0.16 0.16 0.1875 0.1875 0.2095 0.2095 0.2355 0.2355 0.2355 0.232 0.232 0.219 0.219 0.2055 0.2055 0.2055 0.1925 0.1925 0.1915 0.1915 0.211 0.211 0.211 0.176 0.176 0.203 0.203 0.175 0.175 0.175 0.178 0.178 0.1885 0.1885 0.2225 0.2225 0.2225 0.2245 0.2245 0.1885 0.1885 0.2085 0.2085 0.234 0.234 0.234 0.2645 0.2645 0.272 0.272 0.261 0.261 0.261 0.26 0.26 0.266 0.266 0.296 0.296 0.296 0.239 0.239 0.217 0.217 0.228 0.228 0.228 0.234 0.234 0.2135 0.2135
0.1185 0.1305 0.1305 0.1475 0.1475 0.1475 0.16 0.16 0.1875 0.1875 0.2095 0.2095 0.2355 0.2355 0.2355 0.232 0.232 0.219 0.219 0.2055 0.2055 0.2055 0.1925 0.1925 0.1915 0.1915 0.211 0.211 0.211 0.176 0.176 0.203 0.203 0.175 0.175 0.175 0.178 0.178 0.1885 0.1885 0.2225 0.2225 0.2225 0.2245 0.2245 0.1885 0.1885 0.2085 0.2085 0.234 0.234 0.234 0.2645 0.2645 0.272 0.272 0.261 0.261 0.261 0.26 0.26 0.266 0.266 0.296 0.296 0.296 0.239 0.239 0.217 0.217 0.228 0.228 0.228 0.234 0.234 0.2135 0.2135
0.1185 0.1305 0.1305 0.1475 0.1475 0.1475 0.16 0.16 0.1875 0.1875 0.2095 0.2095 0.2355 0.2355 0.2355 0.232 0.232 0.219 0.219 0.2055 0.2055 0.2055 0.1925 0.1925 0.1915 0.1915 0.211 0.211 0.211 0.176 0.176 0.203 0.203 0.175 0.175 0.175 0.178 0.178 0.1885 0.1885 0.2225 0.2225 0.2225 0.2245 0.2245 0.1885 0.1885 0.2085 0.2085 0.234 0.234 0.234 0.2645 0.2645 0.272 0.272 0.261 0.261 0.261 0.26 0.26 0.266 0.266 0.296 0.296 0.296 0.239 0.239 0.217 0.217 0.228 0.228 0.228 0.234 0.234 0.2135 0.2135
0.137 0.149 0.149 0.1095 0.1095 0.1095 0.1675 0.1675 0.197 0.197 0.233 0.233 0.2405 0.2405 0.2405 0.256 0.256 0.239 0.239 0.2125 0.2125 0.2125 0.205 0.205 0.218 0.218 0.1905 0.1905 0.1905 0.1925 0.1925 0.201 0.201 0.2 0.2 0.2 0.1925 0.1925 0.202 0.202 0.2225 0.2225 0.2225 0.191 0.191 0.1855 0.1855 0.2055 0.2055 0.2735 0.2735 0.2735 0.285 0.285 0.2625 0.2625 0.2445 0.2445 0.2445 0.245 0.245 0.214 0.214 0.207 0.207 0.207 0.2215 0.2215 0.2015 0.2015 0.2075 0.2075 0.2075 0.2005 0.2005 0.197 0.197
0.137 0.149 0.149 0.1095 0.1095 0.1095 0.1675 0.1675 0.197 0.197 0.233 0.233 0.2405 0.2405 0.2405 0.256 0.256 0.239 0.239 0.2125 0.2125 0.2125 0.205 0.205 0.218 0.218 0.1905 0.1905 0.1905 0.1925 0.1925 0.201 0.201 0.2 0.2 0.2 0.1925 0.1925 0.202 0.202 0.2225 0.2225 0.2225 0.191 0.191 0.1855 0.1855 0.2055 0.2055 0.2735 0.2735 0.2735 0.285 0.285 0.2625 0.2625 0.2445 0.2445 0.2445 0.245 0.245 0.214 0.214 0.207 0.207 0.207 0.2215 0.2215 0.2015 0.2015 0.2075 0.2075 0.2075 0.2005 0.2005 0.197 0.197
0.168 0.131 0.131 0.138 0.138 0.138 0.172 0.172 0.205 0.205 0.2525 0.2525 0.231 0.231 0.231 0.218 0.218 0.22 0.22 0.1985 0.1985 0.1985 0.2085 0.2085 0.1875 0.1875 0.1935 0.1935 0.1935 0.1875 0.1875 0.2 0.2 0.1945 0.1945 0.1945 0.2015 0.2015 0.212 0.212 0.1825 0.1825 0.1825 0.1965 0.1965 0.2195 0.2195 0.2375 0.2375 0.244 0.244 0.244 0.253 0.253 0.253 0.253 0.2025 0.2025 0.2025 0.223 0.223 0.1905 0.1905 0.2 0.2 0.2 0.196 0.196 0.204 0.204 0.171 0.171 0.171 0.1805 0.1805 0.212 0.212
0.168 0.131 0.131 0.138 0.138 0.138 0.172 0.172 0.205 0.205 0.2525 0.2525 0.231 0.231 0.231 0.218 0.218 0.22 0.22 0.1985 0.1985 0.1985 0.2085 0.2085 0.1875 0.1875 0.1935 0.1935 0.1935 0.1875 0.1875 0.2 0.2 0.1945 0.1945 0.1945 0.2015 0.2015 0.212 0.212 0.1825 0.1825 0.1825 0.1965 0.1965 0.2195 0.2195 0.2375 0.2375 0.244 0.244 0.244 0.253 0.253 0.253 0.253 0.2025 0.2025 0.2025 0.223 0.223 0.1905 0.1905 0.2 0.2 0.2 0.196 0.196 0.204 0.204 0.171 0.171 0.171 0.1805 0.1805 0.212 0.212
0.1855 0.173 0.173 0.1825 0.1825 0.1825 0.1785 0.1785 0.2065 0.2065 0.2345 0.2345 0.254 0.254 0.254 0.2495 0.2495 0.223 0.223 0.1755 0.1755 0.1755 0.174 0.174 0.1685 0.1685 0.2005 0.2005 0.2005 0.206 0.206 0.1955 0.1955 0.2135 0.2135 0.2135 0.2065 0.2065 0.2045 0.2045 0.212 0.212 0.212 0.218 0.218 0.2305 0.2305 0.264 0.264 0.175 0.175 0.175 0.189 0.189 0.219 0.219 0.2255 0.2255 0.2255 0.1975 0.1975 0.2135 0.2135 0.2045 0.2045 0.2045 0.2315 0.2315 0.205 0.205 0.204 0.204 0.204 0.2065 0.2065 0.2485 0.2485
0.1855 0.173 0.173 0.1825 0.1825 0.1825 0.1785 0.1785 0.2065 0.2065 0.2345 0.2345 0.254 0.254 0.254 0.2495 0.2495 0.223 0.223 0.1755 0.1755 0.1755 0.174 0.174 0.1685 0.1685 0.2005 0.2005 0.2005 0.206 0.206 0.1955 0.1955 0.2135 0.2135 0.2135 0.2065 0.2065 0.2045 0.2045 0.212 0.212 0.212 0.218 0.218 0.2305 0.2305 0.264 0.264 0.175 0.175 0.175 0.189 0.189 0.219 0.219 0.2255 0.2255 0.2255 0.1975 0.1975 0.2135 0.2135 0.2045 0.2045 0.2045 0.2315 0.2315 0.205 0.205 0.204 0.204 0.204 0.2065 0.2065 0.2485 0.2485
0.1855 0.173 0.173 0.1825 0.1825 0.1825 0.1785 0.1785 0.2065 0.2065 0.2345 0.2345 0.254 0.254 0.254 0.2495 0.2495 0.223 0.223 0.1755 0.1755 0.1755 0.174 0.174 0.1685 0.1685 0.2005 0.2005 0.2005 0.206 0.206 0.1955 0.1955 0.2135 0.2135 0.2135 0.2065 0.2065 0.2045 0.2045 0.212 0.212 0.212 0.218 0.218 0.2305 0.2305 0.264 0.264 0.175 0.175 0.175 0.189 0.189 0.219 0.219 0.2255 0.2255 0.2255 0.1975 0.1975 0.2135 0.2135 0.2045 0.2045 0.2045 0.2315 0.2315 0.205 0.205 0.204 0.204 0.204 0.2065 0.2065 0.2485 0.2485
0.2005 0.193 0.193 0.17 0.17 0.17 0.1805 0.1805 0.167 0.167 0.1595 0.1595 0.1925 0.1925 0.1925 0.201 0.201 0.2085 0.2085 0.1725 0.1725 0.1725 0.1585 0.1585 0.1775 0.1775 0.189 0.189 0.189 0.2285 0.2285 0.204 0.204 0.197 0.197 0.197 0.2065 0.2065 0.2135 0.2135 0.184 0.184 0.184 0.2435 0.2435 0.258 0.258 0.231 0.231 0.179 0.179 0.179 0.2015 0.2015 0.2255 0.2255 0.203 0.203 0.203 0.1795 0.1795 0.2005 0.2005 0.2085 0.2085 0.2085 0.2065 0.2065 0.207 0.207 0.236 0.236 0.236 0.258 0.258 0.241 0.241
0.2005 0.193 0.193 0.17 0.17 0.17 0.1805 0.1805 0.167 0.167 0.1595 0.1595 0.1925 0.1925 0.1925 0.201 0.201 0.2085 0.2085 0.1725 0.1725 0.1725 0.1585 0.1585 0.1775 0.1775 0.189 0.189 0.189 0.2285 0.2285 0.204 0.204 0.197 0.197 0.197 0.2065 0.2065 0.2135 0.2135 0.184 0.184 0.184 0.2435 0.2435 0.258 0.258 0.231 0.231 0.179 0.179 0.179 0.2015 0.2015 0.2255 0.2255 0.203 0.203 0.203 0.1795 0.1795 0.2005 0.2005 0.2085 0.2085 0.2085 0.2065 0.2065 0.207 0.207 0.236 0.236 0.236 0.258 0.258 0.241 0.241
0.2845 0.253 0.253 0.175 0.175 0.175 0.1645 0.1645 0.1875 0.1875 0.246 0.246 0.2005 0.2005 0.2005 0.201 0.201 0.2405 0.2405 0.2345 0.2345 0.2345 0.229 0.229 0.229 0.229 0.2155 0.2155 0.2155 0.216 0.216 0.199 0.199 0.1785 0.1785 0.1785 0.211 0.211 0.212 0.212 0.1755 0.1755 0.1755 0.2285 0.2285 0.212 0.212 0.188 0.188 0.1725 0.1725 0.1725 0.1895 0.1895 0.2295 0.2295 0.187 0.187 0.187 0.167 0.167 0.1535 0.1535 0.168 0.168 0.168 0.1815 0.1815 0.184 0.184 0.2135 0.2135 0.2135 0.2515 0.2515 0.3115 0.3115
0.2845 0.253 0.253 0.175 0.175 0.175 0.1645 0.1645 0.1875 0.1875 0.246 0.246 0.2005 0.2005 0.2005 0.201 0.201 0.2405 0.2405 0.2345 0.2345 0.2345 0.229 0.229 0.229 0.229 0.2155 0.2155 0.2155 0.216 0.216 0.199 0.199 0.1785 0.1785 0.1785 0.211 0.211 0.212 0.212 0.1755 0.1755 0.1755 0.2285 0.2285 0.212 0.212 0.188 0.188 0.1725 0.1725 0.1725 0.1895 0.1895 0.2295 0.2295 0.187 0.187 0.187 0.167 0.167 0.1535 0.1535 0.168 0.168 0.168 0.1815 0.1815 0.184 0.184 0.2135 0.2135 0.2135 0.2515 0.2515 0.3115 0.3115
0.193 0.1815 0.1815 0.213 0.213 0.213 0.1705 0.1705 0.182 0.182 0.2255 0.2255 0.2465 0.2465 0.2465 0.23 0.23 0.2445 0.2445 0.247 0.247 0.247 0.255 0.255 0.234 0.234 0.228 0.228 0.228 0.232 0.232 0.2075 0.2075 0.199 0.199 0.199 0.206 0.206 0.1865 0.1865 0.219 0.219 0.219 0.226 0.226 0.222 0.222 0.204 0.204 0.1775 0.1775 0.1775 0.1815 0.1815 0.2045 0.2045 0.195 0.195 0.195 0.1865 0.1865 0.189 0.189 0.1775 0.1775 0.1775 0.176 0.176 0.1875 0.1875 0.184 0.184 0.184 0.215 0.215 0.255 0.255
