ndvi/NOAA-300.asc
ncols         252
nrows         154
xllcorner     -18.017974
yllcorner     13.481982
cellsize      0.035948
NODATA_value  -9999
[rows 102 to 135 of 154, columns 77 to 153 of 252]
0.2265 0.2265 0.2575 0.2575 0.26 0.26 0.26 0.26 0.26 0.233 0.233 0.2415 0.2415 0.2465 0.2465 0.2695 0.2695 0.2695 0.262 0.262 0.247 0.247 0.2615 0.2615 0.2615 0.2535 0.2535 0.298 0.298 0.2435 0.2435 0.2435 0.2595 0.2595 0.2555 0.2555 0.277 0.277 0.277 0.2805 0.2805 0.287 0.287 0.2965 0.2965 0.2965 0.309 0.309 0.293 0.293 0.3095 0.3095 0.2885 0.2885 0.2885 0.2825 0.2825 0.2565 0.2565 0.2345 0.2345 0.2345 0.2345 0.2345 0.3135 0.3135 0.2735 0.2735 0.2735 0.288 0.288 0.28 0.28 0.262 0.262 0.262 0.25
0.2495 0.2495 0.2605 0.2605 0.269 0.269 0.2785 0.2785 0.2785 0.2685 0.2685 0.2785 0.2785 0.2775 0.2775 0.262 0.262 0.262 0.2695 0.2695 0.267 0.267 0.2685 0.2685 0.2685 0.287 0.287 0.262 0.262 0.267 0.267 0.267 0.2875 0.2875 0.2835 0.2835 0.294 0.294 0.294 0.2915 0.2915 0.288 0.288 0.2835 0.2835 0.2835 0.279 0.279 0.3 0.3 0.3155 0.3155 0.306 0.306 0.306 0.319 0.319 0.303 0.303 0.2715 0.2715 0.2715 0.2525 0.2525 0.2815 0.2815 0.2645 0.2645 0.2645 0.2815 0.2815 0.3165 0.3165 0.2565 0.2565 0.2565 0.2425
0.2495 0.2495 0.2605 0.2605 0.269 0.269 0.2785 0.2785 0.2785 0.2685 0.2685 0.2785 0.2785 0.2775 0.2775 0.262 0.262 0.262 0.2695 0.2695 0.267 0.267 0.2685 0.2685 0.2685 0.287 0.287 0.262 0.262 0.267 0.267 0.267 0.2875 0.2875 0.2835 0.2835 0.294 0.294 0.294 0.2915 0.2915 0.288 0.288 0.2835 0.2835 0.2835 0.279 0.279 0.3 0.3 0.3155 0.3155 0.306 0.306 0.306 0.319 0.319 0.303 0.303 0.2715 0.2715 0.2715 0.2525 0.2525 0.2815 0.2815 0.2645 0.2645 0.2645 0.2815 0.2815 0.3165 0.3165 0.2565 0.2565 0.2565 0.2425
0.2495 0.2495 0.2605 0.2605 0.269 0.269 0.2785 0.2785 0.2785 0.2685 0.2685 0.2785 0.2785 0.2775 0.2775 0.262 0.262 0.262 0.2695 0.2695 0.267 0.267 0.2685 0.2685 0.2685 0.287 0.287 0.262 0.262 0.267 0.267 0.267 0.2875 0.2875 0.2835 0.2835 0.294 0.294 0.294 0.2915 0.2915 0.288 0.288 0.2835 0.2835 0.2835 0.279 0.279 0.3 0.3 0.3155 0.3155 0.306 0.306 0.306 0.319 0.319 0.303 0.303 0.2715 0.2715 0.2715 0.2525 0.2525 0.2815 0.2815 0.2645 0.2645 0.2645 0.2815 0.2815 0.3165 0.3165 0.2565 0.2565 0.2565 0.2425
0.2665 0.2665 0.284 0.284 0.283 0.283 0.2775 0.2775 0.2775 0.275 0.275 0.279 0.279 0.272 0.272 0.286 0.286 0.286 0.2815 0.2815 0.2735 0.2735 0.288 0.288 0.288 0.3145 0.3145 0.29 0.29 0.2915 0.2915 0.2915 0.2995 0.2995 0.2915 0.2915 0.3185 0.3185 0.3185 0.2995 0.2995 0.299 0.299 0.289 0.289 0.289 0.293 0.293 0.2975 0.2975 0.311 0.311 0.3145 0.3145 0.3145 0.318 0.318 0.3015 0.3015 0.3035 0.3035 0.3035 0.254 0.254 0.246 0.246 0.2945 0.2945 0.2945 0.263 0.263 0.2305 0.2305 0.2525 0.2525 0.2525 0.2725
0.2665 0.2665 0.284 0.284 0.283 0.283 0.2775 0.2775 0.2775 0.275 0.275 0.279 0.279 0.272 0.272 0.286 0.286 0.286 0.2815 0.2815 0.2735 0.2735 0.288 0.288 0.288 0.3145 0.3145 0.29 0.29 0.2915 0.2915 0.2915 0.2995 0.2995 0.2915 0.2915 0.3185 0.3185 0.3185 0.2995 0.2995 0.299 0.299 0.289 0.289 0.289 0.293 0.293 0.2975 0.2975 0.311 0.311 0.3145 0.3145 0.3145 0.318 0.318 0.3015 0.3015 0.3035 0.3035 0.3035 0.254 0.254 0.246 0.246 0.2945 0.2945 0.2945 0.263 0.263 0.2305 0.2305 0.2525 0.2525 0.2525 0.2725
0.289 0.289 0.2965 0.2965 0.2705 0.2705 0.303 0.303 0.303 0.2685 0.2685 0.293 0.293 0.288 0.288 0.3045 0.3045 0.3045 0.2785 0.2785 0.262 0.262 0.2865 0.2865 0.2865 0.309 0.309 0.2945 0.2945 0.3075 0.3075 0.3075 0.3095 0.3095 0.304 0.304 0.3205 0.3205 0.3205 0.3155 0.3155 0.321 0.321 0.2845 0.2845 0.2845 0.283 0.283 0.3025 0.3025 0.2935 0.2935 0.2865 0.2865 0.2865 0.3385 0.3385 0.335 0.335 0.3055 0.3055 0.3055 0.31 0.31 0.277 0.277 0.2655 0.2655 0.2655 0.304 0.304 0.282 0.282 0.295 0.295 0.295 0.27
0.289 0.289 0.2965 0.2965 0.2705 0.2705 0.303 0.303 0.303 0.2685 0.2685 0.293 0.293 0.288 0.288 0.3045 0.3045 0.3045 0.2785 0.2785 0.262 0.262 0.2865 0.2865 0.2865 0.309 0.309 0.2945 0.2945 0.3075 0.3075 0.3075 0.3095 0.3095 0.304 0.304 0.3205 0.3205 0.3205 0.3155 0.3155 0.321 0.321 0.2845 0.2845 0.2845 0.283 0.283 0.3025 0.3025 0.2935 0.2935 0.2865 0.2865 0.2865 0.3385 0.3385 0.335 0.335 0.3055 0.3055 0.3055 0.31 0.31 0.277 0.277 0.2655 0.2655 0.2655 0.304 0.304 0.282 0.282 0.295 0.295 0.295 0.27
0.3035 0.3035 0.2945 0.2945 0.2815 0.2815 0.2795 0.2795 0.2795 0.288 0.288 0.295 0.295 0.322 0.322 0.33 0.33 0.33 0.27 0.27 0.2815 0.2815 0.278 0.278 0.278 0.2755 0.2755 0.2735 0.2735 0.326 0.326 0.326 0.3135 0.3135 0.3395 0.3395 0.306 0.306 0.306 0.3095 0.3095 0.2965 0.2965 0.295 0.295 0.295 0.2815 0.2815 0.274 0.274 0.2895 0.2895 0.3075 0.3075 0.3075 0.3225 0.3225 0.3265 0.3265 0.3285 0.3285 0.3285 0.311 0.311 0.3175 0.3175 0.29 0.29 0.29 0.3015 0.3015 0.2795 0.2795 0.255 0.255 0.255 0.2785
0.3035 0.3035 0.2945 0.2945 0.2815 0.2815 0.2795 0.2795 0.2795 0.288 0.288 0.295 0.295 0.322 0.322 0.33 0.33 0.33 0.27 0.27 0.2815 0.2815 0.278 0.278 0.278 0.2755 0.2755 0.2735 0.2735 0.326 0.326 0.326 0.3135 0.3135 0.3395 0.3395 0.306 0.306 0.306 0.3095 0.3095 0.2965 0.2965 0.295 0.295 0.295 0.2815 0.2815 0.274 0.274 0.2895 0.2895 0.3075 0.3075 0.3075 0.3225 0.3225 0.3265 0.3265 0.3285 0.3285 0.3285 0.311 0.311 0.3175 0.3175 0.29 0.29 0.29 0.3015 0.3015 0.2795 0.2795 0.255 0.255 0.255 0.2785
0.3035 0.3035 0.2945 0.2945 0.2815 0.2815 0.2795 0.2795 0.2795 0.288 0.288 0.295 0.295 0.322 0.322 0.33 0.33 0.33 0.27 0.27 0.2815 0.2815 0.278 0.278 0.278 0.2755 0.2755 0.2735 0.2735 0.326 0.326 0.326 0.3135 0.3135 0.3395 0.3395 0.306 0.306 0.306 0.3095 0.3095 0.2965 0.2965 0.295 0.295 0.295 0.2815 0.2815 0.274 0.274 0.2895 0.2895 0.3075 0.3075 0.3075 0.3225 0.3225 0.3265 0.3265 0.3285 0.3285 0.3285 0.311 0.311 0.3175 0.3175 0.29 0.29 0.29 0.3015 0.3015 0.2795 0.2795 0.255 0.255 0.255 0.2785
0.294 0.294 0.3155 0.3155 0.308 0.308 0.2985 0.2985 0.2985 0.305 0.305 0.296 0.296 0.3145 0.3145 0.323 0.323 0.323 0.2745 0.2745 0.268 0.268 0.2785 0.2785 0.2785 0.304 0.304 0.2755 0.2755 0.3185 0.3185 0.3185 0.288 0.288 0.318 0.318 0.3005 0.3005 0.3005 0.3205 0.3205 0.323 0.323 0.3175 0.3175 0.3175 0.315 0.315 0.3045 0.3045 0.3375 0.3375 0.318 0.318 0.318 0.3415 0.3415 0.3315 0.3315 0.3155 0.3155 0.3155 0.314 0.314 0.3205 0.3205 0.3005 0.3005 0.3005 0.326 0.326 0.32 0.32 0.275 0.275 0.275 0.281
0.294 0.294 0.3155 0.3155 0.308 0.308 0.2985 0.2985 0.2985 0.305 0.305 0.296 0.296 0.3145 0.3145 0.323 0.323 0.323 0.2745 0.2745 0.268 0.268 0.2785 0.2785 0.2785 0.304 0.304 0.2755 0.2755 0.3185 0.3185 0.3185 0.288 0.288 0.318 0.318 0.3005 0.3005 0.3005 0.3205 0.3205 0.323 0.323 0.3175 0.3175 0.3175 0.315 0.315 0.3045 0.3045 0.3375 0.3375 0.318 0.318 0.318 0.3415 0.3415 0.3315 0.3315 0.3155 0.3155 0.3155 0.314 0.314 0.3205 0.3205 0.3005 0.3005 0.3005 0.326 0.326 0.32 0.32 0.275 0.275 0.275 0.281
0.3035 0.3035 0.302 0.302 0.2835 0.2835 0.303 0.303 0.303 0.2975 0.2975 0.2865 0.2865 0.3175 0.3175 0.2835 0.2835 0.2835 0.2605 0.2605 0.274 0.274 0.2735 0.2735 0.2735 0.288 0.288 0.2435 0.2435 0.2625 0.2625 0.2625 0.2995 0.2995 0.3135 0.3135 0.251 0.251 0.251 0.2945 0.2945 0.311 0.311 0.3235 0.3235 0.3235 0.3145 0.3145 0.308 0.308 0.3195 0.3195 0.327 0.327 0.327 0.319 0.319 0.3245 0.3245 0.3085 0.3085 0.3085 0.329 0.329 0.315 0.315 0.316 0.316 0.316 0.3015 0.3015 0.307 0.307 0.285 0.285 0.285 0.2725
0.3035 0.3035 0.302 0.302 0.2835 0.2835 0.303 0.303 0.303 0.2975 0.2975 0.2865 0.2865 0.3175 0.3175 0.2835 0.2835 0.2835 0.2605 0.2605 0.274 0.274 0.2735 0.2735 0.2735 0.288 0.288 0.2435 0.2435 0.2625 0.2625 0.2625 0.2995 0.2995 0.3135 0.3135 0.251 0.251 0.251 0.2945 0.2945 0.311 0.311 0.3235 0.3235 0.3235 0.3145 0.3145 0.308 0.308 0.3195 0.3195 0.327 0.327 0.327 0.319 0.319 0.3245 0.3245 0.3085 0.3085 0.3085 0.329 0.329 0.315 0.315 0.316 0.316 0.316 0.3015 0.3015 0.307 0.307 0.285 0.285 0.285 0.2725
0.3015 0.3015 0.2925 0.2925 0.3 0.3 0.311 0.311 0.311 0.295 0.295 0.254 0.254 0.3045 0.3045 0.2735 0.2735 0.2735 0.272 0.272 0.258 0.258 0.2625 0.2625 0.2625 0.2635 0.2635 0.276 0.276 0.275 0.275 0.275 0.2565 0.2565 0.2835 0.2835 0.285 0.285 0.285 0.2975 0.2975 0.312 0.312 0.303 0.303 0.303 0.3125 0.3125 0.315 0.315 0.333 0.333 0.314 0.314 0.314 0.2885 0.2885 0.291 0.291 0.29 0.29 0.29 0.3005 0.3005 0.31 0.31 0.319 0.319 0.319 0.2965 0.2965 0.2915 0.2915 0.285 0.285 0.285 0.279
0.3015 0.3015 0.2925 0.2925 0.3 0.3 0.311 0.311 0.311 0.295 0.295 0.254 0.254 0.3045 0.3045 0.2735 0.2735 0.2735 0.272 0.272 0.258 0.258 0.2625 0.2625 0.2625 0.2635 0.2635 0.276 0.276 0.275 0.275 0.275 0.2565 0.2565 0.2835 0.2835 0.285 0.285 0.285 0.2975 0.2975 0.312 0.312 0.303 0.303 0.303 0.3125 0.3125 0.315 0.315 0.333 0.333 0.314 0.314 0.314 0.2885 0.2885 0.291 0.291 0.29 0.29 0.29 0.3005 0.3005 0.31 0.31 0.319 0.319 0.319 0.2965 0.2965 0.2915 0.2915 0.285 0.285 0.285 0.279
0.3015 0.3015 0.2925 0.2925 0.3 0.3 0.311 0.311 0.311 0.295 0.295 0.254 0.254 0.3045 0.3045 0.2735 0.2735 0.2735 0.272 0.272 0.258 0.258 0.2625 0.2625 0.2625 0.2635 0.2635 0.276 0.276 0.275 0.275 0.275 0.2565 0.2565 0.2835 0.2835 0.285 0.285 0.285 0.2975 0.2975 0.312 0.312 0.303 0.303 0.303 0.3125 0.3125 0.315 0.315 0.333 0.333 0.314 0.314 0.314 0.2885 0.2885 0.291 0.291 0.29 0.29 0.29 0.3005 0.3005 0.31 0.31 0.319 0.319 0.319 0.2965 0.2965 0.2915 0.2915 0.285 0.285 0.285 0.279
0.3125 0.3125 0.302 0.302 0.312 0.312 0.2985 0.2985 0.2985 0.2725 0.2725 0.307 0.307 0.2685 0.2685 0.284 0.284 0.284 0.3025 0.3025 0.335 0.335 0.326 0.326 0.326 0.2825 0.2825 0.2845 0.2845 0.299 0.299 0.299 0.295 0.295 0.2985 0.2985 0.318 0.318 0.318 0.3265 0.3265 0.3075 0.3075 0.3145 0.3145 0.3145 0.3115 0.3115 0.3185 0.3185 0.2895 0.2895 0.2885 0.2885 0.2885 0.2495 0.2495 0.2895 0.2895 0.3135 0.3135 0.3135 0.3085 0.3085 0.3035 0.3035 0.289 0.289 0.289 0.299 0.299 0.2905 0.2905 0.291 0.291 0.291 0.29
0.3125 0.3125 0.302 0.302 0.312 0.312 0.2985 0.2985 0.2985 0.2725 0.2725 0.307 0.307 0.2685 0.2685 0.284 0.284 0.284 0.3025 0.3025 0.335 0.335 0.326 0.326 0.326 0.2825 0.2825 0.2845 0.2845 0.299 0.299 0.299 0.295 0.295 0.2985 0.2985 0.318 0.318 0.318 0.3265 0.3265 0.3075 0.3075 0.3145 0.3145 0.3145 0.3115 0.3115 0.3185 0.3185 0.2895 0.2895 0.2885 0.2885 0.2885 0.2495 0.2495 0.2895 0.2895 0.3135 0.3135 0.3135 0.3085 0.3085 0.3035 0.3035 0.289 0.289 0.289 0.299 0.299 0.2905 0.2905 0.291 0.291 0.291 0.29
0.292 0.292 0.2595 0.2595 0.323 0.323 0.3145 0.3145 0.3145 0.2845 0.2845 0.306 0.306 0.3085 0.3085 0.3235 0.3235 0.3235 0.3165 0.3165 0.3055 0.3055 0.3215 0.3215 0.3215 0.309 0.309 0.307 0.307 0.309 0.309 0.309 0.304 0.304 0.2945 0.2945 0.3045 0.3045 0.3045 0.32 0.32 0.325 0.325 0.3295 0.3295 0.3295 0.3485 0.3485 0.342 0.342 0.3385 0.3385 0.3285 0.3285 0.3285 0.3225 0.3225 0.3095 0.3095 0.3295 0.3295 0.3295 0.343 0.343 0.347 0.347 0.3375 0.3375 0.3375 0.3235 0.3235 0.2925 0.2925 0.2825 0.2825 0.2825 0.291
0.292 0.292 0.2595 0.2595 0.323 0.323 0.3145 0.3145 0.3145 0.2845 0.2845 0.306 0.306 0.3085 0.3085 0.3235 0.3235 0.3235 0.3165 0.3165 0.3055 0.3055 0.3215 0.3215 0.3215 0.309 0.309 0.307 0.307 0.309 0.309 0.309 0.304 0.304 0.2945 0.2945 0.3045 0.3045 0.3045 0.32 0.32 0.325 0.325 0.3295 0.3295 0.3295 0.3485 0.3485 0.342 0.342 0.3385 0.3385 0.3285 0.3285 0.3285 0.3225 0.3225 0.3095 0.3095 0.3295 0.3295 0.3295 0.343 0.343 0.347 0.347 0.3375 0.3375 0.3375 0.3235 0.3235 0.2925 0.2925 0.2825 0.2825 0.2825 0.291
0.317 0.317 0.287 0.287 0.289 0.289 0.277 0.277 0.277 0.2755 0.2755 0.3005 0.3005 0.3075 0.3075 0.3165 0.3165 0.3165 0.3255 0.3255 0.3135 0.3135 0.2835 0.2835 0.2835 0.2925 0.2925 0.302 0.302 0.2685 0.2685 0.2685 0.283 0.283 0.291 0.291 0.2685 0.2685 0.2685 0.292 0.292 0.3475 0.3475 0.3485 0.3485 0.3485 0.302 0.302 0.3065 0.3065 0.33 0.33 0.3245 0.3245 0.3245 0.293 0.293 0.298 0.298 0.3245 0.3245 0.3245 0.34 0.34 0.335 0.335 0.334 0.334 0.334 0.313 0.313 0.295 0.295 0.29 0.29 0.29 0.315
0.317 0.317 0.287 0.287 0.289 0.289 0.277 0.277 0.277 0.2755 0.2755 0.3005 0.3005 0.3075 0.3075 0.3165 0.3165 0.3165 0.3255 0.3255 0.3135 0.3135 0.2835 0.2835 0.2835 0.2925 0.2925 0.302 0.302 0.2685 0.2685 0.2685 0.283 0.283 0.291 0.291 0.2685 0.2685 0.2685 0.292 0.292 0.3475 0.3475 0.3485 0.3485 0.3485 0.302 0.302 0.3065 0.3065 0.33 0.33 0.3245 0.3245 0.3245 0.293 0.293 0.298 0.298 0.3245 0.3245 0.3245 0.34 0.34 0.335 0.335 0.334 0.334 0.334 0.313 0.313 0.295 0.295 0.29 0.29 0.29 0.315
0.339 0.339 0.2725 0.2725 0.2905 0.2905 0.29 0.29 0.29 0.307 0.307 0.324 0.324 0.282 0.282 0.3205 0.3205 0.3205 0.3115 0.3115 0.3155 0.3155 0.3145 0.3145 0.3145 0.2895 0.2895 0.278 0.278 0.298 0.298 0.298 0.3065 0.3065 0.298 0.298 0.3065 0.3065 0.3065 0.3005 0.3005 0.306 0.306 0.328 0.328 0.328 0.2995 0.2995 0.312 0.312 0.3245 0.3245 0.337 0.337 0.337 0.2915 0.2915 0.3205 0.3205 0.3025 0.3025 0.3025 0.3635 0.3635 0.328 0.328 0.31 0.31 0.31 0.3125 0.3125 0.3125 0.3125 0.286 0.286 0.286 0.298
0.339 0.339 0.2725 0.2725 0.2905 0.2905 0.29 0.29 0.29 0.307 0.307 0.324 0.324 0.282 0.282 0.3205 0.3205 0.3205 0.3115 0.3115 0.3155 0.3155 0.3145 0.3145 0.3145 0.2895 0.2895 0.278 0.278 0.298 0.298 0.298 0.3065 0.3065 0.298 0.298 0.3065 0.3065 0.3065 0.3005 0.3005 0.306 0.306 0.328 0.328 0.328 0.2995 0.2995 0.312 0.312 0.3245 0.3245 0.337 0.337 0.337 0.2915 0.2915 0.3205 0.3205 0.3025 0.3025 0.3025 0.3635 0.3635 0.328 0.328 0.31 0.31 0.31 0.3125 0.3125 0.3125 0.3125 0.286 0.286 0.286 0.298
0.339 0.339 0.2725 0.2725 0.2905 0.2905 0.29 0.29 0.29 0.307 0.307 0.324 0.324 0.282 0.282 0.3205 0.3205 0.3205 0.3115 0.3115 0.3155 0.3155 0.3145 0.3145 0.3145 0.2895 0.2895 0.278 0.278 0.298 0.298 0.298 0.3065 0.3065 0.298 0.298 0.3065 0.3065 0.3065 0.3005 0.3005 0.306 0.306 0.328 0.328 0.328 0.2995 0.2995 0.312 0.312 0.3245 0.3245 0.337 0.337 0.337 0.2915 0.2915 0.3205 0.3205 0.3025 0.3025 0.3025 0.3635 0.3635 0.328 0.328 0.31 0.31 0.31 0.3125 0.3125 0.3125 0.3125 0.286 0.286 0.286 0.298
0.324 0.324 0.3 0.3 0.3065 0.3065 0.301 0.301 0.301 0.307 0.307 0.312 0.312 0.2955 0.2955 0.284 0.284 0.284 0.3015 0.3015 0.3205 0.3205 0.305 0.305 0.305 0.2985 0.2985 0.287 0.287 0.289 0.289 0.289 0.312 0.312 0.29 0.29 0.318 0.318 0.318 0.3155 0.3155 0.319 0.319 0.3205 0.3205 0.3205 0.3315 0.3315 0.326 0.326 0.326 0.326 0.3155 0.3155 0.3155 0.319 0.319 0.3025 0.3025 0.2985 0.2985 0.2985 0.3145 0.3145 0.3515 0.3515 0.3315 0.3315 0.3315 0.345 0.345 0.304 0.304 0.2965 0.2965 0.2965 0.3195
0.324 0.324 0.3 0.3 0.3065 0.3065 0.301 0.301 0.301 0.307 0.307 0.312 0.312 0.2955 0.2955 0.284 0.284 0.284 0.3015 0.3015 0.3205 0.3205 0.305 0.305 0.305 0.2985 0.2985 0.287 0.287 0.289 0.289 0.289 0.312 0.312 0.29 0.29 0.318 0.318 0.318 0.3155 0.3155 0.319 0.319 0.3205 0.3205 0.3205 0.3315 0.3315 0.326 0.326 0.326 0.326 0.3155 0.3155 0.3155 0.319 0.319 0.3025 0.3025 0.2985 0.2985 0.2985 0.3145 0.3145 0.3515 0.3515 0.3315 0.3315 0.3315 0.345 0.345 0.304 0.304 0.2965 0.2965 0.2965 0.3195
0.302 0.302 0.324 0.324 0.303 0.303 0.301 0.301 0.301 0.284 0.284 0.3155 0.3155 0.315 0.315 0.289 0.289 0.289 0.3185 0.3185 0.317 0.317 0.292 0.292 0.292 0.3225 0.3225 0.322 0.322 0.315 0.315 0.315 0.2975 0.2975 0.303 0.303 0.305 0.305 0.305 0.295 0.295 0.305 0.305 0.32 0.32 0.32 0.318 0.318 0.3145 0.3145 0.308 0.308 0.314 0.314 0.314 0.3065 0.3065 0.3065 0.3065 0.3395 0.3395 0.3395 0.312 0.312 0.3125 0.3125 0.334 0.334 0.334 0.2875 0.2875 0.316 0.316 0.3475 0.3475 0.3475 0.3225
0.302 0.302 0.324 0.324 0.303 0.303 0.301 0.301 0.301 0.284 0.284 0.3155 0.3155 0.315 0.315 0.289 0.289 0.289 0.3185 0.3185 0.317 0.317 0.292 0.292 0.292 0.3225 0.3225 0.322 0.322 0.315 0.315 0.315 0.2975 0.2975 0.303 0.303 0.305 0.305 0.305 0.295 0.295 0.305 0.305 0.32 0.32 0.32 0.318 0.318 0.3145 0.3145 0.308 0.308 0.314 0.314 0.314 0.3065 0.3065 0.3065 0.3065 0.3395 0.3395 0.3395 0.312 0.312 0.3125 0.3125 0.334 0.334 0.334 0.2875 0.2875 0.316 0.316 0.3475 0.3475 0.3475 0.3225
0.309 0.309 0.2935 0.2935 0.31 0.31 0.3055 0.3055 0.3055 0.31 0.31 0.3165 0.3165 0.2865 0.2865 0.311 0.311 0.311 0.306 0.306 0.3105 0.3105 0.3135 0.3135 0.3135 0.311 0.311 0.3385 0.3385 0.303 0.303 0.303 0.296 0.296 0.312 0.312 0.3235 0.3235 0.3235 0.3135 0.3135 0.3115 0.3115 0.3315 0.3315 0.3315 0.324 0.324 0.2935 0.2935 0.321 0.321 0.3395 0.3395 0.3395 0.3395 0.3395 0.3195 0.3195 0.326 0.326 0.326 0.326 0.326 0.303 0.303 0.315 0.315 0.315 0.336 0.336 0.338 0.338 0.2955 0.2955 0.2955 0.327
0.309 0.309 0.2935 0.2935 0.31 0.31 0.3055 0.3055 0.3055 0.31 0.31 0.3165 0.3165 0.2865 0.2865 0.311 0.311 0.311 0.306 0.306 0.3105 0.3105 0.3135 0.3135 0.3135 0.311 0.311 0.3385 0.3385 0.303 0.303 0.303 0.296 0.296 0.312 0.312 0.3235 0.3235 0.3235 0.3135 0.3135 0.3115 0.3115 0.3315 0.3315 0.3315 0.324 0.324 0.2935 0.2935 0.321 0.321 0.3395 0.3395 0.3395 0.3395 0.3395 0.3195 0.3195 0.326 0.326 0.326 0.326 0.326 0.303 0.303 0.315 0.315 0.315 0.336 0.336 0.338 0.338 0.2955 0.2955 0.2955 0.327
0.309 0.309 0.2935 0.2935 0.31 0.31 0.3055 0.3055 0.3055 0.31 0.31 0.3165 0.3165 0.2865 0.2865 0.311 0.311 0.311 0.306 0.306 0.3105 0.3105 0.3135 0.3135 0.3135 0.311 0.311 0.3385 0.3385 0.303 0.303 0.303 0.296 0.296 0.312 0.312 0.3235 0.3235 0.3235 0.3135 0.3135 0.3115 0.3115 0.3315 0.3315 0.3315 0.324 0.324 0.2935 0.2935 0.321 0.321 0.3395 0.3395 0.3395 0.3395 0.3395 0.3195 0.3195 0.326 0.326 0.326 0.326 0.326 0.303 0.303 0.315 0.315 0.315 0.336 0.336 0.338 0.338 0.2955 0.2955 0.2955 0.327
