ndvi/NOAA-283.asc
ncols         252
nrows         154
xllcorner     -18.017974
yllcorner     13.481982
cellsize      0.035948
NODATA_value  -9999
[rows 34 to 67 of 154, columns 76 to 151 of 252]
0.1485 0.1485 0.1485 0.1385 0.1385 0.135 0.135 0.1335 0.1335 0.1335 0.1305 0.1305 0.1305 0.1305 0.1245 0.1245 0.149 0.149 0.149 0.149 0.149 0.1595 0.1595 0.1585 0.1585 0.1585 0.156 0.156 0.157 0.157 0.155 0.155 0.155 0.171 0.171 0.164 0.164 0.155 0.155 0.155 0.1565 0.1565 0.1685 0.1685 0.162 0.162 0.162 0.15 0.15 0.1445 0.1445 0.146 0.146 0.139 0.139 0.139 0.136 0.136 0.136 0.136 0.1255 0.1255 0.1255 0.122 0.122 0.1345 0.1345 0.146 0.146 0.146 0.1435 0.1435 0.126 0.126 0.1281 0.1281
0.1485 0.1485 0.1485 0.1385 0.1385 0.135 0.135 0.1335 0.1335 0.1335 0.1305 0.1305 0.1305 0.1305 0.1245 0.1245 0.149 0.149 0.149 0.149 0.149 0.1595 0.1595 0.1585 0.1585 0.1585 0.156 0.156 0.157 0.157 0.155 0.155 0.155 0.171 0.171 0.164 0.164 0.155 0.155 0.155 0.1565 0.1565 0.1685 0.1685 0.162 0.162 0.162 0.15 0.15 0.1445 0.1445 0.146 0.146 0.139 0.139 0.139 0.136 0.136 0.136 0.136 0.1255 0.1255 0.1255 0.122 0.122 0.1345 0.1345 0.146 0.146 0.146 0.1435 0.1435 0.126 0.126 0.1281 0.1281
0.1485 0.1485 0.1485 0.1385 0.1385 0.135 0.135 0.1335 0.1335 0.1335 0.1305 0.1305 0.1305 0.1305 0.1245 0.1245 0.149 0.149 0.149 0.149 0.149 0.1595 0.1595 0.1585 0.1585 0.1585 0.156 0.156 0.157 0.157 0.155 0.155 0.155 0.171 0.171 0.164 0.164 0.155 0.155 0.155 0.1565 0.1565 0.1685 0.1685 0.162 0.162 0.162 0.15 0.15 0.1445 0.1445 0.146 0.146 0.139 0.139 0.139 0.136 0.136 0.136 0.136 0.1255 0.1255 0.1255 0.122 0.122 0.1345 0.1345 0.146 0.146 0.146 0.1435 0.1435 0.126 0.126 0.1281 0.1281
0.167 0.167 0.167 0.1585 0.1585 0.1665 0.1665 0.1595 0.1595 0.1595 0.159 0.159 0.1635 0.1635 0.153 0.153 0.1395 0.1395 0.1395 0.1575 0.1575 0.155 0.155 0.1715 0.1715 0.1715 0.1715 0.1715 0.1705 0.1705 0.1765 0.1765 0.1765 0.179 0.179 0.1685 0.1685 0.1645 0.1645 0.1645 0.1635 0.1635 0.1755 0.1755 0.1895 0.1895 0.1895 0.1695 0.1695 0.1665 0.1665 0.164 0.164 0.1565 0.1565 0.1565 0.152 0.152 0.154 0.154 0.1485 0.1485 0.1485 0.1325 0.1325 0.148 0.148 0.1465 0.1465 0.1465 0.1445 0.1445 0.1006 0.1006 0.1225 0.1225
0.167 0.167 0.167 0.1585 0.1585 0.1665 0.1665 0.1595 0.1595 0.1595 0.159 0.159 0.1635 0.1635 0.153 0.153 0.1395 0.1395 0.1395 0.1575 0.1575 0.155 0.155 0.1715 0.1715 0.1715 0.1715 0.1715 0.1705 0.1705 0.1765 0.1765 0.1765 0.179 0.179 0.1685 0.1685 0.1645 0.1645 0.1645 0.1635 0.1635 0.1755 0.1755 0.1895 0.1895 0.1895 0.1695 0.1695 0.1665 0.1665 0.164 0.164 0.1565 0.1565 0.1565 0.152 0.152 0.154 0.154 0.1485 0.1485 0.1485 0.1325 0.1325 0.148 0.148 0.1465 0.1465 0.1465 0.1445 0.1445 0.1006 0.1006 0.1225 0.1225
0.163 0.163 0.163 0.162 0.162 0.1665 0.1665 0.167 0.167 0.167 0.1705 0.1705 0.152 0.152 0.171 0.171 0.154 0.154 0.154 0.1225 0.1225 0.15 0.15 0.155 0.155 0.155 0.1735 0.1735 0.188 0.188 0.17 0.17 0.17 0.184 0.184 0.1855 0.1855 0.177 0.177 0.177 0.182 0.182 0.1876 0.1876 0.211 0.211 0.211 0.175 0.175 0.1705 0.1705 0.169 0.169 0.235 0.235 0.235 0.212 0.212 0.1737 0.1737 0.1815 0.1815 0.1815 0.1706 0.1706 0.153 0.153 0.157 0.157 0.157 0.1275 0.1275 0.1302 0.1302 0.12 0.12
0.163 0.163 0.163 0.162 0.162 0.1665 0.1665 0.167 0.167 0.167 0.1705 0.1705 0.152 0.152 0.171 0.171 0.154 0.154 0.154 0.1225 0.1225 0.15 0.15 0.155 0.155 0.155 0.1735 0.1735 0.188 0.188 0.17 0.17 0.17 0.184 0.184 0.1855 0.1855 0.177 0.177 0.177 0.182 0.182 0.1876 0.1876 0.211 0.211 0.211 0.175 0.175 0.1705 0.1705 0.169 0.169 0.235 0.235 0.235 0.212 0.212 0.1737 0.1737 0.1815 0.1815 0.1815 0.1706 0.1706 0.153 0.153 0.157 0.157 0.157 0.1275 0.1275 0.1302 0.1302 0.12 0.12
0.175 0.175 0.175 0.1595 0.1595 0.163 0.163 0.164 0.164 0.164 0.168 0.168 0.1445 0.1445 0.1465 0.1465 0.1695 0.1695 0.1695 0.1515 0.1515 0.1451 0.1451 0.1671 0.1671 0.1671 0.1792 0.1792 0.1972 0.1972 0.199 0.199 0.199 0.196 0.196 0.189 0.189 0.1936 0.1936 0.1936 0.2001 0.2001 0.2062 0.2062 0.1927 0.1927 0.1927 0.1755 0.1755 0.1865 0.1865 0.1755 0.1755 0.2141 0.2141 0.2141 0.1831 0.1831 0.2005 0.2005 0.1885 0.1885 0.1885 0.1545 0.1545 0.1431 0.1431 0.1195 0.1195 0.1195 0.131 0.131 0.118 0.118 0.1295 0.1295
0.175 0.175 0.175 0.1595 0.1595 0.163 0.163 0.164 0.164 0.164 0.168 0.168 0.1445 0.1445 0.1465 0.1465 0.1695 0.1695 0.1695 0.1515 0.1515 0.1451 0.1451 0.1671 0.1671 0.1671 0.1792 0.1792 0.1972 0.1972 0.199 0.199 0.199 0.196 0.196 0.189 0.189 0.1936 0.1936 0.1936 0.2001 0.2001 0.2062 0.2062 0.1927 0.1927 0.1927 0.1755 0.1755 0.1865 0.1865 0.1755 0.1755 0.2141 0.2141 0.2141 0.1831 0.1831 0.2005 0.2005 0.1885 0.1885 0.1885 0.1545 0.1545 0.1431 0.1431 0.1195 0.1195 0.1195 0.131 0.131 0.118 0.118 0.1295 0.1295
0.175 0.175 0.175 0.1595 0.1595 0.163 0.163 0.164 0.164 0.164 0.168 0.168 0.1445 0.1445 0.1465 0.1465 0.1695 0.1695 0.1695 0.1515 0.1515 0.1451 0.1451 0.1671 0.1671 0.1671 0.1792 0.1792 0.1972 0.1972 0.199 0.199 0.199 0.196 0.196 0.189 0.189 0.1936 0.1936 0.1936 0.2001 0.2001 0.2062 0.2062 0.1927 0.1927 0.1927 0.1755 0.1755 0.1865 0.1865 0.1755 0.1755 0.2141 0.2141 0.2141 0.1831 0.1831 0.2005 0.2005 0.1885 0.1885 0.1885 0.1545 0.1545 0.1431 0.1431 0.1195 0.1195 0.1195 0.131 0.131 0.118 0.118 0.1295 0.1295
0.1715 0.1715 0.1715 0.1575 0.1575 0.1635 0.1635 0.1565 0.1565 0.1565 0.153 0.153 0.134 0.134 0.1375 0.1375 0.1525 0.1525 0.1525 0.1921 0.1921 0.159 0.159 0.1657 0.1657 0.1657 0.1841 0.1841 0.1911 0.1911 0.1992 0.1992 0.1992 0.2077 0.2077 0.2191 0.2191 0.21 0.21 0.21 0.2052 0.2052 0.2062 0.2062 0.2042 0.2042 0.2042 0.189 0.189 0.1905 0.1905 0.19 0.19 0.1785 0.1785 0.1785 0.1721 0.1721 0.1665 0.1665 0.1567 0.1567 0.1567 0.1504 0.1504 0.1305 0.1305 0.125 0.125 0.125 0.119 0.119 0.1132 0.1132 0.09450001 0.09450001
0.1715 0.1715 0.1715 0.1575 0.1575 0.1635 0.1635 0.1565 0.1565 0.1565 0.153 0.153 0.134 0.134 0.1375 0.1375 0.1525 0.1525 0.1525 0.1921 0.1921 0.159 0.159 0.1657 0.1657 0.1657 0.1841 0.1841 0.1911 0.1911 0.1992 0.1992 0.1992 0.2077 0.2077 0.2191 0.2191 0.21 0.21 0.21 0.2052 0.2052 0.2062 0.2062 0.2042 0.2042 0.2042 0.189 0.189 0.1905 0.1905 0.19 0.19 0.1785 0.1785 0.1785 0.1721 0.1721 0.1665 0.1665 0.1567 0.1567 0.1567 0.1504 0.1504 0.1305 0.1305 0.125 0.125 0.125 0.119 0.119 0.1132 0.1132 0.09450001 0.09450001
0.2065 0.2065 0.2065 0.197 0.197 0.1896 0.1896 0.1801 0.1801 0.1801 0.1682 0.1682 0.152 0.152 0.1635 0.1635 0.1755 0.1755 0.1755 0.1881 0.1881 0.1932 0.1932 0.1886 0.1886 0.1886 0.1925 0.1925 0.1961 0.1961 0.2071 0.2071 0.2071 0.2241 0.2241 0.2225 0.2225 0.2017 0.2017 0.2017 0.1982 0.1982 0.2122 0.2122 0.2082 0.2082 0.2082 0.219 0.219 0.2302 0.2302 0.1931 0.1931 0.1992 0.1992 0.1992 0.181 0.181 0.16 0.16 0.1555 0.1555 0.1555 0.129 0.129 0.1325 0.1325 0.1387 0.1387 0.1387 0.145 0.145 0.124 0.124 0.087 0.087
0.2065 0.2065 0.2065 0.197 0.197 0.1896 0.1896 0.1801 0.1801 0.1801 0.1682 0.1682 0.152 0.152 0.1635 0.1635 0.1755 0.1755 0.1755 0.1881 0.1881 0.1932 0.1932 0.1886 0.1886 0.1886 0.1925 0.1925 0.1961 0.1961 0.2071 0.2071 0.2071 0.2241 0.2241 0.2225 0.2225 0.2017 0.2017 0.2017 0.1982 0.1982 0.2122 0.2122 0.2082 0.2082 0.2082 0.219 0.219 0.2302 0.2302 0.1931 0.1931 0.1992 0.1992 0.1992 0.181 0.181 0.16 0.16 0.1555 0.1555 0.1555 0.129 0.129 0.1325 0.1325 0.1387 0.1387 0.1387 0.145 0.145 0.124 0.124 0.087 0.087
0.2067 0.2067 0.2067 0.2086 0.2086 0.2131 0.2131 0.1865 0.1865 0.1865 0.1782 0.1782 0.1626 0.1626 0.212 0.212 0.2055 0.2055 0.2055 0.199 0.199 0.2146 0.2146 0.2092 0.2092 0.2092 0.1825 0.1825 0.194 0.194 0.2002 0.2002 0.2002 0.2111 0.2111 0.2312 0.2312 0.2137 0.2137 0.2137 0.2057 0.2057 0.2092 0.2092 0.2177 0.2177 0.2177 0.1982 0.1982 0.2136 0.2136 0.1851 0.1851 0.189 0.189 0.189 0.1965 0.1965 0.161 0.161 0.1365 0.1365 0.1365 0.1725 0.1725 0.1625 0.1625 0.168 0.168 0.168 0.1765 0.1765 0.1625 0.1625 0.1362 0.1362
0.2067 0.2067 0.2067 0.2086 0.2086 0.2131 0.2131 0.1865 0.1865 0.1865 0.1782 0.1782 0.1626 0.1626 0.212 0.212 0.2055 0.2055 0.2055 0.199 0.199 0.2146 0.2146 0.2092 0.2092 0.2092 0.1825 0.1825 0.194 0.194 0.2002 0.2002 0.2002 0.2111 0.2111 0.2312 0.2312 0.2137 0.2137 0.2137 0.2057 0.2057 0.2092 0.2092 0.2177 0.2177 0.2177 0.1982 0.1982 0.2136 0.2136 0.1851 0.1851 0.189 0.189 0.189 0.1965 0.1965 0.161 0.161 0.1365 0.1365 0.1365 0.1725 0.1725 0.1625 0.1625 0.168 0.168 0.168 0.1765 0.1765 0.1625 0.1625 0.1362 0.1362
0.2067 0.2067 0.2067 0.2086 0.2086 0.2131 0.2131 0.1865 0.1865 0.1865 0.1782 0.1782 0.1626 0.1626 0.212 0.212 0.2055 0.2055 0.2055 0.199 0.199 0.2146 0.2146 0.2092 0.2092 0.2092 0.1825 0.1825 0.194 0.194 0.2002 0.2002 0.2002 0.2111 0.2111 0.2312 0.2312 0.2137 0.2137 0.2137 0.2057 0.2057 0.2092 0.2092 0.2177 0.2177 0.2177 0.1982 0.1982 0.2136 0.2136 0.1851 0.1851 0.189 0.189 0.189 0.1965 0.1965 0.161 0.161 0.1365 0.1365 0.1365 0.1725 0.1725 0.1625 0.1625 0.168 0.168 0.168 0.1765 0.1765 0.1625 0.1625 0.1362 0.1362
0.1917 0.1917 0.1917 0.1812 0.1812 0.1872 0.1872 0.1917 0.1917 0.1917 0.228 0.228 0.2211 0.2211 0.2187 0.2187 0.2086 0.2086 0.2086 0.2146 0.2146 0.1936 0.1936 0.193 0.193 0.193 0.1705 0.1705 0.1725 0.1725 0.2017 0.2017 0.2017 0.2162 0.2162 0.2196 0.2196 0.2276 0.2276 0.2276 0.1777 0.1777 0.2027 0.2027 0.1926 0.1926 0.1926 0.2142 0.2142 0.1707 0.1707 0.1832 0.1832 0.2051 0.2051 0.2051 0.206 0.206 0.1871 0.1871 0.1741 0.1741 0.1741 0.1955 0.1955 0.2065 0.2065 0.2356 0.2356 0.2356 0.219 0.219 0.2095 0.2095 0.1815 0.1815
0.1917 0.1917 0.1917 0.1812 0.1812 0.1872 0.1872 0.1917 0.1917 0.1917 0.228 0.228 0.2211 0.2211 0.2187 0.2187 0.2086 0.2086 0.2086 0.2146 0.2146 0.1936 0.1936 0.193 0.193 0.193 0.1705 0.1705 0.1725 0.1725 0.2017 0.2017 0.2017 0.2162 0.2162 0.2196 0.2196 0.2276 0.2276 0.2276 0.1777 0.1777 0.2027 0.2027 0.1926 0.1926 0.1926 0.2142 0.2142 0.1707 0.1707 0.1832 0.1832 0.2051 0.2051 0.2051 0.206 0.206 0.1871 0.1871 0.1741 0.1741 0.1741 0.1955 0.1955 0.2065 0.2065 0.2356 0.2356 0.2356 0.219 0.219 0.2095 0.2095 0.1815 0.1815
0.2032 0.2032 0.2032 0.2162 0.2162 0.2082 0.2082 0.2061 0.2061 0.2061 0.2246 0.2246 0.2256 0.2256 0.2231 0.2231 0.2251 0.2251 0.2251 0.2211 0.2211 0.2031 0.2031 0.191 0.191 0.191 0.188 0.188 0.1857 0.1857 0.2146 0.2146 0.2146 0.1921 0.1921 0.2151 0.2151 0.2217 0.2217 0.2217 0.2022 0.2022 0.1897 0.1897 0.1941 0.1941 0.1941 0.18 0.18 0.1647 0.1647 0.2051 0.2051 0.2046 0.2046 0.2046 0.2116 0.2116 0.1951 0.1951 0.224 0.224 0.224 0.2225 0.2225 0.2366 0.2366 0.2186 0.2186 0.2186 0.2201 0.2201 0.2406 0.2406 0.2161 0.2161
0.2032 0.2032 0.2032 0.2162 0.2162 0.2082 0.2082 0.2061 0.2061 0.2061 0.2246 0.2246 0.2256 0.2256 0.2231 0.2231 0.2251 0.2251 0.2251 0.2211 0.2211 0.2031 0.2031 0.191 0.191 0.191 0.188 0.188 0.1857 0.1857 0.2146 0.2146 0.2146 0.1921 0.1921 0.2151 0.2151 0.2217 0.2217 0.2217 0.2022 0.2022 0.1897 0.1897 0.1941 0.1941 0.1941 0.18 0.18 0.1647 0.1647 0.2051 0.2051 0.2046 0.2046 0.2046 0.2116 0.2116 0.1951 0.1951 0.224 0.224 0.224 0.2225 0.2225 0.2366 0.2366 0.2186 0.2186 0.2186 0.2201 0.2201 0.2406 0.2406 0.2161 0.2161
0.2272 0.2272 0.2272 0.2226 0.2226 0.2291 0.2291 0.2537 0.2537 0.2537 0.2431 0.2431 0.2661 0.2661 0.2406 0.2406 0.2451 0.2451 0.2451 0.2426 0.2426 0.2122 0.2122 0.1992 0.1992 0.1992 0.1922 0.1922 0.2117 0.2117 0.1967 0.1967 0.1967 0.1932 0.1932 0.2122 0.2122 0.2091 0.2091 0.2091 0.2092 0.2092 0.1727 0.1727 0.1802 0.1802 0.1802 0.1763 0.1763 0.1552 0.1552 0.1737 0.1737 0.1877 0.1877 0.1877 0.2161 0.2161 0.2246 0.2246 0.2556 0.2556 0.2556 0.2486 0.2486 0.2256 0.2256 0.2081 0.2081 0.2081 0.1925 0.1925 0.1671 0.1671 0.1471 0.1471
0.2272 0.2272 0.2272 0.2226 0.2226 0.2291 0.2291 0.2537 0.2537 0.2537 0.2431 0.2431 0.2661 0.2661 0.2406 0.2406 0.2451 0.2451 0.2451 0.2426 0.2426 0.2122 0.2122 0.1992 0.1992 0.1992 0.1922 0.1922 0.2117 0.2117 0.1967 0.1967 0.1967 0.1932 0.1932 0.2122 0.2122 0.2091 0.2091 0.2091 0.2092 0.2092 0.1727 0.1727 0.1802 0.1802 0.1802 0.1763 0.1763 0.1552 0.1552 0.1737 0.1737 0.1877 0.1877 0.1877 0.2161 0.2161 0.2246 0.2246 0.2556 0.2556 0.2556 0.2486 0.2486 0.2256 0.2256 0.2081 0.2081 0.2081 0.1925 0.1925 0.1671 0.1671 0.1471 0.1471
0.216 0.216 0.216 0.2275 0.2275 0.2405 0.2405 0.2416 0.2416 0.2416 0.2795 0.2795 0.2566 0.2566 0.2445 0.2445 0.2251 0.2251 0.2251 0.2345 0.2345 0.2302 0.2302 0.2232 0.2232 0.2232 0.2151 0.2151 0.2066 0.2066 0.1972 0.1972 0.1972 0.1872 0.1872 0.2137 0.2137 0.2047 0.2047 0.2047 0.2107 0.2107 0.1867 0.1867 0.1972 0.1972 0.1972 0.1807 0.1807 0.1351 0.1351 0.1511 0.1511 0.1781 0.1781 0.1781 0.1966 0.1966 0.218 0.218 0.2501 0.2501 0.2501 0.237 0.237 0.2396 0.2396 0.2086 0.2086 0.2086 0.2028 0.2028 0.1741 0.1741 0.1434 0.1434
0.216 0.216 0.216 0.2275 0.2275 0.2405 0.2405 0.2416 0.2416 0.2416 0.2795 0.2795 0.2566 0.2566 0.2445 0.2445 0.2251 0.2251 0.2251 0.2345 0.2345 0.2302 0.2302 0.2232 0.2232 0.2232 0.2151 0.2151 0.2066 0.2066 0.1972 0.1972 0.1972 0.1872 0.1872 0.2137 0.2137 0.2047 0.2047 0.2047 0.2107 0.2107 0.1867 0.1867 0.1972 0.1972 0.1972 0.1807 0.1807 0.1351 0.1351 0.1511 0.1511 0.1781 0.1781 0.1781 0.1966 0.1966 0.218 0.218 0.2501 0.2501 0.2501 0.237 0.237 0.2396 0.2396 0.2086 0.2086 0.2086 0.2028 0.2028 0.1741 0.1741 0.1434 0.1434
0.216 0.216 0.216 0.2275 0.2275 0.2405 0.2405 0.2416 0.2416 0.2416 0.2795 0.2795 0.2566 0.2566 0.2445 0.2445 0.2251 0.2251 0.2251 0.2345 0.2345 0.2302 0.2302 0.2232 0.2232 0.2232 0.2151 0.2151 0.2066 0.2066 0.1972 0.1972 0.1972 0.1872 0.1872 0.2137 0.2137 0.2047 0.2047 0.2047 0.2107 0.2107 0.1867 0.1867 0.1972 0.1972 0.1972 0.1807 0.1807 0.1351 0.1351 0.1511 0.1511 0.1781 0.1781 0.1781 0.1966 0.1966 0.218 0.218 0.2501 0.2501 0.2501 0.237 0.237 0.2396 0.2396 0.2086 0.2086 0.2086 0.2028 0.2028 0.1741 0.1741 0.1434 0.1434
0.236 0.236 0.236 0.2215 0.2215 0.2295 0.2295 0.2346 0.2346 0.2346 0.256 0.256 0.231 0.231 0.206 0.206 0.2346 0.2346 0.2346 0.1826 0.1826 0.2136 0.2136 0.1941 0.1941 0.1941 0.2176 0.2176 0.2147 0.2147 0.2231 0.2231 0.2231 0.2451 0.2451 0.2051 0.2051 0.2056 0.2056 0.2056 0.1841 0.1841 0.1806 0.1806 0.1921 0.1921 0.1921 0.174 0.174 0.1381 0.1381 0.1276 0.1276 0.1202 0.1202 0.1202 0.1651 0.1651 0.203 0.203 0.265 0.265 0.265 0.2731 0.2731 0.2106 0.2106 0.2127 0.2127 0.2127 0.2096 0.2096 0.1875 0.1875 0.157 0.157
0.236 0.236 0.236 0.2215 0.2215 0.2295 0.2295 0.2346 0.2346 0.2346 0.256 0.256 0.231 0.231 0.206 0.206 0.2346 0.2346 0.2346 0.1826 0.1826 0.2136 0.2136 0.1941 0.1941 0.1941 0.2176 0.2176 0.2147 0.2147 0.2231 0.2231 0.2231 0.2451 0.2451 0.2051 0.2051 0.2056 0.2056 0.2056 0.1841 0.1841 0.1806 0.1806 0.1921 0.1921 0.1921 0.174 0.174 0.1381 0.1381 0.1276 0.1276 0.1202 0.1202 0.1202 0.1651 0.1651 0.203 0.203 0.265 0.265 0.265 0.2731 0.2731 0.2106 0.2106 0.2127 0.2127 0.2127 0.2096 0.2096 0.1875 0.1875 0.157 0.157
0.2435 0.2435 0.2435 0.213 0.213 0.2075 0.2075 0.2135 0.2135 0.2135 0.2086 0.2086 0.2086 0.2086 0.2157 0.2157 0.1956 0.1956 0.1956 0.1861 0.1861 0.2116 0.2116 0.1967 0.1967 0.1967 0.2006 0.2006 0.2156 0.2156 0.2176 0.2176 0.2176 0.2401 0.2401 0.2431 0.2431 0.2291 0.2291 0.2291 0.2166 0.2166 0.1771 0.1771 0.1946 0.1946 0.1946 0.1616 0.1616 0.1555 0.1555 0.1741 0.1741 0.1871 0.1871 0.1871 0.1986 0.1986 0.2186 0.2186 0.2901 0.2901 0.2901 0.2956 0.2956 0.2346 0.2346 0.2286 0.2286 0.2286 0.2286 0.2286 0.2076 0.2076 0.16 0.16
0.2435 0.2435 0.2435 0.213 0.213 0.2075 0.2075 0.2135 0.2135 0.2135 0.2086 0.2086 0.2086 0.2086 0.2157 0.2157 0.1956 0.1956 0.1956 0.1861 0.1861 0.2116 0.2116 0.1967 0.1967 0.1967 0.2006 0.2006 0.2156 0.2156 0.2176 0.2176 0.2176 0.2401 0.2401 0.2431 0.2431 0.2291 0.2291 0.2291 0.2166 0.2166 0.1771 0.1771 0.1946 0.1946 0.1946 0.1616 0.1616 0.1555 0.1555 0.1741 0.1741 0.1871 0.1871 0.1871 0.1986 0.1986 0.2186 0.2186 0.2901 0.2901 0.2901 0.2956 0.2956 0.2346 0.2346 0.2286 0.2286 0.2286 0.2286 0.2286 0.2076 0.2076 0.16 0.16
0.213 0.213 0.213 0.2255 0.2255 0.2346 0.2346 0.2436 0.2436 0.2436 0.3026 0.3026 0.2616 0.2616 0.2727 0.2727 0.2382 0.2382 0.2382 0.251 0.251 0.2161 0.2161 0.2097 0.2097 0.2097 0.2061 0.2061 0.2056 0.2056 0.2891 0.2891 0.2891 0.3026 0.3026 0.3276 0.3276 0.2741 0.2741 0.2741 0.2741 0.2741 0.2226 0.2226 0.1781 0.1781 0.1781 0.1706 0.1706 0.1386 0.1386 0.1702 0.1702 0.2316 0.2316 0.2316 0.2256 0.2256 0.2701 0.2701 0.292 0.292 0.292 0.304 0.304 0.308 0.308 0.2711 0.2711 0.2711 0.2216 0.2216 0.2311 0.2311 0.1995 0.1995
0.213 0.213 0.213 0.2255 0.2255 0.2346 0.2346 0.2436 0.2436 0.2436 0.3026 0.3026 0.2616 0.2616 0.2727 0.2727 0.2382 0.2382 0.2382 0.251 0.251 0.2161 0.2161 0.2097 0.2097 0.2097 0.2061 0.2061 0.2056 0.2056 0.2891 0.2891 0.2891 0.3026 0.3026 0.3276 0.3276 0.2741 0.2741 0.2741 0.2741 0.2741 0.2226 0.2226 0.1781 0.1781 0.1781 0.1706 0.1706 0.1386 0.1386 0.1702 0.1702 0.2316 0.2316 0.2316 0.2256 0.2256 0.2701 0.2701 0.292 0.292 0.292 0.304 0.304 0.308 0.308 0.2711 0.2711 0.2711 0.2216 0.2216 0.2311 0.2311 0.1995 0.1995
0.213 0.213 0.213 0.2255 0.2255 0.2346 0.2346 0.2436 0.2436 0.2436 0.3026 0.3026 0.2616 0.2616 0.2727 0.2727 0.2382 0.2382 0.2382 0.251 0.251 0.2161 0.2161 0.2097 0.2097 0.2097 0.2061 0.2061 0.2056 0.2056 0.2891 0.2891 0.2891 0.3026 0.3026 0.3276 0.3276 0.2741 0.2741 0.2741 0.2741 0.2741 0.2226 0.2226 0.1781 0.1781 0.1781 0.1706 0.1706 0.1386 0.1386 0.1702 0.1702 0.2316 0.2316 0.2316 0.2256 0.2256 0.2701 0.2701 0.292 0.292 0.292 0.304 0.304 0.308 0.308 0.2711 0.2711 0.2711 0.2216 0.2216 0.2311 0.2311 0.1995 0.1995
0.2361 0.2361 0.2361 0.2621 0.2621 0.3026 0.3026 0.3296 0.3296 0.3296 0.3446 0.3446 0.3146 0.3146 0.2721 0.2721 0.2572 0.2572 0.2572 0.2616 0.2616 0.2766 0.2766 0.241 0.241 0.241 0.2181 0.2181 0.2631 0.2631 0.2576 0.2576 0.2576 0.3021 0.3021 0.3036 0.3036 0.2956 0.2956 0.2956 0.2971 0.2971 0.2696 0.2696 0.2237 0.2237 0.2237 0.1625 0.1625 0.2136 0.2136 0.2306 0.2306 0.249 0.249 0.249 0.2436 0.2436 0.2411 0.2411 0.3285 0.3285 0.3285 0.326 0.326 0.31 0.31 0.271 0.271 0.271 0.264 0.264 0.2731 0.2731 0.232 0.232
