ndvi/NOAA-158.asc
ncols         252
nrows         154
xllcorner     -18.017974
yllcorner     13.481982
cellsize      0.035948
NODATA_value  -9999
[rows 34 to 67 of 154, columns 78 to 155 of 252]
0.1575 0.149 0.149 0.144 0.144 0.1385 0.1385 0.1385 0.1375 0.1375 0.145 0.145 0.151 0.151 0.1545 0.1545 0.1545 0.1565 0.1565 0.1595 0.1595 0.16 0.16 0.16 0.1605 0.1605 0.158 0.158 0.1565 0.1565 0.1565 0.1555 0.1555 0.1555 0.1555 0.1505 0.1505 0.1505 0.1525 0.1525 0.1485 0.1485 0.168 0.168 0.168 0.162 0.162 0.1555 0.1555 0.152 0.152 0.158 0.158 0.158 0.155 0.155 0.1605 0.1605 0.1645 0.1645 0.1645 0.1685 0.1685 0.171 0.171 0.1725 0.1725 0.1725 0.164 0.164 0.15 0.15 0.125 0.125 0.125 0.1395 0.1395 0.139
0.1575 0.149 0.149 0.144 0.144 0.1385 0.1385 0.1385 0.1375 0.1375 0.145 0.145 0.151 0.151 0.1545 0.1545 0.1545 0.1565 0.1565 0.1595 0.1595 0.16 0.16 0.16 0.1605 0.1605 0.158 0.158 0.1565 0.1565 0.1565 0.1555 0.1555 0.1555 0.1555 0.1505 0.1505 0.1505 0.1525 0.1525 0.1485 0.1485 0.168 0.168 0.168 0.162 0.162 0.1555 0.1555 0.152 0.152 0.158 0.158 0.158 0.155 0.155 0.1605 0.1605 0.1645 0.1645 0.1645 0.1685 0.1685 0.171 0.171 0.1725 0.1725 0.1725 0.164 0.164 0.15 0.15 0.125 0.125 0.125 0.1395 0.1395 0.139
0.1575 0.149 0.149 0.144 0.144 0.1385 0.1385 0.1385 0.1375 0.1375 0.145 0.145 0.151 0.151 0.1545 0.1545 0.1545 0.1565 0.1565 0.1595 0.1595 0.16 0.16 0.16 0.1605 0.1605 0.158 0.158 0.1565 0.1565 0.1565 0.1555 0.1555 0.1555 0.1555 0.1505 0.1505 0.1505 0.1525 0.1525 0.1485 0.1485 0.168 0.168 0.168 0.162 0.162 0.1555 0.1555 0.152 0.152 0.158 0.158 0.158 0.155 0.155 0.1605 0.1605 0.1645 0.1645 0.1645 0.1685 0.1685 0.171 0.171 0.1725 0.1725 0.1725 0.164 0.164 0.15 0.15 0.125 0.125 0.125 0.1395 0.1395 0.139
0.157 0.157 0.157 0.158 0.158 0.155 0.155 0.155 0.1545 0.1545 0.1585 0.1585 0.1605 0.1605 0.151 0.151 0.151 0.1625 0.1625 0.159 0.159 0.1635 0.1635 0.1635 0.176 0.176 0.1695 0.1695 0.1705 0.1705 0.1705 0.1715 0.1715 0.172 0.172 0.1595 0.1595 0.1595 0.16 0.16 0.1605 0.1605 0.1685 0.1685 0.1685 0.171 0.171 0.1665 0.1665 0.1665 0.1665 0.1655 0.1655 0.1655 0.1815 0.1815 0.195 0.195 0.1945 0.1945 0.1945 0.1835 0.1835 0.1835 0.1835 0.1735 0.1735 0.1735 0.1725 0.1725 0.148 0.148 0.1365 0.1365 0.1365 0.1365 0.1365 0.139
0.157 0.157 0.157 0.158 0.158 0.155 0.155 0.155 0.1545 0.1545 0.1585 0.1585 0.1605 0.1605 0.151 0.151 0.151 0.1625 0.1625 0.159 0.159 0.1635 0.1635 0.1635 0.176 0.176 0.1695 0.1695 0.1705 0.1705 0.1705 0.1715 0.1715 0.172 0.172 0.1595 0.1595 0.1595 0.16 0.16 0.1605 0.1605 0.1685 0.1685 0.1685 0.171 0.171 0.1665 0.1665 0.1665 0.1665 0.1655 0.1655 0.1655 0.1815 0.1815 0.195 0.195 0.1945 0.1945 0.1945 0.1835 0.1835 0.1835 0.1835 0.1735 0.1735 0.1735 0.1725 0.1725 0.148 0.148 0.1365 0.1365 0.1365 0.1365 0.1365 0.139
0.1645 0.1565 0.1565 0.154 0.154 0.156 0.156 0.156 0.16 0.16 0.1635 0.1635 0.1725 0.1725 0.1645 0.1645 0.1645 0.1685 0.1685 0.168 0.168 0.1735 0.1735 0.1735 0.171 0.171 0.1765 0.1765 0.1875 0.1875 0.1875 0.187 0.187 0.1765 0.1765 0.173 0.173 0.173 0.167 0.167 0.1725 0.1725 0.1885 0.1885 0.1885 0.193 0.193 0.1895 0.1895 0.1865 0.1865 0.2305 0.2305 0.2305 0.1895 0.1895 0.195 0.195 0.1885 0.1885 0.1885 0.1885 0.1885 0.1845 0.1845 0.1775 0.1775 0.1775 0.1795 0.1795 0.1365 0.1365 0.128 0.128 0.128 0.151 0.151 0.123
0.1645 0.1565 0.1565 0.154 0.154 0.156 0.156 0.156 0.16 0.16 0.1635 0.1635 0.1725 0.1725 0.1645 0.1645 0.1645 0.1685 0.1685 0.168 0.168 0.1735 0.1735 0.1735 0.171 0.171 0.1765 0.1765 0.1875 0.1875 0.1875 0.187 0.187 0.1765 0.1765 0.173 0.173 0.173 0.167 0.167 0.1725 0.1725 0.1885 0.1885 0.1885 0.193 0.193 0.1895 0.1895 0.1865 0.1865 0.2305 0.2305 0.2305 0.1895 0.1895 0.195 0.195 0.1885 0.1885 0.1885 0.1885 0.1885 0.1845 0.1845 0.1775 0.1775 0.1775 0.1795 0.1795 0.1365 0.1365 0.128 0.128 0.128 0.151 0.151 0.123
0.1665 0.159 0.159 0.1675 0.1675 0.1605 0.1605 0.1605 0.159 0.159 0.1645 0.1645 0.1695 0.1695 0.175 0.175 0.175 0.16 0.16 0.165 0.165 0.1705 0.1705 0.1705 0.1755 0.1755 0.1915 0.1915 0.1895 0.1895 0.1895 0.1805 0.1805 0.171 0.171 0.1775 0.1775 0.1775 0.175 0.175 0.193 0.193 0.2005 0.2005 0.2005 0.194 0.194 0.1935 0.1935 0.198 0.198 0.2105 0.2105 0.2105 0.194 0.194 0.1855 0.1855 0.1975 0.1975 0.1975 0.172 0.172 0.1715 0.1715 0.1575 0.1575 0.1575 0.1615 0.1615 0.151 0.151 0.138 0.138 0.138 0.143 0.143 0.146
0.1665 0.159 0.159 0.1675 0.1675 0.1605 0.1605 0.1605 0.159 0.159 0.1645 0.1645 0.1695 0.1695 0.175 0.175 0.175 0.16 0.16 0.165 0.165 0.1705 0.1705 0.1705 0.1755 0.1755 0.1915 0.1915 0.1895 0.1895 0.1895 0.1805 0.1805 0.171 0.171 0.1775 0.1775 0.1775 0.175 0.175 0.193 0.193 0.2005 0.2005 0.2005 0.194 0.194 0.1935 0.1935 0.198 0.198 0.2105 0.2105 0.2105 0.194 0.194 0.1855 0.1855 0.1975 0.1975 0.1975 0.172 0.172 0.1715 0.1715 0.1575 0.1575 0.1575 0.1615 0.1615 0.151 0.151 0.138 0.138 0.138 0.143 0.143 0.146
0.1665 0.159 0.159 0.1675 0.1675 0.1605 0.1605 0.1605 0.159 0.159 0.1645 0.1645 0.1695 0.1695 0.175 0.175 0.175 0.16 0.16 0.165 0.165 0.1705 0.1705 0.1705 0.1755 0.1755 0.1915 0.1915 0.1895 0.1895 0.1895 0.1805 0.1805 0.171 0.171 0.1775 0.1775 0.1775 0.175 0.175 0.193 0.193 0.2005 0.2005 0.2005 0.194 0.194 0.1935 0.1935 0.198 0.198 0.2105 0.2105 0.2105 0.194 0.194 0.1855 0.1855 0.1975 0.1975 0.1975 0.172 0.172 0.1715 0.1715 0.1575 0.1575 0.1575 0.1615 0.1615 0.151 0.151 0.138 0.138 0.138 0.143 0.143 0.146
0.171 0.166 0.166 0.1625 0.1625 0.162 0.162 0.162 0.162 0.162 0.158 0.158 0.171 0.171 0.178 0.178 0.178 0.1785 0.1785 0.158 0.158 0.163 0.163 0.163 0.174 0.174 0.187 0.187 0.1845 0.1845 0.1845 0.2005 0.2005 0.208 0.208 0.1995 0.1995 0.1995 0.196 0.196 0.198 0.198 0.1985 0.1985 0.1985 0.183 0.183 0.19 0.19 0.177 0.177 0.204 0.204 0.204 0.2015 0.2015 0.206 0.206 0.1805 0.1805 0.1805 0.1965 0.1965 0.144 0.144 0.1485 0.1485 0.1485 0.147 0.147 0.1415 0.1415 0.131 0.131 0.131 0.1295 0.1295 0.1525
0.171 0.166 0.166 0.1625 0.1625 0.162 0.162 0.162 0.162 0.162 0.158 0.158 0.171 0.171 0.178 0.178 0.178 0.1785 0.1785 0.158 0.158 0.163 0.163 0.163 0.174 0.174 0.187 0.187 0.1845 0.1845 0.1845 0.2005 0.2005 0.208 0.208 0.1995 0.1995 0.1995 0.196 0.196 0.198 0.198 0.1985 0.1985 0.1985 0.183 0.183 0.19 0.19 0.177 0.177 0.204 0.204 0.204 0.2015 0.2015 0.206 0.206 0.1805 0.1805 0.1805 0.1965 0.1965 0.144 0.144 0.1485 0.1485 0.1485 0.147 0.147 0.1415 0.1415 0.131 0.131 0.131 0.1295 0.1295 0.1525
0.176 0.175 0.175 0.17 0.17 0.166 0.166 0.166 0.1645 0.1645 0.1585 0.1585 0.1555 0.1555 0.175 0.175 0.175 0.182 0.182 0.1755 0.1755 0.182 0.182 0.182 0.175 0.175 0.192 0.192 0.1955 0.1955 0.1955 0.2255 0.2255 0.2265 0.2265 0.2045 0.2045 0.2045 0.1855 0.1855 0.1835 0.1835 0.2005 0.2005 0.2005 0.186 0.186 0.208 0.208 0.1985 0.1985 0.205 0.205 0.205 0.18 0.18 0.1765 0.1765 0.1725 0.1725 0.1725 0.1675 0.1675 0.161 0.161 0.15 0.15 0.15 0.1595 0.1595 0.153 0.153 0.1375 0.1375 0.1375 0.1375 0.1375 0.147
0.176 0.175 0.175 0.17 0.17 0.166 0.166 0.166 0.1645 0.1645 0.1585 0.1585 0.1555 0.1555 0.175 0.175 0.175 0.182 0.182 0.1755 0.1755 0.182 0.182 0.182 0.175 0.175 0.192 0.192 0.1955 0.1955 0.1955 0.2255 0.2255 0.2265 0.2265 0.2045 0.2045 0.2045 0.1855 0.1855 0.1835 0.1835 0.2005 0.2005 0.2005 0.186 0.186 0.208 0.208 0.1985 0.1985 0.205 0.205 0.205 0.18 0.18 0.1765 0.1765 0.1725 0.1725 0.1725 0.1675 0.1675 0.161 0.161 0.15 0.15 0.15 0.1595 0.1595 0.153 0.153 0.1375 0.1375 0.1375 0.1375 0.1375 0.147
0.194 0.1755 0.1755 0.1855 0.1855 0.167 0.167 0.167 0.16 0.16 0.159 0.159 0.1695 0.1695 0.189 0.189 0.189 0.1935 0.1935 0.2065 0.2065 0.2085 0.2085 0.2085 0.2065 0.2065 0.2215 0.2215 0.2095 0.2095 0.2095 0.232 0.232 0.2575 0.2575 0.1835 0.1835 0.1835 0.1605 0.1605 0.162 0.162 0.175 0.175 0.175 0.1865 0.1865 0.1835 0.1835 0.1935 0.1935 0.1885 0.1885 0.1885 0.177 0.177 0.18 0.18 0.171 0.171 0.171 0.1865 0.1865 0.1655 0.1655 0.1745 0.1745 0.1745 0.1835 0.1835 0.179 0.179 0.143 0.143 0.143 0.129 0.129 0.1515
0.194 0.1755 0.1755 0.1855 0.1855 0.167 0.167 0.167 0.16 0.16 0.159 0.159 0.1695 0.1695 0.189 0.189 0.189 0.1935 0.1935 0.2065 0.2065 0.2085 0.2085 0.2085 0.2065 0.2065 0.2215 0.2215 0.2095 0.2095 0.2095 0.232 0.232 0.2575 0.2575 0.1835 0.1835 0.1835 0.1605 0.1605 0.162 0.162 0.175 0.175 0.175 0.1865 0.1865 0.1835 0.1835 0.1935 0.1935 0.1885 0.1885 0.1885 0.177 0.177 0.18 0.18 0.171 0.171 0.171 0.1865 0.1865 0.1655 0.1655 0.1745 0.1745 0.1745 0.1835 0.1835 0.179 0.179 0.143 0.143 0.143 0.129 0.129 0.1515
0.194 0.1755 0.1755 0.1855 0.1855 0.167 0.167 0.167 0.16 0.16 0.159 0.159 0.1695 0.1695 0.189 0.189 0.189 0.1935 0.1935 0.2065 0.2065 0.2085 0.2085 0.2085 0.2065 0.2065 0.2215 0.2215 0.2095 0.2095 0.2095 0.232 0.232 0.2575 0.2575 0.1835 0.1835 0.1835 0.1605 0.1605 0.162 0.162 0.175 0.175 0.175 0.1865 0.1865 0.1835 0.1835 0.1935 0.1935 0.1885 0.1885 0.1885 0.177 0.177 0.18 0.18 0.171 0.171 0.171 0.1865 0.1865 0.1655 0.1655 0.1745 0.1745 0.1745 0.1835 0.1835 0.179 0.179 0.143 0.143 0.143 0.129 0.129 0.1515
0.202 0.1935 0.1935 0.191 0.191 0.195 0.195 0.195 0.204 0.204 0.203 0.203 0.209 0.209 0.2095 0.2095 0.2095 0.206 0.206 0.2185 0.2185 0.2175 0.2175 0.2175 0.217 0.217 0.214 0.214 0.198 0.198 0.198 0.2315 0.2315 0.224 0.224 0.1985 0.1985 0.1985 0.1505 0.1505 0.1465 0.1465 0.1525 0.1525 0.1525 0.1955 0.1955 0.167 0.167 0.1965 0.1965 0.1935 0.1935 0.1935 0.192 0.192 0.181 0.181 0.185 0.185 0.185 0.1885 0.1885 0.189 0.189 0.1875 0.1875 0.1875 0.193 0.193 0.1985 0.1985 0.171 0.171 0.171 0.1235 0.1235 0.1455
0.202 0.1935 0.1935 0.191 0.191 0.195 0.195 0.195 0.204 0.204 0.203 0.203 0.209 0.209 0.2095 0.2095 0.2095 0.206 0.206 0.2185 0.2185 0.2175 0.2175 0.2175 0.217 0.217 0.214 0.214 0.198 0.198 0.198 0.2315 0.2315 0.224 0.224 0.1985 0.1985 0.1985 0.1505 0.1505 0.1465 0.1465 0.1525 0.1525 0.1525 0.1955 0.1955 0.167 0.167 0.1965 0.1965 0.1935 0.1935 0.1935 0.192 0.192 0.181 0.181 0.185 0.185 0.185 0.1885 0.1885 0.189 0.189 0.1875 0.1875 0.1875 0.193 0.193 0.1985 0.1985 0.171 0.171 0.171 0.1235 0.1235 0.1455
0.202 0.1995 0.1995 0.2 0.2 0.201 0.201 0.201 0.2095 0.2095 0.217 0.217 0.2145 0.2145 0.228 0.228 0.228 0.2205 0.2205 0.213 0.213 0.2075 0.2075 0.2075 0.2005 0.2005 0.2025 0.2025 0.1975 0.1975 0.1975 0.1825 0.1825 0.209 0.209 0.192 0.192 0.192 0.1925 0.1925 0.171 0.171 0.164 0.164 0.164 0.1515 0.1515 0.1935 0.1935 0.2005 0.2005 0.199 0.199 0.199 0.207 0.207 0.2095 0.2095 0.2155 0.2155 0.2155 0.2205 0.2205 0.2175 0.2175 0.2005 0.2005 0.2005 0.188 0.188 0.1885 0.1885 0.1745 0.1745 0.1745 0.1275 0.1275 0.1305
0.202 0.1995 0.1995 0.2 0.2 0.201 0.201 0.201 0.2095 0.2095 0.217 0.217 0.2145 0.2145 0.228 0.228 0.228 0.2205 0.2205 0.213 0.213 0.2075 0.2075 0.2075 0.2005 0.2005 0.2025 0.2025 0.1975 0.1975 0.1975 0.1825 0.1825 0.209 0.209 0.192 0.192 0.192 0.1925 0.1925 0.171 0.171 0.164 0.164 0.164 0.1515 0.1515 0.1935 0.1935 0.2005 0.2005 0.199 0.199 0.199 0.207 0.207 0.2095 0.2095 0.2155 0.2155 0.2155 0.2205 0.2205 0.2175 0.2175 0.2005 0.2005 0.2005 0.188 0.188 0.1885 0.1885 0.1745 0.1745 0.1745 0.1275 0.1275 0.1305
0.234 0.217 0.217 0.223 0.223 0.2145 0.2145 0.2145 0.2225 0.2225 0.216 0.216 0.2145 0.2145 0.2195 0.2195 0.2195 0.219 0.219 0.21 0.21 0.207 0.207 0.207 0.204 0.204 0.2005 0.2005 0.2085 0.2085 0.2085 0.179 0.179 0.184 0.184 0.1865 0.1865 0.1865 0.185 0.185 0.1385 0.1385 0.1525 0.1525 0.1525 0.151 0.151 0.164 0.164 0.1965 0.1965 0.198 0.198 0.198 0.2215 0.2215 0.227 0.227 0.242 0.242 0.242 0.226 0.226 0.2255 0.2255 0.201 0.201 0.201 0.191 0.191 0.183 0.183 0.189 0.189 0.189 0.1235 0.1235 0.1215
0.234 0.217 0.217 0.223 0.223 0.2145 0.2145 0.2145 0.2225 0.2225 0.216 0.216 0.2145 0.2145 0.2195 0.2195 0.2195 0.219 0.219 0.21 0.21 0.207 0.207 0.207 0.204 0.204 0.2005 0.2005 0.2085 0.2085 0.2085 0.179 0.179 0.184 0.184 0.1865 0.1865 0.1865 0.185 0.185 0.1385 0.1385 0.1525 0.1525 0.1525 0.151 0.151 0.164 0.164 0.1965 0.1965 0.198 0.198 0.198 0.2215 0.2215 0.227 0.227 0.242 0.242 0.242 0.226 0.226 0.2255 0.2255 0.201 0.201 0.201 0.191 0.191 0.183 0.183 0.189 0.189 0.189 0.1235 0.1235 0.1215
0.243 0.2305 0.2305 0.2275 0.2275 0.2145 0.2145 0.2145 0.2235 0.2235 0.2115 0.2115 0.229 0.229 0.233 0.233 0.233 0.219 0.219 0.22 0.22 0.202 0.202 0.202 0.2095 0.2095 0.2105 0.2105 0.212 0.212 0.212 0.205 0.205 0.192 0.192 0.1795 0.1795 0.1795 0.1805 0.1805 0.175 0.175 0.185 0.185 0.185 0.153 0.153 0.155 0.155 0.162 0.162 0.1845 0.1845 0.1845 0.2135 0.2135 0.2165 0.2165 0.2295 0.2295 0.2295 0.2345 0.2345 0.224 0.224 0.2315 0.2315 0.2315 0.193 0.193 0.165 0.165 0.162 0.162 0.162 0.122 0.122 0.1325
0.243 0.2305 0.2305 0.2275 0.2275 0.2145 0.2145 0.2145 0.2235 0.2235 0.2115 0.2115 0.229 0.229 0.233 0.233 0.233 0.219 0.219 0.22 0.22 0.202 0.202 0.202 0.2095 0.2095 0.2105 0.2105 0.212 0.212 0.212 0.205 0.205 0.192 0.192 0.1795 0.1795 0.1795 0.1805 0.1805 0.175 0.175 0.185 0.185 0.185 0.153 0.153 0.155 0.155 0.162 0.162 0.1845 0.1845 0.1845 0.2135 0.2135 0.2165 0.2165 0.2295 0.2295 0.2295 0.2345 0.2345 0.224 0.224 0.2315 0.2315 0.2315 0.193 0.193 0.165 0.165 0.162 0.162 0.162 0.122 0.122 0.1325
0.243 0.2305 0.2305 0.2275 0.2275 0.2145 0.2145 0.2145 0.2235 0.2235 0.2115 0.2115 0.229 0.229 0.233 0.233 0.233 0.219 0.219 0.22 0.22 0.202 0.202 0.202 0.2095 0.2095 0.2105 0.2105 0.212 0.212 0.212 0.205 0.205 0.192 0.192 0.1795 0.1795 0.1795 0.1805 0.1805 0.175 0.175 0.185 0.185 0.185 0.153 0.153 0.155 0.155 0.162 0.162 0.1845 0.1845 0.1845 0.2135 0.2135 0.2165 0.2165 0.2295 0.2295 0.2295 0.2345 0.2345 0.224 0.224 0.2315 0.2315 0.2315 0.193 0.193 0.165 0.165 0.162 0.162 0.162 0.122 0.122 0.1325
0.22 0.216 0.216 0.2205 0.2205 0.22 0.22 0.22 0.2265 0.2265 0.2075 0.2075 0.208 0.208 0.2105 0.2105 0.2105 0.1815 0.1815 0.208 0.208 0.2145 0.2145 0.2145 0.201 0.201 0.2145 0.2145 0.2265 0.2265 0.2265 0.214 0.214 0.2115 0.2115 0.1995 0.1995 0.1995 0.189 0.189 0.174 0.174 0.185 0.185 0.185 0.186 0.186 0.137 0.137 0.1385 0.1385 0.1465 0.1465 0.1465 0.136 0.136 0.1975 0.1975 0.2205 0.2205 0.2205 0.2295 0.2295 0.229 0.229 0.222 0.222 0.222 0.227 0.227 0.207 0.207 0.172 0.172 0.172 0.146 0.146 0.1435
0.22 0.216 0.216 0.2205 0.2205 0.22 0.22 0.22 0.2265 0.2265 0.2075 0.2075 0.208 0.208 0.2105 0.2105 0.2105 0.1815 0.1815 0.208 0.208 0.2145 0.2145 0.2145 0.201 0.201 0.2145 0.2145 0.2265 0.2265 0.2265 0.214 0.214 0.2115 0.2115 0.1995 0.1995 0.1995 0.189 0.189 0.174 0.174 0.185 0.185 0.185 0.186 0.186 0.137 0.137 0.1385 0.1385 0.1465 0.1465 0.1465 0.136 0.136 0.1975 0.1975 0.2205 0.2205 0.2205 0.2295 0.2295 0.229 0.229 0.222 0.222 0.222 0.227 0.227 0.207 0.207 0.172 0.172 0.172 0.146 0.146 0.1435
0.248 0.2545 0.2545 0.269 0.269 0.275 0.275 0.275 0.2705 0.2705 0.2575 0.2575 0.234 0.234 0.206 0.206 0.206 0.195 0.195 0.2255 0.2255 0.233 0.233 0.233 0.235 0.235 0.22 0.22 0.208 0.208 0.208 0.2075 0.2075 0.2155 0.2155 0.209 0.209 0.209 0.22 0.22 0.174 0.174 0.182 0.182 0.182 0.1695 0.1695 0.1265 0.1265 0.131 0.131 0.124 0.124 0.124 0.1615 0.1615 0.184 0.184 0.2215 0.2215 0.2215 0.225 0.225 0.2205 0.2205 0.2255 0.2255 0.2255 0.2065 0.2065 0.1945 0.1945 0.172 0.172 0.172 0.128 0.128 0.136
0.248 0.2545 0.2545 0.269 0.269 0.275 0.275 0.275 0.2705 0.2705 0.2575 0.2575 0.234 0.234 0.206 0.206 0.206 0.195 0.195 0.2255 0.2255 0.233 0.233 0.233 0.235 0.235 0.22 0.22 0.208 0.208 0.208 0.2075 0.2075 0.2155 0.2155 0.209 0.209 0.209 0.22 0.22 0.174 0.174 0.182 0.182 0.182 0.1695 0.1695 0.1265 0.1265 0.131 0.131 0.124 0.124 0.124 0.1615 0.1615 0.184 0.184 0.2215 0.2215 0.2215 0.225 0.225 0.2205 0.2205 0.2255 0.2255 0.2255 0.2065 0.2065 0.1945 0.1945 0.172 0.172 0.172 0.128 0.128 0.136
0.2405 0.241 0.241 0.2505 0.2505 0.2435 0.2435 0.2435 0.2555 0.2555 0.2835 0.2835 0.258 0.258 0.2425 0.2425 0.2425 0.233 0.233 0.2635 0.2635 0.236 0.236 0.236 0.219 0.219 0.2365 0.2365 0.2065 0.2065 0.2065 0.232 0.232 0.226 0.226 0.216 0.216 0.216 0.238 0.238 0.188 0.188 0.145 0.145 0.145 0.158 0.158 0.136 0.136 0.138 0.138 0.1955 0.1955 0.1955 0.172 0.172 0.1965 0.1965 0.2315 0.2315 0.2315 0.2285 0.2285 0.226 0.226 0.221 0.221 0.221 0.218 0.218 0.2145 0.2145 0.175 0.175 0.175 0.1485 0.1485 0.153
0.2405 0.241 0.241 0.2505 0.2505 0.2435 0.2435 0.2435 0.2555 0.2555 0.2835 0.2835 0.258 0.258 0.2425 0.2425 0.2425 0.233 0.233 0.2635 0.2635 0.236 0.236 0.236 0.219 0.219 0.2365 0.2365 0.2065 0.2065 0.2065 0.232 0.232 0.226 0.226 0.216 0.216 0.216 0.238 0.238 0.188 0.188 0.145 0.145 0.145 0.158 0.158 0.136 0.136 0.138 0.138 0.1955 0.1955 0.1955 0.172 0.172 0.1965 0.1965 0.2315 0.2315 0.2315 0.2285 0.2285 0.226 0.226 0.221 0.221 0.221 0.218 0.218 0.2145 0.2145 0.175 0.175 0.175 0.1485 0.1485 0.153
0.2405 0.241 0.241 0.2505 0.2505 0.2435 0.2435 0.2435 0.2555 0.2555 0.2835 0.2835 0.258 0.258 0.2425 0.2425 0.2425 0.233 0.233 0.2635 0.2635 0.236 0.236 0.236 0.219 0.219 0.2365 0.2365 0.2065 0.2065 0.2065 0.232 0.232 0.226 0.226 0.216 0.216 0.216 0.238 0.238 0.188 0.188 0.145 0.145 0.145 0.158 0.158 0.136 0.136 0.138 0.138 0.1955 0.1955 0.1955 0.172 0.172 0.1965 0.1965 0.2315 0.2315 0.2315 0.2285 0.2285 0.226 0.226 0.221 0.221 0.221 0.218 0.218 0.2145 0.2145 0.175 0.175 0.175 0.1485 0.1485 0.153
0.2295 0.231 0.231 0.2385 0.2385 0.2225 0.2225 0.2225 0.236 0.236 0.231 0.231 0.2565 0.2565 0.236 0.236 0.236 0.2715 0.2715 0.267 0.267 0.259 0.259 0.259 0.2665 0.2665 0.2405 0.2405 0.222 0.222 0.222 0.212 0.212 0.2005 0.2005 0.1985 0.1985 0.1985 0.1995 0.1995 0.216 0.216 0.1995 0.1995 0.1995 0.1535 0.1535 0.1815 0.1815 0.1715 0.1715 0.1915 0.1915 0.1915 0.206 0.206 0.1985 0.1985 0.236 0.236 0.236 0.228 0.228 0.2395 0.2395 0.231 0.231 0.231 0.2195 0.2195 0.215 0.215 0.192 0.192 0.192 0.1405 0.1405 0.1615
