ndvi/NOAA-94.asc
ncols         252
nrows         154
xllcorner     -18.017974
yllcorner     13.481982
cellsize      0.035948
NODATA_value  -9999
[rows 102 to 135 of 154, columns 77 to 153 of 252]
0.3125 0.3125 0.3115 0.3115 0.335 0.335 0.3575 0.3575 0.3575 0.3285 0.3285 0.2835 0.2835 0.2875 0.2875 0.3245 0.3245 0.3245 0.3295 0.3295 0.3555 0.3555 0.38 0.38 0.38 0.382 0.382 0.373 0.373 0.356 0.356 0.356 0.353 0.353 0.3815 0.3815 0.3875 0.3875 0.3875 0.388 0.388 0.3575 0.3575 0.3695 0.3695 0.3695 0.404 0.404 0.3895 0.3895 0.364 0.364 0.385 0.385 0.385 0.365 0.365 0.374 0.374 0.305 0.305 0.305 0.3375 0.3375 0.341 0.341 0.299 0.299 0.299 0.3635 0.3635 0.297 0.297 0.3055 0.3055 0.3055 0.2635
0.336 0.336 0.3165 0.3165 0.321 0.321 0.358 0.358 0.358 0.3795 0.3795 0.38 0.38 0.323 0.323 0.3295 0.3295 0.3295 0.332 0.332 0.3445 0.3445 0.3785 0.3785 0.3785 0.3705 0.3705 0.3825 0.3825 0.3545 0.3545 0.3545 0.372 0.372 0.3635 0.3635 0.374 0.374 0.374 0.4055 0.4055 0.372 0.372 0.392 0.392 0.392 0.4145 0.4145 0.384 0.384 0.378 0.378 0.3855 0.3855 0.3855 0.417 0.417 0.3455 0.3455 0.347 0.347 0.347 0.31 0.31 0.3 0.3 0.296 0.296 0.296 0.3055 0.3055 0.2685 0.2685 0.299 0.299 0.299 0.332
0.336 0.336 0.3165 0.3165 0.321 0.321 0.358 0.358 0.358 0.3795 0.3795 0.38 0.38 0.323 0.323 0.3295 0.3295 0.3295 0.332 0.332 0.3445 0.3445 0.3785 0.3785 0.3785 0.3705 0.3705 0.3825 0.3825 0.3545 0.3545 0.3545 0.372 0.372 0.3635 0.3635 0.374 0.374 0.374 0.4055 0.4055 0.372 0.372 0.392 0.392 0.392 0.4145 0.4145 0.384 0.384 0.378 0.378 0.3855 0.3855 0.3855 0.417 0.417 0.3455 0.3455 0.347 0.347 0.347 0.31 0.31 0.3 0.3 0.296 0.296 0.296 0.3055 0.3055 0.2685 0.2685 0.299 0.299 0.299 0.332
0.336 0.336 0.3165 0.3165 0.321 0.321 0.358 0.358 0.358 0.3795 0.3795 0.38 0.38 0.323 0.323 0.3295 0.3295 0.3295 0.332 0.332 0.3445 0.3445 0.3785 0.3785 0.3785 0.3705 0.3705 0.3825 0.3825 0.3545 0.3545 0.3545 0.372 0.372 0.3635 0.3635 0.374 0.374 0.374 0.4055 0.4055 0.372 0.372 0.392 0.392 0.392 0.4145 0.4145 0.384 0.384 0.378 0.378 0.3855 0.3855 0.3855 0.417 0.417 0.3455 0.3455 0.347 0.347 0.347 0.31 0.31 0.3 0.3 0.296 0.296 0.296 0.3055 0.3055 0.2685 0.2685 0.299 0.299 0.299 0.332
0.3515 0.3515 0.369 0.369 0.3275 0.3275 0.357 0.357 0.357 0.351 0.351 0.3765 0.3765 0.3535 0.3535 0.3385 0.3385 0.3385 0.353 0.353 0.348 0.348 0.36 0.36 0.36 0.385 0.385 0.4095 0.4095 0.41 0.41 0.41 0.386 0.386 0.359 0.359 0.4045 0.4045 0.4045 0.4375 0.4375 0.377 0.377 0.361 0.361 0.361 0.408 0.408 0.4005 0.4005 0.4195 0.4195 0.4065 0.4065 0.4065 0.3865 0.3865 0.3535 0.3535 0.419 0.419 0.419 0.3185 0.3185 0.326 0.326 0.3275 0.3275 0.3275 0.2805 0.2805 0.293 0.293 0.254 0.254 0.254 0.284
0.3515 0.3515 0.369 0.369 0.3275 0.3275 0.357 0.357 0.357 0.351 0.351 0.3765 0.3765 0.3535 0.3535 0.3385 0.3385 0.3385 0.353 0.353 0.348 0.348 0.36 0.36 0.36 0.385 0.385 0.4095 0.4095 0.41 0.41 0.41 0.386 0.386 0.359 0.359 0.4045 0.4045 0.4045 0.4375 0.4375 0.377 0.377 0.361 0.361 0.361 0.408 0.408 0.4005 0.4005 0.4195 0.4195 0.4065 0.4065 0.4065 0.3865 0.3865 0.3535 0.3535 0.419 0.419 0.419 0.3185 0.3185 0.326 0.326 0.3275 0.3275 0.3275 0.2805 0.2805 0.293 0.293 0.254 0.254 0.254 0.284
0.341 0.341 0.3565 0.3565 0.3495 0.3495 0.3305 0.3305 0.3305 0.3595 0.3595 0.359 0.359 0.328 0.328 0.3565 0.3565 0.3565 0.372 0.372 0.422 0.422 0.366 0.366 0.366 0.442 0.442 0.4155 0.4155 0.423 0.423 0.423 0.42 0.42 0.3915 0.3915 0.4305 0.4305 0.4305 0.3925 0.3925 0.411 0.411 0.376 0.376 0.376 0.347 0.347 0.3775 0.3775 0.3875 0.3875 0.4325 0.4325 0.4325 0.394 0.394 0.3755 0.3755 0.3495 0.3495 0.3495 0.3535 0.3535 0.351 0.351 0.3755 0.3755 0.3755 0.302 0.302 0.2915 0.2915 0.2785 0.2785 0.2785 0.3215
0.341 0.341 0.3565 0.3565 0.3495 0.3495 0.3305 0.3305 0.3305 0.3595 0.3595 0.359 0.359 0.328 0.328 0.3565 0.3565 0.3565 0.372 0.372 0.422 0.422 0.366 0.366 0.366 0.442 0.442 0.4155 0.4155 0.423 0.423 0.423 0.42 0.42 0.3915 0.3915 0.4305 0.4305 0.4305 0.3925 0.3925 0.411 0.411 0.376 0.376 0.376 0.347 0.347 0.3775 0.3775 0.3875 0.3875 0.4325 0.4325 0.4325 0.394 0.394 0.3755 0.3755 0.3495 0.3495 0.3495 0.3535 0.3535 0.351 0.351 0.3755 0.3755 0.3755 0.302 0.302 0.2915 0.2915 0.2785 0.2785 0.2785 0.3215
0.3935 0.3935 0.3415 0.3415 0.326 0.326 0.3575 0.3575 0.3575 0.3675 0.3675 0.3625 0.3625 0.428 0.428 0.398 0.398 0.398 0.3755 0.3755 0.412 0.412 0.378 0.378 0.378 0.385 0.385 0.422 0.422 0.394 0.394 0.394 0.4395 0.4395 0.3645 0.3645 0.3915 0.3915 0.3915 0.3955 0.3955 0.3955 0.3955 0.4205 0.4205 0.4205 0.437 0.437 0.39 0.39 0.3855 0.3855 0.407 0.407 0.407 0.4535 0.4535 0.43 0.43 0.407 0.407 0.407 0.3995 0.3995 0.4035 0.4035 0.403 0.403 0.403 0.423 0.423 0.348 0.348 0.31 0.31 0.31 0.2935
0.3935 0.3935 0.3415 0.3415 0.326 0.326 0.3575 0.3575 0.3575 0.3675 0.3675 0.3625 0.3625 0.428 0.428 0.398 0.398 0.398 0.3755 0.3755 0.412 0.412 0.378 0.378 0.378 0.385 0.385 0.422 0.422 0.394 0.394 0.394 0.4395 0.4395 0.3645 0.3645 0.3915 0.3915 0.3915 0.3955 0.3955 0.3955 0.3955 0.4205 0.4205 0.4205 0.437 0.437 0.39 0.39 0.3855 0.3855 0.407 0.407 0.407 0.4535 0.4535 0.43 0.43 0.407 0.407 0.407 0.3995 0.3995 0.4035 0.4035 0.403 0.403 0.403 0.423 0.423 0.348 0.348 0.31 0.31 0.31 0.2935
0.3935 0.3935 0.3415 0.3415 0.326 0.326 0.3575 0.3575 0.3575 0.3675 0.3675 0.3625 0.3625 0.428 0.428 0.398 0.398 0.398 0.3755 0.3755 0.412 0.412 0.378 0.378 0.378 0.385 0.385 0.422 0.422 0.394 0.394 0.394 0.4395 0.4395 0.3645 0.3645 0.3915 0.3915 0.3915 0.3955 0.3955 0.3955 0.3955 0.4205 0.4205 0.4205 0.437 0.437 0.39 0.39 0.3855 0.3855 0.407 0.407 0.407 0.4535 0.4535 0.43 0.43 0.407 0.407 0.407 0.3995 0.3995 0.4035 0.4035 0.403 0.403 0.403 0.423 0.423 0.348 0.348 0.31 0.31 0.31 0.2935
0.3445 0.3445 0.376 0.376 0.3765 0.3765 0.383 0.383 0.383 0.3505 0.3505 0.385 0.385 0.376 0.376 0.433 0.433 0.433 0.408 0.408 0.4105 0.4105 0.386 0.386 0.386 0.4275 0.4275 0.4745 0.4745 0.4445 0.4445 0.4445 0.4195 0.4195 0.415 0.415 0.43 0.43 0.43 0.436 0.436 0.4355 0.4355 0.457 0.457 0.457 0.488 0.488 0.4575 0.4575 0.4035 0.4035 0.3925 0.3925 0.3925 0.423 0.423 0.4095 0.4095 0.4025 0.4025 0.4025 0.399 0.399 0.334 0.334 0.3445 0.3445 0.3445 0.3575 0.3575 0.3415 0.3415 0.327 0.327 0.327 0.352
0.3445 0.3445 0.376 0.376 0.3765 0.3765 0.383 0.383 0.383 0.3505 0.3505 0.385 0.385 0.376 0.376 0.433 0.433 0.433 0.408 0.408 0.4105 0.4105 0.386 0.386 0.386 0.4275 0.4275 0.4745 0.4745 0.4445 0.4445 0.4445 0.4195 0.4195 0.415 0.415 0.43 0.43 0.43 0.436 0.436 0.4355 0.4355 0.457 0.457 0.457 0.488 0.488 0.4575 0.4575 0.4035 0.4035 0.3925 0.3925 0.3925 0.423 0.423 0.4095 0.4095 0.4025 0.4025 0.4025 0.399 0.399 0.334 0.334 0.3445 0.3445 0.3445 0.3575 0.3575 0.3415 0.3415 0.327 0.327 0.327 0.352
0.339 0.339 0.333 0.333 0.3415 0.3415 0.37 0.37 0.37 0.326 0.326 0.3495 0.3495 0.372 0.372 0.4235 0.4235 0.4235 0.473 0.473 0.431 0.431 0.426 0.426 0.426 0.4495 0.4495 0.475 0.475 0.4515 0.4515 0.4515 0.422 0.422 0.4425 0.4425 0.4545 0.4545 0.4545 0.4335 0.4335 0.43 0.43 0.447 0.447 0.447 0.438 0.438 0.4095 0.4095 0.44 0.44 0.413 0.413 0.413 0.4215 0.4215 0.394 0.394 0.4235 0.4235 0.4235 0.384 0.384 0.366 0.366 0.3715 0.3715 0.3715 0.3815 0.3815 0.3685 0.3685 0.3665 0.3665 0.3665 0.346
0.339 0.339 0.333 0.333 0.3415 0.3415 0.37 0.37 0.37 0.326 0.326 0.3495 0.3495 0.372 0.372 0.4235 0.4235 0.4235 0.473 0.473 0.431 0.431 0.426 0.426 0.426 0.4495 0.4495 0.475 0.475 0.4515 0.4515 0.4515 0.422 0.422 0.4425 0.4425 0.4545 0.4545 0.4545 0.4335 0.4335 0.43 0.43 0.447 0.447 0.447 0.438 0.438 0.4095 0.4095 0.44 0.44 0.413 0.413 0.413 0.4215 0.4215 0.394 0.394 0.4235 0.4235 0.4235 0.384 0.384 0.366 0.366 0.3715 0.3715 0.3715 0.3815 0.3815 0.3685 0.3685 0.3665 0.3665 0.3665 0.346
0.3845 0.3845 0.34 0.34 0.3605 0.3605 0.358 0.358 0.358 0.36 0.36 0.35 0.35 0.352 0.352 0.4235 0.4235 0.4235 0.4785 0.4785 0.434 0.434 0.437 0.437 0.437 0.473 0.473 0.4595 0.4595 0.417 0.417 0.417 0.44 0.44 0.428 0.428 0.4445 0.4445 0.4445 0.4455 0.4455 0.453 0.453 0.4345 0.4345 0.4345 0.4575 0.4575 0.4295 0.4295 0.43 0.43 0.429 0.429 0.429 0.4355 0.4355 0.425 0.425 0.4105 0.4105 0.4105 0.4325 0.4325 0.3825 0.3825 0.362 0.362 0.362 0.352 0.352 0.333 0.333 0.4025 0.4025 0.4025 0.3505
0.3845 0.3845 0.34 0.34 0.3605 0.3605 0.358 0.358 0.358 0.36 0.36 0.35 0.35 0.352 0.352 0.4235 0.4235 0.4235 0.4785 0.4785 0.434 0.434 0.437 0.437 0.437 0.473 0.473 0.4595 0.4595 0.417 0.417 0.417 0.44 0.44 0.428 0.428 0.4445 0.4445 0.4445 0.4455 0.4455 0.453 0.453 0.4345 0.4345 0.4345 0.4575 0.4575 0.4295 0.4295 0.43 0.43 0.429 0.429 0.429 0.4355 0.4355 0.425 0.425 0.4105 0.4105 0.4105 0.4325 0.4325 0.3825 0.3825 0.362 0.362 0.362 0.352 0.352 0.333 0.333 0.4025 0.4025 0.4025 0.3505
0.3845 0.3845 0.34 0.34 0.3605 0.3605 0.358 0.358 0.358 0.36 0.36 0.35 0.35 0.352 0.352 0.4235 0.4235 0.4235 0.4785 0.4785 0.434 0.434 0.437 0.437 0.437 0.473 0.473 0.4595 0.4595 0.417 0.417 0.417 0.44 0.44 0.428 0.428 0.4445 0.4445 0.4445 0.4455 0.4455 0.453 0.453 0.4345 0.4345 0.4345 0.4575 0.4575 0.4295 0.4295 0.43 0.43 0.429 0.429 0.429 0.4355 0.4355 0.425 0.425 0.4105 0.4105 0.4105 0.4325 0.4325 0.3825 0.3825 0.362 0.362 0.362 0.352 0.352 0.333 0.333 0.4025 0.4025 0.4025 0.3505
0.3775 0.3775 0.3415 0.3415 0.3425 0.3425 0.363 0.363 0.363 0.3325 0.3325 0.3285 0.3285 0.358 0.358 0.399 0.399 0.399 0.4015 0.4015 0.453 0.453 0.4155 0.4155 0.4155 0.4685 0.4685 0.4295 0.4295 0.4165 0.4165 0.4165 0.4525 0.4525 0.443 0.443 0.458 0.458 0.458 0.4355 0.4355 0.46 0.46 0.478 0.478 0.478 0.442 0.442 0.4215 0.4215 0.405 0.405 0.4135 0.4135 0.4135 0.417 0.417 0.3935 0.3935 0.39 0.39 0.39 0.4185 0.4185 0.411 0.411 0.3855 0.3855 0.3855 0.388 0.388 0.3355 0.3355 0.352 0.352 0.352 0.353
0.3775 0.3775 0.3415 0.3415 0.3425 0.3425 0.363 0.363 0.363 0.3325 0.3325 0.3285 0.3285 0.358 0.358 0.399 0.399 0.399 0.4015 0.4015 0.453 0.453 0.4155 0.4155 0.4155 0.4685 0.4685 0.4295 0.4295 0.4165 0.4165 0.4165 0.4525 0.4525 0.443 0.443 0.458 0.458 0.458 0.4355 0.4355 0.46 0.46 0.478 0.478 0.478 0.442 0.442 0.4215 0.4215 0.405 0.405 0.4135 0.4135 0.4135 0.417 0.417 0.3935 0.3935 0.39 0.39 0.39 0.4185 0.4185 0.411 0.411 0.3855 0.3855 0.3855 0.388 0.388 0.3355 0.3355 0.352 0.352 0.352 0.353
0.3455 0.3455 0.3455 0.3455 0.4195 0.4195 0.4185 0.4185 0.4185 0.4015 0.4015 0.374 0.374 0.376 0.376 0.409 0.409 0.409 0.387 0.387 0.4155 0.4155 0.437 0.437 0.437 0.46 0.46 0.4235 0.4235 0.425 0.425 0.425 0.4235 0.4235 0.46 0.46 0.4495 0.4495 0.4495 0.4715 0.4715 0.454 0.454 0.516 0.516 0.516 0.453 0.453 0.4195 0.4195 0.366 0.366 0.427 0.427 0.427 0.4085 0.4085 0.4185 0.4185 0.3725 0.3725 0.3725 0.3995 0.3995 0.3895 0.3895 0.3855 0.3855 0.3855 0.3845 0.3845 0.351 0.351 0.389 0.389 0.389 0.388
0.3455 0.3455 0.3455 0.3455 0.4195 0.4195 0.4185 0.4185 0.4185 0.4015 0.4015 0.374 0.374 0.376 0.376 0.409 0.409 0.409 0.387 0.387 0.4155 0.4155 0.437 0.437 0.437 0.46 0.46 0.4235 0.4235 0.425 0.425 0.425 0.4235 0.4235 0.46 0.46 0.4495 0.4495 0.4495 0.4715 0.4715 0.454 0.454 0.516 0.516 0.516 0.453 0.453 0.4195 0.4195 0.366 0.366 0.427 0.427 0.427 0.4085 0.4085 0.4185 0.4185 0.3725 0.3725 0.3725 0.3995 0.3995 0.3895 0.3895 0.3855 0.3855 0.3855 0.3845 0.3845 0.351 0.351 0.389 0.389 0.389 0.388
0.4455 0.4455 0.484 0.484 0.4655 0.4655 0.4125 0.4125 0.4125 0.4485 0.4485 0.48 0.48 0.4685 0.4685 0.4215 0.4215 0.4215 0.4095 0.4095 0.4405 0.4405 0.42 0.42 0.42 0.4065 0.4065 0.438 0.438 0.4255 0.4255 0.4255 0.506 0.506 0.465 0.465 0.4965 0.4965 0.4965 0.508 0.508 0.4845 0.4845 0.4475 0.4475 0.4475 0.393 0.393 0.4525 0.4525 0.4475 0.4475 0.427 0.427 0.427 0.3855 0.3855 0.3825 0.3825 0.4015 0.4015 0.4015 0.4435 0.4435 0.373 0.373 0.37 0.37 0.37 0.3295 0.3295 0.3815 0.3815 0.3945 0.3945 0.3945 0.375
0.4455 0.4455 0.484 0.484 0.4655 0.4655 0.4125 0.4125 0.4125 0.4485 0.4485 0.48 0.48 0.4685 0.4685 0.4215 0.4215 0.4215 0.4095 0.4095 0.4405 0.4405 0.42 0.42 0.42 0.4065 0.4065 0.438 0.438 0.4255 0.4255 0.4255 0.506 0.506 0.465 0.465 0.4965 0.4965 0.4965 0.508 0.508 0.4845 0.4845 0.4475 0.4475 0.4475 0.393 0.393 0.4525 0.4525 0.4475 0.4475 0.427 0.427 0.427 0.3855 0.3855 0.3825 0.3825 0.4015 0.4015 0.4015 0.4435 0.4435 0.373 0.373 0.37 0.37 0.37 0.3295 0.3295 0.3815 0.3815 0.3945 0.3945 0.3945 0.375
0.4815 0.4815 0.517 0.517 0.511 0.511 0.491 0.491 0.491 0.478 0.478 0.506 0.506 0.46 0.46 0.457 0.457 0.457 0.445 0.445 0.4635 0.4635 0.4615 0.4615 0.4615 0.4395 0.4395 0.4865 0.4865 0.4615 0.4615 0.4615 0.5225 0.5225 0.5591 0.5591 0.5405 0.5405 0.5405 0.5411 0.5411 0.4775 0.4775 0.431 0.431 0.431 0.436 0.436 0.4495 0.4495 0.4555 0.4555 0.417 0.417 0.417 0.4125 0.4125 0.4555 0.4555 0.4045 0.4045 0.4045 0.4435 0.4435 0.384 0.384 0.41 0.41 0.41 0.429 0.429 0.3845 0.3845 0.369 0.369 0.369 0.3955
0.4815 0.4815 0.517 0.517 0.511 0.511 0.491 0.491 0.491 0.478 0.478 0.506 0.506 0.46 0.46 0.457 0.457 0.457 0.445 0.445 0.4635 0.4635 0.4615 0.4615 0.4615 0.4395 0.4395 0.4865 0.4865 0.4615 0.4615 0.4615 0.5225 0.5225 0.5591 0.5591 0.5405 0.5405 0.5405 0.5411 0.5411 0.4775 0.4775 0.431 0.431 0.431 0.436 0.436 0.4495 0.4495 0.4555 0.4555 0.417 0.417 0.417 0.4125 0.4125 0.4555 0.4555 0.4045 0.4045 0.4045 0.4435 0.4435 0.384 0.384 0.41 0.41 0.41 0.429 0.429 0.3845 0.3845 0.369 0.369 0.369 0.3955
0.4815 0.4815 0.517 0.517 0.511 0.511 0.491 0.491 0.491 0.478 0.478 0.506 0.506 0.46 0.46 0.457 0.457 0.457 0.445 0.445 0.4635 0.4635 0.4615 0.4615 0.4615 0.4395 0.4395 0.4865 0.4865 0.4615 0.4615 0.4615 0.5225 0.5225 0.5591 0.5591 0.5405 0.5405 0.5405 0.5411 0.5411 0.4775 0.4775 0.431 0.431 0.431 0.436 0.436 0.4495 0.4495 0.4555 0.4555 0.417 0.417 0.417 0.4125 0.4125 0.4555 0.4555 0.4045 0.4045 0.4045 0.4435 0.4435 0.384 0.384 0.41 0.41 0.41 0.429 0.429 0.3845 0.3845 0.369 0.369 0.369 0.3955
0.5295 0.5295 0.505 0.505 0.517 0.517 0.492 0.492 0.492 0.492 0.492 0.4885 0.4885 0.4555 0.4555 0.477 0.477 0.477 0.468 0.468 0.465 0.465 0.448 0.448 0.448 0.501 0.501 0.5215 0.5215 0.5605 0.5605 0.5605 0.5595 0.5595 0.5085 0.5085 0.5431 0.5431 0.5431 0.5185 0.5185 0.4555 0.4555 0.453 0.453 0.453 0.4425 0.4425 0.495 0.495 0.4835 0.4835 0.4655 0.4655 0.4655 0.466 0.466 0.437 0.437 0.4435 0.4435 0.4435 0.459 0.459 0.3745 0.3745 0.4585 0.4585 0.4585 0.3975 0.3975 0.408 0.408 0.3965 0.3965 0.3965 0.4175
0.5295 0.5295 0.505 0.505 0.517 0.517 0.492 0.492 0.492 0.492 0.492 0.4885 0.4885 0.4555 0.4555 0.477 0.477 0.477 0.468 0.468 0.465 0.465 0.448 0.448 0.448 0.501 0.501 0.5215 0.5215 0.5605 0.5605 0.5605 0.5595 0.5595 0.5085 0.5085 0.5431 0.5431 0.5431 0.5185 0.5185 0.4555 0.4555 0.453 0.453 0.453 0.4425 0.4425 0.495 0.495 0.4835 0.4835 0.4655 0.4655 0.4655 0.466 0.466 0.437 0.437 0.4435 0.4435 0.4435 0.459 0.459 0.3745 0.3745 0.4585 0.4585 0.4585 0.3975 0.3975 0.408 0.408 0.3965 0.3965 0.3965 0.4175
0.527 0.527 0.4975 0.4975 0.5025 0.5025 0.4715 0.4715 0.4715 0.469 0.469 0.446 0.446 0.4845 0.4845 0.5025 0.5025 0.5025 0.5015 0.5015 0.462 0.462 0.4985 0.4985 0.4985 0.5385 0.5385 0.563 0.563 0.5481 0.5481 0.5481 0.4935 0.4935 0.521 0.521 0.511 0.511 0.511 0.4915 0.4915 0.4435 0.4435 0.469 0.469 0.469 0.477 0.477 0.429 0.429 0.4725 0.4725 0.45 0.45 0.45 0.44 0.44 0.4525 0.4525 0.503 0.503 0.503 0.465 0.465 0.415 0.415 0.4705 0.4705 0.4705 0.4965 0.4965 0.485 0.485 0.479 0.479 0.479 0.508
0.527 0.527 0.4975 0.4975 0.5025 0.5025 0.4715 0.4715 0.4715 0.469 0.469 0.446 0.446 0.4845 0.4845 0.5025 0.5025 0.5025 0.5015 0.5015 0.462 0.462 0.4985 0.4985 0.4985 0.5385 0.5385 0.563 0.563 0.5481 0.5481 0.5481 0.4935 0.4935 0.521 0.521 0.511 0.511 0.511 0.4915 0.4915 0.4435 0.4435 0.469 0.469 0.469 0.477 0.477 0.429 0.429 0.4725 0.4725 0.45 0.45 0.45 0.44 0.44 0.4525 0.4525 0.503 0.503 0.503 0.465 0.465 0.415 0.415 0.4705 0.4705 0.4705 0.4965 0.4965 0.485 0.485 0.479 0.479 0.479 0.508
0.4605 0.4605 0.4825 0.4825 0.482 0.482 0.446 0.446 0.446 0.428 0.428 0.449 0.449 0.474 0.474 0.4935 0.4935 0.4935 0.505 0.505 0.534 0.534 0.5245 0.5245 0.5245 0.521 0.521 0.5745 0.5745 0.521 0.521 0.521 0.505 0.505 0.5075 0.5075 0.504 0.504 0.504 0.4785 0.4785 0.5235 0.5235 0.5385 0.5385 0.5385 0.5185 0.5185 0.5185 0.5185 0.5045 0.5045 0.492 0.492 0.492 0.505 0.505 0.506 0.506 0.544 0.544 0.544 0.58 0.58 0.514 0.514 0.5275 0.5275 0.5275 0.5525 0.5525 0.531 0.531 0.5125 0.5125 0.5125 0.533
0.4605 0.4605 0.4825 0.4825 0.482 0.482 0.446 0.446 0.446 0.428 0.428 0.449 0.449 0.474 0.474 0.4935 0.4935 0.4935 0.505 0.505 0.534 0.534 0.5245 0.5245 0.5245 0.521 0.521 0.5745 0.5745 0.521 0.521 0.521 0.505 0.505 0.5075 0.5075 0.504 0.504 0.504 0.4785 0.4785 0.5235 0.5235 0.5385 0.5385 0.5385 0.5185 0.5185 0.5185 0.5185 0.5045 0.5045 0.492 0.492 0.492 0.505 0.505 0.506 0.506 0.544 0.544 0.544 0.58 0.58 0.514 0.514 0.5275 0.5275 0.5275 0.5525 0.5525 0.531 0.531 0.5125 0.5125 0.5125 0.533
0.4605 0.4605 0.4825 0.4825 0.482 0.482 0.446 0.446 0.446 0.428 0.428 0.449 0.449 0.474 0.474 0.4935 0.4935 0.4935 0.505 0.505 0.534 0.534 0.5245 0.5245 0.5245 0.521 0.521 0.5745 0.5745 0.521 0.521 0.521 0.505 0.505 0.5075 0.5075 0.504 0.504 0.504 0.4785 0.4785 0.5235 0.5235 0.5385 0.5385 0.5385 0.5185 0.5185 0.5185 0.5185 0.5045 0.5045 0.492 0.492 0.492 0.505 0.505 0.506 0.506 0.544 0.544 0.544 0.58 0.58 0.514 0.514 0.5275 0.5275 0.5275 0.5525 0.5525 0.531 0.531 0.5125 0.5125 0.5125 0.533
