ndvi/NOAA-221.asc
ncols         252
nrows         154
xllcorner     -18.017974
yllcorner     13.481982
cellsize      0.035948
NODATA_value  -9999
[rows 102 to 135 of 154, columns 0 to 76 of 252]
-1 -1 -1 -1 -1 -1 -1 -1 -1 -1 -1 -1 -1 -1 -1 -1 -1 -1 -1 -1 -1 -1 -1 -1 -1 0.0551 0.0551 0.0551 0.1065 0.1065 0.2685 0.2685 0.2565 0.2565 0.2565 0.2485 0.2485 0.247 0.247 0.246 0.246 0.246 0.26 0.26 0.258 0.258 0.2485 0.2485 0.2485 0.2585 0.2585 0.266 0.266 0.279 0.279 0.2855 0.2855 0.2855 0.286 0.286 0.293 0.293 0.293 0.293 0.293 0.2785 0.2785 0.27 0.27 0.2685 0.2685 0.2685 0.2625 0.2625 0.2585 0.2585 0.234
-1 -1 -1 -1 -1 -1 -1 -1 -1 -1 -1 -1 -1 -1 -1 -1 -1 -1 -1 -1 -1 -1 -1 0.0027 0.0027 0.186 0.186 0.186 0.294 0.294 0.237 0.237 0.245 0.245 0.245 0.253 0.253 0.266 0.266 0.2645 0.2645 0.2645 0.284 0.284 0.259 0.259 0.262 0.262 0.262 0.257 0.257 0.268 0.268 0.263 0.263 0.26 0.26 0.26 0.2695 0.2695 0.272 0.272 0.272 0.272 0.272 0.2705 0.2705 0.267 0.267 0.2735 0.2735 0.2735 0.2795 0.2795 0.259 0.259 0.254
-1 -1 -1 -1 -1 -1 -1 -1 -1 -1 -1 -1 -1 -1 -1 -1 -1 -1 -1 -1 -1 -1 -1 0.0027 0.0027 0.186 0.186 0.186 0.294 0.294 0.237 0.237 0.245 0.245 0.245 0.253 0.253 0.266 0.266 0.2645 0.2645 0.2645 0.284 0.284 0.259 0.259 0.262 0.262 0.262 0.257 0.257 0.268 0.268 0.263 0.263 0.26 0.26 0.26 0.2695 0.2695 0.272 0.272 0.272 0.272 0.272 0.2705 0.2705 0.267 0.267 0.2735 0.2735 0.2735 0.2795 0.2795 0.259 0.259 0.254
-1 -1 -1 -1 -1 -1 -1 -1 -1 -1 -1 -1 -1 -1 -1 -1 -1 -1 -1 -1 -1 -1 -1 0.0027 0.0027 0.186 0.186 0.186 0.294 0.294 0.237 0.237 0.245 0.245 0.245 0.253 0.253 0.266 0.266 0.2645 0.2645 0.2645 0.284 0.284 0.259 0.259 0.262 0.262 0.262 0.257 0.257 0.268 0.268 0.263 0.263 0.26 0.26 0.26 0.2695 0.2695 0.272 0.272 0.272 0.272 0.272 0.2705 0.2705 0.267 0.267 0.2735 0.2735 0.2735 0.2795 0.2795 0.259 0.259 0.254
-1 -1 -1 -1 -1 -1 -1 -1 -1 -1 -1 -1 -1 -1 -1 -1 -1 -1 -1 -1 -1 0.0362 0.0362 0.1415 0.1415 0.257 0.257 0.257 0.2525 0.2525 0.2295 0.2295 0.24 0.24 0.24 0.2755 0.2755 0.274 0.274 0.2755 0.2755 0.2755 0.269 0.269 0.2535 0.2535 0.2575 0.2575 0.2575 0.2755 0.2755 0.2655 0.2655 0.2695 0.2695 0.279 0.279 0.279 0.278 0.278 0.265 0.265 0.265 0.265 0.265 0.2705 0.2705 0.2845 0.2845 0.2825 0.2825 0.2825 0.29 0.29 0.2765 0.2765 0.242
-1 -1 -1 -1 -1 -1 -1 -1 -1 -1 -1 -1 -1 -1 -1 -1 -1 -1 -1 -1 -1 0.0362 0.0362 0.1415 0.1415 0.257 0.257 0.257 0.2525 0.2525 0.2295 0.2295 0.24 0.24 0.24 0.2755 0.2755 0.274 0.274 0.2755 0.2755 0.2755 0.269 0.269 0.2535 0.2535 0.2575 0.2575 0.2575 0.2755 0.2755 0.2655 0.2655 0.2695 0.2695 0.279 0.279 0.279 0.278 0.278 0.265 0.265 0.265 0.265 0.265 0.2705 0.2705 0.2845 0.2845 0.2825 0.2825 0.2825 0.29 0.29 0.2765 0.2765 0.242
-1 -1 -1 -1 -1 -1 -1 -1 -1 -1 -1 -1 -1 -1 -1 -1 -1 -1 -1 -1 -1 0.079 0.079 0.2675 0.2675 0.2785 0.2785 0.2785 0.249 0.249 0.2405 0.2405 0.251 0.251 0.251 0.2765 0.2765 0.285 0.285 0.2695 0.2695 0.2695 0.286 0.286 0.2545 0.2545 0.259 0.259 0.259 0.2695 0.2695 0.277 0.277 0.2765 0.2765 0.2705 0.2705 0.2705 0.277 0.277 0.2725 0.2725 0.2725 0.2725 0.2725 0.2685 0.2685 0.282 0.282 0.2805 0.2805 0.2805 0.2795 0.2795 0.2765 0.2765 0.256
-1 -1 -1 -1 -1 -1 -1 -1 -1 -1 -1 -1 -1 -1 -1 -1 -1 -1 -1 -1 -1 0.079 0.079 0.2675 0.2675 0.2785 0.2785 0.2785 0.249 0.249 0.2405 0.2405 0.251 0.251 0.251 0.2765 0.2765 0.285 0.285 0.2695 0.2695 0.2695 0.286 0.286 0.2545 0.2545 0.259 0.259 0.259 0.2695 0.2695 0.277 0.277 0.2765 0.2765 0.2705 0.2705 0.2705 0.277 0.277 0.2725 0.2725 0.2725 0.2725 0.2725 0.2685 0.2685 0.282 0.282 0.2805 0.2805 0.2805 0.2795 0.2795 0.2765 0.2765 0.256
-1 -1 -1 -1 -1 -1 -1 -1 -1 -1 -1 -1 -1 -1 -1 -1 -1 -1 0.0907 0.0907 0.0907 0.288 0.288 0.2765 0.2765 0.274 0.274 0.274 0.282 0.282 0.264 0.264 0.264 0.264 0.264 0.273 0.273 0.272 0.272 0.2735 0.2735 0.2735 0.279 0.279 0.269 0.269 0.261 0.261 0.261 0.285 0.285 0.275 0.275 0.2675 0.2675 0.256 0.256 0.256 0.256 0.256 0.2685 0.2685 0.2685 0.2685 0.2685 0.266 0.266 0.2705 0.2705 0.2855 0.2855 0.2855 0.2735 0.2735 0.2735 0.2735 0.26
-1 -1 -1 -1 -1 -1 -1 -1 -1 -1 -1 -1 -1 -1 -1 -1 -1 -1 0.0907 0.0907 0.0907 0.288 0.288 0.2765 0.2765 0.274 0.274 0.274 0.282 0.282 0.264 0.264 0.264 0.264 0.264 0.273 0.273 0.272 0.272 0.2735 0.2735 0.2735 0.279 0.279 0.269 0.269 0.261 0.261 0.261 0.285 0.285 0.275 0.275 0.2675 0.2675 0.256 0.256 0.256 0.256 0.256 0.2685 0.2685 0.2685 0.2685 0.2685 0.266 0.266 0.2705 0.2705 0.2855 0.2855 0.2855 0.2735 0.2735 0.2735 0.2735 0.26
-1 -1 -1 -1 -1 -1 -1 -1 -1 -1 -1 -1 -1 -1 -1 -1 -1 -1 0.0907 0.0907 0.0907 0.288 0.288 0.2765 0.2765 0.274 0.274 0.274 0.282 0.282 0.264 0.264 0.264 0.264 0.264 0.273 0.273 0.272 0.272 0.2735 0.2735 0.2735 0.279 0.279 0.269 0.269 0.261 0.261 0.261 0.285 0.285 0.275 0.275 0.2675 0.2675 0.256 0.256 0.256 0.256 0.256 0.2685 0.2685 0.2685 0.2685 0.2685 0.266 0.266 0.2705 0.2705 0.2855 0.2855 0.2855 0.2735 0.2735 0.2735 0.2735 0.26
-1 -1 -1 -1 -1 -1 -1 -1 -1 -1 -1 -1 -1 -1 -1 -1 0.1332 0.1332 0.3455 0.3455 0.3455 0.3035 0.3035 0.2935 0.2935 0.257 0.257 0.257 0.2795 0.2795 0.2815 0.2815 0.2815 0.2815 0.2815 0.273 0.273 0.253 0.253 0.267 0.267 0.267 0.2785 0.2785 0.2575 0.2575 0.267 0.267 0.267 0.27 0.27 0.267 0.267 0.269 0.269 0.267 0.267 0.267 0.276 0.276 0.2595 0.2595 0.2595 0.2595 0.2595 0.2575 0.2575 0.258 0.258 0.269 0.269 0.269 0.2805 0.2805 0.2625 0.2625 0.277
-1 -1 -1 -1 -1 -1 -1 -1 -1 -1 -1 -1 -1 -1 -1 -1 0.1332 0.1332 0.3455 0.3455 0.3455 0.3035 0.3035 0.2935 0.2935 0.257 0.257 0.257 0.2795 0.2795 0.2815 0.2815 0.2815 0.2815 0.2815 0.273 0.273 0.253 0.253 0.267 0.267 0.267 0.2785 0.2785 0.2575 0.2575 0.267 0.267 0.267 0.27 0.27 0.267 0.267 0.269 0.269 0.267 0.267 0.267 0.276 0.276 0.2595 0.2595 0.2595 0.2595 0.2595 0.2575 0.2575 0.258 0.258 0.269 0.269 0.269 0.2805 0.2805 0.2625 0.2625 0.277
-1 -1 -1 -1 -1 -1 -1 -1 -1 -1 -1 -1 0.1267 0.1267 0.1605 0.1605 0.102 0.102 0.32 0.32 0.32 0.2935 0.2935 0.3035 0.3035 0.332 0.332 0.332 0.301 0.301 0.281 0.281 0.291 0.291 0.291 0.285 0.285 0.2785 0.2785 0.278 0.278 0.278 0.278 0.278 0.2625 0.2625 0.242 0.242 0.242 0.2565 0.2565 0.2555 0.2555 0.254 0.254 0.2625 0.2625 0.2625 0.2795 0.2795 0.268 0.268 0.268 0.268 0.268 0.2595 0.2595 0.2625 0.2625 0.2795 0.2795 0.2795 0.275 0.275 0.275 0.275 0.2725
-1 -1 -1 -1 -1 -1 -1 -1 -1 -1 -1 -1 0.1267 0.1267 0.1605 0.1605 0.102 0.102 0.32 0.32 0.32 0.2935 0.2935 0.3035 0.3035 0.332 0.332 0.332 0.301 0.301 0.281 0.281 0.291 0.291 0.291 0.285 0.285 0.2785 0.2785 0.278 0.278 0.278 0.278 0.278 0.2625 0.2625 0.242 0.242 0.242 0.2565 0.2565 0.2555 0.2555 0.254 0.254 0.2625 0.2625 0.2625 0.2795 0.2795 0.268 0.268 0.268 0.268 0.268 0.2595 0.2595 0.2625 0.2625 0.2795 0.2795 0.2795 0.275 0.275 0.275 0.275 0.2725
-1 -1 -1 -1 -1 -1 -1 -1 -1 0.109 0.109 0.109 0.104 0.104 0.1442 0.1442 0.1251 0.1251 0.062 0.062 0.062 0.3115 0.3115 0.3025 0.3025 0.321 0.321 0.321 0.301 0.301 0.293 0.293 0.279 0.279 0.279 0.277 0.277 0.2675 0.2675 0.288 0.288 0.288 0.285 0.285 0.2645 0.2645 0.254 0.254 0.254 0.259 0.259 0.249 0.249 0.2495 0.2495 0.241 0.241 0.241 0.2555 0.2555 0.255 0.255 0.255 0.255 0.255 0.263 0.263 0.2665 0.2665 0.2755 0.2755 0.2755 0.2795 0.2795 0.2755 0.2755 0.27
-1 -1 -1 -1 -1 -1 -1 -1 -1 0.109 0.109 0.109 0.104 0.104 0.1442 0.1442 0.1251 0.1251 0.062 0.062 0.062 0.3115 0.3115 0.3025 0.3025 0.321 0.321 0.321 0.301 0.301 0.293 0.293 0.279 0.279 0.279 0.277 0.277 0.2675 0.2675 0.288 0.288 0.288 0.285 0.285 0.2645 0.2645 0.254 0.254 0.254 0.259 0.259 0.249 0.249 0.2495 0.2495 0.241 0.241 0.241 0.2555 0.2555 0.255 0.255 0.255 0.255 0.255 0.263 0.263 0.2665 0.2665 0.2755 0.2755 0.2755 0.2795 0.2795 0.2755 0.2755 0.27
-1 -1 -1 -1 -1 -1 -1 -1 -1 0.109 0.109 0.109 0.104 0.104 0.1442 0.1442 0.1251 0.1251 0.062 0.062 0.062 0.3115 0.3115 0.3025 0.3025 0.321 0.321 0.321 0.301 0.301 0.293 0.293 0.279 0.279 0.279 0.277 0.277 0.2675 0.2675 0.288 0.288 0.288 0.285 0.285 0.2645 0.2645 0.254 0.254 0.254 0.259 0.259 0.249 0.249 0.2495 0.2495 0.241 0.241 0.241 0.2555 0.2555 0.255 0.255 0.255 0.255 0.255 0.263 0.263 0.2665 0.2665 0.2755 0.2755 0.2755 0.2795 0.2795 0.2755 0.2755 0.27
-1 -1 -1 -1 -1 -1 -1 -1 -1 -1 -1 -1 0.0967 0.0967 0.1142 0.1142 0.1772 0.1772 0.1261 0.1261 0.1261 0.1905 0.1905 0.311 0.311 0.303 0.303 0.303 0.2975 0.2975 0.29 0.29 0.275 0.275 0.275 0.27 0.27 0.2695 0.2695 0.272 0.272 0.272 0.277 0.277 0.2695 0.2695 0.275 0.275 0.275 0.2755 0.2755 0.264 0.264 0.2515 0.2515 0.2535 0.2535 0.2535 0.2585 0.2585 0.249 0.249 0.249 0.249 0.249 0.251 0.251 0.268 0.268 0.2815 0.2815 0.2815 0.257 0.257 0.2765 0.2765 0.264
-1 -1 -1 -1 -1 -1 -1 -1 -1 -1 -1 -1 0.0967 0.0967 0.1142 0.1142 0.1772 0.1772 0.1261 0.1261 0.1261 0.1905 0.1905 0.311 0.311 0.303 0.303 0.303 0.2975 0.2975 0.29 0.29 0.275 0.275 0.275 0.27 0.27 0.2695 0.2695 0.272 0.272 0.272 0.277 0.277 0.2695 0.2695 0.275 0.275 0.275 0.2755 0.2755 0.264 0.264 0.2515 0.2515 0.2535 0.2535 0.2535 0.2585 0.2585 0.249 0.249 0.249 0.249 0.249 0.251 0.251 0.268 0.268 0.2815 0.2815 0.2815 0.257 0.257 0.2765 0.2765 0.264
-1 -1 -1 -1 -1 -1 -1 -1 -1 -1 -1 -1 -1 -1 -1 -1 -1 -1 0.09119999 0.09119999 0.09119999 0.132 0.132 0.285 0.285 0.2805 0.2805 0.2805 0.2945 0.2945 0.27 0.27 0.272 0.272 0.272 0.27 0.27 0.2715 0.2715 0.271 0.271 0.271 0.2765 0.2765 0.2805 0.2805 0.279 0.279 0.279 0.2735 0.2735 0.279 0.279 0.2755 0.2755 0.282 0.282 0.282 0.2725 0.2725 0.251 0.251 0.251 0.251 0.251 0.2525 0.2525 0.255 0.255 0.261 0.261 0.261 0.2585 0.2585 0.273 0.273 0.2425
-1 -1 -1 -1 -1 -1 -1 -1 -1 -1 -1 -1 -1 -1 -1 -1 -1 -1 0.09119999 0.09119999 0.09119999 0.132 0.132 0.285 0.285 0.2805 0.2805 0.2805 0.2945 0.2945 0.27 0.27 0.272 0.272 0.272 0.27 0.27 0.2715 0.2715 0.271 0.271 0.271 0.2765 0.2765 0.2805 0.2805 0.279 0.279 0.279 0.2735 0.2735 0.279 0.279 0.2755 0.2755 0.282 0.282 0.282 0.2725 0.2725 0.251 0.251 0.251 0.251 0.251 0.2525 0.2525 0.255 0.255 0.261 0.261 0.261 0.2585 0.2585 0.273 0.273 0.2425
-1 -1 -1 -1 -1 -1 -1 -1 -1 -1 -1 -1 -1 -1 -1 -1 -1 -1 -1 -1 -1 0.1487 0.1487 0.156 0.156 0.274 0.274 0.274 0.3 0.3 0.314 0.314 0.2845 0.2845 0.2845 0.2765 0.2765 0.2715 0.2715 0.2615 0.2615 0.2615 0.2775 0.2775 0.272 0.272 0.2815 0.2815 0.2815 0.2775 0.2775 0.262 0.262 0.298 0.298 0.286 0.286 0.286 0.274 0.274 0.281 0.281 0.281 0.281 0.281 0.2545 0.2545 0.274 0.274 0.2675 0.2675 0.2675 0.32 0.32 0.303 0.303 0.2695
-1 -1 -1 -1 -1 -1 -1 -1 -1 -1 -1 -1 -1 -1 -1 -1 -1 -1 -1 -1 -1 0.1487 0.1487 0.156 0.156 0.274 0.274 0.274 0.3 0.3 0.314 0.314 0.2845 0.2845 0.2845 0.2765 0.2765 0.2715 0.2715 0.2615 0.2615 0.2615 0.2775 0.2775 0.272 0.272 0.2815 0.2815 0.2815 0.2775 0.2775 0.262 0.262 0.298 0.298 0.286 0.286 0.286 0.274 0.274 0.281 0.281 0.281 0.281 0.281 0.2545 0.2545 0.274 0.274 0.2675 0.2675 0.2675 0.32 0.32 0.303 0.303 0.2695
-1 -1 -1 -1 -1 -1 -1 -1 -1 -1 -1 -1 -1 -1 -1 -1 -1 -1 -1 -1 -1 0.1627 0.1627 0.0676 0.0676 0.189 0.189 0.189 0.3195 0.3195 0.354 0.354 0.34 0.34 0.34 0.311 0.311 0.267 0.267 0.221 0.221 0.221 0.264 0.264 0.2545 0.2545 0.278 0.278 0.278 0.274 0.274 0.2855 0.2855 0.3045 0.3045 0.3 0.3 0.3 0.286 0.286 0.2885 0.2885 0.2885 0.2885 0.2885 0.272 0.272 0.299 0.299 0.2975 0.2975 0.2975 0.2825 0.2825 0.303 0.303 0.2755
-1 -1 -1 -1 -1 -1 -1 -1 -1 -1 -1 -1 -1 -1 -1 -1 -1 -1 -1 -1 -1 0.1627 0.1627 0.0676 0.0676 0.189 0.189 0.189 0.3195 0.3195 0.354 0.354 0.34 0.34 0.34 0.311 0.311 0.267 0.267 0.221 0.221 0.221 0.264 0.264 0.2545 0.2545 0.278 0.278 0.278 0.274 0.274 0.2855 0.2855 0.3045 0.3045 0.3 0.3 0.3 0.286 0.286 0.2885 0.2885 0.2885 0.2885 0.2885 0.272 0.272 0.299 0.299 0.2975 0.2975 0.2975 0.2825 0.2825 0.303 0.303 0.2755
-1 -1 -1 -1 -1 -1 -1 -1 -1 -1 -1 -1 -1 -1 -1 -1 -1 -1 -1 -1 -1 0.1627 0.1627 0.0676 0.0676 0.189 0.189 0.189 0.3195 0.3195 0.354 0.354 0.34 0.34 0.34 0.311 0.311 0.267 0.267 0.221 0.221 0.221 0.264 0.264 0.2545 0.2545 0.278 0.278 0.278 0.274 0.274 0.2855 0.2855 0.3045 0.3045 0.3 0.3 0.3 0.286 0.286 0.2885 0.2885 0.2885 0.2885 0.2885 0.272 0.272 0.299 0.299 0.2975 0.2975 0.2975 0.2825 0.2825 0.303 0.303 0.2755
-1 -1 -1 -1 -1 -1 -1 -1 -1 -1 -1 -1 -1 -1 -1 -1 -1 -1 -1 -1 -1 -1 -1 0.1452 0.1452 0.073 0.073 0.073 0.235 0.235 0.341 0.341 0.3195 0.3195 0.3195 0.261 0.261 0.1755 0.1755 0.1555 0.1555 0.1555 0.2475 0.2475 0.2725 0.2725 0.2555 0.2555 0.2555 0.267 0.267 0.2925 0.2925 0.3045 0.3045 0.3 0.3 0.3 0.291 0.291 0.291 0.291 0.291 0.291 0.291 0.2585 0.2585 0.2735 0.2735 0.286 0.286 0.286 0.2995 0.2995 0.2885 0.2885 0.288
-1 -1 -1 -1 -1 -1 -1 -1 -1 -1 -1 -1 -1 -1 -1 -1 -1 -1 -1 -1 -1 -1 -1 0.1452 0.1452 0.073 0.073 0.073 0.235 0.235 0.341 0.341 0.3195 0.3195 0.3195 0.261 0.261 0.1755 0.1755 0.1555 0.1555 0.1555 0.2475 0.2475 0.2725 0.2725 0.2555 0.2555 0.2555 0.267 0.267 0.2925 0.2925 0.3045 0.3045 0.3 0.3 0.3 0.291 0.291 0.291 0.291 0.291 0.291 0.291 0.2585 0.2585 0.2735 0.2735 0.286 0.286 0.286 0.2995 0.2995 0.2885 0.2885 0.288
-1 -1 -1 -1 -1 -1 -1 -1 -1 -1 -1 -1 -1 -1 -1 -1 -1 -1 -1 -1 -1 -1 -1 -1 -1 0.065 0.065 0.065 0.1305 0.1305 0.224 0.224 0.232 0.232 0.232 0.185 0.185 0.166 0.166 0.1645 0.1645 0.1645 0.2805 0.2805 0.25 0.25 0.315 0.315 0.315 0.252 0.252 0.302 0.302 0.3045 0.3045 0.2875 0.2875 0.2875 0.3055 0.3055 0.293 0.293 0.293 0.293 0.293 0.2825 0.2825 0.288 0.288 0.2995 0.2995 0.2995 0.302 0.302 0.2945 0.2945 0.274
-1 -1 -1 -1 -1 -1 -1 -1 -1 -1 -1 -1 -1 -1 -1 -1 -1 -1 -1 -1 -1 -1 -1 -1 -1 0.065 0.065 0.065 0.1305 0.1305 0.224 0.224 0.232 0.232 0.232 0.185 0.185 0.166 0.166 0.1645 0.1645 0.1645 0.2805 0.2805 0.25 0.25 0.315 0.315 0.315 0.252 0.252 0.302 0.302 0.3045 0.3045 0.2875 0.2875 0.2875 0.3055 0.3055 0.293 0.293 0.293 0.293 0.293 0.2825 0.2825 0.288 0.288 0.2995 0.2995 0.2995 0.302 0.302 0.2945 0.2945 0.274
-1 -1 -1 -1 -1 -1 -1 -1 -1 -1 -1 -1 -1 -1 -1 -1 -1 -1 -1 -1 -1 -1 -1 -1 -1 0.0937 0.0937 0.0937 0.04 0.04 0.2035 0.2035 0.2065 0.2065 0.2065 0.2495 0.2495 0.1725 0.1725 0.2795 0.2795 0.2795 0.2965 0.2965 0.3195 0.3195 0.311 0.311 0.311 0.2655 0.2655 0.2615 0.2615 0.2855 0.2855 0.2805 0.2805 0.2805 0.283 0.283 0.2895 0.2895 0.2895 0.2895 0.2895 0.2755 0.2755 0.26 0.26 0.281 0.281 0.281 0.285 0.285 0.296 0.296 0.306
-1 -1 -1 -1 -1 -1 -1 -1 -1 -1 -1 -1 -1 -1 -1 -1 -1 -1 -1 -1 -1 -1 -1 -1 -1 0.0937 0.0937 0.0937 0.04 0.04 0.2035 0.2035 0.2065 0.2065 0.2065 0.2495 0.2495 0.1725 0.1725 0.2795 0.2795 0.2795 0.2965 0.2965 0.3195 0.3195 0.311 0.311 0.311 0.2655 0.2655 0.2615 0.2615 0.2855 0.2855 0.2805 0.2805 0.2805 0.283 0.283 0.2895 0.2895 0.2895 0.2895 0.2895 0.2755 0.2755 0.26 0.26 0.281 0.281 0.281 0.285 0.285 0.296 0.296 0.306
-1 -1 -1 -1 -1 -1 -1 -1 -1 -1 -1 -1 -1 -1 -1 -1 -1 -1 -1 -1 -1 -1 -1 -1 -1 0.0937 0.0937 0.0937 0.04 0.04 0.2035 0.2035 0.2065 0.2065 0.2065 0.2495 0.2495 0.1725 0.1725 0.2795 0.2795 0.2795 0.2965 0.2965 0.3195 0.3195 0.311 0.311 0.311 0.2655 0.2655 0.2615 0.2615 0.2855 0.2855 0.2805 0.2805 0.2805 0.283 0.283 0.2895 0.2895 0.2895 0.2895 0.2895 0.2755 0.2755 0.26 0.26 0.281 0.281 0.281 0.285 0.285 0.296 0.296 0.306
