ndvi/NOAA-92.asc
ncols         252
nrows         154
xllcorner     -18.017974
yllcorner     13.481982
cellsize      0.035948
NODATA_value  -9999
[rows 35 to 69 of 154, columns 77 to 153 of 252]
0.163 0.163 0.1515 0.1515 0.146 0.146 0.1355 0.1355 0.1355 0.14 0.14 0.1415 0.1415 0.139 0.139 0.142 0.142 0.142 0.1955 0.1955 0.1765 0.1765 0.1825 0.1825 0.1825 0.191 0.191 0.187 0.187 0.1615 0.1615 0.1615 0.1765 0.1765 0.17 0.17 0.163 0.163 0.163 0.167 0.167 0.178 0.178 0.1785 0.1785 0.1785 0.168 0.168 0.16 0.16 0.1635 0.1635 0.1615 0.1615 0.1615 0.1445 0.1445 0.1445 0.1445 0.1305 0.1305 0.1305 0.1355 0.1355 0.1575 0.1575 0.1725 0.1725 0.1725 0.169 0.169 0.178 0.178 0.201 0.201 0.201 0.136
0.163 0.163 0.1515 0.1515 0.146 0.146 0.1355 0.1355 0.1355 0.14 0.14 0.1415 0.1415 0.139 0.139 0.142 0.142 0.142 0.1955 0.1955 0.1765 0.1765 0.1825 0.1825 0.1825 0.191 0.191 0.187 0.187 0.1615 0.1615 0.1615 0.1765 0.1765 0.17 0.17 0.163 0.163 0.163 0.167 0.167 0.178 0.178 0.1785 0.1785 0.1785 0.168 0.168 0.16 0.16 0.1635 0.1635 0.1615 0.1615 0.1615 0.1445 0.1445 0.1445 0.1445 0.1305 0.1305 0.1305 0.1355 0.1355 0.1575 0.1575 0.1725 0.1725 0.1725 0.169 0.169 0.178 0.178 0.201 0.201 0.201 0.136
0.1795 0.1795 0.179 0.179 0.17 0.17 0.169 0.169 0.169 0.1975 0.1975 0.1845 0.1845 0.1695 0.1695 0.151 0.151 0.151 0.2075 0.2075 0.212 0.212 0.2245 0.2245 0.2245 0.236 0.236 0.227 0.227 0.1925 0.1925 0.1925 0.196 0.196 0.185 0.185 0.178 0.178 0.178 0.1755 0.1755 0.183 0.183 0.205 0.205 0.205 0.188 0.188 0.189 0.189 0.1885 0.1885 0.1785 0.1785 0.1785 0.1655 0.1655 0.1605 0.1605 0.165 0.165 0.165 0.165 0.165 0.156 0.156 0.1655 0.1655 0.1655 0.169 0.169 0.2725 0.2725 0.2405 0.2405 0.2405 0.156
0.1795 0.1795 0.179 0.179 0.17 0.17 0.169 0.169 0.169 0.1975 0.1975 0.1845 0.1845 0.1695 0.1695 0.151 0.151 0.151 0.2075 0.2075 0.212 0.212 0.2245 0.2245 0.2245 0.236 0.236 0.227 0.227 0.1925 0.1925 0.1925 0.196 0.196 0.185 0.185 0.178 0.178 0.178 0.1755 0.1755 0.183 0.183 0.205 0.205 0.205 0.188 0.188 0.189 0.189 0.1885 0.1885 0.1785 0.1785 0.1785 0.1655 0.1655 0.1605 0.1605 0.165 0.165 0.165 0.165 0.165 0.156 0.156 0.1655 0.1655 0.1655 0.169 0.169 0.2725 0.2725 0.2405 0.2405 0.2405 0.156
0.2025 0.2025 0.2125 0.2125 0.203 0.203 0.1975 0.1975 0.1975 0.2075 0.2075 0.2115 0.2115 0.2025 0.2025 0.1945 0.1945 0.1945 0.214 0.214 0.234 0.234 0.231 0.231 0.231 0.248 0.248 0.199 0.199 0.1925 0.1925 0.1925 0.208 0.208 0.203 0.203 0.1885 0.1885 0.1885 0.1875 0.1875 0.1975 0.1975 0.213 0.213 0.213 0.1995 0.1995 0.185 0.185 0.185 0.185 0.2845 0.2845 0.2845 0.3155 0.3155 0.2645 0.2645 0.278 0.278 0.278 0.181 0.181 0.169 0.169 0.177 0.177 0.177 0.156 0.156 0.259 0.259 0.204 0.204 0.204 0.166
0.2025 0.2025 0.2125 0.2125 0.203 0.203 0.1975 0.1975 0.1975 0.2075 0.2075 0.2115 0.2115 0.2025 0.2025 0.1945 0.1945 0.1945 0.214 0.214 0.234 0.234 0.231 0.231 0.231 0.248 0.248 0.199 0.199 0.1925 0.1925 0.1925 0.208 0.208 0.203 0.203 0.1885 0.1885 0.1885 0.1875 0.1875 0.1975 0.1975 0.213 0.213 0.213 0.1995 0.1995 0.185 0.185 0.185 0.185 0.2845 0.2845 0.2845 0.3155 0.3155 0.2645 0.2645 0.278 0.278 0.278 0.181 0.181 0.169 0.169 0.177 0.177 0.177 0.156 0.156 0.259 0.259 0.204 0.204 0.204 0.166
0.211 0.211 0.211 0.211 0.2225 0.2225 0.2265 0.2265 0.2265 0.2355 0.2355 0.213 0.213 0.223 0.223 0.243 0.243 0.243 0.2425 0.2425 0.2515 0.2515 0.2325 0.2325 0.2325 0.24 0.24 0.216 0.216 0.2295 0.2295 0.2295 0.2375 0.2375 0.2055 0.2055 0.205 0.205 0.205 0.2025 0.2025 0.2115 0.2115 0.212 0.212 0.212 0.1875 0.1875 0.196 0.196 0.208 0.208 0.327 0.327 0.327 0.3465 0.3465 0.267 0.267 0.278 0.278 0.278 0.2255 0.2255 0.1855 0.1855 0.133 0.133 0.133 0.1515 0.1515 0.227 0.227 0.1765 0.1765 0.1765 0.1675
0.211 0.211 0.211 0.211 0.2225 0.2225 0.2265 0.2265 0.2265 0.2355 0.2355 0.213 0.213 0.223 0.223 0.243 0.243 0.243 0.2425 0.2425 0.2515 0.2515 0.2325 0.2325 0.2325 0.24 0.24 0.216 0.216 0.2295 0.2295 0.2295 0.2375 0.2375 0.2055 0.2055 0.205 0.205 0.205 0.2025 0.2025 0.2115 0.2115 0.212 0.212 0.212 0.1875 0.1875 0.196 0.196 0.208 0.208 0.327 0.327 0.327 0.3465 0.3465 0.267 0.267 0.278 0.278 0.278 0.2255 0.2255 0.1855 0.1855 0.133 0.133 0.133 0.1515 0.1515 0.227 0.227 0.1765 0.1765 0.1765 0.1675
0.211 0.211 0.211 0.211 0.2225 0.2225 0.2265 0.2265 0.2265 0.2355 0.2355 0.213 0.213 0.223 0.223 0.243 0.243 0.243 0.2425 0.2425 0.2515 0.2515 0.2325 0.2325 0.2325 0.24 0.24 0.216 0.216 0.2295 0.2295 0.2295 0.2375 0.2375 0.2055 0.2055 0.205 0.205 0.205 0.2025 0.2025 0.2115 0.2115 0.212 0.212 0.212 0.1875 0.1875 0.196 0.196 0.208 0.208 0.327 0.327 0.327 0.3465 0.3465 0.267 0.267 0.278 0.278 0.278 0.2255 0.2255 0.1855 0.1855 0.133 0.133 0.133 0.1515 0.1515 0.227 0.227 0.1765 0.1765 0.1765 0.1675
0.1985 0.1985 0.197 0.197 0.218 0.218 0.2335 0.2335 0.2335 0.22 0.22 0.193 0.193 0.2215 0.2215 0.2375 0.2375 0.2375 0.223 0.223 0.218 0.218 0.1905 0.1905 0.1905 0.201 0.201 0.224 0.224 0.245 0.245 0.245 0.2605 0.2605 0.2355 0.2355 0.232 0.232 0.232 0.2165 0.2165 0.205 0.205 0.2265 0.2265 0.2265 0.1895 0.1895 0.1925 0.1925 0.18 0.18 0.2045 0.2045 0.2045 0.205 0.205 0.202 0.202 0.166 0.166 0.166 0.1725 0.1725 0.1475 0.1475 0.1585 0.1585 0.1585 0.1365 0.1365 0.131 0.131 0.1685 0.1685 0.1685 0.1745
0.1985 0.1985 0.197 0.197 0.218 0.218 0.2335 0.2335 0.2335 0.22 0.22 0.193 0.193 0.2215 0.2215 0.2375 0.2375 0.2375 0.223 0.223 0.218 0.218 0.1905 0.1905 0.1905 0.201 0.201 0.224 0.224 0.245 0.245 0.245 0.2605 0.2605 0.2355 0.2355 0.232 0.232 0.232 0.2165 0.2165 0.205 0.205 0.2265 0.2265 0.2265 0.1895 0.1895 0.1925 0.1925 0.18 0.18 0.2045 0.2045 0.2045 0.205 0.205 0.202 0.202 0.166 0.166 0.166 0.1725 0.1725 0.1475 0.1475 0.1585 0.1585 0.1585 0.1365 0.1365 0.131 0.131 0.1685 0.1685 0.1685 0.1745
0.233 0.233 0.2325 0.2325 0.2245 0.2245 0.244 0.244 0.244 0.241 0.241 0.1975 0.1975 0.2165 0.2165 0.209 0.209 0.209 0.215 0.215 0.224 0.224 0.203 0.203 0.203 0.205 0.205 0.239 0.239 0.2575 0.2575 0.2575 0.2595 0.2595 0.265 0.265 0.247 0.247 0.247 0.206 0.206 0.23 0.23 0.189 0.189 0.189 0.2065 0.2065 0.2895 0.2895 0.286 0.286 0.2455 0.2455 0.2455 0.202 0.202 0.206 0.206 0.184 0.184 0.184 0.171 0.171 0.1845 0.1845 0.178 0.178 0.178 0.1585 0.1585 0.1635 0.1635 0.118 0.118 0.118 0.195
0.233 0.233 0.2325 0.2325 0.2245 0.2245 0.244 0.244 0.244 0.241 0.241 0.1975 0.1975 0.2165 0.2165 0.209 0.209 0.209 0.215 0.215 0.224 0.224 0.203 0.203 0.203 0.205 0.205 0.239 0.239 0.2575 0.2575 0.2575 0.2595 0.2595 0.265 0.265 0.247 0.247 0.247 0.206 0.206 0.23 0.23 0.189 0.189 0.189 0.2065 0.2065 0.2895 0.2895 0.286 0.286 0.2455 0.2455 0.2455 0.202 0.202 0.206 0.206 0.184 0.184 0.184 0.171 0.171 0.1845 0.1845 0.178 0.178 0.178 0.1585 0.1585 0.1635 0.1635 0.118 0.118 0.118 0.195
0.245 0.245 0.245 0.245 0.265 0.265 0.252 0.252 0.252 0.2655 0.2655 0.2195 0.2195 0.2585 0.2585 0.277 0.277 0.277 0.283 0.283 0.276 0.276 0.247 0.247 0.247 0.2615 0.2615 0.279 0.279 0.308 0.308 0.308 0.3385 0.3385 0.3335 0.3335 0.246 0.246 0.246 0.2015 0.2015 0.2265 0.2265 0.2845 0.2845 0.2845 0.347 0.347 0.288 0.288 0.25 0.25 0.215 0.215 0.215 0.224 0.224 0.2035 0.2035 0.1725 0.1725 0.1725 0.186 0.186 0.249 0.249 0.234 0.234 0.234 0.191 0.191 0.2155 0.2155 0.208 0.208 0.208 0.1915
0.245 0.245 0.245 0.245 0.265 0.265 0.252 0.252 0.252 0.2655 0.2655 0.2195 0.2195 0.2585 0.2585 0.277 0.277 0.277 0.283 0.283 0.276 0.276 0.247 0.247 0.247 0.2615 0.2615 0.279 0.279 0.308 0.308 0.308 0.3385 0.3385 0.3335 0.3335 0.246 0.246 0.246 0.2015 0.2015 0.2265 0.2265 0.2845 0.2845 0.2845 0.347 0.347 0.288 0.288 0.25 0.25 0.215 0.215 0.215 0.224 0.224 0.2035 0.2035 0.1725 0.1725 0.1725 0.186 0.186 0.249 0.249 0.234 0.234 0.234 0.191 0.191 0.2155 0.2155 0.208 0.208 0.208 0.1915
0.245 0.245 0.245 0.245 0.265 0.265 0.252 0.252 0.252 0.2655 0.2655 0.2195 0.2195 0.2585 0.2585 0.277 0.277 0.277 0.283 0.283 0.276 0.276 0.247 0.247 0.247 0.2615 0.2615 0.279 0.279 0.308 0.308 0.308 0.3385 0.3385 0.3335 0.3335 0.246 0.246 0.246 0.2015 0.2015 0.2265 0.2265 0.2845 0.2845 0.2845 0.347 0.347 0.288 0.288 0.25 0.25 0.215 0.215 0.215 0.224 0.224 0.2035 0.2035 0.1725 0.1725 0.1725 0.186 0.186 0.249 0.249 0.234 0.234 0.234 0.191 0.191 0.2155 0.2155 0.208 0.208 0.208 0.1915
0.2855 0.2855 0.247 0.247 0.252 0.252 0.276 0.276 0.276 0.2575 0.2575 0.2695 0.2695 0.2925 0.2925 0.33 0.33 0.33 0.2945 0.2945 0.303 0.303 0.284 0.284 0.284 0.301 0.301 0.2715 0.2715 0.2715 0.2715 0.2715 0.2885 0.2885 0.4935 0.4935 0.3495 0.3495 0.3495 0.286 0.286 0.2255 0.2255 0.278 0.278 0.278 0.247 0.247 0.2015 0.2015 0.207 0.207 0.2005 0.2005 0.2005 0.211 0.211 0.1905 0.1905 0.184 0.184 0.184 0.253 0.253 0.2805 0.2805 0.2585 0.2585 0.2585 0.2695 0.2695 0.252 0.252 0.208 0.208 0.208 0.179
0.2855 0.2855 0.247 0.247 0.252 0.252 0.276 0.276 0.276 0.2575 0.2575 0.2695 0.2695 0.2925 0.2925 0.33 0.33 0.33 0.2945 0.2945 0.303 0.303 0.284 0.284 0.284 0.301 0.301 0.2715 0.2715 0.2715 0.2715 0.2715 0.2885 0.2885 0.4935 0.4935 0.3495 0.3495 0.3495 0.286 0.286 0.2255 0.2255 0.278 0.278 0.278 0.247 0.247 0.2015 0.2015 0.207 0.207 0.2005 0.2005 0.2005 0.211 0.211 0.1905 0.1905 0.184 0.184 0.184 0.253 0.253 0.2805 0.2805 0.2585 0.2585 0.2585 0.2695 0.2695 0.252 0.252 0.208 0.208 0.208 0.179
0.285 0.285 0.246 0.246 0.2625 0.2625 0.262 0.262 0.262 0.274 0.274 0.2835 0.2835 0.326 0.326 0.3525 0.3525 0.3525 0.3835 0.3835 0.3185 0.3185 0.334 0.334 0.334 0.3285 0.3285 0.276 0.276 0.2325 0.2325 0.2325 0.2335 0.2335 0.279 0.279 0.307 0.307 0.307 0.2475 0.2475 0.211 0.211 0.2555 0.2555 0.2555 0.2205 0.2205 0.164 0.164 0.2465 0.2465 0.2555 0.2555 0.2555 0.2255 0.2255 0.2265 0.2265 0.277 0.277 0.277 0.2765 0.2765 0.2955 0.2955 0.2545 0.2545 0.2545 0.261 0.261 0.2445 0.2445 0.254 0.254 0.254 0.156
0.285 0.285 0.246 0.246 0.2625 0.2625 0.262 0.262 0.262 0.274 0.274 0.2835 0.2835 0.326 0.326 0.3525 0.3525 0.3525 0.3835 0.3835 0.3185 0.3185 0.334 0.334 0.334 0.3285 0.3285 0.276 0.276 0.2325 0.2325 0.2325 0.2335 0.2335 0.279 0.279 0.307 0.307 0.307 0.2475 0.2475 0.211 0.211 0.2555 0.2555 0.2555 0.2205 0.2205 0.164 0.164 0.2465 0.2465 0.2555 0.2555 0.2555 0.2255 0.2255 0.2265 0.2265 0.277 0.277 0.277 0.2765 0.2765 0.2955 0.2955 0.2545 0.2545 0.2545 0.261 0.261 0.2445 0.2445 0.254 0.254 0.254 0.156
0.3325 0.3325 0.2685 0.2685 0.295 0.295 0.271 0.271 0.271 0.3145 0.3145 0.336 0.336 0.405 0.405 0.3695 0.3695 0.3695 0.3575 0.3575 0.3355 0.3355 0.337 0.337 0.337 0.355 0.355 0.289 0.289 0.274 0.274 0.274 0.2395 0.2395 0.2335 0.2335 0.3415 0.3415 0.3415 0.275 0.275 0.242 0.242 0.25 0.25 0.25 0.188 0.188 0.299 0.299 0.268 0.268 0.235 0.235 0.235 0.28 0.28 0.2785 0.2785 0.2875 0.2875 0.2875 0.2795 0.2795 0.271 0.271 0.2325 0.2325 0.2325 0.201 0.201 0.2205 0.2205 0.1805 0.1805 0.1805 0.1555
0.3325 0.3325 0.2685 0.2685 0.295 0.295 0.271 0.271 0.271 0.3145 0.3145 0.336 0.336 0.405 0.405 0.3695 0.3695 0.3695 0.3575 0.3575 0.3355 0.3355 0.337 0.337 0.337 0.355 0.355 0.289 0.289 0.274 0.274 0.274 0.2395 0.2395 0.2335 0.2335 0.3415 0.3415 0.3415 0.275 0.275 0.242 0.242 0.25 0.25 0.25 0.188 0.188 0.299 0.299 0.268 0.268 0.235 0.235 0.235 0.28 0.28 0.2785 0.2785 0.2875 0.2875 0.2875 0.2795 0.2795 0.271 0.271 0.2325 0.2325 0.2325 0.201 0.201 0.2205 0.2205 0.1805 0.1805 0.1805 0.1555
0.2925 0.2925 0.2715 0.2715 0.298 0.298 0.2945 0.2945 0.2945 0.3145 0.3145 0.312 0.312 0.342 0.342 0.3405 0.3405 0.3405 0.406 0.406 0.3355 0.3355 0.37 0.37 0.37 0.403 0.403 0.3135 0.3135 0.2805 0.2805 0.2805 0.2745 0.2745 0.2325 0.2325 0.271 0.271 0.271 0.2565 0.2565 0.2415 0.2415 0.2115 0.2115 0.2115 0.224 0.224 0.1905 0.1905 0.202 0.202 0.244 0.244 0.244 0.249 0.249 0.277 0.277 0.32 0.32 0.32 0.3045 0.3045 0.2995 0.2995 0.2995 0.2995 0.2995 0.197 0.197 0.2135 0.2135 0.191 0.191 0.191 0.1245
0.2925 0.2925 0.2715 0.2715 0.298 0.298 0.2945 0.2945 0.2945 0.3145 0.3145 0.312 0.312 0.342 0.342 0.3405 0.3405 0.3405 0.406 0.406 0.3355 0.3355 0.37 0.37 0.37 0.403 0.403 0.3135 0.3135 0.2805 0.2805 0.2805 0.2745 0.2745 0.2325 0.2325 0.271 0.271 0.271 0.2565 0.2565 0.2415 0.2415 0.2115 0.2115 0.2115 0.224 0.224 0.1905 0.1905 0.202 0.202 0.244 0.244 0.244 0.249 0.249 0.277 0.277 0.32 0.32 0.32 0.3045 0.3045 0.2995 0.2995 0.2995 0.2995 0.2995 0.197 0.197 0.2135 0.2135 0.191 0.191 0.191 0.1245
0.2925 0.2925 0.2715 0.2715 0.298 0.298 0.2945 0.2945 0.2945 0.3145 0.3145 0.312 0.312 0.342 0.342 0.3405 0.3405 0.3405 0.406 0.406 0.3355 0.3355 0.37 0.37 0.37 0.403 0.403 0.3135 0.3135 0.2805 0.2805 0.2805 0.2745 0.2745 0.2325 0.2325 0.271 0.271 0.271 0.2565 0.2565 0.2415 0.2415 0.2115 0.2115 0.2115 0.224 0.224 0.1905 0.1905 0.202 0.202 0.244 0.244 0.244 0.249 0.249 0.277 0.277 0.32 0.32 0.32 0.3045 0.3045 0.2995 0.2995 0.2995 0.2995 0.2995 0.197 0.197 0.2135 0.2135 0.191 0.191 0.191 0.1245
0.2785 0.2785 0.31 0.31 0.3045 0.3045 0.3105 0.3105 0.3105 0.2675 0.2675 0.2605 0.2605 0.2715 0.2715 0.2875 0.2875 0.2875 0.2295 0.2295 0.284 0.284 0.3345 0.3345 0.3345 0.3315 0.3315 0.317 0.317 0.2695 0.2695 0.2695 0.3195 0.3195 0.292 0.292 0.3195 0.3195 0.3195 0.25 0.25 0.2435 0.2435 0.228 0.228 0.228 0.221 0.221 0.15 0.15 0.1615 0.1615 0.131 0.131 0.131 0.1785 0.1785 0.2525 0.2525 0.299 0.299 0.299 0.3315 0.3315 0.3185 0.3185 0.315 0.315 0.315 0.2705 0.2705 0.2955 0.2955 0.201 0.201 0.201 0.1485
0.2785 0.2785 0.31 0.31 0.3045 0.3045 0.3105 0.3105 0.3105 0.2675 0.2675 0.2605 0.2605 0.2715 0.2715 0.2875 0.2875 0.2875 0.2295 0.2295 0.284 0.284 0.3345 0.3345 0.3345 0.3315 0.3315 0.317 0.317 0.2695 0.2695 0.2695 0.3195 0.3195 0.292 0.292 0.3195 0.3195 0.3195 0.25 0.25 0.2435 0.2435 0.228 0.228 0.228 0.221 0.221 0.15 0.15 0.1615 0.1615 0.131 0.131 0.131 0.1785 0.1785 0.2525 0.2525 0.299 0.299 0.299 0.3315 0.3315 0.3185 0.3185 0.315 0.315 0.315 0.2705 0.2705 0.2955 0.2955 0.201 0.201 0.201 0.1485
0.269 0.269 0.265 0.265 0.262 0.262 0.2815 0.2815 0.2815 0.3135 0.3135 0.265 0.265 0.277 0.277 0.2625 0.2625 0.2625 0.2045 0.2045 0.284 0.284 0.286 0.286 0.286 0.333 0.333 0.3145 0.3145 0.353 0.353 0.353 0.371 0.371 0.3385 0.3385 0.2825 0.2825 0.2825 0.3045 0.3045 0.2015 0.2015 0.245 0.245 0.245 0.2305 0.2305 0.152 0.152 0.2135 0.2135 0.201 0.201 0.201 0.1955 0.1955 0.2635 0.2635 0.292 0.292 0.292 0.3085 0.3085 0.2905 0.2905 0.332 0.332 0.332 0.376 0.376 0.3135 0.3135 0.2105 0.2105 0.2105 0.183
0.269 0.269 0.265 0.265 0.262 0.262 0.2815 0.2815 0.2815 0.3135 0.3135 0.265 0.265 0.277 0.277 0.2625 0.2625 0.2625 0.2045 0.2045 0.284 0.284 0.286 0.286 0.286 0.333 0.333 0.3145 0.3145 0.353 0.353 0.353 0.371 0.371 0.3385 0.3385 0.2825 0.2825 0.2825 0.3045 0.3045 0.2015 0.2015 0.245 0.245 0.245 0.2305 0.2305 0.152 0.152 0.2135 0.2135 0.201 0.201 0.201 0.1955 0.1955 0.2635 0.2635 0.292 0.292 0.292 0.3085 0.3085 0.2905 0.2905 0.332 0.332 0.332 0.376 0.376 0.3135 0.3135 0.2105 0.2105 0.2105 0.183
0.293 0.293 0.2865 0.2865 0.3185 0.3185 0.3085 0.3085 0.3085 0.3595 0.3595 0.3495 0.3495 0.3185 0.3185 0.358 0.358 0.358 0.279 0.279 0.2445 0.2445 0.2165 0.2165 0.2165 0.1895 0.1895 0.2995 0.2995 0.34 0.34 0.34 0.33 0.33 0.3235 0.3235 0.331 0.331 0.331 0.408 0.408 0.2905 0.2905 0.24 0.24 0.24 0.2755 0.2755 0.1725 0.1725 0.2185 0.2185 0.2225 0.2225 0.2225 0.2145 0.2145 0.2635 0.2635 0.279 0.279 0.279 0.2915 0.2915 0.2875 0.2875 0.2925 0.2925 0.2925 0.3305 0.3305 0.4195 0.4195 0.1885 0.1885 0.1885 0.2555
0.293 0.293 0.2865 0.2865 0.3185 0.3185 0.3085 0.3085 0.3085 0.3595 0.3595 0.3495 0.3495 0.3185 0.3185 0.358 0.358 0.358 0.279 0.279 0.2445 0.2445 0.2165 0.2165 0.2165 0.1895 0.1895 0.2995 0.2995 0.34 0.34 0.34 0.33 0.33 0.3235 0.3235 0.331 0.331 0.331 0.408 0.408 0.2905 0.2905 0.24 0.24 0.24 0.2755 0.2755 0.1725 0.1725 0.2185 0.2185 0.2225 0.2225 0.2225 0.2145 0.2145 0.2635 0.2635 0.279 0.279 0.279 0.2915 0.2915 0.2875 0.2875 0.2925 0.2925 0.2925 0.3305 0.3305 0.4195 0.4195 0.1885 0.1885 0.1885 0.2555
0.293 0.293 0.2865 0.2865 0.3185 0.3185 0.3085 0.3085 0.3085 0.3595 0.3595 0.3495 0.3495 0.3185 0.3185 0.358 0.358 0.358 0.279 0.279 0.2445 0.2445 0.2165 0.2165 0.2165 0.1895 0.1895 0.2995 0.2995 0.34 0.34 0.34 0.33 0.33 0.3235 0.3235 0.331 0.331 0.331 0.408 0.408 0.2905 0.2905 0.24 0.24 0.24 0.2755 0.2755 0.1725 0.1725 0.2185 0.2185 0.2225 0.2225 0.2225 0.2145 0.2145 0.2635 0.2635 0.279 0.279 0.279 0.2915 0.2915 0.2875 0.2875 0.2925 0.2925 0.2925 0.3305 0.3305 0.4195 0.4195 0.1885 0.1885 0.1885 0.2555
0.2875 0.2875 0.2585 0.2585 0.2545 0.2545 0.2905 0.2905 0.2905 0.3485 0.3485 0.3555 0.3555 0.364 0.364 0.3875 0.3875 0.3875 0.2945 0.2945 0.2935 0.2935 0.2365 0.2365 0.2365 0.235 0.235 0.2765 0.2765 0.3085 0.3085 0.3085 0.32 0.32 0.339 0.339 0.324 0.324 0.324 0.365 0.365 0.337 0.337 0.2575 0.2575 0.2575 0.176 0.176 0.2205 0.2205 0.234 0.234 0.2635 0.2635 0.2635 0.318 0.318 0.226 0.226 0.265 0.265 0.265 0.288 0.288 0.292 0.292 0.344 0.344 0.344 0.3795 0.3795 0.266 0.266 0.2525 0.2525 0.2525 0.1665
0.2875 0.2875 0.2585 0.2585 0.2545 0.2545 0.2905 0.2905 0.2905 0.3485 0.3485 0.3555 0.3555 0.364 0.364 0.3875 0.3875 0.3875 0.2945 0.2945 0.2935 0.2935 0.2365 0.2365 0.2365 0.235 0.235 0.2765 0.2765 0.3085 0.3085 0.3085 0.32 0.32 0.339 0.339 0.324 0.324 0.324 0.365 0.365 0.337 0.337 0.2575 0.2575 0.2575 0.176 0.176 0.2205 0.2205 0.234 0.234 0.2635 0.2635 0.2635 0.318 0.318 0.226 0.226 0.265 0.265 0.265 0.288 0.288 0.292 0.292 0.344 0.344 0.344 0.3795 0.3795 0.266 0.266 0.2525 0.2525 0.2525 0.1665
0.2905 0.2905 0.266 0.266 0.276 0.276 0.301 0.301 0.301 0.268 0.268 0.2975 0.2975 0.337 0.337 0.338 0.338 0.338 0.3155 0.3155 0.314 0.314 0.2945 0.2945 0.2945 0.2735 0.2735 0.2305 0.2305 0.2675 0.2675 0.2675 0.332 0.332 0.321 0.321 0.2895 0.2895 0.2895 0.282 0.282 0.318 0.318 0.3815 0.3815 0.3815 0.2885 0.2885 0.253 0.253 0.264 0.264 0.2305 0.2305 0.2305 0.3 0.3 0.2495 0.2495 0.27 0.27 0.27 0.2945 0.2945 0.31 0.31 0.3205 0.3205 0.3205 0.271 0.271 0.258 0.258 0.263 0.263 0.263 0.1985
