ndvi/NOAA-291.asc
ncols         252
nrows         154
xllcorner     -18.017974
yllcorner     13.481982
cellsize      0.035948
NODATA_value  -9999
[rows 102 to 135 of 154, columns 0 to 77 of 252]
-1 -1 -1 -1 -1 -1 -1 -1 -1 -1 -1 -1 -1 -1 -1 -1 -1 -1 -1 -1 -1 -1 -1 -1 -1 0.0507 0.0507 0.0507 0.169 0.169 0.2565 0.2565 0.2635 0.2635 0.2635 0.243 0.243 0.2345 0.2345 0.2435 0.2435 0.2435 0.243 0.243 0.257 0.257 0.25 0.25 0.25 0.2575 0.2575 0.253 0.253 0.2585 0.2585 0.266 0.266 0.266 0.2565 0.2565 0.251 0.251 0.251 0.251 0.251 0.251 0.251 0.26 0.26 0.2455 0.2455 0.2455 0.246 0.246 0.25 0.25 0.2605 0.2605
-1 -1 -1 -1 -1 -1 -1 -1 -1 -1 -1 -1 -1 -1 -1 -1 -1 -1 -1 -1 -1 -1 -1 -0.0083 -0.0083 0.1795 0.1795 0.1795 0.2875 0.2875 0.2685 0.2685 0.241 0.241 0.241 0.248 0.248 0.268 0.268 0.2715 0.2715 0.2715 0.2565 0.2565 0.245 0.245 0.245 0.245 0.245 0.2545 0.2545 0.2615 0.2615 0.253 0.253 0.2525 0.2525 0.2525 0.2635 0.2635 0.2495 0.2495 0.2495 0.2495 0.2495 0.2515 0.2515 0.2535 0.2535 0.256 0.256 0.256 0.261 0.261 0.2495 0.2495 0.246 0.246
-1 -1 -1 -1 -1 -1 -1 -1 -1 -1 -1 -1 -1 -1 -1 -1 -1 -1 -1 -1 -1 -1 -1 -0.0083 -0.0083 0.1795 0.1795 0.1795 0.2875 0.2875 0.2685 0.2685 0.241 0.241 0.241 0.248 0.248 0.268 0.268 0.2715 0.2715 0.2715 0.2565 0.2565 0.245 0.245 0.245 0.245 0.245 0.2545 0.2545 0.2615 0.2615 0.253 0.253 0.2525 0.2525 0.2525 0.2635 0.2635 0.2495 0.2495 0.2495 0.2495 0.2495 0.2515 0.2515 0.2535 0.2535 0.256 0.256 0.256 0.261 0.261 0.2495 0.2495 0.246 0.246
-1 -1 -1 -1 -1 -1 -1 -1 -1 -1 -1 -1 -1 -1 -1 -1 -1 -1 -1 -1 -1 -1 -1 -0.0083 -0.0083 0.1795 0.1795 0.1795 0.2875 0.2875 0.2685 0.2685 0.241 0.241 0.241 0.248 0.248 0.268 0.268 0.2715 0.2715 0.2715 0.2565 0.2565 0.245 0.245 0.245 0.245 0.245 0.2545 0.2545 0.2615 0.2615 0.253 0.253 0.2525 0.2525 0.2525 0.2635 0.2635 0.2495 0.2495 0.2495 0.2495 0.2495 0.2515 0.2515 0.2535 0.2535 0.256 0.256 0.256 0.261 0.261 0.2495 0.2495 0.246 0.246
-1 -1 -1 -1 -1 -1 -1 -1 -1 -1 -1 -1 -1 -1 -1 -1 -1 -1 -1 -1 -1 0.0102 0.0102 0.1595 0.1595 0.2805 0.2805 0.2805 0.26 0.26 0.2605 0.2605 0.261 0.261 0.261 0.2555 0.2555 0.2695 0.2695 0.267 0.267 0.267 0.265 0.265 0.2525 0.2525 0.2445 0.2445 0.2445 0.252 0.252 0.2615 0.2615 0.2495 0.2495 0.2585 0.2585 0.2585 0.2585 0.2585 0.2545 0.2545 0.2545 0.2545 0.2545 0.252 0.252 0.2625 0.2625 0.264 0.264 0.264 0.2655 0.2655 0.268 0.268 0.2465 0.2465
-1 -1 -1 -1 -1 -1 -1 -1 -1 -1 -1 -1 -1 -1 -1 -1 -1 -1 -1 -1 -1 0.0102 0.0102 0.1595 0.1595 0.2805 0.2805 0.2805 0.26 0.26 0.2605 0.2605 0.261 0.261 0.261 0.2555 0.2555 0.2695 0.2695 0.267 0.267 0.267 0.265 0.265 0.2525 0.2525 0.2445 0.2445 0.2445 0.252 0.252 0.2615 0.2615 0.2495 0.2495 0.2585 0.2585 0.2585 0.2585 0.2585 0.2545 0.2545 0.2545 0.2545 0.2545 0.252 0.252 0.2625 0.2625 0.264 0.264 0.264 0.2655 0.2655 0.268 0.268 0.2465 0.2465
-1 -1 -1 -1 -1 -1 -1 -1 -1 -1 -1 -1 -1 -1 -1 -1 -1 -1 -1 -1 -1 0.137 0.137 0.2885 0.2885 0.2785 0.2785 0.2785 0.281 0.281 0.2745 0.2745 0.267 0.267 0.267 0.265 0.265 0.2635 0.2635 0.2725 0.2725 0.2725 0.2625 0.2625 0.2725 0.2725 0.2745 0.2745 0.2745 0.265 0.265 0.272 0.272 0.25 0.25 0.262 0.262 0.262 0.257 0.257 0.2605 0.2605 0.2605 0.2605 0.2605 0.254 0.254 0.262 0.262 0.2725 0.2725 0.2725 0.266 0.266 0.2715 0.2715 0.2525 0.2525
-1 -1 -1 -1 -1 -1 -1 -1 -1 -1 -1 -1 -1 -1 -1 -1 -1 -1 -1 -1 -1 0.137 0.137 0.2885 0.2885 0.2785 0.2785 0.2785 0.281 0.281 0.2745 0.2745 0.267 0.267 0.267 0.265 0.265 0.2635 0.2635 0.2725 0.2725 0.2725 0.2625 0.2625 0.2725 0.2725 0.2745 0.2745 0.2745 0.265 0.265 0.272 0.272 0.25 0.25 0.262 0.262 0.262 0.257 0.257 0.2605 0.2605 0.2605 0.2605 0.2605 0.254 0.254 0.262 0.262 0.2725 0.2725 0.2725 0.266 0.266 0.2715 0.2715 0.2525 0.2525
-1 -1 -1 -1 -1 -1 -1 -1 -1 -1 -1 -1 -1 -1 -1 -1 -1 -1 0.201 0.201 0.201 0.282 0.282 0.277 0.277 0.268 0.268 0.268 0.2825 0.2825 0.2865 0.2865 0.2635 0.2635 0.2635 0.259 0.259 0.2575 0.2575 0.261 0.261 0.261 0.266 0.266 0.2625 0.2625 0.267 0.267 0.267 0.267 0.267 0.279 0.279 0.266 0.266 0.2585 0.2585 0.2585 0.263 0.263 0.257 0.257 0.257 0.257 0.257 0.2445 0.2445 0.251 0.251 0.2565 0.2565 0.2565 0.2645 0.2645 0.255 0.255 0.268 0.268
-1 -1 -1 -1 -1 -1 -1 -1 -1 -1 -1 -1 -1 -1 -1 -1 -1 -1 0.201 0.201 0.201 0.282 0.282 0.277 0.277 0.268 0.268 0.268 0.2825 0.2825 0.2865 0.2865 0.2635 0.2635 0.2635 0.259 0.259 0.2575 0.2575 0.261 0.261 0.261 0.266 0.266 0.2625 0.2625 0.267 0.267 0.267 0.267 0.267 0.279 0.279 0.266 0.266 0.2585 0.2585 0.2585 0.263 0.263 0.257 0.257 0.257 0.257 0.257 0.2445 0.2445 0.251 0.251 0.2565 0.2565 0.2565 0.2645 0.2645 0.255 0.255 0.268 0.268
-1 -1 -1 -1 -1 -1 -1 -1 -1 -1 -1 -1 -1 -1 -1 -1 -1 -1 0.201 0.201 0.201 0.282 0.282 0.277 0.277 0.268 0.268 0.268 0.2825 0.2825 0.2865 0.2865 0.2635 0.2635 0.2635 0.259 0.259 0.2575 0.2575 0.261 0.261 0.261 0.266 0.266 0.2625 0.2625 0.267 0.267 0.267 0.267 0.267 0.279 0.279 0.266 0.266 0.2585 0.2585 0.2585 0.263 0.263 0.257 0.257 0.257 0.257 0.257 0.2445 0.2445 0.251 0.251 0.2565 0.2565 0.2565 0.2645 0.2645 0.255 0.255 0.268 0.268
-1 -1 -1 -1 -1 -1 -1 -1 -1 -1 -1 -1 -1 -1 -1 -1 0.1856 0.1856 0.3205 0.3205 0.3205 0.319 0.319 0.266 0.266 0.297 0.297 0.297 0.305 0.305 0.2915 0.2915 0.283 0.283 0.283 0.26 0.26 0.256 0.256 0.2605 0.2605 0.2605 0.2585 0.2585 0.2565 0.2565 0.2595 0.2595 0.2595 0.263 0.263 0.2625 0.2625 0.273 0.273 0.266 0.266 0.266 0.268 0.268 0.272 0.272 0.272 0.272 0.272 0.263 0.263 0.252 0.252 0.2445 0.2445 0.2445 0.2565 0.2565 0.25 0.25 0.2355 0.2355
-1 -1 -1 -1 -1 -1 -1 -1 -1 -1 -1 -1 -1 -1 -1 -1 0.1856 0.1856 0.3205 0.3205 0.3205 0.319 0.319 0.266 0.266 0.297 0.297 0.297 0.305 0.305 0.2915 0.2915 0.283 0.283 0.283 0.26 0.26 0.256 0.256 0.2605 0.2605 0.2605 0.2585 0.2585 0.2565 0.2565 0.2595 0.2595 0.2595 0.263 0.263 0.2625 0.2625 0.273 0.273 0.266 0.266 0.266 0.268 0.268 0.272 0.272 0.272 0.272 0.272 0.263 0.263 0.252 0.252 0.2445 0.2445 0.2445 0.2565 0.2565 0.25 0.25 0.2355 0.2355
-1 -1 -1 -1 -1 -1 -1 -1 -1 -1 -1 -1 0.1537 0.1537 0.1595 0.1595 0.193 0.193 0.3225 0.3225 0.3225 0.3055 0.3055 0.2955 0.2955 0.296 0.296 0.296 0.301 0.301 0.2965 0.2965 0.269 0.269 0.269 0.2685 0.2685 0.255 0.255 0.263 0.263 0.263 0.2635 0.2635 0.2625 0.2625 0.259 0.259 0.259 0.2585 0.2585 0.256 0.256 0.256 0.256 0.2585 0.2585 0.2585 0.265 0.265 0.2755 0.2755 0.2755 0.2755 0.2755 0.2635 0.2635 0.242 0.242 0.249 0.249 0.249 0.234 0.234 0.238 0.238 0.2565 0.2565
-1 -1 -1 -1 -1 -1 -1 -1 -1 -1 -1 -1 0.1537 0.1537 0.1595 0.1595 0.193 0.193 0.3225 0.3225 0.3225 0.3055 0.3055 0.2955 0.2955 0.296 0.296 0.296 0.301 0.301 0.2965 0.2965 0.269 0.269 0.269 0.2685 0.2685 0.255 0.255 0.263 0.263 0.263 0.2635 0.2635 0.2625 0.2625 0.259 0.259 0.259 0.2585 0.2585 0.256 0.256 0.256 0.256 0.2585 0.2585 0.2585 0.265 0.265 0.2755 0.2755 0.2755 0.2755 0.2755 0.2635 0.2635 0.242 0.242 0.249 0.249 0.249 0.234 0.234 0.238 0.238 0.2565 0.2565
-1 -1 -1 -1 -1 -1 -1 -1 -1 0.1772 0.1772 0.1772 0.1011 0.1011 0.1722 0.1722 0.1442 0.1442 0.0455 0.0455 0.0455 0.275 0.275 0.3095 0.3095 0.294 0.294 0.294 0.302 0.302 0.2935 0.2935 0.281 0.281 0.281 0.264 0.264 0.2695 0.2695 0.259 0.259 0.259 0.2605 0.2605 0.2525 0.2525 0.2585 0.2585 0.2585 0.2555 0.2555 0.2495 0.2495 0.248 0.248 0.2475 0.2475 0.2475 0.2545 0.2545 0.268 0.268 0.268 0.268 0.268 0.26 0.26 0.258 0.258 0.2485 0.2485 0.2485 0.268 0.268 0.2585 0.2585 0.254 0.254
-1 -1 -1 -1 -1 -1 -1 -1 -1 0.1772 0.1772 0.1772 0.1011 0.1011 0.1722 0.1722 0.1442 0.1442 0.0455 0.0455 0.0455 0.275 0.275 0.3095 0.3095 0.294 0.294 0.294 0.302 0.302 0.2935 0.2935 0.281 0.281 0.281 0.264 0.264 0.2695 0.2695 0.259 0.259 0.259 0.2605 0.2605 0.2525 0.2525 0.2585 0.2585 0.2585 0.2555 0.2555 0.2495 0.2495 0.248 0.248 0.2475 0.2475 0.2475 0.2545 0.2545 0.268 0.268 0.268 0.268 0.268 0.26 0.26 0.258 0.258 0.2485 0.2485 0.2485 0.268 0.268 0.2585 0.2585 0.254 0.254
-1 -1 -1 -1 -1 -1 -1 -1 -1 0.1772 0.1772 0.1772 0.1011 0.1011 0.1722 0.1722 0.1442 0.1442 0.0455 0.0455 0.0455 0.275 0.275 0.3095 0.3095 0.294 0.294 0.294 0.302 0.302 0.2935 0.2935 0.281 0.281 0.281 0.264 0.264 0.2695 0.2695 0.259 0.259 0.259 0.2605 0.2605 0.2525 0.2525 0.2585 0.2585 0.2585 0.2555 0.2555 0.2495 0.2495 0.248 0.248 0.2475 0.2475 0.2475 0.2545 0.2545 0.268 0.268 0.268 0.268 0.268 0.26 0.26 0.258 0.258 0.2485 0.2485 0.2485 0.268 0.268 0.2585 0.2585 0.254 0.254
-1 -1 -1 -1 -1 -1 -1 -1 -1 -1 -1 -1 0.1437 0.1437 0.1622 0.1622 0.1807 0.1807 0.1697 0.1697 0.1697 0.2405 0.2405 0.293 0.293 0.3085 0.3085 0.3085 0.299 0.299 0.278 0.278 0.278 0.278 0.278 0.2595 0.2595 0.262 0.262 0.2585 0.2585 0.2585 0.259 0.259 0.254 0.254 0.2615 0.2615 0.2615 0.2585 0.2585 0.253 0.253 0.2515 0.2515 0.24 0.24 0.24 0.2485 0.2485 0.2515 0.2515 0.2515 0.2515 0.2515 0.241 0.241 0.238 0.238 0.263 0.263 0.263 0.289 0.289 0.256 0.256 0.2605 0.2605
-1 -1 -1 -1 -1 -1 -1 -1 -1 -1 -1 -1 0.1437 0.1437 0.1622 0.1622 0.1807 0.1807 0.1697 0.1697 0.1697 0.2405 0.2405 0.293 0.293 0.3085 0.3085 0.3085 0.299 0.299 0.278 0.278 0.278 0.278 0.278 0.2595 0.2595 0.262 0.262 0.2585 0.2585 0.2585 0.259 0.259 0.254 0.254 0.2615 0.2615 0.2615 0.2585 0.2585 0.253 0.253 0.2515 0.2515 0.24 0.24 0.24 0.2485 0.2485 0.2515 0.2515 0.2515 0.2515 0.2515 0.241 0.241 0.238 0.238 0.263 0.263 0.263 0.289 0.289 0.256 0.256 0.2605 0.2605
-1 -1 -1 -1 -1 -1 -1 -1 -1 -1 -1 -1 -1 -1 -1 -1 -1 -1 0.1682 0.1682 0.1682 0.1961 0.1961 0.2565 0.2565 0.287 0.287 0.287 0.3 0.3 0.2945 0.2945 0.278 0.278 0.278 0.26 0.26 0.2545 0.2545 0.249 0.249 0.249 0.2535 0.2535 0.2565 0.2565 0.2585 0.2585 0.2585 0.2735 0.2735 0.26 0.26 0.2615 0.2615 0.2465 0.2465 0.2465 0.2425 0.2425 0.244 0.244 0.244 0.244 0.244 0.235 0.235 0.2435 0.2435 0.267 0.267 0.267 0.27 0.27 0.2615 0.2615 0.251 0.251
-1 -1 -1 -1 -1 -1 -1 -1 -1 -1 -1 -1 -1 -1 -1 -1 -1 -1 0.1682 0.1682 0.1682 0.1961 0.1961 0.2565 0.2565 0.287 0.287 0.287 0.3 0.3 0.2945 0.2945 0.278 0.278 0.278 0.26 0.26 0.2545 0.2545 0.249 0.249 0.249 0.2535 0.2535 0.2565 0.2565 0.2585 0.2585 0.2585 0.2735 0.2735 0.26 0.26 0.2615 0.2615 0.2465 0.2465 0.2465 0.2425 0.2425 0.244 0.244 0.244 0.244 0.244 0.235 0.235 0.2435 0.2435 0.267 0.267 0.267 0.27 0.27 0.2615 0.2615 0.251 0.251
-1 -1 -1 -1 -1 -1 -1 -1 -1 -1 -1 -1 -1 -1 -1 -1 -1 -1 -1 -1 -1 0.2237 0.2237 0.124 0.124 0.277 0.277 0.277 0.28 0.28 0.288 0.288 0.273 0.273 0.273 0.265 0.265 0.2645 0.2645 0.25 0.25 0.25 0.2595 0.2595 0.253 0.253 0.256 0.256 0.256 0.266 0.266 0.249 0.249 0.2425 0.2425 0.2475 0.2475 0.2475 0.257 0.257 0.25 0.25 0.25 0.25 0.25 0.243 0.243 0.253 0.253 0.2465 0.2465 0.2465 0.2465 0.2465 0.235 0.235 0.253 0.253
-1 -1 -1 -1 -1 -1 -1 -1 -1 -1 -1 -1 -1 -1 -1 -1 -1 -1 -1 -1 -1 0.2237 0.2237 0.124 0.124 0.277 0.277 0.277 0.28 0.28 0.288 0.288 0.273 0.273 0.273 0.265 0.265 0.2645 0.2645 0.25 0.25 0.25 0.2595 0.2595 0.253 0.253 0.256 0.256 0.256 0.266 0.266 0.249 0.249 0.2425 0.2425 0.2475 0.2475 0.2475 0.257 0.257 0.25 0.25 0.25 0.25 0.25 0.243 0.243 0.253 0.253 0.2465 0.2465 0.2465 0.2465 0.2465 0.235 0.235 0.253 0.253
-1 -1 -1 -1 -1 -1 -1 -1 -1 -1 -1 -1 -1 -1 -1 -1 -1 -1 -1 -1 -1 0.1512 0.1512 0.1027 0.1027 0.215 0.215 0.215 0.275 0.275 0.276 0.276 0.281 0.281 0.281 0.276 0.276 0.2495 0.2495 0.223 0.223 0.223 0.226 0.226 0.258 0.258 0.26 0.26 0.26 0.257 0.257 0.2585 0.2585 0.2495 0.2495 0.26 0.26 0.26 0.264 0.264 0.2555 0.2555 0.2555 0.2555 0.2555 0.2525 0.2525 0.2545 0.2545 0.255 0.255 0.255 0.254 0.254 0.2665 0.2665 0.2535 0.2535
-1 -1 -1 -1 -1 -1 -1 -1 -1 -1 -1 -1 -1 -1 -1 -1 -1 -1 -1 -1 -1 0.1512 0.1512 0.1027 0.1027 0.215 0.215 0.215 0.275 0.275 0.276 0.276 0.281 0.281 0.281 0.276 0.276 0.2495 0.2495 0.223 0.223 0.223 0.226 0.226 0.258 0.258 0.26 0.26 0.26 0.257 0.257 0.2585 0.2585 0.2495 0.2495 0.26 0.26 0.26 0.264 0.264 0.2555 0.2555 0.2555 0.2555 0.2555 0.2525 0.2525 0.2545 0.2545 0.255 0.255 0.255 0.254 0.254 0.2665 0.2665 0.2535 0.2535
-1 -1 -1 -1 -1 -1 -1 -1 -1 -1 -1 -1 -1 -1 -1 -1 -1 -1 -1 -1 -1 0.1512 0.1512 0.1027 0.1027 0.215 0.215 0.215 0.275 0.275 0.276 0.276 0.281 0.281 0.281 0.276 0.276 0.2495 0.2495 0.223 0.223 0.223 0.226 0.226 0.258 0.258 0.26 0.26 0.26 0.257 0.257 0.2585 0.2585 0.2495 0.2495 0.26 0.26 0.26 0.264 0.264 0.2555 0.2555 0.2555 0.2555 0.2555 0.2525 0.2525 0.2545 0.2545 0.255 0.255 0.255 0.254 0.254 0.2665 0.2665 0.2535 0.2535
-1 -1 -1 -1 -1 -1 -1 -1 -1 -1 -1 -1 -1 -1 -1 -1 -1 -1 -1 -1 -1 -1 -1 0.1967 0.1967 0.052 0.052 0.052 0.2745 0.2745 0.2905 0.2905 0.2665 0.2665 0.2665 0.274 0.274 0.1855 0.1855 0.134 0.134 0.134 0.2035 0.2035 0.2425 0.2425 0.25 0.25 0.25 0.2665 0.2665 0.2815 0.2815 0.2775 0.2775 0.256 0.256 0.256 0.2595 0.2595 0.253 0.253 0.253 0.253 0.253 0.2555 0.2555 0.267 0.267 0.259 0.259 0.259 0.258 0.258 0.2675 0.2675 0.274 0.274
-1 -1 -1 -1 -1 -1 -1 -1 -1 -1 -1 -1 -1 -1 -1 -1 -1 -1 -1 -1 -1 -1 -1 0.1967 0.1967 0.052 0.052 0.052 0.2745 0.2745 0.2905 0.2905 0.2665 0.2665 0.2665 0.274 0.274 0.1855 0.1855 0.134 0.134 0.134 0.2035 0.2035 0.2425 0.2425 0.25 0.25 0.25 0.2665 0.2665 0.2815 0.2815 0.2775 0.2775 0.256 0.256 0.256 0.2595 0.2595 0.253 0.253 0.253 0.253 0.253 0.2555 0.2555 0.267 0.267 0.259 0.259 0.259 0.258 0.258 0.2675 0.2675 0.274 0.274
-1 -1 -1 -1 -1 -1 -1 -1 -1 -1 -1 -1 -1 -1 -1 -1 -1 -1 -1 -1 -1 -1 -1 -1 -1 0.0861 0.0861 0.0861 0.1745 0.1745 0.2725 0.2725 0.284 0.284 0.284 0.214 0.214 0.138 0.138 0.2025 0.2025 0.2025 0.2755 0.2755 0.1945 0.1945 0.26 0.26 0.26 0.2435 0.2435 0.2705 0.2705 0.271 0.271 0.2555 0.2555 0.2555 0.2565 0.2565 0.26 0.26 0.26 0.26 0.26 0.244 0.244 0.257 0.257 0.2625 0.2625 0.2625 0.271 0.271 0.2735 0.2735 0.2745 0.2745
-1 -1 -1 -1 -1 -1 -1 -1 -1 -1 -1 -1 -1 -1 -1 -1 -1 -1 -1 -1 -1 -1 -1 -1 -1 0.0861 0.0861 0.0861 0.1745 0.1745 0.2725 0.2725 0.284 0.284 0.284 0.214 0.214 0.138 0.138 0.2025 0.2025 0.2025 0.2755 0.2755 0.1945 0.1945 0.26 0.26 0.26 0.2435 0.2435 0.2705 0.2705 0.271 0.271 0.2555 0.2555 0.2555 0.2565 0.2565 0.26 0.26 0.26 0.26 0.26 0.244 0.244 0.257 0.257 0.2625 0.2625 0.2625 0.271 0.271 0.2735 0.2735 0.2745 0.2745
-1 -1 -1 -1 -1 -1 -1 -1 -1 -1 -1 -1 -1 -1 -1 -1 -1 -1 -1 -1 -1 -1 -1 -1 -1 0.1142 0.1142 0.1142 0.1271 0.1271 0.203 0.203 0.2125 0.2125 0.2125 0.2885 0.2885 0.178 0.178 0.245 0.245 0.245 0.236 0.236 0.2645 0.2645 0.256 0.256 0.256 0.231 0.231 0.281 0.281 0.2825 0.2825 0.2805 0.2805 0.2805 0.2595 0.2595 0.2605 0.2605 0.2605 0.2605 0.2605 0.261 0.261 0.252 0.252 0.2525 0.2525 0.2525 0.2665 0.2665 0.253 0.253 0.255 0.255
-1 -1 -1 -1 -1 -1 -1 -1 -1 -1 -1 -1 -1 -1 -1 -1 -1 -1 -1 -1 -1 -1 -1 -1 -1 0.1142 0.1142 0.1142 0.1271 0.1271 0.203 0.203 0.2125 0.2125 0.2125 0.2885 0.2885 0.178 0.178 0.245 0.245 0.245 0.236 0.236 0.2645 0.2645 0.256 0.256 0.256 0.231 0.231 0.281 0.281 0.2825 0.2825 0.2805 0.2805 0.2805 0.2595 0.2595 0.2605 0.2605 0.2605 0.2605 0.2605 0.261 0.261 0.252 0.252 0.2525 0.2525 0.2525 0.2665 0.2665 0.253 0.253 0.255 0.255
-1 -1 -1 -1 -1 -1 -1 -1 -1 -1 -1 -1 -1 -1 -1 -1 -1 -1 -1 -1 -1 -1 -1 -1 -1 0.1142 0.1142 0.1142 0.1271 0.1271 0.203 0.203 0.2125 0.2125 0.2125 0.2885 0.2885 0.178 0.178 0.245 0.245 0.245 0.236 0.236 0.2645 0.2645 0.256 0.256 0.256 0.231 0.231 0.281 0.281 0.2825 0.2825 0.2805 0.2805 0.2805 0.2595 0.2595 0.2605 0.2605 0.2605 0.2605 0.2605 0.261 0.261 0.252 0.252 0.2525 0.2525 0.2525 0.2665 0.2665 0.253 0.253 0.255 0.255
