ndvi/NOAA-169.asc
ncols         252
nrows         154
xllcorner     -18.017974
yllcorner     13.481982
cellsize      0.035948
NODATA_value  -9999
[rows 0 to 33 of 154, columns 78 to 155 of 252]
0.1025 0.1065 0.1065 0.11 0.11 0.1145 0.1145 0.1145 0.1095 0.1095 0.1055 0.1055 0.1125 0.1125 0.1105 0.1105 0.1105 0.106 0.106 0.1085 0.1085 0.1045 0.1045 0.1045 0.1065 0.1065 0.106 0.106 0.103 0.103 0.103 0.1005 0.1005 0.0995 0.0995 0.101 0.101 0.101 0.1045 0.1045 0.1085 0.1085 0.1085 0.1085 0.1085 0.1045 0.1045 0.1005 0.1005 0.109 0.109 0.1065 0.1065 0.1065 0.102 0.102 0.111 0.111 0.118 0.118 0.118 0.114 0.114 0.1135 0.1135 0.114 0.114 0.114 0.104 0.104 0.0975 0.0975 0.105 0.105 0.105 0.109 0.109 0.103
0.1025 0.1065 0.1065 0.11 0.11 0.1145 0.1145 0.1145 0.1095 0.1095 0.1055 0.1055 0.1125 0.1125 0.1105 0.1105 0.1105 0.106 0.106 0.1085 0.1085 0.1045 0.1045 0.1045 0.1065 0.1065 0.106 0.106 0.103 0.103 0.103 0.1005 0.1005 0.0995 0.0995 0.101 0.101 0.101 0.1045 0.1045 0.1085 0.1085 0.1085 0.1085 0.1085 0.1045 0.1045 0.1005 0.1005 0.109 0.109 0.1065 0.1065 0.1065 0.102 0.102 0.111 0.111 0.118 0.118 0.118 0.114 0.114 0.1135 0.1135 0.114 0.114 0.114 0.104 0.104 0.0975 0.0975 0.105 0.105 0.105 0.109 0.109 0.103
0.111 0.114 0.114 0.112 0.112 0.1115 0.1115 0.1115 0.108 0.108 0.113 0.113 0.111 0.111 0.114 0.114 0.114 0.1085 0.1085 0.1035 0.1035 0.1065 0.1065 0.1065 0.106 0.106 0.105 0.105 0.1 0.1 0.1 0.1005 0.1005 0.107 0.107 0.1095 0.1095 0.1095 0.1095 0.1095 0.098 0.098 0.103 0.103 0.103 0.1045 0.1045 0.1175 0.1175 0.1105 0.1105 0.114 0.114 0.114 0.117 0.117 0.1185 0.1185 0.1155 0.1155 0.1155 0.111 0.111 0.111 0.111 0.1105 0.1105 0.1105 0.1065 0.1065 0.0995 0.0995 0.1055 0.1055 0.1055 0.0995 0.0995 0.109
0.111 0.114 0.114 0.112 0.112 0.1115 0.1115 0.1115 0.108 0.108 0.113 0.113 0.111 0.111 0.114 0.114 0.114 0.1085 0.1085 0.1035 0.1035 0.1065 0.1065 0.1065 0.106 0.106 0.105 0.105 0.1 0.1 0.1 0.1005 0.1005 0.107 0.107 0.1095 0.1095 0.1095 0.1095 0.1095 0.098 0.098 0.103 0.103 0.103 0.1045 0.1045 0.1175 0.1175 0.1105 0.1105 0.114 0.114 0.114 0.117 0.117 0.1185 0.1185 0.1155 0.1155 0.1155 0.111 0.111 0.111 0.111 0.1105 0.1105 0.1105 0.1065 0.1065 0.0995 0.0995 0.1055 0.1055 0.1055 0.0995 0.0995 0.109
0.111 0.114 0.114 0.112 0.112 0.1115 0.1115 0.1115 0.108 0.108 0.113 0.113 0.111 0.111 0.114 0.114 0.114 0.1085 0.1085 0.1035 0.1035 0.1065 0.1065 0.1065 0.106 0.106 0.105 0.105 0.1 0.1 0.1 0.1005 0.1005 0.107 0.107 0.1095 0.1095 0.1095 0.1095 0.1095 0.098 0.098 0.103 0.103 0.103 0.1045 0.1045 0.1175 0.1175 0.1105 0.1105 0.114 0.114 0.114 0.117 0.117 0.1185 0.1185 0.1155 0.1155 0.1155 0.111 0.111 0.111 0.111 0.1105 0.1105 0.1105 0.1065 0.1065 0.0995 0.0995 0.1055 0.1055 0.1055 0.0995 0.0995 0.109
0.1115 0.1125 0.1125 0.112 0.112 0.111 0.111 0.111 0.114 0.114 0.1115 0.1115 0.1105 0.1105 0.11 0.11 0.11 0.109 0.109 0.1035 0.1035 0.1075 0.1075 0.1075 0.1 0.1 0.094 0.094 0.099 0.099 0.099 0.1005 0.1005 0.1025 0.1025 0.1145 0.1145 0.1145 0.1075 0.1075 0.095 0.095 0.104 0.104 0.104 0.1065 0.1065 0.111 0.111 0.115 0.115 0.115 0.115 0.115 0.1125 0.1125 0.1095 0.1095 0.1095 0.1095 0.1095 0.11 0.11 0.1165 0.1165 0.119 0.119 0.119 0.1185 0.1185 0.113 0.113 0.1085 0.1085 0.1085 0.1185 0.1185 0.113
0.1115 0.1125 0.1125 0.112 0.112 0.111 0.111 0.111 0.114 0.114 0.1115 0.1115 0.1105 0.1105 0.11 0.11 0.11 0.109 0.109 0.1035 0.1035 0.1075 0.1075 0.1075 0.1 0.1 0.094 0.094 0.099 0.099 0.099 0.1005 0.1005 0.1025 0.1025 0.1145 0.1145 0.1145 0.1075 0.1075 0.095 0.095 0.104 0.104 0.104 0.1065 0.1065 0.111 0.111 0.115 0.115 0.115 0.115 0.115 0.1125 0.1125 0.1095 0.1095 0.1095 0.1095 0.1095 0.11 0.11 0.1165 0.1165 0.119 0.119 0.119 0.1185 0.1185 0.113 0.113 0.1085 0.1085 0.1085 0.1185 0.1185 0.113
0.113 0.1125 0.1125 0.1095 0.1095 0.1135 0.1135 0.1135 0.117 0.117 0.1165 0.1165 0.1065 0.1065 0.107 0.107 0.107 0.109 0.109 0.11 0.11 0.107 0.107 0.107 0.0975 0.0975 0.11 0.11 0.111 0.111 0.111 0.111 0.111 0.1025 0.1025 0.112 0.112 0.112 0.1075 0.1075 0.102 0.102 0.116 0.116 0.116 0.115 0.115 0.1155 0.1155 0.11 0.11 0.118 0.118 0.118 0.1225 0.1225 0.123 0.123 0.122 0.122 0.122 0.1185 0.1185 0.117 0.117 0.118 0.118 0.118 0.1215 0.1215 0.119 0.119 0.1205 0.1205 0.1205 0.11 0.11 0.1115
0.113 0.1125 0.1125 0.1095 0.1095 0.1135 0.1135 0.1135 0.117 0.117 0.1165 0.1165 0.1065 0.1065 0.107 0.107 0.107 0.109 0.109 0.11 0.11 0.107 0.107 0.107 0.0975 0.0975 0.11 0.11 0.111 0.111 0.111 0.111 0.111 0.1025 0.1025 0.112 0.112 0.112 0.1075 0.1075 0.102 0.102 0.116 0.116 0.116 0.115 0.115 0.1155 0.1155 0.11 0.11 0.118 0.118 0.118 0.1225 0.1225 0.123 0.123 0.122 0.122 0.122 0.1185 0.1185 0.117 0.117 0.118 0.118 0.118 0.1215 0.1215 0.119 0.119 0.1205 0.1205 0.1205 0.11 0.11 0.1115
0.1165 0.119 0.119 0.1195 0.1195 0.1165 0.1165 0.1165 0.113 0.113 0.1115 0.1115 0.1115 0.1115 0.1105 0.1105 0.1105 0.118 0.118 0.12 0.12 0.1135 0.1135 0.1135 0.119 0.119 0.112 0.112 0.121 0.121 0.121 0.1265 0.1265 0.1215 0.1215 0.117 0.117 0.117 0.11 0.11 0.1185 0.1185 0.128 0.128 0.128 0.1255 0.1255 0.12 0.12 0.124 0.124 0.123 0.123 0.123 0.1225 0.1225 0.118 0.118 0.1165 0.1165 0.1165 0.12 0.12 0.1155 0.1155 0.117 0.117 0.117 0.1185 0.1185 0.12 0.12 0.1165 0.1165 0.1165 0.1215 0.1215 0.135
0.1165 0.119 0.119 0.1195 0.1195 0.1165 0.1165 0.1165 0.113 0.113 0.1115 0.1115 0.1115 0.1115 0.1105 0.1105 0.1105 0.118 0.118 0.12 0.12 0.1135 0.1135 0.1135 0.119 0.119 0.112 0.112 0.121 0.121 0.121 0.1265 0.1265 0.1215 0.1215 0.117 0.117 0.117 0.11 0.11 0.1185 0.1185 0.128 0.128 0.128 0.1255 0.1255 0.12 0.12 0.124 0.124 0.123 0.123 0.123 0.1225 0.1225 0.118 0.118 0.1165 0.1165 0.1165 0.12 0.12 0.1155 0.1155 0.117 0.117 0.117 0.1185 0.1185 0.12 0.12 0.1165 0.1165 0.1165 0.1215 0.1215 0.135
0.1255 0.1265 0.1265 0.125 0.125 0.117 0.117 0.117 0.1135 0.1135 0.119 0.119 0.117 0.117 0.1215 0.1215 0.1215 0.122 0.122 0.1135 0.1135 0.117 0.117 0.117 0.115 0.115 0.1165 0.1165 0.117 0.117 0.117 0.114 0.114 0.1165 0.1165 0.117 0.117 0.117 0.124 0.124 0.1275 0.1275 0.1255 0.1255 0.1255 0.1285 0.1285 0.121 0.121 0.1255 0.1255 0.1335 0.1335 0.1335 0.1285 0.1285 0.135 0.135 0.1335 0.1335 0.1335 0.1275 0.1275 0.127 0.127 0.1265 0.1265 0.1265 0.13 0.13 0.118 0.118 0.1275 0.1275 0.1275 0.1295 0.1295 0.126
0.1255 0.1265 0.1265 0.125 0.125 0.117 0.117 0.117 0.1135 0.1135 0.119 0.119 0.117 0.117 0.1215 0.1215 0.1215 0.122 0.122 0.1135 0.1135 0.117 0.117 0.117 0.115 0.115 0.1165 0.1165 0.117 0.117 0.117 0.114 0.114 0.1165 0.1165 0.117 0.117 0.117 0.124 0.124 0.1275 0.1275 0.1255 0.1255 0.1255 0.1285 0.1285 0.121 0.121 0.1255 0.1255 0.1335 0.1335 0.1335 0.1285 0.1285 0.135 0.135 0.1335 0.1335 0.1335 0.1275 0.1275 0.127 0.127 0.1265 0.1265 0.1265 0.13 0.13 0.118 0.118 0.1275 0.1275 0.1275 0.1295 0.1295 0.126
0.1255 0.1265 0.1265 0.125 0.125 0.117 0.117 0.117 0.1135 0.1135 0.119 0.119 0.117 0.117 0.1215 0.1215 0.1215 0.122 0.122 0.1135 0.1135 0.117 0.117 0.117 0.115 0.115 0.1165 0.1165 0.117 0.117 0.117 0.114 0.114 0.1165 0.1165 0.117 0.117 0.117 0.124 0.124 0.1275 0.1275 0.1255 0.1255 0.1255 0.1285 0.1285 0.121 0.121 0.1255 0.1255 0.1335 0.1335 0.1335 0.1285 0.1285 0.135 0.135 0.1335 0.1335 0.1335 0.1275 0.1275 0.127 0.127 0.1265 0.1265 0.1265 0.13 0.13 0.118 0.118 0.1275 0.1275 0.1275 0.1295 0.1295 0.126
0.1275 0.122 0.122 0.1225 0.1225 0.13 0.13 0.13 0.119 0.119 0.117 0.117 0.12 0.12 0.122 0.122 0.122 0.122 0.122 0.1175 0.1175 0.117 0.117 0.117 0.12 0.12 0.119 0.119 0.1145 0.1145 0.1145 0.115 0.115 0.112 0.112 0.1085 0.1085 0.1085 0.1185 0.1185 0.1225 0.1225 0.134 0.134 0.134 0.1275 0.1275 0.133 0.133 0.137 0.137 0.141 0.141 0.141 0.141 0.141 0.1395 0.1395 0.14 0.14 0.14 0.1285 0.1285 0.138 0.138 0.134 0.134 0.134 0.1285 0.1285 0.12 0.12 0.1245 0.1245 0.1245 0.124 0.124 0.13
0.1275 0.122 0.122 0.1225 0.1225 0.13 0.13 0.13 0.119 0.119 0.117 0.117 0.12 0.12 0.122 0.122 0.122 0.122 0.122 0.1175 0.1175 0.117 0.117 0.117 0.12 0.12 0.119 0.119 0.1145 0.1145 0.1145 0.115 0.115 0.112 0.112 0.1085 0.1085 0.1085 0.1185 0.1185 0.1225 0.1225 0.134 0.134 0.134 0.1275 0.1275 0.133 0.133 0.137 0.137 0.141 0.141 0.141 0.141 0.141 0.1395 0.1395 0.14 0.14 0.14 0.1285 0.1285 0.138 0.138 0.134 0.134 0.134 0.1285 0.1285 0.12 0.12 0.1245 0.1245 0.1245 0.124 0.124 0.13
0.1255 0.1325 0.1325 0.129 0.129 0.1225 0.1225 0.1225 0.1235 0.1235 0.1295 0.1295 0.126 0.126 0.12 0.12 0.12 0.118 0.118 0.118 0.118 0.122 0.122 0.122 0.1185 0.1185 0.1175 0.1175 0.12 0.12 0.12 0.1115 0.1115 0.1145 0.1145 0.1145 0.1145 0.1145 0.114 0.114 0.1205 0.1205 0.1285 0.1285 0.1285 0.137 0.137 0.1385 0.1385 0.1365 0.1365 0.136 0.136 0.136 0.13 0.13 0.1305 0.1305 0.136 0.136 0.136 0.1355 0.1355 0.1415 0.1415 0.134 0.134 0.134 0.1255 0.1255 0.1215 0.1215 0.1245 0.1245 0.1245 0.128 0.128 0.1315
0.1255 0.1325 0.1325 0.129 0.129 0.1225 0.1225 0.1225 0.1235 0.1235 0.1295 0.1295 0.126 0.126 0.12 0.12 0.12 0.118 0.118 0.118 0.118 0.122 0.122 0.122 0.1185 0.1185 0.1175 0.1175 0.12 0.12 0.12 0.1115 0.1115 0.1145 0.1145 0.1145 0.1145 0.1145 0.114 0.114 0.1205 0.1205 0.1285 0.1285 0.1285 0.137 0.137 0.1385 0.1385 0.1365 0.1365 0.136 0.136 0.136 0.13 0.13 0.1305 0.1305 0.136 0.136 0.136 0.1355 0.1355 0.1415 0.1415 0.134 0.134 0.134 0.1255 0.1255 0.1215 0.1215 0.1245 0.1245 0.1245 0.128 0.128 0.1315
0.134 0.124 0.124 0.124 0.124 0.1265 0.1265 0.1265 0.1345 0.1345 0.1295 0.1295 0.1165 0.1165 0.1205 0.1205 0.1205 0.1205 0.1205 0.119 0.119 0.1185 0.1185 0.1185 0.1175 0.1175 0.1205 0.1205 0.1285 0.1285 0.1285 0.129 0.129 0.1265 0.1265 0.12 0.12 0.12 0.119 0.119 0.129 0.129 0.143 0.143 0.143 0.134 0.134 0.138 0.138 0.134 0.134 0.137 0.137 0.137 0.1305 0.1305 0.14 0.14 0.1435 0.1435 0.1435 0.149 0.149 0.1425 0.1425 0.134 0.134 0.134 0.1275 0.1275 0.129 0.129 0.1165 0.1165 0.1165 0.127 0.127 0.1515
0.134 0.124 0.124 0.124 0.124 0.1265 0.1265 0.1265 0.1345 0.1345 0.1295 0.1295 0.1165 0.1165 0.1205 0.1205 0.1205 0.1205 0.1205 0.119 0.119 0.1185 0.1185 0.1185 0.1175 0.1175 0.1205 0.1205 0.1285 0.1285 0.1285 0.129 0.129 0.1265 0.1265 0.12 0.12 0.12 0.119 0.119 0.129 0.129 0.143 0.143 0.143 0.134 0.134 0.138 0.138 0.134 0.134 0.137 0.137 0.137 0.1305 0.1305 0.14 0.14 0.1435 0.1435 0.1435 0.149 0.149 0.1425 0.1425 0.134 0.134 0.134 0.1275 0.1275 0.129 0.129 0.1165 0.1165 0.1165 0.127 0.127 0.1515
0.134 0.124 0.124 0.124 0.124 0.1265 0.1265 0.1265 0.1345 0.1345 0.1295 0.1295 0.1165 0.1165 0.1205 0.1205 0.1205 0.1205 0.1205 0.119 0.119 0.1185 0.1185 0.1185 0.1175 0.1175 0.1205 0.1205 0.1285 0.1285 0.1285 0.129 0.129 0.1265 0.1265 0.12 0.12 0.12 0.119 0.119 0.129 0.129 0.143 0.143 0.143 0.134 0.134 0.138 0.138 0.134 0.134 0.137 0.137 0.137 0.1305 0.1305 0.14 0.14 0.1435 0.1435 0.1435 0.149 0.149 0.1425 0.1425 0.134 0.134 0.134 0.1275 0.1275 0.129 0.129 0.1165 0.1165 0.1165 0.127 0.127 0.1515
0.1285 0.13 0.13 0.1345 0.1345 0.1345 0.1345 0.1345 0.13 0.13 0.123 0.123 0.1245 0.1245 0.132 0.132 0.132 0.133 0.133 0.1245 0.1245 0.1225 0.1225 0.1225 0.1225 0.1225 0.1285 0.1285 0.131 0.131 0.131 0.1325 0.1325 0.129 0.129 0.1245 0.1245 0.1245 0.1235 0.1235 0.1555 0.1555 0.159 0.159 0.159 0.1605 0.1605 0.1575 0.1575 0.1425 0.1425 0.13 0.13 0.13 0.1325 0.1325 0.144 0.144 0.1485 0.1485 0.1485 0.148 0.148 0.143 0.143 0.136 0.136 0.136 0.1345 0.1345 0.1365 0.1365 0.131 0.131 0.131 0.1265 0.1265 0.142
0.1285 0.13 0.13 0.1345 0.1345 0.1345 0.1345 0.1345 0.13 0.13 0.123 0.123 0.1245 0.1245 0.132 0.132 0.132 0.133 0.133 0.1245 0.1245 0.1225 0.1225 0.1225 0.1225 0.1225 0.1285 0.1285 0.131 0.131 0.131 0.1325 0.1325 0.129 0.129 0.1245 0.1245 0.1245 0.1235 0.1235 0.1555 0.1555 0.159 0.159 0.159 0.1605 0.1605 0.1575 0.1575 0.1425 0.1425 0.13 0.13 0.13 0.1325 0.1325 0.144 0.144 0.1485 0.1485 0.1485 0.148 0.148 0.143 0.143 0.136 0.136 0.136 0.1345 0.1345 0.1365 0.1365 0.131 0.131 0.131 0.1265 0.1265 0.142
0.1275 0.1275 0.1275 0.13 0.13 0.1355 0.1355 0.1355 0.1365 0.1365 0.1355 0.1355 0.1345 0.1345 0.14 0.14 0.14 0.1375 0.1375 0.1265 0.1265 0.123 0.123 0.123 0.1215 0.1215 0.134 0.134 0.141 0.141 0.141 0.134 0.134 0.1295 0.1295 0.127 0.127 0.127 0.1275 0.1275 0.157 0.157 0.1615 0.1615 0.1615 0.1585 0.1585 0.194 0.194 0.1885 0.1885 0.142 0.142 0.142 0.133 0.133 0.132 0.132 0.148 0.148 0.148 0.147 0.147 0.144 0.144 0.14 0.14 0.14 0.13 0.13 0.1315 0.1315 0.129 0.129 0.129 0.1325 0.1325 0.144
0.1275 0.1275 0.1275 0.13 0.13 0.1355 0.1355 0.1355 0.1365 0.1365 0.1355 0.1355 0.1345 0.1345 0.14 0.14 0.14 0.1375 0.1375 0.1265 0.1265 0.123 0.123 0.123 0.1215 0.1215 0.134 0.134 0.141 0.141 0.141 0.134 0.134 0.1295 0.1295 0.127 0.127 0.127 0.1275 0.1275 0.157 0.157 0.1615 0.1615 0.1615 0.1585 0.1585 0.194 0.194 0.1885 0.1885 0.142 0.142 0.142 0.133 0.133 0.132 0.132 0.148 0.148 0.148 0.147 0.147 0.144 0.144 0.14 0.14 0.14 0.13 0.13 0.1315 0.1315 0.129 0.129 0.129 0.1325 0.1325 0.144
0.1345 0.1325 0.1325 0.138 0.138 0.135 0.135 0.135 0.1395 0.1395 0.143 0.143 0.1415 0.1415 0.1385 0.1385 0.1385 0.1395 0.1395 0.133 0.133 0.1375 0.1375 0.1375 0.1375 0.1375 0.1385 0.1385 0.137 0.137 0.137 0.136 0.136 0.139 0.139 0.1275 0.1275 0.1275 0.1265 0.1265 0.147 0.147 0.1515 0.1515 0.1515 0.169 0.169 0.1875 0.1875 0.1755 0.1755 0.1475 0.1475 0.1475 0.135 0.135 0.1315 0.1315 0.1355 0.1355 0.1355 0.139 0.139 0.149 0.149 0.1385 0.1385 0.1385 0.1325 0.1325 0.129 0.129 0.13 0.13 0.13 0.129 0.129 0.135
0.1345 0.1325 0.1325 0.138 0.138 0.135 0.135 0.135 0.1395 0.1395 0.143 0.143 0.1415 0.1415 0.1385 0.1385 0.1385 0.1395 0.1395 0.133 0.133 0.1375 0.1375 0.1375 0.1375 0.1375 0.1385 0.1385 0.137 0.137 0.137 0.136 0.136 0.139 0.139 0.1275 0.1275 0.1275 0.1265 0.1265 0.147 0.147 0.1515 0.1515 0.1515 0.169 0.169 0.1875 0.1875 0.1755 0.1755 0.1475 0.1475 0.1475 0.135 0.135 0.1315 0.1315 0.1355 0.1355 0.1355 0.139 0.139 0.149 0.149 0.1385 0.1385 0.1385 0.1325 0.1325 0.129 0.129 0.13 0.13 0.13 0.129 0.129 0.135
0.1345 0.1325 0.1325 0.138 0.138 0.135 0.135 0.135 0.1395 0.1395 0.143 0.143 0.1415 0.1415 0.1385 0.1385 0.1385 0.1395 0.1395 0.133 0.133 0.1375 0.1375 0.1375 0.1375 0.1375 0.1385 0.1385 0.137 0.137 0.137 0.136 0.136 0.139 0.139 0.1275 0.1275 0.1275 0.1265 0.1265 0.147 0.147 0.1515 0.1515 0.1515 0.169 0.169 0.1875 0.1875 0.1755 0.1755 0.1475 0.1475 0.1475 0.135 0.135 0.1315 0.1315 0.1355 0.1355 0.1355 0.139 0.139 0.149 0.149 0.1385 0.1385 0.1385 0.1325 0.1325 0.129 0.129 0.13 0.13 0.13 0.129 0.129 0.135
0.1345 0.14 0.14 0.1395 0.1395 0.1445 0.1445 0.1445 0.1485 0.1485 0.1525 0.1525 0.1475 0.1475 0.1515 0.1515 0.1515 0.146 0.146 0.134 0.134 0.1385 0.1385 0.1385 0.1365 0.1365 0.1395 0.1395 0.1375 0.1375 0.1375 0.1415 0.1415 0.1395 0.1395 0.145 0.145 0.145 0.1425 0.1425 0.144 0.144 0.146 0.146 0.146 0.155 0.155 0.1715 0.1715 0.1395 0.1395 0.1455 0.1455 0.1455 0.148 0.148 0.136 0.136 0.14 0.14 0.14 0.142 0.142 0.145 0.145 0.1435 0.1435 0.1435 0.1455 0.1455 0.122 0.122 0.125 0.125 0.125 0.1195 0.1195 0.126
0.1345 0.14 0.14 0.1395 0.1395 0.1445 0.1445 0.1445 0.1485 0.1485 0.1525 0.1525 0.1475 0.1475 0.1515 0.1515 0.1515 0.146 0.146 0.134 0.134 0.1385 0.1385 0.1385 0.1365 0.1365 0.1395 0.1395 0.1375 0.1375 0.1375 0.1415 0.1415 0.1395 0.1395 0.145 0.145 0.145 0.1425 0.1425 0.144 0.144 0.146 0.146 0.146 0.155 0.155 0.1715 0.1715 0.1395 0.1395 0.1455 0.1455 0.1455 0.148 0.148 0.136 0.136 0.14 0.14 0.14 0.142 0.142 0.145 0.145 0.1435 0.1435 0.1435 0.1455 0.1455 0.122 0.122 0.125 0.125 0.125 0.1195 0.1195 0.126
0.1395 0.142 0.142 0.138 0.138 0.1425 0.1425 0.1425 0.1425 0.1425 0.1525 0.1525 0.157 0.157 0.158 0.158 0.158 0.1455 0.1455 0.139 0.139 0.1325 0.1325 0.1325 0.137 0.137 0.1475 0.1475 0.146 0.146 0.146 0.1425 0.1425 0.143 0.143 0.1445 0.1445 0.1445 0.1425 0.1425 0.143 0.143 0.1505 0.1505 0.1505 0.1425 0.1425 0.1425 0.1425 0.1535 0.1535 0.1545 0.1545 0.1545 0.1545 0.1545 0.1555 0.1555 0.1695 0.1695 0.1695 0.153 0.153 0.1505 0.1505 0.15 0.15 0.15 0.14 0.14 0.127 0.127 0.128 0.128 0.128 0.126 0.126 0.1255
0.1395 0.142 0.142 0.138 0.138 0.1425 0.1425 0.1425 0.1425 0.1425 0.1525 0.1525 0.157 0.157 0.158 0.158 0.158 0.1455 0.1455 0.139 0.139 0.1325 0.1325 0.1325 0.137 0.137 0.1475 0.1475 0.146 0.146 0.146 0.1425 0.1425 0.143 0.143 0.1445 0.1445 0.1445 0.1425 0.1425 0.143 0.143 0.1505 0.1505 0.1505 0.1425 0.1425 0.1425 0.1425 0.1535 0.1535 0.1545 0.1545 0.1545 0.1545 0.1545 0.1555 0.1555 0.1695 0.1695 0.1695 0.153 0.153 0.1505 0.1505 0.15 0.15 0.15 0.14 0.14 0.127 0.127 0.128 0.128 0.128 0.126 0.126 0.1255
0.1435 0.136 0.136 0.138 0.138 0.142 0.142 0.142 0.141 0.141 0.149 0.149 0.1555 0.1555 0.1555 0.1555 0.1555 0.148 0.148 0.1525 0.1525 0.1545 0.1545 0.1545 0.151 0.151 0.145 0.145 0.147 0.147 0.147 0.148 0.148 0.1495 0.1495 0.1455 0.1455 0.1455 0.1445 0.1445 0.1475 0.1475 0.152 0.152 0.152 0.15 0.15 0.153 0.153 0.1555 0.1555 0.1515 0.1515 0.1515 0.1535 0.1535 0.15 0.15 0.159 0.159 0.159 0.164 0.164 0.166 0.166 0.167 0.167 0.167 0.156 0.156 0.1435 0.1435 0.1335 0.1335 0.1335 0.1395 0.1395 0.1385
0.1435 0.136 0.136 0.138 0.138 0.142 0.142 0.142 0.141 0.141 0.149 0.149 0.1555 0.1555 0.1555 0.1555 0.1555 0.148 0.148 0.1525 0.1525 0.1545 0.1545 0.1545 0.151 0.151 0.145 0.145 0.147 0.147 0.147 0.148 0.148 0.1495 0.1495 0.1455 0.1455 0.1455 0.1445 0.1445 0.1475 0.1475 0.152 0.152 0.152 0.15 0.15 0.153 0.153 0.1555 0.1555 0.1515 0.1515 0.1515 0.1535 0.1535 0.15 0.15 0.159 0.159 0.159 0.164 0.164 0.166 0.166 0.167 0.167 0.167 0.156 0.156 0.1435 0.1435 0.1335 0.1335 0.1335 0.1395 0.1395 0.1385
