ndvi/NOAA-241.asc
ncols         252
nrows         154
xllcorner     -18.017974
yllcorner     13.481982
cellsize      0.035948
NODATA_value  -9999
[rows 102 to 135 of 154, columns 156 to 233 of 252]
0.217 0.2355 0.2355 0.2355 0.225 0.225 0.2275 0.2275 0.222 0.222 0.25 0.25 0.25 0.2495 0.2495 0.2535 0.2535 0.247 0.247 0.247 0.2355 0.2355 0.2435 0.2435 0.235 0.235 0.235 0.2365 0.2365 0.2435 0.2435 0.24 0.24 0.24 0.2395 0.2395 0.2405 0.2405 0.2405 0.2405 0.2405 0.256 0.256 0.248 0.248 0.249 0.249 0.217 0.217 0.217 0.1935 0.1935 0.1855 0.1855 0.1955 0.1955 0.1955 0.199 0.199 0.201 0.201 0.213 0.213 0.213 0.2175 0.2175 0.1985 0.1985 0.204 0.204 0.204 0.205 0.205 0.23 0.23 0.1965 0.1965 0.1965
0.238 0.2365 0.2365 0.2365 0.2265 0.2265 0.222 0.222 0.2455 0.2455 0.24 0.24 0.24 0.2495 0.2495 0.2565 0.2565 0.262 0.262 0.262 0.251 0.251 0.253 0.253 0.2515 0.2515 0.2515 0.2645 0.2645 0.2655 0.2655 0.2475 0.2475 0.2475 0.241 0.241 0.248 0.248 0.2545 0.2545 0.2545 0.2385 0.2385 0.264 0.264 0.2775 0.2775 0.318 0.318 0.318 0.231 0.231 0.207 0.207 0.2335 0.2335 0.2335 0.211 0.211 0.215 0.215 0.2465 0.2465 0.2465 0.214 0.214 0.2265 0.2265 0.2135 0.2135 0.2135 0.208 0.208 0.2015 0.2015 0.222 0.222 0.222
0.238 0.2365 0.2365 0.2365 0.2265 0.2265 0.222 0.222 0.2455 0.2455 0.24 0.24 0.24 0.2495 0.2495 0.2565 0.2565 0.262 0.262 0.262 0.251 0.251 0.253 0.253 0.2515 0.2515 0.2515 0.2645 0.2645 0.2655 0.2655 0.2475 0.2475 0.2475 0.241 0.241 0.248 0.248 0.2545 0.2545 0.2545 0.2385 0.2385 0.264 0.264 0.2775 0.2775 0.318 0.318 0.318 0.231 0.231 0.207 0.207 0.2335 0.2335 0.2335 0.211 0.211 0.215 0.215 0.2465 0.2465 0.2465 0.214 0.214 0.2265 0.2265 0.2135 0.2135 0.2135 0.208 0.208 0.2015 0.2015 0.222 0.222 0.222
0.238 0.2365 0.2365 0.2365 0.2265 0.2265 0.222 0.222 0.2455 0.2455 0.24 0.24 0.24 0.2495 0.2495 0.2565 0.2565 0.262 0.262 0.262 0.251 0.251 0.253 0.253 0.2515 0.2515 0.2515 0.2645 0.2645 0.2655 0.2655 0.2475 0.2475 0.2475 0.241 0.241 0.248 0.248 0.2545 0.2545 0.2545 0.2385 0.2385 0.264 0.264 0.2775 0.2775 0.318 0.318 0.318 0.231 0.231 0.207 0.207 0.2335 0.2335 0.2335 0.211 0.211 0.215 0.215 0.2465 0.2465 0.2465 0.214 0.214 0.2265 0.2265 0.2135 0.2135 0.2135 0.208 0.208 0.2015 0.2015 0.222 0.222 0.222
0.2505 0.246 0.246 0.246 0.232 0.232 0.2245 0.2245 0.2365 0.2365 0.2355 0.2355 0.2355 0.244 0.244 0.258 0.258 0.241 0.241 0.241 0.23 0.23 0.227 0.227 0.2295 0.2295 0.2295 0.245 0.245 0.268 0.268 0.254 0.254 0.254 0.252 0.252 0.2625 0.2625 0.2595 0.2595 0.2595 0.243 0.243 0.2535 0.2535 0.2385 0.2385 0.2385 0.2385 0.2385 0.2385 0.2385 0.2455 0.2455 0.249 0.249 0.249 0.2315 0.2315 0.2485 0.2485 0.2315 0.2315 0.2315 0.237 0.237 0.24 0.24 0.217 0.217 0.217 0.245 0.245 0.247 0.247 0.2295 0.2295 0.2295
0.2505 0.246 0.246 0.246 0.232 0.232 0.2245 0.2245 0.2365 0.2365 0.2355 0.2355 0.2355 0.244 0.244 0.258 0.258 0.241 0.241 0.241 0.23 0.23 0.227 0.227 0.2295 0.2295 0.2295 0.245 0.245 0.268 0.268 0.254 0.254 0.254 0.252 0.252 0.2625 0.2625 0.2595 0.2595 0.2595 0.243 0.243 0.2535 0.2535 0.2385 0.2385 0.2385 0.2385 0.2385 0.2385 0.2385 0.2455 0.2455 0.249 0.249 0.249 0.2315 0.2315 0.2485 0.2485 0.2315 0.2315 0.2315 0.237 0.237 0.24 0.24 0.217 0.217 0.217 0.245 0.245 0.247 0.247 0.2295 0.2295 0.2295
0.2475 0.2495 0.2495 0.2495 0.247 0.247 0.2495 0.2495 0.2435 0.2435 0.2395 0.2395 0.2395 0.252 0.252 0.248 0.248 0.2485 0.2485 0.2485 0.234 0.234 0.2205 0.2205 0.222 0.222 0.222 0.239 0.239 0.2475 0.2475 0.2615 0.2615 0.2615 0.2755 0.2755 0.264 0.264 0.254 0.254 0.254 0.274 0.274 0.255 0.255 0.2355 0.2355 0.2225 0.2225 0.2225 0.2315 0.2315 0.2075 0.2075 0.247 0.247 0.247 0.2605 0.2605 0.2545 0.2545 0.2625 0.2625 0.2625 0.24 0.24 0.245 0.245 0.238 0.238 0.238 0.2435 0.2435 0.253 0.253 0.2495 0.2495 0.2495
0.2475 0.2495 0.2495 0.2495 0.247 0.247 0.2495 0.2495 0.2435 0.2435 0.2395 0.2395 0.2395 0.252 0.252 0.248 0.248 0.2485 0.2485 0.2485 0.234 0.234 0.2205 0.2205 0.222 0.222 0.222 0.239 0.239 0.2475 0.2475 0.2615 0.2615 0.2615 0.2755 0.2755 0.264 0.264 0.254 0.254 0.254 0.274 0.274 0.255 0.255 0.2355 0.2355 0.2225 0.2225 0.2225 0.2315 0.2315 0.2075 0.2075 0.247 0.247 0.247 0.2605 0.2605 0.2545 0.2545 0.2625 0.2625 0.2625 0.24 0.24 0.245 0.245 0.238 0.238 0.238 0.2435 0.2435 0.253 0.253 0.2495 0.2495 0.2495
0.2525 0.249 0.249 0.249 0.249 0.249 0.2575 0.2575 0.2495 0.2495 0.262 0.262 0.262 0.275 0.275 0.223 0.223 0.226 0.226 0.226 0.2265 0.2265 0.235 0.235 0.233 0.233 0.233 0.242 0.242 0.2495 0.2495 0.295 0.295 0.295 0.2475 0.2475 0.292 0.292 0.253 0.253 0.253 0.243 0.243 0.232 0.232 0.227 0.227 0.218 0.218 0.218 0.243 0.243 0.253 0.253 0.259 0.259 0.259 0.255 0.255 0.266 0.266 0.2645 0.2645 0.2645 0.2415 0.2415 0.2525 0.2525 0.255 0.255 0.255 0.2505 0.2505 0.252 0.252 0.257 0.257 0.257
0.2525 0.249 0.249 0.249 0.249 0.249 0.2575 0.2575 0.2495 0.2495 0.262 0.262 0.262 0.275 0.275 0.223 0.223 0.226 0.226 0.226 0.2265 0.2265 0.235 0.235 0.233 0.233 0.233 0.242 0.242 0.2495 0.2495 0.295 0.295 0.295 0.2475 0.2475 0.292 0.292 0.253 0.253 0.253 0.243 0.243 0.232 0.232 0.227 0.227 0.218 0.218 0.218 0.243 0.243 0.253 0.253 0.259 0.259 0.259 0.255 0.255 0.266 0.266 0.2645 0.2645 0.2645 0.2415 0.2415 0.2525 0.2525 0.255 0.255 0.255 0.2505 0.2505 0.252 0.252 0.257 0.257 0.257
0.2525 0.249 0.249 0.249 0.249 0.249 0.2575 0.2575 0.2495 0.2495 0.262 0.262 0.262 0.275 0.275 0.223 0.223 0.226 0.226 0.226 0.2265 0.2265 0.235 0.235 0.233 0.233 0.233 0.242 0.242 0.2495 0.2495 0.295 0.295 0.295 0.2475 0.2475 0.292 0.292 0.253 0.253 0.253 0.243 0.243 0.232 0.232 0.227 0.227 0.218 0.218 0.218 0.243 0.243 0.253 0.253 0.259 0.259 0.259 0.255 0.255 0.266 0.266 0.2645 0.2645 0.2645 0.2415 0.2415 0.2525 0.2525 0.255 0.255 0.255 0.2505 0.2505 0.252 0.252 0.257 0.257 0.257
0.258 0.2435 0.2435 0.2435 0.2575 0.2575 0.249 0.249 0.2445 0.2445 0.247 0.247 0.247 0.252 0.252 0.266 0.266 0.2395 0.2395 0.2395 0.22 0.22 0.235 0.235 0.2215 0.2215 0.2215 0.2375 0.2375 0.257 0.257 0.268 0.268 0.268 0.2825 0.2825 0.2655 0.2655 0.242 0.242 0.242 0.2175 0.2175 0.239 0.239 0.2225 0.2225 0.237 0.237 0.237 0.2485 0.2485 0.275 0.275 0.281 0.281 0.281 0.269 0.269 0.265 0.265 0.252 0.252 0.252 0.2525 0.2525 0.2405 0.2405 0.2645 0.2645 0.2645 0.258 0.258 0.253 0.253 0.265 0.265 0.265
0.258 0.2435 0.2435 0.2435 0.2575 0.2575 0.249 0.249 0.2445 0.2445 0.247 0.247 0.247 0.252 0.252 0.266 0.266 0.2395 0.2395 0.2395 0.22 0.22 0.235 0.235 0.2215 0.2215 0.2215 0.2375 0.2375 0.257 0.257 0.268 0.268 0.268 0.2825 0.2825 0.2655 0.2655 0.242 0.242 0.242 0.2175 0.2175 0.239 0.239 0.2225 0.2225 0.237 0.237 0.237 0.2485 0.2485 0.275 0.275 0.281 0.281 0.281 0.269 0.269 0.265 0.265 0.252 0.252 0.252 0.2525 0.2525 0.2405 0.2405 0.2645 0.2645 0.2645 0.258 0.258 0.253 0.253 0.265 0.265 0.265
0.2365 0.237 0.237 0.237 0.243 0.243 0.249 0.249 0.241 0.241 0.2565 0.2565 0.2565 0.252 0.252 0.256 0.256 0.2385 0.2385 0.2385 0.246 0.246 0.24 0.24 0.238 0.238 0.238 0.23 0.23 0.245 0.245 0.253 0.253 0.253 0.301 0.301 0.243 0.243 0.244 0.244 0.244 0.2405 0.2405 0.2365 0.2365 0.2445 0.2445 0.2555 0.2555 0.2555 0.2595 0.2595 0.2725 0.2725 0.287 0.287 0.287 0.2795 0.2795 0.2825 0.2825 0.2585 0.2585 0.2585 0.263 0.263 0.2465 0.2465 0.2685 0.2685 0.2685 0.268 0.268 0.257 0.257 0.25 0.25 0.25
0.2365 0.237 0.237 0.237 0.243 0.243 0.249 0.249 0.241 0.241 0.2565 0.2565 0.2565 0.252 0.252 0.256 0.256 0.2385 0.2385 0.2385 0.246 0.246 0.24 0.24 0.238 0.238 0.238 0.23 0.23 0.245 0.245 0.253 0.253 0.253 0.301 0.301 0.243 0.243 0.244 0.244 0.244 0.2405 0.2405 0.2365 0.2365 0.2445 0.2445 0.2555 0.2555 0.2555 0.2595 0.2595 0.2725 0.2725 0.287 0.287 0.287 0.2795 0.2795 0.2825 0.2825 0.2585 0.2585 0.2585 0.263 0.263 0.2465 0.2465 0.2685 0.2685 0.2685 0.268 0.268 0.257 0.257 0.25 0.25 0.25
0.248 0.2495 0.2495 0.2495 0.2575 0.2575 0.253 0.253 0.2565 0.2565 0.2685 0.2685 0.2685 0.2545 0.2545 0.247 0.247 0.2455 0.2455 0.2455 0.24 0.24 0.2405 0.2405 0.24 0.24 0.24 0.2455 0.2455 0.2495 0.2495 0.2695 0.2695 0.2695 0.2525 0.2525 0.258 0.258 0.2535 0.2535 0.2535 0.263 0.263 0.2605 0.2605 0.2535 0.2535 0.2585 0.2585 0.2585 0.27 0.27 0.2945 0.2945 0.3005 0.3005 0.3005 0.288 0.288 0.2815 0.2815 0.283 0.283 0.283 0.273 0.273 0.291 0.291 0.2835 0.2835 0.2835 0.256 0.256 0.2695 0.2695 0.254 0.254 0.254
0.248 0.2495 0.2495 0.2495 0.2575 0.2575 0.253 0.253 0.2565 0.2565 0.2685 0.2685 0.2685 0.2545 0.2545 0.247 0.247 0.2455 0.2455 0.2455 0.24 0.24 0.2405 0.2405 0.24 0.24 0.24 0.2455 0.2455 0.2495 0.2495 0.2695 0.2695 0.2695 0.2525 0.2525 0.258 0.258 0.2535 0.2535 0.2535 0.263 0.263 0.2605 0.2605 0.2535 0.2535 0.2585 0.2585 0.2585 0.27 0.27 0.2945 0.2945 0.3005 0.3005 0.3005 0.288 0.288 0.2815 0.2815 0.283 0.283 0.283 0.273 0.273 0.291 0.291 0.2835 0.2835 0.2835 0.256 0.256 0.2695 0.2695 0.254 0.254 0.254
0.248 0.2495 0.2495 0.2495 0.2575 0.2575 0.253 0.253 0.2565 0.2565 0.2685 0.2685 0.2685 0.2545 0.2545 0.247 0.247 0.2455 0.2455 0.2455 0.24 0.24 0.2405 0.2405 0.24 0.24 0.24 0.2455 0.2455 0.2495 0.2495 0.2695 0.2695 0.2695 0.2525 0.2525 0.258 0.258 0.2535 0.2535 0.2535 0.263 0.263 0.2605 0.2605 0.2535 0.2535 0.2585 0.2585 0.2585 0.27 0.27 0.2945 0.2945 0.3005 0.3005 0.3005 0.288 0.288 0.2815 0.2815 0.283 0.283 0.283 0.273 0.273 0.291 0.291 0.2835 0.2835 0.2835 0.256 0.256 0.2695 0.2695 0.254 0.254 0.254
0.256 0.255 0.255 0.255 0.251 0.251 0.2455 0.2455 0.2605 0.2605 0.267 0.267 0.267 0.2745 0.2745 0.2675 0.2675 0.269 0.269 0.269 0.279 0.279 0.2635 0.2635 0.2665 0.2665 0.2665 0.2505 0.2505 0.257 0.257 0.2535 0.2535 0.2535 0.2575 0.2575 0.246 0.246 0.2405 0.2405 0.2405 0.2755 0.2755 0.2835 0.2835 0.2695 0.2695 0.288 0.288 0.288 0.298 0.298 0.2975 0.2975 0.2815 0.2815 0.2815 0.2875 0.2875 0.2775 0.2775 0.267 0.267 0.267 0.285 0.285 0.307 0.307 0.3065 0.3065 0.3065 0.2955 0.2955 0.246 0.246 0.2655 0.2655 0.2655
0.256 0.255 0.255 0.255 0.251 0.251 0.2455 0.2455 0.2605 0.2605 0.267 0.267 0.267 0.2745 0.2745 0.2675 0.2675 0.269 0.269 0.269 0.279 0.279 0.2635 0.2635 0.2665 0.2665 0.2665 0.2505 0.2505 0.257 0.257 0.2535 0.2535 0.2535 0.2575 0.2575 0.246 0.246 0.2405 0.2405 0.2405 0.2755 0.2755 0.2835 0.2835 0.2695 0.2695 0.288 0.288 0.288 0.298 0.298 0.2975 0.2975 0.2815 0.2815 0.2815 0.2875 0.2875 0.2775 0.2775 0.267 0.267 0.267 0.285 0.285 0.307 0.307 0.3065 0.3065 0.3065 0.2955 0.2955 0.246 0.246 0.2655 0.2655 0.2655
0.2625 0.256 0.256 0.256 0.27 0.27 0.255 0.255 0.26 0.26 0.259 0.259 0.259 0.274 0.274 0.286 0.286 0.2765 0.2765 0.2765 0.279 0.279 0.281 0.281 0.2715 0.2715 0.2715 0.275 0.275 0.2685 0.2685 0.2585 0.2585 0.2585 0.2695 0.2695 0.279 0.279 0.2505 0.2505 0.2505 0.2775 0.2775 0.284 0.284 0.285 0.285 0.286 0.286 0.286 0.2895 0.2895 0.2835 0.2835 0.2885 0.2885 0.2885 0.2845 0.2845 0.28 0.28 0.2905 0.2905 0.2905 0.302 0.302 0.2905 0.2905 0.3015 0.3015 0.3015 0.275 0.275 0.257 0.257 0.264 0.264 0.264
0.2625 0.256 0.256 0.256 0.27 0.27 0.255 0.255 0.26 0.26 0.259 0.259 0.259 0.274 0.274 0.286 0.286 0.2765 0.2765 0.2765 0.279 0.279 0.281 0.281 0.2715 0.2715 0.2715 0.275 0.275 0.2685 0.2685 0.2585 0.2585 0.2585 0.2695 0.2695 0.279 0.279 0.2505 0.2505 0.2505 0.2775 0.2775 0.284 0.284 0.285 0.285 0.286 0.286 0.286 0.2895 0.2895 0.2835 0.2835 0.2885 0.2885 0.2885 0.2845 0.2845 0.28 0.28 0.2905 0.2905 0.2905 0.302 0.302 0.2905 0.2905 0.3015 0.3015 0.3015 0.275 0.275 0.257 0.257 0.264 0.264 0.264
0.29 0.27 0.27 0.27 0.2415 0.2415 0.255 0.255 0.279 0.279 0.269 0.269 0.269 0.286 0.286 0.277 0.277 0.2775 0.2775 0.2775 0.282 0.282 0.2795 0.2795 0.2925 0.2925 0.2925 0.252 0.252 0.2535 0.2535 0.265 0.265 0.265 0.264 0.264 0.2415 0.2415 0.244 0.244 0.244 0.254 0.254 0.296 0.296 0.2865 0.2865 0.275 0.275 0.275 0.299 0.299 0.28 0.28 0.2875 0.2875 0.2875 0.284 0.284 0.2865 0.2865 0.3125 0.3125 0.3125 0.2805 0.2805 0.2995 0.2995 0.2945 0.2945 0.2945 0.2835 0.2835 0.294 0.294 0.281 0.281 0.281
0.29 0.27 0.27 0.27 0.2415 0.2415 0.255 0.255 0.279 0.279 0.269 0.269 0.269 0.286 0.286 0.277 0.277 0.2775 0.2775 0.2775 0.282 0.282 0.2795 0.2795 0.2925 0.2925 0.2925 0.252 0.252 0.2535 0.2535 0.265 0.265 0.265 0.264 0.264 0.2415 0.2415 0.244 0.244 0.244 0.254 0.254 0.296 0.296 0.2865 0.2865 0.275 0.275 0.275 0.299 0.299 0.28 0.28 0.2875 0.2875 0.2875 0.284 0.284 0.2865 0.2865 0.3125 0.3125 0.3125 0.2805 0.2805 0.2995 0.2995 0.2945 0.2945 0.2945 0.2835 0.2835 0.294 0.294 0.281 0.281 0.281
0.2755 0.269 0.269 0.269 0.2525 0.2525 0.2795 0.2795 0.2825 0.2825 0.2805 0.2805 0.2805 0.29 0.29 0.291 0.291 0.2865 0.2865 0.2865 0.279 0.279 0.2925 0.2925 0.2845 0.2845 0.2845 0.2595 0.2595 0.2665 0.2665 0.2745 0.2745 0.2745 0.278 0.278 0.2585 0.2585 0.26 0.26 0.26 0.2755 0.2755 0.3115 0.3115 0.2935 0.2935 0.319 0.319 0.319 0.311 0.311 0.3075 0.3075 0.296 0.296 0.296 0.306 0.306 0.302 0.302 0.307 0.307 0.307 0.2905 0.2905 0.323 0.323 0.301 0.301 0.301 0.3 0.3 0.2875 0.2875 0.279 0.279 0.279
0.2755 0.269 0.269 0.269 0.2525 0.2525 0.2795 0.2795 0.2825 0.2825 0.2805 0.2805 0.2805 0.29 0.29 0.291 0.291 0.2865 0.2865 0.2865 0.279 0.279 0.2925 0.2925 0.2845 0.2845 0.2845 0.2595 0.2595 0.2665 0.2665 0.2745 0.2745 0.2745 0.278 0.278 0.2585 0.2585 0.26 0.26 0.26 0.2755 0.2755 0.3115 0.3115 0.2935 0.2935 0.319 0.319 0.319 0.311 0.311 0.3075 0.3075 0.296 0.296 0.296 0.306 0.306 0.302 0.302 0.307 0.307 0.307 0.2905 0.2905 0.323 0.323 0.301 0.301 0.301 0.3 0.3 0.2875 0.2875 0.279 0.279 0.279
0.2755 0.269 0.269 0.269 0.2525 0.2525 0.2795 0.2795 0.2825 0.2825 0.2805 0.2805 0.2805 0.29 0.29 0.291 0.291 0.2865 0.2865 0.2865 0.279 0.279 0.2925 0.2925 0.2845 0.2845 0.2845 0.2595 0.2595 0.2665 0.2665 0.2745 0.2745 0.2745 0.278 0.278 0.2585 0.2585 0.26 0.26 0.26 0.2755 0.2755 0.3115 0.3115 0.2935 0.2935 0.319 0.319 0.319 0.311 0.311 0.3075 0.3075 0.296 0.296 0.296 0.306 0.306 0.302 0.302 0.307 0.307 0.307 0.2905 0.2905 0.323 0.323 0.301 0.301 0.301 0.3 0.3 0.2875 0.2875 0.279 0.279 0.279
0.275 0.259 0.259 0.259 0.25 0.25 0.2615 0.2615 0.281 0.281 0.294 0.294 0.294 0.298 0.298 0.283 0.283 0.286 0.286 0.286 0.284 0.284 0.2665 0.2665 0.29 0.29 0.29 0.2805 0.2805 0.2795 0.2795 0.2965 0.2965 0.2965 0.2925 0.2925 0.2755 0.2755 0.2835 0.2835 0.2835 0.264 0.264 0.3075 0.3075 0.2905 0.2905 0.312 0.312 0.312 0.3065 0.3065 0.298 0.298 0.29 0.29 0.29 0.2795 0.2795 0.326 0.326 0.312 0.312 0.312 0.308 0.308 0.3015 0.3015 0.2985 0.2985 0.2985 0.2835 0.2835 0.286 0.286 0.281 0.281 0.281
0.275 0.259 0.259 0.259 0.25 0.25 0.2615 0.2615 0.281 0.281 0.294 0.294 0.294 0.298 0.298 0.283 0.283 0.286 0.286 0.286 0.284 0.284 0.2665 0.2665 0.29 0.29 0.29 0.2805 0.2805 0.2795 0.2795 0.2965 0.2965 0.2965 0.2925 0.2925 0.2755 0.2755 0.2835 0.2835 0.2835 0.264 0.264 0.3075 0.3075 0.2905 0.2905 0.312 0.312 0.312 0.3065 0.3065 0.298 0.298 0.29 0.29 0.29 0.2795 0.2795 0.326 0.326 0.312 0.312 0.312 0.308 0.308 0.3015 0.3015 0.2985 0.2985 0.2985 0.2835 0.2835 0.286 0.286 0.281 0.281 0.281
0.3005 0.2765 0.2765 0.2765 0.2815 0.2815 0.276 0.276 0.297 0.297 0.285 0.285 0.285 0.2945 0.2945 0.2895 0.2895 0.319 0.319 0.319 0.2995 0.2995 0.302 0.302 0.3145 0.3145 0.3145 0.318 0.318 0.3175 0.3175 0.301 0.301 0.301 0.2855 0.2855 0.277 0.277 0.2845 0.2845 0.2845 0.3 0.3 0.301 0.301 0.3185 0.3185 0.3 0.3 0.3 0.3095 0.3095 0.329 0.329 0.3365 0.3365 0.3365 0.35 0.35 0.338 0.338 0.306 0.306 0.306 0.301 0.301 0.3 0.3 0.292 0.292 0.292 0.286 0.286 0.29 0.29 0.273 0.273 0.273
0.3005 0.2765 0.2765 0.2765 0.2815 0.2815 0.276 0.276 0.297 0.297 0.285 0.285 0.285 0.2945 0.2945 0.2895 0.2895 0.319 0.319 0.319 0.2995 0.2995 0.302 0.302 0.3145 0.3145 0.3145 0.318 0.318 0.3175 0.3175 0.301 0.301 0.301 0.2855 0.2855 0.277 0.277 0.2845 0.2845 0.2845 0.3 0.3 0.301 0.301 0.3185 0.3185 0.3 0.3 0.3 0.3095 0.3095 0.329 0.329 0.3365 0.3365 0.3365 0.35 0.35 0.338 0.338 0.306 0.306 0.306 0.301 0.301 0.3 0.3 0.292 0.292 0.292 0.286 0.286 0.29 0.29 0.273 0.273 0.273
0.283 0.311 0.311 0.311 0.259 0.259 0.2785 0.2785 0.3025 0.3025 0.2945 0.2945 0.2945 0.287 0.287 0.299 0.299 0.3005 0.3005 0.3005 0.312 0.312 0.302 0.302 0.3105 0.3105 0.3105 0.332 0.332 0.327 0.327 0.3095 0.3095 0.3095 0.2895 0.2895 0.2915 0.2915 0.296 0.296 0.296 0.2965 0.2965 0.317 0.317 0.316 0.316 0.3195 0.3195 0.3195 0.283 0.283 0.324 0.324 0.31 0.31 0.31 0.3385 0.3385 0.3765 0.3765 0.3255 0.3255 0.3255 0.3285 0.3285 0.3175 0.3175 0.305 0.305 0.305 0.3075 0.3075 0.318 0.318 0.2975 0.2975 0.2975
0.283 0.311 0.311 0.311 0.259 0.259 0.2785 0.2785 0.3025 0.3025 0.2945 0.2945 0.2945 0.287 0.287 0.299 0.299 0.3005 0.3005 0.3005 0.312 0.312 0.302 0.302 0.3105 0.3105 0.3105 0.332 0.332 0.327 0.327 0.3095 0.3095 0.3095 0.2895 0.2895 0.2915 0.2915 0.296 0.296 0.296 0.2965 0.2965 0.317 0.317 0.316 0.316 0.3195 0.3195 0.3195 0.283 0.283 0.324 0.324 0.31 0.31 0.31 0.3385 0.3385 0.3765 0.3765 0.3255 0.3255 0.3255 0.3285 0.3285 0.3175 0.3175 0.305 0.305 0.305 0.3075 0.3075 0.318 0.318 0.2975 0.2975 0.2975
0.283 0.311 0.311 0.311 0.259 0.259 0.2785 0.2785 0.3025 0.3025 0.2945 0.2945 0.2945 0.287 0.287 0.299 0.299 0.3005 0.3005 0.3005 0.312 0.312 0.302 0.302 0.3105 0.3105 0.3105 0.332 0.332 0.327 0.327 0.3095 0.3095 0.3095 0.2895 0.2895 0.2915 0.2915 0.296 0.296 0.296 0.2965 0.2965 0.317 0.317 0.316 0.316 0.3195 0.3195 0.3195 0.283 0.283 0.324 0.324 0.31 0.31 0.31 0.3385 0.3385 0.3765 0.3765 0.3255 0.3255 0.3255 0.3285 0.3285 0.3175 0.3175 0.305 0.305 0.305 0.3075 0.3075 0.318 0.318 0.2975 0.2975 0.2975
