ndvi/NOAA-89.asc
ncols         252
nrows         154
xllcorner     -18.017974
yllcorner     13.481982
cellsize      0.035948
NODATA_value  -9999
[rows 0 to 33 of 154, columns 77 to 153 of 252]
0.1045 0.1045 0.1035 0.1035 0.103 0.103 0.108 0.108 0.108 0.1085 0.1085 0.1205 0.1205 0.1035 0.1035 0.1 0.1 0.1 0.0975 0.0975 0.1035 0.1035 0.1065 0.1065 0.1065 0.1095 0.1095 0.1045 0.1045 0.101 0.101 0.101 0.095 0.095 0.095 0.095 0.094 0.094 0.094 0.095 0.095 0.0955 0.0955 0.0995 0.0995 0.0995 0.1165 0.1165 0.1 0.1 0.0835 0.0835 0.0915 0.0915 0.0915 0.104 0.104 0.101 0.101 0.09649999 0.09649999 0.09649999 0.107 0.107 0.1095 0.1095 0.1095 0.1095 0.1095 0.108 0.108 0.1095 0.1095 0.106 0.106 0.106 0.09450001
0.1045 0.1045 0.1035 0.1035 0.103 0.103 0.108 0.108 0.108 0.1085 0.1085 0.1205 0.1205 0.1035 0.1035 0.1 0.1 0.1 0.0975 0.0975 0.1035 0.1035 0.1065 0.1065 0.1065 0.1095 0.1095 0.1045 0.1045 0.101 0.101 0.101 0.095 0.095 0.095 0.095 0.094 0.094 0.094 0.095 0.095 0.0955 0.0955 0.0995 0.0995 0.0995 0.1165 0.1165 0.1 0.1 0.0835 0.0835 0.0915 0.0915 0.0915 0.104 0.104 0.101 0.101 0.09649999 0.09649999 0.09649999 0.107 0.107 0.1095 0.1095 0.1095 0.1095 0.1095 0.108 0.108 0.1095 0.1095 0.106 0.106 0.106 0.09450001
0.1105 0.1105 0.1065 0.1065 0.1075 0.1075 0.1095 0.1095 0.1095 0.122 0.122 0.1225 0.1225 0.113 0.113 0.111 0.111 0.111 0.1065 0.1065 0.1125 0.1125 0.1145 0.1145 0.1145 0.101 0.101 0.105 0.105 0.1005 0.1005 0.1005 0.09550001 0.09550001 0.094 0.094 0.096 0.096 0.096 0.094 0.094 0.09 0.09 0.09550001 0.09550001 0.09550001 0.0995 0.0995 0.092 0.092 0.102 0.102 0.1095 0.1095 0.1095 0.1075 0.1075 0.1045 0.1045 0.09999999 0.09999999 0.09999999 0.1145 0.1145 0.116 0.116 0.116 0.116 0.116 0.104 0.104 0.115 0.115 0.108 0.108 0.108 0.11
0.1105 0.1105 0.1065 0.1065 0.1075 0.1075 0.1095 0.1095 0.1095 0.122 0.122 0.1225 0.1225 0.113 0.113 0.111 0.111 0.111 0.1065 0.1065 0.1125 0.1125 0.1145 0.1145 0.1145 0.101 0.101 0.105 0.105 0.1005 0.1005 0.1005 0.09550001 0.09550001 0.094 0.094 0.096 0.096 0.096 0.094 0.094 0.09 0.09 0.09550001 0.09550001 0.09550001 0.0995 0.0995 0.092 0.092 0.102 0.102 0.1095 0.1095 0.1095 0.1075 0.1075 0.1045 0.1045 0.09999999 0.09999999 0.09999999 0.1145 0.1145 0.116 0.116 0.116 0.116 0.116 0.104 0.104 0.115 0.115 0.108 0.108 0.108 0.11
0.1105 0.1105 0.1065 0.1065 0.1075 0.1075 0.1095 0.1095 0.1095 0.122 0.122 0.1225 0.1225 0.113 0.113 0.111 0.111 0.111 0.1065 0.1065 0.1125 0.1125 0.1145 0.1145 0.1145 0.101 0.101 0.105 0.105 0.1005 0.1005 0.1005 0.09550001 0.09550001 0.094 0.094 0.096 0.096 0.096 0.094 0.094 0.09 0.09 0.09550001 0.09550001 0.09550001 0.0995 0.0995 0.092 0.092 0.102 0.102 0.1095 0.1095 0.1095 0.1075 0.1075 0.1045 0.1045 0.09999999 0.09999999 0.09999999 0.1145 0.1145 0.116 0.116 0.116 0.116 0.116 0.104 0.104 0.115 0.115 0.108 0.108 0.108 0.11
0.1045 0.1045 0.1075 0.1075 0.111 0.111 0.1145 0.1145 0.1145 0.1175 0.1175 0.1095 0.1095 0.112 0.112 0.1085 0.1085 0.1085 0.115 0.115 0.114 0.114 0.099 0.099 0.099 0.096 0.096 0.107 0.107 0.099 0.099 0.099 0.097 0.097 0.096 0.096 0.102 0.102 0.102 0.0955 0.0955 0.08849999 0.08849999 0.0955 0.0955 0.0955 0.0995 0.0995 0.1075 0.1075 0.104 0.104 0.1105 0.1105 0.1105 0.107 0.107 0.12 0.12 0.1185 0.1185 0.1185 0.118 0.118 0.113 0.113 0.1115 0.1115 0.1115 0.112 0.112 0.1085 0.1085 0.111 0.111 0.111 0.1055
0.1045 0.1045 0.1075 0.1075 0.111 0.111 0.1145 0.1145 0.1145 0.1175 0.1175 0.1095 0.1095 0.112 0.112 0.1085 0.1085 0.1085 0.115 0.115 0.114 0.114 0.099 0.099 0.099 0.096 0.096 0.107 0.107 0.099 0.099 0.099 0.097 0.097 0.096 0.096 0.102 0.102 0.102 0.0955 0.0955 0.08849999 0.08849999 0.0955 0.0955 0.0955 0.0995 0.0995 0.1075 0.1075 0.104 0.104 0.1105 0.1105 0.1105 0.107 0.107 0.12 0.12 0.1185 0.1185 0.1185 0.118 0.118 0.113 0.113 0.1115 0.1115 0.1115 0.112 0.112 0.1085 0.1085 0.111 0.111 0.111 0.1055
0.1105 0.1105 0.1135 0.1135 0.114 0.114 0.1095 0.1095 0.1095 0.1125 0.1125 0.1115 0.1115 0.1125 0.1125 0.1175 0.1175 0.1175 0.1205 0.1205 0.1115 0.1115 0.104 0.104 0.104 0.109 0.109 0.1085 0.1085 0.107 0.107 0.107 0.1025 0.1025 0.11 0.11 0.1045 0.1045 0.1045 0.1015 0.1015 0.09649999 0.09649999 0.0965 0.0965 0.0965 0.1175 0.1175 0.121 0.121 0.117 0.117 0.1175 0.1175 0.1175 0.119 0.119 0.12 0.12 0.12 0.12 0.12 0.1135 0.1135 0.111 0.111 0.1225 0.1225 0.1225 0.1155 0.1155 0.1165 0.1165 0.1125 0.1125 0.1125 0.1145
0.1105 0.1105 0.1135 0.1135 0.114 0.114 0.1095 0.1095 0.1095 0.1125 0.1125 0.1115 0.1115 0.1125 0.1125 0.1175 0.1175 0.1175 0.1205 0.1205 0.1115 0.1115 0.104 0.104 0.104 0.109 0.109 0.1085 0.1085 0.107 0.107 0.107 0.1025 0.1025 0.11 0.11 0.1045 0.1045 0.1045 0.1015 0.1015 0.09649999 0.09649999 0.0965 0.0965 0.0965 0.1175 0.1175 0.121 0.121 0.117 0.117 0.1175 0.1175 0.1175 0.119 0.119 0.12 0.12 0.12 0.12 0.12 0.1135 0.1135 0.111 0.111 0.1225 0.1225 0.1225 0.1155 0.1155 0.1165 0.1165 0.1125 0.1125 0.1125 0.1145
0.114 0.114 0.113 0.113 0.1095 0.1095 0.118 0.118 0.118 0.1125 0.1125 0.11 0.11 0.1145 0.1145 0.12 0.12 0.12 0.1235 0.1235 0.1145 0.1145 0.09900001 0.09900001 0.09900001 0.099 0.099 0.1095 0.1095 0.1145 0.1145 0.1145 0.108 0.108 0.1055 0.1055 0.1035 0.1035 0.1035 0.1075 0.1075 0.1065 0.1065 0.108 0.108 0.108 0.119 0.119 0.1245 0.1245 0.115 0.115 0.1115 0.1115 0.1115 0.12 0.12 0.128 0.128 0.1245 0.1245 0.1245 0.1255 0.1255 0.12 0.12 0.1205 0.1205 0.1205 0.1175 0.1175 0.1215 0.1215 0.1185 0.1185 0.1185 0.1215
0.114 0.114 0.113 0.113 0.1095 0.1095 0.118 0.118 0.118 0.1125 0.1125 0.11 0.11 0.1145 0.1145 0.12 0.12 0.12 0.1235 0.1235 0.1145 0.1145 0.09900001 0.09900001 0.09900001 0.099 0.099 0.1095 0.1095 0.1145 0.1145 0.1145 0.108 0.108 0.1055 0.1055 0.1035 0.1035 0.1035 0.1075 0.1075 0.1065 0.1065 0.108 0.108 0.108 0.119 0.119 0.1245 0.1245 0.115 0.115 0.1115 0.1115 0.1115 0.12 0.12 0.128 0.128 0.1245 0.1245 0.1245 0.1255 0.1255 0.12 0.12 0.1205 0.1205 0.1205 0.1175 0.1175 0.1215 0.1215 0.1185 0.1185 0.1185 0.1215
0.115 0.115 0.1175 0.1175 0.1205 0.1205 0.1115 0.1115 0.1115 0.1165 0.1165 0.117 0.117 0.125 0.125 0.118 0.118 0.118 0.1105 0.1105 0.11 0.11 0.1145 0.1145 0.1145 0.117 0.117 0.113 0.113 0.1115 0.1115 0.1115 0.115 0.115 0.12 0.12 0.1195 0.1195 0.1195 0.118 0.118 0.116 0.116 0.111 0.111 0.111 0.119 0.119 0.1205 0.1205 0.1185 0.1185 0.132 0.132 0.132 0.13 0.13 0.1275 0.1275 0.1275 0.1275 0.1275 0.1265 0.1265 0.1275 0.1275 0.1265 0.1265 0.1265 0.1225 0.1225 0.126 0.126 0.1205 0.1205 0.1205 0.118
0.115 0.115 0.1175 0.1175 0.1205 0.1205 0.1115 0.1115 0.1115 0.1165 0.1165 0.117 0.117 0.125 0.125 0.118 0.118 0.118 0.1105 0.1105 0.11 0.11 0.1145 0.1145 0.1145 0.117 0.117 0.113 0.113 0.1115 0.1115 0.1115 0.115 0.115 0.12 0.12 0.1195 0.1195 0.1195 0.118 0.118 0.116 0.116 0.111 0.111 0.111 0.119 0.119 0.1205 0.1205 0.1185 0.1185 0.132 0.132 0.132 0.13 0.13 0.1275 0.1275 0.1275 0.1275 0.1275 0.1265 0.1265 0.1275 0.1275 0.1265 0.1265 0.1265 0.1225 0.1225 0.126 0.126 0.1205 0.1205 0.1205 0.118
0.115 0.115 0.1175 0.1175 0.1205 0.1205 0.1115 0.1115 0.1115 0.1165 0.1165 0.117 0.117 0.125 0.125 0.118 0.118 0.118 0.1105 0.1105 0.11 0.11 0.1145 0.1145 0.1145 0.117 0.117 0.113 0.113 0.1115 0.1115 0.1115 0.115 0.115 0.12 0.12 0.1195 0.1195 0.1195 0.118 0.118 0.116 0.116 0.111 0.111 0.111 0.119 0.119 0.1205 0.1205 0.1185 0.1185 0.132 0.132 0.132 0.13 0.13 0.1275 0.1275 0.1275 0.1275 0.1275 0.1265 0.1265 0.1275 0.1275 0.1265 0.1265 0.1265 0.1225 0.1225 0.126 0.126 0.1205 0.1205 0.1205 0.118
0.124 0.124 0.118 0.118 0.1175 0.1175 0.121 0.121 0.121 0.1205 0.1205 0.118 0.118 0.121 0.121 0.1215 0.1215 0.1215 0.1175 0.1175 0.1205 0.1205 0.118 0.118 0.118 0.1205 0.1205 0.1185 0.1185 0.116 0.116 0.116 0.1185 0.1185 0.118 0.118 0.115 0.115 0.115 0.114 0.114 0.115 0.115 0.1165 0.1165 0.1165 0.125 0.125 0.1285 0.1285 0.1255 0.1255 0.127 0.127 0.127 0.131 0.131 0.1325 0.1325 0.129 0.129 0.129 0.1305 0.1305 0.132 0.132 0.12 0.12 0.12 0.1185 0.1185 0.122 0.122 0.123 0.123 0.123 0.124
0.124 0.124 0.118 0.118 0.1175 0.1175 0.121 0.121 0.121 0.1205 0.1205 0.118 0.118 0.121 0.121 0.1215 0.1215 0.1215 0.1175 0.1175 0.1205 0.1205 0.118 0.118 0.118 0.1205 0.1205 0.1185 0.1185 0.116 0.116 0.116 0.1185 0.1185 0.118 0.118 0.115 0.115 0.115 0.114 0.114 0.115 0.115 0.1165 0.1165 0.1165 0.125 0.125 0.1285 0.1285 0.1255 0.1255 0.127 0.127 0.127 0.131 0.131 0.1325 0.1325 0.129 0.129 0.129 0.1305 0.1305 0.132 0.132 0.12 0.12 0.12 0.1185 0.1185 0.122 0.122 0.123 0.123 0.123 0.124
0.1205 0.1205 0.1245 0.1245 0.1205 0.1205 0.124 0.124 0.124 0.1255 0.1255 0.1205 0.1205 0.1195 0.1195 0.1175 0.1175 0.1175 0.1215 0.1215 0.125 0.125 0.123 0.123 0.123 0.1175 0.1175 0.1155 0.1155 0.121 0.121 0.121 0.118 0.118 0.118 0.118 0.1175 0.1175 0.1175 0.117 0.117 0.123 0.123 0.117 0.117 0.117 0.123 0.123 0.13 0.13 0.1245 0.1245 0.13 0.13 0.13 0.126 0.126 0.1295 0.1295 0.1285 0.1285 0.1285 0.1315 0.1315 0.125 0.125 0.125 0.125 0.125 0.1225 0.1225 0.117 0.117 0.1225 0.1225 0.1225 0.1205
0.1205 0.1205 0.1245 0.1245 0.1205 0.1205 0.124 0.124 0.124 0.1255 0.1255 0.1205 0.1205 0.1195 0.1195 0.1175 0.1175 0.1175 0.1215 0.1215 0.125 0.125 0.123 0.123 0.123 0.1175 0.1175 0.1155 0.1155 0.121 0.121 0.121 0.118 0.118 0.118 0.118 0.1175 0.1175 0.1175 0.117 0.117 0.123 0.123 0.117 0.117 0.117 0.123 0.123 0.13 0.13 0.1245 0.1245 0.13 0.13 0.13 0.126 0.126 0.1295 0.1295 0.1285 0.1285 0.1285 0.1315 0.1315 0.125 0.125 0.125 0.125 0.125 0.1225 0.1225 0.117 0.117 0.1225 0.1225 0.1225 0.1205
0.1205 0.1205 0.1245 0.1245 0.13 0.13 0.1265 0.1265 0.1265 0.121 0.121 0.119 0.119 0.1275 0.1275 0.131 0.131 0.131 0.1285 0.1285 0.124 0.124 0.123 0.123 0.123 0.121 0.121 0.1225 0.1225 0.1245 0.1245 0.1245 0.124 0.124 0.124 0.124 0.1205 0.1205 0.1205 0.12 0.12 0.1195 0.1195 0.1225 0.1225 0.1225 0.1305 0.1305 0.128 0.128 0.1225 0.1225 0.1205 0.1205 0.1205 0.131 0.131 0.1345 0.1345 0.1345 0.1345 0.1345 0.135 0.135 0.1285 0.1285 0.131 0.131 0.131 0.1415 0.1415 0.1305 0.1305 0.1215 0.1215 0.1215 0.1195
0.1205 0.1205 0.1245 0.1245 0.13 0.13 0.1265 0.1265 0.1265 0.121 0.121 0.119 0.119 0.1275 0.1275 0.131 0.131 0.131 0.1285 0.1285 0.124 0.124 0.123 0.123 0.123 0.121 0.121 0.1225 0.1225 0.1245 0.1245 0.1245 0.124 0.124 0.124 0.124 0.1205 0.1205 0.1205 0.12 0.12 0.1195 0.1195 0.1225 0.1225 0.1225 0.1305 0.1305 0.128 0.128 0.1225 0.1225 0.1205 0.1205 0.1205 0.131 0.131 0.1345 0.1345 0.1345 0.1345 0.1345 0.135 0.135 0.1285 0.1285 0.131 0.131 0.131 0.1415 0.1415 0.1305 0.1305 0.1215 0.1215 0.1215 0.1195
0.1205 0.1205 0.1245 0.1245 0.13 0.13 0.1265 0.1265 0.1265 0.121 0.121 0.119 0.119 0.1275 0.1275 0.131 0.131 0.131 0.1285 0.1285 0.124 0.124 0.123 0.123 0.123 0.121 0.121 0.1225 0.1225 0.1245 0.1245 0.1245 0.124 0.124 0.124 0.124 0.1205 0.1205 0.1205 0.12 0.12 0.1195 0.1195 0.1225 0.1225 0.1225 0.1305 0.1305 0.128 0.128 0.1225 0.1225 0.1205 0.1205 0.1205 0.131 0.131 0.1345 0.1345 0.1345 0.1345 0.1345 0.135 0.135 0.1285 0.1285 0.131 0.131 0.131 0.1415 0.1415 0.1305 0.1305 0.1215 0.1215 0.1215 0.1195
0.1255 0.1255 0.1295 0.1295 0.1235 0.1235 0.1185 0.1185 0.1185 0.125 0.125 0.1275 0.1275 0.1335 0.1335 0.1275 0.1275 0.1275 0.124 0.124 0.1265 0.1265 0.125 0.125 0.125 0.125 0.125 0.1325 0.1325 0.1395 0.1395 0.1395 0.1365 0.1365 0.1365 0.1365 0.132 0.132 0.132 0.127 0.127 0.1195 0.1195 0.1315 0.1315 0.1315 0.1305 0.1305 0.127 0.127 0.117 0.117 0.1185 0.1185 0.1185 0.128 0.128 0.135 0.135 0.1375 0.1375 0.1375 0.1465 0.1465 0.1355 0.1355 0.1345 0.1345 0.1345 0.1355 0.1355 0.136 0.136 0.1315 0.1315 0.1315 0.1115
0.1255 0.1255 0.1295 0.1295 0.1235 0.1235 0.1185 0.1185 0.1185 0.125 0.125 0.1275 0.1275 0.1335 0.1335 0.1275 0.1275 0.1275 0.124 0.124 0.1265 0.1265 0.125 0.125 0.125 0.125 0.125 0.1325 0.1325 0.1395 0.1395 0.1395 0.1365 0.1365 0.1365 0.1365 0.132 0.132 0.132 0.127 0.127 0.1195 0.1195 0.1315 0.1315 0.1315 0.1305 0.1305 0.127 0.127 0.117 0.117 0.1185 0.1185 0.1185 0.128 0.128 0.135 0.135 0.1375 0.1375 0.1375 0.1465 0.1465 0.1355 0.1355 0.1345 0.1345 0.1345 0.1355 0.1355 0.136 0.136 0.1315 0.1315 0.1315 0.1115
0.125 0.125 0.1255 0.1255 0.1285 0.1285 0.135 0.135 0.135 0.1375 0.1375 0.1435 0.1435 0.1355 0.1355 0.1355 0.1355 0.1355 0.1345 0.1345 0.137 0.137 0.1355 0.1355 0.1355 0.1345 0.1345 0.138 0.138 0.1395 0.1395 0.1395 0.135 0.135 0.1345 0.1345 0.1305 0.1305 0.1305 0.123 0.123 0.1285 0.1285 0.1275 0.1275 0.1275 0.136 0.136 0.132 0.132 0.1285 0.1285 0.1345 0.1345 0.1345 0.131 0.131 0.123 0.123 0.143 0.143 0.143 0.145 0.145 0.1375 0.1375 0.139 0.139 0.139 0.134 0.134 0.1335 0.1335 0.1305 0.1305 0.1305 0.1205
0.125 0.125 0.1255 0.1255 0.1285 0.1285 0.135 0.135 0.135 0.1375 0.1375 0.1435 0.1435 0.1355 0.1355 0.1355 0.1355 0.1355 0.1345 0.1345 0.137 0.137 0.1355 0.1355 0.1355 0.1345 0.1345 0.138 0.138 0.1395 0.1395 0.1395 0.135 0.135 0.1345 0.1345 0.1305 0.1305 0.1305 0.123 0.123 0.1285 0.1285 0.1275 0.1275 0.1275 0.136 0.136 0.132 0.132 0.1285 0.1285 0.1345 0.1345 0.1345 0.131 0.131 0.123 0.123 0.143 0.143 0.143 0.145 0.145 0.1375 0.1375 0.139 0.139 0.139 0.134 0.134 0.1335 0.1335 0.1305 0.1305 0.1305 0.1205
0.127 0.127 0.128 0.128 0.132 0.132 0.146 0.146 0.146 0.1505 0.1505 0.1505 0.1505 0.1425 0.1425 0.145 0.145 0.145 0.141 0.141 0.1475 0.1475 0.1425 0.1425 0.1425 0.139 0.139 0.1345 0.1345 0.1335 0.1335 0.1335 0.1325 0.1325 0.136 0.136 0.1305 0.1305 0.1305 0.129 0.129 0.1275 0.1275 0.1365 0.1365 0.1365 0.1355 0.1355 0.1345 0.1345 0.1315 0.1315 0.1285 0.1285 0.1285 0.123 0.123 0.132 0.132 0.141 0.141 0.141 0.1475 0.1475 0.1535 0.1535 0.1415 0.1415 0.1415 0.134 0.134 0.128 0.128 0.1275 0.1275 0.1275 0.13
0.127 0.127 0.128 0.128 0.132 0.132 0.146 0.146 0.146 0.1505 0.1505 0.1505 0.1505 0.1425 0.1425 0.145 0.145 0.145 0.141 0.141 0.1475 0.1475 0.1425 0.1425 0.1425 0.139 0.139 0.1345 0.1345 0.1335 0.1335 0.1335 0.1325 0.1325 0.136 0.136 0.1305 0.1305 0.1305 0.129 0.129 0.1275 0.1275 0.1365 0.1365 0.1365 0.1355 0.1355 0.1345 0.1345 0.1315 0.1315 0.1285 0.1285 0.1285 0.123 0.123 0.132 0.132 0.141 0.141 0.141 0.1475 0.1475 0.1535 0.1535 0.1415 0.1415 0.1415 0.134 0.134 0.128 0.128 0.1275 0.1275 0.1275 0.13
0.127 0.127 0.128 0.128 0.132 0.132 0.146 0.146 0.146 0.1505 0.1505 0.1505 0.1505 0.1425 0.1425 0.145 0.145 0.145 0.141 0.141 0.1475 0.1475 0.1425 0.1425 0.1425 0.139 0.139 0.1345 0.1345 0.1335 0.1335 0.1335 0.1325 0.1325 0.136 0.136 0.1305 0.1305 0.1305 0.129 0.129 0.1275 0.1275 0.1365 0.1365 0.1365 0.1355 0.1355 0.1345 0.1345 0.1315 0.1315 0.1285 0.1285 0.1285 0.123 0.123 0.132 0.132 0.141 0.141 0.141 0.1475 0.1475 0.1535 0.1535 0.1415 0.1415 0.1415 0.134 0.134 0.128 0.128 0.1275 0.1275 0.1275 0.13
0.132 0.132 0.1445 0.1445 0.1435 0.1435 0.1515 0.1515 0.1515 0.154 0.154 0.156 0.156 0.151 0.151 0.1665 0.1665 0.1665 0.149 0.149 0.1405 0.1405 0.1355 0.1355 0.1355 0.1385 0.1385 0.143 0.143 0.139 0.139 0.139 0.137 0.137 0.1415 0.1415 0.1365 0.1365 0.1365 0.1295 0.1295 0.1455 0.1455 0.1415 0.1415 0.1415 0.1385 0.1385 0.139 0.139 0.146 0.146 0.1355 0.1355 0.1355 0.1395 0.1395 0.1365 0.1365 0.1475 0.1475 0.1475 0.1495 0.1495 0.1495 0.1495 0.142 0.142 0.142 0.1335 0.1335 0.124 0.124 0.132 0.132 0.132 0.134
0.132 0.132 0.1445 0.1445 0.1435 0.1435 0.1515 0.1515 0.1515 0.154 0.154 0.156 0.156 0.151 0.151 0.1665 0.1665 0.1665 0.149 0.149 0.1405 0.1405 0.1355 0.1355 0.1355 0.1385 0.1385 0.143 0.143 0.139 0.139 0.139 0.137 0.137 0.1415 0.1415 0.1365 0.1365 0.1365 0.1295 0.1295 0.1455 0.1455 0.1415 0.1415 0.1415 0.1385 0.1385 0.139 0.139 0.146 0.146 0.1355 0.1355 0.1355 0.1395 0.1395 0.1365 0.1365 0.1475 0.1475 0.1475 0.1495 0.1495 0.1495 0.1495 0.142 0.142 0.142 0.1335 0.1335 0.124 0.124 0.132 0.132 0.132 0.134
0.1485 0.1485 0.1555 0.1555 0.141 0.141 0.1405 0.1405 0.1405 0.1525 0.1525 0.161 0.161 0.164 0.164 0.176 0.176 0.176 0.1645 0.1645 0.1515 0.1515 0.1425 0.1425 0.1425 0.141 0.141 0.1505 0.1505 0.149 0.149 0.149 0.1445 0.1445 0.1425 0.1425 0.1425 0.1425 0.1425 0.1445 0.1445 0.1385 0.1385 0.147 0.147 0.147 0.145 0.145 0.1465 0.1465 0.157 0.157 0.1535 0.1535 0.1535 0.154 0.154 0.148 0.148 0.1535 0.1535 0.1535 0.1525 0.1525 0.152 0.152 0.139 0.139 0.139 0.132 0.132 0.129 0.129 0.1295 0.1295 0.1295 0.147
0.1485 0.1485 0.1555 0.1555 0.141 0.141 0.1405 0.1405 0.1405 0.1525 0.1525 0.161 0.161 0.164 0.164 0.176 0.176 0.176 0.1645 0.1645 0.1515 0.1515 0.1425 0.1425 0.1425 0.141 0.141 0.1505 0.1505 0.149 0.149 0.149 0.1445 0.1445 0.1425 0.1425 0.1425 0.1425 0.1425 0.1445 0.1445 0.1385 0.1385 0.147 0.147 0.147 0.145 0.145 0.1465 0.1465 0.157 0.157 0.1535 0.1535 0.1535 0.154 0.154 0.148 0.148 0.1535 0.1535 0.1535 0.1525 0.1525 0.152 0.152 0.139 0.139 0.139 0.132 0.132 0.129 0.129 0.1295 0.1295 0.1295 0.147
0.1595 0.1595 0.154 0.154 0.1425 0.1425 0.14 0.14 0.14 0.1385 0.1385 0.1505 0.1505 0.169 0.169 0.166 0.166 0.166 0.16 0.16 0.1615 0.1615 0.1635 0.1635 0.1635 0.161 0.161 0.1535 0.1535 0.152 0.152 0.152 0.1485 0.1485 0.153 0.153 0.1475 0.1475 0.1475 0.145 0.145 0.147 0.147 0.17 0.17 0.17 0.1665 0.1665 0.1665 0.1665 0.1625 0.1625 0.156 0.156 0.156 0.153 0.153 0.152 0.152 0.1475 0.1475 0.1475 0.154 0.154 0.1535 0.1535 0.157 0.157 0.157 0.1485 0.1485 0.1435 0.1435 0.1435 0.1435 0.1435 0.1425
0.1595 0.1595 0.154 0.154 0.1425 0.1425 0.14 0.14 0.14 0.1385 0.1385 0.1505 0.1505 0.169 0.169 0.166 0.166 0.166 0.16 0.16 0.1615 0.1615 0.1635 0.1635 0.1635 0.161 0.161 0.1535 0.1535 0.152 0.152 0.152 0.1485 0.1485 0.153 0.153 0.1475 0.1475 0.1475 0.145 0.145 0.147 0.147 0.17 0.17 0.17 0.1665 0.1665 0.1665 0.1665 0.1625 0.1625 0.156 0.156 0.156 0.153 0.153 0.152 0.152 0.1475 0.1475 0.1475 0.154 0.154 0.1535 0.1535 0.157 0.157 0.157 0.1485 0.1485 0.1435 0.1435 0.1435 0.1435 0.1435 0.1425
