ndvi/NOAA-356.asc
ncols         252
nrows         154
xllcorner     -18.017974
yllcorner     13.481982
cellsize      0.035948
NODATA_value  -9999
[rows 34 to 67 of 154, columns 154 to 230 of 252]
0.1195 0.124 0.124 0.134 0.134 0.134 0.127 0.127 0.1135 0.1135 0.1105 0.1105 0.1015 0.1015 0.1015 0.117 0.117 0.1095 0.1095 0.1145 0.1145 0.1145 0.1155 0.1155 0.1325 0.1325 0.123 0.123 0.123 0.1235 0.1235 0.107 0.107 0.111 0.111 0.111 0.122 0.122 0.122 0.122 0.121 0.121 0.121 0.113 0.113 0.1095 0.1095 0.1215 0.1215 0.1105 0.1105 0.1105 0.123 0.123 0.112 0.112 0.108 0.108 0.108 0.1 0.1 0.101 0.101 0.104 0.104 0.104 0.101 0.101 0.093 0.093 0.098 0.098 0.098 0.09100001 0.09100001 0.0985 0.0985
0.1195 0.124 0.124 0.134 0.134 0.134 0.127 0.127 0.1135 0.1135 0.1105 0.1105 0.1015 0.1015 0.1015 0.117 0.117 0.1095 0.1095 0.1145 0.1145 0.1145 0.1155 0.1155 0.1325 0.1325 0.123 0.123 0.123 0.1235 0.1235 0.107 0.107 0.111 0.111 0.111 0.122 0.122 0.122 0.122 0.121 0.121 0.121 0.113 0.113 0.1095 0.1095 0.1215 0.1215 0.1105 0.1105 0.1105 0.123 0.123 0.112 0.112 0.108 0.108 0.108 0.1 0.1 0.101 0.101 0.104 0.104 0.104 0.101 0.101 0.093 0.093 0.098 0.098 0.098 0.09100001 0.09100001 0.0985 0.0985
0.1195 0.124 0.124 0.134 0.134 0.134 0.127 0.127 0.1135 0.1135 0.1105 0.1105 0.1015 0.1015 0.1015 0.117 0.117 0.1095 0.1095 0.1145 0.1145 0.1145 0.1155 0.1155 0.1325 0.1325 0.123 0.123 0.123 0.1235 0.1235 0.107 0.107 0.111 0.111 0.111 0.122 0.122 0.122 0.122 0.121 0.121 0.121 0.113 0.113 0.1095 0.1095 0.1215 0.1215 0.1105 0.1105 0.1105 0.123 0.123 0.112 0.112 0.108 0.108 0.108 0.1 0.1 0.101 0.101 0.104 0.104 0.104 0.101 0.101 0.093 0.093 0.098 0.098 0.098 0.09100001 0.09100001 0.0985 0.0985
0.146 0.1155 0.1155 0.101 0.101 0.101 0.12 0.12 0.122 0.122 0.1115 0.1115 0.1165 0.1165 0.1165 0.09999999 0.09999999 0.1135 0.1135 0.104 0.104 0.104 0.1185 0.1185 0.128 0.128 0.136 0.136 0.136 0.1275 0.1275 0.117 0.117 0.113 0.113 0.113 0.114 0.114 0.123 0.123 0.116 0.116 0.116 0.1145 0.1145 0.1125 0.1125 0.1295 0.1295 0.134 0.134 0.134 0.111 0.111 0.105 0.105 0.1205 0.1205 0.1205 0.105 0.105 0.1095 0.1095 0.104 0.104 0.104 0.0955 0.0955 0.097 0.097 0.105 0.105 0.105 0.106 0.106 0.114 0.114
0.146 0.1155 0.1155 0.101 0.101 0.101 0.12 0.12 0.122 0.122 0.1115 0.1115 0.1165 0.1165 0.1165 0.09999999 0.09999999 0.1135 0.1135 0.104 0.104 0.104 0.1185 0.1185 0.128 0.128 0.136 0.136 0.136 0.1275 0.1275 0.117 0.117 0.113 0.113 0.113 0.114 0.114 0.123 0.123 0.116 0.116 0.116 0.1145 0.1145 0.1125 0.1125 0.1295 0.1295 0.134 0.134 0.134 0.111 0.111 0.105 0.105 0.1205 0.1205 0.1205 0.105 0.105 0.1095 0.1095 0.104 0.104 0.104 0.0955 0.0955 0.097 0.097 0.105 0.105 0.105 0.106 0.106 0.114 0.114
0.1015 0.127 0.127 0.12 0.12 0.12 0.112 0.112 0.112 0.112 0.0975 0.0975 0.105 0.105 0.105 0.106 0.106 0.0885 0.0885 0.1055 0.1055 0.1055 0.1355 0.1355 0.1485 0.1485 0.1405 0.1405 0.1405 0.124 0.124 0.1125 0.1125 0.0875 0.0875 0.0875 0.12 0.12 0.1115 0.1115 0.115 0.115 0.115 0.1165 0.1165 0.128 0.128 0.14 0.14 0.1385 0.1385 0.1385 0.117 0.117 0.1225 0.1225 0.1275 0.1275 0.1275 0.1245 0.1245 0.1195 0.1195 0.112 0.112 0.112 0.1035 0.1035 0.1105 0.1105 0.108 0.108 0.108 0.107 0.107 0.1025 0.1025
0.1015 0.127 0.127 0.12 0.12 0.12 0.112 0.112 0.112 0.112 0.0975 0.0975 0.105 0.105 0.105 0.106 0.106 0.0885 0.0885 0.1055 0.1055 0.1055 0.1355 0.1355 0.1485 0.1485 0.1405 0.1405 0.1405 0.124 0.124 0.1125 0.1125 0.0875 0.0875 0.0875 0.12 0.12 0.1115 0.1115 0.115 0.115 0.115 0.1165 0.1165 0.128 0.128 0.14 0.14 0.1385 0.1385 0.1385 0.117 0.117 0.1225 0.1225 0.1275 0.1275 0.1275 0.1245 0.1245 0.1195 0.1195 0.112 0.112 0.112 0.1035 0.1035 0.1105 0.1105 0.108 0.108 0.108 0.107 0.107 0.1025 0.1025
0.1485 0.142 0.142 0.119 0.119 0.119 0.129 0.129 0.1025 0.1025 0.1035 0.1035 0.11 0.11 0.11 0.1055 0.1055 0.1155 0.1155 0.125 0.125 0.125 0.1455 0.1455 0.143 0.143 0.1615 0.1615 0.1615 0.132 0.132 0.122 0.122 0.101 0.101 0.101 0.085 0.085 0.0815 0.0815 0.093 0.093 0.093 0.141 0.141 0.126 0.126 0.1285 0.1285 0.109 0.109 0.109 0.1145 0.1145 0.1265 0.1265 0.1465 0.1465 0.1465 0.1455 0.1455 0.199 0.199 0.222 0.222 0.222 0.1495 0.1495 0.126 0.126 0.113 0.113 0.113 0.114 0.114 0.1205 0.1205
0.1485 0.142 0.142 0.119 0.119 0.119 0.129 0.129 0.1025 0.1025 0.1035 0.1035 0.11 0.11 0.11 0.1055 0.1055 0.1155 0.1155 0.125 0.125 0.125 0.1455 0.1455 0.143 0.143 0.1615 0.1615 0.1615 0.132 0.132 0.122 0.122 0.101 0.101 0.101 0.085 0.085 0.0815 0.0815 0.093 0.093 0.093 0.141 0.141 0.126 0.126 0.1285 0.1285 0.109 0.109 0.109 0.1145 0.1145 0.1265 0.1265 0.1465 0.1465 0.1465 0.1455 0.1455 0.199 0.199 0.222 0.222 0.222 0.1495 0.1495 0.126 0.126 0.113 0.113 0.113 0.114 0.114 0.1205 0.1205
0.1485 0.142 0.142 0.119 0.119 0.119 0.129 0.129 0.1025 0.1025 0.1035 0.1035 0.11 0.11 0.11 0.1055 0.1055 0.1155 0.1155 0.125 0.125 0.125 0.1455 0.1455 0.143 0.143 0.1615 0.1615 0.1615 0.132 0.132 0.122 0.122 0.101 0.101 0.101 0.085 0.085 0.0815 0.0815 0.093 0.093 0.093 0.141 0.141 0.126 0.126 0.1285 0.1285 0.109 0.109 0.109 0.1145 0.1145 0.1265 0.1265 0.1465 0.1465 0.1465 0.1455 0.1455 0.199 0.199 0.222 0.222 0.222 0.1495 0.1495 0.126 0.126 0.113 0.113 0.113 0.114 0.114 0.1205 0.1205
0.12 0.113 0.113 0.125 0.125 0.125 0.1225 0.1225 0.09 0.09 0.09649999 0.09649999 0.0865 0.0865 0.0865 0.0905 0.0905 0.1365 0.1365 0.1265 0.1265 0.1265 0.137 0.137 0.105 0.105 0.121 0.121 0.121 0.124 0.124 0.1145 0.1145 0.1215 0.1215 0.1215 0.1185 0.1185 0.131 0.131 0.1315 0.1315 0.1315 0.121 0.121 0.1375 0.1375 0.139 0.139 0.1205 0.1205 0.1205 0.1345 0.1345 0.127 0.127 0.1535 0.1535 0.1535 0.1495 0.1495 0.162 0.162 0.1775 0.1775 0.1775 0.1485 0.1485 0.129 0.129 0.125 0.125 0.125 0.1315 0.1315 0.1285 0.1285
0.12 0.113 0.113 0.125 0.125 0.125 0.1225 0.1225 0.09 0.09 0.09649999 0.09649999 0.0865 0.0865 0.0865 0.0905 0.0905 0.1365 0.1365 0.1265 0.1265 0.1265 0.137 0.137 0.105 0.105 0.121 0.121 0.121 0.124 0.124 0.1145 0.1145 0.1215 0.1215 0.1215 0.1185 0.1185 0.131 0.131 0.1315 0.1315 0.1315 0.121 0.121 0.1375 0.1375 0.139 0.139 0.1205 0.1205 0.1205 0.1345 0.1345 0.127 0.127 0.1535 0.1535 0.1535 0.1495 0.1495 0.162 0.162 0.1775 0.1775 0.1775 0.1485 0.1485 0.129 0.129 0.125 0.125 0.125 0.1315 0.1315 0.1285 0.1285
0.117 0.1255 0.1255 0.16 0.16 0.16 0.178 0.178 0.2135 0.2135 0.212 0.212 0.205 0.205 0.205 0.1905 0.1905 0.1795 0.1795 0.205 0.205 0.205 0.1565 0.1565 0.128 0.128 0.1275 0.1275 0.1275 0.1525 0.1525 0.1465 0.1465 0.133 0.133 0.133 0.133 0.133 0.128 0.128 0.136 0.136 0.136 0.161 0.161 0.138 0.138 0.1395 0.1395 0.1165 0.1165 0.1165 0.206 0.206 0.1875 0.1875 0.1885 0.1885 0.1885 0.176 0.176 0.163 0.163 0.127 0.127 0.127 0.145 0.145 0.1335 0.1335 0.143 0.143 0.143 0.1455 0.1455 0.181 0.181
0.117 0.1255 0.1255 0.16 0.16 0.16 0.178 0.178 0.2135 0.2135 0.212 0.212 0.205 0.205 0.205 0.1905 0.1905 0.1795 0.1795 0.205 0.205 0.205 0.1565 0.1565 0.128 0.128 0.1275 0.1275 0.1275 0.1525 0.1525 0.1465 0.1465 0.133 0.133 0.133 0.133 0.133 0.128 0.128 0.136 0.136 0.136 0.161 0.161 0.138 0.138 0.1395 0.1395 0.1165 0.1165 0.1165 0.206 0.206 0.1875 0.1875 0.1885 0.1885 0.1885 0.176 0.176 0.163 0.163 0.127 0.127 0.127 0.145 0.145 0.1335 0.1335 0.143 0.143 0.143 0.1455 0.1455 0.181 0.181
0.125 0.0815 0.0815 0.1895 0.1895 0.1895 0.1975 0.1975 0.194 0.194 0.183 0.183 0.173 0.173 0.173 0.2215 0.2215 0.1895 0.1895 0.2145 0.2145 0.2145 0.1565 0.1565 0.1965 0.1965 0.174 0.174 0.174 0.198 0.198 0.165 0.165 0.1365 0.1365 0.1365 0.16 0.16 0.154 0.154 0.1565 0.1565 0.1565 0.1735 0.1735 0.18 0.18 0.1415 0.1415 0.1315 0.1315 0.1315 0.1635 0.1635 0.17 0.17 0.2465 0.2465 0.2465 0.179 0.179 0.19 0.19 0.1565 0.1565 0.1565 0.136 0.136 0.123 0.123 0.142 0.142 0.142 0.143 0.143 0.138 0.138
0.125 0.0815 0.0815 0.1895 0.1895 0.1895 0.1975 0.1975 0.194 0.194 0.183 0.183 0.173 0.173 0.173 0.2215 0.2215 0.1895 0.1895 0.2145 0.2145 0.2145 0.1565 0.1565 0.1965 0.1965 0.174 0.174 0.174 0.198 0.198 0.165 0.165 0.1365 0.1365 0.1365 0.16 0.16 0.154 0.154 0.1565 0.1565 0.1565 0.1735 0.1735 0.18 0.18 0.1415 0.1415 0.1315 0.1315 0.1315 0.1635 0.1635 0.17 0.17 0.2465 0.2465 0.2465 0.179 0.179 0.19 0.19 0.1565 0.1565 0.1565 0.136 0.136 0.123 0.123 0.142 0.142 0.142 0.143 0.143 0.138 0.138
0.125 0.0815 0.0815 0.1895 0.1895 0.1895 0.1975 0.1975 0.194 0.194 0.183 0.183 0.173 0.173 0.173 0.2215 0.2215 0.1895 0.1895 0.2145 0.2145 0.2145 0.1565 0.1565 0.1965 0.1965 0.174 0.174 0.174 0.198 0.198 0.165 0.165 0.1365 0.1365 0.1365 0.16 0.16 0.154 0.154 0.1565 0.1565 0.1565 0.1735 0.1735 0.18 0.18 0.1415 0.1415 0.1315 0.1315 0.1315 0.1635 0.1635 0.17 0.17 0.2465 0.2465 0.2465 0.179 0.179 0.19 0.19 0.1565 0.1565 0.1565 0.136 0.136 0.123 0.123 0.142 0.142 0.142 0.143 0.143 0.138 0.138
0.126 0.132 0.132 0.195 0.195 0.195 0.1935 0.1935 0.194 0.194 0.187 0.187 0.2155 0.2155 0.2155 0.201 0.201 0.1975 0.1975 0.196 0.196 0.196 0.1845 0.1845 0.1675 0.1675 0.2275 0.2275 0.2275 0.2575 0.2575 0.2245 0.2245 0.241 0.241 0.241 0.1755 0.1755 0.182 0.182 0.21 0.21 0.21 0.148 0.148 0.1635 0.1635 0.142 0.142 0.0945 0.0945 0.0945 0.0995 0.0995 0.108 0.108 0.152 0.152 0.152 0.1875 0.1875 0.207 0.207 0.186 0.186 0.186 0.178 0.178 0.1885 0.1885 0.177 0.177 0.177 0.1565 0.1565 0.125 0.125
0.126 0.132 0.132 0.195 0.195 0.195 0.1935 0.1935 0.194 0.194 0.187 0.187 0.2155 0.2155 0.2155 0.201 0.201 0.1975 0.1975 0.196 0.196 0.196 0.1845 0.1845 0.1675 0.1675 0.2275 0.2275 0.2275 0.2575 0.2575 0.2245 0.2245 0.241 0.241 0.241 0.1755 0.1755 0.182 0.182 0.21 0.21 0.21 0.148 0.148 0.1635 0.1635 0.142 0.142 0.0945 0.0945 0.0945 0.0995 0.0995 0.108 0.108 0.152 0.152 0.152 0.1875 0.1875 0.207 0.207 0.186 0.186 0.186 0.178 0.178 0.1885 0.1885 0.177 0.177 0.177 0.1565 0.1565 0.125 0.125
0.143 0.137 0.137 0.234 0.234 0.234 0.264 0.264 0.2575 0.2575 0.24 0.24 0.249 0.249 0.249 0.2835 0.2835 0.178 0.178 0.1585 0.1585 0.1585 0.1895 0.1895 0.2245 0.2245 0.3095 0.3095 0.3095 0.32 0.32 0.3065 0.3065 0.3 0.3 0.3 0.2275 0.2275 0.2295 0.2295 0.2285 0.2285 0.2285 0.1705 0.1705 0.1375 0.1375 0.12 0.12 0.111 0.111 0.111 0.1355 0.1355 0.214 0.214 0.2095 0.2095 0.2095 0.2345 0.2345 0.266 0.266 0.1835 0.1835 0.1835 0.2225 0.2225 0.245 0.245 0.21 0.21 0.21 0.205 0.205 0.1745 0.1745
0.143 0.137 0.137 0.234 0.234 0.234 0.264 0.264 0.2575 0.2575 0.24 0.24 0.249 0.249 0.249 0.2835 0.2835 0.178 0.178 0.1585 0.1585 0.1585 0.1895 0.1895 0.2245 0.2245 0.3095 0.3095 0.3095 0.32 0.32 0.3065 0.3065 0.3 0.3 0.3 0.2275 0.2275 0.2295 0.2295 0.2285 0.2285 0.2285 0.1705 0.1705 0.1375 0.1375 0.12 0.12 0.111 0.111 0.111 0.1355 0.1355 0.214 0.214 0.2095 0.2095 0.2095 0.2345 0.2345 0.266 0.266 0.1835 0.1835 0.1835 0.2225 0.2225 0.245 0.245 0.21 0.21 0.21 0.205 0.205 0.1745 0.1745
0.135 0.107 0.107 0.214 0.214 0.214 0.1825 0.1825 0.2155 0.2155 0.2175 0.2175 0.228 0.228 0.228 0.2345 0.2345 0.2075 0.2075 0.228 0.228 0.228 0.2345 0.2345 0.2955 0.2955 0.2485 0.2485 0.2485 0.205 0.205 0.255 0.255 0.223 0.223 0.223 0.228 0.228 0.273 0.273 0.225 0.225 0.225 0.2185 0.2185 0.1775 0.1775 0.2045 0.2045 0.1975 0.1975 0.1975 0.1365 0.1365 0.241 0.241 0.2235 0.2235 0.2235 0.204 0.204 0.262 0.262 0.2365 0.2365 0.2365 0.183 0.183 0.239 0.239 0.253 0.253 0.253 0.2475 0.2475 0.1555 0.1555
0.135 0.107 0.107 0.214 0.214 0.214 0.1825 0.1825 0.2155 0.2155 0.2175 0.2175 0.228 0.228 0.228 0.2345 0.2345 0.2075 0.2075 0.228 0.228 0.228 0.2345 0.2345 0.2955 0.2955 0.2485 0.2485 0.2485 0.205 0.205 0.255 0.255 0.223 0.223 0.223 0.228 0.228 0.273 0.273 0.225 0.225 0.225 0.2185 0.2185 0.1775 0.1775 0.2045 0.2045 0.1975 0.1975 0.1975 0.1365 0.1365 0.241 0.241 0.2235 0.2235 0.2235 0.204 0.204 0.262 0.262 0.2365 0.2365 0.2365 0.183 0.183 0.239 0.239 0.253 0.253 0.253 0.2475 0.2475 0.1555 0.1555
0.1415 0.1035 0.1035 0.15 0.15 0.15 0.223 0.223 0.1975 0.1975 0.213 0.213 0.2025 0.2025 0.2025 0.2175 0.2175 0.263 0.263 0.2695 0.2695 0.2695 0.2995 0.2995 0.273 0.273 0.27 0.27 0.27 0.25 0.25 0.282 0.282 0.262 0.262 0.262 0.2945 0.2945 0.2945 0.2945 0.262 0.262 0.262 0.2135 0.2135 0.218 0.218 0.1565 0.1565 0.1905 0.1905 0.1905 0.1675 0.1675 0.1395 0.1395 0.159 0.159 0.159 0.268 0.268 0.206 0.206 0.2255 0.2255 0.2255 0.2225 0.2225 0.2475 0.2475 0.1805 0.1805 0.1805 0.1985 0.1985 0.2105 0.2105
0.1415 0.1035 0.1035 0.15 0.15 0.15 0.223 0.223 0.1975 0.1975 0.213 0.213 0.2025 0.2025 0.2025 0.2175 0.2175 0.263 0.263 0.2695 0.2695 0.2695 0.2995 0.2995 0.273 0.273 0.27 0.27 0.27 0.25 0.25 0.282 0.282 0.262 0.262 0.262 0.2945 0.2945 0.2945 0.2945 0.262 0.262 0.262 0.2135 0.2135 0.218 0.218 0.1565 0.1565 0.1905 0.1905 0.1905 0.1675 0.1675 0.1395 0.1395 0.159 0.159 0.159 0.268 0.268 0.206 0.206 0.2255 0.2255 0.2255 0.2225 0.2225 0.2475 0.2475 0.1805 0.1805 0.1805 0.1985 0.1985 0.2105 0.2105
0.1415 0.1035 0.1035 0.15 0.15 0.15 0.223 0.223 0.1975 0.1975 0.213 0.213 0.2025 0.2025 0.2025 0.2175 0.2175 0.263 0.263 0.2695 0.2695 0.2695 0.2995 0.2995 0.273 0.273 0.27 0.27 0.27 0.25 0.25 0.282 0.282 0.262 0.262 0.262 0.2945 0.2945 0.2945 0.2945 0.262 0.262 0.262 0.2135 0.2135 0.218 0.218 0.1565 0.1565 0.1905 0.1905 0.1905 0.1675 0.1675 0.1395 0.1395 0.159 0.159 0.159 0.268 0.268 0.206 0.206 0.2255 0.2255 0.2255 0.2225 0.2225 0.2475 0.2475 0.1805 0.1805 0.1805 0.1985 0.1985 0.2105 0.2105
0.097 0.116 0.116 0.1525 0.1525 0.1525 0.172 0.172 0.193 0.193 0.216 0.216 0.212 0.212 0.212 0.209 0.209 0.2825 0.2825 0.283 0.283 0.283 0.2715 0.2715 0.2465 0.2465 0.293 0.293 0.293 0.293 0.293 0.332 0.332 0.3235 0.3235 0.3235 0.31 0.31 0.3355 0.3355 0.2425 0.2425 0.2425 0.2355 0.2355 0.1805 0.1805 0.1495 0.1495 0.21 0.21 0.21 0.2065 0.2065 0.105 0.105 0.1685 0.1685 0.1685 0.2295 0.2295 0.2305 0.2305 0.2495 0.2495 0.2495 0.215 0.215 0.2105 0.2105 0.17 0.17 0.17 0.165 0.165 0.1895 0.1895
0.097 0.116 0.116 0.1525 0.1525 0.1525 0.172 0.172 0.193 0.193 0.216 0.216 0.212 0.212 0.212 0.209 0.209 0.2825 0.2825 0.283 0.283 0.283 0.2715 0.2715 0.2465 0.2465 0.293 0.293 0.293 0.293 0.293 0.332 0.332 0.3235 0.3235 0.3235 0.31 0.31 0.3355 0.3355 0.2425 0.2425 0.2425 0.2355 0.2355 0.1805 0.1805 0.1495 0.1495 0.21 0.21 0.21 0.2065 0.2065 0.105 0.105 0.1685 0.1685 0.1685 0.2295 0.2295 0.2305 0.2305 0.2495 0.2495 0.2495 0.215 0.215 0.2105 0.2105 0.17 0.17 0.17 0.165 0.165 0.1895 0.1895
0.193 0.177 0.177 0.168 0.168 0.168 0.178 0.178 0.182 0.182 0.178 0.178 0.211 0.211 0.211 0.255 0.255 0.3095 0.3095 0.332 0.332 0.332 0.311 0.311 0.2435 0.2435 0.3005 0.3005 0.3005 0.3085 0.3085 0.3085 0.3085 0.319 0.319 0.319 0.3485 0.3485 0.302 0.302 0.2525 0.2525 0.2525 0.242 0.242 0.268 0.268 0.269 0.269 0.241 0.241 0.241 0.1975 0.1975 0.2145 0.2145 0.2215 0.2215 0.2215 0.1895 0.1895 0.22 0.22 0.2525 0.2525 0.2525 0.244 0.244 0.294 0.294 0.1875 0.1875 0.1875 0.2525 0.2525 0.1955 0.1955
0.193 0.177 0.177 0.168 0.168 0.168 0.178 0.178 0.182 0.182 0.178 0.178 0.211 0.211 0.211 0.255 0.255 0.3095 0.3095 0.332 0.332 0.332 0.311 0.311 0.2435 0.2435 0.3005 0.3005 0.3005 0.3085 0.3085 0.3085 0.3085 0.319 0.319 0.319 0.3485 0.3485 0.302 0.302 0.2525 0.2525 0.2525 0.242 0.242 0.268 0.268 0.269 0.269 0.241 0.241 0.241 0.1975 0.1975 0.2145 0.2145 0.2215 0.2215 0.2215 0.1895 0.1895 0.22 0.22 0.2525 0.2525 0.2525 0.244 0.244 0.294 0.294 0.1875 0.1875 0.1875 0.2525 0.2525 0.1955 0.1955
0.1665 0.086 0.086 0.1085 0.1085 0.1085 0.113 0.113 0.148 0.148 0.2015 0.2015 0.238 0.238 0.238 0.296 0.296 0.3205 0.3205 0.3185 0.3185 0.3185 0.318 0.318 0.323 0.323 0.289 0.289 0.289 0.1985 0.1985 0.1845 0.1845 0.2105 0.2105 0.2105 0.253 0.253 0.3115 0.3115 0.3035 0.3035 0.3035 0.3305 0.3305 0.322 0.322 0.2745 0.2745 0.214 0.214 0.214 0.274 0.274 0.2755 0.2755 0.2425 0.2425 0.2425 0.211 0.211 0.241 0.241 0.2765 0.2765 0.2765 0.2935 0.2935 0.324 0.324 0.301 0.301 0.301 0.221 0.221 0.2625 0.2625
0.1665 0.086 0.086 0.1085 0.1085 0.1085 0.113 0.113 0.148 0.148 0.2015 0.2015 0.238 0.238 0.238 0.296 0.296 0.3205 0.3205 0.3185 0.3185 0.3185 0.318 0.318 0.323 0.323 0.289 0.289 0.289 0.1985 0.1985 0.1845 0.1845 0.2105 0.2105 0.2105 0.253 0.253 0.3115 0.3115 0.3035 0.3035 0.3035 0.3305 0.3305 0.322 0.322 0.2745 0.2745 0.214 0.214 0.214 0.274 0.274 0.2755 0.2755 0.2425 0.2425 0.2425 0.211 0.211 0.241 0.241 0.2765 0.2765 0.2765 0.2935 0.2935 0.324 0.324 0.301 0.301 0.301 0.221 0.221 0.2625 0.2625
0.1665 0.086 0.086 0.1085 0.1085 0.1085 0.113 0.113 0.148 0.148 0.2015 0.2015 0.238 0.238 0.238 0.296 0.296 0.3205 0.3205 0.3185 0.3185 0.3185 0.318 0.318 0.323 0.323 0.289 0.289 0.289 0.1985 0.1985 0.1845 0.1845 0.2105 0.2105 0.2105 0.253 0.253 0.3115 0.3115 0.3035 0.3035 0.3035 0.3305 0.3305 0.322 0.322 0.2745 0.2745 0.214 0.214 0.214 0.274 0.274 0.2755 0.2755 0.2425 0.2425 0.2425 0.211 0.211 0.241 0.241 0.2765 0.2765 0.2765 0.2935 0.2935 0.324 0.324 0.301 0.301 0.301 0.221 0.221 0.2625 0.2625
0.167 0.146 0.146 0.169 0.169 0.169 0.1625 0.1625 0.1825 0.1825 0.195 0.195 0.244 0.244 0.244 0.3515 0.3515 0.3595 0.3595 0.422 0.422 0.422 0.3575 0.3575 0.357 0.357 0.342 0.342 0.342 0.305 0.305 0.317 0.317 0.303 0.303 0.303 0.239 0.239 0.2795 0.2795 0.2605 0.2605 0.2605 0.26 0.26 0.268 0.268 0.263 0.263 0.3235 0.3235 0.3235 0.3535 0.3535 0.3235 0.3235 0.376 0.376 0.376 0.316 0.316 0.3075 0.3075 0.2745 0.2745 0.2745 0.359 0.359 0.304 0.304 0.3495 0.3495 0.3495 0.326 0.326 0.3115 0.3115
