ndvi/NOAA-153.asc
ncols         252
nrows         154
xllcorner     -18.017974
yllcorner     13.481982
cellsize      0.035948
NODATA_value  -9999
[rows 102 to 135 of 154, columns 154 to 230 of 252]
0.5405 0.5105 0.5105 0.4245 0.4245 0.4245 0.342 0.342 0.4515 0.4515 0.4465 0.4465 0.5145 0.5145 0.5145 0.5205 0.5205 0.494 0.494 0.4995 0.4995 0.4995 0.541 0.541 0.5845 0.5845 0.563 0.563 0.563 0.5545 0.5545 0.5925 0.5925 0.5985 0.5985 0.5985 0.576 0.576 0.5405 0.5405 0.504 0.504 0.504 0.5335 0.5335 0.5535 0.5535 0.4975 0.4975 0.55 0.55 0.55 0.479 0.479 0.4235 0.4235 0.5225 0.5225 0.5225 0.56 0.56 0.555 0.555 0.5365 0.5365 0.5365 0.5665 0.5665 0.534 0.534 0.462 0.462 0.462 0.5445 0.5445 0.592 0.592
0.4915 0.491 0.491 0.5325 0.5325 0.5325 0.3775 0.3775 0.502 0.502 0.468 0.468 0.486 0.486 0.486 0.5055 0.5055 0.4755 0.4755 0.469 0.469 0.469 0.489 0.489 0.5295 0.5295 0.565 0.565 0.565 0.513 0.513 0.623 0.623 0.5435 0.5435 0.5435 0.571 0.571 0.5395 0.5395 0.494 0.494 0.494 0.5395 0.5395 0.5105 0.5105 0.518 0.518 0.492 0.492 0.492 0.535 0.535 0.477 0.477 0.5395 0.5395 0.5395 0.6055 0.6055 0.5065 0.5065 0.552 0.552 0.552 0.5375 0.5375 0.5265 0.5265 0.4775 0.4775 0.4775 0.4845 0.4845 0.5545 0.5545
0.4915 0.491 0.491 0.5325 0.5325 0.5325 0.3775 0.3775 0.502 0.502 0.468 0.468 0.486 0.486 0.486 0.5055 0.5055 0.4755 0.4755 0.469 0.469 0.469 0.489 0.489 0.5295 0.5295 0.565 0.565 0.565 0.513 0.513 0.623 0.623 0.5435 0.5435 0.5435 0.571 0.571 0.5395 0.5395 0.494 0.494 0.494 0.5395 0.5395 0.5105 0.5105 0.518 0.518 0.492 0.492 0.492 0.535 0.535 0.477 0.477 0.5395 0.5395 0.5395 0.6055 0.6055 0.5065 0.5065 0.552 0.552 0.552 0.5375 0.5375 0.5265 0.5265 0.4775 0.4775 0.4775 0.4845 0.4845 0.5545 0.5545
0.4915 0.491 0.491 0.5325 0.5325 0.5325 0.3775 0.3775 0.502 0.502 0.468 0.468 0.486 0.486 0.486 0.5055 0.5055 0.4755 0.4755 0.469 0.469 0.469 0.489 0.489 0.5295 0.5295 0.565 0.565 0.565 0.513 0.513 0.623 0.623 0.5435 0.5435 0.5435 0.571 0.571 0.5395 0.5395 0.494 0.494 0.494 0.5395 0.5395 0.5105 0.5105 0.518 0.518 0.492 0.492 0.492 0.535 0.535 0.477 0.477 0.5395 0.5395 0.5395 0.6055 0.6055 0.5065 0.5065 0.552 0.552 0.552 0.5375 0.5375 0.5265 0.5265 0.4775 0.4775 0.4775 0.4845 0.4845 0.5545 0.5545
0.4665 0.4835 0.4835 0.5695 0.5695 0.5695 0.4385 0.4385 0.495 0.495 0.5235 0.5235 0.5664999 0.5664999 0.5664999 0.629 0.629 0.4915 0.4915 0.437 0.437 0.437 0.485 0.485 0.533 0.533 0.569 0.569 0.569 0.521 0.521 0.6095 0.6095 0.564 0.564 0.564 0.5885 0.5885 0.576 0.576 0.5815 0.5815 0.5815 0.527 0.527 0.5045 0.5045 0.464 0.464 0.5155 0.5155 0.5155 0.5725 0.5725 0.558 0.558 0.6185 0.6185 0.6185 0.5885 0.5885 0.541 0.541 0.571 0.571 0.571 0.5434999 0.5434999 0.556 0.556 0.542 0.542 0.542 0.514 0.514 0.534 0.534
0.4665 0.4835 0.4835 0.5695 0.5695 0.5695 0.4385 0.4385 0.495 0.495 0.5235 0.5235 0.5664999 0.5664999 0.5664999 0.629 0.629 0.4915 0.4915 0.437 0.437 0.437 0.485 0.485 0.533 0.533 0.569 0.569 0.569 0.521 0.521 0.6095 0.6095 0.564 0.564 0.564 0.5885 0.5885 0.576 0.576 0.5815 0.5815 0.5815 0.527 0.527 0.5045 0.5045 0.464 0.464 0.5155 0.5155 0.5155 0.5725 0.5725 0.558 0.558 0.6185 0.6185 0.6185 0.5885 0.5885 0.541 0.541 0.571 0.571 0.571 0.5434999 0.5434999 0.556 0.556 0.542 0.542 0.542 0.514 0.514 0.534 0.534
0.4675 0.592 0.592 0.6065 0.6065 0.6065 0.5355 0.5355 0.5285 0.5285 0.518 0.518 0.51 0.51 0.51 0.5695 0.5695 0.462 0.462 0.465 0.465 0.465 0.4645 0.4645 0.526 0.526 0.5485 0.5485 0.5485 0.552 0.552 0.598 0.598 0.595 0.595 0.595 0.632 0.632 0.582 0.582 0.601 0.601 0.601 0.5265 0.5265 0.5420001 0.5420001 0.5775 0.5775 0.562 0.562 0.562 0.571 0.571 0.646 0.646 0.617 0.617 0.617 0.5935 0.5935 0.5825 0.5825 0.6115 0.6115 0.6115 0.5935 0.5935 0.5695 0.5695 0.594 0.594 0.594 0.5545 0.5545 0.608 0.608
0.4675 0.592 0.592 0.6065 0.6065 0.6065 0.5355 0.5355 0.5285 0.5285 0.518 0.518 0.51 0.51 0.51 0.5695 0.5695 0.462 0.462 0.465 0.465 0.465 0.4645 0.4645 0.526 0.526 0.5485 0.5485 0.5485 0.552 0.552 0.598 0.598 0.595 0.595 0.595 0.632 0.632 0.582 0.582 0.601 0.601 0.601 0.5265 0.5265 0.5420001 0.5420001 0.5775 0.5775 0.562 0.562 0.562 0.571 0.571 0.646 0.646 0.617 0.617 0.617 0.5935 0.5935 0.5825 0.5825 0.6115 0.6115 0.6115 0.5935 0.5935 0.5695 0.5695 0.594 0.594 0.594 0.5545 0.5545 0.608 0.608
0.421 0.538 0.538 0.5585 0.5585 0.5585 0.5635 0.5635 0.5255 0.5255 0.526 0.526 0.5055 0.5055 0.5055 0.592 0.592 0.514 0.514 0.4785 0.4785 0.4785 0.505 0.505 0.5415 0.5415 0.606 0.606 0.606 0.576 0.576 0.596 0.596 0.598 0.598 0.598 0.6025 0.6025 0.578 0.578 0.563 0.563 0.563 0.609 0.609 0.5565 0.5565 0.624 0.624 0.5745 0.5745 0.5745 0.58 0.58 0.664 0.664 0.6385 0.6385 0.6385 0.646 0.646 0.549 0.549 0.5775 0.5775 0.5775 0.622 0.622 0.601 0.601 0.572 0.572 0.572 0.587 0.587 0.658 0.658
0.421 0.538 0.538 0.5585 0.5585 0.5585 0.5635 0.5635 0.5255 0.5255 0.526 0.526 0.5055 0.5055 0.5055 0.592 0.592 0.514 0.514 0.4785 0.4785 0.4785 0.505 0.505 0.5415 0.5415 0.606 0.606 0.606 0.576 0.576 0.596 0.596 0.598 0.598 0.598 0.6025 0.6025 0.578 0.578 0.563 0.563 0.563 0.609 0.609 0.5565 0.5565 0.624 0.624 0.5745 0.5745 0.5745 0.58 0.58 0.664 0.664 0.6385 0.6385 0.6385 0.646 0.646 0.549 0.549 0.5775 0.5775 0.5775 0.622 0.622 0.601 0.601 0.572 0.572 0.572 0.587 0.587 0.658 0.658
0.421 0.538 0.538 0.5585 0.5585 0.5585 0.5635 0.5635 0.5255 0.5255 0.526 0.526 0.5055 0.5055 0.5055 0.592 0.592 0.514 0.514 0.4785 0.4785 0.4785 0.505 0.505 0.5415 0.5415 0.606 0.606 0.606 0.576 0.576 0.596 0.596 0.598 0.598 0.598 0.6025 0.6025 0.578 0.578 0.563 0.563 0.563 0.609 0.609 0.5565 0.5565 0.624 0.624 0.5745 0.5745 0.5745 0.58 0.58 0.664 0.664 0.6385 0.6385 0.6385 0.646 0.646 0.549 0.549 0.5775 0.5775 0.5775 0.622 0.622 0.601 0.601 0.572 0.572 0.572 0.587 0.587 0.658 0.658
0.4835 0.4865 0.4865 0.5005 0.5005 0.5005 0.623 0.623 0.54 0.54 0.538 0.538 0.553 0.553 0.553 0.617 0.617 0.5365 0.5365 0.5549999 0.5549999 0.5549999 0.5675 0.5675 0.6025 0.6025 0.643 0.643 0.643 0.663 0.663 0.6 0.6 0.6405 0.6405 0.6405 0.615 0.615 0.5705 0.5705 0.5155 0.5155 0.5155 0.63 0.63 0.5475 0.5475 0.6205 0.6205 0.618 0.618 0.618 0.599 0.599 0.6395 0.6395 0.669 0.669 0.669 0.6595 0.6595 0.571 0.571 0.58 0.58 0.58 0.622 0.622 0.609 0.609 0.6045 0.6045 0.6045 0.5865 0.5865 0.6445 0.6445
0.4835 0.4865 0.4865 0.5005 0.5005 0.5005 0.623 0.623 0.54 0.54 0.538 0.538 0.553 0.553 0.553 0.617 0.617 0.5365 0.5365 0.5549999 0.5549999 0.5549999 0.5675 0.5675 0.6025 0.6025 0.643 0.643 0.643 0.663 0.663 0.6 0.6 0.6405 0.6405 0.6405 0.615 0.615 0.5705 0.5705 0.5155 0.5155 0.5155 0.63 0.63 0.5475 0.5475 0.6205 0.6205 0.618 0.618 0.618 0.599 0.599 0.6395 0.6395 0.669 0.669 0.669 0.6595 0.6595 0.571 0.571 0.58 0.58 0.58 0.622 0.622 0.609 0.609 0.6045 0.6045 0.6045 0.5865 0.5865 0.6445 0.6445
0.498 0.5915 0.5915 0.53 0.53 0.53 0.619 0.619 0.561 0.561 0.5355 0.5355 0.5975 0.5975 0.5975 0.6195 0.6195 0.597 0.597 0.6115 0.6115 0.6115 0.6315 0.6315 0.5855 0.5855 0.617 0.617 0.617 0.6395 0.6395 0.57 0.57 0.626 0.626 0.626 0.66 0.66 0.551 0.551 0.5225 0.5225 0.5225 0.6245 0.6245 0.59 0.59 0.6404999 0.6404999 0.6515 0.6515 0.6515 0.656 0.656 0.6625 0.6625 0.6535 0.6535 0.6535 0.6425 0.6425 0.596 0.596 0.587 0.587 0.587 0.613 0.613 0.6 0.6 0.629 0.629 0.629 0.5945 0.5945 0.621 0.621
0.498 0.5915 0.5915 0.53 0.53 0.53 0.619 0.619 0.561 0.561 0.5355 0.5355 0.5975 0.5975 0.5975 0.6195 0.6195 0.597 0.597 0.6115 0.6115 0.6115 0.6315 0.6315 0.5855 0.5855 0.617 0.617 0.617 0.6395 0.6395 0.57 0.57 0.626 0.626 0.626 0.66 0.66 0.551 0.551 0.5225 0.5225 0.5225 0.6245 0.6245 0.59 0.59 0.6404999 0.6404999 0.6515 0.6515 0.6515 0.656 0.656 0.6625 0.6625 0.6535 0.6535 0.6535 0.6425 0.6425 0.596 0.596 0.587 0.587 0.587 0.613 0.613 0.6 0.6 0.629 0.629 0.629 0.5945 0.5945 0.621 0.621
0.6635 0.563 0.563 0.6255 0.6255 0.6255 0.608 0.608 0.6085 0.6085 0.587 0.587 0.576 0.576 0.576 0.6339999 0.6339999 0.634 0.634 0.6165 0.6165 0.6165 0.6015 0.6015 0.5715 0.5715 0.5935 0.5935 0.5935 0.613 0.613 0.5975 0.5975 0.6305 0.6305 0.6305 0.625 0.625 0.589 0.589 0.5695 0.5695 0.5695 0.626 0.626 0.6125 0.6125 0.615 0.615 0.644 0.644 0.644 0.6595 0.6595 0.6425 0.6425 0.6725 0.6725 0.6725 0.6165 0.6165 0.6625 0.6625 0.6605 0.6605 0.6605 0.67 0.67 0.637 0.637 0.6005 0.6005 0.6005 0.626 0.626 0.5735 0.5735
0.6635 0.563 0.563 0.6255 0.6255 0.6255 0.608 0.608 0.6085 0.6085 0.587 0.587 0.576 0.576 0.576 0.6339999 0.6339999 0.634 0.634 0.6165 0.6165 0.6165 0.6015 0.6015 0.5715 0.5715 0.5935 0.5935 0.5935 0.613 0.613 0.5975 0.5975 0.6305 0.6305 0.6305 0.625 0.625 0.589 0.589 0.5695 0.5695 0.5695 0.626 0.626 0.6125 0.6125 0.615 0.615 0.644 0.644 0.644 0.6595 0.6595 0.6425 0.6425 0.6725 0.6725 0.6725 0.6165 0.6165 0.6625 0.6625 0.6605 0.6605 0.6605 0.67 0.67 0.637 0.637 0.6005 0.6005 0.6005 0.626 0.626 0.5735 0.5735
0.6635 0.563 0.563 0.6255 0.6255 0.6255 0.608 0.608 0.6085 0.6085 0.587 0.587 0.576 0.576 0.576 0.6339999 0.6339999 0.634 0.634 0.6165 0.6165 0.6165 0.6015 0.6015 0.5715 0.5715 0.5935 0.5935 0.5935 0.613 0.613 0.5975 0.5975 0.6305 0.6305 0.6305 0.625 0.625 0.589 0.589 0.5695 0.5695 0.5695 0.626 0.626 0.6125 0.6125 0.615 0.615 0.644 0.644 0.644 0.6595 0.6595 0.6425 0.6425 0.6725 0.6725 0.6725 0.6165 0.6165 0.6625 0.6625 0.6605 0.6605 0.6605 0.67 0.67 0.637 0.637 0.6005 0.6005 0.6005 0.626 0.626 0.5735 0.5735
0.6235 0.6275 0.6275 0.6135 0.6135 0.6135 0.5595 0.5595 0.646 0.646 0.675 0.675 0.649 0.649 0.649 0.683 0.683 0.6695 0.6695 0.6485 0.6485 0.6485 0.6255 0.6255 0.5925 0.5925 0.6405 0.6405 0.6405 0.5855 0.5855 0.6385 0.6385 0.6625 0.6625 0.6625 0.623 0.623 0.6415 0.6415 0.595 0.595 0.595 0.6395 0.6395 0.6435 0.6435 0.6485 0.6485 0.6435 0.6435 0.6435 0.639 0.639 0.625 0.625 0.6585 0.6585 0.6585 0.6085 0.6085 0.6195 0.6195 0.644 0.644 0.644 0.667 0.667 0.628 0.628 0.6065 0.6065 0.6065 0.6225 0.6225 0.616 0.616
0.6235 0.6275 0.6275 0.6135 0.6135 0.6135 0.5595 0.5595 0.646 0.646 0.675 0.675 0.649 0.649 0.649 0.683 0.683 0.6695 0.6695 0.6485 0.6485 0.6485 0.6255 0.6255 0.5925 0.5925 0.6405 0.6405 0.6405 0.5855 0.5855 0.6385 0.6385 0.6625 0.6625 0.6625 0.623 0.623 0.6415 0.6415 0.595 0.595 0.595 0.6395 0.6395 0.6435 0.6435 0.6485 0.6485 0.6435 0.6435 0.6435 0.639 0.639 0.625 0.625 0.6585 0.6585 0.6585 0.6085 0.6085 0.6195 0.6195 0.644 0.644 0.644 0.667 0.667 0.628 0.628 0.6065 0.6065 0.6065 0.6225 0.6225 0.616 0.616
0.6325001 0.591 0.591 0.6045 0.6045 0.6045 0.551 0.551 0.6555001 0.6555001 0.675 0.675 0.658 0.658 0.658 0.6405 0.6405 0.621 0.621 0.649 0.649 0.649 0.632 0.632 0.5925 0.5925 0.6415 0.6415 0.6415 0.5665 0.5665 0.5885 0.5885 0.6675 0.6675 0.6675 0.631 0.631 0.6445 0.6445 0.622 0.622 0.622 0.6685 0.6685 0.658 0.658 0.695 0.695 0.681 0.681 0.681 0.6825 0.6825 0.6755 0.6755 0.655 0.655 0.655 0.618 0.618 0.586 0.586 0.621 0.621 0.621 0.6455 0.6455 0.611 0.611 0.629 0.629 0.629 0.6289999 0.6289999 0.6355 0.6355
0.6325001 0.591 0.591 0.6045 0.6045 0.6045 0.551 0.551 0.6555001 0.6555001 0.675 0.675 0.658 0.658 0.658 0.6405 0.6405 0.621 0.621 0.649 0.649 0.649 0.632 0.632 0.5925 0.5925 0.6415 0.6415 0.6415 0.5665 0.5665 0.5885 0.5885 0.6675 0.6675 0.6675 0.631 0.631 0.6445 0.6445 0.622 0.622 0.622 0.6685 0.6685 0.658 0.658 0.695 0.695 0.681 0.681 0.681 0.6825 0.6825 0.6755 0.6755 0.655 0.655 0.655 0.618 0.618 0.586 0.586 0.621 0.621 0.621 0.6455 0.6455 0.611 0.611 0.629 0.629 0.629 0.6289999 0.6289999 0.6355 0.6355
0.71 0.618 0.618 0.6569999 0.6569999 0.6569999 0.574 0.574 0.671 0.671 0.668 0.668 0.6495 0.6495 0.6495 0.652 0.652 0.6289999 0.6289999 0.625 0.625 0.625 0.6705 0.6705 0.695 0.695 0.6015 0.6015 0.6015 0.583 0.583 0.55 0.55 0.5865 0.5865 0.5865 0.5865 0.5865 0.638 0.638 0.62 0.62 0.62 0.654 0.654 0.657 0.657 0.6965 0.6965 0.6985 0.6985 0.6985 0.6946 0.6946 0.6905 0.6905 0.6365 0.6365 0.6365 0.6475 0.6475 0.6185 0.6185 0.6085 0.6085 0.6085 0.6395 0.6395 0.6205 0.6205 0.623 0.623 0.623 0.65 0.65 0.603 0.603
0.71 0.618 0.618 0.6569999 0.6569999 0.6569999 0.574 0.574 0.671 0.671 0.668 0.668 0.6495 0.6495 0.6495 0.652 0.652 0.6289999 0.6289999 0.625 0.625 0.625 0.6705 0.6705 0.695 0.695 0.6015 0.6015 0.6015 0.583 0.583 0.55 0.55 0.5865 0.5865 0.5865 0.5865 0.5865 0.638 0.638 0.62 0.62 0.62 0.654 0.654 0.657 0.657 0.6965 0.6965 0.6985 0.6985 0.6985 0.6946 0.6946 0.6905 0.6905 0.6365 0.6365 0.6365 0.6475 0.6475 0.6185 0.6185 0.6085 0.6085 0.6085 0.6395 0.6395 0.6205 0.6205 0.623 0.623 0.623 0.65 0.65 0.603 0.603
0.649 0.6425 0.6425 0.6289999 0.6289999 0.6289999 0.619 0.619 0.663 0.663 0.6995 0.6995 0.6915 0.6915 0.6915 0.644 0.644 0.647 0.647 0.6335 0.6335 0.6335 0.6465 0.6465 0.71 0.71 0.6390001 0.6390001 0.6390001 0.612 0.612 0.6059999 0.6059999 0.6155 0.6155 0.6155 0.642 0.642 0.6385 0.6385 0.6415 0.6415 0.6415 0.645 0.645 0.659 0.659 0.6805 0.6805 0.6745 0.6745 0.6745 0.6445 0.6445 0.634 0.634 0.6415 0.6415 0.6415 0.644 0.644 0.6 0.6 0.63 0.63 0.63 0.6405 0.6405 0.633 0.633 0.6235 0.6235 0.6235 0.6335 0.6335 0.6295 0.6295
0.649 0.6425 0.6425 0.6289999 0.6289999 0.6289999 0.619 0.619 0.663 0.663 0.6995 0.6995 0.6915 0.6915 0.6915 0.644 0.644 0.647 0.647 0.6335 0.6335 0.6335 0.6465 0.6465 0.71 0.71 0.6390001 0.6390001 0.6390001 0.612 0.612 0.6059999 0.6059999 0.6155 0.6155 0.6155 0.642 0.642 0.6385 0.6385 0.6415 0.6415 0.6415 0.645 0.645 0.659 0.659 0.6805 0.6805 0.6745 0.6745 0.6745 0.6445 0.6445 0.634 0.634 0.6415 0.6415 0.6415 0.644 0.644 0.6 0.6 0.63 0.63 0.63 0.6405 0.6405 0.633 0.633 0.6235 0.6235 0.6235 0.6335 0.6335 0.6295 0.6295
0.649 0.6425 0.6425 0.6289999 0.6289999 0.6289999 0.619 0.619 0.663 0.663 0.6995 0.6995 0.6915 0.6915 0.6915 0.644 0.644 0.647 0.647 0.6335 0.6335 0.6335 0.6465 0.6465 0.71 0.71 0.6390001 0.6390001 0.6390001 0.612 0.612 0.6059999 0.6059999 0.6155 0.6155 0.6155 0.642 0.642 0.6385 0.6385 0.6415 0.6415 0.6415 0.645 0.645 0.659 0.659 0.6805 0.6805 0.6745 0.6745 0.6745 0.6445 0.6445 0.634 0.634 0.6415 0.6415 0.6415 0.644 0.644 0.6 0.6 0.63 0.63 0.63 0.6405 0.6405 0.633 0.633 0.6235 0.6235 0.6235 0.6335 0.6335 0.6295 0.6295
0.653 0.658 0.658 0.6785 0.6785 0.6785 0.6855 0.6855 0.6985 0.6985 0.701 0.701 0.6705 0.6705 0.6705 0.643 0.643 0.652 0.652 0.6525 0.6525 0.6525 0.6485 0.6485 0.6825 0.6825 0.6465 0.6465 0.6465 0.6385 0.6385 0.683 0.683 0.621 0.621 0.621 0.648 0.648 0.6565 0.6565 0.6785 0.6785 0.6785 0.6951 0.6951 0.6915 0.6915 0.6885 0.6885 0.674 0.674 0.674 0.6445 0.6445 0.686 0.686 0.6595 0.6595 0.6595 0.6505 0.6505 0.646 0.646 0.62 0.62 0.62 0.655 0.655 0.651 0.651 0.6825 0.6825 0.6825 0.6465 0.6465 0.6365 0.6365
0.653 0.658 0.658 0.6785 0.6785 0.6785 0.6855 0.6855 0.6985 0.6985 0.701 0.701 0.6705 0.6705 0.6705 0.643 0.643 0.652 0.652 0.6525 0.6525 0.6525 0.6485 0.6485 0.6825 0.6825 0.6465 0.6465 0.6465 0.6385 0.6385 0.683 0.683 0.621 0.621 0.621 0.648 0.648 0.6565 0.6565 0.6785 0.6785 0.6785 0.6951 0.6951 0.6915 0.6915 0.6885 0.6885 0.674 0.674 0.674 0.6445 0.6445 0.686 0.686 0.6595 0.6595 0.6595 0.6505 0.6505 0.646 0.646 0.62 0.62 0.62 0.655 0.655 0.651 0.651 0.6825 0.6825 0.6825 0.6465 0.6465 0.6365 0.6365
0.695 0.695 0.695 0.6675 0.6675 0.6675 0.651 0.651 0.7315 0.7315 0.707 0.707 0.6825 0.6825 0.6825 0.6775 0.6775 0.6655 0.6655 0.6565 0.6565 0.6565 0.6725 0.6725 0.7015 0.7015 0.6905 0.6905 0.6905 0.653 0.653 0.6831 0.6831 0.616 0.616 0.616 0.6625 0.6625 0.661 0.661 0.681 0.681 0.681 0.668 0.668 0.7205 0.7205 0.7 0.7 0.725 0.725 0.725 0.69 0.69 0.7 0.7 0.713 0.713 0.713 0.7055 0.7055 0.6835 0.6835 0.682 0.682 0.682 0.6815 0.6815 0.6684999 0.6684999 0.656 0.656 0.656 0.6415 0.6415 0.6525 0.6525
0.695 0.695 0.695 0.6675 0.6675 0.6675 0.651 0.651 0.7315 0.7315 0.707 0.707 0.6825 0.6825 0.6825 0.6775 0.6775 0.6655 0.6655 0.6565 0.6565 0.6565 0.6725 0.6725 0.7015 0.7015 0.6905 0.6905 0.6905 0.653 0.653 0.6831 0.6831 0.616 0.616 0.616 0.6625 0.6625 0.661 0.661 0.681 0.681 0.681 0.668 0.668 0.7205 0.7205 0.7 0.7 0.725 0.725 0.725 0.69 0.69 0.7 0.7 0.713 0.713 0.713 0.7055 0.7055 0.6835 0.6835 0.682 0.682 0.682 0.6815 0.6815 0.6684999 0.6684999 0.656 0.656 0.656 0.6415 0.6415 0.6525 0.6525
0.7115 0.7315 0.7315 0.697 0.697 0.697 0.6555 0.6555 0.7045 0.7045 0.7265 0.7265 0.728 0.728 0.728 0.6945 0.6945 0.6265 0.6265 0.614 0.614 0.614 0.6755 0.6755 0.7165 0.7165 0.747 0.747 0.747 0.7 0.7 0.6525 0.6525 0.6125 0.6125 0.6125 0.66 0.66 0.628 0.628 0.6775 0.6775 0.6775 0.6745 0.6745 0.745 0.745 0.7285 0.7285 0.7385 0.7385 0.7385 0.688 0.688 0.7155 0.7155 0.7275 0.7275 0.7275 0.713 0.713 0.678 0.678 0.652 0.652 0.652 0.667 0.667 0.66 0.66 0.6585 0.6585 0.6585 0.6515 0.6515 0.6425 0.6425
0.7115 0.7315 0.7315 0.697 0.697 0.697 0.6555 0.6555 0.7045 0.7045 0.7265 0.7265 0.728 0.728 0.728 0.6945 0.6945 0.6265 0.6265 0.614 0.614 0.614 0.6755 0.6755 0.7165 0.7165 0.747 0.747 0.747 0.7 0.7 0.6525 0.6525 0.6125 0.6125 0.6125 0.66 0.66 0.628 0.628 0.6775 0.6775 0.6775 0.6745 0.6745 0.745 0.745 0.7285 0.7285 0.7385 0.7385 0.7385 0.688 0.688 0.7155 0.7155 0.7275 0.7275 0.7275 0.713 0.713 0.678 0.678 0.652 0.652 0.652 0.667 0.667 0.66 0.66 0.6585 0.6585 0.6585 0.6515 0.6515 0.6425 0.6425
0.7115 0.7315 0.7315 0.697 0.697 0.697 0.6555 0.6555 0.7045 0.7045 0.7265 0.7265 0.728 0.728 0.728 0.6945 0.6945 0.6265 0.6265 0.614 0.614 0.614 0.6755 0.6755 0.7165 0.7165 0.747 0.747 0.747 0.7 0.7 0.6525 0.6525 0.6125 0.6125 0.6125 0.66 0.66 0.628 0.628 0.6775 0.6775 0.6775 0.6745 0.6745 0.745 0.745 0.7285 0.7285 0.7385 0.7385 0.7385 0.688 0.688 0.7155 0.7155 0.7275 0.7275 0.7275 0.713 0.713 0.678 0.678 0.652 0.652 0.652 0.667 0.667 0.66 0.66 0.6585 0.6585 0.6585 0.6515 0.6515 0.6425 0.6425
