ndvi/NOAA-373.asc
ncols         252
nrows         154
xllcorner     -18.017974
yllcorner     13.481982
cellsize      0.035948
NODATA_value  -9999
[rows 68 to 101 of 154, columns 77 to 153 of 252]
0.295 0.295 0.3305 0.3305 0.304 0.304 0.289 0.289 0.289 0.2665 0.2665 0.265 0.265 0.328 0.328 0.3335 0.3335 0.3335 0.3245 0.3245 0.3355 0.3355 0.3255 0.3255 0.3255 0.333 0.333 0.3015 0.3015 0.2705 0.2705 0.2705 0.2665 0.2665 0.2675 0.2675 0.278 0.278 0.278 0.2805 0.2805 0.293 0.293 0.251 0.251 0.251 0.1935 0.1935 0.2015 0.2015 0.2255 0.2255 0.2385 0.2385 0.2385 0.2535 0.2535 0.237 0.237 0.2475 0.2475 0.2475 0.2525 0.2525 0.2755 0.2755 0.299 0.299 0.299 0.278 0.278 0.22 0.22 0.1765 0.1765 0.1765 0.1795
0.242 0.242 0.244 0.244 0.235 0.235 0.248 0.248 0.248 0.241 0.241 0.2725 0.2725 0.2725 0.2725 0.2555 0.2555 0.2555 0.271 0.271 0.259 0.259 0.2765 0.2765 0.2765 0.402 0.402 0.403 0.403 0.348 0.348 0.348 0.246 0.246 0.2585 0.2585 0.2425 0.2425 0.2425 0.2775 0.2775 0.2515 0.2515 0.2595 0.2595 0.2595 0.216 0.216 0.2315 0.2315 0.241 0.241 0.2385 0.2385 0.2385 0.2355 0.2355 0.2545 0.2545 0.221 0.221 0.221 0.2575 0.2575 0.2705 0.2705 0.2555 0.2555 0.2555 0.254 0.254 0.235 0.235 0.228 0.228 0.228 0.173
0.242 0.242 0.244 0.244 0.235 0.235 0.248 0.248 0.248 0.241 0.241 0.2725 0.2725 0.2725 0.2725 0.2555 0.2555 0.2555 0.271 0.271 0.259 0.259 0.2765 0.2765 0.2765 0.402 0.402 0.403 0.403 0.348 0.348 0.348 0.246 0.246 0.2585 0.2585 0.2425 0.2425 0.2425 0.2775 0.2775 0.2515 0.2515 0.2595 0.2595 0.2595 0.216 0.216 0.2315 0.2315 0.241 0.241 0.2385 0.2385 0.2385 0.2355 0.2355 0.2545 0.2545 0.221 0.221 0.221 0.2575 0.2575 0.2705 0.2705 0.2555 0.2555 0.2555 0.254 0.254 0.235 0.235 0.228 0.228 0.228 0.173
0.2795 0.2795 0.263 0.263 0.246 0.246 0.238 0.238 0.238 0.2325 0.2325 0.247 0.247 0.258 0.258 0.2685 0.2685 0.2685 0.258 0.258 0.254 0.254 0.301 0.301 0.301 0.3835 0.3835 0.342 0.342 0.317 0.317 0.317 0.324 0.324 0.265 0.265 0.2875 0.2875 0.2875 0.3015 0.3015 0.272 0.272 0.2655 0.2655 0.2655 0.234 0.234 0.241 0.241 0.241 0.241 0.262 0.262 0.262 0.249 0.249 0.257 0.257 0.2585 0.2585 0.2585 0.3015 0.3015 0.244 0.244 0.2675 0.2675 0.2675 0.2315 0.2315 0.2325 0.2325 0.229 0.229 0.229 0.202
0.2795 0.2795 0.263 0.263 0.246 0.246 0.238 0.238 0.238 0.2325 0.2325 0.247 0.247 0.258 0.258 0.2685 0.2685 0.2685 0.258 0.258 0.254 0.254 0.301 0.301 0.301 0.3835 0.3835 0.342 0.342 0.317 0.317 0.317 0.324 0.324 0.265 0.265 0.2875 0.2875 0.2875 0.3015 0.3015 0.272 0.272 0.2655 0.2655 0.2655 0.234 0.234 0.241 0.241 0.241 0.241 0.262 0.262 0.262 0.249 0.249 0.257 0.257 0.2585 0.2585 0.2585 0.3015 0.3015 0.244 0.244 0.2675 0.2675 0.2675 0.2315 0.2315 0.2325 0.2325 0.229 0.229 0.229 0.202
0.2795 0.2795 0.263 0.263 0.246 0.246 0.238 0.238 0.238 0.2325 0.2325 0.247 0.247 0.258 0.258 0.2685 0.2685 0.2685 0.258 0.258 0.254 0.254 0.301 0.301 0.301 0.3835 0.3835 0.342 0.342 0.317 0.317 0.317 0.324 0.324 0.265 0.265 0.2875 0.2875 0.2875 0.3015 0.3015 0.272 0.272 0.2655 0.2655 0.2655 0.234 0.234 0.241 0.241 0.241 0.241 0.262 0.262 0.262 0.249 0.249 0.257 0.257 0.2585 0.2585 0.2585 0.3015 0.3015 0.244 0.244 0.2675 0.2675 0.2675 0.2315 0.2315 0.2325 0.2325 0.229 0.229 0.229 0.202
0.283 0.283 0.2705 0.2705 0.235 0.235 0.24 0.24 0.24 0.2455 0.2455 0.242 0.242 0.255 0.255 0.2705 0.2705 0.2705 0.294 0.294 0.262 0.262 0.2685 0.2685 0.2685 0.291 0.291 0.3085 0.3085 0.313 0.313 0.313 0.362 0.362 0.342 0.342 0.389 0.389 0.389 0.29 0.29 0.3725 0.3725 0.2455 0.2455 0.2455 0.2285 0.2285 0.3155 0.3155 0.269 0.269 0.246 0.246 0.246 0.3045 0.3045 0.2985 0.2985 0.2795 0.2795 0.2795 0.2885 0.2885 0.289 0.289 0.2855 0.2855 0.2855 0.24 0.24 0.2855 0.2855 0.2015 0.2015 0.2015 0.2295
0.283 0.283 0.2705 0.2705 0.235 0.235 0.24 0.24 0.24 0.2455 0.2455 0.242 0.242 0.255 0.255 0.2705 0.2705 0.2705 0.294 0.294 0.262 0.262 0.2685 0.2685 0.2685 0.291 0.291 0.3085 0.3085 0.313 0.313 0.313 0.362 0.362 0.342 0.342 0.389 0.389 0.389 0.29 0.29 0.3725 0.3725 0.2455 0.2455 0.2455 0.2285 0.2285 0.3155 0.3155 0.269 0.269 0.246 0.246 0.246 0.3045 0.3045 0.2985 0.2985 0.2795 0.2795 0.2795 0.2885 0.2885 0.289 0.289 0.2855 0.2855 0.2855 0.24 0.24 0.2855 0.2855 0.2015 0.2015 0.2015 0.2295
0.236 0.236 0.2455 0.2455 0.2225 0.2225 0.2315 0.2315 0.2315 0.2335 0.2335 0.221 0.221 0.258 0.258 0.293 0.293 0.293 0.2915 0.2915 0.3115 0.3115 0.2785 0.2785 0.2785 0.288 0.288 0.272 0.272 0.271 0.271 0.271 0.2795 0.2795 0.3555 0.3555 0.351 0.351 0.351 0.3715 0.3715 0.342 0.342 0.248 0.248 0.248 0.2015 0.2015 0.3235 0.3235 0.271 0.271 0.301 0.301 0.301 0.287 0.287 0.2835 0.2835 0.3025 0.3025 0.3025 0.278 0.278 0.293 0.293 0.26 0.26 0.26 0.2345 0.2345 0.171 0.171 0.144 0.144 0.144 0.171
0.236 0.236 0.2455 0.2455 0.2225 0.2225 0.2315 0.2315 0.2315 0.2335 0.2335 0.221 0.221 0.258 0.258 0.293 0.293 0.293 0.2915 0.2915 0.3115 0.3115 0.2785 0.2785 0.2785 0.288 0.288 0.272 0.272 0.271 0.271 0.271 0.2795 0.2795 0.3555 0.3555 0.351 0.351 0.351 0.3715 0.3715 0.342 0.342 0.248 0.248 0.248 0.2015 0.2015 0.3235 0.3235 0.271 0.271 0.301 0.301 0.301 0.287 0.287 0.2835 0.2835 0.3025 0.3025 0.3025 0.278 0.278 0.293 0.293 0.26 0.26 0.26 0.2345 0.2345 0.171 0.171 0.144 0.144 0.144 0.171
0.238 0.238 0.237 0.237 0.22 0.22 0.2295 0.2295 0.2295 0.2545 0.2545 0.272 0.272 0.3205 0.3205 0.2825 0.2825 0.2825 0.2955 0.2955 0.295 0.295 0.2945 0.2945 0.2945 0.271 0.271 0.2695 0.2695 0.2615 0.2615 0.2615 0.264 0.264 0.329 0.329 0.3375 0.3375 0.3375 0.314 0.314 0.4325 0.4325 0.359 0.359 0.359 0.3715 0.3715 0.3005 0.3005 0.2725 0.2725 0.2685 0.2685 0.2685 0.2545 0.2545 0.2515 0.2515 0.2645 0.2645 0.2645 0.256 0.256 0.298 0.298 0.298 0.298 0.298 0.3775 0.3775 0.2835 0.2835 0.192 0.192 0.192 0.1575
0.238 0.238 0.237 0.237 0.22 0.22 0.2295 0.2295 0.2295 0.2545 0.2545 0.272 0.272 0.3205 0.3205 0.2825 0.2825 0.2825 0.2955 0.2955 0.295 0.295 0.2945 0.2945 0.2945 0.271 0.271 0.2695 0.2695 0.2615 0.2615 0.2615 0.264 0.264 0.329 0.329 0.3375 0.3375 0.3375 0.314 0.314 0.4325 0.4325 0.359 0.359 0.359 0.3715 0.3715 0.3005 0.3005 0.2725 0.2725 0.2685 0.2685 0.2685 0.2545 0.2545 0.2515 0.2515 0.2645 0.2645 0.2645 0.256 0.256 0.298 0.298 0.298 0.298 0.298 0.3775 0.3775 0.2835 0.2835 0.192 0.192 0.192 0.1575
0.252 0.252 0.2415 0.2415 0.233 0.233 0.24 0.24 0.24 0.284 0.284 0.2705 0.2705 0.3005 0.3005 0.3175 0.3175 0.3175 0.2975 0.2975 0.2925 0.2925 0.2525 0.2525 0.2525 0.2775 0.2775 0.268 0.268 0.2535 0.2535 0.2535 0.2625 0.2625 0.2635 0.2635 0.264 0.264 0.264 0.2705 0.2705 0.3295 0.3295 0.335 0.335 0.335 0.366 0.366 0.3925 0.3925 0.268 0.268 0.2655 0.2655 0.2655 0.252 0.252 0.231 0.231 0.261 0.261 0.261 0.261 0.261 0.2255 0.2255 0.214 0.214 0.214 0.203 0.203 0.2315 0.2315 0.2045 0.2045 0.2045 0.184
0.252 0.252 0.2415 0.2415 0.233 0.233 0.24 0.24 0.24 0.284 0.284 0.2705 0.2705 0.3005 0.3005 0.3175 0.3175 0.3175 0.2975 0.2975 0.2925 0.2925 0.2525 0.2525 0.2525 0.2775 0.2775 0.268 0.268 0.2535 0.2535 0.2535 0.2625 0.2625 0.2635 0.2635 0.264 0.264 0.264 0.2705 0.2705 0.3295 0.3295 0.335 0.335 0.335 0.366 0.366 0.3925 0.3925 0.268 0.268 0.2655 0.2655 0.2655 0.252 0.252 0.231 0.231 0.261 0.261 0.261 0.261 0.261 0.2255 0.2255 0.214 0.214 0.214 0.203 0.203 0.2315 0.2315 0.2045 0.2045 0.2045 0.184
0.252 0.252 0.2415 0.2415 0.233 0.233 0.24 0.24 0.24 0.284 0.284 0.2705 0.2705 0.3005 0.3005 0.3175 0.3175 0.3175 0.2975 0.2975 0.2925 0.2925 0.2525 0.2525 0.2525 0.2775 0.2775 0.268 0.268 0.2535 0.2535 0.2535 0.2625 0.2625 0.2635 0.2635 0.264 0.264 0.264 0.2705 0.2705 0.3295 0.3295 0.335 0.335 0.335 0.366 0.366 0.3925 0.3925 0.268 0.268 0.2655 0.2655 0.2655 0.252 0.252 0.231 0.231 0.261 0.261 0.261 0.261 0.261 0.2255 0.2255 0.214 0.214 0.214 0.203 0.203 0.2315 0.2315 0.2045 0.2045 0.2045 0.184
0.257 0.257 0.2415 0.2415 0.237 0.237 0.242 0.242 0.242 0.2885 0.2885 0.3135 0.3135 0.3315 0.3315 0.33 0.33 0.33 0.2925 0.2925 0.2865 0.2865 0.2635 0.2635 0.2635 0.294 0.294 0.3015 0.3015 0.285 0.285 0.285 0.2755 0.2755 0.2605 0.2605 0.2685 0.2685 0.2685 0.253 0.253 0.2385 0.2385 0.2875 0.2875 0.2875 0.2625 0.2625 0.469 0.469 0.2735 0.2735 0.257 0.257 0.257 0.295 0.295 0.301 0.301 0.2505 0.2505 0.2505 0.2385 0.2385 0.2485 0.2485 0.233 0.233 0.233 0.229 0.229 0.2105 0.2105 0.187 0.187 0.187 0.1765
0.257 0.257 0.2415 0.2415 0.237 0.237 0.242 0.242 0.242 0.2885 0.2885 0.3135 0.3135 0.3315 0.3315 0.33 0.33 0.33 0.2925 0.2925 0.2865 0.2865 0.2635 0.2635 0.2635 0.294 0.294 0.3015 0.3015 0.285 0.285 0.285 0.2755 0.2755 0.2605 0.2605 0.2685 0.2685 0.2685 0.253 0.253 0.2385 0.2385 0.2875 0.2875 0.2875 0.2625 0.2625 0.469 0.469 0.2735 0.2735 0.257 0.257 0.257 0.295 0.295 0.301 0.301 0.2505 0.2505 0.2505 0.2385 0.2385 0.2485 0.2485 0.233 0.233 0.233 0.229 0.229 0.2105 0.2105 0.187 0.187 0.187 0.1765
0.294 0.294 0.267 0.267 0.256 0.256 0.278 0.278 0.278 0.287 0.287 0.2905 0.2905 0.3075 0.3075 0.3195 0.3195 0.3195 0.3475 0.3475 0.3195 0.3195 0.2675 0.2675 0.2675 0.233 0.233 0.2635 0.2635 0.271 0.271 0.271 0.3005 0.3005 0.2755 0.2755 0.2785 0.2785 0.2785 0.268 0.268 0.256 0.256 0.2425 0.2425 0.2425 0.232 0.232 0.2655 0.2655 0.416 0.416 0.2845 0.2845 0.2845 0.296 0.296 0.273 0.273 0.2985 0.2985 0.2985 0.317 0.317 0.332 0.332 0.234 0.234 0.234 0.221 0.221 0.2115 0.2115 0.223 0.223 0.223 0.199
0.294 0.294 0.267 0.267 0.256 0.256 0.278 0.278 0.278 0.287 0.287 0.2905 0.2905 0.3075 0.3075 0.3195 0.3195 0.3195 0.3475 0.3475 0.3195 0.3195 0.2675 0.2675 0.2675 0.233 0.233 0.2635 0.2635 0.271 0.271 0.271 0.3005 0.3005 0.2755 0.2755 0.2785 0.2785 0.2785 0.268 0.268 0.256 0.256 0.2425 0.2425 0.2425 0.232 0.232 0.2655 0.2655 0.416 0.416 0.2845 0.2845 0.2845 0.296 0.296 0.273 0.273 0.2985 0.2985 0.2985 0.317 0.317 0.332 0.332 0.234 0.234 0.234 0.221 0.221 0.2115 0.2115 0.223 0.223 0.223 0.199
0.332 0.332 0.256 0.256 0.3035 0.3035 0.304 0.304 0.304 0.3145 0.3145 0.2885 0.2885 0.282 0.282 0.255 0.255 0.255 0.26 0.26 0.289 0.289 0.2845 0.2845 0.2845 0.268 0.268 0.272 0.272 0.2715 0.2715 0.2715 0.309 0.309 0.2635 0.2635 0.256 0.256 0.256 0.2975 0.2975 0.284 0.284 0.2905 0.2905 0.2905 0.246 0.246 0.2625 0.2625 0.3895 0.3895 0.284 0.284 0.284 0.2765 0.2765 0.296 0.296 0.2925 0.2925 0.2925 0.325 0.325 0.329 0.329 0.2485 0.2485 0.2485 0.244 0.244 0.229 0.229 0.21 0.21 0.21 0.1995
0.332 0.332 0.256 0.256 0.3035 0.3035 0.304 0.304 0.304 0.3145 0.3145 0.2885 0.2885 0.282 0.282 0.255 0.255 0.255 0.26 0.26 0.289 0.289 0.2845 0.2845 0.2845 0.268 0.268 0.272 0.272 0.2715 0.2715 0.2715 0.309 0.309 0.2635 0.2635 0.256 0.256 0.256 0.2975 0.2975 0.284 0.284 0.2905 0.2905 0.2905 0.246 0.246 0.2625 0.2625 0.3895 0.3895 0.284 0.284 0.284 0.2765 0.2765 0.296 0.296 0.2925 0.2925 0.2925 0.325 0.325 0.329 0.329 0.2485 0.2485 0.2485 0.244 0.244 0.229 0.229 0.21 0.21 0.21 0.1995
0.332 0.332 0.256 0.256 0.3035 0.3035 0.304 0.304 0.304 0.3145 0.3145 0.2885 0.2885 0.282 0.282 0.255 0.255 0.255 0.26 0.26 0.289 0.289 0.2845 0.2845 0.2845 0.268 0.268 0.272 0.272 0.2715 0.2715 0.2715 0.309 0.309 0.2635 0.2635 0.256 0.256 0.256 0.2975 0.2975 0.284 0.284 0.2905 0.2905 0.2905 0.246 0.246 0.2625 0.2625 0.3895 0.3895 0.284 0.284 0.284 0.2765 0.2765 0.296 0.296 0.2925 0.2925 0.2925 0.325 0.325 0.329 0.329 0.2485 0.2485 0.2485 0.244 0.244 0.229 0.229 0.21 0.21 0.21 0.1995
0.2765 0.2765 0.276 0.276 0.273 0.273 0.2865 0.2865 0.2865 0.281 0.281 0.3165 0.3165 0.277 0.277 0.273 0.273 0.273 0.279 0.279 0.2865 0.2865 0.2485 0.2485 0.2485 0.254 0.254 0.2565 0.2565 0.302 0.302 0.302 0.3035 0.3035 0.312 0.312 0.312 0.312 0.312 0.3 0.3 0.3225 0.3225 0.322 0.322 0.322 0.3075 0.3075 0.313 0.313 0.3245 0.3245 0.309 0.309 0.309 0.301 0.301 0.3105 0.3105 0.322 0.322 0.322 0.3335 0.3335 0.3105 0.3105 0.2935 0.2935 0.2935 0.229 0.229 0.2615 0.2615 0.205 0.205 0.205 0.197
0.2765 0.2765 0.276 0.276 0.273 0.273 0.2865 0.2865 0.2865 0.281 0.281 0.3165 0.3165 0.277 0.277 0.273 0.273 0.273 0.279 0.279 0.2865 0.2865 0.2485 0.2485 0.2485 0.254 0.254 0.2565 0.2565 0.302 0.302 0.302 0.3035 0.3035 0.312 0.312 0.312 0.312 0.312 0.3 0.3 0.3225 0.3225 0.322 0.322 0.322 0.3075 0.3075 0.313 0.313 0.3245 0.3245 0.309 0.309 0.309 0.301 0.301 0.3105 0.3105 0.322 0.322 0.322 0.3335 0.3335 0.3105 0.3105 0.2935 0.2935 0.2935 0.229 0.229 0.2615 0.2615 0.205 0.205 0.205 0.197
0.283 0.283 0.298 0.298 0.2735 0.2735 0.2345 0.2345 0.2345 0.278 0.278 0.284 0.284 0.2595 0.2595 0.275 0.275 0.275 0.3235 0.3235 0.2955 0.2955 0.2965 0.2965 0.2965 0.2655 0.2655 0.271 0.271 0.3345 0.3345 0.3345 0.326 0.326 0.325 0.325 0.3055 0.3055 0.3055 0.3115 0.3115 0.313 0.313 0.2985 0.2985 0.2985 0.3115 0.3115 0.311 0.311 0.2895 0.2895 0.3325 0.3325 0.3325 0.296 0.296 0.284 0.284 0.317 0.317 0.317 0.339 0.339 0.331 0.331 0.272 0.272 0.272 0.2865 0.2865 0.294 0.294 0.2805 0.2805 0.2805 0.341
0.283 0.283 0.298 0.298 0.2735 0.2735 0.2345 0.2345 0.2345 0.278 0.278 0.284 0.284 0.2595 0.2595 0.275 0.275 0.275 0.3235 0.3235 0.2955 0.2955 0.2965 0.2965 0.2965 0.2655 0.2655 0.271 0.271 0.3345 0.3345 0.3345 0.326 0.326 0.325 0.325 0.3055 0.3055 0.3055 0.3115 0.3115 0.313 0.313 0.2985 0.2985 0.2985 0.3115 0.3115 0.311 0.311 0.2895 0.2895 0.3325 0.3325 0.3325 0.296 0.296 0.284 0.284 0.317 0.317 0.317 0.339 0.339 0.331 0.331 0.272 0.272 0.272 0.2865 0.2865 0.294 0.294 0.2805 0.2805 0.2805 0.341
0.2985 0.2985 0.2505 0.2505 0.2795 0.2795 0.2595 0.2595 0.2595 0.305 0.305 0.3025 0.3025 0.2795 0.2795 0.291 0.291 0.291 0.3185 0.3185 0.2965 0.2965 0.2825 0.2825 0.2825 0.2685 0.2685 0.274 0.274 0.306 0.306 0.306 0.3585 0.3585 0.326 0.326 0.3665 0.3665 0.3665 0.36 0.36 0.3105 0.3105 0.338 0.338 0.338 0.3385 0.3385 0.2755 0.2755 0.3115 0.3115 0.2815 0.2815 0.2815 0.3335 0.3335 0.285 0.285 0.232 0.232 0.232 0.376 0.376 0.34 0.34 0.315 0.315 0.315 0.362 0.362 0.2815 0.2815 0.2805 0.2805 0.2805 0.271
0.2985 0.2985 0.2505 0.2505 0.2795 0.2795 0.2595 0.2595 0.2595 0.305 0.305 0.3025 0.3025 0.2795 0.2795 0.291 0.291 0.291 0.3185 0.3185 0.2965 0.2965 0.2825 0.2825 0.2825 0.2685 0.2685 0.274 0.274 0.306 0.306 0.306 0.3585 0.3585 0.326 0.326 0.3665 0.3665 0.3665 0.36 0.36 0.3105 0.3105 0.338 0.338 0.338 0.3385 0.3385 0.2755 0.2755 0.3115 0.3115 0.2815 0.2815 0.2815 0.3335 0.3335 0.285 0.285 0.232 0.232 0.232 0.376 0.376 0.34 0.34 0.315 0.315 0.315 0.362 0.362 0.2815 0.2815 0.2805 0.2805 0.2805 0.271
0.2985 0.2985 0.2505 0.2505 0.2795 0.2795 0.2595 0.2595 0.2595 0.305 0.305 0.3025 0.3025 0.2795 0.2795 0.291 0.291 0.291 0.3185 0.3185 0.2965 0.2965 0.2825 0.2825 0.2825 0.2685 0.2685 0.274 0.274 0.306 0.306 0.306 0.3585 0.3585 0.326 0.326 0.3665 0.3665 0.3665 0.36 0.36 0.3105 0.3105 0.338 0.338 0.338 0.3385 0.3385 0.2755 0.2755 0.3115 0.3115 0.2815 0.2815 0.2815 0.3335 0.3335 0.285 0.285 0.232 0.232 0.232 0.376 0.376 0.34 0.34 0.315 0.315 0.315 0.362 0.362 0.2815 0.2815 0.2805 0.2805 0.2805 0.271
0.2885 0.2885 0.296 0.296 0.265 0.265 0.267 0.267 0.267 0.2935 0.2935 0.2745 0.2745 0.2865 0.2865 0.3075 0.3075 0.3075 0.3105 0.3105 0.288 0.288 0.276 0.276 0.276 0.2825 0.2825 0.289 0.289 0.3065 0.3065 0.3065 0.2905 0.2905 0.317 0.317 0.3625 0.3625 0.3625 0.349 0.349 0.357 0.357 0.363 0.363 0.363 0.2765 0.2765 0.2895 0.2895 0.304 0.304 0.316 0.316 0.316 0.2815 0.2815 0.289 0.289 0.279 0.279 0.279 0.3365 0.3365 0.294 0.294 0.2885 0.2885 0.2885 0.3035 0.3035 0.2895 0.2895 0.2435 0.2435 0.2435 0.265
0.2885 0.2885 0.296 0.296 0.265 0.265 0.267 0.267 0.267 0.2935 0.2935 0.2745 0.2745 0.2865 0.2865 0.3075 0.3075 0.3075 0.3105 0.3105 0.288 0.288 0.276 0.276 0.276 0.2825 0.2825 0.289 0.289 0.3065 0.3065 0.3065 0.2905 0.2905 0.317 0.317 0.3625 0.3625 0.3625 0.349 0.349 0.357 0.357 0.363 0.363 0.363 0.2765 0.2765 0.2895 0.2895 0.304 0.304 0.316 0.316 0.316 0.2815 0.2815 0.289 0.289 0.279 0.279 0.279 0.3365 0.3365 0.294 0.294 0.2885 0.2885 0.2885 0.3035 0.3035 0.2895 0.2895 0.2435 0.2435 0.2435 0.265
0.271 0.271 0.319 0.319 0.2745 0.2745 0.266 0.266 0.266 0.252 0.252 0.255 0.255 0.249 0.249 0.249 0.249 0.249 0.289 0.289 0.302 0.302 0.297 0.297 0.297 0.269 0.269 0.291 0.291 0.2955 0.2955 0.2955 0.312 0.312 0.3095 0.3095 0.304 0.304 0.304 0.3095 0.3095 0.295 0.295 0.3215 0.3215 0.3215 0.336 0.336 0.3405 0.3405 0.3555 0.3555 0.3425 0.3425 0.3425 0.282 0.282 0.3135 0.3135 0.302 0.302 0.302 0.3275 0.3275 0.286 0.286 0.3155 0.3155 0.3155 0.3435 0.3435 0.288 0.288 0.2755 0.2755 0.2755 0.2575
0.271 0.271 0.319 0.319 0.2745 0.2745 0.266 0.266 0.266 0.252 0.252 0.255 0.255 0.249 0.249 0.249 0.249 0.249 0.289 0.289 0.302 0.302 0.297 0.297 0.297 0.269 0.269 0.291 0.291 0.2955 0.2955 0.2955 0.312 0.312 0.3095 0.3095 0.304 0.304 0.304 0.3095 0.3095 0.295 0.295 0.3215 0.3215 0.3215 0.336 0.336 0.3405 0.3405 0.3555 0.3555 0.3425 0.3425 0.3425 0.282 0.282 0.3135 0.3135 0.302 0.302 0.302 0.3275 0.3275 0.286 0.286 0.3155 0.3155 0.3155 0.3435 0.3435 0.288 0.288 0.2755 0.2755 0.2755 0.2575
0.27 0.27 0.2985 0.2985 0.282 0.282 0.2785 0.2785 0.2785 0.2755 0.2755 0.267 0.267 0.263 0.263 0.273 0.273 0.273 0.257 0.257 0.2645 0.2645 0.309 0.309 0.309 0.3125 0.3125 0.3075 0.3075 0.323 0.323 0.323 0.3245 0.3245 0.34 0.34 0.329 0.329 0.329 0.3505 0.3505 0.306 0.306 0.3455 0.3455 0.3455 0.3865 0.3865 0.3535 0.3535 0.411 0.411 0.3565 0.3565 0.3565 0.328 0.328 0.3135 0.3135 0.272 0.272 0.272 0.278 0.278 0.3145 0.3145 0.341 0.341 0.341 0.3425 0.3425 0.314 0.314 0.352 0.352 0.352 0.2745
