ndvi/NOAA-149.asc
ncols         252
nrows         154
xllcorner     -18.017974
yllcorner     13.481982
cellsize      0.035948
NODATA_value  -9999
[rows 70 to 104 of 154, columns 77 to 153 of 252]
0.2285 0.2285 0.2385 0.2385 0.238 0.238 0.2305 0.2305 0.2305 0.237 0.237 0.243 0.243 0.2375 0.2375 0.237 0.237 0.237 0.219 0.219 0.2485 0.2485 0.278 0.278 0.278 0.2545 0.2545 0.216 0.216 0.2095 0.2095 0.2095 0.2115 0.2115 0.228 0.228 0.2375 0.2375 0.2375 0.2445 0.2445 0.257 0.257 0.261 0.261 0.261 0.2055 0.2055 0.211 0.211 0.221 0.221 0.206 0.206 0.206 0.2355 0.2355 0.2285 0.2285 0.242 0.242 0.242 0.2635 0.2635 0.2705 0.2705 0.2295 0.2295 0.2295 0.231 0.231 0.234 0.234 0.2405 0.2405 0.2405 0.184
0.217 0.217 0.22 0.22 0.226 0.226 0.226 0.226 0.226 0.234 0.234 0.219 0.219 0.22 0.22 0.223 0.223 0.223 0.2075 0.2075 0.215 0.215 0.213 0.213 0.213 0.2645 0.2645 0.2685 0.2685 0.2245 0.2245 0.2245 0.211 0.211 0.2215 0.2215 0.2425 0.2425 0.2425 0.24 0.24 0.263 0.263 0.2485 0.2485 0.2485 0.2015 0.2015 0.182 0.182 0.1995 0.1995 0.221 0.221 0.221 0.2315 0.2315 0.2295 0.2295 0.236 0.236 0.236 0.2655 0.2655 0.2615 0.2615 0.2275 0.2275 0.2275 0.2335 0.2335 0.2315 0.2315 0.248 0.248 0.248 0.1785
0.217 0.217 0.22 0.22 0.226 0.226 0.226 0.226 0.226 0.234 0.234 0.219 0.219 0.22 0.22 0.223 0.223 0.223 0.2075 0.2075 0.215 0.215 0.213 0.213 0.213 0.2645 0.2645 0.2685 0.2685 0.2245 0.2245 0.2245 0.211 0.211 0.2215 0.2215 0.2425 0.2425 0.2425 0.24 0.24 0.263 0.263 0.2485 0.2485 0.2485 0.2015 0.2015 0.182 0.182 0.1995 0.1995 0.221 0.221 0.221 0.2315 0.2315 0.2295 0.2295 0.236 0.236 0.236 0.2655 0.2655 0.2615 0.2615 0.2275 0.2275 0.2275 0.2335 0.2335 0.2315 0.2315 0.248 0.248 0.248 0.1785
0.217 0.217 0.22 0.22 0.226 0.226 0.226 0.226 0.226 0.234 0.234 0.219 0.219 0.22 0.22 0.223 0.223 0.223 0.2075 0.2075 0.215 0.215 0.213 0.213 0.213 0.2645 0.2645 0.2685 0.2685 0.2245 0.2245 0.2245 0.211 0.211 0.2215 0.2215 0.2425 0.2425 0.2425 0.24 0.24 0.263 0.263 0.2485 0.2485 0.2485 0.2015 0.2015 0.182 0.182 0.1995 0.1995 0.221 0.221 0.221 0.2315 0.2315 0.2295 0.2295 0.236 0.236 0.236 0.2655 0.2655 0.2615 0.2615 0.2275 0.2275 0.2275 0.2335 0.2335 0.2315 0.2315 0.248 0.248 0.248 0.1785
0.226 0.226 0.237 0.237 0.239 0.239 0.233 0.233 0.233 0.247 0.247 0.2395 0.2395 0.2145 0.2145 0.194 0.194 0.194 0.201 0.201 0.2115 0.2115 0.221 0.221 0.221 0.233 0.233 0.2305 0.2305 0.267 0.267 0.267 0.283 0.283 0.2285 0.2285 0.211 0.211 0.211 0.218 0.218 0.2185 0.2185 0.1775 0.1775 0.1775 0.196 0.196 0.25 0.25 0.242 0.242 0.24 0.24 0.24 0.235 0.235 0.2145 0.2145 0.2195 0.2195 0.2195 0.23 0.23 0.227 0.227 0.2305 0.2305 0.2305 0.2265 0.2265 0.1875 0.1875 0.1645 0.1645 0.1645 0.1945
0.226 0.226 0.237 0.237 0.239 0.239 0.233 0.233 0.233 0.247 0.247 0.2395 0.2395 0.2145 0.2145 0.194 0.194 0.194 0.201 0.201 0.2115 0.2115 0.221 0.221 0.221 0.233 0.233 0.2305 0.2305 0.267 0.267 0.267 0.283 0.283 0.2285 0.2285 0.211 0.211 0.211 0.218 0.218 0.2185 0.2185 0.1775 0.1775 0.1775 0.196 0.196 0.25 0.25 0.242 0.242 0.24 0.24 0.24 0.235 0.235 0.2145 0.2145 0.2195 0.2195 0.2195 0.23 0.23 0.227 0.227 0.2305 0.2305 0.2305 0.2265 0.2265 0.1875 0.1875 0.1645 0.1645 0.1645 0.1945
0.223 0.223 0.2425 0.2425 0.255 0.255 0.237 0.237 0.237 0.222 0.222 0.193 0.193 0.23 0.23 0.1975 0.1975 0.1975 0.175 0.175 0.1835 0.1835 0.2135 0.2135 0.2135 0.2145 0.2145 0.215 0.215 0.235 0.235 0.235 0.2605 0.2605 0.295 0.295 0.253 0.253 0.253 0.226 0.226 0.216 0.216 0.1895 0.1895 0.1895 0.205 0.205 0.245 0.245 0.2165 0.2165 0.2125 0.2125 0.2125 0.2045 0.2045 0.2085 0.2085 0.198 0.198 0.198 0.208 0.208 0.228 0.228 0.2505 0.2505 0.2505 0.2215 0.2215 0.212 0.212 0.1595 0.1595 0.1595 0.15
0.223 0.223 0.2425 0.2425 0.255 0.255 0.237 0.237 0.237 0.222 0.222 0.193 0.193 0.23 0.23 0.1975 0.1975 0.1975 0.175 0.175 0.1835 0.1835 0.2135 0.2135 0.2135 0.2145 0.2145 0.215 0.215 0.235 0.235 0.235 0.2605 0.2605 0.295 0.295 0.253 0.253 0.253 0.226 0.226 0.216 0.216 0.1895 0.1895 0.1895 0.205 0.205 0.245 0.245 0.2165 0.2165 0.2125 0.2125 0.2125 0.2045 0.2045 0.2085 0.2085 0.198 0.198 0.198 0.208 0.208 0.228 0.228 0.2505 0.2505 0.2505 0.2215 0.2215 0.212 0.212 0.1595 0.1595 0.1595 0.15
0.2155 0.2155 0.214 0.214 0.2055 0.2055 0.192 0.192 0.192 0.2105 0.2105 0.202 0.202 0.184 0.184 0.185 0.185 0.185 0.192 0.192 0.1715 0.1715 0.1915 0.1915 0.1915 0.209 0.209 0.2115 0.2115 0.2205 0.2205 0.2205 0.2345 0.2345 0.262 0.262 0.2685 0.2685 0.2685 0.248 0.248 0.235 0.235 0.1965 0.1965 0.1965 0.2055 0.2055 0.201 0.201 0.2255 0.2255 0.206 0.206 0.206 0.195 0.195 0.191 0.191 0.209 0.209 0.209 0.2035 0.2035 0.2075 0.2075 0.2035 0.2035 0.2035 0.2145 0.2145 0.22 0.22 0.2075 0.2075 0.2075 0.1355
0.2155 0.2155 0.214 0.214 0.2055 0.2055 0.192 0.192 0.192 0.2105 0.2105 0.202 0.202 0.184 0.184 0.185 0.185 0.185 0.192 0.192 0.1715 0.1715 0.1915 0.1915 0.1915 0.209 0.209 0.2115 0.2115 0.2205 0.2205 0.2205 0.2345 0.2345 0.262 0.262 0.2685 0.2685 0.2685 0.248 0.248 0.235 0.235 0.1965 0.1965 0.1965 0.2055 0.2055 0.201 0.201 0.2255 0.2255 0.206 0.206 0.206 0.195 0.195 0.191 0.191 0.209 0.209 0.209 0.2035 0.2035 0.2075 0.2075 0.2035 0.2035 0.2035 0.2145 0.2145 0.22 0.22 0.2075 0.2075 0.2075 0.1355
0.2235 0.2235 0.227 0.227 0.2165 0.2165 0.204 0.204 0.204 0.182 0.182 0.1815 0.1815 0.1785 0.1785 0.172 0.172 0.172 0.1645 0.1645 0.1565 0.1565 0.2035 0.2035 0.2035 0.202 0.202 0.205 0.205 0.223 0.223 0.223 0.2355 0.2355 0.2455 0.2455 0.224 0.224 0.224 0.2215 0.2215 0.241 0.241 0.24 0.24 0.24 0.253 0.253 0.2325 0.2325 0.205 0.205 0.2105 0.2105 0.2105 0.204 0.204 0.197 0.197 0.2205 0.2205 0.2205 0.223 0.223 0.1915 0.1915 0.192 0.192 0.192 0.1755 0.1755 0.202 0.202 0.189 0.189 0.189 0.134
0.2235 0.2235 0.227 0.227 0.2165 0.2165 0.204 0.204 0.204 0.182 0.182 0.1815 0.1815 0.1785 0.1785 0.172 0.172 0.172 0.1645 0.1645 0.1565 0.1565 0.2035 0.2035 0.2035 0.202 0.202 0.205 0.205 0.223 0.223 0.223 0.2355 0.2355 0.2455 0.2455 0.224 0.224 0.224 0.2215 0.2215 0.241 0.241 0.24 0.24 0.24 0.253 0.253 0.2325 0.2325 0.205 0.205 0.2105 0.2105 0.2105 0.204 0.204 0.197 0.197 0.2205 0.2205 0.2205 0.223 0.223 0.1915 0.1915 0.192 0.192 0.192 0.1755 0.1755 0.202 0.202 0.189 0.189 0.189 0.134
0.2235 0.2235 0.227 0.227 0.2165 0.2165 0.204 0.204 0.204 0.182 0.182 0.1815 0.1815 0.1785 0.1785 0.172 0.172 0.172 0.1645 0.1645 0.1565 0.1565 0.2035 0.2035 0.2035 0.202 0.202 0.205 0.205 0.223 0.223 0.223 0.2355 0.2355 0.2455 0.2455 0.224 0.224 0.224 0.2215 0.2215 0.241 0.241 0.24 0.24 0.24 0.253 0.253 0.2325 0.2325 0.205 0.205 0.2105 0.2105 0.2105 0.204 0.204 0.197 0.197 0.2205 0.2205 0.2205 0.223 0.223 0.1915 0.1915 0.192 0.192 0.192 0.1755 0.1755 0.202 0.202 0.189 0.189 0.189 0.134
0.211 0.211 0.211 0.211 0.2055 0.2055 0.197 0.197 0.197 0.2015 0.2015 0.187 0.187 0.1985 0.1985 0.205 0.205 0.205 0.177 0.177 0.1835 0.1835 0.201 0.201 0.201 0.2065 0.2065 0.2145 0.2145 0.2055 0.2055 0.2055 0.22 0.22 0.198 0.198 0.196 0.196 0.196 0.216 0.216 0.196 0.196 0.2245 0.2245 0.2245 0.259 0.259 0.2575 0.2575 0.2095 0.2095 0.2195 0.2195 0.2195 0.215 0.215 0.212 0.212 0.2155 0.2155 0.2155 0.2245 0.2245 0.2395 0.2395 0.1955 0.1955 0.1955 0.196 0.196 0.2085 0.2085 0.182 0.182 0.182 0.151
0.211 0.211 0.211 0.211 0.2055 0.2055 0.197 0.197 0.197 0.2015 0.2015 0.187 0.187 0.1985 0.1985 0.205 0.205 0.205 0.177 0.177 0.1835 0.1835 0.201 0.201 0.201 0.2065 0.2065 0.2145 0.2145 0.2055 0.2055 0.2055 0.22 0.22 0.198 0.198 0.196 0.196 0.196 0.216 0.216 0.196 0.196 0.2245 0.2245 0.2245 0.259 0.259 0.2575 0.2575 0.2095 0.2095 0.2195 0.2195 0.2195 0.215 0.215 0.212 0.212 0.2155 0.2155 0.2155 0.2245 0.2245 0.2395 0.2395 0.1955 0.1955 0.1955 0.196 0.196 0.2085 0.2085 0.182 0.182 0.182 0.151
0.2225 0.2225 0.217 0.217 0.214 0.214 0.2085 0.2085 0.2085 0.213 0.213 0.2185 0.2185 0.208 0.208 0.2085 0.2085 0.2085 0.2055 0.2055 0.201 0.201 0.1995 0.1995 0.1995 0.199 0.199 0.208 0.208 0.201 0.201 0.201 0.1985 0.1985 0.2185 0.2185 0.198 0.198 0.198 0.2 0.2 0.2015 0.2015 0.1885 0.1885 0.1885 0.1835 0.1835 0.22 0.22 0.1955 0.1955 0.23 0.23 0.23 0.235 0.235 0.2365 0.2365 0.2435 0.2435 0.2435 0.236 0.236 0.264 0.264 0.2165 0.2165 0.2165 0.21 0.21 0.207 0.207 0.1835 0.1835 0.1835 0.1805
0.2225 0.2225 0.217 0.217 0.214 0.214 0.2085 0.2085 0.2085 0.213 0.213 0.2185 0.2185 0.208 0.208 0.2085 0.2085 0.2085 0.2055 0.2055 0.201 0.201 0.1995 0.1995 0.1995 0.199 0.199 0.208 0.208 0.201 0.201 0.201 0.1985 0.1985 0.2185 0.2185 0.198 0.198 0.198 0.2 0.2 0.2015 0.2015 0.1885 0.1885 0.1885 0.1835 0.1835 0.22 0.22 0.1955 0.1955 0.23 0.23 0.23 0.235 0.235 0.2365 0.2365 0.2435 0.2435 0.2435 0.236 0.236 0.264 0.264 0.2165 0.2165 0.2165 0.21 0.21 0.207 0.207 0.1835 0.1835 0.1835 0.1805
0.2525 0.2525 0.2725 0.2725 0.256 0.256 0.23 0.23 0.23 0.24 0.24 0.234 0.234 0.241 0.241 0.2265 0.2265 0.2265 0.219 0.219 0.2195 0.2195 0.2355 0.2355 0.2355 0.2075 0.2075 0.2 0.2 0.2015 0.2015 0.2015 0.206 0.206 0.2285 0.2285 0.2185 0.2185 0.2185 0.2235 0.2235 0.229 0.229 0.214 0.214 0.214 0.1755 0.1755 0.2155 0.2155 0.233 0.233 0.205 0.205 0.205 0.217 0.217 0.223 0.223 0.236 0.236 0.236 0.2535 0.2535 0.2815 0.2815 0.222 0.222 0.222 0.2105 0.2105 0.2045 0.2045 0.2195 0.2195 0.2195 0.1915
0.2525 0.2525 0.2725 0.2725 0.256 0.256 0.23 0.23 0.23 0.24 0.24 0.234 0.234 0.241 0.241 0.2265 0.2265 0.2265 0.219 0.219 0.2195 0.2195 0.2355 0.2355 0.2355 0.2075 0.2075 0.2 0.2 0.2015 0.2015 0.2015 0.206 0.206 0.2285 0.2285 0.2185 0.2185 0.2185 0.2235 0.2235 0.229 0.229 0.214 0.214 0.214 0.1755 0.1755 0.2155 0.2155 0.233 0.233 0.205 0.205 0.205 0.217 0.217 0.223 0.223 0.236 0.236 0.236 0.2535 0.2535 0.2815 0.2815 0.222 0.222 0.222 0.2105 0.2105 0.2045 0.2045 0.2195 0.2195 0.2195 0.1915
0.2525 0.2525 0.2725 0.2725 0.256 0.256 0.23 0.23 0.23 0.24 0.24 0.234 0.234 0.241 0.241 0.2265 0.2265 0.2265 0.219 0.219 0.2195 0.2195 0.2355 0.2355 0.2355 0.2075 0.2075 0.2 0.2 0.2015 0.2015 0.2015 0.206 0.206 0.2285 0.2285 0.2185 0.2185 0.2185 0.2235 0.2235 0.229 0.229 0.214 0.214 0.214 0.1755 0.1755 0.2155 0.2155 0.233 0.233 0.205 0.205 0.205 0.217 0.217 0.223 0.223 0.236 0.236 0.236 0.2535 0.2535 0.2815 0.2815 0.222 0.222 0.222 0.2105 0.2105 0.2045 0.2045 0.2195 0.2195 0.2195 0.1915
0.263 0.263 0.2605 0.2605 0.2515 0.2515 0.2025 0.2025 0.2025 0.2135 0.2135 0.222 0.222 0.2045 0.2045 0.2195 0.2195 0.2195 0.2255 0.2255 0.2165 0.2165 0.2095 0.2095 0.2095 0.218 0.218 0.2025 0.2025 0.1975 0.1975 0.1975 0.1985 0.1985 0.2205 0.2205 0.225 0.225 0.225 0.2235 0.2235 0.231 0.231 0.229 0.229 0.229 0.243 0.243 0.23 0.23 0.231 0.231 0.213 0.213 0.213 0.2365 0.2365 0.24 0.24 0.246 0.246 0.246 0.243 0.243 0.2465 0.2465 0.2495 0.2495 0.2495 0.213 0.213 0.2225 0.2225 0.2035 0.2035 0.2035 0.186
0.263 0.263 0.2605 0.2605 0.2515 0.2515 0.2025 0.2025 0.2025 0.2135 0.2135 0.222 0.222 0.2045 0.2045 0.2195 0.2195 0.2195 0.2255 0.2255 0.2165 0.2165 0.2095 0.2095 0.2095 0.218 0.218 0.2025 0.2025 0.1975 0.1975 0.1975 0.1985 0.1985 0.2205 0.2205 0.225 0.225 0.225 0.2235 0.2235 0.231 0.231 0.229 0.229 0.229 0.243 0.243 0.23 0.23 0.231 0.231 0.213 0.213 0.213 0.2365 0.2365 0.24 0.24 0.246 0.246 0.246 0.243 0.243 0.2465 0.2465 0.2495 0.2495 0.2495 0.213 0.213 0.2225 0.2225 0.2035 0.2035 0.2035 0.186
0.254 0.254 0.2645 0.2645 0.2285 0.2285 0.227 0.227 0.227 0.244 0.244 0.2255 0.2255 0.219 0.219 0.215 0.215 0.215 0.214 0.214 0.222 0.222 0.24 0.24 0.24 0.223 0.223 0.231 0.231 0.211 0.211 0.211 0.22 0.22 0.233 0.233 0.2335 0.2335 0.2335 0.2285 0.2285 0.2335 0.2335 0.2495 0.2495 0.2495 0.256 0.256 0.2635 0.2635 0.2535 0.2535 0.2335 0.2335 0.2335 0.2205 0.2205 0.2325 0.2325 0.251 0.251 0.251 0.241 0.241 0.245 0.245 0.245 0.245 0.245 0.27 0.27 0.2655 0.2655 0.272 0.272 0.272 0.212
0.254 0.254 0.2645 0.2645 0.2285 0.2285 0.227 0.227 0.227 0.244 0.244 0.2255 0.2255 0.219 0.219 0.215 0.215 0.215 0.214 0.214 0.222 0.222 0.24 0.24 0.24 0.223 0.223 0.231 0.231 0.211 0.211 0.211 0.22 0.22 0.233 0.233 0.2335 0.2335 0.2335 0.2285 0.2285 0.2335 0.2335 0.2495 0.2495 0.2495 0.256 0.256 0.2635 0.2635 0.2535 0.2535 0.2335 0.2335 0.2335 0.2205 0.2205 0.2325 0.2325 0.251 0.251 0.251 0.241 0.241 0.245 0.245 0.245 0.245 0.245 0.27 0.27 0.2655 0.2655 0.272 0.272 0.272 0.212
0.2655 0.2655 0.2545 0.2545 0.235 0.235 0.239 0.239 0.239 0.231 0.231 0.235 0.235 0.225 0.225 0.226 0.226 0.226 0.216 0.216 0.229 0.229 0.2445 0.2445 0.2445 0.2275 0.2275 0.24 0.24 0.2455 0.2455 0.2455 0.259 0.259 0.256 0.256 0.24 0.24 0.24 0.2415 0.2415 0.245 0.245 0.242 0.242 0.242 0.2505 0.2505 0.2525 0.2525 0.265 0.265 0.238 0.238 0.238 0.2545 0.2545 0.2255 0.2255 0.2385 0.2385 0.2385 0.2185 0.2185 0.2575 0.2575 0.255 0.255 0.255 0.2595 0.2595 0.2505 0.2505 0.2595 0.2595 0.2595 0.231
0.2655 0.2655 0.2545 0.2545 0.235 0.235 0.239 0.239 0.239 0.231 0.231 0.235 0.235 0.225 0.225 0.226 0.226 0.226 0.216 0.216 0.229 0.229 0.2445 0.2445 0.2445 0.2275 0.2275 0.24 0.24 0.2455 0.2455 0.2455 0.259 0.259 0.256 0.256 0.24 0.24 0.24 0.2415 0.2415 0.245 0.245 0.242 0.242 0.242 0.2505 0.2505 0.2525 0.2525 0.265 0.265 0.238 0.238 0.238 0.2545 0.2545 0.2255 0.2255 0.2385 0.2385 0.2385 0.2185 0.2185 0.2575 0.2575 0.255 0.255 0.255 0.2595 0.2595 0.2505 0.2505 0.2595 0.2595 0.2595 0.231
0.2655 0.2655 0.2545 0.2545 0.235 0.235 0.239 0.239 0.239 0.231 0.231 0.235 0.235 0.225 0.225 0.226 0.226 0.226 0.216 0.216 0.229 0.229 0.2445 0.2445 0.2445 0.2275 0.2275 0.24 0.24 0.2455 0.2455 0.2455 0.259 0.259 0.256 0.256 0.24 0.24 0.24 0.2415 0.2415 0.245 0.245 0.242 0.242 0.242 0.2505 0.2505 0.2525 0.2525 0.265 0.265 0.238 0.238 0.238 0.2545 0.2545 0.2255 0.2255 0.2385 0.2385 0.2385 0.2185 0.2185 0.2575 0.2575 0.255 0.255 0.255 0.2595 0.2595 0.2505 0.2505 0.2595 0.2595 0.2595 0.231
0.246 0.246 0.259 0.259 0.2445 0.2445 0.2335 0.2335 0.2335 0.247 0.247 0.2295 0.2295 0.23 0.23 0.2145 0.2145 0.2145 0.216 0.216 0.2235 0.2235 0.24 0.24 0.24 0.2395 0.2395 0.2685 0.2685 0.2635 0.2635 0.2635 0.2575 0.2575 0.257 0.257 0.2355 0.2355 0.2355 0.2605 0.2605 0.245 0.245 0.243 0.243 0.243 0.2435 0.2435 0.2415 0.2415 0.268 0.268 0.266 0.266 0.266 0.263 0.263 0.2865 0.2865 0.262 0.262 0.262 0.2155 0.2155 0.211 0.211 0.2745 0.2745 0.2745 0.3385 0.3385 0.2295 0.2295 0.22 0.22 0.22 0.225
0.246 0.246 0.259 0.259 0.2445 0.2445 0.2335 0.2335 0.2335 0.247 0.247 0.2295 0.2295 0.23 0.23 0.2145 0.2145 0.2145 0.216 0.216 0.2235 0.2235 0.24 0.24 0.24 0.2395 0.2395 0.2685 0.2685 0.2635 0.2635 0.2635 0.2575 0.2575 0.257 0.257 0.2355 0.2355 0.2355 0.2605 0.2605 0.245 0.245 0.243 0.243 0.243 0.2435 0.2435 0.2415 0.2415 0.268 0.268 0.266 0.266 0.266 0.263 0.263 0.2865 0.2865 0.262 0.262 0.262 0.2155 0.2155 0.211 0.211 0.2745 0.2745 0.2745 0.3385 0.3385 0.2295 0.2295 0.22 0.22 0.22 0.225
0.244 0.244 0.2345 0.2345 0.257 0.257 0.258 0.258 0.258 0.2585 0.2585 0.227 0.227 0.239 0.239 0.2405 0.2405 0.2405 0.245 0.245 0.249 0.249 0.2255 0.2255 0.2255 0.226 0.226 0.233 0.233 0.2605 0.2605 0.2605 0.2515 0.2515 0.249 0.249 0.2495 0.2495 0.2495 0.2605 0.2605 0.2555 0.2555 0.2635 0.2635 0.2635 0.24 0.24 0.272 0.272 0.273 0.273 0.282 0.282 0.282 0.254 0.254 0.253 0.253 0.2735 0.2735 0.2735 0.283 0.283 0.244 0.244 0.271 0.271 0.271 0.313 0.313 0.3095 0.3095 0.278 0.278 0.278 0.2725
0.244 0.244 0.2345 0.2345 0.257 0.257 0.258 0.258 0.258 0.2585 0.2585 0.227 0.227 0.239 0.239 0.2405 0.2405 0.2405 0.245 0.245 0.249 0.249 0.2255 0.2255 0.2255 0.226 0.226 0.233 0.233 0.2605 0.2605 0.2605 0.2515 0.2515 0.249 0.249 0.2495 0.2495 0.2495 0.2605 0.2605 0.2555 0.2555 0.2635 0.2635 0.2635 0.24 0.24 0.272 0.272 0.273 0.273 0.282 0.282 0.282 0.254 0.254 0.253 0.253 0.2735 0.2735 0.2735 0.283 0.283 0.244 0.244 0.271 0.271 0.271 0.313 0.313 0.3095 0.3095 0.278 0.278 0.278 0.2725
0.236 0.236 0.2425 0.2425 0.263 0.263 0.275 0.275 0.275 0.262 0.262 0.241 0.241 0.2485 0.2485 0.23 0.23 0.23 0.2605 0.2605 0.2535 0.2535 0.2655 0.2655 0.2655 0.262 0.262 0.261 0.261 0.257 0.257 0.257 0.274 0.274 0.2865 0.2865 0.2585 0.2585 0.2585 0.2605 0.2605 0.2575 0.2575 0.266 0.266 0.266 0.278 0.278 0.281 0.281 0.274 0.274 0.272 0.272 0.272 0.2945 0.2945 0.2915 0.2915 0.2595 0.2595 0.2595 0.311 0.311 0.292 0.292 0.285 0.285 0.285 0.273 0.273 0.267 0.267 0.2585 0.2585 0.2585 0.243
0.236 0.236 0.2425 0.2425 0.263 0.263 0.275 0.275 0.275 0.262 0.262 0.241 0.241 0.2485 0.2485 0.23 0.23 0.23 0.2605 0.2605 0.2535 0.2535 0.2655 0.2655 0.2655 0.262 0.262 0.261 0.261 0.257 0.257 0.257 0.274 0.274 0.2865 0.2865 0.2585 0.2585 0.2585 0.2605 0.2605 0.2575 0.2575 0.266 0.266 0.266 0.278 0.278 0.281 0.281 0.274 0.274 0.272 0.272 0.272 0.2945 0.2945 0.2915 0.2915 0.2595 0.2595 0.2595 0.311 0.311 0.292 0.292 0.285 0.285 0.285 0.273 0.273 0.267 0.267 0.2585 0.2585 0.2585 0.243
0.262 0.262 0.2575 0.2575 0.2675 0.2675 0.264 0.264 0.264 0.2545 0.2545 0.2495 0.2495 0.2335 0.2335 0.2345 0.2345 0.2345 0.2295 0.2295 0.238 0.238 0.2305 0.2305 0.2305 0.261 0.261 0.256 0.256 0.25 0.25 0.25 0.266 0.266 0.2765 0.2765 0.272 0.272 0.272 0.2795 0.2795 0.2765 0.2765 0.279 0.279 0.279 0.2785 0.2785 0.274 0.274 0.272 0.272 0.276 0.276 0.276 0.2765 0.2765 0.302 0.302 0.2795 0.2795 0.2795 0.2765 0.2765 0.321 0.321 0.269 0.269 0.269 0.257 0.257 0.258 0.258 0.2695 0.2695 0.2695 0.254
0.262 0.262 0.2575 0.2575 0.2675 0.2675 0.264 0.264 0.264 0.2545 0.2545 0.2495 0.2495 0.2335 0.2335 0.2345 0.2345 0.2345 0.2295 0.2295 0.238 0.238 0.2305 0.2305 0.2305 0.261 0.261 0.256 0.256 0.25 0.25 0.25 0.266 0.266 0.2765 0.2765 0.272 0.272 0.272 0.2795 0.2795 0.2765 0.2765 0.279 0.279 0.279 0.2785 0.2785 0.274 0.274 0.272 0.272 0.276 0.276 0.276 0.2765 0.2765 0.302 0.302 0.2795 0.2795 0.2795 0.2765 0.2765 0.321 0.321 0.269 0.269 0.269 0.257 0.257 0.258 0.258 0.2695 0.2695 0.2695 0.254
