ndvi/NOAA-123.asc
ncols         252
nrows         154
xllcorner     -18.017974
yllcorner     13.481982
cellsize      0.035948
NODATA_value  -9999
[rows 68 to 101 of 154, columns 154 to 230 of 252]
0.1325 0.1525 0.1525 0.139 0.139 0.139 0.1405 0.1405 0.14 0.14 0.18 0.18 0.1935 0.1935 0.1935 0.218 0.218 0.2165 0.2165 0.214 0.214 0.214 0.2225 0.2225 0.2105 0.2105 0.1965 0.1965 0.1965 0.209 0.209 0.213 0.213 0.2095 0.2095 0.2095 0.205 0.205 0.208 0.208 0.207 0.207 0.207 0.207 0.207 0.2005 0.2005 0.189 0.189 0.197 0.197 0.197 0.195 0.195 0.1925 0.1925 0.2035 0.2035 0.2035 0.2205 0.2205 0.2055 0.2055 0.2005 0.2005 0.2005 0.1835 0.1835 0.198 0.198 0.205 0.205 0.205 0.195 0.195 0.1855 0.1855
0.1375 0.1515 0.1515 0.144 0.144 0.144 0.144 0.144 0.159 0.159 0.1565 0.1565 0.211 0.211 0.211 0.207 0.207 0.2085 0.2085 0.217 0.217 0.217 0.205 0.205 0.219 0.219 0.2115 0.2115 0.2115 0.2055 0.2055 0.2065 0.2065 0.205 0.205 0.205 0.1975 0.1975 0.2065 0.2065 0.2055 0.2055 0.2055 0.2055 0.2055 0.1995 0.1995 0.199 0.199 0.2 0.2 0.2 0.207 0.207 0.2095 0.2095 0.2095 0.2095 0.2095 0.205 0.205 0.2125 0.2125 0.2 0.2 0.2 0.186 0.186 0.197 0.197 0.2065 0.2065 0.2065 0.196 0.196 0.1875 0.1875
0.1375 0.1515 0.1515 0.144 0.144 0.144 0.144 0.144 0.159 0.159 0.1565 0.1565 0.211 0.211 0.211 0.207 0.207 0.2085 0.2085 0.217 0.217 0.217 0.205 0.205 0.219 0.219 0.2115 0.2115 0.2115 0.2055 0.2055 0.2065 0.2065 0.205 0.205 0.205 0.1975 0.1975 0.2065 0.2065 0.2055 0.2055 0.2055 0.2055 0.2055 0.1995 0.1995 0.199 0.199 0.2 0.2 0.2 0.207 0.207 0.2095 0.2095 0.2095 0.2095 0.2095 0.205 0.205 0.2125 0.2125 0.2 0.2 0.2 0.186 0.186 0.197 0.197 0.2065 0.2065 0.2065 0.196 0.196 0.1875 0.1875
0.1615 0.171 0.171 0.1775 0.1775 0.1775 0.166 0.166 0.1685 0.1685 0.1565 0.1565 0.2015 0.2015 0.2015 0.2045 0.2045 0.209 0.209 0.2165 0.2165 0.2165 0.2035 0.2035 0.2 0.2 0.2095 0.2095 0.2095 0.2075 0.2075 0.1955 0.1955 0.1985 0.1985 0.1985 0.1985 0.1985 0.205 0.205 0.2055 0.2055 0.2055 0.211 0.211 0.205 0.205 0.2055 0.2055 0.213 0.213 0.213 0.21 0.21 0.21 0.21 0.2075 0.2075 0.2075 0.2135 0.2135 0.21 0.21 0.212 0.212 0.212 0.1995 0.1995 0.1935 0.1935 0.1985 0.1985 0.1985 0.2035 0.2035 0.212 0.212
0.1615 0.171 0.171 0.1775 0.1775 0.1775 0.166 0.166 0.1685 0.1685 0.1565 0.1565 0.2015 0.2015 0.2015 0.2045 0.2045 0.209 0.209 0.2165 0.2165 0.2165 0.2035 0.2035 0.2 0.2 0.2095 0.2095 0.2095 0.2075 0.2075 0.1955 0.1955 0.1985 0.1985 0.1985 0.1985 0.1985 0.205 0.205 0.2055 0.2055 0.2055 0.211 0.211 0.205 0.205 0.2055 0.2055 0.213 0.213 0.213 0.21 0.21 0.21 0.21 0.2075 0.2075 0.2075 0.2135 0.2135 0.21 0.21 0.212 0.212 0.212 0.1995 0.1995 0.1935 0.1935 0.1985 0.1985 0.1985 0.2035 0.2035 0.212 0.212
0.1615 0.171 0.171 0.1775 0.1775 0.1775 0.166 0.166 0.1685 0.1685 0.1565 0.1565 0.2015 0.2015 0.2015 0.2045 0.2045 0.209 0.209 0.2165 0.2165 0.2165 0.2035 0.2035 0.2 0.2 0.2095 0.2095 0.2095 0.2075 0.2075 0.1955 0.1955 0.1985 0.1985 0.1985 0.1985 0.1985 0.205 0.205 0.2055 0.2055 0.2055 0.211 0.211 0.205 0.205 0.2055 0.2055 0.213 0.213 0.213 0.21 0.21 0.21 0.21 0.2075 0.2075 0.2075 0.2135 0.2135 0.21 0.21 0.212 0.212 0.212 0.1995 0.1995 0.1935 0.1935 0.1985 0.1985 0.1985 0.2035 0.2035 0.212 0.212
0.165 0.1755 0.1755 0.174 0.174 0.174 0.1735 0.1735 0.169 0.169 0.163 0.163 0.202 0.202 0.202 0.2075 0.2075 0.204 0.204 0.202 0.202 0.202 0.2035 0.2035 0.2085 0.2085 0.212 0.212 0.212 0.2145 0.2145 0.208 0.208 0.2065 0.2065 0.2065 0.22 0.22 0.2135 0.2135 0.213 0.213 0.213 0.2215 0.2215 0.222 0.222 0.215 0.215 0.216 0.216 0.216 0.2175 0.2175 0.203 0.203 0.1955 0.1955 0.1955 0.2065 0.2065 0.2135 0.2135 0.21 0.21 0.21 0.2105 0.2105 0.198 0.198 0.194 0.194 0.194 0.2105 0.2105 0.2125 0.2125
0.165 0.1755 0.1755 0.174 0.174 0.174 0.1735 0.1735 0.169 0.169 0.163 0.163 0.202 0.202 0.202 0.2075 0.2075 0.204 0.204 0.202 0.202 0.202 0.2035 0.2035 0.2085 0.2085 0.212 0.212 0.212 0.2145 0.2145 0.208 0.208 0.2065 0.2065 0.2065 0.22 0.22 0.2135 0.2135 0.213 0.213 0.213 0.2215 0.2215 0.222 0.222 0.215 0.215 0.216 0.216 0.216 0.2175 0.2175 0.203 0.203 0.1955 0.1955 0.1955 0.2065 0.2065 0.2135 0.2135 0.21 0.21 0.21 0.2105 0.2105 0.198 0.198 0.194 0.194 0.194 0.2105 0.2105 0.2125 0.2125
0.1445 0.174 0.174 0.177 0.177 0.177 0.159 0.159 0.1675 0.1675 0.162 0.162 0.1945 0.1945 0.1945 0.2115 0.2115 0.2095 0.2095 0.222 0.222 0.222 0.2095 0.2095 0.214 0.214 0.2265 0.2265 0.2265 0.2165 0.2165 0.2185 0.2185 0.216 0.216 0.216 0.215 0.215 0.2255 0.2255 0.2265 0.2265 0.2265 0.2315 0.2315 0.2265 0.2265 0.211 0.211 0.2205 0.2205 0.2205 0.2215 0.2215 0.198 0.198 0.214 0.214 0.214 0.199 0.199 0.2075 0.2075 0.212 0.212 0.212 0.217 0.217 0.2055 0.2055 0.2 0.2 0.2 0.201 0.201 0.212 0.212
0.1445 0.174 0.174 0.177 0.177 0.177 0.159 0.159 0.1675 0.1675 0.162 0.162 0.1945 0.1945 0.1945 0.2115 0.2115 0.2095 0.2095 0.222 0.222 0.222 0.2095 0.2095 0.214 0.214 0.2265 0.2265 0.2265 0.2165 0.2165 0.2185 0.2185 0.216 0.216 0.216 0.215 0.215 0.2255 0.2255 0.2265 0.2265 0.2265 0.2315 0.2315 0.2265 0.2265 0.211 0.211 0.2205 0.2205 0.2205 0.2215 0.2215 0.198 0.198 0.214 0.214 0.214 0.199 0.199 0.2075 0.2075 0.212 0.212 0.212 0.217 0.217 0.2055 0.2055 0.2 0.2 0.2 0.201 0.201 0.212 0.212
0.137 0.1475 0.1475 0.1545 0.1545 0.1545 0.1515 0.1515 0.149 0.149 0.1605 0.1605 0.192 0.192 0.192 0.2 0.2 0.1955 0.1955 0.2035 0.2035 0.2035 0.2015 0.2015 0.2115 0.2115 0.2145 0.2145 0.2145 0.2125 0.2125 0.209 0.209 0.214 0.214 0.214 0.2135 0.2135 0.216 0.216 0.22 0.22 0.22 0.2175 0.2175 0.2125 0.2125 0.202 0.202 0.2095 0.2095 0.2095 0.217 0.217 0.211 0.211 0.217 0.217 0.217 0.2105 0.2105 0.2155 0.2155 0.226 0.226 0.226 0.22 0.22 0.2125 0.2125 0.2155 0.2155 0.2155 0.2075 0.2075 0.2085 0.2085
0.137 0.1475 0.1475 0.1545 0.1545 0.1545 0.1515 0.1515 0.149 0.149 0.1605 0.1605 0.192 0.192 0.192 0.2 0.2 0.1955 0.1955 0.2035 0.2035 0.2035 0.2015 0.2015 0.2115 0.2115 0.2145 0.2145 0.2145 0.2125 0.2125 0.209 0.209 0.214 0.214 0.214 0.2135 0.2135 0.216 0.216 0.22 0.22 0.22 0.2175 0.2175 0.2125 0.2125 0.202 0.202 0.2095 0.2095 0.2095 0.217 0.217 0.211 0.211 0.217 0.217 0.217 0.2105 0.2105 0.2155 0.2155 0.226 0.226 0.226 0.22 0.22 0.2125 0.2125 0.2155 0.2155 0.2155 0.2075 0.2075 0.2085 0.2085
0.136 0.141 0.141 0.1475 0.1475 0.1475 0.146 0.146 0.1455 0.1455 0.16 0.16 0.1905 0.1905 0.1905 0.201 0.201 0.207 0.207 0.201 0.201 0.201 0.1975 0.1975 0.2245 0.2245 0.219 0.219 0.219 0.2205 0.2205 0.2105 0.2105 0.206 0.206 0.206 0.209 0.209 0.218 0.218 0.216 0.216 0.216 0.211 0.211 0.2065 0.2065 0.201 0.201 0.21 0.21 0.21 0.2135 0.2135 0.2325 0.2325 0.2255 0.2255 0.2255 0.2235 0.2235 0.2295 0.2295 0.2275 0.2275 0.2275 0.228 0.228 0.225 0.225 0.2215 0.2215 0.2215 0.2175 0.2175 0.2125 0.2125
0.136 0.141 0.141 0.1475 0.1475 0.1475 0.146 0.146 0.1455 0.1455 0.16 0.16 0.1905 0.1905 0.1905 0.201 0.201 0.207 0.207 0.201 0.201 0.201 0.1975 0.1975 0.2245 0.2245 0.219 0.219 0.219 0.2205 0.2205 0.2105 0.2105 0.206 0.206 0.206 0.209 0.209 0.218 0.218 0.216 0.216 0.216 0.211 0.211 0.2065 0.2065 0.201 0.201 0.21 0.21 0.21 0.2135 0.2135 0.2325 0.2325 0.2255 0.2255 0.2255 0.2235 0.2235 0.2295 0.2295 0.2275 0.2275 0.2275 0.228 0.228 0.225 0.225 0.2215 0.2215 0.2215 0.2175 0.2175 0.2125 0.2125
0.136 0.141 0.141 0.1475 0.1475 0.1475 0.146 0.146 0.1455 0.1455 0.16 0.16 0.1905 0.1905 0.1905 0.201 0.201 0.207 0.207 0.201 0.201 0.201 0.1975 0.1975 0.2245 0.2245 0.219 0.219 0.219 0.2205 0.2205 0.2105 0.2105 0.206 0.206 0.206 0.209 0.209 0.218 0.218 0.216 0.216 0.216 0.211 0.211 0.2065 0.2065 0.201 0.201 0.21 0.21 0.21 0.2135 0.2135 0.2325 0.2325 0.2255 0.2255 0.2255 0.2235 0.2235 0.2295 0.2295 0.2275 0.2275 0.2275 0.228 0.228 0.225 0.225 0.2215 0.2215 0.2215 0.2175 0.2175 0.2125 0.2125
0.1425 0.1615 0.1615 0.158 0.158 0.158 0.1485 0.1485 0.1435 0.1435 0.1955 0.1955 0.206 0.206 0.206 0.2065 0.2065 0.2305 0.2305 0.2345 0.2345 0.2345 0.219 0.219 0.21 0.21 0.2095 0.2095 0.2095 0.2105 0.2105 0.193 0.193 0.2045 0.2045 0.2045 0.1975 0.1975 0.206 0.206 0.2075 0.2075 0.2075 0.2105 0.2105 0.2055 0.2055 0.2155 0.2155 0.2265 0.2265 0.2265 0.2385 0.2385 0.229 0.229 0.229 0.229 0.229 0.2255 0.2255 0.23 0.23 0.2305 0.2305 0.2305 0.2315 0.2315 0.223 0.223 0.2295 0.2295 0.2295 0.229 0.229 0.2125 0.2125
0.1425 0.1615 0.1615 0.158 0.158 0.158 0.1485 0.1485 0.1435 0.1435 0.1955 0.1955 0.206 0.206 0.206 0.2065 0.2065 0.2305 0.2305 0.2345 0.2345 0.2345 0.219 0.219 0.21 0.21 0.2095 0.2095 0.2095 0.2105 0.2105 0.193 0.193 0.2045 0.2045 0.2045 0.1975 0.1975 0.206 0.206 0.2075 0.2075 0.2075 0.2105 0.2105 0.2055 0.2055 0.2155 0.2155 0.2265 0.2265 0.2265 0.2385 0.2385 0.229 0.229 0.229 0.229 0.229 0.2255 0.2255 0.23 0.23 0.2305 0.2305 0.2305 0.2315 0.2315 0.223 0.223 0.2295 0.2295 0.2295 0.229 0.229 0.2125 0.2125
0.15 0.152 0.152 0.1585 0.1585 0.1585 0.136 0.136 0.167 0.167 0.202 0.202 0.21 0.21 0.21 0.209 0.209 0.228 0.228 0.2355 0.2355 0.2355 0.225 0.225 0.2255 0.2255 0.2065 0.2065 0.2065 0.2095 0.2095 0.2015 0.2015 0.196 0.196 0.196 0.2045 0.2045 0.2075 0.2075 0.2235 0.2235 0.2235 0.2215 0.2215 0.234 0.234 0.2265 0.2265 0.224 0.224 0.224 0.2155 0.2155 0.235 0.235 0.224 0.224 0.224 0.225 0.225 0.221 0.221 0.2315 0.2315 0.2315 0.243 0.243 0.2465 0.2465 0.237 0.237 0.237 0.237 0.237 0.2385 0.2385
0.15 0.152 0.152 0.1585 0.1585 0.1585 0.136 0.136 0.167 0.167 0.202 0.202 0.21 0.21 0.21 0.209 0.209 0.228 0.228 0.2355 0.2355 0.2355 0.225 0.225 0.2255 0.2255 0.2065 0.2065 0.2065 0.2095 0.2095 0.2015 0.2015 0.196 0.196 0.196 0.2045 0.2045 0.2075 0.2075 0.2235 0.2235 0.2235 0.2215 0.2215 0.234 0.234 0.2265 0.2265 0.224 0.224 0.224 0.2155 0.2155 0.235 0.235 0.224 0.224 0.224 0.225 0.225 0.221 0.221 0.2315 0.2315 0.2315 0.243 0.243 0.2465 0.2465 0.237 0.237 0.237 0.237 0.237 0.2385 0.2385
0.1665 0.175 0.175 0.174 0.174 0.174 0.1475 0.1475 0.1585 0.1585 0.204 0.204 0.2115 0.2115 0.2115 0.205 0.205 0.2155 0.2155 0.232 0.232 0.232 0.2415 0.2415 0.2295 0.2295 0.2235 0.2235 0.2235 0.207 0.207 0.1965 0.1965 0.204 0.204 0.204 0.201 0.201 0.2005 0.2005 0.2185 0.2185 0.2185 0.223 0.223 0.223 0.223 0.224 0.224 0.2205 0.2205 0.2205 0.2195 0.2195 0.2235 0.2235 0.22 0.22 0.22 0.216 0.216 0.2085 0.2085 0.2225 0.2225 0.2225 0.2395 0.2395 0.2355 0.2355 0.229 0.229 0.229 0.243 0.243 0.2215 0.2215
0.1665 0.175 0.175 0.174 0.174 0.174 0.1475 0.1475 0.1585 0.1585 0.204 0.204 0.2115 0.2115 0.2115 0.205 0.205 0.2155 0.2155 0.232 0.232 0.232 0.2415 0.2415 0.2295 0.2295 0.2235 0.2235 0.2235 0.207 0.207 0.1965 0.1965 0.204 0.204 0.204 0.201 0.201 0.2005 0.2005 0.2185 0.2185 0.2185 0.223 0.223 0.223 0.223 0.224 0.224 0.2205 0.2205 0.2205 0.2195 0.2195 0.2235 0.2235 0.22 0.22 0.22 0.216 0.216 0.2085 0.2085 0.2225 0.2225 0.2225 0.2395 0.2395 0.2355 0.2355 0.229 0.229 0.229 0.243 0.243 0.2215 0.2215
0.1665 0.175 0.175 0.174 0.174 0.174 0.1475 0.1475 0.1585 0.1585 0.204 0.204 0.2115 0.2115 0.2115 0.205 0.205 0.2155 0.2155 0.232 0.232 0.232 0.2415 0.2415 0.2295 0.2295 0.2235 0.2235 0.2235 0.207 0.207 0.1965 0.1965 0.204 0.204 0.204 0.201 0.201 0.2005 0.2005 0.2185 0.2185 0.2185 0.223 0.223 0.223 0.223 0.224 0.224 0.2205 0.2205 0.2205 0.2195 0.2195 0.2235 0.2235 0.22 0.22 0.22 0.216 0.216 0.2085 0.2085 0.2225 0.2225 0.2225 0.2395 0.2395 0.2355 0.2355 0.229 0.229 0.229 0.243 0.243 0.2215 0.2215
0.163 0.1725 0.1725 0.187 0.187 0.187 0.176 0.176 0.185 0.185 0.2005 0.2005 0.2175 0.2175 0.2175 0.2215 0.2215 0.239 0.239 0.244 0.244 0.244 0.228 0.228 0.2235 0.2235 0.216 0.216 0.216 0.207 0.207 0.208 0.208 0.202 0.202 0.202 0.2265 0.2265 0.22 0.22 0.2185 0.2185 0.2185 0.22 0.22 0.228 0.228 0.226 0.226 0.2265 0.2265 0.2265 0.2235 0.2235 0.218 0.218 0.221 0.221 0.221 0.21 0.21 0.203 0.203 0.2025 0.2025 0.2025 0.234 0.234 0.2375 0.2375 0.2285 0.2285 0.2285 0.2425 0.2425 0.2355 0.2355
0.163 0.1725 0.1725 0.187 0.187 0.187 0.176 0.176 0.185 0.185 0.2005 0.2005 0.2175 0.2175 0.2175 0.2215 0.2215 0.239 0.239 0.244 0.244 0.244 0.228 0.228 0.2235 0.2235 0.216 0.216 0.216 0.207 0.207 0.208 0.208 0.202 0.202 0.202 0.2265 0.2265 0.22 0.22 0.2185 0.2185 0.2185 0.22 0.22 0.228 0.228 0.226 0.226 0.2265 0.2265 0.2265 0.2235 0.2235 0.218 0.218 0.221 0.221 0.221 0.21 0.21 0.203 0.203 0.2025 0.2025 0.2025 0.234 0.234 0.2375 0.2375 0.2285 0.2285 0.2285 0.2425 0.2425 0.2355 0.2355
0.1945 0.184 0.184 0.1725 0.1725 0.1725 0.1695 0.1695 0.1825 0.1825 0.198 0.198 0.2115 0.2115 0.2115 0.2315 0.2315 0.243 0.243 0.2375 0.2375 0.2375 0.238 0.238 0.246 0.246 0.2055 0.2055 0.2055 0.2 0.2 0.206 0.206 0.204 0.204 0.204 0.2305 0.2305 0.2325 0.2325 0.2245 0.2245 0.2245 0.2295 0.2295 0.2245 0.2245 0.229 0.229 0.227 0.227 0.227 0.222 0.222 0.217 0.217 0.211 0.211 0.211 0.2165 0.2165 0.2175 0.2175 0.2295 0.2295 0.2295 0.228 0.228 0.2295 0.2295 0.2415 0.2415 0.2415 0.247 0.247 0.2465 0.2465
0.1945 0.184 0.184 0.1725 0.1725 0.1725 0.1695 0.1695 0.1825 0.1825 0.198 0.198 0.2115 0.2115 0.2115 0.2315 0.2315 0.243 0.243 0.2375 0.2375 0.2375 0.238 0.238 0.246 0.246 0.2055 0.2055 0.2055 0.2 0.2 0.206 0.206 0.204 0.204 0.204 0.2305 0.2305 0.2325 0.2325 0.2245 0.2245 0.2245 0.2295 0.2295 0.2245 0.2245 0.229 0.229 0.227 0.227 0.227 0.222 0.222 0.217 0.217 0.211 0.211 0.211 0.2165 0.2165 0.2175 0.2175 0.2295 0.2295 0.2295 0.228 0.228 0.2295 0.2295 0.2415 0.2415 0.2415 0.247 0.247 0.2465 0.2465
0.1935 0.174 0.174 0.1885 0.1885 0.1885 0.1945 0.1945 0.192 0.192 0.1935 0.1935 0.209 0.209 0.209 0.2185 0.2185 0.2275 0.2275 0.2215 0.2215 0.2215 0.216 0.216 0.212 0.212 0.2065 0.2065 0.2065 0.207 0.207 0.215 0.215 0.2285 0.2285 0.2285 0.2235 0.2235 0.241 0.241 0.248 0.248 0.248 0.244 0.244 0.24 0.24 0.244 0.244 0.2235 0.2235 0.2235 0.2215 0.2215 0.2105 0.2105 0.2175 0.2175 0.2175 0.2165 0.2165 0.22 0.22 0.233 0.233 0.233 0.2295 0.2295 0.228 0.228 0.2295 0.2295 0.2295 0.2395 0.2395 0.259 0.259
0.1935 0.174 0.174 0.1885 0.1885 0.1885 0.1945 0.1945 0.192 0.192 0.1935 0.1935 0.209 0.209 0.209 0.2185 0.2185 0.2275 0.2275 0.2215 0.2215 0.2215 0.216 0.216 0.212 0.212 0.2065 0.2065 0.2065 0.207 0.207 0.215 0.215 0.2285 0.2285 0.2285 0.2235 0.2235 0.241 0.241 0.248 0.248 0.248 0.244 0.244 0.24 0.24 0.244 0.244 0.2235 0.2235 0.2235 0.2215 0.2215 0.2105 0.2105 0.2175 0.2175 0.2175 0.2165 0.2165 0.22 0.22 0.233 0.233 0.233 0.2295 0.2295 0.228 0.228 0.2295 0.2295 0.2295 0.2395 0.2395 0.259 0.259
0.1935 0.174 0.174 0.1885 0.1885 0.1885 0.1945 0.1945 0.192 0.192 0.1935 0.1935 0.209 0.209 0.209 0.2185 0.2185 0.2275 0.2275 0.2215 0.2215 0.2215 0.216 0.216 0.212 0.212 0.2065 0.2065 0.2065 0.207 0.207 0.215 0.215 0.2285 0.2285 0.2285 0.2235 0.2235 0.241 0.241 0.248 0.248 0.248 0.244 0.244 0.24 0.24 0.244 0.244 0.2235 0.2235 0.2235 0.2215 0.2215 0.2105 0.2105 0.2175 0.2175 0.2175 0.2165 0.2165 0.22 0.22 0.233 0.233 0.233 0.2295 0.2295 0.228 0.228 0.2295 0.2295 0.2295 0.2395 0.2395 0.259 0.259
0.1895 0.182 0.182 0.1945 0.1945 0.1945 0.204 0.204 0.193 0.193 0.194 0.194 0.1905 0.1905 0.1905 0.1985 0.1985 0.1925 0.1925 0.2115 0.2115 0.2115 0.209 0.209 0.195 0.195 0.1995 0.1995 0.1995 0.214 0.214 0.2255 0.2255 0.227 0.227 0.227 0.2275 0.2275 0.2385 0.2385 0.2445 0.2445 0.2445 0.247 0.247 0.2415 0.2415 0.239 0.239 0.2275 0.2275 0.2275 0.2345 0.2345 0.194 0.194 0.198 0.198 0.198 0.231 0.231 0.225 0.225 0.2265 0.2265 0.2265 0.2145 0.2145 0.2225 0.2225 0.2265 0.2265 0.2265 0.224 0.224 0.248 0.248
0.1895 0.182 0.182 0.1945 0.1945 0.1945 0.204 0.204 0.193 0.193 0.194 0.194 0.1905 0.1905 0.1905 0.1985 0.1985 0.1925 0.1925 0.2115 0.2115 0.2115 0.209 0.209 0.195 0.195 0.1995 0.1995 0.1995 0.214 0.214 0.2255 0.2255 0.227 0.227 0.227 0.2275 0.2275 0.2385 0.2385 0.2445 0.2445 0.2445 0.247 0.247 0.2415 0.2415 0.239 0.239 0.2275 0.2275 0.2275 0.2345 0.2345 0.194 0.194 0.198 0.198 0.198 0.231 0.231 0.225 0.225 0.2265 0.2265 0.2265 0.2145 0.2145 0.2225 0.2225 0.2265 0.2265 0.2265 0.224 0.224 0.248 0.248
0.2185 0.199 0.199 0.202 0.202 0.202 0.1805 0.1805 0.198 0.198 0.1915 0.1915 0.182 0.182 0.182 0.1835 0.1835 0.2205 0.2205 0.2335 0.2335 0.2335 0.227 0.227 0.209 0.209 0.2135 0.2135 0.2135 0.2245 0.2245 0.231 0.231 0.226 0.226 0.226 0.224 0.224 0.225 0.225 0.236 0.236 0.236 0.235 0.235 0.2335 0.2335 0.2315 0.2315 0.2245 0.2245 0.2245 0.2 0.2 0.194 0.194 0.182 0.182 0.182 0.192 0.192 0.206 0.206 0.1985 0.1985 0.1985 0.191 0.191 0.2025 0.2025 0.2225 0.2225 0.2225 0.2245 0.2245 0.227 0.227
0.2185 0.199 0.199 0.202 0.202 0.202 0.1805 0.1805 0.198 0.198 0.1915 0.1915 0.182 0.182 0.182 0.1835 0.1835 0.2205 0.2205 0.2335 0.2335 0.2335 0.227 0.227 0.209 0.209 0.2135 0.2135 0.2135 0.2245 0.2245 0.231 0.231 0.226 0.226 0.226 0.224 0.224 0.225 0.225 0.236 0.236 0.236 0.235 0.235 0.2335 0.2335 0.2315 0.2315 0.2245 0.2245 0.2245 0.2 0.2 0.194 0.194 0.182 0.182 0.182 0.192 0.192 0.206 0.206 0.1985 0.1985 0.1985 0.191 0.191 0.2025 0.2025 0.2225 0.2225 0.2225 0.2245 0.2245 0.227 0.227
0.213 0.1925 0.1925 0.1605 0.1605 0.1605 0.1765 0.1765 0.191 0.191 0.2065 0.2065 0.216 0.216 0.216 0.2195 0.2195 0.227 0.227 0.243 0.243 0.243 0.224 0.224 0.215 0.215 0.2275 0.2275 0.2275 0.2195 0.2195 0.2195 0.2195 0.2185 0.2185 0.2185 0.2155 0.2155 0.219 0.219 0.2245 0.2245 0.2245 0.225 0.225 0.2215 0.2215 0.232 0.232 0.223 0.223 0.223 0.207 0.207 0.2065 0.2065 0.1885 0.1885 0.1885 0.191 0.191 0.197 0.197 0.202 0.202 0.202 0.192 0.192 0.202 0.202 0.196 0.196 0.196 0.216 0.216 0.2215 0.2215
