ndvi/NOAA-379.asc
ncols         252
nrows         154
xllcorner     -18.017974
yllcorner     13.481982
cellsize      0.035948
NODATA_value  -9999
[rows 105 to 139 of 154, columns 0 to 76 of 252]
-1 -1 -1 -1 -1 -1 -1 -1 -1 -1 -1 -1 -1 -1 -1 -1 -1 -1 -1 -1 -1 -1 -1 0.039 0.039 0.1815 0.1815 0.1815 0.259 0.259 0.2185 0.2185 0.205 0.205 0.205 0.221 0.221 0.2365 0.2365 0.254 0.254 0.254 0.251 0.251 0.249 0.249 0.2735 0.2735 0.2735 0.2805 0.2805 0.286 0.286 0.291 0.291 0.297 0.297 0.297 0.312 0.312 0.321 0.321 0.321 0.321 0.321 0.275 0.275 0.2875 0.2875 0.2925 0.2925 0.2925 0.2615 0.2615 0.239 0.239 0.2545
-1 -1 -1 -1 -1 -1 -1 -1 -1 -1 -1 -1 -1 -1 -1 -1 -1 -1 -1 -1 -1 0.044 0.044 0.1265 0.1265 0.249 0.249 0.249 0.2525 0.2525 0.2095 0.2095 0.2245 0.2245 0.2245 0.258 0.258 0.2465 0.2465 0.2595 0.2595 0.2595 0.2565 0.2565 0.248 0.248 0.2645 0.2645 0.2645 0.2905 0.2905 0.2825 0.2825 0.298 0.298 0.2975 0.2975 0.2975 0.2805 0.2805 0.29 0.29 0.29 0.29 0.29 0.2975 0.2975 0.3055 0.3055 0.2975 0.2975 0.2975 0.2895 0.2895 0.2715 0.2715 0.2735
-1 -1 -1 -1 -1 -1 -1 -1 -1 -1 -1 -1 -1 -1 -1 -1 -1 -1 -1 -1 -1 0.044 0.044 0.1265 0.1265 0.249 0.249 0.249 0.2525 0.2525 0.2095 0.2095 0.2245 0.2245 0.2245 0.258 0.258 0.2465 0.2465 0.2595 0.2595 0.2595 0.2565 0.2565 0.248 0.248 0.2645 0.2645 0.2645 0.2905 0.2905 0.2825 0.2825 0.298 0.298 0.2975 0.2975 0.2975 0.2805 0.2805 0.29 0.29 0.29 0.29 0.29 0.2975 0.2975 0.3055 0.3055 0.2975 0.2975 0.2975 0.2895 0.2895 0.2715 0.2715 0.2735
-1 -1 -1 -1 -1 -1 -1 -1 -1 -1 -1 -1 -1 -1 -1 -1 -1 -1 -1 -1 -1 0.097 0.097 0.235 0.235 0.263 0.263 0.263 0.2395 0.2395 0.222 0.222 0.2445 0.2445 0.2445 0.263 0.263 0.25 0.25 0.2565 0.2565 0.2565 0.263 0.263 0.237 0.237 0.2565 0.2565 0.2565 0.2725 0.2725 0.2875 0.2875 0.2935 0.2935 0.29 0.29 0.29 0.29 0.29 0.313 0.313 0.313 0.313 0.313 0.306 0.306 0.2885 0.2885 0.2915 0.2915 0.2915 0.289 0.289 0.293 0.293 0.328
-1 -1 -1 -1 -1 -1 -1 -1 -1 -1 -1 -1 -1 -1 -1 -1 -1 -1 -1 -1 -1 0.097 0.097 0.235 0.235 0.263 0.263 0.263 0.2395 0.2395 0.222 0.222 0.2445 0.2445 0.2445 0.263 0.263 0.25 0.25 0.2565 0.2565 0.2565 0.263 0.263 0.237 0.237 0.2565 0.2565 0.2565 0.2725 0.2725 0.2875 0.2875 0.2935 0.2935 0.29 0.29 0.29 0.29 0.29 0.313 0.313 0.313 0.313 0.313 0.306 0.306 0.2885 0.2885 0.2915 0.2915 0.2915 0.289 0.289 0.293 0.293 0.328
-1 -1 -1 -1 -1 -1 -1 -1 -1 -1 -1 -1 -1 -1 -1 -1 -1 -1 0.072 0.072 0.072 0.2715 0.2715 0.2505 0.2505 0.255 0.255 0.255 0.2455 0.2455 0.2495 0.2495 0.2435 0.2435 0.2435 0.246 0.246 0.246 0.246 0.2595 0.2595 0.2595 0.277 0.277 0.252 0.252 0.2625 0.2625 0.2625 0.279 0.279 0.2855 0.2855 0.292 0.292 0.295 0.295 0.295 0.2695 0.2695 0.283 0.283 0.283 0.283 0.283 0.2845 0.2845 0.283 0.283 0.276 0.276 0.276 0.267 0.267 0.309 0.309 0.302
-1 -1 -1 -1 -1 -1 -1 -1 -1 -1 -1 -1 -1 -1 -1 -1 -1 -1 0.072 0.072 0.072 0.2715 0.2715 0.2505 0.2505 0.255 0.255 0.255 0.2455 0.2455 0.2495 0.2495 0.2435 0.2435 0.2435 0.246 0.246 0.246 0.246 0.2595 0.2595 0.2595 0.277 0.277 0.252 0.252 0.2625 0.2625 0.2625 0.279 0.279 0.2855 0.2855 0.292 0.292 0.295 0.295 0.295 0.2695 0.2695 0.283 0.283 0.283 0.283 0.283 0.2845 0.2845 0.283 0.283 0.276 0.276 0.276 0.267 0.267 0.309 0.309 0.302
-1 -1 -1 -1 -1 -1 -1 -1 -1 -1 -1 -1 -1 -1 -1 -1 -1 -1 0.072 0.072 0.072 0.2715 0.2715 0.2505 0.2505 0.255 0.255 0.255 0.2455 0.2455 0.2495 0.2495 0.2435 0.2435 0.2435 0.246 0.246 0.246 0.246 0.2595 0.2595 0.2595 0.277 0.277 0.252 0.252 0.2625 0.2625 0.2625 0.279 0.279 0.2855 0.2855 0.292 0.292 0.295 0.295 0.295 0.2695 0.2695 0.283 0.283 0.283 0.283 0.283 0.2845 0.2845 0.283 0.283 0.276 0.276 0.276 0.267 0.267 0.309 0.309 0.302
-1 -1 -1 -1 -1 -1 -1 -1 -1 -1 -1 -1 -1 -1 -1 -1 0.141 0.141 0.31 0.31 0.31 0.2855 0.2855 0.2465 0.2465 0.222 0.222 0.222 0.2295 0.2295 0.245 0.245 0.238 0.238 0.238 0.2255 0.2255 0.223 0.223 0.2395 0.2395 0.2395 0.266 0.266 0.2455 0.2455 0.2505 0.2505 0.2505 0.287 0.287 0.2865 0.2865 0.264 0.264 0.258 0.258 0.258 0.296 0.296 0.267 0.267 0.267 0.267 0.267 0.267 0.267 0.2395 0.2395 0.2475 0.2475 0.2475 0.251 0.251 0.239 0.239 0.2845
-1 -1 -1 -1 -1 -1 -1 -1 -1 -1 -1 -1 -1 -1 -1 -1 0.141 0.141 0.31 0.31 0.31 0.2855 0.2855 0.2465 0.2465 0.222 0.222 0.222 0.2295 0.2295 0.245 0.245 0.238 0.238 0.238 0.2255 0.2255 0.223 0.223 0.2395 0.2395 0.2395 0.266 0.266 0.2455 0.2455 0.2505 0.2505 0.2505 0.287 0.287 0.2865 0.2865 0.264 0.264 0.258 0.258 0.258 0.296 0.296 0.267 0.267 0.267 0.267 0.267 0.267 0.267 0.2395 0.2395 0.2475 0.2475 0.2475 0.251 0.251 0.239 0.239 0.2845
-1 -1 -1 -1 -1 -1 -1 -1 -1 -1 -1 -1 0.082 0.082 0.126 0.126 0.0855 0.0855 0.27 0.27 0.27 0.2685 0.2685 0.2495 0.2495 0.222 0.222 0.222 0.2395 0.2395 0.2415 0.2415 0.23 0.23 0.23 0.2315 0.2315 0.225 0.225 0.238 0.238 0.238 0.2555 0.2555 0.2535 0.2535 0.233 0.233 0.233 0.2595 0.2595 0.2705 0.2705 0.287 0.287 0.2895 0.2895 0.2895 0.302 0.302 0.271 0.271 0.271 0.271 0.271 0.257 0.257 0.235 0.235 0.239 0.239 0.239 0.2235 0.2235 0.2355 0.2355 0.2835
-1 -1 -1 -1 -1 -1 -1 -1 -1 -1 -1 -1 0.082 0.082 0.126 0.126 0.0855 0.0855 0.27 0.27 0.27 0.2685 0.2685 0.2495 0.2495 0.222 0.222 0.222 0.2395 0.2395 0.2415 0.2415 0.23 0.23 0.23 0.2315 0.2315 0.225 0.225 0.238 0.238 0.238 0.2555 0.2555 0.2535 0.2535 0.233 0.233 0.233 0.2595 0.2595 0.2705 0.2705 0.287 0.287 0.2895 0.2895 0.2895 0.302 0.302 0.271 0.271 0.271 0.271 0.271 0.257 0.257 0.235 0.235 0.239 0.239 0.239 0.2235 0.2235 0.2355 0.2355 0.2835
-1 -1 -1 -1 -1 -1 -1 -1 -1 0.0867 0.0867 0.0867 0.0775 0.0775 0.1289 0.1289 0.1077 0.1077 0.029 0.029 0.029 0.25 0.25 0.2315 0.2315 0.2475 0.2475 0.2475 0.2355 0.2355 0.2355 0.2355 0.2355 0.2355 0.2355 0.233 0.233 0.224 0.224 0.2375 0.2375 0.2375 0.259 0.259 0.238 0.238 0.249 0.249 0.249 0.2465 0.2465 0.2715 0.2715 0.284 0.284 0.2895 0.2895 0.2895 0.2875 0.2875 0.271 0.271 0.271 0.271 0.271 0.239 0.239 0.224 0.224 0.234 0.234 0.234 0.25 0.25 0.2515 0.2515 0.2535
-1 -1 -1 -1 -1 -1 -1 -1 -1 0.0867 0.0867 0.0867 0.0775 0.0775 0.1289 0.1289 0.1077 0.1077 0.029 0.029 0.029 0.25 0.25 0.2315 0.2315 0.2475 0.2475 0.2475 0.2355 0.2355 0.2355 0.2355 0.2355 0.2355 0.2355 0.233 0.233 0.224 0.224 0.2375 0.2375 0.2375 0.259 0.259 0.238 0.238 0.249 0.249 0.249 0.2465 0.2465 0.2715 0.2715 0.284 0.284 0.2895 0.2895 0.2895 0.2875 0.2875 0.271 0.271 0.271 0.271 0.271 0.239 0.239 0.224 0.224 0.234 0.234 0.234 0.25 0.25 0.2515 0.2515 0.2535
-1 -1 -1 -1 -1 -1 -1 -1 -1 0.0867 0.0867 0.0867 0.0775 0.0775 0.1289 0.1289 0.1077 0.1077 0.029 0.029 0.029 0.25 0.25 0.2315 0.2315 0.2475 0.2475 0.2475 0.2355 0.2355 0.2355 0.2355 0.2355 0.2355 0.2355 0.233 0.233 0.224 0.224 0.2375 0.2375 0.2375 0.259 0.259 0.238 0.238 0.249 0.249 0.249 0.2465 0.2465 0.2715 0.2715 0.284 0.284 0.2895 0.2895 0.2895 0.2875 0.2875 0.271 0.271 0.271 0.271 0.271 0.239 0.239 0.224 0.224 0.234 0.234 0.234 0.25 0.25 0.2515 0.2515 0.2535
-1 -1 -1 -1 -1 -1 -1 -1 -1 -1 -1 -1 0.0914 0.0914 0.0525 0.0525 0.1769 0.1769 0.098 0.098 0.098 0.175 0.175 0.2455 0.2455 0.252 0.252 0.252 0.234 0.234 0.2485 0.2485 0.253 0.253 0.253 0.2205 0.2205 0.2295 0.2295 0.251 0.251 0.251 0.251 0.251 0.2465 0.2465 0.2465 0.2465 0.2465 0.245 0.245 0.26 0.26 0.2755 0.2755 0.2755 0.2755 0.2755 0.264 0.264 0.2325 0.2325 0.2325 0.2325 0.2325 0.1985 0.1985 0.1965 0.1965 0.244 0.244 0.244 0.285 0.285 0.278 0.278 0.276
-1 -1 -1 -1 -1 -1 -1 -1 -1 -1 -1 -1 0.0914 0.0914 0.0525 0.0525 0.1769 0.1769 0.098 0.098 0.098 0.175 0.175 0.2455 0.2455 0.252 0.252 0.252 0.234 0.234 0.2485 0.2485 0.253 0.253 0.253 0.2205 0.2205 0.2295 0.2295 0.251 0.251 0.251 0.251 0.251 0.2465 0.2465 0.2465 0.2465 0.2465 0.245 0.245 0.26 0.26 0.2755 0.2755 0.2755 0.2755 0.2755 0.264 0.264 0.2325 0.2325 0.2325 0.2325 0.2325 0.1985 0.1985 0.1965 0.1965 0.244 0.244 0.244 0.285 0.285 0.278 0.278 0.276
-1 -1 -1 -1 -1 -1 -1 -1 -1 -1 -1 -1 -1 -1 -1 -1 -1 -1 0.0585 0.0585 0.0585 0.148 0.148 0.2245 0.2245 0.22 0.22 0.22 0.2295 0.2295 0.236 0.236 0.2475 0.2475 0.2475 0.235 0.235 0.2475 0.2475 0.261 0.261 0.261 0.253 0.253 0.255 0.255 0.284 0.284 0.284 0.273 0.273 0.282 0.282 0.2765 0.2765 0.284 0.284 0.284 0.273 0.273 0.2215 0.2215 0.2215 0.2215 0.2215 0.2165 0.2165 0.2465 0.2465 0.2895 0.2895 0.2895 0.295 0.295 0.32 0.32 0.276
-1 -1 -1 -1 -1 -1 -1 -1 -1 -1 -1 -1 -1 -1 -1 -1 -1 -1 0.0585 0.0585 0.0585 0.148 0.148 0.2245 0.2245 0.22 0.22 0.22 0.2295 0.2295 0.236 0.236 0.2475 0.2475 0.2475 0.235 0.235 0.2475 0.2475 0.261 0.261 0.261 0.253 0.253 0.255 0.255 0.284 0.284 0.284 0.273 0.273 0.282 0.282 0.2765 0.2765 0.284 0.284 0.284 0.273 0.273 0.2215 0.2215 0.2215 0.2215 0.2215 0.2165 0.2165 0.2465 0.2465 0.2895 0.2895 0.2895 0.295 0.295 0.32 0.32 0.276
-1 -1 -1 -1 -1 -1 -1 -1 -1 -1 -1 -1 -1 -1 -1 -1 -1 -1 -1 -1 -1 0.1235 0.1235 0.108 0.108 0.2325 0.2325 0.2325 0.2745 0.2745 0.2825 0.2825 0.265 0.265 0.265 0.2565 0.2565 0.237 0.237 0.2155 0.2155 0.2155 0.2405 0.2405 0.2955 0.2955 0.3075 0.3075 0.3075 0.2815 0.2815 0.261 0.261 0.2665 0.2665 0.2405 0.2405 0.2405 0.256 0.256 0.245 0.245 0.245 0.245 0.245 0.2155 0.2155 0.223 0.223 0.276 0.276 0.276 0.2835 0.2835 0.281 0.281 0.2915
-1 -1 -1 -1 -1 -1 -1 -1 -1 -1 -1 -1 -1 -1 -1 -1 -1 -1 -1 -1 -1 0.1235 0.1235 0.108 0.108 0.2325 0.2325 0.2325 0.2745 0.2745 0.2825 0.2825 0.265 0.265 0.265 0.2565 0.2565 0.237 0.237 0.2155 0.2155 0.2155 0.2405 0.2405 0.2955 0.2955 0.3075 0.3075 0.3075 0.2815 0.2815 0.261 0.261 0.2665 0.2665 0.2405 0.2405 0.2405 0.256 0.256 0.245 0.245 0.245 0.245 0.245 0.2155 0.2155 0.223 0.223 0.276 0.276 0.276 0.2835 0.2835 0.281 0.281 0.2915
-1 -1 -1 -1 -1 -1 -1 -1 -1 -1 -1 -1 -1 -1 -1 -1 -1 -1 -1 -1 -1 0.1654 0.1654 0.2605 0.2605 0.2785 0.2785 0.2785 0.422 0.422 0.4045 0.4045 0.3235 0.3235 0.3235 0.271 0.271 0.2695 0.2695 0.2345 0.2345 0.2345 0.2635 0.2635 0.2735 0.2735 0.3005 0.3005 0.3005 0.283 0.283 0.2545 0.2545 0.2645 0.2645 0.2625 0.2625 0.2625 0.2495 0.2495 0.262 0.262 0.262 0.262 0.262 0.2445 0.2445 0.2555 0.2555 0.252 0.252 0.252 0.263 0.263 0.296 0.296 0.272
-1 -1 -1 -1 -1 -1 -1 -1 -1 -1 -1 -1 -1 -1 -1 -1 -1 -1 -1 -1 -1 0.1654 0.1654 0.2605 0.2605 0.2785 0.2785 0.2785 0.422 0.422 0.4045 0.4045 0.3235 0.3235 0.3235 0.271 0.271 0.2695 0.2695 0.2345 0.2345 0.2345 0.2635 0.2635 0.2735 0.2735 0.3005 0.3005 0.3005 0.283 0.283 0.2545 0.2545 0.2645 0.2645 0.2625 0.2625 0.2625 0.2495 0.2495 0.262 0.262 0.262 0.262 0.262 0.2445 0.2445 0.2555 0.2555 0.252 0.252 0.252 0.263 0.263 0.296 0.296 0.272
-1 -1 -1 -1 -1 -1 -1 -1 -1 -1 -1 -1 -1 -1 -1 -1 -1 -1 -1 -1 -1 0.1654 0.1654 0.2605 0.2605 0.2785 0.2785 0.2785 0.422 0.422 0.4045 0.4045 0.3235 0.3235 0.3235 0.271 0.271 0.2695 0.2695 0.2345 0.2345 0.2345 0.2635 0.2635 0.2735 0.2735 0.3005 0.3005 0.3005 0.283 0.283 0.2545 0.2545 0.2645 0.2645 0.2625 0.2625 0.2625 0.2495 0.2495 0.262 0.262 0.262 0.262 0.262 0.2445 0.2445 0.2555 0.2555 0.252 0.252 0.252 0.263 0.263 0.296 0.296 0.272
-1 -1 -1 -1 -1 -1 -1 -1 -1 -1 -1 -1 -1 -1 -1 -1 -1 -1 -1 -1 -1 -1 -1 0.2039 0.2039 0.042 0.042 0.042 0.2735 0.2735 0.3455 0.3455 0.269 0.269 0.269 0.1885 0.1885 0.146 0.146 0.106 0.106 0.106 0.2155 0.2155 0.2575 0.2575 0.266 0.266 0.266 0.2685 0.2685 0.257 0.257 0.296 0.296 0.345 0.345 0.345 0.3125 0.3125 0.3215 0.3215 0.3215 0.3215 0.3215 0.29 0.29 0.2735 0.2735 0.2815 0.2815 0.2815 0.2675 0.2675 0.2705 0.2705 0.302
-1 -1 -1 -1 -1 -1 -1 -1 -1 -1 -1 -1 -1 -1 -1 -1 -1 -1 -1 -1 -1 -1 -1 0.2039 0.2039 0.042 0.042 0.042 0.2735 0.2735 0.3455 0.3455 0.269 0.269 0.269 0.1885 0.1885 0.146 0.146 0.106 0.106 0.106 0.2155 0.2155 0.2575 0.2575 0.266 0.266 0.266 0.2685 0.2685 0.257 0.257 0.296 0.296 0.345 0.345 0.345 0.3125 0.3125 0.3215 0.3215 0.3215 0.3215 0.3215 0.29 0.29 0.2735 0.2735 0.2815 0.2815 0.2815 0.2675 0.2675 0.2705 0.2705 0.302
-1 -1 -1 -1 -1 -1 -1 -1 -1 -1 -1 -1 -1 -1 -1 -1 -1 -1 -1 -1 -1 -1 -1 -1 -1 0.0785 0.0785 0.0785 0.1205 0.1205 0.219 0.219 0.198 0.198 0.198 0.1645 0.1645 0.102 0.102 0.075 0.075 0.075 0.2585 0.2585 0.226 0.226 0.323 0.323 0.323 0.2615 0.2615 0.252 0.252 0.282 0.282 0.2955 0.2955 0.2955 0.342 0.342 0.3615 0.3615 0.3615 0.3615 0.3615 0.3035 0.3035 0.2915 0.2915 0.284 0.284 0.284 0.2565 0.2565 0.2725 0.2725 0.3175
-1 -1 -1 -1 -1 -1 -1 -1 -1 -1 -1 -1 -1 -1 -1 -1 -1 -1 -1 -1 -1 -1 -1 -1 -1 0.0785 0.0785 0.0785 0.1205 0.1205 0.219 0.219 0.198 0.198 0.198 0.1645 0.1645 0.102 0.102 0.075 0.075 0.075 0.2585 0.2585 0.226 0.226 0.323 0.323 0.323 0.2615 0.2615 0.252 0.252 0.282 0.282 0.2955 0.2955 0.2955 0.342 0.342 0.3615 0.3615 0.3615 0.3615 0.3615 0.3035 0.3035 0.2915 0.2915 0.284 0.284 0.284 0.2565 0.2565 0.2725 0.2725 0.3175
-1 -1 -1 -1 -1 -1 -1 -1 -1 -1 -1 -1 -1 -1 -1 -1 -1 -1 -1 -1 -1 -1 -1 -1 -1 0.0869 0.0869 0.0869 0.0825 0.0825 0.2205 0.2205 0.2725 0.2725 0.2725 0.2855 0.2855 0.1385 0.1385 0.225 0.225 0.225 0.2205 0.2205 0.301 0.301 0.3625 0.3625 0.3625 0.219 0.219 0.2715 0.2715 0.2885 0.2885 0.3325 0.3325 0.3325 0.33 0.33 0.344 0.344 0.344 0.344 0.344 0.2715 0.2715 0.2335 0.2335 0.212 0.212 0.212 0.2395 0.2395 0.24 0.24 0.25
-1 -1 -1 -1 -1 -1 -1 -1 -1 -1 -1 -1 -1 -1 -1 -1 -1 -1 -1 -1 -1 -1 -1 -1 -1 0.0869 0.0869 0.0869 0.0825 0.0825 0.2205 0.2205 0.2725 0.2725 0.2725 0.2855 0.2855 0.1385 0.1385 0.225 0.225 0.225 0.2205 0.2205 0.301 0.301 0.3625 0.3625 0.3625 0.219 0.219 0.2715 0.2715 0.2885 0.2885 0.3325 0.3325 0.3325 0.33 0.33 0.344 0.344 0.344 0.344 0.344 0.2715 0.2715 0.2335 0.2335 0.212 0.212 0.212 0.2395 0.2395 0.24 0.24 0.25
-1 -1 -1 -1 -1 -1 -1 -1 -1 -1 -1 -1 -1 -1 -1 -1 -1 -1 -1 -1 -1 -1 -1 -1 -1 0.0869 0.0869 0.0869 0.0825 0.0825 0.2205 0.2205 0.2725 0.2725 0.2725 0.2855 0.2855 0.1385 0.1385 0.225 0.225 0.225 0.2205 0.2205 0.301 0.301 0.3625 0.3625 0.3625 0.219 0.219 0.2715 0.2715 0.2885 0.2885 0.3325 0.3325 0.3325 0.33 0.33 0.344 0.344 0.344 0.344 0.344 0.2715 0.2715 0.2335 0.2335 0.212 0.212 0.212 0.2395 0.2395 0.24 0.24 0.25
-1 -1 -1 -1 -1 -1 -1 -1 -1 -1 -1 -1 -1 -1 -1 -1 -1 -1 -1 -1 -1 -1 -1 -1 -1 -1 -1 -1 0.054 0.054 0.228 0.228 0.32 0.32 0.32 0.322 0.322 0.3305 0.3305 0.329 0.329 0.329 0.2485 0.2485 0.365 0.365 0.2975 0.2975 0.2975 0.303 0.303 0.2705 0.2705 0.281 0.281 0.324 0.324 0.324 0.2835 0.2835 0.313 0.313 0.313 0.313 0.313 0.2765 0.2765 0.26 0.26 0.257 0.257 0.257 0.232 0.232 0.244 0.244 0.2405
-1 -1 -1 -1 -1 -1 -1 -1 -1 -1 -1 -1 -1 -1 -1 -1 -1 -1 -1 -1 -1 -1 -1 -1 -1 -1 -1 -1 0.054 0.054 0.228 0.228 0.32 0.32 0.32 0.322 0.322 0.3305 0.3305 0.329 0.329 0.329 0.2485 0.2485 0.365 0.365 0.2975 0.2975 0.2975 0.303 0.303 0.2705 0.2705 0.281 0.281 0.324 0.324 0.324 0.2835 0.2835 0.313 0.313 0.313 0.313 0.313 0.2765 0.2765 0.26 0.26 0.257 0.257 0.257 0.232 0.232 0.244 0.244 0.2405
-1 -1 -1 -1 -1 -1 -1 -1 -1 -1 -1 -1 -1 -1 -1 -1 -1 -1 -1 -1 -1 -1 -1 -1 -1 -1 -1 -1 0.0112 0.0112 0.4685 0.4685 0.4635 0.4635 0.4635 0.5566 0.5566 0.472 0.472 0.3345 0.3345 0.3345 0.276 0.276 0.232 0.232 0.245 0.245 0.245 0.3065 0.3065 0.2735 0.2735 0.2795 0.2795 0.2885 0.2885 0.2885 0.278 0.278 0.3005 0.3005 0.3005 0.3005 0.3005 0.287 0.287 0.2715 0.2715 0.2565 0.2565 0.2565 0.2715 0.2715 0.228 0.228 0.2565
-1 -1 -1 -1 -1 -1 -1 -1 -1 -1 -1 -1 -1 -1 -1 -1 -1 -1 -1 -1 -1 -1 -1 -1 -1 -1 -1 -1 0.0112 0.0112 0.4685 0.4685 0.4635 0.4635 0.4635 0.5566 0.5566 0.472 0.472 0.3345 0.3345 0.3345 0.276 0.276 0.232 0.232 0.245 0.245 0.245 0.3065 0.3065 0.2735 0.2735 0.2795 0.2795 0.2885 0.2885 0.2885 0.278 0.278 0.3005 0.3005 0.3005 0.3005 0.3005 0.287 0.287 0.2715 0.2715 0.2565 0.2565 0.2565 0.2715 0.2715 0.228 0.228 0.2565
