ndvi/NOAA-342.asc
ncols         252
nrows         154
xllcorner     -18.017974
yllcorner     13.481982
cellsize      0.035948
NODATA_value  -9999
[rows 102 to 135 of 154, columns 156 to 233 of 252]
0.1695 0.1785 0.1785 0.1785 0.1485 0.1485 0.1705 0.1705 0.196 0.196 0.219 0.219 0.219 0.2035 0.2035 0.201 0.201 0.2335 0.2335 0.2335 0.246 0.246 0.244 0.244 0.231 0.231 0.231 0.2425 0.2425 0.232 0.232 0.192 0.192 0.192 0.2075 0.2075 0.2 0.2 0.2135 0.2135 0.2135 0.2175 0.2175 0.2275 0.2275 0.1745 0.1745 0.1525 0.1525 0.1525 0.1675 0.1675 0.166 0.166 0.1535 0.1535 0.1535 0.172 0.172 0.1555 0.1555 0.145 0.145 0.145 0.158 0.158 0.1515 0.1515 0.1355 0.1355 0.1355 0.158 0.158 0.1605 0.1605 0.172 0.172 0.172
0.2155 0.2115 0.2115 0.2115 0.1935 0.1935 0.1925 0.1925 0.2105 0.2105 0.197 0.197 0.197 0.1985 0.1985 0.21 0.21 0.2385 0.2385 0.2385 0.2385 0.2385 0.214 0.214 0.204 0.204 0.204 0.235 0.235 0.222 0.222 0.229 0.229 0.229 0.2275 0.2275 0.1955 0.1955 0.2065 0.2065 0.2065 0.183 0.183 0.198 0.198 0.193 0.193 0.2145 0.2145 0.2145 0.179 0.179 0.208 0.208 0.195 0.195 0.195 0.171 0.171 0.17 0.17 0.1715 0.1715 0.1715 0.159 0.159 0.145 0.145 0.124 0.124 0.124 0.1515 0.1515 0.1475 0.1475 0.162 0.162 0.162
0.2155 0.2115 0.2115 0.2115 0.1935 0.1935 0.1925 0.1925 0.2105 0.2105 0.197 0.197 0.197 0.1985 0.1985 0.21 0.21 0.2385 0.2385 0.2385 0.2385 0.2385 0.214 0.214 0.204 0.204 0.204 0.235 0.235 0.222 0.222 0.229 0.229 0.229 0.2275 0.2275 0.1955 0.1955 0.2065 0.2065 0.2065 0.183 0.183 0.198 0.198 0.193 0.193 0.2145 0.2145 0.2145 0.179 0.179 0.208 0.208 0.195 0.195 0.195 0.171 0.171 0.17 0.17 0.1715 0.1715 0.1715 0.159 0.159 0.145 0.145 0.124 0.124 0.124 0.1515 0.1515 0.1475 0.1475 0.162 0.162 0.162
0.2155 0.2115 0.2115 0.2115 0.1935 0.1935 0.1925 0.1925 0.2105 0.2105 0.197 0.197 0.197 0.1985 0.1985 0.21 0.21 0.2385 0.2385 0.2385 0.2385 0.2385 0.214 0.214 0.204 0.204 0.204 0.235 0.235 0.222 0.222 0.229 0.229 0.229 0.2275 0.2275 0.1955 0.1955 0.2065 0.2065 0.2065 0.183 0.183 0.198 0.198 0.193 0.193 0.2145 0.2145 0.2145 0.179 0.179 0.208 0.208 0.195 0.195 0.195 0.171 0.171 0.17 0.17 0.1715 0.1715 0.1715 0.159 0.159 0.145 0.145 0.124 0.124 0.124 0.1515 0.1515 0.1475 0.1475 0.162 0.162 0.162
0.2135 0.1985 0.1985 0.1985 0.198 0.198 0.2135 0.2135 0.2305 0.2305 0.261 0.261 0.261 0.19 0.19 0.225 0.225 0.2225 0.2225 0.2225 0.2105 0.2105 0.2295 0.2295 0.233 0.233 0.233 0.245 0.245 0.25 0.25 0.2315 0.2315 0.2315 0.2255 0.2255 0.199 0.199 0.1855 0.1855 0.1855 0.19 0.19 0.1865 0.1865 0.164 0.164 0.207 0.207 0.207 0.2085 0.2085 0.22 0.22 0.1905 0.1905 0.1905 0.154 0.154 0.17 0.17 0.1605 0.1605 0.1605 0.15 0.15 0.141 0.141 0.1445 0.1445 0.1445 0.1935 0.1935 0.178 0.178 0.1475 0.1475 0.1475
0.2135 0.1985 0.1985 0.1985 0.198 0.198 0.2135 0.2135 0.2305 0.2305 0.261 0.261 0.261 0.19 0.19 0.225 0.225 0.2225 0.2225 0.2225 0.2105 0.2105 0.2295 0.2295 0.233 0.233 0.233 0.245 0.245 0.25 0.25 0.2315 0.2315 0.2315 0.2255 0.2255 0.199 0.199 0.1855 0.1855 0.1855 0.19 0.19 0.1865 0.1865 0.164 0.164 0.207 0.207 0.207 0.2085 0.2085 0.22 0.22 0.1905 0.1905 0.1905 0.154 0.154 0.17 0.17 0.1605 0.1605 0.1605 0.15 0.15 0.141 0.141 0.1445 0.1445 0.1445 0.1935 0.1935 0.178 0.178 0.1475 0.1475 0.1475
0.246 0.276 0.276 0.276 0.2645 0.2645 0.284 0.284 0.2745 0.2745 0.2455 0.2455 0.2455 0.2095 0.2095 0.198 0.198 0.2115 0.2115 0.2115 0.2095 0.2095 0.232 0.232 0.242 0.242 0.242 0.226 0.226 0.2505 0.2505 0.234 0.234 0.234 0.234 0.234 0.2045 0.2045 0.192 0.192 0.192 0.202 0.202 0.1945 0.1945 0.1815 0.1815 0.1925 0.1925 0.1925 0.16 0.16 0.1815 0.1815 0.141 0.141 0.141 0.1715 0.1715 0.1775 0.1775 0.178 0.178 0.178 0.1575 0.1575 0.1565 0.1565 0.1755 0.1755 0.1755 0.2105 0.2105 0.203 0.203 0.2095 0.2095 0.2095
0.246 0.276 0.276 0.276 0.2645 0.2645 0.284 0.284 0.2745 0.2745 0.2455 0.2455 0.2455 0.2095 0.2095 0.198 0.198 0.2115 0.2115 0.2115 0.2095 0.2095 0.232 0.232 0.242 0.242 0.242 0.226 0.226 0.2505 0.2505 0.234 0.234 0.234 0.234 0.234 0.2045 0.2045 0.192 0.192 0.192 0.202 0.202 0.1945 0.1945 0.1815 0.1815 0.1925 0.1925 0.1925 0.16 0.16 0.1815 0.1815 0.141 0.141 0.141 0.1715 0.1715 0.1775 0.1775 0.178 0.178 0.178 0.1575 0.1575 0.1565 0.1565 0.1755 0.1755 0.1755 0.2105 0.2105 0.203 0.203 0.2095 0.2095 0.2095
0.2235 0.275 0.275 0.275 0.2735 0.2735 0.27 0.27 0.2555 0.2555 0.2575 0.2575 0.2575 0.224 0.224 0.215 0.215 0.234 0.234 0.234 0.2425 0.2425 0.261 0.261 0.2545 0.2545 0.2545 0.2635 0.2635 0.2355 0.2355 0.254 0.254 0.254 0.264 0.264 0.235 0.235 0.1935 0.1935 0.1935 0.218 0.218 0.1845 0.1845 0.208 0.208 0.1905 0.1905 0.1905 0.181 0.181 0.2 0.2 0.2345 0.2345 0.2345 0.2345 0.2345 0.1675 0.1675 0.197 0.197 0.197 0.1855 0.1855 0.1835 0.1835 0.1935 0.1935 0.1935 0.193 0.193 0.192 0.192 0.2235 0.2235 0.2235
0.2235 0.275 0.275 0.275 0.2735 0.2735 0.27 0.27 0.2555 0.2555 0.2575 0.2575 0.2575 0.224 0.224 0.215 0.215 0.234 0.234 0.234 0.2425 0.2425 0.261 0.261 0.2545 0.2545 0.2545 0.2635 0.2635 0.2355 0.2355 0.254 0.254 0.254 0.264 0.264 0.235 0.235 0.1935 0.1935 0.1935 0.218 0.218 0.1845 0.1845 0.208 0.208 0.1905 0.1905 0.1905 0.181 0.181 0.2 0.2 0.2345 0.2345 0.2345 0.2345 0.2345 0.1675 0.1675 0.197 0.197 0.197 0.1855 0.1855 0.1835 0.1835 0.1935 0.1935 0.1935 0.193 0.193 0.192 0.192 0.2235 0.2235 0.2235
0.2235 0.275 0.275 0.275 0.2735 0.2735 0.27 0.27 0.2555 0.2555 0.2575 0.2575 0.2575 0.224 0.224 0.215 0.215 0.234 0.234 0.234 0.2425 0.2425 0.261 0.261 0.2545 0.2545 0.2545 0.2635 0.2635 0.2355 0.2355 0.254 0.254 0.254 0.264 0.264 0.235 0.235 0.1935 0.1935 0.1935 0.218 0.218 0.1845 0.1845 0.208 0.208 0.1905 0.1905 0.1905 0.181 0.181 0.2 0.2 0.2345 0.2345 0.2345 0.2345 0.2345 0.1675 0.1675 0.197 0.197 0.197 0.1855 0.1855 0.1835 0.1835 0.1935 0.1935 0.1935 0.193 0.193 0.192 0.192 0.2235 0.2235 0.2235
0.2335 0.252 0.252 0.252 0.271 0.271 0.2585 0.2585 0.254 0.254 0.253 0.253 0.253 0.256 0.256 0.259 0.259 0.2675 0.2675 0.2675 0.2605 0.2605 0.258 0.258 0.2525 0.2525 0.2525 0.2755 0.2755 0.284 0.284 0.2345 0.2345 0.2345 0.2315 0.2315 0.2125 0.2125 0.178 0.178 0.178 0.2125 0.2125 0.2085 0.2085 0.2395 0.2395 0.2545 0.2545 0.2545 0.254 0.254 0.269 0.269 0.2565 0.2565 0.2565 0.1985 0.1985 0.17 0.17 0.188 0.188 0.188 0.2055 0.2055 0.205 0.205 0.196 0.196 0.196 0.193 0.193 0.185 0.185 0.2085 0.2085 0.2085
0.2335 0.252 0.252 0.252 0.271 0.271 0.2585 0.2585 0.254 0.254 0.253 0.253 0.253 0.256 0.256 0.259 0.259 0.2675 0.2675 0.2675 0.2605 0.2605 0.258 0.258 0.2525 0.2525 0.2525 0.2755 0.2755 0.284 0.284 0.2345 0.2345 0.2345 0.2315 0.2315 0.2125 0.2125 0.178 0.178 0.178 0.2125 0.2125 0.2085 0.2085 0.2395 0.2395 0.2545 0.2545 0.2545 0.254 0.254 0.269 0.269 0.2565 0.2565 0.2565 0.1985 0.1985 0.17 0.17 0.188 0.188 0.188 0.2055 0.2055 0.205 0.205 0.196 0.196 0.196 0.193 0.193 0.185 0.185 0.2085 0.2085 0.2085
0.27 0.2585 0.2585 0.2585 0.247 0.247 0.24 0.24 0.235 0.235 0.2285 0.2285 0.2285 0.2465 0.2465 0.2405 0.2405 0.2385 0.2385 0.2385 0.242 0.242 0.278 0.278 0.2605 0.2605 0.2605 0.224 0.224 0.243 0.243 0.2745 0.2745 0.2745 0.236 0.236 0.191 0.191 0.2025 0.2025 0.2025 0.2245 0.2245 0.187 0.187 0.245 0.245 0.241 0.241 0.241 0.232 0.232 0.2235 0.2235 0.225 0.225 0.225 0.1835 0.1835 0.189 0.189 0.1785 0.1785 0.1785 0.217 0.217 0.2125 0.2125 0.209 0.209 0.209 0.196 0.196 0.191 0.191 0.1845 0.1845 0.1845
0.27 0.2585 0.2585 0.2585 0.247 0.247 0.24 0.24 0.235 0.235 0.2285 0.2285 0.2285 0.2465 0.2465 0.2405 0.2405 0.2385 0.2385 0.2385 0.242 0.242 0.278 0.278 0.2605 0.2605 0.2605 0.224 0.224 0.243 0.243 0.2745 0.2745 0.2745 0.236 0.236 0.191 0.191 0.2025 0.2025 0.2025 0.2245 0.2245 0.187 0.187 0.245 0.245 0.241 0.241 0.241 0.232 0.232 0.2235 0.2235 0.225 0.225 0.225 0.1835 0.1835 0.189 0.189 0.1785 0.1785 0.1785 0.217 0.217 0.2125 0.2125 0.209 0.209 0.209 0.196 0.196 0.191 0.191 0.1845 0.1845 0.1845
0.262 0.259 0.259 0.259 0.262 0.262 0.2215 0.2215 0.2395 0.2395 0.2175 0.2175 0.2175 0.246 0.246 0.2335 0.2335 0.246 0.246 0.246 0.242 0.242 0.23 0.23 0.216 0.216 0.216 0.233 0.233 0.2375 0.2375 0.218 0.218 0.218 0.1995 0.1995 0.194 0.194 0.1745 0.1745 0.1745 0.1345 0.1345 0.1695 0.1695 0.1825 0.1825 0.2175 0.2175 0.2175 0.248 0.248 0.254 0.254 0.2605 0.2605 0.2605 0.241 0.241 0.2285 0.2285 0.207 0.207 0.207 0.2355 0.2355 0.2125 0.2125 0.2055 0.2055 0.2055 0.2065 0.2065 0.2005 0.2005 0.1955 0.1955 0.1955
0.262 0.259 0.259 0.259 0.262 0.262 0.2215 0.2215 0.2395 0.2395 0.2175 0.2175 0.2175 0.246 0.246 0.2335 0.2335 0.246 0.246 0.246 0.242 0.242 0.23 0.23 0.216 0.216 0.216 0.233 0.233 0.2375 0.2375 0.218 0.218 0.218 0.1995 0.1995 0.194 0.194 0.1745 0.1745 0.1745 0.1345 0.1345 0.1695 0.1695 0.1825 0.1825 0.2175 0.2175 0.2175 0.248 0.248 0.254 0.254 0.2605 0.2605 0.2605 0.241 0.241 0.2285 0.2285 0.207 0.207 0.207 0.2355 0.2355 0.2125 0.2125 0.2055 0.2055 0.2055 0.2065 0.2065 0.2005 0.2005 0.1955 0.1955 0.1955
0.262 0.259 0.259 0.259 0.262 0.262 0.2215 0.2215 0.2395 0.2395 0.2175 0.2175 0.2175 0.246 0.246 0.2335 0.2335 0.246 0.246 0.246 0.242 0.242 0.23 0.23 0.216 0.216 0.216 0.233 0.233 0.2375 0.2375 0.218 0.218 0.218 0.1995 0.1995 0.194 0.194 0.1745 0.1745 0.1745 0.1345 0.1345 0.1695 0.1695 0.1825 0.1825 0.2175 0.2175 0.2175 0.248 0.248 0.254 0.254 0.2605 0.2605 0.2605 0.241 0.241 0.2285 0.2285 0.207 0.207 0.207 0.2355 0.2355 0.2125 0.2125 0.2055 0.2055 0.2055 0.2065 0.2065 0.2005 0.2005 0.1955 0.1955 0.1955
0.311 0.3155 0.3155 0.3155 0.3325 0.3325 0.309 0.309 0.269 0.269 0.259 0.259 0.259 0.2415 0.2415 0.223 0.223 0.225 0.225 0.225 0.213 0.213 0.212 0.212 0.2365 0.2365 0.2365 0.2135 0.2135 0.247 0.247 0.184 0.184 0.184 0.2175 0.2175 0.2045 0.2045 0.18 0.18 0.18 0.173 0.173 0.2015 0.2015 0.1975 0.1975 0.1905 0.1905 0.1905 0.2415 0.2415 0.243 0.243 0.239 0.239 0.239 0.211 0.211 0.2185 0.2185 0.256 0.256 0.256 0.203 0.203 0.2065 0.2065 0.204 0.204 0.204 0.214 0.214 0.199 0.199 0.21 0.21 0.21
0.311 0.3155 0.3155 0.3155 0.3325 0.3325 0.309 0.309 0.269 0.269 0.259 0.259 0.259 0.2415 0.2415 0.223 0.223 0.225 0.225 0.225 0.213 0.213 0.212 0.212 0.2365 0.2365 0.2365 0.2135 0.2135 0.247 0.247 0.184 0.184 0.184 0.2175 0.2175 0.2045 0.2045 0.18 0.18 0.18 0.173 0.173 0.2015 0.2015 0.1975 0.1975 0.1905 0.1905 0.1905 0.2415 0.2415 0.243 0.243 0.239 0.239 0.239 0.211 0.211 0.2185 0.2185 0.256 0.256 0.256 0.203 0.203 0.2065 0.2065 0.204 0.204 0.204 0.214 0.214 0.199 0.199 0.21 0.21 0.21
0.336 0.334 0.334 0.334 0.3025 0.3025 0.295 0.295 0.31 0.31 0.2735 0.2735 0.2735 0.271 0.271 0.2785 0.2785 0.246 0.246 0.246 0.1805 0.1805 0.2145 0.2145 0.216 0.216 0.216 0.1835 0.1835 0.1855 0.1855 0.243 0.243 0.243 0.219 0.219 0.2415 0.2415 0.218 0.218 0.218 0.237 0.237 0.211 0.211 0.2195 0.2195 0.2335 0.2335 0.2335 0.25 0.25 0.234 0.234 0.2345 0.2345 0.2345 0.2165 0.2165 0.2405 0.2405 0.2075 0.2075 0.2075 0.206 0.206 0.228 0.228 0.225 0.225 0.225 0.216 0.216 0.235 0.235 0.2205 0.2205 0.2205
0.336 0.334 0.334 0.334 0.3025 0.3025 0.295 0.295 0.31 0.31 0.2735 0.2735 0.2735 0.271 0.271 0.2785 0.2785 0.246 0.246 0.246 0.1805 0.1805 0.2145 0.2145 0.216 0.216 0.216 0.1835 0.1835 0.1855 0.1855 0.243 0.243 0.243 0.219 0.219 0.2415 0.2415 0.218 0.218 0.218 0.237 0.237 0.211 0.211 0.2195 0.2195 0.2335 0.2335 0.2335 0.25 0.25 0.234 0.234 0.2345 0.2345 0.2345 0.2165 0.2165 0.2405 0.2405 0.2075 0.2075 0.2075 0.206 0.206 0.228 0.228 0.225 0.225 0.225 0.216 0.216 0.235 0.235 0.2205 0.2205 0.2205
0.3345 0.3435 0.3435 0.3435 0.3215 0.3215 0.29 0.29 0.2785 0.2785 0.2635 0.2635 0.2635 0.2375 0.2375 0.3005 0.3005 0.2765 0.2765 0.2765 0.2595 0.2595 0.236 0.236 0.2185 0.2185 0.2185 0.225 0.225 0.216 0.216 0.2215 0.2215 0.2215 0.2355 0.2355 0.2415 0.2415 0.213 0.213 0.213 0.2115 0.2115 0.1905 0.1905 0.2935 0.2935 0.2805 0.2805 0.2805 0.2765 0.2765 0.248 0.248 0.256 0.256 0.256 0.2315 0.2315 0.2365 0.2365 0.244 0.244 0.244 0.27 0.27 0.3035 0.3035 0.3 0.3 0.3 0.2295 0.2295 0.233 0.233 0.2555 0.2555 0.2555
0.3345 0.3435 0.3435 0.3435 0.3215 0.3215 0.29 0.29 0.2785 0.2785 0.2635 0.2635 0.2635 0.2375 0.2375 0.3005 0.3005 0.2765 0.2765 0.2765 0.2595 0.2595 0.236 0.236 0.2185 0.2185 0.2185 0.225 0.225 0.216 0.216 0.2215 0.2215 0.2215 0.2355 0.2355 0.2415 0.2415 0.213 0.213 0.213 0.2115 0.2115 0.1905 0.1905 0.2935 0.2935 0.2805 0.2805 0.2805 0.2765 0.2765 0.248 0.248 0.256 0.256 0.256 0.2315 0.2315 0.2365 0.2365 0.244 0.244 0.244 0.27 0.27 0.3035 0.3035 0.3 0.3 0.3 0.2295 0.2295 0.233 0.233 0.2555 0.2555 0.2555
0.335 0.278 0.278 0.278 0.307 0.307 0.3075 0.3075 0.2665 0.2665 0.256 0.256 0.256 0.3045 0.3045 0.3175 0.3175 0.301 0.301 0.301 0.2605 0.2605 0.247 0.247 0.269 0.269 0.269 0.214 0.214 0.235 0.235 0.2345 0.2345 0.2345 0.233 0.233 0.232 0.232 0.2365 0.2365 0.2365 0.252 0.252 0.3385 0.3385 0.3115 0.3115 0.2815 0.2815 0.2815 0.275 0.275 0.238 0.238 0.217 0.217 0.217 0.229 0.229 0.307 0.307 0.239 0.239 0.239 0.265 0.265 0.303 0.303 0.2545 0.2545 0.2545 0.2365 0.2365 0.2465 0.2465 0.2305 0.2305 0.2305
0.335 0.278 0.278 0.278 0.307 0.307 0.3075 0.3075 0.2665 0.2665 0.256 0.256 0.256 0.3045 0.3045 0.3175 0.3175 0.301 0.301 0.301 0.2605 0.2605 0.247 0.247 0.269 0.269 0.269 0.214 0.214 0.235 0.235 0.2345 0.2345 0.2345 0.233 0.233 0.232 0.232 0.2365 0.2365 0.2365 0.252 0.252 0.3385 0.3385 0.3115 0.3115 0.2815 0.2815 0.2815 0.275 0.275 0.238 0.238 0.217 0.217 0.217 0.229 0.229 0.307 0.307 0.239 0.239 0.239 0.265 0.265 0.303 0.303 0.2545 0.2545 0.2545 0.2365 0.2365 0.2465 0.2465 0.2305 0.2305 0.2305
0.335 0.278 0.278 0.278 0.307 0.307 0.3075 0.3075 0.2665 0.2665 0.256 0.256 0.256 0.3045 0.3045 0.3175 0.3175 0.301 0.301 0.301 0.2605 0.2605 0.247 0.247 0.269 0.269 0.269 0.214 0.214 0.235 0.235 0.2345 0.2345 0.2345 0.233 0.233 0.232 0.232 0.2365 0.2365 0.2365 0.252 0.252 0.3385 0.3385 0.3115 0.3115 0.2815 0.2815 0.2815 0.275 0.275 0.238 0.238 0.217 0.217 0.217 0.229 0.229 0.307 0.307 0.239 0.239 0.239 0.265 0.265 0.303 0.303 0.2545 0.2545 0.2545 0.2365 0.2365 0.2465 0.2465 0.2305 0.2305 0.2305
0.3325 0.2875 0.2875 0.2875 0.276 0.276 0.2925 0.2925 0.2475 0.2475 0.236 0.236 0.236 0.2725 0.2725 0.29 0.29 0.2775 0.2775 0.2775 0.2725 0.2725 0.2845 0.2845 0.3185 0.3185 0.3185 0.2925 0.2925 0.2305 0.2305 0.211 0.211 0.211 0.247 0.247 0.305 0.305 0.2765 0.2765 0.2765 0.292 0.292 0.322 0.322 0.286 0.286 0.2725 0.2725 0.2725 0.2605 0.2605 0.3125 0.3125 0.302 0.302 0.302 0.2685 0.2685 0.2475 0.2475 0.239 0.239 0.239 0.2575 0.2575 0.3085 0.3085 0.2785 0.2785 0.2785 0.2645 0.2645 0.211 0.211 0.1925 0.1925 0.1925
0.3325 0.2875 0.2875 0.2875 0.276 0.276 0.2925 0.2925 0.2475 0.2475 0.236 0.236 0.236 0.2725 0.2725 0.29 0.29 0.2775 0.2775 0.2775 0.2725 0.2725 0.2845 0.2845 0.3185 0.3185 0.3185 0.2925 0.2925 0.2305 0.2305 0.211 0.211 0.211 0.247 0.247 0.305 0.305 0.2765 0.2765 0.2765 0.292 0.292 0.322 0.322 0.286 0.286 0.2725 0.2725 0.2725 0.2605 0.2605 0.3125 0.3125 0.302 0.302 0.302 0.2685 0.2685 0.2475 0.2475 0.239 0.239 0.239 0.2575 0.2575 0.3085 0.3085 0.2785 0.2785 0.2785 0.2645 0.2645 0.211 0.211 0.1925 0.1925 0.1925
0.259 0.2875 0.2875 0.2875 0.2925 0.2925 0.2535 0.2535 0.2475 0.2475 0.2895 0.2895 0.2895 0.3185 0.3185 0.337 0.337 0.3075 0.3075 0.3075 0.279 0.279 0.294 0.294 0.3575 0.3575 0.3575 0.3825 0.3825 0.3365 0.3365 0.233 0.233 0.233 0.305 0.305 0.292 0.292 0.2705 0.2705 0.2705 0.363 0.363 0.301 0.301 0.3785 0.3785 0.38 0.38 0.38 0.353 0.353 0.3325 0.3325 0.353 0.353 0.353 0.4095 0.4095 0.2635 0.2635 0.2545 0.2545 0.2545 0.267 0.267 0.2375 0.2375 0.32 0.32 0.32 0.2745 0.2745 0.2575 0.2575 0.2375 0.2375 0.2375
0.259 0.2875 0.2875 0.2875 0.2925 0.2925 0.2535 0.2535 0.2475 0.2475 0.2895 0.2895 0.2895 0.3185 0.3185 0.337 0.337 0.3075 0.3075 0.3075 0.279 0.279 0.294 0.294 0.3575 0.3575 0.3575 0.3825 0.3825 0.3365 0.3365 0.233 0.233 0.233 0.305 0.305 0.292 0.292 0.2705 0.2705 0.2705 0.363 0.363 0.301 0.301 0.3785 0.3785 0.38 0.38 0.38 0.353 0.353 0.3325 0.3325 0.353 0.353 0.353 0.4095 0.4095 0.2635 0.2635 0.2545 0.2545 0.2545 0.267 0.267 0.2375 0.2375 0.32 0.32 0.32 0.2745 0.2745 0.2575 0.2575 0.2375 0.2375 0.2375
0.3685 0.3455 0.3455 0.3455 0.32 0.32 0.2645 0.2645 0.28 0.28 0.318 0.318 0.318 0.29 0.29 0.328 0.328 0.296 0.296 0.296 0.3105 0.3105 0.2995 0.2995 0.329 0.329 0.329 0.3635 0.3635 0.3005 0.3005 0.304 0.304 0.304 0.2965 0.2965 0.3005 0.3005 0.288 0.288 0.288 0.3285 0.3285 0.3775 0.3775 0.376 0.376 0.399 0.399 0.399 0.3925 0.3925 0.36 0.36 0.3575 0.3575 0.3575 0.4285 0.4285 0.2875 0.2875 0.269 0.269 0.269 0.236 0.236 0.2905 0.2905 0.2825 0.2825 0.2825 0.3045 0.3045 0.2895 0.2895 0.2585 0.2585 0.2585
0.3685 0.3455 0.3455 0.3455 0.32 0.32 0.2645 0.2645 0.28 0.28 0.318 0.318 0.318 0.29 0.29 0.328 0.328 0.296 0.296 0.296 0.3105 0.3105 0.2995 0.2995 0.329 0.329 0.329 0.3635 0.3635 0.3005 0.3005 0.304 0.304 0.304 0.2965 0.2965 0.3005 0.3005 0.288 0.288 0.288 0.3285 0.3285 0.3775 0.3775 0.376 0.376 0.399 0.399 0.399 0.3925 0.3925 0.36 0.36 0.3575 0.3575 0.3575 0.4285 0.4285 0.2875 0.2875 0.269 0.269 0.269 0.236 0.236 0.2905 0.2905 0.2825 0.2825 0.2825 0.3045 0.3045 0.2895 0.2895 0.2585 0.2585 0.2585
0.3685 0.3455 0.3455 0.3455 0.32 0.32 0.2645 0.2645 0.28 0.28 0.318 0.318 0.318 0.29 0.29 0.328 0.328 0.296 0.296 0.296 0.3105 0.3105 0.2995 0.2995 0.329 0.329 0.329 0.3635 0.3635 0.3005 0.3005 0.304 0.304 0.304 0.2965 0.2965 0.3005 0.3005 0.288 0.288 0.288 0.3285 0.3285 0.3775 0.3775 0.376 0.376 0.399 0.399 0.399 0.3925 0.3925 0.36 0.36 0.3575 0.3575 0.3575 0.4285 0.4285 0.2875 0.2875 0.269 0.269 0.269 0.236 0.236 0.2905 0.2905 0.2825 0.2825 0.2825 0.3045 0.3045 0.2895 0.2895 0.2585 0.2585 0.2585
