ndvi/NOAA-351.asc
ncols         252
nrows         154
xllcorner     -18.017974
yllcorner     13.481982
cellsize      0.035948
NODATA_value  -9999
[rows 68 to 101 of 154, columns 78 to 155 of 252]
0.2325 0.2955 0.2955 0.2365 0.2365 0.223 0.223 0.223 0.242 0.242 0.2305 0.2305 0.2045 0.2045 0.248 0.248 0.248 0.213 0.213 0.223 0.223 0.2305 0.2305 0.2305 0.2205 0.2205 0.194 0.194 0.184 0.184 0.184 0.1785 0.1785 0.167 0.167 0.1835 0.1835 0.1835 0.1785 0.1785 0.1755 0.1755 0.138 0.138 0.138 0.1215 0.1215 0.152 0.152 0.1615 0.1615 0.1705 0.1705 0.1705 0.174 0.174 0.167 0.167 0.188 0.188 0.188 0.183 0.183 0.205 0.205 0.198 0.198 0.198 0.177 0.177 0.164 0.164 0.1415 0.1415 0.1415 0.1225 0.1225 0.1225
0.197 0.191 0.191 0.178 0.178 0.195 0.195 0.195 0.1835 0.1835 0.2035 0.2035 0.1995 0.1995 0.1875 0.1875 0.1875 0.1955 0.1955 0.203 0.203 0.201 0.201 0.201 0.331 0.331 0.24 0.24 0.187 0.187 0.187 0.17 0.17 0.1785 0.1785 0.1785 0.1785 0.1785 0.1805 0.1805 0.176 0.176 0.1595 0.1595 0.1595 0.1685 0.1685 0.1625 0.1625 0.1655 0.1655 0.164 0.164 0.164 0.1775 0.1775 0.1775 0.1775 0.18 0.18 0.18 0.2005 0.2005 0.1835 0.1835 0.186 0.186 0.186 0.18 0.18 0.188 0.188 0.163 0.163 0.163 0.1155 0.1155 0.12
0.197 0.191 0.191 0.178 0.178 0.195 0.195 0.195 0.1835 0.1835 0.2035 0.2035 0.1995 0.1995 0.1875 0.1875 0.1875 0.1955 0.1955 0.203 0.203 0.201 0.201 0.201 0.331 0.331 0.24 0.24 0.187 0.187 0.187 0.17 0.17 0.1785 0.1785 0.1785 0.1785 0.1785 0.1805 0.1805 0.176 0.176 0.1595 0.1595 0.1595 0.1685 0.1685 0.1625 0.1625 0.1655 0.1655 0.164 0.164 0.164 0.1775 0.1775 0.1775 0.1775 0.18 0.18 0.18 0.2005 0.2005 0.1835 0.1835 0.186 0.186 0.186 0.18 0.18 0.188 0.188 0.163 0.163 0.163 0.1155 0.1155 0.12
0.1995 0.2035 0.2035 0.194 0.194 0.189 0.189 0.189 0.1865 0.1865 0.191 0.191 0.195 0.195 0.1945 0.1945 0.1945 0.1905 0.1905 0.1905 0.1905 0.28 0.28 0.28 0.295 0.295 0.2315 0.2315 0.2215 0.2215 0.2215 0.2185 0.2185 0.188 0.188 0.191 0.191 0.191 0.196 0.196 0.197 0.197 0.179 0.179 0.179 0.146 0.146 0.15 0.15 0.1575 0.1575 0.189 0.189 0.189 0.1935 0.1935 0.185 0.185 0.191 0.191 0.191 0.207 0.207 0.2015 0.2015 0.188 0.188 0.188 0.1875 0.1875 0.186 0.186 0.186 0.186 0.186 0.147 0.147 0.1445
0.1995 0.2035 0.2035 0.194 0.194 0.189 0.189 0.189 0.1865 0.1865 0.191 0.191 0.195 0.195 0.1945 0.1945 0.1945 0.1905 0.1905 0.1905 0.1905 0.28 0.28 0.28 0.295 0.295 0.2315 0.2315 0.2215 0.2215 0.2215 0.2185 0.2185 0.188 0.188 0.191 0.191 0.191 0.196 0.196 0.197 0.197 0.179 0.179 0.179 0.146 0.146 0.15 0.15 0.1575 0.1575 0.189 0.189 0.189 0.1935 0.1935 0.185 0.185 0.191 0.191 0.191 0.207 0.207 0.2015 0.2015 0.188 0.188 0.188 0.1875 0.1875 0.186 0.186 0.186 0.186 0.186 0.147 0.147 0.1445
0.1995 0.2035 0.2035 0.194 0.194 0.189 0.189 0.189 0.1865 0.1865 0.191 0.191 0.195 0.195 0.1945 0.1945 0.1945 0.1905 0.1905 0.1905 0.1905 0.28 0.28 0.28 0.295 0.295 0.2315 0.2315 0.2215 0.2215 0.2215 0.2185 0.2185 0.188 0.188 0.191 0.191 0.191 0.196 0.196 0.197 0.197 0.179 0.179 0.179 0.146 0.146 0.15 0.15 0.1575 0.1575 0.189 0.189 0.189 0.1935 0.1935 0.185 0.185 0.191 0.191 0.191 0.207 0.207 0.2015 0.2015 0.188 0.188 0.188 0.1875 0.1875 0.186 0.186 0.186 0.186 0.186 0.147 0.147 0.1445
0.2155 0.21 0.21 0.1955 0.1955 0.189 0.189 0.189 0.193 0.193 0.1905 0.1905 0.189 0.189 0.187 0.187 0.187 0.1865 0.1865 0.176 0.176 0.1805 0.1805 0.1805 0.1945 0.1945 0.191 0.191 0.22 0.22 0.22 0.2115 0.2115 0.211 0.211 0.2385 0.2385 0.2385 0.1885 0.1885 0.2045 0.2045 0.1615 0.1615 0.1615 0.166 0.166 0.2195 0.2195 0.186 0.186 0.1905 0.1905 0.1905 0.213 0.213 0.205 0.205 0.19 0.19 0.19 0.2065 0.2065 0.196 0.196 0.2035 0.2035 0.2035 0.2015 0.2015 0.2405 0.2405 0.1825 0.1825 0.1825 0.1425 0.1425 0.129
0.2155 0.21 0.21 0.1955 0.1955 0.189 0.189 0.189 0.193 0.193 0.1905 0.1905 0.189 0.189 0.187 0.187 0.187 0.1865 0.1865 0.176 0.176 0.1805 0.1805 0.1805 0.1945 0.1945 0.191 0.191 0.22 0.22 0.22 0.2115 0.2115 0.211 0.211 0.2385 0.2385 0.2385 0.1885 0.1885 0.2045 0.2045 0.1615 0.1615 0.1615 0.166 0.166 0.2195 0.2195 0.186 0.186 0.1905 0.1905 0.1905 0.213 0.213 0.205 0.205 0.19 0.19 0.19 0.2065 0.2065 0.196 0.196 0.2035 0.2035 0.2035 0.2015 0.2015 0.2405 0.2405 0.1825 0.1825 0.1825 0.1425 0.1425 0.129
0.2105 0.207 0.207 0.193 0.193 0.196 0.196 0.196 0.2075 0.2075 0.192 0.192 0.2035 0.2035 0.2015 0.2015 0.2015 0.191 0.191 0.189 0.189 0.1805 0.1805 0.1805 0.187 0.187 0.183 0.183 0.1965 0.1965 0.1965 0.2 0.2 0.237 0.237 0.213 0.213 0.213 0.21 0.21 0.2015 0.2015 0.157 0.157 0.157 0.169 0.169 0.216 0.216 0.238 0.238 0.2165 0.2165 0.2165 0.203 0.203 0.226 0.226 0.199 0.199 0.199 0.197 0.197 0.212 0.212 0.184 0.184 0.184 0.174 0.174 0.1125 0.1125 0.138 0.138 0.138 0.119 0.119 0.1205
0.2105 0.207 0.207 0.193 0.193 0.196 0.196 0.196 0.2075 0.2075 0.192 0.192 0.2035 0.2035 0.2015 0.2015 0.2015 0.191 0.191 0.189 0.189 0.1805 0.1805 0.1805 0.187 0.187 0.183 0.183 0.1965 0.1965 0.1965 0.2 0.2 0.237 0.237 0.213 0.213 0.213 0.21 0.21 0.2015 0.2015 0.157 0.157 0.157 0.169 0.169 0.216 0.216 0.238 0.238 0.2165 0.2165 0.2165 0.203 0.203 0.226 0.226 0.199 0.199 0.199 0.197 0.197 0.212 0.212 0.184 0.184 0.184 0.174 0.174 0.1125 0.1125 0.138 0.138 0.138 0.119 0.119 0.1205
0.211 0.202 0.202 0.196 0.196 0.201 0.201 0.201 0.195 0.195 0.176 0.176 0.2065 0.2065 0.2005 0.2005 0.2005 0.2025 0.2025 0.199 0.199 0.186 0.186 0.186 0.191 0.191 0.1955 0.1955 0.1995 0.1995 0.1995 0.2115 0.2115 0.219 0.219 0.2335 0.2335 0.2335 0.2255 0.2255 0.2635 0.2635 0.2155 0.2155 0.2155 0.2315 0.2315 0.2175 0.2175 0.1975 0.1975 0.198 0.198 0.198 0.1965 0.1965 0.19 0.19 0.181 0.181 0.181 0.174 0.174 0.2055 0.2055 0.234 0.234 0.234 0.2635 0.2635 0.246 0.246 0.132 0.132 0.132 0.1085 0.1085 0.113
0.211 0.202 0.202 0.196 0.196 0.201 0.201 0.201 0.195 0.195 0.176 0.176 0.2065 0.2065 0.2005 0.2005 0.2005 0.2025 0.2025 0.199 0.199 0.186 0.186 0.186 0.191 0.191 0.1955 0.1955 0.1995 0.1995 0.1995 0.2115 0.2115 0.219 0.219 0.2335 0.2335 0.2335 0.2255 0.2255 0.2635 0.2635 0.2155 0.2155 0.2155 0.2315 0.2315 0.2175 0.2175 0.1975 0.1975 0.198 0.198 0.198 0.1965 0.1965 0.19 0.19 0.181 0.181 0.181 0.174 0.174 0.2055 0.2055 0.234 0.234 0.234 0.2635 0.2635 0.246 0.246 0.132 0.132 0.132 0.1085 0.1085 0.113
0.2115 0.1995 0.1995 0.1925 0.1925 0.191 0.191 0.191 0.197 0.197 0.2045 0.2045 0.211 0.211 0.21 0.21 0.21 0.2065 0.2065 0.1995 0.1995 0.1895 0.1895 0.1895 0.191 0.191 0.1905 0.1905 0.189 0.189 0.189 0.21 0.21 0.215 0.215 0.215 0.215 0.215 0.2095 0.2095 0.214 0.214 0.222 0.222 0.222 0.227 0.227 0.253 0.253 0.221 0.221 0.2015 0.2015 0.2015 0.1805 0.1805 0.174 0.174 0.195 0.195 0.195 0.1815 0.1815 0.1485 0.1485 0.14 0.14 0.14 0.155 0.155 0.159 0.159 0.1465 0.1465 0.1465 0.119 0.119 0.1085
0.2115 0.1995 0.1995 0.1925 0.1925 0.191 0.191 0.191 0.197 0.197 0.2045 0.2045 0.211 0.211 0.21 0.21 0.21 0.2065 0.2065 0.1995 0.1995 0.1895 0.1895 0.1895 0.191 0.191 0.1905 0.1905 0.189 0.189 0.189 0.21 0.21 0.215 0.215 0.215 0.215 0.215 0.2095 0.2095 0.214 0.214 0.222 0.222 0.222 0.227 0.227 0.253 0.253 0.221 0.221 0.2015 0.2015 0.2015 0.1805 0.1805 0.174 0.174 0.195 0.195 0.195 0.1815 0.1815 0.1485 0.1485 0.14 0.14 0.14 0.155 0.155 0.159 0.159 0.1465 0.1465 0.1465 0.119 0.119 0.1085
0.2115 0.1995 0.1995 0.1925 0.1925 0.191 0.191 0.191 0.197 0.197 0.2045 0.2045 0.211 0.211 0.21 0.21 0.21 0.2065 0.2065 0.1995 0.1995 0.1895 0.1895 0.1895 0.191 0.191 0.1905 0.1905 0.189 0.189 0.189 0.21 0.21 0.215 0.215 0.215 0.215 0.215 0.2095 0.2095 0.214 0.214 0.222 0.222 0.222 0.227 0.227 0.253 0.253 0.221 0.221 0.2015 0.2015 0.2015 0.1805 0.1805 0.174 0.174 0.195 0.195 0.195 0.1815 0.1815 0.1485 0.1485 0.14 0.14 0.14 0.155 0.155 0.159 0.159 0.1465 0.1465 0.1465 0.119 0.119 0.1085
0.214 0.2015 0.2015 0.18 0.18 0.18 0.18 0.18 0.2205 0.2205 0.228 0.228 0.223 0.223 0.22 0.22 0.22 0.2025 0.2025 0.2015 0.2015 0.201 0.201 0.201 0.192 0.192 0.1895 0.1895 0.1985 0.1985 0.1985 0.208 0.208 0.214 0.214 0.2225 0.2225 0.2225 0.214 0.214 0.2075 0.2075 0.202 0.202 0.202 0.207 0.207 0.269 0.269 0.2215 0.2215 0.2115 0.2115 0.2115 0.2025 0.2025 0.2 0.2 0.187 0.187 0.187 0.204 0.204 0.1705 0.1705 0.1655 0.1655 0.1655 0.1665 0.1665 0.152 0.152 0.142 0.142 0.142 0.1205 0.1205 0.1335
0.214 0.2015 0.2015 0.18 0.18 0.18 0.18 0.18 0.2205 0.2205 0.228 0.228 0.223 0.223 0.22 0.22 0.22 0.2025 0.2025 0.2015 0.2015 0.201 0.201 0.201 0.192 0.192 0.1895 0.1895 0.1985 0.1985 0.1985 0.208 0.208 0.214 0.214 0.2225 0.2225 0.2225 0.214 0.214 0.2075 0.2075 0.202 0.202 0.202 0.207 0.207 0.269 0.269 0.2215 0.2215 0.2115 0.2115 0.2115 0.2025 0.2025 0.2 0.2 0.187 0.187 0.187 0.204 0.204 0.1705 0.1705 0.1655 0.1655 0.1655 0.1665 0.1665 0.152 0.152 0.142 0.142 0.142 0.1205 0.1205 0.1335
0.2275 0.197 0.197 0.1735 0.1735 0.22 0.22 0.22 0.2205 0.2205 0.2235 0.2235 0.2155 0.2155 0.211 0.211 0.211 0.223 0.223 0.215 0.215 0.2085 0.2085 0.2085 0.189 0.189 0.2005 0.2005 0.205 0.205 0.205 0.237 0.237 0.226 0.226 0.222 0.222 0.222 0.2205 0.2205 0.2175 0.2175 0.204 0.204 0.204 0.1995 0.1995 0.1995 0.1995 0.2425 0.2425 0.218 0.218 0.218 0.22 0.22 0.2155 0.2155 0.2165 0.2165 0.2165 0.2285 0.2285 0.192 0.192 0.158 0.158 0.158 0.166 0.166 0.1495 0.1495 0.1445 0.1445 0.1445 0.1265 0.1265 0.135
0.2275 0.197 0.197 0.1735 0.1735 0.22 0.22 0.22 0.2205 0.2205 0.2235 0.2235 0.2155 0.2155 0.211 0.211 0.211 0.223 0.223 0.215 0.215 0.2085 0.2085 0.2085 0.189 0.189 0.2005 0.2005 0.205 0.205 0.205 0.237 0.237 0.226 0.226 0.222 0.222 0.222 0.2205 0.2205 0.2175 0.2175 0.204 0.204 0.204 0.1995 0.1995 0.1995 0.1995 0.2425 0.2425 0.218 0.218 0.218 0.22 0.22 0.2155 0.2155 0.2165 0.2165 0.2165 0.2285 0.2285 0.192 0.192 0.158 0.158 0.158 0.166 0.166 0.1495 0.1495 0.1445 0.1445 0.1445 0.1265 0.1265 0.135
0.241 0.2025 0.2025 0.203 0.203 0.2235 0.2235 0.2235 0.228 0.228 0.2005 0.2005 0.2015 0.2015 0.188 0.188 0.188 0.1935 0.1935 0.1995 0.1995 0.222 0.222 0.222 0.2195 0.2195 0.2305 0.2305 0.222 0.222 0.222 0.221 0.221 0.2015 0.2015 0.2065 0.2065 0.2065 0.2185 0.2185 0.221 0.221 0.2325 0.2325 0.2325 0.205 0.205 0.21 0.21 0.3045 0.3045 0.2435 0.2435 0.2435 0.2275 0.2275 0.197 0.197 0.207 0.207 0.207 0.21 0.21 0.237 0.237 0.1645 0.1645 0.1645 0.176 0.176 0.1775 0.1775 0.1375 0.1375 0.1375 0.1335 0.1335 0.1455
0.241 0.2025 0.2025 0.203 0.203 0.2235 0.2235 0.2235 0.228 0.228 0.2005 0.2005 0.2015 0.2015 0.188 0.188 0.188 0.1935 0.1935 0.1995 0.1995 0.222 0.222 0.222 0.2195 0.2195 0.2305 0.2305 0.222 0.222 0.222 0.221 0.221 0.2015 0.2015 0.2065 0.2065 0.2065 0.2185 0.2185 0.221 0.221 0.2325 0.2325 0.2325 0.205 0.205 0.21 0.21 0.3045 0.3045 0.2435 0.2435 0.2435 0.2275 0.2275 0.197 0.197 0.207 0.207 0.207 0.21 0.21 0.237 0.237 0.1645 0.1645 0.1645 0.176 0.176 0.1775 0.1775 0.1375 0.1375 0.1375 0.1335 0.1335 0.1455
0.241 0.2025 0.2025 0.203 0.203 0.2235 0.2235 0.2235 0.228 0.228 0.2005 0.2005 0.2015 0.2015 0.188 0.188 0.188 0.1935 0.1935 0.1995 0.1995 0.222 0.222 0.222 0.2195 0.2195 0.2305 0.2305 0.222 0.222 0.222 0.221 0.221 0.2015 0.2015 0.2065 0.2065 0.2065 0.2185 0.2185 0.221 0.221 0.2325 0.2325 0.2325 0.205 0.205 0.21 0.21 0.3045 0.3045 0.2435 0.2435 0.2435 0.2275 0.2275 0.197 0.197 0.207 0.207 0.207 0.21 0.21 0.237 0.237 0.1645 0.1645 0.1645 0.176 0.176 0.1775 0.1775 0.1375 0.1375 0.1375 0.1335 0.1335 0.1455
0.2115 0.223 0.223 0.218 0.218 0.2075 0.2075 0.2075 0.2045 0.2045 0.209 0.209 0.2 0.2 0.1935 0.1935 0.1935 0.213 0.213 0.2025 0.2025 0.2135 0.2135 0.2135 0.2065 0.2065 0.2165 0.2165 0.2285 0.2285 0.2285 0.213 0.213 0.2335 0.2335 0.236 0.236 0.236 0.2345 0.2345 0.24 0.24 0.227 0.227 0.227 0.235 0.235 0.231 0.231 0.2285 0.2285 0.2065 0.2065 0.2065 0.228 0.228 0.2085 0.2085 0.202 0.202 0.202 0.2335 0.2335 0.2135 0.2135 0.2195 0.2195 0.2195 0.161 0.161 0.1765 0.1765 0.1465 0.1465 0.1465 0.137 0.137 0.1655
0.2115 0.223 0.223 0.218 0.218 0.2075 0.2075 0.2075 0.2045 0.2045 0.209 0.209 0.2 0.2 0.1935 0.1935 0.1935 0.213 0.213 0.2025 0.2025 0.2135 0.2135 0.2135 0.2065 0.2065 0.2165 0.2165 0.2285 0.2285 0.2285 0.213 0.213 0.2335 0.2335 0.236 0.236 0.236 0.2345 0.2345 0.24 0.24 0.227 0.227 0.227 0.235 0.235 0.231 0.231 0.2285 0.2285 0.2065 0.2065 0.2065 0.228 0.228 0.2085 0.2085 0.202 0.202 0.202 0.2335 0.2335 0.2135 0.2135 0.2195 0.2195 0.2195 0.161 0.161 0.1765 0.1765 0.1465 0.1465 0.1465 0.137 0.137 0.1655
0.2235 0.232 0.232 0.218 0.218 0.1975 0.1975 0.1975 0.202 0.202 0.2065 0.2065 0.195 0.195 0.213 0.213 0.213 0.2255 0.2255 0.2165 0.2165 0.2175 0.2175 0.2175 0.199 0.199 0.2085 0.2085 0.2245 0.2245 0.2245 0.234 0.234 0.239 0.239 0.237 0.237 0.237 0.236 0.236 0.2305 0.2305 0.228 0.228 0.228 0.239 0.239 0.2305 0.2305 0.219 0.219 0.2475 0.2475 0.2475 0.225 0.225 0.2025 0.2025 0.2275 0.2275 0.2275 0.235 0.235 0.2585 0.2585 0.2125 0.2125 0.2125 0.1855 0.1855 0.2095 0.2095 0.1785 0.1785 0.1785 0.174 0.174 0.1735
0.2235 0.232 0.232 0.218 0.218 0.1975 0.1975 0.1975 0.202 0.202 0.2065 0.2065 0.195 0.195 0.213 0.213 0.213 0.2255 0.2255 0.2165 0.2165 0.2175 0.2175 0.2175 0.199 0.199 0.2085 0.2085 0.2245 0.2245 0.2245 0.234 0.234 0.239 0.239 0.237 0.237 0.237 0.236 0.236 0.2305 0.2305 0.228 0.228 0.228 0.239 0.239 0.2305 0.2305 0.219 0.219 0.2475 0.2475 0.2475 0.225 0.225 0.2025 0.2025 0.2275 0.2275 0.2275 0.235 0.235 0.2585 0.2585 0.2125 0.2125 0.2125 0.1855 0.1855 0.2095 0.2095 0.1785 0.1785 0.1785 0.174 0.174 0.1735
0.245 0.2145 0.2145 0.2265 0.2265 0.216 0.216 0.216 0.218 0.218 0.2355 0.2355 0.219 0.219 0.214 0.214 0.214 0.233 0.233 0.208 0.208 0.173 0.173 0.173 0.181 0.181 0.2165 0.2165 0.2335 0.2335 0.2335 0.2515 0.2515 0.2515 0.2515 0.248 0.248 0.248 0.2435 0.2435 0.218 0.218 0.2255 0.2255 0.2255 0.2205 0.2205 0.224 0.224 0.2245 0.2245 0.203 0.203 0.203 0.216 0.216 0.207 0.207 0.1805 0.1805 0.1805 0.2085 0.2085 0.223 0.223 0.201 0.201 0.201 0.1975 0.1975 0.198 0.198 0.192 0.192 0.192 0.187 0.187 0.169
0.245 0.2145 0.2145 0.2265 0.2265 0.216 0.216 0.216 0.218 0.218 0.2355 0.2355 0.219 0.219 0.214 0.214 0.214 0.233 0.233 0.208 0.208 0.173 0.173 0.173 0.181 0.181 0.2165 0.2165 0.2335 0.2335 0.2335 0.2515 0.2515 0.2515 0.2515 0.248 0.248 0.248 0.2435 0.2435 0.218 0.218 0.2255 0.2255 0.2255 0.2205 0.2205 0.224 0.224 0.2245 0.2245 0.203 0.203 0.203 0.216 0.216 0.207 0.207 0.1805 0.1805 0.1805 0.2085 0.2085 0.223 0.223 0.201 0.201 0.201 0.1975 0.1975 0.198 0.198 0.192 0.192 0.192 0.187 0.187 0.169
0.245 0.2145 0.2145 0.2265 0.2265 0.216 0.216 0.216 0.218 0.218 0.2355 0.2355 0.219 0.219 0.214 0.214 0.214 0.233 0.233 0.208 0.208 0.173 0.173 0.173 0.181 0.181 0.2165 0.2165 0.2335 0.2335 0.2335 0.2515 0.2515 0.2515 0.2515 0.248 0.248 0.248 0.2435 0.2435 0.218 0.218 0.2255 0.2255 0.2255 0.2205 0.2205 0.224 0.224 0.2245 0.2245 0.203 0.203 0.203 0.216 0.216 0.207 0.207 0.1805 0.1805 0.1805 0.2085 0.2085 0.223 0.223 0.201 0.201 0.201 0.1975 0.1975 0.198 0.198 0.192 0.192 0.192 0.187 0.187 0.169
0.23 0.2095 0.2095 0.207 0.207 0.2115 0.2115 0.2115 0.2365 0.2365 0.223 0.223 0.2185 0.2185 0.2275 0.2275 0.2275 0.2195 0.2195 0.208 0.208 0.2025 0.2025 0.2025 0.2085 0.2085 0.2435 0.2435 0.2685 0.2685 0.2685 0.245 0.245 0.1975 0.1975 0.245 0.245 0.245 0.2525 0.2525 0.2445 0.2445 0.2535 0.2535 0.2535 0.222 0.222 0.24 0.24 0.235 0.235 0.239 0.239 0.239 0.215 0.215 0.2005 0.2005 0.226 0.226 0.226 0.2555 0.2555 0.2105 0.2105 0.2515 0.2515 0.2515 0.2145 0.2145 0.189 0.189 0.1665 0.1665 0.1665 0.1785 0.1785 0.1435
0.23 0.2095 0.2095 0.207 0.207 0.2115 0.2115 0.2115 0.2365 0.2365 0.223 0.223 0.2185 0.2185 0.2275 0.2275 0.2275 0.2195 0.2195 0.208 0.208 0.2025 0.2025 0.2025 0.2085 0.2085 0.2435 0.2435 0.2685 0.2685 0.2685 0.245 0.245 0.1975 0.1975 0.245 0.245 0.245 0.2525 0.2525 0.2445 0.2445 0.2535 0.2535 0.2535 0.222 0.222 0.24 0.24 0.235 0.235 0.239 0.239 0.239 0.215 0.215 0.2005 0.2005 0.226 0.226 0.226 0.2555 0.2555 0.2105 0.2105 0.2515 0.2515 0.2515 0.2145 0.2145 0.189 0.189 0.1665 0.1665 0.1665 0.1785 0.1785 0.1435
0.2215 0.232 0.232 0.226 0.226 0.2205 0.2205 0.2205 0.2065 0.2065 0.218 0.218 0.2225 0.2225 0.224 0.224 0.224 0.2295 0.2295 0.2225 0.2225 0.22 0.22 0.22 0.223 0.223 0.2165 0.2165 0.216 0.216 0.216 0.2325 0.2325 0.2285 0.2285 0.232 0.232 0.232 0.2305 0.2305 0.2365 0.2365 0.249 0.249 0.249 0.237 0.237 0.2515 0.2515 0.2575 0.2575 0.251 0.251 0.251 0.214 0.214 0.2065 0.2065 0.2065 0.2065 0.2065 0.2215 0.2215 0.2115 0.2115 0.2365 0.2365 0.2365 0.2285 0.2285 0.2265 0.2265 0.2075 0.2075 0.2075 0.1995 0.1995 0.196
0.2215 0.232 0.232 0.226 0.226 0.2205 0.2205 0.2205 0.2065 0.2065 0.218 0.218 0.2225 0.2225 0.224 0.224 0.224 0.2295 0.2295 0.2225 0.2225 0.22 0.22 0.22 0.223 0.223 0.2165 0.2165 0.216 0.216 0.216 0.2325 0.2325 0.2285 0.2285 0.232 0.232 0.232 0.2305 0.2305 0.2365 0.2365 0.249 0.249 0.249 0.237 0.237 0.2515 0.2515 0.2575 0.2575 0.251 0.251 0.251 0.214 0.214 0.2065 0.2065 0.2065 0.2065 0.2065 0.2215 0.2215 0.2115 0.2115 0.2365 0.2365 0.2365 0.2285 0.2285 0.2265 0.2265 0.2075 0.2075 0.2075 0.1995 0.1995 0.196
0.213 0.233 0.233 0.231 0.231 0.2325 0.2325 0.2325 0.245 0.245 0.2125 0.2125 0.2105 0.2105 0.213 0.213 0.213 0.208 0.208 0.2215 0.2215 0.236 0.236 0.236 0.248 0.248 0.227 0.227 0.2185 0.2185 0.2185 0.215 0.215 0.2225 0.2225 0.2125 0.2125 0.2125 0.2295 0.2295 0.2395 0.2395 0.2435 0.2435 0.2435 0.2725 0.2725 0.27 0.27 0.275 0.275 0.249 0.249 0.249 0.229 0.229 0.212 0.212 0.1985 0.1985 0.1985 0.204 0.204 0.2155 0.2155 0.2435 0.2435 0.2435 0.2165 0.2165 0.216 0.216 0.1985 0.1985 0.1985 0.1945 0.1945 0.1895
