ndvi/NOAA-215.asc
ncols         252
nrows         154
xllcorner     -18.017974
yllcorner     13.481982
cellsize      0.035948
NODATA_value  -9999
[rows 102 to 135 of 154, columns 77 to 153 of 252]
0.288 0.288 0.282 0.282 0.3235 0.3235 0.315 0.315 0.315 0.304 0.304 0.313 0.313 0.309 0.309 0.321 0.321 0.321 0.3075 0.3075 0.3075 0.3075 0.3085 0.3085 0.3085 0.297 0.297 0.3035 0.3035 0.325 0.325 0.325 0.322 0.322 0.3315 0.3315 0.339 0.339 0.339 0.353 0.353 0.3365 0.3365 0.3295 0.3295 0.3295 0.3175 0.3175 0.3295 0.3295 0.3195 0.3195 0.295 0.295 0.295 0.3065 0.3065 0.2975 0.2975 0.274 0.274 0.274 0.2875 0.2875 0.294 0.294 0.3015 0.3015 0.3015 0.331 0.331 0.3015 0.3015 0.3015 0.3015 0.3015 0.269
0.3255 0.3255 0.2965 0.2965 0.3285 0.3285 0.3235 0.3235 0.3235 0.3265 0.3265 0.315 0.315 0.3105 0.3105 0.3105 0.3105 0.3105 0.306 0.306 0.3095 0.3095 0.3165 0.3165 0.3165 0.331 0.331 0.3075 0.3075 0.321 0.321 0.321 0.346 0.346 0.351 0.351 0.361 0.361 0.361 0.336 0.336 0.3395 0.3395 0.346 0.346 0.346 0.327 0.327 0.3275 0.3275 0.331 0.331 0.327 0.327 0.327 0.3095 0.3095 0.303 0.303 0.3125 0.3125 0.3125 0.2835 0.2835 0.313 0.313 0.288 0.288 0.288 0.283 0.283 0.2685 0.2685 0.267 0.267 0.267 0.2595
0.3255 0.3255 0.2965 0.2965 0.3285 0.3285 0.3235 0.3235 0.3235 0.3265 0.3265 0.315 0.315 0.3105 0.3105 0.3105 0.3105 0.3105 0.306 0.306 0.3095 0.3095 0.3165 0.3165 0.3165 0.331 0.331 0.3075 0.3075 0.321 0.321 0.321 0.346 0.346 0.351 0.351 0.361 0.361 0.361 0.336 0.336 0.3395 0.3395 0.346 0.346 0.346 0.327 0.327 0.3275 0.3275 0.331 0.331 0.327 0.327 0.327 0.3095 0.3095 0.303 0.303 0.3125 0.3125 0.3125 0.2835 0.2835 0.313 0.313 0.288 0.288 0.288 0.283 0.283 0.2685 0.2685 0.267 0.267 0.267 0.2595
0.3255 0.3255 0.2965 0.2965 0.3285 0.3285 0.3235 0.3235 0.3235 0.3265 0.3265 0.315 0.315 0.3105 0.3105 0.3105 0.3105 0.3105 0.306 0.306 0.3095 0.3095 0.3165 0.3165 0.3165 0.331 0.331 0.3075 0.3075 0.321 0.321 0.321 0.346 0.346 0.351 0.351 0.361 0.361 0.361 0.336 0.336 0.3395 0.3395 0.346 0.346 0.346 0.327 0.327 0.3275 0.3275 0.331 0.331 0.327 0.327 0.327 0.3095 0.3095 0.303 0.303 0.3125 0.3125 0.3125 0.2835 0.2835 0.313 0.313 0.288 0.288 0.288 0.283 0.283 0.2685 0.2685 0.267 0.267 0.267 0.2595
0.324 0.324 0.307 0.307 0.309 0.309 0.3165 0.3165 0.3165 0.307 0.307 0.3095 0.3095 0.306 0.306 0.333 0.333 0.333 0.3215 0.3215 0.3295 0.3295 0.3655 0.3655 0.3655 0.341 0.341 0.3515 0.3515 0.329 0.329 0.329 0.3395 0.3395 0.347 0.347 0.3565 0.3565 0.3565 0.3275 0.3275 0.3335 0.3335 0.345 0.345 0.345 0.321 0.321 0.315 0.315 0.3065 0.3065 0.316 0.316 0.316 0.322 0.322 0.2845 0.2845 0.3175 0.3175 0.3175 0.284 0.284 0.297 0.297 0.301 0.301 0.301 0.278 0.278 0.2785 0.2785 0.268 0.268 0.268 0.2765
0.324 0.324 0.307 0.307 0.309 0.309 0.3165 0.3165 0.3165 0.307 0.307 0.3095 0.3095 0.306 0.306 0.333 0.333 0.333 0.3215 0.3215 0.3295 0.3295 0.3655 0.3655 0.3655 0.341 0.341 0.3515 0.3515 0.329 0.329 0.329 0.3395 0.3395 0.347 0.347 0.3565 0.3565 0.3565 0.3275 0.3275 0.3335 0.3335 0.345 0.345 0.345 0.321 0.321 0.315 0.315 0.3065 0.3065 0.316 0.316 0.316 0.322 0.322 0.2845 0.2845 0.3175 0.3175 0.3175 0.284 0.284 0.297 0.297 0.301 0.301 0.301 0.278 0.278 0.2785 0.2785 0.268 0.268 0.268 0.2765
0.325 0.325 0.3235 0.3235 0.3395 0.3395 0.319 0.319 0.319 0.3035 0.3035 0.33 0.33 0.3285 0.3285 0.3695 0.3695 0.3695 0.374 0.374 0.359 0.359 0.3975 0.3975 0.3975 0.3955 0.3955 0.337 0.337 0.34 0.34 0.34 0.3625 0.3625 0.3295 0.3295 0.302 0.302 0.302 0.2915 0.2915 0.3255 0.3255 0.3175 0.3175 0.3175 0.3385 0.3385 0.3275 0.3275 0.3185 0.3185 0.3385 0.3385 0.3385 0.31 0.31 0.3095 0.3095 0.324 0.324 0.324 0.321 0.321 0.3185 0.3185 0.343 0.343 0.343 0.3025 0.3025 0.311 0.311 0.281 0.281 0.281 0.304
0.325 0.325 0.3235 0.3235 0.3395 0.3395 0.319 0.319 0.319 0.3035 0.3035 0.33 0.33 0.3285 0.3285 0.3695 0.3695 0.3695 0.374 0.374 0.359 0.359 0.3975 0.3975 0.3975 0.3955 0.3955 0.337 0.337 0.34 0.34 0.34 0.3625 0.3625 0.3295 0.3295 0.302 0.302 0.302 0.2915 0.2915 0.3255 0.3255 0.3175 0.3175 0.3175 0.3385 0.3385 0.3275 0.3275 0.3185 0.3185 0.3385 0.3385 0.3385 0.31 0.31 0.3095 0.3095 0.324 0.324 0.324 0.321 0.321 0.3185 0.3185 0.343 0.343 0.343 0.3025 0.3025 0.311 0.311 0.281 0.281 0.281 0.304
0.3295 0.3295 0.356 0.356 0.36 0.36 0.3325 0.3325 0.3325 0.3425 0.3425 0.377 0.377 0.3825 0.3825 0.375 0.375 0.375 0.3815 0.3815 0.356 0.356 0.363 0.363 0.363 0.38 0.38 0.349 0.349 0.3515 0.3515 0.3515 0.337 0.337 0.322 0.322 0.3095 0.3095 0.3095 0.3415 0.3415 0.3485 0.3485 0.2835 0.2835 0.2835 0.315 0.315 0.34 0.34 0.351 0.351 0.348 0.348 0.348 0.387 0.387 0.3625 0.3625 0.355 0.355 0.355 0.3575 0.3575 0.3255 0.3255 0.353 0.353 0.353 0.357 0.357 0.3355 0.3355 0.2965 0.2965 0.2965 0.3
0.3295 0.3295 0.356 0.356 0.36 0.36 0.3325 0.3325 0.3325 0.3425 0.3425 0.377 0.377 0.3825 0.3825 0.375 0.375 0.375 0.3815 0.3815 0.356 0.356 0.363 0.363 0.363 0.38 0.38 0.349 0.349 0.3515 0.3515 0.3515 0.337 0.337 0.322 0.322 0.3095 0.3095 0.3095 0.3415 0.3415 0.3485 0.3485 0.2835 0.2835 0.2835 0.315 0.315 0.34 0.34 0.351 0.351 0.348 0.348 0.348 0.387 0.387 0.3625 0.3625 0.355 0.355 0.355 0.3575 0.3575 0.3255 0.3255 0.353 0.353 0.353 0.357 0.357 0.3355 0.3355 0.2965 0.2965 0.2965 0.3
0.3295 0.3295 0.356 0.356 0.36 0.36 0.3325 0.3325 0.3325 0.3425 0.3425 0.377 0.377 0.3825 0.3825 0.375 0.375 0.375 0.3815 0.3815 0.356 0.356 0.363 0.363 0.363 0.38 0.38 0.349 0.349 0.3515 0.3515 0.3515 0.337 0.337 0.322 0.322 0.3095 0.3095 0.3095 0.3415 0.3415 0.3485 0.3485 0.2835 0.2835 0.2835 0.315 0.315 0.34 0.34 0.351 0.351 0.348 0.348 0.348 0.387 0.387 0.3625 0.3625 0.355 0.355 0.355 0.3575 0.3575 0.3255 0.3255 0.353 0.353 0.353 0.357 0.357 0.3355 0.3355 0.2965 0.2965 0.2965 0.3
0.359 0.359 0.356 0.356 0.383 0.383 0.3815 0.3815 0.3815 0.3885 0.3885 0.38 0.38 0.3775 0.3775 0.394 0.394 0.394 0.402 0.402 0.36 0.36 0.358 0.358 0.358 0.3615 0.3615 0.342 0.342 0.336 0.336 0.336 0.332 0.332 0.327 0.327 0.3315 0.3315 0.3315 0.3305 0.3305 0.366 0.366 0.36 0.36 0.36 0.3155 0.3155 0.3525 0.3525 0.3655 0.3655 0.3435 0.3435 0.3435 0.3675 0.3675 0.3255 0.3255 0.3655 0.3655 0.3655 0.3565 0.3565 0.34 0.34 0.332 0.332 0.332 0.3225 0.3225 0.308 0.308 0.3125 0.3125 0.3125 0.283
0.359 0.359 0.356 0.356 0.383 0.383 0.3815 0.3815 0.3815 0.3885 0.3885 0.38 0.38 0.3775 0.3775 0.394 0.394 0.394 0.402 0.402 0.36 0.36 0.358 0.358 0.358 0.3615 0.3615 0.342 0.342 0.336 0.336 0.336 0.332 0.332 0.327 0.327 0.3315 0.3315 0.3315 0.3305 0.3305 0.366 0.366 0.36 0.36 0.36 0.3155 0.3155 0.3525 0.3525 0.3655 0.3655 0.3435 0.3435 0.3435 0.3675 0.3675 0.3255 0.3255 0.3655 0.3655 0.3655 0.3565 0.3565 0.34 0.34 0.332 0.332 0.332 0.3225 0.3225 0.308 0.308 0.3125 0.3125 0.3125 0.283
0.3805 0.3805 0.3965 0.3965 0.399 0.399 0.4065 0.4065 0.4065 0.351 0.351 0.358 0.358 0.383 0.383 0.382 0.382 0.382 0.3915 0.3915 0.3695 0.3695 0.3705 0.3705 0.3705 0.355 0.355 0.345 0.345 0.3385 0.3385 0.3385 0.3395 0.3395 0.35 0.35 0.3255 0.3255 0.3255 0.32 0.32 0.3295 0.3295 0.356 0.356 0.356 0.35 0.35 0.3935 0.3935 0.3605 0.3605 0.3555 0.3555 0.3555 0.3445 0.3445 0.3435 0.3435 0.3675 0.3675 0.3675 0.3425 0.3425 0.353 0.353 0.3305 0.3305 0.3305 0.319 0.319 0.3 0.3 0.322 0.322 0.322 0.27
0.3805 0.3805 0.3965 0.3965 0.399 0.399 0.4065 0.4065 0.4065 0.351 0.351 0.358 0.358 0.383 0.383 0.382 0.382 0.382 0.3915 0.3915 0.3695 0.3695 0.3705 0.3705 0.3705 0.355 0.355 0.345 0.345 0.3385 0.3385 0.3385 0.3395 0.3395 0.35 0.35 0.3255 0.3255 0.3255 0.32 0.32 0.3295 0.3295 0.356 0.356 0.356 0.35 0.35 0.3935 0.3935 0.3605 0.3605 0.3555 0.3555 0.3555 0.3445 0.3445 0.3435 0.3435 0.3675 0.3675 0.3675 0.3425 0.3425 0.353 0.353 0.3305 0.3305 0.3305 0.319 0.319 0.3 0.3 0.322 0.322 0.322 0.27
0.377 0.377 0.4215 0.4215 0.408 0.408 0.392 0.392 0.392 0.406 0.406 0.3755 0.3755 0.415 0.415 0.3975 0.3975 0.3975 0.3905 0.3905 0.381 0.381 0.365 0.365 0.365 0.3565 0.3565 0.3575 0.3575 0.3385 0.3385 0.3385 0.3465 0.3465 0.3395 0.3395 0.3275 0.3275 0.3275 0.339 0.339 0.367 0.367 0.3695 0.3695 0.3695 0.3925 0.3925 0.3615 0.3615 0.3785 0.3785 0.3615 0.3615 0.3615 0.3505 0.3505 0.3585 0.3585 0.3745 0.3745 0.3745 0.3445 0.3445 0.3425 0.3425 0.348 0.348 0.348 0.3335 0.3335 0.316 0.316 0.3005 0.3005 0.3005 0.2825
0.377 0.377 0.4215 0.4215 0.408 0.408 0.392 0.392 0.392 0.406 0.406 0.3755 0.3755 0.415 0.415 0.3975 0.3975 0.3975 0.3905 0.3905 0.381 0.381 0.365 0.365 0.365 0.3565 0.3565 0.3575 0.3575 0.3385 0.3385 0.3385 0.3465 0.3465 0.3395 0.3395 0.3275 0.3275 0.3275 0.339 0.339 0.367 0.367 0.3695 0.3695 0.3695 0.3925 0.3925 0.3615 0.3615 0.3785 0.3785 0.3615 0.3615 0.3615 0.3505 0.3505 0.3585 0.3585 0.3745 0.3745 0.3745 0.3445 0.3445 0.3425 0.3425 0.348 0.348 0.348 0.3335 0.3335 0.316 0.316 0.3005 0.3005 0.3005 0.2825
0.377 0.377 0.4215 0.4215 0.408 0.408 0.392 0.392 0.392 0.406 0.406 0.3755 0.3755 0.415 0.415 0.3975 0.3975 0.3975 0.3905 0.3905 0.381 0.381 0.365 0.365 0.365 0.3565 0.3565 0.3575 0.3575 0.3385 0.3385 0.3385 0.3465 0.3465 0.3395 0.3395 0.3275 0.3275 0.3275 0.339 0.339 0.367 0.367 0.3695 0.3695 0.3695 0.3925 0.3925 0.3615 0.3615 0.3785 0.3785 0.3615 0.3615 0.3615 0.3505 0.3505 0.3585 0.3585 0.3745 0.3745 0.3745 0.3445 0.3445 0.3425 0.3425 0.348 0.348 0.348 0.3335 0.3335 0.316 0.316 0.3005 0.3005 0.3005 0.2825
0.3885 0.3885 0.3965 0.3965 0.3675 0.3675 0.3965 0.3965 0.3965 0.3845 0.3845 0.4105 0.4105 0.3865 0.3865 0.3825 0.3825 0.3825 0.3685 0.3685 0.353 0.353 0.3545 0.3545 0.3545 0.346 0.346 0.307 0.307 0.332 0.332 0.332 0.331 0.331 0.328 0.328 0.3595 0.3595 0.3595 0.327 0.327 0.33 0.33 0.3355 0.3355 0.3355 0.3535 0.3535 0.3655 0.3655 0.3625 0.3625 0.3585 0.3585 0.3585 0.3445 0.3445 0.358 0.358 0.378 0.378 0.378 0.367 0.367 0.355 0.355 0.3475 0.3475 0.3475 0.32 0.32 0.2895 0.2895 0.27 0.27 0.27 0.2695
0.3885 0.3885 0.3965 0.3965 0.3675 0.3675 0.3965 0.3965 0.3965 0.3845 0.3845 0.4105 0.4105 0.3865 0.3865 0.3825 0.3825 0.3825 0.3685 0.3685 0.353 0.353 0.3545 0.3545 0.3545 0.346 0.346 0.307 0.307 0.332 0.332 0.332 0.331 0.331 0.328 0.328 0.3595 0.3595 0.3595 0.327 0.327 0.33 0.33 0.3355 0.3355 0.3355 0.3535 0.3535 0.3655 0.3655 0.3625 0.3625 0.3585 0.3585 0.3585 0.3445 0.3445 0.358 0.358 0.378 0.378 0.378 0.367 0.367 0.355 0.355 0.3475 0.3475 0.3475 0.32 0.32 0.2895 0.2895 0.27 0.27 0.27 0.2695
0.3815 0.3815 0.393 0.393 0.3485 0.3485 0.3785 0.3785 0.3785 0.406 0.406 0.348 0.348 0.3425 0.3425 0.345 0.345 0.345 0.3425 0.3425 0.345 0.345 0.3375 0.3375 0.3375 0.3295 0.3295 0.32 0.32 0.344 0.344 0.344 0.3375 0.3375 0.2865 0.2865 0.3475 0.3475 0.3475 0.3185 0.3185 0.3285 0.3285 0.3375 0.3375 0.3375 0.3675 0.3675 0.3635 0.3635 0.341 0.341 0.329 0.329 0.329 0.322 0.322 0.347 0.347 0.358 0.358 0.358 0.368 0.368 0.354 0.354 0.356 0.356 0.356 0.3245 0.3245 0.3005 0.3005 0.247 0.247 0.247 0.2905
0.3815 0.3815 0.393 0.393 0.3485 0.3485 0.3785 0.3785 0.3785 0.406 0.406 0.348 0.348 0.3425 0.3425 0.345 0.345 0.345 0.3425 0.3425 0.345 0.345 0.3375 0.3375 0.3375 0.3295 0.3295 0.32 0.32 0.344 0.344 0.344 0.3375 0.3375 0.2865 0.2865 0.3475 0.3475 0.3475 0.3185 0.3185 0.3285 0.3285 0.3375 0.3375 0.3375 0.3675 0.3675 0.3635 0.3635 0.341 0.341 0.329 0.329 0.329 0.322 0.322 0.347 0.347 0.358 0.358 0.358 0.368 0.368 0.354 0.354 0.356 0.356 0.356 0.3245 0.3245 0.3005 0.3005 0.247 0.247 0.247 0.2905
0.3905 0.3905 0.35 0.35 0.3405 0.3405 0.3315 0.3315 0.3315 0.3365 0.3365 0.3535 0.3535 0.3225 0.3225 0.3095 0.3095 0.3095 0.3265 0.3265 0.3105 0.3105 0.3345 0.3345 0.3345 0.336 0.336 0.277 0.277 0.274 0.274 0.274 0.295 0.295 0.3045 0.3045 0.2785 0.2785 0.2785 0.2825 0.2825 0.277 0.277 0.332 0.332 0.332 0.3465 0.3465 0.3645 0.3645 0.3585 0.3585 0.347 0.347 0.347 0.325 0.325 0.3305 0.3305 0.338 0.338 0.338 0.348 0.348 0.312 0.312 0.324 0.324 0.324 0.2865 0.2865 0.317 0.317 0.2635 0.2635 0.2635 0.298
0.3905 0.3905 0.35 0.35 0.3405 0.3405 0.3315 0.3315 0.3315 0.3365 0.3365 0.3535 0.3535 0.3225 0.3225 0.3095 0.3095 0.3095 0.3265 0.3265 0.3105 0.3105 0.3345 0.3345 0.3345 0.336 0.336 0.277 0.277 0.274 0.274 0.274 0.295 0.295 0.3045 0.3045 0.2785 0.2785 0.2785 0.2825 0.2825 0.277 0.277 0.332 0.332 0.332 0.3465 0.3465 0.3645 0.3645 0.3585 0.3585 0.347 0.347 0.347 0.325 0.325 0.3305 0.3305 0.338 0.338 0.338 0.348 0.348 0.312 0.312 0.324 0.324 0.324 0.2865 0.2865 0.317 0.317 0.2635 0.2635 0.2635 0.298
0.413 0.413 0.3575 0.3575 0.3305 0.3305 0.328 0.328 0.328 0.333 0.333 0.286 0.286 0.29 0.29 0.298 0.298 0.298 0.265 0.265 0.265 0.265 0.2705 0.2705 0.2705 0.2865 0.2865 0.3085 0.3085 0.305 0.305 0.305 0.298 0.298 0.36 0.36 0.3005 0.3005 0.3005 0.29 0.29 0.284 0.284 0.3295 0.3295 0.3295 0.3465 0.3465 0.373 0.373 0.347 0.347 0.34 0.34 0.34 0.3165 0.3165 0.3305 0.3305 0.3195 0.3195 0.3195 0.33 0.33 0.32 0.32 0.3335 0.3335 0.3335 0.296 0.296 0.2975 0.2975 0.2635 0.2635 0.2635 0.291
0.413 0.413 0.3575 0.3575 0.3305 0.3305 0.328 0.328 0.328 0.333 0.333 0.286 0.286 0.29 0.29 0.298 0.298 0.298 0.265 0.265 0.265 0.265 0.2705 0.2705 0.2705 0.2865 0.2865 0.3085 0.3085 0.305 0.305 0.305 0.298 0.298 0.36 0.36 0.3005 0.3005 0.3005 0.29 0.29 0.284 0.284 0.3295 0.3295 0.3295 0.3465 0.3465 0.373 0.373 0.347 0.347 0.34 0.34 0.34 0.3165 0.3165 0.3305 0.3305 0.3195 0.3195 0.3195 0.33 0.33 0.32 0.32 0.3335 0.3335 0.3335 0.296 0.296 0.2975 0.2975 0.2635 0.2635 0.2635 0.291
0.413 0.413 0.3575 0.3575 0.3305 0.3305 0.328 0.328 0.328 0.333 0.333 0.286 0.286 0.29 0.29 0.298 0.298 0.298 0.265 0.265 0.265 0.265 0.2705 0.2705 0.2705 0.2865 0.2865 0.3085 0.3085 0.305 0.305 0.305 0.298 0.298 0.36 0.36 0.3005 0.3005 0.3005 0.29 0.29 0.284 0.284 0.3295 0.3295 0.3295 0.3465 0.3465 0.373 0.373 0.347 0.347 0.34 0.34 0.34 0.3165 0.3165 0.3305 0.3305 0.3195 0.3195 0.3195 0.33 0.33 0.32 0.32 0.3335 0.3335 0.3335 0.296 0.296 0.2975 0.2975 0.2635 0.2635 0.2635 0.291
0.3995 0.3995 0.3805 0.3805 0.3665 0.3665 0.364 0.364 0.364 0.3525 0.3525 0.347 0.347 0.329 0.329 0.301 0.301 0.301 0.2695 0.2695 0.2825 0.2825 0.2955 0.2955 0.2955 0.2875 0.2875 0.2945 0.2945 0.3095 0.3095 0.3095 0.2845 0.2845 0.304 0.304 0.3275 0.3275 0.3275 0.294 0.294 0.3195 0.3195 0.3811 0.3811 0.3811 0.32 0.32 0.3045 0.3045 0.3415 0.3415 0.3385 0.3385 0.3385 0.3375 0.3375 0.345 0.345 0.313 0.313 0.313 0.3225 0.3225 0.3345 0.3345 0.346 0.346 0.346 0.3055 0.3055 0.2825 0.2825 0.262 0.262 0.262 0.3005
0.3995 0.3995 0.3805 0.3805 0.3665 0.3665 0.364 0.364 0.364 0.3525 0.3525 0.347 0.347 0.329 0.329 0.301 0.301 0.301 0.2695 0.2695 0.2825 0.2825 0.2955 0.2955 0.2955 0.2875 0.2875 0.2945 0.2945 0.3095 0.3095 0.3095 0.2845 0.2845 0.304 0.304 0.3275 0.3275 0.3275 0.294 0.294 0.3195 0.3195 0.3811 0.3811 0.3811 0.32 0.32 0.3045 0.3045 0.3415 0.3415 0.3385 0.3385 0.3385 0.3375 0.3375 0.345 0.345 0.313 0.313 0.313 0.3225 0.3225 0.3345 0.3345 0.346 0.346 0.346 0.3055 0.3055 0.2825 0.2825 0.262 0.262 0.262 0.3005
0.4055 0.4055 0.3875 0.3875 0.3755 0.3755 0.3515 0.3515 0.3515 0.347 0.347 0.349 0.349 0.3515 0.3515 0.34 0.34 0.34 0.347 0.347 0.306 0.306 0.3045 0.3045 0.3045 0.3175 0.3175 0.3185 0.3185 0.3425 0.3425 0.3425 0.3045 0.3045 0.3255 0.3255 0.3325 0.3325 0.3325 0.347 0.347 0.3651 0.3651 0.332 0.332 0.332 0.3 0.3 0.367 0.367 0.3205 0.3205 0.318 0.318 0.318 0.316 0.316 0.336 0.336 0.2815 0.2815 0.2815 0.2985 0.2985 0.3365 0.3365 0.3395 0.3395 0.3395 0.357 0.357 0.3215 0.3215 0.3005 0.3005 0.3005 0.339
0.4055 0.4055 0.3875 0.3875 0.3755 0.3755 0.3515 0.3515 0.3515 0.347 0.347 0.349 0.349 0.3515 0.3515 0.34 0.34 0.34 0.347 0.347 0.306 0.306 0.3045 0.3045 0.3045 0.3175 0.3175 0.3185 0.3185 0.3425 0.3425 0.3425 0.3045 0.3045 0.3255 0.3255 0.3325 0.3325 0.3325 0.347 0.347 0.3651 0.3651 0.332 0.332 0.332 0.3 0.3 0.367 0.367 0.3205 0.3205 0.318 0.318 0.318 0.316 0.316 0.336 0.336 0.2815 0.2815 0.2815 0.2985 0.2985 0.3365 0.3365 0.3395 0.3395 0.3395 0.357 0.357 0.3215 0.3215 0.3005 0.3005 0.3005 0.339
0.388 0.388 0.3875 0.3875 0.3635 0.3635 0.351 0.351 0.351 0.3355 0.3355 0.3405 0.3405 0.333 0.333 0.3345 0.3345 0.3345 0.338 0.338 0.3485 0.3485 0.3335 0.3335 0.3335 0.326 0.326 0.3345 0.3345 0.333 0.333 0.333 0.317 0.317 0.3365 0.3365 0.353 0.353 0.353 0.3746 0.3746 0.3756 0.3756 0.3741 0.3741 0.3741 0.35 0.35 0.3626 0.3626 0.317 0.317 0.325 0.325 0.325 0.3155 0.3155 0.3711 0.3711 0.358 0.358 0.358 0.3355 0.3355 0.359 0.359 0.3801 0.3801 0.3801 0.358 0.358 0.3475 0.3475 0.281 0.281 0.281 0.3505
0.388 0.388 0.3875 0.3875 0.3635 0.3635 0.351 0.351 0.351 0.3355 0.3355 0.3405 0.3405 0.333 0.333 0.3345 0.3345 0.3345 0.338 0.338 0.3485 0.3485 0.3335 0.3335 0.3335 0.326 0.326 0.3345 0.3345 0.333 0.333 0.333 0.317 0.317 0.3365 0.3365 0.353 0.353 0.353 0.3746 0.3746 0.3756 0.3756 0.3741 0.3741 0.3741 0.35 0.35 0.3626 0.3626 0.317 0.317 0.325 0.325 0.325 0.3155 0.3155 0.3711 0.3711 0.358 0.358 0.358 0.3355 0.3355 0.359 0.359 0.3801 0.3801 0.3801 0.358 0.358 0.3475 0.3475 0.281 0.281 0.281 0.3505
0.388 0.388 0.3875 0.3875 0.3635 0.3635 0.351 0.351 0.351 0.3355 0.3355 0.3405 0.3405 0.333 0.333 0.3345 0.3345 0.3345 0.338 0.338 0.3485 0.3485 0.3335 0.3335 0.3335 0.326 0.326 0.3345 0.3345 0.333 0.333 0.333 0.317 0.317 0.3365 0.3365 0.353 0.353 0.353 0.3746 0.3746 0.3756 0.3756 0.3741 0.3741 0.3741 0.35 0.35 0.3626 0.3626 0.317 0.317 0.325 0.325 0.325 0.3155 0.3155 0.3711 0.3711 0.358 0.358 0.358 0.3355 0.3355 0.359 0.359 0.3801 0.3801 0.3801 0.358 0.358 0.3475 0.3475 0.281 0.281 0.281 0.3505
