ndvi/NOAA-228.asc
ncols         252
nrows         154
xllcorner     -18.017974
yllcorner     13.481982
cellsize      0.035948
NODATA_value  -9999
[rows 68 to 101 of 154, columns 0 to 76 of 252]
-1 -1 -1 -1 -1 -1 -1 -1 -1 -1 -1 -1 -1 -1 -1 -1 -1 -1 -1 -1 -1 -1 -1 -1 -1 -1 -1 -1 -1 -1 -1 -1 -1 -1 -1 -1 -1 -1 -1 0.274 0.274 0.274 0.356 0.356 0.446 0.446 0.4695 0.4695 0.4695 0.41 0.41 0.3295 0.3295 0.309 0.309 0.3795 0.3795 0.3795 0.488 0.488 0.413 0.413 0.413 0.413 0.413 0.338 0.338 0.333 0.333 0.2595 0.2595 0.2595 0.2355 0.2355 0.237 0.237 0.2345
-1 -1 -1 -1 -1 -1 -1 -1 -1 -1 -1 -1 -1 -1 -1 -1 -1 -1 -1 -1 -1 -1 -1 -1 -1 -1 -1 -1 -1 -1 -1 -1 -1 -1 -1 -1 -1 -1 -1 0.3065 0.3065 0.3065 0.3225 0.3225 0.4095 0.4095 0.382 0.382 0.382 0.357 0.357 0.3175 0.3175 0.332 0.332 0.308 0.308 0.308 0.3565 0.3565 0.414 0.414 0.414 0.414 0.414 0.332 0.332 0.273 0.273 0.2415 0.2415 0.2415 0.258 0.258 0.2565 0.2565 0.25
-1 -1 -1 -1 -1 -1 -1 -1 -1 -1 -1 -1 -1 -1 -1 -1 -1 -1 -1 -1 -1 -1 -1 -1 -1 -1 -1 -1 -1 -1 -1 -1 -1 -1 -1 -1 -1 -1 -1 0.3065 0.3065 0.3065 0.3225 0.3225 0.4095 0.4095 0.382 0.382 0.382 0.357 0.357 0.3175 0.3175 0.332 0.332 0.308 0.308 0.308 0.3565 0.3565 0.414 0.414 0.414 0.414 0.414 0.332 0.332 0.273 0.273 0.2415 0.2415 0.2415 0.258 0.258 0.2565 0.2565 0.25
-1 -1 -1 -1 -1 -1 -1 -1 -1 -1 -1 -1 -1 -1 -1 -1 -1 -1 -1 -1 -1 -1 -1 -1 -1 -1 -1 -1 -1 -1 -1 -1 -1 -1 -1 -1 -1 0.154 0.154 0.2085 0.2085 0.2085 0.4885 0.4885 0.376 0.376 0.2925 0.2925 0.2925 0.2815 0.2815 0.3065 0.3065 0.2735 0.2735 0.2855 0.2855 0.2855 0.211 0.211 0.353 0.353 0.353 0.353 0.353 0.2615 0.2615 0.254 0.254 0.263 0.263 0.263 0.2555 0.2555 0.2565 0.2565 0.252
-1 -1 -1 -1 -1 -1 -1 -1 -1 -1 -1 -1 -1 -1 -1 -1 -1 -1 -1 -1 -1 -1 -1 -1 -1 -1 -1 -1 -1 -1 -1 -1 -1 -1 -1 -1 -1 0.154 0.154 0.2085 0.2085 0.2085 0.4885 0.4885 0.376 0.376 0.2925 0.2925 0.2925 0.2815 0.2815 0.3065 0.3065 0.2735 0.2735 0.2855 0.2855 0.2855 0.211 0.211 0.353 0.353 0.353 0.353 0.353 0.2615 0.2615 0.254 0.254 0.263 0.263 0.263 0.2555 0.2555 0.2565 0.2565 0.252
-1 -1 -1 -1 -1 -1 -1 -1 -1 -1 -1 -1 -1 -1 -1 -1 -1 -1 -1 -1 -1 -1 -1 -1 -1 -1 -1 -1 -1 -1 -1 -1 -1 -1 -1 -1 -1 0.154 0.154 0.2085 0.2085 0.2085 0.4885 0.4885 0.376 0.376 0.2925 0.2925 0.2925 0.2815 0.2815 0.3065 0.3065 0.2735 0.2735 0.2855 0.2855 0.2855 0.211 0.211 0.353 0.353 0.353 0.353 0.353 0.2615 0.2615 0.254 0.254 0.263 0.263 0.263 0.2555 0.2555 0.2565 0.2565 0.252
-1 -1 -1 -1 -1 -1 -1 -1 -1 -1 -1 -1 -1 -1 -1 -1 -1 -1 -1 -1 -1 -1 -1 -1 -1 -1 -1 -1 -1 -1 -1 -1 -1 -1 -1 -1 -1 0.0415 0.0415 0.228 0.228 0.228 0.3775 0.3775 0.3255 0.3255 0.255 0.255 0.255 0.272 0.272 0.291 0.291 0.2025 0.2025 0.2655 0.2655 0.2655 0.3005 0.3005 0.3115 0.3115 0.3115 0.3115 0.3115 0.298 0.298 0.2705 0.2705 0.271 0.271 0.271 0.267 0.267 0.253 0.253 0.2755
-1 -1 -1 -1 -1 -1 -1 -1 -1 -1 -1 -1 -1 -1 -1 -1 -1 -1 -1 -1 -1 -1 -1 -1 -1 -1 -1 -1 -1 -1 -1 -1 -1 -1 -1 -1 -1 0.0415 0.0415 0.228 0.228 0.228 0.3775 0.3775 0.3255 0.3255 0.255 0.255 0.255 0.272 0.272 0.291 0.291 0.2025 0.2025 0.2655 0.2655 0.2655 0.3005 0.3005 0.3115 0.3115 0.3115 0.3115 0.3115 0.298 0.298 0.2705 0.2705 0.271 0.271 0.271 0.267 0.267 0.253 0.253 0.2755
-1 -1 -1 -1 -1 -1 -1 -1 -1 -1 -1 -1 -1 -1 -1 -1 -1 -1 -1 -1 -1 -1 -1 -1 -1 -1 -1 -1 -1 -1 -1 -1 -1 -1 -1 -1 -1 0.018 0.018 0.2725 0.2725 0.2725 0.3465 0.3465 0.3405 0.3405 0.2935 0.2935 0.2935 0.3035 0.3035 0.3075 0.3075 0.2825 0.2825 0.284 0.284 0.284 0.2975 0.2975 0.2965 0.2965 0.2965 0.2965 0.2965 0.322 0.322 0.2755 0.2755 0.2935 0.2935 0.2935 0.2675 0.2675 0.2645 0.2645 0.2595
-1 -1 -1 -1 -1 -1 -1 -1 -1 -1 -1 -1 -1 -1 -1 -1 -1 -1 -1 -1 -1 -1 -1 -1 -1 -1 -1 -1 -1 -1 -1 -1 -1 -1 -1 -1 -1 0.018 0.018 0.2725 0.2725 0.2725 0.3465 0.3465 0.3405 0.3405 0.2935 0.2935 0.2935 0.3035 0.3035 0.3075 0.3075 0.2825 0.2825 0.284 0.284 0.284 0.2975 0.2975 0.2965 0.2965 0.2965 0.2965 0.2965 0.322 0.322 0.2755 0.2755 0.2935 0.2935 0.2935 0.2675 0.2675 0.2645 0.2645 0.2595
-1 -1 -1 -1 -1 -1 -1 -1 -1 -1 -1 -1 -1 -1 -1 -1 -1 -1 -1 -1 -1 -1 -1 -1 -1 -1 -1 -1 -1 -1 -1 -1 -1 -1 -1 -1 -1 0.1425 0.1425 0.2625 0.2625 0.2625 0.3185 0.3185 0.321 0.321 0.278 0.278 0.278 0.267 0.267 0.294 0.294 0.299 0.299 0.3145 0.3145 0.3145 0.294 0.294 0.2975 0.2975 0.2975 0.2975 0.2975 0.2885 0.2885 0.2745 0.2745 0.2735 0.2735 0.2735 0.2775 0.2775 0.2845 0.2845 0.2455
-1 -1 -1 -1 -1 -1 -1 -1 -1 -1 -1 -1 -1 -1 -1 -1 -1 -1 -1 -1 -1 -1 -1 -1 -1 -1 -1 -1 -1 -1 -1 -1 -1 -1 -1 -1 -1 0.1425 0.1425 0.2625 0.2625 0.2625 0.3185 0.3185 0.321 0.321 0.278 0.278 0.278 0.267 0.267 0.294 0.294 0.299 0.299 0.3145 0.3145 0.3145 0.294 0.294 0.2975 0.2975 0.2975 0.2975 0.2975 0.2885 0.2885 0.2745 0.2745 0.2735 0.2735 0.2735 0.2775 0.2775 0.2845 0.2845 0.2455
-1 -1 -1 -1 -1 -1 -1 -1 -1 -1 -1 -1 -1 -1 -1 -1 -1 -1 -1 -1 -1 -1 -1 -1 -1 -1 -1 -1 -1 -1 -1 -1 -1 -1 -1 -1 -1 0.2055 0.2055 0.3025 0.3025 0.3025 0.322 0.322 0.295 0.295 0.283 0.283 0.283 0.2695 0.2695 0.2945 0.2945 0.257 0.257 0.2945 0.2945 0.2945 0.29 0.29 0.293 0.293 0.293 0.293 0.293 0.2965 0.2965 0.2695 0.2695 0.2665 0.2665 0.2665 0.256 0.256 0.2705 0.2705 0.2575
-1 -1 -1 -1 -1 -1 -1 -1 -1 -1 -1 -1 -1 -1 -1 -1 -1 -1 -1 -1 -1 -1 -1 -1 -1 -1 -1 -1 -1 -1 -1 -1 -1 -1 -1 -1 -1 0.2055 0.2055 0.3025 0.3025 0.3025 0.322 0.322 0.295 0.295 0.283 0.283 0.283 0.2695 0.2695 0.2945 0.2945 0.257 0.257 0.2945 0.2945 0.2945 0.29 0.29 0.293 0.293 0.293 0.293 0.293 0.2965 0.2965 0.2695 0.2695 0.2665 0.2665 0.2665 0.256 0.256 0.2705 0.2705 0.2575
-1 -1 -1 -1 -1 -1 -1 -1 -1 -1 -1 -1 -1 -1 -1 -1 -1 -1 -1 -1 -1 -1 -1 -1 -1 -1 -1 -1 -1 -1 -1 -1 -1 -1 -1 -1 -1 0.2055 0.2055 0.3025 0.3025 0.3025 0.322 0.322 0.295 0.295 0.283 0.283 0.283 0.2695 0.2695 0.2945 0.2945 0.257 0.257 0.2945 0.2945 0.2945 0.29 0.29 0.293 0.293 0.293 0.293 0.293 0.2965 0.2965 0.2695 0.2695 0.2665 0.2665 0.2665 0.256 0.256 0.2705 0.2705 0.2575
-1 -1 -1 -1 -1 -1 -1 -1 -1 -1 -1 -1 -1 -1 -1 -1 -1 -1 -1 -1 -1 -1 -1 -1 -1 -1 -1 -1 -1 -1 -1 -1 -1 -1 -1 -1 -1 0.172 0.172 0.2795 0.2795 0.2795 0.3165 0.3165 0.296 0.296 0.2665 0.2665 0.2665 0.2665 0.2665 0.2765 0.2765 0.275 0.275 0.2995 0.2995 0.2995 0.2745 0.2745 0.2905 0.2905 0.2905 0.2905 0.2905 0.2775 0.2775 0.2885 0.2885 0.2955 0.2955 0.2955 0.2875 0.2875 0.2795 0.2795 0.271
-1 -1 -1 -1 -1 -1 -1 -1 -1 -1 -1 -1 -1 -1 -1 -1 -1 -1 -1 -1 -1 -1 -1 -1 -1 -1 -1 -1 -1 -1 -1 -1 -1 -1 -1 -1 -1 0.172 0.172 0.2795 0.2795 0.2795 0.3165 0.3165 0.296 0.296 0.2665 0.2665 0.2665 0.2665 0.2665 0.2765 0.2765 0.275 0.275 0.2995 0.2995 0.2995 0.2745 0.2745 0.2905 0.2905 0.2905 0.2905 0.2905 0.2775 0.2775 0.2885 0.2885 0.2955 0.2955 0.2955 0.2875 0.2875 0.2795 0.2795 0.271
-1 -1 -1 -1 -1 -1 -1 -1 -1 -1 -1 -1 -1 -1 -1 -1 -1 -1 -1 -1 -1 -1 -1 -1 -1 -1 -1 -1 -1 -1 -1 -1 -1 -1 -1 -1 -1 0.161 0.161 0.341 0.341 0.341 0.346 0.346 0.295 0.295 0.269 0.269 0.269 0.2815 0.2815 0.2725 0.2725 0.281 0.281 0.2975 0.2975 0.2975 0.286 0.286 0.293 0.293 0.293 0.293 0.293 0.316 0.316 0.2985 0.2985 0.283 0.283 0.283 0.2895 0.2895 0.302 0.302 0.3065
-1 -1 -1 -1 -1 -1 -1 -1 -1 -1 -1 -1 -1 -1 -1 -1 -1 -1 -1 -1 -1 -1 -1 -1 -1 -1 -1 -1 -1 -1 -1 -1 -1 -1 -1 -1 -1 0.161 0.161 0.341 0.341 0.341 0.346 0.346 0.295 0.295 0.269 0.269 0.269 0.2815 0.2815 0.2725 0.2725 0.281 0.281 0.2975 0.2975 0.2975 0.286 0.286 0.293 0.293 0.293 0.293 0.293 0.316 0.316 0.2985 0.2985 0.283 0.283 0.283 0.2895 0.2895 0.302 0.302 0.3065
-1 -1 -1 -1 -1 -1 -1 -1 -1 -1 -1 -1 -1 -1 -1 -1 -1 -1 -1 -1 -1 -1 -1 -1 -1 -1 -1 -1 -1 -1 -1 -1 -1 -1 -1 0.161 0.161 0.3455 0.3455 0.3215 0.3215 0.3215 0.305 0.305 0.304 0.304 0.2865 0.2865 0.2865 0.314 0.314 0.3305 0.3305 0.2925 0.2925 0.291 0.291 0.291 0.3185 0.3185 0.306 0.306 0.306 0.306 0.306 0.312 0.312 0.303 0.303 0.3055 0.3055 0.3055 0.31 0.31 0.3145 0.3145 0.3175
-1 -1 -1 -1 -1 -1 -1 -1 -1 -1 -1 -1 -1 -1 -1 -1 -1 -1 -1 -1 -1 -1 -1 -1 -1 -1 -1 -1 -1 -1 -1 -1 -1 -1 -1 0.161 0.161 0.3455 0.3455 0.3215 0.3215 0.3215 0.305 0.305 0.304 0.304 0.2865 0.2865 0.2865 0.314 0.314 0.3305 0.3305 0.2925 0.2925 0.291 0.291 0.291 0.3185 0.3185 0.306 0.306 0.306 0.306 0.306 0.312 0.312 0.303 0.303 0.3055 0.3055 0.3055 0.31 0.31 0.3145 0.3145 0.3175
-1 -1 -1 -1 -1 -1 -1 -1 -1 -1 -1 -1 -1 -1 -1 -1 -1 -1 -1 -1 -1 -1 -1 -1 -1 -1 -1 -1 -1 -1 -1 -1 -1 -1 -1 0.161 0.161 0.3455 0.3455 0.3215 0.3215 0.3215 0.305 0.305 0.304 0.304 0.2865 0.2865 0.2865 0.314 0.314 0.3305 0.3305 0.2925 0.2925 0.291 0.291 0.291 0.3185 0.3185 0.306 0.306 0.306 0.306 0.306 0.312 0.312 0.303 0.303 0.3055 0.3055 0.3055 0.31 0.31 0.3145 0.3145 0.3175
-1 -1 -1 -1 -1 -1 -1 -1 -1 -1 -1 -1 -1 -1 -1 -1 -1 -1 -1 -1 -1 -1 -1 -1 -1 -1 -1 -1 -1 -1 -1 -1 -1 -1 -1 0.2095 0.2095 0.3155 0.3155 0.336 0.336 0.336 0.322 0.322 0.323 0.323 0.334 0.334 0.334 0.326 0.326 0.328 0.328 0.3095 0.3095 0.305 0.305 0.305 0.3205 0.3205 0.3715 0.3715 0.3715 0.3715 0.3715 0.3335 0.3335 0.345 0.345 0.342 0.342 0.342 0.3355 0.3355 0.316 0.316 0.3145
-1 -1 -1 -1 -1 -1 -1 -1 -1 -1 -1 -1 -1 -1 -1 -1 -1 -1 -1 -1 -1 -1 -1 -1 -1 -1 -1 -1 -1 -1 -1 -1 -1 -1 -1 0.2095 0.2095 0.3155 0.3155 0.336 0.336 0.336 0.322 0.322 0.323 0.323 0.334 0.334 0.334 0.326 0.326 0.328 0.328 0.3095 0.3095 0.305 0.305 0.305 0.3205 0.3205 0.3715 0.3715 0.3715 0.3715 0.3715 0.3335 0.3335 0.345 0.345 0.342 0.342 0.342 0.3355 0.3355 0.316 0.316 0.3145
-1 -1 -1 -1 -1 -1 -1 -1 -1 -1 -1 -1 -1 -1 -1 -1 -1 -1 -1 -1 -1 -1 -1 -1 -1 -1 -1 -1 -1 -1 -1 -1 0.142 0.142 0.142 0.306 0.306 0.309 0.309 0.3135 0.3135 0.3135 0.3175 0.3175 0.3255 0.3255 0.331 0.331 0.331 0.3495 0.3495 0.331 0.331 0.3195 0.3195 0.305 0.305 0.305 0.3175 0.3175 0.339 0.339 0.339 0.339 0.339 0.3335 0.3335 0.298 0.298 0.3125 0.3125 0.3125 0.3055 0.3055 0.3095 0.3095 0.322
-1 -1 -1 -1 -1 -1 -1 -1 -1 -1 -1 -1 -1 -1 -1 -1 -1 -1 -1 -1 -1 -1 -1 -1 -1 -1 -1 -1 -1 -1 -1 -1 0.142 0.142 0.142 0.306 0.306 0.309 0.309 0.3135 0.3135 0.3135 0.3175 0.3175 0.3255 0.3255 0.331 0.331 0.331 0.3495 0.3495 0.331 0.331 0.3195 0.3195 0.305 0.305 0.305 0.3175 0.3175 0.339 0.339 0.339 0.339 0.339 0.3335 0.3335 0.298 0.298 0.3125 0.3125 0.3125 0.3055 0.3055 0.3095 0.3095 0.322
-1 -1 -1 -1 -1 -1 -1 -1 -1 -1 -1 -1 -1 -1 -1 -1 -1 -1 -1 -1 -1 -1 -1 -1 -1 -1 -1 -1 -1 -1 0.107 0.107 0.3255 0.3255 0.3255 0.311 0.311 0.31 0.31 0.299 0.299 0.299 0.3085 0.3085 0.313 0.313 0.329 0.329 0.329 0.332 0.332 0.318 0.318 0.312 0.312 0.312 0.312 0.312 0.3425 0.3425 0.3445 0.3445 0.3445 0.3445 0.3445 0.3195 0.3195 0.337 0.337 0.321 0.321 0.321 0.308 0.308 0.3165 0.3165 0.3255
-1 -1 -1 -1 -1 -1 -1 -1 -1 -1 -1 -1 -1 -1 -1 -1 -1 -1 -1 -1 -1 -1 -1 -1 -1 -1 -1 -1 -1 -1 0.107 0.107 0.3255 0.3255 0.3255 0.311 0.311 0.31 0.31 0.299 0.299 0.299 0.3085 0.3085 0.313 0.313 0.329 0.329 0.329 0.332 0.332 0.318 0.318 0.312 0.312 0.312 0.312 0.312 0.3425 0.3425 0.3445 0.3445 0.3445 0.3445 0.3445 0.3195 0.3195 0.337 0.337 0.321 0.321 0.321 0.308 0.308 0.3165 0.3165 0.3255
-1 -1 -1 -1 -1 -1 -1 -1 -1 -1 -1 -1 -1 -1 -1 -1 -1 -1 -1 -1 -1 -1 -1 -1 -1 -1 -1 -1 -1 -1 0.107 0.107 0.3255 0.3255 0.3255 0.311 0.311 0.31 0.31 0.299 0.299 0.299 0.3085 0.3085 0.313 0.313 0.329 0.329 0.329 0.332 0.332 0.318 0.318 0.312 0.312 0.312 0.312 0.312 0.3425 0.3425 0.3445 0.3445 0.3445 0.3445 0.3445 0.3195 0.3195 0.337 0.337 0.321 0.321 0.321 0.308 0.308 0.3165 0.3165 0.3255
-1 -1 -1 -1 -1 -1 -1 -1 -1 -1 -1 -1 -1 -1 -1 -1 -1 -1 -1 -1 -1 -1 -1 -1 -1 -1 -1 -1 -1 -1 0.1775 0.1775 0.3445 0.3445 0.3445 0.3385 0.3385 0.312 0.312 0.2895 0.2895 0.2895 0.2965 0.2965 0.31 0.31 0.3185 0.3185 0.3185 0.3365 0.3365 0.3465 0.3465 0.32 0.32 0.31 0.31 0.31 0.334 0.334 0.357 0.357 0.357 0.357 0.357 0.3325 0.3325 0.332 0.332 0.325 0.325 0.325 0.3035 0.3035 0.3065 0.3065 0.3085
-1 -1 -1 -1 -1 -1 -1 -1 -1 -1 -1 -1 -1 -1 -1 -1 -1 -1 -1 -1 -1 -1 -1 -1 -1 -1 -1 -1 -1 -1 0.1775 0.1775 0.3445 0.3445 0.3445 0.3385 0.3385 0.312 0.312 0.2895 0.2895 0.2895 0.2965 0.2965 0.31 0.31 0.3185 0.3185 0.3185 0.3365 0.3365 0.3465 0.3465 0.32 0.32 0.31 0.31 0.31 0.334 0.334 0.357 0.357 0.357 0.357 0.357 0.3325 0.3325 0.332 0.332 0.325 0.325 0.325 0.3035 0.3035 0.3065 0.3065 0.3085
-1 -1 -1 -1 -1 -1 -1 -1 -1 -1 -1 -1 -1 -1 -1 -1 -1 -1 -1 -1 -1 -1 -1 -1 -1 -1 -1 -1 0.1545 0.1545 0.3635 0.3635 0.3585 0.3585 0.3585 0.3675 0.3675 0.3195 0.3195 0.3135 0.3135 0.3135 0.3065 0.3065 0.297 0.297 0.3055 0.3055 0.3055 0.3175 0.3175 0.336 0.336 0.323 0.323 0.3295 0.3295 0.3295 0.345 0.345 0.3395 0.3395 0.3395 0.3395 0.3395 0.325 0.325 0.3385 0.3385 0.3355 0.3355 0.3355 0.312 0.312 0.297 0.297 0.3105
-1 -1 -1 -1 -1 -1 -1 -1 -1 -1 -1 -1 -1 -1 -1 -1 -1 -1 -1 -1 -1 -1 -1 -1 -1 -1 -1 -1 0.1545 0.1545 0.3635 0.3635 0.3585 0.3585 0.3585 0.3675 0.3675 0.3195 0.3195 0.3135 0.3135 0.3135 0.3065 0.3065 0.297 0.297 0.3055 0.3055 0.3055 0.3175 0.3175 0.336 0.336 0.323 0.323 0.3295 0.3295 0.3295 0.345 0.345 0.3395 0.3395 0.3395 0.3395 0.3395 0.325 0.325 0.3385 0.3385 0.3355 0.3355 0.3355 0.312 0.312 0.297 0.297 0.3105
-1 -1 -1 -1 -1 -1 -1 -1 -1 -1 -1 -1 -1 -1 -1 -1 -1 -1 -1 -1 -1 -1 -1 -1 -1 0.0685 0.0685 0.0685 0.253 0.253 0.364 0.364 0.362 0.362 0.362 0.339 0.339 0.339 0.339 0.3255 0.3255 0.3255 0.314 0.314 0.317 0.317 0.31 0.31 0.31 0.3215 0.3215 0.3325 0.3325 0.331 0.331 0.3465 0.3465 0.3465 0.3495 0.3495 0.354 0.354 0.354 0.354 0.354 0.351 0.351 0.353 0.353 0.324 0.324 0.324 0.326 0.326 0.331 0.331 0.3095
