ndvi/NOAA-44.asc
ncols         252
nrows         154
xllcorner     -18.017974
yllcorner     13.481982
cellsize      0.035948
NODATA_value  -9999
[rows 102 to 135 of 154, columns 0 to 76 of 252]
-1 -1 -1 -1 -1 -1 -1 -1 -1 -1 -1 -1 -1 -1 -1 -1 -1 -1 -1 -1 -1 -1 -1 -1 -1 0.0606 0.0606 0.0606 0.205 0.205 0.337 0.337 0.3255 0.3255 0.3255 0.319 0.319 0.3225 0.3225 0.318 0.318 0.318 0.3425 0.3425 0.3515 0.3515 0.3365 0.3365 0.3365 0.3675 0.3675 0.4665 0.4665 0.441 0.441 0.4675 0.4675 0.4675 0.4405 0.4405 0.4865 0.4865 0.4865 0.4865 0.4865 0.488 0.488 0.4845 0.4845 0.4185 0.4185 0.4185 0.437 0.437 0.4385 0.4385 0.386
-1 -1 -1 -1 -1 -1 -1 -1 -1 -1 -1 -1 -1 -1 -1 -1 -1 -1 -1 -1 -1 -1 -1 0.009000001 0.009000001 0.2365 0.2365 0.2365 0.333 0.333 0.3125 0.3125 0.3295 0.3295 0.3295 0.3545 0.3545 0.3635 0.3635 0.3825 0.3825 0.3825 0.4055 0.4055 0.418 0.418 0.4155 0.4155 0.4155 0.403 0.403 0.425 0.425 0.448 0.448 0.4535 0.4535 0.4535 0.428 0.428 0.464 0.464 0.464 0.464 0.464 0.449 0.449 0.435 0.435 0.4765 0.4765 0.4765 0.4495 0.4495 0.4445 0.4445 0.3965
-1 -1 -1 -1 -1 -1 -1 -1 -1 -1 -1 -1 -1 -1 -1 -1 -1 -1 -1 -1 -1 -1 -1 0.009000001 0.009000001 0.2365 0.2365 0.2365 0.333 0.333 0.3125 0.3125 0.3295 0.3295 0.3295 0.3545 0.3545 0.3635 0.3635 0.3825 0.3825 0.3825 0.4055 0.4055 0.418 0.418 0.4155 0.4155 0.4155 0.403 0.403 0.425 0.425 0.448 0.448 0.4535 0.4535 0.4535 0.428 0.428 0.464 0.464 0.464 0.464 0.464 0.449 0.449 0.435 0.435 0.4765 0.4765 0.4765 0.4495 0.4495 0.4445 0.4445 0.3965
-1 -1 -1 -1 -1 -1 -1 -1 -1 -1 -1 -1 -1 -1 -1 -1 -1 -1 -1 -1 -1 -1 -1 0.009000001 0.009000001 0.2365 0.2365 0.2365 0.333 0.333 0.3125 0.3125 0.3295 0.3295 0.3295 0.3545 0.3545 0.3635 0.3635 0.3825 0.3825 0.3825 0.4055 0.4055 0.418 0.418 0.4155 0.4155 0.4155 0.403 0.403 0.425 0.425 0.448 0.448 0.4535 0.4535 0.4535 0.428 0.428 0.464 0.464 0.464 0.464 0.464 0.449 0.449 0.435 0.435 0.4765 0.4765 0.4765 0.4495 0.4495 0.4445 0.4445 0.3965
-1 -1 -1 -1 -1 -1 -1 -1 -1 -1 -1 -1 -1 -1 -1 -1 -1 -1 -1 -1 -1 0.0532 0.0532 0.2305 0.2305 0.35 0.35 0.35 0.326 0.326 0.3075 0.3075 0.3435 0.3435 0.3435 0.377 0.377 0.3445 0.3445 0.359 0.359 0.359 0.39 0.39 0.432 0.432 0.3935 0.3935 0.3935 0.391 0.391 0.3715 0.3715 0.4215 0.4215 0.422 0.422 0.422 0.4195 0.4195 0.4305 0.4305 0.4305 0.4305 0.4305 0.4365 0.4365 0.4645 0.4645 0.4545 0.4545 0.4545 0.45 0.45 0.4095 0.4095 0.3855
-1 -1 -1 -1 -1 -1 -1 -1 -1 -1 -1 -1 -1 -1 -1 -1 -1 -1 -1 -1 -1 0.0532 0.0532 0.2305 0.2305 0.35 0.35 0.35 0.326 0.326 0.3075 0.3075 0.3435 0.3435 0.3435 0.377 0.377 0.3445 0.3445 0.359 0.359 0.359 0.39 0.39 0.432 0.432 0.3935 0.3935 0.3935 0.391 0.391 0.3715 0.3715 0.4215 0.4215 0.422 0.422 0.422 0.4195 0.4195 0.4305 0.4305 0.4305 0.4305 0.4305 0.4365 0.4365 0.4645 0.4645 0.4545 0.4545 0.4545 0.45 0.45 0.4095 0.4095 0.3855
-1 -1 -1 -1 -1 -1 -1 -1 -1 -1 -1 -1 -1 -1 -1 -1 -1 -1 -1 -1 -1 0.2135 0.2135 0.379 0.379 0.3935 0.3935 0.3935 0.392 0.392 0.403 0.403 0.393 0.393 0.393 0.375 0.375 0.348 0.348 0.3575 0.3575 0.3575 0.402 0.402 0.369 0.369 0.337 0.337 0.337 0.386 0.386 0.4135 0.4135 0.425 0.425 0.4005 0.4005 0.4005 0.41 0.41 0.44 0.44 0.44 0.44 0.44 0.4265 0.4265 0.399 0.399 0.4995 0.4995 0.4995 0.4795 0.4795 0.4355 0.4355 0.3825
-1 -1 -1 -1 -1 -1 -1 -1 -1 -1 -1 -1 -1 -1 -1 -1 -1 -1 -1 -1 -1 0.2135 0.2135 0.379 0.379 0.3935 0.3935 0.3935 0.392 0.392 0.403 0.403 0.393 0.393 0.393 0.375 0.375 0.348 0.348 0.3575 0.3575 0.3575 0.402 0.402 0.369 0.369 0.337 0.337 0.337 0.386 0.386 0.4135 0.4135 0.425 0.425 0.4005 0.4005 0.4005 0.41 0.41 0.44 0.44 0.44 0.44 0.44 0.4265 0.4265 0.399 0.399 0.4995 0.4995 0.4995 0.4795 0.4795 0.4355 0.4355 0.3825
-1 -1 -1 -1 -1 -1 -1 -1 -1 -1 -1 -1 -1 -1 -1 -1 -1 -1 0.1855 0.1855 0.1855 0.415 0.415 0.409 0.409 0.385 0.385 0.385 0.4225 0.4225 0.4625 0.4625 0.4275 0.4275 0.4275 0.3895 0.3895 0.361 0.361 0.335 0.335 0.335 0.3885 0.3885 0.389 0.389 0.34 0.34 0.34 0.3995 0.3995 0.395 0.395 0.4345 0.4345 0.398 0.398 0.398 0.4215 0.4215 0.452 0.452 0.452 0.452 0.452 0.449 0.449 0.4295 0.4295 0.448 0.448 0.448 0.452 0.452 0.443 0.443 0.45
-1 -1 -1 -1 -1 -1 -1 -1 -1 -1 -1 -1 -1 -1 -1 -1 -1 -1 0.1855 0.1855 0.1855 0.415 0.415 0.409 0.409 0.385 0.385 0.385 0.4225 0.4225 0.4625 0.4625 0.4275 0.4275 0.4275 0.3895 0.3895 0.361 0.361 0.335 0.335 0.335 0.3885 0.3885 0.389 0.389 0.34 0.34 0.34 0.3995 0.3995 0.395 0.395 0.4345 0.4345 0.398 0.398 0.398 0.4215 0.4215 0.452 0.452 0.452 0.452 0.452 0.449 0.449 0.4295 0.4295 0.448 0.448 0.448 0.452 0.452 0.443 0.443 0.45
-1 -1 -1 -1 -1 -1 -1 -1 -1 -1 -1 -1 -1 -1 -1 -1 -1 -1 0.1855 0.1855 0.1855 0.415 0.415 0.409 0.409 0.385 0.385 0.385 0.4225 0.4225 0.4625 0.4625 0.4275 0.4275 0.4275 0.3895 0.3895 0.361 0.361 0.335 0.335 0.335 0.3885 0.3885 0.389 0.389 0.34 0.34 0.34 0.3995 0.3995 0.395 0.395 0.4345 0.4345 0.398 0.398 0.398 0.4215 0.4215 0.452 0.452 0.452 0.452 0.452 0.449 0.449 0.4295 0.4295 0.448 0.448 0.448 0.452 0.452 0.443 0.443 0.45
-1 -1 -1 -1 -1 -1 -1 -1 -1 -1 -1 -1 -1 -1 -1 -1 0.1792 0.1792 0.5305 0.5305 0.5305 0.45 0.45 0.432 0.432 0.411 0.411 0.411 0.4335 0.4335 0.4555 0.4555 0.461 0.461 0.461 0.401 0.401 0.3675 0.3675 0.356 0.356 0.356 0.3915 0.3915 0.4055 0.4055 0.3915 0.3915 0.3915 0.373 0.373 0.3865 0.3865 0.445 0.445 0.4225 0.4225 0.4225 0.4105 0.4105 0.4415 0.4415 0.4415 0.4415 0.4415 0.4875 0.4875 0.5535 0.5535 0.516 0.516 0.516 0.5055 0.5055 0.496 0.496 0.5585
-1 -1 -1 -1 -1 -1 -1 -1 -1 -1 -1 -1 -1 -1 -1 -1 0.1792 0.1792 0.5305 0.5305 0.5305 0.45 0.45 0.432 0.432 0.411 0.411 0.411 0.4335 0.4335 0.4555 0.4555 0.461 0.461 0.461 0.401 0.401 0.3675 0.3675 0.356 0.356 0.356 0.3915 0.3915 0.4055 0.4055 0.3915 0.3915 0.3915 0.373 0.373 0.3865 0.3865 0.445 0.445 0.4225 0.4225 0.4225 0.4105 0.4105 0.4415 0.4415 0.4415 0.4415 0.4415 0.4875 0.4875 0.5535 0.5535 0.516 0.516 0.516 0.5055 0.5055 0.496 0.496 0.5585
-1 -1 -1 -1 -1 -1 -1 -1 -1 -1 -1 -1 0.1377 0.1377 0.209 0.209 0.201 0.201 0.476 0.476 0.476 0.5265 0.5265 0.434 0.434 0.4105 0.4105 0.4105 0.386 0.386 0.391 0.391 0.3955 0.3955 0.3955 0.43 0.43 0.4325 0.4325 0.414 0.414 0.414 0.4085 0.4085 0.395 0.395 0.418 0.418 0.418 0.385 0.385 0.416 0.416 0.433 0.433 0.4315 0.4315 0.4315 0.397 0.397 0.4055 0.4055 0.4055 0.4055 0.4055 0.451 0.451 0.454 0.454 0.436 0.436 0.436 0.449 0.449 0.4345 0.4345 0.553
-1 -1 -1 -1 -1 -1 -1 -1 -1 -1 -1 -1 0.1377 0.1377 0.209 0.209 0.201 0.201 0.476 0.476 0.476 0.5265 0.5265 0.434 0.434 0.4105 0.4105 0.4105 0.386 0.386 0.391 0.391 0.3955 0.3955 0.3955 0.43 0.43 0.4325 0.4325 0.414 0.414 0.414 0.4085 0.4085 0.395 0.395 0.418 0.418 0.418 0.385 0.385 0.416 0.416 0.433 0.433 0.4315 0.4315 0.4315 0.397 0.397 0.4055 0.4055 0.4055 0.4055 0.4055 0.451 0.451 0.454 0.454 0.436 0.436 0.436 0.449 0.449 0.4345 0.4345 0.553
-1 -1 -1 -1 -1 -1 -1 -1 -1 0.103 0.103 0.103 0.1335 0.1335 0.1337 0.1337 0.1091 0.1091 0.15 0.15 0.15 0.532 0.532 0.524 0.524 0.562 0.562 0.562 0.448 0.448 0.4745 0.4745 0.428 0.428 0.428 0.4355 0.4355 0.428 0.428 0.4235 0.4235 0.4235 0.4355 0.4355 0.3815 0.3815 0.412 0.412 0.412 0.3935 0.3935 0.3915 0.3915 0.3905 0.3905 0.435 0.435 0.435 0.3875 0.3875 0.4015 0.4015 0.4015 0.4015 0.4015 0.4495 0.4495 0.439 0.439 0.4225 0.4225 0.4225 0.4045 0.4045 0.4425 0.4425 0.492
-1 -1 -1 -1 -1 -1 -1 -1 -1 0.103 0.103 0.103 0.1335 0.1335 0.1337 0.1337 0.1091 0.1091 0.15 0.15 0.15 0.532 0.532 0.524 0.524 0.562 0.562 0.562 0.448 0.448 0.4745 0.4745 0.428 0.428 0.428 0.4355 0.4355 0.428 0.428 0.4235 0.4235 0.4235 0.4355 0.4355 0.3815 0.3815 0.412 0.412 0.412 0.3935 0.3935 0.3915 0.3915 0.3905 0.3905 0.435 0.435 0.435 0.3875 0.3875 0.4015 0.4015 0.4015 0.4015 0.4015 0.4495 0.4495 0.439 0.439 0.4225 0.4225 0.4225 0.4045 0.4045 0.4425 0.4425 0.492
-1 -1 -1 -1 -1 -1 -1 -1 -1 0.103 0.103 0.103 0.1335 0.1335 0.1337 0.1337 0.1091 0.1091 0.15 0.15 0.15 0.532 0.532 0.524 0.524 0.562 0.562 0.562 0.448 0.448 0.4745 0.4745 0.428 0.428 0.428 0.4355 0.4355 0.428 0.428 0.4235 0.4235 0.4235 0.4355 0.4355 0.3815 0.3815 0.412 0.412 0.412 0.3935 0.3935 0.3915 0.3915 0.3905 0.3905 0.435 0.435 0.435 0.3875 0.3875 0.4015 0.4015 0.4015 0.4015 0.4015 0.4495 0.4495 0.439 0.439 0.4225 0.4225 0.4225 0.4045 0.4045 0.4425 0.4425 0.492
-1 -1 -1 -1 -1 -1 -1 -1 -1 -1 -1 -1 0.0782 0.0782 0.0782 0.0782 0.1042 0.1042 0.1215 0.1215 0.1215 0.455 0.455 0.5325 0.5325 0.553 0.553 0.553 0.501 0.501 0.478 0.478 0.484 0.484 0.484 0.4315 0.4315 0.4305 0.4305 0.47 0.47 0.47 0.45 0.45 0.4395 0.4395 0.4485 0.4485 0.4485 0.4365 0.4365 0.426 0.426 0.4325 0.4325 0.361 0.361 0.361 0.3935 0.3935 0.4415 0.4415 0.4415 0.4415 0.4415 0.4565 0.4565 0.531 0.531 0.524 0.524 0.524 0.4575 0.4575 0.5085 0.5085 0.5415
-1 -1 -1 -1 -1 -1 -1 -1 -1 -1 -1 -1 0.0782 0.0782 0.0782 0.0782 0.1042 0.1042 0.1215 0.1215 0.1215 0.455 0.455 0.5325 0.5325 0.553 0.553 0.553 0.501 0.501 0.478 0.478 0.484 0.484 0.484 0.4315 0.4315 0.4305 0.4305 0.47 0.47 0.47 0.45 0.45 0.4395 0.4395 0.4485 0.4485 0.4485 0.4365 0.4365 0.426 0.426 0.4325 0.4325 0.361 0.361 0.361 0.3935 0.3935 0.4415 0.4415 0.4415 0.4415 0.4415 0.4565 0.4565 0.531 0.531 0.524 0.524 0.524 0.4575 0.4575 0.5085 0.5085 0.5415
-1 -1 -1 -1 -1 -1 -1 -1 -1 -1 -1 -1 -1 -1 -1 -1 -1 -1 0.0737 0.0737 0.0737 0.3205 0.3205 0.44 0.44 0.4815 0.4815 0.4815 0.4775 0.4775 0.439 0.439 0.426 0.426 0.426 0.357 0.357 0.44 0.44 0.432 0.432 0.432 0.4485 0.4485 0.461 0.461 0.46 0.46 0.46 0.5125 0.5125 0.5345 0.5345 0.4385 0.4385 0.4105 0.4105 0.4105 0.4495 0.4495 0.4365 0.4365 0.4365 0.4365 0.4365 0.5115 0.5115 0.511 0.511 0.518 0.518 0.518 0.5105 0.5105 0.488 0.488 0.4645
-1 -1 -1 -1 -1 -1 -1 -1 -1 -1 -1 -1 -1 -1 -1 -1 -1 -1 0.0737 0.0737 0.0737 0.3205 0.3205 0.44 0.44 0.4815 0.4815 0.4815 0.4775 0.4775 0.439 0.439 0.426 0.426 0.426 0.357 0.357 0.44 0.44 0.432 0.432 0.432 0.4485 0.4485 0.461 0.461 0.46 0.46 0.46 0.5125 0.5125 0.5345 0.5345 0.4385 0.4385 0.4105 0.4105 0.4105 0.4495 0.4495 0.4365 0.4365 0.4365 0.4365 0.4365 0.5115 0.5115 0.511 0.511 0.518 0.518 0.518 0.5105 0.5105 0.488 0.488 0.4645
-1 -1 -1 -1 -1 -1 -1 -1 -1 -1 -1 -1 -1 -1 -1 -1 -1 -1 -1 -1 -1 0.24 0.24 0.261 0.261 0.4925 0.4925 0.4925 0.446 0.446 0.5165 0.5165 0.419 0.419 0.419 0.3885 0.3885 0.423 0.423 0.434 0.434 0.434 0.4265 0.4265 0.425 0.425 0.4745 0.4745 0.4745 0.5445 0.5445 0.44 0.44 0.5085 0.5085 0.4495 0.4495 0.4495 0.448 0.448 0.4545 0.4545 0.4545 0.4545 0.4545 0.4195 0.4195 0.4865 0.4865 0.4645 0.4645 0.4645 0.4975 0.4975 0.5305 0.5305 0.4735
-1 -1 -1 -1 -1 -1 -1 -1 -1 -1 -1 -1 -1 -1 -1 -1 -1 -1 -1 -1 -1 0.24 0.24 0.261 0.261 0.4925 0.4925 0.4925 0.446 0.446 0.5165 0.5165 0.419 0.419 0.419 0.3885 0.3885 0.423 0.423 0.434 0.434 0.434 0.4265 0.4265 0.425 0.425 0.4745 0.4745 0.4745 0.5445 0.5445 0.44 0.44 0.5085 0.5085 0.4495 0.4495 0.4495 0.448 0.448 0.4545 0.4545 0.4545 0.4545 0.4545 0.4195 0.4195 0.4865 0.4865 0.4645 0.4645 0.4645 0.4975 0.4975 0.5305 0.5305 0.4735
-1 -1 -1 -1 -1 -1 -1 -1 -1 -1 -1 -1 -1 -1 -1 -1 -1 -1 -1 -1 -1 0.0927 0.0927 0.3745 0.3745 0.422 0.422 0.422 0.5325 0.5325 0.561 0.561 0.4905 0.4905 0.4905 0.4555 0.4555 0.4185 0.4185 0.329 0.329 0.329 0.4255 0.4255 0.412 0.412 0.4645 0.4645 0.4645 0.4045 0.4045 0.4805 0.4805 0.528 0.528 0.478 0.478 0.478 0.444 0.444 0.4495 0.4495 0.4495 0.4495 0.4495 0.4275 0.4275 0.4085 0.4085 0.4045 0.4045 0.4045 0.3975 0.3975 0.448 0.448 0.4
-1 -1 -1 -1 -1 -1 -1 -1 -1 -1 -1 -1 -1 -1 -1 -1 -1 -1 -1 -1 -1 0.0927 0.0927 0.3745 0.3745 0.422 0.422 0.422 0.5325 0.5325 0.561 0.561 0.4905 0.4905 0.4905 0.4555 0.4555 0.4185 0.4185 0.329 0.329 0.329 0.4255 0.4255 0.412 0.412 0.4645 0.4645 0.4645 0.4045 0.4045 0.4805 0.4805 0.528 0.528 0.478 0.478 0.478 0.444 0.444 0.4495 0.4495 0.4495 0.4495 0.4495 0.4275 0.4275 0.4085 0.4085 0.4045 0.4045 0.4045 0.3975 0.3975 0.448 0.448 0.4
-1 -1 -1 -1 -1 -1 -1 -1 -1 -1 -1 -1 -1 -1 -1 -1 -1 -1 -1 -1 -1 0.0927 0.0927 0.3745 0.3745 0.422 0.422 0.422 0.5325 0.5325 0.561 0.561 0.4905 0.4905 0.4905 0.4555 0.4555 0.4185 0.4185 0.329 0.329 0.329 0.4255 0.4255 0.412 0.412 0.4645 0.4645 0.4645 0.4045 0.4045 0.4805 0.4805 0.528 0.528 0.478 0.478 0.478 0.444 0.444 0.4495 0.4495 0.4495 0.4495 0.4495 0.4275 0.4275 0.4085 0.4085 0.4045 0.4045 0.4045 0.3975 0.3975 0.448 0.448 0.4
-1 -1 -1 -1 -1 -1 -1 -1 -1 -1 -1 -1 -1 -1 -1 -1 -1 -1 -1 -1 -1 -1 -1 0.765 0.765 0.2445 0.2445 0.2445 0.418 0.418 0.5145 0.5145 0.4685 0.4685 0.4685 0.3375 0.3375 0.196 0.196 0.194 0.194 0.194 0.385 0.385 0.39 0.39 0.433 0.433 0.433 0.448 0.448 0.503 0.503 0.541 0.541 0.539 0.539 0.539 0.5725 0.5725 0.4805 0.4805 0.4805 0.4805 0.4805 0.4495 0.4495 0.426 0.426 0.377 0.377 0.377 0.4355 0.4355 0.448 0.448 0.4675
-1 -1 -1 -1 -1 -1 -1 -1 -1 -1 -1 -1 -1 -1 -1 -1 -1 -1 -1 -1 -1 -1 -1 0.765 0.765 0.2445 0.2445 0.2445 0.418 0.418 0.5145 0.5145 0.4685 0.4685 0.4685 0.3375 0.3375 0.196 0.196 0.194 0.194 0.194 0.385 0.385 0.39 0.39 0.433 0.433 0.433 0.448 0.448 0.503 0.503 0.541 0.541 0.539 0.539 0.539 0.5725 0.5725 0.4805 0.4805 0.4805 0.4805 0.4805 0.4495 0.4495 0.426 0.426 0.377 0.377 0.377 0.4355 0.4355 0.448 0.448 0.4675
-1 -1 -1 -1 -1 -1 -1 -1 -1 -1 -1 -1 -1 -1 -1 -1 -1 -1 -1 -1 -1 -1 -1 -1 -1 0.2765 0.2765 0.2765 0.29 0.29 0.382 0.382 0.337 0.337 0.337 0.1655 0.1655 0.1755 0.1755 0.182 0.182 0.182 0.396 0.396 0.3645 0.3645 0.488 0.488 0.488 0.425 0.425 0.551 0.551 0.583 0.583 0.603 0.603 0.603 0.6045 0.6045 0.5015 0.5015 0.5015 0.5015 0.5015 0.4975 0.4975 0.4925 0.4925 0.5315 0.5315 0.5315 0.4265 0.4265 0.4245 0.4245 0.4475
-1 -1 -1 -1 -1 -1 -1 -1 -1 -1 -1 -1 -1 -1 -1 -1 -1 -1 -1 -1 -1 -1 -1 -1 -1 0.2765 0.2765 0.2765 0.29 0.29 0.382 0.382 0.337 0.337 0.337 0.1655 0.1655 0.1755 0.1755 0.182 0.182 0.182 0.396 0.396 0.3645 0.3645 0.488 0.488 0.488 0.425 0.425 0.551 0.551 0.583 0.583 0.603 0.603 0.603 0.6045 0.6045 0.5015 0.5015 0.5015 0.5015 0.5015 0.4975 0.4975 0.4925 0.4925 0.5315 0.5315 0.5315 0.4265 0.4265 0.4245 0.4245 0.4475
-1 -1 -1 -1 -1 -1 -1 -1 -1 -1 -1 -1 -1 -1 -1 -1 -1 -1 -1 -1 -1 -1 -1 -1 -1 0.0761 0.0761 0.0761 0.144 0.144 0.3015 0.3015 0.268 0.268 0.268 0.2455 0.2455 0.333 0.333 0.3675 0.3675 0.3675 0.59 0.59 0.496 0.496 0.5255 0.5255 0.5255 0.3845 0.3845 0.5434999 0.5434999 0.547 0.547 0.5115 0.5115 0.5115 0.515 0.515 0.4955 0.4955 0.4955 0.4955 0.4955 0.4505 0.4505 0.4255 0.4255 0.4285 0.4285 0.4285 0.417 0.417 0.4125 0.4125 0.419
-1 -1 -1 -1 -1 -1 -1 -1 -1 -1 -1 -1 -1 -1 -1 -1 -1 -1 -1 -1 -1 -1 -1 -1 -1 0.0761 0.0761 0.0761 0.144 0.144 0.3015 0.3015 0.268 0.268 0.268 0.2455 0.2455 0.333 0.333 0.3675 0.3675 0.3675 0.59 0.59 0.496 0.496 0.5255 0.5255 0.5255 0.3845 0.3845 0.5434999 0.5434999 0.547 0.547 0.5115 0.5115 0.5115 0.515 0.515 0.4955 0.4955 0.4955 0.4955 0.4955 0.4505 0.4505 0.4255 0.4255 0.4285 0.4285 0.4285 0.417 0.417 0.4125 0.4125 0.419
-1 -1 -1 -1 -1 -1 -1 -1 -1 -1 -1 -1 -1 -1 -1 -1 -1 -1 -1 -1 -1 -1 -1 -1 -1 0.0761 0.0761 0.0761 0.144 0.144 0.3015 0.3015 0.268 0.268 0.268 0.2455 0.2455 0.333 0.333 0.3675 0.3675 0.3675 0.59 0.59 0.496 0.496 0.5255 0.5255 0.5255 0.3845 0.3845 0.5434999 0.5434999 0.547 0.547 0.5115 0.5115 0.5115 0.515 0.515 0.4955 0.4955 0.4955 0.4955 0.4955 0.4505 0.4505 0.4255 0.4255 0.4285 0.4285 0.4285 0.417 0.417 0.4125 0.4125 0.419
