ndvi/NOAA-249.asc
ncols         252
nrows         154
xllcorner     -18.017974
yllcorner     13.481982
cellsize      0.035948
NODATA_value  -9999
[rows 68 to 101 of 154, columns 154 to 230 of 252]
0.183 0.193 0.193 0.196 0.196 0.196 0.211 0.211 0.223 0.223 0.23 0.23 0.247 0.247 0.247 0.293 0.293 0.322 0.322 0.341 0.341 0.341 0.298 0.298 0.2865 0.2865 0.2685 0.2685 0.2685 0.298 0.298 0.2955 0.2955 0.2765 0.2765 0.2765 0.267 0.267 0.299 0.299 0.322 0.322 0.322 0.346 0.346 0.3405 0.3405 0.312 0.312 0.303 0.303 0.303 0.269 0.269 0.298 0.298 0.325 0.325 0.325 0.286 0.286 0.2535 0.2535 0.245 0.245 0.245 0.239 0.239 0.2585 0.2585 0.293 0.293 0.293 0.3315 0.3315 0.336 0.336
0.227 0.213 0.213 0.236 0.236 0.236 0.2385 0.2385 0.2465 0.2465 0.2465 0.2465 0.288 0.288 0.288 0.321 0.321 0.353 0.353 0.388 0.388 0.388 0.3705 0.3705 0.354 0.354 0.3285 0.3285 0.3285 0.2665 0.2665 0.279 0.279 0.265 0.265 0.265 0.264 0.264 0.2925 0.2925 0.3305 0.3305 0.3305 0.3315 0.3315 0.3305 0.3305 0.361 0.361 0.32 0.32 0.32 0.296 0.296 0.2975 0.2975 0.2905 0.2905 0.2905 0.2715 0.2715 0.262 0.262 0.2305 0.2305 0.2305 0.257 0.257 0.2615 0.2615 0.3075 0.3075 0.3075 0.345 0.345 0.2765 0.2765
0.227 0.213 0.213 0.236 0.236 0.236 0.2385 0.2385 0.2465 0.2465 0.2465 0.2465 0.288 0.288 0.288 0.321 0.321 0.353 0.353 0.388 0.388 0.388 0.3705 0.3705 0.354 0.354 0.3285 0.3285 0.3285 0.2665 0.2665 0.279 0.279 0.265 0.265 0.265 0.264 0.264 0.2925 0.2925 0.3305 0.3305 0.3305 0.3315 0.3315 0.3305 0.3305 0.361 0.361 0.32 0.32 0.32 0.296 0.296 0.2975 0.2975 0.2905 0.2905 0.2905 0.2715 0.2715 0.262 0.262 0.2305 0.2305 0.2305 0.257 0.257 0.2615 0.2615 0.3075 0.3075 0.3075 0.345 0.345 0.2765 0.2765
0.189 0.2285 0.2285 0.2405 0.2405 0.2405 0.2155 0.2155 0.203 0.203 0.228 0.228 0.277 0.277 0.277 0.294 0.294 0.3035 0.3035 0.302 0.302 0.302 0.305 0.305 0.293 0.293 0.327 0.327 0.327 0.282 0.282 0.2745 0.2745 0.2615 0.2615 0.2615 0.269 0.269 0.301 0.301 0.356 0.356 0.356 0.318 0.318 0.3425 0.3425 0.3695 0.3695 0.3955 0.3955 0.3955 0.392 0.392 0.318 0.318 0.312 0.312 0.312 0.3175 0.3175 0.274 0.274 0.244 0.244 0.244 0.221 0.221 0.2215 0.2215 0.2355 0.2355 0.2355 0.2625 0.2625 0.2665 0.2665
0.189 0.2285 0.2285 0.2405 0.2405 0.2405 0.2155 0.2155 0.203 0.203 0.228 0.228 0.277 0.277 0.277 0.294 0.294 0.3035 0.3035 0.302 0.302 0.302 0.305 0.305 0.293 0.293 0.327 0.327 0.327 0.282 0.282 0.2745 0.2745 0.2615 0.2615 0.2615 0.269 0.269 0.301 0.301 0.356 0.356 0.356 0.318 0.318 0.3425 0.3425 0.3695 0.3695 0.3955 0.3955 0.3955 0.392 0.392 0.318 0.318 0.312 0.312 0.312 0.3175 0.3175 0.274 0.274 0.244 0.244 0.244 0.221 0.221 0.2215 0.2215 0.2355 0.2355 0.2355 0.2625 0.2625 0.2665 0.2665
0.189 0.2285 0.2285 0.2405 0.2405 0.2405 0.2155 0.2155 0.203 0.203 0.228 0.228 0.277 0.277 0.277 0.294 0.294 0.3035 0.3035 0.302 0.302 0.302 0.305 0.305 0.293 0.293 0.327 0.327 0.327 0.282 0.282 0.2745 0.2745 0.2615 0.2615 0.2615 0.269 0.269 0.301 0.301 0.356 0.356 0.356 0.318 0.318 0.3425 0.3425 0.3695 0.3695 0.3955 0.3955 0.3955 0.392 0.392 0.318 0.318 0.312 0.312 0.312 0.3175 0.3175 0.274 0.274 0.244 0.244 0.244 0.221 0.221 0.2215 0.2215 0.2355 0.2355 0.2355 0.2625 0.2625 0.2665 0.2665
0.184 0.232 0.232 0.2185 0.2185 0.2185 0.2065 0.2065 0.2035 0.2035 0.2275 0.2275 0.246 0.246 0.246 0.2755 0.2755 0.281 0.281 0.3 0.3 0.3 0.3025 0.3025 0.274 0.274 0.373 0.373 0.373 0.3435 0.3435 0.349 0.349 0.373 0.373 0.373 0.339 0.339 0.348 0.348 0.3535 0.3535 0.3535 0.351 0.351 0.4115 0.4115 0.395 0.395 0.427 0.427 0.427 0.41 0.41 0.3675 0.3675 0.3865 0.3865 0.3865 0.3625 0.3625 0.299 0.299 0.2705 0.2705 0.2705 0.26 0.26 0.2605 0.2605 0.263 0.263 0.263 0.311 0.311 0.3015 0.3015
0.184 0.232 0.232 0.2185 0.2185 0.2185 0.2065 0.2065 0.2035 0.2035 0.2275 0.2275 0.246 0.246 0.246 0.2755 0.2755 0.281 0.281 0.3 0.3 0.3 0.3025 0.3025 0.274 0.274 0.373 0.373 0.373 0.3435 0.3435 0.349 0.349 0.373 0.373 0.373 0.339 0.339 0.348 0.348 0.3535 0.3535 0.3535 0.351 0.351 0.4115 0.4115 0.395 0.395 0.427 0.427 0.427 0.41 0.41 0.3675 0.3675 0.3865 0.3865 0.3865 0.3625 0.3625 0.299 0.299 0.2705 0.2705 0.2705 0.26 0.26 0.2605 0.2605 0.263 0.263 0.263 0.311 0.311 0.3015 0.3015
0.1305 0.186 0.186 0.2055 0.2055 0.2055 0.1785 0.1785 0.2105 0.2105 0.2095 0.2095 0.2445 0.2445 0.2445 0.287 0.287 0.2905 0.2905 0.3405 0.3405 0.3405 0.3365 0.3365 0.333 0.333 0.325 0.325 0.325 0.3515 0.3515 0.358 0.358 0.373 0.373 0.373 0.3685 0.3685 0.4075 0.4075 0.4345 0.4345 0.4345 0.3895 0.3895 0.408 0.408 0.4255 0.4255 0.4185 0.4185 0.4185 0.4215 0.4215 0.4295 0.4295 0.407 0.407 0.407 0.3885 0.3885 0.3705 0.3705 0.3605 0.3605 0.3605 0.348 0.348 0.316 0.316 0.3455 0.3455 0.3455 0.3255 0.3255 0.286 0.286
0.1305 0.186 0.186 0.2055 0.2055 0.2055 0.1785 0.1785 0.2105 0.2105 0.2095 0.2095 0.2445 0.2445 0.2445 0.287 0.287 0.2905 0.2905 0.3405 0.3405 0.3405 0.3365 0.3365 0.333 0.333 0.325 0.325 0.325 0.3515 0.3515 0.358 0.358 0.373 0.373 0.373 0.3685 0.3685 0.4075 0.4075 0.4345 0.4345 0.4345 0.3895 0.3895 0.408 0.408 0.4255 0.4255 0.4185 0.4185 0.4185 0.4215 0.4215 0.4295 0.4295 0.407 0.407 0.407 0.3885 0.3885 0.3705 0.3705 0.3605 0.3605 0.3605 0.348 0.348 0.316 0.316 0.3455 0.3455 0.3455 0.3255 0.3255 0.286 0.286
0.1255 0.138 0.138 0.18 0.18 0.18 0.1785 0.1785 0.193 0.193 0.221 0.221 0.288 0.288 0.288 0.3065 0.3065 0.357 0.357 0.334 0.334 0.334 0.337 0.337 0.3705 0.3705 0.355 0.355 0.355 0.3885 0.3885 0.3625 0.3625 0.3805 0.3805 0.3805 0.413 0.413 0.3915 0.3915 0.3975 0.3975 0.3975 0.3855 0.3855 0.402 0.402 0.3875 0.3875 0.428 0.428 0.428 0.41 0.41 0.4315 0.4315 0.427 0.427 0.427 0.417 0.417 0.3985 0.3985 0.4345 0.4345 0.4345 0.404 0.404 0.3625 0.3625 0.367 0.367 0.367 0.3025 0.3025 0.3075 0.3075
0.1255 0.138 0.138 0.18 0.18 0.18 0.1785 0.1785 0.193 0.193 0.221 0.221 0.288 0.288 0.288 0.3065 0.3065 0.357 0.357 0.334 0.334 0.334 0.337 0.337 0.3705 0.3705 0.355 0.355 0.355 0.3885 0.3885 0.3625 0.3625 0.3805 0.3805 0.3805 0.413 0.413 0.3915 0.3915 0.3975 0.3975 0.3975 0.3855 0.3855 0.402 0.402 0.3875 0.3875 0.428 0.428 0.428 0.41 0.41 0.4315 0.4315 0.427 0.427 0.427 0.417 0.417 0.3985 0.3985 0.4345 0.4345 0.4345 0.404 0.404 0.3625 0.3625 0.367 0.367 0.367 0.3025 0.3025 0.3075 0.3075
0.1475 0.138 0.138 0.1545 0.1545 0.1545 0.17 0.17 0.206 0.206 0.261 0.261 0.303 0.303 0.303 0.319 0.319 0.33 0.33 0.37 0.37 0.37 0.3905 0.3905 0.399 0.399 0.3785 0.3785 0.3785 0.365 0.365 0.367 0.367 0.3785 0.3785 0.3785 0.3755 0.3755 0.3385 0.3385 0.3375 0.3375 0.3375 0.377 0.377 0.375 0.375 0.3545 0.3545 0.387 0.387 0.387 0.4395 0.4395 0.446 0.446 0.428 0.428 0.428 0.4555 0.4555 0.448 0.448 0.4135 0.4135 0.4135 0.367 0.367 0.3605 0.3605 0.3625 0.3625 0.3625 0.3905 0.3905 0.3941 0.3941
0.1475 0.138 0.138 0.1545 0.1545 0.1545 0.17 0.17 0.206 0.206 0.261 0.261 0.303 0.303 0.303 0.319 0.319 0.33 0.33 0.37 0.37 0.37 0.3905 0.3905 0.399 0.399 0.3785 0.3785 0.3785 0.365 0.365 0.367 0.367 0.3785 0.3785 0.3785 0.3755 0.3755 0.3385 0.3385 0.3375 0.3375 0.3375 0.377 0.377 0.375 0.375 0.3545 0.3545 0.387 0.387 0.387 0.4395 0.4395 0.446 0.446 0.428 0.428 0.428 0.4555 0.4555 0.448 0.448 0.4135 0.4135 0.4135 0.367 0.367 0.3605 0.3605 0.3625 0.3625 0.3625 0.3905 0.3905 0.3941 0.3941
0.1475 0.138 0.138 0.1545 0.1545 0.1545 0.17 0.17 0.206 0.206 0.261 0.261 0.303 0.303 0.303 0.319 0.319 0.33 0.33 0.37 0.37 0.37 0.3905 0.3905 0.399 0.399 0.3785 0.3785 0.3785 0.365 0.365 0.367 0.367 0.3785 0.3785 0.3785 0.3755 0.3755 0.3385 0.3385 0.3375 0.3375 0.3375 0.377 0.377 0.375 0.375 0.3545 0.3545 0.387 0.387 0.387 0.4395 0.4395 0.446 0.446 0.428 0.428 0.428 0.4555 0.4555 0.448 0.448 0.4135 0.4135 0.4135 0.367 0.367 0.3605 0.3605 0.3625 0.3625 0.3625 0.3905 0.3905 0.3941 0.3941
0.137 0.185 0.185 0.1835 0.1835 0.1835 0.2 0.2 0.2585 0.2585 0.3395 0.3395 0.407 0.407 0.407 0.4355 0.4355 0.439 0.439 0.4715 0.4715 0.4715 0.4425 0.4425 0.4645 0.4645 0.437 0.437 0.437 0.4075 0.4075 0.384 0.384 0.3435 0.3435 0.3435 0.387 0.387 0.41 0.41 0.427 0.427 0.427 0.3915 0.3915 0.433 0.433 0.4605 0.4605 0.469 0.469 0.469 0.4885 0.4885 0.4735 0.4735 0.4375 0.4375 0.4375 0.4135 0.4135 0.409 0.409 0.4006 0.4006 0.4006 0.4311 0.4311 0.4066 0.4066 0.4321 0.4321 0.4321 0.4575 0.4575 0.472 0.472
0.137 0.185 0.185 0.1835 0.1835 0.1835 0.2 0.2 0.2585 0.2585 0.3395 0.3395 0.407 0.407 0.407 0.4355 0.4355 0.439 0.439 0.4715 0.4715 0.4715 0.4425 0.4425 0.4645 0.4645 0.437 0.437 0.437 0.4075 0.4075 0.384 0.384 0.3435 0.3435 0.3435 0.387 0.387 0.41 0.41 0.427 0.427 0.427 0.3915 0.3915 0.433 0.433 0.4605 0.4605 0.469 0.469 0.469 0.4885 0.4885 0.4735 0.4735 0.4375 0.4375 0.4375 0.4135 0.4135 0.409 0.409 0.4006 0.4006 0.4006 0.4311 0.4311 0.4066 0.4066 0.4321 0.4321 0.4321 0.4575 0.4575 0.472 0.472
0.156 0.2115 0.2115 0.2215 0.2215 0.2215 0.2185 0.2185 0.335 0.335 0.3865 0.3865 0.4135 0.4135 0.4135 0.4855 0.4855 0.535 0.535 0.4745 0.4745 0.4745 0.488 0.488 0.4491 0.4491 0.4345 0.4345 0.4345 0.361 0.361 0.2925 0.2925 0.3185 0.3185 0.3185 0.3125 0.3125 0.3725 0.3725 0.4345 0.4345 0.4345 0.483 0.483 0.4705 0.4705 0.4755 0.4755 0.4855 0.4855 0.4855 0.5085 0.5085 0.4945 0.4945 0.4486 0.4486 0.4486 0.4271 0.4271 0.4137 0.4137 0.4181 0.4181 0.4181 0.4636 0.4636 0.4805 0.4805 0.4885 0.4885 0.4885 0.4845 0.4845 0.452 0.452
0.156 0.2115 0.2115 0.2215 0.2215 0.2215 0.2185 0.2185 0.335 0.335 0.3865 0.3865 0.4135 0.4135 0.4135 0.4855 0.4855 0.535 0.535 0.4745 0.4745 0.4745 0.488 0.488 0.4491 0.4491 0.4345 0.4345 0.4345 0.361 0.361 0.2925 0.2925 0.3185 0.3185 0.3185 0.3125 0.3125 0.3725 0.3725 0.4345 0.4345 0.4345 0.483 0.483 0.4705 0.4705 0.4755 0.4755 0.4855 0.4855 0.4855 0.5085 0.5085 0.4945 0.4945 0.4486 0.4486 0.4486 0.4271 0.4271 0.4137 0.4137 0.4181 0.4181 0.4181 0.4636 0.4636 0.4805 0.4805 0.4885 0.4885 0.4885 0.4845 0.4845 0.452 0.452
0.223 0.2645 0.2645 0.272 0.272 0.272 0.275 0.275 0.316 0.316 0.417 0.417 0.4595 0.4595 0.4595 0.5115 0.5115 0.546 0.546 0.4945 0.4945 0.4945 0.4585 0.4585 0.4196 0.4196 0.393 0.393 0.393 0.3085 0.3085 0.309 0.309 0.295 0.295 0.295 0.305 0.305 0.373 0.373 0.5275 0.5275 0.5275 0.535 0.535 0.5035 0.5035 0.514 0.514 0.4935 0.4935 0.4935 0.448 0.448 0.489 0.489 0.48 0.48 0.48 0.444 0.444 0.4141 0.4141 0.411 0.411 0.411 0.439 0.439 0.438 0.438 0.4715 0.4715 0.4715 0.477 0.477 0.486 0.486
0.223 0.2645 0.2645 0.272 0.272 0.272 0.275 0.275 0.316 0.316 0.417 0.417 0.4595 0.4595 0.4595 0.5115 0.5115 0.546 0.546 0.4945 0.4945 0.4945 0.4585 0.4585 0.4196 0.4196 0.393 0.393 0.393 0.3085 0.3085 0.309 0.309 0.295 0.295 0.295 0.305 0.305 0.373 0.373 0.5275 0.5275 0.5275 0.535 0.535 0.5035 0.5035 0.514 0.514 0.4935 0.4935 0.4935 0.448 0.448 0.489 0.489 0.48 0.48 0.48 0.444 0.444 0.4141 0.4141 0.411 0.411 0.411 0.439 0.439 0.438 0.438 0.4715 0.4715 0.4715 0.477 0.477 0.486 0.486
0.223 0.2645 0.2645 0.272 0.272 0.272 0.275 0.275 0.316 0.316 0.417 0.417 0.4595 0.4595 0.4595 0.5115 0.5115 0.546 0.546 0.4945 0.4945 0.4945 0.4585 0.4585 0.4196 0.4196 0.393 0.393 0.393 0.3085 0.3085 0.309 0.309 0.295 0.295 0.295 0.305 0.305 0.373 0.373 0.5275 0.5275 0.5275 0.535 0.535 0.5035 0.5035 0.514 0.514 0.4935 0.4935 0.4935 0.448 0.448 0.489 0.489 0.48 0.48 0.48 0.444 0.444 0.4141 0.4141 0.411 0.411 0.411 0.439 0.439 0.438 0.438 0.4715 0.4715 0.4715 0.477 0.477 0.486 0.486
0.2635 0.2745 0.2745 0.284 0.284 0.284 0.278 0.278 0.3535 0.3535 0.4375 0.4375 0.5005 0.5005 0.5005 0.5435 0.5435 0.594 0.594 0.536 0.536 0.536 0.435 0.435 0.415 0.415 0.3605 0.3605 0.3605 0.336 0.336 0.3475 0.3475 0.3475 0.3475 0.3475 0.387 0.387 0.4385 0.4385 0.4815 0.4815 0.4815 0.52 0.52 0.4725 0.4725 0.45 0.45 0.412 0.412 0.412 0.43 0.43 0.4885 0.4885 0.4705 0.4705 0.4705 0.4201 0.4201 0.413 0.413 0.4262 0.4262 0.4262 0.405 0.405 0.426 0.426 0.497 0.497 0.497 0.4685 0.4685 0.4301 0.4301
0.2635 0.2745 0.2745 0.284 0.284 0.284 0.278 0.278 0.3535 0.3535 0.4375 0.4375 0.5005 0.5005 0.5005 0.5435 0.5435 0.594 0.594 0.536 0.536 0.536 0.435 0.435 0.415 0.415 0.3605 0.3605 0.3605 0.336 0.336 0.3475 0.3475 0.3475 0.3475 0.3475 0.387 0.387 0.4385 0.4385 0.4815 0.4815 0.4815 0.52 0.52 0.4725 0.4725 0.45 0.45 0.412 0.412 0.412 0.43 0.43 0.4885 0.4885 0.4705 0.4705 0.4705 0.4201 0.4201 0.413 0.413 0.4262 0.4262 0.4262 0.405 0.405 0.426 0.426 0.497 0.497 0.497 0.4685 0.4685 0.4301 0.4301
0.281 0.3175 0.3175 0.3175 0.3175 0.3175 0.335 0.335 0.4185 0.4185 0.453 0.453 0.506 0.506 0.506 0.565 0.565 0.5605 0.5605 0.449 0.449 0.449 0.4636 0.4636 0.406 0.406 0.366 0.366 0.366 0.3745 0.3745 0.427 0.427 0.4375 0.4375 0.4375 0.47 0.47 0.478 0.478 0.4475 0.4475 0.4475 0.4215 0.4215 0.4365 0.4365 0.441 0.441 0.4045 0.4045 0.4045 0.4165 0.4165 0.411 0.411 0.3605 0.3605 0.3605 0.4485 0.4485 0.4385 0.4385 0.4446 0.4446 0.4446 0.431 0.431 0.4515 0.4515 0.4925 0.4925 0.4925 0.4695 0.4695 0.458 0.458
0.281 0.3175 0.3175 0.3175 0.3175 0.3175 0.335 0.335 0.4185 0.4185 0.453 0.453 0.506 0.506 0.506 0.565 0.565 0.5605 0.5605 0.449 0.449 0.449 0.4636 0.4636 0.406 0.406 0.366 0.366 0.366 0.3745 0.3745 0.427 0.427 0.4375 0.4375 0.4375 0.47 0.47 0.478 0.478 0.4475 0.4475 0.4475 0.4215 0.4215 0.4365 0.4365 0.441 0.441 0.4045 0.4045 0.4045 0.4165 0.4165 0.411 0.411 0.3605 0.3605 0.3605 0.4485 0.4485 0.4385 0.4385 0.4446 0.4446 0.4446 0.431 0.431 0.4515 0.4515 0.4925 0.4925 0.4925 0.4695 0.4695 0.458 0.458
0.3265 0.3565 0.3565 0.3755 0.3755 0.3755 0.373 0.373 0.416 0.416 0.424 0.424 0.477 0.477 0.477 0.5 0.5 0.4905 0.4905 0.393 0.393 0.393 0.356 0.356 0.324 0.324 0.334 0.334 0.334 0.43 0.43 0.472 0.472 0.475 0.475 0.475 0.4715 0.4715 0.421 0.421 0.4855 0.4855 0.4855 0.492 0.492 0.52 0.52 0.4945 0.4945 0.4505 0.4505 0.4505 0.4235 0.4235 0.394 0.394 0.4435 0.4435 0.4435 0.4315 0.4315 0.435 0.435 0.4365 0.4365 0.4365 0.4495 0.4495 0.475 0.475 0.502 0.502 0.502 0.4655 0.4655 0.451 0.451
0.3265 0.3565 0.3565 0.3755 0.3755 0.3755 0.373 0.373 0.416 0.416 0.424 0.424 0.477 0.477 0.477 0.5 0.5 0.4905 0.4905 0.393 0.393 0.393 0.356 0.356 0.324 0.324 0.334 0.334 0.334 0.43 0.43 0.472 0.472 0.475 0.475 0.475 0.4715 0.4715 0.421 0.421 0.4855 0.4855 0.4855 0.492 0.492 0.52 0.52 0.4945 0.4945 0.4505 0.4505 0.4505 0.4235 0.4235 0.394 0.394 0.4435 0.4435 0.4435 0.4315 0.4315 0.435 0.435 0.4365 0.4365 0.4365 0.4495 0.4495 0.475 0.475 0.502 0.502 0.502 0.4655 0.4655 0.451 0.451
0.3265 0.3565 0.3565 0.3755 0.3755 0.3755 0.373 0.373 0.416 0.416 0.424 0.424 0.477 0.477 0.477 0.5 0.5 0.4905 0.4905 0.393 0.393 0.393 0.356 0.356 0.324 0.324 0.334 0.334 0.334 0.43 0.43 0.472 0.472 0.475 0.475 0.475 0.4715 0.4715 0.421 0.421 0.4855 0.4855 0.4855 0.492 0.492 0.52 0.52 0.4945 0.4945 0.4505 0.4505 0.4505 0.4235 0.4235 0.394 0.394 0.4435 0.4435 0.4435 0.4315 0.4315 0.435 0.435 0.4365 0.4365 0.4365 0.4495 0.4495 0.475 0.475 0.502 0.502 0.502 0.4655 0.4655 0.451 0.451
0.365 0.4195 0.4195 0.361 0.361 0.361 0.363 0.363 0.407 0.407 0.441 0.441 0.4075 0.4075 0.4075 0.4425 0.4425 0.4235 0.4235 0.393 0.393 0.393 0.381 0.381 0.3545 0.3545 0.375 0.375 0.375 0.43 0.43 0.4845 0.4845 0.472 0.472 0.472 0.513 0.513 0.5435 0.5435 0.4855 0.4855 0.4855 0.528 0.528 0.508 0.508 0.4985 0.4985 0.462 0.462 0.462 0.4645 0.4645 0.4365 0.4365 0.443 0.443 0.443 0.401 0.401 0.44 0.44 0.43 0.43 0.43 0.4315 0.4315 0.4405 0.4405 0.4885 0.4885 0.4885 0.49 0.49 0.5035 0.5035
0.365 0.4195 0.4195 0.361 0.361 0.361 0.363 0.363 0.407 0.407 0.441 0.441 0.4075 0.4075 0.4075 0.4425 0.4425 0.4235 0.4235 0.393 0.393 0.393 0.381 0.381 0.3545 0.3545 0.375 0.375 0.375 0.43 0.43 0.4845 0.4845 0.472 0.472 0.472 0.513 0.513 0.5435 0.5435 0.4855 0.4855 0.4855 0.528 0.528 0.508 0.508 0.4985 0.4985 0.462 0.462 0.462 0.4645 0.4645 0.4365 0.4365 0.443 0.443 0.443 0.401 0.401 0.44 0.44 0.43 0.43 0.43 0.4315 0.4315 0.4405 0.4405 0.4885 0.4885 0.4885 0.49 0.49 0.5035 0.5035
0.492 0.491 0.491 0.3515 0.3515 0.3515 0.331 0.331 0.4015 0.4015 0.425 0.425 0.43 0.43 0.43 0.456 0.456 0.413 0.413 0.4665 0.4665 0.4665 0.474 0.474 0.4465 0.4465 0.452 0.452 0.452 0.481 0.481 0.495 0.495 0.474 0.474 0.474 0.521 0.521 0.5295 0.5295 0.495 0.495 0.495 0.4745 0.4745 0.483 0.483 0.4345 0.4345 0.426 0.426 0.426 0.354 0.354 0.35 0.35 0.419 0.419 0.419 0.444 0.444 0.4515 0.4515 0.4015 0.4015 0.4015 0.419 0.419 0.438 0.438 0.449 0.449 0.449 0.4815 0.4815 0.4875 0.4875
0.492 0.491 0.491 0.3515 0.3515 0.3515 0.331 0.331 0.4015 0.4015 0.425 0.425 0.43 0.43 0.43 0.456 0.456 0.413 0.413 0.4665 0.4665 0.4665 0.474 0.474 0.4465 0.4465 0.452 0.452 0.452 0.481 0.481 0.495 0.495 0.474 0.474 0.474 0.521 0.521 0.5295 0.5295 0.495 0.495 0.495 0.4745 0.4745 0.483 0.483 0.4345 0.4345 0.426 0.426 0.426 0.354 0.354 0.35 0.35 0.419 0.419 0.419 0.444 0.444 0.4515 0.4515 0.4015 0.4015 0.4015 0.419 0.419 0.438 0.438 0.449 0.449 0.449 0.4815 0.4815 0.4875 0.4875
0.4995 0.461 0.461 0.381 0.381 0.381 0.3385 0.3385 0.3915 0.3915 0.4555 0.4555 0.491 0.491 0.491 0.4505 0.4505 0.4411 0.4411 0.428 0.428 0.428 0.459 0.459 0.417 0.417 0.428 0.428 0.428 0.49 0.49 0.4576 0.4576 0.4445 0.4445 0.4445 0.4795 0.4795 0.472 0.472 0.486 0.486 0.486 0.482 0.482 0.445 0.445 0.4055 0.4055 0.371 0.371 0.371 0.3345 0.3345 0.384 0.384 0.47 0.47 0.47 0.436 0.436 0.4505 0.4505 0.4575 0.4575 0.4575 0.4015 0.4015 0.408 0.408 0.4435 0.4435 0.4435 0.4355 0.4355 0.421 0.421
