ndvi/NOAA-313.asc
ncols         252
nrows         154
xllcorner     -18.017974
yllcorner     13.481982
cellsize      0.035948
NODATA_value  -9999
[rows 68 to 101 of 154, columns 154 to 230 of 252]
0.19 0.135 0.135 0.157 0.157 0.157 0.1465 0.1465 0.175 0.175 0.2015 0.2015 0.233 0.233 0.233 0.246 0.246 0.2355 0.2355 0.23 0.23 0.23 0.237 0.237 0.244 0.244 0.225 0.225 0.225 0.223 0.223 0.2135 0.2135 0.222 0.222 0.222 0.205 0.205 0.21 0.21 0.222 0.222 0.222 0.256 0.256 0.229 0.229 0.2305 0.2305 0.246 0.246 0.246 0.2395 0.2395 0.26 0.26 0.2485 0.2485 0.2485 0.244 0.244 0.221 0.221 0.221 0.221 0.221 0.2145 0.2145 0.2825 0.2825 0.2375 0.2375 0.2375 0.2275 0.2275 0.202 0.202
0.1705 0.1685 0.1685 0.166 0.166 0.166 0.171 0.171 0.197 0.197 0.18 0.18 0.233 0.233 0.233 0.231 0.231 0.224 0.224 0.221 0.221 0.221 0.2335 0.2335 0.2385 0.2385 0.2275 0.2275 0.2275 0.2265 0.2265 0.2325 0.2325 0.2535 0.2535 0.2535 0.239 0.239 0.2345 0.2345 0.246 0.246 0.246 0.2425 0.2425 0.235 0.235 0.233 0.233 0.2295 0.2295 0.2295 0.2415 0.2415 0.2345 0.2345 0.2255 0.2255 0.2255 0.2515 0.2515 0.2385 0.2385 0.231 0.231 0.231 0.1955 0.1955 0.2075 0.2075 0.24 0.24 0.24 0.2435 0.2435 0.2095 0.2095
0.1705 0.1685 0.1685 0.166 0.166 0.166 0.171 0.171 0.197 0.197 0.18 0.18 0.233 0.233 0.233 0.231 0.231 0.224 0.224 0.221 0.221 0.221 0.2335 0.2335 0.2385 0.2385 0.2275 0.2275 0.2275 0.2265 0.2265 0.2325 0.2325 0.2535 0.2535 0.2535 0.239 0.239 0.2345 0.2345 0.246 0.246 0.246 0.2425 0.2425 0.235 0.235 0.233 0.233 0.2295 0.2295 0.2295 0.2415 0.2415 0.2345 0.2345 0.2255 0.2255 0.2255 0.2515 0.2515 0.2385 0.2385 0.231 0.231 0.231 0.1955 0.1955 0.2075 0.2075 0.24 0.24 0.24 0.2435 0.2435 0.2095 0.2095
0.18 0.186 0.186 0.195 0.195 0.195 0.1765 0.1765 0.194 0.194 0.1765 0.1765 0.2535 0.2535 0.2535 0.2325 0.2325 0.241 0.241 0.2285 0.2285 0.2285 0.231 0.231 0.2205 0.2205 0.213 0.213 0.213 0.23 0.23 0.235 0.235 0.2335 0.2335 0.2335 0.25 0.25 0.233 0.233 0.2595 0.2595 0.2595 0.241 0.241 0.221 0.221 0.228 0.228 0.24 0.24 0.24 0.2435 0.2435 0.23 0.23 0.214 0.214 0.214 0.221 0.221 0.227 0.227 0.213 0.213 0.213 0.22 0.22 0.238 0.238 0.243 0.243 0.243 0.229 0.229 0.3015 0.3015
0.18 0.186 0.186 0.195 0.195 0.195 0.1765 0.1765 0.194 0.194 0.1765 0.1765 0.2535 0.2535 0.2535 0.2325 0.2325 0.241 0.241 0.2285 0.2285 0.2285 0.231 0.231 0.2205 0.2205 0.213 0.213 0.213 0.23 0.23 0.235 0.235 0.2335 0.2335 0.2335 0.25 0.25 0.233 0.233 0.2595 0.2595 0.2595 0.241 0.241 0.221 0.221 0.228 0.228 0.24 0.24 0.24 0.2435 0.2435 0.23 0.23 0.214 0.214 0.214 0.221 0.221 0.227 0.227 0.213 0.213 0.213 0.22 0.22 0.238 0.238 0.243 0.243 0.243 0.229 0.229 0.3015 0.3015
0.18 0.186 0.186 0.195 0.195 0.195 0.1765 0.1765 0.194 0.194 0.1765 0.1765 0.2535 0.2535 0.2535 0.2325 0.2325 0.241 0.241 0.2285 0.2285 0.2285 0.231 0.231 0.2205 0.2205 0.213 0.213 0.213 0.23 0.23 0.235 0.235 0.2335 0.2335 0.2335 0.25 0.25 0.233 0.233 0.2595 0.2595 0.2595 0.241 0.241 0.221 0.221 0.228 0.228 0.24 0.24 0.24 0.2435 0.2435 0.23 0.23 0.214 0.214 0.214 0.221 0.221 0.227 0.227 0.213 0.213 0.213 0.22 0.22 0.238 0.238 0.243 0.243 0.243 0.229 0.229 0.3015 0.3015
0.2485 0.1755 0.1755 0.17 0.17 0.17 0.1995 0.1995 0.1825 0.1825 0.186 0.186 0.234 0.234 0.234 0.2365 0.2365 0.234 0.234 0.2395 0.2395 0.2395 0.2255 0.2255 0.211 0.211 0.237 0.237 0.237 0.2515 0.2515 0.2575 0.2575 0.242 0.242 0.242 0.2475 0.2475 0.2535 0.2535 0.2375 0.2375 0.2375 0.2625 0.2625 0.238 0.238 0.2245 0.2245 0.225 0.225 0.225 0.2325 0.2325 0.2385 0.2385 0.2205 0.2205 0.2205 0.232 0.232 0.221 0.221 0.238 0.238 0.238 0.2345 0.2345 0.235 0.235 0.2335 0.2335 0.2335 0.2505 0.2505 0.248 0.248
0.2485 0.1755 0.1755 0.17 0.17 0.17 0.1995 0.1995 0.1825 0.1825 0.186 0.186 0.234 0.234 0.234 0.2365 0.2365 0.234 0.234 0.2395 0.2395 0.2395 0.2255 0.2255 0.211 0.211 0.237 0.237 0.237 0.2515 0.2515 0.2575 0.2575 0.242 0.242 0.242 0.2475 0.2475 0.2535 0.2535 0.2375 0.2375 0.2375 0.2625 0.2625 0.238 0.238 0.2245 0.2245 0.225 0.225 0.225 0.2325 0.2325 0.2385 0.2385 0.2205 0.2205 0.2205 0.232 0.232 0.221 0.221 0.238 0.238 0.238 0.2345 0.2345 0.235 0.235 0.2335 0.2335 0.2335 0.2505 0.2505 0.248 0.248
0.1885 0.1985 0.1985 0.184 0.184 0.184 0.169 0.169 0.1925 0.1925 0.1865 0.1865 0.236 0.236 0.236 0.241 0.241 0.245 0.245 0.2355 0.2355 0.2355 0.237 0.237 0.233 0.233 0.247 0.247 0.247 0.25 0.25 0.2635 0.2635 0.262 0.262 0.262 0.232 0.232 0.2375 0.2375 0.22 0.22 0.22 0.2365 0.2365 0.216 0.216 0.2185 0.2185 0.226 0.226 0.226 0.223 0.223 0.225 0.225 0.2335 0.2335 0.2335 0.2305 0.2305 0.246 0.246 0.2545 0.2545 0.2545 0.235 0.235 0.228 0.228 0.2595 0.2595 0.2595 0.248 0.248 0.2615 0.2615
0.1885 0.1985 0.1985 0.184 0.184 0.184 0.169 0.169 0.1925 0.1925 0.1865 0.1865 0.236 0.236 0.236 0.241 0.241 0.245 0.245 0.2355 0.2355 0.2355 0.237 0.237 0.233 0.233 0.247 0.247 0.247 0.25 0.25 0.2635 0.2635 0.262 0.262 0.262 0.232 0.232 0.2375 0.2375 0.22 0.22 0.22 0.2365 0.2365 0.216 0.216 0.2185 0.2185 0.226 0.226 0.226 0.223 0.223 0.225 0.225 0.2335 0.2335 0.2335 0.2305 0.2305 0.246 0.246 0.2545 0.2545 0.2545 0.235 0.235 0.228 0.228 0.2595 0.2595 0.2595 0.248 0.248 0.2615 0.2615
0.1575 0.148 0.148 0.1665 0.1665 0.1665 0.1685 0.1685 0.197 0.197 0.1955 0.1955 0.2365 0.2365 0.2365 0.236 0.236 0.246 0.246 0.2345 0.2345 0.2345 0.2195 0.2195 0.227 0.227 0.246 0.246 0.246 0.2435 0.2435 0.2335 0.2335 0.2455 0.2455 0.2455 0.2355 0.2355 0.227 0.227 0.2245 0.2245 0.2245 0.224 0.224 0.2255 0.2255 0.2065 0.2065 0.222 0.222 0.222 0.23 0.23 0.2355 0.2355 0.2335 0.2335 0.2335 0.233 0.233 0.2565 0.2565 0.2645 0.2645 0.2645 0.2555 0.2555 0.2345 0.2345 0.247 0.247 0.247 0.2565 0.2565 0.249 0.249
0.1575 0.148 0.148 0.1665 0.1665 0.1665 0.1685 0.1685 0.197 0.197 0.1955 0.1955 0.2365 0.2365 0.2365 0.236 0.236 0.246 0.246 0.2345 0.2345 0.2345 0.2195 0.2195 0.227 0.227 0.246 0.246 0.246 0.2435 0.2435 0.2335 0.2335 0.2455 0.2455 0.2455 0.2355 0.2355 0.227 0.227 0.2245 0.2245 0.2245 0.224 0.224 0.2255 0.2255 0.2065 0.2065 0.222 0.222 0.222 0.23 0.23 0.2355 0.2355 0.2335 0.2335 0.2335 0.233 0.233 0.2565 0.2565 0.2645 0.2645 0.2645 0.2555 0.2555 0.2345 0.2345 0.247 0.247 0.247 0.2565 0.2565 0.249 0.249
0.161 0.1635 0.1635 0.171 0.171 0.171 0.177 0.177 0.178 0.178 0.1925 0.1925 0.2545 0.2545 0.2545 0.237 0.237 0.2545 0.2545 0.2415 0.2415 0.2415 0.225 0.225 0.2425 0.2425 0.227 0.227 0.227 0.2315 0.2315 0.2225 0.2225 0.209 0.209 0.209 0.2075 0.2075 0.221 0.221 0.223 0.223 0.223 0.2145 0.2145 0.252 0.252 0.224 0.224 0.244 0.244 0.244 0.2375 0.2375 0.2675 0.2675 0.2445 0.2445 0.2445 0.2595 0.2595 0.2625 0.2625 0.2475 0.2475 0.2475 0.263 0.263 0.2385 0.2385 0.265 0.265 0.265 0.262 0.262 0.233 0.233
0.161 0.1635 0.1635 0.171 0.171 0.171 0.177 0.177 0.178 0.178 0.1925 0.1925 0.2545 0.2545 0.2545 0.237 0.237 0.2545 0.2545 0.2415 0.2415 0.2415 0.225 0.225 0.2425 0.2425 0.227 0.227 0.227 0.2315 0.2315 0.2225 0.2225 0.209 0.209 0.209 0.2075 0.2075 0.221 0.221 0.223 0.223 0.223 0.2145 0.2145 0.252 0.252 0.224 0.224 0.244 0.244 0.244 0.2375 0.2375 0.2675 0.2675 0.2445 0.2445 0.2445 0.2595 0.2595 0.2625 0.2625 0.2475 0.2475 0.2475 0.263 0.263 0.2385 0.2385 0.265 0.265 0.265 0.262 0.262 0.233 0.233
0.161 0.1635 0.1635 0.171 0.171 0.171 0.177 0.177 0.178 0.178 0.1925 0.1925 0.2545 0.2545 0.2545 0.237 0.237 0.2545 0.2545 0.2415 0.2415 0.2415 0.225 0.225 0.2425 0.2425 0.227 0.227 0.227 0.2315 0.2315 0.2225 0.2225 0.209 0.209 0.209 0.2075 0.2075 0.221 0.221 0.223 0.223 0.223 0.2145 0.2145 0.252 0.252 0.224 0.224 0.244 0.244 0.244 0.2375 0.2375 0.2675 0.2675 0.2445 0.2445 0.2445 0.2595 0.2595 0.2625 0.2625 0.2475 0.2475 0.2475 0.263 0.263 0.2385 0.2385 0.265 0.265 0.265 0.262 0.262 0.233 0.233
0.1485 0.175 0.175 0.183 0.183 0.183 0.171 0.171 0.1625 0.1625 0.238 0.238 0.2715 0.2715 0.2715 0.284 0.284 0.268 0.268 0.266 0.266 0.266 0.2525 0.2525 0.267 0.267 0.2235 0.2235 0.2235 0.2075 0.2075 0.211 0.211 0.2205 0.2205 0.2205 0.2195 0.2195 0.233 0.233 0.2425 0.2425 0.2425 0.227 0.227 0.2415 0.2415 0.2325 0.2325 0.2285 0.2285 0.2285 0.238 0.238 0.2295 0.2295 0.2195 0.2195 0.2195 0.216 0.216 0.235 0.235 0.248 0.248 0.248 0.249 0.249 0.28 0.28 0.2635 0.2635 0.2635 0.251 0.251 0.238 0.238
0.1485 0.175 0.175 0.183 0.183 0.183 0.171 0.171 0.1625 0.1625 0.238 0.238 0.2715 0.2715 0.2715 0.284 0.284 0.268 0.268 0.266 0.266 0.266 0.2525 0.2525 0.267 0.267 0.2235 0.2235 0.2235 0.2075 0.2075 0.211 0.211 0.2205 0.2205 0.2205 0.2195 0.2195 0.233 0.233 0.2425 0.2425 0.2425 0.227 0.227 0.2415 0.2415 0.2325 0.2325 0.2285 0.2285 0.2285 0.238 0.238 0.2295 0.2295 0.2195 0.2195 0.2195 0.216 0.216 0.235 0.235 0.248 0.248 0.248 0.249 0.249 0.28 0.28 0.2635 0.2635 0.2635 0.251 0.251 0.238 0.238
0.165 0.1775 0.1775 0.1885 0.1885 0.1885 0.1805 0.1805 0.221 0.221 0.254 0.254 0.289 0.289 0.289 0.2925 0.2925 0.288 0.288 0.278 0.278 0.278 0.2445 0.2445 0.2585 0.2585 0.233 0.233 0.233 0.2255 0.2255 0.2345 0.2345 0.222 0.222 0.222 0.226 0.226 0.225 0.225 0.244 0.244 0.244 0.2485 0.2485 0.237 0.237 0.245 0.245 0.227 0.227 0.227 0.222 0.222 0.2255 0.2255 0.205 0.205 0.205 0.212 0.212 0.255 0.255 0.283 0.283 0.283 0.2875 0.2875 0.293 0.293 0.276 0.276 0.276 0.2695 0.2695 0.2495 0.2495
0.165 0.1775 0.1775 0.1885 0.1885 0.1885 0.1805 0.1805 0.221 0.221 0.254 0.254 0.289 0.289 0.289 0.2925 0.2925 0.288 0.288 0.278 0.278 0.278 0.2445 0.2445 0.2585 0.2585 0.233 0.233 0.233 0.2255 0.2255 0.2345 0.2345 0.222 0.222 0.222 0.226 0.226 0.225 0.225 0.244 0.244 0.244 0.2485 0.2485 0.237 0.237 0.245 0.245 0.227 0.227 0.227 0.222 0.222 0.2255 0.2255 0.205 0.205 0.205 0.212 0.212 0.255 0.255 0.283 0.283 0.283 0.2875 0.2875 0.293 0.293 0.276 0.276 0.276 0.2695 0.2695 0.2495 0.2495
0.1885 0.165 0.165 0.202 0.202 0.202 0.2035 0.2035 0.228 0.228 0.259 0.259 0.289 0.289 0.289 0.2955 0.2955 0.282 0.282 0.2655 0.2655 0.2655 0.252 0.252 0.248 0.248 0.2225 0.2225 0.2225 0.2265 0.2265 0.2125 0.2125 0.2535 0.2535 0.2535 0.2265 0.2265 0.214 0.214 0.2455 0.2455 0.2455 0.2415 0.2415 0.227 0.227 0.238 0.238 0.218 0.218 0.218 0.213 0.213 0.205 0.205 0.2105 0.2105 0.2105 0.2355 0.2355 0.246 0.246 0.258 0.258 0.258 0.272 0.272 0.2665 0.2665 0.2535 0.2535 0.2535 0.2755 0.2755 0.258 0.258
0.1885 0.165 0.165 0.202 0.202 0.202 0.2035 0.2035 0.228 0.228 0.259 0.259 0.289 0.289 0.289 0.2955 0.2955 0.282 0.282 0.2655 0.2655 0.2655 0.252 0.252 0.248 0.248 0.2225 0.2225 0.2225 0.2265 0.2265 0.2125 0.2125 0.2535 0.2535 0.2535 0.2265 0.2265 0.214 0.214 0.2455 0.2455 0.2455 0.2415 0.2415 0.227 0.227 0.238 0.238 0.218 0.218 0.218 0.213 0.213 0.205 0.205 0.2105 0.2105 0.2105 0.2355 0.2355 0.246 0.246 0.258 0.258 0.258 0.272 0.272 0.2665 0.2665 0.2535 0.2535 0.2535 0.2755 0.2755 0.258 0.258
0.1885 0.165 0.165 0.202 0.202 0.202 0.2035 0.2035 0.228 0.228 0.259 0.259 0.289 0.289 0.289 0.2955 0.2955 0.282 0.282 0.2655 0.2655 0.2655 0.252 0.252 0.248 0.248 0.2225 0.2225 0.2225 0.2265 0.2265 0.2125 0.2125 0.2535 0.2535 0.2535 0.2265 0.2265 0.214 0.214 0.2455 0.2455 0.2455 0.2415 0.2415 0.227 0.227 0.238 0.238 0.218 0.218 0.218 0.213 0.213 0.205 0.205 0.2105 0.2105 0.2105 0.2355 0.2355 0.246 0.246 0.258 0.258 0.258 0.272 0.272 0.2665 0.2665 0.2535 0.2535 0.2535 0.2755 0.2755 0.258 0.258
0.189 0.2085 0.2085 0.197 0.197 0.197 0.2215 0.2215 0.2455 0.2455 0.264 0.264 0.3095 0.3095 0.3095 0.2815 0.2815 0.2645 0.2645 0.286 0.286 0.286 0.2255 0.2255 0.2295 0.2295 0.2495 0.2495 0.2495 0.2175 0.2175 0.225 0.225 0.2425 0.2425 0.2425 0.264 0.264 0.243 0.243 0.2455 0.2455 0.2455 0.245 0.245 0.254 0.254 0.243 0.243 0.2365 0.2365 0.2365 0.238 0.238 0.2095 0.2095 0.211 0.211 0.211 0.2245 0.2245 0.253 0.253 0.2465 0.2465 0.2465 0.26 0.26 0.2655 0.2655 0.2735 0.2735 0.2735 0.2645 0.2645 0.2555 0.2555
0.189 0.2085 0.2085 0.197 0.197 0.197 0.2215 0.2215 0.2455 0.2455 0.264 0.264 0.3095 0.3095 0.3095 0.2815 0.2815 0.2645 0.2645 0.286 0.286 0.286 0.2255 0.2255 0.2295 0.2295 0.2495 0.2495 0.2495 0.2175 0.2175 0.225 0.225 0.2425 0.2425 0.2425 0.264 0.264 0.243 0.243 0.2455 0.2455 0.2455 0.245 0.245 0.254 0.254 0.243 0.243 0.2365 0.2365 0.2365 0.238 0.238 0.2095 0.2095 0.211 0.211 0.211 0.2245 0.2245 0.253 0.253 0.2465 0.2465 0.2465 0.26 0.26 0.2655 0.2655 0.2735 0.2735 0.2735 0.2645 0.2645 0.2555 0.2555
0.247 0.2055 0.2055 0.193 0.193 0.193 0.197 0.197 0.228 0.228 0.224 0.224 0.23 0.23 0.23 0.2675 0.2675 0.266 0.266 0.26 0.26 0.26 0.228 0.228 0.2505 0.2505 0.2465 0.2465 0.2465 0.23 0.23 0.2375 0.2375 0.249 0.249 0.249 0.2565 0.2565 0.223 0.223 0.2225 0.2225 0.2225 0.227 0.227 0.257 0.257 0.2475 0.2475 0.2205 0.2205 0.2205 0.231 0.231 0.2315 0.2315 0.2265 0.2265 0.2265 0.2445 0.2445 0.2395 0.2395 0.2555 0.2555 0.2555 0.252 0.252 0.263 0.263 0.2605 0.2605 0.2605 0.258 0.258 0.2975 0.2975
0.247 0.2055 0.2055 0.193 0.193 0.193 0.197 0.197 0.228 0.228 0.224 0.224 0.23 0.23 0.23 0.2675 0.2675 0.266 0.266 0.26 0.26 0.26 0.228 0.228 0.2505 0.2505 0.2465 0.2465 0.2465 0.23 0.23 0.2375 0.2375 0.249 0.249 0.249 0.2565 0.2565 0.223 0.223 0.2225 0.2225 0.2225 0.227 0.227 0.257 0.257 0.2475 0.2475 0.2205 0.2205 0.2205 0.231 0.231 0.2315 0.2315 0.2265 0.2265 0.2265 0.2445 0.2445 0.2395 0.2395 0.2555 0.2555 0.2555 0.252 0.252 0.263 0.263 0.2605 0.2605 0.2605 0.258 0.258 0.2975 0.2975
0.21 0.217 0.217 0.226 0.226 0.226 0.218 0.218 0.2225 0.2225 0.2385 0.2385 0.26 0.26 0.26 0.244 0.244 0.2465 0.2465 0.2355 0.2355 0.2355 0.233 0.233 0.2265 0.2265 0.2375 0.2375 0.2375 0.253 0.253 0.245 0.245 0.236 0.236 0.236 0.2505 0.2505 0.2495 0.2495 0.27 0.27 0.27 0.28 0.28 0.27 0.27 0.2545 0.2545 0.251 0.251 0.251 0.2165 0.2165 0.2335 0.2335 0.233 0.233 0.233 0.2395 0.2395 0.252 0.252 0.2495 0.2495 0.2495 0.2605 0.2605 0.2545 0.2545 0.267 0.267 0.267 0.3095 0.3095 0.3155 0.3155
0.21 0.217 0.217 0.226 0.226 0.226 0.218 0.218 0.2225 0.2225 0.2385 0.2385 0.26 0.26 0.26 0.244 0.244 0.2465 0.2465 0.2355 0.2355 0.2355 0.233 0.233 0.2265 0.2265 0.2375 0.2375 0.2375 0.253 0.253 0.245 0.245 0.236 0.236 0.236 0.2505 0.2505 0.2495 0.2495 0.27 0.27 0.27 0.28 0.28 0.27 0.27 0.2545 0.2545 0.251 0.251 0.251 0.2165 0.2165 0.2335 0.2335 0.233 0.233 0.233 0.2395 0.2395 0.252 0.252 0.2495 0.2495 0.2495 0.2605 0.2605 0.2545 0.2545 0.267 0.267 0.267 0.3095 0.3095 0.3155 0.3155
0.21 0.217 0.217 0.226 0.226 0.226 0.218 0.218 0.2225 0.2225 0.2385 0.2385 0.26 0.26 0.26 0.244 0.244 0.2465 0.2465 0.2355 0.2355 0.2355 0.233 0.233 0.2265 0.2265 0.2375 0.2375 0.2375 0.253 0.253 0.245 0.245 0.236 0.236 0.236 0.2505 0.2505 0.2495 0.2495 0.27 0.27 0.27 0.28 0.28 0.27 0.27 0.2545 0.2545 0.251 0.251 0.251 0.2165 0.2165 0.2335 0.2335 0.233 0.233 0.233 0.2395 0.2395 0.252 0.252 0.2495 0.2495 0.2495 0.2605 0.2605 0.2545 0.2545 0.267 0.267 0.267 0.3095 0.3095 0.3155 0.3155
0.2725 0.252 0.252 0.2255 0.2255 0.2255 0.2195 0.2195 0.218 0.218 0.225 0.225 0.214 0.214 0.214 0.2215 0.2215 0.2325 0.2325 0.244 0.244 0.244 0.231 0.231 0.2135 0.2135 0.2365 0.2365 0.2365 0.245 0.245 0.2595 0.2595 0.2385 0.2385 0.2385 0.2235 0.2235 0.24 0.24 0.264 0.264 0.264 0.279 0.279 0.272 0.272 0.2575 0.2575 0.244 0.244 0.244 0.252 0.252 0.2415 0.2415 0.2225 0.2225 0.2225 0.2295 0.2295 0.242 0.242 0.245 0.245 0.245 0.2375 0.2375 0.275 0.275 0.2815 0.2815 0.2815 0.2665 0.2665 0.3045 0.3045
0.2725 0.252 0.252 0.2255 0.2255 0.2255 0.2195 0.2195 0.218 0.218 0.225 0.225 0.214 0.214 0.214 0.2215 0.2215 0.2325 0.2325 0.244 0.244 0.244 0.231 0.231 0.2135 0.2135 0.2365 0.2365 0.2365 0.245 0.245 0.2595 0.2595 0.2385 0.2385 0.2385 0.2235 0.2235 0.24 0.24 0.264 0.264 0.264 0.279 0.279 0.272 0.272 0.2575 0.2575 0.244 0.244 0.244 0.252 0.252 0.2415 0.2415 0.2225 0.2225 0.2225 0.2295 0.2295 0.242 0.242 0.245 0.245 0.245 0.2375 0.2375 0.275 0.275 0.2815 0.2815 0.2815 0.2665 0.2665 0.3045 0.3045
0.2495 0.255 0.255 0.222 0.222 0.222 0.2005 0.2005 0.237 0.237 0.24 0.24 0.2105 0.2105 0.2105 0.216 0.216 0.2355 0.2355 0.2505 0.2505 0.2505 0.2615 0.2615 0.228 0.228 0.236 0.236 0.236 0.234 0.234 0.2465 0.2465 0.2225 0.2225 0.2225 0.2055 0.2055 0.2345 0.2345 0.2265 0.2265 0.2265 0.218 0.218 0.2495 0.2495 0.248 0.248 0.266 0.266 0.266 0.243 0.243 0.2445 0.2445 0.23 0.23 0.23 0.2305 0.2305 0.23 0.23 0.2365 0.2365 0.2365 0.2315 0.2315 0.2475 0.2475 0.2455 0.2455 0.2455 0.253 0.253 0.2635 0.2635
0.2495 0.255 0.255 0.222 0.222 0.222 0.2005 0.2005 0.237 0.237 0.24 0.24 0.2105 0.2105 0.2105 0.216 0.216 0.2355 0.2355 0.2505 0.2505 0.2505 0.2615 0.2615 0.228 0.228 0.236 0.236 0.236 0.234 0.234 0.2465 0.2465 0.2225 0.2225 0.2225 0.2055 0.2055 0.2345 0.2345 0.2265 0.2265 0.2265 0.218 0.218 0.2495 0.2495 0.248 0.248 0.266 0.266 0.266 0.243 0.243 0.2445 0.2445 0.23 0.23 0.23 0.2305 0.2305 0.23 0.23 0.2365 0.2365 0.2365 0.2315 0.2315 0.2475 0.2475 0.2455 0.2455 0.2455 0.253 0.253 0.2635 0.2635
0.252 0.244 0.244 0.3055 0.3055 0.3055 0.212 0.212 0.2355 0.2355 0.2275 0.2275 0.235 0.235 0.235 0.2525 0.2525 0.2395 0.2395 0.263 0.263 0.263 0.2585 0.2585 0.258 0.258 0.243 0.243 0.243 0.2495 0.2495 0.239 0.239 0.249 0.249 0.249 0.2095 0.2095 0.2225 0.2225 0.226 0.226 0.226 0.2495 0.2495 0.273 0.273 0.257 0.257 0.2255 0.2255 0.2255 0.2215 0.2215 0.219 0.219 0.235 0.235 0.235 0.2225 0.2225 0.2345 0.2345 0.2405 0.2405 0.2405 0.2415 0.2415 0.2385 0.2385 0.241 0.241 0.241 0.2515 0.2515 0.2465 0.2465
