ndvi/NOAA-234.asc
ncols         252
nrows         154
xllcorner     -18.017974
yllcorner     13.481982
cellsize      0.035948
NODATA_value  -9999
[rows 68 to 101 of 154, columns 77 to 153 of 252]
0.199 0.199 0.211 0.211 0.2435 0.2435 0.265 0.265 0.265 0.289 0.289 0.286 0.286 0.2675 0.2675 0.248 0.248 0.248 0.243 0.243 0.2675 0.2675 0.2385 0.2385 0.2385 0.21 0.21 0.221 0.221 0.216 0.216 0.216 0.246 0.246 0.2555 0.2555 0.2515 0.2515 0.2515 0.248 0.248 0.2555 0.2555 0.227 0.227 0.227 0.168 0.168 0.193 0.193 0.1965 0.1965 0.2145 0.2145 0.2145 0.219 0.219 0.219 0.219 0.2215 0.2215 0.2215 0.2315 0.2315 0.2355 0.2355 0.227 0.227 0.227 0.226 0.226 0.2255 0.2255 0.21 0.21 0.21 0.139
0.175 0.175 0.2045 0.2045 0.2175 0.2175 0.2185 0.2185 0.2185 0.223 0.223 0.229 0.229 0.2255 0.2255 0.2205 0.2205 0.2205 0.194 0.194 0.2185 0.2185 0.251 0.251 0.251 0.23 0.23 0.2115 0.2115 0.219 0.219 0.219 0.2205 0.2205 0.2485 0.2485 0.251 0.251 0.251 0.255 0.255 0.2555 0.2555 0.228 0.228 0.228 0.1925 0.1925 0.197 0.197 0.2025 0.2025 0.2115 0.2115 0.2115 0.228 0.228 0.227 0.227 0.231 0.231 0.231 0.2425 0.2425 0.2475 0.2475 0.2175 0.2175 0.2175 0.2255 0.2255 0.233 0.233 0.2285 0.2285 0.2285 0.1795
0.175 0.175 0.2045 0.2045 0.2175 0.2175 0.2185 0.2185 0.2185 0.223 0.223 0.229 0.229 0.2255 0.2255 0.2205 0.2205 0.2205 0.194 0.194 0.2185 0.2185 0.251 0.251 0.251 0.23 0.23 0.2115 0.2115 0.219 0.219 0.219 0.2205 0.2205 0.2485 0.2485 0.251 0.251 0.251 0.255 0.255 0.2555 0.2555 0.228 0.228 0.228 0.1925 0.1925 0.197 0.197 0.2025 0.2025 0.2115 0.2115 0.2115 0.228 0.228 0.227 0.227 0.231 0.231 0.231 0.2425 0.2425 0.2475 0.2475 0.2175 0.2175 0.2175 0.2255 0.2255 0.233 0.233 0.2285 0.2285 0.2285 0.1795
0.1915 0.1915 0.1955 0.1955 0.1855 0.1855 0.213 0.213 0.213 0.217 0.217 0.2095 0.2095 0.206 0.206 0.2075 0.2075 0.2075 0.1935 0.1935 0.2035 0.2035 0.227 0.227 0.227 0.268 0.268 0.268 0.268 0.2135 0.2135 0.2135 0.206 0.206 0.2225 0.2225 0.242 0.242 0.242 0.2545 0.2545 0.2635 0.2635 0.242 0.242 0.242 0.201 0.201 0.1755 0.1755 0.1895 0.1895 0.2265 0.2265 0.2265 0.2205 0.2205 0.233 0.233 0.224 0.224 0.224 0.2505 0.2505 0.236 0.236 0.217 0.217 0.217 0.207 0.207 0.2205 0.2205 0.235 0.235 0.235 0.18
0.1915 0.1915 0.1955 0.1955 0.1855 0.1855 0.213 0.213 0.213 0.217 0.217 0.2095 0.2095 0.206 0.206 0.2075 0.2075 0.2075 0.1935 0.1935 0.2035 0.2035 0.227 0.227 0.227 0.268 0.268 0.268 0.268 0.2135 0.2135 0.2135 0.206 0.206 0.2225 0.2225 0.242 0.242 0.242 0.2545 0.2545 0.2635 0.2635 0.242 0.242 0.242 0.201 0.201 0.1755 0.1755 0.1895 0.1895 0.2265 0.2265 0.2265 0.2205 0.2205 0.233 0.233 0.224 0.224 0.224 0.2505 0.2505 0.236 0.236 0.217 0.217 0.217 0.207 0.207 0.2205 0.2205 0.235 0.235 0.235 0.18
0.1915 0.1915 0.1955 0.1955 0.1855 0.1855 0.213 0.213 0.213 0.217 0.217 0.2095 0.2095 0.206 0.206 0.2075 0.2075 0.2075 0.1935 0.1935 0.2035 0.2035 0.227 0.227 0.227 0.268 0.268 0.268 0.268 0.2135 0.2135 0.2135 0.206 0.206 0.2225 0.2225 0.242 0.242 0.242 0.2545 0.2545 0.2635 0.2635 0.242 0.242 0.242 0.201 0.201 0.1755 0.1755 0.1895 0.1895 0.2265 0.2265 0.2265 0.2205 0.2205 0.233 0.233 0.224 0.224 0.224 0.2505 0.2505 0.236 0.236 0.217 0.217 0.217 0.207 0.207 0.2205 0.2205 0.235 0.235 0.235 0.18
0.204 0.204 0.2185 0.2185 0.194 0.194 0.212 0.212 0.212 0.2375 0.2375 0.2265 0.2265 0.204 0.204 0.193 0.193 0.193 0.2115 0.2115 0.213 0.213 0.2215 0.2215 0.2215 0.2285 0.2285 0.2245 0.2245 0.254 0.254 0.254 0.263 0.263 0.218 0.218 0.197 0.197 0.197 0.203 0.203 0.217 0.217 0.164 0.164 0.164 0.1805 0.1805 0.2415 0.2415 0.232 0.232 0.222 0.222 0.222 0.214 0.214 0.209 0.209 0.207 0.207 0.207 0.2165 0.2165 0.2275 0.2275 0.2245 0.2245 0.2245 0.2185 0.2185 0.213 0.213 0.179 0.179 0.179 0.173
0.204 0.204 0.2185 0.2185 0.194 0.194 0.212 0.212 0.212 0.2375 0.2375 0.2265 0.2265 0.204 0.204 0.193 0.193 0.193 0.2115 0.2115 0.213 0.213 0.2215 0.2215 0.2215 0.2285 0.2285 0.2245 0.2245 0.254 0.254 0.254 0.263 0.263 0.218 0.218 0.197 0.197 0.197 0.203 0.203 0.217 0.217 0.164 0.164 0.164 0.1805 0.1805 0.2415 0.2415 0.232 0.232 0.222 0.222 0.222 0.214 0.214 0.209 0.209 0.207 0.207 0.207 0.2165 0.2165 0.2275 0.2275 0.2245 0.2245 0.2245 0.2185 0.2185 0.213 0.213 0.179 0.179 0.179 0.173
0.1795 0.1795 0.209 0.209 0.191 0.191 0.2125 0.2125 0.2125 0.2155 0.2155 0.2025 0.2025 0.202 0.202 0.196 0.196 0.196 0.184 0.184 0.186 0.186 0.203 0.203 0.203 0.2075 0.2075 0.2035 0.2035 0.2285 0.2285 0.2285 0.252 0.252 0.2885 0.2885 0.253 0.253 0.253 0.231 0.231 0.206 0.206 0.163 0.163 0.163 0.1885 0.1885 0.2325 0.2325 0.2195 0.2195 0.22 0.22 0.22 0.203 0.203 0.2075 0.2075 0.1935 0.1935 0.1935 0.2005 0.2005 0.2095 0.2095 0.208 0.208 0.208 0.2145 0.2145 0.196 0.196 0.112 0.112 0.112 0.1315
0.1795 0.1795 0.209 0.209 0.191 0.191 0.2125 0.2125 0.2125 0.2155 0.2155 0.2025 0.2025 0.202 0.202 0.196 0.196 0.196 0.184 0.184 0.186 0.186 0.203 0.203 0.203 0.2075 0.2075 0.2035 0.2035 0.2285 0.2285 0.2285 0.252 0.252 0.2885 0.2885 0.253 0.253 0.253 0.231 0.231 0.206 0.206 0.163 0.163 0.163 0.1885 0.1885 0.2325 0.2325 0.2195 0.2195 0.22 0.22 0.22 0.203 0.203 0.2075 0.2075 0.1935 0.1935 0.1935 0.2005 0.2005 0.2095 0.2095 0.208 0.208 0.208 0.2145 0.2145 0.196 0.196 0.112 0.112 0.112 0.1315
0.189 0.189 0.196 0.196 0.1755 0.1755 0.1945 0.1945 0.1945 0.206 0.206 0.193 0.193 0.1685 0.1685 0.1755 0.1755 0.1755 0.19 0.19 0.174 0.174 0.1815 0.1815 0.1815 0.196 0.196 0.22 0.22 0.2195 0.2195 0.2195 0.227 0.227 0.2665 0.2665 0.2755 0.2755 0.2755 0.2435 0.2435 0.2305 0.2305 0.188 0.188 0.188 0.2045 0.2045 0.2 0.2 0.212 0.212 0.199 0.199 0.199 0.1935 0.1935 0.188 0.188 0.193 0.193 0.193 0.209 0.209 0.1985 0.1985 0.1905 0.1905 0.1905 0.1915 0.1915 0.1925 0.1925 0.1745 0.1745 0.1745 0.1235
0.189 0.189 0.196 0.196 0.1755 0.1755 0.1945 0.1945 0.1945 0.206 0.206 0.193 0.193 0.1685 0.1685 0.1755 0.1755 0.1755 0.19 0.19 0.174 0.174 0.1815 0.1815 0.1815 0.196 0.196 0.22 0.22 0.2195 0.2195 0.2195 0.227 0.227 0.2665 0.2665 0.2755 0.2755 0.2755 0.2435 0.2435 0.2305 0.2305 0.188 0.188 0.188 0.2045 0.2045 0.2 0.2 0.212 0.212 0.199 0.199 0.199 0.1935 0.1935 0.188 0.188 0.193 0.193 0.193 0.209 0.209 0.1985 0.1985 0.1905 0.1905 0.1905 0.1915 0.1915 0.1925 0.1925 0.1745 0.1745 0.1745 0.1235
0.2015 0.2015 0.189 0.189 0.171 0.171 0.1845 0.1845 0.1845 0.1675 0.1675 0.167 0.167 0.1555 0.1555 0.153 0.153 0.153 0.14 0.14 0.1165 0.1165 0.1745 0.1745 0.1745 0.1815 0.1815 0.1755 0.1755 0.1945 0.1945 0.1945 0.2165 0.2165 0.2505 0.2505 0.226 0.226 0.226 0.223 0.223 0.2005 0.2005 0.223 0.223 0.223 0.227 0.227 0.209 0.209 0.2015 0.2015 0.2085 0.2085 0.2085 0.188 0.188 0.189 0.189 0.195 0.195 0.195 0.215 0.215 0.188 0.188 0.1855 0.1855 0.1855 0.176 0.176 0.162 0.162 0.1725 0.1725 0.1725 0.123
0.2015 0.2015 0.189 0.189 0.171 0.171 0.1845 0.1845 0.1845 0.1675 0.1675 0.167 0.167 0.1555 0.1555 0.153 0.153 0.153 0.14 0.14 0.1165 0.1165 0.1745 0.1745 0.1745 0.1815 0.1815 0.1755 0.1755 0.1945 0.1945 0.1945 0.2165 0.2165 0.2505 0.2505 0.226 0.226 0.226 0.223 0.223 0.2005 0.2005 0.223 0.223 0.223 0.227 0.227 0.209 0.209 0.2015 0.2015 0.2085 0.2085 0.2085 0.188 0.188 0.189 0.189 0.195 0.195 0.195 0.215 0.215 0.188 0.188 0.1855 0.1855 0.1855 0.176 0.176 0.162 0.162 0.1725 0.1725 0.1725 0.123
0.2015 0.2015 0.189 0.189 0.171 0.171 0.1845 0.1845 0.1845 0.1675 0.1675 0.167 0.167 0.1555 0.1555 0.153 0.153 0.153 0.14 0.14 0.1165 0.1165 0.1745 0.1745 0.1745 0.1815 0.1815 0.1755 0.1755 0.1945 0.1945 0.1945 0.2165 0.2165 0.2505 0.2505 0.226 0.226 0.226 0.223 0.223 0.2005 0.2005 0.223 0.223 0.223 0.227 0.227 0.209 0.209 0.2015 0.2015 0.2085 0.2085 0.2085 0.188 0.188 0.189 0.189 0.195 0.195 0.195 0.215 0.215 0.188 0.188 0.1855 0.1855 0.1855 0.176 0.176 0.162 0.162 0.1725 0.1725 0.1725 0.123
0.2085 0.2085 0.192 0.192 0.181 0.181 0.1825 0.1825 0.1825 0.1655 0.1655 0.1535 0.1535 0.176 0.176 0.1725 0.1725 0.1725 0.1375 0.1375 0.153 0.153 0.1545 0.1545 0.1545 0.1685 0.1685 0.179 0.179 0.1555 0.1555 0.1555 0.215 0.215 0.1985 0.1985 0.2 0.2 0.2 0.209 0.209 0.2045 0.2045 0.2075 0.2075 0.2075 0.2055 0.2055 0.2445 0.2445 0.1995 0.1995 0.2045 0.2045 0.2045 0.194 0.194 0.1885 0.1885 0.1895 0.1895 0.1895 0.201 0.201 0.2055 0.2055 0.1765 0.1765 0.1765 0.1885 0.1885 0.1905 0.1905 0.177 0.177 0.177 0.14
0.2085 0.2085 0.192 0.192 0.181 0.181 0.1825 0.1825 0.1825 0.1655 0.1655 0.1535 0.1535 0.176 0.176 0.1725 0.1725 0.1725 0.1375 0.1375 0.153 0.153 0.1545 0.1545 0.1545 0.1685 0.1685 0.179 0.179 0.1555 0.1555 0.1555 0.215 0.215 0.1985 0.1985 0.2 0.2 0.2 0.209 0.209 0.2045 0.2045 0.2075 0.2075 0.2075 0.2055 0.2055 0.2445 0.2445 0.1995 0.1995 0.2045 0.2045 0.2045 0.194 0.194 0.1885 0.1885 0.1895 0.1895 0.1895 0.201 0.201 0.2055 0.2055 0.1765 0.1765 0.1765 0.1885 0.1885 0.1905 0.1905 0.177 0.177 0.177 0.14
0.199 0.199 0.1945 0.1945 0.204 0.204 0.196 0.196 0.196 0.1965 0.1965 0.203 0.203 0.1635 0.1635 0.184 0.184 0.184 0.1835 0.1835 0.167 0.167 0.172 0.172 0.172 0.161 0.161 0.1705 0.1705 0.165 0.165 0.165 0.1955 0.1955 0.1815 0.1815 0.1945 0.1945 0.1945 0.204 0.204 0.195 0.195 0.1835 0.1835 0.1835 0.1905 0.1905 0.208 0.208 0.1955 0.1955 0.2015 0.2015 0.2015 0.202 0.202 0.202 0.202 0.2245 0.2245 0.2245 0.2225 0.2225 0.242 0.242 0.184 0.184 0.184 0.1765 0.1765 0.185 0.185 0.172 0.172 0.172 0.153
0.199 0.199 0.1945 0.1945 0.204 0.204 0.196 0.196 0.196 0.1965 0.1965 0.203 0.203 0.1635 0.1635 0.184 0.184 0.184 0.1835 0.1835 0.167 0.167 0.172 0.172 0.172 0.161 0.161 0.1705 0.1705 0.165 0.165 0.165 0.1955 0.1955 0.1815 0.1815 0.1945 0.1945 0.1945 0.204 0.204 0.195 0.195 0.1835 0.1835 0.1835 0.1905 0.1905 0.208 0.208 0.1955 0.1955 0.2015 0.2015 0.2015 0.202 0.202 0.202 0.202 0.2245 0.2245 0.2245 0.2225 0.2225 0.242 0.242 0.184 0.184 0.184 0.1765 0.1765 0.185 0.185 0.172 0.172 0.172 0.153
0.257 0.257 0.262 0.262 0.264 0.264 0.258 0.258 0.258 0.238 0.238 0.217 0.217 0.218 0.218 0.1995 0.1995 0.1995 0.1985 0.1985 0.1915 0.1915 0.1855 0.1855 0.1855 0.183 0.183 0.177 0.177 0.184 0.184 0.184 0.1815 0.1815 0.1875 0.1875 0.193 0.193 0.193 0.2145 0.2145 0.203 0.203 0.184 0.184 0.184 0.175 0.175 0.195 0.195 0.201 0.201 0.1925 0.1925 0.1925 0.198 0.198 0.1955 0.1955 0.216 0.216 0.216 0.227 0.227 0.24 0.24 0.1765 0.1765 0.1765 0.2005 0.2005 0.196 0.196 0.1885 0.1885 0.1885 0.1725
0.257 0.257 0.262 0.262 0.264 0.264 0.258 0.258 0.258 0.238 0.238 0.217 0.217 0.218 0.218 0.1995 0.1995 0.1995 0.1985 0.1985 0.1915 0.1915 0.1855 0.1855 0.1855 0.183 0.183 0.177 0.177 0.184 0.184 0.184 0.1815 0.1815 0.1875 0.1875 0.193 0.193 0.193 0.2145 0.2145 0.203 0.203 0.184 0.184 0.184 0.175 0.175 0.195 0.195 0.201 0.201 0.1925 0.1925 0.1925 0.198 0.198 0.1955 0.1955 0.216 0.216 0.216 0.227 0.227 0.24 0.24 0.1765 0.1765 0.1765 0.2005 0.2005 0.196 0.196 0.1885 0.1885 0.1885 0.1725
0.257 0.257 0.262 0.262 0.264 0.264 0.258 0.258 0.258 0.238 0.238 0.217 0.217 0.218 0.218 0.1995 0.1995 0.1995 0.1985 0.1985 0.1915 0.1915 0.1855 0.1855 0.1855 0.183 0.183 0.177 0.177 0.184 0.184 0.184 0.1815 0.1815 0.1875 0.1875 0.193 0.193 0.193 0.2145 0.2145 0.203 0.203 0.184 0.184 0.184 0.175 0.175 0.195 0.195 0.201 0.201 0.1925 0.1925 0.1925 0.198 0.198 0.1955 0.1955 0.216 0.216 0.216 0.227 0.227 0.24 0.24 0.1765 0.1765 0.1765 0.2005 0.2005 0.196 0.196 0.1885 0.1885 0.1885 0.1725
0.2695 0.2695 0.2545 0.2545 0.241 0.241 0.2035 0.2035 0.2035 0.1795 0.1795 0.203 0.203 0.168 0.168 0.192 0.192 0.192 0.201 0.201 0.1735 0.1735 0.1835 0.1835 0.1835 0.2015 0.2015 0.177 0.177 0.1715 0.1715 0.1715 0.163 0.163 0.215 0.215 0.2155 0.2155 0.2155 0.205 0.205 0.1985 0.1985 0.211 0.211 0.211 0.2125 0.2125 0.2115 0.2115 0.216 0.216 0.1905 0.1905 0.1905 0.22 0.22 0.2205 0.2205 0.2105 0.2105 0.2105 0.209 0.209 0.208 0.208 0.2095 0.2095 0.2095 0.1835 0.1835 0.21 0.21 0.1785 0.1785 0.1785 0.1785
0.2695 0.2695 0.2545 0.2545 0.241 0.241 0.2035 0.2035 0.2035 0.1795 0.1795 0.203 0.203 0.168 0.168 0.192 0.192 0.192 0.201 0.201 0.1735 0.1735 0.1835 0.1835 0.1835 0.2015 0.2015 0.177 0.177 0.1715 0.1715 0.1715 0.163 0.163 0.215 0.215 0.2155 0.2155 0.2155 0.205 0.205 0.1985 0.1985 0.211 0.211 0.211 0.2125 0.2125 0.2115 0.2115 0.216 0.216 0.1905 0.1905 0.1905 0.22 0.22 0.2205 0.2205 0.2105 0.2105 0.2105 0.209 0.209 0.208 0.208 0.2095 0.2095 0.2095 0.1835 0.1835 0.21 0.21 0.1785 0.1785 0.1785 0.1785
0.2765 0.2765 0.2485 0.2485 0.212 0.212 0.189 0.189 0.189 0.2105 0.2105 0.198 0.198 0.1805 0.1805 0.189 0.189 0.189 0.2025 0.2025 0.1795 0.1795 0.208 0.208 0.208 0.212 0.212 0.208 0.208 0.2 0.2 0.2 0.205 0.205 0.212 0.212 0.201 0.201 0.201 0.191 0.191 0.215 0.215 0.237 0.237 0.237 0.2435 0.2435 0.2445 0.2445 0.2385 0.2385 0.221 0.221 0.221 0.197 0.197 0.192 0.192 0.215 0.215 0.215 0.217 0.217 0.222 0.222 0.238 0.238 0.238 0.2355 0.2355 0.2425 0.2425 0.241 0.241 0.241 0.201
0.2765 0.2765 0.2485 0.2485 0.212 0.212 0.189 0.189 0.189 0.2105 0.2105 0.198 0.198 0.1805 0.1805 0.189 0.189 0.189 0.2025 0.2025 0.1795 0.1795 0.208 0.208 0.208 0.212 0.212 0.208 0.208 0.2 0.2 0.2 0.205 0.205 0.212 0.212 0.201 0.201 0.201 0.191 0.191 0.215 0.215 0.237 0.237 0.237 0.2435 0.2435 0.2445 0.2445 0.2385 0.2385 0.221 0.221 0.221 0.197 0.197 0.192 0.192 0.215 0.215 0.215 0.217 0.217 0.222 0.222 0.238 0.238 0.238 0.2355 0.2355 0.2425 0.2425 0.241 0.241 0.241 0.201
0.2495 0.2495 0.209 0.209 0.1925 0.1925 0.204 0.204 0.204 0.221 0.221 0.2285 0.2285 0.1925 0.1925 0.195 0.195 0.195 0.216 0.216 0.219 0.219 0.232 0.232 0.232 0.2235 0.2235 0.2055 0.2055 0.2155 0.2155 0.2155 0.228 0.228 0.2395 0.2395 0.216 0.216 0.216 0.2155 0.2155 0.212 0.212 0.223 0.223 0.223 0.2385 0.2385 0.241 0.241 0.233 0.233 0.2495 0.2495 0.2495 0.2435 0.2435 0.203 0.203 0.194 0.194 0.194 0.1625 0.1625 0.207 0.207 0.227 0.227 0.227 0.224 0.224 0.2255 0.2255 0.2345 0.2345 0.2345 0.1985
0.2495 0.2495 0.209 0.209 0.1925 0.1925 0.204 0.204 0.204 0.221 0.221 0.2285 0.2285 0.1925 0.1925 0.195 0.195 0.195 0.216 0.216 0.219 0.219 0.232 0.232 0.232 0.2235 0.2235 0.2055 0.2055 0.2155 0.2155 0.2155 0.228 0.228 0.2395 0.2395 0.216 0.216 0.216 0.2155 0.2155 0.212 0.212 0.223 0.223 0.223 0.2385 0.2385 0.241 0.241 0.233 0.233 0.2495 0.2495 0.2495 0.2435 0.2435 0.203 0.203 0.194 0.194 0.194 0.1625 0.1625 0.207 0.207 0.227 0.227 0.227 0.224 0.224 0.2255 0.2255 0.2345 0.2345 0.2345 0.1985
0.2495 0.2495 0.209 0.209 0.1925 0.1925 0.204 0.204 0.204 0.221 0.221 0.2285 0.2285 0.1925 0.1925 0.195 0.195 0.195 0.216 0.216 0.219 0.219 0.232 0.232 0.232 0.2235 0.2235 0.2055 0.2055 0.2155 0.2155 0.2155 0.228 0.228 0.2395 0.2395 0.216 0.216 0.216 0.2155 0.2155 0.212 0.212 0.223 0.223 0.223 0.2385 0.2385 0.241 0.241 0.233 0.233 0.2495 0.2495 0.2495 0.2435 0.2435 0.203 0.203 0.194 0.194 0.194 0.1625 0.1625 0.207 0.207 0.227 0.227 0.227 0.224 0.224 0.2255 0.2255 0.2345 0.2345 0.2345 0.1985
0.232 0.232 0.24 0.24 0.203 0.203 0.2065 0.2065 0.2065 0.2375 0.2375 0.2315 0.2315 0.2115 0.2115 0.217 0.217 0.217 0.2165 0.2165 0.229 0.229 0.219 0.219 0.219 0.2025 0.2025 0.246 0.246 0.249 0.249 0.249 0.2435 0.2435 0.252 0.252 0.2425 0.2425 0.2425 0.276 0.276 0.259 0.259 0.2365 0.2365 0.2365 0.224 0.224 0.227 0.227 0.232 0.232 0.2505 0.2505 0.2505 0.262 0.262 0.2835 0.2835 0.239 0.239 0.239 0.2075 0.2075 0.204 0.204 0.25 0.25 0.25 0.2945 0.2945 0.194 0.194 0.1985 0.1985 0.1985 0.2165
0.232 0.232 0.24 0.24 0.203 0.203 0.2065 0.2065 0.2065 0.2375 0.2375 0.2315 0.2315 0.2115 0.2115 0.217 0.217 0.217 0.2165 0.2165 0.229 0.229 0.219 0.219 0.219 0.2025 0.2025 0.246 0.246 0.249 0.249 0.249 0.2435 0.2435 0.252 0.252 0.2425 0.2425 0.2425 0.276 0.276 0.259 0.259 0.2365 0.2365 0.2365 0.224 0.224 0.227 0.227 0.232 0.232 0.2505 0.2505 0.2505 0.262 0.262 0.2835 0.2835 0.239 0.239 0.239 0.2075 0.2075 0.204 0.204 0.25 0.25 0.25 0.2945 0.2945 0.194 0.194 0.1985 0.1985 0.1985 0.2165
0.2235 0.2235 0.227 0.227 0.2365 0.2365 0.2295 0.2295 0.2295 0.2295 0.2295 0.211 0.211 0.208 0.208 0.2095 0.2095 0.2095 0.2155 0.2155 0.226 0.226 0.2175 0.2175 0.2175 0.2405 0.2405 0.259 0.259 0.2615 0.2615 0.2615 0.25 0.25 0.229 0.229 0.2295 0.2295 0.2295 0.256 0.256 0.2475 0.2475 0.2475 0.2475 0.2475 0.217 0.217 0.222 0.222 0.2565 0.2565 0.2665 0.2665 0.2665 0.2595 0.2595 0.263 0.263 0.276 0.276 0.276 0.2715 0.2715 0.252 0.252 0.24 0.24 0.24 0.2575 0.2575 0.2505 0.2505 0.2445 0.2445 0.2445 0.236
0.2235 0.2235 0.227 0.227 0.2365 0.2365 0.2295 0.2295 0.2295 0.2295 0.2295 0.211 0.211 0.208 0.208 0.2095 0.2095 0.2095 0.2155 0.2155 0.226 0.226 0.2175 0.2175 0.2175 0.2405 0.2405 0.259 0.259 0.2615 0.2615 0.2615 0.25 0.25 0.229 0.229 0.2295 0.2295 0.2295 0.256 0.256 0.2475 0.2475 0.2475 0.2475 0.2475 0.217 0.217 0.222 0.222 0.2565 0.2565 0.2665 0.2665 0.2665 0.2595 0.2595 0.263 0.263 0.276 0.276 0.276 0.2715 0.2715 0.252 0.252 0.24 0.24 0.24 0.2575 0.2575 0.2505 0.2505 0.2445 0.2445 0.2445 0.236
0.223 0.223 0.218 0.218 0.244 0.244 0.2345 0.2345 0.2345 0.2315 0.2315 0.2325 0.2325 0.222 0.222 0.2275 0.2275 0.2275 0.2325 0.2325 0.227 0.227 0.239 0.239 0.239 0.242 0.242 0.255 0.255 0.227 0.227 0.227 0.2655 0.2655 0.267 0.267 0.2515 0.2515 0.2515 0.2465 0.2465 0.2505 0.2505 0.246 0.246 0.246 0.2555 0.2555 0.2415 0.2415 0.264 0.264 0.2635 0.2635 0.2635 0.292 0.292 0.2765 0.2765 0.261 0.261 0.261 0.2795 0.2795 0.264 0.264 0.262 0.262 0.262 0.27 0.27 0.2735 0.2735 0.2575 0.2575 0.2575 0.2495
