ndvi/NOAA-188.asc
ncols         252
nrows         154
xllcorner     -18.017974
yllcorner     13.481982
cellsize      0.035948
NODATA_value  -9999
[rows 34 to 67 of 154, columns 77 to 153 of 252]
0.155 0.155 0.1475 0.1475 0.1435 0.1435 0.1355 0.1355 0.1355 0.1345 0.1345 0.1385 0.1385 0.136 0.136 0.147 0.147 0.147 0.1545 0.1545 0.162 0.162 0.164 0.164 0.164 0.16 0.16 0.1615 0.1615 0.158 0.158 0.158 0.1755 0.1755 0.169 0.169 0.164 0.164 0.164 0.161 0.161 0.163 0.163 0.1705 0.1705 0.1705 0.1565 0.1565 0.153 0.153 0.1515 0.1515 0.1445 0.1445 0.1445 0.141 0.141 0.138 0.138 0.1265 0.1265 0.1265 0.132 0.132 0.151 0.151 0.148 0.148 0.148 0.1465 0.1465 0.131 0.131 0.1395 0.1395 0.1395 0.121
0.155 0.155 0.1475 0.1475 0.1435 0.1435 0.1355 0.1355 0.1355 0.1345 0.1345 0.1385 0.1385 0.136 0.136 0.147 0.147 0.147 0.1545 0.1545 0.162 0.162 0.164 0.164 0.164 0.16 0.16 0.1615 0.1615 0.158 0.158 0.158 0.1755 0.1755 0.169 0.169 0.164 0.164 0.164 0.161 0.161 0.163 0.163 0.1705 0.1705 0.1705 0.1565 0.1565 0.153 0.153 0.1515 0.1515 0.1445 0.1445 0.1445 0.141 0.141 0.138 0.138 0.1265 0.1265 0.1265 0.132 0.132 0.151 0.151 0.148 0.148 0.148 0.1465 0.1465 0.131 0.131 0.1395 0.1395 0.1395 0.121
0.155 0.155 0.1475 0.1475 0.1435 0.1435 0.1355 0.1355 0.1355 0.1345 0.1345 0.1385 0.1385 0.136 0.136 0.147 0.147 0.147 0.1545 0.1545 0.162 0.162 0.164 0.164 0.164 0.16 0.16 0.1615 0.1615 0.158 0.158 0.158 0.1755 0.1755 0.169 0.169 0.164 0.164 0.164 0.161 0.161 0.163 0.163 0.1705 0.1705 0.1705 0.1565 0.1565 0.153 0.153 0.1515 0.1515 0.1445 0.1445 0.1445 0.141 0.141 0.138 0.138 0.1265 0.1265 0.1265 0.132 0.132 0.151 0.151 0.148 0.148 0.148 0.1465 0.1465 0.131 0.131 0.1395 0.1395 0.1395 0.121
0.173 0.173 0.168 0.168 0.1765 0.1765 0.166 0.166 0.166 0.1735 0.1735 0.172 0.172 0.166 0.166 0.1475 0.1475 0.1475 0.16 0.16 0.1625 0.1625 0.1805 0.1805 0.1805 0.182 0.182 0.181 0.181 0.182 0.182 0.182 0.187 0.187 0.1755 0.1755 0.1745 0.1745 0.1745 0.173 0.173 0.18 0.18 0.192 0.192 0.192 0.1785 0.1785 0.1735 0.1735 0.171 0.171 0.1665 0.1665 0.1665 0.157 0.157 0.1615 0.1615 0.1635 0.1635 0.1635 0.157 0.157 0.1535 0.1535 0.1535 0.1535 0.1535 0.1455 0.1455 0.1115 0.1115 0.1475 0.1475 0.1475 0.124
0.173 0.173 0.168 0.168 0.1765 0.1765 0.166 0.166 0.166 0.1735 0.1735 0.172 0.172 0.166 0.166 0.1475 0.1475 0.1475 0.16 0.16 0.1625 0.1625 0.1805 0.1805 0.1805 0.182 0.182 0.181 0.181 0.182 0.182 0.182 0.187 0.187 0.1755 0.1755 0.1745 0.1745 0.1745 0.173 0.173 0.18 0.18 0.192 0.192 0.192 0.1785 0.1785 0.1735 0.1735 0.171 0.171 0.1665 0.1665 0.1665 0.157 0.157 0.1615 0.1615 0.1635 0.1635 0.1635 0.157 0.157 0.1535 0.1535 0.1535 0.1535 0.1535 0.1455 0.1455 0.1115 0.1115 0.1475 0.1475 0.1475 0.124
0.1735 0.1735 0.166 0.166 0.177 0.177 0.175 0.175 0.175 0.178 0.178 0.1735 0.1735 0.1835 0.1835 0.158 0.158 0.158 0.1515 0.1515 0.163 0.163 0.1695 0.1695 0.1695 0.1735 0.1735 0.1855 0.1855 0.1885 0.1885 0.1885 0.1865 0.1865 0.196 0.196 0.187 0.187 0.187 0.1875 0.1875 0.193 0.193 0.2085 0.2085 0.2085 0.199 0.199 0.1795 0.1795 0.177 0.177 0.245 0.245 0.245 0.2125 0.2125 0.211 0.211 0.1925 0.1925 0.1925 0.164 0.164 0.159 0.159 0.1695 0.1695 0.1695 0.127 0.127 0.133 0.133 0.1325 0.1325 0.1325 0.1385
0.1735 0.1735 0.166 0.166 0.177 0.177 0.175 0.175 0.175 0.178 0.178 0.1735 0.1735 0.1835 0.1835 0.158 0.158 0.158 0.1515 0.1515 0.163 0.163 0.1695 0.1695 0.1695 0.1735 0.1735 0.1855 0.1855 0.1885 0.1885 0.1885 0.1865 0.1865 0.196 0.196 0.187 0.187 0.187 0.1875 0.1875 0.193 0.193 0.2085 0.2085 0.2085 0.199 0.199 0.1795 0.1795 0.177 0.177 0.245 0.245 0.245 0.2125 0.2125 0.211 0.211 0.1925 0.1925 0.1925 0.164 0.164 0.159 0.159 0.1695 0.1695 0.1695 0.127 0.127 0.133 0.133 0.1325 0.1325 0.1325 0.1385
0.1855 0.1855 0.169 0.169 0.17 0.17 0.17 0.17 0.17 0.1735 0.1735 0.176 0.176 0.18 0.18 0.192 0.192 0.192 0.167 0.167 0.163 0.163 0.1695 0.1695 0.1695 0.1825 0.1825 0.1995 0.1995 0.2035 0.2035 0.2035 0.217 0.217 0.2045 0.2045 0.203 0.203 0.203 0.194 0.194 0.202 0.202 0.2055 0.2055 0.2055 0.1905 0.1905 0.199 0.199 0.2 0.2 0.2345 0.2345 0.2345 0.213 0.213 0.215 0.215 0.2025 0.2025 0.2025 0.164 0.164 0.1475 0.1475 0.1265 0.1265 0.1265 0.1245 0.1245 0.1385 0.1385 0.1265 0.1265 0.1265 0.134
0.1855 0.1855 0.169 0.169 0.17 0.17 0.17 0.17 0.17 0.1735 0.1735 0.176 0.176 0.18 0.18 0.192 0.192 0.192 0.167 0.167 0.163 0.163 0.1695 0.1695 0.1695 0.1825 0.1825 0.1995 0.1995 0.2035 0.2035 0.2035 0.217 0.217 0.2045 0.2045 0.203 0.203 0.203 0.194 0.194 0.202 0.202 0.2055 0.2055 0.2055 0.1905 0.1905 0.199 0.199 0.2 0.2 0.2345 0.2345 0.2345 0.213 0.213 0.215 0.215 0.2025 0.2025 0.2025 0.164 0.164 0.1475 0.1475 0.1265 0.1265 0.1265 0.1245 0.1245 0.1385 0.1385 0.1265 0.1265 0.1265 0.134
0.1855 0.1855 0.169 0.169 0.17 0.17 0.17 0.17 0.17 0.1735 0.1735 0.176 0.176 0.18 0.18 0.192 0.192 0.192 0.167 0.167 0.163 0.163 0.1695 0.1695 0.1695 0.1825 0.1825 0.1995 0.1995 0.2035 0.2035 0.2035 0.217 0.217 0.2045 0.2045 0.203 0.203 0.203 0.194 0.194 0.202 0.202 0.2055 0.2055 0.2055 0.1905 0.1905 0.199 0.199 0.2 0.2 0.2345 0.2345 0.2345 0.213 0.213 0.215 0.215 0.2025 0.2025 0.2025 0.164 0.164 0.1475 0.1475 0.1265 0.1265 0.1265 0.1245 0.1245 0.1385 0.1385 0.1265 0.1265 0.1265 0.134
0.1925 0.1925 0.168 0.168 0.173 0.173 0.1775 0.1775 0.1775 0.176 0.176 0.1785 0.1785 0.1885 0.1885 0.2 0.2 0.2 0.203 0.203 0.165 0.165 0.164 0.164 0.164 0.1875 0.1875 0.195 0.195 0.1965 0.1965 0.1965 0.2165 0.2165 0.233 0.233 0.207 0.207 0.207 0.2045 0.2045 0.198 0.198 0.2 0.2 0.2 0.1915 0.1915 0.1905 0.1905 0.178 0.178 0.1935 0.1935 0.1935 0.1955 0.1955 0.182 0.182 0.152 0.152 0.152 0.144 0.144 0.1365 0.1365 0.134 0.134 0.134 0.133 0.133 0.1225 0.1225 0.0995 0.0995 0.0995 0.1275
0.1925 0.1925 0.168 0.168 0.173 0.173 0.1775 0.1775 0.1775 0.176 0.176 0.1785 0.1785 0.1885 0.1885 0.2 0.2 0.2 0.203 0.203 0.165 0.165 0.164 0.164 0.164 0.1875 0.1875 0.195 0.195 0.1965 0.1965 0.1965 0.2165 0.2165 0.233 0.233 0.207 0.207 0.207 0.2045 0.2045 0.198 0.198 0.2 0.2 0.2 0.1915 0.1915 0.1905 0.1905 0.178 0.178 0.1935 0.1935 0.1935 0.1955 0.1955 0.182 0.182 0.152 0.152 0.152 0.144 0.144 0.1365 0.1365 0.134 0.134 0.134 0.133 0.133 0.1225 0.1225 0.0995 0.0995 0.0995 0.1275
0.2165 0.2165 0.2045 0.2045 0.197 0.197 0.1905 0.1905 0.1905 0.1805 0.1805 0.167 0.167 0.1785 0.1785 0.1985 0.1985 0.1985 0.195 0.195 0.211 0.211 0.2095 0.2095 0.2095 0.196 0.196 0.2055 0.2055 0.209 0.209 0.209 0.2245 0.2245 0.222 0.222 0.206 0.206 0.206 0.1825 0.1825 0.1825 0.1825 0.186 0.186 0.186 0.21 0.21 0.232 0.232 0.191 0.191 0.2 0.2 0.2 0.182 0.182 0.1725 0.1725 0.1655 0.1655 0.1655 0.1595 0.1595 0.148 0.148 0.14 0.14 0.14 0.1445 0.1445 0.144 0.144 0.1165 0.1165 0.1165 0.1515
0.2165 0.2165 0.2045 0.2045 0.197 0.197 0.1905 0.1905 0.1905 0.1805 0.1805 0.167 0.167 0.1785 0.1785 0.1985 0.1985 0.1985 0.195 0.195 0.211 0.211 0.2095 0.2095 0.2095 0.196 0.196 0.2055 0.2055 0.209 0.209 0.209 0.2245 0.2245 0.222 0.222 0.206 0.206 0.206 0.1825 0.1825 0.1825 0.1825 0.186 0.186 0.186 0.21 0.21 0.232 0.232 0.191 0.191 0.2 0.2 0.2 0.182 0.182 0.1725 0.1725 0.1655 0.1655 0.1655 0.1595 0.1595 0.148 0.148 0.14 0.14 0.14 0.1445 0.1445 0.144 0.144 0.1165 0.1165 0.1165 0.1515
0.219 0.219 0.2115 0.2115 0.2045 0.2045 0.1915 0.1915 0.1915 0.1835 0.1835 0.171 0.171 0.228 0.228 0.2215 0.2215 0.2215 0.226 0.226 0.238 0.238 0.224 0.224 0.224 0.2055 0.2055 0.221 0.221 0.2225 0.2225 0.2225 0.228 0.228 0.22 0.22 0.1975 0.1975 0.1975 0.18 0.18 0.1885 0.1885 0.1985 0.1985 0.1985 0.2105 0.2105 0.198 0.198 0.183 0.183 0.194 0.194 0.194 0.191 0.191 0.1815 0.1815 0.167 0.167 0.167 0.1705 0.1705 0.1645 0.1645 0.1755 0.1755 0.1755 0.1735 0.1735 0.1675 0.1675 0.1485 0.1485 0.1485 0.1665
0.219 0.219 0.2115 0.2115 0.2045 0.2045 0.1915 0.1915 0.1915 0.1835 0.1835 0.171 0.171 0.228 0.228 0.2215 0.2215 0.2215 0.226 0.226 0.238 0.238 0.224 0.224 0.224 0.2055 0.2055 0.221 0.221 0.2225 0.2225 0.2225 0.228 0.228 0.22 0.22 0.1975 0.1975 0.1975 0.18 0.18 0.1885 0.1885 0.1985 0.1985 0.1985 0.2105 0.2105 0.198 0.198 0.183 0.183 0.194 0.194 0.194 0.191 0.191 0.1815 0.1815 0.167 0.167 0.167 0.1705 0.1705 0.1645 0.1645 0.1755 0.1755 0.1755 0.1735 0.1735 0.1675 0.1675 0.1485 0.1485 0.1485 0.1665
0.219 0.219 0.2115 0.2115 0.2045 0.2045 0.1915 0.1915 0.1915 0.1835 0.1835 0.171 0.171 0.228 0.228 0.2215 0.2215 0.2215 0.226 0.226 0.238 0.238 0.224 0.224 0.224 0.2055 0.2055 0.221 0.221 0.2225 0.2225 0.2225 0.228 0.228 0.22 0.22 0.1975 0.1975 0.1975 0.18 0.18 0.1885 0.1885 0.1985 0.1985 0.1985 0.2105 0.2105 0.198 0.198 0.183 0.183 0.194 0.194 0.194 0.191 0.191 0.1815 0.1815 0.167 0.167 0.167 0.1705 0.1705 0.1645 0.1645 0.1755 0.1755 0.1755 0.1735 0.1735 0.1675 0.1675 0.1485 0.1485 0.1485 0.1665
0.198 0.198 0.2065 0.2065 0.191 0.191 0.21 0.21 0.21 0.222 0.222 0.2225 0.2225 0.2355 0.2355 0.242 0.242 0.242 0.249 0.249 0.232 0.232 0.2255 0.2255 0.2255 0.225 0.225 0.2135 0.2135 0.215 0.215 0.215 0.2015 0.2015 0.1915 0.1915 0.221 0.221 0.221 0.178 0.178 0.1895 0.1895 0.1825 0.1825 0.1825 0.195 0.195 0.158 0.158 0.177 0.177 0.1915 0.1915 0.1915 0.1985 0.1985 0.185 0.185 0.175 0.175 0.175 0.1985 0.1985 0.2085 0.2085 0.2095 0.2095 0.2095 0.2065 0.2065 0.2095 0.2095 0.165 0.165 0.165 0.1515
0.198 0.198 0.2065 0.2065 0.191 0.191 0.21 0.21 0.21 0.222 0.222 0.2225 0.2225 0.2355 0.2355 0.242 0.242 0.242 0.249 0.249 0.232 0.232 0.2255 0.2255 0.2255 0.225 0.225 0.2135 0.2135 0.215 0.215 0.215 0.2015 0.2015 0.1915 0.1915 0.221 0.221 0.221 0.178 0.178 0.1895 0.1895 0.1825 0.1825 0.1825 0.195 0.195 0.158 0.158 0.177 0.177 0.1915 0.1915 0.1915 0.1985 0.1985 0.185 0.185 0.175 0.175 0.175 0.1985 0.1985 0.2085 0.2085 0.2095 0.2095 0.2095 0.2065 0.2065 0.2095 0.2095 0.165 0.165 0.165 0.1515
0.2095 0.2095 0.201 0.201 0.2295 0.2295 0.229 0.229 0.229 0.2375 0.2375 0.243 0.243 0.259 0.259 0.2535 0.2535 0.2535 0.258 0.258 0.238 0.238 0.2295 0.2295 0.2295 0.224 0.224 0.203 0.203 0.1945 0.1945 0.1945 0.1885 0.1885 0.2325 0.2325 0.225 0.225 0.225 0.2115 0.2115 0.181 0.181 0.1735 0.1735 0.1735 0.1585 0.1585 0.1485 0.1485 0.1945 0.1945 0.189 0.189 0.189 0.191 0.191 0.214 0.214 0.2235 0.2235 0.2235 0.216 0.216 0.1985 0.1985 0.198 0.198 0.198 0.198 0.198 0.202 0.202 0.2015 0.2015 0.2015 0.12
0.2095 0.2095 0.201 0.201 0.2295 0.2295 0.229 0.229 0.229 0.2375 0.2375 0.243 0.243 0.259 0.259 0.2535 0.2535 0.2535 0.258 0.258 0.238 0.238 0.2295 0.2295 0.2295 0.224 0.224 0.203 0.203 0.1945 0.1945 0.1945 0.1885 0.1885 0.2325 0.2325 0.225 0.225 0.225 0.2115 0.2115 0.181 0.181 0.1735 0.1735 0.1735 0.1585 0.1585 0.1485 0.1485 0.1945 0.1945 0.189 0.189 0.189 0.191 0.191 0.214 0.214 0.2235 0.2235 0.2235 0.216 0.216 0.1985 0.1985 0.198 0.198 0.198 0.198 0.198 0.202 0.202 0.2015 0.2015 0.2015 0.12
0.249 0.249 0.2425 0.2425 0.2405 0.2405 0.2405 0.2405 0.2405 0.2525 0.2525 0.264 0.264 0.258 0.258 0.2755 0.2755 0.2755 0.259 0.259 0.245 0.245 0.2285 0.2285 0.2285 0.2185 0.2185 0.21 0.21 0.187 0.187 0.187 0.1805 0.1805 0.1945 0.1945 0.185 0.185 0.185 0.1995 0.1995 0.1585 0.1585 0.158 0.158 0.158 0.17 0.17 0.1555 0.1555 0.1715 0.1715 0.1765 0.1765 0.1765 0.203 0.203 0.2175 0.2175 0.23 0.23 0.23 0.212 0.212 0.1965 0.1965 0.186 0.186 0.186 0.182 0.182 0.1635 0.1635 0.1505 0.1505 0.1505 0.124
0.249 0.249 0.2425 0.2425 0.2405 0.2405 0.2405 0.2405 0.2405 0.2525 0.2525 0.264 0.264 0.258 0.258 0.2755 0.2755 0.2755 0.259 0.259 0.245 0.245 0.2285 0.2285 0.2285 0.2185 0.2185 0.21 0.21 0.187 0.187 0.187 0.1805 0.1805 0.1945 0.1945 0.185 0.185 0.185 0.1995 0.1995 0.1585 0.1585 0.158 0.158 0.158 0.17 0.17 0.1555 0.1555 0.1715 0.1715 0.1765 0.1765 0.1765 0.203 0.203 0.2175 0.2175 0.23 0.23 0.23 0.212 0.212 0.1965 0.1965 0.186 0.186 0.186 0.182 0.182 0.1635 0.1635 0.1505 0.1505 0.1505 0.124
0.247 0.247 0.237 0.237 0.244 0.244 0.25 0.25 0.25 0.2455 0.2455 0.2565 0.2565 0.2745 0.2745 0.2565 0.2565 0.2565 0.2585 0.2585 0.26 0.26 0.2525 0.2525 0.2525 0.229 0.229 0.206 0.206 0.205 0.205 0.205 0.193 0.193 0.201 0.201 0.181 0.181 0.181 0.1835 0.1835 0.1655 0.1655 0.189 0.189 0.189 0.1995 0.1995 0.139 0.139 0.1465 0.1465 0.167 0.167 0.167 0.1825 0.1825 0.188 0.188 0.2085 0.2085 0.2085 0.216 0.216 0.217 0.217 0.154 0.154 0.154 0.1895 0.1895 0.16 0.16 0.154 0.154 0.154 0.1085
0.247 0.247 0.237 0.237 0.244 0.244 0.25 0.25 0.25 0.2455 0.2455 0.2565 0.2565 0.2745 0.2745 0.2565 0.2565 0.2565 0.2585 0.2585 0.26 0.26 0.2525 0.2525 0.2525 0.229 0.229 0.206 0.206 0.205 0.205 0.205 0.193 0.193 0.201 0.201 0.181 0.181 0.181 0.1835 0.1835 0.1655 0.1655 0.189 0.189 0.189 0.1995 0.1995 0.139 0.139 0.1465 0.1465 0.167 0.167 0.167 0.1825 0.1825 0.188 0.188 0.2085 0.2085 0.2085 0.216 0.216 0.217 0.217 0.154 0.154 0.154 0.1895 0.1895 0.16 0.16 0.154 0.154 0.154 0.1085
0.247 0.247 0.237 0.237 0.244 0.244 0.25 0.25 0.25 0.2455 0.2455 0.2565 0.2565 0.2745 0.2745 0.2565 0.2565 0.2565 0.2585 0.2585 0.26 0.26 0.2525 0.2525 0.2525 0.229 0.229 0.206 0.206 0.205 0.205 0.205 0.193 0.193 0.201 0.201 0.181 0.181 0.181 0.1835 0.1835 0.1655 0.1655 0.189 0.189 0.189 0.1995 0.1995 0.139 0.139 0.1465 0.1465 0.167 0.167 0.167 0.1825 0.1825 0.188 0.188 0.2085 0.2085 0.2085 0.216 0.216 0.217 0.217 0.154 0.154 0.154 0.1895 0.1895 0.16 0.16 0.154 0.154 0.154 0.1085
0.2265 0.2265 0.227 0.227 0.226 0.226 0.225 0.225 0.225 0.1945 0.1945 0.2155 0.2155 0.24 0.24 0.2665 0.2665 0.2665 0.1755 0.1755 0.205 0.205 0.217 0.217 0.217 0.2195 0.2195 0.2105 0.2105 0.2035 0.2035 0.2035 0.213 0.213 0.2155 0.2155 0.2125 0.2125 0.2125 0.1675 0.1675 0.165 0.165 0.182 0.182 0.182 0.175 0.175 0.1195 0.1195 0.1005 0.1005 0.115 0.115 0.115 0.128 0.128 0.1885 0.1885 0.239 0.239 0.239 0.2575 0.2575 0.231 0.231 0.242 0.242 0.242 0.228 0.228 0.2105 0.2105 0.174 0.174 0.174 0.136
0.2265 0.2265 0.227 0.227 0.226 0.226 0.225 0.225 0.225 0.1945 0.1945 0.2155 0.2155 0.24 0.24 0.2665 0.2665 0.2665 0.1755 0.1755 0.205 0.205 0.217 0.217 0.217 0.2195 0.2195 0.2105 0.2105 0.2035 0.2035 0.2035 0.213 0.213 0.2155 0.2155 0.2125 0.2125 0.2125 0.1675 0.1675 0.165 0.165 0.182 0.182 0.182 0.175 0.175 0.1195 0.1195 0.1005 0.1005 0.115 0.115 0.115 0.128 0.128 0.1885 0.1885 0.239 0.239 0.239 0.2575 0.2575 0.231 0.231 0.242 0.242 0.242 0.228 0.228 0.2105 0.2105 0.174 0.174 0.174 0.136
0.218 0.218 0.2345 0.2345 0.218 0.218 0.23 0.23 0.23 0.2345 0.2345 0.235 0.235 0.2355 0.2355 0.192 0.192 0.192 0.1615 0.1615 0.2 0.2 0.1975 0.1975 0.1975 0.204 0.204 0.204 0.204 0.2085 0.2085 0.2085 0.2285 0.2285 0.217 0.217 0.2025 0.2025 0.2025 0.1965 0.1965 0.1665 0.1665 0.171 0.171 0.171 0.1515 0.1515 0.1105 0.1105 0.122 0.122 0.146 0.146 0.146 0.183 0.183 0.2165 0.2165 0.292 0.292 0.292 0.2895 0.2895 0.267 0.267 0.2785 0.2785 0.2785 0.2835 0.2835 0.2355 0.2355 0.1705 0.1705 0.1705 0.1695
0.218 0.218 0.2345 0.2345 0.218 0.218 0.23 0.23 0.23 0.2345 0.2345 0.235 0.235 0.2355 0.2355 0.192 0.192 0.192 0.1615 0.1615 0.2 0.2 0.1975 0.1975 0.1975 0.204 0.204 0.204 0.204 0.2085 0.2085 0.2085 0.2285 0.2285 0.217 0.217 0.2025 0.2025 0.2025 0.1965 0.1965 0.1665 0.1665 0.171 0.171 0.171 0.1515 0.1515 0.1105 0.1105 0.122 0.122 0.146 0.146 0.146 0.183 0.183 0.2165 0.2165 0.292 0.292 0.292 0.2895 0.2895 0.267 0.267 0.2785 0.2785 0.2785 0.2835 0.2835 0.2355 0.2355 0.1705 0.1705 0.1705 0.1695
0.2305 0.2305 0.228 0.228 0.261 0.261 0.2445 0.2445 0.2445 0.263 0.263 0.27 0.27 0.2565 0.2565 0.241 0.241 0.241 0.2185 0.2185 0.2105 0.2105 0.19 0.19 0.19 0.1745 0.1745 0.1935 0.1935 0.2315 0.2315 0.2315 0.214 0.214 0.217 0.217 0.2065 0.2065 0.2065 0.2505 0.2505 0.1995 0.1995 0.149 0.149 0.149 0.1435 0.1435 0.1135 0.1135 0.1345 0.1345 0.1915 0.1915 0.1915 0.204 0.204 0.2255 0.2255 0.269 0.269 0.269 0.255 0.255 0.313 0.313 0.2805 0.2805 0.2805 0.268 0.268 0.2735 0.2735 0.1835 0.1835 0.1835 0.1635
0.2305 0.2305 0.228 0.228 0.261 0.261 0.2445 0.2445 0.2445 0.263 0.263 0.27 0.27 0.2565 0.2565 0.241 0.241 0.241 0.2185 0.2185 0.2105 0.2105 0.19 0.19 0.19 0.1745 0.1745 0.1935 0.1935 0.2315 0.2315 0.2315 0.214 0.214 0.217 0.217 0.2065 0.2065 0.2065 0.2505 0.2505 0.1995 0.1995 0.149 0.149 0.149 0.1435 0.1435 0.1135 0.1135 0.1345 0.1345 0.1915 0.1915 0.1915 0.204 0.204 0.2255 0.2255 0.269 0.269 0.269 0.255 0.255 0.313 0.313 0.2805 0.2805 0.2805 0.268 0.268 0.2735 0.2735 0.1835 0.1835 0.1835 0.1635
0.2305 0.2305 0.228 0.228 0.261 0.261 0.2445 0.2445 0.2445 0.263 0.263 0.27 0.27 0.2565 0.2565 0.241 0.241 0.241 0.2185 0.2185 0.2105 0.2105 0.19 0.19 0.19 0.1745 0.1745 0.1935 0.1935 0.2315 0.2315 0.2315 0.214 0.214 0.217 0.217 0.2065 0.2065 0.2065 0.2505 0.2505 0.1995 0.1995 0.149 0.149 0.149 0.1435 0.1435 0.1135 0.1135 0.1345 0.1345 0.1915 0.1915 0.1915 0.204 0.204 0.2255 0.2255 0.269 0.269 0.269 0.255 0.255 0.313 0.313 0.2805 0.2805 0.2805 0.268 0.268 0.2735 0.2735 0.1835 0.1835 0.1835 0.1635
0.2465 0.2465 0.2235 0.2235 0.22 0.22 0.2625 0.2625 0.2625 0.28 0.28 0.278 0.278 0.278 0.278 0.292 0.292 0.292 0.284 0.284 0.2595 0.2595 0.229 0.229 0.229 0.182 0.182 0.197 0.197 0.186 0.186 0.186 0.217 0.217 0.232 0.232 0.2305 0.2305 0.2305 0.2315 0.2315 0.23 0.23 0.2035 0.2035 0.2035 0.1485 0.1485 0.171 0.171 0.1765 0.1765 0.231 0.231 0.231 0.2345 0.2345 0.2355 0.2355 0.243 0.243 0.243 0.2725 0.2725 0.298 0.298 0.2905 0.2905 0.2905 0.3095 0.3095 0.255 0.255 0.254 0.254 0.254 0.1555
