ndvi/NOAA-305.asc
ncols         252
nrows         154
xllcorner     -18.017974
yllcorner     13.481982
cellsize      0.035948
NODATA_value  -9999
[rows 102 to 135 of 154, columns 0 to 76 of 252]
-1 -1 -1 -1 -1 -1 -1 -1 -1 -1 -1 -1 -1 -1 -1 -1 -1 -1 -1 -1 -1 -1 -1 -1 -1 0.0612 0.0612 0.0612 0.13 0.13 0.232 0.232 0.2415 0.2415 0.2415 0.2455 0.2455 0.2435 0.2435 0.246 0.246 0.246 0.2515 0.2515 0.275 0.275 0.247 0.247 0.247 0.2455 0.2455 0.2695 0.2695 0.2935 0.2935 0.2875 0.2875 0.2875 0.2855 0.2855 0.299 0.299 0.299 0.299 0.299 0.2645 0.2645 0.2665 0.2665 0.265 0.265 0.265 0.261 0.261 0.2495 0.2495 0.222
-1 -1 -1 -1 -1 -1 -1 -1 -1 -1 -1 -1 -1 -1 -1 -1 -1 -1 -1 -1 -1 -1 -1 0.0027 0.0027 0.22 0.22 0.22 0.267 0.267 0.2275 0.2275 0.2357 0.2357 0.2357 0.2535 0.2535 0.2667 0.2667 0.262 0.262 0.262 0.2706 0.2706 0.264 0.264 0.249 0.249 0.249 0.248 0.248 0.263 0.263 0.271 0.271 0.2635 0.2635 0.2635 0.268 0.268 0.271 0.271 0.271 0.271 0.271 0.267 0.267 0.269 0.269 0.2665 0.2665 0.2665 0.2605 0.2605 0.254 0.254 0.2475
-1 -1 -1 -1 -1 -1 -1 -1 -1 -1 -1 -1 -1 -1 -1 -1 -1 -1 -1 -1 -1 -1 -1 0.0027 0.0027 0.22 0.22 0.22 0.267 0.267 0.2275 0.2275 0.2357 0.2357 0.2357 0.2535 0.2535 0.2667 0.2667 0.262 0.262 0.262 0.2706 0.2706 0.264 0.264 0.249 0.249 0.249 0.248 0.248 0.263 0.263 0.271 0.271 0.2635 0.2635 0.2635 0.268 0.268 0.271 0.271 0.271 0.271 0.271 0.267 0.267 0.269 0.269 0.2665 0.2665 0.2665 0.2605 0.2605 0.254 0.254 0.2475
-1 -1 -1 -1 -1 -1 -1 -1 -1 -1 -1 -1 -1 -1 -1 -1 -1 -1 -1 -1 -1 -1 -1 0.0027 0.0027 0.22 0.22 0.22 0.267 0.267 0.2275 0.2275 0.2357 0.2357 0.2357 0.2535 0.2535 0.2667 0.2667 0.262 0.262 0.262 0.2706 0.2706 0.264 0.264 0.249 0.249 0.249 0.248 0.248 0.263 0.263 0.271 0.271 0.2635 0.2635 0.2635 0.268 0.268 0.271 0.271 0.271 0.271 0.271 0.267 0.267 0.269 0.269 0.2665 0.2665 0.2665 0.2605 0.2605 0.254 0.254 0.2475
-1 -1 -1 -1 -1 -1 -1 -1 -1 -1 -1 -1 -1 -1 -1 -1 -1 -1 -1 -1 -1 0.0362 0.0362 0.1345 0.1345 0.222 0.222 0.222 0.2255 0.2255 0.2165 0.2165 0.2455 0.2455 0.2455 0.262 0.262 0.2595 0.2595 0.257 0.257 0.257 0.2565 0.2565 0.27 0.27 0.2385 0.2385 0.2385 0.2655 0.2655 0.2615 0.2615 0.28 0.28 0.2715 0.2715 0.2715 0.2715 0.2715 0.2555 0.2555 0.2555 0.2555 0.2555 0.2715 0.2715 0.2765 0.2765 0.2745 0.2745 0.2745 0.269 0.269 0.259 0.259 0.244
-1 -1 -1 -1 -1 -1 -1 -1 -1 -1 -1 -1 -1 -1 -1 -1 -1 -1 -1 -1 -1 0.0362 0.0362 0.1345 0.1345 0.222 0.222 0.222 0.2255 0.2255 0.2165 0.2165 0.2455 0.2455 0.2455 0.262 0.262 0.2595 0.2595 0.257 0.257 0.257 0.2565 0.2565 0.27 0.27 0.2385 0.2385 0.2385 0.2655 0.2655 0.2615 0.2615 0.28 0.28 0.2715 0.2715 0.2715 0.2715 0.2715 0.2555 0.2555 0.2555 0.2555 0.2555 0.2715 0.2715 0.2765 0.2765 0.2745 0.2745 0.2745 0.269 0.269 0.259 0.259 0.244
-1 -1 -1 -1 -1 -1 -1 -1 -1 -1 -1 -1 -1 -1 -1 -1 -1 -1 -1 -1 -1 0.1265 0.1265 0.2635 0.2635 0.2535 0.2535 0.2535 0.2445 0.2445 0.235 0.235 0.2545 0.2545 0.2545 0.2685 0.2685 0.267 0.267 0.263 0.263 0.263 0.28 0.28 0.2585 0.2585 0.248 0.248 0.248 0.2575 0.2575 0.2776 0.2776 0.2765 0.2765 0.2685 0.2685 0.2685 0.271 0.271 0.265 0.265 0.265 0.265 0.265 0.261 0.261 0.2745 0.2745 0.2695 0.2695 0.2695 0.2735 0.2735 0.257 0.257 0.252
-1 -1 -1 -1 -1 -1 -1 -1 -1 -1 -1 -1 -1 -1 -1 -1 -1 -1 -1 -1 -1 0.1265 0.1265 0.2635 0.2635 0.2535 0.2535 0.2535 0.2445 0.2445 0.235 0.235 0.2545 0.2545 0.2545 0.2685 0.2685 0.267 0.267 0.263 0.263 0.263 0.28 0.28 0.2585 0.2585 0.248 0.248 0.248 0.2575 0.2575 0.2776 0.2776 0.2765 0.2765 0.2685 0.2685 0.2685 0.271 0.271 0.265 0.265 0.265 0.265 0.265 0.261 0.261 0.2745 0.2745 0.2695 0.2695 0.2695 0.2735 0.2735 0.257 0.257 0.252
-1 -1 -1 -1 -1 -1 -1 -1 -1 -1 -1 -1 -1 -1 -1 -1 -1 -1 0.0655 0.0655 0.0655 0.2735 0.2735 0.2605 0.2605 0.2445 0.2445 0.2445 0.2505 0.2505 0.2535 0.2535 0.2525 0.2525 0.2525 0.2605 0.2605 0.2565 0.2565 0.2695 0.2695 0.2695 0.2995 0.2995 0.2735 0.2735 0.26 0.26 0.26 0.2715 0.2715 0.2705 0.2705 0.2745 0.2745 0.2571 0.2571 0.2571 0.2515 0.2515 0.2635 0.2635 0.2635 0.2635 0.2635 0.2705 0.2705 0.2795 0.2795 0.272 0.272 0.272 0.2485 0.2485 0.2635 0.2635 0.2435
-1 -1 -1 -1 -1 -1 -1 -1 -1 -1 -1 -1 -1 -1 -1 -1 -1 -1 0.0655 0.0655 0.0655 0.2735 0.2735 0.2605 0.2605 0.2445 0.2445 0.2445 0.2505 0.2505 0.2535 0.2535 0.2525 0.2525 0.2525 0.2605 0.2605 0.2565 0.2565 0.2695 0.2695 0.2695 0.2995 0.2995 0.2735 0.2735 0.26 0.26 0.26 0.2715 0.2715 0.2705 0.2705 0.2745 0.2745 0.2571 0.2571 0.2571 0.2515 0.2515 0.2635 0.2635 0.2635 0.2635 0.2635 0.2705 0.2705 0.2795 0.2795 0.272 0.272 0.272 0.2485 0.2485 0.2635 0.2635 0.2435
-1 -1 -1 -1 -1 -1 -1 -1 -1 -1 -1 -1 -1 -1 -1 -1 -1 -1 0.0655 0.0655 0.0655 0.2735 0.2735 0.2605 0.2605 0.2445 0.2445 0.2445 0.2505 0.2505 0.2535 0.2535 0.2525 0.2525 0.2525 0.2605 0.2605 0.2565 0.2565 0.2695 0.2695 0.2695 0.2995 0.2995 0.2735 0.2735 0.26 0.26 0.26 0.2715 0.2715 0.2705 0.2705 0.2745 0.2745 0.2571 0.2571 0.2571 0.2515 0.2515 0.2635 0.2635 0.2635 0.2635 0.2635 0.2705 0.2705 0.2795 0.2795 0.272 0.272 0.272 0.2485 0.2485 0.2635 0.2635 0.2435
-1 -1 -1 -1 -1 -1 -1 -1 -1 -1 -1 -1 -1 -1 -1 -1 0.1727 0.1727 0.313 0.313 0.313 0.287 0.287 0.275 0.275 0.2526 0.2526 0.2526 0.2545 0.2545 0.265 0.265 0.2535 0.2535 0.2535 0.248 0.248 0.2425 0.2425 0.2525 0.2525 0.2525 0.2675 0.2675 0.2495 0.2495 0.2555 0.2555 0.2555 0.2725 0.2725 0.264 0.264 0.259 0.259 0.255 0.255 0.255 0.258 0.258 0.2695 0.2695 0.2695 0.2695 0.2695 0.2685 0.2685 0.2675 0.2675 0.2815 0.2815 0.2815 0.2795 0.2795 0.2585 0.2585 0.283
-1 -1 -1 -1 -1 -1 -1 -1 -1 -1 -1 -1 -1 -1 -1 -1 0.1727 0.1727 0.313 0.313 0.313 0.287 0.287 0.275 0.275 0.2526 0.2526 0.2526 0.2545 0.2545 0.265 0.265 0.2535 0.2535 0.2535 0.248 0.248 0.2425 0.2425 0.2525 0.2525 0.2525 0.2675 0.2675 0.2495 0.2495 0.2555 0.2555 0.2555 0.2725 0.2725 0.264 0.264 0.259 0.259 0.255 0.255 0.255 0.258 0.258 0.2695 0.2695 0.2695 0.2695 0.2695 0.2685 0.2685 0.2675 0.2675 0.2815 0.2815 0.2815 0.2795 0.2795 0.2585 0.2585 0.283
-1 -1 -1 -1 -1 -1 -1 -1 -1 -1 -1 -1 0.1272 0.1272 0.1625 0.1625 0.094 0.094 0.2805 0.2805 0.2805 0.261 0.261 0.268 0.268 0.2605 0.2605 0.2605 0.253 0.253 0.275 0.275 0.262 0.262 0.262 0.253 0.253 0.25 0.25 0.2545 0.2545 0.2545 0.255 0.255 0.252 0.252 0.2385 0.2385 0.2385 0.2435 0.2435 0.2625 0.2625 0.266 0.266 0.2735 0.2735 0.2735 0.2775 0.2775 0.273 0.273 0.273 0.273 0.273 0.2535 0.2535 0.2605 0.2605 0.276 0.276 0.276 0.271 0.271 0.2645 0.2645 0.2835
-1 -1 -1 -1 -1 -1 -1 -1 -1 -1 -1 -1 0.1272 0.1272 0.1625 0.1625 0.094 0.094 0.2805 0.2805 0.2805 0.261 0.261 0.268 0.268 0.2605 0.2605 0.2605 0.253 0.253 0.275 0.275 0.262 0.262 0.262 0.253 0.253 0.25 0.25 0.2545 0.2545 0.2545 0.255 0.255 0.252 0.252 0.2385 0.2385 0.2385 0.2435 0.2435 0.2625 0.2625 0.266 0.266 0.2735 0.2735 0.2735 0.2775 0.2775 0.273 0.273 0.273 0.273 0.273 0.2535 0.2535 0.2605 0.2605 0.276 0.276 0.276 0.271 0.271 0.2645 0.2645 0.2835
-1 -1 -1 -1 -1 -1 -1 -1 -1 0.1197 0.1197 0.1197 0.083 0.083 0.1442 0.1442 0.1427 0.1427 0.067 0.067 0.067 0.2955 0.2955 0.2705 0.2705 0.279 0.279 0.279 0.2645 0.2645 0.2515 0.2515 0.255 0.255 0.255 0.2425 0.2425 0.251 0.251 0.2575 0.2575 0.2575 0.2555 0.2555 0.2415 0.2415 0.2435 0.2435 0.2435 0.2495 0.2495 0.256 0.256 0.2621 0.2621 0.257 0.257 0.257 0.256 0.256 0.2565 0.2565 0.2565 0.2565 0.2565 0.268 0.268 0.2585 0.2585 0.2495 0.2495 0.2495 0.262 0.262 0.2785 0.2785 0.256
-1 -1 -1 -1 -1 -1 -1 -1 -1 0.1197 0.1197 0.1197 0.083 0.083 0.1442 0.1442 0.1427 0.1427 0.067 0.067 0.067 0.2955 0.2955 0.2705 0.2705 0.279 0.279 0.279 0.2645 0.2645 0.2515 0.2515 0.255 0.255 0.255 0.2425 0.2425 0.251 0.251 0.2575 0.2575 0.2575 0.2555 0.2555 0.2415 0.2415 0.2435 0.2435 0.2435 0.2495 0.2495 0.256 0.256 0.2621 0.2621 0.257 0.257 0.257 0.256 0.256 0.2565 0.2565 0.2565 0.2565 0.2565 0.268 0.268 0.2585 0.2585 0.2495 0.2495 0.2495 0.262 0.262 0.2785 0.2785 0.256
-1 -1 -1 -1 -1 -1 -1 -1 -1 0.1197 0.1197 0.1197 0.083 0.083 0.1442 0.1442 0.1427 0.1427 0.067 0.067 0.067 0.2955 0.2955 0.2705 0.2705 0.279 0.279 0.279 0.2645 0.2645 0.2515 0.2515 0.255 0.255 0.255 0.2425 0.2425 0.251 0.251 0.2575 0.2575 0.2575 0.2555 0.2555 0.2415 0.2415 0.2435 0.2435 0.2435 0.2495 0.2495 0.256 0.256 0.2621 0.2621 0.257 0.257 0.257 0.256 0.256 0.2565 0.2565 0.2565 0.2565 0.2565 0.268 0.268 0.2585 0.2585 0.2495 0.2495 0.2495 0.262 0.262 0.2785 0.2785 0.256
-1 -1 -1 -1 -1 -1 -1 -1 -1 -1 -1 -1 0.1242 0.1242 0.1142 0.1142 0.1772 0.1772 0.1437 0.1437 0.1437 0.195 0.195 0.2925 0.2925 0.2875 0.2875 0.2875 0.276 0.276 0.2625 0.2625 0.2555 0.2555 0.2555 0.248 0.248 0.24 0.24 0.245 0.245 0.245 0.247 0.247 0.24 0.24 0.232 0.232 0.232 0.2542 0.2542 0.242 0.242 0.247 0.247 0.2385 0.2385 0.2385 0.242 0.242 0.237 0.237 0.237 0.237 0.237 0.24 0.24 0.2365 0.2365 0.243 0.243 0.243 0.258 0.258 0.278 0.278 0.2545
-1 -1 -1 -1 -1 -1 -1 -1 -1 -1 -1 -1 0.1242 0.1242 0.1142 0.1142 0.1772 0.1772 0.1437 0.1437 0.1437 0.195 0.195 0.2925 0.2925 0.2875 0.2875 0.2875 0.276 0.276 0.2625 0.2625 0.2555 0.2555 0.2555 0.248 0.248 0.24 0.24 0.245 0.245 0.245 0.247 0.247 0.24 0.24 0.232 0.232 0.232 0.2542 0.2542 0.242 0.242 0.247 0.247 0.2385 0.2385 0.2385 0.242 0.242 0.237 0.237 0.237 0.237 0.237 0.24 0.24 0.2365 0.2365 0.243 0.243 0.243 0.258 0.258 0.278 0.278 0.2545
-1 -1 -1 -1 -1 -1 -1 -1 -1 -1 -1 -1 -1 -1 -1 -1 -1 -1 0.1042 0.1042 0.1042 0.1525 0.1525 0.2435 0.2435 0.2835 0.2835 0.2835 0.2615 0.2615 0.2565 0.2565 0.2515 0.2515 0.2515 0.2305 0.2305 0.2505 0.2505 0.252 0.252 0.252 0.249 0.249 0.244 0.244 0.2325 0.2325 0.2325 0.234 0.234 0.246 0.246 0.2475 0.2475 0.24 0.24 0.24 0.2325 0.2325 0.2285 0.2285 0.2285 0.2285 0.2285 0.2295 0.2295 0.2145 0.2145 0.2495 0.2495 0.2495 0.2565 0.2565 0.267 0.267 0.2485
-1 -1 -1 -1 -1 -1 -1 -1 -1 -1 -1 -1 -1 -1 -1 -1 -1 -1 0.1042 0.1042 0.1042 0.1525 0.1525 0.2435 0.2435 0.2835 0.2835 0.2835 0.2615 0.2615 0.2565 0.2565 0.2515 0.2515 0.2515 0.2305 0.2305 0.2505 0.2505 0.252 0.252 0.252 0.249 0.249 0.244 0.244 0.2325 0.2325 0.2325 0.234 0.234 0.246 0.246 0.2475 0.2475 0.24 0.24 0.24 0.2325 0.2325 0.2285 0.2285 0.2285 0.2285 0.2285 0.2295 0.2295 0.2145 0.2145 0.2495 0.2495 0.2495 0.2565 0.2565 0.267 0.267 0.2485
-1 -1 -1 -1 -1 -1 -1 -1 -1 -1 -1 -1 -1 -1 -1 -1 -1 -1 -1 -1 -1 0.1697 0.1697 0.1485 0.1485 0.2595 0.2595 0.2595 0.276 0.276 0.2965 0.2965 0.259 0.259 0.259 0.255 0.255 0.239 0.239 0.231 0.231 0.231 0.2415 0.2415 0.2435 0.2435 0.248 0.248 0.248 0.225 0.225 0.228 0.228 0.2405 0.2405 0.2345 0.2345 0.2345 0.248 0.248 0.2605 0.2605 0.2605 0.2605 0.2605 0.2335 0.2335 0.259 0.259 0.261 0.261 0.261 0.2435 0.2435 0.233 0.233 0.267
-1 -1 -1 -1 -1 -1 -1 -1 -1 -1 -1 -1 -1 -1 -1 -1 -1 -1 -1 -1 -1 0.1697 0.1697 0.1485 0.1485 0.2595 0.2595 0.2595 0.276 0.276 0.2965 0.2965 0.259 0.259 0.259 0.255 0.255 0.239 0.239 0.231 0.231 0.231 0.2415 0.2415 0.2435 0.2435 0.248 0.248 0.248 0.225 0.225 0.228 0.228 0.2405 0.2405 0.2345 0.2345 0.2345 0.248 0.248 0.2605 0.2605 0.2605 0.2605 0.2605 0.2335 0.2335 0.259 0.259 0.261 0.261 0.261 0.2435 0.2435 0.233 0.233 0.267
-1 -1 -1 -1 -1 -1 -1 -1 -1 -1 -1 -1 -1 -1 -1 -1 -1 -1 -1 -1 -1 0.1627 0.1627 0.0742 0.0742 0.168 0.168 0.168 0.2585 0.2585 0.289 0.289 0.277 0.277 0.277 0.266 0.266 0.249 0.249 0.2015 0.2015 0.2015 0.2485 0.2485 0.2225 0.2225 0.2515 0.2515 0.2515 0.238 0.238 0.241 0.241 0.248 0.248 0.2535 0.2535 0.2535 0.2465 0.2465 0.248 0.248 0.248 0.248 0.248 0.2395 0.2395 0.2745 0.2745 0.2775 0.2775 0.2775 0.255 0.255 0.2715 0.2715 0.254
-1 -1 -1 -1 -1 -1 -1 -1 -1 -1 -1 -1 -1 -1 -1 -1 -1 -1 -1 -1 -1 0.1627 0.1627 0.0742 0.0742 0.168 0.168 0.168 0.2585 0.2585 0.289 0.289 0.277 0.277 0.277 0.266 0.266 0.249 0.249 0.2015 0.2015 0.2015 0.2485 0.2485 0.2225 0.2225 0.2515 0.2515 0.2515 0.238 0.238 0.241 0.241 0.248 0.248 0.2535 0.2535 0.2535 0.2465 0.2465 0.248 0.248 0.248 0.248 0.248 0.2395 0.2395 0.2745 0.2745 0.2775 0.2775 0.2775 0.255 0.255 0.2715 0.2715 0.254
-1 -1 -1 -1 -1 -1 -1 -1 -1 -1 -1 -1 -1 -1 -1 -1 -1 -1 -1 -1 -1 0.1627 0.1627 0.0742 0.0742 0.168 0.168 0.168 0.2585 0.2585 0.289 0.289 0.277 0.277 0.277 0.266 0.266 0.249 0.249 0.2015 0.2015 0.2015 0.2485 0.2485 0.2225 0.2225 0.2515 0.2515 0.2515 0.238 0.238 0.241 0.241 0.248 0.248 0.2535 0.2535 0.2535 0.2465 0.2465 0.248 0.248 0.248 0.248 0.248 0.2395 0.2395 0.2745 0.2745 0.2775 0.2775 0.2775 0.255 0.255 0.2715 0.2715 0.254
-1 -1 -1 -1 -1 -1 -1 -1 -1 -1 -1 -1 -1 -1 -1 -1 -1 -1 -1 -1 -1 -1 -1 0.1687 0.1687 0.0905 0.0905 0.0905 0.2355 0.2355 0.2905 0.2905 0.27 0.27 0.27 0.241 0.241 0.2192 0.2192 0.2081 0.2081 0.2081 0.226 0.226 0.227 0.227 0.2215 0.2215 0.2215 0.2305 0.2305 0.273 0.273 0.2775 0.2775 0.2745 0.2745 0.2745 0.232 0.232 0.2395 0.2395 0.2395 0.2395 0.2395 0.2105 0.2105 0.2215 0.2215 0.2645 0.2645 0.2645 0.27 0.27 0.255 0.255 0.2395
-1 -1 -1 -1 -1 -1 -1 -1 -1 -1 -1 -1 -1 -1 -1 -1 -1 -1 -1 -1 -1 -1 -1 0.1687 0.1687 0.0905 0.0905 0.0905 0.2355 0.2355 0.2905 0.2905 0.27 0.27 0.27 0.241 0.241 0.2192 0.2192 0.2081 0.2081 0.2081 0.226 0.226 0.227 0.227 0.2215 0.2215 0.2215 0.2305 0.2305 0.273 0.273 0.2775 0.2775 0.2745 0.2745 0.2745 0.232 0.232 0.2395 0.2395 0.2395 0.2395 0.2395 0.2105 0.2105 0.2215 0.2215 0.2645 0.2645 0.2645 0.27 0.27 0.255 0.255 0.2395
-1 -1 -1 -1 -1 -1 -1 -1 -1 -1 -1 -1 -1 -1 -1 -1 -1 -1 -1 -1 -1 -1 -1 -1 -1 0.0669 0.0669 0.0669 0.1225 0.1225 0.2065 0.2065 0.195 0.195 0.195 0.1995 0.1995 0.1904 0.1904 0.1992 0.1992 0.1992 0.2751 0.2751 0.2155 0.2155 0.273 0.273 0.273 0.2245 0.2245 0.2495 0.2495 0.26 0.26 0.268 0.268 0.268 0.2485 0.2485 0.2545 0.2545 0.2545 0.2545 0.2545 0.237 0.237 0.247 0.247 0.253 0.253 0.253 0.272 0.272 0.269 0.269 0.2165
-1 -1 -1 -1 -1 -1 -1 -1 -1 -1 -1 -1 -1 -1 -1 -1 -1 -1 -1 -1 -1 -1 -1 -1 -1 0.0669 0.0669 0.0669 0.1225 0.1225 0.2065 0.2065 0.195 0.195 0.195 0.1995 0.1995 0.1904 0.1904 0.1992 0.1992 0.1992 0.2751 0.2751 0.2155 0.2155 0.273 0.273 0.273 0.2245 0.2245 0.2495 0.2495 0.26 0.26 0.268 0.268 0.268 0.2485 0.2485 0.2545 0.2545 0.2545 0.2545 0.2545 0.237 0.237 0.247 0.247 0.253 0.253 0.253 0.272 0.272 0.269 0.269 0.2165
-1 -1 -1 -1 -1 -1 -1 -1 -1 -1 -1 -1 -1 -1 -1 -1 -1 -1 -1 -1 -1 -1 -1 -1 -1 0.1092 0.1092 0.1092 0.1114 0.1114 0.2015 0.2015 0.192 0.192 0.192 0.2104 0.2104 0.1762 0.1762 0.23 0.23 0.23 0.2675 0.2675 0.2685 0.2685 0.2825 0.2825 0.2825 0.2617 0.2617 0.251 0.251 0.2525 0.2525 0.248 0.248 0.248 0.263 0.263 0.251 0.251 0.251 0.251 0.251 0.2415 0.2415 0.24 0.24 0.2175 0.2175 0.2175 0.212 0.212 0.248 0.248 0.2555
-1 -1 -1 -1 -1 -1 -1 -1 -1 -1 -1 -1 -1 -1 -1 -1 -1 -1 -1 -1 -1 -1 -1 -1 -1 0.1092 0.1092 0.1092 0.1114 0.1114 0.2015 0.2015 0.192 0.192 0.192 0.2104 0.2104 0.1762 0.1762 0.23 0.23 0.23 0.2675 0.2675 0.2685 0.2685 0.2825 0.2825 0.2825 0.2617 0.2617 0.251 0.251 0.2525 0.2525 0.248 0.248 0.248 0.263 0.263 0.251 0.251 0.251 0.251 0.251 0.2415 0.2415 0.24 0.24 0.2175 0.2175 0.2175 0.212 0.212 0.248 0.248 0.2555
-1 -1 -1 -1 -1 -1 -1 -1 -1 -1 -1 -1 -1 -1 -1 -1 -1 -1 -1 -1 -1 -1 -1 -1 -1 0.1092 0.1092 0.1092 0.1114 0.1114 0.2015 0.2015 0.192 0.192 0.192 0.2104 0.2104 0.1762 0.1762 0.23 0.23 0.23 0.2675 0.2675 0.2685 0.2685 0.2825 0.2825 0.2825 0.2617 0.2617 0.251 0.251 0.2525 0.2525 0.248 0.248 0.248 0.263 0.263 0.251 0.251 0.251 0.251 0.251 0.2415 0.2415 0.24 0.24 0.2175 0.2175 0.2175 0.212 0.212 0.248 0.248 0.2555
