ndvi/NOAA-98.asc
ncols         252
nrows         154
xllcorner     -18.017974
yllcorner     13.481982
cellsize      0.035948
NODATA_value  -9999
[rows 68 to 101 of 154, columns 0 to 77 of 252]
-1 -1 -1 -1 -1 -1 -1 -1 -1 -1 -1 -1 -1 -1 -1 -1 -1 -1 -1 -1 -1 -1 -1 -1 -1 -1 -1 -1 -1 -1 -1 -1 -1 -1 -1 -1 -1 -1 -1 0.215 0.215 0.215 0.1995 0.1995 0.3575 0.3575 0.364 0.364 0.364 0.283 0.283 0.2865 0.2865 0.269 0.269 0.2685 0.2685 0.2685 0.349 0.349 0.348 0.348 0.348 0.348 0.348 0.3465 0.3465 0.39 0.39 0.22 0.22 0.22 0.21 0.21 0.206 0.206 0.2115 0.2115
-1 -1 -1 -1 -1 -1 -1 -1 -1 -1 -1 -1 -1 -1 -1 -1 -1 -1 -1 -1 -1 -1 -1 -1 -1 -1 -1 -1 -1 -1 -1 -1 -1 -1 -1 -1 -1 -1 -1 0.235 0.235 0.235 0.2705 0.2705 0.3865 0.3865 0.318 0.318 0.318 0.3105 0.3105 0.284 0.284 0.2485 0.2485 0.194 0.194 0.194 0.3765 0.3765 0.4005 0.4005 0.4005 0.4005 0.4005 0.296 0.296 0.2555 0.2555 0.203 0.203 0.203 0.2125 0.2125 0.2145 0.2145 0.2185 0.2185
-1 -1 -1 -1 -1 -1 -1 -1 -1 -1 -1 -1 -1 -1 -1 -1 -1 -1 -1 -1 -1 -1 -1 -1 -1 -1 -1 -1 -1 -1 -1 -1 -1 -1 -1 -1 -1 -1 -1 0.235 0.235 0.235 0.2705 0.2705 0.3865 0.3865 0.318 0.318 0.318 0.3105 0.3105 0.284 0.284 0.2485 0.2485 0.194 0.194 0.194 0.3765 0.3765 0.4005 0.4005 0.4005 0.4005 0.4005 0.296 0.296 0.2555 0.2555 0.203 0.203 0.203 0.2125 0.2125 0.2145 0.2145 0.2185 0.2185
-1 -1 -1 -1 -1 -1 -1 -1 -1 -1 -1 -1 -1 -1 -1 -1 -1 -1 -1 -1 -1 -1 -1 -1 -1 -1 -1 -1 -1 -1 -1 -1 -1 -1 -1 -1 -1 0.0897 0.0897 0.178 0.178 0.178 0.291 0.291 0.2905 0.2905 0.28 0.28 0.28 0.248 0.248 0.2215 0.2215 0.225 0.225 0.194 0.194 0.194 0.224 0.224 0.2925 0.2925 0.2925 0.2925 0.2925 0.24 0.24 0.2325 0.2325 0.224 0.224 0.224 0.2175 0.2175 0.2295 0.2295 0.226 0.226
-1 -1 -1 -1 -1 -1 -1 -1 -1 -1 -1 -1 -1 -1 -1 -1 -1 -1 -1 -1 -1 -1 -1 -1 -1 -1 -1 -1 -1 -1 -1 -1 -1 -1 -1 -1 -1 0.0897 0.0897 0.178 0.178 0.178 0.291 0.291 0.2905 0.2905 0.28 0.28 0.28 0.248 0.248 0.2215 0.2215 0.225 0.225 0.194 0.194 0.194 0.224 0.224 0.2925 0.2925 0.2925 0.2925 0.2925 0.24 0.24 0.2325 0.2325 0.224 0.224 0.224 0.2175 0.2175 0.2295 0.2295 0.226 0.226
-1 -1 -1 -1 -1 -1 -1 -1 -1 -1 -1 -1 -1 -1 -1 -1 -1 -1 -1 -1 -1 -1 -1 -1 -1 -1 -1 -1 -1 -1 -1 -1 -1 -1 -1 -1 -1 0.0897 0.0897 0.178 0.178 0.178 0.291 0.291 0.2905 0.2905 0.28 0.28 0.28 0.248 0.248 0.2215 0.2215 0.225 0.225 0.194 0.194 0.194 0.224 0.224 0.2925 0.2925 0.2925 0.2925 0.2925 0.24 0.24 0.2325 0.2325 0.224 0.224 0.224 0.2175 0.2175 0.2295 0.2295 0.226 0.226
-1 -1 -1 -1 -1 -1 -1 -1 -1 -1 -1 -1 -1 -1 -1 -1 -1 -1 -1 -1 -1 -1 -1 -1 -1 -1 -1 -1 -1 -1 -1 -1 -1 -1 -1 -1 -1 0.0317 0.0317 0.1775 0.1775 0.1775 0.2805 0.2805 0.2825 0.2825 0.238 0.238 0.238 0.2215 0.2215 0.231 0.231 0.194 0.194 0.208 0.208 0.208 0.199 0.199 0.213 0.213 0.213 0.213 0.213 0.234 0.234 0.236 0.236 0.2405 0.2405 0.2405 0.232 0.232 0.2315 0.2315 0.2325 0.2325
-1 -1 -1 -1 -1 -1 -1 -1 -1 -1 -1 -1 -1 -1 -1 -1 -1 -1 -1 -1 -1 -1 -1 -1 -1 -1 -1 -1 -1 -1 -1 -1 -1 -1 -1 -1 -1 0.0317 0.0317 0.1775 0.1775 0.1775 0.2805 0.2805 0.2825 0.2825 0.238 0.238 0.238 0.2215 0.2215 0.231 0.231 0.194 0.194 0.208 0.208 0.208 0.199 0.199 0.213 0.213 0.213 0.213 0.213 0.234 0.234 0.236 0.236 0.2405 0.2405 0.2405 0.232 0.232 0.2315 0.2315 0.2325 0.2325
-1 -1 -1 -1 -1 -1 -1 -1 -1 -1 -1 -1 -1 -1 -1 -1 -1 -1 -1 -1 -1 -1 -1 -1 -1 -1 -1 -1 -1 -1 -1 -1 -1 -1 -1 -1 -1 -0.0003 -0.0003 0.1615 0.1615 0.1615 0.272 0.272 0.2785 0.2785 0.2305 0.2305 0.2305 0.246 0.246 0.231 0.231 0.231 0.231 0.2285 0.2285 0.2285 0.2315 0.2315 0.2335 0.2335 0.2335 0.2335 0.2335 0.2405 0.2405 0.241 0.241 0.2185 0.2185 0.2185 0.212 0.212 0.2145 0.2145 0.218 0.218
-1 -1 -1 -1 -1 -1 -1 -1 -1 -1 -1 -1 -1 -1 -1 -1 -1 -1 -1 -1 -1 -1 -1 -1 -1 -1 -1 -1 -1 -1 -1 -1 -1 -1 -1 -1 -1 -0.0003 -0.0003 0.1615 0.1615 0.1615 0.272 0.272 0.2785 0.2785 0.2305 0.2305 0.2305 0.246 0.246 0.231 0.231 0.231 0.231 0.2285 0.2285 0.2285 0.2315 0.2315 0.2335 0.2335 0.2335 0.2335 0.2335 0.2405 0.2405 0.241 0.241 0.2185 0.2185 0.2185 0.212 0.212 0.2145 0.2145 0.218 0.218
-1 -1 -1 -1 -1 -1 -1 -1 -1 -1 -1 -1 -1 -1 -1 -1 -1 -1 -1 -1 -1 -1 -1 -1 -1 -1 -1 -1 -1 -1 -1 -1 -1 -1 -1 -1 -1 0.0327 0.0327 0.1905 0.1905 0.1905 0.2285 0.2285 0.2635 0.2635 0.2355 0.2355 0.2355 0.2395 0.2395 0.239 0.239 0.244 0.244 0.2345 0.2345 0.2345 0.22 0.22 0.213 0.213 0.213 0.213 0.213 0.2335 0.2335 0.236 0.236 0.22 0.22 0.22 0.218 0.218 0.2055 0.2055 0.2095 0.2095
-1 -1 -1 -1 -1 -1 -1 -1 -1 -1 -1 -1 -1 -1 -1 -1 -1 -1 -1 -1 -1 -1 -1 -1 -1 -1 -1 -1 -1 -1 -1 -1 -1 -1 -1 -1 -1 0.0327 0.0327 0.1905 0.1905 0.1905 0.2285 0.2285 0.2635 0.2635 0.2355 0.2355 0.2355 0.2395 0.2395 0.239 0.239 0.244 0.244 0.2345 0.2345 0.2345 0.22 0.22 0.213 0.213 0.213 0.213 0.213 0.2335 0.2335 0.236 0.236 0.22 0.22 0.22 0.218 0.218 0.2055 0.2055 0.2095 0.2095
-1 -1 -1 -1 -1 -1 -1 -1 -1 -1 -1 -1 -1 -1 -1 -1 -1 -1 -1 -1 -1 -1 -1 -1 -1 -1 -1 -1 -1 -1 -1 -1 -1 -1 -1 -1 -1 0.0652 0.0652 0.1965 0.1965 0.1965 0.2525 0.2525 0.2535 0.2535 0.233 0.233 0.233 0.2275 0.2275 0.24 0.24 0.2485 0.2485 0.2465 0.2465 0.2465 0.2155 0.2155 0.221 0.221 0.221 0.221 0.221 0.207 0.207 0.228 0.228 0.232 0.232 0.232 0.2285 0.2285 0.231 0.231 0.214 0.214
-1 -1 -1 -1 -1 -1 -1 -1 -1 -1 -1 -1 -1 -1 -1 -1 -1 -1 -1 -1 -1 -1 -1 -1 -1 -1 -1 -1 -1 -1 -1 -1 -1 -1 -1 -1 -1 0.0652 0.0652 0.1965 0.1965 0.1965 0.2525 0.2525 0.2535 0.2535 0.233 0.233 0.233 0.2275 0.2275 0.24 0.24 0.2485 0.2485 0.2465 0.2465 0.2465 0.2155 0.2155 0.221 0.221 0.221 0.221 0.221 0.207 0.207 0.228 0.228 0.232 0.232 0.232 0.2285 0.2285 0.231 0.231 0.214 0.214
-1 -1 -1 -1 -1 -1 -1 -1 -1 -1 -1 -1 -1 -1 -1 -1 -1 -1 -1 -1 -1 -1 -1 -1 -1 -1 -1 -1 -1 -1 -1 -1 -1 -1 -1 -1 -1 0.0652 0.0652 0.1965 0.1965 0.1965 0.2525 0.2525 0.2535 0.2535 0.233 0.233 0.233 0.2275 0.2275 0.24 0.24 0.2485 0.2485 0.2465 0.2465 0.2465 0.2155 0.2155 0.221 0.221 0.221 0.221 0.221 0.207 0.207 0.228 0.228 0.232 0.232 0.232 0.2285 0.2285 0.231 0.231 0.214 0.214
-1 -1 -1 -1 -1 -1 -1 -1 -1 -1 -1 -1 -1 -1 -1 -1 -1 -1 -1 -1 -1 -1 -1 -1 -1 -1 -1 -1 -1 -1 -1 -1 -1 -1 -1 -1 -1 0.0781 0.0781 0.2075 0.2075 0.2075 0.246 0.246 0.2255 0.2255 0.22 0.22 0.22 0.2235 0.2235 0.226 0.226 0.219 0.219 0.226 0.226 0.226 0.218 0.218 0.222 0.222 0.222 0.222 0.222 0.228 0.228 0.2325 0.2325 0.225 0.225 0.225 0.2335 0.2335 0.225 0.225 0.221 0.221
-1 -1 -1 -1 -1 -1 -1 -1 -1 -1 -1 -1 -1 -1 -1 -1 -1 -1 -1 -1 -1 -1 -1 -1 -1 -1 -1 -1 -1 -1 -1 -1 -1 -1 -1 -1 -1 0.0781 0.0781 0.2075 0.2075 0.2075 0.246 0.246 0.2255 0.2255 0.22 0.22 0.22 0.2235 0.2235 0.226 0.226 0.219 0.219 0.226 0.226 0.226 0.218 0.218 0.222 0.222 0.222 0.222 0.222 0.228 0.228 0.2325 0.2325 0.225 0.225 0.225 0.2335 0.2335 0.225 0.225 0.221 0.221
-1 -1 -1 -1 -1 -1 -1 -1 -1 -1 -1 -1 -1 -1 -1 -1 -1 -1 -1 -1 -1 -1 -1 -1 -1 -1 -1 -1 -1 -1 -1 -1 -1 -1 -1 -1 -1 0.1092 0.1092 0.278 0.278 0.278 0.2555 0.2555 0.221 0.221 0.228 0.228 0.228 0.2285 0.2285 0.2245 0.2245 0.2345 0.2345 0.231 0.231 0.231 0.223 0.223 0.233 0.233 0.233 0.233 0.233 0.229 0.229 0.2315 0.2315 0.218 0.218 0.218 0.229 0.229 0.244 0.244 0.235 0.235
-1 -1 -1 -1 -1 -1 -1 -1 -1 -1 -1 -1 -1 -1 -1 -1 -1 -1 -1 -1 -1 -1 -1 -1 -1 -1 -1 -1 -1 -1 -1 -1 -1 -1 -1 -1 -1 0.1092 0.1092 0.278 0.278 0.278 0.2555 0.2555 0.221 0.221 0.228 0.228 0.228 0.2285 0.2285 0.2245 0.2245 0.2345 0.2345 0.231 0.231 0.231 0.223 0.223 0.233 0.233 0.233 0.233 0.233 0.229 0.229 0.2315 0.2315 0.218 0.218 0.218 0.229 0.229 0.244 0.244 0.235 0.235
-1 -1 -1 -1 -1 -1 -1 -1 -1 -1 -1 -1 -1 -1 -1 -1 -1 -1 -1 -1 -1 -1 -1 -1 -1 -1 -1 -1 -1 -1 -1 -1 -1 -1 -1 0.0337 0.0337 0.226 0.226 0.266 0.266 0.266 0.235 0.235 0.224 0.224 0.233 0.233 0.233 0.226 0.226 0.2285 0.2285 0.232 0.232 0.243 0.243 0.243 0.2305 0.2305 0.2285 0.2285 0.2285 0.2285 0.2285 0.226 0.226 0.2315 0.2315 0.221 0.221 0.221 0.2275 0.2275 0.243 0.243 0.2445 0.2445
-1 -1 -1 -1 -1 -1 -1 -1 -1 -1 -1 -1 -1 -1 -1 -1 -1 -1 -1 -1 -1 -1 -1 -1 -1 -1 -1 -1 -1 -1 -1 -1 -1 -1 -1 0.0337 0.0337 0.226 0.226 0.266 0.266 0.266 0.235 0.235 0.224 0.224 0.233 0.233 0.233 0.226 0.226 0.2285 0.2285 0.232 0.232 0.243 0.243 0.243 0.2305 0.2305 0.2285 0.2285 0.2285 0.2285 0.2285 0.226 0.226 0.2315 0.2315 0.221 0.221 0.221 0.2275 0.2275 0.243 0.243 0.2445 0.2445
-1 -1 -1 -1 -1 -1 -1 -1 -1 -1 -1 -1 -1 -1 -1 -1 -1 -1 -1 -1 -1 -1 -1 -1 -1 -1 -1 -1 -1 -1 -1 -1 -1 -1 -1 0.0337 0.0337 0.226 0.226 0.266 0.266 0.266 0.235 0.235 0.224 0.224 0.233 0.233 0.233 0.226 0.226 0.2285 0.2285 0.232 0.232 0.243 0.243 0.243 0.2305 0.2305 0.2285 0.2285 0.2285 0.2285 0.2285 0.226 0.226 0.2315 0.2315 0.221 0.221 0.221 0.2275 0.2275 0.243 0.243 0.2445 0.2445
-1 -1 -1 -1 -1 -1 -1 -1 -1 -1 -1 -1 -1 -1 -1 -1 -1 -1 -1 -1 -1 -1 -1 -1 -1 -1 -1 -1 -1 -1 -1 -1 -1 -1 -1 0.1342 0.1342 0.257 0.257 0.244 0.244 0.244 0.2335 0.2335 0.2235 0.2235 0.231 0.231 0.231 0.24 0.24 0.2485 0.2485 0.2525 0.2525 0.24 0.24 0.24 0.2245 0.2245 0.222 0.222 0.222 0.222 0.222 0.225 0.225 0.2525 0.2525 0.256 0.256 0.256 0.253 0.253 0.247 0.247 0.2435 0.2435
-1 -1 -1 -1 -1 -1 -1 -1 -1 -1 -1 -1 -1 -1 -1 -1 -1 -1 -1 -1 -1 -1 -1 -1 -1 -1 -1 -1 -1 -1 -1 -1 -1 -1 -1 0.1342 0.1342 0.257 0.257 0.244 0.244 0.244 0.2335 0.2335 0.2235 0.2235 0.231 0.231 0.231 0.24 0.24 0.2485 0.2485 0.2525 0.2525 0.24 0.24 0.24 0.2245 0.2245 0.222 0.222 0.222 0.222 0.222 0.225 0.225 0.2525 0.2525 0.256 0.256 0.256 0.253 0.253 0.247 0.247 0.2435 0.2435
-1 -1 -1 -1 -1 -1 -1 -1 -1 -1 -1 -1 -1 -1 -1 -1 -1 -1 -1 -1 -1 -1 -1 -1 -1 -1 -1 -1 -1 -1 -1 -1 0.0722 0.0722 0.0722 0.2405 0.2405 0.246 0.246 0.2315 0.2315 0.2315 0.222 0.222 0.2265 0.2265 0.237 0.237 0.237 0.2375 0.2375 0.246 0.246 0.244 0.244 0.241 0.241 0.241 0.2465 0.2465 0.2415 0.2415 0.2415 0.2415 0.2415 0.2485 0.2485 0.2555 0.2555 0.246 0.246 0.246 0.247 0.247 0.25 0.25 0.2435 0.2435
-1 -1 -1 -1 -1 -1 -1 -1 -1 -1 -1 -1 -1 -1 -1 -1 -1 -1 -1 -1 -1 -1 -1 -1 -1 -1 -1 -1 -1 -1 -1 -1 0.0722 0.0722 0.0722 0.2405 0.2405 0.246 0.246 0.2315 0.2315 0.2315 0.222 0.222 0.2265 0.2265 0.237 0.237 0.237 0.2375 0.2375 0.246 0.246 0.244 0.244 0.241 0.241 0.241 0.2465 0.2465 0.2415 0.2415 0.2415 0.2415 0.2415 0.2485 0.2485 0.2555 0.2555 0.246 0.246 0.246 0.247 0.247 0.25 0.25 0.2435 0.2435
-1 -1 -1 -1 -1 -1 -1 -1 -1 -1 -1 -1 -1 -1 -1 -1 -1 -1 -1 -1 -1 -1 -1 -1 -1 -1 -1 -1 -1 -1 0.0237 0.0237 0.2275 0.2275 0.2275 0.244 0.244 0.2315 0.2315 0.2215 0.2215 0.2215 0.218 0.218 0.2275 0.2275 0.2455 0.2455 0.2455 0.24 0.24 0.24 0.24 0.254 0.254 0.2495 0.2495 0.2495 0.247 0.247 0.2525 0.2525 0.2525 0.2525 0.2525 0.263 0.263 0.254 0.254 0.2595 0.2595 0.2595 0.257 0.257 0.2675 0.2675 0.2465 0.2465
-1 -1 -1 -1 -1 -1 -1 -1 -1 -1 -1 -1 -1 -1 -1 -1 -1 -1 -1 -1 -1 -1 -1 -1 -1 -1 -1 -1 -1 -1 0.0237 0.0237 0.2275 0.2275 0.2275 0.244 0.244 0.2315 0.2315 0.2215 0.2215 0.2215 0.218 0.218 0.2275 0.2275 0.2455 0.2455 0.2455 0.24 0.24 0.24 0.24 0.254 0.254 0.2495 0.2495 0.2495 0.247 0.247 0.2525 0.2525 0.2525 0.2525 0.2525 0.263 0.263 0.254 0.254 0.2595 0.2595 0.2595 0.257 0.257 0.2675 0.2675 0.2465 0.2465
-1 -1 -1 -1 -1 -1 -1 -1 -1 -1 -1 -1 -1 -1 -1 -1 -1 -1 -1 -1 -1 -1 -1 -1 -1 -1 -1 -1 -1 -1 0.0237 0.0237 0.2275 0.2275 0.2275 0.244 0.244 0.2315 0.2315 0.2215 0.2215 0.2215 0.218 0.218 0.2275 0.2275 0.2455 0.2455 0.2455 0.24 0.24 0.24 0.24 0.254 0.254 0.2495 0.2495 0.2495 0.247 0.247 0.2525 0.2525 0.2525 0.2525 0.2525 0.263 0.263 0.254 0.254 0.2595 0.2595 0.2595 0.257 0.257 0.2675 0.2675 0.2465 0.2465
-1 -1 -1 -1 -1 -1 -1 -1 -1 -1 -1 -1 -1 -1 -1 -1 -1 -1 -1 -1 -1 -1 -1 -1 -1 -1 -1 -1 -1 -1 0.1121 0.1121 0.267 0.267 0.267 0.2585 0.2585 0.2395 0.2395 0.2235 0.2235 0.2235 0.224 0.224 0.2505 0.2505 0.2455 0.2455 0.2455 0.239 0.239 0.243 0.243 0.238 0.238 0.2555 0.2555 0.2555 0.258 0.258 0.248 0.248 0.248 0.248 0.248 0.2585 0.2585 0.2505 0.2505 0.255 0.255 0.255 0.2445 0.2445 0.2365 0.2365 0.2495 0.2495
-1 -1 -1 -1 -1 -1 -1 -1 -1 -1 -1 -1 -1 -1 -1 -1 -1 -1 -1 -1 -1 -1 -1 -1 -1 -1 -1 -1 -1 -1 0.1121 0.1121 0.267 0.267 0.267 0.2585 0.2585 0.2395 0.2395 0.2235 0.2235 0.2235 0.224 0.224 0.2505 0.2505 0.2455 0.2455 0.2455 0.239 0.239 0.243 0.243 0.238 0.238 0.2555 0.2555 0.2555 0.258 0.258 0.248 0.248 0.248 0.248 0.248 0.2585 0.2585 0.2505 0.2505 0.255 0.255 0.255 0.2445 0.2445 0.2365 0.2365 0.2495 0.2495
-1 -1 -1 -1 -1 -1 -1 -1 -1 -1 -1 -1 -1 -1 -1 -1 -1 -1 -1 -1 -1 -1 -1 -1 -1 -1 -1 -1 0.0327 0.0327 0.2555 0.2555 0.2785 0.2785 0.2785 0.263 0.263 0.2425 0.2425 0.2355 0.2355 0.2355 0.2425 0.2425 0.237 0.237 0.2365 0.2365 0.2365 0.2335 0.2335 0.2435 0.2435 0.25 0.25 0.2635 0.2635 0.2635 0.2615 0.2615 0.261 0.261 0.261 0.261 0.261 0.2635 0.2635 0.248 0.248 0.255 0.255 0.255 0.2445 0.2445 0.229 0.229 0.2435 0.2435
-1 -1 -1 -1 -1 -1 -1 -1 -1 -1 -1 -1 -1 -1 -1 -1 -1 -1 -1 -1 -1 -1 -1 -1 -1 -1 -1 -1 0.0327 0.0327 0.2555 0.2555 0.2785 0.2785 0.2785 0.263 0.263 0.2425 0.2425 0.2355 0.2355 0.2355 0.2425 0.2425 0.237 0.237 0.2365 0.2365 0.2365 0.2335 0.2335 0.2435 0.2435 0.25 0.25 0.2635 0.2635 0.2635 0.2615 0.2615 0.261 0.261 0.261 0.261 0.261 0.2635 0.2635 0.248 0.248 0.255 0.255 0.255 0.2445 0.2445 0.229 0.229 0.2435 0.2435
-1 -1 -1 -1 -1 -1 -1 -1 -1 -1 -1 -1 -1 -1 -1 -1 -1 -1 -1 -1 -1 -1 -1 -1 -1 0.0297 0.0297 0.0297 0.1406 0.1406 0.298 0.298 0.2765 0.2765 0.2765 0.253 0.253 0.228 0.228 0.241 0.241 0.241 0.249 0.249 0.2465 0.2465 0.2425 0.2425 0.2425 0.2505 0.2505 0.2575 0.2575 0.261 0.261 0.266 0.266 0.266 0.266 0.266 0.2595 0.2595 0.2595 0.2595 0.2595 0.26 0.26 0.2705 0.2705 0.2565 0.2565 0.2565 0.226 0.226 0.234 0.234 0.2335 0.2335
