ndvi/NOAA-208.asc
ncols         252
nrows         154
xllcorner     -18.017974
yllcorner     13.481982
cellsize      0.035948
NODATA_value  -9999
[rows 68 to 101 of 154, columns 0 to 76 of 252]
-1 -1 -1 -1 -1 -1 -1 -1 -1 -1 -1 -1 -1 -1 -1 -1 -1 -1 -1 -1 -1 -1 -1 -1 -1 -1 -1 -1 -1 -1 -1 -1 -1 -1 -1 -1 -1 -1 -1 0.213 0.213 0.213 0.2415 0.2415 0.338 0.338 0.3315 0.3315 0.3315 0.3135 0.3135 0.308 0.308 0.2715 0.2715 0.2845 0.2845 0.2845 0.3885 0.3885 0.36 0.36 0.36 0.36 0.36 0.374 0.374 0.301 0.301 0.209 0.209 0.209 0.205 0.205 0.2 0.2 0.1975
-1 -1 -1 -1 -1 -1 -1 -1 -1 -1 -1 -1 -1 -1 -1 -1 -1 -1 -1 -1 -1 -1 -1 -1 -1 -1 -1 -1 -1 -1 -1 -1 -1 -1 -1 -1 -1 -1 -1 0.236 0.236 0.236 0.2775 0.2775 0.37 0.37 0.2425 0.2425 0.2425 0.3215 0.3215 0.2895 0.2895 0.2545 0.2545 0.227 0.227 0.227 0.3555 0.3555 0.3615 0.3615 0.3615 0.3615 0.3615 0.29 0.29 0.19 0.19 0.2 0.2 0.2 0.1945 0.1945 0.2 0.2 0.1985
-1 -1 -1 -1 -1 -1 -1 -1 -1 -1 -1 -1 -1 -1 -1 -1 -1 -1 -1 -1 -1 -1 -1 -1 -1 -1 -1 -1 -1 -1 -1 -1 -1 -1 -1 -1 -1 -1 -1 0.236 0.236 0.236 0.2775 0.2775 0.37 0.37 0.2425 0.2425 0.2425 0.3215 0.3215 0.2895 0.2895 0.2545 0.2545 0.227 0.227 0.227 0.3555 0.3555 0.3615 0.3615 0.3615 0.3615 0.3615 0.29 0.29 0.19 0.19 0.2 0.2 0.2 0.1945 0.1945 0.2 0.2 0.1985
-1 -1 -1 -1 -1 -1 -1 -1 -1 -1 -1 -1 -1 -1 -1 -1 -1 -1 -1 -1 -1 -1 -1 -1 -1 -1 -1 -1 -1 -1 -1 -1 -1 -1 -1 -1 -1 0.093 0.093 0.1685 0.1685 0.1685 0.398 0.398 0.309 0.309 0.279 0.279 0.279 0.2625 0.2625 0.234 0.234 0.2365 0.2365 0.24 0.24 0.24 0.2275 0.2275 0.2405 0.2405 0.2405 0.2405 0.2405 0.2295 0.2295 0.225 0.225 0.221 0.221 0.221 0.215 0.215 0.206 0.206 0.2065
-1 -1 -1 -1 -1 -1 -1 -1 -1 -1 -1 -1 -1 -1 -1 -1 -1 -1 -1 -1 -1 -1 -1 -1 -1 -1 -1 -1 -1 -1 -1 -1 -1 -1 -1 -1 -1 0.093 0.093 0.1685 0.1685 0.1685 0.398 0.398 0.309 0.309 0.279 0.279 0.279 0.2625 0.2625 0.234 0.234 0.2365 0.2365 0.24 0.24 0.24 0.2275 0.2275 0.2405 0.2405 0.2405 0.2405 0.2405 0.2295 0.2295 0.225 0.225 0.221 0.221 0.221 0.215 0.215 0.206 0.206 0.2065
-1 -1 -1 -1 -1 -1 -1 -1 -1 -1 -1 -1 -1 -1 -1 -1 -1 -1 -1 -1 -1 -1 -1 -1 -1 -1 -1 -1 -1 -1 -1 -1 -1 -1 -1 -1 -1 0.093 0.093 0.1685 0.1685 0.1685 0.398 0.398 0.309 0.309 0.279 0.279 0.279 0.2625 0.2625 0.234 0.234 0.2365 0.2365 0.24 0.24 0.24 0.2275 0.2275 0.2405 0.2405 0.2405 0.2405 0.2405 0.2295 0.2295 0.225 0.225 0.221 0.221 0.221 0.215 0.215 0.206 0.206 0.2065
-1 -1 -1 -1 -1 -1 -1 -1 -1 -1 -1 -1 -1 -1 -1 -1 -1 -1 -1 -1 -1 -1 -1 -1 -1 -1 -1 -1 -1 -1 -1 -1 -1 -1 -1 -1 -1 0.029 0.029 0.1915 0.1915 0.1915 0.3195 0.3195 0.2855 0.2855 0.247 0.247 0.247 0.2285 0.2285 0.225 0.225 0.195 0.195 0.2265 0.2265 0.2265 0.2195 0.2195 0.229 0.229 0.229 0.229 0.229 0.2295 0.2295 0.221 0.221 0.2255 0.2255 0.2255 0.2125 0.2125 0.219 0.219 0.2175
-1 -1 -1 -1 -1 -1 -1 -1 -1 -1 -1 -1 -1 -1 -1 -1 -1 -1 -1 -1 -1 -1 -1 -1 -1 -1 -1 -1 -1 -1 -1 -1 -1 -1 -1 -1 -1 0.029 0.029 0.1915 0.1915 0.1915 0.3195 0.3195 0.2855 0.2855 0.247 0.247 0.247 0.2285 0.2285 0.225 0.225 0.195 0.195 0.2265 0.2265 0.2265 0.2195 0.2195 0.229 0.229 0.229 0.229 0.229 0.2295 0.2295 0.221 0.221 0.2255 0.2255 0.2255 0.2125 0.2125 0.219 0.219 0.2175
-1 -1 -1 -1 -1 -1 -1 -1 -1 -1 -1 -1 -1 -1 -1 -1 -1 -1 -1 -1 -1 -1 -1 -1 -1 -1 -1 -1 -1 -1 -1 -1 -1 -1 -1 -1 -1 0.0165 0.0165 0.1985 0.1985 0.1985 0.2675 0.2675 0.258 0.258 0.222 0.222 0.222 0.2265 0.2265 0.23 0.23 0.2225 0.2225 0.2425 0.2425 0.2425 0.2185 0.2185 0.224 0.224 0.224 0.224 0.224 0.2255 0.2255 0.227 0.227 0.218 0.218 0.218 0.2115 0.2115 0.211 0.211 0.21
-1 -1 -1 -1 -1 -1 -1 -1 -1 -1 -1 -1 -1 -1 -1 -1 -1 -1 -1 -1 -1 -1 -1 -1 -1 -1 -1 -1 -1 -1 -1 -1 -1 -1 -1 -1 -1 0.0165 0.0165 0.1985 0.1985 0.1985 0.2675 0.2675 0.258 0.258 0.222 0.222 0.222 0.2265 0.2265 0.23 0.23 0.2225 0.2225 0.2425 0.2425 0.2425 0.2185 0.2185 0.224 0.224 0.224 0.224 0.224 0.2255 0.2255 0.227 0.227 0.218 0.218 0.218 0.2115 0.2115 0.211 0.211 0.21
-1 -1 -1 -1 -1 -1 -1 -1 -1 -1 -1 -1 -1 -1 -1 -1 -1 -1 -1 -1 -1 -1 -1 -1 -1 -1 -1 -1 -1 -1 -1 -1 -1 -1 -1 -1 -1 0.0162 0.0162 0.234 0.234 0.234 0.232 0.232 0.256 0.256 0.216 0.216 0.216 0.2185 0.2185 0.229 0.229 0.248 0.248 0.234 0.234 0.234 0.2095 0.2095 0.214 0.214 0.214 0.214 0.214 0.2205 0.2205 0.223 0.223 0.2195 0.2195 0.2195 0.219 0.219 0.2155 0.2155 0.205
-1 -1 -1 -1 -1 -1 -1 -1 -1 -1 -1 -1 -1 -1 -1 -1 -1 -1 -1 -1 -1 -1 -1 -1 -1 -1 -1 -1 -1 -1 -1 -1 -1 -1 -1 -1 -1 0.0162 0.0162 0.234 0.234 0.234 0.232 0.232 0.256 0.256 0.216 0.216 0.216 0.2185 0.2185 0.229 0.229 0.248 0.248 0.234 0.234 0.234 0.2095 0.2095 0.214 0.214 0.214 0.214 0.214 0.2205 0.2205 0.223 0.223 0.2195 0.2195 0.2195 0.219 0.219 0.2155 0.2155 0.205
-1 -1 -1 -1 -1 -1 -1 -1 -1 -1 -1 -1 -1 -1 -1 -1 -1 -1 -1 -1 -1 -1 -1 -1 -1 -1 -1 -1 -1 -1 -1 -1 -1 -1 -1 -1 -1 0.0527 0.0527 0.207 0.207 0.207 0.241 0.241 0.221 0.221 0.208 0.208 0.208 0.2145 0.2145 0.2155 0.2155 0.267 0.267 0.2205 0.2205 0.2205 0.202 0.202 0.2095 0.2095 0.2095 0.2095 0.2095 0.2095 0.2095 0.218 0.218 0.217 0.217 0.217 0.215 0.215 0.2115 0.2115 0.203
-1 -1 -1 -1 -1 -1 -1 -1 -1 -1 -1 -1 -1 -1 -1 -1 -1 -1 -1 -1 -1 -1 -1 -1 -1 -1 -1 -1 -1 -1 -1 -1 -1 -1 -1 -1 -1 0.0527 0.0527 0.207 0.207 0.207 0.241 0.241 0.221 0.221 0.208 0.208 0.208 0.2145 0.2145 0.2155 0.2155 0.267 0.267 0.2205 0.2205 0.2205 0.202 0.202 0.2095 0.2095 0.2095 0.2095 0.2095 0.2095 0.2095 0.218 0.218 0.217 0.217 0.217 0.215 0.215 0.2115 0.2115 0.203
-1 -1 -1 -1 -1 -1 -1 -1 -1 -1 -1 -1 -1 -1 -1 -1 -1 -1 -1 -1 -1 -1 -1 -1 -1 -1 -1 -1 -1 -1 -1 -1 -1 -1 -1 -1 -1 0.0527 0.0527 0.207 0.207 0.207 0.241 0.241 0.221 0.221 0.208 0.208 0.208 0.2145 0.2145 0.2155 0.2155 0.267 0.267 0.2205 0.2205 0.2205 0.202 0.202 0.2095 0.2095 0.2095 0.2095 0.2095 0.2095 0.2095 0.218 0.218 0.217 0.217 0.217 0.215 0.215 0.2115 0.2115 0.203
-1 -1 -1 -1 -1 -1 -1 -1 -1 -1 -1 -1 -1 -1 -1 -1 -1 -1 -1 -1 -1 -1 -1 -1 -1 -1 -1 -1 -1 -1 -1 -1 -1 -1 -1 -1 -1 0.1055 0.1055 0.209 0.209 0.209 0.231 0.231 0.2085 0.2085 0.2035 0.2035 0.2035 0.1995 0.1995 0.221 0.221 0.21 0.21 0.224 0.224 0.224 0.204 0.204 0.223 0.223 0.223 0.223 0.223 0.2235 0.2235 0.2155 0.2155 0.2075 0.2075 0.2075 0.2165 0.2165 0.207 0.207 0.21
-1 -1 -1 -1 -1 -1 -1 -1 -1 -1 -1 -1 -1 -1 -1 -1 -1 -1 -1 -1 -1 -1 -1 -1 -1 -1 -1 -1 -1 -1 -1 -1 -1 -1 -1 -1 -1 0.1055 0.1055 0.209 0.209 0.209 0.231 0.231 0.2085 0.2085 0.2035 0.2035 0.2035 0.1995 0.1995 0.221 0.221 0.21 0.21 0.224 0.224 0.224 0.204 0.204 0.223 0.223 0.223 0.223 0.223 0.2235 0.2235 0.2155 0.2155 0.2075 0.2075 0.2075 0.2165 0.2165 0.207 0.207 0.21
-1 -1 -1 -1 -1 -1 -1 -1 -1 -1 -1 -1 -1 -1 -1 -1 -1 -1 -1 -1 -1 -1 -1 -1 -1 -1 -1 -1 -1 -1 -1 -1 -1 -1 -1 -1 -1 0.1245 0.1245 0.2465 0.2465 0.2465 0.2425 0.2425 0.2 0.2 0.2005 0.2005 0.2005 0.221 0.221 0.216 0.216 0.22 0.22 0.207 0.207 0.207 0.22 0.22 0.2255 0.2255 0.2255 0.2255 0.2255 0.2205 0.2205 0.226 0.226 0.21 0.21 0.21 0.2105 0.2105 0.2285 0.2285 0.222
-1 -1 -1 -1 -1 -1 -1 -1 -1 -1 -1 -1 -1 -1 -1 -1 -1 -1 -1 -1 -1 -1 -1 -1 -1 -1 -1 -1 -1 -1 -1 -1 -1 -1 -1 -1 -1 0.1245 0.1245 0.2465 0.2465 0.2465 0.2425 0.2425 0.2 0.2 0.2005 0.2005 0.2005 0.221 0.221 0.216 0.216 0.22 0.22 0.207 0.207 0.207 0.22 0.22 0.2255 0.2255 0.2255 0.2255 0.2255 0.2205 0.2205 0.226 0.226 0.21 0.21 0.21 0.2105 0.2105 0.2285 0.2285 0.222
-1 -1 -1 -1 -1 -1 -1 -1 -1 -1 -1 -1 -1 -1 -1 -1 -1 -1 -1 -1 -1 -1 -1 -1 -1 -1 -1 -1 -1 -1 -1 -1 -1 -1 -1 0.0235 0.0235 0.2595 0.2595 0.24 0.24 0.24 0.2215 0.2215 0.211 0.211 0.206 0.206 0.206 0.2135 0.2135 0.211 0.211 0.218 0.218 0.231 0.231 0.231 0.225 0.225 0.2235 0.2235 0.2235 0.2235 0.2235 0.2225 0.2225 0.222 0.222 0.2215 0.2215 0.2215 0.219 0.219 0.227 0.227 0.23
-1 -1 -1 -1 -1 -1 -1 -1 -1 -1 -1 -1 -1 -1 -1 -1 -1 -1 -1 -1 -1 -1 -1 -1 -1 -1 -1 -1 -1 -1 -1 -1 -1 -1 -1 0.0235 0.0235 0.2595 0.2595 0.24 0.24 0.24 0.2215 0.2215 0.211 0.211 0.206 0.206 0.206 0.2135 0.2135 0.211 0.211 0.218 0.218 0.231 0.231 0.231 0.225 0.225 0.2235 0.2235 0.2235 0.2235 0.2235 0.2225 0.2225 0.222 0.222 0.2215 0.2215 0.2215 0.219 0.219 0.227 0.227 0.23
-1 -1 -1 -1 -1 -1 -1 -1 -1 -1 -1 -1 -1 -1 -1 -1 -1 -1 -1 -1 -1 -1 -1 -1 -1 -1 -1 -1 -1 -1 -1 -1 -1 -1 -1 0.0235 0.0235 0.2595 0.2595 0.24 0.24 0.24 0.2215 0.2215 0.211 0.211 0.206 0.206 0.206 0.2135 0.2135 0.211 0.211 0.218 0.218 0.231 0.231 0.231 0.225 0.225 0.2235 0.2235 0.2235 0.2235 0.2235 0.2225 0.2225 0.222 0.222 0.2215 0.2215 0.2215 0.219 0.219 0.227 0.227 0.23
-1 -1 -1 -1 -1 -1 -1 -1 -1 -1 -1 -1 -1 -1 -1 -1 -1 -1 -1 -1 -1 -1 -1 -1 -1 -1 -1 -1 -1 -1 -1 -1 -1 -1 -1 0.1175 0.1175 0.2345 0.2345 0.2135 0.2135 0.2135 0.213 0.213 0.212 0.212 0.2195 0.2195 0.2195 0.2225 0.2225 0.227 0.227 0.2395 0.2395 0.2245 0.2245 0.2245 0.2335 0.2335 0.226 0.226 0.226 0.226 0.226 0.2275 0.2275 0.232 0.232 0.2365 0.2365 0.2365 0.222 0.222 0.2235 0.2235 0.225
-1 -1 -1 -1 -1 -1 -1 -1 -1 -1 -1 -1 -1 -1 -1 -1 -1 -1 -1 -1 -1 -1 -1 -1 -1 -1 -1 -1 -1 -1 -1 -1 -1 -1 -1 0.1175 0.1175 0.2345 0.2345 0.2135 0.2135 0.2135 0.213 0.213 0.212 0.212 0.2195 0.2195 0.2195 0.2225 0.2225 0.227 0.227 0.2395 0.2395 0.2245 0.2245 0.2245 0.2335 0.2335 0.226 0.226 0.226 0.226 0.226 0.2275 0.2275 0.232 0.232 0.2365 0.2365 0.2365 0.222 0.222 0.2235 0.2235 0.225
-1 -1 -1 -1 -1 -1 -1 -1 -1 -1 -1 -1 -1 -1 -1 -1 -1 -1 -1 -1 -1 -1 -1 -1 -1 -1 -1 -1 -1 -1 -1 -1 0.096 0.096 0.096 0.227 0.227 0.2225 0.2225 0.205 0.205 0.205 0.2045 0.2045 0.215 0.215 0.223 0.223 0.223 0.227 0.227 0.228 0.228 0.2285 0.2285 0.2355 0.2355 0.2355 0.2385 0.2385 0.24 0.24 0.24 0.24 0.24 0.245 0.245 0.2415 0.2415 0.2335 0.2335 0.2335 0.225 0.225 0.224 0.224 0.2305
-1 -1 -1 -1 -1 -1 -1 -1 -1 -1 -1 -1 -1 -1 -1 -1 -1 -1 -1 -1 -1 -1 -1 -1 -1 -1 -1 -1 -1 -1 -1 -1 0.096 0.096 0.096 0.227 0.227 0.2225 0.2225 0.205 0.205 0.205 0.2045 0.2045 0.215 0.215 0.223 0.223 0.223 0.227 0.227 0.228 0.228 0.2285 0.2285 0.2355 0.2355 0.2355 0.2385 0.2385 0.24 0.24 0.24 0.24 0.24 0.245 0.245 0.2415 0.2415 0.2335 0.2335 0.2335 0.225 0.225 0.224 0.224 0.2305
-1 -1 -1 -1 -1 -1 -1 -1 -1 -1 -1 -1 -1 -1 -1 -1 -1 -1 -1 -1 -1 -1 -1 -1 -1 -1 -1 -1 -1 -1 0.0171 0.0171 0.2475 0.2475 0.2475 0.2225 0.2225 0.2045 0.2045 0.199 0.199 0.199 0.201 0.201 0.215 0.215 0.227 0.227 0.227 0.2225 0.2225 0.224 0.224 0.2355 0.2355 0.238 0.238 0.238 0.2395 0.2395 0.2525 0.2525 0.2525 0.2525 0.2525 0.2515 0.2515 0.247 0.247 0.24 0.24 0.24 0.2395 0.2395 0.23 0.23 0.222
-1 -1 -1 -1 -1 -1 -1 -1 -1 -1 -1 -1 -1 -1 -1 -1 -1 -1 -1 -1 -1 -1 -1 -1 -1 -1 -1 -1 -1 -1 0.0171 0.0171 0.2475 0.2475 0.2475 0.2225 0.2225 0.2045 0.2045 0.199 0.199 0.199 0.201 0.201 0.215 0.215 0.227 0.227 0.227 0.2225 0.2225 0.224 0.224 0.2355 0.2355 0.238 0.238 0.238 0.2395 0.2395 0.2525 0.2525 0.2525 0.2525 0.2525 0.2515 0.2515 0.247 0.247 0.24 0.24 0.24 0.2395 0.2395 0.23 0.23 0.222
-1 -1 -1 -1 -1 -1 -1 -1 -1 -1 -1 -1 -1 -1 -1 -1 -1 -1 -1 -1 -1 -1 -1 -1 -1 -1 -1 -1 -1 -1 0.0171 0.0171 0.2475 0.2475 0.2475 0.2225 0.2225 0.2045 0.2045 0.199 0.199 0.199 0.201 0.201 0.215 0.215 0.227 0.227 0.227 0.2225 0.2225 0.224 0.224 0.2355 0.2355 0.238 0.238 0.238 0.2395 0.2395 0.2525 0.2525 0.2525 0.2525 0.2525 0.2515 0.2515 0.247 0.247 0.24 0.24 0.24 0.2395 0.2395 0.23 0.23 0.222
-1 -1 -1 -1 -1 -1 -1 -1 -1 -1 -1 -1 -1 -1 -1 -1 -1 -1 -1 -1 -1 -1 -1 -1 -1 -1 -1 -1 -1 -1 0.1505 0.1505 0.2335 0.2335 0.2335 0.232 0.232 0.21 0.21 0.2055 0.2055 0.2055 0.2055 0.2055 0.2165 0.2165 0.226 0.226 0.226 0.2245 0.2245 0.2245 0.2245 0.2245 0.2245 0.235 0.235 0.235 0.2345 0.2345 0.2495 0.2495 0.2495 0.2495 0.2495 0.247 0.247 0.252 0.252 0.237 0.237 0.237 0.225 0.225 0.2175 0.2175 0.2235
-1 -1 -1 -1 -1 -1 -1 -1 -1 -1 -1 -1 -1 -1 -1 -1 -1 -1 -1 -1 -1 -1 -1 -1 -1 -1 -1 -1 -1 -1 0.1505 0.1505 0.2335 0.2335 0.2335 0.232 0.232 0.21 0.21 0.2055 0.2055 0.2055 0.2055 0.2055 0.2165 0.2165 0.226 0.226 0.226 0.2245 0.2245 0.2245 0.2245 0.2245 0.2245 0.235 0.235 0.235 0.2345 0.2345 0.2495 0.2495 0.2495 0.2495 0.2495 0.247 0.247 0.252 0.252 0.237 0.237 0.237 0.225 0.225 0.2175 0.2175 0.2235
-1 -1 -1 -1 -1 -1 -1 -1 -1 -1 -1 -1 -1 -1 -1 -1 -1 -1 -1 -1 -1 -1 -1 -1 -1 -1 -1 -1 0.0475 0.0475 0.241 0.241 0.255 0.255 0.255 0.236 0.236 0.219 0.219 0.212 0.212 0.212 0.211 0.211 0.2245 0.2245 0.22 0.22 0.22 0.219 0.219 0.231 0.231 0.233 0.233 0.238 0.238 0.238 0.2345 0.2345 0.2485 0.2485 0.2485 0.2485 0.2485 0.246 0.246 0.2305 0.2305 0.232 0.232 0.232 0.21 0.21 0.2065 0.2065 0.222
-1 -1 -1 -1 -1 -1 -1 -1 -1 -1 -1 -1 -1 -1 -1 -1 -1 -1 -1 -1 -1 -1 -1 -1 -1 -1 -1 -1 0.0475 0.0475 0.241 0.241 0.255 0.255 0.255 0.236 0.236 0.219 0.219 0.212 0.212 0.212 0.211 0.211 0.2245 0.2245 0.22 0.22 0.22 0.219 0.219 0.231 0.231 0.233 0.233 0.238 0.238 0.238 0.2345 0.2345 0.2485 0.2485 0.2485 0.2485 0.2485 0.246 0.246 0.2305 0.2305 0.232 0.232 0.232 0.21 0.21 0.2065 0.2065 0.222
-1 -1 -1 -1 -1 -1 -1 -1 -1 -1 -1 -1 -1 -1 -1 -1 -1 -1 -1 -1 -1 -1 -1 -1 -1 0.0527 0.0527 0.0527 0.1705 0.1705 0.269 0.269 0.252 0.252 0.252 0.2375 0.2375 0.2105 0.2105 0.2145 0.2145 0.2145 0.2125 0.2125 0.2285 0.2285 0.2225 0.2225 0.2225 0.2265 0.2265 0.238 0.238 0.24 0.24 0.245 0.245 0.245 0.2375 0.2375 0.244 0.244 0.244 0.244 0.244 0.2465 0.2465 0.245 0.245 0.2335 0.2335 0.2335 0.221 0.221 0.2145 0.2145 0.2235
