ndvi/NOAA-260.asc
ncols         252
nrows         154
xllcorner     -18.017974
yllcorner     13.481982
cellsize      0.035948
NODATA_value  -9999
[rows 68 to 101 of 154, columns 77 to 153 of 252]
0.2135 0.2135 0.197 0.197 0.2745 0.2745 0.2895 0.2895 0.2895 0.3165 0.3165 0.321 0.321 0.3145 0.3145 0.253 0.253 0.253 0.2355 0.2355 0.245 0.245 0.2355 0.2355 0.2355 0.225 0.225 0.26 0.26 0.274 0.274 0.274 0.3015 0.3015 0.3005 0.3005 0.2905 0.2905 0.2905 0.2855 0.2855 0.264 0.264 0.226 0.226 0.226 0.17 0.17 0.201 0.201 0.2265 0.2265 0.2675 0.2675 0.2675 0.246 0.246 0.2405 0.2405 0.282 0.282 0.282 0.2975 0.2975 0.27 0.27 0.239 0.239 0.239 0.2095 0.2095 0.2135 0.2135 0.1905 0.1905 0.1905 0.187
0.1215 0.1215 0.1685 0.1685 0.252 0.252 0.255 0.255 0.255 0.2965 0.2965 0.3435 0.3435 0.3055 0.3055 0.278 0.278 0.278 0.2775 0.2775 0.303 0.303 0.242 0.242 0.242 0.224 0.224 0.241 0.241 0.259 0.259 0.259 0.2705 0.2705 0.301 0.301 0.3101 0.3101 0.3101 0.2985 0.2985 0.2935 0.2935 0.2495 0.2495 0.2495 0.2105 0.2105 0.2225 0.2225 0.2365 0.2365 0.2415 0.2415 0.2415 0.268 0.268 0.2565 0.2565 0.2705 0.2705 0.2705 0.309 0.309 0.2915 0.2915 0.239 0.239 0.239 0.2175 0.2175 0.236 0.236 0.234 0.234 0.234 0.203
0.1215 0.1215 0.1685 0.1685 0.252 0.252 0.255 0.255 0.255 0.2965 0.2965 0.3435 0.3435 0.3055 0.3055 0.278 0.278 0.278 0.2775 0.2775 0.303 0.303 0.242 0.242 0.242 0.224 0.224 0.241 0.241 0.259 0.259 0.259 0.2705 0.2705 0.301 0.301 0.3101 0.3101 0.3101 0.2985 0.2985 0.2935 0.2935 0.2495 0.2495 0.2495 0.2105 0.2105 0.2225 0.2225 0.2365 0.2365 0.2415 0.2415 0.2415 0.268 0.268 0.2565 0.2565 0.2705 0.2705 0.2705 0.309 0.309 0.2915 0.2915 0.239 0.239 0.239 0.2175 0.2175 0.236 0.236 0.234 0.234 0.234 0.203
0.1635 0.1635 0.168 0.168 0.164 0.164 0.2415 0.2415 0.2415 0.278 0.278 0.329 0.329 0.388 0.388 0.3695 0.3695 0.3695 0.2895 0.2895 0.329 0.329 0.3305 0.3305 0.3305 0.3395 0.3395 0.2755 0.2755 0.2615 0.2615 0.2615 0.243 0.243 0.2805 0.2805 0.296 0.296 0.296 0.2905 0.2905 0.2985 0.2985 0.2775 0.2775 0.2775 0.214 0.214 0.1945 0.1945 0.2415 0.2415 0.2695 0.2695 0.2695 0.249 0.249 0.3035 0.3035 0.272 0.272 0.272 0.264 0.264 0.262 0.262 0.242 0.242 0.242 0.2235 0.2235 0.2295 0.2295 0.242 0.242 0.242 0.2155
0.1635 0.1635 0.168 0.168 0.164 0.164 0.2415 0.2415 0.2415 0.278 0.278 0.329 0.329 0.388 0.388 0.3695 0.3695 0.3695 0.2895 0.2895 0.329 0.329 0.3305 0.3305 0.3305 0.3395 0.3395 0.2755 0.2755 0.2615 0.2615 0.2615 0.243 0.243 0.2805 0.2805 0.296 0.296 0.296 0.2905 0.2905 0.2985 0.2985 0.2775 0.2775 0.2775 0.214 0.214 0.1945 0.1945 0.2415 0.2415 0.2695 0.2695 0.2695 0.249 0.249 0.3035 0.3035 0.272 0.272 0.272 0.264 0.264 0.262 0.262 0.242 0.242 0.242 0.2235 0.2235 0.2295 0.2295 0.242 0.242 0.242 0.2155
0.1635 0.1635 0.168 0.168 0.164 0.164 0.2415 0.2415 0.2415 0.278 0.278 0.329 0.329 0.388 0.388 0.3695 0.3695 0.3695 0.2895 0.2895 0.329 0.329 0.3305 0.3305 0.3305 0.3395 0.3395 0.2755 0.2755 0.2615 0.2615 0.2615 0.243 0.243 0.2805 0.2805 0.296 0.296 0.296 0.2905 0.2905 0.2985 0.2985 0.2775 0.2775 0.2775 0.214 0.214 0.1945 0.1945 0.2415 0.2415 0.2695 0.2695 0.2695 0.249 0.249 0.3035 0.3035 0.272 0.272 0.272 0.264 0.264 0.262 0.262 0.242 0.242 0.242 0.2235 0.2235 0.2295 0.2295 0.242 0.242 0.242 0.2155
0.2156 0.2156 0.21 0.21 0.183 0.183 0.2695 0.2695 0.2695 0.3435 0.3435 0.38 0.38 0.3925 0.3925 0.37 0.37 0.37 0.3545 0.3545 0.401 0.401 0.4065 0.4065 0.4065 0.4025 0.4025 0.4325 0.4325 0.3475 0.3475 0.3475 0.3 0.3 0.234 0.234 0.2415 0.2415 0.2415 0.242 0.242 0.2505 0.2505 0.2 0.2 0.2 0.2055 0.2055 0.3045 0.3045 0.307 0.307 0.2705 0.2705 0.2705 0.2845 0.2845 0.273 0.273 0.256 0.256 0.256 0.242 0.242 0.245 0.245 0.24 0.24 0.24 0.24 0.24 0.259 0.259 0.1455 0.1455 0.1455 0.206
0.2156 0.2156 0.21 0.21 0.183 0.183 0.2695 0.2695 0.2695 0.3435 0.3435 0.38 0.38 0.3925 0.3925 0.37 0.37 0.37 0.3545 0.3545 0.401 0.401 0.4065 0.4065 0.4065 0.4025 0.4025 0.4325 0.4325 0.3475 0.3475 0.3475 0.3 0.3 0.234 0.234 0.2415 0.2415 0.2415 0.242 0.242 0.2505 0.2505 0.2 0.2 0.2 0.2055 0.2055 0.3045 0.3045 0.307 0.307 0.2705 0.2705 0.2705 0.2845 0.2845 0.273 0.273 0.256 0.256 0.256 0.242 0.242 0.245 0.245 0.24 0.24 0.24 0.24 0.24 0.259 0.259 0.1455 0.1455 0.1455 0.206
0.2376 0.2376 0.2795 0.2795 0.2945 0.2945 0.325 0.325 0.325 0.312 0.312 0.3765 0.3765 0.4005 0.4005 0.3645 0.3645 0.3645 0.3135 0.3135 0.3865 0.3865 0.375 0.375 0.375 0.4055 0.4055 0.4145 0.4145 0.381 0.381 0.381 0.329 0.329 0.3145 0.3145 0.247 0.247 0.247 0.1825 0.1825 0.185 0.185 0.2115 0.2115 0.2115 0.223 0.223 0.2565 0.2565 0.255 0.255 0.2505 0.2505 0.2505 0.2485 0.2485 0.2385 0.2385 0.2325 0.2325 0.2325 0.2425 0.2425 0.2385 0.2385 0.246 0.246 0.246 0.201 0.201 0.173 0.173 0.1045 0.1045 0.1045 0.1875
0.2376 0.2376 0.2795 0.2795 0.2945 0.2945 0.325 0.325 0.325 0.312 0.312 0.3765 0.3765 0.4005 0.4005 0.3645 0.3645 0.3645 0.3135 0.3135 0.3865 0.3865 0.375 0.375 0.375 0.4055 0.4055 0.4145 0.4145 0.381 0.381 0.381 0.329 0.329 0.3145 0.3145 0.247 0.247 0.247 0.1825 0.1825 0.185 0.185 0.2115 0.2115 0.2115 0.223 0.223 0.2565 0.2565 0.255 0.255 0.2505 0.2505 0.2505 0.2485 0.2485 0.2385 0.2385 0.2325 0.2325 0.2325 0.2425 0.2425 0.2385 0.2385 0.246 0.246 0.246 0.201 0.201 0.173 0.173 0.1045 0.1045 0.1045 0.1875
0.318 0.318 0.305 0.305 0.3035 0.3035 0.3175 0.3175 0.3175 0.331 0.331 0.292 0.292 0.2885 0.2885 0.2595 0.2595 0.2595 0.2155 0.2155 0.2355 0.2355 0.323 0.323 0.323 0.276 0.276 0.319 0.319 0.3285 0.3285 0.3285 0.331 0.331 0.365 0.365 0.314 0.314 0.314 0.2726 0.2726 0.181 0.181 0.151 0.151 0.151 0.1595 0.1595 0.2025 0.2025 0.2235 0.2235 0.247 0.247 0.247 0.241 0.241 0.2125 0.2125 0.209 0.209 0.209 0.2465 0.2465 0.245 0.245 0.227 0.227 0.227 0.1825 0.1825 0.166 0.166 0.143 0.143 0.143 0.1645
0.318 0.318 0.305 0.305 0.3035 0.3035 0.3175 0.3175 0.3175 0.331 0.331 0.292 0.292 0.2885 0.2885 0.2595 0.2595 0.2595 0.2155 0.2155 0.2355 0.2355 0.323 0.323 0.323 0.276 0.276 0.319 0.319 0.3285 0.3285 0.3285 0.331 0.331 0.365 0.365 0.314 0.314 0.314 0.2726 0.2726 0.181 0.181 0.151 0.151 0.151 0.1595 0.1595 0.2025 0.2025 0.2235 0.2235 0.247 0.247 0.247 0.241 0.241 0.2125 0.2125 0.209 0.209 0.209 0.2465 0.2465 0.245 0.245 0.227 0.227 0.227 0.1825 0.1825 0.166 0.166 0.143 0.143 0.143 0.1645
0.288 0.288 0.283 0.283 0.321 0.321 0.2951 0.2951 0.2951 0.2291 0.2291 0.188 0.188 0.187 0.187 0.2075 0.2075 0.2075 0.1615 0.1615 0.1395 0.1395 0.245 0.245 0.245 0.2145 0.2145 0.2215 0.2215 0.2755 0.2755 0.2755 0.328 0.328 0.371 0.371 0.338 0.338 0.338 0.2945 0.2945 0.1935 0.1935 0.1385 0.1385 0.1385 0.15 0.15 0.181 0.181 0.1995 0.1995 0.234 0.234 0.234 0.2305 0.2305 0.222 0.222 0.211 0.211 0.211 0.2385 0.2385 0.2195 0.2195 0.208 0.208 0.208 0.172 0.172 0.1925 0.1925 0.15 0.15 0.15 0.1475
0.288 0.288 0.283 0.283 0.321 0.321 0.2951 0.2951 0.2951 0.2291 0.2291 0.188 0.188 0.187 0.187 0.2075 0.2075 0.2075 0.1615 0.1615 0.1395 0.1395 0.245 0.245 0.245 0.2145 0.2145 0.2215 0.2215 0.2755 0.2755 0.2755 0.328 0.328 0.371 0.371 0.338 0.338 0.338 0.2945 0.2945 0.1935 0.1935 0.1385 0.1385 0.1385 0.15 0.15 0.181 0.181 0.1995 0.1995 0.234 0.234 0.234 0.2305 0.2305 0.222 0.222 0.211 0.211 0.211 0.2385 0.2385 0.2195 0.2195 0.208 0.208 0.208 0.172 0.172 0.1925 0.1925 0.15 0.15 0.15 0.1475
0.288 0.288 0.283 0.283 0.321 0.321 0.2951 0.2951 0.2951 0.2291 0.2291 0.188 0.188 0.187 0.187 0.2075 0.2075 0.2075 0.1615 0.1615 0.1395 0.1395 0.245 0.245 0.245 0.2145 0.2145 0.2215 0.2215 0.2755 0.2755 0.2755 0.328 0.328 0.371 0.371 0.338 0.338 0.338 0.2945 0.2945 0.1935 0.1935 0.1385 0.1385 0.1385 0.15 0.15 0.181 0.181 0.1995 0.1995 0.234 0.234 0.234 0.2305 0.2305 0.222 0.222 0.211 0.211 0.211 0.2385 0.2385 0.2195 0.2195 0.208 0.208 0.208 0.172 0.172 0.1925 0.1925 0.15 0.15 0.15 0.1475
0.3135 0.3135 0.3115 0.3115 0.3445 0.3445 0.2936 0.2936 0.2936 0.239 0.239 0.2525 0.2525 0.2435 0.2435 0.195 0.195 0.195 0.1305 0.1305 0.142 0.142 0.177 0.177 0.177 0.206 0.206 0.1975 0.1975 0.234 0.234 0.234 0.3265 0.3265 0.3285 0.3285 0.3235 0.3235 0.3235 0.293 0.293 0.2605 0.2605 0.197 0.197 0.197 0.172 0.172 0.1855 0.1855 0.192 0.192 0.201 0.201 0.201 0.216 0.216 0.2155 0.2155 0.1915 0.1915 0.1915 0.2115 0.2115 0.16 0.16 0.19 0.19 0.19 0.2005 0.2005 0.1885 0.1885 0.156 0.156 0.156 0.1345
0.3135 0.3135 0.3115 0.3115 0.3445 0.3445 0.2936 0.2936 0.2936 0.239 0.239 0.2525 0.2525 0.2435 0.2435 0.195 0.195 0.195 0.1305 0.1305 0.142 0.142 0.177 0.177 0.177 0.206 0.206 0.1975 0.1975 0.234 0.234 0.234 0.3265 0.3265 0.3285 0.3285 0.3235 0.3235 0.3235 0.293 0.293 0.2605 0.2605 0.197 0.197 0.197 0.172 0.172 0.1855 0.1855 0.192 0.192 0.201 0.201 0.201 0.216 0.216 0.2155 0.2155 0.1915 0.1915 0.1915 0.2115 0.2115 0.16 0.16 0.19 0.19 0.19 0.2005 0.2005 0.1885 0.1885 0.156 0.156 0.156 0.1345
0.3645 0.3645 0.3935 0.3935 0.364 0.364 0.3465 0.3465 0.3465 0.3275 0.3275 0.3145 0.3145 0.2745 0.2745 0.1825 0.1825 0.1825 0.212 0.212 0.2335 0.2335 0.206 0.206 0.206 0.1745 0.1745 0.206 0.206 0.244 0.244 0.244 0.252 0.252 0.2285 0.2285 0.2885 0.2885 0.2885 0.2755 0.2755 0.2655 0.2655 0.232 0.232 0.232 0.201 0.201 0.229 0.229 0.162 0.162 0.2025 0.2025 0.2025 0.2265 0.2265 0.2565 0.2565 0.261 0.261 0.261 0.268 0.268 0.284 0.284 0.222 0.222 0.222 0.216 0.216 0.192 0.192 0.173 0.173 0.173 0.162
0.3645 0.3645 0.3935 0.3935 0.364 0.364 0.3465 0.3465 0.3465 0.3275 0.3275 0.3145 0.3145 0.2745 0.2745 0.1825 0.1825 0.1825 0.212 0.212 0.2335 0.2335 0.206 0.206 0.206 0.1745 0.1745 0.206 0.206 0.244 0.244 0.244 0.252 0.252 0.2285 0.2285 0.2885 0.2885 0.2885 0.2755 0.2755 0.2655 0.2655 0.232 0.232 0.232 0.201 0.201 0.229 0.229 0.162 0.162 0.2025 0.2025 0.2025 0.2265 0.2265 0.2565 0.2565 0.261 0.261 0.261 0.268 0.268 0.284 0.284 0.222 0.222 0.222 0.216 0.216 0.192 0.192 0.173 0.173 0.173 0.162
0.4221 0.4221 0.42 0.42 0.4091 0.4091 0.365 0.365 0.365 0.334 0.334 0.3191 0.3191 0.2525 0.2525 0.202 0.202 0.202 0.2095 0.2095 0.248 0.248 0.282 0.282 0.282 0.2315 0.2315 0.213 0.213 0.239 0.239 0.239 0.248 0.248 0.217 0.217 0.2525 0.2525 0.2525 0.283 0.283 0.2975 0.2975 0.307 0.307 0.307 0.2505 0.2505 0.266 0.266 0.198 0.198 0.1785 0.1785 0.1785 0.2185 0.2185 0.2505 0.2505 0.261 0.261 0.261 0.31 0.31 0.3075 0.3075 0.2025 0.2025 0.2025 0.2235 0.2235 0.2245 0.2245 0.1975 0.1975 0.1975 0.2165
0.4221 0.4221 0.42 0.42 0.4091 0.4091 0.365 0.365 0.365 0.334 0.334 0.3191 0.3191 0.2525 0.2525 0.202 0.202 0.202 0.2095 0.2095 0.248 0.248 0.282 0.282 0.282 0.2315 0.2315 0.213 0.213 0.239 0.239 0.239 0.248 0.248 0.217 0.217 0.2525 0.2525 0.2525 0.283 0.283 0.2975 0.2975 0.307 0.307 0.307 0.2505 0.2505 0.266 0.266 0.198 0.198 0.1785 0.1785 0.1785 0.2185 0.2185 0.2505 0.2505 0.261 0.261 0.261 0.31 0.31 0.3075 0.3075 0.2025 0.2025 0.2025 0.2235 0.2235 0.2245 0.2245 0.1975 0.1975 0.1975 0.2165
0.4221 0.4221 0.42 0.42 0.4091 0.4091 0.365 0.365 0.365 0.334 0.334 0.3191 0.3191 0.2525 0.2525 0.202 0.202 0.202 0.2095 0.2095 0.248 0.248 0.282 0.282 0.282 0.2315 0.2315 0.213 0.213 0.239 0.239 0.239 0.248 0.248 0.217 0.217 0.2525 0.2525 0.2525 0.283 0.283 0.2975 0.2975 0.307 0.307 0.307 0.2505 0.2505 0.266 0.266 0.198 0.198 0.1785 0.1785 0.1785 0.2185 0.2185 0.2505 0.2505 0.261 0.261 0.261 0.31 0.31 0.3075 0.3075 0.2025 0.2025 0.2025 0.2235 0.2235 0.2245 0.2245 0.1975 0.1975 0.1975 0.2165
0.479 0.479 0.4395 0.4395 0.3715 0.3715 0.357 0.357 0.357 0.311 0.311 0.2731 0.2731 0.2045 0.2045 0.2235 0.2235 0.2235 0.239 0.239 0.2585 0.2585 0.2555 0.2555 0.2555 0.256 0.256 0.2265 0.2265 0.224 0.224 0.224 0.261 0.261 0.2875 0.2875 0.247 0.247 0.247 0.244 0.244 0.2895 0.2895 0.3095 0.3095 0.3095 0.342 0.342 0.2875 0.2875 0.28 0.28 0.2035 0.2035 0.2035 0.2595 0.2595 0.2875 0.2875 0.296 0.296 0.296 0.328 0.328 0.3205 0.3205 0.2855 0.2855 0.2855 0.2515 0.2515 0.237 0.237 0.2375 0.2375 0.2375 0.2095
0.479 0.479 0.4395 0.4395 0.3715 0.3715 0.357 0.357 0.357 0.311 0.311 0.2731 0.2731 0.2045 0.2045 0.2235 0.2235 0.2235 0.239 0.239 0.2585 0.2585 0.2555 0.2555 0.2555 0.256 0.256 0.2265 0.2265 0.224 0.224 0.224 0.261 0.261 0.2875 0.2875 0.247 0.247 0.247 0.244 0.244 0.2895 0.2895 0.3095 0.3095 0.3095 0.342 0.342 0.2875 0.2875 0.28 0.28 0.2035 0.2035 0.2035 0.2595 0.2595 0.2875 0.2875 0.296 0.296 0.296 0.328 0.328 0.3205 0.3205 0.2855 0.2855 0.2855 0.2515 0.2515 0.237 0.237 0.2375 0.2375 0.2375 0.2095
0.4895 0.4895 0.413 0.413 0.356 0.356 0.3765 0.3765 0.3765 0.368 0.368 0.3165 0.3165 0.2475 0.2475 0.262 0.262 0.262 0.211 0.211 0.2595 0.2595 0.243 0.243 0.243 0.254 0.254 0.2905 0.2905 0.2615 0.2615 0.2615 0.2485 0.2485 0.2775 0.2775 0.262 0.262 0.262 0.239 0.239 0.248 0.248 0.32 0.32 0.32 0.3245 0.3245 0.3465 0.3465 0.3135 0.3135 0.2165 0.2165 0.2165 0.2275 0.2275 0.2205 0.2205 0.31 0.31 0.31 0.3025 0.3025 0.329 0.329 0.335 0.335 0.335 0.3375 0.3375 0.3435 0.3435 0.299 0.299 0.299 0.241
0.4895 0.4895 0.413 0.413 0.356 0.356 0.3765 0.3765 0.3765 0.368 0.368 0.3165 0.3165 0.2475 0.2475 0.262 0.262 0.262 0.211 0.211 0.2595 0.2595 0.243 0.243 0.243 0.254 0.254 0.2905 0.2905 0.2615 0.2615 0.2615 0.2485 0.2485 0.2775 0.2775 0.262 0.262 0.262 0.239 0.239 0.248 0.248 0.32 0.32 0.32 0.3245 0.3245 0.3465 0.3465 0.3135 0.3135 0.2165 0.2165 0.2165 0.2275 0.2275 0.2205 0.2205 0.31 0.31 0.31 0.3025 0.3025 0.329 0.329 0.335 0.335 0.335 0.3375 0.3375 0.3435 0.3435 0.299 0.299 0.299 0.241
0.4435 0.4435 0.3925 0.3925 0.374 0.374 0.36 0.36 0.36 0.32 0.32 0.3075 0.3075 0.278 0.278 0.2705 0.2705 0.2705 0.251 0.251 0.294 0.294 0.2775 0.2775 0.2775 0.2855 0.2855 0.286 0.286 0.2975 0.2975 0.2975 0.2785 0.2785 0.29 0.29 0.276 0.276 0.276 0.2515 0.2515 0.318 0.318 0.3055 0.3055 0.3055 0.376 0.376 0.3495 0.3495 0.3395 0.3395 0.2985 0.2985 0.2985 0.258 0.258 0.262 0.262 0.246 0.246 0.246 0.2635 0.2635 0.323 0.323 0.347 0.347 0.347 0.3545 0.3545 0.3215 0.3215 0.305 0.305 0.305 0.2825
0.4435 0.4435 0.3925 0.3925 0.374 0.374 0.36 0.36 0.36 0.32 0.32 0.3075 0.3075 0.278 0.278 0.2705 0.2705 0.2705 0.251 0.251 0.294 0.294 0.2775 0.2775 0.2775 0.2855 0.2855 0.286 0.286 0.2975 0.2975 0.2975 0.2785 0.2785 0.29 0.29 0.276 0.276 0.276 0.2515 0.2515 0.318 0.318 0.3055 0.3055 0.3055 0.376 0.376 0.3495 0.3495 0.3395 0.3395 0.2985 0.2985 0.2985 0.258 0.258 0.262 0.262 0.246 0.246 0.246 0.2635 0.2635 0.323 0.323 0.347 0.347 0.347 0.3545 0.3545 0.3215 0.3215 0.305 0.305 0.305 0.2825
0.4435 0.4435 0.3925 0.3925 0.374 0.374 0.36 0.36 0.36 0.32 0.32 0.3075 0.3075 0.278 0.278 0.2705 0.2705 0.2705 0.251 0.251 0.294 0.294 0.2775 0.2775 0.2775 0.2855 0.2855 0.286 0.286 0.2975 0.2975 0.2975 0.2785 0.2785 0.29 0.29 0.276 0.276 0.276 0.2515 0.2515 0.318 0.318 0.3055 0.3055 0.3055 0.376 0.376 0.3495 0.3495 0.3395 0.3395 0.2985 0.2985 0.2985 0.258 0.258 0.262 0.262 0.246 0.246 0.246 0.2635 0.2635 0.323 0.323 0.347 0.347 0.347 0.3545 0.3545 0.3215 0.3215 0.305 0.305 0.305 0.2825
0.41 0.41 0.3925 0.3925 0.375 0.375 0.2905 0.2905 0.2905 0.3265 0.3265 0.286 0.286 0.2695 0.2695 0.2675 0.2675 0.2675 0.2665 0.2665 0.24 0.24 0.311 0.311 0.311 0.35 0.35 0.3405 0.3405 0.3645 0.3645 0.3645 0.333 0.333 0.3115 0.3115 0.333 0.333 0.333 0.444 0.444 0.3735 0.3735 0.3735 0.3735 0.3735 0.371 0.371 0.366 0.366 0.3635 0.3635 0.3505 0.3505 0.3505 0.4015 0.4015 0.3805 0.3805 0.31 0.31 0.31 0.2705 0.2705 0.2795 0.2795 0.317 0.317 0.317 0.389 0.389 0.284 0.284 0.328 0.328 0.328 0.334
0.41 0.41 0.3925 0.3925 0.375 0.375 0.2905 0.2905 0.2905 0.3265 0.3265 0.286 0.286 0.2695 0.2695 0.2675 0.2675 0.2675 0.2665 0.2665 0.24 0.24 0.311 0.311 0.311 0.35 0.35 0.3405 0.3405 0.3645 0.3645 0.3645 0.333 0.333 0.3115 0.3115 0.333 0.333 0.333 0.444 0.444 0.3735 0.3735 0.3735 0.3735 0.3735 0.371 0.371 0.366 0.366 0.3635 0.3635 0.3505 0.3505 0.3505 0.4015 0.4015 0.3805 0.3805 0.31 0.31 0.31 0.2705 0.2705 0.2795 0.2795 0.317 0.317 0.317 0.389 0.389 0.284 0.284 0.328 0.328 0.328 0.334
0.442 0.442 0.359 0.359 0.349 0.349 0.299 0.299 0.299 0.326 0.326 0.2585 0.2585 0.3105 0.3105 0.293 0.293 0.293 0.316 0.316 0.313 0.313 0.296 0.296 0.296 0.3571 0.3571 0.398 0.398 0.403 0.403 0.403 0.3685 0.3685 0.4205 0.4205 0.406 0.406 0.406 0.4155 0.4155 0.437 0.437 0.416 0.416 0.416 0.387 0.387 0.377 0.377 0.4475 0.4475 0.425 0.425 0.425 0.399 0.399 0.4275 0.4275 0.3765 0.3765 0.3765 0.346 0.346 0.3345 0.3345 0.386 0.386 0.386 0.4235 0.4235 0.4145 0.4145 0.4715 0.4715 0.4715 0.474
0.442 0.442 0.359 0.359 0.349 0.349 0.299 0.299 0.299 0.326 0.326 0.2585 0.2585 0.3105 0.3105 0.293 0.293 0.293 0.316 0.316 0.313 0.313 0.296 0.296 0.296 0.3571 0.3571 0.398 0.398 0.403 0.403 0.403 0.3685 0.3685 0.4205 0.4205 0.406 0.406 0.406 0.4155 0.4155 0.437 0.437 0.416 0.416 0.416 0.387 0.387 0.377 0.377 0.4475 0.4475 0.425 0.425 0.425 0.399 0.399 0.4275 0.4275 0.3765 0.3765 0.3765 0.346 0.346 0.3345 0.3345 0.386 0.386 0.386 0.4235 0.4235 0.4145 0.4145 0.4715 0.4715 0.4715 0.474
0.302 0.302 0.3495 0.3495 0.4105 0.4105 0.4425 0.4425 0.4425 0.3855 0.3855 0.3351 0.3351 0.3305 0.3305 0.351 0.351 0.351 0.3705 0.3705 0.3685 0.3685 0.385 0.385 0.385 0.412 0.412 0.4455 0.4455 0.434 0.434 0.434 0.4295 0.4295 0.468 0.468 0.44 0.44 0.44 0.4285 0.4285 0.4105 0.4105 0.4225 0.4225 0.4225 0.404 0.404 0.4675 0.4675 0.4455 0.4455 0.4885 0.4885 0.4885 0.428 0.428 0.4325 0.4325 0.4225 0.4225 0.4225 0.3605 0.3605 0.339 0.339 0.377 0.377 0.377 0.42 0.42 0.437 0.437 0.424 0.424 0.424 0.416
