ndvi/NOAA-279.asc
ncols         252
nrows         154
xllcorner     -18.017974
yllcorner     13.481982
cellsize      0.035948
NODATA_value  -9999
[rows 68 to 101 of 154, columns 78 to 155 of 252]
0.175 0.2355 0.2355 0.193 0.193 0.199 0.199 0.199 0.209 0.209 0.2125 0.2125 0.2195 0.2195 0.1755 0.1755 0.1755 0.219 0.219 0.1985 0.1985 0.2105 0.2105 0.2105 0.211 0.211 0.22 0.22 0.196 0.196 0.196 0.201 0.201 0.184 0.184 0.182 0.182 0.182 0.194 0.194 0.177 0.177 0.167 0.167 0.167 0.1375 0.1375 0.171 0.171 0.155 0.155 0.177 0.177 0.177 0.181 0.181 0.183 0.183 0.193 0.193 0.193 0.2015 0.2015 0.204 0.204 0.213 0.213 0.213 0.1965 0.1965 0.1925 0.1925 0.1565 0.1565 0.1565 0.126 0.126 0.1325
0.1865 0.1845 0.1845 0.1795 0.1795 0.1775 0.1775 0.1775 0.1795 0.1795 0.2085 0.2085 0.2015 0.2015 0.204 0.204 0.204 0.2005 0.2005 0.204 0.204 0.1965 0.1965 0.1965 0.2235 0.2235 0.212 0.212 0.227 0.227 0.227 0.1915 0.1915 0.1855 0.1855 0.181 0.181 0.181 0.195 0.195 0.19 0.19 0.199 0.199 0.199 0.18 0.18 0.164 0.164 0.1555 0.1555 0.16 0.16 0.16 0.175 0.175 0.179 0.179 0.194 0.194 0.194 0.231 0.231 0.2215 0.2215 0.2005 0.2005 0.2005 0.187 0.187 0.1845 0.1845 0.1695 0.1695 0.1695 0.128 0.128 0.1305
0.1865 0.1845 0.1845 0.1795 0.1795 0.1775 0.1775 0.1775 0.1795 0.1795 0.2085 0.2085 0.2015 0.2015 0.204 0.204 0.204 0.2005 0.2005 0.204 0.204 0.1965 0.1965 0.1965 0.2235 0.2235 0.212 0.212 0.227 0.227 0.227 0.1915 0.1915 0.1855 0.1855 0.181 0.181 0.181 0.195 0.195 0.19 0.19 0.199 0.199 0.199 0.18 0.18 0.164 0.164 0.1555 0.1555 0.16 0.16 0.16 0.175 0.175 0.179 0.179 0.194 0.194 0.194 0.231 0.231 0.2215 0.2215 0.2005 0.2005 0.2005 0.187 0.187 0.1845 0.1845 0.1695 0.1695 0.1695 0.128 0.128 0.1305
0.1995 0.198 0.198 0.189 0.189 0.1885 0.1885 0.1885 0.179 0.179 0.1845 0.1845 0.2095 0.2095 0.2205 0.2205 0.2205 0.2275 0.2275 0.205 0.205 0.21 0.21 0.21 0.23 0.23 0.238 0.238 0.2115 0.2115 0.2115 0.223 0.223 0.2065 0.2065 0.198 0.198 0.198 0.209 0.209 0.196 0.196 0.1935 0.1935 0.1935 0.1735 0.1735 0.1445 0.1445 0.1555 0.1555 0.178 0.178 0.178 0.18 0.18 0.196 0.196 0.194 0.194 0.194 0.206 0.206 0.205 0.205 0.191 0.191 0.191 0.1845 0.1845 0.185 0.185 0.1825 0.1825 0.1825 0.1435 0.1435 0.142
0.1995 0.198 0.198 0.189 0.189 0.1885 0.1885 0.1885 0.179 0.179 0.1845 0.1845 0.2095 0.2095 0.2205 0.2205 0.2205 0.2275 0.2275 0.205 0.205 0.21 0.21 0.21 0.23 0.23 0.238 0.238 0.2115 0.2115 0.2115 0.223 0.223 0.2065 0.2065 0.198 0.198 0.198 0.209 0.209 0.196 0.196 0.1935 0.1935 0.1935 0.1735 0.1735 0.1445 0.1445 0.1555 0.1555 0.178 0.178 0.178 0.18 0.18 0.196 0.196 0.194 0.194 0.194 0.206 0.206 0.205 0.205 0.191 0.191 0.191 0.1845 0.1845 0.185 0.185 0.1825 0.1825 0.1825 0.1435 0.1435 0.142
0.1995 0.198 0.198 0.189 0.189 0.1885 0.1885 0.1885 0.179 0.179 0.1845 0.1845 0.2095 0.2095 0.2205 0.2205 0.2205 0.2275 0.2275 0.205 0.205 0.21 0.21 0.21 0.23 0.23 0.238 0.238 0.2115 0.2115 0.2115 0.223 0.223 0.2065 0.2065 0.198 0.198 0.198 0.209 0.209 0.196 0.196 0.1935 0.1935 0.1935 0.1735 0.1735 0.1445 0.1445 0.1555 0.1555 0.178 0.178 0.178 0.18 0.18 0.196 0.196 0.194 0.194 0.194 0.206 0.206 0.205 0.205 0.191 0.191 0.191 0.1845 0.1845 0.185 0.185 0.1825 0.1825 0.1825 0.1435 0.1435 0.142
0.2165 0.224 0.224 0.2235 0.2235 0.211 0.211 0.211 0.205 0.205 0.2025 0.2025 0.189 0.189 0.1885 0.1885 0.1885 0.197 0.197 0.207 0.207 0.203 0.203 0.203 0.213 0.213 0.213 0.213 0.2005 0.2005 0.2005 0.2325 0.2325 0.222 0.222 0.2115 0.2115 0.2115 0.204 0.204 0.1835 0.1835 0.179 0.179 0.179 0.1765 0.1765 0.211 0.211 0.198 0.198 0.198 0.198 0.198 0.216 0.216 0.225 0.225 0.2125 0.2125 0.2125 0.199 0.199 0.198 0.198 0.21 0.21 0.21 0.2095 0.2095 0.179 0.179 0.1455 0.1455 0.1455 0.139 0.139 0.14
0.2165 0.224 0.224 0.2235 0.2235 0.211 0.211 0.211 0.205 0.205 0.2025 0.2025 0.189 0.189 0.1885 0.1885 0.1885 0.197 0.197 0.207 0.207 0.203 0.203 0.203 0.213 0.213 0.213 0.213 0.2005 0.2005 0.2005 0.2325 0.2325 0.222 0.222 0.2115 0.2115 0.2115 0.204 0.204 0.1835 0.1835 0.179 0.179 0.179 0.1765 0.1765 0.211 0.211 0.198 0.198 0.198 0.198 0.198 0.216 0.216 0.225 0.225 0.2125 0.2125 0.2125 0.199 0.199 0.198 0.198 0.21 0.21 0.21 0.2095 0.2095 0.179 0.179 0.1455 0.1455 0.1455 0.139 0.139 0.14
0.2115 0.213 0.213 0.21 0.21 0.199 0.199 0.199 0.2035 0.2035 0.1925 0.1925 0.1985 0.1985 0.1895 0.1895 0.1895 0.188 0.188 0.193 0.193 0.2 0.2 0.2 0.2115 0.2115 0.207 0.207 0.2185 0.2185 0.2185 0.223 0.223 0.2125 0.2125 0.211 0.211 0.211 0.2205 0.2205 0.194 0.194 0.185 0.185 0.185 0.181 0.181 0.207 0.207 0.212 0.212 0.217 0.217 0.217 0.1895 0.1895 0.192 0.192 0.1865 0.1865 0.1865 0.194 0.194 0.195 0.195 0.214 0.214 0.214 0.199 0.199 0.1639 0.1639 0.118 0.118 0.118 0.122 0.122 0.146
0.2115 0.213 0.213 0.21 0.21 0.199 0.199 0.199 0.2035 0.2035 0.1925 0.1925 0.1985 0.1985 0.1895 0.1895 0.1895 0.188 0.188 0.193 0.193 0.2 0.2 0.2 0.2115 0.2115 0.207 0.207 0.2185 0.2185 0.2185 0.223 0.223 0.2125 0.2125 0.211 0.211 0.211 0.2205 0.2205 0.194 0.194 0.185 0.185 0.185 0.181 0.181 0.207 0.207 0.212 0.212 0.217 0.217 0.217 0.1895 0.1895 0.192 0.192 0.1865 0.1865 0.1865 0.194 0.194 0.195 0.195 0.214 0.214 0.214 0.199 0.199 0.1639 0.1639 0.118 0.118 0.118 0.122 0.122 0.146
0.2045 0.2035 0.2035 0.1985 0.1985 0.197 0.197 0.197 0.197 0.197 0.1935 0.1935 0.194 0.194 0.189 0.189 0.189 0.189 0.189 0.1905 0.1905 0.2 0.2 0.2 0.2065 0.2065 0.2125 0.2125 0.209 0.209 0.209 0.2165 0.2165 0.2025 0.2025 0.2265 0.2265 0.2265 0.2105 0.2105 0.2 0.2 0.206 0.206 0.206 0.21 0.21 0.2085 0.2085 0.201 0.201 0.196 0.196 0.196 0.181 0.181 0.177 0.177 0.174 0.174 0.174 0.177 0.177 0.175 0.175 0.2165 0.2165 0.2165 0.204 0.204 0.2015 0.2015 0.138 0.138 0.138 0.1235 0.1235 0.1195
0.2045 0.2035 0.2035 0.1985 0.1985 0.197 0.197 0.197 0.197 0.197 0.1935 0.1935 0.194 0.194 0.189 0.189 0.189 0.189 0.189 0.1905 0.1905 0.2 0.2 0.2 0.2065 0.2065 0.2125 0.2125 0.209 0.209 0.209 0.2165 0.2165 0.2025 0.2025 0.2265 0.2265 0.2265 0.2105 0.2105 0.2 0.2 0.206 0.206 0.206 0.21 0.21 0.2085 0.2085 0.201 0.201 0.196 0.196 0.196 0.181 0.181 0.177 0.177 0.174 0.174 0.174 0.177 0.177 0.175 0.175 0.2165 0.2165 0.2165 0.204 0.204 0.2015 0.2015 0.138 0.138 0.138 0.1235 0.1235 0.1195
0.2025 0.2085 0.2085 0.1955 0.1955 0.1975 0.1975 0.1975 0.189 0.189 0.196 0.196 0.194 0.194 0.194 0.194 0.194 0.1945 0.1945 0.1915 0.1915 0.201 0.201 0.201 0.2015 0.2015 0.209 0.209 0.2095 0.2095 0.2095 0.221 0.221 0.2205 0.2205 0.2115 0.2115 0.2115 0.2165 0.2165 0.2125 0.2125 0.206 0.206 0.206 0.2455 0.2455 0.192 0.192 0.201 0.201 0.1895 0.1895 0.1895 0.176 0.176 0.1675 0.1675 0.173 0.173 0.173 0.187 0.187 0.141 0.141 0.149 0.149 0.149 0.144 0.144 0.1385 0.1385 0.131 0.131 0.131 0.131 0.131 0.1205
0.2025 0.2085 0.2085 0.1955 0.1955 0.1975 0.1975 0.1975 0.189 0.189 0.196 0.196 0.194 0.194 0.194 0.194 0.194 0.1945 0.1945 0.1915 0.1915 0.201 0.201 0.201 0.2015 0.2015 0.209 0.209 0.2095 0.2095 0.2095 0.221 0.221 0.2205 0.2205 0.2115 0.2115 0.2115 0.2165 0.2165 0.2125 0.2125 0.206 0.206 0.206 0.2455 0.2455 0.192 0.192 0.201 0.201 0.1895 0.1895 0.1895 0.176 0.176 0.1675 0.1675 0.173 0.173 0.173 0.187 0.187 0.141 0.141 0.149 0.149 0.149 0.144 0.144 0.1385 0.1385 0.131 0.131 0.131 0.131 0.131 0.1205
0.2025 0.2085 0.2085 0.1955 0.1955 0.1975 0.1975 0.1975 0.189 0.189 0.196 0.196 0.194 0.194 0.194 0.194 0.194 0.1945 0.1945 0.1915 0.1915 0.201 0.201 0.201 0.2015 0.2015 0.209 0.209 0.2095 0.2095 0.2095 0.221 0.221 0.2205 0.2205 0.2115 0.2115 0.2115 0.2165 0.2165 0.2125 0.2125 0.206 0.206 0.206 0.2455 0.2455 0.192 0.192 0.201 0.201 0.1895 0.1895 0.1895 0.176 0.176 0.1675 0.1675 0.173 0.173 0.173 0.187 0.187 0.141 0.141 0.149 0.149 0.149 0.144 0.144 0.1385 0.1385 0.131 0.131 0.131 0.131 0.131 0.1205
0.215 0.2095 0.2095 0.1995 0.1995 0.188 0.188 0.188 0.208 0.208 0.234 0.234 0.2225 0.2225 0.21 0.21 0.21 0.2015 0.2015 0.2055 0.2055 0.2035 0.2035 0.2035 0.201 0.201 0.2015 0.2015 0.21 0.21 0.21 0.21 0.21 0.2025 0.2025 0.1915 0.1915 0.1915 0.218 0.218 0.2135 0.2135 0.2 0.2 0.2 0.198 0.198 0.186 0.186 0.2145 0.2145 0.201 0.201 0.201 0.189 0.189 0.1785 0.1785 0.1895 0.1895 0.1895 0.1715 0.1715 0.144 0.144 0.172 0.172 0.172 0.1735 0.1735 0.1575 0.1575 0.139 0.139 0.139 0.1245 0.1245 0.1395
0.215 0.2095 0.2095 0.1995 0.1995 0.188 0.188 0.188 0.208 0.208 0.234 0.234 0.2225 0.2225 0.21 0.21 0.21 0.2015 0.2015 0.2055 0.2055 0.2035 0.2035 0.2035 0.201 0.201 0.2015 0.2015 0.21 0.21 0.21 0.21 0.21 0.2025 0.2025 0.1915 0.1915 0.1915 0.218 0.218 0.2135 0.2135 0.2 0.2 0.2 0.198 0.198 0.186 0.186 0.2145 0.2145 0.201 0.201 0.201 0.189 0.189 0.1785 0.1785 0.1895 0.1895 0.1895 0.1715 0.1715 0.144 0.144 0.172 0.172 0.172 0.1735 0.1735 0.1575 0.1575 0.139 0.139 0.139 0.1245 0.1245 0.1395
0.228 0.2205 0.2205 0.2165 0.2165 0.2495 0.2495 0.2495 0.2705 0.2705 0.265 0.265 0.2625 0.2625 0.238 0.238 0.238 0.2305 0.2305 0.213 0.213 0.199 0.199 0.199 0.198 0.198 0.2045 0.2045 0.21 0.21 0.21 0.2035 0.2035 0.1865 0.1865 0.1935 0.1935 0.1935 0.192 0.192 0.2125 0.2125 0.177 0.177 0.177 0.1785 0.1785 0.1995 0.1995 0.223 0.223 0.211 0.211 0.211 0.204 0.204 0.1935 0.1935 0.182 0.182 0.182 0.204 0.204 0.175 0.175 0.165 0.165 0.165 0.172 0.172 0.153 0.153 0.15 0.15 0.15 0.138 0.138 0.1355
0.228 0.2205 0.2205 0.2165 0.2165 0.2495 0.2495 0.2495 0.2705 0.2705 0.265 0.265 0.2625 0.2625 0.238 0.238 0.238 0.2305 0.2305 0.213 0.213 0.199 0.199 0.199 0.198 0.198 0.2045 0.2045 0.21 0.21 0.21 0.2035 0.2035 0.1865 0.1865 0.1935 0.1935 0.1935 0.192 0.192 0.2125 0.2125 0.177 0.177 0.177 0.1785 0.1785 0.1995 0.1995 0.223 0.223 0.211 0.211 0.211 0.204 0.204 0.1935 0.1935 0.182 0.182 0.182 0.204 0.204 0.175 0.175 0.165 0.165 0.165 0.172 0.172 0.153 0.153 0.15 0.15 0.15 0.138 0.138 0.1355
0.248 0.2275 0.2275 0.2515 0.2515 0.2605 0.2605 0.2605 0.2855 0.2855 0.26 0.26 0.237 0.237 0.22 0.22 0.22 0.21 0.21 0.199 0.199 0.2035 0.2035 0.2035 0.189 0.189 0.205 0.205 0.192 0.192 0.192 0.198 0.198 0.206 0.206 0.2 0.2 0.2 0.213 0.213 0.2 0.2 0.226 0.226 0.226 0.182 0.182 0.1965 0.1965 0.1995 0.1995 0.2295 0.2295 0.2295 0.1865 0.1865 0.175 0.175 0.1965 0.1965 0.1965 0.195 0.195 0.19 0.19 0.168 0.168 0.168 0.16 0.16 0.1485 0.1485 0.151 0.151 0.151 0.164 0.164 0.1635
0.248 0.2275 0.2275 0.2515 0.2515 0.2605 0.2605 0.2605 0.2855 0.2855 0.26 0.26 0.237 0.237 0.22 0.22 0.22 0.21 0.21 0.199 0.199 0.2035 0.2035 0.2035 0.189 0.189 0.205 0.205 0.192 0.192 0.192 0.198 0.198 0.206 0.206 0.2 0.2 0.2 0.213 0.213 0.2 0.2 0.226 0.226 0.226 0.182 0.182 0.1965 0.1965 0.1995 0.1995 0.2295 0.2295 0.2295 0.1865 0.1865 0.175 0.175 0.1965 0.1965 0.1965 0.195 0.195 0.19 0.19 0.168 0.168 0.168 0.16 0.16 0.1485 0.1485 0.151 0.151 0.151 0.164 0.164 0.1635
0.248 0.2275 0.2275 0.2515 0.2515 0.2605 0.2605 0.2605 0.2855 0.2855 0.26 0.26 0.237 0.237 0.22 0.22 0.22 0.21 0.21 0.199 0.199 0.2035 0.2035 0.2035 0.189 0.189 0.205 0.205 0.192 0.192 0.192 0.198 0.198 0.206 0.206 0.2 0.2 0.2 0.213 0.213 0.2 0.2 0.226 0.226 0.226 0.182 0.182 0.1965 0.1965 0.1995 0.1995 0.2295 0.2295 0.2295 0.1865 0.1865 0.175 0.175 0.1965 0.1965 0.1965 0.195 0.195 0.19 0.19 0.168 0.168 0.168 0.16 0.16 0.1485 0.1485 0.151 0.151 0.151 0.164 0.164 0.1635
0.263 0.255 0.255 0.254 0.254 0.2455 0.2455 0.2455 0.2135 0.2135 0.2295 0.2295 0.2305 0.2305 0.1995 0.1995 0.1995 0.2035 0.2035 0.2005 0.2005 0.204 0.204 0.204 0.2035 0.2035 0.2035 0.2035 0.1865 0.1865 0.1865 0.191 0.191 0.1945 0.1945 0.1965 0.1965 0.1965 0.196 0.196 0.2065 0.2065 0.2005 0.2005 0.2005 0.214 0.214 0.216 0.216 0.1955 0.1955 0.195 0.195 0.195 0.218 0.218 0.1955 0.1955 0.1895 0.1895 0.1895 0.2105 0.2105 0.205 0.205 0.2055 0.2055 0.2055 0.174 0.174 0.161 0.161 0.1625 0.1625 0.1625 0.155 0.155 0.1535
0.263 0.255 0.255 0.254 0.254 0.2455 0.2455 0.2455 0.2135 0.2135 0.2295 0.2295 0.2305 0.2305 0.1995 0.1995 0.1995 0.2035 0.2035 0.2005 0.2005 0.204 0.204 0.204 0.2035 0.2035 0.2035 0.2035 0.1865 0.1865 0.1865 0.191 0.191 0.1945 0.1945 0.1965 0.1965 0.1965 0.196 0.196 0.2065 0.2065 0.2005 0.2005 0.2005 0.214 0.214 0.216 0.216 0.1955 0.1955 0.195 0.195 0.195 0.218 0.218 0.1955 0.1955 0.1895 0.1895 0.1895 0.2105 0.2105 0.205 0.205 0.2055 0.2055 0.2055 0.174 0.174 0.161 0.161 0.1625 0.1625 0.1625 0.155 0.155 0.1535
0.259 0.239 0.239 0.2365 0.2365 0.2215 0.2215 0.2215 0.22 0.22 0.2195 0.2195 0.2055 0.2055 0.206 0.206 0.206 0.2035 0.2035 0.2165 0.2165 0.2275 0.2275 0.2275 0.1935 0.1935 0.1895 0.1895 0.193 0.193 0.193 0.194 0.194 0.1885 0.1885 0.1915 0.1915 0.1915 0.1895 0.1895 0.19 0.19 0.199 0.199 0.199 0.2145 0.2145 0.1995 0.1995 0.192 0.192 0.1935 0.1935 0.1935 0.2095 0.2095 0.212 0.212 0.2015 0.2015 0.2015 0.213 0.213 0.2065 0.2065 0.2265 0.2265 0.2265 0.211 0.211 0.2055 0.2055 0.2045 0.2045 0.2045 0.1835 0.1835 0.1645
0.259 0.239 0.239 0.2365 0.2365 0.2215 0.2215 0.2215 0.22 0.22 0.2195 0.2195 0.2055 0.2055 0.206 0.206 0.206 0.2035 0.2035 0.2165 0.2165 0.2275 0.2275 0.2275 0.1935 0.1935 0.1895 0.1895 0.193 0.193 0.193 0.194 0.194 0.1885 0.1885 0.1915 0.1915 0.1915 0.1895 0.1895 0.19 0.19 0.199 0.199 0.199 0.2145 0.2145 0.1995 0.1995 0.192 0.192 0.1935 0.1935 0.1935 0.2095 0.2095 0.212 0.212 0.2015 0.2015 0.2015 0.213 0.213 0.2065 0.2065 0.2265 0.2265 0.2265 0.211 0.211 0.2055 0.2055 0.2045 0.2045 0.2045 0.1835 0.1835 0.1645
0.2495 0.243 0.243 0.2285 0.2285 0.2295 0.2295 0.2295 0.2295 0.2295 0.234 0.234 0.217 0.217 0.2 0.2 0.2 0.206 0.206 0.2065 0.2065 0.2135 0.2135 0.2135 0.203 0.203 0.194 0.194 0.194 0.194 0.194 0.2245 0.2245 0.2245 0.2245 0.2195 0.2195 0.2195 0.2085 0.2085 0.1995 0.1995 0.2 0.2 0.2 0.203 0.203 0.206 0.206 0.2135 0.2135 0.212 0.212 0.212 0.205 0.205 0.227 0.227 0.1985 0.1985 0.1985 0.2765 0.2765 0.252 0.252 0.2225 0.2225 0.2225 0.192 0.192 0.195 0.195 0.1945 0.1945 0.1945 0.1905 0.1905 0.19
0.2495 0.243 0.243 0.2285 0.2285 0.2295 0.2295 0.2295 0.2295 0.2295 0.234 0.234 0.217 0.217 0.2 0.2 0.2 0.206 0.206 0.2065 0.2065 0.2135 0.2135 0.2135 0.203 0.203 0.194 0.194 0.194 0.194 0.194 0.2245 0.2245 0.2245 0.2245 0.2195 0.2195 0.2195 0.2085 0.2085 0.1995 0.1995 0.2 0.2 0.2 0.203 0.203 0.206 0.206 0.2135 0.2135 0.212 0.212 0.212 0.205 0.205 0.227 0.227 0.1985 0.1985 0.1985 0.2765 0.2765 0.252 0.252 0.2225 0.2225 0.2225 0.192 0.192 0.195 0.195 0.1945 0.1945 0.1945 0.1905 0.1905 0.19
0.2495 0.243 0.243 0.2285 0.2285 0.2295 0.2295 0.2295 0.2295 0.2295 0.234 0.234 0.217 0.217 0.2 0.2 0.2 0.206 0.206 0.2065 0.2065 0.2135 0.2135 0.2135 0.203 0.203 0.194 0.194 0.194 0.194 0.194 0.2245 0.2245 0.2245 0.2245 0.2195 0.2195 0.2195 0.2085 0.2085 0.1995 0.1995 0.2 0.2 0.2 0.203 0.203 0.206 0.206 0.2135 0.2135 0.212 0.212 0.212 0.205 0.205 0.227 0.227 0.1985 0.1985 0.1985 0.2765 0.2765 0.252 0.252 0.2225 0.2225 0.2225 0.192 0.192 0.195 0.195 0.1945 0.1945 0.1945 0.1905 0.1905 0.19
0.245 0.239 0.239 0.228 0.228 0.2305 0.2305 0.2305 0.236 0.236 0.237 0.237 0.22 0.22 0.2215 0.2215 0.2215 0.208 0.208 0.1995 0.1995 0.199 0.199 0.199 0.212 0.212 0.213 0.213 0.212 0.212 0.212 0.2145 0.2145 0.222 0.222 0.233 0.233 0.233 0.224 0.224 0.2135 0.2135 0.201 0.201 0.201 0.2005 0.2005 0.2115 0.2115 0.23 0.23 0.228 0.228 0.228 0.229 0.229 0.208 0.208 0.208 0.208 0.208 0.2185 0.2185 0.2285 0.2285 0.2345 0.2345 0.2345 0.244 0.244 0.2425 0.2425 0.182 0.182 0.182 0.2095 0.2095 0.2085
0.245 0.239 0.239 0.228 0.228 0.2305 0.2305 0.2305 0.236 0.236 0.237 0.237 0.22 0.22 0.2215 0.2215 0.2215 0.208 0.208 0.1995 0.1995 0.199 0.199 0.199 0.212 0.212 0.213 0.213 0.212 0.212 0.212 0.2145 0.2145 0.222 0.222 0.233 0.233 0.233 0.224 0.224 0.2135 0.2135 0.201 0.201 0.201 0.2005 0.2005 0.2115 0.2115 0.23 0.23 0.228 0.228 0.228 0.229 0.229 0.208 0.208 0.208 0.208 0.208 0.2185 0.2185 0.2285 0.2285 0.2345 0.2345 0.2345 0.244 0.244 0.2425 0.2425 0.182 0.182 0.182 0.2095 0.2095 0.2085
0.235 0.2275 0.2275 0.2245 0.2245 0.2265 0.2265 0.2265 0.225 0.225 0.2155 0.2155 0.2245 0.2245 0.216 0.216 0.216 0.214 0.214 0.2115 0.2115 0.211 0.211 0.211 0.2175 0.2175 0.194 0.194 0.2005 0.2005 0.2005 0.208 0.208 0.2115 0.2115 0.2475 0.2475 0.2475 0.236 0.236 0.2345 0.2345 0.234 0.234 0.234 0.2345 0.2345 0.2255 0.2255 0.2305 0.2305 0.242 0.242 0.242 0.2595 0.2595 0.213 0.213 0.217 0.217 0.217 0.2205 0.2205 0.213 0.213 0.2535 0.2535 0.2535 0.278 0.278 0.262 0.262 0.2355 0.2355 0.2355 0.2275 0.2275 0.2285
0.235 0.2275 0.2275 0.2245 0.2245 0.2265 0.2265 0.2265 0.225 0.225 0.2155 0.2155 0.2245 0.2245 0.216 0.216 0.216 0.214 0.214 0.2115 0.2115 0.211 0.211 0.211 0.2175 0.2175 0.194 0.194 0.2005 0.2005 0.2005 0.208 0.208 0.2115 0.2115 0.2475 0.2475 0.2475 0.236 0.236 0.2345 0.2345 0.234 0.234 0.234 0.2345 0.2345 0.2255 0.2255 0.2305 0.2305 0.242 0.242 0.242 0.2595 0.2595 0.213 0.213 0.217 0.217 0.217 0.2205 0.2205 0.213 0.213 0.2535 0.2535 0.2535 0.278 0.278 0.262 0.262 0.2355 0.2355 0.2355 0.2275 0.2275 0.2285
0.271 0.246 0.246 0.243 0.243 0.239 0.239 0.239 0.252 0.252 0.2405 0.2405 0.2125 0.2125 0.2065 0.2065 0.2065 0.2195 0.2195 0.217 0.217 0.226 0.226 0.226 0.221 0.221 0.205 0.205 0.208 0.208 0.208 0.221 0.221 0.2455 0.2455 0.23 0.23 0.23 0.246 0.246 0.2375 0.2375 0.2455 0.2455 0.2455 0.2365 0.2365 0.2465 0.2465 0.247 0.247 0.2715 0.2715 0.2715 0.265 0.265 0.2155 0.2155 0.217 0.217 0.217 0.2145 0.2145 0.24 0.24 0.234 0.234 0.234 0.2765 0.2765 0.236 0.236 0.2195 0.2195 0.2195 0.216 0.216 0.197
