ndvi/NOAA-81.asc
ncols         252
nrows         154
xllcorner     -18.017974
yllcorner     13.481982
cellsize      0.035948
NODATA_value  -9999
[rows 68 to 101 of 154, columns 0 to 76 of 252]
-1 -1 -1 -1 -1 -1 -1 -1 -1 -1 -1 -1 -1 -1 -1 -1 -1 -1 -1 -1 -1 -1 -1 -1 -1 -1 -1 -1 -1 -1 -1 -1 -1 -1 -1 -1 -1 -1 -1 0.199 0.199 0.199 0.224 0.224 0.382 0.382 0.3715 0.3715 0.3715 0.3575 0.3575 0.347 0.347 0.4205 0.4205 0.333 0.333 0.333 0.419 0.419 0.4127 0.4127 0.4127 0.4127 0.4127 0.3755 0.3755 0.394 0.394 0.359 0.359 0.359 0.3365 0.3365 0.324 0.324 0.3345
-1 -1 -1 -1 -1 -1 -1 -1 -1 -1 -1 -1 -1 -1 -1 -1 -1 -1 -1 -1 -1 -1 -1 -1 -1 -1 -1 -1 -1 -1 -1 -1 -1 -1 -1 -1 -1 -1 -1 0.2925 0.2925 0.2925 0.3535 0.3535 0.3695 0.3695 0.315 0.315 0.315 0.3005 0.3005 0.3185 0.3185 0.3485 0.3485 0.37 0.37 0.37 0.415 0.415 0.4315 0.4315 0.4315 0.4315 0.4315 0.395 0.395 0.3995 0.3995 0.445 0.445 0.445 0.3675 0.3675 0.334 0.334 0.364
-1 -1 -1 -1 -1 -1 -1 -1 -1 -1 -1 -1 -1 -1 -1 -1 -1 -1 -1 -1 -1 -1 -1 -1 -1 -1 -1 -1 -1 -1 -1 -1 -1 -1 -1 -1 -1 -1 -1 0.2925 0.2925 0.2925 0.3535 0.3535 0.3695 0.3695 0.315 0.315 0.315 0.3005 0.3005 0.3185 0.3185 0.3485 0.3485 0.37 0.37 0.37 0.415 0.415 0.4315 0.4315 0.4315 0.4315 0.4315 0.395 0.395 0.3995 0.3995 0.445 0.445 0.445 0.3675 0.3675 0.334 0.334 0.364
-1 -1 -1 -1 -1 -1 -1 -1 -1 -1 -1 -1 -1 -1 -1 -1 -1 -1 -1 -1 -1 -1 -1 -1 -1 -1 -1 -1 -1 -1 -1 -1 -1 -1 -1 -1 -1 0.1495 0.1495 0.2695 0.2695 0.2695 0.3195 0.3195 0.345 0.345 0.301 0.301 0.301 0.27 0.27 0.2355 0.2355 0.2875 0.2875 0.2795 0.2795 0.2795 0.3415 0.3415 0.4095 0.4095 0.4095 0.4095 0.4095 0.49 0.49 0.4375 0.4375 0.428 0.428 0.428 0.4695 0.4695 0.4215 0.4215 0.37
-1 -1 -1 -1 -1 -1 -1 -1 -1 -1 -1 -1 -1 -1 -1 -1 -1 -1 -1 -1 -1 -1 -1 -1 -1 -1 -1 -1 -1 -1 -1 -1 -1 -1 -1 -1 -1 0.1495 0.1495 0.2695 0.2695 0.2695 0.3195 0.3195 0.345 0.345 0.301 0.301 0.301 0.27 0.27 0.2355 0.2355 0.2875 0.2875 0.2795 0.2795 0.2795 0.3415 0.3415 0.4095 0.4095 0.4095 0.4095 0.4095 0.49 0.49 0.4375 0.4375 0.428 0.428 0.428 0.4695 0.4695 0.4215 0.4215 0.37
-1 -1 -1 -1 -1 -1 -1 -1 -1 -1 -1 -1 -1 -1 -1 -1 -1 -1 -1 -1 -1 -1 -1 -1 -1 -1 -1 -1 -1 -1 -1 -1 -1 -1 -1 -1 -1 0.1495 0.1495 0.2695 0.2695 0.2695 0.3195 0.3195 0.345 0.345 0.301 0.301 0.301 0.27 0.27 0.2355 0.2355 0.2875 0.2875 0.2795 0.2795 0.2795 0.3415 0.3415 0.4095 0.4095 0.4095 0.4095 0.4095 0.49 0.49 0.4375 0.4375 0.428 0.428 0.428 0.4695 0.4695 0.4215 0.4215 0.37
-1 -1 -1 -1 -1 -1 -1 -1 -1 -1 -1 -1 -1 -1 -1 -1 -1 -1 -1 -1 -1 -1 -1 -1 -1 -1 -1 -1 -1 -1 -1 -1 -1 -1 -1 -1 -1 0.12 0.12 0.2415 0.2415 0.2415 0.2995 0.2995 0.4545 0.4545 0.301 0.301 0.301 0.2755 0.2755 0.3385 0.3385 0.3505 0.3505 0.4666 0.4666 0.4666 0.339 0.339 0.4655 0.4655 0.4655 0.4655 0.4655 0.531 0.531 0.5420001 0.5420001 0.4635 0.4635 0.4635 0.45 0.45 0.4295 0.4295 0.4365
-1 -1 -1 -1 -1 -1 -1 -1 -1 -1 -1 -1 -1 -1 -1 -1 -1 -1 -1 -1 -1 -1 -1 -1 -1 -1 -1 -1 -1 -1 -1 -1 -1 -1 -1 -1 -1 0.12 0.12 0.2415 0.2415 0.2415 0.2995 0.2995 0.4545 0.4545 0.301 0.301 0.301 0.2755 0.2755 0.3385 0.3385 0.3505 0.3505 0.4666 0.4666 0.4666 0.339 0.339 0.4655 0.4655 0.4655 0.4655 0.4655 0.531 0.531 0.5420001 0.5420001 0.4635 0.4635 0.4635 0.45 0.45 0.4295 0.4295 0.4365
-1 -1 -1 -1 -1 -1 -1 -1 -1 -1 -1 -1 -1 -1 -1 -1 -1 -1 -1 -1 -1 -1 -1 -1 -1 -1 -1 -1 -1 -1 -1 -1 -1 -1 -1 -1 -1 0.036 0.036 0.1685 0.1685 0.1685 0.3935 0.3935 0.4 0.4 0.422 0.422 0.422 0.493 0.493 0.4 0.4 0.507 0.507 0.46 0.46 0.46 0.493 0.493 0.507 0.507 0.507 0.507 0.507 0.519 0.519 0.517 0.517 0.501 0.501 0.501 0.4425 0.4425 0.436 0.436 0.5165
-1 -1 -1 -1 -1 -1 -1 -1 -1 -1 -1 -1 -1 -1 -1 -1 -1 -1 -1 -1 -1 -1 -1 -1 -1 -1 -1 -1 -1 -1 -1 -1 -1 -1 -1 -1 -1 0.036 0.036 0.1685 0.1685 0.1685 0.3935 0.3935 0.4 0.4 0.422 0.422 0.422 0.493 0.493 0.4 0.4 0.507 0.507 0.46 0.46 0.46 0.493 0.493 0.507 0.507 0.507 0.507 0.507 0.519 0.519 0.517 0.517 0.501 0.501 0.501 0.4425 0.4425 0.436 0.436 0.5165
-1 -1 -1 -1 -1 -1 -1 -1 -1 -1 -1 -1 -1 -1 -1 -1 -1 -1 -1 -1 -1 -1 -1 -1 -1 -1 -1 -1 -1 -1 -1 -1 -1 -1 -1 -1 -1 0.0392 0.0392 0.1905 0.1905 0.1905 0.3205 0.3205 0.403 0.403 0.437 0.437 0.437 0.4585 0.4585 0.4175 0.4175 0.445 0.445 0.449 0.449 0.449 0.479 0.479 0.4855 0.4855 0.4855 0.4855 0.4855 0.515 0.515 0.536 0.536 0.4885 0.4885 0.4885 0.4825 0.4825 0.505 0.505 0.5085
-1 -1 -1 -1 -1 -1 -1 -1 -1 -1 -1 -1 -1 -1 -1 -1 -1 -1 -1 -1 -1 -1 -1 -1 -1 -1 -1 -1 -1 -1 -1 -1 -1 -1 -1 -1 -1 0.0392 0.0392 0.1905 0.1905 0.1905 0.3205 0.3205 0.403 0.403 0.437 0.437 0.437 0.4585 0.4585 0.4175 0.4175 0.445 0.445 0.449 0.449 0.449 0.479 0.479 0.4855 0.4855 0.4855 0.4855 0.4855 0.515 0.515 0.536 0.536 0.4885 0.4885 0.4885 0.4825 0.4825 0.505 0.505 0.5085
-1 -1 -1 -1 -1 -1 -1 -1 -1 -1 -1 -1 -1 -1 -1 -1 -1 -1 -1 -1 -1 -1 -1 -1 -1 -1 -1 -1 -1 -1 -1 -1 -1 -1 -1 -1 -1 0.0157 0.0157 0.2635 0.2635 0.2635 0.3685 0.3685 0.409 0.409 0.5175 0.5175 0.5175 0.479 0.479 0.4365 0.4365 0.4165 0.4165 0.4725 0.4725 0.4725 0.559 0.559 0.4985 0.4985 0.4985 0.4985 0.4985 0.481 0.481 0.4855 0.4855 0.4385 0.4385 0.4385 0.4795 0.4795 0.5695 0.5695 0.508
-1 -1 -1 -1 -1 -1 -1 -1 -1 -1 -1 -1 -1 -1 -1 -1 -1 -1 -1 -1 -1 -1 -1 -1 -1 -1 -1 -1 -1 -1 -1 -1 -1 -1 -1 -1 -1 0.0157 0.0157 0.2635 0.2635 0.2635 0.3685 0.3685 0.409 0.409 0.5175 0.5175 0.5175 0.479 0.479 0.4365 0.4365 0.4165 0.4165 0.4725 0.4725 0.4725 0.559 0.559 0.4985 0.4985 0.4985 0.4985 0.4985 0.481 0.481 0.4855 0.4855 0.4385 0.4385 0.4385 0.4795 0.4795 0.5695 0.5695 0.508
-1 -1 -1 -1 -1 -1 -1 -1 -1 -1 -1 -1 -1 -1 -1 -1 -1 -1 -1 -1 -1 -1 -1 -1 -1 -1 -1 -1 -1 -1 -1 -1 -1 -1 -1 -1 -1 0.0157 0.0157 0.2635 0.2635 0.2635 0.3685 0.3685 0.409 0.409 0.5175 0.5175 0.5175 0.479 0.479 0.4365 0.4365 0.4165 0.4165 0.4725 0.4725 0.4725 0.559 0.559 0.4985 0.4985 0.4985 0.4985 0.4985 0.481 0.481 0.4855 0.4855 0.4385 0.4385 0.4385 0.4795 0.4795 0.5695 0.5695 0.508
-1 -1 -1 -1 -1 -1 -1 -1 -1 -1 -1 -1 -1 -1 -1 -1 -1 -1 -1 -1 -1 -1 -1 -1 -1 -1 -1 -1 -1 -1 -1 -1 -1 -1 -1 -1 -1 0.0551 0.0551 0.3215 0.3215 0.3215 0.3665 0.3665 0.41 0.41 0.4535 0.4535 0.4535 0.4695 0.4695 0.4325 0.4325 0.475 0.475 0.458 0.458 0.458 0.518 0.518 0.514 0.514 0.514 0.514 0.514 0.501 0.501 0.562 0.562 0.545 0.545 0.545 0.5365 0.5365 0.526 0.526 0.5355
-1 -1 -1 -1 -1 -1 -1 -1 -1 -1 -1 -1 -1 -1 -1 -1 -1 -1 -1 -1 -1 -1 -1 -1 -1 -1 -1 -1 -1 -1 -1 -1 -1 -1 -1 -1 -1 0.0551 0.0551 0.3215 0.3215 0.3215 0.3665 0.3665 0.41 0.41 0.4535 0.4535 0.4535 0.4695 0.4695 0.4325 0.4325 0.475 0.475 0.458 0.458 0.458 0.518 0.518 0.514 0.514 0.514 0.514 0.514 0.501 0.501 0.562 0.562 0.545 0.545 0.545 0.5365 0.5365 0.526 0.526 0.5355
-1 -1 -1 -1 -1 -1 -1 -1 -1 -1 -1 -1 -1 -1 -1 -1 -1 -1 -1 -1 -1 -1 -1 -1 -1 -1 -1 -1 -1 -1 -1 -1 -1 -1 -1 -1 -1 0.1885 0.1885 0.419 0.419 0.419 0.4015 0.4015 0.3915 0.3915 0.438 0.438 0.438 0.3925 0.3925 0.411 0.411 0.4575 0.4575 0.4755 0.4755 0.4755 0.457 0.457 0.496 0.496 0.496 0.496 0.496 0.4815 0.4815 0.5225 0.5225 0.5025 0.5025 0.5025 0.4725 0.4725 0.5205 0.5205 0.546
-1 -1 -1 -1 -1 -1 -1 -1 -1 -1 -1 -1 -1 -1 -1 -1 -1 -1 -1 -1 -1 -1 -1 -1 -1 -1 -1 -1 -1 -1 -1 -1 -1 -1 -1 -1 -1 0.1885 0.1885 0.419 0.419 0.419 0.4015 0.4015 0.3915 0.3915 0.438 0.438 0.438 0.3925 0.3925 0.411 0.411 0.4575 0.4575 0.4755 0.4755 0.4755 0.457 0.457 0.496 0.496 0.496 0.496 0.496 0.4815 0.4815 0.5225 0.5225 0.5025 0.5025 0.5025 0.4725 0.4725 0.5205 0.5205 0.546
-1 -1 -1 -1 -1 -1 -1 -1 -1 -1 -1 -1 -1 -1 -1 -1 -1 -1 -1 -1 -1 -1 -1 -1 -1 -1 -1 -1 -1 -1 -1 -1 -1 -1 -1 0.0282 0.0282 0.33 0.33 0.3815 0.3815 0.3815 0.461 0.461 0.405 0.405 0.4175 0.4175 0.4175 0.453 0.453 0.449 0.449 0.4496 0.4496 0.414 0.414 0.414 0.507 0.507 0.4895 0.4895 0.4895 0.4895 0.4895 0.484 0.484 0.4885 0.4885 0.5555 0.5555 0.5555 0.4635 0.4635 0.5375 0.5375 0.5745
-1 -1 -1 -1 -1 -1 -1 -1 -1 -1 -1 -1 -1 -1 -1 -1 -1 -1 -1 -1 -1 -1 -1 -1 -1 -1 -1 -1 -1 -1 -1 -1 -1 -1 -1 0.0282 0.0282 0.33 0.33 0.3815 0.3815 0.3815 0.461 0.461 0.405 0.405 0.4175 0.4175 0.4175 0.453 0.453 0.449 0.449 0.4496 0.4496 0.414 0.414 0.414 0.507 0.507 0.4895 0.4895 0.4895 0.4895 0.4895 0.484 0.484 0.4885 0.4885 0.5555 0.5555 0.5555 0.4635 0.4635 0.5375 0.5375 0.5745
-1 -1 -1 -1 -1 -1 -1 -1 -1 -1 -1 -1 -1 -1 -1 -1 -1 -1 -1 -1 -1 -1 -1 -1 -1 -1 -1 -1 -1 -1 -1 -1 -1 -1 -1 0.0282 0.0282 0.33 0.33 0.3815 0.3815 0.3815 0.461 0.461 0.405 0.405 0.4175 0.4175 0.4175 0.453 0.453 0.449 0.449 0.4496 0.4496 0.414 0.414 0.414 0.507 0.507 0.4895 0.4895 0.4895 0.4895 0.4895 0.484 0.484 0.4885 0.4885 0.5555 0.5555 0.5555 0.4635 0.4635 0.5375 0.5375 0.5745
-1 -1 -1 -1 -1 -1 -1 -1 -1 -1 -1 -1 -1 -1 -1 -1 -1 -1 -1 -1 -1 -1 -1 -1 -1 -1 -1 -1 -1 -1 -1 -1 -1 -1 -1 0.2896 0.2896 0.4235 0.4235 0.424 0.424 0.424 0.4275 0.4275 0.4155 0.4155 0.4045 0.4045 0.4045 0.4755 0.4755 0.4425 0.4425 0.479 0.479 0.4705 0.4705 0.4705 0.533 0.533 0.526 0.526 0.526 0.526 0.526 0.601 0.601 0.537 0.537 0.563 0.563 0.563 0.5175 0.5175 0.558 0.558 0.5705
-1 -1 -1 -1 -1 -1 -1 -1 -1 -1 -1 -1 -1 -1 -1 -1 -1 -1 -1 -1 -1 -1 -1 -1 -1 -1 -1 -1 -1 -1 -1 -1 -1 -1 -1 0.2896 0.2896 0.4235 0.4235 0.424 0.424 0.424 0.4275 0.4275 0.4155 0.4155 0.4045 0.4045 0.4045 0.4755 0.4755 0.4425 0.4425 0.479 0.479 0.4705 0.4705 0.4705 0.533 0.533 0.526 0.526 0.526 0.526 0.526 0.601 0.601 0.537 0.537 0.563 0.563 0.563 0.5175 0.5175 0.558 0.558 0.5705
-1 -1 -1 -1 -1 -1 -1 -1 -1 -1 -1 -1 -1 -1 -1 -1 -1 -1 -1 -1 -1 -1 -1 -1 -1 -1 -1 -1 -1 -1 -1 -1 0.1376 0.1376 0.1376 0.42 0.42 0.395 0.395 0.4295 0.4295 0.4295 0.3945 0.3945 0.401 0.401 0.4375 0.4375 0.4375 0.429 0.429 0.439 0.439 0.4985 0.4985 0.526 0.526 0.526 0.525 0.525 0.5825 0.5825 0.5825 0.5825 0.5825 0.5525 0.5525 0.616 0.616 0.606 0.606 0.606 0.597 0.597 0.518 0.518 0.56
-1 -1 -1 -1 -1 -1 -1 -1 -1 -1 -1 -1 -1 -1 -1 -1 -1 -1 -1 -1 -1 -1 -1 -1 -1 -1 -1 -1 -1 -1 -1 -1 0.1376 0.1376 0.1376 0.42 0.42 0.395 0.395 0.4295 0.4295 0.4295 0.3945 0.3945 0.401 0.401 0.4375 0.4375 0.4375 0.429 0.429 0.439 0.439 0.4985 0.4985 0.526 0.526 0.526 0.525 0.525 0.5825 0.5825 0.5825 0.5825 0.5825 0.5525 0.5525 0.616 0.616 0.606 0.606 0.606 0.597 0.597 0.518 0.518 0.56
-1 -1 -1 -1 -1 -1 -1 -1 -1 -1 -1 -1 -1 -1 -1 -1 -1 -1 -1 -1 -1 -1 -1 -1 -1 -1 -1 -1 -1 -1 0.0166 0.0166 0.4015 0.4015 0.4015 0.381 0.381 0.407 0.407 0.395 0.395 0.395 0.4325 0.4325 0.4025 0.4025 0.443 0.443 0.443 0.417 0.417 0.436 0.436 0.5055 0.5055 0.555 0.555 0.555 0.5895 0.5895 0.586 0.586 0.586 0.586 0.586 0.583 0.583 0.626 0.626 0.568 0.568 0.568 0.6075 0.6075 0.558 0.558 0.5515
-1 -1 -1 -1 -1 -1 -1 -1 -1 -1 -1 -1 -1 -1 -1 -1 -1 -1 -1 -1 -1 -1 -1 -1 -1 -1 -1 -1 -1 -1 0.0166 0.0166 0.4015 0.4015 0.4015 0.381 0.381 0.407 0.407 0.395 0.395 0.395 0.4325 0.4325 0.4025 0.4025 0.443 0.443 0.443 0.417 0.417 0.436 0.436 0.5055 0.5055 0.555 0.555 0.555 0.5895 0.5895 0.586 0.586 0.586 0.586 0.586 0.583 0.583 0.626 0.626 0.568 0.568 0.568 0.6075 0.6075 0.558 0.558 0.5515
-1 -1 -1 -1 -1 -1 -1 -1 -1 -1 -1 -1 -1 -1 -1 -1 -1 -1 -1 -1 -1 -1 -1 -1 -1 -1 -1 -1 -1 -1 0.0166 0.0166 0.4015 0.4015 0.4015 0.381 0.381 0.407 0.407 0.395 0.395 0.395 0.4325 0.4325 0.4025 0.4025 0.443 0.443 0.443 0.417 0.417 0.436 0.436 0.5055 0.5055 0.555 0.555 0.555 0.5895 0.5895 0.586 0.586 0.586 0.586 0.586 0.583 0.583 0.626 0.626 0.568 0.568 0.568 0.6075 0.6075 0.558 0.558 0.5515
-1 -1 -1 -1 -1 -1 -1 -1 -1 -1 -1 -1 -1 -1 -1 -1 -1 -1 -1 -1 -1 -1 -1 -1 -1 -1 -1 -1 -1 -1 0.163 0.163 0.3875 0.3875 0.3875 0.3845 0.3845 0.3525 0.3525 0.3965 0.3965 0.3965 0.403 0.403 0.412 0.412 0.4595 0.4595 0.4595 0.455 0.455 0.508 0.508 0.5915 0.5915 0.595 0.595 0.595 0.678 0.678 0.6545 0.6545 0.6545 0.6545 0.6545 0.6289999 0.6289999 0.5815 0.5815 0.575 0.575 0.575 0.588 0.588 0.5575 0.5575 0.5285
-1 -1 -1 -1 -1 -1 -1 -1 -1 -1 -1 -1 -1 -1 -1 -1 -1 -1 -1 -1 -1 -1 -1 -1 -1 -1 -1 -1 -1 -1 0.163 0.163 0.3875 0.3875 0.3875 0.3845 0.3845 0.3525 0.3525 0.3965 0.3965 0.3965 0.403 0.403 0.412 0.412 0.4595 0.4595 0.4595 0.455 0.455 0.508 0.508 0.5915 0.5915 0.595 0.595 0.595 0.678 0.678 0.6545 0.6545 0.6545 0.6545 0.6545 0.6289999 0.6289999 0.5815 0.5815 0.575 0.575 0.575 0.588 0.588 0.5575 0.5575 0.5285
-1 -1 -1 -1 -1 -1 -1 -1 -1 -1 -1 -1 -1 -1 -1 -1 -1 -1 -1 -1 -1 -1 -1 -1 -1 -1 -1 -1 0.0676 0.0676 0.361 0.361 0.376 0.376 0.376 0.343 0.343 0.3345 0.3345 0.353 0.353 0.353 0.3885 0.3885 0.387 0.387 0.467 0.467 0.467 0.4585 0.4585 0.538 0.538 0.574 0.574 0.582 0.582 0.582 0.649 0.649 0.6305 0.6305 0.6305 0.6305 0.6305 0.6135 0.6135 0.581 0.581 0.626 0.626 0.626 0.634 0.634 0.551 0.551 0.5
-1 -1 -1 -1 -1 -1 -1 -1 -1 -1 -1 -1 -1 -1 -1 -1 -1 -1 -1 -1 -1 -1 -1 -1 -1 -1 -1 -1 0.0676 0.0676 0.361 0.361 0.376 0.376 0.376 0.343 0.343 0.3345 0.3345 0.353 0.353 0.353 0.3885 0.3885 0.387 0.387 0.467 0.467 0.467 0.4585 0.4585 0.538 0.538 0.574 0.574 0.582 0.582 0.582 0.649 0.649 0.6305 0.6305 0.6305 0.6305 0.6305 0.6135 0.6135 0.581 0.581 0.626 0.626 0.626 0.634 0.634 0.551 0.551 0.5
-1 -1 -1 -1 -1 -1 -1 -1 -1 -1 -1 -1 -1 -1 -1 -1 -1 -1 -1 -1 -1 -1 -1 -1 -1 0.0286 0.0286 0.0286 0.205 0.205 0.3855 0.3855 0.3515 0.3515 0.3515 0.3435 0.3435 0.3705 0.3705 0.356 0.356 0.356 0.38 0.38 0.403 0.403 0.439 0.439 0.439 0.4525 0.4525 0.552 0.552 0.5775 0.5775 0.595 0.595 0.595 0.5695 0.5695 0.5805 0.5805 0.5805 0.5805 0.5805 0.5225 0.5225 0.5635 0.5635 0.5545 0.5545 0.5545 0.5515 0.5515 0.5365 0.5365 0.471
