ndvi/NOAA-266.asc
ncols         252
nrows         154
xllcorner     -18.017974
yllcorner     13.481982
cellsize      0.035948
NODATA_value  -9999
[rows 68 to 101 of 154, columns 154 to 230 of 252]
0.1345 0.136 0.136 0.151 0.151 0.151 0.1425 0.1425 0.1335 0.1335 0.189 0.189 0.1825 0.1825 0.1825 0.2075 0.2075 0.21 0.21 0.1935 0.1935 0.1935 0.212 0.212 0.197 0.197 0.1895 0.1895 0.1895 0.2095 0.2095 0.211 0.211 0.214 0.214 0.214 0.2075 0.2075 0.193 0.193 0.207 0.207 0.207 0.2235 0.2235 0.203 0.203 0.218 0.218 0.2415 0.2415 0.2415 0.24 0.24 0.212 0.212 0.221 0.221 0.221 0.2355 0.2355 0.2255 0.2255 0.2045 0.2045 0.2045 0.1905 0.1905 0.1875 0.1875 0.212 0.212 0.212 0.1965 0.1965 0.1825 0.1825
0.141 0.147 0.147 0.1675 0.1675 0.1675 0.159 0.159 0.1575 0.1575 0.1535 0.1535 0.2105 0.2105 0.2105 0.2115 0.2115 0.208 0.208 0.2165 0.2165 0.2165 0.2055 0.2055 0.206 0.206 0.1955 0.1955 0.1955 0.2005 0.2005 0.204 0.204 0.2005 0.2005 0.2005 0.217 0.217 0.215 0.215 0.212 0.212 0.212 0.2095 0.2095 0.1945 0.1945 0.2335 0.2335 0.229 0.229 0.229 0.215 0.215 0.2205 0.2205 0.217 0.217 0.217 0.2105 0.2105 0.224 0.224 0.2215 0.2215 0.2215 0.1905 0.1905 0.1935 0.1935 0.206 0.206 0.206 0.2015 0.2015 0.1865 0.1865
0.141 0.147 0.147 0.1675 0.1675 0.1675 0.159 0.159 0.1575 0.1575 0.1535 0.1535 0.2105 0.2105 0.2105 0.2115 0.2115 0.208 0.208 0.2165 0.2165 0.2165 0.2055 0.2055 0.206 0.206 0.1955 0.1955 0.1955 0.2005 0.2005 0.204 0.204 0.2005 0.2005 0.2005 0.217 0.217 0.215 0.215 0.212 0.212 0.212 0.2095 0.2095 0.1945 0.1945 0.2335 0.2335 0.229 0.229 0.229 0.215 0.215 0.2205 0.2205 0.217 0.217 0.217 0.2105 0.2105 0.224 0.224 0.2215 0.2215 0.2215 0.1905 0.1905 0.1935 0.1935 0.206 0.206 0.206 0.2015 0.2015 0.1865 0.1865
0.161 0.155 0.155 0.1555 0.1555 0.1555 0.1635 0.1635 0.177 0.177 0.1615 0.1615 0.204 0.204 0.204 0.1885 0.1885 0.203 0.203 0.2095 0.2095 0.2095 0.2085 0.2085 0.198 0.198 0.2 0.2 0.2 0.218 0.218 0.227 0.227 0.224 0.224 0.224 0.2275 0.2275 0.2145 0.2145 0.2165 0.2165 0.2165 0.2235 0.2235 0.2145 0.2145 0.25 0.25 0.2285 0.2285 0.2285 0.246 0.246 0.221 0.221 0.227 0.227 0.227 0.229 0.229 0.23 0.23 0.2005 0.2005 0.2005 0.2005 0.2005 0.188 0.188 0.1745 0.1745 0.1745 0.1705 0.1705 0.191 0.191
0.161 0.155 0.155 0.1555 0.1555 0.1555 0.1635 0.1635 0.177 0.177 0.1615 0.1615 0.204 0.204 0.204 0.1885 0.1885 0.203 0.203 0.2095 0.2095 0.2095 0.2085 0.2085 0.198 0.198 0.2 0.2 0.2 0.218 0.218 0.227 0.227 0.224 0.224 0.224 0.2275 0.2275 0.2145 0.2145 0.2165 0.2165 0.2165 0.2235 0.2235 0.2145 0.2145 0.25 0.25 0.2285 0.2285 0.2285 0.246 0.246 0.221 0.221 0.227 0.227 0.227 0.229 0.229 0.23 0.23 0.2005 0.2005 0.2005 0.2005 0.2005 0.188 0.188 0.1745 0.1745 0.1745 0.1705 0.1705 0.191 0.191
0.161 0.155 0.155 0.1555 0.1555 0.1555 0.1635 0.1635 0.177 0.177 0.1615 0.1615 0.204 0.204 0.204 0.1885 0.1885 0.203 0.203 0.2095 0.2095 0.2095 0.2085 0.2085 0.198 0.198 0.2 0.2 0.2 0.218 0.218 0.227 0.227 0.224 0.224 0.224 0.2275 0.2275 0.2145 0.2145 0.2165 0.2165 0.2165 0.2235 0.2235 0.2145 0.2145 0.25 0.25 0.2285 0.2285 0.2285 0.246 0.246 0.221 0.221 0.227 0.227 0.227 0.229 0.229 0.23 0.23 0.2005 0.2005 0.2005 0.2005 0.2005 0.188 0.188 0.1745 0.1745 0.1745 0.1705 0.1705 0.191 0.191
0.165 0.1545 0.1545 0.166 0.166 0.166 0.167 0.167 0.189 0.189 0.1695 0.1695 0.203 0.203 0.203 0.203 0.203 0.198 0.198 0.215 0.215 0.215 0.2075 0.2075 0.2075 0.2075 0.21 0.21 0.21 0.2135 0.2135 0.224 0.224 0.2225 0.2225 0.2225 0.2305 0.2305 0.228 0.228 0.2185 0.2185 0.2185 0.2345 0.2345 0.2165 0.2165 0.228 0.228 0.252 0.252 0.252 0.246 0.246 0.238 0.238 0.227 0.227 0.227 0.226 0.226 0.2205 0.2205 0.22 0.22 0.22 0.219 0.219 0.192 0.192 0.1825 0.1825 0.1825 0.2105 0.2105 0.2185 0.2185
0.165 0.1545 0.1545 0.166 0.166 0.166 0.167 0.167 0.189 0.189 0.1695 0.1695 0.203 0.203 0.203 0.203 0.203 0.198 0.198 0.215 0.215 0.215 0.2075 0.2075 0.2075 0.2075 0.21 0.21 0.21 0.2135 0.2135 0.224 0.224 0.2225 0.2225 0.2225 0.2305 0.2305 0.228 0.228 0.2185 0.2185 0.2185 0.2345 0.2345 0.2165 0.2165 0.228 0.228 0.252 0.252 0.252 0.246 0.246 0.238 0.238 0.227 0.227 0.227 0.226 0.226 0.2205 0.2205 0.22 0.22 0.22 0.219 0.219 0.192 0.192 0.1825 0.1825 0.1825 0.2105 0.2105 0.2185 0.2185
0.136 0.152 0.152 0.179 0.179 0.179 0.1625 0.1625 0.192 0.192 0.1655 0.1655 0.192 0.192 0.192 0.218 0.218 0.2015 0.2015 0.2295 0.2295 0.2295 0.225 0.225 0.218 0.218 0.2125 0.2125 0.2125 0.2325 0.2325 0.2395 0.2395 0.237 0.237 0.237 0.236 0.236 0.2515 0.2515 0.2615 0.2615 0.2615 0.248 0.248 0.2335 0.2335 0.247 0.247 0.256 0.256 0.256 0.2435 0.2435 0.2295 0.2295 0.2275 0.2275 0.2275 0.2175 0.2175 0.2225 0.2225 0.2095 0.2095 0.2095 0.2 0.2 0.203 0.203 0.197 0.197 0.197 0.2065 0.2065 0.2135 0.2135
0.136 0.152 0.152 0.179 0.179 0.179 0.1625 0.1625 0.192 0.192 0.1655 0.1655 0.192 0.192 0.192 0.218 0.218 0.2015 0.2015 0.2295 0.2295 0.2295 0.225 0.225 0.218 0.218 0.2125 0.2125 0.2125 0.2325 0.2325 0.2395 0.2395 0.237 0.237 0.237 0.236 0.236 0.2515 0.2515 0.2615 0.2615 0.2615 0.248 0.248 0.2335 0.2335 0.247 0.247 0.256 0.256 0.256 0.2435 0.2435 0.2295 0.2295 0.2275 0.2275 0.2275 0.2175 0.2175 0.2225 0.2225 0.2095 0.2095 0.2095 0.2 0.2 0.203 0.203 0.197 0.197 0.197 0.2065 0.2065 0.2135 0.2135
0.1275 0.1355 0.1355 0.148 0.148 0.148 0.1545 0.1545 0.156 0.156 0.168 0.168 0.2065 0.2065 0.2065 0.206 0.206 0.2075 0.2075 0.211 0.211 0.211 0.216 0.216 0.2315 0.2315 0.218 0.218 0.218 0.2225 0.2225 0.2325 0.2325 0.2425 0.2425 0.2425 0.2305 0.2305 0.252 0.252 0.247 0.247 0.247 0.251 0.251 0.2405 0.2405 0.241 0.241 0.255 0.255 0.255 0.239 0.239 0.2595 0.2595 0.254 0.254 0.254 0.2415 0.2415 0.221 0.221 0.2195 0.2195 0.2195 0.2095 0.2095 0.2005 0.2005 0.2135 0.2135 0.2135 0.19 0.19 0.2045 0.2045
0.1275 0.1355 0.1355 0.148 0.148 0.148 0.1545 0.1545 0.156 0.156 0.168 0.168 0.2065 0.2065 0.2065 0.206 0.206 0.2075 0.2075 0.211 0.211 0.211 0.216 0.216 0.2315 0.2315 0.218 0.218 0.218 0.2225 0.2225 0.2325 0.2325 0.2425 0.2425 0.2425 0.2305 0.2305 0.252 0.252 0.247 0.247 0.247 0.251 0.251 0.2405 0.2405 0.241 0.241 0.255 0.255 0.255 0.239 0.239 0.2595 0.2595 0.254 0.254 0.254 0.2415 0.2415 0.221 0.221 0.2195 0.2195 0.2195 0.2095 0.2095 0.2005 0.2005 0.2135 0.2135 0.2135 0.19 0.19 0.2045 0.2045
0.1525 0.152 0.152 0.138 0.138 0.138 0.156 0.156 0.141 0.141 0.179 0.179 0.2125 0.2125 0.2125 0.2195 0.2195 0.2315 0.2315 0.2085 0.2085 0.2085 0.221 0.221 0.2265 0.2265 0.2245 0.2245 0.2245 0.2295 0.2295 0.2125 0.2125 0.218 0.218 0.218 0.2375 0.2375 0.2415 0.2415 0.2445 0.2445 0.2445 0.2415 0.2415 0.2385 0.2385 0.223 0.223 0.239 0.239 0.239 0.253 0.253 0.2425 0.2425 0.244 0.244 0.244 0.2285 0.2285 0.22 0.22 0.211 0.211 0.211 0.2285 0.2285 0.2335 0.2335 0.209 0.209 0.209 0.198 0.198 0.2055 0.2055
0.1525 0.152 0.152 0.138 0.138 0.138 0.156 0.156 0.141 0.141 0.179 0.179 0.2125 0.2125 0.2125 0.2195 0.2195 0.2315 0.2315 0.2085 0.2085 0.2085 0.221 0.221 0.2265 0.2265 0.2245 0.2245 0.2245 0.2295 0.2295 0.2125 0.2125 0.218 0.218 0.218 0.2375 0.2375 0.2415 0.2415 0.2445 0.2445 0.2445 0.2415 0.2415 0.2385 0.2385 0.223 0.223 0.239 0.239 0.239 0.253 0.253 0.2425 0.2425 0.244 0.244 0.244 0.2285 0.2285 0.22 0.22 0.211 0.211 0.211 0.2285 0.2285 0.2335 0.2335 0.209 0.209 0.209 0.198 0.198 0.2055 0.2055
0.1525 0.152 0.152 0.138 0.138 0.138 0.156 0.156 0.141 0.141 0.179 0.179 0.2125 0.2125 0.2125 0.2195 0.2195 0.2315 0.2315 0.2085 0.2085 0.2085 0.221 0.221 0.2265 0.2265 0.2245 0.2245 0.2245 0.2295 0.2295 0.2125 0.2125 0.218 0.218 0.218 0.2375 0.2375 0.2415 0.2415 0.2445 0.2445 0.2445 0.2415 0.2415 0.2385 0.2385 0.223 0.223 0.239 0.239 0.239 0.253 0.253 0.2425 0.2425 0.244 0.244 0.244 0.2285 0.2285 0.22 0.22 0.211 0.211 0.211 0.2285 0.2285 0.2335 0.2335 0.209 0.209 0.209 0.198 0.198 0.2055 0.2055
0.1445 0.1625 0.1625 0.159 0.159 0.159 0.145 0.145 0.1445 0.1445 0.2035 0.2035 0.2145 0.2145 0.2145 0.2085 0.2085 0.235 0.235 0.2445 0.2445 0.2445 0.236 0.236 0.2065 0.2065 0.2245 0.2245 0.2245 0.213 0.213 0.21 0.21 0.2065 0.2065 0.2065 0.2175 0.2175 0.2215 0.2215 0.2175 0.2175 0.2175 0.218 0.218 0.216 0.216 0.2285 0.2285 0.2395 0.2395 0.2395 0.259 0.259 0.2215 0.2215 0.224 0.224 0.224 0.216 0.216 0.2025 0.2025 0.2145 0.2145 0.2145 0.232 0.232 0.24 0.24 0.2405 0.2405 0.2405 0.208 0.208 0.215 0.215
0.1445 0.1625 0.1625 0.159 0.159 0.159 0.145 0.145 0.1445 0.1445 0.2035 0.2035 0.2145 0.2145 0.2145 0.2085 0.2085 0.235 0.235 0.2445 0.2445 0.2445 0.236 0.236 0.2065 0.2065 0.2245 0.2245 0.2245 0.213 0.213 0.21 0.21 0.2065 0.2065 0.2065 0.2175 0.2175 0.2215 0.2215 0.2175 0.2175 0.2175 0.218 0.218 0.216 0.216 0.2285 0.2285 0.2395 0.2395 0.2395 0.259 0.259 0.2215 0.2215 0.224 0.224 0.224 0.216 0.216 0.2025 0.2025 0.2145 0.2145 0.2145 0.232 0.232 0.24 0.24 0.2405 0.2405 0.2405 0.208 0.208 0.215 0.215
0.1455 0.155 0.155 0.173 0.173 0.173 0.163 0.163 0.1875 0.1875 0.2085 0.2085 0.2305 0.2305 0.2305 0.217 0.217 0.2615 0.2615 0.2505 0.2505 0.2505 0.233 0.233 0.2505 0.2505 0.2175 0.2175 0.2175 0.218 0.218 0.2105 0.2105 0.21 0.21 0.21 0.223 0.223 0.2185 0.2185 0.2265 0.2265 0.2265 0.2235 0.2235 0.227 0.227 0.2275 0.2275 0.2455 0.2455 0.2455 0.2295 0.2295 0.216 0.216 0.2075 0.2075 0.2075 0.198 0.198 0.2285 0.2285 0.2275 0.2275 0.2275 0.25 0.25 0.2565 0.2565 0.2495 0.2495 0.2495 0.2315 0.2315 0.2285 0.2285
0.1455 0.155 0.155 0.173 0.173 0.173 0.163 0.163 0.1875 0.1875 0.2085 0.2085 0.2305 0.2305 0.2305 0.217 0.217 0.2615 0.2615 0.2505 0.2505 0.2505 0.233 0.233 0.2505 0.2505 0.2175 0.2175 0.2175 0.218 0.218 0.2105 0.2105 0.21 0.21 0.21 0.223 0.223 0.2185 0.2185 0.2265 0.2265 0.2265 0.2235 0.2235 0.227 0.227 0.2275 0.2275 0.2455 0.2455 0.2455 0.2295 0.2295 0.216 0.216 0.2075 0.2075 0.2075 0.198 0.198 0.2285 0.2285 0.2275 0.2275 0.2275 0.25 0.25 0.2565 0.2565 0.2495 0.2495 0.2495 0.2315 0.2315 0.2285 0.2285
0.1805 0.179 0.179 0.188 0.188 0.188 0.178 0.178 0.2045 0.2045 0.23 0.23 0.2425 0.2425 0.2425 0.269 0.269 0.2705 0.2705 0.253 0.253 0.253 0.2505 0.2505 0.237 0.237 0.2345 0.2345 0.2345 0.2 0.2 0.1915 0.1915 0.2055 0.2055 0.2055 0.201 0.201 0.207 0.207 0.2205 0.2205 0.2205 0.2255 0.2255 0.221 0.221 0.2265 0.2265 0.2075 0.2075 0.2075 0.207 0.207 0.2065 0.2065 0.2085 0.2085 0.2085 0.2265 0.2265 0.2245 0.2245 0.231 0.231 0.231 0.251 0.251 0.2445 0.2445 0.2475 0.2475 0.2475 0.247 0.247 0.2395 0.2395
0.1805 0.179 0.179 0.188 0.188 0.188 0.178 0.178 0.2045 0.2045 0.23 0.23 0.2425 0.2425 0.2425 0.269 0.269 0.2705 0.2705 0.253 0.253 0.253 0.2505 0.2505 0.237 0.237 0.2345 0.2345 0.2345 0.2 0.2 0.1915 0.1915 0.2055 0.2055 0.2055 0.201 0.201 0.207 0.207 0.2205 0.2205 0.2205 0.2255 0.2255 0.221 0.221 0.2265 0.2265 0.2075 0.2075 0.2075 0.207 0.207 0.2065 0.2065 0.2085 0.2085 0.2085 0.2265 0.2265 0.2245 0.2245 0.231 0.231 0.231 0.251 0.251 0.2445 0.2445 0.2475 0.2475 0.2475 0.247 0.247 0.2395 0.2395
0.1805 0.179 0.179 0.188 0.188 0.188 0.178 0.178 0.2045 0.2045 0.23 0.23 0.2425 0.2425 0.2425 0.269 0.269 0.2705 0.2705 0.253 0.253 0.253 0.2505 0.2505 0.237 0.237 0.2345 0.2345 0.2345 0.2 0.2 0.1915 0.1915 0.2055 0.2055 0.2055 0.201 0.201 0.207 0.207 0.2205 0.2205 0.2205 0.2255 0.2255 0.221 0.221 0.2265 0.2265 0.2075 0.2075 0.2075 0.207 0.207 0.2065 0.2065 0.2085 0.2085 0.2085 0.2265 0.2265 0.2245 0.2245 0.231 0.231 0.231 0.251 0.251 0.2445 0.2445 0.2475 0.2475 0.2475 0.247 0.247 0.2395 0.2395
0.1665 0.1925 0.1925 0.1975 0.1975 0.1975 0.1745 0.1745 0.207 0.207 0.2165 0.2165 0.236 0.236 0.236 0.245 0.245 0.255 0.255 0.261 0.261 0.261 0.2395 0.2395 0.215 0.215 0.222 0.222 0.222 0.201 0.201 0.206 0.206 0.198 0.198 0.198 0.217 0.217 0.219 0.219 0.222 0.222 0.222 0.2305 0.2305 0.242 0.242 0.2345 0.2345 0.215 0.215 0.215 0.222 0.222 0.212 0.212 0.205 0.205 0.205 0.2175 0.2175 0.2255 0.2255 0.2415 0.2415 0.2415 0.254 0.254 0.2545 0.2545 0.244 0.244 0.244 0.253 0.253 0.2325 0.2325
0.1665 0.1925 0.1925 0.1975 0.1975 0.1975 0.1745 0.1745 0.207 0.207 0.2165 0.2165 0.236 0.236 0.236 0.245 0.245 0.255 0.255 0.261 0.261 0.261 0.2395 0.2395 0.215 0.215 0.222 0.222 0.222 0.201 0.201 0.206 0.206 0.198 0.198 0.198 0.217 0.217 0.219 0.219 0.222 0.222 0.222 0.2305 0.2305 0.242 0.242 0.2345 0.2345 0.215 0.215 0.215 0.222 0.222 0.212 0.212 0.205 0.205 0.205 0.2175 0.2175 0.2255 0.2255 0.2415 0.2415 0.2415 0.254 0.254 0.2545 0.2545 0.244 0.244 0.244 0.253 0.253 0.2325 0.2325
0.208 0.1725 0.1725 0.1765 0.1765 0.1765 0.1895 0.1895 0.2145 0.2145 0.212 0.212 0.2375 0.2375 0.2375 0.2415 0.2415 0.266 0.266 0.2335 0.2335 0.2335 0.245 0.245 0.2265 0.2265 0.197 0.197 0.197 0.192 0.192 0.2035 0.2035 0.202 0.202 0.202 0.2315 0.2315 0.2395 0.2395 0.2345 0.2345 0.2345 0.2435 0.2435 0.233 0.233 0.21 0.21 0.208 0.208 0.208 0.224 0.224 0.216 0.216 0.2095 0.2095 0.2095 0.224 0.224 0.2195 0.2195 0.246 0.246 0.246 0.2475 0.2475 0.2455 0.2455 0.275 0.275 0.275 0.261 0.261 0.2695 0.2695
0.208 0.1725 0.1725 0.1765 0.1765 0.1765 0.1895 0.1895 0.2145 0.2145 0.212 0.212 0.2375 0.2375 0.2375 0.2415 0.2415 0.266 0.266 0.2335 0.2335 0.2335 0.245 0.245 0.2265 0.2265 0.197 0.197 0.197 0.192 0.192 0.2035 0.2035 0.202 0.202 0.202 0.2315 0.2315 0.2395 0.2395 0.2345 0.2345 0.2345 0.2435 0.2435 0.233 0.233 0.21 0.21 0.208 0.208 0.208 0.224 0.224 0.216 0.216 0.2095 0.2095 0.2095 0.224 0.224 0.2195 0.2195 0.246 0.246 0.246 0.2475 0.2475 0.2455 0.2455 0.275 0.275 0.275 0.261 0.261 0.2695 0.2695
0.204 0.207 0.207 0.2025 0.2025 0.2025 0.1925 0.1925 0.197 0.197 0.2005 0.2005 0.245 0.245 0.245 0.228 0.228 0.232 0.232 0.245 0.245 0.245 0.2445 0.2445 0.221 0.221 0.224 0.224 0.224 0.213 0.213 0.237 0.237 0.233 0.233 0.233 0.222 0.222 0.232 0.232 0.218 0.218 0.218 0.219 0.219 0.226 0.226 0.229 0.229 0.219 0.219 0.219 0.227 0.227 0.223 0.223 0.2335 0.2335 0.2335 0.2255 0.2255 0.2245 0.2245 0.246 0.246 0.246 0.2485 0.2485 0.257 0.257 0.2665 0.2665 0.2665 0.2685 0.2685 0.273 0.273
0.204 0.207 0.207 0.2025 0.2025 0.2025 0.1925 0.1925 0.197 0.197 0.2005 0.2005 0.245 0.245 0.245 0.228 0.228 0.232 0.232 0.245 0.245 0.245 0.2445 0.2445 0.221 0.221 0.224 0.224 0.224 0.213 0.213 0.237 0.237 0.233 0.233 0.233 0.222 0.222 0.232 0.232 0.218 0.218 0.218 0.219 0.219 0.226 0.226 0.229 0.229 0.219 0.219 0.219 0.227 0.227 0.223 0.223 0.2335 0.2335 0.2335 0.2255 0.2255 0.2245 0.2245 0.246 0.246 0.246 0.2485 0.2485 0.257 0.257 0.2665 0.2665 0.2665 0.2685 0.2685 0.273 0.273
0.204 0.207 0.207 0.2025 0.2025 0.2025 0.1925 0.1925 0.197 0.197 0.2005 0.2005 0.245 0.245 0.245 0.228 0.228 0.232 0.232 0.245 0.245 0.245 0.2445 0.2445 0.221 0.221 0.224 0.224 0.224 0.213 0.213 0.237 0.237 0.233 0.233 0.233 0.222 0.222 0.232 0.232 0.218 0.218 0.218 0.219 0.219 0.226 0.226 0.229 0.229 0.219 0.219 0.219 0.227 0.227 0.223 0.223 0.2335 0.2335 0.2335 0.2255 0.2255 0.2245 0.2245 0.246 0.246 0.246 0.2485 0.2485 0.257 0.257 0.2665 0.2665 0.2665 0.2685 0.2685 0.273 0.273
0.2045 0.2055 0.2055 0.215 0.215 0.215 0.2115 0.2115 0.2155 0.2155 0.233 0.233 0.223 0.223 0.223 0.2275 0.2275 0.2285 0.2285 0.2375 0.2375 0.2375 0.226 0.226 0.2125 0.2125 0.224 0.224 0.224 0.2165 0.2165 0.2315 0.2315 0.232 0.232 0.232 0.224 0.224 0.2105 0.2105 0.223 0.223 0.223 0.224 0.224 0.225 0.225 0.225 0.225 0.2085 0.2085 0.2085 0.233 0.233 0.214 0.214 0.2155 0.2155 0.2155 0.2285 0.2285 0.23 0.23 0.2325 0.2325 0.2325 0.2275 0.2275 0.2515 0.2515 0.264 0.264 0.264 0.2515 0.2515 0.2955 0.2955
0.2045 0.2055 0.2055 0.215 0.215 0.215 0.2115 0.2115 0.2155 0.2155 0.233 0.233 0.223 0.223 0.223 0.2275 0.2275 0.2285 0.2285 0.2375 0.2375 0.2375 0.226 0.226 0.2125 0.2125 0.224 0.224 0.224 0.2165 0.2165 0.2315 0.2315 0.232 0.232 0.232 0.224 0.224 0.2105 0.2105 0.223 0.223 0.223 0.224 0.224 0.225 0.225 0.225 0.225 0.2085 0.2085 0.2085 0.233 0.233 0.214 0.214 0.2155 0.2155 0.2155 0.2285 0.2285 0.23 0.23 0.2325 0.2325 0.2325 0.2275 0.2275 0.2515 0.2515 0.264 0.264 0.264 0.2515 0.2515 0.2955 0.2955
0.2185 0.226 0.226 0.205 0.205 0.205 0.1935 0.1935 0.195 0.195 0.2125 0.2125 0.22 0.22 0.22 0.225 0.225 0.2435 0.2435 0.2485 0.2485 0.2485 0.2395 0.2395 0.2225 0.2225 0.223 0.223 0.223 0.2285 0.2285 0.2545 0.2545 0.2355 0.2355 0.2355 0.2085 0.2085 0.201 0.201 0.215 0.215 0.215 0.2205 0.2205 0.219 0.219 0.2275 0.2275 0.21 0.21 0.21 0.2045 0.2045 0.2015 0.2015 0.198 0.198 0.198 0.2105 0.2105 0.221 0.221 0.217 0.217 0.217 0.226 0.226 0.2155 0.2155 0.2455 0.2455 0.2455 0.238 0.238 0.247 0.247
0.2185 0.226 0.226 0.205 0.205 0.205 0.1935 0.1935 0.195 0.195 0.2125 0.2125 0.22 0.22 0.22 0.225 0.225 0.2435 0.2435 0.2485 0.2485 0.2485 0.2395 0.2395 0.2225 0.2225 0.223 0.223 0.223 0.2285 0.2285 0.2545 0.2545 0.2355 0.2355 0.2355 0.2085 0.2085 0.201 0.201 0.215 0.215 0.215 0.2205 0.2205 0.219 0.219 0.2275 0.2275 0.21 0.21 0.21 0.2045 0.2045 0.2015 0.2015 0.198 0.198 0.198 0.2105 0.2105 0.221 0.221 0.217 0.217 0.217 0.226 0.226 0.2155 0.2155 0.2455 0.2455 0.2455 0.238 0.238 0.247 0.247
0.2105 0.2175 0.2175 0.198 0.198 0.198 0.2115 0.2115 0.233 0.233 0.217 0.217 0.2215 0.2215 0.2215 0.243 0.243 0.256 0.256 0.256 0.256 0.256 0.2345 0.2345 0.229 0.229 0.24 0.24 0.24 0.2225 0.2225 0.2255 0.2255 0.231 0.231 0.231 0.196 0.196 0.196 0.196 0.212 0.212 0.212 0.2075 0.2075 0.21 0.21 0.231 0.231 0.2315 0.2315 0.2315 0.213 0.213 0.1985 0.1985 0.1855 0.1855 0.1855 0.197 0.197 0.189 0.189 0.2055 0.2055 0.2055 0.224 0.224 0.2245 0.2245 0.21 0.21 0.21 0.2165 0.2165 0.221 0.221
