ndvi/NOAA-185.asc
ncols         252
nrows         154
xllcorner     -18.017974
yllcorner     13.481982
cellsize      0.035948
NODATA_value  -9999
[rows 0 to 33 of 154, columns 154 to 230 of 252]
0.1165 0.117 0.117 0.119 0.119 0.119 0.126 0.126 0.1255 0.1255 0.124 0.124 0.1205 0.1205 0.1205 0.1235 0.1235 0.1225 0.1225 0.117 0.117 0.117 0.1225 0.1225 0.1215 0.1215 0.1235 0.1235 0.1235 0.119 0.119 0.1215 0.1215 0.118 0.118 0.118 0.1165 0.1165 0.109 0.109 0.111 0.111 0.111 0.1165 0.1165 0.1185 0.1185 0.1175 0.1175 0.1185 0.1185 0.1185 0.113 0.113 0.117 0.117 0.118 0.118 0.118 0.119 0.119 0.114 0.114 0.115 0.115 0.115 0.1125 0.1125 0.109 0.109 0.1065 0.1065 0.1065 0.1065 0.1065 0.0995 0.0995
0.1165 0.117 0.117 0.119 0.119 0.119 0.126 0.126 0.1255 0.1255 0.124 0.124 0.1205 0.1205 0.1205 0.1235 0.1235 0.1225 0.1225 0.117 0.117 0.117 0.1225 0.1225 0.1215 0.1215 0.1235 0.1235 0.1235 0.119 0.119 0.1215 0.1215 0.118 0.118 0.118 0.1165 0.1165 0.109 0.109 0.111 0.111 0.111 0.1165 0.1165 0.1185 0.1185 0.1175 0.1175 0.1185 0.1185 0.1185 0.113 0.113 0.117 0.117 0.118 0.118 0.118 0.119 0.119 0.114 0.114 0.115 0.115 0.115 0.1125 0.1125 0.109 0.109 0.1065 0.1065 0.1065 0.1065 0.1065 0.0995 0.0995
0.1185 0.12 0.12 0.1225 0.1225 0.1225 0.1255 0.1255 0.1275 0.1275 0.1265 0.1265 0.1245 0.1245 0.1245 0.123 0.123 0.1215 0.1215 0.118 0.118 0.118 0.121 0.121 0.123 0.123 0.122 0.122 0.122 0.1245 0.1245 0.118 0.118 0.1225 0.1225 0.1225 0.1315 0.1315 0.1275 0.1275 0.126 0.126 0.126 0.133 0.133 0.1335 0.1335 0.124 0.124 0.127 0.127 0.127 0.1285 0.1285 0.127 0.127 0.1265 0.1265 0.1265 0.126 0.126 0.1215 0.1215 0.115 0.115 0.115 0.1155 0.1155 0.113 0.113 0.11 0.11 0.11 0.1075 0.1075 0.101 0.101
0.1185 0.12 0.12 0.1225 0.1225 0.1225 0.1255 0.1255 0.1275 0.1275 0.1265 0.1265 0.1245 0.1245 0.1245 0.123 0.123 0.1215 0.1215 0.118 0.118 0.118 0.121 0.121 0.123 0.123 0.122 0.122 0.122 0.1245 0.1245 0.118 0.118 0.1225 0.1225 0.1225 0.1315 0.1315 0.1275 0.1275 0.126 0.126 0.126 0.133 0.133 0.1335 0.1335 0.124 0.124 0.127 0.127 0.127 0.1285 0.1285 0.127 0.127 0.1265 0.1265 0.1265 0.126 0.126 0.1215 0.1215 0.115 0.115 0.115 0.1155 0.1155 0.113 0.113 0.11 0.11 0.11 0.1075 0.1075 0.101 0.101
0.1185 0.12 0.12 0.1225 0.1225 0.1225 0.1255 0.1255 0.1275 0.1275 0.1265 0.1265 0.1245 0.1245 0.1245 0.123 0.123 0.1215 0.1215 0.118 0.118 0.118 0.121 0.121 0.123 0.123 0.122 0.122 0.122 0.1245 0.1245 0.118 0.118 0.1225 0.1225 0.1225 0.1315 0.1315 0.1275 0.1275 0.126 0.126 0.126 0.133 0.133 0.1335 0.1335 0.124 0.124 0.127 0.127 0.127 0.1285 0.1285 0.127 0.127 0.1265 0.1265 0.1265 0.126 0.126 0.1215 0.1215 0.115 0.115 0.115 0.1155 0.1155 0.113 0.113 0.11 0.11 0.11 0.1075 0.1075 0.101 0.101
0.1245 0.1245 0.1245 0.1305 0.1305 0.1305 0.1335 0.1335 0.1335 0.1335 0.1265 0.1265 0.1335 0.1335 0.1335 0.135 0.135 0.127 0.127 0.13 0.13 0.13 0.1325 0.1325 0.1295 0.1295 0.1305 0.1305 0.1305 0.1345 0.1345 0.14 0.14 0.14 0.14 0.14 0.134 0.134 0.134 0.134 0.1365 0.1365 0.1365 0.13 0.13 0.1285 0.1285 0.1235 0.1235 0.1245 0.1245 0.1245 0.124 0.124 0.1255 0.1255 0.126 0.126 0.126 0.125 0.125 0.1195 0.1195 0.12 0.12 0.12 0.116 0.116 0.114 0.114 0.109 0.109 0.109 0.1085 0.1085 0.106 0.106
0.1245 0.1245 0.1245 0.1305 0.1305 0.1305 0.1335 0.1335 0.1335 0.1335 0.1265 0.1265 0.1335 0.1335 0.1335 0.135 0.135 0.127 0.127 0.13 0.13 0.13 0.1325 0.1325 0.1295 0.1295 0.1305 0.1305 0.1305 0.1345 0.1345 0.14 0.14 0.14 0.14 0.14 0.134 0.134 0.134 0.134 0.1365 0.1365 0.1365 0.13 0.13 0.1285 0.1285 0.1235 0.1235 0.1245 0.1245 0.1245 0.124 0.124 0.1255 0.1255 0.126 0.126 0.126 0.125 0.125 0.1195 0.1195 0.12 0.12 0.12 0.116 0.116 0.114 0.114 0.109 0.109 0.109 0.1085 0.1085 0.106 0.106
0.125 0.127 0.127 0.1315 0.1315 0.1315 0.1355 0.1355 0.1315 0.1315 0.131 0.131 0.126 0.126 0.126 0.1345 0.1345 0.138 0.138 0.1335 0.1335 0.1335 0.129 0.129 0.13 0.13 0.1295 0.1295 0.1295 0.126 0.126 0.1405 0.1405 0.1305 0.1305 0.1305 0.137 0.137 0.132 0.132 0.1325 0.1325 0.1325 0.1295 0.1295 0.1295 0.1295 0.1315 0.1315 0.13 0.13 0.13 0.127 0.127 0.1245 0.1245 0.1235 0.1235 0.1235 0.1215 0.1215 0.1205 0.1205 0.112 0.112 0.112 0.115 0.115 0.1135 0.1135 0.114 0.114 0.114 0.112 0.112 0.1105 0.1105
0.125 0.127 0.127 0.1315 0.1315 0.1315 0.1355 0.1355 0.1315 0.1315 0.131 0.131 0.126 0.126 0.126 0.1345 0.1345 0.138 0.138 0.1335 0.1335 0.1335 0.129 0.129 0.13 0.13 0.1295 0.1295 0.1295 0.126 0.126 0.1405 0.1405 0.1305 0.1305 0.1305 0.137 0.137 0.132 0.132 0.1325 0.1325 0.1325 0.1295 0.1295 0.1295 0.1295 0.1315 0.1315 0.13 0.13 0.13 0.127 0.127 0.1245 0.1245 0.1235 0.1235 0.1235 0.1215 0.1215 0.1205 0.1205 0.112 0.112 0.112 0.115 0.115 0.1135 0.1135 0.114 0.114 0.114 0.112 0.112 0.1105 0.1105
0.1305 0.1315 0.1315 0.1375 0.1375 0.1375 0.1335 0.1335 0.1395 0.1395 0.1375 0.1375 0.135 0.135 0.135 0.132 0.132 0.1375 0.1375 0.137 0.137 0.137 0.134 0.134 0.1295 0.1295 0.1295 0.1295 0.1295 0.1295 0.1295 0.1355 0.1355 0.1245 0.1245 0.1245 0.124 0.124 0.1215 0.1215 0.113 0.113 0.113 0.1175 0.1175 0.118 0.118 0.1375 0.1375 0.1265 0.1265 0.1265 0.1245 0.1245 0.121 0.121 0.1155 0.1155 0.1155 0.1175 0.1175 0.1175 0.1175 0.1165 0.1165 0.1165 0.1135 0.1135 0.113 0.113 0.1095 0.1095 0.1095 0.109 0.109 0.112 0.112
0.1305 0.1315 0.1315 0.1375 0.1375 0.1375 0.1335 0.1335 0.1395 0.1395 0.1375 0.1375 0.135 0.135 0.135 0.132 0.132 0.1375 0.1375 0.137 0.137 0.137 0.134 0.134 0.1295 0.1295 0.1295 0.1295 0.1295 0.1295 0.1295 0.1355 0.1355 0.1245 0.1245 0.1245 0.124 0.124 0.1215 0.1215 0.113 0.113 0.113 0.1175 0.1175 0.118 0.118 0.1375 0.1375 0.1265 0.1265 0.1265 0.1245 0.1245 0.121 0.121 0.1155 0.1155 0.1155 0.1175 0.1175 0.1175 0.1175 0.1165 0.1165 0.1165 0.1135 0.1135 0.113 0.113 0.1095 0.1095 0.1095 0.109 0.109 0.112 0.112
0.138 0.132 0.132 0.1355 0.1355 0.1355 0.1315 0.1315 0.1395 0.1395 0.142 0.142 0.1355 0.1355 0.1355 0.1405 0.1405 0.1375 0.1375 0.132 0.132 0.132 0.1285 0.1285 0.134 0.134 0.1325 0.1325 0.1325 0.132 0.132 0.128 0.128 0.1215 0.1215 0.1215 0.1245 0.1245 0.121 0.121 0.1205 0.1205 0.1205 0.126 0.126 0.127 0.127 0.135 0.135 0.1265 0.1265 0.1265 0.1205 0.1205 0.117 0.117 0.112 0.112 0.112 0.113 0.113 0.109 0.109 0.1015 0.1015 0.1015 0.105 0.105 0.1 0.1 0.1075 0.1075 0.1075 0.106 0.106 0.1105 0.1105
0.138 0.132 0.132 0.1355 0.1355 0.1355 0.1315 0.1315 0.1395 0.1395 0.142 0.142 0.1355 0.1355 0.1355 0.1405 0.1405 0.1375 0.1375 0.132 0.132 0.132 0.1285 0.1285 0.134 0.134 0.1325 0.1325 0.1325 0.132 0.132 0.128 0.128 0.1215 0.1215 0.1215 0.1245 0.1245 0.121 0.121 0.1205 0.1205 0.1205 0.126 0.126 0.127 0.127 0.135 0.135 0.1265 0.1265 0.1265 0.1205 0.1205 0.117 0.117 0.112 0.112 0.112 0.113 0.113 0.109 0.109 0.1015 0.1015 0.1015 0.105 0.105 0.1 0.1 0.1075 0.1075 0.1075 0.106 0.106 0.1105 0.1105
0.138 0.132 0.132 0.1355 0.1355 0.1355 0.1315 0.1315 0.1395 0.1395 0.142 0.142 0.1355 0.1355 0.1355 0.1405 0.1405 0.1375 0.1375 0.132 0.132 0.132 0.1285 0.1285 0.134 0.134 0.1325 0.1325 0.1325 0.132 0.132 0.128 0.128 0.1215 0.1215 0.1215 0.1245 0.1245 0.121 0.121 0.1205 0.1205 0.1205 0.126 0.126 0.127 0.127 0.135 0.135 0.1265 0.1265 0.1265 0.1205 0.1205 0.117 0.117 0.112 0.112 0.112 0.113 0.113 0.109 0.109 0.1015 0.1015 0.1015 0.105 0.105 0.1 0.1 0.1075 0.1075 0.1075 0.106 0.106 0.1105 0.1105
0.1365 0.147 0.147 0.1385 0.1385 0.1385 0.142 0.142 0.148 0.148 0.146 0.146 0.139 0.139 0.139 0.139 0.139 0.138 0.138 0.1345 0.1345 0.1345 0.1345 0.1345 0.1315 0.1315 0.14 0.14 0.14 0.127 0.127 0.125 0.125 0.1225 0.1225 0.1225 0.129 0.129 0.123 0.123 0.119 0.119 0.119 0.12 0.12 0.125 0.125 0.115 0.115 0.106 0.106 0.106 0.111 0.111 0.121 0.121 0.1165 0.1165 0.1165 0.1115 0.1115 0.1075 0.1075 0.1025 0.1025 0.1025 0.099 0.099 0.1 0.1 0.1035 0.1035 0.1035 0.104 0.104 0.114 0.114
0.1365 0.147 0.147 0.1385 0.1385 0.1385 0.142 0.142 0.148 0.148 0.146 0.146 0.139 0.139 0.139 0.139 0.139 0.138 0.138 0.1345 0.1345 0.1345 0.1345 0.1345 0.1315 0.1315 0.14 0.14 0.14 0.127 0.127 0.125 0.125 0.1225 0.1225 0.1225 0.129 0.129 0.123 0.123 0.119 0.119 0.119 0.12 0.12 0.125 0.125 0.115 0.115 0.106 0.106 0.106 0.111 0.111 0.121 0.121 0.1165 0.1165 0.1165 0.1115 0.1115 0.1075 0.1075 0.1025 0.1025 0.1025 0.099 0.099 0.1 0.1 0.1035 0.1035 0.1035 0.104 0.104 0.114 0.114
0.137 0.1385 0.1385 0.135 0.135 0.135 0.141 0.141 0.1445 0.1445 0.145 0.145 0.148 0.148 0.148 0.1505 0.1505 0.1415 0.1415 0.133 0.133 0.133 0.1315 0.1315 0.13 0.13 0.1295 0.1295 0.1295 0.125 0.125 0.1155 0.1155 0.116 0.116 0.116 0.1135 0.1135 0.105 0.105 0.11 0.11 0.11 0.104 0.104 0.087 0.087 0.087 0.087 0.074 0.074 0.074 0.0965 0.0965 0.109 0.109 0.1045 0.1045 0.1045 0.1085 0.1085 0.105 0.105 0.1075 0.1075 0.1075 0.1045 0.1045 0.1055 0.1055 0.106 0.106 0.106 0.105 0.105 0.1135 0.1135
0.137 0.1385 0.1385 0.135 0.135 0.135 0.141 0.141 0.1445 0.1445 0.145 0.145 0.148 0.148 0.148 0.1505 0.1505 0.1415 0.1415 0.133 0.133 0.133 0.1315 0.1315 0.13 0.13 0.1295 0.1295 0.1295 0.125 0.125 0.1155 0.1155 0.116 0.116 0.116 0.1135 0.1135 0.105 0.105 0.11 0.11 0.11 0.104 0.104 0.087 0.087 0.087 0.087 0.074 0.074 0.074 0.0965 0.0965 0.109 0.109 0.1045 0.1045 0.1045 0.1085 0.1085 0.105 0.105 0.1075 0.1075 0.1075 0.1045 0.1045 0.1055 0.1055 0.106 0.106 0.106 0.105 0.105 0.1135 0.1135
0.1325 0.113 0.113 0.141 0.141 0.141 0.1275 0.1275 0.115 0.115 0.134 0.134 0.128 0.128 0.128 0.1295 0.1295 0.125 0.125 0.135 0.135 0.135 0.1235 0.1235 0.1205 0.1205 0.1205 0.1205 0.1205 0.111 0.111 0.101 0.101 0.0985 0.0985 0.0985 0.0925 0.0925 0.1245 0.1245 0.1195 0.1195 0.1195 0.1215 0.1215 0.1245 0.1245 0.114 0.114 0.117 0.117 0.117 0.1145 0.1145 0.1085 0.1085 0.106 0.106 0.106 0.106 0.106 0.1095 0.1095 0.1095 0.1095 0.1095 0.107 0.107 0.104 0.104 0.104 0.104 0.104 0.1065 0.1065 0.1085 0.1085
0.1325 0.113 0.113 0.141 0.141 0.141 0.1275 0.1275 0.115 0.115 0.134 0.134 0.128 0.128 0.128 0.1295 0.1295 0.125 0.125 0.135 0.135 0.135 0.1235 0.1235 0.1205 0.1205 0.1205 0.1205 0.1205 0.111 0.111 0.101 0.101 0.0985 0.0985 0.0985 0.0925 0.0925 0.1245 0.1245 0.1195 0.1195 0.1195 0.1215 0.1215 0.1245 0.1245 0.114 0.114 0.117 0.117 0.117 0.1145 0.1145 0.1085 0.1085 0.106 0.106 0.106 0.106 0.106 0.1095 0.1095 0.1095 0.1095 0.1095 0.107 0.107 0.104 0.104 0.104 0.104 0.104 0.1065 0.1065 0.1085 0.1085
0.1325 0.113 0.113 0.141 0.141 0.141 0.1275 0.1275 0.115 0.115 0.134 0.134 0.128 0.128 0.128 0.1295 0.1295 0.125 0.125 0.135 0.135 0.135 0.1235 0.1235 0.1205 0.1205 0.1205 0.1205 0.1205 0.111 0.111 0.101 0.101 0.0985 0.0985 0.0985 0.0925 0.0925 0.1245 0.1245 0.1195 0.1195 0.1195 0.1215 0.1215 0.1245 0.1245 0.114 0.114 0.117 0.117 0.117 0.1145 0.1145 0.1085 0.1085 0.106 0.106 0.106 0.106 0.106 0.1095 0.1095 0.1095 0.1095 0.1095 0.107 0.107 0.104 0.104 0.104 0.104 0.104 0.1065 0.1065 0.1085 0.1085
0.1335 0.1305 0.1305 0.1405 0.1405 0.1405 0.127 0.127 0.114 0.114 0.129 0.129 0.1375 0.1375 0.1375 0.1425 0.1425 0.1325 0.1325 0.139 0.139 0.139 0.13 0.13 0.1335 0.1335 0.121 0.121 0.121 0.12 0.12 0.111 0.111 0.1145 0.1145 0.1145 0.135 0.135 0.1265 0.1265 0.1215 0.1215 0.1215 0.1185 0.1185 0.121 0.121 0.119 0.119 0.1085 0.1085 0.1085 0.1105 0.1105 0.1095 0.1095 0.108 0.108 0.108 0.1105 0.1105 0.1145 0.1145 0.1115 0.1115 0.1115 0.111 0.111 0.107 0.107 0.11 0.11 0.11 0.108 0.108 0.105 0.105
0.1335 0.1305 0.1305 0.1405 0.1405 0.1405 0.127 0.127 0.114 0.114 0.129 0.129 0.1375 0.1375 0.1375 0.1425 0.1425 0.1325 0.1325 0.139 0.139 0.139 0.13 0.13 0.1335 0.1335 0.121 0.121 0.121 0.12 0.12 0.111 0.111 0.1145 0.1145 0.1145 0.135 0.135 0.1265 0.1265 0.1215 0.1215 0.1215 0.1185 0.1185 0.121 0.121 0.119 0.119 0.1085 0.1085 0.1085 0.1105 0.1105 0.1095 0.1095 0.108 0.108 0.108 0.1105 0.1105 0.1145 0.1145 0.1115 0.1115 0.1115 0.111 0.111 0.107 0.107 0.11 0.11 0.11 0.108 0.108 0.105 0.105
0.1395 0.131 0.131 0.147 0.147 0.147 0.143 0.143 0.1465 0.1465 0.1425 0.1425 0.143 0.143 0.143 0.1305 0.1305 0.1325 0.1325 0.1485 0.1485 0.1485 0.1485 0.1485 0.147 0.147 0.1455 0.1455 0.1455 0.1415 0.1415 0.1545 0.1545 0.1465 0.1465 0.1465 0.1335 0.1335 0.126 0.126 0.1195 0.1195 0.1195 0.1205 0.1205 0.1165 0.1165 0.1175 0.1175 0.1095 0.1095 0.1095 0.1085 0.1085 0.109 0.109 0.1095 0.1095 0.1095 0.1145 0.1145 0.113 0.113 0.1145 0.1145 0.1145 0.112 0.112 0.1135 0.1135 0.1115 0.1115 0.1115 0.1105 0.1105 0.1045 0.1045
0.1395 0.131 0.131 0.147 0.147 0.147 0.143 0.143 0.1465 0.1465 0.1425 0.1425 0.143 0.143 0.143 0.1305 0.1305 0.1325 0.1325 0.1485 0.1485 0.1485 0.1485 0.1485 0.147 0.147 0.1455 0.1455 0.1455 0.1415 0.1415 0.1545 0.1545 0.1465 0.1465 0.1465 0.1335 0.1335 0.126 0.126 0.1195 0.1195 0.1195 0.1205 0.1205 0.1165 0.1165 0.1175 0.1175 0.1095 0.1095 0.1095 0.1085 0.1085 0.109 0.109 0.1095 0.1095 0.1095 0.1145 0.1145 0.113 0.113 0.1145 0.1145 0.1145 0.112 0.112 0.1135 0.1135 0.1115 0.1115 0.1115 0.1105 0.1105 0.1045 0.1045
0.1465 0.1455 0.1455 0.1615 0.1615 0.1615 0.172 0.172 0.165 0.165 0.1565 0.1565 0.161 0.161 0.161 0.165 0.165 0.156 0.156 0.1485 0.1485 0.1485 0.152 0.152 0.149 0.149 0.1475 0.1475 0.1475 0.14 0.14 0.1465 0.1465 0.142 0.142 0.142 0.1345 0.1345 0.124 0.124 0.122 0.122 0.122 0.12 0.12 0.1215 0.1215 0.1185 0.1185 0.122 0.122 0.122 0.1155 0.1155 0.111 0.111 0.1115 0.1115 0.1115 0.11 0.11 0.1125 0.1125 0.116 0.116 0.116 0.1155 0.1155 0.111 0.111 0.1095 0.1095 0.1095 0.1105 0.1105 0.111 0.111
0.1465 0.1455 0.1455 0.1615 0.1615 0.1615 0.172 0.172 0.165 0.165 0.1565 0.1565 0.161 0.161 0.161 0.165 0.165 0.156 0.156 0.1485 0.1485 0.1485 0.152 0.152 0.149 0.149 0.1475 0.1475 0.1475 0.14 0.14 0.1465 0.1465 0.142 0.142 0.142 0.1345 0.1345 0.124 0.124 0.122 0.122 0.122 0.12 0.12 0.1215 0.1215 0.1185 0.1185 0.122 0.122 0.122 0.1155 0.1155 0.111 0.111 0.1115 0.1115 0.1115 0.11 0.11 0.1125 0.1125 0.116 0.116 0.116 0.1155 0.1155 0.111 0.111 0.1095 0.1095 0.1095 0.1105 0.1105 0.111 0.111
0.1465 0.1455 0.1455 0.1615 0.1615 0.1615 0.172 0.172 0.165 0.165 0.1565 0.1565 0.161 0.161 0.161 0.165 0.165 0.156 0.156 0.1485 0.1485 0.1485 0.152 0.152 0.149 0.149 0.1475 0.1475 0.1475 0.14 0.14 0.1465 0.1465 0.142 0.142 0.142 0.1345 0.1345 0.124 0.124 0.122 0.122 0.122 0.12 0.12 0.1215 0.1215 0.1185 0.1185 0.122 0.122 0.122 0.1155 0.1155 0.111 0.111 0.1115 0.1115 0.1115 0.11 0.11 0.1125 0.1125 0.116 0.116 0.116 0.1155 0.1155 0.111 0.111 0.1095 0.1095 0.1095 0.1105 0.1105 0.111 0.111
0.1385 0.1355 0.1355 0.16 0.16 0.16 0.162 0.162 0.171 0.171 0.158 0.158 0.157 0.157 0.157 0.163 0.163 0.151 0.151 0.141 0.141 0.141 0.145 0.145 0.1335 0.1335 0.1435 0.1435 0.1435 0.1385 0.1385 0.138 0.138 0.131 0.131 0.131 0.1355 0.1355 0.1315 0.1315 0.12 0.12 0.12 0.1195 0.1195 0.1225 0.1225 0.1265 0.1265 0.123 0.123 0.123 0.121 0.121 0.1155 0.1155 0.1125 0.1125 0.1125 0.112 0.112 0.126 0.126 0.125 0.125 0.125 0.1275 0.1275 0.1275 0.1275 0.124 0.124 0.124 0.126 0.126 0.118 0.118
0.1385 0.1355 0.1355 0.16 0.16 0.16 0.162 0.162 0.171 0.171 0.158 0.158 0.157 0.157 0.157 0.163 0.163 0.151 0.151 0.141 0.141 0.141 0.145 0.145 0.1335 0.1335 0.1435 0.1435 0.1435 0.1385 0.1385 0.138 0.138 0.131 0.131 0.131 0.1355 0.1355 0.1315 0.1315 0.12 0.12 0.12 0.1195 0.1195 0.1225 0.1225 0.1265 0.1265 0.123 0.123 0.123 0.121 0.121 0.1155 0.1155 0.1125 0.1125 0.1125 0.112 0.112 0.126 0.126 0.125 0.125 0.125 0.1275 0.1275 0.1275 0.1275 0.124 0.124 0.124 0.126 0.126 0.118 0.118
0.1445 0.137 0.137 0.155 0.155 0.155 0.137 0.137 0.144 0.144 0.147 0.147 0.145 0.145 0.145 0.1565 0.1565 0.1425 0.1425 0.148 0.148 0.148 0.152 0.152 0.15 0.15 0.141 0.141 0.141 0.1425 0.1425 0.1335 0.1335 0.1295 0.1295 0.1295 0.1355 0.1355 0.1335 0.1335 0.1375 0.1375 0.1375 0.1325 0.1325 0.1345 0.1345 0.134 0.134 0.133 0.133 0.133 0.134 0.134 0.126 0.126 0.1255 0.1255 0.1255 0.1265 0.1265 0.131 0.131 0.1325 0.1325 0.1325 0.14 0.14 0.1365 0.1365 0.1295 0.1295 0.1295 0.128 0.128 0.121 0.121
0.1445 0.137 0.137 0.155 0.155 0.155 0.137 0.137 0.144 0.144 0.147 0.147 0.145 0.145 0.145 0.1565 0.1565 0.1425 0.1425 0.148 0.148 0.148 0.152 0.152 0.15 0.15 0.141 0.141 0.141 0.1425 0.1425 0.1335 0.1335 0.1295 0.1295 0.1295 0.1355 0.1355 0.1335 0.1335 0.1375 0.1375 0.1375 0.1325 0.1325 0.1345 0.1345 0.134 0.134 0.133 0.133 0.133 0.134 0.134 0.126 0.126 0.1255 0.1255 0.1255 0.1265 0.1265 0.131 0.131 0.1325 0.1325 0.1325 0.14 0.14 0.1365 0.1365 0.1295 0.1295 0.1295 0.128 0.128 0.121 0.121
0.141 0.1435 0.1435 0.149 0.149 0.149 0.165 0.165 0.155 0.155 0.1415 0.1415 0.129 0.129 0.129 0.1365 0.1365 0.143 0.143 0.153 0.153 0.153 0.1415 0.1415 0.1385 0.1385 0.14 0.14 0.14 0.1455 0.1455 0.1415 0.1415 0.1415 0.1415 0.1415 0.1455 0.1455 0.1465 0.1465 0.147 0.147 0.147 0.1385 0.1385 0.1395 0.1395 0.1465 0.1465 0.1465 0.1465 0.1465 0.148 0.148 0.136 0.136 0.1345 0.1345 0.1345 0.136 0.136 0.1385 0.1385 0.139 0.139 0.139 0.139 0.139 0.1325 0.1325 0.134 0.134 0.134 0.137 0.137 0.1265 0.1265
0.141 0.1435 0.1435 0.149 0.149 0.149 0.165 0.165 0.155 0.155 0.1415 0.1415 0.129 0.129 0.129 0.1365 0.1365 0.143 0.143 0.153 0.153 0.153 0.1415 0.1415 0.1385 0.1385 0.14 0.14 0.14 0.1455 0.1455 0.1415 0.1415 0.1415 0.1415 0.1415 0.1455 0.1455 0.1465 0.1465 0.147 0.147 0.147 0.1385 0.1385 0.1395 0.1395 0.1465 0.1465 0.1465 0.1465 0.1465 0.148 0.148 0.136 0.136 0.1345 0.1345 0.1345 0.136 0.136 0.1385 0.1385 0.139 0.139 0.139 0.139 0.139 0.1325 0.1325 0.134 0.134 0.134 0.137 0.137 0.1265 0.1265
