ndvi/NOAA-137.asc
ncols         252
nrows         154
xllcorner     -18.017974
yllcorner     13.481982
cellsize      0.035948
NODATA_value  -9999
[rows 105 to 139 of 154, columns 77 to 153 of 252]
0.2495 0.2495 0.244 0.244 0.2575 0.2575 0.2415 0.2415 0.2415 0.2375 0.2375 0.23 0.23 0.2215 0.2215 0.2235 0.2235 0.2235 0.2125 0.2125 0.22 0.22 0.2275 0.2275 0.2275 0.2575 0.2575 0.253 0.253 0.2555 0.2555 0.2555 0.2775 0.2775 0.2825 0.2825 0.2775 0.2775 0.2775 0.277 0.277 0.2745 0.2745 0.281 0.281 0.281 0.2865 0.2865 0.2905 0.2905 0.28 0.28 0.2785 0.2785 0.2785 0.2515 0.2515 0.2735 0.2735 0.255 0.255 0.255 0.26 0.26 0.283 0.283 0.257 0.257 0.257 0.2535 0.2535 0.242 0.242 0.2605 0.2605 0.2605 0.2345
0.2415 0.2415 0.247 0.247 0.261 0.261 0.24 0.24 0.24 0.2255 0.2255 0.2375 0.2375 0.241 0.241 0.2245 0.2245 0.2245 0.215 0.215 0.2215 0.2215 0.2325 0.2325 0.2325 0.2525 0.2525 0.252 0.252 0.2585 0.2585 0.2585 0.2735 0.2735 0.2695 0.2695 0.271 0.271 0.271 0.2625 0.2625 0.2645 0.2645 0.2685 0.2685 0.2685 0.274 0.274 0.283 0.283 0.2605 0.2605 0.26 0.26 0.26 0.254 0.254 0.2625 0.2625 0.2465 0.2465 0.2465 0.2495 0.2495 0.2595 0.2595 0.2795 0.2795 0.2795 0.242 0.242 0.236 0.236 0.244 0.244 0.244 0.239
0.2415 0.2415 0.247 0.247 0.261 0.261 0.24 0.24 0.24 0.2255 0.2255 0.2375 0.2375 0.241 0.241 0.2245 0.2245 0.2245 0.215 0.215 0.2215 0.2215 0.2325 0.2325 0.2325 0.2525 0.2525 0.252 0.252 0.2585 0.2585 0.2585 0.2735 0.2735 0.2695 0.2695 0.271 0.271 0.271 0.2625 0.2625 0.2645 0.2645 0.2685 0.2685 0.2685 0.274 0.274 0.283 0.283 0.2605 0.2605 0.26 0.26 0.26 0.254 0.254 0.2625 0.2625 0.2465 0.2465 0.2465 0.2495 0.2495 0.2595 0.2595 0.2795 0.2795 0.2795 0.242 0.242 0.236 0.236 0.244 0.244 0.244 0.239
0.2495 0.2495 0.2395 0.2395 0.2565 0.2565 0.2445 0.2445 0.2445 0.258 0.258 0.2515 0.2515 0.2525 0.2525 0.244 0.244 0.244 0.2515 0.2515 0.2545 0.2545 0.2575 0.2575 0.2575 0.2595 0.2595 0.269 0.269 0.2585 0.2585 0.2585 0.285 0.285 0.279 0.279 0.27 0.27 0.27 0.262 0.262 0.256 0.256 0.2405 0.2405 0.2405 0.2345 0.2345 0.265 0.265 0.274 0.274 0.2805 0.2805 0.2805 0.2515 0.2515 0.257 0.257 0.2495 0.2495 0.2495 0.2555 0.2555 0.2715 0.2715 0.2835 0.2835 0.2835 0.2675 0.2675 0.2285 0.2285 0.218 0.218 0.218 0.232
0.2495 0.2495 0.2395 0.2395 0.2565 0.2565 0.2445 0.2445 0.2445 0.258 0.258 0.2515 0.2515 0.2525 0.2525 0.244 0.244 0.244 0.2515 0.2515 0.2545 0.2545 0.2575 0.2575 0.2575 0.2595 0.2595 0.269 0.269 0.2585 0.2585 0.2585 0.285 0.285 0.279 0.279 0.27 0.27 0.27 0.262 0.262 0.256 0.256 0.2405 0.2405 0.2405 0.2345 0.2345 0.265 0.265 0.274 0.274 0.2805 0.2805 0.2805 0.2515 0.2515 0.257 0.257 0.2495 0.2495 0.2495 0.2555 0.2555 0.2715 0.2715 0.2835 0.2835 0.2835 0.2675 0.2675 0.2285 0.2285 0.218 0.218 0.218 0.232
0.244 0.244 0.2455 0.2455 0.247 0.247 0.249 0.249 0.249 0.2495 0.2495 0.2475 0.2475 0.2575 0.2575 0.2795 0.2795 0.2795 0.2635 0.2635 0.246 0.246 0.2525 0.2525 0.2525 0.2455 0.2455 0.2535 0.2535 0.2725 0.2725 0.2725 0.277 0.277 0.2675 0.2675 0.267 0.267 0.267 0.251 0.251 0.255 0.255 0.2375 0.2375 0.2375 0.2515 0.2515 0.245 0.245 0.255 0.255 0.2675 0.2675 0.2675 0.2715 0.2715 0.2515 0.2515 0.243 0.243 0.243 0.251 0.251 0.27 0.27 0.278 0.278 0.278 0.296 0.296 0.2855 0.2855 0.257 0.257 0.257 0.217
0.244 0.244 0.2455 0.2455 0.247 0.247 0.249 0.249 0.249 0.2495 0.2495 0.2475 0.2475 0.2575 0.2575 0.2795 0.2795 0.2795 0.2635 0.2635 0.246 0.246 0.2525 0.2525 0.2525 0.2455 0.2455 0.2535 0.2535 0.2725 0.2725 0.2725 0.277 0.277 0.2675 0.2675 0.267 0.267 0.267 0.251 0.251 0.255 0.255 0.2375 0.2375 0.2375 0.2515 0.2515 0.245 0.245 0.255 0.255 0.2675 0.2675 0.2675 0.2715 0.2715 0.2515 0.2515 0.243 0.243 0.243 0.251 0.251 0.27 0.27 0.278 0.278 0.278 0.296 0.296 0.2855 0.2855 0.257 0.257 0.257 0.217
0.244 0.244 0.2455 0.2455 0.247 0.247 0.249 0.249 0.249 0.2495 0.2495 0.2475 0.2475 0.2575 0.2575 0.2795 0.2795 0.2795 0.2635 0.2635 0.246 0.246 0.2525 0.2525 0.2525 0.2455 0.2455 0.2535 0.2535 0.2725 0.2725 0.2725 0.277 0.277 0.2675 0.2675 0.267 0.267 0.267 0.251 0.251 0.255 0.255 0.2375 0.2375 0.2375 0.2515 0.2515 0.245 0.245 0.255 0.255 0.2675 0.2675 0.2675 0.2715 0.2715 0.2515 0.2515 0.243 0.243 0.243 0.251 0.251 0.27 0.27 0.278 0.278 0.278 0.296 0.296 0.2855 0.2855 0.257 0.257 0.257 0.217
0.264 0.264 0.256 0.256 0.262 0.262 0.274 0.274 0.274 0.283 0.283 0.258 0.258 0.251 0.251 0.27 0.27 0.27 0.2785 0.2785 0.2795 0.2795 0.262 0.262 0.262 0.2595 0.2595 0.2745 0.2745 0.261 0.261 0.261 0.2675 0.2675 0.2735 0.2735 0.272 0.272 0.272 0.284 0.284 0.2815 0.2815 0.2675 0.2675 0.2675 0.2805 0.2805 0.2745 0.2745 0.2625 0.2625 0.27 0.27 0.27 0.2775 0.2775 0.252 0.252 0.2655 0.2655 0.2655 0.25 0.25 0.2495 0.2495 0.2605 0.2605 0.2605 0.265 0.265 0.2425 0.2425 0.26 0.26 0.26 0.2135
0.264 0.264 0.256 0.256 0.262 0.262 0.274 0.274 0.274 0.283 0.283 0.258 0.258 0.251 0.251 0.27 0.27 0.27 0.2785 0.2785 0.2795 0.2795 0.262 0.262 0.262 0.2595 0.2595 0.2745 0.2745 0.261 0.261 0.261 0.2675 0.2675 0.2735 0.2735 0.272 0.272 0.272 0.284 0.284 0.2815 0.2815 0.2675 0.2675 0.2675 0.2805 0.2805 0.2745 0.2745 0.2625 0.2625 0.27 0.27 0.27 0.2775 0.2775 0.252 0.252 0.2655 0.2655 0.2655 0.25 0.25 0.2495 0.2495 0.2605 0.2605 0.2605 0.265 0.265 0.2425 0.2425 0.26 0.26 0.26 0.2135
0.268 0.268 0.2655 0.2655 0.256 0.256 0.2605 0.2605 0.2605 0.2675 0.2675 0.249 0.249 0.269 0.269 0.2785 0.2785 0.2785 0.3015 0.3015 0.2685 0.2685 0.2625 0.2625 0.2625 0.2655 0.2655 0.2715 0.2715 0.25 0.25 0.25 0.2675 0.2675 0.2795 0.2795 0.276 0.276 0.276 0.268 0.268 0.2705 0.2705 0.2615 0.2615 0.2615 0.2735 0.2735 0.2735 0.2735 0.264 0.264 0.287 0.287 0.287 0.2555 0.2555 0.2635 0.2635 0.253 0.253 0.253 0.2395 0.2395 0.2395 0.2395 0.2475 0.2475 0.2475 0.252 0.252 0.2555 0.2555 0.2485 0.2485 0.2485 0.2075
0.268 0.268 0.2655 0.2655 0.256 0.256 0.2605 0.2605 0.2605 0.2675 0.2675 0.249 0.249 0.269 0.269 0.2785 0.2785 0.2785 0.3015 0.3015 0.2685 0.2685 0.2625 0.2625 0.2625 0.2655 0.2655 0.2715 0.2715 0.25 0.25 0.25 0.2675 0.2675 0.2795 0.2795 0.276 0.276 0.276 0.268 0.268 0.2705 0.2705 0.2615 0.2615 0.2615 0.2735 0.2735 0.2735 0.2735 0.264 0.264 0.287 0.287 0.287 0.2555 0.2555 0.2635 0.2635 0.253 0.253 0.253 0.2395 0.2395 0.2395 0.2395 0.2475 0.2475 0.2475 0.252 0.252 0.2555 0.2555 0.2485 0.2485 0.2485 0.2075
0.2445 0.2445 0.2305 0.2305 0.2315 0.2315 0.2345 0.2345 0.2345 0.2595 0.2595 0.257 0.257 0.2695 0.2695 0.287 0.287 0.287 0.2935 0.2935 0.2815 0.2815 0.269 0.269 0.269 0.2675 0.2675 0.276 0.276 0.2675 0.2675 0.2675 0.256 0.256 0.283 0.283 0.265 0.265 0.265 0.243 0.243 0.2295 0.2295 0.2625 0.2625 0.2625 0.262 0.262 0.2805 0.2805 0.289 0.289 0.276 0.276 0.276 0.256 0.256 0.2505 0.2505 0.2625 0.2625 0.2625 0.2465 0.2465 0.2395 0.2395 0.2315 0.2315 0.2315 0.2595 0.2595 0.262 0.262 0.265 0.265 0.265 0.236
0.2445 0.2445 0.2305 0.2305 0.2315 0.2315 0.2345 0.2345 0.2345 0.2595 0.2595 0.257 0.257 0.2695 0.2695 0.287 0.287 0.287 0.2935 0.2935 0.2815 0.2815 0.269 0.269 0.269 0.2675 0.2675 0.276 0.276 0.2675 0.2675 0.2675 0.256 0.256 0.283 0.283 0.265 0.265 0.265 0.243 0.243 0.2295 0.2295 0.2625 0.2625 0.2625 0.262 0.262 0.2805 0.2805 0.289 0.289 0.276 0.276 0.276 0.256 0.256 0.2505 0.2505 0.2625 0.2625 0.2625 0.2465 0.2465 0.2395 0.2395 0.2315 0.2315 0.2315 0.2595 0.2595 0.262 0.262 0.265 0.265 0.265 0.236
0.2445 0.2445 0.2305 0.2305 0.2315 0.2315 0.2345 0.2345 0.2345 0.2595 0.2595 0.257 0.257 0.2695 0.2695 0.287 0.287 0.287 0.2935 0.2935 0.2815 0.2815 0.269 0.269 0.269 0.2675 0.2675 0.276 0.276 0.2675 0.2675 0.2675 0.256 0.256 0.283 0.283 0.265 0.265 0.265 0.243 0.243 0.2295 0.2295 0.2625 0.2625 0.2625 0.262 0.262 0.2805 0.2805 0.289 0.289 0.276 0.276 0.276 0.256 0.256 0.2505 0.2505 0.2625 0.2625 0.2625 0.2465 0.2465 0.2395 0.2395 0.2315 0.2315 0.2315 0.2595 0.2595 0.262 0.262 0.265 0.265 0.265 0.236
0.2405 0.2405 0.2045 0.2045 0.2205 0.2205 0.2295 0.2295 0.2295 0.25 0.25 0.2535 0.2535 0.261 0.261 0.274 0.274 0.274 0.296 0.296 0.2925 0.2925 0.273 0.273 0.273 0.258 0.258 0.2725 0.2725 0.271 0.271 0.271 0.266 0.266 0.2845 0.2845 0.2835 0.2835 0.2835 0.273 0.273 0.2885 0.2885 0.2975 0.2975 0.2975 0.2835 0.2835 0.285 0.285 0.2785 0.2785 0.2925 0.2925 0.2925 0.266 0.266 0.2655 0.2655 0.2615 0.2615 0.2615 0.2365 0.2365 0.251 0.251 0.249 0.249 0.249 0.248 0.248 0.255 0.255 0.264 0.264 0.264 0.266
0.2405 0.2405 0.2045 0.2045 0.2205 0.2205 0.2295 0.2295 0.2295 0.25 0.25 0.2535 0.2535 0.261 0.261 0.274 0.274 0.274 0.296 0.296 0.2925 0.2925 0.273 0.273 0.273 0.258 0.258 0.2725 0.2725 0.271 0.271 0.271 0.266 0.266 0.2845 0.2845 0.2835 0.2835 0.2835 0.273 0.273 0.2885 0.2885 0.2975 0.2975 0.2975 0.2835 0.2835 0.285 0.285 0.2785 0.2785 0.2925 0.2925 0.2925 0.266 0.266 0.2655 0.2655 0.2615 0.2615 0.2615 0.2365 0.2365 0.251 0.251 0.249 0.249 0.249 0.248 0.248 0.255 0.255 0.264 0.264 0.264 0.266
0.215 0.215 0.2345 0.2345 0.21 0.21 0.2675 0.2675 0.2675 0.254 0.254 0.257 0.257 0.2715 0.2715 0.262 0.262 0.262 0.2745 0.2745 0.2655 0.2655 0.2735 0.2735 0.2735 0.278 0.278 0.2915 0.2915 0.2665 0.2665 0.2665 0.281 0.281 0.2865 0.2865 0.2985 0.2985 0.2985 0.313 0.313 0.3215 0.3215 0.306 0.306 0.306 0.288 0.288 0.308 0.308 0.3025 0.3025 0.303 0.303 0.303 0.3035 0.3035 0.275 0.275 0.2705 0.2705 0.2705 0.289 0.289 0.2625 0.2625 0.2595 0.2595 0.2595 0.273 0.273 0.277 0.277 0.2915 0.2915 0.2915 0.275
0.215 0.215 0.2345 0.2345 0.21 0.21 0.2675 0.2675 0.2675 0.254 0.254 0.257 0.257 0.2715 0.2715 0.262 0.262 0.262 0.2745 0.2745 0.2655 0.2655 0.2735 0.2735 0.2735 0.278 0.278 0.2915 0.2915 0.2665 0.2665 0.2665 0.281 0.281 0.2865 0.2865 0.2985 0.2985 0.2985 0.313 0.313 0.3215 0.3215 0.306 0.306 0.306 0.288 0.288 0.308 0.308 0.3025 0.3025 0.303 0.303 0.303 0.3035 0.3035 0.275 0.275 0.2705 0.2705 0.2705 0.289 0.289 0.2625 0.2625 0.2595 0.2595 0.2595 0.273 0.273 0.277 0.277 0.2915 0.2915 0.2915 0.275
0.2425 0.2425 0.2225 0.2225 0.233 0.233 0.2535 0.2535 0.2535 0.2425 0.2425 0.242 0.242 0.262 0.262 0.232 0.232 0.232 0.265 0.265 0.259 0.259 0.2835 0.2835 0.2835 0.2785 0.2785 0.287 0.287 0.301 0.301 0.301 0.309 0.309 0.304 0.304 0.3115 0.3115 0.3115 0.3025 0.3025 0.305 0.305 0.2955 0.2955 0.2955 0.2705 0.2705 0.2835 0.2835 0.3035 0.3035 0.3105 0.3105 0.3105 0.303 0.303 0.2865 0.2865 0.2685 0.2685 0.2685 0.269 0.269 0.262 0.262 0.278 0.278 0.278 0.3035 0.3035 0.29 0.29 0.3035 0.3035 0.3035 0.287
0.2425 0.2425 0.2225 0.2225 0.233 0.233 0.2535 0.2535 0.2535 0.2425 0.2425 0.242 0.242 0.262 0.262 0.232 0.232 0.232 0.265 0.265 0.259 0.259 0.2835 0.2835 0.2835 0.2785 0.2785 0.287 0.287 0.301 0.301 0.301 0.309 0.309 0.304 0.304 0.3115 0.3115 0.3115 0.3025 0.3025 0.305 0.305 0.2955 0.2955 0.2955 0.2705 0.2705 0.2835 0.2835 0.3035 0.3035 0.3105 0.3105 0.3105 0.303 0.303 0.2865 0.2865 0.2685 0.2685 0.2685 0.269 0.269 0.262 0.262 0.278 0.278 0.278 0.3035 0.3035 0.29 0.29 0.3035 0.3035 0.3035 0.287
0.2605 0.2605 0.23 0.23 0.277 0.277 0.253 0.253 0.253 0.2665 0.2665 0.254 0.254 0.248 0.248 0.244 0.244 0.244 0.266 0.266 0.281 0.281 0.2875 0.2875 0.2875 0.2765 0.2765 0.297 0.297 0.311 0.311 0.311 0.3095 0.3095 0.2945 0.2945 0.296 0.296 0.296 0.2905 0.2905 0.2915 0.2915 0.2865 0.2865 0.2865 0.2965 0.2965 0.304 0.304 0.2945 0.2945 0.2995 0.2995 0.2995 0.2935 0.2935 0.286 0.286 0.281 0.281 0.281 0.2985 0.2985 0.3025 0.3025 0.3045 0.3045 0.3045 0.3055 0.3055 0.299 0.299 0.3125 0.3125 0.3125 0.3045
0.2605 0.2605 0.23 0.23 0.277 0.277 0.253 0.253 0.253 0.2665 0.2665 0.254 0.254 0.248 0.248 0.244 0.244 0.244 0.266 0.266 0.281 0.281 0.2875 0.2875 0.2875 0.2765 0.2765 0.297 0.297 0.311 0.311 0.311 0.3095 0.3095 0.2945 0.2945 0.296 0.296 0.296 0.2905 0.2905 0.2915 0.2915 0.2865 0.2865 0.2865 0.2965 0.2965 0.304 0.304 0.2945 0.2945 0.2995 0.2995 0.2995 0.2935 0.2935 0.286 0.286 0.281 0.281 0.281 0.2985 0.2985 0.3025 0.3025 0.3045 0.3045 0.3045 0.3055 0.3055 0.299 0.299 0.3125 0.3125 0.3125 0.3045
0.2605 0.2605 0.23 0.23 0.277 0.277 0.253 0.253 0.253 0.2665 0.2665 0.254 0.254 0.248 0.248 0.244 0.244 0.244 0.266 0.266 0.281 0.281 0.2875 0.2875 0.2875 0.2765 0.2765 0.297 0.297 0.311 0.311 0.311 0.3095 0.3095 0.2945 0.2945 0.296 0.296 0.296 0.2905 0.2905 0.2915 0.2915 0.2865 0.2865 0.2865 0.2965 0.2965 0.304 0.304 0.2945 0.2945 0.2995 0.2995 0.2995 0.2935 0.2935 0.286 0.286 0.281 0.281 0.281 0.2985 0.2985 0.3025 0.3025 0.3045 0.3045 0.3045 0.3055 0.3055 0.299 0.299 0.3125 0.3125 0.3125 0.3045
0.272 0.272 0.2595 0.2595 0.2725 0.2725 0.265 0.265 0.265 0.264 0.264 0.2515 0.2515 0.244 0.244 0.256 0.256 0.256 0.26 0.26 0.281 0.281 0.2825 0.2825 0.2825 0.298 0.298 0.2885 0.2885 0.293 0.293 0.293 0.2865 0.2865 0.293 0.293 0.308 0.308 0.308 0.314 0.314 0.305 0.305 0.2935 0.2935 0.2935 0.2895 0.2895 0.2865 0.2865 0.2885 0.2885 0.303 0.303 0.303 0.2845 0.2845 0.2975 0.2975 0.3075 0.3075 0.3075 0.288 0.288 0.3 0.3 0.314 0.314 0.314 0.315 0.315 0.3085 0.3085 0.32 0.32 0.32 0.306
0.272 0.272 0.2595 0.2595 0.2725 0.2725 0.265 0.265 0.265 0.264 0.264 0.2515 0.2515 0.244 0.244 0.256 0.256 0.256 0.26 0.26 0.281 0.281 0.2825 0.2825 0.2825 0.298 0.298 0.2885 0.2885 0.293 0.293 0.293 0.2865 0.2865 0.293 0.293 0.308 0.308 0.308 0.314 0.314 0.305 0.305 0.2935 0.2935 0.2935 0.2895 0.2895 0.2865 0.2865 0.2885 0.2885 0.303 0.303 0.303 0.2845 0.2845 0.2975 0.2975 0.3075 0.3075 0.3075 0.288 0.288 0.3 0.3 0.314 0.314 0.314 0.315 0.315 0.3085 0.3085 0.32 0.32 0.32 0.306
0.2485 0.2485 0.254 0.254 0.2545 0.2545 0.2585 0.2585 0.2585 0.2625 0.2625 0.271 0.271 0.269 0.269 0.2805 0.2805 0.2805 0.2805 0.2805 0.2805 0.2805 0.2885 0.2885 0.2885 0.2925 0.2925 0.2815 0.2815 0.2795 0.2795 0.2795 0.29 0.29 0.2985 0.2985 0.321 0.321 0.321 0.31 0.31 0.309 0.309 0.2975 0.2975 0.2975 0.2925 0.2925 0.3175 0.3175 0.297 0.297 0.3035 0.3035 0.3035 0.2995 0.2995 0.297 0.297 0.3055 0.3055 0.3055 0.3005 0.3005 0.306 0.306 0.3205 0.3205 0.3205 0.304 0.304 0.316 0.316 0.3255 0.3255 0.3255 0.3205
0.2485 0.2485 0.254 0.254 0.2545 0.2545 0.2585 0.2585 0.2585 0.2625 0.2625 0.271 0.271 0.269 0.269 0.2805 0.2805 0.2805 0.2805 0.2805 0.2805 0.2805 0.2885 0.2885 0.2885 0.2925 0.2925 0.2815 0.2815 0.2795 0.2795 0.2795 0.29 0.29 0.2985 0.2985 0.321 0.321 0.321 0.31 0.31 0.309 0.309 0.2975 0.2975 0.2975 0.2925 0.2925 0.3175 0.3175 0.297 0.297 0.3035 0.3035 0.3035 0.2995 0.2995 0.297 0.297 0.3055 0.3055 0.3055 0.3005 0.3005 0.306 0.306 0.3205 0.3205 0.3205 0.304 0.304 0.316 0.316 0.3255 0.3255 0.3255 0.3205
0.254 0.254 0.253 0.253 0.267 0.267 0.271 0.271 0.271 0.269 0.269 0.2715 0.2715 0.273 0.273 0.27 0.27 0.27 0.2945 0.2945 0.3005 0.3005 0.309 0.309 0.309 0.3055 0.3055 0.291 0.291 0.3045 0.3045 0.3045 0.3015 0.3015 0.3175 0.3175 0.325 0.325 0.325 0.325 0.325 0.327 0.327 0.3215 0.3215 0.3215 0.3295 0.3295 0.3075 0.3075 0.3185 0.3185 0.2925 0.2925 0.2925 0.283 0.283 0.307 0.307 0.305 0.305 0.305 0.317 0.317 0.3155 0.3155 0.324 0.324 0.324 0.3285 0.3285 0.313 0.313 0.3115 0.3115 0.3115 0.318
0.254 0.254 0.253 0.253 0.267 0.267 0.271 0.271 0.271 0.269 0.269 0.2715 0.2715 0.273 0.273 0.27 0.27 0.27 0.2945 0.2945 0.3005 0.3005 0.309 0.309 0.309 0.3055 0.3055 0.291 0.291 0.3045 0.3045 0.3045 0.3015 0.3015 0.3175 0.3175 0.325 0.325 0.325 0.325 0.325 0.327 0.327 0.3215 0.3215 0.3215 0.3295 0.3295 0.3075 0.3075 0.3185 0.3185 0.2925 0.2925 0.2925 0.283 0.283 0.307 0.307 0.305 0.305 0.305 0.317 0.317 0.3155 0.3155 0.324 0.324 0.324 0.3285 0.3285 0.313 0.313 0.3115 0.3115 0.3115 0.318
0.254 0.254 0.253 0.253 0.267 0.267 0.271 0.271 0.271 0.269 0.269 0.2715 0.2715 0.273 0.273 0.27 0.27 0.27 0.2945 0.2945 0.3005 0.3005 0.309 0.309 0.309 0.3055 0.3055 0.291 0.291 0.3045 0.3045 0.3045 0.3015 0.3015 0.3175 0.3175 0.325 0.325 0.325 0.325 0.325 0.327 0.327 0.3215 0.3215 0.3215 0.3295 0.3295 0.3075 0.3075 0.3185 0.3185 0.2925 0.2925 0.2925 0.283 0.283 0.307 0.307 0.305 0.305 0.305 0.317 0.317 0.3155 0.3155 0.324 0.324 0.324 0.3285 0.3285 0.313 0.313 0.3115 0.3115 0.3115 0.318
0.2485 0.2485 0.2505 0.2505 0.2905 0.2905 0.268 0.268 0.268 0.2655 0.2655 0.2635 0.2635 0.264 0.264 0.2605 0.2605 0.2605 0.289 0.289 0.294 0.294 0.2945 0.2945 0.2945 0.3 0.3 0.315 0.315 0.303 0.303 0.303 0.3155 0.3155 0.3075 0.3075 0.304 0.304 0.304 0.301 0.301 0.31 0.31 0.3175 0.3175 0.3175 0.316 0.316 0.3045 0.3045 0.319 0.319 0.318 0.318 0.318 0.3345 0.3345 0.3435 0.3435 0.329 0.329 0.329 0.327 0.327 0.3395 0.3395 0.3415 0.3415 0.3415 0.323 0.323 0.3145 0.3145 0.3085 0.3085 0.3085 0.323
0.2485 0.2485 0.2505 0.2505 0.2905 0.2905 0.268 0.268 0.268 0.2655 0.2655 0.2635 0.2635 0.264 0.264 0.2605 0.2605 0.2605 0.289 0.289 0.294 0.294 0.2945 0.2945 0.2945 0.3 0.3 0.315 0.315 0.303 0.303 0.303 0.3155 0.3155 0.3075 0.3075 0.304 0.304 0.304 0.301 0.301 0.31 0.31 0.3175 0.3175 0.3175 0.316 0.316 0.3045 0.3045 0.319 0.319 0.318 0.318 0.318 0.3345 0.3345 0.3435 0.3435 0.329 0.329 0.329 0.327 0.327 0.3395 0.3395 0.3415 0.3415 0.3415 0.323 0.323 0.3145 0.3145 0.3085 0.3085 0.3085 0.323
0.2555 0.2555 0.2785 0.2785 0.2835 0.2835 0.278 0.278 0.278 0.275 0.275 0.266 0.266 0.2655 0.2655 0.282 0.282 0.282 0.2955 0.2955 0.2815 0.2815 0.3065 0.3065 0.3065 0.293 0.293 0.3025 0.3025 0.317 0.317 0.317 0.3215 0.3215 0.3095 0.3095 0.3175 0.3175 0.3175 0.284 0.284 0.318 0.318 0.313 0.313 0.313 0.293 0.293 0.3165 0.3165 0.292 0.292 0.3485 0.3485 0.3485 0.3885 0.3885 0.3585 0.3585 0.3355 0.3355 0.3355 0.321 0.321 0.326 0.326 0.335 0.335 0.335 0.305 0.305 0.3175 0.3175 0.306 0.306 0.306 0.2895
0.2555 0.2555 0.2785 0.2785 0.2835 0.2835 0.278 0.278 0.278 0.275 0.275 0.266 0.266 0.2655 0.2655 0.282 0.282 0.282 0.2955 0.2955 0.2815 0.2815 0.3065 0.3065 0.3065 0.293 0.293 0.3025 0.3025 0.317 0.317 0.317 0.3215 0.3215 0.3095 0.3095 0.3175 0.3175 0.3175 0.284 0.284 0.318 0.318 0.313 0.313 0.313 0.293 0.293 0.3165 0.3165 0.292 0.292 0.3485 0.3485 0.3485 0.3885 0.3885 0.3585 0.3585 0.3355 0.3355 0.3355 0.321 0.321 0.326 0.326 0.335 0.335 0.335 0.305 0.305 0.3175 0.3175 0.306 0.306 0.306 0.2895
