ndvi/NOAA-23.asc
ncols         252
nrows         154
xllcorner     -18.017974
yllcorner     13.481982
cellsize      0.035948
NODATA_value  -9999
[rows 102 to 135 of 154, columns 154 to 230 of 252]
0.252 0.2455 0.2455 0.2735 0.2735 0.2735 0.241 0.241 0.279 0.279 0.2825 0.2825 0.2965 0.2965 0.2965 0.259 0.259 0.279 0.279 0.274 0.274 0.274 0.266 0.266 0.273 0.273 0.292 0.292 0.292 0.2705 0.2705 0.268 0.268 0.257 0.257 0.257 0.249 0.249 0.27 0.27 0.28 0.28 0.28 0.282 0.282 0.268 0.268 0.2825 0.2825 0.2745 0.2745 0.2745 0.2485 0.2485 0.238 0.238 0.2325 0.2325 0.2325 0.2295 0.2295 0.2385 0.2385 0.2515 0.2515 0.2515 0.246 0.246 0.239 0.239 0.235 0.235 0.235 0.2465 0.2465 0.2425 0.2425
0.2415 0.2515 0.2515 0.288 0.288 0.288 0.244 0.244 0.284 0.284 0.2685 0.2685 0.2635 0.2635 0.2635 0.2645 0.2645 0.2665 0.2665 0.2595 0.2595 0.2595 0.263 0.263 0.259 0.259 0.2945 0.2945 0.2945 0.2895 0.2895 0.271 0.271 0.263 0.263 0.263 0.248 0.248 0.2535 0.2535 0.2665 0.2665 0.2665 0.276 0.276 0.2825 0.2825 0.3055 0.3055 0.3145 0.3145 0.3145 0.3025 0.3025 0.2645 0.2645 0.29 0.29 0.29 0.2455 0.2455 0.238 0.238 0.255 0.255 0.255 0.2495 0.2495 0.2465 0.2465 0.2545 0.2545 0.2545 0.266 0.266 0.264 0.264
0.2415 0.2515 0.2515 0.288 0.288 0.288 0.244 0.244 0.284 0.284 0.2685 0.2685 0.2635 0.2635 0.2635 0.2645 0.2645 0.2665 0.2665 0.2595 0.2595 0.2595 0.263 0.263 0.259 0.259 0.2945 0.2945 0.2945 0.2895 0.2895 0.271 0.271 0.263 0.263 0.263 0.248 0.248 0.2535 0.2535 0.2665 0.2665 0.2665 0.276 0.276 0.2825 0.2825 0.3055 0.3055 0.3145 0.3145 0.3145 0.3025 0.3025 0.2645 0.2645 0.29 0.29 0.29 0.2455 0.2455 0.238 0.238 0.255 0.255 0.255 0.2495 0.2495 0.2465 0.2465 0.2545 0.2545 0.2545 0.266 0.266 0.264 0.264
0.2415 0.2515 0.2515 0.288 0.288 0.288 0.244 0.244 0.284 0.284 0.2685 0.2685 0.2635 0.2635 0.2635 0.2645 0.2645 0.2665 0.2665 0.2595 0.2595 0.2595 0.263 0.263 0.259 0.259 0.2945 0.2945 0.2945 0.2895 0.2895 0.271 0.271 0.263 0.263 0.263 0.248 0.248 0.2535 0.2535 0.2665 0.2665 0.2665 0.276 0.276 0.2825 0.2825 0.3055 0.3055 0.3145 0.3145 0.3145 0.3025 0.3025 0.2645 0.2645 0.29 0.29 0.29 0.2455 0.2455 0.238 0.238 0.255 0.255 0.255 0.2495 0.2495 0.2465 0.2465 0.2545 0.2545 0.2545 0.266 0.266 0.264 0.264
0.256 0.271 0.271 0.2825 0.2825 0.2825 0.2595 0.2595 0.269 0.269 0.285 0.285 0.284 0.284 0.284 0.2635 0.2635 0.247 0.247 0.255 0.255 0.255 0.2475 0.2475 0.24 0.24 0.2775 0.2775 0.2775 0.2985 0.2985 0.2995 0.2995 0.302 0.302 0.302 0.299 0.299 0.2845 0.2845 0.295 0.295 0.295 0.315 0.315 0.311 0.311 0.3015 0.3015 0.2865 0.2865 0.2865 0.3335 0.3335 0.357 0.357 0.339 0.339 0.339 0.251 0.251 0.243 0.243 0.243 0.243 0.243 0.2385 0.2385 0.252 0.252 0.2525 0.2525 0.2525 0.286 0.286 0.2645 0.2645
0.256 0.271 0.271 0.2825 0.2825 0.2825 0.2595 0.2595 0.269 0.269 0.285 0.285 0.284 0.284 0.284 0.2635 0.2635 0.247 0.247 0.255 0.255 0.255 0.2475 0.2475 0.24 0.24 0.2775 0.2775 0.2775 0.2985 0.2985 0.2995 0.2995 0.302 0.302 0.302 0.299 0.299 0.2845 0.2845 0.295 0.295 0.295 0.315 0.315 0.311 0.311 0.3015 0.3015 0.2865 0.2865 0.2865 0.3335 0.3335 0.357 0.357 0.339 0.339 0.339 0.251 0.251 0.243 0.243 0.243 0.243 0.243 0.2385 0.2385 0.252 0.252 0.2525 0.2525 0.2525 0.286 0.286 0.2645 0.2645
0.2865 0.2975 0.2975 0.2815 0.2815 0.2815 0.2745 0.2745 0.283 0.283 0.288 0.288 0.265 0.265 0.265 0.257 0.257 0.2395 0.2395 0.2465 0.2465 0.2465 0.244 0.244 0.263 0.263 0.2535 0.2535 0.2535 0.2645 0.2645 0.3105 0.3105 0.304 0.304 0.304 0.305 0.305 0.317 0.317 0.317 0.317 0.317 0.3215 0.3215 0.301 0.301 0.3035 0.3035 0.2795 0.2795 0.2795 0.2955 0.2955 0.284 0.284 0.302 0.302 0.302 0.2665 0.2665 0.266 0.266 0.236 0.236 0.236 0.2565 0.2565 0.2605 0.2605 0.2485 0.2485 0.2485 0.266 0.266 0.2785 0.2785
0.2865 0.2975 0.2975 0.2815 0.2815 0.2815 0.2745 0.2745 0.283 0.283 0.288 0.288 0.265 0.265 0.265 0.257 0.257 0.2395 0.2395 0.2465 0.2465 0.2465 0.244 0.244 0.263 0.263 0.2535 0.2535 0.2535 0.2645 0.2645 0.3105 0.3105 0.304 0.304 0.304 0.305 0.305 0.317 0.317 0.317 0.317 0.317 0.3215 0.3215 0.301 0.301 0.3035 0.3035 0.2795 0.2795 0.2795 0.2955 0.2955 0.284 0.284 0.302 0.302 0.302 0.2665 0.2665 0.266 0.266 0.236 0.236 0.236 0.2565 0.2565 0.2605 0.2605 0.2485 0.2485 0.2485 0.266 0.266 0.2785 0.2785
0.2785 0.3045 0.3045 0.294 0.294 0.294 0.2985 0.2985 0.2885 0.2885 0.284 0.284 0.2735 0.2735 0.2735 0.2955 0.2955 0.2665 0.2665 0.2825 0.2825 0.2825 0.269 0.269 0.2815 0.2815 0.281 0.281 0.281 0.275 0.275 0.3075 0.3075 0.3 0.3 0.3 0.3005 0.3005 0.314 0.314 0.283 0.283 0.283 0.2915 0.2915 0.293 0.293 0.2975 0.2975 0.271 0.271 0.271 0.302 0.302 0.306 0.306 0.2935 0.2935 0.2935 0.2805 0.2805 0.2645 0.2645 0.269 0.269 0.269 0.2715 0.2715 0.276 0.276 0.2675 0.2675 0.2675 0.272 0.272 0.281 0.281
0.2785 0.3045 0.3045 0.294 0.294 0.294 0.2985 0.2985 0.2885 0.2885 0.284 0.284 0.2735 0.2735 0.2735 0.2955 0.2955 0.2665 0.2665 0.2825 0.2825 0.2825 0.269 0.269 0.2815 0.2815 0.281 0.281 0.281 0.275 0.275 0.3075 0.3075 0.3 0.3 0.3 0.3005 0.3005 0.314 0.314 0.283 0.283 0.283 0.2915 0.2915 0.293 0.293 0.2975 0.2975 0.271 0.271 0.271 0.302 0.302 0.306 0.306 0.2935 0.2935 0.2935 0.2805 0.2805 0.2645 0.2645 0.269 0.269 0.269 0.2715 0.2715 0.276 0.276 0.2675 0.2675 0.2675 0.272 0.272 0.281 0.281
0.2785 0.3045 0.3045 0.294 0.294 0.294 0.2985 0.2985 0.2885 0.2885 0.284 0.284 0.2735 0.2735 0.2735 0.2955 0.2955 0.2665 0.2665 0.2825 0.2825 0.2825 0.269 0.269 0.2815 0.2815 0.281 0.281 0.281 0.275 0.275 0.3075 0.3075 0.3 0.3 0.3 0.3005 0.3005 0.314 0.314 0.283 0.283 0.283 0.2915 0.2915 0.293 0.293 0.2975 0.2975 0.271 0.271 0.271 0.302 0.302 0.306 0.306 0.2935 0.2935 0.2935 0.2805 0.2805 0.2645 0.2645 0.269 0.269 0.269 0.2715 0.2715 0.276 0.276 0.2675 0.2675 0.2675 0.272 0.272 0.281 0.281
0.3075 0.2545 0.2545 0.284 0.284 0.284 0.302 0.302 0.2835 0.2835 0.279 0.279 0.293 0.293 0.293 0.3065 0.3065 0.3015 0.3015 0.2755 0.2755 0.2755 0.288 0.288 0.291 0.291 0.271 0.271 0.271 0.268 0.268 0.2755 0.2755 0.3225 0.3225 0.3225 0.331 0.331 0.2785 0.2785 0.2815 0.2815 0.2815 0.2825 0.2825 0.2735 0.2735 0.2805 0.2805 0.264 0.264 0.264 0.3265 0.3265 0.32 0.32 0.3145 0.3145 0.3145 0.2935 0.2935 0.281 0.281 0.272 0.272 0.272 0.2595 0.2595 0.2615 0.2615 0.264 0.264 0.264 0.2735 0.2735 0.2745 0.2745
0.3075 0.2545 0.2545 0.284 0.284 0.284 0.302 0.302 0.2835 0.2835 0.279 0.279 0.293 0.293 0.293 0.3065 0.3065 0.3015 0.3015 0.2755 0.2755 0.2755 0.288 0.288 0.291 0.291 0.271 0.271 0.271 0.268 0.268 0.2755 0.2755 0.3225 0.3225 0.3225 0.331 0.331 0.2785 0.2785 0.2815 0.2815 0.2815 0.2825 0.2825 0.2735 0.2735 0.2805 0.2805 0.264 0.264 0.264 0.3265 0.3265 0.32 0.32 0.3145 0.3145 0.3145 0.2935 0.2935 0.281 0.281 0.272 0.272 0.272 0.2595 0.2595 0.2615 0.2615 0.264 0.264 0.264 0.2735 0.2735 0.2745 0.2745
0.281 0.28 0.28 0.2745 0.2745 0.2745 0.2955 0.2955 0.274 0.274 0.2605 0.2605 0.2875 0.2875 0.2875 0.2785 0.2785 0.295 0.295 0.275 0.275 0.275 0.2785 0.2785 0.2765 0.2765 0.2965 0.2965 0.2965 0.296 0.296 0.282 0.282 0.313 0.313 0.313 0.3015 0.3015 0.262 0.262 0.2835 0.2835 0.2835 0.2855 0.2855 0.2955 0.2955 0.3285 0.3285 0.314 0.314 0.314 0.3225 0.3225 0.333 0.333 0.356 0.356 0.356 0.334 0.334 0.3065 0.3065 0.295 0.295 0.295 0.2835 0.2835 0.286 0.286 0.2735 0.2735 0.2735 0.268 0.268 0.2785 0.2785
0.281 0.28 0.28 0.2745 0.2745 0.2745 0.2955 0.2955 0.274 0.274 0.2605 0.2605 0.2875 0.2875 0.2875 0.2785 0.2785 0.295 0.295 0.275 0.275 0.275 0.2785 0.2785 0.2765 0.2765 0.2965 0.2965 0.2965 0.296 0.296 0.282 0.282 0.313 0.313 0.313 0.3015 0.3015 0.262 0.262 0.2835 0.2835 0.2835 0.2855 0.2855 0.2955 0.2955 0.3285 0.3285 0.314 0.314 0.314 0.3225 0.3225 0.333 0.333 0.356 0.356 0.356 0.334 0.334 0.3065 0.3065 0.295 0.295 0.295 0.2835 0.2835 0.286 0.286 0.2735 0.2735 0.2735 0.268 0.268 0.2785 0.2785
0.295 0.2815 0.2815 0.2955 0.2955 0.2955 0.2815 0.2815 0.27 0.27 0.2945 0.2945 0.297 0.297 0.297 0.2705 0.2705 0.264 0.264 0.2705 0.2705 0.2705 0.295 0.295 0.283 0.283 0.286 0.286 0.286 0.2665 0.2665 0.304 0.304 0.2825 0.2825 0.2825 0.245 0.245 0.2535 0.2535 0.287 0.287 0.287 0.3255 0.3255 0.3365 0.3365 0.341 0.341 0.338 0.338 0.338 0.341 0.341 0.3475 0.3475 0.327 0.327 0.327 0.3285 0.3285 0.3135 0.3135 0.314 0.314 0.314 0.2835 0.2835 0.2945 0.2945 0.3025 0.3025 0.3025 0.299 0.299 0.3085 0.3085
0.295 0.2815 0.2815 0.2955 0.2955 0.2955 0.2815 0.2815 0.27 0.27 0.2945 0.2945 0.297 0.297 0.297 0.2705 0.2705 0.264 0.264 0.2705 0.2705 0.2705 0.295 0.295 0.283 0.283 0.286 0.286 0.286 0.2665 0.2665 0.304 0.304 0.2825 0.2825 0.2825 0.245 0.245 0.2535 0.2535 0.287 0.287 0.287 0.3255 0.3255 0.3365 0.3365 0.341 0.341 0.338 0.338 0.338 0.341 0.341 0.3475 0.3475 0.327 0.327 0.327 0.3285 0.3285 0.3135 0.3135 0.314 0.314 0.314 0.2835 0.2835 0.2945 0.2945 0.3025 0.3025 0.3025 0.299 0.299 0.3085 0.3085
0.295 0.2815 0.2815 0.2955 0.2955 0.2955 0.2815 0.2815 0.27 0.27 0.2945 0.2945 0.297 0.297 0.297 0.2705 0.2705 0.264 0.264 0.2705 0.2705 0.2705 0.295 0.295 0.283 0.283 0.286 0.286 0.286 0.2665 0.2665 0.304 0.304 0.2825 0.2825 0.2825 0.245 0.245 0.2535 0.2535 0.287 0.287 0.287 0.3255 0.3255 0.3365 0.3365 0.341 0.341 0.338 0.338 0.338 0.341 0.341 0.3475 0.3475 0.327 0.327 0.327 0.3285 0.3285 0.3135 0.3135 0.314 0.314 0.314 0.2835 0.2835 0.2945 0.2945 0.3025 0.3025 0.3025 0.299 0.299 0.3085 0.3085
0.3155 0.291 0.291 0.2995 0.2995 0.2995 0.2895 0.2895 0.2875 0.2875 0.295 0.295 0.2985 0.2985 0.2985 0.308 0.308 0.313 0.313 0.34 0.34 0.34 0.304 0.304 0.2815 0.2815 0.292 0.292 0.292 0.266 0.266 0.2955 0.2955 0.2645 0.2645 0.2645 0.3115 0.3115 0.3085 0.3085 0.355 0.355 0.355 0.3635 0.3635 0.347 0.347 0.323 0.323 0.3115 0.3115 0.3115 0.339 0.339 0.337 0.337 0.3355 0.3355 0.3355 0.336 0.336 0.3235 0.3235 0.309 0.309 0.309 0.33 0.33 0.325 0.325 0.333 0.333 0.333 0.3185 0.3185 0.2895 0.2895
0.3155 0.291 0.291 0.2995 0.2995 0.2995 0.2895 0.2895 0.2875 0.2875 0.295 0.295 0.2985 0.2985 0.2985 0.308 0.308 0.313 0.313 0.34 0.34 0.34 0.304 0.304 0.2815 0.2815 0.292 0.292 0.292 0.266 0.266 0.2955 0.2955 0.2645 0.2645 0.2645 0.3115 0.3115 0.3085 0.3085 0.355 0.355 0.355 0.3635 0.3635 0.347 0.347 0.323 0.323 0.3115 0.3115 0.3115 0.339 0.339 0.337 0.337 0.3355 0.3355 0.3355 0.336 0.336 0.3235 0.3235 0.309 0.309 0.309 0.33 0.33 0.325 0.325 0.333 0.333 0.333 0.3185 0.3185 0.2895 0.2895
0.3345 0.3325 0.3325 0.328 0.328 0.328 0.2845 0.2845 0.316 0.316 0.2775 0.2775 0.2825 0.2825 0.2825 0.319 0.319 0.296 0.296 0.3075 0.3075 0.3075 0.3405 0.3405 0.3215 0.3215 0.287 0.287 0.287 0.2865 0.2865 0.2635 0.2635 0.294 0.294 0.294 0.276 0.276 0.316 0.316 0.3275 0.3275 0.3275 0.3405 0.3405 0.3555 0.3555 0.32 0.32 0.341 0.341 0.341 0.3295 0.3295 0.341 0.341 0.3535 0.3535 0.3535 0.3285 0.3285 0.3205 0.3205 0.332 0.332 0.332 0.339 0.339 0.341 0.341 0.3165 0.3165 0.3165 0.3105 0.3105 0.309 0.309
0.3345 0.3325 0.3325 0.328 0.328 0.328 0.2845 0.2845 0.316 0.316 0.2775 0.2775 0.2825 0.2825 0.2825 0.319 0.319 0.296 0.296 0.3075 0.3075 0.3075 0.3405 0.3405 0.3215 0.3215 0.287 0.287 0.287 0.2865 0.2865 0.2635 0.2635 0.294 0.294 0.294 0.276 0.276 0.316 0.316 0.3275 0.3275 0.3275 0.3405 0.3405 0.3555 0.3555 0.32 0.32 0.341 0.341 0.341 0.3295 0.3295 0.341 0.341 0.3535 0.3535 0.3535 0.3285 0.3285 0.3205 0.3205 0.332 0.332 0.332 0.339 0.339 0.341 0.341 0.3165 0.3165 0.3165 0.3105 0.3105 0.309 0.309
0.3335 0.318 0.318 0.316 0.316 0.316 0.2775 0.2775 0.3025 0.3025 0.31 0.31 0.322 0.322 0.322 0.2975 0.2975 0.3405 0.3405 0.3195 0.3195 0.3195 0.3195 0.3195 0.3355 0.3355 0.2945 0.2945 0.2945 0.2765 0.2765 0.3135 0.3135 0.278 0.278 0.278 0.295 0.295 0.292 0.292 0.316 0.316 0.316 0.3515 0.3515 0.361 0.361 0.371 0.371 0.2865 0.2865 0.2865 0.355 0.355 0.3265 0.3265 0.328 0.328 0.328 0.3435 0.3435 0.344 0.344 0.3275 0.3275 0.3275 0.317 0.317 0.347 0.347 0.3165 0.3165 0.3165 0.3015 0.3015 0.33 0.33
0.3335 0.318 0.318 0.316 0.316 0.316 0.2775 0.2775 0.3025 0.3025 0.31 0.31 0.322 0.322 0.322 0.2975 0.2975 0.3405 0.3405 0.3195 0.3195 0.3195 0.3195 0.3195 0.3355 0.3355 0.2945 0.2945 0.2945 0.2765 0.2765 0.3135 0.3135 0.278 0.278 0.278 0.295 0.295 0.292 0.292 0.316 0.316 0.316 0.3515 0.3515 0.361 0.361 0.371 0.371 0.2865 0.2865 0.2865 0.355 0.355 0.3265 0.3265 0.328 0.328 0.328 0.3435 0.3435 0.344 0.344 0.3275 0.3275 0.3275 0.317 0.317 0.347 0.347 0.3165 0.3165 0.3165 0.3015 0.3015 0.33 0.33
0.315 0.33 0.33 0.3 0.3 0.3 0.274 0.274 0.292 0.292 0.3205 0.3205 0.329 0.329 0.329 0.298 0.298 0.303 0.303 0.3385 0.3385 0.3385 0.339 0.339 0.3245 0.3245 0.3135 0.3135 0.3135 0.286 0.286 0.297 0.297 0.2925 0.2925 0.2925 0.307 0.307 0.307 0.307 0.314 0.314 0.314 0.367 0.367 0.4245 0.4245 0.362 0.362 0.351 0.351 0.351 0.287 0.287 0.343 0.343 0.3175 0.3175 0.3175 0.344 0.344 0.3605 0.3605 0.326 0.326 0.326 0.3315 0.3315 0.339 0.339 0.3125 0.3125 0.3125 0.2905 0.2905 0.317 0.317
0.315 0.33 0.33 0.3 0.3 0.3 0.274 0.274 0.292 0.292 0.3205 0.3205 0.329 0.329 0.329 0.298 0.298 0.303 0.303 0.3385 0.3385 0.3385 0.339 0.339 0.3245 0.3245 0.3135 0.3135 0.3135 0.286 0.286 0.297 0.297 0.2925 0.2925 0.2925 0.307 0.307 0.307 0.307 0.314 0.314 0.314 0.367 0.367 0.4245 0.4245 0.362 0.362 0.351 0.351 0.351 0.287 0.287 0.343 0.343 0.3175 0.3175 0.3175 0.344 0.344 0.3605 0.3605 0.326 0.326 0.326 0.3315 0.3315 0.339 0.339 0.3125 0.3125 0.3125 0.2905 0.2905 0.317 0.317
0.315 0.33 0.33 0.3 0.3 0.3 0.274 0.274 0.292 0.292 0.3205 0.3205 0.329 0.329 0.329 0.298 0.298 0.303 0.303 0.3385 0.3385 0.3385 0.339 0.339 0.3245 0.3245 0.3135 0.3135 0.3135 0.286 0.286 0.297 0.297 0.2925 0.2925 0.2925 0.307 0.307 0.307 0.307 0.314 0.314 0.314 0.367 0.367 0.4245 0.4245 0.362 0.362 0.351 0.351 0.351 0.287 0.287 0.343 0.343 0.3175 0.3175 0.3175 0.344 0.344 0.3605 0.3605 0.326 0.326 0.326 0.3315 0.3315 0.339 0.339 0.3125 0.3125 0.3125 0.2905 0.2905 0.317 0.317
0.3175 0.3195 0.3195 0.317 0.317 0.317 0.292 0.292 0.3145 0.3145 0.362 0.362 0.3565 0.3565 0.3565 0.3345 0.3345 0.3165 0.3165 0.344 0.344 0.344 0.336 0.336 0.3035 0.3035 0.306 0.306 0.306 0.3105 0.3105 0.311 0.311 0.301 0.301 0.301 0.3025 0.3025 0.313 0.313 0.3385 0.3385 0.3385 0.329 0.329 0.368 0.368 0.358 0.358 0.353 0.353 0.353 0.366 0.366 0.3355 0.3355 0.335 0.335 0.335 0.347 0.347 0.4441 0.4441 0.3375 0.3375 0.3375 0.346 0.346 0.3175 0.3175 0.323 0.323 0.323 0.32 0.32 0.3135 0.3135
0.3175 0.3195 0.3195 0.317 0.317 0.317 0.292 0.292 0.3145 0.3145 0.362 0.362 0.3565 0.3565 0.3565 0.3345 0.3345 0.3165 0.3165 0.344 0.344 0.344 0.336 0.336 0.3035 0.3035 0.306 0.306 0.306 0.3105 0.3105 0.311 0.311 0.301 0.301 0.301 0.3025 0.3025 0.313 0.313 0.3385 0.3385 0.3385 0.329 0.329 0.368 0.368 0.358 0.358 0.353 0.353 0.353 0.366 0.366 0.3355 0.3355 0.335 0.335 0.335 0.347 0.347 0.4441 0.4441 0.3375 0.3375 0.3375 0.346 0.346 0.3175 0.3175 0.323 0.323 0.323 0.32 0.32 0.3135 0.3135
0.309 0.341 0.341 0.332 0.332 0.332 0.2745 0.2745 0.288 0.288 0.317 0.317 0.324 0.324 0.324 0.3255 0.3255 0.3525 0.3525 0.344 0.344 0.344 0.326 0.326 0.338 0.338 0.3255 0.3255 0.3255 0.3335 0.3335 0.346 0.346 0.3085 0.3085 0.3085 0.329 0.329 0.3405 0.3405 0.3195 0.3195 0.3195 0.337 0.337 0.3435 0.3435 0.358 0.358 0.3705 0.3705 0.3705 0.363 0.363 0.389 0.389 0.3925 0.3925 0.3925 0.4491 0.4491 0.4095 0.4095 0.3935 0.3935 0.3935 0.336 0.336 0.325 0.325 0.3485 0.3485 0.3485 0.313 0.313 0.307 0.307
0.309 0.341 0.341 0.332 0.332 0.332 0.2745 0.2745 0.288 0.288 0.317 0.317 0.324 0.324 0.324 0.3255 0.3255 0.3525 0.3525 0.344 0.344 0.344 0.326 0.326 0.338 0.338 0.3255 0.3255 0.3255 0.3335 0.3335 0.346 0.346 0.3085 0.3085 0.3085 0.329 0.329 0.3405 0.3405 0.3195 0.3195 0.3195 0.337 0.337 0.3435 0.3435 0.358 0.358 0.3705 0.3705 0.3705 0.363 0.363 0.389 0.389 0.3925 0.3925 0.3925 0.4491 0.4491 0.4095 0.4095 0.3935 0.3935 0.3935 0.336 0.336 0.325 0.325 0.3485 0.3485 0.3485 0.313 0.313 0.307 0.307
0.3175 0.372 0.372 0.339 0.339 0.339 0.318 0.318 0.311 0.311 0.3135 0.3135 0.312 0.312 0.312 0.309 0.309 0.3145 0.3145 0.3365 0.3365 0.3365 0.3305 0.3305 0.3065 0.3065 0.354 0.354 0.354 0.3465 0.3465 0.3355 0.3355 0.353 0.353 0.353 0.3365 0.3365 0.348 0.348 0.3955 0.3955 0.3955 0.3605 0.3605 0.3855 0.3855 0.365 0.365 0.373 0.373 0.373 0.378 0.378 0.3965 0.3965 0.442 0.442 0.442 0.4735 0.4735 0.4102 0.4102 0.398 0.398 0.398 0.3485 0.3485 0.304 0.304 0.325 0.325 0.325 0.326 0.326 0.3425 0.3425
0.3175 0.372 0.372 0.339 0.339 0.339 0.318 0.318 0.311 0.311 0.3135 0.3135 0.312 0.312 0.312 0.309 0.309 0.3145 0.3145 0.3365 0.3365 0.3365 0.3305 0.3305 0.3065 0.3065 0.354 0.354 0.354 0.3465 0.3465 0.3355 0.3355 0.353 0.353 0.353 0.3365 0.3365 0.348 0.348 0.3955 0.3955 0.3955 0.3605 0.3605 0.3855 0.3855 0.365 0.365 0.373 0.373 0.373 0.378 0.378 0.3965 0.3965 0.442 0.442 0.442 0.4735 0.4735 0.4102 0.4102 0.398 0.398 0.398 0.3485 0.3485 0.304 0.304 0.325 0.325 0.325 0.326 0.326 0.3425 0.3425
0.3175 0.372 0.372 0.339 0.339 0.339 0.318 0.318 0.311 0.311 0.3135 0.3135 0.312 0.312 0.312 0.309 0.309 0.3145 0.3145 0.3365 0.3365 0.3365 0.3305 0.3305 0.3065 0.3065 0.354 0.354 0.354 0.3465 0.3465 0.3355 0.3355 0.353 0.353 0.353 0.3365 0.3365 0.348 0.348 0.3955 0.3955 0.3955 0.3605 0.3605 0.3855 0.3855 0.365 0.365 0.373 0.373 0.373 0.378 0.378 0.3965 0.3965 0.442 0.442 0.442 0.4735 0.4735 0.4102 0.4102 0.398 0.398 0.398 0.3485 0.3485 0.304 0.304 0.325 0.325 0.325 0.326 0.326 0.3425 0.3425
