ndvi/NOAA-285.asc
ncols         252
nrows         154
xllcorner     -18.017974
yllcorner     13.481982
cellsize      0.035948
NODATA_value  -9999
[rows 0 to 33 of 154, columns 154 to 230 of 252]
0.0575 0.066 0.066 0.0665 0.0665 0.0665 0.072 0.072 0.082 0.082 0.0845 0.0845 0.081 0.081 0.081 0.09100001 0.09100001 0.089 0.089 0.0825 0.0825 0.0825 0.085 0.085 0.094 0.094 0.0895 0.0895 0.0895 0.09 0.09 0.087 0.087 0.0865 0.0865 0.0865 0.0825 0.0825 0.0765 0.0765 0.0795 0.0795 0.0795 0.087 0.087 0.08499999 0.08499999 0.088 0.088 0.082 0.082 0.082 0.073 0.073 0.0711 0.0711 0.072 0.072 0.072 0.075 0.075 0.079 0.079 0.078 0.078 0.078 0.07099999 0.07099999 0.07099999 0.07099999 0.072 0.072 0.072 0.071 0.071 0.06 0.06
0.0575 0.066 0.066 0.0665 0.0665 0.0665 0.072 0.072 0.082 0.082 0.0845 0.0845 0.081 0.081 0.081 0.09100001 0.09100001 0.089 0.089 0.0825 0.0825 0.0825 0.085 0.085 0.094 0.094 0.0895 0.0895 0.0895 0.09 0.09 0.087 0.087 0.0865 0.0865 0.0865 0.0825 0.0825 0.0765 0.0765 0.0795 0.0795 0.0795 0.087 0.087 0.08499999 0.08499999 0.088 0.088 0.082 0.082 0.082 0.073 0.073 0.0711 0.0711 0.072 0.072 0.072 0.075 0.075 0.079 0.079 0.078 0.078 0.078 0.07099999 0.07099999 0.07099999 0.07099999 0.072 0.072 0.072 0.071 0.071 0.06 0.06
0.066 0.071 0.071 0.07099999 0.07099999 0.07099999 0.08050001 0.08050001 0.0895 0.0895 0.09 0.09 0.0875 0.0875 0.0875 0.087 0.087 0.0895 0.0895 0.082 0.082 0.082 0.084 0.084 0.0895 0.0895 0.0925 0.0925 0.0925 0.0935 0.0935 0.0965 0.0965 0.089 0.089 0.089 0.104 0.104 0.108 0.108 0.097 0.097 0.097 0.114 0.114 0.1065 0.1065 0.0935 0.0935 0.092 0.092 0.092 0.1005 0.1005 0.0965 0.0965 0.0955 0.0955 0.0955 0.0925 0.0925 0.0865 0.0865 0.08400001 0.08400001 0.08400001 0.078 0.078 0.078 0.078 0.068 0.068 0.068 0.0725 0.0725 0.0655 0.0655
0.066 0.071 0.071 0.07099999 0.07099999 0.07099999 0.08050001 0.08050001 0.0895 0.0895 0.09 0.09 0.0875 0.0875 0.0875 0.087 0.087 0.0895 0.0895 0.082 0.082 0.082 0.084 0.084 0.0895 0.0895 0.0925 0.0925 0.0925 0.0935 0.0935 0.0965 0.0965 0.089 0.089 0.089 0.104 0.104 0.108 0.108 0.097 0.097 0.097 0.114 0.114 0.1065 0.1065 0.0935 0.0935 0.092 0.092 0.092 0.1005 0.1005 0.0965 0.0965 0.0955 0.0955 0.0955 0.0925 0.0925 0.0865 0.0865 0.08400001 0.08400001 0.08400001 0.078 0.078 0.078 0.078 0.068 0.068 0.068 0.0725 0.0725 0.0655 0.0655
0.066 0.071 0.071 0.07099999 0.07099999 0.07099999 0.08050001 0.08050001 0.0895 0.0895 0.09 0.09 0.0875 0.0875 0.0875 0.087 0.087 0.0895 0.0895 0.082 0.082 0.082 0.084 0.084 0.0895 0.0895 0.0925 0.0925 0.0925 0.0935 0.0935 0.0965 0.0965 0.089 0.089 0.089 0.104 0.104 0.108 0.108 0.097 0.097 0.097 0.114 0.114 0.1065 0.1065 0.0935 0.0935 0.092 0.092 0.092 0.1005 0.1005 0.0965 0.0965 0.0955 0.0955 0.0955 0.0925 0.0925 0.0865 0.0865 0.08400001 0.08400001 0.08400001 0.078 0.078 0.078 0.078 0.068 0.068 0.068 0.0725 0.0725 0.0655 0.0655
0.0855 0.085 0.085 0.0825 0.0825 0.0825 0.0885 0.0885 0.098 0.098 0.094 0.094 0.0965 0.0965 0.0965 0.0975 0.0975 0.096 0.096 0.089 0.089 0.089 0.0935 0.0935 0.09649999 0.09649999 0.102 0.102 0.102 0.1065 0.1065 0.1225 0.1225 0.117 0.117 0.117 0.11 0.11 0.1115 0.1115 0.12 0.12 0.12 0.1115 0.1115 0.1145 0.1145 0.0915 0.0915 0.0935 0.0935 0.0935 0.096 0.096 0.0995 0.0995 0.1025 0.1025 0.1025 0.095 0.095 0.0925 0.0925 0.0935 0.0935 0.0935 0.08149999 0.08149999 0.082 0.082 0.074 0.074 0.074 0.073 0.073 0.067 0.067
0.0855 0.085 0.085 0.0825 0.0825 0.0825 0.0885 0.0885 0.098 0.098 0.094 0.094 0.0965 0.0965 0.0965 0.0975 0.0975 0.096 0.096 0.089 0.089 0.089 0.0935 0.0935 0.09649999 0.09649999 0.102 0.102 0.102 0.1065 0.1065 0.1225 0.1225 0.117 0.117 0.117 0.11 0.11 0.1115 0.1115 0.12 0.12 0.12 0.1115 0.1115 0.1145 0.1145 0.0915 0.0915 0.0935 0.0935 0.0935 0.096 0.096 0.0995 0.0995 0.1025 0.1025 0.1025 0.095 0.095 0.0925 0.0925 0.0935 0.0935 0.0935 0.08149999 0.08149999 0.082 0.082 0.074 0.074 0.074 0.073 0.073 0.067 0.067
0.0825 0.0785 0.0785 0.083 0.083 0.083 0.1 0.1 0.102 0.102 0.103 0.103 0.1025 0.1025 0.1025 0.101 0.101 0.099 0.099 0.102 0.102 0.102 0.0975 0.0975 0.0995 0.0995 0.102 0.102 0.102 0.104 0.104 0.111 0.111 0.109 0.109 0.109 0.1075 0.1075 0.1085 0.1085 0.1115 0.1115 0.1115 0.12 0.12 0.11 0.11 0.108 0.108 0.0935 0.0935 0.0935 0.1035 0.1035 0.101 0.101 0.0975 0.0975 0.0975 0.085 0.085 0.0905 0.0905 0.08750001 0.08750001 0.08750001 0.0795 0.0795 0.0775 0.0775 0.0705 0.0705 0.0705 0.07250001 0.07250001 0.073 0.073
0.0825 0.0785 0.0785 0.083 0.083 0.083 0.1 0.1 0.102 0.102 0.103 0.103 0.1025 0.1025 0.1025 0.101 0.101 0.099 0.099 0.102 0.102 0.102 0.0975 0.0975 0.0995 0.0995 0.102 0.102 0.102 0.104 0.104 0.111 0.111 0.109 0.109 0.109 0.1075 0.1075 0.1085 0.1085 0.1115 0.1115 0.1115 0.12 0.12 0.11 0.11 0.108 0.108 0.0935 0.0935 0.0935 0.1035 0.1035 0.101 0.101 0.0975 0.0975 0.0975 0.085 0.085 0.0905 0.0905 0.08750001 0.08750001 0.08750001 0.0795 0.0795 0.0775 0.0775 0.0705 0.0705 0.0705 0.07250001 0.07250001 0.073 0.073
0.086 0.0885 0.0885 0.0855 0.0855 0.0855 0.09999999 0.09999999 0.0915 0.0915 0.103 0.103 0.105 0.105 0.105 0.1055 0.1055 0.1085 0.1085 0.101 0.101 0.101 0.1025 0.1025 0.106 0.106 0.0955 0.0955 0.0955 0.103 0.103 0.097 0.097 0.104 0.104 0.104 0.0985 0.0985 0.0975 0.0975 0.093 0.093 0.093 0.092 0.092 0.107 0.107 0.1015 0.1015 0.0995 0.0995 0.0995 0.096 0.096 0.09299999 0.09299999 0.084 0.084 0.084 0.0855 0.0855 0.088 0.088 0.07799999 0.07799999 0.07799999 0.072 0.072 0.0725 0.0725 0.07 0.07 0.07 0.07 0.07 0.073 0.073
0.086 0.0885 0.0885 0.0855 0.0855 0.0855 0.09999999 0.09999999 0.0915 0.0915 0.103 0.103 0.105 0.105 0.105 0.1055 0.1055 0.1085 0.1085 0.101 0.101 0.101 0.1025 0.1025 0.106 0.106 0.0955 0.0955 0.0955 0.103 0.103 0.097 0.097 0.104 0.104 0.104 0.0985 0.0985 0.0975 0.0975 0.093 0.093 0.093 0.092 0.092 0.107 0.107 0.1015 0.1015 0.0995 0.0995 0.0995 0.096 0.096 0.09299999 0.09299999 0.084 0.084 0.084 0.0855 0.0855 0.088 0.088 0.07799999 0.07799999 0.07799999 0.072 0.072 0.0725 0.0725 0.07 0.07 0.07 0.07 0.07 0.073 0.073
0.0955 0.09299999 0.09299999 0.097 0.097 0.097 0.0995 0.0995 0.107 0.107 0.109 0.109 0.1045 0.1045 0.1045 0.107 0.107 0.106 0.106 0.1045 0.1045 0.1045 0.098 0.098 0.0995 0.0995 0.1125 0.1125 0.1125 0.1 0.1 0.091 0.091 0.099 0.099 0.099 0.092 0.092 0.088 0.088 0.0835 0.0835 0.0835 0.079 0.079 0.097 0.097 0.101 0.101 0.098 0.098 0.098 0.093 0.093 0.0925 0.0925 0.0865 0.0865 0.0865 0.0765 0.0765 0.07449999 0.07449999 0.072 0.072 0.072 0.0665 0.0665 0.061 0.061 0.0665 0.0665 0.0665 0.065 0.065 0.069 0.069
0.0955 0.09299999 0.09299999 0.097 0.097 0.097 0.0995 0.0995 0.107 0.107 0.109 0.109 0.1045 0.1045 0.1045 0.107 0.107 0.106 0.106 0.1045 0.1045 0.1045 0.098 0.098 0.0995 0.0995 0.1125 0.1125 0.1125 0.1 0.1 0.091 0.091 0.099 0.099 0.099 0.092 0.092 0.088 0.088 0.0835 0.0835 0.0835 0.079 0.079 0.097 0.097 0.101 0.101 0.098 0.098 0.098 0.093 0.093 0.0925 0.0925 0.0865 0.0865 0.0865 0.0765 0.0765 0.07449999 0.07449999 0.072 0.072 0.072 0.0665 0.0665 0.061 0.061 0.0665 0.0665 0.0665 0.065 0.065 0.069 0.069
0.0955 0.09299999 0.09299999 0.097 0.097 0.097 0.0995 0.0995 0.107 0.107 0.109 0.109 0.1045 0.1045 0.1045 0.107 0.107 0.106 0.106 0.1045 0.1045 0.1045 0.098 0.098 0.0995 0.0995 0.1125 0.1125 0.1125 0.1 0.1 0.091 0.091 0.099 0.099 0.099 0.092 0.092 0.088 0.088 0.0835 0.0835 0.0835 0.079 0.079 0.097 0.097 0.101 0.101 0.098 0.098 0.098 0.093 0.093 0.0925 0.0925 0.0865 0.0865 0.0865 0.0765 0.0765 0.07449999 0.07449999 0.072 0.072 0.072 0.0665 0.0665 0.061 0.061 0.0665 0.0665 0.0665 0.065 0.065 0.069 0.069
0.09649999 0.099 0.099 0.0915 0.0915 0.0915 0.1045 0.1045 0.1115 0.1115 0.112 0.112 0.1055 0.1055 0.1055 0.1065 0.1065 0.1065 0.1065 0.1095 0.1095 0.1095 0.106 0.106 0.1055 0.1055 0.1015 0.1015 0.1015 0.104 0.104 0.098 0.098 0.0955 0.0955 0.0955 0.094 0.094 0.092 0.092 0.091 0.091 0.091 0.087 0.087 0.09299999 0.09299999 0.0865 0.0865 0.078 0.078 0.078 0.08149999 0.08149999 0.0915 0.0915 0.0895 0.0895 0.0895 0.065 0.065 0.0546 0.0546 0.0625 0.0625 0.0625 0.059 0.059 0.055 0.055 0.063 0.063 0.063 0.061 0.061 0.075 0.075
0.09649999 0.099 0.099 0.0915 0.0915 0.0915 0.1045 0.1045 0.1115 0.1115 0.112 0.112 0.1055 0.1055 0.1055 0.1065 0.1065 0.1065 0.1065 0.1095 0.1095 0.1095 0.106 0.106 0.1055 0.1055 0.1015 0.1015 0.1015 0.104 0.104 0.098 0.098 0.0955 0.0955 0.0955 0.094 0.094 0.092 0.092 0.091 0.091 0.091 0.087 0.087 0.09299999 0.09299999 0.0865 0.0865 0.078 0.078 0.078 0.08149999 0.08149999 0.0915 0.0915 0.0895 0.0895 0.0895 0.065 0.065 0.0546 0.0546 0.0625 0.0625 0.0625 0.059 0.059 0.055 0.055 0.063 0.063 0.063 0.061 0.061 0.075 0.075
0.1085 0.116 0.116 0.0995 0.0995 0.0995 0.1005 0.1005 0.099 0.099 0.0936 0.0936 0.1025 0.1025 0.1025 0.1055 0.1055 0.117 0.117 0.103 0.103 0.103 0.1035 0.1035 0.1055 0.1055 0.093 0.093 0.093 0.092 0.092 0.0775 0.0775 0.083 0.083 0.083 0.0815 0.0815 0.068 0.068 0.0645 0.0645 0.0645 0.0585 0.0585 0.0475 0.0475 0.0291 0.0291 0.0546 0.0546 0.0546 0.0471 0.0471 0.0615 0.0615 0.0655 0.0655 0.0655 0.0635 0.0635 0.0635 0.0635 0.063 0.063 0.063 0.0605 0.0605 0.0566 0.0566 0.0605 0.0605 0.0605 0.0546 0.0546 0.07250001 0.07250001
0.1085 0.116 0.116 0.0995 0.0995 0.0995 0.1005 0.1005 0.099 0.099 0.0936 0.0936 0.1025 0.1025 0.1025 0.1055 0.1055 0.117 0.117 0.103 0.103 0.103 0.1035 0.1035 0.1055 0.1055 0.093 0.093 0.093 0.092 0.092 0.0775 0.0775 0.083 0.083 0.083 0.0815 0.0815 0.068 0.068 0.0645 0.0645 0.0645 0.0585 0.0585 0.0475 0.0475 0.0291 0.0291 0.0546 0.0546 0.0546 0.0471 0.0471 0.0615 0.0615 0.0655 0.0655 0.0655 0.0635 0.0635 0.0635 0.0635 0.063 0.063 0.063 0.0605 0.0605 0.0566 0.0566 0.0605 0.0605 0.0605 0.0546 0.0546 0.07250001 0.07250001
0.105 0.0895 0.0895 0.092 0.092 0.092 0.0915 0.0915 0.0885 0.0885 0.095 0.095 0.098 0.098 0.098 0.094 0.094 0.094 0.094 0.09450001 0.09450001 0.09450001 0.0915 0.0915 0.097 0.097 0.0875 0.0875 0.0875 0.0785 0.0785 0.087 0.087 0.07600001 0.07600001 0.07600001 0.0645 0.0645 0.065 0.065 0.0715 0.0715 0.0715 0.0785 0.0785 0.079 0.079 0.077 0.077 0.075 0.075 0.075 0.0675 0.0675 0.064 0.064 0.063 0.063 0.063 0.0605 0.0605 0.059 0.059 0.0571 0.0571 0.0571 0.0656 0.0656 0.0531 0.0531 0.0541 0.0541 0.0541 0.0645 0.0645 0.0705 0.0705
0.105 0.0895 0.0895 0.092 0.092 0.092 0.0915 0.0915 0.0885 0.0885 0.095 0.095 0.098 0.098 0.098 0.094 0.094 0.094 0.094 0.09450001 0.09450001 0.09450001 0.0915 0.0915 0.097 0.097 0.0875 0.0875 0.0875 0.0785 0.0785 0.087 0.087 0.07600001 0.07600001 0.07600001 0.0645 0.0645 0.065 0.065 0.0715 0.0715 0.0715 0.0785 0.0785 0.079 0.079 0.077 0.077 0.075 0.075 0.075 0.0675 0.0675 0.064 0.064 0.063 0.063 0.063 0.0605 0.0605 0.059 0.059 0.0571 0.0571 0.0571 0.0656 0.0656 0.0531 0.0531 0.0541 0.0541 0.0541 0.0645 0.0645 0.0705 0.0705
0.105 0.0895 0.0895 0.092 0.092 0.092 0.0915 0.0915 0.0885 0.0885 0.095 0.095 0.098 0.098 0.098 0.094 0.094 0.094 0.094 0.09450001 0.09450001 0.09450001 0.0915 0.0915 0.097 0.097 0.0875 0.0875 0.0875 0.0785 0.0785 0.087 0.087 0.07600001 0.07600001 0.07600001 0.0645 0.0645 0.065 0.065 0.0715 0.0715 0.0715 0.0785 0.0785 0.079 0.079 0.077 0.077 0.075 0.075 0.075 0.0675 0.0675 0.064 0.064 0.063 0.063 0.063 0.0605 0.0605 0.059 0.059 0.0571 0.0571 0.0571 0.0656 0.0656 0.0531 0.0531 0.0541 0.0541 0.0541 0.0645 0.0645 0.0705 0.0705
0.102 0.133 0.133 0.0845 0.0845 0.0845 0.0815 0.0815 0.072 0.072 0.09450001 0.09450001 0.09 0.09 0.09 0.0916 0.0916 0.0995 0.0995 0.0985 0.0985 0.0985 0.0935 0.0935 0.102 0.102 0.0895 0.0895 0.0895 0.092 0.092 0.075 0.075 0.0865 0.0865 0.0865 0.106 0.106 0.1015 0.1015 0.0855 0.0855 0.0855 0.0785 0.0785 0.0775 0.0775 0.0755 0.0755 0.068 0.068 0.068 0.069 0.069 0.068 0.068 0.067 0.067 0.067 0.0655 0.0655 0.0685 0.0685 0.06 0.06 0.06 0.0596 0.0596 0.0665 0.0665 0.065 0.065 0.065 0.0675 0.0675 0.07 0.07
0.102 0.133 0.133 0.0845 0.0845 0.0845 0.0815 0.0815 0.072 0.072 0.09450001 0.09450001 0.09 0.09 0.09 0.0916 0.0916 0.0995 0.0995 0.0985 0.0985 0.0985 0.0935 0.0935 0.102 0.102 0.0895 0.0895 0.0895 0.092 0.092 0.075 0.075 0.0865 0.0865 0.0865 0.106 0.106 0.1015 0.1015 0.0855 0.0855 0.0855 0.0785 0.0785 0.0775 0.0775 0.0755 0.0755 0.068 0.068 0.068 0.069 0.069 0.068 0.068 0.067 0.067 0.067 0.0655 0.0655 0.0685 0.0685 0.06 0.06 0.06 0.0596 0.0596 0.0665 0.0665 0.065 0.065 0.065 0.0675 0.0675 0.07 0.07
0.088 0.0885 0.0885 0.089 0.089 0.089 0.089 0.089 0.08 0.08 0.085 0.085 0.1145 0.1145 0.1145 0.1015 0.1015 0.1115 0.1115 0.155 0.155 0.155 0.121 0.121 0.1165 0.1165 0.1235 0.1235 0.1235 0.1225 0.1225 0.097 0.097 0.119 0.119 0.119 0.115 0.115 0.091 0.091 0.0785 0.0785 0.0785 0.077 0.077 0.0755 0.0755 0.073 0.073 0.067 0.067 0.067 0.066 0.066 0.0655 0.0655 0.066 0.066 0.066 0.0675 0.0675 0.0735 0.0735 0.07250001 0.07250001 0.07250001 0.068 0.068 0.0705 0.0705 0.069 0.069 0.069 0.0685 0.0685 0.0551 0.0551
0.088 0.0885 0.0885 0.089 0.089 0.089 0.089 0.089 0.08 0.08 0.085 0.085 0.1145 0.1145 0.1145 0.1015 0.1015 0.1115 0.1115 0.155 0.155 0.155 0.121 0.121 0.1165 0.1165 0.1235 0.1235 0.1235 0.1225 0.1225 0.097 0.097 0.119 0.119 0.119 0.115 0.115 0.091 0.091 0.0785 0.0785 0.0785 0.077 0.077 0.0755 0.0755 0.073 0.073 0.067 0.067 0.067 0.066 0.066 0.0655 0.0655 0.066 0.066 0.066 0.0675 0.0675 0.0735 0.0735 0.07250001 0.07250001 0.07250001 0.068 0.068 0.0705 0.0705 0.069 0.069 0.069 0.0685 0.0685 0.0551 0.0551
0.0885 0.096 0.096 0.1065 0.1065 0.1065 0.1185 0.1185 0.141 0.141 0.127 0.127 0.121 0.121 0.121 0.142 0.142 0.15 0.15 0.154 0.154 0.154 0.1305 0.1305 0.1225 0.1225 0.1155 0.1155 0.1155 0.1315 0.1315 0.1305 0.1305 0.112 0.112 0.112 0.102 0.102 0.087 0.087 0.0815 0.0815 0.0815 0.079 0.079 0.081 0.081 0.076 0.076 0.078 0.078 0.078 0.072 0.072 0.06550001 0.06550001 0.0675 0.0675 0.0675 0.0705 0.0705 0.0685 0.0685 0.0715 0.0715 0.0715 0.07449999 0.07449999 0.0715 0.0715 0.0685 0.0685 0.0685 0.0665 0.0665 0.064 0.064
0.0885 0.096 0.096 0.1065 0.1065 0.1065 0.1185 0.1185 0.141 0.141 0.127 0.127 0.121 0.121 0.121 0.142 0.142 0.15 0.15 0.154 0.154 0.154 0.1305 0.1305 0.1225 0.1225 0.1155 0.1155 0.1155 0.1315 0.1315 0.1305 0.1305 0.112 0.112 0.112 0.102 0.102 0.087 0.087 0.0815 0.0815 0.0815 0.079 0.079 0.081 0.081 0.076 0.076 0.078 0.078 0.078 0.072 0.072 0.06550001 0.06550001 0.0675 0.0675 0.0675 0.0705 0.0705 0.0685 0.0685 0.0715 0.0715 0.0715 0.07449999 0.07449999 0.0715 0.0715 0.0685 0.0685 0.0685 0.0665 0.0665 0.064 0.064
0.0885 0.096 0.096 0.1065 0.1065 0.1065 0.1185 0.1185 0.141 0.141 0.127 0.127 0.121 0.121 0.121 0.142 0.142 0.15 0.15 0.154 0.154 0.154 0.1305 0.1305 0.1225 0.1225 0.1155 0.1155 0.1155 0.1315 0.1315 0.1305 0.1305 0.112 0.112 0.112 0.102 0.102 0.087 0.087 0.0815 0.0815 0.0815 0.079 0.079 0.081 0.081 0.076 0.076 0.078 0.078 0.078 0.072 0.072 0.06550001 0.06550001 0.0675 0.0675 0.0675 0.0705 0.0705 0.0685 0.0685 0.0715 0.0715 0.0715 0.07449999 0.07449999 0.0715 0.0715 0.0685 0.0685 0.0685 0.0665 0.0665 0.064 0.064
0.0945 0.1075 0.1075 0.1445 0.1445 0.1445 0.1465 0.1465 0.1315 0.1315 0.1365 0.1365 0.153 0.153 0.153 0.166 0.166 0.1685 0.1685 0.161 0.161 0.161 0.1545 0.1545 0.132 0.132 0.1205 0.1205 0.1205 0.132 0.132 0.121 0.121 0.1125 0.1125 0.1125 0.0985 0.0985 0.0855 0.0855 0.0815 0.0815 0.0815 0.081 0.081 0.0825 0.0825 0.0855 0.0855 0.0825 0.0825 0.0825 0.0785 0.0785 0.0745 0.0745 0.0695 0.0695 0.0695 0.0695 0.0695 0.0785 0.0785 0.0775 0.0775 0.0775 0.075 0.075 0.0805 0.0805 0.0835 0.0835 0.0835 0.085 0.085 0.0715 0.0715
0.0945 0.1075 0.1075 0.1445 0.1445 0.1445 0.1465 0.1465 0.1315 0.1315 0.1365 0.1365 0.153 0.153 0.153 0.166 0.166 0.1685 0.1685 0.161 0.161 0.161 0.1545 0.1545 0.132 0.132 0.1205 0.1205 0.1205 0.132 0.132 0.121 0.121 0.1125 0.1125 0.1125 0.0985 0.0985 0.0855 0.0855 0.0815 0.0815 0.0815 0.081 0.081 0.0825 0.0825 0.0855 0.0855 0.0825 0.0825 0.0825 0.0785 0.0785 0.0745 0.0745 0.0695 0.0695 0.0695 0.0695 0.0695 0.0785 0.0785 0.0775 0.0775 0.0775 0.075 0.075 0.0805 0.0805 0.0835 0.0835 0.0835 0.085 0.085 0.0715 0.0715
0.1 0.122 0.122 0.138 0.138 0.138 0.1475 0.1475 0.1135 0.1135 0.1415 0.1415 0.1455 0.1455 0.1455 0.1605 0.1605 0.176 0.176 0.1525 0.1525 0.1525 0.136 0.136 0.1285 0.1285 0.1215 0.1215 0.1215 0.1195 0.1195 0.105 0.105 0.0935 0.0935 0.0935 0.099 0.099 0.095 0.095 0.1055 0.1055 0.1055 0.096 0.096 0.0995 0.0995 0.1 0.1 0.0995 0.0995 0.0995 0.0875 0.0875 0.08 0.08 0.0815 0.0815 0.0815 0.08499999 0.08499999 0.083 0.083 0.084 0.084 0.084 0.09100001 0.09100001 0.0885 0.0885 0.086 0.086 0.086 0.0815 0.0815 0.075 0.075
0.1 0.122 0.122 0.138 0.138 0.138 0.1475 0.1475 0.1135 0.1135 0.1415 0.1415 0.1455 0.1455 0.1455 0.1605 0.1605 0.176 0.176 0.1525 0.1525 0.1525 0.136 0.136 0.1285 0.1285 0.1215 0.1215 0.1215 0.1195 0.1195 0.105 0.105 0.0935 0.0935 0.0935 0.099 0.099 0.095 0.095 0.1055 0.1055 0.1055 0.096 0.096 0.0995 0.0995 0.1 0.1 0.0995 0.0995 0.0995 0.0875 0.0875 0.08 0.08 0.0815 0.0815 0.0815 0.08499999 0.08499999 0.083 0.083 0.084 0.084 0.084 0.09100001 0.09100001 0.0885 0.0885 0.086 0.086 0.086 0.0815 0.0815 0.075 0.075
0.1365 0.1245 0.1245 0.1585 0.1585 0.1585 0.1585 0.1585 0.1355 0.1355 0.115 0.115 0.118 0.118 0.118 0.131 0.131 0.1205 0.1205 0.1255 0.1255 0.1255 0.123 0.123 0.107 0.107 0.1195 0.1195 0.1195 0.116 0.116 0.104 0.104 0.0955 0.0955 0.0955 0.104 0.104 0.1105 0.1105 0.1105 0.1105 0.1105 0.1045 0.1045 0.106 0.106 0.134 0.134 0.14 0.14 0.14 0.127 0.127 0.098 0.098 0.0915 0.0915 0.0915 0.0905 0.0905 0.09450001 0.09450001 0.09450001 0.09450001 0.09450001 0.1 0.1 0.09649999 0.09649999 0.1005 0.1005 0.1005 0.104 0.104 0.0895 0.0895
0.1365 0.1245 0.1245 0.1585 0.1585 0.1585 0.1585 0.1585 0.1355 0.1355 0.115 0.115 0.118 0.118 0.118 0.131 0.131 0.1205 0.1205 0.1255 0.1255 0.1255 0.123 0.123 0.107 0.107 0.1195 0.1195 0.1195 0.116 0.116 0.104 0.104 0.0955 0.0955 0.0955 0.104 0.104 0.1105 0.1105 0.1105 0.1105 0.1105 0.1045 0.1045 0.106 0.106 0.134 0.134 0.14 0.14 0.14 0.127 0.127 0.098 0.098 0.0915 0.0915 0.0915 0.0905 0.0905 0.09450001 0.09450001 0.09450001 0.09450001 0.09450001 0.1 0.1 0.09649999 0.09649999 0.1005 0.1005 0.1005 0.104 0.104 0.0895 0.0895
