ndvi/NOAA-265.asc
ncols         252
nrows         154
xllcorner     -18.017974
yllcorner     13.481982
cellsize      0.035948
NODATA_value  -9999
[rows 102 to 135 of 154, columns 154 to 230 of 252]
0.259 0.245 0.245 0.1985 0.1985 0.1985 0.243 0.243 0.2295 0.2295 0.2425 0.2425 0.2425 0.2425 0.2425 0.2755 0.2755 0.282 0.282 0.271 0.271 0.271 0.257 0.257 0.234 0.234 0.256 0.256 0.256 0.2365 0.2365 0.261 0.261 0.2725 0.2725 0.2725 0.236 0.236 0.2325 0.2325 0.2465 0.2465 0.2465 0.254 0.254 0.256 0.256 0.281 0.281 0.2825 0.2825 0.2825 0.2475 0.2475 0.2285 0.2285 0.2195 0.2195 0.2195 0.225 0.225 0.231 0.231 0.2315 0.2315 0.2315 0.2525 0.2525 0.2665 0.2665 0.2365 0.2365 0.2365 0.271 0.271 0.257 0.257
0.2585 0.2575 0.2575 0.275 0.275 0.275 0.2465 0.2465 0.242 0.242 0.265 0.265 0.2625 0.2625 0.2625 0.2555 0.2555 0.2575 0.2575 0.258 0.258 0.258 0.2445 0.2445 0.266 0.266 0.2595 0.2595 0.2595 0.2585 0.2585 0.256 0.256 0.243 0.243 0.243 0.244 0.244 0.24 0.24 0.2535 0.2535 0.2535 0.253 0.253 0.267 0.267 0.3675 0.3675 0.3095 0.3095 0.3095 0.3035 0.3035 0.248 0.248 0.247 0.247 0.247 0.2315 0.2315 0.2345 0.2345 0.2505 0.2505 0.2505 0.251 0.251 0.2525 0.2525 0.247 0.247 0.247 0.2705 0.2705 0.242 0.242
0.2585 0.2575 0.2575 0.275 0.275 0.275 0.2465 0.2465 0.242 0.242 0.265 0.265 0.2625 0.2625 0.2625 0.2555 0.2555 0.2575 0.2575 0.258 0.258 0.258 0.2445 0.2445 0.266 0.266 0.2595 0.2595 0.2595 0.2585 0.2585 0.256 0.256 0.243 0.243 0.243 0.244 0.244 0.24 0.24 0.2535 0.2535 0.2535 0.253 0.253 0.267 0.267 0.3675 0.3675 0.3095 0.3095 0.3095 0.3035 0.3035 0.248 0.248 0.247 0.247 0.247 0.2315 0.2315 0.2345 0.2345 0.2505 0.2505 0.2505 0.251 0.251 0.2525 0.2525 0.247 0.247 0.247 0.2705 0.2705 0.242 0.242
0.2585 0.2575 0.2575 0.275 0.275 0.275 0.2465 0.2465 0.242 0.242 0.265 0.265 0.2625 0.2625 0.2625 0.2555 0.2555 0.2575 0.2575 0.258 0.258 0.258 0.2445 0.2445 0.266 0.266 0.2595 0.2595 0.2595 0.2585 0.2585 0.256 0.256 0.243 0.243 0.243 0.244 0.244 0.24 0.24 0.2535 0.2535 0.2535 0.253 0.253 0.267 0.267 0.3675 0.3675 0.3095 0.3095 0.3095 0.3035 0.3035 0.248 0.248 0.247 0.247 0.247 0.2315 0.2315 0.2345 0.2345 0.2505 0.2505 0.2505 0.251 0.251 0.2525 0.2525 0.247 0.247 0.247 0.2705 0.2705 0.242 0.242
0.272 0.2625 0.2625 0.269 0.269 0.269 0.27 0.27 0.234 0.234 0.2635 0.2635 0.263 0.263 0.263 0.2815 0.2815 0.2955 0.2955 0.247 0.247 0.247 0.238 0.238 0.2305 0.2305 0.244 0.244 0.244 0.2715 0.2715 0.272 0.272 0.2645 0.2645 0.2645 0.304 0.304 0.2915 0.2915 0.334 0.334 0.334 0.2995 0.2995 0.294 0.294 0.29 0.29 0.283 0.283 0.283 0.359 0.359 0.4115 0.4115 0.291 0.291 0.291 0.258 0.258 0.27 0.27 0.294 0.294 0.294 0.2795 0.2795 0.257 0.257 0.264 0.264 0.264 0.2975 0.2975 0.288 0.288
0.272 0.2625 0.2625 0.269 0.269 0.269 0.27 0.27 0.234 0.234 0.2635 0.2635 0.263 0.263 0.263 0.2815 0.2815 0.2955 0.2955 0.247 0.247 0.247 0.238 0.238 0.2305 0.2305 0.244 0.244 0.244 0.2715 0.2715 0.272 0.272 0.2645 0.2645 0.2645 0.304 0.304 0.2915 0.2915 0.334 0.334 0.334 0.2995 0.2995 0.294 0.294 0.29 0.29 0.283 0.283 0.283 0.359 0.359 0.4115 0.4115 0.291 0.291 0.291 0.258 0.258 0.27 0.27 0.294 0.294 0.294 0.2795 0.2795 0.257 0.257 0.264 0.264 0.264 0.2975 0.2975 0.288 0.288
0.277 0.2955 0.2955 0.267 0.267 0.267 0.2565 0.2565 0.256 0.256 0.2625 0.2625 0.2405 0.2405 0.2405 0.2825 0.2825 0.2725 0.2725 0.2515 0.2515 0.2515 0.252 0.252 0.2445 0.2445 0.2605 0.2605 0.2605 0.2935 0.2935 0.2785 0.2785 0.299 0.299 0.299 0.321 0.321 0.337 0.337 0.31 0.31 0.31 0.256 0.256 0.272 0.272 0.2705 0.2705 0.28 0.28 0.28 0.2805 0.2805 0.39 0.39 0.4065 0.4065 0.4065 0.2885 0.2885 0.258 0.258 0.2955 0.2955 0.2955 0.307 0.307 0.3195 0.3195 0.2965 0.2965 0.2965 0.2985 0.2985 0.2995 0.2995
0.277 0.2955 0.2955 0.267 0.267 0.267 0.2565 0.2565 0.256 0.256 0.2625 0.2625 0.2405 0.2405 0.2405 0.2825 0.2825 0.2725 0.2725 0.2515 0.2515 0.2515 0.252 0.252 0.2445 0.2445 0.2605 0.2605 0.2605 0.2935 0.2935 0.2785 0.2785 0.299 0.299 0.299 0.321 0.321 0.337 0.337 0.31 0.31 0.31 0.256 0.256 0.272 0.272 0.2705 0.2705 0.28 0.28 0.28 0.2805 0.2805 0.39 0.39 0.4065 0.4065 0.4065 0.2885 0.2885 0.258 0.258 0.2955 0.2955 0.2955 0.307 0.307 0.3195 0.3195 0.2965 0.2965 0.2965 0.2985 0.2985 0.2995 0.2995
0.272 0.281 0.281 0.2985 0.2985 0.2985 0.266 0.266 0.252 0.252 0.256 0.256 0.261 0.261 0.261 0.2885 0.2885 0.287 0.287 0.2405 0.2405 0.2405 0.236 0.236 0.278 0.278 0.2715 0.2715 0.2715 0.273 0.273 0.3105 0.3105 0.3075 0.3075 0.3075 0.3025 0.3025 0.272 0.272 0.2935 0.2935 0.2935 0.2765 0.2765 0.28 0.28 0.2825 0.2825 0.25 0.25 0.25 0.2455 0.2455 0.2505 0.2505 0.27 0.27 0.27 0.2915 0.2915 0.255 0.255 0.281 0.281 0.281 0.307 0.307 0.303 0.303 0.304 0.304 0.304 0.3105 0.3105 0.3245 0.3245
0.272 0.281 0.281 0.2985 0.2985 0.2985 0.266 0.266 0.252 0.252 0.256 0.256 0.261 0.261 0.261 0.2885 0.2885 0.287 0.287 0.2405 0.2405 0.2405 0.236 0.236 0.278 0.278 0.2715 0.2715 0.2715 0.273 0.273 0.3105 0.3105 0.3075 0.3075 0.3075 0.3025 0.3025 0.272 0.272 0.2935 0.2935 0.2935 0.2765 0.2765 0.28 0.28 0.2825 0.2825 0.25 0.25 0.25 0.2455 0.2455 0.2505 0.2505 0.27 0.27 0.27 0.2915 0.2915 0.255 0.255 0.281 0.281 0.281 0.307 0.307 0.303 0.303 0.304 0.304 0.304 0.3105 0.3105 0.3245 0.3245
0.272 0.281 0.281 0.2985 0.2985 0.2985 0.266 0.266 0.252 0.252 0.256 0.256 0.261 0.261 0.261 0.2885 0.2885 0.287 0.287 0.2405 0.2405 0.2405 0.236 0.236 0.278 0.278 0.2715 0.2715 0.2715 0.273 0.273 0.3105 0.3105 0.3075 0.3075 0.3075 0.3025 0.3025 0.272 0.272 0.2935 0.2935 0.2935 0.2765 0.2765 0.28 0.28 0.2825 0.2825 0.25 0.25 0.25 0.2455 0.2455 0.2505 0.2505 0.27 0.27 0.27 0.2915 0.2915 0.255 0.255 0.281 0.281 0.281 0.307 0.307 0.303 0.303 0.304 0.304 0.304 0.3105 0.3105 0.3245 0.3245
0.2575 0.2615 0.2615 0.2895 0.2895 0.2895 0.2785 0.2785 0.2525 0.2525 0.2555 0.2555 0.307 0.307 0.307 0.3035 0.3035 0.258 0.258 0.255 0.255 0.255 0.279 0.279 0.2625 0.2625 0.2695 0.2695 0.2695 0.2855 0.2855 0.2935 0.2935 0.321 0.321 0.321 0.3065 0.3065 0.297 0.297 0.289 0.289 0.289 0.2985 0.2985 0.273 0.273 0.274 0.274 0.3045 0.3045 0.3045 0.2855 0.2855 0.2795 0.2795 0.3045 0.3045 0.3045 0.3055 0.3055 0.2945 0.2945 0.289 0.289 0.289 0.2825 0.2825 0.262 0.262 0.287 0.287 0.287 0.314 0.314 0.296 0.296
0.2575 0.2615 0.2615 0.2895 0.2895 0.2895 0.2785 0.2785 0.2525 0.2525 0.2555 0.2555 0.307 0.307 0.307 0.3035 0.3035 0.258 0.258 0.255 0.255 0.255 0.279 0.279 0.2625 0.2625 0.2695 0.2695 0.2695 0.2855 0.2855 0.2935 0.2935 0.321 0.321 0.321 0.3065 0.3065 0.297 0.297 0.289 0.289 0.289 0.2985 0.2985 0.273 0.273 0.274 0.274 0.3045 0.3045 0.3045 0.2855 0.2855 0.2795 0.2795 0.3045 0.3045 0.3045 0.3055 0.3055 0.2945 0.2945 0.289 0.289 0.289 0.2825 0.2825 0.262 0.262 0.287 0.287 0.287 0.314 0.314 0.296 0.296
0.292 0.276 0.276 0.2605 0.2605 0.2605 0.2805 0.2805 0.2745 0.2745 0.306 0.306 0.279 0.279 0.279 0.273 0.273 0.2765 0.2765 0.263 0.263 0.263 0.2785 0.2785 0.2715 0.2715 0.2815 0.2815 0.2815 0.3005 0.3005 0.2995 0.2995 0.3085 0.3085 0.3085 0.3045 0.3045 0.264 0.264 0.26 0.26 0.26 0.2755 0.2755 0.2665 0.2665 0.2545 0.2545 0.2955 0.2955 0.2955 0.3015 0.3015 0.3035 0.3035 0.3115 0.3115 0.3115 0.338 0.338 0.309 0.309 0.3035 0.3035 0.3035 0.299 0.299 0.287 0.287 0.2675 0.2675 0.2675 0.2825 0.2825 0.2945 0.2945
0.292 0.276 0.276 0.2605 0.2605 0.2605 0.2805 0.2805 0.2745 0.2745 0.306 0.306 0.279 0.279 0.279 0.273 0.273 0.2765 0.2765 0.263 0.263 0.263 0.2785 0.2785 0.2715 0.2715 0.2815 0.2815 0.2815 0.3005 0.3005 0.2995 0.2995 0.3085 0.3085 0.3085 0.3045 0.3045 0.264 0.264 0.26 0.26 0.26 0.2755 0.2755 0.2665 0.2665 0.2545 0.2545 0.2955 0.2955 0.2955 0.3015 0.3015 0.3035 0.3035 0.3115 0.3115 0.3115 0.338 0.338 0.309 0.309 0.3035 0.3035 0.3035 0.299 0.299 0.287 0.287 0.2675 0.2675 0.2675 0.2825 0.2825 0.2945 0.2945
0.2805 0.275 0.275 0.289 0.289 0.289 0.2765 0.2765 0.266 0.266 0.2995 0.2995 0.303 0.303 0.303 0.3005 0.3005 0.2875 0.2875 0.274 0.274 0.274 0.267 0.267 0.275 0.275 0.2865 0.2865 0.2865 0.289 0.289 0.2965 0.2965 0.2625 0.2625 0.2625 0.256 0.256 0.2555 0.2555 0.3575 0.3575 0.3575 0.3355 0.3355 0.3485 0.3485 0.34 0.34 0.3115 0.3115 0.3115 0.3155 0.3155 0.3345 0.3345 0.3055 0.3055 0.3055 0.3195 0.3195 0.3405 0.3405 0.323 0.323 0.323 0.303 0.303 0.2675 0.2675 0.3045 0.3045 0.3045 0.293 0.293 0.3135 0.3135
0.2805 0.275 0.275 0.289 0.289 0.289 0.2765 0.2765 0.266 0.266 0.2995 0.2995 0.303 0.303 0.303 0.3005 0.3005 0.2875 0.2875 0.274 0.274 0.274 0.267 0.267 0.275 0.275 0.2865 0.2865 0.2865 0.289 0.289 0.2965 0.2965 0.2625 0.2625 0.2625 0.256 0.256 0.2555 0.2555 0.3575 0.3575 0.3575 0.3355 0.3355 0.3485 0.3485 0.34 0.34 0.3115 0.3115 0.3115 0.3155 0.3155 0.3345 0.3345 0.3055 0.3055 0.3055 0.3195 0.3195 0.3405 0.3405 0.323 0.323 0.323 0.303 0.303 0.2675 0.2675 0.3045 0.3045 0.3045 0.293 0.293 0.3135 0.3135
0.2805 0.275 0.275 0.289 0.289 0.289 0.2765 0.2765 0.266 0.266 0.2995 0.2995 0.303 0.303 0.303 0.3005 0.3005 0.2875 0.2875 0.274 0.274 0.274 0.267 0.267 0.275 0.275 0.2865 0.2865 0.2865 0.289 0.289 0.2965 0.2965 0.2625 0.2625 0.2625 0.256 0.256 0.2555 0.2555 0.3575 0.3575 0.3575 0.3355 0.3355 0.3485 0.3485 0.34 0.34 0.3115 0.3115 0.3115 0.3155 0.3155 0.3345 0.3345 0.3055 0.3055 0.3055 0.3195 0.3195 0.3405 0.3405 0.323 0.323 0.323 0.303 0.303 0.2675 0.2675 0.3045 0.3045 0.3045 0.293 0.293 0.3135 0.3135
0.2985 0.282 0.282 0.2815 0.2815 0.2815 0.2905 0.2905 0.272 0.272 0.3055 0.3055 0.31 0.31 0.31 0.3015 0.3015 0.318 0.318 0.32 0.32 0.32 0.306 0.306 0.289 0.289 0.2775 0.2775 0.2775 0.2805 0.2805 0.2715 0.2715 0.3375 0.3375 0.3375 0.3285 0.3285 0.311 0.311 0.347 0.347 0.347 0.4355 0.4355 0.3325 0.3325 0.3155 0.3155 0.317 0.317 0.317 0.329 0.329 0.3385 0.3385 0.329 0.329 0.329 0.321 0.321 0.3215 0.3215 0.3145 0.3145 0.3145 0.3165 0.3165 0.3265 0.3265 0.324 0.324 0.324 0.303 0.303 0.2955 0.2955
0.2985 0.282 0.282 0.2815 0.2815 0.2815 0.2905 0.2905 0.272 0.272 0.3055 0.3055 0.31 0.31 0.31 0.3015 0.3015 0.318 0.318 0.32 0.32 0.32 0.306 0.306 0.289 0.289 0.2775 0.2775 0.2775 0.2805 0.2805 0.2715 0.2715 0.3375 0.3375 0.3375 0.3285 0.3285 0.311 0.311 0.347 0.347 0.347 0.4355 0.4355 0.3325 0.3325 0.3155 0.3155 0.317 0.317 0.317 0.329 0.329 0.3385 0.3385 0.329 0.329 0.329 0.321 0.321 0.3215 0.3215 0.3145 0.3145 0.3145 0.3165 0.3165 0.3265 0.3265 0.324 0.324 0.324 0.303 0.303 0.2955 0.2955
0.2925 0.2925 0.2925 0.28 0.28 0.28 0.2895 0.2895 0.3455 0.3455 0.3035 0.3035 0.308 0.308 0.308 0.312 0.312 0.327 0.327 0.3335 0.3335 0.3335 0.3215 0.3215 0.3205 0.3205 0.2825 0.2825 0.2825 0.3075 0.3075 0.2495 0.2495 0.3435 0.3435 0.3435 0.29 0.29 0.2705 0.2705 0.2475 0.2475 0.2475 0.3275 0.3275 0.318 0.318 0.332 0.332 0.3445 0.3445 0.3445 0.3185 0.3185 0.3285 0.3285 0.308 0.308 0.308 0.3195 0.3195 0.323 0.323 0.3195 0.3195 0.3195 0.3055 0.3055 0.348 0.348 0.3485 0.3485 0.3485 0.3335 0.3335 0.351 0.351
0.2925 0.2925 0.2925 0.28 0.28 0.28 0.2895 0.2895 0.3455 0.3455 0.3035 0.3035 0.308 0.308 0.308 0.312 0.312 0.327 0.327 0.3335 0.3335 0.3335 0.3215 0.3215 0.3205 0.3205 0.2825 0.2825 0.2825 0.3075 0.3075 0.2495 0.2495 0.3435 0.3435 0.3435 0.29 0.29 0.2705 0.2705 0.2475 0.2475 0.2475 0.3275 0.3275 0.318 0.318 0.332 0.332 0.3445 0.3445 0.3445 0.3185 0.3185 0.3285 0.3285 0.308 0.308 0.308 0.3195 0.3195 0.323 0.323 0.3195 0.3195 0.3195 0.3055 0.3055 0.348 0.348 0.3485 0.3485 0.3485 0.3335 0.3335 0.351 0.351
0.306 0.324 0.324 0.3225 0.3225 0.3225 0.3035 0.3035 0.309 0.309 0.308 0.308 0.3125 0.3125 0.3125 0.318 0.318 0.3335 0.3335 0.34 0.34 0.34 0.32 0.32 0.314 0.314 0.2985 0.2985 0.2985 0.279 0.279 0.3255 0.3255 0.297 0.297 0.297 0.249 0.249 0.2965 0.2965 0.289 0.289 0.289 0.247 0.247 0.3035 0.3035 0.3265 0.3265 0.329 0.329 0.329 0.3415 0.3415 0.3165 0.3165 0.321 0.321 0.321 0.339 0.339 0.3305 0.3305 0.3235 0.3235 0.3235 0.3135 0.3135 0.329 0.329 0.34 0.34 0.34 0.3235 0.3235 0.3025 0.3025
0.306 0.324 0.324 0.3225 0.3225 0.3225 0.3035 0.3035 0.309 0.309 0.308 0.308 0.3125 0.3125 0.3125 0.318 0.318 0.3335 0.3335 0.34 0.34 0.34 0.32 0.32 0.314 0.314 0.2985 0.2985 0.2985 0.279 0.279 0.3255 0.3255 0.297 0.297 0.297 0.249 0.249 0.2965 0.2965 0.289 0.289 0.289 0.247 0.247 0.3035 0.3035 0.3265 0.3265 0.329 0.329 0.329 0.3415 0.3415 0.3165 0.3165 0.321 0.321 0.321 0.339 0.339 0.3305 0.3305 0.3235 0.3235 0.3235 0.3135 0.3135 0.329 0.329 0.34 0.34 0.34 0.3235 0.3235 0.3025 0.3025
0.31 0.34 0.34 0.3055 0.3055 0.3055 0.3235 0.3235 0.3225 0.3225 0.3335 0.3335 0.344 0.344 0.344 0.341 0.341 0.331 0.331 0.317 0.317 0.317 0.312 0.312 0.3015 0.3015 0.32 0.32 0.32 0.3075 0.3075 0.3175 0.3175 0.295 0.295 0.295 0.295 0.295 0.296 0.296 0.2815 0.2815 0.2815 0.303 0.303 0.3335 0.3335 0.335 0.335 0.34 0.34 0.34 0.3415 0.3415 0.309 0.309 0.3185 0.3185 0.3185 0.3075 0.3075 0.334 0.334 0.327 0.327 0.327 0.3425 0.3425 0.3575 0.3575 0.3305 0.3305 0.3305 0.3185 0.3185 0.3095 0.3095
0.31 0.34 0.34 0.3055 0.3055 0.3055 0.3235 0.3235 0.3225 0.3225 0.3335 0.3335 0.344 0.344 0.344 0.341 0.341 0.331 0.331 0.317 0.317 0.317 0.312 0.312 0.3015 0.3015 0.32 0.32 0.32 0.3075 0.3075 0.3175 0.3175 0.295 0.295 0.295 0.295 0.295 0.296 0.296 0.2815 0.2815 0.2815 0.303 0.303 0.3335 0.3335 0.335 0.335 0.34 0.34 0.34 0.3415 0.3415 0.309 0.309 0.3185 0.3185 0.3185 0.3075 0.3075 0.334 0.334 0.327 0.327 0.327 0.3425 0.3425 0.3575 0.3575 0.3305 0.3305 0.3305 0.3185 0.3185 0.3095 0.3095
0.31 0.34 0.34 0.3055 0.3055 0.3055 0.3235 0.3235 0.3225 0.3225 0.3335 0.3335 0.344 0.344 0.344 0.341 0.341 0.331 0.331 0.317 0.317 0.317 0.312 0.312 0.3015 0.3015 0.32 0.32 0.32 0.3075 0.3075 0.3175 0.3175 0.295 0.295 0.295 0.295 0.295 0.296 0.296 0.2815 0.2815 0.2815 0.303 0.303 0.3335 0.3335 0.335 0.335 0.34 0.34 0.34 0.3415 0.3415 0.309 0.309 0.3185 0.3185 0.3185 0.3075 0.3075 0.334 0.334 0.327 0.327 0.327 0.3425 0.3425 0.3575 0.3575 0.3305 0.3305 0.3305 0.3185 0.3185 0.3095 0.3095
0.308 0.3255 0.3255 0.3075 0.3075 0.3075 0.3 0.3 0.3275 0.3275 0.346 0.346 0.368 0.368 0.368 0.305 0.305 0.316 0.316 0.3185 0.3185 0.3185 0.3045 0.3045 0.332 0.332 0.34 0.34 0.34 0.3235 0.3235 0.323 0.323 0.295 0.295 0.295 0.2905 0.2905 0.2985 0.2985 0.314 0.314 0.314 0.298 0.298 0.361 0.361 0.3725 0.3725 0.3455 0.3455 0.3455 0.336 0.336 0.321 0.321 0.3175 0.3175 0.3175 0.328 0.328 0.3715 0.3715 0.391 0.391 0.391 0.32 0.32 0.3475 0.3475 0.3175 0.3175 0.3175 0.3215 0.3215 0.308 0.308
0.308 0.3255 0.3255 0.3075 0.3075 0.3075 0.3 0.3 0.3275 0.3275 0.346 0.346 0.368 0.368 0.368 0.305 0.305 0.316 0.316 0.3185 0.3185 0.3185 0.3045 0.3045 0.332 0.332 0.34 0.34 0.34 0.3235 0.3235 0.323 0.323 0.295 0.295 0.295 0.2905 0.2905 0.2985 0.2985 0.314 0.314 0.314 0.298 0.298 0.361 0.361 0.3725 0.3725 0.3455 0.3455 0.3455 0.336 0.336 0.321 0.321 0.3175 0.3175 0.3175 0.328 0.328 0.3715 0.3715 0.391 0.391 0.391 0.32 0.32 0.3475 0.3475 0.3175 0.3175 0.3175 0.3215 0.3215 0.308 0.308
0.3255 0.32 0.32 0.3145 0.3145 0.3145 0.303 0.303 0.3305 0.3305 0.323 0.323 0.3605 0.3605 0.3605 0.363 0.363 0.3435 0.3435 0.3195 0.3195 0.3195 0.3145 0.3145 0.3155 0.3155 0.328 0.328 0.328 0.3225 0.3225 0.32 0.32 0.307 0.307 0.307 0.297 0.297 0.306 0.306 0.294 0.294 0.294 0.3225 0.3225 0.3685 0.3685 0.341 0.341 0.3315 0.3315 0.3315 0.3665 0.3665 0.3605 0.3605 0.3515 0.3515 0.3515 0.3535 0.3535 0.3125 0.3125 0.349 0.349 0.349 0.351 0.351 0.3375 0.3375 0.326 0.326 0.326 0.3445 0.3445 0.3445 0.3445
0.3255 0.32 0.32 0.3145 0.3145 0.3145 0.303 0.303 0.3305 0.3305 0.323 0.323 0.3605 0.3605 0.3605 0.363 0.363 0.3435 0.3435 0.3195 0.3195 0.3195 0.3145 0.3145 0.3155 0.3155 0.328 0.328 0.328 0.3225 0.3225 0.32 0.32 0.307 0.307 0.307 0.297 0.297 0.306 0.306 0.294 0.294 0.294 0.3225 0.3225 0.3685 0.3685 0.341 0.341 0.3315 0.3315 0.3315 0.3665 0.3665 0.3605 0.3605 0.3515 0.3515 0.3515 0.3535 0.3535 0.3125 0.3125 0.349 0.349 0.349 0.351 0.351 0.3375 0.3375 0.326 0.326 0.326 0.3445 0.3445 0.3445 0.3445
0.319 0.306 0.306 0.319 0.319 0.319 0.3165 0.3165 0.3135 0.3135 0.3085 0.3085 0.315 0.315 0.315 0.3175 0.3175 0.3265 0.3265 0.321 0.321 0.321 0.323 0.323 0.3165 0.3165 0.3185 0.3185 0.3185 0.3295 0.3295 0.315 0.315 0.3095 0.3095 0.3095 0.294 0.294 0.285 0.285 0.3105 0.3105 0.3105 0.358 0.358 0.33 0.33 0.346 0.346 0.3565 0.3565 0.3565 0.3645 0.3645 0.3695 0.3695 0.39 0.39 0.39 0.3975 0.3975 0.3645 0.3645 0.373 0.373 0.373 0.334 0.334 0.364 0.364 0.3205 0.3205 0.3205 0.333 0.333 0.346 0.346
0.319 0.306 0.306 0.319 0.319 0.319 0.3165 0.3165 0.3135 0.3135 0.3085 0.3085 0.315 0.315 0.315 0.3175 0.3175 0.3265 0.3265 0.321 0.321 0.321 0.323 0.323 0.3165 0.3165 0.3185 0.3185 0.3185 0.3295 0.3295 0.315 0.315 0.3095 0.3095 0.3095 0.294 0.294 0.285 0.285 0.3105 0.3105 0.3105 0.358 0.358 0.33 0.33 0.346 0.346 0.3565 0.3565 0.3565 0.3645 0.3645 0.3695 0.3695 0.39 0.39 0.39 0.3975 0.3975 0.3645 0.3645 0.373 0.373 0.373 0.334 0.334 0.364 0.364 0.3205 0.3205 0.3205 0.333 0.333 0.346 0.346
0.319 0.306 0.306 0.319 0.319 0.319 0.3165 0.3165 0.3135 0.3135 0.3085 0.3085 0.315 0.315 0.315 0.3175 0.3175 0.3265 0.3265 0.321 0.321 0.321 0.323 0.323 0.3165 0.3165 0.3185 0.3185 0.3185 0.3295 0.3295 0.315 0.315 0.3095 0.3095 0.3095 0.294 0.294 0.285 0.285 0.3105 0.3105 0.3105 0.358 0.358 0.33 0.33 0.346 0.346 0.3565 0.3565 0.3565 0.3645 0.3645 0.3695 0.3695 0.39 0.39 0.39 0.3975 0.3975 0.3645 0.3645 0.373 0.373 0.373 0.334 0.334 0.364 0.364 0.3205 0.3205 0.3205 0.333 0.333 0.346 0.346
