ndvi/NOAA-15.asc
ncols         252
nrows         154
xllcorner     -18.017974
yllcorner     13.481982
cellsize      0.035948
NODATA_value  -9999
[rows 105 to 139 of 154, columns 77 to 153 of 252]
0.229 0.229 0.2375 0.2375 0.24 0.24 0.2355 0.2355 0.2355 0.237 0.237 0.25 0.25 0.218 0.218 0.2185 0.2185 0.2185 0.222 0.222 0.216 0.216 0.217 0.217 0.217 0.2285 0.2285 0.2145 0.2145 0.227 0.227 0.227 0.2345 0.2345 0.2335 0.2335 0.2545 0.2545 0.2545 0.24 0.24 0.2395 0.2395 0.237 0.237 0.237 0.2455 0.2455 0.2565 0.2565 0.252 0.252 0.2615 0.2615 0.2615 0.23 0.23 0.2385 0.2385 0.2255 0.2255 0.2255 0.2435 0.2435 0.229 0.229 0.225 0.225 0.225 0.223 0.223 0.1925 0.1925 0.2135 0.2135 0.2135 0.201
0.2275 0.2275 0.2425 0.2425 0.2485 0.2485 0.25 0.25 0.25 0.2365 0.2365 0.2415 0.2415 0.239 0.239 0.225 0.225 0.225 0.2225 0.2225 0.239 0.239 0.2335 0.2335 0.2335 0.245 0.245 0.24 0.24 0.247 0.247 0.247 0.2455 0.2455 0.2325 0.2325 0.245 0.245 0.245 0.24 0.24 0.2315 0.2315 0.249 0.249 0.249 0.252 0.252 0.256 0.256 0.252 0.252 0.2575 0.2575 0.2575 0.2535 0.2535 0.229 0.229 0.24 0.24 0.24 0.2405 0.2405 0.238 0.238 0.226 0.226 0.226 0.2305 0.2305 0.203 0.203 0.228 0.228 0.228 0.225
0.2275 0.2275 0.2425 0.2425 0.2485 0.2485 0.25 0.25 0.25 0.2365 0.2365 0.2415 0.2415 0.239 0.239 0.225 0.225 0.225 0.2225 0.2225 0.239 0.239 0.2335 0.2335 0.2335 0.245 0.245 0.24 0.24 0.247 0.247 0.247 0.2455 0.2455 0.2325 0.2325 0.245 0.245 0.245 0.24 0.24 0.2315 0.2315 0.249 0.249 0.249 0.252 0.252 0.256 0.256 0.252 0.252 0.2575 0.2575 0.2575 0.2535 0.2535 0.229 0.229 0.24 0.24 0.24 0.2405 0.2405 0.238 0.238 0.226 0.226 0.226 0.2305 0.2305 0.203 0.203 0.228 0.228 0.228 0.225
0.2395 0.2395 0.2465 0.2465 0.247 0.247 0.224 0.224 0.224 0.221 0.221 0.2265 0.2265 0.2375 0.2375 0.233 0.233 0.233 0.2405 0.2405 0.2525 0.2525 0.2425 0.2425 0.2425 0.259 0.259 0.2545 0.2545 0.2465 0.2465 0.2465 0.25 0.25 0.243 0.243 0.228 0.228 0.228 0.2375 0.2375 0.2355 0.2355 0.239 0.239 0.239 0.234 0.234 0.2585 0.2585 0.256 0.256 0.259 0.259 0.259 0.257 0.257 0.2485 0.2485 0.253 0.253 0.253 0.261 0.261 0.257 0.257 0.2575 0.2575 0.2575 0.2295 0.2295 0.231 0.231 0.22 0.22 0.22 0.2345
0.2395 0.2395 0.2465 0.2465 0.247 0.247 0.224 0.224 0.224 0.221 0.221 0.2265 0.2265 0.2375 0.2375 0.233 0.233 0.233 0.2405 0.2405 0.2525 0.2525 0.2425 0.2425 0.2425 0.259 0.259 0.2545 0.2545 0.2465 0.2465 0.2465 0.25 0.25 0.243 0.243 0.228 0.228 0.228 0.2375 0.2375 0.2355 0.2355 0.239 0.239 0.239 0.234 0.234 0.2585 0.2585 0.256 0.256 0.259 0.259 0.259 0.257 0.257 0.2485 0.2485 0.253 0.253 0.253 0.261 0.261 0.257 0.257 0.2575 0.2575 0.2575 0.2295 0.2295 0.231 0.231 0.22 0.22 0.22 0.2345
0.245 0.245 0.246 0.246 0.2365 0.2365 0.2305 0.2305 0.2305 0.248 0.248 0.238 0.238 0.2565 0.2565 0.2515 0.2515 0.2515 0.2455 0.2455 0.2365 0.2365 0.239 0.239 0.239 0.2475 0.2475 0.2535 0.2535 0.253 0.253 0.253 0.255 0.255 0.255 0.255 0.2535 0.2535 0.2535 0.234 0.234 0.24 0.24 0.2245 0.2245 0.2245 0.2285 0.2285 0.25 0.25 0.2625 0.2625 0.2685 0.2685 0.2685 0.27 0.27 0.2595 0.2595 0.2575 0.2575 0.2575 0.2535 0.2535 0.254 0.254 0.2635 0.2635 0.2635 0.2635 0.2635 0.26 0.26 0.225 0.225 0.225 0.221
0.245 0.245 0.246 0.246 0.2365 0.2365 0.2305 0.2305 0.2305 0.248 0.248 0.238 0.238 0.2565 0.2565 0.2515 0.2515 0.2515 0.2455 0.2455 0.2365 0.2365 0.239 0.239 0.239 0.2475 0.2475 0.2535 0.2535 0.253 0.253 0.253 0.255 0.255 0.255 0.255 0.2535 0.2535 0.2535 0.234 0.234 0.24 0.24 0.2245 0.2245 0.2245 0.2285 0.2285 0.25 0.25 0.2625 0.2625 0.2685 0.2685 0.2685 0.27 0.27 0.2595 0.2595 0.2575 0.2575 0.2575 0.2535 0.2535 0.254 0.254 0.2635 0.2635 0.2635 0.2635 0.2635 0.26 0.26 0.225 0.225 0.225 0.221
0.245 0.245 0.246 0.246 0.2365 0.2365 0.2305 0.2305 0.2305 0.248 0.248 0.238 0.238 0.2565 0.2565 0.2515 0.2515 0.2515 0.2455 0.2455 0.2365 0.2365 0.239 0.239 0.239 0.2475 0.2475 0.2535 0.2535 0.253 0.253 0.253 0.255 0.255 0.255 0.255 0.2535 0.2535 0.2535 0.234 0.234 0.24 0.24 0.2245 0.2245 0.2245 0.2285 0.2285 0.25 0.25 0.2625 0.2625 0.2685 0.2685 0.2685 0.27 0.27 0.2595 0.2595 0.2575 0.2575 0.2575 0.2535 0.2535 0.254 0.254 0.2635 0.2635 0.2635 0.2635 0.2635 0.26 0.26 0.225 0.225 0.225 0.221
0.2525 0.2525 0.2705 0.2705 0.2785 0.2785 0.2775 0.2775 0.2775 0.267 0.267 0.256 0.256 0.234 0.234 0.251 0.251 0.251 0.2505 0.2505 0.2615 0.2615 0.2495 0.2495 0.2495 0.2535 0.2535 0.2545 0.2545 0.255 0.255 0.255 0.259 0.259 0.255 0.255 0.2565 0.2565 0.2565 0.2665 0.2665 0.241 0.241 0.267 0.267 0.267 0.261 0.261 0.26 0.26 0.2575 0.2575 0.2595 0.2595 0.2595 0.252 0.252 0.253 0.253 0.253 0.253 0.253 0.2485 0.2485 0.2565 0.2565 0.258 0.258 0.258 0.252 0.252 0.2545 0.2545 0.2455 0.2455 0.2455 0.1935
0.2525 0.2525 0.2705 0.2705 0.2785 0.2785 0.2775 0.2775 0.2775 0.267 0.267 0.256 0.256 0.234 0.234 0.251 0.251 0.251 0.2505 0.2505 0.2615 0.2615 0.2495 0.2495 0.2495 0.2535 0.2535 0.2545 0.2545 0.255 0.255 0.255 0.259 0.259 0.255 0.255 0.2565 0.2565 0.2565 0.2665 0.2665 0.241 0.241 0.267 0.267 0.267 0.261 0.261 0.26 0.26 0.2575 0.2575 0.2595 0.2595 0.2595 0.252 0.252 0.253 0.253 0.253 0.253 0.253 0.2485 0.2485 0.2565 0.2565 0.258 0.258 0.258 0.252 0.252 0.2545 0.2545 0.2455 0.2455 0.2455 0.1935
0.2635 0.2635 0.2605 0.2605 0.2385 0.2385 0.2645 0.2645 0.2645 0.236 0.236 0.237 0.237 0.243 0.243 0.256 0.256 0.256 0.2545 0.2545 0.249 0.249 0.258 0.258 0.258 0.252 0.252 0.2545 0.2545 0.257 0.257 0.257 0.254 0.254 0.251 0.251 0.261 0.261 0.261 0.2475 0.2475 0.259 0.259 0.2635 0.2635 0.2635 0.255 0.255 0.259 0.259 0.2615 0.2615 0.267 0.267 0.267 0.2465 0.2465 0.264 0.264 0.269 0.269 0.269 0.2625 0.2625 0.252 0.252 0.255 0.255 0.255 0.2515 0.2515 0.2535 0.2535 0.245 0.245 0.245 0.207
0.2635 0.2635 0.2605 0.2605 0.2385 0.2385 0.2645 0.2645 0.2645 0.236 0.236 0.237 0.237 0.243 0.243 0.256 0.256 0.256 0.2545 0.2545 0.249 0.249 0.258 0.258 0.258 0.252 0.252 0.2545 0.2545 0.257 0.257 0.257 0.254 0.254 0.251 0.251 0.261 0.261 0.261 0.2475 0.2475 0.259 0.259 0.2635 0.2635 0.2635 0.255 0.255 0.259 0.259 0.2615 0.2615 0.267 0.267 0.267 0.2465 0.2465 0.264 0.264 0.269 0.269 0.269 0.2625 0.2625 0.252 0.252 0.255 0.255 0.255 0.2515 0.2515 0.2535 0.2535 0.245 0.245 0.245 0.207
0.252 0.252 0.246 0.246 0.238 0.238 0.2515 0.2515 0.2515 0.2485 0.2485 0.245 0.245 0.251 0.251 0.252 0.252 0.252 0.261 0.261 0.2395 0.2395 0.251 0.251 0.251 0.25 0.25 0.247 0.247 0.26 0.26 0.26 0.2545 0.2545 0.2605 0.2605 0.2545 0.2545 0.2545 0.254 0.254 0.2635 0.2635 0.262 0.262 0.262 0.262 0.262 0.2675 0.2675 0.276 0.276 0.261 0.261 0.261 0.2665 0.2665 0.262 0.262 0.27 0.27 0.27 0.266 0.266 0.26 0.26 0.258 0.258 0.258 0.2555 0.2555 0.2515 0.2515 0.2505 0.2505 0.2505 0.245
0.252 0.252 0.246 0.246 0.238 0.238 0.2515 0.2515 0.2515 0.2485 0.2485 0.245 0.245 0.251 0.251 0.252 0.252 0.252 0.261 0.261 0.2395 0.2395 0.251 0.251 0.251 0.25 0.25 0.247 0.247 0.26 0.26 0.26 0.2545 0.2545 0.2605 0.2605 0.2545 0.2545 0.2545 0.254 0.254 0.2635 0.2635 0.262 0.262 0.262 0.262 0.262 0.2675 0.2675 0.276 0.276 0.261 0.261 0.261 0.2665 0.2665 0.262 0.262 0.27 0.27 0.27 0.266 0.266 0.26 0.26 0.258 0.258 0.258 0.2555 0.2555 0.2515 0.2515 0.2505 0.2505 0.2505 0.245
0.252 0.252 0.246 0.246 0.238 0.238 0.2515 0.2515 0.2515 0.2485 0.2485 0.245 0.245 0.251 0.251 0.252 0.252 0.252 0.261 0.261 0.2395 0.2395 0.251 0.251 0.251 0.25 0.25 0.247 0.247 0.26 0.26 0.26 0.2545 0.2545 0.2605 0.2605 0.2545 0.2545 0.2545 0.254 0.254 0.2635 0.2635 0.262 0.262 0.262 0.262 0.262 0.2675 0.2675 0.276 0.276 0.261 0.261 0.261 0.2665 0.2665 0.262 0.262 0.27 0.27 0.27 0.266 0.266 0.26 0.26 0.258 0.258 0.258 0.2555 0.2555 0.2515 0.2515 0.2505 0.2505 0.2505 0.245
0.2545 0.2545 0.24 0.24 0.231 0.231 0.2355 0.2355 0.2355 0.2395 0.2395 0.246 0.246 0.258 0.258 0.2475 0.2475 0.2475 0.2605 0.2605 0.2475 0.2475 0.2455 0.2455 0.2455 0.2435 0.2435 0.239 0.239 0.2465 0.2465 0.2465 0.2595 0.2595 0.25 0.25 0.2575 0.2575 0.2575 0.258 0.258 0.2725 0.2725 0.2785 0.2785 0.2785 0.2665 0.2665 0.2595 0.2595 0.274 0.274 0.2685 0.2685 0.2685 0.258 0.258 0.2615 0.2615 0.2635 0.2635 0.2635 0.2715 0.2715 0.264 0.264 0.2555 0.2555 0.2555 0.241 0.241 0.2105 0.2105 0.2285 0.2285 0.2285 0.2395
0.2545 0.2545 0.24 0.24 0.231 0.231 0.2355 0.2355 0.2355 0.2395 0.2395 0.246 0.246 0.258 0.258 0.2475 0.2475 0.2475 0.2605 0.2605 0.2475 0.2475 0.2455 0.2455 0.2455 0.2435 0.2435 0.239 0.239 0.2465 0.2465 0.2465 0.2595 0.2595 0.25 0.25 0.2575 0.2575 0.2575 0.258 0.258 0.2725 0.2725 0.2785 0.2785 0.2785 0.2665 0.2665 0.2595 0.2595 0.274 0.274 0.2685 0.2685 0.2685 0.258 0.258 0.2615 0.2615 0.2635 0.2635 0.2635 0.2715 0.2715 0.264 0.264 0.2555 0.2555 0.2555 0.241 0.241 0.2105 0.2105 0.2285 0.2285 0.2285 0.2395
0.2485 0.2485 0.2225 0.2225 0.237 0.237 0.225 0.225 0.225 0.2585 0.2585 0.246 0.246 0.243 0.243 0.256 0.256 0.256 0.264 0.264 0.254 0.254 0.258 0.258 0.258 0.2505 0.2505 0.258 0.258 0.264 0.264 0.264 0.2635 0.2635 0.2535 0.2535 0.2465 0.2465 0.2465 0.2725 0.2725 0.2765 0.2765 0.272 0.272 0.272 0.273 0.273 0.272 0.272 0.271 0.271 0.2645 0.2645 0.2645 0.2425 0.2425 0.258 0.258 0.2685 0.2685 0.2685 0.2585 0.2585 0.2765 0.2765 0.2695 0.2695 0.2695 0.257 0.257 0.2385 0.2385 0.241 0.241 0.241 0.23
0.2485 0.2485 0.2225 0.2225 0.237 0.237 0.225 0.225 0.225 0.2585 0.2585 0.246 0.246 0.243 0.243 0.256 0.256 0.256 0.264 0.264 0.254 0.254 0.258 0.258 0.258 0.2505 0.2505 0.258 0.258 0.264 0.264 0.264 0.2635 0.2635 0.2535 0.2535 0.2465 0.2465 0.2465 0.2725 0.2725 0.2765 0.2765 0.272 0.272 0.272 0.273 0.273 0.272 0.272 0.271 0.271 0.2645 0.2645 0.2645 0.2425 0.2425 0.258 0.258 0.2685 0.2685 0.2685 0.2585 0.2585 0.2765 0.2765 0.2695 0.2695 0.2695 0.257 0.257 0.2385 0.2385 0.241 0.241 0.241 0.23
0.2595 0.2595 0.231 0.231 0.2265 0.2265 0.229 0.229 0.229 0.2385 0.2385 0.2495 0.2495 0.2475 0.2475 0.2495 0.2495 0.2495 0.256 0.256 0.252 0.252 0.2595 0.2595 0.2595 0.262 0.262 0.246 0.246 0.2565 0.2565 0.2565 0.2435 0.2435 0.2495 0.2495 0.254 0.254 0.254 0.278 0.278 0.271 0.271 0.2685 0.2685 0.2685 0.251 0.251 0.2775 0.2775 0.2705 0.2705 0.285 0.285 0.285 0.246 0.246 0.2675 0.2675 0.267 0.267 0.267 0.2615 0.2615 0.2555 0.2555 0.252 0.252 0.252 0.251 0.251 0.251 0.251 0.2435 0.2435 0.2435 0.266
0.2595 0.2595 0.231 0.231 0.2265 0.2265 0.229 0.229 0.229 0.2385 0.2385 0.2495 0.2495 0.2475 0.2475 0.2495 0.2495 0.2495 0.256 0.256 0.252 0.252 0.2595 0.2595 0.2595 0.262 0.262 0.246 0.246 0.2565 0.2565 0.2565 0.2435 0.2435 0.2495 0.2495 0.254 0.254 0.254 0.278 0.278 0.271 0.271 0.2685 0.2685 0.2685 0.251 0.251 0.2775 0.2775 0.2705 0.2705 0.285 0.285 0.285 0.246 0.246 0.2675 0.2675 0.267 0.267 0.267 0.2615 0.2615 0.2555 0.2555 0.252 0.252 0.252 0.251 0.251 0.251 0.251 0.2435 0.2435 0.2435 0.266
0.25 0.25 0.243 0.243 0.224 0.224 0.2365 0.2365 0.2365 0.2355 0.2355 0.2315 0.2315 0.235 0.235 0.248 0.248 0.248 0.235 0.235 0.249 0.249 0.2455 0.2455 0.2455 0.237 0.237 0.2465 0.2465 0.244 0.244 0.244 0.255 0.255 0.27 0.27 0.258 0.258 0.258 0.258 0.258 0.254 0.254 0.253 0.253 0.253 0.263 0.263 0.26 0.26 0.271 0.271 0.281 0.281 0.281 0.2655 0.2655 0.2595 0.2595 0.255 0.255 0.255 0.26 0.26 0.2475 0.2475 0.2455 0.2455 0.2455 0.2525 0.2525 0.2415 0.2415 0.2505 0.2505 0.2505 0.251
0.25 0.25 0.243 0.243 0.224 0.224 0.2365 0.2365 0.2365 0.2355 0.2355 0.2315 0.2315 0.235 0.235 0.248 0.248 0.248 0.235 0.235 0.249 0.249 0.2455 0.2455 0.2455 0.237 0.237 0.2465 0.2465 0.244 0.244 0.244 0.255 0.255 0.27 0.27 0.258 0.258 0.258 0.258 0.258 0.254 0.254 0.253 0.253 0.253 0.263 0.263 0.26 0.26 0.271 0.271 0.281 0.281 0.281 0.2655 0.2655 0.2595 0.2595 0.255 0.255 0.255 0.26 0.26 0.2475 0.2475 0.2455 0.2455 0.2455 0.2525 0.2525 0.2415 0.2415 0.2505 0.2505 0.2505 0.251
0.25 0.25 0.243 0.243 0.224 0.224 0.2365 0.2365 0.2365 0.2355 0.2355 0.2315 0.2315 0.235 0.235 0.248 0.248 0.248 0.235 0.235 0.249 0.249 0.2455 0.2455 0.2455 0.237 0.237 0.2465 0.2465 0.244 0.244 0.244 0.255 0.255 0.27 0.27 0.258 0.258 0.258 0.258 0.258 0.254 0.254 0.253 0.253 0.253 0.263 0.263 0.26 0.26 0.271 0.271 0.281 0.281 0.281 0.2655 0.2655 0.2595 0.2595 0.255 0.255 0.255 0.26 0.26 0.2475 0.2475 0.2455 0.2455 0.2455 0.2525 0.2525 0.2415 0.2415 0.2505 0.2505 0.2505 0.251
0.26 0.26 0.262 0.262 0.2675 0.2675 0.248 0.248 0.248 0.241 0.241 0.237 0.237 0.2465 0.2465 0.2405 0.2405 0.2405 0.2355 0.2355 0.255 0.255 0.262 0.262 0.262 0.253 0.253 0.259 0.259 0.26 0.26 0.26 0.2615 0.2615 0.249 0.249 0.25 0.25 0.25 0.264 0.264 0.271 0.271 0.2595 0.2595 0.2595 0.269 0.269 0.2695 0.2695 0.279 0.279 0.282 0.282 0.282 0.278 0.278 0.269 0.269 0.2745 0.2745 0.2745 0.271 0.271 0.251 0.251 0.2675 0.2675 0.2675 0.262 0.262 0.2505 0.2505 0.258 0.258 0.258 0.254
0.26 0.26 0.262 0.262 0.2675 0.2675 0.248 0.248 0.248 0.241 0.241 0.237 0.237 0.2465 0.2465 0.2405 0.2405 0.2405 0.2355 0.2355 0.255 0.255 0.262 0.262 0.262 0.253 0.253 0.259 0.259 0.26 0.26 0.26 0.2615 0.2615 0.249 0.249 0.25 0.25 0.25 0.264 0.264 0.271 0.271 0.2595 0.2595 0.2595 0.269 0.269 0.2695 0.2695 0.279 0.279 0.282 0.282 0.282 0.278 0.278 0.269 0.269 0.2745 0.2745 0.2745 0.271 0.271 0.251 0.251 0.2675 0.2675 0.2675 0.262 0.262 0.2505 0.2505 0.258 0.258 0.258 0.254
0.2715 0.2715 0.2695 0.2695 0.263 0.263 0.2755 0.2755 0.2755 0.264 0.264 0.2475 0.2475 0.2545 0.2545 0.262 0.262 0.262 0.263 0.263 0.2635 0.2635 0.2575 0.2575 0.2575 0.2655 0.2655 0.276 0.276 0.26 0.26 0.26 0.2555 0.2555 0.2655 0.2655 0.2565 0.2565 0.2565 0.265 0.265 0.2735 0.2735 0.2565 0.2565 0.2565 0.2815 0.2815 0.269 0.269 0.266 0.266 0.254 0.254 0.254 0.2655 0.2655 0.2735 0.2735 0.2705 0.2705 0.2705 0.2665 0.2665 0.263 0.263 0.247 0.247 0.247 0.268 0.268 0.259 0.259 0.257 0.257 0.257 0.2755
0.2715 0.2715 0.2695 0.2695 0.263 0.263 0.2755 0.2755 0.2755 0.264 0.264 0.2475 0.2475 0.2545 0.2545 0.262 0.262 0.262 0.263 0.263 0.2635 0.2635 0.2575 0.2575 0.2575 0.2655 0.2655 0.276 0.276 0.26 0.26 0.26 0.2555 0.2555 0.2655 0.2655 0.2565 0.2565 0.2565 0.265 0.265 0.2735 0.2735 0.2565 0.2565 0.2565 0.2815 0.2815 0.269 0.269 0.266 0.266 0.254 0.254 0.254 0.2655 0.2655 0.2735 0.2735 0.2705 0.2705 0.2705 0.2665 0.2665 0.263 0.263 0.247 0.247 0.247 0.268 0.268 0.259 0.259 0.257 0.257 0.257 0.2755
0.25 0.25 0.252 0.252 0.266 0.266 0.2495 0.2495 0.2495 0.2445 0.2445 0.248 0.248 0.257 0.257 0.2575 0.2575 0.2575 0.2625 0.2625 0.266 0.266 0.2785 0.2785 0.2785 0.262 0.262 0.262 0.262 0.2415 0.2415 0.2415 0.2605 0.2605 0.2735 0.2735 0.2685 0.2685 0.2685 0.275 0.275 0.276 0.276 0.2855 0.2855 0.2855 0.2875 0.2875 0.289 0.289 0.2885 0.2885 0.286 0.286 0.286 0.2805 0.2805 0.286 0.286 0.2815 0.2815 0.2815 0.276 0.276 0.2795 0.2795 0.274 0.274 0.274 0.2785 0.2785 0.2665 0.2665 0.2685 0.2685 0.2685 0.2775
0.25 0.25 0.252 0.252 0.266 0.266 0.2495 0.2495 0.2495 0.2445 0.2445 0.248 0.248 0.257 0.257 0.2575 0.2575 0.2575 0.2625 0.2625 0.266 0.266 0.2785 0.2785 0.2785 0.262 0.262 0.262 0.262 0.2415 0.2415 0.2415 0.2605 0.2605 0.2735 0.2735 0.2685 0.2685 0.2685 0.275 0.275 0.276 0.276 0.2855 0.2855 0.2855 0.2875 0.2875 0.289 0.289 0.2885 0.2885 0.286 0.286 0.286 0.2805 0.2805 0.286 0.286 0.2815 0.2815 0.2815 0.276 0.276 0.2795 0.2795 0.274 0.274 0.274 0.2785 0.2785 0.2665 0.2665 0.2685 0.2685 0.2685 0.2775
0.25 0.25 0.252 0.252 0.266 0.266 0.2495 0.2495 0.2495 0.2445 0.2445 0.248 0.248 0.257 0.257 0.2575 0.2575 0.2575 0.2625 0.2625 0.266 0.266 0.2785 0.2785 0.2785 0.262 0.262 0.262 0.262 0.2415 0.2415 0.2415 0.2605 0.2605 0.2735 0.2735 0.2685 0.2685 0.2685 0.275 0.275 0.276 0.276 0.2855 0.2855 0.2855 0.2875 0.2875 0.289 0.289 0.2885 0.2885 0.286 0.286 0.286 0.2805 0.2805 0.286 0.286 0.2815 0.2815 0.2815 0.276 0.276 0.2795 0.2795 0.274 0.274 0.274 0.2785 0.2785 0.2665 0.2665 0.2685 0.2685 0.2685 0.2775
0.24 0.24 0.241 0.241 0.2625 0.2625 0.267 0.267 0.267 0.245 0.245 0.2255 0.2255 0.243 0.243 0.2605 0.2605 0.2605 0.2695 0.2695 0.2655 0.2655 0.2705 0.2705 0.2705 0.264 0.264 0.27 0.27 0.2645 0.2645 0.2645 0.279 0.279 0.267 0.267 0.2695 0.2695 0.2695 0.2795 0.2795 0.286 0.286 0.2885 0.2885 0.2885 0.2825 0.2825 0.2825 0.2825 0.2805 0.2805 0.2895 0.2895 0.2895 0.304 0.304 0.293 0.293 0.2985 0.2985 0.2985 0.282 0.282 0.282 0.282 0.2715 0.2715 0.2715 0.2625 0.2625 0.273 0.273 0.272 0.272 0.272 0.2835
0.24 0.24 0.241 0.241 0.2625 0.2625 0.267 0.267 0.267 0.245 0.245 0.2255 0.2255 0.243 0.243 0.2605 0.2605 0.2605 0.2695 0.2695 0.2655 0.2655 0.2705 0.2705 0.2705 0.264 0.264 0.27 0.27 0.2645 0.2645 0.2645 0.279 0.279 0.267 0.267 0.2695 0.2695 0.2695 0.2795 0.2795 0.286 0.286 0.2885 0.2885 0.2885 0.2825 0.2825 0.2825 0.2825 0.2805 0.2805 0.2895 0.2895 0.2895 0.304 0.304 0.293 0.293 0.2985 0.2985 0.2985 0.282 0.282 0.282 0.282 0.2715 0.2715 0.2715 0.2625 0.2625 0.273 0.273 0.272 0.272 0.272 0.2835
0.25 0.25 0.2675 0.2675 0.2795 0.2795 0.2775 0.2775 0.2775 0.251 0.251 0.252 0.252 0.2585 0.2585 0.2655 0.2655 0.2655 0.2645 0.2645 0.2685 0.2685 0.269 0.269 0.269 0.272 0.272 0.2645 0.2645 0.2725 0.2725 0.2725 0.268 0.268 0.2655 0.2655 0.284 0.284 0.284 0.2805 0.2805 0.277 0.277 0.286 0.286 0.286 0.2885 0.2885 0.2845 0.2845 0.2885 0.2885 0.301 0.301 0.301 0.302 0.302 0.307 0.307 0.3255 0.3255 0.3255 0.312 0.312 0.2985 0.2985 0.3025 0.3025 0.3025 0.284 0.284 0.285 0.285 0.2765 0.2765 0.2765 0.2685
0.25 0.25 0.2675 0.2675 0.2795 0.2795 0.2775 0.2775 0.2775 0.251 0.251 0.252 0.252 0.2585 0.2585 0.2655 0.2655 0.2655 0.2645 0.2645 0.2685 0.2685 0.269 0.269 0.269 0.272 0.272 0.2645 0.2645 0.2725 0.2725 0.2725 0.268 0.268 0.2655 0.2655 0.284 0.284 0.284 0.2805 0.2805 0.277 0.277 0.286 0.286 0.286 0.2885 0.2885 0.2845 0.2845 0.2885 0.2885 0.301 0.301 0.301 0.302 0.302 0.307 0.307 0.3255 0.3255 0.3255 0.312 0.312 0.2985 0.2985 0.3025 0.3025 0.3025 0.284 0.284 0.285 0.285 0.2765 0.2765 0.2765 0.2685
