ndvi/NOAA-209.asc
ncols         252
nrows         154
xllcorner     -18.017974
yllcorner     13.481982
cellsize      0.035948
NODATA_value  -9999
[rows 102 to 135 of 154, columns 77 to 153 of 252]
0.2445 0.2445 0.253 0.253 0.265 0.265 0.2735 0.2735 0.2735 0.2505 0.2505 0.2395 0.2395 0.251 0.251 0.235 0.235 0.235 0.2595 0.2595 0.2565 0.2565 0.261 0.261 0.261 0.2745 0.2745 0.2725 0.2725 0.2685 0.2685 0.2685 0.29 0.29 0.2975 0.2975 0.2845 0.2845 0.2845 0.299 0.299 0.302 0.302 0.32 0.32 0.32 0.311 0.311 0.3205 0.3205 0.3095 0.3095 0.3145 0.3145 0.3145 0.289 0.289 0.272 0.272 0.277 0.277 0.277 0.289 0.289 0.2775 0.2775 0.2825 0.2825 0.2825 0.288 0.288 0.283 0.283 0.263 0.263 0.263 0.2535
0.248 0.248 0.265 0.265 0.2695 0.2695 0.2525 0.2525 0.2525 0.2455 0.2455 0.238 0.238 0.244 0.244 0.229 0.229 0.229 0.226 0.226 0.242 0.242 0.2615 0.2615 0.2615 0.277 0.277 0.2675 0.2675 0.289 0.289 0.289 0.293 0.293 0.302 0.302 0.2865 0.2865 0.2865 0.284 0.284 0.293 0.293 0.3175 0.3175 0.3175 0.3175 0.3175 0.337 0.337 0.3315 0.3315 0.3225 0.3225 0.3225 0.2945 0.2945 0.3085 0.3085 0.285 0.285 0.285 0.2915 0.2915 0.339 0.339 0.285 0.285 0.285 0.2605 0.2605 0.2695 0.2695 0.2735 0.2735 0.2735 0.26
0.248 0.248 0.265 0.265 0.2695 0.2695 0.2525 0.2525 0.2525 0.2455 0.2455 0.238 0.238 0.244 0.244 0.229 0.229 0.229 0.226 0.226 0.242 0.242 0.2615 0.2615 0.2615 0.277 0.277 0.2675 0.2675 0.289 0.289 0.289 0.293 0.293 0.302 0.302 0.2865 0.2865 0.2865 0.284 0.284 0.293 0.293 0.3175 0.3175 0.3175 0.3175 0.3175 0.337 0.337 0.3315 0.3315 0.3225 0.3225 0.3225 0.2945 0.2945 0.3085 0.3085 0.285 0.285 0.285 0.2915 0.2915 0.339 0.339 0.285 0.285 0.285 0.2605 0.2605 0.2695 0.2695 0.2735 0.2735 0.2735 0.26
0.248 0.248 0.265 0.265 0.2695 0.2695 0.2525 0.2525 0.2525 0.2455 0.2455 0.238 0.238 0.244 0.244 0.229 0.229 0.229 0.226 0.226 0.242 0.242 0.2615 0.2615 0.2615 0.277 0.277 0.2675 0.2675 0.289 0.289 0.289 0.293 0.293 0.302 0.302 0.2865 0.2865 0.2865 0.284 0.284 0.293 0.293 0.3175 0.3175 0.3175 0.3175 0.3175 0.337 0.337 0.3315 0.3315 0.3225 0.3225 0.3225 0.2945 0.2945 0.3085 0.3085 0.285 0.285 0.285 0.2915 0.2915 0.339 0.339 0.285 0.285 0.285 0.2605 0.2605 0.2695 0.2695 0.2735 0.2735 0.2735 0.26
0.24 0.24 0.2555 0.2555 0.268 0.268 0.2575 0.2575 0.2575 0.2375 0.2375 0.2545 0.2545 0.2485 0.2485 0.2495 0.2495 0.2495 0.237 0.237 0.2475 0.2475 0.259 0.259 0.259 0.276 0.276 0.2625 0.2625 0.2925 0.2925 0.2925 0.2955 0.2955 0.265 0.265 0.271 0.271 0.271 0.278 0.278 0.275 0.275 0.3005 0.3005 0.3005 0.298 0.298 0.3125 0.3125 0.308 0.308 0.3065 0.3065 0.3065 0.294 0.294 0.2955 0.2955 0.289 0.289 0.289 0.279 0.279 0.2955 0.2955 0.2965 0.2965 0.2965 0.267 0.267 0.2495 0.2495 0.266 0.266 0.266 0.2615
0.24 0.24 0.2555 0.2555 0.268 0.268 0.2575 0.2575 0.2575 0.2375 0.2375 0.2545 0.2545 0.2485 0.2485 0.2495 0.2495 0.2495 0.237 0.237 0.2475 0.2475 0.259 0.259 0.259 0.276 0.276 0.2625 0.2625 0.2925 0.2925 0.2925 0.2955 0.2955 0.265 0.265 0.271 0.271 0.271 0.278 0.278 0.275 0.275 0.3005 0.3005 0.3005 0.298 0.298 0.3125 0.3125 0.308 0.308 0.3065 0.3065 0.3065 0.294 0.294 0.2955 0.2955 0.289 0.289 0.289 0.279 0.279 0.2955 0.2955 0.2965 0.2965 0.2965 0.267 0.267 0.2495 0.2495 0.266 0.266 0.266 0.2615
0.253 0.253 0.2525 0.2525 0.2635 0.2635 0.2595 0.2595 0.2595 0.2685 0.2685 0.2645 0.2645 0.279 0.279 0.2725 0.2725 0.2725 0.2845 0.2845 0.27 0.27 0.288 0.288 0.288 0.2825 0.2825 0.275 0.275 0.2825 0.2825 0.2825 0.2865 0.2865 0.2665 0.2665 0.2565 0.2565 0.2565 0.2645 0.2645 0.269 0.269 0.2655 0.2655 0.2655 0.271 0.271 0.31 0.31 0.3005 0.3005 0.29 0.29 0.29 0.2875 0.2875 0.294 0.294 0.295 0.295 0.295 0.284 0.284 0.307 0.307 0.3185 0.3185 0.3185 0.292 0.292 0.2565 0.2565 0.256 0.256 0.256 0.2515
0.253 0.253 0.2525 0.2525 0.2635 0.2635 0.2595 0.2595 0.2595 0.2685 0.2685 0.2645 0.2645 0.279 0.279 0.2725 0.2725 0.2725 0.2845 0.2845 0.27 0.27 0.288 0.288 0.288 0.2825 0.2825 0.275 0.275 0.2825 0.2825 0.2825 0.2865 0.2865 0.2665 0.2665 0.2565 0.2565 0.2565 0.2645 0.2645 0.269 0.269 0.2655 0.2655 0.2655 0.271 0.271 0.31 0.31 0.3005 0.3005 0.29 0.29 0.29 0.2875 0.2875 0.294 0.294 0.295 0.295 0.295 0.284 0.284 0.307 0.307 0.3185 0.3185 0.3185 0.292 0.292 0.2565 0.2565 0.256 0.256 0.256 0.2515
0.2555 0.2555 0.253 0.253 0.261 0.261 0.259 0.259 0.259 0.273 0.273 0.273 0.273 0.2885 0.2885 0.3035 0.3035 0.3035 0.283 0.283 0.293 0.293 0.294 0.294 0.294 0.277 0.277 0.2625 0.2625 0.2725 0.2725 0.2725 0.3055 0.3055 0.279 0.279 0.279 0.279 0.279 0.261 0.261 0.2655 0.2655 0.2495 0.2495 0.2495 0.266 0.266 0.278 0.278 0.293 0.293 0.2895 0.2895 0.2895 0.289 0.289 0.297 0.297 0.302 0.302 0.302 0.298 0.298 0.315 0.315 0.314 0.314 0.314 0.3255 0.3255 0.3095 0.3095 0.2675 0.2675 0.2675 0.248
0.2555 0.2555 0.253 0.253 0.261 0.261 0.259 0.259 0.259 0.273 0.273 0.273 0.273 0.2885 0.2885 0.3035 0.3035 0.3035 0.283 0.283 0.293 0.293 0.294 0.294 0.294 0.277 0.277 0.2625 0.2625 0.2725 0.2725 0.2725 0.3055 0.3055 0.279 0.279 0.279 0.279 0.279 0.261 0.261 0.2655 0.2655 0.2495 0.2495 0.2495 0.266 0.266 0.278 0.278 0.293 0.293 0.2895 0.2895 0.2895 0.289 0.289 0.297 0.297 0.302 0.302 0.302 0.298 0.298 0.315 0.315 0.314 0.314 0.314 0.3255 0.3255 0.3095 0.3095 0.2675 0.2675 0.2675 0.248
0.2555 0.2555 0.253 0.253 0.261 0.261 0.259 0.259 0.259 0.273 0.273 0.273 0.273 0.2885 0.2885 0.3035 0.3035 0.3035 0.283 0.283 0.293 0.293 0.294 0.294 0.294 0.277 0.277 0.2625 0.2625 0.2725 0.2725 0.2725 0.3055 0.3055 0.279 0.279 0.279 0.279 0.279 0.261 0.261 0.2655 0.2655 0.2495 0.2495 0.2495 0.266 0.266 0.278 0.278 0.293 0.293 0.2895 0.2895 0.2895 0.289 0.289 0.297 0.297 0.302 0.302 0.302 0.298 0.298 0.315 0.315 0.314 0.314 0.314 0.3255 0.3255 0.3095 0.3095 0.2675 0.2675 0.2675 0.248
0.2755 0.2755 0.2735 0.2735 0.278 0.278 0.2725 0.2725 0.2725 0.289 0.289 0.2865 0.2865 0.273 0.273 0.2895 0.2895 0.2895 0.2915 0.2915 0.2915 0.2915 0.269 0.269 0.269 0.285 0.285 0.2875 0.2875 0.293 0.293 0.293 0.2905 0.2905 0.2895 0.2895 0.2585 0.2585 0.2585 0.273 0.273 0.276 0.276 0.2645 0.2645 0.2645 0.281 0.281 0.3095 0.3095 0.296 0.296 0.292 0.292 0.292 0.297 0.297 0.286 0.286 0.298 0.298 0.298 0.287 0.287 0.293 0.293 0.3035 0.3035 0.3035 0.3075 0.3075 0.281 0.281 0.2945 0.2945 0.2945 0.261
0.2755 0.2755 0.2735 0.2735 0.278 0.278 0.2725 0.2725 0.2725 0.289 0.289 0.2865 0.2865 0.273 0.273 0.2895 0.2895 0.2895 0.2915 0.2915 0.2915 0.2915 0.269 0.269 0.269 0.285 0.285 0.2875 0.2875 0.293 0.293 0.293 0.2905 0.2905 0.2895 0.2895 0.2585 0.2585 0.2585 0.273 0.273 0.276 0.276 0.2645 0.2645 0.2645 0.281 0.281 0.3095 0.3095 0.296 0.296 0.292 0.292 0.292 0.297 0.297 0.286 0.286 0.298 0.298 0.298 0.287 0.287 0.293 0.293 0.3035 0.3035 0.3035 0.3075 0.3075 0.281 0.281 0.2945 0.2945 0.2945 0.261
0.2845 0.2845 0.2875 0.2875 0.2795 0.2795 0.2665 0.2665 0.2665 0.2765 0.2765 0.2695 0.2695 0.281 0.281 0.278 0.278 0.278 0.3095 0.3095 0.2925 0.2925 0.2705 0.2705 0.2705 0.278 0.278 0.291 0.291 0.275 0.275 0.275 0.299 0.299 0.289 0.289 0.2755 0.2755 0.2755 0.2575 0.2575 0.2655 0.2655 0.2635 0.2635 0.2635 0.297 0.297 0.298 0.298 0.2985 0.2985 0.3 0.3 0.3 0.2865 0.2865 0.2845 0.2845 0.291 0.291 0.291 0.287 0.287 0.273 0.273 0.2985 0.2985 0.2985 0.2825 0.2825 0.27 0.27 0.2905 0.2905 0.2905 0.268
0.2845 0.2845 0.2875 0.2875 0.2795 0.2795 0.2665 0.2665 0.2665 0.2765 0.2765 0.2695 0.2695 0.281 0.281 0.278 0.278 0.278 0.3095 0.3095 0.2925 0.2925 0.2705 0.2705 0.2705 0.278 0.278 0.291 0.291 0.275 0.275 0.275 0.299 0.299 0.289 0.289 0.2755 0.2755 0.2755 0.2575 0.2575 0.2655 0.2655 0.2635 0.2635 0.2635 0.297 0.297 0.298 0.298 0.2985 0.2985 0.3 0.3 0.3 0.2865 0.2865 0.2845 0.2845 0.291 0.291 0.291 0.287 0.287 0.273 0.273 0.2985 0.2985 0.2985 0.2825 0.2825 0.27 0.27 0.2905 0.2905 0.2905 0.268
0.258 0.258 0.2505 0.2505 0.2455 0.2455 0.2505 0.2505 0.2505 0.273 0.273 0.2735 0.2735 0.278 0.278 0.3045 0.3045 0.3045 0.3005 0.3005 0.2855 0.2855 0.2695 0.2695 0.2695 0.281 0.281 0.283 0.283 0.2835 0.2835 0.2835 0.289 0.289 0.304 0.304 0.2805 0.2805 0.2805 0.24 0.24 0.2385 0.2385 0.2695 0.2695 0.2695 0.287 0.287 0.2845 0.2845 0.295 0.295 0.286 0.286 0.286 0.2695 0.2695 0.2725 0.2725 0.2865 0.2865 0.2865 0.284 0.284 0.2815 0.2815 0.272 0.272 0.272 0.2755 0.2755 0.284 0.284 0.2905 0.2905 0.2905 0.273
0.258 0.258 0.2505 0.2505 0.2455 0.2455 0.2505 0.2505 0.2505 0.273 0.273 0.2735 0.2735 0.278 0.278 0.3045 0.3045 0.3045 0.3005 0.3005 0.2855 0.2855 0.2695 0.2695 0.2695 0.281 0.281 0.283 0.283 0.2835 0.2835 0.2835 0.289 0.289 0.304 0.304 0.2805 0.2805 0.2805 0.24 0.24 0.2385 0.2385 0.2695 0.2695 0.2695 0.287 0.287 0.2845 0.2845 0.295 0.295 0.286 0.286 0.286 0.2695 0.2695 0.2725 0.2725 0.2865 0.2865 0.2865 0.284 0.284 0.2815 0.2815 0.272 0.272 0.272 0.2755 0.2755 0.284 0.284 0.2905 0.2905 0.2905 0.273
0.258 0.258 0.2505 0.2505 0.2455 0.2455 0.2505 0.2505 0.2505 0.273 0.273 0.2735 0.2735 0.278 0.278 0.3045 0.3045 0.3045 0.3005 0.3005 0.2855 0.2855 0.2695 0.2695 0.2695 0.281 0.281 0.283 0.283 0.2835 0.2835 0.2835 0.289 0.289 0.304 0.304 0.2805 0.2805 0.2805 0.24 0.24 0.2385 0.2385 0.2695 0.2695 0.2695 0.287 0.287 0.2845 0.2845 0.295 0.295 0.286 0.286 0.286 0.2695 0.2695 0.2725 0.2725 0.2865 0.2865 0.2865 0.284 0.284 0.2815 0.2815 0.272 0.272 0.272 0.2755 0.2755 0.284 0.284 0.2905 0.2905 0.2905 0.273
0.2455 0.2455 0.2205 0.2205 0.25 0.25 0.254 0.254 0.254 0.2565 0.2565 0.276 0.276 0.279 0.279 0.2925 0.2925 0.2925 0.3065 0.3065 0.2895 0.2895 0.2615 0.2615 0.2615 0.2745 0.2745 0.2925 0.2925 0.312 0.312 0.312 0.3115 0.3115 0.3045 0.3045 0.2835 0.2835 0.2835 0.289 0.289 0.2855 0.2855 0.3005 0.3005 0.3005 0.3055 0.3055 0.306 0.306 0.28 0.28 0.296 0.296 0.296 0.2815 0.2815 0.2855 0.2855 0.2895 0.2895 0.2895 0.2845 0.2845 0.2945 0.2945 0.287 0.287 0.287 0.2915 0.2915 0.267 0.267 0.2825 0.2825 0.2825 0.2825
0.2455 0.2455 0.2205 0.2205 0.25 0.25 0.254 0.254 0.254 0.2565 0.2565 0.276 0.276 0.279 0.279 0.2925 0.2925 0.2925 0.3065 0.3065 0.2895 0.2895 0.2615 0.2615 0.2615 0.2745 0.2745 0.2925 0.2925 0.312 0.312 0.312 0.3115 0.3115 0.3045 0.3045 0.2835 0.2835 0.2835 0.289 0.289 0.2855 0.2855 0.3005 0.3005 0.3005 0.3055 0.3055 0.306 0.306 0.28 0.28 0.296 0.296 0.296 0.2815 0.2815 0.2855 0.2855 0.2895 0.2895 0.2895 0.2845 0.2845 0.2945 0.2945 0.287 0.287 0.287 0.2915 0.2915 0.267 0.267 0.2825 0.2825 0.2825 0.2825
0.228 0.228 0.2455 0.2455 0.24 0.24 0.277 0.277 0.277 0.275 0.275 0.265 0.265 0.2885 0.2885 0.272 0.272 0.272 0.2805 0.2805 0.2755 0.2755 0.282 0.282 0.282 0.2815 0.2815 0.3015 0.3015 0.3055 0.3055 0.3055 0.295 0.295 0.285 0.285 0.289 0.289 0.289 0.31 0.31 0.323 0.323 0.3045 0.3045 0.3045 0.282 0.282 0.298 0.298 0.308 0.308 0.306 0.306 0.306 0.3165 0.3165 0.3015 0.3015 0.291 0.291 0.291 0.299 0.299 0.2835 0.2835 0.2935 0.2935 0.2935 0.279 0.279 0.2825 0.2825 0.2985 0.2985 0.2985 0.2915
0.228 0.228 0.2455 0.2455 0.24 0.24 0.277 0.277 0.277 0.275 0.275 0.265 0.265 0.2885 0.2885 0.272 0.272 0.272 0.2805 0.2805 0.2755 0.2755 0.282 0.282 0.282 0.2815 0.2815 0.3015 0.3015 0.3055 0.3055 0.3055 0.295 0.295 0.285 0.285 0.289 0.289 0.289 0.31 0.31 0.323 0.323 0.3045 0.3045 0.3045 0.282 0.282 0.298 0.298 0.308 0.308 0.306 0.306 0.306 0.3165 0.3165 0.3015 0.3015 0.291 0.291 0.291 0.299 0.299 0.2835 0.2835 0.2935 0.2935 0.2935 0.279 0.279 0.2825 0.2825 0.2985 0.2985 0.2985 0.2915
0.2675 0.2675 0.24 0.24 0.2395 0.2395 0.262 0.262 0.262 0.25 0.25 0.2575 0.2575 0.2915 0.2915 0.2645 0.2645 0.2645 0.2695 0.2695 0.2725 0.2725 0.295 0.295 0.295 0.2875 0.2875 0.3055 0.3055 0.307 0.307 0.307 0.308 0.308 0.2975 0.2975 0.3125 0.3125 0.3125 0.3085 0.3085 0.2975 0.2975 0.317 0.317 0.317 0.2835 0.2835 0.2975 0.2975 0.3205 0.3205 0.321 0.321 0.321 0.3045 0.3045 0.305 0.305 0.276 0.276 0.276 0.293 0.293 0.2585 0.2585 0.284 0.284 0.284 0.31 0.31 0.298 0.298 0.302 0.302 0.302 0.302
0.2675 0.2675 0.24 0.24 0.2395 0.2395 0.262 0.262 0.262 0.25 0.25 0.2575 0.2575 0.2915 0.2915 0.2645 0.2645 0.2645 0.2695 0.2695 0.2725 0.2725 0.295 0.295 0.295 0.2875 0.2875 0.3055 0.3055 0.307 0.307 0.307 0.308 0.308 0.2975 0.2975 0.3125 0.3125 0.3125 0.3085 0.3085 0.2975 0.2975 0.317 0.317 0.317 0.2835 0.2835 0.2975 0.2975 0.3205 0.3205 0.321 0.321 0.321 0.3045 0.3045 0.305 0.305 0.276 0.276 0.276 0.293 0.293 0.2585 0.2585 0.284 0.284 0.284 0.31 0.31 0.298 0.298 0.302 0.302 0.302 0.302
0.2645 0.2645 0.239 0.239 0.2635 0.2635 0.273 0.273 0.273 0.267 0.267 0.2645 0.2645 0.268 0.268 0.265 0.265 0.265 0.282 0.282 0.284 0.284 0.3005 0.3005 0.3005 0.319 0.319 0.3395 0.3395 0.327 0.327 0.327 0.307 0.307 0.3005 0.3005 0.32 0.32 0.32 0.303 0.303 0.3265 0.3265 0.3115 0.3115 0.3115 0.2945 0.2945 0.3035 0.3035 0.3045 0.3045 0.307 0.307 0.307 0.3055 0.3055 0.303 0.303 0.3125 0.3125 0.3125 0.2965 0.2965 0.307 0.307 0.314 0.314 0.314 0.3155 0.3155 0.3015 0.3015 0.319 0.319 0.319 0.311
0.2645 0.2645 0.239 0.239 0.2635 0.2635 0.273 0.273 0.273 0.267 0.267 0.2645 0.2645 0.268 0.268 0.265 0.265 0.265 0.282 0.282 0.284 0.284 0.3005 0.3005 0.3005 0.319 0.319 0.3395 0.3395 0.327 0.327 0.327 0.307 0.307 0.3005 0.3005 0.32 0.32 0.32 0.303 0.303 0.3265 0.3265 0.3115 0.3115 0.3115 0.2945 0.2945 0.3035 0.3035 0.3045 0.3045 0.307 0.307 0.307 0.3055 0.3055 0.303 0.303 0.3125 0.3125 0.3125 0.2965 0.2965 0.307 0.307 0.314 0.314 0.314 0.3155 0.3155 0.3015 0.3015 0.319 0.319 0.319 0.311
0.2645 0.2645 0.239 0.239 0.2635 0.2635 0.273 0.273 0.273 0.267 0.267 0.2645 0.2645 0.268 0.268 0.265 0.265 0.265 0.282 0.282 0.284 0.284 0.3005 0.3005 0.3005 0.319 0.319 0.3395 0.3395 0.327 0.327 0.327 0.307 0.307 0.3005 0.3005 0.32 0.32 0.32 0.303 0.303 0.3265 0.3265 0.3115 0.3115 0.3115 0.2945 0.2945 0.3035 0.3035 0.3045 0.3045 0.307 0.307 0.307 0.3055 0.3055 0.303 0.303 0.3125 0.3125 0.3125 0.2965 0.2965 0.307 0.307 0.314 0.314 0.314 0.3155 0.3155 0.3015 0.3015 0.319 0.319 0.319 0.311
0.2755 0.2755 0.2655 0.2655 0.288 0.288 0.27 0.27 0.27 0.2775 0.2775 0.2735 0.2735 0.2605 0.2605 0.271 0.271 0.271 0.276 0.276 0.277 0.277 0.3135 0.3135 0.3135 0.3345 0.3345 0.3455 0.3455 0.329 0.329 0.329 0.3045 0.3045 0.3255 0.3255 0.3185 0.3185 0.3185 0.344 0.344 0.3355 0.3355 0.328 0.328 0.328 0.32 0.32 0.31 0.31 0.2855 0.2855 0.3175 0.3175 0.3175 0.2945 0.2945 0.3075 0.3075 0.302 0.302 0.302 0.29 0.29 0.308 0.308 0.3345 0.3345 0.3345 0.335 0.335 0.333 0.333 0.3255 0.3255 0.3255 0.315
0.2755 0.2755 0.2655 0.2655 0.288 0.288 0.27 0.27 0.27 0.2775 0.2775 0.2735 0.2735 0.2605 0.2605 0.271 0.271 0.271 0.276 0.276 0.277 0.277 0.3135 0.3135 0.3135 0.3345 0.3345 0.3455 0.3455 0.329 0.329 0.329 0.3045 0.3045 0.3255 0.3255 0.3185 0.3185 0.3185 0.344 0.344 0.3355 0.3355 0.328 0.328 0.328 0.32 0.32 0.31 0.31 0.2855 0.2855 0.3175 0.3175 0.3175 0.2945 0.2945 0.3075 0.3075 0.302 0.302 0.302 0.29 0.29 0.308 0.308 0.3345 0.3345 0.3345 0.335 0.335 0.333 0.333 0.3255 0.3255 0.3255 0.315
0.265 0.265 0.281 0.281 0.264 0.264 0.2665 0.2665 0.2665 0.2865 0.2865 0.28 0.28 0.28 0.28 0.29 0.29 0.29 0.2975 0.2975 0.309 0.309 0.3135 0.3135 0.3135 0.328 0.328 0.3005 0.3005 0.2985 0.2985 0.2985 0.341 0.341 0.3105 0.3105 0.352 0.352 0.352 0.332 0.332 0.3285 0.3285 0.35 0.35 0.35 0.3335 0.3335 0.3305 0.3305 0.334 0.334 0.3445 0.3445 0.3445 0.3245 0.3245 0.3105 0.3105 0.322 0.322 0.322 0.337 0.337 0.374 0.374 0.3615 0.3615 0.3615 0.351 0.351 0.33 0.33 0.341 0.341 0.341 0.3375
0.265 0.265 0.281 0.281 0.264 0.264 0.2665 0.2665 0.2665 0.2865 0.2865 0.28 0.28 0.28 0.28 0.29 0.29 0.29 0.2975 0.2975 0.309 0.309 0.3135 0.3135 0.3135 0.328 0.328 0.3005 0.3005 0.2985 0.2985 0.2985 0.341 0.341 0.3105 0.3105 0.352 0.352 0.352 0.332 0.332 0.3285 0.3285 0.35 0.35 0.35 0.3335 0.3335 0.3305 0.3305 0.334 0.334 0.3445 0.3445 0.3445 0.3245 0.3245 0.3105 0.3105 0.322 0.322 0.322 0.337 0.337 0.374 0.374 0.3615 0.3615 0.3615 0.351 0.351 0.33 0.33 0.341 0.341 0.341 0.3375
0.267 0.267 0.2665 0.2665 0.2825 0.2825 0.2965 0.2965 0.2965 0.2945 0.2945 0.293 0.293 0.298 0.298 0.282 0.282 0.282 0.308 0.308 0.3215 0.3215 0.332 0.332 0.332 0.3335 0.3335 0.302 0.302 0.3205 0.3205 0.3205 0.343 0.343 0.337 0.337 0.354 0.354 0.354 0.365 0.365 0.3775 0.3775 0.3555 0.3555 0.3555 0.349 0.349 0.3455 0.3455 0.3355 0.3355 0.3045 0.3045 0.3045 0.312 0.312 0.3275 0.3275 0.314 0.314 0.314 0.335 0.335 0.339 0.339 0.333 0.333 0.333 0.332 0.332 0.325 0.325 0.324 0.324 0.324 0.3305
0.267 0.267 0.2665 0.2665 0.2825 0.2825 0.2965 0.2965 0.2965 0.2945 0.2945 0.293 0.293 0.298 0.298 0.282 0.282 0.282 0.308 0.308 0.3215 0.3215 0.332 0.332 0.332 0.3335 0.3335 0.302 0.302 0.3205 0.3205 0.3205 0.343 0.343 0.337 0.337 0.354 0.354 0.354 0.365 0.365 0.3775 0.3775 0.3555 0.3555 0.3555 0.349 0.349 0.3455 0.3455 0.3355 0.3355 0.3045 0.3045 0.3045 0.312 0.312 0.3275 0.3275 0.314 0.314 0.314 0.335 0.335 0.339 0.339 0.333 0.333 0.333 0.332 0.332 0.325 0.325 0.324 0.324 0.324 0.3305
0.267 0.267 0.2665 0.2665 0.2825 0.2825 0.2965 0.2965 0.2965 0.2945 0.2945 0.293 0.293 0.298 0.298 0.282 0.282 0.282 0.308 0.308 0.3215 0.3215 0.332 0.332 0.332 0.3335 0.3335 0.302 0.302 0.3205 0.3205 0.3205 0.343 0.343 0.337 0.337 0.354 0.354 0.354 0.365 0.365 0.3775 0.3775 0.3555 0.3555 0.3555 0.349 0.349 0.3455 0.3455 0.3355 0.3355 0.3045 0.3045 0.3045 0.312 0.312 0.3275 0.3275 0.314 0.314 0.314 0.335 0.335 0.339 0.339 0.333 0.333 0.333 0.332 0.332 0.325 0.325 0.324 0.324 0.324 0.3305
