ndvi/NOAA-59.asc
ncols         252
nrows         154
xllcorner     -18.017974
yllcorner     13.481982
cellsize      0.035948
NODATA_value  -9999
[rows 68 to 101 of 154, columns 77 to 153 of 252]
0.2345 0.2345 0.21 0.21 0.204 0.204 0.2445 0.2445 0.2445 0.247 0.247 0.2295 0.2295 0.232 0.232 0.2295 0.2295 0.2295 0.2355 0.2355 0.224 0.224 0.225 0.225 0.225 0.2665 0.2665 0.2215 0.2215 0.215 0.215 0.215 0.1945 0.1945 0.2015 0.2015 0.192 0.192 0.192 0.1845 0.1845 0.198 0.198 0.1715 0.1715 0.1715 0.1425 0.1425 0.1745 0.1745 0.1745 0.1745 0.1765 0.1765 0.1765 0.176 0.176 0.2 0.2 0.2325 0.2325 0.2325 0.223 0.223 0.233 0.233 0.224 0.224 0.224 0.1965 0.1965 0.175 0.175 0.172 0.172 0.172 0.1455
0.247 0.247 0.2345 0.2345 0.211 0.211 0.212 0.212 0.212 0.217 0.217 0.249 0.249 0.256 0.256 0.2515 0.2515 0.2515 0.2395 0.2395 0.214 0.214 0.208 0.208 0.208 0.25 0.25 0.21 0.21 0.2085 0.2085 0.2085 0.202 0.202 0.194 0.194 0.2075 0.2075 0.2075 0.223 0.223 0.205 0.205 0.1835 0.1835 0.1835 0.1795 0.1795 0.159 0.159 0.148 0.148 0.1635 0.1635 0.1635 0.1745 0.1745 0.211 0.211 0.2215 0.2215 0.2215 0.2375 0.2375 0.224 0.224 0.225 0.225 0.225 0.2115 0.2115 0.2075 0.2075 0.191 0.191 0.191 0.1615
0.247 0.247 0.2345 0.2345 0.211 0.211 0.212 0.212 0.212 0.217 0.217 0.249 0.249 0.256 0.256 0.2515 0.2515 0.2515 0.2395 0.2395 0.214 0.214 0.208 0.208 0.208 0.25 0.25 0.21 0.21 0.2085 0.2085 0.2085 0.202 0.202 0.194 0.194 0.2075 0.2075 0.2075 0.223 0.223 0.205 0.205 0.1835 0.1835 0.1835 0.1795 0.1795 0.159 0.159 0.148 0.148 0.1635 0.1635 0.1635 0.1745 0.1745 0.211 0.211 0.2215 0.2215 0.2215 0.2375 0.2375 0.224 0.224 0.225 0.225 0.225 0.2115 0.2115 0.2075 0.2075 0.191 0.191 0.191 0.1615
0.247 0.247 0.2295 0.2295 0.2155 0.2155 0.2125 0.2125 0.2125 0.212 0.212 0.219 0.219 0.2305 0.2305 0.229 0.229 0.229 0.234 0.234 0.23 0.23 0.209 0.209 0.209 0.246 0.246 0.245 0.245 0.249 0.249 0.249 0.218 0.218 0.21 0.21 0.206 0.206 0.206 0.217 0.217 0.201 0.201 0.187 0.187 0.187 0.1745 0.1745 0.141 0.141 0.151 0.151 0.187 0.187 0.187 0.196 0.196 0.2035 0.2035 0.211 0.211 0.211 0.236 0.236 0.206 0.206 0.179 0.179 0.179 0.171 0.171 0.199 0.199 0.2115 0.2115 0.2115 0.1565
0.247 0.247 0.2295 0.2295 0.2155 0.2155 0.2125 0.2125 0.2125 0.212 0.212 0.219 0.219 0.2305 0.2305 0.229 0.229 0.229 0.234 0.234 0.23 0.23 0.209 0.209 0.209 0.246 0.246 0.245 0.245 0.249 0.249 0.249 0.218 0.218 0.21 0.21 0.206 0.206 0.206 0.217 0.217 0.201 0.201 0.187 0.187 0.187 0.1745 0.1745 0.141 0.141 0.151 0.151 0.187 0.187 0.187 0.196 0.196 0.2035 0.2035 0.211 0.211 0.211 0.236 0.236 0.206 0.206 0.179 0.179 0.179 0.171 0.171 0.199 0.199 0.2115 0.2115 0.2115 0.1565
0.247 0.247 0.2295 0.2295 0.2155 0.2155 0.2125 0.2125 0.2125 0.212 0.212 0.219 0.219 0.2305 0.2305 0.229 0.229 0.229 0.234 0.234 0.23 0.23 0.209 0.209 0.209 0.246 0.246 0.245 0.245 0.249 0.249 0.249 0.218 0.218 0.21 0.21 0.206 0.206 0.206 0.217 0.217 0.201 0.201 0.187 0.187 0.187 0.1745 0.1745 0.141 0.141 0.151 0.151 0.187 0.187 0.187 0.196 0.196 0.2035 0.2035 0.211 0.211 0.211 0.236 0.236 0.206 0.206 0.179 0.179 0.179 0.171 0.171 0.199 0.199 0.2115 0.2115 0.2115 0.1565
0.234 0.234 0.2225 0.2225 0.245 0.245 0.2535 0.2535 0.2535 0.2375 0.2375 0.2455 0.2455 0.243 0.243 0.2355 0.2355 0.2355 0.236 0.236 0.228 0.228 0.2255 0.2255 0.2255 0.246 0.246 0.2265 0.2265 0.223 0.223 0.223 0.217 0.217 0.218 0.218 0.217 0.217 0.217 0.202 0.202 0.1875 0.1875 0.169 0.169 0.169 0.1535 0.1535 0.219 0.219 0.2005 0.2005 0.2145 0.2145 0.2145 0.224 0.224 0.2285 0.2285 0.2285 0.2285 0.2285 0.2175 0.2175 0.186 0.186 0.177 0.177 0.177 0.202 0.202 0.1935 0.1935 0.1615 0.1615 0.1615 0.1755
0.234 0.234 0.2225 0.2225 0.245 0.245 0.2535 0.2535 0.2535 0.2375 0.2375 0.2455 0.2455 0.243 0.243 0.2355 0.2355 0.2355 0.236 0.236 0.228 0.228 0.2255 0.2255 0.2255 0.246 0.246 0.2265 0.2265 0.223 0.223 0.223 0.217 0.217 0.218 0.218 0.217 0.217 0.217 0.202 0.202 0.1875 0.1875 0.169 0.169 0.169 0.1535 0.1535 0.219 0.219 0.2005 0.2005 0.2145 0.2145 0.2145 0.224 0.224 0.2285 0.2285 0.2285 0.2285 0.2285 0.2175 0.2175 0.186 0.186 0.177 0.177 0.177 0.202 0.202 0.1935 0.1935 0.1615 0.1615 0.1615 0.1755
0.252 0.252 0.258 0.258 0.2675 0.2675 0.252 0.252 0.252 0.243 0.243 0.253 0.253 0.243 0.243 0.236 0.236 0.236 0.2245 0.2245 0.219 0.219 0.2185 0.2185 0.2185 0.221 0.221 0.242 0.242 0.24 0.24 0.24 0.232 0.232 0.1965 0.1965 0.208 0.208 0.208 0.1985 0.1985 0.184 0.184 0.1895 0.1895 0.1895 0.195 0.195 0.21 0.21 0.1995 0.1995 0.1965 0.1965 0.1965 0.205 0.205 0.22 0.22 0.2065 0.2065 0.2065 0.202 0.202 0.1955 0.1955 0.1865 0.1865 0.1865 0.17 0.17 0.1371 0.1371 0.1025 0.1025 0.1025 0.1605
0.252 0.252 0.258 0.258 0.2675 0.2675 0.252 0.252 0.252 0.243 0.243 0.253 0.253 0.243 0.243 0.236 0.236 0.236 0.2245 0.2245 0.219 0.219 0.2185 0.2185 0.2185 0.221 0.221 0.242 0.242 0.24 0.24 0.24 0.232 0.232 0.1965 0.1965 0.208 0.208 0.208 0.1985 0.1985 0.184 0.184 0.1895 0.1895 0.1895 0.195 0.195 0.21 0.21 0.1995 0.1995 0.1965 0.1965 0.1965 0.205 0.205 0.22 0.22 0.2065 0.2065 0.2065 0.202 0.202 0.1955 0.1955 0.1865 0.1865 0.1865 0.17 0.17 0.1371 0.1371 0.1025 0.1025 0.1025 0.1605
0.236 0.236 0.2545 0.2545 0.2505 0.2505 0.2535 0.2535 0.2535 0.2365 0.2365 0.2385 0.2385 0.24 0.24 0.216 0.216 0.216 0.2075 0.2075 0.206 0.206 0.2175 0.2175 0.2175 0.2145 0.2145 0.218 0.218 0.221 0.221 0.221 0.219 0.219 0.2415 0.2415 0.2155 0.2155 0.2155 0.2155 0.2155 0.214 0.214 0.1895 0.1895 0.1895 0.2355 0.2355 0.2355 0.2355 0.1965 0.1965 0.1925 0.1925 0.1925 0.187 0.187 0.1835 0.1835 0.171 0.171 0.171 0.1935 0.1935 0.204 0.204 0.162 0.162 0.162 0.161 0.161 0.1985 0.1985 0.1195 0.1195 0.1195 0.1395
0.236 0.236 0.2545 0.2545 0.2505 0.2505 0.2535 0.2535 0.2535 0.2365 0.2365 0.2385 0.2385 0.24 0.24 0.216 0.216 0.216 0.2075 0.2075 0.206 0.206 0.2175 0.2175 0.2175 0.2145 0.2145 0.218 0.218 0.221 0.221 0.221 0.219 0.219 0.2415 0.2415 0.2155 0.2155 0.2155 0.2155 0.2155 0.214 0.214 0.1895 0.1895 0.1895 0.2355 0.2355 0.2355 0.2355 0.1965 0.1965 0.1925 0.1925 0.1925 0.187 0.187 0.1835 0.1835 0.171 0.171 0.171 0.1935 0.1935 0.204 0.204 0.162 0.162 0.162 0.161 0.161 0.1985 0.1985 0.1195 0.1195 0.1195 0.1395
0.236 0.236 0.238 0.238 0.2145 0.2145 0.256 0.256 0.256 0.2545 0.2545 0.2345 0.2345 0.22 0.22 0.2225 0.2225 0.2225 0.208 0.208 0.202 0.202 0.1915 0.1915 0.1915 0.2045 0.2045 0.199 0.199 0.1905 0.1905 0.1905 0.2125 0.2125 0.255 0.255 0.245 0.245 0.245 0.2325 0.2325 0.2175 0.2175 0.22 0.22 0.22 0.2275 0.2275 0.2485 0.2485 0.217 0.217 0.195 0.195 0.195 0.193 0.193 0.1995 0.1995 0.196 0.196 0.196 0.1915 0.1915 0.154 0.154 0.157 0.157 0.157 0.134 0.134 0.1725 0.1725 0.153 0.153 0.153 0.14
0.236 0.236 0.238 0.238 0.2145 0.2145 0.256 0.256 0.256 0.2545 0.2545 0.2345 0.2345 0.22 0.22 0.2225 0.2225 0.2225 0.208 0.208 0.202 0.202 0.1915 0.1915 0.1915 0.2045 0.2045 0.199 0.199 0.1905 0.1905 0.1905 0.2125 0.2125 0.255 0.255 0.245 0.245 0.245 0.2325 0.2325 0.2175 0.2175 0.22 0.22 0.22 0.2275 0.2275 0.2485 0.2485 0.217 0.217 0.195 0.195 0.195 0.193 0.193 0.1995 0.1995 0.196 0.196 0.196 0.1915 0.1915 0.154 0.154 0.157 0.157 0.157 0.134 0.134 0.1725 0.1725 0.153 0.153 0.153 0.14
0.236 0.236 0.238 0.238 0.2145 0.2145 0.256 0.256 0.256 0.2545 0.2545 0.2345 0.2345 0.22 0.22 0.2225 0.2225 0.2225 0.208 0.208 0.202 0.202 0.1915 0.1915 0.1915 0.2045 0.2045 0.199 0.199 0.1905 0.1905 0.1905 0.2125 0.2125 0.255 0.255 0.245 0.245 0.245 0.2325 0.2325 0.2175 0.2175 0.22 0.22 0.22 0.2275 0.2275 0.2485 0.2485 0.217 0.217 0.195 0.195 0.195 0.193 0.193 0.1995 0.1995 0.196 0.196 0.196 0.1915 0.1915 0.154 0.154 0.157 0.157 0.157 0.134 0.134 0.1725 0.1725 0.153 0.153 0.153 0.14
0.2285 0.2285 0.218 0.218 0.2215 0.2215 0.217 0.217 0.217 0.2335 0.2335 0.231 0.231 0.2295 0.2295 0.214 0.214 0.214 0.2005 0.2005 0.2145 0.2145 0.2105 0.2105 0.2105 0.2065 0.2065 0.1965 0.1965 0.198 0.198 0.198 0.209 0.209 0.232 0.232 0.2515 0.2515 0.2515 0.243 0.243 0.2335 0.2335 0.221 0.221 0.221 0.228 0.228 0.2445 0.2445 0.236 0.236 0.214 0.214 0.214 0.2215 0.2215 0.212 0.212 0.1995 0.1995 0.1995 0.211 0.211 0.157 0.157 0.147 0.147 0.147 0.156 0.156 0.1335 0.1335 0.1205 0.1205 0.1205 0.1165
0.2285 0.2285 0.218 0.218 0.2215 0.2215 0.217 0.217 0.217 0.2335 0.2335 0.231 0.231 0.2295 0.2295 0.214 0.214 0.214 0.2005 0.2005 0.2145 0.2145 0.2105 0.2105 0.2105 0.2065 0.2065 0.1965 0.1965 0.198 0.198 0.198 0.209 0.209 0.232 0.232 0.2515 0.2515 0.2515 0.243 0.243 0.2335 0.2335 0.221 0.221 0.221 0.228 0.228 0.2445 0.2445 0.236 0.236 0.214 0.214 0.214 0.2215 0.2215 0.212 0.212 0.1995 0.1995 0.1995 0.211 0.211 0.157 0.157 0.147 0.147 0.147 0.156 0.156 0.1335 0.1335 0.1205 0.1205 0.1205 0.1165
0.2415 0.2415 0.2355 0.2355 0.237 0.237 0.2385 0.2385 0.2385 0.249 0.249 0.2525 0.2525 0.2365 0.2365 0.229 0.229 0.229 0.239 0.239 0.211 0.211 0.2285 0.2285 0.2285 0.2075 0.2075 0.2075 0.2075 0.207 0.207 0.207 0.2215 0.2215 0.2735 0.2735 0.2635 0.2635 0.2635 0.236 0.236 0.2505 0.2505 0.243 0.243 0.243 0.242 0.242 0.24 0.24 0.248 0.248 0.2445 0.2445 0.2445 0.265 0.265 0.2155 0.2155 0.2325 0.2325 0.2325 0.242 0.242 0.206 0.206 0.1675 0.1675 0.1675 0.167 0.167 0.158 0.158 0.144 0.144 0.144 0.1325
0.2415 0.2415 0.2355 0.2355 0.237 0.237 0.2385 0.2385 0.2385 0.249 0.249 0.2525 0.2525 0.2365 0.2365 0.229 0.229 0.229 0.239 0.239 0.211 0.211 0.2285 0.2285 0.2285 0.2075 0.2075 0.2075 0.2075 0.207 0.207 0.207 0.2215 0.2215 0.2735 0.2735 0.2635 0.2635 0.2635 0.236 0.236 0.2505 0.2505 0.243 0.243 0.243 0.242 0.242 0.24 0.24 0.248 0.248 0.2445 0.2445 0.2445 0.265 0.265 0.2155 0.2155 0.2325 0.2325 0.2325 0.242 0.242 0.206 0.206 0.1675 0.1675 0.1675 0.167 0.167 0.158 0.158 0.144 0.144 0.144 0.1325
0.269 0.269 0.2625 0.2625 0.2715 0.2715 0.251 0.251 0.251 0.261 0.261 0.2515 0.2515 0.2465 0.2465 0.2365 0.2365 0.2365 0.2245 0.2245 0.22 0.22 0.2375 0.2375 0.2375 0.225 0.225 0.246 0.246 0.2305 0.2305 0.2305 0.242 0.242 0.257 0.257 0.26 0.26 0.26 0.264 0.264 0.243 0.243 0.2455 0.2455 0.2455 0.265 0.265 0.244 0.244 0.244 0.244 0.251 0.251 0.251 0.2375 0.2375 0.222 0.222 0.2435 0.2435 0.2435 0.236 0.236 0.2405 0.2405 0.1775 0.1775 0.1775 0.187 0.187 0.1685 0.1685 0.166 0.166 0.166 0.1775
0.269 0.269 0.2625 0.2625 0.2715 0.2715 0.251 0.251 0.251 0.261 0.261 0.2515 0.2515 0.2465 0.2465 0.2365 0.2365 0.2365 0.2245 0.2245 0.22 0.22 0.2375 0.2375 0.2375 0.225 0.225 0.246 0.246 0.2305 0.2305 0.2305 0.242 0.242 0.257 0.257 0.26 0.26 0.26 0.264 0.264 0.243 0.243 0.2455 0.2455 0.2455 0.265 0.265 0.244 0.244 0.244 0.244 0.251 0.251 0.251 0.2375 0.2375 0.222 0.222 0.2435 0.2435 0.2435 0.236 0.236 0.2405 0.2405 0.1775 0.1775 0.1775 0.187 0.187 0.1685 0.1685 0.166 0.166 0.166 0.1775
0.269 0.269 0.2625 0.2625 0.2715 0.2715 0.251 0.251 0.251 0.261 0.261 0.2515 0.2515 0.2465 0.2465 0.2365 0.2365 0.2365 0.2245 0.2245 0.22 0.22 0.2375 0.2375 0.2375 0.225 0.225 0.246 0.246 0.2305 0.2305 0.2305 0.242 0.242 0.257 0.257 0.26 0.26 0.26 0.264 0.264 0.243 0.243 0.2455 0.2455 0.2455 0.265 0.265 0.244 0.244 0.244 0.244 0.251 0.251 0.251 0.2375 0.2375 0.222 0.222 0.2435 0.2435 0.2435 0.236 0.236 0.2405 0.2405 0.1775 0.1775 0.1775 0.187 0.187 0.1685 0.1685 0.166 0.166 0.166 0.1775
0.27 0.27 0.263 0.263 0.2565 0.2565 0.255 0.255 0.255 0.249 0.249 0.253 0.253 0.2285 0.2285 0.2295 0.2295 0.2295 0.231 0.231 0.2295 0.2295 0.25 0.25 0.25 0.2215 0.2215 0.2365 0.2365 0.2305 0.2305 0.2305 0.22 0.22 0.2275 0.2275 0.2285 0.2285 0.2285 0.23 0.23 0.2375 0.2375 0.2485 0.2485 0.2485 0.2645 0.2645 0.2495 0.2495 0.2305 0.2305 0.2175 0.2175 0.2175 0.2265 0.2265 0.238 0.238 0.2175 0.2175 0.2175 0.2345 0.2345 0.2295 0.2295 0.221 0.221 0.221 0.1735 0.1735 0.1735 0.1735 0.1765 0.1765 0.1765 0.1825
0.27 0.27 0.263 0.263 0.2565 0.2565 0.255 0.255 0.255 0.249 0.249 0.253 0.253 0.2285 0.2285 0.2295 0.2295 0.2295 0.231 0.231 0.2295 0.2295 0.25 0.25 0.25 0.2215 0.2215 0.2365 0.2365 0.2305 0.2305 0.2305 0.22 0.22 0.2275 0.2275 0.2285 0.2285 0.2285 0.23 0.23 0.2375 0.2375 0.2485 0.2485 0.2485 0.2645 0.2645 0.2495 0.2495 0.2305 0.2305 0.2175 0.2175 0.2175 0.2265 0.2265 0.238 0.238 0.2175 0.2175 0.2175 0.2345 0.2345 0.2295 0.2295 0.221 0.221 0.221 0.1735 0.1735 0.1735 0.1735 0.1765 0.1765 0.1765 0.1825
0.2615 0.2615 0.2625 0.2625 0.26 0.26 0.25 0.25 0.25 0.2475 0.2475 0.2435 0.2435 0.223 0.223 0.234 0.234 0.234 0.231 0.231 0.24 0.24 0.248 0.248 0.248 0.228 0.228 0.237 0.237 0.2305 0.2305 0.2305 0.2345 0.2345 0.2175 0.2175 0.221 0.221 0.221 0.2285 0.2285 0.2375 0.2375 0.249 0.249 0.249 0.2715 0.2715 0.261 0.261 0.258 0.258 0.2095 0.2095 0.2095 0.216 0.216 0.224 0.224 0.222 0.222 0.222 0.235 0.235 0.229 0.229 0.234 0.234 0.234 0.219 0.219 0.2325 0.2325 0.229 0.229 0.229 0.206
0.2615 0.2615 0.2625 0.2625 0.26 0.26 0.25 0.25 0.25 0.2475 0.2475 0.2435 0.2435 0.223 0.223 0.234 0.234 0.234 0.231 0.231 0.24 0.24 0.248 0.248 0.248 0.228 0.228 0.237 0.237 0.2305 0.2305 0.2305 0.2345 0.2345 0.2175 0.2175 0.221 0.221 0.221 0.2285 0.2285 0.2375 0.2375 0.249 0.249 0.249 0.2715 0.2715 0.261 0.261 0.258 0.258 0.2095 0.2095 0.2095 0.216 0.216 0.224 0.224 0.222 0.222 0.222 0.235 0.235 0.229 0.229 0.234 0.234 0.234 0.219 0.219 0.2325 0.2325 0.229 0.229 0.229 0.206
0.2715 0.2715 0.2785 0.2785 0.2785 0.2785 0.273 0.273 0.273 0.2575 0.2575 0.259 0.259 0.247 0.247 0.23 0.23 0.23 0.235 0.235 0.2315 0.2315 0.2405 0.2405 0.2405 0.2465 0.2465 0.2315 0.2315 0.2435 0.2435 0.2435 0.267 0.267 0.2395 0.2395 0.2365 0.2365 0.2365 0.2405 0.2405 0.245 0.245 0.261 0.261 0.261 0.258 0.258 0.268 0.268 0.257 0.257 0.215 0.215 0.215 0.2145 0.2145 0.2115 0.2115 0.234 0.234 0.234 0.248 0.248 0.255 0.255 0.2495 0.2495 0.2495 0.236 0.236 0.237 0.237 0.2255 0.2255 0.2255 0.227
0.2715 0.2715 0.2785 0.2785 0.2785 0.2785 0.273 0.273 0.273 0.2575 0.2575 0.259 0.259 0.247 0.247 0.23 0.23 0.23 0.235 0.235 0.2315 0.2315 0.2405 0.2405 0.2405 0.2465 0.2465 0.2315 0.2315 0.2435 0.2435 0.2435 0.267 0.267 0.2395 0.2395 0.2365 0.2365 0.2365 0.2405 0.2405 0.245 0.245 0.261 0.261 0.261 0.258 0.258 0.268 0.268 0.257 0.257 0.215 0.215 0.215 0.2145 0.2145 0.2115 0.2115 0.234 0.234 0.234 0.248 0.248 0.255 0.255 0.2495 0.2495 0.2495 0.236 0.236 0.237 0.237 0.2255 0.2255 0.2255 0.227
0.2715 0.2715 0.2785 0.2785 0.2785 0.2785 0.273 0.273 0.273 0.2575 0.2575 0.259 0.259 0.247 0.247 0.23 0.23 0.23 0.235 0.235 0.2315 0.2315 0.2405 0.2405 0.2405 0.2465 0.2465 0.2315 0.2315 0.2435 0.2435 0.2435 0.267 0.267 0.2395 0.2395 0.2365 0.2365 0.2365 0.2405 0.2405 0.245 0.245 0.261 0.261 0.261 0.258 0.258 0.268 0.268 0.257 0.257 0.215 0.215 0.215 0.2145 0.2145 0.2115 0.2115 0.234 0.234 0.234 0.248 0.248 0.255 0.255 0.2495 0.2495 0.2495 0.236 0.236 0.237 0.237 0.2255 0.2255 0.2255 0.227
0.295 0.295 0.3 0.3 0.271 0.271 0.244 0.244 0.244 0.251 0.251 0.2475 0.2475 0.2475 0.2475 0.224 0.224 0.224 0.2265 0.2265 0.2345 0.2345 0.238 0.238 0.238 0.248 0.248 0.262 0.262 0.294 0.294 0.294 0.255 0.255 0.2655 0.2655 0.2415 0.2415 0.2415 0.27 0.27 0.249 0.249 0.255 0.255 0.255 0.24 0.24 0.257 0.257 0.2465 0.2465 0.256 0.256 0.256 0.251 0.251 0.251 0.251 0.225 0.225 0.225 0.2315 0.2315 0.246 0.246 0.25 0.25 0.25 0.2175 0.2175 0.1995 0.1995 0.165 0.165 0.165 0.19
0.295 0.295 0.3 0.3 0.271 0.271 0.244 0.244 0.244 0.251 0.251 0.2475 0.2475 0.2475 0.2475 0.224 0.224 0.224 0.2265 0.2265 0.2345 0.2345 0.238 0.238 0.238 0.248 0.248 0.262 0.262 0.294 0.294 0.294 0.255 0.255 0.2655 0.2655 0.2415 0.2415 0.2415 0.27 0.27 0.249 0.249 0.255 0.255 0.255 0.24 0.24 0.257 0.257 0.2465 0.2465 0.256 0.256 0.256 0.251 0.251 0.251 0.251 0.225 0.225 0.225 0.2315 0.2315 0.246 0.246 0.25 0.25 0.25 0.2175 0.2175 0.1995 0.1995 0.165 0.165 0.165 0.19
0.2815 0.2815 0.2855 0.2855 0.2735 0.2735 0.235 0.235 0.235 0.2505 0.2505 0.258 0.258 0.259 0.259 0.256 0.256 0.256 0.2385 0.2385 0.228 0.228 0.251 0.251 0.251 0.274 0.274 0.29 0.29 0.2835 0.2835 0.2835 0.258 0.258 0.255 0.255 0.256 0.256 0.256 0.2525 0.2525 0.2745 0.2745 0.29 0.29 0.29 0.263 0.263 0.265 0.265 0.2735 0.2735 0.272 0.272 0.272 0.2535 0.2535 0.247 0.247 0.238 0.238 0.238 0.2225 0.2225 0.2725 0.2725 0.266 0.266 0.266 0.2845 0.2845 0.259 0.259 0.244 0.244 0.244 0.224
0.2815 0.2815 0.2855 0.2855 0.2735 0.2735 0.235 0.235 0.235 0.2505 0.2505 0.258 0.258 0.259 0.259 0.256 0.256 0.256 0.2385 0.2385 0.228 0.228 0.251 0.251 0.251 0.274 0.274 0.29 0.29 0.2835 0.2835 0.2835 0.258 0.258 0.255 0.255 0.256 0.256 0.256 0.2525 0.2525 0.2745 0.2745 0.29 0.29 0.29 0.263 0.263 0.265 0.265 0.2735 0.2735 0.272 0.272 0.272 0.2535 0.2535 0.247 0.247 0.238 0.238 0.238 0.2225 0.2225 0.2725 0.2725 0.266 0.266 0.266 0.2845 0.2845 0.259 0.259 0.244 0.244 0.244 0.224
0.262 0.262 0.274 0.274 0.279 0.279 0.2805 0.2805 0.2805 0.281 0.281 0.2555 0.2555 0.2645 0.2645 0.2535 0.2535 0.2535 0.276 0.276 0.2865 0.2865 0.299 0.299 0.299 0.281 0.281 0.2765 0.2765 0.2685 0.2685 0.2685 0.2725 0.2725 0.2855 0.2855 0.293 0.293 0.293 0.2715 0.2715 0.287 0.287 0.3005 0.3005 0.3005 0.284 0.284 0.2925 0.2925 0.2875 0.2875 0.286 0.286 0.286 0.2675 0.2675 0.2725 0.2725 0.2465 0.2465 0.2465 0.2335 0.2335 0.3105 0.3105 0.276 0.276 0.276 0.283 0.283 0.265 0.265 0.2395 0.2395 0.2395 0.2265
