ndvi/NOAA-71.asc
ncols         252
nrows         154
xllcorner     -18.017974
yllcorner     13.481982
cellsize      0.035948
NODATA_value  -9999
[rows 102 to 135 of 154, columns 77 to 153 of 252]
0.3135 0.3135 0.301 0.301 0.2895 0.2895 0.3025 0.3025 0.3025 0.278 0.278 0.2555 0.2555 0.2755 0.2755 0.2825 0.2825 0.2825 0.28 0.28 0.276 0.276 0.2875 0.2875 0.2875 0.2855 0.2855 0.294 0.294 0.2755 0.2755 0.2755 0.2755 0.2755 0.29 0.29 0.2855 0.2855 0.2855 0.29 0.29 0.2835 0.2835 0.2995 0.2995 0.2995 0.3185 0.3185 0.313 0.313 0.319 0.319 0.318 0.318 0.318 0.2995 0.2995 0.291 0.291 0.2545 0.2545 0.2545 0.2655 0.2655 0.295 0.295 0.2795 0.2795 0.2795 0.2755 0.2755 0.283 0.283 0.2725 0.2725 0.2725 0.264
0.287 0.287 0.285 0.285 0.285 0.285 0.2735 0.2735 0.2735 0.277 0.277 0.3015 0.3015 0.296 0.296 0.284 0.284 0.284 0.2795 0.2795 0.309 0.309 0.335 0.335 0.335 0.3045 0.3045 0.2775 0.2775 0.2945 0.2945 0.2945 0.289 0.289 0.2815 0.2815 0.2955 0.2955 0.2955 0.281 0.281 0.285 0.285 0.292 0.292 0.292 0.2935 0.2935 0.291 0.291 0.2955 0.2955 0.3035 0.3035 0.3035 0.3105 0.3105 0.2865 0.2865 0.302 0.302 0.302 0.2735 0.2735 0.2655 0.2655 0.248 0.248 0.248 0.273 0.273 0.2595 0.2595 0.229 0.229 0.229 0.2195
0.287 0.287 0.285 0.285 0.285 0.285 0.2735 0.2735 0.2735 0.277 0.277 0.3015 0.3015 0.296 0.296 0.284 0.284 0.284 0.2795 0.2795 0.309 0.309 0.335 0.335 0.335 0.3045 0.3045 0.2775 0.2775 0.2945 0.2945 0.2945 0.289 0.289 0.2815 0.2815 0.2955 0.2955 0.2955 0.281 0.281 0.285 0.285 0.292 0.292 0.292 0.2935 0.2935 0.291 0.291 0.2955 0.2955 0.3035 0.3035 0.3035 0.3105 0.3105 0.2865 0.2865 0.302 0.302 0.302 0.2735 0.2735 0.2655 0.2655 0.248 0.248 0.248 0.273 0.273 0.2595 0.2595 0.229 0.229 0.229 0.2195
0.287 0.287 0.285 0.285 0.285 0.285 0.2735 0.2735 0.2735 0.277 0.277 0.3015 0.3015 0.296 0.296 0.284 0.284 0.284 0.2795 0.2795 0.309 0.309 0.335 0.335 0.335 0.3045 0.3045 0.2775 0.2775 0.2945 0.2945 0.2945 0.289 0.289 0.2815 0.2815 0.2955 0.2955 0.2955 0.281 0.281 0.285 0.285 0.292 0.292 0.292 0.2935 0.2935 0.291 0.291 0.2955 0.2955 0.3035 0.3035 0.3035 0.3105 0.3105 0.2865 0.2865 0.302 0.302 0.302 0.2735 0.2735 0.2655 0.2655 0.248 0.248 0.248 0.273 0.273 0.2595 0.2595 0.229 0.229 0.229 0.2195
0.289 0.289 0.281 0.281 0.276 0.276 0.291 0.291 0.291 0.302 0.302 0.3005 0.3005 0.294 0.294 0.317 0.317 0.317 0.3175 0.3175 0.3285 0.3285 0.3345 0.3345 0.3345 0.3275 0.3275 0.3265 0.3265 0.3275 0.3275 0.3275 0.296 0.296 0.2755 0.2755 0.2415 0.2415 0.2415 0.2415 0.2415 0.2765 0.2765 0.286 0.286 0.286 0.268 0.268 0.263 0.263 0.2695 0.2695 0.2755 0.2755 0.2755 0.27 0.27 0.2905 0.2905 0.311 0.311 0.311 0.2695 0.2695 0.271 0.271 0.2585 0.2585 0.2585 0.253 0.253 0.2215 0.2215 0.2475 0.2475 0.2475 0.2495
0.289 0.289 0.281 0.281 0.276 0.276 0.291 0.291 0.291 0.302 0.302 0.3005 0.3005 0.294 0.294 0.317 0.317 0.317 0.3175 0.3175 0.3285 0.3285 0.3345 0.3345 0.3345 0.3275 0.3275 0.3265 0.3265 0.3275 0.3275 0.3275 0.296 0.296 0.2755 0.2755 0.2415 0.2415 0.2415 0.2415 0.2415 0.2765 0.2765 0.286 0.286 0.286 0.268 0.268 0.263 0.263 0.2695 0.2695 0.2755 0.2755 0.2755 0.27 0.27 0.2905 0.2905 0.311 0.311 0.311 0.2695 0.2695 0.271 0.271 0.2585 0.2585 0.2585 0.253 0.253 0.2215 0.2215 0.2475 0.2475 0.2475 0.2495
0.295 0.295 0.3005 0.3005 0.2745 0.2745 0.2615 0.2615 0.2615 0.3065 0.3065 0.3135 0.3135 0.304 0.304 0.3195 0.3195 0.3195 0.328 0.328 0.3415 0.3415 0.333 0.333 0.333 0.3585 0.3585 0.32 0.32 0.2435 0.2435 0.2435 0.263 0.263 0.249 0.249 0.228 0.228 0.228 0.235 0.235 0.253 0.253 0.2605 0.2605 0.2605 0.243 0.243 0.268 0.268 0.241 0.241 0.2755 0.2755 0.2755 0.2545 0.2545 0.2465 0.2465 0.277 0.277 0.277 0.287 0.287 0.288 0.288 0.305 0.305 0.305 0.285 0.285 0.285 0.285 0.2745 0.2745 0.2745 0.2705
0.295 0.295 0.3005 0.3005 0.2745 0.2745 0.2615 0.2615 0.2615 0.3065 0.3065 0.3135 0.3135 0.304 0.304 0.3195 0.3195 0.3195 0.328 0.328 0.3415 0.3415 0.333 0.333 0.333 0.3585 0.3585 0.32 0.32 0.2435 0.2435 0.2435 0.263 0.263 0.249 0.249 0.228 0.228 0.228 0.235 0.235 0.253 0.253 0.2605 0.2605 0.2605 0.243 0.243 0.268 0.268 0.241 0.241 0.2755 0.2755 0.2755 0.2545 0.2545 0.2465 0.2465 0.277 0.277 0.277 0.287 0.287 0.288 0.288 0.305 0.305 0.305 0.285 0.285 0.285 0.285 0.2745 0.2745 0.2745 0.2705
0.334 0.334 0.3 0.3 0.299 0.299 0.249 0.249 0.249 0.222 0.222 0.3135 0.3135 0.3135 0.3135 0.3155 0.3155 0.3155 0.327 0.327 0.3185 0.3185 0.3165 0.3165 0.3165 0.2825 0.2825 0.308 0.308 0.255 0.255 0.255 0.2565 0.2565 0.2415 0.2415 0.237 0.237 0.237 0.2155 0.2155 0.25 0.25 0.2545 0.2545 0.2545 0.2615 0.2615 0.264 0.264 0.264 0.264 0.286 0.286 0.286 0.309 0.309 0.312 0.312 0.2785 0.2785 0.2785 0.2945 0.2945 0.278 0.278 0.3095 0.3095 0.3095 0.3175 0.3175 0.312 0.312 0.2985 0.2985 0.2985 0.268
0.334 0.334 0.3 0.3 0.299 0.299 0.249 0.249 0.249 0.222 0.222 0.3135 0.3135 0.3135 0.3135 0.3155 0.3155 0.3155 0.327 0.327 0.3185 0.3185 0.3165 0.3165 0.3165 0.2825 0.2825 0.308 0.308 0.255 0.255 0.255 0.2565 0.2565 0.2415 0.2415 0.237 0.237 0.237 0.2155 0.2155 0.25 0.25 0.2545 0.2545 0.2545 0.2615 0.2615 0.264 0.264 0.264 0.264 0.286 0.286 0.286 0.309 0.309 0.312 0.312 0.2785 0.2785 0.2785 0.2945 0.2945 0.278 0.278 0.3095 0.3095 0.3095 0.3175 0.3175 0.312 0.312 0.2985 0.2985 0.2985 0.268
0.334 0.334 0.3 0.3 0.299 0.299 0.249 0.249 0.249 0.222 0.222 0.3135 0.3135 0.3135 0.3135 0.3155 0.3155 0.3155 0.327 0.327 0.3185 0.3185 0.3165 0.3165 0.3165 0.2825 0.2825 0.308 0.308 0.255 0.255 0.255 0.2565 0.2565 0.2415 0.2415 0.237 0.237 0.237 0.2155 0.2155 0.25 0.25 0.2545 0.2545 0.2545 0.2615 0.2615 0.264 0.264 0.264 0.264 0.286 0.286 0.286 0.309 0.309 0.312 0.312 0.2785 0.2785 0.2785 0.2945 0.2945 0.278 0.278 0.3095 0.3095 0.3095 0.3175 0.3175 0.312 0.312 0.2985 0.2985 0.2985 0.268
0.2765 0.2765 0.2325 0.2325 0.294 0.294 0.243 0.243 0.243 0.27 0.27 0.2805 0.2805 0.2425 0.2425 0.2485 0.2485 0.2485 0.277 0.277 0.295 0.295 0.2825 0.2825 0.2825 0.277 0.277 0.28 0.28 0.2645 0.2645 0.2645 0.259 0.259 0.2655 0.2655 0.2395 0.2395 0.2395 0.257 0.257 0.2805 0.2805 0.3015 0.3015 0.3015 0.2865 0.2865 0.3015 0.3015 0.2815 0.2815 0.293 0.293 0.293 0.335 0.335 0.3185 0.3185 0.3285 0.3285 0.3285 0.2795 0.2795 0.256 0.256 0.2895 0.2895 0.2895 0.309 0.309 0.3205 0.3205 0.283 0.283 0.283 0.263
0.2765 0.2765 0.2325 0.2325 0.294 0.294 0.243 0.243 0.243 0.27 0.27 0.2805 0.2805 0.2425 0.2425 0.2485 0.2485 0.2485 0.277 0.277 0.295 0.295 0.2825 0.2825 0.2825 0.277 0.277 0.28 0.28 0.2645 0.2645 0.2645 0.259 0.259 0.2655 0.2655 0.2395 0.2395 0.2395 0.257 0.257 0.2805 0.2805 0.3015 0.3015 0.3015 0.2865 0.2865 0.3015 0.3015 0.2815 0.2815 0.293 0.293 0.293 0.335 0.335 0.3185 0.3185 0.3285 0.3285 0.3285 0.2795 0.2795 0.256 0.256 0.2895 0.2895 0.2895 0.309 0.309 0.3205 0.3205 0.283 0.283 0.283 0.263
0.2985 0.2985 0.3065 0.3065 0.301 0.301 0.2865 0.2865 0.2865 0.2605 0.2605 0.2815 0.2815 0.2455 0.2455 0.2625 0.2625 0.2625 0.274 0.274 0.2565 0.2565 0.299 0.299 0.299 0.287 0.287 0.254 0.254 0.2385 0.2385 0.2385 0.2765 0.2765 0.2545 0.2545 0.25 0.25 0.25 0.241 0.241 0.279 0.279 0.2845 0.2845 0.2845 0.272 0.272 0.281 0.281 0.284 0.284 0.2855 0.2855 0.2855 0.27 0.27 0.2945 0.2945 0.301 0.301 0.301 0.281 0.281 0.287 0.287 0.32 0.32 0.32 0.3065 0.3065 0.3125 0.3125 0.312 0.312 0.312 0.2875
0.2985 0.2985 0.3065 0.3065 0.301 0.301 0.2865 0.2865 0.2865 0.2605 0.2605 0.2815 0.2815 0.2455 0.2455 0.2625 0.2625 0.2625 0.274 0.274 0.2565 0.2565 0.299 0.299 0.299 0.287 0.287 0.254 0.254 0.2385 0.2385 0.2385 0.2765 0.2765 0.2545 0.2545 0.25 0.25 0.25 0.241 0.241 0.279 0.279 0.2845 0.2845 0.2845 0.272 0.272 0.281 0.281 0.284 0.284 0.2855 0.2855 0.2855 0.27 0.27 0.2945 0.2945 0.301 0.301 0.301 0.281 0.281 0.287 0.287 0.32 0.32 0.32 0.3065 0.3065 0.3125 0.3125 0.312 0.312 0.312 0.2875
0.2815 0.2815 0.293 0.293 0.295 0.295 0.2695 0.2695 0.2695 0.294 0.294 0.254 0.254 0.2555 0.2555 0.26 0.26 0.26 0.284 0.284 0.2745 0.2745 0.299 0.299 0.299 0.2915 0.2915 0.284 0.284 0.2655 0.2655 0.2655 0.2855 0.2855 0.269 0.269 0.26 0.26 0.26 0.26 0.26 0.2735 0.2735 0.2645 0.2645 0.2645 0.2695 0.2695 0.2935 0.2935 0.2855 0.2855 0.2715 0.2715 0.2715 0.268 0.268 0.3015 0.3015 0.303 0.303 0.303 0.3175 0.3175 0.302 0.302 0.2895 0.2895 0.2895 0.305 0.305 0.3045 0.3045 0.322 0.322 0.322 0.2935
0.2815 0.2815 0.293 0.293 0.295 0.295 0.2695 0.2695 0.2695 0.294 0.294 0.254 0.254 0.2555 0.2555 0.26 0.26 0.26 0.284 0.284 0.2745 0.2745 0.299 0.299 0.299 0.2915 0.2915 0.284 0.284 0.2655 0.2655 0.2655 0.2855 0.2855 0.269 0.269 0.26 0.26 0.26 0.26 0.26 0.2735 0.2735 0.2645 0.2645 0.2645 0.2695 0.2695 0.2935 0.2935 0.2855 0.2855 0.2715 0.2715 0.2715 0.268 0.268 0.3015 0.3015 0.303 0.303 0.303 0.3175 0.3175 0.302 0.302 0.2895 0.2895 0.2895 0.305 0.305 0.3045 0.3045 0.322 0.322 0.322 0.2935
0.2815 0.2815 0.293 0.293 0.295 0.295 0.2695 0.2695 0.2695 0.294 0.294 0.254 0.254 0.2555 0.2555 0.26 0.26 0.26 0.284 0.284 0.2745 0.2745 0.299 0.299 0.299 0.2915 0.2915 0.284 0.284 0.2655 0.2655 0.2655 0.2855 0.2855 0.269 0.269 0.26 0.26 0.26 0.26 0.26 0.2735 0.2735 0.2645 0.2645 0.2645 0.2695 0.2695 0.2935 0.2935 0.2855 0.2855 0.2715 0.2715 0.2715 0.268 0.268 0.3015 0.3015 0.303 0.303 0.303 0.3175 0.3175 0.302 0.302 0.2895 0.2895 0.2895 0.305 0.305 0.3045 0.3045 0.322 0.322 0.322 0.2935
0.3145 0.3145 0.2965 0.2965 0.297 0.297 0.3115 0.3115 0.3115 0.2755 0.2755 0.298 0.298 0.308 0.308 0.2955 0.2955 0.2955 0.295 0.295 0.2555 0.2555 0.243 0.243 0.243 0.309 0.309 0.2485 0.2485 0.2785 0.2785 0.2785 0.3015 0.3015 0.2955 0.2955 0.273 0.273 0.273 0.272 0.272 0.274 0.274 0.2675 0.2675 0.2675 0.2575 0.2575 0.2765 0.2765 0.2775 0.2775 0.278 0.278 0.278 0.261 0.261 0.2855 0.2855 0.3015 0.3015 0.3015 0.338 0.338 0.336 0.336 0.334 0.334 0.334 0.286 0.286 0.281 0.281 0.2625 0.2625 0.2625 0.275
0.3145 0.3145 0.2965 0.2965 0.297 0.297 0.3115 0.3115 0.3115 0.2755 0.2755 0.298 0.298 0.308 0.308 0.2955 0.2955 0.2955 0.295 0.295 0.2555 0.2555 0.243 0.243 0.243 0.309 0.309 0.2485 0.2485 0.2785 0.2785 0.2785 0.3015 0.3015 0.2955 0.2955 0.273 0.273 0.273 0.272 0.272 0.274 0.274 0.2675 0.2675 0.2675 0.2575 0.2575 0.2765 0.2765 0.2775 0.2775 0.278 0.278 0.278 0.261 0.261 0.2855 0.2855 0.3015 0.3015 0.3015 0.338 0.338 0.336 0.336 0.334 0.334 0.334 0.286 0.286 0.281 0.281 0.2625 0.2625 0.2625 0.275
0.3135 0.3135 0.2825 0.2825 0.2985 0.2985 0.2315 0.2315 0.2315 0.3065 0.3065 0.2815 0.2815 0.2935 0.2935 0.2915 0.2915 0.2915 0.2675 0.2675 0.25 0.25 0.2745 0.2745 0.2745 0.2545 0.2545 0.2575 0.2575 0.2525 0.2525 0.2525 0.262 0.262 0.2905 0.2905 0.2795 0.2795 0.2795 0.3005 0.3005 0.2765 0.2765 0.2545 0.2545 0.2545 0.284 0.284 0.261 0.261 0.2655 0.2655 0.2675 0.2675 0.2675 0.246 0.246 0.289 0.289 0.3145 0.3145 0.3145 0.326 0.326 0.307 0.307 0.326 0.326 0.326 0.299 0.299 0.2785 0.2785 0.2485 0.2485 0.2485 0.2865
0.3135 0.3135 0.2825 0.2825 0.2985 0.2985 0.2315 0.2315 0.2315 0.3065 0.3065 0.2815 0.2815 0.2935 0.2935 0.2915 0.2915 0.2915 0.2675 0.2675 0.25 0.25 0.2745 0.2745 0.2745 0.2545 0.2545 0.2575 0.2575 0.2525 0.2525 0.2525 0.262 0.262 0.2905 0.2905 0.2795 0.2795 0.2795 0.3005 0.3005 0.2765 0.2765 0.2545 0.2545 0.2545 0.284 0.284 0.261 0.261 0.2655 0.2655 0.2675 0.2675 0.2675 0.246 0.246 0.289 0.289 0.3145 0.3145 0.3145 0.326 0.326 0.307 0.307 0.326 0.326 0.326 0.299 0.299 0.2785 0.2785 0.2485 0.2485 0.2485 0.2865
0.338 0.338 0.268 0.268 0.2845 0.2845 0.2935 0.2935 0.2935 0.2925 0.2925 0.3115 0.3115 0.27 0.27 0.3 0.3 0.3 0.2935 0.2935 0.2685 0.2685 0.2775 0.2775 0.2775 0.2915 0.2915 0.2495 0.2495 0.254 0.254 0.254 0.2585 0.2585 0.2595 0.2595 0.2415 0.2415 0.2415 0.28 0.28 0.2685 0.2685 0.259 0.259 0.259 0.2625 0.2625 0.2805 0.2805 0.287 0.287 0.274 0.274 0.274 0.2495 0.2495 0.2765 0.2765 0.278 0.278 0.278 0.286 0.286 0.2715 0.2715 0.274 0.274 0.274 0.2795 0.2795 0.2635 0.2635 0.2855 0.2855 0.2855 0.3065
0.338 0.338 0.268 0.268 0.2845 0.2845 0.2935 0.2935 0.2935 0.2925 0.2925 0.3115 0.3115 0.27 0.27 0.3 0.3 0.3 0.2935 0.2935 0.2685 0.2685 0.2775 0.2775 0.2775 0.2915 0.2915 0.2495 0.2495 0.254 0.254 0.254 0.2585 0.2585 0.2595 0.2595 0.2415 0.2415 0.2415 0.28 0.28 0.2685 0.2685 0.259 0.259 0.259 0.2625 0.2625 0.2805 0.2805 0.287 0.287 0.274 0.274 0.274 0.2495 0.2495 0.2765 0.2765 0.278 0.278 0.278 0.286 0.286 0.2715 0.2715 0.274 0.274 0.274 0.2795 0.2795 0.2635 0.2635 0.2855 0.2855 0.2855 0.3065
0.3625 0.3625 0.326 0.326 0.245 0.245 0.299 0.299 0.299 0.3065 0.3065 0.285 0.285 0.311 0.311 0.298 0.298 0.298 0.2495 0.2495 0.2635 0.2635 0.2875 0.2875 0.2875 0.274 0.274 0.287 0.287 0.265 0.265 0.265 0.2745 0.2745 0.298 0.298 0.272 0.272 0.272 0.263 0.263 0.2615 0.2615 0.258 0.258 0.258 0.271 0.271 0.2885 0.2885 0.2895 0.2895 0.266 0.266 0.266 0.302 0.302 0.299 0.299 0.2915 0.2915 0.2915 0.2595 0.2595 0.2955 0.2955 0.2805 0.2805 0.2805 0.2885 0.2885 0.2855 0.2855 0.2905 0.2905 0.2905 0.3055
0.3625 0.3625 0.326 0.326 0.245 0.245 0.299 0.299 0.299 0.3065 0.3065 0.285 0.285 0.311 0.311 0.298 0.298 0.298 0.2495 0.2495 0.2635 0.2635 0.2875 0.2875 0.2875 0.274 0.274 0.287 0.287 0.265 0.265 0.265 0.2745 0.2745 0.298 0.298 0.272 0.272 0.272 0.263 0.263 0.2615 0.2615 0.258 0.258 0.258 0.271 0.271 0.2885 0.2885 0.2895 0.2895 0.266 0.266 0.266 0.302 0.302 0.299 0.299 0.2915 0.2915 0.2915 0.2595 0.2595 0.2955 0.2955 0.2805 0.2805 0.2805 0.2885 0.2885 0.2855 0.2855 0.2905 0.2905 0.2905 0.3055
0.3625 0.3625 0.326 0.326 0.245 0.245 0.299 0.299 0.299 0.3065 0.3065 0.285 0.285 0.311 0.311 0.298 0.298 0.298 0.2495 0.2495 0.2635 0.2635 0.2875 0.2875 0.2875 0.274 0.274 0.287 0.287 0.265 0.265 0.265 0.2745 0.2745 0.298 0.298 0.272 0.272 0.272 0.263 0.263 0.2615 0.2615 0.258 0.258 0.258 0.271 0.271 0.2885 0.2885 0.2895 0.2895 0.266 0.266 0.266 0.302 0.302 0.299 0.299 0.2915 0.2915 0.2915 0.2595 0.2595 0.2955 0.2955 0.2805 0.2805 0.2805 0.2885 0.2885 0.2855 0.2855 0.2905 0.2905 0.2905 0.3055
0.3665 0.3665 0.3215 0.3215 0.3295 0.3295 0.3255 0.3255 0.3255 0.3105 0.3105 0.2825 0.2825 0.2725 0.2725 0.289 0.289 0.289 0.276 0.276 0.296 0.296 0.264 0.264 0.264 0.24 0.24 0.2335 0.2335 0.286 0.286 0.286 0.2505 0.2505 0.252 0.252 0.263 0.263 0.263 0.252 0.252 0.267 0.267 0.289 0.289 0.289 0.2995 0.2995 0.3055 0.3055 0.3005 0.3005 0.3045 0.3045 0.3045 0.274 0.274 0.3185 0.3185 0.2885 0.2885 0.2885 0.2545 0.2545 0.28 0.28 0.3145 0.3145 0.3145 0.3035 0.3035 0.303 0.303 0.305 0.305 0.305 0.305
0.3665 0.3665 0.3215 0.3215 0.3295 0.3295 0.3255 0.3255 0.3255 0.3105 0.3105 0.2825 0.2825 0.2725 0.2725 0.289 0.289 0.289 0.276 0.276 0.296 0.296 0.264 0.264 0.264 0.24 0.24 0.2335 0.2335 0.286 0.286 0.286 0.2505 0.2505 0.252 0.252 0.263 0.263 0.263 0.252 0.252 0.267 0.267 0.289 0.289 0.289 0.2995 0.2995 0.3055 0.3055 0.3005 0.3005 0.3045 0.3045 0.3045 0.274 0.274 0.3185 0.3185 0.2885 0.2885 0.2885 0.2545 0.2545 0.28 0.28 0.3145 0.3145 0.3145 0.3035 0.3035 0.303 0.303 0.305 0.305 0.305 0.305
0.3275 0.3275 0.335 0.335 0.307 0.307 0.297 0.297 0.297 0.2745 0.2745 0.29 0.29 0.299 0.299 0.31 0.31 0.31 0.31 0.31 0.2915 0.2915 0.3055 0.3055 0.3055 0.299 0.299 0.2765 0.2765 0.2965 0.2965 0.2965 0.27 0.27 0.2705 0.2705 0.2675 0.2675 0.2675 0.2985 0.2985 0.3055 0.3055 0.263 0.263 0.263 0.258 0.258 0.336 0.336 0.3275 0.3275 0.3165 0.3165 0.3165 0.257 0.257 0.296 0.296 0.2715 0.2715 0.2715 0.2585 0.2585 0.2945 0.2945 0.281 0.281 0.281 0.318 0.318 0.2995 0.2995 0.2975 0.2975 0.2975 0.326
0.3275 0.3275 0.335 0.335 0.307 0.307 0.297 0.297 0.297 0.2745 0.2745 0.29 0.29 0.299 0.299 0.31 0.31 0.31 0.31 0.31 0.2915 0.2915 0.3055 0.3055 0.3055 0.299 0.299 0.2765 0.2765 0.2965 0.2965 0.2965 0.27 0.27 0.2705 0.2705 0.2675 0.2675 0.2675 0.2985 0.2985 0.3055 0.3055 0.263 0.263 0.263 0.258 0.258 0.336 0.336 0.3275 0.3275 0.3165 0.3165 0.3165 0.257 0.257 0.296 0.296 0.2715 0.2715 0.2715 0.2585 0.2585 0.2945 0.2945 0.281 0.281 0.281 0.318 0.318 0.2995 0.2995 0.2975 0.2975 0.2975 0.326
0.289 0.289 0.278 0.278 0.319 0.319 0.302 0.302 0.302 0.294 0.294 0.2845 0.2845 0.2955 0.2955 0.286 0.286 0.286 0.2935 0.2935 0.3135 0.3135 0.3095 0.3095 0.3095 0.3025 0.3025 0.306 0.306 0.2855 0.2855 0.2855 0.2755 0.2755 0.2655 0.2655 0.2615 0.2615 0.2615 0.2895 0.2895 0.2785 0.2785 0.2955 0.2955 0.2955 0.3556 0.3556 0.3746 0.3746 0.3085 0.3085 0.3325 0.3325 0.3325 0.297 0.297 0.3706 0.3706 0.32 0.32 0.32 0.2915 0.2915 0.299 0.299 0.313 0.313 0.313 0.339 0.339 0.3225 0.3225 0.2725 0.2725 0.2725 0.336
0.289 0.289 0.278 0.278 0.319 0.319 0.302 0.302 0.302 0.294 0.294 0.2845 0.2845 0.2955 0.2955 0.286 0.286 0.286 0.2935 0.2935 0.3135 0.3135 0.3095 0.3095 0.3095 0.3025 0.3025 0.306 0.306 0.2855 0.2855 0.2855 0.2755 0.2755 0.2655 0.2655 0.2615 0.2615 0.2615 0.2895 0.2895 0.2785 0.2785 0.2955 0.2955 0.2955 0.3556 0.3556 0.3746 0.3746 0.3085 0.3085 0.3325 0.3325 0.3325 0.297 0.297 0.3706 0.3706 0.32 0.32 0.32 0.2915 0.2915 0.299 0.299 0.313 0.313 0.313 0.339 0.339 0.3225 0.3225 0.2725 0.2725 0.2725 0.336
0.289 0.289 0.278 0.278 0.319 0.319 0.302 0.302 0.302 0.294 0.294 0.2845 0.2845 0.2955 0.2955 0.286 0.286 0.286 0.2935 0.2935 0.3135 0.3135 0.3095 0.3095 0.3095 0.3025 0.3025 0.306 0.306 0.2855 0.2855 0.2855 0.2755 0.2755 0.2655 0.2655 0.2615 0.2615 0.2615 0.2895 0.2895 0.2785 0.2785 0.2955 0.2955 0.2955 0.3556 0.3556 0.3746 0.3746 0.3085 0.3085 0.3325 0.3325 0.3325 0.297 0.297 0.3706 0.3706 0.32 0.32 0.32 0.2915 0.2915 0.299 0.299 0.313 0.313 0.313 0.339 0.339 0.3225 0.3225 0.2725 0.2725 0.2725 0.336
