ndvi/NOAA-289.asc
ncols         252
nrows         154
xllcorner     -18.017974
yllcorner     13.481982
cellsize      0.035948
NODATA_value  -9999
[rows 68 to 101 of 154, columns 0 to 76 of 252]
-1 -1 -1 -1 -1 -1 -1 -1 -1 -1 -1 -1 -1 -1 -1 -1 -1 -1 -1 -1 -1 -1 -1 -1 -1 -1 -1 -1 -1 -1 -1 -1 -1 -1 -1 -1 -1 -1 -1 0.274 0.274 0.274 0.304 0.304 0.445 0.445 0.4575 0.4575 0.4575 0.374 0.374 0.344 0.344 0.2895 0.2895 0.2835 0.2835 0.2835 0.5035 0.5035 0.546 0.546 0.546 0.546 0.546 0.4125 0.4125 0.395 0.395 0.2325 0.2325 0.2325 0.22 0.22 0.236 0.236 0.229
-1 -1 -1 -1 -1 -1 -1 -1 -1 -1 -1 -1 -1 -1 -1 -1 -1 -1 -1 -1 -1 -1 -1 -1 -1 -1 -1 -1 -1 -1 -1 -1 -1 -1 -1 -1 -1 -1 -1 0.2675 0.2675 0.2675 0.3785 0.3785 0.383 0.383 0.3255 0.3255 0.3255 0.3165 0.3165 0.299 0.299 0.318 0.318 0.258 0.258 0.258 0.4235 0.4235 0.486 0.486 0.486 0.486 0.486 0.315 0.315 0.308 0.308 0.2815 0.2815 0.2815 0.2835 0.2835 0.28 0.28 0.2755
-1 -1 -1 -1 -1 -1 -1 -1 -1 -1 -1 -1 -1 -1 -1 -1 -1 -1 -1 -1 -1 -1 -1 -1 -1 -1 -1 -1 -1 -1 -1 -1 -1 -1 -1 -1 -1 -1 -1 0.2675 0.2675 0.2675 0.3785 0.3785 0.383 0.383 0.3255 0.3255 0.3255 0.3165 0.3165 0.299 0.299 0.318 0.318 0.258 0.258 0.258 0.4235 0.4235 0.486 0.486 0.486 0.486 0.486 0.315 0.315 0.308 0.308 0.2815 0.2815 0.2815 0.2835 0.2835 0.28 0.28 0.2755
-1 -1 -1 -1 -1 -1 -1 -1 -1 -1 -1 -1 -1 -1 -1 -1 -1 -1 -1 -1 -1 -1 -1 -1 -1 -1 -1 -1 -1 -1 -1 -1 -1 -1 -1 -1 -1 0.0967 0.0967 0.253 0.253 0.253 0.4685 0.4685 0.3895 0.3895 0.35 0.35 0.35 0.3075 0.3075 0.2735 0.2735 0.2835 0.2835 0.335 0.335 0.335 0.2475 0.2475 0.335 0.335 0.335 0.335 0.335 0.2715 0.2715 0.279 0.279 0.289 0.289 0.289 0.279 0.279 0.2755 0.2755 0.266
-1 -1 -1 -1 -1 -1 -1 -1 -1 -1 -1 -1 -1 -1 -1 -1 -1 -1 -1 -1 -1 -1 -1 -1 -1 -1 -1 -1 -1 -1 -1 -1 -1 -1 -1 -1 -1 0.0967 0.0967 0.253 0.253 0.253 0.4685 0.4685 0.3895 0.3895 0.35 0.35 0.35 0.3075 0.3075 0.2735 0.2735 0.2835 0.2835 0.335 0.335 0.335 0.2475 0.2475 0.335 0.335 0.335 0.335 0.335 0.2715 0.2715 0.279 0.279 0.289 0.289 0.289 0.279 0.279 0.2755 0.2755 0.266
-1 -1 -1 -1 -1 -1 -1 -1 -1 -1 -1 -1 -1 -1 -1 -1 -1 -1 -1 -1 -1 -1 -1 -1 -1 -1 -1 -1 -1 -1 -1 -1 -1 -1 -1 -1 -1 0.0967 0.0967 0.253 0.253 0.253 0.4685 0.4685 0.3895 0.3895 0.35 0.35 0.35 0.3075 0.3075 0.2735 0.2735 0.2835 0.2835 0.335 0.335 0.335 0.2475 0.2475 0.335 0.335 0.335 0.335 0.335 0.2715 0.2715 0.279 0.279 0.289 0.289 0.289 0.279 0.279 0.2755 0.2755 0.266
-1 -1 -1 -1 -1 -1 -1 -1 -1 -1 -1 -1 -1 -1 -1 -1 -1 -1 -1 -1 -1 -1 -1 -1 -1 -1 -1 -1 -1 -1 -1 -1 -1 -1 -1 -1 -1 0.0311 0.0311 0.194 0.194 0.194 0.3245 0.3245 0.3355 0.3355 0.2865 0.2865 0.2865 0.2045 0.2045 0.2795 0.2795 0.202 0.202 0.2525 0.2525 0.2525 0.259 0.259 0.2765 0.2765 0.2765 0.2765 0.2765 0.2845 0.2845 0.2855 0.2855 0.292 0.292 0.292 0.277 0.277 0.2705 0.2705 0.291
-1 -1 -1 -1 -1 -1 -1 -1 -1 -1 -1 -1 -1 -1 -1 -1 -1 -1 -1 -1 -1 -1 -1 -1 -1 -1 -1 -1 -1 -1 -1 -1 -1 -1 -1 -1 -1 0.0311 0.0311 0.194 0.194 0.194 0.3245 0.3245 0.3355 0.3355 0.2865 0.2865 0.2865 0.2045 0.2045 0.2795 0.2795 0.202 0.202 0.2525 0.2525 0.2525 0.259 0.259 0.2765 0.2765 0.2765 0.2765 0.2765 0.2845 0.2845 0.2855 0.2855 0.292 0.292 0.292 0.277 0.277 0.2705 0.2705 0.291
-1 -1 -1 -1 -1 -1 -1 -1 -1 -1 -1 -1 -1 -1 -1 -1 -1 -1 -1 -1 -1 -1 -1 -1 -1 -1 -1 -1 -1 -1 -1 -1 -1 -1 -1 -1 -1 0.0077 0.0077 0.198 0.198 0.198 0.3055 0.3055 0.3085 0.3085 0.288 0.288 0.288 0.269 0.269 0.266 0.266 0.3135 0.3135 0.2865 0.2865 0.2865 0.2625 0.2625 0.273 0.273 0.273 0.273 0.273 0.2755 0.2755 0.275 0.275 0.291 0.291 0.291 0.284 0.284 0.285 0.285 0.2785
-1 -1 -1 -1 -1 -1 -1 -1 -1 -1 -1 -1 -1 -1 -1 -1 -1 -1 -1 -1 -1 -1 -1 -1 -1 -1 -1 -1 -1 -1 -1 -1 -1 -1 -1 -1 -1 0.0077 0.0077 0.198 0.198 0.198 0.3055 0.3055 0.3085 0.3085 0.288 0.288 0.288 0.269 0.269 0.266 0.266 0.3135 0.3135 0.2865 0.2865 0.2865 0.2625 0.2625 0.273 0.273 0.273 0.273 0.273 0.2755 0.2755 0.275 0.275 0.291 0.291 0.291 0.284 0.284 0.285 0.285 0.2785
-1 -1 -1 -1 -1 -1 -1 -1 -1 -1 -1 -1 -1 -1 -1 -1 -1 -1 -1 -1 -1 -1 -1 -1 -1 -1 -1 -1 -1 -1 -1 -1 -1 -1 -1 -1 -1 0.0787 0.0787 0.2475 0.2475 0.2475 0.337 0.337 0.2605 0.2605 0.262 0.262 0.262 0.257 0.257 0.264 0.264 0.2995 0.2995 0.3295 0.3295 0.3295 0.2675 0.2675 0.251 0.251 0.251 0.251 0.251 0.2585 0.2585 0.2745 0.2745 0.2825 0.2825 0.2825 0.2925 0.2925 0.2895 0.2895 0.2655
-1 -1 -1 -1 -1 -1 -1 -1 -1 -1 -1 -1 -1 -1 -1 -1 -1 -1 -1 -1 -1 -1 -1 -1 -1 -1 -1 -1 -1 -1 -1 -1 -1 -1 -1 -1 -1 0.0787 0.0787 0.2475 0.2475 0.2475 0.337 0.337 0.2605 0.2605 0.262 0.262 0.262 0.257 0.257 0.264 0.264 0.2995 0.2995 0.3295 0.3295 0.3295 0.2675 0.2675 0.251 0.251 0.251 0.251 0.251 0.2585 0.2585 0.2745 0.2745 0.2825 0.2825 0.2825 0.2925 0.2925 0.2895 0.2895 0.2655
-1 -1 -1 -1 -1 -1 -1 -1 -1 -1 -1 -1 -1 -1 -1 -1 -1 -1 -1 -1 -1 -1 -1 -1 -1 -1 -1 -1 -1 -1 -1 -1 -1 -1 -1 -1 -1 0.0797 0.0797 0.24 0.24 0.24 0.2975 0.2975 0.2615 0.2615 0.257 0.257 0.257 0.2495 0.2495 0.283 0.283 0.2635 0.2635 0.292 0.292 0.292 0.24 0.24 0.248 0.248 0.248 0.248 0.248 0.2305 0.2305 0.258 0.258 0.2545 0.2545 0.2545 0.2825 0.2825 0.2665 0.2665 0.2595
-1 -1 -1 -1 -1 -1 -1 -1 -1 -1 -1 -1 -1 -1 -1 -1 -1 -1 -1 -1 -1 -1 -1 -1 -1 -1 -1 -1 -1 -1 -1 -1 -1 -1 -1 -1 -1 0.0797 0.0797 0.24 0.24 0.24 0.2975 0.2975 0.2615 0.2615 0.257 0.257 0.257 0.2495 0.2495 0.283 0.283 0.2635 0.2635 0.292 0.292 0.292 0.24 0.24 0.248 0.248 0.248 0.248 0.248 0.2305 0.2305 0.258 0.258 0.2545 0.2545 0.2545 0.2825 0.2825 0.2665 0.2665 0.2595
-1 -1 -1 -1 -1 -1 -1 -1 -1 -1 -1 -1 -1 -1 -1 -1 -1 -1 -1 -1 -1 -1 -1 -1 -1 -1 -1 -1 -1 -1 -1 -1 -1 -1 -1 -1 -1 0.0797 0.0797 0.24 0.24 0.24 0.2975 0.2975 0.2615 0.2615 0.257 0.257 0.257 0.2495 0.2495 0.283 0.283 0.2635 0.2635 0.292 0.292 0.292 0.24 0.24 0.248 0.248 0.248 0.248 0.248 0.2305 0.2305 0.258 0.258 0.2545 0.2545 0.2545 0.2825 0.2825 0.2665 0.2665 0.2595
-1 -1 -1 -1 -1 -1 -1 -1 -1 -1 -1 -1 -1 -1 -1 -1 -1 -1 -1 -1 -1 -1 -1 -1 -1 -1 -1 -1 -1 -1 -1 -1 -1 -1 -1 -1 -1 0.1052 0.1052 0.3045 0.3045 0.3045 0.273 0.273 0.2615 0.2615 0.2605 0.2605 0.2605 0.2555 0.2555 0.2405 0.2405 0.287 0.287 0.302 0.302 0.302 0.2485 0.2485 0.251 0.251 0.251 0.251 0.251 0.253 0.253 0.2725 0.2725 0.2765 0.2765 0.2765 0.286 0.286 0.2525 0.2525 0.2485
-1 -1 -1 -1 -1 -1 -1 -1 -1 -1 -1 -1 -1 -1 -1 -1 -1 -1 -1 -1 -1 -1 -1 -1 -1 -1 -1 -1 -1 -1 -1 -1 -1 -1 -1 -1 -1 0.1052 0.1052 0.3045 0.3045 0.3045 0.273 0.273 0.2615 0.2615 0.2605 0.2605 0.2605 0.2555 0.2555 0.2405 0.2405 0.287 0.287 0.302 0.302 0.302 0.2485 0.2485 0.251 0.251 0.251 0.251 0.251 0.253 0.253 0.2725 0.2725 0.2765 0.2765 0.2765 0.286 0.286 0.2525 0.2525 0.2485
-1 -1 -1 -1 -1 -1 -1 -1 -1 -1 -1 -1 -1 -1 -1 -1 -1 -1 -1 -1 -1 -1 -1 -1 -1 -1 -1 -1 -1 -1 -1 -1 -1 -1 -1 -1 -1 0.1105 0.1105 0.305 0.305 0.305 0.278 0.278 0.2475 0.2475 0.2325 0.2325 0.2325 0.251 0.251 0.2515 0.2515 0.2455 0.2455 0.26 0.26 0.26 0.2645 0.2645 0.2705 0.2705 0.2705 0.2705 0.2705 0.275 0.275 0.2775 0.2775 0.2875 0.2875 0.2875 0.2845 0.2845 0.2775 0.2775 0.2455
-1 -1 -1 -1 -1 -1 -1 -1 -1 -1 -1 -1 -1 -1 -1 -1 -1 -1 -1 -1 -1 -1 -1 -1 -1 -1 -1 -1 -1 -1 -1 -1 -1 -1 -1 -1 -1 0.1105 0.1105 0.305 0.305 0.305 0.278 0.278 0.2475 0.2475 0.2325 0.2325 0.2325 0.251 0.251 0.2515 0.2515 0.2455 0.2455 0.26 0.26 0.26 0.2645 0.2645 0.2705 0.2705 0.2705 0.2705 0.2705 0.275 0.275 0.2775 0.2775 0.2875 0.2875 0.2875 0.2845 0.2845 0.2775 0.2775 0.2455
-1 -1 -1 -1 -1 -1 -1 -1 -1 -1 -1 -1 -1 -1 -1 -1 -1 -1 -1 -1 -1 -1 -1 -1 -1 -1 -1 -1 -1 -1 -1 -1 -1 -1 -1 0.0082 0.0082 0.312 0.312 0.2645 0.2645 0.2645 0.264 0.264 0.2425 0.2425 0.247 0.247 0.247 0.2585 0.2585 0.266 0.266 0.2605 0.2605 0.2725 0.2725 0.2725 0.282 0.282 0.2745 0.2745 0.2745 0.2745 0.2745 0.2655 0.2655 0.2565 0.2565 0.274 0.274 0.274 0.277 0.277 0.2715 0.2715 0.243
-1 -1 -1 -1 -1 -1 -1 -1 -1 -1 -1 -1 -1 -1 -1 -1 -1 -1 -1 -1 -1 -1 -1 -1 -1 -1 -1 -1 -1 -1 -1 -1 -1 -1 -1 0.0082 0.0082 0.312 0.312 0.2645 0.2645 0.2645 0.264 0.264 0.2425 0.2425 0.247 0.247 0.247 0.2585 0.2585 0.266 0.266 0.2605 0.2605 0.2725 0.2725 0.2725 0.282 0.282 0.2745 0.2745 0.2745 0.2745 0.2745 0.2655 0.2655 0.2565 0.2565 0.274 0.274 0.274 0.277 0.277 0.2715 0.2715 0.243
-1 -1 -1 -1 -1 -1 -1 -1 -1 -1 -1 -1 -1 -1 -1 -1 -1 -1 -1 -1 -1 -1 -1 -1 -1 -1 -1 -1 -1 -1 -1 -1 -1 -1 -1 0.0082 0.0082 0.312 0.312 0.2645 0.2645 0.2645 0.264 0.264 0.2425 0.2425 0.247 0.247 0.247 0.2585 0.2585 0.266 0.266 0.2605 0.2605 0.2725 0.2725 0.2725 0.282 0.282 0.2745 0.2745 0.2745 0.2745 0.2745 0.2655 0.2655 0.2565 0.2565 0.274 0.274 0.274 0.277 0.277 0.2715 0.2715 0.243
-1 -1 -1 -1 -1 -1 -1 -1 -1 -1 -1 -1 -1 -1 -1 -1 -1 -1 -1 -1 -1 -1 -1 -1 -1 -1 -1 -1 -1 -1 -1 -1 -1 -1 -1 0.1815 0.1815 0.2915 0.2915 0.286 0.286 0.286 0.2675 0.2675 0.2725 0.2725 0.2815 0.2815 0.2815 0.2735 0.2735 0.28 0.28 0.2835 0.2835 0.285 0.285 0.285 0.2865 0.2865 0.2945 0.2945 0.2945 0.2945 0.2945 0.283 0.283 0.296 0.296 0.283 0.283 0.283 0.2755 0.2755 0.2595 0.2595 0.2785
-1 -1 -1 -1 -1 -1 -1 -1 -1 -1 -1 -1 -1 -1 -1 -1 -1 -1 -1 -1 -1 -1 -1 -1 -1 -1 -1 -1 -1 -1 -1 -1 -1 -1 -1 0.1815 0.1815 0.2915 0.2915 0.286 0.286 0.286 0.2675 0.2675 0.2725 0.2725 0.2815 0.2815 0.2815 0.2735 0.2735 0.28 0.28 0.2835 0.2835 0.285 0.285 0.285 0.2865 0.2865 0.2945 0.2945 0.2945 0.2945 0.2945 0.283 0.283 0.296 0.296 0.283 0.283 0.283 0.2755 0.2755 0.2595 0.2595 0.2785
-1 -1 -1 -1 -1 -1 -1 -1 -1 -1 -1 -1 -1 -1 -1 -1 -1 -1 -1 -1 -1 -1 -1 -1 -1 -1 -1 -1 -1 -1 -1 -1 0.0767 0.0767 0.0767 0.274 0.274 0.2765 0.2765 0.2495 0.2495 0.2495 0.258 0.258 0.2745 0.2745 0.2695 0.2695 0.2695 0.275 0.275 0.2775 0.2775 0.2805 0.2805 0.282 0.282 0.282 0.285 0.285 0.305 0.305 0.305 0.305 0.305 0.288 0.288 0.2905 0.2905 0.2785 0.2785 0.2785 0.269 0.269 0.273 0.273 0.268
-1 -1 -1 -1 -1 -1 -1 -1 -1 -1 -1 -1 -1 -1 -1 -1 -1 -1 -1 -1 -1 -1 -1 -1 -1 -1 -1 -1 -1 -1 -1 -1 0.0767 0.0767 0.0767 0.274 0.274 0.2765 0.2765 0.2495 0.2495 0.2495 0.258 0.258 0.2745 0.2745 0.2695 0.2695 0.2695 0.275 0.275 0.2775 0.2775 0.2805 0.2805 0.282 0.282 0.282 0.285 0.285 0.305 0.305 0.305 0.305 0.305 0.288 0.288 0.2905 0.2905 0.2785 0.2785 0.2785 0.269 0.269 0.273 0.273 0.268
-1 -1 -1 -1 -1 -1 -1 -1 -1 -1 -1 -1 -1 -1 -1 -1 -1 -1 -1 -1 -1 -1 -1 -1 -1 -1 -1 -1 -1 -1 0.0452 0.0452 0.328 0.328 0.328 0.3035 0.3035 0.273 0.273 0.248 0.248 0.248 0.256 0.256 0.2765 0.2765 0.281 0.281 0.281 0.27 0.27 0.277 0.277 0.2715 0.2715 0.273 0.273 0.273 0.2915 0.2915 0.287 0.287 0.287 0.287 0.287 0.2845 0.2845 0.2905 0.2905 0.296 0.296 0.296 0.2815 0.2815 0.286 0.286 0.277
-1 -1 -1 -1 -1 -1 -1 -1 -1 -1 -1 -1 -1 -1 -1 -1 -1 -1 -1 -1 -1 -1 -1 -1 -1 -1 -1 -1 -1 -1 0.0452 0.0452 0.328 0.328 0.328 0.3035 0.3035 0.273 0.273 0.248 0.248 0.248 0.256 0.256 0.2765 0.2765 0.281 0.281 0.281 0.27 0.27 0.277 0.277 0.2715 0.2715 0.273 0.273 0.273 0.2915 0.2915 0.287 0.287 0.287 0.287 0.287 0.2845 0.2845 0.2905 0.2905 0.296 0.296 0.296 0.2815 0.2815 0.286 0.286 0.277
-1 -1 -1 -1 -1 -1 -1 -1 -1 -1 -1 -1 -1 -1 -1 -1 -1 -1 -1 -1 -1 -1 -1 -1 -1 -1 -1 -1 -1 -1 0.0452 0.0452 0.328 0.328 0.328 0.3035 0.3035 0.273 0.273 0.248 0.248 0.248 0.256 0.256 0.2765 0.2765 0.281 0.281 0.281 0.27 0.27 0.277 0.277 0.2715 0.2715 0.273 0.273 0.273 0.2915 0.2915 0.287 0.287 0.287 0.287 0.287 0.2845 0.2845 0.2905 0.2905 0.296 0.296 0.296 0.2815 0.2815 0.286 0.286 0.277
-1 -1 -1 -1 -1 -1 -1 -1 -1 -1 -1 -1 -1 -1 -1 -1 -1 -1 -1 -1 -1 -1 -1 -1 -1 -1 -1 -1 -1 -1 0.1255 0.1255 0.3425 0.3425 0.3425 0.2915 0.2915 0.265 0.265 0.25 0.25 0.25 0.276 0.276 0.2845 0.2845 0.289 0.289 0.289 0.277 0.277 0.2985 0.2985 0.2745 0.2745 0.274 0.274 0.274 0.2985 0.2985 0.295 0.295 0.295 0.295 0.295 0.292 0.292 0.2825 0.2825 0.279 0.279 0.279 0.262 0.262 0.2665 0.2665 0.282
-1 -1 -1 -1 -1 -1 -1 -1 -1 -1 -1 -1 -1 -1 -1 -1 -1 -1 -1 -1 -1 -1 -1 -1 -1 -1 -1 -1 -1 -1 0.1255 0.1255 0.3425 0.3425 0.3425 0.2915 0.2915 0.265 0.265 0.25 0.25 0.25 0.276 0.276 0.2845 0.2845 0.289 0.289 0.289 0.277 0.277 0.2985 0.2985 0.2745 0.2745 0.274 0.274 0.274 0.2985 0.2985 0.295 0.295 0.295 0.295 0.295 0.292 0.292 0.2825 0.2825 0.279 0.279 0.279 0.262 0.262 0.2665 0.2665 0.282
-1 -1 -1 -1 -1 -1 -1 -1 -1 -1 -1 -1 -1 -1 -1 -1 -1 -1 -1 -1 -1 -1 -1 -1 -1 -1 -1 -1 0.0681 0.0681 0.3205 0.3205 0.3215 0.3215 0.3215 0.294 0.294 0.2645 0.2645 0.258 0.258 0.258 0.254 0.254 0.2695 0.2695 0.295 0.295 0.295 0.285 0.285 0.2975 0.2975 0.299 0.299 0.299 0.299 0.299 0.287 0.287 0.293 0.293 0.293 0.293 0.293 0.2855 0.2855 0.2995 0.2995 0.2855 0.2855 0.2855 0.281 0.281 0.2955 0.2955 0.284
-1 -1 -1 -1 -1 -1 -1 -1 -1 -1 -1 -1 -1 -1 -1 -1 -1 -1 -1 -1 -1 -1 -1 -1 -1 -1 -1 -1 0.0681 0.0681 0.3205 0.3205 0.3215 0.3215 0.3215 0.294 0.294 0.2645 0.2645 0.258 0.258 0.258 0.254 0.254 0.2695 0.2695 0.295 0.295 0.295 0.285 0.285 0.2975 0.2975 0.299 0.299 0.299 0.299 0.299 0.287 0.287 0.293 0.293 0.293 0.293 0.293 0.2855 0.2855 0.2995 0.2995 0.2855 0.2855 0.2855 0.281 0.281 0.2955 0.2955 0.284
-1 -1 -1 -1 -1 -1 -1 -1 -1 -1 -1 -1 -1 -1 -1 -1 -1 -1 -1 -1 -1 -1 -1 -1 -1 0.0182 0.0182 0.0182 0.229 0.229 0.4035 0.4035 0.3315 0.3315 0.3315 0.2875 0.2875 0.272 0.272 0.2675 0.2675 0.2675 0.278 0.278 0.2935 0.2935 0.284 0.284 0.284 0.2995 0.2995 0.294 0.294 0.287 0.287 0.303 0.303 0.303 0.293 0.293 0.289 0.289 0.289 0.289 0.289 0.2825 0.2825 0.284 0.284 0.276 0.276 0.276 0.285 0.285 0.287 0.287 0.312
