ndvi/NOAA-4.asc
ncols         252
nrows         154
xllcorner     -18.017974
yllcorner     13.481982
cellsize      0.035948
NODATA_value  -9999
[rows 35 to 69 of 154, columns 77 to 153 of 252]
0.135 0.135 0.127 0.127 0.1295 0.1295 0.131 0.131 0.131 0.126 0.126 0.1335 0.1335 0.138 0.138 0.1405 0.1405 0.1405 0.142 0.142 0.132 0.132 0.1375 0.1375 0.1375 0.1375 0.1375 0.1355 0.1355 0.1375 0.1375 0.1375 0.14 0.14 0.1375 0.1375 0.1345 0.1345 0.1345 0.141 0.141 0.136 0.136 0.136 0.136 0.136 0.1415 0.1415 0.1385 0.1385 0.143 0.143 0.1495 0.1495 0.1495 0.1315 0.1315 0.1495 0.1495 0.145 0.145 0.145 0.148 0.148 0.15 0.15 0.149 0.149 0.149 0.147 0.147 0.1305 0.1305 0.1015 0.1015 0.1015 0.121
0.135 0.135 0.127 0.127 0.1295 0.1295 0.131 0.131 0.131 0.126 0.126 0.1335 0.1335 0.138 0.138 0.1405 0.1405 0.1405 0.142 0.142 0.132 0.132 0.1375 0.1375 0.1375 0.1375 0.1375 0.1355 0.1355 0.1375 0.1375 0.1375 0.14 0.14 0.1375 0.1375 0.1345 0.1345 0.1345 0.141 0.141 0.136 0.136 0.136 0.136 0.136 0.1415 0.1415 0.1385 0.1385 0.143 0.143 0.1495 0.1495 0.1495 0.1315 0.1315 0.1495 0.1495 0.145 0.145 0.145 0.148 0.148 0.15 0.15 0.149 0.149 0.149 0.147 0.147 0.1305 0.1305 0.1015 0.1015 0.1015 0.121
0.13 0.13 0.129 0.129 0.1385 0.1385 0.133 0.133 0.133 0.134 0.134 0.1425 0.1425 0.1485 0.1485 0.139 0.139 0.139 0.1325 0.1325 0.1285 0.1285 0.128 0.128 0.128 0.138 0.138 0.1345 0.1345 0.133 0.133 0.133 0.1425 0.1425 0.1485 0.1485 0.1495 0.1495 0.1495 0.149 0.149 0.1385 0.1385 0.143 0.143 0.143 0.154 0.154 0.151 0.151 0.146 0.146 0.1445 0.1445 0.1445 0.1445 0.1445 0.1785 0.1785 0.176 0.176 0.176 0.1645 0.1645 0.161 0.161 0.1565 0.1565 0.1565 0.1535 0.1535 0.1095 0.1095 0.095 0.095 0.095 0.117
0.13 0.13 0.129 0.129 0.1385 0.1385 0.133 0.133 0.133 0.134 0.134 0.1425 0.1425 0.1485 0.1485 0.139 0.139 0.139 0.1325 0.1325 0.1285 0.1285 0.128 0.128 0.128 0.138 0.138 0.1345 0.1345 0.133 0.133 0.133 0.1425 0.1425 0.1485 0.1485 0.1495 0.1495 0.1495 0.149 0.149 0.1385 0.1385 0.143 0.143 0.143 0.154 0.154 0.151 0.151 0.146 0.146 0.1445 0.1445 0.1445 0.1445 0.1445 0.1785 0.1785 0.176 0.176 0.176 0.1645 0.1645 0.161 0.161 0.1565 0.1565 0.1565 0.1535 0.1535 0.1095 0.1095 0.095 0.095 0.095 0.117
0.137 0.137 0.133 0.133 0.129 0.129 0.1305 0.1305 0.1305 0.1425 0.1425 0.1455 0.1455 0.151 0.151 0.152 0.152 0.152 0.1295 0.1295 0.1245 0.1245 0.138 0.138 0.138 0.1415 0.1415 0.1445 0.1445 0.1525 0.1525 0.1525 0.149 0.149 0.1555 0.1555 0.1535 0.1535 0.1535 0.1435 0.1435 0.135 0.135 0.1585 0.1585 0.1585 0.168 0.168 0.164 0.164 0.164 0.164 0.1955 0.1955 0.1955 0.1665 0.1665 0.1795 0.1795 0.169 0.169 0.169 0.164 0.164 0.149 0.149 0.1445 0.1445 0.1445 0.1365 0.1365 0.099 0.099 0.09999999 0.09999999 0.09999999 0.1185
0.137 0.137 0.133 0.133 0.129 0.129 0.1305 0.1305 0.1305 0.1425 0.1425 0.1455 0.1455 0.151 0.151 0.152 0.152 0.152 0.1295 0.1295 0.1245 0.1245 0.138 0.138 0.138 0.1415 0.1415 0.1445 0.1445 0.1525 0.1525 0.1525 0.149 0.149 0.1555 0.1555 0.1535 0.1535 0.1535 0.1435 0.1435 0.135 0.135 0.1585 0.1585 0.1585 0.168 0.168 0.164 0.164 0.164 0.164 0.1955 0.1955 0.1955 0.1665 0.1665 0.1795 0.1795 0.169 0.169 0.169 0.164 0.164 0.149 0.149 0.1445 0.1445 0.1445 0.1365 0.1365 0.099 0.099 0.09999999 0.09999999 0.09999999 0.1185
0.1445 0.1445 0.1385 0.1385 0.135 0.135 0.136 0.136 0.136 0.138 0.138 0.1425 0.1425 0.144 0.144 0.1445 0.1445 0.1445 0.1285 0.1285 0.1255 0.1255 0.1315 0.1315 0.1315 0.1375 0.1375 0.154 0.154 0.1575 0.1575 0.1575 0.1575 0.1575 0.1455 0.1455 0.1555 0.1555 0.1555 0.1505 0.1505 0.171 0.171 0.1715 0.1715 0.1715 0.1685 0.1685 0.1655 0.1655 0.1705 0.1705 0.2 0.2 0.2 0.1715 0.1715 0.1635 0.1635 0.162 0.162 0.162 0.1495 0.1495 0.151 0.151 0.1135 0.1135 0.1135 0.14 0.14 0.13 0.13 0.11 0.11 0.11 0.112
0.1445 0.1445 0.1385 0.1385 0.135 0.135 0.136 0.136 0.136 0.138 0.138 0.1425 0.1425 0.144 0.144 0.1445 0.1445 0.1445 0.1285 0.1285 0.1255 0.1255 0.1315 0.1315 0.1315 0.1375 0.1375 0.154 0.154 0.1575 0.1575 0.1575 0.1575 0.1575 0.1455 0.1455 0.1555 0.1555 0.1555 0.1505 0.1505 0.171 0.171 0.1715 0.1715 0.1715 0.1685 0.1685 0.1655 0.1655 0.1705 0.1705 0.2 0.2 0.2 0.1715 0.1715 0.1635 0.1635 0.162 0.162 0.162 0.1495 0.1495 0.151 0.151 0.1135 0.1135 0.1135 0.14 0.14 0.13 0.13 0.11 0.11 0.11 0.112
0.1445 0.1445 0.1385 0.1385 0.135 0.135 0.136 0.136 0.136 0.138 0.138 0.1425 0.1425 0.144 0.144 0.1445 0.1445 0.1445 0.1285 0.1285 0.1255 0.1255 0.1315 0.1315 0.1315 0.1375 0.1375 0.154 0.154 0.1575 0.1575 0.1575 0.1575 0.1575 0.1455 0.1455 0.1555 0.1555 0.1555 0.1505 0.1505 0.171 0.171 0.1715 0.1715 0.1715 0.1685 0.1685 0.1655 0.1655 0.1705 0.1705 0.2 0.2 0.2 0.1715 0.1715 0.1635 0.1635 0.162 0.162 0.162 0.1495 0.1495 0.151 0.151 0.1135 0.1135 0.1135 0.14 0.14 0.13 0.13 0.11 0.11 0.11 0.112
0.149 0.149 0.1495 0.1495 0.137 0.137 0.135 0.135 0.135 0.138 0.138 0.139 0.139 0.1475 0.1475 0.149 0.149 0.149 0.1455 0.1455 0.1265 0.1265 0.136 0.136 0.136 0.1495 0.1495 0.153 0.153 0.1525 0.1525 0.1525 0.1695 0.1695 0.175 0.175 0.1765 0.1765 0.1765 0.1745 0.1745 0.1675 0.1675 0.1695 0.1695 0.1695 0.15 0.15 0.1445 0.1445 0.1485 0.1485 0.1725 0.1725 0.1725 0.158 0.158 0.1625 0.1625 0.1385 0.1385 0.1385 0.135 0.135 0.1225 0.1225 0.126 0.126 0.126 0.128 0.128 0.1145 0.1145 0.0925 0.0925 0.0925 0.095
0.149 0.149 0.1495 0.1495 0.137 0.137 0.135 0.135 0.135 0.138 0.138 0.139 0.139 0.1475 0.1475 0.149 0.149 0.149 0.1455 0.1455 0.1265 0.1265 0.136 0.136 0.136 0.1495 0.1495 0.153 0.153 0.1525 0.1525 0.1525 0.1695 0.1695 0.175 0.175 0.1765 0.1765 0.1765 0.1745 0.1745 0.1675 0.1675 0.1695 0.1695 0.1695 0.15 0.15 0.1445 0.1445 0.1485 0.1485 0.1725 0.1725 0.1725 0.158 0.158 0.1625 0.1625 0.1385 0.1385 0.1385 0.135 0.135 0.1225 0.1225 0.126 0.126 0.126 0.128 0.128 0.1145 0.1145 0.0925 0.0925 0.0925 0.095
0.16 0.16 0.155 0.155 0.144 0.144 0.141 0.141 0.141 0.1315 0.1315 0.136 0.136 0.14 0.14 0.142 0.142 0.142 0.1405 0.1405 0.1495 0.1495 0.148 0.148 0.148 0.1395 0.1395 0.149 0.149 0.17 0.17 0.17 0.199 0.199 0.2095 0.2095 0.1795 0.1795 0.1795 0.146 0.146 0.1285 0.1285 0.132 0.132 0.132 0.1515 0.1515 0.1835 0.1835 0.1775 0.1775 0.1685 0.1685 0.1685 0.1595 0.1595 0.1625 0.1625 0.1585 0.1585 0.1585 0.151 0.151 0.139 0.139 0.135 0.135 0.135 0.132 0.132 0.1265 0.1265 0.106 0.106 0.106 0.102
0.16 0.16 0.155 0.155 0.144 0.144 0.141 0.141 0.141 0.1315 0.1315 0.136 0.136 0.14 0.14 0.142 0.142 0.142 0.1405 0.1405 0.1495 0.1495 0.148 0.148 0.148 0.1395 0.1395 0.149 0.149 0.17 0.17 0.17 0.199 0.199 0.2095 0.2095 0.1795 0.1795 0.1795 0.146 0.146 0.1285 0.1285 0.132 0.132 0.132 0.1515 0.1515 0.1835 0.1835 0.1775 0.1775 0.1685 0.1685 0.1685 0.1595 0.1595 0.1625 0.1625 0.1585 0.1585 0.1585 0.151 0.151 0.139 0.139 0.135 0.135 0.135 0.132 0.132 0.1265 0.1265 0.106 0.106 0.106 0.102
0.178 0.178 0.1565 0.1565 0.158 0.158 0.143 0.143 0.143 0.15 0.15 0.1405 0.1405 0.1455 0.1455 0.1695 0.1695 0.1695 0.174 0.174 0.1705 0.1705 0.1715 0.1715 0.1715 0.1715 0.1715 0.183 0.183 0.1855 0.1855 0.1855 0.216 0.216 0.218 0.218 0.1565 0.1565 0.1565 0.133 0.133 0.1335 0.1335 0.148 0.148 0.148 0.1725 0.1725 0.1695 0.1695 0.162 0.162 0.1665 0.1665 0.1665 0.152 0.152 0.16 0.16 0.15 0.15 0.15 0.155 0.155 0.149 0.149 0.1415 0.1415 0.1415 0.15 0.15 0.1525 0.1525 0.1155 0.1155 0.1155 0.1125
0.178 0.178 0.1565 0.1565 0.158 0.158 0.143 0.143 0.143 0.15 0.15 0.1405 0.1405 0.1455 0.1455 0.1695 0.1695 0.1695 0.174 0.174 0.1705 0.1705 0.1715 0.1715 0.1715 0.1715 0.1715 0.183 0.183 0.1855 0.1855 0.1855 0.216 0.216 0.218 0.218 0.1565 0.1565 0.1565 0.133 0.133 0.1335 0.1335 0.148 0.148 0.148 0.1725 0.1725 0.1695 0.1695 0.162 0.162 0.1665 0.1665 0.1665 0.152 0.152 0.16 0.16 0.15 0.15 0.15 0.155 0.155 0.149 0.149 0.1415 0.1415 0.1415 0.15 0.15 0.1525 0.1525 0.1155 0.1155 0.1155 0.1125
0.178 0.178 0.1565 0.1565 0.158 0.158 0.143 0.143 0.143 0.15 0.15 0.1405 0.1405 0.1455 0.1455 0.1695 0.1695 0.1695 0.174 0.174 0.1705 0.1705 0.1715 0.1715 0.1715 0.1715 0.1715 0.183 0.183 0.1855 0.1855 0.1855 0.216 0.216 0.218 0.218 0.1565 0.1565 0.1565 0.133 0.133 0.1335 0.1335 0.148 0.148 0.148 0.1725 0.1725 0.1695 0.1695 0.162 0.162 0.1665 0.1665 0.1665 0.152 0.152 0.16 0.16 0.15 0.15 0.15 0.155 0.155 0.149 0.149 0.1415 0.1415 0.1415 0.15 0.15 0.1525 0.1525 0.1155 0.1155 0.1155 0.1125
0.1695 0.1695 0.1735 0.1735 0.173 0.173 0.177 0.177 0.177 0.1765 0.1765 0.1785 0.1785 0.1815 0.1815 0.176 0.176 0.176 0.182 0.182 0.188 0.188 0.1875 0.1875 0.1875 0.1835 0.1835 0.188 0.188 0.181 0.181 0.181 0.1805 0.1805 0.1945 0.1945 0.155 0.155 0.155 0.124 0.124 0.1185 0.1185 0.1395 0.1395 0.1395 0.1445 0.1445 0.1325 0.1325 0.159 0.159 0.1635 0.1635 0.1635 0.164 0.164 0.157 0.157 0.164 0.164 0.164 0.1755 0.1755 0.1665 0.1665 0.165 0.165 0.165 0.171 0.171 0.1745 0.1745 0.1365 0.1365 0.1365 0.1045
0.1695 0.1695 0.1735 0.1735 0.173 0.173 0.177 0.177 0.177 0.1765 0.1765 0.1785 0.1785 0.1815 0.1815 0.176 0.176 0.176 0.182 0.182 0.188 0.188 0.1875 0.1875 0.1875 0.1835 0.1835 0.188 0.188 0.181 0.181 0.181 0.1805 0.1805 0.1945 0.1945 0.155 0.155 0.155 0.124 0.124 0.1185 0.1185 0.1395 0.1395 0.1395 0.1445 0.1445 0.1325 0.1325 0.159 0.159 0.1635 0.1635 0.1635 0.164 0.164 0.157 0.157 0.164 0.164 0.164 0.1755 0.1755 0.1665 0.1665 0.165 0.165 0.165 0.171 0.171 0.1745 0.1745 0.1365 0.1365 0.1365 0.1045
0.183 0.183 0.1685 0.1685 0.1825 0.1825 0.181 0.181 0.181 0.1875 0.1875 0.1885 0.1885 0.1925 0.1925 0.191 0.191 0.191 0.1885 0.1885 0.186 0.186 0.185 0.185 0.185 0.189 0.189 0.181 0.181 0.167 0.167 0.167 0.1475 0.1475 0.1965 0.1965 0.1795 0.1795 0.1795 0.1665 0.1665 0.1365 0.1365 0.1375 0.1375 0.1375 0.1185 0.1185 0.1165 0.1165 0.1645 0.1645 0.171 0.171 0.171 0.184 0.184 0.1985 0.1985 0.199 0.199 0.199 0.2105 0.2105 0.2 0.2 0.1765 0.1765 0.1765 0.1685 0.1685 0.1755 0.1755 0.159 0.159 0.159 0.0895
0.183 0.183 0.1685 0.1685 0.1825 0.1825 0.181 0.181 0.181 0.1875 0.1875 0.1885 0.1885 0.1925 0.1925 0.191 0.191 0.191 0.1885 0.1885 0.186 0.186 0.185 0.185 0.185 0.189 0.189 0.181 0.181 0.167 0.167 0.167 0.1475 0.1475 0.1965 0.1965 0.1795 0.1795 0.1795 0.1665 0.1665 0.1365 0.1365 0.1375 0.1375 0.1375 0.1185 0.1185 0.1165 0.1165 0.1645 0.1645 0.171 0.171 0.171 0.184 0.184 0.1985 0.1985 0.199 0.199 0.199 0.2105 0.2105 0.2 0.2 0.1765 0.1765 0.1765 0.1685 0.1685 0.1755 0.1755 0.159 0.159 0.159 0.0895
0.193 0.193 0.204 0.204 0.197 0.197 0.1945 0.1945 0.1945 0.199 0.199 0.1915 0.1915 0.2025 0.2025 0.2035 0.2035 0.2035 0.1975 0.1975 0.188 0.188 0.1905 0.1905 0.1905 0.1825 0.1825 0.1495 0.1495 0.1445 0.1445 0.1445 0.1455 0.1455 0.165 0.165 0.1665 0.1665 0.1665 0.1545 0.1545 0.1235 0.1235 0.1295 0.1295 0.1295 0.1275 0.1275 0.1465 0.1465 0.167 0.167 0.178 0.178 0.178 0.204 0.204 0.209 0.209 0.2225 0.2225 0.2225 0.212 0.212 0.215 0.215 0.185 0.185 0.185 0.1665 0.1665 0.1545 0.1545 0.1365 0.1365 0.1365 0.104
0.193 0.193 0.204 0.204 0.197 0.197 0.1945 0.1945 0.1945 0.199 0.199 0.1915 0.1915 0.2025 0.2025 0.2035 0.2035 0.2035 0.1975 0.1975 0.188 0.188 0.1905 0.1905 0.1905 0.1825 0.1825 0.1495 0.1495 0.1445 0.1445 0.1445 0.1455 0.1455 0.165 0.165 0.1665 0.1665 0.1665 0.1545 0.1545 0.1235 0.1235 0.1295 0.1295 0.1295 0.1275 0.1275 0.1465 0.1465 0.167 0.167 0.178 0.178 0.178 0.204 0.204 0.209 0.209 0.2225 0.2225 0.2225 0.212 0.212 0.215 0.215 0.185 0.185 0.185 0.1665 0.1665 0.1545 0.1545 0.1365 0.1365 0.1365 0.104
0.216 0.216 0.2085 0.2085 0.206 0.206 0.2015 0.2015 0.2015 0.2005 0.2005 0.1925 0.1925 0.1955 0.1955 0.201 0.201 0.201 0.2015 0.2015 0.1915 0.1915 0.1805 0.1805 0.1805 0.1675 0.1675 0.1795 0.1795 0.1715 0.1715 0.1715 0.1455 0.1455 0.161 0.161 0.156 0.156 0.156 0.16 0.16 0.1465 0.1465 0.1505 0.1505 0.1505 0.1165 0.1165 0.121 0.121 0.1465 0.1465 0.173 0.173 0.173 0.2025 0.2025 0.1985 0.1985 0.2165 0.2165 0.2165 0.214 0.214 0.209 0.209 0.1775 0.1775 0.1775 0.1545 0.1545 0.1545 0.1545 0.131 0.131 0.131 0.1005
0.216 0.216 0.2085 0.2085 0.206 0.206 0.2015 0.2015 0.2015 0.2005 0.2005 0.1925 0.1925 0.1955 0.1955 0.201 0.201 0.201 0.2015 0.2015 0.1915 0.1915 0.1805 0.1805 0.1805 0.1675 0.1675 0.1795 0.1795 0.1715 0.1715 0.1715 0.1455 0.1455 0.161 0.161 0.156 0.156 0.156 0.16 0.16 0.1465 0.1465 0.1505 0.1505 0.1505 0.1165 0.1165 0.121 0.121 0.1465 0.1465 0.173 0.173 0.173 0.2025 0.2025 0.1985 0.1985 0.2165 0.2165 0.2165 0.214 0.214 0.209 0.209 0.1775 0.1775 0.1775 0.1545 0.1545 0.1545 0.1545 0.131 0.131 0.131 0.1005
0.216 0.216 0.2085 0.2085 0.206 0.206 0.2015 0.2015 0.2015 0.2005 0.2005 0.1925 0.1925 0.1955 0.1955 0.201 0.201 0.201 0.2015 0.2015 0.1915 0.1915 0.1805 0.1805 0.1805 0.1675 0.1675 0.1795 0.1795 0.1715 0.1715 0.1715 0.1455 0.1455 0.161 0.161 0.156 0.156 0.156 0.16 0.16 0.1465 0.1465 0.1505 0.1505 0.1505 0.1165 0.1165 0.121 0.121 0.1465 0.1465 0.173 0.173 0.173 0.2025 0.2025 0.1985 0.1985 0.2165 0.2165 0.2165 0.214 0.214 0.209 0.209 0.1775 0.1775 0.1775 0.1545 0.1545 0.1545 0.1545 0.131 0.131 0.131 0.1005
0.201 0.201 0.1985 0.1985 0.204 0.204 0.204 0.204 0.204 0.1965 0.1965 0.1865 0.1865 0.182 0.182 0.194 0.194 0.194 0.1535 0.1535 0.183 0.183 0.202 0.202 0.202 0.197 0.197 0.191 0.191 0.194 0.194 0.194 0.191 0.191 0.1865 0.1865 0.176 0.176 0.176 0.16 0.16 0.142 0.142 0.167 0.167 0.167 0.154 0.154 0.118 0.118 0.1085 0.1085 0.0675 0.0675 0.0675 0.116 0.116 0.1715 0.1715 0.2045 0.2045 0.2045 0.207 0.207 0.203 0.203 0.195 0.195 0.195 0.1895 0.1895 0.184 0.184 0.121 0.121 0.121 0.1245
0.201 0.201 0.1985 0.1985 0.204 0.204 0.204 0.204 0.204 0.1965 0.1965 0.1865 0.1865 0.182 0.182 0.194 0.194 0.194 0.1535 0.1535 0.183 0.183 0.202 0.202 0.202 0.197 0.197 0.191 0.191 0.194 0.194 0.194 0.191 0.191 0.1865 0.1865 0.176 0.176 0.176 0.16 0.16 0.142 0.142 0.167 0.167 0.167 0.154 0.154 0.118 0.118 0.1085 0.1085 0.0675 0.0675 0.0675 0.116 0.116 0.1715 0.1715 0.2045 0.2045 0.2045 0.207 0.207 0.203 0.203 0.195 0.195 0.195 0.1895 0.1895 0.184 0.184 0.121 0.121 0.121 0.1245
0.1845 0.1845 0.1835 0.1835 0.2215 0.2215 0.223 0.223 0.223 0.2205 0.2205 0.209 0.209 0.189 0.189 0.1615 0.1615 0.1615 0.1435 0.1435 0.1695 0.1695 0.1705 0.1705 0.1705 0.191 0.191 0.2005 0.2005 0.1925 0.1925 0.1925 0.19 0.19 0.191 0.191 0.1855 0.1855 0.1855 0.1685 0.1685 0.1225 0.1225 0.1425 0.1425 0.1425 0.135 0.135 0.1145 0.1145 0.114 0.114 0.1065 0.1065 0.1065 0.1345 0.1345 0.1645 0.1645 0.204 0.204 0.204 0.1985 0.1985 0.196 0.196 0.195 0.195 0.195 0.1855 0.1855 0.1665 0.1665 0.1435 0.1435 0.1435 0.1195
0.1845 0.1845 0.1835 0.1835 0.2215 0.2215 0.223 0.223 0.223 0.2205 0.2205 0.209 0.209 0.189 0.189 0.1615 0.1615 0.1615 0.1435 0.1435 0.1695 0.1695 0.1705 0.1705 0.1705 0.191 0.191 0.2005 0.2005 0.1925 0.1925 0.1925 0.19 0.19 0.191 0.191 0.1855 0.1855 0.1855 0.1685 0.1685 0.1225 0.1225 0.1425 0.1425 0.1425 0.135 0.135 0.1145 0.1145 0.114 0.114 0.1065 0.1065 0.1065 0.1345 0.1345 0.1645 0.1645 0.204 0.204 0.204 0.1985 0.1985 0.196 0.196 0.195 0.195 0.195 0.1855 0.1855 0.1665 0.1665 0.1435 0.1435 0.1435 0.1195
0.193 0.193 0.1935 0.1935 0.1925 0.1925 0.214 0.214 0.214 0.202 0.202 0.2305 0.2305 0.198 0.198 0.2065 0.2065 0.2065 0.1965 0.1965 0.192 0.192 0.1805 0.1805 0.1805 0.1745 0.1745 0.2145 0.2145 0.193 0.193 0.193 0.195 0.195 0.186 0.186 0.1895 0.1895 0.1895 0.1725 0.1725 0.1635 0.1635 0.123 0.123 0.123 0.1155 0.1155 0.109 0.109 0.1135 0.1135 0.1545 0.1545 0.1545 0.1525 0.1525 0.165 0.165 0.212 0.212 0.212 0.1995 0.1995 0.2055 0.2055 0.1985 0.1985 0.1985 0.1885 0.1885 0.1725 0.1725 0.139 0.139 0.139 0.122
0.193 0.193 0.1935 0.1935 0.1925 0.1925 0.214 0.214 0.214 0.202 0.202 0.2305 0.2305 0.198 0.198 0.2065 0.2065 0.2065 0.1965 0.1965 0.192 0.192 0.1805 0.1805 0.1805 0.1745 0.1745 0.2145 0.2145 0.193 0.193 0.193 0.195 0.195 0.186 0.186 0.1895 0.1895 0.1895 0.1725 0.1725 0.1635 0.1635 0.123 0.123 0.123 0.1155 0.1155 0.109 0.109 0.1135 0.1135 0.1545 0.1545 0.1545 0.1525 0.1525 0.165 0.165 0.212 0.212 0.212 0.1995 0.1995 0.2055 0.2055 0.1985 0.1985 0.1985 0.1885 0.1885 0.1725 0.1725 0.139 0.139 0.139 0.122
0.193 0.193 0.1935 0.1935 0.1925 0.1925 0.214 0.214 0.214 0.202 0.202 0.2305 0.2305 0.198 0.198 0.2065 0.2065 0.2065 0.1965 0.1965 0.192 0.192 0.1805 0.1805 0.1805 0.1745 0.1745 0.2145 0.2145 0.193 0.193 0.193 0.195 0.195 0.186 0.186 0.1895 0.1895 0.1895 0.1725 0.1725 0.1635 0.1635 0.123 0.123 0.123 0.1155 0.1155 0.109 0.109 0.1135 0.1135 0.1545 0.1545 0.1545 0.1525 0.1525 0.165 0.165 0.212 0.212 0.212 0.1995 0.1995 0.2055 0.2055 0.1985 0.1985 0.1985 0.1885 0.1885 0.1725 0.1725 0.139 0.139 0.139 0.122
0.182 0.182 0.186 0.186 0.1705 0.1705 0.1835 0.1835 0.1835 0.1945 0.1945 0.2095 0.2095 0.2105 0.2105 0.206 0.206 0.206 0.213 0.213 0.207 0.207 0.2085 0.2085 0.2085 0.201 0.201 0.209 0.209 0.192 0.192 0.192 0.195 0.195 0.1925 0.1925 0.187 0.187 0.187 0.187 0.187 0.1735 0.1735 0.1545 0.1545 0.1545 0.129 0.129 0.1615 0.1615 0.16 0.16 0.172 0.172 0.172 0.175 0.175 0.1675 0.1675 0.197 0.197 0.197 0.1875 0.1875 0.207 0.207 0.181 0.181 0.181 0.1865 0.1865 0.1725 0.1725 0.141 0.141 0.141 0.112
0.182 0.182 0.186 0.186 0.1705 0.1705 0.1835 0.1835 0.1835 0.1945 0.1945 0.2095 0.2095 0.2105 0.2105 0.206 0.206 0.206 0.213 0.213 0.207 0.207 0.2085 0.2085 0.2085 0.201 0.201 0.209 0.209 0.192 0.192 0.192 0.195 0.195 0.1925 0.1925 0.187 0.187 0.187 0.187 0.187 0.1735 0.1735 0.1545 0.1545 0.1545 0.129 0.129 0.1615 0.1615 0.16 0.16 0.172 0.172 0.172 0.175 0.175 0.1675 0.1675 0.197 0.197 0.197 0.1875 0.1875 0.207 0.207 0.181 0.181 0.181 0.1865 0.1865 0.1725 0.1725 0.141 0.141 0.141 0.112
0.19 0.19 0.1895 0.1895 0.193 0.193 0.19 0.19 0.19 0.195 0.195 0.2015 0.2015 0.213 0.213 0.2145 0.2145 0.2145 0.2065 0.2065 0.1955 0.1955 0.1935 0.1935 0.1935 0.224 0.224 0.1955 0.1955 0.197 0.197 0.197 0.1895 0.1895 0.1885 0.1885 0.1885 0.1885 0.1885 0.199 0.199 0.1875 0.1875 0.1655 0.1655 0.1655 0.1535 0.1535 0.148 0.148 0.1595 0.1595 0.1625 0.1625 0.1625 0.1765 0.1765 0.174 0.174 0.193 0.193 0.193 0.2195 0.2195 0.217 0.217 0.208 0.208 0.208 0.198 0.198 0.1935 0.1935 0.178 0.178 0.178 0.12
