ndvi/NOAA-110.asc
ncols         252
nrows         154
xllcorner     -18.017974
yllcorner     13.481982
cellsize      0.035948
NODATA_value  -9999
[rows 68 to 101 of 154, columns 156 to 233 of 252]
0.1775 0.1535 0.1535 0.1535 0.15 0.15 0.152 0.152 0.1915 0.1915 0.212 0.212 0.212 0.233 0.233 0.2275 0.2275 0.228 0.228 0.228 0.242 0.242 0.232 0.232 0.209 0.209 0.209 0.2205 0.2205 0.2155 0.2155 0.2115 0.2115 0.2115 0.209 0.209 0.209 0.209 0.2075 0.2075 0.2075 0.2205 0.2205 0.2105 0.2105 0.2245 0.2245 0.221 0.221 0.221 0.2135 0.2135 0.21 0.21 0.219 0.219 0.219 0.238 0.238 0.215 0.215 0.2105 0.2105 0.2105 0.2 0.2 0.2235 0.2235 0.221 0.221 0.221 0.2045 0.2045 0.2 0.2 0.2215 0.2215 0.2215
0.1735 0.1565 0.1565 0.1565 0.161 0.161 0.179 0.179 0.1645 0.1645 0.2295 0.2295 0.2295 0.2235 0.2235 0.2195 0.2195 0.23 0.23 0.23 0.2305 0.2305 0.237 0.237 0.2255 0.2255 0.2255 0.215 0.215 0.21 0.21 0.2275 0.2275 0.2275 0.2175 0.2175 0.226 0.226 0.2095 0.2095 0.2095 0.2195 0.2195 0.2135 0.2135 0.2115 0.2115 0.2205 0.2205 0.2205 0.2175 0.2175 0.238 0.238 0.2285 0.2285 0.2285 0.2235 0.2235 0.2405 0.2405 0.211 0.211 0.211 0.195 0.195 0.21 0.21 0.219 0.219 0.219 0.2175 0.2175 0.2095 0.2095 0.2255 0.2255 0.2255
0.1735 0.1565 0.1565 0.1565 0.161 0.161 0.179 0.179 0.1645 0.1645 0.2295 0.2295 0.2295 0.2235 0.2235 0.2195 0.2195 0.23 0.23 0.23 0.2305 0.2305 0.237 0.237 0.2255 0.2255 0.2255 0.215 0.215 0.21 0.21 0.2275 0.2275 0.2275 0.2175 0.2175 0.226 0.226 0.2095 0.2095 0.2095 0.2195 0.2195 0.2135 0.2135 0.2115 0.2115 0.2205 0.2205 0.2205 0.2175 0.2175 0.238 0.238 0.2285 0.2285 0.2285 0.2235 0.2235 0.2405 0.2405 0.211 0.211 0.211 0.195 0.195 0.21 0.21 0.219 0.219 0.219 0.2175 0.2175 0.2095 0.2095 0.2255 0.2255 0.2255
0.1895 0.192 0.192 0.192 0.182 0.182 0.1895 0.1895 0.167 0.167 0.2165 0.2165 0.2165 0.2315 0.2315 0.2335 0.2335 0.24 0.24 0.24 0.226 0.226 0.2235 0.2235 0.213 0.213 0.213 0.2235 0.2235 0.217 0.217 0.2195 0.2195 0.2195 0.221 0.221 0.2045 0.2045 0.214 0.214 0.214 0.2295 0.2295 0.2345 0.2345 0.2215 0.2215 0.2375 0.2375 0.2375 0.242 0.242 0.2455 0.2455 0.2215 0.2215 0.2215 0.2355 0.2355 0.227 0.227 0.23 0.23 0.23 0.215 0.215 0.2125 0.2125 0.21 0.21 0.21 0.2145 0.2145 0.2265 0.2265 0.2545 0.2545 0.2545
0.1895 0.192 0.192 0.192 0.182 0.182 0.1895 0.1895 0.167 0.167 0.2165 0.2165 0.2165 0.2315 0.2315 0.2335 0.2335 0.24 0.24 0.24 0.226 0.226 0.2235 0.2235 0.213 0.213 0.213 0.2235 0.2235 0.217 0.217 0.2195 0.2195 0.2195 0.221 0.221 0.2045 0.2045 0.214 0.214 0.214 0.2295 0.2295 0.2345 0.2345 0.2215 0.2215 0.2375 0.2375 0.2375 0.242 0.242 0.2455 0.2455 0.2215 0.2215 0.2215 0.2355 0.2355 0.227 0.227 0.23 0.23 0.23 0.215 0.215 0.2125 0.2125 0.21 0.21 0.21 0.2145 0.2145 0.2265 0.2265 0.2545 0.2545 0.2545
0.1895 0.192 0.192 0.192 0.182 0.182 0.1895 0.1895 0.167 0.167 0.2165 0.2165 0.2165 0.2315 0.2315 0.2335 0.2335 0.24 0.24 0.24 0.226 0.226 0.2235 0.2235 0.213 0.213 0.213 0.2235 0.2235 0.217 0.217 0.2195 0.2195 0.2195 0.221 0.221 0.2045 0.2045 0.214 0.214 0.214 0.2295 0.2295 0.2345 0.2345 0.2215 0.2215 0.2375 0.2375 0.2375 0.242 0.242 0.2455 0.2455 0.2215 0.2215 0.2215 0.2355 0.2355 0.227 0.227 0.23 0.23 0.23 0.215 0.215 0.2125 0.2125 0.21 0.21 0.21 0.2145 0.2145 0.2265 0.2265 0.2545 0.2545 0.2545
0.1905 0.1975 0.1975 0.1975 0.195 0.195 0.1815 0.1815 0.1795 0.1795 0.2275 0.2275 0.2275 0.2315 0.2315 0.236 0.236 0.23 0.23 0.23 0.2225 0.2225 0.224 0.224 0.2295 0.2295 0.2295 0.227 0.227 0.229 0.229 0.2305 0.2305 0.2305 0.2225 0.2225 0.2225 0.2225 0.234 0.234 0.234 0.249 0.249 0.2445 0.2445 0.24 0.24 0.24 0.24 0.24 0.2275 0.2275 0.2225 0.2225 0.2135 0.2135 0.2135 0.225 0.225 0.2265 0.2265 0.23 0.23 0.23 0.2265 0.2265 0.2105 0.2105 0.201 0.201 0.201 0.213 0.213 0.2115 0.2115 0.2205 0.2205 0.2205
0.1905 0.1975 0.1975 0.1975 0.195 0.195 0.1815 0.1815 0.1795 0.1795 0.2275 0.2275 0.2275 0.2315 0.2315 0.236 0.236 0.23 0.23 0.23 0.2225 0.2225 0.224 0.224 0.2295 0.2295 0.2295 0.227 0.227 0.229 0.229 0.2305 0.2305 0.2305 0.2225 0.2225 0.2225 0.2225 0.234 0.234 0.234 0.249 0.249 0.2445 0.2445 0.24 0.24 0.24 0.24 0.24 0.2275 0.2275 0.2225 0.2225 0.2135 0.2135 0.2135 0.225 0.225 0.2265 0.2265 0.23 0.23 0.23 0.2265 0.2265 0.2105 0.2105 0.201 0.201 0.201 0.213 0.213 0.2115 0.2115 0.2205 0.2205 0.2205
0.1775 0.1915 0.1915 0.1915 0.18 0.18 0.188 0.188 0.1815 0.1815 0.219 0.219 0.219 0.241 0.241 0.248 0.248 0.2395 0.2395 0.2395 0.2315 0.2315 0.2305 0.2305 0.236 0.236 0.236 0.233 0.233 0.241 0.241 0.238 0.238 0.238 0.232 0.232 0.244 0.244 0.2545 0.2545 0.2545 0.262 0.262 0.2675 0.2675 0.2345 0.2345 0.2505 0.2505 0.2505 0.2325 0.2325 0.2305 0.2305 0.2235 0.2235 0.2235 0.2135 0.2135 0.2205 0.2205 0.224 0.224 0.224 0.245 0.245 0.241 0.241 0.217 0.217 0.217 0.2 0.2 0.2135 0.2135 0.2185 0.2185 0.2185
0.1775 0.1915 0.1915 0.1915 0.18 0.18 0.188 0.188 0.1815 0.1815 0.219 0.219 0.219 0.241 0.241 0.248 0.248 0.2395 0.2395 0.2395 0.2315 0.2315 0.2305 0.2305 0.236 0.236 0.236 0.233 0.233 0.241 0.241 0.238 0.238 0.238 0.232 0.232 0.244 0.244 0.2545 0.2545 0.2545 0.262 0.262 0.2675 0.2675 0.2345 0.2345 0.2505 0.2505 0.2505 0.2325 0.2325 0.2305 0.2305 0.2235 0.2235 0.2235 0.2135 0.2135 0.2205 0.2205 0.224 0.224 0.224 0.245 0.245 0.241 0.241 0.217 0.217 0.217 0.2 0.2 0.2135 0.2135 0.2185 0.2185 0.2185
0.1605 0.1645 0.1645 0.1645 0.16 0.16 0.174 0.174 0.1785 0.1785 0.219 0.219 0.219 0.2155 0.2155 0.228 0.228 0.2225 0.2225 0.2225 0.2195 0.2195 0.2325 0.2325 0.238 0.238 0.238 0.2305 0.2305 0.2285 0.2285 0.233 0.233 0.233 0.2375 0.2375 0.249 0.249 0.2395 0.2395 0.2395 0.24 0.24 0.244 0.244 0.22 0.22 0.2365 0.2365 0.2365 0.246 0.246 0.238 0.238 0.24 0.24 0.24 0.2315 0.2315 0.23 0.23 0.2385 0.2385 0.2385 0.24 0.24 0.2355 0.2355 0.2275 0.2275 0.2275 0.211 0.211 0.2175 0.2175 0.2335 0.2335 0.2335
0.1605 0.1645 0.1645 0.1645 0.16 0.16 0.174 0.174 0.1785 0.1785 0.219 0.219 0.219 0.2155 0.2155 0.228 0.228 0.2225 0.2225 0.2225 0.2195 0.2195 0.2325 0.2325 0.238 0.238 0.238 0.2305 0.2305 0.2285 0.2285 0.233 0.233 0.233 0.2375 0.2375 0.249 0.249 0.2395 0.2395 0.2395 0.24 0.24 0.244 0.244 0.22 0.22 0.2365 0.2365 0.2365 0.246 0.246 0.238 0.238 0.24 0.24 0.24 0.2315 0.2315 0.23 0.23 0.2385 0.2385 0.2385 0.24 0.24 0.2355 0.2355 0.2275 0.2275 0.2275 0.211 0.211 0.2175 0.2175 0.2335 0.2335 0.2335
0.147 0.1595 0.1595 0.1595 0.1625 0.1625 0.1585 0.1585 0.171 0.171 0.2135 0.2135 0.2135 0.2215 0.2215 0.2315 0.2315 0.2125 0.2125 0.2125 0.2145 0.2145 0.234 0.234 0.2385 0.2385 0.2385 0.2345 0.2345 0.227 0.227 0.2245 0.2245 0.2245 0.2305 0.2305 0.2515 0.2515 0.237 0.237 0.237 0.2365 0.2365 0.2385 0.2385 0.2255 0.2255 0.241 0.241 0.241 0.2405 0.2405 0.263 0.263 0.2405 0.2405 0.2405 0.232 0.232 0.2375 0.2375 0.234 0.234 0.234 0.234 0.234 0.2385 0.2385 0.2345 0.2345 0.2345 0.228 0.228 0.225 0.225 0.24 0.24 0.24
0.147 0.1595 0.1595 0.1595 0.1625 0.1625 0.1585 0.1585 0.171 0.171 0.2135 0.2135 0.2135 0.2215 0.2215 0.2315 0.2315 0.2125 0.2125 0.2125 0.2145 0.2145 0.234 0.234 0.2385 0.2385 0.2385 0.2345 0.2345 0.227 0.227 0.2245 0.2245 0.2245 0.2305 0.2305 0.2515 0.2515 0.237 0.237 0.237 0.2365 0.2365 0.2385 0.2385 0.2255 0.2255 0.241 0.241 0.241 0.2405 0.2405 0.263 0.263 0.2405 0.2405 0.2405 0.232 0.232 0.2375 0.2375 0.234 0.234 0.234 0.234 0.234 0.2385 0.2385 0.2345 0.2345 0.2345 0.228 0.228 0.225 0.225 0.24 0.24 0.24
0.147 0.1595 0.1595 0.1595 0.1625 0.1625 0.1585 0.1585 0.171 0.171 0.2135 0.2135 0.2135 0.2215 0.2215 0.2315 0.2315 0.2125 0.2125 0.2125 0.2145 0.2145 0.234 0.234 0.2385 0.2385 0.2385 0.2345 0.2345 0.227 0.227 0.2245 0.2245 0.2245 0.2305 0.2305 0.2515 0.2515 0.237 0.237 0.237 0.2365 0.2365 0.2385 0.2385 0.2255 0.2255 0.241 0.241 0.241 0.2405 0.2405 0.263 0.263 0.2405 0.2405 0.2405 0.232 0.232 0.2375 0.2375 0.234 0.234 0.234 0.234 0.234 0.2385 0.2385 0.2345 0.2345 0.2345 0.228 0.228 0.225 0.225 0.24 0.24 0.24
0.1705 0.1705 0.1705 0.1705 0.169 0.169 0.1505 0.1505 0.2165 0.2165 0.2285 0.2285 0.2285 0.2335 0.2335 0.251 0.251 0.25 0.25 0.25 0.246 0.246 0.243 0.243 0.233 0.233 0.233 0.2405 0.2405 0.2095 0.2095 0.2095 0.2095 0.2095 0.213 0.213 0.2165 0.2165 0.2195 0.2195 0.2195 0.226 0.226 0.235 0.235 0.2435 0.2435 0.249 0.249 0.249 0.264 0.264 0.2525 0.2525 0.241 0.241 0.241 0.245 0.245 0.245 0.245 0.244 0.244 0.244 0.242 0.242 0.247 0.247 0.2405 0.2405 0.2405 0.239 0.239 0.2265 0.2265 0.2295 0.2295 0.2295
0.1705 0.1705 0.1705 0.1705 0.169 0.169 0.1505 0.1505 0.2165 0.2165 0.2285 0.2285 0.2285 0.2335 0.2335 0.251 0.251 0.25 0.25 0.25 0.246 0.246 0.243 0.243 0.233 0.233 0.233 0.2405 0.2405 0.2095 0.2095 0.2095 0.2095 0.2095 0.213 0.213 0.2165 0.2165 0.2195 0.2195 0.2195 0.226 0.226 0.235 0.235 0.2435 0.2435 0.249 0.249 0.249 0.264 0.264 0.2525 0.2525 0.241 0.241 0.241 0.245 0.245 0.245 0.245 0.244 0.244 0.244 0.242 0.242 0.247 0.247 0.2405 0.2405 0.2405 0.239 0.239 0.2265 0.2265 0.2295 0.2295 0.2295
0.178 0.1865 0.1865 0.1865 0.1665 0.1665 0.1965 0.1965 0.2275 0.2275 0.2325 0.2325 0.2325 0.23 0.23 0.239 0.239 0.25 0.25 0.25 0.2435 0.2435 0.2465 0.2465 0.2235 0.2235 0.2235 0.233 0.233 0.218 0.218 0.214 0.214 0.214 0.2205 0.2205 0.226 0.226 0.235 0.235 0.235 0.2415 0.2415 0.248 0.248 0.2435 0.2435 0.26 0.26 0.26 0.2495 0.2495 0.2505 0.2505 0.249 0.249 0.249 0.239 0.239 0.2425 0.2425 0.2455 0.2455 0.2455 0.2505 0.2505 0.2545 0.2545 0.2485 0.2485 0.2485 0.2455 0.2455 0.2425 0.2425 0.2345 0.2345 0.2345
0.178 0.1865 0.1865 0.1865 0.1665 0.1665 0.1965 0.1965 0.2275 0.2275 0.2325 0.2325 0.2325 0.23 0.23 0.239 0.239 0.25 0.25 0.25 0.2435 0.2435 0.2465 0.2465 0.2235 0.2235 0.2235 0.233 0.233 0.218 0.218 0.214 0.214 0.214 0.2205 0.2205 0.226 0.226 0.235 0.235 0.235 0.2415 0.2415 0.248 0.248 0.2435 0.2435 0.26 0.26 0.26 0.2495 0.2495 0.2505 0.2505 0.249 0.249 0.249 0.239 0.239 0.2425 0.2425 0.2455 0.2455 0.2455 0.2505 0.2505 0.2545 0.2545 0.2485 0.2485 0.2485 0.2455 0.2455 0.2425 0.2425 0.2345 0.2345 0.2345
0.196 0.193 0.193 0.193 0.174 0.174 0.193 0.193 0.234 0.234 0.237 0.237 0.237 0.2295 0.2295 0.24 0.24 0.245 0.245 0.245 0.255 0.255 0.2485 0.2485 0.24 0.24 0.24 0.222 0.222 0.215 0.215 0.2305 0.2305 0.2305 0.2285 0.2285 0.229 0.229 0.236 0.236 0.236 0.245 0.245 0.242 0.242 0.248 0.248 0.2425 0.2425 0.2425 0.248 0.248 0.2465 0.2465 0.2415 0.2415 0.2415 0.24 0.24 0.2325 0.2325 0.239 0.239 0.239 0.249 0.249 0.2505 0.2505 0.2405 0.2405 0.2405 0.2465 0.2465 0.2315 0.2315 0.238 0.238 0.238
0.196 0.193 0.193 0.193 0.174 0.174 0.193 0.193 0.234 0.234 0.237 0.237 0.237 0.2295 0.2295 0.24 0.24 0.245 0.245 0.245 0.255 0.255 0.2485 0.2485 0.24 0.24 0.24 0.222 0.222 0.215 0.215 0.2305 0.2305 0.2305 0.2285 0.2285 0.229 0.229 0.236 0.236 0.236 0.245 0.245 0.242 0.242 0.248 0.248 0.2425 0.2425 0.2425 0.248 0.248 0.2465 0.2465 0.2415 0.2415 0.2415 0.24 0.24 0.2325 0.2325 0.239 0.239 0.239 0.249 0.249 0.2505 0.2505 0.2405 0.2405 0.2405 0.2465 0.2465 0.2315 0.2315 0.238 0.238 0.238
0.196 0.193 0.193 0.193 0.174 0.174 0.193 0.193 0.234 0.234 0.237 0.237 0.237 0.2295 0.2295 0.24 0.24 0.245 0.245 0.245 0.255 0.255 0.2485 0.2485 0.24 0.24 0.24 0.222 0.222 0.215 0.215 0.2305 0.2305 0.2305 0.2285 0.2285 0.229 0.229 0.236 0.236 0.236 0.245 0.245 0.242 0.242 0.248 0.248 0.2425 0.2425 0.2425 0.248 0.248 0.2465 0.2465 0.2415 0.2415 0.2415 0.24 0.24 0.2325 0.2325 0.239 0.239 0.239 0.249 0.249 0.2505 0.2505 0.2405 0.2405 0.2405 0.2465 0.2465 0.2315 0.2315 0.238 0.238 0.238
0.185 0.1995 0.1995 0.1995 0.186 0.186 0.2135 0.2135 0.232 0.232 0.243 0.243 0.243 0.2465 0.2465 0.2445 0.2445 0.248 0.248 0.248 0.236 0.236 0.242 0.242 0.235 0.235 0.235 0.21 0.21 0.2145 0.2145 0.222 0.222 0.222 0.25 0.25 0.243 0.243 0.2475 0.2475 0.2475 0.243 0.243 0.249 0.249 0.251 0.251 0.246 0.246 0.246 0.2395 0.2395 0.234 0.234 0.2405 0.2405 0.2405 0.229 0.229 0.236 0.236 0.2315 0.2315 0.2315 0.253 0.253 0.2455 0.2455 0.2355 0.2355 0.2355 0.2535 0.2535 0.2435 0.2435 0.2435 0.2435 0.2435
0.185 0.1995 0.1995 0.1995 0.186 0.186 0.2135 0.2135 0.232 0.232 0.243 0.243 0.243 0.2465 0.2465 0.2445 0.2445 0.248 0.248 0.248 0.236 0.236 0.242 0.242 0.235 0.235 0.235 0.21 0.21 0.2145 0.2145 0.222 0.222 0.222 0.25 0.25 0.243 0.243 0.2475 0.2475 0.2475 0.243 0.243 0.249 0.249 0.251 0.251 0.246 0.246 0.246 0.2395 0.2395 0.234 0.234 0.2405 0.2405 0.2405 0.229 0.229 0.236 0.236 0.2315 0.2315 0.2315 0.253 0.253 0.2455 0.2455 0.2355 0.2355 0.2355 0.2535 0.2535 0.2435 0.2435 0.2435 0.2435 0.2435
0.2 0.198 0.198 0.198 0.196 0.196 0.2045 0.2045 0.227 0.227 0.241 0.241 0.241 0.2525 0.2525 0.254 0.254 0.2475 0.2475 0.2475 0.251 0.251 0.2555 0.2555 0.208 0.208 0.208 0.211 0.211 0.2235 0.2235 0.2275 0.2275 0.2275 0.2575 0.2575 0.247 0.247 0.2455 0.2455 0.2455 0.2535 0.2535 0.24 0.24 0.245 0.245 0.239 0.239 0.239 0.236 0.236 0.2365 0.2365 0.2365 0.2365 0.2365 0.239 0.239 0.235 0.235 0.2395 0.2395 0.2395 0.24 0.24 0.234 0.234 0.2445 0.2445 0.2445 0.252 0.252 0.247 0.247 0.251 0.251 0.251
0.2 0.198 0.198 0.198 0.196 0.196 0.2045 0.2045 0.227 0.227 0.241 0.241 0.241 0.2525 0.2525 0.254 0.254 0.2475 0.2475 0.2475 0.251 0.251 0.2555 0.2555 0.208 0.208 0.208 0.211 0.211 0.2235 0.2235 0.2275 0.2275 0.2275 0.2575 0.2575 0.247 0.247 0.2455 0.2455 0.2455 0.2535 0.2535 0.24 0.24 0.245 0.245 0.239 0.239 0.239 0.236 0.236 0.2365 0.2365 0.2365 0.2365 0.2365 0.239 0.239 0.235 0.235 0.2395 0.2395 0.2395 0.24 0.24 0.234 0.234 0.2445 0.2445 0.2445 0.252 0.252 0.247 0.247 0.251 0.251 0.251
0.209 0.2195 0.2195 0.2195 0.231 0.231 0.2255 0.2255 0.25 0.25 0.246 0.246 0.246 0.2345 0.2345 0.24 0.24 0.2395 0.2395 0.2395 0.235 0.235 0.2235 0.2235 0.2245 0.2245 0.2245 0.225 0.225 0.2325 0.2325 0.2475 0.2475 0.2475 0.251 0.251 0.26 0.26 0.2575 0.2575 0.2575 0.264 0.264 0.2735 0.2735 0.2605 0.2605 0.2395 0.2395 0.2395 0.238 0.238 0.228 0.228 0.2355 0.2355 0.2355 0.23 0.23 0.2305 0.2305 0.246 0.246 0.246 0.2395 0.2395 0.2375 0.2375 0.2425 0.2425 0.2425 0.2385 0.2385 0.266 0.266 0.2635 0.2635 0.2635
0.209 0.2195 0.2195 0.2195 0.231 0.231 0.2255 0.2255 0.25 0.25 0.246 0.246 0.246 0.2345 0.2345 0.24 0.24 0.2395 0.2395 0.2395 0.235 0.235 0.2235 0.2235 0.2245 0.2245 0.2245 0.225 0.225 0.2325 0.2325 0.2475 0.2475 0.2475 0.251 0.251 0.26 0.26 0.2575 0.2575 0.2575 0.264 0.264 0.2735 0.2735 0.2605 0.2605 0.2395 0.2395 0.2395 0.238 0.238 0.228 0.228 0.2355 0.2355 0.2355 0.23 0.23 0.2305 0.2305 0.246 0.246 0.246 0.2395 0.2395 0.2375 0.2375 0.2425 0.2425 0.2425 0.2385 0.2385 0.266 0.266 0.2635 0.2635 0.2635
0.209 0.2195 0.2195 0.2195 0.231 0.231 0.2255 0.2255 0.25 0.25 0.246 0.246 0.246 0.2345 0.2345 0.24 0.24 0.2395 0.2395 0.2395 0.235 0.235 0.2235 0.2235 0.2245 0.2245 0.2245 0.225 0.225 0.2325 0.2325 0.2475 0.2475 0.2475 0.251 0.251 0.26 0.26 0.2575 0.2575 0.2575 0.264 0.264 0.2735 0.2735 0.2605 0.2605 0.2395 0.2395 0.2395 0.238 0.238 0.228 0.228 0.2355 0.2355 0.2355 0.23 0.23 0.2305 0.2305 0.246 0.246 0.246 0.2395 0.2395 0.2375 0.2375 0.2425 0.2425 0.2425 0.2385 0.2385 0.266 0.266 0.2635 0.2635 0.2635
0.21 0.236 0.236 0.236 0.2185 0.2185 0.229 0.229 0.215 0.215 0.2185 0.2185 0.2185 0.2195 0.2195 0.219 0.219 0.2485 0.2485 0.2485 0.2355 0.2355 0.21 0.21 0.225 0.225 0.225 0.2305 0.2305 0.2395 0.2395 0.2405 0.2405 0.2405 0.2365 0.2365 0.245 0.245 0.2505 0.2505 0.2505 0.256 0.256 0.264 0.264 0.2485 0.2485 0.2335 0.2335 0.2335 0.247 0.247 0.216 0.216 0.212 0.212 0.212 0.252 0.252 0.2385 0.2385 0.2355 0.2355 0.2355 0.2225 0.2225 0.2335 0.2335 0.228 0.228 0.228 0.2405 0.2405 0.2635 0.2635 0.2515 0.2515 0.2515
0.21 0.236 0.236 0.236 0.2185 0.2185 0.229 0.229 0.215 0.215 0.2185 0.2185 0.2185 0.2195 0.2195 0.219 0.219 0.2485 0.2485 0.2485 0.2355 0.2355 0.21 0.21 0.225 0.225 0.225 0.2305 0.2305 0.2395 0.2395 0.2405 0.2405 0.2405 0.2365 0.2365 0.245 0.245 0.2505 0.2505 0.2505 0.256 0.256 0.264 0.264 0.2485 0.2485 0.2335 0.2335 0.2335 0.247 0.247 0.216 0.216 0.212 0.212 0.212 0.252 0.252 0.2385 0.2385 0.2355 0.2355 0.2355 0.2225 0.2225 0.2335 0.2335 0.228 0.228 0.228 0.2405 0.2405 0.2635 0.2635 0.2515 0.2515 0.2515
0.2155 0.2155 0.2155 0.2155 0.1995 0.1995 0.2245 0.2245 0.2225 0.2225 0.2165 0.2165 0.2165 0.2065 0.2065 0.2325 0.2325 0.2555 0.2555 0.2555 0.248 0.248 0.2345 0.2345 0.234 0.234 0.234 0.2405 0.2405 0.236 0.236 0.2385 0.2385 0.2385 0.2385 0.2385 0.239 0.239 0.25 0.25 0.25 0.2505 0.2505 0.246 0.246 0.247 0.247 0.2425 0.2425 0.2425 0.2285 0.2285 0.215 0.215 0.201 0.201 0.201 0.2105 0.2105 0.2165 0.2165 0.225 0.225 0.225 0.211 0.211 0.2125 0.2125 0.2265 0.2265 0.2265 0.229 0.229 0.244 0.244 0.2295 0.2295 0.2295
0.2155 0.2155 0.2155 0.2155 0.1995 0.1995 0.2245 0.2245 0.2225 0.2225 0.2165 0.2165 0.2165 0.2065 0.2065 0.2325 0.2325 0.2555 0.2555 0.2555 0.248 0.248 0.2345 0.2345 0.234 0.234 0.234 0.2405 0.2405 0.236 0.236 0.2385 0.2385 0.2385 0.2385 0.2385 0.239 0.239 0.25 0.25 0.25 0.2505 0.2505 0.246 0.246 0.247 0.247 0.2425 0.2425 0.2425 0.2285 0.2285 0.215 0.215 0.201 0.201 0.201 0.2105 0.2105 0.2165 0.2165 0.225 0.225 0.225 0.211 0.211 0.2125 0.2125 0.2265 0.2265 0.2265 0.229 0.229 0.244 0.244 0.2295 0.2295 0.2295
0.209 0.221 0.221 0.221 0.202 0.202 0.215 0.215 0.238 0.238 0.238 0.238 0.238 0.2315 0.2315 0.243 0.243 0.252 0.252 0.252 0.2385 0.2385 0.235 0.235 0.249 0.249 0.249 0.2345 0.2345 0.2305 0.2305 0.2255 0.2255 0.2255 0.2365 0.2365 0.2355 0.2355 0.238 0.238 0.238 0.243 0.243 0.2385 0.2385 0.2505 0.2505 0.2345 0.2345 0.2345 0.216 0.216 0.216 0.216 0.218 0.218 0.218 0.2155 0.2155 0.215 0.215 0.215 0.215 0.215 0.2145 0.2145 0.211 0.211 0.207 0.207 0.207 0.2205 0.2205 0.235 0.235 0.206 0.206 0.206
