ndvi/NOAA-42.asc
ncols         252
nrows         154
xllcorner     -18.017974
yllcorner     13.481982
cellsize      0.035948
NODATA_value  -9999
[rows 0 to 34 of 154, columns 77 to 153 of 252]
0.095 0.095 0.094 0.094 0.0895 0.0895 0.098 0.098 0.098 0.0955 0.0955 0.09999999 0.09999999 0.0885 0.0885 0.092 0.092 0.092 0.09100001 0.09100001 0.092 0.092 0.096 0.096 0.096 0.09450001 0.09450001 0.0975 0.0975 0.094 0.094 0.094 0.0895 0.0895 0.088 0.088 0.0875 0.0875 0.0875 0.0865 0.0865 0.088 0.088 0.094 0.094 0.094 0.0955 0.0955 0.0815 0.0815 0.085 0.085 0.0895 0.0895 0.0895 0.0885 0.0885 0.0955 0.0955 0.105 0.105 0.105 0.102 0.102 0.1045 0.1045 0.105 0.105 0.105 0.107 0.107 0.1045 0.1045 0.0965 0.0965 0.0965 0.108
0.095 0.095 0.094 0.094 0.0895 0.0895 0.098 0.098 0.098 0.0955 0.0955 0.09999999 0.09999999 0.0885 0.0885 0.092 0.092 0.092 0.09100001 0.09100001 0.092 0.092 0.096 0.096 0.096 0.09450001 0.09450001 0.0975 0.0975 0.094 0.094 0.094 0.0895 0.0895 0.088 0.088 0.0875 0.0875 0.0875 0.0865 0.0865 0.088 0.088 0.094 0.094 0.094 0.0955 0.0955 0.0815 0.0815 0.085 0.085 0.0895 0.0895 0.0895 0.0885 0.0885 0.0955 0.0955 0.105 0.105 0.105 0.102 0.102 0.1045 0.1045 0.105 0.105 0.105 0.107 0.107 0.1045 0.1045 0.0965 0.0965 0.0965 0.108
0.0955 0.0955 0.0985 0.0985 0.097 0.097 0.097 0.097 0.097 0.1055 0.1055 0.095 0.095 0.09999999 0.09999999 0.098 0.098 0.098 0.098 0.098 0.099 0.099 0.0985 0.0985 0.0985 0.09450001 0.09450001 0.09450001 0.09450001 0.095 0.095 0.095 0.088 0.088 0.084 0.084 0.09 0.09 0.09 0.09100001 0.09100001 0.086 0.086 0.0865 0.0865 0.0865 0.085 0.085 0.086 0.086 0.103 0.103 0.107 0.107 0.107 0.1025 0.1025 0.098 0.098 0.104 0.104 0.104 0.1115 0.1115 0.1095 0.1095 0.109 0.109 0.109 0.1055 0.1055 0.1065 0.1065 0.107 0.107 0.107 0.107
0.0955 0.0955 0.0985 0.0985 0.097 0.097 0.097 0.097 0.097 0.1055 0.1055 0.095 0.095 0.09999999 0.09999999 0.098 0.098 0.098 0.098 0.098 0.099 0.099 0.0985 0.0985 0.0985 0.09450001 0.09450001 0.09450001 0.09450001 0.095 0.095 0.095 0.088 0.088 0.084 0.084 0.09 0.09 0.09 0.09100001 0.09100001 0.086 0.086 0.0865 0.0865 0.0865 0.085 0.085 0.086 0.086 0.103 0.103 0.107 0.107 0.107 0.1025 0.1025 0.098 0.098 0.104 0.104 0.104 0.1115 0.1115 0.1095 0.1095 0.109 0.109 0.109 0.1055 0.1055 0.1065 0.1065 0.107 0.107 0.107 0.107
0.0955 0.0955 0.0985 0.0985 0.097 0.097 0.097 0.097 0.097 0.1055 0.1055 0.095 0.095 0.09999999 0.09999999 0.098 0.098 0.098 0.098 0.098 0.099 0.099 0.0985 0.0985 0.0985 0.09450001 0.09450001 0.09450001 0.09450001 0.095 0.095 0.095 0.088 0.088 0.084 0.084 0.09 0.09 0.09 0.09100001 0.09100001 0.086 0.086 0.0865 0.0865 0.0865 0.085 0.085 0.086 0.086 0.103 0.103 0.107 0.107 0.107 0.1025 0.1025 0.098 0.098 0.104 0.104 0.104 0.1115 0.1115 0.1095 0.1095 0.109 0.109 0.109 0.1055 0.1055 0.1065 0.1065 0.107 0.107 0.107 0.107
0.09649999 0.09649999 0.096 0.096 0.099 0.099 0.0975 0.0975 0.0975 0.1015 0.1015 0.1035 0.1035 0.1005 0.1005 0.1005 0.1005 0.1005 0.0985 0.0985 0.09299999 0.09299999 0.0955 0.0955 0.0955 0.0925 0.0925 0.096 0.096 0.0915 0.0915 0.0915 0.0885 0.0885 0.0905 0.0905 0.087 0.087 0.087 0.0875 0.0875 0.087 0.087 0.093 0.093 0.093 0.097 0.097 0.1035 0.1035 0.1005 0.1005 0.1045 0.1045 0.1045 0.1075 0.1075 0.1095 0.1095 0.111 0.111 0.111 0.1075 0.1075 0.1075 0.1075 0.1075 0.1075 0.1075 0.111 0.111 0.1075 0.1075 0.111 0.111 0.111 0.106
0.09649999 0.09649999 0.096 0.096 0.099 0.099 0.0975 0.0975 0.0975 0.1015 0.1015 0.1035 0.1035 0.1005 0.1005 0.1005 0.1005 0.1005 0.0985 0.0985 0.09299999 0.09299999 0.0955 0.0955 0.0955 0.0925 0.0925 0.096 0.096 0.0915 0.0915 0.0915 0.0885 0.0885 0.0905 0.0905 0.087 0.087 0.087 0.0875 0.0875 0.087 0.087 0.093 0.093 0.093 0.097 0.097 0.1035 0.1035 0.1005 0.1005 0.1045 0.1045 0.1045 0.1075 0.1075 0.1095 0.1095 0.111 0.111 0.111 0.1075 0.1075 0.1075 0.1075 0.1075 0.1075 0.1075 0.111 0.111 0.1075 0.1075 0.111 0.111 0.111 0.106
0.0995 0.0995 0.101 0.101 0.09450001 0.09450001 0.102 0.102 0.102 0.1035 0.1035 0.1005 0.1005 0.1025 0.1025 0.104 0.104 0.104 0.1005 0.1005 0.0985 0.0985 0.09649999 0.09649999 0.09649999 0.099 0.099 0.0945 0.0945 0.097 0.097 0.097 0.1005 0.1005 0.1 0.1 0.095 0.095 0.095 0.092 0.092 0.091 0.091 0.0975 0.0975 0.0975 0.1085 0.1085 0.113 0.113 0.109 0.109 0.1125 0.1125 0.1125 0.112 0.112 0.1115 0.1115 0.109 0.109 0.109 0.109 0.109 0.113 0.113 0.1165 0.1165 0.1165 0.1125 0.1125 0.1155 0.1155 0.11 0.11 0.11 0.115
0.0995 0.0995 0.101 0.101 0.09450001 0.09450001 0.102 0.102 0.102 0.1035 0.1035 0.1005 0.1005 0.1025 0.1025 0.104 0.104 0.104 0.1005 0.1005 0.0985 0.0985 0.09649999 0.09649999 0.09649999 0.099 0.099 0.0945 0.0945 0.097 0.097 0.097 0.1005 0.1005 0.1 0.1 0.095 0.095 0.095 0.092 0.092 0.091 0.091 0.0975 0.0975 0.0975 0.1085 0.1085 0.113 0.113 0.109 0.109 0.1125 0.1125 0.1125 0.112 0.112 0.1115 0.1115 0.109 0.109 0.109 0.109 0.109 0.113 0.113 0.1165 0.1165 0.1165 0.1125 0.1125 0.1155 0.1155 0.11 0.11 0.11 0.115
0.1005 0.1005 0.103 0.103 0.0995 0.0995 0.1075 0.1075 0.1075 0.102 0.102 0.1025 0.1025 0.1045 0.1045 0.108 0.108 0.108 0.1045 0.1045 0.092 0.092 0.0855 0.0855 0.0855 0.095 0.095 0.106 0.106 0.1035 0.1035 0.1035 0.09550001 0.09550001 0.096 0.096 0.096 0.096 0.096 0.0995 0.0995 0.09999999 0.09999999 0.1115 0.1115 0.1115 0.1115 0.1115 0.113 0.113 0.105 0.105 0.1125 0.1125 0.1125 0.118 0.118 0.1185 0.1185 0.1175 0.1175 0.1175 0.1165 0.1165 0.1145 0.1145 0.112 0.112 0.112 0.117 0.117 0.115 0.115 0.1175 0.1175 0.1175 0.1185
0.1005 0.1005 0.103 0.103 0.0995 0.0995 0.1075 0.1075 0.1075 0.102 0.102 0.1025 0.1025 0.1045 0.1045 0.108 0.108 0.108 0.1045 0.1045 0.092 0.092 0.0855 0.0855 0.0855 0.095 0.095 0.106 0.106 0.1035 0.1035 0.1035 0.09550001 0.09550001 0.096 0.096 0.096 0.096 0.096 0.0995 0.0995 0.09999999 0.09999999 0.1115 0.1115 0.1115 0.1115 0.1115 0.113 0.113 0.105 0.105 0.1125 0.1125 0.1125 0.118 0.118 0.1185 0.1185 0.1175 0.1175 0.1175 0.1165 0.1165 0.1145 0.1145 0.112 0.112 0.112 0.117 0.117 0.115 0.115 0.1175 0.1175 0.1175 0.1185
0.105 0.105 0.1085 0.1085 0.1025 0.1025 0.1055 0.1055 0.1055 0.107 0.107 0.107 0.107 0.1105 0.1105 0.1005 0.1005 0.1005 0.1085 0.1085 0.109 0.109 0.1075 0.1075 0.1075 0.1085 0.1085 0.103 0.103 0.105 0.105 0.105 0.1095 0.1095 0.1115 0.1115 0.1055 0.1055 0.1055 0.1045 0.1045 0.108 0.108 0.112 0.112 0.112 0.1155 0.1155 0.115 0.115 0.1135 0.1135 0.123 0.123 0.123 0.12 0.12 0.1165 0.1165 0.1175 0.1175 0.1175 0.1215 0.1215 0.121 0.121 0.118 0.118 0.118 0.119 0.119 0.1195 0.1195 0.119 0.119 0.119 0.118
0.105 0.105 0.1085 0.1085 0.1025 0.1025 0.1055 0.1055 0.1055 0.107 0.107 0.107 0.107 0.1105 0.1105 0.1005 0.1005 0.1005 0.1085 0.1085 0.109 0.109 0.1075 0.1075 0.1075 0.1085 0.1085 0.103 0.103 0.105 0.105 0.105 0.1095 0.1095 0.1115 0.1115 0.1055 0.1055 0.1055 0.1045 0.1045 0.108 0.108 0.112 0.112 0.112 0.1155 0.1155 0.115 0.115 0.1135 0.1135 0.123 0.123 0.123 0.12 0.12 0.1165 0.1165 0.1175 0.1175 0.1175 0.1215 0.1215 0.121 0.121 0.118 0.118 0.118 0.119 0.119 0.1195 0.1195 0.119 0.119 0.119 0.118
0.105 0.105 0.1085 0.1085 0.1025 0.1025 0.1055 0.1055 0.1055 0.107 0.107 0.107 0.107 0.1105 0.1105 0.1005 0.1005 0.1005 0.1085 0.1085 0.109 0.109 0.1075 0.1075 0.1075 0.1085 0.1085 0.103 0.103 0.105 0.105 0.105 0.1095 0.1095 0.1115 0.1115 0.1055 0.1055 0.1055 0.1045 0.1045 0.108 0.108 0.112 0.112 0.112 0.1155 0.1155 0.115 0.115 0.1135 0.1135 0.123 0.123 0.123 0.12 0.12 0.1165 0.1165 0.1175 0.1175 0.1175 0.1215 0.1215 0.121 0.121 0.118 0.118 0.118 0.119 0.119 0.1195 0.1195 0.119 0.119 0.119 0.118
0.112 0.112 0.1055 0.1055 0.1095 0.1095 0.108 0.108 0.108 0.1095 0.1095 0.11 0.11 0.11 0.11 0.109 0.109 0.109 0.1125 0.1125 0.1085 0.1085 0.109 0.109 0.109 0.111 0.111 0.1065 0.1065 0.1065 0.1065 0.1065 0.106 0.106 0.1105 0.1105 0.107 0.107 0.107 0.107 0.107 0.1135 0.1135 0.112 0.112 0.112 0.12 0.12 0.12 0.12 0.1205 0.1205 0.1165 0.1165 0.1165 0.1215 0.1215 0.1255 0.1255 0.1265 0.1265 0.1265 0.1245 0.1245 0.1225 0.1225 0.113 0.113 0.113 0.1205 0.1205 0.1205 0.1205 0.127 0.127 0.127 0.118
0.112 0.112 0.1055 0.1055 0.1095 0.1095 0.108 0.108 0.108 0.1095 0.1095 0.11 0.11 0.11 0.11 0.109 0.109 0.109 0.1125 0.1125 0.1085 0.1085 0.109 0.109 0.109 0.111 0.111 0.1065 0.1065 0.1065 0.1065 0.1065 0.106 0.106 0.1105 0.1105 0.107 0.107 0.107 0.107 0.107 0.1135 0.1135 0.112 0.112 0.112 0.12 0.12 0.12 0.12 0.1205 0.1205 0.1165 0.1165 0.1165 0.1215 0.1215 0.1255 0.1255 0.1265 0.1265 0.1265 0.1245 0.1245 0.1225 0.1225 0.113 0.113 0.113 0.1205 0.1205 0.1205 0.1205 0.127 0.127 0.127 0.118
0.108 0.108 0.111 0.111 0.111 0.111 0.1135 0.1135 0.1135 0.113 0.113 0.1115 0.1115 0.1155 0.1155 0.1135 0.1135 0.1135 0.116 0.116 0.1145 0.1145 0.1075 0.1075 0.1075 0.1075 0.1075 0.108 0.108 0.108 0.108 0.108 0.109 0.109 0.108 0.108 0.11 0.11 0.11 0.1125 0.1125 0.1155 0.1155 0.112 0.112 0.112 0.1215 0.1215 0.1215 0.1215 0.118 0.118 0.1215 0.1215 0.1215 0.12 0.12 0.1235 0.1235 0.1265 0.1265 0.1265 0.133 0.133 0.13 0.13 0.126 0.126 0.126 0.1235 0.1235 0.12 0.12 0.12 0.12 0.12 0.117
0.108 0.108 0.111 0.111 0.111 0.111 0.1135 0.1135 0.1135 0.113 0.113 0.1115 0.1115 0.1155 0.1155 0.1135 0.1135 0.1135 0.116 0.116 0.1145 0.1145 0.1075 0.1075 0.1075 0.1075 0.1075 0.108 0.108 0.108 0.108 0.108 0.109 0.109 0.108 0.108 0.11 0.11 0.11 0.1125 0.1125 0.1155 0.1155 0.112 0.112 0.112 0.1215 0.1215 0.1215 0.1215 0.118 0.118 0.1215 0.1215 0.1215 0.12 0.12 0.1235 0.1235 0.1265 0.1265 0.1265 0.133 0.133 0.13 0.13 0.126 0.126 0.126 0.1235 0.1235 0.12 0.12 0.12 0.12 0.12 0.117
0.111 0.111 0.115 0.115 0.1155 0.1155 0.1145 0.1145 0.1145 0.1115 0.1115 0.112 0.112 0.1195 0.1195 0.118 0.118 0.118 0.1105 0.1105 0.114 0.114 0.1125 0.1125 0.1125 0.1105 0.1105 0.111 0.111 0.112 0.112 0.112 0.1175 0.1175 0.113 0.113 0.114 0.114 0.114 0.1135 0.1135 0.1115 0.1115 0.119 0.119 0.119 0.126 0.126 0.1205 0.1205 0.1165 0.1165 0.116 0.116 0.116 0.1245 0.1245 0.1315 0.1315 0.1335 0.1335 0.1335 0.1335 0.1335 0.1285 0.1285 0.1295 0.1295 0.1295 0.1385 0.1385 0.12 0.12 0.121 0.121 0.121 0.1175
0.111 0.111 0.115 0.115 0.1155 0.1155 0.1145 0.1145 0.1145 0.1115 0.1115 0.112 0.112 0.1195 0.1195 0.118 0.118 0.118 0.1105 0.1105 0.114 0.114 0.1125 0.1125 0.1125 0.1105 0.1105 0.111 0.111 0.112 0.112 0.112 0.1175 0.1175 0.113 0.113 0.114 0.114 0.114 0.1135 0.1135 0.1115 0.1115 0.119 0.119 0.119 0.126 0.126 0.1205 0.1205 0.1165 0.1165 0.116 0.116 0.116 0.1245 0.1245 0.1315 0.1315 0.1335 0.1335 0.1335 0.1335 0.1335 0.1285 0.1285 0.1295 0.1295 0.1295 0.1385 0.1385 0.12 0.12 0.121 0.121 0.121 0.1175
0.111 0.111 0.115 0.115 0.1155 0.1155 0.1145 0.1145 0.1145 0.1115 0.1115 0.112 0.112 0.1195 0.1195 0.118 0.118 0.118 0.1105 0.1105 0.114 0.114 0.1125 0.1125 0.1125 0.1105 0.1105 0.111 0.111 0.112 0.112 0.112 0.1175 0.1175 0.113 0.113 0.114 0.114 0.114 0.1135 0.1135 0.1115 0.1115 0.119 0.119 0.119 0.126 0.126 0.1205 0.1205 0.1165 0.1165 0.116 0.116 0.116 0.1245 0.1245 0.1315 0.1315 0.1335 0.1335 0.1335 0.1335 0.1335 0.1285 0.1285 0.1295 0.1295 0.1295 0.1385 0.1385 0.12 0.12 0.121 0.121 0.121 0.1175
0.115 0.115 0.118 0.118 0.1105 0.1105 0.114 0.114 0.114 0.1165 0.1165 0.117 0.117 0.121 0.121 0.1185 0.1185 0.1185 0.1145 0.1145 0.1145 0.1145 0.117 0.117 0.117 0.1165 0.1165 0.123 0.123 0.1335 0.1335 0.1335 0.129 0.129 0.1285 0.1285 0.125 0.125 0.125 0.121 0.121 0.1165 0.1165 0.128 0.128 0.128 0.126 0.126 0.122 0.122 0.1235 0.1235 0.124 0.124 0.124 0.1295 0.1295 0.134 0.134 0.1395 0.1395 0.1395 0.15 0.15 0.136 0.136 0.1355 0.1355 0.1355 0.1325 0.1325 0.133 0.133 0.126 0.126 0.126 0.1095
0.115 0.115 0.118 0.118 0.1105 0.1105 0.114 0.114 0.114 0.1165 0.1165 0.117 0.117 0.121 0.121 0.1185 0.1185 0.1185 0.1145 0.1145 0.1145 0.1145 0.117 0.117 0.117 0.1165 0.1165 0.123 0.123 0.1335 0.1335 0.1335 0.129 0.129 0.1285 0.1285 0.125 0.125 0.125 0.121 0.121 0.1165 0.1165 0.128 0.128 0.128 0.126 0.126 0.122 0.122 0.1235 0.1235 0.124 0.124 0.124 0.1295 0.1295 0.134 0.134 0.1395 0.1395 0.1395 0.15 0.15 0.136 0.136 0.1355 0.1355 0.1355 0.1325 0.1325 0.133 0.133 0.126 0.126 0.126 0.1095
0.116 0.116 0.1155 0.1155 0.116 0.116 0.1225 0.1225 0.1225 0.1325 0.1325 0.132 0.132 0.131 0.131 0.13 0.13 0.13 0.128 0.128 0.1275 0.1275 0.123 0.123 0.123 0.123 0.123 0.1295 0.1295 0.1345 0.1345 0.1345 0.129 0.129 0.129 0.129 0.1245 0.1245 0.1245 0.123 0.123 0.1215 0.1215 0.1235 0.1235 0.1235 0.1275 0.1275 0.132 0.132 0.129 0.129 0.131 0.131 0.131 0.122 0.122 0.1295 0.1295 0.141 0.141 0.141 0.142 0.142 0.139 0.139 0.1355 0.1355 0.1355 0.131 0.131 0.1235 0.1235 0.1255 0.1255 0.1255 0.122
0.116 0.116 0.1155 0.1155 0.116 0.116 0.1225 0.1225 0.1225 0.1325 0.1325 0.132 0.132 0.131 0.131 0.13 0.13 0.13 0.128 0.128 0.1275 0.1275 0.123 0.123 0.123 0.123 0.123 0.1295 0.1295 0.1345 0.1345 0.1345 0.129 0.129 0.129 0.129 0.1245 0.1245 0.1245 0.123 0.123 0.1215 0.1215 0.1235 0.1235 0.1235 0.1275 0.1275 0.132 0.132 0.129 0.129 0.131 0.131 0.131 0.122 0.122 0.1295 0.1295 0.141 0.141 0.141 0.142 0.142 0.139 0.139 0.1355 0.1355 0.1355 0.131 0.131 0.1235 0.1235 0.1255 0.1255 0.1255 0.122
0.1155 0.1155 0.1255 0.1255 0.1275 0.1275 0.146 0.146 0.146 0.1465 0.1465 0.1445 0.1445 0.139 0.139 0.14 0.14 0.14 0.135 0.135 0.1355 0.1355 0.129 0.129 0.129 0.129 0.129 0.124 0.124 0.127 0.127 0.127 0.1255 0.1255 0.128 0.128 0.1285 0.1285 0.1285 0.1285 0.1285 0.123 0.123 0.135 0.135 0.135 0.1335 0.1335 0.1345 0.1345 0.125 0.125 0.1275 0.1275 0.1275 0.1305 0.1305 0.132 0.132 0.142 0.142 0.142 0.1455 0.1455 0.157 0.157 0.1405 0.1405 0.1405 0.131 0.131 0.1185 0.1185 0.1235 0.1235 0.1235 0.127
0.1155 0.1155 0.1255 0.1255 0.1275 0.1275 0.146 0.146 0.146 0.1465 0.1465 0.1445 0.1445 0.139 0.139 0.14 0.14 0.14 0.135 0.135 0.1355 0.1355 0.129 0.129 0.129 0.129 0.129 0.124 0.124 0.127 0.127 0.127 0.1255 0.1255 0.128 0.128 0.1285 0.1285 0.1285 0.1285 0.1285 0.123 0.123 0.135 0.135 0.135 0.1335 0.1335 0.1345 0.1345 0.125 0.125 0.1275 0.1275 0.1275 0.1305 0.1305 0.132 0.132 0.142 0.142 0.142 0.1455 0.1455 0.157 0.157 0.1405 0.1405 0.1405 0.131 0.131 0.1185 0.1185 0.1235 0.1235 0.1235 0.127
0.1155 0.1155 0.1255 0.1255 0.1275 0.1275 0.146 0.146 0.146 0.1465 0.1465 0.1445 0.1445 0.139 0.139 0.14 0.14 0.14 0.135 0.135 0.1355 0.1355 0.129 0.129 0.129 0.129 0.129 0.124 0.124 0.127 0.127 0.127 0.1255 0.1255 0.128 0.128 0.1285 0.1285 0.1285 0.1285 0.1285 0.123 0.123 0.135 0.135 0.135 0.1335 0.1335 0.1345 0.1345 0.125 0.125 0.1275 0.1275 0.1275 0.1305 0.1305 0.132 0.132 0.142 0.142 0.142 0.1455 0.1455 0.157 0.157 0.1405 0.1405 0.1405 0.131 0.131 0.1185 0.1185 0.1235 0.1235 0.1235 0.127
0.124 0.124 0.1345 0.1345 0.1385 0.1385 0.149 0.149 0.149 0.1495 0.1495 0.154 0.154 0.1485 0.1485 0.159 0.159 0.159 0.141 0.141 0.1325 0.1325 0.133 0.133 0.133 0.1325 0.1325 0.134 0.134 0.129 0.129 0.129 0.1315 0.1315 0.1345 0.1345 0.134 0.134 0.134 0.1295 0.1295 0.1375 0.1375 0.1375 0.1375 0.1375 0.135 0.135 0.135 0.135 0.1415 0.1415 0.1345 0.1345 0.1345 0.1415 0.1415 0.1425 0.1425 0.148 0.148 0.148 0.147 0.147 0.1465 0.1465 0.1385 0.1385 0.1385 0.129 0.129 0.125 0.125 0.124 0.124 0.124 0.125
0.124 0.124 0.1345 0.1345 0.1385 0.1385 0.149 0.149 0.149 0.1495 0.1495 0.154 0.154 0.1485 0.1485 0.159 0.159 0.159 0.141 0.141 0.1325 0.1325 0.133 0.133 0.133 0.1325 0.1325 0.134 0.134 0.129 0.129 0.129 0.1315 0.1315 0.1345 0.1345 0.134 0.134 0.134 0.1295 0.1295 0.1375 0.1375 0.1375 0.1375 0.1375 0.135 0.135 0.135 0.135 0.1415 0.1415 0.1345 0.1345 0.1345 0.1415 0.1415 0.1425 0.1425 0.148 0.148 0.148 0.147 0.147 0.1465 0.1465 0.1385 0.1385 0.1385 0.129 0.129 0.125 0.125 0.124 0.124 0.124 0.125
0.15 0.15 0.1415 0.1415 0.1375 0.1375 0.136 0.136 0.136 0.1505 0.1505 0.154 0.154 0.158 0.158 0.168 0.168 0.168 0.1555 0.1555 0.144 0.144 0.134 0.134 0.134 0.135 0.135 0.136 0.136 0.1375 0.1375 0.1375 0.134 0.134 0.137 0.137 0.136 0.136 0.136 0.141 0.141 0.131 0.131 0.142 0.142 0.142 0.14 0.14 0.152 0.152 0.1615 0.1615 0.149 0.149 0.149 0.15 0.15 0.155 0.155 0.159 0.159 0.159 0.15 0.15 0.1435 0.1435 0.1295 0.1295 0.1295 0.127 0.127 0.1255 0.1255 0.1285 0.1285 0.1285 0.136
0.15 0.15 0.1415 0.1415 0.1375 0.1375 0.136 0.136 0.136 0.1505 0.1505 0.154 0.154 0.158 0.158 0.168 0.168 0.168 0.1555 0.1555 0.144 0.144 0.134 0.134 0.134 0.135 0.135 0.136 0.136 0.1375 0.1375 0.1375 0.134 0.134 0.137 0.137 0.136 0.136 0.136 0.141 0.141 0.131 0.131 0.142 0.142 0.142 0.14 0.14 0.152 0.152 0.1615 0.1615 0.149 0.149 0.149 0.15 0.15 0.155 0.155 0.159 0.159 0.159 0.15 0.15 0.1435 0.1435 0.1295 0.1295 0.1295 0.127 0.127 0.1255 0.1255 0.1285 0.1285 0.1285 0.136
0.155 0.155 0.1505 0.1505 0.132 0.132 0.127 0.127 0.127 0.133 0.133 0.1435 0.1435 0.162 0.162 0.1595 0.1595 0.1595 0.154 0.154 0.1545 0.1545 0.157 0.157 0.157 0.152 0.152 0.1485 0.1485 0.144 0.144 0.144 0.1495 0.1495 0.1465 0.1465 0.1415 0.1415 0.1415 0.146 0.146 0.143 0.143 0.1715 0.1715 0.1715 0.1705 0.1705 0.1635 0.1635 0.1665 0.1665 0.1525 0.1525 0.1525 0.1535 0.1535 0.15 0.15 0.1415 0.1415 0.1415 0.1475 0.1475 0.1485 0.1485 0.149 0.149 0.149 0.147 0.147 0.1365 0.1365 0.1405 0.1405 0.1405 0.1425
0.155 0.155 0.1505 0.1505 0.132 0.132 0.127 0.127 0.127 0.133 0.133 0.1435 0.1435 0.162 0.162 0.1595 0.1595 0.1595 0.154 0.154 0.1545 0.1545 0.157 0.157 0.157 0.152 0.152 0.1485 0.1485 0.144 0.144 0.144 0.1495 0.1495 0.1465 0.1465 0.1415 0.1415 0.1415 0.146 0.146 0.143 0.143 0.1715 0.1715 0.1715 0.1705 0.1705 0.1635 0.1635 0.1665 0.1665 0.1525 0.1525 0.1525 0.1535 0.1535 0.15 0.15 0.1415 0.1415 0.1415 0.1475 0.1475 0.1485 0.1485 0.149 0.149 0.149 0.147 0.147 0.1365 0.1365 0.1405 0.1405 0.1405 0.1425
0.1625 0.1625 0.152 0.152 0.15 0.15 0.142 0.142 0.142 0.1415 0.1415 0.1395 0.1395 0.143 0.143 0.152 0.152 0.152 0.157 0.157 0.1635 0.1635 0.164 0.164 0.164 0.167 0.167 0.166 0.166 0.1645 0.1645 0.1645 0.176 0.176 0.1725 0.1725 0.166 0.166 0.166 0.1705 0.1705 0.176 0.176 0.1875 0.1875 0.1875 0.1685 0.1685 0.166 0.166 0.1625 0.1625 0.1575 0.1575 0.1575 0.1565 0.1565 0.1545 0.1545 0.1385 0.1385 0.1385 0.1375 0.1375 0.1585 0.1585 0.165 0.165 0.165 0.1535 0.1535 0.136 0.136 0.1335 0.1335 0.1335 0.14
