ndvi/NOAA-237.asc
ncols         252
nrows         154
xllcorner     -18.017974
yllcorner     13.481982
cellsize      0.035948
NODATA_value  -9999
[rows 102 to 135 of 154, columns 0 to 76 of 252]
-1 -1 -1 -1 -1 -1 -1 -1 -1 -1 -1 -1 -1 -1 -1 -1 -1 -1 -1 -1 -1 -1 -1 -1 -1 0.139 0.139 0.139 0.3505 0.3505 0.4415 0.4415 0.426 0.426 0.426 0.4345 0.4345 0.4625 0.4625 0.4265 0.4265 0.4265 0.4515 0.4515 0.446 0.446 0.51 0.51 0.51 0.5265 0.5265 0.673 0.673 0.63 0.63 0.6235 0.6235 0.6235 0.663 0.663 0.646 0.646 0.646 0.646 0.646 0.6105 0.6105 0.6720001 0.6720001 0.622 0.622 0.622 0.602 0.602 0.6115 0.6115 0.5331
-1 -1 -1 -1 -1 -1 -1 -1 -1 -1 -1 -1 -1 -1 -1 -1 -1 -1 -1 -1 -1 -1 -1 0.159 0.159 0.4025 0.4025 0.4025 0.457 0.457 0.425 0.425 0.393 0.393 0.393 0.5145 0.5145 0.4785 0.4785 0.531 0.531 0.531 0.5175 0.5175 0.5585 0.5585 0.533 0.533 0.533 0.5495 0.5495 0.559 0.559 0.5955 0.5955 0.6345 0.6345 0.6345 0.6295 0.6295 0.6675 0.6675 0.6675 0.6675 0.6675 0.694 0.694 0.664 0.664 0.625 0.625 0.625 0.599 0.599 0.578 0.578 0.5586
-1 -1 -1 -1 -1 -1 -1 -1 -1 -1 -1 -1 -1 -1 -1 -1 -1 -1 -1 -1 -1 -1 -1 0.159 0.159 0.4025 0.4025 0.4025 0.457 0.457 0.425 0.425 0.393 0.393 0.393 0.5145 0.5145 0.4785 0.4785 0.531 0.531 0.531 0.5175 0.5175 0.5585 0.5585 0.533 0.533 0.533 0.5495 0.5495 0.559 0.559 0.5955 0.5955 0.6345 0.6345 0.6345 0.6295 0.6295 0.6675 0.6675 0.6675 0.6675 0.6675 0.694 0.694 0.664 0.664 0.625 0.625 0.625 0.599 0.599 0.578 0.578 0.5586
-1 -1 -1 -1 -1 -1 -1 -1 -1 -1 -1 -1 -1 -1 -1 -1 -1 -1 -1 -1 -1 -1 -1 0.159 0.159 0.4025 0.4025 0.4025 0.457 0.457 0.425 0.425 0.393 0.393 0.393 0.5145 0.5145 0.4785 0.4785 0.531 0.531 0.531 0.5175 0.5175 0.5585 0.5585 0.533 0.533 0.533 0.5495 0.5495 0.559 0.559 0.5955 0.5955 0.6345 0.6345 0.6345 0.6295 0.6295 0.6675 0.6675 0.6675 0.6675 0.6675 0.694 0.694 0.664 0.664 0.625 0.625 0.625 0.599 0.599 0.578 0.578 0.5586
-1 -1 -1 -1 -1 -1 -1 -1 -1 -1 -1 -1 -1 -1 -1 -1 -1 -1 -1 -1 -1 0.1255 0.1255 0.355 0.355 0.4765 0.4765 0.4765 0.437 0.437 0.3715 0.3715 0.458 0.458 0.458 0.506 0.506 0.5235 0.5235 0.5140001 0.5140001 0.5140001 0.5 0.5 0.5465 0.5465 0.5705 0.5705 0.5705 0.5625 0.5625 0.5445 0.5445 0.5525 0.5525 0.5925 0.5925 0.5925 0.5935 0.5935 0.637 0.637 0.637 0.637 0.637 0.67 0.67 0.6805 0.6805 0.658 0.658 0.658 0.609 0.609 0.62 0.62 0.5515
-1 -1 -1 -1 -1 -1 -1 -1 -1 -1 -1 -1 -1 -1 -1 -1 -1 -1 -1 -1 -1 0.1255 0.1255 0.355 0.355 0.4765 0.4765 0.4765 0.437 0.437 0.3715 0.3715 0.458 0.458 0.458 0.506 0.506 0.5235 0.5235 0.5140001 0.5140001 0.5140001 0.5 0.5 0.5465 0.5465 0.5705 0.5705 0.5705 0.5625 0.5625 0.5445 0.5445 0.5525 0.5525 0.5925 0.5925 0.5925 0.5935 0.5935 0.637 0.637 0.637 0.637 0.637 0.67 0.67 0.6805 0.6805 0.658 0.658 0.658 0.609 0.609 0.62 0.62 0.5515
-1 -1 -1 -1 -1 -1 -1 -1 -1 -1 -1 -1 -1 -1 -1 -1 -1 -1 -1 -1 -1 0.2825 0.2825 0.548 0.548 0.51 0.51 0.51 0.4405 0.4405 0.4115 0.4115 0.4725 0.4725 0.4725 0.5365 0.5365 0.5675 0.5675 0.596 0.596 0.596 0.571 0.571 0.5585 0.5585 0.5685 0.5685 0.5685 0.6195 0.6195 0.598 0.598 0.569 0.569 0.59 0.59 0.59 0.6235 0.6235 0.6135 0.6135 0.6135 0.6135 0.6135 0.6005 0.6005 0.637 0.637 0.6435 0.6435 0.6435 0.6495 0.6495 0.6415 0.6415 0.5715
-1 -1 -1 -1 -1 -1 -1 -1 -1 -1 -1 -1 -1 -1 -1 -1 -1 -1 -1 -1 -1 0.2825 0.2825 0.548 0.548 0.51 0.51 0.51 0.4405 0.4405 0.4115 0.4115 0.4725 0.4725 0.4725 0.5365 0.5365 0.5675 0.5675 0.596 0.596 0.596 0.571 0.571 0.5585 0.5585 0.5685 0.5685 0.5685 0.6195 0.6195 0.598 0.598 0.569 0.569 0.59 0.59 0.59 0.6235 0.6235 0.6135 0.6135 0.6135 0.6135 0.6135 0.6005 0.6005 0.637 0.637 0.6435 0.6435 0.6435 0.6495 0.6495 0.6415 0.6415 0.5715
-1 -1 -1 -1 -1 -1 -1 -1 -1 -1 -1 -1 -1 -1 -1 -1 -1 -1 0.5025 0.5025 0.5025 0.588 0.588 0.527 0.527 0.502 0.502 0.502 0.5015 0.5015 0.532 0.532 0.4885 0.4885 0.4885 0.5375 0.5375 0.6215 0.6215 0.6165 0.6165 0.6165 0.629 0.629 0.5775 0.5775 0.563 0.563 0.563 0.585 0.585 0.525 0.525 0.554 0.554 0.5395 0.5395 0.5395 0.5925 0.5925 0.575 0.575 0.575 0.575 0.575 0.662 0.662 0.6465 0.6465 0.6375 0.6375 0.6375 0.614 0.614 0.635 0.635 0.5405
-1 -1 -1 -1 -1 -1 -1 -1 -1 -1 -1 -1 -1 -1 -1 -1 -1 -1 0.5025 0.5025 0.5025 0.588 0.588 0.527 0.527 0.502 0.502 0.502 0.5015 0.5015 0.532 0.532 0.4885 0.4885 0.4885 0.5375 0.5375 0.6215 0.6215 0.6165 0.6165 0.6165 0.629 0.629 0.5775 0.5775 0.563 0.563 0.563 0.585 0.585 0.525 0.525 0.554 0.554 0.5395 0.5395 0.5395 0.5925 0.5925 0.575 0.575 0.575 0.575 0.575 0.662 0.662 0.6465 0.6465 0.6375 0.6375 0.6375 0.614 0.614 0.635 0.635 0.5405
-1 -1 -1 -1 -1 -1 -1 -1 -1 -1 -1 -1 -1 -1 -1 -1 -1 -1 0.5025 0.5025 0.5025 0.588 0.588 0.527 0.527 0.502 0.502 0.502 0.5015 0.5015 0.532 0.532 0.4885 0.4885 0.4885 0.5375 0.5375 0.6215 0.6215 0.6165 0.6165 0.6165 0.629 0.629 0.5775 0.5775 0.563 0.563 0.563 0.585 0.585 0.525 0.525 0.554 0.554 0.5395 0.5395 0.5395 0.5925 0.5925 0.575 0.575 0.575 0.575 0.575 0.662 0.662 0.6465 0.6465 0.6375 0.6375 0.6375 0.614 0.614 0.635 0.635 0.5405
-1 -1 -1 -1 -1 -1 -1 -1 -1 -1 -1 -1 -1 -1 -1 -1 0.676 0.676 0.63 0.63 0.63 0.628 0.628 0.519 0.519 0.572 0.572 0.572 0.586 0.586 0.584 0.584 0.59 0.59 0.59 0.5705 0.5705 0.558 0.558 0.565 0.565 0.565 0.593 0.593 0.6 0.6 0.5535 0.5535 0.5535 0.5204999 0.5204999 0.51 0.51 0.6345 0.6345 0.562 0.562 0.562 0.5665 0.5665 0.564 0.564 0.564 0.564 0.564 0.5686 0.5686 0.546 0.546 0.59 0.59 0.59 0.578 0.578 0.5445 0.5445 0.6045
-1 -1 -1 -1 -1 -1 -1 -1 -1 -1 -1 -1 -1 -1 -1 -1 0.676 0.676 0.63 0.63 0.63 0.628 0.628 0.519 0.519 0.572 0.572 0.572 0.586 0.586 0.584 0.584 0.59 0.59 0.59 0.5705 0.5705 0.558 0.558 0.565 0.565 0.565 0.593 0.593 0.6 0.6 0.5535 0.5535 0.5535 0.5204999 0.5204999 0.51 0.51 0.6345 0.6345 0.562 0.562 0.562 0.5665 0.5665 0.564 0.564 0.564 0.564 0.564 0.5686 0.5686 0.546 0.546 0.59 0.59 0.59 0.578 0.578 0.5445 0.5445 0.6045
-1 -1 -1 -1 -1 -1 -1 -1 -1 -1 -1 -1 0.153 0.153 0.2215 0.2215 0.247 0.247 0.5545 0.5545 0.5545 0.5775 0.5775 0.5815001 0.5815001 0.6289999 0.6289999 0.6289999 0.5665 0.5665 0.538 0.538 0.54 0.54 0.54 0.5565 0.5565 0.5495 0.5495 0.5675 0.5675 0.5675 0.5825 0.5825 0.5745 0.5745 0.5535 0.5535 0.5535 0.5495 0.5495 0.584 0.584 0.5785 0.5785 0.5685 0.5685 0.5685 0.5675 0.5675 0.57 0.57 0.57 0.57 0.57 0.5725 0.5725 0.567 0.567 0.5425 0.5425 0.5425 0.5491 0.5491 0.579 0.579 0.6215
-1 -1 -1 -1 -1 -1 -1 -1 -1 -1 -1 -1 0.153 0.153 0.2215 0.2215 0.247 0.247 0.5545 0.5545 0.5545 0.5775 0.5775 0.5815001 0.5815001 0.6289999 0.6289999 0.6289999 0.5665 0.5665 0.538 0.538 0.54 0.54 0.54 0.5565 0.5565 0.5495 0.5495 0.5675 0.5675 0.5675 0.5825 0.5825 0.5745 0.5745 0.5535 0.5535 0.5535 0.5495 0.5495 0.584 0.584 0.5785 0.5785 0.5685 0.5685 0.5685 0.5675 0.5675 0.57 0.57 0.57 0.57 0.57 0.5725 0.5725 0.567 0.567 0.5425 0.5425 0.5425 0.5491 0.5491 0.579 0.579 0.6215
-1 -1 -1 -1 -1 -1 -1 -1 -1 0.0992 0.0992 0.0992 0.1417 0.1417 0.1207 0.1207 0.0747 0.0747 0.304 0.304 0.304 0.591 0.591 0.608 0.608 0.622 0.622 0.622 0.547 0.547 0.561 0.561 0.5405 0.5405 0.5405 0.516 0.516 0.5315 0.5315 0.551 0.551 0.551 0.5565 0.5565 0.547 0.547 0.5605 0.5605 0.5605 0.5365 0.5365 0.5385 0.5385 0.556 0.556 0.557 0.557 0.557 0.5575 0.5575 0.556 0.556 0.556 0.556 0.556 0.5815 0.5815 0.5771 0.5771 0.5815001 0.5815001 0.5815001 0.569 0.569 0.5664999 0.5664999 0.6205
-1 -1 -1 -1 -1 -1 -1 -1 -1 0.0992 0.0992 0.0992 0.1417 0.1417 0.1207 0.1207 0.0747 0.0747 0.304 0.304 0.304 0.591 0.591 0.608 0.608 0.622 0.622 0.622 0.547 0.547 0.561 0.561 0.5405 0.5405 0.5405 0.516 0.516 0.5315 0.5315 0.551 0.551 0.551 0.5565 0.5565 0.547 0.547 0.5605 0.5605 0.5605 0.5365 0.5365 0.5385 0.5385 0.556 0.556 0.557 0.557 0.557 0.5575 0.5575 0.556 0.556 0.556 0.556 0.556 0.5815 0.5815 0.5771 0.5771 0.5815001 0.5815001 0.5815001 0.569 0.569 0.5664999 0.5664999 0.6205
-1 -1 -1 -1 -1 -1 -1 -1 -1 0.0992 0.0992 0.0992 0.1417 0.1417 0.1207 0.1207 0.0747 0.0747 0.304 0.304 0.304 0.591 0.591 0.608 0.608 0.622 0.622 0.622 0.547 0.547 0.561 0.561 0.5405 0.5405 0.5405 0.516 0.516 0.5315 0.5315 0.551 0.551 0.551 0.5565 0.5565 0.547 0.547 0.5605 0.5605 0.5605 0.5365 0.5365 0.5385 0.5385 0.556 0.556 0.557 0.557 0.557 0.5575 0.5575 0.556 0.556 0.556 0.556 0.556 0.5815 0.5815 0.5771 0.5771 0.5815001 0.5815001 0.5815001 0.569 0.569 0.5664999 0.5664999 0.6205
-1 -1 -1 -1 -1 -1 -1 -1 -1 -1 -1 -1 0.0967 0.0967 0.0357 0.0357 0.0602 0.0602 0.1235 0.1235 0.1235 0.473 0.473 0.5425 0.5425 0.576 0.576 0.576 0.615 0.615 0.546 0.546 0.561 0.561 0.561 0.5545 0.5545 0.5905 0.5905 0.572 0.572 0.572 0.5575 0.5575 0.5319999 0.5319999 0.5935 0.5935 0.5935 0.593 0.593 0.536 0.536 0.5595 0.5595 0.5195 0.5195 0.5195 0.5435 0.5435 0.5565 0.5565 0.5565 0.5565 0.5565 0.5945 0.5945 0.577 0.577 0.526 0.526 0.526 0.568 0.568 0.5865 0.5865 0.6075
-1 -1 -1 -1 -1 -1 -1 -1 -1 -1 -1 -1 0.0967 0.0967 0.0357 0.0357 0.0602 0.0602 0.1235 0.1235 0.1235 0.473 0.473 0.5425 0.5425 0.576 0.576 0.576 0.615 0.615 0.546 0.546 0.561 0.561 0.561 0.5545 0.5545 0.5905 0.5905 0.572 0.572 0.572 0.5575 0.5575 0.5319999 0.5319999 0.5935 0.5935 0.5935 0.593 0.593 0.536 0.536 0.5595 0.5595 0.5195 0.5195 0.5195 0.5435 0.5435 0.5565 0.5565 0.5565 0.5565 0.5565 0.5945 0.5945 0.577 0.577 0.526 0.526 0.526 0.568 0.568 0.5865 0.5865 0.6075
-1 -1 -1 -1 -1 -1 -1 -1 -1 -1 -1 -1 -1 -1 -1 -1 -1 -1 0.0312 0.0312 0.0312 0.347 0.347 0.5195 0.5195 0.572 0.572 0.572 0.6345 0.6345 0.5575 0.5575 0.551 0.551 0.551 0.5341001 0.5341001 0.5565 0.5565 0.534 0.534 0.534 0.5595 0.5595 0.5495 0.5495 0.6155 0.6155 0.6155 0.5785 0.5785 0.575 0.575 0.584 0.584 0.542 0.542 0.542 0.5455 0.5455 0.5265 0.5265 0.5265 0.5265 0.5265 0.553 0.553 0.543 0.543 0.5885 0.5885 0.5885 0.5925 0.5925 0.601 0.601 0.537
-1 -1 -1 -1 -1 -1 -1 -1 -1 -1 -1 -1 -1 -1 -1 -1 -1 -1 0.0312 0.0312 0.0312 0.347 0.347 0.5195 0.5195 0.572 0.572 0.572 0.6345 0.6345 0.5575 0.5575 0.551 0.551 0.551 0.5341001 0.5341001 0.5565 0.5565 0.534 0.534 0.534 0.5595 0.5595 0.5495 0.5495 0.6155 0.6155 0.6155 0.5785 0.5785 0.575 0.575 0.584 0.584 0.542 0.542 0.542 0.5455 0.5455 0.5265 0.5265 0.5265 0.5265 0.5265 0.553 0.553 0.543 0.543 0.5885 0.5885 0.5885 0.5925 0.5925 0.601 0.601 0.537
-1 -1 -1 -1 -1 -1 -1 -1 -1 -1 -1 -1 -1 -1 -1 -1 -1 -1 -1 -1 -1 0.09999999 0.09999999 0.4795 0.4795 0.571 0.571 0.571 0.574 0.574 0.6395 0.6395 0.532 0.532 0.532 0.4975 0.4975 0.5275 0.5275 0.5650001 0.5650001 0.5650001 0.58 0.58 0.5515 0.5515 0.5816 0.5816 0.5816 0.554 0.554 0.5415 0.5415 0.5515 0.5515 0.5555 0.5555 0.5555 0.5685 0.5685 0.595 0.595 0.595 0.595 0.595 0.5515 0.5515 0.6125 0.6125 0.59 0.59 0.59 0.6345 0.6345 0.6555 0.6555 0.6495
-1 -1 -1 -1 -1 -1 -1 -1 -1 -1 -1 -1 -1 -1 -1 -1 -1 -1 -1 -1 -1 0.09999999 0.09999999 0.4795 0.4795 0.571 0.571 0.571 0.574 0.574 0.6395 0.6395 0.532 0.532 0.532 0.4975 0.4975 0.5275 0.5275 0.5650001 0.5650001 0.5650001 0.58 0.58 0.5515 0.5515 0.5816 0.5816 0.5816 0.554 0.554 0.5415 0.5415 0.5515 0.5515 0.5555 0.5555 0.5555 0.5685 0.5685 0.595 0.595 0.595 0.595 0.595 0.5515 0.5515 0.6125 0.6125 0.59 0.59 0.59 0.6345 0.6345 0.6555 0.6555 0.6495
-1 -1 -1 -1 -1 -1 -1 -1 -1 -1 -1 -1 -1 -1 -1 -1 -1 -1 -1 -1 -1 0.0922 0.0922 0.2435 0.2435 0.3945 0.3945 0.3945 0.6165 0.6165 0.672 0.672 0.627 0.627 0.627 0.561 0.561 0.494 0.494 0.394 0.394 0.394 0.5075 0.5075 0.491 0.491 0.6025 0.6025 0.6025 0.5725 0.5725 0.5795 0.5795 0.607 0.607 0.6075 0.6075 0.6075 0.6016 0.6016 0.625 0.625 0.625 0.625 0.625 0.6065 0.6065 0.622 0.622 0.6345 0.6345 0.6345 0.6235 0.6235 0.5995 0.5995 0.5725
-1 -1 -1 -1 -1 -1 -1 -1 -1 -1 -1 -1 -1 -1 -1 -1 -1 -1 -1 -1 -1 0.0922 0.0922 0.2435 0.2435 0.3945 0.3945 0.3945 0.6165 0.6165 0.672 0.672 0.627 0.627 0.627 0.561 0.561 0.494 0.494 0.394 0.394 0.394 0.5075 0.5075 0.491 0.491 0.6025 0.6025 0.6025 0.5725 0.5725 0.5795 0.5795 0.607 0.607 0.6075 0.6075 0.6075 0.6016 0.6016 0.625 0.625 0.625 0.625 0.625 0.6065 0.6065 0.622 0.622 0.6345 0.6345 0.6345 0.6235 0.6235 0.5995 0.5995 0.5725
-1 -1 -1 -1 -1 -1 -1 -1 -1 -1 -1 -1 -1 -1 -1 -1 -1 -1 -1 -1 -1 0.0922 0.0922 0.2435 0.2435 0.3945 0.3945 0.3945 0.6165 0.6165 0.672 0.672 0.627 0.627 0.627 0.561 0.561 0.494 0.494 0.394 0.394 0.394 0.5075 0.5075 0.491 0.491 0.6025 0.6025 0.6025 0.5725 0.5725 0.5795 0.5795 0.607 0.607 0.6075 0.6075 0.6075 0.6016 0.6016 0.625 0.625 0.625 0.625 0.625 0.6065 0.6065 0.622 0.622 0.6345 0.6345 0.6345 0.6235 0.6235 0.5995 0.5995 0.5725
-1 -1 -1 -1 -1 -1 -1 -1 -1 -1 -1 -1 -1 -1 -1 -1 -1 -1 -1 -1 -1 -1 -1 0.0647 0.0647 0.2955 0.2955 0.2955 0.5245 0.5245 0.619 0.619 0.5435 0.5435 0.5435 0.335 0.335 0.2055 0.2055 0.318 0.318 0.318 0.4455 0.4455 0.4665 0.4665 0.518 0.518 0.518 0.524 0.524 0.5795 0.5795 0.62 0.62 0.6346 0.6346 0.6346 0.596 0.596 0.6095001 0.6095001 0.6095001 0.6095001 0.6095001 0.573 0.573 0.5835 0.5835 0.6385 0.6385 0.6385 0.607 0.607 0.625 0.625 0.592
-1 -1 -1 -1 -1 -1 -1 -1 -1 -1 -1 -1 -1 -1 -1 -1 -1 -1 -1 -1 -1 -1 -1 0.0647 0.0647 0.2955 0.2955 0.2955 0.5245 0.5245 0.619 0.619 0.5435 0.5435 0.5435 0.335 0.335 0.2055 0.2055 0.318 0.318 0.318 0.4455 0.4455 0.4665 0.4665 0.518 0.518 0.518 0.524 0.524 0.5795 0.5795 0.62 0.62 0.6346 0.6346 0.6346 0.596 0.596 0.6095001 0.6095001 0.6095001 0.6095001 0.6095001 0.573 0.573 0.5835 0.5835 0.6385 0.6385 0.6385 0.607 0.607 0.625 0.625 0.592
-1 -1 -1 -1 -1 -1 -1 -1 -1 -1 -1 -1 -1 -1 -1 -1 -1 -1 -1 -1 -1 -1 -1 -1 -1 0.1087 0.1087 0.1087 0.276 0.276 0.469 0.469 0.391 0.391 0.391 0.203 0.203 0.341 0.341 0.2715 0.2715 0.2715 0.484 0.484 0.55 0.55 0.506 0.506 0.506 0.443 0.443 0.5055 0.5055 0.594 0.594 0.555 0.555 0.555 0.619 0.619 0.612 0.612 0.612 0.612 0.612 0.5965 0.5965 0.6486 0.6486 0.6615 0.6615 0.6615 0.6055 0.6055 0.6045 0.6045 0.6085
-1 -1 -1 -1 -1 -1 -1 -1 -1 -1 -1 -1 -1 -1 -1 -1 -1 -1 -1 -1 -1 -1 -1 -1 -1 0.1087 0.1087 0.1087 0.276 0.276 0.469 0.469 0.391 0.391 0.391 0.203 0.203 0.341 0.341 0.2715 0.2715 0.2715 0.484 0.484 0.55 0.55 0.506 0.506 0.506 0.443 0.443 0.5055 0.5055 0.594 0.594 0.555 0.555 0.555 0.619 0.619 0.612 0.612 0.612 0.612 0.612 0.5965 0.5965 0.6486 0.6486 0.6615 0.6615 0.6615 0.6055 0.6055 0.6045 0.6045 0.6085
-1 -1 -1 -1 -1 -1 -1 -1 -1 -1 -1 -1 -1 -1 -1 -1 -1 -1 -1 -1 -1 -1 -1 -1 -1 0.0847 0.0847 0.0847 0.365 0.365 0.305 0.305 0.4205 0.4205 0.4205 0.268 0.268 0.277 0.277 0.439 0.439 0.439 0.6701 0.6701 0.547 0.547 0.503 0.503 0.503 0.549 0.549 0.5775 0.5775 0.5775 0.5775 0.5445 0.5445 0.5445 0.6255 0.6255 0.6075 0.6075 0.6075 0.6075 0.6075 0.6045001 0.6045001 0.5549999 0.5549999 0.588 0.588 0.588 0.599 0.599 0.5755 0.5755 0.5805
-1 -1 -1 -1 -1 -1 -1 -1 -1 -1 -1 -1 -1 -1 -1 -1 -1 -1 -1 -1 -1 -1 -1 -1 -1 0.0847 0.0847 0.0847 0.365 0.365 0.305 0.305 0.4205 0.4205 0.4205 0.268 0.268 0.277 0.277 0.439 0.439 0.439 0.6701 0.6701 0.547 0.547 0.503 0.503 0.503 0.549 0.549 0.5775 0.5775 0.5775 0.5775 0.5445 0.5445 0.5445 0.6255 0.6255 0.6075 0.6075 0.6075 0.6075 0.6075 0.6045001 0.6045001 0.5549999 0.5549999 0.588 0.588 0.588 0.599 0.599 0.5755 0.5755 0.5805
-1 -1 -1 -1 -1 -1 -1 -1 -1 -1 -1 -1 -1 -1 -1 -1 -1 -1 -1 -1 -1 -1 -1 -1 -1 0.0847 0.0847 0.0847 0.365 0.365 0.305 0.305 0.4205 0.4205 0.4205 0.268 0.268 0.277 0.277 0.439 0.439 0.439 0.6701 0.6701 0.547 0.547 0.503 0.503 0.503 0.549 0.549 0.5775 0.5775 0.5775 0.5775 0.5445 0.5445 0.5445 0.6255 0.6255 0.6075 0.6075 0.6075 0.6075 0.6075 0.6045001 0.6045001 0.5549999 0.5549999 0.588 0.588 0.588 0.599 0.599 0.5755 0.5755 0.5805
