ndvi/NOAA-6.asc
ncols         252
nrows         154
xllcorner     -18.017974
yllcorner     13.481982
cellsize      0.035948
NODATA_value  -9999
[rows 68 to 101 of 154, columns 78 to 155 of 252]
0.219 0.2175 0.2175 0.2255 0.2255 0.245 0.245 0.245 0.264 0.264 0.2745 0.2745 0.2635 0.2635 0.249 0.249 0.249 0.273 0.273 0.266 0.266 0.235 0.235 0.235 0.1905 0.1905 0.186 0.186 0.1855 0.1855 0.1855 0.2125 0.2125 0.223 0.223 0.227 0.227 0.227 0.2345 0.2345 0.2445 0.2445 0.213 0.213 0.213 0.159 0.159 0.179 0.179 0.1955 0.1955 0.211 0.211 0.211 0.209 0.209 0.2205 0.2205 0.2235 0.2235 0.2235 0.2325 0.2325 0.2375 0.2375 0.2275 0.2275 0.2275 0.2195 0.2195 0.2275 0.2275 0.2025 0.2025 0.2025 0.1375 0.1375 0.1585
0.2035 0.2205 0.2205 0.2245 0.2245 0.204 0.204 0.204 0.22 0.22 0.2285 0.2285 0.2235 0.2235 0.224 0.224 0.224 0.206 0.206 0.2215 0.2215 0.2575 0.2575 0.2575 0.2205 0.2205 0.1885 0.1885 0.192 0.192 0.192 0.1925 0.1925 0.2115 0.2115 0.204 0.204 0.204 0.2305 0.2305 0.243 0.243 0.2325 0.2325 0.2325 0.1955 0.1955 0.192 0.192 0.1975 0.1975 0.201 0.201 0.201 0.219 0.219 0.2225 0.2225 0.2295 0.2295 0.2295 0.2375 0.2375 0.2545 0.2545 0.218 0.218 0.218 0.2175 0.2175 0.221 0.221 0.231 0.231 0.231 0.162 0.162 0.168
0.2035 0.2205 0.2205 0.2245 0.2245 0.204 0.204 0.204 0.22 0.22 0.2285 0.2285 0.2235 0.2235 0.224 0.224 0.224 0.206 0.206 0.2215 0.2215 0.2575 0.2575 0.2575 0.2205 0.2205 0.1885 0.1885 0.192 0.192 0.192 0.1925 0.1925 0.2115 0.2115 0.204 0.204 0.204 0.2305 0.2305 0.243 0.243 0.2325 0.2325 0.2325 0.1955 0.1955 0.192 0.192 0.1975 0.1975 0.201 0.201 0.201 0.219 0.219 0.2225 0.2225 0.2295 0.2295 0.2295 0.2375 0.2375 0.2545 0.2545 0.218 0.218 0.218 0.2175 0.2175 0.221 0.221 0.231 0.231 0.231 0.162 0.162 0.168
0.204 0.211 0.211 0.2115 0.2115 0.211 0.211 0.211 0.2095 0.2095 0.2065 0.2065 0.21 0.21 0.2125 0.2125 0.2125 0.1955 0.1955 0.203 0.203 0.1965 0.1965 0.1965 0.243 0.243 0.256 0.256 0.2015 0.2015 0.2015 0.1935 0.1935 0.204 0.204 0.217 0.217 0.217 0.229 0.229 0.254 0.254 0.2315 0.2315 0.2315 0.1805 0.1805 0.1735 0.1735 0.1935 0.1935 0.2205 0.2205 0.2205 0.221 0.221 0.2165 0.2165 0.2305 0.2305 0.2305 0.2585 0.2585 0.2405 0.2405 0.222 0.222 0.222 0.2115 0.2115 0.2205 0.2205 0.241 0.241 0.241 0.168 0.168 0.1785
0.204 0.211 0.211 0.2115 0.2115 0.211 0.211 0.211 0.2095 0.2095 0.2065 0.2065 0.21 0.21 0.2125 0.2125 0.2125 0.1955 0.1955 0.203 0.203 0.1965 0.1965 0.1965 0.243 0.243 0.256 0.256 0.2015 0.2015 0.2015 0.1935 0.1935 0.204 0.204 0.217 0.217 0.217 0.229 0.229 0.254 0.254 0.2315 0.2315 0.2315 0.1805 0.1805 0.1735 0.1735 0.1935 0.1935 0.2205 0.2205 0.2205 0.221 0.221 0.2165 0.2165 0.2305 0.2305 0.2305 0.2585 0.2585 0.2405 0.2405 0.222 0.222 0.222 0.2115 0.2115 0.2205 0.2205 0.241 0.241 0.241 0.168 0.168 0.1785
0.204 0.211 0.211 0.2115 0.2115 0.211 0.211 0.211 0.2095 0.2095 0.2065 0.2065 0.21 0.21 0.2125 0.2125 0.2125 0.1955 0.1955 0.203 0.203 0.1965 0.1965 0.1965 0.243 0.243 0.256 0.256 0.2015 0.2015 0.2015 0.1935 0.1935 0.204 0.204 0.217 0.217 0.217 0.229 0.229 0.254 0.254 0.2315 0.2315 0.2315 0.1805 0.1805 0.1735 0.1735 0.1935 0.1935 0.2205 0.2205 0.2205 0.221 0.221 0.2165 0.2165 0.2305 0.2305 0.2305 0.2585 0.2585 0.2405 0.2405 0.222 0.222 0.222 0.2115 0.2115 0.2205 0.2205 0.241 0.241 0.241 0.168 0.168 0.1785
0.2195 0.226 0.226 0.2165 0.2165 0.212 0.212 0.212 0.22 0.22 0.2055 0.2055 0.18 0.18 0.1735 0.1735 0.1735 0.1925 0.1925 0.2 0.2 0.2145 0.2145 0.2145 0.224 0.224 0.2185 0.2185 0.2535 0.2535 0.2535 0.2735 0.2735 0.2135 0.2135 0.2025 0.2025 0.2025 0.201 0.201 0.2095 0.2095 0.1625 0.1625 0.1625 0.1775 0.1775 0.234 0.234 0.2315 0.2315 0.225 0.225 0.225 0.2125 0.2125 0.2115 0.2115 0.2075 0.2075 0.2075 0.219 0.219 0.219 0.219 0.217 0.217 0.217 0.223 0.223 0.1885 0.1885 0.1615 0.1615 0.1615 0.1735 0.1735 0.1915
0.2195 0.226 0.226 0.2165 0.2165 0.212 0.212 0.212 0.22 0.22 0.2055 0.2055 0.18 0.18 0.1735 0.1735 0.1735 0.1925 0.1925 0.2 0.2 0.2145 0.2145 0.2145 0.224 0.224 0.2185 0.2185 0.2535 0.2535 0.2535 0.2735 0.2735 0.2135 0.2135 0.2025 0.2025 0.2025 0.201 0.201 0.2095 0.2095 0.1625 0.1625 0.1625 0.1775 0.1775 0.234 0.234 0.2315 0.2315 0.225 0.225 0.225 0.2125 0.2125 0.2115 0.2115 0.2075 0.2075 0.2075 0.219 0.219 0.219 0.219 0.217 0.217 0.217 0.223 0.223 0.1885 0.1885 0.1615 0.1615 0.1615 0.1735 0.1735 0.1915
0.22 0.2275 0.2275 0.2365 0.2365 0.222 0.222 0.222 0.2145 0.2145 0.1835 0.1835 0.195 0.195 0.188 0.188 0.188 0.152 0.152 0.1715 0.1715 0.207 0.207 0.207 0.2145 0.2145 0.21 0.21 0.2255 0.2255 0.2255 0.253 0.253 0.2825 0.2825 0.238 0.238 0.238 0.199 0.199 0.199 0.199 0.1705 0.1705 0.1705 0.1895 0.1895 0.23 0.23 0.212 0.212 0.1975 0.1975 0.1975 0.1995 0.1995 0.2085 0.2085 0.1795 0.1795 0.1795 0.196 0.196 0.2195 0.2195 0.2165 0.2165 0.2165 0.204 0.204 0.2055 0.2055 0.1205 0.1205 0.1205 0.1285 0.1285 0.184
0.22 0.2275 0.2275 0.2365 0.2365 0.222 0.222 0.222 0.2145 0.2145 0.1835 0.1835 0.195 0.195 0.188 0.188 0.188 0.152 0.152 0.1715 0.1715 0.207 0.207 0.207 0.2145 0.2145 0.21 0.21 0.2255 0.2255 0.2255 0.253 0.253 0.2825 0.2825 0.238 0.238 0.238 0.199 0.199 0.199 0.199 0.1705 0.1705 0.1705 0.1895 0.1895 0.23 0.23 0.212 0.212 0.1975 0.1975 0.1975 0.1995 0.1995 0.2085 0.2085 0.1795 0.1795 0.1795 0.196 0.196 0.2195 0.2195 0.2165 0.2165 0.2165 0.204 0.204 0.2055 0.2055 0.1205 0.1205 0.1205 0.1285 0.1285 0.184
0.2125 0.202 0.202 0.195 0.195 0.184 0.184 0.184 0.206 0.206 0.19 0.19 0.179 0.179 0.173 0.173 0.173 0.177 0.177 0.161 0.161 0.18 0.18 0.18 0.202 0.202 0.208 0.208 0.213 0.213 0.213 0.23 0.23 0.243 0.243 0.261 0.261 0.261 0.244 0.244 0.226 0.226 0.1815 0.1815 0.1815 0.182 0.182 0.2025 0.2025 0.2195 0.2195 0.198 0.198 0.198 0.189 0.189 0.186 0.186 0.1835 0.1835 0.1835 0.1855 0.1855 0.172 0.172 0.18 0.18 0.18 0.1865 0.1865 0.196 0.196 0.178 0.178 0.178 0.1285 0.1285 0.1475
0.2125 0.202 0.202 0.195 0.195 0.184 0.184 0.184 0.206 0.206 0.19 0.19 0.179 0.179 0.173 0.173 0.173 0.177 0.177 0.161 0.161 0.18 0.18 0.18 0.202 0.202 0.208 0.208 0.213 0.213 0.213 0.23 0.23 0.243 0.243 0.261 0.261 0.261 0.244 0.244 0.226 0.226 0.1815 0.1815 0.1815 0.182 0.182 0.2025 0.2025 0.2195 0.2195 0.198 0.198 0.198 0.189 0.189 0.186 0.186 0.1835 0.1835 0.1835 0.1855 0.1855 0.172 0.172 0.18 0.18 0.18 0.1865 0.1865 0.196 0.196 0.178 0.178 0.178 0.1285 0.1285 0.1475
0.2195 0.2115 0.2115 0.2085 0.2085 0.193 0.193 0.193 0.176 0.176 0.1645 0.1645 0.1625 0.1625 0.1495 0.1495 0.1495 0.1505 0.1505 0.1445 0.1445 0.182 0.182 0.182 0.1905 0.1905 0.1875 0.1875 0.1915 0.1915 0.1915 0.2145 0.2145 0.24 0.24 0.217 0.217 0.217 0.2155 0.2155 0.222 0.222 0.2195 0.2195 0.2195 0.226 0.226 0.206 0.206 0.2055 0.2055 0.2055 0.2055 0.2055 0.1825 0.1825 0.179 0.179 0.1945 0.1945 0.1945 0.211 0.211 0.1795 0.1795 0.186 0.186 0.186 0.1685 0.1685 0.1865 0.1865 0.175 0.175 0.175 0.128 0.128 0.147
0.2195 0.2115 0.2115 0.2085 0.2085 0.193 0.193 0.193 0.176 0.176 0.1645 0.1645 0.1625 0.1625 0.1495 0.1495 0.1495 0.1505 0.1505 0.1445 0.1445 0.182 0.182 0.182 0.1905 0.1905 0.1875 0.1875 0.1915 0.1915 0.1915 0.2145 0.2145 0.24 0.24 0.217 0.217 0.217 0.2155 0.2155 0.222 0.222 0.2195 0.2195 0.2195 0.226 0.226 0.206 0.206 0.2055 0.2055 0.2055 0.2055 0.2055 0.1825 0.1825 0.179 0.179 0.1945 0.1945 0.1945 0.211 0.211 0.1795 0.1795 0.186 0.186 0.186 0.1685 0.1685 0.1865 0.1865 0.175 0.175 0.175 0.128 0.128 0.147
0.2195 0.2115 0.2115 0.2085 0.2085 0.193 0.193 0.193 0.176 0.176 0.1645 0.1645 0.1625 0.1625 0.1495 0.1495 0.1495 0.1505 0.1505 0.1445 0.1445 0.182 0.182 0.182 0.1905 0.1905 0.1875 0.1875 0.1915 0.1915 0.1915 0.2145 0.2145 0.24 0.24 0.217 0.217 0.217 0.2155 0.2155 0.222 0.222 0.2195 0.2195 0.2195 0.226 0.226 0.206 0.206 0.2055 0.2055 0.2055 0.2055 0.2055 0.1825 0.1825 0.179 0.179 0.1945 0.1945 0.1945 0.211 0.211 0.1795 0.1795 0.186 0.186 0.186 0.1685 0.1685 0.1865 0.1865 0.175 0.175 0.175 0.128 0.128 0.147
0.204 0.196 0.196 0.175 0.175 0.175 0.175 0.175 0.1755 0.1755 0.164 0.164 0.173 0.173 0.186 0.186 0.186 0.1575 0.1575 0.1545 0.1545 0.1735 0.1735 0.1735 0.1855 0.1855 0.202 0.202 0.192 0.192 0.192 0.2025 0.2025 0.1885 0.1885 0.1845 0.1845 0.1845 0.2015 0.2015 0.192 0.192 0.216 0.216 0.216 0.25 0.25 0.2455 0.2455 0.204 0.204 0.216 0.216 0.216 0.2055 0.2055 0.1935 0.1935 0.188 0.188 0.188 0.217 0.217 0.193 0.193 0.1815 0.1815 0.1815 0.185 0.185 0.2 0.2 0.1705 0.1705 0.1705 0.135 0.135 0.1505
0.204 0.196 0.196 0.175 0.175 0.175 0.175 0.175 0.1755 0.1755 0.164 0.164 0.173 0.173 0.186 0.186 0.186 0.1575 0.1575 0.1545 0.1545 0.1735 0.1735 0.1735 0.1855 0.1855 0.202 0.202 0.192 0.192 0.192 0.2025 0.2025 0.1885 0.1885 0.1845 0.1845 0.1845 0.2015 0.2015 0.192 0.192 0.216 0.216 0.216 0.25 0.25 0.2455 0.2455 0.204 0.204 0.216 0.216 0.216 0.2055 0.2055 0.1935 0.1935 0.188 0.188 0.188 0.217 0.217 0.193 0.193 0.1815 0.1815 0.1815 0.185 0.185 0.2 0.2 0.1705 0.1705 0.1705 0.135 0.135 0.1505
0.202 0.1895 0.1895 0.19 0.19 0.199 0.199 0.199 0.2035 0.2035 0.205 0.205 0.195 0.195 0.1835 0.1835 0.1835 0.1795 0.1795 0.175 0.175 0.1795 0.1795 0.1795 0.179 0.179 0.1875 0.1875 0.1795 0.1795 0.1795 0.1785 0.1785 0.1855 0.1855 0.193 0.193 0.193 0.1905 0.1905 0.2015 0.2015 0.1915 0.1915 0.1915 0.182 0.182 0.209 0.209 0.204 0.204 0.218 0.218 0.218 0.219 0.219 0.211 0.211 0.2295 0.2295 0.2295 0.219 0.219 0.2545 0.2545 0.1975 0.1975 0.1975 0.183 0.183 0.191 0.191 0.167 0.167 0.167 0.158 0.158 0.163
0.202 0.1895 0.1895 0.19 0.19 0.199 0.199 0.199 0.2035 0.2035 0.205 0.205 0.195 0.195 0.1835 0.1835 0.1835 0.1795 0.1795 0.175 0.175 0.1795 0.1795 0.1795 0.179 0.179 0.1875 0.1875 0.1795 0.1795 0.1795 0.1785 0.1785 0.1855 0.1855 0.193 0.193 0.193 0.1905 0.1905 0.2015 0.2015 0.1915 0.1915 0.1915 0.182 0.182 0.209 0.209 0.204 0.204 0.218 0.218 0.218 0.219 0.219 0.211 0.211 0.2295 0.2295 0.2295 0.219 0.219 0.2545 0.2545 0.1975 0.1975 0.1975 0.183 0.183 0.191 0.191 0.167 0.167 0.167 0.158 0.158 0.163
0.2475 0.256 0.256 0.253 0.253 0.235 0.235 0.235 0.221 0.221 0.2175 0.2175 0.223 0.223 0.2135 0.2135 0.2135 0.198 0.198 0.1915 0.1915 0.1945 0.1945 0.1945 0.1895 0.1895 0.191 0.191 0.1865 0.1865 0.1865 0.187 0.187 0.2105 0.2105 0.2065 0.2065 0.2065 0.201 0.201 0.2105 0.2105 0.188 0.188 0.188 0.1725 0.1725 0.1995 0.1995 0.2115 0.2115 0.2025 0.2025 0.2025 0.2185 0.2185 0.24 0.24 0.2415 0.2415 0.2415 0.2425 0.2425 0.2725 0.2725 0.2095 0.2095 0.2095 0.205 0.205 0.1895 0.1895 0.2015 0.2015 0.2015 0.1685 0.1685 0.1695
0.2475 0.256 0.256 0.253 0.253 0.235 0.235 0.235 0.221 0.221 0.2175 0.2175 0.223 0.223 0.2135 0.2135 0.2135 0.198 0.198 0.1915 0.1915 0.1945 0.1945 0.1945 0.1895 0.1895 0.191 0.191 0.1865 0.1865 0.1865 0.187 0.187 0.2105 0.2105 0.2065 0.2065 0.2065 0.201 0.201 0.2105 0.2105 0.188 0.188 0.188 0.1725 0.1725 0.1995 0.1995 0.2115 0.2115 0.2025 0.2025 0.2025 0.2185 0.2185 0.24 0.24 0.2415 0.2415 0.2415 0.2425 0.2425 0.2725 0.2725 0.2095 0.2095 0.2095 0.205 0.205 0.1895 0.1895 0.2015 0.2015 0.2015 0.1685 0.1685 0.1695
0.2475 0.256 0.256 0.253 0.253 0.235 0.235 0.235 0.221 0.221 0.2175 0.2175 0.223 0.223 0.2135 0.2135 0.2135 0.198 0.198 0.1915 0.1915 0.1945 0.1945 0.1945 0.1895 0.1895 0.191 0.191 0.1865 0.1865 0.1865 0.187 0.187 0.2105 0.2105 0.2065 0.2065 0.2065 0.201 0.201 0.2105 0.2105 0.188 0.188 0.188 0.1725 0.1725 0.1995 0.1995 0.2115 0.2115 0.2025 0.2025 0.2025 0.2185 0.2185 0.24 0.24 0.2415 0.2415 0.2415 0.2425 0.2425 0.2725 0.2725 0.2095 0.2095 0.2095 0.205 0.205 0.1895 0.1895 0.2015 0.2015 0.2015 0.1685 0.1685 0.1695
0.252 0.2565 0.2565 0.241 0.241 0.1905 0.1905 0.1905 0.202 0.202 0.204 0.204 0.1855 0.1855 0.2045 0.2045 0.2045 0.2045 0.2045 0.2025 0.2025 0.192 0.192 0.192 0.2045 0.2045 0.1825 0.1825 0.1765 0.1765 0.1765 0.177 0.177 0.207 0.207 0.2165 0.2165 0.2165 0.2015 0.2015 0.215 0.215 0.208 0.208 0.208 0.221 0.221 0.2115 0.2115 0.2085 0.2085 0.2195 0.2195 0.2195 0.2395 0.2395 0.256 0.256 0.234 0.234 0.234 0.237 0.237 0.248 0.248 0.2225 0.2225 0.2225 0.195 0.195 0.1965 0.1965 0.189 0.189 0.189 0.176 0.176 0.1865
0.252 0.2565 0.2565 0.241 0.241 0.1905 0.1905 0.1905 0.202 0.202 0.204 0.204 0.1855 0.1855 0.2045 0.2045 0.2045 0.2045 0.2045 0.2025 0.2025 0.192 0.192 0.192 0.2045 0.2045 0.1825 0.1825 0.1765 0.1765 0.1765 0.177 0.177 0.207 0.207 0.2165 0.2165 0.2165 0.2015 0.2015 0.215 0.215 0.208 0.208 0.208 0.221 0.221 0.2115 0.2115 0.2085 0.2085 0.2195 0.2195 0.2195 0.2395 0.2395 0.256 0.256 0.234 0.234 0.234 0.237 0.237 0.248 0.248 0.2225 0.2225 0.2225 0.195 0.195 0.1965 0.1965 0.189 0.189 0.189 0.176 0.176 0.1865
0.241 0.252 0.252 0.222 0.222 0.2105 0.2105 0.2105 0.219 0.219 0.201 0.201 0.2035 0.2035 0.204 0.204 0.204 0.198 0.198 0.2 0.2 0.2195 0.2195 0.2195 0.206 0.206 0.2125 0.2125 0.198 0.198 0.198 0.204 0.204 0.226 0.226 0.2195 0.2195 0.2195 0.2175 0.2175 0.2355 0.2355 0.2385 0.2385 0.2385 0.243 0.243 0.2445 0.2445 0.2365 0.2365 0.2225 0.2225 0.2225 0.2395 0.2395 0.2225 0.2225 0.24 0.24 0.24 0.2375 0.2375 0.241 0.241 0.226 0.226 0.226 0.2395 0.2395 0.2555 0.2555 0.25 0.25 0.25 0.1935 0.1935 0.2015
0.241 0.252 0.252 0.222 0.222 0.2105 0.2105 0.2105 0.219 0.219 0.201 0.201 0.2035 0.2035 0.204 0.204 0.204 0.198 0.198 0.2 0.2 0.2195 0.2195 0.2195 0.206 0.206 0.2125 0.2125 0.198 0.198 0.198 0.204 0.204 0.226 0.226 0.2195 0.2195 0.2195 0.2175 0.2175 0.2355 0.2355 0.2385 0.2385 0.2385 0.243 0.243 0.2445 0.2445 0.2365 0.2365 0.2225 0.2225 0.2225 0.2395 0.2395 0.2225 0.2225 0.24 0.24 0.24 0.2375 0.2375 0.241 0.241 0.226 0.226 0.226 0.2395 0.2395 0.2555 0.2555 0.25 0.25 0.25 0.1935 0.1935 0.2015
0.244 0.2405 0.2405 0.215 0.215 0.2185 0.2185 0.2185 0.212 0.212 0.219 0.219 0.2015 0.2015 0.209 0.209 0.209 0.2 0.2 0.217 0.217 0.236 0.236 0.236 0.218 0.218 0.217 0.217 0.2295 0.2295 0.2295 0.256 0.256 0.2355 0.2355 0.232 0.232 0.232 0.2215 0.2215 0.238 0.238 0.222 0.222 0.222 0.236 0.236 0.243 0.243 0.2505 0.2505 0.248 0.248 0.248 0.238 0.238 0.2165 0.2165 0.233 0.233 0.233 0.222 0.222 0.256 0.256 0.2395 0.2395 0.2395 0.2445 0.2445 0.231 0.231 0.247 0.247 0.247 0.198 0.198 0.2205
0.244 0.2405 0.2405 0.215 0.215 0.2185 0.2185 0.2185 0.212 0.212 0.219 0.219 0.2015 0.2015 0.209 0.209 0.209 0.2 0.2 0.217 0.217 0.236 0.236 0.236 0.218 0.218 0.217 0.217 0.2295 0.2295 0.2295 0.256 0.256 0.2355 0.2355 0.232 0.232 0.232 0.2215 0.2215 0.238 0.238 0.222 0.222 0.222 0.236 0.236 0.243 0.243 0.2505 0.2505 0.248 0.248 0.248 0.238 0.238 0.2165 0.2165 0.233 0.233 0.233 0.222 0.222 0.256 0.256 0.2395 0.2395 0.2395 0.2445 0.2445 0.231 0.231 0.247 0.247 0.247 0.198 0.198 0.2205
0.244 0.2405 0.2405 0.215 0.215 0.2185 0.2185 0.2185 0.212 0.212 0.219 0.219 0.2015 0.2015 0.209 0.209 0.209 0.2 0.2 0.217 0.217 0.236 0.236 0.236 0.218 0.218 0.217 0.217 0.2295 0.2295 0.2295 0.256 0.256 0.2355 0.2355 0.232 0.232 0.232 0.2215 0.2215 0.238 0.238 0.222 0.222 0.222 0.236 0.236 0.243 0.243 0.2505 0.2505 0.248 0.248 0.248 0.238 0.238 0.2165 0.2165 0.233 0.233 0.233 0.222 0.222 0.256 0.256 0.2395 0.2395 0.2395 0.2445 0.2445 0.231 0.231 0.247 0.247 0.247 0.198 0.198 0.2205
0.229 0.2415 0.2415 0.2185 0.2185 0.2175 0.2175 0.2175 0.246 0.246 0.216 0.216 0.205 0.205 0.204 0.204 0.204 0.208 0.208 0.2145 0.2145 0.229 0.229 0.229 0.208 0.208 0.241 0.241 0.2435 0.2435 0.2435 0.238 0.238 0.2495 0.2495 0.2435 0.2435 0.2435 0.229 0.229 0.2315 0.2315 0.2305 0.2305 0.2305 0.2235 0.2235 0.224 0.224 0.251 0.251 0.247 0.247 0.247 0.2575 0.2575 0.27 0.27 0.25 0.25 0.25 0.1895 0.1895 0.209 0.209 0.2715 0.2715 0.2715 0.3135 0.3135 0.2175 0.2175 0.206 0.206 0.206 0.2245 0.2245 0.253
0.229 0.2415 0.2415 0.2185 0.2185 0.2175 0.2175 0.2175 0.246 0.246 0.216 0.216 0.205 0.205 0.204 0.204 0.204 0.208 0.208 0.2145 0.2145 0.229 0.229 0.229 0.208 0.208 0.241 0.241 0.2435 0.2435 0.2435 0.238 0.238 0.2495 0.2495 0.2435 0.2435 0.2435 0.229 0.229 0.2315 0.2315 0.2305 0.2305 0.2305 0.2235 0.2235 0.224 0.224 0.251 0.251 0.247 0.247 0.247 0.2575 0.2575 0.27 0.27 0.25 0.25 0.25 0.1895 0.1895 0.209 0.209 0.2715 0.2715 0.2715 0.3135 0.3135 0.2175 0.2175 0.206 0.206 0.206 0.2245 0.2245 0.253
0.224 0.222 0.222 0.244 0.244 0.2525 0.2525 0.2525 0.236 0.236 0.2235 0.2235 0.2235 0.2235 0.217 0.217 0.217 0.2375 0.2375 0.233 0.233 0.2225 0.2225 0.2225 0.216 0.216 0.2195 0.2195 0.244 0.244 0.244 0.236 0.236 0.235 0.235 0.236 0.236 0.236 0.2575 0.2575 0.2425 0.2425 0.246 0.246 0.246 0.2255 0.2255 0.2305 0.2305 0.246 0.246 0.274 0.274 0.274 0.237 0.237 0.241 0.241 0.266 0.266 0.266 0.261 0.261 0.252 0.252 0.2625 0.2625 0.2625 0.3 0.3 0.313 0.313 0.2675 0.2675 0.2675 0.2405 0.2405 0.24
0.224 0.222 0.222 0.244 0.244 0.2525 0.2525 0.2525 0.236 0.236 0.2235 0.2235 0.2235 0.2235 0.217 0.217 0.217 0.2375 0.2375 0.233 0.233 0.2225 0.2225 0.2225 0.216 0.216 0.2195 0.2195 0.244 0.244 0.244 0.236 0.236 0.235 0.235 0.236 0.236 0.236 0.2575 0.2575 0.2425 0.2425 0.246 0.246 0.246 0.2255 0.2255 0.2305 0.2305 0.246 0.246 0.274 0.274 0.274 0.237 0.237 0.241 0.241 0.266 0.266 0.266 0.261 0.261 0.252 0.252 0.2625 0.2625 0.2625 0.3 0.3 0.313 0.313 0.2675 0.2675 0.2675 0.2405 0.2405 0.24
0.223 0.228 0.228 0.2445 0.2445 0.2505 0.2505 0.2505 0.232 0.232 0.2265 0.2265 0.2345 0.2345 0.216 0.216 0.216 0.244 0.244 0.239 0.239 0.2465 0.2465 0.2465 0.243 0.243 0.244 0.244 0.2435 0.2435 0.2435 0.265 0.265 0.262 0.262 0.2525 0.2525 0.2525 0.2525 0.2525 0.2455 0.2455 0.2485 0.2485 0.2485 0.2455 0.2455 0.2545 0.2545 0.254 0.254 0.2625 0.2625 0.2625 0.273 0.273 0.278 0.278 0.243 0.243 0.243 0.2875 0.2875 0.2605 0.2605 0.285 0.285 0.285 0.2645 0.2645 0.2675 0.2675 0.2545 0.2545 0.2545 0.231 0.231 0.221
