ndvi/NOAA-201.asc
ncols         252
nrows         154
xllcorner     -18.017974
yllcorner     13.481982
cellsize      0.035948
NODATA_value  -9999
[rows 68 to 101 of 154, columns 77 to 153 of 252]
0.3415 0.3415 0.291 0.291 0.281 0.281 0.3155 0.3155 0.3155 0.345 0.345 0.3505 0.3505 0.3565 0.3565 0.298 0.298 0.298 0.296 0.296 0.304 0.304 0.2555 0.2555 0.2555 0.237 0.237 0.244 0.244 0.2405 0.2405 0.2405 0.2675 0.2675 0.263 0.263 0.2415 0.2415 0.2415 0.2635 0.2635 0.2685 0.2685 0.2695 0.2695 0.2695 0.2115 0.2115 0.228 0.228 0.2215 0.2215 0.2515 0.2515 0.2515 0.2375 0.2375 0.254 0.254 0.317 0.317 0.317 0.323 0.323 0.3275 0.3275 0.2715 0.2715 0.2715 0.2785 0.2785 0.2435 0.2435 0.202 0.202 0.202 0.16
0.324 0.324 0.334 0.334 0.3495 0.3495 0.3515 0.3515 0.3515 0.3635 0.3635 0.387 0.387 0.4165 0.4165 0.4205 0.4205 0.4205 0.377 0.377 0.3455 0.3455 0.2535 0.2535 0.2535 0.235 0.235 0.2145 0.2145 0.2225 0.2225 0.2225 0.1975 0.1975 0.2305 0.2305 0.258 0.258 0.258 0.2675 0.2675 0.2865 0.2865 0.2235 0.2235 0.2235 0.1915 0.1915 0.209 0.209 0.229 0.229 0.254 0.254 0.254 0.254 0.254 0.2845 0.2845 0.309 0.309 0.309 0.342 0.342 0.3115 0.3115 0.294 0.294 0.294 0.277 0.277 0.2545 0.2545 0.241 0.241 0.241 0.215
0.324 0.324 0.334 0.334 0.3495 0.3495 0.3515 0.3515 0.3515 0.3635 0.3635 0.387 0.387 0.4165 0.4165 0.4205 0.4205 0.4205 0.377 0.377 0.3455 0.3455 0.2535 0.2535 0.2535 0.235 0.235 0.2145 0.2145 0.2225 0.2225 0.2225 0.1975 0.1975 0.2305 0.2305 0.258 0.258 0.258 0.2675 0.2675 0.2865 0.2865 0.2235 0.2235 0.2235 0.1915 0.1915 0.209 0.209 0.229 0.229 0.254 0.254 0.254 0.254 0.254 0.2845 0.2845 0.309 0.309 0.309 0.342 0.342 0.3115 0.3115 0.294 0.294 0.294 0.277 0.277 0.2545 0.2545 0.241 0.241 0.241 0.215
0.3645 0.3645 0.351 0.351 0.3615 0.3615 0.3385 0.3385 0.3385 0.3365 0.3365 0.4025 0.4025 0.443 0.443 0.4405 0.4405 0.4405 0.4285 0.4285 0.407 0.407 0.39 0.39 0.39 0.2765 0.2765 0.2775 0.2775 0.2575 0.2575 0.2575 0.2695 0.2695 0.272 0.272 0.2805 0.2805 0.2805 0.298 0.298 0.255 0.255 0.2465 0.2465 0.2465 0.2165 0.2165 0.2205 0.2205 0.27 0.27 0.285 0.285 0.285 0.2875 0.2875 0.3225 0.3225 0.3295 0.3295 0.3295 0.3495 0.3495 0.333 0.333 0.283 0.283 0.283 0.2645 0.2645 0.2525 0.2525 0.28 0.28 0.28 0.241
0.3645 0.3645 0.351 0.351 0.3615 0.3615 0.3385 0.3385 0.3385 0.3365 0.3365 0.4025 0.4025 0.443 0.443 0.4405 0.4405 0.4405 0.4285 0.4285 0.407 0.407 0.39 0.39 0.39 0.2765 0.2765 0.2775 0.2775 0.2575 0.2575 0.2575 0.2695 0.2695 0.272 0.272 0.2805 0.2805 0.2805 0.298 0.298 0.255 0.255 0.2465 0.2465 0.2465 0.2165 0.2165 0.2205 0.2205 0.27 0.27 0.285 0.285 0.285 0.2875 0.2875 0.3225 0.3225 0.3295 0.3295 0.3295 0.3495 0.3495 0.333 0.333 0.283 0.283 0.283 0.2645 0.2645 0.2525 0.2525 0.28 0.28 0.28 0.241
0.3645 0.3645 0.351 0.351 0.3615 0.3615 0.3385 0.3385 0.3385 0.3365 0.3365 0.4025 0.4025 0.443 0.443 0.4405 0.4405 0.4405 0.4285 0.4285 0.407 0.407 0.39 0.39 0.39 0.2765 0.2765 0.2775 0.2775 0.2575 0.2575 0.2575 0.2695 0.2695 0.272 0.272 0.2805 0.2805 0.2805 0.298 0.298 0.255 0.255 0.2465 0.2465 0.2465 0.2165 0.2165 0.2205 0.2205 0.27 0.27 0.285 0.285 0.285 0.2875 0.2875 0.3225 0.3225 0.3295 0.3295 0.3295 0.3495 0.3495 0.333 0.333 0.283 0.283 0.283 0.2645 0.2645 0.2525 0.2525 0.28 0.28 0.28 0.241
0.4105 0.4105 0.361 0.361 0.382 0.382 0.3665 0.3665 0.3665 0.366 0.366 0.3615 0.3615 0.405 0.405 0.4085 0.4085 0.4085 0.418 0.418 0.443 0.443 0.4845 0.4845 0.4845 0.4575 0.4575 0.435 0.435 0.2965 0.2965 0.2965 0.3445 0.3445 0.2785 0.2785 0.2705 0.2705 0.2705 0.267 0.267 0.2695 0.2695 0.2245 0.2245 0.2245 0.209 0.209 0.331 0.331 0.347 0.347 0.35 0.35 0.35 0.364 0.364 0.3285 0.3285 0.3135 0.3135 0.3135 0.3055 0.3055 0.2845 0.2845 0.2945 0.2945 0.2945 0.2925 0.2925 0.273 0.273 0.2155 0.2155 0.2155 0.2455
0.4105 0.4105 0.361 0.361 0.382 0.382 0.3665 0.3665 0.3665 0.366 0.366 0.3615 0.3615 0.405 0.405 0.4085 0.4085 0.4085 0.418 0.418 0.443 0.443 0.4845 0.4845 0.4845 0.4575 0.4575 0.435 0.435 0.2965 0.2965 0.2965 0.3445 0.3445 0.2785 0.2785 0.2705 0.2705 0.2705 0.267 0.267 0.2695 0.2695 0.2245 0.2245 0.2245 0.209 0.209 0.331 0.331 0.347 0.347 0.35 0.35 0.35 0.364 0.364 0.3285 0.3285 0.3135 0.3135 0.3135 0.3055 0.3055 0.2845 0.2845 0.2945 0.2945 0.2945 0.2925 0.2925 0.273 0.273 0.2155 0.2155 0.2155 0.2455
0.38 0.38 0.3425 0.3425 0.3775 0.3775 0.3705 0.3705 0.3705 0.3485 0.3485 0.372 0.372 0.3725 0.3725 0.383 0.383 0.383 0.392 0.392 0.393 0.393 0.466 0.466 0.466 0.4475 0.4475 0.438 0.438 0.363 0.363 0.363 0.3675 0.3675 0.347 0.347 0.2885 0.2885 0.2885 0.253 0.253 0.2675 0.2675 0.2235 0.2235 0.2235 0.261 0.261 0.3505 0.3505 0.3485 0.3485 0.3585 0.3585 0.3585 0.336 0.336 0.3585 0.3585 0.297 0.297 0.297 0.3075 0.3075 0.2855 0.2855 0.2905 0.2905 0.2905 0.258 0.258 0.238 0.238 0.148 0.148 0.148 0.222
0.38 0.38 0.3425 0.3425 0.3775 0.3775 0.3705 0.3705 0.3705 0.3485 0.3485 0.372 0.372 0.3725 0.3725 0.383 0.383 0.383 0.392 0.392 0.393 0.393 0.466 0.466 0.466 0.4475 0.4475 0.438 0.438 0.363 0.363 0.363 0.3675 0.3675 0.347 0.347 0.2885 0.2885 0.2885 0.253 0.253 0.2675 0.2675 0.2235 0.2235 0.2235 0.261 0.261 0.3505 0.3505 0.3485 0.3485 0.3585 0.3585 0.3585 0.336 0.336 0.3585 0.3585 0.297 0.297 0.297 0.3075 0.3075 0.2855 0.2855 0.2905 0.2905 0.2905 0.258 0.258 0.238 0.238 0.148 0.148 0.148 0.222
0.316 0.316 0.36 0.36 0.362 0.362 0.335 0.335 0.335 0.36 0.36 0.361 0.361 0.396 0.396 0.4095 0.4095 0.4095 0.42 0.42 0.3885 0.3885 0.3845 0.3845 0.3845 0.3895 0.3895 0.371 0.371 0.3735 0.3735 0.3735 0.381 0.381 0.35 0.35 0.3085 0.3085 0.3085 0.2765 0.2765 0.23 0.23 0.238 0.238 0.238 0.286 0.286 0.3245 0.3245 0.343 0.343 0.3005 0.3005 0.3005 0.2745 0.2745 0.2715 0.2715 0.289 0.289 0.289 0.318 0.318 0.3025 0.3025 0.3315 0.3315 0.3315 0.303 0.303 0.1935 0.1935 0.1975 0.1975 0.1975 0.185
0.316 0.316 0.36 0.36 0.362 0.362 0.335 0.335 0.335 0.36 0.36 0.361 0.361 0.396 0.396 0.4095 0.4095 0.4095 0.42 0.42 0.3885 0.3885 0.3845 0.3845 0.3845 0.3895 0.3895 0.371 0.371 0.3735 0.3735 0.3735 0.381 0.381 0.35 0.35 0.3085 0.3085 0.3085 0.2765 0.2765 0.23 0.23 0.238 0.238 0.238 0.286 0.286 0.3245 0.3245 0.343 0.343 0.3005 0.3005 0.3005 0.2745 0.2745 0.2715 0.2715 0.289 0.289 0.289 0.318 0.318 0.3025 0.3025 0.3315 0.3315 0.3315 0.303 0.303 0.1935 0.1935 0.1975 0.1975 0.1975 0.185
0.356 0.356 0.346 0.346 0.3555 0.3555 0.3295 0.3295 0.3295 0.3145 0.3145 0.344 0.344 0.3955 0.3955 0.418 0.418 0.418 0.368 0.368 0.3725 0.3725 0.374 0.374 0.374 0.37 0.37 0.321 0.321 0.329 0.329 0.329 0.376 0.376 0.397 0.397 0.3625 0.3625 0.3625 0.3315 0.3315 0.216 0.216 0.24 0.24 0.24 0.256 0.256 0.2635 0.2635 0.2755 0.2755 0.2845 0.2845 0.2845 0.2465 0.2465 0.216 0.216 0.2485 0.2485 0.2485 0.292 0.292 0.257 0.257 0.2435 0.2435 0.2435 0.2085 0.2085 0.243 0.243 0.197 0.197 0.197 0.1715
0.356 0.356 0.346 0.346 0.3555 0.3555 0.3295 0.3295 0.3295 0.3145 0.3145 0.344 0.344 0.3955 0.3955 0.418 0.418 0.418 0.368 0.368 0.3725 0.3725 0.374 0.374 0.374 0.37 0.37 0.321 0.321 0.329 0.329 0.329 0.376 0.376 0.397 0.397 0.3625 0.3625 0.3625 0.3315 0.3315 0.216 0.216 0.24 0.24 0.24 0.256 0.256 0.2635 0.2635 0.2755 0.2755 0.2845 0.2845 0.2845 0.2465 0.2465 0.216 0.216 0.2485 0.2485 0.2485 0.292 0.292 0.257 0.257 0.2435 0.2435 0.2435 0.2085 0.2085 0.243 0.243 0.197 0.197 0.197 0.1715
0.356 0.356 0.346 0.346 0.3555 0.3555 0.3295 0.3295 0.3295 0.3145 0.3145 0.344 0.344 0.3955 0.3955 0.418 0.418 0.418 0.368 0.368 0.3725 0.3725 0.374 0.374 0.374 0.37 0.37 0.321 0.321 0.329 0.329 0.329 0.376 0.376 0.397 0.397 0.3625 0.3625 0.3625 0.3315 0.3315 0.216 0.216 0.24 0.24 0.24 0.256 0.256 0.2635 0.2635 0.2755 0.2755 0.2845 0.2845 0.2845 0.2465 0.2465 0.216 0.216 0.2485 0.2485 0.2485 0.292 0.292 0.257 0.257 0.2435 0.2435 0.2435 0.2085 0.2085 0.243 0.243 0.197 0.197 0.197 0.1715
0.3575 0.3575 0.312 0.312 0.3625 0.3625 0.35 0.35 0.35 0.359 0.359 0.395 0.395 0.426 0.426 0.4265 0.4265 0.4265 0.391 0.391 0.39 0.39 0.3655 0.3655 0.3655 0.3305 0.3305 0.3235 0.3235 0.329 0.329 0.329 0.3715 0.3715 0.324 0.324 0.3305 0.3305 0.3305 0.3405 0.3405 0.3065 0.3065 0.3025 0.3025 0.3025 0.281 0.281 0.27 0.27 0.292 0.292 0.302 0.302 0.302 0.2525 0.2525 0.2425 0.2425 0.258 0.258 0.258 0.2715 0.2715 0.3075 0.3075 0.241 0.241 0.241 0.246 0.246 0.241 0.241 0.2035 0.2035 0.2035 0.1825
0.3575 0.3575 0.312 0.312 0.3625 0.3625 0.35 0.35 0.35 0.359 0.359 0.395 0.395 0.426 0.426 0.4265 0.4265 0.4265 0.391 0.391 0.39 0.39 0.3655 0.3655 0.3655 0.3305 0.3305 0.3235 0.3235 0.329 0.329 0.329 0.3715 0.3715 0.324 0.324 0.3305 0.3305 0.3305 0.3405 0.3405 0.3065 0.3065 0.3025 0.3025 0.3025 0.281 0.281 0.27 0.27 0.292 0.292 0.302 0.302 0.302 0.2525 0.2525 0.2425 0.2425 0.258 0.258 0.258 0.2715 0.2715 0.3075 0.3075 0.241 0.241 0.241 0.246 0.246 0.241 0.241 0.2035 0.2035 0.2035 0.1825
0.401 0.401 0.372 0.372 0.364 0.364 0.351 0.351 0.351 0.4235 0.4235 0.4315 0.4315 0.4535 0.4535 0.4025 0.4025 0.4025 0.3945 0.3945 0.3895 0.3895 0.398 0.398 0.398 0.36 0.36 0.3475 0.3475 0.369 0.369 0.369 0.3455 0.3455 0.412 0.412 0.368 0.368 0.368 0.3705 0.3705 0.3645 0.3645 0.3235 0.3235 0.3235 0.334 0.334 0.3635 0.3635 0.2975 0.2975 0.336 0.336 0.336 0.3215 0.3215 0.358 0.358 0.378 0.378 0.378 0.358 0.358 0.332 0.332 0.276 0.276 0.276 0.263 0.263 0.2255 0.2255 0.206 0.206 0.206 0.179
0.401 0.401 0.372 0.372 0.364 0.364 0.351 0.351 0.351 0.4235 0.4235 0.4315 0.4315 0.4535 0.4535 0.4025 0.4025 0.4025 0.3945 0.3945 0.3895 0.3895 0.398 0.398 0.398 0.36 0.36 0.3475 0.3475 0.369 0.369 0.369 0.3455 0.3455 0.412 0.412 0.368 0.368 0.368 0.3705 0.3705 0.3645 0.3645 0.3235 0.3235 0.3235 0.334 0.334 0.3635 0.3635 0.2975 0.2975 0.336 0.336 0.336 0.3215 0.3215 0.358 0.358 0.378 0.378 0.378 0.358 0.358 0.332 0.332 0.276 0.276 0.276 0.263 0.263 0.2255 0.2255 0.206 0.206 0.206 0.179
0.441 0.441 0.4885 0.4885 0.5435 0.5435 0.478 0.478 0.478 0.4755 0.4755 0.481 0.481 0.489 0.489 0.459 0.459 0.459 0.439 0.439 0.392 0.392 0.371 0.371 0.371 0.4075 0.4075 0.3665 0.3665 0.397 0.397 0.397 0.365 0.365 0.427 0.427 0.418 0.418 0.418 0.442 0.442 0.4435 0.4435 0.4345 0.4345 0.4345 0.3475 0.3475 0.366 0.366 0.324 0.324 0.354 0.354 0.354 0.368 0.368 0.373 0.373 0.38 0.38 0.38 0.36 0.36 0.3635 0.3635 0.2955 0.2955 0.2955 0.292 0.292 0.273 0.273 0.2215 0.2215 0.2215 0.2165
0.441 0.441 0.4885 0.4885 0.5435 0.5435 0.478 0.478 0.478 0.4755 0.4755 0.481 0.481 0.489 0.489 0.459 0.459 0.459 0.439 0.439 0.392 0.392 0.371 0.371 0.371 0.4075 0.4075 0.3665 0.3665 0.397 0.397 0.397 0.365 0.365 0.427 0.427 0.418 0.418 0.418 0.442 0.442 0.4435 0.4435 0.4345 0.4345 0.4345 0.3475 0.3475 0.366 0.366 0.324 0.324 0.354 0.354 0.354 0.368 0.368 0.373 0.373 0.38 0.38 0.38 0.36 0.36 0.3635 0.3635 0.2955 0.2955 0.2955 0.292 0.292 0.273 0.273 0.2215 0.2215 0.2215 0.2165
0.441 0.441 0.4885 0.4885 0.5435 0.5435 0.478 0.478 0.478 0.4755 0.4755 0.481 0.481 0.489 0.489 0.459 0.459 0.459 0.439 0.439 0.392 0.392 0.371 0.371 0.371 0.4075 0.4075 0.3665 0.3665 0.397 0.397 0.397 0.365 0.365 0.427 0.427 0.418 0.418 0.418 0.442 0.442 0.4435 0.4435 0.4345 0.4345 0.4345 0.3475 0.3475 0.366 0.366 0.324 0.324 0.354 0.354 0.354 0.368 0.368 0.373 0.373 0.38 0.38 0.38 0.36 0.36 0.3635 0.3635 0.2955 0.2955 0.2955 0.292 0.292 0.273 0.273 0.2215 0.2215 0.2215 0.2165
0.5045 0.5045 0.523 0.523 0.5165 0.5165 0.476 0.476 0.476 0.473 0.473 0.425 0.425 0.4385 0.4385 0.3715 0.3715 0.3715 0.377 0.377 0.3505 0.3505 0.3975 0.3975 0.3975 0.4075 0.4075 0.3915 0.3915 0.4075 0.4075 0.4075 0.3755 0.3755 0.392 0.392 0.4075 0.4075 0.4075 0.453 0.453 0.438 0.438 0.446 0.446 0.446 0.4665 0.4665 0.4075 0.4075 0.3975 0.3975 0.321 0.321 0.321 0.359 0.359 0.381 0.381 0.393 0.393 0.393 0.42 0.42 0.4015 0.4015 0.375 0.375 0.375 0.2795 0.2795 0.2795 0.2795 0.266 0.266 0.266 0.2435
0.5045 0.5045 0.523 0.523 0.5165 0.5165 0.476 0.476 0.476 0.473 0.473 0.425 0.425 0.4385 0.4385 0.3715 0.3715 0.3715 0.377 0.377 0.3505 0.3505 0.3975 0.3975 0.3975 0.4075 0.4075 0.3915 0.3915 0.4075 0.4075 0.4075 0.3755 0.3755 0.392 0.392 0.4075 0.4075 0.4075 0.453 0.453 0.438 0.438 0.446 0.446 0.446 0.4665 0.4665 0.4075 0.4075 0.3975 0.3975 0.321 0.321 0.321 0.359 0.359 0.381 0.381 0.393 0.393 0.393 0.42 0.42 0.4015 0.4015 0.375 0.375 0.375 0.2795 0.2795 0.2795 0.2795 0.266 0.266 0.266 0.2435
0.5025 0.5025 0.4815 0.4815 0.471 0.471 0.506 0.506 0.506 0.4415 0.4415 0.4255 0.4255 0.3865 0.3865 0.364 0.364 0.364 0.375 0.375 0.3955 0.3955 0.394 0.394 0.394 0.4065 0.4065 0.426 0.426 0.3955 0.3955 0.3955 0.3665 0.3665 0.427 0.427 0.44 0.44 0.44 0.46 0.46 0.533 0.533 0.5075 0.5075 0.5075 0.52 0.52 0.504 0.504 0.435 0.435 0.329 0.329 0.329 0.3305 0.3305 0.3435 0.3435 0.412 0.412 0.412 0.434 0.434 0.4445 0.4445 0.408 0.408 0.408 0.3805 0.3805 0.3705 0.3705 0.3575 0.3575 0.3575 0.3005
0.5025 0.5025 0.4815 0.4815 0.471 0.471 0.506 0.506 0.506 0.4415 0.4415 0.4255 0.4255 0.3865 0.3865 0.364 0.364 0.364 0.375 0.375 0.3955 0.3955 0.394 0.394 0.394 0.4065 0.4065 0.426 0.426 0.3955 0.3955 0.3955 0.3665 0.3665 0.427 0.427 0.44 0.44 0.44 0.46 0.46 0.533 0.533 0.5075 0.5075 0.5075 0.52 0.52 0.504 0.504 0.435 0.435 0.329 0.329 0.329 0.3305 0.3305 0.3435 0.3435 0.412 0.412 0.412 0.434 0.434 0.4445 0.4445 0.408 0.408 0.408 0.3805 0.3805 0.3705 0.3705 0.3575 0.3575 0.3575 0.3005
0.4905 0.4905 0.511 0.511 0.4875 0.4875 0.4895 0.4895 0.4895 0.4765 0.4765 0.4595 0.4595 0.452 0.452 0.432 0.432 0.432 0.396 0.396 0.4095 0.4095 0.3765 0.3765 0.3765 0.3725 0.3725 0.4305 0.4305 0.425 0.425 0.425 0.4075 0.4075 0.4475 0.4475 0.436 0.436 0.436 0.457 0.457 0.454 0.454 0.5005 0.5005 0.5005 0.5135 0.5135 0.5035 0.5035 0.4275 0.4275 0.347 0.347 0.347 0.323 0.323 0.3195 0.3195 0.3565 0.3565 0.3565 0.347 0.347 0.4195 0.4195 0.4255 0.4255 0.4255 0.351 0.351 0.3715 0.3715 0.332 0.332 0.332 0.232
0.4905 0.4905 0.511 0.511 0.4875 0.4875 0.4895 0.4895 0.4895 0.4765 0.4765 0.4595 0.4595 0.452 0.452 0.432 0.432 0.432 0.396 0.396 0.4095 0.4095 0.3765 0.3765 0.3765 0.3725 0.3725 0.4305 0.4305 0.425 0.425 0.425 0.4075 0.4075 0.4475 0.4475 0.436 0.436 0.436 0.457 0.457 0.454 0.454 0.5005 0.5005 0.5005 0.5135 0.5135 0.5035 0.5035 0.4275 0.4275 0.347 0.347 0.347 0.323 0.323 0.3195 0.3195 0.3565 0.3565 0.3565 0.347 0.347 0.4195 0.4195 0.4255 0.4255 0.4255 0.351 0.351 0.3715 0.3715 0.332 0.332 0.332 0.232
0.4905 0.4905 0.511 0.511 0.4875 0.4875 0.4895 0.4895 0.4895 0.4765 0.4765 0.4595 0.4595 0.452 0.452 0.432 0.432 0.432 0.396 0.396 0.4095 0.4095 0.3765 0.3765 0.3765 0.3725 0.3725 0.4305 0.4305 0.425 0.425 0.425 0.4075 0.4075 0.4475 0.4475 0.436 0.436 0.436 0.457 0.457 0.454 0.454 0.5005 0.5005 0.5005 0.5135 0.5135 0.5035 0.5035 0.4275 0.4275 0.347 0.347 0.347 0.323 0.323 0.3195 0.3195 0.3565 0.3565 0.3565 0.347 0.347 0.4195 0.4195 0.4255 0.4255 0.4255 0.351 0.351 0.3715 0.3715 0.332 0.332 0.332 0.232
0.4835 0.4835 0.542 0.542 0.5555 0.5555 0.4515 0.4515 0.4515 0.4645 0.4645 0.4655 0.4655 0.404 0.404 0.3935 0.3935 0.3935 0.45 0.45 0.4305 0.4305 0.4035 0.4035 0.4035 0.4165 0.4165 0.4735 0.4735 0.492 0.492 0.492 0.499 0.499 0.509 0.509 0.493 0.493 0.493 0.499 0.499 0.4855 0.4855 0.4525 0.4525 0.4525 0.445 0.445 0.416 0.416 0.4145 0.4145 0.4505 0.4505 0.4505 0.436 0.436 0.312 0.312 0.3665 0.3665 0.3665 0.313 0.313 0.332 0.332 0.3895 0.3895 0.3895 0.435 0.435 0.2855 0.2855 0.283 0.283 0.283 0.3195
0.4835 0.4835 0.542 0.542 0.5555 0.5555 0.4515 0.4515 0.4515 0.4645 0.4645 0.4655 0.4655 0.404 0.404 0.3935 0.3935 0.3935 0.45 0.45 0.4305 0.4305 0.4035 0.4035 0.4035 0.4165 0.4165 0.4735 0.4735 0.492 0.492 0.492 0.499 0.499 0.509 0.509 0.493 0.493 0.493 0.499 0.499 0.4855 0.4855 0.4525 0.4525 0.4525 0.445 0.445 0.416 0.416 0.4145 0.4145 0.4505 0.4505 0.4505 0.436 0.436 0.312 0.312 0.3665 0.3665 0.3665 0.313 0.313 0.332 0.332 0.3895 0.3895 0.3895 0.435 0.435 0.2855 0.2855 0.283 0.283 0.283 0.3195
0.542 0.542 0.528 0.528 0.5585 0.5585 0.539 0.539 0.539 0.469 0.469 0.447 0.447 0.4095 0.4095 0.4 0.4 0.4 0.4535 0.4535 0.437 0.437 0.4115 0.4115 0.4115 0.451 0.451 0.4915 0.4915 0.5045 0.5045 0.5045 0.473 0.473 0.5335 0.5335 0.5255 0.5255 0.5255 0.5195 0.5195 0.503 0.503 0.4975 0.4975 0.4975 0.4575 0.4575 0.4815 0.4815 0.485 0.485 0.474 0.474 0.474 0.475 0.475 0.422 0.422 0.3695 0.3695 0.3695 0.3405 0.3405 0.3855 0.3855 0.4025 0.4025 0.4025 0.39 0.39 0.436 0.436 0.3835 0.3835 0.3835 0.418
0.542 0.542 0.528 0.528 0.5585 0.5585 0.539 0.539 0.539 0.469 0.469 0.447 0.447 0.4095 0.4095 0.4 0.4 0.4 0.4535 0.4535 0.437 0.437 0.4115 0.4115 0.4115 0.451 0.451 0.4915 0.4915 0.5045 0.5045 0.5045 0.473 0.473 0.5335 0.5335 0.5255 0.5255 0.5255 0.5195 0.5195 0.503 0.503 0.4975 0.4975 0.4975 0.4575 0.4575 0.4815 0.4815 0.485 0.485 0.474 0.474 0.474 0.475 0.475 0.422 0.422 0.3695 0.3695 0.3695 0.3405 0.3405 0.3855 0.3855 0.4025 0.4025 0.4025 0.39 0.39 0.436 0.436 0.3835 0.3835 0.3835 0.418
0.5195 0.5195 0.567 0.567 0.551 0.551 0.5515 0.5515 0.5515 0.507 0.507 0.4375 0.4375 0.461 0.461 0.4735 0.4735 0.4735 0.4935 0.4935 0.448 0.448 0.443 0.443 0.443 0.4965 0.4965 0.4425 0.4425 0.477 0.477 0.477 0.4725 0.4725 0.5405 0.5405 0.52 0.52 0.52 0.5515 0.5515 0.4705 0.4705 0.5075 0.5075 0.5075 0.498 0.498 0.51 0.51 0.5735 0.5735 0.569 0.569 0.569 0.5125 0.5125 0.4265 0.4265 0.4085 0.4085 0.4085 0.3125 0.3125 0.372 0.372 0.4085 0.4085 0.4085 0.49 0.49 0.485 0.485 0.494 0.494 0.494 0.468
