ndvi/NOAA-299.asc
ncols         252
nrows         154
xllcorner     -18.017974
yllcorner     13.481982
cellsize      0.035948
NODATA_value  -9999
[rows 102 to 135 of 154, columns 77 to 153 of 252]
0.2635 0.2635 0.291 0.291 0.294 0.294 0.3025 0.3025 0.3025 0.2805 0.2805 0.2825 0.2825 0.3015 0.3015 0.3015 0.3015 0.3015 0.2935 0.2935 0.287 0.287 0.286 0.286 0.286 0.303 0.303 0.34 0.34 0.2775 0.2775 0.2775 0.2895 0.2895 0.307 0.307 0.2965 0.2965 0.2965 0.31 0.31 0.3385 0.3385 0.3545 0.3545 0.3545 0.3535 0.3535 0.3395 0.3395 0.375 0.375 0.346 0.346 0.346 0.3155 0.3155 0.298 0.298 0.271 0.271 0.271 0.257 0.257 0.339 0.339 0.3095 0.3095 0.3095 0.325 0.325 0.357 0.357 0.3195 0.3195 0.3195 0.3055
0.3 0.3 0.303 0.303 0.3065 0.3065 0.327 0.327 0.327 0.3015 0.3015 0.318 0.318 0.3065 0.3065 0.316 0.316 0.316 0.305 0.305 0.305 0.305 0.331 0.331 0.331 0.3235 0.3235 0.293 0.293 0.293 0.293 0.293 0.325 0.325 0.3185 0.3185 0.3385 0.3385 0.3385 0.3005 0.3005 0.3425 0.3425 0.3225 0.3225 0.3225 0.3505 0.3505 0.3635 0.3635 0.384 0.384 0.344 0.344 0.344 0.371 0.371 0.3405 0.3405 0.3295 0.3295 0.3295 0.2665 0.2665 0.297 0.297 0.266 0.266 0.266 0.3375 0.3375 0.3175 0.3175 0.282 0.282 0.282 0.29
0.3 0.3 0.303 0.303 0.3065 0.3065 0.327 0.327 0.327 0.3015 0.3015 0.318 0.318 0.3065 0.3065 0.316 0.316 0.316 0.305 0.305 0.305 0.305 0.331 0.331 0.331 0.3235 0.3235 0.293 0.293 0.293 0.293 0.293 0.325 0.325 0.3185 0.3185 0.3385 0.3385 0.3385 0.3005 0.3005 0.3425 0.3425 0.3225 0.3225 0.3225 0.3505 0.3505 0.3635 0.3635 0.384 0.384 0.344 0.344 0.344 0.371 0.371 0.3405 0.3405 0.3295 0.3295 0.3295 0.2665 0.2665 0.297 0.297 0.266 0.266 0.266 0.3375 0.3375 0.3175 0.3175 0.282 0.282 0.282 0.29
0.3 0.3 0.303 0.303 0.3065 0.3065 0.327 0.327 0.327 0.3015 0.3015 0.318 0.318 0.3065 0.3065 0.316 0.316 0.316 0.305 0.305 0.305 0.305 0.331 0.331 0.331 0.3235 0.3235 0.293 0.293 0.293 0.293 0.293 0.325 0.325 0.3185 0.3185 0.3385 0.3385 0.3385 0.3005 0.3005 0.3425 0.3425 0.3225 0.3225 0.3225 0.3505 0.3505 0.3635 0.3635 0.384 0.384 0.344 0.344 0.344 0.371 0.371 0.3405 0.3405 0.3295 0.3295 0.3295 0.2665 0.2665 0.297 0.297 0.266 0.266 0.266 0.3375 0.3375 0.3175 0.3175 0.282 0.282 0.282 0.29
0.316 0.316 0.309 0.309 0.3255 0.3255 0.3385 0.3385 0.3385 0.3355 0.3355 0.308 0.308 0.309 0.309 0.316 0.316 0.316 0.319 0.319 0.3305 0.3305 0.322 0.322 0.322 0.345 0.345 0.32 0.32 0.329 0.329 0.329 0.3445 0.3445 0.344 0.344 0.362 0.362 0.362 0.3715 0.3715 0.365 0.365 0.3455 0.3455 0.3455 0.3545 0.3545 0.3615 0.3615 0.3705 0.3705 0.3805 0.3805 0.3805 0.367 0.367 0.3505 0.3505 0.3315 0.3315 0.3315 0.293 0.293 0.2985 0.2985 0.318 0.318 0.318 0.287 0.287 0.2755 0.2755 0.2625 0.2625 0.2625 0.295
0.316 0.316 0.309 0.309 0.3255 0.3255 0.3385 0.3385 0.3385 0.3355 0.3355 0.308 0.308 0.309 0.309 0.316 0.316 0.316 0.319 0.319 0.3305 0.3305 0.322 0.322 0.322 0.345 0.345 0.32 0.32 0.329 0.329 0.329 0.3445 0.3445 0.344 0.344 0.362 0.362 0.362 0.3715 0.3715 0.365 0.365 0.3455 0.3455 0.3455 0.3545 0.3545 0.3615 0.3615 0.3705 0.3705 0.3805 0.3805 0.3805 0.367 0.367 0.3505 0.3505 0.3315 0.3315 0.3315 0.293 0.293 0.2985 0.2985 0.318 0.318 0.318 0.287 0.287 0.2755 0.2755 0.2625 0.2625 0.2625 0.295
0.332 0.332 0.3325 0.3325 0.3045 0.3045 0.334 0.334 0.334 0.33 0.33 0.336 0.336 0.326 0.326 0.3485 0.3485 0.3485 0.324 0.324 0.3185 0.3185 0.33 0.33 0.33 0.3475 0.3475 0.335 0.335 0.343 0.343 0.343 0.3825 0.3825 0.3785 0.3785 0.376 0.376 0.376 0.4075 0.4075 0.3755 0.3755 0.3415 0.3415 0.3415 0.341 0.341 0.3745 0.3745 0.368 0.368 0.34 0.34 0.34 0.383 0.383 0.386 0.386 0.355 0.355 0.355 0.348 0.348 0.334 0.334 0.2875 0.2875 0.2875 0.3285 0.3285 0.338 0.338 0.3355 0.3355 0.3355 0.321
0.332 0.332 0.3325 0.3325 0.3045 0.3045 0.334 0.334 0.334 0.33 0.33 0.336 0.336 0.326 0.326 0.3485 0.3485 0.3485 0.324 0.324 0.3185 0.3185 0.33 0.33 0.33 0.3475 0.3475 0.335 0.335 0.343 0.343 0.343 0.3825 0.3825 0.3785 0.3785 0.376 0.376 0.376 0.4075 0.4075 0.3755 0.3755 0.3415 0.3415 0.3415 0.341 0.341 0.3745 0.3745 0.368 0.368 0.34 0.34 0.34 0.383 0.383 0.386 0.386 0.355 0.355 0.355 0.348 0.348 0.334 0.334 0.2875 0.2875 0.2875 0.3285 0.3285 0.338 0.338 0.3355 0.3355 0.3355 0.321
0.351 0.351 0.326 0.326 0.32 0.32 0.346 0.346 0.346 0.331 0.331 0.3545 0.3545 0.3565 0.3565 0.358 0.358 0.358 0.286 0.286 0.306 0.306 0.3175 0.3175 0.3175 0.319 0.319 0.408 0.408 0.392 0.392 0.392 0.3655 0.3655 0.4365 0.4365 0.373 0.373 0.373 0.3615 0.3615 0.3805 0.3805 0.3745 0.3745 0.3745 0.3575 0.3575 0.345 0.345 0.3555 0.3555 0.3875 0.3875 0.3875 0.3915 0.3915 0.38 0.38 0.3835 0.3835 0.3835 0.366 0.366 0.3845 0.3845 0.351 0.351 0.351 0.3535 0.3535 0.3775 0.3775 0.334 0.334 0.334 0.3385
0.351 0.351 0.326 0.326 0.32 0.32 0.346 0.346 0.346 0.331 0.331 0.3545 0.3545 0.3565 0.3565 0.358 0.358 0.358 0.286 0.286 0.306 0.306 0.3175 0.3175 0.3175 0.319 0.319 0.408 0.408 0.392 0.392 0.392 0.3655 0.3655 0.4365 0.4365 0.373 0.373 0.373 0.3615 0.3615 0.3805 0.3805 0.3745 0.3745 0.3745 0.3575 0.3575 0.345 0.345 0.3555 0.3555 0.3875 0.3875 0.3875 0.3915 0.3915 0.38 0.38 0.3835 0.3835 0.3835 0.366 0.366 0.3845 0.3845 0.351 0.351 0.351 0.3535 0.3535 0.3775 0.3775 0.334 0.334 0.334 0.3385
0.351 0.351 0.326 0.326 0.32 0.32 0.346 0.346 0.346 0.331 0.331 0.3545 0.3545 0.3565 0.3565 0.358 0.358 0.358 0.286 0.286 0.306 0.306 0.3175 0.3175 0.3175 0.319 0.319 0.408 0.408 0.392 0.392 0.392 0.3655 0.3655 0.4365 0.4365 0.373 0.373 0.373 0.3615 0.3615 0.3805 0.3805 0.3745 0.3745 0.3745 0.3575 0.3575 0.345 0.345 0.3555 0.3555 0.3875 0.3875 0.3875 0.3915 0.3915 0.38 0.38 0.3835 0.3835 0.3835 0.366 0.366 0.3845 0.3845 0.351 0.351 0.351 0.3535 0.3535 0.3775 0.3775 0.334 0.334 0.334 0.3385
0.345 0.345 0.3795 0.3795 0.3715 0.3715 0.3475 0.3475 0.3475 0.355 0.355 0.371 0.371 0.3495 0.3495 0.3745 0.3745 0.3745 0.3055 0.3055 0.3005 0.3005 0.319 0.319 0.319 0.348 0.348 0.334 0.334 0.372 0.372 0.372 0.333 0.333 0.3685 0.3685 0.307 0.307 0.307 0.3675 0.3675 0.363 0.363 0.386 0.386 0.386 0.378 0.378 0.399 0.399 0.4065 0.4065 0.4095 0.4095 0.4095 0.3975 0.3975 0.407 0.407 0.3655 0.3655 0.3655 0.379 0.379 0.373 0.373 0.367 0.367 0.367 0.3835 0.3835 0.4 0.4 0.3645 0.3645 0.3645 0.3425
0.345 0.345 0.3795 0.3795 0.3715 0.3715 0.3475 0.3475 0.3475 0.355 0.355 0.371 0.371 0.3495 0.3495 0.3745 0.3745 0.3745 0.3055 0.3055 0.3005 0.3005 0.319 0.319 0.319 0.348 0.348 0.334 0.334 0.372 0.372 0.372 0.333 0.333 0.3685 0.3685 0.307 0.307 0.307 0.3675 0.3675 0.363 0.363 0.386 0.386 0.386 0.378 0.378 0.399 0.399 0.4065 0.4065 0.4095 0.4095 0.4095 0.3975 0.3975 0.407 0.407 0.3655 0.3655 0.3655 0.379 0.379 0.373 0.373 0.367 0.367 0.367 0.3835 0.3835 0.4 0.4 0.3645 0.3645 0.3645 0.3425
0.35 0.35 0.3625 0.3625 0.3525 0.3525 0.3545 0.3545 0.3545 0.3475 0.3475 0.3775 0.3775 0.377 0.377 0.326 0.326 0.326 0.3065 0.3065 0.3035 0.3035 0.295 0.295 0.295 0.298 0.298 0.297 0.297 0.316 0.316 0.316 0.3155 0.3155 0.344 0.344 0.2885 0.2885 0.2885 0.3415 0.3415 0.369 0.369 0.384 0.384 0.384 0.381 0.381 0.403 0.403 0.4045 0.4045 0.4195 0.4195 0.4195 0.379 0.379 0.3725 0.3725 0.3605 0.3605 0.3605 0.382 0.382 0.3755 0.3755 0.3775 0.3775 0.3775 0.3485 0.3485 0.3655 0.3655 0.3315 0.3315 0.3315 0.3415
0.35 0.35 0.3625 0.3625 0.3525 0.3525 0.3545 0.3545 0.3545 0.3475 0.3475 0.3775 0.3775 0.377 0.377 0.326 0.326 0.326 0.3065 0.3065 0.3035 0.3035 0.295 0.295 0.295 0.298 0.298 0.297 0.297 0.316 0.316 0.316 0.3155 0.3155 0.344 0.344 0.2885 0.2885 0.2885 0.3415 0.3415 0.369 0.369 0.384 0.384 0.384 0.381 0.381 0.403 0.403 0.4045 0.4045 0.4195 0.4195 0.4195 0.379 0.379 0.3725 0.3725 0.3605 0.3605 0.3605 0.382 0.382 0.3755 0.3755 0.3775 0.3775 0.3775 0.3485 0.3485 0.3655 0.3655 0.3315 0.3315 0.3315 0.3415
0.35 0.35 0.3485 0.3485 0.375 0.375 0.368 0.368 0.368 0.3455 0.3455 0.3325 0.3325 0.356 0.356 0.313 0.313 0.313 0.3225 0.3225 0.2895 0.2895 0.291 0.291 0.291 0.2995 0.2995 0.3195 0.3195 0.3105 0.3105 0.3105 0.301 0.301 0.352 0.352 0.332 0.332 0.332 0.3545 0.3545 0.379 0.379 0.38 0.38 0.38 0.41 0.41 0.393 0.393 0.41 0.41 0.3925 0.3925 0.3925 0.357 0.357 0.353 0.353 0.3545 0.3545 0.3545 0.3495 0.3495 0.369 0.369 0.377 0.377 0.377 0.3685 0.3685 0.3355 0.3355 0.3395 0.3395 0.3395 0.315
0.35 0.35 0.3485 0.3485 0.375 0.375 0.368 0.368 0.368 0.3455 0.3455 0.3325 0.3325 0.356 0.356 0.313 0.313 0.313 0.3225 0.3225 0.2895 0.2895 0.291 0.291 0.291 0.2995 0.2995 0.3195 0.3195 0.3105 0.3105 0.3105 0.301 0.301 0.352 0.352 0.332 0.332 0.332 0.3545 0.3545 0.379 0.379 0.38 0.38 0.38 0.41 0.41 0.393 0.393 0.41 0.41 0.3925 0.3925 0.3925 0.357 0.357 0.353 0.353 0.3545 0.3545 0.3545 0.3495 0.3495 0.369 0.369 0.377 0.377 0.377 0.3685 0.3685 0.3355 0.3355 0.3395 0.3395 0.3395 0.315
0.35 0.35 0.3485 0.3485 0.375 0.375 0.368 0.368 0.368 0.3455 0.3455 0.3325 0.3325 0.356 0.356 0.313 0.313 0.313 0.3225 0.3225 0.2895 0.2895 0.291 0.291 0.291 0.2995 0.2995 0.3195 0.3195 0.3105 0.3105 0.3105 0.301 0.301 0.352 0.352 0.332 0.332 0.332 0.3545 0.3545 0.379 0.379 0.38 0.38 0.38 0.41 0.41 0.393 0.393 0.41 0.41 0.3925 0.3925 0.3925 0.357 0.357 0.353 0.353 0.3545 0.3545 0.3545 0.3495 0.3495 0.369 0.369 0.377 0.377 0.377 0.3685 0.3685 0.3355 0.3355 0.3395 0.3395 0.3395 0.315
0.3615 0.3615 0.368 0.368 0.3865 0.3865 0.3905 0.3905 0.3905 0.361 0.361 0.3895 0.3895 0.3345 0.3345 0.344 0.344 0.344 0.3555 0.3555 0.3855 0.3855 0.39 0.39 0.39 0.3235 0.3235 0.3645 0.3645 0.331 0.331 0.331 0.358 0.358 0.3345 0.3345 0.3685 0.3685 0.3685 0.401 0.401 0.3745 0.3745 0.377 0.377 0.377 0.3865 0.3865 0.3915 0.3915 0.361 0.361 0.3515 0.3515 0.3515 0.3265 0.3265 0.3705 0.3705 0.3655 0.3655 0.3655 0.3695 0.3695 0.368 0.368 0.3455 0.3455 0.3455 0.3605 0.3605 0.361 0.361 0.331 0.331 0.331 0.3295
0.3615 0.3615 0.368 0.368 0.3865 0.3865 0.3905 0.3905 0.3905 0.361 0.361 0.3895 0.3895 0.3345 0.3345 0.344 0.344 0.344 0.3555 0.3555 0.3855 0.3855 0.39 0.39 0.39 0.3235 0.3235 0.3645 0.3645 0.331 0.331 0.331 0.358 0.358 0.3345 0.3345 0.3685 0.3685 0.3685 0.401 0.401 0.3745 0.3745 0.377 0.377 0.377 0.3865 0.3865 0.3915 0.3915 0.361 0.361 0.3515 0.3515 0.3515 0.3265 0.3265 0.3705 0.3705 0.3655 0.3655 0.3655 0.3695 0.3695 0.368 0.368 0.3455 0.3455 0.3455 0.3605 0.3605 0.361 0.361 0.331 0.331 0.331 0.3295
0.348 0.348 0.3295 0.3295 0.3965 0.3965 0.3975 0.3975 0.3975 0.3605 0.3605 0.3425 0.3425 0.3835 0.3835 0.4095 0.4095 0.4095 0.387 0.387 0.366 0.366 0.371 0.371 0.371 0.336 0.336 0.3775 0.3775 0.3695 0.3695 0.3695 0.37 0.37 0.359 0.359 0.368 0.368 0.368 0.387 0.387 0.389 0.389 0.3915 0.3915 0.3915 0.3915 0.3915 0.3835 0.3835 0.4115 0.4115 0.3785 0.3785 0.3785 0.378 0.378 0.3445 0.3445 0.3845 0.3845 0.3845 0.4085 0.4085 0.4115 0.4115 0.402 0.402 0.402 0.3625 0.3625 0.36 0.36 0.336 0.336 0.336 0.3275
0.348 0.348 0.3295 0.3295 0.3965 0.3965 0.3975 0.3975 0.3975 0.3605 0.3605 0.3425 0.3425 0.3835 0.3835 0.4095 0.4095 0.4095 0.387 0.387 0.366 0.366 0.371 0.371 0.371 0.336 0.336 0.3775 0.3775 0.3695 0.3695 0.3695 0.37 0.37 0.359 0.359 0.368 0.368 0.368 0.387 0.387 0.389 0.389 0.3915 0.3915 0.3915 0.3915 0.3915 0.3835 0.3835 0.4115 0.4115 0.3785 0.3785 0.3785 0.378 0.378 0.3445 0.3445 0.3845 0.3845 0.3845 0.4085 0.4085 0.4115 0.4115 0.402 0.402 0.402 0.3625 0.3625 0.36 0.36 0.336 0.336 0.336 0.3275
0.406 0.406 0.377 0.377 0.361 0.361 0.382 0.382 0.382 0.3745 0.3745 0.3955 0.3955 0.3965 0.3965 0.393 0.393 0.393 0.398 0.398 0.3795 0.3795 0.369 0.369 0.369 0.35 0.35 0.373 0.373 0.3125 0.3125 0.3125 0.3555 0.3555 0.327 0.327 0.3435 0.3435 0.3435 0.354 0.354 0.4385 0.4385 0.4155 0.4155 0.4155 0.341 0.341 0.3395 0.3395 0.352 0.352 0.3605 0.3605 0.3605 0.358 0.358 0.3525 0.3525 0.358 0.358 0.358 0.397 0.397 0.3805 0.3805 0.3875 0.3875 0.3875 0.348 0.348 0.33 0.33 0.3605 0.3605 0.3605 0.382
0.406 0.406 0.377 0.377 0.361 0.361 0.382 0.382 0.382 0.3745 0.3745 0.3955 0.3955 0.3965 0.3965 0.393 0.393 0.393 0.398 0.398 0.3795 0.3795 0.369 0.369 0.369 0.35 0.35 0.373 0.373 0.3125 0.3125 0.3125 0.3555 0.3555 0.327 0.327 0.3435 0.3435 0.3435 0.354 0.354 0.4385 0.4385 0.4155 0.4155 0.4155 0.341 0.341 0.3395 0.3395 0.352 0.352 0.3605 0.3605 0.3605 0.358 0.358 0.3525 0.3525 0.358 0.358 0.358 0.397 0.397 0.3805 0.3805 0.3875 0.3875 0.3875 0.348 0.348 0.33 0.33 0.3605 0.3605 0.3605 0.382
0.436 0.436 0.3665 0.3665 0.398 0.398 0.3515 0.3515 0.3515 0.3715 0.3715 0.408 0.408 0.3775 0.3775 0.4145 0.4145 0.4145 0.377 0.377 0.3965 0.3965 0.407 0.407 0.407 0.424 0.424 0.338 0.338 0.3385 0.3385 0.3385 0.3575 0.3575 0.366 0.366 0.3575 0.3575 0.3575 0.3695 0.3695 0.3445 0.3445 0.3705 0.3705 0.3705 0.3345 0.3345 0.3535 0.3535 0.3565 0.3565 0.368 0.368 0.368 0.3615 0.3615 0.382 0.382 0.393 0.393 0.393 0.399 0.399 0.392 0.392 0.346 0.346 0.346 0.367 0.367 0.344 0.344 0.3255 0.3255 0.3255 0.3855
0.436 0.436 0.3665 0.3665 0.398 0.398 0.3515 0.3515 0.3515 0.3715 0.3715 0.408 0.408 0.3775 0.3775 0.4145 0.4145 0.4145 0.377 0.377 0.3965 0.3965 0.407 0.407 0.407 0.424 0.424 0.338 0.338 0.3385 0.3385 0.3385 0.3575 0.3575 0.366 0.366 0.3575 0.3575 0.3575 0.3695 0.3695 0.3445 0.3445 0.3705 0.3705 0.3705 0.3345 0.3345 0.3535 0.3535 0.3565 0.3565 0.368 0.368 0.368 0.3615 0.3615 0.382 0.382 0.393 0.393 0.393 0.399 0.399 0.392 0.392 0.346 0.346 0.346 0.367 0.367 0.344 0.344 0.3255 0.3255 0.3255 0.3855
0.436 0.436 0.3665 0.3665 0.398 0.398 0.3515 0.3515 0.3515 0.3715 0.3715 0.408 0.408 0.3775 0.3775 0.4145 0.4145 0.4145 0.377 0.377 0.3965 0.3965 0.407 0.407 0.407 0.424 0.424 0.338 0.338 0.3385 0.3385 0.3385 0.3575 0.3575 0.366 0.366 0.3575 0.3575 0.3575 0.3695 0.3695 0.3445 0.3445 0.3705 0.3705 0.3705 0.3345 0.3345 0.3535 0.3535 0.3565 0.3565 0.368 0.368 0.368 0.3615 0.3615 0.382 0.382 0.393 0.393 0.393 0.399 0.399 0.392 0.392 0.346 0.346 0.346 0.367 0.367 0.344 0.344 0.3255 0.3255 0.3255 0.3855
0.4275 0.4275 0.426 0.426 0.417 0.417 0.4165 0.4165 0.4165 0.419 0.419 0.409 0.409 0.369 0.369 0.36 0.36 0.36 0.386 0.386 0.3965 0.3965 0.4055 0.4055 0.4055 0.397 0.397 0.4075 0.4075 0.3275 0.3275 0.3275 0.338 0.338 0.333 0.333 0.363 0.363 0.363 0.3795 0.3795 0.3785 0.3785 0.3765 0.3765 0.3765 0.385 0.385 0.367 0.367 0.382 0.382 0.3405 0.3405 0.3405 0.3945 0.3945 0.3805 0.3805 0.4035 0.4035 0.4035 0.3685 0.3685 0.411 0.411 0.4225 0.4225 0.4225 0.388 0.388 0.3605 0.3605 0.3355 0.3355 0.3355 0.3675
0.4275 0.4275 0.426 0.426 0.417 0.417 0.4165 0.4165 0.4165 0.419 0.419 0.409 0.409 0.369 0.369 0.36 0.36 0.36 0.386 0.386 0.3965 0.3965 0.4055 0.4055 0.4055 0.397 0.397 0.4075 0.4075 0.3275 0.3275 0.3275 0.338 0.338 0.333 0.333 0.363 0.363 0.363 0.3795 0.3795 0.3785 0.3785 0.3765 0.3765 0.3765 0.385 0.385 0.367 0.367 0.382 0.382 0.3405 0.3405 0.3405 0.3945 0.3945 0.3805 0.3805 0.4035 0.4035 0.4035 0.3685 0.3685 0.411 0.411 0.4225 0.4225 0.4225 0.388 0.388 0.3605 0.3605 0.3355 0.3355 0.3355 0.3675
0.4075 0.4075 0.414 0.414 0.426 0.426 0.4065 0.4065 0.4065 0.3675 0.3675 0.392 0.392 0.387 0.387 0.358 0.358 0.358 0.388 0.388 0.3865 0.3865 0.3885 0.3885 0.3885 0.41 0.41 0.399 0.399 0.355 0.355 0.355 0.3265 0.3265 0.3465 0.3465 0.378 0.378 0.378 0.3545 0.3545 0.351 0.351 0.371 0.371 0.371 0.3745 0.3745 0.366 0.366 0.348 0.348 0.3355 0.3355 0.3355 0.358 0.358 0.3515 0.3515 0.368 0.368 0.368 0.352 0.352 0.39 0.39 0.3845 0.3845 0.3845 0.3725 0.3725 0.397 0.397 0.408 0.408 0.408 0.387
0.4075 0.4075 0.414 0.414 0.426 0.426 0.4065 0.4065 0.4065 0.3675 0.3675 0.392 0.392 0.387 0.387 0.358 0.358 0.358 0.388 0.388 0.3865 0.3865 0.3885 0.3885 0.3885 0.41 0.41 0.399 0.399 0.355 0.355 0.355 0.3265 0.3265 0.3465 0.3465 0.378 0.378 0.378 0.3545 0.3545 0.351 0.351 0.371 0.371 0.371 0.3745 0.3745 0.366 0.366 0.348 0.348 0.3355 0.3355 0.3355 0.358 0.358 0.3515 0.3515 0.368 0.368 0.368 0.352 0.352 0.39 0.39 0.3845 0.3845 0.3845 0.3725 0.3725 0.397 0.397 0.408 0.408 0.408 0.387
0.391 0.391 0.4015 0.4015 0.4345 0.4345 0.439 0.439 0.439 0.427 0.427 0.3915 0.3915 0.358 0.358 0.4055 0.4055 0.4055 0.3885 0.3885 0.371 0.371 0.378 0.378 0.378 0.361 0.361 0.378 0.378 0.3485 0.3485 0.3485 0.3845 0.3845 0.4 0.4 0.3735 0.3735 0.3735 0.3615 0.3615 0.3715 0.3715 0.423 0.423 0.423 0.374 0.374 0.352 0.352 0.3775 0.3775 0.365 0.365 0.365 0.393 0.393 0.3865 0.3865 0.414 0.414 0.414 0.379 0.379 0.3865 0.3865 0.4085 0.4085 0.4085 0.421 0.421 0.3735 0.3735 0.362 0.362 0.362 0.372
0.391 0.391 0.4015 0.4015 0.4345 0.4345 0.439 0.439 0.439 0.427 0.427 0.3915 0.3915 0.358 0.358 0.4055 0.4055 0.4055 0.3885 0.3885 0.371 0.371 0.378 0.378 0.378 0.361 0.361 0.378 0.378 0.3485 0.3485 0.3485 0.3845 0.3845 0.4 0.4 0.3735 0.3735 0.3735 0.3615 0.3615 0.3715 0.3715 0.423 0.423 0.423 0.374 0.374 0.352 0.352 0.3775 0.3775 0.365 0.365 0.365 0.393 0.393 0.3865 0.3865 0.414 0.414 0.414 0.379 0.379 0.3865 0.3865 0.4085 0.4085 0.4085 0.421 0.421 0.3735 0.3735 0.362 0.362 0.362 0.372
0.391 0.391 0.4015 0.4015 0.4345 0.4345 0.439 0.439 0.439 0.427 0.427 0.3915 0.3915 0.358 0.358 0.4055 0.4055 0.4055 0.3885 0.3885 0.371 0.371 0.378 0.378 0.378 0.361 0.361 0.378 0.378 0.3485 0.3485 0.3485 0.3845 0.3845 0.4 0.4 0.3735 0.3735 0.3735 0.3615 0.3615 0.3715 0.3715 0.423 0.423 0.423 0.374 0.374 0.352 0.352 0.3775 0.3775 0.365 0.365 0.365 0.393 0.393 0.3865 0.3865 0.414 0.414 0.414 0.379 0.379 0.3865 0.3865 0.4085 0.4085 0.4085 0.421 0.421 0.3735 0.3735 0.362 0.362 0.362 0.372
