ndvi/NOAA-267.asc
ncols         252
nrows         154
xllcorner     -18.017974
yllcorner     13.481982
cellsize      0.035948
NODATA_value  -9999
[rows 34 to 67 of 154, columns 154 to 230 of 252]
0.1355 0.1385 0.1385 0.1275 0.1275 0.1275 0.123 0.123 0.1155 0.1155 0.105 0.105 0.1155 0.1155 0.1155 0.106 0.106 0.1175 0.1175 0.107 0.107 0.107 0.1005 0.1005 0.126 0.126 0.1505 0.1505 0.1505 0.1525 0.1525 0.144 0.144 0.1375 0.1375 0.1375 0.1325 0.1325 0.139 0.139 0.1375 0.1375 0.1375 0.135 0.135 0.1375 0.1375 0.1405 0.1405 0.145 0.145 0.145 0.1335 0.1335 0.138 0.138 0.1415 0.1415 0.1415 0.1525 0.1525 0.1415 0.1415 0.134 0.134 0.134 0.1355 0.1355 0.137 0.137 0.142 0.142 0.142 0.1375 0.1375 0.1295 0.1295
0.1355 0.1385 0.1385 0.1275 0.1275 0.1275 0.123 0.123 0.1155 0.1155 0.105 0.105 0.1155 0.1155 0.1155 0.106 0.106 0.1175 0.1175 0.107 0.107 0.107 0.1005 0.1005 0.126 0.126 0.1505 0.1505 0.1505 0.1525 0.1525 0.144 0.144 0.1375 0.1375 0.1375 0.1325 0.1325 0.139 0.139 0.1375 0.1375 0.1375 0.135 0.135 0.1375 0.1375 0.1405 0.1405 0.145 0.145 0.145 0.1335 0.1335 0.138 0.138 0.1415 0.1415 0.1415 0.1525 0.1525 0.1415 0.1415 0.134 0.134 0.134 0.1355 0.1355 0.137 0.137 0.142 0.142 0.142 0.1375 0.1375 0.1295 0.1295
0.1355 0.1385 0.1385 0.1275 0.1275 0.1275 0.123 0.123 0.1155 0.1155 0.105 0.105 0.1155 0.1155 0.1155 0.106 0.106 0.1175 0.1175 0.107 0.107 0.107 0.1005 0.1005 0.126 0.126 0.1505 0.1505 0.1505 0.1525 0.1525 0.144 0.144 0.1375 0.1375 0.1375 0.1325 0.1325 0.139 0.139 0.1375 0.1375 0.1375 0.135 0.135 0.1375 0.1375 0.1405 0.1405 0.145 0.145 0.145 0.1335 0.1335 0.138 0.138 0.1415 0.1415 0.1415 0.1525 0.1525 0.1415 0.1415 0.134 0.134 0.134 0.1355 0.1355 0.137 0.137 0.142 0.142 0.142 0.1375 0.1375 0.1295 0.1295
0.1385 0.1255 0.1255 0.1205 0.1205 0.1205 0.124 0.124 0.108 0.108 0.1145 0.1145 0.1055 0.1055 0.1055 0.101 0.101 0.1155 0.1155 0.113 0.113 0.113 0.1115 0.1115 0.1345 0.1345 0.145 0.145 0.145 0.165 0.165 0.147 0.147 0.1575 0.1575 0.1575 0.1465 0.1465 0.1415 0.1415 0.1385 0.1385 0.1385 0.1395 0.1395 0.1345 0.1345 0.1425 0.1425 0.1395 0.1395 0.1395 0.142 0.142 0.1495 0.1495 0.1455 0.1455 0.1455 0.1435 0.1435 0.1525 0.1525 0.1395 0.1395 0.1395 0.139 0.139 0.142 0.142 0.137 0.137 0.137 0.135 0.135 0.135 0.135
0.1385 0.1255 0.1255 0.1205 0.1205 0.1205 0.124 0.124 0.108 0.108 0.1145 0.1145 0.1055 0.1055 0.1055 0.101 0.101 0.1155 0.1155 0.113 0.113 0.113 0.1115 0.1115 0.1345 0.1345 0.145 0.145 0.145 0.165 0.165 0.147 0.147 0.1575 0.1575 0.1575 0.1465 0.1465 0.1415 0.1415 0.1385 0.1385 0.1385 0.1395 0.1395 0.1345 0.1345 0.1425 0.1425 0.1395 0.1395 0.1395 0.142 0.142 0.1495 0.1495 0.1455 0.1455 0.1455 0.1435 0.1435 0.1525 0.1525 0.1395 0.1395 0.1395 0.139 0.139 0.142 0.142 0.137 0.137 0.137 0.135 0.135 0.135 0.135
0.1265 0.1115 0.1115 0.094 0.094 0.094 0.096 0.096 0.1055 0.1055 0.1085 0.1085 0.1115 0.1115 0.1115 0.1075 0.1075 0.1015 0.1015 0.09450001 0.09450001 0.09450001 0.1015 0.1015 0.1385 0.1385 0.1665 0.1665 0.1665 0.1665 0.1665 0.1645 0.1645 0.156 0.156 0.156 0.1575 0.1575 0.1495 0.1495 0.14 0.14 0.14 0.1325 0.1325 0.1485 0.1485 0.1415 0.1415 0.149 0.149 0.149 0.1385 0.1385 0.135 0.135 0.147 0.147 0.147 0.1605 0.1605 0.1575 0.1575 0.1475 0.1475 0.1475 0.149 0.149 0.1465 0.1465 0.144 0.144 0.144 0.1425 0.1425 0.1415 0.1415
0.1265 0.1115 0.1115 0.094 0.094 0.094 0.096 0.096 0.1055 0.1055 0.1085 0.1085 0.1115 0.1115 0.1115 0.1075 0.1075 0.1015 0.1015 0.09450001 0.09450001 0.09450001 0.1015 0.1015 0.1385 0.1385 0.1665 0.1665 0.1665 0.1665 0.1665 0.1645 0.1645 0.156 0.156 0.156 0.1575 0.1575 0.1495 0.1495 0.14 0.14 0.14 0.1325 0.1325 0.1485 0.1485 0.1415 0.1415 0.149 0.149 0.149 0.1385 0.1385 0.135 0.135 0.147 0.147 0.147 0.1605 0.1605 0.1575 0.1575 0.1475 0.1475 0.1475 0.149 0.149 0.1465 0.1465 0.144 0.144 0.144 0.1425 0.1425 0.1415 0.1415
0.1265 0.113 0.113 0.095 0.095 0.095 0.089 0.089 0.1015 0.1015 0.1025 0.1025 0.107 0.107 0.107 0.1115 0.1115 0.103 0.103 0.107 0.107 0.107 0.12 0.12 0.1435 0.1435 0.1395 0.1395 0.1395 0.16 0.16 0.1555 0.1555 0.1585 0.1585 0.1585 0.165 0.165 0.154 0.154 0.1445 0.1445 0.1445 0.144 0.144 0.1515 0.1515 0.1435 0.1435 0.1495 0.1495 0.1495 0.145 0.145 0.1515 0.1515 0.1475 0.1475 0.1475 0.1535 0.1535 0.156 0.156 0.1635 0.1635 0.1635 0.157 0.157 0.146 0.146 0.1435 0.1435 0.1435 0.1535 0.1535 0.1515 0.1515
0.1265 0.113 0.113 0.095 0.095 0.095 0.089 0.089 0.1015 0.1015 0.1025 0.1025 0.107 0.107 0.107 0.1115 0.1115 0.103 0.103 0.107 0.107 0.107 0.12 0.12 0.1435 0.1435 0.1395 0.1395 0.1395 0.16 0.16 0.1555 0.1555 0.1585 0.1585 0.1585 0.165 0.165 0.154 0.154 0.1445 0.1445 0.1445 0.144 0.144 0.1515 0.1515 0.1435 0.1435 0.1495 0.1495 0.1495 0.145 0.145 0.1515 0.1515 0.1475 0.1475 0.1475 0.1535 0.1535 0.156 0.156 0.1635 0.1635 0.1635 0.157 0.157 0.146 0.146 0.1435 0.1435 0.1435 0.1535 0.1535 0.1515 0.1515
0.1265 0.113 0.113 0.095 0.095 0.095 0.089 0.089 0.1015 0.1015 0.1025 0.1025 0.107 0.107 0.107 0.1115 0.1115 0.103 0.103 0.107 0.107 0.107 0.12 0.12 0.1435 0.1435 0.1395 0.1395 0.1395 0.16 0.16 0.1555 0.1555 0.1585 0.1585 0.1585 0.165 0.165 0.154 0.154 0.1445 0.1445 0.1445 0.144 0.144 0.1515 0.1515 0.1435 0.1435 0.1495 0.1495 0.1495 0.145 0.145 0.1515 0.1515 0.1475 0.1475 0.1475 0.1535 0.1535 0.156 0.156 0.1635 0.1635 0.1635 0.157 0.157 0.146 0.146 0.1435 0.1435 0.1435 0.1535 0.1535 0.1515 0.1515
0.118 0.118 0.118 0.116 0.116 0.116 0.1105 0.1105 0.116 0.116 0.111 0.111 0.109 0.109 0.109 0.106 0.106 0.1395 0.1395 0.1575 0.1575 0.1575 0.1235 0.1235 0.147 0.147 0.158 0.158 0.158 0.1685 0.1685 0.165 0.165 0.1735 0.1735 0.1735 0.161 0.161 0.163 0.163 0.16 0.16 0.16 0.1585 0.1585 0.162 0.162 0.16 0.16 0.164 0.164 0.164 0.1555 0.1555 0.1435 0.1435 0.152 0.152 0.152 0.153 0.153 0.1505 0.1505 0.167 0.167 0.167 0.1715 0.1715 0.1545 0.1545 0.166 0.166 0.166 0.1565 0.1565 0.1395 0.1395
0.118 0.118 0.118 0.116 0.116 0.116 0.1105 0.1105 0.116 0.116 0.111 0.111 0.109 0.109 0.109 0.106 0.106 0.1395 0.1395 0.1575 0.1575 0.1575 0.1235 0.1235 0.147 0.147 0.158 0.158 0.158 0.1685 0.1685 0.165 0.165 0.1735 0.1735 0.1735 0.161 0.161 0.163 0.163 0.16 0.16 0.16 0.1585 0.1585 0.162 0.162 0.16 0.16 0.164 0.164 0.164 0.1555 0.1555 0.1435 0.1435 0.152 0.152 0.152 0.153 0.153 0.1505 0.1505 0.167 0.167 0.167 0.1715 0.1715 0.1545 0.1545 0.166 0.166 0.166 0.1565 0.1565 0.1395 0.1395
0.121 0.118 0.118 0.1545 0.1545 0.1545 0.17 0.17 0.161 0.161 0.1565 0.1565 0.158 0.158 0.158 0.154 0.154 0.1695 0.1695 0.1635 0.1635 0.1635 0.1785 0.1785 0.1605 0.1605 0.1595 0.1595 0.1595 0.1685 0.1685 0.1755 0.1755 0.1715 0.1715 0.1715 0.1675 0.1675 0.149 0.149 0.159 0.159 0.159 0.161 0.161 0.1735 0.1735 0.1645 0.1645 0.148 0.148 0.148 0.153 0.153 0.1545 0.1545 0.168 0.168 0.168 0.1725 0.1725 0.1685 0.1685 0.165 0.165 0.165 0.156 0.156 0.166 0.166 0.166 0.166 0.166 0.169 0.169 0.154 0.154
0.121 0.118 0.118 0.1545 0.1545 0.1545 0.17 0.17 0.161 0.161 0.1565 0.1565 0.158 0.158 0.158 0.154 0.154 0.1695 0.1695 0.1635 0.1635 0.1635 0.1785 0.1785 0.1605 0.1605 0.1595 0.1595 0.1595 0.1685 0.1685 0.1755 0.1755 0.1715 0.1715 0.1715 0.1675 0.1675 0.149 0.149 0.159 0.159 0.159 0.161 0.161 0.1735 0.1735 0.1645 0.1645 0.148 0.148 0.148 0.153 0.153 0.1545 0.1545 0.168 0.168 0.168 0.1725 0.1725 0.1685 0.1685 0.165 0.165 0.165 0.156 0.156 0.166 0.166 0.166 0.166 0.166 0.169 0.169 0.154 0.154
0.121 0.138 0.138 0.165 0.165 0.165 0.154 0.154 0.174 0.174 0.1725 0.1725 0.165 0.165 0.165 0.1615 0.1615 0.1645 0.1645 0.1725 0.1725 0.1725 0.16 0.16 0.184 0.184 0.171 0.171 0.171 0.1675 0.1675 0.167 0.167 0.1735 0.1735 0.1735 0.171 0.171 0.1585 0.1585 0.166 0.166 0.166 0.175 0.175 0.1665 0.1665 0.163 0.163 0.1435 0.1435 0.1435 0.1515 0.1515 0.172 0.172 0.175 0.175 0.175 0.162 0.162 0.1635 0.1635 0.1555 0.1555 0.1555 0.1515 0.1515 0.163 0.163 0.157 0.157 0.157 0.144 0.144 0.149 0.149
0.121 0.138 0.138 0.165 0.165 0.165 0.154 0.154 0.174 0.174 0.1725 0.1725 0.165 0.165 0.165 0.1615 0.1615 0.1645 0.1645 0.1725 0.1725 0.1725 0.16 0.16 0.184 0.184 0.171 0.171 0.171 0.1675 0.1675 0.167 0.167 0.1735 0.1735 0.1735 0.171 0.171 0.1585 0.1585 0.166 0.166 0.166 0.175 0.175 0.1665 0.1665 0.163 0.163 0.1435 0.1435 0.1435 0.1515 0.1515 0.172 0.172 0.175 0.175 0.175 0.162 0.162 0.1635 0.1635 0.1555 0.1555 0.1555 0.1515 0.1515 0.163 0.163 0.157 0.157 0.157 0.144 0.144 0.149 0.149
0.121 0.138 0.138 0.165 0.165 0.165 0.154 0.154 0.174 0.174 0.1725 0.1725 0.165 0.165 0.165 0.1615 0.1615 0.1645 0.1645 0.1725 0.1725 0.1725 0.16 0.16 0.184 0.184 0.171 0.171 0.171 0.1675 0.1675 0.167 0.167 0.1735 0.1735 0.1735 0.171 0.171 0.1585 0.1585 0.166 0.166 0.166 0.175 0.175 0.1665 0.1665 0.163 0.163 0.1435 0.1435 0.1435 0.1515 0.1515 0.172 0.172 0.175 0.175 0.175 0.162 0.162 0.1635 0.1635 0.1555 0.1555 0.1555 0.1515 0.1515 0.163 0.163 0.157 0.157 0.157 0.144 0.144 0.149 0.149
0.1295 0.1245 0.1245 0.1635 0.1635 0.1635 0.176 0.176 0.187 0.187 0.1865 0.1865 0.1645 0.1645 0.1645 0.17 0.17 0.1645 0.1645 0.173 0.173 0.173 0.1775 0.1775 0.1805 0.1805 0.174 0.174 0.174 0.183 0.183 0.1655 0.1655 0.1725 0.1725 0.1725 0.178 0.178 0.183 0.183 0.174 0.174 0.174 0.1725 0.1725 0.1555 0.1555 0.1565 0.1565 0.1455 0.1455 0.1455 0.1525 0.1525 0.1475 0.1475 0.163 0.163 0.163 0.1685 0.1685 0.1595 0.1595 0.1605 0.1605 0.1605 0.16 0.16 0.1535 0.1535 0.1405 0.1405 0.1405 0.15 0.15 0.147 0.147
0.1295 0.1245 0.1245 0.1635 0.1635 0.1635 0.176 0.176 0.187 0.187 0.1865 0.1865 0.1645 0.1645 0.1645 0.17 0.17 0.1645 0.1645 0.173 0.173 0.173 0.1775 0.1775 0.1805 0.1805 0.174 0.174 0.174 0.183 0.183 0.1655 0.1655 0.1725 0.1725 0.1725 0.178 0.178 0.183 0.183 0.174 0.174 0.174 0.1725 0.1725 0.1555 0.1555 0.1565 0.1565 0.1455 0.1455 0.1455 0.1525 0.1525 0.1475 0.1475 0.163 0.163 0.163 0.1685 0.1685 0.1595 0.1595 0.1605 0.1605 0.1605 0.16 0.16 0.1535 0.1535 0.1405 0.1405 0.1405 0.15 0.15 0.147 0.147
0.1115 0.117 0.117 0.158 0.158 0.158 0.1815 0.1815 0.192 0.192 0.1865 0.1865 0.187 0.187 0.187 0.167 0.167 0.1735 0.1735 0.199 0.199 0.199 0.1795 0.1795 0.2175 0.2175 0.1955 0.1955 0.1955 0.1945 0.1945 0.1825 0.1825 0.19 0.19 0.19 0.19 0.19 0.191 0.191 0.1735 0.1735 0.1735 0.152 0.152 0.1445 0.1445 0.16 0.16 0.153 0.153 0.153 0.156 0.156 0.149 0.149 0.1595 0.1595 0.1595 0.1725 0.1725 0.1655 0.1655 0.16 0.16 0.16 0.1555 0.1555 0.146 0.146 0.1565 0.1565 0.1565 0.1625 0.1625 0.1655 0.1655
0.1115 0.117 0.117 0.158 0.158 0.158 0.1815 0.1815 0.192 0.192 0.1865 0.1865 0.187 0.187 0.187 0.167 0.167 0.1735 0.1735 0.199 0.199 0.199 0.1795 0.1795 0.2175 0.2175 0.1955 0.1955 0.1955 0.1945 0.1945 0.1825 0.1825 0.19 0.19 0.19 0.19 0.19 0.191 0.191 0.1735 0.1735 0.1735 0.152 0.152 0.1445 0.1445 0.16 0.16 0.153 0.153 0.153 0.156 0.156 0.149 0.149 0.1595 0.1595 0.1595 0.1725 0.1725 0.1655 0.1655 0.16 0.16 0.16 0.1555 0.1555 0.146 0.146 0.1565 0.1565 0.1565 0.1625 0.1625 0.1655 0.1655
0.1175 0.1225 0.1225 0.17 0.17 0.17 0.1755 0.1755 0.1855 0.1855 0.1885 0.1885 0.185 0.185 0.185 0.1945 0.1945 0.195 0.195 0.217 0.217 0.217 0.225 0.225 0.218 0.218 0.206 0.206 0.206 0.195 0.195 0.1955 0.1955 0.1935 0.1935 0.1935 0.2085 0.2085 0.1835 0.1835 0.1535 0.1535 0.1535 0.1595 0.1595 0.1505 0.1505 0.161 0.161 0.158 0.158 0.158 0.1405 0.1405 0.15 0.15 0.1535 0.1535 0.1535 0.1535 0.1535 0.1705 0.1705 0.1645 0.1645 0.1645 0.1515 0.1515 0.158 0.158 0.161 0.161 0.161 0.1625 0.1625 0.157 0.157
0.1175 0.1225 0.1225 0.17 0.17 0.17 0.1755 0.1755 0.1855 0.1855 0.1885 0.1885 0.185 0.185 0.185 0.1945 0.1945 0.195 0.195 0.217 0.217 0.217 0.225 0.225 0.218 0.218 0.206 0.206 0.206 0.195 0.195 0.1955 0.1955 0.1935 0.1935 0.1935 0.2085 0.2085 0.1835 0.1835 0.1535 0.1535 0.1535 0.1595 0.1595 0.1505 0.1505 0.161 0.161 0.158 0.158 0.158 0.1405 0.1405 0.15 0.15 0.1535 0.1535 0.1535 0.1535 0.1535 0.1705 0.1705 0.1645 0.1645 0.1645 0.1515 0.1515 0.158 0.158 0.161 0.161 0.161 0.1625 0.1625 0.157 0.157
0.1065 0.116 0.116 0.1345 0.1345 0.1345 0.161 0.161 0.172 0.172 0.1625 0.1625 0.1735 0.1735 0.1735 0.1895 0.1895 0.206 0.206 0.2095 0.2095 0.2095 0.212 0.212 0.216 0.216 0.192 0.192 0.192 0.2095 0.2095 0.192 0.192 0.179 0.179 0.179 0.186 0.186 0.1905 0.1905 0.162 0.162 0.162 0.1565 0.1565 0.1555 0.1555 0.139 0.139 0.149 0.149 0.149 0.1305 0.1305 0.138 0.138 0.1315 0.1315 0.1315 0.137 0.137 0.156 0.156 0.1645 0.1645 0.1645 0.1605 0.1605 0.1535 0.1535 0.1625 0.1625 0.1625 0.1545 0.1545 0.159 0.159
0.1065 0.116 0.116 0.1345 0.1345 0.1345 0.161 0.161 0.172 0.172 0.1625 0.1625 0.1735 0.1735 0.1735 0.1895 0.1895 0.206 0.206 0.2095 0.2095 0.2095 0.212 0.212 0.216 0.216 0.192 0.192 0.192 0.2095 0.2095 0.192 0.192 0.179 0.179 0.179 0.186 0.186 0.1905 0.1905 0.162 0.162 0.162 0.1565 0.1565 0.1555 0.1555 0.139 0.139 0.149 0.149 0.149 0.1305 0.1305 0.138 0.138 0.1315 0.1315 0.1315 0.137 0.137 0.156 0.156 0.1645 0.1645 0.1645 0.1605 0.1605 0.1535 0.1535 0.1625 0.1625 0.1625 0.1545 0.1545 0.159 0.159
0.1065 0.116 0.116 0.1345 0.1345 0.1345 0.161 0.161 0.172 0.172 0.1625 0.1625 0.1735 0.1735 0.1735 0.1895 0.1895 0.206 0.206 0.2095 0.2095 0.2095 0.212 0.212 0.216 0.216 0.192 0.192 0.192 0.2095 0.2095 0.192 0.192 0.179 0.179 0.179 0.186 0.186 0.1905 0.1905 0.162 0.162 0.162 0.1565 0.1565 0.1555 0.1555 0.139 0.139 0.149 0.149 0.149 0.1305 0.1305 0.138 0.138 0.1315 0.1315 0.1315 0.137 0.137 0.156 0.156 0.1645 0.1645 0.1645 0.1605 0.1605 0.1535 0.1535 0.1625 0.1625 0.1625 0.1545 0.1545 0.159 0.159
0.139 0.1355 0.1355 0.113 0.113 0.113 0.133 0.133 0.148 0.148 0.163 0.163 0.1625 0.1625 0.1625 0.1725 0.1725 0.2095 0.2095 0.203 0.203 0.203 0.2245 0.2245 0.2095 0.2095 0.175 0.175 0.175 0.1775 0.1775 0.1955 0.1955 0.183 0.183 0.183 0.186 0.186 0.1775 0.1775 0.1725 0.1725 0.1725 0.154 0.154 0.1395 0.1395 0.1385 0.1385 0.1445 0.1445 0.1445 0.1375 0.1375 0.127 0.127 0.147 0.147 0.147 0.1435 0.1435 0.155 0.155 0.162 0.162 0.162 0.169 0.169 0.1425 0.1425 0.155 0.155 0.155 0.1455 0.1455 0.164 0.164
0.139 0.1355 0.1355 0.113 0.113 0.113 0.133 0.133 0.148 0.148 0.163 0.163 0.1625 0.1625 0.1625 0.1725 0.1725 0.2095 0.2095 0.203 0.203 0.203 0.2245 0.2245 0.2095 0.2095 0.175 0.175 0.175 0.1775 0.1775 0.1955 0.1955 0.183 0.183 0.183 0.186 0.186 0.1775 0.1775 0.1725 0.1725 0.1725 0.154 0.154 0.1395 0.1395 0.1385 0.1385 0.1445 0.1445 0.1445 0.1375 0.1375 0.127 0.127 0.147 0.147 0.147 0.1435 0.1435 0.155 0.155 0.162 0.162 0.162 0.169 0.169 0.1425 0.1425 0.155 0.155 0.155 0.1455 0.1455 0.164 0.164
0.127 0.1255 0.1255 0.125 0.125 0.125 0.111 0.111 0.117 0.117 0.152 0.152 0.171 0.171 0.171 0.1935 0.1935 0.209 0.209 0.2075 0.2075 0.2075 0.202 0.202 0.201 0.201 0.187 0.187 0.187 0.1805 0.1805 0.19 0.19 0.189 0.189 0.189 0.1905 0.1905 0.179 0.179 0.1755 0.1755 0.1755 0.1735 0.1735 0.147 0.147 0.1385 0.1385 0.1525 0.1525 0.1525 0.1485 0.1485 0.151 0.151 0.1445 0.1445 0.1445 0.1405 0.1405 0.1505 0.1505 0.175 0.175 0.175 0.18 0.18 0.1605 0.1605 0.1605 0.1605 0.1605 0.14 0.14 0.149 0.149
0.127 0.1255 0.1255 0.125 0.125 0.125 0.111 0.111 0.117 0.117 0.152 0.152 0.171 0.171 0.171 0.1935 0.1935 0.209 0.209 0.2075 0.2075 0.2075 0.202 0.202 0.201 0.201 0.187 0.187 0.187 0.1805 0.1805 0.19 0.19 0.189 0.189 0.189 0.1905 0.1905 0.179 0.179 0.1755 0.1755 0.1755 0.1735 0.1735 0.147 0.147 0.1385 0.1385 0.1525 0.1525 0.1525 0.1485 0.1485 0.151 0.151 0.1445 0.1445 0.1445 0.1405 0.1405 0.1505 0.1505 0.175 0.175 0.175 0.18 0.18 0.1605 0.1605 0.1605 0.1605 0.1605 0.14 0.14 0.149 0.149
0.1425 0.14 0.14 0.1335 0.1335 0.1335 0.122 0.122 0.131 0.131 0.185 0.185 0.177 0.177 0.177 0.193 0.193 0.1975 0.1975 0.1935 0.1935 0.1935 0.2155 0.2155 0.2055 0.2055 0.179 0.179 0.179 0.169 0.169 0.186 0.186 0.193 0.193 0.193 0.1995 0.1995 0.1985 0.1985 0.1955 0.1955 0.1955 0.1875 0.1875 0.187 0.187 0.1795 0.1795 0.179 0.179 0.179 0.176 0.176 0.1915 0.1915 0.185 0.185 0.185 0.1595 0.1595 0.172 0.172 0.1805 0.1805 0.1805 0.173 0.173 0.17 0.17 0.162 0.162 0.162 0.1625 0.1625 0.1645 0.1645
0.1425 0.14 0.14 0.1335 0.1335 0.1335 0.122 0.122 0.131 0.131 0.185 0.185 0.177 0.177 0.177 0.193 0.193 0.1975 0.1975 0.1935 0.1935 0.1935 0.2155 0.2155 0.2055 0.2055 0.179 0.179 0.179 0.169 0.169 0.186 0.186 0.193 0.193 0.193 0.1995 0.1995 0.1985 0.1985 0.1955 0.1955 0.1955 0.1875 0.1875 0.187 0.187 0.1795 0.1795 0.179 0.179 0.179 0.176 0.176 0.1915 0.1915 0.185 0.185 0.185 0.1595 0.1595 0.172 0.172 0.1805 0.1805 0.1805 0.173 0.173 0.17 0.17 0.162 0.162 0.162 0.1625 0.1625 0.1645 0.1645
0.1425 0.14 0.14 0.1335 0.1335 0.1335 0.122 0.122 0.131 0.131 0.185 0.185 0.177 0.177 0.177 0.193 0.193 0.1975 0.1975 0.1935 0.1935 0.1935 0.2155 0.2155 0.2055 0.2055 0.179 0.179 0.179 0.169 0.169 0.186 0.186 0.193 0.193 0.193 0.1995 0.1995 0.1985 0.1985 0.1955 0.1955 0.1955 0.1875 0.1875 0.187 0.187 0.1795 0.1795 0.179 0.179 0.179 0.176 0.176 0.1915 0.1915 0.185 0.185 0.185 0.1595 0.1595 0.172 0.172 0.1805 0.1805 0.1805 0.173 0.173 0.17 0.17 0.162 0.162 0.162 0.1625 0.1625 0.1645 0.1645
0.1405 0.1445 0.1445 0.145 0.145 0.145 0.134 0.134 0.1365 0.1365 0.1715 0.1715 0.1785 0.1785 0.1785 0.202 0.202 0.2075 0.2075 0.1815 0.1815 0.1815 0.216 0.216 0.1985 0.1985 0.1905 0.1905 0.1905 0.2035 0.2035 0.204 0.204 0.21 0.21 0.21 0.205 0.205 0.195 0.195 0.2005 0.2005 0.2005 0.2165 0.2165 0.2045 0.2045 0.2165 0.2165 0.22 0.22 0.22 0.2175 0.2175 0.2025 0.2025 0.2125 0.2125 0.2125 0.195 0.195 0.2135 0.2135 0.207 0.207 0.207 0.203 0.203 0.203 0.203 0.217 0.217 0.217 0.2 0.2 0.1625 0.1625
