ndvi/NOAA-236.asc
ncols         252
nrows         154
xllcorner     -18.017974
yllcorner     13.481982
cellsize      0.035948
NODATA_value  -9999
[rows 68 to 101 of 154, columns 156 to 233 of 252]
0.297 0.226 0.226 0.226 0.219 0.219 0.2375 0.2375 0.2725 0.2725 0.31 0.31 0.31 0.3405 0.3405 0.426 0.426 0.4565 0.4565 0.4565 0.514 0.514 0.3985 0.3985 0.3495 0.3495 0.3495 0.368 0.368 0.3565 0.3565 0.366 0.366 0.366 0.3645 0.3645 0.362 0.362 0.3885 0.3885 0.3885 0.4455 0.4455 0.43 0.43 0.435 0.435 0.3855 0.3855 0.3855 0.403 0.403 0.4605 0.4605 0.411 0.411 0.411 0.401 0.401 0.3335 0.3335 0.3235 0.3235 0.3235 0.309 0.309 0.3525 0.3525 0.346 0.346 0.346 0.406 0.406 0.444 0.444 0.392 0.392 0.392
0.2615 0.253 0.253 0.253 0.287 0.287 0.2535 0.2535 0.3055 0.3055 0.368 0.368 0.368 0.402 0.402 0.359 0.359 0.392 0.392 0.392 0.4655 0.4655 0.4515 0.4515 0.463 0.463 0.463 0.3925 0.3925 0.3825 0.3825 0.367 0.367 0.367 0.329 0.329 0.3845 0.3845 0.4125 0.4125 0.4125 0.4325 0.4325 0.362 0.362 0.4265 0.4265 0.4715 0.4715 0.4715 0.434 0.434 0.4475 0.4475 0.4535 0.4535 0.4535 0.4325 0.4325 0.413 0.413 0.332 0.332 0.332 0.296 0.296 0.3565 0.3565 0.392 0.392 0.392 0.4825 0.4825 0.4025 0.4025 0.4035 0.4035 0.4035
0.2615 0.253 0.253 0.253 0.287 0.287 0.2535 0.2535 0.3055 0.3055 0.368 0.368 0.368 0.402 0.402 0.359 0.359 0.392 0.392 0.392 0.4655 0.4655 0.4515 0.4515 0.463 0.463 0.463 0.3925 0.3925 0.3825 0.3825 0.367 0.367 0.367 0.329 0.329 0.3845 0.3845 0.4125 0.4125 0.4125 0.4325 0.4325 0.362 0.362 0.4265 0.4265 0.4715 0.4715 0.4715 0.434 0.434 0.4475 0.4475 0.4535 0.4535 0.4535 0.4325 0.4325 0.413 0.413 0.332 0.332 0.332 0.296 0.296 0.3565 0.3565 0.392 0.392 0.392 0.4825 0.4825 0.4025 0.4025 0.4035 0.4035 0.4035
0.371 0.3215 0.3215 0.3215 0.3025 0.3025 0.2665 0.2665 0.3065 0.3065 0.386 0.386 0.386 0.3985 0.3985 0.379 0.379 0.363 0.363 0.363 0.3945 0.3945 0.3905 0.3905 0.4085 0.4085 0.4085 0.364 0.364 0.3675 0.3675 0.376 0.376 0.376 0.4195 0.4195 0.4125 0.4125 0.405 0.405 0.405 0.348 0.348 0.43 0.43 0.4465 0.4465 0.446 0.446 0.446 0.4525 0.4525 0.4795 0.4795 0.4795 0.4795 0.4795 0.4815 0.4815 0.4155 0.4155 0.383 0.383 0.383 0.3445 0.3445 0.3425 0.3425 0.4425 0.4425 0.4425 0.43 0.43 0.457 0.457 0.4455 0.4455 0.4455
0.371 0.3215 0.3215 0.3215 0.3025 0.3025 0.2665 0.2665 0.3065 0.3065 0.386 0.386 0.386 0.3985 0.3985 0.379 0.379 0.363 0.363 0.363 0.3945 0.3945 0.3905 0.3905 0.4085 0.4085 0.4085 0.364 0.364 0.3675 0.3675 0.376 0.376 0.376 0.4195 0.4195 0.4125 0.4125 0.405 0.405 0.405 0.348 0.348 0.43 0.43 0.4465 0.4465 0.446 0.446 0.446 0.4525 0.4525 0.4795 0.4795 0.4795 0.4795 0.4795 0.4815 0.4815 0.4155 0.4155 0.383 0.383 0.383 0.3445 0.3445 0.3425 0.3425 0.4425 0.4425 0.4425 0.43 0.43 0.457 0.457 0.4455 0.4455 0.4455
0.371 0.3215 0.3215 0.3215 0.3025 0.3025 0.2665 0.2665 0.3065 0.3065 0.386 0.386 0.386 0.3985 0.3985 0.379 0.379 0.363 0.363 0.363 0.3945 0.3945 0.3905 0.3905 0.4085 0.4085 0.4085 0.364 0.364 0.3675 0.3675 0.376 0.376 0.376 0.4195 0.4195 0.4125 0.4125 0.405 0.405 0.405 0.348 0.348 0.43 0.43 0.4465 0.4465 0.446 0.446 0.446 0.4525 0.4525 0.4795 0.4795 0.4795 0.4795 0.4795 0.4815 0.4815 0.4155 0.4155 0.383 0.383 0.383 0.3445 0.3445 0.3425 0.3425 0.4425 0.4425 0.4425 0.43 0.43 0.457 0.457 0.4455 0.4455 0.4455
0.379 0.366 0.366 0.366 0.317 0.317 0.293 0.293 0.3395 0.3395 0.3325 0.3325 0.3325 0.3755 0.3755 0.358 0.358 0.3645 0.3645 0.3645 0.34 0.34 0.3205 0.3205 0.3745 0.3745 0.3745 0.367 0.367 0.365 0.365 0.395 0.395 0.395 0.435 0.435 0.4415 0.4415 0.445 0.445 0.445 0.3995 0.3995 0.422 0.422 0.474 0.474 0.493 0.493 0.493 0.5405 0.5405 0.4575 0.4575 0.427 0.427 0.427 0.4345 0.4345 0.443 0.443 0.424 0.424 0.424 0.3715 0.3715 0.4 0.4 0.415 0.415 0.415 0.388 0.388 0.368 0.368 0.3815 0.3815 0.3815
0.379 0.366 0.366 0.366 0.317 0.317 0.293 0.293 0.3395 0.3395 0.3325 0.3325 0.3325 0.3755 0.3755 0.358 0.358 0.3645 0.3645 0.3645 0.34 0.34 0.3205 0.3205 0.3745 0.3745 0.3745 0.367 0.367 0.365 0.365 0.395 0.395 0.395 0.435 0.435 0.4415 0.4415 0.445 0.445 0.445 0.3995 0.3995 0.422 0.422 0.474 0.474 0.493 0.493 0.493 0.5405 0.5405 0.4575 0.4575 0.427 0.427 0.427 0.4345 0.4345 0.443 0.443 0.424 0.424 0.424 0.3715 0.3715 0.4 0.4 0.415 0.415 0.415 0.388 0.388 0.368 0.368 0.3815 0.3815 0.3815
0.336 0.3405 0.3405 0.3405 0.2585 0.2585 0.258 0.258 0.2925 0.2925 0.361 0.361 0.361 0.379 0.379 0.3425 0.3425 0.4035 0.4035 0.4035 0.409 0.409 0.3405 0.3405 0.412 0.412 0.412 0.3915 0.3915 0.4035 0.4035 0.4365 0.4365 0.4365 0.454 0.454 0.4625 0.4625 0.502 0.502 0.502 0.4715 0.4715 0.448 0.448 0.514 0.514 0.539 0.539 0.539 0.534 0.534 0.4575 0.4575 0.4325 0.4325 0.4325 0.4295 0.4295 0.4525 0.4525 0.471 0.471 0.471 0.4245 0.4245 0.3915 0.3915 0.3845 0.3845 0.3845 0.376 0.376 0.3605 0.3605 0.3875 0.3875 0.3875
0.336 0.3405 0.3405 0.3405 0.2585 0.2585 0.258 0.258 0.2925 0.2925 0.361 0.361 0.361 0.379 0.379 0.3425 0.3425 0.4035 0.4035 0.4035 0.409 0.409 0.3405 0.3405 0.412 0.412 0.412 0.3915 0.3915 0.4035 0.4035 0.4365 0.4365 0.4365 0.454 0.454 0.4625 0.4625 0.502 0.502 0.502 0.4715 0.4715 0.448 0.448 0.514 0.514 0.539 0.539 0.539 0.534 0.534 0.4575 0.4575 0.4325 0.4325 0.4325 0.4295 0.4295 0.4525 0.4525 0.471 0.471 0.471 0.4245 0.4245 0.3915 0.3915 0.3845 0.3845 0.3845 0.376 0.376 0.3605 0.3605 0.3875 0.3875 0.3875
0.2065 0.2385 0.2385 0.2385 0.271 0.271 0.2925 0.2925 0.277 0.277 0.3435 0.3435 0.3435 0.3775 0.3775 0.3455 0.3455 0.343 0.343 0.343 0.333 0.333 0.3835 0.3835 0.443 0.443 0.443 0.491 0.491 0.4275 0.4275 0.5125 0.5125 0.5125 0.473 0.473 0.5235 0.5235 0.534 0.534 0.534 0.4845 0.4845 0.5165 0.5165 0.477 0.477 0.503 0.503 0.503 0.4645 0.4645 0.454 0.454 0.41 0.41 0.41 0.425 0.425 0.456 0.456 0.4855 0.4855 0.4855 0.4775 0.4775 0.461 0.461 0.398 0.398 0.398 0.42 0.42 0.4035 0.4035 0.3895 0.3895 0.3895
0.2065 0.2385 0.2385 0.2385 0.271 0.271 0.2925 0.2925 0.277 0.277 0.3435 0.3435 0.3435 0.3775 0.3775 0.3455 0.3455 0.343 0.343 0.343 0.333 0.333 0.3835 0.3835 0.443 0.443 0.443 0.491 0.491 0.4275 0.4275 0.5125 0.5125 0.5125 0.473 0.473 0.5235 0.5235 0.534 0.534 0.534 0.4845 0.4845 0.5165 0.5165 0.477 0.477 0.503 0.503 0.503 0.4645 0.4645 0.454 0.454 0.41 0.41 0.41 0.425 0.425 0.456 0.456 0.4855 0.4855 0.4855 0.4775 0.4775 0.461 0.461 0.398 0.398 0.398 0.42 0.42 0.4035 0.4035 0.3895 0.3895 0.3895
0.233 0.234 0.234 0.234 0.2395 0.2395 0.255 0.255 0.301 0.301 0.332 0.332 0.332 0.361 0.361 0.3675 0.3675 0.3875 0.3875 0.3875 0.48 0.48 0.457 0.457 0.493 0.493 0.493 0.5685 0.5685 0.4885 0.4885 0.45 0.45 0.45 0.4675 0.4675 0.4935 0.4935 0.5345 0.5345 0.5345 0.4205 0.4205 0.468 0.468 0.421 0.421 0.461 0.461 0.461 0.4845 0.4845 0.444 0.444 0.458 0.458 0.458 0.453 0.453 0.489 0.489 0.495 0.495 0.495 0.453 0.453 0.511 0.511 0.4795 0.4795 0.4795 0.4735 0.4735 0.4525 0.4525 0.468 0.468 0.468
0.233 0.234 0.234 0.234 0.2395 0.2395 0.255 0.255 0.301 0.301 0.332 0.332 0.332 0.361 0.361 0.3675 0.3675 0.3875 0.3875 0.3875 0.48 0.48 0.457 0.457 0.493 0.493 0.493 0.5685 0.5685 0.4885 0.4885 0.45 0.45 0.45 0.4675 0.4675 0.4935 0.4935 0.5345 0.5345 0.5345 0.4205 0.4205 0.468 0.468 0.421 0.421 0.461 0.461 0.461 0.4845 0.4845 0.444 0.444 0.458 0.458 0.458 0.453 0.453 0.489 0.489 0.495 0.495 0.495 0.453 0.453 0.511 0.511 0.4795 0.4795 0.4795 0.4735 0.4735 0.4525 0.4525 0.468 0.468 0.468
0.233 0.234 0.234 0.234 0.2395 0.2395 0.255 0.255 0.301 0.301 0.332 0.332 0.332 0.361 0.361 0.3675 0.3675 0.3875 0.3875 0.3875 0.48 0.48 0.457 0.457 0.493 0.493 0.493 0.5685 0.5685 0.4885 0.4885 0.45 0.45 0.45 0.4675 0.4675 0.4935 0.4935 0.5345 0.5345 0.5345 0.4205 0.4205 0.468 0.468 0.421 0.421 0.461 0.461 0.461 0.4845 0.4845 0.444 0.444 0.458 0.458 0.458 0.453 0.453 0.489 0.489 0.495 0.495 0.495 0.453 0.453 0.511 0.511 0.4795 0.4795 0.4795 0.4735 0.4735 0.4525 0.4525 0.468 0.468 0.468
0.233 0.2865 0.2865 0.2865 0.235 0.235 0.2985 0.2985 0.4275 0.4275 0.401 0.401 0.401 0.5175 0.5175 0.559 0.559 0.5755 0.5755 0.5755 0.5635 0.5635 0.5135 0.5135 0.538 0.538 0.538 0.4655 0.4655 0.365 0.365 0.3655 0.3655 0.3655 0.398 0.398 0.3915 0.3915 0.5015 0.5015 0.5015 0.5005 0.5005 0.5215 0.5215 0.502 0.502 0.55 0.55 0.55 0.5265 0.5265 0.5 0.5 0.472 0.472 0.472 0.525 0.525 0.5195 0.5195 0.508 0.508 0.508 0.539 0.539 0.603 0.603 0.5275 0.5275 0.5275 0.518 0.518 0.495 0.495 0.4495 0.4495 0.4495
0.233 0.2865 0.2865 0.2865 0.235 0.235 0.2985 0.2985 0.4275 0.4275 0.401 0.401 0.401 0.5175 0.5175 0.559 0.559 0.5755 0.5755 0.5755 0.5635 0.5635 0.5135 0.5135 0.538 0.538 0.538 0.4655 0.4655 0.365 0.365 0.3655 0.3655 0.3655 0.398 0.398 0.3915 0.3915 0.5015 0.5015 0.5015 0.5005 0.5005 0.5215 0.5215 0.502 0.502 0.55 0.55 0.55 0.5265 0.5265 0.5 0.5 0.472 0.472 0.472 0.525 0.525 0.5195 0.5195 0.508 0.508 0.508 0.539 0.539 0.603 0.603 0.5275 0.5275 0.5275 0.518 0.518 0.495 0.495 0.4495 0.4495 0.4495
0.258 0.2805 0.2805 0.2805 0.256 0.256 0.3855 0.3855 0.415 0.415 0.436 0.436 0.436 0.55 0.55 0.573 0.573 0.5855 0.5855 0.5855 0.592 0.592 0.577 0.577 0.533 0.533 0.533 0.4495 0.4495 0.4235 0.4235 0.378 0.378 0.378 0.39 0.39 0.3955 0.3955 0.4735 0.4735 0.4735 0.4905 0.4905 0.507 0.507 0.538 0.538 0.5145 0.5145 0.5145 0.499 0.499 0.479 0.479 0.5115 0.5115 0.5115 0.514 0.514 0.512 0.512 0.51 0.51 0.51 0.532 0.532 0.525 0.525 0.4905 0.4905 0.4905 0.4535 0.4535 0.4621 0.4621 0.401 0.401 0.401
0.258 0.2805 0.2805 0.2805 0.256 0.256 0.3855 0.3855 0.415 0.415 0.436 0.436 0.436 0.55 0.55 0.573 0.573 0.5855 0.5855 0.5855 0.592 0.592 0.577 0.577 0.533 0.533 0.533 0.4495 0.4495 0.4235 0.4235 0.378 0.378 0.378 0.39 0.39 0.3955 0.3955 0.4735 0.4735 0.4735 0.4905 0.4905 0.507 0.507 0.538 0.538 0.5145 0.5145 0.5145 0.499 0.499 0.479 0.479 0.5115 0.5115 0.5115 0.514 0.514 0.512 0.512 0.51 0.51 0.51 0.532 0.532 0.525 0.525 0.4905 0.4905 0.4905 0.4535 0.4535 0.4621 0.4621 0.401 0.401 0.401
0.299 0.311 0.311 0.311 0.347 0.347 0.3435 0.3435 0.404 0.404 0.4595 0.4595 0.4595 0.55 0.55 0.552 0.552 0.5595 0.5595 0.5595 0.577 0.577 0.5315 0.5315 0.535 0.535 0.535 0.478 0.478 0.4325 0.4325 0.4295 0.4295 0.4295 0.399 0.399 0.4325 0.4325 0.506 0.506 0.506 0.5155 0.5155 0.4795 0.4795 0.4845 0.4845 0.4575 0.4575 0.4575 0.522 0.522 0.5001 0.5001 0.4875 0.4875 0.4875 0.4605 0.4605 0.447 0.447 0.4595 0.4595 0.4595 0.4961 0.4961 0.482 0.482 0.46 0.46 0.46 0.4655 0.4655 0.4755 0.4755 0.427 0.427 0.427
0.299 0.311 0.311 0.311 0.347 0.347 0.3435 0.3435 0.404 0.404 0.4595 0.4595 0.4595 0.55 0.55 0.552 0.552 0.5595 0.5595 0.5595 0.577 0.577 0.5315 0.5315 0.535 0.535 0.535 0.478 0.478 0.4325 0.4325 0.4295 0.4295 0.4295 0.399 0.399 0.4325 0.4325 0.506 0.506 0.506 0.5155 0.5155 0.4795 0.4795 0.4845 0.4845 0.4575 0.4575 0.4575 0.522 0.522 0.5001 0.5001 0.4875 0.4875 0.4875 0.4605 0.4605 0.447 0.447 0.4595 0.4595 0.4595 0.4961 0.4961 0.482 0.482 0.46 0.46 0.46 0.4655 0.4655 0.4755 0.4755 0.427 0.427 0.427
0.299 0.311 0.311 0.311 0.347 0.347 0.3435 0.3435 0.404 0.404 0.4595 0.4595 0.4595 0.55 0.55 0.552 0.552 0.5595 0.5595 0.5595 0.577 0.577 0.5315 0.5315 0.535 0.535 0.535 0.478 0.478 0.4325 0.4325 0.4295 0.4295 0.4295 0.399 0.399 0.4325 0.4325 0.506 0.506 0.506 0.5155 0.5155 0.4795 0.4795 0.4845 0.4845 0.4575 0.4575 0.4575 0.522 0.522 0.5001 0.5001 0.4875 0.4875 0.4875 0.4605 0.4605 0.447 0.447 0.4595 0.4595 0.4595 0.4961 0.4961 0.482 0.482 0.46 0.46 0.46 0.4655 0.4655 0.4755 0.4755 0.427 0.427 0.427
0.332 0.2885 0.2885 0.2885 0.3095 0.3095 0.4195 0.4195 0.4585 0.4585 0.5225 0.5225 0.5225 0.564 0.564 0.5695 0.5695 0.556 0.556 0.556 0.515 0.515 0.5135 0.5135 0.433 0.433 0.433 0.4415 0.4415 0.5285 0.5285 0.429 0.429 0.429 0.4695 0.4695 0.5085 0.5085 0.5125 0.5125 0.5125 0.494 0.494 0.4735 0.4735 0.465 0.465 0.486 0.486 0.486 0.4335 0.4335 0.4515 0.4515 0.4665 0.4665 0.4665 0.455 0.455 0.472 0.472 0.4615 0.4615 0.4615 0.4781 0.4781 0.429 0.429 0.458 0.458 0.458 0.4815 0.4815 0.473 0.473 0.446 0.446 0.446
0.332 0.2885 0.2885 0.2885 0.3095 0.3095 0.4195 0.4195 0.4585 0.4585 0.5225 0.5225 0.5225 0.564 0.564 0.5695 0.5695 0.556 0.556 0.556 0.515 0.515 0.5135 0.5135 0.433 0.433 0.433 0.4415 0.4415 0.5285 0.5285 0.429 0.429 0.429 0.4695 0.4695 0.5085 0.5085 0.5125 0.5125 0.5125 0.494 0.494 0.4735 0.4735 0.465 0.465 0.486 0.486 0.486 0.4335 0.4335 0.4515 0.4515 0.4665 0.4665 0.4665 0.455 0.455 0.472 0.472 0.4615 0.4615 0.4615 0.4781 0.4781 0.429 0.429 0.458 0.458 0.458 0.4815 0.4815 0.473 0.473 0.446 0.446 0.446
0.33 0.3635 0.3635 0.3635 0.3415 0.3415 0.445 0.445 0.472 0.472 0.497 0.497 0.497 0.4825 0.4825 0.5405 0.5405 0.45 0.45 0.45 0.477 0.477 0.548 0.548 0.498 0.498 0.498 0.444 0.444 0.4425 0.4425 0.4445 0.4445 0.4445 0.511 0.511 0.5135 0.5135 0.4815 0.4815 0.4815 0.474 0.474 0.4185 0.4185 0.4425 0.4425 0.4466 0.4466 0.4466 0.4725 0.4725 0.471 0.471 0.484 0.484 0.484 0.4085 0.4085 0.4675 0.4675 0.4671 0.4671 0.4671 0.5165 0.5165 0.5145 0.5145 0.463 0.463 0.463 0.4875 0.4875 0.458 0.458 0.453 0.453 0.453
0.33 0.3635 0.3635 0.3635 0.3415 0.3415 0.445 0.445 0.472 0.472 0.497 0.497 0.497 0.4825 0.4825 0.5405 0.5405 0.45 0.45 0.45 0.477 0.477 0.548 0.548 0.498 0.498 0.498 0.444 0.444 0.4425 0.4425 0.4445 0.4445 0.4445 0.511 0.511 0.5135 0.5135 0.4815 0.4815 0.4815 0.474 0.474 0.4185 0.4185 0.4425 0.4425 0.4466 0.4466 0.4466 0.4725 0.4725 0.471 0.471 0.484 0.484 0.484 0.4085 0.4085 0.4675 0.4675 0.4671 0.4671 0.4671 0.5165 0.5165 0.5145 0.5145 0.463 0.463 0.463 0.4875 0.4875 0.458 0.458 0.453 0.453 0.453
0.383 0.407 0.407 0.407 0.388 0.388 0.4035 0.4035 0.4285 0.4285 0.4805 0.4805 0.4805 0.503 0.503 0.461 0.461 0.6015 0.6015 0.6015 0.477 0.477 0.434 0.434 0.387 0.387 0.387 0.55 0.55 0.5045 0.5045 0.5245 0.5245 0.5245 0.5895 0.5895 0.5245 0.5245 0.529 0.529 0.529 0.533 0.533 0.5165 0.5165 0.4995 0.4995 0.4985 0.4985 0.4985 0.453 0.453 0.4645 0.4645 0.417 0.417 0.417 0.4455 0.4455 0.464 0.464 0.4595 0.4595 0.4595 0.516 0.516 0.5185 0.5185 0.4615 0.4615 0.4615 0.474 0.474 0.454 0.454 0.4585 0.4585 0.4585
0.383 0.407 0.407 0.407 0.388 0.388 0.4035 0.4035 0.4285 0.4285 0.4805 0.4805 0.4805 0.503 0.503 0.461 0.461 0.6015 0.6015 0.6015 0.477 0.477 0.434 0.434 0.387 0.387 0.387 0.55 0.55 0.5045 0.5045 0.5245 0.5245 0.5245 0.5895 0.5895 0.5245 0.5245 0.529 0.529 0.529 0.533 0.533 0.5165 0.5165 0.4995 0.4995 0.4985 0.4985 0.4985 0.453 0.453 0.4645 0.4645 0.417 0.417 0.417 0.4455 0.4455 0.464 0.464 0.4595 0.4595 0.4595 0.516 0.516 0.5185 0.5185 0.4615 0.4615 0.4615 0.474 0.474 0.454 0.454 0.4585 0.4585 0.4585
0.383 0.407 0.407 0.407 0.388 0.388 0.4035 0.4035 0.4285 0.4285 0.4805 0.4805 0.4805 0.503 0.503 0.461 0.461 0.6015 0.6015 0.6015 0.477 0.477 0.434 0.434 0.387 0.387 0.387 0.55 0.55 0.5045 0.5045 0.5245 0.5245 0.5245 0.5895 0.5895 0.5245 0.5245 0.529 0.529 0.529 0.533 0.533 0.5165 0.5165 0.4995 0.4995 0.4985 0.4985 0.4985 0.453 0.453 0.4645 0.4645 0.417 0.417 0.417 0.4455 0.4455 0.464 0.464 0.4595 0.4595 0.4595 0.516 0.516 0.5185 0.5185 0.4615 0.4615 0.4615 0.474 0.474 0.454 0.454 0.4585 0.4585 0.4585
0.3795 0.4035 0.4035 0.4035 0.336 0.336 0.384 0.384 0.381 0.381 0.4145 0.4145 0.4145 0.478 0.478 0.4365 0.4365 0.4685 0.4685 0.4685 0.453 0.453 0.382 0.382 0.442 0.442 0.442 0.507 0.507 0.4925 0.4925 0.483 0.483 0.483 0.547 0.547 0.5115 0.5115 0.5116 0.5116 0.5116 0.524 0.524 0.472 0.472 0.4555 0.4555 0.4425 0.4425 0.4425 0.434 0.434 0.39 0.39 0.433 0.433 0.433 0.455 0.455 0.437 0.437 0.408 0.408 0.408 0.4265 0.4265 0.4365 0.4365 0.454 0.454 0.454 0.47 0.47 0.4835 0.4835 0.441 0.441 0.441
0.3795 0.4035 0.4035 0.4035 0.336 0.336 0.384 0.384 0.381 0.381 0.4145 0.4145 0.4145 0.478 0.478 0.4365 0.4365 0.4685 0.4685 0.4685 0.453 0.453 0.382 0.382 0.442 0.442 0.442 0.507 0.507 0.4925 0.4925 0.483 0.483 0.483 0.547 0.547 0.5115 0.5115 0.5116 0.5116 0.5116 0.524 0.524 0.472 0.472 0.4555 0.4555 0.4425 0.4425 0.4425 0.434 0.434 0.39 0.39 0.433 0.433 0.433 0.455 0.455 0.437 0.437 0.408 0.408 0.408 0.4265 0.4265 0.4365 0.4365 0.454 0.454 0.454 0.47 0.47 0.4835 0.4835 0.441 0.441 0.441
0.441 0.3185 0.3185 0.3185 0.313 0.313 0.3805 0.3805 0.4345 0.4345 0.503 0.503 0.503 0.4925 0.4925 0.5185 0.5185 0.5695 0.5695 0.5695 0.5225 0.5225 0.4485 0.4485 0.5375 0.5375 0.5375 0.512 0.512 0.49 0.49 0.4896 0.4896 0.4896 0.498 0.498 0.5115 0.5115 0.487 0.487 0.487 0.4845 0.4845 0.457 0.457 0.392 0.392 0.381 0.381 0.381 0.381 0.381 0.4265 0.4265 0.438 0.438 0.438 0.3965 0.3965 0.4115 0.4115 0.407 0.407 0.407 0.3705 0.3705 0.3785 0.3785 0.457 0.457 0.457 0.474 0.474 0.4935 0.4935 0.4315 0.4315 0.4315
0.441 0.3185 0.3185 0.3185 0.313 0.313 0.3805 0.3805 0.4345 0.4345 0.503 0.503 0.503 0.4925 0.4925 0.5185 0.5185 0.5695 0.5695 0.5695 0.5225 0.5225 0.4485 0.4485 0.5375 0.5375 0.5375 0.512 0.512 0.49 0.49 0.4896 0.4896 0.4896 0.498 0.498 0.5115 0.5115 0.487 0.487 0.487 0.4845 0.4845 0.457 0.457 0.392 0.392 0.381 0.381 0.381 0.381 0.381 0.4265 0.4265 0.438 0.438 0.438 0.3965 0.3965 0.4115 0.4115 0.407 0.407 0.407 0.3705 0.3705 0.3785 0.3785 0.457 0.457 0.457 0.474 0.474 0.4935 0.4935 0.4315 0.4315 0.4315
0.4055 0.3455 0.3455 0.3455 0.37 0.37 0.397 0.397 0.4375 0.4375 0.4845 0.4845 0.4845 0.4905 0.4905 0.513 0.513 0.509 0.509 0.509 0.4695 0.4695 0.4845 0.4845 0.5325 0.5325 0.5325 0.516 0.516 0.482 0.482 0.4845 0.4845 0.4845 0.4905 0.4905 0.4845 0.4845 0.4725 0.4725 0.4725 0.452 0.452 0.422 0.422 0.4395 0.4395 0.467 0.467 0.467 0.3805 0.3805 0.4025 0.4025 0.5045 0.5045 0.5045 0.454 0.454 0.4185 0.4185 0.4075 0.4075 0.4075 0.3875 0.3875 0.3855 0.3855 0.421 0.421 0.421 0.417 0.417 0.369 0.369 0.3425 0.3425 0.3425
