ndvi/NOAA-71.asc
ncols         252
nrows         154
xllcorner     -18.017974
yllcorner     13.481982
cellsize      0.035948
NODATA_value  -9999
[rows 102 to 135 of 154, columns 154 to 230 of 252]
0.264 0.253 0.253 0.2115 0.2115 0.2115 0.2345 0.2345 0.2265 0.2265 0.232 0.232 0.2325 0.2325 0.2325 0.256 0.256 0.267 0.267 0.2685 0.2685 0.2685 0.2615 0.2615 0.2525 0.2525 0.252 0.252 0.252 0.2545 0.2545 0.2635 0.2635 0.253 0.253 0.253 0.253 0.253 0.2575 0.2575 0.2645 0.2645 0.2645 0.2635 0.2635 0.2605 0.2605 0.2735 0.2735 0.275 0.275 0.275 0.264 0.264 0.27 0.27 0.242 0.242 0.242 0.2375 0.2375 0.2475 0.2475 0.2455 0.2455 0.2455 0.218 0.218 0.2305 0.2305 0.2395 0.2395 0.2395 0.25 0.25 0.262 0.262
0.2195 0.228 0.228 0.208 0.208 0.208 0.257 0.257 0.2375 0.2375 0.239 0.239 0.2425 0.2425 0.2425 0.249 0.249 0.234 0.234 0.2445 0.2445 0.2445 0.263 0.263 0.244 0.244 0.263 0.263 0.263 0.283 0.283 0.274 0.274 0.268 0.268 0.268 0.2515 0.2515 0.2475 0.2475 0.2425 0.2425 0.2425 0.27 0.27 0.268 0.268 0.303 0.303 0.331 0.331 0.331 0.315 0.315 0.2645 0.2645 0.262 0.262 0.262 0.227 0.227 0.2545 0.2545 0.269 0.269 0.269 0.275 0.275 0.2555 0.2555 0.2735 0.2735 0.2735 0.274 0.274 0.2655 0.2655
0.2195 0.228 0.228 0.208 0.208 0.208 0.257 0.257 0.2375 0.2375 0.239 0.239 0.2425 0.2425 0.2425 0.249 0.249 0.234 0.234 0.2445 0.2445 0.2445 0.263 0.263 0.244 0.244 0.263 0.263 0.263 0.283 0.283 0.274 0.274 0.268 0.268 0.268 0.2515 0.2515 0.2475 0.2475 0.2425 0.2425 0.2425 0.27 0.27 0.268 0.268 0.303 0.303 0.331 0.331 0.331 0.315 0.315 0.2645 0.2645 0.262 0.262 0.262 0.227 0.227 0.2545 0.2545 0.269 0.269 0.269 0.275 0.275 0.2555 0.2555 0.2735 0.2735 0.2735 0.274 0.274 0.2655 0.2655
0.2195 0.228 0.228 0.208 0.208 0.208 0.257 0.257 0.2375 0.2375 0.239 0.239 0.2425 0.2425 0.2425 0.249 0.249 0.234 0.234 0.2445 0.2445 0.2445 0.263 0.263 0.244 0.244 0.263 0.263 0.263 0.283 0.283 0.274 0.274 0.268 0.268 0.268 0.2515 0.2515 0.2475 0.2475 0.2425 0.2425 0.2425 0.27 0.27 0.268 0.268 0.303 0.303 0.331 0.331 0.331 0.315 0.315 0.2645 0.2645 0.262 0.262 0.262 0.227 0.227 0.2545 0.2545 0.269 0.269 0.269 0.275 0.275 0.2555 0.2555 0.2735 0.2735 0.2735 0.274 0.274 0.2655 0.2655
0.2495 0.251 0.251 0.266 0.266 0.266 0.248 0.248 0.224 0.224 0.26 0.26 0.239 0.239 0.239 0.2275 0.2275 0.2245 0.2245 0.2375 0.2375 0.2375 0.2425 0.2425 0.2535 0.2535 0.2715 0.2715 0.2715 0.2785 0.2785 0.301 0.301 0.2835 0.2835 0.2835 0.295 0.295 0.294 0.294 0.3245 0.3245 0.3245 0.337 0.337 0.3265 0.3265 0.31 0.31 0.3425 0.3425 0.3425 0.3415 0.3415 0.35 0.35 0.3295 0.3295 0.3295 0.2405 0.2405 0.2525 0.2525 0.2595 0.2595 0.2595 0.2675 0.2675 0.262 0.262 0.2765 0.2765 0.2765 0.294 0.294 0.296 0.296
0.2495 0.251 0.251 0.266 0.266 0.266 0.248 0.248 0.224 0.224 0.26 0.26 0.239 0.239 0.239 0.2275 0.2275 0.2245 0.2245 0.2375 0.2375 0.2375 0.2425 0.2425 0.2535 0.2535 0.2715 0.2715 0.2715 0.2785 0.2785 0.301 0.301 0.2835 0.2835 0.2835 0.295 0.295 0.294 0.294 0.3245 0.3245 0.3245 0.337 0.337 0.3265 0.3265 0.31 0.31 0.3425 0.3425 0.3425 0.3415 0.3415 0.35 0.35 0.3295 0.3295 0.3295 0.2405 0.2405 0.2525 0.2525 0.2595 0.2595 0.2595 0.2675 0.2675 0.262 0.262 0.2765 0.2765 0.2765 0.294 0.294 0.296 0.296
0.2705 0.2665 0.2665 0.274 0.274 0.274 0.2675 0.2675 0.2485 0.2485 0.2635 0.2635 0.2475 0.2475 0.2475 0.2405 0.2405 0.207 0.207 0.234 0.234 0.234 0.255 0.255 0.2815 0.2815 0.2445 0.2445 0.2445 0.2585 0.2585 0.2995 0.2995 0.296 0.296 0.296 0.3055 0.3055 0.3205 0.3205 0.316 0.316 0.316 0.3555 0.3555 0.293 0.293 0.2875 0.2875 0.2705 0.2705 0.2705 0.269 0.269 0.2925 0.2925 0.3125 0.3125 0.3125 0.2715 0.2715 0.2715 0.2715 0.2495 0.2495 0.2495 0.262 0.262 0.2615 0.2615 0.256 0.256 0.256 0.2815 0.2815 0.295 0.295
0.2705 0.2665 0.2665 0.274 0.274 0.274 0.2675 0.2675 0.2485 0.2485 0.2635 0.2635 0.2475 0.2475 0.2475 0.2405 0.2405 0.207 0.207 0.234 0.234 0.234 0.255 0.255 0.2815 0.2815 0.2445 0.2445 0.2445 0.2585 0.2585 0.2995 0.2995 0.296 0.296 0.296 0.3055 0.3055 0.3205 0.3205 0.316 0.316 0.316 0.3555 0.3555 0.293 0.293 0.2875 0.2875 0.2705 0.2705 0.2705 0.269 0.269 0.2925 0.2925 0.3125 0.3125 0.3125 0.2715 0.2715 0.2715 0.2715 0.2495 0.2495 0.2495 0.262 0.262 0.2615 0.2615 0.256 0.256 0.256 0.2815 0.2815 0.295 0.295
0.268 0.289 0.289 0.284 0.284 0.284 0.287 0.287 0.256 0.256 0.2595 0.2595 0.2525 0.2525 0.2525 0.2555 0.2555 0.258 0.258 0.2635 0.2635 0.2635 0.261 0.261 0.255 0.255 0.273 0.273 0.273 0.254 0.254 0.312 0.312 0.2995 0.2995 0.2995 0.318 0.318 0.3095 0.3095 0.2915 0.2915 0.2915 0.308 0.308 0.297 0.297 0.2825 0.2825 0.2635 0.2635 0.2635 0.299 0.299 0.2925 0.2925 0.301 0.301 0.301 0.303 0.303 0.2865 0.2865 0.2815 0.2815 0.2815 0.2695 0.2695 0.2745 0.2745 0.284 0.284 0.284 0.292 0.292 0.313 0.313
0.268 0.289 0.289 0.284 0.284 0.284 0.287 0.287 0.256 0.256 0.2595 0.2595 0.2525 0.2525 0.2525 0.2555 0.2555 0.258 0.258 0.2635 0.2635 0.2635 0.261 0.261 0.255 0.255 0.273 0.273 0.273 0.254 0.254 0.312 0.312 0.2995 0.2995 0.2995 0.318 0.318 0.3095 0.3095 0.2915 0.2915 0.2915 0.308 0.308 0.297 0.297 0.2825 0.2825 0.2635 0.2635 0.2635 0.299 0.299 0.2925 0.2925 0.301 0.301 0.301 0.303 0.303 0.2865 0.2865 0.2815 0.2815 0.2815 0.2695 0.2695 0.2745 0.2745 0.284 0.284 0.284 0.292 0.292 0.313 0.313
0.268 0.289 0.289 0.284 0.284 0.284 0.287 0.287 0.256 0.256 0.2595 0.2595 0.2525 0.2525 0.2525 0.2555 0.2555 0.258 0.258 0.2635 0.2635 0.2635 0.261 0.261 0.255 0.255 0.273 0.273 0.273 0.254 0.254 0.312 0.312 0.2995 0.2995 0.2995 0.318 0.318 0.3095 0.3095 0.2915 0.2915 0.2915 0.308 0.308 0.297 0.297 0.2825 0.2825 0.2635 0.2635 0.2635 0.299 0.299 0.2925 0.2925 0.301 0.301 0.301 0.303 0.303 0.2865 0.2865 0.2815 0.2815 0.2815 0.2695 0.2695 0.2745 0.2745 0.284 0.284 0.284 0.292 0.292 0.313 0.313
0.263 0.2655 0.2655 0.2815 0.2815 0.2815 0.2895 0.2895 0.261 0.261 0.2595 0.2595 0.2615 0.2615 0.2615 0.2875 0.2875 0.2665 0.2665 0.257 0.257 0.257 0.2695 0.2695 0.2905 0.2905 0.303 0.303 0.303 0.281 0.281 0.308 0.308 0.352 0.352 0.352 0.358 0.358 0.256 0.256 0.2815 0.2815 0.2815 0.3025 0.3025 0.2795 0.2795 0.298 0.298 0.3115 0.3115 0.3115 0.377 0.377 0.3495 0.3495 0.287 0.287 0.287 0.2885 0.2885 0.2855 0.2855 0.2695 0.2695 0.2695 0.2725 0.2725 0.259 0.259 0.264 0.264 0.264 0.2945 0.2945 0.321 0.321
0.263 0.2655 0.2655 0.2815 0.2815 0.2815 0.2895 0.2895 0.261 0.261 0.2595 0.2595 0.2615 0.2615 0.2615 0.2875 0.2875 0.2665 0.2665 0.257 0.257 0.257 0.2695 0.2695 0.2905 0.2905 0.303 0.303 0.303 0.281 0.281 0.308 0.308 0.352 0.352 0.352 0.358 0.358 0.256 0.256 0.2815 0.2815 0.2815 0.3025 0.3025 0.2795 0.2795 0.298 0.298 0.3115 0.3115 0.3115 0.377 0.377 0.3495 0.3495 0.287 0.287 0.287 0.2885 0.2885 0.2855 0.2855 0.2695 0.2695 0.2695 0.2725 0.2725 0.259 0.259 0.264 0.264 0.264 0.2945 0.2945 0.321 0.321
0.2875 0.3015 0.3015 0.2725 0.2725 0.2725 0.2765 0.2765 0.2595 0.2595 0.241 0.241 0.26 0.26 0.26 0.285 0.285 0.2805 0.2805 0.266 0.266 0.266 0.2595 0.2595 0.247 0.247 0.2585 0.2585 0.2585 0.2795 0.2795 0.2585 0.2585 0.338 0.338 0.338 0.2655 0.2655 0.251 0.251 0.2745 0.2745 0.2745 0.287 0.287 0.305 0.305 0.3445 0.3445 0.3495 0.3495 0.3495 0.336 0.336 0.341 0.341 0.339 0.339 0.339 0.316 0.316 0.314 0.314 0.291 0.291 0.291 0.296 0.296 0.273 0.273 0.29 0.29 0.29 0.2795 0.2795 0.2945 0.2945
0.2875 0.3015 0.3015 0.2725 0.2725 0.2725 0.2765 0.2765 0.2595 0.2595 0.241 0.241 0.26 0.26 0.26 0.285 0.285 0.2805 0.2805 0.266 0.266 0.266 0.2595 0.2595 0.247 0.247 0.2585 0.2585 0.2585 0.2795 0.2795 0.2585 0.2585 0.338 0.338 0.338 0.2655 0.2655 0.251 0.251 0.2745 0.2745 0.2745 0.287 0.287 0.305 0.305 0.3445 0.3445 0.3495 0.3495 0.3495 0.336 0.336 0.341 0.341 0.339 0.339 0.339 0.316 0.316 0.314 0.314 0.291 0.291 0.291 0.296 0.296 0.273 0.273 0.29 0.29 0.29 0.2795 0.2795 0.2945 0.2945
0.2935 0.287 0.287 0.3175 0.3175 0.3175 0.295 0.295 0.255 0.255 0.268 0.268 0.266 0.266 0.266 0.2795 0.2795 0.291 0.291 0.276 0.276 0.276 0.283 0.283 0.249 0.249 0.285 0.285 0.285 0.307 0.307 0.3125 0.3125 0.2645 0.2645 0.2645 0.249 0.249 0.263 0.263 0.307 0.307 0.307 0.356 0.356 0.3555 0.3555 0.35 0.35 0.3705 0.3705 0.3705 0.3525 0.3525 0.343 0.343 0.338 0.338 0.338 0.3515 0.3515 0.339 0.339 0.342 0.342 0.342 0.341 0.341 0.3295 0.3295 0.2775 0.2775 0.2775 0.2675 0.2675 0.289 0.289
0.2935 0.287 0.287 0.3175 0.3175 0.3175 0.295 0.295 0.255 0.255 0.268 0.268 0.266 0.266 0.266 0.2795 0.2795 0.291 0.291 0.276 0.276 0.276 0.283 0.283 0.249 0.249 0.285 0.285 0.285 0.307 0.307 0.3125 0.3125 0.2645 0.2645 0.2645 0.249 0.249 0.263 0.263 0.307 0.307 0.307 0.356 0.356 0.3555 0.3555 0.35 0.35 0.3705 0.3705 0.3705 0.3525 0.3525 0.343 0.343 0.338 0.338 0.338 0.3515 0.3515 0.339 0.339 0.342 0.342 0.342 0.341 0.341 0.3295 0.3295 0.2775 0.2775 0.2775 0.2675 0.2675 0.289 0.289
0.2935 0.287 0.287 0.3175 0.3175 0.3175 0.295 0.295 0.255 0.255 0.268 0.268 0.266 0.266 0.266 0.2795 0.2795 0.291 0.291 0.276 0.276 0.276 0.283 0.283 0.249 0.249 0.285 0.285 0.285 0.307 0.307 0.3125 0.3125 0.2645 0.2645 0.2645 0.249 0.249 0.263 0.263 0.307 0.307 0.307 0.356 0.356 0.3555 0.3555 0.35 0.35 0.3705 0.3705 0.3705 0.3525 0.3525 0.343 0.343 0.338 0.338 0.338 0.3515 0.3515 0.339 0.339 0.342 0.342 0.342 0.341 0.341 0.3295 0.3295 0.2775 0.2775 0.2775 0.2675 0.2675 0.289 0.289
0.275 0.271 0.271 0.262 0.262 0.262 0.2765 0.2765 0.2495 0.2495 0.28 0.28 0.2995 0.2995 0.2995 0.2955 0.2955 0.316 0.316 0.317 0.317 0.317 0.3085 0.3085 0.288 0.288 0.2975 0.2975 0.2975 0.295 0.295 0.2755 0.2755 0.2745 0.2745 0.2745 0.2915 0.2915 0.3125 0.3125 0.339 0.339 0.339 0.371 0.371 0.3795 0.3795 0.4205 0.4205 0.393 0.393 0.393 0.3945 0.3945 0.345 0.345 0.324 0.324 0.324 0.321 0.321 0.3755 0.3755 0.403 0.403 0.403 0.3695 0.3695 0.352 0.352 0.3015 0.3015 0.3015 0.289 0.289 0.3235 0.3235
0.275 0.271 0.271 0.262 0.262 0.262 0.2765 0.2765 0.2495 0.2495 0.28 0.28 0.2995 0.2995 0.2995 0.2955 0.2955 0.316 0.316 0.317 0.317 0.317 0.3085 0.3085 0.288 0.288 0.2975 0.2975 0.2975 0.295 0.295 0.2755 0.2755 0.2745 0.2745 0.2745 0.2915 0.2915 0.3125 0.3125 0.339 0.339 0.339 0.371 0.371 0.3795 0.3795 0.4205 0.4205 0.393 0.393 0.393 0.3945 0.3945 0.345 0.345 0.324 0.324 0.324 0.321 0.321 0.3755 0.3755 0.403 0.403 0.403 0.3695 0.3695 0.352 0.352 0.3015 0.3015 0.3015 0.289 0.289 0.3235 0.3235
0.2865 0.287 0.287 0.2605 0.2605 0.2605 0.243 0.243 0.299 0.299 0.2835 0.2835 0.344 0.344 0.344 0.379 0.379 0.3725 0.3725 0.3165 0.3165 0.3165 0.3365 0.3365 0.331 0.331 0.312 0.312 0.312 0.296 0.296 0.295 0.295 0.329 0.329 0.329 0.368 0.368 0.3245 0.3245 0.3615 0.3615 0.3615 0.3565 0.3565 0.4285 0.4285 0.3385 0.3385 0.4065 0.4065 0.4065 0.3645 0.3645 0.329 0.329 0.343 0.343 0.343 0.3575 0.3575 0.367 0.367 0.367 0.367 0.367 0.324 0.324 0.34 0.34 0.3105 0.3105 0.3105 0.334 0.334 0.3245 0.3245
0.2865 0.287 0.287 0.2605 0.2605 0.2605 0.243 0.243 0.299 0.299 0.2835 0.2835 0.344 0.344 0.344 0.379 0.379 0.3725 0.3725 0.3165 0.3165 0.3165 0.3365 0.3365 0.331 0.331 0.312 0.312 0.312 0.296 0.296 0.295 0.295 0.329 0.329 0.329 0.368 0.368 0.3245 0.3245 0.3615 0.3615 0.3615 0.3565 0.3565 0.4285 0.4285 0.3385 0.3385 0.4065 0.4065 0.4065 0.3645 0.3645 0.329 0.329 0.343 0.343 0.343 0.3575 0.3575 0.367 0.367 0.367 0.367 0.367 0.324 0.324 0.34 0.34 0.3105 0.3105 0.3105 0.334 0.334 0.3245 0.3245
0.3065 0.3045 0.3045 0.298 0.298 0.298 0.267 0.267 0.2635 0.2635 0.3431 0.3431 0.3651 0.3651 0.3651 0.365 0.365 0.3555 0.3555 0.3285 0.3285 0.3285 0.3395 0.3395 0.352 0.352 0.3235 0.3235 0.3235 0.3065 0.3065 0.3035 0.3035 0.2945 0.2945 0.2945 0.279 0.279 0.311 0.311 0.3735 0.3735 0.3735 0.4065 0.4065 0.385 0.385 0.3855 0.3855 0.4005 0.4005 0.4005 0.3955 0.3955 0.34 0.34 0.39 0.39 0.39 0.393 0.393 0.347 0.347 0.3645 0.3645 0.3645 0.3325 0.3325 0.3395 0.3395 0.326 0.326 0.326 0.3205 0.3205 0.3205 0.3205
0.3065 0.3045 0.3045 0.298 0.298 0.298 0.267 0.267 0.2635 0.2635 0.3431 0.3431 0.3651 0.3651 0.3651 0.365 0.365 0.3555 0.3555 0.3285 0.3285 0.3285 0.3395 0.3395 0.352 0.352 0.3235 0.3235 0.3235 0.3065 0.3065 0.3035 0.3035 0.2945 0.2945 0.2945 0.279 0.279 0.311 0.311 0.3735 0.3735 0.3735 0.4065 0.4065 0.385 0.385 0.3855 0.3855 0.4005 0.4005 0.4005 0.3955 0.3955 0.34 0.34 0.39 0.39 0.39 0.393 0.393 0.347 0.347 0.3645 0.3645 0.3645 0.3325 0.3325 0.3395 0.3395 0.326 0.326 0.326 0.3205 0.3205 0.3205 0.3205
0.3055 0.3325 0.3325 0.3195 0.3195 0.3195 0.268 0.268 0.319 0.319 0.357 0.357 0.357 0.357 0.357 0.3155 0.3155 0.3385 0.3385 0.2835 0.2835 0.2835 0.3606 0.3606 0.3235 0.3235 0.3115 0.3115 0.3115 0.305 0.305 0.2885 0.2885 0.267 0.267 0.267 0.3175 0.3175 0.318 0.318 0.2965 0.2965 0.2965 0.385 0.385 0.3705 0.3705 0.4175 0.4175 0.4275 0.4275 0.4275 0.4005 0.4005 0.404 0.404 0.424 0.424 0.424 0.397 0.397 0.361 0.361 0.337 0.337 0.337 0.3315 0.3315 0.363 0.363 0.3175 0.3175 0.3175 0.3255 0.3255 0.313 0.313
0.3055 0.3325 0.3325 0.3195 0.3195 0.3195 0.268 0.268 0.319 0.319 0.357 0.357 0.357 0.357 0.357 0.3155 0.3155 0.3385 0.3385 0.2835 0.2835 0.2835 0.3606 0.3606 0.3235 0.3235 0.3115 0.3115 0.3115 0.305 0.305 0.2885 0.2885 0.267 0.267 0.267 0.3175 0.3175 0.318 0.318 0.2965 0.2965 0.2965 0.385 0.385 0.3705 0.3705 0.4175 0.4175 0.4275 0.4275 0.4275 0.4005 0.4005 0.404 0.404 0.424 0.424 0.424 0.397 0.397 0.361 0.361 0.337 0.337 0.337 0.3315 0.3315 0.363 0.363 0.3175 0.3175 0.3175 0.3255 0.3255 0.313 0.313
0.3055 0.3325 0.3325 0.3195 0.3195 0.3195 0.268 0.268 0.319 0.319 0.357 0.357 0.357 0.357 0.357 0.3155 0.3155 0.3385 0.3385 0.2835 0.2835 0.2835 0.3606 0.3606 0.3235 0.3235 0.3115 0.3115 0.3115 0.305 0.305 0.2885 0.2885 0.267 0.267 0.267 0.3175 0.3175 0.318 0.318 0.2965 0.2965 0.2965 0.385 0.385 0.3705 0.3705 0.4175 0.4175 0.4275 0.4275 0.4275 0.4005 0.4005 0.404 0.404 0.424 0.424 0.424 0.397 0.397 0.361 0.361 0.337 0.337 0.337 0.3315 0.3315 0.363 0.363 0.3175 0.3175 0.3175 0.3255 0.3255 0.313 0.313
0.305 0.3225 0.3225 0.3055 0.3055 0.3055 0.2795 0.2795 0.3235 0.3235 0.3916 0.3916 0.349 0.349 0.349 0.2935 0.2935 0.2955 0.2955 0.366 0.366 0.366 0.2985 0.2985 0.3075 0.3075 0.2805 0.2805 0.2805 0.294 0.294 0.293 0.293 0.257 0.257 0.257 0.3085 0.3085 0.3385 0.3385 0.4025 0.4025 0.4025 0.3735 0.3735 0.435 0.435 0.438 0.438 0.4231 0.4231 0.4231 0.411 0.411 0.3745 0.3745 0.407 0.407 0.407 0.4155 0.4155 0.4305 0.4305 0.3806 0.3806 0.3806 0.35 0.35 0.347 0.347 0.346 0.346 0.346 0.33 0.33 0.3725 0.3725
0.305 0.3225 0.3225 0.3055 0.3055 0.3055 0.2795 0.2795 0.3235 0.3235 0.3916 0.3916 0.349 0.349 0.349 0.2935 0.2935 0.2955 0.2955 0.366 0.366 0.366 0.2985 0.2985 0.3075 0.3075 0.2805 0.2805 0.2805 0.294 0.294 0.293 0.293 0.257 0.257 0.257 0.3085 0.3085 0.3385 0.3385 0.4025 0.4025 0.4025 0.3735 0.3735 0.435 0.435 0.438 0.438 0.4231 0.4231 0.4231 0.411 0.411 0.3745 0.3745 0.407 0.407 0.407 0.4155 0.4155 0.4305 0.4305 0.3806 0.3806 0.3806 0.35 0.35 0.347 0.347 0.346 0.346 0.346 0.33 0.33 0.3725 0.3725
0.326 0.3495 0.3495 0.324 0.324 0.324 0.321 0.321 0.329 0.329 0.33 0.33 0.318 0.318 0.318 0.3115 0.3115 0.2985 0.2985 0.308 0.308 0.308 0.3406 0.3406 0.317 0.317 0.309 0.309 0.309 0.352 0.352 0.3715 0.3715 0.338 0.338 0.338 0.3085 0.3085 0.298 0.298 0.35 0.35 0.35 0.4175 0.4175 0.41 0.41 0.386 0.386 0.403 0.403 0.403 0.386 0.386 0.4576 0.4576 0.4651 0.4651 0.4651 0.4761 0.4761 0.431 0.431 0.376 0.376 0.376 0.367 0.367 0.338 0.338 0.4025 0.4025 0.4025 0.3415 0.3415 0.3355 0.3355
0.326 0.3495 0.3495 0.324 0.324 0.324 0.321 0.321 0.329 0.329 0.33 0.33 0.318 0.318 0.318 0.3115 0.3115 0.2985 0.2985 0.308 0.308 0.308 0.3406 0.3406 0.317 0.317 0.309 0.309 0.309 0.352 0.352 0.3715 0.3715 0.338 0.338 0.338 0.3085 0.3085 0.298 0.298 0.35 0.35 0.35 0.4175 0.4175 0.41 0.41 0.386 0.386 0.403 0.403 0.403 0.386 0.386 0.4576 0.4576 0.4651 0.4651 0.4651 0.4761 0.4761 0.431 0.431 0.376 0.376 0.376 0.367 0.367 0.338 0.338 0.4025 0.4025 0.4025 0.3415 0.3415 0.3355 0.3355
0.336 0.336 0.336 0.327 0.327 0.327 0.299 0.299 0.3525 0.3525 0.3155 0.3155 0.3535 0.3535 0.3535 0.3395 0.3395 0.2835 0.2835 0.3315 0.3315 0.3315 0.344 0.344 0.3486 0.3486 0.2985 0.2985 0.2985 0.2945 0.2945 0.3465 0.3465 0.361 0.361 0.361 0.378 0.378 0.323 0.323 0.3846 0.3846 0.3846 0.3721 0.3721 0.422 0.422 0.416 0.416 0.4191 0.4191 0.4191 0.4591 0.4591 0.4566 0.4566 0.4786 0.4786 0.4786 0.4916 0.4916 0.4531 0.4531 0.3945 0.3945 0.3945 0.4305 0.4305 0.3625 0.3625 0.3925 0.3925 0.3925 0.3775 0.3775 0.349 0.349
0.336 0.336 0.336 0.327 0.327 0.327 0.299 0.299 0.3525 0.3525 0.3155 0.3155 0.3535 0.3535 0.3535 0.3395 0.3395 0.2835 0.2835 0.3315 0.3315 0.3315 0.344 0.344 0.3486 0.3486 0.2985 0.2985 0.2985 0.2945 0.2945 0.3465 0.3465 0.361 0.361 0.361 0.378 0.378 0.323 0.323 0.3846 0.3846 0.3846 0.3721 0.3721 0.422 0.422 0.416 0.416 0.4191 0.4191 0.4191 0.4591 0.4591 0.4566 0.4566 0.4786 0.4786 0.4786 0.4916 0.4916 0.4531 0.4531 0.3945 0.3945 0.3945 0.4305 0.4305 0.3625 0.3625 0.3925 0.3925 0.3925 0.3775 0.3775 0.349 0.349
0.336 0.336 0.336 0.327 0.327 0.327 0.299 0.299 0.3525 0.3525 0.3155 0.3155 0.3535 0.3535 0.3535 0.3395 0.3395 0.2835 0.2835 0.3315 0.3315 0.3315 0.344 0.344 0.3486 0.3486 0.2985 0.2985 0.2985 0.2945 0.2945 0.3465 0.3465 0.361 0.361 0.361 0.378 0.378 0.323 0.323 0.3846 0.3846 0.3846 0.3721 0.3721 0.422 0.422 0.416 0.416 0.4191 0.4191 0.4191 0.4591 0.4591 0.4566 0.4566 0.4786 0.4786 0.4786 0.4916 0.4916 0.4531 0.4531 0.3945 0.3945 0.3945 0.4305 0.4305 0.3625 0.3625 0.3925 0.3925 0.3925 0.3775 0.3775 0.349 0.349
