ndvi/NOAA-117.asc
ncols         252
nrows         154
xllcorner     -18.017974
yllcorner     13.481982
cellsize      0.035948
NODATA_value  -9999
[rows 102 to 135 of 154, columns 0 to 76 of 252]
-1 -1 -1 -1 -1 -1 -1 -1 -1 -1 -1 -1 -1 -1 -1 -1 -1 -1 -1 -1 -1 -1 -1 -1 -1 0.0196 0.0196 0.0196 0.1335 0.1335 0.371 0.371 0.377 0.377 0.377 0.369 0.369 0.3845 0.3845 0.3885 0.3885 0.3885 0.404 0.404 0.3885 0.3885 0.415 0.415 0.415 0.4475 0.4475 0.483 0.483 0.538 0.538 0.543 0.543 0.543 0.533 0.533 0.576 0.576 0.576 0.576 0.576 0.5955 0.5955 0.6025 0.6025 0.5425 0.5425 0.5425 0.5215 0.5215 0.5295 0.5295 0.4665
-1 -1 -1 -1 -1 -1 -1 -1 -1 -1 -1 -1 -1 -1 -1 -1 -1 -1 -1 -1 -1 -1 -1 0.0591 0.0591 0.258 0.258 0.258 0.417 0.417 0.382 0.382 0.3795 0.3795 0.3795 0.4465 0.4465 0.45 0.45 0.461 0.461 0.461 0.5035 0.5035 0.48 0.48 0.4835 0.4835 0.4835 0.498 0.498 0.5135 0.5135 0.584 0.584 0.5405 0.5405 0.5405 0.532 0.532 0.5195 0.5195 0.5195 0.5195 0.5195 0.527 0.527 0.541 0.541 0.5515 0.5515 0.5515 0.551 0.551 0.53 0.53 0.499
-1 -1 -1 -1 -1 -1 -1 -1 -1 -1 -1 -1 -1 -1 -1 -1 -1 -1 -1 -1 -1 -1 -1 0.0591 0.0591 0.258 0.258 0.258 0.417 0.417 0.382 0.382 0.3795 0.3795 0.3795 0.4465 0.4465 0.45 0.45 0.461 0.461 0.461 0.5035 0.5035 0.48 0.48 0.4835 0.4835 0.4835 0.498 0.498 0.5135 0.5135 0.584 0.584 0.5405 0.5405 0.5405 0.532 0.532 0.5195 0.5195 0.5195 0.5195 0.5195 0.527 0.527 0.541 0.541 0.5515 0.5515 0.5515 0.551 0.551 0.53 0.53 0.499
-1 -1 -1 -1 -1 -1 -1 -1 -1 -1 -1 -1 -1 -1 -1 -1 -1 -1 -1 -1 -1 -1 -1 0.0591 0.0591 0.258 0.258 0.258 0.417 0.417 0.382 0.382 0.3795 0.3795 0.3795 0.4465 0.4465 0.45 0.45 0.461 0.461 0.461 0.5035 0.5035 0.48 0.48 0.4835 0.4835 0.4835 0.498 0.498 0.5135 0.5135 0.584 0.584 0.5405 0.5405 0.5405 0.532 0.532 0.5195 0.5195 0.5195 0.5195 0.5195 0.527 0.527 0.541 0.541 0.5515 0.5515 0.5515 0.551 0.551 0.53 0.53 0.499
-1 -1 -1 -1 -1 -1 -1 -1 -1 -1 -1 -1 -1 -1 -1 -1 -1 -1 -1 -1 -1 0.0442 0.0442 0.212 0.212 0.39 0.39 0.39 0.3725 0.3725 0.3595 0.3595 0.3715 0.3715 0.3715 0.5175 0.5175 0.5185 0.5185 0.493 0.493 0.493 0.5005 0.5005 0.4665 0.4665 0.4775 0.4775 0.4775 0.5125 0.5125 0.4795 0.4795 0.5895 0.5895 0.537 0.537 0.537 0.5165 0.5165 0.5255 0.5255 0.5255 0.5255 0.5255 0.562 0.562 0.6075 0.6075 0.6215 0.6215 0.6215 0.61 0.61 0.57 0.57 0.457
-1 -1 -1 -1 -1 -1 -1 -1 -1 -1 -1 -1 -1 -1 -1 -1 -1 -1 -1 -1 -1 0.0442 0.0442 0.212 0.212 0.39 0.39 0.39 0.3725 0.3725 0.3595 0.3595 0.3715 0.3715 0.3715 0.5175 0.5175 0.5185 0.5185 0.493 0.493 0.493 0.5005 0.5005 0.4665 0.4665 0.4775 0.4775 0.4775 0.5125 0.5125 0.4795 0.4795 0.5895 0.5895 0.537 0.537 0.537 0.5165 0.5165 0.5255 0.5255 0.5255 0.5255 0.5255 0.562 0.562 0.6075 0.6075 0.6215 0.6215 0.6215 0.61 0.61 0.57 0.57 0.457
-1 -1 -1 -1 -1 -1 -1 -1 -1 -1 -1 -1 -1 -1 -1 -1 -1 -1 -1 -1 -1 0.176 0.176 0.436 0.436 0.4665 0.4665 0.4665 0.446 0.446 0.3945 0.3945 0.4565 0.4565 0.4565 0.5005 0.5005 0.559 0.559 0.5125 0.5125 0.5125 0.539 0.539 0.505 0.505 0.554 0.554 0.554 0.6005 0.6005 0.553 0.553 0.5175 0.5175 0.495 0.495 0.495 0.5525 0.5525 0.546 0.546 0.546 0.546 0.546 0.583 0.583 0.633 0.633 0.6505 0.6505 0.6505 0.6015 0.6015 0.5565 0.5565 0.491
-1 -1 -1 -1 -1 -1 -1 -1 -1 -1 -1 -1 -1 -1 -1 -1 -1 -1 -1 -1 -1 0.176 0.176 0.436 0.436 0.4665 0.4665 0.4665 0.446 0.446 0.3945 0.3945 0.4565 0.4565 0.4565 0.5005 0.5005 0.559 0.559 0.5125 0.5125 0.5125 0.539 0.539 0.505 0.505 0.554 0.554 0.554 0.6005 0.6005 0.553 0.553 0.5175 0.5175 0.495 0.495 0.495 0.5525 0.5525 0.546 0.546 0.546 0.546 0.546 0.583 0.583 0.633 0.633 0.6505 0.6505 0.6505 0.6015 0.6015 0.5565 0.5565 0.491
-1 -1 -1 -1 -1 -1 -1 -1 -1 -1 -1 -1 -1 -1 -1 -1 -1 -1 0.2001 0.2001 0.2001 0.384 0.384 0.4085 0.4085 0.397 0.397 0.397 0.4625 0.4625 0.5075 0.5075 0.4915 0.4915 0.4915 0.5015 0.5015 0.539 0.539 0.5635 0.5635 0.5635 0.5700001 0.5700001 0.539 0.539 0.5205 0.5205 0.5205 0.5865 0.5865 0.5705 0.5705 0.544 0.544 0.5085 0.5085 0.5085 0.543 0.543 0.5395 0.5395 0.5395 0.5395 0.5395 0.553 0.553 0.553 0.553 0.58 0.58 0.58 0.549 0.549 0.5315 0.5315 0.563
-1 -1 -1 -1 -1 -1 -1 -1 -1 -1 -1 -1 -1 -1 -1 -1 -1 -1 0.2001 0.2001 0.2001 0.384 0.384 0.4085 0.4085 0.397 0.397 0.397 0.4625 0.4625 0.5075 0.5075 0.4915 0.4915 0.4915 0.5015 0.5015 0.539 0.539 0.5635 0.5635 0.5635 0.5700001 0.5700001 0.539 0.539 0.5205 0.5205 0.5205 0.5865 0.5865 0.5705 0.5705 0.544 0.544 0.5085 0.5085 0.5085 0.543 0.543 0.5395 0.5395 0.5395 0.5395 0.5395 0.553 0.553 0.553 0.553 0.58 0.58 0.58 0.549 0.549 0.5315 0.5315 0.563
-1 -1 -1 -1 -1 -1 -1 -1 -1 -1 -1 -1 -1 -1 -1 -1 -1 -1 0.2001 0.2001 0.2001 0.384 0.384 0.4085 0.4085 0.397 0.397 0.397 0.4625 0.4625 0.5075 0.5075 0.4915 0.4915 0.4915 0.5015 0.5015 0.539 0.539 0.5635 0.5635 0.5635 0.5700001 0.5700001 0.539 0.539 0.5205 0.5205 0.5205 0.5865 0.5865 0.5705 0.5705 0.544 0.544 0.5085 0.5085 0.5085 0.543 0.543 0.5395 0.5395 0.5395 0.5395 0.5395 0.553 0.553 0.553 0.553 0.58 0.58 0.58 0.549 0.549 0.5315 0.5315 0.563
-1 -1 -1 -1 -1 -1 -1 -1 -1 -1 -1 -1 -1 -1 -1 -1 0.2142 0.2142 0.55 0.55 0.55 0.4115 0.4115 0.475 0.475 0.437 0.437 0.437 0.4805 0.4805 0.49 0.49 0.515 0.515 0.515 0.4915 0.4915 0.486 0.486 0.534 0.534 0.534 0.539 0.539 0.5775 0.5775 0.523 0.523 0.523 0.529 0.529 0.505 0.505 0.608 0.608 0.551 0.551 0.551 0.5415 0.5415 0.5075 0.5075 0.5075 0.5075 0.5075 0.507 0.507 0.5145 0.5145 0.5275 0.5275 0.5275 0.4825 0.4825 0.4675 0.4675 0.538
-1 -1 -1 -1 -1 -1 -1 -1 -1 -1 -1 -1 -1 -1 -1 -1 0.2142 0.2142 0.55 0.55 0.55 0.4115 0.4115 0.475 0.475 0.437 0.437 0.437 0.4805 0.4805 0.49 0.49 0.515 0.515 0.515 0.4915 0.4915 0.486 0.486 0.534 0.534 0.534 0.539 0.539 0.5775 0.5775 0.523 0.523 0.523 0.529 0.529 0.505 0.505 0.608 0.608 0.551 0.551 0.551 0.5415 0.5415 0.5075 0.5075 0.5075 0.5075 0.5075 0.507 0.507 0.5145 0.5145 0.5275 0.5275 0.5275 0.4825 0.4825 0.4675 0.4675 0.538
-1 -1 -1 -1 -1 -1 -1 -1 -1 -1 -1 -1 0.1297 0.1297 0.19 0.19 0.234 0.234 0.5035 0.5035 0.5035 0.551 0.551 0.577 0.577 0.4195 0.4195 0.4195 0.4165 0.4165 0.4305 0.4305 0.433 0.433 0.433 0.504 0.504 0.527 0.527 0.5355 0.5355 0.5355 0.6125 0.6125 0.5635 0.5635 0.5655 0.5655 0.5655 0.527 0.527 0.579 0.579 0.5715 0.5715 0.5655 0.5655 0.5655 0.5525 0.5525 0.5295 0.5295 0.5295 0.5295 0.5295 0.5225 0.5225 0.5095 0.5095 0.4925 0.4925 0.4925 0.453 0.453 0.442 0.442 0.6005
-1 -1 -1 -1 -1 -1 -1 -1 -1 -1 -1 -1 0.1297 0.1297 0.19 0.19 0.234 0.234 0.5035 0.5035 0.5035 0.551 0.551 0.577 0.577 0.4195 0.4195 0.4195 0.4165 0.4165 0.4305 0.4305 0.433 0.433 0.433 0.504 0.504 0.527 0.527 0.5355 0.5355 0.5355 0.6125 0.6125 0.5635 0.5635 0.5655 0.5655 0.5655 0.527 0.527 0.579 0.579 0.5715 0.5715 0.5655 0.5655 0.5655 0.5525 0.5525 0.5295 0.5295 0.5295 0.5295 0.5295 0.5225 0.5225 0.5095 0.5095 0.4925 0.4925 0.4925 0.453 0.453 0.442 0.442 0.6005
-1 -1 -1 -1 -1 -1 -1 -1 -1 0.084 0.084 0.084 0.123 0.123 0.1131 0.1131 0.0665 0.0665 0.153 0.153 0.153 0.437 0.437 0.5495 0.5495 0.5645 0.5645 0.5645 0.3935 0.3935 0.4705 0.4705 0.435 0.435 0.435 0.4525 0.4525 0.4605 0.4605 0.5015 0.5015 0.5015 0.5535 0.5535 0.5455 0.5455 0.51 0.51 0.51 0.493 0.493 0.478 0.478 0.4925 0.4925 0.524 0.524 0.524 0.474 0.474 0.4795 0.4795 0.4795 0.4795 0.4795 0.5125 0.5125 0.5035 0.5035 0.548 0.548 0.548 0.5 0.5 0.412 0.412 0.492
-1 -1 -1 -1 -1 -1 -1 -1 -1 0.084 0.084 0.084 0.123 0.123 0.1131 0.1131 0.0665 0.0665 0.153 0.153 0.153 0.437 0.437 0.5495 0.5495 0.5645 0.5645 0.5645 0.3935 0.3935 0.4705 0.4705 0.435 0.435 0.435 0.4525 0.4525 0.4605 0.4605 0.5015 0.5015 0.5015 0.5535 0.5535 0.5455 0.5455 0.51 0.51 0.51 0.493 0.493 0.478 0.478 0.4925 0.4925 0.524 0.524 0.524 0.474 0.474 0.4795 0.4795 0.4795 0.4795 0.4795 0.5125 0.5125 0.5035 0.5035 0.548 0.548 0.548 0.5 0.5 0.412 0.412 0.492
-1 -1 -1 -1 -1 -1 -1 -1 -1 0.084 0.084 0.084 0.123 0.123 0.1131 0.1131 0.0665 0.0665 0.153 0.153 0.153 0.437 0.437 0.5495 0.5495 0.5645 0.5645 0.5645 0.3935 0.3935 0.4705 0.4705 0.435 0.435 0.435 0.4525 0.4525 0.4605 0.4605 0.5015 0.5015 0.5015 0.5535 0.5535 0.5455 0.5455 0.51 0.51 0.51 0.493 0.493 0.478 0.478 0.4925 0.4925 0.524 0.524 0.524 0.474 0.474 0.4795 0.4795 0.4795 0.4795 0.4795 0.5125 0.5125 0.5035 0.5035 0.548 0.548 0.548 0.5 0.5 0.412 0.412 0.492
-1 -1 -1 -1 -1 -1 -1 -1 -1 -1 -1 -1 0.0752 0.0752 0.0357 0.0357 0.0602 0.0602 0.09 0.09 0.09 0.3565 0.3565 0.4895 0.4895 0.5505 0.5505 0.5505 0.5315 0.5315 0.4955 0.4955 0.4295 0.4295 0.4295 0.5115 0.5115 0.445 0.445 0.5545 0.5545 0.5545 0.4855 0.4855 0.5255 0.5255 0.568 0.568 0.568 0.5215 0.5215 0.488 0.488 0.525 0.525 0.4875 0.4875 0.4875 0.483 0.483 0.489 0.489 0.489 0.489 0.489 0.4555 0.4555 0.545 0.545 0.5405 0.5405 0.5405 0.4985 0.4985 0.4335 0.4335 0.4235
-1 -1 -1 -1 -1 -1 -1 -1 -1 -1 -1 -1 0.0752 0.0752 0.0357 0.0357 0.0602 0.0602 0.09 0.09 0.09 0.3565 0.3565 0.4895 0.4895 0.5505 0.5505 0.5505 0.5315 0.5315 0.4955 0.4955 0.4295 0.4295 0.4295 0.5115 0.5115 0.445 0.445 0.5545 0.5545 0.5545 0.4855 0.4855 0.5255 0.5255 0.568 0.568 0.568 0.5215 0.5215 0.488 0.488 0.525 0.525 0.4875 0.4875 0.4875 0.483 0.483 0.489 0.489 0.489 0.489 0.489 0.4555 0.4555 0.545 0.545 0.5405 0.5405 0.5405 0.4985 0.4985 0.4335 0.4335 0.4235
-1 -1 -1 -1 -1 -1 -1 -1 -1 -1 -1 -1 -1 -1 -1 -1 -1 -1 0.024 0.024 0.024 0.2725 0.2725 0.4065 0.4065 0.491 0.491 0.491 0.5555 0.5555 0.4905 0.4905 0.447 0.447 0.447 0.439 0.439 0.42 0.42 0.481 0.481 0.481 0.5505 0.5505 0.563 0.563 0.581 0.581 0.581 0.58 0.58 0.546 0.546 0.529 0.529 0.503 0.503 0.503 0.4985 0.4985 0.4735 0.4735 0.4735 0.4735 0.4735 0.481 0.481 0.4955 0.4955 0.488 0.488 0.488 0.461 0.461 0.426 0.426 0.4855
-1 -1 -1 -1 -1 -1 -1 -1 -1 -1 -1 -1 -1 -1 -1 -1 -1 -1 0.024 0.024 0.024 0.2725 0.2725 0.4065 0.4065 0.491 0.491 0.491 0.5555 0.5555 0.4905 0.4905 0.447 0.447 0.447 0.439 0.439 0.42 0.42 0.481 0.481 0.481 0.5505 0.5505 0.563 0.563 0.581 0.581 0.581 0.58 0.58 0.546 0.546 0.529 0.529 0.503 0.503 0.503 0.4985 0.4985 0.4735 0.4735 0.4735 0.4735 0.4735 0.481 0.481 0.4955 0.4955 0.488 0.488 0.488 0.461 0.461 0.426 0.426 0.4855
-1 -1 -1 -1 -1 -1 -1 -1 -1 -1 -1 -1 -1 -1 -1 -1 -1 -1 -1 -1 -1 0.11 0.11 0.328 0.328 0.4915 0.4915 0.4915 0.5165 0.5165 0.539 0.539 0.451 0.451 0.451 0.428 0.428 0.443 0.443 0.4825 0.4825 0.4825 0.538 0.538 0.526 0.526 0.5765001 0.5765001 0.5765001 0.5695 0.5695 0.487 0.487 0.5395 0.5395 0.527 0.527 0.527 0.4785 0.4785 0.456 0.456 0.456 0.456 0.456 0.422 0.422 0.486 0.486 0.5455 0.5455 0.5455 0.558 0.558 0.578 0.578 0.549
-1 -1 -1 -1 -1 -1 -1 -1 -1 -1 -1 -1 -1 -1 -1 -1 -1 -1 -1 -1 -1 0.11 0.11 0.328 0.328 0.4915 0.4915 0.4915 0.5165 0.5165 0.539 0.539 0.451 0.451 0.451 0.428 0.428 0.443 0.443 0.4825 0.4825 0.4825 0.538 0.538 0.526 0.526 0.5765001 0.5765001 0.5765001 0.5695 0.5695 0.487 0.487 0.5395 0.5395 0.527 0.527 0.527 0.4785 0.4785 0.456 0.456 0.456 0.456 0.456 0.422 0.422 0.486 0.486 0.5455 0.5455 0.5455 0.558 0.558 0.578 0.578 0.549
-1 -1 -1 -1 -1 -1 -1 -1 -1 -1 -1 -1 -1 -1 -1 -1 -1 -1 -1 -1 -1 0.0922 0.0922 0.1902 0.1902 0.398 0.398 0.398 0.5735 0.5735 0.638 0.638 0.6025 0.6025 0.6025 0.533 0.533 0.4175 0.4175 0.382 0.382 0.382 0.422 0.422 0.457 0.457 0.579 0.579 0.579 0.5685 0.5685 0.5664999 0.5664999 0.61 0.61 0.573 0.573 0.573 0.486 0.486 0.5005 0.5005 0.5005 0.5005 0.5005 0.538 0.538 0.5645 0.5645 0.5 0.5 0.5 0.4565 0.4565 0.4775 0.4775 0.487
-1 -1 -1 -1 -1 -1 -1 -1 -1 -1 -1 -1 -1 -1 -1 -1 -1 -1 -1 -1 -1 0.0922 0.0922 0.1902 0.1902 0.398 0.398 0.398 0.5735 0.5735 0.638 0.638 0.6025 0.6025 0.6025 0.533 0.533 0.4175 0.4175 0.382 0.382 0.382 0.422 0.422 0.457 0.457 0.579 0.579 0.579 0.5685 0.5685 0.5664999 0.5664999 0.61 0.61 0.573 0.573 0.573 0.486 0.486 0.5005 0.5005 0.5005 0.5005 0.5005 0.538 0.538 0.5645 0.5645 0.5 0.5 0.5 0.4565 0.4565 0.4775 0.4775 0.487
-1 -1 -1 -1 -1 -1 -1 -1 -1 -1 -1 -1 -1 -1 -1 -1 -1 -1 -1 -1 -1 0.0922 0.0922 0.1902 0.1902 0.398 0.398 0.398 0.5735 0.5735 0.638 0.638 0.6025 0.6025 0.6025 0.533 0.533 0.4175 0.4175 0.382 0.382 0.382 0.422 0.422 0.457 0.457 0.579 0.579 0.579 0.5685 0.5685 0.5664999 0.5664999 0.61 0.61 0.573 0.573 0.573 0.486 0.486 0.5005 0.5005 0.5005 0.5005 0.5005 0.538 0.538 0.5645 0.5645 0.5 0.5 0.5 0.4565 0.4565 0.4775 0.4775 0.487
-1 -1 -1 -1 -1 -1 -1 -1 -1 -1 -1 -1 -1 -1 -1 -1 -1 -1 -1 -1 -1 -1 -1 0.0596 0.0596 0.1935 0.1935 0.1935 0.4065 0.4065 0.563 0.563 0.552 0.552 0.552 0.4605 0.4605 0.2185 0.2185 0.2395 0.2395 0.2395 0.31 0.31 0.4405 0.4405 0.521 0.521 0.521 0.564 0.564 0.6295 0.6295 0.6245 0.6245 0.5715 0.5715 0.5715 0.579 0.579 0.5145 0.5145 0.5145 0.5145 0.5145 0.527 0.527 0.522 0.522 0.5435 0.5435 0.5435 0.564 0.564 0.506 0.506 0.4785
-1 -1 -1 -1 -1 -1 -1 -1 -1 -1 -1 -1 -1 -1 -1 -1 -1 -1 -1 -1 -1 -1 -1 0.0596 0.0596 0.1935 0.1935 0.1935 0.4065 0.4065 0.563 0.563 0.552 0.552 0.552 0.4605 0.4605 0.2185 0.2185 0.2395 0.2395 0.2395 0.31 0.31 0.4405 0.4405 0.521 0.521 0.521 0.564 0.564 0.6295 0.6295 0.6245 0.6245 0.5715 0.5715 0.5715 0.579 0.579 0.5145 0.5145 0.5145 0.5145 0.5145 0.527 0.527 0.522 0.522 0.5435 0.5435 0.5435 0.564 0.564 0.506 0.506 0.4785
-1 -1 -1 -1 -1 -1 -1 -1 -1 -1 -1 -1 -1 -1 -1 -1 -1 -1 -1 -1 -1 -1 -1 -1 -1 0.2177 0.2177 0.2177 0.327 0.327 0.4235 0.4235 0.3765 0.3765 0.3765 0.239 0.239 0.189 0.189 0.212 0.212 0.212 0.2895 0.2895 0.41 0.41 0.5551 0.5551 0.5551 0.4825 0.4825 0.5835 0.5835 0.64 0.64 0.5535 0.5535 0.5535 0.553 0.553 0.5285 0.5285 0.5285 0.5285 0.5285 0.5415 0.5415 0.5245 0.5245 0.599 0.599 0.599 0.495 0.495 0.4675 0.4675 0.554
-1 -1 -1 -1 -1 -1 -1 -1 -1 -1 -1 -1 -1 -1 -1 -1 -1 -1 -1 -1 -1 -1 -1 -1 -1 0.2177 0.2177 0.2177 0.327 0.327 0.4235 0.4235 0.3765 0.3765 0.3765 0.239 0.239 0.189 0.189 0.212 0.212 0.212 0.2895 0.2895 0.41 0.41 0.5551 0.5551 0.5551 0.4825 0.4825 0.5835 0.5835 0.64 0.64 0.5535 0.5535 0.5535 0.553 0.553 0.5285 0.5285 0.5285 0.5285 0.5285 0.5415 0.5415 0.5245 0.5245 0.599 0.599 0.599 0.495 0.495 0.4675 0.4675 0.554
-1 -1 -1 -1 -1 -1 -1 -1 -1 -1 -1 -1 -1 -1 -1 -1 -1 -1 -1 -1 -1 -1 -1 -1 -1 0.0647 0.0647 0.0647 0.1355 0.1355 0.2495 0.2495 0.356 0.356 0.356 0.3355 0.3355 0.251 0.251 0.4165 0.4165 0.4165 0.803 0.803 0.5495 0.5495 0.717 0.717 0.717 0.5055 0.5055 0.513 0.513 0.581 0.581 0.5675 0.5675 0.5675 0.592 0.592 0.615 0.615 0.615 0.615 0.615 0.527 0.527 0.478 0.478 0.521 0.521 0.521 0.4905 0.4905 0.447 0.447 0.4335
-1 -1 -1 -1 -1 -1 -1 -1 -1 -1 -1 -1 -1 -1 -1 -1 -1 -1 -1 -1 -1 -1 -1 -1 -1 0.0647 0.0647 0.0647 0.1355 0.1355 0.2495 0.2495 0.356 0.356 0.356 0.3355 0.3355 0.251 0.251 0.4165 0.4165 0.4165 0.803 0.803 0.5495 0.5495 0.717 0.717 0.717 0.5055 0.5055 0.513 0.513 0.581 0.581 0.5675 0.5675 0.5675 0.592 0.592 0.615 0.615 0.615 0.615 0.615 0.527 0.527 0.478 0.478 0.521 0.521 0.521 0.4905 0.4905 0.447 0.447 0.4335
-1 -1 -1 -1 -1 -1 -1 -1 -1 -1 -1 -1 -1 -1 -1 -1 -1 -1 -1 -1 -1 -1 -1 -1 -1 0.0647 0.0647 0.0647 0.1355 0.1355 0.2495 0.2495 0.356 0.356 0.356 0.3355 0.3355 0.251 0.251 0.4165 0.4165 0.4165 0.803 0.803 0.5495 0.5495 0.717 0.717 0.717 0.5055 0.5055 0.513 0.513 0.581 0.581 0.5675 0.5675 0.5675 0.592 0.592 0.615 0.615 0.615 0.615 0.615 0.527 0.527 0.478 0.478 0.521 0.521 0.521 0.4905 0.4905 0.447 0.447 0.4335
