ndvi/NOAA-106.asc
ncols         252
nrows         154
xllcorner     -18.017974
yllcorner     13.481982
cellsize      0.035948
NODATA_value  -9999
[rows 68 to 101 of 154, columns 0 to 77 of 252]
-1 -1 -1 -1 -1 -1 -1 -1 -1 -1 -1 -1 -1 -1 -1 -1 -1 -1 -1 -1 -1 -1 -1 -1 -1 -1 -1 -1 -1 -1 -1 -1 -1 -1 -1 -1 -1 -1 -1 0.191 0.191 0.191 0.2085 0.2085 0.4855 0.4855 0.4705 0.4705 0.4705 0.3705 0.3705 0.3875 0.3875 0.3605 0.3605 0.3865 0.3865 0.3865 0.6015 0.6015 0.509 0.509 0.509 0.509 0.509 0.4525 0.4525 0.41 0.41 0.2175 0.2175 0.2175 0.1935 0.1935 0.212 0.212 0.224 0.224
-1 -1 -1 -1 -1 -1 -1 -1 -1 -1 -1 -1 -1 -1 -1 -1 -1 -1 -1 -1 -1 -1 -1 -1 -1 -1 -1 -1 -1 -1 -1 -1 -1 -1 -1 -1 -1 -1 -1 0.2085 0.2085 0.2085 0.286 0.286 0.4615 0.4615 0.387 0.387 0.387 0.3535 0.3535 0.3675 0.3675 0.3315 0.3315 0.308 0.308 0.308 0.4625 0.4625 0.4625 0.4625 0.4625 0.4625 0.4625 0.3165 0.3165 0.1805 0.1805 0.2025 0.2025 0.2025 0.1995 0.1995 0.204 0.204 0.1935 0.1935
-1 -1 -1 -1 -1 -1 -1 -1 -1 -1 -1 -1 -1 -1 -1 -1 -1 -1 -1 -1 -1 -1 -1 -1 -1 -1 -1 -1 -1 -1 -1 -1 -1 -1 -1 -1 -1 -1 -1 0.2085 0.2085 0.2085 0.286 0.286 0.4615 0.4615 0.387 0.387 0.387 0.3535 0.3535 0.3675 0.3675 0.3315 0.3315 0.308 0.308 0.308 0.4625 0.4625 0.4625 0.4625 0.4625 0.4625 0.4625 0.3165 0.3165 0.1805 0.1805 0.2025 0.2025 0.2025 0.1995 0.1995 0.204 0.204 0.1935 0.1935
-1 -1 -1 -1 -1 -1 -1 -1 -1 -1 -1 -1 -1 -1 -1 -1 -1 -1 -1 -1 -1 -1 -1 -1 -1 -1 -1 -1 -1 -1 -1 -1 -1 -1 -1 -1 -1 0.1062 0.1062 0.162 0.162 0.162 0.282 0.282 0.304 0.304 0.2555 0.2555 0.2555 0.313 0.313 0.2965 0.2965 0.2415 0.2415 0.2265 0.2265 0.2265 0.3025 0.3025 0.3155 0.3155 0.3155 0.3155 0.3155 0.2495 0.2495 0.244 0.244 0.263 0.263 0.263 0.228 0.228 0.227 0.227 0.216 0.216
-1 -1 -1 -1 -1 -1 -1 -1 -1 -1 -1 -1 -1 -1 -1 -1 -1 -1 -1 -1 -1 -1 -1 -1 -1 -1 -1 -1 -1 -1 -1 -1 -1 -1 -1 -1 -1 0.1062 0.1062 0.162 0.162 0.162 0.282 0.282 0.304 0.304 0.2555 0.2555 0.2555 0.313 0.313 0.2965 0.2965 0.2415 0.2415 0.2265 0.2265 0.2265 0.3025 0.3025 0.3155 0.3155 0.3155 0.3155 0.3155 0.2495 0.2495 0.244 0.244 0.263 0.263 0.263 0.228 0.228 0.227 0.227 0.216 0.216
-1 -1 -1 -1 -1 -1 -1 -1 -1 -1 -1 -1 -1 -1 -1 -1 -1 -1 -1 -1 -1 -1 -1 -1 -1 -1 -1 -1 -1 -1 -1 -1 -1 -1 -1 -1 -1 0.1062 0.1062 0.162 0.162 0.162 0.282 0.282 0.304 0.304 0.2555 0.2555 0.2555 0.313 0.313 0.2965 0.2965 0.2415 0.2415 0.2265 0.2265 0.2265 0.3025 0.3025 0.3155 0.3155 0.3155 0.3155 0.3155 0.2495 0.2495 0.244 0.244 0.263 0.263 0.263 0.228 0.228 0.227 0.227 0.216 0.216
-1 -1 -1 -1 -1 -1 -1 -1 -1 -1 -1 -1 -1 -1 -1 -1 -1 -1 -1 -1 -1 -1 -1 -1 -1 -1 -1 -1 -1 -1 -1 -1 -1 -1 -1 -1 -1 0.0336 0.0336 0.1575 0.1575 0.1575 0.2845 0.2845 0.3555 0.3555 0.2795 0.2795 0.2795 0.258 0.258 0.2225 0.2225 0.218 0.218 0.203 0.203 0.203 0.2225 0.2225 0.275 0.275 0.275 0.275 0.275 0.2835 0.2835 0.277 0.277 0.281 0.281 0.281 0.268 0.268 0.248 0.248 0.2655 0.2655
-1 -1 -1 -1 -1 -1 -1 -1 -1 -1 -1 -1 -1 -1 -1 -1 -1 -1 -1 -1 -1 -1 -1 -1 -1 -1 -1 -1 -1 -1 -1 -1 -1 -1 -1 -1 -1 0.0336 0.0336 0.1575 0.1575 0.1575 0.2845 0.2845 0.3555 0.3555 0.2795 0.2795 0.2795 0.258 0.258 0.2225 0.2225 0.218 0.218 0.203 0.203 0.203 0.2225 0.2225 0.275 0.275 0.275 0.275 0.275 0.2835 0.2835 0.277 0.277 0.281 0.281 0.281 0.268 0.268 0.248 0.248 0.2655 0.2655
-1 -1 -1 -1 -1 -1 -1 -1 -1 -1 -1 -1 -1 -1 -1 -1 -1 -1 -1 -1 -1 -1 -1 -1 -1 -1 -1 -1 -1 -1 -1 -1 -1 -1 -1 -1 -1 0.0051 0.0051 0.164 0.164 0.164 0.2965 0.2965 0.321 0.321 0.241 0.241 0.241 0.254 0.254 0.2565 0.2565 0.2385 0.2385 0.262 0.262 0.262 0.267 0.267 0.258 0.258 0.258 0.258 0.258 0.257 0.257 0.2735 0.2735 0.2575 0.2575 0.2575 0.254 0.254 0.2405 0.2405 0.278 0.278
-1 -1 -1 -1 -1 -1 -1 -1 -1 -1 -1 -1 -1 -1 -1 -1 -1 -1 -1 -1 -1 -1 -1 -1 -1 -1 -1 -1 -1 -1 -1 -1 -1 -1 -1 -1 -1 0.0051 0.0051 0.164 0.164 0.164 0.2965 0.2965 0.321 0.321 0.241 0.241 0.241 0.254 0.254 0.2565 0.2565 0.2385 0.2385 0.262 0.262 0.262 0.267 0.267 0.258 0.258 0.258 0.258 0.258 0.257 0.257 0.2735 0.2735 0.2575 0.2575 0.2575 0.254 0.254 0.2405 0.2405 0.278 0.278
-1 -1 -1 -1 -1 -1 -1 -1 -1 -1 -1 -1 -1 -1 -1 -1 -1 -1 -1 -1 -1 -1 -1 -1 -1 -1 -1 -1 -1 -1 -1 -1 -1 -1 -1 -1 -1 0.0682 0.0682 0.1895 0.1895 0.1895 0.239 0.239 0.266 0.266 0.248 0.248 0.248 0.2775 0.2775 0.2575 0.2575 0.2695 0.2695 0.287 0.287 0.287 0.2485 0.2485 0.245 0.245 0.245 0.245 0.245 0.255 0.255 0.2535 0.2535 0.2395 0.2395 0.2395 0.2325 0.2325 0.2335 0.2335 0.2255 0.2255
-1 -1 -1 -1 -1 -1 -1 -1 -1 -1 -1 -1 -1 -1 -1 -1 -1 -1 -1 -1 -1 -1 -1 -1 -1 -1 -1 -1 -1 -1 -1 -1 -1 -1 -1 -1 -1 0.0682 0.0682 0.1895 0.1895 0.1895 0.239 0.239 0.266 0.266 0.248 0.248 0.248 0.2775 0.2775 0.2575 0.2575 0.2695 0.2695 0.287 0.287 0.287 0.2485 0.2485 0.245 0.245 0.245 0.245 0.245 0.255 0.255 0.2535 0.2535 0.2395 0.2395 0.2395 0.2325 0.2325 0.2335 0.2335 0.2255 0.2255
-1 -1 -1 -1 -1 -1 -1 -1 -1 -1 -1 -1 -1 -1 -1 -1 -1 -1 -1 -1 -1 -1 -1 -1 -1 -1 -1 -1 -1 -1 -1 -1 -1 -1 -1 -1 -1 0.0542 0.0542 0.205 0.205 0.205 0.288 0.288 0.305 0.305 0.283 0.283 0.283 0.2715 0.2715 0.272 0.272 0.2785 0.2785 0.291 0.291 0.291 0.2395 0.2395 0.2525 0.2525 0.2525 0.2525 0.2525 0.25 0.25 0.2255 0.2255 0.2335 0.2335 0.2335 0.2305 0.2305 0.2585 0.2585 0.221 0.221
-1 -1 -1 -1 -1 -1 -1 -1 -1 -1 -1 -1 -1 -1 -1 -1 -1 -1 -1 -1 -1 -1 -1 -1 -1 -1 -1 -1 -1 -1 -1 -1 -1 -1 -1 -1 -1 0.0542 0.0542 0.205 0.205 0.205 0.288 0.288 0.305 0.305 0.283 0.283 0.283 0.2715 0.2715 0.272 0.272 0.2785 0.2785 0.291 0.291 0.291 0.2395 0.2395 0.2525 0.2525 0.2525 0.2525 0.2525 0.25 0.25 0.2255 0.2255 0.2335 0.2335 0.2335 0.2305 0.2305 0.2585 0.2585 0.221 0.221
-1 -1 -1 -1 -1 -1 -1 -1 -1 -1 -1 -1 -1 -1 -1 -1 -1 -1 -1 -1 -1 -1 -1 -1 -1 -1 -1 -1 -1 -1 -1 -1 -1 -1 -1 -1 -1 0.0542 0.0542 0.205 0.205 0.205 0.288 0.288 0.305 0.305 0.283 0.283 0.283 0.2715 0.2715 0.272 0.272 0.2785 0.2785 0.291 0.291 0.291 0.2395 0.2395 0.2525 0.2525 0.2525 0.2525 0.2525 0.25 0.25 0.2255 0.2255 0.2335 0.2335 0.2335 0.2305 0.2305 0.2585 0.2585 0.221 0.221
-1 -1 -1 -1 -1 -1 -1 -1 -1 -1 -1 -1 -1 -1 -1 -1 -1 -1 -1 -1 -1 -1 -1 -1 -1 -1 -1 -1 -1 -1 -1 -1 -1 -1 -1 -1 -1 0.0791 0.0791 0.231 0.231 0.231 0.289 0.289 0.28 0.28 0.255 0.255 0.255 0.2915 0.2915 0.267 0.267 0.2495 0.2495 0.2395 0.2395 0.2395 0.2465 0.2465 0.2505 0.2505 0.2505 0.2505 0.2505 0.2725 0.2725 0.2385 0.2385 0.258 0.258 0.258 0.264 0.264 0.2605 0.2605 0.2435 0.2435
-1 -1 -1 -1 -1 -1 -1 -1 -1 -1 -1 -1 -1 -1 -1 -1 -1 -1 -1 -1 -1 -1 -1 -1 -1 -1 -1 -1 -1 -1 -1 -1 -1 -1 -1 -1 -1 0.0791 0.0791 0.231 0.231 0.231 0.289 0.289 0.28 0.28 0.255 0.255 0.255 0.2915 0.2915 0.267 0.267 0.2495 0.2495 0.2395 0.2395 0.2395 0.2465 0.2465 0.2505 0.2505 0.2505 0.2505 0.2505 0.2725 0.2725 0.2385 0.2385 0.258 0.258 0.258 0.264 0.264 0.2605 0.2605 0.2435 0.2435
-1 -1 -1 -1 -1 -1 -1 -1 -1 -1 -1 -1 -1 -1 -1 -1 -1 -1 -1 -1 -1 -1 -1 -1 -1 -1 -1 -1 -1 -1 -1 -1 -1 -1 -1 -1 -1 0.1027 0.1027 0.2855 0.2855 0.2855 0.3015 0.3015 0.251 0.251 0.2665 0.2665 0.2665 0.286 0.286 0.29 0.29 0.291 0.291 0.266 0.266 0.266 0.245 0.245 0.273 0.273 0.273 0.273 0.273 0.2765 0.2765 0.2445 0.2445 0.237 0.237 0.237 0.248 0.248 0.3065 0.3065 0.2955 0.2955
-1 -1 -1 -1 -1 -1 -1 -1 -1 -1 -1 -1 -1 -1 -1 -1 -1 -1 -1 -1 -1 -1 -1 -1 -1 -1 -1 -1 -1 -1 -1 -1 -1 -1 -1 -1 -1 0.1027 0.1027 0.2855 0.2855 0.2855 0.3015 0.3015 0.251 0.251 0.2665 0.2665 0.2665 0.286 0.286 0.29 0.29 0.291 0.291 0.266 0.266 0.266 0.245 0.245 0.273 0.273 0.273 0.273 0.273 0.2765 0.2765 0.2445 0.2445 0.237 0.237 0.237 0.248 0.248 0.3065 0.3065 0.2955 0.2955
-1 -1 -1 -1 -1 -1 -1 -1 -1 -1 -1 -1 -1 -1 -1 -1 -1 -1 -1 -1 -1 -1 -1 -1 -1 -1 -1 -1 -1 -1 -1 -1 -1 -1 -1 0.0507 0.0507 0.311 0.311 0.351 0.351 0.351 0.317 0.317 0.288 0.288 0.3025 0.3025 0.3025 0.3395 0.3395 0.339 0.339 0.3 0.3 0.3065 0.3065 0.3065 0.3105 0.3105 0.2445 0.2445 0.2445 0.2445 0.2445 0.2135 0.2135 0.227 0.227 0.2165 0.2165 0.2165 0.243 0.243 0.2865 0.2865 0.2935 0.2935
-1 -1 -1 -1 -1 -1 -1 -1 -1 -1 -1 -1 -1 -1 -1 -1 -1 -1 -1 -1 -1 -1 -1 -1 -1 -1 -1 -1 -1 -1 -1 -1 -1 -1 -1 0.0507 0.0507 0.311 0.311 0.351 0.351 0.351 0.317 0.317 0.288 0.288 0.3025 0.3025 0.3025 0.3395 0.3395 0.339 0.339 0.3 0.3 0.3065 0.3065 0.3065 0.3105 0.3105 0.2445 0.2445 0.2445 0.2445 0.2445 0.2135 0.2135 0.227 0.227 0.2165 0.2165 0.2165 0.243 0.243 0.2865 0.2865 0.2935 0.2935
-1 -1 -1 -1 -1 -1 -1 -1 -1 -1 -1 -1 -1 -1 -1 -1 -1 -1 -1 -1 -1 -1 -1 -1 -1 -1 -1 -1 -1 -1 -1 -1 -1 -1 -1 0.0507 0.0507 0.311 0.311 0.351 0.351 0.351 0.317 0.317 0.288 0.288 0.3025 0.3025 0.3025 0.3395 0.3395 0.339 0.339 0.3 0.3 0.3065 0.3065 0.3065 0.3105 0.3105 0.2445 0.2445 0.2445 0.2445 0.2445 0.2135 0.2135 0.227 0.227 0.2165 0.2165 0.2165 0.243 0.243 0.2865 0.2865 0.2935 0.2935
-1 -1 -1 -1 -1 -1 -1 -1 -1 -1 -1 -1 -1 -1 -1 -1 -1 -1 -1 -1 -1 -1 -1 -1 -1 -1 -1 -1 -1 -1 -1 -1 -1 -1 -1 0.1615 0.1615 0.3025 0.3025 0.2695 0.2695 0.2695 0.2745 0.2745 0.2905 0.2905 0.325 0.325 0.325 0.3585 0.3585 0.377 0.377 0.337 0.337 0.3535 0.3535 0.3535 0.3345 0.3345 0.3245 0.3245 0.3245 0.3245 0.3245 0.2655 0.2655 0.3095 0.3095 0.2935 0.2935 0.2935 0.2805 0.2805 0.2665 0.2665 0.258 0.258
-1 -1 -1 -1 -1 -1 -1 -1 -1 -1 -1 -1 -1 -1 -1 -1 -1 -1 -1 -1 -1 -1 -1 -1 -1 -1 -1 -1 -1 -1 -1 -1 -1 -1 -1 0.1615 0.1615 0.3025 0.3025 0.2695 0.2695 0.2695 0.2745 0.2745 0.2905 0.2905 0.325 0.325 0.325 0.3585 0.3585 0.377 0.377 0.337 0.337 0.3535 0.3535 0.3535 0.3345 0.3345 0.3245 0.3245 0.3245 0.3245 0.3245 0.2655 0.2655 0.3095 0.3095 0.2935 0.2935 0.2935 0.2805 0.2805 0.2665 0.2665 0.258 0.258
-1 -1 -1 -1 -1 -1 -1 -1 -1 -1 -1 -1 -1 -1 -1 -1 -1 -1 -1 -1 -1 -1 -1 -1 -1 -1 -1 -1 -1 -1 -1 -1 0.1116 0.1116 0.1116 0.3155 0.3155 0.3465 0.3465 0.3285 0.3285 0.3285 0.345 0.345 0.2975 0.2975 0.3365 0.3365 0.3365 0.359 0.359 0.3335 0.3335 0.361 0.361 0.344 0.344 0.344 0.3505 0.3505 0.2925 0.2925 0.2925 0.2925 0.2925 0.2925 0.2925 0.28 0.28 0.2555 0.2555 0.2555 0.2465 0.2465 0.255 0.255 0.288 0.288
-1 -1 -1 -1 -1 -1 -1 -1 -1 -1 -1 -1 -1 -1 -1 -1 -1 -1 -1 -1 -1 -1 -1 -1 -1 -1 -1 -1 -1 -1 -1 -1 0.1116 0.1116 0.1116 0.3155 0.3155 0.3465 0.3465 0.3285 0.3285 0.3285 0.345 0.345 0.2975 0.2975 0.3365 0.3365 0.3365 0.359 0.359 0.3335 0.3335 0.361 0.361 0.344 0.344 0.344 0.3505 0.3505 0.2925 0.2925 0.2925 0.2925 0.2925 0.2925 0.2925 0.28 0.28 0.2555 0.2555 0.2555 0.2465 0.2465 0.255 0.255 0.288 0.288
-1 -1 -1 -1 -1 -1 -1 -1 -1 -1 -1 -1 -1 -1 -1 -1 -1 -1 -1 -1 -1 -1 -1 -1 -1 -1 -1 -1 -1 -1 0.0232 0.0232 0.2765 0.2765 0.2765 0.36 0.36 0.3725 0.3725 0.344 0.344 0.344 0.358 0.358 0.2865 0.2865 0.389 0.389 0.389 0.3365 0.3365 0.368 0.368 0.3245 0.3245 0.3375 0.3375 0.3375 0.36 0.36 0.307 0.307 0.307 0.307 0.307 0.297 0.297 0.2975 0.2975 0.2825 0.2825 0.2825 0.2615 0.2615 0.2525 0.2525 0.2965 0.2965
-1 -1 -1 -1 -1 -1 -1 -1 -1 -1 -1 -1 -1 -1 -1 -1 -1 -1 -1 -1 -1 -1 -1 -1 -1 -1 -1 -1 -1 -1 0.0232 0.0232 0.2765 0.2765 0.2765 0.36 0.36 0.3725 0.3725 0.344 0.344 0.344 0.358 0.358 0.2865 0.2865 0.389 0.389 0.389 0.3365 0.3365 0.368 0.368 0.3245 0.3245 0.3375 0.3375 0.3375 0.36 0.36 0.307 0.307 0.307 0.307 0.307 0.297 0.297 0.2975 0.2975 0.2825 0.2825 0.2825 0.2615 0.2615 0.2525 0.2525 0.2965 0.2965
-1 -1 -1 -1 -1 -1 -1 -1 -1 -1 -1 -1 -1 -1 -1 -1 -1 -1 -1 -1 -1 -1 -1 -1 -1 -1 -1 -1 -1 -1 0.0232 0.0232 0.2765 0.2765 0.2765 0.36 0.36 0.3725 0.3725 0.344 0.344 0.344 0.358 0.358 0.2865 0.2865 0.389 0.389 0.389 0.3365 0.3365 0.368 0.368 0.3245 0.3245 0.3375 0.3375 0.3375 0.36 0.36 0.307 0.307 0.307 0.307 0.307 0.297 0.297 0.2975 0.2975 0.2825 0.2825 0.2825 0.2615 0.2615 0.2525 0.2525 0.2965 0.2965
-1 -1 -1 -1 -1 -1 -1 -1 -1 -1 -1 -1 -1 -1 -1 -1 -1 -1 -1 -1 -1 -1 -1 -1 -1 -1 -1 -1 -1 -1 0.1301 0.1301 0.364 0.364 0.364 0.349 0.349 0.3495 0.3495 0.3405 0.3405 0.3405 0.366 0.366 0.339 0.339 0.3765 0.3765 0.3765 0.366 0.366 0.37 0.37 0.327 0.327 0.308 0.308 0.308 0.28 0.28 0.3085 0.3085 0.3085 0.3085 0.3085 0.296 0.296 0.32 0.32 0.3035 0.3035 0.3035 0.2605 0.2605 0.2545 0.2545 0.298 0.298
-1 -1 -1 -1 -1 -1 -1 -1 -1 -1 -1 -1 -1 -1 -1 -1 -1 -1 -1 -1 -1 -1 -1 -1 -1 -1 -1 -1 -1 -1 0.1301 0.1301 0.364 0.364 0.364 0.349 0.349 0.3495 0.3495 0.3405 0.3405 0.3405 0.366 0.366 0.339 0.339 0.3765 0.3765 0.3765 0.366 0.366 0.37 0.37 0.327 0.327 0.308 0.308 0.308 0.28 0.28 0.3085 0.3085 0.3085 0.3085 0.3085 0.296 0.296 0.32 0.32 0.3035 0.3035 0.3035 0.2605 0.2605 0.2545 0.2545 0.298 0.298
-1 -1 -1 -1 -1 -1 -1 -1 -1 -1 -1 -1 -1 -1 -1 -1 -1 -1 -1 -1 -1 -1 -1 -1 -1 -1 -1 -1 0.0861 0.0861 0.3805 0.3805 0.387 0.387 0.387 0.353 0.353 0.35 0.35 0.32 0.32 0.32 0.2895 0.2895 0.2865 0.2865 0.2775 0.2775 0.2775 0.26 0.26 0.326 0.326 0.305 0.305 0.29 0.29 0.29 0.2835 0.2835 0.271 0.271 0.271 0.271 0.271 0.3425 0.3425 0.334 0.334 0.2945 0.2945 0.2945 0.2565 0.2565 0.3005 0.3005 0.302 0.302
-1 -1 -1 -1 -1 -1 -1 -1 -1 -1 -1 -1 -1 -1 -1 -1 -1 -1 -1 -1 -1 -1 -1 -1 -1 -1 -1 -1 0.0861 0.0861 0.3805 0.3805 0.387 0.387 0.387 0.353 0.353 0.35 0.35 0.32 0.32 0.32 0.2895 0.2895 0.2865 0.2865 0.2775 0.2775 0.2775 0.26 0.26 0.326 0.326 0.305 0.305 0.29 0.29 0.29 0.2835 0.2835 0.271 0.271 0.271 0.271 0.271 0.3425 0.3425 0.334 0.334 0.2945 0.2945 0.2945 0.2565 0.2565 0.3005 0.3005 0.302 0.302
-1 -1 -1 -1 -1 -1 -1 -1 -1 -1 -1 -1 -1 -1 -1 -1 -1 -1 -1 -1 -1 -1 -1 -1 -1 0.0097 0.0097 0.0097 0.2195 0.2195 0.4065 0.4065 0.3815 0.3815 0.3815 0.356 0.356 0.3645 0.3645 0.3485 0.3485 0.3485 0.334 0.334 0.3205 0.3205 0.291 0.291 0.291 0.299 0.299 0.322 0.322 0.3515 0.3515 0.3505 0.3505 0.3505 0.3355 0.3355 0.3465 0.3465 0.3465 0.3465 0.3465 0.3215 0.3215 0.3285 0.3285 0.3075 0.3075 0.3075 0.2895 0.2895 0.305 0.305 0.271 0.271
