ndvi/NOAA-107.asc
ncols         252
nrows         154
xllcorner     -18.017974
yllcorner     13.481982
cellsize      0.035948
NODATA_value  -9999
[rows 102 to 135 of 154, columns 77 to 153 of 252]
0.2425 0.2425 0.254 0.254 0.274 0.274 0.2805 0.2805 0.2805 0.2615 0.2615 0.2465 0.2465 0.24 0.24 0.252 0.252 0.252 0.2575 0.2575 0.264 0.264 0.2685 0.2685 0.2685 0.2535 0.2535 0.2735 0.2735 0.2735 0.2735 0.2735 0.2945 0.2945 0.3025 0.3025 0.3025 0.3025 0.3025 0.329 0.329 0.3205 0.3205 0.3445 0.3445 0.3445 0.3515 0.3515 0.33 0.33 0.318 0.318 0.3195 0.3195 0.3195 0.31 0.31 0.303 0.303 0.263 0.263 0.263 0.272 0.272 0.3655 0.3655 0.3105 0.3105 0.3105 0.3205 0.3205 0.2925 0.2925 0.282 0.282 0.282 0.253
0.2585 0.2585 0.2725 0.2725 0.2855 0.2855 0.2875 0.2875 0.2875 0.277 0.277 0.284 0.284 0.2595 0.2595 0.253 0.253 0.253 0.2475 0.2475 0.2515 0.2515 0.2595 0.2595 0.2595 0.28 0.28 0.293 0.293 0.294 0.294 0.294 0.3105 0.3105 0.3005 0.3005 0.32 0.32 0.32 0.301 0.301 0.31 0.31 0.3285 0.3285 0.3285 0.3315 0.3315 0.316 0.316 0.326 0.326 0.318 0.318 0.318 0.365 0.365 0.349 0.349 0.359 0.359 0.359 0.2805 0.2805 0.2925 0.2925 0.2845 0.2845 0.2845 0.2885 0.2885 0.274 0.274 0.244 0.244 0.244 0.249
0.2585 0.2585 0.2725 0.2725 0.2855 0.2855 0.2875 0.2875 0.2875 0.277 0.277 0.284 0.284 0.2595 0.2595 0.253 0.253 0.253 0.2475 0.2475 0.2515 0.2515 0.2595 0.2595 0.2595 0.28 0.28 0.293 0.293 0.294 0.294 0.294 0.3105 0.3105 0.3005 0.3005 0.32 0.32 0.32 0.301 0.301 0.31 0.31 0.3285 0.3285 0.3285 0.3315 0.3315 0.316 0.316 0.326 0.326 0.318 0.318 0.318 0.365 0.365 0.349 0.349 0.359 0.359 0.359 0.2805 0.2805 0.2925 0.2925 0.2845 0.2845 0.2845 0.2885 0.2885 0.274 0.274 0.244 0.244 0.244 0.249
0.2585 0.2585 0.2725 0.2725 0.2855 0.2855 0.2875 0.2875 0.2875 0.277 0.277 0.284 0.284 0.2595 0.2595 0.253 0.253 0.253 0.2475 0.2475 0.2515 0.2515 0.2595 0.2595 0.2595 0.28 0.28 0.293 0.293 0.294 0.294 0.294 0.3105 0.3105 0.3005 0.3005 0.32 0.32 0.32 0.301 0.301 0.31 0.31 0.3285 0.3285 0.3285 0.3315 0.3315 0.316 0.316 0.326 0.326 0.318 0.318 0.318 0.365 0.365 0.349 0.349 0.359 0.359 0.359 0.2805 0.2805 0.2925 0.2925 0.2845 0.2845 0.2845 0.2885 0.2885 0.274 0.274 0.244 0.244 0.244 0.249
0.272 0.272 0.2705 0.2705 0.2765 0.2765 0.2935 0.2935 0.2935 0.2915 0.2915 0.2945 0.2945 0.29 0.29 0.242 0.242 0.242 0.2475 0.2475 0.282 0.282 0.2765 0.2765 0.2765 0.3245 0.3245 0.332 0.332 0.302 0.302 0.302 0.307 0.307 0.2945 0.2945 0.2915 0.2915 0.2915 0.2995 0.2995 0.3255 0.3255 0.322 0.322 0.322 0.33 0.33 0.3285 0.3285 0.327 0.327 0.331 0.331 0.331 0.359 0.359 0.352 0.352 0.3925 0.3925 0.3925 0.276 0.276 0.2995 0.2995 0.293 0.293 0.293 0.27 0.27 0.2625 0.2625 0.251 0.251 0.251 0.2665
0.272 0.272 0.2705 0.2705 0.2765 0.2765 0.2935 0.2935 0.2935 0.2915 0.2915 0.2945 0.2945 0.29 0.29 0.242 0.242 0.242 0.2475 0.2475 0.282 0.282 0.2765 0.2765 0.2765 0.3245 0.3245 0.332 0.332 0.302 0.302 0.302 0.307 0.307 0.2945 0.2945 0.2915 0.2915 0.2915 0.2995 0.2995 0.3255 0.3255 0.322 0.322 0.322 0.33 0.33 0.3285 0.3285 0.327 0.327 0.331 0.331 0.331 0.359 0.359 0.352 0.352 0.3925 0.3925 0.3925 0.276 0.276 0.2995 0.2995 0.293 0.293 0.293 0.27 0.27 0.2625 0.2625 0.251 0.251 0.251 0.2665
0.293 0.293 0.2965 0.2965 0.32 0.32 0.299 0.299 0.299 0.327 0.327 0.3195 0.3195 0.293 0.293 0.285 0.285 0.285 0.2995 0.2995 0.3055 0.3055 0.2945 0.2945 0.2945 0.3375 0.3375 0.3355 0.3355 0.321 0.321 0.321 0.3225 0.3225 0.294 0.294 0.297 0.297 0.297 0.3125 0.3125 0.3135 0.3135 0.3085 0.3085 0.3085 0.307 0.307 0.32 0.32 0.33 0.33 0.336 0.336 0.336 0.3455 0.3455 0.351 0.351 0.3545 0.3545 0.3545 0.3445 0.3445 0.334 0.334 0.359 0.359 0.359 0.307 0.307 0.295 0.295 0.2755 0.2755 0.2755 0.2815
0.293 0.293 0.2965 0.2965 0.32 0.32 0.299 0.299 0.299 0.327 0.327 0.3195 0.3195 0.293 0.293 0.285 0.285 0.285 0.2995 0.2995 0.3055 0.3055 0.2945 0.2945 0.2945 0.3375 0.3375 0.3355 0.3355 0.321 0.321 0.321 0.3225 0.3225 0.294 0.294 0.297 0.297 0.297 0.3125 0.3125 0.3135 0.3135 0.3085 0.3085 0.3085 0.307 0.307 0.32 0.32 0.33 0.33 0.336 0.336 0.336 0.3455 0.3455 0.351 0.351 0.3545 0.3545 0.3545 0.3445 0.3445 0.334 0.334 0.359 0.359 0.359 0.307 0.307 0.295 0.295 0.2755 0.2755 0.2755 0.2815
0.315 0.315 0.298 0.298 0.2945 0.2945 0.2925 0.2925 0.2925 0.303 0.303 0.31 0.31 0.318 0.318 0.3145 0.3145 0.3145 0.3195 0.3195 0.3145 0.3145 0.314 0.314 0.314 0.3135 0.3135 0.3085 0.3085 0.3155 0.3155 0.3155 0.335 0.335 0.322 0.322 0.324 0.324 0.324 0.3195 0.3195 0.3255 0.3255 0.319 0.319 0.319 0.3245 0.3245 0.3345 0.3345 0.3295 0.3295 0.352 0.352 0.352 0.3655 0.3655 0.3485 0.3485 0.3515 0.3515 0.3515 0.3455 0.3455 0.334 0.334 0.3555 0.3555 0.3555 0.403 0.403 0.3445 0.3445 0.3085 0.3085 0.3085 0.287
0.315 0.315 0.298 0.298 0.2945 0.2945 0.2925 0.2925 0.2925 0.303 0.303 0.31 0.31 0.318 0.318 0.3145 0.3145 0.3145 0.3195 0.3195 0.3145 0.3145 0.314 0.314 0.314 0.3135 0.3135 0.3085 0.3085 0.3155 0.3155 0.3155 0.335 0.335 0.322 0.322 0.324 0.324 0.324 0.3195 0.3195 0.3255 0.3255 0.319 0.319 0.319 0.3245 0.3245 0.3345 0.3345 0.3295 0.3295 0.352 0.352 0.352 0.3655 0.3655 0.3485 0.3485 0.3515 0.3515 0.3515 0.3455 0.3455 0.334 0.334 0.3555 0.3555 0.3555 0.403 0.403 0.3445 0.3445 0.3085 0.3085 0.3085 0.287
0.315 0.315 0.298 0.298 0.2945 0.2945 0.2925 0.2925 0.2925 0.303 0.303 0.31 0.31 0.318 0.318 0.3145 0.3145 0.3145 0.3195 0.3195 0.3145 0.3145 0.314 0.314 0.314 0.3135 0.3135 0.3085 0.3085 0.3155 0.3155 0.3155 0.335 0.335 0.322 0.322 0.324 0.324 0.324 0.3195 0.3195 0.3255 0.3255 0.319 0.319 0.319 0.3245 0.3245 0.3345 0.3345 0.3295 0.3295 0.352 0.352 0.352 0.3655 0.3655 0.3485 0.3485 0.3515 0.3515 0.3515 0.3455 0.3455 0.334 0.334 0.3555 0.3555 0.3555 0.403 0.403 0.3445 0.3445 0.3085 0.3085 0.3085 0.287
0.3155 0.3155 0.338 0.338 0.352 0.352 0.3635 0.3635 0.3635 0.3615 0.3615 0.335 0.335 0.313 0.313 0.3245 0.3245 0.3245 0.33 0.33 0.3155 0.3155 0.3225 0.3225 0.3225 0.3525 0.3525 0.3245 0.3245 0.324 0.324 0.324 0.3255 0.3255 0.32 0.32 0.326 0.326 0.326 0.355 0.355 0.353 0.353 0.344 0.344 0.344 0.3595 0.3595 0.355 0.355 0.352 0.352 0.351 0.351 0.351 0.358 0.358 0.336 0.336 0.339 0.339 0.339 0.325 0.325 0.33 0.33 0.349 0.349 0.349 0.358 0.358 0.373 0.373 0.3045 0.3045 0.3045 0.3355
0.3155 0.3155 0.338 0.338 0.352 0.352 0.3635 0.3635 0.3635 0.3615 0.3615 0.335 0.335 0.313 0.313 0.3245 0.3245 0.3245 0.33 0.33 0.3155 0.3155 0.3225 0.3225 0.3225 0.3525 0.3525 0.3245 0.3245 0.324 0.324 0.324 0.3255 0.3255 0.32 0.32 0.326 0.326 0.326 0.355 0.355 0.353 0.353 0.344 0.344 0.344 0.3595 0.3595 0.355 0.355 0.352 0.352 0.351 0.351 0.351 0.358 0.358 0.336 0.336 0.339 0.339 0.339 0.325 0.325 0.33 0.33 0.349 0.349 0.349 0.358 0.358 0.373 0.373 0.3045 0.3045 0.3045 0.3355
0.313 0.313 0.316 0.316 0.3075 0.3075 0.346 0.346 0.346 0.317 0.317 0.2965 0.2965 0.304 0.304 0.33 0.33 0.33 0.346 0.346 0.327 0.327 0.3255 0.3255 0.3255 0.333 0.333 0.322 0.322 0.318 0.318 0.318 0.3395 0.3395 0.3255 0.3255 0.323 0.323 0.323 0.333 0.333 0.3595 0.3595 0.3605 0.3605 0.3605 0.346 0.346 0.3575 0.3575 0.3585 0.3585 0.359 0.359 0.359 0.34 0.34 0.3515 0.3515 0.367 0.367 0.367 0.3535 0.3535 0.3235 0.3235 0.3555 0.3555 0.3555 0.3685 0.3685 0.3425 0.3425 0.31 0.31 0.31 0.3005
0.313 0.313 0.316 0.316 0.3075 0.3075 0.346 0.346 0.346 0.317 0.317 0.2965 0.2965 0.304 0.304 0.33 0.33 0.33 0.346 0.346 0.327 0.327 0.3255 0.3255 0.3255 0.333 0.333 0.322 0.322 0.318 0.318 0.318 0.3395 0.3395 0.3255 0.3255 0.323 0.323 0.323 0.333 0.333 0.3595 0.3595 0.3605 0.3605 0.3605 0.346 0.346 0.3575 0.3575 0.3585 0.3585 0.359 0.359 0.359 0.34 0.34 0.3515 0.3515 0.367 0.367 0.367 0.3535 0.3535 0.3235 0.3235 0.3555 0.3555 0.3555 0.3685 0.3685 0.3425 0.3425 0.31 0.31 0.31 0.3005
0.312 0.312 0.2815 0.2815 0.28 0.28 0.3165 0.3165 0.3165 0.3145 0.3145 0.309 0.309 0.307 0.307 0.3175 0.3175 0.3175 0.345 0.345 0.3355 0.3355 0.3245 0.3245 0.3245 0.323 0.323 0.3215 0.3215 0.339 0.339 0.339 0.324 0.324 0.322 0.322 0.319 0.319 0.319 0.3335 0.3335 0.357 0.357 0.3515 0.3515 0.3515 0.3475 0.3475 0.356 0.356 0.358 0.358 0.3705 0.3705 0.3705 0.362 0.362 0.3465 0.3465 0.363 0.363 0.363 0.364 0.364 0.331 0.331 0.3445 0.3445 0.3445 0.3585 0.3585 0.337 0.337 0.3475 0.3475 0.3475 0.321
0.312 0.312 0.2815 0.2815 0.28 0.28 0.3165 0.3165 0.3165 0.3145 0.3145 0.309 0.309 0.307 0.307 0.3175 0.3175 0.3175 0.345 0.345 0.3355 0.3355 0.3245 0.3245 0.3245 0.323 0.323 0.3215 0.3215 0.339 0.339 0.339 0.324 0.324 0.322 0.322 0.319 0.319 0.319 0.3335 0.3335 0.357 0.357 0.3515 0.3515 0.3515 0.3475 0.3475 0.356 0.356 0.358 0.358 0.3705 0.3705 0.3705 0.362 0.362 0.3465 0.3465 0.363 0.363 0.363 0.364 0.364 0.331 0.331 0.3445 0.3445 0.3445 0.3585 0.3585 0.337 0.337 0.3475 0.3475 0.3475 0.321
0.312 0.312 0.2815 0.2815 0.28 0.28 0.3165 0.3165 0.3165 0.3145 0.3145 0.309 0.309 0.307 0.307 0.3175 0.3175 0.3175 0.345 0.345 0.3355 0.3355 0.3245 0.3245 0.3245 0.323 0.323 0.3215 0.3215 0.339 0.339 0.339 0.324 0.324 0.322 0.322 0.319 0.319 0.319 0.3335 0.3335 0.357 0.357 0.3515 0.3515 0.3515 0.3475 0.3475 0.356 0.356 0.358 0.358 0.3705 0.3705 0.3705 0.362 0.362 0.3465 0.3465 0.363 0.363 0.363 0.364 0.364 0.331 0.331 0.3445 0.3445 0.3445 0.3585 0.3585 0.337 0.337 0.3475 0.3475 0.3475 0.321
0.29 0.29 0.264 0.264 0.2635 0.2635 0.295 0.295 0.295 0.317 0.317 0.3185 0.3185 0.323 0.323 0.3145 0.3145 0.3145 0.3455 0.3455 0.3625 0.3625 0.3645 0.3645 0.3645 0.355 0.355 0.35 0.35 0.349 0.349 0.349 0.3385 0.3385 0.348 0.348 0.3445 0.3445 0.3445 0.341 0.341 0.346 0.346 0.35 0.35 0.35 0.344 0.344 0.343 0.343 0.35 0.35 0.3555 0.3555 0.3555 0.327 0.327 0.3355 0.3355 0.35 0.35 0.35 0.3445 0.3445 0.336 0.336 0.336 0.336 0.336 0.3315 0.3315 0.294 0.294 0.3005 0.3005 0.3005 0.317
0.29 0.29 0.264 0.264 0.2635 0.2635 0.295 0.295 0.295 0.317 0.317 0.3185 0.3185 0.323 0.323 0.3145 0.3145 0.3145 0.3455 0.3455 0.3625 0.3625 0.3645 0.3645 0.3645 0.355 0.355 0.35 0.35 0.349 0.349 0.349 0.3385 0.3385 0.348 0.348 0.3445 0.3445 0.3445 0.341 0.341 0.346 0.346 0.35 0.35 0.35 0.344 0.344 0.343 0.343 0.35 0.35 0.3555 0.3555 0.3555 0.327 0.327 0.3355 0.3355 0.35 0.35 0.35 0.3445 0.3445 0.336 0.336 0.336 0.336 0.336 0.3315 0.3315 0.294 0.294 0.3005 0.3005 0.3005 0.317
0.2685 0.2685 0.2565 0.2565 0.278 0.278 0.285 0.285 0.285 0.324 0.324 0.317 0.317 0.319 0.319 0.3235 0.3235 0.3235 0.3305 0.3305 0.3395 0.3395 0.3445 0.3445 0.3445 0.3495 0.3495 0.3505 0.3505 0.3445 0.3445 0.3445 0.335 0.335 0.344 0.344 0.362 0.362 0.362 0.388 0.388 0.365 0.365 0.365 0.365 0.365 0.359 0.359 0.344 0.344 0.329 0.329 0.3315 0.3315 0.3315 0.325 0.325 0.3355 0.3355 0.348 0.348 0.348 0.343 0.343 0.3385 0.3385 0.321 0.321 0.321 0.3255 0.3255 0.303 0.303 0.304 0.304 0.304 0.315
0.2685 0.2685 0.2565 0.2565 0.278 0.278 0.285 0.285 0.285 0.324 0.324 0.317 0.317 0.319 0.319 0.3235 0.3235 0.3235 0.3305 0.3305 0.3395 0.3395 0.3445 0.3445 0.3445 0.3495 0.3495 0.3505 0.3505 0.3445 0.3445 0.3445 0.335 0.335 0.344 0.344 0.362 0.362 0.362 0.388 0.388 0.365 0.365 0.365 0.365 0.365 0.359 0.359 0.344 0.344 0.329 0.329 0.3315 0.3315 0.3315 0.325 0.325 0.3355 0.3355 0.348 0.348 0.348 0.343 0.343 0.3385 0.3385 0.321 0.321 0.321 0.3255 0.3255 0.303 0.303 0.304 0.304 0.304 0.315
0.3365 0.3365 0.288 0.288 0.3245 0.3245 0.3025 0.3025 0.3025 0.308 0.308 0.352 0.352 0.339 0.339 0.3255 0.3255 0.3255 0.3315 0.3315 0.333 0.333 0.328 0.328 0.328 0.3435 0.3435 0.3235 0.3235 0.2955 0.2955 0.2955 0.3215 0.3215 0.339 0.339 0.3205 0.3205 0.3205 0.351 0.351 0.3915 0.3915 0.3365 0.3365 0.3365 0.335 0.335 0.36 0.36 0.357 0.357 0.347 0.347 0.347 0.325 0.325 0.327 0.327 0.341 0.341 0.341 0.343 0.343 0.3305 0.3305 0.3075 0.3075 0.3075 0.3145 0.3145 0.3095 0.3095 0.2965 0.2965 0.2965 0.294
0.3365 0.3365 0.288 0.288 0.3245 0.3245 0.3025 0.3025 0.3025 0.308 0.308 0.352 0.352 0.339 0.339 0.3255 0.3255 0.3255 0.3315 0.3315 0.333 0.333 0.328 0.328 0.328 0.3435 0.3435 0.3235 0.3235 0.2955 0.2955 0.2955 0.3215 0.3215 0.339 0.339 0.3205 0.3205 0.3205 0.351 0.351 0.3915 0.3915 0.3365 0.3365 0.3365 0.335 0.335 0.36 0.36 0.357 0.357 0.347 0.347 0.347 0.325 0.325 0.327 0.327 0.341 0.341 0.341 0.343 0.343 0.3305 0.3305 0.3075 0.3075 0.3075 0.3145 0.3145 0.3095 0.3095 0.2965 0.2965 0.2965 0.294
0.341 0.341 0.348 0.348 0.3505 0.3505 0.3215 0.3215 0.3215 0.312 0.312 0.363 0.363 0.3155 0.3155 0.309 0.309 0.309 0.3355 0.3355 0.3485 0.3485 0.336 0.336 0.336 0.3305 0.3305 0.323 0.323 0.285 0.285 0.285 0.317 0.317 0.3495 0.3495 0.327 0.327 0.327 0.3265 0.3265 0.3045 0.3045 0.294 0.294 0.294 0.338 0.338 0.3395 0.3395 0.3475 0.3475 0.3375 0.3375 0.3375 0.324 0.324 0.3185 0.3185 0.3295 0.3295 0.3295 0.342 0.342 0.295 0.295 0.291 0.291 0.291 0.316 0.316 0.3025 0.3025 0.2985 0.2985 0.2985 0.291
0.341 0.341 0.348 0.348 0.3505 0.3505 0.3215 0.3215 0.3215 0.312 0.312 0.363 0.363 0.3155 0.3155 0.309 0.309 0.309 0.3355 0.3355 0.3485 0.3485 0.336 0.336 0.336 0.3305 0.3305 0.323 0.323 0.285 0.285 0.285 0.317 0.317 0.3495 0.3495 0.327 0.327 0.327 0.3265 0.3265 0.3045 0.3045 0.294 0.294 0.294 0.338 0.338 0.3395 0.3395 0.3475 0.3475 0.3375 0.3375 0.3375 0.324 0.324 0.3185 0.3185 0.3295 0.3295 0.3295 0.342 0.342 0.295 0.295 0.291 0.291 0.291 0.316 0.316 0.3025 0.3025 0.2985 0.2985 0.2985 0.291
0.341 0.341 0.348 0.348 0.3505 0.3505 0.3215 0.3215 0.3215 0.312 0.312 0.363 0.363 0.3155 0.3155 0.309 0.309 0.309 0.3355 0.3355 0.3485 0.3485 0.336 0.336 0.336 0.3305 0.3305 0.323 0.323 0.285 0.285 0.285 0.317 0.317 0.3495 0.3495 0.327 0.327 0.327 0.3265 0.3265 0.3045 0.3045 0.294 0.294 0.294 0.338 0.338 0.3395 0.3395 0.3475 0.3475 0.3375 0.3375 0.3375 0.324 0.324 0.3185 0.3185 0.3295 0.3295 0.3295 0.342 0.342 0.295 0.295 0.291 0.291 0.291 0.316 0.316 0.3025 0.3025 0.2985 0.2985 0.2985 0.291
0.351 0.351 0.358 0.358 0.3405 0.3405 0.332 0.332 0.332 0.327 0.327 0.322 0.322 0.3125 0.3125 0.296 0.296 0.296 0.295 0.295 0.317 0.317 0.3295 0.3295 0.3295 0.348 0.348 0.3155 0.3155 0.328 0.328 0.328 0.3285 0.3285 0.307 0.307 0.345 0.345 0.345 0.3165 0.3165 0.326 0.326 0.287 0.287 0.287 0.3155 0.3155 0.3005 0.3005 0.32 0.32 0.3255 0.3255 0.3255 0.3005 0.3005 0.3775 0.3775 0.3335 0.3335 0.3335 0.334 0.334 0.306 0.306 0.349 0.349 0.349 0.319 0.319 0.311 0.311 0.3035 0.3035 0.3035 0.3095
0.351 0.351 0.358 0.358 0.3405 0.3405 0.332 0.332 0.332 0.327 0.327 0.322 0.322 0.3125 0.3125 0.296 0.296 0.296 0.295 0.295 0.317 0.317 0.3295 0.3295 0.3295 0.348 0.348 0.3155 0.3155 0.328 0.328 0.328 0.3285 0.3285 0.307 0.307 0.345 0.345 0.345 0.3165 0.3165 0.326 0.326 0.287 0.287 0.287 0.3155 0.3155 0.3005 0.3005 0.32 0.32 0.3255 0.3255 0.3255 0.3005 0.3005 0.3775 0.3775 0.3335 0.3335 0.3335 0.334 0.334 0.306 0.306 0.349 0.349 0.349 0.319 0.319 0.311 0.311 0.3035 0.3035 0.3035 0.3095
0.3855 0.3855 0.351 0.351 0.329 0.329 0.3275 0.3275 0.3275 0.333 0.333 0.2815 0.2815 0.2925 0.2925 0.2985 0.2985 0.2985 0.3065 0.3065 0.321 0.321 0.332 0.332 0.332 0.354 0.354 0.3665 0.3665 0.3405 0.3405 0.3405 0.3085 0.3085 0.3325 0.3325 0.2945 0.2945 0.2945 0.301 0.301 0.3355 0.3355 0.29 0.29 0.29 0.3335 0.3335 0.297 0.297 0.3025 0.3025 0.301 0.301 0.301 0.304 0.304 0.3315 0.3315 0.3135 0.3135 0.3135 0.34 0.34 0.2795 0.2795 0.3265 0.3265 0.3265 0.3615 0.3615 0.349 0.349 0.305 0.305 0.305 0.3915
0.3855 0.3855 0.351 0.351 0.329 0.329 0.3275 0.3275 0.3275 0.333 0.333 0.2815 0.2815 0.2925 0.2925 0.2985 0.2985 0.2985 0.3065 0.3065 0.321 0.321 0.332 0.332 0.332 0.354 0.354 0.3665 0.3665 0.3405 0.3405 0.3405 0.3085 0.3085 0.3325 0.3325 0.2945 0.2945 0.2945 0.301 0.301 0.3355 0.3355 0.29 0.29 0.29 0.3335 0.3335 0.297 0.297 0.3025 0.3025 0.301 0.301 0.301 0.304 0.304 0.3315 0.3315 0.3135 0.3135 0.3135 0.34 0.34 0.2795 0.2795 0.3265 0.3265 0.3265 0.3615 0.3615 0.349 0.349 0.305 0.305 0.305 0.3915
0.342 0.342 0.3395 0.3395 0.3115 0.3115 0.308 0.308 0.308 0.2885 0.2885 0.289 0.289 0.292 0.292 0.3215 0.3215 0.3215 0.3335 0.3335 0.3425 0.3425 0.3495 0.3495 0.3495 0.3145 0.3145 0.3395 0.3395 0.2855 0.2855 0.2855 0.3075 0.3075 0.3425 0.3425 0.3465 0.3465 0.3465 0.3775 0.3775 0.3716 0.3716 0.361 0.361 0.361 0.3821 0.3821 0.3335 0.3335 0.3505 0.3505 0.335 0.335 0.335 0.3575 0.3575 0.347 0.347 0.355 0.355 0.355 0.3861 0.3861 0.347 0.347 0.3495 0.3495 0.3495 0.3415 0.3415 0.3445 0.3445 0.296 0.296 0.296 0.406
0.342 0.342 0.3395 0.3395 0.3115 0.3115 0.308 0.308 0.308 0.2885 0.2885 0.289 0.289 0.292 0.292 0.3215 0.3215 0.3215 0.3335 0.3335 0.3425 0.3425 0.3495 0.3495 0.3495 0.3145 0.3145 0.3395 0.3395 0.2855 0.2855 0.2855 0.3075 0.3075 0.3425 0.3425 0.3465 0.3465 0.3465 0.3775 0.3775 0.3716 0.3716 0.361 0.361 0.361 0.3821 0.3821 0.3335 0.3335 0.3505 0.3505 0.335 0.335 0.335 0.3575 0.3575 0.347 0.347 0.355 0.355 0.355 0.3861 0.3861 0.347 0.347 0.3495 0.3495 0.3495 0.3415 0.3415 0.3445 0.3445 0.296 0.296 0.296 0.406
0.342 0.342 0.3395 0.3395 0.3115 0.3115 0.308 0.308 0.308 0.2885 0.2885 0.289 0.289 0.292 0.292 0.3215 0.3215 0.3215 0.3335 0.3335 0.3425 0.3425 0.3495 0.3495 0.3495 0.3145 0.3145 0.3395 0.3395 0.2855 0.2855 0.2855 0.3075 0.3075 0.3425 0.3425 0.3465 0.3465 0.3465 0.3775 0.3775 0.3716 0.3716 0.361 0.361 0.361 0.3821 0.3821 0.3335 0.3335 0.3505 0.3505 0.335 0.335 0.335 0.3575 0.3575 0.347 0.347 0.355 0.355 0.355 0.3861 0.3861 0.347 0.347 0.3495 0.3495 0.3495 0.3415 0.3415 0.3445 0.3445 0.296 0.296 0.296 0.406
