ndvi/NOAA-384.asc
ncols         252
nrows         154
xllcorner     -18.017974
yllcorner     13.481982
cellsize      0.035948
NODATA_value  -9999
[rows 0 to 33 of 154, columns 77 to 153 of 252]
0.111 0.111 0.1075 0.1075 0.1065 0.1065 0.1085 0.1085 0.1085 0.1065 0.1065 0.107 0.107 0.1025 0.1025 0.104 0.104 0.104 0.1035 0.1035 0.1035 0.1035 0.107 0.107 0.107 0.108 0.108 0.11 0.11 0.1045 0.1045 0.1045 0.09999999 0.09999999 0.09299999 0.09299999 0.102 0.102 0.102 0.104 0.104 0.0955 0.0955 0.0985 0.0985 0.0985 0.09 0.09 0.0885 0.0885 0.0975 0.0975 0.1035 0.1035 0.1035 0.104 0.104 0.1095 0.1095 0.1065 0.1065 0.1065 0.1085 0.1085 0.1095 0.1095 0.1095 0.1095 0.1095 0.098 0.098 0.0995 0.0995 0.0995 0.0995 0.0995 0.0965
0.111 0.111 0.1075 0.1075 0.1065 0.1065 0.1085 0.1085 0.1085 0.1065 0.1065 0.107 0.107 0.1025 0.1025 0.104 0.104 0.104 0.1035 0.1035 0.1035 0.1035 0.107 0.107 0.107 0.108 0.108 0.11 0.11 0.1045 0.1045 0.1045 0.09999999 0.09999999 0.09299999 0.09299999 0.102 0.102 0.102 0.104 0.104 0.0955 0.0955 0.0985 0.0985 0.0985 0.09 0.09 0.0885 0.0885 0.0975 0.0975 0.1035 0.1035 0.1035 0.104 0.104 0.1095 0.1095 0.1065 0.1065 0.1065 0.1085 0.1085 0.1095 0.1095 0.1095 0.1095 0.1095 0.098 0.098 0.0995 0.0995 0.0995 0.0995 0.0995 0.0965
0.112 0.112 0.112 0.112 0.1115 0.1115 0.108 0.108 0.108 0.104 0.104 0.1075 0.1075 0.106 0.106 0.109 0.109 0.109 0.108 0.108 0.1065 0.1065 0.1005 0.1005 0.1005 0.102 0.102 0.0995 0.0995 0.1045 0.1045 0.1045 0.103 0.103 0.092 0.092 0.1065 0.1065 0.1065 0.1025 0.1025 0.0925 0.0925 0.0905 0.0905 0.0905 0.098 0.098 0.102 0.102 0.107 0.107 0.11 0.11 0.11 0.112 0.112 0.1155 0.1155 0.113 0.113 0.113 0.108 0.108 0.1085 0.1085 0.1055 0.1055 0.1055 0.102 0.102 0.102 0.102 0.0985 0.0985 0.0985 0.094
0.112 0.112 0.112 0.112 0.1115 0.1115 0.108 0.108 0.108 0.104 0.104 0.1075 0.1075 0.106 0.106 0.109 0.109 0.109 0.108 0.108 0.1065 0.1065 0.1005 0.1005 0.1005 0.102 0.102 0.0995 0.0995 0.1045 0.1045 0.1045 0.103 0.103 0.092 0.092 0.1065 0.1065 0.1065 0.1025 0.1025 0.0925 0.0925 0.0905 0.0905 0.0905 0.098 0.098 0.102 0.102 0.107 0.107 0.11 0.11 0.11 0.112 0.112 0.1155 0.1155 0.113 0.113 0.113 0.108 0.108 0.1085 0.1085 0.1055 0.1055 0.1055 0.102 0.102 0.102 0.102 0.0985 0.0985 0.0985 0.094
0.112 0.112 0.112 0.112 0.1115 0.1115 0.108 0.108 0.108 0.104 0.104 0.1075 0.1075 0.106 0.106 0.109 0.109 0.109 0.108 0.108 0.1065 0.1065 0.1005 0.1005 0.1005 0.102 0.102 0.0995 0.0995 0.1045 0.1045 0.1045 0.103 0.103 0.092 0.092 0.1065 0.1065 0.1065 0.1025 0.1025 0.0925 0.0925 0.0905 0.0905 0.0905 0.098 0.098 0.102 0.102 0.107 0.107 0.11 0.11 0.11 0.112 0.112 0.1155 0.1155 0.113 0.113 0.113 0.108 0.108 0.1085 0.1085 0.1055 0.1055 0.1055 0.102 0.102 0.102 0.102 0.0985 0.0985 0.0985 0.094
0.1135 0.1135 0.112 0.112 0.1125 0.1125 0.1085 0.1085 0.1085 0.1115 0.1115 0.1085 0.1085 0.109 0.109 0.109 0.109 0.109 0.108 0.108 0.0995 0.0995 0.108 0.108 0.108 0.1035 0.1035 0.1015 0.1015 0.1025 0.1025 0.1025 0.11 0.11 0.101 0.101 0.1015 0.1015 0.1015 0.108 0.108 0.0935 0.0935 0.0965 0.0965 0.0965 0.1005 0.1005 0.1085 0.1085 0.1135 0.1135 0.114 0.114 0.114 0.11 0.11 0.117 0.117 0.109 0.109 0.109 0.108 0.108 0.1135 0.1135 0.1175 0.1175 0.1175 0.11 0.11 0.108 0.108 0.111 0.111 0.111 0.11
0.1135 0.1135 0.112 0.112 0.1125 0.1125 0.1085 0.1085 0.1085 0.1115 0.1115 0.1085 0.1085 0.109 0.109 0.109 0.109 0.109 0.108 0.108 0.0995 0.0995 0.108 0.108 0.108 0.1035 0.1035 0.1015 0.1015 0.1025 0.1025 0.1025 0.11 0.11 0.101 0.101 0.1015 0.1015 0.1015 0.108 0.108 0.0935 0.0935 0.0965 0.0965 0.0965 0.1005 0.1005 0.1085 0.1085 0.1135 0.1135 0.114 0.114 0.114 0.11 0.11 0.117 0.117 0.109 0.109 0.109 0.108 0.108 0.1135 0.1135 0.1175 0.1175 0.1175 0.11 0.11 0.108 0.108 0.111 0.111 0.111 0.11
0.1095 0.1095 0.1085 0.1085 0.106 0.106 0.1135 0.1135 0.1135 0.114 0.114 0.112 0.112 0.105 0.105 0.103 0.103 0.103 0.1065 0.1065 0.105 0.105 0.108 0.108 0.108 0.1065 0.1065 0.103 0.103 0.1025 0.1025 0.1025 0.1065 0.1065 0.101 0.101 0.11 0.11 0.11 0.1065 0.1065 0.107 0.107 0.115 0.115 0.115 0.1235 0.1235 0.1265 0.1265 0.122 0.122 0.119 0.119 0.119 0.122 0.122 0.1155 0.1155 0.1155 0.1155 0.1155 0.113 0.113 0.115 0.115 0.1165 0.1165 0.1165 0.12 0.12 0.114 0.114 0.12 0.12 0.12 0.1155
0.1095 0.1095 0.1085 0.1085 0.106 0.106 0.1135 0.1135 0.1135 0.114 0.114 0.112 0.112 0.105 0.105 0.103 0.103 0.103 0.1065 0.1065 0.105 0.105 0.108 0.108 0.108 0.1065 0.1065 0.103 0.103 0.1025 0.1025 0.1025 0.1065 0.1065 0.101 0.101 0.11 0.11 0.11 0.1065 0.1065 0.107 0.107 0.115 0.115 0.115 0.1235 0.1235 0.1265 0.1265 0.122 0.122 0.119 0.119 0.119 0.122 0.122 0.1155 0.1155 0.1155 0.1155 0.1155 0.113 0.113 0.115 0.115 0.1165 0.1165 0.1165 0.12 0.12 0.114 0.114 0.12 0.12 0.12 0.1155
0.108 0.108 0.112 0.112 0.114 0.114 0.1115 0.1115 0.1115 0.109 0.109 0.107 0.107 0.111 0.111 0.1115 0.1115 0.1115 0.106 0.106 0.1025 0.1025 0.1115 0.1115 0.1115 0.115 0.115 0.1125 0.1125 0.1145 0.1145 0.1145 0.1185 0.1185 0.1165 0.1165 0.1115 0.1115 0.1115 0.105 0.105 0.119 0.119 0.1235 0.1235 0.1235 0.1315 0.1315 0.1305 0.1305 0.128 0.128 0.127 0.127 0.127 0.1195 0.1195 0.122 0.122 0.1155 0.1155 0.1155 0.1195 0.1195 0.117 0.117 0.12 0.12 0.12 0.122 0.122 0.124 0.124 0.1195 0.1195 0.1195 0.1245
0.108 0.108 0.112 0.112 0.114 0.114 0.1115 0.1115 0.1115 0.109 0.109 0.107 0.107 0.111 0.111 0.1115 0.1115 0.1115 0.106 0.106 0.1025 0.1025 0.1115 0.1115 0.1115 0.115 0.115 0.1125 0.1125 0.1145 0.1145 0.1145 0.1185 0.1185 0.1165 0.1165 0.1115 0.1115 0.1115 0.105 0.105 0.119 0.119 0.1235 0.1235 0.1235 0.1315 0.1315 0.1305 0.1305 0.128 0.128 0.127 0.127 0.127 0.1195 0.1195 0.122 0.122 0.1155 0.1155 0.1155 0.1195 0.1195 0.117 0.117 0.12 0.12 0.12 0.122 0.122 0.124 0.124 0.1195 0.1195 0.1195 0.1245
0.1205 0.1205 0.116 0.116 0.1135 0.1135 0.1135 0.1135 0.1135 0.117 0.117 0.1155 0.1155 0.1145 0.1145 0.1105 0.1105 0.1105 0.111 0.111 0.1145 0.1145 0.118 0.118 0.118 0.1175 0.1175 0.118 0.118 0.118 0.118 0.118 0.121 0.121 0.1155 0.1155 0.111 0.111 0.111 0.1145 0.1145 0.125 0.125 0.128 0.128 0.128 0.1305 0.1305 0.13 0.13 0.133 0.133 0.135 0.135 0.135 0.1305 0.1305 0.1295 0.1295 0.124 0.124 0.124 0.124 0.124 0.1285 0.1285 0.127 0.127 0.127 0.1265 0.1265 0.122 0.122 0.1245 0.1245 0.1245 0.1325
0.1205 0.1205 0.116 0.116 0.1135 0.1135 0.1135 0.1135 0.1135 0.117 0.117 0.1155 0.1155 0.1145 0.1145 0.1105 0.1105 0.1105 0.111 0.111 0.1145 0.1145 0.118 0.118 0.118 0.1175 0.1175 0.118 0.118 0.118 0.118 0.118 0.121 0.121 0.1155 0.1155 0.111 0.111 0.111 0.1145 0.1145 0.125 0.125 0.128 0.128 0.128 0.1305 0.1305 0.13 0.13 0.133 0.133 0.135 0.135 0.135 0.1305 0.1305 0.1295 0.1295 0.124 0.124 0.124 0.124 0.124 0.1285 0.1285 0.127 0.127 0.127 0.1265 0.1265 0.122 0.122 0.1245 0.1245 0.1245 0.1325
0.1205 0.1205 0.116 0.116 0.1135 0.1135 0.1135 0.1135 0.1135 0.117 0.117 0.1155 0.1155 0.1145 0.1145 0.1105 0.1105 0.1105 0.111 0.111 0.1145 0.1145 0.118 0.118 0.118 0.1175 0.1175 0.118 0.118 0.118 0.118 0.118 0.121 0.121 0.1155 0.1155 0.111 0.111 0.111 0.1145 0.1145 0.125 0.125 0.128 0.128 0.128 0.1305 0.1305 0.13 0.13 0.133 0.133 0.135 0.135 0.135 0.1305 0.1305 0.1295 0.1295 0.124 0.124 0.124 0.124 0.124 0.1285 0.1285 0.127 0.127 0.127 0.1265 0.1265 0.122 0.122 0.1245 0.1245 0.1245 0.1325
0.124 0.124 0.1215 0.1215 0.1195 0.1195 0.1195 0.1195 0.1195 0.122 0.122 0.115 0.115 0.1155 0.1155 0.117 0.117 0.117 0.114 0.114 0.1205 0.1205 0.1215 0.1215 0.1215 0.12 0.12 0.1205 0.1205 0.118 0.118 0.118 0.1175 0.1175 0.111 0.111 0.1075 0.1075 0.1075 0.1065 0.1065 0.1195 0.1195 0.1325 0.1325 0.1325 0.1335 0.1335 0.1355 0.1355 0.1395 0.1395 0.1425 0.1425 0.1425 0.1405 0.1405 0.1375 0.1375 0.1335 0.1335 0.1335 0.126 0.126 0.1345 0.1345 0.1325 0.1325 0.1325 0.12 0.12 0.125 0.125 0.135 0.135 0.135 0.1325
0.124 0.124 0.1215 0.1215 0.1195 0.1195 0.1195 0.1195 0.1195 0.122 0.122 0.115 0.115 0.1155 0.1155 0.117 0.117 0.117 0.114 0.114 0.1205 0.1205 0.1215 0.1215 0.1215 0.12 0.12 0.1205 0.1205 0.118 0.118 0.118 0.1175 0.1175 0.111 0.111 0.1075 0.1075 0.1075 0.1065 0.1065 0.1195 0.1195 0.1325 0.1325 0.1325 0.1335 0.1335 0.1355 0.1355 0.1395 0.1395 0.1425 0.1425 0.1425 0.1405 0.1405 0.1375 0.1375 0.1335 0.1335 0.1335 0.126 0.126 0.1345 0.1345 0.1325 0.1325 0.1325 0.12 0.12 0.125 0.125 0.135 0.135 0.135 0.1325
0.118 0.118 0.121 0.121 0.1205 0.1205 0.1185 0.1185 0.1185 0.117 0.117 0.1145 0.1145 0.12 0.12 0.118 0.118 0.118 0.118 0.118 0.116 0.116 0.1195 0.1195 0.1195 0.1215 0.1215 0.1195 0.1195 0.1185 0.1185 0.1185 0.1125 0.1125 0.1105 0.1105 0.1095 0.1095 0.1095 0.111 0.111 0.125 0.125 0.1285 0.1285 0.1285 0.1385 0.1385 0.141 0.141 0.138 0.138 0.1395 0.1395 0.1395 0.129 0.129 0.1325 0.1325 0.1375 0.1375 0.1375 0.147 0.147 0.145 0.145 0.135 0.135 0.135 0.115 0.115 0.1235 0.1235 0.121 0.121 0.121 0.134
0.118 0.118 0.121 0.121 0.1205 0.1205 0.1185 0.1185 0.1185 0.117 0.117 0.1145 0.1145 0.12 0.12 0.118 0.118 0.118 0.118 0.118 0.116 0.116 0.1195 0.1195 0.1195 0.1215 0.1215 0.1195 0.1195 0.1185 0.1185 0.1185 0.1125 0.1125 0.1105 0.1105 0.1095 0.1095 0.1095 0.111 0.111 0.125 0.125 0.1285 0.1285 0.1285 0.1385 0.1385 0.141 0.141 0.138 0.138 0.1395 0.1395 0.1395 0.129 0.129 0.1325 0.1325 0.1375 0.1375 0.1375 0.147 0.147 0.145 0.145 0.135 0.135 0.135 0.115 0.115 0.1235 0.1235 0.121 0.121 0.121 0.134
0.119 0.119 0.118 0.118 0.121 0.121 0.1205 0.1205 0.1205 0.124 0.124 0.12 0.12 0.118 0.118 0.12 0.12 0.12 0.122 0.122 0.121 0.121 0.1185 0.1185 0.1185 0.1155 0.1155 0.1165 0.1165 0.1185 0.1185 0.1185 0.1195 0.1195 0.113 0.113 0.112 0.112 0.112 0.112 0.112 0.1215 0.1215 0.1345 0.1345 0.1345 0.141 0.141 0.1415 0.1415 0.1365 0.1365 0.134 0.134 0.134 0.135 0.135 0.133 0.133 0.14 0.14 0.14 0.1515 0.1515 0.1455 0.1455 0.133 0.133 0.133 0.1335 0.1335 0.1285 0.1285 0.1245 0.1245 0.1245 0.14
0.119 0.119 0.118 0.118 0.121 0.121 0.1205 0.1205 0.1205 0.124 0.124 0.12 0.12 0.118 0.118 0.12 0.12 0.12 0.122 0.122 0.121 0.121 0.1185 0.1185 0.1185 0.1155 0.1155 0.1165 0.1165 0.1185 0.1185 0.1185 0.1195 0.1195 0.113 0.113 0.112 0.112 0.112 0.112 0.112 0.1215 0.1215 0.1345 0.1345 0.1345 0.141 0.141 0.1415 0.1415 0.1365 0.1365 0.134 0.134 0.134 0.135 0.135 0.133 0.133 0.14 0.14 0.14 0.1515 0.1515 0.1455 0.1455 0.133 0.133 0.133 0.1335 0.1335 0.1285 0.1285 0.1245 0.1245 0.1245 0.14
0.119 0.119 0.118 0.118 0.121 0.121 0.1205 0.1205 0.1205 0.124 0.124 0.12 0.12 0.118 0.118 0.12 0.12 0.12 0.122 0.122 0.121 0.121 0.1185 0.1185 0.1185 0.1155 0.1155 0.1165 0.1165 0.1185 0.1185 0.1185 0.1195 0.1195 0.113 0.113 0.112 0.112 0.112 0.112 0.112 0.1215 0.1215 0.1345 0.1345 0.1345 0.141 0.141 0.1415 0.1415 0.1365 0.1365 0.134 0.134 0.134 0.135 0.135 0.133 0.133 0.14 0.14 0.14 0.1515 0.1515 0.1455 0.1455 0.133 0.133 0.133 0.1335 0.1335 0.1285 0.1285 0.1245 0.1245 0.1245 0.14
0.1185 0.1185 0.125 0.125 0.1245 0.1245 0.1245 0.1245 0.1245 0.1255 0.1255 0.1235 0.1235 0.117 0.117 0.121 0.121 0.121 0.12 0.12 0.116 0.116 0.113 0.113 0.113 0.1185 0.1185 0.1245 0.1245 0.1295 0.1295 0.1295 0.1265 0.1265 0.128 0.128 0.119 0.119 0.119 0.1185 0.1185 0.145 0.145 0.154 0.154 0.154 0.1555 0.1555 0.1535 0.1535 0.142 0.142 0.131 0.131 0.131 0.126 0.126 0.1305 0.1305 0.1365 0.1365 0.1365 0.1425 0.1425 0.1395 0.1395 0.1345 0.1345 0.1345 0.1335 0.1335 0.1345 0.1345 0.133 0.133 0.133 0.166
0.1185 0.1185 0.125 0.125 0.1245 0.1245 0.1245 0.1245 0.1245 0.1255 0.1255 0.1235 0.1235 0.117 0.117 0.121 0.121 0.121 0.12 0.12 0.116 0.116 0.113 0.113 0.113 0.1185 0.1185 0.1245 0.1245 0.1295 0.1295 0.1295 0.1265 0.1265 0.128 0.128 0.119 0.119 0.119 0.1185 0.1185 0.145 0.145 0.154 0.154 0.154 0.1555 0.1555 0.1535 0.1535 0.142 0.142 0.131 0.131 0.131 0.126 0.126 0.1305 0.1305 0.1365 0.1365 0.1365 0.1425 0.1425 0.1395 0.1395 0.1345 0.1345 0.1345 0.1335 0.1335 0.1345 0.1345 0.133 0.133 0.133 0.166
0.1225 0.1225 0.1205 0.1205 0.126 0.126 0.1295 0.1295 0.1295 0.1335 0.1335 0.135 0.135 0.1285 0.1285 0.1295 0.1295 0.1295 0.1315 0.1315 0.1315 0.1315 0.128 0.128 0.128 0.1265 0.1265 0.1355 0.1355 0.1305 0.1305 0.1305 0.1315 0.1315 0.125 0.125 0.123 0.123 0.123 0.1225 0.1225 0.1445 0.1445 0.153 0.153 0.153 0.1485 0.1485 0.152 0.152 0.1605 0.1605 0.1395 0.1395 0.1395 0.1295 0.1295 0.131 0.131 0.132 0.132 0.132 0.135 0.135 0.134 0.134 0.141 0.141 0.141 0.139 0.139 0.1395 0.1395 0.141 0.141 0.141 0.1415
0.1225 0.1225 0.1205 0.1205 0.126 0.126 0.1295 0.1295 0.1295 0.1335 0.1335 0.135 0.135 0.1285 0.1285 0.1295 0.1295 0.1295 0.1315 0.1315 0.1315 0.1315 0.128 0.128 0.128 0.1265 0.1265 0.1355 0.1355 0.1305 0.1305 0.1305 0.1315 0.1315 0.125 0.125 0.123 0.123 0.123 0.1225 0.1225 0.1445 0.1445 0.153 0.153 0.153 0.1485 0.1485 0.152 0.152 0.1605 0.1605 0.1395 0.1395 0.1395 0.1295 0.1295 0.131 0.131 0.132 0.132 0.132 0.135 0.135 0.134 0.134 0.141 0.141 0.141 0.139 0.139 0.1395 0.1395 0.141 0.141 0.141 0.1415
0.1305 0.1305 0.132 0.132 0.133 0.133 0.1395 0.1395 0.1395 0.143 0.143 0.142 0.142 0.134 0.134 0.131 0.131 0.131 0.134 0.134 0.1285 0.1285 0.131 0.131 0.131 0.1335 0.1335 0.14 0.14 0.135 0.135 0.135 0.138 0.138 0.134 0.134 0.128 0.128 0.128 0.1265 0.1265 0.144 0.144 0.1465 0.1465 0.1465 0.145 0.145 0.1565 0.1565 0.158 0.158 0.147 0.147 0.147 0.138 0.138 0.1335 0.1335 0.1275 0.1275 0.1275 0.1355 0.1355 0.125 0.125 0.1315 0.1315 0.1315 0.142 0.142 0.1315 0.1315 0.134 0.134 0.134 0.135
0.1305 0.1305 0.132 0.132 0.133 0.133 0.1395 0.1395 0.1395 0.143 0.143 0.142 0.142 0.134 0.134 0.131 0.131 0.131 0.134 0.134 0.1285 0.1285 0.131 0.131 0.131 0.1335 0.1335 0.14 0.14 0.135 0.135 0.135 0.138 0.138 0.134 0.134 0.128 0.128 0.128 0.1265 0.1265 0.144 0.144 0.1465 0.1465 0.1465 0.145 0.145 0.1565 0.1565 0.158 0.158 0.147 0.147 0.147 0.138 0.138 0.1335 0.1335 0.1275 0.1275 0.1275 0.1355 0.1355 0.125 0.125 0.1315 0.1315 0.1315 0.142 0.142 0.1315 0.1315 0.134 0.134 0.134 0.135
0.1305 0.1305 0.132 0.132 0.133 0.133 0.1395 0.1395 0.1395 0.143 0.143 0.142 0.142 0.134 0.134 0.131 0.131 0.131 0.134 0.134 0.1285 0.1285 0.131 0.131 0.131 0.1335 0.1335 0.14 0.14 0.135 0.135 0.135 0.138 0.138 0.134 0.134 0.128 0.128 0.128 0.1265 0.1265 0.144 0.144 0.1465 0.1465 0.1465 0.145 0.145 0.1565 0.1565 0.158 0.158 0.147 0.147 0.147 0.138 0.138 0.1335 0.1335 0.1275 0.1275 0.1275 0.1355 0.1355 0.125 0.125 0.1315 0.1315 0.1315 0.142 0.142 0.1315 0.1315 0.134 0.134 0.134 0.135
0.1325 0.1325 0.1435 0.1435 0.1435 0.1435 0.144 0.144 0.144 0.1465 0.1465 0.145 0.145 0.141 0.141 0.136 0.136 0.136 0.134 0.134 0.1335 0.1335 0.1335 0.1335 0.1335 0.133 0.133 0.1375 0.1375 0.138 0.138 0.138 0.1385 0.1385 0.1415 0.1415 0.1395 0.1395 0.1395 0.132 0.132 0.1425 0.1425 0.1395 0.1395 0.1395 0.1475 0.1475 0.1495 0.1495 0.154 0.154 0.1535 0.1535 0.1535 0.148 0.148 0.14 0.14 0.1365 0.1365 0.1365 0.1385 0.1385 0.1385 0.1385 0.14 0.14 0.14 0.136 0.136 0.1305 0.1305 0.129 0.129 0.129 0.13
0.1325 0.1325 0.1435 0.1435 0.1435 0.1435 0.144 0.144 0.144 0.1465 0.1465 0.145 0.145 0.141 0.141 0.136 0.136 0.136 0.134 0.134 0.1335 0.1335 0.1335 0.1335 0.1335 0.133 0.133 0.1375 0.1375 0.138 0.138 0.138 0.1385 0.1385 0.1415 0.1415 0.1395 0.1395 0.1395 0.132 0.132 0.1425 0.1425 0.1395 0.1395 0.1395 0.1475 0.1475 0.1495 0.1495 0.154 0.154 0.1535 0.1535 0.1535 0.148 0.148 0.14 0.14 0.1365 0.1365 0.1365 0.1385 0.1385 0.1385 0.1385 0.14 0.14 0.14 0.136 0.136 0.1305 0.1305 0.129 0.129 0.129 0.13
0.1305 0.1305 0.1525 0.1525 0.144 0.144 0.141 0.141 0.141 0.1405 0.1405 0.1445 0.1445 0.1495 0.1495 0.1485 0.1485 0.1485 0.138 0.138 0.141 0.141 0.1345 0.1345 0.1345 0.1355 0.1355 0.145 0.145 0.145 0.145 0.145 0.142 0.142 0.139 0.139 0.1375 0.1375 0.1375 0.1425 0.1425 0.141 0.141 0.1355 0.1355 0.1355 0.1405 0.1405 0.1315 0.1315 0.129 0.129 0.137 0.137 0.137 0.153 0.153 0.162 0.162 0.159 0.159 0.159 0.155 0.155 0.1555 0.1555 0.146 0.146 0.146 0.145 0.145 0.131 0.131 0.1295 0.1295 0.1295 0.128
0.1305 0.1305 0.1525 0.1525 0.144 0.144 0.141 0.141 0.141 0.1405 0.1405 0.1445 0.1445 0.1495 0.1495 0.1485 0.1485 0.1485 0.138 0.138 0.141 0.141 0.1345 0.1345 0.1345 0.1355 0.1355 0.145 0.145 0.145 0.145 0.145 0.142 0.142 0.139 0.139 0.1375 0.1375 0.1375 0.1425 0.1425 0.141 0.141 0.1355 0.1355 0.1355 0.1405 0.1405 0.1315 0.1315 0.129 0.129 0.137 0.137 0.137 0.153 0.153 0.162 0.162 0.159 0.159 0.159 0.155 0.155 0.1555 0.1555 0.146 0.146 0.146 0.145 0.145 0.131 0.131 0.1295 0.1295 0.1295 0.128
0.146 0.146 0.144 0.144 0.1485 0.1485 0.1395 0.1395 0.1395 0.1325 0.1325 0.146 0.146 0.1475 0.1475 0.154 0.154 0.154 0.148 0.148 0.149 0.149 0.147 0.147 0.147 0.1515 0.1515 0.1515 0.1515 0.1595 0.1595 0.1595 0.1465 0.1465 0.133 0.133 0.1415 0.1415 0.1415 0.141 0.141 0.123 0.123 0.1455 0.1455 0.1455 0.149 0.149 0.14 0.14 0.1445 0.1445 0.1485 0.1485 0.1485 0.1495 0.1495 0.1505 0.1505 0.1595 0.1595 0.1595 0.174 0.174 0.164 0.164 0.1635 0.1635 0.1635 0.1495 0.1495 0.1605 0.1605 0.1275 0.1275 0.1275 0.128
0.146 0.146 0.144 0.144 0.1485 0.1485 0.1395 0.1395 0.1395 0.1325 0.1325 0.146 0.146 0.1475 0.1475 0.154 0.154 0.154 0.148 0.148 0.149 0.149 0.147 0.147 0.147 0.1515 0.1515 0.1515 0.1515 0.1595 0.1595 0.1595 0.1465 0.1465 0.133 0.133 0.1415 0.1415 0.1415 0.141 0.141 0.123 0.123 0.1455 0.1455 0.1455 0.149 0.149 0.14 0.14 0.1445 0.1445 0.1485 0.1485 0.1485 0.1495 0.1495 0.1505 0.1505 0.1595 0.1595 0.1595 0.174 0.174 0.164 0.164 0.1635 0.1635 0.1635 0.1495 0.1495 0.1605 0.1605 0.1275 0.1275 0.1275 0.128
