ndvi/NOAA-70.asc
ncols         252
nrows         154
xllcorner     -18.017974
yllcorner     13.481982
cellsize      0.035948
NODATA_value  -9999
[rows 0 to 33 of 154, columns 154 to 230 of 252]
0.081 0.0795 0.0795 0.0825 0.0825 0.0825 0.086 0.086 0.087 0.087 0.0885 0.0885 0.0865 0.0865 0.0865 0.0905 0.0905 0.09 0.09 0.089 0.089 0.089 0.0915 0.0915 0.0895 0.0895 0.0905 0.0905 0.0905 0.0885 0.0885 0.0875 0.0875 0.088 0.088 0.088 0.0865 0.0865 0.0805 0.0805 0.086 0.086 0.086 0.0905 0.0905 0.0885 0.0885 0.091 0.091 0.095 0.095 0.095 0.0945 0.0945 0.09450001 0.09450001 0.0925 0.0925 0.0925 0.086 0.086 0.08499999 0.08499999 0.08499999 0.08499999 0.08499999 0.0835 0.0835 0.083 0.083 0.083 0.083 0.083 0.081 0.081 0.079 0.079
0.081 0.0795 0.0795 0.0825 0.0825 0.0825 0.086 0.086 0.087 0.087 0.0885 0.0885 0.0865 0.0865 0.0865 0.0905 0.0905 0.09 0.09 0.089 0.089 0.089 0.0915 0.0915 0.0895 0.0895 0.0905 0.0905 0.0905 0.0885 0.0885 0.0875 0.0875 0.088 0.088 0.088 0.0865 0.0865 0.0805 0.0805 0.086 0.086 0.086 0.0905 0.0905 0.0885 0.0885 0.091 0.091 0.095 0.095 0.095 0.0945 0.0945 0.09450001 0.09450001 0.0925 0.0925 0.0925 0.086 0.086 0.08499999 0.08499999 0.08499999 0.08499999 0.08499999 0.0835 0.0835 0.083 0.083 0.083 0.083 0.083 0.081 0.081 0.079 0.079
0.0835 0.0835 0.0835 0.0845 0.0845 0.0845 0.09 0.09 0.0905 0.0905 0.089 0.089 0.088 0.088 0.088 0.0905 0.0905 0.091 0.091 0.09 0.09 0.09 0.0895 0.0895 0.083 0.083 0.0945 0.0945 0.0945 0.0885 0.0885 0.093 0.093 0.095 0.095 0.095 0.096 0.096 0.098 0.098 0.0955 0.0955 0.0955 0.1045 0.1045 0.096 0.096 0.098 0.098 0.098 0.098 0.098 0.099 0.099 0.096 0.096 0.0995 0.0995 0.0995 0.0975 0.0975 0.0905 0.0905 0.08499999 0.08499999 0.08499999 0.086 0.086 0.0835 0.0835 0.0835 0.0835 0.0835 0.0825 0.0825 0.079 0.079
0.0835 0.0835 0.0835 0.0845 0.0845 0.0845 0.09 0.09 0.0905 0.0905 0.089 0.089 0.088 0.088 0.088 0.0905 0.0905 0.091 0.091 0.09 0.09 0.09 0.0895 0.0895 0.083 0.083 0.0945 0.0945 0.0945 0.0885 0.0885 0.093 0.093 0.095 0.095 0.095 0.096 0.096 0.098 0.098 0.0955 0.0955 0.0955 0.1045 0.1045 0.096 0.096 0.098 0.098 0.098 0.098 0.098 0.099 0.099 0.096 0.096 0.0995 0.0995 0.0995 0.0975 0.0975 0.0905 0.0905 0.08499999 0.08499999 0.08499999 0.086 0.086 0.0835 0.0835 0.0835 0.0835 0.0835 0.0825 0.0825 0.079 0.079
0.0835 0.0835 0.0835 0.0845 0.0845 0.0845 0.09 0.09 0.0905 0.0905 0.089 0.089 0.088 0.088 0.088 0.0905 0.0905 0.091 0.091 0.09 0.09 0.09 0.0895 0.0895 0.083 0.083 0.0945 0.0945 0.0945 0.0885 0.0885 0.093 0.093 0.095 0.095 0.095 0.096 0.096 0.098 0.098 0.0955 0.0955 0.0955 0.1045 0.1045 0.096 0.096 0.098 0.098 0.098 0.098 0.098 0.099 0.099 0.096 0.096 0.0995 0.0995 0.0995 0.0975 0.0975 0.0905 0.0905 0.08499999 0.08499999 0.08499999 0.086 0.086 0.0835 0.0835 0.0835 0.0835 0.0835 0.0825 0.0825 0.079 0.079
0.088 0.08750001 0.08750001 0.0915 0.0915 0.0915 0.0925 0.0925 0.095 0.095 0.0935 0.0935 0.09299999 0.09299999 0.09299999 0.0935 0.0935 0.09 0.09 0.089 0.089 0.089 0.09450001 0.09450001 0.1005 0.1005 0.1035 0.1035 0.1035 0.1035 0.1035 0.1065 0.1065 0.1045 0.1045 0.1045 0.103 0.103 0.099 0.099 0.103 0.103 0.103 0.102 0.102 0.096 0.096 0.097 0.097 0.103 0.103 0.103 0.1005 0.1005 0.09100001 0.09100001 0.0995 0.0995 0.0995 0.099 0.099 0.0895 0.0895 0.0895 0.0895 0.0895 0.084 0.084 0.083 0.083 0.0815 0.0815 0.0815 0.0805 0.0805 0.082 0.082
0.088 0.08750001 0.08750001 0.0915 0.0915 0.0915 0.0925 0.0925 0.095 0.095 0.0935 0.0935 0.09299999 0.09299999 0.09299999 0.0935 0.0935 0.09 0.09 0.089 0.089 0.089 0.09450001 0.09450001 0.1005 0.1005 0.1035 0.1035 0.1035 0.1035 0.1035 0.1065 0.1065 0.1045 0.1045 0.1045 0.103 0.103 0.099 0.099 0.103 0.103 0.103 0.102 0.102 0.096 0.096 0.097 0.097 0.103 0.103 0.103 0.1005 0.1005 0.09100001 0.09100001 0.0995 0.0995 0.0995 0.099 0.099 0.0895 0.0895 0.0895 0.0895 0.0895 0.084 0.084 0.083 0.083 0.0815 0.0815 0.0815 0.0805 0.0805 0.082 0.082
0.0895 0.089 0.089 0.093 0.093 0.093 0.0935 0.0935 0.09450001 0.09450001 0.0935 0.0935 0.09299999 0.09299999 0.09299999 0.09299999 0.09299999 0.097 0.097 0.097 0.097 0.097 0.099 0.099 0.099 0.099 0.09999999 0.09999999 0.09999999 0.098 0.098 0.0995 0.0995 0.0985 0.0985 0.0985 0.09999999 0.09999999 0.1 0.1 0.0975 0.0975 0.0975 0.099 0.099 0.094 0.094 0.0965 0.0965 0.098 0.098 0.098 0.095 0.095 0.095 0.095 0.097 0.097 0.097 0.09100001 0.09100001 0.087 0.087 0.088 0.088 0.088 0.09 0.09 0.0865 0.0865 0.0885 0.0885 0.0885 0.0865 0.0865 0.0835 0.0835
0.0895 0.089 0.089 0.093 0.093 0.093 0.0935 0.0935 0.09450001 0.09450001 0.0935 0.0935 0.09299999 0.09299999 0.09299999 0.09299999 0.09299999 0.097 0.097 0.097 0.097 0.097 0.099 0.099 0.099 0.099 0.09999999 0.09999999 0.09999999 0.098 0.098 0.0995 0.0995 0.0985 0.0985 0.0985 0.09999999 0.09999999 0.1 0.1 0.0975 0.0975 0.0975 0.099 0.099 0.094 0.094 0.0965 0.0965 0.098 0.098 0.098 0.095 0.095 0.095 0.095 0.097 0.097 0.097 0.09100001 0.09100001 0.087 0.087 0.088 0.088 0.088 0.09 0.09 0.0865 0.0865 0.0885 0.0885 0.0885 0.0865 0.0865 0.0835 0.0835
0.092 0.095 0.095 0.0935 0.0935 0.0935 0.09100001 0.09100001 0.094 0.094 0.09450001 0.09450001 0.096 0.096 0.096 0.098 0.098 0.1005 0.1005 0.09999999 0.09999999 0.09999999 0.09550001 0.09550001 0.0985 0.0985 0.098 0.098 0.098 0.0975 0.0975 0.0985 0.0985 0.0955 0.0955 0.0955 0.093 0.093 0.089 0.089 0.09100001 0.09100001 0.09100001 0.094 0.094 0.0895 0.0895 0.103 0.103 0.1005 0.1005 0.1005 0.1025 0.1025 0.0975 0.0975 0.09450001 0.09450001 0.09450001 0.09100001 0.09100001 0.0905 0.0905 0.0885 0.0885 0.0885 0.0865 0.0865 0.089 0.089 0.08750001 0.08750001 0.08750001 0.08499999 0.08499999 0.0835 0.0835
0.092 0.095 0.095 0.0935 0.0935 0.0935 0.09100001 0.09100001 0.094 0.094 0.09450001 0.09450001 0.096 0.096 0.096 0.098 0.098 0.1005 0.1005 0.09999999 0.09999999 0.09999999 0.09550001 0.09550001 0.0985 0.0985 0.098 0.098 0.098 0.0975 0.0975 0.0985 0.0985 0.0955 0.0955 0.0955 0.093 0.093 0.089 0.089 0.09100001 0.09100001 0.09100001 0.094 0.094 0.0895 0.0895 0.103 0.103 0.1005 0.1005 0.1005 0.1025 0.1025 0.0975 0.0975 0.09450001 0.09450001 0.09450001 0.09100001 0.09100001 0.0905 0.0905 0.0885 0.0885 0.0885 0.0865 0.0865 0.089 0.089 0.08750001 0.08750001 0.08750001 0.08499999 0.08499999 0.0835 0.0835
0.0985 0.09299999 0.09299999 0.094 0.094 0.094 0.089 0.089 0.09299999 0.09299999 0.094 0.094 0.09649999 0.09649999 0.09649999 0.102 0.102 0.106 0.106 0.095 0.095 0.095 0.092 0.092 0.095 0.095 0.09999999 0.09999999 0.09999999 0.096 0.096 0.0915 0.0915 0.0885 0.0885 0.0885 0.0895 0.0895 0.08499999 0.08499999 0.0855 0.0855 0.0855 0.09 0.09 0.094 0.094 0.1085 0.1085 0.1005 0.1005 0.1005 0.101 0.101 0.097 0.097 0.0955 0.0955 0.0955 0.094 0.094 0.086 0.086 0.08050001 0.08050001 0.08050001 0.0805 0.0805 0.0825 0.0825 0.08 0.08 0.08 0.079 0.079 0.0835 0.0835
0.0985 0.09299999 0.09299999 0.094 0.094 0.094 0.089 0.089 0.09299999 0.09299999 0.094 0.094 0.09649999 0.09649999 0.09649999 0.102 0.102 0.106 0.106 0.095 0.095 0.095 0.092 0.092 0.095 0.095 0.09999999 0.09999999 0.09999999 0.096 0.096 0.0915 0.0915 0.0885 0.0885 0.0885 0.0895 0.0895 0.08499999 0.08499999 0.0855 0.0855 0.0855 0.09 0.09 0.094 0.094 0.1085 0.1085 0.1005 0.1005 0.1005 0.101 0.101 0.097 0.097 0.0955 0.0955 0.0955 0.094 0.094 0.086 0.086 0.08050001 0.08050001 0.08050001 0.0805 0.0805 0.0825 0.0825 0.08 0.08 0.08 0.079 0.079 0.0835 0.0835
0.0985 0.09299999 0.09299999 0.094 0.094 0.094 0.089 0.089 0.09299999 0.09299999 0.094 0.094 0.09649999 0.09649999 0.09649999 0.102 0.102 0.106 0.106 0.095 0.095 0.095 0.092 0.092 0.095 0.095 0.09999999 0.09999999 0.09999999 0.096 0.096 0.0915 0.0915 0.0885 0.0885 0.0885 0.0895 0.0895 0.08499999 0.08499999 0.0855 0.0855 0.0855 0.09 0.09 0.094 0.094 0.1085 0.1085 0.1005 0.1005 0.1005 0.101 0.101 0.097 0.097 0.0955 0.0955 0.0955 0.094 0.094 0.086 0.086 0.08050001 0.08050001 0.08050001 0.0805 0.0805 0.0825 0.0825 0.08 0.08 0.08 0.079 0.079 0.0835 0.0835
0.097 0.09450001 0.09450001 0.096 0.096 0.096 0.0925 0.0925 0.09450001 0.09450001 0.0935 0.0935 0.098 0.098 0.098 0.106 0.106 0.106 0.106 0.096 0.096 0.096 0.101 0.101 0.09999999 0.09999999 0.09299999 0.09299999 0.09299999 0.0975 0.0975 0.09550001 0.09550001 0.0865 0.0865 0.0865 0.094 0.094 0.0915 0.0915 0.0885 0.0885 0.0885 0.0945 0.0945 0.0895 0.0895 0.0985 0.0985 0.081 0.081 0.081 0.0825 0.0825 0.0905 0.0905 0.097 0.097 0.097 0.087 0.087 0.0865 0.0865 0.0775 0.0775 0.0775 0.0805 0.0805 0.0785 0.0785 0.0815 0.0815 0.0815 0.081 0.081 0.0845 0.0845
0.097 0.09450001 0.09450001 0.096 0.096 0.096 0.0925 0.0925 0.09450001 0.09450001 0.0935 0.0935 0.098 0.098 0.098 0.106 0.106 0.106 0.106 0.096 0.096 0.096 0.101 0.101 0.09999999 0.09999999 0.09299999 0.09299999 0.09299999 0.0975 0.0975 0.09550001 0.09550001 0.0865 0.0865 0.0865 0.094 0.094 0.0915 0.0915 0.0885 0.0885 0.0885 0.0945 0.0945 0.0895 0.0895 0.0985 0.0985 0.081 0.081 0.081 0.0825 0.0825 0.0905 0.0905 0.097 0.097 0.097 0.087 0.087 0.0865 0.0865 0.0775 0.0775 0.0775 0.0805 0.0805 0.0785 0.0785 0.0815 0.0815 0.0815 0.081 0.081 0.0845 0.0845
0.09299999 0.094 0.094 0.094 0.094 0.094 0.0975 0.0975 0.0995 0.0995 0.099 0.099 0.09649999 0.09649999 0.09649999 0.0985 0.0985 0.099 0.099 0.102 0.102 0.102 0.0995 0.0995 0.09999999 0.09999999 0.095 0.095 0.095 0.092 0.092 0.094 0.094 0.095 0.095 0.095 0.094 0.094 0.0815 0.0815 0.08499999 0.08499999 0.08499999 0.0815 0.0815 0.077 0.077 0.0775 0.0775 0.0735 0.0735 0.0735 0.077 0.077 0.0825 0.0825 0.08750001 0.08750001 0.08750001 0.0845 0.0845 0.084 0.084 0.078 0.078 0.078 0.0795 0.0795 0.0815 0.0815 0.081 0.081 0.081 0.0805 0.0805 0.08849999 0.08849999
0.09299999 0.094 0.094 0.094 0.094 0.094 0.0975 0.0975 0.0995 0.0995 0.099 0.099 0.09649999 0.09649999 0.09649999 0.0985 0.0985 0.099 0.099 0.102 0.102 0.102 0.0995 0.0995 0.09999999 0.09999999 0.095 0.095 0.095 0.092 0.092 0.094 0.094 0.095 0.095 0.095 0.094 0.094 0.0815 0.0815 0.08499999 0.08499999 0.08499999 0.0815 0.0815 0.077 0.077 0.0775 0.0775 0.0735 0.0735 0.0735 0.077 0.077 0.0825 0.0825 0.08750001 0.08750001 0.08750001 0.0845 0.0845 0.084 0.084 0.078 0.078 0.078 0.0795 0.0795 0.0815 0.0815 0.081 0.081 0.081 0.0805 0.0805 0.08849999 0.08849999
0.107 0.1305 0.1305 0.1245 0.1245 0.1245 0.097 0.097 0.0955 0.0955 0.0795 0.0795 0.0895 0.0895 0.0895 0.0845 0.0845 0.0925 0.0925 0.0935 0.0935 0.0935 0.087 0.087 0.08750001 0.08750001 0.0765 0.0765 0.0765 0.073 0.073 0.0675 0.0675 0.074 0.074 0.074 0.0805 0.0805 0.086 0.086 0.09100001 0.09100001 0.09100001 0.0855 0.0855 0.094 0.094 0.083 0.083 0.0845 0.0845 0.0845 0.0825 0.0825 0.084 0.084 0.0855 0.0855 0.0855 0.086 0.086 0.087 0.087 0.0815 0.0815 0.0815 0.08 0.08 0.0835 0.0835 0.084 0.084 0.084 0.085 0.085 0.0875 0.0875
0.107 0.1305 0.1305 0.1245 0.1245 0.1245 0.097 0.097 0.0955 0.0955 0.0795 0.0795 0.0895 0.0895 0.0895 0.0845 0.0845 0.0925 0.0925 0.0935 0.0935 0.0935 0.087 0.087 0.08750001 0.08750001 0.0765 0.0765 0.0765 0.073 0.073 0.0675 0.0675 0.074 0.074 0.074 0.0805 0.0805 0.086 0.086 0.09100001 0.09100001 0.09100001 0.0855 0.0855 0.094 0.094 0.083 0.083 0.0845 0.0845 0.0845 0.0825 0.0825 0.084 0.084 0.0855 0.0855 0.0855 0.086 0.086 0.087 0.087 0.0815 0.0815 0.0815 0.08 0.08 0.0835 0.0835 0.084 0.084 0.084 0.085 0.085 0.0875 0.0875
0.107 0.1305 0.1305 0.1245 0.1245 0.1245 0.097 0.097 0.0955 0.0955 0.0795 0.0795 0.0895 0.0895 0.0895 0.0845 0.0845 0.0925 0.0925 0.0935 0.0935 0.0935 0.087 0.087 0.08750001 0.08750001 0.0765 0.0765 0.0765 0.073 0.073 0.0675 0.0675 0.074 0.074 0.074 0.0805 0.0805 0.086 0.086 0.09100001 0.09100001 0.09100001 0.0855 0.0855 0.094 0.094 0.083 0.083 0.0845 0.0845 0.0845 0.0825 0.0825 0.084 0.084 0.0855 0.0855 0.0855 0.086 0.086 0.087 0.087 0.0815 0.0815 0.0815 0.08 0.08 0.0835 0.0835 0.084 0.084 0.084 0.085 0.085 0.0875 0.0875
0.101 0.1185 0.1185 0.1176 0.1176 0.1176 0.09450001 0.09450001 0.086 0.086 0.0815 0.0815 0.0845 0.0845 0.0845 0.098 0.098 0.095 0.095 0.092 0.092 0.092 0.086 0.086 0.087 0.087 0.082 0.082 0.082 0.0765 0.0765 0.0715 0.0715 0.083 0.083 0.083 0.0961 0.0961 0.098 0.098 0.0955 0.0955 0.0955 0.0875 0.0875 0.0905 0.0905 0.089 0.089 0.0925 0.0925 0.0925 0.0815 0.0815 0.086 0.086 0.0855 0.0855 0.0855 0.0855 0.0855 0.0865 0.0865 0.087 0.087 0.087 0.0885 0.0885 0.088 0.088 0.0865 0.0865 0.0865 0.09 0.09 0.0825 0.0825
0.101 0.1185 0.1185 0.1176 0.1176 0.1176 0.09450001 0.09450001 0.086 0.086 0.0815 0.0815 0.0845 0.0845 0.0845 0.098 0.098 0.095 0.095 0.092 0.092 0.092 0.086 0.086 0.087 0.087 0.082 0.082 0.082 0.0765 0.0765 0.0715 0.0715 0.083 0.083 0.083 0.0961 0.0961 0.098 0.098 0.0955 0.0955 0.0955 0.0875 0.0875 0.0905 0.0905 0.089 0.089 0.0925 0.0925 0.0925 0.0815 0.0815 0.086 0.086 0.0855 0.0855 0.0855 0.0855 0.0855 0.0865 0.0865 0.087 0.087 0.087 0.0885 0.0885 0.088 0.088 0.0865 0.0865 0.0865 0.09 0.09 0.0825 0.0825
0.101 0.111 0.111 0.1135 0.1135 0.1135 0.1076 0.1076 0.0955 0.0955 0.092 0.092 0.098 0.098 0.098 0.097 0.097 0.0985 0.0985 0.1151 0.1151 0.1151 0.117 0.117 0.1091 0.1091 0.1066 0.1066 0.1066 0.106 0.106 0.1076 0.1076 0.108 0.108 0.108 0.109 0.109 0.0935 0.0935 0.094 0.094 0.094 0.0895 0.0895 0.0945 0.0945 0.0935 0.0935 0.087 0.087 0.087 0.08400001 0.08400001 0.0855 0.0855 0.085 0.085 0.085 0.0875 0.0875 0.09 0.09 0.09 0.09 0.09 0.09 0.09 0.08750001 0.08750001 0.088 0.088 0.088 0.0915 0.0915 0.085 0.085
0.101 0.111 0.111 0.1135 0.1135 0.1135 0.1076 0.1076 0.0955 0.0955 0.092 0.092 0.098 0.098 0.098 0.097 0.097 0.0985 0.0985 0.1151 0.1151 0.1151 0.117 0.117 0.1091 0.1091 0.1066 0.1066 0.1066 0.106 0.106 0.1076 0.1076 0.108 0.108 0.108 0.109 0.109 0.0935 0.0935 0.094 0.094 0.094 0.0895 0.0895 0.0945 0.0945 0.0935 0.0935 0.087 0.087 0.087 0.08400001 0.08400001 0.0855 0.0855 0.085 0.085 0.085 0.0875 0.0875 0.09 0.09 0.09 0.09 0.09 0.09 0.09 0.08750001 0.08750001 0.088 0.088 0.088 0.0915 0.0915 0.085 0.085
0.103 0.1005 0.1005 0.112 0.112 0.112 0.1446 0.1446 0.1191 0.1191 0.086 0.086 0.08849999 0.08849999 0.08849999 0.094 0.094 0.0955 0.0955 0.101 0.101 0.101 0.097 0.097 0.109 0.109 0.1091 0.1091 0.1091 0.1095 0.1095 0.103 0.103 0.1 0.1 0.1 0.1065 0.1065 0.094 0.094 0.0935 0.0935 0.0935 0.0925 0.0925 0.099 0.099 0.095 0.095 0.099 0.099 0.099 0.09 0.09 0.089 0.089 0.086 0.086 0.086 0.0915 0.0915 0.0905 0.0905 0.09450001 0.09450001 0.09450001 0.0935 0.0935 0.092 0.092 0.0925 0.0925 0.0925 0.093 0.093 0.09100001 0.09100001
0.103 0.1005 0.1005 0.112 0.112 0.112 0.1446 0.1446 0.1191 0.1191 0.086 0.086 0.08849999 0.08849999 0.08849999 0.094 0.094 0.0955 0.0955 0.101 0.101 0.101 0.097 0.097 0.109 0.109 0.1091 0.1091 0.1091 0.1095 0.1095 0.103 0.103 0.1 0.1 0.1 0.1065 0.1065 0.094 0.094 0.0935 0.0935 0.0935 0.0925 0.0925 0.099 0.099 0.095 0.095 0.099 0.099 0.099 0.09 0.09 0.089 0.089 0.086 0.086 0.086 0.0915 0.0915 0.0905 0.0905 0.09450001 0.09450001 0.09450001 0.0935 0.0935 0.092 0.092 0.0925 0.0925 0.0925 0.093 0.093 0.09100001 0.09100001
0.103 0.1005 0.1005 0.112 0.112 0.112 0.1446 0.1446 0.1191 0.1191 0.086 0.086 0.08849999 0.08849999 0.08849999 0.094 0.094 0.0955 0.0955 0.101 0.101 0.101 0.097 0.097 0.109 0.109 0.1091 0.1091 0.1091 0.1095 0.1095 0.103 0.103 0.1 0.1 0.1 0.1065 0.1065 0.094 0.094 0.0935 0.0935 0.0935 0.0925 0.0925 0.099 0.099 0.095 0.095 0.099 0.099 0.099 0.09 0.09 0.089 0.089 0.086 0.086 0.086 0.0915 0.0915 0.0905 0.0905 0.09450001 0.09450001 0.09450001 0.0935 0.0935 0.092 0.092 0.0925 0.0925 0.0925 0.093 0.093 0.09100001 0.09100001
0.0995 0.1005 0.1005 0.118 0.118 0.118 0.1705 0.1705 0.129 0.129 0.102 0.102 0.0985 0.0985 0.0985 0.0975 0.0975 0.08750001 0.08750001 0.0965 0.0965 0.0965 0.103 0.103 0.1025 0.1025 0.113 0.113 0.113 0.1105 0.1105 0.1075 0.1075 0.098 0.098 0.098 0.102 0.102 0.1005 0.1005 0.0985 0.0985 0.0985 0.092 0.092 0.1015 0.1015 0.1055 0.1055 0.1005 0.1005 0.1005 0.09649999 0.09649999 0.0925 0.0925 0.0915 0.0915 0.0915 0.09100001 0.09100001 0.099 0.099 0.099 0.099 0.099 0.0985 0.0985 0.0995 0.0995 0.09450001 0.09450001 0.09450001 0.097 0.097 0.09299999 0.09299999
0.0995 0.1005 0.1005 0.118 0.118 0.118 0.1705 0.1705 0.129 0.129 0.102 0.102 0.0985 0.0985 0.0985 0.0975 0.0975 0.08750001 0.08750001 0.0965 0.0965 0.0965 0.103 0.103 0.1025 0.1025 0.113 0.113 0.113 0.1105 0.1105 0.1075 0.1075 0.098 0.098 0.098 0.102 0.102 0.1005 0.1005 0.0985 0.0985 0.0985 0.092 0.092 0.1015 0.1015 0.1055 0.1055 0.1005 0.1005 0.1005 0.09649999 0.09649999 0.0925 0.0925 0.0915 0.0915 0.0915 0.09100001 0.09100001 0.099 0.099 0.099 0.099 0.099 0.0985 0.0985 0.0995 0.0995 0.09450001 0.09450001 0.09450001 0.097 0.097 0.09299999 0.09299999
0.1075 0.0985 0.0985 0.098 0.098 0.098 0.1465 0.1465 0.101 0.101 0.0845 0.0845 0.086 0.086 0.086 0.068 0.068 0.0775 0.0775 0.109 0.109 0.109 0.0975 0.0975 0.1135 0.1135 0.1125 0.1125 0.1125 0.12 0.12 0.108 0.108 0.103 0.103 0.103 0.101 0.101 0.1035 0.1035 0.105 0.105 0.105 0.1015 0.1015 0.107 0.107 0.1115 0.1115 0.1035 0.1035 0.1035 0.1055 0.1055 0.1005 0.1005 0.099 0.099 0.099 0.0995 0.0995 0.105 0.105 0.1025 0.1025 0.1025 0.1065 0.1065 0.1085 0.1085 0.108 0.108 0.108 0.1045 0.1045 0.0945 0.0945
0.1075 0.0985 0.0985 0.098 0.098 0.098 0.1465 0.1465 0.101 0.101 0.0845 0.0845 0.086 0.086 0.086 0.068 0.068 0.0775 0.0775 0.109 0.109 0.109 0.0975 0.0975 0.1135 0.1135 0.1125 0.1125 0.1125 0.12 0.12 0.108 0.108 0.103 0.103 0.103 0.101 0.101 0.1035 0.1035 0.105 0.105 0.105 0.1015 0.1015 0.107 0.107 0.1115 0.1115 0.1035 0.1035 0.1035 0.1055 0.1055 0.1005 0.1005 0.099 0.099 0.099 0.0995 0.0995 0.105 0.105 0.1025 0.1025 0.1025 0.1065 0.1065 0.1085 0.1085 0.108 0.108 0.108 0.1045 0.1045 0.0945 0.0945
0.111 0.0965 0.0965 0.0965 0.0965 0.0965 0.091 0.091 0.083 0.083 0.088 0.088 0.083 0.083 0.083 0.088 0.088 0.0795 0.0795 0.078 0.078 0.078 0.0795 0.0795 0.1095 0.1095 0.1165 0.1165 0.1165 0.116 0.116 0.116 0.116 0.076 0.076 0.076 0.104 0.104 0.085 0.085 0.09999999 0.09999999 0.09999999 0.1025 0.1025 0.103 0.103 0.1095 0.1095 0.11 0.11 0.11 0.12 0.12 0.1095 0.1095 0.1085 0.1085 0.1085 0.1095 0.1095 0.1095 0.1095 0.11 0.11 0.11 0.1105 0.1105 0.108 0.108 0.108 0.108 0.108 0.1015 0.1015 0.0995 0.0995
0.111 0.0965 0.0965 0.0965 0.0965 0.0965 0.091 0.091 0.083 0.083 0.088 0.088 0.083 0.083 0.083 0.088 0.088 0.0795 0.0795 0.078 0.078 0.078 0.0795 0.0795 0.1095 0.1095 0.1165 0.1165 0.1165 0.116 0.116 0.116 0.116 0.076 0.076 0.076 0.104 0.104 0.085 0.085 0.09999999 0.09999999 0.09999999 0.1025 0.1025 0.103 0.103 0.1095 0.1095 0.11 0.11 0.11 0.12 0.12 0.1095 0.1095 0.1085 0.1085 0.1085 0.1095 0.1095 0.1095 0.1095 0.11 0.11 0.11 0.1105 0.1105 0.108 0.108 0.108 0.108 0.108 0.1015 0.1015 0.0995 0.0995
