ndvi/NOAA-132.asc
ncols         252
nrows         154
xllcorner     -18.017974
yllcorner     13.481982
cellsize      0.035948
NODATA_value  -9999
[rows 0 to 33 of 154, columns 154 to 230 of 252]
0.1005 0.084 0.084 0.1005 0.1005 0.1005 0.0985 0.0985 0.0985 0.0985 0.103 0.103 0.0995 0.0995 0.0995 0.102 0.102 0.095 0.095 0.1005 0.1005 0.1005 0.096 0.096 0.0915 0.0915 0.095 0.095 0.095 0.09649999 0.09649999 0.098 0.098 0.097 0.097 0.097 0.094 0.094 0.088 0.088 0.08750001 0.08750001 0.08750001 0.095 0.095 0.09100001 0.09100001 0.0975 0.0975 0.105 0.105 0.105 0.1035 0.1035 0.105 0.105 0.104 0.104 0.104 0.1075 0.1075 0.103 0.103 0.0945 0.0945 0.0945 0.099 0.099 0.0905 0.0905 0.0915 0.0915 0.0915 0.096 0.096 0.09100001 0.09100001
0.1005 0.084 0.084 0.1005 0.1005 0.1005 0.0985 0.0985 0.0985 0.0985 0.103 0.103 0.0995 0.0995 0.0995 0.102 0.102 0.095 0.095 0.1005 0.1005 0.1005 0.096 0.096 0.0915 0.0915 0.095 0.095 0.095 0.09649999 0.09649999 0.098 0.098 0.097 0.097 0.097 0.094 0.094 0.088 0.088 0.08750001 0.08750001 0.08750001 0.095 0.095 0.09100001 0.09100001 0.0975 0.0975 0.105 0.105 0.105 0.1035 0.1035 0.105 0.105 0.104 0.104 0.104 0.1075 0.1075 0.103 0.103 0.0945 0.0945 0.0945 0.099 0.099 0.0905 0.0905 0.0915 0.0915 0.0915 0.096 0.096 0.09100001 0.09100001
0.097 0.092 0.092 0.1005 0.1005 0.1005 0.09649999 0.09649999 0.103 0.103 0.102 0.102 0.107 0.107 0.107 0.1035 0.1035 0.0995 0.0995 0.0995 0.0995 0.0995 0.098 0.098 0.097 0.097 0.0975 0.0975 0.0975 0.0975 0.0975 0.098 0.098 0.101 0.101 0.101 0.1035 0.1035 0.104 0.104 0.097 0.097 0.097 0.114 0.114 0.103 0.103 0.1035 0.1035 0.108 0.108 0.108 0.1105 0.1105 0.1075 0.1075 0.1155 0.1155 0.1155 0.1195 0.1195 0.1075 0.1075 0.1035 0.1035 0.1035 0.102 0.102 0.098 0.098 0.1005 0.1005 0.1005 0.101 0.101 0.09450001 0.09450001
0.097 0.092 0.092 0.1005 0.1005 0.1005 0.09649999 0.09649999 0.103 0.103 0.102 0.102 0.107 0.107 0.107 0.1035 0.1035 0.0995 0.0995 0.0995 0.0995 0.0995 0.098 0.098 0.097 0.097 0.0975 0.0975 0.0975 0.0975 0.0975 0.098 0.098 0.101 0.101 0.101 0.1035 0.1035 0.104 0.104 0.097 0.097 0.097 0.114 0.114 0.103 0.103 0.1035 0.1035 0.108 0.108 0.108 0.1105 0.1105 0.1075 0.1075 0.1155 0.1155 0.1155 0.1195 0.1195 0.1075 0.1075 0.1035 0.1035 0.1035 0.102 0.102 0.098 0.098 0.1005 0.1005 0.1005 0.101 0.101 0.09450001 0.09450001
0.097 0.092 0.092 0.1005 0.1005 0.1005 0.09649999 0.09649999 0.103 0.103 0.102 0.102 0.107 0.107 0.107 0.1035 0.1035 0.0995 0.0995 0.0995 0.0995 0.0995 0.098 0.098 0.097 0.097 0.0975 0.0975 0.0975 0.0975 0.0975 0.098 0.098 0.101 0.101 0.101 0.1035 0.1035 0.104 0.104 0.097 0.097 0.097 0.114 0.114 0.103 0.103 0.1035 0.1035 0.108 0.108 0.108 0.1105 0.1105 0.1075 0.1075 0.1155 0.1155 0.1155 0.1195 0.1195 0.1075 0.1075 0.1035 0.1035 0.1035 0.102 0.102 0.098 0.098 0.1005 0.1005 0.1005 0.101 0.101 0.09450001 0.09450001
0.0995 0.1055 0.1055 0.102 0.102 0.102 0.1065 0.1065 0.1095 0.1095 0.1 0.1 0.09900001 0.09900001 0.09900001 0.1075 0.1075 0.099 0.099 0.106 0.106 0.106 0.1055 0.1055 0.1035 0.1035 0.106 0.106 0.106 0.109 0.109 0.11 0.11 0.113 0.113 0.113 0.105 0.105 0.1025 0.1025 0.112 0.112 0.112 0.108 0.108 0.1085 0.1085 0.103 0.103 0.1115 0.1115 0.1115 0.112 0.112 0.104 0.104 0.1075 0.1075 0.1075 0.108 0.108 0.1055 0.1055 0.104 0.104 0.104 0.0975 0.0975 0.098 0.098 0.0975 0.0975 0.0975 0.0995 0.0995 0.0965 0.0965
0.0995 0.1055 0.1055 0.102 0.102 0.102 0.1065 0.1065 0.1095 0.1095 0.1 0.1 0.09900001 0.09900001 0.09900001 0.1075 0.1075 0.099 0.099 0.106 0.106 0.106 0.1055 0.1055 0.1035 0.1035 0.106 0.106 0.106 0.109 0.109 0.11 0.11 0.113 0.113 0.113 0.105 0.105 0.1025 0.1025 0.112 0.112 0.112 0.108 0.108 0.1085 0.1085 0.103 0.103 0.1115 0.1115 0.1115 0.112 0.112 0.104 0.104 0.1075 0.1075 0.1075 0.108 0.108 0.1055 0.1055 0.104 0.104 0.104 0.0975 0.0975 0.098 0.098 0.0975 0.0975 0.0975 0.0995 0.0995 0.0965 0.0965
0.103 0.0975 0.0975 0.0955 0.0955 0.0955 0.099 0.099 0.1035 0.1035 0.1 0.1 0.09999999 0.09999999 0.09999999 0.09900001 0.09900001 0.1065 0.1065 0.1045 0.1045 0.1045 0.1115 0.1115 0.109 0.109 0.104 0.104 0.104 0.1055 0.1055 0.108 0.108 0.1045 0.1045 0.1045 0.107 0.107 0.1025 0.1025 0.111 0.111 0.111 0.1055 0.1055 0.112 0.112 0.1085 0.1085 0.1085 0.1085 0.1085 0.1075 0.1075 0.1085 0.1085 0.1045 0.1045 0.1045 0.109 0.109 0.1055 0.1055 0.1035 0.1035 0.1035 0.0975 0.0975 0.099 0.099 0.1025 0.1025 0.1025 0.0975 0.0975 0.102 0.102
0.103 0.0975 0.0975 0.0955 0.0955 0.0955 0.099 0.099 0.1035 0.1035 0.1 0.1 0.09999999 0.09999999 0.09999999 0.09900001 0.09900001 0.1065 0.1065 0.1045 0.1045 0.1045 0.1115 0.1115 0.109 0.109 0.104 0.104 0.104 0.1055 0.1055 0.108 0.108 0.1045 0.1045 0.1045 0.107 0.107 0.1025 0.1025 0.111 0.111 0.111 0.1055 0.1055 0.112 0.112 0.1085 0.1085 0.1085 0.1085 0.1085 0.1075 0.1075 0.1085 0.1085 0.1045 0.1045 0.1045 0.109 0.109 0.1055 0.1055 0.1035 0.1035 0.1035 0.0975 0.0975 0.099 0.099 0.1025 0.1025 0.1025 0.0975 0.0975 0.102 0.102
0.093 0.1065 0.1065 0.097 0.097 0.097 0.1005 0.1005 0.0985 0.0985 0.1015 0.1015 0.1005 0.1005 0.1005 0.1015 0.1015 0.107 0.107 0.11 0.11 0.11 0.102 0.102 0.1105 0.1105 0.108 0.108 0.108 0.1035 0.1035 0.108 0.108 0.101 0.101 0.101 0.1005 0.1005 0.096 0.096 0.1025 0.1025 0.1025 0.1065 0.1065 0.107 0.107 0.115 0.115 0.111 0.111 0.111 0.111 0.111 0.1045 0.1045 0.1145 0.1145 0.1145 0.1 0.1 0.109 0.109 0.1125 0.1125 0.1125 0.1015 0.1015 0.0975 0.0975 0.09999999 0.09999999 0.09999999 0.095 0.095 0.096 0.096
0.093 0.1065 0.1065 0.097 0.097 0.097 0.1005 0.1005 0.0985 0.0985 0.1015 0.1015 0.1005 0.1005 0.1005 0.1015 0.1015 0.107 0.107 0.11 0.11 0.11 0.102 0.102 0.1105 0.1105 0.108 0.108 0.108 0.1035 0.1035 0.108 0.108 0.101 0.101 0.101 0.1005 0.1005 0.096 0.096 0.1025 0.1025 0.1025 0.1065 0.1065 0.107 0.107 0.115 0.115 0.111 0.111 0.111 0.111 0.111 0.1045 0.1045 0.1145 0.1145 0.1145 0.1 0.1 0.109 0.109 0.1125 0.1125 0.1125 0.1015 0.1015 0.0975 0.0975 0.09999999 0.09999999 0.09999999 0.095 0.095 0.096 0.096
0.102 0.1065 0.1065 0.101 0.101 0.101 0.096 0.096 0.101 0.101 0.097 0.097 0.1005 0.1005 0.1005 0.1085 0.1085 0.1055 0.1055 0.102 0.102 0.102 0.0995 0.0995 0.1055 0.1055 0.111 0.111 0.111 0.104 0.104 0.1045 0.1045 0.097 0.097 0.097 0.0975 0.0975 0.093 0.093 0.098 0.098 0.098 0.108 0.108 0.1175 0.1175 0.125 0.125 0.112 0.112 0.112 0.102 0.102 0.105 0.105 0.106 0.106 0.106 0.0995 0.0995 0.1035 0.1035 0.0975 0.0975 0.0975 0.089 0.089 0.097 0.097 0.093 0.093 0.093 0.0885 0.0885 0.1005 0.1005
0.102 0.1065 0.1065 0.101 0.101 0.101 0.096 0.096 0.101 0.101 0.097 0.097 0.1005 0.1005 0.1005 0.1085 0.1085 0.1055 0.1055 0.102 0.102 0.102 0.0995 0.0995 0.1055 0.1055 0.111 0.111 0.111 0.104 0.104 0.1045 0.1045 0.097 0.097 0.097 0.0975 0.0975 0.093 0.093 0.098 0.098 0.098 0.108 0.108 0.1175 0.1175 0.125 0.125 0.112 0.112 0.112 0.102 0.102 0.105 0.105 0.106 0.106 0.106 0.0995 0.0995 0.1035 0.1035 0.0975 0.0975 0.0975 0.089 0.089 0.097 0.097 0.093 0.093 0.093 0.0885 0.0885 0.1005 0.1005
0.102 0.1065 0.1065 0.101 0.101 0.101 0.096 0.096 0.101 0.101 0.097 0.097 0.1005 0.1005 0.1005 0.1085 0.1085 0.1055 0.1055 0.102 0.102 0.102 0.0995 0.0995 0.1055 0.1055 0.111 0.111 0.111 0.104 0.104 0.1045 0.1045 0.097 0.097 0.097 0.0975 0.0975 0.093 0.093 0.098 0.098 0.098 0.108 0.108 0.1175 0.1175 0.125 0.125 0.112 0.112 0.112 0.102 0.102 0.105 0.105 0.106 0.106 0.106 0.0995 0.0995 0.1035 0.1035 0.0975 0.0975 0.0975 0.089 0.089 0.097 0.097 0.093 0.093 0.093 0.0885 0.0885 0.1005 0.1005
0.101 0.0965 0.0965 0.097 0.097 0.097 0.11 0.11 0.1125 0.1125 0.1045 0.1045 0.1115 0.1115 0.1115 0.1125 0.1125 0.1185 0.1185 0.115 0.115 0.115 0.101 0.101 0.108 0.108 0.101 0.101 0.101 0.1035 0.1035 0.1035 0.1035 0.105 0.105 0.105 0.104 0.104 0.106 0.106 0.099 0.099 0.099 0.1145 0.1145 0.1115 0.1115 0.1135 0.1135 0.095 0.095 0.095 0.098 0.098 0.105 0.105 0.111 0.111 0.111 0.105 0.105 0.102 0.102 0.0895 0.0895 0.0895 0.0845 0.0845 0.09299999 0.09299999 0.096 0.096 0.096 0.0935 0.0935 0.1005 0.1005
0.101 0.0965 0.0965 0.097 0.097 0.097 0.11 0.11 0.1125 0.1125 0.1045 0.1045 0.1115 0.1115 0.1115 0.1125 0.1125 0.1185 0.1185 0.115 0.115 0.115 0.101 0.101 0.108 0.108 0.101 0.101 0.101 0.1035 0.1035 0.1035 0.1035 0.105 0.105 0.105 0.104 0.104 0.106 0.106 0.099 0.099 0.099 0.1145 0.1145 0.1115 0.1115 0.1135 0.1135 0.095 0.095 0.095 0.098 0.098 0.105 0.105 0.111 0.111 0.111 0.105 0.105 0.102 0.102 0.0895 0.0895 0.0895 0.0845 0.0845 0.09299999 0.09299999 0.096 0.096 0.096 0.0935 0.0935 0.1005 0.1005
0.1085 0.1045 0.1045 0.1 0.1 0.1 0.106 0.106 0.106 0.106 0.1145 0.1145 0.1155 0.1155 0.1155 0.1055 0.1055 0.1135 0.1135 0.105 0.105 0.105 0.1115 0.1115 0.111 0.111 0.1065 0.1065 0.1065 0.1055 0.1055 0.103 0.103 0.1015 0.1015 0.1015 0.102 0.102 0.0935 0.0935 0.103 0.103 0.103 0.0895 0.0895 0.0855 0.0855 0.075 0.075 0.09100001 0.09100001 0.09100001 0.099 0.099 0.0975 0.0975 0.0975 0.0975 0.0975 0.0995 0.0995 0.1005 0.1005 0.095 0.095 0.095 0.098 0.098 0.0915 0.0915 0.0975 0.0975 0.0975 0.0975 0.0975 0.1015 0.1015
0.1085 0.1045 0.1045 0.1 0.1 0.1 0.106 0.106 0.106 0.106 0.1145 0.1145 0.1155 0.1155 0.1155 0.1055 0.1055 0.1135 0.1135 0.105 0.105 0.105 0.1115 0.1115 0.111 0.111 0.1065 0.1065 0.1065 0.1055 0.1055 0.103 0.103 0.1015 0.1015 0.1015 0.102 0.102 0.0935 0.0935 0.103 0.103 0.103 0.0895 0.0895 0.0855 0.0855 0.075 0.075 0.09100001 0.09100001 0.09100001 0.099 0.099 0.0975 0.0975 0.0975 0.0975 0.0975 0.0995 0.0995 0.1005 0.1005 0.095 0.095 0.095 0.098 0.098 0.0915 0.0915 0.0975 0.0975 0.0975 0.0975 0.0975 0.1015 0.1015
0.1115 0.1415 0.1415 0.134 0.134 0.134 0.1095 0.1095 0.0985 0.0985 0.0945 0.0945 0.092 0.092 0.092 0.095 0.095 0.1025 0.1025 0.095 0.095 0.095 0.089 0.089 0.0935 0.0935 0.0875 0.0875 0.0875 0.0815 0.0815 0.079 0.079 0.0885 0.0885 0.0885 0.094 0.094 0.096 0.096 0.115 0.115 0.115 0.1075 0.1075 0.112 0.112 0.108 0.108 0.1015 0.1015 0.1015 0.1005 0.1005 0.0985 0.0985 0.101 0.101 0.101 0.103 0.103 0.1045 0.1045 0.097 0.097 0.097 0.095 0.095 0.09649999 0.09649999 0.095 0.095 0.095 0.0995 0.0995 0.0975 0.0975
0.1115 0.1415 0.1415 0.134 0.134 0.134 0.1095 0.1095 0.0985 0.0985 0.0945 0.0945 0.092 0.092 0.092 0.095 0.095 0.1025 0.1025 0.095 0.095 0.095 0.089 0.089 0.0935 0.0935 0.0875 0.0875 0.0875 0.0815 0.0815 0.079 0.079 0.0885 0.0885 0.0885 0.094 0.094 0.096 0.096 0.115 0.115 0.115 0.1075 0.1075 0.112 0.112 0.108 0.108 0.1015 0.1015 0.1015 0.1005 0.1005 0.0985 0.0985 0.101 0.101 0.101 0.103 0.103 0.1045 0.1045 0.097 0.097 0.097 0.095 0.095 0.09649999 0.09649999 0.095 0.095 0.095 0.0995 0.0995 0.0975 0.0975
0.1115 0.1415 0.1415 0.134 0.134 0.134 0.1095 0.1095 0.0985 0.0985 0.0945 0.0945 0.092 0.092 0.092 0.095 0.095 0.1025 0.1025 0.095 0.095 0.095 0.089 0.089 0.0935 0.0935 0.0875 0.0875 0.0875 0.0815 0.0815 0.079 0.079 0.0885 0.0885 0.0885 0.094 0.094 0.096 0.096 0.115 0.115 0.115 0.1075 0.1075 0.112 0.112 0.108 0.108 0.1015 0.1015 0.1015 0.1005 0.1005 0.0985 0.0985 0.101 0.101 0.101 0.103 0.103 0.1045 0.1045 0.097 0.097 0.097 0.095 0.095 0.09649999 0.09649999 0.095 0.095 0.095 0.0995 0.0995 0.0975 0.0975
0.1145 0.1315 0.1315 0.141 0.141 0.141 0.114 0.114 0.102 0.102 0.09 0.09 0.0935 0.0935 0.0935 0.1045 0.1045 0.1055 0.1055 0.1015 0.1015 0.1015 0.099 0.099 0.094 0.094 0.09 0.09 0.09 0.0895 0.0895 0.084 0.084 0.1005 0.1005 0.1005 0.12 0.12 0.117 0.117 0.1075 0.1075 0.1075 0.1105 0.1105 0.109 0.109 0.106 0.106 0.1 0.1 0.1 0.09999999 0.09999999 0.0995 0.0995 0.0985 0.0985 0.0985 0.1 0.1 0.1085 0.1085 0.105 0.105 0.105 0.098 0.098 0.099 0.099 0.0955 0.0955 0.0955 0.0985 0.0985 0.089 0.089
0.1145 0.1315 0.1315 0.141 0.141 0.141 0.114 0.114 0.102 0.102 0.09 0.09 0.0935 0.0935 0.0935 0.1045 0.1045 0.1055 0.1055 0.1015 0.1015 0.1015 0.099 0.099 0.094 0.094 0.09 0.09 0.09 0.0895 0.0895 0.084 0.084 0.1005 0.1005 0.1005 0.12 0.12 0.117 0.117 0.1075 0.1075 0.1075 0.1105 0.1105 0.109 0.109 0.106 0.106 0.1 0.1 0.1 0.09999999 0.09999999 0.0995 0.0995 0.0985 0.0985 0.0985 0.1 0.1 0.1085 0.1085 0.105 0.105 0.105 0.098 0.098 0.099 0.099 0.0955 0.0955 0.0955 0.0985 0.0985 0.089 0.089
0.1115 0.1185 0.1185 0.1425 0.1425 0.1425 0.1205 0.1205 0.105 0.105 0.1045 0.1045 0.1105 0.1105 0.1105 0.113 0.113 0.1025 0.1025 0.1185 0.1185 0.1185 0.125 0.125 0.1205 0.1205 0.119 0.119 0.119 0.115 0.115 0.1165 0.1165 0.1255 0.1255 0.1255 0.125 0.125 0.113 0.113 0.108 0.108 0.108 0.107 0.107 0.1045 0.1045 0.11 0.11 0.1 0.1 0.1 0.0935 0.0935 0.098 0.098 0.0975 0.0975 0.0975 0.1035 0.1035 0.1025 0.1025 0.1035 0.1035 0.1035 0.101 0.101 0.098 0.098 0.0995 0.0995 0.0995 0.0995 0.0995 0.09299999 0.09299999
0.1115 0.1185 0.1185 0.1425 0.1425 0.1425 0.1205 0.1205 0.105 0.105 0.1045 0.1045 0.1105 0.1105 0.1105 0.113 0.113 0.1025 0.1025 0.1185 0.1185 0.1185 0.125 0.125 0.1205 0.1205 0.119 0.119 0.119 0.115 0.115 0.1165 0.1165 0.1255 0.1255 0.1255 0.125 0.125 0.113 0.113 0.108 0.108 0.108 0.107 0.107 0.1045 0.1045 0.11 0.11 0.1 0.1 0.1 0.0935 0.0935 0.098 0.098 0.0975 0.0975 0.0975 0.1035 0.1035 0.1025 0.1025 0.1035 0.1035 0.1035 0.101 0.101 0.098 0.098 0.0995 0.0995 0.0995 0.0995 0.0995 0.09299999 0.09299999
0.112 0.1105 0.1105 0.136 0.136 0.136 0.164 0.164 0.1315 0.1315 0.126 0.126 0.125 0.125 0.125 0.129 0.129 0.1275 0.1275 0.1265 0.1265 0.1265 0.129 0.129 0.1215 0.1215 0.123 0.123 0.123 0.121 0.121 0.124 0.124 0.119 0.119 0.119 0.1175 0.1175 0.1075 0.1075 0.108 0.108 0.108 0.1055 0.1055 0.107 0.107 0.1135 0.1135 0.115 0.115 0.115 0.103 0.103 0.0985 0.0985 0.0965 0.0965 0.0965 0.099 0.099 0.1015 0.1015 0.0985 0.0985 0.0985 0.1015 0.1015 0.1015 0.1015 0.101 0.101 0.101 0.102 0.102 0.103 0.103
0.112 0.1105 0.1105 0.136 0.136 0.136 0.164 0.164 0.1315 0.1315 0.126 0.126 0.125 0.125 0.125 0.129 0.129 0.1275 0.1275 0.1265 0.1265 0.1265 0.129 0.129 0.1215 0.1215 0.123 0.123 0.123 0.121 0.121 0.124 0.124 0.119 0.119 0.119 0.1175 0.1175 0.1075 0.1075 0.108 0.108 0.108 0.1055 0.1055 0.107 0.107 0.1135 0.1135 0.115 0.115 0.115 0.103 0.103 0.0985 0.0985 0.0965 0.0965 0.0965 0.099 0.099 0.1015 0.1015 0.0985 0.0985 0.0985 0.1015 0.1015 0.1015 0.1015 0.101 0.101 0.101 0.102 0.102 0.103 0.103
0.112 0.1105 0.1105 0.136 0.136 0.136 0.164 0.164 0.1315 0.1315 0.126 0.126 0.125 0.125 0.125 0.129 0.129 0.1275 0.1275 0.1265 0.1265 0.1265 0.129 0.129 0.1215 0.1215 0.123 0.123 0.123 0.121 0.121 0.124 0.124 0.119 0.119 0.119 0.1175 0.1175 0.1075 0.1075 0.108 0.108 0.108 0.1055 0.1055 0.107 0.107 0.1135 0.1135 0.115 0.115 0.115 0.103 0.103 0.0985 0.0985 0.0965 0.0965 0.0965 0.099 0.099 0.1015 0.1015 0.0985 0.0985 0.0985 0.1015 0.1015 0.1015 0.1015 0.101 0.101 0.101 0.102 0.102 0.103 0.103
0.104 0.1135 0.1135 0.1345 0.1345 0.1345 0.163 0.163 0.171 0.171 0.141 0.141 0.1295 0.1295 0.1295 0.1275 0.1275 0.122 0.122 0.1275 0.1275 0.1275 0.1335 0.1335 0.1315 0.1315 0.1195 0.1195 0.1195 0.1175 0.1175 0.1165 0.1165 0.1195 0.1195 0.1195 0.108 0.108 0.1085 0.1085 0.105 0.105 0.105 0.105 0.105 0.1095 0.1095 0.1165 0.1165 0.1215 0.1215 0.1215 0.1155 0.1155 0.1085 0.1085 0.1025 0.1025 0.1025 0.0995 0.0995 0.1035 0.1035 0.11 0.11 0.11 0.1125 0.1125 0.109 0.109 0.116 0.116 0.116 0.1125 0.1125 0.11 0.11
0.104 0.1135 0.1135 0.1345 0.1345 0.1345 0.163 0.163 0.171 0.171 0.141 0.141 0.1295 0.1295 0.1295 0.1275 0.1275 0.122 0.122 0.1275 0.1275 0.1275 0.1335 0.1335 0.1315 0.1315 0.1195 0.1195 0.1195 0.1175 0.1175 0.1165 0.1165 0.1195 0.1195 0.1195 0.108 0.108 0.1085 0.1085 0.105 0.105 0.105 0.105 0.105 0.1095 0.1095 0.1165 0.1165 0.1215 0.1215 0.1215 0.1155 0.1155 0.1085 0.1085 0.1025 0.1025 0.1025 0.0995 0.0995 0.1035 0.1035 0.11 0.11 0.11 0.1125 0.1125 0.109 0.109 0.116 0.116 0.116 0.1125 0.1125 0.11 0.11
0.119 0.105 0.105 0.1245 0.1245 0.1245 0.1485 0.1485 0.1705 0.1705 0.126 0.126 0.11 0.11 0.11 0.1095 0.1095 0.116 0.116 0.133 0.133 0.133 0.119 0.119 0.1205 0.1205 0.1245 0.1245 0.1245 0.139 0.139 0.12 0.12 0.1085 0.1085 0.1085 0.1115 0.1115 0.115 0.115 0.1165 0.1165 0.1165 0.111 0.111 0.1165 0.1165 0.114 0.114 0.117 0.117 0.117 0.12 0.12 0.117 0.117 0.1185 0.1185 0.1185 0.107 0.107 0.1185 0.1185 0.118 0.118 0.118 0.125 0.125 0.13 0.13 0.119 0.119 0.119 0.121 0.121 0.11 0.11
0.119 0.105 0.105 0.1245 0.1245 0.1245 0.1485 0.1485 0.1705 0.1705 0.126 0.126 0.11 0.11 0.11 0.1095 0.1095 0.116 0.116 0.133 0.133 0.133 0.119 0.119 0.1205 0.1205 0.1245 0.1245 0.1245 0.139 0.139 0.12 0.12 0.1085 0.1085 0.1085 0.1115 0.1115 0.115 0.115 0.1165 0.1165 0.1165 0.111 0.111 0.1165 0.1165 0.114 0.114 0.117 0.117 0.117 0.12 0.12 0.117 0.117 0.1185 0.1185 0.1185 0.107 0.107 0.1185 0.1185 0.118 0.118 0.118 0.125 0.125 0.13 0.13 0.119 0.119 0.119 0.121 0.121 0.11 0.11
0.134 0.1245 0.1245 0.1215 0.1215 0.1215 0.136 0.136 0.118 0.118 0.098 0.098 0.0975 0.0975 0.0975 0.09649999 0.09649999 0.106 0.106 0.111 0.111 0.111 0.102 0.102 0.1155 0.1155 0.1205 0.1205 0.1205 0.1265 0.1265 0.1295 0.1295 0.125 0.125 0.125 0.1165 0.1165 0.121 0.121 0.1235 0.1235 0.1235 0.1205 0.1205 0.118 0.118 0.1235 0.1235 0.129 0.129 0.129 0.136 0.136 0.136 0.136 0.1275 0.1275 0.1275 0.1215 0.1215 0.118 0.118 0.121 0.121 0.121 0.134 0.134 0.141 0.141 0.1335 0.1335 0.1335 0.132 0.132 0.121 0.121
0.134 0.1245 0.1245 0.1215 0.1215 0.1215 0.136 0.136 0.118 0.118 0.098 0.098 0.0975 0.0975 0.0975 0.09649999 0.09649999 0.106 0.106 0.111 0.111 0.111 0.102 0.102 0.1155 0.1155 0.1205 0.1205 0.1205 0.1265 0.1265 0.1295 0.1295 0.125 0.125 0.125 0.1165 0.1165 0.121 0.121 0.1235 0.1235 0.1235 0.1205 0.1205 0.118 0.118 0.1235 0.1235 0.129 0.129 0.129 0.136 0.136 0.136 0.136 0.1275 0.1275 0.1275 0.1215 0.1215 0.118 0.118 0.121 0.121 0.121 0.134 0.134 0.141 0.141 0.1335 0.1335 0.1335 0.132 0.132 0.121 0.121
