ndvi/NOAA-323.asc
ncols         252
nrows         154
xllcorner     -18.017974
yllcorner     13.481982
cellsize      0.035948
NODATA_value  -9999
[rows 105 to 139 of 154, columns 154 to 230 of 252]
0.28 0.2535 0.2535 0.2505 0.2505 0.2505 0.2605 0.2605 0.248 0.248 0.2475 0.2475 0.26 0.26 0.26 0.304 0.304 0.339 0.339 0.298 0.298 0.298 0.3005 0.3005 0.3275 0.3275 0.302 0.302 0.302 0.3235 0.3235 0.312 0.312 0.277 0.277 0.277 0.3075 0.3075 0.3025 0.3025 0.3355 0.3355 0.3355 0.3015 0.3015 0.319 0.319 0.338 0.338 0.3315 0.3315 0.3315 0.3105 0.3105 0.277 0.277 0.29 0.29 0.29 0.2535 0.2535 0.3005 0.3005 0.324 0.324 0.324 0.3335 0.3335 0.305 0.305 0.3045 0.3045 0.3045 0.3325 0.3325 0.3705 0.3705
0.2865 0.2885 0.2885 0.2725 0.2725 0.2725 0.3015 0.3015 0.2715 0.2715 0.2875 0.2875 0.2875 0.2875 0.2875 0.294 0.294 0.273 0.273 0.333 0.333 0.333 0.3065 0.3065 0.303 0.303 0.3265 0.3265 0.3265 0.371 0.371 0.3205 0.3205 0.344 0.344 0.344 0.3275 0.3275 0.327 0.327 0.3515 0.3515 0.3515 0.3675 0.3675 0.3785 0.3785 0.388 0.388 0.391 0.391 0.391 0.379 0.379 0.42 0.42 0.355 0.355 0.355 0.32 0.32 0.313 0.313 0.3265 0.3265 0.3265 0.333 0.333 0.3025 0.3025 0.3155 0.3155 0.3155 0.351 0.351 0.362 0.362
0.2865 0.2885 0.2885 0.2725 0.2725 0.2725 0.3015 0.3015 0.2715 0.2715 0.2875 0.2875 0.2875 0.2875 0.2875 0.294 0.294 0.273 0.273 0.333 0.333 0.333 0.3065 0.3065 0.303 0.303 0.3265 0.3265 0.3265 0.371 0.371 0.3205 0.3205 0.344 0.344 0.344 0.3275 0.3275 0.327 0.327 0.3515 0.3515 0.3515 0.3675 0.3675 0.3785 0.3785 0.388 0.388 0.391 0.391 0.391 0.379 0.379 0.42 0.42 0.355 0.355 0.355 0.32 0.32 0.313 0.313 0.3265 0.3265 0.3265 0.333 0.333 0.3025 0.3025 0.3155 0.3155 0.3155 0.351 0.351 0.362 0.362
0.289 0.3185 0.3185 0.275 0.275 0.275 0.295 0.295 0.2905 0.2905 0.2885 0.2885 0.2815 0.2815 0.2815 0.2985 0.2985 0.305 0.305 0.29 0.29 0.29 0.285 0.285 0.2895 0.2895 0.32 0.32 0.32 0.3405 0.3405 0.3575 0.3575 0.3075 0.3075 0.3075 0.3685 0.3685 0.369 0.369 0.363 0.363 0.363 0.3425 0.3425 0.3365 0.3365 0.332 0.332 0.3415 0.3415 0.3415 0.3645 0.3645 0.375 0.375 0.3675 0.3675 0.3675 0.3265 0.3265 0.351 0.351 0.3275 0.3275 0.3275 0.3345 0.3345 0.319 0.319 0.3615 0.3615 0.3615 0.388 0.388 0.384 0.384
0.289 0.3185 0.3185 0.275 0.275 0.275 0.295 0.295 0.2905 0.2905 0.2885 0.2885 0.2815 0.2815 0.2815 0.2985 0.2985 0.305 0.305 0.29 0.29 0.29 0.285 0.285 0.2895 0.2895 0.32 0.32 0.32 0.3405 0.3405 0.3575 0.3575 0.3075 0.3075 0.3075 0.3685 0.3685 0.369 0.369 0.363 0.363 0.363 0.3425 0.3425 0.3365 0.3365 0.332 0.332 0.3415 0.3415 0.3415 0.3645 0.3645 0.375 0.375 0.3675 0.3675 0.3675 0.3265 0.3265 0.351 0.351 0.3275 0.3275 0.3275 0.3345 0.3345 0.319 0.319 0.3615 0.3615 0.3615 0.388 0.388 0.384 0.384
0.3065 0.3075 0.3075 0.3315 0.3315 0.3315 0.3185 0.3185 0.3035 0.3035 0.2725 0.2725 0.2895 0.2895 0.2895 0.335 0.335 0.345 0.345 0.2965 0.2965 0.2965 0.287 0.287 0.3115 0.3115 0.3185 0.3185 0.3185 0.304 0.304 0.3145 0.3145 0.324 0.324 0.324 0.3565 0.3565 0.3345 0.3345 0.329 0.329 0.329 0.3285 0.3285 0.3315 0.3315 0.346 0.346 0.3385 0.3385 0.3385 0.3435 0.3435 0.3655 0.3655 0.357 0.357 0.357 0.3345 0.3345 0.3685 0.3685 0.318 0.318 0.318 0.32 0.32 0.326 0.326 0.366 0.366 0.366 0.378 0.378 0.3985 0.3985
0.3065 0.3075 0.3075 0.3315 0.3315 0.3315 0.3185 0.3185 0.3035 0.3035 0.2725 0.2725 0.2895 0.2895 0.2895 0.335 0.335 0.345 0.345 0.2965 0.2965 0.2965 0.287 0.287 0.3115 0.3115 0.3185 0.3185 0.3185 0.304 0.304 0.3145 0.3145 0.324 0.324 0.324 0.3565 0.3565 0.3345 0.3345 0.329 0.329 0.329 0.3285 0.3285 0.3315 0.3315 0.346 0.346 0.3385 0.3385 0.3385 0.3435 0.3435 0.3655 0.3655 0.357 0.357 0.357 0.3345 0.3345 0.3685 0.3685 0.318 0.318 0.318 0.32 0.32 0.326 0.326 0.366 0.366 0.366 0.378 0.378 0.3985 0.3985
0.3065 0.3075 0.3075 0.3315 0.3315 0.3315 0.3185 0.3185 0.3035 0.3035 0.2725 0.2725 0.2895 0.2895 0.2895 0.335 0.335 0.345 0.345 0.2965 0.2965 0.2965 0.287 0.287 0.3115 0.3115 0.3185 0.3185 0.3185 0.304 0.304 0.3145 0.3145 0.324 0.324 0.324 0.3565 0.3565 0.3345 0.3345 0.329 0.329 0.329 0.3285 0.3285 0.3315 0.3315 0.346 0.346 0.3385 0.3385 0.3385 0.3435 0.3435 0.3655 0.3655 0.357 0.357 0.357 0.3345 0.3345 0.3685 0.3685 0.318 0.318 0.318 0.32 0.32 0.326 0.326 0.366 0.366 0.366 0.378 0.378 0.3985 0.3985
0.3045 0.329 0.329 0.318 0.318 0.318 0.3075 0.3075 0.29 0.29 0.2765 0.2765 0.3105 0.3105 0.3105 0.303 0.303 0.329 0.329 0.298 0.298 0.298 0.275 0.275 0.273 0.273 0.296 0.296 0.296 0.3325 0.3325 0.3325 0.3325 0.369 0.369 0.369 0.4045 0.4045 0.365 0.365 0.2885 0.2885 0.2885 0.3115 0.3115 0.2945 0.2945 0.3115 0.3115 0.3585 0.3585 0.3585 0.362 0.362 0.404 0.404 0.3935 0.3935 0.3935 0.365 0.365 0.3255 0.3255 0.342 0.342 0.342 0.363 0.363 0.373 0.373 0.3895 0.3895 0.3895 0.364 0.364 0.387 0.387
0.3045 0.329 0.329 0.318 0.318 0.318 0.3075 0.3075 0.29 0.29 0.2765 0.2765 0.3105 0.3105 0.3105 0.303 0.303 0.329 0.329 0.298 0.298 0.298 0.275 0.275 0.273 0.273 0.296 0.296 0.296 0.3325 0.3325 0.3325 0.3325 0.369 0.369 0.369 0.4045 0.4045 0.365 0.365 0.2885 0.2885 0.2885 0.3115 0.3115 0.2945 0.2945 0.3115 0.3115 0.3585 0.3585 0.3585 0.362 0.362 0.404 0.404 0.3935 0.3935 0.3935 0.365 0.365 0.3255 0.3255 0.342 0.342 0.342 0.363 0.363 0.373 0.373 0.3895 0.3895 0.3895 0.364 0.364 0.387 0.387
0.3035 0.306 0.306 0.3575 0.3575 0.3575 0.335 0.335 0.2765 0.2765 0.285 0.285 0.2875 0.2875 0.2875 0.2905 0.2905 0.292 0.292 0.3025 0.3025 0.3025 0.2915 0.2915 0.2855 0.2855 0.289 0.289 0.289 0.312 0.312 0.334 0.334 0.3735 0.3735 0.3735 0.446 0.446 0.327 0.327 0.289 0.289 0.289 0.282 0.282 0.2845 0.2845 0.3 0.3 0.284 0.284 0.284 0.35 0.35 0.42 0.42 0.395 0.395 0.395 0.426 0.426 0.3635 0.3635 0.3845 0.3845 0.3845 0.391 0.391 0.375 0.375 0.3755 0.3755 0.3755 0.3865 0.3865 0.3755 0.3755
0.3035 0.306 0.306 0.3575 0.3575 0.3575 0.335 0.335 0.2765 0.2765 0.285 0.285 0.2875 0.2875 0.2875 0.2905 0.2905 0.292 0.292 0.3025 0.3025 0.3025 0.2915 0.2915 0.2855 0.2855 0.289 0.289 0.289 0.312 0.312 0.334 0.334 0.3735 0.3735 0.3735 0.446 0.446 0.327 0.327 0.289 0.289 0.289 0.282 0.282 0.2845 0.2845 0.3 0.3 0.284 0.284 0.284 0.35 0.35 0.42 0.42 0.395 0.395 0.395 0.426 0.426 0.3635 0.3635 0.3845 0.3845 0.3845 0.391 0.391 0.375 0.375 0.3755 0.3755 0.3755 0.3865 0.3865 0.3755 0.3755
0.3215 0.269 0.269 0.269 0.269 0.269 0.3005 0.3005 0.295 0.295 0.2945 0.2945 0.3185 0.3185 0.3185 0.305 0.305 0.31 0.31 0.305 0.305 0.305 0.3085 0.3085 0.287 0.287 0.298 0.298 0.298 0.338 0.338 0.3575 0.3575 0.358 0.358 0.358 0.341 0.341 0.347 0.347 0.321 0.321 0.321 0.393 0.393 0.3885 0.3885 0.412 0.412 0.3865 0.3865 0.3865 0.3315 0.3315 0.3535 0.3535 0.3565 0.3565 0.3565 0.4035 0.4035 0.4145 0.4145 0.4165 0.4165 0.4165 0.4155 0.4155 0.4095 0.4095 0.382 0.382 0.382 0.3975 0.3975 0.3955 0.3955
0.3215 0.269 0.269 0.269 0.269 0.269 0.3005 0.3005 0.295 0.295 0.2945 0.2945 0.3185 0.3185 0.3185 0.305 0.305 0.31 0.31 0.305 0.305 0.305 0.3085 0.3085 0.287 0.287 0.298 0.298 0.298 0.338 0.338 0.3575 0.3575 0.358 0.358 0.358 0.341 0.341 0.347 0.347 0.321 0.321 0.321 0.393 0.393 0.3885 0.3885 0.412 0.412 0.3865 0.3865 0.3865 0.3315 0.3315 0.3535 0.3535 0.3565 0.3565 0.3565 0.4035 0.4035 0.4145 0.4145 0.4165 0.4165 0.4165 0.4155 0.4155 0.4095 0.4095 0.382 0.382 0.382 0.3975 0.3975 0.3955 0.3955
0.3215 0.269 0.269 0.269 0.269 0.269 0.3005 0.3005 0.295 0.295 0.2945 0.2945 0.3185 0.3185 0.3185 0.305 0.305 0.31 0.31 0.305 0.305 0.305 0.3085 0.3085 0.287 0.287 0.298 0.298 0.298 0.338 0.338 0.3575 0.3575 0.358 0.358 0.358 0.341 0.341 0.347 0.347 0.321 0.321 0.321 0.393 0.393 0.3885 0.3885 0.412 0.412 0.3865 0.3865 0.3865 0.3315 0.3315 0.3535 0.3535 0.3565 0.3565 0.3565 0.4035 0.4035 0.4145 0.4145 0.4165 0.4165 0.4165 0.4155 0.4155 0.4095 0.4095 0.382 0.382 0.382 0.3975 0.3975 0.3955 0.3955
0.36 0.3255 0.3255 0.2875 0.2875 0.2875 0.294 0.294 0.29 0.29 0.303 0.303 0.3485 0.3485 0.3485 0.3645 0.3645 0.3815 0.3815 0.396 0.396 0.396 0.392 0.392 0.335 0.335 0.3265 0.3265 0.3265 0.347 0.347 0.3595 0.3595 0.3125 0.3125 0.3125 0.4285 0.4285 0.5115 0.5115 0.4345 0.4345 0.4345 0.4695 0.4695 0.432 0.432 0.42 0.42 0.376 0.376 0.376 0.393 0.393 0.3625 0.3625 0.3665 0.3665 0.3665 0.389 0.389 0.4245 0.4245 0.425 0.425 0.425 0.418 0.418 0.4185 0.4185 0.427 0.427 0.427 0.395 0.395 0.3635 0.3635
0.36 0.3255 0.3255 0.2875 0.2875 0.2875 0.294 0.294 0.29 0.29 0.303 0.303 0.3485 0.3485 0.3485 0.3645 0.3645 0.3815 0.3815 0.396 0.396 0.396 0.392 0.392 0.335 0.335 0.3265 0.3265 0.3265 0.347 0.347 0.3595 0.3595 0.3125 0.3125 0.3125 0.4285 0.4285 0.5115 0.5115 0.4345 0.4345 0.4345 0.4695 0.4695 0.432 0.432 0.42 0.42 0.376 0.376 0.376 0.393 0.393 0.3625 0.3625 0.3665 0.3665 0.3665 0.389 0.389 0.4245 0.4245 0.425 0.425 0.425 0.418 0.418 0.4185 0.4185 0.427 0.427 0.427 0.395 0.395 0.3635 0.3635
0.336 0.355 0.355 0.3485 0.3485 0.3485 0.2985 0.2985 0.2885 0.2885 0.2895 0.2895 0.279 0.279 0.279 0.425 0.425 0.378 0.378 0.3825 0.3825 0.3825 0.4325 0.4325 0.4105 0.4105 0.345 0.345 0.345 0.38 0.38 0.353 0.353 0.3675 0.3675 0.3675 0.3515 0.3515 0.4045 0.4045 0.43 0.43 0.43 0.4245 0.4245 0.395 0.395 0.4365 0.4365 0.404 0.404 0.404 0.4015 0.4015 0.385 0.385 0.381 0.381 0.381 0.3985 0.3985 0.416 0.416 0.4055 0.4055 0.4055 0.435 0.435 0.441 0.441 0.435 0.435 0.435 0.393 0.393 0.3985 0.3985
0.336 0.355 0.355 0.3485 0.3485 0.3485 0.2985 0.2985 0.2885 0.2885 0.2895 0.2895 0.279 0.279 0.279 0.425 0.425 0.378 0.378 0.3825 0.3825 0.3825 0.4325 0.4325 0.4105 0.4105 0.345 0.345 0.345 0.38 0.38 0.353 0.353 0.3675 0.3675 0.3675 0.3515 0.3515 0.4045 0.4045 0.43 0.43 0.43 0.4245 0.4245 0.395 0.395 0.4365 0.4365 0.404 0.404 0.404 0.4015 0.4015 0.385 0.385 0.381 0.381 0.381 0.3985 0.3985 0.416 0.416 0.4055 0.4055 0.4055 0.435 0.435 0.441 0.441 0.435 0.435 0.435 0.393 0.393 0.3985 0.3985
0.3305 0.3835 0.3835 0.352 0.352 0.352 0.358 0.358 0.312 0.312 0.3005 0.3005 0.3755 0.3755 0.3755 0.3885 0.3885 0.411 0.411 0.3935 0.3935 0.3935 0.4005 0.4005 0.418 0.418 0.3815 0.3815 0.3815 0.408 0.408 0.425 0.425 0.3515 0.3515 0.3515 0.3925 0.3925 0.392 0.392 0.342 0.342 0.342 0.3655 0.3655 0.377 0.377 0.4045 0.4045 0.424 0.424 0.424 0.4065 0.4065 0.405 0.405 0.4005 0.4005 0.4005 0.4135 0.4135 0.437 0.437 0.4335 0.4335 0.4335 0.462 0.462 0.437 0.437 0.402 0.402 0.402 0.3905 0.3905 0.42 0.42
0.3305 0.3835 0.3835 0.352 0.352 0.352 0.358 0.358 0.312 0.312 0.3005 0.3005 0.3755 0.3755 0.3755 0.3885 0.3885 0.411 0.411 0.3935 0.3935 0.3935 0.4005 0.4005 0.418 0.418 0.3815 0.3815 0.3815 0.408 0.408 0.425 0.425 0.3515 0.3515 0.3515 0.3925 0.3925 0.392 0.392 0.342 0.342 0.342 0.3655 0.3655 0.377 0.377 0.4045 0.4045 0.424 0.424 0.424 0.4065 0.4065 0.405 0.405 0.4005 0.4005 0.4005 0.4135 0.4135 0.437 0.437 0.4335 0.4335 0.4335 0.462 0.462 0.437 0.437 0.402 0.402 0.402 0.3905 0.3905 0.42 0.42
0.3565 0.3935 0.3935 0.395 0.395 0.395 0.365 0.365 0.3685 0.3685 0.3225 0.3225 0.346 0.346 0.346 0.4235 0.4235 0.4195 0.4195 0.4565 0.4565 0.4565 0.345 0.345 0.3455 0.3455 0.382 0.382 0.382 0.433 0.433 0.413 0.413 0.3545 0.3545 0.3545 0.3365 0.3365 0.3515 0.3515 0.3135 0.3135 0.3135 0.398 0.398 0.378 0.378 0.411 0.411 0.4095 0.4095 0.4095 0.4155 0.4155 0.437 0.437 0.4455 0.4455 0.4455 0.3745 0.3745 0.4395 0.4395 0.429 0.429 0.429 0.434 0.434 0.412 0.412 0.3925 0.3925 0.3925 0.387 0.387 0.3985 0.3985
0.3565 0.3935 0.3935 0.395 0.395 0.395 0.365 0.365 0.3685 0.3685 0.3225 0.3225 0.346 0.346 0.346 0.4235 0.4235 0.4195 0.4195 0.4565 0.4565 0.4565 0.345 0.345 0.3455 0.3455 0.382 0.382 0.382 0.433 0.433 0.413 0.413 0.3545 0.3545 0.3545 0.3365 0.3365 0.3515 0.3515 0.3135 0.3135 0.3135 0.398 0.398 0.378 0.378 0.411 0.411 0.4095 0.4095 0.4095 0.4155 0.4155 0.437 0.437 0.4455 0.4455 0.4455 0.3745 0.3745 0.4395 0.4395 0.429 0.429 0.429 0.434 0.434 0.412 0.412 0.3925 0.3925 0.3925 0.387 0.387 0.3985 0.3985
0.3565 0.3935 0.3935 0.395 0.395 0.395 0.365 0.365 0.3685 0.3685 0.3225 0.3225 0.346 0.346 0.346 0.4235 0.4235 0.4195 0.4195 0.4565 0.4565 0.4565 0.345 0.345 0.3455 0.3455 0.382 0.382 0.382 0.433 0.433 0.413 0.413 0.3545 0.3545 0.3545 0.3365 0.3365 0.3515 0.3515 0.3135 0.3135 0.3135 0.398 0.398 0.378 0.378 0.411 0.411 0.4095 0.4095 0.4095 0.4155 0.4155 0.437 0.437 0.4455 0.4455 0.4455 0.3745 0.3745 0.4395 0.4395 0.429 0.429 0.429 0.434 0.434 0.412 0.412 0.3925 0.3925 0.3925 0.387 0.387 0.3985 0.3985
0.378 0.423 0.423 0.399 0.399 0.399 0.3385 0.3385 0.4215 0.4215 0.453 0.453 0.4335 0.4335 0.4335 0.386 0.386 0.3985 0.3985 0.386 0.386 0.386 0.3625 0.3625 0.388 0.388 0.3775 0.3775 0.3775 0.4145 0.4145 0.4015 0.4015 0.354 0.354 0.354 0.356 0.356 0.38 0.38 0.3815 0.3815 0.3815 0.422 0.422 0.4755 0.4755 0.437 0.437 0.447 0.447 0.447 0.4325 0.4325 0.416 0.416 0.414 0.414 0.414 0.3855 0.3855 0.463 0.463 0.45 0.45 0.45 0.451 0.451 0.4655 0.4655 0.42 0.42 0.42 0.396 0.396 0.419 0.419
0.378 0.423 0.423 0.399 0.399 0.399 0.3385 0.3385 0.4215 0.4215 0.453 0.453 0.4335 0.4335 0.4335 0.386 0.386 0.3985 0.3985 0.386 0.386 0.386 0.3625 0.3625 0.388 0.388 0.3775 0.3775 0.3775 0.4145 0.4145 0.4015 0.4015 0.354 0.354 0.354 0.356 0.356 0.38 0.38 0.3815 0.3815 0.3815 0.422 0.422 0.4755 0.4755 0.437 0.437 0.447 0.447 0.447 0.4325 0.4325 0.416 0.416 0.414 0.414 0.414 0.3855 0.3855 0.463 0.463 0.45 0.45 0.45 0.451 0.451 0.4655 0.4655 0.42 0.42 0.42 0.396 0.396 0.419 0.419
0.4175 0.4495 0.4495 0.4005 0.4005 0.4005 0.376 0.376 0.4545 0.4545 0.4575 0.4575 0.502 0.502 0.502 0.47 0.47 0.4685 0.4685 0.376 0.376 0.376 0.3735 0.3735 0.397 0.397 0.3635 0.3635 0.3635 0.3565 0.3565 0.398 0.398 0.4135 0.4135 0.4135 0.392 0.392 0.359 0.359 0.3405 0.3405 0.3405 0.4055 0.4055 0.4515 0.4515 0.4855 0.4855 0.4605 0.4605 0.4605 0.419 0.419 0.431 0.431 0.4635 0.4635 0.4635 0.481 0.481 0.485 0.485 0.471 0.471 0.471 0.425 0.425 0.4385 0.4385 0.405 0.405 0.405 0.38 0.38 0.4085 0.4085
0.4175 0.4495 0.4495 0.4005 0.4005 0.4005 0.376 0.376 0.4545 0.4545 0.4575 0.4575 0.502 0.502 0.502 0.47 0.47 0.4685 0.4685 0.376 0.376 0.376 0.3735 0.3735 0.397 0.397 0.3635 0.3635 0.3635 0.3565 0.3565 0.398 0.398 0.4135 0.4135 0.4135 0.392 0.392 0.359 0.359 0.3405 0.3405 0.3405 0.4055 0.4055 0.4515 0.4515 0.4855 0.4855 0.4605 0.4605 0.4605 0.419 0.419 0.431 0.431 0.4635 0.4635 0.4635 0.481 0.481 0.485 0.485 0.471 0.471 0.471 0.425 0.425 0.4385 0.4385 0.405 0.405 0.405 0.38 0.38 0.4085 0.4085
0.4325 0.4655 0.4655 0.426 0.426 0.426 0.42 0.42 0.441 0.441 0.48 0.48 0.4755 0.4755 0.4755 0.4915 0.4915 0.448 0.448 0.389 0.389 0.389 0.379 0.379 0.361 0.361 0.3845 0.3845 0.3845 0.3465 0.3465 0.445 0.445 0.4135 0.4135 0.4135 0.355 0.355 0.362 0.362 0.457 0.457 0.457 0.428 0.428 0.4735 0.4735 0.4675 0.4675 0.4155 0.4155 0.4155 0.462 0.462 0.51 0.51 0.528 0.528 0.528 0.5 0.5 0.4985 0.4985 0.4805 0.4805 0.4805 0.4455 0.4455 0.386 0.386 0.403 0.403 0.403 0.4565 0.4565 0.416 0.416
0.4325 0.4655 0.4655 0.426 0.426 0.426 0.42 0.42 0.441 0.441 0.48 0.48 0.4755 0.4755 0.4755 0.4915 0.4915 0.448 0.448 0.389 0.389 0.389 0.379 0.379 0.361 0.361 0.3845 0.3845 0.3845 0.3465 0.3465 0.445 0.445 0.4135 0.4135 0.4135 0.355 0.355 0.362 0.362 0.457 0.457 0.457 0.428 0.428 0.4735 0.4735 0.4675 0.4675 0.4155 0.4155 0.4155 0.462 0.462 0.51 0.51 0.528 0.528 0.528 0.5 0.5 0.4985 0.4985 0.4805 0.4805 0.4805 0.4455 0.4455 0.386 0.386 0.403 0.403 0.403 0.4565 0.4565 0.416 0.416
0.4325 0.4655 0.4655 0.426 0.426 0.426 0.42 0.42 0.441 0.441 0.48 0.48 0.4755 0.4755 0.4755 0.4915 0.4915 0.448 0.448 0.389 0.389 0.389 0.379 0.379 0.361 0.361 0.3845 0.3845 0.3845 0.3465 0.3465 0.445 0.445 0.4135 0.4135 0.4135 0.355 0.355 0.362 0.362 0.457 0.457 0.457 0.428 0.428 0.4735 0.4735 0.4675 0.4675 0.4155 0.4155 0.4155 0.462 0.462 0.51 0.51 0.528 0.528 0.528 0.5 0.5 0.4985 0.4985 0.4805 0.4805 0.4805 0.4455 0.4455 0.386 0.386 0.403 0.403 0.403 0.4565 0.4565 0.416 0.416
0.4905 0.497 0.497 0.4415 0.4415 0.4415 0.435 0.435 0.461 0.461 0.4585 0.4585 0.478 0.478 0.478 0.5145 0.5145 0.4585 0.4585 0.4235 0.4235 0.4235 0.4185 0.4185 0.4155 0.4155 0.3995 0.3995 0.3995 0.421 0.421 0.454 0.454 0.3895 0.3895 0.3895 0.3575 0.3575 0.368 0.368 0.4255 0.4255 0.4255 0.4705 0.4705 0.4605 0.4605 0.447 0.447 0.454 0.454 0.454 0.488 0.488 0.4675 0.4675 0.5115 0.5115 0.5115 0.5045 0.5045 0.5065 0.5065 0.4865 0.4865 0.4865 0.4845 0.4845 0.4275 0.4275 0.4525 0.4525 0.4525 0.438 0.438 0.448 0.448
0.4905 0.497 0.497 0.4415 0.4415 0.4415 0.435 0.435 0.461 0.461 0.4585 0.4585 0.478 0.478 0.478 0.5145 0.5145 0.4585 0.4585 0.4235 0.4235 0.4235 0.4185 0.4185 0.4155 0.4155 0.3995 0.3995 0.3995 0.421 0.421 0.454 0.454 0.3895 0.3895 0.3895 0.3575 0.3575 0.368 0.368 0.4255 0.4255 0.4255 0.4705 0.4705 0.4605 0.4605 0.447 0.447 0.454 0.454 0.454 0.488 0.488 0.4675 0.4675 0.5115 0.5115 0.5115 0.5045 0.5045 0.5065 0.5065 0.4865 0.4865 0.4865 0.4845 0.4845 0.4275 0.4275 0.4525 0.4525 0.4525 0.438 0.438 0.448 0.448
0.5075 0.496 0.496 0.469 0.469 0.469 0.482 0.482 0.4355 0.4355 0.469 0.469 0.491 0.491 0.491 0.476 0.476 0.489 0.489 0.463 0.463 0.463 0.4545 0.4545 0.4215 0.4215 0.3875 0.3875 0.3875 0.455 0.455 0.4945 0.4945 0.367 0.367 0.367 0.394 0.394 0.3995 0.3995 0.4215 0.4215 0.4215 0.4695 0.4695 0.457 0.457 0.4575 0.4575 0.518 0.518 0.518 0.533 0.533 0.4965 0.4965 0.5325 0.5325 0.5325 0.54 0.54 0.479 0.479 0.463 0.463 0.463 0.458 0.458 0.423 0.423 0.454 0.454 0.454 0.4685 0.4685 0.467 0.467
0.5075 0.496 0.496 0.469 0.469 0.469 0.482 0.482 0.4355 0.4355 0.469 0.469 0.491 0.491 0.491 0.476 0.476 0.489 0.489 0.463 0.463 0.463 0.4545 0.4545 0.4215 0.4215 0.3875 0.3875 0.3875 0.455 0.455 0.4945 0.4945 0.367 0.367 0.367 0.394 0.394 0.3995 0.3995 0.4215 0.4215 0.4215 0.4695 0.4695 0.457 0.457 0.4575 0.4575 0.518 0.518 0.518 0.533 0.533 0.4965 0.4965 0.5325 0.5325 0.5325 0.54 0.54 0.479 0.479 0.463 0.463 0.463 0.458 0.458 0.423 0.423 0.454 0.454 0.454 0.4685 0.4685 0.467 0.467
