ndvi/NOAA-277.asc
ncols         252
nrows         154
xllcorner     -18.017974
yllcorner     13.481982
cellsize      0.035948
NODATA_value  -9999
[rows 0 to 34 of 154, columns 154 to 230 of 252]
0.0985 0.0915 0.0915 0.0975 0.0975 0.0975 0.1055 0.1055 0.1045 0.1045 0.106 0.106 0.104 0.104 0.104 0.1045 0.1045 0.103 0.103 0.095 0.095 0.095 0.0985 0.0985 0.098 0.098 0.099 0.099 0.099 0.1 0.1 0.095 0.095 0.092 0.092 0.092 0.0895 0.0895 0.09100001 0.09100001 0.094 0.094 0.094 0.1065 0.1065 0.101 0.101 0.104 0.104 0.105 0.105 0.105 0.107 0.107 0.1035 0.1035 0.104 0.104 0.104 0.102 0.102 0.097 0.097 0.095 0.095 0.095 0.097 0.097 0.0955 0.0955 0.094 0.094 0.094 0.0895 0.0895 0.087 0.087
0.0985 0.0915 0.0915 0.0975 0.0975 0.0975 0.1055 0.1055 0.1045 0.1045 0.106 0.106 0.104 0.104 0.104 0.1045 0.1045 0.103 0.103 0.095 0.095 0.095 0.0985 0.0985 0.098 0.098 0.099 0.099 0.099 0.1 0.1 0.095 0.095 0.092 0.092 0.092 0.0895 0.0895 0.09100001 0.09100001 0.094 0.094 0.094 0.1065 0.1065 0.101 0.101 0.104 0.104 0.105 0.105 0.105 0.107 0.107 0.1035 0.1035 0.104 0.104 0.104 0.102 0.102 0.097 0.097 0.095 0.095 0.095 0.097 0.097 0.0955 0.0955 0.094 0.094 0.094 0.0895 0.0895 0.087 0.087
0.0995 0.1005 0.1005 0.102 0.102 0.102 0.1055 0.1055 0.108 0.108 0.1105 0.1105 0.1065 0.1065 0.1065 0.109 0.109 0.1075 0.1075 0.1005 0.1005 0.1005 0.103 0.103 0.1005 0.1005 0.099 0.099 0.099 0.101 0.101 0.103 0.103 0.1065 0.1065 0.1065 0.105 0.105 0.1095 0.1095 0.1085 0.1085 0.1085 0.126 0.126 0.1185 0.1185 0.1135 0.1135 0.1165 0.1165 0.1165 0.1145 0.1145 0.1165 0.1165 0.116 0.116 0.116 0.116 0.116 0.1075 0.1075 0.1 0.1 0.1 0.1005 0.1005 0.096 0.096 0.096 0.096 0.096 0.09450001 0.09450001 0.0865 0.0865
0.0995 0.1005 0.1005 0.102 0.102 0.102 0.1055 0.1055 0.108 0.108 0.1105 0.1105 0.1065 0.1065 0.1065 0.109 0.109 0.1075 0.1075 0.1005 0.1005 0.1005 0.103 0.103 0.1005 0.1005 0.099 0.099 0.099 0.101 0.101 0.103 0.103 0.1065 0.1065 0.1065 0.105 0.105 0.1095 0.1095 0.1085 0.1085 0.1085 0.126 0.126 0.1185 0.1185 0.1135 0.1135 0.1165 0.1165 0.1165 0.1145 0.1145 0.1165 0.1165 0.116 0.116 0.116 0.116 0.116 0.1075 0.1075 0.1 0.1 0.1 0.1005 0.1005 0.096 0.096 0.096 0.096 0.096 0.09450001 0.09450001 0.0865 0.0865
0.0995 0.1005 0.1005 0.102 0.102 0.102 0.1055 0.1055 0.108 0.108 0.1105 0.1105 0.1065 0.1065 0.1065 0.109 0.109 0.1075 0.1075 0.1005 0.1005 0.1005 0.103 0.103 0.1005 0.1005 0.099 0.099 0.099 0.101 0.101 0.103 0.103 0.1065 0.1065 0.1065 0.105 0.105 0.1095 0.1095 0.1085 0.1085 0.1085 0.126 0.126 0.1185 0.1185 0.1135 0.1135 0.1165 0.1165 0.1165 0.1145 0.1145 0.1165 0.1165 0.116 0.116 0.116 0.116 0.116 0.1075 0.1075 0.1 0.1 0.1 0.1005 0.1005 0.096 0.096 0.096 0.096 0.096 0.09450001 0.09450001 0.0865 0.0865
0.1035 0.102 0.102 0.1065 0.1065 0.1065 0.111 0.111 0.1125 0.1125 0.109 0.109 0.1195 0.1195 0.1195 0.1145 0.1145 0.109 0.109 0.109 0.109 0.109 0.112 0.112 0.117 0.117 0.116 0.116 0.116 0.116 0.116 0.1255 0.1255 0.118 0.118 0.118 0.1245 0.1245 0.1165 0.1165 0.1275 0.1275 0.1275 0.124 0.124 0.1195 0.1195 0.119 0.119 0.12 0.12 0.12 0.1205 0.1205 0.1155 0.1155 0.112 0.112 0.112 0.109 0.109 0.105 0.105 0.103 0.103 0.103 0.09999999 0.09999999 0.099 0.099 0.09649999 0.09649999 0.09649999 0.092 0.092 0.094 0.094
0.1035 0.102 0.102 0.1065 0.1065 0.1065 0.111 0.111 0.1125 0.1125 0.109 0.109 0.1195 0.1195 0.1195 0.1145 0.1145 0.109 0.109 0.109 0.109 0.109 0.112 0.112 0.117 0.117 0.116 0.116 0.116 0.116 0.116 0.1255 0.1255 0.118 0.118 0.118 0.1245 0.1245 0.1165 0.1165 0.1275 0.1275 0.1275 0.124 0.124 0.1195 0.1195 0.119 0.119 0.12 0.12 0.12 0.1205 0.1205 0.1155 0.1155 0.112 0.112 0.112 0.109 0.109 0.105 0.105 0.103 0.103 0.103 0.09999999 0.09999999 0.099 0.099 0.09649999 0.09649999 0.09649999 0.092 0.092 0.094 0.094
0.106 0.107 0.107 0.111 0.111 0.111 0.1185 0.1185 0.1215 0.1215 0.122 0.122 0.1155 0.1155 0.1155 0.1195 0.1195 0.118 0.118 0.1165 0.1165 0.1165 0.1155 0.1155 0.114 0.114 0.118 0.118 0.118 0.117 0.117 0.1185 0.1185 0.116 0.116 0.116 0.1185 0.1185 0.118 0.118 0.1175 0.1175 0.1175 0.123 0.123 0.1155 0.1155 0.121 0.121 0.1185 0.1185 0.1185 0.116 0.116 0.115 0.115 0.112 0.112 0.112 0.1085 0.1085 0.1065 0.1065 0.106 0.106 0.106 0.102 0.102 0.101 0.101 0.1005 0.1005 0.1005 0.097 0.097 0.09999999 0.09999999
0.106 0.107 0.107 0.111 0.111 0.111 0.1185 0.1185 0.1215 0.1215 0.122 0.122 0.1155 0.1155 0.1155 0.1195 0.1195 0.118 0.118 0.1165 0.1165 0.1165 0.1155 0.1155 0.114 0.114 0.118 0.118 0.118 0.117 0.117 0.1185 0.1185 0.116 0.116 0.116 0.1185 0.1185 0.118 0.118 0.1175 0.1175 0.1175 0.123 0.123 0.1155 0.1155 0.121 0.121 0.1185 0.1185 0.1185 0.116 0.116 0.115 0.115 0.112 0.112 0.112 0.1085 0.1085 0.1065 0.1065 0.106 0.106 0.106 0.102 0.102 0.101 0.101 0.1005 0.1005 0.1005 0.097 0.097 0.09999999 0.09999999
0.111 0.1195 0.1195 0.1145 0.1145 0.1145 0.117 0.117 0.126 0.126 0.1195 0.1195 0.1225 0.1225 0.1225 0.1195 0.1195 0.1205 0.1205 0.123 0.123 0.123 0.112 0.112 0.119 0.119 0.115 0.115 0.115 0.1155 0.1155 0.1105 0.1105 0.1105 0.1105 0.1105 0.117 0.117 0.1135 0.1135 0.112 0.112 0.112 0.107 0.107 0.1155 0.1155 0.1255 0.1255 0.1215 0.1215 0.1215 0.118 0.118 0.1115 0.1115 0.113 0.113 0.113 0.1045 0.1045 0.106 0.106 0.1035 0.1035 0.1035 0.102 0.102 0.1015 0.1015 0.1025 0.1025 0.1025 0.096 0.096 0.0995 0.0995
0.111 0.1195 0.1195 0.1145 0.1145 0.1145 0.117 0.117 0.126 0.126 0.1195 0.1195 0.1225 0.1225 0.1225 0.1195 0.1195 0.1205 0.1205 0.123 0.123 0.123 0.112 0.112 0.119 0.119 0.115 0.115 0.115 0.1155 0.1155 0.1105 0.1105 0.1105 0.1105 0.1105 0.117 0.117 0.1135 0.1135 0.112 0.112 0.112 0.107 0.107 0.1155 0.1155 0.1255 0.1255 0.1215 0.1215 0.1215 0.118 0.118 0.1115 0.1115 0.113 0.113 0.113 0.1045 0.1045 0.106 0.106 0.1035 0.1035 0.1035 0.102 0.102 0.1015 0.1015 0.1025 0.1025 0.1025 0.096 0.096 0.0995 0.0995
0.12 0.119 0.119 0.1275 0.1275 0.1275 0.1165 0.1165 0.1245 0.1245 0.1195 0.1195 0.1245 0.1245 0.1245 0.1215 0.1215 0.1195 0.1195 0.1165 0.1165 0.1165 0.118 0.118 0.1205 0.1205 0.1195 0.1195 0.1195 0.1175 0.1175 0.115 0.115 0.1135 0.1135 0.1135 0.1145 0.1145 0.1075 0.1075 0.1095 0.1095 0.1095 0.121 0.121 0.1185 0.1185 0.127 0.127 0.1235 0.1235 0.1235 0.112 0.112 0.1075 0.1075 0.1125 0.1125 0.1125 0.107 0.107 0.1045 0.1045 0.096 0.096 0.096 0.0925 0.0925 0.0895 0.0895 0.092 0.092 0.092 0.0965 0.0965 0.101 0.101
0.12 0.119 0.119 0.1275 0.1275 0.1275 0.1165 0.1165 0.1245 0.1245 0.1195 0.1195 0.1245 0.1245 0.1245 0.1215 0.1215 0.1195 0.1195 0.1165 0.1165 0.1165 0.118 0.118 0.1205 0.1205 0.1195 0.1195 0.1195 0.1175 0.1175 0.115 0.115 0.1135 0.1135 0.1135 0.1145 0.1145 0.1075 0.1075 0.1095 0.1095 0.1095 0.121 0.121 0.1185 0.1185 0.127 0.127 0.1235 0.1235 0.1235 0.112 0.112 0.1075 0.1075 0.1125 0.1125 0.1125 0.107 0.107 0.1045 0.1045 0.096 0.096 0.096 0.0925 0.0925 0.0895 0.0895 0.092 0.092 0.092 0.0965 0.0965 0.101 0.101
0.12 0.119 0.119 0.1275 0.1275 0.1275 0.1165 0.1165 0.1245 0.1245 0.1195 0.1195 0.1245 0.1245 0.1245 0.1215 0.1215 0.1195 0.1195 0.1165 0.1165 0.1165 0.118 0.118 0.1205 0.1205 0.1195 0.1195 0.1195 0.1175 0.1175 0.115 0.115 0.1135 0.1135 0.1135 0.1145 0.1145 0.1075 0.1075 0.1095 0.1095 0.1095 0.121 0.121 0.1185 0.1185 0.127 0.127 0.1235 0.1235 0.1235 0.112 0.112 0.1075 0.1075 0.1125 0.1125 0.1125 0.107 0.107 0.1045 0.1045 0.096 0.096 0.096 0.0925 0.0925 0.0895 0.0895 0.092 0.092 0.092 0.0965 0.0965 0.101 0.101
0.1185 0.128 0.128 0.1235 0.1235 0.1235 0.1245 0.1245 0.128 0.128 0.126 0.126 0.122 0.122 0.122 0.129 0.129 0.118 0.118 0.128 0.128 0.128 0.1175 0.1175 0.112 0.112 0.11 0.11 0.11 0.1125 0.1125 0.1135 0.1135 0.108 0.108 0.108 0.115 0.115 0.11 0.11 0.108 0.108 0.108 0.1095 0.1095 0.1135 0.1135 0.112 0.112 0.1035 0.1035 0.1035 0.098 0.098 0.118 0.118 0.117 0.117 0.117 0.1005 0.1005 0.0925 0.0925 0.0855 0.0855 0.0855 0.084 0.084 0.0845 0.0845 0.0865 0.0865 0.0865 0.087 0.087 0.1025 0.1025
0.1185 0.128 0.128 0.1235 0.1235 0.1235 0.1245 0.1245 0.128 0.128 0.126 0.126 0.122 0.122 0.122 0.129 0.129 0.118 0.118 0.128 0.128 0.128 0.1175 0.1175 0.112 0.112 0.11 0.11 0.11 0.1125 0.1125 0.1135 0.1135 0.108 0.108 0.108 0.115 0.115 0.11 0.11 0.108 0.108 0.108 0.1095 0.1095 0.1135 0.1135 0.112 0.112 0.1035 0.1035 0.1035 0.098 0.098 0.118 0.118 0.117 0.117 0.117 0.1005 0.1005 0.0925 0.0925 0.0855 0.0855 0.0855 0.084 0.084 0.0845 0.0845 0.0865 0.0865 0.0865 0.087 0.087 0.1025 0.1025
0.1235 0.1215 0.1215 0.1195 0.1195 0.1195 0.1205 0.1205 0.132 0.132 0.129 0.129 0.122 0.122 0.122 0.125 0.125 0.128 0.128 0.1205 0.1205 0.1205 0.1155 0.1155 0.1105 0.1105 0.1135 0.1135 0.1135 0.1075 0.1075 0.108 0.108 0.1045 0.1045 0.1045 0.1165 0.1165 0.1025 0.1025 0.1015 0.1015 0.1015 0.098 0.098 0.085 0.085 0.0755 0.0755 0.06550001 0.06550001 0.06550001 0.081 0.081 0.0905 0.0905 0.098 0.098 0.098 0.0925 0.0925 0.0895 0.0895 0.087 0.087 0.087 0.08750001 0.08750001 0.087 0.087 0.08750001 0.08750001 0.08750001 0.09 0.09 0.1015 0.1015
0.1235 0.1215 0.1215 0.1195 0.1195 0.1195 0.1205 0.1205 0.132 0.132 0.129 0.129 0.122 0.122 0.122 0.125 0.125 0.128 0.128 0.1205 0.1205 0.1205 0.1155 0.1155 0.1105 0.1105 0.1135 0.1135 0.1135 0.1075 0.1075 0.108 0.108 0.1045 0.1045 0.1045 0.1165 0.1165 0.1025 0.1025 0.1015 0.1015 0.1015 0.098 0.098 0.085 0.085 0.0755 0.0755 0.06550001 0.06550001 0.06550001 0.081 0.081 0.0905 0.0905 0.098 0.098 0.098 0.0925 0.0925 0.0895 0.0895 0.087 0.087 0.087 0.08750001 0.08750001 0.087 0.087 0.08750001 0.08750001 0.08750001 0.09 0.09 0.1015 0.1015
0.127 0.154 0.154 0.1535 0.1535 0.1535 0.117 0.117 0.1115 0.1115 0.105 0.105 0.1155 0.1155 0.1155 0.108 0.108 0.119 0.119 0.1165 0.1165 0.1165 0.1095 0.1095 0.1115 0.1115 0.105 0.105 0.105 0.091 0.091 0.0865 0.0865 0.0975 0.0975 0.0975 0.09999999 0.09999999 0.1245 0.1245 0.115 0.115 0.115 0.113 0.113 0.1165 0.1165 0.1075 0.1075 0.0995 0.0995 0.0995 0.0935 0.0935 0.0955 0.0955 0.094 0.094 0.094 0.0935 0.0935 0.094 0.094 0.0915 0.0915 0.0915 0.0865 0.0865 0.09100001 0.09100001 0.0895 0.0895 0.0895 0.095 0.095 0.097 0.097
0.127 0.154 0.154 0.1535 0.1535 0.1535 0.117 0.117 0.1115 0.1115 0.105 0.105 0.1155 0.1155 0.1155 0.108 0.108 0.119 0.119 0.1165 0.1165 0.1165 0.1095 0.1095 0.1115 0.1115 0.105 0.105 0.105 0.091 0.091 0.0865 0.0865 0.0975 0.0975 0.0975 0.09999999 0.09999999 0.1245 0.1245 0.115 0.115 0.115 0.113 0.113 0.1165 0.1165 0.1075 0.1075 0.0995 0.0995 0.0995 0.0935 0.0935 0.0955 0.0955 0.094 0.094 0.094 0.0935 0.0935 0.094 0.094 0.0915 0.0915 0.0915 0.0865 0.0865 0.09100001 0.09100001 0.0895 0.0895 0.0895 0.095 0.095 0.097 0.097
0.127 0.154 0.154 0.1535 0.1535 0.1535 0.117 0.117 0.1115 0.1115 0.105 0.105 0.1155 0.1155 0.1155 0.108 0.108 0.119 0.119 0.1165 0.1165 0.1165 0.1095 0.1095 0.1115 0.1115 0.105 0.105 0.105 0.091 0.091 0.0865 0.0865 0.0975 0.0975 0.0975 0.09999999 0.09999999 0.1245 0.1245 0.115 0.115 0.115 0.113 0.113 0.1165 0.1165 0.1075 0.1075 0.0995 0.0995 0.0995 0.0935 0.0935 0.0955 0.0955 0.094 0.094 0.094 0.0935 0.0935 0.094 0.094 0.0915 0.0915 0.0915 0.0865 0.0865 0.09100001 0.09100001 0.0895 0.0895 0.0895 0.095 0.095 0.097 0.097
0.12 0.1185 0.1185 0.1395 0.1395 0.1395 0.114 0.114 0.1115 0.1115 0.1085 0.1085 0.111 0.111 0.111 0.129 0.129 0.118 0.118 0.1145 0.1145 0.1145 0.119 0.119 0.1135 0.1135 0.09900001 0.09900001 0.09900001 0.1065 0.1065 0.09299999 0.09299999 0.1135 0.1135 0.1135 0.1255 0.1255 0.122 0.122 0.116 0.116 0.116 0.113 0.113 0.112 0.112 0.111 0.111 0.103 0.103 0.103 0.097 0.097 0.0955 0.0955 0.09649999 0.09649999 0.09649999 0.0995 0.0995 0.1005 0.1005 0.096 0.096 0.096 0.0935 0.0935 0.0905 0.0905 0.0935 0.0935 0.0935 0.0925 0.0925 0.0945 0.0945
0.12 0.1185 0.1185 0.1395 0.1395 0.1395 0.114 0.114 0.1115 0.1115 0.1085 0.1085 0.111 0.111 0.111 0.129 0.129 0.118 0.118 0.1145 0.1145 0.1145 0.119 0.119 0.1135 0.1135 0.09900001 0.09900001 0.09900001 0.1065 0.1065 0.09299999 0.09299999 0.1135 0.1135 0.1135 0.1255 0.1255 0.122 0.122 0.116 0.116 0.116 0.113 0.113 0.112 0.112 0.111 0.111 0.103 0.103 0.103 0.097 0.097 0.0955 0.0955 0.09649999 0.09649999 0.09649999 0.0995 0.0995 0.1005 0.1005 0.096 0.096 0.096 0.0935 0.0935 0.0905 0.0905 0.0935 0.0935 0.0935 0.0925 0.0925 0.0945 0.0945
0.1265 0.1195 0.1195 0.14 0.14 0.14 0.1395 0.1395 0.124 0.124 0.125 0.125 0.117 0.117 0.117 0.1145 0.1145 0.1255 0.1255 0.133 0.133 0.133 0.14 0.14 0.1385 0.1385 0.1435 0.1435 0.1435 0.1225 0.1225 0.145 0.145 0.146 0.146 0.146 0.133 0.133 0.113 0.113 0.116 0.116 0.116 0.115 0.115 0.106 0.106 0.111 0.111 0.1045 0.1045 0.1045 0.098 0.098 0.101 0.101 0.0955 0.0955 0.0955 0.101 0.101 0.1035 0.1035 0.105 0.105 0.105 0.0975 0.0975 0.0985 0.0985 0.097 0.097 0.097 0.094 0.094 0.092 0.092
0.1265 0.1195 0.1195 0.14 0.14 0.14 0.1395 0.1395 0.124 0.124 0.125 0.125 0.117 0.117 0.117 0.1145 0.1145 0.1255 0.1255 0.133 0.133 0.133 0.14 0.14 0.1385 0.1385 0.1435 0.1435 0.1435 0.1225 0.1225 0.145 0.145 0.146 0.146 0.146 0.133 0.133 0.113 0.113 0.116 0.116 0.116 0.115 0.115 0.106 0.106 0.111 0.111 0.1045 0.1045 0.1045 0.098 0.098 0.101 0.101 0.0955 0.0955 0.0955 0.101 0.101 0.1035 0.1035 0.105 0.105 0.105 0.0975 0.0975 0.0985 0.0985 0.097 0.097 0.097 0.094 0.094 0.092 0.092
0.1225 0.1295 0.1295 0.142 0.142 0.142 0.1745 0.1745 0.152 0.152 0.125 0.125 0.1225 0.1225 0.1225 0.1095 0.1095 0.125 0.125 0.1255 0.1255 0.1255 0.143 0.143 0.1335 0.1335 0.141 0.141 0.141 0.1405 0.1405 0.1445 0.1445 0.145 0.145 0.145 0.1275 0.1275 0.1195 0.1195 0.121 0.121 0.121 0.1135 0.1135 0.115 0.115 0.113 0.113 0.11 0.11 0.11 0.1035 0.1035 0.102 0.102 0.1025 0.1025 0.1025 0.1025 0.1025 0.098 0.098 0.107 0.107 0.107 0.1005 0.1005 0.099 0.099 0.0975 0.0975 0.0975 0.1005 0.1005 0.101 0.101
0.1225 0.1295 0.1295 0.142 0.142 0.142 0.1745 0.1745 0.152 0.152 0.125 0.125 0.1225 0.1225 0.1225 0.1095 0.1095 0.125 0.125 0.1255 0.1255 0.1255 0.143 0.143 0.1335 0.1335 0.141 0.141 0.141 0.1405 0.1405 0.1445 0.1445 0.145 0.145 0.145 0.1275 0.1275 0.1195 0.1195 0.121 0.121 0.121 0.1135 0.1135 0.115 0.115 0.113 0.113 0.11 0.11 0.11 0.1035 0.1035 0.102 0.102 0.1025 0.1025 0.1025 0.1025 0.1025 0.098 0.098 0.107 0.107 0.107 0.1005 0.1005 0.099 0.099 0.0975 0.0975 0.0975 0.1005 0.1005 0.101 0.101
0.1225 0.1295 0.1295 0.142 0.142 0.142 0.1745 0.1745 0.152 0.152 0.125 0.125 0.1225 0.1225 0.1225 0.1095 0.1095 0.125 0.125 0.1255 0.1255 0.1255 0.143 0.143 0.1335 0.1335 0.141 0.141 0.141 0.1405 0.1405 0.1445 0.1445 0.145 0.145 0.145 0.1275 0.1275 0.1195 0.1195 0.121 0.121 0.121 0.1135 0.1135 0.115 0.115 0.113 0.113 0.11 0.11 0.11 0.1035 0.1035 0.102 0.102 0.1025 0.1025 0.1025 0.1025 0.1025 0.098 0.098 0.107 0.107 0.107 0.1005 0.1005 0.099 0.099 0.0975 0.0975 0.0975 0.1005 0.1005 0.101 0.101
0.123 0.1225 0.1225 0.1435 0.1435 0.1435 0.1735 0.1735 0.1655 0.1655 0.1245 0.1245 0.129 0.129 0.129 0.1215 0.1215 0.1345 0.1345 0.1355 0.1355 0.1355 0.1365 0.1365 0.125 0.125 0.127 0.127 0.127 0.1465 0.1465 0.1395 0.1395 0.1315 0.1315 0.1315 0.1355 0.1355 0.119 0.119 0.1195 0.1195 0.1195 0.1165 0.1165 0.118 0.118 0.117 0.117 0.1135 0.1135 0.1135 0.113 0.113 0.108 0.108 0.1025 0.1025 0.1025 0.1035 0.1035 0.11 0.11 0.1135 0.1135 0.1135 0.12 0.12 0.122 0.122 0.1185 0.1185 0.1185 0.118 0.118 0.111 0.111
0.123 0.1225 0.1225 0.1435 0.1435 0.1435 0.1735 0.1735 0.1655 0.1655 0.1245 0.1245 0.129 0.129 0.129 0.1215 0.1215 0.1345 0.1345 0.1355 0.1355 0.1355 0.1365 0.1365 0.125 0.125 0.127 0.127 0.127 0.1465 0.1465 0.1395 0.1395 0.1315 0.1315 0.1315 0.1355 0.1355 0.119 0.119 0.1195 0.1195 0.1195 0.1165 0.1165 0.118 0.118 0.117 0.117 0.1135 0.1135 0.1135 0.113 0.113 0.108 0.108 0.1025 0.1025 0.1025 0.1035 0.1035 0.11 0.11 0.1135 0.1135 0.1135 0.12 0.12 0.122 0.122 0.1185 0.1185 0.1185 0.118 0.118 0.111 0.111
0.1355 0.127 0.127 0.12 0.12 0.12 0.12 0.12 0.114 0.114 0.13 0.13 0.1115 0.1115 0.1115 0.1135 0.1135 0.116 0.116 0.13 0.13 0.13 0.1325 0.1325 0.1375 0.1375 0.144 0.144 0.144 0.156 0.156 0.1235 0.1235 0.126 0.126 0.126 0.1285 0.1285 0.1185 0.1185 0.117 0.117 0.117 0.1235 0.1235 0.1265 0.1265 0.1165 0.1165 0.123 0.123 0.123 0.1255 0.1255 0.1295 0.1295 0.123 0.123 0.123 0.119 0.119 0.128 0.128 0.1235 0.1235 0.1235 0.132 0.132 0.1335 0.1335 0.1295 0.1295 0.1295 0.1215 0.1215 0.114 0.114
0.1355 0.127 0.127 0.12 0.12 0.12 0.12 0.12 0.114 0.114 0.13 0.13 0.1115 0.1115 0.1115 0.1135 0.1135 0.116 0.116 0.13 0.13 0.13 0.1325 0.1325 0.1375 0.1375 0.144 0.144 0.144 0.156 0.156 0.1235 0.1235 0.126 0.126 0.126 0.1285 0.1285 0.1185 0.1185 0.117 0.117 0.117 0.1235 0.1235 0.1265 0.1265 0.1165 0.1165 0.123 0.123 0.123 0.1255 0.1255 0.1295 0.1295 0.123 0.123 0.123 0.119 0.119 0.128 0.128 0.1235 0.1235 0.1235 0.132 0.132 0.1335 0.1335 0.1295 0.1295 0.1295 0.1215 0.1215 0.114 0.114
0.1315 0.131 0.131 0.126 0.126 0.126 0.106 0.106 0.127 0.127 0.1265 0.1265 0.1205 0.1205 0.1205 0.1315 0.1315 0.1155 0.1155 0.113 0.113 0.113 0.113 0.113 0.1495 0.1495 0.1455 0.1455 0.1455 0.1515 0.1515 0.133 0.133 0.099 0.099 0.099 0.121 0.121 0.1045 0.1045 0.101 0.101 0.101 0.11 0.11 0.124 0.124 0.1155 0.1155 0.1215 0.1215 0.1215 0.133 0.133 0.1315 0.1315 0.1325 0.1325 0.1325 0.1285 0.1285 0.126 0.126 0.132 0.132 0.132 0.1345 0.1345 0.1325 0.1325 0.132 0.132 0.132 0.132 0.132 0.1195 0.1195
0.1315 0.131 0.131 0.126 0.126 0.126 0.106 0.106 0.127 0.127 0.1265 0.1265 0.1205 0.1205 0.1205 0.1315 0.1315 0.1155 0.1155 0.113 0.113 0.113 0.113 0.113 0.1495 0.1495 0.1455 0.1455 0.1455 0.1515 0.1515 0.133 0.133 0.099 0.099 0.099 0.121 0.121 0.1045 0.1045 0.101 0.101 0.101 0.11 0.11 0.124 0.124 0.1155 0.1155 0.1215 0.1215 0.1215 0.133 0.133 0.1315 0.1315 0.1325 0.1325 0.1325 0.1285 0.1285 0.126 0.126 0.132 0.132 0.132 0.1345 0.1345 0.1325 0.1325 0.132 0.132 0.132 0.132 0.132 0.1195 0.1195
0.109 0.122 0.122 0.112 0.112 0.112 0.1145 0.1145 0.116 0.116 0.105 0.105 0.11 0.11 0.11 0.1105 0.1105 0.1265 0.1265 0.1175 0.1175 0.1175 0.1065 0.1065 0.1315 0.1315 0.1405 0.1405 0.1405 0.1425 0.1425 0.1245 0.1245 0.1215 0.1215 0.1215 0.114 0.114 0.1135 0.1135 0.105 0.105 0.105 0.1075 0.1075 0.1235 0.1235 0.1265 0.1265 0.1265 0.1265 0.1265 0.121 0.121 0.131 0.131 0.128 0.128 0.128 0.13 0.13 0.1275 0.1275 0.1205 0.1205 0.1205 0.124 0.124 0.129 0.129 0.137 0.137 0.137 0.125 0.125 0.1155 0.1155
