ndvi/NOAA-43.asc
ncols         252
nrows         154
xllcorner     -18.017974
yllcorner     13.481982
cellsize      0.035948
NODATA_value  -9999
[rows 34 to 67 of 154, columns 154 to 230 of 252]
0.1245 0.127 0.127 0.1255 0.1255 0.1255 0.1265 0.1265 0.109 0.109 0.1055 0.1055 0.0935 0.0935 0.0935 0.099 0.099 0.0995 0.0995 0.1005 0.1005 0.1005 0.103 0.103 0.113 0.113 0.119 0.119 0.119 0.1225 0.1225 0.125 0.125 0.119 0.119 0.119 0.107 0.107 0.1105 0.1105 0.1185 0.1185 0.1185 0.1095 0.1095 0.108 0.108 0.121 0.121 0.1265 0.1265 0.1265 0.131 0.131 0.13 0.13 0.1275 0.1275 0.1275 0.114 0.114 0.111 0.111 0.11 0.11 0.11 0.111 0.111 0.111 0.111 0.1135 0.1135 0.1135 0.1095 0.1095 0.108 0.108
0.1245 0.127 0.127 0.1255 0.1255 0.1255 0.1265 0.1265 0.109 0.109 0.1055 0.1055 0.0935 0.0935 0.0935 0.099 0.099 0.0995 0.0995 0.1005 0.1005 0.1005 0.103 0.103 0.113 0.113 0.119 0.119 0.119 0.1225 0.1225 0.125 0.125 0.119 0.119 0.119 0.107 0.107 0.1105 0.1105 0.1185 0.1185 0.1185 0.1095 0.1095 0.108 0.108 0.121 0.121 0.1265 0.1265 0.1265 0.131 0.131 0.13 0.13 0.1275 0.1275 0.1275 0.114 0.114 0.111 0.111 0.11 0.11 0.11 0.111 0.111 0.111 0.111 0.1135 0.1135 0.1135 0.1095 0.1095 0.108 0.108
0.1245 0.127 0.127 0.1255 0.1255 0.1255 0.1265 0.1265 0.109 0.109 0.1055 0.1055 0.0935 0.0935 0.0935 0.099 0.099 0.0995 0.0995 0.1005 0.1005 0.1005 0.103 0.103 0.113 0.113 0.119 0.119 0.119 0.1225 0.1225 0.125 0.125 0.119 0.119 0.119 0.107 0.107 0.1105 0.1105 0.1185 0.1185 0.1185 0.1095 0.1095 0.108 0.108 0.121 0.121 0.1265 0.1265 0.1265 0.131 0.131 0.13 0.13 0.1275 0.1275 0.1275 0.114 0.114 0.111 0.111 0.11 0.11 0.11 0.111 0.111 0.111 0.111 0.1135 0.1135 0.1135 0.1095 0.1095 0.108 0.108
0.115 0.1275 0.1275 0.112 0.112 0.112 0.105 0.105 0.108 0.108 0.107 0.107 0.11 0.11 0.11 0.1075 0.1075 0.0985 0.0985 0.0905 0.0905 0.0905 0.097 0.097 0.1145 0.1145 0.124 0.124 0.124 0.1355 0.1355 0.126 0.126 0.1205 0.1205 0.1205 0.1115 0.1115 0.112 0.112 0.113 0.113 0.113 0.113 0.113 0.1205 0.1205 0.1345 0.1345 0.1255 0.1255 0.1255 0.1255 0.1255 0.1255 0.1255 0.1305 0.1305 0.1305 0.126 0.126 0.1175 0.1175 0.1135 0.1135 0.1135 0.1095 0.1095 0.113 0.113 0.118 0.118 0.118 0.116 0.116 0.114 0.114
0.115 0.1275 0.1275 0.112 0.112 0.112 0.105 0.105 0.108 0.108 0.107 0.107 0.11 0.11 0.11 0.1075 0.1075 0.0985 0.0985 0.0905 0.0905 0.0905 0.097 0.097 0.1145 0.1145 0.124 0.124 0.124 0.1355 0.1355 0.126 0.126 0.1205 0.1205 0.1205 0.1115 0.1115 0.112 0.112 0.113 0.113 0.113 0.113 0.113 0.1205 0.1205 0.1345 0.1345 0.1255 0.1255 0.1255 0.1255 0.1255 0.1255 0.1255 0.1305 0.1305 0.1305 0.126 0.126 0.1175 0.1175 0.1135 0.1135 0.1135 0.1095 0.1095 0.113 0.113 0.118 0.118 0.118 0.116 0.116 0.114 0.114
0.122 0.118 0.118 0.104 0.104 0.104 0.102 0.102 0.1075 0.1075 0.108 0.108 0.11 0.11 0.11 0.108 0.108 0.109 0.109 0.101 0.101 0.101 0.1155 0.1155 0.127 0.127 0.124 0.124 0.124 0.133 0.133 0.1345 0.1345 0.1335 0.1335 0.1335 0.128 0.128 0.119 0.119 0.117 0.117 0.117 0.1165 0.1165 0.1325 0.1325 0.136 0.136 0.133 0.133 0.133 0.1255 0.1255 0.1275 0.1275 0.131 0.131 0.131 0.13 0.13 0.1305 0.1305 0.1175 0.1175 0.1175 0.113 0.113 0.1145 0.1145 0.1185 0.1185 0.1185 0.1175 0.1175 0.115 0.115
0.122 0.118 0.118 0.104 0.104 0.104 0.102 0.102 0.1075 0.1075 0.108 0.108 0.11 0.11 0.11 0.108 0.108 0.109 0.109 0.101 0.101 0.101 0.1155 0.1155 0.127 0.127 0.124 0.124 0.124 0.133 0.133 0.1345 0.1345 0.1335 0.1335 0.1335 0.128 0.128 0.119 0.119 0.117 0.117 0.117 0.1165 0.1165 0.1325 0.1325 0.136 0.136 0.133 0.133 0.133 0.1255 0.1255 0.1275 0.1275 0.131 0.131 0.131 0.13 0.13 0.1305 0.1305 0.1175 0.1175 0.1175 0.113 0.113 0.1145 0.1145 0.1185 0.1185 0.1185 0.1175 0.1175 0.115 0.115
0.1145 0.1155 0.1155 0.101 0.101 0.101 0.106 0.106 0.109 0.109 0.1055 0.1055 0.106 0.106 0.106 0.1095 0.1095 0.1105 0.1105 0.109 0.109 0.109 0.116 0.116 0.1415 0.1415 0.1335 0.1335 0.1335 0.1495 0.1495 0.1495 0.1495 0.142 0.142 0.142 0.1405 0.1405 0.1395 0.1395 0.1355 0.1355 0.1355 0.1365 0.1365 0.135 0.135 0.137 0.137 0.132 0.132 0.132 0.134 0.134 0.1325 0.1325 0.1335 0.1335 0.1335 0.1315 0.1315 0.141 0.141 0.143 0.143 0.143 0.1345 0.1345 0.132 0.132 0.126 0.126 0.126 0.1195 0.1195 0.111 0.111
0.1145 0.1155 0.1155 0.101 0.101 0.101 0.106 0.106 0.109 0.109 0.1055 0.1055 0.106 0.106 0.106 0.1095 0.1095 0.1105 0.1105 0.109 0.109 0.109 0.116 0.116 0.1415 0.1415 0.1335 0.1335 0.1335 0.1495 0.1495 0.1495 0.1495 0.142 0.142 0.142 0.1405 0.1405 0.1395 0.1395 0.1355 0.1355 0.1355 0.1365 0.1365 0.135 0.135 0.137 0.137 0.132 0.132 0.132 0.134 0.134 0.1325 0.1325 0.1335 0.1335 0.1335 0.1315 0.1315 0.141 0.141 0.143 0.143 0.143 0.1345 0.1345 0.132 0.132 0.126 0.126 0.126 0.1195 0.1195 0.111 0.111
0.1145 0.1155 0.1155 0.101 0.101 0.101 0.106 0.106 0.109 0.109 0.1055 0.1055 0.106 0.106 0.106 0.1095 0.1095 0.1105 0.1105 0.109 0.109 0.109 0.116 0.116 0.1415 0.1415 0.1335 0.1335 0.1335 0.1495 0.1495 0.1495 0.1495 0.142 0.142 0.142 0.1405 0.1405 0.1395 0.1395 0.1355 0.1355 0.1355 0.1365 0.1365 0.135 0.135 0.137 0.137 0.132 0.132 0.132 0.134 0.134 0.1325 0.1325 0.1335 0.1335 0.1335 0.1315 0.1315 0.141 0.141 0.143 0.143 0.143 0.1345 0.1345 0.132 0.132 0.126 0.126 0.126 0.1195 0.1195 0.111 0.111
0.1105 0.137 0.137 0.135 0.135 0.135 0.116 0.116 0.1135 0.1135 0.124 0.124 0.1255 0.1255 0.1255 0.1205 0.1205 0.1795 0.1795 0.163 0.163 0.163 0.151 0.151 0.1495 0.1495 0.1525 0.1525 0.1525 0.157 0.157 0.172 0.172 0.167 0.167 0.167 0.146 0.146 0.138 0.138 0.1365 0.1365 0.1365 0.1425 0.1425 0.143 0.143 0.147 0.147 0.1505 0.1505 0.1505 0.1425 0.1425 0.139 0.139 0.136 0.136 0.136 0.1435 0.1435 0.1415 0.1415 0.142 0.142 0.142 0.1355 0.1355 0.133 0.133 0.137 0.137 0.137 0.134 0.134 0.126 0.126
0.1105 0.137 0.137 0.135 0.135 0.135 0.116 0.116 0.1135 0.1135 0.124 0.124 0.1255 0.1255 0.1255 0.1205 0.1205 0.1795 0.1795 0.163 0.163 0.163 0.151 0.151 0.1495 0.1495 0.1525 0.1525 0.1525 0.157 0.157 0.172 0.172 0.167 0.167 0.167 0.146 0.146 0.138 0.138 0.1365 0.1365 0.1365 0.1425 0.1425 0.143 0.143 0.147 0.147 0.1505 0.1505 0.1505 0.1425 0.1425 0.139 0.139 0.136 0.136 0.136 0.1435 0.1435 0.1415 0.1415 0.142 0.142 0.142 0.1355 0.1355 0.133 0.133 0.137 0.137 0.137 0.134 0.134 0.126 0.126
0.1485 0.1555 0.1555 0.16 0.16 0.16 0.1765 0.1765 0.189 0.189 0.1805 0.1805 0.1745 0.1745 0.1745 0.1845 0.1845 0.1855 0.1855 0.1685 0.1685 0.1685 0.1645 0.1645 0.1535 0.1535 0.17 0.17 0.17 0.1745 0.1745 0.17 0.17 0.164 0.164 0.164 0.156 0.156 0.1505 0.1505 0.1585 0.1585 0.1585 0.1655 0.1655 0.165 0.165 0.153 0.153 0.1485 0.1485 0.1485 0.1505 0.1505 0.1555 0.1555 0.156 0.156 0.156 0.1535 0.1535 0.1475 0.1475 0.1465 0.1465 0.1465 0.141 0.141 0.1275 0.1275 0.1305 0.1305 0.1305 0.1355 0.1355 0.133 0.133
0.1485 0.1555 0.1555 0.16 0.16 0.16 0.1765 0.1765 0.189 0.189 0.1805 0.1805 0.1745 0.1745 0.1745 0.1845 0.1845 0.1855 0.1855 0.1685 0.1685 0.1685 0.1645 0.1645 0.1535 0.1535 0.17 0.17 0.17 0.1745 0.1745 0.17 0.17 0.164 0.164 0.164 0.156 0.156 0.1505 0.1505 0.1585 0.1585 0.1585 0.1655 0.1655 0.165 0.165 0.153 0.153 0.1485 0.1485 0.1485 0.1505 0.1505 0.1555 0.1555 0.156 0.156 0.156 0.1535 0.1535 0.1475 0.1475 0.1465 0.1465 0.1465 0.141 0.141 0.1275 0.1275 0.1305 0.1305 0.1305 0.1355 0.1355 0.133 0.133
0.153 0.1515 0.1515 0.165 0.165 0.165 0.1795 0.1795 0.1935 0.1935 0.1775 0.1775 0.1885 0.1885 0.1885 0.1735 0.1735 0.184 0.184 0.1675 0.1675 0.1675 0.1755 0.1755 0.185 0.185 0.197 0.197 0.197 0.1875 0.1875 0.175 0.175 0.1745 0.1745 0.1745 0.1725 0.1725 0.1625 0.1625 0.182 0.182 0.182 0.1675 0.1675 0.171 0.171 0.1505 0.1505 0.1515 0.1515 0.1515 0.15 0.15 0.1535 0.1535 0.1515 0.1515 0.1515 0.1555 0.1555 0.1465 0.1465 0.1425 0.1425 0.1425 0.1435 0.1435 0.13 0.13 0.128 0.128 0.128 0.1305 0.1305 0.13 0.13
0.153 0.1515 0.1515 0.165 0.165 0.165 0.1795 0.1795 0.1935 0.1935 0.1775 0.1775 0.1885 0.1885 0.1885 0.1735 0.1735 0.184 0.184 0.1675 0.1675 0.1675 0.1755 0.1755 0.185 0.185 0.197 0.197 0.197 0.1875 0.1875 0.175 0.175 0.1745 0.1745 0.1745 0.1725 0.1725 0.1625 0.1625 0.182 0.182 0.182 0.1675 0.1675 0.171 0.171 0.1505 0.1505 0.1515 0.1515 0.1515 0.15 0.15 0.1535 0.1535 0.1515 0.1515 0.1515 0.1555 0.1555 0.1465 0.1465 0.1425 0.1425 0.1425 0.1435 0.1435 0.13 0.13 0.128 0.128 0.128 0.1305 0.1305 0.13 0.13
0.153 0.1515 0.1515 0.165 0.165 0.165 0.1795 0.1795 0.1935 0.1935 0.1775 0.1775 0.1885 0.1885 0.1885 0.1735 0.1735 0.184 0.184 0.1675 0.1675 0.1675 0.1755 0.1755 0.185 0.185 0.197 0.197 0.197 0.1875 0.1875 0.175 0.175 0.1745 0.1745 0.1745 0.1725 0.1725 0.1625 0.1625 0.182 0.182 0.182 0.1675 0.1675 0.171 0.171 0.1505 0.1505 0.1515 0.1515 0.1515 0.15 0.15 0.1535 0.1535 0.1515 0.1515 0.1515 0.1555 0.1555 0.1465 0.1465 0.1425 0.1425 0.1425 0.1435 0.1435 0.13 0.13 0.128 0.128 0.128 0.1305 0.1305 0.13 0.13
0.136 0.1445 0.1445 0.1795 0.1795 0.1795 0.1945 0.1945 0.1955 0.1955 0.2 0.2 0.1905 0.1905 0.1905 0.1735 0.1735 0.165 0.165 0.167 0.167 0.167 0.168 0.168 0.194 0.194 0.197 0.197 0.197 0.199 0.199 0.187 0.187 0.189 0.189 0.189 0.1725 0.1725 0.1675 0.1675 0.1775 0.1775 0.1775 0.1655 0.1655 0.1625 0.1625 0.159 0.159 0.1325 0.1325 0.1325 0.132 0.132 0.1455 0.1455 0.1655 0.1655 0.1655 0.1725 0.1725 0.17 0.17 0.158 0.158 0.158 0.147 0.147 0.143 0.143 0.137 0.137 0.137 0.135 0.135 0.133 0.133
0.136 0.1445 0.1445 0.1795 0.1795 0.1795 0.1945 0.1945 0.1955 0.1955 0.2 0.2 0.1905 0.1905 0.1905 0.1735 0.1735 0.165 0.165 0.167 0.167 0.167 0.168 0.168 0.194 0.194 0.197 0.197 0.197 0.199 0.199 0.187 0.187 0.189 0.189 0.189 0.1725 0.1725 0.1675 0.1675 0.1775 0.1775 0.1775 0.1655 0.1655 0.1625 0.1625 0.159 0.159 0.1325 0.1325 0.1325 0.132 0.132 0.1455 0.1455 0.1655 0.1655 0.1655 0.1725 0.1725 0.17 0.17 0.158 0.158 0.158 0.147 0.147 0.143 0.143 0.137 0.137 0.137 0.135 0.135 0.133 0.133
0.121 0.136 0.136 0.188 0.188 0.188 0.199 0.199 0.204 0.204 0.1975 0.1975 0.194 0.194 0.194 0.188 0.188 0.156 0.156 0.1585 0.1585 0.1585 0.183 0.183 0.2035 0.2035 0.204 0.204 0.204 0.2125 0.2125 0.2265 0.2265 0.2295 0.2295 0.2295 0.2105 0.2105 0.177 0.177 0.1685 0.1685 0.1685 0.16 0.16 0.1605 0.1605 0.1585 0.1585 0.14 0.14 0.14 0.149 0.149 0.176 0.176 0.1775 0.1775 0.1775 0.1835 0.1835 0.1795 0.1795 0.1915 0.1915 0.1915 0.1605 0.1605 0.172 0.172 0.183 0.183 0.183 0.1775 0.1775 0.1765 0.1765
0.121 0.136 0.136 0.188 0.188 0.188 0.199 0.199 0.204 0.204 0.1975 0.1975 0.194 0.194 0.194 0.188 0.188 0.156 0.156 0.1585 0.1585 0.1585 0.183 0.183 0.2035 0.2035 0.204 0.204 0.204 0.2125 0.2125 0.2265 0.2265 0.2295 0.2295 0.2295 0.2105 0.2105 0.177 0.177 0.1685 0.1685 0.1685 0.16 0.16 0.1605 0.1605 0.1585 0.1585 0.14 0.14 0.14 0.149 0.149 0.176 0.176 0.1775 0.1775 0.1775 0.1835 0.1835 0.1795 0.1795 0.1915 0.1915 0.1915 0.1605 0.1605 0.172 0.172 0.183 0.183 0.183 0.1775 0.1775 0.1765 0.1765
0.1135 0.1305 0.1305 0.172 0.172 0.172 0.166 0.166 0.208 0.208 0.202 0.202 0.2095 0.2095 0.2095 0.2065 0.2065 0.206 0.206 0.2125 0.2125 0.2125 0.211 0.211 0.234 0.234 0.2315 0.2315 0.2315 0.218 0.218 0.216 0.216 0.1955 0.1955 0.1955 0.187 0.187 0.2015 0.2015 0.177 0.177 0.177 0.1625 0.1625 0.162 0.162 0.1575 0.1575 0.1625 0.1625 0.1625 0.164 0.164 0.1655 0.1655 0.177 0.177 0.177 0.1795 0.1795 0.1895 0.1895 0.192 0.192 0.192 0.1915 0.1915 0.188 0.188 0.1885 0.1885 0.1885 0.1785 0.1785 0.1705 0.1705
0.1135 0.1305 0.1305 0.172 0.172 0.172 0.166 0.166 0.208 0.208 0.202 0.202 0.2095 0.2095 0.2095 0.2065 0.2065 0.206 0.206 0.2125 0.2125 0.2125 0.211 0.211 0.234 0.234 0.2315 0.2315 0.2315 0.218 0.218 0.216 0.216 0.1955 0.1955 0.1955 0.187 0.187 0.2015 0.2015 0.177 0.177 0.177 0.1625 0.1625 0.162 0.162 0.1575 0.1575 0.1625 0.1625 0.1625 0.164 0.164 0.1655 0.1655 0.177 0.177 0.177 0.1795 0.1795 0.1895 0.1895 0.192 0.192 0.192 0.1915 0.1915 0.188 0.188 0.1885 0.1885 0.1885 0.1785 0.1785 0.1705 0.1705
0.1035 0.1345 0.1345 0.143 0.143 0.143 0.1835 0.1835 0.195 0.195 0.1895 0.1895 0.193 0.193 0.193 0.201 0.201 0.22 0.22 0.211 0.211 0.211 0.2195 0.2195 0.222 0.222 0.209 0.209 0.209 0.204 0.204 0.192 0.192 0.188 0.188 0.188 0.1875 0.1875 0.183 0.183 0.189 0.189 0.189 0.1575 0.1575 0.155 0.155 0.147 0.147 0.152 0.152 0.152 0.157 0.157 0.1515 0.1515 0.1515 0.1515 0.1515 0.1705 0.1705 0.189 0.189 0.19 0.19 0.19 0.19 0.19 0.1855 0.1855 0.1785 0.1785 0.1785 0.1735 0.1735 0.176 0.176
0.1035 0.1345 0.1345 0.143 0.143 0.143 0.1835 0.1835 0.195 0.195 0.1895 0.1895 0.193 0.193 0.193 0.201 0.201 0.22 0.22 0.211 0.211 0.211 0.2195 0.2195 0.222 0.222 0.209 0.209 0.209 0.204 0.204 0.192 0.192 0.188 0.188 0.188 0.1875 0.1875 0.183 0.183 0.189 0.189 0.189 0.1575 0.1575 0.155 0.155 0.147 0.147 0.152 0.152 0.152 0.157 0.157 0.1515 0.1515 0.1515 0.1515 0.1515 0.1705 0.1705 0.189 0.189 0.19 0.19 0.19 0.19 0.19 0.1855 0.1855 0.1785 0.1785 0.1785 0.1735 0.1735 0.176 0.176
0.1035 0.1345 0.1345 0.143 0.143 0.143 0.1835 0.1835 0.195 0.195 0.1895 0.1895 0.193 0.193 0.193 0.201 0.201 0.22 0.22 0.211 0.211 0.211 0.2195 0.2195 0.222 0.222 0.209 0.209 0.209 0.204 0.204 0.192 0.192 0.188 0.188 0.188 0.1875 0.1875 0.183 0.183 0.189 0.189 0.189 0.1575 0.1575 0.155 0.155 0.147 0.147 0.152 0.152 0.152 0.157 0.157 0.1515 0.1515 0.1515 0.1515 0.1515 0.1705 0.1705 0.189 0.189 0.19 0.19 0.19 0.19 0.19 0.1855 0.1855 0.1785 0.1785 0.1785 0.1735 0.1735 0.176 0.176
0.1195 0.1415 0.1415 0.1435 0.1435 0.1435 0.1425 0.1425 0.168 0.168 0.1795 0.1795 0.188 0.188 0.188 0.1855 0.1855 0.2135 0.2135 0.233 0.233 0.233 0.2165 0.2165 0.223 0.223 0.1875 0.1875 0.1875 0.197 0.197 0.2065 0.2065 0.188 0.188 0.188 0.193 0.193 0.1905 0.1905 0.1945 0.1945 0.1945 0.158 0.158 0.138 0.138 0.132 0.132 0.147 0.147 0.147 0.158 0.158 0.142 0.142 0.1495 0.1495 0.1495 0.1685 0.1685 0.1695 0.1695 0.189 0.189 0.189 0.189 0.189 0.183 0.183 0.1655 0.1655 0.1655 0.137 0.137 0.1665 0.1665
0.1195 0.1415 0.1415 0.1435 0.1435 0.1435 0.1425 0.1425 0.168 0.168 0.1795 0.1795 0.188 0.188 0.188 0.1855 0.1855 0.2135 0.2135 0.233 0.233 0.233 0.2165 0.2165 0.223 0.223 0.1875 0.1875 0.1875 0.197 0.197 0.2065 0.2065 0.188 0.188 0.188 0.193 0.193 0.1905 0.1905 0.1945 0.1945 0.1945 0.158 0.158 0.138 0.138 0.132 0.132 0.147 0.147 0.147 0.158 0.158 0.142 0.142 0.1495 0.1495 0.1495 0.1685 0.1685 0.1695 0.1695 0.189 0.189 0.189 0.189 0.189 0.183 0.183 0.1655 0.1655 0.1655 0.137 0.137 0.1665 0.1665
0.1425 0.146 0.146 0.135 0.135 0.135 0.149 0.149 0.1465 0.1465 0.17 0.17 0.1965 0.1965 0.1965 0.2075 0.2075 0.2485 0.2485 0.242 0.242 0.242 0.2455 0.2455 0.2345 0.2345 0.207 0.207 0.207 0.205 0.205 0.211 0.211 0.2035 0.2035 0.2035 0.218 0.218 0.2075 0.2075 0.198 0.198 0.198 0.1785 0.1785 0.1775 0.1775 0.174 0.174 0.186 0.186 0.186 0.1895 0.1895 0.1845 0.1845 0.1665 0.1665 0.1665 0.175 0.175 0.1705 0.1705 0.195 0.195 0.195 0.1925 0.1925 0.171 0.171 0.154 0.154 0.154 0.1595 0.1595 0.1775 0.1775
0.1425 0.146 0.146 0.135 0.135 0.135 0.149 0.149 0.1465 0.1465 0.17 0.17 0.1965 0.1965 0.1965 0.2075 0.2075 0.2485 0.2485 0.242 0.242 0.242 0.2455 0.2455 0.2345 0.2345 0.207 0.207 0.207 0.205 0.205 0.211 0.211 0.2035 0.2035 0.2035 0.218 0.218 0.2075 0.2075 0.198 0.198 0.198 0.1785 0.1785 0.1775 0.1775 0.174 0.174 0.186 0.186 0.186 0.1895 0.1895 0.1845 0.1845 0.1665 0.1665 0.1665 0.175 0.175 0.1705 0.1705 0.195 0.195 0.195 0.1925 0.1925 0.171 0.171 0.154 0.154 0.154 0.1595 0.1595 0.1775 0.1775
0.147 0.1675 0.1675 0.1375 0.1375 0.1375 0.155 0.155 0.155 0.155 0.1865 0.1865 0.202 0.202 0.202 0.2225 0.2225 0.267 0.267 0.255 0.255 0.255 0.23 0.23 0.2135 0.2135 0.2015 0.2015 0.2015 0.1875 0.1875 0.207 0.207 0.2135 0.2135 0.2135 0.2245 0.2245 0.2175 0.2175 0.211 0.211 0.211 0.208 0.208 0.1885 0.1885 0.1975 0.1975 0.2045 0.2045 0.2045 0.214 0.214 0.222 0.222 0.2155 0.2155 0.2155 0.2105 0.2105 0.247 0.247 0.2215 0.2215 0.2215 0.235 0.235 0.1985 0.1985 0.1835 0.1835 0.1835 0.1895 0.1895 0.1855 0.1855
0.147 0.1675 0.1675 0.1375 0.1375 0.1375 0.155 0.155 0.155 0.155 0.1865 0.1865 0.202 0.202 0.202 0.2225 0.2225 0.267 0.267 0.255 0.255 0.255 0.23 0.23 0.2135 0.2135 0.2015 0.2015 0.2015 0.1875 0.1875 0.207 0.207 0.2135 0.2135 0.2135 0.2245 0.2245 0.2175 0.2175 0.211 0.211 0.211 0.208 0.208 0.1885 0.1885 0.1975 0.1975 0.2045 0.2045 0.2045 0.214 0.214 0.222 0.222 0.2155 0.2155 0.2155 0.2105 0.2105 0.247 0.247 0.2215 0.2215 0.2215 0.235 0.235 0.1985 0.1985 0.1835 0.1835 0.1835 0.1895 0.1895 0.1855 0.1855
0.147 0.1675 0.1675 0.1375 0.1375 0.1375 0.155 0.155 0.155 0.155 0.1865 0.1865 0.202 0.202 0.202 0.2225 0.2225 0.267 0.267 0.255 0.255 0.255 0.23 0.23 0.2135 0.2135 0.2015 0.2015 0.2015 0.1875 0.1875 0.207 0.207 0.2135 0.2135 0.2135 0.2245 0.2245 0.2175 0.2175 0.211 0.211 0.211 0.208 0.208 0.1885 0.1885 0.1975 0.1975 0.2045 0.2045 0.2045 0.214 0.214 0.222 0.222 0.2155 0.2155 0.2155 0.2105 0.2105 0.247 0.247 0.2215 0.2215 0.2215 0.235 0.235 0.1985 0.1985 0.1835 0.1835 0.1835 0.1895 0.1895 0.1855 0.1855
0.135 0.1555 0.1555 0.1435 0.1435 0.1435 0.1605 0.1605 0.202 0.202 0.1915 0.1915 0.186 0.186 0.186 0.228 0.228 0.2535 0.2535 0.2515 0.2515 0.2515 0.272 0.272 0.276 0.276 0.2425 0.2425 0.2425 0.2455 0.2455 0.2425 0.2425 0.2395 0.2395 0.2395 0.223 0.223 0.216 0.216 0.241 0.241 0.241 0.2425 0.2425 0.2095 0.2095 0.21 0.21 0.215 0.215 0.215 0.213 0.213 0.221 0.221 0.2315 0.2315 0.2315 0.2535 0.2535 0.2495 0.2495 0.233 0.233 0.233 0.225 0.225 0.2765 0.2765 0.2595 0.2595 0.2595 0.26 0.26 0.2345 0.2345
