ndvi/NOAA-165.asc
ncols         252
nrows         154
xllcorner     -18.017974
yllcorner     13.481982
cellsize      0.035948
NODATA_value  -9999
[rows 34 to 67 of 154, columns 156 to 233 of 252]
0.164 0.1565 0.1565 0.1565 0.1635 0.1635 0.145 0.145 0.1575 0.1575 0.1315 0.1315 0.1315 0.13 0.13 0.1235 0.1235 0.1285 0.1285 0.1285 0.1375 0.1375 0.14 0.14 0.141 0.141 0.141 0.133 0.133 0.1315 0.1315 0.129 0.129 0.129 0.131 0.131 0.131 0.131 0.1315 0.1315 0.1315 0.118 0.118 0.115 0.115 0.128 0.128 0.1305 0.1305 0.1305 0.1345 0.1345 0.127 0.127 0.127 0.127 0.127 0.1105 0.1105 0.1115 0.1115 0.109 0.109 0.109 0.1125 0.1125 0.1155 0.1155 0.1205 0.1205 0.1205 0.1155 0.1155 0.11 0.11 0.1085 0.1085 0.1085
0.164 0.1565 0.1565 0.1565 0.1635 0.1635 0.145 0.145 0.1575 0.1575 0.1315 0.1315 0.1315 0.13 0.13 0.1235 0.1235 0.1285 0.1285 0.1285 0.1375 0.1375 0.14 0.14 0.141 0.141 0.141 0.133 0.133 0.1315 0.1315 0.129 0.129 0.129 0.131 0.131 0.131 0.131 0.1315 0.1315 0.1315 0.118 0.118 0.115 0.115 0.128 0.128 0.1305 0.1305 0.1305 0.1345 0.1345 0.127 0.127 0.127 0.127 0.127 0.1105 0.1105 0.1115 0.1115 0.109 0.109 0.109 0.1125 0.1125 0.1155 0.1155 0.1205 0.1205 0.1205 0.1155 0.1155 0.11 0.11 0.1085 0.1085 0.1085
0.164 0.1565 0.1565 0.1565 0.1635 0.1635 0.145 0.145 0.1575 0.1575 0.1315 0.1315 0.1315 0.13 0.13 0.1235 0.1235 0.1285 0.1285 0.1285 0.1375 0.1375 0.14 0.14 0.141 0.141 0.141 0.133 0.133 0.1315 0.1315 0.129 0.129 0.129 0.131 0.131 0.131 0.131 0.1315 0.1315 0.1315 0.118 0.118 0.115 0.115 0.128 0.128 0.1305 0.1305 0.1305 0.1345 0.1345 0.127 0.127 0.127 0.127 0.127 0.1105 0.1105 0.1115 0.1115 0.109 0.109 0.109 0.1125 0.1125 0.1155 0.1155 0.1205 0.1205 0.1205 0.1155 0.1155 0.11 0.11 0.1085 0.1085 0.1085
0.1565 0.162 0.162 0.162 0.1925 0.1925 0.1545 0.1545 0.125 0.125 0.129 0.129 0.129 0.133 0.133 0.1355 0.1355 0.1495 0.1495 0.1495 0.1315 0.1315 0.14 0.14 0.1425 0.1425 0.1425 0.14 0.14 0.135 0.135 0.1395 0.1395 0.1395 0.129 0.129 0.1375 0.1375 0.1255 0.1255 0.1255 0.127 0.127 0.1265 0.1265 0.1505 0.1505 0.1315 0.1315 0.1315 0.134 0.134 0.1315 0.1315 0.1405 0.1405 0.1405 0.132 0.132 0.114 0.114 0.11 0.11 0.11 0.115 0.115 0.1105 0.1105 0.1205 0.1205 0.1205 0.1235 0.1235 0.1185 0.1185 0.111 0.111 0.111
0.1565 0.162 0.162 0.162 0.1925 0.1925 0.1545 0.1545 0.125 0.125 0.129 0.129 0.129 0.133 0.133 0.1355 0.1355 0.1495 0.1495 0.1495 0.1315 0.1315 0.14 0.14 0.1425 0.1425 0.1425 0.14 0.14 0.135 0.135 0.1395 0.1395 0.1395 0.129 0.129 0.1375 0.1375 0.1255 0.1255 0.1255 0.127 0.127 0.1265 0.1265 0.1505 0.1505 0.1315 0.1315 0.1315 0.134 0.134 0.1315 0.1315 0.1405 0.1405 0.1405 0.132 0.132 0.114 0.114 0.11 0.11 0.11 0.115 0.115 0.1105 0.1105 0.1205 0.1205 0.1205 0.1235 0.1235 0.1185 0.1185 0.111 0.111 0.111
0.1495 0.1885 0.1885 0.1885 0.198 0.198 0.1485 0.1485 0.1345 0.1345 0.1345 0.1345 0.1345 0.1315 0.1315 0.138 0.138 0.1425 0.1425 0.1425 0.13 0.13 0.1505 0.1505 0.1515 0.1515 0.1515 0.1585 0.1585 0.1485 0.1485 0.148 0.148 0.148 0.144 0.144 0.136 0.136 0.133 0.133 0.133 0.124 0.124 0.138 0.138 0.1505 0.1505 0.148 0.148 0.148 0.137 0.137 0.1405 0.1405 0.1465 0.1465 0.1465 0.134 0.134 0.129 0.129 0.117 0.117 0.117 0.114 0.114 0.11 0.11 0.117 0.117 0.117 0.117 0.117 0.1165 0.1165 0.111 0.111 0.111
0.1495 0.1885 0.1885 0.1885 0.198 0.198 0.1485 0.1485 0.1345 0.1345 0.1345 0.1345 0.1345 0.1315 0.1315 0.138 0.138 0.1425 0.1425 0.1425 0.13 0.13 0.1505 0.1505 0.1515 0.1515 0.1515 0.1585 0.1585 0.1485 0.1485 0.148 0.148 0.148 0.144 0.144 0.136 0.136 0.133 0.133 0.133 0.124 0.124 0.138 0.138 0.1505 0.1505 0.148 0.148 0.148 0.137 0.137 0.1405 0.1405 0.1465 0.1465 0.1465 0.134 0.134 0.129 0.129 0.117 0.117 0.117 0.114 0.114 0.11 0.11 0.117 0.117 0.117 0.117 0.117 0.1165 0.1165 0.111 0.111 0.111
0.189 0.1725 0.1725 0.1725 0.155 0.155 0.1585 0.1585 0.1495 0.1495 0.1425 0.1425 0.1425 0.139 0.139 0.169 0.169 0.1725 0.1725 0.1725 0.137 0.137 0.153 0.153 0.1595 0.1595 0.1595 0.167 0.167 0.1665 0.1665 0.1635 0.1635 0.1635 0.1535 0.1535 0.1565 0.1565 0.1455 0.1455 0.1455 0.152 0.152 0.157 0.157 0.1475 0.1475 0.1495 0.1495 0.1495 0.1365 0.1365 0.141 0.141 0.1495 0.1495 0.1495 0.1485 0.1485 0.1505 0.1505 0.157 0.157 0.157 0.1345 0.1345 0.1315 0.1315 0.1275 0.1275 0.1275 0.1265 0.1265 0.1245 0.1245 0.124 0.124 0.124
0.189 0.1725 0.1725 0.1725 0.155 0.155 0.1585 0.1585 0.1495 0.1495 0.1425 0.1425 0.1425 0.139 0.139 0.169 0.169 0.1725 0.1725 0.1725 0.137 0.137 0.153 0.153 0.1595 0.1595 0.1595 0.167 0.167 0.1665 0.1665 0.1635 0.1635 0.1635 0.1535 0.1535 0.1565 0.1565 0.1455 0.1455 0.1455 0.152 0.152 0.157 0.157 0.1475 0.1475 0.1495 0.1495 0.1495 0.1365 0.1365 0.141 0.141 0.1495 0.1495 0.1495 0.1485 0.1485 0.1505 0.1505 0.157 0.157 0.157 0.1345 0.1345 0.1315 0.1315 0.1275 0.1275 0.1275 0.1265 0.1265 0.1245 0.1245 0.124 0.124 0.124
0.189 0.1725 0.1725 0.1725 0.155 0.155 0.1585 0.1585 0.1495 0.1495 0.1425 0.1425 0.1425 0.139 0.139 0.169 0.169 0.1725 0.1725 0.1725 0.137 0.137 0.153 0.153 0.1595 0.1595 0.1595 0.167 0.167 0.1665 0.1665 0.1635 0.1635 0.1635 0.1535 0.1535 0.1565 0.1565 0.1455 0.1455 0.1455 0.152 0.152 0.157 0.157 0.1475 0.1475 0.1495 0.1495 0.1495 0.1365 0.1365 0.141 0.141 0.1495 0.1495 0.1495 0.1485 0.1485 0.1505 0.1505 0.157 0.157 0.157 0.1345 0.1345 0.1315 0.1315 0.1275 0.1275 0.1275 0.1265 0.1265 0.1245 0.1245 0.124 0.124 0.124
0.186 0.2115 0.2115 0.2115 0.153 0.153 0.1685 0.1685 0.1745 0.1745 0.1665 0.1665 0.1665 0.1585 0.1585 0.21 0.21 0.194 0.194 0.194 0.1765 0.1765 0.163 0.163 0.178 0.178 0.178 0.196 0.196 0.2055 0.2055 0.1965 0.1965 0.1965 0.166 0.166 0.1555 0.1555 0.1635 0.1635 0.1635 0.159 0.159 0.163 0.163 0.1635 0.1635 0.171 0.171 0.171 0.1605 0.1605 0.143 0.143 0.1435 0.1435 0.1435 0.1435 0.1435 0.1515 0.1515 0.1545 0.1545 0.1545 0.143 0.143 0.14 0.14 0.137 0.137 0.137 0.142 0.142 0.136 0.136 0.1245 0.1245 0.1245
0.186 0.2115 0.2115 0.2115 0.153 0.153 0.1685 0.1685 0.1745 0.1745 0.1665 0.1665 0.1665 0.1585 0.1585 0.21 0.21 0.194 0.194 0.194 0.1765 0.1765 0.163 0.163 0.178 0.178 0.178 0.196 0.196 0.2055 0.2055 0.1965 0.1965 0.1965 0.166 0.166 0.1555 0.1555 0.1635 0.1635 0.1635 0.159 0.159 0.163 0.163 0.1635 0.1635 0.171 0.171 0.171 0.1605 0.1605 0.143 0.143 0.1435 0.1435 0.1435 0.1435 0.1435 0.1515 0.1515 0.1545 0.1545 0.1545 0.143 0.143 0.14 0.14 0.137 0.137 0.137 0.142 0.142 0.136 0.136 0.1245 0.1245 0.1245
0.208 0.22 0.22 0.22 0.2355 0.2355 0.225 0.225 0.243 0.243 0.259 0.259 0.259 0.224 0.224 0.213 0.213 0.211 0.211 0.211 0.207 0.207 0.185 0.185 0.21 0.21 0.21 0.207 0.207 0.206 0.206 0.205 0.205 0.205 0.185 0.185 0.177 0.177 0.182 0.182 0.182 0.185 0.185 0.1815 0.1815 0.1815 0.1815 0.1695 0.1695 0.1695 0.156 0.156 0.1575 0.1575 0.154 0.154 0.154 0.1455 0.1455 0.1525 0.1525 0.162 0.162 0.162 0.152 0.152 0.1385 0.1385 0.138 0.138 0.138 0.145 0.145 0.148 0.148 0.142 0.142 0.142
0.208 0.22 0.22 0.22 0.2355 0.2355 0.225 0.225 0.243 0.243 0.259 0.259 0.259 0.224 0.224 0.213 0.213 0.211 0.211 0.211 0.207 0.207 0.185 0.185 0.21 0.21 0.21 0.207 0.207 0.206 0.206 0.205 0.205 0.205 0.185 0.185 0.177 0.177 0.182 0.182 0.182 0.185 0.185 0.1815 0.1815 0.1815 0.1815 0.1695 0.1695 0.1695 0.156 0.156 0.1575 0.1575 0.154 0.154 0.154 0.1455 0.1455 0.1525 0.1525 0.162 0.162 0.162 0.152 0.152 0.1385 0.1385 0.138 0.138 0.138 0.145 0.145 0.148 0.148 0.142 0.142 0.142
0.244 0.2535 0.2535 0.2535 0.243 0.243 0.2645 0.2645 0.2755 0.2755 0.2325 0.2325 0.2325 0.2495 0.2495 0.2245 0.2245 0.2075 0.2075 0.2075 0.2095 0.2095 0.236 0.236 0.244 0.244 0.244 0.241 0.241 0.2245 0.2245 0.2105 0.2105 0.2105 0.203 0.203 0.1935 0.1935 0.1995 0.1995 0.1995 0.2045 0.2045 0.1895 0.1895 0.181 0.181 0.1835 0.1835 0.1835 0.1585 0.1585 0.156 0.156 0.164 0.164 0.164 0.1635 0.1635 0.1615 0.1615 0.157 0.157 0.157 0.151 0.151 0.144 0.144 0.149 0.149 0.149 0.1375 0.1375 0.14 0.14 0.141 0.141 0.141
0.244 0.2535 0.2535 0.2535 0.243 0.243 0.2645 0.2645 0.2755 0.2755 0.2325 0.2325 0.2325 0.2495 0.2495 0.2245 0.2245 0.2075 0.2075 0.2075 0.2095 0.2095 0.236 0.236 0.244 0.244 0.244 0.241 0.241 0.2245 0.2245 0.2105 0.2105 0.2105 0.203 0.203 0.1935 0.1935 0.1995 0.1995 0.1995 0.2045 0.2045 0.1895 0.1895 0.181 0.181 0.1835 0.1835 0.1835 0.1585 0.1585 0.156 0.156 0.164 0.164 0.164 0.1635 0.1635 0.1615 0.1615 0.157 0.157 0.157 0.151 0.151 0.144 0.144 0.149 0.149 0.149 0.1375 0.1375 0.14 0.14 0.141 0.141 0.141
0.244 0.2535 0.2535 0.2535 0.243 0.243 0.2645 0.2645 0.2755 0.2755 0.2325 0.2325 0.2325 0.2495 0.2495 0.2245 0.2245 0.2075 0.2075 0.2075 0.2095 0.2095 0.236 0.236 0.244 0.244 0.244 0.241 0.241 0.2245 0.2245 0.2105 0.2105 0.2105 0.203 0.203 0.1935 0.1935 0.1995 0.1995 0.1995 0.2045 0.2045 0.1895 0.1895 0.181 0.181 0.1835 0.1835 0.1835 0.1585 0.1585 0.156 0.156 0.164 0.164 0.164 0.1635 0.1635 0.1615 0.1615 0.157 0.157 0.157 0.151 0.151 0.144 0.144 0.149 0.149 0.149 0.1375 0.1375 0.14 0.14 0.141 0.141 0.141
0.2765 0.248 0.248 0.248 0.34 0.34 0.2735 0.2735 0.259 0.259 0.241 0.241 0.241 0.284 0.284 0.2125 0.2125 0.212 0.212 0.212 0.222 0.222 0.2325 0.2325 0.2685 0.2685 0.2685 0.274 0.274 0.244 0.244 0.2335 0.2335 0.2335 0.207 0.207 0.202 0.202 0.2225 0.2225 0.2225 0.208 0.208 0.205 0.205 0.1825 0.1825 0.164 0.164 0.164 0.1505 0.1505 0.169 0.169 0.1885 0.1885 0.1885 0.2085 0.2085 0.197 0.197 0.1725 0.1725 0.1725 0.168 0.168 0.151 0.151 0.138 0.138 0.138 0.149 0.149 0.145 0.145 0.151 0.151 0.151
0.2765 0.248 0.248 0.248 0.34 0.34 0.2735 0.2735 0.259 0.259 0.241 0.241 0.241 0.284 0.284 0.2125 0.2125 0.212 0.212 0.212 0.222 0.222 0.2325 0.2325 0.2685 0.2685 0.2685 0.274 0.274 0.244 0.244 0.2335 0.2335 0.2335 0.207 0.207 0.202 0.202 0.2225 0.2225 0.2225 0.208 0.208 0.205 0.205 0.1825 0.1825 0.164 0.164 0.164 0.1505 0.1505 0.169 0.169 0.1885 0.1885 0.1885 0.2085 0.2085 0.197 0.197 0.1725 0.1725 0.1725 0.168 0.168 0.151 0.151 0.138 0.138 0.138 0.149 0.149 0.145 0.145 0.151 0.151 0.151
0.262 0.269 0.269 0.269 0.3215 0.3215 0.3055 0.3055 0.2995 0.2995 0.2825 0.2825 0.2825 0.2765 0.2765 0.253 0.253 0.2555 0.2555 0.2555 0.2715 0.2715 0.3005 0.3005 0.328 0.328 0.328 0.3375 0.3375 0.325 0.325 0.317 0.317 0.317 0.2815 0.2815 0.26 0.26 0.254 0.254 0.254 0.2245 0.2245 0.207 0.207 0.1825 0.1825 0.1775 0.1775 0.1775 0.171 0.171 0.2175 0.2175 0.222 0.222 0.222 0.2305 0.2305 0.2125 0.2125 0.227 0.227 0.227 0.186 0.186 0.1995 0.1995 0.2045 0.2045 0.2045 0.1935 0.1935 0.19 0.19 0.1885 0.1885 0.1885
0.262 0.269 0.269 0.269 0.3215 0.3215 0.3055 0.3055 0.2995 0.2995 0.2825 0.2825 0.2825 0.2765 0.2765 0.253 0.253 0.2555 0.2555 0.2555 0.2715 0.2715 0.3005 0.3005 0.328 0.328 0.328 0.3375 0.3375 0.325 0.325 0.317 0.317 0.317 0.2815 0.2815 0.26 0.26 0.254 0.254 0.254 0.2245 0.2245 0.207 0.207 0.1825 0.1825 0.1775 0.1775 0.1775 0.171 0.171 0.2175 0.2175 0.222 0.222 0.222 0.2305 0.2305 0.2125 0.2125 0.227 0.227 0.227 0.186 0.186 0.1995 0.1995 0.2045 0.2045 0.2045 0.1935 0.1935 0.19 0.19 0.1885 0.1885 0.1885
0.2085 0.2615 0.2615 0.2615 0.309 0.309 0.3375 0.3375 0.309 0.309 0.282 0.282 0.282 0.2985 0.2985 0.279 0.279 0.3075 0.3075 0.3075 0.3315 0.3315 0.356 0.356 0.3385 0.3385 0.3385 0.3395 0.3395 0.3115 0.3115 0.354 0.354 0.354 0.3565 0.3565 0.292 0.292 0.275 0.275 0.275 0.2515 0.2515 0.2225 0.2225 0.193 0.193 0.2035 0.2035 0.2035 0.206 0.206 0.2255 0.2255 0.2445 0.2445 0.2445 0.251 0.251 0.241 0.241 0.2245 0.2245 0.2245 0.224 0.224 0.2185 0.2185 0.207 0.207 0.207 0.1985 0.1985 0.1875 0.1875 0.1885 0.1885 0.1885
0.2085 0.2615 0.2615 0.2615 0.309 0.309 0.3375 0.3375 0.309 0.309 0.282 0.282 0.282 0.2985 0.2985 0.279 0.279 0.3075 0.3075 0.3075 0.3315 0.3315 0.356 0.356 0.3385 0.3385 0.3385 0.3395 0.3395 0.3115 0.3115 0.354 0.354 0.354 0.3565 0.3565 0.292 0.292 0.275 0.275 0.275 0.2515 0.2515 0.2225 0.2225 0.193 0.193 0.2035 0.2035 0.2035 0.206 0.206 0.2255 0.2255 0.2445 0.2445 0.2445 0.251 0.251 0.241 0.241 0.2245 0.2245 0.2245 0.224 0.224 0.2185 0.2185 0.207 0.207 0.207 0.1985 0.1985 0.1875 0.1875 0.1885 0.1885 0.1885
0.188 0.212 0.212 0.212 0.279 0.279 0.264 0.264 0.3335 0.3335 0.324 0.324 0.324 0.388 0.388 0.425 0.425 0.354 0.354 0.354 0.4385 0.4385 0.4535 0.4535 0.303 0.303 0.303 0.2895 0.2895 0.3095 0.3095 0.2695 0.2695 0.2695 0.33 0.33 0.3175 0.3175 0.2915 0.2915 0.2915 0.2245 0.2245 0.231 0.231 0.207 0.207 0.211 0.211 0.211 0.225 0.225 0.263 0.263 0.213 0.213 0.213 0.232 0.232 0.2435 0.2435 0.249 0.249 0.249 0.2295 0.2295 0.206 0.206 0.2055 0.2055 0.2055 0.2015 0.2015 0.1985 0.1985 0.2015 0.2015 0.2015
0.188 0.212 0.212 0.212 0.279 0.279 0.264 0.264 0.3335 0.3335 0.324 0.324 0.324 0.388 0.388 0.425 0.425 0.354 0.354 0.354 0.4385 0.4385 0.4535 0.4535 0.303 0.303 0.303 0.2895 0.2895 0.3095 0.3095 0.2695 0.2695 0.2695 0.33 0.33 0.3175 0.3175 0.2915 0.2915 0.2915 0.2245 0.2245 0.231 0.231 0.207 0.207 0.211 0.211 0.211 0.225 0.225 0.263 0.263 0.213 0.213 0.213 0.232 0.232 0.2435 0.2435 0.249 0.249 0.249 0.2295 0.2295 0.206 0.206 0.2055 0.2055 0.2055 0.2015 0.2015 0.1985 0.1985 0.2015 0.2015 0.2015
0.188 0.212 0.212 0.212 0.279 0.279 0.264 0.264 0.3335 0.3335 0.324 0.324 0.324 0.388 0.388 0.425 0.425 0.354 0.354 0.354 0.4385 0.4385 0.4535 0.4535 0.303 0.303 0.303 0.2895 0.2895 0.3095 0.3095 0.2695 0.2695 0.2695 0.33 0.33 0.3175 0.3175 0.2915 0.2915 0.2915 0.2245 0.2245 0.231 0.231 0.207 0.207 0.211 0.211 0.211 0.225 0.225 0.263 0.263 0.213 0.213 0.213 0.232 0.232 0.2435 0.2435 0.249 0.249 0.249 0.2295 0.2295 0.206 0.206 0.2055 0.2055 0.2055 0.2015 0.2015 0.1985 0.1985 0.2015 0.2015 0.2015
0.2205 0.273 0.273 0.273 0.3195 0.3195 0.257 0.257 0.303 0.303 0.2885 0.2885 0.2885 0.345 0.345 0.387 0.387 0.362 0.362 0.362 0.364 0.364 0.347 0.347 0.326 0.326 0.326 0.335 0.335 0.3375 0.3375 0.372 0.372 0.372 0.3275 0.3275 0.3625 0.3625 0.323 0.323 0.323 0.256 0.256 0.2075 0.2075 0.2535 0.2535 0.2405 0.2405 0.2405 0.23 0.23 0.2085 0.2085 0.22 0.22 0.22 0.2355 0.2355 0.231 0.231 0.25 0.25 0.25 0.222 0.222 0.206 0.206 0.1925 0.1925 0.1925 0.1805 0.1805 0.208 0.208 0.212 0.212 0.212
0.2205 0.273 0.273 0.273 0.3195 0.3195 0.257 0.257 0.303 0.303 0.2885 0.2885 0.2885 0.345 0.345 0.387 0.387 0.362 0.362 0.362 0.364 0.364 0.347 0.347 0.326 0.326 0.326 0.335 0.335 0.3375 0.3375 0.372 0.372 0.372 0.3275 0.3275 0.3625 0.3625 0.323 0.323 0.323 0.256 0.256 0.2075 0.2075 0.2535 0.2535 0.2405 0.2405 0.2405 0.23 0.23 0.2085 0.2085 0.22 0.22 0.22 0.2355 0.2355 0.231 0.231 0.25 0.25 0.25 0.222 0.222 0.206 0.206 0.1925 0.1925 0.1925 0.1805 0.1805 0.208 0.208 0.212 0.212 0.212
0.1925 0.2345 0.2345 0.2345 0.311 0.311 0.2915 0.2915 0.251 0.251 0.2825 0.2825 0.2825 0.363 0.363 0.357 0.357 0.387 0.387 0.387 0.35 0.35 0.313 0.313 0.2955 0.2955 0.2955 0.293 0.293 0.293 0.293 0.2975 0.2975 0.2975 0.3445 0.3445 0.321 0.321 0.2835 0.2835 0.2835 0.2715 0.2715 0.3195 0.3195 0.2795 0.2795 0.296 0.296 0.296 0.3045 0.3045 0.229 0.229 0.2125 0.2125 0.2125 0.2545 0.2545 0.2435 0.2435 0.247 0.247 0.247 0.2465 0.2465 0.224 0.224 0.1995 0.1995 0.1995 0.2125 0.2125 0.218 0.218 0.237 0.237 0.237
0.1925 0.2345 0.2345 0.2345 0.311 0.311 0.2915 0.2915 0.251 0.251 0.2825 0.2825 0.2825 0.363 0.363 0.357 0.357 0.387 0.387 0.387 0.35 0.35 0.313 0.313 0.2955 0.2955 0.2955 0.293 0.293 0.293 0.293 0.2975 0.2975 0.2975 0.3445 0.3445 0.321 0.321 0.2835 0.2835 0.2835 0.2715 0.2715 0.3195 0.3195 0.2795 0.2795 0.296 0.296 0.296 0.3045 0.3045 0.229 0.229 0.2125 0.2125 0.2125 0.2545 0.2545 0.2435 0.2435 0.247 0.247 0.247 0.2465 0.2465 0.224 0.224 0.1995 0.1995 0.1995 0.2125 0.2125 0.218 0.218 0.237 0.237 0.237
0.251 0.231 0.231 0.231 0.256 0.256 0.25 0.25 0.244 0.244 0.2525 0.2525 0.2525 0.3035 0.3035 0.3735 0.3735 0.325 0.325 0.325 0.337 0.337 0.3335 0.3335 0.319 0.319 0.319 0.3185 0.3185 0.297 0.297 0.3125 0.3125 0.3125 0.3475 0.3475 0.3355 0.3355 0.434 0.434 0.434 0.2825 0.2825 0.2915 0.2915 0.2845 0.2845 0.324 0.324 0.324 0.294 0.294 0.297 0.297 0.253 0.253 0.253 0.273 0.273 0.2655 0.2655 0.293 0.293 0.293 0.2745 0.2745 0.253 0.253 0.229 0.229 0.229 0.227 0.227 0.2375 0.2375 0.24 0.24 0.24
0.251 0.231 0.231 0.231 0.256 0.256 0.25 0.25 0.244 0.244 0.2525 0.2525 0.2525 0.3035 0.3035 0.3735 0.3735 0.325 0.325 0.325 0.337 0.337 0.3335 0.3335 0.319 0.319 0.319 0.3185 0.3185 0.297 0.297 0.3125 0.3125 0.3125 0.3475 0.3475 0.3355 0.3355 0.434 0.434 0.434 0.2825 0.2825 0.2915 0.2915 0.2845 0.2845 0.324 0.324 0.324 0.294 0.294 0.297 0.297 0.253 0.253 0.253 0.273 0.273 0.2655 0.2655 0.293 0.293 0.293 0.2745 0.2745 0.253 0.253 0.229 0.229 0.229 0.227 0.227 0.2375 0.2375 0.24 0.24 0.24
0.251 0.231 0.231 0.231 0.256 0.256 0.25 0.25 0.244 0.244 0.2525 0.2525 0.2525 0.3035 0.3035 0.3735 0.3735 0.325 0.325 0.325 0.337 0.337 0.3335 0.3335 0.319 0.319 0.319 0.3185 0.3185 0.297 0.297 0.3125 0.3125 0.3125 0.3475 0.3475 0.3355 0.3355 0.434 0.434 0.434 0.2825 0.2825 0.2915 0.2915 0.2845 0.2845 0.324 0.324 0.324 0.294 0.294 0.297 0.297 0.253 0.253 0.253 0.273 0.273 0.2655 0.2655 0.293 0.293 0.293 0.2745 0.2745 0.253 0.253 0.229 0.229 0.229 0.227 0.227 0.2375 0.2375 0.24 0.24 0.24
0.2575 0.2115 0.2115 0.2115 0.1995 0.1995 0.261 0.261 0.3185 0.3185 0.3145 0.3145 0.3145 0.324 0.324 0.3775 0.3775 0.396 0.396 0.396 0.353 0.353 0.3355 0.3355 0.308 0.308 0.308 0.3475 0.3475 0.3605 0.3605 0.386 0.386 0.386 0.349 0.349 0.3385 0.3385 0.3215 0.3215 0.3215 0.3625 0.3625 0.338 0.338 0.3195 0.3195 0.339 0.339 0.339 0.36 0.36 0.398 0.398 0.3625 0.3625 0.3625 0.3025 0.3025 0.334 0.334 0.282 0.282 0.282 0.2615 0.2615 0.2945 0.2945 0.3045 0.3045 0.3045 0.3535 0.3535 0.3405 0.3405 0.344 0.344 0.344
