ndvi/NOAA-325.asc
ncols         252
nrows         154
xllcorner     -18.017974
yllcorner     13.481982
cellsize      0.035948
NODATA_value  -9999
[rows 34 to 67 of 154, columns 78 to 155 of 252]
0.1475 0.153 0.153 0.1475 0.1475 0.1615 0.1615 0.1615 0.154 0.154 0.154 0.154 0.1545 0.1545 0.171 0.171 0.171 0.168 0.168 0.17 0.17 0.1635 0.1635 0.1635 0.1675 0.1675 0.1635 0.1635 0.162 0.162 0.162 0.158 0.158 0.159 0.159 0.1585 0.1585 0.1585 0.1525 0.1525 0.1505 0.1505 0.1755 0.1755 0.1755 0.165 0.165 0.163 0.163 0.164 0.164 0.162 0.162 0.162 0.1705 0.1705 0.182 0.182 0.184 0.184 0.184 0.182 0.182 0.192 0.192 0.1845 0.1845 0.1845 0.1695 0.1695 0.148 0.148 0.1395 0.1395 0.1395 0.15 0.15 0.149
0.1475 0.153 0.153 0.1475 0.1475 0.1615 0.1615 0.1615 0.154 0.154 0.154 0.154 0.1545 0.1545 0.171 0.171 0.171 0.168 0.168 0.17 0.17 0.1635 0.1635 0.1635 0.1675 0.1675 0.1635 0.1635 0.162 0.162 0.162 0.158 0.158 0.159 0.159 0.1585 0.1585 0.1585 0.1525 0.1525 0.1505 0.1505 0.1755 0.1755 0.1755 0.165 0.165 0.163 0.163 0.164 0.164 0.162 0.162 0.162 0.1705 0.1705 0.182 0.182 0.184 0.184 0.184 0.182 0.182 0.192 0.192 0.1845 0.1845 0.1845 0.1695 0.1695 0.148 0.148 0.1395 0.1395 0.1395 0.15 0.15 0.149
0.1475 0.153 0.153 0.1475 0.1475 0.1615 0.1615 0.1615 0.154 0.154 0.154 0.154 0.1545 0.1545 0.171 0.171 0.171 0.168 0.168 0.17 0.17 0.1635 0.1635 0.1635 0.1675 0.1675 0.1635 0.1635 0.162 0.162 0.162 0.158 0.158 0.159 0.159 0.1585 0.1585 0.1585 0.1525 0.1525 0.1505 0.1505 0.1755 0.1755 0.1755 0.165 0.165 0.163 0.163 0.164 0.164 0.162 0.162 0.162 0.1705 0.1705 0.182 0.182 0.184 0.184 0.184 0.182 0.182 0.192 0.192 0.1845 0.1845 0.1845 0.1695 0.1695 0.148 0.148 0.1395 0.1395 0.1395 0.15 0.15 0.149
0.1605 0.1625 0.1625 0.159 0.159 0.153 0.153 0.153 0.1435 0.1435 0.152 0.152 0.1675 0.1675 0.159 0.159 0.159 0.161 0.161 0.1615 0.1615 0.16 0.16 0.16 0.169 0.169 0.1755 0.1755 0.1785 0.1785 0.1785 0.163 0.163 0.1655 0.1655 0.1605 0.1605 0.1605 0.158 0.158 0.162 0.162 0.177 0.177 0.177 0.1715 0.1715 0.1715 0.1715 0.171 0.171 0.1765 0.1765 0.1765 0.1855 0.1855 0.2135 0.2135 0.2085 0.2085 0.2085 0.1845 0.1845 0.1945 0.1945 0.1765 0.1765 0.1765 0.1605 0.1605 0.139 0.139 0.145 0.145 0.145 0.141 0.141 0.138
0.1605 0.1625 0.1625 0.159 0.159 0.153 0.153 0.153 0.1435 0.1435 0.152 0.152 0.1675 0.1675 0.159 0.159 0.159 0.161 0.161 0.1615 0.1615 0.16 0.16 0.16 0.169 0.169 0.1755 0.1755 0.1785 0.1785 0.1785 0.163 0.163 0.1655 0.1655 0.1605 0.1605 0.1605 0.158 0.158 0.162 0.162 0.177 0.177 0.177 0.1715 0.1715 0.1715 0.1715 0.171 0.171 0.1765 0.1765 0.1765 0.1855 0.1855 0.2135 0.2135 0.2085 0.2085 0.2085 0.1845 0.1845 0.1945 0.1945 0.1765 0.1765 0.1765 0.1605 0.1605 0.139 0.139 0.145 0.145 0.145 0.141 0.141 0.138
0.1655 0.1555 0.1555 0.152 0.152 0.155 0.155 0.155 0.157 0.157 0.162 0.162 0.163 0.163 0.162 0.162 0.162 0.1655 0.1655 0.162 0.162 0.1665 0.1665 0.1665 0.172 0.172 0.164 0.164 0.179 0.179 0.179 0.1815 0.1815 0.1845 0.1845 0.1705 0.1705 0.1705 0.164 0.164 0.1625 0.1625 0.1795 0.1795 0.1795 0.1975 0.1975 0.1965 0.1965 0.2025 0.2025 0.2205 0.2205 0.2205 0.223 0.223 0.2425 0.2425 0.1815 0.1815 0.1815 0.1825 0.1825 0.185 0.185 0.1805 0.1805 0.1805 0.1855 0.1855 0.1315 0.1315 0.1535 0.1535 0.1535 0.151 0.151 0.136
0.1655 0.1555 0.1555 0.152 0.152 0.155 0.155 0.155 0.157 0.157 0.162 0.162 0.163 0.163 0.162 0.162 0.162 0.1655 0.1655 0.162 0.162 0.1665 0.1665 0.1665 0.172 0.172 0.164 0.164 0.179 0.179 0.179 0.1815 0.1815 0.1845 0.1845 0.1705 0.1705 0.1705 0.164 0.164 0.1625 0.1625 0.1795 0.1795 0.1795 0.1975 0.1975 0.1965 0.1965 0.2025 0.2025 0.2205 0.2205 0.2205 0.223 0.223 0.2425 0.2425 0.1815 0.1815 0.1815 0.1825 0.1825 0.185 0.185 0.1805 0.1805 0.1805 0.1855 0.1855 0.1315 0.1315 0.1535 0.1535 0.1535 0.151 0.151 0.136
0.169 0.1575 0.1575 0.162 0.162 0.1565 0.1565 0.1565 0.1565 0.1565 0.161 0.161 0.1675 0.1675 0.1635 0.1635 0.1635 0.166 0.166 0.168 0.168 0.17 0.17 0.17 0.1655 0.1655 0.17 0.17 0.18 0.18 0.18 0.176 0.176 0.1825 0.1825 0.1865 0.1865 0.1865 0.18 0.18 0.1895 0.1895 0.1885 0.1885 0.1885 0.202 0.202 0.1885 0.1885 0.187 0.187 0.209 0.209 0.209 0.197 0.197 0.216 0.216 0.207 0.207 0.207 0.1765 0.1765 0.176 0.176 0.147 0.147 0.147 0.1655 0.1655 0.1445 0.1445 0.165 0.165 0.165 0.16 0.16 0.155
0.169 0.1575 0.1575 0.162 0.162 0.1565 0.1565 0.1565 0.1565 0.1565 0.161 0.161 0.1675 0.1675 0.1635 0.1635 0.1635 0.166 0.166 0.168 0.168 0.17 0.17 0.17 0.1655 0.1655 0.17 0.17 0.18 0.18 0.18 0.176 0.176 0.1825 0.1825 0.1865 0.1865 0.1865 0.18 0.18 0.1895 0.1895 0.1885 0.1885 0.1885 0.202 0.202 0.1885 0.1885 0.187 0.187 0.209 0.209 0.209 0.197 0.197 0.216 0.216 0.207 0.207 0.207 0.1765 0.1765 0.176 0.176 0.147 0.147 0.147 0.1655 0.1655 0.1445 0.1445 0.165 0.165 0.165 0.16 0.16 0.155
0.169 0.1575 0.1575 0.162 0.162 0.1565 0.1565 0.1565 0.1565 0.1565 0.161 0.161 0.1675 0.1675 0.1635 0.1635 0.1635 0.166 0.166 0.168 0.168 0.17 0.17 0.17 0.1655 0.1655 0.17 0.17 0.18 0.18 0.18 0.176 0.176 0.1825 0.1825 0.1865 0.1865 0.1865 0.18 0.18 0.1895 0.1895 0.1885 0.1885 0.1885 0.202 0.202 0.1885 0.1885 0.187 0.187 0.209 0.209 0.209 0.197 0.197 0.216 0.216 0.207 0.207 0.207 0.1765 0.1765 0.176 0.176 0.147 0.147 0.147 0.1655 0.1655 0.1445 0.1445 0.165 0.165 0.165 0.16 0.16 0.155
0.1835 0.172 0.172 0.1605 0.1605 0.159 0.159 0.159 0.1585 0.1585 0.1665 0.1665 0.1645 0.1645 0.1645 0.1645 0.1645 0.167 0.167 0.1655 0.1655 0.169 0.169 0.169 0.1765 0.1765 0.1845 0.1845 0.1775 0.1775 0.1775 0.184 0.184 0.1975 0.1975 0.2035 0.2035 0.2035 0.1965 0.1965 0.1805 0.1805 0.176 0.176 0.176 0.19 0.19 0.2015 0.2015 0.1995 0.1995 0.2115 0.2115 0.2115 0.202 0.202 0.1985 0.1985 0.1875 0.1875 0.1875 0.1765 0.1765 0.1675 0.1675 0.1555 0.1555 0.1555 0.1615 0.1615 0.1505 0.1505 0.1395 0.1395 0.1395 0.1375 0.1375 0.148
0.1835 0.172 0.172 0.1605 0.1605 0.159 0.159 0.159 0.1585 0.1585 0.1665 0.1665 0.1645 0.1645 0.1645 0.1645 0.1645 0.167 0.167 0.1655 0.1655 0.169 0.169 0.169 0.1765 0.1765 0.1845 0.1845 0.1775 0.1775 0.1775 0.184 0.184 0.1975 0.1975 0.2035 0.2035 0.2035 0.1965 0.1965 0.1805 0.1805 0.176 0.176 0.176 0.19 0.19 0.2015 0.2015 0.1995 0.1995 0.2115 0.2115 0.2115 0.202 0.202 0.1985 0.1985 0.1875 0.1875 0.1875 0.1765 0.1765 0.1675 0.1675 0.1555 0.1555 0.1555 0.1615 0.1615 0.1505 0.1505 0.1395 0.1395 0.1395 0.1375 0.1375 0.148
0.173 0.1635 0.1635 0.161 0.161 0.1645 0.1645 0.1645 0.1595 0.1595 0.1685 0.1685 0.1585 0.1585 0.17 0.17 0.17 0.171 0.171 0.178 0.178 0.1735 0.1735 0.1735 0.1905 0.1905 0.1855 0.1855 0.2025 0.2025 0.2025 0.2165 0.2165 0.232 0.232 0.206 0.206 0.206 0.1455 0.1455 0.166 0.166 0.181 0.181 0.181 0.2025 0.2025 0.2135 0.2135 0.205 0.205 0.19 0.19 0.19 0.201 0.201 0.2155 0.2155 0.1975 0.1975 0.1975 0.182 0.182 0.166 0.166 0.173 0.173 0.173 0.167 0.167 0.159 0.159 0.1465 0.1465 0.1465 0.136 0.136 0.1505
0.173 0.1635 0.1635 0.161 0.161 0.1645 0.1645 0.1645 0.1595 0.1595 0.1685 0.1685 0.1585 0.1585 0.17 0.17 0.17 0.171 0.171 0.178 0.178 0.1735 0.1735 0.1735 0.1905 0.1905 0.1855 0.1855 0.2025 0.2025 0.2025 0.2165 0.2165 0.232 0.232 0.206 0.206 0.206 0.1455 0.1455 0.166 0.166 0.181 0.181 0.181 0.2025 0.2025 0.2135 0.2135 0.205 0.205 0.19 0.19 0.19 0.201 0.201 0.2155 0.2155 0.1975 0.1975 0.1975 0.182 0.182 0.166 0.166 0.173 0.173 0.173 0.167 0.167 0.159 0.159 0.1465 0.1465 0.1465 0.136 0.136 0.1505
0.1815 0.167 0.167 0.1595 0.1595 0.1555 0.1555 0.1555 0.158 0.158 0.1495 0.1495 0.1705 0.1705 0.1845 0.1845 0.1845 0.187 0.187 0.2 0.2 0.202 0.202 0.202 0.212 0.212 0.2125 0.2125 0.2325 0.2325 0.2325 0.251 0.251 0.264 0.264 0.18 0.18 0.18 0.188 0.188 0.172 0.172 0.1715 0.1715 0.1715 0.184 0.184 0.2165 0.2165 0.216 0.216 0.1995 0.1995 0.1995 0.195 0.195 0.1965 0.1965 0.1875 0.1875 0.1875 0.185 0.185 0.189 0.189 0.17 0.17 0.17 0.205 0.205 0.2035 0.2035 0.1435 0.1435 0.1435 0.144 0.144 0.1705
0.1815 0.167 0.167 0.1595 0.1595 0.1555 0.1555 0.1555 0.158 0.158 0.1495 0.1495 0.1705 0.1705 0.1845 0.1845 0.1845 0.187 0.187 0.2 0.2 0.202 0.202 0.202 0.212 0.212 0.2125 0.2125 0.2325 0.2325 0.2325 0.251 0.251 0.264 0.264 0.18 0.18 0.18 0.188 0.188 0.172 0.172 0.1715 0.1715 0.1715 0.184 0.184 0.2165 0.2165 0.216 0.216 0.1995 0.1995 0.1995 0.195 0.195 0.1965 0.1965 0.1875 0.1875 0.1875 0.185 0.185 0.189 0.189 0.17 0.17 0.17 0.205 0.205 0.2035 0.2035 0.1435 0.1435 0.1435 0.144 0.144 0.1705
0.1815 0.167 0.167 0.1595 0.1595 0.1555 0.1555 0.1555 0.158 0.158 0.1495 0.1495 0.1705 0.1705 0.1845 0.1845 0.1845 0.187 0.187 0.2 0.2 0.202 0.202 0.202 0.212 0.212 0.2125 0.2125 0.2325 0.2325 0.2325 0.251 0.251 0.264 0.264 0.18 0.18 0.18 0.188 0.188 0.172 0.172 0.1715 0.1715 0.1715 0.184 0.184 0.2165 0.2165 0.216 0.216 0.1995 0.1995 0.1995 0.195 0.195 0.1965 0.1965 0.1875 0.1875 0.1875 0.185 0.185 0.189 0.189 0.17 0.17 0.17 0.205 0.205 0.2035 0.2035 0.1435 0.1435 0.1435 0.144 0.144 0.1705
0.1825 0.185 0.185 0.18 0.18 0.183 0.183 0.183 0.183 0.183 0.19 0.19 0.193 0.193 0.1955 0.1955 0.1955 0.1995 0.1995 0.2245 0.2245 0.223 0.223 0.223 0.2135 0.2135 0.227 0.227 0.2405 0.2405 0.2405 0.1795 0.1795 0.2135 0.2135 0.195 0.195 0.195 0.163 0.163 0.1755 0.1755 0.1545 0.1545 0.1545 0.1775 0.1775 0.1725 0.1725 0.1985 0.1985 0.2095 0.2095 0.2095 0.2065 0.2065 0.1955 0.1955 0.181 0.181 0.181 0.203 0.203 0.196 0.196 0.1995 0.1995 0.1995 0.201 0.201 0.215 0.215 0.1845 0.1845 0.1845 0.1435 0.1435 0.162
0.1825 0.185 0.185 0.18 0.18 0.183 0.183 0.183 0.183 0.183 0.19 0.19 0.193 0.193 0.1955 0.1955 0.1955 0.1995 0.1995 0.2245 0.2245 0.223 0.223 0.223 0.2135 0.2135 0.227 0.227 0.2405 0.2405 0.2405 0.1795 0.1795 0.2135 0.2135 0.195 0.195 0.195 0.163 0.163 0.1755 0.1755 0.1545 0.1545 0.1545 0.1775 0.1775 0.1725 0.1725 0.1985 0.1985 0.2095 0.2095 0.2095 0.2065 0.2065 0.1955 0.1955 0.181 0.181 0.181 0.203 0.203 0.196 0.196 0.1995 0.1995 0.1995 0.201 0.201 0.215 0.215 0.1845 0.1845 0.1845 0.1435 0.1435 0.162
0.1915 0.1995 0.1995 0.1905 0.1905 0.1815 0.1815 0.1815 0.1955 0.1955 0.1935 0.1935 0.1945 0.1945 0.197 0.197 0.197 0.204 0.204 0.2155 0.2155 0.215 0.215 0.215 0.2155 0.2155 0.2165 0.2165 0.202 0.202 0.202 0.1985 0.1985 0.234 0.234 0.2155 0.2155 0.2155 0.205 0.205 0.162 0.162 0.1495 0.1495 0.1495 0.1625 0.1625 0.1815 0.1815 0.1925 0.1925 0.1995 0.1995 0.1995 0.2085 0.2085 0.2345 0.2345 0.235 0.235 0.235 0.2285 0.2285 0.2275 0.2275 0.1995 0.1995 0.1995 0.196 0.196 0.2055 0.2055 0.199 0.199 0.199 0.135 0.135 0.144
0.1915 0.1995 0.1995 0.1905 0.1905 0.1815 0.1815 0.1815 0.1955 0.1955 0.1935 0.1935 0.1945 0.1945 0.197 0.197 0.197 0.204 0.204 0.2155 0.2155 0.215 0.215 0.215 0.2155 0.2155 0.2165 0.2165 0.202 0.202 0.202 0.1985 0.1985 0.234 0.234 0.2155 0.2155 0.2155 0.205 0.205 0.162 0.162 0.1495 0.1495 0.1495 0.1625 0.1625 0.1815 0.1815 0.1925 0.1925 0.1995 0.1995 0.1995 0.2085 0.2085 0.2345 0.2345 0.235 0.235 0.235 0.2285 0.2285 0.2275 0.2275 0.1995 0.1995 0.1995 0.196 0.196 0.2055 0.2055 0.199 0.199 0.199 0.135 0.135 0.144
0.233 0.222 0.222 0.204 0.204 0.208 0.208 0.208 0.204 0.204 0.204 0.204 0.2065 0.2065 0.204 0.204 0.204 0.205 0.205 0.2205 0.2205 0.23 0.23 0.23 0.2175 0.2175 0.214 0.214 0.21 0.21 0.21 0.1675 0.1675 0.191 0.191 0.204 0.204 0.204 0.1945 0.1945 0.1465 0.1465 0.1665 0.1665 0.1665 0.171 0.171 0.1785 0.1785 0.203 0.203 0.222 0.222 0.222 0.234 0.234 0.222 0.222 0.247 0.247 0.247 0.23 0.23 0.24 0.24 0.232 0.232 0.232 0.1895 0.1895 0.198 0.198 0.1825 0.1825 0.1825 0.1365 0.1365 0.1365
0.233 0.222 0.222 0.204 0.204 0.208 0.208 0.208 0.204 0.204 0.204 0.204 0.2065 0.2065 0.204 0.204 0.204 0.205 0.205 0.2205 0.2205 0.23 0.23 0.23 0.2175 0.2175 0.214 0.214 0.21 0.21 0.21 0.1675 0.1675 0.191 0.191 0.204 0.204 0.204 0.1945 0.1945 0.1465 0.1465 0.1665 0.1665 0.1665 0.171 0.171 0.1785 0.1785 0.203 0.203 0.222 0.222 0.222 0.234 0.234 0.222 0.222 0.247 0.247 0.247 0.23 0.23 0.24 0.24 0.232 0.232 0.232 0.1895 0.1895 0.198 0.198 0.1825 0.1825 0.1825 0.1365 0.1365 0.1365
0.229 0.2165 0.2165 0.2055 0.2055 0.206 0.206 0.206 0.203 0.203 0.1915 0.1915 0.203 0.203 0.201 0.201 0.201 0.21 0.21 0.213 0.213 0.228 0.228 0.228 0.234 0.234 0.221 0.221 0.2105 0.2105 0.2105 0.197 0.197 0.1995 0.1995 0.2 0.2 0.2 0.1975 0.1975 0.191 0.191 0.175 0.175 0.175 0.1585 0.1585 0.173 0.173 0.177 0.177 0.205 0.205 0.205 0.233 0.233 0.224 0.224 0.2555 0.2555 0.2555 0.2525 0.2525 0.236 0.236 0.2235 0.2235 0.2235 0.199 0.199 0.1705 0.1705 0.1705 0.1705 0.1705 0.1285 0.1285 0.1305
0.229 0.2165 0.2165 0.2055 0.2055 0.206 0.206 0.206 0.203 0.203 0.1915 0.1915 0.203 0.203 0.201 0.201 0.201 0.21 0.21 0.213 0.213 0.228 0.228 0.228 0.234 0.234 0.221 0.221 0.2105 0.2105 0.2105 0.197 0.197 0.1995 0.1995 0.2 0.2 0.2 0.1975 0.1975 0.191 0.191 0.175 0.175 0.175 0.1585 0.1585 0.173 0.173 0.177 0.177 0.205 0.205 0.205 0.233 0.233 0.224 0.224 0.2555 0.2555 0.2555 0.2525 0.2525 0.236 0.236 0.2235 0.2235 0.2235 0.199 0.199 0.1705 0.1705 0.1705 0.1705 0.1705 0.1285 0.1285 0.1305
0.229 0.2165 0.2165 0.2055 0.2055 0.206 0.206 0.206 0.203 0.203 0.1915 0.1915 0.203 0.203 0.201 0.201 0.201 0.21 0.21 0.213 0.213 0.228 0.228 0.228 0.234 0.234 0.221 0.221 0.2105 0.2105 0.2105 0.197 0.197 0.1995 0.1995 0.2 0.2 0.2 0.1975 0.1975 0.191 0.191 0.175 0.175 0.175 0.1585 0.1585 0.173 0.173 0.177 0.177 0.205 0.205 0.205 0.233 0.233 0.224 0.224 0.2555 0.2555 0.2555 0.2525 0.2525 0.236 0.236 0.2235 0.2235 0.2235 0.199 0.199 0.1705 0.1705 0.1705 0.1705 0.1705 0.1285 0.1285 0.1305
0.2295 0.2125 0.2125 0.223 0.223 0.237 0.237 0.237 0.234 0.234 0.2 0.2 0.217 0.217 0.23 0.23 0.23 0.194 0.194 0.2355 0.2355 0.2405 0.2405 0.2405 0.232 0.232 0.237 0.237 0.252 0.252 0.252 0.2555 0.2555 0.2515 0.2515 0.2385 0.2385 0.2385 0.206 0.206 0.1755 0.1755 0.1885 0.1885 0.1885 0.1925 0.1925 0.1315 0.1315 0.1395 0.1395 0.146 0.146 0.146 0.149 0.149 0.213 0.213 0.26 0.26 0.26 0.2615 0.2615 0.2575 0.2575 0.259 0.259 0.259 0.233 0.233 0.225 0.225 0.1585 0.1585 0.1585 0.1405 0.1405 0.1415
0.2295 0.2125 0.2125 0.223 0.223 0.237 0.237 0.237 0.234 0.234 0.2 0.2 0.217 0.217 0.23 0.23 0.23 0.194 0.194 0.2355 0.2355 0.2405 0.2405 0.2405 0.232 0.232 0.237 0.237 0.252 0.252 0.252 0.2555 0.2555 0.2515 0.2515 0.2385 0.2385 0.2385 0.206 0.206 0.1755 0.1755 0.1885 0.1885 0.1885 0.1925 0.1925 0.1315 0.1315 0.1395 0.1395 0.146 0.146 0.146 0.149 0.149 0.213 0.213 0.26 0.26 0.26 0.2615 0.2615 0.2575 0.2575 0.259 0.259 0.259 0.233 0.233 0.225 0.225 0.1585 0.1585 0.1585 0.1405 0.1405 0.1415
0.241 0.303 0.303 0.2925 0.2925 0.2575 0.2575 0.2575 0.2885 0.2885 0.27 0.27 0.244 0.244 0.216 0.216 0.216 0.1985 0.1985 0.2505 0.2505 0.245 0.245 0.245 0.318 0.318 0.2585 0.2585 0.2545 0.2545 0.2545 0.2635 0.2635 0.2475 0.2475 0.234 0.234 0.234 0.227 0.227 0.1865 0.1865 0.158 0.158 0.158 0.1725 0.1725 0.133 0.133 0.1505 0.1505 0.148 0.148 0.148 0.1745 0.1745 0.206 0.206 0.2465 0.2465 0.2465 0.252 0.252 0.245 0.245 0.21 0.21 0.21 0.181 0.181 0.2015 0.2015 0.1835 0.1835 0.1835 0.14 0.14 0.1355
0.241 0.303 0.303 0.2925 0.2925 0.2575 0.2575 0.2575 0.2885 0.2885 0.27 0.27 0.244 0.244 0.216 0.216 0.216 0.1985 0.1985 0.2505 0.2505 0.245 0.245 0.245 0.318 0.318 0.2585 0.2585 0.2545 0.2545 0.2545 0.2635 0.2635 0.2475 0.2475 0.234 0.234 0.234 0.227 0.227 0.1865 0.1865 0.158 0.158 0.158 0.1725 0.1725 0.133 0.133 0.1505 0.1505 0.148 0.148 0.148 0.1745 0.1745 0.206 0.206 0.2465 0.2465 0.2465 0.252 0.252 0.245 0.245 0.21 0.21 0.21 0.181 0.181 0.2015 0.2015 0.1835 0.1835 0.1835 0.14 0.14 0.1355
0.283 0.2695 0.2695 0.245 0.245 0.2545 0.2545 0.2545 0.2295 0.2295 0.251 0.251 0.291 0.291 0.249 0.249 0.249 0.2595 0.2595 0.2765 0.2765 0.244 0.244 0.244 0.273 0.273 0.254 0.254 0.2365 0.2365 0.2365 0.233 0.233 0.2445 0.2445 0.215 0.215 0.215 0.201 0.201 0.182 0.182 0.1395 0.1395 0.1395 0.155 0.155 0.1495 0.1495 0.1385 0.1385 0.1935 0.1935 0.1935 0.206 0.206 0.2095 0.2095 0.27 0.27 0.27 0.2465 0.2465 0.241 0.241 0.204 0.204 0.204 0.251 0.251 0.216 0.216 0.207 0.207 0.207 0.1755 0.1755 0.1695
0.283 0.2695 0.2695 0.245 0.245 0.2545 0.2545 0.2545 0.2295 0.2295 0.251 0.251 0.291 0.291 0.249 0.249 0.249 0.2595 0.2595 0.2765 0.2765 0.244 0.244 0.244 0.273 0.273 0.254 0.254 0.2365 0.2365 0.2365 0.233 0.233 0.2445 0.2445 0.215 0.215 0.215 0.201 0.201 0.182 0.182 0.1395 0.1395 0.1395 0.155 0.155 0.1495 0.1495 0.1385 0.1385 0.1935 0.1935 0.1935 0.206 0.206 0.2095 0.2095 0.27 0.27 0.27 0.2465 0.2465 0.241 0.241 0.204 0.204 0.204 0.251 0.251 0.216 0.216 0.207 0.207 0.207 0.1755 0.1755 0.1695
0.283 0.2695 0.2695 0.245 0.245 0.2545 0.2545 0.2545 0.2295 0.2295 0.251 0.251 0.291 0.291 0.249 0.249 0.249 0.2595 0.2595 0.2765 0.2765 0.244 0.244 0.244 0.273 0.273 0.254 0.254 0.2365 0.2365 0.2365 0.233 0.233 0.2445 0.2445 0.215 0.215 0.215 0.201 0.201 0.182 0.182 0.1395 0.1395 0.1395 0.155 0.155 0.1495 0.1495 0.1385 0.1385 0.1935 0.1935 0.1935 0.206 0.206 0.2095 0.2095 0.27 0.27 0.27 0.2465 0.2465 0.241 0.241 0.204 0.204 0.204 0.251 0.251 0.216 0.216 0.207 0.207 0.207 0.1755 0.1755 0.1695
0.208 0.2465 0.2465 0.2585 0.2585 0.248 0.248 0.248 0.2435 0.2435 0.242 0.242 0.225 0.225 0.2635 0.2635 0.2635 0.282 0.282 0.2945 0.2945 0.283 0.283 0.283 0.2735 0.2735 0.2565 0.2565 0.228 0.228 0.228 0.212 0.212 0.217 0.217 0.2165 0.2165 0.2165 0.201 0.201 0.202 0.202 0.204 0.204 0.204 0.1615 0.1615 0.18 0.18 0.186 0.186 0.2045 0.2045 0.2045 0.214 0.214 0.2095 0.2095 0.2275 0.2275 0.2275 0.234 0.234 0.234 0.234 0.2305 0.2305 0.2305 0.256 0.256 0.213 0.213 0.1715 0.1715 0.1715 0.162 0.162 0.1905
