ndvi/NOAA-54.asc
ncols         252
nrows         154
xllcorner     -18.017974
yllcorner     13.481982
cellsize      0.035948
NODATA_value  -9999
[rows 102 to 135 of 154, columns 78 to 155 of 252]
0.2215 0.2265 0.2265 0.2495 0.2495 0.2615 0.2615 0.2615 0.2445 0.2445 0.231 0.231 0.237 0.237 0.227 0.227 0.227 0.2435 0.2435 0.231 0.231 0.2445 0.2445 0.2445 0.248 0.248 0.237 0.237 0.242 0.242 0.242 0.2565 0.2565 0.2755 0.2755 0.257 0.257 0.257 0.2485 0.2485 0.243 0.243 0.247 0.247 0.247 0.249 0.249 0.2565 0.2565 0.2515 0.2515 0.255 0.255 0.255 0.2665 0.2665 0.253 0.253 0.241 0.241 0.241 0.257 0.257 0.2585 0.2585 0.265 0.265 0.265 0.266 0.266 0.2635 0.2635 0.236 0.236 0.236 0.2285 0.2285 0.217
0.2335 0.238 0.238 0.2465 0.2465 0.2425 0.2425 0.2425 0.237 0.237 0.23 0.23 0.213 0.213 0.214 0.214 0.214 0.212 0.212 0.218 0.218 0.2235 0.2235 0.2235 0.251 0.251 0.2465 0.2465 0.247 0.247 0.247 0.264 0.264 0.2705 0.2705 0.2645 0.2645 0.2645 0.257 0.257 0.2545 0.2545 0.2605 0.2605 0.2605 0.259 0.259 0.2605 0.2605 0.2605 0.2605 0.262 0.262 0.262 0.249 0.249 0.268 0.268 0.2495 0.2495 0.2495 0.2545 0.2545 0.2955 0.2955 0.2625 0.2625 0.2625 0.245 0.245 0.245 0.245 0.248 0.248 0.248 0.2325 0.2325 0.225
0.2335 0.238 0.238 0.2465 0.2465 0.2425 0.2425 0.2425 0.237 0.237 0.23 0.23 0.213 0.213 0.214 0.214 0.214 0.212 0.212 0.218 0.218 0.2235 0.2235 0.2235 0.251 0.251 0.2465 0.2465 0.247 0.247 0.247 0.264 0.264 0.2705 0.2705 0.2645 0.2645 0.2645 0.257 0.257 0.2545 0.2545 0.2605 0.2605 0.2605 0.259 0.259 0.2605 0.2605 0.2605 0.2605 0.262 0.262 0.262 0.249 0.249 0.268 0.268 0.2495 0.2495 0.2495 0.2545 0.2545 0.2955 0.2955 0.2625 0.2625 0.2625 0.245 0.245 0.245 0.245 0.248 0.248 0.248 0.2325 0.2325 0.225
0.2335 0.238 0.238 0.2465 0.2465 0.2425 0.2425 0.2425 0.237 0.237 0.23 0.23 0.213 0.213 0.214 0.214 0.214 0.212 0.212 0.218 0.218 0.2235 0.2235 0.2235 0.251 0.251 0.2465 0.2465 0.247 0.247 0.247 0.264 0.264 0.2705 0.2705 0.2645 0.2645 0.2645 0.257 0.257 0.2545 0.2545 0.2605 0.2605 0.2605 0.259 0.259 0.2605 0.2605 0.2605 0.2605 0.262 0.262 0.262 0.249 0.249 0.268 0.268 0.2495 0.2495 0.2495 0.2545 0.2545 0.2955 0.2955 0.2625 0.2625 0.2625 0.245 0.245 0.245 0.245 0.248 0.248 0.248 0.2325 0.2325 0.225
0.232 0.241 0.241 0.2495 0.2495 0.2335 0.2335 0.2335 0.218 0.218 0.2285 0.2285 0.2255 0.2255 0.2185 0.2185 0.2185 0.2135 0.2135 0.221 0.221 0.2305 0.2305 0.2305 0.2445 0.2445 0.237 0.237 0.2345 0.2345 0.2345 0.268 0.268 0.268 0.268 0.27 0.27 0.27 0.249 0.249 0.255 0.255 0.2585 0.2585 0.2585 0.257 0.257 0.27 0.27 0.2585 0.2585 0.245 0.245 0.245 0.2455 0.2455 0.263 0.263 0.2455 0.2455 0.2455 0.2535 0.2535 0.26 0.26 0.2805 0.2805 0.2805 0.236 0.236 0.2335 0.2335 0.2405 0.2405 0.2405 0.2345 0.2345 0.234
0.232 0.241 0.241 0.2495 0.2495 0.2335 0.2335 0.2335 0.218 0.218 0.2285 0.2285 0.2255 0.2255 0.2185 0.2185 0.2185 0.2135 0.2135 0.221 0.221 0.2305 0.2305 0.2305 0.2445 0.2445 0.237 0.237 0.2345 0.2345 0.2345 0.268 0.268 0.268 0.268 0.27 0.27 0.27 0.249 0.249 0.255 0.255 0.2585 0.2585 0.2585 0.257 0.257 0.27 0.27 0.2585 0.2585 0.245 0.245 0.245 0.2455 0.2455 0.263 0.263 0.2455 0.2455 0.2455 0.2535 0.2535 0.26 0.26 0.2805 0.2805 0.2805 0.236 0.236 0.2335 0.2335 0.2405 0.2405 0.2405 0.2345 0.2345 0.234
0.2475 0.239 0.239 0.2465 0.2465 0.233 0.233 0.233 0.239 0.239 0.2265 0.2265 0.244 0.244 0.2345 0.2345 0.2345 0.2435 0.2435 0.249 0.249 0.2475 0.2475 0.2475 0.2515 0.2515 0.25 0.25 0.2425 0.2425 0.2425 0.263 0.263 0.2615 0.2615 0.257 0.257 0.257 0.254 0.254 0.2455 0.2455 0.2435 0.2435 0.2435 0.2325 0.2325 0.258 0.258 0.26 0.26 0.264 0.264 0.264 0.2525 0.2525 0.258 0.258 0.2445 0.2445 0.2445 0.249 0.249 0.2645 0.2645 0.2785 0.2785 0.2785 0.2505 0.2505 0.212 0.212 0.2135 0.2135 0.2135 0.2305 0.2305 0.2395
0.2475 0.239 0.239 0.2465 0.2465 0.233 0.233 0.233 0.239 0.239 0.2265 0.2265 0.244 0.244 0.2345 0.2345 0.2345 0.2435 0.2435 0.249 0.249 0.2475 0.2475 0.2475 0.2515 0.2515 0.25 0.25 0.2425 0.2425 0.2425 0.263 0.263 0.2615 0.2615 0.257 0.257 0.257 0.254 0.254 0.2455 0.2455 0.2435 0.2435 0.2435 0.2325 0.2325 0.258 0.258 0.26 0.26 0.264 0.264 0.264 0.2525 0.2525 0.258 0.258 0.2445 0.2445 0.2445 0.249 0.249 0.2645 0.2645 0.2785 0.2785 0.2785 0.2505 0.2505 0.212 0.212 0.2135 0.2135 0.2135 0.2305 0.2305 0.2395
0.2425 0.2455 0.2455 0.2345 0.2345 0.2375 0.2375 0.2375 0.2315 0.2315 0.2365 0.2365 0.255 0.255 0.2715 0.2715 0.2715 0.26 0.26 0.2475 0.2475 0.2555 0.2555 0.2555 0.2495 0.2495 0.2405 0.2405 0.263 0.263 0.263 0.272 0.272 0.2505 0.2505 0.2585 0.2585 0.2585 0.2365 0.2365 0.243 0.243 0.219 0.219 0.219 0.2475 0.2475 0.2485 0.2485 0.252 0.252 0.2675 0.2675 0.2675 0.27 0.27 0.259 0.259 0.2525 0.2525 0.2525 0.2645 0.2645 0.2745 0.2745 0.2785 0.2785 0.2785 0.293 0.293 0.2835 0.2835 0.2585 0.2585 0.2585 0.224 0.224 0.241
0.2425 0.2455 0.2455 0.2345 0.2345 0.2375 0.2375 0.2375 0.2315 0.2315 0.2365 0.2365 0.255 0.255 0.2715 0.2715 0.2715 0.26 0.26 0.2475 0.2475 0.2555 0.2555 0.2555 0.2495 0.2495 0.2405 0.2405 0.263 0.263 0.263 0.272 0.272 0.2505 0.2505 0.2585 0.2585 0.2585 0.2365 0.2365 0.243 0.243 0.219 0.219 0.219 0.2475 0.2475 0.2485 0.2485 0.252 0.252 0.2675 0.2675 0.2675 0.27 0.27 0.259 0.259 0.2525 0.2525 0.2525 0.2645 0.2645 0.2745 0.2745 0.2785 0.2785 0.2785 0.293 0.293 0.2835 0.2835 0.2585 0.2585 0.2585 0.224 0.224 0.241
0.2425 0.2455 0.2455 0.2345 0.2345 0.2375 0.2375 0.2375 0.2315 0.2315 0.2365 0.2365 0.255 0.255 0.2715 0.2715 0.2715 0.26 0.26 0.2475 0.2475 0.2555 0.2555 0.2555 0.2495 0.2495 0.2405 0.2405 0.263 0.263 0.263 0.272 0.272 0.2505 0.2505 0.2585 0.2585 0.2585 0.2365 0.2365 0.243 0.243 0.219 0.219 0.219 0.2475 0.2475 0.2485 0.2485 0.252 0.252 0.2675 0.2675 0.2675 0.27 0.27 0.259 0.259 0.2525 0.2525 0.2525 0.2645 0.2645 0.2745 0.2745 0.2785 0.2785 0.2785 0.293 0.293 0.2835 0.2835 0.2585 0.2585 0.2585 0.224 0.224 0.241
0.254 0.2425 0.2425 0.251 0.251 0.259 0.259 0.259 0.2575 0.2575 0.248 0.248 0.246 0.246 0.264 0.264 0.264 0.262 0.262 0.2705 0.2705 0.2645 0.2645 0.2645 0.2585 0.2585 0.257 0.257 0.2515 0.2515 0.2515 0.263 0.263 0.2695 0.2695 0.248 0.248 0.248 0.248 0.248 0.261 0.261 0.251 0.251 0.251 0.2665 0.2665 0.2655 0.2655 0.258 0.258 0.266 0.266 0.266 0.277 0.277 0.2595 0.2595 0.277 0.277 0.277 0.265 0.265 0.258 0.258 0.2695 0.2695 0.2695 0.269 0.269 0.241 0.241 0.2535 0.2535 0.2535 0.2275 0.2275 0.236
0.254 0.2425 0.2425 0.251 0.251 0.259 0.259 0.259 0.2575 0.2575 0.248 0.248 0.246 0.246 0.264 0.264 0.264 0.262 0.262 0.2705 0.2705 0.2645 0.2645 0.2645 0.2585 0.2585 0.257 0.257 0.2515 0.2515 0.2515 0.263 0.263 0.2695 0.2695 0.248 0.248 0.248 0.248 0.248 0.261 0.261 0.251 0.251 0.251 0.2665 0.2665 0.2655 0.2655 0.258 0.258 0.266 0.266 0.266 0.277 0.277 0.2595 0.2595 0.277 0.277 0.277 0.265 0.265 0.258 0.258 0.2695 0.2695 0.2695 0.269 0.269 0.241 0.241 0.2535 0.2535 0.2535 0.2275 0.2275 0.236
0.2515 0.253 0.253 0.2375 0.2375 0.2295 0.2295 0.2295 0.2415 0.2415 0.2315 0.2315 0.255 0.255 0.2765 0.2765 0.2765 0.2775 0.2775 0.2715 0.2715 0.2585 0.2585 0.2585 0.2665 0.2665 0.266 0.266 0.247 0.247 0.247 0.259 0.259 0.271 0.271 0.2625 0.2625 0.2625 0.253 0.253 0.2505 0.2505 0.247 0.247 0.247 0.2695 0.2695 0.2645 0.2645 0.2705 0.2705 0.281 0.281 0.281 0.263 0.263 0.2675 0.2675 0.2715 0.2715 0.2715 0.2635 0.2635 0.2575 0.2575 0.2665 0.2665 0.2665 0.2705 0.2705 0.2695 0.2695 0.248 0.248 0.248 0.2185 0.2185 0.2255
0.2515 0.253 0.253 0.2375 0.2375 0.2295 0.2295 0.2295 0.2415 0.2415 0.2315 0.2315 0.255 0.255 0.2765 0.2765 0.2765 0.2775 0.2775 0.2715 0.2715 0.2585 0.2585 0.2585 0.2665 0.2665 0.266 0.266 0.247 0.247 0.247 0.259 0.259 0.271 0.271 0.2625 0.2625 0.2625 0.253 0.253 0.2505 0.2505 0.247 0.247 0.247 0.2695 0.2695 0.2645 0.2645 0.2705 0.2705 0.281 0.281 0.281 0.263 0.263 0.2675 0.2675 0.2715 0.2715 0.2715 0.2635 0.2635 0.2575 0.2575 0.2665 0.2665 0.2665 0.2705 0.2705 0.2695 0.2695 0.248 0.248 0.248 0.2185 0.2185 0.2255
0.232 0.2125 0.2125 0.2055 0.2055 0.217 0.217 0.217 0.234 0.234 0.2335 0.2335 0.2515 0.2515 0.2695 0.2695 0.2695 0.2835 0.2835 0.27 0.27 0.2715 0.2715 0.2715 0.272 0.272 0.2635 0.2635 0.256 0.256 0.256 0.2525 0.2525 0.2775 0.2775 0.275 0.275 0.275 0.2425 0.2425 0.2415 0.2415 0.258 0.258 0.258 0.2645 0.2645 0.278 0.278 0.28 0.28 0.274 0.274 0.274 0.257 0.257 0.2595 0.2595 0.2665 0.2665 0.2665 0.2595 0.2595 0.2655 0.2655 0.2635 0.2635 0.2635 0.2865 0.2865 0.2745 0.2745 0.2705 0.2705 0.2705 0.2395 0.2395 0.2505
0.232 0.2125 0.2125 0.2055 0.2055 0.217 0.217 0.217 0.234 0.234 0.2335 0.2335 0.2515 0.2515 0.2695 0.2695 0.2695 0.2835 0.2835 0.27 0.27 0.2715 0.2715 0.2715 0.272 0.272 0.2635 0.2635 0.256 0.256 0.256 0.2525 0.2525 0.2775 0.2775 0.275 0.275 0.275 0.2425 0.2425 0.2415 0.2415 0.258 0.258 0.258 0.2645 0.2645 0.278 0.278 0.28 0.28 0.274 0.274 0.274 0.257 0.257 0.2595 0.2595 0.2665 0.2665 0.2665 0.2595 0.2595 0.2655 0.2655 0.2635 0.2635 0.2635 0.2865 0.2865 0.2745 0.2745 0.2705 0.2705 0.2705 0.2395 0.2395 0.2505
0.232 0.2125 0.2125 0.2055 0.2055 0.217 0.217 0.217 0.234 0.234 0.2335 0.2335 0.2515 0.2515 0.2695 0.2695 0.2695 0.2835 0.2835 0.27 0.27 0.2715 0.2715 0.2715 0.272 0.272 0.2635 0.2635 0.256 0.256 0.256 0.2525 0.2525 0.2775 0.2775 0.275 0.275 0.275 0.2425 0.2425 0.2415 0.2415 0.258 0.258 0.258 0.2645 0.2645 0.278 0.278 0.28 0.28 0.274 0.274 0.274 0.257 0.257 0.2595 0.2595 0.2665 0.2665 0.2665 0.2595 0.2595 0.2655 0.2655 0.2635 0.2635 0.2635 0.2865 0.2865 0.2745 0.2745 0.2705 0.2705 0.2705 0.2395 0.2395 0.2505
0.2305 0.196 0.196 0.212 0.212 0.218 0.218 0.218 0.227 0.227 0.2415 0.2415 0.2495 0.2495 0.2505 0.2505 0.2505 0.2905 0.2905 0.285 0.285 0.2665 0.2665 0.2665 0.26 0.26 0.276 0.276 0.2745 0.2745 0.2745 0.2775 0.2775 0.286 0.286 0.273 0.273 0.273 0.277 0.277 0.2865 0.2865 0.287 0.287 0.287 0.284 0.284 0.2995 0.2995 0.291 0.291 0.3005 0.3005 0.3005 0.27 0.27 0.278 0.278 0.2695 0.2695 0.2695 0.2485 0.2485 0.27 0.27 0.269 0.269 0.269 0.2735 0.2735 0.2665 0.2665 0.273 0.273 0.273 0.287 0.287 0.2985
0.2305 0.196 0.196 0.212 0.212 0.218 0.218 0.218 0.227 0.227 0.2415 0.2415 0.2495 0.2495 0.2505 0.2505 0.2505 0.2905 0.2905 0.285 0.285 0.2665 0.2665 0.2665 0.26 0.26 0.276 0.276 0.2745 0.2745 0.2745 0.2775 0.2775 0.286 0.286 0.273 0.273 0.273 0.277 0.277 0.2865 0.2865 0.287 0.287 0.287 0.284 0.284 0.2995 0.2995 0.291 0.291 0.3005 0.3005 0.3005 0.27 0.27 0.278 0.278 0.2695 0.2695 0.2695 0.2485 0.2485 0.27 0.27 0.269 0.269 0.269 0.2735 0.2735 0.2665 0.2665 0.273 0.273 0.273 0.287 0.287 0.2985
0.21 0.2185 0.2185 0.1985 0.1985 0.259 0.259 0.259 0.24 0.24 0.2535 0.2535 0.2685 0.2685 0.2555 0.2555 0.2555 0.2655 0.2655 0.256 0.256 0.267 0.267 0.267 0.2725 0.2725 0.277 0.277 0.278 0.278 0.278 0.281 0.281 0.2835 0.2835 0.29 0.29 0.29 0.312 0.312 0.3185 0.3185 0.296 0.296 0.296 0.2945 0.2945 0.302 0.302 0.312 0.312 0.3095 0.3095 0.3095 0.298 0.298 0.2865 0.2865 0.2815 0.2815 0.2815 0.284 0.284 0.2845 0.2845 0.265 0.265 0.265 0.275 0.275 0.284 0.284 0.2965 0.2965 0.2965 0.296 0.296 0.299
0.21 0.2185 0.2185 0.1985 0.1985 0.259 0.259 0.259 0.24 0.24 0.2535 0.2535 0.2685 0.2685 0.2555 0.2555 0.2555 0.2655 0.2655 0.256 0.256 0.267 0.267 0.267 0.2725 0.2725 0.277 0.277 0.278 0.278 0.278 0.281 0.281 0.2835 0.2835 0.29 0.29 0.29 0.312 0.312 0.3185 0.3185 0.296 0.296 0.296 0.2945 0.2945 0.302 0.302 0.312 0.312 0.3095 0.3095 0.3095 0.298 0.298 0.2865 0.2865 0.2815 0.2815 0.2815 0.284 0.284 0.2845 0.2845 0.265 0.265 0.265 0.275 0.275 0.284 0.284 0.2965 0.2965 0.2965 0.296 0.296 0.299
0.2195 0.217 0.217 0.223 0.223 0.241 0.241 0.241 0.2295 0.2295 0.229 0.229 0.2445 0.2445 0.225 0.225 0.225 0.261 0.261 0.269 0.269 0.2785 0.2785 0.2785 0.276 0.276 0.273 0.273 0.295 0.295 0.295 0.3025 0.3025 0.301 0.301 0.3225 0.3225 0.3225 0.315 0.315 0.314 0.314 0.313 0.313 0.313 0.2895 0.2895 0.305 0.305 0.311 0.311 0.317 0.317 0.317 0.307 0.307 0.305 0.305 0.287 0.287 0.287 0.2865 0.2865 0.277 0.277 0.2875 0.2875 0.2875 0.3125 0.3125 0.297 0.297 0.3155 0.3155 0.3155 0.302 0.302 0.2995
0.2195 0.217 0.217 0.223 0.223 0.241 0.241 0.241 0.2295 0.2295 0.229 0.229 0.2445 0.2445 0.225 0.225 0.225 0.261 0.261 0.269 0.269 0.2785 0.2785 0.2785 0.276 0.276 0.273 0.273 0.295 0.295 0.295 0.3025 0.3025 0.301 0.301 0.3225 0.3225 0.3225 0.315 0.315 0.314 0.314 0.313 0.313 0.313 0.2895 0.2895 0.305 0.305 0.311 0.311 0.317 0.317 0.317 0.307 0.307 0.305 0.305 0.287 0.287 0.287 0.2865 0.2865 0.277 0.277 0.2875 0.2875 0.2875 0.3125 0.3125 0.297 0.297 0.3155 0.3155 0.3155 0.302 0.302 0.2995
0.26 0.23 0.23 0.2535 0.2535 0.25 0.25 0.25 0.2615 0.2615 0.262 0.262 0.2525 0.2525 0.2535 0.2535 0.2535 0.2785 0.2785 0.3025 0.3025 0.2945 0.2945 0.2945 0.285 0.285 0.3035 0.3035 0.3055 0.3055 0.3055 0.3075 0.3075 0.313 0.313 0.31 0.31 0.31 0.3 0.3 0.313 0.313 0.303 0.303 0.303 0.3085 0.3085 0.3145 0.3145 0.308 0.308 0.3125 0.3125 0.3125 0.3025 0.3025 0.2965 0.2965 0.3 0.3 0.3 0.2925 0.2925 0.306 0.306 0.315 0.315 0.315 0.324 0.324 0.3065 0.3065 0.329 0.329 0.329 0.3225 0.3225 0.334
0.26 0.23 0.23 0.2535 0.2535 0.25 0.25 0.25 0.2615 0.2615 0.262 0.262 0.2525 0.2525 0.2535 0.2535 0.2535 0.2785 0.2785 0.3025 0.3025 0.2945 0.2945 0.2945 0.285 0.285 0.3035 0.3035 0.3055 0.3055 0.3055 0.3075 0.3075 0.313 0.313 0.31 0.31 0.31 0.3 0.3 0.313 0.313 0.303 0.303 0.303 0.3085 0.3085 0.3145 0.3145 0.308 0.308 0.3125 0.3125 0.3125 0.3025 0.3025 0.2965 0.2965 0.3 0.3 0.3 0.2925 0.2925 0.306 0.306 0.315 0.315 0.315 0.324 0.324 0.3065 0.3065 0.329 0.329 0.329 0.3225 0.3225 0.334
0.26 0.23 0.23 0.2535 0.2535 0.25 0.25 0.25 0.2615 0.2615 0.262 0.262 0.2525 0.2525 0.2535 0.2535 0.2535 0.2785 0.2785 0.3025 0.3025 0.2945 0.2945 0.2945 0.285 0.285 0.3035 0.3035 0.3055 0.3055 0.3055 0.3075 0.3075 0.313 0.313 0.31 0.31 0.31 0.3 0.3 0.313 0.313 0.303 0.303 0.303 0.3085 0.3085 0.3145 0.3145 0.308 0.308 0.3125 0.3125 0.3125 0.3025 0.3025 0.2965 0.2965 0.3 0.3 0.3 0.2925 0.2925 0.306 0.306 0.315 0.315 0.315 0.324 0.324 0.3065 0.3065 0.329 0.329 0.329 0.3225 0.3225 0.334
0.26 0.2495 0.2495 0.2625 0.2625 0.26 0.26 0.26 0.279 0.279 0.2565 0.2565 0.249 0.249 0.258 0.258 0.258 0.2745 0.2745 0.303 0.303 0.312 0.312 0.312 0.308 0.308 0.304 0.304 0.313 0.313 0.313 0.319 0.319 0.3215 0.3215 0.3225 0.3225 0.3225 0.3215 0.3215 0.3125 0.3125 0.296 0.296 0.296 0.2875 0.2875 0.307 0.307 0.3045 0.3045 0.3185 0.3185 0.3185 0.2955 0.2955 0.298 0.298 0.306 0.306 0.306 0.3025 0.3025 0.3165 0.3165 0.323 0.323 0.323 0.3185 0.3185 0.326 0.326 0.3295 0.3295 0.3295 0.3225 0.3225 0.325
0.26 0.2495 0.2495 0.2625 0.2625 0.26 0.26 0.26 0.279 0.279 0.2565 0.2565 0.249 0.249 0.258 0.258 0.258 0.2745 0.2745 0.303 0.303 0.312 0.312 0.312 0.308 0.308 0.304 0.304 0.313 0.313 0.313 0.319 0.319 0.3215 0.3215 0.3225 0.3225 0.3225 0.3215 0.3215 0.3125 0.3125 0.296 0.296 0.296 0.2875 0.2875 0.307 0.307 0.3045 0.3045 0.3185 0.3185 0.3185 0.2955 0.2955 0.298 0.298 0.306 0.306 0.306 0.3025 0.3025 0.3165 0.3165 0.323 0.323 0.323 0.3185 0.3185 0.326 0.326 0.3295 0.3295 0.3295 0.3225 0.3225 0.325
0.2425 0.2575 0.2575 0.2535 0.2535 0.2625 0.2625 0.2625 0.28 0.28 0.2785 0.2785 0.2705 0.2705 0.282 0.282 0.282 0.29 0.29 0.2945 0.2945 0.2935 0.2935 0.2935 0.3135 0.3135 0.321 0.321 0.315 0.315 0.315 0.3315 0.3315 0.321 0.321 0.3405 0.3405 0.3405 0.3405 0.3405 0.323 0.323 0.3055 0.3055 0.3055 0.294 0.294 0.3315 0.3315 0.322 0.322 0.3215 0.3215 0.3215 0.31 0.31 0.2995 0.2995 0.3205 0.3205 0.3205 0.316 0.316 0.326 0.326 0.3305 0.3305 0.3305 0.3335 0.3335 0.3485 0.3485 0.355 0.355 0.355 0.3485 0.3485 0.3325
0.2425 0.2575 0.2575 0.2535 0.2535 0.2625 0.2625 0.2625 0.28 0.28 0.2785 0.2785 0.2705 0.2705 0.282 0.282 0.282 0.29 0.29 0.2945 0.2945 0.2935 0.2935 0.2935 0.3135 0.3135 0.321 0.321 0.315 0.315 0.315 0.3315 0.3315 0.321 0.321 0.3405 0.3405 0.3405 0.3405 0.3405 0.323 0.323 0.3055 0.3055 0.3055 0.294 0.294 0.3315 0.3315 0.322 0.322 0.3215 0.3215 0.3215 0.31 0.31 0.2995 0.2995 0.3205 0.3205 0.3205 0.316 0.316 0.326 0.326 0.3305 0.3305 0.3305 0.3335 0.3335 0.3485 0.3485 0.355 0.355 0.355 0.3485 0.3485 0.3325
0.24 0.247 0.247 0.2715 0.2715 0.2735 0.2735 0.2735 0.2555 0.2555 0.2705 0.2705 0.278 0.278 0.281 0.281 0.281 0.3005 0.3005 0.306 0.306 0.3175 0.3175 0.3175 0.3135 0.3135 0.3075 0.3075 0.325 0.325 0.325 0.3435 0.3435 0.3435 0.3435 0.3445 0.3445 0.3445 0.344 0.344 0.3425 0.3425 0.3345 0.3345 0.3345 0.3255 0.3255 0.3165 0.3165 0.3025 0.3025 0.311 0.311 0.311 0.295 0.295 0.3165 0.3165 0.321 0.321 0.321 0.3425 0.3425 0.3415 0.3415 0.3755 0.3755 0.3755 0.354 0.354 0.347 0.347 0.3555 0.3555 0.3555 0.3685 0.3685 0.3715
0.24 0.247 0.247 0.2715 0.2715 0.2735 0.2735 0.2735 0.2555 0.2555 0.2705 0.2705 0.278 0.278 0.281 0.281 0.281 0.3005 0.3005 0.306 0.306 0.3175 0.3175 0.3175 0.3135 0.3135 0.3075 0.3075 0.325 0.325 0.325 0.3435 0.3435 0.3435 0.3435 0.3445 0.3445 0.3445 0.344 0.344 0.3425 0.3425 0.3345 0.3345 0.3345 0.3255 0.3255 0.3165 0.3165 0.3025 0.3025 0.311 0.311 0.311 0.295 0.295 0.3165 0.3165 0.321 0.321 0.321 0.3425 0.3425 0.3415 0.3415 0.3755 0.3755 0.3755 0.354 0.354 0.347 0.347 0.3555 0.3555 0.3555 0.3685 0.3685 0.3715
0.24 0.247 0.247 0.2715 0.2715 0.2735 0.2735 0.2735 0.2555 0.2555 0.2705 0.2705 0.278 0.278 0.281 0.281 0.281 0.3005 0.3005 0.306 0.306 0.3175 0.3175 0.3175 0.3135 0.3135 0.3075 0.3075 0.325 0.325 0.325 0.3435 0.3435 0.3435 0.3435 0.3445 0.3445 0.3445 0.344 0.344 0.3425 0.3425 0.3345 0.3345 0.3345 0.3255 0.3255 0.3165 0.3165 0.3025 0.3025 0.311 0.311 0.311 0.295 0.295 0.3165 0.3165 0.321 0.321 0.321 0.3425 0.3425 0.3415 0.3415 0.3755 0.3755 0.3755 0.354 0.354 0.347 0.347 0.3555 0.3555 0.3555 0.3685 0.3685 0.3715
