ndvi/NOAA-19.asc
ncols         252
nrows         154
xllcorner     -18.017974
yllcorner     13.481982
cellsize      0.035948
NODATA_value  -9999
[rows 0 to 34 of 154, columns 77 to 153 of 252]
0.096 0.096 0.09450001 0.09450001 0.09 0.09 0.0885 0.0885 0.0885 0.0865 0.0865 0.09900001 0.09900001 0.09900001 0.09900001 0.1015 0.1015 0.1015 0.09100001 0.09100001 0.091 0.091 0.095 0.095 0.095 0.0945 0.0945 0.095 0.095 0.091 0.091 0.091 0.0835 0.0835 0.0835 0.0835 0.074 0.074 0.074 0.0755 0.0755 0.084 0.084 0.089 0.089 0.089 0.101 0.101 0.09450001 0.09450001 0.087 0.087 0.08750001 0.08750001 0.08750001 0.0915 0.0915 0.1015 0.1015 0.097 0.097 0.097 0.09999999 0.09999999 0.0985 0.0985 0.098 0.098 0.098 0.094 0.094 0.0995 0.0995 0.0975 0.0975 0.0975 0.0975
0.096 0.096 0.09450001 0.09450001 0.09 0.09 0.0885 0.0885 0.0885 0.0865 0.0865 0.09900001 0.09900001 0.09900001 0.09900001 0.1015 0.1015 0.1015 0.09100001 0.09100001 0.091 0.091 0.095 0.095 0.095 0.0945 0.0945 0.095 0.095 0.091 0.091 0.091 0.0835 0.0835 0.0835 0.0835 0.074 0.074 0.074 0.0755 0.0755 0.084 0.084 0.089 0.089 0.089 0.101 0.101 0.09450001 0.09450001 0.087 0.087 0.08750001 0.08750001 0.08750001 0.0915 0.0915 0.1015 0.1015 0.097 0.097 0.097 0.09999999 0.09999999 0.0985 0.0985 0.098 0.098 0.098 0.094 0.094 0.0995 0.0995 0.0975 0.0975 0.0975 0.0975
0.099 0.099 0.099 0.099 0.0975 0.0975 0.0935 0.0935 0.0935 0.1065 0.1065 0.1 0.1 0.1035 0.1035 0.0995 0.0995 0.0995 0.089 0.089 0.0985 0.0985 0.0925 0.0925 0.0925 0.0905 0.0905 0.09 0.09 0.0855 0.0855 0.0855 0.0805 0.0805 0.0795 0.0795 0.083 0.083 0.083 0.0825 0.0825 0.0825 0.0825 0.08400001 0.08400001 0.08400001 0.0885 0.0885 0.0945 0.0945 0.098 0.098 0.105 0.105 0.105 0.104 0.104 0.1025 0.1025 0.101 0.101 0.101 0.1075 0.1075 0.103 0.103 0.102 0.102 0.102 0.1 0.1 0.101 0.101 0.0935 0.0935 0.0935 0.097
0.099 0.099 0.099 0.099 0.0975 0.0975 0.0935 0.0935 0.0935 0.1065 0.1065 0.1 0.1 0.1035 0.1035 0.0995 0.0995 0.0995 0.089 0.089 0.0985 0.0985 0.0925 0.0925 0.0925 0.0905 0.0905 0.09 0.09 0.0855 0.0855 0.0855 0.0805 0.0805 0.0795 0.0795 0.083 0.083 0.083 0.0825 0.0825 0.0825 0.0825 0.08400001 0.08400001 0.08400001 0.0885 0.0885 0.0945 0.0945 0.098 0.098 0.105 0.105 0.105 0.104 0.104 0.1025 0.1025 0.101 0.101 0.101 0.1075 0.1075 0.103 0.103 0.102 0.102 0.102 0.1 0.1 0.101 0.101 0.0935 0.0935 0.0935 0.097
0.099 0.099 0.099 0.099 0.0975 0.0975 0.0935 0.0935 0.0935 0.1065 0.1065 0.1 0.1 0.1035 0.1035 0.0995 0.0995 0.0995 0.089 0.089 0.0985 0.0985 0.0925 0.0925 0.0925 0.0905 0.0905 0.09 0.09 0.0855 0.0855 0.0855 0.0805 0.0805 0.0795 0.0795 0.083 0.083 0.083 0.0825 0.0825 0.0825 0.0825 0.08400001 0.08400001 0.08400001 0.0885 0.0885 0.0945 0.0945 0.098 0.098 0.105 0.105 0.105 0.104 0.104 0.1025 0.1025 0.101 0.101 0.101 0.1075 0.1075 0.103 0.103 0.102 0.102 0.102 0.1 0.1 0.101 0.101 0.0935 0.0935 0.0935 0.097
0.0935 0.0935 0.098 0.098 0.1005 0.1005 0.0925 0.0925 0.0925 0.102 0.102 0.1035 0.1035 0.101 0.101 0.0925 0.0925 0.0925 0.093 0.093 0.0925 0.0925 0.0885 0.0885 0.0885 0.084 0.084 0.087 0.087 0.0815 0.0815 0.0815 0.079 0.079 0.0775 0.0775 0.0805 0.0805 0.0805 0.08149999 0.08149999 0.085 0.085 0.0935 0.0935 0.0935 0.09450001 0.09450001 0.1025 0.1025 0.0965 0.0965 0.1035 0.1035 0.1035 0.106 0.106 0.108 0.108 0.1035 0.1035 0.1035 0.105 0.105 0.1005 0.1005 0.1005 0.1005 0.1005 0.102 0.102 0.099 0.099 0.1025 0.1025 0.1025 0.097
0.0935 0.0935 0.098 0.098 0.1005 0.1005 0.0925 0.0925 0.0925 0.102 0.102 0.1035 0.1035 0.101 0.101 0.0925 0.0925 0.0925 0.093 0.093 0.0925 0.0925 0.0885 0.0885 0.0885 0.084 0.084 0.087 0.087 0.0815 0.0815 0.0815 0.079 0.079 0.0775 0.0775 0.0805 0.0805 0.0805 0.08149999 0.08149999 0.085 0.085 0.0935 0.0935 0.0935 0.09450001 0.09450001 0.1025 0.1025 0.0965 0.0965 0.1035 0.1035 0.1035 0.106 0.106 0.108 0.108 0.1035 0.1035 0.1035 0.105 0.105 0.1005 0.1005 0.1005 0.1005 0.1005 0.102 0.102 0.099 0.099 0.1025 0.1025 0.1025 0.097
0.09 0.09 0.09550001 0.09550001 0.094 0.094 0.0995 0.0995 0.0995 0.1025 0.1025 0.1015 0.1015 0.1 0.1 0.0935 0.0935 0.0935 0.094 0.094 0.0895 0.0895 0.087 0.087 0.087 0.0835 0.0835 0.08400001 0.08400001 0.086 0.086 0.086 0.0935 0.0935 0.091 0.091 0.086 0.086 0.086 0.0855 0.0855 0.088 0.088 0.0945 0.0945 0.0945 0.0995 0.0995 0.104 0.104 0.106 0.106 0.11 0.11 0.11 0.1055 0.1055 0.104 0.104 0.1065 0.1065 0.1065 0.1045 0.1045 0.101 0.101 0.1055 0.1055 0.1055 0.099 0.099 0.1055 0.1055 0.1035 0.1035 0.1035 0.1055
0.09 0.09 0.09550001 0.09550001 0.094 0.094 0.0995 0.0995 0.0995 0.1025 0.1025 0.1015 0.1015 0.1 0.1 0.0935 0.0935 0.0935 0.094 0.094 0.0895 0.0895 0.087 0.087 0.087 0.0835 0.0835 0.08400001 0.08400001 0.086 0.086 0.086 0.0935 0.0935 0.091 0.091 0.086 0.086 0.086 0.0855 0.0855 0.088 0.088 0.0945 0.0945 0.0945 0.0995 0.0995 0.104 0.104 0.106 0.106 0.11 0.11 0.11 0.1055 0.1055 0.104 0.104 0.1065 0.1065 0.1065 0.1045 0.1045 0.101 0.101 0.1055 0.1055 0.1055 0.099 0.099 0.1055 0.1055 0.1035 0.1035 0.1035 0.1055
0.089 0.089 0.08400001 0.08400001 0.0825 0.0825 0.1015 0.1015 0.1015 0.103 0.103 0.103 0.103 0.09450001 0.09450001 0.092 0.092 0.092 0.093 0.093 0.086 0.086 0.094 0.094 0.094 0.0935 0.0935 0.096 0.096 0.09450001 0.09450001 0.09450001 0.0915 0.0915 0.0915 0.0915 0.0915 0.0915 0.0915 0.09299999 0.09299999 0.097 0.097 0.1005 0.1005 0.1005 0.101 0.101 0.1045 0.1045 0.1025 0.1025 0.111 0.111 0.111 0.1095 0.1095 0.113 0.113 0.1105 0.1105 0.1105 0.107 0.107 0.1075 0.1075 0.1055 0.1055 0.1055 0.102 0.102 0.1065 0.1065 0.108 0.108 0.108 0.109
0.089 0.089 0.08400001 0.08400001 0.0825 0.0825 0.1015 0.1015 0.1015 0.103 0.103 0.103 0.103 0.09450001 0.09450001 0.092 0.092 0.092 0.093 0.093 0.086 0.086 0.094 0.094 0.094 0.0935 0.0935 0.096 0.096 0.09450001 0.09450001 0.09450001 0.0915 0.0915 0.0915 0.0915 0.0915 0.0915 0.0915 0.09299999 0.09299999 0.097 0.097 0.1005 0.1005 0.1005 0.101 0.101 0.1045 0.1045 0.1025 0.1025 0.111 0.111 0.111 0.1095 0.1095 0.113 0.113 0.1105 0.1105 0.1105 0.107 0.107 0.1075 0.1075 0.1055 0.1055 0.1055 0.102 0.102 0.1065 0.1065 0.108 0.108 0.108 0.109
0.0925 0.0925 0.0905 0.0905 0.09649999 0.09649999 0.103 0.103 0.103 0.1085 0.1085 0.0905 0.0905 0.0925 0.0925 0.089 0.089 0.089 0.095 0.095 0.092 0.092 0.092 0.092 0.092 0.0935 0.0935 0.0935 0.0935 0.094 0.094 0.094 0.098 0.098 0.101 0.101 0.0995 0.0995 0.0995 0.104 0.104 0.1055 0.1055 0.1045 0.1045 0.1045 0.1015 0.1015 0.106 0.106 0.108 0.108 0.118 0.118 0.118 0.117 0.117 0.112 0.112 0.1125 0.1125 0.1125 0.1165 0.1165 0.1145 0.1145 0.1095 0.1095 0.1095 0.1065 0.1065 0.111 0.111 0.1085 0.1085 0.1085 0.11
0.0925 0.0925 0.0905 0.0905 0.09649999 0.09649999 0.103 0.103 0.103 0.1085 0.1085 0.0905 0.0905 0.0925 0.0925 0.089 0.089 0.089 0.095 0.095 0.092 0.092 0.092 0.092 0.092 0.0935 0.0935 0.0935 0.0935 0.094 0.094 0.094 0.098 0.098 0.101 0.101 0.0995 0.0995 0.0995 0.104 0.104 0.1055 0.1055 0.1045 0.1045 0.1045 0.1015 0.1015 0.106 0.106 0.108 0.108 0.118 0.118 0.118 0.117 0.117 0.112 0.112 0.1125 0.1125 0.1125 0.1165 0.1165 0.1145 0.1145 0.1095 0.1095 0.1095 0.1065 0.1065 0.111 0.111 0.1085 0.1085 0.1085 0.11
0.0925 0.0925 0.0905 0.0905 0.09649999 0.09649999 0.103 0.103 0.103 0.1085 0.1085 0.0905 0.0905 0.0925 0.0925 0.089 0.089 0.089 0.095 0.095 0.092 0.092 0.092 0.092 0.092 0.0935 0.0935 0.0935 0.0935 0.094 0.094 0.094 0.098 0.098 0.101 0.101 0.0995 0.0995 0.0995 0.104 0.104 0.1055 0.1055 0.1045 0.1045 0.1045 0.1015 0.1015 0.106 0.106 0.108 0.108 0.118 0.118 0.118 0.117 0.117 0.112 0.112 0.1125 0.1125 0.1125 0.1165 0.1165 0.1145 0.1145 0.1095 0.1095 0.1095 0.1065 0.1065 0.111 0.111 0.1085 0.1085 0.1085 0.11
0.092 0.092 0.0935 0.0935 0.0995 0.0995 0.095 0.095 0.095 0.1035 0.1035 0.094 0.094 0.0965 0.0965 0.096 0.096 0.096 0.094 0.094 0.092 0.092 0.0935 0.0935 0.0935 0.0955 0.0955 0.0925 0.0925 0.096 0.096 0.096 0.1005 0.1005 0.09999999 0.09999999 0.0985 0.0985 0.0985 0.0995 0.0995 0.099 0.099 0.101 0.101 0.101 0.1085 0.1085 0.1125 0.1125 0.113 0.113 0.1125 0.1125 0.1125 0.122 0.122 0.1185 0.1185 0.1175 0.1175 0.1175 0.1175 0.1175 0.113 0.113 0.109 0.109 0.109 0.108 0.108 0.1095 0.1095 0.113 0.113 0.113 0.1105
0.092 0.092 0.0935 0.0935 0.0995 0.0995 0.095 0.095 0.095 0.1035 0.1035 0.094 0.094 0.0965 0.0965 0.096 0.096 0.096 0.094 0.094 0.092 0.092 0.0935 0.0935 0.0935 0.0955 0.0955 0.0925 0.0925 0.096 0.096 0.096 0.1005 0.1005 0.09999999 0.09999999 0.0985 0.0985 0.0985 0.0995 0.0995 0.099 0.099 0.101 0.101 0.101 0.1085 0.1085 0.1125 0.1125 0.113 0.113 0.1125 0.1125 0.1125 0.122 0.122 0.1185 0.1185 0.1175 0.1175 0.1175 0.1175 0.1175 0.113 0.113 0.109 0.109 0.109 0.108 0.108 0.1095 0.1095 0.113 0.113 0.113 0.1105
0.094 0.094 0.0985 0.0985 0.103 0.103 0.0945 0.0945 0.0945 0.09649999 0.09649999 0.097 0.097 0.1015 0.1015 0.101 0.101 0.101 0.101 0.101 0.095 0.095 0.0995 0.0995 0.0995 0.094 0.094 0.0915 0.0915 0.0995 0.0995 0.0995 0.09999999 0.09999999 0.099 0.099 0.1005 0.1005 0.1005 0.1005 0.1005 0.098 0.098 0.097 0.097 0.097 0.109 0.109 0.109 0.109 0.1105 0.1105 0.1125 0.1125 0.1125 0.1135 0.1135 0.1165 0.1165 0.12 0.12 0.12 0.119 0.119 0.1095 0.1095 0.109 0.109 0.109 0.108 0.108 0.104 0.104 0.11 0.11 0.11 0.11
0.094 0.094 0.0985 0.0985 0.103 0.103 0.0945 0.0945 0.0945 0.09649999 0.09649999 0.097 0.097 0.1015 0.1015 0.101 0.101 0.101 0.101 0.101 0.095 0.095 0.0995 0.0995 0.0995 0.094 0.094 0.0915 0.0915 0.0995 0.0995 0.0995 0.09999999 0.09999999 0.099 0.099 0.1005 0.1005 0.1005 0.1005 0.1005 0.098 0.098 0.097 0.097 0.097 0.109 0.109 0.109 0.109 0.1105 0.1105 0.1125 0.1125 0.1125 0.1135 0.1135 0.1165 0.1165 0.12 0.12 0.12 0.119 0.119 0.1095 0.1095 0.109 0.109 0.109 0.108 0.108 0.104 0.104 0.11 0.11 0.11 0.11
0.096 0.096 0.102 0.102 0.108 0.108 0.094 0.094 0.094 0.09450001 0.09450001 0.0985 0.0985 0.101 0.101 0.097 0.097 0.097 0.0955 0.0955 0.095 0.095 0.09450001 0.09450001 0.09450001 0.09450001 0.09450001 0.1005 0.1005 0.1035 0.1035 0.1035 0.109 0.109 0.1075 0.1075 0.101 0.101 0.101 0.1015 0.1015 0.0975 0.0975 0.1025 0.1025 0.1025 0.108 0.108 0.1085 0.1085 0.1055 0.1055 0.1045 0.1045 0.1045 0.1145 0.1145 0.1195 0.1195 0.122 0.122 0.122 0.116 0.116 0.113 0.113 0.1115 0.1115 0.1115 0.1185 0.1185 0.113 0.113 0.1045 0.1045 0.1045 0.107
0.096 0.096 0.102 0.102 0.108 0.108 0.094 0.094 0.094 0.09450001 0.09450001 0.0985 0.0985 0.101 0.101 0.097 0.097 0.097 0.0955 0.0955 0.095 0.095 0.09450001 0.09450001 0.09450001 0.09450001 0.09450001 0.1005 0.1005 0.1035 0.1035 0.1035 0.109 0.109 0.1075 0.1075 0.101 0.101 0.101 0.1015 0.1015 0.0975 0.0975 0.1025 0.1025 0.1025 0.108 0.108 0.1085 0.1085 0.1055 0.1055 0.1045 0.1045 0.1045 0.1145 0.1145 0.1195 0.1195 0.122 0.122 0.122 0.116 0.116 0.113 0.113 0.1115 0.1115 0.1115 0.1185 0.1185 0.113 0.113 0.1045 0.1045 0.1045 0.107
0.096 0.096 0.102 0.102 0.108 0.108 0.094 0.094 0.094 0.09450001 0.09450001 0.0985 0.0985 0.101 0.101 0.097 0.097 0.097 0.0955 0.0955 0.095 0.095 0.09450001 0.09450001 0.09450001 0.09450001 0.09450001 0.1005 0.1005 0.1035 0.1035 0.1035 0.109 0.109 0.1075 0.1075 0.101 0.101 0.101 0.1015 0.1015 0.0975 0.0975 0.1025 0.1025 0.1025 0.108 0.108 0.1085 0.1085 0.1055 0.1055 0.1045 0.1045 0.1045 0.1145 0.1145 0.1195 0.1195 0.122 0.122 0.122 0.116 0.116 0.113 0.113 0.1115 0.1115 0.1115 0.1185 0.1185 0.113 0.113 0.1045 0.1045 0.1045 0.107
0.099 0.099 0.106 0.106 0.103 0.103 0.097 0.097 0.097 0.094 0.094 0.1 0.1 0.1025 0.1025 0.0985 0.0985 0.0985 0.099 0.099 0.1035 0.1035 0.0995 0.0995 0.0995 0.1005 0.1005 0.107 0.107 0.1155 0.1155 0.1155 0.1115 0.1115 0.11 0.11 0.1045 0.1045 0.1045 0.103 0.103 0.1015 0.1015 0.107 0.107 0.107 0.1085 0.1085 0.107 0.107 0.104 0.104 0.1105 0.1105 0.1105 0.1235 0.1235 0.127 0.127 0.1325 0.1325 0.1325 0.1375 0.1375 0.1185 0.1185 0.1185 0.1185 0.1185 0.1185 0.1185 0.1175 0.1175 0.1185 0.1185 0.1185 0.1035
0.099 0.099 0.106 0.106 0.103 0.103 0.097 0.097 0.097 0.094 0.094 0.1 0.1 0.1025 0.1025 0.0985 0.0985 0.0985 0.099 0.099 0.1035 0.1035 0.0995 0.0995 0.0995 0.1005 0.1005 0.107 0.107 0.1155 0.1155 0.1155 0.1115 0.1115 0.11 0.11 0.1045 0.1045 0.1045 0.103 0.103 0.1015 0.1015 0.107 0.107 0.107 0.1085 0.1085 0.107 0.107 0.104 0.104 0.1105 0.1105 0.1105 0.1235 0.1235 0.127 0.127 0.1325 0.1325 0.1325 0.1375 0.1375 0.1185 0.1185 0.1185 0.1185 0.1185 0.1185 0.1185 0.1175 0.1175 0.1185 0.1185 0.1185 0.1035
0.103 0.103 0.103 0.103 0.104 0.104 0.108 0.108 0.108 0.1115 0.1115 0.116 0.116 0.126 0.126 0.126 0.126 0.126 0.107 0.107 0.1115 0.1115 0.1075 0.1075 0.1075 0.1075 0.1075 0.1135 0.1135 0.127 0.127 0.127 0.122 0.122 0.1225 0.1225 0.107 0.107 0.107 0.1005 0.1005 0.09999999 0.09999999 0.1055 0.1055 0.1055 0.1205 0.1205 0.1145 0.1145 0.113 0.113 0.115 0.115 0.115 0.116 0.116 0.1145 0.1145 0.1335 0.1335 0.1335 0.136 0.136 0.133 0.133 0.1215 0.1215 0.1215 0.122 0.122 0.118 0.118 0.1175 0.1175 0.1175 0.1105
0.103 0.103 0.103 0.103 0.104 0.104 0.108 0.108 0.108 0.1115 0.1115 0.116 0.116 0.126 0.126 0.126 0.126 0.126 0.107 0.107 0.1115 0.1115 0.1075 0.1075 0.1075 0.1075 0.1075 0.1135 0.1135 0.127 0.127 0.127 0.122 0.122 0.1225 0.1225 0.107 0.107 0.107 0.1005 0.1005 0.09999999 0.09999999 0.1055 0.1055 0.1055 0.1205 0.1205 0.1145 0.1145 0.113 0.113 0.115 0.115 0.115 0.116 0.116 0.1145 0.1145 0.1335 0.1335 0.1335 0.136 0.136 0.133 0.133 0.1215 0.1215 0.1215 0.122 0.122 0.118 0.118 0.1175 0.1175 0.1175 0.1105
0.0995 0.0995 0.1075 0.1075 0.1055 0.1055 0.139 0.139 0.139 0.138 0.138 0.14 0.14 0.1325 0.1325 0.1325 0.1325 0.1325 0.114 0.114 0.116 0.116 0.1115 0.1115 0.1115 0.1105 0.1105 0.1075 0.1075 0.1225 0.1225 0.1225 0.106 0.106 0.111 0.111 0.1085 0.1085 0.1085 0.103 0.103 0.101 0.101 0.1205 0.1205 0.1205 0.121 0.121 0.124 0.124 0.1185 0.1185 0.1165 0.1165 0.1165 0.1165 0.1165 0.129 0.129 0.1355 0.1355 0.1355 0.144 0.144 0.148 0.148 0.132 0.132 0.132 0.1235 0.1235 0.1135 0.1135 0.1155 0.1155 0.1155 0.1195
0.0995 0.0995 0.1075 0.1075 0.1055 0.1055 0.139 0.139 0.139 0.138 0.138 0.14 0.14 0.1325 0.1325 0.1325 0.1325 0.1325 0.114 0.114 0.116 0.116 0.1115 0.1115 0.1115 0.1105 0.1105 0.1075 0.1075 0.1225 0.1225 0.1225 0.106 0.106 0.111 0.111 0.1085 0.1085 0.1085 0.103 0.103 0.101 0.101 0.1205 0.1205 0.1205 0.121 0.121 0.124 0.124 0.1185 0.1185 0.1165 0.1165 0.1165 0.1165 0.1165 0.129 0.129 0.1355 0.1355 0.1355 0.144 0.144 0.148 0.148 0.132 0.132 0.132 0.1235 0.1235 0.1135 0.1135 0.1155 0.1155 0.1155 0.1195
0.0995 0.0995 0.1075 0.1075 0.1055 0.1055 0.139 0.139 0.139 0.138 0.138 0.14 0.14 0.1325 0.1325 0.1325 0.1325 0.1325 0.114 0.114 0.116 0.116 0.1115 0.1115 0.1115 0.1105 0.1105 0.1075 0.1075 0.1225 0.1225 0.1225 0.106 0.106 0.111 0.111 0.1085 0.1085 0.1085 0.103 0.103 0.101 0.101 0.1205 0.1205 0.1205 0.121 0.121 0.124 0.124 0.1185 0.1185 0.1165 0.1165 0.1165 0.1165 0.1165 0.129 0.129 0.1355 0.1355 0.1355 0.144 0.144 0.148 0.148 0.132 0.132 0.132 0.1235 0.1235 0.1135 0.1135 0.1155 0.1155 0.1155 0.1195
0.1055 0.1055 0.115 0.115 0.1325 0.1325 0.142 0.142 0.142 0.139 0.139 0.142 0.142 0.1425 0.1425 0.153 0.153 0.153 0.1365 0.1365 0.1105 0.1105 0.108 0.108 0.108 0.1105 0.1105 0.1155 0.1155 0.115 0.115 0.115 0.1275 0.1275 0.1145 0.1145 0.1155 0.1155 0.1155 0.1055 0.1055 0.119 0.119 0.125 0.125 0.125 0.127 0.127 0.1235 0.1235 0.12 0.12 0.1155 0.1155 0.1155 0.125 0.125 0.133 0.133 0.1405 0.1405 0.1405 0.1415 0.1415 0.139 0.139 0.1325 0.1325 0.1325 0.126 0.126 0.116 0.116 0.1145 0.1145 0.1145 0.115
0.1055 0.1055 0.115 0.115 0.1325 0.1325 0.142 0.142 0.142 0.139 0.139 0.142 0.142 0.1425 0.1425 0.153 0.153 0.153 0.1365 0.1365 0.1105 0.1105 0.108 0.108 0.108 0.1105 0.1105 0.1155 0.1155 0.115 0.115 0.115 0.1275 0.1275 0.1145 0.1145 0.1155 0.1155 0.1155 0.1055 0.1055 0.119 0.119 0.125 0.125 0.125 0.127 0.127 0.1235 0.1235 0.12 0.12 0.1155 0.1155 0.1155 0.125 0.125 0.133 0.133 0.1405 0.1405 0.1405 0.1415 0.1415 0.139 0.139 0.1325 0.1325 0.1325 0.126 0.126 0.116 0.116 0.1145 0.1145 0.1145 0.115
0.14 0.14 0.1195 0.1195 0.129 0.129 0.1295 0.1295 0.1295 0.1415 0.1415 0.149 0.149 0.156 0.156 0.1635 0.1635 0.1635 0.1525 0.1525 0.1375 0.1375 0.1305 0.1305 0.1305 0.13 0.13 0.1175 0.1175 0.121 0.121 0.121 0.117 0.117 0.1315 0.1315 0.1295 0.1295 0.1295 0.113 0.113 0.126 0.126 0.132 0.132 0.132 0.13 0.13 0.1365 0.1365 0.1475 0.1475 0.141 0.141 0.141 0.143 0.143 0.145 0.145 0.1495 0.1495 0.1495 0.143 0.143 0.1375 0.1375 0.1285 0.1285 0.1285 0.111 0.111 0.1145 0.1145 0.1135 0.1135 0.1135 0.1275
0.14 0.14 0.1195 0.1195 0.129 0.129 0.1295 0.1295 0.1295 0.1415 0.1415 0.149 0.149 0.156 0.156 0.1635 0.1635 0.1635 0.1525 0.1525 0.1375 0.1375 0.1305 0.1305 0.1305 0.13 0.13 0.1175 0.1175 0.121 0.121 0.121 0.117 0.117 0.1315 0.1315 0.1295 0.1295 0.1295 0.113 0.113 0.126 0.126 0.132 0.132 0.132 0.13 0.13 0.1365 0.1365 0.1475 0.1475 0.141 0.141 0.141 0.143 0.143 0.145 0.145 0.1495 0.1495 0.1495 0.143 0.143 0.1375 0.1375 0.1285 0.1285 0.1285 0.111 0.111 0.1145 0.1145 0.1135 0.1135 0.1135 0.1275
0.147 0.147 0.145 0.145 0.1135 0.1135 0.111 0.111 0.111 0.125 0.125 0.1375 0.1375 0.159 0.159 0.1505 0.1505 0.1505 0.1455 0.1455 0.151 0.151 0.1515 0.1515 0.1515 0.1495 0.1495 0.145 0.145 0.1425 0.1425 0.1425 0.139 0.139 0.139 0.139 0.133 0.133 0.133 0.132 0.132 0.134 0.134 0.1565 0.1565 0.1565 0.155 0.155 0.154 0.154 0.154 0.154 0.148 0.148 0.148 0.145 0.145 0.144 0.144 0.135 0.135 0.135 0.137 0.137 0.1385 0.1385 0.1465 0.1465 0.1465 0.139 0.139 0.123 0.123 0.127 0.127 0.127 0.1365
0.147 0.147 0.145 0.145 0.1135 0.1135 0.111 0.111 0.111 0.125 0.125 0.1375 0.1375 0.159 0.159 0.1505 0.1505 0.1505 0.1455 0.1455 0.151 0.151 0.1515 0.1515 0.1515 0.1495 0.1495 0.145 0.145 0.1425 0.1425 0.1425 0.139 0.139 0.139 0.139 0.133 0.133 0.133 0.132 0.132 0.134 0.134 0.1565 0.1565 0.1565 0.155 0.155 0.154 0.154 0.154 0.154 0.148 0.148 0.148 0.145 0.145 0.144 0.144 0.135 0.135 0.135 0.137 0.137 0.1385 0.1385 0.1465 0.1465 0.1465 0.139 0.139 0.123 0.123 0.127 0.127 0.127 0.1365
0.1535 0.1535 0.1475 0.1475 0.144 0.144 0.1365 0.1365 0.1365 0.1375 0.1375 0.1335 0.1335 0.136 0.136 0.1455 0.1455 0.1455 0.1495 0.1495 0.152 0.152 0.157 0.157 0.157 0.153 0.153 0.157 0.157 0.154 0.154 0.154 0.1695 0.1695 0.164 0.164 0.159 0.159 0.159 0.1585 0.1585 0.1695 0.1695 0.1715 0.1715 0.1715 0.1585 0.1585 0.152 0.152 0.1555 0.1555 0.1485 0.1485 0.1485 0.1435 0.1435 0.142 0.142 0.1305 0.1305 0.1305 0.135 0.135 0.149 0.149 0.1555 0.1555 0.1555 0.15 0.15 0.134 0.134 0.1245 0.1245 0.1245 0.1285
