ndvi/NOAA-207.asc
ncols         252
nrows         154
xllcorner     -18.017974
yllcorner     13.481982
cellsize      0.035948
NODATA_value  -9999
[rows 0 to 33 of 154, columns 78 to 155 of 252]
0.1 0.101 0.101 0.103 0.103 0.1035 0.1035 0.1035 0.1025 0.1025 0.1035 0.1035 0.105 0.105 0.106 0.106 0.106 0.101 0.101 0.102 0.102 0.0985 0.0985 0.0985 0.0975 0.0975 0.099 0.099 0.09100001 0.09100001 0.09100001 0.096 0.096 0.0935 0.0935 0.0895 0.0895 0.0895 0.089 0.089 0.0935 0.0935 0.091 0.091 0.091 0.0915 0.0915 0.09100001 0.09100001 0.1 0.1 0.095 0.095 0.095 0.098 0.098 0.099 0.099 0.1025 0.1025 0.1025 0.1015 0.1015 0.1025 0.1025 0.105 0.105 0.105 0.0995 0.0995 0.09450001 0.09450001 0.097 0.097 0.097 0.1 0.1 0.0945
0.1 0.101 0.101 0.103 0.103 0.1035 0.1035 0.1035 0.1025 0.1025 0.1035 0.1035 0.105 0.105 0.106 0.106 0.106 0.101 0.101 0.102 0.102 0.0985 0.0985 0.0985 0.0975 0.0975 0.099 0.099 0.09100001 0.09100001 0.09100001 0.096 0.096 0.0935 0.0935 0.0895 0.0895 0.0895 0.089 0.089 0.0935 0.0935 0.091 0.091 0.091 0.0915 0.0915 0.09100001 0.09100001 0.1 0.1 0.095 0.095 0.095 0.098 0.098 0.099 0.099 0.1025 0.1025 0.1025 0.1015 0.1015 0.1025 0.1025 0.105 0.105 0.105 0.0995 0.0995 0.09450001 0.09450001 0.097 0.097 0.097 0.1 0.1 0.0945
0.103 0.103 0.103 0.103 0.103 0.1075 0.1075 0.1075 0.1015 0.1015 0.1055 0.1055 0.104 0.104 0.106 0.106 0.106 0.1055 0.1055 0.106 0.106 0.098 0.098 0.098 0.101 0.101 0.1005 0.1005 0.0945 0.0945 0.0945 0.09100001 0.09100001 0.088 0.088 0.094 0.094 0.094 0.086 0.086 0.0855 0.0855 0.0875 0.0875 0.0875 0.097 0.097 0.104 0.104 0.103 0.103 0.1065 0.1065 0.1065 0.11 0.11 0.1095 0.1095 0.106 0.106 0.106 0.105 0.105 0.105 0.105 0.1 0.1 0.1 0.098 0.098 0.0975 0.0975 0.09649999 0.09649999 0.09649999 0.0955 0.0955 0.098
0.103 0.103 0.103 0.103 0.103 0.1075 0.1075 0.1075 0.1015 0.1015 0.1055 0.1055 0.104 0.104 0.106 0.106 0.106 0.1055 0.1055 0.106 0.106 0.098 0.098 0.098 0.101 0.101 0.1005 0.1005 0.0945 0.0945 0.0945 0.09100001 0.09100001 0.088 0.088 0.094 0.094 0.094 0.086 0.086 0.0855 0.0855 0.0875 0.0875 0.0875 0.097 0.097 0.104 0.104 0.103 0.103 0.1065 0.1065 0.1065 0.11 0.11 0.1095 0.1095 0.106 0.106 0.106 0.105 0.105 0.105 0.105 0.1 0.1 0.1 0.098 0.098 0.0975 0.0975 0.09649999 0.09649999 0.09649999 0.0955 0.0955 0.098
0.103 0.103 0.103 0.103 0.103 0.1075 0.1075 0.1075 0.1015 0.1015 0.1055 0.1055 0.104 0.104 0.106 0.106 0.106 0.1055 0.1055 0.106 0.106 0.098 0.098 0.098 0.101 0.101 0.1005 0.1005 0.0945 0.0945 0.0945 0.09100001 0.09100001 0.088 0.088 0.094 0.094 0.094 0.086 0.086 0.0855 0.0855 0.0875 0.0875 0.0875 0.097 0.097 0.104 0.104 0.103 0.103 0.1065 0.1065 0.1065 0.11 0.11 0.1095 0.1095 0.106 0.106 0.106 0.105 0.105 0.105 0.105 0.1 0.1 0.1 0.098 0.098 0.0975 0.0975 0.09649999 0.09649999 0.09649999 0.0955 0.0955 0.098
0.1035 0.104 0.104 0.106 0.106 0.1035 0.1035 0.1035 0.107 0.107 0.106 0.106 0.107 0.107 0.1055 0.1055 0.1055 0.1035 0.1035 0.099 0.099 0.102 0.102 0.102 0.09299999 0.09299999 0.094 0.094 0.094 0.094 0.094 0.0895 0.0895 0.0835 0.0835 0.0925 0.0925 0.0925 0.09450001 0.09450001 0.0885 0.0885 0.0975 0.0975 0.0975 0.098 0.098 0.108 0.108 0.1075 0.1075 0.108 0.108 0.108 0.106 0.106 0.105 0.105 0.1035 0.1035 0.1035 0.105 0.105 0.109 0.109 0.1035 0.1035 0.1035 0.1065 0.1065 0.104 0.104 0.1015 0.1015 0.1015 0.1055 0.1055 0.1045
0.1035 0.104 0.104 0.106 0.106 0.1035 0.1035 0.1035 0.107 0.107 0.106 0.106 0.107 0.107 0.1055 0.1055 0.1055 0.1035 0.1035 0.099 0.099 0.102 0.102 0.102 0.09299999 0.09299999 0.094 0.094 0.094 0.094 0.094 0.0895 0.0895 0.0835 0.0835 0.0925 0.0925 0.0925 0.09450001 0.09450001 0.0885 0.0885 0.0975 0.0975 0.0975 0.098 0.098 0.108 0.108 0.1075 0.1075 0.108 0.108 0.108 0.106 0.106 0.105 0.105 0.1035 0.1035 0.1035 0.105 0.105 0.109 0.109 0.1035 0.1035 0.1035 0.1065 0.1065 0.104 0.104 0.1015 0.1015 0.1015 0.1055 0.1055 0.1045
0.106 0.104 0.104 0.101 0.101 0.1055 0.1055 0.1055 0.1085 0.1085 0.108 0.108 0.105 0.105 0.1035 0.1035 0.1035 0.1075 0.1075 0.1015 0.1015 0.1005 0.1005 0.1005 0.0985 0.0985 0.0955 0.0955 0.09 0.09 0.09 0.104 0.104 0.1005 0.1005 0.09649999 0.09649999 0.09649999 0.094 0.094 0.101 0.101 0.11 0.11 0.11 0.1115 0.1115 0.114 0.114 0.1095 0.1095 0.1085 0.1085 0.1085 0.1115 0.1115 0.1095 0.1095 0.107 0.107 0.107 0.109 0.109 0.1035 0.1035 0.1015 0.1015 0.1015 0.107 0.107 0.104 0.104 0.1085 0.1085 0.1085 0.103 0.103 0.1045
0.106 0.104 0.104 0.101 0.101 0.1055 0.1055 0.1055 0.1085 0.1085 0.108 0.108 0.105 0.105 0.1035 0.1035 0.1035 0.1075 0.1075 0.1015 0.1015 0.1005 0.1005 0.1005 0.0985 0.0985 0.0955 0.0955 0.09 0.09 0.09 0.104 0.104 0.1005 0.1005 0.09649999 0.09649999 0.09649999 0.094 0.094 0.101 0.101 0.11 0.11 0.11 0.1115 0.1115 0.114 0.114 0.1095 0.1095 0.1085 0.1085 0.1085 0.1115 0.1115 0.1095 0.1095 0.107 0.107 0.107 0.109 0.109 0.1035 0.1035 0.1015 0.1015 0.1015 0.107 0.107 0.104 0.104 0.1085 0.1085 0.1085 0.103 0.103 0.1045
0.101 0.106 0.106 0.1065 0.1065 0.113 0.113 0.113 0.107 0.107 0.104 0.104 0.1115 0.1115 0.1075 0.1075 0.1075 0.09649999 0.09649999 0.1025 0.1025 0.0995 0.0995 0.0995 0.1135 0.1135 0.1085 0.1085 0.108 0.108 0.108 0.1075 0.1075 0.112 0.112 0.1045 0.1045 0.1045 0.1005 0.1005 0.1065 0.1065 0.115 0.115 0.115 0.1195 0.1195 0.1175 0.1175 0.1145 0.1145 0.115 0.115 0.115 0.1105 0.1105 0.109 0.109 0.1075 0.1075 0.1075 0.1115 0.1115 0.104 0.104 0.11 0.11 0.11 0.107 0.107 0.106 0.106 0.1055 0.1055 0.1055 0.1055 0.1055 0.1165
0.101 0.106 0.106 0.1065 0.1065 0.113 0.113 0.113 0.107 0.107 0.104 0.104 0.1115 0.1115 0.1075 0.1075 0.1075 0.09649999 0.09649999 0.1025 0.1025 0.0995 0.0995 0.0995 0.1135 0.1135 0.1085 0.1085 0.108 0.108 0.108 0.1075 0.1075 0.112 0.112 0.1045 0.1045 0.1045 0.1005 0.1005 0.1065 0.1065 0.115 0.115 0.115 0.1195 0.1195 0.1175 0.1175 0.1145 0.1145 0.115 0.115 0.115 0.1105 0.1105 0.109 0.109 0.1075 0.1075 0.1075 0.1115 0.1115 0.104 0.104 0.11 0.11 0.11 0.107 0.107 0.106 0.106 0.1055 0.1055 0.1055 0.1055 0.1055 0.1165
0.1085 0.1085 0.1085 0.1095 0.1095 0.1095 0.1095 0.1095 0.11 0.11 0.106 0.106 0.109 0.109 0.1085 0.1085 0.1085 0.11 0.11 0.1065 0.1065 0.109 0.109 0.109 0.1095 0.1095 0.1055 0.1055 0.108 0.108 0.108 0.109 0.109 0.108 0.108 0.108 0.108 0.108 0.1085 0.1085 0.1165 0.1165 0.1245 0.1245 0.1245 0.1185 0.1185 0.12 0.12 0.1205 0.1205 0.1205 0.1205 0.1205 0.1165 0.1165 0.116 0.116 0.115 0.115 0.115 0.1135 0.1135 0.112 0.112 0.11 0.11 0.11 0.113 0.113 0.108 0.108 0.109 0.109 0.109 0.115 0.115 0.1145
0.1085 0.1085 0.1085 0.1095 0.1095 0.1095 0.1095 0.1095 0.11 0.11 0.106 0.106 0.109 0.109 0.1085 0.1085 0.1085 0.11 0.11 0.1065 0.1065 0.109 0.109 0.109 0.1095 0.1095 0.1055 0.1055 0.108 0.108 0.108 0.109 0.109 0.108 0.108 0.108 0.108 0.108 0.1085 0.1085 0.1165 0.1165 0.1245 0.1245 0.1245 0.1185 0.1185 0.12 0.12 0.1205 0.1205 0.1205 0.1205 0.1205 0.1165 0.1165 0.116 0.116 0.115 0.115 0.115 0.1135 0.1135 0.112 0.112 0.11 0.11 0.11 0.113 0.113 0.108 0.108 0.109 0.109 0.109 0.115 0.115 0.1145
0.1085 0.1085 0.1085 0.1095 0.1095 0.1095 0.1095 0.1095 0.11 0.11 0.106 0.106 0.109 0.109 0.1085 0.1085 0.1085 0.11 0.11 0.1065 0.1065 0.109 0.109 0.109 0.1095 0.1095 0.1055 0.1055 0.108 0.108 0.108 0.109 0.109 0.108 0.108 0.108 0.108 0.108 0.1085 0.1085 0.1165 0.1165 0.1245 0.1245 0.1245 0.1185 0.1185 0.12 0.12 0.1205 0.1205 0.1205 0.1205 0.1205 0.1165 0.1165 0.116 0.116 0.115 0.115 0.115 0.1135 0.1135 0.112 0.112 0.11 0.11 0.11 0.113 0.113 0.108 0.108 0.109 0.109 0.109 0.115 0.115 0.1145
0.112 0.111 0.111 0.1135 0.1135 0.109 0.109 0.109 0.109 0.109 0.11 0.11 0.113 0.113 0.1135 0.1135 0.1135 0.1135 0.1135 0.1115 0.1115 0.112 0.112 0.112 0.1095 0.1095 0.109 0.109 0.1075 0.1075 0.1075 0.1055 0.1055 0.108 0.108 0.1035 0.1035 0.1035 0.1075 0.1075 0.113 0.113 0.121 0.121 0.121 0.125 0.125 0.126 0.126 0.126 0.126 0.127 0.127 0.127 0.122 0.122 0.1195 0.1195 0.12 0.12 0.12 0.113 0.113 0.1195 0.1195 0.1165 0.1165 0.1165 0.11 0.11 0.109 0.109 0.115 0.115 0.115 0.1105 0.1105 0.1085
0.112 0.111 0.111 0.1135 0.1135 0.109 0.109 0.109 0.109 0.109 0.11 0.11 0.113 0.113 0.1135 0.1135 0.1135 0.1135 0.1135 0.1115 0.1115 0.112 0.112 0.112 0.1095 0.1095 0.109 0.109 0.1075 0.1075 0.1075 0.1055 0.1055 0.108 0.108 0.1035 0.1035 0.1035 0.1075 0.1075 0.113 0.113 0.121 0.121 0.121 0.125 0.125 0.126 0.126 0.126 0.126 0.127 0.127 0.127 0.122 0.122 0.1195 0.1195 0.12 0.12 0.12 0.113 0.113 0.1195 0.1195 0.1165 0.1165 0.1165 0.11 0.11 0.109 0.109 0.115 0.115 0.115 0.1105 0.1105 0.1085
0.111 0.1125 0.1125 0.1125 0.1125 0.11 0.11 0.11 0.112 0.112 0.1145 0.1145 0.114 0.114 0.1155 0.1155 0.1155 0.114 0.114 0.1095 0.1095 0.112 0.112 0.112 0.113 0.113 0.11 0.11 0.107 0.107 0.107 0.107 0.107 0.107 0.107 0.1045 0.1045 0.1045 0.106 0.106 0.1175 0.1175 0.1235 0.1235 0.1235 0.1265 0.1265 0.129 0.129 0.1235 0.1235 0.125 0.125 0.125 0.126 0.126 0.1275 0.1275 0.132 0.132 0.132 0.1205 0.1205 0.1195 0.1195 0.1155 0.1155 0.1155 0.1055 0.1055 0.108 0.108 0.1125 0.1125 0.1125 0.115 0.115 0.114
0.111 0.1125 0.1125 0.1125 0.1125 0.11 0.11 0.11 0.112 0.112 0.1145 0.1145 0.114 0.114 0.1155 0.1155 0.1155 0.114 0.114 0.1095 0.1095 0.112 0.112 0.112 0.113 0.113 0.11 0.11 0.107 0.107 0.107 0.107 0.107 0.107 0.107 0.1045 0.1045 0.1045 0.106 0.106 0.1175 0.1175 0.1235 0.1235 0.1235 0.1265 0.1265 0.129 0.129 0.1235 0.1235 0.125 0.125 0.125 0.126 0.126 0.1275 0.1275 0.132 0.132 0.132 0.1205 0.1205 0.1195 0.1195 0.1155 0.1155 0.1155 0.1055 0.1055 0.108 0.108 0.1125 0.1125 0.1125 0.115 0.115 0.114
0.11 0.113 0.113 0.111 0.111 0.113 0.113 0.113 0.1155 0.1155 0.115 0.115 0.1185 0.1185 0.1135 0.1135 0.1135 0.113 0.113 0.113 0.113 0.111 0.111 0.111 0.107 0.107 0.1135 0.1135 0.113 0.113 0.113 0.113 0.113 0.1085 0.1085 0.108 0.108 0.108 0.109 0.109 0.116 0.116 0.123 0.123 0.123 0.1275 0.1275 0.13 0.13 0.1255 0.1255 0.121 0.121 0.121 0.118 0.118 0.131 0.131 0.134 0.134 0.134 0.1325 0.1325 0.1205 0.1205 0.115 0.115 0.115 0.112 0.112 0.116 0.116 0.111 0.111 0.111 0.114 0.114 0.134
0.11 0.113 0.113 0.111 0.111 0.113 0.113 0.113 0.1155 0.1155 0.115 0.115 0.1185 0.1185 0.1135 0.1135 0.1135 0.113 0.113 0.113 0.113 0.111 0.111 0.111 0.107 0.107 0.1135 0.1135 0.113 0.113 0.113 0.113 0.113 0.1085 0.1085 0.108 0.108 0.108 0.109 0.109 0.116 0.116 0.123 0.123 0.123 0.1275 0.1275 0.13 0.13 0.1255 0.1255 0.121 0.121 0.121 0.118 0.118 0.131 0.131 0.134 0.134 0.134 0.1325 0.1325 0.1205 0.1205 0.115 0.115 0.115 0.112 0.112 0.116 0.116 0.111 0.111 0.111 0.114 0.114 0.134
0.11 0.113 0.113 0.111 0.111 0.113 0.113 0.113 0.1155 0.1155 0.115 0.115 0.1185 0.1185 0.1135 0.1135 0.1135 0.113 0.113 0.113 0.113 0.111 0.111 0.111 0.107 0.107 0.1135 0.1135 0.113 0.113 0.113 0.113 0.113 0.1085 0.1085 0.108 0.108 0.108 0.109 0.109 0.116 0.116 0.123 0.123 0.123 0.1275 0.1275 0.13 0.13 0.1255 0.1255 0.121 0.121 0.121 0.118 0.118 0.131 0.131 0.134 0.134 0.134 0.1325 0.1325 0.1205 0.1205 0.115 0.115 0.115 0.112 0.112 0.116 0.116 0.111 0.111 0.111 0.114 0.114 0.134
0.1095 0.113 0.113 0.115 0.115 0.1165 0.1165 0.1165 0.1175 0.1175 0.114 0.114 0.112 0.112 0.1145 0.1145 0.1145 0.113 0.113 0.1135 0.1135 0.113 0.113 0.113 0.1135 0.1135 0.116 0.116 0.118 0.118 0.118 0.1165 0.1165 0.1195 0.1195 0.1125 0.1125 0.1125 0.1105 0.1105 0.1395 0.1395 0.142 0.142 0.142 0.136 0.136 0.141 0.141 0.132 0.132 0.1185 0.1185 0.1185 0.1195 0.1195 0.1335 0.1335 0.1395 0.1395 0.1395 0.1405 0.1405 0.125 0.125 0.116 0.116 0.116 0.116 0.116 0.1125 0.1125 0.1155 0.1155 0.1155 0.1245 0.1245 0.1285
0.1095 0.113 0.113 0.115 0.115 0.1165 0.1165 0.1165 0.1175 0.1175 0.114 0.114 0.112 0.112 0.1145 0.1145 0.1145 0.113 0.113 0.1135 0.1135 0.113 0.113 0.113 0.1135 0.1135 0.116 0.116 0.118 0.118 0.118 0.1165 0.1165 0.1195 0.1195 0.1125 0.1125 0.1125 0.1105 0.1105 0.1395 0.1395 0.142 0.142 0.142 0.136 0.136 0.141 0.141 0.132 0.132 0.1185 0.1185 0.1185 0.1195 0.1195 0.1335 0.1335 0.1395 0.1395 0.1395 0.1405 0.1405 0.125 0.125 0.116 0.116 0.116 0.116 0.116 0.1125 0.1125 0.1155 0.1155 0.1155 0.1245 0.1245 0.1285
0.1145 0.1125 0.1125 0.115 0.115 0.1215 0.1215 0.1215 0.1235 0.1235 0.125 0.125 0.1265 0.1265 0.126 0.126 0.126 0.124 0.124 0.1185 0.1185 0.118 0.118 0.118 0.119 0.119 0.1185 0.1185 0.124 0.124 0.124 0.126 0.126 0.119 0.119 0.115 0.115 0.115 0.113 0.113 0.136 0.136 0.1375 0.1375 0.1375 0.1425 0.1425 0.1445 0.1445 0.1345 0.1345 0.1185 0.1185 0.1185 0.114 0.114 0.1215 0.1215 0.135 0.135 0.135 0.1375 0.1375 0.132 0.132 0.1215 0.1215 0.1215 0.116 0.116 0.1155 0.1155 0.1145 0.1145 0.1145 0.116 0.116 0.12
0.1145 0.1125 0.1125 0.115 0.115 0.1215 0.1215 0.1215 0.1235 0.1235 0.125 0.125 0.1265 0.1265 0.126 0.126 0.126 0.124 0.124 0.1185 0.1185 0.118 0.118 0.118 0.119 0.119 0.1185 0.1185 0.124 0.124 0.124 0.126 0.126 0.119 0.119 0.115 0.115 0.115 0.113 0.113 0.136 0.136 0.1375 0.1375 0.1375 0.1425 0.1425 0.1445 0.1445 0.1345 0.1345 0.1185 0.1185 0.1185 0.114 0.114 0.1215 0.1215 0.135 0.135 0.135 0.1375 0.1375 0.132 0.132 0.1215 0.1215 0.1215 0.116 0.116 0.1155 0.1155 0.1145 0.1145 0.1145 0.116 0.116 0.12
0.118 0.119 0.119 0.1225 0.1225 0.128 0.128 0.128 0.13 0.13 0.1345 0.1345 0.131 0.131 0.132 0.132 0.132 0.1265 0.1265 0.1175 0.1175 0.1175 0.1175 0.1175 0.121 0.121 0.1205 0.1205 0.127 0.127 0.127 0.1215 0.1215 0.121 0.121 0.113 0.113 0.113 0.112 0.112 0.137 0.137 0.143 0.143 0.143 0.146 0.146 0.1525 0.1525 0.1395 0.1395 0.1255 0.1255 0.1255 0.1185 0.1185 0.129 0.129 0.129 0.129 0.129 0.1315 0.1315 0.1345 0.1345 0.1325 0.1325 0.1325 0.1145 0.1145 0.116 0.116 0.1075 0.1075 0.1075 0.1125 0.1125 0.1065
0.118 0.119 0.119 0.1225 0.1225 0.128 0.128 0.128 0.13 0.13 0.1345 0.1345 0.131 0.131 0.132 0.132 0.132 0.1265 0.1265 0.1175 0.1175 0.1175 0.1175 0.1175 0.121 0.121 0.1205 0.1205 0.127 0.127 0.127 0.1215 0.1215 0.121 0.121 0.113 0.113 0.113 0.112 0.112 0.137 0.137 0.143 0.143 0.143 0.146 0.146 0.1525 0.1525 0.1395 0.1395 0.1255 0.1255 0.1255 0.1185 0.1185 0.129 0.129 0.129 0.129 0.129 0.1315 0.1315 0.1345 0.1345 0.1325 0.1325 0.1325 0.1145 0.1145 0.116 0.116 0.1075 0.1075 0.1075 0.1125 0.1125 0.1065
0.118 0.119 0.119 0.1225 0.1225 0.128 0.128 0.128 0.13 0.13 0.1345 0.1345 0.131 0.131 0.132 0.132 0.132 0.1265 0.1265 0.1175 0.1175 0.1175 0.1175 0.1175 0.121 0.121 0.1205 0.1205 0.127 0.127 0.127 0.1215 0.1215 0.121 0.121 0.113 0.113 0.113 0.112 0.112 0.137 0.137 0.143 0.143 0.143 0.146 0.146 0.1525 0.1525 0.1395 0.1395 0.1255 0.1255 0.1255 0.1185 0.1185 0.129 0.129 0.129 0.129 0.129 0.1315 0.1315 0.1345 0.1345 0.1325 0.1325 0.1325 0.1145 0.1145 0.116 0.116 0.1075 0.1075 0.1075 0.1125 0.1125 0.1065
0.1235 0.1295 0.1295 0.135 0.135 0.1335 0.1335 0.1335 0.141 0.141 0.1455 0.1455 0.139 0.139 0.1385 0.1385 0.1385 0.128 0.128 0.125 0.125 0.1205 0.1205 0.1205 0.1185 0.1185 0.1225 0.1225 0.1205 0.1205 0.1205 0.125 0.125 0.122 0.122 0.121 0.121 0.121 0.118 0.118 0.1345 0.1345 0.1345 0.1345 0.1345 0.1425 0.1425 0.154 0.154 0.132 0.132 0.132 0.132 0.132 0.123 0.123 0.122 0.122 0.131 0.131 0.131 0.1295 0.1295 0.1315 0.1315 0.1315 0.1315 0.1315 0.1305 0.1305 0.107 0.107 0.1055 0.1055 0.1055 0.11 0.11 0.1205
0.1235 0.1295 0.1295 0.135 0.135 0.1335 0.1335 0.1335 0.141 0.141 0.1455 0.1455 0.139 0.139 0.1385 0.1385 0.1385 0.128 0.128 0.125 0.125 0.1205 0.1205 0.1205 0.1185 0.1185 0.1225 0.1225 0.1205 0.1205 0.1205 0.125 0.125 0.122 0.122 0.121 0.121 0.121 0.118 0.118 0.1345 0.1345 0.1345 0.1345 0.1345 0.1425 0.1425 0.154 0.154 0.132 0.132 0.132 0.132 0.132 0.123 0.123 0.122 0.122 0.131 0.131 0.131 0.1295 0.1295 0.1315 0.1315 0.1315 0.1315 0.1315 0.1305 0.1305 0.107 0.107 0.1055 0.1055 0.1055 0.11 0.11 0.1205
0.139 0.1335 0.1335 0.133 0.133 0.137 0.137 0.137 0.132 0.132 0.137 0.137 0.1395 0.1395 0.145 0.145 0.145 0.1375 0.1375 0.133 0.133 0.122 0.122 0.122 0.1255 0.1255 0.122 0.122 0.126 0.126 0.126 0.1285 0.1285 0.134 0.134 0.137 0.137 0.137 0.1325 0.1325 0.139 0.139 0.1385 0.1385 0.1385 0.138 0.138 0.136 0.136 0.1395 0.1395 0.1405 0.1405 0.1405 0.143 0.143 0.141 0.141 0.1445 0.1445 0.1445 0.1395 0.1395 0.143 0.143 0.1395 0.1395 0.1395 0.12 0.12 0.112 0.112 0.1115 0.1115 0.1115 0.1125 0.1125 0.115
0.139 0.1335 0.1335 0.133 0.133 0.137 0.137 0.137 0.132 0.132 0.137 0.137 0.1395 0.1395 0.145 0.145 0.145 0.1375 0.1375 0.133 0.133 0.122 0.122 0.122 0.1255 0.1255 0.122 0.122 0.126 0.126 0.126 0.1285 0.1285 0.134 0.134 0.137 0.137 0.137 0.1325 0.1325 0.139 0.139 0.1385 0.1385 0.1385 0.138 0.138 0.136 0.136 0.1395 0.1395 0.1405 0.1405 0.1405 0.143 0.143 0.141 0.141 0.1445 0.1445 0.1445 0.1395 0.1395 0.143 0.143 0.1395 0.1395 0.1395 0.12 0.12 0.112 0.112 0.1115 0.1115 0.1115 0.1125 0.1125 0.115
0.139 0.1335 0.1335 0.131 0.131 0.1275 0.1275 0.1275 0.1255 0.1255 0.1395 0.1395 0.143 0.143 0.1395 0.1395 0.1395 0.135 0.135 0.138 0.138 0.1415 0.1415 0.1415 0.1455 0.1455 0.1415 0.1415 0.1375 0.1375 0.1375 0.1365 0.1365 0.14 0.14 0.137 0.137 0.137 0.1365 0.1365 0.1395 0.1395 0.1445 0.1445 0.1445 0.1395 0.1395 0.136 0.136 0.1365 0.1365 0.137 0.137 0.137 0.138 0.138 0.141 0.141 0.1545 0.1545 0.1545 0.1555 0.1555 0.1585 0.1585 0.161 0.161 0.161 0.15 0.15 0.1235 0.1235 0.126 0.126 0.126 0.114 0.114 0.1275
0.139 0.1335 0.1335 0.131 0.131 0.1275 0.1275 0.1275 0.1255 0.1255 0.1395 0.1395 0.143 0.143 0.1395 0.1395 0.1395 0.135 0.135 0.138 0.138 0.1415 0.1415 0.1415 0.1455 0.1455 0.1415 0.1415 0.1375 0.1375 0.1375 0.1365 0.1365 0.14 0.14 0.137 0.137 0.137 0.1365 0.1365 0.1395 0.1395 0.1445 0.1445 0.1445 0.1395 0.1395 0.136 0.136 0.1365 0.1365 0.137 0.137 0.137 0.138 0.138 0.141 0.141 0.1545 0.1545 0.1545 0.1555 0.1555 0.1585 0.1585 0.161 0.161 0.161 0.15 0.15 0.1235 0.1235 0.126 0.126 0.126 0.114 0.114 0.1275
