ndvi/NOAA-131.asc
ncols         252
nrows         154
xllcorner     -18.017974
yllcorner     13.481982
cellsize      0.035948
NODATA_value  -9999
[rows 0 to 34 of 154, columns 154 to 230 of 252]
0.0935 0.08 0.08 0.0955 0.0955 0.0955 0.092 0.092 0.0945 0.0945 0.096 0.096 0.09 0.09 0.09 0.095 0.095 0.098 0.098 0.094 0.094 0.094 0.0945 0.0945 0.095 0.095 0.0915 0.0915 0.0915 0.0895 0.0895 0.098 0.098 0.095 0.095 0.095 0.0925 0.0925 0.088 0.088 0.0855 0.0855 0.0855 0.094 0.094 0.0935 0.0935 0.096 0.096 0.1005 0.1005 0.1005 0.099 0.099 0.0995 0.0995 0.0975 0.0975 0.0975 0.0975 0.0975 0.09450001 0.09450001 0.09450001 0.09450001 0.09450001 0.092 0.092 0.091 0.091 0.087 0.087 0.087 0.0875 0.0875 0.0825 0.0825
0.0935 0.08 0.08 0.0955 0.0955 0.0955 0.092 0.092 0.0945 0.0945 0.096 0.096 0.09 0.09 0.09 0.095 0.095 0.098 0.098 0.094 0.094 0.094 0.0945 0.0945 0.095 0.095 0.0915 0.0915 0.0915 0.0895 0.0895 0.098 0.098 0.095 0.095 0.095 0.0925 0.0925 0.088 0.088 0.0855 0.0855 0.0855 0.094 0.094 0.0935 0.0935 0.096 0.096 0.1005 0.1005 0.1005 0.099 0.099 0.0995 0.0995 0.0975 0.0975 0.0975 0.0975 0.0975 0.09450001 0.09450001 0.09450001 0.09450001 0.09450001 0.092 0.092 0.091 0.091 0.087 0.087 0.087 0.0875 0.0875 0.0825 0.0825
0.093 0.0865 0.0865 0.09299999 0.09299999 0.09299999 0.096 0.096 0.097 0.097 0.0955 0.0955 0.09450001 0.09450001 0.09450001 0.096 0.096 0.0975 0.0975 0.09 0.09 0.09 0.09649999 0.09649999 0.091 0.091 0.096 0.096 0.096 0.101 0.101 0.095 0.095 0.097 0.097 0.097 0.1 0.1 0.1025 0.1025 0.0975 0.0975 0.0975 0.111 0.111 0.1025 0.1025 0.102 0.102 0.1075 0.1075 0.1075 0.1065 0.1065 0.1055 0.1055 0.1055 0.1055 0.1055 0.107 0.107 0.103 0.103 0.092 0.092 0.092 0.0915 0.0915 0.089 0.089 0.088 0.088 0.088 0.089 0.089 0.0825 0.0825
0.093 0.0865 0.0865 0.09299999 0.09299999 0.09299999 0.096 0.096 0.097 0.097 0.0955 0.0955 0.09450001 0.09450001 0.09450001 0.096 0.096 0.0975 0.0975 0.09 0.09 0.09 0.09649999 0.09649999 0.091 0.091 0.096 0.096 0.096 0.101 0.101 0.095 0.095 0.097 0.097 0.097 0.1 0.1 0.1025 0.1025 0.0975 0.0975 0.0975 0.111 0.111 0.1025 0.1025 0.102 0.102 0.1075 0.1075 0.1075 0.1065 0.1065 0.1055 0.1055 0.1055 0.1055 0.1055 0.107 0.107 0.103 0.103 0.092 0.092 0.092 0.0915 0.0915 0.089 0.089 0.088 0.088 0.088 0.089 0.089 0.0825 0.0825
0.093 0.0865 0.0865 0.09299999 0.09299999 0.09299999 0.096 0.096 0.097 0.097 0.0955 0.0955 0.09450001 0.09450001 0.09450001 0.096 0.096 0.0975 0.0975 0.09 0.09 0.09 0.09649999 0.09649999 0.091 0.091 0.096 0.096 0.096 0.101 0.101 0.095 0.095 0.097 0.097 0.097 0.1 0.1 0.1025 0.1025 0.0975 0.0975 0.0975 0.111 0.111 0.1025 0.1025 0.102 0.102 0.1075 0.1075 0.1075 0.1065 0.1065 0.1055 0.1055 0.1055 0.1055 0.1055 0.107 0.107 0.103 0.103 0.092 0.092 0.092 0.0915 0.0915 0.089 0.089 0.088 0.088 0.088 0.089 0.089 0.0825 0.0825
0.0935 0.0975 0.0975 0.09450001 0.09450001 0.09450001 0.094 0.094 0.108 0.108 0.1 0.1 0.103 0.103 0.103 0.102 0.102 0.09649999 0.09649999 0.0975 0.0975 0.0975 0.0995 0.0995 0.101 0.101 0.1045 0.1045 0.1045 0.107 0.107 0.111 0.111 0.1115 0.1115 0.1115 0.107 0.107 0.1045 0.1045 0.108 0.108 0.108 0.107 0.107 0.108 0.108 0.1055 0.1055 0.1095 0.1095 0.1095 0.1065 0.1065 0.1005 0.1005 0.101 0.101 0.101 0.1005 0.1005 0.0995 0.0995 0.0995 0.0995 0.0995 0.089 0.089 0.0945 0.0945 0.086 0.086 0.086 0.089 0.089 0.0865 0.0865
0.0935 0.0975 0.0975 0.09450001 0.09450001 0.09450001 0.094 0.094 0.108 0.108 0.1 0.1 0.103 0.103 0.103 0.102 0.102 0.09649999 0.09649999 0.0975 0.0975 0.0975 0.0995 0.0995 0.101 0.101 0.1045 0.1045 0.1045 0.107 0.107 0.111 0.111 0.1115 0.1115 0.1115 0.107 0.107 0.1045 0.1045 0.108 0.108 0.108 0.107 0.107 0.108 0.108 0.1055 0.1055 0.1095 0.1095 0.1095 0.1065 0.1065 0.1005 0.1005 0.101 0.101 0.101 0.1005 0.1005 0.0995 0.0995 0.0995 0.0995 0.0995 0.089 0.089 0.0945 0.0945 0.086 0.086 0.086 0.089 0.089 0.0865 0.0865
0.0905 0.089 0.089 0.1 0.1 0.1 0.1045 0.1045 0.109 0.109 0.1035 0.1035 0.1035 0.1035 0.1035 0.1025 0.1025 0.0995 0.0995 0.102 0.102 0.102 0.1035 0.1035 0.1005 0.1005 0.103 0.103 0.103 0.1025 0.1025 0.107 0.107 0.102 0.102 0.102 0.1055 0.1055 0.102 0.102 0.101 0.101 0.101 0.1 0.1 0.104 0.104 0.103 0.103 0.1065 0.1065 0.1065 0.108 0.108 0.105 0.105 0.104 0.104 0.104 0.104 0.104 0.102 0.102 0.103 0.103 0.103 0.09450001 0.09450001 0.09 0.09 0.09 0.09 0.09 0.0905 0.0905 0.0915 0.0915
0.0905 0.089 0.089 0.1 0.1 0.1 0.1045 0.1045 0.109 0.109 0.1035 0.1035 0.1035 0.1035 0.1035 0.1025 0.1025 0.0995 0.0995 0.102 0.102 0.102 0.1035 0.1035 0.1005 0.1005 0.103 0.103 0.103 0.1025 0.1025 0.107 0.107 0.102 0.102 0.102 0.1055 0.1055 0.102 0.102 0.101 0.101 0.101 0.1 0.1 0.104 0.104 0.103 0.103 0.1065 0.1065 0.1065 0.108 0.108 0.105 0.105 0.104 0.104 0.104 0.104 0.104 0.102 0.102 0.103 0.103 0.103 0.09450001 0.09450001 0.09 0.09 0.09 0.09 0.09 0.0905 0.0905 0.0915 0.0915
0.1 0.0965 0.0965 0.107 0.107 0.107 0.1005 0.1005 0.1045 0.1045 0.103 0.103 0.105 0.105 0.105 0.1075 0.1075 0.1075 0.1075 0.1115 0.1115 0.1115 0.1055 0.1055 0.105 0.105 0.099 0.099 0.099 0.1065 0.1065 0.102 0.102 0.097 0.097 0.097 0.095 0.095 0.09 0.09 0.0985 0.0985 0.0985 0.09450001 0.09450001 0.0975 0.0975 0.1095 0.1095 0.107 0.107 0.107 0.106 0.106 0.105 0.105 0.105 0.105 0.105 0.0995 0.0995 0.1015 0.1015 0.0975 0.0975 0.0975 0.0965 0.0965 0.0915 0.0915 0.095 0.095 0.095 0.0895 0.0895 0.0895 0.0895
0.1 0.0965 0.0965 0.107 0.107 0.107 0.1005 0.1005 0.1045 0.1045 0.103 0.103 0.105 0.105 0.105 0.1075 0.1075 0.1075 0.1075 0.1115 0.1115 0.1115 0.1055 0.1055 0.105 0.105 0.099 0.099 0.099 0.1065 0.1065 0.102 0.102 0.097 0.097 0.097 0.095 0.095 0.09 0.09 0.0985 0.0985 0.0985 0.09450001 0.09450001 0.0975 0.0975 0.1095 0.1095 0.107 0.107 0.107 0.106 0.106 0.105 0.105 0.105 0.105 0.105 0.0995 0.0995 0.1015 0.1015 0.0975 0.0975 0.0975 0.0965 0.0965 0.0915 0.0915 0.095 0.095 0.095 0.0895 0.0895 0.0895 0.0895
0.1055 0.101 0.101 0.103 0.103 0.103 0.0985 0.0985 0.105 0.105 0.09900001 0.09900001 0.105 0.105 0.105 0.106 0.106 0.11 0.11 0.104 0.104 0.104 0.097 0.097 0.105 0.105 0.1095 0.1095 0.1095 0.1015 0.1015 0.0995 0.0995 0.096 0.096 0.096 0.101 0.101 0.0895 0.0895 0.096 0.096 0.096 0.0975 0.0975 0.097 0.097 0.1135 0.1135 0.105 0.105 0.105 0.1045 0.1045 0.107 0.107 0.1025 0.1025 0.1025 0.095 0.095 0.091 0.091 0.0865 0.0865 0.0865 0.08149999 0.08149999 0.088 0.088 0.081 0.081 0.081 0.088 0.088 0.0885 0.0885
0.1055 0.101 0.101 0.103 0.103 0.103 0.0985 0.0985 0.105 0.105 0.09900001 0.09900001 0.105 0.105 0.105 0.106 0.106 0.11 0.11 0.104 0.104 0.104 0.097 0.097 0.105 0.105 0.1095 0.1095 0.1095 0.1015 0.1015 0.0995 0.0995 0.096 0.096 0.096 0.101 0.101 0.0895 0.0895 0.096 0.096 0.096 0.0975 0.0975 0.097 0.097 0.1135 0.1135 0.105 0.105 0.105 0.1045 0.1045 0.107 0.107 0.1025 0.1025 0.1025 0.095 0.095 0.091 0.091 0.0865 0.0865 0.0865 0.08149999 0.08149999 0.088 0.088 0.081 0.081 0.081 0.088 0.088 0.0885 0.0885
0.1055 0.101 0.101 0.103 0.103 0.103 0.0985 0.0985 0.105 0.105 0.09900001 0.09900001 0.105 0.105 0.105 0.106 0.106 0.11 0.11 0.104 0.104 0.104 0.097 0.097 0.105 0.105 0.1095 0.1095 0.1095 0.1015 0.1015 0.0995 0.0995 0.096 0.096 0.096 0.101 0.101 0.0895 0.0895 0.096 0.096 0.096 0.0975 0.0975 0.097 0.097 0.1135 0.1135 0.105 0.105 0.105 0.1045 0.1045 0.107 0.107 0.1025 0.1025 0.1025 0.095 0.095 0.091 0.091 0.0865 0.0865 0.0865 0.08149999 0.08149999 0.088 0.088 0.081 0.081 0.081 0.088 0.088 0.0885 0.0885
0.105 0.099 0.099 0.09999999 0.09999999 0.09999999 0.103 0.103 0.11 0.11 0.104 0.104 0.11 0.11 0.11 0.107 0.107 0.1085 0.1085 0.1105 0.1105 0.1105 0.108 0.108 0.103 0.103 0.105 0.105 0.105 0.106 0.106 0.09999999 0.09999999 0.09649999 0.09649999 0.09649999 0.09649999 0.09649999 0.1015 0.1015 0.097 0.097 0.097 0.1015 0.1015 0.1005 0.1005 0.09999999 0.09999999 0.0835 0.0835 0.0835 0.0865 0.0865 0.0975 0.0975 0.109 0.109 0.109 0.0995 0.0995 0.086 0.086 0.083 0.083 0.083 0.083 0.083 0.0805 0.0805 0.0835 0.0835 0.0835 0.082 0.082 0.085 0.085
0.105 0.099 0.099 0.09999999 0.09999999 0.09999999 0.103 0.103 0.11 0.11 0.104 0.104 0.11 0.11 0.11 0.107 0.107 0.1085 0.1085 0.1105 0.1105 0.1105 0.108 0.108 0.103 0.103 0.105 0.105 0.105 0.106 0.106 0.09999999 0.09999999 0.09649999 0.09649999 0.09649999 0.09649999 0.09649999 0.1015 0.1015 0.097 0.097 0.097 0.1015 0.1015 0.1005 0.1005 0.09999999 0.09999999 0.0835 0.0835 0.0835 0.0865 0.0865 0.0975 0.0975 0.109 0.109 0.109 0.0995 0.0995 0.086 0.086 0.083 0.083 0.083 0.083 0.083 0.0805 0.0805 0.0835 0.0835 0.0835 0.082 0.082 0.085 0.085
0.0985 0.1015 0.1015 0.1035 0.1035 0.1035 0.105 0.105 0.1045 0.1045 0.108 0.108 0.1045 0.1045 0.1045 0.1085 0.1085 0.1095 0.1095 0.1075 0.1075 0.1075 0.108 0.108 0.1015 0.1015 0.1015 0.1015 0.1015 0.0975 0.0975 0.0985 0.0985 0.0985 0.0985 0.0985 0.0955 0.0955 0.0855 0.0855 0.0825 0.0825 0.0825 0.0805 0.0805 0.07250001 0.07250001 0.078 0.078 0.0735 0.0735 0.0735 0.0805 0.0805 0.08 0.08 0.0845 0.0845 0.0845 0.09 0.09 0.09450001 0.09450001 0.09 0.09 0.09 0.08750001 0.08750001 0.084 0.084 0.08499999 0.08499999 0.08499999 0.0835 0.0835 0.088 0.088
0.0985 0.1015 0.1015 0.1035 0.1035 0.1035 0.105 0.105 0.1045 0.1045 0.108 0.108 0.1045 0.1045 0.1045 0.1085 0.1085 0.1095 0.1095 0.1075 0.1075 0.1075 0.108 0.108 0.1015 0.1015 0.1015 0.1015 0.1015 0.0975 0.0975 0.0985 0.0985 0.0985 0.0985 0.0985 0.0955 0.0955 0.0855 0.0855 0.0825 0.0825 0.0825 0.0805 0.0805 0.07250001 0.07250001 0.078 0.078 0.0735 0.0735 0.0735 0.0805 0.0805 0.08 0.08 0.0845 0.0845 0.0845 0.09 0.09 0.09450001 0.09450001 0.09 0.09 0.09 0.08750001 0.08750001 0.084 0.084 0.08499999 0.08499999 0.08499999 0.0835 0.0835 0.088 0.088
0.107 0.1425 0.1425 0.1325 0.1325 0.1325 0.09450001 0.09450001 0.0995 0.0995 0.088 0.088 0.095 0.095 0.095 0.091 0.091 0.09649999 0.09649999 0.09649999 0.09649999 0.09649999 0.0925 0.0925 0.0915 0.0915 0.089 0.089 0.089 0.081 0.081 0.0745 0.0745 0.0855 0.0855 0.0855 0.0905 0.0905 0.094 0.094 0.102 0.102 0.102 0.103 0.103 0.107 0.107 0.107 0.107 0.101 0.101 0.101 0.09649999 0.09649999 0.0915 0.0915 0.0945 0.0945 0.0945 0.099 0.099 0.09999999 0.09999999 0.0955 0.0955 0.0955 0.094 0.094 0.09100001 0.09100001 0.0845 0.0845 0.0845 0.088 0.088 0.0885 0.0885
0.107 0.1425 0.1425 0.1325 0.1325 0.1325 0.09450001 0.09450001 0.0995 0.0995 0.088 0.088 0.095 0.095 0.095 0.091 0.091 0.09649999 0.09649999 0.09649999 0.09649999 0.09649999 0.0925 0.0925 0.0915 0.0915 0.089 0.089 0.089 0.081 0.081 0.0745 0.0745 0.0855 0.0855 0.0855 0.0905 0.0905 0.094 0.094 0.102 0.102 0.102 0.103 0.103 0.107 0.107 0.107 0.107 0.101 0.101 0.101 0.09649999 0.09649999 0.0915 0.0915 0.0945 0.0945 0.0945 0.099 0.099 0.09999999 0.09999999 0.0955 0.0955 0.0955 0.094 0.094 0.09100001 0.09100001 0.0845 0.0845 0.0845 0.088 0.088 0.0885 0.0885
0.107 0.1425 0.1425 0.1325 0.1325 0.1325 0.09450001 0.09450001 0.0995 0.0995 0.088 0.088 0.095 0.095 0.095 0.091 0.091 0.09649999 0.09649999 0.09649999 0.09649999 0.09649999 0.0925 0.0925 0.0915 0.0915 0.089 0.089 0.089 0.081 0.081 0.0745 0.0745 0.0855 0.0855 0.0855 0.0905 0.0905 0.094 0.094 0.102 0.102 0.102 0.103 0.103 0.107 0.107 0.107 0.107 0.101 0.101 0.101 0.09649999 0.09649999 0.0915 0.0915 0.0945 0.0945 0.0945 0.099 0.099 0.09999999 0.09999999 0.0955 0.0955 0.0955 0.094 0.094 0.09100001 0.09100001 0.0845 0.0845 0.0845 0.088 0.088 0.0885 0.0885
0.1065 0.1205 0.1205 0.1245 0.1245 0.1245 0.1015 0.1015 0.0915 0.0915 0.0935 0.0935 0.089 0.089 0.089 0.0985 0.0985 0.103 0.103 0.098 0.098 0.098 0.09649999 0.09649999 0.094 0.094 0.086 0.086 0.086 0.0915 0.0915 0.0835 0.0835 0.093 0.093 0.093 0.1095 0.1095 0.11 0.11 0.1 0.1 0.1 0.1 0.1 0.102 0.102 0.0995 0.0995 0.0975 0.0975 0.0975 0.096 0.096 0.095 0.095 0.0955 0.0955 0.0955 0.096 0.096 0.1045 0.1045 0.101 0.101 0.101 0.0985 0.0985 0.0955 0.0955 0.0925 0.0925 0.0925 0.0925 0.0925 0.085 0.085
0.1065 0.1205 0.1205 0.1245 0.1245 0.1245 0.1015 0.1015 0.0915 0.0915 0.0935 0.0935 0.089 0.089 0.089 0.0985 0.0985 0.103 0.103 0.098 0.098 0.098 0.09649999 0.09649999 0.094 0.094 0.086 0.086 0.086 0.0915 0.0915 0.0835 0.0835 0.093 0.093 0.093 0.1095 0.1095 0.11 0.11 0.1 0.1 0.1 0.1 0.1 0.102 0.102 0.0995 0.0995 0.0975 0.0975 0.0975 0.096 0.096 0.095 0.095 0.0955 0.0955 0.0955 0.096 0.096 0.1045 0.1045 0.101 0.101 0.101 0.0985 0.0985 0.0955 0.0955 0.0925 0.0925 0.0925 0.0925 0.0925 0.085 0.085
0.108 0.1175 0.1175 0.1325 0.1325 0.1325 0.1195 0.1195 0.104 0.104 0.1005 0.1005 0.102 0.102 0.102 0.098 0.098 0.1035 0.1035 0.1225 0.1225 0.1225 0.1245 0.1245 0.123 0.123 0.11 0.11 0.11 0.1175 0.1175 0.114 0.114 0.1105 0.1105 0.1105 0.1155 0.1155 0.106 0.106 0.102 0.102 0.102 0.09999999 0.09999999 0.097 0.097 0.1025 0.1025 0.0955 0.0955 0.0955 0.093 0.093 0.09450001 0.09450001 0.09450001 0.09450001 0.09450001 0.099 0.099 0.1035 0.1035 0.1005 0.1005 0.1005 0.098 0.098 0.09450001 0.09450001 0.0955 0.0955 0.0955 0.091 0.091 0.0825 0.0825
0.108 0.1175 0.1175 0.1325 0.1325 0.1325 0.1195 0.1195 0.104 0.104 0.1005 0.1005 0.102 0.102 0.102 0.098 0.098 0.1035 0.1035 0.1225 0.1225 0.1225 0.1245 0.1245 0.123 0.123 0.11 0.11 0.11 0.1175 0.1175 0.114 0.114 0.1105 0.1105 0.1105 0.1155 0.1155 0.106 0.106 0.102 0.102 0.102 0.09999999 0.09999999 0.097 0.097 0.1025 0.1025 0.0955 0.0955 0.0955 0.093 0.093 0.09450001 0.09450001 0.09450001 0.09450001 0.09450001 0.099 0.099 0.1035 0.1035 0.1005 0.1005 0.1005 0.098 0.098 0.09450001 0.09450001 0.0955 0.0955 0.0955 0.091 0.091 0.0825 0.0825
0.1055 0.11 0.11 0.1275 0.1275 0.1275 0.16 0.16 0.13 0.13 0.1235 0.1235 0.1215 0.1215 0.1215 0.12 0.12 0.124 0.124 0.126 0.126 0.126 0.131 0.131 0.121 0.121 0.118 0.118 0.118 0.12 0.12 0.1195 0.1195 0.118 0.118 0.118 0.113 0.113 0.1035 0.1035 0.106 0.106 0.106 0.1025 0.1025 0.104 0.104 0.107 0.107 0.1055 0.1055 0.1055 0.1035 0.1035 0.098 0.098 0.096 0.096 0.096 0.097 0.097 0.1005 0.1005 0.1025 0.1025 0.1025 0.102 0.102 0.0955 0.0955 0.0955 0.0955 0.0955 0.094 0.094 0.099 0.099
0.1055 0.11 0.11 0.1275 0.1275 0.1275 0.16 0.16 0.13 0.13 0.1235 0.1235 0.1215 0.1215 0.1215 0.12 0.12 0.124 0.124 0.126 0.126 0.126 0.131 0.131 0.121 0.121 0.118 0.118 0.118 0.12 0.12 0.1195 0.1195 0.118 0.118 0.118 0.113 0.113 0.1035 0.1035 0.106 0.106 0.106 0.1025 0.1025 0.104 0.104 0.107 0.107 0.1055 0.1055 0.1055 0.1035 0.1035 0.098 0.098 0.096 0.096 0.096 0.097 0.097 0.1005 0.1005 0.1025 0.1025 0.1025 0.102 0.102 0.0955 0.0955 0.0955 0.0955 0.0955 0.094 0.094 0.099 0.099
0.1055 0.11 0.11 0.1275 0.1275 0.1275 0.16 0.16 0.13 0.13 0.1235 0.1235 0.1215 0.1215 0.1215 0.12 0.12 0.124 0.124 0.126 0.126 0.126 0.131 0.131 0.121 0.121 0.118 0.118 0.118 0.12 0.12 0.1195 0.1195 0.118 0.118 0.118 0.113 0.113 0.1035 0.1035 0.106 0.106 0.106 0.1025 0.1025 0.104 0.104 0.107 0.107 0.1055 0.1055 0.1055 0.1035 0.1035 0.098 0.098 0.096 0.096 0.096 0.097 0.097 0.1005 0.1005 0.1025 0.1025 0.1025 0.102 0.102 0.0955 0.0955 0.0955 0.0955 0.0955 0.094 0.094 0.099 0.099
0.107 0.113 0.113 0.1375 0.1375 0.1375 0.1655 0.1655 0.174 0.174 0.1295 0.1295 0.1185 0.1185 0.1185 0.12 0.12 0.1235 0.1235 0.127 0.127 0.127 0.125 0.125 0.1215 0.1215 0.1125 0.1125 0.1125 0.117 0.117 0.1125 0.1125 0.1065 0.1065 0.1065 0.106 0.106 0.108 0.108 0.103 0.103 0.103 0.1035 0.1035 0.107 0.107 0.1155 0.1155 0.1155 0.1155 0.1155 0.1095 0.1095 0.106 0.106 0.1015 0.1015 0.1015 0.0945 0.0945 0.104 0.104 0.1065 0.1065 0.1065 0.109 0.109 0.111 0.111 0.102 0.102 0.102 0.1005 0.1005 0.0965 0.0965
0.107 0.113 0.113 0.1375 0.1375 0.1375 0.1655 0.1655 0.174 0.174 0.1295 0.1295 0.1185 0.1185 0.1185 0.12 0.12 0.1235 0.1235 0.127 0.127 0.127 0.125 0.125 0.1215 0.1215 0.1125 0.1125 0.1125 0.117 0.117 0.1125 0.1125 0.1065 0.1065 0.1065 0.106 0.106 0.108 0.108 0.103 0.103 0.103 0.1035 0.1035 0.107 0.107 0.1155 0.1155 0.1155 0.1155 0.1155 0.1095 0.1095 0.106 0.106 0.1015 0.1015 0.1015 0.0945 0.0945 0.104 0.104 0.1065 0.1065 0.1065 0.109 0.109 0.111 0.111 0.102 0.102 0.102 0.1005 0.1005 0.0965 0.0965
0.114 0.102 0.102 0.107 0.107 0.107 0.1315 0.1315 0.1605 0.1605 0.1125 0.1125 0.1065 0.1065 0.1065 0.103 0.103 0.1165 0.1165 0.124 0.124 0.124 0.1195 0.1195 0.117 0.117 0.1205 0.1205 0.1205 0.132 0.132 0.115 0.115 0.1095 0.1095 0.1095 0.112 0.112 0.1145 0.1145 0.1125 0.1125 0.1125 0.1085 0.1085 0.112 0.112 0.1115 0.1115 0.113 0.113 0.113 0.117 0.117 0.1125 0.1125 0.1095 0.1095 0.1095 0.106 0.106 0.111 0.111 0.11 0.11 0.11 0.117 0.117 0.116 0.116 0.1105 0.1105 0.1105 0.1065 0.1065 0.103 0.103
0.114 0.102 0.102 0.107 0.107 0.107 0.1315 0.1315 0.1605 0.1605 0.1125 0.1125 0.1065 0.1065 0.1065 0.103 0.103 0.1165 0.1165 0.124 0.124 0.124 0.1195 0.1195 0.117 0.117 0.1205 0.1205 0.1205 0.132 0.132 0.115 0.115 0.1095 0.1095 0.1095 0.112 0.112 0.1145 0.1145 0.1125 0.1125 0.1125 0.1085 0.1085 0.112 0.112 0.1115 0.1115 0.113 0.113 0.113 0.117 0.117 0.1125 0.1125 0.1095 0.1095 0.1095 0.106 0.106 0.111 0.111 0.11 0.11 0.11 0.117 0.117 0.116 0.116 0.1105 0.1105 0.1105 0.1065 0.1065 0.103 0.103
0.1235 0.116 0.116 0.1095 0.1095 0.1095 0.1315 0.1315 0.113 0.113 0.0955 0.0955 0.088 0.088 0.088 0.093 0.093 0.103 0.103 0.1045 0.1045 0.1045 0.1055 0.1055 0.114 0.114 0.111 0.111 0.111 0.122 0.122 0.13 0.13 0.123 0.123 0.123 0.1145 0.1145 0.118 0.118 0.1215 0.1215 0.1215 0.121 0.121 0.118 0.118 0.124 0.124 0.1275 0.1275 0.1275 0.1235 0.1235 0.1225 0.1225 0.118 0.118 0.118 0.1185 0.1185 0.1185 0.1185 0.121 0.121 0.121 0.123 0.123 0.128 0.128 0.1235 0.1235 0.1235 0.121 0.121 0.109 0.109
0.1235 0.116 0.116 0.1095 0.1095 0.1095 0.1315 0.1315 0.113 0.113 0.0955 0.0955 0.088 0.088 0.088 0.093 0.093 0.103 0.103 0.1045 0.1045 0.1045 0.1055 0.1055 0.114 0.114 0.111 0.111 0.111 0.122 0.122 0.13 0.13 0.123 0.123 0.123 0.1145 0.1145 0.118 0.118 0.1215 0.1215 0.1215 0.121 0.121 0.118 0.118 0.124 0.124 0.1275 0.1275 0.1275 0.1235 0.1235 0.1225 0.1225 0.118 0.118 0.118 0.1185 0.1185 0.1185 0.1185 0.121 0.121 0.121 0.123 0.123 0.128 0.128 0.1235 0.1235 0.1235 0.121 0.121 0.109 0.109
0.1255 0.123 0.123 0.106 0.106 0.106 0.1225 0.1225 0.1095 0.1095 0.1055 0.1055 0.0875 0.0875 0.0875 0.095 0.095 0.0935 0.0935 0.103 0.103 0.103 0.1015 0.1015 0.1275 0.1275 0.1225 0.1225 0.1225 0.134 0.134 0.135 0.135 0.1275 0.1275 0.1275 0.121 0.121 0.12 0.12 0.118 0.118 0.118 0.1205 0.1205 0.1235 0.1235 0.1305 0.1305 0.1265 0.1265 0.1265 0.1245 0.1245 0.129 0.129 0.126 0.126 0.126 0.125 0.125 0.116 0.116 0.1185 0.1185 0.1185 0.124 0.124 0.123 0.123 0.119 0.119 0.119 0.1195 0.1195 0.119 0.119
