ndvi/NOAA-242.asc
ncols         252
nrows         154
xllcorner     -18.017974
yllcorner     13.481982
cellsize      0.035948
NODATA_value  -9999
[rows 68 to 101 of 154, columns 0 to 76 of 252]
-1 -1 -1 -1 -1 -1 -1 -1 -1 -1 -1 -1 -1 -1 -1 -1 -1 -1 -1 -1 -1 -1 -1 -1 -1 -1 -1 -1 -1 -1 -1 -1 -1 -1 -1 -1 -1 -1 -1 0.2625 0.2625 0.2625 0.2535 0.2535 0.4065 0.4065 0.3755 0.3755 0.3755 0.3175 0.3175 0.2825 0.2825 0.2645 0.2645 0.29 0.29 0.29 0.396 0.396 0.407 0.407 0.407 0.407 0.407 0.3235 0.3235 0.333 0.333 0.252 0.252 0.252 0.233 0.233 0.2435 0.2435 0.2415
-1 -1 -1 -1 -1 -1 -1 -1 -1 -1 -1 -1 -1 -1 -1 -1 -1 -1 -1 -1 -1 -1 -1 -1 -1 -1 -1 -1 -1 -1 -1 -1 -1 -1 -1 -1 -1 -1 -1 0.2605 0.2605 0.2605 0.346 0.346 0.361 0.361 0.313 0.313 0.313 0.3125 0.3125 0.2815 0.2815 0.268 0.268 0.2465 0.2465 0.2465 0.33 0.33 0.385 0.385 0.385 0.385 0.385 0.3345 0.3345 0.2815 0.2815 0.2575 0.2575 0.2575 0.2455 0.2455 0.248 0.248 0.241
-1 -1 -1 -1 -1 -1 -1 -1 -1 -1 -1 -1 -1 -1 -1 -1 -1 -1 -1 -1 -1 -1 -1 -1 -1 -1 -1 -1 -1 -1 -1 -1 -1 -1 -1 -1 -1 -1 -1 0.2605 0.2605 0.2605 0.346 0.346 0.361 0.361 0.313 0.313 0.313 0.3125 0.3125 0.2815 0.2815 0.268 0.268 0.2465 0.2465 0.2465 0.33 0.33 0.385 0.385 0.385 0.385 0.385 0.3345 0.3345 0.2815 0.2815 0.2575 0.2575 0.2575 0.2455 0.2455 0.248 0.248 0.241
-1 -1 -1 -1 -1 -1 -1 -1 -1 -1 -1 -1 -1 -1 -1 -1 -1 -1 -1 -1 -1 -1 -1 -1 -1 -1 -1 -1 -1 -1 -1 -1 -1 -1 -1 -1 -1 0.1225 0.1225 0.2475 0.2475 0.2475 0.3215 0.3215 0.304 0.304 0.2755 0.2755 0.2755 0.2665 0.2665 0.2635 0.2635 0.235 0.235 0.216 0.216 0.216 0.186 0.186 0.314 0.314 0.314 0.314 0.314 0.273 0.273 0.2815 0.2815 0.2935 0.2935 0.2935 0.2705 0.2705 0.26 0.26 0.25
-1 -1 -1 -1 -1 -1 -1 -1 -1 -1 -1 -1 -1 -1 -1 -1 -1 -1 -1 -1 -1 -1 -1 -1 -1 -1 -1 -1 -1 -1 -1 -1 -1 -1 -1 -1 -1 0.1225 0.1225 0.2475 0.2475 0.2475 0.3215 0.3215 0.304 0.304 0.2755 0.2755 0.2755 0.2665 0.2665 0.2635 0.2635 0.235 0.235 0.216 0.216 0.216 0.186 0.186 0.314 0.314 0.314 0.314 0.314 0.273 0.273 0.2815 0.2815 0.2935 0.2935 0.2935 0.2705 0.2705 0.26 0.26 0.25
-1 -1 -1 -1 -1 -1 -1 -1 -1 -1 -1 -1 -1 -1 -1 -1 -1 -1 -1 -1 -1 -1 -1 -1 -1 -1 -1 -1 -1 -1 -1 -1 -1 -1 -1 -1 -1 0.1225 0.1225 0.2475 0.2475 0.2475 0.3215 0.3215 0.304 0.304 0.2755 0.2755 0.2755 0.2665 0.2665 0.2635 0.2635 0.235 0.235 0.216 0.216 0.216 0.186 0.186 0.314 0.314 0.314 0.314 0.314 0.273 0.273 0.2815 0.2815 0.2935 0.2935 0.2935 0.2705 0.2705 0.26 0.26 0.25
-1 -1 -1 -1 -1 -1 -1 -1 -1 -1 -1 -1 -1 -1 -1 -1 -1 -1 -1 -1 -1 -1 -1 -1 -1 -1 -1 -1 -1 -1 -1 -1 -1 -1 -1 -1 -1 0.029 0.029 0.196 0.196 0.196 0.319 0.319 0.291 0.291 0.241 0.241 0.241 0.244 0.244 0.291 0.291 0.19 0.19 0.2365 0.2365 0.2365 0.2445 0.2445 0.2635 0.2635 0.2635 0.2635 0.2635 0.3465 0.3465 0.3265 0.3265 0.288 0.288 0.288 0.2675 0.2675 0.2655 0.2655 0.28
-1 -1 -1 -1 -1 -1 -1 -1 -1 -1 -1 -1 -1 -1 -1 -1 -1 -1 -1 -1 -1 -1 -1 -1 -1 -1 -1 -1 -1 -1 -1 -1 -1 -1 -1 -1 -1 0.029 0.029 0.196 0.196 0.196 0.319 0.319 0.291 0.291 0.241 0.241 0.241 0.244 0.244 0.291 0.291 0.19 0.19 0.2365 0.2365 0.2365 0.2445 0.2445 0.2635 0.2635 0.2635 0.2635 0.2635 0.3465 0.3465 0.3265 0.3265 0.288 0.288 0.288 0.2675 0.2675 0.2655 0.2655 0.28
-1 -1 -1 -1 -1 -1 -1 -1 -1 -1 -1 -1 -1 -1 -1 -1 -1 -1 -1 -1 -1 -1 -1 -1 -1 -1 -1 -1 -1 -1 -1 -1 -1 -1 -1 -1 -1 0.0205 0.0205 0.1965 0.1965 0.1965 0.32 0.32 0.3055 0.3055 0.2705 0.2705 0.2705 0.263 0.263 0.273 0.273 0.2545 0.2545 0.262 0.262 0.262 0.2615 0.2615 0.2515 0.2515 0.2515 0.2515 0.2515 0.255 0.255 0.25 0.25 0.25 0.25 0.25 0.2505 0.2505 0.271 0.271 0.2505
-1 -1 -1 -1 -1 -1 -1 -1 -1 -1 -1 -1 -1 -1 -1 -1 -1 -1 -1 -1 -1 -1 -1 -1 -1 -1 -1 -1 -1 -1 -1 -1 -1 -1 -1 -1 -1 0.0205 0.0205 0.1965 0.1965 0.1965 0.32 0.32 0.3055 0.3055 0.2705 0.2705 0.2705 0.263 0.263 0.273 0.273 0.2545 0.2545 0.262 0.262 0.262 0.2615 0.2615 0.2515 0.2515 0.2515 0.2515 0.2515 0.255 0.255 0.25 0.25 0.25 0.25 0.25 0.2505 0.2505 0.271 0.271 0.2505
-1 -1 -1 -1 -1 -1 -1 -1 -1 -1 -1 -1 -1 -1 -1 -1 -1 -1 -1 -1 -1 -1 -1 -1 -1 -1 -1 -1 -1 -1 -1 -1 -1 -1 -1 -1 -1 0.09 0.09 0.229 0.229 0.229 0.3 0.3 0.282 0.282 0.2565 0.2565 0.2565 0.2525 0.2525 0.2855 0.2855 0.27 0.27 0.2815 0.2815 0.2815 0.2525 0.2525 0.2305 0.2305 0.2305 0.2305 0.2305 0.2385 0.2385 0.228 0.228 0.234 0.234 0.234 0.247 0.247 0.285 0.285 0.23
-1 -1 -1 -1 -1 -1 -1 -1 -1 -1 -1 -1 -1 -1 -1 -1 -1 -1 -1 -1 -1 -1 -1 -1 -1 -1 -1 -1 -1 -1 -1 -1 -1 -1 -1 -1 -1 0.09 0.09 0.229 0.229 0.229 0.3 0.3 0.282 0.282 0.2565 0.2565 0.2565 0.2525 0.2525 0.2855 0.2855 0.27 0.27 0.2815 0.2815 0.2815 0.2525 0.2525 0.2305 0.2305 0.2305 0.2305 0.2305 0.2385 0.2385 0.228 0.228 0.234 0.234 0.234 0.247 0.247 0.285 0.285 0.23
-1 -1 -1 -1 -1 -1 -1 -1 -1 -1 -1 -1 -1 -1 -1 -1 -1 -1 -1 -1 -1 -1 -1 -1 -1 -1 -1 -1 -1 -1 -1 -1 -1 -1 -1 -1 -1 0.106 0.106 0.225 0.225 0.225 0.274 0.274 0.2605 0.2605 0.253 0.253 0.253 0.3315 0.3315 0.287 0.287 0.261 0.261 0.2995 0.2995 0.2995 0.2635 0.2635 0.2495 0.2495 0.2495 0.2495 0.2495 0.2305 0.2305 0.2255 0.2255 0.252 0.252 0.252 0.237 0.237 0.253 0.253 0.241
-1 -1 -1 -1 -1 -1 -1 -1 -1 -1 -1 -1 -1 -1 -1 -1 -1 -1 -1 -1 -1 -1 -1 -1 -1 -1 -1 -1 -1 -1 -1 -1 -1 -1 -1 -1 -1 0.106 0.106 0.225 0.225 0.225 0.274 0.274 0.2605 0.2605 0.253 0.253 0.253 0.3315 0.3315 0.287 0.287 0.261 0.261 0.2995 0.2995 0.2995 0.2635 0.2635 0.2495 0.2495 0.2495 0.2495 0.2495 0.2305 0.2305 0.2255 0.2255 0.252 0.252 0.252 0.237 0.237 0.253 0.253 0.241
-1 -1 -1 -1 -1 -1 -1 -1 -1 -1 -1 -1 -1 -1 -1 -1 -1 -1 -1 -1 -1 -1 -1 -1 -1 -1 -1 -1 -1 -1 -1 -1 -1 -1 -1 -1 -1 0.106 0.106 0.225 0.225 0.225 0.274 0.274 0.2605 0.2605 0.253 0.253 0.253 0.3315 0.3315 0.287 0.287 0.261 0.261 0.2995 0.2995 0.2995 0.2635 0.2635 0.2495 0.2495 0.2495 0.2495 0.2495 0.2305 0.2305 0.2255 0.2255 0.252 0.252 0.252 0.237 0.237 0.253 0.253 0.241
-1 -1 -1 -1 -1 -1 -1 -1 -1 -1 -1 -1 -1 -1 -1 -1 -1 -1 -1 -1 -1 -1 -1 -1 -1 -1 -1 -1 -1 -1 -1 -1 -1 -1 -1 -1 -1 0.139 0.139 0.2225 0.2225 0.2225 0.2505 0.2505 0.2415 0.2415 0.249 0.249 0.249 0.2565 0.2565 0.2895 0.2895 0.27 0.27 0.2915 0.2915 0.2915 0.2595 0.2595 0.2585 0.2585 0.2585 0.2585 0.2585 0.241 0.241 0.235 0.235 0.249 0.249 0.249 0.269 0.269 0.258 0.258 0.2265
-1 -1 -1 -1 -1 -1 -1 -1 -1 -1 -1 -1 -1 -1 -1 -1 -1 -1 -1 -1 -1 -1 -1 -1 -1 -1 -1 -1 -1 -1 -1 -1 -1 -1 -1 -1 -1 0.139 0.139 0.2225 0.2225 0.2225 0.2505 0.2505 0.2415 0.2415 0.249 0.249 0.249 0.2565 0.2565 0.2895 0.2895 0.27 0.27 0.2915 0.2915 0.2915 0.2595 0.2595 0.2585 0.2585 0.2585 0.2585 0.2585 0.241 0.241 0.235 0.235 0.249 0.249 0.249 0.269 0.269 0.258 0.258 0.2265
-1 -1 -1 -1 -1 -1 -1 -1 -1 -1 -1 -1 -1 -1 -1 -1 -1 -1 -1 -1 -1 -1 -1 -1 -1 -1 -1 -1 -1 -1 -1 -1 -1 -1 -1 -1 -1 0.131 0.131 0.264 0.264 0.264 0.2605 0.2605 0.226 0.226 0.2325 0.2325 0.2325 0.2615 0.2615 0.2675 0.2675 0.2825 0.2825 0.247 0.247 0.247 0.2465 0.2465 0.2655 0.2655 0.2655 0.2655 0.2655 0.253 0.253 0.2435 0.2435 0.24 0.24 0.24 0.234 0.234 0.2605 0.2605 0.232
-1 -1 -1 -1 -1 -1 -1 -1 -1 -1 -1 -1 -1 -1 -1 -1 -1 -1 -1 -1 -1 -1 -1 -1 -1 -1 -1 -1 -1 -1 -1 -1 -1 -1 -1 -1 -1 0.131 0.131 0.264 0.264 0.264 0.2605 0.2605 0.226 0.226 0.2325 0.2325 0.2325 0.2615 0.2615 0.2675 0.2675 0.2825 0.2825 0.247 0.247 0.247 0.2465 0.2465 0.2655 0.2655 0.2655 0.2655 0.2655 0.253 0.253 0.2435 0.2435 0.24 0.24 0.24 0.234 0.234 0.2605 0.2605 0.232
-1 -1 -1 -1 -1 -1 -1 -1 -1 -1 -1 -1 -1 -1 -1 -1 -1 -1 -1 -1 -1 -1 -1 -1 -1 -1 -1 -1 -1 -1 -1 -1 -1 -1 -1 0.114 0.114 0.273 0.273 0.2545 0.2545 0.2545 0.2395 0.2395 0.2245 0.2245 0.246 0.246 0.246 0.294 0.294 0.254 0.254 0.2475 0.2475 0.262 0.262 0.262 0.263 0.263 0.2615 0.2615 0.2615 0.2615 0.2615 0.255 0.255 0.2535 0.2535 0.2465 0.2465 0.2465 0.237 0.237 0.2305 0.2305 0.244
-1 -1 -1 -1 -1 -1 -1 -1 -1 -1 -1 -1 -1 -1 -1 -1 -1 -1 -1 -1 -1 -1 -1 -1 -1 -1 -1 -1 -1 -1 -1 -1 -1 -1 -1 0.114 0.114 0.273 0.273 0.2545 0.2545 0.2545 0.2395 0.2395 0.2245 0.2245 0.246 0.246 0.246 0.294 0.294 0.254 0.254 0.2475 0.2475 0.262 0.262 0.262 0.263 0.263 0.2615 0.2615 0.2615 0.2615 0.2615 0.255 0.255 0.2535 0.2535 0.2465 0.2465 0.2465 0.237 0.237 0.2305 0.2305 0.244
-1 -1 -1 -1 -1 -1 -1 -1 -1 -1 -1 -1 -1 -1 -1 -1 -1 -1 -1 -1 -1 -1 -1 -1 -1 -1 -1 -1 -1 -1 -1 -1 -1 -1 -1 0.114 0.114 0.273 0.273 0.2545 0.2545 0.2545 0.2395 0.2395 0.2245 0.2245 0.246 0.246 0.246 0.294 0.294 0.254 0.254 0.2475 0.2475 0.262 0.262 0.262 0.263 0.263 0.2615 0.2615 0.2615 0.2615 0.2615 0.255 0.255 0.2535 0.2535 0.2465 0.2465 0.2465 0.237 0.237 0.2305 0.2305 0.244
-1 -1 -1 -1 -1 -1 -1 -1 -1 -1 -1 -1 -1 -1 -1 -1 -1 -1 -1 -1 -1 -1 -1 -1 -1 -1 -1 -1 -1 -1 -1 -1 -1 -1 -1 0.1505 0.1505 0.26 0.26 0.246 0.246 0.246 0.236 0.236 0.2435 0.2435 0.241 0.241 0.241 0.258 0.258 0.264 0.264 0.272 0.272 0.2835 0.2835 0.2835 0.305 0.305 0.2985 0.2985 0.2985 0.2985 0.2985 0.2555 0.2555 0.241 0.241 0.221 0.221 0.221 0.2215 0.2215 0.246 0.246 0.2335
-1 -1 -1 -1 -1 -1 -1 -1 -1 -1 -1 -1 -1 -1 -1 -1 -1 -1 -1 -1 -1 -1 -1 -1 -1 -1 -1 -1 -1 -1 -1 -1 -1 -1 -1 0.1505 0.1505 0.26 0.26 0.246 0.246 0.246 0.236 0.236 0.2435 0.2435 0.241 0.241 0.241 0.258 0.258 0.264 0.264 0.272 0.272 0.2835 0.2835 0.2835 0.305 0.305 0.2985 0.2985 0.2985 0.2985 0.2985 0.2555 0.2555 0.241 0.241 0.221 0.221 0.221 0.2215 0.2215 0.246 0.246 0.2335
-1 -1 -1 -1 -1 -1 -1 -1 -1 -1 -1 -1 -1 -1 -1 -1 -1 -1 -1 -1 -1 -1 -1 -1 -1 -1 -1 -1 -1 -1 -1 -1 0.09999999 0.09999999 0.09999999 0.2565 0.2565 0.2455 0.2455 0.2395 0.2395 0.2395 0.253 0.253 0.241 0.241 0.247 0.247 0.247 0.2655 0.2655 0.257 0.257 0.274 0.274 0.276 0.276 0.276 0.2665 0.2665 0.262 0.262 0.262 0.262 0.262 0.2625 0.2625 0.262 0.262 0.2525 0.2525 0.2525 0.258 0.258 0.257 0.257 0.2245
-1 -1 -1 -1 -1 -1 -1 -1 -1 -1 -1 -1 -1 -1 -1 -1 -1 -1 -1 -1 -1 -1 -1 -1 -1 -1 -1 -1 -1 -1 -1 -1 0.09999999 0.09999999 0.09999999 0.2565 0.2565 0.2455 0.2455 0.2395 0.2395 0.2395 0.253 0.253 0.241 0.241 0.247 0.247 0.247 0.2655 0.2655 0.257 0.257 0.274 0.274 0.276 0.276 0.276 0.2665 0.2665 0.262 0.262 0.262 0.262 0.262 0.2625 0.2625 0.262 0.262 0.2525 0.2525 0.2525 0.258 0.258 0.257 0.257 0.2245
-1 -1 -1 -1 -1 -1 -1 -1 -1 -1 -1 -1 -1 -1 -1 -1 -1 -1 -1 -1 -1 -1 -1 -1 -1 -1 -1 -1 -1 -1 0.062 0.062 0.2835 0.2835 0.2835 0.2535 0.2535 0.2375 0.2375 0.231 0.231 0.231 0.2425 0.2425 0.2445 0.2445 0.2485 0.2485 0.2485 0.263 0.263 0.2545 0.2545 0.2535 0.2535 0.268 0.268 0.268 0.2765 0.2765 0.254 0.254 0.254 0.254 0.254 0.266 0.266 0.2565 0.2565 0.248 0.248 0.248 0.235 0.235 0.233 0.233 0.2345
-1 -1 -1 -1 -1 -1 -1 -1 -1 -1 -1 -1 -1 -1 -1 -1 -1 -1 -1 -1 -1 -1 -1 -1 -1 -1 -1 -1 -1 -1 0.062 0.062 0.2835 0.2835 0.2835 0.2535 0.2535 0.2375 0.2375 0.231 0.231 0.231 0.2425 0.2425 0.2445 0.2445 0.2485 0.2485 0.2485 0.263 0.263 0.2545 0.2545 0.2535 0.2535 0.268 0.268 0.268 0.2765 0.2765 0.254 0.254 0.254 0.254 0.254 0.266 0.266 0.2565 0.2565 0.248 0.248 0.248 0.235 0.235 0.233 0.233 0.2345
-1 -1 -1 -1 -1 -1 -1 -1 -1 -1 -1 -1 -1 -1 -1 -1 -1 -1 -1 -1 -1 -1 -1 -1 -1 -1 -1 -1 -1 -1 0.062 0.062 0.2835 0.2835 0.2835 0.2535 0.2535 0.2375 0.2375 0.231 0.231 0.231 0.2425 0.2425 0.2445 0.2445 0.2485 0.2485 0.2485 0.263 0.263 0.2545 0.2545 0.2535 0.2535 0.268 0.268 0.268 0.2765 0.2765 0.254 0.254 0.254 0.254 0.254 0.266 0.266 0.2565 0.2565 0.248 0.248 0.248 0.235 0.235 0.233 0.233 0.2345
-1 -1 -1 -1 -1 -1 -1 -1 -1 -1 -1 -1 -1 -1 -1 -1 -1 -1 -1 -1 -1 -1 -1 -1 -1 -1 -1 -1 -1 -1 0.1405 0.1405 0.2915 0.2915 0.2915 0.2765 0.2765 0.2435 0.2435 0.2315 0.2315 0.2315 0.244 0.244 0.2525 0.2525 0.2515 0.2515 0.2515 0.2495 0.2495 0.249 0.249 0.247 0.247 0.258 0.258 0.258 0.266 0.266 0.2545 0.2545 0.2545 0.2545 0.2545 0.2545 0.2545 0.2565 0.2565 0.2465 0.2465 0.2465 0.232 0.232 0.233 0.233 0.232
-1 -1 -1 -1 -1 -1 -1 -1 -1 -1 -1 -1 -1 -1 -1 -1 -1 -1 -1 -1 -1 -1 -1 -1 -1 -1 -1 -1 -1 -1 0.1405 0.1405 0.2915 0.2915 0.2915 0.2765 0.2765 0.2435 0.2435 0.2315 0.2315 0.2315 0.244 0.244 0.2525 0.2525 0.2515 0.2515 0.2515 0.2495 0.2495 0.249 0.249 0.247 0.247 0.258 0.258 0.258 0.266 0.266 0.2545 0.2545 0.2545 0.2545 0.2545 0.2545 0.2545 0.2565 0.2565 0.2465 0.2465 0.2465 0.232 0.232 0.233 0.233 0.232
-1 -1 -1 -1 -1 -1 -1 -1 -1 -1 -1 -1 -1 -1 -1 -1 -1 -1 -1 -1 -1 -1 -1 -1 -1 -1 -1 -1 0.09 0.09 0.307 0.307 0.3005 0.3005 0.3005 0.286 0.286 0.254 0.254 0.2455 0.2455 0.2455 0.243 0.243 0.24 0.24 0.248 0.248 0.248 0.2385 0.2385 0.239 0.239 0.2735 0.2735 0.291 0.291 0.291 0.2575 0.2575 0.262 0.262 0.262 0.262 0.262 0.2615 0.2615 0.252 0.252 0.261 0.261 0.261 0.2245 0.2245 0.2195 0.2195 0.231
-1 -1 -1 -1 -1 -1 -1 -1 -1 -1 -1 -1 -1 -1 -1 -1 -1 -1 -1 -1 -1 -1 -1 -1 -1 -1 -1 -1 0.09 0.09 0.307 0.307 0.3005 0.3005 0.3005 0.286 0.286 0.254 0.254 0.2455 0.2455 0.2455 0.243 0.243 0.24 0.24 0.248 0.248 0.248 0.2385 0.2385 0.239 0.239 0.2735 0.2735 0.291 0.291 0.291 0.2575 0.2575 0.262 0.262 0.262 0.262 0.262 0.2615 0.2615 0.252 0.252 0.261 0.261 0.261 0.2245 0.2245 0.2195 0.2195 0.231
-1 -1 -1 -1 -1 -1 -1 -1 -1 -1 -1 -1 -1 -1 -1 -1 -1 -1 -1 -1 -1 -1 -1 -1 -1 0.058 0.058 0.058 0.1955 0.1955 0.3155 0.3155 0.2915 0.2915 0.2915 0.2675 0.2675 0.2505 0.2505 0.26 0.26 0.26 0.2545 0.2545 0.255 0.255 0.242 0.242 0.242 0.2515 0.2515 0.2605 0.2605 0.254 0.254 0.2615 0.2615 0.2615 0.257 0.257 0.248 0.248 0.248 0.248 0.248 0.2655 0.2655 0.2615 0.2615 0.242 0.242 0.242 0.238 0.238 0.231 0.231 0.226
