ndvi/NOAA-5.asc
ncols         252
nrows         154
xllcorner     -18.017974
yllcorner     13.481982
cellsize      0.035948
NODATA_value  -9999
[rows 105 to 139 of 154, columns 154 to 230 of 252]
0.2385 0.2455 0.2455 0.245 0.245 0.245 0.236 0.236 0.243 0.243 0.246 0.246 0.239 0.239 0.239 0.231 0.231 0.2405 0.2405 0.2505 0.2505 0.2505 0.2475 0.2475 0.2385 0.2385 0.2465 0.2465 0.2465 0.2595 0.2595 0.245 0.245 0.252 0.252 0.252 0.2485 0.2485 0.2465 0.2465 0.2395 0.2395 0.2395 0.2495 0.2495 0.245 0.245 0.25 0.25 0.255 0.255 0.255 0.25 0.25 0.2675 0.2675 0.2565 0.2565 0.2565 0.227 0.227 0.2425 0.2425 0.243 0.243 0.243 0.2545 0.2545 0.254 0.254 0.227 0.227 0.227 0.2335 0.2335 0.1925 0.1925
0.244 0.244 0.244 0.263 0.263 0.263 0.2355 0.2355 0.2465 0.2465 0.272 0.272 0.261 0.261 0.261 0.234 0.234 0.2345 0.2345 0.2295 0.2295 0.2295 0.229 0.229 0.239 0.239 0.2375 0.2375 0.2375 0.276 0.276 0.2765 0.2765 0.259 0.259 0.259 0.266 0.266 0.2465 0.2465 0.257 0.257 0.257 0.254 0.254 0.262 0.262 0.2395 0.2395 0.253 0.253 0.253 0.2805 0.2805 0.299 0.299 0.2625 0.2625 0.2625 0.2535 0.2535 0.226 0.226 0.2325 0.2325 0.2325 0.234 0.234 0.229 0.229 0.229 0.229 0.229 0.2435 0.2435 0.249 0.249
0.244 0.244 0.244 0.263 0.263 0.263 0.2355 0.2355 0.2465 0.2465 0.272 0.272 0.261 0.261 0.261 0.234 0.234 0.2345 0.2345 0.2295 0.2295 0.2295 0.229 0.229 0.239 0.239 0.2375 0.2375 0.2375 0.276 0.276 0.2765 0.2765 0.259 0.259 0.259 0.266 0.266 0.2465 0.2465 0.257 0.257 0.257 0.254 0.254 0.262 0.262 0.2395 0.2395 0.253 0.253 0.253 0.2805 0.2805 0.299 0.299 0.2625 0.2625 0.2625 0.2535 0.2535 0.226 0.226 0.2325 0.2325 0.2325 0.234 0.234 0.229 0.229 0.229 0.229 0.229 0.2435 0.2435 0.249 0.249
0.23 0.2535 0.2535 0.269 0.269 0.269 0.286 0.286 0.286 0.286 0.271 0.271 0.2575 0.2575 0.2575 0.247 0.247 0.245 0.245 0.2345 0.2345 0.2345 0.241 0.241 0.2465 0.2465 0.2815 0.2815 0.2815 0.281 0.281 0.284 0.284 0.285 0.285 0.285 0.285 0.285 0.2775 0.2775 0.266 0.266 0.266 0.2725 0.2725 0.2695 0.2695 0.243 0.243 0.2625 0.2625 0.2625 0.263 0.263 0.3 0.3 0.267 0.267 0.267 0.249 0.249 0.248 0.248 0.254 0.254 0.254 0.2465 0.2465 0.2385 0.2385 0.266 0.266 0.266 0.2705 0.2705 0.268 0.268
0.23 0.2535 0.2535 0.269 0.269 0.269 0.286 0.286 0.286 0.286 0.271 0.271 0.2575 0.2575 0.2575 0.247 0.247 0.245 0.245 0.2345 0.2345 0.2345 0.241 0.241 0.2465 0.2465 0.2815 0.2815 0.2815 0.281 0.281 0.284 0.284 0.285 0.285 0.285 0.285 0.285 0.2775 0.2775 0.266 0.266 0.266 0.2725 0.2725 0.2695 0.2695 0.243 0.243 0.2625 0.2625 0.2625 0.263 0.263 0.3 0.3 0.267 0.267 0.267 0.249 0.249 0.248 0.248 0.254 0.254 0.254 0.2465 0.2465 0.2385 0.2385 0.266 0.266 0.266 0.2705 0.2705 0.268 0.268
0.2325 0.2635 0.2635 0.269 0.269 0.269 0.2795 0.2795 0.263 0.263 0.2655 0.2655 0.2635 0.2635 0.2635 0.255 0.255 0.2475 0.2475 0.246 0.246 0.246 0.2615 0.2615 0.2835 0.2835 0.2835 0.2835 0.2835 0.293 0.293 0.2795 0.2795 0.308 0.308 0.308 0.288 0.288 0.2945 0.2945 0.2635 0.2635 0.2635 0.278 0.278 0.2665 0.2665 0.2585 0.2585 0.2595 0.2595 0.2595 0.268 0.268 0.2735 0.2735 0.2835 0.2835 0.2835 0.2755 0.2755 0.2645 0.2645 0.2525 0.2525 0.2525 0.266 0.266 0.2535 0.2535 0.26 0.26 0.26 0.264 0.264 0.2615 0.2615
0.2325 0.2635 0.2635 0.269 0.269 0.269 0.2795 0.2795 0.263 0.263 0.2655 0.2655 0.2635 0.2635 0.2635 0.255 0.255 0.2475 0.2475 0.246 0.246 0.246 0.2615 0.2615 0.2835 0.2835 0.2835 0.2835 0.2835 0.293 0.293 0.2795 0.2795 0.308 0.308 0.308 0.288 0.288 0.2945 0.2945 0.2635 0.2635 0.2635 0.278 0.278 0.2665 0.2665 0.2585 0.2585 0.2595 0.2595 0.2595 0.268 0.268 0.2735 0.2735 0.2835 0.2835 0.2835 0.2755 0.2755 0.2645 0.2645 0.2525 0.2525 0.2525 0.266 0.266 0.2535 0.2535 0.26 0.26 0.26 0.264 0.264 0.2615 0.2615
0.2325 0.2635 0.2635 0.269 0.269 0.269 0.2795 0.2795 0.263 0.263 0.2655 0.2655 0.2635 0.2635 0.2635 0.255 0.255 0.2475 0.2475 0.246 0.246 0.246 0.2615 0.2615 0.2835 0.2835 0.2835 0.2835 0.2835 0.293 0.293 0.2795 0.2795 0.308 0.308 0.308 0.288 0.288 0.2945 0.2945 0.2635 0.2635 0.2635 0.278 0.278 0.2665 0.2665 0.2585 0.2585 0.2595 0.2595 0.2595 0.268 0.268 0.2735 0.2735 0.2835 0.2835 0.2835 0.2755 0.2755 0.2645 0.2645 0.2525 0.2525 0.2525 0.266 0.266 0.2535 0.2535 0.26 0.26 0.26 0.264 0.264 0.2615 0.2615
0.2395 0.2555 0.2555 0.2565 0.2565 0.2565 0.2715 0.2715 0.255 0.255 0.254 0.254 0.2645 0.2645 0.2645 0.28 0.28 0.295 0.295 0.294 0.294 0.294 0.273 0.273 0.288 0.288 0.292 0.292 0.292 0.289 0.289 0.2855 0.2855 0.2785 0.2785 0.2785 0.2715 0.2715 0.27 0.27 0.248 0.248 0.248 0.276 0.276 0.2735 0.2735 0.2705 0.2705 0.2885 0.2885 0.2885 0.263 0.263 0.2715 0.2715 0.2885 0.2885 0.2885 0.2725 0.2725 0.2625 0.2625 0.2595 0.2595 0.2595 0.258 0.258 0.257 0.257 0.2685 0.2685 0.2685 0.2705 0.2705 0.2635 0.2635
0.2395 0.2555 0.2555 0.2565 0.2565 0.2565 0.2715 0.2715 0.255 0.255 0.254 0.254 0.2645 0.2645 0.2645 0.28 0.28 0.295 0.295 0.294 0.294 0.294 0.273 0.273 0.288 0.288 0.292 0.292 0.292 0.289 0.289 0.2855 0.2855 0.2785 0.2785 0.2785 0.2715 0.2715 0.27 0.27 0.248 0.248 0.248 0.276 0.276 0.2735 0.2735 0.2705 0.2705 0.2885 0.2885 0.2885 0.263 0.263 0.2715 0.2715 0.2885 0.2885 0.2885 0.2725 0.2725 0.2625 0.2625 0.2595 0.2595 0.2595 0.258 0.258 0.257 0.257 0.2685 0.2685 0.2685 0.2705 0.2705 0.2635 0.2635
0.2415 0.2475 0.2475 0.2555 0.2555 0.2555 0.269 0.269 0.2565 0.2565 0.267 0.267 0.2695 0.2695 0.2695 0.2845 0.2845 0.2875 0.2875 0.2865 0.2865 0.2865 0.266 0.266 0.2775 0.2775 0.2845 0.2845 0.2845 0.295 0.295 0.2715 0.2715 0.286 0.286 0.286 0.282 0.282 0.259 0.259 0.2495 0.2495 0.2495 0.2755 0.2755 0.266 0.266 0.267 0.267 0.283 0.283 0.283 0.28 0.28 0.283 0.283 0.285 0.285 0.285 0.283 0.283 0.258 0.258 0.2555 0.2555 0.2555 0.274 0.274 0.2645 0.2645 0.2615 0.2615 0.2615 0.275 0.275 0.2645 0.2645
0.2415 0.2475 0.2475 0.2555 0.2555 0.2555 0.269 0.269 0.2565 0.2565 0.267 0.267 0.2695 0.2695 0.2695 0.2845 0.2845 0.2875 0.2875 0.2865 0.2865 0.2865 0.266 0.266 0.2775 0.2775 0.2845 0.2845 0.2845 0.295 0.295 0.2715 0.2715 0.286 0.286 0.286 0.282 0.282 0.259 0.259 0.2495 0.2495 0.2495 0.2755 0.2755 0.266 0.266 0.267 0.267 0.283 0.283 0.283 0.28 0.28 0.283 0.283 0.285 0.285 0.285 0.283 0.283 0.258 0.258 0.2555 0.2555 0.2555 0.274 0.274 0.2645 0.2645 0.2615 0.2615 0.2615 0.275 0.275 0.2645 0.2645
0.2605 0.2615 0.2615 0.281 0.281 0.281 0.2655 0.2655 0.271 0.271 0.282 0.282 0.276 0.276 0.276 0.285 0.285 0.2775 0.2775 0.283 0.283 0.283 0.2785 0.2785 0.2815 0.2815 0.2875 0.2875 0.2875 0.2755 0.2755 0.272 0.272 0.2765 0.2765 0.2765 0.2645 0.2645 0.264 0.264 0.28 0.28 0.28 0.268 0.268 0.29 0.29 0.271 0.271 0.291 0.291 0.291 0.298 0.298 0.2865 0.2865 0.2955 0.2955 0.2955 0.283 0.283 0.29 0.29 0.282 0.282 0.282 0.2915 0.2915 0.2915 0.2915 0.2875 0.2875 0.2875 0.2805 0.2805 0.2525 0.2525
0.2605 0.2615 0.2615 0.281 0.281 0.281 0.2655 0.2655 0.271 0.271 0.282 0.282 0.276 0.276 0.276 0.285 0.285 0.2775 0.2775 0.283 0.283 0.283 0.2785 0.2785 0.2815 0.2815 0.2875 0.2875 0.2875 0.2755 0.2755 0.272 0.272 0.2765 0.2765 0.2765 0.2645 0.2645 0.264 0.264 0.28 0.28 0.28 0.268 0.268 0.29 0.29 0.271 0.271 0.291 0.291 0.291 0.298 0.298 0.2865 0.2865 0.2955 0.2955 0.2955 0.283 0.283 0.29 0.29 0.282 0.282 0.282 0.2915 0.2915 0.2915 0.2915 0.2875 0.2875 0.2875 0.2805 0.2805 0.2525 0.2525
0.2605 0.2615 0.2615 0.281 0.281 0.281 0.2655 0.2655 0.271 0.271 0.282 0.282 0.276 0.276 0.276 0.285 0.285 0.2775 0.2775 0.283 0.283 0.283 0.2785 0.2785 0.2815 0.2815 0.2875 0.2875 0.2875 0.2755 0.2755 0.272 0.272 0.2765 0.2765 0.2765 0.2645 0.2645 0.264 0.264 0.28 0.28 0.28 0.268 0.268 0.29 0.29 0.271 0.271 0.291 0.291 0.291 0.298 0.298 0.2865 0.2865 0.2955 0.2955 0.2955 0.283 0.283 0.29 0.29 0.282 0.282 0.282 0.2915 0.2915 0.2915 0.2915 0.2875 0.2875 0.2875 0.2805 0.2805 0.2525 0.2525
0.265 0.28 0.28 0.2705 0.2705 0.2705 0.2655 0.2655 0.2905 0.2905 0.292 0.292 0.2885 0.2885 0.2885 0.299 0.299 0.3055 0.3055 0.2765 0.2765 0.2765 0.289 0.289 0.282 0.282 0.277 0.277 0.277 0.263 0.263 0.28 0.28 0.2805 0.2805 0.2805 0.2685 0.2685 0.2785 0.2785 0.263 0.263 0.263 0.285 0.285 0.286 0.286 0.282 0.282 0.273 0.273 0.273 0.298 0.298 0.2835 0.2835 0.296 0.296 0.296 0.2865 0.2865 0.285 0.285 0.296 0.296 0.296 0.2875 0.2875 0.272 0.272 0.273 0.273 0.273 0.2745 0.2745 0.2705 0.2705
0.265 0.28 0.28 0.2705 0.2705 0.2705 0.2655 0.2655 0.2905 0.2905 0.292 0.292 0.2885 0.2885 0.2885 0.299 0.299 0.3055 0.3055 0.2765 0.2765 0.2765 0.289 0.289 0.282 0.282 0.277 0.277 0.277 0.263 0.263 0.28 0.28 0.2805 0.2805 0.2805 0.2685 0.2685 0.2785 0.2785 0.263 0.263 0.263 0.285 0.285 0.286 0.286 0.282 0.282 0.273 0.273 0.273 0.298 0.298 0.2835 0.2835 0.296 0.296 0.296 0.2865 0.2865 0.285 0.285 0.296 0.296 0.296 0.2875 0.2875 0.272 0.272 0.273 0.273 0.273 0.2745 0.2745 0.2705 0.2705
0.274 0.279 0.279 0.2665 0.2665 0.2665 0.26 0.26 0.285 0.285 0.292 0.292 0.285 0.285 0.285 0.29 0.29 0.283 0.283 0.2985 0.2985 0.2985 0.2685 0.2685 0.2825 0.2825 0.2725 0.2725 0.2725 0.2775 0.2775 0.262 0.262 0.279 0.279 0.279 0.281 0.281 0.262 0.262 0.2625 0.2625 0.2625 0.3015 0.3015 0.2965 0.2965 0.305 0.305 0.2995 0.2995 0.2995 0.316 0.316 0.3155 0.3155 0.301 0.301 0.301 0.2945 0.2945 0.2745 0.2745 0.2745 0.2745 0.2745 0.2795 0.2795 0.282 0.282 0.302 0.302 0.302 0.295 0.295 0.29 0.29
0.274 0.279 0.279 0.2665 0.2665 0.2665 0.26 0.26 0.285 0.285 0.292 0.292 0.285 0.285 0.285 0.29 0.29 0.283 0.283 0.2985 0.2985 0.2985 0.2685 0.2685 0.2825 0.2825 0.2725 0.2725 0.2725 0.2775 0.2775 0.262 0.262 0.279 0.279 0.279 0.281 0.281 0.262 0.262 0.2625 0.2625 0.2625 0.3015 0.3015 0.2965 0.2965 0.305 0.305 0.2995 0.2995 0.2995 0.316 0.316 0.3155 0.3155 0.301 0.301 0.301 0.2945 0.2945 0.2745 0.2745 0.2745 0.2745 0.2745 0.2795 0.2795 0.282 0.282 0.302 0.302 0.302 0.295 0.295 0.29 0.29
0.287 0.2835 0.2835 0.276 0.276 0.276 0.2685 0.2685 0.2735 0.2735 0.2895 0.2895 0.282 0.282 0.282 0.278 0.278 0.2865 0.2865 0.301 0.301 0.301 0.2985 0.2985 0.279 0.279 0.2835 0.2835 0.2835 0.2785 0.2785 0.276 0.276 0.2815 0.2815 0.2815 0.258 0.258 0.2645 0.2645 0.2635 0.2635 0.2635 0.281 0.281 0.2815 0.2815 0.2945 0.2945 0.302 0.302 0.302 0.3035 0.3035 0.309 0.309 0.2975 0.2975 0.2975 0.303 0.303 0.299 0.299 0.282 0.282 0.282 0.2855 0.2855 0.287 0.287 0.3075 0.3075 0.3075 0.302 0.302 0.2925 0.2925
0.287 0.2835 0.2835 0.276 0.276 0.276 0.2685 0.2685 0.2735 0.2735 0.2895 0.2895 0.282 0.282 0.282 0.278 0.278 0.2865 0.2865 0.301 0.301 0.301 0.2985 0.2985 0.279 0.279 0.2835 0.2835 0.2835 0.2785 0.2785 0.276 0.276 0.2815 0.2815 0.2815 0.258 0.258 0.2645 0.2645 0.2635 0.2635 0.2635 0.281 0.281 0.2815 0.2815 0.2945 0.2945 0.302 0.302 0.302 0.3035 0.3035 0.309 0.309 0.2975 0.2975 0.2975 0.303 0.303 0.299 0.299 0.282 0.282 0.282 0.2855 0.2855 0.287 0.287 0.3075 0.3075 0.3075 0.302 0.302 0.2925 0.2925
0.2935 0.3045 0.3045 0.284 0.284 0.284 0.271 0.271 0.279 0.279 0.285 0.285 0.2845 0.2845 0.2845 0.2865 0.2865 0.3005 0.3005 0.2845 0.2845 0.2845 0.2785 0.2785 0.274 0.274 0.29 0.29 0.29 0.2935 0.2935 0.302 0.302 0.281 0.281 0.281 0.2725 0.2725 0.28 0.28 0.2935 0.2935 0.2935 0.2715 0.2715 0.312 0.312 0.302 0.302 0.3145 0.3145 0.3145 0.2945 0.2945 0.2935 0.2935 0.285 0.285 0.285 0.2885 0.2885 0.2765 0.2765 0.301 0.301 0.301 0.3035 0.3035 0.3155 0.3155 0.3025 0.3025 0.3025 0.3 0.3 0.2985 0.2985
0.2935 0.3045 0.3045 0.284 0.284 0.284 0.271 0.271 0.279 0.279 0.285 0.285 0.2845 0.2845 0.2845 0.2865 0.2865 0.3005 0.3005 0.2845 0.2845 0.2845 0.2785 0.2785 0.274 0.274 0.29 0.29 0.29 0.2935 0.2935 0.302 0.302 0.281 0.281 0.281 0.2725 0.2725 0.28 0.28 0.2935 0.2935 0.2935 0.2715 0.2715 0.312 0.312 0.302 0.302 0.3145 0.3145 0.3145 0.2945 0.2945 0.2935 0.2935 0.285 0.285 0.285 0.2885 0.2885 0.2765 0.2765 0.301 0.301 0.301 0.3035 0.3035 0.3155 0.3155 0.3025 0.3025 0.3025 0.3 0.3 0.2985 0.2985
0.2935 0.3045 0.3045 0.284 0.284 0.284 0.271 0.271 0.279 0.279 0.285 0.285 0.2845 0.2845 0.2845 0.2865 0.2865 0.3005 0.3005 0.2845 0.2845 0.2845 0.2785 0.2785 0.274 0.274 0.29 0.29 0.29 0.2935 0.2935 0.302 0.302 0.281 0.281 0.281 0.2725 0.2725 0.28 0.28 0.2935 0.2935 0.2935 0.2715 0.2715 0.312 0.312 0.302 0.302 0.3145 0.3145 0.3145 0.2945 0.2945 0.2935 0.2935 0.285 0.285 0.285 0.2885 0.2885 0.2765 0.2765 0.301 0.301 0.301 0.3035 0.3035 0.3155 0.3155 0.3025 0.3025 0.3025 0.3 0.3 0.2985 0.2985
0.3045 0.2945 0.2945 0.286 0.286 0.286 0.2735 0.2735 0.288 0.288 0.293 0.293 0.286 0.286 0.286 0.2955 0.2955 0.3035 0.3035 0.2765 0.2765 0.2765 0.2735 0.2735 0.281 0.281 0.2875 0.2875 0.2875 0.2745 0.2745 0.296 0.296 0.2715 0.2715 0.2715 0.2935 0.2935 0.2955 0.2955 0.263 0.263 0.263 0.271 0.271 0.2975 0.2975 0.292 0.292 0.2985 0.2985 0.2985 0.303 0.303 0.3045 0.3045 0.2845 0.2845 0.2845 0.295 0.295 0.3055 0.3055 0.299 0.299 0.299 0.3075 0.3075 0.297 0.297 0.2965 0.2965 0.2965 0.293 0.293 0.2815 0.2815
0.3045 0.2945 0.2945 0.286 0.286 0.286 0.2735 0.2735 0.288 0.288 0.293 0.293 0.286 0.286 0.286 0.2955 0.2955 0.3035 0.3035 0.2765 0.2765 0.2765 0.2735 0.2735 0.281 0.281 0.2875 0.2875 0.2875 0.2745 0.2745 0.296 0.296 0.2715 0.2715 0.2715 0.2935 0.2935 0.2955 0.2955 0.263 0.263 0.263 0.271 0.271 0.2975 0.2975 0.292 0.292 0.2985 0.2985 0.2985 0.303 0.303 0.3045 0.3045 0.2845 0.2845 0.2845 0.295 0.295 0.3055 0.3055 0.299 0.299 0.299 0.3075 0.3075 0.297 0.297 0.2965 0.2965 0.2965 0.293 0.293 0.2815 0.2815
0.3255 0.308 0.308 0.281 0.281 0.281 0.279 0.279 0.2935 0.2935 0.284 0.284 0.281 0.281 0.281 0.284 0.284 0.2865 0.2865 0.29 0.29 0.29 0.273 0.273 0.2735 0.2735 0.3095 0.3095 0.3095 0.322 0.322 0.3005 0.3005 0.2565 0.2565 0.2565 0.2985 0.2985 0.2955 0.2955 0.2825 0.2825 0.2825 0.322 0.322 0.3055 0.3055 0.2985 0.2985 0.3365 0.3365 0.3365 0.303 0.303 0.3175 0.3175 0.324 0.324 0.324 0.3365 0.3365 0.3085 0.3085 0.314 0.314 0.314 0.3165 0.3165 0.305 0.305 0.3105 0.3105 0.3105 0.315 0.315 0.298 0.298
0.3255 0.308 0.308 0.281 0.281 0.281 0.279 0.279 0.2935 0.2935 0.284 0.284 0.281 0.281 0.281 0.284 0.284 0.2865 0.2865 0.29 0.29 0.29 0.273 0.273 0.2735 0.2735 0.3095 0.3095 0.3095 0.322 0.322 0.3005 0.3005 0.2565 0.2565 0.2565 0.2985 0.2985 0.2955 0.2955 0.2825 0.2825 0.2825 0.322 0.322 0.3055 0.3055 0.2985 0.2985 0.3365 0.3365 0.3365 0.303 0.303 0.3175 0.3175 0.324 0.324 0.324 0.3365 0.3365 0.3085 0.3085 0.314 0.314 0.314 0.3165 0.3165 0.305 0.305 0.3105 0.3105 0.3105 0.315 0.315 0.298 0.298
0.3185 0.331 0.331 0.305 0.305 0.305 0.302 0.302 0.286 0.286 0.281 0.281 0.2915 0.2915 0.2915 0.333 0.333 0.2845 0.2845 0.283 0.283 0.283 0.2905 0.2905 0.309 0.309 0.314 0.314 0.314 0.301 0.301 0.3035 0.3035 0.2885 0.2885 0.2885 0.3 0.3 0.293 0.293 0.269 0.269 0.269 0.2765 0.2765 0.323 0.323 0.287 0.287 0.318 0.318 0.318 0.3225 0.3225 0.298 0.298 0.313 0.313 0.313 0.3295 0.3295 0.312 0.312 0.308 0.308 0.308 0.307 0.307 0.2875 0.2875 0.307 0.307 0.307 0.305 0.305 0.3 0.3
0.3185 0.331 0.331 0.305 0.305 0.305 0.302 0.302 0.286 0.286 0.281 0.281 0.2915 0.2915 0.2915 0.333 0.333 0.2845 0.2845 0.283 0.283 0.283 0.2905 0.2905 0.309 0.309 0.314 0.314 0.314 0.301 0.301 0.3035 0.3035 0.2885 0.2885 0.2885 0.3 0.3 0.293 0.293 0.269 0.269 0.269 0.2765 0.2765 0.323 0.323 0.287 0.287 0.318 0.318 0.318 0.3225 0.3225 0.298 0.298 0.313 0.313 0.313 0.3295 0.3295 0.312 0.312 0.308 0.308 0.308 0.307 0.307 0.2875 0.2875 0.307 0.307 0.307 0.305 0.305 0.3 0.3
0.3185 0.331 0.331 0.305 0.305 0.305 0.302 0.302 0.286 0.286 0.281 0.281 0.2915 0.2915 0.2915 0.333 0.333 0.2845 0.2845 0.283 0.283 0.283 0.2905 0.2905 0.309 0.309 0.314 0.314 0.314 0.301 0.301 0.3035 0.3035 0.2885 0.2885 0.2885 0.3 0.3 0.293 0.293 0.269 0.269 0.269 0.2765 0.2765 0.323 0.323 0.287 0.287 0.318 0.318 0.318 0.3225 0.3225 0.298 0.298 0.313 0.313 0.313 0.3295 0.3295 0.312 0.312 0.308 0.308 0.308 0.307 0.307 0.2875 0.2875 0.307 0.307 0.307 0.305 0.305 0.3 0.3
0.323 0.2935 0.2935 0.3085 0.3085 0.3085 0.293 0.293 0.2755 0.2755 0.307 0.307 0.3075 0.3075 0.3075 0.2905 0.2905 0.2935 0.2935 0.287 0.287 0.287 0.2985 0.2985 0.3045 0.3045 0.3215 0.3215 0.3215 0.3145 0.3145 0.3235 0.3235 0.2855 0.2855 0.2855 0.2765 0.2765 0.2575 0.2575 0.2965 0.2965 0.2965 0.293 0.293 0.3545 0.3545 0.322 0.322 0.3195 0.3195 0.3195 0.3025 0.3025 0.318 0.318 0.344 0.344 0.344 0.325 0.325 0.3255 0.3255 0.3115 0.3115 0.3115 0.3025 0.3025 0.3065 0.3065 0.322 0.322 0.322 0.3065 0.3065 0.29 0.29
0.323 0.2935 0.2935 0.3085 0.3085 0.3085 0.293 0.293 0.2755 0.2755 0.307 0.307 0.3075 0.3075 0.3075 0.2905 0.2905 0.2935 0.2935 0.287 0.287 0.287 0.2985 0.2985 0.3045 0.3045 0.3215 0.3215 0.3215 0.3145 0.3145 0.3235 0.3235 0.2855 0.2855 0.2855 0.2765 0.2765 0.2575 0.2575 0.2965 0.2965 0.2965 0.293 0.293 0.3545 0.3545 0.322 0.322 0.3195 0.3195 0.3195 0.3025 0.3025 0.318 0.318 0.344 0.344 0.344 0.325 0.325 0.3255 0.3255 0.3115 0.3115 0.3115 0.3025 0.3025 0.3065 0.3065 0.322 0.322 0.322 0.3065 0.3065 0.29 0.29
0.301 0.3385 0.3385 0.279 0.279 0.279 0.2715 0.2715 0.2985 0.2985 0.2715 0.2715 0.2795 0.2795 0.2795 0.283 0.283 0.303 0.303 0.303 0.303 0.303 0.2955 0.2955 0.2915 0.2915 0.3135 0.3135 0.3135 0.3025 0.3025 0.3115 0.3115 0.308 0.308 0.308 0.2865 0.2865 0.2895 0.2895 0.29 0.29 0.29 0.293 0.293 0.293 0.293 0.3015 0.3015 0.3095 0.3095 0.3095 0.2925 0.2925 0.309 0.309 0.3705 0.3705 0.3705 0.333 0.333 0.3155 0.3155 0.3165 0.3165 0.3165 0.3215 0.3215 0.298 0.298 0.318 0.318 0.318 0.307 0.307 0.29 0.29
0.301 0.3385 0.3385 0.279 0.279 0.279 0.2715 0.2715 0.2985 0.2985 0.2715 0.2715 0.2795 0.2795 0.2795 0.283 0.283 0.303 0.303 0.303 0.303 0.303 0.2955 0.2955 0.2915 0.2915 0.3135 0.3135 0.3135 0.3025 0.3025 0.3115 0.3115 0.308 0.308 0.308 0.2865 0.2865 0.2895 0.2895 0.29 0.29 0.29 0.293 0.293 0.293 0.293 0.3015 0.3015 0.3095 0.3095 0.3095 0.2925 0.2925 0.309 0.309 0.3705 0.3705 0.3705 0.333 0.333 0.3155 0.3155 0.3165 0.3165 0.3165 0.3215 0.3215 0.298 0.298 0.318 0.318 0.318 0.307 0.307 0.29 0.29
