ndvi/NOAA-179.asc
ncols         252
nrows         154
xllcorner     -18.017974
yllcorner     13.481982
cellsize      0.035948
NODATA_value  -9999
[rows 102 to 135 of 154, columns 77 to 153 of 252]
0.2885 0.2885 0.293 0.293 0.285 0.285 0.28 0.28 0.28 0.278 0.278 0.2735 0.2735 0.2535 0.2535 0.2615 0.2615 0.2615 0.2615 0.2615 0.277 0.277 0.307 0.307 0.307 0.275 0.275 0.264 0.264 0.287 0.287 0.287 0.2915 0.2915 0.295 0.295 0.2945 0.2945 0.2945 0.2985 0.2985 0.292 0.292 0.2955 0.2955 0.2955 0.2835 0.2835 0.2635 0.2635 0.282 0.282 0.282 0.282 0.282 0.2855 0.2855 0.2745 0.2745 0.256 0.256 0.256 0.2715 0.2715 0.2865 0.2865 0.2785 0.2785 0.2785 0.2775 0.2775 0.2525 0.2525 0.237 0.237 0.237 0.2485
0.3065 0.3065 0.3 0.3 0.296 0.296 0.2895 0.2895 0.2895 0.2775 0.2775 0.2925 0.2925 0.282 0.282 0.283 0.283 0.283 0.256 0.256 0.2735 0.2735 0.255 0.255 0.255 0.2575 0.2575 0.2995 0.2995 0.2735 0.2735 0.2735 0.285 0.285 0.2825 0.2825 0.3125 0.3125 0.3125 0.305 0.305 0.301 0.301 0.311 0.311 0.311 0.281 0.281 0.2625 0.2625 0.2785 0.2785 0.285 0.285 0.285 0.273 0.273 0.266 0.266 0.277 0.277 0.277 0.2595 0.2595 0.2645 0.2645 0.2535 0.2535 0.2535 0.2845 0.2845 0.265 0.265 0.2835 0.2835 0.2835 0.269
0.3065 0.3065 0.3 0.3 0.296 0.296 0.2895 0.2895 0.2895 0.2775 0.2775 0.2925 0.2925 0.282 0.282 0.283 0.283 0.283 0.256 0.256 0.2735 0.2735 0.255 0.255 0.255 0.2575 0.2575 0.2995 0.2995 0.2735 0.2735 0.2735 0.285 0.285 0.2825 0.2825 0.3125 0.3125 0.3125 0.305 0.305 0.301 0.301 0.311 0.311 0.311 0.281 0.281 0.2625 0.2625 0.2785 0.2785 0.285 0.285 0.285 0.273 0.273 0.266 0.266 0.277 0.277 0.277 0.2595 0.2595 0.2645 0.2645 0.2535 0.2535 0.2535 0.2845 0.2845 0.265 0.265 0.2835 0.2835 0.2835 0.269
0.3065 0.3065 0.3 0.3 0.296 0.296 0.2895 0.2895 0.2895 0.2775 0.2775 0.2925 0.2925 0.282 0.282 0.283 0.283 0.283 0.256 0.256 0.2735 0.2735 0.255 0.255 0.255 0.2575 0.2575 0.2995 0.2995 0.2735 0.2735 0.2735 0.285 0.285 0.2825 0.2825 0.3125 0.3125 0.3125 0.305 0.305 0.301 0.301 0.311 0.311 0.311 0.281 0.281 0.2625 0.2625 0.2785 0.2785 0.285 0.285 0.285 0.273 0.273 0.266 0.266 0.277 0.277 0.277 0.2595 0.2595 0.2645 0.2645 0.2535 0.2535 0.2535 0.2845 0.2845 0.265 0.265 0.2835 0.2835 0.2835 0.269
0.3215 0.3215 0.295 0.295 0.296 0.296 0.2955 0.2955 0.2955 0.294 0.294 0.2625 0.2625 0.297 0.297 0.2745 0.2745 0.2745 0.2855 0.2855 0.298 0.298 0.307 0.307 0.307 0.3135 0.3135 0.298 0.298 0.3145 0.3145 0.3145 0.3065 0.3065 0.2515 0.2515 0.28 0.28 0.28 0.278 0.278 0.2715 0.2715 0.275 0.275 0.275 0.277 0.277 0.303 0.303 0.299 0.299 0.3065 0.3065 0.3065 0.2855 0.2855 0.266 0.266 0.3295 0.3295 0.3295 0.279 0.279 0.2885 0.2885 0.307 0.307 0.307 0.2645 0.2645 0.263 0.263 0.2645 0.2645 0.2645 0.258
0.3215 0.3215 0.295 0.295 0.296 0.296 0.2955 0.2955 0.2955 0.294 0.294 0.2625 0.2625 0.297 0.297 0.2745 0.2745 0.2745 0.2855 0.2855 0.298 0.298 0.307 0.307 0.307 0.3135 0.3135 0.298 0.298 0.3145 0.3145 0.3145 0.3065 0.3065 0.2515 0.2515 0.28 0.28 0.28 0.278 0.278 0.2715 0.2715 0.275 0.275 0.275 0.277 0.277 0.303 0.303 0.299 0.299 0.3065 0.3065 0.3065 0.2855 0.2855 0.266 0.266 0.3295 0.3295 0.3295 0.279 0.279 0.2885 0.2885 0.307 0.307 0.307 0.2645 0.2645 0.263 0.263 0.2645 0.2645 0.2645 0.258
0.336 0.336 0.2785 0.2785 0.282 0.282 0.2685 0.2685 0.2685 0.277 0.277 0.275 0.275 0.2955 0.2955 0.2815 0.2815 0.2815 0.3275 0.3275 0.343 0.343 0.3275 0.3275 0.3275 0.34 0.34 0.3005 0.3005 0.2815 0.2815 0.2815 0.322 0.322 0.3005 0.3005 0.2835 0.2835 0.2835 0.278 0.278 0.2785 0.2785 0.2815 0.2815 0.2815 0.3175 0.3175 0.302 0.302 0.306 0.306 0.3295 0.3295 0.3295 0.3035 0.3035 0.2865 0.2865 0.2885 0.2885 0.2885 0.296 0.296 0.2935 0.2935 0.3045 0.3045 0.3045 0.264 0.264 0.2625 0.2625 0.2715 0.2715 0.2715 0.2645
0.336 0.336 0.2785 0.2785 0.282 0.282 0.2685 0.2685 0.2685 0.277 0.277 0.275 0.275 0.2955 0.2955 0.2815 0.2815 0.2815 0.3275 0.3275 0.343 0.343 0.3275 0.3275 0.3275 0.34 0.34 0.3005 0.3005 0.2815 0.2815 0.2815 0.322 0.322 0.3005 0.3005 0.2835 0.2835 0.2835 0.278 0.278 0.2785 0.2785 0.2815 0.2815 0.2815 0.3175 0.3175 0.302 0.302 0.306 0.306 0.3295 0.3295 0.3295 0.3035 0.3035 0.2865 0.2865 0.2885 0.2885 0.2885 0.296 0.296 0.2935 0.2935 0.3045 0.3045 0.3045 0.264 0.264 0.2625 0.2625 0.2715 0.2715 0.2715 0.2645
0.3375 0.3375 0.3095 0.3095 0.274 0.274 0.2585 0.2585 0.2585 0.29 0.29 0.3095 0.3095 0.3235 0.3235 0.343 0.343 0.343 0.349 0.349 0.3305 0.3305 0.317 0.317 0.317 0.3505 0.3505 0.302 0.302 0.313 0.313 0.313 0.2695 0.2695 0.3105 0.3105 0.3115 0.3115 0.3115 0.295 0.295 0.3285 0.3285 0.3315 0.3315 0.3315 0.326 0.326 0.2965 0.2965 0.3175 0.3175 0.331 0.331 0.331 0.3405 0.3405 0.3145 0.3145 0.337 0.337 0.337 0.338 0.338 0.2975 0.2975 0.3155 0.3155 0.3155 0.331 0.331 0.305 0.305 0.289 0.289 0.289 0.2665
0.3375 0.3375 0.3095 0.3095 0.274 0.274 0.2585 0.2585 0.2585 0.29 0.29 0.3095 0.3095 0.3235 0.3235 0.343 0.343 0.343 0.349 0.349 0.3305 0.3305 0.317 0.317 0.317 0.3505 0.3505 0.302 0.302 0.313 0.313 0.313 0.2695 0.2695 0.3105 0.3105 0.3115 0.3115 0.3115 0.295 0.295 0.3285 0.3285 0.3315 0.3315 0.3315 0.326 0.326 0.2965 0.2965 0.3175 0.3175 0.331 0.331 0.331 0.3405 0.3405 0.3145 0.3145 0.337 0.337 0.337 0.338 0.338 0.2975 0.2975 0.3155 0.3155 0.3155 0.331 0.331 0.305 0.305 0.289 0.289 0.289 0.2665
0.3375 0.3375 0.3095 0.3095 0.274 0.274 0.2585 0.2585 0.2585 0.29 0.29 0.3095 0.3095 0.3235 0.3235 0.343 0.343 0.343 0.349 0.349 0.3305 0.3305 0.317 0.317 0.317 0.3505 0.3505 0.302 0.302 0.313 0.313 0.313 0.2695 0.2695 0.3105 0.3105 0.3115 0.3115 0.3115 0.295 0.295 0.3285 0.3285 0.3315 0.3315 0.3315 0.326 0.326 0.2965 0.2965 0.3175 0.3175 0.331 0.331 0.331 0.3405 0.3405 0.3145 0.3145 0.337 0.337 0.337 0.338 0.338 0.2975 0.2975 0.3155 0.3155 0.3155 0.331 0.331 0.305 0.305 0.289 0.289 0.289 0.2665
0.2805 0.2805 0.294 0.294 0.315 0.315 0.306 0.306 0.306 0.3085 0.3085 0.3205 0.3205 0.296 0.296 0.3285 0.3285 0.3285 0.326 0.326 0.3035 0.3035 0.316 0.316 0.316 0.326 0.326 0.3145 0.3145 0.3175 0.3175 0.3175 0.2985 0.2985 0.2965 0.2965 0.338 0.338 0.338 0.3325 0.3325 0.3395 0.3395 0.3375 0.3375 0.3375 0.3405 0.3405 0.307 0.307 0.323 0.323 0.345 0.345 0.345 0.349 0.349 0.348 0.348 0.3105 0.3105 0.3105 0.314 0.314 0.3075 0.3075 0.3005 0.3005 0.3005 0.3155 0.3155 0.295 0.295 0.2655 0.2655 0.2655 0.258
0.2805 0.2805 0.294 0.294 0.315 0.315 0.306 0.306 0.306 0.3085 0.3085 0.3205 0.3205 0.296 0.296 0.3285 0.3285 0.3285 0.326 0.326 0.3035 0.3035 0.316 0.316 0.316 0.326 0.326 0.3145 0.3145 0.3175 0.3175 0.3175 0.2985 0.2985 0.2965 0.2965 0.338 0.338 0.338 0.3325 0.3325 0.3395 0.3395 0.3375 0.3375 0.3375 0.3405 0.3405 0.307 0.307 0.323 0.323 0.345 0.345 0.345 0.349 0.349 0.348 0.348 0.3105 0.3105 0.3105 0.314 0.314 0.3075 0.3075 0.3005 0.3005 0.3005 0.3155 0.3155 0.295 0.295 0.2655 0.2655 0.2655 0.258
0.299 0.299 0.317 0.317 0.305 0.305 0.32 0.32 0.32 0.2965 0.2965 0.2985 0.2985 0.3135 0.3135 0.309 0.309 0.309 0.334 0.334 0.3245 0.3245 0.319 0.319 0.319 0.3115 0.3115 0.311 0.311 0.294 0.294 0.294 0.297 0.297 0.2905 0.2905 0.3005 0.3005 0.3005 0.291 0.291 0.32 0.32 0.332 0.332 0.332 0.3175 0.3175 0.3185 0.3185 0.321 0.321 0.355 0.355 0.355 0.35 0.35 0.35 0.35 0.338 0.338 0.338 0.327 0.327 0.3375 0.3375 0.329 0.329 0.329 0.315 0.315 0.305 0.305 0.299 0.299 0.299 0.2675
0.299 0.299 0.317 0.317 0.305 0.305 0.32 0.32 0.32 0.2965 0.2965 0.2985 0.2985 0.3135 0.3135 0.309 0.309 0.309 0.334 0.334 0.3245 0.3245 0.319 0.319 0.319 0.3115 0.3115 0.311 0.311 0.294 0.294 0.294 0.297 0.297 0.2905 0.2905 0.3005 0.3005 0.3005 0.291 0.291 0.32 0.32 0.332 0.332 0.332 0.3175 0.3175 0.3185 0.3185 0.321 0.321 0.355 0.355 0.355 0.35 0.35 0.35 0.35 0.338 0.338 0.338 0.327 0.327 0.3375 0.3375 0.329 0.329 0.329 0.315 0.315 0.305 0.305 0.299 0.299 0.299 0.2675
0.3015 0.3015 0.286 0.286 0.2785 0.2785 0.316 0.316 0.316 0.3115 0.3115 0.307 0.307 0.299 0.299 0.322 0.322 0.322 0.302 0.302 0.2935 0.2935 0.3055 0.3055 0.3055 0.3085 0.3085 0.3045 0.3045 0.2955 0.2955 0.2955 0.271 0.271 0.2835 0.2835 0.2755 0.2755 0.2755 0.31 0.31 0.324 0.324 0.338 0.338 0.338 0.326 0.326 0.3435 0.3435 0.3015 0.3015 0.332 0.332 0.332 0.335 0.335 0.33 0.33 0.334 0.334 0.334 0.323 0.323 0.3465 0.3465 0.337 0.337 0.337 0.334 0.334 0.307 0.307 0.322 0.322 0.322 0.313
0.3015 0.3015 0.286 0.286 0.2785 0.2785 0.316 0.316 0.316 0.3115 0.3115 0.307 0.307 0.299 0.299 0.322 0.322 0.322 0.302 0.302 0.2935 0.2935 0.3055 0.3055 0.3055 0.3085 0.3085 0.3045 0.3045 0.2955 0.2955 0.2955 0.271 0.271 0.2835 0.2835 0.2755 0.2755 0.2755 0.31 0.31 0.324 0.324 0.338 0.338 0.338 0.326 0.326 0.3435 0.3435 0.3015 0.3015 0.332 0.332 0.332 0.335 0.335 0.33 0.33 0.334 0.334 0.334 0.323 0.323 0.3465 0.3465 0.337 0.337 0.337 0.334 0.334 0.307 0.307 0.322 0.322 0.322 0.313
0.3015 0.3015 0.286 0.286 0.2785 0.2785 0.316 0.316 0.316 0.3115 0.3115 0.307 0.307 0.299 0.299 0.322 0.322 0.322 0.302 0.302 0.2935 0.2935 0.3055 0.3055 0.3055 0.3085 0.3085 0.3045 0.3045 0.2955 0.2955 0.2955 0.271 0.271 0.2835 0.2835 0.2755 0.2755 0.2755 0.31 0.31 0.324 0.324 0.338 0.338 0.338 0.326 0.326 0.3435 0.3435 0.3015 0.3015 0.332 0.332 0.332 0.335 0.335 0.33 0.33 0.334 0.334 0.334 0.323 0.323 0.3465 0.3465 0.337 0.337 0.337 0.334 0.334 0.307 0.307 0.322 0.322 0.322 0.313
0.2695 0.2695 0.287 0.287 0.277 0.277 0.312 0.312 0.312 0.3155 0.3155 0.3055 0.3055 0.2915 0.2915 0.3005 0.3005 0.3005 0.3155 0.3155 0.2945 0.2945 0.303 0.303 0.303 0.3015 0.3015 0.331 0.331 0.3185 0.3185 0.3185 0.293 0.293 0.3095 0.3095 0.3255 0.3255 0.3255 0.327 0.327 0.35 0.35 0.349 0.349 0.349 0.3475 0.3475 0.337 0.337 0.325 0.325 0.344 0.344 0.344 0.3205 0.3205 0.333 0.333 0.362 0.362 0.362 0.3285 0.3285 0.328 0.328 0.326 0.326 0.326 0.3345 0.3345 0.303 0.303 0.2775 0.2775 0.2775 0.276
0.2695 0.2695 0.287 0.287 0.277 0.277 0.312 0.312 0.312 0.3155 0.3155 0.3055 0.3055 0.2915 0.2915 0.3005 0.3005 0.3005 0.3155 0.3155 0.2945 0.2945 0.303 0.303 0.303 0.3015 0.3015 0.331 0.331 0.3185 0.3185 0.3185 0.293 0.293 0.3095 0.3095 0.3255 0.3255 0.3255 0.327 0.327 0.35 0.35 0.349 0.349 0.349 0.3475 0.3475 0.337 0.337 0.325 0.325 0.344 0.344 0.344 0.3205 0.3205 0.333 0.333 0.362 0.362 0.362 0.3285 0.3285 0.328 0.328 0.326 0.326 0.326 0.3345 0.3345 0.303 0.303 0.2775 0.2775 0.2775 0.276
0.241 0.241 0.2635 0.2635 0.2885 0.2885 0.314 0.314 0.314 0.322 0.322 0.3015 0.3015 0.3245 0.3245 0.3295 0.3295 0.3295 0.337 0.337 0.293 0.293 0.2995 0.2995 0.2995 0.2915 0.2915 0.344 0.344 0.3425 0.3425 0.3425 0.322 0.322 0.3195 0.3195 0.3445 0.3445 0.3445 0.3315 0.3315 0.3315 0.3315 0.335 0.335 0.335 0.3215 0.3215 0.3485 0.3485 0.327 0.327 0.338 0.338 0.338 0.3105 0.3105 0.321 0.321 0.3375 0.3375 0.3375 0.347 0.347 0.337 0.337 0.326 0.326 0.326 0.326 0.326 0.292 0.292 0.2995 0.2995 0.2995 0.2865
0.241 0.241 0.2635 0.2635 0.2885 0.2885 0.314 0.314 0.314 0.322 0.322 0.3015 0.3015 0.3245 0.3245 0.3295 0.3295 0.3295 0.337 0.337 0.293 0.293 0.2995 0.2995 0.2995 0.2915 0.2915 0.344 0.344 0.3425 0.3425 0.3425 0.322 0.322 0.3195 0.3195 0.3445 0.3445 0.3445 0.3315 0.3315 0.3315 0.3315 0.335 0.335 0.335 0.3215 0.3215 0.3485 0.3485 0.327 0.327 0.338 0.338 0.338 0.3105 0.3105 0.321 0.321 0.3375 0.3375 0.3375 0.347 0.347 0.337 0.337 0.326 0.326 0.326 0.326 0.326 0.292 0.292 0.2995 0.2995 0.2995 0.2865
0.2985 0.2985 0.314 0.314 0.297 0.297 0.3005 0.3005 0.3005 0.3235 0.3235 0.292 0.292 0.328 0.328 0.3115 0.3115 0.3115 0.308 0.308 0.316 0.316 0.3345 0.3345 0.3345 0.3505 0.3505 0.326 0.326 0.3465 0.3465 0.3465 0.336 0.336 0.307 0.307 0.3165 0.3165 0.3165 0.3395 0.3395 0.344 0.344 0.3445 0.3445 0.3445 0.3155 0.3155 0.329 0.329 0.313 0.313 0.341 0.341 0.341 0.2865 0.2865 0.312 0.312 0.3225 0.3225 0.3225 0.3255 0.3255 0.3075 0.3075 0.3105 0.3105 0.3105 0.3055 0.3055 0.3045 0.3045 0.2945 0.2945 0.2945 0.295
0.2985 0.2985 0.314 0.314 0.297 0.297 0.3005 0.3005 0.3005 0.3235 0.3235 0.292 0.292 0.328 0.328 0.3115 0.3115 0.3115 0.308 0.308 0.316 0.316 0.3345 0.3345 0.3345 0.3505 0.3505 0.326 0.326 0.3465 0.3465 0.3465 0.336 0.336 0.307 0.307 0.3165 0.3165 0.3165 0.3395 0.3395 0.344 0.344 0.3445 0.3445 0.3445 0.3155 0.3155 0.329 0.329 0.313 0.313 0.341 0.341 0.341 0.2865 0.2865 0.312 0.312 0.3225 0.3225 0.3225 0.3255 0.3255 0.3075 0.3075 0.3105 0.3105 0.3105 0.3055 0.3055 0.3045 0.3045 0.2945 0.2945 0.2945 0.295
0.318 0.318 0.2875 0.2875 0.252 0.252 0.2895 0.2895 0.2895 0.3045 0.3045 0.312 0.312 0.2985 0.2985 0.2995 0.2995 0.2995 0.32 0.32 0.325 0.325 0.3265 0.3265 0.3265 0.351 0.351 0.336 0.336 0.3165 0.3165 0.3165 0.3185 0.3185 0.3615 0.3615 0.334 0.334 0.334 0.3791 0.3791 0.338 0.338 0.3585 0.3585 0.3585 0.357 0.357 0.348 0.348 0.321 0.321 0.2925 0.2925 0.2925 0.31 0.31 0.3405 0.3405 0.3295 0.3295 0.3295 0.324 0.324 0.291 0.291 0.3165 0.3165 0.3165 0.3015 0.3015 0.2975 0.2975 0.2885 0.2885 0.2885 0.279
0.318 0.318 0.2875 0.2875 0.252 0.252 0.2895 0.2895 0.2895 0.3045 0.3045 0.312 0.312 0.2985 0.2985 0.2995 0.2995 0.2995 0.32 0.32 0.325 0.325 0.3265 0.3265 0.3265 0.351 0.351 0.336 0.336 0.3165 0.3165 0.3165 0.3185 0.3185 0.3615 0.3615 0.334 0.334 0.334 0.3791 0.3791 0.338 0.338 0.3585 0.3585 0.3585 0.357 0.357 0.348 0.348 0.321 0.321 0.2925 0.2925 0.2925 0.31 0.31 0.3405 0.3405 0.3295 0.3295 0.3295 0.324 0.324 0.291 0.291 0.3165 0.3165 0.3165 0.3015 0.3015 0.2975 0.2975 0.2885 0.2885 0.2885 0.279
0.318 0.318 0.2875 0.2875 0.252 0.252 0.2895 0.2895 0.2895 0.3045 0.3045 0.312 0.312 0.2985 0.2985 0.2995 0.2995 0.2995 0.32 0.32 0.325 0.325 0.3265 0.3265 0.3265 0.351 0.351 0.336 0.336 0.3165 0.3165 0.3165 0.3185 0.3185 0.3615 0.3615 0.334 0.334 0.334 0.3791 0.3791 0.338 0.338 0.3585 0.3585 0.3585 0.357 0.357 0.348 0.348 0.321 0.321 0.2925 0.2925 0.2925 0.31 0.31 0.3405 0.3405 0.3295 0.3295 0.3295 0.324 0.324 0.291 0.291 0.3165 0.3165 0.3165 0.3015 0.3015 0.2975 0.2975 0.2885 0.2885 0.2885 0.279
0.313 0.313 0.3175 0.3175 0.2915 0.2915 0.2885 0.2885 0.2885 0.278 0.278 0.2745 0.2745 0.3135 0.3135 0.3205 0.3205 0.3205 0.281 0.281 0.323 0.323 0.307 0.307 0.307 0.3435 0.3435 0.331 0.331 0.369 0.369 0.369 0.3025 0.3025 0.275 0.275 0.317 0.317 0.317 0.3085 0.3085 0.345 0.345 0.382 0.382 0.382 0.3225 0.3225 0.3265 0.3265 0.3125 0.3125 0.31 0.31 0.31 0.342 0.342 0.312 0.312 0.3405 0.3405 0.3405 0.321 0.321 0.3075 0.3075 0.3185 0.3185 0.3185 0.3125 0.3125 0.288 0.288 0.2885 0.2885 0.2885 0.319
0.313 0.313 0.3175 0.3175 0.2915 0.2915 0.2885 0.2885 0.2885 0.278 0.278 0.2745 0.2745 0.3135 0.3135 0.3205 0.3205 0.3205 0.281 0.281 0.323 0.323 0.307 0.307 0.307 0.3435 0.3435 0.331 0.331 0.369 0.369 0.369 0.3025 0.3025 0.275 0.275 0.317 0.317 0.317 0.3085 0.3085 0.345 0.345 0.382 0.382 0.382 0.3225 0.3225 0.3265 0.3265 0.3125 0.3125 0.31 0.31 0.31 0.342 0.342 0.312 0.312 0.3405 0.3405 0.3405 0.321 0.321 0.3075 0.3075 0.3185 0.3185 0.3185 0.3125 0.3125 0.288 0.288 0.2885 0.2885 0.2885 0.319
0.3565 0.3565 0.3455 0.3455 0.31 0.31 0.3 0.3 0.3 0.3105 0.3105 0.3395 0.3395 0.321 0.321 0.3205 0.3205 0.3205 0.329 0.329 0.2815 0.2815 0.353 0.353 0.353 0.3435 0.3435 0.3976 0.3976 0.3716 0.3716 0.3716 0.3105 0.3105 0.3655 0.3655 0.3375 0.3375 0.3375 0.3375 0.3375 0.34 0.34 0.3195 0.3195 0.3195 0.3335 0.3335 0.3175 0.3175 0.348 0.348 0.3255 0.3255 0.3255 0.3115 0.3115 0.335 0.335 0.3485 0.3485 0.3485 0.3025 0.3025 0.323 0.323 0.3065 0.3065 0.3065 0.3235 0.3235 0.322 0.322 0.326 0.326 0.326 0.388
0.3565 0.3565 0.3455 0.3455 0.31 0.31 0.3 0.3 0.3 0.3105 0.3105 0.3395 0.3395 0.321 0.321 0.3205 0.3205 0.3205 0.329 0.329 0.2815 0.2815 0.353 0.353 0.353 0.3435 0.3435 0.3976 0.3976 0.3716 0.3716 0.3716 0.3105 0.3105 0.3655 0.3655 0.3375 0.3375 0.3375 0.3375 0.3375 0.34 0.34 0.3195 0.3195 0.3195 0.3335 0.3335 0.3175 0.3175 0.348 0.348 0.3255 0.3255 0.3255 0.3115 0.3115 0.335 0.335 0.3485 0.3485 0.3485 0.3025 0.3025 0.323 0.323 0.3065 0.3065 0.3065 0.3235 0.3235 0.322 0.322 0.326 0.326 0.326 0.388
0.363 0.363 0.3415 0.3415 0.3515 0.3515 0.292 0.292 0.292 0.2985 0.2985 0.335 0.335 0.318 0.318 0.3345 0.3345 0.3345 0.3395 0.3395 0.305 0.305 0.337 0.337 0.337 0.304 0.304 0.35 0.35 0.368 0.368 0.368 0.3245 0.3245 0.4116 0.4116 0.3836 0.3836 0.3836 0.3425 0.3425 0.342 0.342 0.369 0.369 0.369 0.37 0.37 0.3505 0.3505 0.3545 0.3545 0.351 0.351 0.351 0.337 0.337 0.3185 0.3185 0.323 0.323 0.323 0.338 0.338 0.318 0.318 0.3725 0.3725 0.3725 0.3825 0.3825 0.352 0.352 0.316 0.316 0.316 0.372
0.363 0.363 0.3415 0.3415 0.3515 0.3515 0.292 0.292 0.292 0.2985 0.2985 0.335 0.335 0.318 0.318 0.3345 0.3345 0.3345 0.3395 0.3395 0.305 0.305 0.337 0.337 0.337 0.304 0.304 0.35 0.35 0.368 0.368 0.368 0.3245 0.3245 0.4116 0.4116 0.3836 0.3836 0.3836 0.3425 0.3425 0.342 0.342 0.369 0.369 0.369 0.37 0.37 0.3505 0.3505 0.3545 0.3545 0.351 0.351 0.351 0.337 0.337 0.3185 0.3185 0.323 0.323 0.323 0.338 0.338 0.318 0.318 0.3725 0.3725 0.3725 0.3825 0.3825 0.352 0.352 0.316 0.316 0.316 0.372
0.363 0.363 0.3415 0.3415 0.3515 0.3515 0.292 0.292 0.292 0.2985 0.2985 0.335 0.335 0.318 0.318 0.3345 0.3345 0.3345 0.3395 0.3395 0.305 0.305 0.337 0.337 0.337 0.304 0.304 0.35 0.35 0.368 0.368 0.368 0.3245 0.3245 0.4116 0.4116 0.3836 0.3836 0.3836 0.3425 0.3425 0.342 0.342 0.369 0.369 0.369 0.37 0.37 0.3505 0.3505 0.3545 0.3545 0.351 0.351 0.351 0.337 0.337 0.3185 0.3185 0.323 0.323 0.323 0.338 0.338 0.318 0.318 0.3725 0.3725 0.3725 0.3825 0.3825 0.352 0.352 0.316 0.316 0.316 0.372
