ndvi/NOAA-283.asc
ncols         252
nrows         154
xllcorner     -18.017974
yllcorner     13.481982
cellsize      0.035948
NODATA_value  -9999
[rows 102 to 135 of 154, columns 152 to 227 of 252]
0.286 0.2635 0.2635 0.259 0.259 0.2265 0.2265 0.2265 0.2125 0.2125 0.191 0.191 0.258 0.258 0.273 0.273 0.273 0.237 0.237 0.2775 0.2775 0.2865 0.2865 0.2865 0.2745 0.2745 0.26 0.26 0.3226 0.3226 0.3226 0.295 0.295 0.3325 0.3325 0.3235 0.3235 0.3235 0.3265 0.3265 0.3585 0.3585 0.343 0.343 0.343 0.34 0.34 0.3315 0.3315 0.3305 0.3305 0.354 0.354 0.354 0.2865 0.2865 0.3015 0.3015 0.329 0.329 0.329 0.3425 0.3425 0.339 0.339 0.341 0.341 0.341 0.311 0.311 0.335 0.335 0.3945 0.3945 0.3945 0.3985
0.2595 0.2475 0.2475 0.2185 0.2185 0.229 0.229 0.229 0.2085 0.2085 0.23 0.23 0.272 0.272 0.2765 0.2765 0.2765 0.253 0.253 0.253 0.253 0.2861 0.2861 0.2861 0.2926 0.2926 0.256 0.256 0.277 0.277 0.277 0.3066 0.3066 0.3081 0.3081 0.35 0.35 0.35 0.3446 0.3446 0.3355 0.3355 0.2985 0.2985 0.2985 0.3081 0.3081 0.3415 0.3415 0.365 0.365 0.3825 0.3825 0.3825 0.3476 0.3476 0.3701 0.3701 0.3635 0.3635 0.3635 0.3525 0.3525 0.353 0.353 0.341 0.341 0.341 0.339 0.339 0.3695 0.3695 0.3405 0.3405 0.3405 0.3455
0.2595 0.2475 0.2475 0.2185 0.2185 0.229 0.229 0.229 0.2085 0.2085 0.23 0.23 0.272 0.272 0.2765 0.2765 0.2765 0.253 0.253 0.253 0.253 0.2861 0.2861 0.2861 0.2926 0.2926 0.256 0.256 0.277 0.277 0.277 0.3066 0.3066 0.3081 0.3081 0.35 0.35 0.35 0.3446 0.3446 0.3355 0.3355 0.2985 0.2985 0.2985 0.3081 0.3081 0.3415 0.3415 0.365 0.365 0.3825 0.3825 0.3825 0.3476 0.3476 0.3701 0.3701 0.3635 0.3635 0.3635 0.3525 0.3525 0.353 0.353 0.341 0.341 0.341 0.339 0.339 0.3695 0.3695 0.3405 0.3405 0.3405 0.3455
0.2595 0.2475 0.2475 0.2185 0.2185 0.229 0.229 0.229 0.2085 0.2085 0.23 0.23 0.272 0.272 0.2765 0.2765 0.2765 0.253 0.253 0.253 0.253 0.2861 0.2861 0.2861 0.2926 0.2926 0.256 0.256 0.277 0.277 0.277 0.3066 0.3066 0.3081 0.3081 0.35 0.35 0.35 0.3446 0.3446 0.3355 0.3355 0.2985 0.2985 0.2985 0.3081 0.3081 0.3415 0.3415 0.365 0.365 0.3825 0.3825 0.3825 0.3476 0.3476 0.3701 0.3701 0.3635 0.3635 0.3635 0.3525 0.3525 0.353 0.353 0.341 0.341 0.341 0.339 0.339 0.3695 0.3695 0.3405 0.3405 0.3405 0.3455
0.2495 0.227 0.227 0.252 0.252 0.2685 0.2685 0.2685 0.251 0.251 0.3045 0.3045 0.3535 0.3535 0.3355 0.3355 0.3355 0.2365 0.2365 0.2591 0.2591 0.279 0.279 0.279 0.305 0.305 0.3055 0.3055 0.3185 0.3185 0.3185 0.3495 0.3495 0.357 0.357 0.3616 0.3616 0.3616 0.3825 0.3825 0.373 0.373 0.3495 0.3495 0.3495 0.3755 0.3755 0.3265 0.3265 0.4055 0.4055 0.403 0.403 0.403 0.375 0.375 0.481 0.481 0.4325 0.4325 0.4325 0.345 0.345 0.354 0.354 0.4205 0.4205 0.4205 0.4195 0.4195 0.4005 0.4005 0.4165 0.4165 0.4165 0.429
0.2495 0.227 0.227 0.252 0.252 0.2685 0.2685 0.2685 0.251 0.251 0.3045 0.3045 0.3535 0.3535 0.3355 0.3355 0.3355 0.2365 0.2365 0.2591 0.2591 0.279 0.279 0.279 0.305 0.305 0.3055 0.3055 0.3185 0.3185 0.3185 0.3495 0.3495 0.357 0.357 0.3616 0.3616 0.3616 0.3825 0.3825 0.373 0.373 0.3495 0.3495 0.3495 0.3755 0.3755 0.3265 0.3265 0.4055 0.4055 0.403 0.403 0.403 0.375 0.375 0.481 0.481 0.4325 0.4325 0.4325 0.345 0.345 0.354 0.354 0.4205 0.4205 0.4205 0.4195 0.4195 0.4005 0.4005 0.4165 0.4165 0.4165 0.429
0.235 0.239 0.239 0.2795 0.2795 0.283 0.283 0.283 0.3235 0.3235 0.323 0.323 0.2945 0.2945 0.2685 0.2685 0.2685 0.265 0.265 0.2255 0.2255 0.2355 0.2355 0.2355 0.2485 0.2485 0.311 0.311 0.3175 0.3175 0.3175 0.3465 0.3465 0.3545 0.3545 0.3795 0.3795 0.3795 0.4065 0.4065 0.3885 0.3885 0.3835 0.3835 0.3835 0.355 0.355 0.391 0.391 0.441 0.441 0.361 0.361 0.361 0.434 0.434 0.4725 0.4725 0.438 0.438 0.438 0.381 0.381 0.402 0.402 0.436 0.436 0.436 0.4055 0.4055 0.4275 0.4275 0.448 0.448 0.448 0.4295
0.235 0.239 0.239 0.2795 0.2795 0.283 0.283 0.283 0.3235 0.3235 0.323 0.323 0.2945 0.2945 0.2685 0.2685 0.2685 0.265 0.265 0.2255 0.2255 0.2355 0.2355 0.2355 0.2485 0.2485 0.311 0.311 0.3175 0.3175 0.3175 0.3465 0.3465 0.3545 0.3545 0.3795 0.3795 0.3795 0.4065 0.4065 0.3885 0.3885 0.3835 0.3835 0.3835 0.355 0.355 0.391 0.391 0.441 0.441 0.361 0.361 0.361 0.434 0.434 0.4725 0.4725 0.438 0.438 0.438 0.381 0.381 0.402 0.402 0.436 0.436 0.436 0.4055 0.4055 0.4275 0.4275 0.448 0.448 0.448 0.4295
0.259 0.256 0.256 0.2655 0.2655 0.2685 0.2685 0.2685 0.322 0.322 0.3025 0.3025 0.2995 0.2995 0.291 0.291 0.291 0.2565 0.2565 0.269 0.269 0.2745 0.2745 0.2745 0.317 0.317 0.305 0.305 0.366 0.366 0.366 0.404 0.404 0.3975 0.3975 0.4025 0.4025 0.4025 0.434 0.434 0.401 0.401 0.419 0.419 0.419 0.402 0.402 0.377 0.377 0.3766 0.3766 0.392 0.392 0.392 0.479 0.479 0.4485 0.4485 0.457 0.457 0.457 0.413 0.413 0.398 0.398 0.4235 0.4235 0.4235 0.4055 0.4055 0.4495 0.4495 0.4525 0.4525 0.4525 0.437
0.259 0.256 0.256 0.2655 0.2655 0.2685 0.2685 0.2685 0.322 0.322 0.3025 0.3025 0.2995 0.2995 0.291 0.291 0.291 0.2565 0.2565 0.269 0.269 0.2745 0.2745 0.2745 0.317 0.317 0.305 0.305 0.366 0.366 0.366 0.404 0.404 0.3975 0.3975 0.4025 0.4025 0.4025 0.434 0.434 0.401 0.401 0.419 0.419 0.419 0.402 0.402 0.377 0.377 0.3766 0.3766 0.392 0.392 0.392 0.479 0.479 0.4485 0.4485 0.457 0.457 0.457 0.413 0.413 0.398 0.398 0.4235 0.4235 0.4235 0.4055 0.4055 0.4495 0.4495 0.4525 0.4525 0.4525 0.437
0.259 0.256 0.256 0.2655 0.2655 0.2685 0.2685 0.2685 0.322 0.322 0.3025 0.3025 0.2995 0.2995 0.291 0.291 0.291 0.2565 0.2565 0.269 0.269 0.2745 0.2745 0.2745 0.317 0.317 0.305 0.305 0.366 0.366 0.366 0.404 0.404 0.3975 0.3975 0.4025 0.4025 0.4025 0.434 0.434 0.401 0.401 0.419 0.419 0.419 0.402 0.402 0.377 0.377 0.3766 0.3766 0.392 0.392 0.392 0.479 0.479 0.4485 0.4485 0.457 0.457 0.457 0.413 0.413 0.398 0.398 0.4235 0.4235 0.4235 0.4055 0.4055 0.4495 0.4495 0.4525 0.4525 0.4525 0.437
0.277 0.2605 0.2605 0.2706 0.2706 0.2605 0.2605 0.2605 0.3271 0.3271 0.294 0.294 0.3265 0.3265 0.339 0.339 0.339 0.385 0.385 0.3975 0.3975 0.375 0.375 0.375 0.35 0.35 0.398 0.398 0.384 0.384 0.384 0.4135 0.4135 0.419 0.419 0.423 0.423 0.423 0.443 0.443 0.446 0.446 0.378 0.378 0.378 0.424 0.424 0.387 0.387 0.423 0.423 0.473 0.473 0.473 0.4675 0.4675 0.4695 0.4695 0.4175 0.4175 0.4175 0.4091 0.4091 0.4175 0.4175 0.424 0.424 0.424 0.4265 0.4265 0.405 0.405 0.406 0.406 0.406 0.3985
0.277 0.2605 0.2605 0.2706 0.2706 0.2605 0.2605 0.2605 0.3271 0.3271 0.294 0.294 0.3265 0.3265 0.339 0.339 0.339 0.385 0.385 0.3975 0.3975 0.375 0.375 0.375 0.35 0.35 0.398 0.398 0.384 0.384 0.384 0.4135 0.4135 0.419 0.419 0.423 0.423 0.423 0.443 0.443 0.446 0.446 0.378 0.378 0.378 0.424 0.424 0.387 0.387 0.423 0.423 0.473 0.473 0.473 0.4675 0.4675 0.4695 0.4695 0.4175 0.4175 0.4175 0.4091 0.4091 0.4175 0.4175 0.424 0.424 0.424 0.4265 0.4265 0.405 0.405 0.406 0.406 0.406 0.3985
0.3105 0.2395 0.2395 0.3211 0.3211 0.299 0.299 0.299 0.2725 0.2725 0.3075 0.3075 0.3455 0.3455 0.3775 0.3775 0.3775 0.435 0.435 0.431 0.431 0.389 0.389 0.389 0.4225 0.4225 0.429 0.429 0.4155 0.4155 0.4155 0.438 0.438 0.46 0.46 0.4285 0.4285 0.4285 0.3775 0.3775 0.35 0.35 0.3765 0.3765 0.3765 0.386 0.386 0.4325 0.4325 0.448 0.448 0.499 0.499 0.499 0.481 0.481 0.4695 0.4695 0.4625 0.4625 0.4625 0.4555 0.4555 0.4755 0.4755 0.4485 0.4485 0.4485 0.41 0.41 0.4065 0.4065 0.4185 0.4185 0.4185 0.4895
0.3105 0.2395 0.2395 0.3211 0.3211 0.299 0.299 0.299 0.2725 0.2725 0.3075 0.3075 0.3455 0.3455 0.3775 0.3775 0.3775 0.435 0.435 0.431 0.431 0.389 0.389 0.389 0.4225 0.4225 0.429 0.429 0.4155 0.4155 0.4155 0.438 0.438 0.46 0.46 0.4285 0.4285 0.4285 0.3775 0.3775 0.35 0.35 0.3765 0.3765 0.3765 0.386 0.386 0.4325 0.4325 0.448 0.448 0.499 0.499 0.499 0.481 0.481 0.4695 0.4695 0.4625 0.4625 0.4625 0.4555 0.4555 0.4755 0.4755 0.4485 0.4485 0.4485 0.41 0.41 0.4065 0.4065 0.4185 0.4185 0.4185 0.4895
0.39 0.332 0.332 0.3065 0.3065 0.3931 0.3931 0.3931 0.2605 0.2605 0.287 0.287 0.336 0.336 0.4155 0.4155 0.4155 0.419 0.419 0.42 0.42 0.4276 0.4276 0.4276 0.442 0.442 0.4655 0.4655 0.4305 0.4305 0.4305 0.4135 0.4135 0.4 0.4 0.4201 0.4201 0.4201 0.366 0.366 0.2955 0.2955 0.3225 0.3225 0.3225 0.343 0.343 0.442 0.442 0.474 0.474 0.497 0.497 0.497 0.498 0.498 0.517 0.517 0.54 0.54 0.54 0.423 0.423 0.515 0.515 0.492 0.492 0.492 0.4655 0.4655 0.48 0.48 0.5085 0.5085 0.5085 0.493
0.39 0.332 0.332 0.3065 0.3065 0.3931 0.3931 0.3931 0.2605 0.2605 0.287 0.287 0.336 0.336 0.4155 0.4155 0.4155 0.419 0.419 0.42 0.42 0.4276 0.4276 0.4276 0.442 0.442 0.4655 0.4655 0.4305 0.4305 0.4305 0.4135 0.4135 0.4 0.4 0.4201 0.4201 0.4201 0.366 0.366 0.2955 0.2955 0.3225 0.3225 0.3225 0.343 0.343 0.442 0.442 0.474 0.474 0.497 0.497 0.497 0.498 0.498 0.517 0.517 0.54 0.54 0.54 0.423 0.423 0.515 0.515 0.492 0.492 0.492 0.4655 0.4655 0.48 0.48 0.5085 0.5085 0.5085 0.493
0.39 0.332 0.332 0.3065 0.3065 0.3931 0.3931 0.3931 0.2605 0.2605 0.287 0.287 0.336 0.336 0.4155 0.4155 0.4155 0.419 0.419 0.42 0.42 0.4276 0.4276 0.4276 0.442 0.442 0.4655 0.4655 0.4305 0.4305 0.4305 0.4135 0.4135 0.4 0.4 0.4201 0.4201 0.4201 0.366 0.366 0.2955 0.2955 0.3225 0.3225 0.3225 0.343 0.343 0.442 0.442 0.474 0.474 0.497 0.497 0.497 0.498 0.498 0.517 0.517 0.54 0.54 0.54 0.423 0.423 0.515 0.515 0.492 0.492 0.492 0.4655 0.4655 0.48 0.48 0.5085 0.5085 0.5085 0.493
0.3486 0.333 0.333 0.3855 0.3855 0.3936 0.3936 0.3936 0.4011 0.4011 0.4631 0.4631 0.4875 0.4875 0.4475 0.4475 0.4475 0.5131 0.5131 0.4561 0.4561 0.4425 0.4425 0.4425 0.419 0.419 0.419 0.419 0.4355 0.4355 0.4355 0.3875 0.3875 0.3965 0.3965 0.389 0.389 0.389 0.3936 0.3936 0.349 0.349 0.446 0.446 0.446 0.444 0.444 0.4771 0.4771 0.5055 0.5055 0.484 0.484 0.484 0.4995 0.4995 0.497 0.497 0.49 0.49 0.49 0.4445 0.4445 0.505 0.505 0.4525 0.4525 0.4525 0.4305 0.4305 0.5055 0.5055 0.5295 0.5295 0.5295 0.5065
0.3486 0.333 0.333 0.3855 0.3855 0.3936 0.3936 0.3936 0.4011 0.4011 0.4631 0.4631 0.4875 0.4875 0.4475 0.4475 0.4475 0.5131 0.5131 0.4561 0.4561 0.4425 0.4425 0.4425 0.419 0.419 0.419 0.419 0.4355 0.4355 0.4355 0.3875 0.3875 0.3965 0.3965 0.389 0.389 0.389 0.3936 0.3936 0.349 0.349 0.446 0.446 0.446 0.444 0.444 0.4771 0.4771 0.5055 0.5055 0.484 0.484 0.484 0.4995 0.4995 0.497 0.497 0.49 0.49 0.49 0.4445 0.4445 0.505 0.505 0.4525 0.4525 0.4525 0.4305 0.4305 0.5055 0.5055 0.5295 0.5295 0.5295 0.5065
0.3825 0.421 0.421 0.402 0.402 0.3946 0.3946 0.3946 0.4071 0.4071 0.4696 0.4696 0.4921 0.4921 0.5276 0.5276 0.5276 0.4995 0.4995 0.528 0.528 0.5255 0.5255 0.5255 0.4775 0.4775 0.429 0.429 0.4005 0.4005 0.4005 0.384 0.384 0.3755 0.3755 0.3775 0.3775 0.3775 0.351 0.351 0.391 0.391 0.42 0.42 0.42 0.4815 0.4815 0.4995 0.4995 0.514 0.514 0.505 0.505 0.505 0.522 0.522 0.4915 0.4915 0.47 0.47 0.47 0.436 0.436 0.45 0.45 0.4815 0.4815 0.4815 0.4715 0.4715 0.428 0.428 0.4705 0.4705 0.4705 0.501
0.3825 0.421 0.421 0.402 0.402 0.3946 0.3946 0.3946 0.4071 0.4071 0.4696 0.4696 0.4921 0.4921 0.5276 0.5276 0.5276 0.4995 0.4995 0.528 0.528 0.5255 0.5255 0.5255 0.4775 0.4775 0.429 0.429 0.4005 0.4005 0.4005 0.384 0.384 0.3755 0.3755 0.3775 0.3775 0.3775 0.351 0.351 0.391 0.391 0.42 0.42 0.42 0.4815 0.4815 0.4995 0.4995 0.514 0.514 0.505 0.505 0.505 0.522 0.522 0.4915 0.4915 0.47 0.47 0.47 0.436 0.436 0.45 0.45 0.4815 0.4815 0.4815 0.4715 0.4715 0.428 0.428 0.4705 0.4705 0.4705 0.501
0.411 0.425 0.425 0.3925 0.3925 0.394 0.394 0.394 0.4226 0.4226 0.4736 0.4736 0.4635 0.4635 0.5016 0.5016 0.5016 0.514 0.514 0.534 0.534 0.521 0.521 0.521 0.5485 0.5485 0.5025 0.5025 0.447 0.447 0.447 0.4495 0.4495 0.48 0.48 0.426 0.426 0.426 0.4411 0.4411 0.4325 0.4325 0.4555 0.4555 0.4555 0.5 0.5 0.534 0.534 0.528 0.528 0.536 0.536 0.536 0.537 0.537 0.494 0.494 0.47 0.47 0.47 0.4665 0.4665 0.4495 0.4495 0.4615 0.4615 0.4615 0.4405 0.4405 0.4595 0.4595 0.523 0.523 0.523 0.493
0.411 0.425 0.425 0.3925 0.3925 0.394 0.394 0.394 0.4226 0.4226 0.4736 0.4736 0.4635 0.4635 0.5016 0.5016 0.5016 0.514 0.514 0.534 0.534 0.521 0.521 0.521 0.5485 0.5485 0.5025 0.5025 0.447 0.447 0.447 0.4495 0.4495 0.48 0.48 0.426 0.426 0.426 0.4411 0.4411 0.4325 0.4325 0.4555 0.4555 0.4555 0.5 0.5 0.534 0.534 0.528 0.528 0.536 0.536 0.536 0.537 0.537 0.494 0.494 0.47 0.47 0.47 0.4665 0.4665 0.4495 0.4495 0.4615 0.4615 0.4615 0.4405 0.4405 0.4595 0.4595 0.523 0.523 0.523 0.493
0.4405 0.4841 0.4841 0.4595 0.4595 0.42 0.42 0.42 0.4281 0.4281 0.4466 0.4466 0.5101 0.5101 0.5521 0.5521 0.5521 0.508 0.508 0.4995 0.4995 0.5455 0.5455 0.5455 0.57 0.57 0.5905 0.5905 0.5095 0.5095 0.5095 0.4765 0.4765 0.4825 0.4825 0.4845 0.4845 0.4845 0.4945 0.4945 0.4545 0.4545 0.461 0.461 0.461 0.4395 0.4395 0.49 0.49 0.519 0.519 0.549 0.549 0.549 0.5265 0.5265 0.5105 0.5105 0.4955 0.4955 0.4955 0.477 0.477 0.4915 0.4915 0.4995 0.4995 0.4995 0.435 0.435 0.454 0.454 0.483 0.483 0.483 0.5205
0.4405 0.4841 0.4841 0.4595 0.4595 0.42 0.42 0.42 0.4281 0.4281 0.4466 0.4466 0.5101 0.5101 0.5521 0.5521 0.5521 0.508 0.508 0.4995 0.4995 0.5455 0.5455 0.5455 0.57 0.57 0.5905 0.5905 0.5095 0.5095 0.5095 0.4765 0.4765 0.4825 0.4825 0.4845 0.4845 0.4845 0.4945 0.4945 0.4545 0.4545 0.461 0.461 0.461 0.4395 0.4395 0.49 0.49 0.519 0.519 0.549 0.549 0.549 0.5265 0.5265 0.5105 0.5105 0.4955 0.4955 0.4955 0.477 0.477 0.4915 0.4915 0.4995 0.4995 0.4995 0.435 0.435 0.454 0.454 0.483 0.483 0.483 0.5205
0.4405 0.4841 0.4841 0.4595 0.4595 0.42 0.42 0.42 0.4281 0.4281 0.4466 0.4466 0.5101 0.5101 0.5521 0.5521 0.5521 0.508 0.508 0.4995 0.4995 0.5455 0.5455 0.5455 0.57 0.57 0.5905 0.5905 0.5095 0.5095 0.5095 0.4765 0.4765 0.4825 0.4825 0.4845 0.4845 0.4845 0.4945 0.4945 0.4545 0.4545 0.461 0.461 0.461 0.4395 0.4395 0.49 0.49 0.519 0.519 0.549 0.549 0.549 0.5265 0.5265 0.5105 0.5105 0.4955 0.4955 0.4955 0.477 0.477 0.4915 0.4915 0.4995 0.4995 0.4995 0.435 0.435 0.454 0.454 0.483 0.483 0.483 0.5205
0.4581 0.4551 0.4551 0.503 0.503 0.4401 0.4401 0.4401 0.4361 0.4361 0.4421 0.4421 0.4605 0.4605 0.483 0.483 0.483 0.461 0.461 0.4775 0.4775 0.568 0.568 0.568 0.555 0.555 0.545 0.545 0.5665 0.5665 0.5665 0.5645 0.5645 0.488 0.488 0.4905 0.4905 0.4905 0.4915 0.4915 0.4981 0.4981 0.4831 0.4831 0.4831 0.4945 0.4945 0.492 0.492 0.537 0.537 0.5065 0.5065 0.5065 0.5 0.5 0.443 0.443 0.4675 0.4675 0.4675 0.4815 0.4815 0.4995 0.4995 0.4765 0.4765 0.4765 0.4975 0.4975 0.4585 0.4585 0.462 0.462 0.462 0.4735
0.4581 0.4551 0.4551 0.503 0.503 0.4401 0.4401 0.4401 0.4361 0.4361 0.4421 0.4421 0.4605 0.4605 0.483 0.483 0.483 0.461 0.461 0.4775 0.4775 0.568 0.568 0.568 0.555 0.555 0.545 0.545 0.5665 0.5665 0.5665 0.5645 0.5645 0.488 0.488 0.4905 0.4905 0.4905 0.4915 0.4915 0.4981 0.4981 0.4831 0.4831 0.4831 0.4945 0.4945 0.492 0.492 0.537 0.537 0.5065 0.5065 0.5065 0.5 0.5 0.443 0.443 0.4675 0.4675 0.4675 0.4815 0.4815 0.4995 0.4995 0.4765 0.4765 0.4765 0.4975 0.4975 0.4585 0.4585 0.462 0.462 0.462 0.4735
0.5406 0.534 0.534 0.518 0.518 0.4985 0.4985 0.4985 0.495 0.495 0.5055 0.5055 0.4775 0.4775 0.5231 0.5231 0.5231 0.52 0.52 0.52 0.52 0.5175 0.5175 0.5175 0.4976 0.4976 0.5236 0.5236 0.5991 0.5991 0.5991 0.5936 0.5936 0.532 0.532 0.459 0.459 0.459 0.488 0.488 0.536 0.536 0.508 0.508 0.508 0.5095 0.5095 0.5435 0.5435 0.522 0.522 0.518 0.518 0.518 0.5065 0.5065 0.4905 0.4905 0.511 0.511 0.511 0.521 0.521 0.5095 0.5095 0.4935 0.4935 0.4935 0.502 0.502 0.499 0.499 0.493 0.493 0.493 0.4935
0.5406 0.534 0.534 0.518 0.518 0.4985 0.4985 0.4985 0.495 0.495 0.5055 0.5055 0.4775 0.4775 0.5231 0.5231 0.5231 0.52 0.52 0.52 0.52 0.5175 0.5175 0.5175 0.4976 0.4976 0.5236 0.5236 0.5991 0.5991 0.5991 0.5936 0.5936 0.532 0.532 0.459 0.459 0.459 0.488 0.488 0.536 0.536 0.508 0.508 0.508 0.5095 0.5095 0.5435 0.5435 0.522 0.522 0.518 0.518 0.518 0.5065 0.5065 0.4905 0.4905 0.511 0.511 0.511 0.521 0.521 0.5095 0.5095 0.4935 0.4935 0.4935 0.502 0.502 0.499 0.499 0.493 0.493 0.493 0.4935
0.549 0.5535 0.5535 0.5775 0.5775 0.5055 0.5055 0.5055 0.5071 0.5071 0.517 0.517 0.5141 0.5141 0.5766 0.5766 0.5766 0.5905 0.5905 0.5655 0.5655 0.593 0.593 0.593 0.5585 0.5585 0.578 0.578 0.545 0.545 0.545 0.526 0.526 0.5085 0.5085 0.5235 0.5235 0.5235 0.4905 0.4905 0.4635 0.4635 0.4545 0.4545 0.4545 0.504 0.504 0.521 0.521 0.543 0.543 0.527 0.527 0.527 0.536 0.536 0.5425 0.5425 0.543 0.543 0.543 0.541 0.541 0.545 0.545 0.5305 0.5305 0.5305 0.5 0.5 0.494 0.494 0.48 0.48 0.48 0.493
0.549 0.5535 0.5535 0.5775 0.5775 0.5055 0.5055 0.5055 0.5071 0.5071 0.517 0.517 0.5141 0.5141 0.5766 0.5766 0.5766 0.5905 0.5905 0.5655 0.5655 0.593 0.593 0.593 0.5585 0.5585 0.578 0.578 0.545 0.545 0.545 0.526 0.526 0.5085 0.5085 0.5235 0.5235 0.5235 0.4905 0.4905 0.4635 0.4635 0.4545 0.4545 0.4545 0.504 0.504 0.521 0.521 0.543 0.543 0.527 0.527 0.527 0.536 0.536 0.5425 0.5425 0.543 0.543 0.543 0.541 0.541 0.545 0.545 0.5305 0.5305 0.5305 0.5 0.5 0.494 0.494 0.48 0.48 0.48 0.493
0.549 0.5535 0.5535 0.5775 0.5775 0.5055 0.5055 0.5055 0.5071 0.5071 0.517 0.517 0.5141 0.5141 0.5766 0.5766 0.5766 0.5905 0.5905 0.5655 0.5655 0.593 0.593 0.593 0.5585 0.5585 0.578 0.578 0.545 0.545 0.545 0.526 0.526 0.5085 0.5085 0.5235 0.5235 0.5235 0.4905 0.4905 0.4635 0.4635 0.4545 0.4545 0.4545 0.504 0.504 0.521 0.521 0.543 0.543 0.527 0.527 0.527 0.536 0.536 0.5425 0.5425 0.543 0.543 0.543 0.541 0.541 0.545 0.545 0.5305 0.5305 0.5305 0.5 0.5 0.494 0.494 0.48 0.48 0.48 0.493
