ndvi/NOAA-255.asc
ncols         252
nrows         154
xllcorner     -18.017974
yllcorner     13.481982
cellsize      0.035948
NODATA_value  -9999
[rows 68 to 101 of 154, columns 154 to 230 of 252]
0.1255 0.138 0.138 0.1355 0.1355 0.1355 0.128 0.128 0.14 0.14 0.17 0.17 0.178 0.178 0.178 0.207 0.207 0.1955 0.1955 0.219 0.219 0.219 0.212 0.212 0.2035 0.2035 0.1915 0.1915 0.1915 0.1915 0.1915 0.1985 0.1985 0.196 0.196 0.196 0.1955 0.1955 0.1975 0.1975 0.191 0.191 0.191 0.196 0.196 0.1835 0.1835 0.178 0.178 0.1875 0.1875 0.1875 0.195 0.195 0.1995 0.1995 0.1985 0.1985 0.1985 0.206 0.206 0.2025 0.2025 0.1935 0.1935 0.1935 0.186 0.186 0.187 0.187 0.193 0.193 0.193 0.182 0.182 0.173 0.173
0.126 0.1365 0.1365 0.153 0.153 0.153 0.154 0.154 0.1435 0.1435 0.1505 0.1505 0.193 0.193 0.193 0.2085 0.2085 0.2035 0.2035 0.195 0.195 0.195 0.1975 0.1975 0.206 0.206 0.199 0.199 0.199 0.189 0.189 0.2045 0.2045 0.2005 0.2005 0.2005 0.188 0.188 0.187 0.187 0.195 0.195 0.195 0.1925 0.1925 0.1885 0.1885 0.192 0.192 0.1795 0.1795 0.1795 0.202 0.202 0.2085 0.2085 0.1985 0.1985 0.1985 0.2095 0.2095 0.2005 0.2005 0.1945 0.1945 0.1945 0.18 0.18 0.1865 0.1865 0.181 0.181 0.181 0.1835 0.1835 0.183 0.183
0.126 0.1365 0.1365 0.153 0.153 0.153 0.154 0.154 0.1435 0.1435 0.1505 0.1505 0.193 0.193 0.193 0.2085 0.2085 0.2035 0.2035 0.195 0.195 0.195 0.1975 0.1975 0.206 0.206 0.199 0.199 0.199 0.189 0.189 0.2045 0.2045 0.2005 0.2005 0.2005 0.188 0.188 0.187 0.187 0.195 0.195 0.195 0.1925 0.1925 0.1885 0.1885 0.192 0.192 0.1795 0.1795 0.1795 0.202 0.202 0.2085 0.2085 0.1985 0.1985 0.1985 0.2095 0.2095 0.2005 0.2005 0.1945 0.1945 0.1945 0.18 0.18 0.1865 0.1865 0.181 0.181 0.181 0.1835 0.1835 0.183 0.183
0.159 0.163 0.163 0.1615 0.1615 0.1615 0.1555 0.1555 0.148 0.148 0.156 0.156 0.1855 0.1855 0.1855 0.1975 0.1975 0.2195 0.2195 0.18 0.18 0.18 0.19 0.19 0.192 0.192 0.198 0.198 0.198 0.1975 0.1975 0.199 0.199 0.193 0.193 0.193 0.1915 0.1915 0.1955 0.1955 0.196 0.196 0.196 0.2015 0.2015 0.1765 0.1765 0.197 0.197 0.211 0.211 0.211 0.212 0.212 0.2065 0.2065 0.2025 0.2025 0.2025 0.2065 0.2065 0.198 0.198 0.202 0.202 0.202 0.2025 0.2025 0.197 0.197 0.199 0.199 0.199 0.1905 0.1905 0.213 0.213
0.159 0.163 0.163 0.1615 0.1615 0.1615 0.1555 0.1555 0.148 0.148 0.156 0.156 0.1855 0.1855 0.1855 0.1975 0.1975 0.2195 0.2195 0.18 0.18 0.18 0.19 0.19 0.192 0.192 0.198 0.198 0.198 0.1975 0.1975 0.199 0.199 0.193 0.193 0.193 0.1915 0.1915 0.1955 0.1955 0.196 0.196 0.196 0.2015 0.2015 0.1765 0.1765 0.197 0.197 0.211 0.211 0.211 0.212 0.212 0.2065 0.2065 0.2025 0.2025 0.2025 0.2065 0.2065 0.198 0.198 0.202 0.202 0.202 0.2025 0.2025 0.197 0.197 0.199 0.199 0.199 0.1905 0.1905 0.213 0.213
0.159 0.163 0.163 0.1615 0.1615 0.1615 0.1555 0.1555 0.148 0.148 0.156 0.156 0.1855 0.1855 0.1855 0.1975 0.1975 0.2195 0.2195 0.18 0.18 0.18 0.19 0.19 0.192 0.192 0.198 0.198 0.198 0.1975 0.1975 0.199 0.199 0.193 0.193 0.193 0.1915 0.1915 0.1955 0.1955 0.196 0.196 0.196 0.2015 0.2015 0.1765 0.1765 0.197 0.197 0.211 0.211 0.211 0.212 0.212 0.2065 0.2065 0.2025 0.2025 0.2025 0.2065 0.2065 0.198 0.198 0.202 0.202 0.202 0.2025 0.2025 0.197 0.197 0.199 0.199 0.199 0.1905 0.1905 0.213 0.213
0.1475 0.1475 0.1475 0.165 0.165 0.165 0.164 0.164 0.1535 0.1535 0.1465 0.1465 0.1875 0.1875 0.1875 0.194 0.194 0.179 0.179 0.2015 0.2015 0.2015 0.191 0.191 0.1935 0.1935 0.202 0.202 0.202 0.2045 0.2045 0.2045 0.2045 0.207 0.207 0.207 0.206 0.206 0.204 0.204 0.211 0.211 0.211 0.2075 0.2075 0.2005 0.2005 0.208 0.208 0.198 0.198 0.198 0.208 0.208 0.2045 0.2045 0.2025 0.2025 0.2025 0.2035 0.2035 0.2135 0.2135 0.21 0.21 0.21 0.2005 0.2005 0.195 0.195 0.2055 0.2055 0.2055 0.2075 0.2075 0.217 0.217
0.1475 0.1475 0.1475 0.165 0.165 0.165 0.164 0.164 0.1535 0.1535 0.1465 0.1465 0.1875 0.1875 0.1875 0.194 0.194 0.179 0.179 0.2015 0.2015 0.2015 0.191 0.191 0.1935 0.1935 0.202 0.202 0.202 0.2045 0.2045 0.2045 0.2045 0.207 0.207 0.207 0.206 0.206 0.204 0.204 0.211 0.211 0.211 0.2075 0.2075 0.2005 0.2005 0.208 0.208 0.198 0.198 0.198 0.208 0.208 0.2045 0.2045 0.2025 0.2025 0.2025 0.2035 0.2035 0.2135 0.2135 0.21 0.21 0.21 0.2005 0.2005 0.195 0.195 0.2055 0.2055 0.2055 0.2075 0.2075 0.217 0.217
0.134 0.161 0.161 0.1655 0.1655 0.1655 0.145 0.145 0.1575 0.1575 0.1505 0.1505 0.1785 0.1785 0.1785 0.201 0.201 0.217 0.217 0.203 0.203 0.203 0.197 0.197 0.199 0.199 0.197 0.197 0.197 0.2085 0.2085 0.2005 0.2005 0.2105 0.2105 0.2105 0.2075 0.2075 0.2165 0.2165 0.2165 0.2165 0.2165 0.21 0.21 0.207 0.207 0.1965 0.1965 0.202 0.202 0.202 0.213 0.213 0.204 0.204 0.209 0.209 0.209 0.205 0.205 0.2095 0.2095 0.2075 0.2075 0.2075 0.2055 0.2055 0.201 0.201 0.1985 0.1985 0.1985 0.1995 0.1995 0.2095 0.2095
0.134 0.161 0.161 0.1655 0.1655 0.1655 0.145 0.145 0.1575 0.1575 0.1505 0.1505 0.1785 0.1785 0.1785 0.201 0.201 0.217 0.217 0.203 0.203 0.203 0.197 0.197 0.199 0.199 0.197 0.197 0.197 0.2085 0.2085 0.2005 0.2005 0.2105 0.2105 0.2105 0.2075 0.2075 0.2165 0.2165 0.2165 0.2165 0.2165 0.21 0.21 0.207 0.207 0.1965 0.1965 0.202 0.202 0.202 0.213 0.213 0.204 0.204 0.209 0.209 0.209 0.205 0.205 0.2095 0.2095 0.2075 0.2075 0.2075 0.2055 0.2055 0.201 0.201 0.1985 0.1985 0.1985 0.1995 0.1995 0.2095 0.2095
0.133 0.1375 0.1375 0.1475 0.1475 0.1475 0.144 0.144 0.1435 0.1435 0.144 0.144 0.181 0.181 0.181 0.197 0.197 0.1985 0.1985 0.1965 0.1965 0.1965 0.1905 0.1905 0.198 0.198 0.202 0.202 0.202 0.205 0.205 0.195 0.195 0.209 0.209 0.209 0.2115 0.2115 0.2175 0.2175 0.214 0.214 0.214 0.219 0.219 0.218 0.218 0.1965 0.1965 0.206 0.206 0.206 0.1955 0.1955 0.2165 0.2165 0.2175 0.2175 0.2175 0.211 0.211 0.2125 0.2125 0.2205 0.2205 0.2205 0.228 0.228 0.2105 0.2105 0.2055 0.2055 0.2055 0.209 0.209 0.21 0.21
0.133 0.1375 0.1375 0.1475 0.1475 0.1475 0.144 0.144 0.1435 0.1435 0.144 0.144 0.181 0.181 0.181 0.197 0.197 0.1985 0.1985 0.1965 0.1965 0.1965 0.1905 0.1905 0.198 0.198 0.202 0.202 0.202 0.205 0.205 0.195 0.195 0.209 0.209 0.209 0.2115 0.2115 0.2175 0.2175 0.214 0.214 0.214 0.219 0.219 0.218 0.218 0.1965 0.1965 0.206 0.206 0.206 0.1955 0.1955 0.2165 0.2165 0.2175 0.2175 0.2175 0.211 0.211 0.2125 0.2125 0.2205 0.2205 0.2205 0.228 0.228 0.2105 0.2105 0.2055 0.2055 0.2055 0.209 0.209 0.21 0.21
0.1335 0.137 0.137 0.1545 0.1545 0.1545 0.144 0.144 0.1355 0.1355 0.1465 0.1465 0.1825 0.1825 0.1825 0.19 0.19 0.205 0.205 0.209 0.209 0.209 0.196 0.196 0.2015 0.2015 0.2075 0.2075 0.2075 0.2165 0.2165 0.208 0.208 0.1975 0.1975 0.1975 0.1995 0.1995 0.2045 0.2045 0.2095 0.2095 0.2095 0.217 0.217 0.1895 0.1895 0.191 0.191 0.189 0.189 0.189 0.203 0.203 0.2305 0.2305 0.2205 0.2205 0.2205 0.2185 0.2185 0.2235 0.2235 0.2185 0.2185 0.2185 0.22 0.22 0.2335 0.2335 0.2265 0.2265 0.2265 0.2225 0.2225 0.212 0.212
0.1335 0.137 0.137 0.1545 0.1545 0.1545 0.144 0.144 0.1355 0.1355 0.1465 0.1465 0.1825 0.1825 0.1825 0.19 0.19 0.205 0.205 0.209 0.209 0.209 0.196 0.196 0.2015 0.2015 0.2075 0.2075 0.2075 0.2165 0.2165 0.208 0.208 0.1975 0.1975 0.1975 0.1995 0.1995 0.2045 0.2045 0.2095 0.2095 0.2095 0.217 0.217 0.1895 0.1895 0.191 0.191 0.189 0.189 0.189 0.203 0.203 0.2305 0.2305 0.2205 0.2205 0.2205 0.2185 0.2185 0.2235 0.2235 0.2185 0.2185 0.2185 0.22 0.22 0.2335 0.2335 0.2265 0.2265 0.2265 0.2225 0.2225 0.212 0.212
0.1335 0.137 0.137 0.1545 0.1545 0.1545 0.144 0.144 0.1355 0.1355 0.1465 0.1465 0.1825 0.1825 0.1825 0.19 0.19 0.205 0.205 0.209 0.209 0.209 0.196 0.196 0.2015 0.2015 0.2075 0.2075 0.2075 0.2165 0.2165 0.208 0.208 0.1975 0.1975 0.1975 0.1995 0.1995 0.2045 0.2045 0.2095 0.2095 0.2095 0.217 0.217 0.1895 0.1895 0.191 0.191 0.189 0.189 0.189 0.203 0.203 0.2305 0.2305 0.2205 0.2205 0.2205 0.2185 0.2185 0.2235 0.2235 0.2185 0.2185 0.2185 0.22 0.22 0.2335 0.2335 0.2265 0.2265 0.2265 0.2225 0.2225 0.212 0.212
0.139 0.155 0.155 0.15 0.15 0.15 0.142 0.142 0.1315 0.1315 0.19 0.19 0.196 0.196 0.196 0.2025 0.2025 0.2185 0.2185 0.2215 0.2215 0.2215 0.219 0.219 0.2105 0.2105 0.205 0.205 0.205 0.1895 0.1895 0.1895 0.1895 0.1975 0.1975 0.1975 0.1915 0.1915 0.198 0.198 0.192 0.192 0.192 0.2065 0.2065 0.1955 0.1955 0.203 0.203 0.214 0.214 0.214 0.2205 0.2205 0.217 0.217 0.222 0.222 0.222 0.2225 0.2225 0.2245 0.2245 0.216 0.216 0.216 0.209 0.209 0.207 0.207 0.223 0.223 0.223 0.22 0.22 0.2215 0.2215
0.139 0.155 0.155 0.15 0.15 0.15 0.142 0.142 0.1315 0.1315 0.19 0.19 0.196 0.196 0.196 0.2025 0.2025 0.2185 0.2185 0.2215 0.2215 0.2215 0.219 0.219 0.2105 0.2105 0.205 0.205 0.205 0.1895 0.1895 0.1895 0.1895 0.1975 0.1975 0.1975 0.1915 0.1915 0.198 0.198 0.192 0.192 0.192 0.2065 0.2065 0.1955 0.1955 0.203 0.203 0.214 0.214 0.214 0.2205 0.2205 0.217 0.217 0.222 0.222 0.222 0.2225 0.2225 0.2245 0.2245 0.216 0.216 0.216 0.209 0.209 0.207 0.207 0.223 0.223 0.223 0.22 0.22 0.2215 0.2215
0.1565 0.16 0.16 0.162 0.162 0.162 0.1595 0.1595 0.1675 0.1675 0.201 0.201 0.211 0.211 0.211 0.2135 0.2135 0.2275 0.2275 0.2245 0.2245 0.2245 0.221 0.221 0.211 0.211 0.2065 0.2065 0.2065 0.2005 0.2005 0.19 0.19 0.1975 0.1975 0.1975 0.1885 0.1885 0.188 0.188 0.2005 0.2005 0.2005 0.2095 0.2095 0.216 0.216 0.2085 0.2085 0.2145 0.2145 0.2145 0.207 0.207 0.1985 0.1985 0.1985 0.1985 0.1985 0.2215 0.2215 0.2245 0.2245 0.224 0.224 0.224 0.215 0.215 0.2315 0.2315 0.236 0.236 0.236 0.2285 0.2285 0.2285 0.2285
0.1565 0.16 0.16 0.162 0.162 0.162 0.1595 0.1595 0.1675 0.1675 0.201 0.201 0.211 0.211 0.211 0.2135 0.2135 0.2275 0.2275 0.2245 0.2245 0.2245 0.221 0.221 0.211 0.211 0.2065 0.2065 0.2065 0.2005 0.2005 0.19 0.19 0.1975 0.1975 0.1975 0.1885 0.1885 0.188 0.188 0.2005 0.2005 0.2005 0.2095 0.2095 0.216 0.216 0.2085 0.2085 0.2145 0.2145 0.2145 0.207 0.207 0.1985 0.1985 0.1985 0.1985 0.1985 0.2215 0.2215 0.2245 0.2245 0.224 0.224 0.224 0.215 0.215 0.2315 0.2315 0.236 0.236 0.236 0.2285 0.2285 0.2285 0.2285
0.1605 0.1675 0.1675 0.1705 0.1705 0.1705 0.1465 0.1465 0.1725 0.1725 0.202 0.202 0.21 0.21 0.21 0.2065 0.2065 0.2335 0.2335 0.233 0.233 0.233 0.2365 0.2365 0.216 0.216 0.2105 0.2105 0.2105 0.194 0.194 0.1885 0.1885 0.195 0.195 0.195 0.183 0.183 0.1785 0.1785 0.2015 0.2015 0.2015 0.2005 0.2005 0.2135 0.2135 0.218 0.218 0.215 0.215 0.215 0.218 0.218 0.213 0.213 0.214 0.214 0.214 0.2185 0.2185 0.216 0.216 0.2255 0.2255 0.2255 0.227 0.227 0.229 0.229 0.234 0.234 0.234 0.239 0.239 0.2075 0.2075
0.1605 0.1675 0.1675 0.1705 0.1705 0.1705 0.1465 0.1465 0.1725 0.1725 0.202 0.202 0.21 0.21 0.21 0.2065 0.2065 0.2335 0.2335 0.233 0.233 0.233 0.2365 0.2365 0.216 0.216 0.2105 0.2105 0.2105 0.194 0.194 0.1885 0.1885 0.195 0.195 0.195 0.183 0.183 0.1785 0.1785 0.2015 0.2015 0.2015 0.2005 0.2005 0.2135 0.2135 0.218 0.218 0.215 0.215 0.215 0.218 0.218 0.213 0.213 0.214 0.214 0.214 0.2185 0.2185 0.216 0.216 0.2255 0.2255 0.2255 0.227 0.227 0.229 0.229 0.234 0.234 0.234 0.239 0.239 0.2075 0.2075
0.1605 0.1675 0.1675 0.1705 0.1705 0.1705 0.1465 0.1465 0.1725 0.1725 0.202 0.202 0.21 0.21 0.21 0.2065 0.2065 0.2335 0.2335 0.233 0.233 0.233 0.2365 0.2365 0.216 0.216 0.2105 0.2105 0.2105 0.194 0.194 0.1885 0.1885 0.195 0.195 0.195 0.183 0.183 0.1785 0.1785 0.2015 0.2015 0.2015 0.2005 0.2005 0.2135 0.2135 0.218 0.218 0.215 0.215 0.215 0.218 0.218 0.213 0.213 0.214 0.214 0.214 0.2185 0.2185 0.216 0.216 0.2255 0.2255 0.2255 0.227 0.227 0.229 0.229 0.234 0.234 0.234 0.239 0.239 0.2075 0.2075
0.146 0.183 0.183 0.173 0.173 0.173 0.176 0.176 0.1775 0.1775 0.2045 0.2045 0.21 0.21 0.21 0.2205 0.2205 0.2265 0.2265 0.2245 0.2245 0.2245 0.2145 0.2145 0.216 0.216 0.2075 0.2075 0.2075 0.197 0.197 0.196 0.196 0.188 0.188 0.188 0.212 0.212 0.1925 0.1925 0.2 0.2 0.2 0.207 0.207 0.2135 0.2135 0.215 0.215 0.213 0.213 0.213 0.2155 0.2155 0.216 0.216 0.2225 0.2225 0.2225 0.209 0.209 0.211 0.211 0.207 0.207 0.207 0.2265 0.2265 0.235 0.235 0.226 0.226 0.226 0.237 0.237 0.234 0.234
0.146 0.183 0.183 0.173 0.173 0.173 0.176 0.176 0.1775 0.1775 0.2045 0.2045 0.21 0.21 0.21 0.2205 0.2205 0.2265 0.2265 0.2245 0.2245 0.2245 0.2145 0.2145 0.216 0.216 0.2075 0.2075 0.2075 0.197 0.197 0.196 0.196 0.188 0.188 0.188 0.212 0.212 0.1925 0.1925 0.2 0.2 0.2 0.207 0.207 0.2135 0.2135 0.215 0.215 0.213 0.213 0.213 0.2155 0.2155 0.216 0.216 0.2225 0.2225 0.2225 0.209 0.209 0.211 0.211 0.207 0.207 0.207 0.2265 0.2265 0.235 0.235 0.226 0.226 0.226 0.237 0.237 0.234 0.234
0.2105 0.1795 0.1795 0.17 0.17 0.17 0.1695 0.1695 0.185 0.185 0.2035 0.2035 0.2045 0.2045 0.2045 0.228 0.228 0.2425 0.2425 0.2335 0.2335 0.2335 0.2265 0.2265 0.21 0.21 0.193 0.193 0.193 0.1915 0.1915 0.1705 0.1705 0.179 0.179 0.179 0.1995 0.1995 0.2085 0.2085 0.1915 0.1915 0.1915 0.2085 0.2085 0.21 0.21 0.2275 0.2275 0.2215 0.2215 0.2215 0.2175 0.2175 0.2135 0.2135 0.2185 0.2185 0.2185 0.2145 0.2145 0.213 0.213 0.2185 0.2185 0.2185 0.222 0.222 0.224 0.224 0.236 0.236 0.236 0.2415 0.2415 0.2335 0.2335
0.2105 0.1795 0.1795 0.17 0.17 0.17 0.1695 0.1695 0.185 0.185 0.2035 0.2035 0.2045 0.2045 0.2045 0.228 0.228 0.2425 0.2425 0.2335 0.2335 0.2335 0.2265 0.2265 0.21 0.21 0.193 0.193 0.193 0.1915 0.1915 0.1705 0.1705 0.179 0.179 0.179 0.1995 0.1995 0.2085 0.2085 0.1915 0.1915 0.1915 0.2085 0.2085 0.21 0.21 0.2275 0.2275 0.2215 0.2215 0.2215 0.2175 0.2175 0.2135 0.2135 0.2185 0.2185 0.2185 0.2145 0.2145 0.213 0.213 0.2185 0.2185 0.2185 0.222 0.222 0.224 0.224 0.236 0.236 0.236 0.2415 0.2415 0.2335 0.2335
0.1905 0.1935 0.1935 0.1915 0.1915 0.1915 0.1965 0.1965 0.1905 0.1905 0.19 0.19 0.2175 0.2175 0.2175 0.221 0.221 0.211 0.211 0.2055 0.2055 0.2055 0.206 0.206 0.208 0.208 0.206 0.206 0.206 0.1875 0.1875 0.191 0.191 0.21 0.21 0.21 0.1895 0.1895 0.218 0.218 0.233 0.233 0.233 0.231 0.231 0.2255 0.2255 0.2315 0.2315 0.1895 0.1895 0.1895 0.1955 0.1955 0.1885 0.1885 0.1965 0.1965 0.1965 0.218 0.218 0.2025 0.2025 0.2085 0.2085 0.2085 0.2305 0.2305 0.228 0.228 0.2095 0.2095 0.2095 0.2285 0.2285 0.259 0.259
0.1905 0.1935 0.1935 0.1915 0.1915 0.1915 0.1965 0.1965 0.1905 0.1905 0.19 0.19 0.2175 0.2175 0.2175 0.221 0.221 0.211 0.211 0.2055 0.2055 0.2055 0.206 0.206 0.208 0.208 0.206 0.206 0.206 0.1875 0.1875 0.191 0.191 0.21 0.21 0.21 0.1895 0.1895 0.218 0.218 0.233 0.233 0.233 0.231 0.231 0.2255 0.2255 0.2315 0.2315 0.1895 0.1895 0.1895 0.1955 0.1955 0.1885 0.1885 0.1965 0.1965 0.1965 0.218 0.218 0.2025 0.2025 0.2085 0.2085 0.2085 0.2305 0.2305 0.228 0.228 0.2095 0.2095 0.2095 0.2285 0.2285 0.259 0.259
0.1905 0.1935 0.1935 0.1915 0.1915 0.1915 0.1965 0.1965 0.1905 0.1905 0.19 0.19 0.2175 0.2175 0.2175 0.221 0.221 0.211 0.211 0.2055 0.2055 0.2055 0.206 0.206 0.208 0.208 0.206 0.206 0.206 0.1875 0.1875 0.191 0.191 0.21 0.21 0.21 0.1895 0.1895 0.218 0.218 0.233 0.233 0.233 0.231 0.231 0.2255 0.2255 0.2315 0.2315 0.1895 0.1895 0.1895 0.1955 0.1955 0.1885 0.1885 0.1965 0.1965 0.1965 0.218 0.218 0.2025 0.2025 0.2085 0.2085 0.2085 0.2305 0.2305 0.228 0.228 0.2095 0.2095 0.2095 0.2285 0.2285 0.259 0.259
0.179 0.1895 0.1895 0.198 0.198 0.198 0.204 0.204 0.197 0.197 0.1975 0.1975 0.2035 0.2035 0.2035 0.1955 0.1955 0.189 0.189 0.2065 0.2065 0.2065 0.203 0.203 0.1965 0.1965 0.193 0.193 0.193 0.196 0.196 0.201 0.201 0.206 0.206 0.206 0.2055 0.2055 0.211 0.211 0.2315 0.2315 0.2315 0.2255 0.2255 0.2275 0.2275 0.226 0.226 0.1975 0.1975 0.1975 0.2215 0.2215 0.1965 0.1965 0.1885 0.1885 0.1885 0.2125 0.2125 0.207 0.207 0.217 0.217 0.217 0.2065 0.2065 0.2185 0.2185 0.22 0.22 0.22 0.2175 0.2175 0.233 0.233
0.179 0.1895 0.1895 0.198 0.198 0.198 0.204 0.204 0.197 0.197 0.1975 0.1975 0.2035 0.2035 0.2035 0.1955 0.1955 0.189 0.189 0.2065 0.2065 0.2065 0.203 0.203 0.1965 0.1965 0.193 0.193 0.193 0.196 0.196 0.201 0.201 0.206 0.206 0.206 0.2055 0.2055 0.211 0.211 0.2315 0.2315 0.2315 0.2255 0.2255 0.2275 0.2275 0.226 0.226 0.1975 0.1975 0.1975 0.2215 0.2215 0.1965 0.1965 0.1885 0.1885 0.1885 0.2125 0.2125 0.207 0.207 0.217 0.217 0.217 0.2065 0.2065 0.2185 0.2185 0.22 0.22 0.22 0.2175 0.2175 0.233 0.233
0.2295 0.2105 0.2105 0.2125 0.2125 0.2125 0.2095 0.2095 0.1975 0.1975 0.199 0.199 0.187 0.187 0.187 0.1845 0.1845 0.2165 0.2165 0.2345 0.2345 0.2345 0.215 0.215 0.2105 0.2105 0.197 0.197 0.197 0.2035 0.2035 0.2205 0.2205 0.2215 0.2215 0.2215 0.2085 0.2085 0.2025 0.2025 0.2165 0.2165 0.2165 0.2135 0.2135 0.2225 0.2225 0.221 0.221 0.2165 0.2165 0.2165 0.1975 0.1975 0.1825 0.1825 0.197 0.197 0.197 0.1945 0.1945 0.201 0.201 0.189 0.189 0.189 0.201 0.201 0.2005 0.2005 0.213 0.213 0.213 0.2185 0.2185 0.217 0.217
0.2295 0.2105 0.2105 0.2125 0.2125 0.2125 0.2095 0.2095 0.1975 0.1975 0.199 0.199 0.187 0.187 0.187 0.1845 0.1845 0.2165 0.2165 0.2345 0.2345 0.2345 0.215 0.215 0.2105 0.2105 0.197 0.197 0.197 0.2035 0.2035 0.2205 0.2205 0.2215 0.2215 0.2215 0.2085 0.2085 0.2025 0.2025 0.2165 0.2165 0.2165 0.2135 0.2135 0.2225 0.2225 0.221 0.221 0.2165 0.2165 0.2165 0.1975 0.1975 0.1825 0.1825 0.197 0.197 0.197 0.1945 0.1945 0.201 0.201 0.189 0.189 0.189 0.201 0.201 0.2005 0.2005 0.213 0.213 0.213 0.2185 0.2185 0.217 0.217
0.219 0.212 0.212 0.23 0.23 0.23 0.1785 0.1785 0.188 0.188 0.2015 0.2015 0.2115 0.2115 0.2115 0.2175 0.2175 0.228 0.228 0.2415 0.2415 0.2415 0.218 0.218 0.218 0.218 0.209 0.209 0.209 0.2075 0.2075 0.2105 0.2105 0.2115 0.2115 0.2115 0.2005 0.2005 0.2055 0.2055 0.218 0.218 0.218 0.211 0.211 0.2115 0.2115 0.201 0.201 0.1845 0.1845 0.1845 0.179 0.179 0.1825 0.1825 0.1935 0.1935 0.1935 0.194 0.194 0.197 0.197 0.1875 0.1875 0.1875 0.199 0.199 0.1875 0.1875 0.1915 0.1915 0.1915 0.2035 0.2035 0.219 0.219
