ndvi/NOAA-360.asc
ncols         252
nrows         154
xllcorner     -18.017974
yllcorner     13.481982
cellsize      0.035948
NODATA_value  -9999
[rows 34 to 67 of 154, columns 154 to 230 of 252]
0.1365 0.132 0.132 0.114 0.114 0.114 0.1165 0.1165 0.1155 0.1155 0.1065 0.1065 0.1135 0.1135 0.1135 0.105 0.105 0.1255 0.1255 0.1135 0.1135 0.1135 0.105 0.105 0.124 0.124 0.1315 0.1315 0.1315 0.1305 0.1305 0.131 0.131 0.116 0.116 0.116 0.1155 0.1155 0.117 0.117 0.1155 0.1155 0.1155 0.1195 0.1195 0.12 0.12 0.125 0.125 0.122 0.122 0.122 0.1205 0.1205 0.1255 0.1255 0.119 0.119 0.119 0.136 0.136 0.132 0.132 0.1315 0.1315 0.1315 0.134 0.134 0.132 0.132 0.131 0.131 0.131 0.128 0.128 0.123 0.123
0.1365 0.132 0.132 0.114 0.114 0.114 0.1165 0.1165 0.1155 0.1155 0.1065 0.1065 0.1135 0.1135 0.1135 0.105 0.105 0.1255 0.1255 0.1135 0.1135 0.1135 0.105 0.105 0.124 0.124 0.1315 0.1315 0.1315 0.1305 0.1305 0.131 0.131 0.116 0.116 0.116 0.1155 0.1155 0.117 0.117 0.1155 0.1155 0.1155 0.1195 0.1195 0.12 0.12 0.125 0.125 0.122 0.122 0.122 0.1205 0.1205 0.1255 0.1255 0.119 0.119 0.119 0.136 0.136 0.132 0.132 0.1315 0.1315 0.1315 0.134 0.134 0.132 0.132 0.131 0.131 0.131 0.128 0.128 0.123 0.123
0.1365 0.132 0.132 0.114 0.114 0.114 0.1165 0.1165 0.1155 0.1155 0.1065 0.1065 0.1135 0.1135 0.1135 0.105 0.105 0.1255 0.1255 0.1135 0.1135 0.1135 0.105 0.105 0.124 0.124 0.1315 0.1315 0.1315 0.1305 0.1305 0.131 0.131 0.116 0.116 0.116 0.1155 0.1155 0.117 0.117 0.1155 0.1155 0.1155 0.1195 0.1195 0.12 0.12 0.125 0.125 0.122 0.122 0.122 0.1205 0.1205 0.1255 0.1255 0.119 0.119 0.119 0.136 0.136 0.132 0.132 0.1315 0.1315 0.1315 0.134 0.134 0.132 0.132 0.131 0.131 0.131 0.128 0.128 0.123 0.123
0.1295 0.115 0.115 0.125 0.125 0.125 0.126 0.126 0.1075 0.1075 0.1125 0.1125 0.1075 0.1075 0.1075 0.112 0.112 0.12 0.12 0.1125 0.1125 0.1125 0.117 0.117 0.13 0.13 0.1375 0.1375 0.1375 0.124 0.124 0.13 0.13 0.1295 0.1295 0.1295 0.1205 0.1205 0.1195 0.1195 0.119 0.119 0.119 0.1195 0.1195 0.1215 0.1215 0.1275 0.1275 0.128 0.128 0.128 0.123 0.123 0.124 0.124 0.126 0.126 0.126 0.1265 0.1265 0.136 0.136 0.1275 0.1275 0.1275 0.127 0.127 0.13 0.13 0.132 0.132 0.132 0.1355 0.1355 0.135 0.135
0.1295 0.115 0.115 0.125 0.125 0.125 0.126 0.126 0.1075 0.1075 0.1125 0.1125 0.1075 0.1075 0.1075 0.112 0.112 0.12 0.12 0.1125 0.1125 0.1125 0.117 0.117 0.13 0.13 0.1375 0.1375 0.1375 0.124 0.124 0.13 0.13 0.1295 0.1295 0.1295 0.1205 0.1205 0.1195 0.1195 0.119 0.119 0.119 0.1195 0.1195 0.1215 0.1215 0.1275 0.1275 0.128 0.128 0.128 0.123 0.123 0.124 0.124 0.126 0.126 0.126 0.1265 0.1265 0.136 0.136 0.1275 0.1275 0.1275 0.127 0.127 0.13 0.13 0.132 0.132 0.132 0.1355 0.1355 0.135 0.135
0.111 0.1185 0.1185 0.109 0.109 0.109 0.1045 0.1045 0.105 0.105 0.1095 0.1095 0.1075 0.1075 0.1075 0.102 0.102 0.0975 0.0975 0.0895 0.0895 0.0895 0.1035 0.1035 0.138 0.138 0.122 0.122 0.122 0.135 0.135 0.1215 0.1215 0.1125 0.1125 0.1125 0.128 0.128 0.1235 0.1235 0.118 0.118 0.118 0.122 0.122 0.1285 0.1285 0.1315 0.1315 0.1275 0.1275 0.1275 0.1245 0.1245 0.1265 0.1265 0.134 0.134 0.134 0.1395 0.1395 0.1375 0.1375 0.133 0.133 0.133 0.131 0.131 0.131 0.131 0.138 0.138 0.138 0.1375 0.1375 0.133 0.133
0.111 0.1185 0.1185 0.109 0.109 0.109 0.1045 0.1045 0.105 0.105 0.1095 0.1095 0.1075 0.1075 0.1075 0.102 0.102 0.0975 0.0975 0.0895 0.0895 0.0895 0.1035 0.1035 0.138 0.138 0.122 0.122 0.122 0.135 0.135 0.1215 0.1215 0.1125 0.1125 0.1125 0.128 0.128 0.1235 0.1235 0.118 0.118 0.118 0.122 0.122 0.1285 0.1285 0.1315 0.1315 0.1275 0.1275 0.1275 0.1245 0.1245 0.1265 0.1265 0.134 0.134 0.134 0.1395 0.1395 0.1375 0.1375 0.133 0.133 0.133 0.131 0.131 0.131 0.131 0.138 0.138 0.138 0.1375 0.1375 0.133 0.133
0.13 0.114 0.114 0.104 0.104 0.104 0.1025 0.1025 0.1035 0.1035 0.1035 0.1035 0.106 0.106 0.106 0.1075 0.1075 0.099 0.099 0.105 0.105 0.105 0.1185 0.1185 0.1235 0.1235 0.1205 0.1205 0.1205 0.15 0.15 0.1335 0.1335 0.1175 0.1175 0.1175 0.117 0.117 0.1075 0.1075 0.1085 0.1085 0.1085 0.126 0.126 0.1255 0.1255 0.1355 0.1355 0.1135 0.1135 0.1135 0.127 0.127 0.1315 0.1315 0.1355 0.1355 0.1355 0.127 0.127 0.1415 0.1415 0.153 0.153 0.153 0.1455 0.1455 0.136 0.136 0.129 0.129 0.129 0.132 0.132 0.1445 0.1445
0.13 0.114 0.114 0.104 0.104 0.104 0.1025 0.1025 0.1035 0.1035 0.1035 0.1035 0.106 0.106 0.106 0.1075 0.1075 0.099 0.099 0.105 0.105 0.105 0.1185 0.1185 0.1235 0.1235 0.1205 0.1205 0.1205 0.15 0.15 0.1335 0.1335 0.1175 0.1175 0.1175 0.117 0.117 0.1075 0.1075 0.1085 0.1085 0.1085 0.126 0.126 0.1255 0.1255 0.1355 0.1355 0.1135 0.1135 0.1135 0.127 0.127 0.1315 0.1315 0.1355 0.1355 0.1355 0.127 0.127 0.1415 0.1415 0.153 0.153 0.153 0.1455 0.1455 0.136 0.136 0.129 0.129 0.129 0.132 0.132 0.1445 0.1445
0.13 0.114 0.114 0.104 0.104 0.104 0.1025 0.1025 0.1035 0.1035 0.1035 0.1035 0.106 0.106 0.106 0.1075 0.1075 0.099 0.099 0.105 0.105 0.105 0.1185 0.1185 0.1235 0.1235 0.1205 0.1205 0.1205 0.15 0.15 0.1335 0.1335 0.1175 0.1175 0.1175 0.117 0.117 0.1075 0.1075 0.1085 0.1085 0.1085 0.126 0.126 0.1255 0.1255 0.1355 0.1355 0.1135 0.1135 0.1135 0.127 0.127 0.1315 0.1315 0.1355 0.1355 0.1355 0.127 0.127 0.1415 0.1415 0.153 0.153 0.153 0.1455 0.1455 0.136 0.136 0.129 0.129 0.129 0.132 0.132 0.1445 0.1445
0.1325 0.1145 0.1145 0.127 0.127 0.127 0.116 0.116 0.102 0.102 0.1055 0.1055 0.1095 0.1095 0.1095 0.094 0.094 0.131 0.131 0.1235 0.1235 0.1235 0.11 0.11 0.119 0.119 0.119 0.119 0.119 0.1265 0.1265 0.1315 0.1315 0.137 0.137 0.137 0.12 0.12 0.1375 0.1375 0.1245 0.1245 0.1245 0.1275 0.1275 0.132 0.132 0.1365 0.1365 0.1395 0.1395 0.1395 0.1175 0.1175 0.124 0.124 0.131 0.131 0.131 0.133 0.133 0.1355 0.1355 0.146 0.146 0.146 0.139 0.139 0.135 0.135 0.141 0.141 0.141 0.136 0.136 0.137 0.137
0.1325 0.1145 0.1145 0.127 0.127 0.127 0.116 0.116 0.102 0.102 0.1055 0.1055 0.1095 0.1095 0.1095 0.094 0.094 0.131 0.131 0.1235 0.1235 0.1235 0.11 0.11 0.119 0.119 0.119 0.119 0.119 0.1265 0.1265 0.1315 0.1315 0.137 0.137 0.137 0.12 0.12 0.1375 0.1375 0.1245 0.1245 0.1245 0.1275 0.1275 0.132 0.132 0.1365 0.1365 0.1395 0.1395 0.1395 0.1175 0.1175 0.124 0.124 0.131 0.131 0.131 0.133 0.133 0.1355 0.1355 0.146 0.146 0.146 0.139 0.139 0.135 0.135 0.141 0.141 0.141 0.136 0.136 0.137 0.137
0.1045 0.138 0.138 0.156 0.156 0.156 0.144 0.144 0.1485 0.1485 0.15 0.15 0.135 0.135 0.135 0.149 0.149 0.1505 0.1505 0.143 0.143 0.143 0.1375 0.1375 0.1275 0.1275 0.1255 0.1255 0.1255 0.139 0.139 0.1345 0.1345 0.1305 0.1305 0.1305 0.1355 0.1355 0.1235 0.1235 0.1375 0.1375 0.1375 0.1405 0.1405 0.1345 0.1345 0.1365 0.1365 0.137 0.137 0.137 0.11 0.11 0.124 0.124 0.149 0.149 0.149 0.1365 0.1365 0.139 0.139 0.1395 0.1395 0.1395 0.1315 0.1315 0.1395 0.1395 0.146 0.146 0.146 0.1565 0.1565 0.146 0.146
0.1045 0.138 0.138 0.156 0.156 0.156 0.144 0.144 0.1485 0.1485 0.15 0.15 0.135 0.135 0.135 0.149 0.149 0.1505 0.1505 0.143 0.143 0.143 0.1375 0.1375 0.1275 0.1275 0.1255 0.1255 0.1255 0.139 0.139 0.1345 0.1345 0.1305 0.1305 0.1305 0.1355 0.1355 0.1235 0.1235 0.1375 0.1375 0.1375 0.1405 0.1405 0.1345 0.1345 0.1365 0.1365 0.137 0.137 0.137 0.11 0.11 0.124 0.124 0.149 0.149 0.149 0.1365 0.1365 0.139 0.139 0.1395 0.1395 0.1395 0.1315 0.1315 0.1395 0.1395 0.146 0.146 0.146 0.1565 0.1565 0.146 0.146
0.105 0.104 0.104 0.134 0.134 0.134 0.153 0.153 0.1605 0.1605 0.14 0.14 0.154 0.154 0.154 0.154 0.154 0.135 0.135 0.1355 0.1355 0.1355 0.141 0.141 0.149 0.149 0.148 0.148 0.148 0.1345 0.1345 0.1365 0.1365 0.137 0.137 0.137 0.1395 0.1395 0.1435 0.1435 0.148 0.148 0.148 0.138 0.138 0.1305 0.1305 0.1455 0.1455 0.144 0.144 0.144 0.12 0.12 0.1455 0.1455 0.1465 0.1465 0.1465 0.135 0.135 0.1405 0.1405 0.1315 0.1315 0.1315 0.131 0.131 0.129 0.129 0.143 0.143 0.143 0.139 0.139 0.135 0.135
0.105 0.104 0.104 0.134 0.134 0.134 0.153 0.153 0.1605 0.1605 0.14 0.14 0.154 0.154 0.154 0.154 0.154 0.135 0.135 0.1355 0.1355 0.1355 0.141 0.141 0.149 0.149 0.148 0.148 0.148 0.1345 0.1345 0.1365 0.1365 0.137 0.137 0.137 0.1395 0.1395 0.1435 0.1435 0.148 0.148 0.148 0.138 0.138 0.1305 0.1305 0.1455 0.1455 0.144 0.144 0.144 0.12 0.12 0.1455 0.1455 0.1465 0.1465 0.1465 0.135 0.135 0.1405 0.1405 0.1315 0.1315 0.1315 0.131 0.131 0.129 0.129 0.143 0.143 0.143 0.139 0.139 0.135 0.135
0.105 0.104 0.104 0.134 0.134 0.134 0.153 0.153 0.1605 0.1605 0.14 0.14 0.154 0.154 0.154 0.154 0.154 0.135 0.135 0.1355 0.1355 0.1355 0.141 0.141 0.149 0.149 0.148 0.148 0.148 0.1345 0.1345 0.1365 0.1365 0.137 0.137 0.137 0.1395 0.1395 0.1435 0.1435 0.148 0.148 0.148 0.138 0.138 0.1305 0.1305 0.1455 0.1455 0.144 0.144 0.144 0.12 0.12 0.1455 0.1455 0.1465 0.1465 0.1465 0.135 0.135 0.1405 0.1405 0.1315 0.1315 0.1315 0.131 0.131 0.129 0.129 0.143 0.143 0.143 0.139 0.139 0.135 0.135
0.111 0.1035 0.1035 0.1505 0.1505 0.1505 0.1805 0.1805 0.167 0.167 0.1545 0.1545 0.145 0.145 0.145 0.1385 0.1385 0.137 0.137 0.1395 0.1395 0.1395 0.152 0.152 0.153 0.153 0.1545 0.1545 0.1545 0.1445 0.1445 0.1435 0.1435 0.1425 0.1425 0.1425 0.15 0.15 0.1485 0.1485 0.1455 0.1455 0.1455 0.149 0.149 0.13 0.13 0.119 0.119 0.1325 0.1325 0.1325 0.1185 0.1185 0.136 0.136 0.141 0.141 0.141 0.1455 0.1455 0.1535 0.1535 0.143 0.143 0.143 0.1335 0.1335 0.1285 0.1285 0.134 0.134 0.134 0.14 0.14 0.135 0.135
0.111 0.1035 0.1035 0.1505 0.1505 0.1505 0.1805 0.1805 0.167 0.167 0.1545 0.1545 0.145 0.145 0.145 0.1385 0.1385 0.137 0.137 0.1395 0.1395 0.1395 0.152 0.152 0.153 0.153 0.1545 0.1545 0.1545 0.1445 0.1445 0.1435 0.1435 0.1425 0.1425 0.1425 0.15 0.15 0.1485 0.1485 0.1455 0.1455 0.1455 0.149 0.149 0.13 0.13 0.119 0.119 0.1325 0.1325 0.1325 0.1185 0.1185 0.136 0.136 0.141 0.141 0.141 0.1455 0.1455 0.1535 0.1535 0.143 0.143 0.143 0.1335 0.1335 0.1285 0.1285 0.134 0.134 0.134 0.14 0.14 0.135 0.135
0.109 0.098 0.098 0.154 0.154 0.154 0.19 0.19 0.179 0.179 0.16 0.16 0.1645 0.1645 0.1645 0.1495 0.1495 0.1445 0.1445 0.1485 0.1485 0.1485 0.1515 0.1515 0.183 0.183 0.1695 0.1695 0.1695 0.1695 0.1695 0.163 0.163 0.16 0.16 0.16 0.167 0.167 0.165 0.165 0.1435 0.1435 0.1435 0.1365 0.1365 0.1285 0.1285 0.131 0.131 0.133 0.133 0.133 0.126 0.126 0.142 0.142 0.1485 0.1485 0.1485 0.144 0.144 0.1465 0.1465 0.1315 0.1315 0.1315 0.141 0.141 0.148 0.148 0.1465 0.1465 0.1465 0.1485 0.1485 0.1445 0.1445
0.109 0.098 0.098 0.154 0.154 0.154 0.19 0.19 0.179 0.179 0.16 0.16 0.1645 0.1645 0.1645 0.1495 0.1495 0.1445 0.1445 0.1485 0.1485 0.1485 0.1515 0.1515 0.183 0.183 0.1695 0.1695 0.1695 0.1695 0.1695 0.163 0.163 0.16 0.16 0.16 0.167 0.167 0.165 0.165 0.1435 0.1435 0.1435 0.1365 0.1365 0.1285 0.1285 0.131 0.131 0.133 0.133 0.133 0.126 0.126 0.142 0.142 0.1485 0.1485 0.1485 0.144 0.144 0.1465 0.1465 0.1315 0.1315 0.1315 0.141 0.141 0.148 0.148 0.1465 0.1465 0.1465 0.1485 0.1485 0.1445 0.1445
0.101 0.0805 0.0805 0.1595 0.1595 0.1595 0.1525 0.1525 0.1615 0.1615 0.1525 0.1525 0.159 0.159 0.159 0.153 0.153 0.1665 0.1665 0.1735 0.1735 0.1735 0.181 0.181 0.1855 0.1855 0.172 0.172 0.172 0.1765 0.1765 0.166 0.166 0.1635 0.1635 0.1635 0.1805 0.1805 0.1695 0.1695 0.1385 0.1385 0.1385 0.148 0.148 0.1485 0.1485 0.139 0.139 0.1445 0.1445 0.1445 0.139 0.139 0.1385 0.1385 0.14 0.14 0.14 0.1455 0.1455 0.1505 0.1505 0.155 0.155 0.155 0.144 0.144 0.145 0.145 0.1495 0.1495 0.1495 0.153 0.153 0.145 0.145
0.101 0.0805 0.0805 0.1595 0.1595 0.1595 0.1525 0.1525 0.1615 0.1615 0.1525 0.1525 0.159 0.159 0.159 0.153 0.153 0.1665 0.1665 0.1735 0.1735 0.1735 0.181 0.181 0.1855 0.1855 0.172 0.172 0.172 0.1765 0.1765 0.166 0.166 0.1635 0.1635 0.1635 0.1805 0.1805 0.1695 0.1695 0.1385 0.1385 0.1385 0.148 0.148 0.1485 0.1485 0.139 0.139 0.1445 0.1445 0.1445 0.139 0.139 0.1385 0.1385 0.14 0.14 0.14 0.1455 0.1455 0.1505 0.1505 0.155 0.155 0.155 0.144 0.144 0.145 0.145 0.1495 0.1495 0.1495 0.153 0.153 0.145 0.145
0.102 0.09450001 0.09450001 0.1205 0.1205 0.1205 0.1595 0.1595 0.155 0.155 0.1535 0.1535 0.149 0.149 0.149 0.1575 0.1575 0.1695 0.1695 0.177 0.177 0.177 0.176 0.176 0.1865 0.1865 0.175 0.175 0.175 0.1755 0.1755 0.1675 0.1675 0.1665 0.1665 0.1665 0.1665 0.1665 0.169 0.169 0.1555 0.1555 0.1555 0.1445 0.1445 0.1395 0.1395 0.1465 0.1465 0.148 0.148 0.148 0.1265 0.1265 0.13 0.13 0.1395 0.1395 0.1395 0.1385 0.1385 0.1535 0.1535 0.1515 0.1515 0.1515 0.152 0.152 0.143 0.143 0.153 0.153 0.153 0.151 0.151 0.148 0.148
0.102 0.09450001 0.09450001 0.1205 0.1205 0.1205 0.1595 0.1595 0.155 0.155 0.1535 0.1535 0.149 0.149 0.149 0.1575 0.1575 0.1695 0.1695 0.177 0.177 0.177 0.176 0.176 0.1865 0.1865 0.175 0.175 0.175 0.1755 0.1755 0.1675 0.1675 0.1665 0.1665 0.1665 0.1665 0.1665 0.169 0.169 0.1555 0.1555 0.1555 0.1445 0.1445 0.1395 0.1395 0.1465 0.1465 0.148 0.148 0.148 0.1265 0.1265 0.13 0.13 0.1395 0.1395 0.1395 0.1385 0.1385 0.1535 0.1535 0.1515 0.1515 0.1515 0.152 0.152 0.143 0.143 0.153 0.153 0.153 0.151 0.151 0.148 0.148
0.102 0.09450001 0.09450001 0.1205 0.1205 0.1205 0.1595 0.1595 0.155 0.155 0.1535 0.1535 0.149 0.149 0.149 0.1575 0.1575 0.1695 0.1695 0.177 0.177 0.177 0.176 0.176 0.1865 0.1865 0.175 0.175 0.175 0.1755 0.1755 0.1675 0.1675 0.1665 0.1665 0.1665 0.1665 0.1665 0.169 0.169 0.1555 0.1555 0.1555 0.1445 0.1445 0.1395 0.1395 0.1465 0.1465 0.148 0.148 0.148 0.1265 0.1265 0.13 0.13 0.1395 0.1395 0.1395 0.1385 0.1385 0.1535 0.1535 0.1515 0.1515 0.1515 0.152 0.152 0.143 0.143 0.153 0.153 0.153 0.151 0.151 0.148 0.148
0.0935 0.11 0.11 0.1025 0.1025 0.1025 0.12 0.12 0.145 0.145 0.1555 0.1555 0.1615 0.1615 0.1615 0.1685 0.1685 0.185 0.185 0.1805 0.1805 0.1805 0.1945 0.1945 0.189 0.189 0.1545 0.1545 0.1545 0.165 0.165 0.172 0.172 0.1835 0.1835 0.1835 0.1635 0.1635 0.159 0.159 0.155 0.155 0.155 0.128 0.128 0.123 0.123 0.1325 0.1325 0.115 0.115 0.115 0.116 0.116 0.09450001 0.09450001 0.1015 0.1015 0.1015 0.1235 0.1235 0.146 0.146 0.1595 0.1595 0.1595 0.148 0.148 0.132 0.132 0.144 0.144 0.144 0.138 0.138 0.1395 0.1395
0.0935 0.11 0.11 0.1025 0.1025 0.1025 0.12 0.12 0.145 0.145 0.1555 0.1555 0.1615 0.1615 0.1615 0.1685 0.1685 0.185 0.185 0.1805 0.1805 0.1805 0.1945 0.1945 0.189 0.189 0.1545 0.1545 0.1545 0.165 0.165 0.172 0.172 0.1835 0.1835 0.1835 0.1635 0.1635 0.159 0.159 0.155 0.155 0.155 0.128 0.128 0.123 0.123 0.1325 0.1325 0.115 0.115 0.115 0.116 0.116 0.09450001 0.09450001 0.1015 0.1015 0.1015 0.1235 0.1235 0.146 0.146 0.1595 0.1595 0.1595 0.148 0.148 0.132 0.132 0.144 0.144 0.144 0.138 0.138 0.1395 0.1395
0.113 0.113 0.113 0.112 0.112 0.112 0.0795 0.0795 0.1185 0.1185 0.149 0.149 0.156 0.156 0.156 0.1805 0.1805 0.1975 0.1975 0.1935 0.1935 0.1935 0.184 0.184 0.197 0.197 0.1735 0.1735 0.1735 0.1665 0.1665 0.167 0.167 0.1705 0.1705 0.1705 0.1655 0.1655 0.168 0.168 0.1835 0.1835 0.1835 0.1595 0.1595 0.1385 0.1385 0.121 0.121 0.12 0.12 0.12 0.136 0.136 0.1485 0.1485 0.1325 0.1325 0.1325 0.153 0.153 0.147 0.147 0.1575 0.1575 0.1575 0.152 0.152 0.1365 0.1365 0.1235 0.1235 0.1235 0.1325 0.1325 0.1475 0.1475
0.113 0.113 0.113 0.112 0.112 0.112 0.0795 0.0795 0.1185 0.1185 0.149 0.149 0.156 0.156 0.156 0.1805 0.1805 0.1975 0.1975 0.1935 0.1935 0.1935 0.184 0.184 0.197 0.197 0.1735 0.1735 0.1735 0.1665 0.1665 0.167 0.167 0.1705 0.1705 0.1705 0.1655 0.1655 0.168 0.168 0.1835 0.1835 0.1835 0.1595 0.1595 0.1385 0.1385 0.121 0.121 0.12 0.12 0.12 0.136 0.136 0.1485 0.1485 0.1325 0.1325 0.1325 0.153 0.153 0.147 0.147 0.1575 0.1575 0.1575 0.152 0.152 0.1365 0.1365 0.1235 0.1235 0.1235 0.1325 0.1325 0.1475 0.1475
0.117 0.1025 0.1025 0.115 0.115 0.115 0.1005 0.1005 0.1385 0.1385 0.159 0.159 0.1705 0.1705 0.1705 0.195 0.195 0.194 0.194 0.189 0.189 0.189 0.198 0.198 0.1925 0.1925 0.1675 0.1675 0.1675 0.161 0.161 0.176 0.176 0.168 0.168 0.168 0.172 0.172 0.1985 0.1985 0.174 0.174 0.174 0.163 0.163 0.163 0.163 0.159 0.159 0.1565 0.1565 0.1565 0.174 0.174 0.1975 0.1975 0.1735 0.1735 0.1735 0.1485 0.1485 0.1525 0.1525 0.168 0.168 0.168 0.177 0.177 0.1485 0.1485 0.159 0.159 0.159 0.156 0.156 0.149 0.149
0.117 0.1025 0.1025 0.115 0.115 0.115 0.1005 0.1005 0.1385 0.1385 0.159 0.159 0.1705 0.1705 0.1705 0.195 0.195 0.194 0.194 0.189 0.189 0.189 0.198 0.198 0.1925 0.1925 0.1675 0.1675 0.1675 0.161 0.161 0.176 0.176 0.168 0.168 0.168 0.172 0.172 0.1985 0.1985 0.174 0.174 0.174 0.163 0.163 0.163 0.163 0.159 0.159 0.1565 0.1565 0.1565 0.174 0.174 0.1975 0.1975 0.1735 0.1735 0.1735 0.1485 0.1485 0.1525 0.1525 0.168 0.168 0.168 0.177 0.177 0.1485 0.1485 0.159 0.159 0.159 0.156 0.156 0.149 0.149
0.117 0.1025 0.1025 0.115 0.115 0.115 0.1005 0.1005 0.1385 0.1385 0.159 0.159 0.1705 0.1705 0.1705 0.195 0.195 0.194 0.194 0.189 0.189 0.189 0.198 0.198 0.1925 0.1925 0.1675 0.1675 0.1675 0.161 0.161 0.176 0.176 0.168 0.168 0.168 0.172 0.172 0.1985 0.1985 0.174 0.174 0.174 0.163 0.163 0.163 0.163 0.159 0.159 0.1565 0.1565 0.1565 0.174 0.174 0.1975 0.1975 0.1735 0.1735 0.1735 0.1485 0.1485 0.1525 0.1525 0.168 0.168 0.168 0.177 0.177 0.1485 0.1485 0.159 0.159 0.159 0.156 0.156 0.149 0.149
0.133 0.13 0.13 0.1365 0.1365 0.1365 0.1455 0.1455 0.148 0.148 0.153 0.153 0.1715 0.1715 0.1715 0.2035 0.2035 0.1955 0.1955 0.2065 0.2065 0.2065 0.2005 0.2005 0.1975 0.1975 0.183 0.183 0.183 0.182 0.182 0.1825 0.1825 0.185 0.185 0.185 0.1745 0.1745 0.181 0.181 0.182 0.182 0.182 0.172 0.172 0.1715 0.1715 0.178 0.178 0.182 0.182 0.182 0.1935 0.1935 0.197 0.197 0.202 0.202 0.202 0.2155 0.2155 0.2015 0.2015 0.191 0.191 0.191 0.1765 0.1765 0.1695 0.1695 0.1825 0.1825 0.1825 0.1745 0.1745 0.183 0.183
