ndvi/NOAA-281.asc
ncols         252
nrows         154
xllcorner     -18.017974
yllcorner     13.481982
cellsize      0.035948
NODATA_value  -9999
[rows 102 to 135 of 154, columns 152 to 227 of 252]
0.216 0.214 0.214 0.198 0.198 0.199 0.199 0.199 0.161 0.161 0.188 0.188 0.184 0.184 0.2115 0.2115 0.2115 0.208 0.208 0.2165 0.2165 0.232 0.232 0.232 0.224 0.224 0.2045 0.2045 0.2145 0.2145 0.2145 0.2095 0.2095 0.212 0.212 0.213 0.213 0.213 0.2005 0.2005 0.2135 0.2135 0.1995 0.1995 0.1995 0.2045 0.2045 0.196 0.196 0.197 0.197 0.179 0.179 0.179 0.191 0.191 0.1945 0.1945 0.2005 0.2005 0.2005 0.199 0.199 0.183 0.183 0.1895 0.1895 0.1895 0.1925 0.1925 0.1805 0.1805 0.194 0.194 0.194 0.189
0.2 0.218 0.218 0.214 0.214 0.233 0.233 0.233 0.1865 0.1865 0.1965 0.1965 0.214 0.214 0.212 0.212 0.212 0.2135 0.2135 0.2125 0.2125 0.219 0.219 0.219 0.218 0.218 0.2 0.2 0.2015 0.2015 0.2015 0.225 0.225 0.214 0.214 0.21 0.21 0.21 0.2085 0.2085 0.213 0.213 0.199 0.199 0.199 0.217 0.217 0.2115 0.2115 0.207 0.207 0.2055 0.2055 0.2055 0.2215 0.2215 0.2165 0.2165 0.212 0.212 0.212 0.186 0.186 0.206 0.206 0.214 0.214 0.214 0.211 0.211 0.2005 0.2005 0.17 0.17 0.17 0.206
0.2 0.218 0.218 0.214 0.214 0.233 0.233 0.233 0.1865 0.1865 0.1965 0.1965 0.214 0.214 0.212 0.212 0.212 0.2135 0.2135 0.2125 0.2125 0.219 0.219 0.219 0.218 0.218 0.2 0.2 0.2015 0.2015 0.2015 0.225 0.225 0.214 0.214 0.21 0.21 0.21 0.2085 0.2085 0.213 0.213 0.199 0.199 0.199 0.217 0.217 0.2115 0.2115 0.207 0.207 0.2055 0.2055 0.2055 0.2215 0.2215 0.2165 0.2165 0.212 0.212 0.212 0.186 0.186 0.206 0.206 0.214 0.214 0.214 0.211 0.211 0.2005 0.2005 0.17 0.17 0.17 0.206
0.2 0.218 0.218 0.214 0.214 0.233 0.233 0.233 0.1865 0.1865 0.1965 0.1965 0.214 0.214 0.212 0.212 0.212 0.2135 0.2135 0.2125 0.2125 0.219 0.219 0.219 0.218 0.218 0.2 0.2 0.2015 0.2015 0.2015 0.225 0.225 0.214 0.214 0.21 0.21 0.21 0.2085 0.2085 0.213 0.213 0.199 0.199 0.199 0.217 0.217 0.2115 0.2115 0.207 0.207 0.2055 0.2055 0.2055 0.2215 0.2215 0.2165 0.2165 0.212 0.212 0.212 0.186 0.186 0.206 0.206 0.214 0.214 0.214 0.211 0.211 0.2005 0.2005 0.17 0.17 0.17 0.206
0.2015 0.2105 0.2105 0.211 0.211 0.208 0.208 0.208 0.208 0.208 0.2065 0.2065 0.2325 0.2325 0.236 0.236 0.236 0.2025 0.2025 0.2045 0.2045 0.21 0.21 0.21 0.2065 0.2065 0.2015 0.2015 0.2085 0.2085 0.2085 0.228 0.228 0.228 0.228 0.217 0.217 0.217 0.218 0.218 0.1915 0.1915 0.1905 0.1905 0.1905 0.1975 0.1975 0.205 0.205 0.192 0.192 0.203 0.203 0.203 0.2095 0.2095 0.2557 0.2557 0.2404 0.2404 0.2404 0.2035 0.2035 0.185 0.185 0.218 0.218 0.218 0.199 0.199 0.1905 0.1905 0.1785 0.1785 0.1785 0.1955
0.2015 0.2105 0.2105 0.211 0.211 0.208 0.208 0.208 0.208 0.208 0.2065 0.2065 0.2325 0.2325 0.236 0.236 0.236 0.2025 0.2025 0.2045 0.2045 0.21 0.21 0.21 0.2065 0.2065 0.2015 0.2015 0.2085 0.2085 0.2085 0.228 0.228 0.228 0.228 0.217 0.217 0.217 0.218 0.218 0.1915 0.1915 0.1905 0.1905 0.1905 0.1975 0.1975 0.205 0.205 0.192 0.192 0.203 0.203 0.203 0.2095 0.2095 0.2557 0.2557 0.2404 0.2404 0.2404 0.2035 0.2035 0.185 0.185 0.218 0.218 0.218 0.199 0.199 0.1905 0.1905 0.1785 0.1785 0.1785 0.1955
0.198 0.219 0.219 0.23 0.23 0.23 0.23 0.23 0.236 0.236 0.2455 0.2455 0.244 0.244 0.214 0.214 0.214 0.2145 0.2145 0.2085 0.2085 0.2045 0.2045 0.2045 0.208 0.208 0.1975 0.1975 0.2225 0.2225 0.2225 0.237 0.237 0.2482 0.2482 0.2487 0.2487 0.2487 0.2517 0.2517 0.2612 0.2612 0.2065 0.2065 0.2065 0.1965 0.1965 0.2196 0.2196 0.194 0.194 0.204 0.204 0.204 0.2179 0.2179 0.2414 0.2414 0.2499 0.2499 0.2499 0.2282 0.2282 0.2167 0.2167 0.225 0.225 0.225 0.2115 0.2115 0.2445 0.2445 0.204 0.204 0.204 0.222
0.198 0.219 0.219 0.23 0.23 0.23 0.23 0.23 0.236 0.236 0.2455 0.2455 0.244 0.244 0.214 0.214 0.214 0.2145 0.2145 0.2085 0.2085 0.2045 0.2045 0.2045 0.208 0.208 0.1975 0.1975 0.2225 0.2225 0.2225 0.237 0.237 0.2482 0.2482 0.2487 0.2487 0.2487 0.2517 0.2517 0.2612 0.2612 0.2065 0.2065 0.2065 0.1965 0.1965 0.2196 0.2196 0.194 0.194 0.204 0.204 0.204 0.2179 0.2179 0.2414 0.2414 0.2499 0.2499 0.2499 0.2282 0.2282 0.2167 0.2167 0.225 0.225 0.225 0.2115 0.2115 0.2445 0.2445 0.204 0.204 0.204 0.222
0.2275 0.219 0.219 0.2105 0.2105 0.22 0.22 0.22 0.2545 0.2545 0.235 0.235 0.2195 0.2195 0.2205 0.2205 0.2205 0.2245 0.2245 0.2205 0.2205 0.216 0.216 0.216 0.22 0.22 0.225 0.225 0.215 0.215 0.215 0.2462 0.2462 0.2302 0.2302 0.233 0.233 0.233 0.2472 0.2472 0.241 0.241 0.1935 0.1935 0.1935 0.2382 0.2382 0.2157 0.2157 0.1975 0.1975 0.1955 0.1955 0.1955 0.2089 0.2089 0.2374 0.2374 0.2242 0.2242 0.2242 0.2342 0.2342 0.2377 0.2377 0.2305 0.2305 0.2305 0.2417 0.2417 0.197 0.197 0.1955 0.1955 0.1955 0.2035
0.2275 0.219 0.219 0.2105 0.2105 0.22 0.22 0.22 0.2545 0.2545 0.235 0.235 0.2195 0.2195 0.2205 0.2205 0.2205 0.2245 0.2245 0.2205 0.2205 0.216 0.216 0.216 0.22 0.22 0.225 0.225 0.215 0.215 0.215 0.2462 0.2462 0.2302 0.2302 0.233 0.233 0.233 0.2472 0.2472 0.241 0.241 0.1935 0.1935 0.1935 0.2382 0.2382 0.2157 0.2157 0.1975 0.1975 0.1955 0.1955 0.1955 0.2089 0.2089 0.2374 0.2374 0.2242 0.2242 0.2242 0.2342 0.2342 0.2377 0.2377 0.2305 0.2305 0.2305 0.2417 0.2417 0.197 0.197 0.1955 0.1955 0.1955 0.2035
0.2275 0.219 0.219 0.2105 0.2105 0.22 0.22 0.22 0.2545 0.2545 0.235 0.235 0.2195 0.2195 0.2205 0.2205 0.2205 0.2245 0.2245 0.2205 0.2205 0.216 0.216 0.216 0.22 0.22 0.225 0.225 0.215 0.215 0.215 0.2462 0.2462 0.2302 0.2302 0.233 0.233 0.233 0.2472 0.2472 0.241 0.241 0.1935 0.1935 0.1935 0.2382 0.2382 0.2157 0.2157 0.1975 0.1975 0.1955 0.1955 0.1955 0.2089 0.2089 0.2374 0.2374 0.2242 0.2242 0.2242 0.2342 0.2342 0.2377 0.2377 0.2305 0.2305 0.2305 0.2417 0.2417 0.197 0.197 0.1955 0.1955 0.1955 0.2035
0.2365 0.2245 0.2245 0.2255 0.2255 0.213 0.213 0.213 0.2325 0.2325 0.2195 0.2195 0.228 0.228 0.227 0.227 0.227 0.236 0.236 0.248 0.248 0.2395 0.2395 0.2395 0.2225 0.2225 0.2255 0.2255 0.2405 0.2405 0.2405 0.219 0.219 0.2362 0.2362 0.2552 0.2552 0.2552 0.2065 0.2065 0.21 0.21 0.2077 0.2077 0.2077 0.1935 0.1935 0.2115 0.2115 0.192 0.192 0.2347 0.2347 0.2347 0.2077 0.2077 0.2137 0.2137 0.2437 0.2437 0.2437 0.2529 0.2529 0.2282 0.2282 0.233 0.233 0.233 0.2372 0.2372 0.2418 0.2418 0.214 0.214 0.214 0.215
0.2365 0.2245 0.2245 0.2255 0.2255 0.213 0.213 0.213 0.2325 0.2325 0.2195 0.2195 0.228 0.228 0.227 0.227 0.227 0.236 0.236 0.248 0.248 0.2395 0.2395 0.2395 0.2225 0.2225 0.2255 0.2255 0.2405 0.2405 0.2405 0.219 0.219 0.2362 0.2362 0.2552 0.2552 0.2552 0.2065 0.2065 0.21 0.21 0.2077 0.2077 0.2077 0.1935 0.1935 0.2115 0.2115 0.192 0.192 0.2347 0.2347 0.2347 0.2077 0.2077 0.2137 0.2137 0.2437 0.2437 0.2437 0.2529 0.2529 0.2282 0.2282 0.233 0.233 0.233 0.2372 0.2372 0.2418 0.2418 0.214 0.214 0.214 0.215
0.2265 0.2305 0.2305 0.1985 0.1985 0.2175 0.2175 0.2175 0.228 0.228 0.2285 0.2285 0.234 0.234 0.2375 0.2375 0.2375 0.263 0.263 0.238 0.238 0.243 0.243 0.243 0.216 0.216 0.235 0.235 0.2497 0.2497 0.2497 0.2377 0.2377 0.22 0.22 0.2712 0.2712 0.2712 0.211 0.211 0.2115 0.2115 0.1895 0.1895 0.1895 0.201 0.201 0.2065 0.2065 0.2044 0.2044 0.2129 0.2129 0.2129 0.2324 0.2324 0.2277 0.2277 0.2337 0.2337 0.2337 0.2327 0.2327 0.218 0.218 0.2227 0.2227 0.2227 0.2482 0.2482 0.2297 0.2297 0.208 0.208 0.208 0.224
0.2265 0.2305 0.2305 0.1985 0.1985 0.2175 0.2175 0.2175 0.228 0.228 0.2285 0.2285 0.234 0.234 0.2375 0.2375 0.2375 0.263 0.263 0.238 0.238 0.243 0.243 0.243 0.216 0.216 0.235 0.235 0.2497 0.2497 0.2497 0.2377 0.2377 0.22 0.22 0.2712 0.2712 0.2712 0.211 0.211 0.2115 0.2115 0.1895 0.1895 0.1895 0.201 0.201 0.2065 0.2065 0.2044 0.2044 0.2129 0.2129 0.2129 0.2324 0.2324 0.2277 0.2277 0.2337 0.2337 0.2337 0.2327 0.2327 0.218 0.218 0.2227 0.2227 0.2227 0.2482 0.2482 0.2297 0.2297 0.208 0.208 0.208 0.224
0.2335 0.2405 0.2405 0.2195 0.2195 0.2322 0.2322 0.2322 0.2205 0.2205 0.2365 0.2365 0.233 0.233 0.253 0.253 0.253 0.2641 0.2641 0.2375 0.2375 0.241 0.241 0.241 0.2415 0.2415 0.2345 0.2345 0.2367 0.2367 0.2367 0.2205 0.2205 0.231 0.231 0.202 0.202 0.202 0.2105 0.2105 0.228 0.228 0.229 0.229 0.229 0.1847 0.1847 0.1917 0.1917 0.2242 0.2242 0.2095 0.2095 0.2095 0.2195 0.2195 0.2262 0.2262 0.22 0.22 0.22 0.2417 0.2417 0.2245 0.2245 0.224 0.224 0.224 0.2557 0.2557 0.2457 0.2457 0.2517 0.2517 0.2517 0.2342
0.2335 0.2405 0.2405 0.2195 0.2195 0.2322 0.2322 0.2322 0.2205 0.2205 0.2365 0.2365 0.233 0.233 0.253 0.253 0.253 0.2641 0.2641 0.2375 0.2375 0.241 0.241 0.241 0.2415 0.2415 0.2345 0.2345 0.2367 0.2367 0.2367 0.2205 0.2205 0.231 0.231 0.202 0.202 0.202 0.2105 0.2105 0.228 0.228 0.229 0.229 0.229 0.1847 0.1847 0.1917 0.1917 0.2242 0.2242 0.2095 0.2095 0.2095 0.2195 0.2195 0.2262 0.2262 0.22 0.22 0.22 0.2417 0.2417 0.2245 0.2245 0.224 0.224 0.224 0.2557 0.2557 0.2457 0.2457 0.2517 0.2517 0.2517 0.2342
0.2335 0.2405 0.2405 0.2195 0.2195 0.2322 0.2322 0.2322 0.2205 0.2205 0.2365 0.2365 0.233 0.233 0.253 0.253 0.253 0.2641 0.2641 0.2375 0.2375 0.241 0.241 0.241 0.2415 0.2415 0.2345 0.2345 0.2367 0.2367 0.2367 0.2205 0.2205 0.231 0.231 0.202 0.202 0.202 0.2105 0.2105 0.228 0.228 0.229 0.229 0.229 0.1847 0.1847 0.1917 0.1917 0.2242 0.2242 0.2095 0.2095 0.2095 0.2195 0.2195 0.2262 0.2262 0.22 0.22 0.22 0.2417 0.2417 0.2245 0.2245 0.224 0.224 0.224 0.2557 0.2557 0.2457 0.2457 0.2517 0.2517 0.2517 0.2342
0.2774 0.2557 0.2557 0.2472 0.2472 0.2714 0.2714 0.2714 0.2412 0.2412 0.2582 0.2582 0.2677 0.2677 0.253 0.253 0.253 0.2435 0.2435 0.2522 0.2522 0.2215 0.2215 0.2215 0.23 0.23 0.2242 0.2242 0.2235 0.2235 0.2235 0.2235 0.2235 0.232 0.232 0.203 0.203 0.203 0.233 0.233 0.2372 0.2372 0.2065 0.2065 0.2065 0.2107 0.2107 0.2232 0.2232 0.2252 0.2252 0.2439 0.2439 0.2439 0.2325 0.2325 0.2155 0.2155 0.226 0.226 0.226 0.2335 0.2335 0.2175 0.2175 0.2195 0.2195 0.2195 0.219 0.219 0.2085 0.2085 0.217 0.217 0.217 0.2447
0.2774 0.2557 0.2557 0.2472 0.2472 0.2714 0.2714 0.2714 0.2412 0.2412 0.2582 0.2582 0.2677 0.2677 0.253 0.253 0.253 0.2435 0.2435 0.2522 0.2522 0.2215 0.2215 0.2215 0.23 0.23 0.2242 0.2242 0.2235 0.2235 0.2235 0.2235 0.2235 0.232 0.232 0.203 0.203 0.203 0.233 0.233 0.2372 0.2372 0.2065 0.2065 0.2065 0.2107 0.2107 0.2232 0.2232 0.2252 0.2252 0.2439 0.2439 0.2439 0.2325 0.2325 0.2155 0.2155 0.226 0.226 0.226 0.2335 0.2335 0.2175 0.2175 0.2195 0.2195 0.2195 0.219 0.219 0.2085 0.2085 0.217 0.217 0.217 0.2447
0.2482 0.2557 0.2557 0.2472 0.2472 0.2412 0.2412 0.2412 0.2422 0.2422 0.2839 0.2839 0.2547 0.2547 0.2385 0.2385 0.2385 0.2395 0.2395 0.2457 0.2457 0.2437 0.2437 0.2437 0.2057 0.2057 0.214 0.214 0.236 0.236 0.236 0.231 0.231 0.2155 0.2155 0.216 0.216 0.216 0.2477 0.2477 0.2182 0.2182 0.2107 0.2107 0.2107 0.2407 0.2407 0.2402 0.2402 0.2544 0.2544 0.2427 0.2427 0.2427 0.2642 0.2642 0.231 0.231 0.2395 0.2395 0.2395 0.232 0.232 0.213 0.213 0.223 0.223 0.223 0.23 0.23 0.2442 0.2442 0.2447 0.2447 0.2447 0.235
0.2482 0.2557 0.2557 0.2472 0.2472 0.2412 0.2412 0.2412 0.2422 0.2422 0.2839 0.2839 0.2547 0.2547 0.2385 0.2385 0.2385 0.2395 0.2395 0.2457 0.2457 0.2437 0.2437 0.2437 0.2057 0.2057 0.214 0.214 0.236 0.236 0.236 0.231 0.231 0.2155 0.2155 0.216 0.216 0.216 0.2477 0.2477 0.2182 0.2182 0.2107 0.2107 0.2107 0.2407 0.2407 0.2402 0.2402 0.2544 0.2544 0.2427 0.2427 0.2427 0.2642 0.2642 0.231 0.231 0.2395 0.2395 0.2395 0.232 0.232 0.213 0.213 0.223 0.223 0.223 0.23 0.23 0.2442 0.2442 0.2447 0.2447 0.2447 0.235
0.2717 0.2682 0.2682 0.2592 0.2592 0.2632 0.2632 0.2632 0.2507 0.2507 0.2542 0.2542 0.2562 0.2562 0.2572 0.2572 0.2572 0.2465 0.2465 0.2285 0.2285 0.24 0.24 0.24 0.2422 0.2422 0.208 0.208 0.229 0.229 0.229 0.231 0.231 0.2135 0.2135 0.2477 0.2477 0.2477 0.2142 0.2142 0.2192 0.2192 0.2352 0.2352 0.2352 0.214 0.214 0.2165 0.2165 0.2195 0.2195 0.238 0.238 0.238 0.247 0.247 0.2545 0.2545 0.237 0.237 0.237 0.242 0.242 0.2435 0.2435 0.214 0.214 0.214 0.2195 0.2195 0.231 0.231 0.23 0.23 0.23 0.2395
0.2717 0.2682 0.2682 0.2592 0.2592 0.2632 0.2632 0.2632 0.2507 0.2507 0.2542 0.2542 0.2562 0.2562 0.2572 0.2572 0.2572 0.2465 0.2465 0.2285 0.2285 0.24 0.24 0.24 0.2422 0.2422 0.208 0.208 0.229 0.229 0.229 0.231 0.231 0.2135 0.2135 0.2477 0.2477 0.2477 0.2142 0.2142 0.2192 0.2192 0.2352 0.2352 0.2352 0.214 0.214 0.2165 0.2165 0.2195 0.2195 0.238 0.238 0.238 0.247 0.247 0.2545 0.2545 0.237 0.237 0.237 0.242 0.242 0.2435 0.2435 0.214 0.214 0.214 0.2195 0.2195 0.231 0.231 0.23 0.23 0.23 0.2395
0.2725 0.262 0.262 0.2722 0.2722 0.2382 0.2382 0.2382 0.2617 0.2617 0.2627 0.2627 0.2597 0.2597 0.223 0.223 0.223 0.2235 0.2235 0.2477 0.2477 0.248 0.248 0.248 0.252 0.252 0.239 0.239 0.2477 0.2477 0.2477 0.2367 0.2367 0.25 0.25 0.2462 0.2462 0.2462 0.2387 0.2387 0.2302 0.2302 0.2452 0.2452 0.2452 0.2522 0.2522 0.238 0.238 0.2475 0.2475 0.239 0.239 0.239 0.2465 0.2465 0.2355 0.2355 0.23 0.23 0.23 0.245 0.245 0.2205 0.2205 0.2402 0.2402 0.2402 0.2475 0.2475 0.2692 0.2692 0.2505 0.2505 0.2505 0.236
0.2725 0.262 0.262 0.2722 0.2722 0.2382 0.2382 0.2382 0.2617 0.2617 0.2627 0.2627 0.2597 0.2597 0.223 0.223 0.223 0.2235 0.2235 0.2477 0.2477 0.248 0.248 0.248 0.252 0.252 0.239 0.239 0.2477 0.2477 0.2477 0.2367 0.2367 0.25 0.25 0.2462 0.2462 0.2462 0.2387 0.2387 0.2302 0.2302 0.2452 0.2452 0.2452 0.2522 0.2522 0.238 0.238 0.2475 0.2475 0.239 0.239 0.239 0.2465 0.2465 0.2355 0.2355 0.23 0.23 0.23 0.245 0.245 0.2205 0.2205 0.2402 0.2402 0.2402 0.2475 0.2475 0.2692 0.2692 0.2505 0.2505 0.2505 0.236
0.2725 0.262 0.262 0.2722 0.2722 0.2382 0.2382 0.2382 0.2617 0.2617 0.2627 0.2627 0.2597 0.2597 0.223 0.223 0.223 0.2235 0.2235 0.2477 0.2477 0.248 0.248 0.248 0.252 0.252 0.239 0.239 0.2477 0.2477 0.2477 0.2367 0.2367 0.25 0.25 0.2462 0.2462 0.2462 0.2387 0.2387 0.2302 0.2302 0.2452 0.2452 0.2452 0.2522 0.2522 0.238 0.238 0.2475 0.2475 0.239 0.239 0.239 0.2465 0.2465 0.2355 0.2355 0.23 0.23 0.23 0.245 0.245 0.2205 0.2205 0.2402 0.2402 0.2402 0.2475 0.2475 0.2692 0.2692 0.2505 0.2505 0.2505 0.236
0.269 0.2575 0.2575 0.2355 0.2355 0.2462 0.2462 0.2462 0.2502 0.2502 0.2702 0.2702 0.234 0.234 0.2527 0.2527 0.2527 0.211 0.211 0.2662 0.2662 0.2365 0.2365 0.2365 0.2525 0.2525 0.24 0.24 0.236 0.236 0.236 0.2317 0.2317 0.2277 0.2277 0.2307 0.2307 0.2307 0.2332 0.2332 0.2412 0.2412 0.2392 0.2392 0.2392 0.203 0.203 0.235 0.235 0.2435 0.2435 0.2285 0.2285 0.2285 0.2225 0.2225 0.2375 0.2375 0.2505 0.2505 0.2505 0.235 0.235 0.2325 0.2325 0.2632 0.2632 0.2632 0.2492 0.2492 0.2372 0.2372 0.2442 0.2442 0.2442 0.212
0.269 0.2575 0.2575 0.2355 0.2355 0.2462 0.2462 0.2462 0.2502 0.2502 0.2702 0.2702 0.234 0.234 0.2527 0.2527 0.2527 0.211 0.211 0.2662 0.2662 0.2365 0.2365 0.2365 0.2525 0.2525 0.24 0.24 0.236 0.236 0.236 0.2317 0.2317 0.2277 0.2277 0.2307 0.2307 0.2307 0.2332 0.2332 0.2412 0.2412 0.2392 0.2392 0.2392 0.203 0.203 0.235 0.235 0.2435 0.2435 0.2285 0.2285 0.2285 0.2225 0.2225 0.2375 0.2375 0.2505 0.2505 0.2505 0.235 0.235 0.2325 0.2325 0.2632 0.2632 0.2632 0.2492 0.2492 0.2372 0.2372 0.2442 0.2442 0.2442 0.212
0.261 0.2605 0.2605 0.235 0.235 0.2325 0.2325 0.2325 0.2754 0.2754 0.2632 0.2632 0.2547 0.2547 0.2659 0.2659 0.2659 0.2467 0.2467 0.2382 0.2382 0.2582 0.2582 0.2582 0.2547 0.2547 0.233 0.233 0.2575 0.2575 0.2575 0.2595 0.2595 0.2425 0.2425 0.2167 0.2167 0.2167 0.2487 0.2487 0.26 0.26 0.2504 0.2504 0.2504 0.216 0.216 0.2385 0.2385 0.243 0.243 0.251 0.251 0.251 0.255 0.255 0.2595 0.2595 0.274 0.274 0.274 0.2755 0.2755 0.2325 0.2325 0.2225 0.2225 0.2225 0.2285 0.2285 0.2502 0.2502 0.2577 0.2577 0.2577 0.2722
0.261 0.2605 0.2605 0.235 0.235 0.2325 0.2325 0.2325 0.2754 0.2754 0.2632 0.2632 0.2547 0.2547 0.2659 0.2659 0.2659 0.2467 0.2467 0.2382 0.2382 0.2582 0.2582 0.2582 0.2547 0.2547 0.233 0.233 0.2575 0.2575 0.2575 0.2595 0.2595 0.2425 0.2425 0.2167 0.2167 0.2167 0.2487 0.2487 0.26 0.26 0.2504 0.2504 0.2504 0.216 0.216 0.2385 0.2385 0.243 0.243 0.251 0.251 0.251 0.255 0.255 0.2595 0.2595 0.274 0.274 0.274 0.2755 0.2755 0.2325 0.2325 0.2225 0.2225 0.2225 0.2285 0.2285 0.2502 0.2502 0.2577 0.2577 0.2577 0.2722
0.273 0.273 0.273 0.2725 0.2725 0.2335 0.2335 0.2335 0.3009 0.3009 0.2477 0.2477 0.2804 0.2804 0.2722 0.2722 0.2722 0.2762 0.2762 0.238 0.238 0.237 0.237 0.237 0.227 0.227 0.273 0.273 0.2455 0.2455 0.2455 0.236 0.236 0.253 0.253 0.235 0.235 0.235 0.2495 0.2495 0.2605 0.2605 0.2175 0.2175 0.2175 0.2452 0.2452 0.2405 0.2405 0.2545 0.2545 0.2705 0.2705 0.2705 0.2645 0.2645 0.267 0.267 0.2805 0.2805 0.2805 0.258 0.258 0.251 0.251 0.2457 0.2457 0.2457 0.2487 0.2487 0.2584 0.2584 0.2467 0.2467 0.2467 0.2627
0.273 0.273 0.273 0.2725 0.2725 0.2335 0.2335 0.2335 0.3009 0.3009 0.2477 0.2477 0.2804 0.2804 0.2722 0.2722 0.2722 0.2762 0.2762 0.238 0.238 0.237 0.237 0.237 0.227 0.227 0.273 0.273 0.2455 0.2455 0.2455 0.236 0.236 0.253 0.253 0.235 0.235 0.235 0.2495 0.2495 0.2605 0.2605 0.2175 0.2175 0.2175 0.2452 0.2452 0.2405 0.2405 0.2545 0.2545 0.2705 0.2705 0.2705 0.2645 0.2645 0.267 0.267 0.2805 0.2805 0.2805 0.258 0.258 0.251 0.251 0.2457 0.2457 0.2457 0.2487 0.2487 0.2584 0.2584 0.2467 0.2467 0.2467 0.2627
0.273 0.273 0.273 0.2725 0.2725 0.2335 0.2335 0.2335 0.3009 0.3009 0.2477 0.2477 0.2804 0.2804 0.2722 0.2722 0.2722 0.2762 0.2762 0.238 0.238 0.237 0.237 0.237 0.227 0.227 0.273 0.273 0.2455 0.2455 0.2455 0.236 0.236 0.253 0.253 0.235 0.235 0.235 0.2495 0.2495 0.2605 0.2605 0.2175 0.2175 0.2175 0.2452 0.2452 0.2405 0.2405 0.2545 0.2545 0.2705 0.2705 0.2705 0.2645 0.2645 0.267 0.267 0.2805 0.2805 0.2805 0.258 0.258 0.251 0.251 0.2457 0.2457 0.2457 0.2487 0.2487 0.2584 0.2584 0.2467 0.2467 0.2467 0.2627
