ndvi/NOAA-116.asc
ncols         252
nrows         154
xllcorner     -18.017974
yllcorner     13.481982
cellsize      0.035948
NODATA_value  -9999
[rows 105 to 139 of 154, columns 77 to 153 of 252]
0.318 0.318 0.3 0.3 0.286 0.286 0.296 0.296 0.296 0.275 0.275 0.2745 0.2745 0.2565 0.2565 0.243 0.243 0.243 0.246 0.246 0.248 0.248 0.25 0.25 0.25 0.309 0.309 0.2805 0.2805 0.308 0.308 0.308 0.3035 0.3035 0.3075 0.3075 0.303 0.303 0.303 0.3085 0.3085 0.3165 0.3165 0.3295 0.3295 0.3295 0.3305 0.3305 0.3335 0.3335 0.3295 0.3295 0.332 0.332 0.332 0.2935 0.2935 0.31 0.31 0.2965 0.2965 0.2965 0.3045 0.3045 0.3645 0.3645 0.3075 0.3075 0.3075 0.3175 0.3175 0.386 0.386 0.3725 0.3725 0.3725 0.356
0.294 0.294 0.3035 0.3035 0.2935 0.2935 0.2845 0.2845 0.2845 0.272 0.272 0.277 0.277 0.2665 0.2665 0.255 0.255 0.255 0.2395 0.2395 0.251 0.251 0.2785 0.2785 0.2785 0.313 0.313 0.3065 0.3065 0.2885 0.2885 0.2885 0.321 0.321 0.29 0.29 0.3105 0.3105 0.3105 0.2765 0.2765 0.2935 0.2935 0.3165 0.3165 0.3165 0.315 0.315 0.3175 0.3175 0.309 0.309 0.3295 0.3295 0.3295 0.3245 0.3245 0.332 0.332 0.3365 0.3365 0.3365 0.3105 0.3105 0.3915 0.3915 0.3495 0.3495 0.3495 0.338 0.338 0.3075 0.3075 0.344 0.344 0.344 0.381
0.294 0.294 0.3035 0.3035 0.2935 0.2935 0.2845 0.2845 0.2845 0.272 0.272 0.277 0.277 0.2665 0.2665 0.255 0.255 0.255 0.2395 0.2395 0.251 0.251 0.2785 0.2785 0.2785 0.313 0.313 0.3065 0.3065 0.2885 0.2885 0.2885 0.321 0.321 0.29 0.29 0.3105 0.3105 0.3105 0.2765 0.2765 0.2935 0.2935 0.3165 0.3165 0.3165 0.315 0.315 0.3175 0.3175 0.309 0.309 0.3295 0.3295 0.3295 0.3245 0.3245 0.332 0.332 0.3365 0.3365 0.3365 0.3105 0.3105 0.3915 0.3915 0.3495 0.3495 0.3495 0.338 0.338 0.3075 0.3075 0.344 0.344 0.344 0.381
0.297 0.297 0.286 0.286 0.284 0.284 0.2885 0.2885 0.2885 0.3095 0.3095 0.2865 0.2865 0.302 0.302 0.287 0.287 0.287 0.278 0.278 0.325 0.325 0.3315 0.3315 0.3315 0.3205 0.3205 0.3255 0.3255 0.3325 0.3325 0.3325 0.3235 0.3235 0.303 0.303 0.3045 0.3045 0.3045 0.274 0.274 0.2785 0.2785 0.2655 0.2655 0.2655 0.262 0.262 0.2835 0.2835 0.3195 0.3195 0.3275 0.3275 0.3275 0.3625 0.3625 0.3505 0.3505 0.3435 0.3435 0.3435 0.349 0.349 0.364 0.364 0.3735 0.3735 0.3735 0.366 0.366 0.305 0.305 0.3075 0.3075 0.3075 0.351
0.297 0.297 0.286 0.286 0.284 0.284 0.2885 0.2885 0.2885 0.3095 0.3095 0.2865 0.2865 0.302 0.302 0.287 0.287 0.287 0.278 0.278 0.325 0.325 0.3315 0.3315 0.3315 0.3205 0.3205 0.3255 0.3255 0.3325 0.3325 0.3325 0.3235 0.3235 0.303 0.303 0.3045 0.3045 0.3045 0.274 0.274 0.2785 0.2785 0.2655 0.2655 0.2655 0.262 0.262 0.2835 0.2835 0.3195 0.3195 0.3275 0.3275 0.3275 0.3625 0.3625 0.3505 0.3505 0.3435 0.3435 0.3435 0.349 0.349 0.364 0.364 0.3735 0.3735 0.3735 0.366 0.366 0.305 0.305 0.3075 0.3075 0.3075 0.351
0.295 0.295 0.28 0.28 0.277 0.277 0.2775 0.2775 0.2775 0.2775 0.2775 0.2945 0.2945 0.322 0.322 0.352 0.352 0.352 0.3445 0.3445 0.306 0.306 0.305 0.305 0.305 0.308 0.308 0.3215 0.3215 0.3585 0.3585 0.3585 0.3605 0.3605 0.322 0.322 0.331 0.331 0.331 0.2855 0.2855 0.26 0.26 0.241 0.241 0.241 0.289 0.289 0.3265 0.3265 0.318 0.318 0.3415 0.3415 0.3415 0.314 0.314 0.3425 0.3425 0.3415 0.3415 0.3415 0.3675 0.3675 0.3685 0.3685 0.383 0.383 0.383 0.451 0.451 0.4165 0.4165 0.399 0.399 0.399 0.3385
0.295 0.295 0.28 0.28 0.277 0.277 0.2775 0.2775 0.2775 0.2775 0.2775 0.2945 0.2945 0.322 0.322 0.352 0.352 0.352 0.3445 0.3445 0.306 0.306 0.305 0.305 0.305 0.308 0.308 0.3215 0.3215 0.3585 0.3585 0.3585 0.3605 0.3605 0.322 0.322 0.331 0.331 0.331 0.2855 0.2855 0.26 0.26 0.241 0.241 0.241 0.289 0.289 0.3265 0.3265 0.318 0.318 0.3415 0.3415 0.3415 0.314 0.314 0.3425 0.3425 0.3415 0.3415 0.3415 0.3675 0.3675 0.3685 0.3685 0.383 0.383 0.383 0.451 0.451 0.4165 0.4165 0.399 0.399 0.399 0.3385
0.295 0.295 0.28 0.28 0.277 0.277 0.2775 0.2775 0.2775 0.2775 0.2775 0.2945 0.2945 0.322 0.322 0.352 0.352 0.352 0.3445 0.3445 0.306 0.306 0.305 0.305 0.305 0.308 0.308 0.3215 0.3215 0.3585 0.3585 0.3585 0.3605 0.3605 0.322 0.322 0.331 0.331 0.331 0.2855 0.2855 0.26 0.26 0.241 0.241 0.241 0.289 0.289 0.3265 0.3265 0.318 0.318 0.3415 0.3415 0.3415 0.314 0.314 0.3425 0.3425 0.3415 0.3415 0.3415 0.3675 0.3675 0.3685 0.3685 0.383 0.383 0.383 0.451 0.451 0.4165 0.4165 0.399 0.399 0.399 0.3385
0.3005 0.3005 0.284 0.284 0.268 0.268 0.2955 0.2955 0.2955 0.295 0.295 0.276 0.276 0.296 0.296 0.3465 0.3465 0.3465 0.369 0.369 0.3895 0.3895 0.3735 0.3735 0.3735 0.368 0.368 0.4095 0.4095 0.384 0.384 0.384 0.3515 0.3515 0.359 0.359 0.3665 0.3665 0.3665 0.3675 0.3675 0.336 0.336 0.3215 0.3215 0.3215 0.3605 0.3605 0.3835 0.3835 0.3545 0.3545 0.324 0.324 0.324 0.363 0.363 0.342 0.342 0.3495 0.3495 0.3495 0.3345 0.3345 0.336 0.336 0.3845 0.3845 0.3845 0.4025 0.4025 0.4095 0.4095 0.432 0.432 0.432 0.3805
0.3005 0.3005 0.284 0.284 0.268 0.268 0.2955 0.2955 0.2955 0.295 0.295 0.276 0.276 0.296 0.296 0.3465 0.3465 0.3465 0.369 0.369 0.3895 0.3895 0.3735 0.3735 0.3735 0.368 0.368 0.4095 0.4095 0.384 0.384 0.384 0.3515 0.3515 0.359 0.359 0.3665 0.3665 0.3665 0.3675 0.3675 0.336 0.336 0.3215 0.3215 0.3215 0.3605 0.3605 0.3835 0.3835 0.3545 0.3545 0.324 0.324 0.324 0.363 0.363 0.342 0.342 0.3495 0.3495 0.3495 0.3345 0.3345 0.336 0.336 0.3845 0.3845 0.3845 0.4025 0.4025 0.4095 0.4095 0.432 0.432 0.432 0.3805
0.321 0.321 0.323 0.323 0.2935 0.2935 0.314 0.314 0.314 0.29 0.29 0.2886 0.2886 0.298 0.298 0.336 0.336 0.336 0.3735 0.3735 0.3835 0.3835 0.4275 0.4275 0.4275 0.431 0.431 0.396 0.396 0.4175 0.4175 0.4175 0.423 0.423 0.4245 0.4245 0.402 0.402 0.402 0.4 0.4 0.3835 0.3835 0.3395 0.3395 0.3395 0.391 0.391 0.432 0.432 0.3925 0.3925 0.386 0.386 0.386 0.328 0.328 0.362 0.362 0.3325 0.3325 0.3325 0.3255 0.3255 0.32 0.32 0.389 0.389 0.389 0.4125 0.4125 0.4335 0.4335 0.4735 0.4735 0.4735 0.4015
0.321 0.321 0.323 0.323 0.2935 0.2935 0.314 0.314 0.314 0.29 0.29 0.2886 0.2886 0.298 0.298 0.336 0.336 0.336 0.3735 0.3735 0.3835 0.3835 0.4275 0.4275 0.4275 0.431 0.431 0.396 0.396 0.4175 0.4175 0.4175 0.423 0.423 0.4245 0.4245 0.402 0.402 0.402 0.4 0.4 0.3835 0.3835 0.3395 0.3395 0.3395 0.391 0.391 0.432 0.432 0.3925 0.3925 0.386 0.386 0.386 0.328 0.328 0.362 0.362 0.3325 0.3325 0.3325 0.3255 0.3255 0.32 0.32 0.389 0.389 0.389 0.4125 0.4125 0.4335 0.4335 0.4735 0.4735 0.4735 0.4015
0.286 0.286 0.3115 0.3115 0.293 0.293 0.3115 0.3115 0.3115 0.2825 0.2825 0.306 0.306 0.3355 0.3355 0.335 0.335 0.335 0.379 0.379 0.4005 0.4005 0.4365 0.4365 0.4365 0.4345 0.4345 0.4225 0.4225 0.3905 0.3905 0.3905 0.3965 0.3965 0.427 0.427 0.392 0.392 0.392 0.341 0.341 0.327 0.327 0.335 0.335 0.335 0.368 0.368 0.404 0.404 0.39 0.39 0.3835 0.3835 0.3835 0.343 0.343 0.3535 0.3535 0.364 0.364 0.364 0.343 0.343 0.325 0.325 0.349 0.349 0.349 0.4135 0.4135 0.4195 0.4195 0.4715 0.4715 0.4715 0.4485
0.286 0.286 0.3115 0.3115 0.293 0.293 0.3115 0.3115 0.3115 0.2825 0.2825 0.306 0.306 0.3355 0.3355 0.335 0.335 0.335 0.379 0.379 0.4005 0.4005 0.4365 0.4365 0.4365 0.4345 0.4345 0.4225 0.4225 0.3905 0.3905 0.3905 0.3965 0.3965 0.427 0.427 0.392 0.392 0.392 0.341 0.341 0.327 0.327 0.335 0.335 0.335 0.368 0.368 0.404 0.404 0.39 0.39 0.3835 0.3835 0.3835 0.343 0.343 0.3535 0.3535 0.364 0.364 0.364 0.343 0.343 0.325 0.325 0.349 0.349 0.349 0.4135 0.4135 0.4195 0.4195 0.4715 0.4715 0.4715 0.4485
0.286 0.286 0.3115 0.3115 0.293 0.293 0.3115 0.3115 0.3115 0.2825 0.2825 0.306 0.306 0.3355 0.3355 0.335 0.335 0.335 0.379 0.379 0.4005 0.4005 0.4365 0.4365 0.4365 0.4345 0.4345 0.4225 0.4225 0.3905 0.3905 0.3905 0.3965 0.3965 0.427 0.427 0.392 0.392 0.392 0.341 0.341 0.327 0.327 0.335 0.335 0.335 0.368 0.368 0.404 0.404 0.39 0.39 0.3835 0.3835 0.3835 0.343 0.343 0.3535 0.3535 0.364 0.364 0.364 0.343 0.343 0.325 0.325 0.349 0.349 0.349 0.4135 0.4135 0.4195 0.4195 0.4715 0.4715 0.4715 0.4485
0.236 0.236 0.224 0.224 0.2565 0.2565 0.2615 0.2615 0.2615 0.295 0.295 0.302 0.302 0.343 0.343 0.3675 0.3675 0.3675 0.3885 0.3885 0.4115 0.4115 0.414 0.414 0.414 0.445 0.445 0.4245 0.4245 0.395 0.395 0.395 0.397 0.397 0.4115 0.4115 0.4015 0.4015 0.4015 0.413 0.413 0.3925 0.3925 0.399 0.399 0.399 0.3815 0.3815 0.3925 0.3925 0.385 0.385 0.3875 0.3875 0.3875 0.3645 0.3645 0.3885 0.3885 0.4005 0.4005 0.4005 0.3745 0.3745 0.3575 0.3575 0.3775 0.3775 0.3775 0.4155 0.4155 0.434 0.434 0.449 0.449 0.449 0.4855
0.236 0.236 0.224 0.224 0.2565 0.2565 0.2615 0.2615 0.2615 0.295 0.295 0.302 0.302 0.343 0.343 0.3675 0.3675 0.3675 0.3885 0.3885 0.4115 0.4115 0.414 0.414 0.414 0.445 0.445 0.4245 0.4245 0.395 0.395 0.395 0.397 0.397 0.4115 0.4115 0.4015 0.4015 0.4015 0.413 0.413 0.3925 0.3925 0.399 0.399 0.399 0.3815 0.3815 0.3925 0.3925 0.385 0.385 0.3875 0.3875 0.3875 0.3645 0.3645 0.3885 0.3885 0.4005 0.4005 0.4005 0.3745 0.3745 0.3575 0.3575 0.3775 0.3775 0.3775 0.4155 0.4155 0.434 0.434 0.449 0.449 0.449 0.4855
0.201 0.201 0.254 0.254 0.2775 0.2775 0.322 0.322 0.322 0.317 0.317 0.339 0.339 0.3395 0.3395 0.3625 0.3625 0.3625 0.4165 0.4165 0.402 0.402 0.3665 0.3665 0.3665 0.3725 0.3725 0.4095 0.4095 0.4465 0.4465 0.4465 0.4585 0.4585 0.4705 0.4705 0.5025 0.5025 0.5025 0.5005 0.5005 0.5036 0.5036 0.522 0.522 0.522 0.518 0.518 0.4655 0.4655 0.4215 0.4215 0.452 0.452 0.452 0.4255 0.4255 0.419 0.419 0.4305 0.4305 0.4305 0.4605 0.4605 0.453 0.453 0.419 0.419 0.419 0.418 0.418 0.4565 0.4565 0.4781 0.4781 0.4781 0.5
0.201 0.201 0.254 0.254 0.2775 0.2775 0.322 0.322 0.322 0.317 0.317 0.339 0.339 0.3395 0.3395 0.3625 0.3625 0.3625 0.4165 0.4165 0.402 0.402 0.3665 0.3665 0.3665 0.3725 0.3725 0.4095 0.4095 0.4465 0.4465 0.4465 0.4585 0.4585 0.4705 0.4705 0.5025 0.5025 0.5025 0.5005 0.5005 0.5036 0.5036 0.522 0.522 0.522 0.518 0.518 0.4655 0.4655 0.4215 0.4215 0.452 0.452 0.452 0.4255 0.4255 0.419 0.419 0.4305 0.4305 0.4305 0.4605 0.4605 0.453 0.453 0.419 0.419 0.419 0.418 0.418 0.4565 0.4565 0.4781 0.4781 0.4781 0.5
0.227 0.227 0.281 0.281 0.2665 0.2665 0.325 0.325 0.325 0.3295 0.3295 0.3495 0.3495 0.3505 0.3505 0.3545 0.3545 0.3545 0.425 0.425 0.3955 0.3955 0.407 0.407 0.407 0.3725 0.3725 0.3695 0.3695 0.4455 0.4455 0.4455 0.5095 0.5095 0.4965 0.4965 0.547 0.547 0.547 0.5605 0.5605 0.559 0.559 0.563 0.563 0.563 0.505 0.505 0.501 0.501 0.481 0.481 0.495 0.495 0.495 0.4535 0.4535 0.422 0.422 0.444 0.444 0.444 0.447 0.447 0.428 0.428 0.4385 0.4385 0.4385 0.456 0.456 0.4561 0.4561 0.517 0.517 0.517 0.5235
0.227 0.227 0.281 0.281 0.2665 0.2665 0.325 0.325 0.325 0.3295 0.3295 0.3495 0.3495 0.3505 0.3505 0.3545 0.3545 0.3545 0.425 0.425 0.3955 0.3955 0.407 0.407 0.407 0.3725 0.3725 0.3695 0.3695 0.4455 0.4455 0.4455 0.5095 0.5095 0.4965 0.4965 0.547 0.547 0.547 0.5605 0.5605 0.559 0.559 0.563 0.563 0.563 0.505 0.505 0.501 0.501 0.481 0.481 0.495 0.495 0.495 0.4535 0.4535 0.422 0.422 0.444 0.444 0.444 0.447 0.447 0.428 0.428 0.4385 0.4385 0.4385 0.456 0.456 0.4561 0.4561 0.517 0.517 0.517 0.5235
0.281 0.281 0.294 0.294 0.3125 0.3125 0.321 0.321 0.321 0.362 0.362 0.3675 0.3675 0.349 0.349 0.3615 0.3615 0.3615 0.39 0.39 0.4395 0.4395 0.409 0.409 0.409 0.391 0.391 0.4575 0.4575 0.487 0.487 0.487 0.5035 0.5035 0.538 0.538 0.5665 0.5665 0.5665 0.571 0.571 0.57 0.57 0.5755 0.5755 0.5755 0.548 0.548 0.5245 0.5245 0.5705 0.5705 0.5855 0.5855 0.5855 0.491 0.491 0.4785 0.4785 0.4835 0.4835 0.4835 0.471 0.471 0.4615 0.4615 0.4515 0.4515 0.4515 0.4746 0.4746 0.4625 0.4625 0.515 0.515 0.515 0.552
0.281 0.281 0.294 0.294 0.3125 0.3125 0.321 0.321 0.321 0.362 0.362 0.3675 0.3675 0.349 0.349 0.3615 0.3615 0.3615 0.39 0.39 0.4395 0.4395 0.409 0.409 0.409 0.391 0.391 0.4575 0.4575 0.487 0.487 0.487 0.5035 0.5035 0.538 0.538 0.5665 0.5665 0.5665 0.571 0.571 0.57 0.57 0.5755 0.5755 0.5755 0.548 0.548 0.5245 0.5245 0.5705 0.5705 0.5855 0.5855 0.5855 0.491 0.491 0.4785 0.4785 0.4835 0.4835 0.4835 0.471 0.471 0.4615 0.4615 0.4515 0.4515 0.4515 0.4746 0.4746 0.4625 0.4625 0.515 0.515 0.515 0.552
0.281 0.281 0.294 0.294 0.3125 0.3125 0.321 0.321 0.321 0.362 0.362 0.3675 0.3675 0.349 0.349 0.3615 0.3615 0.3615 0.39 0.39 0.4395 0.4395 0.409 0.409 0.409 0.391 0.391 0.4575 0.4575 0.487 0.487 0.487 0.5035 0.5035 0.538 0.538 0.5665 0.5665 0.5665 0.571 0.571 0.57 0.57 0.5755 0.5755 0.5755 0.548 0.548 0.5245 0.5245 0.5705 0.5705 0.5855 0.5855 0.5855 0.491 0.491 0.4785 0.4785 0.4835 0.4835 0.4835 0.471 0.471 0.4615 0.4615 0.4515 0.4515 0.4515 0.4746 0.4746 0.4625 0.4625 0.515 0.515 0.515 0.552
0.2795 0.2795 0.294 0.294 0.314 0.314 0.344 0.344 0.344 0.337 0.337 0.372 0.372 0.3445 0.3445 0.356 0.356 0.356 0.3755 0.3755 0.399 0.399 0.4565 0.4565 0.4565 0.4985 0.4985 0.5485 0.5485 0.5420001 0.5420001 0.5420001 0.5505 0.5505 0.5605 0.5605 0.551 0.551 0.551 0.569 0.569 0.5725 0.5725 0.5405 0.5405 0.5405 0.566 0.566 0.577 0.577 0.556 0.556 0.6095001 0.6095001 0.6095001 0.5305 0.5305 0.5035 0.5035 0.5315 0.5315 0.5315 0.501 0.501 0.5196 0.5196 0.5006 0.5006 0.5006 0.5325 0.5325 0.5331 0.5331 0.5575 0.5575 0.5575 0.559
0.2795 0.2795 0.294 0.294 0.314 0.314 0.344 0.344 0.344 0.337 0.337 0.372 0.372 0.3445 0.3445 0.356 0.356 0.356 0.3755 0.3755 0.399 0.399 0.4565 0.4565 0.4565 0.4985 0.4985 0.5485 0.5485 0.5420001 0.5420001 0.5420001 0.5505 0.5505 0.5605 0.5605 0.551 0.551 0.551 0.569 0.569 0.5725 0.5725 0.5405 0.5405 0.5405 0.566 0.566 0.577 0.577 0.556 0.556 0.6095001 0.6095001 0.6095001 0.5305 0.5305 0.5035 0.5035 0.5315 0.5315 0.5315 0.501 0.501 0.5196 0.5196 0.5006 0.5006 0.5006 0.5325 0.5325 0.5331 0.5331 0.5575 0.5575 0.5575 0.559
0.274 0.274 0.293 0.293 0.3075 0.3075 0.3575 0.3575 0.3575 0.3705 0.3705 0.3795 0.3795 0.3815 0.3815 0.3985 0.3985 0.3985 0.3885 0.3885 0.3825 0.3825 0.4875 0.4875 0.4875 0.5255 0.5255 0.555 0.555 0.5785 0.5785 0.5785 0.5925 0.5925 0.524 0.524 0.5145 0.5145 0.5145 0.5395 0.5395 0.5255 0.5255 0.5355 0.5355 0.5355 0.5355 0.5355 0.5385 0.5385 0.559 0.559 0.623 0.623 0.623 0.592 0.592 0.5605 0.5605 0.5465 0.5465 0.5465 0.5425 0.5425 0.5385 0.5385 0.5246 0.5246 0.5246 0.5411 0.5411 0.5815 0.5815 0.583 0.583 0.583 0.632
0.274 0.274 0.293 0.293 0.3075 0.3075 0.3575 0.3575 0.3575 0.3705 0.3705 0.3795 0.3795 0.3815 0.3815 0.3985 0.3985 0.3985 0.3885 0.3885 0.3825 0.3825 0.4875 0.4875 0.4875 0.5255 0.5255 0.555 0.555 0.5785 0.5785 0.5785 0.5925 0.5925 0.524 0.524 0.5145 0.5145 0.5145 0.5395 0.5395 0.5255 0.5255 0.5355 0.5355 0.5355 0.5355 0.5355 0.5385 0.5385 0.559 0.559 0.623 0.623 0.623 0.592 0.592 0.5605 0.5605 0.5465 0.5465 0.5465 0.5425 0.5425 0.5385 0.5385 0.5246 0.5246 0.5246 0.5411 0.5411 0.5815 0.5815 0.583 0.583 0.583 0.632
0.2785 0.2785 0.2985 0.2985 0.307 0.307 0.345 0.345 0.345 0.37 0.37 0.3945 0.3945 0.418 0.418 0.435 0.435 0.435 0.447 0.447 0.4215 0.4215 0.453 0.453 0.453 0.524 0.524 0.5265 0.5265 0.5345 0.5345 0.5345 0.5305 0.5305 0.501 0.501 0.5475 0.5475 0.5475 0.5635 0.5635 0.547 0.547 0.566 0.566 0.566 0.5405 0.5405 0.524 0.524 0.4925 0.4925 0.5295 0.5295 0.5295 0.5885 0.5885 0.645 0.645 0.6465 0.6465 0.6465 0.6055 0.6055 0.595 0.595 0.5895 0.5895 0.5895 0.5915 0.5915 0.586 0.586 0.6255 0.6255 0.6255 0.6115
0.2785 0.2785 0.2985 0.2985 0.307 0.307 0.345 0.345 0.345 0.37 0.37 0.3945 0.3945 0.418 0.418 0.435 0.435 0.435 0.447 0.447 0.4215 0.4215 0.453 0.453 0.453 0.524 0.524 0.5265 0.5265 0.5345 0.5345 0.5345 0.5305 0.5305 0.501 0.501 0.5475 0.5475 0.5475 0.5635 0.5635 0.547 0.547 0.566 0.566 0.566 0.5405 0.5405 0.524 0.524 0.4925 0.4925 0.5295 0.5295 0.5295 0.5885 0.5885 0.645 0.645 0.6465 0.6465 0.6465 0.6055 0.6055 0.595 0.595 0.5895 0.5895 0.5895 0.5915 0.5915 0.586 0.586 0.6255 0.6255 0.6255 0.6115
0.2785 0.2785 0.2985 0.2985 0.307 0.307 0.345 0.345 0.345 0.37 0.37 0.3945 0.3945 0.418 0.418 0.435 0.435 0.435 0.447 0.447 0.4215 0.4215 0.453 0.453 0.453 0.524 0.524 0.5265 0.5265 0.5345 0.5345 0.5345 0.5305 0.5305 0.501 0.501 0.5475 0.5475 0.5475 0.5635 0.5635 0.547 0.547 0.566 0.566 0.566 0.5405 0.5405 0.524 0.524 0.4925 0.4925 0.5295 0.5295 0.5295 0.5885 0.5885 0.645 0.645 0.6465 0.6465 0.6465 0.6055 0.6055 0.595 0.595 0.5895 0.5895 0.5895 0.5915 0.5915 0.586 0.586 0.6255 0.6255 0.6255 0.6115
0.271 0.271 0.2845 0.2845 0.3465 0.3465 0.3565 0.3565 0.3565 0.366 0.366 0.4 0.4 0.4085 0.4085 0.4345 0.4345 0.4345 0.4435 0.4435 0.41 0.41 0.4825 0.4825 0.4825 0.4865 0.4865 0.561 0.561 0.5265 0.5265 0.5265 0.5325 0.5325 0.497 0.497 0.509 0.509 0.509 0.5075 0.5075 0.578 0.578 0.552 0.552 0.552 0.5525 0.5525 0.546 0.546 0.591 0.591 0.6065 0.6065 0.6065 0.635 0.635 0.6685 0.6685 0.6725 0.6725 0.6725 0.6555 0.6555 0.644 0.644 0.613 0.613 0.613 0.6025 0.6025 0.5915 0.5915 0.648 0.648 0.648 0.6995
0.271 0.271 0.2845 0.2845 0.3465 0.3465 0.3565 0.3565 0.3565 0.366 0.366 0.4 0.4 0.4085 0.4085 0.4345 0.4345 0.4345 0.4435 0.4435 0.41 0.41 0.4825 0.4825 0.4825 0.4865 0.4865 0.561 0.561 0.5265 0.5265 0.5265 0.5325 0.5325 0.497 0.497 0.509 0.509 0.509 0.5075 0.5075 0.578 0.578 0.552 0.552 0.552 0.5525 0.5525 0.546 0.546 0.591 0.591 0.6065 0.6065 0.6065 0.635 0.635 0.6685 0.6685 0.6725 0.6725 0.6725 0.6555 0.6555 0.644 0.644 0.613 0.613 0.613 0.6025 0.6025 0.5915 0.5915 0.648 0.648 0.648 0.6995
0.3085 0.3085 0.3385 0.3385 0.338 0.338 0.378 0.378 0.378 0.384 0.384 0.3995 0.3995 0.429 0.429 0.4755 0.4755 0.4755 0.444 0.444 0.441 0.441 0.4675 0.4675 0.4675 0.481 0.481 0.537 0.537 0.524 0.524 0.524 0.558 0.558 0.575 0.575 0.5625 0.5625 0.5625 0.4845 0.4845 0.564 0.564 0.5245 0.5245 0.5245 0.54 0.54 0.535 0.535 0.6105 0.6105 0.6605 0.6605 0.6605 0.675 0.675 0.6685 0.6685 0.6895 0.6895 0.6895 0.6515 0.6515 0.6265 0.6265 0.6375 0.6375 0.6375 0.6185 0.6185 0.6345 0.6345 0.6795 0.6795 0.6795 0.6765
0.3085 0.3085 0.3385 0.3385 0.338 0.338 0.378 0.378 0.378 0.384 0.384 0.3995 0.3995 0.429 0.429 0.4755 0.4755 0.4755 0.444 0.444 0.441 0.441 0.4675 0.4675 0.4675 0.481 0.481 0.537 0.537 0.524 0.524 0.524 0.558 0.558 0.575 0.575 0.5625 0.5625 0.5625 0.4845 0.4845 0.564 0.564 0.5245 0.5245 0.5245 0.54 0.54 0.535 0.535 0.6105 0.6105 0.6605 0.6605 0.6605 0.675 0.675 0.6685 0.6685 0.6895 0.6895 0.6895 0.6515 0.6515 0.6265 0.6265 0.6375 0.6375 0.6375 0.6185 0.6185 0.6345 0.6345 0.6795 0.6795 0.6795 0.6765
