ndvi/NOAA-295.asc
ncols         252
nrows         154
xllcorner     -18.017974
yllcorner     13.481982
cellsize      0.035948
NODATA_value  -9999
[rows 34 to 67 of 154, columns 152 to 227 of 252]
0.127 0.127 0.127 0.1365 0.1365 0.138 0.138 0.138 0.1265 0.1265 0.105 0.105 0.1045 0.1045 0.0735 0.0735 0.0735 0.103 0.103 0.082 0.082 0.087 0.087 0.087 0.106 0.106 0.1085 0.1085 0.1045 0.1045 0.1045 0.12 0.12 0.1275 0.1275 0.1165 0.1165 0.1165 0.113 0.113 0.1085 0.1085 0.112 0.112 0.112 0.1105 0.1105 0.1125 0.1125 0.1295 0.1295 0.1335 0.1335 0.1335 0.1365 0.1365 0.1315 0.1315 0.13 0.13 0.13 0.097 0.097 0.095 0.095 0.09999999 0.09999999 0.09999999 0.1045 0.1045 0.1035 0.1035 0.0965 0.0965 0.0965 0.0925
0.127 0.127 0.127 0.1365 0.1365 0.138 0.138 0.138 0.1265 0.1265 0.105 0.105 0.1045 0.1045 0.0735 0.0735 0.0735 0.103 0.103 0.082 0.082 0.087 0.087 0.087 0.106 0.106 0.1085 0.1085 0.1045 0.1045 0.1045 0.12 0.12 0.1275 0.1275 0.1165 0.1165 0.1165 0.113 0.113 0.1085 0.1085 0.112 0.112 0.112 0.1105 0.1105 0.1125 0.1125 0.1295 0.1295 0.1335 0.1335 0.1335 0.1365 0.1365 0.1315 0.1315 0.13 0.13 0.13 0.097 0.097 0.095 0.095 0.09999999 0.09999999 0.09999999 0.1045 0.1045 0.1035 0.1035 0.0965 0.0965 0.0965 0.0925
0.127 0.127 0.127 0.1365 0.1365 0.138 0.138 0.138 0.1265 0.1265 0.105 0.105 0.1045 0.1045 0.0735 0.0735 0.0735 0.103 0.103 0.082 0.082 0.087 0.087 0.087 0.106 0.106 0.1085 0.1085 0.1045 0.1045 0.1045 0.12 0.12 0.1275 0.1275 0.1165 0.1165 0.1165 0.113 0.113 0.1085 0.1085 0.112 0.112 0.112 0.1105 0.1105 0.1125 0.1125 0.1295 0.1295 0.1335 0.1335 0.1335 0.1365 0.1365 0.1315 0.1315 0.13 0.13 0.13 0.097 0.097 0.095 0.095 0.09999999 0.09999999 0.09999999 0.1045 0.1045 0.1035 0.1035 0.0965 0.0965 0.0965 0.0925
0.1265 0.126 0.126 0.1295 0.1295 0.1105 0.1105 0.1105 0.117 0.117 0.1145 0.1145 0.113 0.113 0.111 0.111 0.111 0.1105 0.1105 0.081 0.081 0.0785 0.0785 0.0785 0.0805 0.0805 0.1135 0.1135 0.09999999 0.09999999 0.09999999 0.131 0.131 0.122 0.122 0.119 0.119 0.119 0.1225 0.1225 0.117 0.117 0.111 0.111 0.111 0.117 0.117 0.1245 0.1245 0.1175 0.1175 0.134 0.134 0.134 0.1285 0.1285 0.1235 0.1235 0.131 0.131 0.131 0.1265 0.1265 0.1025 0.1025 0.1005 0.1005 0.1005 0.098 0.098 0.0985 0.0985 0.0995 0.0995 0.0995 0.0995
0.1265 0.126 0.126 0.1295 0.1295 0.1105 0.1105 0.1105 0.117 0.117 0.1145 0.1145 0.113 0.113 0.111 0.111 0.111 0.1105 0.1105 0.081 0.081 0.0785 0.0785 0.0785 0.0805 0.0805 0.1135 0.1135 0.09999999 0.09999999 0.09999999 0.131 0.131 0.122 0.122 0.119 0.119 0.119 0.1225 0.1225 0.117 0.117 0.111 0.111 0.111 0.117 0.117 0.1245 0.1245 0.1175 0.1175 0.134 0.134 0.134 0.1285 0.1285 0.1235 0.1235 0.131 0.131 0.131 0.1265 0.1265 0.1025 0.1025 0.1005 0.1005 0.1005 0.098 0.098 0.0985 0.0985 0.0995 0.0995 0.0995 0.0995
0.128 0.126 0.126 0.129 0.129 0.1165 0.1165 0.1165 0.1125 0.1125 0.1085 0.1085 0.113 0.113 0.113 0.113 0.113 0.1085 0.1085 0.0935 0.0935 0.11 0.11 0.11 0.108 0.108 0.132 0.132 0.1145 0.1145 0.1145 0.1285 0.1285 0.118 0.118 0.1365 0.1365 0.1365 0.131 0.131 0.125 0.125 0.122 0.122 0.122 0.112 0.112 0.138 0.138 0.1435 0.1435 0.1385 0.1385 0.1385 0.1305 0.1305 0.1325 0.1325 0.134 0.134 0.134 0.1325 0.1325 0.1325 0.1325 0.1095 0.1095 0.1095 0.0975 0.0975 0.09900001 0.09900001 0.1035 0.1035 0.1035 0.109
0.128 0.126 0.126 0.129 0.129 0.1165 0.1165 0.1165 0.1125 0.1125 0.1085 0.1085 0.113 0.113 0.113 0.113 0.113 0.1085 0.1085 0.0935 0.0935 0.11 0.11 0.11 0.108 0.108 0.132 0.132 0.1145 0.1145 0.1145 0.1285 0.1285 0.118 0.118 0.1365 0.1365 0.1365 0.131 0.131 0.125 0.125 0.122 0.122 0.122 0.112 0.112 0.138 0.138 0.1435 0.1435 0.1385 0.1385 0.1385 0.1305 0.1305 0.1325 0.1325 0.134 0.134 0.134 0.1325 0.1325 0.1325 0.1325 0.1095 0.1095 0.1095 0.0975 0.0975 0.09900001 0.09900001 0.1035 0.1035 0.1035 0.109
0.123 0.1185 0.1185 0.117 0.117 0.118 0.118 0.118 0.1105 0.1105 0.111 0.111 0.11 0.11 0.1125 0.1125 0.1125 0.1145 0.1145 0.118 0.118 0.123 0.123 0.123 0.1325 0.1325 0.1255 0.1255 0.1165 0.1165 0.1165 0.14 0.14 0.1495 0.1495 0.146 0.146 0.146 0.142 0.142 0.1415 0.1415 0.1365 0.1365 0.1365 0.1395 0.1395 0.1415 0.1415 0.144 0.144 0.132 0.132 0.132 0.1335 0.1335 0.1395 0.1395 0.1255 0.1255 0.1255 0.136 0.136 0.142 0.142 0.1425 0.1425 0.1425 0.1345 0.1345 0.1315 0.1315 0.125 0.125 0.125 0.1265
0.123 0.1185 0.1185 0.117 0.117 0.118 0.118 0.118 0.1105 0.1105 0.111 0.111 0.11 0.11 0.1125 0.1125 0.1125 0.1145 0.1145 0.118 0.118 0.123 0.123 0.123 0.1325 0.1325 0.1255 0.1255 0.1165 0.1165 0.1165 0.14 0.14 0.1495 0.1495 0.146 0.146 0.146 0.142 0.142 0.1415 0.1415 0.1365 0.1365 0.1365 0.1395 0.1395 0.1415 0.1415 0.144 0.144 0.132 0.132 0.132 0.1335 0.1335 0.1395 0.1395 0.1255 0.1255 0.1255 0.136 0.136 0.142 0.142 0.1425 0.1425 0.1425 0.1345 0.1345 0.1315 0.1315 0.125 0.125 0.125 0.1265
0.123 0.1185 0.1185 0.117 0.117 0.118 0.118 0.118 0.1105 0.1105 0.111 0.111 0.11 0.11 0.1125 0.1125 0.1125 0.1145 0.1145 0.118 0.118 0.123 0.123 0.123 0.1325 0.1325 0.1255 0.1255 0.1165 0.1165 0.1165 0.14 0.14 0.1495 0.1495 0.146 0.146 0.146 0.142 0.142 0.1415 0.1415 0.1365 0.1365 0.1365 0.1395 0.1395 0.1415 0.1415 0.144 0.144 0.132 0.132 0.132 0.1335 0.1335 0.1395 0.1395 0.1255 0.1255 0.1255 0.136 0.136 0.142 0.142 0.1425 0.1425 0.1425 0.1345 0.1345 0.1315 0.1315 0.125 0.125 0.125 0.1265
0.087 0.113 0.113 0.1325 0.1325 0.135 0.135 0.135 0.1235 0.1235 0.1305 0.1305 0.135 0.135 0.1375 0.1375 0.1375 0.1285 0.1285 0.187 0.187 0.1825 0.1825 0.1825 0.148 0.148 0.152 0.152 0.1545 0.1545 0.1545 0.158 0.158 0.155 0.155 0.154 0.154 0.154 0.1445 0.1445 0.1365 0.1365 0.145 0.145 0.145 0.151 0.151 0.141 0.141 0.1415 0.1415 0.1295 0.1295 0.1295 0.1415 0.1415 0.1395 0.1395 0.1355 0.1355 0.1355 0.137 0.137 0.142 0.142 0.1425 0.1425 0.1425 0.135 0.135 0.132 0.132 0.1305 0.1305 0.1305 0.132
0.087 0.113 0.113 0.1325 0.1325 0.135 0.135 0.135 0.1235 0.1235 0.1305 0.1305 0.135 0.135 0.1375 0.1375 0.1375 0.1285 0.1285 0.187 0.187 0.1825 0.1825 0.1825 0.148 0.148 0.152 0.152 0.1545 0.1545 0.1545 0.158 0.158 0.155 0.155 0.154 0.154 0.154 0.1445 0.1445 0.1365 0.1365 0.145 0.145 0.145 0.151 0.151 0.141 0.141 0.1415 0.1415 0.1295 0.1295 0.1295 0.1415 0.1415 0.1395 0.1395 0.1355 0.1355 0.1355 0.137 0.137 0.142 0.142 0.1425 0.1425 0.1425 0.135 0.135 0.132 0.132 0.1305 0.1305 0.1305 0.132
0.095 0.1485 0.1485 0.166 0.166 0.195 0.195 0.195 0.182 0.182 0.1935 0.1935 0.222 0.222 0.243 0.243 0.243 0.2 0.2 0.21 0.21 0.2165 0.2165 0.2165 0.1815 0.1815 0.154 0.154 0.183 0.183 0.183 0.176 0.176 0.169 0.169 0.1595 0.1595 0.1595 0.1445 0.1445 0.154 0.154 0.1555 0.1555 0.1555 0.1685 0.1685 0.1685 0.1685 0.1605 0.1605 0.133 0.133 0.133 0.1285 0.1285 0.141 0.141 0.152 0.152 0.152 0.149 0.149 0.1455 0.1455 0.149 0.149 0.149 0.1375 0.1375 0.135 0.135 0.134 0.134 0.134 0.135
0.095 0.1485 0.1485 0.166 0.166 0.195 0.195 0.195 0.182 0.182 0.1935 0.1935 0.222 0.222 0.243 0.243 0.243 0.2 0.2 0.21 0.21 0.2165 0.2165 0.2165 0.1815 0.1815 0.154 0.154 0.183 0.183 0.183 0.176 0.176 0.169 0.169 0.1595 0.1595 0.1595 0.1445 0.1445 0.154 0.154 0.1555 0.1555 0.1555 0.1685 0.1685 0.1685 0.1685 0.1605 0.1605 0.133 0.133 0.133 0.1285 0.1285 0.141 0.141 0.152 0.152 0.152 0.149 0.149 0.1455 0.1455 0.149 0.149 0.149 0.1375 0.1375 0.135 0.135 0.134 0.134 0.134 0.135
0.149 0.155 0.155 0.153 0.153 0.181 0.181 0.181 0.235 0.235 0.2135 0.2135 0.2115 0.2115 0.1995 0.1995 0.1995 0.2 0.2 0.211 0.211 0.203 0.203 0.203 0.2075 0.2075 0.184 0.184 0.1945 0.1945 0.1945 0.204 0.204 0.1905 0.1905 0.173 0.173 0.173 0.158 0.158 0.1635 0.1635 0.185 0.185 0.185 0.1705 0.1705 0.1385 0.1385 0.149 0.149 0.144 0.144 0.144 0.121 0.121 0.134 0.134 0.14 0.14 0.14 0.147 0.147 0.129 0.129 0.135 0.135 0.135 0.1365 0.1365 0.1385 0.1385 0.1415 0.1415 0.1415 0.133
0.149 0.155 0.155 0.153 0.153 0.181 0.181 0.181 0.235 0.235 0.2135 0.2135 0.2115 0.2115 0.1995 0.1995 0.1995 0.2 0.2 0.211 0.211 0.203 0.203 0.203 0.2075 0.2075 0.184 0.184 0.1945 0.1945 0.1945 0.204 0.204 0.1905 0.1905 0.173 0.173 0.173 0.158 0.158 0.1635 0.1635 0.185 0.185 0.185 0.1705 0.1705 0.1385 0.1385 0.149 0.149 0.144 0.144 0.144 0.121 0.121 0.134 0.134 0.14 0.14 0.14 0.147 0.147 0.129 0.129 0.135 0.135 0.135 0.1365 0.1365 0.1385 0.1385 0.1415 0.1415 0.1415 0.133
0.149 0.155 0.155 0.153 0.153 0.181 0.181 0.181 0.235 0.235 0.2135 0.2135 0.2115 0.2115 0.1995 0.1995 0.1995 0.2 0.2 0.211 0.211 0.203 0.203 0.203 0.2075 0.2075 0.184 0.184 0.1945 0.1945 0.1945 0.204 0.204 0.1905 0.1905 0.173 0.173 0.173 0.158 0.158 0.1635 0.1635 0.185 0.185 0.185 0.1705 0.1705 0.1385 0.1385 0.149 0.149 0.144 0.144 0.144 0.121 0.121 0.134 0.134 0.14 0.14 0.14 0.147 0.147 0.129 0.129 0.135 0.135 0.135 0.1365 0.1365 0.1385 0.1385 0.1415 0.1415 0.1415 0.133
0.157 0.1405 0.1405 0.159 0.159 0.178 0.178 0.178 0.2415 0.2415 0.2625 0.2625 0.22 0.22 0.215 0.215 0.215 0.2295 0.2295 0.188 0.188 0.191 0.191 0.191 0.216 0.216 0.215 0.215 0.229 0.229 0.229 0.2055 0.2055 0.1915 0.1915 0.1855 0.1855 0.1855 0.165 0.165 0.159 0.159 0.178 0.178 0.178 0.175 0.175 0.1555 0.1555 0.1615 0.1615 0.1185 0.1185 0.1185 0.0935 0.0935 0.1325 0.1325 0.142 0.142 0.142 0.151 0.151 0.147 0.147 0.141 0.141 0.141 0.134 0.134 0.1435 0.1435 0.14 0.14 0.14 0.143
0.157 0.1405 0.1405 0.159 0.159 0.178 0.178 0.178 0.2415 0.2415 0.2625 0.2625 0.22 0.22 0.215 0.215 0.215 0.2295 0.2295 0.188 0.188 0.191 0.191 0.191 0.216 0.216 0.215 0.215 0.229 0.229 0.229 0.2055 0.2055 0.1915 0.1915 0.1855 0.1855 0.1855 0.165 0.165 0.159 0.159 0.178 0.178 0.178 0.175 0.175 0.1555 0.1555 0.1615 0.1615 0.1185 0.1185 0.1185 0.0935 0.0935 0.1325 0.1325 0.142 0.142 0.142 0.151 0.151 0.147 0.147 0.141 0.141 0.141 0.134 0.134 0.1435 0.1435 0.14 0.14 0.14 0.143
0.226 0.135 0.135 0.1555 0.1555 0.2 0.2 0.2 0.2285 0.2285 0.217 0.217 0.2256 0.2256 0.243 0.243 0.243 0.198 0.198 0.1795 0.1795 0.1905 0.1905 0.1905 0.198 0.198 0.213 0.213 0.218 0.218 0.218 0.217 0.217 0.2436 0.2436 0.26 0.26 0.26 0.2165 0.2165 0.2035 0.2035 0.181 0.181 0.181 0.165 0.165 0.1665 0.1665 0.167 0.167 0.129 0.129 0.129 0.109 0.109 0.162 0.162 0.177 0.177 0.177 0.166 0.166 0.1575 0.1575 0.16 0.16 0.16 0.136 0.136 0.1415 0.1415 0.146 0.146 0.146 0.166
0.226 0.135 0.135 0.1555 0.1555 0.2 0.2 0.2 0.2285 0.2285 0.217 0.217 0.2256 0.2256 0.243 0.243 0.243 0.198 0.198 0.1795 0.1795 0.1905 0.1905 0.1905 0.198 0.198 0.213 0.213 0.218 0.218 0.218 0.217 0.217 0.2436 0.2436 0.26 0.26 0.26 0.2165 0.2165 0.2035 0.2035 0.181 0.181 0.181 0.165 0.165 0.1665 0.1665 0.167 0.167 0.129 0.129 0.129 0.109 0.109 0.162 0.162 0.177 0.177 0.177 0.166 0.166 0.1575 0.1575 0.16 0.16 0.16 0.136 0.136 0.1415 0.1415 0.146 0.146 0.146 0.166
0.1645 0.132 0.132 0.1375 0.1375 0.2035 0.2035 0.2035 0.2051 0.2051 0.2301 0.2301 0.219 0.219 0.2476 0.2476 0.2476 0.22 0.22 0.215 0.215 0.233 0.233 0.233 0.239 0.239 0.2526 0.2526 0.2661 0.2661 0.2661 0.2496 0.2496 0.2296 0.2296 0.2141 0.2141 0.2141 0.2125 0.2125 0.2115 0.2115 0.1865 0.1865 0.1865 0.171 0.171 0.145 0.145 0.152 0.152 0.161 0.161 0.161 0.153 0.153 0.137 0.137 0.1355 0.1355 0.1355 0.176 0.176 0.17 0.17 0.172 0.172 0.172 0.1375 0.1375 0.1355 0.1355 0.1445 0.1445 0.1445 0.152
0.1645 0.132 0.132 0.1375 0.1375 0.2035 0.2035 0.2035 0.2051 0.2051 0.2301 0.2301 0.219 0.219 0.2476 0.2476 0.2476 0.22 0.22 0.215 0.215 0.233 0.233 0.233 0.239 0.239 0.2526 0.2526 0.2661 0.2661 0.2661 0.2496 0.2496 0.2296 0.2296 0.2141 0.2141 0.2141 0.2125 0.2125 0.2115 0.2115 0.1865 0.1865 0.1865 0.171 0.171 0.145 0.145 0.152 0.152 0.161 0.161 0.161 0.153 0.153 0.137 0.137 0.1355 0.1355 0.1355 0.176 0.176 0.17 0.17 0.172 0.172 0.172 0.1375 0.1375 0.1355 0.1355 0.1445 0.1445 0.1445 0.152
0.154 0.121 0.121 0.15 0.15 0.1515 0.1515 0.1515 0.1925 0.1925 0.2005 0.2005 0.186 0.186 0.1935 0.1935 0.1935 0.2065 0.2065 0.228 0.228 0.2551 0.2551 0.2551 0.2486 0.2486 0.2681 0.2681 0.2325 0.2325 0.2325 0.2075 0.2075 0.2095 0.2095 0.1925 0.1925 0.1925 0.1955 0.1955 0.186 0.186 0.1885 0.1885 0.1885 0.1475 0.1475 0.1395 0.1395 0.144 0.144 0.141 0.141 0.141 0.1525 0.1525 0.124 0.124 0.1495 0.1495 0.1495 0.1515 0.1515 0.1535 0.1535 0.1685 0.1685 0.1685 0.158 0.158 0.1415 0.1415 0.1615 0.1615 0.1615 0.1515
0.154 0.121 0.121 0.15 0.15 0.1515 0.1515 0.1515 0.1925 0.1925 0.2005 0.2005 0.186 0.186 0.1935 0.1935 0.1935 0.2065 0.2065 0.228 0.228 0.2551 0.2551 0.2551 0.2486 0.2486 0.2681 0.2681 0.2325 0.2325 0.2325 0.2075 0.2075 0.2095 0.2095 0.1925 0.1925 0.1925 0.1955 0.1955 0.186 0.186 0.1885 0.1885 0.1885 0.1475 0.1475 0.1395 0.1395 0.144 0.144 0.141 0.141 0.141 0.1525 0.1525 0.124 0.124 0.1495 0.1495 0.1495 0.1515 0.1515 0.1535 0.1535 0.1685 0.1685 0.1685 0.158 0.158 0.1415 0.1415 0.1615 0.1615 0.1615 0.1515
0.154 0.121 0.121 0.15 0.15 0.1515 0.1515 0.1515 0.1925 0.1925 0.2005 0.2005 0.186 0.186 0.1935 0.1935 0.1935 0.2065 0.2065 0.228 0.228 0.2551 0.2551 0.2551 0.2486 0.2486 0.2681 0.2681 0.2325 0.2325 0.2325 0.2075 0.2075 0.2095 0.2095 0.1925 0.1925 0.1925 0.1955 0.1955 0.186 0.186 0.1885 0.1885 0.1885 0.1475 0.1475 0.1395 0.1395 0.144 0.144 0.141 0.141 0.141 0.1525 0.1525 0.124 0.124 0.1495 0.1495 0.1495 0.1515 0.1515 0.1535 0.1535 0.1685 0.1685 0.1685 0.158 0.158 0.1415 0.1415 0.1615 0.1615 0.1615 0.1515
0.1625 0.1335 0.1335 0.15 0.15 0.166 0.166 0.166 0.1945 0.1945 0.164 0.164 0.187 0.187 0.1985 0.1985 0.1985 0.1945 0.1945 0.22 0.22 0.2216 0.2216 0.2216 0.2341 0.2341 0.2256 0.2256 0.2231 0.2231 0.2231 0.205 0.205 0.2365 0.2365 0.233 0.233 0.233 0.208 0.208 0.211 0.211 0.205 0.205 0.205 0.1895 0.1895 0.1555 0.1555 0.1435 0.1435 0.153 0.153 0.153 0.1605 0.1605 0.154 0.154 0.1445 0.1445 0.1445 0.146 0.146 0.1615 0.1615 0.1685 0.1685 0.1685 0.171 0.171 0.152 0.152 0.1455 0.1455 0.1455 0.1335
0.1625 0.1335 0.1335 0.15 0.15 0.166 0.166 0.166 0.1945 0.1945 0.164 0.164 0.187 0.187 0.1985 0.1985 0.1985 0.1945 0.1945 0.22 0.22 0.2216 0.2216 0.2216 0.2341 0.2341 0.2256 0.2256 0.2231 0.2231 0.2231 0.205 0.205 0.2365 0.2365 0.233 0.233 0.233 0.208 0.208 0.211 0.211 0.205 0.205 0.205 0.1895 0.1895 0.1555 0.1555 0.1435 0.1435 0.153 0.153 0.153 0.1605 0.1605 0.154 0.154 0.1445 0.1445 0.1445 0.146 0.146 0.1615 0.1615 0.1685 0.1685 0.1685 0.171 0.171 0.152 0.152 0.1455 0.1455 0.1455 0.1335
0.1575 0.151 0.151 0.1485 0.1485 0.1435 0.1435 0.1435 0.174 0.174 0.1555 0.1555 0.1715 0.1715 0.2055 0.2055 0.2055 0.2205 0.2205 0.219 0.219 0.237 0.237 0.237 0.2136 0.2136 0.2066 0.2066 0.2015 0.2015 0.2015 0.2065 0.2065 0.219 0.219 0.197 0.197 0.197 0.212 0.212 0.1995 0.1995 0.204 0.204 0.204 0.1925 0.1925 0.164 0.164 0.186 0.186 0.173 0.173 0.173 0.1925 0.1925 0.163 0.163 0.1525 0.1525 0.1525 0.162 0.162 0.156 0.156 0.1615 0.1615 0.1615 0.17 0.17 0.1515 0.1515 0.1695 0.1695 0.1695 0.1465
0.1575 0.151 0.151 0.1485 0.1485 0.1435 0.1435 0.1435 0.174 0.174 0.1555 0.1555 0.1715 0.1715 0.2055 0.2055 0.2055 0.2205 0.2205 0.219 0.219 0.237 0.237 0.237 0.2136 0.2136 0.2066 0.2066 0.2015 0.2015 0.2015 0.2065 0.2065 0.219 0.219 0.197 0.197 0.197 0.212 0.212 0.1995 0.1995 0.204 0.204 0.204 0.1925 0.1925 0.164 0.164 0.186 0.186 0.173 0.173 0.173 0.1925 0.1925 0.163 0.163 0.1525 0.1525 0.1525 0.162 0.162 0.156 0.156 0.1615 0.1615 0.1615 0.17 0.17 0.1515 0.1515 0.1695 0.1695 0.1695 0.1465
0.1945 0.159 0.159 0.165 0.165 0.155 0.155 0.155 0.167 0.167 0.1635 0.1635 0.1905 0.1905 0.2165 0.2165 0.2165 0.2041 0.2041 0.247 0.247 0.219 0.219 0.219 0.249 0.249 0.252 0.252 0.214 0.214 0.214 0.2045 0.2045 0.2235 0.2235 0.2515 0.2515 0.2515 0.2645 0.2645 0.221 0.221 0.2175 0.2175 0.2175 0.228 0.228 0.209 0.209 0.1975 0.1975 0.2065 0.2065 0.2065 0.2095 0.2095 0.201 0.201 0.22 0.22 0.22 0.1685 0.1685 0.1975 0.1975 0.189 0.189 0.189 0.2015 0.2015 0.1655 0.1655 0.161 0.161 0.161 0.1485
0.1945 0.159 0.159 0.165 0.165 0.155 0.155 0.155 0.167 0.167 0.1635 0.1635 0.1905 0.1905 0.2165 0.2165 0.2165 0.2041 0.2041 0.247 0.247 0.219 0.219 0.219 0.249 0.249 0.252 0.252 0.214 0.214 0.214 0.2045 0.2045 0.2235 0.2235 0.2515 0.2515 0.2515 0.2645 0.2645 0.221 0.221 0.2175 0.2175 0.2175 0.228 0.228 0.209 0.209 0.1975 0.1975 0.2065 0.2065 0.2065 0.2095 0.2095 0.201 0.201 0.22 0.22 0.22 0.1685 0.1685 0.1975 0.1975 0.189 0.189 0.189 0.2015 0.2015 0.1655 0.1655 0.161 0.161 0.161 0.1485
0.1945 0.159 0.159 0.165 0.165 0.155 0.155 0.155 0.167 0.167 0.1635 0.1635 0.1905 0.1905 0.2165 0.2165 0.2165 0.2041 0.2041 0.247 0.247 0.219 0.219 0.219 0.249 0.249 0.252 0.252 0.214 0.214 0.214 0.2045 0.2045 0.2235 0.2235 0.2515 0.2515 0.2515 0.2645 0.2645 0.221 0.221 0.2175 0.2175 0.2175 0.228 0.228 0.209 0.209 0.1975 0.1975 0.2065 0.2065 0.2065 0.2095 0.2095 0.201 0.201 0.22 0.22 0.22 0.1685 0.1685 0.1975 0.1975 0.189 0.189 0.189 0.2015 0.2015 0.1655 0.1655 0.161 0.161 0.161 0.1485
0.2085 0.1395 0.1395 0.1535 0.1535 0.158 0.158 0.158 0.1615 0.1615 0.201 0.201 0.196 0.196 0.2156 0.2156 0.2156 0.2326 0.2326 0.2405 0.2405 0.2986 0.2986 0.2986 0.2715 0.2715 0.2805 0.2805 0.2395 0.2395 0.2395 0.3245 0.3245 0.2785 0.2785 0.277 0.277 0.277 0.2545 0.2545 0.2815 0.2815 0.2705 0.2705 0.2705 0.2515 0.2515 0.2305 0.2305 0.202 0.202 0.2275 0.2275 0.2275 0.212 0.212 0.225 0.225 0.228 0.228 0.228 0.205 0.205 0.211 0.211 0.219 0.219 0.219 0.2085 0.2085 0.2065 0.2065 0.226 0.226 0.226 0.261
