ndvi/NOAA-182.asc
ncols         252
nrows         154
xllcorner     -18.017974
yllcorner     13.481982
cellsize      0.035948
NODATA_value  -9999
[rows 0 to 33 of 154, columns 156 to 233 of 252]
0.0985 0.1015 0.1015 0.1015 0.105 0.105 0.104 0.104 0.1085 0.1085 0.105 0.105 0.105 0.107 0.107 0.1085 0.1085 0.1065 0.1065 0.1065 0.1085 0.1085 0.1055 0.1055 0.107 0.107 0.107 0.1055 0.1055 0.1025 0.1025 0.1035 0.1035 0.1035 0.104 0.104 0.1025 0.1025 0.1005 0.1005 0.1005 0.109 0.109 0.106 0.106 0.1095 0.1095 0.115 0.115 0.115 0.114 0.114 0.1145 0.1145 0.1125 0.1125 0.1125 0.112 0.112 0.1085 0.1085 0.1065 0.1065 0.1065 0.104 0.104 0.1015 0.1015 0.099 0.099 0.099 0.0975 0.0975 0.094 0.094 0.092 0.092 0.092
0.0985 0.1015 0.1015 0.1015 0.105 0.105 0.104 0.104 0.1085 0.1085 0.105 0.105 0.105 0.107 0.107 0.1085 0.1085 0.1065 0.1065 0.1065 0.1085 0.1085 0.1055 0.1055 0.107 0.107 0.107 0.1055 0.1055 0.1025 0.1025 0.1035 0.1035 0.1035 0.104 0.104 0.1025 0.1025 0.1005 0.1005 0.1005 0.109 0.109 0.106 0.106 0.1095 0.1095 0.115 0.115 0.115 0.114 0.114 0.1145 0.1145 0.1125 0.1125 0.1125 0.112 0.112 0.1085 0.1085 0.1065 0.1065 0.1065 0.104 0.104 0.1015 0.1015 0.099 0.099 0.099 0.0975 0.0975 0.094 0.094 0.092 0.092 0.092
0.1015 0.1045 0.1045 0.1045 0.1085 0.1085 0.107 0.107 0.106 0.106 0.1055 0.1055 0.1055 0.1055 0.1055 0.11 0.11 0.1095 0.1095 0.1095 0.1075 0.1075 0.1095 0.1095 0.111 0.111 0.111 0.1105 0.1105 0.11 0.11 0.1115 0.1115 0.1115 0.113 0.113 0.1165 0.1165 0.111 0.111 0.111 0.127 0.127 0.1185 0.1185 0.117 0.117 0.1205 0.1205 0.1205 0.122 0.122 0.1165 0.1165 0.117 0.117 0.117 0.1195 0.1195 0.1115 0.1115 0.105 0.105 0.105 0.1075 0.1075 0.101 0.101 0.101 0.101 0.101 0.099 0.099 0.096 0.096 0.0935 0.0935 0.0935
0.1015 0.1045 0.1045 0.1045 0.1085 0.1085 0.107 0.107 0.106 0.106 0.1055 0.1055 0.1055 0.1055 0.1055 0.11 0.11 0.1095 0.1095 0.1095 0.1075 0.1075 0.1095 0.1095 0.111 0.111 0.111 0.1105 0.1105 0.11 0.11 0.1115 0.1115 0.1115 0.113 0.113 0.1165 0.1165 0.111 0.111 0.111 0.127 0.127 0.1185 0.1185 0.117 0.117 0.1205 0.1205 0.1205 0.122 0.122 0.1165 0.1165 0.117 0.117 0.117 0.1195 0.1195 0.1115 0.1115 0.105 0.105 0.105 0.1075 0.1075 0.101 0.101 0.101 0.101 0.101 0.099 0.099 0.096 0.096 0.0935 0.0935 0.0935
0.1015 0.1045 0.1045 0.1045 0.1085 0.1085 0.107 0.107 0.106 0.106 0.1055 0.1055 0.1055 0.1055 0.1055 0.11 0.11 0.1095 0.1095 0.1095 0.1075 0.1075 0.1095 0.1095 0.111 0.111 0.111 0.1105 0.1105 0.11 0.11 0.1115 0.1115 0.1115 0.113 0.113 0.1165 0.1165 0.111 0.111 0.111 0.127 0.127 0.1185 0.1185 0.117 0.117 0.1205 0.1205 0.1205 0.122 0.122 0.1165 0.1165 0.117 0.117 0.117 0.1195 0.1195 0.1115 0.1115 0.105 0.105 0.105 0.1075 0.1075 0.101 0.101 0.101 0.101 0.101 0.099 0.099 0.096 0.096 0.0935 0.0935 0.0935
0.1035 0.1095 0.1095 0.1095 0.111 0.111 0.1115 0.1115 0.109 0.109 0.109 0.109 0.109 0.1125 0.1125 0.112 0.112 0.1105 0.1105 0.1105 0.1145 0.1145 0.118 0.118 0.1215 0.1215 0.1215 0.1225 0.1225 0.128 0.128 0.123 0.123 0.123 0.123 0.123 0.118 0.118 0.125 0.125 0.125 0.12 0.12 0.1205 0.1205 0.1215 0.1215 0.125 0.125 0.125 0.1215 0.1215 0.1175 0.1175 0.115 0.115 0.115 0.1135 0.1135 0.111 0.111 0.114 0.114 0.114 0.107 0.107 0.105 0.105 0.101 0.101 0.101 0.09999999 0.09999999 0.0995 0.0995 0.101 0.101 0.101
0.1035 0.1095 0.1095 0.1095 0.111 0.111 0.1115 0.1115 0.109 0.109 0.109 0.109 0.109 0.1125 0.1125 0.112 0.112 0.1105 0.1105 0.1105 0.1145 0.1145 0.118 0.118 0.1215 0.1215 0.1215 0.1225 0.1225 0.128 0.128 0.123 0.123 0.123 0.123 0.123 0.118 0.118 0.125 0.125 0.125 0.12 0.12 0.1205 0.1205 0.1215 0.1215 0.125 0.125 0.125 0.1215 0.1215 0.1175 0.1175 0.115 0.115 0.115 0.1135 0.1135 0.111 0.111 0.114 0.114 0.114 0.107 0.107 0.105 0.105 0.101 0.101 0.101 0.09999999 0.09999999 0.0995 0.0995 0.101 0.101 0.101
0.1065 0.112 0.112 0.112 0.1145 0.1145 0.1155 0.1155 0.1165 0.1165 0.111 0.111 0.111 0.111 0.111 0.117 0.117 0.116 0.116 0.116 0.1155 0.1155 0.1165 0.1165 0.119 0.119 0.119 0.1145 0.1145 0.12 0.12 0.118 0.118 0.118 0.117 0.117 0.118 0.118 0.117 0.117 0.117 0.1185 0.1185 0.1175 0.1175 0.1225 0.1225 0.123 0.123 0.123 0.117 0.117 0.117 0.117 0.1135 0.1135 0.1135 0.1145 0.1145 0.1135 0.1135 0.113 0.113 0.113 0.112 0.112 0.1085 0.1085 0.1095 0.1095 0.1095 0.103 0.103 0.1035 0.1035 0.1025 0.1025 0.1025
0.1065 0.112 0.112 0.112 0.1145 0.1145 0.1155 0.1155 0.1165 0.1165 0.111 0.111 0.111 0.111 0.111 0.117 0.117 0.116 0.116 0.116 0.1155 0.1155 0.1165 0.1165 0.119 0.119 0.119 0.1145 0.1145 0.12 0.12 0.118 0.118 0.118 0.117 0.117 0.118 0.118 0.117 0.117 0.117 0.1185 0.1185 0.1175 0.1175 0.1225 0.1225 0.123 0.123 0.123 0.117 0.117 0.117 0.117 0.1135 0.1135 0.1135 0.1145 0.1145 0.1135 0.1135 0.113 0.113 0.113 0.112 0.112 0.1085 0.1085 0.1095 0.1095 0.1095 0.103 0.103 0.1035 0.1035 0.1025 0.1025 0.1025
0.115 0.1085 0.1085 0.1085 0.1125 0.1125 0.115 0.115 0.1185 0.1185 0.1125 0.1125 0.1125 0.1155 0.1155 0.1175 0.1175 0.119 0.119 0.119 0.1145 0.1145 0.1185 0.1185 0.115 0.115 0.115 0.1145 0.1145 0.1145 0.1145 0.1135 0.1135 0.1135 0.1105 0.1105 0.1075 0.1075 0.107 0.107 0.107 0.116 0.116 0.117 0.117 0.128 0.128 0.1205 0.1205 0.1205 0.1195 0.1195 0.116 0.116 0.118 0.118 0.118 0.111 0.111 0.1125 0.1125 0.1105 0.1105 0.1105 0.108 0.108 0.106 0.106 0.105 0.105 0.105 0.103 0.103 0.103 0.103 0.1045 0.1045 0.1045
0.115 0.1085 0.1085 0.1085 0.1125 0.1125 0.115 0.115 0.1185 0.1185 0.1125 0.1125 0.1125 0.1155 0.1155 0.1175 0.1175 0.119 0.119 0.119 0.1145 0.1145 0.1185 0.1185 0.115 0.115 0.115 0.1145 0.1145 0.1145 0.1145 0.1135 0.1135 0.1135 0.1105 0.1105 0.1075 0.1075 0.107 0.107 0.107 0.116 0.116 0.117 0.117 0.128 0.128 0.1205 0.1205 0.1205 0.1195 0.1195 0.116 0.116 0.118 0.118 0.118 0.111 0.111 0.1125 0.1125 0.1105 0.1105 0.1105 0.108 0.108 0.106 0.106 0.105 0.105 0.105 0.103 0.103 0.103 0.103 0.1045 0.1045 0.1045
0.1175 0.1195 0.1195 0.1195 0.1085 0.1085 0.115 0.115 0.113 0.113 0.1145 0.1145 0.1145 0.125 0.125 0.119 0.119 0.1125 0.1125 0.1125 0.109 0.109 0.1185 0.1185 0.118 0.118 0.118 0.1145 0.1145 0.114 0.114 0.1125 0.1125 0.1125 0.1085 0.1085 0.109 0.109 0.1065 0.1065 0.1065 0.1075 0.1075 0.1135 0.1135 0.131 0.131 0.1255 0.1255 0.1255 0.118 0.118 0.119 0.119 0.1165 0.1165 0.1165 0.108 0.108 0.105 0.105 0.0995 0.0995 0.0995 0.09450001 0.09450001 0.09999999 0.09999999 0.0975 0.0975 0.0975 0.0995 0.0995 0.104 0.104 0.102 0.102 0.102
0.1175 0.1195 0.1195 0.1195 0.1085 0.1085 0.115 0.115 0.113 0.113 0.1145 0.1145 0.1145 0.125 0.125 0.119 0.119 0.1125 0.1125 0.1125 0.109 0.109 0.1185 0.1185 0.118 0.118 0.118 0.1145 0.1145 0.114 0.114 0.1125 0.1125 0.1125 0.1085 0.1085 0.109 0.109 0.1065 0.1065 0.1065 0.1075 0.1075 0.1135 0.1135 0.131 0.131 0.1255 0.1255 0.1255 0.118 0.118 0.119 0.119 0.1165 0.1165 0.1165 0.108 0.108 0.105 0.105 0.0995 0.0995 0.0995 0.09450001 0.09450001 0.09999999 0.09999999 0.0975 0.0975 0.0975 0.0995 0.0995 0.104 0.104 0.102 0.102 0.102
0.1175 0.1195 0.1195 0.1195 0.1085 0.1085 0.115 0.115 0.113 0.113 0.1145 0.1145 0.1145 0.125 0.125 0.119 0.119 0.1125 0.1125 0.1125 0.109 0.109 0.1185 0.1185 0.118 0.118 0.118 0.1145 0.1145 0.114 0.114 0.1125 0.1125 0.1125 0.1085 0.1085 0.109 0.109 0.1065 0.1065 0.1065 0.1075 0.1075 0.1135 0.1135 0.131 0.131 0.1255 0.1255 0.1255 0.118 0.118 0.119 0.119 0.1165 0.1165 0.1165 0.108 0.108 0.105 0.105 0.0995 0.0995 0.0995 0.09450001 0.09450001 0.09999999 0.09999999 0.0975 0.0975 0.0975 0.0995 0.0995 0.104 0.104 0.102 0.102 0.102
0.12 0.113 0.113 0.113 0.115 0.115 0.1215 0.1215 0.1165 0.1165 0.119 0.119 0.119 0.127 0.127 0.125 0.125 0.1265 0.1265 0.1265 0.112 0.112 0.109 0.109 0.1125 0.1125 0.1125 0.1105 0.1105 0.113 0.113 0.109 0.109 0.109 0.1075 0.1075 0.108 0.108 0.104 0.104 0.104 0.111 0.111 0.1165 0.1165 0.1215 0.1215 0.1045 0.1045 0.1045 0.103 0.103 0.118 0.118 0.12 0.12 0.12 0.1055 0.1055 0.09999999 0.09999999 0.0875 0.0875 0.0875 0.095 0.095 0.0885 0.0885 0.09450001 0.09450001 0.09450001 0.092 0.092 0.1035 0.1035 0.107 0.107 0.107
0.12 0.113 0.113 0.113 0.115 0.115 0.1215 0.1215 0.1165 0.1165 0.119 0.119 0.119 0.127 0.127 0.125 0.125 0.1265 0.1265 0.1265 0.112 0.112 0.109 0.109 0.1125 0.1125 0.1125 0.1105 0.1105 0.113 0.113 0.109 0.109 0.109 0.1075 0.1075 0.108 0.108 0.104 0.104 0.104 0.111 0.111 0.1165 0.1165 0.1215 0.1215 0.1045 0.1045 0.1045 0.103 0.103 0.118 0.118 0.12 0.12 0.12 0.1055 0.1055 0.09999999 0.09999999 0.0875 0.0875 0.0875 0.095 0.095 0.0885 0.0885 0.09450001 0.09450001 0.09450001 0.092 0.092 0.1035 0.1035 0.107 0.107 0.107
0.117 0.1155 0.1155 0.1155 0.1145 0.1145 0.117 0.117 0.1255 0.1255 0.114 0.114 0.114 0.118 0.118 0.1175 0.1175 0.12 0.12 0.12 0.1135 0.1135 0.1185 0.1185 0.1135 0.1135 0.1135 0.113 0.113 0.1085 0.1085 0.1055 0.1055 0.1055 0.106 0.106 0.1 0.1 0.0985 0.0985 0.0985 0.096 0.096 0.087 0.087 0.071 0.071 0.088 0.088 0.088 0.0975 0.0975 0.1025 0.1025 0.101 0.101 0.101 0.1025 0.1025 0.102 0.102 0.0955 0.0955 0.0955 0.095 0.095 0.094 0.094 0.09450001 0.09450001 0.09450001 0.095 0.095 0.106 0.106 0.1065 0.1065 0.1065
0.117 0.1155 0.1155 0.1155 0.1145 0.1145 0.117 0.117 0.1255 0.1255 0.114 0.114 0.114 0.118 0.118 0.1175 0.1175 0.12 0.12 0.12 0.1135 0.1135 0.1185 0.1185 0.1135 0.1135 0.1135 0.113 0.113 0.1085 0.1085 0.1055 0.1055 0.1055 0.106 0.106 0.1 0.1 0.0985 0.0985 0.0985 0.096 0.096 0.087 0.087 0.071 0.071 0.088 0.088 0.088 0.0975 0.0975 0.1025 0.1025 0.101 0.101 0.101 0.1025 0.1025 0.102 0.102 0.0955 0.0955 0.0955 0.095 0.095 0.094 0.094 0.09450001 0.09450001 0.09450001 0.095 0.095 0.106 0.106 0.1065 0.1065 0.1065
0.1415 0.1465 0.1465 0.1465 0.11 0.11 0.101 0.101 0.099 0.099 0.1005 0.1005 0.1005 0.09999999 0.09999999 0.104 0.104 0.105 0.105 0.105 0.101 0.101 0.09999999 0.09999999 0.0975 0.0975 0.0975 0.0935 0.0935 0.0905 0.0905 0.09299999 0.09299999 0.09299999 0.1055 0.1055 0.1035 0.1035 0.104 0.104 0.104 0.114 0.114 0.112 0.112 0.1105 0.1105 0.1065 0.1065 0.1065 0.1035 0.1035 0.103 0.103 0.103 0.103 0.103 0.1045 0.1045 0.105 0.105 0.09900001 0.09900001 0.09900001 0.096 0.096 0.0955 0.0955 0.0995 0.0995 0.0995 0.101 0.101 0.1005 0.1005 0.102 0.102 0.102
0.1415 0.1465 0.1465 0.1465 0.11 0.11 0.101 0.101 0.099 0.099 0.1005 0.1005 0.1005 0.09999999 0.09999999 0.104 0.104 0.105 0.105 0.105 0.101 0.101 0.09999999 0.09999999 0.0975 0.0975 0.0975 0.0935 0.0935 0.0905 0.0905 0.09299999 0.09299999 0.09299999 0.1055 0.1055 0.1035 0.1035 0.104 0.104 0.104 0.114 0.114 0.112 0.112 0.1105 0.1105 0.1065 0.1065 0.1065 0.1035 0.1035 0.103 0.103 0.103 0.103 0.103 0.1045 0.1045 0.105 0.105 0.09900001 0.09900001 0.09900001 0.096 0.096 0.0955 0.0955 0.0995 0.0995 0.0995 0.101 0.101 0.1005 0.1005 0.102 0.102 0.102
0.1415 0.1465 0.1465 0.1465 0.11 0.11 0.101 0.101 0.099 0.099 0.1005 0.1005 0.1005 0.09999999 0.09999999 0.104 0.104 0.105 0.105 0.105 0.101 0.101 0.09999999 0.09999999 0.0975 0.0975 0.0975 0.0935 0.0935 0.0905 0.0905 0.09299999 0.09299999 0.09299999 0.1055 0.1055 0.1035 0.1035 0.104 0.104 0.104 0.114 0.114 0.112 0.112 0.1105 0.1105 0.1065 0.1065 0.1065 0.1035 0.1035 0.103 0.103 0.103 0.103 0.103 0.1045 0.1045 0.105 0.105 0.09900001 0.09900001 0.09900001 0.096 0.096 0.0955 0.0955 0.0995 0.0995 0.0995 0.101 0.101 0.1005 0.1005 0.102 0.102 0.102
0.125 0.1395 0.1395 0.1395 0.105 0.105 0.1055 0.1055 0.105 0.105 0.109 0.109 0.109 0.114 0.114 0.117 0.117 0.1075 0.1075 0.1075 0.107 0.107 0.1045 0.1045 0.09649999 0.09649999 0.09649999 0.09649999 0.09649999 0.0865 0.0865 0.09649999 0.09649999 0.09649999 0.124 0.124 0.1225 0.1225 0.114 0.114 0.114 0.1135 0.1135 0.115 0.115 0.1125 0.1125 0.111 0.111 0.111 0.106 0.106 0.1055 0.1055 0.105 0.105 0.105 0.105 0.105 0.1065 0.1065 0.108 0.108 0.108 0.1025 0.1025 0.1025 0.1025 0.1035 0.1035 0.1035 0.1035 0.1035 0.0995 0.0995 0.094 0.094 0.094
0.125 0.1395 0.1395 0.1395 0.105 0.105 0.1055 0.1055 0.105 0.105 0.109 0.109 0.109 0.114 0.114 0.117 0.117 0.1075 0.1075 0.1075 0.107 0.107 0.1045 0.1045 0.09649999 0.09649999 0.09649999 0.09649999 0.09649999 0.0865 0.0865 0.09649999 0.09649999 0.09649999 0.124 0.124 0.1225 0.1225 0.114 0.114 0.114 0.1135 0.1135 0.115 0.115 0.1125 0.1125 0.111 0.111 0.111 0.106 0.106 0.1055 0.1055 0.105 0.105 0.105 0.105 0.105 0.1065 0.1065 0.108 0.108 0.108 0.1025 0.1025 0.1025 0.1025 0.1035 0.1035 0.1035 0.1035 0.1035 0.0995 0.0995 0.094 0.094 0.094
0.121 0.1405 0.1405 0.1405 0.133 0.133 0.1115 0.1115 0.1205 0.1205 0.112 0.112 0.112 0.1145 0.1145 0.117 0.117 0.1355 0.1355 0.1355 0.138 0.138 0.128 0.128 0.129 0.129 0.129 0.127 0.127 0.1235 0.1235 0.1335 0.1335 0.1335 0.128 0.128 0.1175 0.1175 0.117 0.117 0.117 0.1135 0.1135 0.109 0.109 0.1145 0.1145 0.113 0.113 0.113 0.104 0.104 0.107 0.107 0.106 0.106 0.106 0.1075 0.1075 0.1085 0.1085 0.107 0.107 0.107 0.109 0.109 0.108 0.108 0.108 0.108 0.108 0.108 0.108 0.097 0.097 0.0935 0.0935 0.0935
0.121 0.1405 0.1405 0.1405 0.133 0.133 0.1115 0.1115 0.1205 0.1205 0.112 0.112 0.112 0.1145 0.1145 0.117 0.117 0.1355 0.1355 0.1355 0.138 0.138 0.128 0.128 0.129 0.129 0.129 0.127 0.127 0.1235 0.1235 0.1335 0.1335 0.1335 0.128 0.128 0.1175 0.1175 0.117 0.117 0.117 0.1135 0.1135 0.109 0.109 0.1145 0.1145 0.113 0.113 0.113 0.104 0.104 0.107 0.107 0.106 0.106 0.106 0.1075 0.1075 0.1085 0.1085 0.107 0.107 0.107 0.109 0.109 0.108 0.108 0.108 0.108 0.108 0.108 0.108 0.097 0.097 0.0935 0.0935 0.0935
0.1185 0.1435 0.1435 0.1435 0.1735 0.1735 0.1425 0.1425 0.1375 0.1375 0.133 0.133 0.133 0.133 0.133 0.134 0.134 0.1285 0.1285 0.1285 0.1355 0.1355 0.1265 0.1265 0.1275 0.1275 0.1275 0.1265 0.1265 0.1325 0.1325 0.1245 0.1245 0.1245 0.125 0.125 0.1165 0.1165 0.119 0.119 0.119 0.1135 0.1135 0.117 0.117 0.1165 0.1165 0.118 0.118 0.118 0.114 0.114 0.109 0.109 0.1055 0.1055 0.1055 0.1085 0.1085 0.1065 0.1065 0.112 0.112 0.112 0.11 0.11 0.107 0.107 0.107 0.107 0.107 0.1035 0.1035 0.1095 0.1095 0.105 0.105 0.105
0.1185 0.1435 0.1435 0.1435 0.1735 0.1735 0.1425 0.1425 0.1375 0.1375 0.133 0.133 0.133 0.133 0.133 0.134 0.134 0.1285 0.1285 0.1285 0.1355 0.1355 0.1265 0.1265 0.1275 0.1275 0.1275 0.1265 0.1265 0.1325 0.1325 0.1245 0.1245 0.1245 0.125 0.125 0.1165 0.1165 0.119 0.119 0.119 0.1135 0.1135 0.117 0.117 0.1165 0.1165 0.118 0.118 0.118 0.114 0.114 0.109 0.109 0.1055 0.1055 0.1055 0.1085 0.1085 0.1065 0.1065 0.112 0.112 0.112 0.11 0.11 0.107 0.107 0.107 0.107 0.107 0.1035 0.1035 0.1095 0.1095 0.105 0.105 0.105
0.1185 0.1435 0.1435 0.1435 0.1735 0.1735 0.1425 0.1425 0.1375 0.1375 0.133 0.133 0.133 0.133 0.133 0.134 0.134 0.1285 0.1285 0.1285 0.1355 0.1355 0.1265 0.1265 0.1275 0.1275 0.1275 0.1265 0.1265 0.1325 0.1325 0.1245 0.1245 0.1245 0.125 0.125 0.1165 0.1165 0.119 0.119 0.119 0.1135 0.1135 0.117 0.117 0.1165 0.1165 0.118 0.118 0.118 0.114 0.114 0.109 0.109 0.1055 0.1055 0.1055 0.1085 0.1085 0.1065 0.1065 0.112 0.112 0.112 0.11 0.11 0.107 0.107 0.107 0.107 0.107 0.1035 0.1035 0.1095 0.1095 0.105 0.105 0.105
0.1195 0.1485 0.1485 0.1485 0.171 0.171 0.1685 0.1685 0.1395 0.1395 0.13 0.13 0.13 0.1365 0.1365 0.131 0.131 0.134 0.134 0.134 0.1305 0.1305 0.131 0.131 0.13 0.13 0.13 0.1305 0.1305 0.1255 0.1255 0.126 0.126 0.126 0.12 0.12 0.1205 0.1205 0.1145 0.1145 0.1145 0.114 0.114 0.12 0.12 0.1255 0.1255 0.1225 0.1225 0.1225 0.119 0.119 0.1155 0.1155 0.11 0.11 0.11 0.107 0.107 0.116 0.116 0.1175 0.1175 0.1175 0.1195 0.1195 0.1215 0.1215 0.1165 0.1165 0.1165 0.117 0.117 0.1075 0.1075 0.1085 0.1085 0.1085
0.1195 0.1485 0.1485 0.1485 0.171 0.171 0.1685 0.1685 0.1395 0.1395 0.13 0.13 0.13 0.1365 0.1365 0.131 0.131 0.134 0.134 0.134 0.1305 0.1305 0.131 0.131 0.13 0.13 0.13 0.1305 0.1305 0.1255 0.1255 0.126 0.126 0.126 0.12 0.12 0.1205 0.1205 0.1145 0.1145 0.1145 0.114 0.114 0.12 0.12 0.1255 0.1255 0.1225 0.1225 0.1225 0.119 0.119 0.1155 0.1155 0.11 0.11 0.11 0.107 0.107 0.116 0.116 0.1175 0.1175 0.1175 0.1195 0.1195 0.1215 0.1215 0.1165 0.1165 0.1165 0.117 0.117 0.1075 0.1075 0.1085 0.1085 0.1085
0.1215 0.1275 0.1275 0.1275 0.147 0.147 0.1445 0.1445 0.1285 0.1285 0.114 0.114 0.114 0.12 0.12 0.1195 0.1195 0.137 0.137 0.137 0.1275 0.1275 0.1295 0.1295 0.128 0.128 0.128 0.142 0.142 0.1275 0.1275 0.123 0.123 0.123 0.124 0.124 0.126 0.126 0.124 0.124 0.124 0.1235 0.1235 0.124 0.124 0.129 0.129 0.1295 0.1295 0.1295 0.131 0.131 0.125 0.125 0.121 0.121 0.121 0.1175 0.1175 0.122 0.122 0.126 0.126 0.126 0.1305 0.1305 0.128 0.128 0.1225 0.1225 0.1225 0.1185 0.1185 0.1145 0.1145 0.115 0.115 0.115
0.1215 0.1275 0.1275 0.1275 0.147 0.147 0.1445 0.1445 0.1285 0.1285 0.114 0.114 0.114 0.12 0.12 0.1195 0.1195 0.137 0.137 0.137 0.1275 0.1275 0.1295 0.1295 0.128 0.128 0.128 0.142 0.142 0.1275 0.1275 0.123 0.123 0.123 0.124 0.124 0.126 0.126 0.124 0.124 0.124 0.1235 0.1235 0.124 0.124 0.129 0.129 0.1295 0.1295 0.1295 0.131 0.131 0.125 0.125 0.121 0.121 0.121 0.1175 0.1175 0.122 0.122 0.126 0.126 0.126 0.1305 0.1305 0.128 0.128 0.1225 0.1225 0.1225 0.1185 0.1185 0.1145 0.1145 0.115 0.115 0.115
0.1225 0.1285 0.1285 0.1285 0.128 0.128 0.12 0.12 0.1085 0.1085 0.1055 0.1055 0.1055 0.116 0.116 0.109 0.109 0.116 0.116 0.116 0.1145 0.1145 0.131 0.131 0.134 0.134 0.134 0.1365 0.1365 0.135 0.135 0.1245 0.1245 0.1245 0.124 0.124 0.124 0.124 0.127 0.127 0.127 0.1255 0.1255 0.126 0.126 0.133 0.133 0.132 0.132 0.132 0.14 0.14 0.1345 0.1345 0.131 0.131 0.131 0.1365 0.1365 0.1295 0.1295 0.1305 0.1305 0.1305 0.136 0.136 0.1315 0.1315 0.1275 0.1275 0.1275 0.1255 0.1255 0.1165 0.1165 0.118 0.118 0.118
0.1225 0.1285 0.1285 0.1285 0.128 0.128 0.12 0.12 0.1085 0.1085 0.1055 0.1055 0.1055 0.116 0.116 0.109 0.109 0.116 0.116 0.116 0.1145 0.1145 0.131 0.131 0.134 0.134 0.134 0.1365 0.1365 0.135 0.135 0.1245 0.1245 0.1245 0.124 0.124 0.124 0.124 0.127 0.127 0.127 0.1255 0.1255 0.126 0.126 0.133 0.133 0.132 0.132 0.132 0.14 0.14 0.1345 0.1345 0.131 0.131 0.131 0.1365 0.1365 0.1295 0.1295 0.1305 0.1305 0.1305 0.136 0.136 0.1315 0.1315 0.1275 0.1275 0.1275 0.1255 0.1255 0.1165 0.1165 0.118 0.118 0.118
