ndvi/NOAA-199.asc
ncols         252
nrows         154
xllcorner     -18.017974
yllcorner     13.481982
cellsize      0.035948
NODATA_value  -9999
[rows 34 to 67 of 154, columns 77 to 153 of 252]
0.1615 0.1615 0.1515 0.1515 0.1475 0.1475 0.1395 0.1395 0.1395 0.141 0.141 0.1415 0.1415 0.141 0.141 0.153 0.153 0.153 0.1585 0.1585 0.166 0.166 0.166 0.166 0.166 0.1655 0.1655 0.1625 0.1625 0.16 0.16 0.16 0.1725 0.1725 0.1685 0.1685 0.162 0.162 0.162 0.164 0.164 0.1705 0.1705 0.1655 0.1655 0.1655 0.153 0.153 0.15 0.15 0.1535 0.1535 0.151 0.151 0.151 0.1475 0.1475 0.1425 0.1425 0.1345 0.1345 0.1345 0.1355 0.1355 0.15 0.15 0.1565 0.1565 0.1565 0.151 0.151 0.134 0.134 0.1315 0.1315 0.1315 0.132
0.1615 0.1615 0.1515 0.1515 0.1475 0.1475 0.1395 0.1395 0.1395 0.141 0.141 0.1415 0.1415 0.141 0.141 0.153 0.153 0.153 0.1585 0.1585 0.166 0.166 0.166 0.166 0.166 0.1655 0.1655 0.1625 0.1625 0.16 0.16 0.16 0.1725 0.1725 0.1685 0.1685 0.162 0.162 0.162 0.164 0.164 0.1705 0.1705 0.1655 0.1655 0.1655 0.153 0.153 0.15 0.15 0.1535 0.1535 0.151 0.151 0.151 0.1475 0.1475 0.1425 0.1425 0.1345 0.1345 0.1345 0.1355 0.1355 0.15 0.15 0.1565 0.1565 0.1565 0.151 0.151 0.134 0.134 0.1315 0.1315 0.1315 0.132
0.1615 0.1615 0.1515 0.1515 0.1475 0.1475 0.1395 0.1395 0.1395 0.141 0.141 0.1415 0.1415 0.141 0.141 0.153 0.153 0.153 0.1585 0.1585 0.166 0.166 0.166 0.166 0.166 0.1655 0.1655 0.1625 0.1625 0.16 0.16 0.16 0.1725 0.1725 0.1685 0.1685 0.162 0.162 0.162 0.164 0.164 0.1705 0.1705 0.1655 0.1655 0.1655 0.153 0.153 0.15 0.15 0.1535 0.1535 0.151 0.151 0.151 0.1475 0.1475 0.1425 0.1425 0.1345 0.1345 0.1345 0.1355 0.1355 0.15 0.15 0.1565 0.1565 0.1565 0.151 0.151 0.134 0.134 0.1315 0.1315 0.1315 0.132
0.1725 0.1725 0.174 0.174 0.1705 0.1705 0.1675 0.1675 0.1675 0.184 0.184 0.1715 0.1715 0.1745 0.1745 0.152 0.152 0.152 0.17 0.17 0.169 0.169 0.1815 0.1815 0.1815 0.1825 0.1825 0.182 0.182 0.184 0.184 0.184 0.1845 0.1845 0.177 0.177 0.1745 0.1745 0.1745 0.172 0.172 0.181 0.181 0.195 0.195 0.195 0.1795 0.1795 0.174 0.174 0.171 0.171 0.1695 0.1695 0.1695 0.1655 0.1655 0.1655 0.1655 0.1645 0.1645 0.1645 0.1585 0.1585 0.154 0.154 0.1505 0.1505 0.1505 0.1475 0.1475 0.147 0.147 0.123 0.123 0.123 0.1255
0.1725 0.1725 0.174 0.174 0.1705 0.1705 0.1675 0.1675 0.1675 0.184 0.184 0.1715 0.1715 0.1745 0.1745 0.152 0.152 0.152 0.17 0.17 0.169 0.169 0.1815 0.1815 0.1815 0.1825 0.1825 0.182 0.182 0.184 0.184 0.184 0.1845 0.1845 0.177 0.177 0.1745 0.1745 0.1745 0.172 0.172 0.181 0.181 0.195 0.195 0.195 0.1795 0.1795 0.174 0.174 0.171 0.171 0.1695 0.1695 0.1695 0.1655 0.1655 0.1655 0.1655 0.1645 0.1645 0.1645 0.1585 0.1585 0.154 0.154 0.1505 0.1505 0.1505 0.1475 0.1475 0.147 0.147 0.123 0.123 0.123 0.1255
0.176 0.176 0.173 0.173 0.1805 0.1805 0.1775 0.1775 0.1775 0.1815 0.1815 0.1805 0.1805 0.178 0.178 0.164 0.164 0.164 0.1585 0.1585 0.164 0.164 0.17 0.17 0.17 0.175 0.175 0.1835 0.1835 0.1835 0.1835 0.1835 0.1845 0.1845 0.1945 0.1945 0.185 0.185 0.185 0.1895 0.1895 0.194 0.194 0.211 0.211 0.211 0.1905 0.1905 0.177 0.177 0.1765 0.1765 0.243 0.243 0.243 0.211 0.211 0.209 0.209 0.195 0.195 0.195 0.1715 0.1715 0.161 0.161 0.159 0.159 0.159 0.134 0.134 0.1175 0.1175 0.1255 0.1255 0.1255 0.1305
0.176 0.176 0.173 0.173 0.1805 0.1805 0.1775 0.1775 0.1775 0.1815 0.1815 0.1805 0.1805 0.178 0.178 0.164 0.164 0.164 0.1585 0.1585 0.164 0.164 0.17 0.17 0.17 0.175 0.175 0.1835 0.1835 0.1835 0.1835 0.1835 0.1845 0.1845 0.1945 0.1945 0.185 0.185 0.185 0.1895 0.1895 0.194 0.194 0.211 0.211 0.211 0.1905 0.1905 0.177 0.177 0.1765 0.1765 0.243 0.243 0.243 0.211 0.211 0.209 0.209 0.195 0.195 0.195 0.1715 0.1715 0.161 0.161 0.159 0.159 0.159 0.134 0.134 0.1175 0.1175 0.1255 0.1255 0.1255 0.1305
0.1885 0.1885 0.1775 0.1775 0.1755 0.1755 0.173 0.173 0.173 0.177 0.177 0.182 0.182 0.179 0.179 0.191 0.191 0.191 0.1765 0.1765 0.164 0.164 0.1735 0.1735 0.1735 0.186 0.186 0.1935 0.1935 0.196 0.196 0.196 0.1985 0.1985 0.192 0.192 0.1985 0.1985 0.1985 0.198 0.198 0.2015 0.2015 0.21 0.21 0.21 0.185 0.185 0.1905 0.1905 0.196 0.196 0.237 0.237 0.237 0.2105 0.2105 0.2075 0.2075 0.193 0.193 0.193 0.156 0.156 0.149 0.149 0.126 0.126 0.126 0.13 0.13 0.1195 0.1195 0.124 0.124 0.124 0.12
0.1885 0.1885 0.1775 0.1775 0.1755 0.1755 0.173 0.173 0.173 0.177 0.177 0.182 0.182 0.179 0.179 0.191 0.191 0.191 0.1765 0.1765 0.164 0.164 0.1735 0.1735 0.1735 0.186 0.186 0.1935 0.1935 0.196 0.196 0.196 0.1985 0.1985 0.192 0.192 0.1985 0.1985 0.1985 0.198 0.198 0.2015 0.2015 0.21 0.21 0.21 0.185 0.185 0.1905 0.1905 0.196 0.196 0.237 0.237 0.237 0.2105 0.2105 0.2075 0.2075 0.193 0.193 0.193 0.156 0.156 0.149 0.149 0.126 0.126 0.126 0.13 0.13 0.1195 0.1195 0.124 0.124 0.124 0.12
0.1885 0.1885 0.1775 0.1775 0.1755 0.1755 0.173 0.173 0.173 0.177 0.177 0.182 0.182 0.179 0.179 0.191 0.191 0.191 0.1765 0.1765 0.164 0.164 0.1735 0.1735 0.1735 0.186 0.186 0.1935 0.1935 0.196 0.196 0.196 0.1985 0.1985 0.192 0.192 0.1985 0.1985 0.1985 0.198 0.198 0.2015 0.2015 0.21 0.21 0.21 0.185 0.185 0.1905 0.1905 0.196 0.196 0.237 0.237 0.237 0.2105 0.2105 0.2075 0.2075 0.193 0.193 0.193 0.156 0.156 0.149 0.149 0.126 0.126 0.126 0.13 0.13 0.1195 0.1195 0.124 0.124 0.124 0.12
0.1845 0.1845 0.1685 0.1685 0.1735 0.1735 0.172 0.172 0.172 0.176 0.176 0.1745 0.1745 0.172 0.172 0.188 0.188 0.188 0.196 0.196 0.1715 0.1715 0.168 0.168 0.168 0.186 0.186 0.1925 0.1925 0.1935 0.1935 0.1935 0.213 0.213 0.2205 0.2205 0.209 0.209 0.209 0.2015 0.2015 0.1985 0.1985 0.201 0.201 0.201 0.187 0.187 0.192 0.192 0.1815 0.1815 0.192 0.192 0.192 0.1855 0.1855 0.1795 0.1795 0.154 0.154 0.154 0.1435 0.1435 0.1325 0.1325 0.1285 0.1285 0.1285 0.128 0.128 0.1175 0.1175 0.115 0.115 0.115 0.1175
0.1845 0.1845 0.1685 0.1685 0.1735 0.1735 0.172 0.172 0.172 0.176 0.176 0.1745 0.1745 0.172 0.172 0.188 0.188 0.188 0.196 0.196 0.1715 0.1715 0.168 0.168 0.168 0.186 0.186 0.1925 0.1925 0.1935 0.1935 0.1935 0.213 0.213 0.2205 0.2205 0.209 0.209 0.209 0.2015 0.2015 0.1985 0.1985 0.201 0.201 0.201 0.187 0.187 0.192 0.192 0.1815 0.1815 0.192 0.192 0.192 0.1855 0.1855 0.1795 0.1795 0.154 0.154 0.154 0.1435 0.1435 0.1325 0.1325 0.1285 0.1285 0.1285 0.128 0.128 0.1175 0.1175 0.115 0.115 0.115 0.1175
0.2125 0.2125 0.2025 0.2025 0.1935 0.1935 0.1855 0.1855 0.1855 0.1765 0.1765 0.165 0.165 0.1775 0.1775 0.189 0.189 0.189 0.194 0.194 0.1895 0.1895 0.2 0.2 0.2 0.1905 0.1905 0.197 0.197 0.2025 0.2025 0.2025 0.218 0.218 0.218 0.218 0.2055 0.2055 0.2055 0.187 0.187 0.1975 0.1975 0.193 0.193 0.193 0.2115 0.2115 0.222 0.222 0.1915 0.1915 0.1995 0.1995 0.1995 0.184 0.184 0.1725 0.1725 0.1525 0.1525 0.1525 0.152 0.152 0.145 0.145 0.1345 0.1345 0.1345 0.1385 0.1385 0.139 0.139 0.107 0.107 0.107 0.1485
0.2125 0.2125 0.2025 0.2025 0.1935 0.1935 0.1855 0.1855 0.1855 0.1765 0.1765 0.165 0.165 0.1775 0.1775 0.189 0.189 0.189 0.194 0.194 0.1895 0.1895 0.2 0.2 0.2 0.1905 0.1905 0.197 0.197 0.2025 0.2025 0.2025 0.218 0.218 0.218 0.218 0.2055 0.2055 0.2055 0.187 0.187 0.1975 0.1975 0.193 0.193 0.193 0.2115 0.2115 0.222 0.222 0.1915 0.1915 0.1995 0.1995 0.1995 0.184 0.184 0.1725 0.1725 0.1525 0.1525 0.1525 0.152 0.152 0.145 0.145 0.1345 0.1345 0.1345 0.1385 0.1385 0.139 0.139 0.107 0.107 0.107 0.1485
0.218 0.218 0.211 0.211 0.209 0.209 0.1945 0.1945 0.1945 0.19 0.19 0.167 0.167 0.2135 0.2135 0.2055 0.2055 0.2055 0.209 0.209 0.212 0.212 0.207 0.207 0.207 0.1965 0.1965 0.204 0.204 0.2195 0.2195 0.2195 0.225 0.225 0.2345 0.2345 0.2005 0.2005 0.2005 0.1875 0.1875 0.1895 0.1895 0.19 0.19 0.19 0.205 0.205 0.1965 0.1965 0.1855 0.1855 0.1885 0.1885 0.1885 0.192 0.192 0.177 0.177 0.1585 0.1585 0.1585 0.163 0.163 0.158 0.158 0.163 0.163 0.163 0.1645 0.1645 0.1545 0.1545 0.1415 0.1415 0.1415 0.152
0.218 0.218 0.211 0.211 0.209 0.209 0.1945 0.1945 0.1945 0.19 0.19 0.167 0.167 0.2135 0.2135 0.2055 0.2055 0.2055 0.209 0.209 0.212 0.212 0.207 0.207 0.207 0.1965 0.1965 0.204 0.204 0.2195 0.2195 0.2195 0.225 0.225 0.2345 0.2345 0.2005 0.2005 0.2005 0.1875 0.1875 0.1895 0.1895 0.19 0.19 0.19 0.205 0.205 0.1965 0.1965 0.1855 0.1855 0.1885 0.1885 0.1885 0.192 0.192 0.177 0.177 0.1585 0.1585 0.1585 0.163 0.163 0.158 0.158 0.163 0.163 0.163 0.1645 0.1645 0.1545 0.1545 0.1415 0.1415 0.1415 0.152
0.218 0.218 0.211 0.211 0.209 0.209 0.1945 0.1945 0.1945 0.19 0.19 0.167 0.167 0.2135 0.2135 0.2055 0.2055 0.2055 0.209 0.209 0.212 0.212 0.207 0.207 0.207 0.1965 0.1965 0.204 0.204 0.2195 0.2195 0.2195 0.225 0.225 0.2345 0.2345 0.2005 0.2005 0.2005 0.1875 0.1875 0.1895 0.1895 0.19 0.19 0.19 0.205 0.205 0.1965 0.1965 0.1855 0.1855 0.1885 0.1885 0.1885 0.192 0.192 0.177 0.177 0.1585 0.1585 0.1585 0.163 0.163 0.158 0.158 0.163 0.163 0.163 0.1645 0.1645 0.1545 0.1545 0.1415 0.1415 0.1415 0.152
0.203 0.203 0.2015 0.2015 0.195 0.195 0.204 0.204 0.204 0.2195 0.2195 0.2225 0.2225 0.228 0.228 0.226 0.226 0.226 0.223 0.223 0.206 0.206 0.204 0.204 0.204 0.2065 0.2065 0.203 0.203 0.2155 0.2155 0.2155 0.2135 0.2135 0.2085 0.2085 0.2185 0.2185 0.2185 0.178 0.178 0.18 0.18 0.1755 0.1755 0.1755 0.2125 0.2125 0.1605 0.1605 0.1865 0.1865 0.185 0.185 0.185 0.195 0.195 0.187 0.187 0.169 0.169 0.169 0.1915 0.1915 0.2085 0.2085 0.193 0.193 0.193 0.2 0.2 0.1885 0.1885 0.142 0.142 0.142 0.131
0.203 0.203 0.2015 0.2015 0.195 0.195 0.204 0.204 0.204 0.2195 0.2195 0.2225 0.2225 0.228 0.228 0.226 0.226 0.226 0.223 0.223 0.206 0.206 0.204 0.204 0.204 0.2065 0.2065 0.203 0.203 0.2155 0.2155 0.2155 0.2135 0.2135 0.2085 0.2085 0.2185 0.2185 0.2185 0.178 0.178 0.18 0.18 0.1755 0.1755 0.1755 0.2125 0.2125 0.1605 0.1605 0.1865 0.1865 0.185 0.185 0.185 0.195 0.195 0.187 0.187 0.169 0.169 0.169 0.1915 0.1915 0.2085 0.2085 0.193 0.193 0.193 0.2 0.2 0.1885 0.1885 0.142 0.142 0.142 0.131
0.2045 0.2045 0.203 0.203 0.226 0.226 0.226 0.226 0.226 0.237 0.237 0.238 0.238 0.237 0.237 0.237 0.237 0.237 0.229 0.229 0.213 0.213 0.2 0.2 0.2 0.1985 0.1985 0.191 0.191 0.19 0.19 0.19 0.179 0.179 0.2075 0.2075 0.207 0.207 0.207 0.195 0.195 0.181 0.181 0.1775 0.1775 0.1775 0.169 0.169 0.158 0.158 0.195 0.195 0.1885 0.1885 0.1885 0.195 0.195 0.206 0.206 0.214 0.214 0.214 0.2175 0.2175 0.1815 0.1815 0.1995 0.1995 0.1995 0.1995 0.1995 0.1955 0.1955 0.2075 0.2075 0.2075 0.1175
0.2045 0.2045 0.203 0.203 0.226 0.226 0.226 0.226 0.226 0.237 0.237 0.238 0.238 0.237 0.237 0.237 0.237 0.237 0.229 0.229 0.213 0.213 0.2 0.2 0.2 0.1985 0.1985 0.191 0.191 0.19 0.19 0.19 0.179 0.179 0.2075 0.2075 0.207 0.207 0.207 0.195 0.195 0.181 0.181 0.1775 0.1775 0.1775 0.169 0.169 0.158 0.158 0.195 0.195 0.1885 0.1885 0.1885 0.195 0.195 0.206 0.206 0.214 0.214 0.214 0.2175 0.2175 0.1815 0.1815 0.1995 0.1995 0.1995 0.1995 0.1995 0.1955 0.1955 0.2075 0.2075 0.2075 0.1175
0.24 0.24 0.2335 0.2335 0.2415 0.2415 0.2425 0.2425 0.2425 0.2495 0.2495 0.2515 0.2515 0.2405 0.2405 0.2465 0.2465 0.2465 0.2405 0.2405 0.218 0.218 0.211 0.211 0.211 0.2075 0.2075 0.196 0.196 0.1725 0.1725 0.1725 0.166 0.166 0.1905 0.1905 0.1895 0.1895 0.1895 0.198 0.198 0.166 0.166 0.1685 0.1685 0.1685 0.1695 0.1695 0.1385 0.1385 0.1685 0.1685 0.1725 0.1725 0.1725 0.198 0.198 0.215 0.215 0.2315 0.2315 0.2315 0.2155 0.2155 0.2145 0.2145 0.191 0.191 0.191 0.1845 0.1845 0.165 0.165 0.147 0.147 0.147 0.1155
0.24 0.24 0.2335 0.2335 0.2415 0.2415 0.2425 0.2425 0.2425 0.2495 0.2495 0.2515 0.2515 0.2405 0.2405 0.2465 0.2465 0.2465 0.2405 0.2405 0.218 0.218 0.211 0.211 0.211 0.2075 0.2075 0.196 0.196 0.1725 0.1725 0.1725 0.166 0.166 0.1905 0.1905 0.1895 0.1895 0.1895 0.198 0.198 0.166 0.166 0.1685 0.1685 0.1685 0.1695 0.1695 0.1385 0.1385 0.1685 0.1685 0.1725 0.1725 0.1725 0.198 0.198 0.215 0.215 0.2315 0.2315 0.2315 0.2155 0.2155 0.2145 0.2145 0.191 0.191 0.191 0.1845 0.1845 0.165 0.165 0.147 0.147 0.147 0.1155
0.2505 0.2505 0.2315 0.2315 0.2335 0.2335 0.2455 0.2455 0.2455 0.236 0.236 0.24 0.24 0.2415 0.2415 0.241 0.241 0.241 0.241 0.241 0.236 0.236 0.2275 0.2275 0.2275 0.211 0.211 0.191 0.191 0.1925 0.1925 0.1925 0.1855 0.1855 0.189 0.189 0.177 0.177 0.177 0.1925 0.1925 0.1755 0.1755 0.181 0.181 0.181 0.164 0.164 0.1345 0.1345 0.1445 0.1445 0.1725 0.1725 0.1725 0.1815 0.1815 0.1935 0.1935 0.221 0.221 0.221 0.2235 0.2235 0.2235 0.2235 0.175 0.175 0.175 0.183 0.183 0.159 0.159 0.152 0.152 0.152 0.102
0.2505 0.2505 0.2315 0.2315 0.2335 0.2335 0.2455 0.2455 0.2455 0.236 0.236 0.24 0.24 0.2415 0.2415 0.241 0.241 0.241 0.241 0.241 0.236 0.236 0.2275 0.2275 0.2275 0.211 0.211 0.191 0.191 0.1925 0.1925 0.1925 0.1855 0.1855 0.189 0.189 0.177 0.177 0.177 0.1925 0.1925 0.1755 0.1755 0.181 0.181 0.181 0.164 0.164 0.1345 0.1345 0.1445 0.1445 0.1725 0.1725 0.1725 0.1815 0.1815 0.1935 0.1935 0.221 0.221 0.221 0.2235 0.2235 0.2235 0.2235 0.175 0.175 0.175 0.183 0.183 0.159 0.159 0.152 0.152 0.152 0.102
0.2505 0.2505 0.2315 0.2315 0.2335 0.2335 0.2455 0.2455 0.2455 0.236 0.236 0.24 0.24 0.2415 0.2415 0.241 0.241 0.241 0.241 0.241 0.236 0.236 0.2275 0.2275 0.2275 0.211 0.211 0.191 0.191 0.1925 0.1925 0.1925 0.1855 0.1855 0.189 0.189 0.177 0.177 0.177 0.1925 0.1925 0.1755 0.1755 0.181 0.181 0.181 0.164 0.164 0.1345 0.1345 0.1445 0.1445 0.1725 0.1725 0.1725 0.1815 0.1815 0.1935 0.1935 0.221 0.221 0.221 0.2235 0.2235 0.2235 0.2235 0.175 0.175 0.175 0.183 0.183 0.159 0.159 0.152 0.152 0.152 0.102
0.229 0.229 0.226 0.226 0.223 0.223 0.224 0.224 0.224 0.1935 0.1935 0.19 0.19 0.1955 0.1955 0.2305 0.2305 0.2305 0.165 0.165 0.2115 0.2115 0.1945 0.1945 0.1945 0.2075 0.2075 0.2025 0.2025 0.2045 0.2045 0.2045 0.2085 0.2085 0.21 0.21 0.2 0.2 0.2 0.1565 0.1565 0.1675 0.1675 0.1815 0.1815 0.1815 0.1765 0.1765 0.12 0.12 0.118 0.118 0.1235 0.1235 0.1235 0.132 0.132 0.1785 0.1785 0.2325 0.2325 0.2325 0.229 0.229 0.2085 0.2085 0.205 0.205 0.205 0.2 0.2 0.187 0.187 0.1605 0.1605 0.1605 0.1225
0.229 0.229 0.226 0.226 0.223 0.223 0.224 0.224 0.224 0.1935 0.1935 0.19 0.19 0.1955 0.1955 0.2305 0.2305 0.2305 0.165 0.165 0.2115 0.2115 0.1945 0.1945 0.1945 0.2075 0.2075 0.2025 0.2025 0.2045 0.2045 0.2045 0.2085 0.2085 0.21 0.21 0.2 0.2 0.2 0.1565 0.1565 0.1675 0.1675 0.1815 0.1815 0.1815 0.1765 0.1765 0.12 0.12 0.118 0.118 0.1235 0.1235 0.1235 0.132 0.132 0.1785 0.1785 0.2325 0.2325 0.2325 0.229 0.229 0.2085 0.2085 0.205 0.205 0.205 0.2 0.2 0.187 0.187 0.1605 0.1605 0.1605 0.1225
0.2255 0.2255 0.2135 0.2135 0.23 0.23 0.2225 0.2225 0.2225 0.2225 0.2225 0.2355 0.2355 0.2185 0.2185 0.2005 0.2005 0.2005 0.1725 0.1725 0.1845 0.1845 0.197 0.197 0.197 0.2085 0.2085 0.203 0.203 0.2175 0.2175 0.2175 0.216 0.216 0.2225 0.2225 0.204 0.204 0.204 0.2085 0.2085 0.1605 0.1605 0.1745 0.1745 0.1745 0.155 0.155 0.1285 0.1285 0.1455 0.1455 0.147 0.147 0.147 0.176 0.176 0.1755 0.1755 0.2285 0.2285 0.2285 0.2335 0.2335 0.228 0.228 0.2105 0.2105 0.2105 0.2215 0.2215 0.1975 0.1975 0.154 0.154 0.154 0.1385
0.2255 0.2255 0.2135 0.2135 0.23 0.23 0.2225 0.2225 0.2225 0.2225 0.2225 0.2355 0.2355 0.2185 0.2185 0.2005 0.2005 0.2005 0.1725 0.1725 0.1845 0.1845 0.197 0.197 0.197 0.2085 0.2085 0.203 0.203 0.2175 0.2175 0.2175 0.216 0.216 0.2225 0.2225 0.204 0.204 0.204 0.2085 0.2085 0.1605 0.1605 0.1745 0.1745 0.1745 0.155 0.155 0.1285 0.1285 0.1455 0.1455 0.147 0.147 0.147 0.176 0.176 0.1755 0.1755 0.2285 0.2285 0.2285 0.2335 0.2335 0.228 0.228 0.2105 0.2105 0.2105 0.2215 0.2215 0.1975 0.1975 0.154 0.154 0.154 0.1385
0.229 0.229 0.231 0.231 0.2395 0.2395 0.2435 0.2435 0.2435 0.2385 0.2385 0.2555 0.2555 0.2565 0.2565 0.2415 0.2415 0.2415 0.213 0.213 0.21 0.21 0.196 0.196 0.196 0.173 0.173 0.2 0.2 0.207 0.207 0.207 0.218 0.218 0.225 0.225 0.228 0.228 0.228 0.226 0.226 0.194 0.194 0.146 0.146 0.146 0.1535 0.1535 0.1175 0.1175 0.142 0.142 0.182 0.182 0.182 0.186 0.186 0.215 0.215 0.2365 0.2365 0.2365 0.2355 0.2355 0.2365 0.2365 0.2245 0.2245 0.2245 0.212 0.212 0.226 0.226 0.1725 0.1725 0.1725 0.157
0.229 0.229 0.231 0.231 0.2395 0.2395 0.2435 0.2435 0.2435 0.2385 0.2385 0.2555 0.2555 0.2565 0.2565 0.2415 0.2415 0.2415 0.213 0.213 0.21 0.21 0.196 0.196 0.196 0.173 0.173 0.2 0.2 0.207 0.207 0.207 0.218 0.218 0.225 0.225 0.228 0.228 0.228 0.226 0.226 0.194 0.194 0.146 0.146 0.146 0.1535 0.1535 0.1175 0.1175 0.142 0.142 0.182 0.182 0.182 0.186 0.186 0.215 0.215 0.2365 0.2365 0.2365 0.2355 0.2355 0.2365 0.2365 0.2245 0.2245 0.2245 0.212 0.212 0.226 0.226 0.1725 0.1725 0.1725 0.157
0.229 0.229 0.231 0.231 0.2395 0.2395 0.2435 0.2435 0.2435 0.2385 0.2385 0.2555 0.2555 0.2565 0.2565 0.2415 0.2415 0.2415 0.213 0.213 0.21 0.21 0.196 0.196 0.196 0.173 0.173 0.2 0.2 0.207 0.207 0.207 0.218 0.218 0.225 0.225 0.228 0.228 0.228 0.226 0.226 0.194 0.194 0.146 0.146 0.146 0.1535 0.1535 0.1175 0.1175 0.142 0.142 0.182 0.182 0.182 0.186 0.186 0.215 0.215 0.2365 0.2365 0.2365 0.2355 0.2355 0.2365 0.2365 0.2245 0.2245 0.2245 0.212 0.212 0.226 0.226 0.1725 0.1725 0.1725 0.157
0.2055 0.2055 0.2115 0.2115 0.21 0.21 0.2345 0.2345 0.2345 0.2555 0.2555 0.237 0.237 0.25 0.25 0.267 0.267 0.267 0.265 0.265 0.256 0.256 0.227 0.227 0.227 0.1995 0.1995 0.2025 0.2025 0.203 0.203 0.203 0.219 0.219 0.2155 0.2155 0.2145 0.2145 0.2145 0.2235 0.2235 0.249 0.249 0.2105 0.2105 0.2105 0.154 0.154 0.1665 0.1665 0.1825 0.1825 0.2025 0.2025 0.2025 0.2115 0.2115 0.222 0.222 0.227 0.227 0.227 0.252 0.252 0.238 0.238 0.2275 0.2275 0.2275 0.227 0.227 0.2285 0.2285 0.1985 0.1985 0.1985 0.1345
