ndvi/NOAA-186.asc
ncols         252
nrows         154
xllcorner     -18.017974
yllcorner     13.481982
cellsize      0.035948
NODATA_value  -9999
[rows 102 to 135 of 154, columns 154 to 230 of 252]
0.224 0.21 0.21 0.206 0.206 0.206 0.1985 0.1985 0.2205 0.2205 0.223 0.223 0.2275 0.2275 0.2275 0.2385 0.2385 0.2325 0.2325 0.259 0.259 0.259 0.2535 0.2535 0.2245 0.2245 0.228 0.228 0.228 0.2395 0.2395 0.2385 0.2385 0.241 0.241 0.241 0.235 0.235 0.231 0.231 0.24 0.24 0.24 0.2365 0.2365 0.2305 0.2305 0.229 0.229 0.2415 0.2415 0.2415 0.224 0.224 0.28 0.28 0.271 0.271 0.271 0.2485 0.2485 0.2485 0.2485 0.243 0.243 0.243 0.244 0.244 0.224 0.224 0.21 0.21 0.21 0.215 0.215 0.208 0.208
0.2315 0.2295 0.2295 0.2365 0.2365 0.2365 0.234 0.234 0.2175 0.2175 0.2365 0.2365 0.235 0.235 0.235 0.2295 0.2295 0.227 0.227 0.2335 0.2335 0.2335 0.2255 0.2255 0.2365 0.2365 0.238 0.238 0.238 0.2415 0.2415 0.2415 0.2415 0.2365 0.2365 0.2365 0.235 0.235 0.2305 0.2305 0.242 0.242 0.242 0.2325 0.2325 0.259 0.259 0.2465 0.2465 0.251 0.251 0.251 0.2665 0.2665 0.3505 0.3505 0.2765 0.2765 0.2765 0.231 0.231 0.2695 0.2695 0.237 0.237 0.237 0.2425 0.2425 0.246 0.246 0.231 0.231 0.231 0.225 0.225 0.1925 0.1925
0.2315 0.2295 0.2295 0.2365 0.2365 0.2365 0.234 0.234 0.2175 0.2175 0.2365 0.2365 0.235 0.235 0.235 0.2295 0.2295 0.227 0.227 0.2335 0.2335 0.2335 0.2255 0.2255 0.2365 0.2365 0.238 0.238 0.238 0.2415 0.2415 0.2415 0.2415 0.2365 0.2365 0.2365 0.235 0.235 0.2305 0.2305 0.242 0.242 0.242 0.2325 0.2325 0.259 0.259 0.2465 0.2465 0.251 0.251 0.251 0.2665 0.2665 0.3505 0.3505 0.2765 0.2765 0.2765 0.231 0.231 0.2695 0.2695 0.237 0.237 0.237 0.2425 0.2425 0.246 0.246 0.231 0.231 0.231 0.225 0.225 0.1925 0.1925
0.2315 0.2295 0.2295 0.2365 0.2365 0.2365 0.234 0.234 0.2175 0.2175 0.2365 0.2365 0.235 0.235 0.235 0.2295 0.2295 0.227 0.227 0.2335 0.2335 0.2335 0.2255 0.2255 0.2365 0.2365 0.238 0.238 0.238 0.2415 0.2415 0.2415 0.2415 0.2365 0.2365 0.2365 0.235 0.235 0.2305 0.2305 0.242 0.242 0.242 0.2325 0.2325 0.259 0.259 0.2465 0.2465 0.251 0.251 0.251 0.2665 0.2665 0.3505 0.3505 0.2765 0.2765 0.2765 0.231 0.231 0.2695 0.2695 0.237 0.237 0.237 0.2425 0.2425 0.246 0.246 0.231 0.231 0.231 0.225 0.225 0.1925 0.1925
0.2375 0.238 0.238 0.2335 0.2335 0.2335 0.245 0.245 0.2555 0.2555 0.264 0.264 0.2415 0.2415 0.2415 0.226 0.226 0.2215 0.2215 0.227 0.227 0.227 0.232 0.232 0.237 0.237 0.2275 0.2275 0.2275 0.2865 0.2865 0.264 0.264 0.256 0.256 0.256 0.2815 0.2815 0.243 0.243 0.2485 0.2485 0.2485 0.2295 0.2295 0.2435 0.2435 0.2335 0.2335 0.2425 0.2425 0.2425 0.332 0.332 0.3685 0.3685 0.348 0.348 0.348 0.311 0.311 0.2745 0.2745 0.2765 0.2765 0.2765 0.26 0.26 0.222 0.222 0.234 0.234 0.234 0.2505 0.2505 0.2395 0.2395
0.2375 0.238 0.238 0.2335 0.2335 0.2335 0.245 0.245 0.2555 0.2555 0.264 0.264 0.2415 0.2415 0.2415 0.226 0.226 0.2215 0.2215 0.227 0.227 0.227 0.232 0.232 0.237 0.237 0.2275 0.2275 0.2275 0.2865 0.2865 0.264 0.264 0.256 0.256 0.256 0.2815 0.2815 0.243 0.243 0.2485 0.2485 0.2485 0.2295 0.2295 0.2435 0.2435 0.2335 0.2335 0.2425 0.2425 0.2425 0.332 0.332 0.3685 0.3685 0.348 0.348 0.348 0.311 0.311 0.2745 0.2745 0.2765 0.2765 0.2765 0.26 0.26 0.222 0.222 0.234 0.234 0.234 0.2505 0.2505 0.2395 0.2395
0.236 0.235 0.235 0.2475 0.2475 0.2475 0.274 0.274 0.2625 0.2625 0.258 0.258 0.2475 0.2475 0.2475 0.2385 0.2385 0.2235 0.2235 0.2305 0.2305 0.2305 0.228 0.228 0.233 0.233 0.264 0.264 0.264 0.2845 0.2845 0.283 0.283 0.3 0.3 0.3 0.295 0.295 0.279 0.279 0.258 0.258 0.258 0.2615 0.2615 0.256 0.256 0.235 0.235 0.3045 0.3045 0.3045 0.366 0.366 0.417 0.417 0.346 0.346 0.346 0.3345 0.3345 0.375 0.375 0.36 0.36 0.36 0.3125 0.3125 0.2655 0.2655 0.3195 0.3195 0.3195 0.3175 0.3175 0.27 0.27
0.236 0.235 0.235 0.2475 0.2475 0.2475 0.274 0.274 0.2625 0.2625 0.258 0.258 0.2475 0.2475 0.2475 0.2385 0.2385 0.2235 0.2235 0.2305 0.2305 0.2305 0.228 0.228 0.233 0.233 0.264 0.264 0.264 0.2845 0.2845 0.283 0.283 0.3 0.3 0.3 0.295 0.295 0.279 0.279 0.258 0.258 0.258 0.2615 0.2615 0.256 0.256 0.235 0.235 0.3045 0.3045 0.3045 0.366 0.366 0.417 0.417 0.346 0.346 0.346 0.3345 0.3345 0.375 0.375 0.36 0.36 0.36 0.3125 0.3125 0.2655 0.2655 0.3195 0.3195 0.3195 0.3175 0.3175 0.27 0.27
0.2215 0.252 0.252 0.2455 0.2455 0.2455 0.2815 0.2815 0.253 0.253 0.255 0.255 0.243 0.243 0.243 0.2655 0.2655 0.2335 0.2335 0.242 0.242 0.242 0.2485 0.2485 0.275 0.275 0.273 0.273 0.273 0.2915 0.2915 0.2845 0.2845 0.3045 0.3045 0.3045 0.2685 0.2685 0.29 0.29 0.2645 0.2645 0.2645 0.2765 0.2765 0.2625 0.2625 0.256 0.256 0.2895 0.2895 0.2895 0.381 0.381 0.4015 0.4015 0.375 0.375 0.375 0.353 0.353 0.325 0.325 0.3365 0.3365 0.3365 0.3395 0.3395 0.367 0.367 0.3185 0.3185 0.3185 0.282 0.282 0.2625 0.2625
0.2215 0.252 0.252 0.2455 0.2455 0.2455 0.2815 0.2815 0.253 0.253 0.255 0.255 0.243 0.243 0.243 0.2655 0.2655 0.2335 0.2335 0.242 0.242 0.242 0.2485 0.2485 0.275 0.275 0.273 0.273 0.273 0.2915 0.2915 0.2845 0.2845 0.3045 0.3045 0.3045 0.2685 0.2685 0.29 0.29 0.2645 0.2645 0.2645 0.2765 0.2765 0.2625 0.2625 0.256 0.256 0.2895 0.2895 0.2895 0.381 0.381 0.4015 0.4015 0.375 0.375 0.375 0.353 0.353 0.325 0.325 0.3365 0.3365 0.3365 0.3395 0.3395 0.367 0.367 0.3185 0.3185 0.3185 0.282 0.282 0.2625 0.2625
0.2215 0.252 0.252 0.2455 0.2455 0.2455 0.2815 0.2815 0.253 0.253 0.255 0.255 0.243 0.243 0.243 0.2655 0.2655 0.2335 0.2335 0.242 0.242 0.242 0.2485 0.2485 0.275 0.275 0.273 0.273 0.273 0.2915 0.2915 0.2845 0.2845 0.3045 0.3045 0.3045 0.2685 0.2685 0.29 0.29 0.2645 0.2645 0.2645 0.2765 0.2765 0.2625 0.2625 0.256 0.256 0.2895 0.2895 0.2895 0.381 0.381 0.4015 0.4015 0.375 0.375 0.375 0.353 0.353 0.325 0.325 0.3365 0.3365 0.3365 0.3395 0.3395 0.367 0.367 0.3185 0.3185 0.3185 0.282 0.282 0.2625 0.2625
0.2205 0.222 0.222 0.2485 0.2485 0.2485 0.2605 0.2605 0.2465 0.2465 0.243 0.243 0.2465 0.2465 0.2465 0.276 0.276 0.2975 0.2975 0.2825 0.2825 0.2825 0.2705 0.2705 0.275 0.275 0.296 0.296 0.296 0.2885 0.2885 0.2905 0.2905 0.282 0.282 0.282 0.271 0.271 0.2655 0.2655 0.2685 0.2685 0.2685 0.2805 0.2805 0.2675 0.2675 0.271 0.271 0.316 0.316 0.316 0.379 0.379 0.382 0.382 0.368 0.368 0.368 0.3285 0.3285 0.352 0.352 0.386 0.386 0.386 0.4135 0.4135 0.3665 0.3665 0.389 0.389 0.389 0.304 0.304 0.2705 0.2705
0.2205 0.222 0.222 0.2485 0.2485 0.2485 0.2605 0.2605 0.2465 0.2465 0.243 0.243 0.2465 0.2465 0.2465 0.276 0.276 0.2975 0.2975 0.2825 0.2825 0.2825 0.2705 0.2705 0.275 0.275 0.296 0.296 0.296 0.2885 0.2885 0.2905 0.2905 0.282 0.282 0.282 0.271 0.271 0.2655 0.2655 0.2685 0.2685 0.2685 0.2805 0.2805 0.2675 0.2675 0.271 0.271 0.316 0.316 0.316 0.379 0.379 0.382 0.382 0.368 0.368 0.368 0.3285 0.3285 0.352 0.352 0.386 0.386 0.386 0.4135 0.4135 0.3665 0.3665 0.389 0.389 0.389 0.304 0.304 0.2705 0.2705
0.232 0.238 0.238 0.231 0.231 0.231 0.2465 0.2465 0.253 0.253 0.2625 0.2625 0.254 0.254 0.254 0.2805 0.2805 0.2825 0.2825 0.275 0.275 0.275 0.263 0.263 0.273 0.273 0.2915 0.2915 0.2915 0.294 0.294 0.2865 0.2865 0.2935 0.2935 0.2935 0.2585 0.2585 0.253 0.253 0.255 0.255 0.255 0.276 0.276 0.333 0.333 0.357 0.357 0.411 0.411 0.411 0.4241 0.4241 0.374 0.374 0.3735 0.3735 0.3735 0.368 0.368 0.3475 0.3475 0.357 0.357 0.357 0.388 0.388 0.3235 0.3235 0.292 0.292 0.292 0.3255 0.3255 0.2765 0.2765
0.232 0.238 0.238 0.231 0.231 0.231 0.2465 0.2465 0.253 0.253 0.2625 0.2625 0.254 0.254 0.254 0.2805 0.2805 0.2825 0.2825 0.275 0.275 0.275 0.263 0.263 0.273 0.273 0.2915 0.2915 0.2915 0.294 0.294 0.2865 0.2865 0.2935 0.2935 0.2935 0.2585 0.2585 0.253 0.253 0.255 0.255 0.255 0.276 0.276 0.333 0.333 0.357 0.357 0.411 0.411 0.411 0.4241 0.4241 0.374 0.374 0.3735 0.3735 0.3735 0.368 0.368 0.3475 0.3475 0.357 0.357 0.357 0.388 0.388 0.3235 0.3235 0.292 0.292 0.292 0.3255 0.3255 0.2765 0.2765
0.261 0.26 0.26 0.2885 0.2885 0.2885 0.2695 0.2695 0.266 0.266 0.262 0.262 0.2715 0.2715 0.2715 0.274 0.274 0.275 0.275 0.2855 0.2855 0.2855 0.2725 0.2725 0.3015 0.3015 0.3165 0.3165 0.3165 0.2945 0.2945 0.274 0.274 0.3075 0.3075 0.3075 0.2765 0.2765 0.2695 0.2695 0.3185 0.3185 0.3185 0.285 0.285 0.34 0.34 0.4475 0.4475 0.4455 0.4455 0.4455 0.4205 0.4205 0.403 0.403 0.3715 0.3715 0.3715 0.3695 0.3695 0.382 0.382 0.378 0.378 0.378 0.3885 0.3885 0.368 0.368 0.354 0.354 0.354 0.3235 0.3235 0.333 0.333
0.261 0.26 0.26 0.2885 0.2885 0.2885 0.2695 0.2695 0.266 0.266 0.262 0.262 0.2715 0.2715 0.2715 0.274 0.274 0.275 0.275 0.2855 0.2855 0.2855 0.2725 0.2725 0.3015 0.3015 0.3165 0.3165 0.3165 0.2945 0.2945 0.274 0.274 0.3075 0.3075 0.3075 0.2765 0.2765 0.2695 0.2695 0.3185 0.3185 0.3185 0.285 0.285 0.34 0.34 0.4475 0.4475 0.4455 0.4455 0.4455 0.4205 0.4205 0.403 0.403 0.3715 0.3715 0.3715 0.3695 0.3695 0.382 0.382 0.378 0.378 0.378 0.3885 0.3885 0.368 0.368 0.354 0.354 0.354 0.3235 0.3235 0.333 0.333
0.261 0.26 0.26 0.2885 0.2885 0.2885 0.2695 0.2695 0.266 0.266 0.262 0.262 0.2715 0.2715 0.2715 0.274 0.274 0.275 0.275 0.2855 0.2855 0.2855 0.2725 0.2725 0.3015 0.3015 0.3165 0.3165 0.3165 0.2945 0.2945 0.274 0.274 0.3075 0.3075 0.3075 0.2765 0.2765 0.2695 0.2695 0.3185 0.3185 0.3185 0.285 0.285 0.34 0.34 0.4475 0.4475 0.4455 0.4455 0.4455 0.4205 0.4205 0.403 0.403 0.3715 0.3715 0.3715 0.3695 0.3695 0.382 0.382 0.378 0.378 0.378 0.3885 0.3885 0.368 0.368 0.354 0.354 0.354 0.3235 0.3235 0.333 0.333
0.3375 0.297 0.297 0.28 0.28 0.28 0.308 0.308 0.3325 0.3325 0.32 0.32 0.2915 0.2915 0.2915 0.3075 0.3075 0.308 0.308 0.294 0.294 0.294 0.2905 0.2905 0.3085 0.3085 0.299 0.299 0.299 0.302 0.302 0.311 0.311 0.305 0.305 0.305 0.2805 0.2805 0.275 0.275 0.312 0.312 0.312 0.3435 0.3435 0.4 0.4 0.519 0.519 0.4455 0.4455 0.4455 0.3755 0.3755 0.371 0.371 0.3205 0.3205 0.3205 0.3275 0.3275 0.4295 0.4295 0.4065 0.4065 0.4065 0.343 0.343 0.351 0.351 0.3175 0.3175 0.3175 0.297 0.297 0.291 0.291
0.3375 0.297 0.297 0.28 0.28 0.28 0.308 0.308 0.3325 0.3325 0.32 0.32 0.2915 0.2915 0.2915 0.3075 0.3075 0.308 0.308 0.294 0.294 0.294 0.2905 0.2905 0.3085 0.3085 0.299 0.299 0.299 0.302 0.302 0.311 0.311 0.305 0.305 0.305 0.2805 0.2805 0.275 0.275 0.312 0.312 0.312 0.3435 0.3435 0.4 0.4 0.519 0.519 0.4455 0.4455 0.4455 0.3755 0.3755 0.371 0.371 0.3205 0.3205 0.3205 0.3275 0.3275 0.4295 0.4295 0.4065 0.4065 0.4065 0.343 0.343 0.351 0.351 0.3175 0.3175 0.3175 0.297 0.297 0.291 0.291
0.3225 0.296 0.296 0.272 0.272 0.272 0.317 0.317 0.3755 0.3755 0.4055 0.4055 0.403 0.403 0.403 0.3685 0.3685 0.3905 0.3905 0.3505 0.3505 0.3505 0.3295 0.3295 0.29 0.29 0.2965 0.2965 0.2965 0.307 0.307 0.2745 0.2745 0.317 0.317 0.317 0.348 0.348 0.3435 0.3435 0.316 0.316 0.316 0.3755 0.3755 0.4455 0.4455 0.466 0.466 0.4245 0.4245 0.4245 0.4165 0.4165 0.374 0.374 0.3625 0.3625 0.3625 0.335 0.335 0.3565 0.3565 0.4085 0.4085 0.4085 0.3295 0.3295 0.3045 0.3045 0.316 0.316 0.316 0.2965 0.2965 0.3025 0.3025
0.3225 0.296 0.296 0.272 0.272 0.272 0.317 0.317 0.3755 0.3755 0.4055 0.4055 0.403 0.403 0.403 0.3685 0.3685 0.3905 0.3905 0.3505 0.3505 0.3505 0.3295 0.3295 0.29 0.29 0.2965 0.2965 0.2965 0.307 0.307 0.2745 0.2745 0.317 0.317 0.317 0.348 0.348 0.3435 0.3435 0.316 0.316 0.316 0.3755 0.3755 0.4455 0.4455 0.466 0.466 0.4245 0.4245 0.4245 0.4165 0.4165 0.374 0.374 0.3625 0.3625 0.3625 0.335 0.335 0.3565 0.3565 0.4085 0.4085 0.4085 0.3295 0.3295 0.3045 0.3045 0.316 0.316 0.316 0.2965 0.2965 0.3025 0.3025
0.3125 0.328 0.328 0.295 0.295 0.295 0.327 0.327 0.373 0.373 0.381 0.381 0.382 0.382 0.382 0.405 0.405 0.407 0.407 0.3835 0.3835 0.3835 0.3735 0.3735 0.301 0.301 0.2835 0.2835 0.2835 0.348 0.348 0.3955 0.3955 0.3825 0.3825 0.3825 0.338 0.338 0.3305 0.3305 0.352 0.352 0.352 0.424 0.424 0.407 0.407 0.4906 0.4906 0.4735 0.4735 0.4735 0.443 0.443 0.413 0.413 0.3555 0.3555 0.3555 0.3565 0.3565 0.348 0.348 0.3905 0.3905 0.3905 0.3135 0.3135 0.3295 0.3295 0.3475 0.3475 0.3475 0.332 0.332 0.3285 0.3285
0.3125 0.328 0.328 0.295 0.295 0.295 0.327 0.327 0.373 0.373 0.381 0.381 0.382 0.382 0.382 0.405 0.405 0.407 0.407 0.3835 0.3835 0.3835 0.3735 0.3735 0.301 0.301 0.2835 0.2835 0.2835 0.348 0.348 0.3955 0.3955 0.3825 0.3825 0.3825 0.338 0.338 0.3305 0.3305 0.352 0.352 0.352 0.424 0.424 0.407 0.407 0.4906 0.4906 0.4735 0.4735 0.4735 0.443 0.443 0.413 0.413 0.3555 0.3555 0.3555 0.3565 0.3565 0.348 0.348 0.3905 0.3905 0.3905 0.3135 0.3135 0.3295 0.3295 0.3475 0.3475 0.3475 0.332 0.332 0.3285 0.3285
0.3365 0.359 0.359 0.3365 0.3365 0.3365 0.3575 0.3575 0.407 0.407 0.4225 0.4225 0.4115 0.4115 0.4115 0.4215 0.4215 0.481 0.481 0.467 0.467 0.467 0.4715 0.4715 0.3915 0.3915 0.4365 0.4365 0.4365 0.3975 0.3975 0.3565 0.3565 0.413 0.413 0.413 0.4065 0.4065 0.357 0.357 0.365 0.365 0.365 0.417 0.417 0.4215 0.4215 0.492 0.492 0.442 0.442 0.442 0.4635 0.4635 0.4015 0.4015 0.3405 0.3405 0.3405 0.334 0.334 0.4565 0.4565 0.4395 0.4395 0.4395 0.3745 0.3745 0.374 0.374 0.3865 0.3865 0.3865 0.384 0.384 0.339 0.339
0.3365 0.359 0.359 0.3365 0.3365 0.3365 0.3575 0.3575 0.407 0.407 0.4225 0.4225 0.4115 0.4115 0.4115 0.4215 0.4215 0.481 0.481 0.467 0.467 0.467 0.4715 0.4715 0.3915 0.3915 0.4365 0.4365 0.4365 0.3975 0.3975 0.3565 0.3565 0.413 0.413 0.413 0.4065 0.4065 0.357 0.357 0.365 0.365 0.365 0.417 0.417 0.4215 0.4215 0.492 0.492 0.442 0.442 0.442 0.4635 0.4635 0.4015 0.4015 0.3405 0.3405 0.3405 0.334 0.334 0.4565 0.4565 0.4395 0.4395 0.4395 0.3745 0.3745 0.374 0.374 0.3865 0.3865 0.3865 0.384 0.384 0.339 0.339
0.3365 0.359 0.359 0.3365 0.3365 0.3365 0.3575 0.3575 0.407 0.407 0.4225 0.4225 0.4115 0.4115 0.4115 0.4215 0.4215 0.481 0.481 0.467 0.467 0.467 0.4715 0.4715 0.3915 0.3915 0.4365 0.4365 0.4365 0.3975 0.3975 0.3565 0.3565 0.413 0.413 0.413 0.4065 0.4065 0.357 0.357 0.365 0.365 0.365 0.417 0.417 0.4215 0.4215 0.492 0.492 0.442 0.442 0.442 0.4635 0.4635 0.4015 0.4015 0.3405 0.3405 0.3405 0.334 0.334 0.4565 0.4565 0.4395 0.4395 0.4395 0.3745 0.3745 0.374 0.374 0.3865 0.3865 0.3865 0.384 0.384 0.339 0.339
0.3895 0.3955 0.3955 0.4065 0.4065 0.4065 0.3775 0.3775 0.399 0.399 0.371 0.371 0.459 0.459 0.459 0.466 0.466 0.491 0.491 0.4925 0.4925 0.4925 0.4605 0.4605 0.4585 0.4585 0.4445 0.4445 0.4445 0.453 0.453 0.4525 0.4525 0.3945 0.3945 0.3945 0.3705 0.3705 0.367 0.367 0.375 0.375 0.375 0.38 0.38 0.389 0.389 0.4335 0.4335 0.4225 0.4225 0.4225 0.4335 0.4335 0.3525 0.3525 0.341 0.341 0.341 0.3525 0.3525 0.405 0.405 0.379 0.379 0.379 0.3735 0.3735 0.366 0.366 0.355 0.355 0.355 0.3715 0.3715 0.3315 0.3315
0.3895 0.3955 0.3955 0.4065 0.4065 0.4065 0.3775 0.3775 0.399 0.399 0.371 0.371 0.459 0.459 0.459 0.466 0.466 0.491 0.491 0.4925 0.4925 0.4925 0.4605 0.4605 0.4585 0.4585 0.4445 0.4445 0.4445 0.453 0.453 0.4525 0.4525 0.3945 0.3945 0.3945 0.3705 0.3705 0.367 0.367 0.375 0.375 0.375 0.38 0.38 0.389 0.389 0.4335 0.4335 0.4225 0.4225 0.4225 0.4335 0.4335 0.3525 0.3525 0.341 0.341 0.341 0.3525 0.3525 0.405 0.405 0.379 0.379 0.379 0.3735 0.3735 0.366 0.366 0.355 0.355 0.355 0.3715 0.3715 0.3315 0.3315
0.446 0.37 0.37 0.3925 0.3925 0.3925 0.3745 0.3745 0.411 0.411 0.432 0.432 0.4595 0.4595 0.4595 0.5235 0.5235 0.433 0.433 0.4085 0.4085 0.4085 0.376 0.376 0.433 0.433 0.491 0.491 0.491 0.482 0.482 0.47 0.47 0.4255 0.4255 0.4255 0.3965 0.3965 0.402 0.402 0.402 0.402 0.402 0.4015 0.4015 0.4425 0.4425 0.453 0.453 0.492 0.492 0.492 0.407 0.407 0.469 0.469 0.4775 0.4775 0.4775 0.427 0.427 0.399 0.399 0.441 0.441 0.441 0.4155 0.4155 0.393 0.393 0.4195 0.4195 0.4195 0.399 0.399 0.3795 0.3795
0.446 0.37 0.37 0.3925 0.3925 0.3925 0.3745 0.3745 0.411 0.411 0.432 0.432 0.4595 0.4595 0.4595 0.5235 0.5235 0.433 0.433 0.4085 0.4085 0.4085 0.376 0.376 0.433 0.433 0.491 0.491 0.491 0.482 0.482 0.47 0.47 0.4255 0.4255 0.4255 0.3965 0.3965 0.402 0.402 0.402 0.402 0.402 0.4015 0.4015 0.4425 0.4425 0.453 0.453 0.492 0.492 0.492 0.407 0.407 0.469 0.469 0.4775 0.4775 0.4775 0.427 0.427 0.399 0.399 0.441 0.441 0.441 0.4155 0.4155 0.393 0.393 0.4195 0.4195 0.4195 0.399 0.399 0.3795 0.3795
0.5 0.458 0.458 0.419 0.419 0.419 0.403 0.403 0.4235 0.4235 0.433 0.433 0.411 0.411 0.411 0.44 0.44 0.4205 0.4205 0.415 0.415 0.415 0.389 0.389 0.429 0.429 0.4485 0.4485 0.4485 0.4865 0.4865 0.4305 0.4305 0.431 0.431 0.431 0.4495 0.4495 0.4305 0.4305 0.444 0.444 0.444 0.368 0.368 0.4705 0.4705 0.471 0.471 0.517 0.517 0.517 0.5175 0.5175 0.3825 0.3825 0.4245 0.4245 0.4245 0.451 0.451 0.4445 0.4445 0.41 0.41 0.41 0.3465 0.3465 0.3815 0.3815 0.413 0.413 0.413 0.4255 0.4255 0.451 0.451
0.5 0.458 0.458 0.419 0.419 0.419 0.403 0.403 0.4235 0.4235 0.433 0.433 0.411 0.411 0.411 0.44 0.44 0.4205 0.4205 0.415 0.415 0.415 0.389 0.389 0.429 0.429 0.4485 0.4485 0.4485 0.4865 0.4865 0.4305 0.4305 0.431 0.431 0.431 0.4495 0.4495 0.4305 0.4305 0.444 0.444 0.444 0.368 0.368 0.4705 0.4705 0.471 0.471 0.517 0.517 0.517 0.5175 0.5175 0.3825 0.3825 0.4245 0.4245 0.4245 0.451 0.451 0.4445 0.4445 0.41 0.41 0.41 0.3465 0.3465 0.3815 0.3815 0.413 0.413 0.413 0.4255 0.4255 0.451 0.451
0.5 0.458 0.458 0.419 0.419 0.419 0.403 0.403 0.4235 0.4235 0.433 0.433 0.411 0.411 0.411 0.44 0.44 0.4205 0.4205 0.415 0.415 0.415 0.389 0.389 0.429 0.429 0.4485 0.4485 0.4485 0.4865 0.4865 0.4305 0.4305 0.431 0.431 0.431 0.4495 0.4495 0.4305 0.4305 0.444 0.444 0.444 0.368 0.368 0.4705 0.4705 0.471 0.471 0.517 0.517 0.517 0.5175 0.5175 0.3825 0.3825 0.4245 0.4245 0.4245 0.451 0.451 0.4445 0.4445 0.41 0.41 0.41 0.3465 0.3465 0.3815 0.3815 0.413 0.413 0.413 0.4255 0.4255 0.451 0.451
