ndvi/NOAA-317.asc
ncols         252
nrows         154
xllcorner     -18.017974
yllcorner     13.481982
cellsize      0.035948
NODATA_value  -9999
[rows 102 to 135 of 154, columns 156 to 233 of 252]
0.224 0.189 0.189 0.189 0.1875 0.1875 0.1805 0.1805 0.187 0.187 0.206 0.206 0.206 0.214 0.214 0.21 0.21 0.2275 0.2275 0.2275 0.237 0.237 0.2065 0.2065 0.2245 0.2245 0.2245 0.2225 0.2225 0.2015 0.2015 0.206 0.206 0.206 0.202 0.202 0.2291 0.2291 0.2085 0.2085 0.2085 0.212 0.212 0.2215 0.2215 0.215 0.215 0.2035 0.2035 0.2035 0.205 0.205 0.206 0.206 0.211 0.211 0.211 0.2225 0.2225 0.199 0.199 0.212 0.212 0.212 0.2135 0.2135 0.192 0.192 0.195 0.195 0.195 0.203 0.203 0.214 0.214 0.2045 0.2045 0.2045
0.242 0.218 0.218 0.218 0.216 0.216 0.205 0.205 0.213 0.213 0.2045 0.2045 0.2045 0.2085 0.2085 0.2145 0.2145 0.223 0.223 0.223 0.2255 0.2255 0.205 0.205 0.204 0.204 0.204 0.2325 0.2325 0.2345 0.2345 0.2245 0.2245 0.2245 0.2285 0.2285 0.242 0.242 0.2055 0.2055 0.2055 0.2245 0.2245 0.206 0.206 0.231 0.231 0.2195 0.2195 0.2195 0.2335 0.2335 0.2115 0.2115 0.2165 0.2165 0.2165 0.202 0.202 0.237 0.237 0.217 0.217 0.217 0.235 0.235 0.214 0.214 0.1795 0.1795 0.1795 0.2025 0.2025 0.2015 0.2015 0.2155 0.2155 0.2155
0.242 0.218 0.218 0.218 0.216 0.216 0.205 0.205 0.213 0.213 0.2045 0.2045 0.2045 0.2085 0.2085 0.2145 0.2145 0.223 0.223 0.223 0.2255 0.2255 0.205 0.205 0.204 0.204 0.204 0.2325 0.2325 0.2345 0.2345 0.2245 0.2245 0.2245 0.2285 0.2285 0.242 0.242 0.2055 0.2055 0.2055 0.2245 0.2245 0.206 0.206 0.231 0.231 0.2195 0.2195 0.2195 0.2335 0.2335 0.2115 0.2115 0.2165 0.2165 0.2165 0.202 0.202 0.237 0.237 0.217 0.217 0.217 0.235 0.235 0.214 0.214 0.1795 0.1795 0.1795 0.2025 0.2025 0.2015 0.2015 0.2155 0.2155 0.2155
0.242 0.218 0.218 0.218 0.216 0.216 0.205 0.205 0.213 0.213 0.2045 0.2045 0.2045 0.2085 0.2085 0.2145 0.2145 0.223 0.223 0.223 0.2255 0.2255 0.205 0.205 0.204 0.204 0.204 0.2325 0.2325 0.2345 0.2345 0.2245 0.2245 0.2245 0.2285 0.2285 0.242 0.242 0.2055 0.2055 0.2055 0.2245 0.2245 0.206 0.206 0.231 0.231 0.2195 0.2195 0.2195 0.2335 0.2335 0.2115 0.2115 0.2165 0.2165 0.2165 0.202 0.202 0.237 0.237 0.217 0.217 0.217 0.235 0.235 0.214 0.214 0.1795 0.1795 0.1795 0.2025 0.2025 0.2015 0.2015 0.2155 0.2155 0.2155
0.2155 0.2095 0.2095 0.2095 0.221 0.221 0.2095 0.2095 0.229 0.229 0.229 0.229 0.229 0.2205 0.2205 0.2125 0.2125 0.2055 0.2055 0.2055 0.209 0.209 0.2195 0.2195 0.2125 0.2125 0.2125 0.2645 0.2645 0.255 0.255 0.2555 0.2555 0.2555 0.256 0.256 0.231 0.231 0.2305 0.2305 0.2305 0.2215 0.2215 0.2325 0.2325 0.207 0.207 0.2325 0.2325 0.2325 0.238 0.238 0.2445 0.2445 0.2305 0.2305 0.2305 0.224 0.224 0.2095 0.2095 0.2305 0.2305 0.2305 0.201 0.201 0.201 0.201 0.1975 0.1975 0.1975 0.207 0.207 0.222 0.222 0.2045 0.2045 0.2045
0.2155 0.2095 0.2095 0.2095 0.221 0.221 0.2095 0.2095 0.229 0.229 0.229 0.229 0.229 0.2205 0.2205 0.2125 0.2125 0.2055 0.2055 0.2055 0.209 0.209 0.2195 0.2195 0.2125 0.2125 0.2125 0.2645 0.2645 0.255 0.255 0.2555 0.2555 0.2555 0.256 0.256 0.231 0.231 0.2305 0.2305 0.2305 0.2215 0.2215 0.2325 0.2325 0.207 0.207 0.2325 0.2325 0.2325 0.238 0.238 0.2445 0.2445 0.2305 0.2305 0.2305 0.224 0.224 0.2095 0.2095 0.2305 0.2305 0.2305 0.201 0.201 0.201 0.201 0.1975 0.1975 0.1975 0.207 0.207 0.222 0.222 0.2045 0.2045 0.2045
0.224 0.2285 0.2285 0.2285 0.2555 0.2555 0.2575 0.2575 0.25 0.25 0.224 0.224 0.224 0.217 0.217 0.2065 0.2065 0.2035 0.2035 0.2035 0.214 0.214 0.2015 0.2015 0.2575 0.2575 0.2575 0.2725 0.2725 0.271 0.271 0.2705 0.2705 0.2705 0.2555 0.2555 0.2505 0.2505 0.24 0.24 0.24 0.2485 0.2485 0.2335 0.2335 0.2175 0.2175 0.222 0.222 0.222 0.2145 0.2145 0.247 0.247 0.2296 0.2296 0.2296 0.2125 0.2125 0.229 0.229 0.227 0.227 0.227 0.2145 0.2145 0.2205 0.2205 0.2215 0.2215 0.2215 0.248 0.248 0.234 0.234 0.244 0.244 0.244
0.224 0.2285 0.2285 0.2285 0.2555 0.2555 0.2575 0.2575 0.25 0.25 0.224 0.224 0.224 0.217 0.217 0.2065 0.2065 0.2035 0.2035 0.2035 0.214 0.214 0.2015 0.2015 0.2575 0.2575 0.2575 0.2725 0.2725 0.271 0.271 0.2705 0.2705 0.2705 0.2555 0.2555 0.2505 0.2505 0.24 0.24 0.24 0.2485 0.2485 0.2335 0.2335 0.2175 0.2175 0.222 0.222 0.222 0.2145 0.2145 0.247 0.247 0.2296 0.2296 0.2296 0.2125 0.2125 0.229 0.229 0.227 0.227 0.227 0.2145 0.2145 0.2205 0.2205 0.2215 0.2215 0.2215 0.248 0.248 0.234 0.234 0.244 0.244 0.244
0.2295 0.225 0.225 0.225 0.2545 0.2545 0.2405 0.2405 0.2205 0.2205 0.2175 0.2175 0.2175 0.22 0.22 0.212 0.212 0.2205 0.2205 0.2205 0.2275 0.2275 0.244 0.244 0.245 0.245 0.245 0.2665 0.2665 0.241 0.241 0.2875 0.2875 0.2875 0.2545 0.2545 0.269 0.269 0.23 0.23 0.23 0.2786 0.2786 0.219 0.219 0.2315 0.2315 0.2175 0.2175 0.2175 0.217 0.217 0.251 0.251 0.249 0.249 0.249 0.2295 0.2295 0.24 0.24 0.2275 0.2275 0.2275 0.236 0.236 0.2395 0.2395 0.233 0.233 0.233 0.227 0.227 0.223 0.223 0.2285 0.2285 0.2285
0.2295 0.225 0.225 0.225 0.2545 0.2545 0.2405 0.2405 0.2205 0.2205 0.2175 0.2175 0.2175 0.22 0.22 0.212 0.212 0.2205 0.2205 0.2205 0.2275 0.2275 0.244 0.244 0.245 0.245 0.245 0.2665 0.2665 0.241 0.241 0.2875 0.2875 0.2875 0.2545 0.2545 0.269 0.269 0.23 0.23 0.23 0.2786 0.2786 0.219 0.219 0.2315 0.2315 0.2175 0.2175 0.2175 0.217 0.217 0.251 0.251 0.249 0.249 0.249 0.2295 0.2295 0.24 0.24 0.2275 0.2275 0.2275 0.236 0.236 0.2395 0.2395 0.233 0.233 0.233 0.227 0.227 0.223 0.223 0.2285 0.2285 0.2285
0.2295 0.225 0.225 0.225 0.2545 0.2545 0.2405 0.2405 0.2205 0.2205 0.2175 0.2175 0.2175 0.22 0.22 0.212 0.212 0.2205 0.2205 0.2205 0.2275 0.2275 0.244 0.244 0.245 0.245 0.245 0.2665 0.2665 0.241 0.241 0.2875 0.2875 0.2875 0.2545 0.2545 0.269 0.269 0.23 0.23 0.23 0.2786 0.2786 0.219 0.219 0.2315 0.2315 0.2175 0.2175 0.2175 0.217 0.217 0.251 0.251 0.249 0.249 0.249 0.2295 0.2295 0.24 0.24 0.2275 0.2275 0.2275 0.236 0.236 0.2395 0.2395 0.233 0.233 0.233 0.227 0.227 0.223 0.223 0.2285 0.2285 0.2285
0.233 0.2235 0.2235 0.2235 0.241 0.241 0.232 0.232 0.228 0.228 0.2145 0.2145 0.2145 0.2455 0.2455 0.2515 0.2515 0.2775 0.2775 0.2775 0.2445 0.2445 0.249 0.249 0.273 0.273 0.273 0.264 0.264 0.257 0.257 0.254 0.254 0.254 0.218 0.218 0.2305 0.2305 0.209 0.209 0.209 0.227 0.227 0.238 0.238 0.2145 0.2145 0.2525 0.2525 0.2525 0.2185 0.2185 0.237 0.237 0.252 0.252 0.252 0.252 0.252 0.2305 0.2305 0.2205 0.2205 0.2205 0.2285 0.2285 0.2466 0.2466 0.2395 0.2395 0.2395 0.2315 0.2315 0.224 0.224 0.2195 0.2195 0.2195
0.233 0.2235 0.2235 0.2235 0.241 0.241 0.232 0.232 0.228 0.228 0.2145 0.2145 0.2145 0.2455 0.2455 0.2515 0.2515 0.2775 0.2775 0.2775 0.2445 0.2445 0.249 0.249 0.273 0.273 0.273 0.264 0.264 0.257 0.257 0.254 0.254 0.254 0.218 0.218 0.2305 0.2305 0.209 0.209 0.209 0.227 0.227 0.238 0.238 0.2145 0.2145 0.2525 0.2525 0.2525 0.2185 0.2185 0.237 0.237 0.252 0.252 0.252 0.252 0.252 0.2305 0.2305 0.2205 0.2205 0.2205 0.2285 0.2285 0.2466 0.2466 0.2395 0.2395 0.2395 0.2315 0.2315 0.224 0.224 0.2195 0.2195 0.2195
0.225 0.24 0.24 0.24 0.244 0.244 0.2155 0.2155 0.228 0.228 0.232 0.232 0.232 0.255 0.255 0.249 0.249 0.2495 0.2495 0.2495 0.238 0.238 0.257 0.257 0.2665 0.2665 0.2665 0.2425 0.2425 0.245 0.245 0.281 0.281 0.281 0.245 0.245 0.2375 0.2375 0.222 0.222 0.222 0.2275 0.2275 0.2335 0.2335 0.223 0.223 0.226 0.226 0.226 0.236 0.236 0.235 0.235 0.22 0.22 0.22 0.2225 0.2225 0.236 0.236 0.218 0.218 0.218 0.248 0.248 0.2215 0.2215 0.2385 0.2385 0.2385 0.2395 0.2395 0.2165 0.2165 0.2145 0.2145 0.2145
0.225 0.24 0.24 0.24 0.244 0.244 0.2155 0.2155 0.228 0.228 0.232 0.232 0.232 0.255 0.255 0.249 0.249 0.2495 0.2495 0.2495 0.238 0.238 0.257 0.257 0.2665 0.2665 0.2665 0.2425 0.2425 0.245 0.245 0.281 0.281 0.281 0.245 0.245 0.2375 0.2375 0.222 0.222 0.222 0.2275 0.2275 0.2335 0.2335 0.223 0.223 0.226 0.226 0.226 0.236 0.236 0.235 0.235 0.22 0.22 0.22 0.2225 0.2225 0.236 0.236 0.218 0.218 0.218 0.248 0.248 0.2215 0.2215 0.2385 0.2385 0.2385 0.2395 0.2395 0.2165 0.2165 0.2145 0.2145 0.2145
0.2516 0.2435 0.2435 0.2435 0.2265 0.2265 0.2245 0.2245 0.2245 0.2245 0.248 0.248 0.248 0.2395 0.2395 0.236 0.236 0.2495 0.2495 0.2495 0.253 0.253 0.2595 0.2595 0.258 0.258 0.258 0.241 0.241 0.241 0.241 0.235 0.235 0.235 0.2415 0.2415 0.219 0.219 0.223 0.223 0.223 0.193 0.193 0.2025 0.2025 0.228 0.228 0.225 0.225 0.225 0.238 0.238 0.2245 0.2245 0.2475 0.2475 0.2475 0.2365 0.2365 0.238 0.238 0.236 0.236 0.236 0.2705 0.2705 0.262 0.262 0.2625 0.2625 0.2625 0.248 0.248 0.2465 0.2465 0.2405 0.2405 0.2405
0.2516 0.2435 0.2435 0.2435 0.2265 0.2265 0.2245 0.2245 0.2245 0.2245 0.248 0.248 0.248 0.2395 0.2395 0.236 0.236 0.2495 0.2495 0.2495 0.253 0.253 0.2595 0.2595 0.258 0.258 0.258 0.241 0.241 0.241 0.241 0.235 0.235 0.235 0.2415 0.2415 0.219 0.219 0.223 0.223 0.223 0.193 0.193 0.2025 0.2025 0.228 0.228 0.225 0.225 0.225 0.238 0.238 0.2245 0.2245 0.2475 0.2475 0.2475 0.2365 0.2365 0.238 0.238 0.236 0.236 0.236 0.2705 0.2705 0.262 0.262 0.2625 0.2625 0.2625 0.248 0.248 0.2465 0.2465 0.2405 0.2405 0.2405
0.2516 0.2435 0.2435 0.2435 0.2265 0.2265 0.2245 0.2245 0.2245 0.2245 0.248 0.248 0.248 0.2395 0.2395 0.236 0.236 0.2495 0.2495 0.2495 0.253 0.253 0.2595 0.2595 0.258 0.258 0.258 0.241 0.241 0.241 0.241 0.235 0.235 0.235 0.2415 0.2415 0.219 0.219 0.223 0.223 0.223 0.193 0.193 0.2025 0.2025 0.228 0.228 0.225 0.225 0.225 0.238 0.238 0.2245 0.2245 0.2475 0.2475 0.2475 0.2365 0.2365 0.238 0.238 0.236 0.236 0.236 0.2705 0.2705 0.262 0.262 0.2625 0.2625 0.2625 0.248 0.248 0.2465 0.2465 0.2405 0.2405 0.2405
0.2651 0.265 0.265 0.265 0.25 0.25 0.2665 0.2665 0.2695 0.2695 0.24 0.24 0.24 0.2445 0.2445 0.222 0.222 0.231 0.231 0.231 0.2385 0.2385 0.211 0.211 0.222 0.222 0.222 0.2235 0.2235 0.257 0.257 0.2175 0.2175 0.2175 0.23 0.23 0.2355 0.2355 0.2125 0.2125 0.2125 0.2155 0.2155 0.225 0.225 0.2255 0.2255 0.2435 0.2435 0.2435 0.251 0.251 0.2525 0.2525 0.242 0.242 0.242 0.2465 0.2465 0.235 0.235 0.259 0.259 0.259 0.243 0.243 0.2445 0.2445 0.26 0.26 0.26 0.25 0.25 0.2485 0.2485 0.24 0.24 0.24
0.2651 0.265 0.265 0.265 0.25 0.25 0.2665 0.2665 0.2695 0.2695 0.24 0.24 0.24 0.2445 0.2445 0.222 0.222 0.231 0.231 0.231 0.2385 0.2385 0.211 0.211 0.222 0.222 0.222 0.2235 0.2235 0.257 0.257 0.2175 0.2175 0.2175 0.23 0.23 0.2355 0.2355 0.2125 0.2125 0.2125 0.2155 0.2155 0.225 0.225 0.2255 0.2255 0.2435 0.2435 0.2435 0.251 0.251 0.2525 0.2525 0.242 0.242 0.242 0.2465 0.2465 0.235 0.235 0.259 0.259 0.259 0.243 0.243 0.2445 0.2445 0.26 0.26 0.26 0.25 0.25 0.2485 0.2485 0.24 0.24 0.24
0.2655 0.2365 0.2365 0.2365 0.265 0.265 0.2711 0.2711 0.261 0.261 0.2425 0.2425 0.2425 0.2365 0.2365 0.2285 0.2285 0.2465 0.2465 0.2465 0.2025 0.2025 0.2305 0.2305 0.2285 0.2285 0.2285 0.2125 0.2125 0.2225 0.2225 0.2445 0.2445 0.2445 0.2325 0.2325 0.23 0.23 0.218 0.218 0.218 0.246 0.246 0.247 0.247 0.2205 0.2205 0.231 0.231 0.231 0.2675 0.2675 0.257 0.257 0.2565 0.2565 0.2565 0.253 0.253 0.2485 0.2485 0.2315 0.2315 0.2315 0.244 0.244 0.249 0.249 0.2765 0.2765 0.2765 0.2565 0.2565 0.245 0.245 0.2255 0.2255 0.2255
0.2655 0.2365 0.2365 0.2365 0.265 0.265 0.2711 0.2711 0.261 0.261 0.2425 0.2425 0.2425 0.2365 0.2365 0.2285 0.2285 0.2465 0.2465 0.2465 0.2025 0.2025 0.2305 0.2305 0.2285 0.2285 0.2285 0.2125 0.2125 0.2225 0.2225 0.2445 0.2445 0.2445 0.2325 0.2325 0.23 0.23 0.218 0.218 0.218 0.246 0.246 0.247 0.247 0.2205 0.2205 0.231 0.231 0.231 0.2675 0.2675 0.257 0.257 0.2565 0.2565 0.2565 0.253 0.253 0.2485 0.2485 0.2315 0.2315 0.2315 0.244 0.244 0.249 0.249 0.2765 0.2765 0.2765 0.2565 0.2565 0.245 0.245 0.2255 0.2255 0.2255
0.2661 0.2656 0.2656 0.2656 0.2626 0.2626 0.266 0.266 0.2585 0.2585 0.26 0.26 0.26 0.2455 0.2455 0.222 0.222 0.2525 0.2525 0.2525 0.226 0.226 0.2115 0.2115 0.226 0.226 0.226 0.2455 0.2455 0.221 0.221 0.2445 0.2445 0.2445 0.216 0.216 0.226 0.226 0.2205 0.2205 0.2205 0.2225 0.2225 0.2306 0.2306 0.2526 0.2526 0.2445 0.2445 0.2445 0.2705 0.2705 0.267 0.267 0.2605 0.2605 0.2605 0.2455 0.2455 0.257 0.257 0.241 0.241 0.241 0.2625 0.2625 0.2645 0.2645 0.239 0.239 0.239 0.273 0.273 0.2585 0.2585 0.2671 0.2671 0.2671
0.2661 0.2656 0.2656 0.2656 0.2626 0.2626 0.266 0.266 0.2585 0.2585 0.26 0.26 0.26 0.2455 0.2455 0.222 0.222 0.2525 0.2525 0.2525 0.226 0.226 0.2115 0.2115 0.226 0.226 0.226 0.2455 0.2455 0.221 0.221 0.2445 0.2445 0.2445 0.216 0.216 0.226 0.226 0.2205 0.2205 0.2205 0.2225 0.2225 0.2306 0.2306 0.2526 0.2526 0.2445 0.2445 0.2445 0.2705 0.2705 0.267 0.267 0.2605 0.2605 0.2605 0.2455 0.2455 0.257 0.257 0.241 0.241 0.241 0.2625 0.2625 0.2645 0.2645 0.239 0.239 0.239 0.273 0.273 0.2585 0.2585 0.2671 0.2671 0.2671
0.256 0.244 0.244 0.244 0.249 0.249 0.2445 0.2445 0.2666 0.2666 0.246 0.246 0.246 0.2465 0.2465 0.237 0.237 0.239 0.239 0.239 0.235 0.235 0.2385 0.2385 0.234 0.234 0.234 0.2245 0.2245 0.2635 0.2635 0.2395 0.2395 0.2395 0.2255 0.2255 0.228 0.228 0.2521 0.2521 0.2521 0.233 0.233 0.2375 0.2375 0.243 0.243 0.2455 0.2455 0.2455 0.24 0.24 0.248 0.248 0.225 0.225 0.225 0.2425 0.2425 0.246 0.246 0.2485 0.2485 0.2485 0.2595 0.2595 0.2705 0.2705 0.25 0.25 0.25 0.26 0.26 0.2725 0.2725 0.261 0.261 0.261
0.256 0.244 0.244 0.244 0.249 0.249 0.2445 0.2445 0.2666 0.2666 0.246 0.246 0.246 0.2465 0.2465 0.237 0.237 0.239 0.239 0.239 0.235 0.235 0.2385 0.2385 0.234 0.234 0.234 0.2245 0.2245 0.2635 0.2635 0.2395 0.2395 0.2395 0.2255 0.2255 0.228 0.228 0.2521 0.2521 0.2521 0.233 0.233 0.2375 0.2375 0.243 0.243 0.2455 0.2455 0.2455 0.24 0.24 0.248 0.248 0.225 0.225 0.225 0.2425 0.2425 0.246 0.246 0.2485 0.2485 0.2485 0.2595 0.2595 0.2705 0.2705 0.25 0.25 0.25 0.26 0.26 0.2725 0.2725 0.261 0.261 0.261
0.256 0.244 0.244 0.244 0.249 0.249 0.2445 0.2445 0.2666 0.2666 0.246 0.246 0.246 0.2465 0.2465 0.237 0.237 0.239 0.239 0.239 0.235 0.235 0.2385 0.2385 0.234 0.234 0.234 0.2245 0.2245 0.2635 0.2635 0.2395 0.2395 0.2395 0.2255 0.2255 0.228 0.228 0.2521 0.2521 0.2521 0.233 0.233 0.2375 0.2375 0.243 0.243 0.2455 0.2455 0.2455 0.24 0.24 0.248 0.248 0.225 0.225 0.225 0.2425 0.2425 0.246 0.246 0.2485 0.2485 0.2485 0.2595 0.2595 0.2705 0.2705 0.25 0.25 0.25 0.26 0.26 0.2725 0.2725 0.261 0.261 0.261
0.2385 0.2375 0.2375 0.2375 0.2575 0.2575 0.261 0.261 0.239 0.239 0.235 0.235 0.235 0.2435 0.2435 0.241 0.241 0.231 0.231 0.231 0.2365 0.2365 0.242 0.242 0.2355 0.2355 0.2355 0.2355 0.2355 0.2315 0.2315 0.2355 0.2355 0.2355 0.2415 0.2415 0.258 0.258 0.234 0.234 0.234 0.239 0.239 0.2495 0.2495 0.2445 0.2445 0.2525 0.2525 0.2525 0.2435 0.2435 0.2645 0.2645 0.2505 0.2505 0.2505 0.227 0.227 0.2285 0.2285 0.237 0.237 0.237 0.2395 0.2395 0.2395 0.2395 0.2455 0.2455 0.2455 0.252 0.252 0.256 0.256 0.231 0.231 0.231
0.2385 0.2375 0.2375 0.2375 0.2575 0.2575 0.261 0.261 0.239 0.239 0.235 0.235 0.235 0.2435 0.2435 0.241 0.241 0.231 0.231 0.231 0.2365 0.2365 0.242 0.242 0.2355 0.2355 0.2355 0.2355 0.2355 0.2315 0.2315 0.2355 0.2355 0.2355 0.2415 0.2415 0.258 0.258 0.234 0.234 0.234 0.239 0.239 0.2495 0.2495 0.2445 0.2445 0.2525 0.2525 0.2525 0.2435 0.2435 0.2645 0.2645 0.2505 0.2505 0.2505 0.227 0.227 0.2285 0.2285 0.237 0.237 0.237 0.2395 0.2395 0.2395 0.2395 0.2455 0.2455 0.2455 0.252 0.252 0.256 0.256 0.231 0.231 0.231
0.3101 0.235 0.235 0.235 0.2565 0.2565 0.2666 0.2666 0.2525 0.2525 0.2475 0.2475 0.2475 0.265 0.265 0.246 0.246 0.228 0.228 0.228 0.245 0.245 0.268 0.268 0.317 0.317 0.317 0.315 0.315 0.2495 0.2495 0.213 0.213 0.213 0.251 0.251 0.2795 0.2795 0.25 0.25 0.25 0.271 0.271 0.27 0.27 0.268 0.268 0.263 0.263 0.263 0.266 0.266 0.261 0.261 0.287 0.287 0.287 0.2845 0.2845 0.244 0.244 0.257 0.257 0.257 0.2425 0.2425 0.2565 0.2565 0.2615 0.2615 0.2615 0.278 0.278 0.2575 0.2575 0.249 0.249 0.249
0.3101 0.235 0.235 0.235 0.2565 0.2565 0.2666 0.2666 0.2525 0.2525 0.2475 0.2475 0.2475 0.265 0.265 0.246 0.246 0.228 0.228 0.228 0.245 0.245 0.268 0.268 0.317 0.317 0.317 0.315 0.315 0.2495 0.2495 0.213 0.213 0.213 0.251 0.251 0.2795 0.2795 0.25 0.25 0.25 0.271 0.271 0.27 0.27 0.268 0.268 0.263 0.263 0.263 0.266 0.266 0.261 0.261 0.287 0.287 0.287 0.2845 0.2845 0.244 0.244 0.257 0.257 0.257 0.2425 0.2425 0.2565 0.2565 0.2615 0.2615 0.2615 0.278 0.278 0.2575 0.2575 0.249 0.249 0.249
0.3 0.2821 0.2821 0.2821 0.2891 0.2891 0.2345 0.2345 0.2755 0.2755 0.2775 0.2775 0.2775 0.251 0.251 0.2415 0.2415 0.252 0.252 0.252 0.254 0.254 0.288 0.288 0.2985 0.2985 0.2985 0.2915 0.2915 0.2735 0.2735 0.2525 0.2525 0.2525 0.246 0.246 0.283 0.283 0.255 0.255 0.255 0.2565 0.2565 0.2805 0.2805 0.269 0.269 0.273 0.273 0.273 0.2805 0.2805 0.256 0.256 0.266 0.266 0.266 0.2725 0.2725 0.2645 0.2645 0.2665 0.2665 0.2665 0.239 0.239 0.2295 0.2295 0.256 0.256 0.256 0.279 0.279 0.2765 0.2765 0.274 0.274 0.274
0.3 0.2821 0.2821 0.2821 0.2891 0.2891 0.2345 0.2345 0.2755 0.2755 0.2775 0.2775 0.2775 0.251 0.251 0.2415 0.2415 0.252 0.252 0.252 0.254 0.254 0.288 0.288 0.2985 0.2985 0.2985 0.2915 0.2915 0.2735 0.2735 0.2525 0.2525 0.2525 0.246 0.246 0.283 0.283 0.255 0.255 0.255 0.2565 0.2565 0.2805 0.2805 0.269 0.269 0.273 0.273 0.273 0.2805 0.2805 0.256 0.256 0.266 0.266 0.266 0.2725 0.2725 0.2645 0.2645 0.2665 0.2665 0.2665 0.239 0.239 0.2295 0.2295 0.256 0.256 0.256 0.279 0.279 0.2765 0.2765 0.274 0.274 0.274
0.3 0.2821 0.2821 0.2821 0.2891 0.2891 0.2345 0.2345 0.2755 0.2755 0.2775 0.2775 0.2775 0.251 0.251 0.2415 0.2415 0.252 0.252 0.252 0.254 0.254 0.288 0.288 0.2985 0.2985 0.2985 0.2915 0.2915 0.2735 0.2735 0.2525 0.2525 0.2525 0.246 0.246 0.283 0.283 0.255 0.255 0.255 0.2565 0.2565 0.2805 0.2805 0.269 0.269 0.273 0.273 0.273 0.2805 0.2805 0.256 0.256 0.266 0.266 0.266 0.2725 0.2725 0.2645 0.2645 0.2665 0.2665 0.2665 0.239 0.239 0.2295 0.2295 0.256 0.256 0.256 0.279 0.279 0.2765 0.2765 0.274 0.274 0.274
