ndvi/NOAA-333.asc
ncols         252
nrows         154
xllcorner     -18.017974
yllcorner     13.481982
cellsize      0.035948
NODATA_value  -9999
[rows 102 to 135 of 154, columns 77 to 153 of 252]
0.5666 0.5666 0.5381 0.5381 0.5341 0.5341 0.544 0.544 0.544 0.5085 0.5085 0.5415 0.5415 0.505 0.505 0.509 0.509 0.509 0.5266 0.5266 0.57 0.57 0.577 0.577 0.577 0.5495 0.5495 0.528 0.528 0.4995 0.4995 0.4995 0.5405 0.5405 0.566 0.566 0.5195 0.5195 0.5195 0.5455 0.5455 0.5395 0.5395 0.5755 0.5755 0.5755 0.5995 0.5995 0.5405 0.5405 0.593 0.593 0.5965 0.5965 0.5965 0.5605 0.5605 0.551 0.551 0.5035 0.5035 0.5035 0.4875 0.4875 0.414 0.414 0.47 0.47 0.47 0.528 0.528 0.5065 0.5065 0.5696 0.5696 0.5696 0.5211
0.578 0.578 0.5805 0.5805 0.5485 0.5485 0.5995 0.5995 0.5995 0.5915 0.5915 0.5065 0.5065 0.5385 0.5385 0.506 0.506 0.506 0.527 0.527 0.522 0.522 0.5055 0.5055 0.5055 0.5655 0.5655 0.538 0.538 0.503 0.503 0.503 0.552 0.552 0.596 0.596 0.5665 0.5665 0.5665 0.542 0.542 0.558 0.558 0.528 0.528 0.528 0.5825 0.5825 0.5956 0.5956 0.6 0.6 0.602 0.602 0.602 0.5925 0.5925 0.5475 0.5475 0.5221 0.5221 0.5221 0.524 0.524 0.524 0.524 0.453 0.453 0.453 0.4815 0.4815 0.5591 0.5591 0.5076 0.5076 0.5076 0.5566
0.578 0.578 0.5805 0.5805 0.5485 0.5485 0.5995 0.5995 0.5995 0.5915 0.5915 0.5065 0.5065 0.5385 0.5385 0.506 0.506 0.506 0.527 0.527 0.522 0.522 0.5055 0.5055 0.5055 0.5655 0.5655 0.538 0.538 0.503 0.503 0.503 0.552 0.552 0.596 0.596 0.5665 0.5665 0.5665 0.542 0.542 0.558 0.558 0.528 0.528 0.528 0.5825 0.5825 0.5956 0.5956 0.6 0.6 0.602 0.602 0.602 0.5925 0.5925 0.5475 0.5475 0.5221 0.5221 0.5221 0.524 0.524 0.524 0.524 0.453 0.453 0.453 0.4815 0.4815 0.5591 0.5591 0.5076 0.5076 0.5076 0.5566
0.578 0.578 0.5805 0.5805 0.5485 0.5485 0.5995 0.5995 0.5995 0.5915 0.5915 0.5065 0.5065 0.5385 0.5385 0.506 0.506 0.506 0.527 0.527 0.522 0.522 0.5055 0.5055 0.5055 0.5655 0.5655 0.538 0.538 0.503 0.503 0.503 0.552 0.552 0.596 0.596 0.5665 0.5665 0.5665 0.542 0.542 0.558 0.558 0.528 0.528 0.528 0.5825 0.5825 0.5956 0.5956 0.6 0.6 0.602 0.602 0.602 0.5925 0.5925 0.5475 0.5475 0.5221 0.5221 0.5221 0.524 0.524 0.524 0.524 0.453 0.453 0.453 0.4815 0.4815 0.5591 0.5591 0.5076 0.5076 0.5076 0.5566
0.5521 0.5521 0.586 0.586 0.603 0.603 0.564 0.564 0.564 0.5635 0.5635 0.5441 0.5441 0.5441 0.5441 0.5346 0.5346 0.5346 0.5221 0.5221 0.5405 0.5405 0.57 0.57 0.57 0.5775 0.5775 0.6116 0.6116 0.5664999 0.5664999 0.5664999 0.559 0.559 0.568 0.568 0.5825 0.5825 0.5825 0.572 0.572 0.56 0.56 0.548 0.548 0.548 0.593 0.593 0.5815 0.5815 0.567 0.567 0.62 0.62 0.62 0.6075 0.6075 0.5685 0.5685 0.556 0.556 0.556 0.532 0.532 0.6216 0.6216 0.533 0.533 0.533 0.507 0.507 0.4756 0.4756 0.443 0.443 0.443 0.4925
0.5521 0.5521 0.586 0.586 0.603 0.603 0.564 0.564 0.564 0.5635 0.5635 0.5441 0.5441 0.5441 0.5441 0.5346 0.5346 0.5346 0.5221 0.5221 0.5405 0.5405 0.57 0.57 0.57 0.5775 0.5775 0.6116 0.6116 0.5664999 0.5664999 0.5664999 0.559 0.559 0.568 0.568 0.5825 0.5825 0.5825 0.572 0.572 0.56 0.56 0.548 0.548 0.548 0.593 0.593 0.5815 0.5815 0.567 0.567 0.62 0.62 0.62 0.6075 0.6075 0.5685 0.5685 0.556 0.556 0.556 0.532 0.532 0.6216 0.6216 0.533 0.533 0.533 0.507 0.507 0.4756 0.4756 0.443 0.443 0.443 0.4925
0.5806 0.5806 0.6465 0.6465 0.6001 0.6001 0.5795 0.5795 0.5795 0.579 0.579 0.599 0.599 0.594 0.594 0.5726 0.5726 0.5726 0.5981 0.5981 0.5805 0.5805 0.598 0.598 0.598 0.5886 0.5886 0.6145 0.6145 0.6 0.6 0.6 0.6115 0.6115 0.6135 0.6135 0.5565 0.5565 0.5565 0.5865 0.5865 0.5585 0.5585 0.567 0.567 0.567 0.548 0.548 0.5855 0.5855 0.5425 0.5425 0.555 0.555 0.555 0.576 0.576 0.5965 0.5965 0.5375 0.5375 0.5375 0.6059999 0.6059999 0.5855 0.5855 0.5355 0.5355 0.5355 0.466 0.466 0.4375 0.4375 0.427 0.427 0.427 0.4615
0.5806 0.5806 0.6465 0.6465 0.6001 0.6001 0.5795 0.5795 0.5795 0.579 0.579 0.599 0.599 0.594 0.594 0.5726 0.5726 0.5726 0.5981 0.5981 0.5805 0.5805 0.598 0.598 0.598 0.5886 0.5886 0.6145 0.6145 0.6 0.6 0.6 0.6115 0.6115 0.6135 0.6135 0.5565 0.5565 0.5565 0.5865 0.5865 0.5585 0.5585 0.567 0.567 0.567 0.548 0.548 0.5855 0.5855 0.5425 0.5425 0.555 0.555 0.555 0.576 0.576 0.5965 0.5965 0.5375 0.5375 0.5375 0.6059999 0.6059999 0.5855 0.5855 0.5355 0.5355 0.5355 0.466 0.466 0.4375 0.4375 0.427 0.427 0.427 0.4615
0.5896 0.5896 0.589 0.589 0.5465 0.5465 0.5484999 0.5484999 0.5484999 0.5965 0.5965 0.5575 0.5575 0.5711 0.5711 0.6376 0.6376 0.6376 0.587 0.587 0.5575 0.5575 0.5476 0.5476 0.5476 0.5606 0.5606 0.5436 0.5436 0.5726 0.5726 0.5726 0.5891 0.5891 0.6525 0.6525 0.617 0.617 0.617 0.601 0.601 0.6185 0.6185 0.5994999 0.5994999 0.5994999 0.623 0.623 0.648 0.648 0.6355 0.6355 0.6115 0.6115 0.6115 0.541 0.541 0.603 0.603 0.6275 0.6275 0.6275 0.623 0.623 0.6275 0.6275 0.66 0.66 0.66 0.6566 0.6566 0.5755 0.5755 0.5651 0.5651 0.5651 0.498
0.5896 0.5896 0.589 0.589 0.5465 0.5465 0.5484999 0.5484999 0.5484999 0.5965 0.5965 0.5575 0.5575 0.5711 0.5711 0.6376 0.6376 0.6376 0.587 0.587 0.5575 0.5575 0.5476 0.5476 0.5476 0.5606 0.5606 0.5436 0.5436 0.5726 0.5726 0.5726 0.5891 0.5891 0.6525 0.6525 0.617 0.617 0.617 0.601 0.601 0.6185 0.6185 0.5994999 0.5994999 0.5994999 0.623 0.623 0.648 0.648 0.6355 0.6355 0.6115 0.6115 0.6115 0.541 0.541 0.603 0.603 0.6275 0.6275 0.6275 0.623 0.623 0.6275 0.6275 0.66 0.66 0.66 0.6566 0.6566 0.5755 0.5755 0.5651 0.5651 0.5651 0.498
0.5896 0.5896 0.589 0.589 0.5465 0.5465 0.5484999 0.5484999 0.5484999 0.5965 0.5965 0.5575 0.5575 0.5711 0.5711 0.6376 0.6376 0.6376 0.587 0.587 0.5575 0.5575 0.5476 0.5476 0.5476 0.5606 0.5606 0.5436 0.5436 0.5726 0.5726 0.5726 0.5891 0.5891 0.6525 0.6525 0.617 0.617 0.617 0.601 0.601 0.6185 0.6185 0.5994999 0.5994999 0.5994999 0.623 0.623 0.648 0.648 0.6355 0.6355 0.6115 0.6115 0.6115 0.541 0.541 0.603 0.603 0.6275 0.6275 0.6275 0.623 0.623 0.6275 0.6275 0.66 0.66 0.66 0.6566 0.6566 0.5755 0.5755 0.5651 0.5651 0.5651 0.498
0.5971 0.5971 0.63 0.63 0.6365 0.6365 0.611 0.611 0.611 0.5805 0.5805 0.5945 0.5945 0.5685 0.5685 0.5691 0.5691 0.5691 0.5445 0.5445 0.6145 0.6145 0.5975 0.5975 0.5975 0.5975 0.5975 0.618 0.618 0.5915999 0.5915999 0.5915999 0.6156 0.6156 0.5776 0.5776 0.6326 0.6326 0.6326 0.6195 0.6195 0.632 0.632 0.614 0.614 0.614 0.5825 0.5825 0.596 0.596 0.6665 0.6665 0.659 0.659 0.659 0.6265 0.6265 0.574 0.574 0.5965 0.5965 0.5965 0.555 0.555 0.5905 0.5905 0.5925 0.5925 0.5925 0.64 0.64 0.6321 0.6321 0.529 0.529 0.529 0.552
0.5971 0.5971 0.63 0.63 0.6365 0.6365 0.611 0.611 0.611 0.5805 0.5805 0.5945 0.5945 0.5685 0.5685 0.5691 0.5691 0.5691 0.5445 0.5445 0.6145 0.6145 0.5975 0.5975 0.5975 0.5975 0.5975 0.618 0.618 0.5915999 0.5915999 0.5915999 0.6156 0.6156 0.5776 0.5776 0.6326 0.6326 0.6326 0.6195 0.6195 0.632 0.632 0.614 0.614 0.614 0.5825 0.5825 0.596 0.596 0.6665 0.6665 0.659 0.659 0.659 0.6265 0.6265 0.574 0.574 0.5965 0.5965 0.5965 0.555 0.555 0.5905 0.5905 0.5925 0.5925 0.5925 0.64 0.64 0.6321 0.6321 0.529 0.529 0.529 0.552
0.5941 0.5941 0.599 0.599 0.5805 0.5805 0.611 0.611 0.611 0.597 0.597 0.5851 0.5851 0.6235 0.6235 0.6115 0.6115 0.6115 0.6021 0.6021 0.5656 0.5656 0.5681 0.5681 0.5681 0.6205 0.6205 0.605 0.605 0.594 0.594 0.594 0.6111 0.6111 0.6031 0.6031 0.6166 0.6166 0.6166 0.609 0.609 0.6025 0.6025 0.629 0.629 0.629 0.5611 0.5611 0.5926 0.5926 0.6216 0.6216 0.6315 0.6315 0.6315 0.6395 0.6395 0.6305 0.6305 0.6125 0.6125 0.6125 0.5955 0.5955 0.545 0.545 0.587 0.587 0.587 0.6245 0.6245 0.6191 0.6191 0.586 0.586 0.586 0.5066
0.5941 0.5941 0.599 0.599 0.5805 0.5805 0.611 0.611 0.611 0.597 0.597 0.5851 0.5851 0.6235 0.6235 0.6115 0.6115 0.6115 0.6021 0.6021 0.5656 0.5656 0.5681 0.5681 0.5681 0.6205 0.6205 0.605 0.605 0.594 0.594 0.594 0.6111 0.6111 0.6031 0.6031 0.6166 0.6166 0.6166 0.609 0.609 0.6025 0.6025 0.629 0.629 0.629 0.5611 0.5611 0.5926 0.5926 0.6216 0.6216 0.6315 0.6315 0.6315 0.6395 0.6395 0.6305 0.6305 0.6125 0.6125 0.6125 0.5955 0.5955 0.545 0.545 0.587 0.587 0.587 0.6245 0.6245 0.6191 0.6191 0.586 0.586 0.586 0.5066
0.5716 0.5716 0.5385 0.5385 0.5231 0.5231 0.5516 0.5516 0.5516 0.5386 0.5386 0.5861 0.5861 0.5735 0.5735 0.5806 0.5806 0.5806 0.5791 0.5791 0.6285 0.6285 0.6425 0.6425 0.6425 0.6531 0.6531 0.5961 0.5961 0.588 0.588 0.588 0.5781 0.5781 0.6165 0.6165 0.6101 0.6101 0.6101 0.596 0.596 0.6156 0.6156 0.6035 0.6035 0.6035 0.586 0.586 0.68 0.68 0.6215 0.6215 0.6285 0.6285 0.6285 0.6581 0.6581 0.641 0.641 0.6385 0.6385 0.6385 0.594 0.594 0.597 0.597 0.568 0.568 0.568 0.573 0.573 0.5816 0.5816 0.6166 0.6166 0.6166 0.5755
0.5716 0.5716 0.5385 0.5385 0.5231 0.5231 0.5516 0.5516 0.5516 0.5386 0.5386 0.5861 0.5861 0.5735 0.5735 0.5806 0.5806 0.5806 0.5791 0.5791 0.6285 0.6285 0.6425 0.6425 0.6425 0.6531 0.6531 0.5961 0.5961 0.588 0.588 0.588 0.5781 0.5781 0.6165 0.6165 0.6101 0.6101 0.6101 0.596 0.596 0.6156 0.6156 0.6035 0.6035 0.6035 0.586 0.586 0.68 0.68 0.6215 0.6215 0.6285 0.6285 0.6285 0.6581 0.6581 0.641 0.641 0.6385 0.6385 0.6385 0.594 0.594 0.597 0.597 0.568 0.568 0.568 0.573 0.573 0.5816 0.5816 0.6166 0.6166 0.6166 0.5755
0.5716 0.5716 0.5385 0.5385 0.5231 0.5231 0.5516 0.5516 0.5516 0.5386 0.5386 0.5861 0.5861 0.5735 0.5735 0.5806 0.5806 0.5806 0.5791 0.5791 0.6285 0.6285 0.6425 0.6425 0.6425 0.6531 0.6531 0.5961 0.5961 0.588 0.588 0.588 0.5781 0.5781 0.6165 0.6165 0.6101 0.6101 0.6101 0.596 0.596 0.6156 0.6156 0.6035 0.6035 0.6035 0.586 0.586 0.68 0.68 0.6215 0.6215 0.6285 0.6285 0.6285 0.6581 0.6581 0.641 0.641 0.6385 0.6385 0.6385 0.594 0.594 0.597 0.597 0.568 0.568 0.568 0.573 0.573 0.5816 0.5816 0.6166 0.6166 0.6166 0.5755
0.5426 0.5426 0.5336 0.5336 0.5355 0.5355 0.5626 0.5626 0.5626 0.5695 0.5695 0.5831 0.5831 0.581 0.581 0.5666 0.5666 0.5666 0.6116 0.6116 0.6226 0.6226 0.5881 0.5881 0.5881 0.6516 0.6516 0.587 0.587 0.5721 0.5721 0.5721 0.5801 0.5801 0.5715 0.5715 0.5965 0.5965 0.5965 0.6585 0.6585 0.6381 0.6381 0.6725 0.6725 0.6725 0.6495 0.6495 0.6921 0.6921 0.7025 0.7025 0.7005 0.7005 0.7005 0.6555 0.6555 0.671 0.671 0.6655 0.6655 0.6655 0.6365 0.6365 0.612 0.612 0.589 0.589 0.589 0.6015 0.6015 0.6241 0.6241 0.609 0.609 0.609 0.6145
0.5426 0.5426 0.5336 0.5336 0.5355 0.5355 0.5626 0.5626 0.5626 0.5695 0.5695 0.5831 0.5831 0.581 0.581 0.5666 0.5666 0.5666 0.6116 0.6116 0.6226 0.6226 0.5881 0.5881 0.5881 0.6516 0.6516 0.587 0.587 0.5721 0.5721 0.5721 0.5801 0.5801 0.5715 0.5715 0.5965 0.5965 0.5965 0.6585 0.6585 0.6381 0.6381 0.6725 0.6725 0.6725 0.6495 0.6495 0.6921 0.6921 0.7025 0.7025 0.7005 0.7005 0.7005 0.6555 0.6555 0.671 0.671 0.6655 0.6655 0.6655 0.6365 0.6365 0.612 0.612 0.589 0.589 0.589 0.6015 0.6015 0.6241 0.6241 0.609 0.609 0.609 0.6145
0.549 0.549 0.5806 0.5806 0.588 0.588 0.5726 0.5726 0.5726 0.5875 0.5875 0.633 0.633 0.5756 0.5756 0.5911 0.5911 0.5911 0.5986 0.5986 0.6096 0.6096 0.5941 0.5941 0.5941 0.6116 0.6116 0.6531 0.6531 0.64 0.64 0.64 0.6036 0.6036 0.6421 0.6421 0.622 0.622 0.622 0.7015 0.7015 0.7205 0.7205 0.701 0.701 0.701 0.738 0.738 0.724 0.724 0.7245 0.7245 0.6986 0.6986 0.6986 0.7066 0.7066 0.6615 0.6615 0.6471 0.6471 0.6471 0.6716 0.6716 0.676 0.676 0.622 0.622 0.622 0.6066 0.6066 0.582 0.582 0.5885 0.5885 0.5885 0.62
0.549 0.549 0.5806 0.5806 0.588 0.588 0.5726 0.5726 0.5726 0.5875 0.5875 0.633 0.633 0.5756 0.5756 0.5911 0.5911 0.5911 0.5986 0.5986 0.6096 0.6096 0.5941 0.5941 0.5941 0.6116 0.6116 0.6531 0.6531 0.64 0.64 0.64 0.6036 0.6036 0.6421 0.6421 0.622 0.622 0.622 0.7015 0.7015 0.7205 0.7205 0.701 0.701 0.701 0.738 0.738 0.724 0.724 0.7245 0.7245 0.6986 0.6986 0.6986 0.7066 0.7066 0.6615 0.6615 0.6471 0.6471 0.6471 0.6716 0.6716 0.676 0.676 0.622 0.622 0.622 0.6066 0.6066 0.582 0.582 0.5885 0.5885 0.5885 0.62
0.5325 0.5325 0.5886 0.5886 0.594 0.594 0.65 0.65 0.65 0.527 0.527 0.5635 0.5635 0.6036 0.6036 0.5721 0.5721 0.5721 0.5941 0.5941 0.6841 0.6841 0.6546 0.6546 0.6546 0.6031 0.6031 0.6496 0.6496 0.6571 0.6571 0.6571 0.6486 0.6486 0.6675 0.6675 0.692 0.692 0.692 0.6725 0.6725 0.718 0.718 0.729 0.729 0.729 0.707 0.707 0.708 0.708 0.7325 0.7325 0.7475 0.7475 0.7475 0.6885 0.6885 0.6335 0.6335 0.6396 0.6396 0.6396 0.6836 0.6836 0.64 0.64 0.6835 0.6835 0.6835 0.669 0.669 0.6435 0.6435 0.6455 0.6455 0.6455 0.681
0.5325 0.5325 0.5886 0.5886 0.594 0.594 0.65 0.65 0.65 0.527 0.527 0.5635 0.5635 0.6036 0.6036 0.5721 0.5721 0.5721 0.5941 0.5941 0.6841 0.6841 0.6546 0.6546 0.6546 0.6031 0.6031 0.6496 0.6496 0.6571 0.6571 0.6571 0.6486 0.6486 0.6675 0.6675 0.692 0.692 0.692 0.6725 0.6725 0.718 0.718 0.729 0.729 0.729 0.707 0.707 0.708 0.708 0.7325 0.7325 0.7475 0.7475 0.7475 0.6885 0.6885 0.6335 0.6335 0.6396 0.6396 0.6396 0.6836 0.6836 0.64 0.64 0.6835 0.6835 0.6835 0.669 0.669 0.6435 0.6435 0.6455 0.6455 0.6455 0.681
0.54 0.54 0.5315 0.5315 0.5776 0.5776 0.629 0.629 0.629 0.5961 0.5961 0.5881 0.5881 0.486 0.486 0.6101 0.6101 0.6101 0.5981 0.5981 0.5961 0.5961 0.569 0.569 0.569 0.6441 0.6441 0.6736 0.6736 0.6361 0.6361 0.6361 0.686 0.686 0.6655 0.6655 0.608 0.608 0.608 0.678 0.678 0.6595 0.6595 0.6806 0.6806 0.6806 0.6611 0.6611 0.6856 0.6856 0.6961 0.6961 0.7391 0.7391 0.7391 0.7016 0.7016 0.6565 0.6565 0.631 0.631 0.631 0.6455 0.6455 0.6705 0.6705 0.6965 0.6965 0.6965 0.6395 0.6395 0.6345 0.6345 0.6935 0.6935 0.6935 0.664
0.54 0.54 0.5315 0.5315 0.5776 0.5776 0.629 0.629 0.629 0.5961 0.5961 0.5881 0.5881 0.486 0.486 0.6101 0.6101 0.6101 0.5981 0.5981 0.5961 0.5961 0.569 0.569 0.569 0.6441 0.6441 0.6736 0.6736 0.6361 0.6361 0.6361 0.686 0.686 0.6655 0.6655 0.608 0.608 0.608 0.678 0.678 0.6595 0.6595 0.6806 0.6806 0.6806 0.6611 0.6611 0.6856 0.6856 0.6961 0.6961 0.7391 0.7391 0.7391 0.7016 0.7016 0.6565 0.6565 0.631 0.631 0.631 0.6455 0.6455 0.6705 0.6705 0.6965 0.6965 0.6965 0.6395 0.6395 0.6345 0.6345 0.6935 0.6935 0.6935 0.664
0.54 0.54 0.5315 0.5315 0.5776 0.5776 0.629 0.629 0.629 0.5961 0.5961 0.5881 0.5881 0.486 0.486 0.6101 0.6101 0.6101 0.5981 0.5981 0.5961 0.5961 0.569 0.569 0.569 0.6441 0.6441 0.6736 0.6736 0.6361 0.6361 0.6361 0.686 0.686 0.6655 0.6655 0.608 0.608 0.608 0.678 0.678 0.6595 0.6595 0.6806 0.6806 0.6806 0.6611 0.6611 0.6856 0.6856 0.6961 0.6961 0.7391 0.7391 0.7391 0.7016 0.7016 0.6565 0.6565 0.631 0.631 0.631 0.6455 0.6455 0.6705 0.6705 0.6965 0.6965 0.6965 0.6395 0.6395 0.6345 0.6345 0.6935 0.6935 0.6935 0.664
0.5041 0.5041 0.618 0.618 0.5561 0.5561 0.5845 0.5845 0.5845 0.586 0.586 0.6555 0.6555 0.6031 0.6031 0.6541 0.6541 0.6541 0.6471 0.6471 0.6331 0.6331 0.6015 0.6015 0.6015 0.6175 0.6175 0.6576 0.6576 0.6921 0.6921 0.6921 0.6826 0.6826 0.7116 0.7116 0.6720001 0.6720001 0.6720001 0.679 0.679 0.6895 0.6895 0.6645 0.6645 0.6645 0.743 0.743 0.6986 0.6986 0.6981 0.6981 0.7315 0.7315 0.7315 0.717 0.717 0.6766 0.6766 0.6636 0.6636 0.6636 0.6626 0.6626 0.6561 0.6561 0.6605 0.6605 0.6605 0.663 0.663 0.679 0.679 0.6666 0.6666 0.6666 0.675
0.5041 0.5041 0.618 0.618 0.5561 0.5561 0.5845 0.5845 0.5845 0.586 0.586 0.6555 0.6555 0.6031 0.6031 0.6541 0.6541 0.6541 0.6471 0.6471 0.6331 0.6331 0.6015 0.6015 0.6015 0.6175 0.6175 0.6576 0.6576 0.6921 0.6921 0.6921 0.6826 0.6826 0.7116 0.7116 0.6720001 0.6720001 0.6720001 0.679 0.679 0.6895 0.6895 0.6645 0.6645 0.6645 0.743 0.743 0.6986 0.6986 0.6981 0.6981 0.7315 0.7315 0.7315 0.717 0.717 0.6766 0.6766 0.6636 0.6636 0.6636 0.6626 0.6626 0.6561 0.6561 0.6605 0.6605 0.6605 0.663 0.663 0.679 0.679 0.6666 0.6666 0.6666 0.675
0.538 0.538 0.5366 0.5366 0.5811 0.5811 0.6056 0.6056 0.6056 0.61 0.61 0.7225 0.7225 0.6555 0.6555 0.5886 0.5886 0.5886 0.6265 0.6265 0.6675 0.6675 0.6526 0.6526 0.6526 0.6631 0.6631 0.6415 0.6415 0.7135 0.7135 0.7135 0.7515 0.7515 0.72 0.72 0.719 0.719 0.719 0.659 0.659 0.7005 0.7005 0.6615 0.6615 0.6615 0.705 0.705 0.7085 0.7085 0.718 0.718 0.723 0.723 0.723 0.7221 0.7221 0.7256 0.7256 0.711 0.711 0.711 0.7265 0.7265 0.688 0.688 0.7291 0.7291 0.7291 0.669 0.669 0.723 0.723 0.7155 0.7155 0.7155 0.745
0.538 0.538 0.5366 0.5366 0.5811 0.5811 0.6056 0.6056 0.6056 0.61 0.61 0.7225 0.7225 0.6555 0.6555 0.5886 0.5886 0.5886 0.6265 0.6265 0.6675 0.6675 0.6526 0.6526 0.6526 0.6631 0.6631 0.6415 0.6415 0.7135 0.7135 0.7135 0.7515 0.7515 0.72 0.72 0.719 0.719 0.719 0.659 0.659 0.7005 0.7005 0.6615 0.6615 0.6615 0.705 0.705 0.7085 0.7085 0.718 0.718 0.723 0.723 0.723 0.7221 0.7221 0.7256 0.7256 0.711 0.711 0.711 0.7265 0.7265 0.688 0.688 0.7291 0.7291 0.7291 0.669 0.669 0.723 0.723 0.7155 0.7155 0.7155 0.745
0.5700001 0.5700001 0.5091 0.5091 0.5816 0.5816 0.6135 0.6135 0.6135 0.6555001 0.6555001 0.6555 0.6555 0.663 0.663 0.6436 0.6436 0.6436 0.6925 0.6925 0.72 0.72 0.7121 0.7121 0.7121 0.6831 0.6831 0.6015 0.6015 0.7131 0.7131 0.7131 0.762 0.762 0.7215 0.7215 0.765 0.765 0.765 0.7241 0.7241 0.734 0.734 0.7065 0.7065 0.7065 0.6485 0.6485 0.748 0.748 0.763 0.763 0.7825 0.7825 0.7825 0.758 0.758 0.781 0.781 0.7436 0.7436 0.7436 0.7756 0.7756 0.7366 0.7366 0.7556 0.7556 0.7556 0.7345001 0.7345001 0.7001 0.7001 0.7165 0.7165 0.7165 0.7665
0.5700001 0.5700001 0.5091 0.5091 0.5816 0.5816 0.6135 0.6135 0.6135 0.6555001 0.6555001 0.6555 0.6555 0.663 0.663 0.6436 0.6436 0.6436 0.6925 0.6925 0.72 0.72 0.7121 0.7121 0.7121 0.6831 0.6831 0.6015 0.6015 0.7131 0.7131 0.7131 0.762 0.762 0.7215 0.7215 0.765 0.765 0.765 0.7241 0.7241 0.734 0.734 0.7065 0.7065 0.7065 0.6485 0.6485 0.748 0.748 0.763 0.763 0.7825 0.7825 0.7825 0.758 0.758 0.781 0.781 0.7436 0.7436 0.7436 0.7756 0.7756 0.7366 0.7366 0.7556 0.7556 0.7556 0.7345001 0.7345001 0.7001 0.7001 0.7165 0.7165 0.7165 0.7665
0.5700001 0.5700001 0.5091 0.5091 0.5816 0.5816 0.6135 0.6135 0.6135 0.6555001 0.6555001 0.6555 0.6555 0.663 0.663 0.6436 0.6436 0.6436 0.6925 0.6925 0.72 0.72 0.7121 0.7121 0.7121 0.6831 0.6831 0.6015 0.6015 0.7131 0.7131 0.7131 0.762 0.762 0.7215 0.7215 0.765 0.765 0.765 0.7241 0.7241 0.734 0.734 0.7065 0.7065 0.7065 0.6485 0.6485 0.748 0.748 0.763 0.763 0.7825 0.7825 0.7825 0.758 0.758 0.781 0.781 0.7436 0.7436 0.7436 0.7756 0.7756 0.7366 0.7366 0.7556 0.7556 0.7556 0.7345001 0.7345001 0.7001 0.7001 0.7165 0.7165 0.7165 0.7665
