ndvi/NOAA-142.asc
ncols         252
nrows         154
xllcorner     -18.017974
yllcorner     13.481982
cellsize      0.035948
NODATA_value  -9999
[rows 102 to 135 of 154, columns 156 to 233 of 252]
0.3055 0.304 0.304 0.304 0.2305 0.2305 0.2415 0.2415 0.257 0.257 0.2825 0.2825 0.2825 0.274 0.274 0.2895 0.2895 0.3005 0.3005 0.3005 0.3085 0.3085 0.3175 0.3175 0.2915 0.2915 0.2915 0.2845 0.2845 0.2965 0.2965 0.3125 0.3125 0.3125 0.3205 0.3205 0.312 0.312 0.2935 0.2935 0.2935 0.3235 0.3235 0.316 0.316 0.32 0.32 0.307 0.307 0.307 0.3165 0.3165 0.2645 0.2645 0.288 0.288 0.288 0.255 0.255 0.294 0.294 0.3195 0.3195 0.3195 0.325 0.325 0.33 0.33 0.34 0.34 0.34 0.336 0.336 0.317 0.317 0.292 0.292 0.292
0.3025 0.309 0.309 0.309 0.27 0.27 0.288 0.288 0.28 0.28 0.2895 0.2895 0.2895 0.2885 0.2885 0.287 0.287 0.316 0.316 0.316 0.305 0.305 0.2995 0.2995 0.295 0.295 0.295 0.305 0.305 0.2975 0.2975 0.308 0.308 0.308 0.305 0.305 0.307 0.307 0.3045 0.3045 0.3045 0.3055 0.3055 0.324 0.324 0.3325 0.3325 0.3405 0.3405 0.3405 0.295 0.295 0.255 0.255 0.3175 0.3175 0.3175 0.308 0.308 0.298 0.298 0.331 0.331 0.331 0.375 0.375 0.3575 0.3575 0.3125 0.3125 0.3125 0.343 0.343 0.351 0.351 0.334 0.334 0.334
0.3025 0.309 0.309 0.309 0.27 0.27 0.288 0.288 0.28 0.28 0.2895 0.2895 0.2895 0.2885 0.2885 0.287 0.287 0.316 0.316 0.316 0.305 0.305 0.2995 0.2995 0.295 0.295 0.295 0.305 0.305 0.2975 0.2975 0.308 0.308 0.308 0.305 0.305 0.307 0.307 0.3045 0.3045 0.3045 0.3055 0.3055 0.324 0.324 0.3325 0.3325 0.3405 0.3405 0.3405 0.295 0.295 0.255 0.255 0.3175 0.3175 0.3175 0.308 0.308 0.298 0.298 0.331 0.331 0.331 0.375 0.375 0.3575 0.3575 0.3125 0.3125 0.3125 0.343 0.343 0.351 0.351 0.334 0.334 0.334
0.3025 0.309 0.309 0.309 0.27 0.27 0.288 0.288 0.28 0.28 0.2895 0.2895 0.2895 0.2885 0.2885 0.287 0.287 0.316 0.316 0.316 0.305 0.305 0.2995 0.2995 0.295 0.295 0.295 0.305 0.305 0.2975 0.2975 0.308 0.308 0.308 0.305 0.305 0.307 0.307 0.3045 0.3045 0.3045 0.3055 0.3055 0.324 0.324 0.3325 0.3325 0.3405 0.3405 0.3405 0.295 0.295 0.255 0.255 0.3175 0.3175 0.3175 0.308 0.308 0.298 0.298 0.331 0.331 0.331 0.375 0.375 0.3575 0.3575 0.3125 0.3125 0.3125 0.343 0.343 0.351 0.351 0.334 0.334 0.334
0.2955 0.2845 0.2845 0.2845 0.2935 0.2935 0.281 0.281 0.2925 0.2925 0.309 0.309 0.309 0.305 0.305 0.3005 0.3005 0.3135 0.3135 0.3135 0.295 0.295 0.307 0.307 0.2935 0.2935 0.2935 0.3445 0.3445 0.378 0.378 0.3845 0.3845 0.3845 0.3325 0.3325 0.3345 0.3345 0.3365 0.3365 0.3365 0.3785 0.3785 0.3765 0.3765 0.359 0.359 0.337 0.337 0.337 0.3345 0.3345 0.4075 0.4075 0.4105 0.4105 0.4105 0.3105 0.3105 0.3155 0.3155 0.313 0.313 0.313 0.3535 0.3535 0.3635 0.3635 0.306 0.306 0.306 0.3695 0.3695 0.3865 0.3865 0.391 0.391 0.391
0.2955 0.2845 0.2845 0.2845 0.2935 0.2935 0.281 0.281 0.2925 0.2925 0.309 0.309 0.309 0.305 0.305 0.3005 0.3005 0.3135 0.3135 0.3135 0.295 0.295 0.307 0.307 0.2935 0.2935 0.2935 0.3445 0.3445 0.378 0.378 0.3845 0.3845 0.3845 0.3325 0.3325 0.3345 0.3345 0.3365 0.3365 0.3365 0.3785 0.3785 0.3765 0.3765 0.359 0.359 0.337 0.337 0.337 0.3345 0.3345 0.4075 0.4075 0.4105 0.4105 0.4105 0.3105 0.3105 0.3155 0.3155 0.313 0.313 0.313 0.3535 0.3535 0.3635 0.3635 0.306 0.306 0.306 0.3695 0.3695 0.3865 0.3865 0.391 0.391 0.391
0.343 0.3225 0.3225 0.3225 0.305 0.305 0.3165 0.3165 0.3205 0.3205 0.325 0.325 0.325 0.301 0.301 0.302 0.302 0.285 0.285 0.285 0.296 0.296 0.3415 0.3415 0.3605 0.3605 0.3605 0.363 0.363 0.367 0.367 0.3845 0.3845 0.3845 0.359 0.359 0.3635 0.3635 0.3625 0.3625 0.3625 0.368 0.368 0.35 0.35 0.3835 0.3835 0.3465 0.3465 0.3465 0.4365 0.4365 0.3705 0.3705 0.3865 0.3865 0.3865 0.397 0.397 0.3785 0.3785 0.325 0.325 0.325 0.3495 0.3495 0.381 0.381 0.3535 0.3535 0.3535 0.333 0.333 0.3885 0.3885 0.3565 0.3565 0.3565
0.343 0.3225 0.3225 0.3225 0.305 0.305 0.3165 0.3165 0.3205 0.3205 0.325 0.325 0.325 0.301 0.301 0.302 0.302 0.285 0.285 0.285 0.296 0.296 0.3415 0.3415 0.3605 0.3605 0.3605 0.363 0.363 0.367 0.367 0.3845 0.3845 0.3845 0.359 0.359 0.3635 0.3635 0.3625 0.3625 0.3625 0.368 0.368 0.35 0.35 0.3835 0.3835 0.3465 0.3465 0.3465 0.4365 0.4365 0.3705 0.3705 0.3865 0.3865 0.3865 0.397 0.397 0.3785 0.3785 0.325 0.325 0.325 0.3495 0.3495 0.381 0.381 0.3535 0.3535 0.3535 0.333 0.333 0.3885 0.3885 0.3565 0.3565 0.3565
0.359 0.3365 0.3365 0.3365 0.325 0.325 0.2955 0.2955 0.312 0.312 0.3145 0.3145 0.3145 0.327 0.327 0.3135 0.3135 0.345 0.345 0.345 0.323 0.323 0.3385 0.3385 0.359 0.359 0.359 0.381 0.381 0.388 0.388 0.3675 0.3675 0.3675 0.358 0.358 0.349 0.349 0.376 0.376 0.376 0.337 0.337 0.361 0.361 0.383 0.383 0.3475 0.3475 0.3475 0.4205 0.4205 0.4575 0.4575 0.4405 0.4405 0.4405 0.445 0.445 0.382 0.382 0.3495 0.3495 0.3495 0.378 0.378 0.3765 0.3765 0.36 0.36 0.36 0.364 0.364 0.403 0.403 0.4285 0.4285 0.4285
0.359 0.3365 0.3365 0.3365 0.325 0.325 0.2955 0.2955 0.312 0.312 0.3145 0.3145 0.3145 0.327 0.327 0.3135 0.3135 0.345 0.345 0.345 0.323 0.323 0.3385 0.3385 0.359 0.359 0.359 0.381 0.381 0.388 0.388 0.3675 0.3675 0.3675 0.358 0.358 0.349 0.349 0.376 0.376 0.376 0.337 0.337 0.361 0.361 0.383 0.383 0.3475 0.3475 0.3475 0.4205 0.4205 0.4575 0.4575 0.4405 0.4405 0.4405 0.445 0.445 0.382 0.382 0.3495 0.3495 0.3495 0.378 0.378 0.3765 0.3765 0.36 0.36 0.36 0.364 0.364 0.403 0.403 0.4285 0.4285 0.4285
0.359 0.3365 0.3365 0.3365 0.325 0.325 0.2955 0.2955 0.312 0.312 0.3145 0.3145 0.3145 0.327 0.327 0.3135 0.3135 0.345 0.345 0.345 0.323 0.323 0.3385 0.3385 0.359 0.359 0.359 0.381 0.381 0.388 0.388 0.3675 0.3675 0.3675 0.358 0.358 0.349 0.349 0.376 0.376 0.376 0.337 0.337 0.361 0.361 0.383 0.383 0.3475 0.3475 0.3475 0.4205 0.4205 0.4575 0.4575 0.4405 0.4405 0.4405 0.445 0.445 0.382 0.382 0.3495 0.3495 0.3495 0.378 0.378 0.3765 0.3765 0.36 0.36 0.36 0.364 0.364 0.403 0.403 0.4285 0.4285 0.4285
0.367 0.3275 0.3275 0.3275 0.3565 0.3565 0.307 0.307 0.3235 0.3235 0.326 0.326 0.326 0.3655 0.3655 0.3445 0.3445 0.328 0.328 0.328 0.3505 0.3505 0.357 0.357 0.3665 0.3665 0.3665 0.384 0.384 0.38 0.38 0.402 0.402 0.402 0.444 0.444 0.483 0.483 0.3555 0.3555 0.3555 0.364 0.364 0.344 0.344 0.3765 0.3765 0.3895 0.3895 0.3895 0.465 0.465 0.4845 0.4845 0.4595 0.4595 0.4595 0.4595 0.4595 0.408 0.408 0.3665 0.3665 0.3665 0.382 0.382 0.384 0.384 0.385 0.385 0.385 0.368 0.368 0.4135 0.4135 0.418 0.418 0.418
0.367 0.3275 0.3275 0.3275 0.3565 0.3565 0.307 0.307 0.3235 0.3235 0.326 0.326 0.326 0.3655 0.3655 0.3445 0.3445 0.328 0.328 0.328 0.3505 0.3505 0.357 0.357 0.3665 0.3665 0.3665 0.384 0.384 0.38 0.38 0.402 0.402 0.402 0.444 0.444 0.483 0.483 0.3555 0.3555 0.3555 0.364 0.364 0.344 0.344 0.3765 0.3765 0.3895 0.3895 0.3895 0.465 0.465 0.4845 0.4845 0.4595 0.4595 0.4595 0.4595 0.4595 0.408 0.408 0.3665 0.3665 0.3665 0.382 0.382 0.384 0.384 0.385 0.385 0.385 0.368 0.368 0.4135 0.4135 0.418 0.418 0.418
0.3545 0.3395 0.3395 0.3395 0.3505 0.3505 0.371 0.371 0.3105 0.3105 0.3125 0.3125 0.3125 0.358 0.358 0.358 0.358 0.349 0.349 0.349 0.3425 0.3425 0.348 0.348 0.3535 0.3535 0.3535 0.361 0.361 0.3805 0.3805 0.3805 0.3805 0.3805 0.3685 0.3685 0.421 0.421 0.3435 0.3435 0.3435 0.383 0.383 0.3655 0.3655 0.457 0.457 0.4565 0.4565 0.4565 0.4405 0.4405 0.4755 0.4755 0.4875 0.4875 0.4875 0.4745 0.4745 0.3925 0.3925 0.388 0.388 0.388 0.39 0.39 0.39 0.39 0.374 0.374 0.374 0.372 0.372 0.4235 0.4235 0.4315 0.4315 0.4315
0.3545 0.3395 0.3395 0.3395 0.3505 0.3505 0.371 0.371 0.3105 0.3105 0.3125 0.3125 0.3125 0.358 0.358 0.358 0.358 0.349 0.349 0.349 0.3425 0.3425 0.348 0.348 0.3535 0.3535 0.3535 0.361 0.361 0.3805 0.3805 0.3805 0.3805 0.3805 0.3685 0.3685 0.421 0.421 0.3435 0.3435 0.3435 0.383 0.383 0.3655 0.3655 0.457 0.457 0.4565 0.4565 0.4565 0.4405 0.4405 0.4755 0.4755 0.4875 0.4875 0.4875 0.4745 0.4745 0.3925 0.3925 0.388 0.388 0.388 0.39 0.39 0.39 0.39 0.374 0.374 0.374 0.372 0.372 0.4235 0.4235 0.4315 0.4315 0.4315
0.333 0.3655 0.3655 0.3655 0.31 0.31 0.317 0.317 0.346 0.346 0.3615 0.3615 0.3615 0.3655 0.3655 0.367 0.367 0.363 0.363 0.363 0.358 0.358 0.3225 0.3225 0.3385 0.3385 0.3385 0.3565 0.3565 0.404 0.404 0.377 0.377 0.377 0.3205 0.3205 0.3465 0.3465 0.3945 0.3945 0.3945 0.433 0.433 0.4035 0.4035 0.4385 0.4385 0.4865 0.4865 0.4865 0.502 0.502 0.4595 0.4595 0.4565 0.4565 0.4565 0.437 0.437 0.442 0.442 0.4475 0.4475 0.4475 0.456 0.456 0.4145 0.4145 0.4505 0.4505 0.4505 0.4475 0.4475 0.422 0.422 0.4305 0.4305 0.4305
0.333 0.3655 0.3655 0.3655 0.31 0.31 0.317 0.317 0.346 0.346 0.3615 0.3615 0.3615 0.3655 0.3655 0.367 0.367 0.363 0.363 0.363 0.358 0.358 0.3225 0.3225 0.3385 0.3385 0.3385 0.3565 0.3565 0.404 0.404 0.377 0.377 0.377 0.3205 0.3205 0.3465 0.3465 0.3945 0.3945 0.3945 0.433 0.433 0.4035 0.4035 0.4385 0.4385 0.4865 0.4865 0.4865 0.502 0.502 0.4595 0.4595 0.4565 0.4565 0.4565 0.437 0.437 0.442 0.442 0.4475 0.4475 0.4475 0.456 0.456 0.4145 0.4145 0.4505 0.4505 0.4505 0.4475 0.4475 0.422 0.422 0.4305 0.4305 0.4305
0.333 0.3655 0.3655 0.3655 0.31 0.31 0.317 0.317 0.346 0.346 0.3615 0.3615 0.3615 0.3655 0.3655 0.367 0.367 0.363 0.363 0.363 0.358 0.358 0.3225 0.3225 0.3385 0.3385 0.3385 0.3565 0.3565 0.404 0.404 0.377 0.377 0.377 0.3205 0.3205 0.3465 0.3465 0.3945 0.3945 0.3945 0.433 0.433 0.4035 0.4035 0.4385 0.4385 0.4865 0.4865 0.4865 0.502 0.502 0.4595 0.4595 0.4565 0.4565 0.4565 0.437 0.437 0.442 0.442 0.4475 0.4475 0.4475 0.456 0.456 0.4145 0.4145 0.4505 0.4505 0.4505 0.4475 0.4475 0.422 0.422 0.4305 0.4305 0.4305
0.386 0.3965 0.3965 0.3965 0.321 0.321 0.3185 0.3185 0.344 0.344 0.3665 0.3665 0.3665 0.3955 0.3955 0.4035 0.4035 0.37 0.37 0.37 0.4 0.4 0.414 0.414 0.416 0.416 0.416 0.3725 0.3725 0.3945 0.3945 0.3685 0.3685 0.3685 0.386 0.386 0.4015 0.4015 0.436 0.436 0.436 0.44 0.44 0.4145 0.4145 0.4835 0.4835 0.487 0.487 0.487 0.5065 0.5065 0.4995 0.4995 0.456 0.456 0.456 0.461 0.461 0.4475 0.4475 0.489 0.489 0.489 0.435 0.435 0.4115 0.4115 0.4595 0.4595 0.4595 0.46 0.46 0.435 0.435 0.395 0.395 0.395
0.386 0.3965 0.3965 0.3965 0.321 0.321 0.3185 0.3185 0.344 0.344 0.3665 0.3665 0.3665 0.3955 0.3955 0.4035 0.4035 0.37 0.37 0.37 0.4 0.4 0.414 0.414 0.416 0.416 0.416 0.3725 0.3725 0.3945 0.3945 0.3685 0.3685 0.3685 0.386 0.386 0.4015 0.4015 0.436 0.436 0.436 0.44 0.44 0.4145 0.4145 0.4835 0.4835 0.487 0.487 0.487 0.5065 0.5065 0.4995 0.4995 0.456 0.456 0.456 0.461 0.461 0.4475 0.4475 0.489 0.489 0.489 0.435 0.435 0.4115 0.4115 0.4595 0.4595 0.4595 0.46 0.46 0.435 0.435 0.395 0.395 0.395
0.36 0.371 0.371 0.371 0.3425 0.3425 0.354 0.354 0.346 0.346 0.377 0.377 0.377 0.459 0.459 0.452 0.452 0.4045 0.4045 0.4045 0.429 0.429 0.424 0.424 0.3865 0.3865 0.3865 0.389 0.389 0.373 0.373 0.4045 0.4045 0.4045 0.384 0.384 0.4125 0.4125 0.4225 0.4225 0.4225 0.468 0.468 0.4775 0.4775 0.5931 0.5931 0.507 0.507 0.507 0.5235 0.5235 0.473 0.473 0.499 0.499 0.499 0.4585 0.4585 0.4285 0.4285 0.466 0.466 0.466 0.443 0.443 0.4495 0.4495 0.464 0.464 0.464 0.461 0.461 0.4515 0.4515 0.4415 0.4415 0.4415
0.36 0.371 0.371 0.371 0.3425 0.3425 0.354 0.354 0.346 0.346 0.377 0.377 0.377 0.459 0.459 0.452 0.452 0.4045 0.4045 0.4045 0.429 0.429 0.424 0.424 0.3865 0.3865 0.3865 0.389 0.389 0.373 0.373 0.4045 0.4045 0.4045 0.384 0.384 0.4125 0.4125 0.4225 0.4225 0.4225 0.468 0.468 0.4775 0.4775 0.5931 0.5931 0.507 0.507 0.507 0.5235 0.5235 0.473 0.473 0.499 0.499 0.499 0.4585 0.4585 0.4285 0.4285 0.466 0.466 0.466 0.443 0.443 0.4495 0.4495 0.464 0.464 0.464 0.461 0.461 0.4515 0.4515 0.4415 0.4415 0.4415
0.3755 0.3645 0.3645 0.3645 0.331 0.331 0.396 0.396 0.4245 0.4245 0.377 0.377 0.377 0.3945 0.3945 0.4065 0.4065 0.3775 0.3775 0.3775 0.4135 0.4135 0.4135 0.4135 0.356 0.356 0.356 0.3445 0.3445 0.3895 0.3895 0.3675 0.3675 0.3675 0.3755 0.3755 0.411 0.411 0.5126 0.5126 0.5126 0.518 0.518 0.515 0.515 0.5475 0.5475 0.547 0.547 0.547 0.5385 0.5385 0.4905 0.4905 0.4325 0.4325 0.4325 0.449 0.449 0.4575 0.4575 0.427 0.427 0.427 0.441 0.441 0.468 0.468 0.4565 0.4565 0.4565 0.3965 0.3965 0.371 0.371 0.4 0.4 0.4
0.3755 0.3645 0.3645 0.3645 0.331 0.331 0.396 0.396 0.4245 0.4245 0.377 0.377 0.377 0.3945 0.3945 0.4065 0.4065 0.3775 0.3775 0.3775 0.4135 0.4135 0.4135 0.4135 0.356 0.356 0.356 0.3445 0.3445 0.3895 0.3895 0.3675 0.3675 0.3675 0.3755 0.3755 0.411 0.411 0.5126 0.5126 0.5126 0.518 0.518 0.515 0.515 0.5475 0.5475 0.547 0.547 0.547 0.5385 0.5385 0.4905 0.4905 0.4325 0.4325 0.4325 0.449 0.449 0.4575 0.4575 0.427 0.427 0.427 0.441 0.441 0.468 0.468 0.4565 0.4565 0.4565 0.3965 0.3965 0.371 0.371 0.4 0.4 0.4
0.385 0.353 0.353 0.353 0.3285 0.3285 0.384 0.384 0.428 0.428 0.421 0.421 0.421 0.395 0.395 0.407 0.407 0.4205 0.4205 0.4205 0.4621 0.4621 0.4335 0.4335 0.423 0.423 0.423 0.4315 0.4315 0.3735 0.3735 0.4165 0.4165 0.4165 0.472 0.472 0.431 0.431 0.3755 0.3755 0.3755 0.47 0.47 0.574 0.574 0.523 0.523 0.5842 0.5842 0.5842 0.5716 0.5716 0.497 0.497 0.484 0.484 0.484 0.41 0.41 0.4965 0.4965 0.433 0.433 0.433 0.3935 0.3935 0.4325 0.4325 0.4025 0.4025 0.4025 0.4095 0.4095 0.4225 0.4225 0.403 0.403 0.403
0.385 0.353 0.353 0.353 0.3285 0.3285 0.384 0.384 0.428 0.428 0.421 0.421 0.421 0.395 0.395 0.407 0.407 0.4205 0.4205 0.4205 0.4621 0.4621 0.4335 0.4335 0.423 0.423 0.423 0.4315 0.4315 0.3735 0.3735 0.4165 0.4165 0.4165 0.472 0.472 0.431 0.431 0.3755 0.3755 0.3755 0.47 0.47 0.574 0.574 0.523 0.523 0.5842 0.5842 0.5842 0.5716 0.5716 0.497 0.497 0.484 0.484 0.484 0.41 0.41 0.4965 0.4965 0.433 0.433 0.433 0.3935 0.3935 0.4325 0.4325 0.4025 0.4025 0.4025 0.4095 0.4095 0.4225 0.4225 0.403 0.403 0.403
0.385 0.353 0.353 0.353 0.3285 0.3285 0.384 0.384 0.428 0.428 0.421 0.421 0.421 0.395 0.395 0.407 0.407 0.4205 0.4205 0.4205 0.4621 0.4621 0.4335 0.4335 0.423 0.423 0.423 0.4315 0.4315 0.3735 0.3735 0.4165 0.4165 0.4165 0.472 0.472 0.431 0.431 0.3755 0.3755 0.3755 0.47 0.47 0.574 0.574 0.523 0.523 0.5842 0.5842 0.5842 0.5716 0.5716 0.497 0.497 0.484 0.484 0.484 0.41 0.41 0.4965 0.4965 0.433 0.433 0.433 0.3935 0.3935 0.4325 0.4325 0.4025 0.4025 0.4025 0.4095 0.4095 0.4225 0.4225 0.403 0.403 0.403
0.4415 0.399 0.399 0.399 0.3975 0.3975 0.396 0.396 0.4501 0.4501 0.3965 0.3965 0.3965 0.39 0.39 0.4245 0.4245 0.441 0.441 0.441 0.4085 0.4085 0.398 0.398 0.438 0.438 0.438 0.4435 0.4435 0.417 0.417 0.4465 0.4465 0.4465 0.3865 0.3865 0.396 0.396 0.4971 0.4971 0.4971 0.5322 0.5322 0.5566 0.5566 0.5667 0.5667 0.485 0.485 0.485 0.504 0.504 0.4795 0.4795 0.471 0.471 0.471 0.5306 0.5306 0.5215 0.5215 0.5157 0.5157 0.5157 0.4435 0.4435 0.4315 0.4315 0.383 0.383 0.383 0.4165 0.4165 0.4225 0.4225 0.393 0.393 0.393
0.4415 0.399 0.399 0.399 0.3975 0.3975 0.396 0.396 0.4501 0.4501 0.3965 0.3965 0.3965 0.39 0.39 0.4245 0.4245 0.441 0.441 0.441 0.4085 0.4085 0.398 0.398 0.438 0.438 0.438 0.4435 0.4435 0.417 0.417 0.4465 0.4465 0.4465 0.3865 0.3865 0.396 0.396 0.4971 0.4971 0.4971 0.5322 0.5322 0.5566 0.5566 0.5667 0.5667 0.485 0.485 0.485 0.504 0.504 0.4795 0.4795 0.471 0.471 0.471 0.5306 0.5306 0.5215 0.5215 0.5157 0.5157 0.5157 0.4435 0.4435 0.4315 0.4315 0.383 0.383 0.383 0.4165 0.4165 0.4225 0.4225 0.393 0.393 0.393
0.4245 0.442 0.442 0.442 0.4135 0.4135 0.4165 0.4165 0.4325 0.4325 0.4745 0.4745 0.4745 0.4415 0.4415 0.432 0.432 0.4135 0.4135 0.4135 0.3825 0.3825 0.4685 0.4685 0.458 0.458 0.458 0.5556 0.5556 0.516 0.516 0.4285 0.4285 0.4285 0.4285 0.4285 0.4035 0.4035 0.474 0.474 0.474 0.5 0.5 0.478 0.478 0.4795 0.4795 0.5566 0.5566 0.5566 0.5415 0.5415 0.5411 0.5411 0.5 0.5 0.5 0.5536 0.5536 0.455 0.455 0.4825 0.4825 0.4825 0.4915 0.4915 0.4235 0.4235 0.487 0.487 0.487 0.444 0.444 0.4235 0.4235 0.4055 0.4055 0.4055
0.4245 0.442 0.442 0.442 0.4135 0.4135 0.4165 0.4165 0.4325 0.4325 0.4745 0.4745 0.4745 0.4415 0.4415 0.432 0.432 0.4135 0.4135 0.4135 0.3825 0.3825 0.4685 0.4685 0.458 0.458 0.458 0.5556 0.5556 0.516 0.516 0.4285 0.4285 0.4285 0.4285 0.4285 0.4035 0.4035 0.474 0.474 0.474 0.5 0.5 0.478 0.478 0.4795 0.4795 0.5566 0.5566 0.5566 0.5415 0.5415 0.5411 0.5411 0.5 0.5 0.5 0.5536 0.5536 0.455 0.455 0.4825 0.4825 0.4825 0.4915 0.4915 0.4235 0.4235 0.487 0.487 0.487 0.444 0.444 0.4235 0.4235 0.4055 0.4055 0.4055
0.4255 0.4335 0.4335 0.4335 0.3985 0.3985 0.4185 0.4185 0.451 0.451 0.5282 0.5282 0.5282 0.4966 0.4966 0.404 0.404 0.416 0.416 0.416 0.445 0.445 0.4705 0.4705 0.516 0.516 0.516 0.484 0.484 0.435 0.435 0.4525 0.4525 0.4525 0.4825 0.4825 0.4871 0.4871 0.4836 0.4836 0.4836 0.457 0.457 0.5597 0.5597 0.5145 0.5145 0.5125 0.5125 0.5125 0.522 0.522 0.5486 0.5486 0.5816 0.5816 0.5816 0.6092 0.6092 0.5301 0.5301 0.4961 0.4961 0.4961 0.4735 0.4735 0.4925 0.4925 0.4455 0.4455 0.4455 0.4325 0.4325 0.506 0.506 0.4545 0.4545 0.4545
0.4255 0.4335 0.4335 0.4335 0.3985 0.3985 0.4185 0.4185 0.451 0.451 0.5282 0.5282 0.5282 0.4966 0.4966 0.404 0.404 0.416 0.416 0.416 0.445 0.445 0.4705 0.4705 0.516 0.516 0.516 0.484 0.484 0.435 0.435 0.4525 0.4525 0.4525 0.4825 0.4825 0.4871 0.4871 0.4836 0.4836 0.4836 0.457 0.457 0.5597 0.5597 0.5145 0.5145 0.5125 0.5125 0.5125 0.522 0.522 0.5486 0.5486 0.5816 0.5816 0.5816 0.6092 0.6092 0.5301 0.5301 0.4961 0.4961 0.4961 0.4735 0.4735 0.4925 0.4925 0.4455 0.4455 0.4455 0.4325 0.4325 0.506 0.506 0.4545 0.4545 0.4545
0.4255 0.4335 0.4335 0.4335 0.3985 0.3985 0.4185 0.4185 0.451 0.451 0.5282 0.5282 0.5282 0.4966 0.4966 0.404 0.404 0.416 0.416 0.416 0.445 0.445 0.4705 0.4705 0.516 0.516 0.516 0.484 0.484 0.435 0.435 0.4525 0.4525 0.4525 0.4825 0.4825 0.4871 0.4871 0.4836 0.4836 0.4836 0.457 0.457 0.5597 0.5597 0.5145 0.5145 0.5125 0.5125 0.5125 0.522 0.522 0.5486 0.5486 0.5816 0.5816 0.5816 0.6092 0.6092 0.5301 0.5301 0.4961 0.4961 0.4961 0.4735 0.4735 0.4925 0.4925 0.4455 0.4455 0.4455 0.4325 0.4325 0.506 0.506 0.4545 0.4545 0.4545
