ndvi/NOAA-366.asc
ncols         252
nrows         154
xllcorner     -18.017974
yllcorner     13.481982
cellsize      0.035948
NODATA_value  -9999
[rows 105 to 139 of 154, columns 0 to 76 of 252]
-1 -1 -1 -1 -1 -1 -1 -1 -1 -1 -1 -1 -1 -1 -1 -1 -1 -1 -1 -1 -1 -1 -1 0.037 0.037 0.115 0.115 0.115 0.205 0.205 0.1855 0.1855 0.181 0.181 0.181 0.1965 0.1965 0.216 0.216 0.2215 0.2215 0.2215 0.221 0.221 0.217 0.217 0.2235 0.2235 0.2235 0.2295 0.2295 0.236 0.236 0.241 0.241 0.2385 0.2385 0.2385 0.2365 0.2365 0.242 0.242 0.242 0.242 0.242 0.2295 0.2295 0.246 0.246 0.2605 0.2605 0.2605 0.223 0.223 0.2155 0.2155 0.226
-1 -1 -1 -1 -1 -1 -1 -1 -1 -1 -1 -1 -1 -1 -1 -1 -1 -1 -1 -1 -1 0.0495 0.0495 0.1035 0.1035 0.1825 0.1825 0.1825 0.2015 0.2015 0.198 0.198 0.1905 0.1905 0.1905 0.2375 0.2375 0.2315 0.2315 0.232 0.232 0.232 0.22 0.22 0.2015 0.2015 0.2155 0.2155 0.2155 0.244 0.244 0.242 0.242 0.254 0.254 0.255 0.255 0.255 0.2455 0.2455 0.248 0.248 0.248 0.248 0.248 0.2535 0.2535 0.2705 0.2705 0.2635 0.2635 0.2635 0.2475 0.2475 0.238 0.238 0.223
-1 -1 -1 -1 -1 -1 -1 -1 -1 -1 -1 -1 -1 -1 -1 -1 -1 -1 -1 -1 -1 0.0495 0.0495 0.1035 0.1035 0.1825 0.1825 0.1825 0.2015 0.2015 0.198 0.198 0.1905 0.1905 0.1905 0.2375 0.2375 0.2315 0.2315 0.232 0.232 0.232 0.22 0.22 0.2015 0.2015 0.2155 0.2155 0.2155 0.244 0.244 0.242 0.242 0.254 0.254 0.255 0.255 0.255 0.2455 0.2455 0.248 0.248 0.248 0.248 0.248 0.2535 0.2535 0.2705 0.2705 0.2635 0.2635 0.2635 0.2475 0.2475 0.238 0.238 0.223
-1 -1 -1 -1 -1 -1 -1 -1 -1 -1 -1 -1 -1 -1 -1 -1 -1 -1 -1 -1 -1 0.0755 0.0755 0.191 0.191 0.2295 0.2295 0.2295 0.2055 0.2055 0.2005 0.2005 0.2225 0.2225 0.2225 0.248 0.248 0.2305 0.2305 0.2345 0.2345 0.2345 0.2465 0.2465 0.215 0.215 0.2275 0.2275 0.2275 0.235 0.235 0.2575 0.2575 0.241 0.241 0.237 0.237 0.237 0.26 0.26 0.266 0.266 0.266 0.266 0.266 0.263 0.263 0.269 0.269 0.2645 0.2645 0.2645 0.265 0.265 0.2465 0.2465 0.2235
-1 -1 -1 -1 -1 -1 -1 -1 -1 -1 -1 -1 -1 -1 -1 -1 -1 -1 -1 -1 -1 0.0755 0.0755 0.191 0.191 0.2295 0.2295 0.2295 0.2055 0.2055 0.2005 0.2005 0.2225 0.2225 0.2225 0.248 0.248 0.2305 0.2305 0.2345 0.2345 0.2345 0.2465 0.2465 0.215 0.215 0.2275 0.2275 0.2275 0.235 0.235 0.2575 0.2575 0.241 0.241 0.237 0.237 0.237 0.26 0.26 0.266 0.266 0.266 0.266 0.266 0.263 0.263 0.269 0.269 0.2645 0.2645 0.2645 0.265 0.265 0.2465 0.2465 0.2235
-1 -1 -1 -1 -1 -1 -1 -1 -1 -1 -1 -1 -1 -1 -1 -1 -1 -1 0.042 0.042 0.042 0.231 0.231 0.2205 0.2205 0.222 0.222 0.222 0.215 0.215 0.2235 0.2235 0.224 0.224 0.224 0.2235 0.2235 0.2265 0.2265 0.2485 0.2485 0.2485 0.261 0.261 0.2325 0.2325 0.2305 0.2305 0.2305 0.2415 0.2415 0.2395 0.2395 0.2475 0.2475 0.2285 0.2285 0.2285 0.218 0.218 0.2415 0.2415 0.2415 0.2415 0.2415 0.248 0.248 0.247 0.247 0.261 0.261 0.261 0.2405 0.2405 0.2525 0.2525 0.222
-1 -1 -1 -1 -1 -1 -1 -1 -1 -1 -1 -1 -1 -1 -1 -1 -1 -1 0.042 0.042 0.042 0.231 0.231 0.2205 0.2205 0.222 0.222 0.222 0.215 0.215 0.2235 0.2235 0.224 0.224 0.224 0.2235 0.2235 0.2265 0.2265 0.2485 0.2485 0.2485 0.261 0.261 0.2325 0.2325 0.2305 0.2305 0.2305 0.2415 0.2415 0.2395 0.2395 0.2475 0.2475 0.2285 0.2285 0.2285 0.218 0.218 0.2415 0.2415 0.2415 0.2415 0.2415 0.248 0.248 0.247 0.247 0.261 0.261 0.261 0.2405 0.2405 0.2525 0.2525 0.222
-1 -1 -1 -1 -1 -1 -1 -1 -1 -1 -1 -1 -1 -1 -1 -1 -1 -1 0.042 0.042 0.042 0.231 0.231 0.2205 0.2205 0.222 0.222 0.222 0.215 0.215 0.2235 0.2235 0.224 0.224 0.224 0.2235 0.2235 0.2265 0.2265 0.2485 0.2485 0.2485 0.261 0.261 0.2325 0.2325 0.2305 0.2305 0.2305 0.2415 0.2415 0.2395 0.2395 0.2475 0.2475 0.2285 0.2285 0.2285 0.218 0.218 0.2415 0.2415 0.2415 0.2415 0.2415 0.248 0.248 0.247 0.247 0.261 0.261 0.261 0.2405 0.2405 0.2525 0.2525 0.222
-1 -1 -1 -1 -1 -1 -1 -1 -1 -1 -1 -1 -1 -1 -1 -1 0.136 0.136 0.264 0.264 0.264 0.252 0.252 0.2305 0.2305 0.212 0.212 0.212 0.22 0.22 0.231 0.231 0.224 0.224 0.224 0.2125 0.2125 0.2045 0.2045 0.225 0.225 0.225 0.2415 0.2415 0.2175 0.2175 0.2245 0.2245 0.2245 0.2415 0.2415 0.243 0.243 0.21 0.21 0.208 0.208 0.208 0.226 0.226 0.2125 0.2125 0.2125 0.2125 0.2125 0.2135 0.2135 0.2185 0.2185 0.2325 0.2325 0.2325 0.234 0.234 0.221 0.221 0.2345
-1 -1 -1 -1 -1 -1 -1 -1 -1 -1 -1 -1 -1 -1 -1 -1 0.136 0.136 0.264 0.264 0.264 0.252 0.252 0.2305 0.2305 0.212 0.212 0.212 0.22 0.22 0.231 0.231 0.224 0.224 0.224 0.2125 0.2125 0.2045 0.2045 0.225 0.225 0.225 0.2415 0.2415 0.2175 0.2175 0.2245 0.2245 0.2245 0.2415 0.2415 0.243 0.243 0.21 0.21 0.208 0.208 0.208 0.226 0.226 0.2125 0.2125 0.2125 0.2125 0.2125 0.2135 0.2135 0.2185 0.2185 0.2325 0.2325 0.2325 0.234 0.234 0.221 0.221 0.2345
-1 -1 -1 -1 -1 -1 -1 -1 -1 -1 -1 -1 0.07250001 0.07250001 0.1055 0.1055 0.0665 0.0665 0.24 0.24 0.24 0.225 0.225 0.239 0.239 0.2225 0.2225 0.2225 0.2295 0.2295 0.2345 0.2345 0.2095 0.2095 0.2095 0.2015 0.2015 0.2025 0.2025 0.2145 0.2145 0.2145 0.2255 0.2255 0.223 0.223 0.2045 0.2045 0.2045 0.226 0.226 0.221 0.221 0.2215 0.2215 0.2225 0.2225 0.2225 0.232 0.232 0.2095 0.2095 0.2095 0.2095 0.2095 0.2055 0.2055 0.211 0.211 0.2155 0.2155 0.2155 0.217 0.217 0.2295 0.2295 0.255
-1 -1 -1 -1 -1 -1 -1 -1 -1 -1 -1 -1 0.07250001 0.07250001 0.1055 0.1055 0.0665 0.0665 0.24 0.24 0.24 0.225 0.225 0.239 0.239 0.2225 0.2225 0.2225 0.2295 0.2295 0.2345 0.2345 0.2095 0.2095 0.2095 0.2015 0.2015 0.2025 0.2025 0.2145 0.2145 0.2145 0.2255 0.2255 0.223 0.223 0.2045 0.2045 0.2045 0.226 0.226 0.221 0.221 0.2215 0.2215 0.2225 0.2225 0.2225 0.232 0.232 0.2095 0.2095 0.2095 0.2095 0.2095 0.2055 0.2055 0.211 0.211 0.2155 0.2155 0.2155 0.217 0.217 0.2295 0.2295 0.255
-1 -1 -1 -1 -1 -1 -1 -1 -1 0.0915 0.0915 0.0915 0.0817 0.0817 0.1224 0.1224 0.1077 0.1077 0.0205 0.0205 0.0205 0.2215 0.2215 0.215 0.215 0.221 0.221 0.221 0.214 0.214 0.2045 0.2045 0.223 0.223 0.223 0.207 0.207 0.187 0.187 0.203 0.203 0.203 0.2185 0.2185 0.1995 0.1995 0.232 0.232 0.232 0.214 0.214 0.2245 0.2245 0.232 0.232 0.2145 0.2145 0.2145 0.207 0.207 0.2165 0.2165 0.2165 0.2165 0.2165 0.2 0.2 0.2025 0.2025 0.211 0.211 0.211 0.2095 0.2095 0.236 0.236 0.2325
-1 -1 -1 -1 -1 -1 -1 -1 -1 0.0915 0.0915 0.0915 0.0817 0.0817 0.1224 0.1224 0.1077 0.1077 0.0205 0.0205 0.0205 0.2215 0.2215 0.215 0.215 0.221 0.221 0.221 0.214 0.214 0.2045 0.2045 0.223 0.223 0.223 0.207 0.207 0.187 0.187 0.203 0.203 0.203 0.2185 0.2185 0.1995 0.1995 0.232 0.232 0.232 0.214 0.214 0.2245 0.2245 0.232 0.232 0.2145 0.2145 0.2145 0.207 0.207 0.2165 0.2165 0.2165 0.2165 0.2165 0.2 0.2 0.2025 0.2025 0.211 0.211 0.211 0.2095 0.2095 0.236 0.236 0.2325
-1 -1 -1 -1 -1 -1 -1 -1 -1 0.0915 0.0915 0.0915 0.0817 0.0817 0.1224 0.1224 0.1077 0.1077 0.0205 0.0205 0.0205 0.2215 0.2215 0.215 0.215 0.221 0.221 0.221 0.214 0.214 0.2045 0.2045 0.223 0.223 0.223 0.207 0.207 0.187 0.187 0.203 0.203 0.203 0.2185 0.2185 0.1995 0.1995 0.232 0.232 0.232 0.214 0.214 0.2245 0.2245 0.232 0.232 0.2145 0.2145 0.2145 0.207 0.207 0.2165 0.2165 0.2165 0.2165 0.2165 0.2 0.2 0.2025 0.2025 0.211 0.211 0.211 0.2095 0.2095 0.236 0.236 0.2325
-1 -1 -1 -1 -1 -1 -1 -1 -1 -1 -1 -1 0.0929 0.0929 0.1019 0.1019 0.1684 0.1684 0.0905 0.0905 0.0905 0.156 0.156 0.203 0.203 0.2355 0.2355 0.2355 0.217 0.217 0.221 0.221 0.2275 0.2275 0.2275 0.1985 0.1985 0.1945 0.1945 0.199 0.199 0.199 0.208 0.208 0.2125 0.2125 0.2005 0.2005 0.2005 0.2055 0.2055 0.212 0.212 0.2135 0.2135 0.221 0.221 0.221 0.2095 0.2095 0.1865 0.1865 0.1865 0.1865 0.1865 0.193 0.193 0.178 0.178 0.2155 0.2155 0.2155 0.2495 0.2495 0.2575 0.2575 0.2125
-1 -1 -1 -1 -1 -1 -1 -1 -1 -1 -1 -1 0.0929 0.0929 0.1019 0.1019 0.1684 0.1684 0.0905 0.0905 0.0905 0.156 0.156 0.203 0.203 0.2355 0.2355 0.2355 0.217 0.217 0.221 0.221 0.2275 0.2275 0.2275 0.1985 0.1985 0.1945 0.1945 0.199 0.199 0.199 0.208 0.208 0.2125 0.2125 0.2005 0.2005 0.2005 0.2055 0.2055 0.212 0.212 0.2135 0.2135 0.221 0.221 0.221 0.2095 0.2095 0.1865 0.1865 0.1865 0.1865 0.1865 0.193 0.193 0.178 0.178 0.2155 0.2155 0.2155 0.2495 0.2495 0.2575 0.2575 0.2125
-1 -1 -1 -1 -1 -1 -1 -1 -1 -1 -1 -1 -1 -1 -1 -1 -1 -1 0.0889 0.0889 0.0889 0.1395 0.1395 0.192 0.192 0.183 0.183 0.183 0.192 0.192 0.19 0.19 0.2075 0.2075 0.2075 0.199 0.199 0.221 0.221 0.218 0.218 0.218 0.2115 0.2115 0.2055 0.2055 0.197 0.197 0.197 0.209 0.209 0.2165 0.2165 0.219 0.219 0.213 0.213 0.213 0.1915 0.1915 0.2 0.2 0.2 0.2 0.2 0.176 0.176 0.1915 0.1915 0.241 0.241 0.241 0.2505 0.2505 0.25 0.25 0.207
-1 -1 -1 -1 -1 -1 -1 -1 -1 -1 -1 -1 -1 -1 -1 -1 -1 -1 0.0889 0.0889 0.0889 0.1395 0.1395 0.192 0.192 0.183 0.183 0.183 0.192 0.192 0.19 0.19 0.2075 0.2075 0.2075 0.199 0.199 0.221 0.221 0.218 0.218 0.218 0.2115 0.2115 0.2055 0.2055 0.197 0.197 0.197 0.209 0.209 0.2165 0.2165 0.219 0.219 0.213 0.213 0.213 0.1915 0.1915 0.2 0.2 0.2 0.2 0.2 0.176 0.176 0.1915 0.1915 0.241 0.241 0.241 0.2505 0.2505 0.25 0.25 0.207
-1 -1 -1 -1 -1 -1 -1 -1 -1 -1 -1 -1 -1 -1 -1 -1 -1 -1 -1 -1 -1 0.1287 0.1287 0.083 0.083 0.192 0.192 0.192 0.211 0.211 0.2195 0.2195 0.214 0.214 0.214 0.218 0.218 0.208 0.208 0.19 0.19 0.19 0.2135 0.2135 0.2195 0.2195 0.224 0.224 0.224 0.1865 0.1865 0.195 0.195 0.204 0.204 0.1885 0.1885 0.1885 0.1845 0.1845 0.2085 0.2085 0.2085 0.2085 0.2085 0.1865 0.1865 0.1885 0.1885 0.223 0.223 0.223 0.223 0.223 0.233 0.233 0.214
-1 -1 -1 -1 -1 -1 -1 -1 -1 -1 -1 -1 -1 -1 -1 -1 -1 -1 -1 -1 -1 0.1287 0.1287 0.083 0.083 0.192 0.192 0.192 0.211 0.211 0.2195 0.2195 0.214 0.214 0.214 0.218 0.218 0.208 0.208 0.19 0.19 0.19 0.2135 0.2135 0.2195 0.2195 0.224 0.224 0.224 0.1865 0.1865 0.195 0.195 0.204 0.204 0.1885 0.1885 0.1885 0.1845 0.1845 0.2085 0.2085 0.2085 0.2085 0.2085 0.1865 0.1865 0.1885 0.1885 0.223 0.223 0.223 0.223 0.223 0.233 0.233 0.214
-1 -1 -1 -1 -1 -1 -1 -1 -1 -1 -1 -1 -1 -1 -1 -1 -1 -1 -1 -1 -1 0.1609 0.1609 0.1665 0.1665 0.1365 0.1365 0.1365 0.2065 0.2065 0.2465 0.2465 0.248 0.248 0.248 0.222 0.222 0.2225 0.2225 0.165 0.165 0.165 0.1925 0.1925 0.2065 0.2065 0.233 0.233 0.233 0.221 0.221 0.2005 0.2005 0.2065 0.2065 0.2065 0.2065 0.2065 0.191 0.191 0.1895 0.1895 0.1895 0.1895 0.1895 0.179 0.179 0.199 0.199 0.2205 0.2205 0.2205 0.2025 0.2025 0.2085 0.2085 0.2085
-1 -1 -1 -1 -1 -1 -1 -1 -1 -1 -1 -1 -1 -1 -1 -1 -1 -1 -1 -1 -1 0.1609 0.1609 0.1665 0.1665 0.1365 0.1365 0.1365 0.2065 0.2065 0.2465 0.2465 0.248 0.248 0.248 0.222 0.222 0.2225 0.2225 0.165 0.165 0.165 0.1925 0.1925 0.2065 0.2065 0.233 0.233 0.233 0.221 0.221 0.2005 0.2005 0.2065 0.2065 0.2065 0.2065 0.2065 0.191 0.191 0.1895 0.1895 0.1895 0.1895 0.1895 0.179 0.179 0.199 0.199 0.2205 0.2205 0.2205 0.2025 0.2025 0.2085 0.2085 0.2085
-1 -1 -1 -1 -1 -1 -1 -1 -1 -1 -1 -1 -1 -1 -1 -1 -1 -1 -1 -1 -1 0.1609 0.1609 0.1665 0.1665 0.1365 0.1365 0.1365 0.2065 0.2065 0.2465 0.2465 0.248 0.248 0.248 0.222 0.222 0.2225 0.2225 0.165 0.165 0.165 0.1925 0.1925 0.2065 0.2065 0.233 0.233 0.233 0.221 0.221 0.2005 0.2005 0.2065 0.2065 0.2065 0.2065 0.2065 0.191 0.191 0.1895 0.1895 0.1895 0.1895 0.1895 0.179 0.179 0.199 0.199 0.2205 0.2205 0.2205 0.2025 0.2025 0.2085 0.2085 0.2085
-1 -1 -1 -1 -1 -1 -1 -1 -1 -1 -1 -1 -1 -1 -1 -1 -1 -1 -1 -1 -1 -1 -1 0.1704 0.1704 0.0275 0.0275 0.0275 0.1925 0.1925 0.2635 0.2635 0.2265 0.2265 0.2265 0.208 0.208 0.0255 0.0255 0.1195 0.1195 0.1195 0.1715 0.1715 0.1865 0.1865 0.1865 0.1865 0.1865 0.1985 0.1985 0.2055 0.2055 0.224 0.224 0.219 0.219 0.219 0.19 0.19 0.1825 0.1825 0.1825 0.1825 0.1825 0.1815 0.1815 0.1945 0.1945 0.2055 0.2055 0.2055 0.2155 0.2155 0.212 0.212 0.218
-1 -1 -1 -1 -1 -1 -1 -1 -1 -1 -1 -1 -1 -1 -1 -1 -1 -1 -1 -1 -1 -1 -1 0.1704 0.1704 0.0275 0.0275 0.0275 0.1925 0.1925 0.2635 0.2635 0.2265 0.2265 0.2265 0.208 0.208 0.0255 0.0255 0.1195 0.1195 0.1195 0.1715 0.1715 0.1865 0.1865 0.1865 0.1865 0.1865 0.1985 0.1985 0.2055 0.2055 0.224 0.224 0.219 0.219 0.219 0.19 0.19 0.1825 0.1825 0.1825 0.1825 0.1825 0.1815 0.1815 0.1945 0.1945 0.2055 0.2055 0.2055 0.2155 0.2155 0.212 0.212 0.218
-1 -1 -1 -1 -1 -1 -1 -1 -1 -1 -1 -1 -1 -1 -1 -1 -1 -1 -1 -1 -1 -1 -1 -1 -1 0.062 0.062 0.062 0.0995 0.0995 0.169 0.169 0.181 0.181 0.181 0.1605 0.1605 0.096 0.096 0.067 0.067 0.067 0.219 0.219 0.1895 0.1895 0.231 0.231 0.231 0.208 0.208 0.206 0.206 0.1935 0.1935 0.2015 0.2015 0.2015 0.2025 0.2025 0.1935 0.1935 0.1935 0.1935 0.1935 0.1975 0.1975 0.214 0.214 0.217 0.217 0.217 0.2335 0.2335 0.22 0.22 0.206
-1 -1 -1 -1 -1 -1 -1 -1 -1 -1 -1 -1 -1 -1 -1 -1 -1 -1 -1 -1 -1 -1 -1 -1 -1 0.062 0.062 0.062 0.0995 0.0995 0.169 0.169 0.181 0.181 0.181 0.1605 0.1605 0.096 0.096 0.067 0.067 0.067 0.219 0.219 0.1895 0.1895 0.231 0.231 0.231 0.208 0.208 0.206 0.206 0.1935 0.1935 0.2015 0.2015 0.2015 0.2025 0.2025 0.1935 0.1935 0.1935 0.1935 0.1935 0.1975 0.1975 0.214 0.214 0.217 0.217 0.217 0.2335 0.2335 0.22 0.22 0.206
-1 -1 -1 -1 -1 -1 -1 -1 -1 -1 -1 -1 -1 -1 -1 -1 -1 -1 -1 -1 -1 -1 -1 -1 -1 0.0874 0.0874 0.0874 0.0725 0.0725 0.1705 0.1705 0.1515 0.1515 0.1515 0.1755 0.1755 0.109 0.109 0.1885 0.1885 0.1885 0.1555 0.1555 0.2495 0.2495 0.261 0.261 0.261 0.2065 0.2065 0.215 0.215 0.1915 0.1915 0.2105 0.2105 0.2105 0.2265 0.2265 0.2245 0.2245 0.2245 0.2245 0.2245 0.211 0.211 0.182 0.182 0.171 0.171 0.171 0.207 0.207 0.228 0.228 0.2265
-1 -1 -1 -1 -1 -1 -1 -1 -1 -1 -1 -1 -1 -1 -1 -1 -1 -1 -1 -1 -1 -1 -1 -1 -1 0.0874 0.0874 0.0874 0.0725 0.0725 0.1705 0.1705 0.1515 0.1515 0.1515 0.1755 0.1755 0.109 0.109 0.1885 0.1885 0.1885 0.1555 0.1555 0.2495 0.2495 0.261 0.261 0.261 0.2065 0.2065 0.215 0.215 0.1915 0.1915 0.2105 0.2105 0.2105 0.2265 0.2265 0.2245 0.2245 0.2245 0.2245 0.2245 0.211 0.211 0.182 0.182 0.171 0.171 0.171 0.207 0.207 0.228 0.228 0.2265
-1 -1 -1 -1 -1 -1 -1 -1 -1 -1 -1 -1 -1 -1 -1 -1 -1 -1 -1 -1 -1 -1 -1 -1 -1 0.0874 0.0874 0.0874 0.0725 0.0725 0.1705 0.1705 0.1515 0.1515 0.1515 0.1755 0.1755 0.109 0.109 0.1885 0.1885 0.1885 0.1555 0.1555 0.2495 0.2495 0.261 0.261 0.261 0.2065 0.2065 0.215 0.215 0.1915 0.1915 0.2105 0.2105 0.2105 0.2265 0.2265 0.2245 0.2245 0.2245 0.2245 0.2245 0.211 0.211 0.182 0.182 0.171 0.171 0.171 0.207 0.207 0.228 0.228 0.2265
-1 -1 -1 -1 -1 -1 -1 -1 -1 -1 -1 -1 -1 -1 -1 -1 -1 -1 -1 -1 -1 -1 -1 -1 -1 -1 -1 -1 0.0645 0.0645 0.1885 0.1885 0.2575 0.2575 0.2575 0.2965 0.2965 0.2845 0.2845 0.257 0.257 0.257 0.221 0.221 0.2515 0.2515 0.216 0.216 0.216 0.2185 0.2185 0.194 0.194 0.206 0.206 0.2085 0.2085 0.2085 0.2045 0.2045 0.2325 0.2325 0.2325 0.2325 0.2325 0.2115 0.2115 0.2105 0.2105 0.2105 0.2105 0.2105 0.1885 0.1885 0.196 0.196 0.2305
-1 -1 -1 -1 -1 -1 -1 -1 -1 -1 -1 -1 -1 -1 -1 -1 -1 -1 -1 -1 -1 -1 -1 -1 -1 -1 -1 -1 0.0645 0.0645 0.1885 0.1885 0.2575 0.2575 0.2575 0.2965 0.2965 0.2845 0.2845 0.257 0.257 0.257 0.221 0.221 0.2515 0.2515 0.216 0.216 0.216 0.2185 0.2185 0.194 0.194 0.206 0.206 0.2085 0.2085 0.2085 0.2045 0.2045 0.2325 0.2325 0.2325 0.2325 0.2325 0.2115 0.2115 0.2105 0.2105 0.2105 0.2105 0.2105 0.1885 0.1885 0.196 0.196 0.2305
-1 -1 -1 -1 -1 -1 -1 -1 -1 -1 -1 -1 -1 -1 -1 -1 -1 -1 -1 -1 -1 -1 -1 -1 -1 -1 -1 -1 0.0055 0.0055 0.2795 0.2795 0.3675 0.3675 0.3675 0.3835 0.3835 0.332 0.332 0.303 0.303 0.303 0.2455 0.2455 0.198 0.198 0.202 0.202 0.202 0.185 0.185 0.1865 0.1865 0.218 0.218 0.216 0.216 0.216 0.2085 0.2085 0.218 0.218 0.218 0.218 0.218 0.1725 0.1725 0.179 0.179 0.175 0.175 0.175 0.2215 0.2215 0.1975 0.1975 0.182
-1 -1 -1 -1 -1 -1 -1 -1 -1 -1 -1 -1 -1 -1 -1 -1 -1 -1 -1 -1 -1 -1 -1 -1 -1 -1 -1 -1 0.0055 0.0055 0.2795 0.2795 0.3675 0.3675 0.3675 0.3835 0.3835 0.332 0.332 0.303 0.303 0.303 0.2455 0.2455 0.198 0.198 0.202 0.202 0.202 0.185 0.185 0.1865 0.1865 0.218 0.218 0.216 0.216 0.216 0.2085 0.2085 0.218 0.218 0.218 0.218 0.218 0.1725 0.1725 0.179 0.179 0.175 0.175 0.175 0.2215 0.2215 0.1975 0.1975 0.182
